,TIME,SRC,PACKET_SIZE,CUMULATIVE_PACKET_SIZE,PAGE_NUMBER,TOTAL_PACKET_SIZE
0,0.0,74.125.130.0-255,288,288,19,276944
1,2.5e-05,172.31.36.0-255,66,354,19,276944
2,3.2e-05,74.125.130.0-255,1484,1838,19,276944
3,3.6e-05,172.31.36.0-255,66,1904,19,276944
4,4.2e-05,74.125.130.0-255,4320,6224,19,276944
5,5.7e-05,172.31.36.0-255,66,6290,19,276944
6,6.5e-05,74.125.130.0-255,7156,13446,19,276944
7,6.8e-05,172.31.36.0-255,66,13512,19,276944
8,0.000105,74.125.130.0-255,7541,21053,19,276944
9,0.000109,172.31.36.0-255,66,21119,19,276944
10,0.000116,74.125.130.0-255,7156,28275,19,276944
11,0.00012,172.31.36.0-255,66,28341,19,276944
12,0.00014,74.125.130.0-255,1484,29825,19,276944
13,0.000142,172.31.36.0-255,66,29891,19,276944
14,0.000167,74.125.130.0-255,1125,31016,19,276944
15,0.00017,172.31.36.0-255,66,31082,19,276944
16,0.000245,74.125.130.0-255,1484,32566,19,276944
17,0.000249,172.31.36.0-255,66,32632,19,276944
18,0.000255,74.125.130.0-255,2902,35534,19,276944
19,0.000259,172.31.36.0-255,66,35600,19,276944
20,0.000285,74.125.130.0-255,5738,41338,19,276944
21,0.000288,172.31.36.0-255,66,41404,19,276944
22,0.000321,74.125.130.0-255,6797,48201,19,276944
23,0.000325,172.31.36.0-255,66,48267,19,276944
24,0.000333,74.125.130.0-255,7156,55423,19,276944
25,0.000335,172.31.36.0-255,66,55489,19,276944
26,0.000357,74.125.130.0-255,2902,58391,19,276944
27,0.00036,172.31.36.0-255,66,58457,19,276944
28,0.000389,74.125.130.0-255,7048,65505,19,276944
29,0.000392,172.31.36.0-255,66,65571,19,276944
30,0.000396,74.125.130.0-255,115,65686,19,276944
31,0.000398,172.31.36.0-255,66,65752,19,276944
32,0.000495,74.125.130.0-255,1484,67236,19,276944
33,0.000508,74.125.130.0-255,2902,70138,19,276944
34,0.000512,172.31.36.0-255,66,70204,19,276944
35,0.000542,74.125.130.0-255,5738,75942,19,276944
36,0.000545,172.31.36.0-255,66,76008,19,276944
37,0.000548,74.125.130.0-255,1484,77492,19,276944
38,0.000574,74.125.130.0-255,4320,81812,19,276944
39,0.000578,172.31.36.0-255,66,81878,19,276944
40,0.000595,74.125.130.0-255,1125,83003,19,276944
41,0.000619,74.125.130.0-255,1484,84487,19,276944
42,0.000622,172.31.36.0-255,66,84553,19,276944
43,0.000626,74.125.130.0-255,1484,86037,19,276944
44,0.000648,74.125.130.0-255,2902,88939,19,276944
45,0.000651,172.31.36.0-255,66,89005,19,276944
46,0.000658,74.125.130.0-255,5738,94743,19,276944
47,0.000661,172.31.36.0-255,66,94809,19,276944
48,0.000689,74.125.130.0-255,1484,96293,19,276944
49,0.000711,74.125.130.0-255,3961,100254,19,276944
50,0.000715,172.31.36.0-255,66,100320,19,276944
51,0.000895,74.125.130.0-255,1484,101804,19,276944
52,0.00091,74.125.130.0-255,2902,104706,19,276944
53,0.000913,172.31.36.0-255,66,104772,19,276944
54,0.000919,74.125.130.0-255,2902,107674,19,276944
55,0.000921,172.31.36.0-255,66,107740,19,276944
56,0.00095,74.125.130.0-255,2902,110642,19,276944
57,0.000953,172.31.36.0-255,66,110708,19,276944
58,0.000959,74.125.130.0-255,2902,113610,19,276944
59,0.000961,172.31.36.0-255,66,113676,19,276944
60,0.000992,74.125.130.0-255,9992,123668,19,276944
61,0.000995,172.31.36.0-255,66,123734,19,276944
62,0.001027,172.31.36.0-255,66,123800,19,276944
63,0.001033,74.125.130.0-255,4320,128120,19,276944
64,0.001035,172.31.36.0-255,66,128186,19,276944
65,0.001074,74.125.130.0-255,8574,136760,19,276944
66,0.001078,172.31.36.0-255,66,136826,19,276944
67,0.001087,74.125.130.0-255,8574,145400,19,276944
68,0.001089,172.31.36.0-255,66,145466,19,276944
69,0.001099,74.125.130.0-255,9992,155458,19,276944
70,0.001102,172.31.36.0-255,66,155524,19,276944
71,0.001105,74.125.130.0-255,766,156290,19,276944
72,0.001436,74.125.130.0-255,1484,157774,19,276944
73,0.001441,172.31.36.0-255,66,157840,19,276944
74,0.001446,74.125.130.0-255,2902,160742,19,276944
75,0.001448,172.31.36.0-255,66,160808,19,276944
76,0.001451,74.125.130.0-255,1484,162292,19,276944
77,0.001483,74.125.130.0-255,4320,166612,19,276944
78,0.001489,172.31.36.0-255,66,166678,19,276944
79,0.001497,74.125.130.0-255,1484,168162,19,276944
80,0.001516,74.125.130.0-255,2902,171064,19,276944
81,0.001519,172.31.36.0-255,66,171130,19,276944
82,0.001525,74.125.130.0-255,4320,175450,19,276944
83,0.001527,172.31.36.0-255,66,175516,19,276944
84,0.001554,74.125.130.0-255,2902,178418,19,276944
85,0.001557,172.31.36.0-255,66,178484,19,276944
86,0.001581,74.125.130.0-255,5738,184222,19,276944
87,0.001584,172.31.36.0-255,66,184288,19,276944
88,0.001588,74.125.130.0-255,2902,187190,19,276944
89,0.00159,172.31.36.0-255,66,187256,19,276944
90,0.00162,74.125.130.0-255,3602,190858,19,276944
91,0.001623,172.31.36.0-255,66,190924,19,276944
92,0.001672,74.125.130.0-255,4320,195244,19,276944
93,0.001676,172.31.36.0-255,66,195310,19,276944
94,0.001698,74.125.130.0-255,5738,201048,19,276944
95,0.001701,172.31.36.0-255,66,201114,19,276944
96,0.001729,74.125.130.0-255,4320,205434,19,276944
97,0.001732,172.31.36.0-255,66,205500,19,276944
98,0.001778,74.125.130.0-255,1484,206984,19,276944
99,0.001801,74.125.130.0-255,4320,211304,19,276944
100,0.001806,172.31.36.0-255,66,211370,19,276944
101,0.001809,74.125.130.0-255,8574,219944,19,276944
102,0.001811,172.31.36.0-255,66,220010,19,276944
103,0.001836,74.125.130.0-255,5020,225030,19,276944
104,0.001839,172.31.36.0-255,66,225096,19,276944
105,0.001974,74.125.130.0-255,1484,226580,19,276944
106,0.001999,74.125.130.0-255,2902,229482,19,276944
107,0.002004,172.31.36.0-255,66,229548,19,276944
108,0.002023,74.125.130.0-255,4320,233868,19,276944
109,0.002026,172.31.36.0-255,66,233934,19,276944
110,0.002034,74.125.130.0-255,5738,239672,19,276944
111,0.002036,172.31.36.0-255,66,239738,19,276944
112,0.002074,74.125.130.0-255,5738,245476,19,276944
113,0.002077,172.31.36.0-255,66,245542,19,276944
114,0.002112,74.125.130.0-255,5738,251280,19,276944
115,0.002116,172.31.36.0-255,66,251346,19,276944
116,0.002121,74.125.130.0-255,4320,255666,19,276944
117,0.002123,172.31.36.0-255,66,255732,19,276944
118,0.002126,74.125.130.0-255,1484,257216,19,276944
119,0.002152,74.125.130.0-255,2184,259400,19,276944
120,0.002155,172.31.36.0-255,66,259466,19,276944
121,0.004229,74.125.130.0-255,1484,260950,19,276944
122,0.004248,74.125.130.0-255,4320,265270,19,276944
123,0.004254,172.31.36.0-255,66,265336,19,276944
124,0.006369,74.125.130.0-255,5738,271074,19,276944
125,0.006378,172.31.36.0-255,66,271140,19,276944
126,0.008505,74.125.130.0-255,5738,276878,19,276944
127,0.008515,172.31.36.0-255,66,276944,19,276944
128,0.0,74.125.24.0-255,153,153,19,203118
129,3.7e-05,172.31.36.0-255,66,219,19,203118
130,4.4e-05,74.125.24.0-255,1484,1703,19,203118
131,4.9e-05,172.31.36.0-255,66,1769,19,203118
132,5.4e-05,74.125.24.0-255,2902,4671,19,203118
133,5.7e-05,172.31.36.0-255,66,4737,19,203118
134,6.5e-05,74.125.24.0-255,7156,11893,19,203118
135,6.8e-05,172.31.36.0-255,66,11959,19,203118
136,7.3e-05,74.125.24.0-255,4320,16279,19,203118
137,7.5e-05,172.31.36.0-255,66,16345,19,203118
138,9.8e-05,74.125.24.0-255,10567,26912,19,203118
139,0.000101,172.31.36.0-255,66,26978,19,203118
140,0.000104,74.125.24.0-255,1484,28462,19,203118
141,0.000106,172.31.36.0-255,66,28528,19,203118
142,0.000129,74.125.24.0-255,2543,31071,19,203118
143,0.000133,172.31.36.0-255,66,31137,19,203118
144,0.000165,74.125.24.0-255,2902,34039,19,203118
145,0.000168,172.31.36.0-255,66,34105,19,203118
146,0.000191,74.125.24.0-255,4320,38425,19,203118
147,0.000194,172.31.36.0-255,66,38491,19,203118
148,0.0002,74.125.24.0-255,4320,42811,19,203118
149,0.000203,172.31.36.0-255,66,42877,19,203118
150,0.000219,74.125.24.0-255,4320,47197,19,203118
151,0.000221,172.31.36.0-255,66,47263,19,203118
152,0.000224,74.125.24.0-255,1484,48747,19,203118
153,0.000227,172.31.36.0-255,66,48813,19,203118
154,0.000265,172.31.36.0-255,66,48879,19,203118
155,0.000271,74.125.24.0-255,3934,52813,19,203118
156,0.000273,172.31.36.0-255,66,52879,19,203118
157,0.000288,74.125.24.0-255,111,52990,19,203118
158,0.000291,172.31.36.0-255,66,53056,19,203118
159,0.000825,74.125.24.0-255,1484,54540,19,203118
160,0.000833,74.125.24.0-255,2902,57442,19,203118
161,0.000837,172.31.36.0-255,66,57508,19,203118
162,0.000841,74.125.24.0-255,1484,58992,19,203118
163,0.000862,74.125.24.0-255,4320,63312,19,203118
164,0.000865,172.31.36.0-255,66,63378,19,203118
165,0.000899,172.31.36.0-255,66,63444,19,203118
166,0.000906,74.125.24.0-255,5738,69182,19,203118
167,0.000908,172.31.36.0-255,66,69248,19,203118
168,0.000922,74.125.24.0-255,2902,72150,19,203118
169,0.000925,172.31.36.0-255,66,72216,19,203118
170,0.000953,74.125.24.0-255,2184,74400,19,203118
171,0.000956,172.31.36.0-255,66,74466,19,203118
172,0.001633,74.125.24.0-255,332,74798,19,203118
173,0.001661,74.125.24.0-255,1484,76282,19,203118
174,0.001666,172.31.36.0-255,66,76348,19,203118
175,0.001671,74.125.24.0-255,1484,77832,19,203118
176,0.001689,74.125.24.0-255,2902,80734,19,203118
177,0.001692,172.31.36.0-255,66,80800,19,203118
178,0.001702,74.125.24.0-255,8574,89374,19,203118
179,0.001704,172.31.36.0-255,66,89440,19,203118
180,0.001737,172.31.36.0-255,66,89506,19,203118
181,0.001744,74.125.24.0-255,5020,94526,19,203118
182,0.001746,172.31.36.0-255,66,94592,19,203118
183,0.001846,74.125.24.0-255,1484,96076,19,203118
184,0.001856,74.125.24.0-255,2902,98978,19,203118
185,0.001858,172.31.36.0-255,66,99044,19,203118
186,0.001861,74.125.24.0-255,1484,100528,19,203118
187,0.001881,74.125.24.0-255,4320,104848,19,203118
188,0.001883,172.31.36.0-255,66,104914,19,203118
189,0.001889,74.125.24.0-255,5738,110652,19,203118
190,0.001891,172.31.36.0-255,66,110718,19,203118
191,0.00191,74.125.24.0-255,7156,117874,19,203118
192,0.001912,172.31.36.0-255,66,117940,19,203118
193,0.001951,74.125.24.0-255,7156,125096,19,203118
194,0.001954,172.31.36.0-255,66,125162,19,203118
195,0.001975,74.125.24.0-255,2902,128064,19,203118
196,0.001978,172.31.36.0-255,66,128130,19,203118
197,0.00198,74.125.24.0-255,766,128896,19,203118
198,0.001991,74.125.24.0-255,1484,130380,19,203118
199,0.001992,172.31.36.0-255,66,130446,19,203118
200,0.001995,74.125.24.0-255,1484,131930,19,203118
201,0.002007,74.125.24.0-255,1484,133414,19,203118
202,0.002008,172.31.36.0-255,66,133480,19,203118
203,0.002013,74.125.24.0-255,2902,136382,19,203118
204,0.002016,172.31.36.0-255,66,136448,19,203118
205,0.002037,74.125.24.0-255,2902,139350,19,203118
206,0.00204,172.31.36.0-255,66,139416,19,203118
207,0.002045,74.125.24.0-255,5738,145154,19,203118
208,0.002047,172.31.36.0-255,66,145220,19,203118
209,0.002065,74.125.24.0-255,7156,152376,19,203118
210,0.002068,172.31.36.0-255,66,152442,19,203118
211,0.002075,74.125.24.0-255,8574,161016,19,203118
212,0.002078,172.31.36.0-255,66,161082,19,203118
213,0.002099,74.125.24.0-255,2184,163266,19,203118
214,0.002101,172.31.36.0-255,66,163332,19,203118
215,0.002105,74.125.24.0-255,2902,166234,19,203118
216,0.002107,172.31.36.0-255,66,166300,19,203118
217,0.002127,74.125.24.0-255,8574,174874,19,203118
218,0.00213,172.31.36.0-255,66,174940,19,203118
219,0.002165,172.31.36.0-255,66,175006,19,203118
220,0.002173,74.125.24.0-255,7856,182862,19,203118
221,0.002176,172.31.36.0-255,66,182928,19,203118
222,0.002208,172.31.36.0-255,66,182994,19,203118
223,0.002258,172.31.36.0-255,66,183060,19,203118
224,0.002277,172.31.36.0-255,66,183126,19,203118
225,0.002307,74.125.24.0-255,2184,185310,19,203118
226,0.002309,172.31.36.0-255,66,185376,19,203118
227,0.00233,172.31.36.0-255,66,185442,19,203118
228,0.002345,172.31.36.0-255,66,185508,19,203118
229,0.002395,172.31.36.0-255,66,185574,19,203118
230,0.002428,172.31.36.0-255,66,185640,19,203118
231,0.00244,172.31.36.0-255,66,185706,19,203118
232,0.004776,74.125.24.0-255,5738,191444,19,203118
233,0.00478,172.31.36.0-255,66,191510,19,203118
234,0.007151,74.125.24.0-255,5738,197248,19,203118
235,0.007158,172.31.36.0-255,66,197314,19,203118
236,0.009476,74.125.24.0-255,5738,203052,19,203118
237,0.009483,172.31.36.0-255,66,203118,19,203118
238,0.0,74.125.68.0-255,152,152,19,376493
239,1.7e-05,172.31.36.0-255,66,218,19,376493
240,2.5e-05,74.125.68.0-255,1484,1702,19,376493
241,3e-05,172.31.36.0-255,66,1768,19,376493
242,5e-05,74.125.68.0-255,2902,4670,19,376493
243,5.3e-05,172.31.36.0-255,66,4736,19,376493
244,6.1e-05,74.125.68.0-255,5738,10474,19,376493
245,6.4e-05,172.31.36.0-255,66,10540,19,376493
246,8.8e-05,74.125.68.0-255,3394,13934,19,376493
247,9e-05,172.31.36.0-255,66,14000,19,376493
248,9.6e-05,74.125.68.0-255,2902,16902,19,376493
249,9.8e-05,172.31.36.0-255,66,16968,19,376493
250,0.000118,74.125.68.0-255,1484,18452,19,376493
251,0.00012,172.31.36.0-255,66,18518,19,376493
252,0.000123,74.125.68.0-255,1484,20002,19,376493
253,0.000125,172.31.36.0-255,66,20068,19,376493
254,0.000145,74.125.68.0-255,5738,25806,19,376493
255,0.000148,172.31.36.0-255,66,25872,19,376493
256,0.00018,74.125.68.0-255,5379,31251,19,376493
257,0.000182,172.31.36.0-255,66,31317,19,376493
258,0.000303,74.125.68.0-255,1484,32801,19,376493
259,0.000307,172.31.36.0-255,66,32867,19,376493
260,0.000312,74.125.68.0-255,2902,35769,19,376493
261,0.000315,172.31.36.0-255,66,35835,19,376493
262,0.000336,74.125.68.0-255,1484,37319,19,376493
263,0.000339,172.31.36.0-255,66,37385,19,376493
264,0.000359,74.125.68.0-255,2902,40287,19,376493
265,0.000361,172.31.36.0-255,66,40353,19,376493
266,0.000367,74.125.68.0-255,5738,46091,19,376493
267,0.000369,172.31.36.0-255,66,46157,19,376493
268,0.000399,74.125.68.0-255,4320,50477,19,376493
269,0.000401,172.31.36.0-255,66,50543,19,376493
270,0.000433,74.125.68.0-255,1484,52027,19,376493
271,0.000454,74.125.68.0-255,4320,56347,19,376493
272,0.000458,172.31.36.0-255,66,56413,19,376493
273,0.00046,74.125.68.0-255,1484,57897,19,376493
274,0.000473,74.125.68.0-255,1484,59381,19,376493
275,0.000476,172.31.36.0-255,66,59447,19,376493
276,0.000489,74.125.68.0-255,1484,60931,19,376493
277,0.000508,74.125.68.0-255,2902,63833,19,376493
278,0.00051,172.31.36.0-255,66,63899,19,376493
279,0.000586,74.125.68.0-255,2184,66083,19,376493
280,0.00059,172.31.36.0-255,66,66149,19,376493
281,0.000607,74.125.68.0-255,358,66507,19,376493
282,0.000611,74.125.68.0-255,136,66643,19,376493
283,0.000784,74.125.68.0-255,1484,68127,19,376493
284,0.000787,172.31.36.0-255,66,68193,19,376493
285,0.000791,74.125.68.0-255,1484,69677,19,376493
286,0.000802,74.125.68.0-255,1484,71161,19,376493
287,0.000804,172.31.36.0-255,66,71227,19,376493
288,0.000841,74.125.68.0-255,4320,75547,19,376493
289,0.000844,172.31.36.0-255,66,75613,19,376493
290,0.00086,74.125.68.0-255,1484,77097,19,376493
291,0.000868,74.125.68.0-255,7156,84253,19,376493
292,0.00087,172.31.36.0-255,66,84319,19,376493
293,0.000892,74.125.68.0-255,7156,91475,19,376493
294,0.000894,172.31.36.0-255,66,91541,19,376493
295,0.000897,74.125.68.0-255,1484,93025,19,376493
296,0.000917,74.125.68.0-255,7156,100181,19,376493
297,0.00092,172.31.36.0-255,66,100247,19,376493
298,0.000923,74.125.68.0-255,766,101013,19,376493
299,0.001043,74.125.68.0-255,1484,102497,19,376493
300,0.001047,172.31.36.0-255,66,102563,19,376493
301,0.001066,74.125.68.0-255,2902,105465,19,376493
302,0.001068,172.31.36.0-255,66,105531,19,376493
303,0.001087,74.125.68.0-255,4320,109851,19,376493
304,0.00109,172.31.36.0-255,66,109917,19,376493
305,0.001093,74.125.68.0-255,1484,111401,19,376493
306,0.001116,74.125.68.0-255,4320,115721,19,376493
307,0.00112,172.31.36.0-255,66,115787,19,376493
308,0.001132,74.125.68.0-255,2902,118689,19,376493
309,0.001134,172.31.36.0-255,66,118755,19,376493
310,0.001158,74.125.68.0-255,4320,123075,19,376493
311,0.00116,172.31.36.0-255,66,123141,19,376493
312,0.001182,74.125.68.0-255,1484,124625,19,376493
313,0.0012,74.125.68.0-255,5738,130363,19,376493
314,0.001203,172.31.36.0-255,66,130429,19,376493
315,0.001223,74.125.68.0-255,5738,136167,19,376493
316,0.001228,172.31.36.0-255,66,136233,19,376493
317,0.001244,74.125.68.0-255,2184,138417,19,376493
318,0.001247,172.31.36.0-255,66,138483,19,376493
319,0.001252,74.125.68.0-255,2902,141385,19,376493
320,0.001254,172.31.36.0-255,66,141451,19,376493
321,0.001291,74.125.68.0-255,4320,145771,19,376493
322,0.001296,172.31.36.0-255,66,145837,19,376493
323,0.001318,74.125.68.0-255,2902,148739,19,376493
324,0.001322,172.31.36.0-255,66,148805,19,376493
325,0.00133,74.125.68.0-255,8574,157379,19,376493
326,0.001333,172.31.36.0-255,66,157445,19,376493
327,0.001338,74.125.68.0-255,4320,161765,19,376493
328,0.00134,172.31.36.0-255,66,161831,19,376493
329,0.001365,74.125.68.0-255,5738,167569,19,376493
330,0.001369,172.31.36.0-255,66,167635,19,376493
331,0.001391,74.125.68.0-255,2184,169819,19,376493
332,0.001395,172.31.36.0-255,66,169885,19,376493
333,0.001437,74.125.68.0-255,1484,171369,19,376493
334,0.001474,74.125.68.0-255,2902,174271,19,376493
335,0.001479,172.31.36.0-255,66,174337,19,376493
336,0.001483,74.125.68.0-255,2902,177239,19,376493
337,0.001485,172.31.36.0-255,66,177305,19,376493
338,0.001498,74.125.68.0-255,2902,180207,19,376493
339,0.0015,172.31.36.0-255,66,180273,19,376493
340,0.001521,74.125.68.0-255,1484,181757,19,376493
341,0.001528,74.125.68.0-255,7156,188913,19,376493
342,0.001531,172.31.36.0-255,66,188979,19,376493
343,0.001543,74.125.68.0-255,1484,190463,19,376493
344,0.001549,74.125.68.0-255,5738,196201,19,376493
345,0.001551,172.31.36.0-255,66,196267,19,376493
346,0.001568,74.125.68.0-255,1484,197751,19,376493
347,0.001593,74.125.68.0-255,5738,203489,19,376493
348,0.001597,172.31.36.0-255,66,203555,19,376493
349,0.001614,74.125.68.0-255,766,204321,19,376493
350,0.001639,74.125.68.0-255,2902,207223,19,376493
351,0.001641,172.31.36.0-255,66,207289,19,376493
352,0.001664,74.125.68.0-255,4320,211609,19,376493
353,0.001667,172.31.36.0-255,66,211675,19,376493
354,0.00167,74.125.68.0-255,1484,213159,19,376493
355,0.001699,74.125.68.0-255,7156,220315,19,376493
356,0.001702,172.31.36.0-255,66,220381,19,376493
357,0.001708,74.125.68.0-255,5738,226119,19,376493
358,0.00171,172.31.36.0-255,66,226185,19,376493
359,0.001733,74.125.68.0-255,7156,233341,19,376493
360,0.001736,172.31.36.0-255,66,233407,19,376493
361,0.001764,74.125.68.0-255,1484,234891,19,376493
362,0.001769,74.125.68.0-255,2902,237793,19,376493
363,0.001771,172.31.36.0-255,66,237859,19,376493
364,0.001802,74.125.68.0-255,3602,241461,19,376493
365,0.001805,172.31.36.0-255,66,241527,19,376493
366,0.001809,74.125.68.0-255,2902,244429,19,376493
367,0.001811,172.31.36.0-255,66,244495,19,376493
368,0.001825,74.125.68.0-255,1484,245979,19,376493
369,0.001877,74.125.68.0-255,9992,255971,19,376493
370,0.001881,172.31.36.0-255,66,256037,19,376493
371,0.001886,74.125.68.0-255,2902,258939,19,376493
372,0.001888,172.31.36.0-255,66,259005,19,376493
373,0.001909,74.125.68.0-255,8574,267579,19,376493
374,0.001912,172.31.36.0-255,66,267645,19,376493
375,0.001916,74.125.68.0-255,4320,271965,19,376493
376,0.001918,172.31.36.0-255,66,272031,19,376493
377,0.001939,74.125.68.0-255,766,272797,19,376493
378,0.001965,74.125.68.0-255,1484,274281,19,376493
379,0.001969,172.31.36.0-255,66,274347,19,376493
380,0.001973,74.125.68.0-255,1484,275831,19,376493
381,0.001992,74.125.68.0-255,2902,278733,19,376493
382,0.001996,172.31.36.0-255,66,278799,19,376493
383,0.002001,74.125.68.0-255,4320,283119,19,376493
384,0.002003,172.31.36.0-255,66,283185,19,376493
385,0.002007,74.125.68.0-255,1484,284669,19,376493
386,0.002028,74.125.68.0-255,4320,288989,19,376493
387,0.002032,172.31.36.0-255,66,289055,19,376493
388,0.002074,74.125.68.0-255,5738,294793,19,376493
389,0.002077,172.31.36.0-255,66,294859,19,376493
390,0.002101,74.125.68.0-255,5738,300597,19,376493
391,0.002105,74.125.68.0-255,4320,304917,19,376493
392,0.002108,74.125.68.0-255,2184,307101,19,376493
393,0.002113,172.31.36.0-255,66,307167,19,376493
394,0.002123,172.31.36.0-255,66,307233,19,376493
395,0.002125,172.31.36.0-255,66,307299,19,376493
396,0.002168,74.125.68.0-255,1484,308783,19,376493
397,0.002174,74.125.68.0-255,2902,311685,19,376493
398,0.002177,172.31.36.0-255,66,311751,19,376493
399,0.0022,74.125.68.0-255,5738,317489,19,376493
400,0.002204,172.31.36.0-255,66,317555,19,376493
401,0.002208,74.125.68.0-255,2902,320457,19,376493
402,0.00221,172.31.36.0-255,66,320523,19,376493
403,0.002216,74.125.68.0-255,4320,324843,19,376493
404,0.002218,172.31.36.0-255,66,324909,19,376493
405,0.002249,74.125.68.0-255,8574,333483,19,376493
406,0.002254,172.31.36.0-255,66,333549,19,376493
407,0.002261,74.125.68.0-255,5738,339287,19,376493
408,0.002263,172.31.36.0-255,66,339353,19,376493
409,0.002281,74.125.68.0-255,1484,340837,19,376493
410,0.002304,74.125.68.0-255,5020,345857,19,376493
411,0.002308,172.31.36.0-255,66,345923,19,376493
412,0.002314,74.125.68.0-255,5738,351661,19,376493
413,0.002317,172.31.36.0-255,66,351727,19,376493
414,0.002319,74.125.68.0-255,1484,353211,19,376493
415,0.002344,74.125.68.0-255,5738,358949,19,376493
416,0.002347,172.31.36.0-255,66,359015,19,376493
417,0.002349,74.125.68.0-255,1484,360499,19,376493
418,0.004654,74.125.68.0-255,4320,364819,19,376493
419,0.004662,172.31.36.0-255,66,364885,19,376493
420,0.006986,74.125.68.0-255,5738,370623,19,376493
421,0.006992,172.31.36.0-255,66,370689,19,376493
422,0.00934,74.125.68.0-255,5738,376427,19,376493
423,0.009346,172.31.36.0-255,66,376493,19,376493
424,0.0,172.217.194.0-255,153,153,19,181071
425,3.1e-05,172.31.36.0-255,66,219,19,181071
426,3.8e-05,172.217.194.0-255,1484,1703,19,181071
427,4.1e-05,172.31.36.0-255,66,1769,19,181071
428,4.7e-05,172.217.194.0-255,2902,4671,19,181071
429,5.8e-05,172.31.36.0-255,66,4737,19,181071
430,6.5e-05,172.217.194.0-255,5738,10475,19,181071
431,6.8e-05,172.31.36.0-255,66,10541,19,181071
432,7.2e-05,172.217.194.0-255,3446,13987,19,181071
433,7.6e-05,172.31.36.0-255,66,14053,19,181071
434,0.00011,172.217.194.0-255,1484,15537,19,181071
435,0.000113,172.31.36.0-255,66,15603,19,181071
436,0.000146,172.217.194.0-255,2902,18505,19,181071
437,0.00015,172.31.36.0-255,66,18571,19,181071
438,0.000157,172.217.194.0-255,5738,24309,19,181071
439,0.000159,172.31.36.0-255,66,24375,19,181071
440,0.00017,172.217.194.0-255,2902,27277,19,181071
441,0.000172,172.31.36.0-255,66,27343,19,181071
442,0.000186,172.217.194.0-255,2902,30245,19,181071
443,0.000192,172.31.36.0-255,66,30311,19,181071
444,0.000233,172.31.36.0-255,66,30377,19,181071
445,0.000239,172.217.194.0-255,3961,34338,19,181071
446,0.000243,172.31.36.0-255,66,34404,19,181071
447,0.000303,172.217.194.0-255,7156,41560,19,181071
448,0.000307,172.31.36.0-255,66,41626,19,181071
449,0.000341,172.217.194.0-255,9633,51259,19,181071
450,0.000346,172.31.36.0-255,66,51325,19,181071
451,0.00035,172.217.194.0-255,377,51702,19,181071
452,0.000352,172.31.36.0-255,66,51768,19,181071
453,0.000581,172.217.194.0-255,99,51867,19,181071
454,0.000586,172.31.36.0-255,66,51933,19,181071
455,0.000682,172.217.194.0-255,1484,53417,19,181071
456,0.000688,172.217.194.0-255,2902,56319,19,181071
457,0.000691,172.31.36.0-255,66,56385,19,181071
458,0.000697,172.217.194.0-255,5738,62123,19,181071
459,0.000699,172.31.36.0-255,66,62189,19,181071
460,0.000735,172.217.194.0-255,9992,72181,19,181071
461,0.000739,172.31.36.0-255,66,72247,19,181071
462,0.000757,172.217.194.0-255,3961,76208,19,181071
463,0.000766,172.31.36.0-255,66,76274,19,181071
464,0.000775,172.217.194.0-255,9633,85907,19,181071
465,0.000777,172.31.36.0-255,66,85973,19,181071
466,0.00078,172.217.194.0-255,364,86337,19,181071
467,0.0011,172.31.36.0-255,66,86403,19,181071
468,0.001256,172.217.194.0-255,1484,87887,19,181071
469,0.001266,172.217.194.0-255,2902,90789,19,181071
470,0.00127,172.31.36.0-255,66,90855,19,181071
471,0.001278,172.217.194.0-255,5738,96593,19,181071
472,0.00128,172.31.36.0-255,66,96659,19,181071
473,0.001293,172.217.194.0-255,4320,100979,19,181071
474,0.001296,172.31.36.0-255,66,101045,19,181071
475,0.001341,172.217.194.0-255,8574,109619,19,181071
476,0.001345,172.31.36.0-255,66,109685,19,181071
477,0.001353,172.217.194.0-255,7156,116841,19,181071
478,0.001356,172.31.36.0-255,66,116907,19,181071
479,0.001367,172.217.194.0-255,3602,120509,19,181071
480,0.00137,172.31.36.0-255,66,120575,19,181071
481,0.001424,172.217.194.0-255,1484,122059,19,181071
482,0.00143,172.217.194.0-255,2902,124961,19,181071
483,0.001433,172.31.36.0-255,66,125027,19,181071
484,0.001437,172.217.194.0-255,1484,126511,19,181071
485,0.001466,172.217.194.0-255,4320,130831,19,181071
486,0.001469,172.31.36.0-255,66,130897,19,181071
487,0.001489,172.31.36.0-255,66,130963,19,181071
488,0.001517,172.217.194.0-255,2902,133865,19,181071
489,0.001522,172.31.36.0-255,66,133931,19,181071
490,0.001544,172.217.194.0-255,7856,141787,19,181071
491,0.001547,172.31.36.0-255,66,141853,19,181071
492,0.002036,172.217.194.0-255,1484,143337,19,181071
493,0.002044,172.217.194.0-255,2902,146239,19,181071
494,0.002048,172.31.36.0-255,66,146305,19,181071
495,0.002056,172.217.194.0-255,5738,152043,19,181071
496,0.002058,172.31.36.0-255,66,152109,19,181071
497,0.002104,172.31.36.0-255,66,152175,19,181071
498,0.00211,172.217.194.0-255,5738,157913,19,181071
499,0.002112,172.31.36.0-255,66,157979,19,181071
500,0.002135,172.217.194.0-255,4320,162299,19,181071
501,0.002138,172.31.36.0-255,66,162365,19,181071
502,0.002141,172.217.194.0-255,766,163131,19,181071
503,0.002432,172.31.36.0-255,66,163197,19,181071
504,0.004253,172.217.194.0-255,2902,166099,19,181071
505,0.004258,172.31.36.0-255,66,166165,19,181071
506,0.004285,172.217.194.0-255,1484,167649,19,181071
507,0.004511,172.217.194.0-255,1484,169133,19,181071
508,0.004516,172.31.36.0-255,66,169199,19,181071
509,0.006338,172.217.194.0-255,2902,172101,19,181071
510,0.006345,172.31.36.0-255,66,172167,19,181071
511,0.006588,172.217.194.0-255,2902,175069,19,181071
512,0.006593,172.31.36.0-255,66,175135,19,181071
513,0.008417,172.217.194.0-255,2902,178037,19,181071
514,0.008428,172.31.36.0-255,66,178103,19,181071
515,0.008681,172.217.194.0-255,2902,181005,19,181071
516,0.008687,172.31.36.0-255,66,181071,19,181071
517,0.0,172.217.160.0-255,153,153,19,204426
518,1.5e-05,172.31.36.0-255,66,219,19,204426
519,2.2e-05,172.217.160.0-255,1484,1703,19,204426
520,2.7e-05,172.31.36.0-255,66,1769,19,204426
521,4.2e-05,172.217.160.0-255,2902,4671,19,204426
522,4.5e-05,172.31.36.0-255,66,4737,19,204426
523,5.3e-05,172.217.160.0-255,5738,10475,19,204426
524,5.5e-05,172.31.36.0-255,66,10541,19,204426
525,6.3e-05,172.217.160.0-255,7156,17697,19,204426
526,6.6e-05,172.31.36.0-255,66,17763,19,204426
527,9.9e-05,172.217.160.0-255,6289,24052,19,204426
528,0.000102,172.31.36.0-255,66,24118,19,204426
529,0.000109,172.217.160.0-255,6797,30915,19,204426
530,0.000111,172.31.36.0-255,66,30981,19,204426
531,0.000221,172.217.160.0-255,1484,32465,19,204426
532,0.000226,172.31.36.0-255,66,32531,19,204426
533,0.000232,172.217.160.0-255,2902,35433,19,204426
534,0.000234,172.31.36.0-255,66,35499,19,204426
535,0.000237,172.217.160.0-255,1484,36983,19,204426
536,0.000244,172.31.36.0-255,66,37049,19,204426
537,0.000269,172.217.160.0-255,4320,41369,19,204426
538,0.000271,172.31.36.0-255,66,41435,19,204426
539,0.000298,172.217.160.0-255,6797,48232,19,204426
540,0.000301,172.31.36.0-255,66,48298,19,204426
541,0.00051,172.217.160.0-255,1484,49782,19,204426
542,0.000515,172.31.36.0-255,66,49848,19,204426
543,0.000521,172.217.160.0-255,2902,52750,19,204426
544,0.000523,172.31.36.0-255,66,52816,19,204426
545,0.000535,172.217.160.0-255,5738,58554,19,204426
546,0.000538,172.31.36.0-255,66,58620,19,204426
547,0.000592,172.217.160.0-255,7104,65724,19,204426
548,0.000596,172.31.36.0-255,66,65790,19,204426
549,0.001083,172.217.160.0-255,102,65892,19,204426
550,0.00111,172.31.36.0-255,66,65958,19,204426
551,0.001176,172.217.160.0-255,1484,67442,19,204426
552,0.001185,172.217.160.0-255,2902,70344,19,204426
553,0.001188,172.217.160.0-255,1484,71828,19,204426
554,0.001208,172.217.160.0-255,4320,76148,19,204426
555,0.001231,172.217.160.0-255,4320,80468,19,204426
556,0.001248,172.217.160.0-255,2543,83011,19,204426
557,0.001263,172.217.160.0-255,4320,87331,19,204426
558,0.001279,172.217.160.0-255,2902,90233,19,204426
559,0.001287,172.217.160.0-255,8574,98807,19,204426
560,0.001314,172.217.160.0-255,1125,99932,19,204426
561,0.001514,172.217.160.0-255,1484,101416,19,204426
562,0.001521,172.217.160.0-255,2902,104318,19,204426
563,0.001528,172.217.160.0-255,5738,110056,19,204426
564,0.001544,172.217.160.0-255,1484,111540,19,204426
565,0.001562,172.217.160.0-255,8574,120114,19,204426
566,0.001579,172.217.160.0-255,2902,123016,19,204426
567,0.00161,172.217.160.0-255,4320,127336,19,204426
568,0.001627,172.217.160.0-255,6438,133774,19,204426
569,0.001657,172.217.160.0-255,2902,136676,19,204426
570,0.001682,172.217.160.0-255,8574,145250,19,204426
571,0.001688,172.217.160.0-255,4320,149570,19,204426
572,0.001741,172.217.160.0-255,3602,153172,19,204426
573,0.001889,172.217.160.0-255,1484,154656,19,204426
574,0.001896,172.217.160.0-255,2902,157558,19,204426
575,0.001923,172.217.160.0-255,5738,163296,19,204426
576,0.00194,172.217.160.0-255,5738,169034,19,204426
577,0.001956,172.217.160.0-255,7156,176190,19,204426
578,0.001964,172.217.160.0-255,8574,184764,19,204426
579,0.001968,172.217.160.0-255,2184,186948,19,204426
580,0.003404,172.31.36.0-255,66,187014,19,204426
581,0.005368,172.217.160.0-255,5738,192752,19,204426
582,0.005374,172.31.36.0-255,66,192818,19,204426
583,0.007325,172.217.160.0-255,5738,198556,19,204426
584,0.007331,172.31.36.0-255,66,198622,19,204426
585,0.009269,172.217.160.0-255,5738,204360,19,204426
586,0.009276,172.31.36.0-255,66,204426,19,204426
587,0.0,74.125.24.0-255,153,153,19,186567
588,3.3e-05,172.31.36.0-255,66,219,19,186567
589,3.9e-05,74.125.24.0-255,1484,1703,19,186567
590,4.4e-05,172.31.36.0-255,66,1769,19,186567
591,4.8e-05,74.125.24.0-255,1484,3253,19,186567
592,5e-05,172.31.36.0-255,66,3319,19,186567
593,6.7e-05,74.125.24.0-255,1484,4803,19,186567
594,6.9e-05,172.31.36.0-255,66,4869,19,186567
595,9.1e-05,74.125.24.0-255,4320,9189,19,186567
596,9.3e-05,172.31.36.0-255,66,9255,19,186567
597,0.000117,74.125.24.0-255,4911,14166,19,186567
598,0.00012,172.31.36.0-255,66,14232,19,186567
599,0.000141,74.125.24.0-255,5738,19970,19,186567
600,0.000143,172.31.36.0-255,66,20036,19,186567
601,0.000179,74.125.24.0-255,8574,28610,19,186567
602,0.000182,172.31.36.0-255,66,28676,19,186567
603,0.000202,74.125.24.0-255,2543,31219,19,186567
604,0.000204,172.31.36.0-255,66,31285,19,186567
605,0.000327,74.125.24.0-255,1484,32769,19,186567
606,0.000331,172.31.36.0-255,66,32835,19,186567
607,0.000336,74.125.24.0-255,2902,35737,19,186567
608,0.000338,172.31.36.0-255,66,35803,19,186567
609,0.000342,74.125.24.0-255,2902,38705,19,186567
610,0.000348,172.31.36.0-255,66,38771,19,186567
611,0.000367,74.125.24.0-255,2902,41673,19,186567
612,0.00037,172.31.36.0-255,66,41739,19,186567
613,0.000378,74.125.24.0-255,5738,47477,19,186567
614,0.00038,172.31.36.0-255,66,47543,19,186567
615,0.000408,74.125.24.0-255,5738,53281,19,186567
616,0.000411,172.31.36.0-255,66,53347,19,186567
617,0.000438,74.125.24.0-255,8215,61562,19,186567
618,0.000441,172.31.36.0-255,66,61628,19,186567
619,0.000448,74.125.24.0-255,4235,65863,19,186567
620,0.00045,172.31.36.0-255,66,65929,19,186567
621,0.000465,74.125.24.0-255,380,66309,19,186567
622,0.00066,74.125.24.0-255,1484,67793,19,186567
623,0.000664,172.31.36.0-255,66,67859,19,186567
624,0.000669,74.125.24.0-255,2902,70761,19,186567
625,0.000671,172.31.36.0-255,66,70827,19,186567
626,0.0007,74.125.24.0-255,5738,76565,19,186567
627,0.000703,172.31.36.0-255,66,76631,19,186567
628,0.00072,74.125.24.0-255,1484,78115,19,186567
629,0.000741,74.125.24.0-255,5379,83494,19,186567
630,0.000745,172.31.36.0-255,66,83560,19,186567
631,0.000751,74.125.24.0-255,7156,90716,19,186567
632,0.000753,172.31.36.0-255,66,90782,19,186567
633,0.000783,74.125.24.0-255,9633,100415,19,186567
634,0.000786,172.31.36.0-255,66,100481,19,186567
635,0.001418,74.125.24.0-255,1484,101965,19,186567
636,0.001429,74.125.24.0-255,2902,104867,19,186567
637,0.001434,172.31.36.0-255,66,104933,19,186567
638,0.001442,74.125.24.0-255,5738,110671,19,186567
639,0.001444,172.31.36.0-255,66,110737,19,186567
640,0.001448,74.125.24.0-255,2902,113639,19,186567
641,0.00145,172.31.36.0-255,66,113705,19,186567
642,0.00151,74.125.24.0-255,2902,116607,19,186567
643,0.001514,172.31.36.0-255,66,116673,19,186567
644,0.001533,74.125.24.0-255,7156,123829,19,186567
645,0.001536,172.31.36.0-255,66,123895,19,186567
646,0.001543,74.125.24.0-255,4320,128215,19,186567
647,0.001545,172.31.36.0-255,66,128281,19,186567
648,0.001563,74.125.24.0-255,6438,134719,19,186567
649,0.001567,172.31.36.0-255,66,134785,19,186567
650,0.002209,74.125.24.0-255,1484,136269,19,186567
651,0.002218,74.125.24.0-255,2902,139171,19,186567
652,0.002222,172.31.36.0-255,66,139237,19,186567
653,0.002246,74.125.24.0-255,1484,140721,19,186567
654,0.002261,74.125.24.0-255,4320,145041,19,186567
655,0.002263,172.31.36.0-255,66,145107,19,186567
656,0.002268,74.125.24.0-255,2902,148009,19,186567
657,0.002269,172.31.36.0-255,66,148075,19,186567
658,0.002295,74.125.24.0-255,8574,156649,19,186567
659,0.002298,172.31.36.0-255,66,156715,19,186567
660,0.002313,74.125.24.0-255,1484,158199,19,186567
661,0.002319,74.125.24.0-255,5738,163937,19,186567
662,0.002321,172.31.36.0-255,66,164003,19,186567
663,0.002337,74.125.24.0-255,1484,165487,19,186567
664,0.002366,74.125.24.0-255,3602,169089,19,186567
665,0.002369,172.31.36.0-255,66,169155,19,186567
666,0.004707,74.125.24.0-255,5738,174893,19,186567
667,0.004714,172.31.36.0-255,66,174959,19,186567
668,0.007042,74.125.24.0-255,5738,180697,19,186567
669,0.007048,172.31.36.0-255,66,180763,19,186567
670,0.009386,74.125.24.0-255,5738,186501,19,186567
671,0.009394,172.31.36.0-255,66,186567,19,186567
672,0.0,74.125.24.0-255,143,143,19,255498
673,2.4e-05,172.31.36.0-255,66,209,19,255498
674,3.2e-05,74.125.24.0-255,1484,1693,19,255498
675,3.7e-05,172.31.36.0-255,66,1759,19,255498
676,4.3e-05,74.125.24.0-255,2902,4661,19,255498
677,5.6e-05,172.31.36.0-255,66,4727,19,255498
678,6.1e-05,74.125.24.0-255,2902,7629,19,255498
679,6.3e-05,172.31.36.0-255,66,7695,19,255498
680,7.3e-05,74.125.24.0-255,7683,15378,19,255498
681,7.6e-05,172.31.36.0-255,66,15444,19,255498
682,0.000119,172.31.36.0-255,66,15510,19,255498
683,0.000179,74.125.24.0-255,1484,16994,19,255498
684,0.000182,172.31.36.0-255,66,17060,19,255498
685,0.00021,74.125.24.0-255,2902,19962,19,255498
686,0.000213,172.31.36.0-255,66,20028,19,255498
687,0.00022,74.125.24.0-255,5738,25766,19,255498
688,0.000223,172.31.36.0-255,66,25832,19,255498
689,0.000238,172.31.36.0-255,66,25898,19,255498
690,0.000251,74.125.24.0-255,1125,27023,19,255498
691,0.000253,172.31.36.0-255,66,27089,19,255498
692,0.000285,74.125.24.0-255,4320,31409,19,255498
693,0.000287,172.31.36.0-255,66,31475,19,255498
694,0.000312,74.125.24.0-255,5678,37153,19,255498
695,0.000315,172.31.36.0-255,66,37219,19,255498
696,0.000356,74.125.24.0-255,132,37351,19,255498
697,0.000359,172.31.36.0-255,66,37417,19,255498
698,0.000432,74.125.24.0-255,345,37762,19,255498
699,0.000436,172.31.36.0-255,66,37828,19,255498
700,0.000966,74.125.24.0-255,1484,39312,19,255498
701,0.000974,172.31.36.0-255,66,39378,19,255498
702,0.000982,74.125.24.0-255,2902,42280,19,255498
703,0.000985,172.31.36.0-255,66,42346,19,255498
704,0.000996,74.125.24.0-255,5738,48084,19,255498
705,0.000999,172.31.36.0-255,66,48150,19,255498
706,0.001005,74.125.24.0-255,4320,52470,19,255498
707,0.001008,172.31.36.0-255,66,52536,19,255498
708,0.001022,172.31.36.0-255,66,52602,19,255498
709,0.00106,74.125.24.0-255,7856,60458,19,255498
710,0.001065,172.31.36.0-255,66,60524,19,255498
711,0.00138,74.125.24.0-255,1484,62008,19,255498
712,0.00139,74.125.24.0-255,2902,64910,19,255498
713,0.001395,172.31.36.0-255,66,64976,19,255498
714,0.001403,74.125.24.0-255,5738,70714,19,255498
715,0.001405,172.31.36.0-255,66,70780,19,255498
716,0.001458,74.125.24.0-255,8574,79354,19,255498
717,0.001462,172.31.36.0-255,66,79420,19,255498
718,0.001488,74.125.24.0-255,1484,80904,19,255498
719,0.001519,74.125.24.0-255,8574,89478,19,255498
720,0.001524,172.31.36.0-255,66,89544,19,255498
721,0.001529,74.125.24.0-255,5020,94564,19,255498
722,0.001532,172.31.36.0-255,66,94630,19,255498
723,0.001603,74.125.24.0-255,1484,96114,19,255498
724,0.001619,74.125.24.0-255,2902,99016,19,255498
725,0.001623,172.31.36.0-255,66,99082,19,255498
726,0.001629,74.125.24.0-255,5738,104820,19,255498
727,0.001632,172.31.36.0-255,66,104886,19,255498
728,0.001673,74.125.24.0-255,9992,114878,19,255498
729,0.001676,172.31.36.0-255,66,114944,19,255498
730,0.001707,74.125.24.0-255,8574,123518,19,255498
731,0.00171,172.31.36.0-255,66,123584,19,255498
732,0.001738,74.125.24.0-255,5020,128604,19,255498
733,0.001743,172.31.36.0-255,66,128670,19,255498
734,0.001785,74.125.24.0-255,1484,130154,19,255498
735,0.001789,74.125.24.0-255,2902,133056,19,255498
736,0.001792,172.31.36.0-255,66,133122,19,255498
737,0.001795,74.125.24.0-255,1484,134606,19,255498
738,0.001821,74.125.24.0-255,4320,138926,19,255498
739,0.001823,172.31.36.0-255,66,138992,19,255498
740,0.001831,74.125.24.0-255,7156,146148,19,255498
741,0.001833,172.31.36.0-255,66,146214,19,255498
742,0.00186,74.125.24.0-255,5738,151952,19,255498
743,0.001863,172.31.36.0-255,66,152018,19,255498
744,0.001867,74.125.24.0-255,2902,154920,19,255498
745,0.00187,172.31.36.0-255,66,154986,19,255498
746,0.001897,74.125.24.0-255,7856,162842,19,255498
747,0.0019,172.31.36.0-255,66,162908,19,255498
748,0.001903,74.125.24.0-255,1484,164392,19,255498
749,0.001926,74.125.24.0-255,2902,167294,19,255498
750,0.001928,172.31.36.0-255,66,167360,19,255498
751,0.001934,74.125.24.0-255,5738,173098,19,255498
752,0.001936,172.31.36.0-255,66,173164,19,255498
753,0.001968,172.31.36.0-255,66,173230,19,255498
754,0.001971,74.125.24.0-255,1484,174714,19,255498
755,0.002001,74.125.24.0-255,7156,181870,19,255498
756,0.002003,172.31.36.0-255,66,181936,19,255498
757,0.002036,74.125.24.0-255,2184,184120,19,255498
758,0.002038,172.31.36.0-255,66,184186,19,255498
759,0.00205,74.125.24.0-255,1484,185670,19,255498
760,0.00207,74.125.24.0-255,2902,188572,19,255498
761,0.002073,172.31.36.0-255,66,188638,19,255498
762,0.002079,74.125.24.0-255,5738,194376,19,255498
763,0.002081,172.31.36.0-255,66,194442,19,255498
764,0.002084,74.125.24.0-255,1484,195926,19,255498
765,0.002142,172.31.36.0-255,66,195992,19,255498
766,0.002148,74.125.24.0-255,5738,201730,19,255498
767,0.002151,172.31.36.0-255,66,201796,19,255498
768,0.002156,74.125.24.0-255,5020,206816,19,255498
769,0.002171,172.31.36.0-255,66,206882,19,255498
770,0.002177,74.125.24.0-255,5738,212620,19,255498
771,0.00218,172.31.36.0-255,66,212686,19,255498
772,0.002185,74.125.24.0-255,4320,217006,19,255498
773,0.002188,172.31.36.0-255,66,217072,19,255498
774,0.002226,74.125.24.0-255,8574,225646,19,255498
775,0.002231,172.31.36.0-255,66,225712,19,255498
776,0.002246,172.31.36.0-255,66,225778,19,255498
777,0.002282,74.125.24.0-255,2902,228680,19,255498
778,0.002285,172.31.36.0-255,66,228746,19,255498
779,0.002334,74.125.24.0-255,9274,238020,19,255498
780,0.002338,172.31.36.0-255,66,238086,19,255498
781,0.004562,74.125.24.0-255,5738,243824,19,255498
782,0.004573,172.31.36.0-255,66,243890,19,255498
783,0.006813,74.125.24.0-255,5738,249628,19,255498
784,0.006825,172.31.36.0-255,66,249694,19,255498
785,0.009066,74.125.24.0-255,5738,255432,19,255498
786,0.00908,172.31.36.0-255,66,255498,19,255498
787,0.0,74.125.24.0-255,146,146,19,273365
788,2.2e-05,172.31.36.0-255,66,212,19,273365
789,3e-05,74.125.24.0-255,1484,1696,19,273365
790,3.4e-05,172.31.36.0-255,66,1762,19,273365
791,4.1e-05,74.125.24.0-255,2902,4664,19,273365
792,4.4e-05,172.31.36.0-255,66,4730,19,273365
793,5.2e-05,74.125.24.0-255,7156,11886,19,273365
794,5.5e-05,172.31.36.0-255,66,11952,19,273365
795,6e-05,74.125.24.0-255,2003,13955,19,273365
796,6.3e-05,172.31.36.0-255,66,14021,19,273365
797,0.000118,74.125.24.0-255,1484,15505,19,273365
798,0.000121,172.31.36.0-255,66,15571,19,273365
799,0.000127,74.125.24.0-255,2902,18473,19,273365
800,0.00013,172.31.36.0-255,66,18539,19,273365
801,0.000137,74.125.24.0-255,5738,24277,19,273365
802,0.000139,172.31.36.0-255,66,24343,19,273365
803,0.000157,74.125.24.0-255,6797,31140,19,273365
804,0.000159,172.31.36.0-255,66,31206,19,273365
805,0.000188,74.125.24.0-255,7156,38362,19,273365
806,0.000191,172.31.36.0-255,66,38428,19,273365
807,0.000208,74.125.24.0-255,1484,39912,19,273365
808,0.00021,172.31.36.0-255,66,39978,19,273365
809,0.000232,74.125.24.0-255,8215,48193,19,273365
810,0.000234,172.31.36.0-255,66,48259,19,273365
811,0.000273,74.125.24.0-255,1484,49743,19,273365
812,0.000275,172.31.36.0-255,66,49809,19,273365
813,0.000296,74.125.24.0-255,2902,52711,19,273365
814,0.000298,172.31.36.0-255,66,52777,19,273365
815,0.000305,74.125.24.0-255,5738,58515,19,273365
816,0.000307,172.31.36.0-255,66,58581,19,273365
817,0.000312,74.125.24.0-255,4320,62901,19,273365
818,0.000315,172.31.36.0-255,66,62967,19,273365
819,0.000358,74.125.24.0-255,3187,66154,19,273365
820,0.00036,172.31.36.0-255,66,66220,19,273365
821,0.000488,74.125.24.0-255,1484,67704,19,273365
822,0.000505,74.125.24.0-255,2902,70606,19,273365
823,0.000509,172.31.36.0-255,66,70672,19,273365
824,0.000513,74.125.24.0-255,2902,73574,19,273365
825,0.000515,172.31.36.0-255,66,73640,19,273365
826,0.000528,74.125.24.0-255,2902,76542,19,273365
827,0.000531,172.31.36.0-255,66,76608,19,273365
828,0.000569,74.125.24.0-255,9633,86241,19,273365
829,0.000574,172.31.36.0-255,66,86307,19,273365
830,0.00058,74.125.24.0-255,5738,92045,19,273365
831,0.000582,172.31.36.0-255,66,92111,19,273365
832,0.000598,74.125.24.0-255,4320,96431,19,273365
833,0.000601,172.31.36.0-255,66,96497,19,273365
834,0.000606,74.125.24.0-255,3410,99907,19,273365
835,0.000608,172.31.36.0-255,66,99973,19,273365
836,0.001019,74.125.24.0-255,1484,101457,19,273365
837,0.001025,74.125.24.0-255,2902,104359,19,273365
838,0.001029,172.31.36.0-255,66,104425,19,273365
839,0.001036,74.125.24.0-255,5738,110163,19,273365
840,0.001039,172.31.36.0-255,66,110229,19,273365
841,0.001066,74.125.24.0-255,8574,118803,19,273365
842,0.001068,172.31.36.0-255,66,118869,19,273365
843,0.001094,74.125.24.0-255,4320,123189,19,273365
844,0.001097,172.31.36.0-255,66,123255,19,273365
845,0.001104,74.125.24.0-255,7156,130411,19,273365
846,0.001106,172.31.36.0-255,66,130477,19,273365
847,0.001111,74.125.24.0-255,2902,133379,19,273365
848,0.001113,172.31.36.0-255,66,133445,19,273365
849,0.001131,74.125.24.0-255,766,134211,19,273365
850,0.001642,74.125.24.0-255,1484,135695,19,273365
851,0.001648,172.31.36.0-255,66,135761,19,273365
852,0.001653,74.125.24.0-255,2902,138663,19,273365
853,0.001655,172.31.36.0-255,66,138729,19,273365
854,0.001661,74.125.24.0-255,5738,144467,19,273365
855,0.001664,172.31.36.0-255,66,144533,19,273365
856,0.001667,74.125.24.0-255,1484,146017,19,273365
857,0.001707,172.31.36.0-255,66,146083,19,273365
858,0.001726,74.125.24.0-255,4320,150403,19,273365
859,0.001728,172.31.36.0-255,66,150469,19,273365
860,0.001749,74.125.24.0-255,6438,156907,19,273365
861,0.001752,172.31.36.0-255,66,156973,19,273365
862,0.001778,74.125.24.0-255,4320,161293,19,273365
863,0.001781,172.31.36.0-255,66,161359,19,273365
864,0.001793,74.125.24.0-255,5738,167097,19,273365
865,0.001827,172.31.36.0-255,66,167163,19,273365
866,0.001862,172.31.36.0-255,66,167229,19,273365
867,0.001877,172.31.36.0-255,66,167295,19,273365
868,0.00189,172.31.36.0-255,66,167361,19,273365
869,0.001916,172.31.36.0-255,66,167427,19,273365
870,0.001926,74.125.24.0-255,1484,168911,19,273365
871,0.001929,74.125.24.0-255,2902,171813,19,273365
872,0.001935,172.31.36.0-255,66,171879,19,273365
873,0.001955,74.125.24.0-255,5738,177617,19,273365
874,0.001959,74.125.24.0-255,2902,180519,19,273365
875,0.00197,172.31.36.0-255,66,180585,19,273365
876,0.001989,74.125.24.0-255,9992,190577,19,273365
877,0.001995,74.125.24.0-255,7156,197733,19,273365
878,0.002002,172.31.36.0-255,66,197799,19,273365
879,0.002021,74.125.24.0-255,3602,201401,19,273365
880,0.00204,172.31.36.0-255,66,201467,19,273365
881,0.002081,74.125.24.0-255,4320,205787,19,273365
882,0.002084,172.31.36.0-255,66,205853,19,273365
883,0.002091,74.125.24.0-255,8574,214427,19,273365
884,0.002119,172.31.36.0-255,66,214493,19,273365
885,0.002136,74.125.24.0-255,1484,215977,19,273365
886,0.002144,74.125.24.0-255,6438,222415,19,273365
887,0.002159,172.31.36.0-255,66,222481,19,273365
888,0.002219,74.125.24.0-255,1484,223965,19,273365
889,0.002234,74.125.24.0-255,2902,226867,19,273365
890,0.002239,74.125.24.0-255,2902,229769,19,273365
891,0.002254,74.125.24.0-255,2902,232671,19,273365
892,0.002256,74.125.24.0-255,1484,234155,19,273365
893,0.002259,172.31.36.0-255,66,234221,19,273365
894,0.002265,172.31.36.0-255,66,234287,19,273365
895,0.002298,74.125.24.0-255,9992,244279,19,273365
896,0.002314,172.31.36.0-255,66,244345,19,273365
897,0.002334,74.125.24.0-255,2902,247247,19,273365
898,0.00234,172.31.36.0-255,66,247313,19,273365
899,0.002369,74.125.24.0-255,8574,255887,19,273365
900,0.002425,172.31.36.0-255,66,255953,19,273365
901,0.004759,74.125.24.0-255,5738,261691,19,273365
902,0.004766,172.31.36.0-255,66,261757,19,273365
903,0.007086,74.125.24.0-255,5738,267495,19,273365
904,0.007091,172.31.36.0-255,66,267561,19,273365
905,0.009394,74.125.24.0-255,5738,273299,19,273365
906,0.009398,172.31.36.0-255,66,273365,19,273365
907,0.0,172.217.194.0-255,153,153,19,288031
908,2.9e-05,172.31.36.0-255,66,219,19,288031
909,4.4e-05,172.217.194.0-255,1484,1703,19,288031
910,5.3e-05,172.31.36.0-255,66,1769,19,288031
911,5.9e-05,172.217.194.0-255,2902,4671,19,288031
912,6.3e-05,172.31.36.0-255,66,4737,19,288031
913,9.8e-05,172.217.194.0-255,7156,11893,19,288031
914,0.000106,172.31.36.0-255,66,11959,19,288031
915,0.000121,172.31.36.0-255,66,12025,19,288031
916,0.000153,172.217.194.0-255,5379,17404,19,288031
917,0.000156,172.31.36.0-255,66,17470,19,288031
918,0.000185,172.217.194.0-255,5738,23208,19,288031
919,0.000188,172.31.36.0-255,66,23274,19,288031
920,0.000192,172.217.194.0-255,2902,26176,19,288031
921,0.000196,172.31.36.0-255,66,26242,19,288031
922,0.000225,172.217.194.0-255,8215,34457,19,288031
923,0.000228,172.31.36.0-255,66,34523,19,288031
924,0.000241,172.31.36.0-255,66,34589,19,288031
925,0.000247,172.217.194.0-255,5665,40254,19,288031
926,0.00025,172.31.36.0-255,66,40320,19,288031
927,0.000275,172.217.194.0-255,400,40720,19,288031
928,0.000284,172.31.36.0-255,66,40786,19,288031
929,0.000425,172.217.194.0-255,1484,42270,19,288031
930,0.00043,172.31.36.0-255,66,42336,19,288031
931,0.000435,172.217.194.0-255,2902,45238,19,288031
932,0.000438,172.31.36.0-255,66,45304,19,288031
933,0.000441,172.217.194.0-255,1484,46788,19,288031
934,0.000449,172.31.36.0-255,66,46854,19,288031
935,0.000482,172.217.194.0-255,4320,51174,19,288031
936,0.000486,172.31.36.0-255,66,51240,19,288031
937,0.000489,172.217.194.0-255,1484,52724,19,288031
938,0.000497,172.217.194.0-255,8574,61298,19,288031
939,0.000501,172.217.194.0-255,2902,64200,19,288031
940,0.000503,172.31.36.0-255,66,64266,19,288031
941,0.000506,172.31.36.0-255,66,64332,19,288031
942,0.000544,172.217.194.0-255,10143,74475,19,288031
943,0.000548,172.31.36.0-255,66,74541,19,288031
944,0.000592,172.217.194.0-255,1484,76025,19,288031
945,0.000597,172.217.194.0-255,2902,78927,19,288031
946,0.0006,172.31.36.0-255,66,78993,19,288031
947,0.000624,172.217.194.0-255,5738,84731,19,288031
948,0.000627,172.31.36.0-255,66,84797,19,288031
949,0.000659,172.217.194.0-255,6797,91594,19,288031
950,0.000663,172.31.36.0-255,66,91660,19,288031
951,0.000937,172.217.194.0-255,1484,93144,19,288031
952,0.000945,172.217.194.0-255,2902,96046,19,288031
953,0.000948,172.31.36.0-255,66,96112,19,288031
954,0.000953,172.217.194.0-255,1484,97596,19,288031
955,0.000984,172.217.194.0-255,4320,101916,19,288031
956,0.000987,172.31.36.0-255,66,101982,19,288031
957,0.001005,172.31.36.0-255,66,102048,19,288031
958,0.00105,172.217.194.0-255,8574,110622,19,288031
959,0.001054,172.31.36.0-255,66,110688,19,288031
960,0.001068,172.217.194.0-255,2184,112872,19,288031
961,0.001071,172.31.36.0-255,66,112938,19,288031
962,0.001164,172.217.194.0-255,1484,114422,19,288031
963,0.001169,172.217.194.0-255,2902,117324,19,288031
964,0.001172,172.31.36.0-255,66,117390,19,288031
965,0.001179,172.217.194.0-255,5738,123128,19,288031
966,0.001181,172.31.36.0-255,66,123194,19,288031
967,0.001211,172.217.194.0-255,9992,133186,19,288031
968,0.001215,172.31.36.0-255,66,133252,19,288031
969,0.001229,172.217.194.0-255,2902,136154,19,288031
970,0.001237,172.31.36.0-255,66,136220,19,288031
971,0.001246,172.217.194.0-255,9992,146212,19,288031
972,0.001249,172.31.36.0-255,66,146278,19,288031
973,0.001251,172.217.194.0-255,766,147044,19,288031
974,0.001288,172.217.194.0-255,1484,148528,19,288031
975,0.001292,172.31.36.0-255,66,148594,19,288031
976,0.001319,172.217.194.0-255,2902,151496,19,288031
977,0.001322,172.31.36.0-255,66,151562,19,288031
978,0.001329,172.217.194.0-255,5738,157300,19,288031
979,0.001331,172.31.36.0-255,66,157366,19,288031
980,0.001368,172.217.194.0-255,5738,163104,19,288031
981,0.001372,172.31.36.0-255,66,163170,19,288031
982,0.001406,172.217.194.0-255,4320,167490,19,288031
983,0.001409,172.31.36.0-255,66,167556,19,288031
984,0.001429,172.217.194.0-255,2184,169740,19,288031
985,0.00143,172.31.36.0-255,66,169806,19,288031
986,0.001434,172.31.36.0-255,66,169872,19,288031
987,0.001473,172.217.194.0-255,1484,171356,19,288031
988,0.001479,172.217.194.0-255,2902,174258,19,288031
989,0.001481,172.217.194.0-255,1484,175742,19,288031
990,0.001484,172.31.36.0-255,66,175808,19,288031
991,0.001507,172.217.194.0-255,4320,180128,19,288031
992,0.001512,172.31.36.0-255,66,180194,19,288031
993,0.001513,172.217.194.0-255,5738,185932,19,288031
994,0.001515,172.31.36.0-255,66,185998,19,288031
995,0.001552,172.217.194.0-255,7156,193154,19,288031
996,0.001556,172.31.36.0-255,66,193220,19,288031
997,0.00156,172.217.194.0-255,1484,194704,19,288031
998,0.001586,172.217.194.0-255,9274,203978,19,288031
999,0.00159,172.31.36.0-255,66,204044,19,288031
1000,0.0016,172.217.194.0-255,4320,208364,19,288031
1001,0.001603,172.31.36.0-255,66,208430,19,288031
1002,0.001619,172.217.194.0-255,5738,214168,19,288031
1003,0.001623,172.31.36.0-255,66,214234,19,288031
1004,0.001644,172.31.36.0-255,66,214300,19,288031
1005,0.001675,172.217.194.0-255,6438,220738,19,288031
1006,0.001679,172.31.36.0-255,66,220804,19,288031
1007,0.001756,172.217.194.0-255,1484,222288,19,288031
1008,0.001761,172.217.194.0-255,2902,225190,19,288031
1009,0.001764,172.31.36.0-255,66,225256,19,288031
1010,0.001799,172.217.194.0-255,5738,230994,19,288031
1011,0.001802,172.31.36.0-255,66,231060,19,288031
1012,0.001815,172.31.36.0-255,66,231126,19,288031
1013,0.001821,172.217.194.0-255,4320,235446,19,288031
1014,0.001823,172.31.36.0-255,66,235512,19,288031
1015,0.001851,172.217.194.0-255,6438,241950,19,288031
1016,0.001854,172.31.36.0-255,66,242016,19,288031
1017,0.00192,172.31.36.0-255,66,242082,19,288031
1018,0.001957,172.31.36.0-255,66,242148,19,288031
1019,0.001965,172.217.194.0-255,7856,250004,19,288031
1020,0.001968,172.31.36.0-255,66,250070,19,288031
1021,0.001976,172.217.194.0-255,8574,258644,19,288031
1022,0.001979,172.31.36.0-255,66,258710,19,288031
1023,0.001987,172.217.194.0-255,9992,268702,19,288031
1024,0.00199,172.31.36.0-255,66,268768,19,288031
1025,0.001998,172.217.194.0-255,8574,277342,19,288031
1026,0.002001,172.31.36.0-255,66,277408,19,288031
1027,0.002043,172.217.194.0-255,6438,283846,19,288031
1028,0.002047,172.31.36.0-255,66,283912,19,288031
1029,0.002071,172.31.36.0-255,66,283978,19,288031
1030,0.002072,172.217.194.0-255,3645,287623,19,288031
1031,0.002074,172.31.36.0-255,66,287689,19,288031
1032,0.002118,172.217.194.0-255,105,287794,19,288031
1033,0.006035,172.31.36.0-255,66,287860,19,288031
1034,0.006061,172.31.36.0-255,105,287965,19,288031
1035,0.008087,172.217.194.0-255,66,288031,19,288031
1036,0.0,172.217.194.0-255,153,153,19,313708
1037,1.5e-05,172.31.36.0-255,66,219,19,313708
1038,2.2e-05,172.217.194.0-255,1484,1703,19,313708
1039,2.7e-05,172.31.36.0-255,66,1769,19,313708
1040,3.3e-05,172.217.194.0-255,2902,4671,19,313708
1041,3.5e-05,172.31.36.0-255,66,4737,19,313708
1042,4.3e-05,172.217.194.0-255,7156,11893,19,313708
1043,4.5e-05,172.31.36.0-255,66,11959,19,313708
1044,4.9e-05,172.217.194.0-255,2017,13976,19,313708
1045,5.2e-05,172.31.36.0-255,66,14042,19,313708
1046,0.000236,172.217.194.0-255,1484,15526,19,313708
1047,0.000241,172.31.36.0-255,66,15592,19,313708
1048,0.000248,172.217.194.0-255,2902,18494,19,313708
1049,0.00025,172.31.36.0-255,66,18560,19,313708
1050,0.000256,172.217.194.0-255,4320,22880,19,313708
1051,0.000258,172.31.36.0-255,66,22946,19,313708
1052,0.000283,172.217.194.0-255,1484,24430,19,313708
1053,0.000286,172.31.36.0-255,66,24496,19,313708
1054,0.000292,172.217.194.0-255,4320,28816,19,313708
1055,0.000294,172.31.36.0-255,66,28882,19,313708
1056,0.000315,172.217.194.0-255,2543,31425,19,313708
1057,0.000317,172.31.36.0-255,66,31491,19,313708
1058,0.000391,172.217.194.0-255,1484,32975,19,313708
1059,0.000395,172.31.36.0-255,66,33041,19,313708
1060,0.000399,172.217.194.0-255,2902,35943,19,313708
1061,0.000402,172.31.36.0-255,66,36009,19,313708
1062,0.000459,172.217.194.0-255,5738,41747,19,313708
1063,0.000462,172.31.36.0-255,66,41813,19,313708
1064,0.000469,172.217.194.0-255,6797,48610,19,313708
1065,0.000471,172.31.36.0-255,66,48676,19,313708
1066,0.000486,172.217.194.0-255,1484,50160,19,313708
1067,0.000488,172.31.36.0-255,66,50226,19,313708
1068,0.000491,172.217.194.0-255,1484,51710,19,313708
1069,0.000511,172.217.194.0-255,1484,53194,19,313708
1070,0.000513,172.31.36.0-255,66,53260,19,313708
1071,0.00052,172.217.194.0-255,5738,58998,19,313708
1072,0.000522,172.31.36.0-255,66,59064,19,313708
1073,0.000542,172.217.194.0-255,2902,61966,19,313708
1074,0.000544,172.31.36.0-255,66,62032,19,313708
1075,0.00057,172.217.194.0-255,3961,65993,19,313708
1076,0.000573,172.31.36.0-255,66,66059,19,313708
1077,0.000576,172.217.194.0-255,377,66436,19,313708
1078,0.000657,172.217.194.0-255,365,66801,19,313708
1079,0.000789,172.217.194.0-255,1484,68285,19,313708
1080,0.000793,172.31.36.0-255,66,68351,19,313708
1081,0.000798,172.217.194.0-255,1484,69835,19,313708
1082,0.000814,172.217.194.0-255,1484,71319,19,313708
1083,0.000816,172.31.36.0-255,66,71385,19,313708
1084,0.000824,172.217.194.0-255,5738,77123,19,313708
1085,0.000826,172.31.36.0-255,66,77189,19,313708
1086,0.000854,172.217.194.0-255,8574,85763,19,313708
1087,0.000857,172.31.36.0-255,66,85829,19,313708
1088,0.000877,172.217.194.0-255,5379,91208,19,313708
1089,0.000879,172.31.36.0-255,66,91274,19,313708
1090,0.000887,172.217.194.0-255,7156,98430,19,313708
1091,0.00089,172.31.36.0-255,66,98496,19,313708
1092,0.000905,172.217.194.0-255,2543,101039,19,313708
1093,0.000907,172.31.36.0-255,66,101105,19,313708
1094,0.001147,172.217.194.0-255,1484,102589,19,313708
1095,0.001162,172.217.194.0-255,2902,105491,19,313708
1096,0.001166,172.31.36.0-255,66,105557,19,313708
1097,0.001174,172.217.194.0-255,5738,111295,19,313708
1098,0.001176,172.31.36.0-255,66,111361,19,313708
1099,0.001211,172.31.36.0-255,66,111427,19,313708
1100,0.001229,172.217.194.0-255,1484,112911,19,313708
1101,0.001244,172.217.194.0-255,7156,120067,19,313708
1102,0.001247,172.31.36.0-255,66,120133,19,313708
1103,0.001267,172.217.194.0-255,3602,123735,19,313708
1104,0.001269,172.31.36.0-255,66,123801,19,313708
1105,0.001404,172.217.194.0-255,1484,125285,19,313708
1106,0.001409,172.217.194.0-255,2902,128187,19,313708
1107,0.001412,172.31.36.0-255,66,128253,19,313708
1108,0.001419,172.217.194.0-255,5738,133991,19,313708
1109,0.001421,172.31.36.0-255,66,134057,19,313708
1110,0.00144,172.217.194.0-255,1484,135541,19,313708
1111,0.001467,172.217.194.0-255,9992,145533,19,313708
1112,0.001471,172.31.36.0-255,66,145599,19,313708
1113,0.001489,172.217.194.0-255,1484,147083,19,313708
1114,0.001491,172.217.194.0-255,1484,148567,19,313708
1115,0.001495,172.31.36.0-255,66,148633,19,313708
1116,0.001505,172.217.194.0-255,2902,151535,19,313708
1117,0.001508,172.31.36.0-255,66,151601,19,313708
1118,0.001532,172.217.194.0-255,6438,158039,19,313708
1119,0.001534,172.31.36.0-255,66,158105,19,313708
1120,0.001555,172.217.194.0-255,2902,161007,19,313708
1121,0.001557,172.31.36.0-255,66,161073,19,313708
1122,0.001563,172.217.194.0-255,4320,165393,19,313708
1123,0.001565,172.31.36.0-255,66,165459,19,313708
1124,0.00157,172.217.194.0-255,4320,169779,19,313708
1125,0.001572,172.31.36.0-255,66,169845,19,313708
1126,0.001588,172.217.194.0-255,4320,174165,19,313708
1127,0.00159,172.31.36.0-255,66,174231,19,313708
1128,0.00163,172.31.36.0-255,66,174297,19,313708
1129,0.001652,172.217.194.0-255,7156,181453,19,313708
1130,0.001655,172.31.36.0-255,66,181519,19,313708
1131,0.001681,172.217.194.0-255,10692,192211,19,313708
1132,0.001684,172.31.36.0-255,66,192277,19,313708
1133,0.00175,172.31.36.0-255,66,192343,19,313708
1134,0.001755,172.217.194.0-255,3602,195945,19,313708
1135,0.001758,172.31.36.0-255,66,196011,19,313708
1136,0.001764,172.217.194.0-255,4320,200331,19,313708
1137,0.001767,172.31.36.0-255,66,200397,19,313708
1138,0.001772,172.217.194.0-255,2902,203299,19,313708
1139,0.001775,172.31.36.0-255,66,203365,19,313708
1140,0.001801,172.217.194.0-255,7156,210521,19,313708
1141,0.001804,172.31.36.0-255,66,210587,19,313708
1142,0.001812,172.217.194.0-255,1484,212071,19,313708
1143,0.001835,172.31.36.0-255,66,212137,19,313708
1144,0.001856,172.217.194.0-255,5020,217157,19,313708
1145,0.001859,172.31.36.0-255,66,217223,19,313708
1146,0.001877,172.217.194.0-255,2902,220125,19,313708
1147,0.00188,172.31.36.0-255,66,220191,19,313708
1148,0.001903,172.217.194.0-255,9992,230183,19,313708
1149,0.001906,172.31.36.0-255,66,230249,19,313708
1150,0.001928,172.217.194.0-255,5738,235987,19,313708
1151,0.001932,172.31.36.0-255,66,236053,19,313708
1152,0.001973,172.217.194.0-255,8574,244627,19,313708
1153,0.001976,172.31.36.0-255,66,244693,19,313708
1154,0.002,172.217.194.0-255,6438,251131,19,313708
1155,0.002003,172.31.36.0-255,66,251197,19,313708
1156,0.00201,172.217.194.0-255,7156,258353,19,313708
1157,0.002013,172.31.36.0-255,66,258419,19,313708
1158,0.00204,172.217.194.0-255,8574,266993,19,313708
1159,0.002043,172.31.36.0-255,66,267059,19,313708
1160,0.002056,172.31.36.0-255,66,267125,19,313708
1161,0.002075,172.217.194.0-255,6438,273563,19,313708
1162,0.002077,172.31.36.0-255,66,273629,19,313708
1163,0.002099,172.217.194.0-255,5738,279367,19,313708
1164,0.002112,172.31.36.0-255,66,279433,19,313708
1165,0.002145,172.31.36.0-255,66,279499,19,313708
1166,0.00217,172.217.194.0-255,5738,285237,19,313708
1167,0.002182,172.31.36.0-255,66,285303,19,313708
1168,0.002196,172.217.194.0-255,9274,294577,19,313708
1169,0.002201,172.31.36.0-255,66,294643,19,313708
1170,0.002211,172.217.194.0-255,4320,298963,19,313708
1171,0.002248,172.31.36.0-255,66,299029,19,313708
1172,0.002267,172.217.194.0-255,7156,306185,19,313708
1173,0.002272,172.31.36.0-255,66,306251,19,313708
1174,0.002341,172.217.194.0-255,5738,311989,19,313708
1175,0.002354,172.217.194.0-255,1377,313366,19,313708
1176,0.002356,172.217.194.0-255,105,313471,19,313708
1177,0.002362,172.31.36.0-255,66,313537,19,313708
1178,0.00464,172.31.36.0-255,105,313642,19,313708
1179,0.006936,172.217.194.0-255,66,313708,19,313708
1180,0.0,172.217.194.0-255,150,150,19,119074
1181,2.4e-05,172.31.36.0-255,66,216,19,119074
1182,3.2e-05,172.217.194.0-255,1484,1700,19,119074
1183,3.6e-05,172.31.36.0-255,66,1766,19,119074
1184,4.2e-05,172.217.194.0-255,2902,4668,19,119074
1185,4.4e-05,172.31.36.0-255,66,4734,19,119074
1186,6.1e-05,172.217.194.0-255,7156,11890,19,119074
1187,6.5e-05,172.31.36.0-255,66,11956,19,119074
1188,6.9e-05,172.217.194.0-255,2101,14057,19,119074
1189,7.2e-05,172.31.36.0-255,66,14123,19,119074
1190,9.3e-05,172.217.194.0-255,1484,15607,19,119074
1191,9.6e-05,172.31.36.0-255,66,15673,19,119074
1192,0.000122,172.217.194.0-255,2902,18575,19,119074
1193,0.000124,172.31.36.0-255,66,18641,19,119074
1194,0.000131,172.217.194.0-255,5738,24379,19,119074
1195,0.000134,172.31.36.0-255,66,24445,19,119074
1196,0.000161,172.217.194.0-255,6797,31242,19,119074
1197,0.000164,172.31.36.0-255,66,31308,19,119074
1198,0.000229,172.217.194.0-255,1484,32792,19,119074
1199,0.000231,172.31.36.0-255,66,32858,19,119074
1200,0.000235,172.217.194.0-255,1484,34342,19,119074
1201,0.000237,172.31.36.0-255,66,34408,19,119074
1202,0.000268,172.217.194.0-255,1484,35892,19,119074
1203,0.00027,172.31.36.0-255,66,35958,19,119074
1204,0.000277,172.217.194.0-255,5738,41696,19,119074
1205,0.00028,172.31.36.0-255,66,41762,19,119074
1206,0.000319,172.217.194.0-255,6797,48559,19,119074
1207,0.000322,172.31.36.0-255,66,48625,19,119074
1208,0.000348,172.217.194.0-255,5738,54363,19,119074
1209,0.000351,172.31.36.0-255,66,54429,19,119074
1210,0.000377,172.217.194.0-255,1484,55913,19,119074
1211,0.000379,172.31.36.0-255,66,55979,19,119074
1212,0.000388,172.217.194.0-255,8574,64553,19,119074
1213,0.00039,172.31.36.0-255,66,64619,19,119074
1214,0.000398,172.217.194.0-255,1455,66074,19,119074
1215,0.000586,172.217.194.0-255,378,66452,19,119074
1216,0.000591,172.31.36.0-255,66,66518,19,119074
1217,0.000711,172.217.194.0-255,1484,68002,19,119074
1218,0.000726,172.217.194.0-255,2902,70904,19,119074
1219,0.000729,172.31.36.0-255,66,70970,19,119074
1220,0.000762,172.217.194.0-255,5738,76708,19,119074
1221,0.000766,172.31.36.0-255,66,76774,19,119074
1222,0.000773,172.217.194.0-255,5738,82512,19,119074
1223,0.000775,172.31.36.0-255,66,82578,19,119074
1224,0.000778,172.217.194.0-255,576,83154,19,119074
1225,0.001138,172.217.194.0-255,1484,84638,19,119074
1226,0.001142,172.31.36.0-255,66,84704,19,119074
1227,0.001165,172.217.194.0-255,2902,87606,19,119074
1228,0.001167,172.31.36.0-255,66,87672,19,119074
1229,0.001173,172.217.194.0-255,2902,90574,19,119074
1230,0.001175,172.31.36.0-255,66,90640,19,119074
1231,0.001181,172.217.194.0-255,5738,96378,19,119074
1232,0.001183,172.31.36.0-255,66,96444,19,119074
1233,0.001215,172.217.194.0-255,1484,97928,19,119074
1234,0.001235,172.31.36.0-255,66,97994,19,119074
1235,0.00124,172.217.194.0-255,3602,101596,19,119074
1236,0.001242,172.31.36.0-255,66,101662,19,119074
1237,0.00391,172.217.194.0-255,5738,107400,19,119074
1238,0.003929,172.31.36.0-255,66,107466,19,119074
1239,0.006592,172.217.194.0-255,5738,113204,19,119074
1240,0.0066,172.31.36.0-255,66,113270,19,119074
1241,0.009249,172.217.194.0-255,5738,119008,19,119074
1242,0.00926,172.31.36.0-255,66,119074,19,119074
1243,0.0,172.217.194.0-255,153,153,19,221942
1244,2.6e-05,172.31.36.0-255,66,219,19,221942
1245,3.3e-05,172.217.194.0-255,1484,1703,19,221942
1246,3.7e-05,172.31.36.0-255,66,1769,19,221942
1247,4.2e-05,172.217.194.0-255,2902,4671,19,221942
1248,5.1e-05,172.31.36.0-255,66,4737,19,221942
1249,5.9e-05,172.217.194.0-255,7156,11893,19,221942
1250,6.2e-05,172.31.36.0-255,66,11959,19,221942
1251,6.6e-05,172.217.194.0-255,1975,13934,19,221942
1252,6.9e-05,172.31.36.0-255,66,14000,19,221942
1253,0.000173,172.217.194.0-255,1484,15484,19,221942
1254,0.000178,172.31.36.0-255,66,15550,19,221942
1255,0.000184,172.217.194.0-255,2902,18452,19,221942
1256,0.000187,172.31.36.0-255,66,18518,19,221942
1257,0.00019,172.217.194.0-255,1484,20002,19,221942
1258,0.000191,172.31.36.0-255,66,20068,19,221942
1259,0.000232,172.217.194.0-255,4320,24388,19,221942
1260,0.000236,172.31.36.0-255,66,24454,19,221942
1261,0.000243,172.217.194.0-255,6797,31251,19,221942
1262,0.000246,172.31.36.0-255,66,31317,19,221942
1263,0.000265,172.31.36.0-255,66,31383,19,221942
1264,0.000271,172.217.194.0-255,5738,37121,19,221942
1265,0.000273,172.31.36.0-255,66,37187,19,221942
1266,0.000319,172.31.36.0-255,66,37253,19,221942
1267,0.000322,172.217.194.0-255,380,37633,19,221942
1268,0.000324,172.31.36.0-255,66,37699,19,221942
1269,0.000358,172.217.194.0-255,365,38064,19,221942
1270,0.000363,172.31.36.0-255,66,38130,19,221942
1271,0.00048,172.217.194.0-255,1484,39614,19,221942
1272,0.000484,172.31.36.0-255,66,39680,19,221942
1273,0.000489,172.217.194.0-255,2902,42582,19,221942
1274,0.000494,172.31.36.0-255,66,42648,19,221942
1275,0.000525,172.217.194.0-255,5738,48386,19,221942
1276,0.000528,172.31.36.0-255,66,48452,19,221942
1277,0.000536,172.217.194.0-255,6246,54698,19,221942
1278,0.000538,172.31.36.0-255,66,54764,19,221942
1279,0.001153,172.217.194.0-255,1484,56248,19,221942
1280,0.001165,172.217.194.0-255,2902,59150,19,221942
1281,0.001169,172.31.36.0-255,66,59216,19,221942
1282,0.001176,172.217.194.0-255,5738,64954,19,221942
1283,0.001178,172.31.36.0-255,66,65020,19,221942
1284,0.001217,172.31.36.0-255,66,65086,19,221942
1285,0.001222,172.217.194.0-255,2902,67988,19,221942
1286,0.001224,172.31.36.0-255,66,68054,19,221942
1287,0.001265,172.217.194.0-255,7856,75910,19,221942
1288,0.001269,172.31.36.0-255,66,75976,19,221942
1289,0.001634,172.217.194.0-255,1484,77460,19,221942
1290,0.001642,172.217.194.0-255,2902,80362,19,221942
1291,0.001646,172.31.36.0-255,66,80428,19,221942
1292,0.001652,172.217.194.0-255,5738,86166,19,221942
1293,0.001654,172.31.36.0-255,66,86232,19,221942
1294,0.001704,172.31.36.0-255,66,86298,19,221942
1295,0.001713,172.217.194.0-255,10692,96990,19,221942
1296,0.001714,172.31.36.0-255,66,97056,19,221942
1297,0.001743,172.217.194.0-255,5738,102794,19,221942
1298,0.001746,172.31.36.0-255,66,102860,19,221942
1299,0.001774,172.217.194.0-255,8574,111434,19,221942
1300,0.001776,172.31.36.0-255,66,111500,19,221942
1301,0.001787,172.31.36.0-255,66,111566,19,221942
1302,0.001809,172.217.194.0-255,4320,115886,19,221942
1303,0.001811,172.31.36.0-255,66,115952,19,221942
1304,0.001816,172.217.194.0-255,3602,119554,19,221942
1305,0.001818,172.31.36.0-255,66,119620,19,221942
1306,0.00183,172.217.194.0-255,2902,122522,19,221942
1307,0.001832,172.31.36.0-255,66,122588,19,221942
1308,0.001875,172.31.36.0-255,66,122654,19,221942
1309,0.001891,172.31.36.0-255,66,122720,19,221942
1310,0.001944,172.217.194.0-255,1484,124204,19,221942
1311,0.001947,172.217.194.0-255,2902,127106,19,221942
1312,0.001949,172.31.36.0-255,66,127172,19,221942
1313,0.001954,172.217.194.0-255,5738,132910,19,221942
1314,0.001956,172.31.36.0-255,66,132976,19,221942
1315,0.001966,172.217.194.0-255,7156,140132,19,221942
1316,0.001968,172.31.36.0-255,66,140198,19,221942
1317,0.001975,172.217.194.0-255,7156,147354,19,221942
1318,0.001976,172.31.36.0-255,66,147420,19,221942
1319,0.002001,172.217.194.0-255,7156,154576,19,221942
1320,0.002003,172.31.36.0-255,66,154642,19,221942
1321,0.002007,172.217.194.0-255,2184,156826,19,221942
1322,0.002008,172.31.36.0-255,66,156892,19,221942
1323,0.002041,172.217.194.0-255,1484,158376,19,221942
1324,0.002056,172.217.194.0-255,2902,161278,19,221942
1325,0.002059,172.31.36.0-255,66,161344,19,221942
1326,0.002062,172.217.194.0-255,2902,164246,19,221942
1327,0.002064,172.31.36.0-255,66,164312,19,221942
1328,0.002091,172.217.194.0-255,2902,167214,19,221942
1329,0.002093,172.31.36.0-255,66,167280,19,221942
1330,0.002104,172.31.36.0-255,66,167346,19,221942
1331,0.00211,172.217.194.0-255,7156,174502,19,221942
1332,0.002112,172.31.36.0-255,66,174568,19,221942
1333,0.002138,172.217.194.0-255,3602,178170,19,221942
1334,0.00214,172.31.36.0-255,66,178236,19,221942
1335,0.002177,172.217.194.0-255,1484,179720,19,221942
1336,0.002191,172.217.194.0-255,2902,182622,19,221942
1337,0.002193,172.31.36.0-255,66,182688,19,221942
1338,0.002218,172.217.194.0-255,4320,187008,19,221942
1339,0.00222,172.31.36.0-255,66,187074,19,221942
1340,0.002226,172.217.194.0-255,8574,195648,19,221942
1341,0.002228,172.31.36.0-255,66,195714,19,221942
1342,0.002256,172.217.194.0-255,4320,200034,19,221942
1343,0.002259,172.31.36.0-255,66,200100,19,221942
1344,0.0023,172.31.36.0-255,66,200166,19,221942
1345,0.002311,172.31.36.0-255,66,200232,19,221942
1346,0.002335,172.217.194.0-255,1484,201716,19,221942
1347,0.002337,172.31.36.0-255,78,201794,19,221942
1348,0.002341,172.217.194.0-255,2902,204696,19,221942
1349,0.002343,172.31.36.0-255,78,204774,19,221942
1350,0.002388,172.31.36.0-255,78,204852,19,221942
1351,0.00241,172.217.194.0-255,2184,207036,19,221942
1352,0.003121,172.31.36.0-255,66,207102,19,221942
1353,0.00468,172.217.194.0-255,2902,210004,19,221942
1354,0.004686,172.31.36.0-255,66,210070,19,221942
1355,0.005407,172.217.194.0-255,2902,212972,19,221942
1356,0.005411,172.31.36.0-255,66,213038,19,221942
1357,0.006988,172.217.194.0-255,2902,215940,19,221942
1358,0.006994,172.31.36.0-255,66,216006,19,221942
1359,0.007735,172.217.194.0-255,2902,218908,19,221942
1360,0.007742,172.31.36.0-255,66,218974,19,221942
1361,0.009289,172.217.194.0-255,2902,221876,19,221942
1362,0.009296,172.31.36.0-255,66,221942,19,221942
1363,0.0,74.125.24.0-255,146,146,19,161115
1364,6.5e-05,172.31.36.0-255,66,212,19,161115
1365,7.2e-05,74.125.24.0-255,1484,1696,19,161115
1366,7.6e-05,172.31.36.0-255,66,1762,19,161115
1367,8.2e-05,74.125.24.0-255,2902,4664,19,161115
1368,8.5e-05,172.31.36.0-255,66,4730,19,161115
1369,9.2e-05,74.125.24.0-255,7156,11886,19,161115
1370,9.5e-05,172.31.36.0-255,66,11952,19,161115
1371,9.9e-05,74.125.24.0-255,2028,13980,19,161115
1372,0.000101,172.31.36.0-255,66,14046,19,161115
1373,0.000149,74.125.24.0-255,1484,15530,19,161115
1374,0.000152,172.31.36.0-255,66,15596,19,161115
1375,0.000157,74.125.24.0-255,2902,18498,19,161115
1376,0.00016,172.31.36.0-255,66,18564,19,161115
1377,0.000163,74.125.24.0-255,1484,20048,19,161115
1378,0.000164,172.31.36.0-255,66,20114,19,161115
1379,0.000187,74.125.24.0-255,4320,24434,19,161115
1380,0.00019,172.31.36.0-255,66,24500,19,161115
1381,0.000197,74.125.24.0-255,6797,31297,19,161115
1382,0.000199,172.31.36.0-255,66,31363,19,161115
1383,0.00087,74.125.24.0-255,1484,32847,19,161115
1384,0.000876,172.31.36.0-255,66,32913,19,161115
1385,0.000885,74.125.24.0-255,2902,35815,19,161115
1386,0.000888,172.31.36.0-255,66,35881,19,161115
1387,0.000894,74.125.24.0-255,5738,41619,19,161115
1388,0.000895,172.31.36.0-255,66,41685,19,161115
1389,0.000922,74.125.24.0-255,5738,47423,19,161115
1390,0.000925,172.31.36.0-255,66,47489,19,161115
1391,0.000948,74.125.24.0-255,8215,55704,19,161115
1392,0.000951,172.31.36.0-255,66,55770,19,161115
1393,0.00096,74.125.24.0-255,9944,65714,19,161115
1394,0.000962,172.31.36.0-255,66,65780,19,161115
1395,0.000983,74.125.24.0-255,345,66125,19,161115
1396,0.000987,172.31.36.0-255,66,66191,19,161115
1397,0.001132,74.125.24.0-255,1484,67675,19,161115
1398,0.001136,172.31.36.0-255,66,67741,19,161115
1399,0.001157,74.125.24.0-255,2902,70643,19,161115
1400,0.00116,172.31.36.0-255,66,70709,19,161115
1401,0.001165,74.125.24.0-255,5738,76447,19,161115
1402,0.001168,172.31.36.0-255,66,76513,19,161115
1403,0.001196,74.125.24.0-255,8215,84728,19,161115
1404,0.001199,172.31.36.0-255,66,84794,19,161115
1405,0.001205,74.125.24.0-255,7156,91950,19,161115
1406,0.001208,172.31.36.0-255,66,92016,19,161115
1407,0.001221,74.125.24.0-255,1484,93500,19,161115
1408,0.001224,172.31.36.0-255,66,93566,19,161115
1409,0.001242,74.125.24.0-255,4320,97886,19,161115
1410,0.001244,172.31.36.0-255,66,97952,19,161115
1411,0.001263,74.125.24.0-255,2543,100495,19,161115
1412,0.001266,172.31.36.0-255,66,100561,19,161115
1413,0.001514,74.125.24.0-255,1484,102045,19,161115
1414,0.001517,172.31.36.0-255,66,102111,19,161115
1415,0.001537,74.125.24.0-255,2902,105013,19,161115
1416,0.00154,172.31.36.0-255,66,105079,19,161115
1417,0.001545,74.125.24.0-255,5738,110817,19,161115
1418,0.001548,172.31.36.0-255,66,110883,19,161115
1419,0.001552,74.125.24.0-255,2902,113785,19,161115
1420,0.001554,172.31.36.0-255,66,113851,19,161115
1421,0.001582,74.125.24.0-255,5738,119589,19,161115
1422,0.001585,172.31.36.0-255,66,119655,19,161115
1423,0.001604,74.125.24.0-255,1484,121139,19,161115
1424,0.001792,74.125.24.0-255,1484,122623,19,161115
1425,0.001795,74.125.24.0-255,1484,124107,19,161115
1426,0.001806,74.125.24.0-255,1484,125591,19,161115
1427,0.00181,74.125.24.0-255,2902,128493,19,161115
1428,0.001827,74.125.24.0-255,2902,131395,19,161115
1429,0.001829,74.125.24.0-255,1484,132879,19,161115
1430,0.001875,74.125.24.0-255,8574,141453,19,161115
1431,0.001885,74.125.24.0-255,2184,143637,19,161115
1432,0.00318,172.31.36.0-255,66,143703,19,161115
1433,0.005174,74.125.24.0-255,5738,149441,19,161115
1434,0.005179,172.31.36.0-255,66,149507,19,161115
1435,0.007166,74.125.24.0-255,5738,155245,19,161115
1436,0.007172,172.31.36.0-255,66,155311,19,161115
1437,0.009164,74.125.24.0-255,5738,161049,19,161115
1438,0.009171,172.31.36.0-255,66,161115,19,161115
1439,0.0,172.217.194.0-255,146,146,19,315390
1440,1.7e-05,172.31.36.0-255,66,212,19,315390
1441,2.4e-05,172.217.194.0-255,1484,1696,19,315390
1442,2.9e-05,172.31.36.0-255,66,1762,19,315390
1443,3.5e-05,172.217.194.0-255,2902,4664,19,315390
1444,4.7e-05,172.31.36.0-255,66,4730,19,315390
1445,5.6e-05,172.217.194.0-255,7156,11886,19,315390
1446,5.9e-05,172.31.36.0-255,66,11952,19,315390
1447,0.000117,172.217.194.0-255,6403,18355,19,315390
1448,0.000122,172.31.36.0-255,66,18421,19,315390
1449,0.000127,172.217.194.0-255,2902,21323,19,315390
1450,0.000129,172.31.36.0-255,66,21389,19,315390
1451,0.000157,172.217.194.0-255,4320,25709,19,315390
1452,0.000161,172.31.36.0-255,66,25775,19,315390
1453,0.000167,172.217.194.0-255,5379,31154,19,315390
1454,0.00017,172.31.36.0-255,66,31220,19,315390
1455,0.000213,172.217.194.0-255,5738,36958,19,315390
1456,0.000216,172.31.36.0-255,66,37024,19,315390
1457,0.000222,172.217.194.0-255,4320,41344,19,315390
1458,0.000225,172.31.36.0-255,66,41410,19,315390
1459,0.000252,172.217.194.0-255,2902,44312,19,315390
1460,0.000254,172.31.36.0-255,66,44378,19,315390
1461,0.000275,172.217.194.0-255,3961,48339,19,315390
1462,0.000277,172.31.36.0-255,66,48405,19,315390
1463,0.000309,172.217.194.0-255,7156,55561,19,315390
1464,0.000312,172.31.36.0-255,66,55627,19,315390
1465,0.000321,172.217.194.0-255,8574,64201,19,315390
1466,0.000323,172.31.36.0-255,66,64267,19,315390
1467,0.000348,172.217.194.0-255,1420,65687,19,315390
1468,0.00035,172.31.36.0-255,66,65753,19,315390
1469,0.000386,172.217.194.0-255,383,66136,19,315390
1470,0.000389,172.31.36.0-255,66,66202,19,315390
1471,0.000506,172.217.194.0-255,1484,67686,19,315390
1472,0.000512,172.217.194.0-255,2902,70588,19,315390
1473,0.000516,172.31.36.0-255,66,70654,19,315390
1474,0.000523,172.217.194.0-255,5738,76392,19,315390
1475,0.000526,172.31.36.0-255,66,76458,19,315390
1476,0.00057,172.217.194.0-255,6797,83255,19,315390
1477,0.000573,172.31.36.0-255,66,83321,19,315390
1478,0.000581,172.217.194.0-255,7156,90477,19,315390
1479,0.000584,172.31.36.0-255,66,90543,19,315390
1480,0.000609,172.217.194.0-255,4320,94863,19,315390
1481,0.000612,172.31.36.0-255,66,94929,19,315390
1482,0.000637,172.217.194.0-255,5379,100308,19,315390
1483,0.000644,172.31.36.0-255,66,100374,19,315390
1484,0.000974,172.217.194.0-255,1484,101858,19,315390
1485,0.000978,172.217.194.0-255,1484,103342,19,315390
1486,0.00099,172.31.36.0-255,66,103408,19,315390
1487,0.000994,172.217.194.0-255,1484,104892,19,315390
1488,0.001001,172.217.194.0-255,5738,110630,19,315390
1489,0.001007,172.31.36.0-255,66,110696,19,315390
1490,0.001013,172.217.194.0-255,4320,115016,19,315390
1491,0.001016,172.31.36.0-255,66,115082,19,315390
1492,0.001047,172.217.194.0-255,5738,120820,19,315390
1493,0.001053,172.31.36.0-255,66,120886,19,315390
1494,0.001085,172.31.36.0-255,66,120952,19,315390
1495,0.00111,172.217.194.0-255,766,121718,19,315390
1496,0.001254,172.217.194.0-255,1484,123202,19,315390
1497,0.001258,172.31.36.0-255,66,123268,19,315390
1498,0.001292,172.217.194.0-255,2902,126170,19,315390
1499,0.001295,172.31.36.0-255,66,126236,19,315390
1500,0.001301,172.217.194.0-255,5738,131974,19,315390
1501,0.001303,172.31.36.0-255,66,132040,19,315390
1502,0.001329,172.217.194.0-255,5738,137778,19,315390
1503,0.001332,172.31.36.0-255,66,137844,19,315390
1504,0.001375,172.31.36.0-255,66,137910,19,315390
1505,0.001404,172.217.194.0-255,5020,142930,19,315390
1506,0.001407,172.31.36.0-255,66,142996,19,315390
1507,0.001753,172.217.194.0-255,1484,144480,19,315390
1508,0.00176,172.217.194.0-255,2902,147382,19,315390
1509,0.001763,172.31.36.0-255,66,147448,19,315390
1510,0.001767,172.217.194.0-255,1484,148932,19,315390
1511,0.001796,172.217.194.0-255,4320,153252,19,315390
1512,0.001799,172.31.36.0-255,66,153318,19,315390
1513,0.001806,172.217.194.0-255,7156,160474,19,315390
1514,0.001808,172.31.36.0-255,66,160540,19,315390
1515,0.001838,172.217.194.0-255,5738,166278,19,315390
1516,0.00184,172.31.36.0-255,66,166344,19,315390
1517,0.001851,172.217.194.0-255,10692,177036,19,315390
1518,0.001853,172.31.36.0-255,66,177102,19,315390
1519,0.002479,172.217.194.0-255,1484,178586,19,315390
1520,0.002486,172.217.194.0-255,2902,181488,19,315390
1521,0.002489,172.31.36.0-255,66,181554,19,315390
1522,0.002495,172.217.194.0-255,4320,185874,19,315390
1523,0.002498,172.31.36.0-255,66,185940,19,315390
1524,0.002521,172.217.194.0-255,1484,187424,19,315390
1525,0.002534,172.217.194.0-255,7156,194580,19,315390
1526,0.002536,172.31.36.0-255,66,194646,19,315390
1527,0.002571,172.217.194.0-255,9992,204638,19,315390
1528,0.002574,172.31.36.0-255,66,204704,19,315390
1529,0.002605,172.217.194.0-255,4320,209024,19,315390
1530,0.002609,172.217.194.0-255,2184,211208,19,315390
1531,0.002614,172.31.36.0-255,66,211274,19,315390
1532,0.002617,172.31.36.0-255,66,211340,19,315390
1533,0.002802,172.217.194.0-255,1484,212824,19,315390
1534,0.002825,172.217.194.0-255,1484,214308,19,315390
1535,0.002828,172.31.36.0-255,66,214374,19,315390
1536,0.00286,172.217.194.0-255,4320,218694,19,315390
1537,0.002864,172.31.36.0-255,66,218760,19,315390
1538,0.002884,172.217.194.0-255,9992,228752,19,315390
1539,0.002887,172.31.36.0-255,66,228818,19,315390
1540,0.002893,172.217.194.0-255,2902,231720,19,315390
1541,0.002895,172.31.36.0-255,66,231786,19,315390
1542,0.002898,172.217.194.0-255,1484,233270,19,315390
1543,0.002905,172.217.194.0-255,4320,237590,19,315390
1544,0.002907,172.31.36.0-255,66,237656,19,315390
1545,0.00291,172.217.194.0-255,1484,239140,19,315390
1546,0.002951,172.217.194.0-255,1484,240624,19,315390
1547,0.002953,172.31.36.0-255,66,240690,19,315390
1548,0.002963,172.217.194.0-255,4320,245010,19,315390
1549,0.002965,172.31.36.0-255,66,245076,19,315390
1550,0.002991,172.217.194.0-255,7856,252932,19,315390
1551,0.002994,172.31.36.0-255,66,252998,19,315390
1552,0.002997,172.217.194.0-255,1484,254482,19,315390
1553,0.003028,172.217.194.0-255,7156,261638,19,315390
1554,0.003031,172.31.36.0-255,66,261704,19,315390
1555,0.003034,172.217.194.0-255,1484,263188,19,315390
1556,0.00308,172.31.36.0-255,66,263254,19,315390
1557,0.003103,172.217.194.0-255,9992,273246,19,315390
1558,0.003106,172.31.36.0-255,66,273312,19,315390
1559,0.003139,172.217.194.0-255,10692,284004,19,315390
1560,0.003143,172.31.36.0-255,66,284070,19,315390
1561,0.003155,172.31.36.0-255,66,284136,19,315390
1562,0.003173,172.217.194.0-255,3602,287738,19,315390
1563,0.003176,172.31.36.0-255,66,287804,19,315390
1564,0.003194,172.31.36.0-255,66,287870,19,315390
1565,0.003207,172.31.36.0-255,66,287936,19,315390
1566,0.003214,172.217.194.0-255,5738,293674,19,315390
1567,0.003217,172.31.36.0-255,66,293740,19,315390
1568,0.003231,172.217.194.0-255,3602,297342,19,315390
1569,0.003233,172.31.36.0-255,66,297408,19,315390
1570,0.003236,172.217.194.0-255,1484,298892,19,315390
1571,0.00325,172.217.194.0-255,9992,308884,19,315390
1572,0.003253,172.31.36.0-255,66,308950,19,315390
1573,0.003303,172.31.36.0-255,66,309016,19,315390
1574,0.003336,172.217.194.0-255,6203,315219,19,315390
1575,0.003339,172.31.36.0-255,66,315285,19,315390
1576,0.003343,172.217.194.0-255,105,315390,19,315390
1577,0.0,172.217.194.0-255,150,150,19,224302
1578,2.9e-05,172.31.36.0-255,66,216,19,224302
1579,3.5e-05,172.217.194.0-255,1484,1700,19,224302
1580,3.9e-05,172.31.36.0-255,66,1766,19,224302
1581,4.4e-05,172.217.194.0-255,2902,4668,19,224302
1582,4.6e-05,172.31.36.0-255,66,4734,19,224302
1583,5.1e-05,172.217.194.0-255,2902,7636,19,224302
1584,5.3e-05,172.31.36.0-255,66,7702,19,224302
1585,9.5e-05,172.217.194.0-255,2902,10604,19,224302
1586,9.8e-05,172.31.36.0-255,66,10670,19,224302
1587,0.000119,172.217.194.0-255,4910,15580,19,224302
1588,0.000121,172.31.36.0-255,66,15646,19,224302
1589,0.000127,172.217.194.0-255,4320,19966,19,224302
1590,0.00013,172.31.36.0-255,66,20032,19,224302
1591,0.000135,172.217.194.0-255,4320,24352,19,224302
1592,0.000137,172.31.36.0-255,66,24418,19,224302
1593,0.000175,172.217.194.0-255,9992,34410,19,224302
1594,0.000178,172.31.36.0-255,66,34476,19,224302
1595,0.000192,172.31.36.0-255,66,34542,19,224302
1596,0.000224,172.217.194.0-255,5738,40280,19,224302
1597,0.000227,172.31.36.0-255,66,40346,19,224302
1598,0.000233,172.217.194.0-255,7156,47502,19,224302
1599,0.000236,172.31.36.0-255,66,47568,19,224302
1600,0.000256,172.217.194.0-255,4266,51834,19,224302
1601,0.000259,172.31.36.0-255,66,51900,19,224302
1602,0.000283,172.217.194.0-255,1484,53384,19,224302
1603,0.000286,172.31.36.0-255,66,53450,19,224302
1604,0.000304,172.217.194.0-255,2902,56352,19,224302
1605,0.000307,172.31.36.0-255,66,56418,19,224302
1606,0.000311,172.217.194.0-255,1484,57902,19,224302
1607,0.000313,172.31.36.0-255,66,57968,19,224302
1608,0.000341,172.217.194.0-255,8574,66542,19,224302
1609,0.000345,172.31.36.0-255,66,66608,19,224302
1610,0.000361,172.217.194.0-255,3916,70524,19,224302
1611,0.000362,172.31.36.0-255,66,70590,19,224302
1612,0.000366,172.31.36.0-255,66,70656,19,224302
1613,0.000468,172.217.194.0-255,1484,72140,19,224302
1614,0.000481,172.217.194.0-255,1484,73624,19,224302
1615,0.000484,172.31.36.0-255,66,73690,19,224302
1616,0.000506,172.217.194.0-255,1484,75174,19,224302
1617,0.000512,172.217.194.0-255,5738,80912,19,224302
1618,0.000515,172.31.36.0-255,66,80978,19,224302
1619,0.000524,172.217.194.0-255,7156,88134,19,224302
1620,0.000526,172.31.36.0-255,66,88200,19,224302
1621,0.000541,172.217.194.0-255,5738,93938,19,224302
1622,0.000545,172.31.36.0-255,66,94004,19,224302
1623,0.000579,172.217.194.0-255,10692,104696,19,224302
1624,0.000583,172.31.36.0-255,66,104762,19,224302
1625,0.000789,172.217.194.0-255,1484,106246,19,224302
1626,0.000794,172.217.194.0-255,2902,109148,19,224302
1627,0.000797,172.31.36.0-255,66,109214,19,224302
1628,0.000816,172.217.194.0-255,2902,112116,19,224302
1629,0.000818,172.31.36.0-255,66,112182,19,224302
1630,0.000842,172.217.194.0-255,2902,115084,19,224302
1631,0.000845,172.31.36.0-255,66,115150,19,224302
1632,0.000857,172.31.36.0-255,66,115216,19,224302
1633,0.000874,172.217.194.0-255,1484,116700,19,224302
1634,0.000882,172.217.194.0-255,8574,125274,19,224302
1635,0.000884,172.31.36.0-255,66,125340,19,224302
1636,0.000905,172.217.194.0-255,2184,127524,19,224302
1637,0.000907,172.31.36.0-255,66,127590,19,224302
1638,0.001248,172.217.194.0-255,1484,129074,19,224302
1639,0.001253,172.217.194.0-255,2902,131976,19,224302
1640,0.001256,172.31.36.0-255,66,132042,19,224302
1641,0.001276,172.217.194.0-255,5738,137780,19,224302
1642,0.001279,172.31.36.0-255,66,137846,19,224302
1643,0.001306,172.31.36.0-255,66,137912,19,224302
1644,0.001325,172.217.194.0-255,1484,139396,19,224302
1645,0.001331,172.217.194.0-255,5738,145134,19,224302
1646,0.001335,172.31.36.0-255,66,145200,19,224302
1647,0.001357,172.217.194.0-255,5020,150220,19,224302
1648,0.001359,172.31.36.0-255,66,150286,19,224302
1649,0.001553,172.217.194.0-255,1484,151770,19,224302
1650,0.001557,172.217.194.0-255,1484,153254,19,224302
1651,0.00156,172.31.36.0-255,66,153320,19,224302
1652,0.001576,172.217.194.0-255,1484,154804,19,224302
1653,0.001582,172.217.194.0-255,4320,159124,19,224302
1654,0.001584,172.31.36.0-255,66,159190,19,224302
1655,0.00159,172.217.194.0-255,5738,164928,19,224302
1656,0.001593,172.31.36.0-255,66,164994,19,224302
1657,0.001632,172.31.36.0-255,66,165060,19,224302
1658,0.00164,172.217.194.0-255,7856,172916,19,224302
1659,0.001643,172.31.36.0-255,66,172982,19,224302
1660,0.001684,172.217.194.0-255,1484,174466,19,224302
1661,0.001705,172.217.194.0-255,7156,181622,19,224302
1662,0.001708,172.31.36.0-255,66,181688,19,224302
1663,0.001722,172.217.194.0-255,9992,191680,19,224302
1664,0.001725,172.31.36.0-255,66,191746,19,224302
1665,0.001731,172.217.194.0-255,4320,196066,19,224302
1666,0.001734,172.31.36.0-255,66,196132,19,224302
1667,0.001769,172.217.194.0-255,10692,206824,19,224302
1668,0.001772,172.31.36.0-255,66,206890,19,224302
1669,0.004078,172.217.194.0-255,5738,212628,19,224302
1670,0.004085,172.31.36.0-255,66,212694,19,224302
1671,0.00639,172.217.194.0-255,5738,218432,19,224302
1672,0.006398,172.31.36.0-255,66,218498,19,224302
1673,0.008687,172.217.194.0-255,5738,224236,19,224302
1674,0.008693,172.31.36.0-255,66,224302,19,224302
1675,0.0,172.217.194.0-255,153,153,19,191354
1676,2.3e-05,172.31.36.0-255,66,219,19,191354
1677,3e-05,172.217.194.0-255,1484,1703,19,191354
1678,3.5e-05,172.31.36.0-255,66,1769,19,191354
1679,4.9e-05,172.217.194.0-255,2902,4671,19,191354
1680,5.2e-05,172.31.36.0-255,66,4737,19,191354
1681,5.9e-05,172.217.194.0-255,5738,10475,19,191354
1682,6.2e-05,172.31.36.0-255,66,10541,19,191354
1683,6.9e-05,172.217.194.0-255,6331,16872,19,191354
1684,7.3e-05,172.31.36.0-255,66,16938,19,191354
1685,7.9e-05,172.217.194.0-255,5738,22676,19,191354
1686,8.2e-05,172.31.36.0-255,66,22742,19,191354
1687,0.000124,172.217.194.0-255,4320,27062,19,191354
1688,0.000128,172.31.36.0-255,66,27128,19,191354
1689,0.000162,172.217.194.0-255,3961,31089,19,191354
1690,0.000165,172.31.36.0-255,66,31155,19,191354
1691,0.000175,172.217.194.0-255,8574,39729,19,191354
1692,0.000177,172.31.36.0-255,66,39795,19,191354
1693,0.00019,172.217.194.0-255,7156,46951,19,191354
1694,0.000192,172.31.36.0-255,66,47017,19,191354
1695,0.000217,172.217.194.0-255,1125,48142,19,191354
1696,0.000219,172.31.36.0-255,66,48208,19,191354
1697,0.000561,172.217.194.0-255,1484,49692,19,191354
1698,0.000566,172.217.194.0-255,2902,52594,19,191354
1699,0.000576,172.31.36.0-255,66,52660,19,191354
1700,0.000581,172.31.36.0-255,66,52726,19,191354
1701,0.000587,172.217.194.0-255,4320,57046,19,191354
1702,0.00059,172.31.36.0-255,66,57112,19,191354
1703,0.000643,172.217.194.0-255,4320,61432,19,191354
1704,0.000647,172.31.36.0-255,66,61498,19,191354
1705,0.000665,172.217.194.0-255,3961,65459,19,191354
1706,0.000667,172.31.36.0-255,66,65525,19,191354
1707,0.000671,172.217.194.0-255,1484,67009,19,191354
1708,0.000701,172.217.194.0-255,7156,74165,19,191354
1709,0.000704,172.31.36.0-255,66,74231,19,191354
1710,0.000711,172.217.194.0-255,5738,79969,19,191354
1711,0.000714,172.31.36.0-255,66,80035,19,191354
1712,0.000723,172.217.194.0-255,2902,82937,19,191354
1713,0.000724,172.31.36.0-255,66,83003,19,191354
1714,0.000764,172.31.36.0-255,66,83069,19,191354
1715,0.000768,172.217.194.0-255,2543,85612,19,191354
1716,0.00077,172.31.36.0-255,66,85678,19,191354
1717,0.000773,172.217.194.0-255,646,86324,19,191354
1718,0.00138,172.217.194.0-255,1484,87808,19,191354
1719,0.001385,172.31.36.0-255,66,87874,19,191354
1720,0.001391,172.217.194.0-255,2902,90776,19,191354
1721,0.001393,172.31.36.0-255,66,90842,19,191354
1722,0.001396,172.217.194.0-255,1484,92326,19,191354
1723,0.001418,172.217.194.0-255,4320,96646,19,191354
1724,0.00142,172.31.36.0-255,66,96712,19,191354
1725,0.001439,172.31.36.0-255,66,96778,19,191354
1726,0.001483,172.217.194.0-255,10692,107470,19,191354
1727,0.001486,172.31.36.0-255,66,107536,19,191354
1728,0.00188,172.217.194.0-255,1484,109020,19,191354
1729,0.001886,172.217.194.0-255,2902,111922,19,191354
1730,0.001889,172.31.36.0-255,66,111988,19,191354
1731,0.001895,172.217.194.0-255,2902,114890,19,191354
1732,0.001897,172.31.36.0-255,66,114956,19,191354
1733,0.00192,172.217.194.0-255,2902,117858,19,191354
1734,0.001922,172.31.36.0-255,66,117924,19,191354
1735,0.001926,172.217.194.0-255,1484,119408,19,191354
1736,0.001938,172.217.194.0-255,8574,127982,19,191354
1737,0.00194,172.31.36.0-255,66,128048,19,191354
1738,0.001973,172.217.194.0-255,7156,135204,19,191354
1739,0.001975,172.31.36.0-255,66,135270,19,191354
1740,0.002003,172.217.194.0-255,6438,141708,19,191354
1741,0.002006,172.31.36.0-255,66,141774,19,191354
1742,0.002158,172.217.194.0-255,1484,143258,19,191354
1743,0.002163,172.217.194.0-255,2902,146160,19,191354
1744,0.002169,172.31.36.0-255,66,146226,19,191354
1745,0.002181,172.217.194.0-255,5738,151964,19,191354
1746,0.002183,172.31.36.0-255,66,152030,19,191354
1747,0.002222,172.31.36.0-255,66,152096,19,191354
1748,0.002233,172.217.194.0-255,10692,162788,19,191354
1749,0.00224,172.31.36.0-255,66,162854,19,191354
1750,0.002294,172.217.194.0-255,4320,167174,19,191354
1751,0.002296,172.31.36.0-255,66,167240,19,191354
1752,0.002339,172.31.36.0-255,66,167306,19,191354
1753,0.002342,172.217.194.0-255,1484,168790,19,191354
1754,0.002354,172.217.194.0-255,6438,175228,19,191354
1755,0.002356,172.31.36.0-255,66,175294,19,191354
1756,0.00464,172.217.194.0-255,5738,181032,19,191354
1757,0.004648,172.31.36.0-255,66,181098,19,191354
1758,0.006868,172.217.194.0-255,4320,185418,19,191354
1759,0.006872,172.31.36.0-255,66,185484,19,191354
1760,0.006896,172.217.194.0-255,1484,186968,19,191354
1761,0.009132,172.217.194.0-255,4320,191288,19,191354
1762,0.009139,172.31.36.0-255,66,191354,19,191354
1763,0.0,172.31.36.0-255,105,105,19,276
1764,0.001822,157.240.13.0-255,105,210,19,276
1765,0.001834,172.31.36.0-255,66,276,19,276
1766,0.0,74.125.200.0-255,151,151,19,142555
1767,3e-05,172.31.36.0-255,66,217,19,142555
1768,3.6e-05,74.125.200.0-255,1484,1701,19,142555
1769,4e-05,172.31.36.0-255,66,1767,19,142555
1770,4.4e-05,74.125.200.0-255,2902,4669,19,142555
1771,4.7e-05,172.31.36.0-255,66,4735,19,142555
1772,8.3e-05,74.125.200.0-255,7156,11891,19,142555
1773,8.8e-05,172.31.36.0-255,66,11957,19,142555
1774,9.2e-05,74.125.200.0-255,2039,13996,19,142555
1775,9.5e-05,172.31.36.0-255,66,14062,19,142555
1776,0.000326,74.125.200.0-255,1484,15546,19,142555
1777,0.00033,172.31.36.0-255,66,15612,19,142555
1778,0.000358,74.125.200.0-255,2902,18514,19,142555
1779,0.000362,172.31.36.0-255,66,18580,19,142555
1780,0.000369,74.125.200.0-255,5738,24318,19,142555
1781,0.000371,172.31.36.0-255,66,24384,19,142555
1782,0.000419,74.125.200.0-255,6797,31181,19,142555
1783,0.000423,172.31.36.0-255,66,31247,19,142555
1784,0.000428,74.125.200.0-255,2902,34149,19,142555
1785,0.000431,172.31.36.0-255,66,34215,19,142555
1786,0.000471,74.125.200.0-255,4320,38535,19,142555
1787,0.000475,74.125.200.0-255,4320,42855,19,142555
1788,0.000477,172.31.36.0-255,66,42921,19,142555
1789,0.000482,172.31.36.0-255,66,42987,19,142555
1790,0.000491,74.125.200.0-255,5379,48366,19,142555
1791,0.000498,172.31.36.0-255,66,48432,19,142555
1792,0.001431,74.125.200.0-255,1484,49916,19,142555
1793,0.001437,172.31.36.0-255,66,49982,19,142555
1794,0.001447,74.125.200.0-255,2902,52884,19,142555
1795,0.001449,172.31.36.0-255,66,52950,19,142555
1796,0.00146,74.125.200.0-255,4320,57270,19,142555
1797,0.001463,172.31.36.0-255,66,57336,19,142555
1798,0.001496,74.125.200.0-255,9633,66969,19,142555
1799,0.001498,172.31.36.0-255,66,67035,19,142555
1800,0.001502,74.125.200.0-255,4320,71355,19,142555
1801,0.001504,172.31.36.0-255,66,71421,19,142555
1802,0.001564,74.125.200.0-255,7156,78577,19,142555
1803,0.001567,172.31.36.0-255,66,78643,19,142555
1804,0.001592,74.125.200.0-255,4541,83184,19,142555
1805,0.001594,172.31.36.0-255,66,83250,19,142555
1806,0.0016,74.125.200.0-255,5738,88988,19,142555
1807,0.001603,172.31.36.0-255,66,89054,19,142555
1808,0.001627,74.125.200.0-255,1484,90538,19,142555
1809,0.001635,74.125.200.0-255,7156,97694,19,142555
1810,0.001638,172.31.36.0-255,66,97760,19,142555
1811,0.001663,74.125.200.0-255,1484,99244,19,142555
1812,0.001666,74.125.200.0-255,1125,100369,19,142555
1813,0.001668,172.31.36.0-255,66,100435,19,142555
1814,0.002255,74.125.200.0-255,1484,101919,19,142555
1815,0.00227,74.125.200.0-255,2902,104821,19,142555
1816,0.002273,172.31.36.0-255,66,104887,19,142555
1817,0.002297,74.125.200.0-255,5738,110625,19,142555
1818,0.0023,172.31.36.0-255,66,110691,19,142555
1819,0.002304,74.125.200.0-255,2902,113593,19,142555
1820,0.002306,172.31.36.0-255,66,113659,19,142555
1821,0.002323,74.125.200.0-255,1484,115143,19,142555
1822,0.002357,172.31.36.0-255,66,115209,19,142555
1823,0.002362,74.125.200.0-255,4320,119529,19,142555
1824,0.002364,172.31.36.0-255,66,119595,19,142555
1825,0.002387,74.125.200.0-255,3602,123197,19,142555
1826,0.002394,172.31.36.0-255,66,123263,19,142555
1827,0.002508,74.125.200.0-255,1484,124747,19,142555
1828,0.002519,74.125.200.0-255,2902,127649,19,142555
1829,0.002522,172.31.36.0-255,66,127715,19,142555
1830,0.002545,74.125.200.0-255,2902,130617,19,142555
1831,0.002548,172.31.36.0-255,66,130683,19,142555
1832,0.005025,74.125.200.0-255,2902,133585,19,142555
1833,0.00503,172.31.36.0-255,66,133651,19,142555
1834,0.005052,74.125.200.0-255,2902,136553,19,142555
1835,0.005054,172.31.36.0-255,66,136619,19,142555
1836,0.007585,74.125.200.0-255,2902,139521,19,142555
1837,0.007591,172.31.36.0-255,66,139587,19,142555
1838,0.007624,74.125.200.0-255,2902,142489,19,142555
1839,0.007627,172.31.36.0-255,66,142555,19,142555
1840,0.0,172.217.194.0-255,143,143,19,275329
1841,2.8e-05,172.31.36.0-255,66,209,19,275329
1842,3.5e-05,172.217.194.0-255,1484,1693,19,275329
1843,3.9e-05,172.31.36.0-255,66,1759,19,275329
1844,4.5e-05,172.217.194.0-255,2902,4661,19,275329
1845,5.5e-05,172.31.36.0-255,66,4727,19,275329
1846,6.2e-05,172.217.194.0-255,7156,11883,19,275329
1847,6.4e-05,172.31.36.0-255,66,11949,19,275329
1848,7.1e-05,172.217.194.0-255,4873,16822,19,275329
1849,7.3e-05,172.31.36.0-255,66,16888,19,275329
1850,7.8e-05,172.217.194.0-255,4320,21208,19,275329
1851,8e-05,172.31.36.0-255,66,21274,19,275329
1852,0.000123,172.217.194.0-255,9633,30907,19,275329
1853,0.000126,172.31.36.0-255,66,30973,19,275329
1854,0.000149,172.217.194.0-255,1484,32457,19,275329
1855,0.000152,172.31.36.0-255,66,32523,19,275329
1856,0.000166,172.217.194.0-255,2902,35425,19,275329
1857,0.000174,172.31.36.0-255,66,35491,19,275329
1858,0.00018,172.217.194.0-255,5738,41229,19,275329
1859,0.000182,172.31.36.0-255,66,41295,19,275329
1860,0.000224,172.31.36.0-255,66,41361,19,275329
1861,0.000233,172.217.194.0-255,9924,51285,19,275329
1862,0.000236,172.31.36.0-255,66,51351,19,275329
1863,0.000239,172.217.194.0-255,100,51451,19,275329
1864,0.00024,172.31.36.0-255,66,51517,19,275329
1865,0.000308,172.217.194.0-255,361,51878,19,275329
1866,0.000312,172.31.36.0-255,66,51944,19,275329
1867,0.000501,172.217.194.0-255,1484,53428,19,275329
1868,0.000505,172.31.36.0-255,66,53494,19,275329
1869,0.000511,172.217.194.0-255,2902,56396,19,275329
1870,0.000514,172.31.36.0-255,66,56462,19,275329
1871,0.000526,172.217.194.0-255,5738,62200,19,275329
1872,0.000529,172.31.36.0-255,66,62266,19,275329
1873,0.000541,172.217.194.0-255,1484,63750,19,275329
1874,0.000581,172.31.36.0-255,66,63816,19,275329
1875,0.000592,172.217.194.0-255,10692,74508,19,275329
1876,0.000596,172.31.36.0-255,66,74574,19,275329
1877,0.000886,172.217.194.0-255,1484,76058,19,275329
1878,0.000893,172.217.194.0-255,2902,78960,19,275329
1879,0.000897,172.31.36.0-255,66,79026,19,275329
1880,0.000904,172.217.194.0-255,5738,84764,19,275329
1881,0.000907,172.31.36.0-255,66,84830,19,275329
1882,0.00094,172.31.36.0-255,66,84896,19,275329
1883,0.000949,172.217.194.0-255,9992,94888,19,275329
1884,0.000951,172.31.36.0-255,66,94954,19,275329
1885,0.001019,172.217.194.0-255,7856,102810,19,275329
1886,0.001024,172.31.36.0-255,66,102876,19,275329
1887,0.001031,172.217.194.0-255,8574,111450,19,275329
1888,0.001034,172.31.36.0-255,66,111516,19,275329
1889,0.001052,172.31.36.0-255,66,111582,19,275329
1890,0.001149,172.217.194.0-255,1484,113066,19,275329
1891,0.001156,172.217.194.0-255,2902,115968,19,275329
1892,0.001159,172.31.36.0-255,66,116034,19,275329
1893,0.001187,172.217.194.0-255,5738,121772,19,275329
1894,0.001191,172.31.36.0-255,66,121838,19,275329
1895,0.0012,172.217.194.0-255,9992,131830,19,275329
1896,0.001202,172.31.36.0-255,66,131896,19,275329
1897,0.001241,172.217.194.0-255,2902,134798,19,275329
1898,0.001246,172.31.36.0-255,66,134864,19,275329
1899,0.001277,172.217.194.0-255,10692,145556,19,275329
1900,0.00128,172.31.36.0-255,66,145622,19,275329
1901,0.001744,172.217.194.0-255,1484,147106,19,275329
1902,0.001751,172.217.194.0-255,2902,150008,19,275329
1903,0.001755,172.31.36.0-255,66,150074,19,275329
1904,0.001785,172.217.194.0-255,5738,155812,19,275329
1905,0.001788,172.31.36.0-255,66,155878,19,275329
1906,0.001801,172.31.36.0-255,66,155944,19,275329
1907,0.001805,172.217.194.0-255,4320,160264,19,275329
1908,0.001808,172.31.36.0-255,66,160330,19,275329
1909,0.001833,172.217.194.0-255,6438,166768,19,275329
1910,0.001836,172.31.36.0-255,66,166834,19,275329
1911,0.001942,172.217.194.0-255,1484,168318,19,275329
1912,0.001945,172.217.194.0-255,1484,169802,19,275329
1913,0.001948,172.31.36.0-255,66,169868,19,275329
1914,0.001969,172.217.194.0-255,1484,171352,19,275329
1915,0.001975,172.217.194.0-255,5738,177090,19,275329
1916,0.001978,172.31.36.0-255,66,177156,19,275329
1917,0.001982,172.217.194.0-255,2902,180058,19,275329
1918,0.001984,172.31.36.0-255,66,180124,19,275329
1919,0.002024,172.217.194.0-255,9992,190116,19,275329
1920,0.002026,172.31.36.0-255,66,190182,19,275329
1921,0.002032,172.217.194.0-255,5738,195920,19,275329
1922,0.002035,172.31.36.0-255,66,195986,19,275329
1923,0.002037,172.217.194.0-255,1484,197470,19,275329
1924,0.002042,172.217.194.0-255,3602,201072,19,275329
1925,0.002046,172.31.36.0-255,66,201138,19,275329
1926,0.002076,172.217.194.0-255,9992,211130,19,275329
1927,0.002078,172.31.36.0-255,66,211196,19,275329
1928,0.002083,172.217.194.0-255,4320,215516,19,275329
1929,0.002091,172.217.194.0-255,8574,224090,19,275329
1930,0.002095,172.217.194.0-255,1484,225574,19,275329
1931,0.002098,172.31.36.0-255,66,225640,19,275329
1932,0.0021,172.31.36.0-255,66,225706,19,275329
1933,0.002126,172.217.194.0-255,9274,234980,19,275329
1934,0.002129,172.31.36.0-255,66,235046,19,275329
1935,0.002131,172.217.194.0-255,1484,236530,19,275329
1936,0.00217,172.217.194.0-255,8574,245104,19,275329
1937,0.002173,172.31.36.0-255,66,245170,19,275329
1938,0.00218,172.217.194.0-255,7156,252326,19,275329
1939,0.002182,172.31.36.0-255,66,252392,19,275329
1940,0.002185,172.217.194.0-255,2902,255294,19,275329
1941,0.002187,172.31.36.0-255,66,255360,19,275329
1942,0.002261,172.31.36.0-255,66,255426,19,275329
1943,0.002264,172.217.194.0-255,1484,256910,19,275329
1944,0.002282,172.31.36.0-255,66,256976,19,275329
1945,0.00229,172.217.194.0-255,9274,266250,19,275329
1946,0.002293,172.31.36.0-255,66,266316,19,275329
1947,0.002315,172.217.194.0-255,4320,270636,19,275329
1948,0.002318,172.31.36.0-255,66,270702,19,275329
1949,0.00232,172.217.194.0-255,1291,271993,19,275329
1950,0.002323,172.31.36.0-255,78,272071,19,275329
1951,0.002339,172.31.36.0-255,78,272149,19,275329
1952,0.002369,172.217.194.0-255,2184,274333,19,275329
1953,0.002372,172.31.36.0-255,66,274399,19,275329
1954,0.002376,172.217.194.0-255,105,274504,19,275329
1955,0.002378,172.217.194.0-255,129,274633,19,275329
1956,0.007745,172.31.36.0-255,105,274738,19,275329
1957,0.007769,172.31.36.0-255,105,274843,19,275329
1958,0.007987,172.31.36.0-255,90,274933,19,275329
1959,0.007997,172.31.36.0-255,66,274999,19,275329
1960,0.009691,172.217.194.0-255,66,275065,19,275329
1961,0.009726,172.217.194.0-255,66,275131,19,275329
1962,0.009923,172.217.194.0-255,66,275197,19,275329
1963,0.009951,172.217.194.0-255,66,275263,19,275329
1964,0.009956,172.31.36.0-255,66,275329,19,275329
1965,0.0,74.125.200.0-255,153,153,19,232467
1966,2.5e-05,172.31.36.0-255,66,219,19,232467
1967,5.8e-05,74.125.200.0-255,1484,1703,19,232467
1968,6.2e-05,172.31.36.0-255,66,1769,19,232467
1969,6.7e-05,74.125.200.0-255,2902,4671,19,232467
1970,6.9e-05,172.31.36.0-255,66,4737,19,232467
1971,9.5e-05,74.125.200.0-255,5738,10475,19,232467
1972,9.8e-05,172.31.36.0-255,66,10541,19,232467
1973,0.000101,74.125.200.0-255,1484,12025,19,232467
1974,0.000102,172.31.36.0-255,66,12091,19,232467
1975,0.000123,74.125.200.0-255,2063,14154,19,232467
1976,0.000126,172.31.36.0-255,66,14220,19,232467
1977,0.000307,74.125.200.0-255,1484,15704,19,232467
1978,0.000312,172.31.36.0-255,66,15770,19,232467
1979,0.000337,74.125.200.0-255,2902,18672,19,232467
1980,0.00034,172.31.36.0-255,66,18738,19,232467
1981,0.000367,74.125.200.0-255,5738,24476,19,232467
1982,0.00037,172.31.36.0-255,66,24542,19,232467
1983,0.000378,74.125.200.0-255,6797,31339,19,232467
1984,0.00038,172.31.36.0-255,66,31405,19,232467
1985,0.000457,74.125.200.0-255,1484,32889,19,232467
1986,0.000461,172.31.36.0-255,66,32955,19,232467
1987,0.000479,74.125.200.0-255,2902,35857,19,232467
1988,0.000483,172.31.36.0-255,66,35923,19,232467
1989,0.00049,74.125.200.0-255,1484,37407,19,232467
1990,0.000493,172.31.36.0-255,66,37473,19,232467
1991,0.000516,74.125.200.0-255,4320,41793,19,232467
1992,0.000519,172.31.36.0-255,66,41859,19,232467
1993,0.000525,74.125.200.0-255,5738,47597,19,232467
1994,0.000527,172.31.36.0-255,66,47663,19,232467
1995,0.00053,74.125.200.0-255,2902,50565,19,232467
1996,0.000533,172.31.36.0-255,66,50631,19,232467
1997,0.000566,74.125.200.0-255,3961,54592,19,232467
1998,0.000569,172.31.36.0-255,66,54658,19,232467
1999,0.000577,74.125.200.0-255,8574,63232,19,232467
2000,0.000578,172.31.36.0-255,66,63298,19,232467
2001,0.000599,74.125.200.0-255,2543,65841,19,232467
2002,0.000602,172.31.36.0-255,66,65907,19,232467
2003,0.00122,74.125.200.0-255,646,66553,19,232467
2004,0.001258,74.125.200.0-255,1484,68037,19,232467
2005,0.001261,172.31.36.0-255,66,68103,19,232467
2006,0.001279,74.125.200.0-255,2902,71005,19,232467
2007,0.001281,172.31.36.0-255,66,71071,19,232467
2008,0.0013,74.125.200.0-255,5738,76809,19,232467
2009,0.001302,172.31.36.0-255,66,76875,19,232467
2010,0.001325,74.125.200.0-255,2902,79777,19,232467
2011,0.001326,172.31.36.0-255,66,79843,19,232467
2012,0.001355,74.125.200.0-255,8574,88417,19,232467
2013,0.001356,172.31.36.0-255,66,88483,19,232467
2014,0.001362,74.125.200.0-255,5738,94221,19,232467
2015,0.001363,172.31.36.0-255,66,94287,19,232467
2016,0.001377,74.125.200.0-255,4320,98607,19,232467
2017,0.001379,172.31.36.0-255,66,98673,19,232467
2018,0.001398,74.125.200.0-255,2184,100857,19,232467
2019,0.0014,172.31.36.0-255,66,100923,19,232467
2020,0.001417,74.125.200.0-255,1484,102407,19,232467
2021,0.001423,74.125.200.0-255,1484,103891,19,232467
2022,0.001425,172.31.36.0-255,66,103957,19,232467
2023,0.001436,74.125.200.0-255,1484,105441,19,232467
2024,0.001459,74.125.200.0-255,5738,111179,19,232467
2025,0.001461,172.31.36.0-255,66,111245,19,232467
2026,0.001484,74.125.200.0-255,5738,116983,19,232467
2027,0.001486,172.31.36.0-255,66,117049,19,232467
2028,0.001489,74.125.200.0-255,1484,118533,19,232467
2029,0.001509,74.125.200.0-255,5738,124271,19,232467
2030,0.001511,172.31.36.0-255,66,124337,19,232467
2031,0.001514,74.125.200.0-255,1484,125821,19,232467
2032,0.001542,74.125.200.0-255,9274,135095,19,232467
2033,0.001544,172.31.36.0-255,66,135161,19,232467
2034,0.001571,172.31.36.0-255,66,135227,19,232467
2035,0.001575,74.125.200.0-255,4320,139547,19,232467
2036,0.001577,172.31.36.0-255,66,139613,19,232467
2037,0.001645,172.31.36.0-255,66,139679,19,232467
2038,0.001673,74.125.200.0-255,1484,141163,19,232467
2039,0.001675,74.125.200.0-255,766,141929,19,232467
2040,0.001677,172.31.36.0-255,66,141995,19,232467
2041,0.001679,74.125.200.0-255,1484,143479,19,232467
2042,0.001681,74.125.200.0-255,1484,144963,19,232467
2043,0.001683,172.31.36.0-255,66,145029,19,232467
2044,0.001703,74.125.200.0-255,1484,146513,19,232467
2045,0.001732,74.125.200.0-255,5738,152251,19,232467
2046,0.001735,172.31.36.0-255,66,152317,19,232467
2047,0.001739,74.125.200.0-255,2902,155219,19,232467
2048,0.001741,172.31.36.0-255,66,155285,19,232467
2049,0.001745,74.125.200.0-255,4320,159605,19,232467
2050,0.001752,172.31.36.0-255,66,159671,19,232467
2051,0.001755,74.125.200.0-255,1484,161155,19,232467
2052,0.001787,74.125.200.0-255,7156,168311,19,232467
2053,0.00179,172.31.36.0-255,66,168377,19,232467
2054,0.001796,74.125.200.0-255,7156,175533,19,232467
2055,0.001798,172.31.36.0-255,66,175599,19,232467
2056,0.001827,74.125.200.0-255,766,176365,19,232467
2057,0.001931,74.125.200.0-255,1484,177849,19,232467
2058,0.001934,172.31.36.0-255,66,177915,19,232467
2059,0.001937,74.125.200.0-255,1484,179399,19,232467
2060,0.00196,74.125.200.0-255,1484,180883,19,232467
2061,0.001962,172.31.36.0-255,66,180949,19,232467
2062,0.001968,74.125.200.0-255,5738,186687,19,232467
2063,0.00197,172.31.36.0-255,66,186753,19,232467
2064,0.001972,74.125.200.0-255,1484,188237,19,232467
2065,0.002002,74.125.200.0-255,7156,195393,19,232467
2066,0.002005,172.31.36.0-255,66,195459,19,232467
2067,0.002011,74.125.200.0-255,7156,202615,19,232467
2068,0.002013,172.31.36.0-255,66,202681,19,232467
2069,0.002044,74.125.200.0-255,7856,210537,19,232467
2070,0.002048,172.31.36.0-255,66,210603,19,232467
2071,0.004004,74.125.200.0-255,4320,214923,19,232467
2072,0.004009,172.31.36.0-255,66,214989,19,232467
2073,0.004033,74.125.200.0-255,1484,216473,19,232467
2074,0.005973,74.125.200.0-255,4320,220793,19,232467
2075,0.005976,172.31.36.0-255,66,220859,19,232467
2076,0.007964,74.125.200.0-255,5738,226597,19,232467
2077,0.007972,172.31.36.0-255,66,226663,19,232467
2078,0.009963,74.125.200.0-255,5738,232401,19,232467
2079,0.009971,172.31.36.0-255,66,232467,19,232467
2080,0.0,74.125.68.0-255,153,153,19,164205
2081,2.3e-05,172.31.36.0-255,66,219,19,164205
2082,3e-05,74.125.68.0-255,1484,1703,19,164205
2083,3.6e-05,172.31.36.0-255,66,1769,19,164205
2084,4.1e-05,74.125.68.0-255,2902,4671,19,164205
2085,5.3e-05,172.31.36.0-255,66,4737,19,164205
2086,6e-05,74.125.68.0-255,5738,10475,19,164205
2087,6.3e-05,172.31.36.0-255,66,10541,19,164205
2088,0.000102,74.125.68.0-255,3566,14107,19,164205
2089,0.000105,172.31.36.0-255,66,14173,19,164205
2090,0.000157,74.125.68.0-255,1484,15657,19,164205
2091,0.00016,172.31.36.0-255,66,15723,19,164205
2092,0.000186,74.125.68.0-255,2902,18625,19,164205
2093,0.000189,172.31.36.0-255,66,18691,19,164205
2094,0.000196,74.125.68.0-255,5738,24429,19,164205
2095,0.000198,172.31.36.0-255,66,24495,19,164205
2096,0.000207,74.125.68.0-255,4320,28815,19,164205
2097,0.000209,172.31.36.0-255,66,28881,19,164205
2098,0.000251,74.125.68.0-255,2543,31424,19,164205
2099,0.000254,172.31.36.0-255,66,31490,19,164205
2100,0.00038,74.125.68.0-255,1484,32974,19,164205
2101,0.000384,172.31.36.0-255,66,33040,19,164205
2102,0.00039,74.125.68.0-255,2902,35942,19,164205
2103,0.000393,172.31.36.0-255,66,36008,19,164205
2104,0.000396,74.125.68.0-255,1484,37492,19,164205
2105,0.000403,172.31.36.0-255,66,37558,19,164205
2106,0.000433,74.125.68.0-255,2902,40460,19,164205
2107,0.000436,172.31.36.0-255,66,40526,19,164205
2108,0.000442,74.125.68.0-255,5738,46264,19,164205
2109,0.000445,172.31.36.0-255,66,46330,19,164205
2110,0.000471,74.125.68.0-255,2543,48873,19,164205
2111,0.000473,172.31.36.0-255,66,48939,19,164205
2112,0.000477,74.125.68.0-255,2902,51841,19,164205
2113,0.00048,172.31.36.0-255,66,51907,19,164205
2114,0.000491,74.125.68.0-255,4320,56227,19,164205
2115,0.000493,172.31.36.0-255,66,56293,19,164205
2116,0.000528,74.125.68.0-255,2902,59195,19,164205
2117,0.000531,172.31.36.0-255,66,59261,19,164205
2118,0.000538,74.125.68.0-255,6797,66058,19,164205
2119,0.00054,172.31.36.0-255,66,66124,19,164205
2120,0.000547,74.125.68.0-255,359,66483,19,164205
2121,0.000734,74.125.68.0-255,135,66618,19,164205
2122,0.000752,74.125.68.0-255,347,66965,19,164205
2123,0.001079,74.125.68.0-255,1484,68449,19,164205
2124,0.001084,172.31.36.0-255,66,68515,19,164205
2125,0.00109,74.125.68.0-255,2902,71417,19,164205
2126,0.001092,172.31.36.0-255,66,71483,19,164205
2127,0.001119,74.125.68.0-255,5738,77221,19,164205
2128,0.001121,172.31.36.0-255,66,77287,19,164205
2129,0.001133,74.125.68.0-255,5738,83025,19,164205
2130,0.001135,172.31.36.0-255,66,83091,19,164205
2131,0.001146,74.125.68.0-255,1484,84575,19,164205
2132,0.001162,74.125.68.0-255,1484,86059,19,164205
2133,0.001165,172.31.36.0-255,66,86125,19,164205
2134,0.001204,172.31.36.0-255,66,86191,19,164205
2135,0.001209,74.125.68.0-255,3602,89793,19,164205
2136,0.001212,172.31.36.0-255,66,89859,19,164205
2137,0.001999,74.125.68.0-255,1484,91343,19,164205
2138,0.00201,74.125.68.0-255,2902,94245,19,164205
2139,0.002015,172.31.36.0-255,66,94311,19,164205
2140,0.002022,74.125.68.0-255,4320,98631,19,164205
2141,0.002024,172.31.36.0-255,66,98697,19,164205
2142,0.002055,74.125.68.0-255,2902,101599,19,164205
2143,0.002058,172.31.36.0-255,66,101665,19,164205
2144,0.002096,74.125.68.0-255,2902,104567,19,164205
2145,0.002098,172.31.36.0-255,66,104633,19,164205
2146,0.002116,172.31.36.0-255,66,104699,19,164205
2147,0.002121,74.125.68.0-255,4320,109019,19,164205
2148,0.002123,172.31.36.0-255,66,109085,19,164205
2149,0.002128,74.125.68.0-255,3602,112687,19,164205
2150,0.002131,172.31.36.0-255,66,112753,19,164205
2151,0.002184,74.125.68.0-255,4320,117073,19,164205
2152,0.002187,172.31.36.0-255,66,117139,19,164205
2153,0.002191,74.125.68.0-255,1484,118623,19,164205
2154,0.002198,74.125.68.0-255,7156,125779,19,164205
2155,0.002205,172.31.36.0-255,66,125845,19,164205
2156,0.002235,74.125.68.0-255,5738,131583,19,164205
2157,0.002238,172.31.36.0-255,66,131649,19,164205
2158,0.002261,74.125.68.0-255,8574,140223,19,164205
2159,0.002263,172.31.36.0-255,66,140289,19,164205
2160,0.002292,74.125.68.0-255,6438,146727,19,164205
2161,0.002294,172.31.36.0-255,66,146793,19,164205
2162,0.004568,74.125.68.0-255,5738,152531,19,164205
2163,0.004578,172.31.36.0-255,66,152597,19,164205
2164,0.006849,74.125.68.0-255,5738,158335,19,164205
2165,0.006853,172.31.36.0-255,66,158401,19,164205
2166,0.009149,74.125.68.0-255,5738,164139,19,164205
2167,0.00916,172.31.36.0-255,66,164205,19,164205
2168,0.0,74.125.24.0-255,153,153,19,174566
2169,3.6e-05,172.31.36.0-255,66,219,19,174566
2170,4.3e-05,74.125.24.0-255,1484,1703,19,174566
2171,4.6e-05,172.31.36.0-255,66,1769,19,174566
2172,5.1e-05,74.125.24.0-255,2902,4671,19,174566
2173,5.4e-05,172.31.36.0-255,66,4737,19,174566
2174,6.2e-05,74.125.24.0-255,5738,10475,19,174566
2175,6.5e-05,172.31.36.0-255,66,10541,19,174566
2176,7.2e-05,74.125.24.0-255,7156,17697,19,174566
2177,7.5e-05,172.31.36.0-255,66,17763,19,174566
2178,9.5e-05,74.125.24.0-255,3437,21200,19,174566
2179,9.7e-05,172.31.36.0-255,66,21266,19,174566
2180,0.000109,172.31.36.0-255,66,21332,19,174566
2181,0.000127,74.125.24.0-255,2902,24234,19,174566
2182,0.000129,172.31.36.0-255,66,24300,19,174566
2183,0.000168,172.31.36.0-255,66,24366,19,174566
2184,0.000181,74.125.24.0-255,7156,31522,19,174566
2185,0.000183,172.31.36.0-255,66,31588,19,174566
2186,0.000211,74.125.24.0-255,8574,40162,19,174566
2187,0.000214,172.31.36.0-255,66,40228,19,174566
2188,0.000216,74.125.24.0-255,1465,41693,19,174566
2189,0.000218,172.31.36.0-255,66,41759,19,174566
2190,0.000233,74.125.24.0-255,347,42106,19,174566
2191,0.000235,172.31.36.0-255,66,42172,19,174566
2192,0.000434,74.125.24.0-255,1484,43656,19,174566
2193,0.000442,172.31.36.0-255,66,43722,19,174566
2194,0.000449,74.125.24.0-255,2902,46624,19,174566
2195,0.000451,172.31.36.0-255,66,46690,19,174566
2196,0.000455,74.125.24.0-255,1484,48174,19,174566
2197,0.000457,172.31.36.0-255,66,48240,19,174566
2198,0.000479,74.125.24.0-255,4320,52560,19,174566
2199,0.000483,172.31.36.0-255,66,52626,19,174566
2200,0.000487,74.125.24.0-255,2902,55528,19,174566
2201,0.00049,172.31.36.0-255,66,55594,19,174566
2202,0.000493,74.125.24.0-255,1484,57078,19,174566
2203,0.000525,74.125.24.0-255,8574,65652,19,174566
2204,0.000531,172.31.36.0-255,66,65718,19,174566
2205,0.00054,74.125.24.0-255,9992,75710,19,174566
2206,0.000544,172.31.36.0-255,66,75776,19,174566
2207,0.000564,74.125.24.0-255,766,76542,19,174566
2208,0.001261,74.125.24.0-255,1484,78026,19,174566
2209,0.001267,172.31.36.0-255,66,78092,19,174566
2210,0.001273,74.125.24.0-255,2902,80994,19,174566
2211,0.001275,172.31.36.0-255,66,81060,19,174566
2212,0.001282,74.125.24.0-255,5738,86798,19,174566
2213,0.001284,172.31.36.0-255,66,86864,19,174566
2214,0.00131,74.125.24.0-255,4320,91184,19,174566
2215,0.001313,172.31.36.0-255,66,91250,19,174566
2216,0.001338,74.125.24.0-255,8574,99824,19,174566
2217,0.001341,172.31.36.0-255,66,99890,19,174566
2218,0.001351,74.125.24.0-255,10692,110582,19,174566
2219,0.001353,172.31.36.0-255,66,110648,19,174566
2220,0.001704,74.125.24.0-255,1484,112132,19,174566
2221,0.001726,74.125.24.0-255,2902,115034,19,174566
2222,0.001731,172.31.36.0-255,66,115100,19,174566
2223,0.001738,74.125.24.0-255,5738,120838,19,174566
2224,0.00174,172.31.36.0-255,66,120904,19,174566
2225,0.001743,74.125.24.0-255,1484,122388,19,174566
2226,0.001769,74.125.24.0-255,5738,128126,19,174566
2227,0.001772,172.31.36.0-255,66,128192,19,174566
2228,0.00178,74.125.24.0-255,7156,135348,19,174566
2229,0.001782,172.31.36.0-255,66,135414,19,174566
2230,0.00181,74.125.24.0-255,7156,142570,19,174566
2231,0.001814,172.31.36.0-255,66,142636,19,174566
2232,0.001819,74.125.24.0-255,2184,144820,19,174566
2233,0.001821,172.31.36.0-255,66,144886,19,174566
2234,0.002,74.125.24.0-255,1484,146370,19,174566
2235,0.002006,74.125.24.0-255,2902,149272,19,174566
2236,0.002009,172.31.36.0-255,66,149338,19,174566
2237,0.002015,74.125.24.0-255,4320,153658,19,174566
2238,0.002019,172.31.36.0-255,66,153724,19,174566
2239,0.002029,74.125.24.0-255,1484,155208,19,174566
2240,0.002033,74.125.24.0-255,1484,156692,19,174566
2241,0.002035,172.31.36.0-255,66,156758,19,174566
2242,0.004031,74.125.24.0-255,2902,159660,19,174566
2243,0.00404,172.31.36.0-255,66,159726,19,174566
2244,0.004076,74.125.24.0-255,2902,162628,19,174566
2245,0.004079,172.31.36.0-255,66,162694,19,174566
2246,0.006063,74.125.24.0-255,2902,165596,19,174566
2247,0.006072,172.31.36.0-255,66,165662,19,174566
2248,0.006094,74.125.24.0-255,2902,168564,19,174566
2249,0.006097,172.31.36.0-255,66,168630,19,174566
2250,0.008078,74.125.24.0-255,2902,171532,19,174566
2251,0.008087,172.31.36.0-255,66,171598,19,174566
2252,0.008119,74.125.24.0-255,2902,174500,19,174566
2253,0.008121,172.31.36.0-255,66,174566,19,174566
2254,0.0,74.125.130.0-255,149,149,19,169185
2255,2.3e-05,172.31.36.0-255,66,215,19,169185
2256,3.1e-05,74.125.130.0-255,1484,1699,19,169185
2257,3.5e-05,172.31.36.0-255,66,1765,19,169185
2258,4.2e-05,74.125.130.0-255,2902,4667,19,169185
2259,4.6e-05,172.31.36.0-255,66,4733,19,169185
2260,5.2e-05,74.125.130.0-255,5738,10471,19,169185
2261,5.6e-05,172.31.36.0-255,66,10537,19,169185
2262,6.1e-05,74.125.130.0-255,3476,14013,19,169185
2263,6.3e-05,172.31.36.0-255,66,14079,19,169185
2264,0.000182,74.125.130.0-255,1484,15563,19,169185
2265,0.000187,172.31.36.0-255,66,15629,19,169185
2266,0.000191,74.125.130.0-255,1484,17113,19,169185
2267,0.000193,172.31.36.0-255,66,17179,19,169185
2268,0.000207,74.125.130.0-255,1484,18663,19,169185
2269,0.000209,172.31.36.0-255,66,18729,19,169185
2270,0.000216,74.125.130.0-255,4320,23049,19,169185
2271,0.000218,172.31.36.0-255,66,23115,19,169185
2272,0.000259,74.125.130.0-255,2902,26017,19,169185
2273,0.000262,172.31.36.0-255,66,26083,19,169185
2274,0.000285,74.125.130.0-255,5379,31462,19,169185
2275,0.000288,172.31.36.0-255,66,31528,19,169185
2276,0.000591,74.125.130.0-255,1484,33012,19,169185
2277,0.000597,172.31.36.0-255,66,33078,19,169185
2278,0.000602,74.125.130.0-255,2902,35980,19,169185
2279,0.000604,172.31.36.0-255,66,36046,19,169185
2280,0.000632,74.125.130.0-255,4320,40366,19,169185
2281,0.000635,172.31.36.0-255,66,40432,19,169185
2282,0.00067,74.125.130.0-255,7156,47588,19,169185
2283,0.000673,172.31.36.0-255,66,47654,19,169185
2284,0.000691,74.125.130.0-255,2543,50197,19,169185
2285,0.000694,172.31.36.0-255,66,50263,19,169185
2286,0.000699,74.125.130.0-255,4320,54583,19,169185
2287,0.000701,172.31.36.0-255,66,54649,19,169185
2288,0.000716,74.125.130.0-255,1484,56133,19,169185
2289,0.000737,74.125.130.0-255,9633,65766,19,169185
2290,0.00074,172.31.36.0-255,66,65832,19,169185
2291,0.000743,74.125.130.0-255,366,66198,19,169185
2292,0.000775,74.125.130.0-255,379,66577,19,169185
2293,0.001073,172.31.36.0-255,66,66643,19,169185
2294,0.001483,74.125.130.0-255,1484,68127,19,169185
2295,0.001494,74.125.130.0-255,2902,71029,19,169185
2296,0.001498,172.31.36.0-255,66,71095,19,169185
2297,0.001505,74.125.130.0-255,4320,75415,19,169185
2298,0.001507,172.31.36.0-255,66,75481,19,169185
2299,0.001523,74.125.130.0-255,1484,76965,19,169185
2300,0.001526,74.125.130.0-255,1484,78449,19,169185
2301,0.001528,172.31.36.0-255,66,78515,19,169185
2302,0.001533,74.125.130.0-255,2902,81417,19,169185
2303,0.001535,172.31.36.0-255,66,81483,19,169185
2304,0.001565,74.125.130.0-255,5738,87221,19,169185
2305,0.001567,172.31.36.0-255,66,87287,19,169185
2306,0.001574,74.125.130.0-255,5738,93025,19,169185
2307,0.001576,172.31.36.0-255,66,93091,19,169185
2308,0.001591,74.125.130.0-255,4320,97411,19,169185
2309,0.001593,172.31.36.0-255,66,97477,19,169185
2310,0.001618,74.125.130.0-255,1484,98961,19,169185
2311,0.001632,74.125.130.0-255,2184,101145,19,169185
2312,0.001635,172.31.36.0-255,66,101211,19,169185
2313,0.001933,74.125.130.0-255,1484,102695,19,169185
2314,0.001941,74.125.130.0-255,2902,105597,19,169185
2315,0.001945,172.31.36.0-255,66,105663,19,169185
2316,0.001963,74.125.130.0-255,2902,108565,19,169185
2317,0.001965,172.31.36.0-255,66,108631,19,169185
2318,0.001989,74.125.130.0-255,2902,111533,19,169185
2319,0.001992,172.31.36.0-255,66,111599,19,169185
2320,0.001996,74.125.130.0-255,2902,114501,19,169185
2321,0.001998,172.31.36.0-255,66,114567,19,169185
2322,0.002017,74.125.130.0-255,9992,124559,19,169185
2323,0.00202,172.31.36.0-255,66,124625,19,169185
2324,0.002026,74.125.130.0-255,5738,130363,19,169185
2325,0.002029,172.31.36.0-255,66,130429,19,169185
2326,0.00208,74.125.130.0-255,5020,135449,19,169185
2327,0.002084,172.31.36.0-255,66,135515,19,169185
2328,0.002298,74.125.130.0-255,1484,136999,19,169185
2329,0.002313,74.125.130.0-255,2902,139901,19,169185
2330,0.002315,172.31.36.0-255,66,139967,19,169185
2331,0.002336,74.125.130.0-255,2902,142869,19,169185
2332,0.002338,172.31.36.0-255,66,142935,19,169185
2333,0.002344,74.125.130.0-255,4320,147255,19,169185
2334,0.002346,172.31.36.0-255,66,147321,19,169185
2335,0.002367,74.125.130.0-255,4320,151641,19,169185
2336,0.00237,172.31.36.0-255,66,151707,19,169185
2337,0.004679,74.125.130.0-255,1484,153191,19,169185
2338,0.004699,74.125.130.0-255,4320,157511,19,169185
2339,0.004702,172.31.36.0-255,66,157577,19,169185
2340,0.007037,74.125.130.0-255,5738,163315,19,169185
2341,0.007045,172.31.36.0-255,66,163381,19,169185
2342,0.009435,74.125.130.0-255,5738,169119,19,169185
2343,0.009445,172.31.36.0-255,66,169185,19,169185
2344,0.0,74.125.24.0-255,146,146,19,272722
2345,2.8e-05,172.31.36.0-255,66,212,19,272722
2346,3.5e-05,74.125.24.0-255,1484,1696,19,272722
2347,3.9e-05,172.31.36.0-255,66,1762,19,272722
2348,4.4e-05,74.125.24.0-255,2902,4664,19,272722
2349,4.6e-05,172.31.36.0-255,66,4730,19,272722
2350,4.9e-05,74.125.24.0-255,1484,6214,19,272722
2351,5.2e-05,172.31.36.0-255,66,6280,19,272722
2352,8.1e-05,74.125.24.0-255,5738,12018,19,272722
2353,8.3e-05,172.31.36.0-255,66,12084,19,272722
2354,8.8e-05,74.125.24.0-255,2092,14176,19,272722
2355,9e-05,172.31.36.0-255,66,14242,19,272722
2356,0.000108,74.125.24.0-255,2902,17144,19,272722
2357,0.000111,172.31.36.0-255,66,17210,19,272722
2358,0.000151,74.125.24.0-255,4320,21530,19,272722
2359,0.000154,172.31.36.0-255,66,21596,19,272722
2360,0.000175,74.125.24.0-255,2902,24498,19,272722
2361,0.000178,172.31.36.0-255,66,24564,19,272722
2362,0.000187,74.125.24.0-255,6797,31361,19,272722
2363,0.000189,172.31.36.0-255,66,31427,19,272722
2364,0.000235,74.125.24.0-255,1484,32911,19,272722
2365,0.000239,172.31.36.0-255,66,32977,19,272722
2366,0.000244,74.125.24.0-255,2902,35879,19,272722
2367,0.000247,172.31.36.0-255,66,35945,19,272722
2368,0.00025,74.125.24.0-255,1484,37429,19,272722
2369,0.000252,172.31.36.0-255,66,37495,19,272722
2370,0.000275,74.125.24.0-255,4320,41815,19,272722
2371,0.000279,172.31.36.0-255,66,41881,19,272722
2372,0.000285,74.125.24.0-255,4320,46201,19,272722
2373,0.000288,172.31.36.0-255,66,46267,19,272722
2374,0.000318,74.125.24.0-255,5379,51646,19,272722
2375,0.000321,172.31.36.0-255,66,51712,19,272722
2376,0.000331,74.125.24.0-255,9992,61704,19,272722
2377,0.000334,172.31.36.0-255,66,61770,19,272722
2378,0.00034,74.125.24.0-255,4236,66006,19,272722
2379,0.000342,172.31.36.0-255,66,66072,19,272722
2380,0.000712,74.125.24.0-255,130,66202,19,272722
2381,0.000717,172.31.36.0-255,66,66268,19,272722
2382,0.000853,74.125.24.0-255,1484,67752,19,272722
2383,0.000859,172.31.36.0-255,66,67818,19,272722
2384,0.000867,74.125.24.0-255,2902,70720,19,272722
2385,0.00087,172.31.36.0-255,66,70786,19,272722
2386,0.000895,74.125.24.0-255,5738,76524,19,272722
2387,0.000898,172.31.36.0-255,66,76590,19,272722
2388,0.000905,74.125.24.0-255,6797,83387,19,272722
2389,0.000908,172.31.36.0-255,66,83453,19,272722
2390,0.000956,74.125.24.0-255,8574,92027,19,272722
2391,0.000959,172.31.36.0-255,66,92093,19,272722
2392,0.000981,74.125.24.0-255,5738,97831,19,272722
2393,0.000984,172.31.36.0-255,66,97897,19,272722
2394,0.000988,74.125.24.0-255,1484,99381,19,272722
2395,0.00099,172.31.36.0-255,66,99447,19,272722
2396,0.000993,74.125.24.0-255,1125,100572,19,272722
2397,0.000995,172.31.36.0-255,66,100638,19,272722
2398,0.001429,74.125.24.0-255,1484,102122,19,272722
2399,0.001436,172.31.36.0-255,66,102188,19,272722
2400,0.001442,74.125.24.0-255,2902,105090,19,272722
2401,0.001444,172.31.36.0-255,66,105156,19,272722
2402,0.001473,74.125.24.0-255,4320,109476,19,272722
2403,0.001476,172.31.36.0-255,66,109542,19,272722
2404,0.001481,74.125.24.0-255,5738,115280,19,272722
2405,0.001483,172.31.36.0-255,66,115346,19,272722
2406,0.001507,74.125.24.0-255,8574,123920,19,272722
2407,0.001509,172.31.36.0-255,66,123986,19,272722
2408,0.001526,74.125.24.0-255,2902,126888,19,272722
2409,0.001557,74.125.24.0-255,2902,129790,19,272722
2410,0.001571,74.125.24.0-255,5020,134810,19,272722
2411,0.0017,74.125.24.0-255,1484,136294,19,272722
2412,0.00171,74.125.24.0-255,2902,139196,19,272722
2413,0.001724,74.125.24.0-255,1484,140680,19,272722
2414,0.001739,74.125.24.0-255,4320,145000,19,272722
2415,0.001756,74.125.24.0-255,2902,147902,19,272722
2416,0.001771,74.125.24.0-255,2902,150804,19,272722
2417,0.001794,74.125.24.0-255,4320,155124,19,272722
2418,0.001808,74.125.24.0-255,2902,158026,19,272722
2419,0.001815,74.125.24.0-255,7156,165182,19,272722
2420,0.001859,74.125.24.0-255,3602,168784,19,272722
2421,0.002061,74.125.24.0-255,1484,170268,19,272722
2422,0.002076,74.125.24.0-255,2902,173170,19,272722
2423,0.002101,74.125.24.0-255,5738,178908,19,272722
2424,0.002122,74.125.24.0-255,5738,184646,19,272722
2425,0.002135,74.125.24.0-255,1484,186130,19,272722
2426,0.002149,74.125.24.0-255,4320,190450,19,272722
2427,0.002163,74.125.24.0-255,7156,197606,19,272722
2428,0.002169,74.125.24.0-255,5020,202626,19,272722
2429,0.002221,74.125.24.0-255,1484,204110,19,272722
2430,0.002233,74.125.24.0-255,2902,207012,19,272722
2431,0.002254,74.125.24.0-255,5738,212750,19,272722
2432,0.002272,74.125.24.0-255,7156,219906,19,272722
2433,0.002286,74.125.24.0-255,4320,224226,19,272722
2434,0.002303,74.125.24.0-255,5738,229964,19,272722
2435,0.002328,74.125.24.0-255,7156,237120,19,272722
2436,0.002393,74.125.24.0-255,8574,245694,19,272722
2437,0.002423,74.125.24.0-255,1484,247178,19,272722
2438,0.002487,74.125.24.0-255,4320,251498,19,272722
2439,0.00255,74.125.24.0-255,1484,252982,19,272722
2440,0.002567,74.125.24.0-255,6438,259420,19,272722
2441,0.00258,74.125.24.0-255,1484,260904,19,272722
2442,0.002665,74.125.24.0-255,1484,262388,19,272722
2443,0.002674,74.125.24.0-255,9992,272380,19,272722
2444,0.002722,74.125.24.0-255,105,272485,19,272722
2445,0.003982,172.31.36.0-255,66,272551,19,272722
2446,0.006496,172.31.36.0-255,105,272656,19,272722
2447,0.009133,74.125.24.0-255,66,272722,19,272722
2448,0.0,74.125.24.0-255,153,153,19,293014
2449,3e-05,172.31.36.0-255,66,219,19,293014
2450,3.8e-05,74.125.24.0-255,1484,1703,19,293014
2451,4.3e-05,172.31.36.0-255,66,1769,19,293014
2452,4.9e-05,74.125.24.0-255,2902,4671,19,293014
2453,5.1e-05,172.31.36.0-255,66,4737,19,293014
2454,5.4e-05,74.125.24.0-255,1484,6221,19,293014
2455,5.7e-05,172.31.36.0-255,66,6287,19,293014
2456,8.4e-05,74.125.24.0-255,4320,10607,19,293014
2457,8.9e-05,172.31.36.0-255,66,10673,19,293014
2458,0.000119,74.125.24.0-255,6254,16927,19,293014
2459,0.000122,172.31.36.0-255,66,16993,19,293014
2460,0.000125,74.125.24.0-255,1484,18477,19,293014
2461,0.000127,172.31.36.0-255,66,18543,19,293014
2462,0.000133,74.125.24.0-255,4320,22863,19,293014
2463,0.000135,172.31.36.0-255,66,22929,19,293014
2464,0.000152,74.125.24.0-255,5738,28667,19,293014
2465,0.000155,172.31.36.0-255,66,28733,19,293014
2466,0.000159,74.125.24.0-255,2543,31276,19,293014
2467,0.000161,172.31.36.0-255,66,31342,19,293014
2468,0.000283,74.125.24.0-255,1484,32826,19,293014
2469,0.000288,172.31.36.0-255,66,32892,19,293014
2470,0.000293,74.125.24.0-255,2902,35794,19,293014
2471,0.000296,172.31.36.0-255,66,35860,19,293014
2472,0.000302,74.125.24.0-255,5738,41598,19,293014
2473,0.000304,172.31.36.0-255,66,41664,19,293014
2474,0.000333,74.125.24.0-255,7156,48820,19,293014
2475,0.000336,172.31.36.0-255,66,48886,19,293014
2476,0.000343,74.125.24.0-255,5738,54624,19,293014
2477,0.000345,172.31.36.0-255,66,54690,19,293014
2478,0.000376,74.125.24.0-255,8574,63264,19,293014
2479,0.00038,172.31.36.0-255,66,63330,19,293014
2480,0.000384,74.125.24.0-255,2184,65514,19,293014
2481,0.000386,172.31.36.0-255,66,65580,19,293014
2482,0.000389,74.125.24.0-255,401,65981,19,293014
2483,0.000424,74.125.24.0-255,111,66092,19,293014
2484,0.000569,74.125.24.0-255,1484,67576,19,293014
2485,0.000573,74.125.24.0-255,2902,70478,19,293014
2486,0.000574,172.31.36.0-255,66,70544,19,293014
2487,0.000578,172.31.36.0-255,66,70610,19,293014
2488,0.000583,74.125.24.0-255,1484,72094,19,293014
2489,0.000602,74.125.24.0-255,4320,76414,19,293014
2490,0.000605,172.31.36.0-255,66,76480,19,293014
2491,0.000612,74.125.24.0-255,5738,82218,19,293014
2492,0.000614,172.31.36.0-255,66,82284,19,293014
2493,0.000638,74.125.24.0-255,7156,89440,19,293014
2494,0.000641,172.31.36.0-255,66,89506,19,293014
2495,0.000676,74.125.24.0-255,10692,100198,19,293014
2496,0.000679,172.31.36.0-255,66,100264,19,293014
2497,0.000934,74.125.24.0-255,1484,101748,19,293014
2498,0.00094,74.125.24.0-255,2902,104650,19,293014
2499,0.000942,172.31.36.0-255,66,104716,19,293014
2500,0.00097,74.125.24.0-255,5738,110454,19,293014
2501,0.000972,172.31.36.0-255,66,110520,19,293014
2502,0.000978,74.125.24.0-255,4320,114840,19,293014
2503,0.00098,172.31.36.0-255,66,114906,19,293014
2504,0.001021,172.31.36.0-255,66,114972,19,293014
2505,0.001026,74.125.24.0-255,4320,119292,19,293014
2506,0.001028,172.31.36.0-255,66,119358,19,293014
2507,0.001067,74.125.24.0-255,3602,122960,19,293014
2508,0.00107,172.31.36.0-255,66,123026,19,293014
2509,0.001106,74.125.24.0-255,4320,127346,19,293014
2510,0.001109,172.31.36.0-255,66,127412,19,293014
2511,0.001115,74.125.24.0-255,4320,131732,19,293014
2512,0.001117,172.31.36.0-255,66,131798,19,293014
2513,0.001134,74.125.24.0-255,5738,137536,19,293014
2514,0.001137,172.31.36.0-255,66,137602,19,293014
2515,0.001142,74.125.24.0-255,4320,141922,19,293014
2516,0.001144,172.31.36.0-255,66,141988,19,293014
2517,0.001172,74.125.24.0-255,7156,149144,19,293014
2518,0.001175,172.31.36.0-255,66,149210,19,293014
2519,0.00118,74.125.24.0-255,4320,153530,19,293014
2520,0.001182,172.31.36.0-255,66,153596,19,293014
2521,0.001219,74.125.24.0-255,3602,157198,19,293014
2522,0.001222,172.31.36.0-255,66,157264,19,293014
2523,0.001274,74.125.24.0-255,1484,158748,19,293014
2524,0.001289,74.125.24.0-255,2902,161650,19,293014
2525,0.001291,172.31.36.0-255,66,161716,19,293014
2526,0.001311,74.125.24.0-255,4320,166036,19,293014
2527,0.001313,172.31.36.0-255,66,166102,19,293014
2528,0.00133,74.125.24.0-255,1484,167586,19,293014
2529,0.001336,74.125.24.0-255,7156,174742,19,293014
2530,0.001338,172.31.36.0-255,66,174808,19,293014
2531,0.001357,74.125.24.0-255,4320,179128,19,293014
2532,0.001359,172.31.36.0-255,66,179194,19,293014
2533,0.00138,74.125.24.0-255,9992,189186,19,293014
2534,0.001383,172.31.36.0-255,66,189252,19,293014
2535,0.001386,74.125.24.0-255,2184,191436,19,293014
2536,0.001389,172.31.36.0-255,66,191502,19,293014
2537,0.001469,74.125.24.0-255,1484,192986,19,293014
2538,0.001484,74.125.24.0-255,2902,195888,19,293014
2539,0.001486,172.31.36.0-255,66,195954,19,293014
2540,0.001506,74.125.24.0-255,5738,201692,19,293014
2541,0.001509,172.31.36.0-255,66,201758,19,293014
2542,0.001532,74.125.24.0-255,1484,203242,19,293014
2543,0.001545,74.125.24.0-255,2902,206144,19,293014
2544,0.001547,172.31.36.0-255,66,206210,19,293014
2545,0.00155,74.125.24.0-255,1484,207694,19,293014
2546,0.00157,74.125.24.0-255,4320,212014,19,293014
2547,0.001573,172.31.36.0-255,66,212080,19,293014
2548,0.001576,74.125.24.0-255,1484,213564,19,293014
2549,0.00158,74.125.24.0-255,4320,217884,19,293014
2550,0.001582,172.31.36.0-255,66,217950,19,293014
2551,0.001598,74.125.24.0-255,4320,222270,19,293014
2552,0.0016,172.31.36.0-255,66,222336,19,293014
2553,0.001617,74.125.24.0-255,3602,225938,19,293014
2554,0.001619,172.31.36.0-255,66,226004,19,293014
2555,0.00178,74.125.24.0-255,1484,227488,19,293014
2556,0.001792,74.125.24.0-255,2902,230390,19,293014
2557,0.001795,172.31.36.0-255,66,230456,19,293014
2558,0.001799,74.125.24.0-255,2902,233358,19,293014
2559,0.001805,172.31.36.0-255,66,233424,19,293014
2560,0.001815,74.125.24.0-255,2902,236326,19,293014
2561,0.001819,172.31.36.0-255,66,236392,19,293014
2562,0.001837,74.125.24.0-255,9992,246384,19,293014
2563,0.00184,172.31.36.0-255,66,246450,19,293014
2564,0.001882,74.125.24.0-255,4320,250770,19,293014
2565,0.001885,172.31.36.0-255,66,250836,19,293014
2566,0.001917,172.31.36.0-255,66,250902,19,293014
2567,0.001931,74.125.24.0-255,1484,252386,19,293014
2568,0.001932,172.31.36.0-255,66,252452,19,293014
2569,0.001956,74.125.24.0-255,8574,261026,19,293014
2570,0.001959,172.31.36.0-255,66,261092,19,293014
2571,0.001991,74.125.24.0-255,8574,269666,19,293014
2572,0.001994,172.31.36.0-255,66,269732,19,293014
2573,0.002028,172.31.36.0-255,66,269798,19,293014
2574,0.003944,74.125.24.0-255,5738,275536,19,293014
2575,0.00395,172.31.36.0-255,66,275602,19,293014
2576,0.005872,74.125.24.0-255,5738,281340,19,293014
2577,0.005875,172.31.36.0-255,66,281406,19,293014
2578,0.007806,74.125.24.0-255,5738,287144,19,293014
2579,0.007812,172.31.36.0-255,66,287210,19,293014
2580,0.009741,74.125.24.0-255,5738,292948,19,293014
2581,0.009748,172.31.36.0-255,66,293014,19,293014
2582,0.0,172.31.36.0-255,66,66,19,66
2583,0.0,172.31.36.0-255,105,105,19,276
2584,0.001782,157.240.13.0-255,105,210,19,276
2585,0.001799,172.31.36.0-255,66,276,19,276
2586,0.0,74.125.24.0-255,146,146,19,157823
2587,3.7e-05,172.31.36.0-255,66,212,19,157823
2588,4.4e-05,74.125.24.0-255,1484,1696,19,157823
2589,4.9e-05,172.31.36.0-255,66,1762,19,157823
2590,6.3e-05,74.125.24.0-255,2902,4664,19,157823
2591,6.7e-05,172.31.36.0-255,66,4730,19,157823
2592,7.1e-05,74.125.24.0-255,2902,7632,19,157823
2593,7.4e-05,172.31.36.0-255,66,7698,19,157823
2594,7.9e-05,74.125.24.0-255,4320,12018,19,157823
2595,8.2e-05,172.31.36.0-255,66,12084,19,157823
2596,8.6e-05,74.125.24.0-255,2902,14986,19,157823
2597,8.8e-05,172.31.36.0-255,66,15052,19,157823
2598,0.000124,74.125.24.0-255,6192,21244,19,157823
2599,0.000133,172.31.36.0-255,66,21310,19,157823
2600,0.000143,74.125.24.0-255,9633,30943,19,157823
2601,0.000145,172.31.36.0-255,66,31009,19,157823
2602,0.000209,74.125.24.0-255,1484,32493,19,157823
2603,0.000215,172.31.36.0-255,66,32559,19,157823
2604,0.00022,74.125.24.0-255,2902,35461,19,157823
2605,0.000221,172.31.36.0-255,66,35527,19,157823
2606,0.000227,74.125.24.0-255,2902,38429,19,157823
2607,0.000236,172.31.36.0-255,66,38495,19,157823
2608,0.000245,74.125.24.0-255,7156,45651,19,157823
2609,0.000247,172.31.36.0-255,66,45717,19,157823
2610,0.000255,74.125.24.0-255,6797,52514,19,157823
2611,0.000258,172.31.36.0-255,66,52580,19,157823
2612,0.000265,74.125.24.0-255,7156,59736,19,157823
2613,0.000268,172.31.36.0-255,66,59802,19,157823
2614,0.000274,74.125.24.0-255,5685,65487,19,157823
2615,0.000277,172.31.36.0-255,66,65553,19,157823
2616,0.000309,74.125.24.0-255,114,65667,19,157823
2617,0.000311,172.31.36.0-255,66,65733,19,157823
2618,0.000468,74.125.24.0-255,332,66065,19,157823
2619,0.00081,74.125.24.0-255,1484,67549,19,157823
2620,0.000814,172.31.36.0-255,66,67615,19,157823
2621,0.00082,74.125.24.0-255,2902,70517,19,157823
2622,0.000822,172.31.36.0-255,66,70583,19,157823
2623,0.000881,74.125.24.0-255,5738,76321,19,157823
2624,0.000885,172.31.36.0-255,66,76387,19,157823
2625,0.000891,74.125.24.0-255,4320,80707,19,157823
2626,0.000893,172.31.36.0-255,66,80773,19,157823
2627,0.000905,74.125.24.0-255,5738,86511,19,157823
2628,0.000908,172.31.36.0-255,66,86577,19,157823
2629,0.000913,74.125.24.0-255,2902,89479,19,157823
2630,0.000917,172.31.36.0-255,66,89545,19,157823
2631,0.000955,74.125.24.0-255,8574,98119,19,157823
2632,0.000959,172.31.36.0-255,66,98185,19,157823
2633,0.000963,74.125.24.0-255,2184,100369,19,157823
2634,0.000966,172.31.36.0-255,66,100435,19,157823
2635,0.001228,74.125.24.0-255,1484,101919,19,157823
2636,0.001233,74.125.24.0-255,1484,103403,19,157823
2637,0.001236,172.31.36.0-255,66,103469,19,157823
2638,0.001261,74.125.24.0-255,1484,104953,19,157823
2639,0.001266,74.125.24.0-255,4320,109273,19,157823
2640,0.001269,172.31.36.0-255,66,109339,19,157823
2641,0.001287,74.125.24.0-255,1484,110823,19,157823
2642,0.001319,74.125.24.0-255,5738,116561,19,157823
2643,0.001322,172.31.36.0-255,66,116627,19,157823
2644,0.001344,74.125.24.0-255,7156,123783,19,157823
2645,0.001347,172.31.36.0-255,66,123849,19,157823
2646,0.001356,74.125.24.0-255,10692,134541,19,157823
2647,0.001359,172.31.36.0-255,66,134607,19,157823
2648,0.00348,74.125.24.0-255,5738,140345,19,157823
2649,0.003486,172.31.36.0-255,66,140411,19,157823
2650,0.005541,74.125.24.0-255,5738,146149,19,157823
2651,0.005547,172.31.36.0-255,66,146215,19,157823
2652,0.007651,74.125.24.0-255,5738,151953,19,157823
2653,0.007656,172.31.36.0-255,66,152019,19,157823
2654,0.009714,74.125.24.0-255,5738,157757,19,157823
2655,0.00972,172.31.36.0-255,66,157823,19,157823
2656,0.0,172.217.194.0-255,153,153,19,176600
2657,2.9e-05,172.31.36.0-255,66,219,19,176600
2658,3.6e-05,172.217.194.0-255,1484,1703,19,176600
2659,4e-05,172.31.36.0-255,66,1769,19,176600
2660,4.6e-05,172.217.194.0-255,2902,4671,19,176600
2661,5.7e-05,172.31.36.0-255,66,4737,19,176600
2662,6.6e-05,172.217.194.0-255,7156,11893,19,176600
2663,7e-05,172.31.36.0-255,66,11959,19,176600
2664,7.4e-05,172.217.194.0-255,1947,13906,19,176600
2665,7.6e-05,172.31.36.0-255,66,13972,19,176600
2666,8.8e-05,172.31.36.0-255,66,14038,19,176600
2667,9.4e-05,172.217.194.0-255,4320,18358,19,176600
2668,9.8e-05,172.31.36.0-255,66,18424,19,176600
2669,0.000127,172.217.194.0-255,1125,19549,19,176600
2670,0.00013,172.31.36.0-255,66,19615,19,176600
2671,0.001193,172.217.194.0-255,1484,21099,19,176600
2672,0.001199,172.31.36.0-255,66,21165,19,176600
2673,0.001207,172.217.194.0-255,1484,22649,19,176600
2674,0.00121,172.31.36.0-255,66,22715,19,176600
2675,0.001221,172.217.194.0-255,2902,25617,19,176600
2676,0.001224,172.31.36.0-255,66,25683,19,176600
2677,0.00123,172.217.194.0-255,4320,30003,19,176600
2678,0.001232,172.31.36.0-255,66,30069,19,176600
2679,0.001249,172.217.194.0-255,1484,31553,19,176600
2680,0.001251,172.31.36.0-255,66,31619,19,176600
2681,0.001262,172.217.194.0-255,7156,38775,19,176600
2682,0.001264,172.31.36.0-255,66,38841,19,176600
2683,0.001287,172.217.194.0-255,1484,40325,19,176600
2684,0.001292,172.31.36.0-255,66,40391,19,176600
2685,0.001314,172.217.194.0-255,8574,48965,19,176600
2686,0.001316,172.31.36.0-255,66,49031,19,176600
2687,0.00134,172.217.194.0-255,1484,50515,19,176600
2688,0.001359,172.217.194.0-255,3602,54117,19,176600
2689,0.001362,172.31.36.0-255,66,54183,19,176600
2690,0.001733,172.217.194.0-255,1484,55667,19,176600
2691,0.00174,172.217.194.0-255,2902,58569,19,176600
2692,0.001744,172.31.36.0-255,66,58635,19,176600
2693,0.001748,172.217.194.0-255,1484,60119,19,176600
2694,0.001769,172.217.194.0-255,4320,64439,19,176600
2695,0.001771,172.31.36.0-255,66,64505,19,176600
2696,0.001777,172.217.194.0-255,5738,70243,19,176600
2697,0.001779,172.31.36.0-255,66,70309,19,176600
2698,0.001811,172.217.194.0-255,8574,78883,19,176600
2699,0.001813,172.31.36.0-255,66,78949,19,176600
2700,0.001847,172.217.194.0-255,4541,83490,19,176600
2701,0.001849,172.31.36.0-255,66,83556,19,176600
2702,0.001867,172.31.36.0-255,66,83622,19,176600
2703,0.001902,172.217.194.0-255,9274,92896,19,176600
2704,0.001905,172.31.36.0-255,66,92962,19,176600
2705,0.002046,172.217.194.0-255,1484,94446,19,176600
2706,0.002051,172.217.194.0-255,2902,97348,19,176600
2707,0.002054,172.31.36.0-255,66,97414,19,176600
2708,0.002058,172.217.194.0-255,2902,100316,19,176600
2709,0.00206,172.31.36.0-255,66,100382,19,176600
2710,0.002083,172.217.194.0-255,2902,103284,19,176600
2711,0.002086,172.31.36.0-255,66,103350,19,176600
2712,0.002088,172.217.194.0-255,1484,104834,19,176600
2713,0.002121,172.217.194.0-255,8574,113408,19,176600
2714,0.002127,172.217.194.0-255,7156,120564,19,176600
2715,0.00213,172.31.36.0-255,66,120630,19,176600
2716,0.002133,172.31.36.0-255,66,120696,19,176600
2717,0.00216,172.217.194.0-255,5738,126434,19,176600
2718,0.002179,172.31.36.0-255,66,126500,19,176600
2719,0.002193,172.31.36.0-255,66,126566,19,176600
2720,0.002236,172.217.194.0-255,9274,135840,19,176600
2721,0.002288,172.217.194.0-255,4320,140160,19,176600
2722,0.002303,172.31.36.0-255,66,140226,19,176600
2723,0.002307,172.31.36.0-255,66,140292,19,176600
2724,0.002309,172.31.36.0-255,66,140358,19,176600
2725,0.002326,172.217.194.0-255,9992,150350,19,176600
2726,0.002329,172.31.36.0-255,66,150416,19,176600
2727,0.002345,172.31.36.0-255,66,150482,19,176600
2728,0.002359,172.31.36.0-255,66,150548,19,176600
2729,0.002367,172.217.194.0-255,8574,159122,19,176600
2730,0.002369,172.31.36.0-255,66,159188,19,176600
2731,0.004675,172.217.194.0-255,5738,164926,19,176600
2732,0.004682,172.31.36.0-255,66,164992,19,176600
2733,0.006985,172.217.194.0-255,5738,170730,19,176600
2734,0.006991,172.31.36.0-255,66,170796,19,176600
2735,0.009309,172.217.194.0-255,5738,176534,19,176600
2736,0.009318,172.31.36.0-255,66,176600,19,176600
2737,0.0,74.125.200.0-255,150,150,19,202793
2738,2.6e-05,172.31.36.0-255,66,216,19,202793
2739,3.4e-05,74.125.200.0-255,1484,1700,19,202793
2740,3.7e-05,172.31.36.0-255,66,1766,19,202793
2741,4.2e-05,74.125.200.0-255,2902,4668,19,202793
2742,4.4e-05,172.31.36.0-255,66,4734,19,202793
2743,6e-05,74.125.200.0-255,7156,11890,19,202793
2744,6.2e-05,172.31.36.0-255,66,11956,19,202793
2745,0.000105,74.125.200.0-255,2077,14033,19,202793
2746,0.000108,172.31.36.0-255,66,14099,19,202793
2747,0.000113,74.125.200.0-255,2902,17001,19,202793
2748,0.000115,172.31.36.0-255,66,17067,19,202793
2749,0.000153,74.125.200.0-255,7156,24223,19,202793
2750,0.000157,172.31.36.0-255,66,24289,19,202793
2751,0.000166,74.125.200.0-255,6797,31086,19,202793
2752,0.000174,172.31.36.0-255,66,31152,19,202793
2753,0.000246,74.125.200.0-255,1484,32636,19,202793
2754,0.00025,172.31.36.0-255,66,32702,19,202793
2755,0.000276,74.125.200.0-255,2902,35604,19,202793
2756,0.000281,172.31.36.0-255,66,35670,19,202793
2757,0.000287,74.125.200.0-255,5738,41408,19,202793
2758,0.00029,172.31.36.0-255,66,41474,19,202793
2759,0.000329,74.125.200.0-255,6797,48271,19,202793
2760,0.000336,74.125.200.0-255,7156,55427,19,202793
2761,0.000336,172.31.36.0-255,66,55493,19,202793
2762,0.00034,172.31.36.0-255,66,55559,19,202793
2763,0.000379,74.125.200.0-255,9908,65467,19,202793
2764,0.000383,172.31.36.0-255,66,65533,19,202793
2765,0.000386,74.125.200.0-255,130,65663,19,202793
2766,0.000388,172.31.36.0-255,66,65729,19,202793
2767,0.000427,74.125.200.0-255,350,66079,19,202793
2768,0.00043,172.31.36.0-255,66,66145,19,202793
2769,0.000667,74.125.200.0-255,1484,67629,19,202793
2770,0.000673,74.125.200.0-255,2902,70531,19,202793
2771,0.000683,172.31.36.0-255,66,70597,19,202793
2772,0.000686,74.125.200.0-255,2902,73499,19,202793
2773,0.000688,172.31.36.0-255,66,73565,19,202793
2774,0.000726,74.125.200.0-255,2902,76467,19,202793
2775,0.000729,172.31.36.0-255,66,76533,19,202793
2776,0.000736,74.125.200.0-255,7156,83689,19,202793
2777,0.00074,172.31.36.0-255,66,83755,19,202793
2778,0.000776,74.125.200.0-255,5738,89493,19,202793
2779,0.000779,172.31.36.0-255,66,89559,19,202793
2780,0.000807,74.125.200.0-255,2902,92461,19,202793
2781,0.00081,172.31.36.0-255,66,92527,19,202793
2782,0.000818,74.125.200.0-255,7856,100383,19,202793
2783,0.000821,172.31.36.0-255,66,100449,19,202793
2784,0.001079,74.125.200.0-255,1484,101933,19,202793
2785,0.001097,74.125.200.0-255,2902,104835,19,202793
2786,0.0011,172.31.36.0-255,66,104901,19,202793
2787,0.001107,74.125.200.0-255,5738,110639,19,202793
2788,0.00111,172.31.36.0-255,66,110705,19,202793
2789,0.001153,74.125.200.0-255,7156,117861,19,202793
2790,0.001157,172.31.36.0-255,66,117927,19,202793
2791,0.00119,74.125.200.0-255,5738,123665,19,202793
2792,0.001194,172.31.36.0-255,66,123731,19,202793
2793,0.001202,74.125.200.0-255,9992,133723,19,202793
2794,0.00121,172.31.36.0-255,66,133789,19,202793
2795,0.001213,74.125.200.0-255,766,134555,19,202793
2796,0.001396,172.31.36.0-255,66,134621,19,202793
2797,0.00189,74.125.200.0-255,1484,136105,19,202793
2798,0.001913,74.125.200.0-255,1484,137589,19,202793
2799,0.001918,172.31.36.0-255,66,137655,19,202793
2800,0.001947,74.125.200.0-255,2902,140557,19,202793
2801,0.001949,172.31.36.0-255,66,140623,19,202793
2802,0.001979,74.125.200.0-255,1484,142107,19,202793
2803,0.001984,74.125.200.0-255,2902,145009,19,202793
2804,0.001987,172.31.36.0-255,66,145075,19,202793
2805,0.001991,74.125.200.0-255,1484,146559,19,202793
2806,0.002015,74.125.200.0-255,4320,150879,19,202793
2807,0.002018,172.31.36.0-255,66,150945,19,202793
2808,0.002022,74.125.200.0-255,2902,153847,19,202793
2809,0.002025,172.31.36.0-255,66,153913,19,202793
2810,0.002037,74.125.200.0-255,4320,158233,19,202793
2811,0.002039,172.31.36.0-255,66,158299,19,202793
2812,0.002049,74.125.200.0-255,8574,166873,19,202793
2813,0.002052,172.31.36.0-255,66,166939,19,202793
2814,0.002056,74.125.200.0-255,2184,169123,19,202793
2815,0.002058,172.31.36.0-255,66,169189,19,202793
2816,0.002263,74.125.200.0-255,1484,170673,19,202793
2817,0.002279,74.125.200.0-255,2902,173575,19,202793
2818,0.002282,172.31.36.0-255,66,173641,19,202793
2819,0.002286,74.125.200.0-255,1484,175125,19,202793
2820,0.00231,74.125.200.0-255,4320,179445,19,202793
2821,0.002312,172.31.36.0-255,66,179511,19,202793
2822,0.002319,74.125.200.0-255,7156,186667,19,202793
2823,0.002321,172.31.36.0-255,66,186733,19,202793
2824,0.004625,74.125.200.0-255,5738,192471,19,202793
2825,0.00463,172.31.36.0-255,66,192537,19,202793
2826,0.006939,74.125.200.0-255,4320,196857,19,202793
2827,0.006942,172.31.36.0-255,66,196923,19,202793
2828,0.00696,74.125.200.0-255,1484,198407,19,202793
2829,0.009251,74.125.200.0-255,4320,202727,19,202793
2830,0.009259,172.31.36.0-255,66,202793,19,202793
2831,0.0,74.125.24.0-255,213,213,19,144493
2832,2.2e-05,172.31.36.0-255,66,279,19,144493
2833,2.9e-05,74.125.24.0-255,1484,1763,19,144493
2834,3.3e-05,172.31.36.0-255,66,1829,19,144493
2835,3.9e-05,74.125.24.0-255,2902,4731,19,144493
2836,4.1e-05,172.31.36.0-255,66,4797,19,144493
2837,4.8e-05,74.125.24.0-255,5738,10535,19,144493
2838,5.1e-05,172.31.36.0-255,66,10601,19,144493
2839,7.2e-05,74.125.24.0-255,1484,12085,19,144493
2840,7.5e-05,172.31.36.0-255,66,12151,19,144493
2841,9.2e-05,74.125.24.0-255,1833,13984,19,144493
2842,9.4e-05,172.31.36.0-255,66,14050,19,144493
2843,0.000161,74.125.24.0-255,1484,15534,19,144493
2844,0.000164,172.31.36.0-255,66,15600,19,144493
2845,0.000169,74.125.24.0-255,2902,18502,19,144493
2846,0.000171,172.31.36.0-255,66,18568,19,144493
2847,0.000187,74.125.24.0-255,2902,21470,19,144493
2848,0.00019,172.31.36.0-255,66,21536,19,144493
2849,0.000212,74.125.24.0-255,2902,24438,19,144493
2850,0.000215,172.31.36.0-255,66,24504,19,144493
2851,0.000236,74.125.24.0-255,2902,27406,19,144493
2852,0.000239,172.31.36.0-255,66,27472,19,144493
2853,0.000253,74.125.24.0-255,3961,31433,19,144493
2854,0.000256,172.31.36.0-255,66,31499,19,144493
2855,0.000363,74.125.24.0-255,1484,32983,19,144493
2856,0.000368,172.31.36.0-255,66,33049,19,144493
2857,0.000372,74.125.24.0-255,1484,34533,19,144493
2858,0.000374,172.31.36.0-255,66,34599,19,144493
2859,0.000389,74.125.24.0-255,1484,36083,19,144493
2860,0.000391,172.31.36.0-255,66,36149,19,144493
2861,0.000395,74.125.24.0-255,1484,37633,19,144493
2862,0.000398,172.31.36.0-255,66,37699,19,144493
2863,0.000416,74.125.24.0-255,4320,42019,19,144493
2864,0.000419,172.31.36.0-255,66,42085,19,144493
2865,0.000457,74.125.24.0-255,4320,46405,19,144493
2866,0.00046,172.31.36.0-255,66,46471,19,144493
2867,0.000488,74.125.24.0-255,9633,56104,19,144493
2868,0.000491,172.31.36.0-255,66,56170,19,144493
2869,0.000517,74.125.24.0-255,4320,60490,19,144493
2870,0.00052,172.31.36.0-255,66,60556,19,144493
2871,0.000542,74.125.24.0-255,5654,66210,19,144493
2872,0.000545,172.31.36.0-255,66,66276,19,144493
2873,0.000579,74.125.24.0-255,127,66403,19,144493
2874,0.000691,74.125.24.0-255,1484,67887,19,144493
2875,0.000697,172.31.36.0-255,66,67953,19,144493
2876,0.000703,74.125.24.0-255,2902,70855,19,144493
2877,0.000706,172.31.36.0-255,66,70921,19,144493
2878,0.000712,74.125.24.0-255,5738,76659,19,144493
2879,0.000715,172.31.36.0-255,66,76725,19,144493
2880,0.000777,172.31.36.0-255,66,76791,19,144493
2881,0.000795,74.125.24.0-255,7156,83947,19,144493
2882,0.000797,172.31.36.0-255,66,84013,19,144493
2883,0.000819,74.125.24.0-255,2543,86556,19,144493
2884,0.000821,172.31.36.0-255,66,86622,19,144493
2885,0.001458,74.125.24.0-255,351,86973,19,144493
2886,0.001697,172.31.36.0-255,66,87039,19,144493
2887,0.001751,74.125.24.0-255,1484,88523,19,144493
2888,0.001755,74.125.24.0-255,1484,90007,19,144493
2889,0.001758,172.31.36.0-255,66,90073,19,144493
2890,0.001777,74.125.24.0-255,1484,91557,19,144493
2891,0.001784,74.125.24.0-255,5738,97295,19,144493
2892,0.001786,172.31.36.0-255,66,97361,19,144493
2893,0.001809,74.125.24.0-255,8574,105935,19,144493
2894,0.001811,172.31.36.0-255,66,106001,19,144493
2895,0.001832,74.125.24.0-255,4320,110321,19,144493
2896,0.001835,172.31.36.0-255,66,110387,19,144493
2897,0.001843,74.125.24.0-255,8574,118961,19,144493
2898,0.001845,172.31.36.0-255,66,119027,19,144493
2899,0.001863,74.125.24.0-255,2184,121211,19,144493
2900,0.001865,172.31.36.0-255,66,121277,19,144493
2901,0.003836,74.125.24.0-255,5738,127015,19,144493
2902,0.003845,172.31.36.0-255,66,127081,19,144493
2903,0.005803,74.125.24.0-255,5738,132819,19,144493
2904,0.00581,172.31.36.0-255,66,132885,19,144493
2905,0.007792,74.125.24.0-255,5738,138623,19,144493
2906,0.007797,172.31.36.0-255,66,138689,19,144493
2907,0.00979,74.125.24.0-255,5738,144427,19,144493
2908,0.009797,172.31.36.0-255,66,144493,19,144493
2909,0.0,74.125.24.0-255,146,146,19,263549
2910,2.3e-05,172.31.36.0-255,66,212,19,263549
2911,2.9e-05,74.125.24.0-255,1484,1696,19,263549
2912,3.4e-05,172.31.36.0-255,66,1762,19,263549
2913,4e-05,74.125.24.0-255,2902,4664,19,263549
2914,4.3e-05,172.31.36.0-255,66,4730,19,263549
2915,7.3e-05,74.125.24.0-255,5738,10468,19,263549
2916,7.7e-05,172.31.36.0-255,66,10534,19,263549
2917,9.6e-05,74.125.24.0-255,3484,14018,19,263549
2918,9.8e-05,172.31.36.0-255,66,14084,19,263549
2919,0.000272,74.125.24.0-255,1484,15568,19,263549
2920,0.000277,172.31.36.0-255,66,15634,19,263549
2921,0.000283,74.125.24.0-255,2902,18536,19,263549
2922,0.000285,172.31.36.0-255,66,18602,19,263549
2923,0.00029,74.125.24.0-255,4320,22922,19,263549
2924,0.000293,172.31.36.0-255,66,22988,19,263549
2925,0.000311,74.125.24.0-255,5738,28726,19,263549
2926,0.000313,172.31.36.0-255,66,28792,19,263549
2927,0.000354,74.125.24.0-255,2543,31335,19,263549
2928,0.000356,172.31.36.0-255,66,31401,19,263549
2929,0.0006,74.125.24.0-255,1484,32885,19,263549
2930,0.000604,172.31.36.0-255,66,32951,19,263549
2931,0.000635,74.125.24.0-255,2902,35853,19,263549
2932,0.000637,172.31.36.0-255,66,35919,19,263549
2933,0.000645,74.125.24.0-255,5738,41657,19,263549
2934,0.000647,172.31.36.0-255,66,41723,19,263549
2935,0.000678,74.125.24.0-255,9633,51356,19,263549
2936,0.000686,74.125.24.0-255,9992,61348,19,263549
2937,0.00069,172.31.36.0-255,66,61414,19,263549
2938,0.000694,172.31.36.0-255,66,61480,19,263549
2939,0.000702,74.125.24.0-255,1484,62964,19,263549
2940,0.000704,172.31.36.0-255,66,63030,19,263549
2941,0.000723,74.125.24.0-255,2543,65573,19,263549
2942,0.000726,172.31.36.0-255,66,65639,19,263549
2943,0.000844,74.125.24.0-255,646,66285,19,263549
2944,0.000849,172.31.36.0-255,66,66351,19,263549
2945,0.000986,74.125.24.0-255,1484,67835,19,263549
2946,0.000991,74.125.24.0-255,1484,69319,19,263549
2947,0.000994,172.31.36.0-255,66,69385,19,263549
2948,0.001013,74.125.24.0-255,1484,70869,19,263549
2949,0.00102,74.125.24.0-255,5738,76607,19,263549
2950,0.001025,74.125.24.0-255,4320,80927,19,263549
2951,0.001031,172.31.36.0-255,66,80993,19,263549
2952,0.001074,74.125.24.0-255,7156,88149,19,263549
2953,0.001094,74.125.24.0-255,4320,92469,19,263549
2954,0.001101,74.125.24.0-255,7856,100325,19,263549
2955,0.001106,74.125.24.0-255,4320,104645,19,263549
2956,0.00111,172.31.36.0-255,66,104711,19,263549
2957,0.001137,74.125.24.0-255,4320,109031,19,263549
2958,0.001144,74.125.24.0-255,7156,116187,19,263549
2959,0.001153,74.125.24.0-255,8574,124761,19,263549
2960,0.001158,172.31.36.0-255,66,124827,19,263549
2961,0.001182,74.125.24.0-255,8574,133401,19,263549
2962,0.001186,74.125.24.0-255,766,134167,19,263549
2963,0.001197,172.31.36.0-255,66,134233,19,263549
2964,0.00124,74.125.24.0-255,1484,135717,19,263549
2965,0.001243,74.125.24.0-255,1484,137201,19,263549
2966,0.001249,172.31.36.0-255,66,137267,19,263549
2967,0.001258,74.125.24.0-255,1484,138751,19,263549
2968,0.001266,74.125.24.0-255,5738,144489,19,263549
2969,0.001273,74.125.24.0-255,7156,151645,19,263549
2970,0.001286,74.125.24.0-255,2902,154547,19,263549
2971,0.001299,172.31.36.0-255,66,154613,19,263549
2972,0.001325,74.125.24.0-255,2184,156797,19,263549
2973,0.001342,172.31.36.0-255,66,156863,19,263549
2974,0.001398,74.125.24.0-255,1484,158347,19,263549
2975,0.001404,74.125.24.0-255,2902,161249,19,263549
2976,0.001417,74.125.24.0-255,1484,162733,19,263549
2977,0.00142,172.31.36.0-255,66,162799,19,263549
2978,0.001436,74.125.24.0-255,4320,167119,19,263549
2979,0.001442,74.125.24.0-255,5738,172857,19,263549
2980,0.001464,74.125.24.0-255,1484,174341,19,263549
2981,0.001474,172.31.36.0-255,66,174407,19,263549
2982,0.001488,74.125.24.0-255,5020,179427,19,263549
2983,0.001517,172.31.36.0-255,66,179493,19,263549
2984,0.001694,74.125.24.0-255,1484,180977,19,263549
2985,0.001699,74.125.24.0-255,2902,183879,19,263549
2986,0.001715,172.31.36.0-255,66,183945,19,263549
2987,0.001721,74.125.24.0-255,5738,189683,19,263549
2988,0.001726,74.125.24.0-255,4320,194003,19,263549
2989,0.001732,172.31.36.0-255,66,194069,19,263549
2990,0.001741,74.125.24.0-255,2902,196971,19,263549
2991,0.001745,74.125.24.0-255,2902,199873,19,263549
2992,0.001783,74.125.24.0-255,2184,202057,19,263549
2993,0.00179,172.31.36.0-255,66,202123,19,263549
2994,0.002084,74.125.24.0-255,1484,203607,19,263549
2995,0.00209,74.125.24.0-255,2902,206509,19,263549
2996,0.002093,172.31.36.0-255,66,206575,19,263549
2997,0.002117,74.125.24.0-255,5738,212313,19,263549
2998,0.002123,74.125.24.0-255,5738,218051,19,263549
2999,0.002148,74.125.24.0-255,7156,225207,19,263549
3000,0.002156,74.125.24.0-255,8574,233781,19,263549
3001,0.002183,74.125.24.0-255,2184,235965,19,263549
3002,0.002472,74.125.24.0-255,1484,237449,19,263549
3003,0.002478,74.125.24.0-255,2902,240351,19,263549
3004,0.002491,74.125.24.0-255,1484,241835,19,263549
3005,0.00252,74.125.24.0-255,4320,246155,19,263549
3006,0.002535,74.125.24.0-255,1484,247639,19,263549
3007,0.002553,74.125.24.0-255,8574,256213,19,263549
3008,0.002575,74.125.24.0-255,2184,258397,19,263549
3009,0.002591,74.125.24.0-255,2902,261299,19,263549
3010,0.002628,74.125.24.0-255,2184,263483,19,263549
3011,0.008186,172.31.36.0-255,66,263549,19,263549
3012,0.0,74.125.24.0-255,150,150,19,190976
3013,3.3e-05,172.31.36.0-255,66,216,19,190976
3014,3.9e-05,74.125.24.0-255,1484,1700,19,190976
3015,4.4e-05,172.31.36.0-255,66,1766,19,190976
3016,4.8e-05,74.125.24.0-255,2902,4668,19,190976
3017,5.1e-05,172.31.36.0-255,66,4734,19,190976
3018,5.8e-05,74.125.24.0-255,7156,11890,19,190976
3019,6e-05,172.31.36.0-255,66,11956,19,190976
3020,8.5e-05,74.125.24.0-255,2010,13966,19,190976
3021,8.7e-05,172.31.36.0-255,66,14032,19,190976
3022,0.000204,74.125.24.0-255,1484,15516,19,190976
3023,0.000208,172.31.36.0-255,66,15582,19,190976
3024,0.000214,74.125.24.0-255,2902,18484,19,190976
3025,0.000217,172.31.36.0-255,66,18550,19,190976
3026,0.000223,74.125.24.0-255,5738,24288,19,190976
3027,0.000226,172.31.36.0-255,66,24354,19,190976
3028,0.000285,74.125.24.0-255,6797,31151,19,190976
3029,0.000289,172.31.36.0-255,66,31217,19,190976
3030,0.000328,74.125.24.0-255,7156,38373,19,190976
3031,0.000332,172.31.36.0-255,66,38439,19,190976
3032,0.000337,74.125.24.0-255,4320,42759,19,190976
3033,0.000339,172.31.36.0-255,66,42825,19,190976
3034,0.000374,74.125.24.0-255,2902,45727,19,190976
3035,0.000378,172.31.36.0-255,66,45793,19,190976
3036,0.000394,74.125.24.0-255,2543,48336,19,190976
3037,0.000397,172.31.36.0-255,66,48402,19,190976
3038,0.000704,74.125.24.0-255,1484,49886,19,190976
3039,0.000708,172.31.36.0-255,66,49952,19,190976
3040,0.000718,74.125.24.0-255,2902,52854,19,190976
3041,0.00072,172.31.36.0-255,66,52920,19,190976
3042,0.000726,74.125.24.0-255,5738,58658,19,190976
3043,0.000728,172.31.36.0-255,66,58724,19,190976
3044,0.000731,74.125.24.0-255,1484,60208,19,190976
3045,0.000786,74.125.24.0-255,5992,66200,19,190976
3046,0.00079,172.31.36.0-255,66,66266,19,190976
3047,0.001053,74.125.24.0-255,1484,67750,19,190976
3048,0.001061,74.125.24.0-255,2902,70652,19,190976
3049,0.001065,172.31.36.0-255,66,70718,19,190976
3050,0.001092,74.125.24.0-255,5738,76456,19,190976
3051,0.001095,172.31.36.0-255,66,76522,19,190976
3052,0.001102,74.125.24.0-255,7156,83678,19,190976
3053,0.001105,172.31.36.0-255,66,83744,19,190976
3054,0.001133,172.31.36.0-255,66,83810,19,190976
3055,0.001138,74.125.24.0-255,2184,85994,19,190976
3056,0.00114,172.31.36.0-255,66,86060,19,190976
3057,0.001447,74.125.24.0-255,1484,87544,19,190976
3058,0.001463,74.125.24.0-255,2902,90446,19,190976
3059,0.001466,172.31.36.0-255,66,90512,19,190976
3060,0.001472,74.125.24.0-255,5738,96250,19,190976
3061,0.001474,172.31.36.0-255,66,96316,19,190976
3062,0.0015,74.125.24.0-255,8574,104890,19,190976
3063,0.001502,172.31.36.0-255,66,104956,19,190976
3064,0.001551,74.125.24.0-255,7156,112112,19,190976
3065,0.001554,172.31.36.0-255,66,112178,19,190976
3066,0.001576,74.125.24.0-255,7856,120034,19,190976
3067,0.001578,172.31.36.0-255,66,120100,19,190976
3068,0.001581,74.125.24.0-255,1484,121584,19,190976
3069,0.001598,74.125.24.0-255,4320,125904,19,190976
3070,0.001601,172.31.36.0-255,66,125970,19,190976
3071,0.001607,74.125.24.0-255,7156,133126,19,190976
3072,0.001609,172.31.36.0-255,66,133192,19,190976
3073,0.001658,172.31.36.0-255,66,133258,19,190976
3074,0.001677,74.125.24.0-255,1484,134742,19,190976
3075,0.001683,74.125.24.0-255,6438,141180,19,190976
3076,0.001685,172.31.36.0-255,66,141246,19,190976
3077,0.001819,74.125.24.0-255,1484,142730,19,190976
3078,0.001835,74.125.24.0-255,2902,145632,19,190976
3079,0.001838,172.31.36.0-255,66,145698,19,190976
3080,0.001841,74.125.24.0-255,1484,147182,19,190976
3081,0.001854,74.125.24.0-255,2902,150084,19,190976
3082,0.001856,172.31.36.0-255,66,150150,19,190976
3083,0.00188,74.125.24.0-255,8574,158724,19,190976
3084,0.001882,172.31.36.0-255,66,158790,19,190976
3085,0.00193,172.31.36.0-255,66,158856,19,190976
3086,0.001955,74.125.24.0-255,2902,161758,19,190976
3087,0.001958,172.31.36.0-255,66,161824,19,190976
3088,0.001963,74.125.24.0-255,4320,166144,19,190976
3089,0.001965,172.31.36.0-255,66,166210,19,190976
3090,0.001972,74.125.24.0-255,8574,174784,19,190976
3091,0.001974,172.31.36.0-255,66,174850,19,190976
3092,0.002045,172.31.36.0-255,66,174916,19,190976
3093,0.004341,74.125.24.0-255,4320,179236,19,190976
3094,0.004344,172.31.36.0-255,66,179302,19,190976
3095,0.004357,74.125.24.0-255,1484,180786,19,190976
3096,0.006674,74.125.24.0-255,4320,185106,19,190976
3097,0.00668,172.31.36.0-255,66,185172,19,190976
3098,0.009017,74.125.24.0-255,5738,190910,19,190976
3099,0.009024,172.31.36.0-255,66,190976,19,190976
3100,0.0,172.217.160.0-255,153,153,19,228481
3101,3.4e-05,172.31.36.0-255,66,219,19,228481
3102,4.2e-05,172.217.160.0-255,1484,1703,19,228481
3103,4.6e-05,172.31.36.0-255,66,1769,19,228481
3104,5.1e-05,172.217.160.0-255,2902,4671,19,228481
3105,5.4e-05,172.31.36.0-255,66,4737,19,228481
3106,6.1e-05,172.217.160.0-255,7156,11893,19,228481
3107,6.4e-05,172.31.36.0-255,66,11959,19,228481
3108,9.4e-05,172.217.160.0-255,1969,13928,19,228481
3109,9.6e-05,172.31.36.0-255,66,13994,19,228481
3110,0.000166,172.217.160.0-255,1484,15478,19,228481
3111,0.000169,172.31.36.0-255,66,15544,19,228481
3112,0.000175,172.217.160.0-255,2902,18446,19,228481
3113,0.000178,172.31.36.0-255,66,18512,19,228481
3114,0.000181,172.217.160.0-255,1484,19996,19,228481
3115,0.000183,172.31.36.0-255,66,20062,19,228481
3116,0.00021,172.217.160.0-255,4320,24382,19,228481
3117,0.000213,172.31.36.0-255,66,24448,19,228481
3118,0.000222,172.217.160.0-255,6797,31245,19,228481
3119,0.000224,172.31.36.0-255,66,31311,19,228481
3120,0.000269,172.217.160.0-255,2902,34213,19,228481
3121,0.000272,172.31.36.0-255,66,34279,19,228481
3122,0.000287,172.217.160.0-255,4320,38599,19,228481
3123,0.000293,172.31.36.0-255,66,38665,19,228481
3124,0.000334,172.217.160.0-255,9633,48298,19,228481
3125,0.000338,172.31.36.0-255,66,48364,19,228481
3126,0.000487,172.217.160.0-255,1484,49848,19,228481
3127,0.00049,172.217.160.0-255,1484,51332,19,228481
3128,0.000491,172.31.36.0-255,66,51398,19,228481
3129,0.000496,172.31.36.0-255,66,51464,19,228481
3130,0.00051,172.217.160.0-255,1484,52948,19,228481
3131,0.000513,172.31.36.0-255,66,53014,19,228481
3132,0.000519,172.217.160.0-255,5738,58752,19,228481
3133,0.000522,172.31.36.0-255,66,58818,19,228481
3134,0.000551,172.217.160.0-255,5738,64556,19,228481
3135,0.000554,172.31.36.0-255,66,64622,19,228481
3136,0.000582,172.217.160.0-255,1396,66018,19,228481
3137,0.000825,172.31.36.0-255,66,66084,19,228481
3138,0.00089,172.217.160.0-255,406,66490,19,228481
3139,0.000986,172.217.160.0-255,1484,67974,19,228481
3140,0.000991,172.31.36.0-255,66,68040,19,228481
3141,0.000997,172.217.160.0-255,2902,70942,19,228481
3142,0.000999,172.31.36.0-255,66,71008,19,228481
3143,0.001004,172.217.160.0-255,2902,73910,19,228481
3144,0.001006,172.31.36.0-255,66,73976,19,228481
3145,0.001025,172.217.160.0-255,2902,76878,19,228481
3146,0.001028,172.31.36.0-255,66,76944,19,228481
3147,0.001047,172.217.160.0-255,6797,83741,19,228481
3148,0.00105,172.31.36.0-255,66,83807,19,228481
3149,0.001091,172.217.160.0-255,7156,90963,19,228481
3150,0.001095,172.31.36.0-255,66,91029,19,228481
3151,0.001117,172.217.160.0-255,7156,98185,19,228481
3152,0.00112,172.31.36.0-255,66,98251,19,228481
3153,0.001188,172.217.160.0-255,2543,100794,19,228481
3154,0.001191,172.31.36.0-255,66,100860,19,228481
3155,0.00121,172.217.160.0-255,2902,103762,19,228481
3156,0.001213,172.31.36.0-255,66,103828,19,228481
3157,0.001234,172.217.160.0-255,8574,112402,19,228481
3158,0.001236,172.31.36.0-255,66,112468,19,228481
3159,0.001256,172.217.160.0-255,1484,113952,19,228481
3160,0.0013,172.217.160.0-255,4320,118272,19,228481
3161,0.001304,172.31.36.0-255,66,118338,19,228481
3162,0.001334,172.31.36.0-255,66,118404,19,228481
3163,0.001417,172.217.160.0-255,3241,121645,19,228481
3164,0.001421,172.31.36.0-255,66,121711,19,228481
3165,0.001444,172.217.160.0-255,4320,126031,19,228481
3166,0.001448,172.31.36.0-255,66,126097,19,228481
3167,0.001465,172.217.160.0-255,2902,128999,19,228481
3168,0.001467,172.31.36.0-255,66,129065,19,228481
3169,0.001488,172.217.160.0-255,7156,136221,19,228481
3170,0.001491,172.31.36.0-255,66,136287,19,228481
3171,0.001539,172.217.160.0-255,4320,140607,19,228481
3172,0.001542,172.31.36.0-255,66,140673,19,228481
3173,0.001569,172.31.36.0-255,66,140739,19,228481
3174,0.001585,172.217.160.0-255,2184,142923,19,228481
3175,0.001588,172.31.36.0-255,66,142989,19,228481
3176,0.001807,172.217.160.0-255,1484,144473,19,228481
3177,0.001811,172.217.160.0-255,2902,147375,19,228481
3178,0.001814,172.31.36.0-255,66,147441,19,228481
3179,0.001829,172.217.160.0-255,5738,153179,19,228481
3180,0.001832,172.31.36.0-255,66,153245,19,228481
3181,0.001902,172.217.160.0-255,7156,160401,19,228481
3182,0.001905,172.31.36.0-255,66,160467,19,228481
3183,0.001923,172.217.160.0-255,5738,166205,19,228481
3184,0.001925,172.31.36.0-255,66,166271,19,228481
3185,0.001954,172.217.160.0-255,5738,172009,19,228481
3186,0.001957,172.31.36.0-255,66,172075,19,228481
3187,0.001977,172.217.160.0-255,5020,177095,19,228481
3188,0.001979,172.31.36.0-255,66,177161,19,228481
3189,0.002017,172.217.160.0-255,1484,178645,19,228481
3190,0.002044,172.217.160.0-255,9992,188637,19,228481
3191,0.002046,172.31.36.0-255,66,188703,19,228481
3192,0.002104,172.217.160.0-255,2902,191605,19,228481
3193,0.002107,172.31.36.0-255,66,191671,19,228481
3194,0.002129,172.217.160.0-255,8574,200245,19,228481
3195,0.002131,172.31.36.0-255,66,200311,19,228481
3196,0.00216,172.217.160.0-255,10692,211003,19,228481
3197,0.002162,172.31.36.0-255,66,211069,19,228481
3198,0.004131,172.217.160.0-255,5738,216807,19,228481
3199,0.004135,172.31.36.0-255,66,216873,19,228481
3200,0.006106,172.217.160.0-255,5738,222611,19,228481
3201,0.006111,172.31.36.0-255,66,222677,19,228481
3202,0.008092,172.217.160.0-255,5738,228415,19,228481
3203,0.008099,172.31.36.0-255,66,228481,19,228481
3204,0.0,74.125.24.0-255,152,152,19,280713
3205,2.2e-05,172.31.36.0-255,66,218,19,280713
3206,3e-05,74.125.24.0-255,1484,1702,19,280713
3207,3.5e-05,172.31.36.0-255,66,1768,19,280713
3208,4.8e-05,74.125.24.0-255,2902,4670,19,280713
3209,5.2e-05,172.31.36.0-255,66,4736,19,280713
3210,6e-05,74.125.24.0-255,7156,11892,19,280713
3211,6.4e-05,172.31.36.0-255,66,11958,19,280713
3212,6.6e-05,74.125.24.0-255,1484,13442,19,280713
3213,6.9e-05,172.31.36.0-255,66,13508,19,280713
3214,8.6e-05,172.31.36.0-255,66,13574,19,280713
3215,9e-05,74.125.24.0-255,2543,16117,19,280713
3216,9.3e-05,172.31.36.0-255,66,16183,19,280713
3217,0.000172,74.125.24.0-255,1484,17667,19,280713
3218,0.000175,172.31.36.0-255,66,17733,19,280713
3219,0.00018,74.125.24.0-255,2902,20635,19,280713
3220,0.000183,172.31.36.0-255,66,20701,19,280713
3221,0.000186,74.125.24.0-255,1484,22185,19,280713
3222,0.000192,172.31.36.0-255,66,22251,19,280713
3223,0.000224,74.125.24.0-255,4320,26571,19,280713
3224,0.000227,172.31.36.0-255,66,26637,19,280713
3225,0.000234,74.125.24.0-255,6797,33434,19,280713
3226,0.000237,172.31.36.0-255,66,33500,19,280713
3227,0.000241,74.125.24.0-255,2902,36402,19,280713
3228,0.000246,172.31.36.0-255,66,36468,19,280713
3229,0.000267,74.125.24.0-255,4320,40788,19,280713
3230,0.00027,172.31.36.0-255,66,40854,19,280713
3231,0.000308,74.125.24.0-255,9633,50487,19,280713
3232,0.000311,172.31.36.0-255,66,50553,19,280713
3233,0.000502,74.125.24.0-255,646,51199,19,280713
3234,0.000507,172.31.36.0-255,66,51265,19,280713
3235,0.000654,74.125.24.0-255,1484,52749,19,280713
3236,0.000661,74.125.24.0-255,2902,55651,19,280713
3237,0.000665,172.31.36.0-255,66,55717,19,280713
3238,0.00067,74.125.24.0-255,2902,58619,19,280713
3239,0.000672,172.31.36.0-255,66,58685,19,280713
3240,0.000696,74.125.24.0-255,4320,63005,19,280713
3241,0.000704,172.31.36.0-255,66,63071,19,280713
3242,0.000713,74.125.24.0-255,8574,71645,19,280713
3243,0.000716,172.31.36.0-255,66,71711,19,280713
3244,0.000747,74.125.24.0-255,8574,80285,19,280713
3245,0.000751,172.31.36.0-255,66,80351,19,280713
3246,0.000782,74.125.24.0-255,5020,85371,19,280713
3247,0.000787,172.31.36.0-255,66,85437,19,280713
3248,0.001066,74.125.24.0-255,1484,86921,19,280713
3249,0.001074,74.125.24.0-255,2902,89823,19,280713
3250,0.001078,172.31.36.0-255,66,89889,19,280713
3251,0.001084,74.125.24.0-255,2902,92791,19,280713
3252,0.001086,172.31.36.0-255,66,92857,19,280713
3253,0.001117,74.125.24.0-255,2902,95759,19,280713
3254,0.00112,172.31.36.0-255,66,95825,19,280713
3255,0.001124,74.125.24.0-255,1484,97309,19,280713
3256,0.001159,74.125.24.0-255,8574,105883,19,280713
3257,0.001175,172.31.36.0-255,66,105949,19,280713
3258,0.001179,172.31.36.0-255,66,106015,19,280713
3259,0.001239,74.125.24.0-255,1484,107499,19,280713
3260,0.001257,74.125.24.0-255,2902,110401,19,280713
3261,0.00126,172.31.36.0-255,66,110467,19,280713
3262,0.001267,74.125.24.0-255,5738,116205,19,280713
3263,0.00127,172.31.36.0-255,66,116271,19,280713
3264,0.001304,172.31.36.0-255,66,116337,19,280713
3265,0.001311,74.125.24.0-255,5738,122075,19,280713
3266,0.001313,172.31.36.0-255,66,122141,19,280713
3267,0.00133,74.125.24.0-255,1484,123625,19,280713
3268,0.001352,74.125.24.0-255,3602,127227,19,280713
3269,0.001355,172.31.36.0-255,66,127293,19,280713
3270,0.001809,74.125.24.0-255,1484,128777,19,280713
3271,0.001836,74.125.24.0-255,2902,131679,19,280713
3272,0.00184,172.31.36.0-255,66,131745,19,280713
3273,0.001847,74.125.24.0-255,5738,137483,19,280713
3274,0.001849,172.31.36.0-255,66,137549,19,280713
3275,0.001857,74.125.24.0-255,1484,139033,19,280713
3276,0.001866,74.125.24.0-255,8574,147607,19,280713
3277,0.001868,172.31.36.0-255,66,147673,19,280713
3278,0.001905,74.125.24.0-255,4320,151993,19,280713
3279,0.001908,172.31.36.0-255,66,152059,19,280713
3280,0.001945,74.125.24.0-255,9274,161333,19,280713
3281,0.001947,172.31.36.0-255,66,161399,19,280713
3282,0.00195,74.125.24.0-255,1484,162883,19,280713
3283,0.001954,74.125.24.0-255,1484,164367,19,280713
3284,0.001956,172.31.36.0-255,66,164433,19,280713
3285,0.001977,74.125.24.0-255,1484,165917,19,280713
3286,0.001982,74.125.24.0-255,5738,171655,19,280713
3287,0.001984,172.31.36.0-255,66,171721,19,280713
3288,0.002043,74.125.24.0-255,7156,178877,19,280713
3289,0.002046,172.31.36.0-255,66,178943,19,280713
3290,0.002079,74.125.24.0-255,5738,184681,19,280713
3291,0.002082,172.31.36.0-255,66,184747,19,280713
3292,0.002092,74.125.24.0-255,10692,195439,19,280713
3293,0.0021,172.31.36.0-255,66,195505,19,280713
3294,0.002104,74.125.24.0-255,2902,198407,19,280713
3295,0.002106,172.31.36.0-255,66,198473,19,280713
3296,0.002142,74.125.24.0-255,7156,205629,19,280713
3297,0.002145,172.31.36.0-255,66,205695,19,280713
3298,0.002174,172.31.36.0-255,66,205761,19,280713
3299,0.002186,172.31.36.0-255,66,205827,19,280713
3300,0.002299,74.125.24.0-255,1484,207311,19,280713
3301,0.002305,74.125.24.0-255,2902,210213,19,280713
3302,0.00231,172.31.36.0-255,66,210279,19,280713
3303,0.002314,74.125.24.0-255,1484,211763,19,280713
3304,0.002337,74.125.24.0-255,4320,216083,19,280713
3305,0.00234,172.31.36.0-255,66,216149,19,280713
3306,0.002352,74.125.24.0-255,1484,217633,19,280713
3307,0.002378,74.125.24.0-255,5738,223371,19,280713
3308,0.002382,172.31.36.0-255,66,223437,19,280713
3309,0.002385,74.125.24.0-255,1484,224921,19,280713
3310,0.002388,74.125.24.0-255,1484,226405,19,280713
3311,0.002391,172.31.36.0-255,66,226471,19,280713
3312,0.002429,74.125.24.0-255,8574,235045,19,280713
3313,0.002433,172.31.36.0-255,66,235111,19,280713
3314,0.002438,74.125.24.0-255,5020,240131,19,280713
3315,0.002441,172.31.36.0-255,66,240197,19,280713
3316,0.002484,74.125.24.0-255,1484,241681,19,280713
3317,0.00249,74.125.24.0-255,2902,244583,19,280713
3318,0.002494,172.31.36.0-255,66,244649,19,280713
3319,0.002524,74.125.24.0-255,5738,250387,19,280713
3320,0.002528,172.31.36.0-255,66,250453,19,280713
3321,0.002565,172.31.36.0-255,66,250519,19,280713
3322,0.002568,74.125.24.0-255,1484,252003,19,280713
3323,0.002577,74.125.24.0-255,9274,261277,19,280713
3324,0.002585,172.31.36.0-255,66,261343,19,280713
3325,0.00259,74.125.24.0-255,4320,265663,19,280713
3326,0.002593,172.31.36.0-255,66,265729,19,280713
3327,0.002623,172.31.36.0-255,66,265795,19,280713
3328,0.002651,74.125.24.0-255,4320,270115,19,280713
3329,0.002654,172.31.36.0-255,66,270181,19,280713
3330,0.002671,172.31.36.0-255,66,270247,19,280713
3331,0.00268,74.125.24.0-255,9992,280239,19,280713
3332,0.002683,172.31.36.0-255,66,280305,19,280713
3333,0.002738,172.31.36.0-255,66,280371,19,280713
3334,0.002769,172.31.36.0-255,66,280437,19,280713
3335,0.002788,74.125.24.0-255,105,280542,19,280713
3336,0.009096,172.31.36.0-255,66,280608,19,280713
3337,0.009152,172.31.36.0-255,105,280713,19,280713
3338,0.0,74.125.200.0-255,298,298,19,191371
3339,3.4e-05,172.31.36.0-255,66,364,19,191371
3340,4.1e-05,74.125.200.0-255,1484,1848,19,191371
3341,4.5e-05,172.31.36.0-255,66,1914,19,191371
3342,5e-05,74.125.200.0-255,2902,4816,19,191371
3343,5.3e-05,172.31.36.0-255,66,4882,19,191371
3344,6e-05,74.125.200.0-255,5738,10620,19,191371
3345,6.3e-05,172.31.36.0-255,66,10686,19,191371
3346,8.3e-05,74.125.200.0-255,3304,13990,19,191371
3347,8.6e-05,172.31.36.0-255,66,14056,19,191371
3348,0.000225,74.125.200.0-255,1484,15540,19,191371
3349,0.00023,172.31.36.0-255,66,15606,19,191371
3350,0.000235,74.125.200.0-255,2902,18508,19,191371
3351,0.000238,172.31.36.0-255,66,18574,19,191371
3352,0.000254,74.125.200.0-255,5738,24312,19,191371
3353,0.000257,172.31.36.0-255,66,24378,19,191371
3354,0.000288,74.125.200.0-255,6797,31175,19,191371
3355,0.000292,172.31.36.0-255,66,31241,19,191371
3356,0.000318,74.125.200.0-255,7156,38397,19,191371
3357,0.000321,172.31.36.0-255,66,38463,19,191371
3358,0.000341,74.125.200.0-255,2902,41365,19,191371
3359,0.000343,172.31.36.0-255,66,41431,19,191371
3360,0.000368,74.125.200.0-255,5738,47169,19,191371
3361,0.000371,172.31.36.0-255,66,47235,19,191371
3362,0.000374,74.125.200.0-255,1125,48360,19,191371
3363,0.000376,172.31.36.0-255,66,48426,19,191371
3364,0.001034,74.125.200.0-255,1484,49910,19,191371
3365,0.00104,172.31.36.0-255,66,49976,19,191371
3366,0.001051,74.125.200.0-255,2902,52878,19,191371
3367,0.001053,172.31.36.0-255,66,52944,19,191371
3368,0.001071,74.125.200.0-255,2902,55846,19,191371
3369,0.001074,172.31.36.0-255,66,55912,19,191371
3370,0.001098,74.125.200.0-255,2902,58814,19,191371
3371,0.001102,172.31.36.0-255,66,58880,19,191371
3372,0.001108,74.125.200.0-255,5738,64618,19,191371
3373,0.00111,172.31.36.0-255,66,64684,19,191371
3374,0.00113,74.125.200.0-255,6797,71481,19,191371
3375,0.001133,172.31.36.0-255,66,71547,19,191371
3376,0.001138,74.125.200.0-255,4320,75867,19,191371
3377,0.00114,172.31.36.0-255,66,75933,19,191371
3378,0.001165,74.125.200.0-255,4320,80253,19,191371
3379,0.001168,172.31.36.0-255,66,80319,19,191371
3380,0.001178,74.125.200.0-255,9992,90311,19,191371
3381,0.001181,172.31.36.0-255,66,90377,19,191371
3382,0.001184,74.125.200.0-255,1484,91861,19,191371
3383,0.001216,74.125.200.0-255,7856,99717,19,191371
3384,0.00122,172.31.36.0-255,66,99783,19,191371
3385,0.001223,74.125.200.0-255,646,100429,19,191371
3386,0.001475,74.125.200.0-255,1484,101913,19,191371
3387,0.001481,172.31.36.0-255,66,101979,19,191371
3388,0.001487,74.125.200.0-255,2902,104881,19,191371
3389,0.001489,172.31.36.0-255,66,104947,19,191371
3390,0.001494,74.125.200.0-255,2902,107849,19,191371
3391,0.001496,172.31.36.0-255,66,107915,19,191371
3392,0.001515,74.125.200.0-255,1484,109399,19,191371
3393,0.001521,74.125.200.0-255,5738,115137,19,191371
3394,0.001524,172.31.36.0-255,66,115203,19,191371
3395,0.001558,172.31.36.0-255,66,115269,19,191371
3396,0.001564,74.125.200.0-255,5738,121007,19,191371
3397,0.001566,172.31.36.0-255,66,121073,19,191371
3398,0.001601,74.125.200.0-255,2184,123257,19,191371
3399,0.001604,172.31.36.0-255,66,123323,19,191371
3400,0.001736,74.125.200.0-255,1484,124807,19,191371
3401,0.001756,74.125.200.0-255,2902,127709,19,191371
3402,0.00176,172.31.36.0-255,66,127775,19,191371
3403,0.001781,74.125.200.0-255,1484,129259,19,191371
3404,0.001785,74.125.200.0-255,2902,132161,19,191371
3405,0.001787,172.31.36.0-255,66,132227,19,191371
3406,0.001793,74.125.200.0-255,5738,137965,19,191371
3407,0.001794,172.31.36.0-255,66,138031,19,191371
3408,0.001831,172.31.36.0-255,66,138097,19,191371
3409,0.001858,74.125.200.0-255,2902,140999,19,191371
3410,0.001861,172.31.36.0-255,66,141065,19,191371
3411,0.001883,74.125.200.0-255,5020,146085,19,191371
3412,0.001885,172.31.36.0-255,66,146151,19,191371
3413,0.002291,74.125.200.0-255,1484,147635,19,191371
3414,0.002308,74.125.200.0-255,1484,149119,19,191371
3415,0.002311,172.31.36.0-255,66,149185,19,191371
3416,0.00234,74.125.200.0-255,2902,152087,19,191371
3417,0.002345,172.31.36.0-255,66,152153,19,191371
3418,0.002372,74.125.200.0-255,2902,155055,19,191371
3419,0.002375,172.31.36.0-255,66,155121,19,191371
3420,0.002378,74.125.200.0-255,1484,156605,19,191371
3421,0.002396,74.125.200.0-255,2902,159507,19,191371
3422,0.002398,172.31.36.0-255,66,159573,19,191371
3423,0.002415,74.125.200.0-255,1484,161057,19,191371
3424,0.00243,74.125.200.0-255,1484,162541,19,191371
3425,0.002432,172.31.36.0-255,66,162607,19,191371
3426,0.002449,74.125.200.0-255,1484,164091,19,191371
3427,0.002452,74.125.200.0-255,1484,165575,19,191371
3428,0.002454,172.31.36.0-255,66,165641,19,191371
3429,0.002476,74.125.200.0-255,4320,169961,19,191371
3430,0.002479,172.31.36.0-255,66,170027,19,191371
3431,0.002502,74.125.200.0-255,1484,171511,19,191371
3432,0.00252,74.125.200.0-255,5738,177249,19,191371
3433,0.002523,172.31.36.0-255,66,177315,19,191371
3434,0.002527,74.125.200.0-255,2902,180217,19,191371
3435,0.002529,172.31.36.0-255,66,180283,19,191371
3436,0.002549,74.125.200.0-255,766,181049,19,191371
3437,0.002768,172.31.36.0-255,66,181115,19,191371
3438,0.005086,74.125.200.0-255,4320,185435,19,191371
3439,0.005093,172.31.36.0-255,66,185501,19,191371
3440,0.005307,74.125.200.0-255,1484,186985,19,191371
3441,0.007628,74.125.200.0-255,4320,191305,19,191371
3442,0.007634,172.31.36.0-255,66,191371,19,191371
3443,0.0,172.217.194.0-255,153,153,19,282420
3444,1.5e-05,172.31.36.0-255,66,219,19,282420
3445,2.1e-05,172.217.194.0-255,1484,1703,19,282420
3446,2.5e-05,172.31.36.0-255,66,1769,19,282420
3447,3.2e-05,172.217.194.0-255,2902,4671,19,282420
3448,3.5e-05,172.31.36.0-255,66,4737,19,282420
3449,3.9e-05,172.217.194.0-255,1484,6221,19,282420
3450,4.1e-05,172.31.36.0-255,66,6287,19,282420
3451,7.4e-05,172.217.194.0-255,5738,12025,19,282420
3452,7.8e-05,172.31.36.0-255,66,12091,19,282420
3453,8.2e-05,172.217.194.0-255,1949,14040,19,282420
3454,8.4e-05,172.31.36.0-255,66,14106,19,282420
3455,0.000139,172.217.194.0-255,1484,15590,19,282420
3456,0.000142,172.31.36.0-255,66,15656,19,282420
3457,0.000156,172.217.194.0-255,2902,18558,19,282420
3458,0.000159,172.31.36.0-255,66,18624,19,282420
3459,0.000166,172.217.194.0-255,5738,24362,19,282420
3460,0.000168,172.31.36.0-255,66,24428,19,282420
3461,0.000171,172.217.194.0-255,1484,25912,19,282420
3462,0.000173,172.31.36.0-255,66,25978,19,282420
3463,0.000198,172.217.194.0-255,5379,31357,19,282420
3464,0.0002,172.31.36.0-255,66,31423,19,282420
3465,0.000241,172.31.36.0-255,66,31489,19,282420
3466,0.000244,172.217.194.0-255,1484,32973,19,282420
3467,0.000246,172.31.36.0-255,66,33039,19,282420
3468,0.000263,172.217.194.0-255,7156,40195,19,282420
3469,0.000266,172.31.36.0-255,66,40261,19,282420
3470,0.000282,172.217.194.0-255,2902,43163,19,282420
3471,0.000284,172.31.36.0-255,66,43229,19,282420
3472,0.00029,172.217.194.0-255,4320,47549,19,282420
3473,0.000292,172.31.36.0-255,66,47615,19,282420
3474,0.000314,172.217.194.0-255,3602,51217,19,282420
3475,0.000317,172.31.36.0-255,66,51283,19,282420
3476,0.00032,172.217.194.0-255,380,51663,19,282420
3477,0.000434,172.217.194.0-255,364,52027,19,282420
3478,0.000913,172.217.194.0-255,1484,53511,19,282420
3479,0.000918,172.31.36.0-255,66,53577,19,282420
3480,0.000923,172.217.194.0-255,2902,56479,19,282420
3481,0.000925,172.31.36.0-255,66,56545,19,282420
3482,0.000927,172.217.194.0-255,1484,58029,19,282420
3483,0.000959,172.217.194.0-255,4320,62349,19,282420
3484,0.000961,172.31.36.0-255,66,62415,19,282420
3485,0.000967,172.217.194.0-255,5738,68153,19,282420
3486,0.000969,172.31.36.0-255,66,68219,19,282420
3487,0.000981,172.31.36.0-255,66,68285,19,282420
3488,0.000998,172.217.194.0-255,1484,69769,19,282420
3489,0.001003,172.217.194.0-255,5020,74789,19,282420
3490,0.001005,172.31.36.0-255,66,74855,19,282420
3491,0.00104,172.217.194.0-255,1484,76339,19,282420
3492,0.00106,172.217.194.0-255,2902,79241,19,282420
3493,0.001063,172.31.36.0-255,66,79307,19,282420
3494,0.001069,172.217.194.0-255,5738,85045,19,282420
3495,0.001071,172.31.36.0-255,66,85111,19,282420
3496,0.001104,172.31.36.0-255,66,85177,19,282420
3497,0.001112,172.217.194.0-255,8574,93751,19,282420
3498,0.001114,172.31.36.0-255,66,93817,19,282420
3499,0.001129,172.217.194.0-255,1484,95301,19,282420
3500,0.001138,172.217.194.0-255,766,96067,19,282420
3501,0.001141,172.31.36.0-255,66,96133,19,282420
3502,0.001182,172.217.194.0-255,1484,97617,19,282420
3503,0.001194,172.217.194.0-255,2902,100519,19,282420
3504,0.001198,172.31.36.0-255,66,100585,19,282420
3505,0.001207,172.217.194.0-255,2902,103487,19,282420
3506,0.001209,172.31.36.0-255,66,103553,19,282420
3507,0.001226,172.217.194.0-255,2902,106455,19,282420
3508,0.001229,172.31.36.0-255,66,106521,19,282420
3509,0.001238,172.217.194.0-255,9992,116513,19,282420
3510,0.001239,172.31.36.0-255,66,116579,19,282420
3511,0.001261,172.217.194.0-255,2902,119481,19,282420
3512,0.001267,172.217.194.0-255,7156,126637,19,282420
3513,0.001271,172.31.36.0-255,66,126703,19,282420
3514,0.001273,172.31.36.0-255,66,126769,19,282420
3515,0.00129,172.217.194.0-255,3602,130371,19,282420
3516,0.001292,172.31.36.0-255,66,130437,19,282420
3517,0.001539,172.217.194.0-255,1484,131921,19,282420
3518,0.001545,172.217.194.0-255,2902,134823,19,282420
3519,0.001548,172.31.36.0-255,66,134889,19,282420
3520,0.001597,172.217.194.0-255,5738,140627,19,282420
3521,0.0016,172.31.36.0-255,66,140693,19,282420
3522,0.001614,172.31.36.0-255,66,140759,19,282420
3523,0.001625,172.217.194.0-255,10692,151451,19,282420
3524,0.001627,172.31.36.0-255,66,151517,19,282420
3525,0.001678,172.217.194.0-255,1484,153001,19,282420
3526,0.001683,172.217.194.0-255,1484,154485,19,282420
3527,0.001686,172.31.36.0-255,66,154551,19,282420
3528,0.001703,172.217.194.0-255,1484,156035,19,282420
3529,0.00171,172.217.194.0-255,5738,161773,19,282420
3530,0.001713,172.31.36.0-255,66,161839,19,282420
3531,0.00172,172.217.194.0-255,7156,168995,19,282420
3532,0.001722,172.31.36.0-255,66,169061,19,282420
3533,0.001748,172.31.36.0-255,66,169127,19,282420
3534,0.001771,172.217.194.0-255,2902,172029,19,282420
3535,0.001773,172.31.36.0-255,66,172095,19,282420
3536,0.001777,172.217.194.0-255,2184,174279,19,282420
3537,0.001779,172.31.36.0-255,66,174345,19,282420
3538,0.001825,172.217.194.0-255,1484,175829,19,282420
3539,0.001831,172.217.194.0-255,2902,178731,19,282420
3540,0.001835,172.31.36.0-255,66,178797,19,282420
3541,0.001839,172.217.194.0-255,2902,181699,19,282420
3542,0.001841,172.31.36.0-255,66,181765,19,282420
3543,0.001857,172.217.194.0-255,2902,184667,19,282420
3544,0.001861,172.31.36.0-255,66,184733,19,282420
3545,0.001872,172.217.194.0-255,7156,191889,19,282420
3546,0.001874,172.31.36.0-255,66,191955,19,282420
3547,0.001897,172.217.194.0-255,2902,194857,19,282420
3548,0.0019,172.31.36.0-255,66,194923,19,282420
3549,0.001922,172.217.194.0-255,7156,202079,19,282420
3550,0.001924,172.31.36.0-255,66,202145,19,282420
3551,0.001946,172.217.194.0-255,6438,208583,19,282420
3552,0.001949,172.31.36.0-255,66,208649,19,282420
3553,0.001977,172.217.194.0-255,2902,211551,19,282420
3554,0.00198,172.31.36.0-255,66,211617,19,282420
3555,0.001986,172.217.194.0-255,4320,215937,19,282420
3556,0.001988,172.31.36.0-255,66,216003,19,282420
3557,0.001994,172.217.194.0-255,4320,220323,19,282420
3558,0.001996,172.31.36.0-255,66,220389,19,282420
3559,0.002016,172.217.194.0-255,4320,224709,19,282420
3560,0.002024,172.217.194.0-255,7156,231865,19,282420
3561,0.002037,172.31.36.0-255,66,231931,19,282420
3562,0.002054,172.217.194.0-255,9992,241923,19,282420
3563,0.002062,172.217.194.0-255,8574,250497,19,282420
3564,0.002066,172.31.36.0-255,66,250563,19,282420
3565,0.00209,172.217.194.0-255,9274,259837,19,282420
3566,0.002113,172.31.36.0-255,66,259903,19,282420
3567,0.002134,172.217.194.0-255,4320,264223,19,282420
3568,0.002195,172.31.36.0-255,66,264289,19,282420
3569,0.0022,172.31.36.0-255,66,264355,19,282420
3570,0.002212,172.217.194.0-255,3602,267957,19,282420
3571,0.002263,172.217.194.0-255,4320,272277,19,282420
3572,0.002273,172.217.194.0-255,9809,282086,19,282420
3573,0.002275,172.217.194.0-255,97,282183,19,282420
3574,0.002277,172.217.194.0-255,105,282288,19,282420
3575,0.002281,172.31.36.0-255,66,282354,19,282420
3576,0.002294,172.31.36.0-255,66,282420,19,282420
3577,0.0,74.125.68.0-255,149,149,19,140545
3578,2.5e-05,172.31.36.0-255,66,215,19,140545
3579,3.4e-05,74.125.68.0-255,1484,1699,19,140545
3580,4.1e-05,172.31.36.0-255,66,1765,19,140545
3581,5.4e-05,74.125.68.0-255,2902,4667,19,140545
3582,5.7e-05,172.31.36.0-255,66,4733,19,140545
3583,6.4e-05,74.125.68.0-255,5738,10471,19,140545
3584,6.7e-05,172.31.36.0-255,66,10537,19,140545
3585,0.000101,74.125.68.0-255,3436,13973,19,140545
3586,0.000105,172.31.36.0-255,66,14039,19,140545
3587,0.00011,74.125.68.0-255,1484,15523,19,140545
3588,0.000112,172.31.36.0-255,66,15589,19,140545
3589,0.00014,74.125.68.0-255,2902,18491,19,140545
3590,0.000143,172.31.36.0-255,66,18557,19,140545
3591,0.000216,74.125.68.0-255,5738,24295,19,140545
3592,0.000219,172.31.36.0-255,66,24361,19,140545
3593,0.000247,74.125.68.0-255,1484,25845,19,140545
3594,0.000249,172.31.36.0-255,66,25911,19,140545
3595,0.000256,74.125.68.0-255,5379,31290,19,140545
3596,0.000258,172.31.36.0-255,66,31356,19,140545
3597,0.000432,74.125.68.0-255,1484,32840,19,140545
3598,0.000437,172.31.36.0-255,66,32906,19,140545
3599,0.000444,74.125.68.0-255,2902,35808,19,140545
3600,0.000446,172.31.36.0-255,66,35874,19,140545
3601,0.000478,74.125.68.0-255,5738,41612,19,140545
3602,0.000481,172.31.36.0-255,66,41678,19,140545
3603,0.000518,74.125.68.0-255,5738,47416,19,140545
3604,0.000521,172.31.36.0-255,66,47482,19,140545
3605,0.000572,74.125.68.0-255,1125,48607,19,140545
3606,0.000575,172.31.36.0-255,66,48673,19,140545
3607,0.000994,74.125.68.0-255,1484,50157,19,140545
3608,0.000999,172.31.36.0-255,66,50223,19,140545
3609,0.001005,74.125.68.0-255,2902,53125,19,140545
3610,0.001007,172.31.36.0-255,66,53191,19,140545
3611,0.001043,74.125.68.0-255,5738,58929,19,140545
3612,0.001046,172.31.36.0-255,66,58995,19,140545
3613,0.001085,74.125.68.0-255,4320,63315,19,140545
3614,0.001087,172.31.36.0-255,66,63381,19,140545
3615,0.001139,74.125.68.0-255,3122,66503,19,140545
3616,0.001142,172.31.36.0-255,66,66569,19,140545
3617,0.001575,74.125.68.0-255,1484,68053,19,140545
3618,0.001588,74.125.68.0-255,2902,70955,19,140545
3619,0.001592,172.31.36.0-255,66,71021,19,140545
3620,0.001621,74.125.68.0-255,4320,75341,19,140545
3621,0.001623,172.31.36.0-255,66,75407,19,140545
3622,0.00167,74.125.68.0-255,4320,79727,19,140545
3623,0.001672,172.31.36.0-255,66,79793,19,140545
3624,0.001698,74.125.68.0-255,1484,81277,19,140545
3625,0.001705,74.125.68.0-255,5738,87015,19,140545
3626,0.001707,172.31.36.0-255,66,87081,19,140545
3627,0.001733,74.125.68.0-255,1484,88565,19,140545
3628,0.001812,74.125.68.0-255,5738,94303,19,140545
3629,0.001816,172.31.36.0-255,66,94369,19,140545
3630,0.001835,74.125.68.0-255,5738,100107,19,140545
3631,0.001838,172.31.36.0-255,66,100173,19,140545
3632,0.001888,74.125.68.0-255,766,100939,19,140545
3633,0.002231,74.125.68.0-255,1484,102423,19,140545
3634,0.002237,172.31.36.0-255,66,102489,19,140545
3635,0.002245,74.125.68.0-255,2902,105391,19,140545
3636,0.002247,172.31.36.0-255,66,105457,19,140545
3637,0.002272,74.125.68.0-255,2902,108359,19,140545
3638,0.002274,172.31.36.0-255,66,108425,19,140545
3639,0.00231,74.125.68.0-255,2902,111327,19,140545
3640,0.002312,172.31.36.0-255,66,111393,19,140545
3641,0.002323,74.125.68.0-255,1484,112877,19,140545
3642,0.002352,74.125.68.0-255,5738,118615,19,140545
3643,0.002355,172.31.36.0-255,66,118681,19,140545
3644,0.002381,74.125.68.0-255,4320,123001,19,140545
3645,0.002383,172.31.36.0-255,66,123067,19,140545
3646,0.004656,74.125.68.0-255,1484,124551,19,140545
3647,0.004683,74.125.68.0-255,4320,128871,19,140545
3648,0.00469,172.31.36.0-255,66,128937,19,140545
3649,0.007,74.125.68.0-255,5738,134675,19,140545
3650,0.007007,172.31.36.0-255,66,134741,19,140545
3651,0.00944,74.125.68.0-255,5738,140479,19,140545
3652,0.009452,172.31.36.0-255,66,140545,19,140545
3653,0.0,74.125.24.0-255,148,148,19,111131
3654,2.6e-05,172.31.36.0-255,66,214,19,111131
3655,3.2e-05,74.125.24.0-255,1484,1698,19,111131
3656,3.6e-05,172.31.36.0-255,66,1764,19,111131
3657,4.1e-05,74.125.24.0-255,2902,4666,19,111131
3658,4.4e-05,172.31.36.0-255,66,4732,19,111131
3659,5e-05,74.125.24.0-255,5738,10470,19,111131
3660,5.3e-05,172.31.36.0-255,66,10536,19,111131
3661,7.5e-05,74.125.24.0-255,1484,12020,19,111131
3662,7.8e-05,172.31.36.0-255,66,12086,19,111131
3663,9e-05,74.125.24.0-255,10548,22634,19,111131
3664,9.2e-05,172.31.36.0-255,66,22700,19,111131
3665,0.000111,74.125.24.0-255,5738,28438,19,111131
3666,0.000114,172.31.36.0-255,66,28504,19,111131
3667,0.000149,74.125.24.0-255,2543,31047,19,111131
3668,0.000152,172.31.36.0-255,66,31113,19,111131
3669,0.00016,74.125.24.0-255,8574,39687,19,111131
3670,0.000162,172.31.36.0-255,66,39753,19,111131
3671,0.000168,74.125.24.0-255,5738,45491,19,111131
3672,0.00017,172.31.36.0-255,66,45557,19,111131
3673,0.000223,74.125.24.0-255,2543,48100,19,111131
3674,0.000226,172.31.36.0-255,66,48166,19,111131
3675,0.001794,74.125.24.0-255,1484,49650,19,111131
3676,0.0018,172.31.36.0-255,66,49716,19,111131
3677,0.001811,74.125.24.0-255,2902,52618,19,111131
3678,0.001813,172.31.36.0-255,66,52684,19,111131
3679,0.001819,74.125.24.0-255,5738,58422,19,111131
3680,0.001821,172.31.36.0-255,66,58488,19,111131
3681,0.001826,74.125.24.0-255,4320,62808,19,111131
3682,0.001828,172.31.36.0-255,66,62874,19,111131
3683,0.001855,74.125.24.0-255,2543,65417,19,111131
3684,0.001858,172.31.36.0-255,66,65483,19,111131
3685,0.001866,74.125.24.0-255,7156,72639,19,111131
3686,0.001868,172.31.36.0-255,66,72705,19,111131
3687,0.001885,74.125.24.0-255,5738,78443,19,111131
3688,0.0019,74.125.24.0-255,1484,79927,19,111131
3689,0.001906,74.125.24.0-255,7156,87083,19,111131
3690,0.001921,74.125.24.0-255,1484,88567,19,111131
3691,0.001939,74.125.24.0-255,1484,90051,19,111131
3692,0.001951,74.125.24.0-255,2902,92953,19,111131
3693,0.001966,74.125.24.0-255,4320,97273,19,111131
3694,0.001977,74.125.24.0-255,2184,99457,19,111131
3695,0.004176,172.31.36.0-255,66,99523,19,111131
3696,0.006138,74.125.24.0-255,5738,105261,19,111131
3697,0.006144,172.31.36.0-255,66,105327,19,111131
3698,0.008077,74.125.24.0-255,5738,111065,19,111131
3699,0.008083,172.31.36.0-255,66,111131,19,111131
3700,0.0,172.217.194.0-255,154,154,19,206391
3701,2.3e-05,172.31.36.0-255,66,220,19,206391
3702,4.9e-05,172.217.194.0-255,1484,1704,19,206391
3703,5.4e-05,172.31.36.0-255,66,1770,19,206391
3704,6e-05,172.217.194.0-255,2902,4672,19,206391
3705,6.4e-05,172.31.36.0-255,66,4738,19,206391
3706,6.8e-05,172.217.194.0-255,2902,7640,19,206391
3707,7.1e-05,172.31.36.0-255,66,7706,19,206391
3708,8.7e-05,172.217.194.0-255,1484,9190,19,206391
3709,9e-05,172.31.36.0-255,66,9256,19,206391
3710,0.000115,172.217.194.0-255,4938,14194,19,206391
3711,0.000119,172.31.36.0-255,66,14260,19,206391
3712,0.00013,172.217.194.0-255,7156,21416,19,206391
3713,0.000133,172.31.36.0-255,66,21482,19,206391
3714,0.000136,172.217.194.0-255,1484,22966,19,206391
3715,0.000138,172.31.36.0-255,66,23032,19,206391
3716,0.000185,172.31.36.0-255,66,23098,19,206391
3717,0.000239,172.217.194.0-255,10692,33790,19,206391
3718,0.000242,172.31.36.0-255,66,33856,19,206391
3719,0.000282,172.217.194.0-255,5738,39594,19,206391
3720,0.000285,172.31.36.0-255,66,39660,19,206391
3721,0.000314,172.217.194.0-255,5738,45398,19,206391
3722,0.000317,172.31.36.0-255,66,45464,19,206391
3723,0.000344,172.217.194.0-255,2902,48366,19,206391
3724,0.000348,172.31.36.0-255,66,48432,19,206391
3725,0.000378,172.217.194.0-255,2543,50975,19,206391
3726,0.00038,172.31.36.0-255,66,51041,19,206391
3727,0.000383,172.217.194.0-255,363,51404,19,206391
3728,0.000385,172.31.36.0-255,66,51470,19,206391
3729,0.000719,172.217.194.0-255,379,51849,19,206391
3730,0.000727,172.31.36.0-255,66,51915,19,206391
3731,0.000994,172.217.194.0-255,1484,53399,19,206391
3732,0.001002,172.217.194.0-255,2902,56301,19,206391
3733,0.001005,172.31.36.0-255,66,56367,19,206391
3734,0.001036,172.217.194.0-255,5738,62105,19,206391
3735,0.001039,172.31.36.0-255,66,62171,19,206391
3736,0.001047,172.217.194.0-255,5738,67909,19,206391
3737,0.00105,172.31.36.0-255,66,67975,19,206391
3738,0.00107,172.217.194.0-255,4320,72295,19,206391
3739,0.001077,172.31.36.0-255,66,72361,19,206391
3740,0.001081,172.217.194.0-255,2902,75263,19,206391
3741,0.001084,172.31.36.0-255,66,75329,19,206391
3742,0.00112,172.217.194.0-255,10144,85473,19,206391
3743,0.001123,172.31.36.0-255,66,85539,19,206391
3744,0.001164,172.217.194.0-255,1484,87023,19,206391
3745,0.001168,172.217.194.0-255,1484,88507,19,206391
3746,0.001171,172.31.36.0-255,66,88573,19,206391
3747,0.00119,172.217.194.0-255,1484,90057,19,206391
3748,0.001197,172.217.194.0-255,5738,95795,19,206391
3749,0.001199,172.31.36.0-255,66,95861,19,206391
3750,0.001268,172.31.36.0-255,66,95927,19,206391
3751,0.001297,172.217.194.0-255,4320,100247,19,206391
3752,0.001299,172.31.36.0-255,66,100313,19,206391
3753,0.001329,172.217.194.0-255,6438,106751,19,206391
3754,0.001331,172.31.36.0-255,66,106817,19,206391
3755,0.001612,172.217.194.0-255,1484,108301,19,206391
3756,0.001618,172.217.194.0-255,2902,111203,19,206391
3757,0.001622,172.31.36.0-255,66,111269,19,206391
3758,0.001629,172.217.194.0-255,5738,117007,19,206391
3759,0.001631,172.31.36.0-255,66,117073,19,206391
3760,0.001658,172.217.194.0-255,7156,124229,19,206391
3761,0.00166,172.31.36.0-255,66,124295,19,206391
3762,0.001715,172.31.36.0-255,66,124361,19,206391
3763,0.001727,172.217.194.0-255,1484,125845,19,206391
3764,0.001758,172.217.194.0-255,2184,128029,19,206391
3765,0.00176,172.31.36.0-255,66,128095,19,206391
3766,0.001788,172.217.194.0-255,2902,130997,19,206391
3767,0.00179,172.31.36.0-255,66,131063,19,206391
3768,0.001797,172.217.194.0-255,7156,138219,19,206391
3769,0.0018,172.31.36.0-255,66,138285,19,206391
3770,0.001827,172.217.194.0-255,4320,142605,19,206391
3771,0.001829,172.31.36.0-255,66,142671,19,206391
3772,0.001856,172.217.194.0-255,2902,145573,19,206391
3773,0.001859,172.31.36.0-255,66,145639,19,206391
3774,0.001864,172.217.194.0-255,2902,148541,19,206391
3775,0.001866,172.31.36.0-255,66,148607,19,206391
3776,0.00191,172.31.36.0-255,66,148673,19,206391
3777,0.001957,172.217.194.0-255,4320,152993,19,206391
3778,0.001961,172.31.36.0-255,66,153059,19,206391
3779,0.002005,172.31.36.0-255,66,153125,19,206391
3780,0.0021,172.217.194.0-255,2902,156027,19,206391
3781,0.002104,172.31.36.0-255,66,156093,19,206391
3782,0.002133,172.217.194.0-255,5020,161113,19,206391
3783,0.002137,172.31.36.0-255,66,161179,19,206391
3784,0.002173,172.217.194.0-255,5738,166917,19,206391
3785,0.002177,172.31.36.0-255,66,166983,19,206391
3786,0.002197,172.217.194.0-255,7156,174139,19,206391
3787,0.0022,172.31.36.0-255,66,174205,19,206391
3788,0.002204,172.217.194.0-255,2902,177107,19,206391
3789,0.002207,172.31.36.0-255,66,177173,19,206391
3790,0.002277,172.31.36.0-255,66,177239,19,206391
3791,0.002337,172.217.194.0-255,7156,184395,19,206391
3792,0.002342,172.31.36.0-255,66,184461,19,206391
3793,0.002401,172.31.36.0-255,66,184527,19,206391
3794,0.002554,172.217.194.0-255,4320,188847,19,206391
3795,0.002559,172.31.36.0-255,66,188913,19,206391
3796,0.002614,172.31.36.0-255,66,188979,19,206391
3797,0.00488,172.217.194.0-255,5738,194717,19,206391
3798,0.004888,172.31.36.0-255,66,194783,19,206391
3799,0.007205,172.217.194.0-255,5738,200521,19,206391
3800,0.007209,172.31.36.0-255,66,200587,19,206391
3801,0.009456,172.217.194.0-255,5738,206325,19,206391
3802,0.009461,172.31.36.0-255,66,206391,19,206391
3803,0.0,74.125.24.0-255,296,296,19,219767
3804,2.2e-05,172.31.36.0-255,66,362,19,219767
3805,2.8e-05,74.125.24.0-255,1484,1846,19,219767
3806,3.2e-05,172.31.36.0-255,66,1912,19,219767
3807,3.8e-05,74.125.24.0-255,4320,6232,19,219767
3808,4.1e-05,172.31.36.0-255,66,6298,19,219767
3809,4.6e-05,74.125.24.0-255,4320,10618,19,219767
3810,4.8e-05,172.31.36.0-255,66,10684,19,219767
3811,7e-05,172.31.36.0-255,66,10750,19,219767
3812,7.7e-05,74.125.24.0-255,6797,17547,19,219767
3813,8e-05,172.31.36.0-255,66,17613,19,219767
3814,0.000192,74.125.24.0-255,1484,19097,19,219767
3815,0.000195,172.31.36.0-255,66,19163,19,219767
3816,0.000198,74.125.24.0-255,1484,20647,19,219767
3817,0.0002,172.31.36.0-255,66,20713,19,219767
3818,0.000221,74.125.24.0-255,1484,22197,19,219767
3819,0.000226,172.31.36.0-255,66,22263,19,219767
3820,0.000233,74.125.24.0-255,5738,28001,19,219767
3821,0.000235,172.31.36.0-255,66,28067,19,219767
3822,0.000241,74.125.24.0-255,5738,33805,19,219767
3823,0.000243,172.31.36.0-255,66,33871,19,219767
3824,0.000283,74.125.24.0-255,8215,42086,19,219767
3825,0.000286,172.31.36.0-255,66,42152,19,219767
3826,0.000295,74.125.24.0-255,9908,52060,19,219767
3827,0.000297,172.31.36.0-255,66,52126,19,219767
3828,0.000304,74.125.24.0-255,382,52508,19,219767
3829,0.000306,172.31.36.0-255,66,52574,19,219767
3830,0.000418,74.125.24.0-255,1484,54058,19,219767
3831,0.000422,172.31.36.0-255,66,54124,19,219767
3832,0.000426,74.125.24.0-255,2902,57026,19,219767
3833,0.000428,172.31.36.0-255,66,57092,19,219767
3834,0.000432,74.125.24.0-255,2902,59994,19,219767
3835,0.000434,172.31.36.0-255,66,60060,19,219767
3836,0.000467,74.125.24.0-255,2902,62962,19,219767
3837,0.000469,172.31.36.0-255,66,63028,19,219767
3838,0.000486,172.31.36.0-255,66,63094,19,219767
3839,0.00051,74.125.24.0-255,4320,67414,19,219767
3840,0.000512,172.31.36.0-255,66,67480,19,219767
3841,0.000538,74.125.24.0-255,5379,72859,19,219767
3842,0.00054,172.31.36.0-255,66,72925,19,219767
3843,0.00073,74.125.24.0-255,1484,74409,19,219767
3844,0.000738,74.125.24.0-255,2902,77311,19,219767
3845,0.00074,172.31.36.0-255,66,77377,19,219767
3846,0.000746,74.125.24.0-255,4320,81697,19,219767
3847,0.000747,172.31.36.0-255,66,81763,19,219767
3848,0.000782,74.125.24.0-255,1484,83247,19,219767
3849,0.000791,74.125.24.0-255,9992,93239,19,219767
3850,0.000794,172.31.36.0-255,66,93305,19,219767
3851,0.000828,172.31.36.0-255,66,93371,19,219767
3852,0.000852,74.125.24.0-255,2184,95555,19,219767
3853,0.000854,172.31.36.0-255,66,95621,19,219767
3854,0.000868,172.31.36.0-255,66,95687,19,219767
3855,0.000882,74.125.24.0-255,7156,102843,19,219767
3856,0.000885,172.31.36.0-255,66,102909,19,219767
3857,0.000941,172.31.36.0-255,66,102975,19,219767
3858,0.001324,74.125.24.0-255,1484,104459,19,219767
3859,0.001332,74.125.24.0-255,2902,107361,19,219767
3860,0.001335,172.31.36.0-255,66,107427,19,219767
3861,0.001383,74.125.24.0-255,5738,113165,19,219767
3862,0.001386,172.31.36.0-255,66,113231,19,219767
3863,0.0014,172.31.36.0-255,66,113297,19,219767
3864,0.001405,74.125.24.0-255,4320,117617,19,219767
3865,0.001408,172.31.36.0-255,66,117683,19,219767
3866,0.001443,74.125.24.0-255,6438,124121,19,219767
3867,0.001445,172.31.36.0-255,66,124187,19,219767
3868,0.001479,74.125.24.0-255,5738,129925,19,219767
3869,0.001482,172.31.36.0-255,66,129991,19,219767
3870,0.0015,74.125.24.0-255,1484,131475,19,219767
3871,0.001507,74.125.24.0-255,5738,137213,19,219767
3872,0.00151,172.31.36.0-255,66,137279,19,219767
3873,0.001552,74.125.24.0-255,9992,147271,19,219767
3874,0.001555,172.31.36.0-255,66,147337,19,219767
3875,0.001586,74.125.24.0-255,4320,151657,19,219767
3876,0.001589,172.31.36.0-255,66,151723,19,219767
3877,0.001596,74.125.24.0-255,6438,158161,19,219767
3878,0.001599,172.31.36.0-255,66,158227,19,219767
3879,0.001606,74.125.24.0-255,1484,159711,19,219767
3880,0.001627,74.125.24.0-255,2902,162613,19,219767
3881,0.00163,172.31.36.0-255,66,162679,19,219767
3882,0.001636,74.125.24.0-255,5738,168417,19,219767
3883,0.001639,172.31.36.0-255,66,168483,19,219767
3884,0.00165,74.125.24.0-255,5738,174221,19,219767
3885,0.001652,172.31.36.0-255,66,174287,19,219767
3886,0.001662,74.125.24.0-255,4320,178607,19,219767
3887,0.001665,172.31.36.0-255,66,178673,19,219767
3888,0.001695,74.125.24.0-255,8574,187247,19,219767
3889,0.001699,172.31.36.0-255,66,187313,19,219767
3890,0.001705,74.125.24.0-255,5020,192333,19,219767
3891,0.001707,172.31.36.0-255,66,192399,19,219767
3892,0.001737,74.125.24.0-255,5738,198137,19,219767
3893,0.00174,172.31.36.0-255,66,198203,19,219767
3894,0.001758,172.31.36.0-255,66,198269,19,219767
3895,0.001828,172.31.36.0-255,66,198335,19,219767
3896,0.001835,74.125.24.0-255,5738,204073,19,219767
3897,0.001838,172.31.36.0-255,66,204139,19,219767
3898,0.001853,172.31.36.0-255,66,204205,19,219767
3899,0.0019,172.31.36.0-255,66,204271,19,219767
3900,0.001915,172.31.36.0-255,66,204337,19,219767
3901,0.001933,172.31.36.0-255,66,204403,19,219767
3902,0.001949,74.125.24.0-255,5020,209423,19,219767
3903,0.001951,172.31.36.0-255,66,209489,19,219767
3904,0.001974,172.31.36.0-255,66,209555,19,219767
3905,0.002004,74.125.24.0-255,4320,213875,19,219767
3906,0.002006,172.31.36.0-255,66,213941,19,219767
3907,0.002013,74.125.24.0-255,5655,219596,19,219767
3908,0.002016,172.31.36.0-255,66,219662,19,219767
3909,0.002043,74.125.24.0-255,105,219767,19,219767
3910,0.0,74.125.68.0-255,153,153,19,290059
3911,2.9e-05,172.31.36.0-255,66,219,19,290059
3912,3.4e-05,74.125.68.0-255,1484,1703,19,290059
3913,3.8e-05,172.31.36.0-255,66,1769,19,290059
3914,6.4e-05,74.125.68.0-255,2902,4671,19,290059
3915,6.7e-05,172.31.36.0-255,66,4737,19,290059
3916,7.5e-05,74.125.68.0-255,4320,9057,19,290059
3917,7.8e-05,172.31.36.0-255,66,9123,19,290059
3918,0.000105,74.125.68.0-255,4811,13934,19,290059
3919,0.000107,172.31.36.0-255,66,14000,19,290059
3920,0.000208,74.125.68.0-255,1484,15484,19,290059
3921,0.000212,172.31.36.0-255,66,15550,19,290059
3922,0.000217,74.125.68.0-255,2902,18452,19,290059
3923,0.000218,172.31.36.0-255,66,18518,19,290059
3924,0.000247,74.125.68.0-255,5738,24256,19,290059
3925,0.000251,172.31.36.0-255,66,24322,19,290059
3926,0.000284,74.125.68.0-255,6797,31119,19,290059
3927,0.000287,172.31.36.0-255,66,31185,19,290059
3928,0.000369,74.125.68.0-255,1484,32669,19,290059
3929,0.000372,172.31.36.0-255,66,32735,19,290059
3930,0.000377,74.125.68.0-255,2902,35637,19,290059
3931,0.000381,172.31.36.0-255,66,35703,19,290059
3932,0.000401,74.125.68.0-255,4320,40023,19,290059
3933,0.000403,172.31.36.0-255,66,40089,19,290059
3934,0.000409,74.125.68.0-255,5738,45827,19,290059
3935,0.000411,172.31.36.0-255,66,45893,19,290059
3936,0.000453,74.125.68.0-255,4320,50213,19,290059
3937,0.000458,172.31.36.0-255,66,50279,19,290059
3938,0.000475,74.125.68.0-255,6797,57076,19,290059
3939,0.000478,172.31.36.0-255,66,57142,19,290059
3940,0.000516,74.125.68.0-255,2902,60044,19,290059
3941,0.000519,172.31.36.0-255,66,60110,19,290059
3942,0.00055,74.125.68.0-255,5711,65821,19,290059
3943,0.000554,172.31.36.0-255,66,65887,19,290059
3944,0.000557,74.125.68.0-255,110,65997,19,290059
3945,0.00056,74.125.68.0-255,332,66329,19,290059
3946,0.000684,172.31.36.0-255,66,66395,19,290059
3947,0.000741,74.125.68.0-255,1484,67879,19,290059
3948,0.000748,74.125.68.0-255,1484,69363,19,290059
3949,0.000751,172.31.36.0-255,66,69429,19,290059
3950,0.000774,74.125.68.0-255,1484,70913,19,290059
3951,0.00078,74.125.68.0-255,5738,76651,19,290059
3952,0.000783,172.31.36.0-255,66,76717,19,290059
3953,0.000831,74.125.68.0-255,4320,81037,19,290059
3954,0.000835,172.31.36.0-255,66,81103,19,290059
3955,0.000861,74.125.68.0-255,8574,89677,19,290059
3956,0.000865,172.31.36.0-255,66,89743,19,290059
3957,0.000871,74.125.68.0-255,5738,95481,19,290059
3958,0.000873,172.31.36.0-255,66,95547,19,290059
3959,0.000904,74.125.68.0-255,5020,100567,19,290059
3960,0.000907,172.31.36.0-255,66,100633,19,290059
3961,0.001038,74.125.68.0-255,1484,102117,19,290059
3962,0.001045,74.125.68.0-255,2902,105019,19,290059
3963,0.001048,172.31.36.0-255,66,105085,19,290059
3964,0.001081,74.125.68.0-255,4320,109405,19,290059
3965,0.001084,172.31.36.0-255,66,109471,19,290059
3966,0.00109,74.125.68.0-255,5738,115209,19,290059
3967,0.001092,172.31.36.0-255,66,115275,19,290059
3968,0.001105,74.125.68.0-255,1484,116759,19,290059
3969,0.00113,74.125.68.0-255,9992,126751,19,290059
3970,0.001132,172.31.36.0-255,66,126817,19,290059
3971,0.001195,74.125.68.0-255,4320,131137,19,290059
3972,0.001198,172.31.36.0-255,66,131203,19,290059
3973,0.001228,74.125.68.0-255,3602,134805,19,290059
3974,0.00123,172.31.36.0-255,66,134871,19,290059
3975,0.001251,74.125.68.0-255,1484,136355,19,290059
3976,0.001256,74.125.68.0-255,2902,139257,19,290059
3977,0.001258,172.31.36.0-255,66,139323,19,290059
3978,0.001283,74.125.68.0-255,2902,142225,19,290059
3979,0.001285,172.31.36.0-255,66,142291,19,290059
3980,0.00132,74.125.68.0-255,4320,146611,19,290059
3981,0.001322,172.31.36.0-255,66,146677,19,290059
3982,0.001329,74.125.68.0-255,8574,155251,19,290059
3983,0.001331,172.31.36.0-255,66,155317,19,290059
3984,0.001368,74.125.68.0-255,4320,159637,19,290059
3985,0.001371,172.31.36.0-255,66,159703,19,290059
3986,0.001398,74.125.68.0-255,2902,162605,19,290059
3987,0.0014,172.31.36.0-255,66,162671,19,290059
3988,0.001441,74.125.68.0-255,2902,165573,19,290059
3989,0.001444,172.31.36.0-255,66,165639,19,290059
3990,0.001471,74.125.68.0-255,3602,169241,19,290059
3991,0.001474,172.31.36.0-255,66,169307,19,290059
3992,0.00148,74.125.68.0-255,7156,176463,19,290059
3993,0.001482,172.31.36.0-255,66,176529,19,290059
3994,0.001503,74.125.68.0-255,2902,179431,19,290059
3995,0.001505,172.31.36.0-255,66,179497,19,290059
3996,0.001527,74.125.68.0-255,1484,180981,19,290059
3997,0.001541,74.125.68.0-255,5738,186719,19,290059
3998,0.001544,172.31.36.0-255,66,186785,19,290059
3999,0.001576,74.125.68.0-255,2902,189687,19,290059
4000,0.001578,172.31.36.0-255,66,189753,19,290059
4001,0.00161,74.125.68.0-255,8574,198327,19,290059
4002,0.001623,74.125.68.0-255,1484,199811,19,290059
4003,0.001639,74.125.68.0-255,3602,203413,19,290059
4004,0.001933,74.125.68.0-255,1484,204897,19,290059
4005,0.001949,74.125.68.0-255,2902,207799,19,290059
4006,0.001968,74.125.68.0-255,4320,212119,19,290059
4007,0.001991,74.125.68.0-255,7156,219275,19,290059
4008,0.002009,74.125.68.0-255,1484,220759,19,290059
4009,0.002021,74.125.68.0-255,2902,223661,19,290059
4010,0.002037,74.125.68.0-255,2902,226563,19,290059
4011,0.002074,74.125.68.0-255,4320,230883,19,290059
4012,0.002087,74.125.68.0-255,2902,233785,19,290059
4013,0.002112,74.125.68.0-255,5020,238805,19,290059
4014,0.002137,74.125.68.0-255,4320,243125,19,290059
4015,0.002153,74.125.68.0-255,4320,247445,19,290059
4016,0.002193,74.125.68.0-255,5738,253183,19,290059
4017,0.002234,74.125.68.0-255,5738,258921,19,290059
4018,0.002277,74.125.68.0-255,4320,263241,19,290059
4019,0.002303,74.125.68.0-255,7856,271097,19,290059
4020,0.002354,74.125.68.0-255,1484,272581,19,290059
4021,0.002895,172.31.36.0-255,66,272647,19,290059
4022,0.005144,74.125.68.0-255,5738,278385,19,290059
4023,0.00515,172.31.36.0-255,66,278451,19,290059
4024,0.00735,74.125.68.0-255,5738,284189,19,290059
4025,0.007355,172.31.36.0-255,66,284255,19,290059
4026,0.009564,74.125.68.0-255,5738,289993,19,290059
4027,0.009571,172.31.36.0-255,66,290059,19,290059
4028,0.0,172.217.24.0-255,153,153,19,96189
4029,3.6e-05,172.31.36.0-255,66,219,19,96189
4030,4.4e-05,172.217.24.0-255,1484,1703,19,96189
4031,4.8e-05,172.31.36.0-255,66,1769,19,96189
4032,5.3e-05,172.217.24.0-255,2902,4671,19,96189
4033,6.4e-05,172.31.36.0-255,66,4737,19,96189
4034,7.1e-05,172.217.24.0-255,5738,10475,19,96189
4035,7.4e-05,172.31.36.0-255,66,10541,19,96189
4036,9.3e-05,172.217.24.0-255,3422,13963,19,96189
4037,9.7e-05,172.31.36.0-255,66,14029,19,96189
4038,0.000538,172.217.24.0-255,1484,15513,19,96189
4039,0.000545,172.31.36.0-255,66,15579,19,96189
4040,0.000558,172.217.24.0-255,2902,18481,19,96189
4041,0.000567,172.31.36.0-255,66,18547,19,96189
4042,0.000575,172.217.24.0-255,5738,24285,19,96189
4043,0.000577,172.31.36.0-255,66,24351,19,96189
4044,0.000584,172.217.24.0-255,6797,31148,19,96189
4045,0.000587,172.31.36.0-255,66,31214,19,96189
4046,0.000631,172.31.36.0-255,66,31280,19,96189
4047,0.00064,172.217.24.0-255,9992,41272,19,96189
4048,0.000644,172.31.36.0-255,66,41338,19,96189
4049,0.00068,172.217.24.0-255,4320,45658,19,96189
4050,0.000684,172.31.36.0-255,66,45724,19,96189
4051,0.000715,172.217.24.0-255,5020,50744,19,96189
4052,0.000719,172.31.36.0-255,66,50810,19,96189
4053,0.000722,172.217.24.0-255,358,51168,19,96189
4054,0.000724,172.31.36.0-255,66,51234,19,96189
4055,0.001438,172.217.24.0-255,131,51365,19,96189
4056,0.001444,172.31.36.0-255,66,51431,19,96189
4057,0.001587,172.217.24.0-255,1484,52915,19,96189
4058,0.001592,172.31.36.0-255,66,52981,19,96189
4059,0.001599,172.217.24.0-255,2902,55883,19,96189
4060,0.001601,172.31.36.0-255,66,55949,19,96189
4061,0.001607,172.217.24.0-255,5738,61687,19,96189
4062,0.001614,172.31.36.0-255,66,61753,19,96189
4063,0.001632,172.217.24.0-255,1484,63237,19,96189
4064,0.001667,172.31.36.0-255,66,63303,19,96189
4065,0.001676,172.217.24.0-255,8574,71877,19,96189
4066,0.001677,172.31.36.0-255,66,71943,19,96189
4067,0.001707,172.217.24.0-255,2184,74127,19,96189
4068,0.00171,172.31.36.0-255,66,74193,19,96189
4069,0.003601,172.217.24.0-255,2902,77095,19,96189
4070,0.003606,172.31.36.0-255,66,77161,19,96189
4071,0.003635,172.217.24.0-255,2902,80063,19,96189
4072,0.003638,172.31.36.0-255,66,80129,19,96189
4073,0.00555,172.217.24.0-255,4320,84449,19,96189
4074,0.005555,172.31.36.0-255,66,84515,19,96189
4075,0.005578,172.217.24.0-255,1484,85999,19,96189
4076,0.007497,172.217.24.0-255,4320,90319,19,96189
4077,0.007504,172.31.36.0-255,66,90385,19,96189
4078,0.009447,172.217.24.0-255,5738,96123,19,96189
4079,0.009459,172.31.36.0-255,66,96189,19,96189
4080,0.0,74.125.68.0-255,153,153,19,124778
4081,2.7e-05,172.31.36.0-255,66,219,19,124778
4082,3.2e-05,74.125.68.0-255,1484,1703,19,124778
4083,3.7e-05,172.31.36.0-255,66,1769,19,124778
4084,6.1e-05,74.125.68.0-255,1484,3253,19,124778
4085,6.3e-05,172.31.36.0-255,66,3319,19,124778
4086,6.8e-05,74.125.68.0-255,2902,6221,19,124778
4087,7e-05,172.31.36.0-255,66,6287,19,124778
4088,0.0001,74.125.68.0-255,2902,9189,19,124778
4089,0.000103,172.31.36.0-255,66,9255,19,124778
4090,0.00012,74.125.68.0-255,2902,12157,19,124778
4091,0.000123,172.31.36.0-255,66,12223,19,124778
4092,0.000127,74.125.68.0-255,2001,14224,19,124778
4093,0.000129,172.31.36.0-255,66,14290,19,124778
4094,0.000133,74.125.68.0-255,2902,17192,19,124778
4095,0.000135,172.31.36.0-255,66,17258,19,124778
4096,0.000142,74.125.68.0-255,7156,24414,19,124778
4097,0.000145,172.31.36.0-255,66,24480,19,124778
4098,0.000149,74.125.68.0-255,2902,27382,19,124778
4099,0.000151,172.31.36.0-255,66,27448,19,124778
4100,0.000174,74.125.68.0-255,3961,31409,19,124778
4101,0.000177,172.31.36.0-255,66,31475,19,124778
4102,0.000549,74.125.68.0-255,1484,32959,19,124778
4103,0.000554,172.31.36.0-255,66,33025,19,124778
4104,0.000562,74.125.68.0-255,2902,35927,19,124778
4105,0.000565,172.31.36.0-255,66,35993,19,124778
4106,0.000578,74.125.68.0-255,1484,37477,19,124778
4107,0.00058,172.31.36.0-255,66,37543,19,124778
4108,0.000593,74.125.68.0-255,4320,41863,19,124778
4109,0.000595,172.31.36.0-255,66,41929,19,124778
4110,0.0006,74.125.68.0-255,2902,44831,19,124778
4111,0.000602,172.31.36.0-255,66,44897,19,124778
4112,0.000623,74.125.68.0-255,1484,46381,19,124778
4113,0.000646,74.125.68.0-255,5379,51760,19,124778
4114,0.000649,172.31.36.0-255,66,51826,19,124778
4115,0.000675,74.125.68.0-255,5738,57564,19,124778
4116,0.000678,172.31.36.0-255,66,57630,19,124778
4117,0.000685,74.125.68.0-255,7156,64786,19,124778
4118,0.000687,172.31.36.0-255,66,64852,19,124778
4119,0.000712,74.125.68.0-255,1436,66288,19,124778
4120,0.00073,74.125.68.0-255,111,66399,19,124778
4121,0.00075,74.125.68.0-255,331,66730,19,124778
4122,0.000754,172.31.36.0-255,66,66796,19,124778
4123,0.001063,74.125.68.0-255,1484,68280,19,124778
4124,0.001095,74.125.68.0-255,2902,71182,19,124778
4125,0.001103,172.31.36.0-255,66,71248,19,124778
4126,0.001122,74.125.68.0-255,1484,72732,19,124778
4127,0.001135,74.125.68.0-255,4320,77052,19,124778
4128,0.001137,172.31.36.0-255,66,77118,19,124778
4129,0.00114,74.125.68.0-255,1484,78602,19,124778
4130,0.001162,74.125.68.0-255,2902,81504,19,124778
4131,0.001164,172.31.36.0-255,66,81570,19,124778
4132,0.001186,74.125.68.0-255,2902,84472,19,124778
4133,0.001188,172.31.36.0-255,66,84538,19,124778
4134,0.001202,74.125.68.0-255,2902,87440,19,124778
4135,0.001204,172.31.36.0-255,66,87506,19,124778
4136,0.001206,74.125.68.0-255,1484,88990,19,124778
4137,0.001212,74.125.68.0-255,2902,91892,19,124778
4138,0.001214,172.31.36.0-255,66,91958,19,124778
4139,0.001244,74.125.68.0-255,5738,97696,19,124778
4140,0.001246,172.31.36.0-255,66,97762,19,124778
4141,0.001248,74.125.68.0-255,1484,99246,19,124778
4142,0.001252,74.125.68.0-255,2184,101430,19,124778
4143,0.001254,172.31.36.0-255,66,101496,19,124778
4144,0.003205,74.125.68.0-255,1484,102980,19,124778
4145,0.003234,74.125.68.0-255,4320,107300,19,124778
4146,0.003238,172.31.36.0-255,66,107366,19,124778
4147,0.005202,74.125.68.0-255,5738,113104,19,124778
4148,0.005207,172.31.36.0-255,66,113170,19,124778
4149,0.007174,74.125.68.0-255,5738,118908,19,124778
4150,0.007181,172.31.36.0-255,66,118974,19,124778
4151,0.009157,74.125.68.0-255,5738,124712,19,124778
4152,0.009165,172.31.36.0-255,66,124778,19,124778
4153,0.0,74.125.24.0-255,209,209,19,351919
4154,2.9e-05,172.31.36.0-255,66,275,19,351919
4155,3.4e-05,74.125.24.0-255,1484,1759,19,351919
4156,3.9e-05,172.31.36.0-255,66,1825,19,351919
4157,4.4e-05,74.125.24.0-255,2902,4727,19,351919
4158,4.7e-05,172.31.36.0-255,66,4793,19,351919
4159,7.3e-05,74.125.24.0-255,5738,10531,19,351919
4160,7.6e-05,172.31.36.0-255,66,10597,19,351919
4161,0.0001,74.125.24.0-255,2902,13499,19,351919
4162,0.000103,172.31.36.0-255,66,13565,19,351919
4163,0.000124,74.125.24.0-255,3273,16838,19,351919
4164,0.000127,172.31.36.0-255,66,16904,19,351919
4165,0.000136,74.125.24.0-255,7156,24060,19,351919
4166,0.000138,172.31.36.0-255,66,24126,19,351919
4167,0.000141,74.125.24.0-255,1484,25610,19,351919
4168,0.000142,172.31.36.0-255,66,25676,19,351919
4169,0.000162,74.125.24.0-255,5379,31055,19,351919
4170,0.000165,172.31.36.0-255,66,31121,19,351919
4171,0.000355,74.125.24.0-255,1484,32605,19,351919
4172,0.000361,172.31.36.0-255,66,32671,19,351919
4173,0.000365,74.125.24.0-255,1484,34155,19,351919
4174,0.000367,172.31.36.0-255,66,34221,19,351919
4175,0.000381,74.125.24.0-255,1484,35705,19,351919
4176,0.000385,172.31.36.0-255,66,35771,19,351919
4177,0.000391,74.125.24.0-255,5738,41509,19,351919
4178,0.000394,172.31.36.0-255,66,41575,19,351919
4179,0.000398,74.125.24.0-255,2902,44477,19,351919
4180,0.000401,172.31.36.0-255,66,44543,19,351919
4181,0.000444,74.125.24.0-255,2902,47445,19,351919
4182,0.000447,172.31.36.0-255,66,47511,19,351919
4183,0.000474,74.125.24.0-255,8215,55726,19,351919
4184,0.000477,172.31.36.0-255,66,55792,19,351919
4185,0.000483,74.125.24.0-255,4320,60112,19,351919
4186,0.000486,172.31.36.0-255,66,60178,19,351919
4187,0.000509,74.125.24.0-255,5379,65557,19,351919
4188,0.000512,172.31.36.0-255,66,65623,19,351919
4189,0.000569,74.125.24.0-255,645,66268,19,351919
4190,0.000715,74.125.24.0-255,1484,67752,19,351919
4191,0.000719,172.31.36.0-255,66,67818,19,351919
4192,0.000725,74.125.24.0-255,2902,70720,19,351919
4193,0.000727,172.31.36.0-255,66,70786,19,351919
4194,0.000755,74.125.24.0-255,5738,76524,19,351919
4195,0.000758,172.31.36.0-255,66,76590,19,351919
4196,0.000766,74.125.24.0-255,6797,83387,19,351919
4197,0.000768,172.31.36.0-255,66,83453,19,351919
4198,0.000813,74.125.24.0-255,1484,84937,19,351919
4199,0.000826,74.125.24.0-255,2902,87839,19,351919
4200,0.000829,172.31.36.0-255,66,87905,19,351919
4201,0.000834,74.125.24.0-255,2902,90807,19,351919
4202,0.000836,172.31.36.0-255,66,90873,19,351919
4203,0.000851,74.125.24.0-255,2902,93775,19,351919
4204,0.000856,172.31.36.0-255,66,93841,19,351919
4205,0.000866,74.125.24.0-255,6797,100638,19,351919
4206,0.000869,172.31.36.0-255,66,100704,19,351919
4207,0.001905,74.125.24.0-255,1484,102188,19,351919
4208,0.001914,74.125.24.0-255,2902,105090,19,351919
4209,0.001919,172.31.36.0-255,66,105156,19,351919
4210,0.001926,74.125.24.0-255,4320,109476,19,351919
4211,0.001929,172.31.36.0-255,66,109542,19,351919
4212,0.001944,74.125.24.0-255,1484,111026,19,351919
4213,0.00197,74.125.24.0-255,2902,113928,19,351919
4214,0.001973,172.31.36.0-255,66,113994,19,351919
4215,0.001997,74.125.24.0-255,7156,121150,19,351919
4216,0.001999,172.31.36.0-255,66,121216,19,351919
4217,0.002019,74.125.24.0-255,2902,124118,19,351919
4218,0.002022,172.31.36.0-255,66,124184,19,351919
4219,0.002029,74.125.24.0-255,7156,131340,19,351919
4220,0.002031,172.31.36.0-255,66,131406,19,351919
4221,0.002037,74.125.24.0-255,4320,135726,19,351919
4222,0.002039,172.31.36.0-255,66,135792,19,351919
4223,0.002064,172.31.36.0-255,66,135858,19,351919
4224,0.002072,74.125.24.0-255,8574,144432,19,351919
4225,0.002074,172.31.36.0-255,66,144498,19,351919
4226,0.002101,74.125.24.0-255,8574,153072,19,351919
4227,0.002104,172.31.36.0-255,66,153138,19,351919
4228,0.00211,74.125.24.0-255,3602,156740,19,351919
4229,0.002112,172.31.36.0-255,66,156806,19,351919
4230,0.002115,74.125.24.0-255,1484,158290,19,351919
4231,0.002144,74.125.24.0-255,2902,161192,19,351919
4232,0.002146,172.31.36.0-255,66,161258,19,351919
4233,0.002151,74.125.24.0-255,4320,165578,19,351919
4234,0.002154,172.31.36.0-255,66,165644,19,351919
4235,0.002168,74.125.24.0-255,1484,167128,19,351919
4236,0.002171,74.125.24.0-255,1484,168612,19,351919
4237,0.002173,172.31.36.0-255,66,168678,19,351919
4238,0.002208,172.31.36.0-255,66,168744,19,351919
4239,0.002213,74.125.24.0-255,4320,173064,19,351919
4240,0.002216,172.31.36.0-255,66,173130,19,351919
4241,0.00222,74.125.24.0-255,2902,176032,19,351919
4242,0.002222,172.31.36.0-255,66,176098,19,351919
4243,0.002225,74.125.24.0-255,1484,177582,19,351919
4244,0.00224,74.125.24.0-255,2184,179766,19,351919
4245,0.002243,172.31.36.0-255,66,179832,19,351919
4246,0.0023,74.125.24.0-255,1484,181316,19,351919
4247,0.002304,74.125.24.0-255,1484,182800,19,351919
4248,0.002306,172.31.36.0-255,66,182866,19,351919
4249,0.002323,74.125.24.0-255,1484,184350,19,351919
4250,0.002329,74.125.24.0-255,5738,190088,19,351919
4251,0.002332,172.31.36.0-255,66,190154,19,351919
4252,0.002337,74.125.24.0-255,4320,194474,19,351919
4253,0.002339,172.31.36.0-255,66,194540,19,351919
4254,0.002374,172.31.36.0-255,66,194606,19,351919
4255,0.002394,74.125.24.0-255,7856,202462,19,351919
4256,0.002396,172.31.36.0-255,66,202528,19,351919
4257,0.002936,74.125.24.0-255,1484,204012,19,351919
4258,0.002959,74.125.24.0-255,2902,206914,19,351919
4259,0.002961,172.31.36.0-255,66,206980,19,351919
4260,0.002964,74.125.24.0-255,1484,208464,19,351919
4261,0.002978,74.125.24.0-255,4320,212784,19,351919
4262,0.002981,172.31.36.0-255,66,212850,19,351919
4263,0.002992,74.125.24.0-255,7156,220006,19,351919
4264,0.002995,172.31.36.0-255,66,220072,19,351919
4265,0.003047,74.125.24.0-255,1484,221556,19,351919
4266,0.003067,74.125.24.0-255,8574,230130,19,351919
4267,0.00307,172.31.36.0-255,66,230196,19,351919
4268,0.003089,74.125.24.0-255,4320,234516,19,351919
4269,0.003091,172.31.36.0-255,66,234582,19,351919
4270,0.003096,74.125.24.0-255,2184,236766,19,351919
4271,0.003098,172.31.36.0-255,66,236832,19,351919
4272,0.003162,74.125.24.0-255,1484,238316,19,351919
4273,0.003173,74.125.24.0-255,2902,241218,19,351919
4274,0.003176,172.31.36.0-255,66,241284,19,351919
4275,0.00318,74.125.24.0-255,2902,244186,19,351919
4276,0.003182,172.31.36.0-255,66,244252,19,351919
4277,0.003195,74.125.24.0-255,2902,247154,19,351919
4278,0.003197,172.31.36.0-255,66,247220,19,351919
4279,0.003244,74.125.24.0-255,2902,250122,19,351919
4280,0.003246,172.31.36.0-255,66,250188,19,351919
4281,0.003264,74.125.24.0-255,9992,260180,19,351919
4282,0.003267,172.31.36.0-255,66,260246,19,351919
4283,0.003273,74.125.24.0-255,7156,267402,19,351919
4284,0.003275,172.31.36.0-255,66,267468,19,351919
4285,0.003279,74.125.24.0-255,3602,271070,19,351919
4286,0.003281,172.31.36.0-255,66,271136,19,351919
4287,0.00333,74.125.24.0-255,1484,272620,19,351919
4288,0.003346,74.125.24.0-255,2902,275522,19,351919
4289,0.003348,172.31.36.0-255,66,275588,19,351919
4290,0.003351,74.125.24.0-255,1484,277072,19,351919
4291,0.003371,74.125.24.0-255,4320,281392,19,351919
4292,0.003374,172.31.36.0-255,66,281458,19,351919
4293,0.003379,74.125.24.0-255,5738,287196,19,351919
4294,0.003381,172.31.36.0-255,66,287262,19,351919
4295,0.003403,74.125.24.0-255,7156,294418,19,351919
4296,0.003405,172.31.36.0-255,66,294484,19,351919
4297,0.003424,74.125.24.0-255,4320,298804,19,351919
4298,0.003427,172.31.36.0-255,66,298870,19,351919
4299,0.003448,74.125.24.0-255,6438,305308,19,351919
4300,0.003451,172.31.36.0-255,66,305374,19,351919
4301,0.003608,74.125.24.0-255,1484,306858,19,351919
4302,0.003621,74.125.24.0-255,2902,309760,19,351919
4303,0.003624,172.31.36.0-255,66,309826,19,351919
4304,0.003642,74.125.24.0-255,5738,315564,19,351919
4305,0.003644,172.31.36.0-255,66,315630,19,351919
4306,0.003667,74.125.24.0-255,8574,324204,19,351919
4307,0.00367,172.31.36.0-255,66,324270,19,351919
4308,0.003701,74.125.24.0-255,4320,328590,19,351919
4309,0.003703,172.31.36.0-255,66,328656,19,351919
4310,0.003712,74.125.24.0-255,10692,339348,19,351919
4311,0.003714,172.31.36.0-255,66,339414,19,351919
4312,0.003758,172.31.36.0-255,66,339480,19,351919
4313,0.003777,74.125.24.0-255,5738,345218,19,351919
4314,0.00378,172.31.36.0-255,66,345284,19,351919
4315,0.003786,74.125.24.0-255,6293,351577,19,351919
4316,0.003788,172.31.36.0-255,66,351643,19,351919
4317,0.003791,74.125.24.0-255,105,351748,19,351919
4318,0.008908,172.31.36.0-255,66,351814,19,351919
4319,0.00894,172.31.36.0-255,105,351919,19,351919
4320,0.0,172.217.194.0-255,298,298,19,235686
4321,3.2e-05,172.31.36.0-255,66,364,19,235686
4322,3.8e-05,172.217.194.0-255,1484,1848,19,235686
4323,4.2e-05,172.31.36.0-255,66,1914,19,235686
4324,4.8e-05,172.217.194.0-255,4320,6234,19,235686
4325,5.1e-05,172.31.36.0-255,66,6300,19,235686
4326,6.5e-05,172.217.194.0-255,5738,12038,19,235686
4327,6.7e-05,172.31.36.0-255,66,12104,19,235686
4328,0.0001,172.217.194.0-255,1821,13925,19,235686
4329,0.000104,172.31.36.0-255,66,13991,19,235686
4330,0.00019,172.217.194.0-255,1484,15475,19,235686
4331,0.000194,172.31.36.0-255,66,15541,19,235686
4332,0.0002,172.217.194.0-255,2902,18443,19,235686
4333,0.000203,172.31.36.0-255,66,18509,19,235686
4334,0.000215,172.217.194.0-255,5738,24247,19,235686
4335,0.000217,172.31.36.0-255,66,24313,19,235686
4336,0.00025,172.217.194.0-255,8215,32528,19,235686
4337,0.000253,172.31.36.0-255,66,32594,19,235686
4338,0.000261,172.217.194.0-255,7156,39750,19,235686
4339,0.000263,172.31.36.0-255,66,39816,19,235686
4340,0.000288,172.217.194.0-255,8574,48390,19,235686
4341,0.000292,172.31.36.0-255,66,48456,19,235686
4342,0.000295,172.217.194.0-255,1484,49940,19,235686
4343,0.000298,172.31.36.0-255,66,50006,19,235686
4344,0.000345,172.31.36.0-255,66,50072,19,235686
4345,0.000348,172.217.194.0-255,646,50718,19,235686
4346,0.00035,172.31.36.0-255,66,50784,19,235686
4347,0.000487,172.217.194.0-255,1484,52268,19,235686
4348,0.000491,172.31.36.0-255,66,52334,19,235686
4349,0.000497,172.217.194.0-255,2902,55236,19,235686
4350,0.000499,172.31.36.0-255,66,55302,19,235686
4351,0.000504,172.217.194.0-255,2902,58204,19,235686
4352,0.000515,172.31.36.0-255,66,58270,19,235686
4353,0.000533,172.217.194.0-255,2902,61172,19,235686
4354,0.000548,172.31.36.0-255,66,61238,19,235686
4355,0.000553,172.31.36.0-255,66,61304,19,235686
4356,0.000554,172.217.194.0-255,4320,65624,19,235686
4357,0.000567,172.31.36.0-255,66,65690,19,235686
4358,0.000597,172.217.194.0-255,6438,72128,19,235686
4359,0.000609,172.31.36.0-255,66,72194,19,235686
4360,0.000638,172.217.194.0-255,1484,73678,19,235686
4361,0.000643,172.217.194.0-255,2902,76580,19,235686
4362,0.000646,172.31.36.0-255,66,76646,19,235686
4363,0.000652,172.217.194.0-255,5738,82384,19,235686
4364,0.000661,172.31.36.0-255,66,82450,19,235686
4365,0.000704,172.217.194.0-255,6248,88698,19,235686
4366,0.000708,172.217.194.0-255,1484,90182,19,235686
4367,0.000715,172.31.36.0-255,66,90248,19,235686
4368,0.000726,172.217.194.0-255,5738,95986,19,235686
4369,0.000734,172.31.36.0-255,66,96052,19,235686
4370,0.000737,172.217.194.0-255,4320,100372,19,235686
4371,0.000749,172.31.36.0-255,66,100438,19,235686
4372,0.000784,172.31.36.0-255,66,100504,19,235686
4373,0.000788,172.217.194.0-255,10692,111196,19,235686
4374,0.000804,172.31.36.0-255,66,111262,19,235686
4375,0.000927,172.217.194.0-255,1484,112746,19,235686
4376,0.000931,172.217.194.0-255,1484,114230,19,235686
4377,0.000934,172.31.36.0-255,66,114296,19,235686
4378,0.000958,172.217.194.0-255,1484,115780,19,235686
4379,0.000965,172.217.194.0-255,5738,121518,19,235686
4380,0.00097,172.217.194.0-255,4320,125838,19,235686
4381,0.000973,172.31.36.0-255,66,125904,19,235686
4382,0.000978,172.31.36.0-255,66,125970,19,235686
4383,0.001002,172.217.194.0-255,2902,128872,19,235686
4384,0.001011,172.31.36.0-255,66,128938,19,235686
4385,0.001021,172.217.194.0-255,2184,131122,19,235686
4386,0.00103,172.31.36.0-255,66,131188,19,235686
4387,0.001086,172.217.194.0-255,2902,134090,19,235686
4388,0.001094,172.217.194.0-255,7156,141246,19,235686
4389,0.001094,172.31.36.0-255,66,141312,19,235686
4390,0.001101,172.31.36.0-255,66,141378,19,235686
4391,0.001114,172.31.36.0-255,66,141444,19,235686
4392,0.001149,172.31.36.0-255,66,141510,19,235686
4393,0.001541,172.217.194.0-255,1484,142994,19,235686
4394,0.001548,172.217.194.0-255,2902,145896,19,235686
4395,0.001552,172.31.36.0-255,66,145962,19,235686
4396,0.001582,172.217.194.0-255,5738,151700,19,235686
4397,0.001587,172.217.194.0-255,2902,154602,19,235686
4398,0.00159,172.31.36.0-255,66,154668,19,235686
4399,0.001595,172.31.36.0-255,66,154734,19,235686
4400,0.001604,172.217.194.0-255,7156,161890,19,235686
4401,0.001612,172.31.36.0-255,66,161956,19,235686
4402,0.001662,172.217.194.0-255,2902,164858,19,235686
4403,0.001662,172.31.36.0-255,66,164924,19,235686
4404,0.001667,172.31.36.0-255,66,164990,19,235686
4405,0.001713,172.31.36.0-255,66,165056,19,235686
4406,0.001717,172.31.36.0-255,66,165122,19,235686
4407,0.001749,172.217.194.0-255,7856,172978,19,235686
4408,0.001762,172.31.36.0-255,66,173044,19,235686
4409,0.001979,172.217.194.0-255,1484,174528,19,235686
4410,0.001996,172.217.194.0-255,2902,177430,19,235686
4411,0.002,172.31.36.0-255,66,177496,19,235686
4412,0.002007,172.217.194.0-255,5738,183234,19,235686
4413,0.002014,172.31.36.0-255,66,183300,19,235686
4414,0.002026,172.217.194.0-255,5738,189038,19,235686
4415,0.002035,172.31.36.0-255,66,189104,19,235686
4416,0.002053,172.217.194.0-255,7156,196260,19,235686
4417,0.002057,172.217.194.0-255,1484,197744,19,235686
4418,0.002059,172.31.36.0-255,66,197810,19,235686
4419,0.002087,172.217.194.0-255,4320,202130,19,235686
4420,0.00209,172.31.36.0-255,66,202196,19,235686
4421,0.002122,172.217.194.0-255,5020,207216,19,235686
4422,0.002134,172.31.36.0-255,66,207282,19,235686
4423,0.002138,172.217.194.0-255,4320,211602,19,235686
4424,0.00215,172.31.36.0-255,66,211668,19,235686
4425,0.002174,172.217.194.0-255,5738,217406,19,235686
4426,0.002187,172.31.36.0-255,66,217472,19,235686
4427,0.00223,172.31.36.0-255,66,217538,19,235686
4428,0.002234,172.217.194.0-255,5020,222558,19,235686
4429,0.002243,172.31.36.0-255,66,222624,19,235686
4430,0.002278,172.217.194.0-255,4320,226944,19,235686
4431,0.002282,172.31.36.0-255,66,227010,19,235686
4432,0.002328,172.217.194.0-255,3602,230612,19,235686
4433,0.002341,172.31.36.0-255,66,230678,19,235686
4434,0.002357,172.217.194.0-255,4837,235515,19,235686
4435,0.002366,172.31.36.0-255,66,235581,19,235686
4436,0.004563,172.217.194.0-255,105,235686,19,235686
4437,0.0,172.253.118.0-255,153,153,19,281429
4438,1.8e-05,172.31.36.0-255,66,219,19,281429
4439,4.7e-05,172.253.118.0-255,1484,1703,19,281429
4440,5.3e-05,172.31.36.0-255,66,1769,19,281429
4441,5.9e-05,172.253.118.0-255,2902,4671,19,281429
4442,6.2e-05,172.31.36.0-255,66,4737,19,281429
4443,8.4e-05,172.253.118.0-255,2902,7639,19,281429
4444,8.7e-05,172.31.36.0-255,66,7705,19,281429
4445,0.000126,172.253.118.0-255,4320,12025,19,281429
4446,0.00013,172.31.36.0-255,66,12091,19,281429
4447,0.000135,172.253.118.0-255,2077,14168,19,281429
4448,0.000137,172.31.36.0-255,66,14234,19,281429
4449,0.00015,172.31.36.0-255,66,14300,19,281429
4450,0.000156,172.253.118.0-255,4320,18620,19,281429
4451,0.000159,172.31.36.0-255,66,18686,19,281429
4452,0.000171,172.253.118.0-255,1125,19811,19,281429
4453,0.000174,172.31.36.0-255,66,19877,19,281429
4454,0.000259,172.253.118.0-255,1484,21361,19,281429
4455,0.000263,172.31.36.0-255,66,21427,19,281429
4456,0.000268,172.253.118.0-255,2902,24329,19,281429
4457,0.000271,172.31.36.0-255,66,24395,19,281429
4458,0.000305,172.253.118.0-255,2902,27297,19,281429
4459,0.000309,172.31.36.0-255,66,27363,19,281429
4460,0.000315,172.253.118.0-255,4320,31683,19,281429
4461,0.000317,172.31.36.0-255,66,31749,19,281429
4462,0.000352,172.253.118.0-255,5379,37128,19,281429
4463,0.000356,172.31.36.0-255,66,37194,19,281429
4464,0.000359,172.253.118.0-255,1484,38678,19,281429
4465,0.000361,172.31.36.0-255,66,38744,19,281429
4466,0.000384,172.253.118.0-255,4320,43064,19,281429
4467,0.000387,172.31.36.0-255,66,43130,19,281429
4468,0.000399,172.253.118.0-255,5738,48868,19,281429
4469,0.000401,172.31.36.0-255,66,48934,19,281429
4470,0.000433,172.253.118.0-255,5379,54313,19,281429
4471,0.000436,172.31.36.0-255,66,54379,19,281429
4472,0.00047,172.253.118.0-255,363,54742,19,281429
4473,0.000492,172.253.118.0-255,382,55124,19,281429
4474,0.000609,172.253.118.0-255,1484,56608,19,281429
4475,0.000615,172.31.36.0-255,66,56674,19,281429
4476,0.000621,172.253.118.0-255,2902,59576,19,281429
4477,0.000624,172.31.36.0-255,66,59642,19,281429
4478,0.000657,172.253.118.0-255,2902,62544,19,281429
4479,0.00066,172.31.36.0-255,66,62610,19,281429
4480,0.000666,172.253.118.0-255,4320,66930,19,281429
4481,0.000669,172.31.36.0-255,66,66996,19,281429
4482,0.000702,172.253.118.0-255,5379,72375,19,281429
4483,0.000705,172.31.36.0-255,66,72441,19,281429
4484,0.000841,172.253.118.0-255,1484,73925,19,281429
4485,0.000848,172.253.118.0-255,2902,76827,19,281429
4486,0.000852,172.31.36.0-255,66,76893,19,281429
4487,0.000856,172.253.118.0-255,1484,78377,19,281429
4488,0.000899,172.253.118.0-255,4320,82697,19,281429
4489,0.000903,172.31.36.0-255,66,82763,19,281429
4490,0.000911,172.253.118.0-255,6797,89560,19,281429
4491,0.000913,172.31.36.0-255,66,89626,19,281429
4492,0.00138,172.253.118.0-255,1484,91110,19,281429
4493,0.001389,172.253.118.0-255,2902,94012,19,281429
4494,0.001393,172.31.36.0-255,66,94078,19,281429
4495,0.001401,172.253.118.0-255,5738,99816,19,281429
4496,0.001403,172.31.36.0-255,66,99882,19,281429
4497,0.001449,172.31.36.0-255,66,99948,19,281429
4498,0.00146,172.253.118.0-255,10692,110640,19,281429
4499,0.001466,172.31.36.0-255,66,110706,19,281429
4500,0.001557,172.253.118.0-255,1484,112190,19,281429
4501,0.001578,172.253.118.0-255,2902,115092,19,281429
4502,0.001581,172.31.36.0-255,66,115158,19,281429
4503,0.001588,172.253.118.0-255,5738,120896,19,281429
4504,0.00159,172.31.36.0-255,66,120962,19,281429
4505,0.001601,172.253.118.0-255,5738,126700,19,281429
4506,0.001604,172.31.36.0-255,66,126766,19,281429
4507,0.001607,172.253.118.0-255,1484,128250,19,281429
4508,0.001655,172.31.36.0-255,66,128316,19,281429
4509,0.001662,172.253.118.0-255,5020,133336,19,281429
4510,0.001664,172.31.36.0-255,66,133402,19,281429
4511,0.00182,172.253.118.0-255,1484,134886,19,281429
4512,0.001833,172.253.118.0-255,2902,137788,19,281429
4513,0.001837,172.31.36.0-255,66,137854,19,281429
4514,0.001869,172.253.118.0-255,5738,143592,19,281429
4515,0.001872,172.31.36.0-255,66,143658,19,281429
4516,0.001875,172.253.118.0-255,1484,145142,19,281429
4517,0.001915,172.31.36.0-255,66,145208,19,281429
4518,0.001922,172.253.118.0-255,7156,152364,19,281429
4519,0.001925,172.31.36.0-255,66,152430,19,281429
4520,0.001991,172.253.118.0-255,3602,156032,19,281429
4521,0.001994,172.31.36.0-255,66,156098,19,281429
4522,0.002077,172.253.118.0-255,1484,157582,19,281429
4523,0.002083,172.253.118.0-255,2902,160484,19,281429
4524,0.002086,172.31.36.0-255,66,160550,19,281429
4525,0.002089,172.253.118.0-255,1484,162034,19,281429
4526,0.002119,172.253.118.0-255,1484,163518,19,281429
4527,0.002121,172.31.36.0-255,66,163584,19,281429
4528,0.002129,172.253.118.0-255,7156,170740,19,281429
4529,0.002132,172.31.36.0-255,66,170806,19,281429
4530,0.00217,172.31.36.0-255,66,170872,19,281429
4531,0.002268,172.253.118.0-255,5020,175892,19,281429
4532,0.002273,172.31.36.0-255,66,175958,19,281429
4533,0.002279,172.253.118.0-255,5738,181696,19,281429
4534,0.002283,172.31.36.0-255,66,181762,19,281429
4535,0.002306,172.31.36.0-255,66,181828,19,281429
4536,0.002314,172.253.118.0-255,7156,188984,19,281429
4537,0.002322,172.253.118.0-255,6438,195422,19,281429
4538,0.002328,172.31.36.0-255,66,195488,19,281429
4539,0.00233,172.31.36.0-255,66,195554,19,281429
4540,0.002394,172.253.118.0-255,1484,197038,19,281429
4541,0.002408,172.253.118.0-255,2902,199940,19,281429
4542,0.002411,172.31.36.0-255,66,200006,19,281429
4543,0.002417,172.253.118.0-255,4320,204326,19,281429
4544,0.002419,172.31.36.0-255,66,204392,19,281429
4545,0.002458,172.253.118.0-255,1484,205876,19,281429
4546,0.002465,172.253.118.0-255,7156,213032,19,281429
4547,0.002468,172.31.36.0-255,66,213098,19,281429
4548,0.002471,172.253.118.0-255,1484,214582,19,281429
4549,0.002474,172.253.118.0-255,1484,216066,19,281429
4550,0.002476,172.31.36.0-255,66,216132,19,281429
4551,0.002486,172.253.118.0-255,9992,226124,19,281429
4552,0.002488,172.31.36.0-255,66,226190,19,281429
4553,0.002494,172.253.118.0-255,3602,229792,19,281429
4554,0.002496,172.31.36.0-255,66,229858,19,281429
4555,0.002577,172.253.118.0-255,1484,231342,19,281429
4556,0.002581,172.253.118.0-255,1484,232826,19,281429
4557,0.002584,172.31.36.0-255,66,232892,19,281429
4558,0.00261,172.253.118.0-255,1484,234376,19,281429
4559,0.002617,172.253.118.0-255,5738,240114,19,281429
4560,0.00262,172.31.36.0-255,66,240180,19,281429
4561,0.00263,172.253.118.0-255,8574,248754,19,281429
4562,0.002633,172.31.36.0-255,66,248820,19,281429
4563,0.002661,172.253.118.0-255,4320,253140,19,281429
4564,0.002663,172.253.118.0-255,1484,254624,19,281429
4565,0.002672,172.253.118.0-255,9274,263898,19,281429
4566,0.002676,172.253.118.0-255,4320,268218,19,281429
4567,0.002688,172.253.118.0-255,2902,271120,19,281429
4568,0.002692,172.31.36.0-255,66,271186,19,281429
4569,0.002706,172.31.36.0-255,66,271252,19,281429
4570,0.002709,172.31.36.0-255,66,271318,19,281429
4571,0.002712,172.31.36.0-255,66,271384,19,281429
4572,0.002717,172.253.118.0-255,2902,274286,19,281429
4573,0.002719,172.31.36.0-255,66,274352,19,281429
4574,0.002738,172.31.36.0-255,66,274418,19,281429
4575,0.00274,172.253.118.0-255,1484,275902,19,281429
4576,0.002786,172.31.36.0-255,66,275968,19,281429
4577,0.002836,172.31.36.0-255,66,276034,19,281429
4578,0.002863,172.253.118.0-255,1484,277518,19,281429
4579,0.002869,172.253.118.0-255,3602,281120,19,281429
4580,0.002871,172.31.36.0-255,66,281186,19,281429
4581,0.002875,172.253.118.0-255,138,281324,19,281429
4582,0.002912,172.253.118.0-255,105,281429,19,281429
4583,0.0,172.217.194.0-255,153,153,19,283391
4584,2.4e-05,172.31.36.0-255,66,219,19,283391
4585,3e-05,172.217.194.0-255,1484,1703,19,283391
4586,3.5e-05,172.31.36.0-255,66,1769,19,283391
4587,4.1e-05,172.217.194.0-255,2902,4671,19,283391
4588,4.4e-05,172.31.36.0-255,66,4737,19,283391
4589,5.2e-05,172.217.194.0-255,7156,11893,19,283391
4590,5.5e-05,172.31.36.0-255,66,11959,19,283391
4591,6.1e-05,172.217.194.0-255,3472,15431,19,283391
4592,6.4e-05,172.31.36.0-255,66,15497,19,283391
4593,0.000102,172.217.194.0-255,9992,25489,19,283391
4594,0.000105,172.31.36.0-255,66,25555,19,283391
4595,0.000131,172.217.194.0-255,2902,28457,19,283391
4596,0.000134,172.31.36.0-255,66,28523,19,283391
4597,0.000139,172.217.194.0-255,2543,31066,19,283391
4598,0.000142,172.31.36.0-255,66,31132,19,283391
4599,0.000146,172.217.194.0-255,2902,34034,19,283391
4600,0.000149,172.31.36.0-255,66,34100,19,283391
4601,0.000156,172.217.194.0-255,7156,41256,19,283391
4602,0.000158,172.31.36.0-255,66,41322,19,283391
4603,0.000178,172.217.194.0-255,2902,44224,19,283391
4604,0.00018,172.31.36.0-255,66,44290,19,283391
4605,0.000216,172.217.194.0-255,9633,53923,19,283391
4606,0.000219,172.31.36.0-255,66,53989,19,283391
4607,0.000227,172.217.194.0-255,8574,62563,19,283391
4608,0.000229,172.31.36.0-255,66,62629,19,283391
4609,0.000246,172.217.194.0-255,2543,65172,19,283391
4610,0.000248,172.31.36.0-255,66,65238,19,283391
4611,0.000485,172.217.194.0-255,646,65884,19,283391
4612,0.000491,172.31.36.0-255,66,65950,19,283391
4613,0.000578,172.217.194.0-255,1484,67434,19,283391
4614,0.000583,172.217.194.0-255,2902,70336,19,283391
4615,0.000593,172.31.36.0-255,66,70402,19,283391
4616,0.000597,172.31.36.0-255,66,70468,19,283391
4617,0.000619,172.217.194.0-255,5738,76206,19,283391
4618,0.000622,172.31.36.0-255,66,76272,19,283391
4619,0.000628,172.217.194.0-255,5738,82010,19,283391
4620,0.000631,172.31.36.0-255,66,82076,19,283391
4621,0.000645,172.31.36.0-255,66,82142,19,283391
4622,0.000648,172.217.194.0-255,1484,83626,19,283391
4623,0.000675,172.217.194.0-255,3602,87228,19,283391
4624,0.000678,172.31.36.0-255,66,87294,19,283391
4625,0.000685,172.217.194.0-255,5738,93032,19,283391
4626,0.000687,172.31.36.0-255,66,93098,19,283391
4627,0.000711,172.217.194.0-255,5738,98836,19,283391
4628,0.000714,172.31.36.0-255,66,98902,19,283391
4629,0.000738,172.217.194.0-255,7156,106058,19,283391
4630,0.000742,172.31.36.0-255,66,106124,19,283391
4631,0.000751,172.217.194.0-255,8574,114698,19,283391
4632,0.000754,172.31.36.0-255,66,114764,19,283391
4633,0.000793,172.217.194.0-255,4320,119084,19,283391
4634,0.000796,172.31.36.0-255,66,119150,19,283391
4635,0.000823,172.217.194.0-255,10692,129842,19,283391
4636,0.000827,172.31.36.0-255,66,129908,19,283391
4637,0.000839,172.31.36.0-255,66,129974,19,283391
4638,0.000868,172.217.194.0-255,4320,134294,19,283391
4639,0.000871,172.31.36.0-255,66,134360,19,283391
4640,0.000881,172.217.194.0-255,9274,143634,19,283391
4641,0.000883,172.31.36.0-255,66,143700,19,283391
4642,0.000886,172.217.194.0-255,1484,145184,19,283391
4643,0.00089,172.217.194.0-255,2902,148086,19,283391
4644,0.000893,172.31.36.0-255,66,148152,19,283391
4645,0.000899,172.217.194.0-255,5738,153890,19,283391
4646,0.000901,172.31.36.0-255,66,153956,19,283391
4647,0.000927,172.217.194.0-255,7156,161112,19,283391
4648,0.00093,172.31.36.0-255,66,161178,19,283391
4649,0.000955,172.217.194.0-255,8574,169752,19,283391
4650,0.000957,172.31.36.0-255,66,169818,19,283391
4651,0.00098,172.217.194.0-255,5738,175556,19,283391
4652,0.000982,172.31.36.0-255,66,175622,19,283391
4653,0.000987,172.217.194.0-255,2184,177806,19,283391
4654,0.000989,172.31.36.0-255,66,177872,19,283391
4655,0.001013,172.217.194.0-255,1484,179356,19,283391
4656,0.001052,172.31.36.0-255,66,179422,19,283391
4657,0.001055,172.217.194.0-255,1484,180906,19,283391
4658,0.001124,172.31.36.0-255,66,180972,19,283391
4659,0.001138,172.217.194.0-255,1484,182456,19,283391
4660,0.001157,172.217.194.0-255,2902,185358,19,283391
4661,0.00116,172.31.36.0-255,66,185424,19,283391
4662,0.001167,172.217.194.0-255,5738,191162,19,283391
4663,0.001169,172.31.36.0-255,66,191228,19,283391
4664,0.001197,172.217.194.0-255,7156,198384,19,283391
4665,0.001201,172.31.36.0-255,66,198450,19,283391
4666,0.001239,172.217.194.0-255,7156,205606,19,283391
4667,0.001244,172.31.36.0-255,66,205672,19,283391
4668,0.001267,172.217.194.0-255,9274,214946,19,283391
4669,0.00127,172.31.36.0-255,66,215012,19,283391
4670,0.001294,172.217.194.0-255,1484,216496,19,283391
4671,0.001298,172.217.194.0-255,2902,219398,19,283391
4672,0.001301,172.31.36.0-255,66,219464,19,283391
4673,0.001314,172.217.194.0-255,1484,220948,19,283391
4674,0.001331,172.217.194.0-255,4320,225268,19,283391
4675,0.001335,172.31.36.0-255,66,225334,19,283391
4676,0.001343,172.217.194.0-255,7156,232490,19,283391
4677,0.001345,172.31.36.0-255,66,232556,19,283391
4678,0.001349,172.217.194.0-255,2902,235458,19,283391
4679,0.001351,172.31.36.0-255,66,235524,19,283391
4680,0.001391,172.31.36.0-255,66,235590,19,283391
4681,0.001396,172.217.194.0-255,2184,237774,19,283391
4682,0.001398,172.31.36.0-255,66,237840,19,283391
4683,0.001402,172.217.194.0-255,2902,240742,19,283391
4684,0.001405,172.31.36.0-255,66,240808,19,283391
4685,0.001412,172.217.194.0-255,7156,247964,19,283391
4686,0.001415,172.31.36.0-255,66,248030,19,283391
4687,0.001457,172.31.36.0-255,66,248096,19,283391
4688,0.001465,172.217.194.0-255,7856,255952,19,283391
4689,0.001467,172.31.36.0-255,66,256018,19,283391
4690,0.00147,172.217.194.0-255,1484,257502,19,283391
4691,0.001502,172.31.36.0-255,66,257568,19,283391
4692,0.001518,172.217.194.0-255,7156,264724,19,283391
4693,0.001521,172.31.36.0-255,66,264790,19,283391
4694,0.001557,172.217.194.0-255,5738,270528,19,283391
4695,0.001561,172.31.36.0-255,66,270594,19,283391
4696,0.001569,172.217.194.0-255,7856,278450,19,283391
4697,0.001572,172.31.36.0-255,66,278516,19,283391
4698,0.001591,172.31.36.0-255,66,278582,19,283391
4699,0.00163,172.31.36.0-255,66,278648,19,283391
4700,0.001636,172.217.194.0-255,4405,283053,19,283391
4701,0.001639,172.31.36.0-255,66,283119,19,283391
4702,0.001642,172.217.194.0-255,105,283224,19,283391
4703,0.001824,172.31.36.0-255,101,283325,19,283391
4704,0.004217,172.217.194.0-255,66,283391,19,283391
4705,0.0,172.217.194.0-255,152,152,19,117927
4706,3.3e-05,172.31.36.0-255,66,218,19,117927
4707,4.1e-05,172.217.194.0-255,1484,1702,19,117927
4708,4.5e-05,172.31.36.0-255,66,1768,19,117927
4709,5e-05,172.217.194.0-255,2902,4670,19,117927
4710,5.2e-05,172.31.36.0-255,66,4736,19,117927
4711,6e-05,172.217.194.0-255,7156,11892,19,117927
4712,6.3e-05,172.31.36.0-255,66,11958,19,117927
4713,6.7e-05,172.217.194.0-255,2109,14067,19,117927
4714,6.9e-05,172.31.36.0-255,66,14133,19,117927
4715,0.000101,172.217.194.0-255,2902,17035,19,117927
4716,0.000105,172.31.36.0-255,66,17101,19,117927
4717,0.000133,172.217.194.0-255,8574,25675,19,117927
4718,0.000136,172.31.36.0-255,66,25741,19,117927
4719,0.000142,172.217.194.0-255,5379,31120,19,117927
4720,0.000144,172.31.36.0-255,66,31186,19,117927
4721,0.000269,172.217.194.0-255,1484,32670,19,117927
4722,0.000275,172.31.36.0-255,66,32736,19,117927
4723,0.000288,172.217.194.0-255,1484,34220,19,117927
4724,0.00029,172.31.36.0-255,66,34286,19,117927
4725,0.000314,172.217.194.0-255,1484,35770,19,117927
4726,0.000316,172.31.36.0-255,66,35836,19,117927
4727,0.000325,172.217.194.0-255,5738,41574,19,117927
4728,0.000328,172.31.36.0-255,66,41640,19,117927
4729,0.000344,172.217.194.0-255,2902,44542,19,117927
4730,0.000346,172.31.36.0-255,66,44608,19,117927
4731,0.000367,172.217.194.0-255,3961,48569,19,117927
4732,0.000371,172.31.36.0-255,66,48635,19,117927
4733,0.000385,172.31.36.0-255,66,48701,19,117927
4734,0.000389,172.217.194.0-255,2543,51244,19,117927
4735,0.000391,172.31.36.0-255,66,51310,19,117927
4736,0.000658,172.217.194.0-255,647,51957,19,117927
4737,0.000743,172.217.194.0-255,1484,53441,19,117927
4738,0.000749,172.31.36.0-255,66,53507,19,117927
4739,0.000755,172.217.194.0-255,2902,56409,19,117927
4740,0.000757,172.31.36.0-255,66,56475,19,117927
4741,0.000768,172.217.194.0-255,1484,57959,19,117927
4742,0.000786,172.217.194.0-255,4320,62279,19,117927
4743,0.00079,172.31.36.0-255,66,62345,19,117927
4744,0.000794,172.217.194.0-255,4320,66665,19,117927
4745,0.000797,172.31.36.0-255,66,66731,19,117927
4746,0.000841,172.217.194.0-255,2543,69274,19,117927
4747,0.000845,172.31.36.0-255,66,69340,19,117927
4748,0.00086,172.31.36.0-255,66,69406,19,117927
4749,0.000864,172.217.194.0-255,2543,71949,19,117927
4750,0.000866,172.31.36.0-255,66,72015,19,117927
4751,0.001447,172.217.194.0-255,1484,73499,19,117927
4752,0.001456,172.217.194.0-255,2902,76401,19,117927
4753,0.001461,172.31.36.0-255,66,76467,19,117927
4754,0.001468,172.217.194.0-255,5738,82205,19,117927
4755,0.00147,172.31.36.0-255,66,82271,19,117927
4756,0.001473,172.217.194.0-255,1484,83755,19,117927
4757,0.001512,172.31.36.0-255,66,83821,19,117927
4758,0.001543,172.217.194.0-255,4320,88141,19,117927
4759,0.001546,172.31.36.0-255,66,88207,19,117927
4760,0.001582,172.217.194.0-255,6438,94645,19,117927
4761,0.001584,172.31.36.0-255,66,94711,19,117927
4762,0.003583,172.217.194.0-255,5738,100449,19,117927
4763,0.00359,172.31.36.0-255,66,100515,19,117927
4764,0.00557,172.217.194.0-255,5738,106253,19,117927
4765,0.005577,172.31.36.0-255,66,106319,19,117927
4766,0.007611,172.217.194.0-255,5738,112057,19,117927
4767,0.007619,172.31.36.0-255,66,112123,19,117927
4768,0.009618,172.217.194.0-255,5738,117861,19,117927
4769,0.009625,172.31.36.0-255,66,117927,19,117927
4770,0.0,74.125.24.0-255,165,165,19,151109
4771,3.4e-05,172.31.36.0-255,66,231,19,151109
4772,4.1e-05,74.125.24.0-255,1484,1715,19,151109
4773,4.6e-05,172.31.36.0-255,66,1781,19,151109
4774,5.1e-05,74.125.24.0-255,2902,4683,19,151109
4775,5.4e-05,172.31.36.0-255,66,4749,19,151109
4776,6.2e-05,74.125.24.0-255,7156,11905,19,151109
4777,6.4e-05,172.31.36.0-255,66,11971,19,151109
4778,6.9e-05,74.125.24.0-255,1974,13945,19,151109
4779,7.1e-05,172.31.36.0-255,66,14011,19,151109
4780,0.000116,74.125.24.0-255,1484,15495,19,151109
4781,0.000119,172.31.36.0-255,66,15561,19,151109
4782,0.000139,74.125.24.0-255,2902,18463,19,151109
4783,0.000142,172.31.36.0-255,66,18529,19,151109
4784,0.000149,74.125.24.0-255,5738,24267,19,151109
4785,0.000151,172.31.36.0-255,66,24333,19,151109
4786,0.000167,74.125.24.0-255,1484,25817,19,151109
4787,0.00017,172.31.36.0-255,66,25883,19,151109
4788,0.000197,74.125.24.0-255,4320,30203,19,151109
4789,0.000202,172.31.36.0-255,66,30269,19,151109
4790,0.000223,74.125.24.0-255,6797,37066,19,151109
4791,0.000226,172.31.36.0-255,66,37132,19,151109
4792,0.000229,74.125.24.0-255,1484,38616,19,151109
4793,0.000231,172.31.36.0-255,66,38682,19,151109
4794,0.000265,74.125.24.0-255,8574,47256,19,151109
4795,0.000267,172.31.36.0-255,66,47322,19,151109
4796,0.000283,74.125.24.0-255,1125,48447,19,151109
4797,0.000285,172.31.36.0-255,66,48513,19,151109
4798,0.00057,74.125.24.0-255,1484,49997,19,151109
4799,0.000574,172.31.36.0-255,66,50063,19,151109
4800,0.000578,74.125.24.0-255,1484,51547,19,151109
4801,0.000581,172.31.36.0-255,66,51613,19,151109
4802,0.000611,74.125.24.0-255,1484,53097,19,151109
4803,0.000618,74.125.24.0-255,5738,58835,19,151109
4804,0.000621,172.31.36.0-255,66,58901,19,151109
4805,0.000626,74.125.24.0-255,2902,61803,19,151109
4806,0.000628,172.31.36.0-255,66,61869,19,151109
4807,0.000644,74.125.24.0-255,3961,65830,19,151109
4808,0.000647,172.31.36.0-255,66,65896,19,151109
4809,0.00065,74.125.24.0-255,413,66309,19,151109
4810,0.000831,172.31.36.0-255,66,66375,19,151109
4811,0.000852,74.125.24.0-255,330,66705,19,151109
4812,0.000896,172.31.36.0-255,66,66771,19,151109
4813,0.001068,74.125.24.0-255,1484,68255,19,151109
4814,0.001078,74.125.24.0-255,2902,71157,19,151109
4815,0.001082,172.31.36.0-255,66,71223,19,151109
4816,0.00109,74.125.24.0-255,5738,76961,19,151109
4817,0.001092,172.31.36.0-255,66,77027,19,151109
4818,0.001113,74.125.24.0-255,4320,81347,19,151109
4819,0.001117,172.31.36.0-255,66,81413,19,151109
4820,0.001145,74.125.24.0-255,8574,89987,19,151109
4821,0.001148,172.31.36.0-255,66,90053,19,151109
4822,0.001194,74.125.24.0-255,7156,97209,19,151109
4823,0.001199,172.31.36.0-255,66,97275,19,151109
4824,0.001227,74.125.24.0-255,3602,100877,19,151109
4825,0.001231,172.31.36.0-255,66,100943,19,151109
4826,0.001756,74.125.24.0-255,1484,102427,19,151109
4827,0.001764,74.125.24.0-255,2902,105329,19,151109
4828,0.001768,172.31.36.0-255,66,105395,19,151109
4829,0.001775,74.125.24.0-255,5738,111133,19,151109
4830,0.001777,172.31.36.0-255,66,111199,19,151109
4831,0.001803,74.125.24.0-255,9992,121191,19,151109
4832,0.001806,172.31.36.0-255,66,121257,19,151109
4833,0.001823,74.125.24.0-255,2902,124159,19,151109
4834,0.001825,172.31.36.0-255,66,124225,19,151109
4835,0.001875,74.125.24.0-255,1484,125709,19,151109
4836,0.001884,74.125.24.0-255,9274,134983,19,151109
4837,0.001887,172.31.36.0-255,66,135049,19,151109
4838,0.004472,74.125.24.0-255,4320,139369,19,151109
4839,0.004475,172.31.36.0-255,66,139435,19,151109
4840,0.004484,74.125.24.0-255,1484,140919,19,151109
4841,0.007066,74.125.24.0-255,4320,145239,19,151109
4842,0.007075,172.31.36.0-255,66,145305,19,151109
4843,0.009664,74.125.24.0-255,5738,151043,19,151109
4844,0.009672,172.31.36.0-255,66,151109,19,151109
4845,0.0,172.217.194.0-255,150,150,19,198999
4846,2.3e-05,172.31.36.0-255,66,216,19,198999
4847,3.2e-05,172.217.194.0-255,1484,1700,19,198999
4848,3.7e-05,172.31.36.0-255,66,1766,19,198999
4849,4.3e-05,172.217.194.0-255,2902,4668,19,198999
4850,5.4e-05,172.31.36.0-255,66,4734,19,198999
4851,6.2e-05,172.217.194.0-255,7156,11890,19,198999
4852,6.6e-05,172.31.36.0-255,66,11956,19,198999
4853,8.4e-05,172.31.36.0-255,66,12022,19,198999
4854,0.00013,172.217.194.0-255,2543,14565,19,198999
4855,0.000138,172.31.36.0-255,66,14631,19,198999
4856,0.000173,172.217.194.0-255,1484,16115,19,198999
4857,0.000176,172.31.36.0-255,66,16181,19,198999
4858,0.00018,172.217.194.0-255,2902,19083,19,198999
4859,0.000183,172.31.36.0-255,66,19149,19,198999
4860,0.000224,172.217.194.0-255,5738,24887,19,198999
4861,0.000227,172.31.36.0-255,66,24953,19,198999
4862,0.000246,172.31.36.0-255,66,25019,19,198999
4863,0.000249,172.217.194.0-255,1484,26503,19,198999
4864,0.000251,172.31.36.0-255,66,26569,19,198999
4865,0.000294,172.31.36.0-255,66,26635,19,198999
4866,0.000298,172.217.194.0-255,100,26735,19,198999
4867,0.0003,172.31.36.0-255,66,26801,19,198999
4868,0.000337,172.217.194.0-255,1484,28285,19,198999
4869,0.00034,172.217.194.0-255,1484,29769,19,198999
4870,0.000345,172.31.36.0-255,66,29835,19,198999
4871,0.000352,172.31.36.0-255,66,29901,19,198999
4872,0.000358,172.217.194.0-255,4320,34221,19,198999
4873,0.000365,172.31.36.0-255,66,34287,19,198999
4874,0.0004,172.217.194.0-255,9930,44217,19,198999
4875,0.000402,172.31.36.0-255,66,44283,19,198999
4876,0.000454,172.217.194.0-255,5738,50021,19,198999
4877,0.000458,172.31.36.0-255,66,50087,19,198999
4878,0.000495,172.217.194.0-255,7156,57243,19,198999
4879,0.000499,172.31.36.0-255,66,57309,19,198999
4880,0.000504,172.217.194.0-255,3961,61270,19,198999
4881,0.000507,172.31.36.0-255,66,61336,19,198999
4882,0.000923,172.217.194.0-255,1484,62820,19,198999
4883,0.000931,172.217.194.0-255,2902,65722,19,198999
4884,0.000935,172.31.36.0-255,66,65788,19,198999
4885,0.000942,172.217.194.0-255,4320,70108,19,198999
4886,0.000944,172.31.36.0-255,66,70174,19,198999
4887,0.000965,172.217.194.0-255,1484,71658,19,198999
4888,0.00097,172.217.194.0-255,2902,74560,19,198999
4889,0.000976,172.31.36.0-255,66,74626,19,198999
4890,0.001008,172.217.194.0-255,5738,80364,19,198999
4891,0.001012,172.217.194.0-255,2902,83266,19,198999
4892,0.001018,172.31.36.0-255,66,83332,19,198999
4893,0.001021,172.31.36.0-255,66,83398,19,198999
4894,0.001061,172.31.36.0-255,66,83464,19,198999
4895,0.001064,172.217.194.0-255,1484,84948,19,198999
4896,0.001069,172.217.194.0-255,2902,87850,19,198999
4897,0.001071,172.31.36.0-255,66,87916,19,198999
4898,0.001076,172.217.194.0-255,4320,92236,19,198999
4899,0.001079,172.31.36.0-255,66,92302,19,198999
4900,0.001115,172.217.194.0-255,1484,93786,19,198999
4901,0.001134,172.217.194.0-255,8574,102360,19,198999
4902,0.001139,172.31.36.0-255,66,102426,19,198999
4903,0.001148,172.31.36.0-255,66,102492,19,198999
4904,0.001171,172.217.194.0-255,2184,104676,19,198999
4905,0.001177,172.31.36.0-255,66,104742,19,198999
4906,0.001181,172.217.194.0-255,2902,107644,19,198999
4907,0.001184,172.31.36.0-255,66,107710,19,198999
4908,0.001191,172.217.194.0-255,5738,113448,19,198999
4909,0.001193,172.31.36.0-255,66,113514,19,198999
4910,0.001217,172.217.194.0-255,1484,114998,19,198999
4911,0.001238,172.31.36.0-255,66,115064,19,198999
4912,0.001267,172.217.194.0-255,4320,119384,19,198999
4913,0.00127,172.31.36.0-255,66,119450,19,198999
4914,0.001298,172.217.194.0-255,3602,123052,19,198999
4915,0.001302,172.31.36.0-255,66,123118,19,198999
4916,0.00131,172.217.194.0-255,8574,131692,19,198999
4917,0.001312,172.31.36.0-255,66,131758,19,198999
4918,0.001357,172.217.194.0-255,2902,134660,19,198999
4919,0.001359,172.31.36.0-255,66,134726,19,198999
4920,0.001397,172.217.194.0-255,4320,139046,19,198999
4921,0.0014,172.31.36.0-255,66,139112,19,198999
4922,0.001421,172.31.36.0-255,66,139178,19,198999
4923,0.001436,172.31.36.0-255,66,139244,19,198999
4924,0.001458,172.31.36.0-255,66,139310,19,198999
4925,0.001487,172.217.194.0-255,2184,141494,19,198999
4926,0.00149,172.31.36.0-255,66,141560,19,198999
4927,0.001523,172.217.194.0-255,1484,143044,19,198999
4928,0.001527,172.217.194.0-255,1484,144528,19,198999
4929,0.001529,172.31.36.0-255,66,144594,19,198999
4930,0.001541,172.217.194.0-255,1484,146078,19,198999
4931,0.001551,172.217.194.0-255,5738,151816,19,198999
4932,0.001554,172.31.36.0-255,66,151882,19,198999
4933,0.00156,172.217.194.0-255,5738,157620,19,198999
4934,0.001563,172.31.36.0-255,66,157686,19,198999
4935,0.00159,172.217.194.0-255,7156,164842,19,198999
4936,0.001602,172.31.36.0-255,66,164908,19,198999
4937,0.001611,172.217.194.0-255,8574,173482,19,198999
4938,0.001613,172.31.36.0-255,66,173548,19,198999
4939,0.001618,172.217.194.0-255,2184,175732,19,198999
4940,0.00162,172.31.36.0-255,66,175798,19,198999
4941,0.001664,172.217.194.0-255,2902,178700,19,198999
4942,0.001667,172.31.36.0-255,66,178766,19,198999
4943,0.001675,172.217.194.0-255,7156,185922,19,198999
4944,0.001678,172.31.36.0-255,66,185988,19,198999
4945,0.001688,172.217.194.0-255,5738,191726,19,198999
4946,0.00169,172.31.36.0-255,66,191792,19,198999
4947,0.00175,172.31.36.0-255,66,191858,19,198999
4948,0.001785,172.217.194.0-255,5020,196878,19,198999
4949,0.001788,172.31.36.0-255,66,196944,19,198999
4950,0.001818,172.31.36.0-255,66,197010,19,198999
4951,0.001847,172.217.194.0-255,1484,198494,19,198999
4952,0.001892,172.217.194.0-255,97,198591,19,198999
4953,0.001936,172.31.36.0-255,66,198657,19,198999
4954,0.001944,172.217.194.0-255,105,198762,19,198999
4955,0.004682,172.31.36.0-255,66,198828,19,198999
4956,0.00472,172.31.36.0-255,105,198933,19,198999
4957,0.007289,172.217.194.0-255,66,198999,19,198999
4958,0.0,74.125.24.0-255,153,153,19,116879
4959,3.5e-05,172.31.36.0-255,66,219,19,116879
4960,4.2e-05,74.125.24.0-255,1484,1703,19,116879
4961,4.7e-05,172.31.36.0-255,66,1769,19,116879
4962,5.1e-05,74.125.24.0-255,2902,4671,19,116879
4963,5.4e-05,172.31.36.0-255,66,4737,19,116879
4964,6.3e-05,74.125.24.0-255,7156,11893,19,116879
4965,6.6e-05,172.31.36.0-255,66,11959,19,116879
4966,7e-05,74.125.24.0-255,1994,13953,19,116879
4967,7.2e-05,172.31.36.0-255,66,14019,19,116879
4968,0.000274,74.125.24.0-255,1484,15503,19,116879
4969,0.000279,172.31.36.0-255,66,15569,19,116879
4970,0.000285,74.125.24.0-255,2902,18471,19,116879
4971,0.000289,172.31.36.0-255,66,18537,19,116879
4972,0.000294,74.125.24.0-255,4320,22857,19,116879
4973,0.000297,172.31.36.0-255,66,22923,19,116879
4974,0.000316,74.125.24.0-255,1484,24407,19,116879
4975,0.00032,172.31.36.0-255,66,24473,19,116879
4976,0.000329,74.125.24.0-255,6797,31270,19,116879
4977,0.000331,172.31.36.0-255,66,31336,19,116879
4978,0.000377,74.125.24.0-255,7156,38492,19,116879
4979,0.000383,172.31.36.0-255,66,38558,19,116879
4980,0.000393,74.125.24.0-255,8574,47132,19,116879
4981,0.000396,172.31.36.0-255,66,47198,19,116879
4982,0.00042,74.125.24.0-255,1125,48323,19,116879
4983,0.000423,172.31.36.0-255,66,48389,19,116879
4984,0.000729,74.125.24.0-255,1484,49873,19,116879
4985,0.000734,172.31.36.0-255,66,49939,19,116879
4986,0.000754,74.125.24.0-255,2902,52841,19,116879
4987,0.000757,172.31.36.0-255,66,52907,19,116879
4988,0.000761,74.125.24.0-255,2902,55809,19,116879
4989,0.000764,172.31.36.0-255,66,55875,19,116879
4990,0.000791,74.125.24.0-255,2902,58777,19,116879
4991,0.000794,172.31.36.0-255,66,58843,19,116879
4992,0.0008,74.125.24.0-255,4320,63163,19,116879
4993,0.000802,172.31.36.0-255,66,63229,19,116879
4994,0.000839,74.125.24.0-255,3154,66383,19,116879
4995,0.000842,172.31.36.0-255,66,66449,19,116879
4996,0.001246,74.125.24.0-255,1484,67933,19,116879
4997,0.001259,74.125.24.0-255,2902,70835,19,116879
4998,0.001263,172.31.36.0-255,66,70901,19,116879
4999,0.001271,74.125.24.0-255,5738,76639,19,116879
5000,0.001273,172.31.36.0-255,66,76705,19,116879
5001,0.001277,74.125.24.0-255,1484,78189,19,116879
5002,0.001299,74.125.24.0-255,5379,83568,19,116879
5003,0.001301,172.31.36.0-255,66,83634,19,116879
5004,0.00134,74.125.24.0-255,4320,87954,19,116879
5005,0.001343,172.31.36.0-255,66,88020,19,116879
5006,0.00136,74.125.24.0-255,1484,89504,19,116879
5007,0.001368,74.125.24.0-255,7156,96660,19,116879
5008,0.00137,172.31.36.0-255,66,96726,19,116879
5009,0.001393,74.125.24.0-255,3961,100687,19,116879
5010,0.001396,172.31.36.0-255,66,100753,19,116879
5011,0.00368,74.125.24.0-255,1484,102237,19,116879
5012,0.003706,74.125.24.0-255,2902,105139,19,116879
5013,0.003711,172.31.36.0-255,66,105205,19,116879
5014,0.003729,74.125.24.0-255,1484,106689,19,116879
5015,0.006044,74.125.24.0-255,4320,111009,19,116879
5016,0.00605,172.31.36.0-255,66,111075,19,116879
5017,0.008381,74.125.24.0-255,5738,116813,19,116879
5018,0.008393,172.31.36.0-255,66,116879,19,116879
5019,0.0,74.125.24.0-255,336,336,19,289402
5020,3.3e-05,172.31.36.0-255,66,402,19,289402
5021,4e-05,74.125.24.0-255,1484,1886,19,289402
5022,4.4e-05,172.31.36.0-255,66,1952,19,289402
5023,5.1e-05,74.125.24.0-255,4320,6272,19,289402
5024,5.6e-05,172.31.36.0-255,66,6338,19,289402
5025,6.5e-05,74.125.24.0-255,8900,15238,19,289402
5026,6.8e-05,172.31.36.0-255,66,15304,19,289402
5027,7.7e-05,74.125.24.0-255,9992,25296,19,289402
5028,8.1e-05,172.31.36.0-255,66,25362,19,289402
5029,8.4e-05,74.125.24.0-255,1484,26846,19,289402
5030,8.6e-05,172.31.36.0-255,66,26912,19,289402
5031,0.000112,74.125.24.0-255,3961,30873,19,289402
5032,0.000114,172.31.36.0-255,66,30939,19,289402
5033,0.000138,74.125.24.0-255,1484,32423,19,289402
5034,0.000142,172.31.36.0-255,66,32489,19,289402
5035,0.000145,74.125.24.0-255,1484,33973,19,289402
5036,0.000147,172.31.36.0-255,66,34039,19,289402
5037,0.000165,74.125.24.0-255,1484,35523,19,289402
5038,0.000168,172.31.36.0-255,66,35589,19,289402
5039,0.000174,74.125.24.0-255,5738,41327,19,289402
5040,0.000176,172.31.36.0-255,66,41393,19,289402
5041,0.00018,74.125.24.0-255,2902,44295,19,289402
5042,0.000182,172.31.36.0-255,66,44361,19,289402
5043,0.000203,74.125.24.0-255,9992,54353,19,289402
5044,0.000206,172.31.36.0-255,66,54419,19,289402
5045,0.000215,74.125.24.0-255,9992,64411,19,289402
5046,0.000218,172.31.36.0-255,66,64477,19,289402
5047,0.000234,74.125.24.0-255,1065,65542,19,289402
5048,0.000236,172.31.36.0-255,66,65608,19,289402
5049,0.00027,74.125.24.0-255,134,65742,19,289402
5050,0.000273,172.31.36.0-255,66,65808,19,289402
5051,0.000355,74.125.24.0-255,1484,67292,19,289402
5052,0.000364,74.125.24.0-255,2902,70194,19,289402
5053,0.000367,172.31.36.0-255,66,70260,19,289402
5054,0.000393,74.125.24.0-255,5738,75998,19,289402
5055,0.000397,172.31.36.0-255,66,76064,19,289402
5056,0.000405,74.125.24.0-255,6492,82556,19,289402
5057,0.000412,172.31.36.0-255,66,82622,19,289402
5058,0.000898,74.125.24.0-255,1484,84106,19,289402
5059,0.000919,74.125.24.0-255,2902,87008,19,289402
5060,0.000923,172.31.36.0-255,66,87074,19,289402
5061,0.000927,74.125.24.0-255,1484,88558,19,289402
5062,0.000948,74.125.24.0-255,4320,92878,19,289402
5063,0.000951,172.31.36.0-255,66,92944,19,289402
5064,0.000973,74.125.24.0-255,8574,101518,19,289402
5065,0.000977,172.31.36.0-255,66,101584,19,289402
5066,0.00098,74.125.24.0-255,1484,103068,19,289402
5067,0.000997,74.125.24.0-255,5738,108806,19,289402
5068,0.001,172.31.36.0-255,66,108872,19,289402
5069,0.001023,74.125.24.0-255,2902,111774,19,289402
5070,0.001026,172.31.36.0-255,66,111840,19,289402
5071,0.001032,74.125.24.0-255,5020,116860,19,289402
5072,0.001035,172.31.36.0-255,66,116926,19,289402
5073,0.001227,74.125.24.0-255,1484,118410,19,289402
5074,0.001248,74.125.24.0-255,2902,121312,19,289402
5075,0.001252,172.31.36.0-255,66,121378,19,289402
5076,0.001259,74.125.24.0-255,5738,127116,19,289402
5077,0.001261,172.31.36.0-255,66,127182,19,289402
5078,0.001277,74.125.24.0-255,5738,132920,19,289402
5079,0.001281,172.31.36.0-255,66,132986,19,289402
5080,0.001297,74.125.24.0-255,2902,135888,19,289402
5081,0.0013,172.31.36.0-255,66,135954,19,289402
5082,0.001322,74.125.24.0-255,9992,145946,19,289402
5083,0.001325,172.31.36.0-255,66,146012,19,289402
5084,0.00133,74.125.24.0-255,5020,151032,19,289402
5085,0.001333,172.31.36.0-255,66,151098,19,289402
5086,0.001375,74.125.24.0-255,1484,152582,19,289402
5087,0.001393,74.125.24.0-255,2902,155484,19,289402
5088,0.001396,172.31.36.0-255,66,155550,19,289402
5089,0.001411,74.125.24.0-255,5738,161288,19,289402
5090,0.001413,172.31.36.0-255,66,161354,19,289402
5091,0.001418,74.125.24.0-255,2902,164256,19,289402
5092,0.001422,172.31.36.0-255,66,164322,19,289402
5093,0.001447,74.125.24.0-255,4320,168642,19,289402
5094,0.00145,172.31.36.0-255,66,168708,19,289402
5095,0.001459,74.125.24.0-255,8574,177282,19,289402
5096,0.001461,172.31.36.0-255,66,177348,19,289402
5097,0.001488,74.125.24.0-255,5738,183086,19,289402
5098,0.001492,172.31.36.0-255,66,183152,19,289402
5099,0.001496,74.125.24.0-255,2184,185336,19,289402
5100,0.001497,172.31.36.0-255,66,185402,19,289402
5101,0.001542,74.125.24.0-255,1484,186886,19,289402
5102,0.001564,74.125.24.0-255,2902,189788,19,289402
5103,0.001567,172.31.36.0-255,66,189854,19,289402
5104,0.001573,74.125.24.0-255,5738,195592,19,289402
5105,0.001575,172.31.36.0-255,66,195658,19,289402
5106,0.00161,74.125.24.0-255,8574,204232,19,289402
5107,0.001629,172.31.36.0-255,66,204298,19,289402
5108,0.001652,74.125.24.0-255,4320,208618,19,289402
5109,0.001655,172.31.36.0-255,66,208684,19,289402
5110,0.001665,74.125.24.0-255,10692,219376,19,289402
5111,0.001667,172.31.36.0-255,66,219442,19,289402
5112,0.00171,74.125.24.0-255,1484,220926,19,289402
5113,0.001734,74.125.24.0-255,2902,223828,19,289402
5114,0.001741,172.31.36.0-255,66,223894,19,289402
5115,0.001751,74.125.24.0-255,5738,229632,19,289402
5116,0.001754,172.31.36.0-255,66,229698,19,289402
5117,0.001757,74.125.24.0-255,1484,231182,19,289402
5118,0.001783,74.125.24.0-255,4320,235502,19,289402
5119,0.001786,172.31.36.0-255,66,235568,19,289402
5120,0.001793,74.125.24.0-255,7156,242724,19,289402
5121,0.001795,172.31.36.0-255,66,242790,19,289402
5122,0.001828,74.125.24.0-255,5738,248528,19,289402
5123,0.001831,172.31.36.0-255,66,248594,19,289402
5124,0.001841,74.125.24.0-255,5020,253614,19,289402
5125,0.001844,172.31.36.0-255,66,253680,19,289402
5126,0.001853,74.125.24.0-255,9992,263672,19,289402
5127,0.001856,172.31.36.0-255,66,263738,19,289402
5128,0.00188,74.125.24.0-255,4320,268058,19,289402
5129,0.001883,172.31.36.0-255,66,268124,19,289402
5130,0.001899,172.31.36.0-255,66,268190,19,289402
5131,0.001931,74.125.24.0-255,3602,271792,19,289402
5132,0.001935,172.31.36.0-255,66,271858,19,289402
5133,0.004221,74.125.24.0-255,1484,273342,19,289402
5134,0.004272,74.125.24.0-255,4320,277662,19,289402
5135,0.004277,172.31.36.0-255,66,277728,19,289402
5136,0.006595,74.125.24.0-255,5738,283466,19,289402
5137,0.006601,172.31.36.0-255,66,283532,19,289402
5138,0.00893,74.125.24.0-255,4320,287852,19,289402
5139,0.008934,172.31.36.0-255,66,287918,19,289402
5140,0.008953,74.125.24.0-255,1484,289402,19,289402
5141,0.0,74.125.24.0-255,152,152,19,256272
5142,2.4e-05,172.31.36.0-255,66,218,19,256272
5143,3.1e-05,74.125.24.0-255,1484,1702,19,256272
5144,3.5e-05,172.31.36.0-255,66,1768,19,256272
5145,5.1e-05,74.125.24.0-255,2902,4670,19,256272
5146,5.5e-05,172.31.36.0-255,66,4736,19,256272
5147,6.3e-05,74.125.24.0-255,7156,11892,19,256272
5148,6.6e-05,172.31.36.0-255,66,11958,19,256272
5149,7.1e-05,74.125.24.0-255,2045,14003,19,256272
5150,7.4e-05,172.31.36.0-255,66,14069,19,256272
5151,8.8e-05,172.31.36.0-255,66,14135,19,256272
5152,9.5e-05,74.125.24.0-255,5379,19514,19,256272
5153,9.8e-05,172.31.36.0-255,66,19580,19,256272
5154,0.000124,74.125.24.0-255,1484,21064,19,256272
5155,0.000131,172.31.36.0-255,66,21130,19,256272
5156,0.000136,74.125.24.0-255,2902,24032,19,256272
5157,0.000138,172.31.36.0-255,66,24098,19,256272
5158,0.000145,74.125.24.0-255,5738,29836,19,256272
5159,0.000148,172.31.36.0-255,66,29902,19,256272
5160,0.000179,74.125.24.0-255,6797,36699,19,256272
5161,0.000182,172.31.36.0-255,66,36765,19,256272
5162,0.00022,74.125.24.0-255,1484,38249,19,256272
5163,0.000222,172.31.36.0-255,66,38315,19,256272
5164,0.000229,74.125.24.0-255,2902,41217,19,256272
5165,0.000232,172.31.36.0-255,66,41283,19,256272
5166,0.000262,74.125.24.0-255,5738,47021,19,256272
5167,0.000265,172.31.36.0-255,66,47087,19,256272
5168,0.000272,74.125.24.0-255,5738,52825,19,256272
5169,0.000274,172.31.36.0-255,66,52891,19,256272
5170,0.000302,74.125.24.0-255,1459,54350,19,256272
5171,0.000305,172.31.36.0-255,66,54416,19,256272
5172,0.000546,74.125.24.0-255,343,54759,19,256272
5173,0.000689,74.125.24.0-255,1484,56243,19,256272
5174,0.000694,172.31.36.0-255,66,56309,19,256272
5175,0.0007,74.125.24.0-255,2902,59211,19,256272
5176,0.000745,74.125.24.0-255,2902,62113,19,256272
5177,0.000752,74.125.24.0-255,7156,69269,19,256272
5178,0.000756,74.125.24.0-255,1994,71263,19,256272
5179,0.000779,172.31.36.0-255,101,71364,19,256272
5180,0.001118,74.125.24.0-255,1484,72848,19,256272
5181,0.001125,74.125.24.0-255,2902,75750,19,256272
5182,0.001128,172.31.36.0-255,66,75816,19,256272
5183,0.001133,74.125.24.0-255,2902,78718,19,256272
5184,0.001159,74.125.24.0-255,2902,81620,19,256272
5185,0.001165,74.125.24.0-255,2902,84522,19,256272
5186,0.001174,172.31.36.0-255,66,84588,19,256272
5187,0.001206,74.125.24.0-255,9992,94580,19,256272
5188,0.001209,74.125.24.0-255,1484,96064,19,256272
5189,0.001217,172.31.36.0-255,66,96130,19,256272
5190,0.001236,74.125.24.0-255,7156,103286,19,256272
5191,0.001252,74.125.24.0-255,2184,105470,19,256272
5192,0.001261,172.31.36.0-255,66,105536,19,256272
5193,0.001696,74.125.24.0-255,1484,107020,19,256272
5194,0.001711,74.125.24.0-255,2902,109922,19,256272
5195,0.001715,172.31.36.0-255,66,109988,19,256272
5196,0.001721,74.125.24.0-255,4320,114308,19,256272
5197,0.001724,172.31.36.0-255,66,114374,19,256272
5198,0.001758,74.125.24.0-255,8574,122948,19,256272
5199,0.00176,172.31.36.0-255,66,123014,19,256272
5200,0.001783,74.125.24.0-255,1484,124498,19,256272
5201,0.001797,74.125.24.0-255,4320,128818,19,256272
5202,0.0018,172.31.36.0-255,66,128884,19,256272
5203,0.00184,74.125.24.0-255,10692,139576,19,256272
5204,0.001852,74.125.24.0-255,1484,141060,19,256272
5205,0.001855,74.125.24.0-255,1484,142544,19,256272
5206,0.001864,74.125.24.0-255,1484,144028,19,256272
5207,0.00188,74.125.24.0-255,2902,146930,19,256272
5208,0.00189,74.125.24.0-255,1484,148414,19,256272
5209,0.001893,172.31.36.0-255,66,148480,19,256272
5210,0.001901,74.125.24.0-255,1484,149964,19,256272
5211,0.001906,74.125.24.0-255,4320,154284,19,256272
5212,0.001917,172.31.36.0-255,66,154350,19,256272
5213,0.001929,74.125.24.0-255,4320,158670,19,256272
5214,0.001959,74.125.24.0-255,7156,165826,19,256272
5215,0.001967,74.125.24.0-255,7856,173682,19,256272
5216,0.001969,172.31.36.0-255,66,173748,19,256272
5217,0.001979,172.31.36.0-255,66,173814,19,256272
5218,0.002025,74.125.24.0-255,1484,175298,19,256272
5219,0.002041,74.125.24.0-255,2902,178200,19,256272
5220,0.002049,74.125.24.0-255,5738,183938,19,256272
5221,0.002055,172.31.36.0-255,66,184004,19,256272
5222,0.002078,74.125.24.0-255,7156,191160,19,256272
5223,0.002093,172.31.36.0-255,66,191226,19,256272
5224,0.002115,74.125.24.0-255,5738,196964,19,256272
5225,0.002123,74.125.24.0-255,7156,204120,19,256272
5226,0.00214,74.125.24.0-255,3602,207722,19,256272
5227,0.002145,172.31.36.0-255,66,207788,19,256272
5228,0.002223,74.125.24.0-255,1484,209272,19,256272
5229,0.002229,74.125.24.0-255,2902,212174,19,256272
5230,0.002235,74.125.24.0-255,5738,217912,19,256272
5231,0.002251,74.125.24.0-255,1484,219396,19,256272
5232,0.002256,172.31.36.0-255,66,219462,19,256272
5233,0.002279,74.125.24.0-255,1484,220946,19,256272
5234,0.002303,74.125.24.0-255,9274,230220,19,256272
5235,0.002349,74.125.24.0-255,8574,238794,19,256272
5236,0.002366,74.125.24.0-255,2902,241696,19,256272
5237,0.002374,74.125.24.0-255,8574,250270,19,256272
5238,0.003044,74.125.24.0-255,66,250336,19,256272
5239,0.006047,172.31.36.0-255,66,250402,19,256272
5240,0.008347,74.125.24.0-255,4320,254722,19,256272
5241,0.008353,172.31.36.0-255,66,254788,19,256272
5242,0.00838,74.125.24.0-255,1484,256272,19,256272
5243,0.0,172.217.194.0-255,145,145,19,332233
5244,2.9e-05,172.31.36.0-255,66,211,19,332233
5245,3.6e-05,172.217.194.0-255,1484,1695,19,332233
5246,4e-05,172.31.36.0-255,66,1761,19,332233
5247,4.5e-05,172.217.194.0-255,2902,4663,19,332233
5248,4.7e-05,172.31.36.0-255,66,4729,19,332233
5249,5.5e-05,172.217.194.0-255,7156,11885,19,332233
5250,5.7e-05,172.31.36.0-255,66,11951,19,332233
5251,5.9e-05,172.217.194.0-255,1484,13435,19,332233
5252,6.2e-05,172.31.36.0-255,66,13501,19,332233
5253,0.000107,172.217.194.0-255,2902,16403,19,332233
5254,0.00011,172.31.36.0-255,66,16469,19,332233
5255,0.000136,172.217.194.0-255,7700,24169,19,332233
5256,0.00014,172.31.36.0-255,66,24235,19,332233
5257,0.000158,172.217.194.0-255,2902,27137,19,332233
5258,0.000164,172.31.36.0-255,66,27203,19,332233
5259,0.000182,172.217.194.0-255,3961,31164,19,332233
5260,0.000185,172.31.36.0-255,66,31230,19,332233
5261,0.000249,172.217.194.0-255,1484,32714,19,332233
5262,0.000252,172.31.36.0-255,66,32780,19,332233
5263,0.000286,172.217.194.0-255,2902,35682,19,332233
5264,0.00029,172.31.36.0-255,66,35748,19,332233
5265,0.000296,172.217.194.0-255,5738,41486,19,332233
5266,0.0003,172.31.36.0-255,66,41552,19,332233
5267,0.000326,172.217.194.0-255,4320,45872,19,332233
5268,0.00033,172.31.36.0-255,66,45938,19,332233
5269,0.000374,172.217.194.0-255,8574,54512,19,332233
5270,0.000378,172.31.36.0-255,66,54578,19,332233
5271,0.000398,172.217.194.0-255,1125,55703,19,332233
5272,0.000401,172.31.36.0-255,66,55769,19,332233
5273,0.00041,172.217.194.0-255,9887,65656,19,332233
5274,0.000413,172.31.36.0-255,66,65722,19,332233
5275,0.000448,172.217.194.0-255,432,66154,19,332233
5276,0.000573,172.217.194.0-255,1484,67638,19,332233
5277,0.000577,172.31.36.0-255,66,67704,19,332233
5278,0.000583,172.217.194.0-255,2902,70606,19,332233
5279,0.000585,172.31.36.0-255,66,70672,19,332233
5280,0.000614,172.217.194.0-255,2902,73574,19,332233
5281,0.00062,172.31.36.0-255,66,73640,19,332233
5282,0.000629,172.217.194.0-255,2902,76542,19,332233
5283,0.000632,172.31.36.0-255,66,76608,19,332233
5284,0.000645,172.31.36.0-255,66,76674,19,332233
5285,0.000691,172.217.194.0-255,10692,87366,19,332233
5286,0.000695,172.31.36.0-255,66,87432,19,332233
5287,0.000875,172.217.194.0-255,1484,88916,19,332233
5288,0.000882,172.217.194.0-255,2902,91818,19,332233
5289,0.000887,172.217.194.0-255,4320,96138,19,332233
5290,0.000886,172.31.36.0-255,66,96204,19,332233
5291,0.00089,172.31.36.0-255,66,96270,19,332233
5292,0.000903,172.217.194.0-255,1484,97754,19,332233
5293,0.000921,172.217.194.0-255,5738,103492,19,332233
5294,0.000924,172.31.36.0-255,66,103558,19,332233
5295,0.000947,172.217.194.0-255,7156,110714,19,332233
5296,0.00095,172.31.36.0-255,66,110780,19,332233
5297,0.000959,172.217.194.0-255,9992,120772,19,332233
5298,0.000962,172.31.36.0-255,66,120838,19,332233
5299,0.000965,172.217.194.0-255,766,121604,19,332233
5300,0.000986,172.217.194.0-255,1484,123088,19,332233
5301,0.000989,172.31.36.0-255,66,123154,19,332233
5302,0.000994,172.217.194.0-255,4320,127474,19,332233
5303,0.000997,172.31.36.0-255,66,127540,19,332233
5304,0.001,172.217.194.0-255,1484,129024,19,332233
5305,0.001031,172.217.194.0-255,8574,137598,19,332233
5306,0.001036,172.31.36.0-255,66,137664,19,332233
5307,0.001043,172.217.194.0-255,7156,144820,19,332233
5308,0.001045,172.31.36.0-255,66,144886,19,332233
5309,0.00107,172.217.194.0-255,5738,150624,19,332233
5310,0.001073,172.31.36.0-255,66,150690,19,332233
5311,0.001096,172.217.194.0-255,5020,155710,19,332233
5312,0.001099,172.31.36.0-255,66,155776,19,332233
5313,0.001141,172.217.194.0-255,1484,157260,19,332233
5314,0.001158,172.217.194.0-255,2902,160162,19,332233
5315,0.001162,172.31.36.0-255,66,160228,19,332233
5316,0.001183,172.217.194.0-255,5738,165966,19,332233
5317,0.001186,172.31.36.0-255,66,166032,19,332233
5318,0.001192,172.217.194.0-255,5738,171770,19,332233
5319,0.001194,172.31.36.0-255,66,171836,19,332233
5320,0.001225,172.31.36.0-255,66,171902,19,332233
5321,0.001242,172.217.194.0-255,5020,176922,19,332233
5322,0.001245,172.31.36.0-255,66,176988,19,332233
5323,0.001269,172.217.194.0-255,2902,179890,19,332233
5324,0.001272,172.31.36.0-255,66,179956,19,332233
5325,0.001289,172.217.194.0-255,2902,182858,19,332233
5326,0.001291,172.31.36.0-255,66,182924,19,332233
5327,0.001297,172.217.194.0-255,7156,190080,19,332233
5328,0.0013,172.31.36.0-255,66,190146,19,332233
5329,0.00133,172.31.36.0-255,66,190212,19,332233
5330,0.001358,172.217.194.0-255,2902,193114,19,332233
5331,0.001361,172.31.36.0-255,66,193180,19,332233
5332,0.00138,172.217.194.0-255,9274,202454,19,332233
5333,0.001385,172.31.36.0-255,66,202520,19,332233
5334,0.001388,172.217.194.0-255,9992,212512,19,332233
5335,0.00139,172.31.36.0-255,66,212578,19,332233
5336,0.001425,172.217.194.0-255,2902,215480,19,332233
5337,0.001428,172.31.36.0-255,66,215546,19,332233
5338,0.001436,172.217.194.0-255,9992,225538,19,332233
5339,0.001438,172.31.36.0-255,66,225604,19,332233
5340,0.001484,172.217.194.0-255,5020,230624,19,332233
5341,0.001488,172.31.36.0-255,66,230690,19,332233
5342,0.001532,172.217.194.0-255,1484,232174,19,332233
5343,0.001538,172.217.194.0-255,2902,235076,19,332233
5344,0.001541,172.31.36.0-255,66,235142,19,332233
5345,0.001556,172.217.194.0-255,2902,238044,19,332233
5346,0.001558,172.31.36.0-255,66,238110,19,332233
5347,0.001582,172.217.194.0-255,2902,241012,19,332233
5348,0.001585,172.31.36.0-255,66,241078,19,332233
5349,0.001593,172.217.194.0-255,9992,251070,19,332233
5350,0.001596,172.31.36.0-255,66,251136,19,332233
5351,0.00162,172.217.194.0-255,2902,254038,19,332233
5352,0.001623,172.31.36.0-255,66,254104,19,332233
5353,0.001628,172.217.194.0-255,4320,258424,19,332233
5354,0.00163,172.31.36.0-255,66,258490,19,332233
5355,0.001661,172.217.194.0-255,6438,264928,19,332233
5356,0.001665,172.31.36.0-255,66,264994,19,332233
5357,0.001739,172.217.194.0-255,1484,266478,19,332233
5358,0.001744,172.217.194.0-255,2902,269380,19,332233
5359,0.001747,172.31.36.0-255,66,269446,19,332233
5360,0.001762,172.217.194.0-255,2902,272348,19,332233
5361,0.001764,172.31.36.0-255,66,272414,19,332233
5362,0.001785,172.217.194.0-255,2902,275316,19,332233
5363,0.001787,172.31.36.0-255,66,275382,19,332233
5364,0.001792,172.217.194.0-255,2902,278284,19,332233
5365,0.001794,172.31.36.0-255,66,278350,19,332233
5366,0.001821,172.217.194.0-255,9992,288342,19,332233
5367,0.001824,172.31.36.0-255,66,288408,19,332233
5368,0.001829,172.217.194.0-255,5738,294146,19,332233
5369,0.001832,172.31.36.0-255,66,294212,19,332233
5370,0.001872,172.217.194.0-255,5020,299232,19,332233
5371,0.001876,172.31.36.0-255,66,299298,19,332233
5372,0.001916,172.217.194.0-255,1484,300782,19,332233
5373,0.00192,172.217.194.0-255,2902,303684,19,332233
5374,0.001923,172.31.36.0-255,66,303750,19,332233
5375,0.001944,172.217.194.0-255,5738,309488,19,332233
5376,0.001947,172.31.36.0-255,66,309554,19,332233
5377,0.001962,172.217.194.0-255,1484,311038,19,332233
5378,0.001985,172.31.36.0-255,66,311104,19,332233
5379,0.002005,172.217.194.0-255,4320,315424,19,332233
5380,0.002009,172.31.36.0-255,66,315490,19,332233
5381,0.002028,172.31.36.0-255,66,315556,19,332233
5382,0.002046,172.217.194.0-255,5020,320576,19,332233
5383,0.002048,172.31.36.0-255,66,320642,19,332233
5384,0.002062,172.31.36.0-255,66,320708,19,332233
5385,0.002093,172.217.194.0-255,10692,331400,19,332233
5386,0.002097,172.31.36.0-255,66,331466,19,332233
5387,0.0021,172.217.194.0-255,328,331794,19,332233
5388,0.00215,172.217.194.0-255,97,331891,19,332233
5389,0.002211,172.217.194.0-255,105,331996,19,332233
5390,0.003441,172.31.36.0-255,66,332062,19,332233
5391,0.003468,172.31.36.0-255,105,332167,19,332233
5392,0.006016,172.217.194.0-255,66,332233,19,332233
5393,0.0,74.125.24.0-255,149,149,19,304579
5394,2e-05,172.31.36.0-255,66,215,19,304579
5395,2.7e-05,74.125.24.0-255,1484,1699,19,304579
5396,3.1e-05,172.31.36.0-255,66,1765,19,304579
5397,3.6e-05,74.125.24.0-255,2902,4667,19,304579
5398,3.8e-05,172.31.36.0-255,66,4733,19,304579
5399,4.5e-05,74.125.24.0-255,7156,11889,19,304579
5400,4.9e-05,172.31.36.0-255,66,11955,19,304579
5401,7.9e-05,74.125.24.0-255,7738,19693,19,304579
5402,8.2e-05,172.31.36.0-255,66,19759,19,304579
5403,0.000104,74.125.24.0-255,5738,25497,19,304579
5404,0.000106,172.31.36.0-255,66,25563,19,304579
5405,0.00012,74.125.24.0-255,5379,30942,19,304579
5406,0.000122,172.31.36.0-255,66,31008,19,304579
5407,0.000167,74.125.24.0-255,1484,32492,19,304579
5408,0.000169,172.31.36.0-255,66,32558,19,304579
5409,0.000174,74.125.24.0-255,2902,35460,19,304579
5410,0.000175,172.31.36.0-255,66,35526,19,304579
5411,0.000201,74.125.24.0-255,5738,41264,19,304579
5412,0.000203,172.31.36.0-255,66,41330,19,304579
5413,0.000209,74.125.24.0-255,6797,48127,19,304579
5414,0.000211,172.31.36.0-255,66,48193,19,304579
5415,0.000264,172.31.36.0-255,66,48259,19,304579
5416,0.000295,74.125.24.0-255,2819,51078,19,304579
5417,0.000297,172.31.36.0-255,66,51144,19,304579
5418,0.000343,74.125.24.0-255,129,51273,19,304579
5419,0.000346,172.31.36.0-255,66,51339,19,304579
5420,0.000479,74.125.24.0-255,1484,52823,19,304579
5421,0.000484,74.125.24.0-255,2902,55725,19,304579
5422,0.00049,74.125.24.0-255,5738,61463,19,304579
5423,0.000495,172.31.36.0-255,66,61529,19,304579
5424,0.000503,172.31.36.0-255,66,61595,19,304579
5425,0.000506,172.31.36.0-255,66,61661,19,304579
5426,0.000552,172.31.36.0-255,66,61727,19,304579
5427,0.000561,74.125.24.0-255,9334,71061,19,304579
5428,0.000563,172.31.36.0-255,66,71127,19,304579
5429,0.000625,74.125.24.0-255,1484,72611,19,304579
5430,0.000641,74.125.24.0-255,2902,75513,19,304579
5431,0.000643,172.31.36.0-255,66,75579,19,304579
5432,0.000649,74.125.24.0-255,5738,81317,19,304579
5433,0.000651,172.31.36.0-255,66,81383,19,304579
5434,0.00067,74.125.24.0-255,2902,84285,19,304579
5435,0.000672,172.31.36.0-255,66,84351,19,304579
5436,0.000693,74.125.24.0-255,9992,94343,19,304579
5437,0.000695,172.31.36.0-255,66,94409,19,304579
5438,0.0007,74.125.24.0-255,2902,97311,19,304579
5439,0.000702,172.31.36.0-255,66,97377,19,304579
5440,0.000723,74.125.24.0-255,7856,105233,19,304579
5441,0.000726,172.31.36.0-255,66,105299,19,304579
5442,0.000769,74.125.24.0-255,1484,106783,19,304579
5443,0.000774,74.125.24.0-255,2902,109685,19,304579
5444,0.000776,172.31.36.0-255,66,109751,19,304579
5445,0.000799,74.125.24.0-255,5738,115489,19,304579
5446,0.000802,172.31.36.0-255,66,115555,19,304579
5447,0.000804,74.125.24.0-255,1484,117039,19,304579
5448,0.000824,74.125.24.0-255,8574,125613,19,304579
5449,0.000827,172.31.36.0-255,66,125679,19,304579
5450,0.000848,74.125.24.0-255,2902,128581,19,304579
5451,0.00085,172.31.36.0-255,66,128647,19,304579
5452,0.000874,74.125.24.0-255,10692,139339,19,304579
5453,0.000877,172.31.36.0-255,66,139405,19,304579
5454,0.000923,74.125.24.0-255,1484,140889,19,304579
5455,0.00094,74.125.24.0-255,2902,143791,19,304579
5456,0.000942,172.31.36.0-255,66,143857,19,304579
5457,0.00095,74.125.24.0-255,5738,149595,19,304579
5458,0.000952,172.31.36.0-255,66,149661,19,304579
5459,0.000955,74.125.24.0-255,1484,151145,19,304579
5460,0.000979,74.125.24.0-255,8574,159719,19,304579
5461,0.000982,172.31.36.0-255,66,159785,19,304579
5462,0.001021,74.125.24.0-255,8574,168359,19,304579
5463,0.001024,172.31.36.0-255,66,168425,19,304579
5464,0.001044,74.125.24.0-255,5020,173445,19,304579
5465,0.001046,172.31.36.0-255,66,173511,19,304579
5466,0.001108,74.125.24.0-255,1484,174995,19,304579
5467,0.001127,74.125.24.0-255,2902,177897,19,304579
5468,0.001129,172.31.36.0-255,66,177963,19,304579
5469,0.001152,74.125.24.0-255,5738,183701,19,304579
5470,0.00116,74.125.24.0-255,8574,192275,19,304579
5471,0.00117,172.31.36.0-255,66,192341,19,304579
5472,0.001179,74.125.24.0-255,4320,196661,19,304579
5473,0.001185,74.125.24.0-255,7156,203817,19,304579
5474,0.001217,172.31.36.0-255,66,203883,19,304579
5475,0.001258,74.125.24.0-255,3602,207485,19,304579
5476,0.001266,74.125.24.0-255,7156,214641,19,304579
5477,0.001271,172.31.36.0-255,66,214707,19,304579
5478,0.001283,74.125.24.0-255,2902,217609,19,304579
5479,0.001285,172.31.36.0-255,66,217675,19,304579
5480,0.001291,74.125.24.0-255,5020,222695,19,304579
5481,0.001305,172.31.36.0-255,66,222761,19,304579
5482,0.001316,74.125.24.0-255,5738,228499,19,304579
5483,0.001321,74.125.24.0-255,5738,234237,19,304579
5484,0.001326,172.31.36.0-255,66,234303,19,304579
5485,0.001343,74.125.24.0-255,8574,242877,19,304579
5486,0.001357,74.125.24.0-255,4320,247197,19,304579
5487,0.001362,172.31.36.0-255,66,247263,19,304579
5488,0.001373,74.125.24.0-255,7156,254419,19,304579
5489,0.001382,172.31.36.0-255,66,254485,19,304579
5490,0.001386,74.125.24.0-255,2184,256669,19,304579
5491,0.001408,172.31.36.0-255,66,256735,19,304579
5492,0.001429,74.125.24.0-255,9992,266727,19,304579
5493,0.001434,74.125.24.0-255,2902,269629,19,304579
5494,0.001438,172.31.36.0-255,66,269695,19,304579
5495,0.001461,74.125.24.0-255,8574,278269,19,304579
5496,0.001488,74.125.24.0-255,5738,284007,19,304579
5497,0.001493,172.31.36.0-255,66,284073,19,304579
5498,0.001521,74.125.24.0-255,10692,294765,19,304579
5499,0.001548,172.31.36.0-255,66,294831,19,304579
5500,0.001564,74.125.24.0-255,1484,296315,19,304579
5501,0.001606,172.31.36.0-255,66,296381,19,304579
5502,0.00161,74.125.24.0-255,2902,299283,19,304579
5503,0.001615,172.31.36.0-255,66,299349,19,304579
5504,0.001624,74.125.24.0-255,4888,304237,19,304579
5505,0.001649,172.31.36.0-255,66,304303,19,304579
5506,0.001683,74.125.24.0-255,105,304408,19,304579
5507,0.008406,172.31.36.0-255,66,304474,19,304579
5508,0.008447,172.31.36.0-255,105,304579,19,304579
5509,0.0,172.253.118.0-255,150,150,19,362843
5510,1.5e-05,172.31.36.0-255,66,216,19,362843
5511,2.2e-05,172.253.118.0-255,1484,1700,19,362843
5512,2.7e-05,172.31.36.0-255,66,1766,19,362843
5513,3.3e-05,172.253.118.0-255,2902,4668,19,362843
5514,4.4e-05,172.31.36.0-255,66,4734,19,362843
5515,4.9e-05,172.253.118.0-255,4320,9054,19,362843
5516,5.3e-05,172.31.36.0-255,66,9120,19,362843
5517,8.9e-05,172.253.118.0-255,4940,14060,19,362843
5518,9.2e-05,172.31.36.0-255,66,14126,19,362843
5519,0.000168,172.253.118.0-255,1484,15610,19,362843
5520,0.000171,172.31.36.0-255,66,15676,19,362843
5521,0.000176,172.253.118.0-255,2902,18578,19,362843
5522,0.000178,172.31.36.0-255,66,18644,19,362843
5523,0.000206,172.253.118.0-255,5738,24382,19,362843
5524,0.000208,172.31.36.0-255,66,24448,19,362843
5525,0.000239,172.253.118.0-255,6797,31245,19,362843
5526,0.000243,172.31.36.0-255,66,31311,19,362843
5527,0.000281,172.253.118.0-255,4320,35631,19,362843
5528,0.000284,172.31.36.0-255,66,35697,19,362843
5529,0.000309,172.253.118.0-255,1484,37181,19,362843
5530,0.000312,172.31.36.0-255,66,37247,19,362843
5531,0.00032,172.253.118.0-255,7156,44403,19,362843
5532,0.000322,172.31.36.0-255,66,44469,19,362843
5533,0.000332,172.253.118.0-255,3961,48430,19,362843
5534,0.000335,172.31.36.0-255,66,48496,19,362843
5535,0.000562,172.253.118.0-255,1484,49980,19,362843
5536,0.000567,172.31.36.0-255,66,50046,19,362843
5537,0.000572,172.253.118.0-255,1484,51530,19,362843
5538,0.000574,172.31.36.0-255,66,51596,19,362843
5539,0.000593,172.253.118.0-255,1484,53080,19,362843
5540,0.000595,172.31.36.0-255,66,53146,19,362843
5541,0.000603,172.253.118.0-255,4320,57466,19,362843
5542,0.000605,172.31.36.0-255,66,57532,19,362843
5543,0.000612,172.253.118.0-255,5738,63270,19,362843
5544,0.000614,172.31.36.0-255,66,63336,19,362843
5545,0.00065,172.253.118.0-255,3122,66458,19,362843
5546,0.000654,172.31.36.0-255,66,66524,19,362843
5547,0.000691,172.253.118.0-255,1484,68008,19,362843
5548,0.000695,172.253.118.0-255,1484,69492,19,362843
5549,0.000697,172.31.36.0-255,66,69558,19,362843
5550,0.000729,172.253.118.0-255,1484,71042,19,362843
5551,0.000737,172.253.118.0-255,5738,76780,19,362843
5552,0.00074,172.31.36.0-255,66,76846,19,362843
5553,0.000761,172.31.36.0-255,66,76912,19,362843
5554,0.000786,172.253.118.0-255,1484,78396,19,362843
5555,0.000818,172.253.118.0-255,9274,87670,19,362843
5556,0.000821,172.31.36.0-255,66,87736,19,362843
5557,0.000979,172.253.118.0-255,1484,89220,19,362843
5558,0.000984,172.253.118.0-255,2902,92122,19,362843
5559,0.000988,172.31.36.0-255,66,92188,19,362843
5560,0.000993,172.253.118.0-255,4320,96508,19,362843
5561,0.000996,172.31.36.0-255,66,96574,19,362843
5562,0.001015,172.253.118.0-255,1484,98058,19,362843
5563,0.001023,172.253.118.0-255,5738,103796,19,362843
5564,0.00103,172.31.36.0-255,66,103862,19,362843
5565,0.001033,172.253.118.0-255,1484,105346,19,362843
5566,0.00106,172.31.36.0-255,66,105412,19,362843
5567,0.001064,172.253.118.0-255,2902,108314,19,362843
5568,0.001067,172.31.36.0-255,66,108380,19,362843
5569,0.001088,172.253.118.0-255,2184,110564,19,362843
5570,0.001093,172.31.36.0-255,66,110630,19,362843
5571,0.001238,172.253.118.0-255,1484,112114,19,362843
5572,0.001272,172.253.118.0-255,1484,113598,19,362843
5573,0.001275,172.31.36.0-255,66,113664,19,362843
5574,0.001301,172.253.118.0-255,1484,115148,19,362843
5575,0.001308,172.253.118.0-255,5738,120886,19,362843
5576,0.00131,172.31.36.0-255,66,120952,19,362843
5577,0.001328,172.31.36.0-255,66,121018,19,362843
5578,0.001337,172.253.118.0-255,8574,129592,19,362843
5579,0.001339,172.31.36.0-255,66,129658,19,362843
5580,0.001344,172.253.118.0-255,2184,131842,19,362843
5581,0.001346,172.31.36.0-255,66,131908,19,362843
5582,0.001604,172.253.118.0-255,1484,133392,19,362843
5583,0.001609,172.253.118.0-255,1484,134876,19,362843
5584,0.001613,172.31.36.0-255,66,134942,19,362843
5585,0.001637,172.253.118.0-255,1484,136426,19,362843
5586,0.001645,172.253.118.0-255,5738,142164,19,362843
5587,0.001647,172.31.36.0-255,66,142230,19,362843
5588,0.001651,172.253.118.0-255,1484,143714,19,362843
5589,0.001682,172.253.118.0-255,5738,149452,19,362843
5590,0.001684,172.31.36.0-255,66,149518,19,362843
5591,0.001688,172.253.118.0-255,1484,151002,19,362843
5592,0.001716,172.253.118.0-255,9992,160994,19,362843
5593,0.001719,172.31.36.0-255,66,161060,19,362843
5594,0.001748,172.253.118.0-255,2902,163962,19,362843
5595,0.001751,172.31.36.0-255,66,164028,19,362843
5596,0.001755,172.253.118.0-255,2184,166212,19,362843
5597,0.001757,172.31.36.0-255,66,166278,19,362843
5598,0.002005,172.253.118.0-255,1484,167762,19,362843
5599,0.002012,172.253.118.0-255,2902,170664,19,362843
5600,0.002015,172.31.36.0-255,66,170730,19,362843
5601,0.002022,172.253.118.0-255,5738,176468,19,362843
5602,0.002024,172.31.36.0-255,66,176534,19,362843
5603,0.002052,172.253.118.0-255,4320,180854,19,362843
5604,0.002055,172.31.36.0-255,66,180920,19,362843
5605,0.00209,172.253.118.0-255,8574,189494,19,362843
5606,0.002093,172.31.36.0-255,66,189560,19,362843
5607,0.002096,172.253.118.0-255,1484,191044,19,362843
5608,0.00214,172.253.118.0-255,9274,200318,19,362843
5609,0.002143,172.31.36.0-255,66,200384,19,362843
5610,0.002334,172.253.118.0-255,1484,201868,19,362843
5611,0.002339,172.253.118.0-255,1484,203352,19,362843
5612,0.002343,172.31.36.0-255,66,203418,19,362843
5613,0.002368,172.253.118.0-255,1484,204902,19,362843
5614,0.002373,172.253.118.0-255,2902,207804,19,362843
5615,0.002376,172.31.36.0-255,66,207870,19,362843
5616,0.00238,172.253.118.0-255,1484,209354,19,362843
5617,0.002382,172.253.118.0-255,1484,210838,19,362843
5618,0.002385,172.31.36.0-255,66,210904,19,362843
5619,0.002426,172.253.118.0-255,8574,219478,19,362843
5620,0.00243,172.31.36.0-255,66,219544,19,362843
5621,0.002439,172.253.118.0-255,8574,228118,19,362843
5622,0.002446,172.31.36.0-255,66,228184,19,362843
5623,0.002449,172.253.118.0-255,1484,229668,19,362843
5624,0.002456,172.253.118.0-255,5020,234688,19,362843
5625,0.002459,172.31.36.0-255,66,234754,19,362843
5626,0.002543,172.253.118.0-255,1484,236238,19,362843
5627,0.00256,172.253.118.0-255,2902,239140,19,362843
5628,0.002564,172.31.36.0-255,66,239206,19,362843
5629,0.002571,172.253.118.0-255,5738,244944,19,362843
5630,0.002573,172.31.36.0-255,66,245010,19,362843
5631,0.00258,172.253.118.0-255,1484,246494,19,362843
5632,0.00261,172.253.118.0-255,5738,252232,19,362843
5633,0.002614,172.31.36.0-255,66,252298,19,362843
5634,0.002617,172.253.118.0-255,1484,253782,19,362843
5635,0.002649,172.253.118.0-255,9992,263774,19,362843
5636,0.002652,172.31.36.0-255,66,263840,19,362843
5637,0.002655,172.253.118.0-255,1484,265324,19,362843
5638,0.002658,172.253.118.0-255,1484,266808,19,362843
5639,0.002659,172.31.36.0-255,66,266874,19,362843
5640,0.002669,172.253.118.0-255,2184,269058,19,362843
5641,0.002671,172.31.36.0-255,66,269124,19,362843
5642,0.002749,172.253.118.0-255,1484,270608,19,362843
5643,0.002765,172.253.118.0-255,2902,273510,19,362843
5644,0.00277,172.31.36.0-255,66,273576,19,362843
5645,0.002775,172.253.118.0-255,2902,276478,19,362843
5646,0.002777,172.31.36.0-255,66,276544,19,362843
5647,0.002808,172.253.118.0-255,2902,279446,19,362843
5648,0.002811,172.31.36.0-255,66,279512,19,362843
5649,0.002829,172.31.36.0-255,66,279578,19,362843
5650,0.002877,172.253.118.0-255,9992,289570,19,362843
5651,0.00288,172.31.36.0-255,66,289636,19,362843
5652,0.00289,172.253.118.0-255,766,290402,19,362843
5653,0.002893,172.253.118.0-255,1484,291886,19,362843
5654,0.002895,172.31.36.0-255,66,291952,19,362843
5655,0.002905,172.253.118.0-255,2902,294854,19,362843
5656,0.002907,172.31.36.0-255,66,294920,19,362843
5657,0.002913,172.253.118.0-255,5738,300658,19,362843
5658,0.002915,172.31.36.0-255,66,300724,19,362843
5659,0.002947,172.253.118.0-255,5738,306462,19,362843
5660,0.002954,172.31.36.0-255,66,306528,19,362843
5661,0.002957,172.253.118.0-255,1484,308012,19,362843
5662,0.002985,172.253.118.0-255,9992,318004,19,362843
5663,0.002988,172.31.36.0-255,66,318070,19,362843
5664,0.003021,172.253.118.0-255,7856,325926,19,362843
5665,0.003024,172.31.36.0-255,66,325992,19,362843
5666,0.003028,172.253.118.0-255,2902,328894,19,362843
5667,0.003031,172.31.36.0-255,66,328960,19,362843
5668,0.003065,172.253.118.0-255,9992,338952,19,362843
5669,0.003068,172.31.36.0-255,66,339018,19,362843
5670,0.003072,172.253.118.0-255,2902,341920,19,362843
5671,0.003074,172.31.36.0-255,66,341986,19,362843
5672,0.003106,172.253.118.0-255,9992,351978,19,362843
5673,0.003108,172.31.36.0-255,66,352044,19,362843
5674,0.003115,172.253.118.0-255,6438,358482,19,362843
5675,0.003117,172.31.36.0-255,66,358548,19,362843
5676,0.003123,172.253.118.0-255,3953,362501,19,362843
5677,0.003125,172.31.36.0-255,66,362567,19,362843
5678,0.003164,172.253.118.0-255,105,362672,19,362843
5679,0.009398,172.31.36.0-255,66,362738,19,362843
5680,0.009438,172.31.36.0-255,105,362843,19,362843
5681,0.0,216.58.221.0-255,152,152,19,157256
5682,2e-05,172.31.36.0-255,66,218,19,157256
5683,2.6e-05,216.58.221.0-255,1484,1702,19,157256
5684,3.1e-05,172.31.36.0-255,66,1768,19,157256
5685,4.4e-05,216.58.221.0-255,2902,4670,19,157256
5686,4.8e-05,172.31.36.0-255,66,4736,19,157256
5687,5.4e-05,216.58.221.0-255,5738,10474,19,157256
5688,5.6e-05,172.31.36.0-255,66,10540,19,157256
5689,7.4e-05,216.58.221.0-255,1484,12024,19,157256
5690,7.7e-05,172.31.36.0-255,66,12090,19,157256
5691,0.000104,216.58.221.0-255,2101,14191,19,157256
5692,0.000106,172.31.36.0-255,66,14257,19,157256
5693,0.000133,216.58.221.0-255,4320,18577,19,157256
5694,0.000136,172.31.36.0-255,66,18643,19,157256
5695,0.000142,216.58.221.0-255,7156,25799,19,157256
5696,0.000144,172.31.36.0-255,66,25865,19,157256
5697,0.000185,216.58.221.0-255,5379,31244,19,157256
5698,0.000188,172.31.36.0-255,66,31310,19,157256
5699,0.000337,216.58.221.0-255,1484,32794,19,157256
5700,0.000342,172.31.36.0-255,66,32860,19,157256
5701,0.000347,216.58.221.0-255,2902,35762,19,157256
5702,0.000349,172.31.36.0-255,66,35828,19,157256
5703,0.000385,216.58.221.0-255,5738,41566,19,157256
5704,0.000388,172.31.36.0-255,66,41632,19,157256
5705,0.000395,216.58.221.0-255,6797,48429,19,157256
5706,0.000397,172.31.36.0-255,66,48495,19,157256
5707,0.000691,216.58.221.0-255,1484,49979,19,157256
5708,0.000695,172.31.36.0-255,66,50045,19,157256
5709,0.000701,216.58.221.0-255,2902,52947,19,157256
5710,0.000702,172.31.36.0-255,66,53013,19,157256
5711,0.000723,216.58.221.0-255,4320,57333,19,157256
5712,0.000729,172.31.36.0-255,66,57399,19,157256
5713,0.000733,216.58.221.0-255,2902,60301,19,157256
5714,0.000735,172.31.36.0-255,66,60367,19,157256
5715,0.000758,216.58.221.0-255,2902,63269,19,157256
5716,0.00076,172.31.36.0-255,66,63335,19,157256
5717,0.000768,216.58.221.0-255,2543,65878,19,157256
5718,0.000769,172.31.36.0-255,66,65944,19,157256
5719,0.000772,216.58.221.0-255,356,66300,19,157256
5720,0.001023,216.58.221.0-255,141,66441,19,157256
5721,0.001027,172.31.36.0-255,66,66507,19,157256
5722,0.001048,172.31.36.0-255,66,66573,19,157256
5723,0.001157,216.58.221.0-255,1484,68057,19,157256
5724,0.001166,216.58.221.0-255,2902,70959,19,157256
5725,0.001169,172.31.36.0-255,66,71025,19,157256
5726,0.001175,216.58.221.0-255,4320,75345,19,157256
5727,0.001177,172.31.36.0-255,66,75411,19,157256
5728,0.001193,216.58.221.0-255,1484,76895,19,157256
5729,0.001239,216.58.221.0-255,6797,83692,19,157256
5730,0.001242,172.31.36.0-255,66,83758,19,157256
5731,0.001289,216.58.221.0-255,4320,88078,19,157256
5732,0.001293,172.31.36.0-255,66,88144,19,157256
5733,0.001308,216.58.221.0-255,2902,91046,19,157256
5734,0.001315,172.31.36.0-255,66,91112,19,157256
5735,0.00132,216.58.221.0-255,4320,95432,19,157256
5736,0.001322,172.31.36.0-255,66,95498,19,157256
5737,0.001328,216.58.221.0-255,5379,100877,19,157256
5738,0.00133,172.31.36.0-255,66,100943,19,157256
5739,0.001333,216.58.221.0-255,343,101286,19,157256
5740,0.001866,216.58.221.0-255,1484,102770,19,157256
5741,0.001873,172.31.36.0-255,66,102836,19,157256
5742,0.00188,216.58.221.0-255,2902,105738,19,157256
5743,0.001882,172.31.36.0-255,66,105804,19,157256
5744,0.001892,216.58.221.0-255,5738,111542,19,157256
5745,0.001894,172.31.36.0-255,66,111608,19,157256
5746,0.001899,216.58.221.0-255,4320,115928,19,157256
5747,0.001901,172.31.36.0-255,66,115994,19,157256
5748,0.001938,216.58.221.0-255,8574,124568,19,157256
5749,0.001941,172.31.36.0-255,66,124634,19,157256
5750,0.001949,216.58.221.0-255,9992,134626,19,157256
5751,0.001951,172.31.36.0-255,66,134692,19,157256
5752,0.001958,216.58.221.0-255,766,135458,19,157256
5753,0.003885,216.58.221.0-255,4320,139778,19,157256
5754,0.003889,172.31.36.0-255,66,139844,19,157256
5755,0.005843,216.58.221.0-255,5738,145582,19,157256
5756,0.005848,172.31.36.0-255,66,145648,19,157256
5757,0.007801,216.58.221.0-255,5738,151386,19,157256
5758,0.007808,172.31.36.0-255,66,151452,19,157256
5759,0.009759,216.58.221.0-255,5738,157190,19,157256
5760,0.009769,172.31.36.0-255,66,157256,19,157256
5761,0.0,74.125.68.0-255,220,220,19,220044
5762,2.5e-05,172.31.36.0-255,66,286,19,220044
5763,3.2e-05,74.125.68.0-255,1484,1770,19,220044
5764,3.8e-05,172.31.36.0-255,66,1836,19,220044
5765,4.4e-05,74.125.68.0-255,4320,6156,19,220044
5766,4.8e-05,172.31.36.0-255,66,6222,19,220044
5767,5.3e-05,74.125.68.0-255,2902,9124,19,220044
5768,5.6e-05,172.31.36.0-255,66,9190,19,220044
5769,6.2e-05,74.125.68.0-255,4320,13510,19,220044
5770,6.6e-05,172.31.36.0-255,66,13576,19,220044
5771,6.8e-05,74.125.68.0-255,454,14030,19,220044
5772,7.1e-05,172.31.36.0-255,66,14096,19,220044
5773,0.000141,74.125.68.0-255,1484,15580,19,220044
5774,0.000144,172.31.36.0-255,66,15646,19,220044
5775,0.000165,74.125.68.0-255,2902,18548,19,220044
5776,0.000168,172.31.36.0-255,66,18614,19,220044
5777,0.000196,74.125.68.0-255,4320,22934,19,220044
5778,0.000198,172.31.36.0-255,66,23000,19,220044
5779,0.000216,74.125.68.0-255,1484,24484,19,220044
5780,0.000219,172.31.36.0-255,66,24550,19,220044
5781,0.000227,74.125.68.0-255,6797,31347,19,220044
5782,0.000229,172.31.36.0-255,66,31413,19,220044
5783,0.000339,74.125.68.0-255,1484,32897,19,220044
5784,0.000343,172.31.36.0-255,66,32963,19,220044
5785,0.000347,74.125.68.0-255,1484,34447,19,220044
5786,0.000349,172.31.36.0-255,66,34513,19,220044
5787,0.000372,74.125.68.0-255,2902,37415,19,220044
5788,0.000374,172.31.36.0-255,66,37481,19,220044
5789,0.000392,74.125.68.0-255,1484,38965,19,220044
5790,0.000394,172.31.36.0-255,66,39031,19,220044
5791,0.000411,74.125.68.0-255,4320,43351,19,220044
5792,0.000414,172.31.36.0-255,66,43417,19,220044
5793,0.000451,74.125.68.0-255,6797,50214,19,220044
5794,0.000454,172.31.36.0-255,66,50280,19,220044
5795,0.000475,74.125.68.0-255,7156,57436,19,220044
5796,0.000478,172.31.36.0-255,66,57502,19,220044
5797,0.000521,74.125.68.0-255,8492,65994,19,220044
5798,0.000524,172.31.36.0-255,66,66060,19,220044
5799,0.000542,74.125.68.0-255,378,66438,19,220044
5800,0.000632,74.125.68.0-255,1484,67922,19,220044
5801,0.000636,172.31.36.0-255,66,67988,19,220044
5802,0.000669,74.125.68.0-255,2902,70890,19,220044
5803,0.000673,172.31.36.0-255,66,70956,19,220044
5804,0.000678,74.125.68.0-255,2902,73858,19,220044
5805,0.000681,172.31.36.0-255,66,73924,19,220044
5806,0.000694,74.125.68.0-255,1484,75408,19,220044
5807,0.000698,74.125.68.0-255,1484,76892,19,220044
5808,0.000701,172.31.36.0-255,66,76958,19,220044
5809,0.000725,74.125.68.0-255,2902,79860,19,220044
5810,0.000728,172.31.36.0-255,66,79926,19,220044
5811,0.000735,74.125.68.0-255,5738,85664,19,220044
5812,0.000737,172.31.36.0-255,66,85730,19,220044
5813,0.000768,74.125.68.0-255,5738,91468,19,220044
5814,0.000771,172.31.36.0-255,66,91534,19,220044
5815,0.000777,74.125.68.0-255,4320,95854,19,220044
5816,0.000779,172.31.36.0-255,66,95920,19,220044
5817,0.000794,74.125.68.0-255,2902,98822,19,220044
5818,0.000797,172.31.36.0-255,66,98888,19,220044
5819,0.000811,74.125.68.0-255,2184,101072,19,220044
5820,0.000813,172.31.36.0-255,66,101138,19,220044
5821,0.001049,74.125.68.0-255,1484,102622,19,220044
5822,0.001085,74.125.68.0-255,1484,104106,19,220044
5823,0.001089,172.31.36.0-255,66,104172,19,220044
5824,0.001108,74.125.68.0-255,1484,105656,19,220044
5825,0.001161,74.125.68.0-255,2902,108558,19,220044
5826,0.001165,172.31.36.0-255,66,108624,19,220044
5827,0.001221,74.125.68.0-255,4320,112944,19,220044
5828,0.001224,172.31.36.0-255,66,113010,19,220044
5829,0.001258,74.125.68.0-255,4320,117330,19,220044
5830,0.001262,172.31.36.0-255,66,117396,19,220044
5831,0.001278,74.125.68.0-255,1484,118880,19,220044
5832,0.001286,74.125.68.0-255,7156,126036,19,220044
5833,0.001289,172.31.36.0-255,66,126102,19,220044
5834,0.001314,74.125.68.0-255,2902,129004,19,220044
5835,0.001316,172.31.36.0-255,66,129070,19,220044
5836,0.00134,74.125.68.0-255,6438,135508,19,220044
5837,0.001343,172.31.36.0-255,66,135574,19,220044
5838,0.001904,74.125.68.0-255,1484,137058,19,220044
5839,0.00191,74.125.68.0-255,2902,139960,19,220044
5840,0.001929,172.31.36.0-255,66,140026,19,220044
5841,0.001933,74.125.68.0-255,1484,141510,19,220044
5842,0.001937,74.125.68.0-255,2902,144412,19,220044
5843,0.001939,172.31.36.0-255,66,144478,19,220044
5844,0.001944,74.125.68.0-255,2902,147380,19,220044
5845,0.001946,172.31.36.0-255,66,147446,19,220044
5846,0.00197,74.125.68.0-255,2902,150348,19,220044
5847,0.001977,74.125.68.0-255,7156,157504,19,220044
5848,0.001981,172.31.36.0-255,66,157570,19,220044
5849,0.001988,172.31.36.0-255,66,157636,19,220044
5850,0.001993,74.125.68.0-255,2902,160538,19,220044
5851,0.001995,172.31.36.0-255,66,160604,19,220044
5852,0.002019,74.125.68.0-255,4320,164924,19,220044
5853,0.002022,172.31.36.0-255,66,164990,19,220044
5854,0.002045,74.125.68.0-255,6438,171428,19,220044
5855,0.002049,172.31.36.0-255,66,171494,19,220044
5856,0.002052,74.125.68.0-255,1484,172978,19,220044
5857,0.002087,74.125.68.0-255,4320,177298,19,220044
5858,0.002089,172.31.36.0-255,66,177364,19,220044
5859,0.002125,74.125.68.0-255,9992,187356,19,220044
5860,0.002128,172.31.36.0-255,66,187422,19,220044
5861,0.002137,74.125.68.0-255,8574,195996,19,220044
5862,0.002139,172.31.36.0-255,66,196062,19,220044
5863,0.002148,74.125.68.0-255,7856,203918,19,220044
5864,0.00215,172.31.36.0-255,66,203984,19,220044
5865,0.00423,74.125.68.0-255,5738,209722,19,220044
5866,0.004237,172.31.36.0-255,66,209788,19,220044
5867,0.006311,74.125.68.0-255,4320,214108,19,220044
5868,0.006315,172.31.36.0-255,66,214174,19,220044
5869,0.006333,74.125.68.0-255,1484,215658,19,220044
5870,0.008414,74.125.68.0-255,4320,219978,19,220044
5871,0.008422,172.31.36.0-255,66,220044,19,220044
5872,0.0,172.217.194.0-255,153,153,19,204365
5873,2.5e-05,172.31.36.0-255,66,219,19,204365
5874,3.1e-05,172.217.194.0-255,1484,1703,19,204365
5875,3.7e-05,172.31.36.0-255,66,1769,19,204365
5876,5.1e-05,172.217.194.0-255,2902,4671,19,204365
5877,5.5e-05,172.31.36.0-255,66,4737,19,204365
5878,6.5e-05,172.217.194.0-255,7156,11893,19,204365
5879,6.8e-05,172.31.36.0-255,66,11959,19,204365
5880,7.3e-05,172.217.194.0-255,2012,13971,19,204365
5881,7.6e-05,172.31.36.0-255,66,14037,19,204365
5882,0.000282,172.217.194.0-255,1484,15521,19,204365
5883,0.000287,172.31.36.0-255,66,15587,19,204365
5884,0.000293,172.217.194.0-255,2902,18489,19,204365
5885,0.000296,172.31.36.0-255,66,18555,19,204365
5886,0.000301,172.217.194.0-255,2902,21457,19,204365
5887,0.000308,172.31.36.0-255,66,21523,19,204365
5888,0.000314,172.217.194.0-255,4320,25843,19,204365
5889,0.000316,172.31.36.0-255,66,25909,19,204365
5890,0.000351,172.217.194.0-255,9633,35542,19,204365
5891,0.000355,172.31.36.0-255,66,35608,19,204365
5892,0.000378,172.217.194.0-255,5738,41346,19,204365
5893,0.00038,172.31.36.0-255,66,41412,19,204365
5894,0.000387,172.217.194.0-255,4320,45732,19,204365
5895,0.000389,172.31.36.0-255,66,45798,19,204365
5896,0.000431,172.31.36.0-255,66,45864,19,204365
5897,0.000438,172.217.194.0-255,6438,52302,19,204365
5898,0.00044,172.31.36.0-255,66,52368,19,204365
5899,0.000591,172.217.194.0-255,378,52746,19,204365
5900,0.000596,172.31.36.0-255,66,52812,19,204365
5901,0.000639,172.217.194.0-255,365,53177,19,204365
5902,0.000642,172.31.36.0-255,66,53243,19,204365
5903,0.000703,172.217.194.0-255,1484,54727,19,204365
5904,0.00072,172.217.194.0-255,2902,57629,19,204365
5905,0.000724,172.31.36.0-255,66,57695,19,204365
5906,0.00073,172.217.194.0-255,5738,63433,19,204365
5907,0.000733,172.31.36.0-255,66,63499,19,204365
5908,0.000774,172.31.36.0-255,66,63565,19,204365
5909,0.000781,172.217.194.0-255,7156,70721,19,204365
5910,0.000784,172.31.36.0-255,66,70787,19,204365
5911,0.000817,172.217.194.0-255,3602,74389,19,204365
5912,0.000821,172.31.36.0-255,66,74455,19,204365
5913,0.001057,172.217.194.0-255,1484,75939,19,204365
5914,0.001064,172.217.194.0-255,2902,78841,19,204365
5915,0.001067,172.31.36.0-255,66,78907,19,204365
5916,0.001071,172.217.194.0-255,1484,80391,19,204365
5917,0.001101,172.217.194.0-255,4320,84711,19,204365
5918,0.001103,172.31.36.0-255,66,84777,19,204365
5919,0.001122,172.31.36.0-255,66,84843,19,204365
5920,0.001132,172.217.194.0-255,10692,95535,19,204365
5921,0.001134,172.31.36.0-255,66,95601,19,204365
5922,0.001214,172.217.194.0-255,1484,97085,19,204365
5923,0.001229,172.217.194.0-255,2902,99987,19,204365
5924,0.001232,172.31.36.0-255,66,100053,19,204365
5925,0.001239,172.217.194.0-255,5738,105791,19,204365
5926,0.001241,172.31.36.0-255,66,105857,19,204365
5927,0.001284,172.31.36.0-255,66,105923,19,204365
5928,0.001294,172.217.194.0-255,10692,116615,19,204365
5929,0.001297,172.31.36.0-255,66,116681,19,204365
5930,0.001386,172.31.36.0-255,66,116747,19,204365
5931,0.001405,172.31.36.0-255,66,116813,19,204365
5932,0.001429,172.217.194.0-255,1484,118297,19,204365
5933,0.001433,172.217.194.0-255,2902,121199,19,204365
5934,0.001435,172.31.36.0-255,66,121265,19,204365
5935,0.001439,172.217.194.0-255,1484,122749,19,204365
5936,0.001464,172.217.194.0-255,4320,127069,19,204365
5937,0.001468,172.31.36.0-255,66,127135,19,204365
5938,0.001476,172.217.194.0-255,8574,135709,19,204365
5939,0.001479,172.31.36.0-255,66,135775,19,204365
5940,0.00151,172.217.194.0-255,4320,140095,19,204365
5941,0.00152,172.217.194.0-255,10692,150787,19,204365
5942,0.001524,172.31.36.0-255,66,150853,19,204365
5943,0.001527,172.31.36.0-255,66,150919,19,204365
5944,0.001562,172.217.194.0-255,1484,152403,19,204365
5945,0.001568,172.217.194.0-255,2902,155305,19,204365
5946,0.001571,172.31.36.0-255,66,155371,19,204365
5947,0.001596,172.217.194.0-255,5738,161109,19,204365
5948,0.001599,172.31.36.0-255,66,161175,19,204365
5949,0.001665,172.217.194.0-255,10692,171867,19,204365
5950,0.001677,172.31.36.0-255,66,171933,19,204365
5951,0.001738,172.217.194.0-255,1484,173417,19,204365
5952,0.001741,172.217.194.0-255,1484,174901,19,204365
5953,0.001744,172.217.194.0-255,1484,176385,19,204365
5954,0.001837,172.217.194.0-255,4320,180705,19,204365
5955,0.001852,172.217.194.0-255,2902,183607,19,204365
5956,0.001856,172.217.194.0-255,2902,186509,19,204365
5957,0.001874,172.217.194.0-255,5738,192247,19,204365
5958,0.001939,172.217.194.0-255,3602,195849,19,204365
5959,0.001965,172.217.194.0-255,7382,203231,19,204365
5960,0.001994,172.217.194.0-255,105,203336,19,204365
5961,0.006431,172.31.36.0-255,66,203402,19,204365
5962,0.006435,172.31.36.0-255,66,203468,19,204365
5963,0.00644,172.31.36.0-255,66,203534,19,204365
5964,0.006444,172.31.36.0-255,66,203600,19,204365
5965,0.006476,172.31.36.0-255,66,203666,19,204365
5966,0.006478,172.31.36.0-255,66,203732,19,204365
5967,0.006479,172.31.36.0-255,66,203798,19,204365
5968,0.00648,172.31.36.0-255,66,203864,19,204365
5969,0.006481,172.31.36.0-255,66,203930,19,204365
5970,0.006482,172.31.36.0-255,66,203996,19,204365
5971,0.006483,172.31.36.0-255,66,204062,19,204365
5972,0.006484,172.31.36.0-255,66,204128,19,204365
5973,0.006498,172.31.36.0-255,66,204194,19,204365
5974,0.009054,172.31.36.0-255,66,204260,19,204365
5975,0.009091,172.31.36.0-255,105,204365,19,204365
5976,0.0,74.125.200.0-255,219,219,19,152095
5977,3.2e-05,172.31.36.0-255,66,285,19,152095
5978,3.9e-05,74.125.200.0-255,1484,1769,19,152095
5979,4.3e-05,172.31.36.0-255,66,1835,19,152095
5980,4.9e-05,74.125.200.0-255,4320,6155,19,152095
5981,5.2e-05,172.31.36.0-255,66,6221,19,152095
5982,8.4e-05,74.125.200.0-255,7561,13782,19,152095
5983,9e-05,172.31.36.0-255,66,13848,19,152095
5984,0.00027,74.125.200.0-255,1484,15332,19,152095
5985,0.000275,172.31.36.0-255,66,15398,19,152095
5986,0.00028,74.125.200.0-255,2902,18300,19,152095
5987,0.000283,172.31.36.0-255,66,18366,19,152095
5988,0.000313,74.125.200.0-255,5738,24104,19,152095
5989,0.000317,74.125.200.0-255,2902,27006,19,152095
5990,0.000318,172.31.36.0-255,66,27072,19,152095
5991,0.000322,172.31.36.0-255,66,27138,19,152095
5992,0.000339,74.125.200.0-255,3961,31099,19,152095
5993,0.000342,172.31.36.0-255,66,31165,19,152095
5994,0.000501,74.125.200.0-255,1484,32649,19,152095
5995,0.000505,172.31.36.0-255,66,32715,19,152095
5996,0.000526,74.125.200.0-255,1484,34199,19,152095
5997,0.000529,172.31.36.0-255,66,34265,19,152095
5998,0.000534,74.125.200.0-255,2902,37167,19,152095
5999,0.000537,172.31.36.0-255,66,37233,19,152095
6000,0.000564,74.125.200.0-255,5738,42971,19,152095
6001,0.000568,172.31.36.0-255,66,43037,19,152095
6002,0.000571,74.125.200.0-255,1484,44521,19,152095
6003,0.000573,172.31.36.0-255,66,44587,19,152095
6004,0.000579,74.125.200.0-255,2902,47489,19,152095
6005,0.000582,172.31.36.0-255,66,47555,19,152095
6006,0.000625,74.125.200.0-255,4320,51875,19,152095
6007,0.000628,172.31.36.0-255,66,51941,19,152095
6008,0.000642,74.125.200.0-255,1125,53066,19,152095
6009,0.000648,74.125.200.0-255,5738,58804,19,152095
6010,0.000651,172.31.36.0-255,66,58870,19,152095
6011,0.000675,74.125.200.0-255,1484,60354,19,152095
6012,0.00069,74.125.200.0-255,5658,66012,19,152095
6013,0.000693,172.31.36.0-255,66,66078,19,152095
6014,0.000774,74.125.200.0-255,129,66207,19,152095
6015,0.000835,172.31.36.0-255,66,66273,19,152095
6016,0.001067,74.125.200.0-255,1484,67757,19,152095
6017,0.001094,74.125.200.0-255,2902,70659,19,152095
6018,0.001098,172.31.36.0-255,66,70725,19,152095
6019,0.001104,74.125.200.0-255,2902,73627,19,152095
6020,0.001106,172.31.36.0-255,66,73693,19,152095
6021,0.001119,74.125.200.0-255,1484,75177,19,152095
6022,0.001127,74.125.200.0-255,8574,83751,19,152095
6023,0.00113,172.31.36.0-255,66,83817,19,152095
6024,0.001155,74.125.200.0-255,7156,90973,19,152095
6025,0.001158,172.31.36.0-255,66,91039,19,152095
6026,0.001166,74.125.200.0-255,8574,99613,19,152095
6027,0.001168,172.31.36.0-255,66,99679,19,152095
6028,0.00117,74.125.200.0-255,766,100445,19,152095
6029,0.001468,172.31.36.0-255,66,100511,19,152095
6030,0.002104,74.125.200.0-255,1484,101995,19,152095
6031,0.002115,74.125.200.0-255,2902,104897,19,152095
6032,0.002119,172.31.36.0-255,66,104963,19,152095
6033,0.002126,74.125.200.0-255,5738,110701,19,152095
6034,0.002129,172.31.36.0-255,66,110767,19,152095
6035,0.002159,74.125.200.0-255,8574,119341,19,152095
6036,0.002163,172.31.36.0-255,66,119407,19,152095
6037,0.002195,74.125.200.0-255,9992,129399,19,152095
6038,0.002199,172.31.36.0-255,66,129465,19,152095
6039,0.002204,74.125.200.0-255,1484,130949,19,152095
6040,0.002225,74.125.200.0-255,3602,134551,19,152095
6041,0.002228,172.31.36.0-255,66,134617,19,152095
6042,0.004494,74.125.200.0-255,5738,140355,19,152095
6043,0.004499,172.31.36.0-255,66,140421,19,152095
6044,0.006777,74.125.200.0-255,5738,146159,19,152095
6045,0.006782,172.31.36.0-255,66,146225,19,152095
6046,0.009062,74.125.200.0-255,4320,150545,19,152095
6047,0.009069,172.31.36.0-255,66,150611,19,152095
6048,0.009091,74.125.200.0-255,1484,152095,19,152095
6049,0.0,74.125.68.0-255,154,154,19,145478
6050,1.9e-05,172.31.36.0-255,66,220,19,145478
6051,2.5e-05,74.125.68.0-255,1484,1704,19,145478
6052,2.9e-05,172.31.36.0-255,66,1770,19,145478
6053,3.4e-05,74.125.68.0-255,2902,4672,19,145478
6054,3.7e-05,172.31.36.0-255,66,4738,19,145478
6055,4.8e-05,74.125.68.0-255,1484,6222,19,145478
6056,5e-05,172.31.36.0-255,66,6288,19,145478
6057,7.4e-05,74.125.68.0-255,2902,9190,19,145478
6058,7.7e-05,172.31.36.0-255,66,9256,19,145478
6059,0.000107,74.125.68.0-255,6267,15523,19,145478
6060,0.00011,172.31.36.0-255,66,15589,19,145478
6061,0.000166,74.125.68.0-255,2902,18491,19,145478
6062,0.00017,172.31.36.0-255,66,18557,19,145478
6063,0.000197,74.125.68.0-255,7156,25713,19,145478
6064,0.000201,172.31.36.0-255,66,25779,19,145478
6065,0.000217,74.125.68.0-255,4320,30099,19,145478
6066,0.00022,172.31.36.0-255,66,30165,19,145478
6067,0.00032,74.125.68.0-255,1125,31290,19,145478
6068,0.000324,172.31.36.0-255,66,31356,19,145478
6069,0.000342,74.125.68.0-255,1484,32840,19,145478
6070,0.000345,172.31.36.0-255,66,32906,19,145478
6071,0.000348,74.125.68.0-255,1484,34390,19,145478
6072,0.00035,172.31.36.0-255,66,34456,19,145478
6073,0.000372,74.125.68.0-255,2902,37358,19,145478
6074,0.000379,172.31.36.0-255,66,37424,19,145478
6075,0.000405,74.125.68.0-255,5738,43162,19,145478
6076,0.000408,172.31.36.0-255,66,43228,19,145478
6077,0.000435,74.125.68.0-255,4320,47548,19,145478
6078,0.000438,172.31.36.0-255,66,47614,19,145478
6079,0.000516,74.125.68.0-255,2902,50516,19,145478
6080,0.000519,172.31.36.0-255,66,50582,19,145478
6081,0.000568,172.31.36.0-255,66,50648,19,145478
6082,0.00069,74.125.68.0-255,110,50758,19,145478
6083,0.000696,74.125.68.0-255,334,51092,19,145478
6084,0.000725,74.125.68.0-255,2902,53994,19,145478
6085,0.000749,74.125.68.0-255,1484,55478,19,145478
6086,0.000757,172.31.36.0-255,66,55544,19,145478
6087,0.000769,74.125.68.0-255,2902,58446,19,145478
6088,0.000793,74.125.68.0-255,2902,61348,19,145478
6089,0.000805,74.125.68.0-255,2902,64250,19,145478
6090,0.000826,172.31.36.0-255,66,64316,19,145478
6091,0.000865,74.125.68.0-255,5379,69695,19,145478
6092,0.000886,172.31.36.0-255,66,69761,19,145478
6093,0.000928,74.125.68.0-255,7156,76917,19,145478
6094,0.000934,172.31.36.0-255,66,76983,19,145478
6095,0.000945,74.125.68.0-255,5738,82721,19,145478
6096,0.000958,172.31.36.0-255,66,82787,19,145478
6097,0.001065,74.125.68.0-255,2543,85330,19,145478
6098,0.001082,172.31.36.0-255,66,85396,19,145478
6099,0.001092,74.125.68.0-255,2902,88298,19,145478
6100,0.001112,172.31.36.0-255,66,88364,19,145478
6101,0.001146,74.125.68.0-255,7156,95520,19,145478
6102,0.001169,172.31.36.0-255,66,95586,19,145478
6103,0.001198,74.125.68.0-255,1484,97070,19,145478
6104,0.001258,172.31.36.0-255,66,97136,19,145478
6105,0.001383,74.125.68.0-255,4320,101456,19,145478
6106,0.001395,172.31.36.0-255,66,101522,19,145478
6107,0.001431,74.125.68.0-255,3602,105124,19,145478
6108,0.001438,172.31.36.0-255,66,105190,19,145478
6109,0.001474,74.125.68.0-255,2902,108092,19,145478
6110,0.001482,172.31.36.0-255,66,108158,19,145478
6111,0.001586,172.31.36.0-255,66,108224,19,145478
6112,0.001807,74.125.68.0-255,6438,114662,19,145478
6113,0.00181,172.31.36.0-255,66,114728,19,145478
6114,0.001848,74.125.68.0-255,8574,123302,19,145478
6115,0.001858,172.31.36.0-255,66,123368,19,145478
6116,0.001908,172.31.36.0-255,66,123434,19,145478
6117,0.002244,172.31.36.0-255,66,123500,19,145478
6118,0.00244,172.31.36.0-255,66,123566,19,145478
6119,0.002514,74.125.68.0-255,1466,125032,19,145478
6120,0.002813,172.31.36.0-255,66,125098,19,145478
6121,0.00314,172.31.36.0-255,66,125164,19,145478
6122,0.003209,172.31.36.0-255,66,125230,19,145478
6123,0.003551,74.125.68.0-255,8574,133804,19,145478
6124,0.003557,172.31.36.0-255,66,133870,19,145478
6125,0.003696,172.31.36.0-255,66,133936,19,145478
6126,0.00597,74.125.68.0-255,5738,139674,19,145478
6127,0.005977,172.31.36.0-255,66,139740,19,145478
6128,0.008251,74.125.68.0-255,5738,145478,19,145478
6129,0.0,74.125.24.0-255,152,152,19,133034
6130,3.6e-05,172.31.36.0-255,66,218,19,133034
6131,4.3e-05,74.125.24.0-255,1484,1702,19,133034
6132,4.8e-05,172.31.36.0-255,66,1768,19,133034
6133,6.1e-05,74.125.24.0-255,2902,4670,19,133034
6134,6.4e-05,172.31.36.0-255,66,4736,19,133034
6135,6.7e-05,74.125.24.0-255,1484,6220,19,133034
6136,6.9e-05,172.31.36.0-255,66,6286,19,133034
6137,9.4e-05,74.125.24.0-255,1484,7770,19,133034
6138,9.7e-05,172.31.36.0-255,66,7836,19,133034
6139,0.000129,74.125.24.0-255,6268,14104,19,133034
6140,0.000132,172.31.36.0-255,66,14170,19,133034
6141,0.000739,74.125.24.0-255,1484,15654,19,133034
6142,0.000745,172.31.36.0-255,66,15720,19,133034
6143,0.000777,74.125.24.0-255,1484,17204,19,133034
6144,0.000782,172.31.36.0-255,66,17270,19,133034
6145,0.000809,74.125.24.0-255,1484,18754,19,133034
6146,0.000812,172.31.36.0-255,66,18820,19,133034
6147,0.000817,74.125.24.0-255,2902,21722,19,133034
6148,0.000819,172.31.36.0-255,66,21788,19,133034
6149,0.000855,74.125.24.0-255,4320,26108,19,133034
6150,0.000859,172.31.36.0-255,66,26174,19,133034
6151,0.000918,74.125.24.0-255,5379,31553,19,133034
6152,0.000922,172.31.36.0-255,66,31619,19,133034
6153,0.001002,74.125.24.0-255,5738,37357,19,133034
6154,0.001007,172.31.36.0-255,66,37423,19,133034
6155,0.001085,74.125.24.0-255,4320,41743,19,133034
6156,0.00109,172.31.36.0-255,66,41809,19,133034
6157,0.00111,74.125.24.0-255,6797,48606,19,133034
6158,0.001114,172.31.36.0-255,66,48672,19,133034
6159,0.001357,74.125.24.0-255,1484,50156,19,133034
6160,0.001362,172.31.36.0-255,66,50222,19,133034
6161,0.001368,74.125.24.0-255,2902,53124,19,133034
6162,0.00139,74.125.24.0-255,1484,54608,19,133034
6163,0.001404,74.125.24.0-255,4320,58928,19,133034
6164,0.001481,74.125.24.0-255,2902,61830,19,133034
6165,0.0015,74.125.24.0-255,3961,65791,19,133034
6166,0.001593,74.125.24.0-255,1484,67275,19,133034
6167,0.001628,74.125.24.0-255,2902,70177,19,133034
6168,0.001659,74.125.24.0-255,1484,71661,19,133034
6169,0.001676,74.125.24.0-255,4320,75981,19,133034
6170,0.001777,74.125.24.0-255,4320,80301,19,133034
6171,0.001793,74.125.24.0-255,4320,84621,19,133034
6172,0.001805,74.125.24.0-255,2902,87523,19,133034
6173,0.001821,74.125.24.0-255,1484,89007,19,133034
6174,0.001973,74.125.24.0-255,1484,90491,19,133034
6175,0.001989,74.125.24.0-255,4320,94811,19,133034
6176,0.002011,74.125.24.0-255,5020,99831,19,133034
6177,0.002133,74.125.24.0-255,647,100478,19,133034
6178,0.00216,74.125.24.0-255,2902,103380,19,133034
6179,0.002179,74.125.24.0-255,9992,113372,19,133034
6180,0.002358,74.125.24.0-255,4320,117692,19,133034
6181,0.00244,74.125.24.0-255,2902,120594,19,133034
6182,0.002481,74.125.24.0-255,766,121360,19,133034
6183,0.003504,172.31.36.0-255,66,121426,19,133034
6184,0.006087,74.125.24.0-255,5738,127164,19,133034
6185,0.006098,172.31.36.0-255,66,127230,19,133034
6186,0.008689,74.125.24.0-255,5738,132968,19,133034
6187,0.008697,172.31.36.0-255,66,133034,19,133034
6188,0.0,74.125.24.0-255,153,153,19,224943
6189,2.1e-05,172.31.36.0-255,66,219,19,224943
6190,2.8e-05,74.125.24.0-255,1484,1703,19,224943
6191,3.3e-05,172.31.36.0-255,66,1769,19,224943
6192,3.9e-05,74.125.24.0-255,2902,4671,19,224943
6193,5.1e-05,172.31.36.0-255,66,4737,19,224943
6194,5.5e-05,74.125.24.0-255,2902,7639,19,224943
6195,5.8e-05,172.31.36.0-255,66,7705,19,224943
6196,9.4e-05,74.125.24.0-255,6346,14051,19,224943
6197,9.7e-05,172.31.36.0-255,66,14117,19,224943
6198,0.000179,74.125.24.0-255,1484,15601,19,224943
6199,0.000183,172.31.36.0-255,66,15667,19,224943
6200,0.000188,74.125.24.0-255,2902,18569,19,224943
6201,0.00019,172.31.36.0-255,66,18635,19,224943
6202,0.000193,74.125.24.0-255,1484,20119,19,224943
6203,0.0002,172.31.36.0-255,66,20185,19,224943
6204,0.000229,74.125.24.0-255,4320,24505,19,224943
6205,0.000232,172.31.36.0-255,66,24571,19,224943
6206,0.00024,74.125.24.0-255,6797,31368,19,224943
6207,0.000242,172.31.36.0-255,66,31434,19,224943
6208,0.000409,74.125.24.0-255,1484,32918,19,224943
6209,0.000414,172.31.36.0-255,66,32984,19,224943
6210,0.00042,74.125.24.0-255,2902,35886,19,224943
6211,0.000424,172.31.36.0-255,66,35952,19,224943
6212,0.000451,74.125.24.0-255,1484,37436,19,224943
6213,0.000453,172.31.36.0-255,66,37502,19,224943
6214,0.000471,74.125.24.0-255,4320,41822,19,224943
6215,0.000475,172.31.36.0-255,66,41888,19,224943
6216,0.00048,74.125.24.0-255,4320,46208,19,224943
6217,0.000483,172.31.36.0-255,66,46274,19,224943
6218,0.00053,74.125.24.0-255,9633,55907,19,224943
6219,0.000534,172.31.36.0-255,66,55973,19,224943
6220,0.000543,74.125.24.0-255,9633,65606,19,224943
6221,0.000546,172.31.36.0-255,66,65672,19,224943
6222,0.001006,74.125.24.0-255,389,66061,19,224943
6223,0.001012,172.31.36.0-255,66,66127,19,224943
6224,0.001039,74.125.24.0-255,1484,67611,19,224943
6225,0.001042,172.31.36.0-255,66,67677,19,224943
6226,0.001046,74.125.24.0-255,1484,69161,19,224943
6227,0.001048,172.31.36.0-255,66,69227,19,224943
6228,0.001062,74.125.24.0-255,2902,72129,19,224943
6229,0.001065,172.31.36.0-255,66,72195,19,224943
6230,0.001075,74.125.24.0-255,4320,76515,19,224943
6231,0.001078,172.31.36.0-255,66,76581,19,224943
6232,0.001105,74.125.24.0-255,5738,82319,19,224943
6233,0.001108,172.31.36.0-255,66,82385,19,224943
6234,0.001111,74.125.24.0-255,1484,83869,19,224943
6235,0.001113,172.31.36.0-255,66,83935,19,224943
6236,0.001176,172.31.36.0-255,66,84001,19,224943
6237,0.001404,74.125.24.0-255,1484,85485,19,224943
6238,0.001408,172.31.36.0-255,66,85551,19,224943
6239,0.001438,74.125.24.0-255,2902,88453,19,224943
6240,0.001441,172.31.36.0-255,66,88519,19,224943
6241,0.001448,74.125.24.0-255,5738,94257,19,224943
6242,0.00145,172.31.36.0-255,66,94323,19,224943
6243,0.001453,74.125.24.0-255,1484,95807,19,224943
6244,0.001456,172.31.36.0-255,66,95873,19,224943
6245,0.00147,74.125.24.0-255,4320,100193,19,224943
6246,0.001473,172.31.36.0-255,66,100259,19,224943
6247,0.001488,74.125.24.0-255,1484,101743,19,224943
6248,0.00149,172.31.36.0-255,66,101809,19,224943
6249,0.001532,172.31.36.0-255,66,101875,19,224943
6250,0.00155,74.125.24.0-255,3602,105477,19,224943
6251,0.001553,172.31.36.0-255,66,105543,19,224943
6252,0.001731,74.125.24.0-255,1484,107027,19,224943
6253,0.001753,74.125.24.0-255,2902,109929,19,224943
6254,0.001756,172.31.36.0-255,66,109995,19,224943
6255,0.001764,74.125.24.0-255,5738,115733,19,224943
6256,0.001772,172.31.36.0-255,66,115799,19,224943
6257,0.001786,74.125.24.0-255,2902,118701,19,224943
6258,0.001804,172.31.36.0-255,66,118767,19,224943
6259,0.001819,74.125.24.0-255,9992,128759,19,224943
6260,0.001829,74.125.24.0-255,5738,134497,19,224943
6261,0.00184,74.125.24.0-255,2902,137399,19,224943
6262,0.001845,172.31.36.0-255,66,137465,19,224943
6263,0.001853,74.125.24.0-255,2184,139649,19,224943
6264,0.001879,74.125.24.0-255,5738,145387,19,224943
6265,0.001896,74.125.24.0-255,5738,151125,19,224943
6266,0.001905,172.31.36.0-255,66,151191,19,224943
6267,0.001937,74.125.24.0-255,7156,158347,19,224943
6268,0.001946,74.125.24.0-255,7156,165503,19,224943
6269,0.001958,172.31.36.0-255,66,165569,19,224943
6270,0.001982,74.125.24.0-255,7856,173425,19,224943
6271,0.002005,172.31.36.0-255,66,173491,19,224943
6272,0.002028,74.125.24.0-255,1484,174975,19,224943
6273,0.002034,74.125.24.0-255,2902,177877,19,224943
6274,0.002058,74.125.24.0-255,5738,183615,19,224943
6275,0.002063,172.31.36.0-255,66,183681,19,224943
6276,0.002073,74.125.24.0-255,4320,188001,19,224943
6277,0.002084,172.31.36.0-255,66,188067,19,224943
6278,0.0021,74.125.24.0-255,5738,193805,19,224943
6279,0.002113,74.125.24.0-255,4320,198125,19,224943
6280,0.002127,172.31.36.0-255,66,198191,19,224943
6281,0.002141,74.125.24.0-255,9274,207465,19,224943
6282,0.002152,172.31.36.0-255,66,207531,19,224943
6283,0.004489,74.125.24.0-255,5738,213269,19,224943
6284,0.004496,172.31.36.0-255,66,213335,19,224943
6285,0.006796,74.125.24.0-255,5738,219073,19,224943
6286,0.006799,172.31.36.0-255,66,219139,19,224943
6287,0.009144,74.125.24.0-255,5738,224877,19,224943
6288,0.009151,172.31.36.0-255,66,224943,19,224943
6289,0.0,74.125.68.0-255,152,152,19,193576
6290,2.4e-05,172.31.36.0-255,66,218,19,193576
6291,3.2e-05,74.125.68.0-255,1484,1702,19,193576
6292,3.6e-05,172.31.36.0-255,66,1768,19,193576
6293,4.2e-05,74.125.68.0-255,2902,4670,19,193576
6294,4.5e-05,172.31.36.0-255,66,4736,19,193576
6295,5e-05,74.125.68.0-255,2902,7638,19,193576
6296,5.3e-05,172.31.36.0-255,66,7704,19,193576
6297,7.2e-05,74.125.68.0-255,2902,10606,19,193576
6298,7.5e-05,172.31.36.0-255,66,10672,19,193576
6299,9.7e-05,74.125.68.0-255,1484,12156,19,193576
6300,0.0001,172.31.36.0-255,66,12222,19,193576
6301,0.000122,74.125.68.0-255,2048,14270,19,193576
6302,0.000124,172.31.36.0-255,66,14336,19,193576
6303,0.000245,74.125.68.0-255,1484,15820,19,193576
6304,0.00025,172.31.36.0-255,66,15886,19,193576
6305,0.000256,74.125.68.0-255,2902,18788,19,193576
6306,0.000259,172.31.36.0-255,66,18854,19,193576
6307,0.000279,74.125.68.0-255,5738,24592,19,193576
6308,0.000282,172.31.36.0-255,66,24658,19,193576
6309,0.000287,74.125.68.0-255,2902,27560,19,193576
6310,0.000288,172.31.36.0-255,66,27626,19,193576
6311,0.000308,74.125.68.0-255,2902,30528,19,193576
6312,0.000311,172.31.36.0-255,66,30594,19,193576
6313,0.000335,74.125.68.0-255,2902,33496,19,193576
6314,0.000337,172.31.36.0-255,66,33562,19,193576
6315,0.000361,74.125.68.0-255,3961,37523,19,193576
6316,0.000363,172.31.36.0-255,66,37589,19,193576
6317,0.00037,74.125.68.0-255,5738,43327,19,193576
6318,0.000372,172.31.36.0-255,66,43393,19,193576
6319,0.00041,74.125.68.0-255,2902,46295,19,193576
6320,0.000413,172.31.36.0-255,66,46361,19,193576
6321,0.000432,74.125.68.0-255,2543,48904,19,193576
6322,0.000503,172.31.36.0-255,66,48970,19,193576
6323,0.000957,74.125.68.0-255,1484,50454,19,193576
6324,0.000972,74.125.68.0-255,2902,53356,19,193576
6325,0.000976,172.31.36.0-255,66,53422,19,193576
6326,0.001021,74.125.68.0-255,2902,56324,19,193576
6327,0.00104,172.31.36.0-255,66,56390,19,193576
6328,0.001059,74.125.68.0-255,2902,59292,19,193576
6329,0.001065,172.31.36.0-255,66,59358,19,193576
6330,0.001083,74.125.68.0-255,1484,60842,19,193576
6331,0.001102,74.125.68.0-255,2902,63744,19,193576
6332,0.001106,74.125.68.0-255,2543,66287,19,193576
6333,0.001115,172.31.36.0-255,66,66353,19,193576
6334,0.001138,74.125.68.0-255,645,66998,19,193576
6335,0.001233,172.31.36.0-255,66,67064,19,193576
6336,0.001345,74.125.68.0-255,1484,68548,19,193576
6337,0.001352,74.125.68.0-255,1484,70032,19,193576
6338,0.001369,74.125.68.0-255,2902,72934,19,193576
6339,0.001372,74.125.68.0-255,1484,74418,19,193576
6340,0.00139,74.125.68.0-255,4320,78738,19,193576
6341,0.001418,74.125.68.0-255,6797,85535,19,193576
6342,0.001441,74.125.68.0-255,4320,89855,19,193576
6343,0.001456,74.125.68.0-255,2902,92757,19,193576
6344,0.001461,74.125.68.0-255,2902,95659,19,193576
6345,0.001482,74.125.68.0-255,5379,101038,19,193576
6346,0.001646,74.125.68.0-255,1484,102522,19,193576
6347,0.001666,74.125.68.0-255,2902,105424,19,193576
6348,0.001686,74.125.68.0-255,4320,109744,19,193576
6349,0.001721,74.125.68.0-255,7156,116900,19,193576
6350,0.001733,74.125.68.0-255,1484,118384,19,193576
6351,0.001772,74.125.68.0-255,5738,124122,19,193576
6352,0.001785,74.125.68.0-255,2902,127024,19,193576
6353,0.001821,74.125.68.0-255,6262,133286,19,193576
6354,0.001974,74.125.68.0-255,1484,134770,19,193576
6355,0.001979,74.125.68.0-255,1484,136254,19,193576
6356,0.001993,74.125.68.0-255,1484,137738,19,193576
6357,0.001999,74.125.68.0-255,5738,143476,19,193576
6358,0.002028,74.125.68.0-255,7156,150632,19,193576
6359,0.002052,74.125.68.0-255,8574,159206,19,193576
6360,0.002064,74.125.68.0-255,1484,160690,19,193576
6361,0.002069,74.125.68.0-255,2902,163592,19,193576
6362,0.002117,74.125.68.0-255,3602,167194,19,193576
6363,0.002353,74.125.68.0-255,1484,168678,19,193576
6364,0.002366,74.125.68.0-255,1484,170162,19,193576
6365,0.002391,74.125.68.0-255,2902,173064,19,193576
6366,0.00241,74.125.68.0-255,5738,178802,19,193576
6367,0.002413,74.125.68.0-255,1484,180286,19,193576
6368,0.002425,74.125.68.0-255,1484,181770,19,193576
6369,0.002442,74.125.68.0-255,1484,183254,19,193576
6370,0.002501,74.125.68.0-255,1484,184738,19,193576
6371,0.00254,74.125.68.0-255,1484,186222,19,193576
6372,0.002572,74.125.68.0-255,1484,187706,19,193576
6373,0.006227,172.31.36.0-255,66,187772,19,193576
6374,0.008802,74.125.68.0-255,5738,193510,19,193576
6375,0.00881,172.31.36.0-255,66,193576,19,193576
6376,0.0,74.125.68.0-255,217,217,19,277096
6377,2.4e-05,172.31.36.0-255,66,283,19,277096
6378,3.2e-05,74.125.68.0-255,1484,1767,19,277096
6379,3.6e-05,172.31.36.0-255,66,1833,19,277096
6380,4.2e-05,74.125.68.0-255,2902,4735,19,277096
6381,4.5e-05,172.31.36.0-255,66,4801,19,277096
6382,5.2e-05,74.125.68.0-255,5738,10539,19,277096
6383,5.6e-05,172.31.36.0-255,66,10605,19,277096
6384,7.8e-05,74.125.68.0-255,3286,13891,19,277096
6385,8.1e-05,172.31.36.0-255,66,13957,19,277096
6386,8.6e-05,74.125.68.0-255,4320,18277,19,277096
6387,8.9e-05,172.31.36.0-255,66,18343,19,277096
6388,0.000112,74.125.68.0-255,4320,22663,19,277096
6389,0.000115,172.31.36.0-255,66,22729,19,277096
6390,0.00014,74.125.68.0-255,5738,28467,19,277096
6391,0.000142,172.31.36.0-255,66,28533,19,277096
6392,0.000147,74.125.68.0-255,2543,31076,19,277096
6393,0.000149,172.31.36.0-255,66,31142,19,277096
6394,0.000218,74.125.68.0-255,1484,32626,19,277096
6395,0.000221,172.31.36.0-255,66,32692,19,277096
6396,0.000239,74.125.68.0-255,2902,35594,19,277096
6397,0.000241,172.31.36.0-255,66,35660,19,277096
6398,0.000265,74.125.68.0-255,4320,39980,19,277096
6399,0.000268,172.31.36.0-255,66,40046,19,277096
6400,0.000286,74.125.68.0-255,1484,41530,19,277096
6401,0.000288,172.31.36.0-255,66,41596,19,277096
6402,0.000294,74.125.68.0-255,4320,45916,19,277096
6403,0.000296,172.31.36.0-255,66,45982,19,277096
6404,0.000316,74.125.68.0-255,4320,50302,19,277096
6405,0.000318,172.31.36.0-255,66,50368,19,277096
6406,0.000343,74.125.68.0-255,2902,53270,19,277096
6407,0.000346,172.31.36.0-255,66,53336,19,277096
6408,0.000377,172.31.36.0-255,66,53402,19,277096
6409,0.0004,74.125.68.0-255,358,53760,19,277096
6410,0.000484,74.125.68.0-255,139,53899,19,277096
6411,0.000627,74.125.68.0-255,1484,55383,19,277096
6412,0.000633,172.31.36.0-255,66,55449,19,277096
6413,0.000651,74.125.68.0-255,2902,58351,19,277096
6414,0.000654,172.31.36.0-255,66,58417,19,277096
6415,0.000677,74.125.68.0-255,5738,64155,19,277096
6416,0.000681,172.31.36.0-255,66,64221,19,277096
6417,0.000686,74.125.68.0-255,2902,67123,19,277096
6418,0.000689,172.31.36.0-255,66,67189,19,277096
6419,0.000707,74.125.68.0-255,7156,74345,19,277096
6420,0.000709,172.31.36.0-255,66,74411,19,277096
6421,0.000714,74.125.68.0-255,2902,77313,19,277096
6422,0.000716,172.31.36.0-255,66,77379,19,277096
6423,0.00074,74.125.68.0-255,7156,84535,19,277096
6424,0.000743,172.31.36.0-255,66,84601,19,277096
6425,0.000765,74.125.68.0-255,1484,86085,19,277096
6426,0.000771,74.125.68.0-255,1881,87966,19,277096
6427,0.000774,172.31.36.0-255,66,88032,19,277096
6428,0.000835,74.125.68.0-255,1484,89516,19,277096
6429,0.000853,74.125.68.0-255,2902,92418,19,277096
6430,0.000857,172.31.36.0-255,66,92484,19,277096
6431,0.00088,74.125.68.0-255,4320,96804,19,277096
6432,0.000884,172.31.36.0-255,66,96870,19,277096
6433,0.000902,74.125.68.0-255,1484,98354,19,277096
6434,0.000907,74.125.68.0-255,2902,101256,19,277096
6435,0.00091,172.31.36.0-255,66,101322,19,277096
6436,0.000915,74.125.68.0-255,2902,104224,19,277096
6437,0.000917,172.31.36.0-255,66,104290,19,277096
6438,0.000942,74.125.68.0-255,1484,105774,19,277096
6439,0.000952,74.125.68.0-255,8574,114348,19,277096
6440,0.000955,172.31.36.0-255,66,114414,19,277096
6441,0.000958,74.125.68.0-255,1484,115898,19,277096
6442,0.001005,74.125.68.0-255,4320,120218,19,277096
6443,0.00101,172.31.36.0-255,66,120284,19,277096
6444,0.001019,74.125.68.0-255,2184,122468,19,277096
6445,0.001021,172.31.36.0-255,66,122534,19,277096
6446,0.00116,74.125.68.0-255,1484,124018,19,277096
6447,0.001191,74.125.68.0-255,2902,126920,19,277096
6448,0.001195,74.125.68.0-255,2902,129822,19,277096
6449,0.001199,172.31.36.0-255,66,129888,19,277096
6450,0.001203,172.31.36.0-255,66,129954,19,277096
6451,0.001215,74.125.68.0-255,4320,134274,19,277096
6452,0.001218,172.31.36.0-255,66,134340,19,277096
6453,0.00125,74.125.68.0-255,8574,142914,19,277096
6454,0.001254,172.31.36.0-255,66,142980,19,277096
6455,0.001259,74.125.68.0-255,4320,147300,19,277096
6456,0.001262,172.31.36.0-255,66,147366,19,277096
6457,0.001282,74.125.68.0-255,5738,153104,19,277096
6458,0.001285,172.31.36.0-255,66,153170,19,277096
6459,0.001303,74.125.68.0-255,3602,156772,19,277096
6460,0.001305,172.31.36.0-255,66,156838,19,277096
6461,0.001423,74.125.68.0-255,1484,158322,19,277096
6462,0.001442,74.125.68.0-255,1484,159806,19,277096
6463,0.001446,172.31.36.0-255,66,159872,19,277096
6464,0.001468,74.125.68.0-255,1484,161356,19,277096
6465,0.001474,74.125.68.0-255,4320,165676,19,277096
6466,0.001477,172.31.36.0-255,66,165742,19,277096
6467,0.001545,74.125.68.0-255,8574,174316,19,277096
6468,0.001548,172.31.36.0-255,66,174382,19,277096
6469,0.001553,74.125.68.0-255,4320,178702,19,277096
6470,0.001555,172.31.36.0-255,66,178768,19,277096
6471,0.001562,74.125.68.0-255,5738,184506,19,277096
6472,0.001564,172.31.36.0-255,66,184572,19,277096
6473,0.001571,74.125.68.0-255,6438,191010,19,277096
6474,0.001574,172.31.36.0-255,66,191076,19,277096
6475,0.001642,74.125.68.0-255,1484,192560,19,277096
6476,0.001648,74.125.68.0-255,2902,195462,19,277096
6477,0.001651,172.31.36.0-255,66,195528,19,277096
6478,0.001655,74.125.68.0-255,1484,197012,19,277096
6479,0.001673,74.125.68.0-255,4320,201332,19,277096
6480,0.001676,172.31.36.0-255,66,201398,19,277096
6481,0.001695,74.125.68.0-255,5738,207136,19,277096
6482,0.001698,172.31.36.0-255,66,207202,19,277096
6483,0.001724,74.125.68.0-255,7156,214358,19,277096
6484,0.001727,172.31.36.0-255,66,214424,19,277096
6485,0.001733,74.125.68.0-255,5738,220162,19,277096
6486,0.001735,172.31.36.0-255,66,220228,19,277096
6487,0.00175,74.125.68.0-255,1484,221712,19,277096
6488,0.001768,74.125.68.0-255,3602,225314,19,277096
6489,0.001771,172.31.36.0-255,66,225380,19,277096
6490,0.001853,74.125.68.0-255,1484,226864,19,277096
6491,0.001883,74.125.68.0-255,2902,229766,19,277096
6492,0.001887,172.31.36.0-255,66,229832,19,277096
6493,0.001891,74.125.68.0-255,1484,231316,19,277096
6494,0.001914,74.125.68.0-255,4320,235636,19,277096
6495,0.001916,172.31.36.0-255,66,235702,19,277096
6496,0.001926,74.125.68.0-255,4320,240022,19,277096
6497,0.001929,172.31.36.0-255,66,240088,19,277096
6498,0.001948,74.125.68.0-255,7156,247244,19,277096
6499,0.00195,172.31.36.0-255,66,247310,19,277096
6500,0.001963,74.125.68.0-255,2902,250212,19,277096
6501,0.001966,172.31.36.0-255,66,250278,19,277096
6502,0.001999,74.125.68.0-255,9274,259552,19,277096
6503,0.002002,172.31.36.0-255,66,259618,19,277096
6504,0.002097,74.125.68.0-255,1484,261102,19,277096
6505,0.004097,74.125.68.0-255,4320,265422,19,277096
6506,0.004105,172.31.36.0-255,66,265488,19,277096
6507,0.006196,74.125.68.0-255,5738,271226,19,277096
6508,0.006203,172.31.36.0-255,66,271292,19,277096
6509,0.008287,74.125.68.0-255,5738,277030,19,277096
6510,0.008294,172.31.36.0-255,66,277096,19,277096
6511,0.0,74.125.24.0-255,150,150,19,140270
6512,1.6e-05,172.31.36.0-255,66,216,19,140270
6513,3.4e-05,74.125.24.0-255,1484,1700,19,140270
6514,3.9e-05,172.31.36.0-255,66,1766,19,140270
6515,4.6e-05,74.125.24.0-255,2902,4668,19,140270
6516,4.9e-05,172.31.36.0-255,66,4734,19,140270
6517,5.4e-05,74.125.24.0-255,2902,7636,19,140270
6518,5.7e-05,172.31.36.0-255,66,7702,19,140270
6519,6.6e-05,74.125.24.0-255,6222,13924,19,140270
6520,6.9e-05,172.31.36.0-255,66,13990,19,140270
6521,0.000159,74.125.24.0-255,1484,15474,19,140270
6522,0.000163,172.31.36.0-255,66,15540,19,140270
6523,0.000185,74.125.24.0-255,2902,18442,19,140270
6524,0.000189,172.31.36.0-255,66,18508,19,140270
6525,0.000196,74.125.24.0-255,5738,24246,19,140270
6526,0.000198,172.31.36.0-255,66,24312,19,140270
6527,0.000229,74.125.24.0-255,6797,31109,19,140270
6528,0.000231,172.31.36.0-255,66,31175,19,140270
6529,0.000342,74.125.24.0-255,1484,32659,19,140270
6530,0.000346,172.31.36.0-255,66,32725,19,140270
6531,0.000352,74.125.24.0-255,2902,35627,19,140270
6532,0.000354,172.31.36.0-255,66,35693,19,140270
6533,0.000376,74.125.24.0-255,2902,38595,19,140270
6534,0.000378,172.31.36.0-255,66,38661,19,140270
6535,0.000382,74.125.24.0-255,1484,40145,19,140270
6536,0.000384,172.31.36.0-255,66,40211,19,140270
6537,0.000397,74.125.24.0-255,1484,41695,19,140270
6538,0.000399,172.31.36.0-255,66,41761,19,140270
6539,0.000421,74.125.24.0-255,1484,43245,19,140270
6540,0.000423,172.31.36.0-255,66,43311,19,140270
6541,0.000429,74.125.24.0-255,4320,47631,19,140270
6542,0.000432,172.31.36.0-255,66,47697,19,140270
6543,0.000443,74.125.24.0-255,1125,48822,19,140270
6544,0.000468,74.125.24.0-255,4320,53142,19,140270
6545,0.000481,74.125.24.0-255,1484,54626,19,140270
6546,0.000484,74.125.24.0-255,1484,56110,19,140270
6547,0.000505,74.125.24.0-255,4320,60430,19,140270
6548,0.000508,74.125.24.0-255,1484,61914,19,140270
6549,0.000523,74.125.24.0-255,4294,66208,19,140270
6550,0.000534,74.125.24.0-255,108,66316,19,140270
6551,0.000566,172.31.36.0-255,66,66382,19,140270
6552,0.000764,74.125.24.0-255,334,66716,19,140270
6553,0.001121,172.31.36.0-255,66,66782,19,140270
6554,0.001262,74.125.24.0-255,1484,68266,19,140270
6555,0.001272,74.125.24.0-255,2902,71168,19,140270
6556,0.001276,74.125.24.0-255,2902,74070,19,140270
6557,0.001295,74.125.24.0-255,2902,76972,19,140270
6558,0.001318,74.125.24.0-255,8574,85546,19,140270
6559,0.001336,74.125.24.0-255,4320,89866,19,140270
6560,0.001368,74.125.24.0-255,5738,95604,19,140270
6561,0.001382,74.125.24.0-255,5020,100624,19,140270
6562,0.001633,74.125.24.0-255,1484,102108,19,140270
6563,0.001641,74.125.24.0-255,2902,105010,19,140270
6564,0.00166,74.125.24.0-255,5738,110748,19,140270
6565,0.001676,74.125.24.0-255,4320,115068,19,140270
6566,0.001693,74.125.24.0-255,8574,123642,19,140270
6567,0.0017,74.125.24.0-255,7156,130798,19,140270
6568,0.001739,74.125.24.0-255,3602,134400,19,140270
6569,0.006737,172.31.36.0-255,66,134466,19,140270
6570,0.008803,74.125.24.0-255,5738,140204,19,140270
6571,0.008811,172.31.36.0-255,66,140270,19,140270
6572,0.0,74.125.130.0-255,151,151,19,218078
6573,1.6e-05,172.31.36.0-255,66,217,19,218078
6574,2.4e-05,74.125.130.0-255,1484,1701,19,218078
6575,2.9e-05,172.31.36.0-255,66,1767,19,218078
6576,4.2e-05,74.125.130.0-255,2902,4669,19,218078
6577,4.7e-05,172.31.36.0-255,66,4735,19,218078
6578,5.3e-05,74.125.130.0-255,4320,9055,19,218078
6579,5.7e-05,172.31.36.0-255,66,9121,19,218078
6580,8.4e-05,74.125.130.0-255,4924,14045,19,218078
6581,9.2e-05,172.31.36.0-255,66,14111,19,218078
6582,0.000194,74.125.130.0-255,1484,15595,19,218078
6583,0.000199,172.31.36.0-255,66,15661,19,218078
6584,0.000228,74.125.130.0-255,2902,18563,19,218078
6585,0.00023,172.31.36.0-255,66,18629,19,218078
6586,0.000236,74.125.130.0-255,4320,22949,19,218078
6587,0.000239,172.31.36.0-255,66,23015,19,218078
6588,0.000269,74.125.130.0-255,1484,24499,19,218078
6589,0.000272,172.31.36.0-255,66,24565,19,218078
6590,0.00028,74.125.130.0-255,6797,31362,19,218078
6591,0.000282,172.31.36.0-255,66,31428,19,218078
6592,0.000289,74.125.130.0-255,1484,32912,19,218078
6593,0.000291,172.31.36.0-255,66,32978,19,218078
6594,0.000296,74.125.130.0-255,2902,35880,19,218078
6595,0.000298,172.31.36.0-255,66,35946,19,218078
6596,0.000305,74.125.130.0-255,5738,41684,19,218078
6597,0.000307,172.31.36.0-255,66,41750,19,218078
6598,0.000337,74.125.130.0-255,6797,48547,19,218078
6599,0.00034,172.31.36.0-255,66,48613,19,218078
6600,0.000373,74.125.130.0-255,2902,51515,19,218078
6601,0.000376,172.31.36.0-255,66,51581,19,218078
6602,0.000379,74.125.130.0-255,1484,53065,19,218078
6603,0.000381,172.31.36.0-255,66,53131,19,218078
6604,0.000405,74.125.130.0-255,2902,56033,19,218078
6605,0.000408,172.31.36.0-255,66,56099,19,218078
6606,0.000417,74.125.130.0-255,8574,64673,19,218078
6607,0.000419,172.31.36.0-255,66,64739,19,218078
6608,0.000422,74.125.130.0-255,1125,65864,19,218078
6609,0.000445,74.125.130.0-255,346,66210,19,218078
6610,0.000558,74.125.130.0-255,398,66608,19,218078
6611,0.000561,172.31.36.0-255,66,66674,19,218078
6612,0.000694,74.125.130.0-255,1484,68158,19,218078
6613,0.0007,74.125.130.0-255,2902,71060,19,218078
6614,0.000703,172.31.36.0-255,66,71126,19,218078
6615,0.000723,74.125.130.0-255,5738,76864,19,218078
6616,0.000726,172.31.36.0-255,66,76930,19,218078
6617,0.000734,74.125.130.0-255,6797,83727,19,218078
6618,0.000737,172.31.36.0-255,66,83793,19,218078
6619,0.000778,74.125.130.0-255,7156,90949,19,218078
6620,0.000781,172.31.36.0-255,66,91015,19,218078
6621,0.000787,74.125.130.0-255,4320,95335,19,218078
6622,0.000789,172.31.36.0-255,66,95401,19,218078
6623,0.000821,74.125.130.0-255,5379,100780,19,218078
6624,0.000824,172.31.36.0-255,66,100846,19,218078
6625,0.001215,74.125.130.0-255,1484,102330,19,218078
6626,0.001231,74.125.130.0-255,2902,105232,19,218078
6627,0.001234,172.31.36.0-255,66,105298,19,218078
6628,0.001238,74.125.130.0-255,1484,106782,19,218078
6629,0.001241,74.125.130.0-255,1484,108266,19,218078
6630,0.001243,172.31.36.0-255,66,108332,19,218078
6631,0.001262,74.125.130.0-255,1484,109816,19,218078
6632,0.001268,74.125.130.0-255,5738,115554,19,218078
6633,0.001285,172.31.36.0-255,66,115620,19,218078
6634,0.001317,172.31.36.0-255,66,115686,19,218078
6635,0.001325,74.125.130.0-255,6438,122124,19,218078
6636,0.001327,172.31.36.0-255,66,122190,19,218078
6637,0.001368,74.125.130.0-255,1484,123674,19,218078
6638,0.001389,74.125.130.0-255,2902,126576,19,218078
6639,0.001392,172.31.36.0-255,66,126642,19,218078
6640,0.001399,74.125.130.0-255,5738,132380,19,218078
6641,0.001401,172.31.36.0-255,66,132446,19,218078
6642,0.001411,74.125.130.0-255,4320,136766,19,218078
6643,0.001413,172.31.36.0-255,66,136832,19,218078
6644,0.001456,172.31.36.0-255,66,136898,19,218078
6645,0.001459,74.125.130.0-255,1484,138382,19,218078
6646,0.001487,74.125.130.0-255,6438,144820,19,218078
6647,0.001492,172.31.36.0-255,66,144886,19,218078
6648,0.001556,74.125.130.0-255,1484,146370,19,218078
6649,0.00157,74.125.130.0-255,2902,149272,19,218078
6650,0.001573,172.31.36.0-255,66,149338,19,218078
6651,0.00163,74.125.130.0-255,5738,155076,19,218078
6652,0.001633,172.31.36.0-255,66,155142,19,218078
6653,0.001641,74.125.130.0-255,7156,162298,19,218078
6654,0.001644,172.31.36.0-255,66,162364,19,218078
6655,0.001656,74.125.130.0-255,8574,170938,19,218078
6656,0.001658,172.31.36.0-255,66,171004,19,218078
6657,0.001664,74.125.130.0-255,5738,176742,19,218078
6658,0.001667,172.31.36.0-255,66,176808,19,218078
6659,0.001696,74.125.130.0-255,2184,178992,19,218078
6660,0.001699,172.31.36.0-255,66,179058,19,218078
6661,0.001864,74.125.130.0-255,1484,180542,19,218078
6662,0.001871,74.125.130.0-255,2902,183444,19,218078
6663,0.001874,172.31.36.0-255,66,183510,19,218078
6664,0.001881,74.125.130.0-255,5738,189248,19,218078
6665,0.001884,172.31.36.0-255,66,189314,19,218078
6666,0.001922,172.31.36.0-255,66,189380,19,218078
6667,0.00193,74.125.130.0-255,8574,197954,19,218078
6668,0.001933,172.31.36.0-255,66,198020,19,218078
6669,0.001968,74.125.130.0-255,2184,200204,19,218078
6670,0.001971,172.31.36.0-255,66,200270,19,218078
6671,0.003955,74.125.130.0-255,2902,203172,19,218078
6672,0.003963,172.31.36.0-255,66,203238,19,218078
6673,0.003983,74.125.130.0-255,2902,206140,19,218078
6674,0.003985,172.31.36.0-255,66,206206,19,218078
6675,0.005969,74.125.130.0-255,2902,209108,19,218078
6676,0.005973,172.31.36.0-255,66,209174,19,218078
6677,0.006003,74.125.130.0-255,2902,212076,19,218078
6678,0.006005,172.31.36.0-255,66,212142,19,218078
6679,0.007979,74.125.130.0-255,2902,215044,19,218078
6680,0.007982,172.31.36.0-255,66,215110,19,218078
6681,0.008005,74.125.130.0-255,2902,218012,19,218078
6682,0.008008,172.31.36.0-255,66,218078,19,218078
6683,0.0,172.217.194.0-255,153,153,19,312345
6684,3e-05,172.31.36.0-255,66,219,19,312345
6685,3.7e-05,172.217.194.0-255,1484,1703,19,312345
6686,4.3e-05,172.31.36.0-255,66,1769,19,312345
6687,4.8e-05,172.217.194.0-255,2902,4671,19,312345
6688,6e-05,172.31.36.0-255,66,4737,19,312345
6689,6.7e-05,172.217.194.0-255,5738,10475,19,312345
6690,7.1e-05,172.31.36.0-255,66,10541,19,312345
6691,0.00012,172.217.194.0-255,3446,13987,19,312345
6692,0.000125,172.31.36.0-255,66,14053,19,312345
6693,0.000131,172.217.194.0-255,4320,18373,19,312345
6694,0.000133,172.31.36.0-255,66,18439,19,312345
6695,0.000141,172.217.194.0-255,9992,28431,19,312345
6696,0.000143,172.31.36.0-255,66,28497,19,312345
6697,0.000148,172.217.194.0-255,2543,31040,19,312345
6698,0.00015,172.31.36.0-255,66,31106,19,312345
6699,0.000266,172.217.194.0-255,1484,32590,19,312345
6700,0.000271,172.31.36.0-255,66,32656,19,312345
6701,0.000276,172.217.194.0-255,2902,35558,19,312345
6702,0.000279,172.31.36.0-255,66,35624,19,312345
6703,0.000303,172.217.194.0-255,5738,41362,19,312345
6704,0.000313,172.31.36.0-255,66,41428,19,312345
6705,0.000332,172.217.194.0-255,4320,45748,19,312345
6706,0.000335,172.31.36.0-255,66,45814,19,312345
6707,0.000369,172.217.194.0-255,9633,55447,19,312345
6708,0.000373,172.31.36.0-255,66,55513,19,312345
6709,0.00038,172.217.194.0-255,5738,61251,19,312345
6710,0.000382,172.31.36.0-255,66,61317,19,312345
6711,0.00041,172.217.194.0-255,4285,65602,19,312345
6712,0.000414,172.31.36.0-255,66,65668,19,312345
6713,0.000417,172.217.194.0-255,364,66032,19,312345
6714,0.00042,172.31.36.0-255,66,66098,19,312345
6715,0.000511,172.217.194.0-255,1484,67582,19,312345
6716,0.000517,172.217.194.0-255,2902,70484,19,312345
6717,0.00052,172.31.36.0-255,66,70550,19,312345
6718,0.000525,172.217.194.0-255,2902,73452,19,312345
6719,0.000527,172.31.36.0-255,66,73518,19,312345
6720,0.000556,172.217.194.0-255,2902,76420,19,312345
6721,0.000565,172.31.36.0-255,66,76486,19,312345
6722,0.000573,172.217.194.0-255,5738,82224,19,312345
6723,0.000575,172.31.36.0-255,66,82290,19,312345
6724,0.000589,172.31.36.0-255,66,82356,19,312345
6725,0.000592,172.217.194.0-255,1484,83840,19,312345
6726,0.000621,172.217.194.0-255,3602,87442,19,312345
6727,0.000624,172.31.36.0-255,66,87508,19,312345
6728,0.000824,172.217.194.0-255,1484,88992,19,312345
6729,0.00083,172.217.194.0-255,2902,91894,19,312345
6730,0.000833,172.31.36.0-255,66,91960,19,312345
6731,0.000839,172.217.194.0-255,5738,97698,19,312345
6732,0.000841,172.31.36.0-255,66,97764,19,312345
6733,0.000854,172.217.194.0-255,5738,103502,19,312345
6734,0.000857,172.31.36.0-255,66,103568,19,312345
6735,0.000868,172.217.194.0-255,1484,105052,19,312345
6736,0.000906,172.31.36.0-255,66,105118,19,312345
6737,0.000912,172.217.194.0-255,5020,110138,19,312345
6738,0.000914,172.31.36.0-255,66,110204,19,312345
6739,0.001003,172.217.194.0-255,1484,111688,19,312345
6740,0.001008,172.217.194.0-255,2902,114590,19,312345
6741,0.001012,172.31.36.0-255,66,114656,19,312345
6742,0.001042,172.217.194.0-255,5738,120394,19,312345
6743,0.001045,172.31.36.0-255,66,120460,19,312345
6744,0.001054,172.217.194.0-255,8574,129034,19,312345
6745,0.001056,172.31.36.0-255,66,129100,19,312345
6746,0.001087,172.217.194.0-255,4320,133420,19,312345
6747,0.00109,172.31.36.0-255,66,133486,19,312345
6748,0.001098,172.217.194.0-255,8574,142060,19,312345
6749,0.001106,172.31.36.0-255,66,142126,19,312345
6750,0.00111,172.217.194.0-255,2184,144310,19,312345
6751,0.001112,172.31.36.0-255,66,144376,19,312345
6752,0.001138,172.217.194.0-255,2902,147278,19,312345
6753,0.001141,172.31.36.0-255,66,147344,19,312345
6754,0.001149,172.217.194.0-255,7156,154500,19,312345
6755,0.001151,172.31.36.0-255,66,154566,19,312345
6756,0.001186,172.31.36.0-255,66,154632,19,312345
6757,0.001247,172.217.194.0-255,9274,163906,19,312345
6758,0.00125,172.31.36.0-255,66,163972,19,312345
6759,0.001865,172.217.194.0-255,1484,165456,19,312345
6760,0.001884,172.217.194.0-255,2902,168358,19,312345
6761,0.001889,172.217.194.0-255,4320,172678,19,312345
6762,0.00189,172.31.36.0-255,66,172744,19,312345
6763,0.001894,172.31.36.0-255,66,172810,19,312345
6764,0.001903,172.217.194.0-255,1484,174294,19,312345
6765,0.001915,172.217.194.0-255,5738,180032,19,312345
6766,0.001918,172.31.36.0-255,66,180098,19,312345
6767,0.001957,172.217.194.0-255,7156,187254,19,312345
6768,0.00196,172.31.36.0-255,66,187320,19,312345
6769,0.001969,172.217.194.0-255,8574,195894,19,312345
6770,0.001972,172.31.36.0-255,66,195960,19,312345
6771,0.001975,172.217.194.0-255,2184,198144,19,312345
6772,0.001977,172.31.36.0-255,66,198210,19,312345
6773,0.002081,172.217.194.0-255,1484,199694,19,312345
6774,0.002086,172.217.194.0-255,2902,202596,19,312345
6775,0.002089,172.31.36.0-255,66,202662,19,312345
6776,0.002118,172.217.194.0-255,5738,208400,19,312345
6777,0.002121,172.31.36.0-255,66,208466,19,312345
6778,0.002127,172.217.194.0-255,5738,214204,19,312345
6779,0.002129,172.31.36.0-255,66,214270,19,312345
6780,0.002199,172.217.194.0-255,7156,221426,19,312345
6781,0.002203,172.31.36.0-255,66,221492,19,312345
6782,0.002212,172.217.194.0-255,8574,230066,19,312345
6783,0.002214,172.31.36.0-255,66,230132,19,312345
6784,0.002218,172.217.194.0-255,2184,232316,19,312345
6785,0.002219,172.31.36.0-255,66,232382,19,312345
6786,0.002253,172.217.194.0-255,2902,235284,19,312345
6787,0.002257,172.31.36.0-255,66,235350,19,312345
6788,0.00226,172.217.194.0-255,1484,236834,19,312345
6789,0.002266,172.217.194.0-255,5738,242572,19,312345
6790,0.002268,172.31.36.0-255,66,242638,19,312345
6791,0.002276,172.217.194.0-255,8574,251212,19,312345
6792,0.002279,172.31.36.0-255,66,251278,19,312345
6793,0.002314,172.217.194.0-255,4320,255598,19,312345
6794,0.002317,172.31.36.0-255,66,255664,19,312345
6795,0.002327,172.217.194.0-255,10692,266356,19,312345
6796,0.002329,172.31.36.0-255,66,266422,19,312345
6797,0.002366,172.31.36.0-255,66,266488,19,312345
6798,0.002375,172.217.194.0-255,7156,273644,19,312345
6799,0.002377,172.31.36.0-255,66,273710,19,312345
6800,0.002414,172.217.194.0-255,5738,279448,19,312345
6801,0.002418,172.31.36.0-255,66,279514,19,312345
6802,0.002427,172.217.194.0-255,9274,288788,19,312345
6803,0.00243,172.31.36.0-255,66,288854,19,312345
6804,0.002436,172.217.194.0-255,4320,293174,19,312345
6805,0.002438,172.31.36.0-255,66,293240,19,312345
6806,0.002482,172.31.36.0-255,66,293306,19,312345
6807,0.002491,172.217.194.0-255,9274,302580,19,312345
6808,0.002493,172.31.36.0-255,66,302646,19,312345
6809,0.002579,172.31.36.0-255,66,302712,19,312345
6810,0.002606,172.217.194.0-255,1484,304196,19,312345
6811,0.002615,172.217.194.0-255,7807,312003,19,312345
6812,0.002618,172.31.36.0-255,66,312069,19,312345
6813,0.005083,172.217.194.0-255,105,312174,19,312345
6814,0.007659,172.31.36.0-255,66,312240,19,312345
6815,0.007685,172.31.36.0-255,105,312345,19,312345
6816,0.0,74.125.24.0-255,153,153,19,276263
6817,2.7e-05,172.31.36.0-255,66,219,19,276263
6818,3.5e-05,74.125.24.0-255,1484,1703,19,276263
6819,4e-05,172.31.36.0-255,66,1769,19,276263
6820,4.5e-05,74.125.24.0-255,2902,4671,19,276263
6821,4.8e-05,172.31.36.0-255,66,4737,19,276263
6822,5.5e-05,74.125.24.0-255,7156,11893,19,276263
6823,5.8e-05,172.31.36.0-255,66,11959,19,276263
6824,8e-05,74.125.24.0-255,2081,14040,19,276263
6825,8.3e-05,172.31.36.0-255,66,14106,19,276263
6826,0.000111,74.125.24.0-255,1484,15590,19,276263
6827,0.000113,172.31.36.0-255,66,15656,19,276263
6828,0.000119,74.125.24.0-255,2902,18558,19,276263
6829,0.000121,172.31.36.0-255,66,18624,19,276263
6830,0.000124,74.125.24.0-255,1484,20108,19,276263
6831,0.000126,172.31.36.0-255,66,20174,19,276263
6832,0.000145,74.125.24.0-255,4320,24494,19,276263
6833,0.000148,172.31.36.0-255,66,24560,19,276263
6834,0.000166,74.125.24.0-255,4320,28880,19,276263
6835,0.000168,172.31.36.0-255,66,28946,19,276263
6836,0.000189,74.125.24.0-255,2543,31489,19,276263
6837,0.000191,172.31.36.0-255,66,31555,19,276263
6838,0.000287,74.125.24.0-255,1484,33039,19,276263
6839,0.000292,172.31.36.0-255,66,33105,19,276263
6840,0.000296,74.125.24.0-255,2902,36007,19,276263
6841,0.000299,172.31.36.0-255,66,36073,19,276263
6842,0.000305,74.125.24.0-255,5738,41811,19,276263
6843,0.000308,172.31.36.0-255,66,41877,19,276263
6844,0.000339,74.125.24.0-255,6797,48674,19,276263
6845,0.000343,172.31.36.0-255,66,48740,19,276263
6846,0.000348,74.125.24.0-255,4320,53060,19,276263
6847,0.00035,172.31.36.0-255,66,53126,19,276263
6848,0.000374,74.125.24.0-255,9992,63118,19,276263
6849,0.000377,172.31.36.0-255,66,63184,19,276263
6850,0.000382,74.125.24.0-255,2844,66028,19,276263
6851,0.000384,172.31.36.0-255,66,66094,19,276263
6852,0.000432,74.125.24.0-255,131,66225,19,276263
6853,0.000435,172.31.36.0-255,66,66291,19,276263
6854,0.0005,74.125.24.0-255,342,66633,19,276263
6855,0.000504,172.31.36.0-255,66,66699,19,276263
6856,0.000891,74.125.24.0-255,1484,68183,19,276263
6857,0.000896,172.31.36.0-255,66,68249,19,276263
6858,0.000905,74.125.24.0-255,2902,71151,19,276263
6859,0.000907,172.31.36.0-255,66,71217,19,276263
6860,0.000914,74.125.24.0-255,5738,76955,19,276263
6861,0.000916,172.31.36.0-255,66,77021,19,276263
6862,0.000969,172.31.36.0-255,66,77087,19,276263
6863,0.000983,172.31.36.0-255,66,77153,19,276263
6864,0.001187,74.125.24.0-255,1484,78637,19,276263
6865,0.001195,74.125.24.0-255,2902,81539,19,276263
6866,0.001199,172.31.36.0-255,66,81605,19,276263
6867,0.001203,74.125.24.0-255,1484,83089,19,276263
6868,0.001221,74.125.24.0-255,4320,87409,19,276263
6869,0.001224,172.31.36.0-255,66,87475,19,276263
6870,0.001236,172.31.36.0-255,66,87541,19,276263
6871,0.001243,74.125.24.0-255,5738,93279,19,276263
6872,0.001246,172.31.36.0-255,66,93345,19,276263
6873,0.001263,74.125.24.0-255,4320,97665,19,276263
6874,0.001267,172.31.36.0-255,66,97731,19,276263
6875,0.001278,74.125.24.0-255,766,98497,19,276263
6876,0.0018,74.125.24.0-255,1484,99981,19,276263
6877,0.001805,74.125.24.0-255,1484,101465,19,276263
6878,0.001818,74.125.24.0-255,1484,102949,19,276263
6879,0.001824,74.125.24.0-255,5738,108687,19,276263
6880,0.001844,74.125.24.0-255,1484,110171,19,276263
6881,0.001858,74.125.24.0-255,5738,115909,19,276263
6882,0.001871,74.125.24.0-255,5738,121647,19,276263
6883,0.001898,74.125.24.0-255,10692,132339,19,276263
6884,0.001918,74.125.24.0-255,9992,142331,19,276263
6885,0.00192,74.125.24.0-255,1484,143815,19,276263
6886,0.001945,74.125.24.0-255,9992,153807,19,276263
6887,0.001961,74.125.24.0-255,1484,155291,19,276263
6888,0.001984,74.125.24.0-255,10692,165983,19,276263
6889,0.002004,74.125.24.0-255,2902,168885,19,276263
6890,0.002019,74.125.24.0-255,5738,174623,19,276263
6891,0.00204,74.125.24.0-255,4320,178943,19,276263
6892,0.002044,74.125.24.0-255,4320,183263,19,276263
6893,0.002058,74.125.24.0-255,2902,186165,19,276263
6894,0.002071,74.125.24.0-255,5738,191903,19,276263
6895,0.002094,74.125.24.0-255,7856,199759,19,276263
6896,0.00212,74.125.24.0-255,1484,201243,19,276263
6897,0.002132,74.125.24.0-255,2902,204145,19,276263
6898,0.002141,74.125.24.0-255,1484,205629,19,276263
6899,0.00216,74.125.24.0-255,4320,209949,19,276263
6900,0.002253,74.125.24.0-255,7156,217105,19,276263
6901,0.002279,74.125.24.0-255,5020,222125,19,276263
6902,0.002308,74.125.24.0-255,1484,223609,19,276263
6903,0.002327,74.125.24.0-255,6438,230047,19,276263
6904,0.002351,74.125.24.0-255,2902,232949,19,276263
6905,0.002368,74.125.24.0-255,5738,238687,19,276263
6906,0.002373,74.125.24.0-255,4320,243007,19,276263
6907,0.002426,74.125.24.0-255,7156,250163,19,276263
6908,0.002439,74.125.24.0-255,2184,252347,19,276263
6909,0.002444,74.125.24.0-255,4320,256667,19,276263
6910,0.002465,74.125.24.0-255,5738,262405,19,276263
6911,0.002504,74.125.24.0-255,1484,263889,19,276263
6912,0.002518,74.125.24.0-255,4320,268209,19,276263
6913,0.002533,74.125.24.0-255,2184,270393,19,276263
6914,0.005328,172.31.36.0-255,66,270459,19,276263
6915,0.007847,74.125.24.0-255,5738,276197,19,276263
6916,0.007853,172.31.36.0-255,66,276263,19,276263
6917,0.0,172.217.194.0-255,150,150,19,317310
6918,3.8e-05,172.31.36.0-255,66,216,19,317310
6919,4.6e-05,172.217.194.0-255,1484,1700,19,317310
6920,5.1e-05,172.31.36.0-255,66,1766,19,317310
6921,5.6e-05,172.217.194.0-255,2902,4668,19,317310
6922,5.8e-05,172.31.36.0-255,66,4734,19,317310
6923,6.3e-05,172.217.194.0-255,4320,9054,19,317310
6924,6.5e-05,172.31.36.0-255,66,9120,19,317310
6925,7.2e-05,172.217.194.0-255,5738,14858,19,317310
6926,7.4e-05,172.31.36.0-255,66,14924,19,317310
6927,0.000101,172.217.194.0-255,3429,18353,19,317310
6928,0.000104,172.31.36.0-255,66,18419,19,317310
6929,0.000113,172.217.194.0-255,9992,28411,19,317310
6930,0.000115,172.31.36.0-255,66,28477,19,317310
6931,0.000137,172.217.194.0-255,2543,31020,19,317310
6932,0.000139,172.31.36.0-255,66,31086,19,317310
6933,0.000189,172.217.194.0-255,1484,32570,19,317310
6934,0.000193,172.31.36.0-255,66,32636,19,317310
6935,0.000199,172.217.194.0-255,2902,35538,19,317310
6936,0.000201,172.31.36.0-255,66,35604,19,317310
6937,0.000207,172.217.194.0-255,5738,41342,19,317310
6938,0.00021,172.31.36.0-255,66,41408,19,317310
6939,0.000241,172.217.194.0-255,9992,51400,19,317310
6940,0.000244,172.31.36.0-255,66,51466,19,317310
6941,0.000263,172.217.194.0-255,3961,55427,19,317310
6942,0.000266,172.31.36.0-255,66,55493,19,317310
6943,0.000273,172.217.194.0-255,4320,59813,19,317310
6944,0.000275,172.31.36.0-255,66,59879,19,317310
6945,0.000305,172.217.194.0-255,5669,65548,19,317310
6946,0.000308,172.31.36.0-255,66,65614,19,317310
6947,0.000311,172.217.194.0-255,98,65712,19,317310
6948,0.000313,172.31.36.0-255,66,65778,19,317310
6949,0.000402,172.217.194.0-255,1484,67262,19,317310
6950,0.000409,172.217.194.0-255,2902,70164,19,317310
6951,0.000416,172.31.36.0-255,66,70230,19,317310
6952,0.000434,172.217.194.0-255,5738,75968,19,317310
6953,0.000444,172.31.36.0-255,66,76034,19,317310
6954,0.000457,172.217.194.0-255,6797,82831,19,317310
6955,0.000465,172.31.36.0-255,66,82897,19,317310
6956,0.0005,172.217.194.0-255,1484,84381,19,317310
6957,0.000528,172.217.194.0-255,9992,94373,19,317310
6958,0.000535,172.31.36.0-255,66,94439,19,317310
6959,0.000543,172.217.194.0-255,1484,95923,19,317310
6960,0.000562,172.217.194.0-255,3961,99884,19,317310
6961,0.000578,172.31.36.0-255,66,99950,19,317310
6962,0.000621,172.217.194.0-255,1484,101434,19,317310
6963,0.000626,172.217.194.0-255,2902,104336,19,317310
6964,0.000631,172.31.36.0-255,66,104402,19,317310
6965,0.000643,172.217.194.0-255,5738,110140,19,317310
6966,0.000647,172.217.194.0-255,1484,111624,19,317310
6967,0.000649,172.31.36.0-255,66,111690,19,317310
6968,0.000672,172.217.194.0-255,4320,116010,19,317310
6969,0.000679,172.217.194.0-255,7156,123166,19,317310
6970,0.00068,172.31.36.0-255,66,123232,19,317310
6971,0.000685,172.31.36.0-255,66,123298,19,317310
6972,0.000708,172.217.194.0-255,5738,129036,19,317310
6973,0.000721,172.31.36.0-255,66,129102,19,317310
6974,0.00073,172.217.194.0-255,4738,133840,19,317310
6975,0.000737,172.31.36.0-255,66,133906,19,317310
6976,0.000775,172.217.194.0-255,1484,135390,19,317310
6977,0.000778,172.217.194.0-255,1484,136874,19,317310
6978,0.000792,172.31.36.0-255,66,136940,19,317310
6979,0.000805,172.217.194.0-255,1484,138424,19,317310
6980,0.000812,172.217.194.0-255,5738,144162,19,317310
6981,0.000815,172.31.36.0-255,66,144228,19,317310
6982,0.000816,172.217.194.0-255,4320,148548,19,317310
6983,0.00082,172.31.36.0-255,66,148614,19,317310
6984,0.000864,172.31.36.0-255,66,148680,19,317310
6985,0.000867,172.217.194.0-255,1484,150164,19,317310
6986,0.000885,172.217.194.0-255,4320,154484,19,317310
6987,0.000892,172.31.36.0-255,66,154550,19,317310
6988,0.000898,172.217.194.0-255,2184,156734,19,317310
6989,0.000906,172.31.36.0-255,66,156800,19,317310
6990,0.000938,172.217.194.0-255,1484,158284,19,317310
6991,0.000943,172.217.194.0-255,2902,161186,19,317310
6992,0.000956,172.31.36.0-255,66,161252,19,317310
6993,0.000984,172.217.194.0-255,1484,162736,19,317310
6994,0.001,172.217.194.0-255,4320,167056,19,317310
6995,0.001004,172.31.36.0-255,66,167122,19,317310
6996,0.001021,172.31.36.0-255,66,167188,19,317310
6997,0.001023,172.217.194.0-255,8574,175762,19,317310
6998,0.001035,172.31.36.0-255,66,175828,19,317310
6999,0.001069,172.217.194.0-255,4320,180148,19,317310
7000,0.001077,172.31.36.0-255,66,180214,19,317310
7001,0.001115,172.31.36.0-255,66,180280,19,317310
7002,0.001119,172.217.194.0-255,2902,183182,19,317310
7003,0.001133,172.31.36.0-255,66,183248,19,317310
7004,0.001136,172.217.194.0-255,5738,188986,19,317310
7005,0.001148,172.217.194.0-255,1484,190470,19,317310
7006,0.001149,172.31.36.0-255,66,190536,19,317310
7007,0.001166,172.217.194.0-255,2184,192720,19,317310
7008,0.001179,172.31.36.0-255,66,192786,19,317310
7009,0.00118,172.217.194.0-255,1484,194270,19,317310
7010,0.001195,172.217.194.0-255,2902,197172,19,317310
7011,0.001198,172.217.194.0-255,1484,198656,19,317310
7012,0.001198,172.31.36.0-255,66,198722,19,317310
7013,0.001226,172.217.194.0-255,4320,203042,19,317310
7014,0.00124,172.217.194.0-255,7156,210198,19,317310
7015,0.001239,172.31.36.0-255,66,210264,19,317310
7016,0.001242,172.217.194.0-255,1484,211748,19,317310
7017,0.001244,172.31.36.0-255,66,211814,19,317310
7018,0.001269,172.217.194.0-255,9992,221806,19,317310
7019,0.001282,172.217.194.0-255,2902,224708,19,317310
7020,0.001286,172.217.194.0-255,2184,226892,19,317310
7021,0.001297,172.31.36.0-255,66,226958,19,317310
7022,0.001638,172.217.194.0-255,1484,228442,19,317310
7023,0.001655,172.217.194.0-255,2902,231344,19,317310
7024,0.001659,172.31.36.0-255,66,231410,19,317310
7025,0.001663,172.217.194.0-255,1484,232894,19,317310
7026,0.00168,172.217.194.0-255,4320,237214,19,317310
7027,0.001685,172.217.194.0-255,4320,241534,19,317310
7028,0.001687,172.31.36.0-255,66,241600,19,317310
7029,0.001692,172.31.36.0-255,66,241666,19,317310
7030,0.001722,172.217.194.0-255,8574,250240,19,317310
7031,0.001727,172.31.36.0-255,66,250306,19,317310
7032,0.00173,172.217.194.0-255,5738,256044,19,317310
7033,0.00174,172.31.36.0-255,66,256110,19,317310
7034,0.001749,172.217.194.0-255,7156,263266,19,317310
7035,0.001759,172.31.36.0-255,66,263332,19,317310
7036,0.001766,172.217.194.0-255,7856,271188,19,317310
7037,0.00177,172.217.194.0-255,2902,274090,19,317310
7038,0.001774,172.31.36.0-255,66,274156,19,317310
7039,0.001796,172.217.194.0-255,8574,282730,19,317310
7040,0.001803,172.31.36.0-255,66,282796,19,317310
7041,0.00182,172.31.36.0-255,66,282862,19,317310
7042,0.001925,172.217.194.0-255,1484,284346,19,317310
7043,0.001944,172.217.194.0-255,2902,287248,19,317310
7044,0.001947,172.217.194.0-255,1484,288732,19,317310
7045,0.001957,172.31.36.0-255,66,288798,19,317310
7046,0.001966,172.217.194.0-255,4320,293118,19,317310
7047,0.00197,172.217.194.0-255,2902,296020,19,317310
7048,0.001976,172.31.36.0-255,66,296086,19,317310
7049,0.002006,172.217.194.0-255,9992,306078,19,317310
7050,0.002016,172.217.194.0-255,10692,316770,19,317310
7051,0.002016,172.31.36.0-255,66,316836,19,317310
7052,0.002024,172.31.36.0-255,66,316902,19,317310
7053,0.002091,172.31.36.0-255,66,316968,19,317310
7054,0.002125,172.217.194.0-255,105,317073,19,317310
7055,0.002127,172.31.36.0-255,66,317139,19,317310
7056,0.008343,172.31.36.0-255,66,317205,19,317310
7057,0.008378,172.31.36.0-255,105,317310,19,317310
7058,0.0,172.217.194.0-255,153,153,19,192392
7059,1.6e-05,172.31.36.0-255,66,219,19,192392
7060,2.3e-05,172.217.194.0-255,1484,1703,19,192392
7061,2.7e-05,172.31.36.0-255,66,1769,19,192392
7062,3.2e-05,172.217.194.0-255,2902,4671,19,192392
7063,3.4e-05,172.31.36.0-255,66,4737,19,192392
7064,3.9e-05,172.217.194.0-255,2902,7639,19,192392
7065,4.1e-05,172.31.36.0-255,66,7705,19,192392
7066,6.4e-05,172.217.194.0-255,4320,12025,19,192392
7067,6.7e-05,172.31.36.0-255,66,12091,19,192392
7068,7.2e-05,172.217.194.0-255,2065,14156,19,192392
7069,7.5e-05,172.31.36.0-255,66,14222,19,192392
7070,0.000103,172.217.194.0-255,1484,15706,19,192392
7071,0.000105,172.31.36.0-255,66,15772,19,192392
7072,0.00011,172.217.194.0-255,2902,18674,19,192392
7073,0.000112,172.31.36.0-255,66,18740,19,192392
7074,0.000129,172.217.194.0-255,5738,24478,19,192392
7075,0.000132,172.31.36.0-255,66,24544,19,192392
7076,0.000153,172.217.194.0-255,2902,27446,19,192392
7077,0.000155,172.31.36.0-255,66,27512,19,192392
7078,0.000176,172.217.194.0-255,3961,31473,19,192392
7079,0.000179,172.31.36.0-255,66,31539,19,192392
7080,0.000337,172.217.194.0-255,1484,33023,19,192392
7081,0.000343,172.31.36.0-255,66,33089,19,192392
7082,0.000349,172.217.194.0-255,2902,35991,19,192392
7083,0.000352,172.31.36.0-255,66,36057,19,192392
7084,0.000355,172.217.194.0-255,1484,37541,19,192392
7085,0.000357,172.31.36.0-255,66,37607,19,192392
7086,0.00038,172.217.194.0-255,4320,41927,19,192392
7087,0.000383,172.31.36.0-255,66,41993,19,192392
7088,0.000413,172.217.194.0-255,9992,51985,19,192392
7089,0.000416,172.31.36.0-255,66,52051,19,192392
7090,0.000433,172.217.194.0-255,3961,56012,19,192392
7091,0.000436,172.31.36.0-255,66,56078,19,192392
7092,0.000439,172.217.194.0-255,1484,57562,19,192392
7093,0.000461,172.217.194.0-255,7156,64718,19,192392
7094,0.000465,172.31.36.0-255,66,64784,19,192392
7095,0.000476,172.217.194.0-255,1125,65909,19,192392
7096,0.000494,172.217.194.0-255,362,66271,19,192392
7097,0.000511,172.217.194.0-255,381,66652,19,192392
7098,0.000515,172.31.36.0-255,66,66718,19,192392
7099,0.000751,172.217.194.0-255,1484,68202,19,192392
7100,0.000757,172.217.194.0-255,1484,69686,19,192392
7101,0.000761,172.31.36.0-255,66,69752,19,192392
7102,0.000784,172.217.194.0-255,1484,71236,19,192392
7103,0.000792,172.217.194.0-255,5738,76974,19,192392
7104,0.000794,172.31.36.0-255,66,77040,19,192392
7105,0.000807,172.31.36.0-255,66,77106,19,192392
7106,0.00083,172.217.194.0-255,1484,78590,19,192392
7107,0.00084,172.217.194.0-255,10692,89282,19,192392
7108,0.000843,172.31.36.0-255,66,89348,19,192392
7109,0.001126,172.217.194.0-255,1484,90832,19,192392
7110,0.001131,172.217.194.0-255,1484,92316,19,192392
7111,0.001136,172.31.36.0-255,66,92382,19,192392
7112,0.001155,172.217.194.0-255,1484,93866,19,192392
7113,0.001161,172.217.194.0-255,5738,99604,19,192392
7114,0.001164,172.31.36.0-255,66,99670,19,192392
7115,0.001196,172.31.36.0-255,66,99736,19,192392
7116,0.001214,172.217.194.0-255,1484,101220,19,192392
7117,0.00122,172.217.194.0-255,4320,105540,19,192392
7118,0.001222,172.31.36.0-255,66,105606,19,192392
7119,0.001248,172.217.194.0-255,6438,112044,19,192392
7120,0.001251,172.31.36.0-255,66,112110,19,192392
7121,0.001969,172.217.194.0-255,1484,113594,19,192392
7122,0.001977,172.217.194.0-255,1484,115078,19,192392
7123,0.001981,172.31.36.0-255,66,115144,19,192392
7124,0.002,172.217.194.0-255,1484,116628,19,192392
7125,0.002022,172.217.194.0-255,4320,120948,19,192392
7126,0.002024,172.31.36.0-255,66,121014,19,192392
7127,0.002044,172.217.194.0-255,2902,123916,19,192392
7128,0.002046,172.31.36.0-255,66,123982,19,192392
7129,0.002063,172.217.194.0-255,5738,129720,19,192392
7130,0.002066,172.31.36.0-255,66,129786,19,192392
7131,0.002075,172.217.194.0-255,9992,139778,19,192392
7132,0.002077,172.31.36.0-255,66,139844,19,192392
7133,0.002097,172.217.194.0-255,6438,146282,19,192392
7134,0.002099,172.31.36.0-255,66,146348,19,192392
7135,0.002259,172.217.194.0-255,1484,147832,19,192392
7136,0.002305,172.217.194.0-255,2902,150734,19,192392
7137,0.002309,172.31.36.0-255,66,150800,19,192392
7138,0.002316,172.217.194.0-255,4320,155120,19,192392
7139,0.002318,172.31.36.0-255,66,155186,19,192392
7140,0.002352,172.217.194.0-255,2902,158088,19,192392
7141,0.002355,172.31.36.0-255,66,158154,19,192392
7142,0.002358,172.217.194.0-255,1484,159638,19,192392
7143,0.002376,172.217.194.0-255,2902,162540,19,192392
7144,0.002379,172.31.36.0-255,66,162606,19,192392
7145,0.002397,172.217.194.0-255,1484,164090,19,192392
7146,0.002416,172.217.194.0-255,5738,169828,19,192392
7147,0.002419,172.31.36.0-255,66,169894,19,192392
7148,0.002446,172.217.194.0-255,8574,178468,19,192392
7149,0.002448,172.31.36.0-255,66,178534,19,192392
7150,0.002453,172.217.194.0-255,2184,180718,19,192392
7151,0.002455,172.31.36.0-255,66,180784,19,192392
7152,0.005005,172.217.194.0-255,5738,186522,19,192392
7153,0.005012,172.31.36.0-255,66,186588,19,192392
7154,0.007555,172.217.194.0-255,5738,192326,19,192392
7155,0.007559,172.31.36.0-255,66,192392,19,192392
7156,0.0,74.125.68.0-255,146,146,19,156056
7157,2.4e-05,172.31.36.0-255,66,212,19,156056
7158,3.1e-05,74.125.68.0-255,1484,1696,19,156056
7159,3.6e-05,172.31.36.0-255,66,1762,19,156056
7160,5.1e-05,74.125.68.0-255,2902,4664,19,156056
7161,5.4e-05,172.31.36.0-255,66,4730,19,156056
7162,5.9e-05,74.125.68.0-255,2902,7632,19,156056
7163,6.2e-05,172.31.36.0-255,66,7698,19,156056
7164,6.8e-05,74.125.68.0-255,4320,12018,19,156056
7165,7.1e-05,172.31.36.0-255,66,12084,19,156056
7166,0.000121,74.125.68.0-255,9126,21210,19,156056
7167,0.000125,172.31.36.0-255,66,21276,19,156056
7168,0.000132,74.125.68.0-255,7156,28432,19,156056
7169,0.000135,172.31.36.0-255,66,28498,19,156056
7170,0.000159,74.125.68.0-255,2543,31041,19,156056
7171,0.000161,172.31.36.0-255,66,31107,19,156056
7172,0.000243,74.125.68.0-255,1484,32591,19,156056
7173,0.000246,172.31.36.0-255,66,32657,19,156056
7174,0.00025,74.125.68.0-255,1484,34141,19,156056
7175,0.000253,172.31.36.0-255,66,34207,19,156056
7176,0.00028,74.125.68.0-255,1484,35691,19,156056
7177,0.000282,172.31.36.0-255,66,35757,19,156056
7178,0.000312,74.125.68.0-255,5738,41495,19,156056
7179,0.000315,172.31.36.0-255,66,41561,19,156056
7180,0.00032,74.125.68.0-255,2902,44463,19,156056
7181,0.000323,172.31.36.0-255,66,44529,19,156056
7182,0.000356,74.125.68.0-255,3961,48490,19,156056
7183,0.000359,172.31.36.0-255,66,48556,19,156056
7184,0.000371,74.125.68.0-255,1484,50040,19,156056
7185,0.000378,172.31.36.0-255,66,50106,19,156056
7186,0.000383,74.125.68.0-255,2902,53008,19,156056
7187,0.000385,172.31.36.0-255,66,53074,19,156056
7188,0.00041,74.125.68.0-255,5738,58812,19,156056
7189,0.000413,172.31.36.0-255,66,58878,19,156056
7190,0.000417,74.125.68.0-255,2902,61780,19,156056
7191,0.000419,172.31.36.0-255,66,61846,19,156056
7192,0.00045,74.125.68.0-255,4246,66092,19,156056
7193,0.000453,172.31.36.0-255,66,66158,19,156056
7194,0.000475,74.125.68.0-255,122,66280,19,156056
7195,0.000623,74.125.68.0-255,1484,67764,19,156056
7196,0.000627,172.31.36.0-255,66,67830,19,156056
7197,0.000632,74.125.68.0-255,1484,69314,19,156056
7198,0.000654,74.125.68.0-255,1484,70798,19,156056
7199,0.00066,74.125.68.0-255,5738,76536,19,156056
7200,0.000688,172.31.36.0-255,66,76602,19,156056
7201,0.000691,172.31.36.0-255,66,76668,19,156056
7202,0.000717,74.125.68.0-255,4320,80988,19,156056
7203,0.00072,172.31.36.0-255,66,81054,19,156056
7204,0.000726,74.125.68.0-255,5639,86693,19,156056
7205,0.000728,172.31.36.0-255,66,86759,19,156056
7206,0.000738,74.125.68.0-255,9992,96751,19,156056
7207,0.00074,172.31.36.0-255,66,96817,19,156056
7208,0.000767,74.125.68.0-255,3961,100778,19,156056
7209,0.000786,172.31.36.0-255,66,100844,19,156056
7210,0.001438,74.125.68.0-255,1484,102328,19,156056
7211,0.001464,74.125.68.0-255,2902,105230,19,156056
7212,0.001467,74.125.68.0-255,1484,106714,19,156056
7213,0.001476,172.31.36.0-255,66,106780,19,156056
7214,0.001504,74.125.68.0-255,2902,109682,19,156056
7215,0.001507,172.31.36.0-255,66,109748,19,156056
7216,0.001533,74.125.68.0-255,5738,115486,19,156056
7217,0.001536,172.31.36.0-255,66,115552,19,156056
7218,0.001568,74.125.68.0-255,7156,122708,19,156056
7219,0.001571,172.31.36.0-255,66,122774,19,156056
7220,0.001577,74.125.68.0-255,4320,127094,19,156056
7221,0.001579,172.31.36.0-255,66,127160,19,156056
7222,0.001607,74.125.68.0-255,1484,128644,19,156056
7223,0.001614,74.125.68.0-255,6438,135082,19,156056
7224,0.001616,172.31.36.0-255,66,135148,19,156056
7225,0.00225,74.125.68.0-255,1484,136632,19,156056
7226,0.00226,74.125.68.0-255,1484,138116,19,156056
7227,0.002265,172.31.36.0-255,66,138182,19,156056
7228,0.003857,74.125.68.0-255,2902,141084,19,156056
7229,0.003864,172.31.36.0-255,66,141150,19,156056
7230,0.004501,74.125.68.0-255,1484,142634,19,156056
7231,0.004514,74.125.68.0-255,1484,144118,19,156056
7232,0.004517,172.31.36.0-255,66,144184,19,156056
7233,0.006095,74.125.68.0-255,2902,147086,19,156056
7234,0.006098,172.31.36.0-255,66,147152,19,156056
7235,0.006743,74.125.68.0-255,2902,150054,19,156056
7236,0.006745,172.31.36.0-255,66,150120,19,156056
7237,0.008322,74.125.68.0-255,2902,153022,19,156056
7238,0.008329,172.31.36.0-255,66,153088,19,156056
7239,0.008982,74.125.68.0-255,2902,155990,19,156056
7240,0.008988,172.31.36.0-255,66,156056,19,156056
7241,0.0,74.125.24.0-255,153,153,19,279688
7242,3.1e-05,172.31.36.0-255,66,219,19,279688
7243,3.8e-05,74.125.24.0-255,1484,1703,19,279688
7244,4.3e-05,172.31.36.0-255,66,1769,19,279688
7245,4.7e-05,74.125.24.0-255,2902,4671,19,279688
7246,5e-05,172.31.36.0-255,66,4737,19,279688
7247,5.7e-05,74.125.24.0-255,7156,11893,19,279688
7248,6e-05,172.31.36.0-255,66,11959,19,279688
7249,6.4e-05,74.125.24.0-255,2902,14861,19,279688
7250,6.7e-05,172.31.36.0-255,66,14927,19,279688
7251,9.6e-05,74.125.24.0-255,6269,21196,19,279688
7252,9.9e-05,172.31.36.0-255,66,21262,19,279688
7253,0.000108,74.125.24.0-255,9633,30895,19,279688
7254,0.00011,172.31.36.0-255,66,30961,19,279688
7255,0.000184,74.125.24.0-255,1484,32445,19,279688
7256,0.000188,172.31.36.0-255,66,32511,19,279688
7257,0.000193,74.125.24.0-255,1484,33995,19,279688
7258,0.000195,172.31.36.0-255,66,34061,19,279688
7259,0.000207,74.125.24.0-255,1484,35545,19,279688
7260,0.000209,172.31.36.0-255,66,35611,19,279688
7261,0.000216,74.125.24.0-255,5738,41349,19,279688
7262,0.000219,172.31.36.0-255,66,41415,19,279688
7263,0.000223,74.125.24.0-255,2902,44317,19,279688
7264,0.000225,172.31.36.0-255,66,44383,19,279688
7265,0.000267,172.31.36.0-255,66,44449,19,279688
7266,0.00027,74.125.24.0-255,1484,45933,19,279688
7267,0.000272,172.31.36.0-255,66,45999,19,279688
7268,0.000293,74.125.24.0-255,8486,54485,19,279688
7269,0.000296,172.31.36.0-255,66,54551,19,279688
7270,0.0003,74.125.24.0-255,136,54687,19,279688
7271,0.000302,172.31.36.0-255,66,54753,19,279688
7272,0.000372,74.125.24.0-255,347,55100,19,279688
7273,0.000376,172.31.36.0-255,66,55166,19,279688
7274,0.000704,74.125.24.0-255,1484,56650,19,279688
7275,0.00071,172.31.36.0-255,66,56716,19,279688
7276,0.000715,74.125.24.0-255,2902,59618,19,279688
7277,0.00072,172.31.36.0-255,66,59684,19,279688
7278,0.000749,74.125.24.0-255,4320,64004,19,279688
7279,0.000752,172.31.36.0-255,66,64070,19,279688
7280,0.000766,74.125.24.0-255,1484,65554,19,279688
7281,0.000775,74.125.24.0-255,9992,75546,19,279688
7282,0.000788,172.31.36.0-255,66,75612,19,279688
7283,0.000811,172.31.36.0-255,66,75678,19,279688
7284,0.000819,74.125.24.0-255,766,76444,19,279688
7285,0.000953,74.125.24.0-255,1484,77928,19,279688
7286,0.000957,172.31.36.0-255,66,77994,19,279688
7287,0.000962,74.125.24.0-255,2902,80896,19,279688
7288,0.000973,172.31.36.0-255,66,80962,19,279688
7289,0.000979,74.125.24.0-255,5738,86700,19,279688
7290,0.000992,172.31.36.0-255,66,86766,19,279688
7291,0.000996,74.125.24.0-255,7156,93922,19,279688
7292,0.001006,172.31.36.0-255,66,93988,19,279688
7293,0.001013,74.125.24.0-255,2902,96890,19,279688
7294,0.001016,172.31.36.0-255,66,96956,19,279688
7295,0.001042,74.125.24.0-255,8574,105530,19,279688
7296,0.001058,74.125.24.0-255,5020,110550,19,279688
7297,0.001058,172.31.36.0-255,66,110616,19,279688
7298,0.001063,172.31.36.0-255,66,110682,19,279688
7299,0.001091,74.125.24.0-255,7156,117838,19,279688
7300,0.001096,172.31.36.0-255,66,117904,19,279688
7301,0.001104,74.125.24.0-255,4320,122224,19,279688
7302,0.00111,172.31.36.0-255,66,122290,19,279688
7303,0.001124,172.31.36.0-255,66,122356,19,279688
7304,0.001138,74.125.24.0-255,2902,125258,19,279688
7305,0.001152,172.31.36.0-255,66,125324,19,279688
7306,0.001158,74.125.24.0-255,6438,131762,19,279688
7307,0.001186,172.31.36.0-255,66,131828,19,279688
7308,0.001374,74.125.24.0-255,1484,133312,19,279688
7309,0.001391,74.125.24.0-255,2902,136214,19,279688
7310,0.001395,172.31.36.0-255,66,136280,19,279688
7311,0.0014,74.125.24.0-255,2902,139182,19,279688
7312,0.00141,172.31.36.0-255,66,139248,19,279688
7313,0.001416,74.125.24.0-255,2902,142150,19,279688
7314,0.001426,172.31.36.0-255,66,142216,19,279688
7315,0.001427,74.125.24.0-255,1484,143700,19,279688
7316,0.00145,74.125.24.0-255,9992,153692,19,279688
7317,0.001453,172.31.36.0-255,66,153758,19,279688
7318,0.001456,74.125.24.0-255,1484,155242,19,279688
7319,0.001486,74.125.24.0-255,10692,165934,19,279688
7320,0.001496,172.31.36.0-255,66,166000,19,279688
7321,0.00158,74.125.24.0-255,1484,167484,19,279688
7322,0.001598,74.125.24.0-255,2902,170386,19,279688
7323,0.001602,172.31.36.0-255,66,170452,19,279688
7324,0.001612,74.125.24.0-255,2902,173354,19,279688
7325,0.001616,172.31.36.0-255,66,173420,19,279688
7326,0.00163,74.125.24.0-255,2902,176322,19,279688
7327,0.001634,172.31.36.0-255,66,176388,19,279688
7328,0.001642,74.125.24.0-255,7156,183544,19,279688
7329,0.001645,172.31.36.0-255,66,183610,19,279688
7330,0.00166,74.125.24.0-255,1484,185094,19,279688
7331,0.001688,74.125.24.0-255,2902,187996,19,279688
7332,0.001697,172.31.36.0-255,66,188062,19,279688
7333,0.001726,172.31.36.0-255,66,188128,19,279688
7334,0.00201,74.125.24.0-255,1484,189612,19,279688
7335,0.002016,74.125.24.0-255,2902,192514,19,279688
7336,0.002019,172.31.36.0-255,66,192580,19,279688
7337,0.002024,74.125.24.0-255,1484,194064,19,279688
7338,0.002043,74.125.24.0-255,4320,198384,19,279688
7339,0.002048,74.125.24.0-255,4320,202704,19,279688
7340,0.00205,172.31.36.0-255,66,202770,19,279688
7341,0.002054,172.31.36.0-255,66,202836,19,279688
7342,0.002103,74.125.24.0-255,7856,210692,19,279688
7343,0.00224,74.125.24.0-255,1484,212176,19,279688
7344,0.002246,74.125.24.0-255,2902,215078,19,279688
7345,0.002261,74.125.24.0-255,1484,216562,19,279688
7346,0.002277,74.125.24.0-255,4320,220882,19,279688
7347,0.002289,74.125.24.0-255,2902,223784,19,279688
7348,0.002311,74.125.24.0-255,9992,233776,19,279688
7349,0.002317,74.125.24.0-255,4320,238096,19,279688
7350,0.002333,74.125.24.0-255,2902,240998,19,279688
7351,0.002355,74.125.24.0-255,5738,246736,19,279688
7352,0.002418,74.125.24.0-255,4320,251056,19,279688
7353,0.002444,74.125.24.0-255,7156,258212,19,279688
7354,0.002458,74.125.24.0-255,3602,261814,19,279688
7355,0.002491,172.31.36.0-255,66,261880,19,279688
7356,0.004855,74.125.24.0-255,2902,264782,19,279688
7357,0.004861,172.31.36.0-255,66,264848,19,279688
7358,0.004891,74.125.24.0-255,2902,267750,19,279688
7359,0.004894,172.31.36.0-255,66,267816,19,279688
7360,0.007224,74.125.24.0-255,2902,270718,19,279688
7361,0.007228,172.31.36.0-255,66,270784,19,279688
7362,0.007255,74.125.24.0-255,2902,273686,19,279688
7363,0.007258,172.31.36.0-255,66,273752,19,279688
7364,0.009586,74.125.24.0-255,2902,276654,19,279688
7365,0.009593,172.31.36.0-255,66,276720,19,279688
7366,0.009611,74.125.24.0-255,2902,279622,19,279688
7367,0.009614,172.31.36.0-255,66,279688,19,279688
7368,0.0,172.217.194.0-255,153,153,19,80476
7369,3.4e-05,172.31.36.0-255,66,219,19,80476
7370,4.1e-05,172.217.194.0-255,1484,1703,19,80476
7371,4.6e-05,172.31.36.0-255,66,1769,19,80476
7372,5.8e-05,172.217.194.0-255,2902,4671,19,80476
7373,6e-05,172.31.36.0-255,66,4737,19,80476
7374,0.000127,172.217.194.0-255,2902,7639,19,80476
7375,0.00013,172.31.36.0-255,66,7705,19,80476
7376,0.000157,172.217.194.0-255,4320,12025,19,80476
7377,0.00016,172.31.36.0-255,66,12091,19,80476
7378,0.000341,172.217.194.0-255,5738,17829,19,80476
7379,0.000351,172.31.36.0-255,66,17895,19,80476
7380,0.000362,172.217.194.0-255,6312,24207,19,80476
7381,0.00037,172.31.36.0-255,66,24273,19,80476
7382,0.000704,172.217.194.0-255,6797,31070,19,80476
7383,0.000709,172.31.36.0-255,66,31136,19,80476
7384,0.000897,172.217.194.0-255,8574,39710,19,80476
7385,0.000905,172.31.36.0-255,66,39776,19,80476
7386,0.000927,172.217.194.0-255,8215,47991,19,80476
7387,0.000931,172.31.36.0-255,66,48057,19,80476
7388,0.001392,172.217.194.0-255,5738,53795,19,80476
7389,0.001397,172.31.36.0-255,66,53861,19,80476
7390,0.001435,172.31.36.0-255,66,53927,19,80476
7391,0.001888,172.217.194.0-255,4320,58247,19,80476
7392,0.00189,172.31.36.0-255,66,58313,19,80476
7393,0.001965,172.31.36.0-255,66,58379,19,80476
7394,0.00286,172.217.194.0-255,7156,65535,19,80476
7395,0.002862,172.31.36.0-255,66,65601,19,80476
7396,0.002908,172.31.36.0-255,66,65667,19,80476
7397,0.003822,172.217.194.0-255,4320,69987,19,80476
7398,0.00458,172.31.36.0-255,66,70053,19,80476
7399,0.005314,172.31.36.0-255,101,70154,19,80476
7400,0.006865,172.217.194.0-255,4320,74474,19,80476
7401,0.006871,172.31.36.0-255,66,74540,19,80476
7402,0.006897,172.217.194.0-255,1484,76024,19,80476
7403,0.007521,172.217.194.0-255,66,76090,19,80476
7404,0.009153,172.217.194.0-255,4320,80410,19,80476
7405,0.009166,172.31.36.0-255,66,80476,19,80476
7406,0.0,172.217.194.0-255,146,146,19,273349
7407,2.7e-05,172.31.36.0-255,66,212,19,273349
7408,3.4e-05,172.217.194.0-255,1484,1696,19,273349
7409,3.8e-05,172.31.36.0-255,66,1762,19,273349
7410,4.4e-05,172.217.194.0-255,2902,4664,19,273349
7411,4.7e-05,172.31.36.0-255,66,4730,19,273349
7412,5.4e-05,172.217.194.0-255,7156,11886,19,273349
7413,5.7e-05,172.31.36.0-255,66,11952,19,273349
7414,8.3e-05,172.217.194.0-255,2093,14045,19,273349
7415,8.6e-05,172.31.36.0-255,66,14111,19,273349
7416,0.000114,172.217.194.0-255,1484,15595,19,273349
7417,0.000117,172.31.36.0-255,66,15661,19,273349
7418,0.000142,172.217.194.0-255,7156,22817,19,273349
7419,0.000144,172.31.36.0-255,66,22883,19,273349
7420,0.000165,172.217.194.0-255,5738,28621,19,273349
7421,0.000168,172.31.36.0-255,66,28687,19,273349
7422,0.000181,172.217.194.0-255,2543,31230,19,273349
7423,0.000184,172.31.36.0-255,66,31296,19,273349
7424,0.000213,172.217.194.0-255,4320,35616,19,273349
7425,0.000216,172.31.36.0-255,66,35682,19,273349
7426,0.000231,172.217.194.0-255,2902,38584,19,273349
7427,0.000234,172.31.36.0-255,66,38650,19,273349
7428,0.000242,172.217.194.0-255,8574,47224,19,273349
7429,0.000244,172.31.36.0-255,66,47290,19,273349
7430,0.000285,172.217.194.0-255,8574,55864,19,273349
7431,0.000289,172.31.36.0-255,66,55930,19,273349
7432,0.000306,172.217.194.0-255,6797,62727,19,273349
7433,0.000309,172.31.36.0-255,66,62793,19,273349
7434,0.000313,172.217.194.0-255,2794,65587,19,273349
7435,0.000315,172.31.36.0-255,66,65653,19,273349
7436,0.000339,172.217.194.0-255,117,65770,19,273349
7437,0.000342,172.31.36.0-255,66,65836,19,273349
7438,0.000457,172.217.194.0-255,383,66219,19,273349
7439,0.000699,172.217.194.0-255,1484,67703,19,273349
7440,0.000703,172.31.36.0-255,66,67769,19,273349
7441,0.000709,172.217.194.0-255,2902,70671,19,273349
7442,0.000711,172.31.36.0-255,66,70737,19,273349
7443,0.000739,172.217.194.0-255,5738,76475,19,273349
7444,0.000742,172.31.36.0-255,66,76541,19,273349
7445,0.000747,172.217.194.0-255,2902,79443,19,273349
7446,0.000749,172.31.36.0-255,66,79509,19,273349
7447,0.000763,172.217.194.0-255,4320,83829,19,273349
7448,0.000766,172.31.36.0-255,66,83895,19,273349
7449,0.000791,172.217.194.0-255,5738,89633,19,273349
7450,0.000793,172.31.36.0-255,66,89699,19,273349
7451,0.000824,172.217.194.0-255,2902,92601,19,273349
7452,0.000828,172.31.36.0-255,66,92667,19,273349
7453,0.000855,172.217.194.0-255,7856,100523,19,273349
7454,0.000859,172.31.36.0-255,66,100589,19,273349
7455,0.001123,172.217.194.0-255,1484,102073,19,273349
7456,0.001132,172.217.194.0-255,2902,104975,19,273349
7457,0.001137,172.31.36.0-255,66,105041,19,273349
7458,0.001145,172.217.194.0-255,4320,109361,19,273349
7459,0.001147,172.31.36.0-255,66,109427,19,273349
7460,0.001159,172.217.194.0-255,1484,110911,19,273349
7461,0.001163,172.217.194.0-255,1484,112395,19,273349
7462,0.001165,172.31.36.0-255,66,112461,19,273349
7463,0.001195,172.31.36.0-255,66,112527,19,273349
7464,0.001241,172.217.194.0-255,4320,116847,19,273349
7465,0.001245,172.31.36.0-255,66,116913,19,273349
7466,0.00127,172.217.194.0-255,6438,123351,19,273349
7467,0.001273,172.31.36.0-255,66,123417,19,273349
7468,0.00192,172.217.194.0-255,1484,124901,19,273349
7469,0.001927,172.217.194.0-255,2902,127803,19,273349
7470,0.001931,172.31.36.0-255,66,127869,19,273349
7471,0.001937,172.217.194.0-255,4320,132189,19,273349
7472,0.001939,172.31.36.0-255,66,132255,19,273349
7473,0.001965,172.217.194.0-255,1484,133739,19,273349
7474,0.001979,172.31.36.0-255,66,133805,19,273349
7475,0.002011,172.217.194.0-255,2902,136707,19,273349
7476,0.002013,172.31.36.0-255,66,136773,19,273349
7477,0.002035,172.217.194.0-255,7856,144629,19,273349
7478,0.002037,172.31.36.0-255,66,144695,19,273349
7479,0.002185,172.217.194.0-255,1484,146179,19,273349
7480,0.002204,172.217.194.0-255,2902,149081,19,273349
7481,0.002207,172.31.36.0-255,66,149147,19,273349
7482,0.002211,172.217.194.0-255,1484,150631,19,273349
7483,0.002229,172.217.194.0-255,4320,154951,19,273349
7484,0.002231,172.31.36.0-255,66,155017,19,273349
7485,0.002234,172.217.194.0-255,1484,156501,19,273349
7486,0.002268,172.31.36.0-255,66,156567,19,273349
7487,0.002274,172.217.194.0-255,7156,163723,19,273349
7488,0.002276,172.31.36.0-255,66,163789,19,273349
7489,0.002296,172.217.194.0-255,1484,165273,19,273349
7490,0.002347,172.217.194.0-255,7156,172429,19,273349
7491,0.00235,172.31.36.0-255,66,172495,19,273349
7492,0.002369,172.217.194.0-255,2184,174679,19,273349
7493,0.002372,172.31.36.0-255,66,174745,19,273349
7494,0.002379,172.217.194.0-255,8574,183319,19,273349
7495,0.002381,172.31.36.0-255,66,183385,19,273349
7496,0.002389,172.217.194.0-255,8574,191959,19,273349
7497,0.002391,172.31.36.0-255,66,192025,19,273349
7498,0.00241,172.217.194.0-255,7156,199181,19,273349
7499,0.002412,172.31.36.0-255,66,199247,19,273349
7500,0.002424,172.217.194.0-255,2184,201431,19,273349
7501,0.002427,172.31.36.0-255,66,201497,19,273349
7502,0.002451,172.217.194.0-255,2902,204399,19,273349
7503,0.002453,172.31.36.0-255,66,204465,19,273349
7504,0.002466,172.31.36.0-255,66,204531,19,273349
7505,0.002486,172.217.194.0-255,1484,206015,19,273349
7506,0.002493,172.217.194.0-255,7156,213171,19,273349
7507,0.002496,172.31.36.0-255,66,213237,19,273349
7508,0.00252,172.31.36.0-255,66,213303,19,273349
7509,0.002523,172.217.194.0-255,1484,214787,19,273349
7510,0.002543,172.217.194.0-255,5738,220525,19,273349
7511,0.002546,172.31.36.0-255,66,220591,19,273349
7512,0.002549,172.217.194.0-255,2902,223493,19,273349
7513,0.002552,172.31.36.0-255,66,223559,19,273349
7514,0.002565,172.217.194.0-255,4320,227879,19,273349
7515,0.002567,172.31.36.0-255,66,227945,19,273349
7516,0.002599,172.31.36.0-255,66,228011,19,273349
7517,0.002617,172.217.194.0-255,2184,230195,19,273349
7518,0.00262,172.31.36.0-255,66,230261,19,273349
7519,0.002624,172.217.194.0-255,2902,233163,19,273349
7520,0.002626,172.31.36.0-255,66,233229,19,273349
7521,0.002672,172.217.194.0-255,5738,238967,19,273349
7522,0.002674,172.31.36.0-255,66,239033,19,273349
7523,0.002699,172.217.194.0-255,9992,249025,19,273349
7524,0.002702,172.31.36.0-255,66,249091,19,273349
7525,0.002704,172.217.194.0-255,1484,250575,19,273349
7526,0.00275,172.217.194.0-255,4320,254895,19,273349
7527,0.002763,172.217.194.0-255,2902,257797,19,273349
7528,0.002779,172.217.194.0-255,5020,262817,19,273349
7529,0.002782,172.217.194.0-255,1484,264301,19,273349
7530,0.002796,172.217.194.0-255,2902,267203,19,273349
7531,0.002806,172.217.194.0-255,1484,268687,19,273349
7532,0.002893,172.217.194.0-255,4320,273007,19,273349
7533,0.002923,172.217.194.0-255,105,273112,19,273349
7534,0.003834,172.31.36.0-255,66,273178,19,273349
7535,0.006084,172.31.36.0-255,105,273283,19,273349
7536,0.008295,172.217.194.0-255,66,273349,19,273349
7537,0.0,172.217.194.0-255,153,153,19,122141
7538,2.8e-05,172.31.36.0-255,66,219,19,122141
7539,3.5e-05,172.217.194.0-255,1484,1703,19,122141
7540,3.9e-05,172.31.36.0-255,66,1769,19,122141
7541,4.4e-05,172.217.194.0-255,2902,4671,19,122141
7542,4.7e-05,172.31.36.0-255,66,4737,19,122141
7543,5.4e-05,172.217.194.0-255,7156,11893,19,122141
7544,5.6e-05,172.31.36.0-255,66,11959,19,122141
7545,9.5e-05,172.31.36.0-255,66,12025,19,122141
7546,0.000112,172.217.194.0-255,3457,15482,19,122141
7547,0.000114,172.31.36.0-255,66,15548,19,122141
7548,0.000132,172.217.194.0-255,3961,19509,19,122141
7549,0.000135,172.31.36.0-255,66,19575,19,122141
7550,0.000305,172.217.194.0-255,1484,21059,19,122141
7551,0.00031,172.31.36.0-255,66,21125,19,122141
7552,0.000327,172.217.194.0-255,1484,22609,19,122141
7553,0.00033,172.31.36.0-255,66,22675,19,122141
7554,0.000346,172.217.194.0-255,2902,25577,19,122141
7555,0.00035,172.31.36.0-255,66,25643,19,122141
7556,0.000356,172.217.194.0-255,5738,31381,19,122141
7557,0.000359,172.31.36.0-255,66,31447,19,122141
7558,0.000393,172.217.194.0-255,9992,41439,19,122141
7559,0.000397,172.31.36.0-255,66,41505,19,122141
7560,0.000428,172.31.36.0-255,66,41571,19,122141
7561,0.00043,172.217.194.0-255,766,42337,19,122141
7562,0.000432,172.31.36.0-255,66,42403,19,122141
7563,0.00052,172.217.194.0-255,376,42779,19,122141
7564,0.000524,172.31.36.0-255,66,42845,19,122141
7565,0.000562,172.217.194.0-255,366,43211,19,122141
7566,0.000565,172.31.36.0-255,66,43277,19,122141
7567,0.000603,172.217.194.0-255,1484,44761,19,122141
7568,0.000625,172.217.194.0-255,4320,49081,19,122141
7569,0.000629,172.31.36.0-255,66,49147,19,122141
7570,0.000633,172.217.194.0-255,1484,50631,19,122141
7571,0.000648,172.217.194.0-255,1484,52115,19,122141
7572,0.000662,172.31.36.0-255,66,52181,19,122141
7573,0.000686,172.217.194.0-255,7156,59337,19,122141
7574,0.000699,172.31.36.0-255,66,59403,19,122141
7575,0.000702,172.217.194.0-255,1484,60887,19,122141
7576,0.000734,172.217.194.0-255,1484,62371,19,122141
7577,0.000744,172.31.36.0-255,66,62437,19,122141
7578,0.00075,172.217.194.0-255,2902,65339,19,122141
7579,0.000761,172.31.36.0-255,66,65405,19,122141
7580,0.000774,172.217.194.0-255,4320,69725,19,122141
7581,0.000784,172.31.36.0-255,66,69791,19,122141
7582,0.000787,172.217.194.0-255,1484,71275,19,122141
7583,0.000807,172.217.194.0-255,6438,77713,19,122141
7584,0.000812,172.31.36.0-255,66,77779,19,122141
7585,0.001484,172.217.194.0-255,1484,79263,19,122141
7586,0.001495,172.217.194.0-255,2902,82165,19,122141
7587,0.0015,172.31.36.0-255,66,82231,19,122141
7588,0.001521,172.217.194.0-255,4320,86551,19,122141
7589,0.001545,172.217.194.0-255,8574,95125,19,122141
7590,0.001555,172.217.194.0-255,1484,96609,19,122141
7591,0.001575,172.217.194.0-255,2902,99511,19,122141
7592,0.001598,172.217.194.0-255,5738,105249,19,122141
7593,0.001623,172.217.194.0-255,2902,108151,19,122141
7594,0.001635,172.217.194.0-255,1484,109635,19,122141
7595,0.001662,172.217.194.0-255,2184,111819,19,122141
7596,0.005521,172.31.36.0-255,66,111885,19,122141
7597,0.007499,172.217.194.0-255,4320,116205,19,122141
7598,0.007506,172.31.36.0-255,66,116271,19,122141
7599,0.007525,172.217.194.0-255,1484,117755,19,122141
7600,0.009504,172.217.194.0-255,4320,122075,19,122141
7601,0.009511,172.31.36.0-255,66,122141,19,122141
7602,0.0,172.217.27.0-255,146,146,19,120158
7603,3.5e-05,172.31.36.0-255,66,212,19,120158
7604,4.3e-05,172.217.27.0-255,1484,1696,19,120158
7605,4.7e-05,172.31.36.0-255,66,1762,19,120158
7606,6.1e-05,172.217.27.0-255,2902,4664,19,120158
7607,6.4e-05,172.31.36.0-255,66,4730,19,120158
7608,6.9e-05,172.217.27.0-255,4320,9050,19,120158
7609,7.2e-05,172.31.36.0-255,66,9116,19,120158
7610,8.1e-05,172.217.27.0-255,9094,18210,19,120158
7611,8.4e-05,172.31.36.0-255,66,18276,19,120158
7612,9.7e-05,172.31.36.0-255,66,18342,19,120158
7613,0.000178,172.217.27.0-255,1484,19826,19,120158
7614,0.000185,172.31.36.0-255,66,19892,19,120158
7615,0.00019,172.217.27.0-255,2902,22794,19,120158
7616,0.000192,172.31.36.0-255,66,22860,19,120158
7617,0.000198,172.217.27.0-255,4320,27180,19,120158
7618,0.000201,172.31.36.0-255,66,27246,19,120158
7619,0.000218,172.217.27.0-255,1484,28730,19,120158
7620,0.000226,172.31.36.0-255,66,28796,19,120158
7621,0.000233,172.217.27.0-255,5738,34534,19,120158
7622,0.000235,172.31.36.0-255,66,34600,19,120158
7623,0.000278,172.217.27.0-255,8215,42815,19,120158
7624,0.000283,172.31.36.0-255,66,42881,19,120158
7625,0.000289,172.217.27.0-255,5738,48619,19,120158
7626,0.000291,172.31.36.0-255,66,48685,19,120158
7627,0.000302,172.217.27.0-255,4256,52941,19,120158
7628,0.000305,172.31.36.0-255,66,53007,19,120158
7629,0.000647,172.217.27.0-255,133,53140,19,120158
7630,0.000652,172.31.36.0-255,66,53206,19,120158
7631,0.000773,172.217.27.0-255,1484,54690,19,120158
7632,0.000777,172.31.36.0-255,66,54756,19,120158
7633,0.000782,172.217.27.0-255,2902,57658,19,120158
7634,0.000785,172.31.36.0-255,66,57724,19,120158
7635,0.000789,172.217.27.0-255,2902,60626,19,120158
7636,0.000798,172.31.36.0-255,66,60692,19,120158
7637,0.000803,172.217.27.0-255,4320,65012,19,120158
7638,0.000806,172.31.36.0-255,66,65078,19,120158
7639,0.000846,172.217.27.0-255,9633,74711,19,120158
7640,0.000852,172.31.36.0-255,66,74777,19,120158
7641,0.000853,172.217.27.0-255,5738,80515,19,120158
7642,0.000856,172.31.36.0-255,66,80581,19,120158
7643,0.00089,172.217.27.0-255,6797,87378,19,120158
7644,0.000893,172.31.36.0-255,66,87444,19,120158
7645,0.001692,172.217.27.0-255,1484,88928,19,120158
7646,0.001702,172.217.27.0-255,1484,90412,19,120158
7647,0.001706,172.31.36.0-255,66,90478,19,120158
7648,0.002529,172.217.27.0-255,2902,93380,19,120158
7649,0.002532,172.31.36.0-255,66,93446,19,120158
7650,0.003358,172.217.27.0-255,2902,96348,19,120158
7651,0.003361,172.31.36.0-255,66,96414,19,120158
7652,0.004174,172.217.27.0-255,2902,99316,19,120158
7653,0.004177,172.31.36.0-255,66,99382,19,120158
7654,0.004999,172.217.27.0-255,2902,102284,19,120158
7655,0.005001,172.31.36.0-255,66,102350,19,120158
7656,0.00581,172.217.27.0-255,2902,105252,19,120158
7657,0.005813,172.31.36.0-255,66,105318,19,120158
7658,0.00664,172.217.27.0-255,2902,108220,19,120158
7659,0.006646,172.31.36.0-255,66,108286,19,120158
7660,0.007454,172.217.27.0-255,2902,111188,19,120158
7661,0.00746,172.31.36.0-255,66,111254,19,120158
7662,0.008286,172.217.27.0-255,2902,114156,19,120158
7663,0.008293,172.31.36.0-255,66,114222,19,120158
7664,0.009104,172.217.27.0-255,2902,117124,19,120158
7665,0.00911,172.31.36.0-255,66,117190,19,120158
7666,0.009937,172.217.27.0-255,2902,120092,19,120158
7667,0.009943,172.31.36.0-255,66,120158,19,120158
7668,0.0,74.125.130.0-255,153,153,19,259100
7669,3.3e-05,172.31.36.0-255,66,219,19,259100
7670,4e-05,74.125.130.0-255,1484,1703,19,259100
7671,4.4e-05,172.31.36.0-255,66,1769,19,259100
7672,4.9e-05,74.125.130.0-255,2902,4671,19,259100
7673,5.2e-05,172.31.36.0-255,66,4737,19,259100
7674,6.7e-05,74.125.130.0-255,7156,11893,19,259100
7675,7e-05,172.31.36.0-255,66,11959,19,259100
7676,7.6e-05,74.125.130.0-255,5738,17697,19,259100
7677,7.9e-05,172.31.36.0-255,66,17763,19,259100
7678,0.000115,74.125.130.0-255,2056,19819,19,259100
7679,0.000118,172.31.36.0-255,66,19885,19,259100
7680,0.000125,74.125.130.0-255,7156,27041,19,259100
7681,0.000127,172.31.36.0-255,66,27107,19,259100
7682,0.000154,74.125.130.0-255,3961,31068,19,259100
7683,0.000157,172.31.36.0-255,66,31134,19,259100
7684,0.000206,74.125.130.0-255,1484,32618,19,259100
7685,0.00021,172.31.36.0-255,66,32684,19,259100
7686,0.000234,74.125.130.0-255,2902,35586,19,259100
7687,0.000237,172.31.36.0-255,66,35652,19,259100
7688,0.000241,74.125.130.0-255,1484,37136,19,259100
7689,0.000242,172.31.36.0-255,66,37202,19,259100
7690,0.000267,74.125.130.0-255,4320,41522,19,259100
7691,0.00027,172.31.36.0-255,66,41588,19,259100
7692,0.000283,74.125.130.0-255,6797,48385,19,259100
7693,0.000285,172.31.36.0-255,66,48451,19,259100
7694,0.000623,74.125.130.0-255,1484,49935,19,259100
7695,0.000627,172.31.36.0-255,66,50001,19,259100
7696,0.000633,74.125.130.0-255,2902,52903,19,259100
7697,0.000636,172.31.36.0-255,66,52969,19,259100
7698,0.000658,74.125.130.0-255,4320,57289,19,259100
7699,0.000661,172.31.36.0-255,66,57355,19,259100
7700,0.000667,74.125.130.0-255,4320,61675,19,259100
7701,0.000669,172.31.36.0-255,66,61741,19,259100
7702,0.000691,74.125.130.0-255,1484,63225,19,259100
7703,0.000702,74.125.130.0-255,1484,64709,19,259100
7704,0.000705,172.31.36.0-255,66,64775,19,259100
7705,0.000737,74.125.130.0-255,6797,71572,19,259100
7706,0.00074,172.31.36.0-255,66,71638,19,259100
7707,0.000747,74.125.130.0-255,7156,78794,19,259100
7708,0.000749,172.31.36.0-255,66,78860,19,259100
7709,0.000766,74.125.130.0-255,1484,80344,19,259100
7710,0.00077,74.125.130.0-255,1484,81828,19,259100
7711,0.00078,172.31.36.0-255,66,81894,19,259100
7712,0.000798,74.125.130.0-255,1125,83019,19,259100
7713,0.000919,172.31.36.0-255,66,83085,19,259100
7714,0.001071,74.125.130.0-255,1484,84569,19,259100
7715,0.00108,74.125.130.0-255,2902,87471,19,259100
7716,0.001084,172.31.36.0-255,66,87537,19,259100
7717,0.001116,74.125.130.0-255,2902,90439,19,259100
7718,0.001119,172.31.36.0-255,66,90505,19,259100
7719,0.001123,74.125.130.0-255,1484,91989,19,259100
7720,0.001145,74.125.130.0-255,2902,94891,19,259100
7721,0.001148,172.31.36.0-255,66,94957,19,259100
7722,0.001176,74.125.130.0-255,4320,99277,19,259100
7723,0.00118,172.31.36.0-255,66,99343,19,259100
7724,0.001212,74.125.130.0-255,1705,101048,19,259100
7725,0.001216,172.31.36.0-255,66,101114,19,259100
7726,0.001397,74.125.130.0-255,1484,102598,19,259100
7727,0.001402,74.125.130.0-255,1484,104082,19,259100
7728,0.001406,172.31.36.0-255,66,104148,19,259100
7729,0.001437,74.125.130.0-255,2902,107050,19,259100
7730,0.001441,172.31.36.0-255,66,107116,19,259100
7731,0.00147,74.125.130.0-255,5738,112854,19,259100
7732,0.001473,172.31.36.0-255,66,112920,19,259100
7733,0.001476,74.125.130.0-255,1484,114404,19,259100
7734,0.001481,74.125.130.0-255,2902,117306,19,259100
7735,0.001483,172.31.36.0-255,66,117372,19,259100
7736,0.001522,74.125.130.0-255,1980,119352,19,259100
7737,0.001526,172.31.36.0-255,66,119418,19,259100
7738,0.001556,74.125.130.0-255,2902,122320,19,259100
7739,0.001559,172.31.36.0-255,66,122386,19,259100
7740,0.001562,74.125.130.0-255,1484,123870,19,259100
7741,0.001584,74.125.130.0-255,2902,126772,19,259100
7742,0.001587,172.31.36.0-255,66,126838,19,259100
7743,0.001604,74.125.130.0-255,2902,129740,19,259100
7744,0.001606,172.31.36.0-255,66,129806,19,259100
7745,0.001612,74.125.130.0-255,5738,135544,19,259100
7746,0.001614,172.31.36.0-255,66,135610,19,259100
7747,0.001617,74.125.130.0-255,1484,137094,19,259100
7748,0.001643,74.125.130.0-255,5738,142832,19,259100
7749,0.001647,172.31.36.0-255,66,142898,19,259100
7750,0.001674,74.125.130.0-255,2902,145800,19,259100
7751,0.001678,172.31.36.0-255,66,145866,19,259100
7752,0.001684,74.125.130.0-255,6438,152304,19,259100
7753,0.001687,172.31.36.0-255,66,152370,19,259100
7754,0.001798,74.125.130.0-255,1484,153854,19,259100
7755,0.001803,74.125.130.0-255,1484,155338,19,259100
7756,0.001806,172.31.36.0-255,66,155404,19,259100
7757,0.001834,74.125.130.0-255,2902,158306,19,259100
7758,0.001837,172.31.36.0-255,66,158372,19,259100
7759,0.001843,74.125.130.0-255,5738,164110,19,259100
7760,0.001845,172.31.36.0-255,66,164176,19,259100
7761,0.00188,74.125.130.0-255,8574,172750,19,259100
7762,0.001883,172.31.36.0-255,66,172816,19,259100
7763,0.001889,74.125.130.0-255,4320,177136,19,259100
7764,0.00189,172.31.36.0-255,66,177202,19,259100
7765,0.001919,74.125.130.0-255,5738,182940,19,259100
7766,0.001923,172.31.36.0-255,66,183006,19,259100
7767,0.001928,74.125.130.0-255,3602,186608,19,259100
7768,0.00193,172.31.36.0-255,66,186674,19,259100
7769,0.002051,74.125.130.0-255,1484,188158,19,259100
7770,0.002055,74.125.130.0-255,1484,189642,19,259100
7771,0.002058,172.31.36.0-255,66,189708,19,259100
7772,0.002085,74.125.130.0-255,1484,191192,19,259100
7773,0.002092,74.125.130.0-255,5738,196930,19,259100
7774,0.002095,172.31.36.0-255,66,196996,19,259100
7775,0.002126,74.125.130.0-255,9992,206988,19,259100
7776,0.002129,172.31.36.0-255,66,207054,19,259100
7777,0.002145,74.125.130.0-255,2902,209956,19,259100
7778,0.002148,172.31.36.0-255,66,210022,19,259100
7779,0.002174,74.125.130.0-255,7156,217178,19,259100
7780,0.002178,172.31.36.0-255,66,217244,19,259100
7781,0.002206,74.125.130.0-255,3602,220846,19,259100
7782,0.002209,172.31.36.0-255,66,220912,19,259100
7783,0.002317,74.125.130.0-255,1484,222396,19,259100
7784,0.002333,74.125.130.0-255,2902,225298,19,259100
7785,0.002335,172.31.36.0-255,66,225364,19,259100
7786,0.002339,74.125.130.0-255,1484,226848,19,259100
7787,0.002365,74.125.130.0-255,4320,231168,19,259100
7788,0.002367,172.31.36.0-255,66,231234,19,259100
7789,0.002372,74.125.130.0-255,4320,235554,19,259100
7790,0.002374,172.31.36.0-255,66,235620,19,259100
7791,0.00238,74.125.130.0-255,5738,241358,19,259100
7792,0.002387,172.31.36.0-255,66,241424,19,259100
7793,0.004739,74.125.130.0-255,5738,247162,19,259100
7794,0.004744,172.31.36.0-255,66,247228,19,259100
7795,0.0071,74.125.130.0-255,2902,250130,19,259100
7796,0.007107,172.31.36.0-255,66,250196,19,259100
7797,0.007142,74.125.130.0-255,2902,253098,19,259100
7798,0.007146,172.31.36.0-255,66,253164,19,259100
7799,0.009481,74.125.130.0-255,2902,256066,19,259100
7800,0.009489,172.31.36.0-255,66,256132,19,259100
7801,0.009526,74.125.130.0-255,2902,259034,19,259100
7802,0.00953,172.31.36.0-255,66,259100,19,259100
7803,0.0,172.217.194.0-255,146,146,19,252480
7804,2.1e-05,172.31.36.0-255,66,212,19,252480
7805,2.8e-05,172.217.194.0-255,1484,1696,19,252480
7806,3.2e-05,172.31.36.0-255,66,1762,19,252480
7807,3.8e-05,172.217.194.0-255,2902,4664,19,252480
7808,4.2e-05,172.31.36.0-255,66,4730,19,252480
7809,4.9e-05,172.217.194.0-255,7156,11886,19,252480
7810,5.1e-05,172.31.36.0-255,66,11952,19,252480
7811,8.5e-05,172.217.194.0-255,4882,16834,19,252480
7812,8.9e-05,172.31.36.0-255,66,16900,19,252480
7813,9.4e-05,172.217.194.0-255,2902,19802,19,252480
7814,9.6e-05,172.31.36.0-255,66,19868,19,252480
7815,0.00011,172.217.194.0-255,2902,22770,19,252480
7816,0.000113,172.31.36.0-255,66,22836,19,252480
7817,0.000144,172.217.194.0-255,7156,29992,19,252480
7818,0.000148,172.31.36.0-255,66,30058,19,252480
7819,0.000164,172.217.194.0-255,1125,31183,19,252480
7820,0.000166,172.31.36.0-255,66,31249,19,252480
7821,0.000184,172.217.194.0-255,5738,36987,19,252480
7822,0.000187,172.31.36.0-255,66,37053,19,252480
7823,0.000209,172.217.194.0-255,2902,39955,19,252480
7824,0.000212,172.31.36.0-255,66,40021,19,252480
7825,0.000219,172.217.194.0-255,7156,47177,19,252480
7826,0.000221,172.31.36.0-255,66,47243,19,252480
7827,0.000236,172.217.194.0-255,1125,48368,19,252480
7828,0.000238,172.31.36.0-255,66,48434,19,252480
7829,0.000298,172.217.194.0-255,1484,49918,19,252480
7830,0.000301,172.31.36.0-255,66,49984,19,252480
7831,0.000321,172.217.194.0-255,2902,52886,19,252480
7832,0.000324,172.31.36.0-255,66,52952,19,252480
7833,0.00033,172.217.194.0-255,5738,58690,19,252480
7834,0.000332,172.31.36.0-255,66,58756,19,252480
7835,0.000337,172.217.194.0-255,2902,61658,19,252480
7836,0.000356,172.217.194.0-255,3961,65619,19,252480
7837,0.000368,172.217.194.0-255,678,66297,19,252480
7838,0.000466,172.217.194.0-255,1484,67781,19,252480
7839,0.000472,172.217.194.0-255,2902,70683,19,252480
7840,0.000487,172.217.194.0-255,5738,76421,19,252480
7841,0.000506,172.217.194.0-255,4320,80741,19,252480
7842,0.000543,172.31.36.0-255,66,80807,19,252480
7843,0.000549,172.217.194.0-255,1993,82800,19,252480
7844,0.000559,172.31.36.0-255,66,82866,19,252480
7845,0.000757,172.217.194.0-255,1484,84350,19,252480
7846,0.000774,172.217.194.0-255,2902,87252,19,252480
7847,0.000779,172.217.194.0-255,4320,91572,19,252480
7848,0.000792,172.217.194.0-255,1484,93056,19,252480
7849,0.000805,172.217.194.0-255,1484,94540,19,252480
7850,0.000824,172.217.194.0-255,7156,101696,19,252480
7851,0.000836,172.31.36.0-255,66,101762,19,252480
7852,0.000858,172.217.194.0-255,4320,106082,19,252480
7853,0.000865,172.31.36.0-255,66,106148,19,252480
7854,0.000878,172.217.194.0-255,10692,116840,19,252480
7855,0.000883,172.31.36.0-255,66,116906,19,252480
7856,0.001307,172.217.194.0-255,1484,118390,19,252480
7857,0.001314,172.217.194.0-255,2902,121292,19,252480
7858,0.001318,172.31.36.0-255,66,121358,19,252480
7859,0.00135,172.217.194.0-255,4320,125678,19,252480
7860,0.001354,172.31.36.0-255,66,125744,19,252480
7861,0.001363,172.217.194.0-255,1484,127228,19,252480
7862,0.001384,172.217.194.0-255,9992,137220,19,252480
7863,0.001387,172.31.36.0-255,66,137286,19,252480
7864,0.001413,172.217.194.0-255,3602,140888,19,252480
7865,0.001416,172.217.194.0-255,1484,142372,19,252480
7866,0.001431,172.31.36.0-255,66,142438,19,252480
7867,0.001437,172.217.194.0-255,2902,145340,19,252480
7868,0.001441,172.217.194.0-255,4320,149660,19,252480
7869,0.001446,172.31.36.0-255,66,149726,19,252480
7870,0.001467,172.217.194.0-255,5738,155464,19,252480
7871,0.00147,172.217.194.0-255,1484,156948,19,252480
7872,0.001481,172.31.36.0-255,66,157014,19,252480
7873,0.001516,172.31.36.0-255,66,157080,19,252480
7874,0.001533,172.217.194.0-255,766,157846,19,252480
7875,0.001563,172.217.194.0-255,2902,160748,19,252480
7876,0.00157,172.31.36.0-255,66,160814,19,252480
7877,0.00158,172.217.194.0-255,4320,165134,19,252480
7878,0.001591,172.31.36.0-255,66,165200,19,252480
7879,0.001596,172.217.194.0-255,4320,169520,19,252480
7880,0.001612,172.217.194.0-255,4320,173840,19,252480
7881,0.001618,172.217.194.0-255,4320,178160,19,252480
7882,0.001635,172.217.194.0-255,8574,186734,19,252480
7883,0.001652,172.31.36.0-255,66,186800,19,252480
7884,0.001666,172.217.194.0-255,2902,189702,19,252480
7885,0.001687,172.217.194.0-255,6438,196140,19,252480
7886,0.00169,172.217.194.0-255,1484,197624,19,252480
7887,0.001723,172.217.194.0-255,8574,206198,19,252480
7888,0.001729,172.217.194.0-255,4320,210518,19,252480
7889,0.001761,172.217.194.0-255,2184,212702,19,252480
7890,0.002173,172.217.194.0-255,1484,214186,19,252480
7891,0.002178,172.217.194.0-255,1484,215670,19,252480
7892,0.002191,172.217.194.0-255,1484,217154,19,252480
7893,0.002198,172.217.194.0-255,5738,222892,19,252480
7894,0.002223,172.217.194.0-255,2902,225794,19,252480
7895,0.002236,172.217.194.0-255,2902,228696,19,252480
7896,0.00225,172.217.194.0-255,4320,233016,19,252480
7897,0.00227,172.217.194.0-255,2902,235918,19,252480
7898,0.00228,172.217.194.0-255,10692,246610,19,252480
7899,0.00585,172.31.36.0-255,66,246676,19,252480
7900,0.008126,172.217.194.0-255,5738,252414,19,252480
7901,0.008137,172.31.36.0-255,66,252480,19,252480
7902,0.0,172.217.194.0-255,153,153,19,200343
7903,2.3e-05,172.31.36.0-255,66,219,19,200343
7904,3.1e-05,172.217.194.0-255,1484,1703,19,200343
7905,3.5e-05,172.31.36.0-255,66,1769,19,200343
7906,4e-05,172.217.194.0-255,2902,4671,19,200343
7907,5.2e-05,172.31.36.0-255,66,4737,19,200343
7908,6e-05,172.217.194.0-255,7156,11893,19,200343
7909,6.4e-05,172.31.36.0-255,66,11959,19,200343
7910,6.8e-05,172.217.194.0-255,2048,14007,19,200343
7911,7.1e-05,172.31.36.0-255,66,14073,19,200343
7912,0.000252,172.217.194.0-255,1484,15557,19,200343
7913,0.000257,172.31.36.0-255,66,15623,19,200343
7914,0.000263,172.217.194.0-255,2902,18525,19,200343
7915,0.000266,172.31.36.0-255,66,18591,19,200343
7916,0.000272,172.217.194.0-255,4320,22911,19,200343
7917,0.00028,172.31.36.0-255,66,22977,19,200343
7918,0.000318,172.217.194.0-255,1484,24461,19,200343
7919,0.000321,172.31.36.0-255,66,24527,19,200343
7920,0.000329,172.217.194.0-255,6797,31324,19,200343
7921,0.000331,172.31.36.0-255,66,31390,19,200343
7922,0.00035,172.31.36.0-255,66,31456,19,200343
7923,0.000354,172.217.194.0-255,2543,33999,19,200343
7924,0.000356,172.31.36.0-255,66,34065,19,200343
7925,0.000382,172.217.194.0-255,2902,36967,19,200343
7926,0.000385,172.31.36.0-255,66,37033,19,200343
7927,0.000388,172.217.194.0-255,1484,38517,19,200343
7928,0.000395,172.31.36.0-255,66,38583,19,200343
7929,0.000433,172.217.194.0-255,5738,44321,19,200343
7930,0.000435,172.31.36.0-255,66,44387,19,200343
7931,0.000443,172.217.194.0-255,7084,51471,19,200343
7932,0.000446,172.31.36.0-255,66,51537,19,200343
7933,0.000449,172.217.194.0-255,100,51637,19,200343
7934,0.000575,172.217.194.0-255,1484,53121,19,200343
7935,0.000579,172.31.36.0-255,66,53187,19,200343
7936,0.000584,172.217.194.0-255,2902,56089,19,200343
7937,0.000587,172.31.36.0-255,66,56155,19,200343
7938,0.000592,172.217.194.0-255,4320,60475,19,200343
7939,0.0006,172.31.36.0-255,66,60541,19,200343
7940,0.000613,172.217.194.0-255,1484,62025,19,200343
7941,0.000624,172.217.194.0-255,5738,67763,19,200343
7942,0.000626,172.31.36.0-255,66,67829,19,200343
7943,0.000668,172.31.36.0-255,66,67895,19,200343
7944,0.000674,172.217.194.0-255,3961,71856,19,200343
7945,0.000676,172.31.36.0-255,66,71922,19,200343
7946,0.000679,172.217.194.0-255,365,72287,19,200343
7947,0.000876,172.217.194.0-255,1484,73771,19,200343
7948,0.00088,172.31.36.0-255,66,73837,19,200343
7949,0.000886,172.217.194.0-255,2902,76739,19,200343
7950,0.000888,172.31.36.0-255,66,76805,19,200343
7951,0.000923,172.217.194.0-255,5738,82543,19,200343
7952,0.000926,172.31.36.0-255,66,82609,19,200343
7953,0.000939,172.31.36.0-255,66,82675,19,200343
7954,0.000952,172.217.194.0-255,9992,92667,19,200343
7955,0.000956,172.31.36.0-255,66,92733,19,200343
7956,0.000958,172.217.194.0-255,766,93499,19,200343
7957,0.001075,172.217.194.0-255,1484,94983,19,200343
7958,0.001081,172.31.36.0-255,66,95049,19,200343
7959,0.001091,172.217.194.0-255,2902,97951,19,200343
7960,0.001094,172.31.36.0-255,66,98017,19,200343
7961,0.001125,172.217.194.0-255,5738,103755,19,200343
7962,0.001128,172.31.36.0-255,66,103821,19,200343
7963,0.001148,172.31.36.0-255,66,103887,19,200343
7964,0.00115,172.217.194.0-255,1484,105371,19,200343
7965,0.001171,172.217.194.0-255,1484,106855,19,200343
7966,0.001174,172.31.36.0-255,66,106921,19,200343
7967,0.001203,172.217.194.0-255,7856,114777,19,200343
7968,0.001207,172.31.36.0-255,66,114843,19,200343
7969,0.001333,172.217.194.0-255,1484,116327,19,200343
7970,0.001339,172.217.194.0-255,2902,119229,19,200343
7971,0.001342,172.31.36.0-255,66,119295,19,200343
7972,0.001348,172.217.194.0-255,5738,125033,19,200343
7973,0.00135,172.31.36.0-255,66,125099,19,200343
7974,0.001386,172.217.194.0-255,9992,135091,19,200343
7975,0.001389,172.31.36.0-255,66,135157,19,200343
7976,0.001417,172.217.194.0-255,2902,138059,19,200343
7977,0.001419,172.31.36.0-255,66,138125,19,200343
7978,0.001429,172.217.194.0-255,10692,148817,19,200343
7979,0.001436,172.31.36.0-255,66,148883,19,200343
7980,0.002054,172.217.194.0-255,1484,150367,19,200343
7981,0.002059,172.217.194.0-255,2902,153269,19,200343
7982,0.002062,172.31.36.0-255,66,153335,19,200343
7983,0.002088,172.217.194.0-255,5738,159073,19,200343
7984,0.00209,172.31.36.0-255,66,159139,19,200343
7985,0.002096,172.217.194.0-255,5738,164877,19,200343
7986,0.002098,172.31.36.0-255,66,164943,19,200343
7987,0.002114,172.217.194.0-255,1484,166427,19,200343
7988,0.002146,172.31.36.0-255,66,166493,19,200343
7989,0.00215,172.217.194.0-255,2184,168677,19,200343
7990,0.002152,172.31.36.0-255,66,168743,19,200343
7991,0.002235,172.217.194.0-255,1484,170227,19,200343
7992,0.002238,172.217.194.0-255,1484,171711,19,200343
7993,0.002241,172.31.36.0-255,66,171777,19,200343
7994,0.002267,172.217.194.0-255,1484,173261,19,200343
7995,0.002273,172.217.194.0-255,5738,178999,19,200343
7996,0.002275,172.31.36.0-255,66,179065,19,200343
7997,0.002297,172.31.36.0-255,66,179131,19,200343
7998,0.002352,172.31.36.0-255,66,179197,19,200343
7999,0.002382,172.217.194.0-255,3602,182799,19,200343
8000,0.002384,172.31.36.0-255,66,182865,19,200343
8001,0.002403,172.31.36.0-255,66,182931,19,200343
8002,0.004723,172.217.194.0-255,5738,188669,19,200343
8003,0.00473,172.31.36.0-255,66,188735,19,200343
8004,0.007026,172.217.194.0-255,5738,194473,19,200343
8005,0.007034,172.31.36.0-255,66,194539,19,200343
8006,0.009365,172.217.194.0-255,5738,200277,19,200343
8007,0.009374,172.31.36.0-255,66,200343,19,200343
8008,0.0,74.125.24.0-255,297,297,19,334382
8009,3.4e-05,172.31.36.0-255,66,363,19,334382
8010,4.1e-05,74.125.24.0-255,1484,1847,19,334382
8011,4.5e-05,172.31.36.0-255,66,1913,19,334382
8012,5.8e-05,74.125.24.0-255,4320,6233,19,334382
8013,6.1e-05,172.31.36.0-255,66,6299,19,334382
8014,6.5e-05,74.125.24.0-255,2902,9201,19,334382
8015,6.7e-05,172.31.36.0-255,66,9267,19,334382
8016,7.6e-05,74.125.24.0-255,8895,18162,19,334382
8017,7.9e-05,172.31.36.0-255,66,18228,19,334382
8018,0.00012,172.31.36.0-255,66,18294,19,334382
8019,0.000146,74.125.24.0-255,1484,19778,19,334382
8020,0.000149,172.31.36.0-255,66,19844,19,334382
8021,0.000153,74.125.24.0-255,2902,22746,19,334382
8022,0.000156,172.31.36.0-255,66,22812,19,334382
8023,0.000187,74.125.24.0-255,5738,28550,19,334382
8024,0.00019,172.31.36.0-255,66,28616,19,334382
8025,0.0002,74.125.24.0-255,6797,35413,19,334382
8026,0.000202,172.31.36.0-255,66,35479,19,334382
8027,0.000377,74.125.24.0-255,1484,36963,19,334382
8028,0.000382,172.31.36.0-255,66,37029,19,334382
8029,0.000388,74.125.24.0-255,2902,39931,19,334382
8030,0.000392,172.31.36.0-255,66,39997,19,334382
8031,0.000407,74.125.24.0-255,5738,45735,19,334382
8032,0.00041,172.31.36.0-255,66,45801,19,334382
8033,0.000415,74.125.24.0-255,4320,50121,19,334382
8034,0.000419,172.31.36.0-255,66,50187,19,334382
8035,0.00047,74.125.24.0-255,3125,53312,19,334382
8036,0.000474,172.31.36.0-255,66,53378,19,334382
8037,0.000668,74.125.24.0-255,1484,54862,19,334382
8038,0.000672,172.31.36.0-255,66,54928,19,334382
8039,0.000677,74.125.24.0-255,2902,57830,19,334382
8040,0.00068,172.31.36.0-255,66,57896,19,334382
8041,0.000713,74.125.24.0-255,5738,63634,19,334382
8042,0.000716,172.31.36.0-255,66,63700,19,334382
8043,0.00073,172.31.36.0-255,66,63766,19,334382
8044,0.000742,74.125.24.0-255,5738,69504,19,334382
8045,0.000745,172.31.36.0-255,66,69570,19,334382
8046,0.000789,74.125.24.0-255,5020,74590,19,334382
8047,0.000793,172.31.36.0-255,66,74656,19,334382
8048,0.000908,74.125.24.0-255,1484,76140,19,334382
8049,0.000914,74.125.24.0-255,2902,79042,19,334382
8050,0.000917,172.31.36.0-255,66,79108,19,334382
8051,0.00095,74.125.24.0-255,5738,84846,19,334382
8052,0.000953,172.31.36.0-255,66,84912,19,334382
8053,0.000957,74.125.24.0-255,1484,86396,19,334382
8054,0.000964,74.125.24.0-255,8574,94970,19,334382
8055,0.000973,172.31.36.0-255,66,95036,19,334382
8056,0.000998,74.125.24.0-255,9992,105028,19,334382
8057,0.001004,172.31.36.0-255,66,105094,19,334382
8058,0.001016,74.125.24.0-255,3602,108696,19,334382
8059,0.001024,172.31.36.0-255,66,108762,19,334382
8060,0.001082,74.125.24.0-255,1484,110246,19,334382
8061,0.001095,74.125.24.0-255,2902,113148,19,334382
8062,0.001099,172.31.36.0-255,66,113214,19,334382
8063,0.00113,74.125.24.0-255,5738,118952,19,334382
8064,0.001133,172.31.36.0-255,66,119018,19,334382
8065,0.00114,74.125.24.0-255,7156,126174,19,334382
8066,0.001142,172.31.36.0-255,66,126240,19,334382
8067,0.001164,172.31.36.0-255,66,126306,19,334382
8068,0.001168,74.125.24.0-255,2184,128490,19,334382
8069,0.00117,172.31.36.0-255,66,128556,19,334382
8070,0.001218,74.125.24.0-255,2902,131458,19,334382
8071,0.001223,74.125.24.0-255,4320,135778,19,334382
8072,0.001223,172.31.36.0-255,66,135844,19,334382
8073,0.001227,172.31.36.0-255,66,135910,19,334382
8074,0.001265,74.125.24.0-255,8574,144484,19,334382
8075,0.001269,172.31.36.0-255,66,144550,19,334382
8076,0.001278,74.125.24.0-255,9992,154542,19,334382
8077,0.00128,172.31.36.0-255,66,154608,19,334382
8078,0.001322,74.125.24.0-255,7856,162464,19,334382
8079,0.001326,172.31.36.0-255,66,162530,19,334382
8080,0.001389,74.125.24.0-255,1484,164014,19,334382
8081,0.001407,74.125.24.0-255,2902,166916,19,334382
8082,0.00141,172.31.36.0-255,66,166982,19,334382
8083,0.001416,74.125.24.0-255,4320,171302,19,334382
8084,0.001418,172.31.36.0-255,66,171368,19,334382
8085,0.001435,74.125.24.0-255,1484,172852,19,334382
8086,0.001447,74.125.24.0-255,7156,180008,19,334382
8087,0.001452,172.31.36.0-255,66,180074,19,334382
8088,0.001453,74.125.24.0-255,7156,187230,19,334382
8089,0.001455,172.31.36.0-255,66,187296,19,334382
8090,0.001476,74.125.24.0-255,7156,194452,19,334382
8091,0.001479,172.31.36.0-255,66,194518,19,334382
8092,0.001482,74.125.24.0-255,2184,196702,19,334382
8093,0.001484,172.31.36.0-255,66,196768,19,334382
8094,0.001529,74.125.24.0-255,7156,203924,19,334382
8095,0.001533,172.31.36.0-255,66,203990,19,334382
8096,0.001578,74.125.24.0-255,2902,206892,19,334382
8097,0.001582,172.31.36.0-255,66,206958,19,334382
8098,0.001593,74.125.24.0-255,5738,212696,19,334382
8099,0.0016,172.31.36.0-255,66,212762,19,334382
8100,0.001632,172.31.36.0-255,66,212828,19,334382
8101,0.001636,74.125.24.0-255,766,213594,19,334382
8102,0.001642,74.125.24.0-255,8574,222168,19,334382
8103,0.001645,172.31.36.0-255,66,222234,19,334382
8104,0.001652,74.125.24.0-255,9992,232226,19,334382
8105,0.001654,172.31.36.0-255,66,232292,19,334382
8106,0.001696,172.31.36.0-255,66,232358,19,334382
8107,0.001742,74.125.24.0-255,1484,233842,19,334382
8108,0.001759,74.125.24.0-255,2902,236744,19,334382
8109,0.001762,172.31.36.0-255,66,236810,19,334382
8110,0.001769,74.125.24.0-255,5738,242548,19,334382
8111,0.001771,172.31.36.0-255,66,242614,19,334382
8112,0.001791,74.125.24.0-255,8574,251188,19,334382
8113,0.001794,172.31.36.0-255,66,251254,19,334382
8114,0.001824,74.125.24.0-255,4320,255574,19,334382
8115,0.001827,172.31.36.0-255,66,255640,19,334382
8116,0.001838,74.125.24.0-255,10692,266332,19,334382
8117,0.001845,172.31.36.0-255,66,266398,19,334382
8118,0.00187,74.125.24.0-255,1484,267882,19,334382
8119,0.001885,74.125.24.0-255,5738,273620,19,334382
8120,0.001889,172.31.36.0-255,66,273686,19,334382
8121,0.001897,74.125.24.0-255,8574,282260,19,334382
8122,0.001899,172.31.36.0-255,66,282326,19,334382
8123,0.001931,74.125.24.0-255,9992,292318,19,334382
8124,0.001936,172.31.36.0-255,66,292384,19,334382
8125,0.001973,74.125.24.0-255,7156,299540,19,334382
8126,0.001976,172.31.36.0-255,66,299606,19,334382
8127,0.001979,74.125.24.0-255,766,300372,19,334382
8128,0.001982,74.125.24.0-255,1484,301856,19,334382
8129,0.001984,172.31.36.0-255,66,301922,19,334382
8130,0.001989,74.125.24.0-255,2902,304824,19,334382
8131,0.001997,172.31.36.0-255,66,304890,19,334382
8132,0.002003,74.125.24.0-255,5738,310628,19,334382
8133,0.002005,172.31.36.0-255,66,310694,19,334382
8134,0.002052,74.125.24.0-255,9992,320686,19,334382
8135,0.002057,172.31.36.0-255,66,320752,19,334382
8136,0.002089,74.125.24.0-255,2902,323654,19,334382
8137,0.002093,172.31.36.0-255,66,323720,19,334382
8138,0.0021,74.125.24.0-255,5738,329458,19,334382
8139,0.002103,172.31.36.0-255,66,329524,19,334382
8140,0.002114,74.125.24.0-255,4516,334040,19,334382
8141,0.002118,172.31.36.0-255,66,334106,19,334382
8142,0.002121,74.125.24.0-255,105,334211,19,334382
8143,0.009477,172.31.36.0-255,66,334277,19,334382
8144,0.009522,172.31.36.0-255,105,334382,19,334382
8145,0.0,74.125.24.0-255,153,153,19,111408
8146,2.3e-05,172.31.36.0-255,66,219,19,111408
8147,3.1e-05,74.125.24.0-255,1484,1703,19,111408
8148,3.5e-05,172.31.36.0-255,66,1769,19,111408
8149,4.8e-05,74.125.24.0-255,2902,4671,19,111408
8150,5.1e-05,172.31.36.0-255,66,4737,19,111408
8151,5.9e-05,74.125.24.0-255,5738,10475,19,111408
8152,6.1e-05,172.31.36.0-255,66,10541,19,111408
8153,6.8e-05,74.125.24.0-255,5738,16279,19,111408
8154,7.1e-05,172.31.36.0-255,66,16345,19,111408
8155,0.000109,74.125.24.0-255,7602,23947,19,111408
8156,0.000112,172.31.36.0-255,66,24013,19,111408
8157,0.00012,74.125.24.0-255,6797,30810,19,111408
8158,0.000122,172.31.36.0-255,66,30876,19,111408
8159,0.000231,74.125.24.0-255,1484,32360,19,111408
8160,0.000235,172.31.36.0-255,66,32426,19,111408
8161,0.00024,74.125.24.0-255,2902,35328,19,111408
8162,0.000242,172.31.36.0-255,66,35394,19,111408
8163,0.000248,74.125.24.0-255,5738,41132,19,111408
8164,0.00025,172.31.36.0-255,66,41198,19,111408
8165,0.000297,74.125.24.0-255,6797,47995,19,111408
8166,0.0003,172.31.36.0-255,66,48061,19,111408
8167,0.001177,74.125.24.0-255,1484,49545,19,111408
8168,0.001183,172.31.36.0-255,66,49611,19,111408
8169,0.001191,74.125.24.0-255,2902,52513,19,111408
8170,0.001192,172.31.36.0-255,66,52579,19,111408
8171,0.001203,74.125.24.0-255,5738,58317,19,111408
8172,0.001205,172.31.36.0-255,66,58383,19,111408
8173,0.001249,74.125.24.0-255,6797,65180,19,111408
8174,0.001251,172.31.36.0-255,66,65246,19,111408
8175,0.001307,74.125.24.0-255,1484,66730,19,111408
8176,0.00131,172.31.36.0-255,66,66796,19,111408
8177,0.001316,74.125.24.0-255,2902,69698,19,111408
8178,0.001341,74.125.24.0-255,5738,75436,19,111408
8179,0.001348,74.125.24.0-255,6797,82233,19,111408
8180,0.001382,74.125.24.0-255,5738,87971,19,111408
8181,0.001405,74.125.24.0-255,8574,96545,19,111408
8182,0.001409,74.125.24.0-255,2543,99088,19,111408
8183,0.00142,74.125.24.0-255,646,99734,19,111408
8184,0.00486,172.31.36.0-255,66,99800,19,111408
8185,0.006863,74.125.24.0-255,5738,105538,19,111408
8186,0.006869,172.31.36.0-255,66,105604,19,111408
8187,0.008855,74.125.24.0-255,5738,111342,19,111408
8188,0.008862,172.31.36.0-255,66,111408,19,111408
8189,0.0,172.31.36.0-255,165,165,19,231
8190,0.008383,74.125.24.0-255,66,231,19,231
8191,0.0,74.125.130.0-255,152,152,19,325085
8192,2.9e-05,172.31.36.0-255,66,218,19,325085
8193,3.7e-05,74.125.130.0-255,1484,1702,19,325085
8194,4.1e-05,172.31.36.0-255,66,1768,19,325085
8195,4.7e-05,74.125.130.0-255,2902,4670,19,325085
8196,5.7e-05,172.31.36.0-255,66,4736,19,325085
8197,6.4e-05,74.125.130.0-255,5738,10474,19,325085
8198,6.7e-05,172.31.36.0-255,66,10540,19,325085
8199,8e-05,74.125.130.0-255,1484,12024,19,325085
8200,8.3e-05,172.31.36.0-255,66,12090,19,325085
8201,0.000123,172.31.36.0-255,66,12156,19,325085
8202,0.000129,74.125.130.0-255,4320,16476,19,325085
8203,0.000131,172.31.36.0-255,66,16542,19,325085
8204,0.000156,74.125.130.0-255,2543,19085,19,325085
8205,0.000164,172.31.36.0-255,66,19151,19,325085
8206,0.000214,74.125.130.0-255,1484,20635,19,325085
8207,0.000217,172.31.36.0-255,66,20701,19,325085
8208,0.000244,74.125.130.0-255,2902,23603,19,325085
8209,0.000247,172.31.36.0-255,66,23669,19,325085
8210,0.000252,74.125.130.0-255,4320,27989,19,325085
8211,0.000255,172.31.36.0-255,66,28055,19,325085
8212,0.000259,74.125.130.0-255,2902,30957,19,325085
8213,0.00027,172.31.36.0-255,66,31023,19,325085
8214,0.000296,74.125.130.0-255,6797,37820,19,325085
8215,0.000305,172.31.36.0-255,66,37886,19,325085
8216,0.000312,74.125.130.0-255,5738,43624,19,325085
8217,0.000314,172.31.36.0-255,66,43690,19,325085
8218,0.000321,74.125.130.0-255,7156,50846,19,325085
8219,0.000323,172.31.36.0-255,66,50912,19,325085
8220,0.000376,74.125.130.0-255,3133,54045,19,325085
8221,0.000379,172.31.36.0-255,66,54111,19,325085
8222,0.000454,74.125.130.0-255,1484,55595,19,325085
8223,0.000459,74.125.130.0-255,2902,58497,19,325085
8224,0.000462,172.31.36.0-255,66,58563,19,325085
8225,0.000466,74.125.130.0-255,1484,60047,19,325085
8226,0.000496,74.125.130.0-255,4320,64367,19,325085
8227,0.000499,172.31.36.0-255,66,64433,19,325085
8228,0.000507,74.125.130.0-255,6797,71230,19,325085
8229,0.00051,172.31.36.0-255,66,71296,19,325085
8230,0.000522,74.125.130.0-255,2902,74198,19,325085
8231,0.000524,172.31.36.0-255,66,74264,19,325085
8232,0.000539,74.125.130.0-255,4320,78584,19,325085
8233,0.000546,172.31.36.0-255,66,78650,19,325085
8234,0.000555,74.125.130.0-255,9633,88283,19,325085
8235,0.000558,172.31.36.0-255,66,88349,19,325085
8236,0.000858,74.125.130.0-255,1484,89833,19,325085
8237,0.000864,74.125.130.0-255,2902,92735,19,325085
8238,0.000867,172.31.36.0-255,66,92801,19,325085
8239,0.000871,74.125.130.0-255,1484,94285,19,325085
8240,0.00089,74.125.130.0-255,4320,98605,19,325085
8241,0.000893,172.31.36.0-255,66,98671,19,325085
8242,0.0009,74.125.130.0-255,5738,104409,19,325085
8243,0.000902,172.31.36.0-255,66,104475,19,325085
8244,0.000906,74.125.130.0-255,2902,107377,19,325085
8245,0.000908,172.31.36.0-255,66,107443,19,325085
8246,0.000941,74.125.130.0-255,4320,111763,19,325085
8247,0.000945,172.31.36.0-255,66,111829,19,325085
8248,0.000949,74.125.130.0-255,2902,114731,19,325085
8249,0.000952,172.31.36.0-255,66,114797,19,325085
8250,0.000987,74.125.130.0-255,7856,122653,19,325085
8251,0.000994,172.31.36.0-255,66,122719,19,325085
8252,0.001132,74.125.130.0-255,1484,124203,19,325085
8253,0.001144,74.125.130.0-255,1484,125687,19,325085
8254,0.001148,74.125.130.0-255,2902,128589,19,325085
8255,0.001149,172.31.36.0-255,66,128655,19,325085
8256,0.001153,172.31.36.0-255,66,128721,19,325085
8257,0.001179,74.125.130.0-255,5738,134459,19,325085
8258,0.001188,172.31.36.0-255,66,134525,19,325085
8259,0.001214,74.125.130.0-255,2902,137427,19,325085
8260,0.001217,172.31.36.0-255,66,137493,19,325085
8261,0.001222,74.125.130.0-255,4320,141813,19,325085
8262,0.001224,172.31.36.0-255,66,141879,19,325085
8263,0.001252,74.125.130.0-255,1484,143363,19,325085
8264,0.001266,74.125.130.0-255,4320,147683,19,325085
8265,0.00127,172.31.36.0-255,66,147749,19,325085
8266,0.001278,74.125.130.0-255,7156,154905,19,325085
8267,0.00128,172.31.36.0-255,66,154971,19,325085
8268,0.001314,74.125.130.0-255,3602,158573,19,325085
8269,0.001317,172.31.36.0-255,66,158639,19,325085
8270,0.001323,74.125.130.0-255,4320,162959,19,325085
8271,0.001325,172.31.36.0-255,66,163025,19,325085
8272,0.001359,74.125.130.0-255,2902,165927,19,325085
8273,0.001362,172.31.36.0-255,66,165993,19,325085
8274,0.001368,74.125.130.0-255,4320,170313,19,325085
8275,0.00137,172.31.36.0-255,66,170379,19,325085
8276,0.00141,74.125.130.0-255,8574,178953,19,325085
8277,0.001413,172.31.36.0-255,66,179019,19,325085
8278,0.001421,74.125.130.0-255,7156,186175,19,325085
8279,0.001424,172.31.36.0-255,66,186241,19,325085
8280,0.001457,74.125.130.0-255,5020,191261,19,325085
8281,0.00146,172.31.36.0-255,66,191327,19,325085
8282,0.001522,74.125.130.0-255,1484,192811,19,325085
8283,0.001526,74.125.130.0-255,1484,194295,19,325085
8284,0.001529,172.31.36.0-255,66,194361,19,325085
8285,0.001564,74.125.130.0-255,1484,195845,19,325085
8286,0.00157,74.125.130.0-255,5738,201583,19,325085
8287,0.001573,172.31.36.0-255,66,201649,19,325085
8288,0.001579,74.125.130.0-255,4320,205969,19,325085
8289,0.001581,172.31.36.0-255,66,206035,19,325085
8290,0.001587,74.125.130.0-255,5738,211773,19,325085
8291,0.001595,172.31.36.0-255,66,211839,19,325085
8292,0.001604,74.125.130.0-255,8574,220413,19,325085
8293,0.001607,172.31.36.0-255,66,220479,19,325085
8294,0.001639,74.125.130.0-255,2902,223381,19,325085
8295,0.001642,172.31.36.0-255,66,223447,19,325085
8296,0.001646,74.125.130.0-255,2184,225631,19,325085
8297,0.001649,172.31.36.0-255,66,225697,19,325085
8298,0.0017,74.125.130.0-255,1484,227181,19,325085
8299,0.001715,74.125.130.0-255,2902,230083,19,325085
8300,0.001718,172.31.36.0-255,66,230149,19,325085
8301,0.001723,74.125.130.0-255,2902,233051,19,325085
8302,0.001726,172.31.36.0-255,66,233117,19,325085
8303,0.001746,74.125.130.0-255,2902,236019,19,325085
8304,0.001753,172.31.36.0-255,66,236085,19,325085
8305,0.001804,74.125.130.0-255,7156,243241,19,325085
8306,0.001808,172.31.36.0-255,66,243307,19,325085
8307,0.001849,74.125.130.0-255,5738,249045,19,325085
8308,0.001853,172.31.36.0-255,66,249111,19,325085
8309,0.001861,74.125.130.0-255,8574,257685,19,325085
8310,0.001864,172.31.36.0-255,66,257751,19,325085
8311,0.001885,172.31.36.0-255,66,257817,19,325085
8312,0.0019,172.31.36.0-255,66,257883,19,325085
8313,0.001905,74.125.130.0-255,5020,262903,19,325085
8314,0.001907,172.31.36.0-255,66,262969,19,325085
8315,0.001913,74.125.130.0-255,5738,268707,19,325085
8316,0.001916,172.31.36.0-255,66,268773,19,325085
8317,0.001928,172.31.36.0-255,66,268839,19,325085
8318,0.001935,74.125.130.0-255,5738,274577,19,325085
8319,0.001938,172.31.36.0-255,66,274643,19,325085
8320,0.001945,74.125.130.0-255,7156,281799,19,325085
8321,0.001948,172.31.36.0-255,66,281865,19,325085
8322,0.001995,74.125.130.0-255,5020,286885,19,325085
8323,0.001998,172.31.36.0-255,66,286951,19,325085
8324,0.002005,74.125.130.0-255,5738,292689,19,325085
8325,0.002008,172.31.36.0-255,66,292755,19,325085
8326,0.002023,74.125.130.0-255,9992,302747,19,325085
8327,0.002026,172.31.36.0-255,66,302813,19,325085
8328,0.00206,74.125.130.0-255,2902,305715,19,325085
8329,0.002063,172.31.36.0-255,66,305781,19,325085
8330,0.002071,74.125.130.0-255,8574,314355,19,325085
8331,0.002073,172.31.36.0-255,66,314421,19,325085
8332,0.002083,74.125.130.0-255,4320,318741,19,325085
8333,0.002086,172.31.36.0-255,66,318807,19,325085
8334,0.002131,172.31.36.0-255,66,318873,19,325085
8335,0.002137,74.125.130.0-255,5738,324611,19,325085
8336,0.002139,172.31.36.0-255,66,324677,19,325085
8337,0.002181,172.31.36.0-255,66,324743,19,325085
8338,0.002184,74.125.130.0-255,105,324848,19,325085
8339,0.007586,172.31.36.0-255,66,324914,19,325085
8340,0.007615,172.31.36.0-255,105,325019,19,325085
8341,0.00988,74.125.130.0-255,66,325085,19,325085
8342,0.0,74.125.24.0-255,298,298,19,161383
8343,1.7e-05,172.31.36.0-255,66,364,19,161383
8344,2.3e-05,74.125.24.0-255,1484,1848,19,161383
8345,2.7e-05,172.31.36.0-255,66,1914,19,161383
8346,4.2e-05,74.125.24.0-255,4320,6234,19,161383
8347,4.6e-05,172.31.36.0-255,66,6300,19,161383
8348,5.6e-05,74.125.24.0-255,7529,13829,19,161383
8349,5.9e-05,172.31.36.0-255,66,13895,19,161383
8350,8.6e-05,74.125.24.0-255,1484,15379,19,161383
8351,9.4e-05,172.31.36.0-255,66,15445,19,161383
8352,9.8e-05,74.125.24.0-255,2902,18347,19,161383
8353,0.000101,172.31.36.0-255,66,18413,19,161383
8354,0.00015,74.125.24.0-255,5738,24151,19,161383
8355,0.000154,172.31.36.0-255,66,24217,19,161383
8356,0.000157,74.125.24.0-255,1484,25701,19,161383
8357,0.000159,172.31.36.0-255,66,25767,19,161383
8358,0.0002,74.125.24.0-255,5379,31146,19,161383
8359,0.000202,172.31.36.0-255,66,31212,19,161383
8360,0.000241,74.125.24.0-255,1484,32696,19,161383
8361,0.000243,172.31.36.0-255,66,32762,19,161383
8362,0.000271,74.125.24.0-255,2902,35664,19,161383
8363,0.000274,172.31.36.0-255,66,35730,19,161383
8364,0.00028,74.125.24.0-255,5738,41468,19,161383
8365,0.000283,172.31.36.0-255,66,41534,19,161383
8366,0.000303,172.31.36.0-255,66,41600,19,161383
8367,0.000309,74.125.24.0-255,4320,45920,19,161383
8368,0.000311,172.31.36.0-255,66,45986,19,161383
8369,0.000341,74.125.24.0-255,5738,51724,19,161383
8370,0.000347,172.31.36.0-255,66,51790,19,161383
8371,0.000351,74.125.24.0-255,1125,52915,19,161383
8372,0.000353,172.31.36.0-255,66,52981,19,161383
8373,0.000488,74.125.24.0-255,411,53392,19,161383
8374,0.000519,74.125.24.0-255,331,53723,19,161383
8375,0.000718,74.125.24.0-255,1484,55207,19,161383
8376,0.000724,74.125.24.0-255,2902,58109,19,161383
8377,0.000738,74.125.24.0-255,2902,61011,19,161383
8378,0.00075,172.31.36.0-255,66,61077,19,161383
8379,0.00076,74.125.24.0-255,2902,63979,19,161383
8380,0.000767,74.125.24.0-255,8574,72553,19,161383
8381,0.000783,172.31.36.0-255,66,72619,19,161383
8382,0.000786,74.125.24.0-255,1484,74103,19,161383
8383,0.000816,74.125.24.0-255,5738,79841,19,161383
8384,0.000823,172.31.36.0-255,66,79907,19,161383
8385,0.000844,74.125.24.0-255,7856,87763,19,161383
8386,0.000863,172.31.36.0-255,66,87829,19,161383
8387,0.001651,74.125.24.0-255,1484,89313,19,161383
8388,0.001661,74.125.24.0-255,2902,92215,19,161383
8389,0.001665,172.31.36.0-255,66,92281,19,161383
8390,0.001672,74.125.24.0-255,5738,98019,19,161383
8391,0.001697,74.125.24.0-255,5738,103757,19,161383
8392,0.001703,74.125.24.0-255,5738,109495,19,161383
8393,0.001725,74.125.24.0-255,7156,116651,19,161383
8394,0.001731,74.125.24.0-255,5020,121671,19,161383
8395,0.001777,74.125.24.0-255,5738,127409,19,161383
8396,0.001781,74.125.24.0-255,1484,128893,19,161383
8397,0.001784,74.125.24.0-255,1484,130377,19,161383
8398,0.001805,74.125.24.0-255,7156,137533,19,161383
8399,0.001833,74.125.24.0-255,2902,140435,19,161383
8400,0.001876,74.125.24.0-255,2902,143337,19,161383
8401,0.001913,74.125.24.0-255,8574,151911,19,161383
8402,0.001962,74.125.24.0-255,3602,155513,19,161383
8403,0.007827,172.31.36.0-255,66,155579,19,161383
8404,0.009842,74.125.24.0-255,5738,161317,19,161383
8405,0.009851,172.31.36.0-255,66,161383,19,161383
8406,0.0,74.125.130.0-255,149,149,19,206852
8407,2.3e-05,172.31.36.0-255,66,215,19,206852
8408,3e-05,74.125.130.0-255,1484,1699,19,206852
8409,3.5e-05,172.31.36.0-255,66,1765,19,206852
8410,5.6e-05,74.125.130.0-255,2902,4667,19,206852
8411,5.9e-05,172.31.36.0-255,66,4733,19,206852
8412,6.7e-05,74.125.130.0-255,5738,10471,19,206852
8413,7e-05,172.31.36.0-255,66,10537,19,206852
8414,7.5e-05,74.125.130.0-255,3437,13974,19,206852
8415,7.8e-05,172.31.36.0-255,66,14040,19,206852
8416,8.4e-05,74.125.130.0-255,4320,18360,19,206852
8417,8.7e-05,172.31.36.0-255,66,18426,19,206852
8418,0.000106,74.125.130.0-255,4320,22746,19,206852
8419,0.000109,172.31.36.0-255,66,22812,19,206852
8420,0.000127,74.125.130.0-255,5738,28550,19,206852
8421,0.00013,172.31.36.0-255,66,28616,19,206852
8422,0.000134,74.125.130.0-255,2543,31159,19,206852
8423,0.000136,172.31.36.0-255,66,31225,19,206852
8424,0.000235,74.125.130.0-255,1484,32709,19,206852
8425,0.000238,172.31.36.0-255,66,32775,19,206852
8426,0.000244,74.125.130.0-255,2902,35677,19,206852
8427,0.000247,172.31.36.0-255,66,35743,19,206852
8428,0.000283,74.125.130.0-255,5738,41481,19,206852
8429,0.000285,172.31.36.0-255,66,41547,19,206852
8430,0.000292,74.125.130.0-255,7156,48703,19,206852
8431,0.000295,172.31.36.0-255,66,48769,19,206852
8432,0.000343,172.31.36.0-255,66,48835,19,206852
8433,0.000347,74.125.130.0-255,2184,51019,19,206852
8434,0.00035,172.31.36.0-255,66,51085,19,206852
8435,0.000353,74.125.130.0-255,677,51762,19,206852
8436,0.000355,172.31.36.0-255,66,51828,19,206852
8437,0.000928,74.125.130.0-255,1484,53312,19,206852
8438,0.000937,74.125.130.0-255,2902,56214,19,206852
8439,0.000942,172.31.36.0-255,66,56280,19,206852
8440,0.000946,74.125.130.0-255,1484,57764,19,206852
8441,0.000969,74.125.130.0-255,4320,62084,19,206852
8442,0.000972,172.31.36.0-255,66,62150,19,206852
8443,0.000978,74.125.130.0-255,4320,66470,19,206852
8444,0.00098,172.31.36.0-255,66,66536,19,206852
8445,0.001017,74.125.130.0-255,8574,75110,19,206852
8446,0.00102,172.31.36.0-255,66,75176,19,206852
8447,0.001029,74.125.130.0-255,8574,83750,19,206852
8448,0.001031,172.31.36.0-255,66,83816,19,206852
8449,0.001036,74.125.130.0-255,2184,86000,19,206852
8450,0.001038,172.31.36.0-255,66,86066,19,206852
8451,0.001371,74.125.130.0-255,1484,87550,19,206852
8452,0.001392,74.125.130.0-255,2902,90452,19,206852
8453,0.001395,172.31.36.0-255,66,90518,19,206852
8454,0.0014,74.125.130.0-255,1484,92002,19,206852
8455,0.001419,74.125.130.0-255,2902,94904,19,206852
8456,0.001421,172.31.36.0-255,66,94970,19,206852
8457,0.001428,74.125.130.0-255,5738,100708,19,206852
8458,0.00143,172.31.36.0-255,66,100774,19,206852
8459,0.001447,74.125.130.0-255,2902,103676,19,206852
8460,0.001449,172.31.36.0-255,66,103742,19,206852
8461,0.001456,74.125.130.0-255,5738,109480,19,206852
8462,0.001458,172.31.36.0-255,66,109546,19,206852
8463,0.001466,74.125.130.0-255,7156,116702,19,206852
8464,0.001468,172.31.36.0-255,66,116768,19,206852
8465,0.001512,74.125.130.0-255,1484,118252,19,206852
8466,0.001537,74.125.130.0-255,2184,120436,19,206852
8467,0.001542,172.31.36.0-255,66,120502,19,206852
8468,0.001545,74.125.130.0-255,1484,121986,19,206852
8469,0.001561,74.125.130.0-255,2902,124888,19,206852
8470,0.001564,172.31.36.0-255,66,124954,19,206852
8471,0.001567,74.125.130.0-255,1484,126438,19,206852
8472,0.001589,74.125.130.0-255,4320,130758,19,206852
8473,0.001591,172.31.36.0-255,66,130824,19,206852
8474,0.0016,74.125.130.0-255,8574,139398,19,206852
8475,0.001602,172.31.36.0-255,66,139464,19,206852
8476,0.001621,74.125.130.0-255,4320,143784,19,206852
8477,0.001623,172.31.36.0-255,66,143850,19,206852
8478,0.001631,74.125.130.0-255,7156,151006,19,206852
8479,0.001634,172.31.36.0-255,66,151072,19,206852
8480,0.001653,74.125.130.0-255,3602,154674,19,206852
8481,0.001657,172.31.36.0-255,66,154740,19,206852
8482,0.001864,74.125.130.0-255,1484,156224,19,206852
8483,0.00187,74.125.130.0-255,2902,159126,19,206852
8484,0.001873,172.31.36.0-255,66,159192,19,206852
8485,0.001898,74.125.130.0-255,5738,164930,19,206852
8486,0.001901,172.31.36.0-255,66,164996,19,206852
8487,0.001948,74.125.130.0-255,1484,166480,19,206852
8488,0.001973,74.125.130.0-255,2902,169382,19,206852
8489,0.001976,172.31.36.0-255,66,169448,19,206852
8490,0.002002,74.125.130.0-255,5738,175186,19,206852
8491,0.002005,172.31.36.0-255,66,175252,19,206852
8492,0.00201,74.125.130.0-255,4320,179572,19,206852
8493,0.002013,172.31.36.0-255,66,179638,19,206852
8494,0.002016,74.125.130.0-255,1484,181122,19,206852
8495,0.002042,74.125.130.0-255,4320,185442,19,206852
8496,0.002045,172.31.36.0-255,66,185508,19,206852
8497,0.002066,74.125.130.0-255,3602,189110,19,206852
8498,0.002069,172.31.36.0-255,66,189176,19,206852
8499,0.004233,74.125.130.0-255,1484,190660,19,206852
8500,0.004252,74.125.130.0-255,4320,194980,19,206852
8501,0.004258,172.31.36.0-255,66,195046,19,206852
8502,0.006449,74.125.130.0-255,2902,197948,19,206852
8503,0.006452,172.31.36.0-255,66,198014,19,206852
8504,0.006471,74.125.130.0-255,2902,200916,19,206852
8505,0.006473,172.31.36.0-255,66,200982,19,206852
8506,0.008664,74.125.130.0-255,4320,205302,19,206852
8507,0.008671,172.31.36.0-255,66,205368,19,206852
8508,0.008691,74.125.130.0-255,1484,206852,19,206852
8509,0.0,172.31.36.0-255,66,66,19,66
8510,0.0,172.217.194.0-255,146,146,19,262825
8511,2.4e-05,172.31.36.0-255,66,212,19,262825
8512,3.1e-05,172.217.194.0-255,1484,1696,19,262825
8513,3.5e-05,172.31.36.0-255,66,1762,19,262825
8514,4.1e-05,172.217.194.0-255,2902,4664,19,262825
8515,4.4e-05,172.31.36.0-255,66,4730,19,262825
8516,5.2e-05,172.217.194.0-255,7156,11886,19,262825
8517,5.4e-05,172.31.36.0-255,66,11952,19,262825
8518,7.6e-05,172.217.194.0-255,1968,13920,19,262825
8519,7.9e-05,172.31.36.0-255,66,13986,19,262825
8520,0.000157,172.217.194.0-255,1484,15470,19,262825
8521,0.00016,172.31.36.0-255,66,15536,19,262825
8522,0.000165,172.217.194.0-255,2902,18438,19,262825
8523,0.000168,172.31.36.0-255,66,18504,19,262825
8524,0.000173,172.217.194.0-255,4320,22824,19,262825
8525,0.000176,172.31.36.0-255,66,22890,19,262825
8526,0.000194,172.217.194.0-255,1484,24374,19,262825
8527,0.000196,172.31.36.0-255,66,24440,19,262825
8528,0.0002,172.217.194.0-255,1484,25924,19,262825
8529,0.000202,172.31.36.0-255,66,25990,19,262825
8530,0.000221,172.217.194.0-255,5379,31369,19,262825
8531,0.000224,172.31.36.0-255,66,31435,19,262825
8532,0.000292,172.217.194.0-255,1484,32919,19,262825
8533,0.000295,172.31.36.0-255,66,32985,19,262825
8534,0.000301,172.217.194.0-255,2902,35887,19,262825
8535,0.000303,172.31.36.0-255,66,35953,19,262825
8536,0.000322,172.217.194.0-255,2902,38855,19,262825
8537,0.000324,172.31.36.0-255,66,38921,19,262825
8538,0.000344,172.217.194.0-255,2902,41823,19,262825
8539,0.000347,172.31.36.0-255,66,41889,19,262825
8540,0.000371,172.217.194.0-255,8574,50463,19,262825
8541,0.000373,172.31.36.0-255,66,50529,19,262825
8542,0.000391,172.217.194.0-255,2543,53072,19,262825
8543,0.000394,172.31.36.0-255,66,53138,19,262825
8544,0.000407,172.31.36.0-255,66,53204,19,262825
8545,0.00041,172.217.194.0-255,1125,54329,19,262825
8546,0.000431,172.217.194.0-255,358,54687,19,262825
8547,0.000492,172.217.194.0-255,385,55072,19,262825
8548,0.000496,172.31.36.0-255,66,55138,19,262825
8549,0.00067,172.217.194.0-255,1484,56622,19,262825
8550,0.000677,172.217.194.0-255,2902,59524,19,262825
8551,0.00068,172.31.36.0-255,66,59590,19,262825
8552,0.000687,172.217.194.0-255,5738,65328,19,262825
8553,0.000689,172.31.36.0-255,66,65394,19,262825
8554,0.000733,172.217.194.0-255,4320,69714,19,262825
8555,0.000736,172.31.36.0-255,66,69780,19,262825
8556,0.000763,172.217.194.0-255,8574,78354,19,262825
8557,0.000766,172.31.36.0-255,66,78420,19,262825
8558,0.000775,172.217.194.0-255,10692,89112,19,262825
8559,0.000777,172.31.36.0-255,66,89178,19,262825
8560,0.001236,172.217.194.0-255,1484,90662,19,262825
8561,0.001244,172.217.194.0-255,2902,93564,19,262825
8562,0.001247,172.31.36.0-255,66,93630,19,262825
8563,0.001254,172.217.194.0-255,5738,99368,19,262825
8564,0.001256,172.31.36.0-255,66,99434,19,262825
8565,0.001279,172.217.194.0-255,4320,103754,19,262825
8566,0.001282,172.31.36.0-255,66,103820,19,262825
8567,0.001309,172.217.194.0-255,8574,112394,19,262825
8568,0.001311,172.31.36.0-255,66,112460,19,262825
8569,0.001315,172.217.194.0-255,1484,113944,19,262825
8570,0.001339,172.217.194.0-255,9274,123218,19,262825
8571,0.001342,172.31.36.0-255,66,123284,19,262825
8572,0.001382,172.217.194.0-255,9992,133276,19,262825
8573,0.001385,172.31.36.0-255,66,133342,19,262825
8574,0.001393,172.217.194.0-255,7156,140498,19,262825
8575,0.001396,172.31.36.0-255,66,140564,19,262825
8576,0.001442,172.217.194.0-255,5738,146302,19,262825
8577,0.001445,172.31.36.0-255,66,146368,19,262825
8578,0.001475,172.217.194.0-255,10692,157060,19,262825
8579,0.001478,172.31.36.0-255,66,157126,19,262825
8580,0.001508,172.217.194.0-255,4320,161446,19,262825
8581,0.001513,172.31.36.0-255,66,161512,19,262825
8582,0.001546,172.31.36.0-255,66,161578,19,262825
8583,0.001555,172.217.194.0-255,8574,170152,19,262825
8584,0.001559,172.31.36.0-255,66,170218,19,262825
8585,0.001592,172.217.194.0-255,8574,178792,19,262825
8586,0.001595,172.31.36.0-255,66,178858,19,262825
8587,0.001598,172.217.194.0-255,766,179624,19,262825
8588,0.001601,172.217.194.0-255,1484,181108,19,262825
8589,0.001603,172.31.36.0-255,66,181174,19,262825
8590,0.001607,172.217.194.0-255,2902,184076,19,262825
8591,0.00161,172.31.36.0-255,66,184142,19,262825
8592,0.001617,172.217.194.0-255,5738,189880,19,262825
8593,0.001619,172.31.36.0-255,66,189946,19,262825
8594,0.001622,172.217.194.0-255,1484,191430,19,262825
8595,0.001645,172.217.194.0-255,9992,201422,19,262825
8596,0.001647,172.31.36.0-255,66,201488,19,262825
8597,0.001676,172.217.194.0-255,1484,202972,19,262825
8598,0.001686,172.217.194.0-255,10692,213664,19,262825
8599,0.001692,172.31.36.0-255,66,213730,19,262825
8600,0.001716,172.31.36.0-255,66,213796,19,262825
8601,0.001762,172.31.36.0-255,66,213862,19,262825
8602,0.001771,172.217.194.0-255,7856,221718,19,262825
8603,0.001774,172.31.36.0-255,66,221784,19,262825
8604,0.001789,172.31.36.0-255,66,221850,19,262825
8605,0.001866,172.31.36.0-255,66,221916,19,262825
8606,0.001869,172.217.194.0-255,766,222682,19,262825
8607,0.001875,172.217.194.0-255,4320,227002,19,262825
8608,0.001878,172.31.36.0-255,66,227068,19,262825
8609,0.001928,172.31.36.0-255,66,227134,19,262825
8610,0.001941,172.31.36.0-255,66,227200,19,262825
8611,0.001963,172.31.36.0-255,66,227266,19,262825
8612,0.001994,172.217.194.0-255,10692,237958,19,262825
8613,0.001997,172.31.36.0-255,66,238024,19,262825
8614,0.002007,172.217.194.0-255,10692,248716,19,262825
8615,0.002011,172.31.36.0-255,66,248782,19,262825
8616,0.002024,172.31.36.0-255,66,248848,19,262825
8617,0.002031,172.217.194.0-255,7156,256004,19,262825
8618,0.002034,172.31.36.0-255,66,256070,19,262825
8619,0.002059,172.217.194.0-255,6438,262508,19,262825
8620,0.002062,172.31.36.0-255,66,262574,19,262825
8621,0.002065,172.217.194.0-255,146,262720,19,262825
8622,0.002105,172.217.194.0-255,105,262825,19,262825
8623,0.0,172.217.194.0-255,152,152,19,282539
8624,3e-05,172.31.36.0-255,66,218,19,282539
8625,3.7e-05,172.217.194.0-255,1484,1702,19,282539
8626,4.2e-05,172.31.36.0-255,66,1768,19,282539
8627,4.7e-05,172.217.194.0-255,2902,4670,19,282539
8628,5e-05,172.31.36.0-255,66,4736,19,282539
8629,5.7e-05,172.217.194.0-255,7156,11892,19,282539
8630,5.9e-05,172.31.36.0-255,66,11958,19,282539
8631,6.3e-05,172.217.194.0-255,2104,14062,19,282539
8632,6.6e-05,172.31.36.0-255,66,14128,19,282539
8633,0.000103,172.31.36.0-255,66,14194,19,282539
8634,0.000109,172.217.194.0-255,5379,19573,19,282539
8635,0.000112,172.31.36.0-255,66,19639,19,282539
8636,0.000182,172.217.194.0-255,1484,21123,19,282539
8637,0.000186,172.31.36.0-255,66,21189,19,282539
8638,0.000191,172.217.194.0-255,2902,24091,19,282539
8639,0.000193,172.31.36.0-255,66,24157,19,282539
8640,0.000231,172.217.194.0-255,5738,29895,19,282539
8641,0.000234,172.31.36.0-255,66,29961,19,282539
8642,0.000243,172.217.194.0-255,8574,38535,19,282539
8643,0.000245,172.31.36.0-255,66,38601,19,282539
8644,0.000262,172.217.194.0-255,5379,43980,19,282539
8645,0.000265,172.31.36.0-255,66,44046,19,282539
8646,0.000274,172.217.194.0-255,9885,53931,19,282539
8647,0.000277,172.31.36.0-255,66,53997,19,282539
8648,0.00028,172.217.194.0-255,120,54117,19,282539
8649,0.000282,172.31.36.0-255,66,54183,19,282539
8650,0.000336,172.217.194.0-255,1484,55667,19,282539
8651,0.00034,172.31.36.0-255,66,55733,19,282539
8652,0.000345,172.217.194.0-255,2902,58635,19,282539
8653,0.000347,172.31.36.0-255,66,58701,19,282539
8654,0.000364,172.217.194.0-255,5738,64439,19,282539
8655,0.000367,172.31.36.0-255,66,64505,19,282539
8656,0.000406,172.217.194.0-255,4320,68825,19,282539
8657,0.000409,172.31.36.0-255,66,68891,19,282539
8658,0.00043,172.217.194.0-255,9633,78524,19,282539
8659,0.000437,172.31.36.0-255,66,78590,19,282539
8660,0.000439,172.217.194.0-255,9367,87957,19,282539
8661,0.000442,172.31.36.0-255,66,88023,19,282539
8662,0.000631,172.217.194.0-255,1484,89507,19,282539
8663,0.000636,172.217.194.0-255,2902,92409,19,282539
8664,0.000639,172.31.36.0-255,66,92475,19,282539
8665,0.000655,172.217.194.0-255,5738,98213,19,282539
8666,0.000658,172.31.36.0-255,66,98279,19,282539
8667,0.000694,172.31.36.0-255,66,98345,19,282539
8668,0.000725,172.217.194.0-255,4320,102665,19,282539
8669,0.000728,172.31.36.0-255,66,102731,19,282539
8670,0.000745,172.217.194.0-255,4320,107051,19,282539
8671,0.000748,172.31.36.0-255,66,107117,19,282539
8672,0.000768,172.217.194.0-255,2184,109301,19,282539
8673,0.000771,172.31.36.0-255,66,109367,19,282539
8674,0.000777,172.217.194.0-255,5738,115105,19,282539
8675,0.000788,172.31.36.0-255,66,115171,19,282539
8676,0.000797,172.217.194.0-255,5738,120909,19,282539
8677,0.000805,172.217.194.0-255,7156,128065,19,282539
8678,0.000805,172.31.36.0-255,66,128131,19,282539
8679,0.00081,172.31.36.0-255,66,128197,19,282539
8680,0.000831,172.217.194.0-255,5738,133935,19,282539
8681,0.000843,172.31.36.0-255,66,134001,19,282539
8682,0.000864,172.217.194.0-255,9274,143275,19,282539
8683,0.000868,172.217.194.0-255,4320,147595,19,282539
8684,0.00088,172.31.36.0-255,66,147661,19,282539
8685,0.000895,172.217.194.0-255,7156,154817,19,282539
8686,0.000897,172.31.36.0-255,66,154883,19,282539
8687,0.000902,172.31.36.0-255,66,154949,19,282539
8688,0.000912,172.217.194.0-255,5738,160687,19,282539
8689,0.000921,172.31.36.0-255,66,160753,19,282539
8690,0.000939,172.217.194.0-255,1484,162237,19,282539
8691,0.000982,172.31.36.0-255,66,162303,19,282539
8692,0.001025,172.31.36.0-255,66,162369,19,282539
8693,0.001051,172.217.194.0-255,4320,166689,19,282539
8694,0.001055,172.217.194.0-255,2184,168873,19,282539
8695,0.001061,172.31.36.0-255,66,168939,19,282539
8696,0.001084,172.31.36.0-255,66,169005,19,282539
8697,0.001087,172.217.194.0-255,10692,179697,19,282539
8698,0.001101,172.31.36.0-255,66,179763,19,282539
8699,0.001629,172.217.194.0-255,1484,181247,19,282539
8700,0.001647,172.217.194.0-255,2902,184149,19,282539
8701,0.001651,172.31.36.0-255,66,184215,19,282539
8702,0.001655,172.217.194.0-255,1484,185699,19,282539
8703,0.00166,172.217.194.0-255,4320,190019,19,282539
8704,0.00167,172.31.36.0-255,66,190085,19,282539
8705,0.001671,172.217.194.0-255,1484,191569,19,282539
8706,0.001676,172.217.194.0-255,2902,194471,19,282539
8707,0.001688,172.31.36.0-255,66,194537,19,282539
8708,0.001697,172.217.194.0-255,9992,204529,19,282539
8709,0.001703,172.31.36.0-255,66,204595,19,282539
8710,0.001706,172.217.194.0-255,9274,213869,19,282539
8711,0.001715,172.31.36.0-255,66,213935,19,282539
8712,0.001772,172.217.194.0-255,1484,215419,19,282539
8713,0.001777,172.217.194.0-255,2902,218321,19,282539
8714,0.001788,172.31.36.0-255,66,218387,19,282539
8715,0.001795,172.217.194.0-255,5738,224125,19,282539
8716,0.001805,172.31.36.0-255,66,224191,19,282539
8717,0.00181,172.217.194.0-255,5738,229929,19,282539
8718,0.001816,172.31.36.0-255,66,229995,19,282539
8719,0.001828,172.217.194.0-255,7156,237151,19,282539
8720,0.001844,172.31.36.0-255,66,237217,19,282539
8721,0.001848,172.217.194.0-255,5738,242955,19,282539
8722,0.001853,172.217.194.0-255,2902,245857,19,282539
8723,0.001858,172.31.36.0-255,66,245923,19,282539
8724,0.001866,172.217.194.0-255,2184,248107,19,282539
8725,0.001872,172.31.36.0-255,66,248173,19,282539
8726,0.001888,172.217.194.0-255,1484,249657,19,282539
8727,0.001904,172.217.194.0-255,4320,253977,19,282539
8728,0.001908,172.31.36.0-255,66,254043,19,282539
8729,0.001926,172.217.194.0-255,8574,262617,19,282539
8730,0.001932,172.217.194.0-255,4320,266937,19,282539
8731,0.001936,172.31.36.0-255,66,267003,19,282539
8732,0.001972,172.217.194.0-255,2902,269905,19,282539
8733,0.001982,172.31.36.0-255,66,269971,19,282539
8734,0.002,172.217.194.0-255,7856,277827,19,282539
8735,0.002006,172.31.36.0-255,66,277893,19,282539
8736,0.002042,172.31.36.0-255,66,277959,19,282539
8737,0.002061,172.217.194.0-255,4106,282065,19,282539
8738,0.002062,172.31.36.0-255,66,282131,19,282539
8739,0.002066,172.31.36.0-255,66,282197,19,282539
8740,0.002084,172.217.194.0-255,105,282302,19,282539
8741,0.003549,172.31.36.0-255,66,282368,19,282539
8742,0.003575,172.31.36.0-255,105,282473,19,282539
8743,0.005839,172.217.194.0-255,66,282539,19,282539
8744,0.0,172.31.36.0-255,105,105,19,459
8745,0.00021,172.31.36.0-255,90,195,19,459
8746,0.000222,172.31.36.0-255,66,261,19,459
8747,0.002548,74.125.130.0-255,66,327,19,459
8748,0.002565,74.125.130.0-255,66,393,19,459
8749,0.002597,172.31.36.0-255,66,459,19,459
8750,0.0,74.125.24.0-255,152,152,19,117690
8751,2.6e-05,172.31.36.0-255,66,218,19,117690
8752,3.3e-05,74.125.24.0-255,1484,1702,19,117690
8753,3.7e-05,172.31.36.0-255,66,1768,19,117690
8754,4.1e-05,74.125.24.0-255,2902,4670,19,117690
8755,4.4e-05,172.31.36.0-255,66,4736,19,117690
8756,5.2e-05,74.125.24.0-255,7156,11892,19,117690
8757,5.4e-05,172.31.36.0-255,66,11958,19,117690
8758,5.9e-05,74.125.24.0-255,2013,13971,19,117690
8759,6.1e-05,172.31.36.0-255,66,14037,19,117690
8760,0.000473,74.125.24.0-255,1484,15521,19,117690
8761,0.000479,172.31.36.0-255,66,15587,19,117690
8762,0.000489,74.125.24.0-255,2902,18489,19,117690
8763,0.000492,172.31.36.0-255,66,18555,19,117690
8764,0.000499,74.125.24.0-255,5738,24293,19,117690
8765,0.000503,172.31.36.0-255,66,24359,19,117690
8766,0.000532,74.125.24.0-255,6797,31156,19,117690
8767,0.000537,172.31.36.0-255,66,31222,19,117690
8768,0.000569,74.125.24.0-255,2902,34124,19,117690
8769,0.000574,172.31.36.0-255,66,34190,19,117690
8770,0.000599,74.125.24.0-255,4320,38510,19,117690
8771,0.000603,172.31.36.0-255,66,38576,19,117690
8772,0.000608,74.125.24.0-255,4320,42896,19,117690
8773,0.000611,172.31.36.0-255,66,42962,19,117690
8774,0.000615,74.125.24.0-255,2902,45864,19,117690
8775,0.000617,172.31.36.0-255,66,45930,19,117690
8776,0.000642,74.125.24.0-255,2543,48473,19,117690
8777,0.000645,172.31.36.0-255,66,48539,19,117690
8778,0.001872,74.125.24.0-255,1484,50023,19,117690
8779,0.001879,172.31.36.0-255,66,50089,19,117690
8780,0.001899,74.125.24.0-255,1484,51573,19,117690
8781,0.001902,172.31.36.0-255,66,51639,19,117690
8782,0.001918,74.125.24.0-255,1484,53123,19,117690
8783,0.001925,74.125.24.0-255,5738,58861,19,117690
8784,0.001927,172.31.36.0-255,66,58927,19,117690
8785,0.001959,74.125.24.0-255,6797,65724,19,117690
8786,0.001961,172.31.36.0-255,66,65790,19,117690
8787,0.001975,74.125.24.0-255,5738,71528,19,117690
8788,0.001977,172.31.36.0-255,66,71594,19,117690
8789,0.002008,74.125.24.0-255,8574,80168,19,117690
8790,0.002011,172.31.36.0-255,66,80234,19,117690
8791,0.002018,74.125.24.0-255,8574,88808,19,117690
8792,0.002021,172.31.36.0-255,66,88874,19,117690
8793,0.002024,74.125.24.0-255,1484,90358,19,117690
8794,0.002057,74.125.24.0-255,9854,100212,19,117690
8795,0.002059,172.31.36.0-255,66,100278,19,117690
8796,0.004687,74.125.24.0-255,5738,106016,19,117690
8797,0.004691,172.31.36.0-255,66,106082,19,117690
8798,0.007326,74.125.24.0-255,5738,111820,19,117690
8799,0.007334,172.31.36.0-255,66,111886,19,117690
8800,0.009982,74.125.24.0-255,5738,117624,19,117690
8801,0.009989,172.31.36.0-255,66,117690,19,117690
8802,0.0,74.125.130.0-255,153,153,19,197035
8803,1.6e-05,172.31.36.0-255,66,219,19,197035
8804,2.3e-05,74.125.130.0-255,1484,1703,19,197035
8805,2.8e-05,172.31.36.0-255,66,1769,19,197035
8806,3.3e-05,74.125.130.0-255,2902,4671,19,197035
8807,3.6e-05,172.31.36.0-255,66,4737,19,197035
8808,4.1e-05,74.125.130.0-255,4320,9057,19,197035
8809,4.4e-05,172.31.36.0-255,66,9123,19,197035
8810,5e-05,74.125.130.0-255,4863,13986,19,197035
8811,5.2e-05,172.31.36.0-255,66,14052,19,197035
8812,0.000203,74.125.130.0-255,1484,15536,19,197035
8813,0.000208,172.31.36.0-255,66,15602,19,197035
8814,0.000214,74.125.130.0-255,2902,18504,19,197035
8815,0.000216,172.31.36.0-255,66,18570,19,197035
8816,0.000221,74.125.130.0-255,4320,22890,19,197035
8817,0.000224,172.31.36.0-255,66,22956,19,197035
8818,0.000243,74.125.130.0-255,1484,24440,19,197035
8819,0.000245,172.31.36.0-255,66,24506,19,197035
8820,0.000253,74.125.130.0-255,6797,31303,19,197035
8821,0.000255,172.31.36.0-255,66,31369,19,197035
8822,0.000259,74.125.130.0-255,2902,34271,19,197035
8823,0.000261,172.31.36.0-255,66,34337,19,197035
8824,0.00028,74.125.130.0-255,4320,38657,19,197035
8825,0.000282,172.31.36.0-255,66,38723,19,197035
8826,0.000289,74.125.130.0-255,7156,45879,19,197035
8827,0.000292,172.31.36.0-255,66,45945,19,197035
8828,0.000315,74.125.130.0-255,7156,53101,19,197035
8829,0.000317,172.31.36.0-255,66,53167,19,197035
8830,0.000339,74.125.130.0-255,1484,54651,19,197035
8831,0.000341,172.31.36.0-255,66,54717,19,197035
8832,0.000363,74.125.130.0-255,5738,60455,19,197035
8833,0.000366,172.31.36.0-255,66,60521,19,197035
8834,0.000387,74.125.130.0-255,5297,65818,19,197035
8835,0.000389,172.31.36.0-255,66,65884,19,197035
8836,0.000392,74.125.130.0-255,431,66315,19,197035
8837,0.000764,74.125.130.0-255,1484,67799,19,197035
8838,0.000769,172.31.36.0-255,66,67865,19,197035
8839,0.000775,74.125.130.0-255,2902,70767,19,197035
8840,0.000777,172.31.36.0-255,66,70833,19,197035
8841,0.00078,74.125.130.0-255,1484,72317,19,197035
8842,0.000811,74.125.130.0-255,4320,76637,19,197035
8843,0.000814,172.31.36.0-255,66,76703,19,197035
8844,0.000821,74.125.130.0-255,7156,83859,19,197035
8845,0.000823,172.31.36.0-255,66,83925,19,197035
8846,0.000829,74.125.130.0-255,5738,89663,19,197035
8847,0.000832,172.31.36.0-255,66,89729,19,197035
8848,0.000855,74.125.130.0-255,8574,98303,19,197035
8849,0.000858,172.31.36.0-255,66,98369,19,197035
8850,0.000862,74.125.130.0-255,2184,100553,19,197035
8851,0.000864,172.31.36.0-255,66,100619,19,197035
8852,0.001171,74.125.130.0-255,1484,102103,19,197035
8853,0.001177,74.125.130.0-255,2902,105005,19,197035
8854,0.00118,172.31.36.0-255,66,105071,19,197035
8855,0.001185,74.125.130.0-255,2902,107973,19,197035
8856,0.001187,172.31.36.0-255,66,108039,19,197035
8857,0.001201,74.125.130.0-255,2902,110941,19,197035
8858,0.001203,172.31.36.0-255,66,111007,19,197035
8859,0.001208,74.125.130.0-255,2902,113909,19,197035
8860,0.00121,172.31.36.0-255,66,113975,19,197035
8861,0.001234,74.125.130.0-255,1484,115459,19,197035
8862,0.00124,74.125.130.0-255,5738,121197,19,197035
8863,0.001242,172.31.36.0-255,66,121263,19,197035
8864,0.001253,172.31.36.0-255,66,121329,19,197035
8865,0.001256,74.125.130.0-255,2184,123513,19,197035
8866,0.001258,172.31.36.0-255,66,123579,19,197035
8867,0.001415,74.125.130.0-255,1484,125063,19,197035
8868,0.00143,74.125.130.0-255,2902,127965,19,197035
8869,0.001434,172.31.36.0-255,66,128031,19,197035
8870,0.001439,74.125.130.0-255,2902,130933,19,197035
8871,0.001441,172.31.36.0-255,66,130999,19,197035
8872,0.001454,74.125.130.0-255,2902,133901,19,197035
8873,0.001459,74.125.130.0-255,4320,138221,19,197035
8874,0.001462,172.31.36.0-255,66,138287,19,197035
8875,0.001465,172.31.36.0-255,66,138353,19,197035
8876,0.001488,74.125.130.0-255,5738,144091,19,197035
8877,0.001491,172.31.36.0-255,66,144157,19,197035
8878,0.001498,74.125.130.0-255,5738,149895,19,197035
8879,0.0015,172.31.36.0-255,66,149961,19,197035
8880,0.001516,74.125.130.0-255,5738,155699,19,197035
8881,0.001518,172.31.36.0-255,66,155765,19,197035
8882,0.001551,74.125.130.0-255,2184,157949,19,197035
8883,0.001553,172.31.36.0-255,66,158015,19,197035
8884,0.002058,74.125.130.0-255,1484,159499,19,197035
8885,0.002062,74.125.130.0-255,1484,160983,19,197035
8886,0.002065,172.31.36.0-255,66,161049,19,197035
8887,0.00209,74.125.130.0-255,1484,162533,19,197035
8888,0.002096,74.125.130.0-255,5738,168271,19,197035
8889,0.002099,172.31.36.0-255,66,168337,19,197035
8890,0.002112,172.31.36.0-255,66,168403,19,197035
8891,0.002116,74.125.130.0-255,2902,171305,19,197035
8892,0.002118,172.31.36.0-255,66,171371,19,197035
8893,0.002141,74.125.130.0-255,4320,175691,19,197035
8894,0.002144,172.31.36.0-255,66,175757,19,197035
8895,0.002164,74.125.130.0-255,3602,179359,19,197035
8896,0.002166,172.31.36.0-255,66,179425,19,197035
8897,0.004396,74.125.130.0-255,1484,180909,19,197035
8898,0.004423,74.125.130.0-255,4320,185229,19,197035
8899,0.004428,172.31.36.0-255,66,185295,19,197035
8900,0.006659,74.125.130.0-255,2902,188197,19,197035
8901,0.006662,172.31.36.0-255,66,188263,19,197035
8902,0.006681,74.125.130.0-255,2902,191165,19,197035
8903,0.006683,172.31.36.0-255,66,191231,19,197035
8904,0.008908,74.125.130.0-255,5738,196969,19,197035
8905,0.008914,172.31.36.0-255,66,197035,19,197035
8906,0.0,74.125.68.0-255,153,153,19,259590
8907,1.5e-05,172.31.36.0-255,66,219,19,259590
8908,2.2e-05,74.125.68.0-255,1484,1703,19,259590
8909,2.6e-05,172.31.36.0-255,66,1769,19,259590
8910,4e-05,74.125.68.0-255,2902,4671,19,259590
8911,4.4e-05,172.31.36.0-255,66,4737,19,259590
8912,5.2e-05,74.125.68.0-255,7156,11893,19,259590
8913,5.5e-05,172.31.36.0-255,66,11959,19,259590
8914,5.9e-05,74.125.68.0-255,1999,13958,19,259590
8915,6.2e-05,172.31.36.0-255,66,14024,19,259590
8916,6.8e-05,74.125.68.0-255,2902,16926,19,259590
8917,7.1e-05,172.31.36.0-255,66,16992,19,259590
8918,7.7e-05,74.125.68.0-255,4320,21312,19,259590
8919,7.9e-05,172.31.36.0-255,66,21378,19,259590
8920,0.000115,74.125.68.0-255,2902,24280,19,259590
8921,0.000118,172.31.36.0-255,66,24346,19,259590
8922,0.000122,74.125.68.0-255,1484,25830,19,259590
8923,0.000124,172.31.36.0-255,66,25896,19,259590
8924,0.000128,74.125.68.0-255,2902,28798,19,259590
8925,0.000131,172.31.36.0-255,66,28864,19,259590
8926,0.000162,74.125.68.0-255,2543,31407,19,259590
8927,0.000165,172.31.36.0-255,66,31473,19,259590
8928,0.00023,74.125.68.0-255,1484,32957,19,259590
8929,0.000233,172.31.36.0-255,66,33023,19,259590
8930,0.000239,74.125.68.0-255,2902,35925,19,259590
8931,0.000242,172.31.36.0-255,66,35991,19,259590
8932,0.000278,74.125.68.0-255,4320,40311,19,259590
8933,0.000281,172.31.36.0-255,66,40377,19,259590
8934,0.000288,74.125.68.0-255,5738,46115,19,259590
8935,0.00029,172.31.36.0-255,66,46181,19,259590
8936,0.000296,74.125.68.0-255,4320,50501,19,259590
8937,0.000298,172.31.36.0-255,66,50567,19,259590
8938,0.000322,74.125.68.0-255,1484,52051,19,259590
8939,0.000332,74.125.68.0-255,7156,59207,19,259590
8940,0.000335,172.31.36.0-255,66,59273,19,259590
8941,0.000387,74.125.68.0-255,4320,63593,19,259590
8942,0.00039,172.31.36.0-255,66,63659,19,259590
8943,0.000417,74.125.68.0-255,2487,66146,19,259590
8944,0.000419,172.31.36.0-255,66,66212,19,259590
8945,0.000444,74.125.68.0-255,3211,69423,19,259590
8946,0.000446,172.31.36.0-255,66,69489,19,259590
8947,0.000472,74.125.68.0-255,4320,73809,19,259590
8948,0.000475,172.31.36.0-255,66,73875,19,259590
8949,0.000502,74.125.68.0-255,1484,75359,19,259590
8950,0.000506,74.125.68.0-255,1484,76843,19,259590
8951,0.000509,172.31.36.0-255,66,76909,19,259590
8952,0.000533,74.125.68.0-255,1484,78393,19,259590
8953,0.00056,74.125.68.0-255,4829,83222,19,259590
8954,0.000563,172.31.36.0-255,66,83288,19,259590
8955,0.000934,74.125.68.0-255,1484,84772,19,259590
8956,0.000941,74.125.68.0-255,2902,87674,19,259590
8957,0.000946,172.31.36.0-255,66,87740,19,259590
8958,0.000976,74.125.68.0-255,5738,93478,19,259590
8959,0.000979,172.31.36.0-255,66,93544,19,259590
8960,0.000987,74.125.68.0-255,7156,100700,19,259590
8961,0.000989,172.31.36.0-255,66,100766,19,259590
8962,0.001018,74.125.68.0-255,2902,103668,19,259590
8963,0.001024,172.31.36.0-255,66,103734,19,259590
8964,0.001035,74.125.68.0-255,5738,109472,19,259590
8965,0.001042,172.31.36.0-255,66,109538,19,259590
8966,0.001061,74.125.68.0-255,4320,113858,19,259590
8967,0.001064,172.31.36.0-255,66,113924,19,259590
8968,0.001091,74.125.68.0-255,3602,117526,19,259590
8969,0.001094,172.31.36.0-255,66,117592,19,259590
8970,0.001321,74.125.68.0-255,1484,119076,19,259590
8971,0.001326,74.125.68.0-255,1484,120560,19,259590
8972,0.00133,172.31.36.0-255,66,120626,19,259590
8973,0.001355,74.125.68.0-255,1484,122110,19,259590
8974,0.001362,74.125.68.0-255,5738,127848,19,259590
8975,0.001365,172.31.36.0-255,66,127914,19,259590
8976,0.00137,74.125.68.0-255,2902,130816,19,259590
8977,0.001372,172.31.36.0-255,66,130882,19,259590
8978,0.001377,74.125.68.0-255,4320,135202,19,259590
8979,0.001379,172.31.36.0-255,66,135268,19,259590
8980,0.001416,74.125.68.0-255,8574,143842,19,259590
8981,0.00142,172.31.36.0-255,66,143908,19,259590
8982,0.001423,74.125.68.0-255,1484,145392,19,259590
8983,0.001445,74.125.68.0-255,1484,146876,19,259590
8984,0.001447,172.31.36.0-255,66,146942,19,259590
8985,0.001468,74.125.68.0-255,1484,148426,19,259590
8986,0.001473,74.125.68.0-255,3602,152028,19,259590
8987,0.001475,172.31.36.0-255,66,152094,19,259590
8988,0.001639,74.125.68.0-255,1484,153578,19,259590
8989,0.001646,74.125.68.0-255,2902,156480,19,259590
8990,0.001649,172.31.36.0-255,66,156546,19,259590
8991,0.001679,74.125.68.0-255,4320,160866,19,259590
8992,0.001682,172.31.36.0-255,66,160932,19,259590
8993,0.001685,74.125.68.0-255,1484,162416,19,259590
8994,0.001715,74.125.68.0-255,4320,166736,19,259590
8995,0.001718,172.31.36.0-255,66,166802,19,259590
8996,0.001732,172.31.36.0-255,66,166868,19,259590
8997,0.001741,74.125.68.0-255,4320,171188,19,259590
8998,0.001744,172.31.36.0-255,66,171254,19,259590
8999,0.001784,74.125.68.0-255,3602,174856,19,259590
9000,0.001787,172.31.36.0-255,66,174922,19,259590
9001,0.001855,74.125.68.0-255,4320,179242,19,259590
9002,0.00186,172.31.36.0-255,66,179308,19,259590
9003,0.001866,74.125.68.0-255,5738,185046,19,259590
9004,0.001869,172.31.36.0-255,66,185112,19,259590
9005,0.001921,172.31.36.0-255,66,185178,19,259590
9006,0.001935,172.31.36.0-255,66,185244,19,259590
9007,0.001946,74.125.68.0-255,1484,186728,19,259590
9008,0.001951,74.125.68.0-255,2902,189630,19,259590
9009,0.001953,172.31.36.0-255,66,189696,19,259590
9010,0.001981,74.125.68.0-255,1484,191180,19,259590
9011,0.001994,74.125.68.0-255,2902,194082,19,259590
9012,0.001997,172.31.36.0-255,66,194148,19,259590
9013,0.002004,74.125.68.0-255,5738,199886,19,259590
9014,0.002006,172.31.36.0-255,66,199952,19,259590
9015,0.002034,74.125.68.0-255,5738,205690,19,259590
9016,0.002037,172.31.36.0-255,66,205756,19,259590
9017,0.002066,74.125.68.0-255,1484,207240,19,259590
9018,0.002075,74.125.68.0-255,8574,215814,19,259590
9019,0.002079,172.31.36.0-255,66,215880,19,259590
9020,0.002095,74.125.68.0-255,5020,220900,19,259590
9021,0.002097,172.31.36.0-255,66,220966,19,259590
9022,0.002166,74.125.68.0-255,5738,226704,19,259590
9023,0.00217,172.31.36.0-255,66,226770,19,259590
9024,0.002177,74.125.68.0-255,7156,233926,19,259590
9025,0.002179,172.31.36.0-255,66,233992,19,259590
9026,0.002192,172.31.36.0-255,66,234058,19,259590
9027,0.00223,74.125.68.0-255,4320,238378,19,259590
9028,0.002234,172.31.36.0-255,66,238444,19,259590
9029,0.00226,74.125.68.0-255,3602,242046,19,259590
9030,0.002265,172.31.36.0-255,66,242112,19,259590
9031,0.004728,74.125.68.0-255,1484,243596,19,259590
9032,0.00476,74.125.68.0-255,4320,247916,19,259590
9033,0.004766,172.31.36.0-255,66,247982,19,259590
9034,0.007264,74.125.68.0-255,5738,253720,19,259590
9035,0.007268,172.31.36.0-255,66,253786,19,259590
9036,0.009766,74.125.68.0-255,5738,259524,19,259590
9037,0.009773,172.31.36.0-255,66,259590,19,259590
9038,0.0,172.217.27.0-255,150,150,19,396373
9039,1.9e-05,172.31.36.0-255,66,216,19,396373
9040,2.5e-05,172.217.27.0-255,1484,1700,19,396373
9041,3e-05,172.31.36.0-255,66,1766,19,396373
9042,3.6e-05,172.217.27.0-255,2902,4668,19,396373
9043,4e-05,172.31.36.0-255,66,4734,19,396373
9044,4.5e-05,172.217.27.0-255,2902,7636,19,396373
9045,4.9e-05,172.31.36.0-255,66,7702,19,396373
9046,5.5e-05,172.217.27.0-255,4320,12022,19,396373
9047,5.8e-05,172.31.36.0-255,66,12088,19,396373
9048,0.0001,172.217.27.0-255,1993,14081,19,396373
9049,0.000103,172.31.36.0-255,66,14147,19,396373
9050,0.000153,172.217.27.0-255,1484,15631,19,396373
9051,0.000156,172.31.36.0-255,66,15697,19,396373
9052,0.000161,172.217.27.0-255,2902,18599,19,396373
9053,0.000163,172.31.36.0-255,66,18665,19,396373
9054,0.000184,172.217.27.0-255,4320,22985,19,396373
9055,0.000187,172.31.36.0-255,66,23051,19,396373
9056,0.000209,172.217.27.0-255,1484,24535,19,396373
9057,0.000211,172.31.36.0-255,66,24601,19,396373
9058,0.000217,172.217.27.0-255,4320,28921,19,396373
9059,0.000219,172.31.36.0-255,66,28987,19,396373
9060,0.000224,172.217.27.0-255,2902,31889,19,396373
9061,0.000226,172.31.36.0-255,66,31955,19,396373
9062,0.000247,172.217.27.0-255,2543,34498,19,396373
9063,0.00025,172.31.36.0-255,66,34564,19,396373
9064,0.00026,172.217.27.0-255,8574,43138,19,396373
9065,0.000262,172.31.36.0-255,66,43204,19,396373
9066,0.000296,172.217.27.0-255,5379,48583,19,396373
9067,0.000299,172.31.36.0-255,66,48649,19,396373
9068,0.000323,172.217.27.0-255,1484,50133,19,396373
9069,0.000325,172.31.36.0-255,66,50199,19,396373
9070,0.00033,172.217.27.0-255,2902,53101,19,396373
9071,0.000337,172.217.27.0-255,5738,58839,19,396373
9072,0.000343,172.217.27.0-255,4320,63159,19,396373
9073,0.000397,172.217.27.0-255,2872,66031,19,396373
9074,0.000494,172.31.36.0-255,66,66097,19,396373
9075,0.000712,172.217.27.0-255,116,66213,19,396373
9076,0.000848,172.217.27.0-255,1484,67697,19,396373
9077,0.000853,172.31.36.0-255,66,67763,19,396373
9078,0.000859,172.217.27.0-255,2902,70665,19,396373
9079,0.000876,172.217.27.0-255,4320,74985,19,396373
9080,0.000889,172.217.27.0-255,1484,76469,19,396373
9081,0.000892,172.217.27.0-255,1484,77953,19,396373
9082,0.000897,172.31.36.0-255,66,78019,19,396373
9083,0.00092,172.217.27.0-255,5379,83398,19,396373
9084,0.000925,172.217.27.0-255,2902,86300,19,396373
9085,0.000937,172.217.27.0-255,4320,90620,19,396373
9086,0.000943,172.31.36.0-255,66,90686,19,396373
9087,0.000971,172.217.27.0-255,9633,100319,19,396373
9088,0.000973,172.217.27.0-255,329,100648,19,396373
9089,0.000998,172.31.36.0-255,66,100714,19,396373
9090,0.001218,172.217.27.0-255,1484,102198,19,396373
9091,0.001236,172.217.27.0-255,2902,105100,19,396373
9092,0.001239,172.31.36.0-255,66,105166,19,396373
9093,0.001243,172.217.27.0-255,1484,106650,19,396373
9094,0.001264,172.217.27.0-255,4320,110970,19,396373
9095,0.001269,172.217.27.0-255,4320,115290,19,396373
9096,0.001278,172.31.36.0-255,66,115356,19,396373
9097,0.001287,172.217.27.0-255,2902,118258,19,396373
9098,0.001297,172.31.36.0-255,66,118324,19,396373
9099,0.001304,172.217.27.0-255,1484,119808,19,396373
9100,0.001322,172.217.27.0-255,8574,128382,19,396373
9101,0.001332,172.217.27.0-255,1484,129866,19,396373
9102,0.001346,172.217.27.0-255,4320,134186,19,396373
9103,0.001351,172.31.36.0-255,66,134252,19,396373
9104,0.00136,172.217.27.0-255,766,135018,19,396373
9105,0.001434,172.217.27.0-255,1484,136502,19,396373
9106,0.001445,172.31.36.0-255,66,136568,19,396373
9107,0.001454,172.217.27.0-255,2902,139470,19,396373
9108,0.001467,172.217.27.0-255,4320,143790,19,396373
9109,0.001469,172.31.36.0-255,66,143856,19,396373
9110,0.001491,172.217.27.0-255,4320,148176,19,396373
9111,0.001497,172.31.36.0-255,66,148242,19,396373
9112,0.00152,172.217.27.0-255,4320,152562,19,396373
9113,0.001526,172.217.27.0-255,5738,158300,19,396373
9114,0.001534,172.217.27.0-255,7156,165456,19,396373
9115,0.001552,172.31.36.0-255,66,165522,19,396373
9116,0.001558,172.217.27.0-255,3602,169124,19,396373
9117,0.001563,172.31.36.0-255,66,169190,19,396373
9118,0.001573,172.217.27.0-255,4320,173510,19,396373
9119,0.001594,172.31.36.0-255,66,173576,19,396373
9120,0.001603,172.217.27.0-255,2902,176478,19,396373
9121,0.001608,172.31.36.0-255,66,176544,19,396373
9122,0.001636,172.217.27.0-255,7156,183700,19,396373
9123,0.001644,172.217.27.0-255,7156,190856,19,396373
9124,0.001691,172.217.27.0-255,4320,195176,19,396373
9125,0.00171,172.217.27.0-255,7856,203032,19,396373
9126,0.001715,172.217.27.0-255,4320,207352,19,396373
9127,0.001718,172.31.36.0-255,66,207418,19,396373
9128,0.001735,172.31.36.0-255,66,207484,19,396373
9129,0.001756,172.217.27.0-255,5738,213222,19,396373
9130,0.001763,172.217.27.0-255,5738,218960,19,396373
9131,0.001773,172.31.36.0-255,66,219026,19,396373
9132,0.001779,172.217.27.0-255,5738,224764,19,396373
9133,0.001783,172.217.27.0-255,2902,227666,19,396373
9134,0.001791,172.217.27.0-255,9274,236940,19,396373
9135,0.001804,172.31.36.0-255,66,237006,19,396373
9136,0.002215,172.217.27.0-255,1484,238490,19,396373
9137,0.002221,172.217.27.0-255,2902,241392,19,396373
9138,0.002225,172.31.36.0-255,66,241458,19,396373
9139,0.00224,172.217.27.0-255,5738,247196,19,396373
9140,0.002252,172.217.27.0-255,2902,250098,19,396373
9141,0.002274,172.217.27.0-255,9992,260090,19,396373
9142,0.002282,172.217.27.0-255,7156,267246,19,396373
9143,0.002297,172.217.27.0-255,2902,270148,19,396373
9144,0.002311,172.217.27.0-255,4320,274468,19,396373
9145,0.002342,172.217.27.0-255,6438,280906,19,396373
9146,0.002352,172.217.27.0-255,9992,290898,19,396373
9147,0.002367,172.217.27.0-255,2184,293082,19,396373
9148,0.00264,172.217.27.0-255,1484,294566,19,396373
9149,0.002667,172.217.27.0-255,2902,297468,19,396373
9150,0.002673,172.217.27.0-255,5738,303206,19,396373
9151,0.002678,172.217.27.0-255,4320,307526,19,396373
9152,0.002683,172.217.27.0-255,2902,310428,19,396373
9153,0.002698,172.217.27.0-255,2902,313330,19,396373
9154,0.002714,172.217.27.0-255,4320,317650,19,396373
9155,0.002739,172.217.27.0-255,7156,324806,19,396373
9156,0.002743,172.217.27.0-255,2184,326990,19,396373
9157,0.00277,172.217.27.0-255,2902,329892,19,396373
9158,0.002773,172.217.27.0-255,1484,331376,19,396373
9159,0.002787,172.217.27.0-255,2902,334278,19,396373
9160,0.00281,172.217.27.0-255,8574,342852,19,396373
9161,0.002824,172.217.27.0-255,1484,344336,19,396373
9162,0.002839,172.217.27.0-255,7156,351492,19,396373
9163,0.002862,172.217.27.0-255,9274,360766,19,396373
9164,0.002876,172.217.27.0-255,1484,362250,19,396373
9165,0.0029,172.217.27.0-255,2902,365152,19,396373
9166,0.002942,172.217.27.0-255,2902,368054,19,396373
9167,0.002956,172.217.27.0-255,1484,369538,19,396373
9168,0.002965,172.217.27.0-255,8574,378112,19,396373
9169,0.002972,172.217.27.0-255,7156,385268,19,396373
9170,0.002976,172.217.27.0-255,2902,388170,19,396373
9171,0.002994,172.217.27.0-255,6438,394608,19,396373
9172,0.003021,172.217.27.0-255,1411,396019,19,396373
9173,0.003078,172.217.27.0-255,105,396124,19,396373
9174,0.008444,172.31.36.0-255,66,396190,19,396373
9175,0.009047,172.217.27.0-255,105,396295,19,396373
9176,0.009057,172.31.36.0-255,78,396373,19,396373
9177,0.0,74.125.24.0-255,153,153,19,141979
9178,3.4e-05,172.31.36.0-255,66,219,19,141979
9179,4.1e-05,74.125.24.0-255,1484,1703,19,141979
9180,4.5e-05,172.31.36.0-255,66,1769,19,141979
9181,5e-05,74.125.24.0-255,2902,4671,19,141979
9182,5.3e-05,172.31.36.0-255,66,4737,19,141979
9183,6e-05,74.125.24.0-255,7156,11893,19,141979
9184,6.2e-05,172.31.36.0-255,66,11959,19,141979
9185,6.6e-05,74.125.24.0-255,1950,13909,19,141979
9186,6.8e-05,172.31.36.0-255,66,13975,19,141979
9187,0.000121,74.125.24.0-255,1484,15459,19,141979
9188,0.000124,172.31.36.0-255,66,15525,19,141979
9189,0.00015,74.125.24.0-255,8574,24099,19,141979
9190,0.000154,172.31.36.0-255,66,24165,19,141979
9191,0.000162,74.125.24.0-255,6797,30962,19,141979
9192,0.000164,172.31.36.0-255,66,31028,19,141979
9193,0.000265,74.125.24.0-255,1484,32512,19,141979
9194,0.000268,172.31.36.0-255,66,32578,19,141979
9195,0.000272,74.125.24.0-255,1484,34062,19,141979
9196,0.000274,172.31.36.0-255,66,34128,19,141979
9197,0.000289,74.125.24.0-255,1484,35612,19,141979
9198,0.000292,172.31.36.0-255,66,35678,19,141979
9199,0.000298,74.125.24.0-255,5738,41416,19,141979
9200,0.000301,172.31.36.0-255,66,41482,19,141979
9201,0.000324,74.125.24.0-255,2902,44384,19,141979
9202,0.000327,172.31.36.0-255,66,44450,19,141979
9203,0.00035,74.125.24.0-255,3961,48411,19,141979
9204,0.000353,172.31.36.0-255,66,48477,19,141979
9205,0.000361,74.125.24.0-255,7156,55633,19,141979
9206,0.000363,172.31.36.0-255,66,55699,19,141979
9207,0.000406,74.125.24.0-255,9633,65332,19,141979
9208,0.00041,172.31.36.0-255,66,65398,19,141979
9209,0.000897,74.125.24.0-255,412,65810,19,141979
9210,0.001088,74.125.24.0-255,1484,67294,19,141979
9211,0.001094,172.31.36.0-255,66,67360,19,141979
9212,0.001099,74.125.24.0-255,2902,70262,19,141979
9213,0.001101,172.31.36.0-255,66,70328,19,141979
9214,0.001116,74.125.24.0-255,1484,71812,19,141979
9215,0.001127,74.125.24.0-255,2902,74714,19,141979
9216,0.001131,172.31.36.0-255,66,74780,19,141979
9217,0.001147,74.125.24.0-255,1484,76264,19,141979
9218,0.001163,74.125.24.0-255,1484,77748,19,141979
9219,0.001165,172.31.36.0-255,66,77814,19,141979
9220,0.001178,74.125.24.0-255,1484,79298,19,141979
9221,0.001191,74.125.24.0-255,1484,80782,19,141979
9222,0.001193,172.31.36.0-255,66,80848,19,141979
9223,0.001218,74.125.24.0-255,8574,89422,19,141979
9224,0.00122,172.31.36.0-255,66,89488,19,141979
9225,0.001225,74.125.24.0-255,2902,92390,19,141979
9226,0.001227,172.31.36.0-255,66,92456,19,141979
9227,0.001249,74.125.24.0-255,9274,101730,19,141979
9228,0.001252,172.31.36.0-255,66,101796,19,141979
9229,0.001266,172.31.36.0-255,66,101862,19,141979
9230,0.001286,172.31.36.0-255,66,101928,19,141979
9231,0.001308,172.31.36.0-255,66,101994,19,141979
9232,0.00132,172.31.36.0-255,66,102060,19,141979
9233,0.001339,74.125.24.0-255,2449,104509,19,141979
9234,0.001344,172.31.36.0-255,66,104575,19,141979
9235,0.001879,74.125.24.0-255,1484,106059,19,141979
9236,0.001901,74.125.24.0-255,2902,108961,19,141979
9237,0.001905,172.31.36.0-255,66,109027,19,141979
9238,0.001909,74.125.24.0-255,1484,110511,19,141979
9239,0.001927,74.125.24.0-255,4320,114831,19,141979
9240,0.00193,172.31.36.0-255,66,114897,19,141979
9241,0.001933,74.125.24.0-255,1484,116381,19,141979
9242,0.001955,74.125.24.0-255,4320,120701,19,141979
9243,0.001957,172.31.36.0-255,66,120767,19,141979
9244,0.00197,172.31.36.0-255,66,120833,19,141979
9245,0.001975,74.125.24.0-255,5020,125853,19,141979
9246,0.001977,172.31.36.0-255,66,125919,19,141979
9247,0.004562,74.125.24.0-255,4320,130239,19,141979
9248,0.004565,172.31.36.0-255,66,130305,19,141979
9249,0.004581,74.125.24.0-255,1484,131789,19,141979
9250,0.007181,74.125.24.0-255,4320,136109,19,141979
9251,0.007187,172.31.36.0-255,66,136175,19,141979
9252,0.009787,74.125.24.0-255,5738,141913,19,141979
9253,0.009794,172.31.36.0-255,66,141979,19,141979
9254,0.0,172.31.36.0-255,66,66,19,66
9255,0.0,172.217.194.0-255,153,153,19,158665
9256,3.3e-05,172.31.36.0-255,66,219,19,158665
9257,4e-05,172.217.194.0-255,1484,1703,19,158665
9258,4.4e-05,172.31.36.0-255,66,1769,19,158665
9259,4.9e-05,172.217.194.0-255,2902,4671,19,158665
9260,5.2e-05,172.31.36.0-255,66,4737,19,158665
9261,5.5e-05,172.217.194.0-255,1484,6221,19,158665
9262,5.7e-05,172.31.36.0-255,66,6287,19,158665
9263,8.6e-05,172.217.194.0-255,2902,9189,19,158665
9264,9.1e-05,172.217.194.0-255,4893,14082,19,158665
9265,9.1e-05,172.31.36.0-255,66,14148,19,158665
9266,9.5e-05,172.31.36.0-255,66,14214,19,158665
9267,0.000132,172.217.194.0-255,5738,19952,19,158665
9268,0.000135,172.31.36.0-255,66,20018,19,158665
9269,0.00015,172.217.194.0-255,5738,25756,19,158665
9270,0.000152,172.31.36.0-255,66,25822,19,158665
9271,0.000156,172.217.194.0-255,1484,27306,19,158665
9272,0.000158,172.31.36.0-255,66,27372,19,158665
9273,0.000195,172.217.194.0-255,2902,30274,19,158665
9274,0.000197,172.31.36.0-255,66,30340,19,158665
9275,0.000224,172.217.194.0-255,9992,40332,19,158665
9276,0.000227,172.31.36.0-255,66,40398,19,158665
9277,0.000244,172.217.194.0-255,4320,44718,19,158665
9278,0.000247,172.31.36.0-255,66,44784,19,158665
9279,0.000271,172.217.194.0-255,3602,48386,19,158665
9280,0.000273,172.31.36.0-255,66,48452,19,158665
9281,0.000338,172.217.194.0-255,1484,49936,19,158665
9282,0.000342,172.31.36.0-255,66,50002,19,158665
9283,0.000347,172.217.194.0-255,2902,52904,19,158665
9284,0.000349,172.31.36.0-255,66,52970,19,158665
9285,0.000373,172.217.194.0-255,1484,54454,19,158665
9286,0.000375,172.31.36.0-255,66,54520,19,158665
9287,0.000401,172.217.194.0-255,4320,58840,19,158665
9288,0.000404,172.31.36.0-255,66,58906,19,158665
9289,0.00041,172.217.194.0-255,7103,66009,19,158665
9290,0.000413,172.31.36.0-255,66,66075,19,158665
9291,0.000977,172.217.194.0-255,1484,67559,19,158665
9292,0.000984,172.217.194.0-255,2902,70461,19,158665
9293,0.000988,172.31.36.0-255,66,70527,19,158665
9294,0.001035,172.217.194.0-255,1484,72011,19,158665
9295,0.001052,172.217.194.0-255,2902,74913,19,158665
9296,0.001056,172.31.36.0-255,66,74979,19,158665
9297,0.001082,172.217.194.0-255,5738,80717,19,158665
9298,0.001084,172.31.36.0-255,66,80783,19,158665
9299,0.001109,172.217.194.0-255,7156,87939,19,158665
9300,0.001111,172.31.36.0-255,66,88005,19,158665
9301,0.001137,172.217.194.0-255,1484,89489,19,158665
9302,0.001146,172.217.194.0-255,9992,99481,19,158665
9303,0.001149,172.31.36.0-255,66,99547,19,158665
9304,0.001152,172.217.194.0-255,766,100313,19,158665
9305,0.001303,172.31.36.0-255,66,100379,19,158665
9306,0.002121,172.217.194.0-255,1484,101863,19,158665
9307,0.002134,172.217.194.0-255,2902,104765,19,158665
9308,0.00214,172.31.36.0-255,66,104831,19,158665
9309,0.002147,172.217.194.0-255,5738,110569,19,158665
9310,0.002149,172.31.36.0-255,66,110635,19,158665
9311,0.002152,172.217.194.0-255,1484,112119,19,158665
9312,0.002175,172.31.36.0-255,66,112185,19,158665
9313,0.00218,172.217.194.0-255,2902,115087,19,158665
9314,0.002181,172.31.36.0-255,66,115153,19,158665
9315,0.002201,172.217.194.0-255,7856,123009,19,158665
9316,0.002203,172.31.36.0-255,66,123075,19,158665
9317,0.002237,172.217.194.0-255,2902,125977,19,158665
9318,0.002239,172.31.36.0-255,66,126043,19,158665
9319,0.002262,172.31.36.0-255,66,126109,19,158665
9320,0.002277,172.217.194.0-255,7156,133265,19,158665
9321,0.002279,172.31.36.0-255,66,133331,19,158665
9322,0.002286,172.217.194.0-255,7856,141187,19,158665
9323,0.002287,172.31.36.0-255,66,141253,19,158665
9324,0.00465,172.217.194.0-255,5738,146991,19,158665
9325,0.004656,172.31.36.0-255,66,147057,19,158665
9326,0.006992,172.217.194.0-255,5738,152795,19,158665
9327,0.006998,172.31.36.0-255,66,152861,19,158665
9328,0.009369,172.217.194.0-255,5738,158599,19,158665
9329,0.009383,172.31.36.0-255,66,158665,19,158665
9330,0.0,172.217.194.0-255,290,290,19,311648
9331,2.2e-05,172.31.36.0-255,66,356,19,311648
9332,3e-05,172.217.194.0-255,1484,1840,19,311648
9333,3.5e-05,172.31.36.0-255,66,1906,19,311648
9334,4.9e-05,172.217.194.0-255,4320,6226,19,311648
9335,5.2e-05,172.31.36.0-255,66,6292,19,311648
9336,5.9e-05,172.217.194.0-255,5738,12030,19,311648
9337,6.2e-05,172.31.36.0-255,66,12096,19,311648
9338,6.5e-05,172.217.194.0-255,1484,13580,19,311648
9339,6.8e-05,172.31.36.0-255,66,13646,19,311648
9340,0.000116,172.31.36.0-255,66,13712,19,311648
9341,0.000121,172.217.194.0-255,3961,17673,19,311648
9342,0.000123,172.31.36.0-255,66,17739,19,311648
9343,0.000146,172.217.194.0-255,1484,19223,19,311648
9344,0.000149,172.31.36.0-255,66,19289,19,311648
9345,0.000153,172.217.194.0-255,2902,22191,19,311648
9346,0.000156,172.31.36.0-255,66,22257,19,311648
9347,0.000163,172.217.194.0-255,5738,27995,19,311648
9348,0.000166,172.31.36.0-255,66,28061,19,311648
9349,0.000197,172.217.194.0-255,9992,38053,19,311648
9350,0.0002,172.31.36.0-255,66,38119,19,311648
9351,0.000229,172.217.194.0-255,3961,42080,19,311648
9352,0.000232,172.31.36.0-255,66,42146,19,311648
9353,0.00024,172.217.194.0-255,5738,47884,19,311648
9354,0.000242,172.31.36.0-255,66,47950,19,311648
9355,0.000269,172.217.194.0-255,4217,52167,19,311648
9356,0.000271,172.31.36.0-255,66,52233,19,311648
9357,0.000275,172.217.194.0-255,118,52351,19,311648
9358,0.000277,172.31.36.0-255,66,52417,19,311648
9359,0.00028,172.217.194.0-255,380,52797,19,311648
9360,0.000283,172.31.36.0-255,66,52863,19,311648
9361,0.000449,172.217.194.0-255,1484,54347,19,311648
9362,0.000457,172.217.194.0-255,2902,57249,19,311648
9363,0.000461,172.31.36.0-255,66,57315,19,311648
9364,0.000468,172.217.194.0-255,5738,63053,19,311648
9365,0.00047,172.31.36.0-255,66,63119,19,311648
9366,0.000514,172.31.36.0-255,66,63185,19,311648
9367,0.000519,172.217.194.0-255,2902,66087,19,311648
9368,0.000521,172.31.36.0-255,66,66153,19,311648
9369,0.000559,172.217.194.0-255,7856,74009,19,311648
9370,0.000563,172.31.36.0-255,66,74075,19,311648
9371,0.000623,172.217.194.0-255,1484,75559,19,311648
9372,0.00064,172.217.194.0-255,2902,78461,19,311648
9373,0.000643,172.31.36.0-255,66,78527,19,311648
9374,0.000647,172.217.194.0-255,1484,80011,19,311648
9375,0.000679,172.217.194.0-255,4320,84331,19,311648
9376,0.000682,172.31.36.0-255,66,84397,19,311648
9377,0.000691,172.217.194.0-255,7156,91553,19,311648
9378,0.000693,172.31.36.0-255,66,91619,19,311648
9379,0.000723,172.217.194.0-255,5738,97357,19,311648
9380,0.000733,172.217.194.0-255,10692,108049,19,311648
9381,0.000738,172.31.36.0-255,66,108115,19,311648
9382,0.000741,172.31.36.0-255,66,108181,19,311648
9383,0.000768,172.31.36.0-255,66,108247,19,311648
9384,0.000777,172.217.194.0-255,8574,116821,19,311648
9385,0.000812,172.217.194.0-255,2902,119723,19,311648
9386,0.000819,172.31.36.0-255,66,119789,19,311648
9387,0.000838,172.217.194.0-255,8574,128363,19,311648
9388,0.000855,172.217.194.0-255,2184,130547,19,311648
9389,0.000907,172.31.36.0-255,66,130613,19,311648
9390,0.000959,172.217.194.0-255,1484,132097,19,311648
9391,0.000975,172.217.194.0-255,2902,134999,19,311648
9392,0.000981,172.217.194.0-255,5738,140737,19,311648
9393,0.000988,172.31.36.0-255,66,140803,19,311648
9394,0.000995,172.217.194.0-255,1484,142287,19,311648
9395,0.001032,172.217.194.0-255,7156,149443,19,311648
9396,0.001041,172.31.36.0-255,66,149509,19,311648
9397,0.001051,172.217.194.0-255,3602,153111,19,311648
9398,0.001071,172.31.36.0-255,66,153177,19,311648
9399,0.001244,172.217.194.0-255,1484,154661,19,311648
9400,0.001258,172.217.194.0-255,2902,157563,19,311648
9401,0.001261,172.217.194.0-255,1484,159047,19,311648
9402,0.001279,172.217.194.0-255,4320,163367,19,311648
9403,0.001288,172.31.36.0-255,66,163433,19,311648
9404,0.001299,172.217.194.0-255,5738,169171,19,311648
9405,0.001304,172.31.36.0-255,66,169237,19,311648
9406,0.001335,172.217.194.0-255,7156,176393,19,311648
9407,0.001347,172.217.194.0-255,10692,187085,19,311648
9408,0.001354,172.31.36.0-255,66,187151,19,311648
9409,0.001438,172.217.194.0-255,1484,188635,19,311648
9410,0.001444,172.217.194.0-255,2902,191537,19,311648
9411,0.001448,172.31.36.0-255,66,191603,19,311648
9412,0.001477,172.217.194.0-255,5738,197341,19,311648
9413,0.001484,172.217.194.0-255,5738,203079,19,311648
9414,0.001508,172.217.194.0-255,7156,210235,19,311648
9415,0.001511,172.217.194.0-255,1484,211719,19,311648
9416,0.001515,172.217.194.0-255,2902,214621,19,311648
9417,0.001522,172.31.36.0-255,66,214687,19,311648
9418,0.001588,172.31.36.0-255,66,214753,19,311648
9419,0.001596,172.217.194.0-255,7156,221909,19,311648
9420,0.001624,172.217.194.0-255,7856,229765,19,311648
9421,0.001627,172.31.36.0-255,66,229831,19,311648
9422,0.001654,172.31.36.0-255,66,229897,19,311648
9423,0.00169,172.217.194.0-255,1484,231381,19,311648
9424,0.001695,172.217.194.0-255,2902,234283,19,311648
9425,0.001701,172.31.36.0-255,66,234349,19,311648
9426,0.001738,172.217.194.0-255,5738,240087,19,311648
9427,0.001749,172.217.194.0-255,9992,250079,19,311648
9428,0.001763,172.217.194.0-255,2902,252981,19,311648
9429,0.001772,172.217.194.0-255,8574,261555,19,311648
9430,0.001784,172.31.36.0-255,66,261621,19,311648
9431,0.00179,172.217.194.0-255,2184,263805,19,311648
9432,0.001797,172.31.36.0-255,66,263871,19,311648
9433,0.001858,172.217.194.0-255,1484,265355,19,311648
9434,0.001863,172.217.194.0-255,2902,268257,19,311648
9435,0.001869,172.31.36.0-255,66,268323,19,311648
9436,0.001889,172.217.194.0-255,5738,274061,19,311648
9437,0.001925,172.217.194.0-255,2902,276963,19,311648
9438,0.001948,172.31.36.0-255,66,277029,19,311648
9439,0.001957,172.217.194.0-255,8574,285603,19,311648
9440,0.001975,172.217.194.0-255,1484,287087,19,311648
9441,0.001979,172.217.194.0-255,2902,289989,19,311648
9442,0.001985,172.217.194.0-255,5738,295727,19,311648
9443,0.001987,172.217.194.0-255,1484,297211,19,311648
9444,0.001996,172.31.36.0-255,66,297277,19,311648
9445,0.002017,172.217.194.0-255,1484,298761,19,311648
9446,0.002041,172.31.36.0-255,66,298827,19,311648
9447,0.002054,172.217.194.0-255,7156,305983,19,311648
9448,0.002059,172.31.36.0-255,66,306049,19,311648
9449,0.002081,172.217.194.0-255,4603,310652,19,311648
9450,0.002084,172.217.194.0-255,105,310757,19,311648
9451,0.002103,172.31.36.0-255,66,310823,19,311648
9452,0.002106,172.217.194.0-255,129,310952,19,311648
9453,0.004731,172.31.36.0-255,105,311057,19,311648
9454,0.00477,172.31.36.0-255,105,311162,19,311648
9455,0.004984,172.31.36.0-255,90,311252,19,311648
9456,0.004995,172.31.36.0-255,66,311318,19,311648
9457,0.007248,172.217.194.0-255,66,311384,19,311648
9458,0.007257,172.217.194.0-255,66,311450,19,311648
9459,0.00751,172.217.194.0-255,66,311516,19,311648
9460,0.007534,172.217.194.0-255,66,311582,19,311648
9461,0.00754,172.31.36.0-255,66,311648,19,311648
9462,0.0,172.217.160.0-255,153,153,19,157320
9463,3.6e-05,172.31.36.0-255,66,219,19,157320
9464,4.5e-05,172.217.160.0-255,1484,1703,19,157320
9465,5e-05,172.31.36.0-255,66,1769,19,157320
9466,5.5e-05,172.217.160.0-255,2902,4671,19,157320
9467,5.8e-05,172.31.36.0-255,66,4737,19,157320
9468,6.5e-05,172.217.160.0-255,7156,11893,19,157320
9469,7e-05,172.31.36.0-255,66,11959,19,157320
9470,7.4e-05,172.217.160.0-255,2032,13991,19,157320
9471,7.6e-05,172.31.36.0-255,66,14057,19,157320
9472,0.000107,172.217.160.0-255,1484,15541,19,157320
9473,0.000113,172.31.36.0-255,66,15607,19,157320
9474,0.000122,172.217.160.0-255,2902,18509,19,157320
9475,0.000124,172.31.36.0-255,66,18575,19,157320
9476,0.000134,172.217.160.0-255,5738,24313,19,157320
9477,0.000137,172.31.36.0-255,66,24379,19,157320
9478,0.000171,172.217.160.0-255,2902,27281,19,157320
9479,0.000174,172.31.36.0-255,66,27347,19,157320
9480,0.000193,172.217.160.0-255,3961,31308,19,157320
9481,0.000196,172.31.36.0-255,66,31374,19,157320
9482,0.000227,172.217.160.0-255,1484,32858,19,157320
9483,0.000229,172.31.36.0-255,66,32924,19,157320
9484,0.000236,172.217.160.0-255,2902,35826,19,157320
9485,0.000238,172.31.36.0-255,66,35892,19,157320
9486,0.000247,172.217.160.0-255,5738,41630,19,157320
9487,0.00025,172.31.36.0-255,66,41696,19,157320
9488,0.000271,172.217.160.0-255,6797,48493,19,157320
9489,0.000274,172.31.36.0-255,66,48559,19,157320
9490,0.000312,172.217.160.0-255,7156,55715,19,157320
9491,0.000315,172.31.36.0-255,66,55781,19,157320
9492,0.000332,172.217.160.0-255,7156,62937,19,157320
9493,0.000335,172.31.36.0-255,66,63003,19,157320
9494,0.000339,172.217.160.0-255,2543,65546,19,157320
9495,0.000341,172.31.36.0-255,66,65612,19,157320
9496,0.000344,172.217.160.0-255,335,65947,19,157320
9497,0.00086,172.31.36.0-255,66,66013,19,157320
9498,0.000996,172.217.160.0-255,117,66130,19,157320
9499,0.001077,172.217.160.0-255,1484,67614,19,157320
9500,0.001081,172.31.36.0-255,66,67680,19,157320
9501,0.001087,172.217.160.0-255,2902,70582,19,157320
9502,0.001089,172.31.36.0-255,66,70648,19,157320
9503,0.001096,172.217.160.0-255,5738,76386,19,157320
9504,0.001099,172.31.36.0-255,66,76452,19,157320
9505,0.00115,172.217.160.0-255,6797,83249,19,157320
9506,0.001153,172.31.36.0-255,66,83315,19,157320
9507,0.001161,172.217.160.0-255,7156,90471,19,157320
9508,0.001164,172.31.36.0-255,66,90537,19,157320
9509,0.001171,172.217.160.0-255,7156,97693,19,157320
9510,0.001173,172.31.36.0-255,66,97759,19,157320
9511,0.001196,172.217.160.0-255,2543,100302,19,157320
9512,0.001199,172.31.36.0-255,66,100368,19,157320
9513,0.001202,172.217.160.0-255,388,100756,19,157320
9514,0.001504,172.217.160.0-255,1484,102240,19,157320
9515,0.00151,172.31.36.0-255,66,102306,19,157320
9516,0.001517,172.217.160.0-255,2902,105208,19,157320
9517,0.00152,172.31.36.0-255,66,105274,19,157320
9518,0.001523,172.217.160.0-255,1484,106758,19,157320
9519,0.001546,172.217.160.0-255,5738,112496,19,157320
9520,0.001549,172.31.36.0-255,66,112562,19,157320
9521,0.001568,172.217.160.0-255,2902,115464,19,157320
9522,0.00157,172.31.36.0-255,66,115530,19,157320
9523,0.001594,172.217.160.0-255,9992,125522,19,157320
9524,0.001596,172.31.36.0-255,66,125588,19,157320
9525,0.001598,172.217.160.0-255,1484,127072,19,157320
9526,0.001604,172.217.160.0-255,5738,132810,19,157320
9527,0.001606,172.31.36.0-255,66,132876,19,157320
9528,0.001627,172.217.160.0-255,2184,135060,19,157320
9529,0.001629,172.31.36.0-255,66,135126,19,157320
9530,0.003515,172.217.160.0-255,2902,138028,19,157320
9531,0.003519,172.31.36.0-255,66,138094,19,157320
9532,0.00355,172.217.160.0-255,2902,140996,19,157320
9533,0.003552,172.31.36.0-255,66,141062,19,157320
9534,0.005408,172.217.160.0-255,2902,143964,19,157320
9535,0.005412,172.31.36.0-255,66,144030,19,157320
9536,0.005433,172.217.160.0-255,1484,145514,19,157320
9537,0.005443,172.217.160.0-255,1484,146998,19,157320
9538,0.005444,172.31.36.0-255,66,147064,19,157320
9539,0.007319,172.217.160.0-255,4320,151384,19,157320
9540,0.007328,172.31.36.0-255,66,151450,19,157320
9541,0.007347,172.217.160.0-255,1484,152934,19,157320
9542,0.009241,172.217.160.0-255,4320,157254,19,157320
9543,0.009255,172.31.36.0-255,66,157320,19,157320
9544,0.0,172.217.194.0-255,153,153,19,186979
9545,2.7e-05,172.31.36.0-255,66,219,19,186979
9546,3.5e-05,172.217.194.0-255,1484,1703,19,186979
9547,4e-05,172.31.36.0-255,66,1769,19,186979
9548,4.6e-05,172.217.194.0-255,2902,4671,19,186979
9549,5.7e-05,172.31.36.0-255,66,4737,19,186979
9550,6.4e-05,172.217.194.0-255,5738,10475,19,186979
9551,6.6e-05,172.31.36.0-255,66,10541,19,186979
9552,9.3e-05,172.217.194.0-255,3466,14007,19,186979
9553,9.6e-05,172.31.36.0-255,66,14073,19,186979
9554,0.000179,172.217.194.0-255,1484,15557,19,186979
9555,0.000183,172.31.36.0-255,66,15623,19,186979
9556,0.000189,172.217.194.0-255,2902,18525,19,186979
9557,0.000193,172.31.36.0-255,66,18591,19,186979
9558,0.000219,172.217.194.0-255,5738,24329,19,186979
9559,0.000222,172.31.36.0-255,66,24395,19,186979
9560,0.000254,172.217.194.0-255,6797,31192,19,186979
9561,0.000257,172.31.36.0-255,66,31258,19,186979
9562,0.000325,172.217.194.0-255,1484,32742,19,186979
9563,0.000329,172.31.36.0-255,66,32808,19,186979
9564,0.000334,172.217.194.0-255,2902,35710,19,186979
9565,0.000337,172.31.36.0-255,66,35776,19,186979
9566,0.00034,172.217.194.0-255,1484,37260,19,186979
9567,0.000342,172.31.36.0-255,66,37326,19,186979
9568,0.000387,172.217.194.0-255,4320,41646,19,186979
9569,0.000393,172.31.36.0-255,66,41712,19,186979
9570,0.000404,172.31.36.0-255,66,41778,19,186979
9571,0.000413,172.217.194.0-255,9922,51700,19,186979
9572,0.000416,172.31.36.0-255,66,51766,19,186979
9573,0.000418,172.217.194.0-255,98,51864,19,186979
9574,0.000422,172.31.36.0-255,66,51930,19,186979
9575,0.000447,172.217.194.0-255,365,52295,19,186979
9576,0.000666,172.217.194.0-255,1484,53779,19,186979
9577,0.000673,172.31.36.0-255,66,53845,19,186979
9578,0.000681,172.217.194.0-255,2902,56747,19,186979
9579,0.000684,172.31.36.0-255,66,56813,19,186979
9580,0.000694,172.217.194.0-255,2902,59715,19,186979
9581,0.000697,172.31.36.0-255,66,59781,19,186979
9582,0.00071,172.217.194.0-255,2902,62683,19,186979
9583,0.000713,172.31.36.0-255,66,62749,19,186979
9584,0.000742,172.217.194.0-255,2902,65651,19,186979
9585,0.000745,172.31.36.0-255,66,65717,19,186979
9586,0.000779,172.217.194.0-255,4320,70037,19,186979
9587,0.000783,172.31.36.0-255,66,70103,19,186979
9588,0.000798,172.31.36.0-255,66,70169,19,186979
9589,0.000802,172.217.194.0-255,2184,72353,19,186979
9590,0.000804,172.31.36.0-255,66,72419,19,186979
9591,0.001494,172.217.194.0-255,1484,73903,19,186979
9592,0.001504,172.217.194.0-255,1484,75387,19,186979
9593,0.001509,172.31.36.0-255,66,75453,19,186979
9594,0.001539,172.217.194.0-255,1484,76937,19,186979
9595,0.001546,172.217.194.0-255,5738,82675,19,186979
9596,0.001549,172.31.36.0-255,66,82741,19,186979
9597,0.001563,172.31.36.0-255,66,82807,19,186979
9598,0.00157,172.217.194.0-255,8574,91381,19,186979
9599,0.001572,172.31.36.0-255,66,91447,19,186979
9600,0.001601,172.217.194.0-255,2184,93631,19,186979
9601,0.001604,172.31.36.0-255,66,93697,19,186979
9602,0.001696,172.217.194.0-255,1484,95181,19,186979
9603,0.001726,172.217.194.0-255,2902,98083,19,186979
9604,0.001731,172.31.36.0-255,66,98149,19,186979
9605,0.001739,172.217.194.0-255,5738,103887,19,186979
9606,0.00174,172.31.36.0-255,66,103953,19,186979
9607,0.001759,172.31.36.0-255,66,104019,19,186979
9608,0.001763,172.217.194.0-255,1484,105503,19,186979
9609,0.001798,172.217.194.0-255,9274,114777,19,186979
9610,0.001802,172.31.36.0-255,66,114843,19,186979
9611,0.001894,172.217.194.0-255,1484,116327,19,186979
9612,0.001908,172.217.194.0-255,2902,119229,19,186979
9613,0.001911,172.31.36.0-255,66,119295,19,186979
9614,0.001942,172.217.194.0-255,5738,125033,19,186979
9615,0.001952,172.217.194.0-255,9992,135025,19,186979
9616,0.001967,172.217.194.0-255,2902,137927,19,186979
9617,0.001992,172.217.194.0-255,2902,140829,19,186979
9618,0.002037,172.217.194.0-255,2184,143013,19,186979
9619,0.002046,172.217.194.0-255,9992,153005,19,186979
9620,0.002067,172.217.194.0-255,8574,161579,19,186979
9621,0.002073,172.217.194.0-255,5738,167317,19,186979
9622,0.002089,172.217.194.0-255,2184,169501,19,186979
9623,0.003252,172.31.36.0-255,66,169567,19,186979
9624,0.00528,172.217.194.0-255,5738,175305,19,186979
9625,0.005285,172.31.36.0-255,66,175371,19,186979
9626,0.007289,172.217.194.0-255,5738,181109,19,186979
9627,0.007295,172.31.36.0-255,66,181175,19,186979
9628,0.009298,172.217.194.0-255,5738,186913,19,186979
9629,0.009306,172.31.36.0-255,66,186979,19,186979
9630,0.0,172.217.194.0-255,153,153,19,187323
9631,2.4e-05,172.31.36.0-255,66,219,19,187323
9632,3e-05,172.217.194.0-255,1484,1703,19,187323
9633,3.5e-05,172.31.36.0-255,66,1769,19,187323
9634,4.8e-05,172.217.194.0-255,2902,4671,19,187323
9635,5.2e-05,172.31.36.0-255,66,4737,19,187323
9636,5.8e-05,172.217.194.0-255,4320,9057,19,187323
9637,6.2e-05,172.31.36.0-255,66,9123,19,187323
9638,8.8e-05,172.217.194.0-255,4890,14013,19,187323
9639,9.6e-05,172.31.36.0-255,66,14079,19,187323
9640,0.000363,172.217.194.0-255,1484,15563,19,187323
9641,0.000369,172.31.36.0-255,66,15629,19,187323
9642,0.000376,172.217.194.0-255,2902,18531,19,187323
9643,0.000378,172.31.36.0-255,66,18597,19,187323
9644,0.00039,172.217.194.0-255,5738,24335,19,187323
9645,0.000393,172.31.36.0-255,66,24401,19,187323
9646,0.000428,172.217.194.0-255,2902,27303,19,187323
9647,0.000431,172.31.36.0-255,66,27369,19,187323
9648,0.000458,172.217.194.0-255,3961,31330,19,187323
9649,0.000462,172.31.36.0-255,66,31396,19,187323
9650,0.000582,172.217.194.0-255,1484,32880,19,187323
9651,0.000586,172.31.36.0-255,66,32946,19,187323
9652,0.000593,172.217.194.0-255,2902,35848,19,187323
9653,0.000596,172.31.36.0-255,66,35914,19,187323
9654,0.000607,172.217.194.0-255,5738,41652,19,187323
9655,0.000609,172.31.36.0-255,66,41718,19,187323
9656,0.000651,172.31.36.0-255,66,41784,19,187323
9657,0.000661,172.217.194.0-255,9633,51417,19,187323
9658,0.000663,172.31.36.0-255,66,51483,19,187323
9659,0.00067,172.217.194.0-255,377,51860,19,187323
9660,0.000673,172.31.36.0-255,66,51926,19,187323
9661,0.000821,172.217.194.0-255,365,52291,19,187323
9662,0.001062,172.217.194.0-255,1484,53775,19,187323
9663,0.001067,172.31.36.0-255,66,53841,19,187323
9664,0.001073,172.217.194.0-255,2902,56743,19,187323
9665,0.001075,172.31.36.0-255,66,56809,19,187323
9666,0.001087,172.217.194.0-255,5738,62547,19,187323
9667,0.001089,172.31.36.0-255,66,62613,19,187323
9668,0.001134,172.217.194.0-255,9992,72605,19,187323
9669,0.001137,172.31.36.0-255,66,72671,19,187323
9670,0.001155,172.217.194.0-255,2902,75573,19,187323
9671,0.001188,172.217.194.0-255,7156,82729,19,187323
9672,0.001193,172.31.36.0-255,66,82795,19,187323
9673,0.0012,172.31.36.0-255,66,82861,19,187323
9674,0.00121,172.217.194.0-255,3602,86463,19,187323
9675,0.001214,172.31.36.0-255,66,86529,19,187323
9676,0.001286,172.217.194.0-255,1484,88013,19,187323
9677,0.00129,172.217.194.0-255,1484,89497,19,187323
9678,0.001294,172.31.36.0-255,66,89563,19,187323
9679,0.001326,172.217.194.0-255,1484,91047,19,187323
9680,0.001333,172.217.194.0-255,5738,96785,19,187323
9681,0.001336,172.31.36.0-255,66,96851,19,187323
9682,0.001355,172.31.36.0-255,66,96917,19,187323
9683,0.001361,172.217.194.0-255,5738,102655,19,187323
9684,0.001364,172.31.36.0-255,66,102721,19,187323
9685,0.00139,172.217.194.0-255,5020,107741,19,187323
9686,0.001398,172.31.36.0-255,66,107807,19,187323
9687,0.001476,172.217.194.0-255,1484,109291,19,187323
9688,0.001482,172.217.194.0-255,2902,112193,19,187323
9689,0.001485,172.31.36.0-255,66,112259,19,187323
9690,0.001492,172.217.194.0-255,4320,116579,19,187323
9691,0.001494,172.31.36.0-255,66,116645,19,187323
9692,0.001511,172.217.194.0-255,1484,118129,19,187323
9693,0.001534,172.217.194.0-255,4320,122449,19,187323
9694,0.001536,172.31.36.0-255,66,122515,19,187323
9695,0.001555,172.217.194.0-255,2902,125417,19,187323
9696,0.001558,172.31.36.0-255,66,125483,19,187323
9697,0.001568,172.217.194.0-255,9992,135475,19,187323
9698,0.00157,172.31.36.0-255,66,135541,19,187323
9699,0.001602,172.217.194.0-255,4320,139861,19,187323
9700,0.001605,172.31.36.0-255,66,139927,19,187323
9701,0.001609,172.217.194.0-255,2184,142111,19,187323
9702,0.001611,172.31.36.0-255,66,142177,19,187323
9703,0.001643,172.217.194.0-255,1484,143661,19,187323
9704,0.001647,172.217.194.0-255,2902,146563,19,187323
9705,0.001653,172.217.194.0-255,5738,152301,19,187323
9706,0.001662,172.31.36.0-255,66,152367,19,187323
9707,0.001665,172.31.36.0-255,66,152433,19,187323
9708,0.001674,172.217.194.0-255,8574,161007,19,187323
9709,0.001677,172.31.36.0-255,66,161073,19,187323
9710,0.001714,172.217.194.0-255,2902,163975,19,187323
9711,0.001717,172.31.36.0-255,66,164041,19,187323
9712,0.001736,172.31.36.0-255,66,164107,19,187323
9713,0.003719,172.217.194.0-255,5738,169845,19,187323
9714,0.003726,172.31.36.0-255,66,169911,19,187323
9715,0.005716,172.217.194.0-255,5738,175649,19,187323
9716,0.00572,172.31.36.0-255,66,175715,19,187323
9717,0.007689,172.217.194.0-255,5738,181453,19,187323
9718,0.007696,172.31.36.0-255,66,181519,19,187323
9719,0.009686,172.217.194.0-255,5738,187257,19,187323
9720,0.009693,172.31.36.0-255,66,187323,19,187323
9721,0.0,74.125.24.0-255,153,153,19,160733
9722,3.3e-05,172.31.36.0-255,66,219,19,160733
9723,4e-05,74.125.24.0-255,1484,1703,19,160733
9724,4.5e-05,172.31.36.0-255,66,1769,19,160733
9725,4.9e-05,74.125.24.0-255,2902,4671,19,160733
9726,5.2e-05,172.31.36.0-255,66,4737,19,160733
9727,5.9e-05,74.125.24.0-255,7156,11893,19,160733
9728,6.2e-05,172.31.36.0-255,66,11959,19,160733
9729,6.6e-05,74.125.24.0-255,1940,13899,19,160733
9730,6.9e-05,172.31.36.0-255,66,13965,19,160733
9731,0.000125,74.125.24.0-255,1484,15449,19,160733
9732,0.000128,172.31.36.0-255,66,15515,19,160733
9733,0.000133,74.125.24.0-255,2902,18417,19,160733
9734,0.000136,172.31.36.0-255,66,18483,19,160733
9735,0.000163,74.125.24.0-255,5738,24221,19,160733
9736,0.000165,172.31.36.0-255,66,24287,19,160733
9737,0.0002,74.125.24.0-255,4320,28607,19,160733
9738,0.000203,172.31.36.0-255,66,28673,19,160733
9739,0.000222,74.125.24.0-255,2543,31216,19,160733
9740,0.000224,172.31.36.0-255,66,31282,19,160733
9741,0.000612,74.125.24.0-255,1484,32766,19,160733
9742,0.000617,172.31.36.0-255,66,32832,19,160733
9743,0.000626,74.125.24.0-255,2902,35734,19,160733
9744,0.000628,172.31.36.0-255,66,35800,19,160733
9745,0.000632,74.125.24.0-255,1484,37284,19,160733
9746,0.000634,172.31.36.0-255,66,37350,19,160733
9747,0.000659,74.125.24.0-255,4320,41670,19,160733
9748,0.000661,172.31.36.0-255,66,41736,19,160733
9749,0.000669,74.125.24.0-255,8215,49951,19,160733
9750,0.000671,172.31.36.0-255,66,50017,19,160733
9751,0.000702,74.125.24.0-255,9992,60009,19,160733
9752,0.000707,172.31.36.0-255,66,60075,19,160733
9753,0.000722,74.125.24.0-255,5379,65454,19,160733
9754,0.000726,172.31.36.0-255,66,65520,19,160733
9755,0.000758,74.125.24.0-255,412,65932,19,160733
9756,0.000825,74.125.24.0-255,331,66263,19,160733
9757,0.00112,172.31.36.0-255,66,66329,19,160733
9758,0.001688,74.125.24.0-255,1484,67813,19,160733
9759,0.001695,74.125.24.0-255,2902,70715,19,160733
9760,0.001698,172.31.36.0-255,66,70781,19,160733
9761,0.001718,74.125.24.0-255,4320,75101,19,160733
9762,0.00172,172.31.36.0-255,66,75167,19,160733
9763,0.001731,74.125.24.0-255,1484,76651,19,160733
9764,0.001734,74.125.24.0-255,2902,79553,19,160733
9765,0.001736,172.31.36.0-255,66,79619,19,160733
9766,0.001748,74.125.24.0-255,2902,82521,19,160733
9767,0.001749,172.31.36.0-255,66,82587,19,160733
9768,0.001785,172.31.36.0-255,66,82653,19,160733
9769,0.00179,74.125.24.0-255,5020,87673,19,160733
9770,0.001792,172.31.36.0-255,66,87739,19,160733
9771,0.001907,74.125.24.0-255,1484,89223,19,160733
9772,0.001911,74.125.24.0-255,2902,92125,19,160733
9773,0.001913,172.31.36.0-255,66,92191,19,160733
9774,0.001933,74.125.24.0-255,5738,97929,19,160733
9775,0.001935,172.31.36.0-255,66,97995,19,160733
9776,0.001939,74.125.24.0-255,2902,100897,19,160733
9777,0.00194,172.31.36.0-255,66,100963,19,160733
9778,0.001954,74.125.24.0-255,1484,102447,19,160733
9779,0.001956,74.125.24.0-255,1484,103931,19,160733
9780,0.001958,172.31.36.0-255,66,103997,19,160733
9781,0.00198,74.125.24.0-255,9992,113989,19,160733
9782,0.001983,172.31.36.0-255,66,114055,19,160733
9783,0.00201,74.125.24.0-255,7856,121911,19,160733
9784,0.002012,172.31.36.0-255,66,121977,19,160733
9785,0.002288,74.125.24.0-255,1484,123461,19,160733
9786,0.002306,74.125.24.0-255,2902,126363,19,160733
9787,0.002309,172.31.36.0-255,66,126429,19,160733
9788,0.002312,74.125.24.0-255,1484,127913,19,160733
9789,0.002332,74.125.24.0-255,4320,132233,19,160733
9790,0.002335,172.31.36.0-255,66,132299,19,160733
9791,0.002364,74.125.24.0-255,4320,136619,19,160733
9792,0.002367,172.31.36.0-255,66,136685,19,160733
9793,0.00237,172.31.36.0-255,66,136751,19,160733
9794,0.00238,74.125.24.0-255,1484,138235,19,160733
9795,0.002404,74.125.24.0-255,5020,143255,19,160733
9796,0.002407,172.31.36.0-255,66,143321,19,160733
9797,0.004819,74.125.24.0-255,5738,149059,19,160733
9798,0.004826,172.31.36.0-255,66,149125,19,160733
9799,0.00719,74.125.24.0-255,5738,154863,19,160733
9800,0.007196,172.31.36.0-255,66,154929,19,160733
9801,0.009609,74.125.24.0-255,5738,160667,19,160733
9802,0.009616,172.31.36.0-255,66,160733,19,160733
9803,0.0,172.217.194.0-255,154,154,19,110627
9804,2.3e-05,172.31.36.0-255,66,220,19,110627
9805,2.8e-05,172.217.194.0-255,1484,1704,19,110627
9806,3.2e-05,172.31.36.0-255,66,1770,19,110627
9807,4.7e-05,172.217.194.0-255,2902,4672,19,110627
9808,4.9e-05,172.31.36.0-255,66,4738,19,110627
9809,7.8e-05,172.217.194.0-255,7156,11894,19,110627
9810,8.1e-05,172.31.36.0-255,66,11960,19,110627
9811,8.5e-05,172.217.194.0-255,2038,13998,19,110627
9812,8.9e-05,172.31.36.0-255,66,14064,19,110627
9813,0.000142,172.217.194.0-255,1484,15548,19,110627
9814,0.000145,172.31.36.0-255,66,15614,19,110627
9815,0.00017,172.217.194.0-255,4320,19934,19,110627
9816,0.000173,172.31.36.0-255,66,20000,19,110627
9817,0.000181,172.217.194.0-255,7156,27156,19,110627
9818,0.000184,172.31.36.0-255,66,27222,19,110627
9819,0.000209,172.217.194.0-255,7156,34378,19,110627
9820,0.000213,172.31.36.0-255,66,34444,19,110627
9821,0.000233,172.217.194.0-255,5738,40182,19,110627
9822,0.000236,172.31.36.0-255,66,40248,19,110627
9823,0.000271,172.217.194.0-255,7856,48104,19,110627
9824,0.000274,172.31.36.0-255,66,48170,19,110627
9825,0.000514,172.217.194.0-255,1484,49654,19,110627
9826,0.000518,172.31.36.0-255,66,49720,19,110627
9827,0.000524,172.217.194.0-255,2902,52622,19,110627
9828,0.000526,172.31.36.0-255,66,52688,19,110627
9829,0.000558,172.217.194.0-255,5738,58426,19,110627
9830,0.000564,172.217.194.0-255,5738,64164,19,110627
9831,0.000564,172.31.36.0-255,66,64230,19,110627
9832,0.000569,172.31.36.0-255,66,64296,19,110627
9833,0.000606,172.217.194.0-255,4320,68616,19,110627
9834,0.00061,172.31.36.0-255,66,68682,19,110627
9835,0.000635,172.217.194.0-255,9633,78315,19,110627
9836,0.000638,172.31.36.0-255,66,78381,19,110627
9837,0.000665,172.217.194.0-255,2902,81283,19,110627
9838,0.000668,172.31.36.0-255,66,81349,19,110627
9839,0.000691,172.31.36.0-255,66,81415,19,110627
9840,0.000706,172.217.194.0-255,2902,84317,19,110627
9841,0.000709,172.31.36.0-255,66,84383,19,110627
9842,0.000733,172.217.194.0-255,3602,87985,19,110627
9843,0.000736,172.31.36.0-255,66,88051,19,110627
9844,0.001002,172.217.194.0-255,646,88697,19,110627
9845,0.001059,172.31.36.0-255,66,88763,19,110627
9846,0.003026,172.217.194.0-255,4320,93083,19,110627
9847,0.003034,172.31.36.0-255,66,93149,19,110627
9848,0.003342,172.217.194.0-255,1484,94633,19,110627
9849,0.005316,172.217.194.0-255,4320,98953,19,110627
9850,0.005322,172.31.36.0-255,66,99019,19,110627
9851,0.007615,172.217.194.0-255,5738,104757,19,110627
9852,0.007622,172.31.36.0-255,66,104823,19,110627
9853,0.009917,172.217.194.0-255,5738,110561,19,110627
9854,0.009924,172.31.36.0-255,66,110627,19,110627
9855,0.0,74.125.68.0-255,153,153,19,340947
9856,2.2e-05,172.31.36.0-255,66,219,19,340947
9857,2.8e-05,74.125.68.0-255,1484,1703,19,340947
9858,3.2e-05,172.31.36.0-255,66,1769,19,340947
9859,3.7e-05,74.125.68.0-255,2902,4671,19,340947
9860,4e-05,172.31.36.0-255,66,4737,19,340947
9861,4.3e-05,74.125.68.0-255,1484,6221,19,340947
9862,4.6e-05,172.31.36.0-255,66,6287,19,340947
9863,7.5e-05,74.125.68.0-255,5738,12025,19,340947
9864,7.8e-05,172.31.36.0-255,66,12091,19,340947
9865,0.000104,74.125.68.0-255,2011,14102,19,340947
9866,0.000107,172.31.36.0-255,66,14168,19,340947
9867,0.000314,74.125.68.0-255,1484,15652,19,340947
9868,0.000321,172.31.36.0-255,66,15718,19,340947
9869,0.000327,74.125.68.0-255,2902,18620,19,340947
9870,0.000329,172.31.36.0-255,66,18686,19,340947
9871,0.000359,74.125.68.0-255,5738,24424,19,340947
9872,0.000363,172.31.36.0-255,66,24490,19,340947
9873,0.00037,74.125.68.0-255,5738,30228,19,340947
9874,0.000373,172.31.36.0-255,66,30294,19,340947
9875,0.00039,74.125.68.0-255,1125,31419,19,340947
9876,0.000393,172.31.36.0-255,66,31485,19,340947
9877,0.000492,74.125.68.0-255,1484,32969,19,340947
9878,0.000498,172.31.36.0-255,66,33035,19,340947
9879,0.000502,74.125.68.0-255,1484,34519,19,340947
9880,0.000504,172.31.36.0-255,66,34585,19,340947
9881,0.000508,74.125.68.0-255,2902,37487,19,340947
9882,0.000511,172.31.36.0-255,66,37553,19,340947
9883,0.000531,74.125.68.0-255,1484,39037,19,340947
9884,0.000534,172.31.36.0-255,66,39103,19,340947
9885,0.000558,74.125.68.0-255,4320,43423,19,340947
9886,0.000562,172.31.36.0-255,66,43489,19,340947
9887,0.000568,74.125.68.0-255,5379,48868,19,340947
9888,0.00057,172.31.36.0-255,66,48934,19,340947
9889,0.000589,74.125.68.0-255,1484,50418,19,340947
9890,0.000592,172.31.36.0-255,66,50484,19,340947
9891,0.000619,74.125.68.0-255,4320,54804,19,340947
9892,0.000623,172.31.36.0-255,66,54870,19,340947
9893,0.000626,74.125.68.0-255,1484,56354,19,340947
9894,0.000628,172.31.36.0-255,66,56420,19,340947
9895,0.000632,74.125.68.0-255,2902,59322,19,340947
9896,0.000634,172.31.36.0-255,66,59388,19,340947
9897,0.00064,74.125.68.0-255,5738,65126,19,340947
9898,0.000642,172.31.36.0-255,66,65192,19,340947
9899,0.000667,74.125.68.0-255,1436,66628,19,340947
9900,0.000671,172.31.36.0-255,66,66694,19,340947
9901,0.000684,74.125.68.0-255,375,67069,19,340947
9902,0.000687,172.31.36.0-255,66,67135,19,340947
9903,0.000808,74.125.68.0-255,1484,68619,19,340947
9904,0.000815,172.31.36.0-255,66,68685,19,340947
9905,0.00082,74.125.68.0-255,2902,71587,19,340947
9906,0.000823,172.31.36.0-255,66,71653,19,340947
9907,0.000854,74.125.68.0-255,5738,77391,19,340947
9908,0.000859,74.125.68.0-255,1484,78875,19,340947
9909,0.000879,74.125.68.0-255,7156,86031,19,340947
9910,0.000882,74.125.68.0-255,1484,87515,19,340947
9911,0.000905,74.125.68.0-255,8574,96089,19,340947
9912,0.000911,74.125.68.0-255,5020,101109,19,340947
9913,0.000925,172.31.36.0-255,66,101175,19,340947
9914,0.000964,74.125.68.0-255,1484,102659,19,340947
9915,0.000988,74.125.68.0-255,2902,105561,19,340947
9916,0.000995,74.125.68.0-255,5738,111299,19,340947
9917,0.001019,74.125.68.0-255,7156,118455,19,340947
9918,0.001032,172.31.36.0-255,66,118521,19,340947
9919,0.001053,74.125.68.0-255,5738,124259,19,340947
9920,0.001073,74.125.68.0-255,2902,127161,19,340947
9921,0.001078,74.125.68.0-255,2902,130063,19,340947
9922,0.001095,74.125.68.0-255,2902,132965,19,340947
9923,0.001099,172.31.36.0-255,66,133031,19,340947
9924,0.001105,172.31.36.0-255,66,133097,19,340947
9925,0.00112,74.125.68.0-255,2184,135281,19,340947
9926,0.001144,172.31.36.0-255,66,135347,19,340947
9927,0.001174,74.125.68.0-255,1484,136831,19,340947
9928,0.001193,74.125.68.0-255,1484,138315,19,340947
9929,0.001211,74.125.68.0-255,1484,139799,19,340947
9930,0.001214,74.125.68.0-255,1484,141283,19,340947
9931,0.001231,74.125.68.0-255,2902,144185,19,340947
9932,0.001236,74.125.68.0-255,4320,148505,19,340947
9933,0.001242,172.31.36.0-255,66,148571,19,340947
9934,0.001251,74.125.68.0-255,1484,150055,19,340947
9935,0.001269,74.125.68.0-255,4320,154375,19,340947
9936,0.001285,74.125.68.0-255,2902,157277,19,340947
9937,0.001293,74.125.68.0-255,7156,164433,19,340947
9938,0.001304,74.125.68.0-255,1484,165917,19,340947
9939,0.001307,74.125.68.0-255,1484,167401,19,340947
9940,0.001325,74.125.68.0-255,2184,169585,19,340947
9941,0.001333,172.31.36.0-255,66,169651,19,340947
9942,0.001478,74.125.68.0-255,1484,171135,19,340947
9943,0.001486,74.125.68.0-255,2902,174037,19,340947
9944,0.001497,172.31.36.0-255,66,174103,19,340947
9945,0.001509,74.125.68.0-255,5738,179841,19,340947
9946,0.001514,74.125.68.0-255,4320,184161,19,340947
9947,0.001519,172.31.36.0-255,66,184227,19,340947
9948,0.001547,74.125.68.0-255,5738,189965,19,340947
9949,0.001552,172.31.36.0-255,66,190031,19,340947
9950,0.001561,74.125.68.0-255,2902,192933,19,340947
9951,0.001573,74.125.68.0-255,4320,197253,19,340947
9952,0.001591,74.125.68.0-255,4320,201573,19,340947
9953,0.001595,74.125.68.0-255,2184,203757,19,340947
9954,0.001635,172.31.36.0-255,66,203823,19,340947
9955,0.001712,74.125.68.0-255,1484,205307,19,340947
9956,0.001731,74.125.68.0-255,2902,208209,19,340947
9957,0.001734,74.125.68.0-255,1484,209693,19,340947
9958,0.001744,172.31.36.0-255,66,209759,19,340947
9959,0.00175,74.125.68.0-255,4320,214079,19,340947
9960,0.001755,172.31.36.0-255,66,214145,19,340947
9961,0.001784,74.125.68.0-255,5738,219883,19,340947
9962,0.001792,172.31.36.0-255,66,219949,19,340947
9963,0.00181,74.125.68.0-255,5738,225687,19,340947
9964,0.001823,172.31.36.0-255,66,225753,19,340947
9965,0.001843,74.125.68.0-255,7156,232909,19,340947
9966,0.001851,172.31.36.0-255,66,232975,19,340947
9967,0.001868,74.125.68.0-255,4320,237295,19,340947
9968,0.001873,74.125.68.0-255,4320,241615,19,340947
9969,0.001889,74.125.68.0-255,7856,249471,19,340947
9970,0.001899,74.125.68.0-255,4320,253791,19,340947
9971,0.001926,172.31.36.0-255,66,253857,19,340947
9972,0.001933,74.125.68.0-255,5738,259595,19,340947
9973,0.001943,172.31.36.0-255,66,259661,19,340947
9974,0.001952,74.125.68.0-255,9992,269653,19,340947
9975,0.001965,74.125.68.0-255,2184,271837,19,340947
9976,0.001977,172.31.36.0-255,66,271903,19,340947
9977,0.001993,74.125.68.0-255,2902,274805,19,340947
9978,0.002,172.31.36.0-255,66,274871,19,340947
9979,0.002033,74.125.68.0-255,7156,282027,19,340947
9980,0.002042,172.31.36.0-255,66,282093,19,340947
9981,0.002059,74.125.68.0-255,1484,283577,19,340947
9982,0.002084,74.125.68.0-255,10692,294269,19,340947
9983,0.002098,172.31.36.0-255,66,294335,19,340947
9984,0.002131,74.125.68.0-255,8574,302909,19,340947
9985,0.002145,74.125.68.0-255,4320,307229,19,340947
9986,0.002158,74.125.68.0-255,5020,312249,19,340947
9987,0.002162,74.125.68.0-255,2902,315151,19,340947
9988,0.002169,172.31.36.0-255,66,315217,19,340947
9989,0.002179,74.125.68.0-255,2902,318119,19,340947
9990,0.002184,74.125.68.0-255,2902,321021,19,340947
9991,0.002199,172.31.36.0-255,66,321087,19,340947
9992,0.002211,74.125.68.0-255,4320,325407,19,340947
9993,0.002227,172.31.36.0-255,66,325473,19,340947
9994,0.002251,74.125.68.0-255,4320,329793,19,340947
9995,0.002261,172.31.36.0-255,66,329859,19,340947
9996,0.002265,74.125.68.0-255,2184,332043,19,340947
9997,0.002287,172.31.36.0-255,66,332109,19,340947
9998,0.004489,74.125.68.0-255,2902,335011,19,340947
9999,0.004497,172.31.36.0-255,66,335077,19,340947
10000,0.004519,74.125.68.0-255,2902,337979,19,340947
10001,0.006729,74.125.68.0-255,2902,340881,19,340947
10002,0.009128,172.31.36.0-255,66,340947,19,340947
10003,0.0,172.31.36.0-255,105,105,19,459
10004,0.000218,172.31.36.0-255,90,195,19,459
10005,0.000229,172.31.36.0-255,66,261,19,459
10006,0.002252,172.217.194.0-255,66,327,19,459
10007,0.002265,172.217.194.0-255,66,393,19,459
10008,0.002278,172.31.36.0-255,66,459,19,459
10009,0.0,74.125.68.0-255,66,66,19,66
10010,0.0,74.125.24.0-255,153,153,19,396870
10011,1.6e-05,172.31.36.0-255,66,219,19,396870
10012,2.3e-05,74.125.24.0-255,1484,1703,19,396870
10013,2.7e-05,172.31.36.0-255,66,1769,19,396870
10014,3.3e-05,74.125.24.0-255,2902,4671,19,396870
10015,3.7e-05,172.31.36.0-255,66,4737,19,396870
10016,4.1e-05,74.125.24.0-255,2902,7639,19,396870
10017,4.5e-05,172.31.36.0-255,66,7705,19,396870
10018,9.5e-05,74.125.24.0-255,6358,14063,19,396870
10019,9.8e-05,172.31.36.0-255,66,14129,19,396870
10020,0.00042,74.125.24.0-255,1484,15613,19,396870
10021,0.000425,172.31.36.0-255,66,15679,19,396870
10022,0.000431,74.125.24.0-255,2902,18581,19,396870
10023,0.000435,172.31.36.0-255,66,18647,19,396870
10024,0.000438,74.125.24.0-255,1484,20131,19,396870
10025,0.000441,172.31.36.0-255,66,20197,19,396870
10026,0.000462,74.125.24.0-255,4320,24517,19,396870
10027,0.000465,172.31.36.0-255,66,24583,19,396870
10028,0.000471,74.125.24.0-255,4320,28903,19,396870
10029,0.000473,172.31.36.0-255,66,28969,19,396870
10030,0.000515,74.125.24.0-255,9633,38602,19,396870
10031,0.000519,172.31.36.0-255,66,38668,19,396870
10032,0.000528,74.125.24.0-255,9992,48660,19,396870
10033,0.00053,172.31.36.0-255,66,48726,19,396870
10034,0.000551,74.125.24.0-255,7156,55882,19,396870
10035,0.000554,172.31.36.0-255,66,55948,19,396870
10036,0.000581,74.125.24.0-255,9274,65222,19,396870
10037,0.000584,172.31.36.0-255,66,65288,19,396870
10038,0.000586,74.125.24.0-255,398,65686,19,396870
10039,0.000589,172.31.36.0-255,66,65752,19,396870
10040,0.00078,74.125.24.0-255,112,65864,19,396870
10041,0.000784,172.31.36.0-255,66,65930,19,396870
10042,0.000821,74.125.24.0-255,1484,67414,19,396870
10043,0.000828,74.125.24.0-255,2902,70316,19,396870
10044,0.00083,172.31.36.0-255,66,70382,19,396870
10045,0.000834,74.125.24.0-255,1484,71866,19,396870
10046,0.000849,74.125.24.0-255,1484,73350,19,396870
10047,0.000851,172.31.36.0-255,66,73416,19,396870
10048,0.000859,74.125.24.0-255,7156,80572,19,396870
10049,0.00086,172.31.36.0-255,66,80638,19,396870
10050,0.000886,74.125.24.0-255,8574,89212,19,396870
10051,0.000889,172.31.36.0-255,66,89278,19,396870
10052,0.000914,74.125.24.0-255,7156,96434,19,396870
10053,0.000917,172.31.36.0-255,66,96500,19,396870
10054,0.000923,74.125.24.0-255,3602,100102,19,396870
10055,0.000925,172.31.36.0-255,66,100168,19,396870
10056,0.000928,74.125.24.0-255,331,100499,19,396870
10057,0.001056,74.125.24.0-255,1484,101983,19,396870
10058,0.00106,172.31.36.0-255,66,102049,19,396870
10059,0.001066,74.125.24.0-255,2902,104951,19,396870
10060,0.001068,172.31.36.0-255,66,105017,19,396870
10061,0.001093,74.125.24.0-255,1484,106501,19,396870
10062,0.001116,74.125.24.0-255,4320,110821,19,396870
10063,0.001119,172.31.36.0-255,66,110887,19,396870
10064,0.001128,74.125.24.0-255,8574,119461,19,396870
10065,0.00113,172.31.36.0-255,66,119527,19,396870
10066,0.001139,74.125.24.0-255,9992,129519,19,396870
10067,0.001142,172.31.36.0-255,66,129585,19,396870
10068,0.001145,74.125.24.0-255,1484,131069,19,396870
10069,0.001166,74.125.24.0-255,3602,134671,19,396870
10070,0.001169,172.31.36.0-255,66,134737,19,396870
10071,0.001199,74.125.24.0-255,5738,140475,19,396870
10072,0.001202,172.31.36.0-255,66,140541,19,396870
10073,0.001207,74.125.24.0-255,2902,143443,19,396870
10074,0.001209,172.31.36.0-255,66,143509,19,396870
10075,0.001214,74.125.24.0-255,2902,146411,19,396870
10076,0.001217,172.31.36.0-255,66,146477,19,396870
10077,0.001233,74.125.24.0-255,7156,153633,19,396870
10078,0.001236,172.31.36.0-255,66,153699,19,396870
10079,0.001262,74.125.24.0-255,4320,158019,19,396870
10080,0.001265,172.31.36.0-255,66,158085,19,396870
10081,0.001296,74.125.24.0-255,10692,168777,19,396870
10082,0.001299,172.31.36.0-255,66,168843,19,396870
10083,0.001518,74.125.24.0-255,1484,170327,19,396870
10084,0.001523,74.125.24.0-255,2902,173229,19,396870
10085,0.001526,172.31.36.0-255,66,173295,19,396870
10086,0.001531,74.125.24.0-255,1484,174779,19,396870
10087,0.00155,74.125.24.0-255,4320,179099,19,396870
10088,0.001553,172.31.36.0-255,66,179165,19,396870
10089,0.001576,74.125.24.0-255,5738,184903,19,396870
10090,0.001578,172.31.36.0-255,66,184969,19,396870
10091,0.001612,74.125.24.0-255,7156,192125,19,396870
10092,0.001616,172.31.36.0-255,66,192191,19,396870
10093,0.001635,74.125.24.0-255,1484,193675,19,396870
10094,0.001663,74.125.24.0-255,9274,202949,19,396870
10095,0.001667,172.31.36.0-255,66,203015,19,396870
10096,0.002404,74.125.24.0-255,1484,204499,19,396870
10097,0.002411,74.125.24.0-255,2902,207401,19,396870
10098,0.002416,172.31.36.0-255,66,207467,19,396870
10099,0.002423,74.125.24.0-255,5738,213205,19,396870
10100,0.002425,172.31.36.0-255,66,213271,19,396870
10101,0.002452,74.125.24.0-255,7156,220427,19,396870
10102,0.002455,172.31.36.0-255,66,220493,19,396870
10103,0.002478,74.125.24.0-255,5738,226231,19,396870
10104,0.002481,172.31.36.0-255,66,226297,19,396870
10105,0.002487,74.125.24.0-255,5738,232035,19,396870
10106,0.002489,172.31.36.0-255,66,232101,19,396870
10107,0.002494,74.125.24.0-255,4320,236421,19,396870
10108,0.002497,172.31.36.0-255,66,236487,19,396870
10109,0.0025,74.125.24.0-255,766,237253,19,396870
10110,0.003741,74.125.24.0-255,1484,238737,19,396870
10111,0.003747,172.31.36.0-255,66,238803,19,396870
10112,0.003754,74.125.24.0-255,2902,241705,19,396870
10113,0.003756,172.31.36.0-255,66,241771,19,396870
10114,0.003762,74.125.24.0-255,4320,246091,19,396870
10115,0.003764,172.31.36.0-255,66,246157,19,396870
10116,0.003783,74.125.24.0-255,1484,247641,19,396870
10117,0.003795,74.125.24.0-255,5738,253379,19,396870
10118,0.003797,172.31.36.0-255,66,253445,19,396870
10119,0.003806,74.125.24.0-255,8574,262019,19,396870
10120,0.003808,172.31.36.0-255,66,262085,19,396870
10121,0.003836,74.125.24.0-255,4320,266405,19,396870
10122,0.003838,172.31.36.0-255,66,266471,19,396870
10123,0.003844,74.125.24.0-255,5020,271491,19,396870
10124,0.003847,172.31.36.0-255,66,271557,19,396870
10125,0.00451,74.125.24.0-255,1484,273041,19,396870
10126,0.004515,74.125.24.0-255,2902,275943,19,396870
10127,0.004528,172.31.36.0-255,66,276009,19,396870
10128,0.004533,74.125.24.0-255,1484,277493,19,396870
10129,0.004565,74.125.24.0-255,5738,283231,19,396870
10130,0.004569,172.31.36.0-255,66,283297,19,396870
10131,0.004592,172.31.36.0-255,66,283363,19,396870
10132,0.0046,74.125.24.0-255,7156,290519,19,396870
10133,0.004603,172.31.36.0-255,66,290585,19,396870
10134,0.004651,74.125.24.0-255,2184,292769,19,396870
10135,0.004654,172.31.36.0-255,66,292835,19,396870
10136,0.004692,74.125.24.0-255,2902,295737,19,396870
10137,0.004697,172.31.36.0-255,66,295803,19,396870
10138,0.00471,74.125.24.0-255,4320,300123,19,396870
10139,0.004712,172.31.36.0-255,66,300189,19,396870
10140,0.004745,74.125.24.0-255,8574,308763,19,396870
10141,0.004749,172.31.36.0-255,66,308829,19,396870
10142,0.004755,74.125.24.0-255,5738,314567,19,396870
10143,0.004757,172.31.36.0-255,66,314633,19,396870
10144,0.004761,74.125.24.0-255,1484,316117,19,396870
10145,0.004763,74.125.24.0-255,1484,317601,19,396870
10146,0.004765,172.31.36.0-255,66,317667,19,396870
10147,0.004806,74.125.24.0-255,7156,324823,19,396870
10148,0.00481,172.31.36.0-255,66,324889,19,396870
10149,0.004827,74.125.24.0-255,2184,327073,19,396870
10150,0.00483,172.31.36.0-255,66,327139,19,396870
10151,0.004877,74.125.24.0-255,1484,328623,19,396870
10152,0.004894,74.125.24.0-255,2902,331525,19,396870
10153,0.004899,172.31.36.0-255,66,331591,19,396870
10154,0.004917,74.125.24.0-255,5738,337329,19,396870
10155,0.00492,172.31.36.0-255,66,337395,19,396870
10156,0.004938,74.125.24.0-255,4320,341715,19,396870
10157,0.004941,172.31.36.0-255,66,341781,19,396870
10158,0.004968,74.125.24.0-255,8574,350355,19,396870
10159,0.004972,172.31.36.0-255,66,350421,19,396870
10160,0.004977,74.125.24.0-255,4320,354741,19,396870
10161,0.004979,172.31.36.0-255,66,354807,19,396870
10162,0.005002,74.125.24.0-255,1484,356291,19,396870
10163,0.00502,74.125.24.0-255,5020,361311,19,396870
10164,0.005024,172.31.36.0-255,66,361377,19,396870
10165,0.005055,74.125.24.0-255,1484,362861,19,396870
10166,0.005061,74.125.24.0-255,2902,365763,19,396870
10167,0.005064,172.31.36.0-255,66,365829,19,396870
10168,0.005083,74.125.24.0-255,5738,371567,19,396870
10169,0.005085,172.31.36.0-255,66,371633,19,396870
10170,0.005112,74.125.24.0-255,9992,381625,19,396870
10171,0.005115,172.31.36.0-255,66,381691,19,396870
10172,0.005118,74.125.24.0-255,1484,383175,19,396870
10173,0.005152,74.125.24.0-255,9992,393167,19,396870
10174,0.005155,172.31.36.0-255,66,393233,19,396870
10175,0.00516,74.125.24.0-255,2184,395417,19,396870
10176,0.005162,172.31.36.0-255,66,395483,19,396870
10177,0.005191,74.125.24.0-255,1115,396598,19,396870
10178,0.005229,74.125.24.0-255,105,396703,19,396870
10179,0.005346,172.31.36.0-255,101,396804,19,396870
10180,0.007658,74.125.24.0-255,66,396870,19,396870
10181,0.0,74.125.68.0-255,153,153,19,157755
10182,2.3e-05,172.31.36.0-255,66,219,19,157755
10183,3.1e-05,74.125.68.0-255,1484,1703,19,157755
10184,3.5e-05,172.31.36.0-255,66,1769,19,157755
10185,3.8e-05,74.125.68.0-255,1484,3253,19,157755
10186,5.1e-05,172.31.36.0-255,66,3319,19,157755
10187,5.9e-05,74.125.68.0-255,4320,7639,19,157755
10188,6.2e-05,172.31.36.0-255,66,7705,19,157755
10189,9.9e-05,74.125.68.0-255,10502,18207,19,157755
10190,0.000103,172.31.36.0-255,66,18273,19,157755
10191,0.000107,74.125.68.0-255,2902,21175,19,157755
10192,0.000109,172.31.36.0-255,66,21241,19,157755
10193,0.00015,74.125.68.0-255,8574,29815,19,157755
10194,0.000154,172.31.36.0-255,66,29881,19,157755
10195,0.000157,74.125.68.0-255,1125,31006,19,157755
10196,0.000159,172.31.36.0-255,66,31072,19,157755
10197,0.000226,74.125.68.0-255,1484,32556,19,157755
10198,0.000229,172.31.36.0-255,66,32622,19,157755
10199,0.000236,74.125.68.0-255,2902,35524,19,157755
10200,0.000238,172.31.36.0-255,66,35590,19,157755
10201,0.000268,74.125.68.0-255,5738,41328,19,157755
10202,0.00027,172.31.36.0-255,66,41394,19,157755
10203,0.000277,74.125.68.0-255,5738,47132,19,157755
10204,0.00028,172.31.36.0-255,66,47198,19,157755
10205,0.000297,74.125.68.0-255,1125,48323,19,157755
10206,0.0003,172.31.36.0-255,66,48389,19,157755
10207,0.000308,74.125.68.0-255,5738,54127,19,157755
10208,0.00031,172.31.36.0-255,66,54193,19,157755
10209,0.00034,74.125.68.0-255,1484,55677,19,157755
10210,0.000342,172.31.36.0-255,66,55743,19,157755
10211,0.000346,74.125.68.0-255,1484,57227,19,157755
10212,0.000348,172.31.36.0-255,66,57293,19,157755
10213,0.000369,74.125.68.0-255,7156,64449,19,157755
10214,0.000389,74.125.68.0-255,1437,65886,19,157755
10215,0.000479,74.125.68.0-255,111,65997,19,157755
10216,0.000565,172.31.36.0-255,66,66063,19,157755
10217,0.000675,74.125.68.0-255,1484,67547,19,157755
10218,0.00068,74.125.68.0-255,1484,69031,19,157755
10219,0.000692,74.125.68.0-255,1484,70515,19,157755
10220,0.000709,74.125.68.0-255,4320,74835,19,157755
10221,0.000713,172.31.36.0-255,66,74901,19,157755
10222,0.00072,74.125.68.0-255,1484,76385,19,157755
10223,0.000731,172.31.36.0-255,66,76451,19,157755
10224,0.000744,74.125.68.0-255,5738,82189,19,157755
10225,0.000762,74.125.68.0-255,1484,83673,19,157755
10226,0.000799,74.125.68.0-255,5738,89411,19,157755
10227,0.000804,74.125.68.0-255,4320,93731,19,157755
10228,0.000811,74.125.68.0-255,5738,99469,19,157755
10229,0.000836,74.125.68.0-255,3602,103071,19,157755
10230,0.00084,172.31.36.0-255,66,103137,19,157755
10231,0.000852,172.31.36.0-255,66,103203,19,157755
10232,0.000865,74.125.68.0-255,4320,107523,19,157755
10233,0.000906,74.125.68.0-255,9992,117515,19,157755
10234,0.000911,74.125.68.0-255,2902,120417,19,157755
10235,0.000917,172.31.36.0-255,66,120483,19,157755
10236,0.000948,74.125.68.0-255,5738,126221,19,157755
10237,0.000957,172.31.36.0-255,66,126287,19,157755
10238,0.000975,74.125.68.0-255,7856,134143,19,157755
10239,0.000977,74.125.68.0-255,330,134473,19,157755
10240,0.000984,172.31.36.0-255,66,134539,19,157755
10241,0.00325,74.125.68.0-255,5738,140277,19,157755
10242,0.003258,172.31.36.0-255,66,140343,19,157755
10243,0.005464,74.125.68.0-255,5738,146081,19,157755
10244,0.00547,172.31.36.0-255,66,146147,19,157755
10245,0.007684,74.125.68.0-255,5738,151885,19,157755
10246,0.007691,172.31.36.0-255,66,151951,19,157755
10247,0.009924,74.125.68.0-255,5738,157689,19,157755
10248,0.009933,172.31.36.0-255,66,157755,19,157755
10249,0.0,74.125.68.0-255,288,288,19,169885
10250,1.9e-05,172.31.36.0-255,66,354,19,169885
10251,2.6e-05,74.125.68.0-255,1484,1838,19,169885
10252,3.1e-05,172.31.36.0-255,66,1904,19,169885
10253,3.8e-05,74.125.68.0-255,4320,6224,19,169885
10254,4.1e-05,172.31.36.0-255,66,6290,19,169885
10255,4.8e-05,74.125.68.0-255,4320,10610,19,169885
10256,5.1e-05,172.31.36.0-255,66,10676,19,169885
10257,7.4e-05,74.125.68.0-255,1484,12160,19,169885
10258,7.7e-05,172.31.36.0-255,66,12226,19,169885
10259,8.2e-05,74.125.68.0-255,1847,14073,19,169885
10260,8.4e-05,172.31.36.0-255,66,14139,19,169885
10261,0.000117,74.125.68.0-255,1484,15623,19,169885
10262,0.00012,172.31.36.0-255,66,15689,19,169885
10263,0.000137,74.125.68.0-255,1484,17173,19,169885
10264,0.000139,172.31.36.0-255,66,17239,19,169885
10265,0.000142,74.125.68.0-255,1484,18723,19,169885
10266,0.000144,172.31.36.0-255,66,18789,19,169885
10267,0.000149,74.125.68.0-255,2902,21691,19,169885
10268,0.000152,172.31.36.0-255,66,21757,19,169885
10269,0.000155,74.125.68.0-255,1484,23241,19,169885
10270,0.000157,172.31.36.0-255,66,23307,19,169885
10271,0.000178,74.125.68.0-255,4320,27627,19,169885
10272,0.000181,172.31.36.0-255,66,27693,19,169885
10273,0.000187,74.125.68.0-255,3961,31654,19,169885
10274,0.000189,172.31.36.0-255,66,31720,19,169885
10275,0.000298,74.125.68.0-255,1484,33204,19,169885
10276,0.000303,172.31.36.0-255,66,33270,19,169885
10277,0.000308,74.125.68.0-255,2902,36172,19,169885
10278,0.000311,172.31.36.0-255,66,36238,19,169885
10279,0.000334,74.125.68.0-255,5738,41976,19,169885
10280,0.000338,172.31.36.0-255,66,42042,19,169885
10281,0.000343,74.125.68.0-255,2902,44944,19,169885
10282,0.000345,172.31.36.0-255,66,45010,19,169885
10283,0.00035,74.125.68.0-255,3961,48971,19,169885
10284,0.000353,172.31.36.0-255,66,49037,19,169885
10285,0.000374,74.125.68.0-255,1484,50521,19,169885
10286,0.000402,74.125.68.0-255,7156,57677,19,169885
10287,0.000405,172.31.36.0-255,66,57743,19,169885
10288,0.000411,74.125.68.0-255,4320,62063,19,169885
10289,0.000413,172.31.36.0-255,66,62129,19,169885
10290,0.000473,74.125.68.0-255,3961,66090,19,169885
10291,0.000477,172.31.36.0-255,66,66156,19,169885
10292,0.000495,74.125.68.0-255,412,66568,19,169885
10293,0.000514,74.125.68.0-255,331,66899,19,169885
10294,0.000618,74.125.68.0-255,1484,68383,19,169885
10295,0.000623,172.31.36.0-255,66,68449,19,169885
10296,0.000628,74.125.68.0-255,2902,71351,19,169885
10297,0.000631,172.31.36.0-255,66,71417,19,169885
10298,0.000634,74.125.68.0-255,1484,72901,19,169885
10299,0.00066,74.125.68.0-255,2902,75803,19,169885
10300,0.000663,172.31.36.0-255,66,75869,19,169885
10301,0.000669,74.125.68.0-255,5738,81607,19,169885
10302,0.000672,172.31.36.0-255,66,81673,19,169885
10303,0.000688,74.125.68.0-255,1994,83667,19,169885
10304,0.000691,172.31.36.0-255,66,83733,19,169885
10305,0.000875,74.125.68.0-255,1484,85217,19,169885
10306,0.000896,74.125.68.0-255,2902,88119,19,169885
10307,0.000899,172.31.36.0-255,66,88185,19,169885
10308,0.000904,74.125.68.0-255,2902,91087,19,169885
10309,0.000906,172.31.36.0-255,66,91153,19,169885
10310,0.000923,74.125.68.0-255,2902,94055,19,169885
10311,0.000925,172.31.36.0-255,66,94121,19,169885
10312,0.00093,74.125.68.0-255,4320,98441,19,169885
10313,0.000932,172.31.36.0-255,66,98507,19,169885
10314,0.000952,74.125.68.0-255,1484,99991,19,169885
10315,0.000959,74.125.68.0-255,7156,107147,19,169885
10316,0.000961,172.31.36.0-255,66,107213,19,169885
10317,0.000998,74.125.68.0-255,8574,115787,19,169885
10318,0.001002,172.31.36.0-255,66,115853,19,169885
10319,0.001013,74.125.68.0-255,2184,118037,19,169885
10320,0.001015,172.31.36.0-255,66,118103,19,169885
10321,0.00164,74.125.68.0-255,1484,119587,19,169885
10322,0.001656,74.125.68.0-255,2902,122489,19,169885
10323,0.00166,172.31.36.0-255,66,122555,19,169885
10324,0.001681,74.125.68.0-255,5738,128293,19,169885
10325,0.001684,172.31.36.0-255,66,128359,19,169885
10326,0.001687,74.125.68.0-255,1484,129843,19,169885
10327,0.001691,74.125.68.0-255,1484,131327,19,169885
10328,0.001692,172.31.36.0-255,66,131393,19,169885
10329,0.001716,74.125.68.0-255,1484,132877,19,169885
10330,0.001723,74.125.68.0-255,5738,138615,19,169885
10331,0.001726,172.31.36.0-255,66,138681,19,169885
10332,0.00175,74.125.68.0-255,8574,147255,19,169885
10333,0.001753,172.31.36.0-255,66,147321,19,169885
10334,0.001799,74.125.68.0-255,5020,152341,19,169885
10335,0.001802,172.31.36.0-255,66,152407,19,169885
10336,0.002269,74.125.68.0-255,1484,153891,19,169885
10337,0.004065,74.125.68.0-255,4320,158211,19,169885
10338,0.004072,172.31.36.0-255,66,158277,19,169885
10339,0.006355,74.125.68.0-255,5738,164015,19,169885
10340,0.006362,172.31.36.0-255,66,164081,19,169885
10341,0.008617,74.125.68.0-255,5738,169819,19,169885
10342,0.008622,172.31.36.0-255,66,169885,19,169885
10343,0.0,172.217.24.0-255,146,146,19,369321
10344,3.4e-05,172.31.36.0-255,66,212,19,369321
10345,4.1e-05,172.217.24.0-255,1484,1696,19,369321
10346,4.5e-05,172.31.36.0-255,66,1762,19,369321
10347,5e-05,172.217.24.0-255,2902,4664,19,369321
10348,5.3e-05,172.31.36.0-255,66,4730,19,369321
10349,6.2e-05,172.217.24.0-255,5738,10468,19,369321
10350,6.5e-05,172.31.36.0-255,66,10534,19,369321
10351,7.5e-05,172.217.24.0-255,9126,19660,19,369321
10352,7.9e-05,172.31.36.0-255,66,19726,19,369321
10353,8.4e-05,172.217.24.0-255,4320,24046,19,369321
10354,8.7e-05,172.31.36.0-255,66,24112,19,369321
10355,0.000116,172.217.24.0-255,5738,29850,19,369321
10356,0.000118,172.31.36.0-255,66,29916,19,369321
10357,0.000121,172.217.24.0-255,1125,31041,19,369321
10358,0.000123,172.31.36.0-255,66,31107,19,369321
10359,0.000242,172.217.24.0-255,1484,32591,19,369321
10360,0.000246,172.31.36.0-255,66,32657,19,369321
10361,0.000252,172.217.24.0-255,2902,35559,19,369321
10362,0.000254,172.31.36.0-255,66,35625,19,369321
10363,0.000277,172.217.24.0-255,5738,41363,19,369321
10364,0.00028,172.31.36.0-255,66,41429,19,369321
10365,0.000286,172.217.24.0-255,6797,48226,19,369321
10366,0.000288,172.31.36.0-255,66,48292,19,369321
10367,0.000488,172.217.24.0-255,1484,49776,19,369321
10368,0.000494,172.31.36.0-255,66,49842,19,369321
10369,0.000499,172.217.24.0-255,2902,52744,19,369321
10370,0.000502,172.31.36.0-255,66,52810,19,369321
10371,0.000509,172.217.24.0-255,5738,58548,19,369321
10372,0.000514,172.31.36.0-255,66,58614,19,369321
10373,0.000535,172.217.24.0-255,4320,62934,19,369321
10374,0.000538,172.31.36.0-255,66,63000,19,369321
10375,0.000572,172.217.24.0-255,2839,65839,19,369321
10376,0.000575,172.31.36.0-255,66,65905,19,369321
10377,0.00098,172.217.24.0-255,137,66042,19,369321
10378,0.001262,172.217.24.0-255,1484,67526,19,369321
10379,0.001269,172.31.36.0-255,66,67592,19,369321
10380,0.001288,172.217.24.0-255,1484,69076,19,369321
10381,0.001308,172.217.24.0-255,2902,71978,19,369321
10382,0.001311,172.31.36.0-255,66,72044,19,369321
10383,0.001321,172.217.24.0-255,5738,77782,19,369321
10384,0.001323,172.31.36.0-255,66,77848,19,369321
10385,0.001328,172.217.24.0-255,4320,82168,19,369321
10386,0.00133,172.31.36.0-255,66,82234,19,369321
10387,0.001364,172.217.24.0-255,5379,87613,19,369321
10388,0.001367,172.31.36.0-255,66,87679,19,369321
10389,0.001387,172.217.24.0-255,5738,93417,19,369321
10390,0.00139,172.31.36.0-255,66,93483,19,369321
10391,0.001403,172.217.24.0-255,2902,96385,19,369321
10392,0.001406,172.31.36.0-255,66,96451,19,369321
10393,0.001433,172.217.24.0-255,1484,97935,19,369321
10394,0.00145,172.217.24.0-255,2543,100478,19,369321
10395,0.001453,172.31.36.0-255,66,100544,19,369321
10396,0.0019,172.217.24.0-255,1484,102028,19,369321
10397,0.001907,172.217.24.0-255,2902,104930,19,369321
10398,0.001911,172.31.36.0-255,66,104996,19,369321
10399,0.001932,172.217.24.0-255,5738,110734,19,369321
10400,0.001935,172.31.36.0-255,66,110800,19,369321
10401,0.00194,172.217.24.0-255,4320,115120,19,369321
10402,0.001942,172.31.36.0-255,66,115186,19,369321
10403,0.001965,172.217.24.0-255,5738,120924,19,369321
10404,0.001968,172.31.36.0-255,66,120990,19,369321
10405,0.001971,172.217.24.0-255,1484,122474,19,369321
10406,0.001985,172.217.24.0-255,1484,123958,19,369321
10407,0.001987,172.31.36.0-255,66,124024,19,369321
10408,0.002008,172.217.24.0-255,5738,129762,19,369321
10409,0.00201,172.31.36.0-255,66,129828,19,369321
10410,0.00202,172.217.24.0-255,1484,131312,19,369321
10411,0.002037,172.217.24.0-255,3602,134914,19,369321
10412,0.002039,172.31.36.0-255,66,134980,19,369321
10413,0.00209,172.217.24.0-255,1484,136464,19,369321
10414,0.002107,172.217.24.0-255,2902,139366,19,369321
10415,0.002109,172.31.36.0-255,66,139432,19,369321
10416,0.002115,172.217.24.0-255,5738,145170,19,369321
10417,0.002119,172.31.36.0-255,66,145236,19,369321
10418,0.002132,172.217.24.0-255,1484,146720,19,369321
10419,0.002159,172.31.36.0-255,66,146786,19,369321
10420,0.002188,172.31.36.0-255,66,146852,19,369321
10421,0.002192,172.217.24.0-255,2902,149754,19,369321
10422,0.002194,172.31.36.0-255,66,149820,19,369321
10423,0.002197,172.217.24.0-255,1484,151304,19,369321
10424,0.002199,172.217.24.0-255,1484,152788,19,369321
10425,0.002202,172.31.36.0-255,66,152854,19,369321
10426,0.002245,172.217.24.0-255,2902,155756,19,369321
10427,0.002247,172.31.36.0-255,66,155822,19,369321
10428,0.002259,172.217.24.0-255,1484,157306,19,369321
10429,0.002267,172.217.24.0-255,9992,167298,19,369321
10430,0.00227,172.31.36.0-255,66,167364,19,369321
10431,0.002276,172.217.24.0-255,5738,173102,19,369321
10432,0.002278,172.31.36.0-255,66,173168,19,369321
10433,0.002295,172.217.24.0-255,5020,178188,19,369321
10434,0.002297,172.31.36.0-255,66,178254,19,369321
10435,0.002321,172.217.24.0-255,5738,183992,19,369321
10436,0.002323,172.31.36.0-255,66,184058,19,369321
10437,0.002351,172.217.24.0-255,4320,188378,19,369321
10438,0.002353,172.31.36.0-255,66,188444,19,369321
10439,0.002377,172.217.24.0-255,8574,197018,19,369321
10440,0.002379,172.31.36.0-255,66,197084,19,369321
10441,0.002382,172.217.24.0-255,1484,198568,19,369321
10442,0.00243,172.217.24.0-255,5738,204306,19,369321
10443,0.002432,172.31.36.0-255,66,204372,19,369321
10444,0.002448,172.217.24.0-255,7856,212228,19,369321
10445,0.002511,172.217.24.0-255,1484,213712,19,369321
10446,0.002524,172.217.24.0-255,2902,216614,19,369321
10447,0.00254,172.217.24.0-255,5738,222352,19,369321
10448,0.002568,172.217.24.0-255,7156,229508,19,369321
10449,0.002575,172.217.24.0-255,7156,236664,19,369321
10450,0.002589,172.217.24.0-255,1484,238148,19,369321
10451,0.002605,172.217.24.0-255,4320,242468,19,369321
10452,0.00262,172.217.24.0-255,3602,246070,19,369321
10453,0.002892,172.217.24.0-255,1484,247554,19,369321
10454,0.002906,172.217.24.0-255,2902,250456,19,369321
10455,0.002908,172.217.24.0-255,1484,251940,19,369321
10456,0.002926,172.217.24.0-255,4320,256260,19,369321
10457,0.00293,172.217.24.0-255,4320,260580,19,369321
10458,0.002953,172.217.24.0-255,8574,269154,19,369321
10459,0.002959,172.217.24.0-255,7156,276310,19,369321
10460,0.002974,172.217.24.0-255,3602,279912,19,369321
10461,0.003006,172.217.24.0-255,1484,281396,19,369321
10462,0.003019,172.217.24.0-255,2902,284298,19,369321
10463,0.003047,172.217.24.0-255,5738,290036,19,369321
10464,0.003051,172.217.24.0-255,2902,292938,19,369321
10465,0.003069,172.217.24.0-255,2902,295840,19,369321
10466,0.003075,172.217.24.0-255,7156,302996,19,369321
10467,0.003109,172.217.24.0-255,5738,308734,19,369321
10468,0.003127,172.217.24.0-255,5020,313754,19,369321
10469,0.003239,172.217.24.0-255,1484,315238,19,369321
10470,0.00325,172.217.24.0-255,1484,316722,19,369321
10471,0.003266,172.217.24.0-255,2902,319624,19,369321
10472,0.003269,172.217.24.0-255,2902,322526,19,369321
10473,0.003285,172.217.24.0-255,2902,325428,19,369321
10474,0.003289,172.217.24.0-255,4320,329748,19,369321
10475,0.003313,172.217.24.0-255,5738,335486,19,369321
10476,0.003331,172.217.24.0-255,4320,339806,19,369321
10477,0.003338,172.217.24.0-255,7856,347662,19,369321
10478,0.003392,172.217.24.0-255,1484,349146,19,369321
10479,0.003396,172.217.24.0-255,2902,352048,19,369321
10480,0.003401,172.217.24.0-255,5738,357786,19,369321
10481,0.003463,172.217.24.0-255,4320,362106,19,369321
10482,0.003486,172.217.24.0-255,6939,369045,19,369321
10483,0.003489,172.217.24.0-255,105,369150,19,369321
10484,0.005248,172.31.36.0-255,66,369216,19,369321
10485,0.008992,172.31.36.0-255,105,369321,19,369321
10486,0.0,172.217.194.0-255,153,153,19,161958
10487,3.1e-05,172.31.36.0-255,66,219,19,161958
10488,3.8e-05,172.217.194.0-255,1484,1703,19,161958
10489,4.3e-05,172.31.36.0-255,66,1769,19,161958
10490,4.8e-05,172.217.194.0-255,2902,4671,19,161958
10491,5e-05,172.31.36.0-255,66,4737,19,161958
10492,6.4e-05,172.217.194.0-255,5738,10475,19,161958
10493,6.6e-05,172.31.36.0-255,66,10541,19,161958
10494,0.000101,172.217.194.0-255,3394,13935,19,161958
10495,0.000104,172.31.36.0-255,66,14001,19,161958
10496,0.00022,172.217.194.0-255,1484,15485,19,161958
10497,0.000225,172.31.36.0-255,66,15551,19,161958
10498,0.000231,172.217.194.0-255,2902,18453,19,161958
10499,0.000234,172.31.36.0-255,66,18519,19,161958
10500,0.000239,172.217.194.0-255,2902,21421,19,161958
10501,0.000241,172.31.36.0-255,66,21487,19,161958
10502,0.000268,172.217.194.0-255,2902,24389,19,161958
10503,0.000271,172.31.36.0-255,66,24455,19,161958
10504,0.000277,172.217.194.0-255,4320,28775,19,161958
10505,0.000279,172.31.36.0-255,66,28841,19,161958
10506,0.00031,172.217.194.0-255,2543,31384,19,161958
10507,0.000315,172.31.36.0-255,66,31450,19,161958
10508,0.000439,172.217.194.0-255,1484,32934,19,161958
10509,0.000444,172.31.36.0-255,66,33000,19,161958
10510,0.00045,172.217.194.0-255,2902,35902,19,161958
10511,0.000453,172.31.36.0-255,66,35968,19,161958
10512,0.000479,172.217.194.0-255,5738,41706,19,161958
10513,0.000483,172.31.36.0-255,66,41772,19,161958
10514,0.000488,172.217.194.0-255,4320,46092,19,161958
10515,0.000492,172.31.36.0-255,66,46158,19,161958
10516,0.000526,172.217.194.0-255,3961,50119,19,161958
10517,0.000529,172.31.36.0-255,66,50185,19,161958
10518,0.000538,172.217.194.0-255,8574,58759,19,161958
10519,0.00054,172.31.36.0-255,66,58825,19,161958
10520,0.000548,172.217.194.0-255,7377,66202,19,161958
10521,0.000551,172.31.36.0-255,66,66268,19,161958
10522,0.000649,172.217.194.0-255,1484,67752,19,161958
10523,0.000654,172.217.194.0-255,1484,69236,19,161958
10524,0.000657,172.31.36.0-255,66,69302,19,161958
10525,0.000681,172.217.194.0-255,1484,70786,19,161958
10526,0.000687,172.217.194.0-255,4320,75106,19,161958
10527,0.00069,172.31.36.0-255,66,75172,19,161958
10528,0.000719,172.217.194.0-255,1484,76656,19,161958
10529,0.000725,172.217.194.0-255,4320,80976,19,161958
10530,0.000727,172.31.36.0-255,66,81042,19,161958
10531,0.00074,172.31.36.0-255,66,81108,19,161958
10532,0.000746,172.217.194.0-255,4320,85428,19,161958
10533,0.000748,172.31.36.0-255,66,85494,19,161958
10534,0.00078,172.217.194.0-255,3602,89096,19,161958
10535,0.000783,172.31.36.0-255,66,89162,19,161958
10536,0.001231,172.217.194.0-255,1484,90646,19,161958
10537,0.001241,172.217.194.0-255,2902,93548,19,161958
10538,0.001245,172.31.36.0-255,66,93614,19,161958
10539,0.001287,172.217.194.0-255,5738,99352,19,161958
10540,0.001291,172.31.36.0-255,66,99418,19,161958
10541,0.001305,172.31.36.0-255,66,99484,19,161958
10542,0.001315,172.217.194.0-255,10692,110176,19,161958
10543,0.001318,172.31.36.0-255,66,110242,19,161958
10544,0.001505,172.217.194.0-255,1484,111726,19,161958
10545,0.001512,172.217.194.0-255,2902,114628,19,161958
10546,0.001517,172.31.36.0-255,66,114694,19,161958
10547,0.001522,172.217.194.0-255,4320,119014,19,161958
10548,0.001524,172.31.36.0-255,66,119080,19,161958
10549,0.001549,172.217.194.0-255,1484,120564,19,161958
10550,0.001553,172.217.194.0-255,4320,124884,19,161958
10551,0.001558,172.31.36.0-255,66,124950,19,161958
10552,0.001577,172.217.194.0-255,8574,133524,19,161958
10553,0.00158,172.31.36.0-255,66,133590,19,161958
10554,0.001623,172.217.194.0-255,8574,142164,19,161958
10555,0.001628,172.31.36.0-255,66,142230,19,161958
10556,0.00165,172.217.194.0-255,2184,144414,19,161958
10557,0.001653,172.31.36.0-255,66,144480,19,161958
10558,0.003733,172.217.194.0-255,5738,150218,19,161958
10559,0.003738,172.31.36.0-255,66,150284,19,161958
10560,0.005819,172.217.194.0-255,1484,151768,19,161958
10561,0.005842,172.217.194.0-255,4320,156088,19,161958
10562,0.005846,172.31.36.0-255,66,156154,19,161958
10563,0.00794,172.217.194.0-255,5738,161892,19,161958
10564,0.007947,172.31.36.0-255,66,161958,19,161958
10565,0.0,74.125.68.0-255,153,153,19,169827
10566,1.9e-05,172.31.36.0-255,66,219,19,169827
10567,2.5e-05,74.125.68.0-255,1484,1703,19,169827
10568,2.8e-05,172.31.36.0-255,66,1769,19,169827
10569,3.1e-05,74.125.68.0-255,1484,3253,19,169827
10570,3.2e-05,172.31.36.0-255,66,3319,19,169827
10571,5.4e-05,74.125.68.0-255,1484,4803,19,169827
10572,5.6e-05,172.31.36.0-255,66,4869,19,169827
10573,6.3e-05,74.125.68.0-255,7156,12025,19,169827
10574,6.5e-05,172.31.36.0-255,66,12091,19,169827
10575,7.2e-05,74.125.68.0-255,2029,14120,19,169827
10576,7.3e-05,172.31.36.0-255,66,14186,19,169827
10577,0.000157,74.125.68.0-255,1484,15670,19,169827
10578,0.00016,172.31.36.0-255,66,15736,19,169827
10579,0.000163,74.125.68.0-255,1484,17220,19,169827
10580,0.000164,172.31.36.0-255,66,17286,19,169827
10581,0.000192,74.125.68.0-255,2902,20188,19,169827
10582,0.000194,172.31.36.0-255,66,20254,19,169827
10583,0.000198,74.125.68.0-255,2902,23156,19,169827
10584,0.000199,172.31.36.0-255,66,23222,19,169827
10585,0.000229,74.125.68.0-255,2902,26124,19,169827
10586,0.000231,172.31.36.0-255,66,26190,19,169827
10587,0.000236,74.125.68.0-255,5379,31569,19,169827
10588,0.000238,172.31.36.0-255,66,31635,19,169827
10589,0.000329,74.125.68.0-255,1484,33119,19,169827
10590,0.000332,172.31.36.0-255,66,33185,19,169827
10591,0.000355,74.125.68.0-255,2902,36087,19,169827
10592,0.000357,172.31.36.0-255,66,36153,19,169827
10593,0.000361,74.125.68.0-255,2902,39055,19,169827
10594,0.000362,172.31.36.0-255,66,39121,19,169827
10595,0.00039,74.125.68.0-255,2902,42023,19,169827
10596,0.000391,172.31.36.0-255,66,42089,19,169827
10597,0.000395,74.125.68.0-255,2902,44991,19,169827
10598,0.000397,172.31.36.0-255,66,45057,19,169827
10599,0.000417,74.125.68.0-255,2902,47959,19,169827
10600,0.000419,172.31.36.0-255,66,48025,19,169827
10601,0.00045,74.125.68.0-255,8215,56240,19,169827
10602,0.000453,172.31.36.0-255,66,56306,19,169827
10603,0.000457,74.125.68.0-255,4320,60626,19,169827
10604,0.000459,172.31.36.0-255,66,60692,19,169827
10605,0.000485,74.125.68.0-255,4320,65012,19,169827
10606,0.000488,172.31.36.0-255,66,65078,19,169827
10607,0.000498,74.125.68.0-255,1435,66513,19,169827
10608,0.000586,74.125.68.0-255,110,66623,19,169827
10609,0.000604,74.125.68.0-255,332,66955,19,169827
10610,0.000609,172.31.36.0-255,66,67021,19,169827
10611,0.000876,74.125.68.0-255,1484,68505,19,169827
10612,0.000882,74.125.68.0-255,2902,71407,19,169827
10613,0.000885,172.31.36.0-255,66,71473,19,169827
10614,0.000916,74.125.68.0-255,5738,77211,19,169827
10615,0.000919,172.31.36.0-255,66,77277,19,169827
10616,0.000922,74.125.68.0-255,1484,78761,19,169827
10617,0.000962,74.125.68.0-255,2902,81663,19,169827
10618,0.000965,172.31.36.0-255,66,81729,19,169827
10619,0.001003,74.125.68.0-255,1484,83213,19,169827
10620,0.001008,74.125.68.0-255,1484,84697,19,169827
10621,0.00101,172.31.36.0-255,66,84763,19,169827
10622,0.001028,74.125.68.0-255,1484,86247,19,169827
10623,0.00103,74.125.68.0-255,1484,87731,19,169827
10624,0.001032,172.31.36.0-255,66,87797,19,169827
10625,0.001052,74.125.68.0-255,2902,90699,19,169827
10626,0.001055,172.31.36.0-255,66,90765,19,169827
10627,0.00107,74.125.68.0-255,1484,92249,19,169827
10628,0.001093,74.125.68.0-255,4320,96569,19,169827
10629,0.001096,172.31.36.0-255,66,96635,19,169827
10630,0.001137,74.125.68.0-255,5020,101655,19,169827
10631,0.001141,172.31.36.0-255,66,101721,19,169827
10632,0.001678,74.125.68.0-255,1484,103205,19,169827
10633,0.0017,74.125.68.0-255,2902,106107,19,169827
10634,0.001703,172.31.36.0-255,66,106173,19,169827
10635,0.001709,74.125.68.0-255,4320,110493,19,169827
10636,0.00171,172.31.36.0-255,66,110559,19,169827
10637,0.001728,74.125.68.0-255,1484,112043,19,169827
10638,0.001734,74.125.68.0-255,1484,113527,19,169827
10639,0.001736,172.31.36.0-255,66,113593,19,169827
10640,0.001755,74.125.68.0-255,7156,120749,19,169827
10641,0.001757,172.31.36.0-255,66,120815,19,169827
10642,0.001785,74.125.68.0-255,9992,130807,19,169827
10643,0.001787,172.31.36.0-255,66,130873,19,169827
10644,0.001791,74.125.68.0-255,4320,135193,19,169827
10645,0.001793,172.31.36.0-255,66,135259,19,169827
10646,0.00182,74.125.68.0-255,766,136025,19,169827
10647,0.00202,172.31.36.0-255,66,136091,19,169827
10648,0.002139,74.125.68.0-255,1484,137575,19,169827
10649,0.002163,74.125.68.0-255,2902,140477,19,169827
10650,0.002165,172.31.36.0-255,66,140543,19,169827
10651,0.002216,74.125.68.0-255,4320,144863,19,169827
10652,0.002218,172.31.36.0-255,66,144929,19,169827
10653,0.002251,74.125.68.0-255,2902,147831,19,169827
10654,0.002253,172.31.36.0-255,66,147897,19,169827
10655,0.002277,74.125.68.0-255,1484,149381,19,169827
10656,0.002299,74.125.68.0-255,2902,152283,19,169827
10657,0.002301,172.31.36.0-255,66,152349,19,169827
10658,0.002304,74.125.68.0-255,1484,153833,19,169827
10659,0.004547,74.125.68.0-255,4320,158153,19,169827
10660,0.004551,172.31.36.0-255,66,158219,19,169827
10661,0.006808,74.125.68.0-255,5738,163957,19,169827
10662,0.006815,172.31.36.0-255,66,164023,19,169827
10663,0.009084,74.125.68.0-255,5738,169761,19,169827
10664,0.009092,172.31.36.0-255,66,169827,19,169827
10665,0.0,74.125.200.0-255,297,297,19,152031
10666,3.4e-05,172.31.36.0-255,66,363,19,152031
10667,4.1e-05,74.125.200.0-255,1484,1847,19,152031
10668,4.5e-05,172.31.36.0-255,66,1913,19,152031
10669,4.8e-05,74.125.200.0-255,1484,3397,19,152031
10670,5e-05,172.31.36.0-255,66,3463,19,152031
10671,5.6e-05,74.125.200.0-255,2902,6365,19,152031
10672,5.8e-05,172.31.36.0-255,66,6431,19,152031
10673,6.5e-05,74.125.200.0-255,5738,12169,19,152031
10674,6.7e-05,172.31.36.0-255,66,12235,19,152031
10675,8.6e-05,74.125.200.0-255,1841,14076,19,152031
10676,9.1e-05,172.31.36.0-255,66,14142,19,152031
10677,0.00037,74.125.200.0-255,1484,15626,19,152031
10678,0.000377,172.31.36.0-255,66,15692,19,152031
10679,0.000383,74.125.200.0-255,2902,18594,19,152031
10680,0.000386,172.31.36.0-255,66,18660,19,152031
10681,0.000414,74.125.200.0-255,5738,24398,19,152031
10682,0.000417,172.31.36.0-255,66,24464,19,152031
10683,0.000444,74.125.200.0-255,6797,31261,19,152031
10684,0.000448,172.31.36.0-255,66,31327,19,152031
10685,0.000747,74.125.200.0-255,1484,32811,19,152031
10686,0.000752,172.31.36.0-255,66,32877,19,152031
10687,0.000762,74.125.200.0-255,2902,35779,19,152031
10688,0.000764,172.31.36.0-255,66,35845,19,152031
10689,0.000784,74.125.200.0-255,5738,41583,19,152031
10690,0.000787,172.31.36.0-255,66,41649,19,152031
10691,0.000802,74.125.200.0-255,1484,43133,19,152031
10692,0.000805,172.31.36.0-255,66,43199,19,152031
10693,0.000831,74.125.200.0-255,5379,48578,19,152031
10694,0.000835,172.31.36.0-255,66,48644,19,152031
10695,0.000919,74.125.200.0-255,1484,50128,19,152031
10696,0.000924,172.31.36.0-255,66,50194,19,152031
10697,0.000941,74.125.200.0-255,1484,51678,19,152031
10698,0.000946,74.125.200.0-255,1484,53162,19,152031
10699,0.000948,172.31.36.0-255,66,53228,19,152031
10700,0.000959,74.125.200.0-255,1484,54712,19,152031
10701,0.000966,74.125.200.0-255,5738,60450,19,152031
10702,0.000969,172.31.36.0-255,66,60516,19,152031
10703,0.000992,74.125.200.0-255,5379,65895,19,152031
10704,0.000996,172.31.36.0-255,66,65961,19,152031
10705,0.001006,74.125.200.0-255,411,66372,19,152031
10706,0.001086,74.125.200.0-255,331,66703,19,152031
10707,0.001785,74.125.200.0-255,1484,68187,19,152031
10708,0.001793,172.31.36.0-255,66,68253,19,152031
10709,0.001797,74.125.200.0-255,1484,69737,19,152031
10710,0.001814,74.125.200.0-255,2902,72639,19,152031
10711,0.001816,172.31.36.0-255,66,72705,19,152031
10712,0.001833,74.125.200.0-255,4320,77025,19,152031
10713,0.001835,172.31.36.0-255,66,77091,19,152031
10714,0.001852,74.125.200.0-255,1484,78575,19,152031
10715,0.001856,74.125.200.0-255,2902,81477,19,152031
10716,0.001858,172.31.36.0-255,66,81543,19,152031
10717,0.001863,74.125.200.0-255,4320,85863,19,152031
10718,0.001865,172.31.36.0-255,66,85929,19,152031
10719,0.001894,74.125.200.0-255,5738,91667,19,152031
10720,0.001897,172.31.36.0-255,66,91733,19,152031
10721,0.001936,74.125.200.0-255,2902,94635,19,152031
10722,0.001939,172.31.36.0-255,66,94701,19,152031
10723,0.001943,74.125.200.0-255,2902,97603,19,152031
10724,0.001945,172.31.36.0-255,66,97669,19,152031
10725,0.001961,74.125.200.0-255,3602,101271,19,152031
10726,0.001963,172.31.36.0-255,66,101337,19,152031
10727,0.002128,74.125.200.0-255,1484,102821,19,152031
10728,0.002131,74.125.200.0-255,1484,104305,19,152031
10729,0.002133,172.31.36.0-255,66,104371,19,152031
10730,0.002147,74.125.200.0-255,1484,105855,19,152031
10731,0.00215,74.125.200.0-255,1484,107339,19,152031
10732,0.002152,172.31.36.0-255,66,107405,19,152031
10733,0.002155,74.125.200.0-255,1484,108889,19,152031
10734,0.002172,74.125.200.0-255,1484,110373,19,152031
10735,0.002174,172.31.36.0-255,66,110439,19,152031
10736,0.002177,74.125.200.0-255,1484,111923,19,152031
10737,0.002196,74.125.200.0-255,4320,116243,19,152031
10738,0.002198,172.31.36.0-255,66,116309,19,152031
10739,0.002203,74.125.200.0-255,5738,122047,19,152031
10740,0.002205,172.31.36.0-255,66,122113,19,152031
10741,0.002218,74.125.200.0-255,2902,125015,19,152031
10742,0.00222,172.31.36.0-255,66,125081,19,152031
10743,0.002255,74.125.200.0-255,5738,130819,19,152031
10744,0.002257,172.31.36.0-255,66,130885,19,152031
10745,0.002279,74.125.200.0-255,4320,135205,19,152031
10746,0.002281,172.31.36.0-255,66,135271,19,152031
10747,0.002284,74.125.200.0-255,766,136037,19,152031
10748,0.004804,74.125.200.0-255,4320,140357,19,152031
10749,0.004807,172.31.36.0-255,66,140423,19,152031
10750,0.007361,74.125.200.0-255,5738,146161,19,152031
10751,0.007374,172.31.36.0-255,66,146227,19,152031
10752,0.009936,74.125.200.0-255,5738,151965,19,152031
10753,0.009953,172.31.36.0-255,66,152031,19,152031
10754,0.0,74.125.24.0-255,146,146,19,214245
10755,3.3e-05,172.31.36.0-255,66,212,19,214245
10756,4e-05,74.125.24.0-255,1484,1696,19,214245
10757,4.4e-05,172.31.36.0-255,66,1762,19,214245
10758,4.9e-05,74.125.24.0-255,2902,4664,19,214245
10759,5.2e-05,172.31.36.0-255,66,4730,19,214245
10760,8.3e-05,74.125.24.0-255,7156,11886,19,214245
10761,8.6e-05,172.31.36.0-255,66,11952,19,214245
10762,0.000193,74.125.24.0-255,7156,19108,19,214245
10763,0.000198,172.31.36.0-255,66,19174,19,214245
10764,0.000222,74.125.24.0-255,9077,28251,19,214245
10765,0.000226,172.31.36.0-255,66,28317,19,214245
10766,0.000482,74.125.24.0-255,2543,30860,19,214245
10767,0.000486,172.31.36.0-255,66,30926,19,214245
10768,0.000525,74.125.24.0-255,4320,35246,19,214245
10769,0.000528,172.31.36.0-255,66,35312,19,214245
10770,0.000563,172.31.36.0-255,66,35378,19,214245
10771,0.00058,74.125.24.0-255,2543,37921,19,214245
10772,0.000585,172.31.36.0-255,66,37987,19,214245
10773,0.000883,74.125.24.0-255,7156,45143,19,214245
10774,0.000889,172.31.36.0-255,66,45209,19,214245
10775,0.000911,74.125.24.0-255,5379,50588,19,214245
10776,0.000915,172.31.36.0-255,66,50654,19,214245
10777,0.001093,74.125.24.0-255,679,51333,19,214245
10778,0.001099,172.31.36.0-255,66,51399,19,214245
10779,0.001112,74.125.24.0-255,1484,52883,19,214245
10780,0.001114,172.31.36.0-255,66,52949,19,214245
10781,0.001138,74.125.24.0-255,4320,57269,19,214245
10782,0.001141,172.31.36.0-255,66,57335,19,214245
10783,0.001223,74.125.24.0-255,4320,61655,19,214245
10784,0.001227,172.31.36.0-255,66,61721,19,214245
10785,0.001243,74.125.24.0-255,5738,67459,19,214245
10786,0.001246,172.31.36.0-255,66,67525,19,214245
10787,0.001384,74.125.24.0-255,8574,76099,19,214245
10788,0.001392,172.31.36.0-255,66,76165,19,214245
10789,0.001412,74.125.24.0-255,9274,85439,19,214245
10790,0.001416,172.31.36.0-255,66,85505,19,214245
10791,0.001693,74.125.24.0-255,5738,91243,19,214245
10792,0.001696,172.31.36.0-255,66,91309,19,214245
10793,0.001716,74.125.24.0-255,5738,97047,19,214245
10794,0.001718,172.31.36.0-255,66,97113,19,214245
10795,0.001886,74.125.24.0-255,7156,104269,19,214245
10796,0.001888,172.31.36.0-255,66,104335,19,214245
10797,0.00192,172.31.36.0-255,66,104401,19,214245
10798,0.002263,74.125.24.0-255,1484,105885,19,214245
10799,0.002297,74.125.24.0-255,2902,108787,19,214245
10800,0.002299,172.31.36.0-255,66,108853,19,214245
10801,0.002343,74.125.24.0-255,2902,111755,19,214245
10802,0.002346,172.31.36.0-255,66,111821,19,214245
10803,0.002358,74.125.24.0-255,2902,114723,19,214245
10804,0.00236,172.31.36.0-255,66,114789,19,214245
10805,0.002442,74.125.24.0-255,4320,119109,19,214245
10806,0.002445,172.31.36.0-255,66,119175,19,214245
10807,0.002469,74.125.24.0-255,8574,127749,19,214245
10808,0.002472,172.31.36.0-255,66,127815,19,214245
10809,0.002664,74.125.24.0-255,4320,132135,19,214245
10810,0.002667,172.31.36.0-255,66,132201,19,214245
10811,0.002689,74.125.24.0-255,6438,138639,19,214245
10812,0.002691,172.31.36.0-255,66,138705,19,214245
10813,0.002844,74.125.24.0-255,5738,144443,19,214245
10814,0.002862,74.125.24.0-255,9992,154435,19,214245
10815,0.003119,74.125.24.0-255,5738,160173,19,214245
10816,0.003158,74.125.24.0-255,7156,167329,19,214245
10817,0.003171,74.125.24.0-255,5738,173067,19,214245
10818,0.003197,74.125.24.0-255,10692,183759,19,214245
10819,0.003723,172.31.36.0-255,66,183825,19,214245
10820,0.003853,74.125.24.0-255,9992,193817,19,214245
10821,0.003877,172.31.36.0-255,66,193883,19,214245
10822,0.003896,172.31.36.0-255,66,193949,19,214245
10823,0.003911,74.125.24.0-255,9974,203923,19,214245
10824,0.003916,172.31.36.0-255,66,203989,19,214245
10825,0.006493,74.125.24.0-255,4320,208309,19,214245
10826,0.006498,172.31.36.0-255,66,208375,19,214245
10827,0.006518,74.125.24.0-255,1484,209859,19,214245
10828,0.009071,74.125.24.0-255,4320,214179,19,214245
10829,0.009079,172.31.36.0-255,66,214245,19,214245
10830,0.0,172.31.36.0-255,130,130,19,1536
10831,0.00155,172.31.36.0-255,236,366,19,1536
10832,0.001585,172.31.36.0-255,377,743,19,1536
10833,0.003132,74.125.68.0-255,630,1373,19,1536
10834,0.004233,74.125.68.0-255,97,1470,19,1536
10835,0.004245,172.31.36.0-255,66,1536,19,1536
10836,0.0,172.217.194.0-255,153,153,19,265990
10837,3.3e-05,172.31.36.0-255,66,219,19,265990
10838,4e-05,172.217.194.0-255,1484,1703,19,265990
10839,4.4e-05,172.31.36.0-255,66,1769,19,265990
10840,4.9e-05,172.217.194.0-255,2902,4671,19,265990
10841,5.1e-05,172.31.36.0-255,66,4737,19,265990
10842,6e-05,172.217.194.0-255,7156,11893,19,265990
10843,6.3e-05,172.31.36.0-255,66,11959,19,265990
10844,7e-05,172.217.194.0-255,6329,18288,19,265990
10845,7.2e-05,172.31.36.0-255,66,18354,19,265990
10846,0.000122,172.217.194.0-255,5738,24092,19,265990
10847,0.000125,172.31.36.0-255,66,24158,19,265990
10848,0.000149,172.217.194.0-255,6797,30955,19,265990
10849,0.000151,172.31.36.0-255,66,31021,19,265990
10850,0.000166,172.217.194.0-255,1484,32505,19,265990
10851,0.000172,172.31.36.0-255,66,32571,19,265990
10852,0.000175,172.217.194.0-255,1484,34055,19,265990
10853,0.000179,172.31.36.0-255,66,34121,19,265990
10854,0.000192,172.217.194.0-255,1484,35605,19,265990
10855,0.000194,172.31.36.0-255,66,35671,19,265990
10856,0.000201,172.217.194.0-255,5738,41409,19,265990
10857,0.000204,172.31.36.0-255,66,41475,19,265990
10858,0.000231,172.31.36.0-255,66,41541,19,265990
10859,0.000264,172.217.194.0-255,2902,44443,19,265990
10860,0.000267,172.31.36.0-255,66,44509,19,265990
10861,0.000288,172.217.194.0-255,8468,52977,19,265990
10862,0.000291,172.31.36.0-255,66,53043,19,265990
10863,0.000834,172.217.194.0-255,114,53157,19,265990
10864,0.000839,172.31.36.0-255,66,53223,19,265990
10865,0.00101,172.217.194.0-255,1484,54707,19,265990
10866,0.001015,172.31.36.0-255,66,54773,19,265990
10867,0.001021,172.217.194.0-255,2902,57675,19,265990
10868,0.001023,172.31.36.0-255,66,57741,19,265990
10869,0.001029,172.217.194.0-255,4320,62061,19,265990
10870,0.001031,172.31.36.0-255,66,62127,19,265990
10871,0.001048,172.217.194.0-255,1484,63611,19,265990
10872,0.001056,172.217.194.0-255,5738,69349,19,265990
10873,0.001058,172.31.36.0-255,66,69415,19,265990
10874,0.001093,172.217.194.0-255,7156,76571,19,265990
10875,0.001097,172.31.36.0-255,66,76637,19,265990
10876,0.001108,172.217.194.0-255,10692,87329,19,265990
10877,0.00111,172.31.36.0-255,66,87395,19,265990
10878,0.001121,172.31.36.0-255,66,87461,19,265990
10879,0.001142,172.217.194.0-255,8574,96035,19,265990
10880,0.001144,172.31.36.0-255,66,96101,19,265990
10881,0.00118,172.31.36.0-255,66,96167,19,265990
10882,0.001196,172.217.194.0-255,5738,101905,19,265990
10883,0.0012,172.31.36.0-255,66,101971,19,265990
10884,0.001231,172.31.36.0-255,66,102037,19,265990
10885,0.001252,172.217.194.0-255,7856,109893,19,265990
10886,0.001255,172.31.36.0-255,66,109959,19,265990
10887,0.00126,172.217.194.0-255,4759,114718,19,265990
10888,0.001262,172.31.36.0-255,66,114784,19,265990
10889,0.001268,172.217.194.0-255,5738,120522,19,265990
10890,0.00127,172.31.36.0-255,66,120588,19,265990
10891,0.001276,172.217.194.0-255,5738,126326,19,265990
10892,0.001278,172.31.36.0-255,66,126392,19,265990
10893,0.001297,172.217.194.0-255,1484,127876,19,265990
10894,0.001334,172.31.36.0-255,66,127942,19,265990
10895,0.001343,172.217.194.0-255,9274,137216,19,265990
10896,0.001346,172.31.36.0-255,66,137282,19,265990
10897,0.00154,172.217.194.0-255,1484,138766,19,265990
10898,0.001545,172.217.194.0-255,2902,141668,19,265990
10899,0.001548,172.31.36.0-255,66,141734,19,265990
10900,0.001564,172.217.194.0-255,1484,143218,19,265990
10901,0.00158,172.217.194.0-255,4320,147538,19,265990
10902,0.001582,172.31.36.0-255,66,147604,19,265990
10903,0.00159,172.217.194.0-255,8574,156178,19,265990
10904,0.001592,172.31.36.0-255,66,156244,19,265990
10905,0.001606,172.217.194.0-255,4320,160564,19,265990
10906,0.001608,172.31.36.0-255,66,160630,19,265990
10907,0.001611,172.217.194.0-255,1484,162114,19,265990
10908,0.001628,172.217.194.0-255,1484,163598,19,265990
10909,0.00163,172.31.36.0-255,66,163664,19,265990
10910,0.001654,172.217.194.0-255,7856,171520,19,265990
10911,0.001656,172.31.36.0-255,66,171586,19,265990
10912,0.001716,172.217.194.0-255,1484,173070,19,265990
10913,0.001733,172.217.194.0-255,2902,175972,19,265990
10914,0.001736,172.31.36.0-255,66,176038,19,265990
10915,0.001757,172.217.194.0-255,5738,181776,19,265990
10916,0.001759,172.31.36.0-255,66,181842,19,265990
10917,0.001801,172.217.194.0-255,2902,184744,19,265990
10918,0.001803,172.31.36.0-255,66,184810,19,265990
10919,0.001834,172.217.194.0-255,9992,194802,19,265990
10920,0.001836,172.31.36.0-255,66,194868,19,265990
10921,0.001845,172.217.194.0-255,10692,205560,19,265990
10922,0.001847,172.31.36.0-255,66,205626,19,265990
10923,0.001851,172.217.194.0-255,2902,208528,19,265990
10924,0.001852,172.31.36.0-255,66,208594,19,265990
10925,0.001858,172.217.194.0-255,4320,212914,19,265990
10926,0.00186,172.31.36.0-255,66,212980,19,265990
10927,0.001864,172.217.194.0-255,2902,215882,19,265990
10928,0.001866,172.31.36.0-255,66,215948,19,265990
10929,0.001895,172.217.194.0-255,5738,221686,19,265990
10930,0.001897,172.31.36.0-255,66,221752,19,265990
10931,0.001908,172.31.36.0-255,66,221818,19,265990
10932,0.001924,172.217.194.0-255,6438,228256,19,265990
10933,0.001926,172.31.36.0-255,66,228322,19,265990
10934,0.002054,172.217.194.0-255,1484,229806,19,265990
10935,0.002073,172.217.194.0-255,2902,232708,19,265990
10936,0.002077,172.31.36.0-255,66,232774,19,265990
10937,0.002094,172.217.194.0-255,4320,237094,19,265990
10938,0.002098,172.31.36.0-255,66,237160,19,265990
10939,0.002114,172.217.194.0-255,1484,238644,19,265990
10940,0.002121,172.217.194.0-255,7156,245800,19,265990
10941,0.002124,172.31.36.0-255,66,245866,19,265990
10942,0.002162,172.31.36.0-255,66,245932,19,265990
10943,0.002217,172.217.194.0-255,2184,248116,19,265990
10944,0.00222,172.31.36.0-255,66,248182,19,265990
10945,0.004429,172.217.194.0-255,2902,251084,19,265990
10946,0.004434,172.31.36.0-255,66,251150,19,265990
10947,0.004511,172.217.194.0-255,2902,254052,19,265990
10948,0.004513,172.31.36.0-255,66,254118,19,265990
10949,0.006708,172.217.194.0-255,2902,257020,19,265990
10950,0.006714,172.31.36.0-255,66,257086,19,265990
10951,0.006809,172.217.194.0-255,2902,259988,19,265990
10952,0.006813,172.31.36.0-255,66,260054,19,265990
10953,0.009039,172.217.194.0-255,2902,262956,19,265990
10954,0.009045,172.31.36.0-255,66,263022,19,265990
10955,0.009097,172.217.194.0-255,2902,265924,19,265990
10956,0.009101,172.31.36.0-255,66,265990,19,265990
10957,0.0,74.125.200.0-255,148,148,19,213009
10958,3.1e-05,172.31.36.0-255,66,214,19,213009
10959,3.9e-05,74.125.200.0-255,1484,1698,19,213009
10960,4.3e-05,172.31.36.0-255,66,1764,19,213009
10961,4.6e-05,74.125.200.0-255,1484,3248,19,213009
10962,4.9e-05,172.31.36.0-255,66,3314,19,213009
10963,5.4e-05,74.125.200.0-255,2902,6216,19,213009
10964,5.7e-05,172.31.36.0-255,66,6282,19,213009
10965,6.3e-05,74.125.200.0-255,4320,10602,19,213009
10966,6.6e-05,172.31.36.0-255,66,10668,19,213009
10967,8.6e-05,74.125.200.0-255,1484,12152,19,213009
10968,8.8e-05,172.31.36.0-255,66,12218,19,213009
10969,9.3e-05,74.125.200.0-255,2037,14255,19,213009
10970,9.6e-05,172.31.36.0-255,66,14321,19,213009
10971,0.000126,74.125.200.0-255,2902,17223,19,213009
10972,0.000128,172.31.36.0-255,66,17289,19,213009
10973,0.000132,74.125.200.0-255,1484,18773,19,213009
10974,0.000134,172.31.36.0-255,66,18839,19,213009
10975,0.000152,74.125.200.0-255,5738,24577,19,213009
10976,0.000154,172.31.36.0-255,66,24643,19,213009
10977,0.000195,74.125.200.0-255,4320,28963,19,213009
10978,0.000198,172.31.36.0-255,66,29029,19,213009
10979,0.000233,74.125.200.0-255,2543,31572,19,213009
10980,0.000236,172.31.36.0-255,66,31638,19,213009
10981,0.00043,74.125.200.0-255,1484,33122,19,213009
10982,0.000434,74.125.200.0-255,2902,36024,19,213009
10983,0.000436,172.31.36.0-255,66,36090,19,213009
10984,0.000441,172.31.36.0-255,66,36156,19,213009
10985,0.000458,74.125.200.0-255,4320,40476,19,213009
10986,0.000461,172.31.36.0-255,66,40542,19,213009
10987,0.000488,74.125.200.0-255,5738,46280,19,213009
10988,0.000492,172.31.36.0-255,66,46346,19,213009
10989,0.000504,74.125.200.0-255,3961,50307,19,213009
10990,0.000508,172.31.36.0-255,66,50373,19,213009
10991,0.000512,74.125.200.0-255,2902,53275,19,213009
10992,0.000514,172.31.36.0-255,66,53341,19,213009
10993,0.000537,74.125.200.0-255,5738,59079,19,213009
10994,0.00054,172.31.36.0-255,66,59145,19,213009
10995,0.000555,74.125.200.0-255,1484,60629,19,213009
10996,0.000577,74.125.200.0-255,5659,66288,19,213009
10997,0.000581,172.31.36.0-255,66,66354,19,213009
10998,0.000677,74.125.200.0-255,377,66731,19,213009
10999,0.000802,74.125.200.0-255,1484,68215,19,213009
11000,0.000806,172.31.36.0-255,66,68281,19,213009
11001,0.000812,74.125.200.0-255,2902,71183,19,213009
11002,0.000815,172.31.36.0-255,66,71249,19,213009
11003,0.000838,74.125.200.0-255,5738,76987,19,213009
11004,0.000841,172.31.36.0-255,66,77053,19,213009
11005,0.000846,74.125.200.0-255,2902,79955,19,213009
11006,0.000848,172.31.36.0-255,66,80021,19,213009
11007,0.000853,74.125.200.0-255,4320,84341,19,213009
11008,0.000856,172.31.36.0-255,66,84407,19,213009
11009,0.000878,74.125.200.0-255,4320,88727,19,213009
11010,0.000881,172.31.36.0-255,66,88793,19,213009
11011,0.000905,74.125.200.0-255,4320,93113,19,213009
11012,0.000907,172.31.36.0-255,66,93179,19,213009
11013,0.000912,74.125.200.0-255,2902,96081,19,213009
11014,0.000913,172.31.36.0-255,66,96147,19,213009
11015,0.000918,74.125.200.0-255,4320,100467,19,213009
11016,0.000922,172.31.36.0-255,66,100533,19,213009
11017,0.000947,74.125.200.0-255,766,101299,19,213009
11018,0.001091,172.31.36.0-255,66,101365,19,213009
11019,0.001404,74.125.200.0-255,1484,102849,19,213009
11020,0.001425,74.125.200.0-255,2902,105751,19,213009
11021,0.00143,172.31.36.0-255,66,105817,19,213009
11022,0.001468,74.125.200.0-255,1484,107301,19,213009
11023,0.001472,74.125.200.0-255,1484,108785,19,213009
11024,0.001475,172.31.36.0-255,66,108851,19,213009
11025,0.001494,74.125.200.0-255,1484,110335,19,213009
11026,0.0015,74.125.200.0-255,4320,114655,19,213009
11027,0.001503,172.31.36.0-255,66,114721,19,213009
11028,0.001521,74.125.200.0-255,4320,119041,19,213009
11029,0.001524,172.31.36.0-255,66,119107,19,213009
11030,0.001542,74.125.200.0-255,1484,120591,19,213009
11031,0.001572,74.125.200.0-255,9992,130583,19,213009
11032,0.001575,172.31.36.0-255,66,130649,19,213009
11033,0.001602,74.125.200.0-255,1484,132133,19,213009
11034,0.001618,74.125.200.0-255,1484,133617,19,213009
11035,0.001622,172.31.36.0-255,66,133683,19,213009
11036,0.001639,74.125.200.0-255,1484,135167,19,213009
11037,0.001643,74.125.200.0-255,766,135933,19,213009
11038,0.001645,172.31.36.0-255,66,135999,19,213009
11039,0.001789,74.125.200.0-255,1484,137483,19,213009
11040,0.001795,74.125.200.0-255,1484,138967,19,213009
11041,0.001798,172.31.36.0-255,66,139033,19,213009
11042,0.001819,74.125.200.0-255,1484,140517,19,213009
11043,0.001824,74.125.200.0-255,1484,142001,19,213009
11044,0.001827,172.31.36.0-255,66,142067,19,213009
11045,0.001832,74.125.200.0-255,2902,144969,19,213009
11046,0.001834,172.31.36.0-255,66,145035,19,213009
11047,0.001864,74.125.200.0-255,5738,150773,19,213009
11048,0.001868,172.31.36.0-255,66,150839,19,213009
11049,0.001915,74.125.200.0-255,4320,155159,19,213009
11050,0.001919,172.31.36.0-255,66,155225,19,213009
11051,0.001947,74.125.200.0-255,5738,160963,19,213009
11052,0.001951,172.31.36.0-255,66,161029,19,213009
11053,0.001966,74.125.200.0-255,1484,162513,19,213009
11054,0.002003,74.125.200.0-255,2902,165415,19,213009
11055,0.002007,172.31.36.0-255,66,165481,19,213009
11056,0.002049,74.125.200.0-255,4320,169801,19,213009
11057,0.002054,172.31.36.0-255,66,169867,19,213009
11058,0.002057,74.125.200.0-255,766,170633,19,213009
11059,0.002323,74.125.200.0-255,1484,172117,19,213009
11060,0.00233,172.31.36.0-255,66,172183,19,213009
11061,0.002336,74.125.200.0-255,2902,175085,19,213009
11062,0.002339,172.31.36.0-255,66,175151,19,213009
11063,0.002345,74.125.200.0-255,4320,179471,19,213009
11064,0.002347,172.31.36.0-255,66,179537,19,213009
11065,0.00237,74.125.200.0-255,1484,181021,19,213009
11066,0.002379,74.125.200.0-255,7156,188177,19,213009
11067,0.002382,172.31.36.0-255,66,188243,19,213009
11068,0.002385,74.125.200.0-255,1484,189727,19,213009
11069,0.002408,74.125.200.0-255,7156,196883,19,213009
11070,0.002411,172.31.36.0-255,66,196949,19,213009
11071,0.004774,74.125.200.0-255,4320,201269,19,213009
11072,0.004782,172.31.36.0-255,66,201335,19,213009
11073,0.004798,74.125.200.0-255,1484,202819,19,213009
11074,0.007134,74.125.200.0-255,4320,207139,19,213009
11075,0.007141,172.31.36.0-255,66,207205,19,213009
11076,0.009501,74.125.200.0-255,5738,212943,19,213009
11077,0.009509,172.31.36.0-255,66,213009,19,213009
11078,0.0,172.217.194.0-255,153,153,19,241880
11079,1.7e-05,172.31.36.0-255,66,219,19,241880
11080,2.4e-05,172.217.194.0-255,1484,1703,19,241880
11081,2.9e-05,172.31.36.0-255,66,1769,19,241880
11082,3.5e-05,172.217.194.0-255,2902,4671,19,241880
11083,3.8e-05,172.31.36.0-255,66,4737,19,241880
11084,4.5e-05,172.217.194.0-255,5738,10475,19,241880
11085,4.8e-05,172.31.36.0-255,66,10541,19,241880
11086,5.6e-05,172.217.194.0-255,6321,16862,19,241880
11087,5.9e-05,172.31.36.0-255,66,16928,19,241880
11088,6.3e-05,172.217.194.0-255,1484,18412,19,241880
11089,6.5e-05,172.31.36.0-255,66,18478,19,241880
11090,0.000104,172.31.36.0-255,66,18544,19,241880
11091,0.000144,172.217.194.0-255,1484,20028,19,241880
11092,0.000146,172.31.36.0-255,66,20094,19,241880
11093,0.000151,172.217.194.0-255,2902,22996,19,241880
11094,0.000153,172.31.36.0-255,66,23062,19,241880
11095,0.000156,172.217.194.0-255,1484,24546,19,241880
11096,0.000158,172.31.36.0-255,66,24612,19,241880
11097,0.000183,172.217.194.0-255,4320,28932,19,241880
11098,0.000186,172.217.194.0-255,1484,30416,19,241880
11099,0.00019,172.31.36.0-255,66,30482,19,241880
11100,0.000192,172.31.36.0-255,66,30548,19,241880
11101,0.000211,172.217.194.0-255,5379,35927,19,241880
11102,0.000214,172.31.36.0-255,66,35993,19,241880
11103,0.000219,172.217.194.0-255,4320,40313,19,241880
11104,0.000221,172.31.36.0-255,66,40379,19,241880
11105,0.000251,172.217.194.0-255,9992,50371,19,241880
11106,0.000253,172.31.36.0-255,66,50437,19,241880
11107,0.000257,172.217.194.0-255,2833,53270,19,241880
11108,0.00026,172.31.36.0-255,66,53336,19,241880
11109,0.000264,172.217.194.0-255,98,53434,19,241880
11110,0.00032,172.217.194.0-255,1484,54918,19,241880
11111,0.000324,172.31.36.0-255,66,54984,19,241880
11112,0.00033,172.217.194.0-255,2902,57886,19,241880
11113,0.000332,172.31.36.0-255,66,57952,19,241880
11114,0.000336,172.217.194.0-255,2902,60854,19,241880
11115,0.000339,172.31.36.0-255,66,60920,19,241880
11116,0.000362,172.217.194.0-255,2902,63822,19,241880
11117,0.000365,172.31.36.0-255,66,63888,19,241880
11118,0.000381,172.217.194.0-255,1484,65372,19,241880
11119,0.000403,172.217.194.0-255,5379,70751,19,241880
11120,0.000406,172.31.36.0-255,66,70817,19,241880
11121,0.000412,172.217.194.0-255,5738,76555,19,241880
11122,0.000414,172.31.36.0-255,66,76621,19,241880
11123,0.000425,172.217.194.0-255,1484,78105,19,241880
11124,0.000447,172.217.194.0-255,7156,85261,19,241880
11125,0.000449,172.31.36.0-255,66,85327,19,241880
11126,0.000469,172.217.194.0-255,2842,88169,19,241880
11127,0.000472,172.31.36.0-255,66,88235,19,241880
11128,0.000672,172.217.194.0-255,1484,89719,19,241880
11129,0.000679,172.217.194.0-255,2902,92621,19,241880
11130,0.000683,172.31.36.0-255,66,92687,19,241880
11131,0.00069,172.217.194.0-255,5738,98425,19,241880
11132,0.000692,172.31.36.0-255,66,98491,19,241880
11133,0.000718,172.31.36.0-255,66,98557,19,241880
11134,0.000741,172.217.194.0-255,1484,100041,19,241880
11135,0.000746,172.217.194.0-255,2902,102943,19,241880
11136,0.000748,172.31.36.0-255,66,103009,19,241880
11137,0.000771,172.217.194.0-255,7856,110865,19,241880
11138,0.000774,172.31.36.0-255,66,110931,19,241880
11139,0.001157,172.217.194.0-255,1484,112415,19,241880
11140,0.001164,172.217.194.0-255,2902,115317,19,241880
11141,0.001168,172.31.36.0-255,66,115383,19,241880
11142,0.001172,172.217.194.0-255,1484,116867,19,241880
11143,0.001189,172.217.194.0-255,4320,121187,19,241880
11144,0.001191,172.31.36.0-255,66,121253,19,241880
11145,0.001196,172.217.194.0-255,4320,125573,19,241880
11146,0.001199,172.31.36.0-255,66,125639,19,241880
11147,0.001221,172.217.194.0-255,5738,131377,19,241880
11148,0.001224,172.31.36.0-255,66,131443,19,241880
11149,0.001259,172.217.194.0-255,5738,137181,19,241880
11150,0.001262,172.31.36.0-255,66,137247,19,241880
11151,0.001289,172.217.194.0-255,7856,145103,19,241880
11152,0.001291,172.31.36.0-255,66,145169,19,241880
11153,0.001348,172.217.194.0-255,1484,146653,19,241880
11154,0.001353,172.217.194.0-255,2902,149555,19,241880
11155,0.001355,172.31.36.0-255,66,149621,19,241880
11156,0.001393,172.217.194.0-255,2902,152523,19,241880
11157,0.001395,172.31.36.0-255,66,152589,19,241880
11158,0.001427,172.217.194.0-255,2902,155491,19,241880
11159,0.00143,172.31.36.0-255,66,155557,19,241880
11160,0.001445,172.31.36.0-255,66,155623,19,241880
11161,0.001453,172.217.194.0-255,8574,164197,19,241880
11162,0.001455,172.31.36.0-255,66,164263,19,241880
11163,0.001459,172.217.194.0-255,2184,166447,19,241880
11164,0.001461,172.31.36.0-255,66,166513,19,241880
11165,0.001521,172.217.194.0-255,1484,167997,19,241880
11166,0.001537,172.217.194.0-255,2902,170899,19,241880
11167,0.00154,172.31.36.0-255,66,170965,19,241880
11168,0.001547,172.217.194.0-255,5738,176703,19,241880
11169,0.001549,172.31.36.0-255,66,176769,19,241880
11170,0.001554,172.217.194.0-255,2902,179671,19,241880
11171,0.001556,172.31.36.0-255,66,179737,19,241880
11172,0.001574,172.217.194.0-255,2902,182639,19,241880
11173,0.001576,172.31.36.0-255,66,182705,19,241880
11174,0.001593,172.217.194.0-255,1484,184189,19,241880
11175,0.001626,172.31.36.0-255,66,184255,19,241880
11176,0.001634,172.217.194.0-255,7156,191411,19,241880
11177,0.001636,172.31.36.0-255,66,191477,19,241880
11178,0.001651,172.217.194.0-255,3602,195079,19,241880
11179,0.001654,172.31.36.0-255,66,195145,19,241880
11180,0.001671,172.31.36.0-255,66,195211,19,241880
11181,0.001688,172.31.36.0-255,66,195277,19,241880
11182,0.001694,172.217.194.0-255,4320,199597,19,241880
11183,0.001696,172.31.36.0-255,66,199663,19,241880
11184,0.001724,172.31.36.0-255,66,199729,19,241880
11185,0.001733,172.217.194.0-255,8574,208303,19,241880
11186,0.001735,172.31.36.0-255,66,208369,19,241880
11187,0.001756,172.217.194.0-255,7156,215525,19,241880
11188,0.001759,172.31.36.0-255,66,215591,19,241880
11189,0.001776,172.217.194.0-255,7156,222747,19,241880
11190,0.001779,172.31.36.0-255,66,222813,19,241880
11191,0.001808,172.31.36.0-255,66,222879,19,241880
11192,0.001825,172.217.194.0-255,3602,226481,19,241880
11193,0.001828,172.31.36.0-255,66,226547,19,241880
11194,0.001845,172.31.36.0-255,66,226613,19,241880
11195,0.001882,172.31.36.0-255,66,226679,19,241880
11196,0.001934,172.31.36.0-255,66,226745,19,241880
11197,0.001944,172.217.194.0-255,2184,228929,19,241880
11198,0.001967,172.217.194.0-255,10692,239621,19,241880
11199,0.00197,172.217.194.0-255,1484,241105,19,241880
11200,0.001991,172.217.194.0-255,367,241472,19,241880
11201,0.001994,172.31.36.0-255,66,241538,19,241880
11202,0.002041,172.217.194.0-255,105,241643,19,241880
11203,0.004397,172.31.36.0-255,66,241709,19,241880
11204,0.004434,172.31.36.0-255,105,241814,19,241880
11205,0.006902,172.217.194.0-255,66,241880,19,241880
11206,0.0,74.125.200.0-255,153,153,19,226880
11207,3.1e-05,172.31.36.0-255,66,219,19,226880
11208,3.8e-05,74.125.200.0-255,1484,1703,19,226880
11209,4.2e-05,172.31.36.0-255,66,1769,19,226880
11210,5.5e-05,74.125.200.0-255,2902,4671,19,226880
11211,5.7e-05,172.31.36.0-255,66,4737,19,226880
11212,8.3e-05,74.125.200.0-255,5738,10475,19,226880
11213,8.6e-05,172.31.36.0-255,66,10541,19,226880
11214,0.000127,74.125.200.0-255,3501,14042,19,226880
11215,0.000131,172.31.36.0-255,66,14108,19,226880
11216,0.000136,74.125.200.0-255,2902,17010,19,226880
11217,0.000138,172.31.36.0-255,66,17076,19,226880
11218,0.000165,74.125.200.0-255,1484,18560,19,226880
11219,0.000169,172.31.36.0-255,66,18626,19,226880
11220,0.000179,74.125.200.0-255,9992,28618,19,226880
11221,0.000182,172.31.36.0-255,66,28684,19,226880
11222,0.000184,74.125.200.0-255,1484,30168,19,226880
11223,0.000187,172.31.36.0-255,66,30234,19,226880
11224,0.00021,74.125.200.0-255,1125,31359,19,226880
11225,0.000214,172.31.36.0-255,66,31425,19,226880
11226,0.000279,74.125.200.0-255,1484,32909,19,226880
11227,0.000282,172.31.36.0-255,66,32975,19,226880
11228,0.000288,74.125.200.0-255,2902,35877,19,226880
11229,0.000291,172.31.36.0-255,66,35943,19,226880
11230,0.000341,74.125.200.0-255,5738,41681,19,226880
11231,0.000345,172.31.36.0-255,66,41747,19,226880
11232,0.000348,74.125.200.0-255,1484,43231,19,226880
11233,0.000351,172.31.36.0-255,66,43297,19,226880
11234,0.000356,74.125.200.0-255,2902,46199,19,226880
11235,0.000358,172.31.36.0-255,66,46265,19,226880
11236,0.000398,74.125.200.0-255,5379,51644,19,226880
11237,0.000402,172.31.36.0-255,66,51710,19,226880
11238,0.000407,74.125.200.0-255,5738,57448,19,226880
11239,0.000433,74.125.200.0-255,8488,65936,19,226880
11240,0.000433,172.31.36.0-255,66,66002,19,226880
11241,0.000439,172.31.36.0-255,66,66068,19,226880
11242,0.00049,74.125.200.0-255,126,66194,19,226880
11243,0.000713,74.125.200.0-255,1484,67678,19,226880
11244,0.000717,172.31.36.0-255,66,67744,19,226880
11245,0.000723,74.125.200.0-255,2902,70646,19,226880
11246,0.000726,74.125.200.0-255,1484,72130,19,226880
11247,0.000735,172.31.36.0-255,66,72196,19,226880
11248,0.000744,74.125.200.0-255,2902,75098,19,226880
11249,0.000751,172.31.36.0-255,66,75164,19,226880
11250,0.000774,74.125.200.0-255,2902,78066,19,226880
11251,0.000778,172.31.36.0-255,66,78132,19,226880
11252,0.000795,74.125.200.0-255,4320,82452,19,226880
11253,0.000801,172.31.36.0-255,66,82518,19,226880
11254,0.000824,74.125.200.0-255,8574,91092,19,226880
11255,0.000828,74.125.200.0-255,4320,95412,19,226880
11256,0.000829,172.31.36.0-255,66,95478,19,226880
11257,0.000845,172.31.36.0-255,66,95544,19,226880
11258,0.000861,74.125.200.0-255,5020,100564,19,226880
11259,0.000864,74.125.200.0-255,352,100916,19,226880
11260,0.000869,172.31.36.0-255,66,100982,19,226880
11261,0.000932,74.125.200.0-255,1484,102466,19,226880
11262,0.000951,74.125.200.0-255,2902,105368,19,226880
11263,0.000958,172.31.36.0-255,66,105434,19,226880
11264,0.000989,74.125.200.0-255,5738,111172,19,226880
11265,0.000992,74.125.200.0-255,1484,112656,19,226880
11266,0.001016,172.31.36.0-255,66,112722,19,226880
11267,0.001043,74.125.200.0-255,1484,114206,19,226880
11268,0.001047,74.125.200.0-255,1484,115690,19,226880
11269,0.00106,172.31.36.0-255,66,115756,19,226880
11270,0.00106,74.125.200.0-255,1484,117240,19,226880
11271,0.001084,74.125.200.0-255,1484,118724,19,226880
11272,0.001087,172.31.36.0-255,66,118790,19,226880
11273,0.001093,74.125.200.0-255,2902,121692,19,226880
11274,0.001102,172.31.36.0-255,66,121758,19,226880
11275,0.001125,74.125.200.0-255,5738,127496,19,226880
11276,0.00113,172.31.36.0-255,66,127562,19,226880
11277,0.001133,74.125.200.0-255,7156,134718,19,226880
11278,0.001141,172.31.36.0-255,66,134784,19,226880
11279,0.001172,74.125.200.0-255,766,135550,19,226880
11280,0.001249,74.125.200.0-255,1484,137034,19,226880
11281,0.001261,172.31.36.0-255,66,137100,19,226880
11282,0.001264,74.125.200.0-255,1484,138584,19,226880
11283,0.001288,74.125.200.0-255,1484,140068,19,226880
11284,0.001291,172.31.36.0-255,66,140134,19,226880
11285,0.001295,74.125.200.0-255,1484,141618,19,226880
11286,0.001299,74.125.200.0-255,2902,144520,19,226880
11287,0.001312,172.31.36.0-255,66,144586,19,226880
11288,0.001334,74.125.200.0-255,5738,150324,19,226880
11289,0.001343,172.31.36.0-255,66,150390,19,226880
11290,0.001366,74.125.200.0-255,1484,151874,19,226880
11291,0.001387,74.125.200.0-255,1484,153358,19,226880
11292,0.001394,172.31.36.0-255,66,153424,19,226880
11293,0.001399,74.125.200.0-255,2902,156326,19,226880
11294,0.001408,172.31.36.0-255,66,156392,19,226880
11295,0.00144,74.125.200.0-255,2902,159294,19,226880
11296,0.001468,74.125.200.0-255,4320,163614,19,226880
11297,0.001468,172.31.36.0-255,66,163680,19,226880
11298,0.001479,172.31.36.0-255,66,163746,19,226880
11299,0.001492,74.125.200.0-255,1484,165230,19,226880
11300,0.001518,74.125.200.0-255,2902,168132,19,226880
11301,0.00153,172.31.36.0-255,66,168198,19,226880
11302,0.001554,74.125.200.0-255,2184,170382,19,226880
11303,0.001564,172.31.36.0-255,66,170448,19,226880
11304,0.001683,74.125.200.0-255,1484,171932,19,226880
11305,0.001703,74.125.200.0-255,2902,174834,19,226880
11306,0.001707,172.31.36.0-255,66,174900,19,226880
11307,0.001711,74.125.200.0-255,1484,176384,19,226880
11308,0.001735,74.125.200.0-255,4320,180704,19,226880
11309,0.001739,74.125.200.0-255,2902,183606,19,226880
11310,0.001742,172.31.36.0-255,66,183672,19,226880
11311,0.001789,74.125.200.0-255,4320,187992,19,226880
11312,0.001804,172.31.36.0-255,66,188058,19,226880
11313,0.001813,74.125.200.0-255,5738,193796,19,226880
11314,0.001818,172.31.36.0-255,66,193862,19,226880
11315,0.001831,74.125.200.0-255,1484,195346,19,226880
11316,0.001857,74.125.200.0-255,2902,198248,19,226880
11317,0.001863,172.31.36.0-255,66,198314,19,226880
11318,0.001891,74.125.200.0-255,4320,202634,19,226880
11319,0.001894,172.31.36.0-255,66,202700,19,226880
11320,0.001939,74.125.200.0-255,2184,204884,19,226880
11321,0.001947,172.31.36.0-255,66,204950,19,226880
11322,0.002237,74.125.200.0-255,1484,206434,19,226880
11323,0.002246,74.125.200.0-255,1484,207918,19,226880
11324,0.00225,172.31.36.0-255,66,207984,19,226880
11325,0.002256,74.125.200.0-255,2902,210886,19,226880
11326,0.002284,74.125.200.0-255,5738,216624,19,226880
11327,0.002304,74.125.200.0-255,2902,219526,19,226880
11328,0.002307,74.125.200.0-255,1484,221010,19,226880
11329,0.00751,172.31.36.0-255,66,221076,19,226880
11330,0.009807,74.125.200.0-255,5738,226814,19,226880
11331,0.009816,172.31.36.0-255,66,226880,19,226880
11332,0.0,172.253.118.0-255,153,153,19,261063
11333,2.3e-05,172.31.36.0-255,66,219,19,261063
11334,3e-05,172.253.118.0-255,1484,1703,19,261063
11335,3.5e-05,172.31.36.0-255,66,1769,19,261063
11336,4.8e-05,172.253.118.0-255,2902,4671,19,261063
11337,5.1e-05,172.31.36.0-255,66,4737,19,261063
11338,5.8e-05,172.253.118.0-255,5738,10475,19,261063
11339,6.1e-05,172.31.36.0-255,66,10541,19,261063
11340,0.000109,172.31.36.0-255,66,10607,19,261063
11341,0.000141,172.253.118.0-255,8215,18822,19,261063
11342,0.000145,172.31.36.0-255,66,18888,19,261063
11343,0.000245,172.253.118.0-255,1484,20372,19,261063
11344,0.000248,172.31.36.0-255,66,20438,19,261063
11345,0.000277,172.253.118.0-255,2902,23340,19,261063
11346,0.00028,172.31.36.0-255,66,23406,19,261063
11347,0.000286,172.253.118.0-255,2902,26308,19,261063
11348,0.000288,172.31.36.0-255,66,26374,19,261063
11349,0.000323,172.253.118.0-255,7156,33530,19,261063
11350,0.000326,172.31.36.0-255,66,33596,19,261063
11351,0.000355,172.253.118.0-255,3961,37557,19,261063
11352,0.000358,172.31.36.0-255,66,37623,19,261063
11353,0.000363,172.253.118.0-255,4320,41943,19,261063
11354,0.000366,172.31.36.0-255,66,42009,19,261063
11355,0.000374,172.253.118.0-255,7156,49165,19,261063
11356,0.000376,172.31.36.0-255,66,49231,19,261063
11357,0.000409,172.253.118.0-255,2902,52133,19,261063
11358,0.000412,172.31.36.0-255,66,52199,19,261063
11359,0.000416,172.253.118.0-255,1400,53599,19,261063
11360,0.000417,172.31.36.0-255,66,53665,19,261063
11361,0.00042,172.253.118.0-255,131,53796,19,261063
11362,0.000422,172.31.36.0-255,66,53862,19,261063
11363,0.00043,172.253.118.0-255,347,54209,19,261063
11364,0.000738,172.253.118.0-255,1484,55693,19,261063
11365,0.000743,172.31.36.0-255,66,55759,19,261063
11366,0.000775,172.253.118.0-255,2902,58661,19,261063
11367,0.000777,172.31.36.0-255,66,58727,19,261063
11368,0.000804,172.253.118.0-255,4320,63047,19,261063
11369,0.000806,172.31.36.0-255,66,63113,19,261063
11370,0.000813,172.253.118.0-255,5738,68851,19,261063
11371,0.000816,172.31.36.0-255,66,68917,19,261063
11372,0.000846,172.253.118.0-255,8574,77491,19,261063
11373,0.000848,172.31.36.0-255,66,77557,19,261063
11374,0.000878,172.253.118.0-255,2902,80459,19,261063
11375,0.000881,172.31.36.0-255,66,80525,19,261063
11376,0.00089,172.253.118.0-255,7856,88381,19,261063
11377,0.000892,172.31.36.0-255,66,88447,19,261063
11378,0.000899,172.253.118.0-255,1484,89931,19,261063
11379,0.00092,172.253.118.0-255,2902,92833,19,261063
11380,0.000923,172.31.36.0-255,66,92899,19,261063
11381,0.00095,172.253.118.0-255,4320,97219,19,261063
11382,0.000953,172.31.36.0-255,66,97285,19,261063
11383,0.000977,172.253.118.0-255,1484,98769,19,261063
11384,0.000982,172.253.118.0-255,2902,101671,19,261063
11385,0.000985,172.31.36.0-255,66,101737,19,261063
11386,0.000995,172.253.118.0-255,9992,111729,19,261063
11387,0.000997,172.31.36.0-255,66,111795,19,261063
11388,0.001,172.253.118.0-255,1484,113279,19,261063
11389,0.001028,172.253.118.0-255,4320,117599,19,261063
11390,0.001035,172.31.36.0-255,66,117665,19,261063
11391,0.001068,172.253.118.0-255,5020,122685,19,261063
11392,0.001071,172.31.36.0-255,66,122751,19,261063
11393,0.001083,172.253.118.0-255,2902,125653,19,261063
11394,0.001092,172.31.36.0-255,66,125719,19,261063
11395,0.001119,172.253.118.0-255,2902,128621,19,261063
11396,0.001122,172.31.36.0-255,66,128687,19,261063
11397,0.001127,172.253.118.0-255,4320,133007,19,261063
11398,0.001129,172.31.36.0-255,66,133073,19,261063
11399,0.001146,172.31.36.0-255,66,133139,19,261063
11400,0.00115,172.253.118.0-255,1484,134623,19,261063
11401,0.00118,172.253.118.0-255,2902,137525,19,261063
11402,0.001182,172.31.36.0-255,66,137591,19,261063
11403,0.001189,172.253.118.0-255,5738,143329,19,261063
11404,0.001191,172.31.36.0-255,66,143395,19,261063
11405,0.0012,172.253.118.0-255,2184,145579,19,261063
11406,0.001203,172.31.36.0-255,66,145645,19,261063
11407,0.001272,172.253.118.0-255,1484,147129,19,261063
11408,0.001279,172.253.118.0-255,2902,150031,19,261063
11409,0.001282,172.31.36.0-255,66,150097,19,261063
11410,0.001314,172.253.118.0-255,5738,155835,19,261063
11411,0.001321,172.253.118.0-255,7156,162991,19,261063
11412,0.001326,172.31.36.0-255,66,163057,19,261063
11413,0.001329,172.31.36.0-255,66,163123,19,261063
11414,0.00136,172.31.36.0-255,66,163189,19,261063
11415,0.001364,172.253.118.0-255,2184,165373,19,261063
11416,0.001367,172.31.36.0-255,66,165439,19,261063
11417,0.001596,172.253.118.0-255,1484,166923,19,261063
11418,0.001603,172.253.118.0-255,2902,169825,19,261063
11419,0.001606,172.31.36.0-255,66,169891,19,261063
11420,0.001639,172.253.118.0-255,5738,175629,19,261063
11421,0.001642,172.31.36.0-255,66,175695,19,261063
11422,0.001696,172.253.118.0-255,9992,185687,19,261063
11423,0.001699,172.31.36.0-255,66,185753,19,261063
11424,0.001713,172.253.118.0-255,2902,188655,19,261063
11425,0.001716,172.31.36.0-255,66,188721,19,261063
11426,0.001738,172.253.118.0-255,8574,197295,19,261063
11427,0.00174,172.31.36.0-255,66,197361,19,261063
11428,0.001777,172.253.118.0-255,2184,199545,19,261063
11429,0.00178,172.31.36.0-255,66,199611,19,261063
11430,0.00195,172.253.118.0-255,1484,201095,19,261063
11431,0.001968,172.253.118.0-255,2902,203997,19,261063
11432,0.001971,172.31.36.0-255,66,204063,19,261063
11433,0.001978,172.253.118.0-255,4320,208383,19,261063
11434,0.00198,172.31.36.0-255,66,208449,19,261063
11435,0.002009,172.253.118.0-255,1484,209933,19,261063
11436,0.002029,172.31.36.0-255,66,209999,19,261063
11437,0.002036,172.253.118.0-255,5738,215737,19,261063
11438,0.002038,172.31.36.0-255,66,215803,19,261063
11439,0.002062,172.253.118.0-255,2902,218705,19,261063
11440,0.002064,172.31.36.0-255,66,218771,19,261063
11441,0.002081,172.253.118.0-255,2184,220955,19,261063
11442,0.002084,172.31.36.0-255,66,221021,19,261063
11443,0.002209,172.253.118.0-255,1484,222505,19,261063
11444,0.002263,172.253.118.0-255,2902,225407,19,261063
11445,0.002267,172.31.36.0-255,66,225473,19,261063
11446,0.002274,172.253.118.0-255,5738,231211,19,261063
11447,0.002276,172.31.36.0-255,66,231277,19,261063
11448,0.002293,172.31.36.0-255,66,231343,19,261063
11449,0.002299,172.253.118.0-255,4320,235663,19,261063
11450,0.002301,172.31.36.0-255,66,235729,19,261063
11451,0.002344,172.253.118.0-255,7856,243585,19,261063
11452,0.002348,172.31.36.0-255,66,243651,19,261063
11453,0.004641,172.253.118.0-255,5738,249389,19,261063
11454,0.004648,172.31.36.0-255,66,249455,19,261063
11455,0.006933,172.253.118.0-255,5738,255193,19,261063
11456,0.006936,172.31.36.0-255,66,255259,19,261063
11457,0.009245,172.253.118.0-255,5738,260997,19,261063
11458,0.009258,172.31.36.0-255,66,261063,19,261063
11459,0.0,172.217.194.0-255,153,153,19,334753
11460,2.1e-05,172.31.36.0-255,66,219,19,334753
11461,2.7e-05,172.217.194.0-255,1484,1703,19,334753
11462,3.1e-05,172.31.36.0-255,66,1769,19,334753
11463,3.4e-05,172.217.194.0-255,1484,3253,19,334753
11464,4.7e-05,172.31.36.0-255,66,3319,19,334753
11465,6.5e-05,172.217.194.0-255,1484,4803,19,334753
11466,6.8e-05,172.31.36.0-255,66,4869,19,334753
11467,8e-05,172.217.194.0-255,7156,12025,19,334753
11468,8.2e-05,172.31.36.0-255,66,12091,19,334753
11469,8.6e-05,172.217.194.0-255,2147,14238,19,334753
11470,8.8e-05,172.31.36.0-255,66,14304,19,334753
11471,0.000127,172.217.194.0-255,1484,15788,19,334753
11472,0.000131,172.31.36.0-255,66,15854,19,334753
11473,0.000135,172.217.194.0-255,2902,18756,19,334753
11474,0.000137,172.31.36.0-255,66,18822,19,334753
11475,0.000169,172.217.194.0-255,5738,24560,19,334753
11476,0.000172,172.31.36.0-255,66,24626,19,334753
11477,0.000215,172.217.194.0-255,4320,28946,19,334753
11478,0.00022,172.31.36.0-255,66,29012,19,334753
11479,0.000229,172.217.194.0-255,2543,31555,19,334753
11480,0.000232,172.31.36.0-255,66,31621,19,334753
11481,0.000242,172.217.194.0-255,4320,35941,19,334753
11482,0.000246,172.31.36.0-255,66,36007,19,334753
11483,0.000285,172.217.194.0-255,2902,38909,19,334753
11484,0.000289,172.31.36.0-255,66,38975,19,334753
11485,0.000298,172.217.194.0-255,9633,48608,19,334753
11486,0.000305,172.31.36.0-255,66,48674,19,334753
11487,0.000328,172.217.194.0-255,5738,54412,19,334753
11488,0.000331,172.31.36.0-255,66,54478,19,334753
11489,0.000358,172.217.194.0-255,4320,58798,19,334753
11490,0.000361,172.31.36.0-255,66,58864,19,334753
11491,0.000364,172.217.194.0-255,1484,60348,19,334753
11492,0.000396,172.217.194.0-255,5654,66002,19,334753
11493,0.0004,172.31.36.0-255,66,66068,19,334753
11494,0.000403,172.217.194.0-255,118,66186,19,334753
11495,0.000449,172.217.194.0-255,382,66568,19,334753
11496,0.001073,172.217.194.0-255,1484,68052,19,334753
11497,0.001079,172.31.36.0-255,66,68118,19,334753
11498,0.001085,172.217.194.0-255,2902,71020,19,334753
11499,0.001087,172.31.36.0-255,66,71086,19,334753
11500,0.001092,172.217.194.0-255,4320,75406,19,334753
11501,0.0011,172.31.36.0-255,66,75472,19,334753
11502,0.001122,172.217.194.0-255,1484,76956,19,334753
11503,0.00114,172.31.36.0-255,66,77022,19,334753
11504,0.001146,172.217.194.0-255,5738,82760,19,334753
11505,0.001147,172.31.36.0-255,66,82826,19,334753
11506,0.001186,172.217.194.0-255,5020,87846,19,334753
11507,0.001189,172.31.36.0-255,66,87912,19,334753
11508,0.001231,172.217.194.0-255,2902,90814,19,334753
11509,0.001235,172.31.36.0-255,66,90880,19,334753
11510,0.001238,172.217.194.0-255,1484,92364,19,334753
11511,0.001266,172.217.194.0-255,2902,95266,19,334753
11512,0.001268,172.31.36.0-255,66,95332,19,334753
11513,0.001276,172.217.194.0-255,7156,102488,19,334753
11514,0.001278,172.31.36.0-255,66,102554,19,334753
11515,0.001305,172.217.194.0-255,1484,104038,19,334753
11516,0.001321,172.31.36.0-255,66,104104,19,334753
11517,0.001373,172.217.194.0-255,1484,105588,19,334753
11518,0.001378,172.217.194.0-255,2902,108490,19,334753
11519,0.001381,172.31.36.0-255,66,108556,19,334753
11520,0.001387,172.217.194.0-255,5738,114294,19,334753
11521,0.00139,172.31.36.0-255,66,114360,19,334753
11522,0.001395,172.217.194.0-255,5738,120098,19,334753
11523,0.001396,172.31.36.0-255,66,120164,19,334753
11524,0.001427,172.217.194.0-255,7156,127320,19,334753
11525,0.001432,172.31.36.0-255,66,127386,19,334753
11526,0.001463,172.217.194.0-255,10692,138078,19,334753
11527,0.001466,172.31.36.0-255,66,138144,19,334753
11528,0.001491,172.217.194.0-255,4320,142464,19,334753
11529,0.001493,172.31.36.0-255,66,142530,19,334753
11530,0.001525,172.217.194.0-255,7156,149686,19,334753
11531,0.001528,172.31.36.0-255,66,149752,19,334753
11532,0.001532,172.217.194.0-255,4320,154072,19,334753
11533,0.001534,172.31.36.0-255,66,154138,19,334753
11534,0.00156,172.217.194.0-255,8574,162712,19,334753
11535,0.001563,172.31.36.0-255,66,162778,19,334753
11536,0.001571,172.217.194.0-255,4320,167098,19,334753
11537,0.001572,172.31.36.0-255,66,167164,19,334753
11538,0.001605,172.217.194.0-255,5020,172184,19,334753
11539,0.001608,172.31.36.0-255,66,172250,19,334753
11540,0.001629,172.217.194.0-255,1484,173734,19,334753
11541,0.001633,172.217.194.0-255,2902,176636,19,334753
11542,0.001635,172.31.36.0-255,66,176702,19,334753
11543,0.001638,172.217.194.0-255,1484,178186,19,334753
11544,0.001667,172.217.194.0-255,4320,182506,19,334753
11545,0.00167,172.31.36.0-255,66,182572,19,334753
11546,0.001675,172.217.194.0-255,5738,188310,19,334753
11547,0.001677,172.31.36.0-255,66,188376,19,334753
11548,0.001704,172.217.194.0-255,7156,195532,19,334753
11549,0.00171,172.31.36.0-255,66,195598,19,334753
11550,0.001718,172.217.194.0-255,10692,206290,19,334753
11551,0.00172,172.31.36.0-255,66,206356,19,334753
11552,0.00176,172.31.36.0-255,66,206422,19,334753
11553,0.001787,172.217.194.0-255,9992,216414,19,334753
11554,0.001793,172.217.194.0-255,7856,224270,19,334753
11555,0.001797,172.31.36.0-255,66,224336,19,334753
11556,0.0018,172.31.36.0-255,66,224402,19,334753
11557,0.001807,172.217.194.0-255,4320,228722,19,334753
11558,0.001809,172.31.36.0-255,66,228788,19,334753
11559,0.001833,172.217.194.0-255,9992,238780,19,334753
11560,0.001836,172.31.36.0-255,66,238846,19,334753
11561,0.001845,172.217.194.0-255,7156,246002,19,334753
11562,0.001847,172.31.36.0-255,66,246068,19,334753
11563,0.001879,172.217.194.0-255,8574,254642,19,334753
11564,0.001882,172.31.36.0-255,66,254708,19,334753
11565,0.001886,172.217.194.0-255,3602,258310,19,334753
11566,0.001888,172.31.36.0-255,66,258376,19,334753
11567,0.001966,172.217.194.0-255,1484,259860,19,334753
11568,0.001969,172.217.194.0-255,1484,261344,19,334753
11569,0.001972,172.31.36.0-255,66,261410,19,334753
11570,0.002003,172.217.194.0-255,1484,262894,19,334753
11571,0.002008,172.217.194.0-255,5738,268632,19,334753
11572,0.00201,172.31.36.0-255,66,268698,19,334753
11573,0.002045,172.217.194.0-255,2902,271600,19,334753
11574,0.002047,172.31.36.0-255,66,271666,19,334753
11575,0.002081,172.217.194.0-255,8574,280240,19,334753
11576,0.002084,172.31.36.0-255,66,280306,19,334753
11577,0.002095,172.31.36.0-255,66,280372,19,334753
11578,0.002097,172.217.194.0-255,1484,281856,19,334753
11579,0.0021,172.217.194.0-255,2902,284758,19,334753
11580,0.002102,172.31.36.0-255,66,284824,19,334753
11581,0.002106,172.217.194.0-255,4320,289144,19,334753
11582,0.002108,172.31.36.0-255,66,289210,19,334753
11583,0.002157,172.217.194.0-255,1484,290694,19,334753
11584,0.00217,172.31.36.0-255,66,290760,19,334753
11585,0.002182,172.217.194.0-255,9992,300752,19,334753
11586,0.002185,172.31.36.0-255,66,300818,19,334753
11587,0.002187,172.217.194.0-255,766,301584,19,334753
11588,0.002228,172.217.194.0-255,1484,303068,19,334753
11589,0.002231,172.31.36.0-255,66,303134,19,334753
11590,0.002234,172.217.194.0-255,1484,304618,19,334753
11591,0.002254,172.217.194.0-255,1484,306102,19,334753
11592,0.002257,172.31.36.0-255,66,306168,19,334753
11593,0.002262,172.217.194.0-255,5738,311906,19,334753
11594,0.002264,172.31.36.0-255,66,311972,19,334753
11595,0.002267,172.217.194.0-255,2902,314874,19,334753
11596,0.002269,172.31.36.0-255,66,314940,19,334753
11597,0.002284,172.217.194.0-255,1484,316424,19,334753
11598,0.002286,172.217.194.0-255,1484,317908,19,334753
11599,0.002288,172.31.36.0-255,66,317974,19,334753
11600,0.002319,172.217.194.0-255,9992,327966,19,334753
11601,0.002326,172.217.194.0-255,4320,332286,19,334753
11602,0.002331,172.31.36.0-255,66,332352,19,334753
11603,0.002333,172.31.36.0-255,66,332418,19,334753
11604,0.002342,172.217.194.0-255,1927,334345,19,334753
11605,0.002344,172.31.36.0-255,66,334411,19,334753
11606,0.002375,172.217.194.0-255,105,334516,19,334753
11607,0.004531,172.31.36.0-255,66,334582,19,334753
11608,0.004565,172.31.36.0-255,105,334687,19,334753
11609,0.007129,172.217.194.0-255,66,334753,19,334753
11610,0.0,172.217.194.0-255,150,150,19,293409
11611,2.3e-05,172.31.36.0-255,66,216,19,293409
11612,3.1e-05,172.217.194.0-255,1484,1700,19,293409
11613,3.6e-05,172.31.36.0-255,66,1766,19,293409
11614,4.2e-05,172.217.194.0-255,2902,4668,19,293409
11615,4.5e-05,172.31.36.0-255,66,4734,19,293409
11616,5.2e-05,172.217.194.0-255,7156,11890,19,293409
11617,5.6e-05,172.31.36.0-255,66,11956,19,293409
11618,6e-05,172.217.194.0-255,2070,14026,19,293409
11619,6.3e-05,172.31.36.0-255,66,14092,19,293409
11620,0.000317,172.217.194.0-255,1484,15576,19,293409
11621,0.000322,172.31.36.0-255,66,15642,19,293409
11622,0.000328,172.217.194.0-255,2902,18544,19,293409
11623,0.000331,172.31.36.0-255,66,18610,19,293409
11624,0.000338,172.217.194.0-255,5738,24348,19,293409
11625,0.00034,172.31.36.0-255,66,24414,19,293409
11626,0.000346,172.217.194.0-255,4320,28734,19,293409
11627,0.000348,172.31.36.0-255,66,28800,19,293409
11628,0.000395,172.217.194.0-255,2543,31343,19,293409
11629,0.000398,172.31.36.0-255,66,31409,19,293409
11630,0.000515,172.217.194.0-255,1484,32893,19,293409
11631,0.000519,172.31.36.0-255,66,32959,19,293409
11632,0.000525,172.217.194.0-255,2902,35861,19,293409
11633,0.000527,172.31.36.0-255,66,35927,19,293409
11634,0.000534,172.217.194.0-255,5738,41665,19,293409
11635,0.000536,172.31.36.0-255,66,41731,19,293409
11636,0.000571,172.217.194.0-255,6797,48528,19,293409
11637,0.000574,172.31.36.0-255,66,48594,19,293409
11638,0.000583,172.217.194.0-255,8574,57168,19,293409
11639,0.000585,172.31.36.0-255,66,57234,19,293409
11640,0.000612,172.217.194.0-255,5738,62972,19,293409
11641,0.000614,172.31.36.0-255,66,63038,19,293409
11642,0.000619,172.217.194.0-255,2850,65888,19,293409
11643,0.000621,172.31.36.0-255,66,65954,19,293409
11644,0.000748,172.217.194.0-255,379,66333,19,293409
11645,0.001031,172.217.194.0-255,1484,67817,19,293409
11646,0.001036,172.31.36.0-255,66,67883,19,293409
11647,0.001041,172.217.194.0-255,2902,70785,19,293409
11648,0.001043,172.31.36.0-255,66,70851,19,293409
11649,0.001046,172.217.194.0-255,1484,72335,19,293409
11650,0.00107,172.217.194.0-255,4320,76655,19,293409
11651,0.001072,172.31.36.0-255,66,76721,19,293409
11652,0.001079,172.217.194.0-255,5738,82459,19,293409
11653,0.001081,172.31.36.0-255,66,82525,19,293409
11654,0.001098,172.217.194.0-255,7156,89681,19,293409
11655,0.001101,172.31.36.0-255,66,89747,19,293409
11656,0.001104,172.217.194.0-255,1484,91231,19,293409
11657,0.001133,172.217.194.0-255,9274,100505,19,293409
11658,0.001135,172.31.36.0-255,66,100571,19,293409
11659,0.001175,172.217.194.0-255,5738,106309,19,293409
11660,0.001177,172.31.36.0-255,66,106375,19,293409
11661,0.001185,172.217.194.0-255,7156,113531,19,293409
11662,0.001187,172.31.36.0-255,66,113597,19,293409
11663,0.00119,172.217.194.0-255,1484,115081,19,293409
11664,0.001236,172.31.36.0-255,66,115147,19,293409
11665,0.001243,172.217.194.0-255,6438,121585,19,293409
11666,0.001245,172.31.36.0-255,66,121651,19,293409
11667,0.001259,172.217.194.0-255,1484,123135,19,293409
11668,0.001263,172.217.194.0-255,2902,126037,19,293409
11669,0.001265,172.31.36.0-255,66,126103,19,293409
11670,0.001283,172.217.194.0-255,5738,131841,19,293409
11671,0.001286,172.31.36.0-255,66,131907,19,293409
11672,0.001318,172.31.36.0-255,66,131973,19,293409
11673,0.001337,172.217.194.0-255,1484,133457,19,293409
11674,0.001348,172.217.194.0-255,9992,143449,19,293409
11675,0.00135,172.31.36.0-255,66,143515,19,293409
11676,0.001353,172.217.194.0-255,766,144281,19,293409
11677,0.001421,172.217.194.0-255,1484,145765,19,293409
11678,0.001425,172.31.36.0-255,66,145831,19,293409
11679,0.001429,172.217.194.0-255,1484,147315,19,293409
11680,0.001443,172.217.194.0-255,1484,148799,19,293409
11681,0.001445,172.31.36.0-255,66,148865,19,293409
11682,0.001462,172.217.194.0-255,5738,154603,19,293409
11683,0.001464,172.31.36.0-255,66,154669,19,293409
11684,0.001474,172.217.194.0-255,9992,164661,19,293409
11685,0.001476,172.31.36.0-255,66,164727,19,293409
11686,0.001514,172.217.194.0-255,2902,167629,19,293409
11687,0.001517,172.31.36.0-255,66,167695,19,293409
11688,0.00154,172.217.194.0-255,10692,178387,19,293409
11689,0.001544,172.31.36.0-255,66,178453,19,293409
11690,0.001779,172.217.194.0-255,1484,179937,19,293409
11691,0.001784,172.217.194.0-255,2902,182839,19,293409
11692,0.001787,172.31.36.0-255,66,182905,19,293409
11693,0.001812,172.217.194.0-255,5738,188643,19,293409
11694,0.001815,172.31.36.0-255,66,188709,19,293409
11695,0.001821,172.217.194.0-255,4320,193029,19,293409
11696,0.001823,172.31.36.0-255,66,193095,19,293409
11697,0.001839,172.217.194.0-255,5738,198833,19,293409
11698,0.001841,172.31.36.0-255,66,198899,19,293409
11699,0.001864,172.217.194.0-255,1484,200383,19,293409
11700,0.001897,172.31.36.0-255,66,200449,19,293409
11701,0.001913,172.217.194.0-255,766,201215,19,293409
11702,0.001923,172.217.194.0-255,8574,209789,19,293409
11703,0.001925,172.31.36.0-255,66,209855,19,293409
11704,0.001951,172.217.194.0-255,5738,215593,19,293409
11705,0.001954,172.31.36.0-255,66,215659,19,293409
11706,0.001972,172.31.36.0-255,66,215725,19,293409
11707,0.002031,172.217.194.0-255,7856,223581,19,293409
11708,0.002039,172.217.194.0-255,8574,232155,19,293409
11709,0.002045,172.217.194.0-255,7156,239311,19,293409
11710,0.002047,172.217.194.0-255,1484,240795,19,293409
11711,0.002052,172.31.36.0-255,66,240861,19,293409
11712,0.002056,172.31.36.0-255,66,240927,19,293409
11713,0.002059,172.31.36.0-255,66,240993,19,293409
11714,0.00209,172.31.36.0-255,66,241059,19,293409
11715,0.002093,172.217.194.0-255,766,241825,19,293409
11716,0.002169,172.217.194.0-255,1484,243309,19,293409
11717,0.002173,172.31.36.0-255,66,243375,19,293409
11718,0.002177,172.217.194.0-255,1484,244859,19,293409
11719,0.002191,172.217.194.0-255,1484,246343,19,293409
11720,0.002193,172.31.36.0-255,66,246409,19,293409
11721,0.002201,172.217.194.0-255,5738,252147,19,293409
11722,0.002203,172.31.36.0-255,66,252213,19,293409
11723,0.002209,172.217.194.0-255,4320,256533,19,293409
11724,0.002212,172.31.36.0-255,66,256599,19,293409
11725,0.002237,172.217.194.0-255,8574,265173,19,293409
11726,0.00224,172.31.36.0-255,66,265239,19,293409
11727,0.00225,172.217.194.0-255,10692,275931,19,293409
11728,0.002253,172.31.36.0-255,66,275997,19,293409
11729,0.004501,172.217.194.0-255,5738,281735,19,293409
11730,0.004509,172.31.36.0-255,66,281801,19,293409
11731,0.006754,172.217.194.0-255,5738,287539,19,293409
11732,0.006771,172.31.36.0-255,66,287605,19,293409
11733,0.009013,172.217.194.0-255,5738,293343,19,293409
11734,0.00902,172.31.36.0-255,66,293409,19,293409
11735,0.0,172.217.194.0-255,153,153,19,303823
11736,3e-05,172.31.36.0-255,66,219,19,303823
11737,3.7e-05,172.217.194.0-255,1484,1703,19,303823
11738,4.2e-05,172.31.36.0-255,66,1769,19,303823
11739,4.7e-05,172.217.194.0-255,2902,4671,19,303823
11740,5e-05,172.31.36.0-255,66,4737,19,303823
11741,5.9e-05,172.217.194.0-255,7156,11893,19,303823
11742,6.1e-05,172.31.36.0-255,66,11959,19,303823
11743,0.000101,172.31.36.0-255,66,12025,19,303823
11744,0.00014,172.217.194.0-255,6797,18822,19,303823
11745,0.000143,172.31.36.0-255,66,18888,19,303823
11746,0.000173,172.217.194.0-255,1484,20372,19,303823
11747,0.000176,172.31.36.0-255,66,20438,19,303823
11748,0.000181,172.217.194.0-255,2902,23340,19,303823
11749,0.000183,172.31.36.0-255,66,23406,19,303823
11750,0.00021,172.217.194.0-255,5738,29144,19,303823
11751,0.000213,172.31.36.0-255,66,29210,19,303823
11752,0.000234,172.217.194.0-255,7156,36366,19,303823
11753,0.000237,172.31.36.0-255,66,36432,19,303823
11754,0.000256,172.217.194.0-255,6797,43229,19,303823
11755,0.000259,172.31.36.0-255,66,43295,19,303823
11756,0.000282,172.217.194.0-255,8574,51869,19,303823
11757,0.000286,172.31.36.0-255,66,51935,19,303823
11758,0.000309,172.217.194.0-255,1418,53353,19,303823
11759,0.000311,172.31.36.0-255,66,53419,19,303823
11760,0.000316,172.217.194.0-255,366,53785,19,303823
11761,0.000318,172.31.36.0-255,66,53851,19,303823
11762,0.000344,172.217.194.0-255,1484,55335,19,303823
11763,0.000348,172.31.36.0-255,66,55401,19,303823
11764,0.000354,172.217.194.0-255,4320,59721,19,303823
11765,0.000357,172.31.36.0-255,66,59787,19,303823
11766,0.000381,172.217.194.0-255,1484,61271,19,303823
11767,0.000401,172.217.194.0-255,8574,69845,19,303823
11768,0.000405,172.31.36.0-255,66,69911,19,303823
11769,0.000414,172.217.194.0-255,8574,78485,19,303823
11770,0.000426,172.31.36.0-255,66,78551,19,303823
11771,0.000432,172.217.194.0-255,4320,82871,19,303823
11772,0.000443,172.31.36.0-255,66,82937,19,303823
11773,0.00045,172.217.194.0-255,5020,87957,19,303823
11774,0.000461,172.31.36.0-255,66,88023,19,303823
11775,0.000613,172.217.194.0-255,1484,89507,19,303823
11776,0.000619,172.217.194.0-255,2902,92409,19,303823
11777,0.000623,172.31.36.0-255,66,92475,19,303823
11778,0.00063,172.217.194.0-255,5738,98213,19,303823
11779,0.00064,172.31.36.0-255,66,98279,19,303823
11780,0.000669,172.31.36.0-255,66,98345,19,303823
11781,0.000686,172.217.194.0-255,1484,99829,19,303823
11782,0.000703,172.217.194.0-255,9274,109103,19,303823
11783,0.00071,172.31.36.0-255,66,109169,19,303823
11784,0.000777,172.217.194.0-255,1484,110653,19,303823
11785,0.00078,172.217.194.0-255,1484,112137,19,303823
11786,0.000786,172.31.36.0-255,66,112203,19,303823
11787,0.000802,172.217.194.0-255,1484,113687,19,303823
11788,0.000808,172.217.194.0-255,5738,119425,19,303823
11789,0.000813,172.217.194.0-255,4320,123745,19,303823
11790,0.000816,172.31.36.0-255,66,123811,19,303823
11791,0.00082,172.31.36.0-255,66,123877,19,303823
11792,0.000831,172.217.194.0-255,8574,132451,19,303823
11793,0.000836,172.31.36.0-255,66,132517,19,303823
11794,0.00086,172.217.194.0-255,10692,143209,19,303823
11795,0.000866,172.31.36.0-255,66,143275,19,303823
11796,0.001121,172.217.194.0-255,1484,144759,19,303823
11797,0.001127,172.217.194.0-255,2902,147661,19,303823
11798,0.00113,172.31.36.0-255,66,147727,19,303823
11799,0.001137,172.217.194.0-255,5738,153465,19,303823
11800,0.00114,172.31.36.0-255,66,153531,19,303823
11801,0.00119,172.31.36.0-255,66,153597,19,303823
11802,0.001208,172.217.194.0-255,10692,164289,19,303823
11803,0.001211,172.31.36.0-255,66,164355,19,303823
11804,0.001244,172.31.36.0-255,66,164421,19,303823
11805,0.001253,172.217.194.0-255,5738,170159,19,303823
11806,0.001261,172.31.36.0-255,66,170225,19,303823
11807,0.001275,172.217.194.0-255,8574,178799,19,303823
11808,0.00128,172.31.36.0-255,66,178865,19,303823
11809,0.001317,172.217.194.0-255,7856,186721,19,303823
11810,0.001327,172.31.36.0-255,66,186787,19,303823
11811,0.00134,172.217.194.0-255,1484,188271,19,303823
11812,0.001343,172.217.194.0-255,1484,189755,19,303823
11813,0.001353,172.217.194.0-255,1484,191239,19,303823
11814,0.001354,172.31.36.0-255,66,191305,19,303823
11815,0.001359,172.217.194.0-255,4320,195625,19,303823
11816,0.00137,172.31.36.0-255,66,195691,19,303823
11817,0.001374,172.217.194.0-255,1484,197175,19,303823
11818,0.001379,172.217.194.0-255,4320,201495,19,303823
11819,0.001385,172.31.36.0-255,66,201561,19,303823
11820,0.001403,172.217.194.0-255,8574,210135,19,303823
11821,0.001408,172.31.36.0-255,66,210201,19,303823
11822,0.001413,172.217.194.0-255,9992,220193,19,303823
11823,0.001424,172.31.36.0-255,66,220259,19,303823
11824,0.001466,172.217.194.0-255,766,221025,19,303823
11825,0.00147,172.217.194.0-255,1484,222509,19,303823
11826,0.001476,172.217.194.0-255,4320,226829,19,303823
11827,0.001478,172.31.36.0-255,66,226895,19,303823
11828,0.001484,172.217.194.0-255,9992,236887,19,303823
11829,0.001483,172.31.36.0-255,66,236953,19,303823
11830,0.001495,172.31.36.0-255,66,237019,19,303823
11831,0.001507,172.217.194.0-255,4320,241339,19,303823
11832,0.001511,172.31.36.0-255,66,241405,19,303823
11833,0.001545,172.31.36.0-255,66,241471,19,303823
11834,0.001556,172.217.194.0-255,5738,247209,19,303823
11835,0.001559,172.31.36.0-255,66,247275,19,303823
11836,0.001585,172.31.36.0-255,66,247341,19,303823
11837,0.001601,172.217.194.0-255,5020,252361,19,303823
11838,0.001605,172.31.36.0-255,66,252427,19,303823
11839,0.001609,172.217.194.0-255,7856,260283,19,303823
11840,0.001618,172.31.36.0-255,66,260349,19,303823
11841,0.001653,172.217.194.0-255,4320,264669,19,303823
11842,0.00166,172.217.194.0-255,5738,270407,19,303823
11843,0.001666,172.31.36.0-255,66,270473,19,303823
11844,0.001673,172.217.194.0-255,4320,274793,19,303823
11845,0.001679,172.31.36.0-255,66,274859,19,303823
11846,0.00169,172.217.194.0-255,7156,282015,19,303823
11847,0.001705,172.31.36.0-255,66,282081,19,303823
11848,0.00171,172.217.194.0-255,9992,292073,19,303823
11849,0.001718,172.31.36.0-255,66,292139,19,303823
11850,0.001726,172.217.194.0-255,2184,294323,19,303823
11851,0.001733,172.31.36.0-255,66,294389,19,303823
11852,0.001749,172.31.36.0-255,66,294455,19,303823
11853,0.001775,172.31.36.0-255,66,294521,19,303823
11854,0.001789,172.217.194.0-255,8696,303217,19,303823
11855,0.001793,172.217.194.0-255,97,303314,19,303823
11856,0.001795,172.217.194.0-255,105,303419,19,303823
11857,0.001799,172.31.36.0-255,66,303485,19,303823
11858,0.001924,172.31.36.0-255,101,303586,19,303823
11859,0.003635,172.31.36.0-255,105,303691,19,303823
11860,0.004181,172.217.194.0-255,66,303757,19,303823
11861,0.005906,172.217.194.0-255,66,303823,19,303823
11862,0.0,74.125.24.0-255,153,153,19,236258
11863,2.7e-05,172.31.36.0-255,66,219,19,236258
11864,3.4e-05,74.125.24.0-255,1484,1703,19,236258
11865,3.9e-05,172.31.36.0-255,66,1769,19,236258
11866,4.4e-05,74.125.24.0-255,2902,4671,19,236258
11867,4.6e-05,172.31.36.0-255,66,4737,19,236258
11868,6.3e-05,74.125.24.0-255,7156,11893,19,236258
11869,6.7e-05,172.31.36.0-255,66,11959,19,236258
11870,7.6e-05,74.125.24.0-255,9992,21951,19,236258
11871,7.9e-05,172.31.36.0-255,66,22017,19,236258
11872,0.000106,74.125.24.0-255,2018,24035,19,236258
11873,0.000109,172.31.36.0-255,66,24101,19,236258
11874,0.000116,74.125.24.0-255,6797,30898,19,236258
11875,0.000119,172.31.36.0-255,66,30964,19,236258
11876,0.000553,74.125.24.0-255,1484,32448,19,236258
11877,0.000558,172.31.36.0-255,66,32514,19,236258
11878,0.000568,74.125.24.0-255,2902,35416,19,236258
11879,0.00057,172.31.36.0-255,66,35482,19,236258
11880,0.000583,74.125.24.0-255,5738,41220,19,236258
11881,0.000585,172.31.36.0-255,66,41286,19,236258
11882,0.000638,74.125.24.0-255,6797,48083,19,236258
11883,0.000642,172.31.36.0-255,66,48149,19,236258
11884,0.000657,172.31.36.0-255,66,48215,19,236258
11885,0.000662,74.125.24.0-255,2868,51083,19,236258
11886,0.000663,172.31.36.0-255,66,51149,19,236258
11887,0.000817,74.125.24.0-255,1484,52633,19,236258
11888,0.000822,172.31.36.0-255,66,52699,19,236258
11889,0.000827,74.125.24.0-255,2902,55601,19,236258
11890,0.00083,172.31.36.0-255,66,55667,19,236258
11891,0.000834,74.125.24.0-255,2902,58569,19,236258
11892,0.000843,172.31.36.0-255,66,58635,19,236258
11893,0.000856,74.125.24.0-255,2902,61537,19,236258
11894,0.000859,172.31.36.0-255,66,61603,19,236258
11895,0.000872,74.125.24.0-255,5738,67341,19,236258
11896,0.000875,172.31.36.0-255,66,67407,19,236258
11897,0.000906,74.125.24.0-255,1125,68532,19,236258
11898,0.001267,74.125.24.0-255,1484,70016,19,236258
11899,0.001275,172.31.36.0-255,66,70082,19,236258
11900,0.001281,74.125.24.0-255,2902,72984,19,236258
11901,0.001285,172.31.36.0-255,66,73050,19,236258
11902,0.001297,74.125.24.0-255,5738,78788,19,236258
11903,0.0013,172.31.36.0-255,66,78854,19,236258
11904,0.001304,74.125.24.0-255,2902,81756,19,236258
11905,0.001306,172.31.36.0-255,66,81822,19,236258
11906,0.001339,74.125.24.0-255,9992,91814,19,236258
11907,0.001345,172.31.36.0-255,66,91880,19,236258
11908,0.001388,74.125.24.0-255,10692,102572,19,236258
11909,0.001391,172.31.36.0-255,66,102638,19,236258
11910,0.001525,74.125.24.0-255,1484,104122,19,236258
11911,0.001546,74.125.24.0-255,2902,107024,19,236258
11912,0.001548,172.31.36.0-255,66,107090,19,236258
11913,0.001554,74.125.24.0-255,5738,112828,19,236258
11914,0.001557,172.31.36.0-255,66,112894,19,236258
11915,0.001567,74.125.24.0-255,4320,117214,19,236258
11916,0.001569,172.31.36.0-255,66,117280,19,236258
11917,0.001573,74.125.24.0-255,2902,120182,19,236258
11918,0.001575,172.31.36.0-255,66,120248,19,236258
11919,0.001607,74.125.24.0-255,8574,128822,19,236258
11920,0.00161,172.31.36.0-255,66,128888,19,236258
11921,0.001613,74.125.24.0-255,1484,130372,19,236258
11922,0.001638,74.125.24.0-255,8574,138946,19,236258
11923,0.00164,172.31.36.0-255,66,139012,19,236258
11924,0.001662,74.125.24.0-255,5020,144032,19,236258
11925,0.001665,172.31.36.0-255,66,144098,19,236258
11926,0.001679,172.31.36.0-255,66,144164,19,236258
11927,0.001688,74.125.24.0-255,10692,154856,19,236258
11928,0.001691,172.31.36.0-255,66,154922,19,236258
11929,0.001773,74.125.24.0-255,1484,156406,19,236258
11930,0.001776,74.125.24.0-255,1484,157890,19,236258
11931,0.001778,172.31.36.0-255,66,157956,19,236258
11932,0.001803,74.125.24.0-255,1484,159440,19,236258
11933,0.001809,74.125.24.0-255,5738,165178,19,236258
11934,0.001811,172.31.36.0-255,66,165244,19,236258
11935,0.001835,74.125.24.0-255,5738,170982,19,236258
11936,0.001838,172.31.36.0-255,66,171048,19,236258
11937,0.001868,74.125.24.0-255,2902,173950,19,236258
11938,0.001871,172.31.36.0-255,66,174016,19,236258
11939,0.001881,74.125.24.0-255,9992,184008,19,236258
11940,0.001885,172.31.36.0-255,66,184074,19,236258
11941,0.00189,74.125.24.0-255,5020,189094,19,236258
11942,0.001892,172.31.36.0-255,66,189160,19,236258
11943,0.001975,74.125.24.0-255,1484,190644,19,236258
11944,0.00198,74.125.24.0-255,2902,193546,19,236258
11945,0.001983,172.31.36.0-255,66,193612,19,236258
11946,0.002032,74.125.24.0-255,2902,196514,19,236258
11947,0.002036,172.31.36.0-255,66,196580,19,236258
11948,0.002068,74.125.24.0-255,2902,199482,19,236258
11949,0.002071,172.31.36.0-255,66,199548,19,236258
11950,0.002081,74.125.24.0-255,9992,209540,19,236258
11951,0.002083,172.31.36.0-255,66,209606,19,236258
11952,0.002113,172.31.36.0-255,66,209672,19,236258
11953,0.002121,74.125.24.0-255,8574,218246,19,236258
11954,0.002123,172.31.36.0-255,66,218312,19,236258
11955,0.002128,74.125.24.0-255,4320,222632,19,236258
11956,0.002131,172.31.36.0-255,66,222698,19,236258
11957,0.002187,172.31.36.0-255,66,222764,19,236258
11958,0.002216,172.31.36.0-255,66,222830,19,236258
11959,0.002256,172.31.36.0-255,66,222896,19,236258
11960,0.002262,74.125.24.0-255,2902,225798,19,236258
11961,0.002264,172.31.36.0-255,66,225864,19,236258
11962,0.002327,172.31.36.0-255,66,225930,19,236258
11963,0.002331,74.125.24.0-255,766,226696,19,236258
11964,0.002356,172.31.36.0-255,66,226762,19,236258
11965,0.002369,172.31.36.0-255,66,226828,19,236258
11966,0.002406,74.125.24.0-255,9022,235850,19,236258
11967,0.002409,74.125.24.0-255,105,235955,19,236258
11968,0.002412,172.31.36.0-255,66,236021,19,236258
11969,0.00481,172.31.36.0-255,66,236087,19,236258
11970,0.004838,172.31.36.0-255,105,236192,19,236258
11971,0.00737,74.125.24.0-255,66,236258,19,236258
11972,0.0,172.217.194.0-255,150,150,19,275173
11973,2.6e-05,172.31.36.0-255,66,216,19,275173
11974,3.4e-05,172.217.194.0-255,1484,1700,19,275173
11975,3.8e-05,172.31.36.0-255,66,1766,19,275173
11976,4.1e-05,172.217.194.0-255,1484,3250,19,275173
11977,4.3e-05,172.31.36.0-255,66,3316,19,275173
11978,5.1e-05,172.217.194.0-255,4320,7636,19,275173
11979,5.4e-05,172.31.36.0-255,66,7702,19,275173
11980,8.8e-05,172.217.194.0-255,6194,13896,19,275173
11981,9.1e-05,172.31.36.0-255,66,13962,19,275173
11982,9.8e-05,172.217.194.0-255,7156,21118,19,275173
11983,0.000101,172.31.36.0-255,66,21184,19,275173
11984,0.000128,172.217.194.0-255,4320,25504,19,275173
11985,0.00013,172.31.36.0-255,66,25570,19,275173
11986,0.000158,172.217.194.0-255,9992,35562,19,275173
11987,0.000161,172.31.36.0-255,66,35628,19,275173
11988,0.000176,172.217.194.0-255,5738,41366,19,275173
11989,0.000178,172.31.36.0-255,66,41432,19,275173
11990,0.000194,172.217.194.0-255,6438,47870,19,275173
11991,0.000197,172.31.36.0-255,66,47936,19,275173
11992,0.000943,172.217.194.0-255,1484,49420,19,275173
11993,0.00095,172.31.36.0-255,66,49486,19,275173
11994,0.000958,172.217.194.0-255,2902,52388,19,275173
11995,0.00096,172.31.36.0-255,66,52454,19,275173
11996,0.000966,172.217.194.0-255,4320,56774,19,275173
11997,0.000968,172.31.36.0-255,66,56840,19,275173
11998,0.000992,172.217.194.0-255,1484,58324,19,275173
11999,0.000994,172.31.36.0-255,66,58390,19,275173
12000,0.001001,172.217.194.0-255,5738,64128,19,275173
12001,0.001003,172.31.36.0-255,66,64194,19,275173
12002,0.001022,172.217.194.0-255,1125,65319,19,275173
12003,0.001025,172.31.36.0-255,66,65385,19,275173
12004,0.00109,172.217.194.0-255,1484,66869,19,275173
12005,0.001097,172.217.194.0-255,2902,69771,19,275173
12006,0.0011,172.31.36.0-255,66,69837,19,275173
12007,0.001123,172.217.194.0-255,5738,75575,19,275173
12008,0.001126,172.31.36.0-255,66,75641,19,275173
12009,0.00113,172.217.194.0-255,2902,78543,19,275173
12010,0.001132,172.31.36.0-255,66,78609,19,275173
12011,0.001149,172.217.194.0-255,3961,82570,19,275173
12012,0.001151,172.31.36.0-255,66,82636,19,275173
12013,0.001199,172.31.36.0-255,66,82702,19,275173
12014,0.001228,172.217.194.0-255,1484,84186,19,275173
12015,0.001252,172.217.194.0-255,3961,88147,19,275173
12016,0.001255,172.31.36.0-255,66,88213,19,275173
12017,0.00151,172.217.194.0-255,1484,89697,19,275173
12018,0.001517,172.217.194.0-255,2902,92599,19,275173
12019,0.001522,172.31.36.0-255,66,92665,19,275173
12020,0.001529,172.217.194.0-255,5738,98403,19,275173
12021,0.001532,172.31.36.0-255,66,98469,19,275173
12022,0.001537,172.217.194.0-255,4320,102789,19,275173
12023,0.00154,172.31.36.0-255,66,102855,19,275173
12024,0.001555,172.217.194.0-255,2902,105757,19,275173
12025,0.001557,172.31.36.0-255,66,105823,19,275173
12026,0.001585,172.217.194.0-255,8574,114397,19,275173
12027,0.001588,172.31.36.0-255,66,114463,19,275173
12028,0.001596,172.217.194.0-255,7856,122319,19,275173
12029,0.001599,172.31.36.0-255,66,122385,19,275173
12030,0.001776,172.217.194.0-255,1484,123869,19,275173
12031,0.001783,172.217.194.0-255,2902,126771,19,275173
12032,0.001787,172.31.36.0-255,66,126837,19,275173
12033,0.001794,172.217.194.0-255,5738,132575,19,275173
12034,0.001797,172.31.36.0-255,66,132641,19,275173
12035,0.001825,172.217.194.0-255,5738,138379,19,275173
12036,0.001829,172.31.36.0-255,66,138445,19,275173
12037,0.001843,172.31.36.0-255,66,138511,19,275173
12038,0.001868,172.217.194.0-255,5020,143531,19,275173
12039,0.00187,172.31.36.0-255,66,143597,19,275173
12040,0.001947,172.217.194.0-255,1484,145081,19,275173
12041,0.001965,172.217.194.0-255,2902,147983,19,275173
12042,0.001969,172.31.36.0-255,66,148049,19,275173
12043,0.001991,172.217.194.0-255,5738,153787,19,275173
12044,0.001993,172.31.36.0-255,66,153853,19,275173
12045,0.002014,172.217.194.0-255,9992,163845,19,275173
12046,0.002017,172.31.36.0-255,66,163911,19,275173
12047,0.002035,172.217.194.0-255,1484,165395,19,275173
12048,0.002068,172.217.194.0-255,4320,169715,19,275173
12049,0.002071,172.31.36.0-255,66,169781,19,275173
12050,0.002096,172.217.194.0-255,7856,177637,19,275173
12051,0.002099,172.31.36.0-255,66,177703,19,275173
12052,0.002277,172.217.194.0-255,1484,179187,19,275173
12053,0.00228,172.217.194.0-255,1484,180671,19,275173
12054,0.002283,172.31.36.0-255,66,180737,19,275173
12055,0.002301,172.217.194.0-255,1484,182221,19,275173
12056,0.002307,172.217.194.0-255,5738,187959,19,275173
12057,0.00231,172.31.36.0-255,66,188025,19,275173
12058,0.002313,172.217.194.0-255,1484,189509,19,275173
12059,0.002333,172.217.194.0-255,5738,195247,19,275173
12060,0.002336,172.31.36.0-255,66,195313,19,275173
12061,0.002343,172.217.194.0-255,5738,201051,19,275173
12062,0.002346,172.31.36.0-255,66,201117,19,275173
12063,0.002364,172.217.194.0-255,8574,209691,19,275173
12064,0.002367,172.31.36.0-255,66,209757,19,275173
12065,0.002372,172.217.194.0-255,3602,213359,19,275173
12066,0.002418,172.217.194.0-255,4320,217679,19,275173
12067,0.002465,172.217.194.0-255,4320,221999,19,275173
12068,0.002484,172.217.194.0-255,9274,231273,19,275173
12069,0.00254,172.217.194.0-255,7156,238429,19,275173
12070,0.002548,172.217.194.0-255,8574,247003,19,275173
12071,0.002551,172.217.194.0-255,1484,248487,19,275173
12072,0.002568,172.217.194.0-255,7156,255643,19,275173
12073,0.002592,172.217.194.0-255,8574,264217,19,275173
12074,0.002595,172.217.194.0-255,766,264983,19,275173
12075,0.00263,172.217.194.0-255,4320,269303,19,275173
12076,0.006091,172.31.36.0-255,66,269369,19,275173
12077,0.0087,172.217.194.0-255,5738,275107,19,275173
12078,0.008713,172.31.36.0-255,66,275173,19,275173
12079,0.0,172.31.36.0-255,66,66,19,66
12080,0.0,172.217.194.0-255,153,153,19,193086
12081,2.6e-05,172.31.36.0-255,66,219,19,193086
12082,3.3e-05,172.217.194.0-255,1484,1703,19,193086
12083,3.7e-05,172.31.36.0-255,66,1769,19,193086
12084,4e-05,172.217.194.0-255,1484,3253,19,193086
12085,4.2e-05,172.31.36.0-255,66,3319,19,193086
12086,6.3e-05,172.217.194.0-255,1484,4803,19,193086
12087,6.5e-05,172.31.36.0-255,66,4869,19,193086
12088,6.9e-05,172.217.194.0-255,1484,6353,19,193086
12089,7e-05,172.31.36.0-255,66,6419,19,193086
12090,8.9e-05,172.217.194.0-255,2902,9321,19,193086
12091,9.2e-05,172.31.36.0-255,66,9387,19,193086
12092,0.000101,172.217.194.0-255,9137,18524,19,193086
12093,0.000103,172.31.36.0-255,66,18590,19,193086
12094,0.000111,172.217.194.0-255,8574,27164,19,193086
12095,0.000113,172.31.36.0-255,66,27230,19,193086
12096,0.000136,172.217.194.0-255,3961,31191,19,193086
12097,0.000139,172.31.36.0-255,66,31257,19,193086
12098,0.000168,172.217.194.0-255,4320,35577,19,193086
12099,0.000172,172.31.36.0-255,66,35643,19,193086
12100,0.000198,172.217.194.0-255,9992,45635,19,193086
12101,0.000201,172.31.36.0-255,66,45701,19,193086
12102,0.000206,172.217.194.0-255,3961,49662,19,193086
12103,0.000208,172.31.36.0-255,66,49728,19,193086
12104,0.000246,172.31.36.0-255,66,49794,19,193086
12105,0.000249,172.217.194.0-255,98,49892,19,193086
12106,0.000251,172.31.36.0-255,66,49958,19,193086
12107,0.000264,172.217.194.0-255,364,50322,19,193086
12108,0.000266,172.31.36.0-255,66,50388,19,193086
12109,0.000415,172.217.194.0-255,1484,51872,19,193086
12110,0.00042,172.31.36.0-255,66,51938,19,193086
12111,0.000435,172.217.194.0-255,2902,54840,19,193086
12112,0.000438,172.31.36.0-255,66,54906,19,193086
12113,0.000445,172.217.194.0-255,5738,60644,19,193086
12114,0.000447,172.31.36.0-255,66,60710,19,193086
12115,0.000451,172.217.194.0-255,2902,63612,19,193086
12116,0.000453,172.31.36.0-255,66,63678,19,193086
12117,0.000474,172.217.194.0-255,2902,66580,19,193086
12118,0.000477,172.31.36.0-255,66,66646,19,193086
12119,0.00048,172.217.194.0-255,1484,68130,19,193086
12120,0.000509,172.31.36.0-255,66,68196,19,193086
12121,0.000512,172.217.194.0-255,766,68962,19,193086
12122,0.000946,172.217.194.0-255,1484,70446,19,193086
12123,0.000951,172.31.36.0-255,66,70512,19,193086
12124,0.000957,172.217.194.0-255,2902,73414,19,193086
12125,0.000959,172.31.36.0-255,66,73480,19,193086
12126,0.000965,172.217.194.0-255,5738,79218,19,193086
12127,0.000967,172.31.36.0-255,66,79284,19,193086
12128,0.00097,172.217.194.0-255,1484,80768,19,193086
12129,0.000997,172.217.194.0-255,5738,86506,19,193086
12130,0.001,172.31.36.0-255,66,86572,19,193086
12131,0.001013,172.31.36.0-255,66,86638,19,193086
12132,0.001064,172.217.194.0-255,2184,88822,19,193086
12133,0.001068,172.31.36.0-255,66,88888,19,193086
12134,0.001306,172.217.194.0-255,1484,90372,19,193086
12135,0.001322,172.217.194.0-255,2902,93274,19,193086
12136,0.001326,172.31.36.0-255,66,93340,19,193086
12137,0.001332,172.217.194.0-255,5738,99078,19,193086
12138,0.001335,172.31.36.0-255,66,99144,19,193086
12139,0.001374,172.31.36.0-255,66,99210,19,193086
12140,0.001403,172.217.194.0-255,10692,109902,19,193086
12141,0.001406,172.31.36.0-255,66,109968,19,193086
12142,0.001954,172.217.194.0-255,1484,111452,19,193086
12143,0.001965,172.217.194.0-255,2902,114354,19,193086
12144,0.001969,172.31.36.0-255,66,114420,19,193086
12145,0.001975,172.217.194.0-255,4320,118740,19,193086
12146,0.001977,172.31.36.0-255,66,118806,19,193086
12147,0.001993,172.217.194.0-255,1484,120290,19,193086
12148,0.001998,172.217.194.0-255,2902,123192,19,193086
12149,0.002001,172.31.36.0-255,66,123258,19,193086
12150,0.002034,172.217.194.0-255,9992,133250,19,193086
12151,0.002037,172.31.36.0-255,66,133316,19,193086
12152,0.002047,172.217.194.0-255,10692,144008,19,193086
12153,0.002049,172.31.36.0-255,66,144074,19,193086
12154,0.002099,172.217.194.0-255,1484,145558,19,193086
12155,0.002105,172.217.194.0-255,2902,148460,19,193086
12156,0.002108,172.31.36.0-255,66,148526,19,193086
12157,0.002134,172.217.194.0-255,5738,154264,19,193086
12158,0.002138,172.31.36.0-255,66,154330,19,193086
12159,0.002147,172.217.194.0-255,9992,164322,19,193086
12160,0.002149,172.31.36.0-255,66,164388,19,193086
12161,0.002166,172.217.194.0-255,2902,167290,19,193086
12162,0.002169,172.31.36.0-255,66,167356,19,193086
12163,0.002174,172.217.194.0-255,4320,171676,19,193086
12164,0.002176,172.31.36.0-255,66,171742,19,193086
12165,0.002202,172.217.194.0-255,6438,178180,19,193086
12166,0.002205,172.31.36.0-255,66,178246,19,193086
12167,0.004798,172.217.194.0-255,2902,181148,19,193086
12168,0.004804,172.31.36.0-255,66,181214,19,193086
12169,0.004825,172.217.194.0-255,2902,184116,19,193086
12170,0.004827,172.31.36.0-255,66,184182,19,193086
12171,0.007358,172.217.194.0-255,2902,187084,19,193086
12172,0.007364,172.31.36.0-255,66,187150,19,193086
12173,0.007427,172.217.194.0-255,2902,190052,19,193086
12174,0.007432,172.31.36.0-255,66,190118,19,193086
12175,0.009959,172.217.194.0-255,2902,193020,19,193086
12176,0.009973,172.31.36.0-255,66,193086,19,193086
12177,0.0,172.217.26.0-255,152,152,19,112749
12178,1.4e-05,172.31.36.0-255,66,218,19,112749
12179,2.2e-05,172.217.26.0-255,1484,1702,19,112749
12180,2.6e-05,172.31.36.0-255,66,1768,19,112749
12181,3.2e-05,172.217.26.0-255,2902,4670,19,112749
12182,3.5e-05,172.31.36.0-255,66,4736,19,112749
12183,4.3e-05,172.217.26.0-255,7156,11892,19,112749
12184,4.6e-05,172.31.36.0-255,66,11958,19,112749
12185,5e-05,172.217.26.0-255,2073,14031,19,112749
12186,5.2e-05,172.31.36.0-255,66,14097,19,112749
12187,9.9e-05,172.217.26.0-255,2902,16999,19,112749
12188,0.000102,172.31.36.0-255,66,17065,19,112749
12189,0.000105,172.217.26.0-255,1484,18549,19,112749
12190,0.000107,172.31.36.0-255,66,18615,19,112749
12191,0.000123,172.217.26.0-255,2902,21517,19,112749
12192,0.000125,172.31.36.0-255,66,21583,19,112749
12193,0.000139,172.217.26.0-255,2902,24485,19,112749
12194,0.000142,172.31.36.0-255,66,24551,19,112749
12195,0.000165,172.217.26.0-255,5738,30289,19,112749
12196,0.000168,172.31.36.0-255,66,30355,19,112749
12197,0.000171,172.217.26.0-255,1125,31480,19,112749
12198,0.000173,172.31.36.0-255,66,31546,19,112749
12199,0.000522,172.217.26.0-255,1484,33030,19,112749
12200,0.000528,172.31.36.0-255,66,33096,19,112749
12201,0.000534,172.217.26.0-255,2902,35998,19,112749
12202,0.000536,172.31.36.0-255,66,36064,19,112749
12203,0.000543,172.217.26.0-255,5738,41802,19,112749
12204,0.000545,172.31.36.0-255,66,41868,19,112749
12205,0.000552,172.217.26.0-255,4320,46188,19,112749
12206,0.000554,172.31.36.0-255,66,46254,19,112749
12207,0.00058,172.217.26.0-255,1484,47738,19,112749
12208,0.000583,172.31.36.0-255,66,47804,19,112749
12209,0.000591,172.217.26.0-255,6797,54601,19,112749
12210,0.000593,172.31.36.0-255,66,54667,19,112749
12211,0.000618,172.31.36.0-255,66,54733,19,112749
12212,0.000635,172.217.26.0-255,361,55094,19,112749
12213,0.00101,172.31.36.0-255,66,55160,19,112749
12214,0.001458,172.217.26.0-255,135,55295,19,112749
12215,0.001596,172.217.26.0-255,1484,56779,19,112749
12216,0.001603,172.31.36.0-255,66,56845,19,112749
12217,0.001611,172.217.26.0-255,2902,59747,19,112749
12218,0.001613,172.31.36.0-255,66,59813,19,112749
12219,0.001619,172.217.26.0-255,4320,64133,19,112749
12220,0.001622,172.31.36.0-255,66,64199,19,112749
12221,0.001688,172.217.26.0-255,8215,72414,19,112749
12222,0.001691,172.31.36.0-255,66,72480,19,112749
12223,0.001696,172.217.26.0-255,2902,75382,19,112749
12224,0.001698,172.31.36.0-255,66,75448,19,112749
12225,0.001718,172.217.26.0-255,5738,81186,19,112749
12226,0.00172,172.31.36.0-255,66,81252,19,112749
12227,0.001729,172.217.26.0-255,8215,89467,19,112749
12228,0.001731,172.31.36.0-255,66,89533,19,112749
12229,0.003735,172.217.26.0-255,5738,95271,19,112749
12230,0.003742,172.31.36.0-255,66,95337,19,112749
12231,0.005713,172.217.26.0-255,5738,101075,19,112749
12232,0.005719,172.31.36.0-255,66,101141,19,112749
12233,0.007697,172.217.26.0-255,5738,106879,19,112749
12234,0.007704,172.31.36.0-255,66,106945,19,112749
12235,0.00969,172.217.26.0-255,5738,112683,19,112749
12236,0.009702,172.31.36.0-255,66,112749,19,112749
12237,0.0,172.31.36.0-255,105,105,19,276
12238,0.001794,157.240.13.0-255,105,210,19,276
12239,0.001812,172.31.36.0-255,66,276,19,276
12240,0.0,172.217.194.0-255,153,153,19,153948
12241,2e-05,172.31.36.0-255,66,219,19,153948
12242,2.7e-05,172.217.194.0-255,1484,1703,19,153948
12243,3.1e-05,172.31.36.0-255,66,1769,19,153948
12244,3.7e-05,172.217.194.0-255,2902,4671,19,153948
12245,4e-05,172.31.36.0-255,66,4737,19,153948
12246,4.8e-05,172.217.194.0-255,7156,11893,19,153948
12247,5.1e-05,172.31.36.0-255,66,11959,19,153948
12248,9.4e-05,172.31.36.0-255,66,12025,19,153948
12249,0.00012,172.217.194.0-255,2902,14927,19,153948
12250,0.000122,172.31.36.0-255,66,14993,19,153948
12251,0.000142,172.217.194.0-255,2543,17536,19,153948
12252,0.000144,172.31.36.0-255,66,17602,19,153948
12253,0.000267,172.217.194.0-255,1484,19086,19,153948
12254,0.000272,172.31.36.0-255,66,19152,19,153948
12255,0.000277,172.217.194.0-255,2902,22054,19,153948
12256,0.00028,172.31.36.0-255,66,22120,19,153948
12257,0.000286,172.217.194.0-255,5738,27858,19,153948
12258,0.000289,172.31.36.0-255,66,27924,19,153948
12259,0.000297,172.217.194.0-255,8574,36498,19,153948
12260,0.0003,172.31.36.0-255,66,36564,19,153948
12261,0.000326,172.217.194.0-255,4320,40884,19,153948
12262,0.000329,172.31.36.0-255,66,40950,19,153948
12263,0.000353,172.217.194.0-255,10692,51642,19,153948
12264,0.000356,172.31.36.0-255,66,51708,19,153948
12265,0.00116,172.217.194.0-255,645,52353,19,153948
12266,0.001167,172.31.36.0-255,66,52419,19,153948
12267,0.001491,172.217.194.0-255,1484,53903,19,153948
12268,0.001498,172.31.36.0-255,66,53969,19,153948
12269,0.001503,172.217.194.0-255,1484,55453,19,153948
12270,0.001506,172.31.36.0-255,66,55519,19,153948
12271,0.001518,172.217.194.0-255,1484,57003,19,153948
12272,0.001527,172.217.194.0-255,5738,62741,19,153948
12273,0.001529,172.31.36.0-255,66,62807,19,153948
12274,0.001536,172.217.194.0-255,5738,68545,19,153948
12275,0.001538,172.31.36.0-255,66,68611,19,153948
12276,0.00156,172.217.194.0-255,4320,72931,19,153948
12277,0.001562,172.31.36.0-255,66,72997,19,153948
12278,0.001601,172.217.194.0-255,4320,77317,19,153948
12279,0.001604,172.31.36.0-255,66,77383,19,153948
12280,0.00163,172.217.194.0-255,9274,86657,19,153948
12281,0.001633,172.31.36.0-255,66,86723,19,153948
12282,0.001919,172.217.194.0-255,1484,88207,19,153948
12283,0.001926,172.217.194.0-255,2902,91109,19,153948
12284,0.00193,172.31.36.0-255,66,91175,19,153948
12285,0.001937,172.217.194.0-255,5738,96913,19,153948
12286,0.001939,172.31.36.0-255,66,96979,19,153948
12287,0.001965,172.31.36.0-255,66,97045,19,153948
12288,0.001969,172.217.194.0-255,1484,98529,19,153948
12289,0.002009,172.217.194.0-255,2902,101431,19,153948
12290,0.002012,172.31.36.0-255,66,101497,19,153948
12291,0.002034,172.217.194.0-255,6438,107935,19,153948
12292,0.002037,172.31.36.0-255,66,108001,19,153948
12293,0.002319,172.217.194.0-255,1484,109485,19,153948
12294,0.002324,172.217.194.0-255,2902,112387,19,153948
12295,0.002326,172.31.36.0-255,66,112453,19,153948
12296,0.002331,172.217.194.0-255,2902,115355,19,153948
12297,0.002333,172.31.36.0-255,66,115421,19,153948
12298,0.002351,172.217.194.0-255,2902,118323,19,153948
12299,0.002353,172.31.36.0-255,66,118389,19,153948
12300,0.002358,172.217.194.0-255,2902,121291,19,153948
12301,0.00236,172.31.36.0-255,66,121357,19,153948
12302,0.00239,172.217.194.0-255,9992,131349,19,153948
12303,0.002393,172.31.36.0-255,66,131415,19,153948
12304,0.002403,172.217.194.0-255,10692,142107,19,153948
12305,0.002406,172.31.36.0-255,66,142173,19,153948
12306,0.004962,172.217.194.0-255,5738,147911,19,153948
12307,0.004966,172.31.36.0-255,66,147977,19,153948
12308,0.006289,172.31.36.0-255,101,148078,19,153948
12309,0.007507,172.217.194.0-255,5738,153816,19,153948
12310,0.007513,172.31.36.0-255,66,153882,19,153948
12311,0.008804,172.217.194.0-255,66,153948,19,153948
12312,0.0,74.125.24.0-255,156,156,19,174608
12313,1.4e-05,172.31.36.0-255,66,222,19,174608
12314,2.2e-05,74.125.24.0-255,1484,1706,19,174608
12315,2.6e-05,172.31.36.0-255,66,1772,19,174608
12316,3.2e-05,74.125.24.0-255,2902,4674,19,174608
12317,3.6e-05,172.31.36.0-255,66,4740,19,174608
12318,4.2e-05,74.125.24.0-255,5738,10478,19,174608
12319,4.5e-05,172.31.36.0-255,66,10544,19,174608
12320,7.2e-05,74.125.24.0-255,3437,13981,19,174608
12321,7.5e-05,172.31.36.0-255,66,14047,19,174608
12322,0.000135,74.125.24.0-255,1484,15531,19,174608
12323,0.000141,172.31.36.0-255,66,15597,19,174608
12324,0.000149,74.125.24.0-255,1484,17081,19,174608
12325,0.000151,172.31.36.0-255,66,17147,19,174608
12326,0.000163,74.125.24.0-255,1484,18631,19,174608
12327,0.000165,172.31.36.0-255,66,18697,19,174608
12328,0.000171,74.125.24.0-255,5738,24435,19,174608
12329,0.000174,172.31.36.0-255,66,24501,19,174608
12330,0.000203,74.125.24.0-255,6797,31298,19,174608
12331,0.000206,172.31.36.0-255,66,31364,19,174608
12332,0.000318,74.125.24.0-255,1484,32848,19,174608
12333,0.000323,172.31.36.0-255,66,32914,19,174608
12334,0.000328,74.125.24.0-255,2902,35816,19,174608
12335,0.00033,172.31.36.0-255,66,35882,19,174608
12336,0.000355,74.125.24.0-255,5738,41620,19,174608
12337,0.000359,172.31.36.0-255,66,41686,19,174608
12338,0.000394,74.125.24.0-255,7156,48842,19,174608
12339,0.000398,172.31.36.0-255,66,48908,19,174608
12340,0.000429,74.125.24.0-255,6797,55705,19,174608
12341,0.000432,172.31.36.0-255,66,55771,19,174608
12342,0.000441,74.125.24.0-255,9940,65711,19,174608
12343,0.000444,172.31.36.0-255,66,65777,19,174608
12344,0.000447,74.125.24.0-255,115,65892,19,174608
12345,0.000479,74.125.24.0-255,330,66222,19,174608
12346,0.000962,74.125.24.0-255,1484,67706,19,174608
12347,0.000968,172.31.36.0-255,66,67772,19,174608
12348,0.000975,74.125.24.0-255,2902,70674,19,174608
12349,0.000977,172.31.36.0-255,66,70740,19,174608
12350,0.00098,74.125.24.0-255,1484,72224,19,174608
12351,0.001003,74.125.24.0-255,5738,77962,19,174608
12352,0.001007,172.31.36.0-255,66,78028,19,174608
12353,0.001038,172.31.36.0-255,66,78094,19,174608
12354,0.001061,74.125.24.0-255,1484,79578,19,174608
12355,0.00107,74.125.24.0-255,9274,88852,19,174608
12356,0.001074,172.31.36.0-255,66,88918,19,174608
12357,0.001231,74.125.24.0-255,1484,90402,19,174608
12358,0.001237,74.125.24.0-255,2902,93304,19,174608
12359,0.001241,172.31.36.0-255,66,93370,19,174608
12360,0.001265,74.125.24.0-255,5738,99108,19,174608
12361,0.001268,172.31.36.0-255,66,99174,19,174608
12362,0.001294,74.125.24.0-255,9992,109166,19,174608
12363,0.001296,172.31.36.0-255,66,109232,19,174608
12364,0.001321,74.125.24.0-255,2902,112134,19,174608
12365,0.001324,172.31.36.0-255,66,112200,19,174608
12366,0.001331,74.125.24.0-255,8574,120774,19,174608
12367,0.001334,172.31.36.0-255,66,120840,19,174608
12368,0.001337,74.125.24.0-255,2184,123024,19,174608
12369,0.00134,172.31.36.0-255,66,123090,19,174608
12370,0.001884,74.125.24.0-255,1484,124574,19,174608
12371,0.001888,74.125.24.0-255,1484,126058,19,174608
12372,0.001891,172.31.36.0-255,66,126124,19,174608
12373,0.001914,74.125.24.0-255,1484,127608,19,174608
12374,0.001919,74.125.24.0-255,5738,133346,19,174608
12375,0.001921,172.31.36.0-255,66,133412,19,174608
12376,0.001925,74.125.24.0-255,2902,136314,19,174608
12377,0.001927,172.31.36.0-255,66,136380,19,174608
12378,0.001949,74.125.24.0-255,9992,146372,19,174608
12379,0.001951,172.31.36.0-255,66,146438,19,174608
12380,0.001961,74.125.24.0-255,10692,157130,19,174608
12381,0.001963,172.31.36.0-255,66,157196,19,174608
12382,0.004278,74.125.24.0-255,5738,162934,19,174608
12383,0.004283,172.31.36.0-255,66,163000,19,174608
12384,0.006592,74.125.24.0-255,5738,168738,19,174608
12385,0.006598,172.31.36.0-255,66,168804,19,174608
12386,0.008915,74.125.24.0-255,5738,174542,19,174608
12387,0.008923,172.31.36.0-255,66,174608,19,174608
12388,0.0,172.217.194.0-255,153,153,19,213938
12389,4e-05,172.31.36.0-255,66,219,19,213938
12390,4.6e-05,172.217.194.0-255,1484,1703,19,213938
12391,5e-05,172.31.36.0-255,66,1769,19,213938
12392,5.5e-05,172.217.194.0-255,2902,4671,19,213938
12393,5.7e-05,172.31.36.0-255,66,4737,19,213938
12394,6.2e-05,172.217.194.0-255,5738,10475,19,213938
12395,6.4e-05,172.31.36.0-255,66,10541,19,213938
12396,9.4e-05,172.217.194.0-255,8574,19115,19,213938
12397,9.7e-05,172.31.36.0-255,66,19181,19,213938
12398,0.000116,172.217.194.0-255,4812,23993,19,213938
12399,0.000119,172.31.36.0-255,66,24059,19,213938
12400,0.000142,172.217.194.0-255,4320,28379,19,213938
12401,0.000145,172.31.36.0-255,66,28445,19,213938
12402,0.000161,172.217.194.0-255,2543,30988,19,213938
12403,0.000163,172.31.36.0-255,66,31054,19,213938
12404,0.000367,172.217.194.0-255,1484,32538,19,213938
12405,0.000373,172.31.36.0-255,66,32604,19,213938
12406,0.0004,172.217.194.0-255,2902,35506,19,213938
12407,0.000404,172.31.36.0-255,66,35572,19,213938
12408,0.000434,172.217.194.0-255,4320,39892,19,213938
12409,0.000438,172.31.36.0-255,66,39958,19,213938
12410,0.000468,172.217.194.0-255,5738,45696,19,213938
12411,0.000471,172.31.36.0-255,66,45762,19,213938
12412,0.000492,172.217.194.0-255,8574,54336,19,213938
12413,0.000495,172.31.36.0-255,66,54402,19,213938
12414,0.000514,172.217.194.0-255,1484,55886,19,213938
12415,0.000517,172.31.36.0-255,66,55952,19,213938
12416,0.000531,172.217.194.0-255,1484,57436,19,213938
12417,0.000533,172.31.36.0-255,66,57502,19,213938
12418,0.000565,172.217.194.0-255,7856,65358,19,213938
12419,0.000569,172.31.36.0-255,66,65424,19,213938
12420,0.001003,172.217.194.0-255,646,66070,19,213938
12421,0.001044,172.217.194.0-255,1484,67554,19,213938
12422,0.001049,172.31.36.0-255,66,67620,19,213938
12423,0.001055,172.217.194.0-255,2902,70522,19,213938
12424,0.001057,172.31.36.0-255,66,70588,19,213938
12425,0.001079,172.217.194.0-255,1484,72072,19,213938
12426,0.001088,172.217.194.0-255,7156,79228,19,213938
12427,0.00109,172.31.36.0-255,66,79294,19,213938
12428,0.001107,172.217.194.0-255,2902,82196,19,213938
12429,0.001109,172.31.36.0-255,66,82262,19,213938
12430,0.001113,172.217.194.0-255,2902,85164,19,213938
12431,0.001115,172.31.36.0-255,66,85230,19,213938
12432,0.001153,172.217.194.0-255,2902,88132,19,213938
12433,0.001155,172.31.36.0-255,66,88198,19,213938
12434,0.001186,172.31.36.0-255,66,88264,19,213938
12435,0.001189,172.217.194.0-255,766,89030,19,213938
12436,0.00127,172.217.194.0-255,1484,90514,19,213938
12437,0.001275,172.31.36.0-255,66,90580,19,213938
12438,0.001281,172.217.194.0-255,2902,93482,19,213938
12439,0.001284,172.31.36.0-255,66,93548,19,213938
12440,0.001301,172.217.194.0-255,2902,96450,19,213938
12441,0.001303,172.31.36.0-255,66,96516,19,213938
12442,0.001328,172.217.194.0-255,2902,99418,19,213938
12443,0.001331,172.31.36.0-255,66,99484,19,213938
12444,0.001334,172.217.194.0-255,2902,102386,19,213938
12445,0.001336,172.31.36.0-255,66,102452,19,213938
12446,0.001341,172.217.194.0-255,2902,105354,19,213938
12447,0.001344,172.31.36.0-255,66,105420,19,213938
12448,0.001376,172.217.194.0-255,7156,112576,19,213938
12449,0.001381,172.31.36.0-255,66,112642,19,213938
12450,0.001392,172.217.194.0-255,10692,123334,19,213938
12451,0.001394,172.31.36.0-255,66,123400,19,213938
12452,0.001557,172.217.194.0-255,1484,124884,19,213938
12453,0.001573,172.217.194.0-255,2902,127786,19,213938
12454,0.001576,172.31.36.0-255,66,127852,19,213938
12455,0.001627,172.217.194.0-255,4320,132172,19,213938
12456,0.001629,172.31.36.0-255,66,132238,19,213938
12457,0.00166,172.217.194.0-255,4320,136558,19,213938
12458,0.001663,172.31.36.0-255,66,136624,19,213938
12459,0.001679,172.217.194.0-255,4320,140944,19,213938
12460,0.001682,172.31.36.0-255,66,141010,19,213938
12461,0.001686,172.217.194.0-255,4320,145330,19,213938
12462,0.001689,172.31.36.0-255,66,145396,19,213938
12463,0.001727,172.31.36.0-255,66,145462,19,213938
12464,0.001733,172.217.194.0-255,7156,152618,19,213938
12465,0.001736,172.31.36.0-255,66,152684,19,213938
12466,0.001768,172.31.36.0-255,66,152750,19,213938
12467,0.001835,172.217.194.0-255,7856,160606,19,213938
12468,0.001838,172.31.36.0-255,66,160672,19,213938
12469,0.001906,172.217.194.0-255,1484,162156,19,213938
12470,0.00191,172.217.194.0-255,2902,165058,19,213938
12471,0.001912,172.31.36.0-255,66,165124,19,213938
12472,0.001935,172.217.194.0-255,5738,170862,19,213938
12473,0.001938,172.31.36.0-255,66,170928,19,213938
12474,0.001982,172.31.36.0-255,66,170994,19,213938
12475,0.00199,172.217.194.0-255,8574,179568,19,213938
12476,0.001992,172.31.36.0-255,66,179634,19,213938
12477,0.002018,172.217.194.0-255,2184,181818,19,213938
12478,0.00202,172.31.36.0-255,66,181884,19,213938
12479,0.002517,172.217.194.0-255,1484,183368,19,213938
12480,0.002532,172.217.194.0-255,2902,186270,19,213938
12481,0.002535,172.31.36.0-255,66,186336,19,213938
12482,0.002539,172.217.194.0-255,2902,189238,19,213938
12483,0.002541,172.31.36.0-255,66,189304,19,213938
12484,0.002557,172.217.194.0-255,2902,192206,19,213938
12485,0.002559,172.31.36.0-255,66,192272,19,213938
12486,0.002597,172.217.194.0-255,9992,202264,19,213938
12487,0.0026,172.31.36.0-255,66,202330,19,213938
12488,0.005128,172.217.194.0-255,5738,208068,19,213938
12489,0.005134,172.31.36.0-255,66,208134,19,213938
12490,0.007665,172.217.194.0-255,5738,213872,19,213938
12491,0.007674,172.31.36.0-255,66,213938,19,213938
12492,0.0,172.217.194.0-255,298,298,19,258563
12493,2.4e-05,172.31.36.0-255,66,364,19,258563
12494,3e-05,172.217.194.0-255,1484,1848,19,258563
12495,3.4e-05,172.31.36.0-255,66,1914,19,258563
12496,3.9e-05,172.217.194.0-255,4320,6234,19,258563
12497,5e-05,172.31.36.0-255,66,6300,19,258563
12498,5.4e-05,172.217.194.0-255,4320,10620,19,258563
12499,5.6e-05,172.31.36.0-255,66,10686,19,258563
12500,9.4e-05,172.217.194.0-255,4651,15337,19,258563
12501,9.8e-05,172.31.36.0-255,66,15403,19,258563
12502,0.000103,172.217.194.0-255,2902,18305,19,258563
12503,0.000105,172.31.36.0-255,66,18371,19,258563
12504,0.000127,172.217.194.0-255,8574,26945,19,258563
12505,0.000135,172.31.36.0-255,66,27011,19,258563
12506,0.000164,172.217.194.0-255,3961,30972,19,258563
12507,0.000167,172.31.36.0-255,66,31038,19,258563
12508,0.000173,172.217.194.0-255,2902,33940,19,258563
12509,0.000176,172.31.36.0-255,66,34006,19,258563
12510,0.000209,172.217.194.0-255,8574,42580,19,258563
12511,0.000213,172.31.36.0-255,66,42646,19,258563
12512,0.000219,172.217.194.0-255,5379,48025,19,258563
12513,0.000222,172.31.36.0-255,66,48091,19,258563
12514,0.000411,172.217.194.0-255,1484,49575,19,258563
12515,0.000416,172.31.36.0-255,66,49641,19,258563
12516,0.000422,172.217.194.0-255,2902,52543,19,258563
12517,0.000425,172.31.36.0-255,66,52609,19,258563
12518,0.000452,172.217.194.0-255,5738,58347,19,258563
12519,0.000456,172.31.36.0-255,66,58413,19,258563
12520,0.000479,172.217.194.0-255,6797,65210,19,258563
12521,0.000482,172.31.36.0-255,66,65276,19,258563
12522,0.000511,172.217.194.0-255,7737,73013,19,258563
12523,0.000516,172.31.36.0-255,66,73079,19,258563
12524,0.000522,172.217.194.0-255,4320,77399,19,258563
12525,0.000525,172.31.36.0-255,66,77465,19,258563
12526,0.000548,172.217.194.0-255,1484,78949,19,258563
12527,0.000561,172.217.194.0-255,6797,85746,19,258563
12528,0.000565,172.31.36.0-255,66,85812,19,258563
12529,0.000569,172.217.194.0-255,1484,87296,19,258563
12530,0.00059,172.217.194.0-255,7156,94452,19,258563
12531,0.000594,172.31.36.0-255,66,94518,19,258563
12532,0.000622,172.217.194.0-255,5379,99897,19,258563
12533,0.000625,172.31.36.0-255,66,99963,19,258563
12534,0.001112,172.217.194.0-255,1484,101447,19,258563
12535,0.001121,172.217.194.0-255,2902,104349,19,258563
12536,0.001126,172.31.36.0-255,66,104415,19,258563
12537,0.001133,172.217.194.0-255,5738,110153,19,258563
12538,0.001135,172.31.36.0-255,66,110219,19,258563
12539,0.001185,172.31.36.0-255,66,110285,19,258563
12540,0.001225,172.217.194.0-255,10692,120977,19,258563
12541,0.001229,172.31.36.0-255,66,121043,19,258563
12542,0.001294,172.31.36.0-255,66,121109,19,258563
12543,0.001301,172.217.194.0-255,7156,128265,19,258563
12544,0.001304,172.31.36.0-255,66,128331,19,258563
12545,0.001318,172.217.194.0-255,8574,136905,19,258563
12546,0.00132,172.31.36.0-255,66,136971,19,258563
12547,0.001326,172.217.194.0-255,6438,143409,19,258563
12548,0.001328,172.31.36.0-255,66,143475,19,258563
12549,0.001736,172.217.194.0-255,1484,144959,19,258563
12550,0.001744,172.217.194.0-255,2902,147861,19,258563
12551,0.001749,172.31.36.0-255,66,147927,19,258563
12552,0.001755,172.217.194.0-255,4320,152247,19,258563
12553,0.001757,172.31.36.0-255,66,152313,19,258563
12554,0.001788,172.217.194.0-255,5738,158051,19,258563
12555,0.001791,172.31.36.0-255,66,158117,19,258563
12556,0.001837,172.31.36.0-255,66,158183,19,258563
12557,0.001844,172.217.194.0-255,7856,166039,19,258563
12558,0.001846,172.31.36.0-255,66,166105,19,258563
12559,0.00188,172.217.194.0-255,9992,176097,19,258563
12560,0.001884,172.31.36.0-255,66,176163,19,258563
12561,0.001912,172.217.194.0-255,4320,180483,19,258563
12562,0.001929,172.217.194.0-255,3602,184085,19,258563
12563,0.001933,172.31.36.0-255,66,184151,19,258563
12564,0.001944,172.31.36.0-255,66,184217,19,258563
12565,0.001951,172.31.36.0-255,66,184283,19,258563
12566,0.001979,172.217.194.0-255,4320,188603,19,258563
12567,0.001983,172.31.36.0-255,66,188669,19,258563
12568,0.001989,172.217.194.0-255,5738,194407,19,258563
12569,0.001992,172.31.36.0-255,66,194473,19,258563
12570,0.002036,172.217.194.0-255,7156,201629,19,258563
12571,0.002041,172.31.36.0-255,66,201695,19,258563
12572,0.002077,172.217.194.0-255,8574,210269,19,258563
12573,0.002081,172.31.36.0-255,66,210335,19,258563
12574,0.002087,172.217.194.0-255,4320,214655,19,258563
12575,0.002089,172.31.36.0-255,66,214721,19,258563
12576,0.002119,172.217.194.0-255,3602,218323,19,258563
12577,0.002129,172.31.36.0-255,66,218389,19,258563
12578,0.002217,172.217.194.0-255,1484,219873,19,258563
12579,0.002224,172.217.194.0-255,2902,222775,19,258563
12580,0.002229,172.31.36.0-255,66,222841,19,258563
12581,0.00225,172.217.194.0-255,5738,228579,19,258563
12582,0.002254,172.31.36.0-255,66,228645,19,258563
12583,0.002257,172.217.194.0-255,1484,230129,19,258563
12584,0.002305,172.31.36.0-255,66,230195,19,258563
12585,0.002312,172.217.194.0-255,7156,237351,19,258563
12586,0.002315,172.31.36.0-255,66,237417,19,258563
12587,0.002346,172.217.194.0-255,3602,241019,19,258563
12588,0.00235,172.31.36.0-255,66,241085,19,258563
12589,0.004627,172.217.194.0-255,1484,242569,19,258563
12590,0.004712,172.217.194.0-255,4320,246889,19,258563
12591,0.004717,172.31.36.0-255,66,246955,19,258563
12592,0.007081,172.217.194.0-255,5738,252693,19,258563
12593,0.007086,172.31.36.0-255,66,252759,19,258563
12594,0.009495,172.217.194.0-255,5738,258497,19,258563
12595,0.009503,172.31.36.0-255,66,258563,19,258563
12596,0.0,172.217.194.0-255,153,153,19,237611
12597,2.4e-05,172.31.36.0-255,66,219,19,237611
12598,3.2e-05,172.217.194.0-255,1484,1703,19,237611
12599,3.7e-05,172.31.36.0-255,66,1769,19,237611
12600,4.3e-05,172.217.194.0-255,2902,4671,19,237611
12601,5.4e-05,172.31.36.0-255,66,4737,19,237611
12602,6.1e-05,172.217.194.0-255,7156,11893,19,237611
12603,6.4e-05,172.31.36.0-255,66,11959,19,237611
12604,7.5e-05,172.217.194.0-255,10482,22441,19,237611
12605,7.8e-05,172.31.36.0-255,66,22507,19,237611
12606,8.7e-05,172.217.194.0-255,8215,30722,19,237611
12607,9e-05,172.31.36.0-255,66,30788,19,237611
12608,0.000245,172.217.194.0-255,1484,32272,19,237611
12609,0.000252,172.31.36.0-255,66,32338,19,237611
12610,0.000258,172.217.194.0-255,2902,35240,19,237611
12611,0.00026,172.31.36.0-255,66,35306,19,237611
12612,0.000272,172.217.194.0-255,5738,41044,19,237611
12613,0.000275,172.31.36.0-255,66,41110,19,237611
12614,0.000301,172.217.194.0-255,5738,46848,19,237611
12615,0.000304,172.31.36.0-255,66,46914,19,237611
12616,0.00033,172.217.194.0-255,8215,55129,19,237611
12617,0.000333,172.31.36.0-255,66,55195,19,237611
12618,0.000336,172.217.194.0-255,1484,56679,19,237611
12619,0.000338,172.31.36.0-255,66,56745,19,237611
12620,0.000346,172.217.194.0-255,7156,63901,19,237611
12621,0.000348,172.31.36.0-255,66,63967,19,237611
12622,0.00038,172.217.194.0-255,1440,65407,19,237611
12623,0.000383,172.31.36.0-255,66,65473,19,237611
12624,0.000386,172.217.194.0-255,362,65835,19,237611
12625,0.000388,172.31.36.0-255,66,65901,19,237611
12626,0.000516,172.217.194.0-255,1484,67385,19,237611
12627,0.00052,172.31.36.0-255,66,67451,19,237611
12628,0.000526,172.217.194.0-255,2902,70353,19,237611
12629,0.000528,172.31.36.0-255,66,70419,19,237611
12630,0.000558,172.217.194.0-255,5738,76157,19,237611
12631,0.000561,172.31.36.0-255,66,76223,19,237611
12632,0.000569,172.217.194.0-255,7156,83379,19,237611
12633,0.000571,172.31.36.0-255,66,83445,19,237611
12634,0.000602,172.217.194.0-255,1484,84929,19,237611
12635,0.00061,172.217.194.0-255,5738,90667,19,237611
12636,0.000612,172.31.36.0-255,66,90733,19,237611
12637,0.000652,172.217.194.0-255,9274,100007,19,237611
12638,0.000656,172.31.36.0-255,66,100073,19,237611
12639,0.000659,172.217.194.0-255,1484,101557,19,237611
12640,0.000662,172.217.194.0-255,1484,103041,19,237611
12641,0.000664,172.31.36.0-255,66,103107,19,237611
12642,0.000689,172.217.194.0-255,1484,104591,19,237611
12643,0.000696,172.217.194.0-255,5738,110329,19,237611
12644,0.000705,172.217.194.0-255,9992,120321,19,237611
12645,0.000714,172.31.36.0-255,66,120387,19,237611
12646,0.000717,172.31.36.0-255,66,120453,19,237611
12647,0.000722,172.217.194.0-255,2902,123355,19,237611
12648,0.000725,172.31.36.0-255,66,123421,19,237611
12649,0.000738,172.217.194.0-255,8574,131995,19,237611
12650,0.000744,172.31.36.0-255,66,132061,19,237611
12651,0.000767,172.217.194.0-255,2184,134245,19,237611
12652,0.00077,172.31.36.0-255,66,134311,19,237611
12653,0.000775,172.217.194.0-255,2902,137213,19,237611
12654,0.000777,172.31.36.0-255,66,137279,19,237611
12655,0.00081,172.217.194.0-255,7156,144435,19,237611
12656,0.000814,172.31.36.0-255,66,144501,19,237611
12657,0.000828,172.31.36.0-255,66,144567,19,237611
12658,0.000897,172.217.194.0-255,9992,154559,19,237611
12659,0.000901,172.31.36.0-255,66,154625,19,237611
12660,0.000922,172.217.194.0-255,766,155391,19,237611
12661,0.001721,172.217.194.0-255,1484,156875,19,237611
12662,0.001727,172.31.36.0-255,66,156941,19,237611
12663,0.001733,172.217.194.0-255,2902,159843,19,237611
12664,0.001735,172.31.36.0-255,66,159909,19,237611
12665,0.001746,172.217.194.0-255,2902,162811,19,237611
12666,0.001748,172.31.36.0-255,66,162877,19,237611
12667,0.001771,172.217.194.0-255,2902,165779,19,237611
12668,0.001773,172.31.36.0-255,66,165845,19,237611
12669,0.001814,172.217.194.0-255,5738,171583,19,237611
12670,0.001816,172.31.36.0-255,66,171649,19,237611
12671,0.001846,172.217.194.0-255,7156,178805,19,237611
12672,0.001849,172.31.36.0-255,66,178871,19,237611
12673,0.001858,172.217.194.0-255,8574,187445,19,237611
12674,0.00186,172.31.36.0-255,66,187511,19,237611
12675,0.001864,172.217.194.0-255,2184,189695,19,237611
12676,0.001866,172.31.36.0-255,66,189761,19,237611
12677,0.002018,172.217.194.0-255,1484,191245,19,237611
12678,0.002024,172.217.194.0-255,2902,194147,19,237611
12679,0.002027,172.31.36.0-255,66,194213,19,237611
12680,0.002036,172.217.194.0-255,5738,199951,19,237611
12681,0.002038,172.31.36.0-255,66,200017,19,237611
12682,0.002045,172.217.194.0-255,1484,201501,19,237611
12683,0.002075,172.217.194.0-255,8574,210075,19,237611
12684,0.002077,172.31.36.0-255,66,210141,19,237611
12685,0.002127,172.217.194.0-255,9992,220133,19,237611
12686,0.002131,172.31.36.0-255,66,220199,19,237611
12687,0.004218,172.217.194.0-255,5738,225937,19,237611
12688,0.004226,172.31.36.0-255,66,226003,19,237611
12689,0.006272,172.217.194.0-255,5738,231741,19,237611
12690,0.006277,172.31.36.0-255,66,231807,19,237611
12691,0.008335,172.217.194.0-255,5738,237545,19,237611
12692,0.008342,172.31.36.0-255,66,237611,19,237611
12693,0.0,172.217.194.0-255,150,150,19,190444
12694,3e-05,172.31.36.0-255,66,216,19,190444
12695,3.7e-05,172.217.194.0-255,1484,1700,19,190444
12696,4.3e-05,172.31.36.0-255,66,1766,19,190444
12697,4.8e-05,172.217.194.0-255,2902,4668,19,190444
12698,5.1e-05,172.31.36.0-255,66,4734,19,190444
12699,5.8e-05,172.217.194.0-255,7156,11890,19,190444
12700,6.1e-05,172.31.36.0-255,66,11956,19,190444
12701,6.9e-05,172.217.194.0-255,9095,21051,19,190444
12702,7.2e-05,172.31.36.0-255,66,21117,19,190444
12703,0.000105,172.217.194.0-255,9633,30750,19,190444
12704,0.000108,172.31.36.0-255,66,30816,19,190444
12705,0.000127,172.217.194.0-255,1484,32300,19,190444
12706,0.00013,172.31.36.0-255,66,32366,19,190444
12707,0.000151,172.217.194.0-255,8574,40940,19,190444
12708,0.000154,172.31.36.0-255,66,41006,19,190444
12709,0.000162,172.217.194.0-255,6797,47803,19,190444
12710,0.000164,172.31.36.0-255,66,47869,19,190444
12711,0.000345,172.217.194.0-255,1484,49353,19,190444
12712,0.000351,172.31.36.0-255,66,49419,19,190444
12713,0.000356,172.217.194.0-255,2902,52321,19,190444
12714,0.000359,172.31.36.0-255,66,52387,19,190444
12715,0.000364,172.217.194.0-255,4320,56707,19,190444
12716,0.000367,172.31.36.0-255,66,56773,19,190444
12717,0.000399,172.217.194.0-255,5738,62511,19,190444
12718,0.000403,172.31.36.0-255,66,62577,19,190444
12719,0.000422,172.217.194.0-255,2842,65419,19,190444
12720,0.000425,172.31.36.0-255,66,65485,19,190444
12721,0.000454,172.217.194.0-255,381,65866,19,190444
12722,0.000457,172.31.36.0-255,66,65932,19,190444
12723,0.000635,172.217.194.0-255,1484,67416,19,190444
12724,0.00064,172.31.36.0-255,66,67482,19,190444
12725,0.000645,172.217.194.0-255,2902,70384,19,190444
12726,0.000648,172.31.36.0-255,66,70450,19,190444
12727,0.000654,172.217.194.0-255,5738,76188,19,190444
12728,0.000657,172.31.36.0-255,66,76254,19,190444
12729,0.000662,172.217.194.0-255,2902,79156,19,190444
12730,0.000663,172.31.36.0-255,66,79222,19,190444
12731,0.000688,172.217.194.0-255,2902,82124,19,190444
12732,0.000691,172.31.36.0-255,66,82190,19,190444
12733,0.000722,172.217.194.0-255,7156,89346,19,190444
12734,0.000725,172.31.36.0-255,66,89412,19,190444
12735,0.000739,172.217.194.0-255,3961,93373,19,190444
12736,0.000742,172.31.36.0-255,66,93439,19,190444
12737,0.000772,172.217.194.0-255,6797,100236,19,190444
12738,0.000775,172.31.36.0-255,66,100302,19,190444
12739,0.001153,172.217.194.0-255,1484,101786,19,190444
12740,0.001163,172.217.194.0-255,2902,104688,19,190444
12741,0.001167,172.31.36.0-255,66,104754,19,190444
12742,0.001174,172.217.194.0-255,5738,110492,19,190444
12743,0.001176,172.31.36.0-255,66,110558,19,190444
12744,0.001213,172.217.194.0-255,9992,120550,19,190444
12745,0.001216,172.31.36.0-255,66,120616,19,190444
12746,0.001232,172.217.194.0-255,5738,126354,19,190444
12747,0.001236,172.31.36.0-255,66,126420,19,190444
12748,0.001253,172.217.194.0-255,7856,134276,19,190444
12749,0.001256,172.31.36.0-255,66,134342,19,190444
12750,0.001296,172.217.194.0-255,1484,135826,19,190444
12751,0.001302,172.217.194.0-255,2902,138728,19,190444
12752,0.001305,172.31.36.0-255,66,138794,19,190444
12753,0.001308,172.217.194.0-255,1484,140278,19,190444
12754,0.00133,172.217.194.0-255,4320,144598,19,190444
12755,0.001333,172.31.36.0-255,66,144664,19,190444
12756,0.001339,172.217.194.0-255,5738,150402,19,190444
12757,0.001341,172.31.36.0-255,66,150468,19,190444
12758,0.001345,172.217.194.0-255,5738,156206,19,190444
12759,0.001347,172.31.36.0-255,66,156272,19,190444
12760,0.001377,172.217.194.0-255,7156,163428,19,190444
12761,0.001379,172.31.36.0-255,66,163494,19,190444
12762,0.001385,172.217.194.0-255,5020,168514,19,190444
12763,0.001386,172.31.36.0-255,66,168580,19,190444
12764,0.003472,172.217.194.0-255,5738,174318,19,190444
12765,0.003478,172.31.36.0-255,66,174384,19,190444
12766,0.005545,172.217.194.0-255,4320,178704,19,190444
12767,0.005549,172.31.36.0-255,66,178770,19,190444
12768,0.005565,172.217.194.0-255,1484,180254,19,190444
12769,0.007629,172.217.194.0-255,4320,184574,19,190444
12770,0.007636,172.31.36.0-255,66,184640,19,190444
12771,0.009694,172.217.194.0-255,5738,190378,19,190444
12772,0.0097,172.31.36.0-255,66,190444,19,190444
12773,0.0,74.125.130.0-255,220,220,19,245721
12774,2.3e-05,172.31.36.0-255,66,286,19,245721
12775,3e-05,74.125.130.0-255,1484,1770,19,245721
12776,3.6e-05,172.31.36.0-255,66,1836,19,245721
12777,4.2e-05,74.125.130.0-255,2902,4738,19,245721
12778,5.4e-05,172.31.36.0-255,66,4804,19,245721
12779,6.1e-05,74.125.130.0-255,5738,10542,19,245721
12780,6.4e-05,172.31.36.0-255,66,10608,19,245721
12781,8.9e-05,74.125.130.0-255,4320,14928,19,245721
12782,9.2e-05,172.31.36.0-255,66,14994,19,245721
12783,0.000119,74.125.130.0-255,1889,16883,19,245721
12784,0.000122,172.31.36.0-255,66,16949,19,245721
12785,0.000135,74.125.130.0-255,7156,24105,19,245721
12786,0.000137,172.31.36.0-255,66,24171,19,245721
12787,0.000143,74.125.130.0-255,4320,28491,19,245721
12788,0.000145,172.31.36.0-255,66,28557,19,245721
12789,0.000195,74.125.130.0-255,2543,31100,19,245721
12790,0.000197,172.31.36.0-255,66,31166,19,245721
12791,0.000424,74.125.130.0-255,1484,32650,19,245721
12792,0.000429,172.31.36.0-255,66,32716,19,245721
12793,0.000452,74.125.130.0-255,2902,35618,19,245721
12794,0.000456,172.31.36.0-255,66,35684,19,245721
12795,0.000463,74.125.130.0-255,1484,37168,19,245721
12796,0.000465,172.31.36.0-255,66,37234,19,245721
12797,0.000499,74.125.130.0-255,2902,40136,19,245721
12798,0.000502,172.31.36.0-255,66,40202,19,245721
12799,0.000509,74.125.130.0-255,7156,47358,19,245721
12800,0.000512,172.31.36.0-255,66,47424,19,245721
12801,0.000536,74.125.130.0-255,2902,50326,19,245721
12802,0.000538,172.31.36.0-255,66,50392,19,245721
12803,0.000565,74.125.130.0-255,5738,56130,19,245721
12804,0.000568,172.31.36.0-255,66,56196,19,245721
12805,0.000572,74.125.130.0-255,2902,59098,19,245721
12806,0.000579,74.125.130.0-255,4320,63418,19,245721
12807,0.000606,74.125.130.0-255,2184,65602,19,245721
12808,0.000621,172.31.36.0-255,66,65668,19,245721
12809,0.000624,74.125.130.0-255,395,66063,19,245721
12810,0.000778,74.125.130.0-255,1484,67547,19,245721
12811,0.000795,74.125.130.0-255,1484,69031,19,245721
12812,0.000804,172.31.36.0-255,66,69097,19,245721
12813,0.000815,74.125.130.0-255,2902,71999,19,245721
12814,0.000838,74.125.130.0-255,5738,77737,19,245721
12815,0.000842,74.125.130.0-255,1484,79221,19,245721
12816,0.000847,172.31.36.0-255,66,79287,19,245721
12817,0.00087,74.125.130.0-255,2902,82189,19,245721
12818,0.000885,74.125.130.0-255,1484,83673,19,245721
12819,0.000898,74.125.130.0-255,4320,87993,19,245721
12820,0.000901,74.125.130.0-255,1484,89477,19,245721
12821,0.000911,172.31.36.0-255,66,89543,19,245721
12822,0.000947,74.125.130.0-255,4320,93863,19,245721
12823,0.000953,172.31.36.0-255,66,93929,19,245721
12824,0.000964,74.125.130.0-255,4320,98249,19,245721
12825,0.000973,74.125.130.0-255,2184,100433,19,245721
12826,0.000994,172.31.36.0-255,66,100499,19,245721
12827,0.001367,74.125.130.0-255,1484,101983,19,245721
12828,0.001384,74.125.130.0-255,2902,104885,19,245721
12829,0.001387,74.125.130.0-255,1484,106369,19,245721
12830,0.001393,172.31.36.0-255,66,106435,19,245721
12831,0.001406,74.125.130.0-255,4320,110755,19,245721
12832,0.001414,74.125.130.0-255,2902,113657,19,245721
12833,0.001441,74.125.130.0-255,7156,120813,19,245721
12834,0.001454,74.125.130.0-255,2902,123715,19,245721
12835,0.001461,74.125.130.0-255,7156,130871,19,245721
12836,0.001464,172.31.36.0-255,66,130937,19,245721
12837,0.001469,172.31.36.0-255,66,131003,19,245721
12838,0.001492,74.125.130.0-255,2902,133905,19,245721
12839,0.001495,74.125.130.0-255,766,134671,19,245721
12840,0.001527,172.31.36.0-255,66,134737,19,245721
12841,0.001576,74.125.130.0-255,1484,136221,19,245721
12842,0.001592,74.125.130.0-255,2902,139123,19,245721
12843,0.001606,74.125.130.0-255,4320,143443,19,245721
12844,0.001609,172.31.36.0-255,66,143509,19,245721
12845,0.001615,172.31.36.0-255,66,143575,19,245721
12846,0.001641,74.125.130.0-255,5738,149313,19,245721
12847,0.001658,74.125.130.0-255,2902,152215,19,245721
12848,0.001668,172.31.36.0-255,66,152281,19,245721
12849,0.001688,74.125.130.0-255,7156,159437,19,245721
12850,0.001719,74.125.130.0-255,5738,165175,19,245721
12851,0.001722,172.31.36.0-255,66,165241,19,245721
12852,0.001728,172.31.36.0-255,66,165307,19,245721
12853,0.001749,74.125.130.0-255,3602,168909,19,245721
12854,0.001766,172.31.36.0-255,66,168975,19,245721
12855,0.001839,74.125.130.0-255,1484,170459,19,245721
12856,0.001861,74.125.130.0-255,2902,173361,19,245721
12857,0.001912,74.125.130.0-255,4320,177681,19,245721
12858,0.001916,74.125.130.0-255,2902,180583,19,245721
12859,0.001922,172.31.36.0-255,66,180649,19,245721
12860,0.001932,74.125.130.0-255,2902,183551,19,245721
12861,0.001945,74.125.130.0-255,7156,190707,19,245721
12862,0.001955,74.125.130.0-255,1484,192191,19,245721
12863,0.001966,74.125.130.0-255,2902,195093,19,245721
12864,0.001977,74.125.130.0-255,1484,196577,19,245721
12865,0.001991,74.125.130.0-255,4320,200897,19,245721
12866,0.001996,172.31.36.0-255,66,200963,19,245721
12867,0.002014,74.125.130.0-255,2184,203147,19,245721
12868,0.002029,172.31.36.0-255,66,203213,19,245721
12869,0.002162,74.125.130.0-255,1484,204697,19,245721
12870,0.00218,74.125.130.0-255,2902,207599,19,245721
12871,0.002188,172.31.36.0-255,66,207665,19,245721
12872,0.002197,74.125.130.0-255,1484,209149,19,245721
12873,0.002215,74.125.130.0-255,4320,213469,19,245721
12874,0.002217,74.125.130.0-255,1484,214953,19,245721
12875,0.002231,74.125.130.0-255,1484,216437,19,245721
12876,0.002245,74.125.130.0-255,1484,217921,19,245721
12877,0.002252,172.31.36.0-255,66,217987,19,245721
12878,0.002263,74.125.130.0-255,1484,219471,19,245721
12879,0.002284,74.125.130.0-255,2902,222373,19,245721
12880,0.002287,74.125.130.0-255,1484,223857,19,245721
12881,0.002305,74.125.130.0-255,4320,228177,19,245721
12882,0.002311,172.31.36.0-255,66,228243,19,245721
12883,0.002322,74.125.130.0-255,2902,231145,19,245721
12884,0.002341,74.125.130.0-255,1484,232629,19,245721
12885,0.002344,74.125.130.0-255,1484,234113,19,245721
12886,0.002353,172.31.36.0-255,66,234179,19,245721
12887,0.004637,74.125.130.0-255,5738,239917,19,245721
12888,0.004644,172.31.36.0-255,66,239983,19,245721
12889,0.006936,74.125.130.0-255,5738,245721,19,245721
12890,0.0,74.125.24.0-255,153,153,19,122673
12891,2.8e-05,172.31.36.0-255,66,219,19,122673
12892,3.4e-05,74.125.24.0-255,1484,1703,19,122673
12893,3.8e-05,172.31.36.0-255,66,1769,19,122673
12894,4.3e-05,74.125.24.0-255,2902,4671,19,122673
12895,4.6e-05,172.31.36.0-255,66,4737,19,122673
12896,5e-05,74.125.24.0-255,1484,6221,19,122673
12897,5.1e-05,172.31.36.0-255,66,6287,19,122673
12898,7.7e-05,74.125.24.0-255,4320,10607,19,122673
12899,7.9e-05,172.31.36.0-255,66,10673,19,122673
12900,0.000115,74.125.24.0-255,1484,12157,19,122673
12901,0.000118,172.31.36.0-255,66,12223,19,122673
12902,0.000133,74.125.24.0-255,2054,14277,19,122673
12903,0.000136,172.31.36.0-255,66,14343,19,122673
12904,0.000258,74.125.24.0-255,1484,15827,19,122673
12905,0.000263,172.31.36.0-255,66,15893,19,122673
12906,0.000268,74.125.24.0-255,2902,18795,19,122673
12907,0.000271,172.31.36.0-255,66,18861,19,122673
12908,0.000291,74.125.24.0-255,5738,24599,19,122673
12909,0.000294,172.31.36.0-255,66,24665,19,122673
12910,0.000355,74.125.24.0-255,5738,30403,19,122673
12911,0.000359,172.31.36.0-255,66,30469,19,122673
12912,0.000424,74.125.24.0-255,5738,36207,19,122673
12913,0.000427,172.31.36.0-255,66,36273,19,122673
12914,0.000453,74.125.24.0-255,8215,44488,19,122673
12915,0.000457,172.31.36.0-255,66,44554,19,122673
12916,0.000585,74.125.24.0-255,5738,50292,19,122673
12917,0.000589,172.31.36.0-255,66,50358,19,122673
12918,0.000613,74.125.24.0-255,8574,58932,19,122673
12919,0.000616,172.31.36.0-255,66,58998,19,122673
12920,0.000756,74.125.24.0-255,6438,65436,19,122673
12921,0.00076,172.31.36.0-255,66,65502,19,122673
12922,0.000831,74.125.24.0-255,9992,75494,19,122673
12923,0.000841,172.31.36.0-255,66,75560,19,122673
12924,0.00087,172.31.36.0-255,66,75626,19,122673
12925,0.001067,74.125.24.0-255,5738,81364,19,122673
12926,0.001072,172.31.36.0-255,66,81430,19,122673
12927,0.001098,74.125.24.0-255,6438,87868,19,122673
12928,0.001109,172.31.36.0-255,66,87934,19,122673
12929,0.001201,74.125.24.0-255,4320,92254,19,122673
12930,0.001204,172.31.36.0-255,66,92320,19,122673
12931,0.002133,74.125.24.0-255,8574,100894,19,122673
12932,0.002603,74.125.24.0-255,7156,108050,19,122673
12933,0.003121,74.125.24.0-255,4320,112370,19,122673
12934,0.00387,74.125.24.0-255,7156,119526,19,122673
12935,0.006357,172.31.36.0-255,66,119592,19,122673
12936,0.008634,74.125.24.0-255,2910,122502,19,122673
12937,0.00864,172.31.36.0-255,66,122568,19,122673
12938,0.009464,172.31.36.0-255,105,122673,19,122673
12939,0.0,172.217.194.0-255,146,146,19,358369
12940,2.5e-05,172.31.36.0-255,66,212,19,358369
12941,3.3e-05,172.217.194.0-255,1484,1696,19,358369
12942,3.7e-05,172.31.36.0-255,66,1762,19,358369
12943,5.1e-05,172.217.194.0-255,2902,4664,19,358369
12944,5.5e-05,172.31.36.0-255,66,4730,19,358369
12945,6.2e-05,172.217.194.0-255,7156,11886,19,358369
12946,6.5e-05,172.31.36.0-255,66,11952,19,358369
12947,6.9e-05,172.217.194.0-255,1947,13899,19,358369
12948,7.3e-05,172.31.36.0-255,66,13965,19,358369
12949,0.000152,172.217.194.0-255,1484,15449,19,358369
12950,0.000156,172.31.36.0-255,66,15515,19,358369
12951,0.000161,172.217.194.0-255,2902,18417,19,358369
12952,0.000164,172.31.36.0-255,66,18483,19,358369
12953,0.000196,172.217.194.0-255,5738,24221,19,358369
12954,0.000199,172.31.36.0-255,66,24287,19,358369
12955,0.000203,172.217.194.0-255,1484,25771,19,358369
12956,0.000205,172.31.36.0-255,66,25837,19,358369
12957,0.00021,172.217.194.0-255,2902,28739,19,358369
12958,0.000212,172.31.36.0-255,66,28805,19,358369
12959,0.00024,172.217.194.0-255,2543,31348,19,358369
12960,0.000246,172.31.36.0-255,66,31414,19,358369
12961,0.000299,172.217.194.0-255,1484,32898,19,358369
12962,0.000303,172.31.36.0-255,66,32964,19,358369
12963,0.000308,172.217.194.0-255,2902,35866,19,358369
12964,0.000311,172.31.36.0-255,66,35932,19,358369
12965,0.00034,172.217.194.0-255,5738,41670,19,358369
12966,0.000343,172.31.36.0-255,66,41736,19,358369
12967,0.000375,172.217.194.0-255,5738,47474,19,358369
12968,0.000377,172.31.36.0-255,66,47540,19,358369
12969,0.000409,172.217.194.0-255,1125,48665,19,358369
12970,0.000412,172.31.36.0-255,66,48731,19,358369
12971,0.001416,172.217.194.0-255,1484,50215,19,358369
12972,0.001424,172.31.36.0-255,66,50281,19,358369
12973,0.001434,172.217.194.0-255,2902,53183,19,358369
12974,0.001436,172.31.36.0-255,66,53249,19,358369
12975,0.001449,172.217.194.0-255,5738,58987,19,358369
12976,0.001451,172.31.36.0-255,66,59053,19,358369
12977,0.001489,172.217.194.0-255,6797,65850,19,358369
12978,0.001492,172.31.36.0-255,66,65916,19,358369
12979,0.00153,172.217.194.0-255,1484,67400,19,358369
12980,0.001533,172.31.36.0-255,66,67466,19,358369
12981,0.001551,172.217.194.0-255,2902,70368,19,358369
12982,0.001553,172.31.36.0-255,66,70434,19,358369
12983,0.001559,172.217.194.0-255,5738,76172,19,358369
12984,0.001562,172.31.36.0-255,66,76238,19,358369
12985,0.001599,172.31.36.0-255,66,76304,19,358369
12986,0.001627,172.217.194.0-255,2902,79206,19,358369
12987,0.001629,172.31.36.0-255,66,79272,19,358369
12988,0.001639,172.217.194.0-255,7377,86649,19,358369
12989,0.001641,172.31.36.0-255,66,86715,19,358369
12990,0.00243,172.217.194.0-255,1484,88199,19,358369
12991,0.00244,172.217.194.0-255,2902,91101,19,358369
12992,0.002443,172.31.36.0-255,66,91167,19,358369
12993,0.002451,172.217.194.0-255,5738,96905,19,358369
12994,0.002454,172.31.36.0-255,66,96971,19,358369
12995,0.002496,172.31.36.0-255,66,97037,19,358369
12996,0.002527,172.217.194.0-255,10692,107729,19,358369
12997,0.002529,172.31.36.0-255,66,107795,19,358369
12998,0.002553,172.217.194.0-255,1484,109279,19,358369
12999,0.002593,172.217.194.0-255,9992,119271,19,358369
13000,0.002596,172.31.36.0-255,66,119337,19,358369
13001,0.002621,172.217.194.0-255,4320,123657,19,358369
13002,0.002623,172.31.36.0-255,66,123723,19,358369
13003,0.002627,172.217.194.0-255,1484,125207,19,358369
13004,0.002634,172.217.194.0-255,5738,130945,19,358369
13005,0.002638,172.31.36.0-255,66,131011,19,358369
13006,0.002672,172.217.194.0-255,10692,141703,19,358369
13007,0.002675,172.31.36.0-255,66,141769,19,358369
13008,0.003507,172.217.194.0-255,1484,143253,19,358369
13009,0.003523,172.217.194.0-255,2902,146155,19,358369
13010,0.003526,172.31.36.0-255,66,146221,19,358369
13011,0.003552,172.217.194.0-255,5738,151959,19,358369
13012,0.003554,172.31.36.0-255,66,152025,19,358369
13013,0.00356,172.217.194.0-255,4320,156345,19,358369
13014,0.003563,172.31.36.0-255,66,156411,19,358369
13015,0.003586,172.217.194.0-255,4320,160731,19,358369
13016,0.003589,172.31.36.0-255,66,160797,19,358369
13017,0.003622,172.217.194.0-255,5738,166535,19,358369
13018,0.003625,172.31.36.0-255,66,166601,19,358369
13019,0.003655,172.217.194.0-255,9274,175875,19,358369
13020,0.003658,172.31.36.0-255,66,175941,19,358369
13021,0.003808,172.217.194.0-255,1484,177425,19,358369
13022,0.003813,172.217.194.0-255,2902,180327,19,358369
13023,0.003815,172.31.36.0-255,66,180393,19,358369
13024,0.003848,172.217.194.0-255,5738,186131,19,358369
13025,0.003857,172.217.194.0-255,8574,194705,19,358369
13026,0.003872,172.217.194.0-255,4320,199025,19,358369
13027,0.003898,172.217.194.0-255,1484,200509,19,358369
13028,0.003916,172.217.194.0-255,7156,207665,19,358369
13029,0.003934,172.217.194.0-255,2184,209849,19,358369
13030,0.004027,172.217.194.0-255,1484,211333,19,358369
13031,0.004042,172.217.194.0-255,2902,214235,19,358369
13032,0.004059,172.217.194.0-255,5738,219973,19,358369
13033,0.004064,172.217.194.0-255,2902,222875,19,358369
13034,0.004089,172.217.194.0-255,4320,227195,19,358369
13035,0.00411,172.217.194.0-255,5738,232933,19,358369
13036,0.004127,172.217.194.0-255,8574,241507,19,358369
13037,0.004145,172.217.194.0-255,2184,243691,19,358369
13038,0.004198,172.217.194.0-255,1484,245175,19,358369
13039,0.004203,172.217.194.0-255,2902,248077,19,358369
13040,0.004206,172.217.194.0-255,1484,249561,19,358369
13041,0.004227,172.217.194.0-255,4320,253881,19,358369
13042,0.004234,172.217.194.0-255,5738,259619,19,358369
13043,0.004259,172.217.194.0-255,9992,269611,19,358369
13044,0.004277,172.217.194.0-255,2902,272513,19,358369
13045,0.004298,172.217.194.0-255,4320,276833,19,358369
13046,0.004314,172.217.194.0-255,3602,280435,19,358369
13047,0.004332,172.217.194.0-255,2902,283337,19,358369
13048,0.004352,172.217.194.0-255,5738,289075,19,358369
13049,0.004372,172.217.194.0-255,4320,293395,19,358369
13050,0.004388,172.217.194.0-255,7156,300551,19,358369
13051,0.004401,172.217.194.0-255,5738,306289,19,358369
13052,0.004488,172.217.194.0-255,3602,309891,19,358369
13053,0.004554,172.217.194.0-255,8574,318465,19,358369
13054,0.004578,172.217.194.0-255,6438,324903,19,358369
13055,0.004605,172.217.194.0-255,5738,330641,19,358369
13056,0.004624,172.217.194.0-255,9992,340633,19,358369
13057,0.004648,172.217.194.0-255,7156,347789,19,358369
13058,0.004709,172.217.194.0-255,4320,352109,19,358369
13059,0.004735,172.217.194.0-255,5918,358027,19,358369
13060,0.004738,172.217.194.0-255,105,358132,19,358369
13061,0.004823,172.31.36.0-255,66,358198,19,358369
13062,0.007455,172.31.36.0-255,105,358303,19,358369
13063,0.009921,172.217.194.0-255,66,358369,19,358369
13064,0.0,74.125.130.0-255,150,150,19,227823
13065,2.6e-05,172.31.36.0-255,66,216,19,227823
13066,3.3e-05,74.125.130.0-255,1484,1700,19,227823
13067,3.7e-05,172.31.36.0-255,66,1766,19,227823
13068,6.3e-05,74.125.130.0-255,2902,4668,19,227823
13069,6.7e-05,172.31.36.0-255,66,4734,19,227823
13070,7.4e-05,74.125.130.0-255,5738,10472,19,227823
13071,7.7e-05,172.31.36.0-255,66,10538,19,227823
13072,0.000114,74.125.130.0-255,6257,16795,19,227823
13073,0.000117,172.31.36.0-255,66,16861,19,227823
13074,0.000125,74.125.130.0-255,7156,24017,19,227823
13075,0.000127,172.31.36.0-255,66,24083,19,227823
13076,0.000167,74.125.130.0-255,1484,25567,19,227823
13077,0.00017,172.31.36.0-255,66,25633,19,227823
13078,0.0002,74.125.130.0-255,5379,31012,19,227823
13079,0.000203,172.31.36.0-255,66,31078,19,227823
13080,0.000274,74.125.130.0-255,1484,32562,19,227823
13081,0.000277,172.31.36.0-255,66,32628,19,227823
13082,0.000281,74.125.130.0-255,1484,34112,19,227823
13083,0.000282,172.31.36.0-255,66,34178,19,227823
13084,0.000304,74.125.130.0-255,1484,35662,19,227823
13085,0.000313,172.31.36.0-255,66,35728,19,227823
13086,0.00032,74.125.130.0-255,5738,41466,19,227823
13087,0.000323,172.31.36.0-255,66,41532,19,227823
13088,0.000329,74.125.130.0-255,6797,48329,19,227823
13089,0.000331,172.31.36.0-255,66,48395,19,227823
13090,0.000368,74.125.130.0-255,7156,55551,19,227823
13091,0.000374,172.31.36.0-255,66,55617,19,227823
13092,0.000376,74.125.130.0-255,8574,64191,19,227823
13093,0.000379,172.31.36.0-255,66,64257,19,227823
13094,0.000429,74.125.130.0-255,1383,65640,19,227823
13095,0.000433,172.31.36.0-255,66,65706,19,227823
13096,0.000478,74.125.130.0-255,118,65824,19,227823
13097,0.000506,74.125.130.0-255,379,66203,19,227823
13098,0.000822,74.125.130.0-255,1484,67687,19,227823
13099,0.000827,172.31.36.0-255,66,67753,19,227823
13100,0.000832,74.125.130.0-255,2902,70655,19,227823
13101,0.000834,172.31.36.0-255,66,70721,19,227823
13102,0.000875,74.125.130.0-255,5738,76459,19,227823
13103,0.000878,172.31.36.0-255,66,76525,19,227823
13104,0.000882,74.125.130.0-255,1484,78009,19,227823
13105,0.000886,74.125.130.0-255,2902,80911,19,227823
13106,0.000889,172.31.36.0-255,66,80977,19,227823
13107,0.00092,74.125.130.0-255,5738,86715,19,227823
13108,0.000923,172.31.36.0-255,66,86781,19,227823
13109,0.000945,74.125.130.0-255,5738,92519,19,227823
13110,0.000949,172.31.36.0-255,66,92585,19,227823
13111,0.00098,74.125.130.0-255,7156,99741,19,227823
13112,0.000983,172.31.36.0-255,66,99807,19,227823
13113,0.000986,74.125.130.0-255,766,100573,19,227823
13114,0.001104,172.31.36.0-255,66,100639,19,227823
13115,0.00111,74.125.130.0-255,1484,102123,19,227823
13116,0.001127,74.125.130.0-255,1484,103607,19,227823
13117,0.00113,172.31.36.0-255,66,103673,19,227823
13118,0.001163,74.125.130.0-255,1484,105157,19,227823
13119,0.001181,74.125.130.0-255,1484,106641,19,227823
13120,0.001184,172.31.36.0-255,66,106707,19,227823
13121,0.00121,74.125.130.0-255,2902,109609,19,227823
13122,0.001215,172.31.36.0-255,66,109675,19,227823
13123,0.001222,74.125.130.0-255,1484,111159,19,227823
13124,0.001242,74.125.130.0-255,1484,112643,19,227823
13125,0.001246,172.31.36.0-255,66,112709,19,227823
13126,0.001251,74.125.130.0-255,2902,115611,19,227823
13127,0.001253,172.31.36.0-255,66,115677,19,227823
13128,0.001273,74.125.130.0-255,1484,117161,19,227823
13129,0.001286,74.125.130.0-255,8574,125735,19,227823
13130,0.001291,74.125.130.0-255,4320,130055,19,227823
13131,0.001291,172.31.36.0-255,66,130121,19,227823
13132,0.001294,172.31.36.0-255,66,130187,19,227823
13133,0.001342,74.125.130.0-255,2902,133089,19,227823
13134,0.001345,172.31.36.0-255,66,133155,19,227823
13135,0.001372,74.125.130.0-255,2184,135339,19,227823
13136,0.001375,172.31.36.0-255,66,135405,19,227823
13137,0.001423,74.125.130.0-255,1484,136889,19,227823
13138,0.001438,74.125.130.0-255,2902,139791,19,227823
13139,0.001441,172.31.36.0-255,66,139857,19,227823
13140,0.001466,74.125.130.0-255,5738,145595,19,227823
13141,0.00147,172.31.36.0-255,66,145661,19,227823
13142,0.001506,74.125.130.0-255,8574,154235,19,227823
13143,0.001509,172.31.36.0-255,66,154301,19,227823
13144,0.001512,74.125.130.0-255,1484,155785,19,227823
13145,0.001535,74.125.130.0-255,8574,164359,19,227823
13146,0.001538,172.31.36.0-255,66,164425,19,227823
13147,0.001544,74.125.130.0-255,4320,168745,19,227823
13148,0.001546,172.31.36.0-255,66,168811,19,227823
13149,0.001591,74.125.130.0-255,766,169577,19,227823
13150,0.001701,74.125.130.0-255,1484,171061,19,227823
13151,0.001702,172.31.36.0-255,66,171127,19,227823
13152,0.00172,74.125.130.0-255,2902,174029,19,227823
13153,0.001724,172.31.36.0-255,66,174095,19,227823
13154,0.001727,74.125.130.0-255,1484,175579,19,227823
13155,0.001756,74.125.130.0-255,4320,179899,19,227823
13156,0.00176,172.31.36.0-255,66,179965,19,227823
13157,0.001785,74.125.130.0-255,1484,181449,19,227823
13158,0.001799,74.125.130.0-255,2902,184351,19,227823
13159,0.001802,172.31.36.0-255,66,184417,19,227823
13160,0.001819,74.125.130.0-255,2902,187319,19,227823
13161,0.001822,172.31.36.0-255,66,187385,19,227823
13162,0.001849,74.125.130.0-255,2902,190287,19,227823
13163,0.001852,172.31.36.0-255,66,190353,19,227823
13164,0.00186,74.125.130.0-255,8574,198927,19,227823
13165,0.001863,172.31.36.0-255,66,198993,19,227823
13166,0.001895,74.125.130.0-255,5020,204013,19,227823
13167,0.001898,172.31.36.0-255,66,204079,19,227823
13168,0.00197,74.125.130.0-255,1484,205563,19,227823
13169,0.002033,74.125.130.0-255,1484,207047,19,227823
13170,0.002037,172.31.36.0-255,66,207113,19,227823
13171,0.003921,74.125.130.0-255,2902,210015,19,227823
13172,0.003927,172.31.36.0-255,66,210081,19,227823
13173,0.004059,74.125.130.0-255,2902,212983,19,227823
13174,0.004062,172.31.36.0-255,66,213049,19,227823
13175,0.005946,74.125.130.0-255,2902,215951,19,227823
13176,0.005951,172.31.36.0-255,66,216017,19,227823
13177,0.006072,74.125.130.0-255,2902,218919,19,227823
13178,0.006077,172.31.36.0-255,66,218985,19,227823
13179,0.007963,74.125.130.0-255,2902,221887,19,227823
13180,0.007969,172.31.36.0-255,66,221953,19,227823
13181,0.008087,74.125.130.0-255,2902,224855,19,227823
13182,0.008092,172.31.36.0-255,66,224921,19,227823
13183,0.009996,74.125.130.0-255,2902,227823,19,227823
13184,0.0,74.125.24.0-255,146,146,19,370614
13185,3.3e-05,172.31.36.0-255,66,212,19,370614
13186,4.1e-05,74.125.24.0-255,1484,1696,19,370614
13187,4.5e-05,172.31.36.0-255,66,1762,19,370614
13188,5e-05,74.125.24.0-255,2902,4664,19,370614
13189,5.3e-05,172.31.36.0-255,66,4730,19,370614
13190,5.8e-05,74.125.24.0-255,4320,9050,19,370614
13191,6.1e-05,172.31.36.0-255,66,9116,19,370614
13192,6.6e-05,74.125.24.0-255,4902,14018,19,370614
13193,6.9e-05,172.31.36.0-255,66,14084,19,370614
13194,7.5e-05,74.125.24.0-255,4320,18404,19,370614
13195,7.7e-05,172.31.36.0-255,66,18470,19,370614
13196,0.000113,74.125.24.0-255,7156,25626,19,370614
13197,0.000116,172.31.36.0-255,66,25692,19,370614
13198,0.000122,74.125.24.0-255,5379,31071,19,370614
13199,0.000125,172.31.36.0-255,66,31137,19,370614
13200,0.000468,74.125.24.0-255,1484,32621,19,370614
13201,0.000474,172.31.36.0-255,66,32687,19,370614
13202,0.00048,74.125.24.0-255,2902,35589,19,370614
13203,0.000483,172.31.36.0-255,66,35655,19,370614
13204,0.000487,74.125.24.0-255,2902,38557,19,370614
13205,0.000489,172.31.36.0-255,66,38623,19,370614
13206,0.000515,74.125.24.0-255,2902,41525,19,370614
13207,0.000518,172.31.36.0-255,66,41591,19,370614
13208,0.000526,74.125.24.0-255,7156,48747,19,370614
13209,0.000531,172.31.36.0-255,66,48813,19,370614
13210,0.000532,74.125.24.0-255,5738,54551,19,370614
13211,0.000535,172.31.36.0-255,66,54617,19,370614
13212,0.000561,74.125.24.0-255,8574,63191,19,370614
13213,0.000565,172.31.36.0-255,66,63257,19,370614
13214,0.000569,74.125.24.0-255,2184,65441,19,370614
13215,0.000572,172.31.36.0-255,66,65507,19,370614
13216,0.000681,74.125.24.0-255,397,65904,19,370614
13217,0.000718,74.125.24.0-255,113,66017,19,370614
13218,0.00078,74.125.24.0-255,1484,67501,19,370614
13219,0.000784,172.31.36.0-255,66,67567,19,370614
13220,0.000788,74.125.24.0-255,1484,69051,19,370614
13221,0.000806,74.125.24.0-255,4320,73371,19,370614
13222,0.000809,172.31.36.0-255,66,73437,19,370614
13223,0.000834,74.125.24.0-255,9992,83429,19,370614
13224,0.000839,172.31.36.0-255,66,83495,19,370614
13225,0.000875,74.125.24.0-255,5738,89233,19,370614
13226,0.000879,172.31.36.0-255,66,89299,19,370614
13227,0.000899,74.125.24.0-255,7156,96455,19,370614
13228,0.000902,172.31.36.0-255,66,96521,19,370614
13229,0.000908,74.125.24.0-255,3602,100123,19,370614
13230,0.00091,172.31.36.0-255,66,100189,19,370614
13231,0.001017,74.125.24.0-255,330,100519,19,370614
13232,0.001112,172.31.36.0-255,66,100585,19,370614
13233,0.001511,74.125.24.0-255,1484,102069,19,370614
13234,0.001523,74.125.24.0-255,2902,104971,19,370614
13235,0.001527,172.31.36.0-255,66,105037,19,370614
13236,0.001546,74.125.24.0-255,5738,110775,19,370614
13237,0.001549,172.31.36.0-255,66,110841,19,370614
13238,0.001567,74.125.24.0-255,4320,115161,19,370614
13239,0.00157,172.31.36.0-255,66,115227,19,370614
13240,0.001601,74.125.24.0-255,8574,123801,19,370614
13241,0.001603,172.31.36.0-255,66,123867,19,370614
13242,0.001613,74.125.24.0-255,10692,134559,19,370614
13243,0.001615,172.31.36.0-255,66,134625,19,370614
13244,0.001644,74.125.24.0-255,1484,136109,19,370614
13245,0.001661,74.125.24.0-255,2902,139011,19,370614
13246,0.001664,172.31.36.0-255,66,139077,19,370614
13247,0.001671,74.125.24.0-255,5738,144815,19,370614
13248,0.001672,172.31.36.0-255,66,144881,19,370614
13249,0.001689,74.125.24.0-255,5738,150619,19,370614
13250,0.001692,172.31.36.0-255,66,150685,19,370614
13251,0.001712,74.125.24.0-255,7156,157841,19,370614
13252,0.001716,172.31.36.0-255,66,157907,19,370614
13253,0.001739,74.125.24.0-255,7156,165063,19,370614
13254,0.001742,172.31.36.0-255,66,165129,19,370614
13255,0.001773,74.125.24.0-255,9274,174403,19,370614
13256,0.001776,172.31.36.0-255,66,174469,19,370614
13257,0.001792,172.31.36.0-255,66,174535,19,370614
13258,0.001798,74.125.24.0-255,5738,180273,19,370614
13259,0.001801,172.31.36.0-255,66,180339,19,370614
13260,0.001822,74.125.24.0-255,5020,185359,19,370614
13261,0.001824,172.31.36.0-255,66,185425,19,370614
13262,0.001829,74.125.24.0-255,2902,188327,19,370614
13263,0.001831,172.31.36.0-255,66,188393,19,370614
13264,0.00185,74.125.24.0-255,9992,198385,19,370614
13265,0.001852,172.31.36.0-255,66,198451,19,370614
13266,0.001884,74.125.24.0-255,9992,208443,19,370614
13267,0.001887,172.31.36.0-255,66,208509,19,370614
13268,0.001904,172.31.36.0-255,66,208575,19,370614
13269,0.001926,74.125.24.0-255,3602,212177,19,370614
13270,0.001928,172.31.36.0-255,66,212243,19,370614
13271,0.001933,74.125.24.0-255,4320,216563,19,370614
13272,0.001936,172.31.36.0-255,66,216629,19,370614
13273,0.001958,74.125.24.0-255,9992,226621,19,370614
13274,0.001961,172.31.36.0-255,66,226687,19,370614
13275,0.001983,74.125.24.0-255,6438,233125,19,370614
13276,0.001986,172.31.36.0-255,66,233191,19,370614
13277,0.001988,74.125.24.0-255,1484,234675,19,370614
13278,0.00204,74.125.24.0-255,2902,237577,19,370614
13279,0.002042,172.31.36.0-255,66,237643,19,370614
13280,0.002048,74.125.24.0-255,5738,243381,19,370614
13281,0.002051,172.31.36.0-255,66,243447,19,370614
13282,0.00206,74.125.24.0-255,8574,252021,19,370614
13283,0.002062,172.31.36.0-255,66,252087,19,370614
13284,0.002107,74.125.24.0-255,1484,253571,19,370614
13285,0.002124,74.125.24.0-255,8574,262145,19,370614
13286,0.002143,74.125.24.0-255,5020,267165,19,370614
13287,0.002166,74.125.24.0-255,4320,271485,19,370614
13288,0.002169,74.125.24.0-255,1484,272969,19,370614
13289,0.002188,74.125.24.0-255,4320,277289,19,370614
13290,0.002202,74.125.24.0-255,7156,284445,19,370614
13291,0.002214,74.125.24.0-255,4320,288765,19,370614
13292,0.00222,74.125.24.0-255,5738,294503,19,370614
13293,0.002239,74.125.24.0-255,4320,298823,19,370614
13294,0.002242,74.125.24.0-255,2184,301007,19,370614
13295,0.002323,74.125.24.0-255,1484,302491,19,370614
13296,0.002327,74.125.24.0-255,2902,305393,19,370614
13297,0.00235,74.125.24.0-255,5738,311131,19,370614
13298,0.002363,74.125.24.0-255,1484,312615,19,370614
13299,0.002377,74.125.24.0-255,7156,319771,19,370614
13300,0.002389,74.125.24.0-255,4320,324091,19,370614
13301,0.00241,74.125.24.0-255,5738,329829,19,370614
13302,0.002426,74.125.24.0-255,2902,332731,19,370614
13303,0.002429,74.125.24.0-255,1484,334215,19,370614
13304,0.00245,74.125.24.0-255,7856,342071,19,370614
13305,0.002454,74.125.24.0-255,2902,344973,19,370614
13306,0.002475,74.125.24.0-255,5738,350711,19,370614
13307,0.002477,74.125.24.0-255,1484,352195,19,370614
13308,0.002499,74.125.24.0-255,8574,360769,19,370614
13309,0.002512,74.125.24.0-255,2902,363671,19,370614
13310,0.002529,74.125.24.0-255,4320,367991,19,370614
13311,0.002539,74.125.24.0-255,2347,370338,19,370614
13312,0.002561,74.125.24.0-255,105,370443,19,370614
13313,0.006128,172.31.36.0-255,66,370509,19,370614
13314,0.008489,172.31.36.0-255,105,370614,19,370614
13315,0.0,172.217.24.0-255,143,143,19,201007
13316,3.7e-05,172.31.36.0-255,66,209,19,201007
13317,4.6e-05,172.217.24.0-255,1484,1693,19,201007
13318,5.1e-05,172.31.36.0-255,66,1759,19,201007
13319,6.4e-05,172.217.24.0-255,2902,4661,19,201007
13320,6.7e-05,172.31.36.0-255,66,4727,19,201007
13321,7.4e-05,172.217.24.0-255,4320,9047,19,201007
13322,7.6e-05,172.31.36.0-255,66,9113,19,201007
13323,8.1e-05,172.217.24.0-255,4876,13989,19,201007
13324,8.5e-05,172.31.36.0-255,66,14055,19,201007
13325,0.000108,172.217.24.0-255,1484,15539,19,201007
13326,0.00011,172.31.36.0-255,66,15605,19,201007
13327,0.000115,172.217.24.0-255,2902,18507,19,201007
13328,0.000125,172.31.36.0-255,66,18573,19,201007
13329,0.000145,172.217.24.0-255,5738,24311,19,201007
13330,0.000148,172.31.36.0-255,66,24377,19,201007
13331,0.000154,172.217.24.0-255,4320,28697,19,201007
13332,0.000156,172.31.36.0-255,66,28763,19,201007
13333,0.000188,172.217.24.0-255,2543,31306,19,201007
13334,0.000191,172.31.36.0-255,66,31372,19,201007
13335,0.000216,172.217.24.0-255,2902,34274,19,201007
13336,0.00022,172.31.36.0-255,66,34340,19,201007
13337,0.000227,172.217.24.0-255,4320,38660,19,201007
13338,0.000229,172.31.36.0-255,66,38726,19,201007
13339,0.000264,172.217.24.0-255,2902,41628,19,201007
13340,0.000267,172.31.36.0-255,66,41694,19,201007
13341,0.000275,172.217.24.0-255,4320,46014,19,201007
13342,0.000277,172.31.36.0-255,66,46080,19,201007
13343,0.000286,172.217.24.0-255,2543,48623,19,201007
13344,0.000289,172.31.36.0-255,66,48689,19,201007
13345,0.000332,172.217.24.0-255,1484,50173,19,201007
13346,0.000335,172.31.36.0-255,66,50239,19,201007
13347,0.000355,172.217.24.0-255,2902,53141,19,201007
13348,0.000362,172.217.24.0-255,5738,58879,19,201007
13349,0.000363,172.31.36.0-255,66,58945,19,201007
13350,0.000371,172.31.36.0-255,66,59011,19,201007
13351,0.000403,172.217.24.0-255,6797,65808,19,201007
13352,0.000415,172.31.36.0-255,66,65874,19,201007
13353,0.000417,172.217.24.0-255,358,66232,19,201007
13354,0.000866,172.31.36.0-255,66,66298,19,201007
13355,0.001001,172.217.24.0-255,136,66434,19,201007
13356,0.001191,172.217.24.0-255,1484,67918,19,201007
13357,0.001196,172.31.36.0-255,66,67984,19,201007
13358,0.001202,172.217.24.0-255,2902,70886,19,201007
13359,0.001205,172.31.36.0-255,66,70952,19,201007
13360,0.001212,172.217.24.0-255,5738,76690,19,201007
13361,0.001214,172.31.36.0-255,66,76756,19,201007
13362,0.001296,172.31.36.0-255,66,76822,19,201007
13363,0.001306,172.217.24.0-255,9633,86455,19,201007
13364,0.001496,172.217.24.0-255,1484,87939,19,201007
13365,0.001503,172.217.24.0-255,2902,90841,19,201007
13366,0.001506,172.217.24.0-255,1484,92325,19,201007
13367,0.001527,172.217.24.0-255,4320,96645,19,201007
13368,0.001533,172.217.24.0-255,4320,100965,19,201007
13369,0.001556,172.217.24.0-255,8574,109539,19,201007
13370,0.001561,172.217.24.0-255,4320,113859,19,201007
13371,0.00158,172.217.24.0-255,6438,120297,19,201007
13372,0.001608,172.217.24.0-255,1484,121781,19,201007
13373,0.001625,172.217.24.0-255,2902,124683,19,201007
13374,0.001631,172.217.24.0-255,5738,130421,19,201007
13375,0.001656,172.217.24.0-255,5738,136159,19,201007
13376,0.001683,172.217.24.0-255,7156,143315,19,201007
13377,0.001691,172.217.24.0-255,8574,151889,19,201007
13378,0.001705,172.217.24.0-255,2184,154073,19,201007
13379,0.001753,172.217.24.0-255,1484,155557,19,201007
13380,0.001768,172.217.24.0-255,1484,157041,19,201007
13381,0.001773,172.217.24.0-255,4320,161361,19,201007
13382,0.001793,172.217.24.0-255,8574,169935,19,201007
13383,0.001818,172.217.24.0-255,4320,174255,19,201007
13384,0.001834,172.217.24.0-255,8574,182829,19,201007
13385,0.001847,172.217.24.0-255,5020,187849,19,201007
13386,0.001955,172.217.24.0-255,1484,189333,19,201007
13387,0.004831,172.31.36.0-255,66,189399,19,201007
13388,0.006768,172.217.24.0-255,5738,195137,19,201007
13389,0.006774,172.31.36.0-255,66,195203,19,201007
13390,0.008702,172.217.24.0-255,5738,200941,19,201007
13391,0.008709,172.31.36.0-255,66,201007,19,201007
13392,0.0,172.253.118.0-255,150,150,19,138157
13393,2.5e-05,172.31.36.0-255,66,216,19,138157
13394,3.3e-05,172.253.118.0-255,1484,1700,19,138157
13395,3.7e-05,172.31.36.0-255,66,1766,19,138157
13396,4.3e-05,172.253.118.0-255,2902,4668,19,138157
13397,5.5e-05,172.31.36.0-255,66,4734,19,138157
13398,6.3e-05,172.253.118.0-255,7156,11890,19,138157
13399,6.5e-05,172.31.36.0-255,66,11956,19,138157
13400,6.9e-05,172.253.118.0-255,1484,13440,19,138157
13401,7.1e-05,172.31.36.0-255,66,13506,19,138157
13402,7.5e-05,172.253.118.0-255,646,14152,19,138157
13403,7.7e-05,172.31.36.0-255,66,14218,19,138157
13404,0.00035,172.253.118.0-255,1484,15702,19,138157
13405,0.000357,172.31.36.0-255,66,15768,19,138157
13406,0.000387,172.253.118.0-255,2902,18670,19,138157
13407,0.000391,172.31.36.0-255,66,18736,19,138157
13408,0.000398,172.253.118.0-255,5738,24474,19,138157
13409,0.0004,172.31.36.0-255,66,24540,19,138157
13410,0.000405,172.253.118.0-255,2902,27442,19,138157
13411,0.000408,172.31.36.0-255,66,27508,19,138157
13412,0.000429,172.253.118.0-255,1484,28992,19,138157
13413,0.000433,172.31.36.0-255,66,29058,19,138157
13414,0.000448,172.253.118.0-255,5738,34796,19,138157
13415,0.000451,172.31.36.0-255,66,34862,19,138157
13416,0.000487,172.253.118.0-255,6797,41659,19,138157
13417,0.00049,172.31.36.0-255,66,41725,19,138157
13418,0.000499,172.253.118.0-255,6797,48522,19,138157
13419,0.000501,172.31.36.0-255,66,48588,19,138157
13420,0.00053,172.253.118.0-255,1484,50072,19,138157
13421,0.000533,172.31.36.0-255,66,50138,19,138157
13422,0.000547,172.253.118.0-255,2902,53040,19,138157
13423,0.000556,172.31.36.0-255,66,53106,19,138157
13424,0.000563,172.253.118.0-255,5738,58844,19,138157
13425,0.000566,172.31.36.0-255,66,58910,19,138157
13426,0.000618,172.253.118.0-255,5738,64648,19,138157
13427,0.000621,172.31.36.0-255,66,64714,19,138157
13428,0.000648,172.253.118.0-255,1125,65839,19,138157
13429,0.000652,172.253.118.0-255,676,66515,19,138157
13430,0.000654,172.31.36.0-255,66,66581,19,138157
13431,0.00101,172.253.118.0-255,1484,68065,19,138157
13432,0.001017,172.253.118.0-255,2902,70967,19,138157
13433,0.00102,172.31.36.0-255,66,71033,19,138157
13434,0.001026,172.253.118.0-255,2902,73935,19,138157
13435,0.001028,172.31.36.0-255,66,74001,19,138157
13436,0.001049,172.253.118.0-255,2902,76903,19,138157
13437,0.001057,172.253.118.0-255,7156,84059,19,138157
13438,0.001066,172.31.36.0-255,66,84125,19,138157
13439,0.00107,172.31.36.0-255,66,84191,19,138157
13440,0.001097,172.253.118.0-255,5738,89929,19,138157
13441,0.0011,172.31.36.0-255,66,89995,19,138157
13442,0.001108,172.253.118.0-255,8574,98569,19,138157
13443,0.001111,172.31.36.0-255,66,98635,19,138157
13444,0.001115,172.253.118.0-255,2184,100819,19,138157
13445,0.001118,172.31.36.0-255,66,100885,19,138157
13446,0.001792,172.253.118.0-255,1484,102369,19,138157
13447,0.001801,172.253.118.0-255,2902,105271,19,138157
13448,0.001806,172.31.36.0-255,66,105337,19,138157
13449,0.001813,172.253.118.0-255,4320,109657,19,138157
13450,0.001815,172.31.36.0-255,66,109723,19,138157
13451,0.001854,172.253.118.0-255,1484,111207,19,138157
13452,0.001862,172.253.118.0-255,7156,118363,19,138157
13453,0.001865,172.31.36.0-255,66,118429,19,138157
13454,0.001881,172.31.36.0-255,66,118495,19,138157
13455,0.001886,172.253.118.0-255,2184,120679,19,138157
13456,0.001888,172.31.36.0-255,66,120745,19,138157
13457,0.00421,172.253.118.0-255,5738,126483,19,138157
13458,0.004221,172.31.36.0-255,66,126549,19,138157
13459,0.006499,172.253.118.0-255,5738,132287,19,138157
13460,0.006504,172.31.36.0-255,66,132353,19,138157
13461,0.008791,172.253.118.0-255,5738,138091,19,138157
13462,0.0088,172.31.36.0-255,66,138157,19,138157
13463,0.0,74.125.130.0-255,150,150,19,310190
13464,1.4e-05,172.31.36.0-255,66,216,19,310190
13465,4.7e-05,74.125.130.0-255,1484,1700,19,310190
13466,5.1e-05,172.31.36.0-255,66,1766,19,310190
13467,0.000101,74.125.130.0-255,2902,4668,19,310190
13468,0.000105,172.31.36.0-255,66,4734,19,310190
13469,0.000112,74.125.130.0-255,5738,10472,19,310190
13470,0.000114,172.31.36.0-255,66,10538,19,310190
13471,0.000117,74.125.130.0-255,1484,12022,19,310190
13472,0.000118,172.31.36.0-255,66,12088,19,310190
13473,0.000122,74.125.130.0-255,2047,14135,19,310190
13474,0.000124,172.31.36.0-255,66,14201,19,310190
13475,0.000255,74.125.130.0-255,1484,15685,19,310190
13476,0.00026,172.31.36.0-255,66,15751,19,310190
13477,0.000264,74.125.130.0-255,1484,17235,19,310190
13478,0.000265,172.31.36.0-255,66,17301,19,310190
13479,0.000293,74.125.130.0-255,1484,18785,19,310190
13480,0.000295,172.31.36.0-255,66,18851,19,310190
13481,0.0003,74.125.130.0-255,2902,21753,19,310190
13482,0.000302,172.31.36.0-255,66,21819,19,310190
13483,0.000325,74.125.130.0-255,1484,23303,19,310190
13484,0.000327,172.31.36.0-255,66,23369,19,310190
13485,0.000333,74.125.130.0-255,5738,29107,19,310190
13486,0.000335,172.31.36.0-255,66,29173,19,310190
13487,0.000357,74.125.130.0-255,2543,31716,19,310190
13488,0.000359,172.31.36.0-255,66,31782,19,310190
13489,0.000379,74.125.130.0-255,2902,34684,19,310190
13490,0.000382,172.31.36.0-255,66,34750,19,310190
13491,0.000405,74.125.130.0-255,7156,41906,19,310190
13492,0.000408,172.31.36.0-255,66,41972,19,310190
13493,0.00045,74.125.130.0-255,6797,48769,19,310190
13494,0.000452,172.31.36.0-255,66,48835,19,310190
13495,0.000567,74.125.130.0-255,1484,50319,19,310190
13496,0.000583,74.125.130.0-255,2902,53221,19,310190
13497,0.000586,172.31.36.0-255,66,53287,19,310190
13498,0.000611,74.125.130.0-255,4320,57607,19,310190
13499,0.000614,172.31.36.0-255,66,57673,19,310190
13500,0.00062,74.125.130.0-255,5738,63411,19,310190
13501,0.000623,172.31.36.0-255,66,63477,19,310190
13502,0.000654,74.125.130.0-255,2543,66020,19,310190
13503,0.000657,172.31.36.0-255,66,66086,19,310190
13504,0.000723,74.125.130.0-255,362,66448,19,310190
13505,0.000764,74.125.130.0-255,1484,67932,19,310190
13506,0.000768,172.31.36.0-255,66,67998,19,310190
13507,0.000789,74.125.130.0-255,4320,72318,19,310190
13508,0.000792,172.31.36.0-255,66,72384,19,310190
13509,0.000797,74.125.130.0-255,4320,76704,19,310190
13510,0.0008,172.31.36.0-255,66,76770,19,310190
13511,0.000813,74.125.130.0-255,2902,79672,19,310190
13512,0.00082,172.31.36.0-255,66,79738,19,310190
13513,0.000829,74.125.130.0-255,8574,88312,19,310190
13514,0.000835,172.31.36.0-255,66,88378,19,310190
13515,0.000856,74.125.130.0-255,4320,92698,19,310190
13516,0.00086,172.31.36.0-255,66,92764,19,310190
13517,0.000894,74.125.130.0-255,7156,99920,19,310190
13518,0.000897,172.31.36.0-255,66,99986,19,310190
13519,0.000901,74.125.130.0-255,766,100752,19,310190
13520,0.000926,74.125.130.0-255,382,101134,19,310190
13521,0.001006,74.125.130.0-255,1484,102618,19,310190
13522,0.001011,74.125.130.0-255,2902,105520,19,310190
13523,0.001015,172.31.36.0-255,66,105586,19,310190
13524,0.001024,172.31.36.0-255,66,105652,19,310190
13525,0.001052,74.125.130.0-255,5738,111390,19,310190
13526,0.001055,172.31.36.0-255,66,111456,19,310190
13527,0.001061,74.125.130.0-255,4320,115776,19,310190
13528,0.001063,172.31.36.0-255,66,115842,19,310190
13529,0.001092,74.125.130.0-255,4320,120162,19,310190
13530,0.001095,172.31.36.0-255,66,120228,19,310190
13531,0.001105,74.125.130.0-255,9992,130220,19,310190
13532,0.001108,172.31.36.0-255,66,130286,19,310190
13533,0.001114,74.125.130.0-255,5020,135306,19,310190
13534,0.001116,172.31.36.0-255,66,135372,19,310190
13535,0.00117,74.125.130.0-255,1484,136856,19,310190
13536,0.00119,74.125.130.0-255,2902,139758,19,310190
13537,0.001195,172.31.36.0-255,66,139824,19,310190
13538,0.001202,74.125.130.0-255,1484,141308,19,310190
13539,0.001222,74.125.130.0-255,4320,145628,19,310190
13540,0.001224,172.31.36.0-255,66,145694,19,310190
13541,0.001232,74.125.130.0-255,7156,152850,19,310190
13542,0.001234,172.31.36.0-255,66,152916,19,310190
13543,0.001279,172.31.36.0-255,66,152982,19,310190
13544,0.001302,74.125.130.0-255,2184,155166,19,310190
13545,0.001305,172.31.36.0-255,66,155232,19,310190
13546,0.001349,74.125.130.0-255,2902,158134,19,310190
13547,0.001352,172.31.36.0-255,66,158200,19,310190
13548,0.001358,74.125.130.0-255,2902,161102,19,310190
13549,0.00136,172.31.36.0-255,66,161168,19,310190
13550,0.001387,74.125.130.0-255,1484,162652,19,310190
13551,0.001396,74.125.130.0-255,8574,171226,19,310190
13552,0.001399,172.31.36.0-255,66,171292,19,310190
13553,0.001402,74.125.130.0-255,1484,172776,19,310190
13554,0.001424,74.125.130.0-255,1484,174260,19,310190
13555,0.001427,172.31.36.0-255,66,174326,19,310190
13556,0.001432,74.125.130.0-255,4320,178646,19,310190
13557,0.001434,172.31.36.0-255,66,178712,19,310190
13558,0.001459,74.125.130.0-255,4320,183032,19,310190
13559,0.001462,172.31.36.0-255,66,183098,19,310190
13560,0.001485,74.125.130.0-255,4320,187418,19,310190
13561,0.00149,172.31.36.0-255,66,187484,19,310190
13562,0.001515,74.125.130.0-255,2184,189668,19,310190
13563,0.001518,172.31.36.0-255,66,189734,19,310190
13564,0.001553,74.125.130.0-255,2902,192636,19,310190
13565,0.001556,172.31.36.0-255,66,192702,19,310190
13566,0.001583,74.125.130.0-255,4320,197022,19,310190
13567,0.001586,172.31.36.0-255,66,197088,19,310190
13568,0.001592,74.125.130.0-255,5738,202826,19,310190
13569,0.001594,172.31.36.0-255,66,202892,19,310190
13570,0.001622,74.125.130.0-255,2902,205794,19,310190
13571,0.001627,74.125.130.0-255,4320,210114,19,310190
13572,0.001633,74.125.130.0-255,5738,215852,19,310190
13573,0.001637,172.31.36.0-255,66,215918,19,310190
13574,0.00164,172.31.36.0-255,66,215984,19,310190
13575,0.001643,172.31.36.0-255,66,216050,19,310190
13576,0.001681,74.125.130.0-255,7856,223906,19,310190
13577,0.001684,172.31.36.0-255,66,223972,19,310190
13578,0.001719,74.125.130.0-255,1484,225456,19,310190
13579,0.001723,74.125.130.0-255,1484,226940,19,310190
13580,0.001725,172.31.36.0-255,66,227006,19,310190
13581,0.001748,74.125.130.0-255,1484,228490,19,310190
13582,0.001754,74.125.130.0-255,5738,234228,19,310190
13583,0.001762,74.125.130.0-255,2902,237130,19,310190
13584,0.001768,74.125.130.0-255,4320,241450,19,310190
13585,0.001777,172.31.36.0-255,66,241516,19,310190
13586,0.00178,172.31.36.0-255,66,241582,19,310190
13587,0.001783,172.31.36.0-255,66,241648,19,310190
13588,0.001825,74.125.130.0-255,8574,250222,19,310190
13589,0.001828,172.31.36.0-255,66,250288,19,310190
13590,0.001833,74.125.130.0-255,4320,254608,19,310190
13591,0.001836,172.31.36.0-255,66,254674,19,310190
13592,0.00187,74.125.130.0-255,3602,258276,19,310190
13593,0.001873,172.31.36.0-255,66,258342,19,310190
13594,0.0019,74.125.130.0-255,1484,259826,19,310190
13595,0.001916,74.125.130.0-255,2902,262728,19,310190
13596,0.001919,172.31.36.0-255,66,262794,19,310190
13597,0.001925,74.125.130.0-255,2902,265696,19,310190
13598,0.001927,172.31.36.0-255,66,265762,19,310190
13599,0.001947,74.125.130.0-255,2902,268664,19,310190
13600,0.00195,172.31.36.0-255,66,268730,19,310190
13601,0.001966,74.125.130.0-255,4320,273050,19,310190
13602,0.001968,172.31.36.0-255,66,273116,19,310190
13603,0.001996,74.125.130.0-255,5738,278854,19,310190
13604,0.001999,172.31.36.0-255,66,278920,19,310190
13605,0.002005,74.125.130.0-255,4320,283240,19,310190
13606,0.002007,172.31.36.0-255,66,283306,19,310190
13607,0.00204,74.125.130.0-255,7156,290462,19,310190
13608,0.002043,74.125.130.0-255,1484,291946,19,310190
13609,0.002046,74.125.130.0-255,766,292712,19,310190
13610,0.002071,172.31.36.0-255,66,292778,19,310190
13611,0.004178,74.125.130.0-255,5738,298516,19,310190
13612,0.004185,172.31.36.0-255,66,298582,19,310190
13613,0.006341,74.125.130.0-255,5738,304320,19,310190
13614,0.006357,172.31.36.0-255,66,304386,19,310190
13615,0.008527,74.125.130.0-255,5738,310124,19,310190
13616,0.008542,172.31.36.0-255,66,310190,19,310190
13617,0.0,172.31.36.0-255,105,105,19,105
13618,0.0,172.217.194.0-255,153,153,19,196097
13619,3.5e-05,172.31.36.0-255,66,219,19,196097
13620,4.3e-05,172.217.194.0-255,1484,1703,19,196097
13621,4.8e-05,172.31.36.0-255,66,1769,19,196097
13622,5.3e-05,172.217.194.0-255,2902,4671,19,196097
13623,5.5e-05,172.31.36.0-255,66,4737,19,196097
13624,8.5e-05,172.217.194.0-255,5738,10475,19,196097
13625,8.7e-05,172.31.36.0-255,66,10541,19,196097
13626,0.000125,172.217.194.0-255,3499,14040,19,196097
13627,0.000127,172.31.36.0-255,66,14106,19,196097
13628,0.00016,172.217.194.0-255,4320,18426,19,196097
13629,0.000163,172.31.36.0-255,66,18492,19,196097
13630,0.00017,172.217.194.0-255,5738,24230,19,196097
13631,0.000172,172.31.36.0-255,66,24296,19,196097
13632,0.000209,172.217.194.0-255,4320,28616,19,196097
13633,0.000212,172.31.36.0-255,66,28682,19,196097
13634,0.000236,172.217.194.0-255,8215,36897,19,196097
13635,0.000238,172.31.36.0-255,66,36963,19,196097
13636,0.000244,172.217.194.0-255,5738,42701,19,196097
13637,0.000246,172.31.36.0-255,66,42767,19,196097
13638,0.000281,172.217.194.0-255,5379,48146,19,196097
13639,0.000284,172.31.36.0-255,66,48212,19,196097
13640,0.000536,172.217.194.0-255,1484,49696,19,196097
13641,0.00054,172.31.36.0-255,66,49762,19,196097
13642,0.000544,172.217.194.0-255,1484,51246,19,196097
13643,0.000546,172.31.36.0-255,66,51312,19,196097
13644,0.00056,172.217.194.0-255,1484,52796,19,196097
13645,0.000563,172.31.36.0-255,66,52862,19,196097
13646,0.000568,172.217.194.0-255,4320,57182,19,196097
13647,0.00057,172.31.36.0-255,66,57248,19,196097
13648,0.000591,172.217.194.0-255,1484,58732,19,196097
13649,0.000594,172.31.36.0-255,66,58798,19,196097
13650,0.000601,172.217.194.0-255,6797,65595,19,196097
13651,0.000603,172.31.36.0-255,66,65661,19,196097
13652,0.000606,172.217.194.0-255,364,66025,19,196097
13653,0.00075,172.217.194.0-255,379,66404,19,196097
13654,0.000818,172.31.36.0-255,66,66470,19,196097
13655,0.001072,172.217.194.0-255,1484,67954,19,196097
13656,0.001081,172.217.194.0-255,2902,70856,19,196097
13657,0.001085,172.31.36.0-255,66,70922,19,196097
13658,0.001092,172.217.194.0-255,5738,76660,19,196097
13659,0.001094,172.31.36.0-255,66,76726,19,196097
13660,0.001132,172.31.36.0-255,66,76792,19,196097
13661,0.001155,172.217.194.0-255,5738,82530,19,196097
13662,0.001158,172.31.36.0-255,66,82596,19,196097
13663,0.001177,172.217.194.0-255,3961,86557,19,196097
13664,0.001179,172.31.36.0-255,66,86623,19,196097
13665,0.001792,172.217.194.0-255,1484,88107,19,196097
13666,0.001798,172.217.194.0-255,1484,89591,19,196097
13667,0.001802,172.31.36.0-255,66,89657,19,196097
13668,0.00182,172.217.194.0-255,1484,91141,19,196097
13669,0.001824,172.217.194.0-255,2902,94043,19,196097
13670,0.001826,172.31.36.0-255,66,94109,19,196097
13671,0.001841,172.217.194.0-255,2902,97011,19,196097
13672,0.001843,172.31.36.0-255,66,97077,19,196097
13673,0.001858,172.217.194.0-255,1484,98561,19,196097
13674,0.001882,172.217.194.0-255,5738,104299,19,196097
13675,0.001885,172.31.36.0-255,66,104365,19,196097
13676,0.001892,172.217.194.0-255,8574,112939,19,196097
13677,0.001895,172.31.36.0-255,66,113005,19,196097
13678,0.00192,172.217.194.0-255,7856,120861,19,196097
13679,0.002067,172.217.194.0-255,1484,122345,19,196097
13680,0.00207,172.217.194.0-255,1484,123829,19,196097
13681,0.00208,172.217.194.0-255,1484,125313,19,196097
13682,0.002092,172.217.194.0-255,2902,128215,19,196097
13683,0.002108,172.217.194.0-255,2902,131117,19,196097
13684,0.002121,172.217.194.0-255,1484,132601,19,196097
13685,0.00216,172.217.194.0-255,4320,136921,19,196097
13686,0.002173,172.217.194.0-255,4320,141241,19,196097
13687,0.002184,172.217.194.0-255,2184,143425,19,196097
13688,0.002211,172.217.194.0-255,2902,146327,19,196097
13689,0.002224,172.217.194.0-255,2902,149229,19,196097
13690,0.002261,172.217.194.0-255,8574,157803,19,196097
13691,0.002269,172.217.194.0-255,7856,165659,19,196097
13692,0.0023,172.217.194.0-255,1484,167143,19,196097
13693,0.002305,172.217.194.0-255,2902,170045,19,196097
13694,0.002309,172.217.194.0-255,2902,172947,19,196097
13695,0.002319,172.217.194.0-255,2902,175849,19,196097
13696,0.002324,172.217.194.0-255,4320,180169,19,196097
13697,0.002348,172.217.194.0-255,8574,188743,19,196097
13698,0.002351,172.217.194.0-255,1484,190227,19,196097
13699,0.006645,172.31.36.0-255,66,190293,19,196097
13700,0.008973,172.217.194.0-255,5738,196031,19,196097
13701,0.00898,172.31.36.0-255,66,196097,19,196097
13702,0.0,74.125.200.0-255,66,66,19,66
13703,0.0,172.217.194.0-255,153,153,19,271124
13704,3e-05,172.31.36.0-255,66,219,19,271124
13705,3.7e-05,172.217.194.0-255,1484,1703,19,271124
13706,4e-05,172.31.36.0-255,66,1769,19,271124
13707,4.5e-05,172.217.194.0-255,2902,4671,19,271124
13708,4.7e-05,172.31.36.0-255,66,4737,19,271124
13709,5.4e-05,172.217.194.0-255,7156,11893,19,271124
13710,5.7e-05,172.31.36.0-255,66,11959,19,271124
13711,6e-05,172.217.194.0-255,2028,13987,19,271124
13712,6.3e-05,172.31.36.0-255,66,14053,19,271124
13713,6.5e-05,172.217.194.0-255,1484,15537,19,271124
13714,6.7e-05,172.31.36.0-255,66,15603,19,271124
13715,9.2e-05,172.217.194.0-255,9992,25595,19,271124
13716,9.4e-05,172.31.36.0-255,66,25661,19,271124
13717,9.9e-05,172.217.194.0-255,4320,29981,19,271124
13718,0.000101,172.31.36.0-255,66,30047,19,271124
13719,0.000112,172.217.194.0-255,1125,31172,19,271124
13720,0.000114,172.31.36.0-255,66,31238,19,271124
13721,0.000147,172.217.194.0-255,1484,32722,19,271124
13722,0.00015,172.31.36.0-255,66,32788,19,271124
13723,0.000153,172.217.194.0-255,1484,34272,19,271124
13724,0.000157,172.31.36.0-255,66,34338,19,271124
13725,0.000169,172.217.194.0-255,1484,35822,19,271124
13726,0.00017,172.31.36.0-255,66,35888,19,271124
13727,0.000176,172.217.194.0-255,5738,41626,19,271124
13728,0.000178,172.31.36.0-255,66,41692,19,271124
13729,0.000196,172.217.194.0-255,5738,47430,19,271124
13730,0.000199,172.31.36.0-255,66,47496,19,271124
13731,0.000233,172.217.194.0-255,8215,55711,19,271124
13732,0.000237,172.31.36.0-255,66,55777,19,271124
13733,0.000245,172.217.194.0-255,9633,65410,19,271124
13734,0.000247,172.31.36.0-255,66,65476,19,271124
13735,0.000374,172.217.194.0-255,646,66122,19,271124
13736,0.000441,172.217.194.0-255,1484,67606,19,271124
13737,0.000445,172.31.36.0-255,66,67672,19,271124
13738,0.000451,172.217.194.0-255,4320,71992,19,271124
13739,0.000453,172.31.36.0-255,66,72058,19,271124
13740,0.000477,172.217.194.0-255,4320,76378,19,271124
13741,0.00048,172.31.36.0-255,66,76444,19,271124
13742,0.000498,172.217.194.0-255,1484,77928,19,271124
13743,0.000527,172.31.36.0-255,66,77994,19,271124
13744,0.000535,172.217.194.0-255,9633,87627,19,271124
13745,0.000537,172.31.36.0-255,66,87693,19,271124
13746,0.000566,172.217.194.0-255,1484,89177,19,271124
13747,0.000582,172.217.194.0-255,2902,92079,19,271124
13748,0.000584,172.31.36.0-255,66,92145,19,271124
13749,0.000602,172.217.194.0-255,5738,97883,19,271124
13750,0.000604,172.31.36.0-255,66,97949,19,271124
13751,0.000634,172.31.36.0-255,66,98015,19,271124
13752,0.000641,172.217.194.0-255,8574,106589,19,271124
13753,0.000643,172.31.36.0-255,66,106655,19,271124
13754,0.000668,172.217.194.0-255,2184,108839,19,271124
13755,0.000672,172.31.36.0-255,66,108905,19,271124
13756,0.00069,172.217.194.0-255,2902,111807,19,271124
13757,0.000693,172.31.36.0-255,66,111873,19,271124
13758,0.000718,172.217.194.0-255,7156,119029,19,271124
13759,0.000722,172.31.36.0-255,66,119095,19,271124
13760,0.000731,172.217.194.0-255,2902,121997,19,271124
13761,0.000733,172.31.36.0-255,66,122063,19,271124
13762,0.000759,172.217.194.0-255,7156,129219,19,271124
13763,0.000762,172.31.36.0-255,66,129285,19,271124
13764,0.00081,172.31.36.0-255,66,129351,19,271124
13765,0.000917,172.217.194.0-255,1484,130835,19,271124
13766,0.000922,172.217.194.0-255,2902,133737,19,271124
13767,0.000924,172.31.36.0-255,66,133803,19,271124
13768,0.000946,172.217.194.0-255,5738,139541,19,271124
13769,0.000949,172.31.36.0-255,66,139607,19,271124
13770,0.000955,172.217.194.0-255,5738,145345,19,271124
13771,0.000957,172.31.36.0-255,66,145411,19,271124
13772,0.000972,172.217.194.0-255,7156,152567,19,271124
13773,0.000974,172.31.36.0-255,66,152633,19,271124
13774,0.001003,172.217.194.0-255,10692,163325,19,271124
13775,0.001006,172.31.36.0-255,66,163391,19,271124
13776,0.001152,172.217.194.0-255,1484,164875,19,271124
13777,0.001157,172.217.194.0-255,2902,167777,19,271124
13778,0.001159,172.31.36.0-255,66,167843,19,271124
13779,0.001172,172.217.194.0-255,1484,169327,19,271124
13780,0.00119,172.217.194.0-255,4320,173647,19,271124
13781,0.001198,172.217.194.0-255,7156,180803,19,271124
13782,0.001201,172.31.36.0-255,66,180869,19,271124
13783,0.001205,172.31.36.0-255,66,180935,19,271124
13784,0.001209,172.217.194.0-255,1484,182419,19,271124
13785,0.001223,172.217.194.0-255,5738,188157,19,271124
13786,0.001226,172.31.36.0-255,66,188223,19,271124
13787,0.001253,172.217.194.0-255,7156,195379,19,271124
13788,0.001257,172.31.36.0-255,66,195445,19,271124
13789,0.001261,172.217.194.0-255,2184,197629,19,271124
13790,0.001263,172.31.36.0-255,66,197695,19,271124
13791,0.001295,172.217.194.0-255,2902,200597,19,271124
13792,0.001298,172.31.36.0-255,66,200663,19,271124
13793,0.001303,172.217.194.0-255,4320,204983,19,271124
13794,0.001306,172.31.36.0-255,66,205049,19,271124
13795,0.001329,172.217.194.0-255,8574,213623,19,271124
13796,0.001333,172.31.36.0-255,66,213689,19,271124
13797,0.001398,172.217.194.0-255,1484,215173,19,271124
13798,0.0014,172.31.36.0-255,66,215239,19,271124
13799,0.001448,172.31.36.0-255,66,215305,19,271124
13800,0.001455,172.217.194.0-255,5020,220325,19,271124
13801,0.001458,172.31.36.0-255,66,220391,19,271124
13802,0.001479,172.217.194.0-255,5738,226129,19,271124
13803,0.001483,172.31.36.0-255,66,226195,19,271124
13804,0.001506,172.217.194.0-255,4320,230515,19,271124
13805,0.001509,172.31.36.0-255,66,230581,19,271124
13806,0.001533,172.217.194.0-255,7156,237737,19,271124
13807,0.001538,172.31.36.0-255,66,237803,19,271124
13808,0.001542,172.217.194.0-255,4320,242123,19,271124
13809,0.001545,172.31.36.0-255,66,242189,19,271124
13810,0.001575,172.31.36.0-255,66,242255,19,271124
13811,0.001582,172.217.194.0-255,7156,249411,19,271124
13812,0.001586,172.31.36.0-255,66,249477,19,271124
13813,0.00162,172.217.194.0-255,9992,259469,19,271124
13814,0.001624,172.31.36.0-255,66,259535,19,271124
13815,0.001639,172.31.36.0-255,66,259601,19,271124
13816,0.001662,172.217.194.0-255,8574,268175,19,271124
13817,0.001665,172.31.36.0-255,66,268241,19,271124
13818,0.001711,172.31.36.0-255,66,268307,19,271124
13819,0.001716,172.217.194.0-255,2409,270716,19,271124
13820,0.001719,172.31.36.0-255,66,270782,19,271124
13821,0.001721,172.217.194.0-255,105,270887,19,271124
13822,0.003086,172.31.36.0-255,66,270953,19,271124
13823,0.00311,172.31.36.0-255,105,271058,19,271124
13824,0.005405,172.217.194.0-255,66,271124,19,271124
13825,0.0,74.125.130.0-255,152,152,19,265203
13826,2.7e-05,172.31.36.0-255,66,218,19,265203
13827,3.4e-05,74.125.130.0-255,1484,1702,19,265203
13828,3.8e-05,172.31.36.0-255,66,1768,19,265203
13829,4.4e-05,74.125.130.0-255,2902,4670,19,265203
13830,4.6e-05,172.31.36.0-255,66,4736,19,265203
13831,6e-05,74.125.130.0-255,5738,10474,19,265203
13832,6.3e-05,172.31.36.0-255,66,10540,19,265203
13833,0.000103,74.125.130.0-255,3438,13978,19,265203
13834,0.000106,172.31.36.0-255,66,14044,19,265203
13835,0.000213,74.125.130.0-255,1484,15528,19,265203
13836,0.000218,172.31.36.0-255,66,15594,19,265203
13837,0.000222,74.125.130.0-255,1484,17078,19,265203
13838,0.000224,172.31.36.0-255,66,17144,19,265203
13839,0.000241,74.125.130.0-255,1484,18628,19,265203
13840,0.000244,172.31.36.0-255,66,18694,19,265203
13841,0.000249,74.125.130.0-255,2902,21596,19,265203
13842,0.000254,172.31.36.0-255,66,21662,19,265203
13843,0.00027,74.125.130.0-255,2902,24564,19,265203
13844,0.000274,172.31.36.0-255,66,24630,19,265203
13845,0.000282,74.125.130.0-255,6797,31427,19,265203
13846,0.000284,172.31.36.0-255,66,31493,19,265203
13847,0.00031,74.125.130.0-255,1484,32977,19,265203
13848,0.000313,172.31.36.0-255,66,33043,19,265203
13849,0.000318,74.125.130.0-255,2902,35945,19,265203
13850,0.00032,172.31.36.0-255,66,36011,19,265203
13851,0.000325,74.125.130.0-255,2902,38913,19,265203
13852,0.000328,172.31.36.0-255,66,38979,19,265203
13853,0.000352,74.125.130.0-255,2902,41881,19,265203
13854,0.000356,172.31.36.0-255,66,41947,19,265203
13855,0.000364,74.125.130.0-255,6797,48744,19,265203
13856,0.000367,172.31.36.0-255,66,48810,19,265203
13857,0.000413,74.125.130.0-255,1484,50294,19,265203
13858,0.000427,74.125.130.0-255,2902,53196,19,265203
13859,0.00043,172.31.36.0-255,66,53262,19,265203
13860,0.000462,74.125.130.0-255,5738,59000,19,265203
13861,0.000467,172.31.36.0-255,66,59066,19,265203
13862,0.000472,74.125.130.0-255,2902,61968,19,265203
13863,0.000475,172.31.36.0-255,66,62034,19,265203
13864,0.00051,74.125.130.0-255,3961,65995,19,265203
13865,0.000512,74.125.130.0-255,376,66371,19,265203
13866,0.000513,172.31.36.0-255,66,66437,19,265203
13867,0.000645,74.125.130.0-255,1484,67921,19,265203
13868,0.000649,172.31.36.0-255,66,67987,19,265203
13869,0.000655,74.125.130.0-255,2902,70889,19,265203
13870,0.000657,172.31.36.0-255,66,70955,19,265203
13871,0.000686,74.125.130.0-255,5738,76693,19,265203
13872,0.000689,172.31.36.0-255,66,76759,19,265203
13873,0.00072,74.125.130.0-255,5738,82497,19,265203
13874,0.000723,172.31.36.0-255,66,82563,19,265203
13875,0.000747,74.125.130.0-255,6797,89360,19,265203
13876,0.00075,172.31.36.0-255,66,89426,19,265203
13877,0.000776,74.125.130.0-255,8574,98000,19,265203
13878,0.000779,172.31.36.0-255,66,98066,19,265203
13879,0.000806,74.125.130.0-255,2821,100887,19,265203
13880,0.000809,172.31.36.0-255,66,100953,19,265203
13881,0.001061,74.125.130.0-255,1484,102437,19,265203
13882,0.001067,74.125.130.0-255,1484,103921,19,265203
13883,0.001069,172.31.36.0-255,66,103987,19,265203
13884,0.001082,74.125.130.0-255,1484,105471,19,265203
13885,0.001093,74.125.130.0-255,5738,111209,19,265203
13886,0.001096,172.31.36.0-255,66,111275,19,265203
13887,0.001138,172.31.36.0-255,66,111341,19,265203
13888,0.001145,74.125.130.0-255,5738,117079,19,265203
13889,0.001148,172.31.36.0-255,66,117145,19,265203
13890,0.001176,74.125.130.0-255,5020,122165,19,265203
13891,0.001181,172.31.36.0-255,66,122231,19,265203
13892,0.001533,74.125.130.0-255,1484,123715,19,265203
13893,0.001544,74.125.130.0-255,2902,126617,19,265203
13894,0.001548,172.31.36.0-255,66,126683,19,265203
13895,0.001556,74.125.130.0-255,4320,131003,19,265203
13896,0.001558,172.31.36.0-255,66,131069,19,265203
13897,0.001595,74.125.130.0-255,1484,132553,19,265203
13898,0.001604,74.125.130.0-255,7156,139709,19,265203
13899,0.001607,172.31.36.0-255,66,139775,19,265203
13900,0.001616,74.125.130.0-255,8574,148349,19,265203
13901,0.001618,172.31.36.0-255,66,148415,19,265203
13902,0.001621,74.125.130.0-255,1484,149899,19,265203
13903,0.001647,74.125.130.0-255,6438,156337,19,265203
13904,0.001651,172.31.36.0-255,66,156403,19,265203
13905,0.001766,74.125.130.0-255,1484,157887,19,265203
13906,0.001773,74.125.130.0-255,2902,160789,19,265203
13907,0.001777,172.31.36.0-255,66,160855,19,265203
13908,0.001783,74.125.130.0-255,4320,165175,19,265203
13909,0.001785,172.31.36.0-255,66,165241,19,265203
13910,0.001833,74.125.130.0-255,8574,173815,19,265203
13911,0.001836,172.31.36.0-255,66,173881,19,265203
13912,0.001853,172.31.36.0-255,66,173947,19,265203
13913,0.002087,74.125.130.0-255,1484,175431,19,265203
13914,0.002095,74.125.130.0-255,2902,178333,19,265203
13915,0.002099,172.31.36.0-255,66,178399,19,265203
13916,0.002106,74.125.130.0-255,5738,184137,19,265203
13917,0.00211,172.31.36.0-255,66,184203,19,265203
13918,0.002124,74.125.130.0-255,5738,189941,19,265203
13919,0.002127,172.31.36.0-255,66,190007,19,265203
13920,0.002166,74.125.130.0-255,7156,197163,19,265203
13921,0.002169,172.31.36.0-255,66,197229,19,265203
13922,0.002182,172.31.36.0-255,66,197295,19,265203
13923,0.002188,74.125.130.0-255,5738,203033,19,265203
13924,0.00219,172.31.36.0-255,66,203099,19,265203
13925,0.002227,74.125.130.0-255,5738,208837,19,265203
13926,0.002229,172.31.36.0-255,66,208903,19,265203
13927,0.002246,172.31.36.0-255,66,208969,19,265203
13928,0.002253,74.125.130.0-255,6438,215407,19,265203
13929,0.002256,172.31.36.0-255,66,215473,19,265203
13930,0.00228,74.125.130.0-255,1484,216957,19,265203
13931,0.002284,74.125.130.0-255,1484,218441,19,265203
13932,0.002287,172.31.36.0-255,66,218507,19,265203
13933,0.002307,74.125.130.0-255,1484,219991,19,265203
13934,0.002312,74.125.130.0-255,4320,224311,19,265203
13935,0.002315,172.31.36.0-255,66,224377,19,265203
13936,0.002332,74.125.130.0-255,1484,225861,19,265203
13937,0.002344,74.125.130.0-255,8574,234435,19,265203
13938,0.002347,172.31.36.0-255,66,234501,19,265203
13939,0.002351,74.125.130.0-255,2902,237403,19,265203
13940,0.002353,172.31.36.0-255,66,237469,19,265203
13941,0.002372,74.125.130.0-255,7156,244625,19,265203
13942,0.002375,172.31.36.0-255,66,244691,19,265203
13943,0.00238,74.125.130.0-255,4320,249011,19,265203
13944,0.002381,172.31.36.0-255,66,249077,19,265203
13945,0.004695,74.125.130.0-255,1484,250561,19,265203
13946,0.004717,74.125.130.0-255,4320,254881,19,265203
13947,0.004721,172.31.36.0-255,66,254947,19,265203
13948,0.007075,74.125.130.0-255,4320,259267,19,265203
13949,0.007081,172.31.36.0-255,66,259333,19,265203
13950,0.007105,74.125.130.0-255,1484,260817,19,265203
13951,0.009447,74.125.130.0-255,4320,265137,19,265203
13952,0.009454,172.31.36.0-255,66,265203,19,265203
13953,0.0,172.217.194.0-255,153,153,19,205451
13954,3.1e-05,172.31.36.0-255,66,219,19,205451
13955,3.8e-05,172.217.194.0-255,1484,1703,19,205451
13956,4.2e-05,172.31.36.0-255,66,1769,19,205451
13957,4.5e-05,172.217.194.0-255,1484,3253,19,205451
13958,4.7e-05,172.31.36.0-255,66,3319,19,205451
13959,5.3e-05,172.217.194.0-255,4320,7639,19,205451
13960,5.6e-05,172.31.36.0-255,66,7705,19,205451
13961,9.7e-05,172.217.194.0-255,10556,18261,19,205451
13962,0.0001,172.31.36.0-255,66,18327,19,205451
13963,0.000109,172.217.194.0-255,9992,28319,19,205451
13964,0.000111,172.31.36.0-255,66,28385,19,205451
13965,0.000143,172.217.194.0-255,2543,30928,19,205451
13966,0.000146,172.31.36.0-255,66,30994,19,205451
13967,0.000499,172.217.194.0-255,1484,32478,19,205451
13968,0.000504,172.31.36.0-255,66,32544,19,205451
13969,0.000511,172.217.194.0-255,2902,35446,19,205451
13970,0.000515,172.31.36.0-255,66,35512,19,205451
13971,0.000542,172.217.194.0-255,5738,41250,19,205451
13972,0.000545,172.31.36.0-255,66,41316,19,205451
13973,0.000553,172.217.194.0-255,6797,48113,19,205451
13974,0.000555,172.31.36.0-255,66,48179,19,205451
13975,0.000578,172.217.194.0-255,4320,52499,19,205451
13976,0.000581,172.31.36.0-255,66,52565,19,205451
13977,0.000609,172.217.194.0-255,9992,62557,19,205451
13978,0.000612,172.31.36.0-255,66,62623,19,205451
13979,0.000617,172.217.194.0-255,2835,65458,19,205451
13980,0.00062,172.31.36.0-255,66,65524,19,205451
13981,0.000623,172.217.194.0-255,98,65622,19,205451
13982,0.000626,172.31.36.0-255,66,65688,19,205451
13983,0.000801,172.217.194.0-255,1484,67172,19,205451
13984,0.000805,172.31.36.0-255,66,67238,19,205451
13985,0.000811,172.217.194.0-255,2902,70140,19,205451
13986,0.000813,172.31.36.0-255,66,70206,19,205451
13987,0.000831,172.217.194.0-255,5738,75944,19,205451
13988,0.000834,172.31.36.0-255,66,76010,19,205451
13989,0.000858,172.217.194.0-255,2902,78912,19,205451
13990,0.00087,172.31.36.0-255,66,78978,19,205451
13991,0.00089,172.217.194.0-255,8574,87552,19,205451
13992,0.000894,172.31.36.0-255,66,87618,19,205451
13993,0.000912,172.31.36.0-255,66,87684,19,205451
13994,0.001346,172.217.194.0-255,1484,89168,19,205451
13995,0.001356,172.217.194.0-255,2902,92070,19,205451
13996,0.001361,172.31.36.0-255,66,92136,19,205451
13997,0.001367,172.217.194.0-255,4320,96456,19,205451
13998,0.001381,172.217.194.0-255,1484,97940,19,205451
13999,0.001384,172.217.194.0-255,1484,99424,19,205451
14000,0.001425,172.217.194.0-255,10692,110116,19,205451
14001,0.001458,172.217.194.0-255,4320,114436,19,205451
14002,0.001501,172.217.194.0-255,1484,115920,19,205451
14003,0.001524,172.217.194.0-255,6438,122358,19,205451
14004,0.001579,172.217.194.0-255,7156,129514,19,205451
14005,0.001587,172.217.194.0-255,7156,136670,19,205451
14006,0.001595,172.217.194.0-255,8574,145244,19,205451
14007,0.001613,172.217.194.0-255,7156,152400,19,205451
14008,0.001622,172.217.194.0-255,9274,161674,19,205451
14009,0.00165,172.217.194.0-255,9992,171666,19,205451
14010,0.00167,172.217.194.0-255,4320,175986,19,205451
14011,0.001734,172.217.194.0-255,7156,183142,19,205451
14012,0.001757,172.217.194.0-255,7856,190998,19,205451
14013,0.001793,172.217.194.0-255,4320,195318,19,205451
14014,0.001855,172.217.194.0-255,2902,198220,19,205451
14015,0.001971,172.217.194.0-255,5738,203958,19,205451
14016,0.002017,172.217.194.0-255,1217,205175,19,205451
14017,0.002046,172.217.194.0-255,105,205280,19,205451
14018,0.005599,172.31.36.0-255,66,205346,19,205451
14019,0.007974,172.31.36.0-255,105,205451,19,205451
14020,0.0,74.125.130.0-255,153,153,19,202014
14021,3.3e-05,172.31.36.0-255,66,219,19,202014
14022,4e-05,74.125.130.0-255,1484,1703,19,202014
14023,4.5e-05,172.31.36.0-255,66,1769,19,202014
14024,5e-05,74.125.130.0-255,2902,4671,19,202014
14025,5.2e-05,172.31.36.0-255,66,4737,19,202014
14026,5.7e-05,74.125.130.0-255,2902,7639,19,202014
14027,6e-05,172.31.36.0-255,66,7705,19,202014
14028,8.7e-05,74.125.130.0-255,4320,12025,19,202014
14029,9e-05,172.31.36.0-255,66,12091,19,202014
14030,9.4e-05,74.125.130.0-255,2105,14196,19,202014
14031,9.6e-05,172.31.36.0-255,66,14262,19,202014
14032,0.000101,74.125.130.0-255,2902,17164,19,202014
14033,0.000102,172.31.36.0-255,66,17230,19,202014
14034,0.000107,74.125.130.0-255,4320,21550,19,202014
14035,0.000109,172.31.36.0-255,66,21616,19,202014
14036,0.000138,74.125.130.0-255,2902,24518,19,202014
14037,0.000141,172.31.36.0-255,66,24584,19,202014
14038,0.000144,74.125.130.0-255,2902,27486,19,202014
14039,0.000146,172.31.36.0-255,66,27552,19,202014
14040,0.000152,74.125.130.0-255,3961,31513,19,202014
14041,0.000154,172.31.36.0-255,66,31579,19,202014
14042,0.000679,74.125.130.0-255,1484,33063,19,202014
14043,0.000686,172.31.36.0-255,66,33129,19,202014
14044,0.000694,74.125.130.0-255,1484,34613,19,202014
14045,0.000697,172.31.36.0-255,66,34679,19,202014
14046,0.000702,74.125.130.0-255,2902,37581,19,202014
14047,0.000704,172.31.36.0-255,66,37647,19,202014
14048,0.00071,74.125.130.0-255,5738,43385,19,202014
14049,0.000712,172.31.36.0-255,66,43451,19,202014
14050,0.000715,74.125.130.0-255,1484,44935,19,202014
14051,0.000717,172.31.36.0-255,66,45001,19,202014
14052,0.00075,74.125.130.0-255,3961,48962,19,202014
14053,0.000753,172.31.36.0-255,66,49028,19,202014
14054,0.00076,74.125.130.0-255,5738,54766,19,202014
14055,0.000762,172.31.36.0-255,66,54832,19,202014
14056,0.000795,74.125.130.0-255,9992,64824,19,202014
14057,0.000799,172.31.36.0-255,66,64890,19,202014
14058,0.000832,74.125.130.0-255,1379,66269,19,202014
14059,0.000838,74.125.130.0-255,119,66388,19,202014
14060,0.00094,74.125.130.0-255,1484,67872,19,202014
14061,0.000945,172.31.36.0-255,66,67938,19,202014
14062,0.00095,74.125.130.0-255,2902,70840,19,202014
14063,0.000953,172.31.36.0-255,66,70906,19,202014
14064,0.000956,74.125.130.0-255,1484,72390,19,202014
14065,0.00097,74.125.130.0-255,1484,73874,19,202014
14066,0.000973,172.31.36.0-255,66,73940,19,202014
14067,0.000985,74.125.130.0-255,2902,76842,19,202014
14068,0.000988,172.31.36.0-255,66,76908,19,202014
14069,0.000993,74.125.130.0-255,2902,79810,19,202014
14070,0.000995,172.31.36.0-255,66,79876,19,202014
14071,0.000999,74.125.130.0-255,2902,82778,19,202014
14072,0.001002,172.31.36.0-255,66,82844,19,202014
14073,0.001033,74.125.130.0-255,7156,90000,19,202014
14074,0.001037,172.31.36.0-255,66,90066,19,202014
14075,0.001042,74.125.130.0-255,5738,95804,19,202014
14076,0.001045,172.31.36.0-255,66,95870,19,202014
14077,0.001085,74.125.130.0-255,5020,100890,19,202014
14078,0.00109,172.31.36.0-255,66,100956,19,202014
14079,0.001508,74.125.130.0-255,1484,102440,19,202014
14080,0.001512,74.125.130.0-255,1484,103924,19,202014
14081,0.001515,172.31.36.0-255,66,103990,19,202014
14082,0.001532,74.125.130.0-255,1484,105474,19,202014
14083,0.001537,74.125.130.0-255,4320,109794,19,202014
14084,0.00154,172.31.36.0-255,66,109860,19,202014
14085,0.001542,74.125.130.0-255,1484,111344,19,202014
14086,0.001559,74.125.130.0-255,4320,115664,19,202014
14087,0.001561,172.31.36.0-255,66,115730,19,202014
14088,0.001588,74.125.130.0-255,5738,121468,19,202014
14089,0.00159,172.31.36.0-255,66,121534,19,202014
14090,0.001613,74.125.130.0-255,5738,127272,19,202014
14091,0.001615,172.31.36.0-255,66,127338,19,202014
14092,0.001619,74.125.130.0-255,4320,131658,19,202014
14093,0.001621,172.31.36.0-255,66,131724,19,202014
14094,0.001652,74.125.130.0-255,3602,135326,19,202014
14095,0.001654,172.31.36.0-255,66,135392,19,202014
14096,0.001894,74.125.130.0-255,1484,136876,19,202014
14097,0.001906,74.125.130.0-255,2902,139778,19,202014
14098,0.001909,172.31.36.0-255,66,139844,19,202014
14099,0.001925,74.125.130.0-255,1484,141328,19,202014
14100,0.001949,74.125.130.0-255,4320,145648,19,202014
14101,0.001952,172.31.36.0-255,66,145714,19,202014
14102,0.001956,74.125.130.0-255,4320,150034,19,202014
14103,0.001958,172.31.36.0-255,66,150100,19,202014
14104,0.001963,74.125.130.0-255,5738,155838,19,202014
14105,0.001966,172.31.36.0-255,66,155904,19,202014
14106,0.001979,74.125.130.0-255,1484,157388,19,202014
14107,0.001999,74.125.130.0-255,9992,167380,19,202014
14108,0.002002,172.31.36.0-255,66,167446,19,202014
14109,0.002006,74.125.130.0-255,2184,169630,19,202014
14110,0.002008,172.31.36.0-255,66,169696,19,202014
14111,0.002259,74.125.130.0-255,1484,171180,19,202014
14112,0.002262,74.125.130.0-255,1484,172664,19,202014
14113,0.002264,172.31.36.0-255,66,172730,19,202014
14114,0.002283,74.125.130.0-255,1484,174214,19,202014
14115,0.002301,74.125.130.0-255,1484,175698,19,202014
14116,0.002303,172.31.36.0-255,66,175764,19,202014
14117,0.002307,74.125.130.0-255,2902,178666,19,202014
14118,0.002309,172.31.36.0-255,66,178732,19,202014
14119,0.00232,74.125.130.0-255,1484,180216,19,202014
14120,0.002341,74.125.130.0-255,4320,184536,19,202014
14121,0.002344,172.31.36.0-255,66,184602,19,202014
14122,0.004636,74.125.130.0-255,5738,190340,19,202014
14123,0.004642,172.31.36.0-255,66,190406,19,202014
14124,0.006939,74.125.130.0-255,5738,196144,19,202014
14125,0.006945,172.31.36.0-255,66,196210,19,202014
14126,0.009251,74.125.130.0-255,5738,201948,19,202014
14127,0.009259,172.31.36.0-255,66,202014,19,202014
14128,0.0,74.125.24.0-255,150,150,19,312227
14129,1.9e-05,172.31.36.0-255,66,216,19,312227
14130,2.6e-05,74.125.24.0-255,1484,1700,19,312227
14131,3.1e-05,172.31.36.0-255,66,1766,19,312227
14132,3.7e-05,74.125.24.0-255,2902,4668,19,312227
14133,3.9e-05,172.31.36.0-255,66,4734,19,312227
14134,5.5e-05,74.125.24.0-255,7156,11890,19,312227
14135,5.9e-05,172.31.36.0-255,66,11956,19,312227
14136,6.2e-05,74.125.24.0-255,1484,13440,19,312227
14137,6.4e-05,172.31.36.0-255,66,13506,19,312227
14138,7e-05,74.125.24.0-255,2902,16408,19,312227
14139,7.3e-05,172.31.36.0-255,66,16474,19,312227
14140,0.000116,74.125.24.0-255,7712,24186,19,312227
14141,0.000119,172.31.36.0-255,66,24252,19,312227
14142,0.000127,74.125.24.0-255,6797,31049,19,312227
14143,0.00013,172.31.36.0-255,66,31115,19,312227
14144,0.00017,74.125.24.0-255,1484,32599,19,312227
14145,0.000173,172.31.36.0-255,66,32665,19,312227
14146,0.000179,74.125.24.0-255,2902,35567,19,312227
14147,0.000182,172.31.36.0-255,66,35633,19,312227
14148,0.000193,74.125.24.0-255,5738,41371,19,312227
14149,0.000196,172.31.36.0-255,66,41437,19,312227
14150,0.000202,74.125.24.0-255,5738,47175,19,312227
14151,0.000205,172.31.36.0-255,66,47241,19,312227
14152,0.000257,74.125.24.0-255,5738,52979,19,312227
14153,0.000261,172.31.36.0-255,66,53045,19,312227
14154,0.000295,74.125.24.0-255,8215,61260,19,312227
14155,0.000299,172.31.36.0-255,66,61326,19,312227
14156,0.000304,74.125.24.0-255,4232,65558,19,312227
14157,0.000306,172.31.36.0-255,66,65624,19,312227
14158,0.000323,74.125.24.0-255,136,65760,19,312227
14159,0.000326,172.31.36.0-255,66,65826,19,312227
14160,0.000381,74.125.24.0-255,1484,67310,19,312227
14161,0.000388,74.125.24.0-255,2902,70212,19,312227
14162,0.000391,172.31.36.0-255,66,70278,19,312227
14163,0.000399,74.125.24.0-255,5738,76016,19,312227
14164,0.000401,172.31.36.0-255,66,76082,19,312227
14165,0.000433,74.125.24.0-255,1484,77566,19,312227
14166,0.000464,172.31.36.0-255,66,77632,19,312227
14167,0.00049,74.125.24.0-255,1125,78757,19,312227
14168,0.000499,74.125.24.0-255,9633,88390,19,312227
14169,0.000502,172.31.36.0-255,66,88456,19,312227
14170,0.000982,74.125.24.0-255,1484,89940,19,312227
14171,0.000998,74.125.24.0-255,2902,92842,19,312227
14172,0.001002,172.31.36.0-255,66,92908,19,312227
14173,0.001009,74.125.24.0-255,5738,98646,19,312227
14174,0.001011,172.31.36.0-255,66,98712,19,312227
14175,0.001013,74.125.24.0-255,1484,100196,19,312227
14176,0.001064,74.125.24.0-255,8574,108770,19,312227
14177,0.001067,172.31.36.0-255,66,108836,19,312227
14178,0.001079,172.31.36.0-255,66,108902,19,312227
14179,0.001125,74.125.24.0-255,2184,111086,19,312227
14180,0.001128,172.31.36.0-255,66,111152,19,312227
14181,0.001132,74.125.24.0-255,2902,114054,19,312227
14182,0.001134,172.31.36.0-255,66,114120,19,312227
14183,0.00114,74.125.24.0-255,7156,121276,19,312227
14184,0.001146,172.31.36.0-255,66,121342,19,312227
14185,0.001194,172.31.36.0-255,66,121408,19,312227
14186,0.001223,74.125.24.0-255,7856,129264,19,312227
14187,0.001225,172.31.36.0-255,66,129330,19,312227
14188,0.00125,74.125.24.0-255,5738,135068,19,312227
14189,0.001253,172.31.36.0-255,66,135134,19,312227
14190,0.001279,74.125.24.0-255,2902,138036,19,312227
14191,0.001282,172.31.36.0-255,66,138102,19,312227
14192,0.00129,74.125.24.0-255,9992,148094,19,312227
14193,0.001292,172.31.36.0-255,66,148160,19,312227
14194,0.001303,74.125.24.0-255,8574,156734,19,312227
14195,0.001306,172.31.36.0-255,66,156800,19,312227
14196,0.001332,74.125.24.0-255,2902,159702,19,312227
14197,0.001339,172.31.36.0-255,66,159768,19,312227
14198,0.001344,74.125.24.0-255,3602,163370,19,312227
14199,0.001346,172.31.36.0-255,66,163436,19,312227
14200,0.001374,74.125.24.0-255,1484,164920,19,312227
14201,0.001385,74.125.24.0-255,2902,167822,19,312227
14202,0.00141,74.125.24.0-255,5738,173560,19,312227
14203,0.001414,74.125.24.0-255,4320,177880,19,312227
14204,0.001417,172.31.36.0-255,66,177946,19,312227
14205,0.001427,172.31.36.0-255,66,178012,19,312227
14206,0.001448,74.125.24.0-255,9992,188004,19,312227
14207,0.001466,74.125.24.0-255,1484,189488,19,312227
14208,0.001472,74.125.24.0-255,4320,193808,19,312227
14209,0.00149,74.125.24.0-255,3602,197410,19,312227
14210,0.001493,172.31.36.0-255,66,197476,19,312227
14211,0.001497,172.31.36.0-255,66,197542,19,312227
14212,0.001584,74.125.24.0-255,1484,199026,19,312227
14213,0.001589,74.125.24.0-255,2902,201928,19,312227
14214,0.001596,172.31.36.0-255,66,201994,19,312227
14215,0.001622,74.125.24.0-255,5738,207732,19,312227
14216,0.001628,74.125.24.0-255,5738,213470,19,312227
14217,0.001643,172.31.36.0-255,66,213536,19,312227
14218,0.001652,74.125.24.0-255,4320,217856,19,312227
14219,0.00166,172.31.36.0-255,66,217922,19,312227
14220,0.001682,74.125.24.0-255,8574,226496,19,312227
14221,0.001687,74.125.24.0-255,5020,231516,19,312227
14222,0.00171,172.31.36.0-255,66,231582,19,312227
14223,0.001806,74.125.24.0-255,1484,233066,19,312227
14224,0.001811,74.125.24.0-255,2902,235968,19,312227
14225,0.001815,172.31.36.0-255,66,236034,19,312227
14226,0.001826,74.125.24.0-255,5738,241772,19,312227
14227,0.001849,74.125.24.0-255,1484,243256,19,312227
14228,0.001858,172.31.36.0-255,66,243322,19,312227
14229,0.001905,74.125.24.0-255,4320,247642,19,312227
14230,0.001911,172.31.36.0-255,66,247708,19,312227
14231,0.001922,74.125.24.0-255,6438,254146,19,312227
14232,0.001928,74.125.24.0-255,1484,255630,19,312227
14233,0.001932,74.125.24.0-255,2902,258532,19,312227
14234,0.00195,74.125.24.0-255,5738,264270,19,312227
14235,0.001957,172.31.36.0-255,66,264336,19,312227
14236,0.001985,74.125.24.0-255,7156,271492,19,312227
14237,0.001992,172.31.36.0-255,66,271558,19,312227
14238,0.002019,74.125.24.0-255,5738,277296,19,312227
14239,0.002026,74.125.24.0-255,7156,284452,19,312227
14240,0.002029,74.125.24.0-255,2902,287354,19,312227
14241,0.002034,172.31.36.0-255,66,287420,19,312227
14242,0.00208,74.125.24.0-255,4320,291740,19,312227
14243,0.002093,74.125.24.0-255,2902,294642,19,312227
14244,0.002123,172.31.36.0-255,66,294708,19,312227
14245,0.002128,172.31.36.0-255,66,294774,19,312227
14246,0.002171,74.125.24.0-255,9992,304766,19,312227
14247,0.002185,74.125.24.0-255,5738,310504,19,312227
14248,0.002193,74.125.24.0-255,1315,311819,19,312227
14249,0.002209,172.31.36.0-255,66,311885,19,312227
14250,0.002212,74.125.24.0-255,105,311990,19,312227
14251,0.004192,172.31.36.0-255,66,312056,19,312227
14252,0.004225,172.31.36.0-255,105,312161,19,312227
14253,0.006767,74.125.24.0-255,66,312227,19,312227
14254,0.0,172.217.194.0-255,153,153,19,190456
14255,3.6e-05,172.31.36.0-255,66,219,19,190456
14256,4.4e-05,172.217.194.0-255,1484,1703,19,190456
14257,4.8e-05,172.31.36.0-255,66,1769,19,190456
14258,5.4e-05,172.217.194.0-255,2902,4671,19,190456
14259,5.7e-05,172.31.36.0-255,66,4737,19,190456
14260,6.4e-05,172.217.194.0-255,7156,11893,19,190456
14261,6.7e-05,172.31.36.0-255,66,11959,19,190456
14262,9.3e-05,172.217.194.0-255,2048,14007,19,190456
14263,9.5e-05,172.31.36.0-255,66,14073,19,190456
14264,0.000108,172.217.194.0-255,2902,16975,19,190456
14265,0.000111,172.31.36.0-255,66,17041,19,190456
14266,0.000116,172.217.194.0-255,2902,19943,19,190456
14267,0.000118,172.31.36.0-255,66,20009,19,190456
14268,0.000145,172.217.194.0-255,4320,24329,19,190456
14269,0.000147,172.31.36.0-255,66,24395,19,190456
14270,0.000154,172.217.194.0-255,6797,31192,19,190456
14271,0.000156,172.31.36.0-255,66,31258,19,190456
14272,0.000353,172.217.194.0-255,1484,32742,19,190456
14273,0.000358,172.31.36.0-255,66,32808,19,190456
14274,0.000362,172.217.194.0-255,1484,34292,19,190456
14275,0.000365,172.31.36.0-255,66,34358,19,190456
14276,0.000381,172.217.194.0-255,1484,35842,19,190456
14277,0.000384,172.31.36.0-255,66,35908,19,190456
14278,0.000392,172.217.194.0-255,5738,41646,19,190456
14279,0.000394,172.31.36.0-255,66,41712,19,190456
14280,0.000403,172.217.194.0-255,9633,51345,19,190456
14281,0.000405,172.31.36.0-255,66,51411,19,190456
14282,0.000451,172.217.194.0-255,4320,55731,19,190456
14283,0.000454,172.31.36.0-255,66,55797,19,190456
14284,0.000476,172.217.194.0-255,9633,65430,19,190456
14285,0.000479,172.31.36.0-255,66,65496,19,190456
14286,0.000699,172.217.194.0-255,646,66142,19,190456
14287,0.000802,172.217.194.0-255,1484,67626,19,190456
14288,0.000805,172.31.36.0-255,66,67692,19,190456
14289,0.000811,172.217.194.0-255,2902,70594,19,190456
14290,0.000813,172.31.36.0-255,66,70660,19,190456
14291,0.000831,172.217.194.0-255,5738,76398,19,190456
14292,0.000834,172.31.36.0-255,66,76464,19,190456
14293,0.000867,172.31.36.0-255,66,76530,19,190456
14294,0.000877,172.217.194.0-255,10692,87222,19,190456
14295,0.00088,172.31.36.0-255,66,87288,19,190456
14296,0.001751,172.217.194.0-255,1484,88772,19,190456
14297,0.001762,172.217.194.0-255,2902,91674,19,190456
14298,0.001768,172.31.36.0-255,66,91740,19,190456
14299,0.001776,172.217.194.0-255,5738,97478,19,190456
14300,0.001778,172.31.36.0-255,66,97544,19,190456
14301,0.001811,172.217.194.0-255,2902,100446,19,190456
14302,0.001813,172.31.36.0-255,66,100512,19,190456
14303,0.00185,172.217.194.0-255,9992,110504,19,190456
14304,0.001852,172.31.36.0-255,66,110570,19,190456
14305,0.001861,172.217.194.0-255,10692,121262,19,190456
14306,0.001863,172.31.36.0-255,66,121328,19,190456
14307,0.002269,172.217.194.0-255,1484,122812,19,190456
14308,0.002282,172.217.194.0-255,2902,125714,19,190456
14309,0.002284,172.31.36.0-255,66,125780,19,190456
14310,0.002307,172.217.194.0-255,5738,131518,19,190456
14311,0.002309,172.31.36.0-255,66,131584,19,190456
14312,0.002323,172.217.194.0-255,2902,134486,19,190456
14313,0.002325,172.31.36.0-255,66,134552,19,190456
14314,0.002357,172.217.194.0-255,9992,144544,19,190456
14315,0.002359,172.31.36.0-255,66,144610,19,190456
14316,0.002374,172.217.194.0-255,1484,146094,19,190456
14317,0.002392,172.217.194.0-255,9274,155368,19,190456
14318,0.002396,172.31.36.0-255,66,155434,19,190456
14319,0.002408,172.217.194.0-255,1484,156918,19,190456
14320,0.00243,172.217.194.0-255,9992,166910,19,190456
14321,0.002433,172.31.36.0-255,66,166976,19,190456
14322,0.002437,172.217.194.0-255,2902,169878,19,190456
14323,0.002439,172.31.36.0-255,66,169944,19,190456
14324,0.002453,172.217.194.0-255,2902,172846,19,190456
14325,0.002455,172.31.36.0-255,66,172912,19,190456
14326,0.004795,172.217.194.0-255,2902,175814,19,190456
14327,0.0048,172.31.36.0-255,66,175880,19,190456
14328,0.004839,172.217.194.0-255,2902,178782,19,190456
14329,0.004842,172.31.36.0-255,66,178848,19,190456
14330,0.007213,172.217.194.0-255,5738,184586,19,190456
14331,0.007222,172.31.36.0-255,66,184652,19,190456
14332,0.00962,172.217.194.0-255,5738,190390,19,190456
14333,0.009633,172.31.36.0-255,66,190456,19,190456
14334,0.0,172.217.160.0-255,153,153,19,69568
14335,2e-05,172.31.36.0-255,66,219,19,69568
14336,2.8e-05,172.217.160.0-255,1484,1703,19,69568
14337,3.3e-05,172.31.36.0-255,66,1769,19,69568
14338,3.9e-05,172.217.160.0-255,2902,4671,19,69568
14339,4.3e-05,172.31.36.0-255,66,4737,19,69568
14340,0.000124,172.217.160.0-255,4320,9057,19,69568
14341,0.000128,172.31.36.0-255,66,9123,19,69568
14342,0.000146,172.217.160.0-255,2902,12025,19,69568
14343,0.00015,172.31.36.0-255,66,12091,19,69568
14344,0.000344,172.217.160.0-255,7638,19729,19,69568
14345,0.000351,172.31.36.0-255,66,19795,19,69568
14346,0.000577,172.217.160.0-255,7156,26951,19,69568
14347,0.000582,172.31.36.0-255,66,27017,19,69568
14348,0.000601,172.217.160.0-255,3961,30978,19,69568
14349,0.000604,172.31.36.0-255,66,31044,19,69568
14350,0.000918,172.217.160.0-255,5738,36782,19,69568
14351,0.000924,172.31.36.0-255,66,36848,19,69568
14352,0.000962,172.31.36.0-255,66,36914,19,69568
14353,0.001619,172.31.36.0-255,66,36980,19,69568
14354,0.001929,172.217.160.0-255,402,37382,19,69568
14355,0.001932,172.31.36.0-255,66,37448,19,69568
14356,0.001952,172.217.160.0-255,2902,40350,19,69568
14357,0.001954,172.31.36.0-255,66,40416,19,69568
14358,0.001982,172.31.36.0-255,66,40482,19,69568
14359,0.00239,172.217.160.0-255,5738,46220,19,69568
14360,0.002393,172.31.36.0-255,66,46286,19,69568
14361,0.002425,172.31.36.0-255,66,46352,19,69568
14362,0.004047,172.217.160.0-255,5738,52090,19,69568
14363,0.004377,172.31.36.0-255,66,52156,19,69568
14364,0.005995,172.217.160.0-255,5738,57894,19,69568
14365,0.006001,172.31.36.0-255,66,57960,19,69568
14366,0.007623,172.217.160.0-255,5738,63698,19,69568
14367,0.00763,172.31.36.0-255,66,63764,19,69568
14368,0.009259,172.217.160.0-255,5738,69502,19,69568
14369,0.009266,172.31.36.0-255,66,69568,19,69568
14370,0.0,74.125.68.0-255,146,146,19,270963
14371,1.8e-05,172.31.36.0-255,66,212,19,270963
14372,2.5e-05,74.125.68.0-255,1484,1696,19,270963
14373,2.9e-05,172.31.36.0-255,66,1762,19,270963
14374,3.7e-05,74.125.68.0-255,2902,4664,19,270963
14375,4.7e-05,172.31.36.0-255,66,4730,19,270963
14376,5.6e-05,74.125.68.0-255,7156,11886,19,270963
14377,5.9e-05,172.31.36.0-255,66,11952,19,270963
14378,6.5e-05,74.125.68.0-255,2076,14028,19,270963
14379,6.8e-05,172.31.36.0-255,66,14094,19,270963
14380,0.000109,74.125.68.0-255,1484,15578,19,270963
14381,0.000112,172.31.36.0-255,66,15644,19,270963
14382,0.000118,74.125.68.0-255,2902,18546,19,270963
14383,0.00012,172.31.36.0-255,66,18612,19,270963
14384,0.00015,74.125.68.0-255,5738,24350,19,270963
14385,0.000152,172.31.36.0-255,66,24416,19,270963
14386,0.000157,74.125.68.0-255,2902,27318,19,270963
14387,0.000159,172.31.36.0-255,66,27384,19,270963
14388,0.000197,74.125.68.0-255,3961,31345,19,270963
14389,0.0002,172.31.36.0-255,66,31411,19,270963
14390,0.000252,74.125.68.0-255,1484,32895,19,270963
14391,0.000254,172.31.36.0-255,66,32961,19,270963
14392,0.000258,74.125.68.0-255,1484,34445,19,270963
14393,0.00026,172.31.36.0-255,66,34511,19,270963
14394,0.000292,74.125.68.0-255,1484,35995,19,270963
14395,0.000295,172.31.36.0-255,66,36061,19,270963
14396,0.000302,74.125.68.0-255,5738,41799,19,270963
14397,0.000305,172.31.36.0-255,66,41865,19,270963
14398,0.000314,74.125.68.0-255,2902,44767,19,270963
14399,0.000316,172.31.36.0-255,66,44833,19,270963
14400,0.000321,74.125.68.0-255,3961,48794,19,270963
14401,0.000323,172.31.36.0-255,66,48860,19,270963
14402,0.000358,74.125.68.0-255,8574,57434,19,270963
14403,0.000363,74.125.68.0-255,2902,60336,19,270963
14404,0.000412,74.125.68.0-255,4320,64656,19,270963
14405,0.000424,74.125.68.0-255,1423,66079,19,270963
14406,0.000427,74.125.68.0-255,380,66459,19,270963
14407,0.000516,74.125.68.0-255,1484,67943,19,270963
14408,0.000522,74.125.68.0-255,2902,70845,19,270963
14409,0.000546,74.125.68.0-255,5738,76583,19,270963
14410,0.000551,74.125.68.0-255,2902,79485,19,270963
14411,0.000586,74.125.68.0-255,1484,80969,19,270963
14412,0.000618,74.125.68.0-255,9633,90602,19,270963
14413,0.000624,74.125.68.0-255,4320,94922,19,270963
14414,0.00066,74.125.68.0-255,5379,100301,19,270963
14415,0.000722,172.31.36.0-255,66,100367,19,270963
14416,0.000864,74.125.68.0-255,1484,101851,19,270963
14417,0.000879,74.125.68.0-255,2902,104753,19,270963
14418,0.000897,74.125.68.0-255,4320,109073,19,270963
14419,0.000904,172.31.36.0-255,66,109139,19,270963
14420,0.000916,74.125.68.0-255,1484,110623,19,270963
14421,0.000925,74.125.68.0-255,2902,113525,19,270963
14422,0.000931,74.125.68.0-255,4320,117845,19,270963
14423,0.000935,74.125.68.0-255,2902,120747,19,270963
14424,0.000957,74.125.68.0-255,5738,126485,19,270963
14425,0.000963,74.125.68.0-255,4320,130805,19,270963
14426,0.000967,172.31.36.0-255,66,130871,19,270963
14427,0.000975,74.125.68.0-255,2902,133773,19,270963
14428,0.001018,172.31.36.0-255,66,133839,19,270963
14429,0.001026,74.125.68.0-255,766,134605,19,270963
14430,0.001075,74.125.68.0-255,1484,136089,19,270963
14431,0.001085,172.31.36.0-255,66,136155,19,270963
14432,0.001095,74.125.68.0-255,2902,139057,19,270963
14433,0.001114,74.125.68.0-255,5738,144795,19,270963
14434,0.001124,172.31.36.0-255,66,144861,19,270963
14435,0.001159,74.125.68.0-255,7156,152017,19,270963
14436,0.001165,74.125.68.0-255,4320,156337,19,270963
14437,0.001176,172.31.36.0-255,66,156403,19,270963
14438,0.001195,74.125.68.0-255,8574,164977,19,270963
14439,0.001215,172.31.36.0-255,66,165043,19,270963
14440,0.001233,74.125.68.0-255,3602,168645,19,270963
14441,0.001259,74.125.68.0-255,4320,172965,19,270963
14442,0.001262,74.125.68.0-255,2902,175867,19,270963
14443,0.001266,172.31.36.0-255,66,175933,19,270963
14444,0.001271,172.31.36.0-255,66,175999,19,270963
14445,0.001299,74.125.68.0-255,4320,180319,19,270963
14446,0.001313,74.125.68.0-255,8574,188893,19,270963
14447,0.001318,74.125.68.0-255,2902,191795,19,270963
14448,0.00133,74.125.68.0-255,1484,193279,19,270963
14449,0.001336,74.125.68.0-255,5738,199017,19,270963
14450,0.001351,172.31.36.0-255,66,199083,19,270963
14451,0.001363,74.125.68.0-255,1484,200567,19,270963
14452,0.001386,74.125.68.0-255,2184,202751,19,270963
14453,0.001399,172.31.36.0-255,66,202817,19,270963
14454,0.002156,74.125.68.0-255,1484,204301,19,270963
14455,0.002179,74.125.68.0-255,2902,207203,19,270963
14456,0.002184,172.31.36.0-255,66,207269,19,270963
14457,0.002189,74.125.68.0-255,2902,210171,19,270963
14458,0.002218,74.125.68.0-255,2902,213073,19,270963
14459,0.002224,74.125.68.0-255,7156,220229,19,270963
14460,0.002228,172.31.36.0-255,66,220295,19,270963
14461,0.002233,172.31.36.0-255,66,220361,19,270963
14462,0.002259,74.125.68.0-255,7156,227517,19,270963
14463,0.00228,74.125.68.0-255,5738,233255,19,270963
14464,0.002296,74.125.68.0-255,3602,236857,19,270963
14465,0.002304,172.31.36.0-255,66,236923,19,270963
14466,0.00233,74.125.68.0-255,4320,241243,19,270963
14467,0.002334,74.125.68.0-255,1484,242727,19,270963
14468,0.002339,172.31.36.0-255,66,242793,19,270963
14469,0.002348,74.125.68.0-255,2902,245695,19,270963
14470,0.002353,172.31.36.0-255,66,245761,19,270963
14471,0.002385,74.125.68.0-255,5738,251499,19,270963
14472,0.002398,172.31.36.0-255,66,251565,19,270963
14473,0.002425,74.125.68.0-255,9992,261557,19,270963
14474,0.002447,74.125.68.0-255,5738,267295,19,270963
14475,0.002466,74.125.68.0-255,3602,270897,19,270963
14476,0.008453,172.31.36.0-255,66,270963,19,270963
14477,0.0,74.125.24.0-255,298,298,19,115688
14478,2.4e-05,172.31.36.0-255,66,364,19,115688
14479,3.1e-05,74.125.24.0-255,1484,1848,19,115688
14480,3.5e-05,172.31.36.0-255,66,1914,19,115688
14481,4.2e-05,74.125.24.0-255,4320,6234,19,115688
14482,4.6e-05,172.31.36.0-255,66,6300,19,115688
14483,5.1e-05,74.125.24.0-255,4320,10620,19,115688
14484,5.4e-05,172.31.36.0-255,66,10686,19,115688
14485,6.6e-05,74.125.24.0-255,10318,21004,19,115688
14486,6.9e-05,172.31.36.0-255,66,21070,19,115688
14487,0.000106,74.125.24.0-255,9633,30703,19,115688
14488,0.000109,172.31.36.0-255,66,30769,19,115688
14489,0.000513,74.125.24.0-255,1484,32253,19,115688
14490,0.000519,172.31.36.0-255,66,32319,19,115688
14491,0.000526,74.125.24.0-255,2902,35221,19,115688
14492,0.000528,172.31.36.0-255,66,35287,19,115688
14493,0.000535,74.125.24.0-255,5738,41025,19,115688
14494,0.000538,172.31.36.0-255,66,41091,19,115688
14495,0.000576,74.125.24.0-255,5738,46829,19,115688
14496,0.000579,172.31.36.0-255,66,46895,19,115688
14497,0.000602,74.125.24.0-255,8215,55110,19,115688
14498,0.000611,74.125.24.0-255,9633,64743,19,115688
14499,0.000616,172.31.36.0-255,66,64809,19,115688
14500,0.000624,172.31.36.0-255,66,64875,19,115688
14501,0.001234,74.125.24.0-255,1484,66359,19,115688
14502,0.001241,172.31.36.0-255,66,66425,19,115688
14503,0.001249,74.125.24.0-255,2902,69327,19,115688
14504,0.001251,172.31.36.0-255,66,69393,19,115688
14505,0.001259,74.125.24.0-255,5738,75131,19,115688
14506,0.001261,172.31.36.0-255,66,75197,19,115688
14507,0.001268,74.125.24.0-255,2902,78099,19,115688
14508,0.00127,172.31.36.0-255,66,78165,19,115688
14509,0.001299,74.125.24.0-255,1484,79649,19,115688
14510,0.001324,74.125.24.0-255,9633,89282,19,115688
14511,0.001326,172.31.36.0-255,66,89348,19,115688
14512,0.001336,74.125.24.0-255,10214,99562,19,115688
14513,0.001338,172.31.36.0-255,66,99628,19,115688
14514,0.003635,74.125.24.0-255,5738,105366,19,115688
14515,0.003643,172.31.36.0-255,66,105432,19,115688
14516,0.005955,74.125.24.0-255,4320,109752,19,115688
14517,0.005961,172.31.36.0-255,66,109818,19,115688
14518,0.006,74.125.24.0-255,1484,111302,19,115688
14519,0.008283,74.125.24.0-255,4320,115622,19,115688
14520,0.00829,172.31.36.0-255,66,115688,19,115688
14521,0.0,172.217.194.0-255,150,150,19,80536
14522,2.9e-05,172.31.36.0-255,66,216,19,80536
14523,3.6e-05,172.217.194.0-255,1484,1700,19,80536
14524,3.9e-05,172.31.36.0-255,66,1766,19,80536
14525,4.4e-05,172.217.194.0-255,2902,4668,19,80536
14526,4.6e-05,172.31.36.0-255,66,4734,19,80536
14527,8.7e-05,172.217.194.0-255,5738,10472,19,80536
14528,9.1e-05,172.31.36.0-255,66,10538,19,80536
14529,0.000147,172.217.194.0-255,3477,14015,19,80536
14530,0.000151,172.31.36.0-255,66,14081,19,80536
14531,0.000374,172.217.194.0-255,1484,15565,19,80536
14532,0.000379,172.31.36.0-255,66,15631,19,80536
14533,0.000385,172.217.194.0-255,2902,18533,19,80536
14534,0.000388,172.31.36.0-255,66,18599,19,80536
14535,0.000394,172.217.194.0-255,5738,24337,19,80536
14536,0.000396,172.31.36.0-255,66,24403,19,80536
14537,0.000402,172.217.194.0-255,4320,28723,19,80536
14538,0.000404,172.31.36.0-255,66,28789,19,80536
14539,0.000424,172.217.194.0-255,2543,31332,19,80536
14540,0.000427,172.31.36.0-255,66,31398,19,80536
14541,0.000478,172.217.194.0-255,9992,41390,19,80536
14542,0.000482,172.31.36.0-255,66,41456,19,80536
14543,0.000495,172.217.194.0-255,1484,42940,19,80536
14544,0.000497,172.31.36.0-255,66,43006,19,80536
14545,0.000504,172.217.194.0-255,5738,48744,19,80536
14546,0.000507,172.31.36.0-255,66,48810,19,80536
14547,0.000534,172.217.194.0-255,7156,55966,19,80536
14548,0.000537,172.31.36.0-255,66,56032,19,80536
14549,0.000558,172.217.194.0-255,5738,61770,19,80536
14550,0.000562,172.31.36.0-255,66,61836,19,80536
14551,0.000575,172.217.194.0-255,3602,65438,19,80536
14552,0.000578,172.31.36.0-255,66,65504,19,80536
14553,0.001395,172.217.194.0-255,342,65846,19,80536
14554,0.001434,172.217.194.0-255,114,65960,19,80536
14555,0.003212,172.217.194.0-255,2902,68862,19,80536
14556,0.003218,172.31.36.0-255,66,68928,19,80536
14557,0.005902,172.217.194.0-255,5738,74666,19,80536
14558,0.005939,172.31.36.0-255,66,74732,19,80536
14559,0.008625,172.217.194.0-255,5738,80470,19,80536
14560,0.008633,172.31.36.0-255,66,80536,19,80536
14561,0.0,74.125.24.0-255,146,146,19,261938
14562,2.1e-05,172.31.36.0-255,66,212,19,261938
14563,2.8e-05,74.125.24.0-255,1484,1696,19,261938
14564,3.3e-05,172.31.36.0-255,66,1762,19,261938
14565,3.9e-05,74.125.24.0-255,2902,4664,19,261938
14566,4.2e-05,172.31.36.0-255,66,4730,19,261938
14567,5.1e-05,74.125.24.0-255,7156,11886,19,261938
14568,5.3e-05,172.31.36.0-255,66,11952,19,261938
14569,5.7e-05,74.125.24.0-255,2010,13962,19,261938
14570,5.9e-05,172.31.36.0-255,66,14028,19,261938
14571,8.6e-05,74.125.24.0-255,2902,16930,19,261938
14572,8.8e-05,172.31.36.0-255,66,16996,19,261938
14573,0.000111,74.125.24.0-255,7156,24152,19,261938
14574,0.000113,172.31.36.0-255,66,24218,19,261938
14575,0.000176,74.125.24.0-255,6797,31015,19,261938
14576,0.000179,172.31.36.0-255,66,31081,19,261938
14577,0.000208,74.125.24.0-255,1484,32565,19,261938
14578,0.00021,172.31.36.0-255,66,32631,19,261938
14579,0.000215,74.125.24.0-255,2902,35533,19,261938
14580,0.000217,172.31.36.0-255,66,35599,19,261938
14581,0.000247,74.125.24.0-255,5738,41337,19,261938
14582,0.00025,172.31.36.0-255,66,41403,19,261938
14583,0.000282,172.31.36.0-255,66,41469,19,261938
14584,0.000322,74.125.24.0-255,9964,51433,19,261938
14585,0.000326,172.31.36.0-255,66,51499,19,261938
14586,0.000344,74.125.24.0-255,379,51878,19,261938
14587,0.000346,172.31.36.0-255,66,51944,19,261938
14588,0.00057,74.125.24.0-255,1484,53428,19,261938
14589,0.000575,172.31.36.0-255,66,53494,19,261938
14590,0.000581,74.125.24.0-255,2902,56396,19,261938
14591,0.000584,172.31.36.0-255,66,56462,19,261938
14592,0.00059,74.125.24.0-255,5738,62200,19,261938
14593,0.000592,172.31.36.0-255,66,62266,19,261938
14594,0.000643,172.31.36.0-255,66,62332,19,261938
14595,0.000651,74.125.24.0-255,8574,70906,19,261938
14596,0.000654,172.31.36.0-255,66,70972,19,261938
14597,0.000675,74.125.24.0-255,2184,73156,19,261938
14598,0.000678,172.31.36.0-255,66,73222,19,261938
14599,0.000814,74.125.24.0-255,1484,74706,19,261938
14600,0.000822,74.125.24.0-255,2902,77608,19,261938
14601,0.000824,172.31.36.0-255,66,77674,19,261938
14602,0.00086,74.125.24.0-255,5738,83412,19,261938
14603,0.000864,172.31.36.0-255,66,83478,19,261938
14604,0.000873,74.125.24.0-255,7156,90634,19,261938
14605,0.000875,172.31.36.0-255,66,90700,19,261938
14606,0.000906,74.125.24.0-255,8574,99274,19,261938
14607,0.000909,172.31.36.0-255,66,99340,19,261938
14608,0.000959,74.125.24.0-255,7856,107196,19,261938
14609,0.000962,172.31.36.0-255,66,107262,19,261938
14610,0.000967,74.125.24.0-255,2902,110164,19,261938
14611,0.00097,172.31.36.0-255,66,110230,19,261938
14612,0.000992,74.125.24.0-255,4320,114550,19,261938
14613,0.000995,172.31.36.0-255,66,114616,19,261938
14614,0.001003,74.125.24.0-255,8574,123190,19,261938
14615,0.001006,172.31.36.0-255,66,123256,19,261938
14616,0.00101,74.125.24.0-255,2902,126158,19,261938
14617,0.001011,172.31.36.0-255,66,126224,19,261938
14618,0.001049,172.31.36.0-255,66,126290,19,261938
14619,0.001052,74.125.24.0-255,766,127056,19,261938
14620,0.001097,74.125.24.0-255,1484,128540,19,261938
14621,0.0011,172.31.36.0-255,66,128606,19,261938
14622,0.001105,74.125.24.0-255,2902,131508,19,261938
14623,0.001107,172.31.36.0-255,66,131574,19,261938
14624,0.00111,74.125.24.0-255,1484,133058,19,261938
14625,0.00114,74.125.24.0-255,4320,137378,19,261938
14626,0.001143,172.31.36.0-255,66,137444,19,261938
14627,0.001149,74.125.24.0-255,4320,141764,19,261938
14628,0.001151,172.31.36.0-255,66,141830,19,261938
14629,0.001165,172.31.36.0-255,66,141896,19,261938
14630,0.001199,74.125.24.0-255,7856,149752,19,261938
14631,0.001202,172.31.36.0-255,66,149818,19,261938
14632,0.001458,74.125.24.0-255,1484,151302,19,261938
14633,0.001464,74.125.24.0-255,2902,154204,19,261938
14634,0.001467,172.31.36.0-255,66,154270,19,261938
14635,0.001486,74.125.24.0-255,2902,157172,19,261938
14636,0.001488,172.31.36.0-255,66,157238,19,261938
14637,0.001491,74.125.24.0-255,1484,158722,19,261938
14638,0.001512,74.125.24.0-255,2902,161624,19,261938
14639,0.001514,172.31.36.0-255,66,161690,19,261938
14640,0.001521,74.125.24.0-255,4320,166010,19,261938
14641,0.001523,172.31.36.0-255,66,166076,19,261938
14642,0.001538,74.125.24.0-255,4320,170396,19,261938
14643,0.00154,172.31.36.0-255,66,170462,19,261938
14644,0.001565,74.125.24.0-255,4320,174782,19,261938
14645,0.001567,172.31.36.0-255,66,174848,19,261938
14646,0.001589,74.125.24.0-255,9274,184122,19,261938
14647,0.001592,172.31.36.0-255,66,184188,19,261938
14648,0.001611,74.125.24.0-255,1484,185672,19,261938
14649,0.001617,74.125.24.0-255,2902,188574,19,261938
14650,0.001619,172.31.36.0-255,66,188640,19,261938
14651,0.001625,74.125.24.0-255,4320,192960,19,261938
14652,0.001627,172.31.36.0-255,66,193026,19,261938
14653,0.00164,74.125.24.0-255,1484,194510,19,261938
14654,0.001673,172.31.36.0-255,66,194576,19,261938
14655,0.0017,74.125.24.0-255,10692,205268,19,261938
14656,0.001703,172.31.36.0-255,66,205334,19,261938
14657,0.001762,74.125.24.0-255,1484,206818,19,261938
14658,0.00178,74.125.24.0-255,2902,209720,19,261938
14659,0.001783,172.31.36.0-255,66,209786,19,261938
14660,0.001791,74.125.24.0-255,5738,215524,19,261938
14661,0.001793,172.31.36.0-255,66,215590,19,261938
14662,0.001817,74.125.24.0-255,2902,218492,19,261938
14663,0.001819,172.31.36.0-255,66,218558,19,261938
14664,0.001851,74.125.24.0-255,9992,228550,19,261938
14665,0.001854,172.31.36.0-255,66,228616,19,261938
14666,0.00186,74.125.24.0-255,5738,234354,19,261938
14667,0.001863,172.31.36.0-255,66,234420,19,261938
14668,0.001881,74.125.24.0-255,1484,235904,19,261938
14669,0.001894,74.125.24.0-255,3602,239506,19,261938
14670,0.001897,172.31.36.0-255,66,239572,19,261938
14671,0.001957,74.125.24.0-255,4320,243892,19,261938
14672,0.001961,172.31.36.0-255,66,243958,19,261938
14673,0.001977,74.125.24.0-255,1484,245442,19,261938
14674,0.001982,74.125.24.0-255,4320,249762,19,261938
14675,0.001998,74.125.24.0-255,7156,256918,19,261938
14676,0.002041,74.125.24.0-255,5020,261938,19,261938
14677,0.0,172.31.36.0-255,105,105,19,276
14678,0.001539,157.240.13.0-255,105,210,19,276
14679,0.001554,172.31.36.0-255,66,276,19,276
14680,0.0,74.125.24.0-255,155,155,19,127105
14681,3e-05,172.31.36.0-255,66,221,19,127105
14682,3.7e-05,74.125.24.0-255,1484,1705,19,127105
14683,4.1e-05,172.31.36.0-255,66,1771,19,127105
14684,4.5e-05,74.125.24.0-255,2902,4673,19,127105
14685,4.8e-05,172.31.36.0-255,66,4739,19,127105
14686,5.5e-05,74.125.24.0-255,5738,10477,19,127105
14687,5.7e-05,172.31.36.0-255,66,10543,19,127105
14688,8.2e-05,74.125.24.0-255,3411,13954,19,127105
14689,8.5e-05,172.31.36.0-255,66,14020,19,127105
14690,0.000137,74.125.24.0-255,4320,18340,19,127105
14691,0.000141,172.31.36.0-255,66,18406,19,127105
14692,0.00015,74.125.24.0-255,9992,28398,19,127105
14693,0.000152,172.31.36.0-255,66,28464,19,127105
14694,0.000168,74.125.24.0-255,2543,31007,19,127105
14695,0.000171,172.31.36.0-255,66,31073,19,127105
14696,0.000401,74.125.24.0-255,1484,32557,19,127105
14697,0.000405,172.31.36.0-255,66,32623,19,127105
14698,0.00041,74.125.24.0-255,2902,35525,19,127105
14699,0.000412,172.31.36.0-255,66,35591,19,127105
14700,0.000415,74.125.24.0-255,1484,37075,19,127105
14701,0.000417,172.31.36.0-255,66,37141,19,127105
14702,0.000439,74.125.24.0-255,4320,41461,19,127105
14703,0.000441,172.31.36.0-255,66,41527,19,127105
14704,0.000457,74.125.24.0-255,1484,43011,19,127105
14705,0.000461,172.31.36.0-255,66,43077,19,127105
14706,0.000476,74.125.24.0-255,1484,44561,19,127105
14707,0.000478,172.31.36.0-255,66,44627,19,127105
14708,0.0005,74.125.24.0-255,8215,52842,19,127105
14709,0.000504,172.31.36.0-255,66,52908,19,127105
14710,0.000512,74.125.24.0-255,8574,61482,19,127105
14711,0.000514,172.31.36.0-255,66,61548,19,127105
14712,0.000528,74.125.24.0-255,1484,63032,19,127105
14713,0.000532,74.125.24.0-255,2543,65575,19,127105
14714,0.000535,172.31.36.0-255,66,65641,19,127105
14715,0.000736,74.125.24.0-255,646,66287,19,127105
14716,0.000757,172.31.36.0-255,66,66353,19,127105
14717,0.002082,74.125.24.0-255,1484,67837,19,127105
14718,0.002093,74.125.24.0-255,2902,70739,19,127105
14719,0.002098,172.31.36.0-255,66,70805,19,127105
14720,0.002103,74.125.24.0-255,2902,73707,19,127105
14721,0.002105,172.31.36.0-255,66,73773,19,127105
14722,0.002121,74.125.24.0-255,2902,76675,19,127105
14723,0.002123,172.31.36.0-255,66,76741,19,127105
14724,0.002126,74.125.24.0-255,1484,78225,19,127105
14725,0.002162,172.31.36.0-255,66,78291,19,127105
14726,0.002171,74.125.24.0-255,10692,88983,19,127105
14727,0.002173,172.31.36.0-255,66,89049,19,127105
14728,0.0025,74.125.24.0-255,1484,90533,19,127105
14729,0.002516,74.125.24.0-255,2902,93435,19,127105
14730,0.002518,172.31.36.0-255,66,93501,19,127105
14731,0.002532,74.125.24.0-255,2902,96403,19,127105
14732,0.002534,172.31.36.0-255,66,96469,19,127105
14733,0.002554,74.125.24.0-255,2902,99371,19,127105
14734,0.002556,172.31.36.0-255,66,99437,19,127105
14735,0.00256,74.125.24.0-255,2902,102339,19,127105
14736,0.002562,172.31.36.0-255,66,102405,19,127105
14737,0.00258,74.125.24.0-255,1484,103889,19,127105
14738,0.002599,74.125.24.0-255,8574,112463,19,127105
14739,0.002603,172.31.36.0-255,66,112529,19,127105
14740,0.002607,74.125.24.0-255,2902,115431,19,127105
14741,0.002608,172.31.36.0-255,66,115497,19,127105
14742,0.005164,74.125.24.0-255,5738,121235,19,127105
14743,0.005171,172.31.36.0-255,66,121301,19,127105
14744,0.007747,74.125.24.0-255,5738,127039,19,127105
14745,0.007753,172.31.36.0-255,66,127105,19,127105
14746,0.0,74.125.200.0-255,156,156,19,94427
14747,2.4e-05,172.31.36.0-255,66,222,19,94427
14748,3.1e-05,74.125.200.0-255,1484,1706,19,94427
14749,3.6e-05,172.31.36.0-255,66,1772,19,94427
14750,5.1e-05,74.125.200.0-255,2902,4674,19,94427
14751,6.9e-05,172.31.36.0-255,66,4740,19,94427
14752,7.9e-05,74.125.200.0-255,7156,11896,19,94427
14753,8.4e-05,172.31.36.0-255,66,11962,19,94427
14754,8.8e-05,74.125.200.0-255,1985,13947,19,94427
14755,9.2e-05,172.31.36.0-255,66,14013,19,94427
14756,0.000133,74.125.200.0-255,2902,16915,19,94427
14757,0.000136,172.31.36.0-255,66,16981,19,94427
14758,0.000174,74.125.200.0-255,8574,25555,19,94427
14759,0.000177,172.31.36.0-255,66,25621,19,94427
14760,0.000182,74.125.200.0-255,2902,28523,19,94427
14761,0.000185,172.31.36.0-255,66,28589,19,94427
14762,0.00019,74.125.200.0-255,2543,31132,19,94427
14763,0.000192,172.31.36.0-255,66,31198,19,94427
14764,0.000997,74.125.200.0-255,1484,32682,19,94427
14765,0.001003,172.31.36.0-255,66,32748,19,94427
14766,0.001012,74.125.200.0-255,2902,35650,19,94427
14767,0.001022,172.31.36.0-255,66,35716,19,94427
14768,0.001026,74.125.200.0-255,1484,37200,19,94427
14769,0.001028,172.31.36.0-255,66,37266,19,94427
14770,0.001037,74.125.200.0-255,5738,43004,19,94427
14771,0.001039,172.31.36.0-255,66,43070,19,94427
14772,0.001068,74.125.200.0-255,4320,47390,19,94427
14773,0.001071,172.31.36.0-255,66,47456,19,94427
14774,0.001104,74.125.200.0-255,6797,54253,19,94427
14775,0.001106,172.31.36.0-255,66,54319,19,94427
14776,0.001124,172.31.36.0-255,66,54385,19,94427
14777,0.001618,74.125.200.0-255,1484,55869,19,94427
14778,0.00163,74.125.200.0-255,2902,58771,19,94427
14779,0.001646,172.31.36.0-255,66,58837,19,94427
14780,0.001653,74.125.200.0-255,4320,63157,19,94427
14781,0.001674,74.125.200.0-255,1484,64641,19,94427
14782,0.001677,74.125.200.0-255,1484,66125,19,94427
14783,0.001682,74.125.200.0-255,2902,69027,19,94427
14784,0.001706,74.125.200.0-255,5738,74765,19,94427
14785,0.001722,74.125.200.0-255,2902,77667,19,94427
14786,0.00174,74.125.200.0-255,2902,80569,19,94427
14787,0.001754,74.125.200.0-255,1484,82053,19,94427
14788,0.001775,74.125.200.0-255,5738,87791,19,94427
14789,0.001801,74.125.200.0-255,766,88557,19,94427
14790,0.007039,172.31.36.0-255,66,88623,19,94427
14791,0.009342,74.125.200.0-255,5738,94361,19,94427
14792,0.009349,172.31.36.0-255,66,94427,19,94427
14793,0.0,74.125.24.0-255,143,143,19,329881
14794,2.8e-05,172.31.36.0-255,66,209,19,329881
14795,3.5e-05,74.125.24.0-255,1484,1693,19,329881
14796,3.9e-05,172.31.36.0-255,66,1759,19,329881
14797,4.4e-05,74.125.24.0-255,2902,4661,19,329881
14798,4.7e-05,172.31.36.0-255,66,4727,19,329881
14799,5.3e-05,74.125.24.0-255,5738,10465,19,329881
14800,5.5e-05,172.31.36.0-255,66,10531,19,329881
14801,6.3e-05,74.125.24.0-255,7156,17687,19,329881
14802,6.5e-05,172.31.36.0-255,66,17753,19,329881
14803,8.5e-05,74.125.24.0-255,3395,21148,19,329881
14804,8.7e-05,172.31.36.0-255,66,21214,19,329881
14805,9.7e-05,74.125.24.0-255,9633,30847,19,329881
14806,9.9e-05,172.31.36.0-255,66,30913,19,329881
14807,0.000143,74.125.24.0-255,1484,32397,19,329881
14808,0.000147,172.31.36.0-255,66,32463,19,329881
14809,0.000152,74.125.24.0-255,2902,35365,19,329881
14810,0.000154,172.31.36.0-255,66,35431,19,329881
14811,0.000161,74.125.24.0-255,5738,41169,19,329881
14812,0.000165,172.31.36.0-255,66,41235,19,329881
14813,0.000199,74.125.24.0-255,8574,49809,19,329881
14814,0.000203,172.31.36.0-255,66,49875,19,329881
14815,0.000222,74.125.24.0-255,3961,53836,19,329881
14816,0.000225,172.31.36.0-255,66,53902,19,329881
14817,0.000293,74.125.24.0-255,8574,62476,19,329881
14818,0.000297,172.31.36.0-255,66,62542,19,329881
14819,0.000317,74.125.24.0-255,2819,65361,19,329881
14820,0.00032,172.31.36.0-255,66,65427,19,329881
14821,0.000603,74.125.24.0-255,131,65558,19,329881
14822,0.000608,172.31.36.0-255,66,65624,19,329881
14823,0.000644,74.125.24.0-255,1484,67108,19,329881
14824,0.000647,172.31.36.0-255,66,67174,19,329881
14825,0.000652,74.125.24.0-255,2902,70076,19,329881
14826,0.000656,172.31.36.0-255,66,70142,19,329881
14827,0.000665,74.125.24.0-255,2902,73044,19,329881
14828,0.000668,172.31.36.0-255,66,73110,19,329881
14829,0.00069,74.125.24.0-255,4320,77430,19,329881
14830,0.000693,172.31.36.0-255,66,77496,19,329881
14831,0.000696,74.125.24.0-255,1484,78980,19,329881
14832,0.000725,172.31.36.0-255,66,79046,19,329881
14833,0.000729,74.125.24.0-255,1484,80530,19,329881
14834,0.000772,74.125.24.0-255,5300,85830,19,329881
14835,0.000775,172.31.36.0-255,66,85896,19,329881
14836,0.001208,74.125.24.0-255,1484,87380,19,329881
14837,0.001218,74.125.24.0-255,2902,90282,19,329881
14838,0.001222,172.31.36.0-255,66,90348,19,329881
14839,0.001228,74.125.24.0-255,4320,94668,19,329881
14840,0.00123,172.31.36.0-255,66,94734,19,329881
14841,0.001244,74.125.24.0-255,1484,96218,19,329881
14842,0.001249,74.125.24.0-255,4320,100538,19,329881
14843,0.001252,172.31.36.0-255,66,100604,19,329881
14844,0.001268,74.125.24.0-255,2902,103506,19,329881
14845,0.001271,172.31.36.0-255,66,103572,19,329881
14846,0.00128,74.125.24.0-255,8574,112146,19,329881
14847,0.001282,172.31.36.0-255,66,112212,19,329881
14848,0.001314,74.125.24.0-255,7856,120068,19,329881
14849,0.001318,172.31.36.0-255,66,120134,19,329881
14850,0.00138,74.125.24.0-255,7156,127290,19,329881
14851,0.001383,172.31.36.0-255,66,127356,19,329881
14852,0.001405,74.125.24.0-255,1484,128840,19,329881
14853,0.001412,74.125.24.0-255,5738,134578,19,329881
14854,0.001415,172.31.36.0-255,66,134644,19,329881
14855,0.00143,172.31.36.0-255,66,134710,19,329881
14856,0.001435,74.125.24.0-255,3602,138312,19,329881
14857,0.001438,172.31.36.0-255,66,138378,19,329881
14858,0.001478,74.125.24.0-255,1484,139862,19,329881
14859,0.001482,74.125.24.0-255,1484,141346,19,329881
14860,0.001485,172.31.36.0-255,66,141412,19,329881
14861,0.001498,74.125.24.0-255,1484,142896,19,329881
14862,0.001504,74.125.24.0-255,4320,147216,19,329881
14863,0.001507,172.31.36.0-255,66,147282,19,329881
14864,0.001526,74.125.24.0-255,1484,148766,19,329881
14865,0.001529,74.125.24.0-255,1484,150250,19,329881
14866,0.001532,172.31.36.0-255,66,150316,19,329881
14867,0.00154,74.125.24.0-255,8574,158890,19,329881
14868,0.001543,172.31.36.0-255,66,158956,19,329881
14869,0.001566,74.125.24.0-255,4320,163276,19,329881
14870,0.001569,172.31.36.0-255,66,163342,19,329881
14871,0.001597,74.125.24.0-255,9274,172616,19,329881
14872,0.0016,172.31.36.0-255,66,172682,19,329881
14873,0.001603,74.125.24.0-255,1484,174166,19,329881
14874,0.001621,74.125.24.0-255,2902,177068,19,329881
14875,0.001623,172.31.36.0-255,66,177134,19,329881
14876,0.00163,74.125.24.0-255,4320,181454,19,329881
14877,0.001633,172.31.36.0-255,66,181520,19,329881
14878,0.001646,74.125.24.0-255,1484,183004,19,329881
14879,0.001682,172.31.36.0-255,66,183070,19,329881
14880,0.001715,74.125.24.0-255,4320,187390,19,329881
14881,0.001719,172.31.36.0-255,66,187456,19,329881
14882,0.001739,74.125.24.0-255,6438,193894,19,329881
14883,0.001742,172.31.36.0-255,66,193960,19,329881
14884,0.001761,74.125.24.0-255,4320,198280,19,329881
14885,0.001764,172.31.36.0-255,66,198346,19,329881
14886,0.001782,74.125.24.0-255,1484,199830,19,329881
14887,0.001797,74.125.24.0-255,4320,204150,19,329881
14888,0.0018,172.31.36.0-255,66,204216,19,329881
14889,0.001824,74.125.24.0-255,8574,212790,19,329881
14890,0.001827,172.31.36.0-255,66,212856,19,329881
14891,0.001841,74.125.24.0-255,2902,215758,19,329881
14892,0.001844,172.31.36.0-255,66,215824,19,329881
14893,0.001861,172.31.36.0-255,66,215890,19,329881
14894,0.001865,74.125.24.0-255,1484,217374,19,329881
14895,0.001887,74.125.24.0-255,2902,220276,19,329881
14896,0.00189,172.31.36.0-255,66,220342,19,329881
14897,0.001898,74.125.24.0-255,5738,226080,19,329881
14898,0.001901,172.31.36.0-255,66,226146,19,329881
14899,0.001905,74.125.24.0-255,2902,229048,19,329881
14900,0.001907,172.31.36.0-255,66,229114,19,329881
14901,0.001943,74.125.24.0-255,9992,239106,19,329881
14902,0.001947,172.31.36.0-255,66,239172,19,329881
14903,0.001955,74.125.24.0-255,9992,249164,19,329881
14904,0.001957,172.31.36.0-255,66,249230,19,329881
14905,0.00197,74.125.24.0-255,1484,250714,19,329881
14906,0.00199,74.125.24.0-255,9274,259988,19,329881
14907,0.001992,172.31.36.0-255,66,260054,19,329881
14908,0.002017,172.31.36.0-255,66,260120,19,329881
14909,0.002075,172.31.36.0-255,66,260186,19,329881
14910,0.002078,74.125.24.0-255,1484,261670,19,329881
14911,0.002082,74.125.24.0-255,2902,264572,19,329881
14912,0.002084,172.31.36.0-255,66,264638,19,329881
14913,0.002087,74.125.24.0-255,1484,266122,19,329881
14914,0.002103,74.125.24.0-255,4320,270442,19,329881
14915,0.002105,172.31.36.0-255,66,270508,19,329881
14916,0.002108,74.125.24.0-255,1484,271992,19,329881
14917,0.002133,74.125.24.0-255,9992,281984,19,329881
14918,0.002135,172.31.36.0-255,66,282050,19,329881
14919,0.002153,74.125.24.0-255,1484,283534,19,329881
14920,0.00218,74.125.24.0-255,10692,294226,19,329881
14921,0.002184,74.125.24.0-255,1484,295710,19,329881
14922,0.002188,74.125.24.0-255,2902,298612,19,329881
14923,0.002209,74.125.24.0-255,5738,304350,19,329881
14924,0.002217,74.125.24.0-255,5738,310088,19,329881
14925,0.002243,74.125.24.0-255,7156,317244,19,329881
14926,0.002252,74.125.24.0-255,8574,325818,19,329881
14927,0.002285,74.125.24.0-255,3721,329539,19,329881
14928,0.006212,172.31.36.0-255,66,329605,19,329881
14929,0.008512,74.125.24.0-255,105,329710,19,329881
14930,0.008584,172.31.36.0-255,66,329776,19,329881
14931,0.008612,172.31.36.0-255,105,329881,19,329881
14932,0.0,172.253.118.0-255,153,153,19,140878
14933,1.6e-05,172.31.36.0-255,66,219,19,140878
14934,2.2e-05,172.253.118.0-255,1484,1703,19,140878
14935,2.6e-05,172.31.36.0-255,66,1769,19,140878
14936,3e-05,172.253.118.0-255,2902,4671,19,140878
14937,3.3e-05,172.31.36.0-255,66,4737,19,140878
14938,7.8e-05,172.253.118.0-255,4320,9057,19,140878
14939,8.1e-05,172.31.36.0-255,66,9123,19,140878
14940,8.7e-05,172.253.118.0-255,4812,13935,19,140878
14941,8.9e-05,172.31.36.0-255,66,14001,19,140878
14942,0.000277,172.253.118.0-255,1484,15485,19,140878
14943,0.000282,172.31.36.0-255,66,15551,19,140878
14944,0.000287,172.253.118.0-255,2902,18453,19,140878
14945,0.000289,172.31.36.0-255,66,18519,19,140878
14946,0.000319,172.253.118.0-255,5738,24257,19,140878
14947,0.000322,172.31.36.0-255,66,24323,19,140878
14948,0.000326,172.253.118.0-255,2902,27225,19,140878
14949,0.000327,172.31.36.0-255,66,27291,19,140878
14950,0.000368,172.253.118.0-255,5379,32670,19,140878
14951,0.000372,172.31.36.0-255,66,32736,19,140878
14952,0.000397,172.253.118.0-255,5738,38474,19,140878
14953,0.0004,172.31.36.0-255,66,38540,19,140878
14954,0.000428,172.253.118.0-255,5738,44278,19,140878
14955,0.000431,172.31.36.0-255,66,44344,19,140878
14956,0.000471,172.253.118.0-255,3961,48305,19,140878
14957,0.000474,172.31.36.0-255,66,48371,19,140878
14958,0.001545,172.253.118.0-255,1484,49855,19,140878
14959,0.001551,172.31.36.0-255,66,49921,19,140878
14960,0.001561,172.253.118.0-255,2902,52823,19,140878
14961,0.001564,172.31.36.0-255,66,52889,19,140878
14962,0.001569,172.253.118.0-255,2902,55791,19,140878
14963,0.001571,172.31.36.0-255,66,55857,19,140878
14964,0.001596,172.253.118.0-255,2902,58759,19,140878
14965,0.001599,172.31.36.0-255,66,58825,19,140878
14966,0.001603,172.253.118.0-255,2902,61727,19,140878
14967,0.001605,172.31.36.0-255,66,61793,19,140878
14968,0.001637,172.253.118.0-255,5379,67172,19,140878
14969,0.00164,172.31.36.0-255,66,67238,19,140878
14970,0.001659,172.253.118.0-255,2902,70140,19,140878
14971,0.001661,172.31.36.0-255,66,70206,19,140878
14972,0.001685,172.253.118.0-255,2902,73108,19,140878
14973,0.001687,172.31.36.0-255,66,73174,19,140878
14974,0.0017,172.31.36.0-255,66,73240,19,140878
14975,0.001721,172.253.118.0-255,8574,81814,19,140878
14976,0.001723,172.31.36.0-255,66,81880,19,140878
14977,0.001748,172.253.118.0-255,4320,86200,19,140878
14978,0.00175,172.31.36.0-255,66,86266,19,140878
14979,0.001754,172.253.118.0-255,2184,88450,19,140878
14980,0.001757,172.31.36.0-255,66,88516,19,140878
14981,0.00176,172.253.118.0-255,646,89162,19,140878
14982,0.002223,172.253.118.0-255,1484,90646,19,140878
14983,0.002227,172.31.36.0-255,66,90712,19,140878
14984,0.002245,172.253.118.0-255,2902,93614,19,140878
14985,0.002248,172.31.36.0-255,66,93680,19,140878
14986,0.002255,172.253.118.0-255,5738,99418,19,140878
14987,0.002257,172.31.36.0-255,66,99484,19,140878
14988,0.00228,172.253.118.0-255,4320,103804,19,140878
14989,0.002282,172.31.36.0-255,66,103870,19,140878
14990,0.0023,172.253.118.0-255,8574,112444,19,140878
14991,0.002303,172.31.36.0-255,66,112510,19,140878
14992,0.00231,172.253.118.0-255,7156,119666,19,140878
14993,0.002312,172.31.36.0-255,66,119732,19,140878
14994,0.002363,172.253.118.0-255,3602,123334,19,140878
14995,0.002366,172.31.36.0-255,66,123400,19,140878
14996,0.004651,172.253.118.0-255,1484,124884,19,140878
14997,0.004703,172.253.118.0-255,4320,129204,19,140878
14998,0.004707,172.31.36.0-255,66,129270,19,140878
14999,0.007071,172.253.118.0-255,5738,135008,19,140878
15000,0.007079,172.31.36.0-255,66,135074,19,140878
15001,0.009428,172.253.118.0-255,5738,140812,19,140878
15002,0.009436,172.31.36.0-255,66,140878,19,140878
15003,0.0,172.31.36.0-255,105,105,19,459
15004,0.000224,172.31.36.0-255,90,195,19,459
15005,0.000234,172.31.36.0-255,66,261,19,459
15006,0.002195,74.125.24.0-255,66,327,19,459
15007,0.002228,74.125.24.0-255,66,393,19,459
15008,0.002253,172.31.36.0-255,66,459,19,459
15009,0.0,74.125.68.0-255,153,153,19,255090
15010,2.2e-05,172.31.36.0-255,66,219,19,255090
15011,3e-05,74.125.68.0-255,1484,1703,19,255090
15012,3.4e-05,172.31.36.0-255,66,1769,19,255090
15013,3.7e-05,74.125.68.0-255,1484,3253,19,255090
15014,4e-05,172.31.36.0-255,66,3319,19,255090
15015,4.6e-05,74.125.68.0-255,2902,6221,19,255090
15016,4.8e-05,172.31.36.0-255,66,6287,19,255090
15017,8.5e-05,74.125.68.0-255,5738,12025,19,255090
15018,8.8e-05,172.31.36.0-255,66,12091,19,255090
15019,9.1e-05,74.125.68.0-255,1484,13575,19,255090
15020,9.3e-05,172.31.36.0-255,66,13641,19,255090
15021,0.000141,74.125.68.0-255,4320,17961,19,255090
15022,0.000144,172.31.36.0-255,66,18027,19,255090
15023,0.000161,74.125.68.0-255,4922,22949,19,255090
15024,0.000164,172.31.36.0-255,66,23015,19,255090
15025,0.000208,74.125.68.0-255,8215,31230,19,255090
15026,0.00021,172.31.36.0-255,66,31296,19,255090
15027,0.000382,74.125.68.0-255,1484,32780,19,255090
15028,0.000387,172.31.36.0-255,66,32846,19,255090
15029,0.000406,74.125.68.0-255,1484,34330,19,255090
15030,0.000408,172.31.36.0-255,66,34396,19,255090
15031,0.000431,74.125.68.0-255,2902,37298,19,255090
15032,0.000433,172.31.36.0-255,66,37364,19,255090
15033,0.00046,74.125.68.0-255,4320,41684,19,255090
15034,0.000463,172.31.36.0-255,66,41750,19,255090
15035,0.000478,74.125.68.0-255,1484,43234,19,255090
15036,0.000481,172.31.36.0-255,66,43300,19,255090
15037,0.000484,74.125.68.0-255,1484,44784,19,255090
15038,0.000486,172.31.36.0-255,66,44850,19,255090
15039,0.000508,74.125.68.0-255,6797,51647,19,255090
15040,0.000512,172.31.36.0-255,66,51713,19,255090
15041,0.000533,74.125.68.0-255,7156,58869,19,255090
15042,0.000536,172.31.36.0-255,66,58935,19,255090
15043,0.000539,74.125.68.0-255,1484,60419,19,255090
15044,0.000555,74.125.68.0-255,2902,63321,19,255090
15045,0.000558,172.31.36.0-255,66,63387,19,255090
15046,0.000597,74.125.68.0-255,2815,66202,19,255090
15047,0.000601,172.31.36.0-255,66,66268,19,255090
15048,0.000662,74.125.68.0-255,384,66652,19,255090
15049,0.000805,74.125.68.0-255,1484,68136,19,255090
15050,0.00081,172.31.36.0-255,66,68202,19,255090
15051,0.000815,74.125.68.0-255,2902,71104,19,255090
15052,0.000817,172.31.36.0-255,66,71170,19,255090
15053,0.000844,74.125.68.0-255,5738,76908,19,255090
15054,0.000847,172.31.36.0-255,66,76974,19,255090
15055,0.000853,74.125.68.0-255,4320,81294,19,255090
15056,0.000855,172.31.36.0-255,66,81360,19,255090
15057,0.000871,74.125.68.0-255,5379,86739,19,255090
15058,0.000873,172.31.36.0-255,66,86805,19,255090
15059,0.000902,74.125.68.0-255,7156,93961,19,255090
15060,0.000907,172.31.36.0-255,66,94027,19,255090
15061,0.000925,74.125.68.0-255,1484,95511,19,255090
15062,0.000939,74.125.68.0-255,2902,98413,19,255090
15063,0.000942,172.31.36.0-255,66,98479,19,255090
15064,0.000961,74.125.68.0-255,2543,101022,19,255090
15065,0.000963,172.31.36.0-255,66,101088,19,255090
15066,0.001431,74.125.68.0-255,1484,102572,19,255090
15067,0.001452,74.125.68.0-255,2902,105474,19,255090
15068,0.001456,172.31.36.0-255,66,105540,19,255090
15069,0.001461,74.125.68.0-255,2902,108442,19,255090
15070,0.001463,172.31.36.0-255,66,108508,19,255090
15071,0.001481,74.125.68.0-255,1484,109992,19,255090
15072,0.001487,74.125.68.0-255,5738,115730,19,255090
15073,0.00149,172.31.36.0-255,66,115796,19,255090
15074,0.001503,74.125.68.0-255,1484,117280,19,255090
15075,0.001527,74.125.68.0-255,9992,127272,19,255090
15076,0.001529,172.31.36.0-255,66,127338,19,255090
15077,0.001535,74.125.68.0-255,4320,131658,19,255090
15078,0.001536,172.31.36.0-255,66,131724,19,255090
15079,0.001576,74.125.68.0-255,3602,135326,19,255090
15080,0.001579,172.31.36.0-255,66,135392,19,255090
15081,0.001667,74.125.68.0-255,1484,136876,19,255090
15082,0.001674,74.125.68.0-255,2902,139778,19,255090
15083,0.001677,172.31.36.0-255,66,139844,19,255090
15084,0.001695,74.125.68.0-255,2902,142746,19,255090
15085,0.001698,172.31.36.0-255,66,142812,19,255090
15086,0.001721,74.125.68.0-255,2902,145714,19,255090
15087,0.001724,172.31.36.0-255,66,145780,19,255090
15088,0.001751,74.125.68.0-255,8574,154354,19,255090
15089,0.001754,172.31.36.0-255,66,154420,19,255090
15090,0.001769,74.125.68.0-255,1484,155904,19,255090
15091,0.001788,74.125.68.0-255,8574,164478,19,255090
15092,0.00179,172.31.36.0-255,66,164544,19,255090
15093,0.001796,74.125.68.0-255,4320,168864,19,255090
15094,0.001799,172.31.36.0-255,66,168930,19,255090
15095,0.001844,74.125.68.0-255,766,169696,19,255090
15096,0.001968,74.125.68.0-255,1484,171180,19,255090
15097,0.001972,172.31.36.0-255,66,171246,19,255090
15098,0.00199,74.125.68.0-255,2902,174148,19,255090
15099,0.001992,172.31.36.0-255,66,174214,19,255090
15100,0.00201,74.125.68.0-255,1484,175698,19,255090
15101,0.002025,74.125.68.0-255,4320,180018,19,255090
15102,0.002027,172.31.36.0-255,66,180084,19,255090
15103,0.002031,74.125.68.0-255,1484,181568,19,255090
15104,0.002035,74.125.68.0-255,2902,184470,19,255090
15105,0.002037,172.31.36.0-255,66,184536,19,255090
15106,0.002059,74.125.68.0-255,4320,188856,19,255090
15107,0.002062,172.31.36.0-255,66,188922,19,255090
15108,0.002083,74.125.68.0-255,1484,190406,19,255090
15109,0.002088,74.125.68.0-255,4320,194726,19,255090
15110,0.002091,172.31.36.0-255,66,194792,19,255090
15111,0.002097,74.125.68.0-255,5738,200530,19,255090
15112,0.0021,172.31.36.0-255,66,200596,19,255090
15113,0.002139,74.125.68.0-255,3602,204198,19,255090
15114,0.002142,172.31.36.0-255,66,204264,19,255090
15115,0.002277,74.125.68.0-255,1484,205748,19,255090
15116,0.002282,74.125.68.0-255,2902,208650,19,255090
15117,0.002285,172.31.36.0-255,66,208716,19,255090
15118,0.00229,74.125.68.0-255,2902,211618,19,255090
15119,0.002292,172.31.36.0-255,66,211684,19,255090
15120,0.002304,74.125.68.0-255,1484,213168,19,255090
15121,0.002306,74.125.68.0-255,1484,214652,19,255090
15122,0.00231,172.31.36.0-255,66,214718,19,255090
15123,0.002321,74.125.68.0-255,4320,219038,19,255090
15124,0.002324,172.31.36.0-255,66,219104,19,255090
15125,0.002337,74.125.68.0-255,2902,222006,19,255090
15126,0.002339,172.31.36.0-255,66,222072,19,255090
15127,0.002347,74.125.68.0-255,7156,229228,19,255090
15128,0.00235,172.31.36.0-255,66,229294,19,255090
15129,0.002356,74.125.68.0-255,5738,235032,19,255090
15130,0.00236,172.31.36.0-255,66,235098,19,255090
15131,0.002379,74.125.68.0-255,2902,238000,19,255090
15132,0.002382,172.31.36.0-255,66,238066,19,255090
15133,0.002385,74.125.68.0-255,766,238832,19,255090
15134,0.003035,172.31.36.0-255,66,238898,19,255090
15135,0.004693,74.125.68.0-255,1484,240382,19,255090
15136,0.004724,74.125.68.0-255,2902,243284,19,255090
15137,0.00473,172.31.36.0-255,66,243350,19,255090
15138,0.005359,74.125.68.0-255,1484,244834,19,255090
15139,0.007125,74.125.68.0-255,4320,249154,19,255090
15140,0.00713,172.31.36.0-255,66,249220,19,255090
15141,0.009491,74.125.68.0-255,4320,253540,19,255090
15142,0.009497,172.31.36.0-255,66,253606,19,255090
15143,0.009518,74.125.68.0-255,1484,255090,19,255090
15144,0.0,74.125.24.0-255,143,143,19,117317
15145,1.4e-05,172.31.36.0-255,66,209,19,117317
15146,2.1e-05,74.125.24.0-255,1484,1693,19,117317
15147,2.6e-05,172.31.36.0-255,66,1759,19,117317
15148,4.1e-05,74.125.24.0-255,2902,4661,19,117317
15149,4.4e-05,172.31.36.0-255,66,4727,19,117317
15150,5.1e-05,74.125.24.0-255,7156,11883,19,117317
15151,5.5e-05,172.31.36.0-255,66,11949,19,117317
15152,0.000139,74.125.24.0-255,2056,14005,19,117317
15153,0.000142,172.31.36.0-255,66,14071,19,117317
15154,0.00018,172.31.36.0-255,66,14137,19,117317
15155,0.00033,74.125.24.0-255,5379,19516,19,117317
15156,0.000337,172.31.36.0-255,66,19582,19,117317
15157,0.000398,74.125.24.0-255,7156,26738,19,117317
15158,0.000402,172.31.36.0-255,66,26804,19,117317
15159,0.000436,74.125.24.0-255,9633,36437,19,117317
15160,0.000439,172.31.36.0-255,66,36503,19,117317
15161,0.000626,74.125.24.0-255,5738,42241,19,117317
15162,0.00063,172.31.36.0-255,66,42307,19,117317
15163,0.000668,172.31.36.0-255,66,42373,19,117317
15164,0.000829,74.125.24.0-255,381,42754,19,117317
15165,0.000833,172.31.36.0-255,66,42820,19,117317
15166,0.00086,74.125.24.0-255,1484,44304,19,117317
15167,0.000863,172.31.36.0-255,66,44370,19,117317
15168,0.000904,172.31.36.0-255,66,44436,19,117317
15169,0.000932,74.125.24.0-255,2543,46979,19,117317
15170,0.000935,172.31.36.0-255,66,47045,19,117317
15171,0.001125,74.125.24.0-255,2902,49947,19,117317
15172,0.001129,172.31.36.0-255,66,50013,19,117317
15173,0.001158,172.31.36.0-255,66,50079,19,117317
15174,0.001302,74.125.24.0-255,1484,51563,19,117317
15175,0.001318,74.125.24.0-255,2902,54465,19,117317
15176,0.001321,172.31.36.0-255,66,54531,19,117317
15177,0.001369,74.125.24.0-255,4320,58851,19,117317
15178,0.001372,172.31.36.0-255,66,58917,19,117317
15179,0.001396,74.125.24.0-255,1484,60401,19,117317
15180,0.001446,172.31.36.0-255,66,60467,19,117317
15181,0.001473,74.125.24.0-255,1484,61951,19,117317
15182,0.001614,74.125.24.0-255,5738,67689,19,117317
15183,0.001618,172.31.36.0-255,66,67755,19,117317
15184,0.001663,172.31.36.0-255,66,67821,19,117317
15185,0.001686,74.125.24.0-255,2184,70005,19,117317
15186,0.001689,172.31.36.0-255,66,70071,19,117317
15187,0.001986,74.125.24.0-255,8574,78645,19,117317
15188,0.00199,172.31.36.0-255,66,78711,19,117317
15189,0.002024,74.125.24.0-255,7856,86567,19,117317
15190,0.002028,172.31.36.0-255,66,86633,19,117317
15191,0.0022,74.125.24.0-255,2902,89535,19,117317
15192,0.002205,172.31.36.0-255,66,89601,19,117317
15193,0.00226,172.31.36.0-255,66,89667,19,117317
15194,0.002301,172.31.36.0-255,66,89733,19,117317
15195,0.002783,172.31.36.0-255,66,89799,19,117317
15196,0.00285,172.31.36.0-255,66,89865,19,117317
15197,0.002884,74.125.24.0-255,9974,99839,19,117317
15198,0.002887,172.31.36.0-255,66,99905,19,117317
15199,0.004996,74.125.24.0-255,5738,105643,19,117317
15200,0.005018,172.31.36.0-255,66,105709,19,117317
15201,0.007109,74.125.24.0-255,5738,111447,19,117317
15202,0.007131,172.31.36.0-255,66,111513,19,117317
15203,0.009218,74.125.24.0-255,5738,117251,19,117317
15204,0.009233,172.31.36.0-255,66,117317,19,117317
15205,0.0,74.125.24.0-255,147,147,19,83564
15206,1.5e-05,172.31.36.0-255,66,213,19,83564
15207,2.3e-05,74.125.24.0-255,1484,1697,19,83564
15208,2.7e-05,172.31.36.0-255,66,1763,19,83564
15209,3.2e-05,74.125.24.0-255,2902,4665,19,83564
15210,4.2e-05,172.31.36.0-255,66,4731,19,83564
15211,5e-05,74.125.24.0-255,7156,11887,19,83564
15212,5.3e-05,172.31.36.0-255,66,11953,19,83564
15213,5.8e-05,74.125.24.0-255,2000,13953,19,83564
15214,6e-05,172.31.36.0-255,66,14019,19,83564
15215,7.8e-05,74.125.24.0-255,2902,16921,19,83564
15216,8e-05,172.31.36.0-255,66,16987,19,83564
15217,0.00011,74.125.24.0-255,7156,24143,19,83564
15218,0.000113,172.31.36.0-255,66,24209,19,83564
15219,0.000145,74.125.24.0-255,8574,32783,19,83564
15220,0.000148,172.31.36.0-255,66,32849,19,83564
15221,0.00018,74.125.24.0-255,9992,42841,19,83564
15222,0.000183,172.31.36.0-255,66,42907,19,83564
15223,0.000211,74.125.24.0-255,4320,47227,19,83564
15224,0.000213,172.31.36.0-255,66,47293,19,83564
15225,0.000217,74.125.24.0-255,766,48059,19,83564
15226,0.000219,172.31.36.0-255,66,48125,19,83564
15227,0.000981,74.125.24.0-255,1484,49609,19,83564
15228,0.000988,172.31.36.0-255,66,49675,19,83564
15229,0.000997,74.125.24.0-255,2902,52577,19,83564
15230,0.000999,172.31.36.0-255,66,52643,19,83564
15231,0.001012,74.125.24.0-255,5738,58381,19,83564
15232,0.001014,172.31.36.0-255,66,58447,19,83564
15233,0.00102,74.125.24.0-255,4320,62767,19,83564
15234,0.001025,172.31.36.0-255,66,62833,19,83564
15235,0.001064,74.125.24.0-255,2857,65690,19,83564
15236,0.001067,172.31.36.0-255,66,65756,19,83564
15237,0.003341,74.125.24.0-255,2902,68658,19,83564
15238,0.003348,172.31.36.0-255,66,68724,19,83564
15239,0.003423,74.125.24.0-255,2902,71626,19,83564
15240,0.003427,172.31.36.0-255,66,71692,19,83564
15241,0.005667,74.125.24.0-255,2902,74594,19,83564
15242,0.005673,172.31.36.0-255,66,74660,19,83564
15243,0.00577,74.125.24.0-255,2902,77562,19,83564
15244,0.005775,172.31.36.0-255,66,77628,19,83564
15245,0.007982,74.125.24.0-255,2902,80530,19,83564
15246,0.00799,172.31.36.0-255,66,80596,19,83564
15247,0.008123,74.125.24.0-255,2902,83498,19,83564
15248,0.008141,172.31.36.0-255,66,83564,19,83564
15249,0.0,74.125.24.0-255,153,153,19,298403
15250,1.7e-05,172.31.36.0-255,66,219,19,298403
15251,2.4e-05,74.125.24.0-255,1484,1703,19,298403
15252,2.8e-05,172.31.36.0-255,66,1769,19,298403
15253,3.4e-05,74.125.24.0-255,2902,4671,19,298403
15254,3.8e-05,172.31.36.0-255,66,4737,19,298403
15255,4.2e-05,74.125.24.0-255,2902,7639,19,298403
15256,4.6e-05,172.31.36.0-255,66,7705,19,298403
15257,7.6e-05,74.125.24.0-255,6295,14000,19,298403
15258,7.9e-05,172.31.36.0-255,66,14066,19,298403
15259,0.000117,74.125.24.0-255,1484,15550,19,298403
15260,0.000119,172.31.36.0-255,66,15616,19,298403
15261,0.000134,74.125.24.0-255,2902,18518,19,298403
15262,0.000137,172.31.36.0-255,66,18584,19,298403
15263,0.000143,74.125.24.0-255,4320,22904,19,298403
15264,0.000145,172.31.36.0-255,66,22970,19,298403
15265,0.00016,74.125.24.0-255,1484,24454,19,298403
15266,0.000162,172.31.36.0-255,66,24520,19,298403
15267,0.000176,74.125.24.0-255,4320,28840,19,298403
15268,0.000179,172.31.36.0-255,66,28906,19,298403
15269,0.000211,74.125.24.0-255,2543,31449,19,298403
15270,0.000214,172.31.36.0-255,66,31515,19,298403
15271,0.000233,74.125.24.0-255,2902,34417,19,298403
15272,0.000236,172.31.36.0-255,66,34483,19,298403
15273,0.000243,74.125.24.0-255,7156,41639,19,298403
15274,0.000246,172.31.36.0-255,66,41705,19,298403
15275,0.00027,74.125.24.0-255,6797,48502,19,298403
15276,0.000273,172.31.36.0-255,66,48568,19,298403
15277,0.001315,74.125.24.0-255,1484,50052,19,298403
15278,0.001322,172.31.36.0-255,66,50118,19,298403
15279,0.001333,74.125.24.0-255,2902,53020,19,298403
15280,0.001336,172.31.36.0-255,66,53086,19,298403
15281,0.001343,74.125.24.0-255,5738,58824,19,298403
15282,0.001346,172.31.36.0-255,66,58890,19,298403
15283,0.001352,74.125.24.0-255,4320,63210,19,298403
15284,0.001354,172.31.36.0-255,66,63276,19,298403
15285,0.001374,74.125.24.0-255,2543,65819,19,298403
15286,0.001377,172.31.36.0-255,66,65885,19,298403
15287,0.001384,74.125.24.0-255,5738,71623,19,298403
15288,0.001386,172.31.36.0-255,66,71689,19,298403
15289,0.001409,74.125.24.0-255,1484,73173,19,298403
15290,0.001412,172.31.36.0-255,66,73239,19,298403
15291,0.001418,74.125.24.0-255,4320,77559,19,298403
15292,0.00142,172.31.36.0-255,66,77625,19,298403
15293,0.001445,74.125.24.0-255,9992,87617,19,298403
15294,0.001447,172.31.36.0-255,66,87683,19,298403
15295,0.001479,74.125.24.0-255,2902,90585,19,298403
15296,0.001507,74.125.24.0-255,9274,99859,19,298403
15297,0.001874,74.125.24.0-255,1484,101343,19,298403
15298,0.001881,74.125.24.0-255,2902,104245,19,298403
15299,0.001888,74.125.24.0-255,5738,109983,19,298403
15300,0.001904,74.125.24.0-255,4320,114303,19,298403
15301,0.001914,74.125.24.0-255,2428,116731,19,298403
15302,0.001933,74.125.24.0-255,4320,121051,19,298403
15303,0.001961,74.125.24.0-255,9992,131043,19,298403
15304,0.001998,74.125.24.0-255,3238,134281,19,298403
15305,0.002382,74.125.24.0-255,1484,135765,19,298403
15306,0.002396,74.125.24.0-255,2902,138667,19,298403
15307,0.002421,74.125.24.0-255,5738,144405,19,298403
15308,0.002435,74.125.24.0-255,1484,145889,19,298403
15309,0.002495,74.125.24.0-255,9992,155881,19,298403
15310,0.00252,74.125.24.0-255,766,156647,19,298403
15311,0.002667,74.125.24.0-255,1484,158131,19,298403
15312,0.00267,74.125.24.0-255,1484,159615,19,298403
15313,0.002682,74.125.24.0-255,1484,161099,19,298403
15314,0.002686,74.125.24.0-255,2902,164001,19,298403
15315,0.002703,74.125.24.0-255,2902,166903,19,298403
15316,0.002712,74.125.24.0-255,8574,175477,19,298403
15317,0.00277,74.125.24.0-255,4320,179797,19,298403
15318,0.002813,74.125.24.0-255,10692,190489,19,298403
15319,0.002986,74.125.24.0-255,1484,191973,19,298403
15320,0.002991,74.125.24.0-255,1484,193457,19,298403
15321,0.003013,74.125.24.0-255,1484,194941,19,298403
15322,0.003019,74.125.24.0-255,4320,199261,19,298403
15323,0.003025,74.125.24.0-255,5738,204999,19,298403
15324,0.003043,74.125.24.0-255,2902,207901,19,298403
15325,0.00306,74.125.24.0-255,8574,216475,19,298403
15326,0.003097,74.125.24.0-255,4320,220795,19,298403
15327,0.003117,74.125.24.0-255,3602,224397,19,298403
15328,0.003143,74.125.24.0-255,4320,228717,19,298403
15329,0.003248,74.125.24.0-255,2902,231619,19,298403
15330,0.003274,74.125.24.0-255,9274,240893,19,298403
15331,0.003302,74.125.24.0-255,4320,245213,19,298403
15332,0.003323,74.125.24.0-255,5738,250951,19,298403
15333,0.003388,74.125.24.0-255,2902,253853,19,298403
15334,0.003486,74.125.24.0-255,1484,255337,19,298403
15335,0.00352,74.125.24.0-255,5738,261075,19,298403
15336,0.003593,74.125.24.0-255,4320,265395,19,298403
15337,0.003621,74.125.24.0-255,10692,276087,19,298403
15338,0.003674,74.125.24.0-255,4320,280407,19,298403
15339,0.003695,74.125.24.0-255,8574,288981,19,298403
15340,0.003866,74.125.24.0-255,7156,296137,19,298403
15341,0.003907,74.125.24.0-255,2095,298232,19,298403
15342,0.003951,74.125.24.0-255,105,298337,19,298403
15343,0.004284,172.31.36.0-255,66,298403,19,298403
15344,0.0,172.217.160.0-255,153,153,19,197250
15345,1.5e-05,172.31.36.0-255,66,219,19,197250
15346,2.2e-05,172.217.160.0-255,1484,1703,19,197250
15347,2.7e-05,172.31.36.0-255,66,1769,19,197250
15348,3.2e-05,172.217.160.0-255,2902,4671,19,197250
15349,3.5e-05,172.31.36.0-255,66,4737,19,197250
15350,5.3e-05,172.217.160.0-255,7156,11893,19,197250
15351,5.5e-05,172.31.36.0-255,66,11959,19,197250
15352,7.2e-05,172.31.36.0-255,66,12025,19,197250
15353,0.000122,172.217.160.0-255,2543,14568,19,197250
15354,0.000129,172.31.36.0-255,66,14634,19,197250
15355,0.000182,172.217.160.0-255,1484,16118,19,197250
15356,0.000185,172.31.36.0-255,66,16184,19,197250
15357,0.000189,172.217.160.0-255,2902,19086,19,197250
15358,0.000191,172.31.36.0-255,66,19152,19,197250
15359,0.000196,172.217.160.0-255,2902,22054,19,197250
15360,0.000203,172.31.36.0-255,66,22120,19,197250
15361,0.000235,172.217.160.0-255,2902,25022,19,197250
15362,0.000237,172.31.36.0-255,66,25088,19,197250
15363,0.000244,172.217.160.0-255,6797,31885,19,197250
15364,0.000247,172.31.36.0-255,66,31951,19,197250
15365,0.00044,172.217.160.0-255,1484,33435,19,197250
15366,0.000446,172.31.36.0-255,66,33501,19,197250
15367,0.000452,172.217.160.0-255,2902,36403,19,197250
15368,0.000455,172.31.36.0-255,66,36469,19,197250
15369,0.000458,172.217.160.0-255,1484,37953,19,197250
15370,0.00046,172.31.36.0-255,66,38019,19,197250
15371,0.000501,172.217.160.0-255,4320,42339,19,197250
15372,0.000504,172.31.36.0-255,66,42405,19,197250
15373,0.000511,172.217.160.0-255,7103,49508,19,197250
15374,0.000513,172.31.36.0-255,66,49574,19,197250
15375,0.000865,172.217.160.0-255,371,49945,19,197250
15376,0.000958,172.217.160.0-255,1484,51429,19,197250
15377,0.000963,172.31.36.0-255,66,51495,19,197250
15378,0.000968,172.217.160.0-255,2902,54397,19,197250
15379,0.00097,172.31.36.0-255,66,54463,19,197250
15380,0.000976,172.217.160.0-255,5738,60201,19,197250
15381,0.000982,172.31.36.0-255,66,60267,19,197250
15382,0.001013,172.217.160.0-255,6797,67064,19,197250
15383,0.001015,172.31.36.0-255,66,67130,19,197250
15384,0.001038,172.217.160.0-255,7156,74286,19,197250
15385,0.00104,172.31.36.0-255,66,74352,19,197250
15386,0.001046,172.217.160.0-255,4320,78672,19,197250
15387,0.001048,172.31.36.0-255,66,78738,19,197250
15388,0.001079,172.217.160.0-255,5379,84117,19,197250
15389,0.001082,172.31.36.0-255,66,84183,19,197250
15390,0.00113,172.217.160.0-255,1484,85667,19,197250
15391,0.001134,172.217.160.0-255,1484,87151,19,197250
15392,0.001137,172.31.36.0-255,66,87217,19,197250
15393,0.001165,172.217.160.0-255,1484,88701,19,197250
15394,0.001172,172.217.160.0-255,5738,94439,19,197250
15395,0.001174,172.31.36.0-255,66,94505,19,197250
15396,0.001203,172.217.160.0-255,6130,100635,19,197250
15397,0.001207,172.31.36.0-255,66,100701,19,197250
15398,0.001242,172.217.160.0-255,1484,102185,19,197250
15399,0.001262,172.217.160.0-255,2902,105087,19,197250
15400,0.001265,172.31.36.0-255,66,105153,19,197250
15401,0.001271,172.217.160.0-255,5738,110891,19,197250
15402,0.001273,172.31.36.0-255,66,110957,19,197250
15403,0.001303,172.217.160.0-255,4320,115277,19,197250
15404,0.001306,172.31.36.0-255,66,115343,19,197250
15405,0.001333,172.217.160.0-255,3241,118584,19,197250
15406,0.001337,172.31.36.0-255,66,118650,19,197250
15407,0.001411,172.217.160.0-255,1484,120134,19,197250
15408,0.001417,172.217.160.0-255,2902,123036,19,197250
15409,0.00142,172.31.36.0-255,66,123102,19,197250
15410,0.001444,172.217.160.0-255,5738,128840,19,197250
15411,0.001447,172.31.36.0-255,66,128906,19,197250
15412,0.001454,172.217.160.0-255,7156,136062,19,197250
15413,0.001457,172.31.36.0-255,66,136128,19,197250
15414,0.001492,172.217.160.0-255,5738,141866,19,197250
15415,0.001495,172.31.36.0-255,66,141932,19,197250
15416,0.001505,172.217.160.0-255,10692,152624,19,197250
15417,0.001512,172.31.36.0-255,66,152690,19,197250
15418,0.001635,172.217.160.0-255,1484,154174,19,197250
15419,0.00164,172.217.160.0-255,2902,157076,19,197250
15420,0.001644,172.31.36.0-255,66,157142,19,197250
15421,0.001651,172.217.160.0-255,5738,162880,19,197250
15422,0.001653,172.31.36.0-255,66,162946,19,197250
15423,0.001658,172.217.160.0-255,2902,165848,19,197250
15424,0.001665,172.31.36.0-255,66,165914,19,197250
15425,0.001699,172.217.160.0-255,2902,168816,19,197250
15426,0.001702,172.31.36.0-255,66,168882,19,197250
15427,0.001721,172.31.36.0-255,66,168948,19,197250
15428,0.001727,172.217.160.0-255,5020,173968,19,197250
15429,0.001729,172.31.36.0-255,66,174034,19,197250
15430,0.003641,172.217.160.0-255,5738,179772,19,197250
15431,0.003646,172.31.36.0-255,66,179838,19,197250
15432,0.005585,172.217.160.0-255,5738,185576,19,197250
15433,0.005589,172.31.36.0-255,66,185642,19,197250
15434,0.007516,172.217.160.0-255,5738,191380,19,197250
15435,0.007522,172.31.36.0-255,66,191446,19,197250
15436,0.009463,172.217.160.0-255,5738,197184,19,197250
15437,0.00947,172.31.36.0-255,66,197250,19,197250
15438,0.0,172.217.194.0-255,319,319,19,319209
15439,3.7e-05,172.31.36.0-255,66,385,19,319209
15440,4.5e-05,172.217.194.0-255,1484,1869,19,319209
15441,5e-05,172.31.36.0-255,66,1935,19,319209
15442,6.5e-05,172.217.194.0-255,4320,6255,19,319209
15443,6.9e-05,172.31.36.0-255,66,6321,19,319209
15444,9.6e-05,172.217.194.0-255,5738,12059,19,319209
15445,9.9e-05,172.31.36.0-255,66,12125,19,319209
15446,0.000129,172.217.194.0-255,1870,13995,19,319209
15447,0.000133,172.31.36.0-255,66,14061,19,319209
15448,0.000141,172.217.194.0-255,8574,22635,19,319209
15449,0.000144,172.31.36.0-255,66,22701,19,319209
15450,0.000158,172.217.194.0-255,8215,30916,19,319209
15451,0.000162,172.31.36.0-255,66,30982,19,319209
15452,0.000187,172.217.194.0-255,1484,32466,19,319209
15453,0.000191,172.31.36.0-255,66,32532,19,319209
15454,0.000199,172.217.194.0-255,2902,35434,19,319209
15455,0.000202,172.31.36.0-255,66,35500,19,319209
15456,0.00021,172.217.194.0-255,5738,41238,19,319209
15457,0.000212,172.31.36.0-255,66,41304,19,319209
15458,0.000216,172.217.194.0-255,2902,44206,19,319209
15459,0.000219,172.31.36.0-255,66,44272,19,319209
15460,0.000242,172.217.194.0-255,1484,45756,19,319209
15461,0.000252,172.31.36.0-255,66,45822,19,319209
15462,0.000259,172.217.194.0-255,4320,50142,19,319209
15463,0.000262,172.31.36.0-255,66,50208,19,319209
15464,0.0003,172.217.194.0-255,7156,57364,19,319209
15465,0.000304,172.31.36.0-255,66,57430,19,319209
15466,0.000309,172.217.194.0-255,5738,63168,19,319209
15467,0.000312,172.31.36.0-255,66,63234,19,319209
15468,0.00034,172.217.194.0-255,2184,65418,19,319209
15469,0.000344,172.31.36.0-255,66,65484,19,319209
15470,0.000347,172.217.194.0-255,414,65898,19,319209
15471,0.000414,172.217.194.0-255,1484,67382,19,319209
15472,0.000419,172.31.36.0-255,66,67448,19,319209
15473,0.000423,172.217.194.0-255,1484,68932,19,319209
15474,0.000449,172.217.194.0-255,4320,73252,19,319209
15475,0.000453,172.31.36.0-255,66,73318,19,319209
15476,0.0005,172.217.194.0-255,9992,83310,19,319209
15477,0.000504,172.31.36.0-255,66,83376,19,319209
15478,0.000513,172.217.194.0-255,8574,91950,19,319209
15479,0.000522,172.31.36.0-255,66,92016,19,319209
15480,0.000527,172.217.194.0-255,2902,94918,19,319209
15481,0.00053,172.31.36.0-255,66,94984,19,319209
15482,0.000562,172.217.194.0-255,5020,100004,19,319209
15483,0.000571,172.31.36.0-255,66,100070,19,319209
15484,0.000582,172.217.194.0-255,8870,108940,19,319209
15485,0.000584,172.31.36.0-255,66,109006,19,319209
15486,0.000592,172.217.194.0-255,7156,116162,19,319209
15487,0.000594,172.31.36.0-255,66,116228,19,319209
15488,0.000635,172.217.194.0-255,7156,123384,19,319209
15489,0.000641,172.31.36.0-255,66,123450,19,319209
15490,0.000651,172.217.194.0-255,10692,134142,19,319209
15491,0.000661,172.31.36.0-255,66,134208,19,319209
15492,0.000702,172.31.36.0-255,66,134274,19,319209
15493,0.000708,172.217.194.0-255,4320,138594,19,319209
15494,0.000711,172.31.36.0-255,66,138660,19,319209
15495,0.000753,172.217.194.0-255,8574,147234,19,319209
15496,0.000759,172.31.36.0-255,66,147300,19,319209
15497,0.000761,172.217.194.0-255,9274,156574,19,319209
15498,0.000764,172.31.36.0-255,66,156640,19,319209
15499,0.000788,172.217.194.0-255,1484,158124,19,319209
15500,0.00081,172.217.194.0-255,2902,161026,19,319209
15501,0.000814,172.31.36.0-255,66,161092,19,319209
15502,0.00082,172.217.194.0-255,4320,165412,19,319209
15503,0.000823,172.31.36.0-255,66,165478,19,319209
15504,0.000851,172.217.194.0-255,1484,166962,19,319209
15505,0.000856,172.217.194.0-255,2902,169864,19,319209
15506,0.000859,172.31.36.0-255,66,169930,19,319209
15507,0.000868,172.217.194.0-255,9992,179922,19,319209
15508,0.000871,172.31.36.0-255,66,179988,19,319209
15509,0.000938,172.217.194.0-255,8574,188562,19,319209
15510,0.000943,172.31.36.0-255,66,188628,19,319209
15511,0.000958,172.217.194.0-255,2184,190812,19,319209
15512,0.000962,172.31.36.0-255,66,190878,19,319209
15513,0.001349,172.217.194.0-255,1484,192362,19,319209
15514,0.001369,172.217.194.0-255,2902,195264,19,319209
15515,0.001373,172.31.36.0-255,66,195330,19,319209
15516,0.001381,172.217.194.0-255,5738,201068,19,319209
15517,0.001384,172.31.36.0-255,66,201134,19,319209
15518,0.001395,172.217.194.0-255,2902,204036,19,319209
15519,0.001399,172.31.36.0-255,66,204102,19,319209
15520,0.001444,172.217.194.0-255,9992,214094,19,319209
15521,0.001449,172.31.36.0-255,66,214160,19,319209
15522,0.001458,172.217.194.0-255,9992,224152,19,319209
15523,0.00146,172.31.36.0-255,66,224218,19,319209
15524,0.001469,172.217.194.0-255,766,224984,19,319209
15525,0.001662,172.217.194.0-255,1484,226468,19,319209
15526,0.001669,172.31.36.0-255,66,226534,19,319209
15527,0.001674,172.217.194.0-255,2902,229436,19,319209
15528,0.001677,172.31.36.0-255,66,229502,19,319209
15529,0.00169,172.217.194.0-255,5738,235240,19,319209
15530,0.001693,172.31.36.0-255,66,235306,19,319209
15531,0.001697,172.217.194.0-255,1484,236790,19,319209
15532,0.001755,172.31.36.0-255,66,236856,19,319209
15533,0.001758,172.217.194.0-255,8574,245430,19,319209
15534,0.00176,172.31.36.0-255,66,245496,19,319209
15535,0.001794,172.217.194.0-255,2184,247680,19,319209
15536,0.001798,172.31.36.0-255,66,247746,19,319209
15537,0.002028,172.217.194.0-255,1484,249230,19,319209
15538,0.002033,172.217.194.0-255,1484,250714,19,319209
15539,0.002038,172.31.36.0-255,66,250780,19,319209
15540,0.002057,172.217.194.0-255,1484,252264,19,319209
15541,0.002065,172.217.194.0-255,5738,258002,19,319209
15542,0.002068,172.31.36.0-255,66,258068,19,319209
15543,0.002075,172.217.194.0-255,5738,263806,19,319209
15544,0.002077,172.31.36.0-255,66,263872,19,319209
15545,0.00211,172.217.194.0-255,7156,271028,19,319209
15546,0.002119,172.31.36.0-255,66,271094,19,319209
15547,0.002128,172.217.194.0-255,8574,279668,19,319209
15548,0.002131,172.31.36.0-255,66,279734,19,319209
15549,0.00217,172.31.36.0-255,66,279800,19,319209
15550,0.002202,172.217.194.0-255,3602,283402,19,319209
15551,0.002206,172.31.36.0-255,66,283468,19,319209
15552,0.002225,172.31.36.0-255,66,283534,19,319209
15553,0.002259,172.217.194.0-255,1484,285018,19,319209
15554,0.002264,172.217.194.0-255,1484,286502,19,319209
15555,0.002267,172.31.36.0-255,66,286568,19,319209
15556,0.002298,172.217.194.0-255,1484,288052,19,319209
15557,0.002303,172.217.194.0-255,2902,290954,19,319209
15558,0.002306,172.31.36.0-255,66,291020,19,319209
15559,0.002313,172.217.194.0-255,5738,296758,19,319209
15560,0.002315,172.31.36.0-255,66,296824,19,319209
15561,0.002332,172.217.194.0-255,1484,298308,19,319209
15562,0.002334,172.217.194.0-255,1484,299792,19,319209
15563,0.002341,172.31.36.0-255,66,299858,19,319209
15564,0.00237,172.31.36.0-255,66,299924,19,319209
15565,0.002398,172.217.194.0-255,2902,302826,19,319209
15566,0.002402,172.31.36.0-255,66,302892,19,319209
15567,0.002438,172.217.194.0-255,7856,310748,19,319209
15568,0.002442,172.31.36.0-255,66,310814,19,319209
15569,0.002456,172.31.36.0-255,66,310880,19,319209
15570,0.002473,172.31.36.0-255,66,310946,19,319209
15571,0.004852,172.217.194.0-255,5738,316684,19,319209
15572,0.004859,172.31.36.0-255,66,316750,19,319209
15573,0.007211,172.217.194.0-255,1697,318447,19,319209
15574,0.007216,172.31.36.0-255,66,318513,19,319209
15575,0.007351,172.31.36.0-255,105,318618,19,319209
15576,0.007377,172.31.36.0-255,105,318723,19,319209
15577,0.007567,172.31.36.0-255,90,318813,19,319209
15578,0.007576,172.31.36.0-255,66,318879,19,319209
15579,0.009687,172.217.194.0-255,66,318945,19,319209
15580,0.009732,172.217.194.0-255,66,319011,19,319209
15581,0.009897,172.217.194.0-255,66,319077,19,319209
15582,0.009941,172.217.194.0-255,66,319143,19,319209
15583,0.009951,172.31.36.0-255,66,319209,19,319209
15584,0.0,74.125.24.0-255,144,144,19,171481
15585,3e-05,172.31.36.0-255,66,210,19,171481
15586,3.8e-05,74.125.24.0-255,1484,1694,19,171481
15587,4.2e-05,172.31.36.0-255,66,1760,19,171481
15588,5.6e-05,74.125.24.0-255,2902,4662,19,171481
15589,5.9e-05,172.31.36.0-255,66,4728,19,171481
15590,6.3e-05,74.125.24.0-255,2902,7630,19,171481
15591,6.6e-05,172.31.36.0-255,66,7696,19,171481
15592,9.8e-05,74.125.24.0-255,6291,13987,19,171481
15593,0.000102,172.31.36.0-255,66,14053,19,171481
15594,0.000194,74.125.24.0-255,1484,15537,19,171481
15595,0.000198,172.31.36.0-255,66,15603,19,171481
15596,0.000204,74.125.24.0-255,2902,18505,19,171481
15597,0.000207,172.31.36.0-255,66,18571,19,171481
15598,0.000238,74.125.24.0-255,5738,24309,19,171481
15599,0.000241,172.31.36.0-255,66,24375,19,171481
15600,0.000246,74.125.24.0-255,2902,27277,19,171481
15601,0.000248,172.31.36.0-255,66,27343,19,171481
15602,0.000272,74.125.24.0-255,3961,31304,19,171481
15603,0.000275,172.31.36.0-255,66,31370,19,171481
15604,0.000371,74.125.24.0-255,1484,32854,19,171481
15605,0.000374,172.31.36.0-255,66,32920,19,171481
15606,0.00038,74.125.24.0-255,2902,35822,19,171481
15607,0.000382,172.31.36.0-255,66,35888,19,171481
15608,0.000416,74.125.24.0-255,5738,41626,19,171481
15609,0.00042,172.31.36.0-255,66,41692,19,171481
15610,0.000429,74.125.24.0-255,6797,48489,19,171481
15611,0.000432,172.31.36.0-255,66,48555,19,171481
15612,0.000436,74.125.24.0-255,2902,51457,19,171481
15613,0.000438,172.31.36.0-255,66,51523,19,171481
15614,0.000482,172.31.36.0-255,66,51589,19,171481
15615,0.000487,74.125.24.0-255,2543,54132,19,171481
15616,0.000489,172.31.36.0-255,66,54198,19,171481
15617,0.000627,74.125.24.0-255,645,54843,19,171481
15618,0.000789,74.125.24.0-255,1484,56327,19,171481
15619,0.000793,172.31.36.0-255,66,56393,19,171481
15620,0.000799,74.125.24.0-255,2902,59295,19,171481
15621,0.000801,172.31.36.0-255,66,59361,19,171481
15622,0.000831,74.125.24.0-255,5738,65099,19,171481
15623,0.000835,172.31.36.0-255,66,65165,19,171481
15624,0.000847,172.31.36.0-255,66,65231,19,171481
15625,0.000872,74.125.24.0-255,1484,66715,19,171481
15626,0.000879,74.125.24.0-255,5738,72453,19,171481
15627,0.000881,172.31.36.0-255,66,72519,19,171481
15628,0.000909,74.125.24.0-255,5020,77539,19,171481
15629,0.000912,172.31.36.0-255,66,77605,19,171481
15630,0.000944,74.125.24.0-255,1484,79089,19,171481
15631,0.000962,74.125.24.0-255,2902,81991,19,171481
15632,0.000965,172.31.36.0-255,66,82057,19,171481
15633,0.000969,74.125.24.0-255,1484,83541,19,171481
15634,0.000993,74.125.24.0-255,4320,87861,19,171481
15635,0.000997,172.31.36.0-255,66,87927,19,171481
15636,0.001004,74.125.24.0-255,5738,93665,19,171481
15637,0.001006,172.31.36.0-255,66,93731,19,171481
15638,0.001033,74.125.24.0-255,7156,100887,19,171481
15639,0.001036,172.31.36.0-255,66,100953,19,171481
15640,0.001066,74.125.24.0-255,5738,106691,19,171481
15641,0.001069,172.31.36.0-255,66,106757,19,171481
15642,0.001091,74.125.24.0-255,5020,111777,19,171481
15643,0.001096,172.31.36.0-255,66,111843,19,171481
15644,0.001387,74.125.24.0-255,1484,113327,19,171481
15645,0.001396,74.125.24.0-255,2902,116229,19,171481
15646,0.0014,172.31.36.0-255,66,116295,19,171481
15647,0.001407,74.125.24.0-255,5738,122033,19,171481
15648,0.001409,172.31.36.0-255,66,122099,19,171481
15649,0.001448,172.31.36.0-255,66,122165,19,171481
15650,0.001452,74.125.24.0-255,1484,123649,19,171481
15651,0.001482,74.125.24.0-255,9274,132923,19,171481
15652,0.001485,172.31.36.0-255,66,132989,19,171481
15653,0.002189,74.125.24.0-255,1484,134473,19,171481
15654,0.002197,74.125.24.0-255,2902,137375,19,171481
15655,0.002202,172.31.36.0-255,66,137441,19,171481
15656,0.002209,74.125.24.0-255,5738,143179,19,171481
15657,0.002211,172.31.36.0-255,66,143245,19,171481
15658,0.002288,172.31.36.0-255,66,143311,19,171481
15659,0.002297,74.125.24.0-255,10692,154003,19,171481
15660,0.002299,172.31.36.0-255,66,154069,19,171481
15661,0.004545,74.125.24.0-255,5738,159807,19,171481
15662,0.004549,172.31.36.0-255,66,159873,19,171481
15663,0.006821,74.125.24.0-255,5738,165611,19,171481
15664,0.006827,172.31.36.0-255,66,165677,19,171481
15665,0.009108,74.125.24.0-255,5738,171415,19,171481
15666,0.009114,172.31.36.0-255,66,171481,19,171481
15667,0.0,74.125.24.0-255,146,146,19,139280
15668,2.2e-05,172.31.36.0-255,66,212,19,139280
15669,2.9e-05,74.125.24.0-255,1484,1696,19,139280
15670,3.4e-05,172.31.36.0-255,66,1762,19,139280
15671,4.8e-05,74.125.24.0-255,2902,4664,19,139280
15672,5.2e-05,172.31.36.0-255,66,4730,19,139280
15673,6e-05,74.125.24.0-255,7156,11886,19,139280
15674,6.3e-05,172.31.36.0-255,66,11952,19,139280
15675,6.8e-05,74.125.24.0-255,2056,14008,19,139280
15676,7e-05,172.31.36.0-255,66,14074,19,139280
15677,9.4e-05,74.125.24.0-255,2902,16976,19,139280
15678,0.000102,172.31.36.0-255,66,17042,19,139280
15679,0.000136,74.125.24.0-255,8574,25616,19,139280
15680,0.000139,172.31.36.0-255,66,25682,19,139280
15681,0.000146,74.125.24.0-255,5379,31061,19,139280
15682,0.000149,172.31.36.0-255,66,31127,19,139280
15683,0.000212,74.125.24.0-255,1484,32611,19,139280
15684,0.000214,172.31.36.0-255,66,32677,19,139280
15685,0.000218,74.125.24.0-255,1484,34161,19,139280
15686,0.00022,172.31.36.0-255,66,34227,19,139280
15687,0.000254,74.125.24.0-255,1484,35711,19,139280
15688,0.000256,172.31.36.0-255,66,35777,19,139280
15689,0.000264,74.125.24.0-255,5738,41515,19,139280
15690,0.000266,172.31.36.0-255,66,41581,19,139280
15691,0.00028,74.125.24.0-255,7156,48737,19,139280
15692,0.000282,172.31.36.0-255,66,48803,19,139280
15693,0.000296,74.125.24.0-255,5379,54182,19,139280
15694,0.000303,172.31.36.0-255,66,54248,19,139280
15695,0.000336,74.125.24.0-255,7156,61404,19,139280
15696,0.000339,172.31.36.0-255,66,61470,19,139280
15697,0.000367,74.125.24.0-255,3961,65431,19,139280
15698,0.00037,172.31.36.0-255,66,65497,19,139280
15699,0.000914,74.125.24.0-255,645,66142,19,139280
15700,0.00092,172.31.36.0-255,66,66208,19,139280
15701,0.001544,74.125.24.0-255,1484,67692,19,139280
15702,0.001552,172.31.36.0-255,66,67758,19,139280
15703,0.001563,74.125.24.0-255,2902,70660,19,139280
15704,0.001566,172.31.36.0-255,66,70726,19,139280
15705,0.00158,74.125.24.0-255,5738,76464,19,139280
15706,0.001586,74.125.24.0-255,4320,80784,19,139280
15707,0.001634,74.125.24.0-255,9992,90776,19,139280
15708,0.001658,74.125.24.0-255,1484,92260,19,139280
15709,0.001666,74.125.24.0-255,7308,99568,19,139280
15710,0.001864,74.125.24.0-255,1484,101052,19,139280
15711,0.001871,74.125.24.0-255,2902,103954,19,139280
15712,0.001899,74.125.24.0-255,5738,109692,19,139280
15713,0.001904,74.125.24.0-255,4320,114012,19,139280
15714,0.001907,74.125.24.0-255,1484,115496,19,139280
15715,0.001927,74.125.24.0-255,9992,125488,19,139280
15716,0.001957,74.125.24.0-255,5738,131226,19,139280
15717,0.001975,74.125.24.0-255,2184,133410,19,139280
15718,0.006711,172.31.36.0-255,66,133476,19,139280
15719,0.009011,74.125.24.0-255,5738,139214,19,139280
15720,0.009022,172.31.36.0-255,66,139280,19,139280
15721,0.0,74.125.68.0-255,153,153,19,226379
15722,2.7e-05,172.31.36.0-255,66,219,19,226379
15723,3.5e-05,74.125.68.0-255,1484,1703,19,226379
15724,3.9e-05,172.31.36.0-255,66,1769,19,226379
15725,4.4e-05,74.125.68.0-255,2902,4671,19,226379
15726,4.7e-05,172.31.36.0-255,66,4737,19,226379
15727,5.1e-05,74.125.68.0-255,2902,7639,19,226379
15728,5.3e-05,172.31.36.0-255,66,7705,19,226379
15729,8.1e-05,74.125.68.0-255,2902,10607,19,226379
15730,8.6e-05,74.125.68.0-255,3470,14077,19,226379
15731,8.6e-05,172.31.36.0-255,66,14143,19,226379
15732,9e-05,172.31.36.0-255,66,14209,19,226379
15733,0.000118,74.125.68.0-255,1484,15693,19,226379
15734,0.000121,172.31.36.0-255,66,15759,19,226379
15735,0.000144,74.125.68.0-255,2902,18661,19,226379
15736,0.000147,172.31.36.0-255,66,18727,19,226379
15737,0.000171,74.125.68.0-255,2902,21629,19,226379
15738,0.000173,172.31.36.0-255,66,21695,19,226379
15739,0.000197,74.125.68.0-255,2902,24597,19,226379
15740,0.000199,172.31.36.0-255,66,24663,19,226379
15741,0.000206,74.125.68.0-255,6797,31460,19,226379
15742,0.000208,172.31.36.0-255,66,31526,19,226379
15743,0.00056,74.125.68.0-255,1484,33010,19,226379
15744,0.000565,172.31.36.0-255,66,33076,19,226379
15745,0.00057,74.125.68.0-255,2902,35978,19,226379
15746,0.000572,172.31.36.0-255,66,36044,19,226379
15747,0.000585,74.125.68.0-255,1484,37528,19,226379
15748,0.000588,172.31.36.0-255,66,37594,19,226379
15749,0.000593,74.125.68.0-255,2902,40496,19,226379
15750,0.000596,172.31.36.0-255,66,40562,19,226379
15751,0.000623,74.125.68.0-255,5738,46300,19,226379
15752,0.000626,172.31.36.0-255,66,46366,19,226379
15753,0.000631,74.125.68.0-255,2902,49268,19,226379
15754,0.000634,172.31.36.0-255,66,49334,19,226379
15755,0.000648,74.125.68.0-255,2543,51877,19,226379
15756,0.000651,172.31.36.0-255,66,51943,19,226379
15757,0.000655,74.125.68.0-255,2902,54845,19,226379
15758,0.000657,172.31.36.0-255,66,54911,19,226379
15759,0.000682,74.125.68.0-255,2902,57813,19,226379
15760,0.000685,172.31.36.0-255,66,57879,19,226379
15761,0.000771,74.125.68.0-255,7156,65035,19,226379
15762,0.000775,172.31.36.0-255,66,65101,19,226379
15763,0.000795,74.125.68.0-255,1125,66226,19,226379
15764,0.000798,74.125.68.0-255,401,66627,19,226379
15765,0.000862,172.31.36.0-255,66,66693,19,226379
15766,0.000894,74.125.68.0-255,342,67035,19,226379
15767,0.001123,74.125.68.0-255,1484,68519,19,226379
15768,0.001128,172.31.36.0-255,66,68585,19,226379
15769,0.001135,74.125.68.0-255,2902,71487,19,226379
15770,0.001138,172.31.36.0-255,66,71553,19,226379
15771,0.001141,74.125.68.0-255,1484,73037,19,226379
15772,0.001145,74.125.68.0-255,2902,75939,19,226379
15773,0.001148,172.31.36.0-255,66,76005,19,226379
15774,0.001174,74.125.68.0-255,5738,81743,19,226379
15775,0.001176,172.31.36.0-255,66,81809,19,226379
15776,0.00119,74.125.68.0-255,1484,83293,19,226379
15777,0.001209,74.125.68.0-255,8574,91867,19,226379
15778,0.001212,172.31.36.0-255,66,91933,19,226379
15779,0.001244,74.125.68.0-255,2902,94835,19,226379
15780,0.001247,172.31.36.0-255,66,94901,19,226379
15781,0.001271,74.125.68.0-255,6438,101339,19,226379
15782,0.001276,172.31.36.0-255,66,101405,19,226379
15783,0.001301,74.125.68.0-255,1484,102889,19,226379
15784,0.001306,74.125.68.0-255,2902,105791,19,226379
15785,0.001308,172.31.36.0-255,66,105857,19,226379
15786,0.001315,74.125.68.0-255,5738,111595,19,226379
15787,0.001318,172.31.36.0-255,66,111661,19,226379
15788,0.001345,74.125.68.0-255,4320,115981,19,226379
15789,0.001349,172.31.36.0-255,66,116047,19,226379
15790,0.001369,74.125.68.0-255,4320,120367,19,226379
15791,0.001372,172.31.36.0-255,66,120433,19,226379
15792,0.00138,74.125.68.0-255,8574,129007,19,226379
15793,0.001384,172.31.36.0-255,66,129073,19,226379
15794,0.001396,74.125.68.0-255,1484,130557,19,226379
15795,0.001402,74.125.68.0-255,5020,135577,19,226379
15796,0.001406,172.31.36.0-255,66,135643,19,226379
15797,0.001484,74.125.68.0-255,1484,137127,19,226379
15798,0.0015,74.125.68.0-255,1484,138611,19,226379
15799,0.001503,172.31.36.0-255,66,138677,19,226379
15800,0.001507,74.125.68.0-255,2902,141579,19,226379
15801,0.001509,172.31.36.0-255,66,141645,19,226379
15802,0.001537,74.125.68.0-255,5738,147383,19,226379
15803,0.00154,172.31.36.0-255,66,147449,19,226379
15804,0.001564,74.125.68.0-255,5738,153187,19,226379
15805,0.001567,172.31.36.0-255,66,153253,19,226379
15806,0.001573,74.125.68.0-255,7156,160409,19,226379
15807,0.001575,172.31.36.0-255,66,160475,19,226379
15808,0.001593,74.125.68.0-255,1484,161959,19,226379
15809,0.001613,74.125.68.0-255,7856,169815,19,226379
15810,0.001616,172.31.36.0-255,66,169881,19,226379
15811,0.001682,74.125.68.0-255,1484,171365,19,226379
15812,0.001687,74.125.68.0-255,2902,174267,19,226379
15813,0.001688,172.31.36.0-255,66,174333,19,226379
15814,0.001705,74.125.68.0-255,2902,177235,19,226379
15815,0.001707,172.31.36.0-255,66,177301,19,226379
15816,0.001712,74.125.68.0-255,4320,181621,19,226379
15817,0.001714,172.31.36.0-255,66,181687,19,226379
15818,0.001735,74.125.68.0-255,5738,187425,19,226379
15819,0.001737,172.31.36.0-255,66,187491,19,226379
15820,0.001749,74.125.68.0-255,2902,190393,19,226379
15821,0.001751,172.31.36.0-255,66,190459,19,226379
15822,0.001754,74.125.68.0-255,1484,191943,19,226379
15823,0.00178,74.125.68.0-255,2902,194845,19,226379
15824,0.001782,172.31.36.0-255,66,194911,19,226379
15825,0.001788,74.125.68.0-255,5738,200649,19,226379
15826,0.00179,172.31.36.0-255,66,200715,19,226379
15827,0.0018,74.125.68.0-255,1484,202199,19,226379
15828,0.001819,74.125.68.0-255,2184,204383,19,226379
15829,0.001821,172.31.36.0-255,66,204449,19,226379
15830,0.00201,74.125.68.0-255,1484,205933,19,226379
15831,0.00382,74.125.68.0-255,4320,210253,19,226379
15832,0.003825,172.31.36.0-255,66,210319,19,226379
15833,0.005818,74.125.68.0-255,4320,214639,19,226379
15834,0.005823,172.31.36.0-255,66,214705,19,226379
15835,0.005848,74.125.68.0-255,1484,216189,19,226379
15836,0.007835,74.125.68.0-255,4320,220509,19,226379
15837,0.007843,172.31.36.0-255,66,220575,19,226379
15838,0.009847,74.125.68.0-255,5738,226313,19,226379
15839,0.009854,172.31.36.0-255,66,226379,19,226379
15840,0.0,74.125.24.0-255,152,152,19,213908
15841,1.7e-05,172.31.36.0-255,66,218,19,213908
15842,2.4e-05,74.125.24.0-255,1484,1702,19,213908
15843,2.8e-05,172.31.36.0-255,66,1768,19,213908
15844,3.4e-05,74.125.24.0-255,2902,4670,19,213908
15845,3.7e-05,172.31.36.0-255,66,4736,19,213908
15846,4.5e-05,74.125.24.0-255,7156,11892,19,213908
15847,4.8e-05,172.31.36.0-255,66,11958,19,213908
15848,5.2e-05,74.125.24.0-255,1484,13442,19,213908
15849,5.4e-05,172.31.36.0-255,66,13508,19,213908
15850,7.7e-05,74.125.24.0-255,687,14195,19,213908
15851,7.9e-05,172.31.36.0-255,66,14261,19,213908
15852,8.5e-05,74.125.24.0-255,2902,17163,19,213908
15853,8.8e-05,172.31.36.0-255,66,17229,19,213908
15854,0.000107,74.125.24.0-255,7156,24385,19,213908
15855,0.00011,172.31.36.0-255,66,24451,19,213908
15856,0.000113,74.125.24.0-255,1484,25935,19,213908
15857,0.000115,172.31.36.0-255,66,26001,19,213908
15858,0.000141,74.125.24.0-255,2902,28903,19,213908
15859,0.000143,172.31.36.0-255,66,28969,19,213908
15860,0.000163,74.125.24.0-255,2543,31512,19,213908
15861,0.000166,172.31.36.0-255,66,31578,19,213908
15862,0.000321,74.125.24.0-255,1484,33062,19,213908
15863,0.000326,172.31.36.0-255,66,33128,19,213908
15864,0.000332,74.125.24.0-255,2902,36030,19,213908
15865,0.000334,172.31.36.0-255,66,36096,19,213908
15866,0.000337,74.125.24.0-255,1484,37580,19,213908
15867,0.000339,172.31.36.0-255,66,37646,19,213908
15868,0.000369,74.125.24.0-255,4320,41966,19,213908
15869,0.000372,172.31.36.0-255,66,42032,19,213908
15870,0.000379,74.125.24.0-255,5738,47770,19,213908
15871,0.000381,172.31.36.0-255,66,47836,19,213908
15872,0.000411,74.125.24.0-255,6797,54633,19,213908
15873,0.000413,172.31.36.0-255,66,54699,19,213908
15874,0.000431,74.125.24.0-255,1484,56183,19,213908
15875,0.000448,74.125.24.0-255,5738,61921,19,213908
15876,0.000451,172.31.36.0-255,66,61987,19,213908
15877,0.000472,74.125.24.0-255,4230,66217,19,213908
15878,0.000475,172.31.36.0-255,66,66283,19,213908
15879,0.000487,74.125.24.0-255,137,66420,19,213908
15880,0.000593,74.125.24.0-255,1484,67904,19,213908
15881,0.000598,172.31.36.0-255,66,67970,19,213908
15882,0.000609,74.125.24.0-255,2902,70872,19,213908
15883,0.000612,172.31.36.0-255,66,70938,19,213908
15884,0.000615,74.125.24.0-255,1484,72422,19,213908
15885,0.000643,74.125.24.0-255,5738,78160,19,213908
15886,0.000646,172.31.36.0-255,66,78226,19,213908
15887,0.000665,74.125.24.0-255,4320,82546,19,213908
15888,0.000668,172.31.36.0-255,66,82612,19,213908
15889,0.000697,74.125.24.0-255,8215,90827,19,213908
15890,0.0007,172.31.36.0-255,66,90893,19,213908
15891,0.000724,74.125.24.0-255,5738,96631,19,213908
15892,0.000727,172.31.36.0-255,66,96697,19,213908
15893,0.000746,74.125.24.0-255,3961,100658,19,213908
15894,0.000749,172.31.36.0-255,66,100724,19,213908
15895,0.001255,74.125.24.0-255,346,101070,19,213908
15896,0.00129,74.125.24.0-255,1484,102554,19,213908
15897,0.001294,172.31.36.0-255,66,102620,19,213908
15898,0.001314,74.125.24.0-255,4320,106940,19,213908
15899,0.001317,172.31.36.0-255,66,107006,19,213908
15900,0.001336,74.125.24.0-255,2902,109908,19,213908
15901,0.001339,172.31.36.0-255,66,109974,19,213908
15902,0.001364,74.125.24.0-255,7156,117130,19,213908
15903,0.001366,172.31.36.0-255,66,117196,19,213908
15904,0.001373,74.125.24.0-255,7156,124352,19,213908
15905,0.001375,172.31.36.0-255,66,124418,19,213908
15906,0.001429,74.125.24.0-255,10692,135110,19,213908
15907,0.001432,172.31.36.0-255,66,135176,19,213908
15908,0.001499,74.125.24.0-255,1484,136660,19,213908
15909,0.001503,74.125.24.0-255,1484,138144,19,213908
15910,0.001512,172.31.36.0-255,66,138210,19,213908
15911,0.001516,74.125.24.0-255,1484,139694,19,213908
15912,0.001523,74.125.24.0-255,5738,145432,19,213908
15913,0.001526,172.31.36.0-255,66,145498,19,213908
15914,0.001544,74.125.24.0-255,4320,149818,19,213908
15915,0.001546,172.31.36.0-255,66,149884,19,213908
15916,0.001583,74.125.24.0-255,8574,158458,19,213908
15917,0.001586,172.31.36.0-255,66,158524,19,213908
15918,0.001595,74.125.24.0-255,9992,168516,19,213908
15919,0.001597,172.31.36.0-255,66,168582,19,213908
15920,0.0016,74.125.24.0-255,766,169348,19,213908
15921,0.00179,74.125.24.0-255,1484,170832,19,213908
15922,0.001795,172.31.36.0-255,66,170898,19,213908
15923,0.0018,74.125.24.0-255,2902,173800,19,213908
15924,0.001802,172.31.36.0-255,66,173866,19,213908
15925,0.001809,74.125.24.0-255,2902,176768,19,213908
15926,0.001811,172.31.36.0-255,66,176834,19,213908
15927,0.001838,74.125.24.0-255,2902,179736,19,213908
15928,0.001841,172.31.36.0-255,66,179802,19,213908
15929,0.001855,172.31.36.0-255,66,179868,19,213908
15930,0.001858,74.125.24.0-255,1484,181352,19,213908
15931,0.001887,74.125.24.0-255,9274,190626,19,213908
15932,0.00189,172.31.36.0-255,66,190692,19,213908
15933,0.003877,74.125.24.0-255,5738,196430,19,213908
15934,0.003885,172.31.36.0-255,66,196496,19,213908
15935,0.005898,74.125.24.0-255,5738,202234,19,213908
15936,0.005903,172.31.36.0-255,66,202300,19,213908
15937,0.007883,74.125.24.0-255,5738,208038,19,213908
15938,0.007888,172.31.36.0-255,66,208104,19,213908
15939,0.009872,74.125.24.0-255,5738,213842,19,213908
15940,0.009879,172.31.36.0-255,66,213908,19,213908
15941,0.0,74.125.24.0-255,290,290,19,184559
15942,2.3e-05,172.31.36.0-255,66,356,19,184559
15943,3e-05,74.125.24.0-255,1484,1840,19,184559
15944,3.5e-05,172.31.36.0-255,66,1906,19,184559
15945,4.2e-05,74.125.24.0-255,4320,6226,19,184559
15946,4.4e-05,172.31.36.0-255,66,6292,19,184559
15947,5.2e-05,74.125.24.0-255,7485,13777,19,184559
15948,5.5e-05,172.31.36.0-255,66,13843,19,184559
15949,6.3e-05,74.125.24.0-255,8574,22417,19,184559
15950,6.6e-05,172.31.36.0-255,66,22483,19,184559
15951,6.9e-05,74.125.24.0-255,1484,23967,19,184559
15952,7.2e-05,172.31.36.0-255,66,24033,19,184559
15953,0.000104,74.125.24.0-255,6797,30830,19,184559
15954,0.000107,172.31.36.0-255,66,30896,19,184559
15955,0.000148,74.125.24.0-255,1484,32380,19,184559
15956,0.000151,172.31.36.0-255,66,32446,19,184559
15957,0.000155,74.125.24.0-255,2902,35348,19,184559
15958,0.000157,172.31.36.0-255,66,35414,19,184559
15959,0.000164,74.125.24.0-255,5738,41152,19,184559
15960,0.000167,172.31.36.0-255,66,41218,19,184559
15961,0.000171,74.125.24.0-255,2902,44120,19,184559
15962,0.000172,172.31.36.0-255,66,44186,19,184559
15963,0.000223,74.125.24.0-255,1484,45670,19,184559
15964,0.000226,172.31.36.0-255,66,45736,19,184559
15965,0.000245,74.125.24.0-255,2543,48279,19,184559
15966,0.000247,172.31.36.0-255,66,48345,19,184559
15967,0.000305,74.125.24.0-255,1484,49829,19,184559
15968,0.000308,172.31.36.0-255,66,49895,19,184559
15969,0.000314,74.125.24.0-255,2902,52797,19,184559
15970,0.000316,172.31.36.0-255,66,52863,19,184559
15971,0.000319,74.125.24.0-255,1484,54347,19,184559
15972,0.000321,172.31.36.0-255,66,54413,19,184559
15973,0.000345,74.125.24.0-255,4320,58733,19,184559
15974,0.000348,172.31.36.0-255,66,58799,19,184559
15975,0.000384,74.125.24.0-255,7159,65958,19,184559
15976,0.000387,172.31.36.0-255,66,66024,19,184559
15977,0.000411,74.125.24.0-255,347,66371,19,184559
15978,0.000591,74.125.24.0-255,1484,67855,19,184559
15979,0.000596,172.31.36.0-255,66,67921,19,184559
15980,0.000601,74.125.24.0-255,2902,70823,19,184559
15981,0.000604,172.31.36.0-255,66,70889,19,184559
15982,0.00061,74.125.24.0-255,5738,76627,19,184559
15983,0.000613,172.31.36.0-255,66,76693,19,184559
15984,0.000647,74.125.24.0-255,6797,83490,19,184559
15985,0.00065,172.31.36.0-255,66,83556,19,184559
15986,0.000671,74.125.24.0-255,7156,90712,19,184559
15987,0.000674,172.31.36.0-255,66,90778,19,184559
15988,0.000679,74.125.24.0-255,4320,95098,19,184559
15989,0.000681,172.31.36.0-255,66,95164,19,184559
15990,0.000737,74.125.24.0-255,5379,100543,19,184559
15991,0.000741,172.31.36.0-255,66,100609,19,184559
15992,0.001593,74.125.24.0-255,1484,102093,19,184559
15993,0.001603,74.125.24.0-255,2902,104995,19,184559
15994,0.001607,172.31.36.0-255,66,105061,19,184559
15995,0.001615,74.125.24.0-255,5738,110799,19,184559
15996,0.001617,172.31.36.0-255,66,110865,19,184559
15997,0.00162,74.125.24.0-255,1484,112349,19,184559
15998,0.001655,172.31.36.0-255,66,112415,19,184559
15999,0.001663,74.125.24.0-255,8574,120989,19,184559
16000,0.001665,172.31.36.0-255,66,121055,19,184559
16001,0.001681,74.125.24.0-255,2184,123239,19,184559
16002,0.001684,172.31.36.0-255,66,123305,19,184559
16003,0.001761,74.125.24.0-255,1484,124789,19,184559
16004,0.00178,74.125.24.0-255,2902,127691,19,184559
16005,0.001783,172.31.36.0-255,66,127757,19,184559
16006,0.00179,74.125.24.0-255,5738,133495,19,184559
16007,0.001792,172.31.36.0-255,66,133561,19,184559
16008,0.001798,74.125.24.0-255,4320,137881,19,184559
16009,0.001799,172.31.36.0-255,66,137947,19,184559
16010,0.00184,172.31.36.0-255,66,138013,19,184559
16011,0.001865,74.125.24.0-255,7856,145869,19,184559
16012,0.001867,172.31.36.0-255,66,145935,19,184559
16013,0.002134,74.125.24.0-255,1484,147419,19,184559
16014,0.002142,74.125.24.0-255,2902,150321,19,184559
16015,0.002146,172.31.36.0-255,66,150387,19,184559
16016,0.002154,74.125.24.0-255,5738,156125,19,184559
16017,0.002156,172.31.36.0-255,66,156191,19,184559
16018,0.002198,172.31.36.0-255,66,156257,19,184559
16019,0.002205,74.125.24.0-255,5738,161995,19,184559
16020,0.002207,172.31.36.0-255,66,162061,19,184559
16021,0.002222,74.125.24.0-255,5020,167081,19,184559
16022,0.002224,172.31.36.0-255,66,167147,19,184559
16023,0.004467,74.125.24.0-255,5738,172885,19,184559
16024,0.004475,172.31.36.0-255,66,172951,19,184559
16025,0.006771,74.125.24.0-255,5738,178689,19,184559
16026,0.006775,172.31.36.0-255,66,178755,19,184559
16027,0.009032,74.125.24.0-255,5738,184493,19,184559
16028,0.00904,172.31.36.0-255,66,184559,19,184559
16029,0.0,74.125.24.0-255,146,146,19,234071
16030,2.3e-05,172.31.36.0-255,66,212,19,234071
16031,3e-05,74.125.24.0-255,1484,1696,19,234071
16032,3.5e-05,172.31.36.0-255,66,1762,19,234071
16033,4.8e-05,74.125.24.0-255,2902,4664,19,234071
16034,5.1e-05,172.31.36.0-255,66,4730,19,234071
16035,5.8e-05,74.125.24.0-255,5738,10468,19,234071
16036,6.2e-05,172.31.36.0-255,66,10534,19,234071
16037,6.5e-05,74.125.24.0-255,1484,12018,19,234071
16038,6.7e-05,172.31.36.0-255,66,12084,19,234071
16039,8.6e-05,74.125.24.0-255,2049,14133,19,234071
16040,8.8e-05,172.31.36.0-255,66,14199,19,234071
16041,9.9e-05,74.125.24.0-255,4320,18519,19,234071
16042,0.000101,172.31.36.0-255,66,18585,19,234071
16043,0.000141,74.125.24.0-255,9992,28577,19,234071
16044,0.000144,172.31.36.0-255,66,28643,19,234071
16045,0.000151,74.125.24.0-255,5738,34381,19,234071
16046,0.000153,172.31.36.0-255,66,34447,19,234071
16047,0.000161,74.125.24.0-255,7156,41603,19,234071
16048,0.000164,172.31.36.0-255,66,41669,19,234071
16049,0.00019,74.125.24.0-255,6438,48107,19,234071
16050,0.000193,172.31.36.0-255,66,48173,19,234071
16051,0.000432,74.125.24.0-255,1484,49657,19,234071
16052,0.000438,172.31.36.0-255,66,49723,19,234071
16053,0.000444,74.125.24.0-255,2902,52625,19,234071
16054,0.000446,172.31.36.0-255,66,52691,19,234071
16055,0.000481,74.125.24.0-255,5738,58429,19,234071
16056,0.000486,172.31.36.0-255,66,58495,19,234071
16057,0.000494,74.125.24.0-255,7122,65617,19,234071
16058,0.000496,172.31.36.0-255,66,65683,19,234071
16059,0.000695,74.125.24.0-255,1484,67167,19,234071
16060,0.0007,74.125.24.0-255,2902,70069,19,234071
16061,0.000705,172.31.36.0-255,66,70135,19,234071
16062,0.000709,172.31.36.0-255,66,70201,19,234071
16063,0.000738,74.125.24.0-255,5738,75939,19,234071
16064,0.000742,172.31.36.0-255,66,76005,19,234071
16065,0.000751,74.125.24.0-255,8574,84579,19,234071
16066,0.000754,172.31.36.0-255,66,84645,19,234071
16067,0.000784,74.125.24.0-255,4320,88965,19,234071
16068,0.000786,172.31.36.0-255,66,89031,19,234071
16069,0.00082,74.125.24.0-255,10692,99723,19,234071
16070,0.000827,172.31.36.0-255,66,99789,19,234071
16071,0.000835,74.125.24.0-255,1484,101273,19,234071
16072,0.000838,74.125.24.0-255,1484,102757,19,234071
16073,0.000849,172.31.36.0-255,66,102823,19,234071
16074,0.000856,74.125.24.0-255,1484,104307,19,234071
16075,0.000858,172.31.36.0-255,66,104373,19,234071
16076,0.000887,74.125.24.0-255,5738,110111,19,234071
16077,0.00089,172.31.36.0-255,66,110177,19,234071
16078,0.000905,172.31.36.0-255,66,110243,19,234071
16079,0.000911,74.125.24.0-255,4320,114563,19,234071
16080,0.000914,172.31.36.0-255,66,114629,19,234071
16081,0.00094,74.125.24.0-255,4320,118949,19,234071
16082,0.000943,172.31.36.0-255,66,119015,19,234071
16083,0.000949,74.125.24.0-255,4320,123335,19,234071
16084,0.000951,172.31.36.0-255,66,123401,19,234071
16085,0.000995,172.31.36.0-255,66,123467,19,234071
16086,0.001016,74.125.24.0-255,4320,127787,19,234071
16087,0.001019,172.31.36.0-255,66,127853,19,234071
16088,0.001061,172.31.36.0-255,66,127919,19,234071
16089,0.001088,74.125.24.0-255,2184,130103,19,234071
16090,0.00109,172.31.36.0-255,66,130169,19,234071
16091,0.001096,74.125.24.0-255,2902,133071,19,234071
16092,0.001098,172.31.36.0-255,66,133137,19,234071
16093,0.001105,74.125.24.0-255,7156,140293,19,234071
16094,0.001108,172.31.36.0-255,66,140359,19,234071
16095,0.001184,172.31.36.0-255,66,140425,19,234071
16096,0.001192,74.125.24.0-255,7856,148281,19,234071
16097,0.001195,172.31.36.0-255,66,148347,19,234071
16098,0.001273,74.125.24.0-255,1484,149831,19,234071
16099,0.001278,74.125.24.0-255,2902,152733,19,234071
16100,0.001282,172.31.36.0-255,66,152799,19,234071
16101,0.001287,74.125.24.0-255,2902,155701,19,234071
16102,0.001289,172.31.36.0-255,66,155767,19,234071
16103,0.001323,74.125.24.0-255,2902,158669,19,234071
16104,0.001326,172.31.36.0-255,66,158735,19,234071
16105,0.001334,74.125.24.0-255,8574,167309,19,234071
16106,0.001336,172.31.36.0-255,66,167375,19,234071
16107,0.001339,74.125.24.0-255,1484,168859,19,234071
16108,0.00138,172.31.36.0-255,66,168925,19,234071
16109,0.001387,74.125.24.0-255,7156,176081,19,234071
16110,0.001389,172.31.36.0-255,66,176147,19,234071
16111,0.001418,74.125.24.0-255,2902,179049,19,234071
16112,0.001421,172.31.36.0-255,66,179115,19,234071
16113,0.001434,74.125.24.0-255,7156,186271,19,234071
16114,0.001437,172.31.36.0-255,66,186337,19,234071
16115,0.001485,172.31.36.0-255,66,186403,19,234071
16116,0.001511,74.125.24.0-255,5738,192141,19,234071
16117,0.001514,172.31.36.0-255,66,192207,19,234071
16118,0.001563,172.31.36.0-255,66,192273,19,234071
16119,0.00163,74.125.24.0-255,8574,200847,19,234071
16120,0.001634,172.31.36.0-255,66,200913,19,234071
16121,0.001694,172.31.36.0-255,66,200979,19,234071
16122,0.001755,74.125.24.0-255,8574,209553,19,234071
16123,0.001783,74.125.24.0-255,9274,218827,19,234071
16124,0.001819,74.125.24.0-255,5738,224565,19,234071
16125,0.001994,74.125.24.0-255,9005,233570,19,234071
16126,0.005786,172.31.36.0-255,66,233636,19,234071
16127,0.005791,172.31.36.0-255,66,233702,19,234071
16128,0.005794,172.31.36.0-255,66,233768,19,234071
16129,0.005797,172.31.36.0-255,66,233834,19,234071
16130,0.005808,172.31.36.0-255,66,233900,19,234071
16131,0.005811,172.31.36.0-255,66,233966,19,234071
16132,0.008969,172.31.36.0-255,105,234071,19,234071
16133,0.0,74.125.200.0-255,153,153,19,333686
16134,1.7e-05,172.31.36.0-255,66,219,19,333686
16135,2.4e-05,74.125.200.0-255,1484,1703,19,333686
16136,2.7e-05,172.31.36.0-255,66,1769,19,333686
16137,5e-05,74.125.200.0-255,2902,4671,19,333686
16138,5.4e-05,172.31.36.0-255,66,4737,19,333686
16139,5.7e-05,74.125.200.0-255,1484,6221,19,333686
16140,6e-05,172.31.36.0-255,66,6287,19,333686
16141,6.7e-05,74.125.200.0-255,5738,12025,19,333686
16142,7e-05,172.31.36.0-255,66,12091,19,333686
16143,0.000109,74.125.200.0-255,6312,18403,19,333686
16144,0.000112,172.31.36.0-255,66,18469,19,333686
16145,0.000119,74.125.200.0-255,7156,25625,19,333686
16146,0.000122,172.31.36.0-255,66,25691,19,333686
16147,0.000167,74.125.200.0-255,5379,31070,19,333686
16148,0.000169,172.31.36.0-255,66,31136,19,333686
16149,0.000257,74.125.200.0-255,1484,32620,19,333686
16150,0.000263,172.31.36.0-255,66,32686,19,333686
16151,0.000267,74.125.200.0-255,2902,35588,19,333686
16152,0.00027,172.31.36.0-255,66,35654,19,333686
16153,0.000285,74.125.200.0-255,4320,39974,19,333686
16154,0.000288,172.31.36.0-255,66,40040,19,333686
16155,0.000311,74.125.200.0-255,1484,41524,19,333686
16156,0.000314,172.31.36.0-255,66,41590,19,333686
16157,0.000322,74.125.200.0-255,7156,48746,19,333686
16158,0.000324,172.31.36.0-255,66,48812,19,333686
16159,0.000332,74.125.200.0-255,8574,57386,19,333686
16160,0.000335,172.31.36.0-255,66,57452,19,333686
16161,0.000378,74.125.200.0-255,7856,65308,19,333686
16162,0.000381,172.31.36.0-255,66,65374,19,333686
16163,0.000384,74.125.200.0-255,678,66052,19,333686
16164,0.000386,172.31.36.0-255,66,66118,19,333686
16165,0.000785,74.125.200.0-255,1484,67602,19,333686
16166,0.000792,74.125.200.0-255,2902,70504,19,333686
16167,0.000796,172.31.36.0-255,66,70570,19,333686
16168,0.000801,74.125.200.0-255,1484,72054,19,333686
16169,0.000822,74.125.200.0-255,1484,73538,19,333686
16170,0.000824,172.31.36.0-255,66,73604,19,333686
16171,0.000841,74.125.200.0-255,1484,75088,19,333686
16172,0.000865,74.125.200.0-255,4320,79408,19,333686
16173,0.000868,172.31.36.0-255,66,79474,19,333686
16174,0.000884,74.125.200.0-255,1484,80958,19,333686
16175,0.000906,74.125.200.0-255,7156,88114,19,333686
16176,0.00091,172.31.36.0-255,66,88180,19,333686
16177,0.000928,74.125.200.0-255,2902,91082,19,333686
16178,0.000931,172.31.36.0-255,66,91148,19,333686
16179,0.00097,74.125.200.0-255,2902,94050,19,333686
16180,0.000973,172.31.36.0-255,66,94116,19,333686
16181,0.000999,74.125.200.0-255,6438,100554,19,333686
16182,0.001002,172.31.36.0-255,66,100620,19,333686
16183,0.00122,74.125.200.0-255,1484,102104,19,333686
16184,0.001234,74.125.200.0-255,2902,105006,19,333686
16185,0.001238,172.31.36.0-255,66,105072,19,333686
16186,0.001263,74.125.200.0-255,5738,110810,19,333686
16187,0.001266,172.31.36.0-255,66,110876,19,333686
16188,0.001273,74.125.200.0-255,7156,118032,19,333686
16189,0.001276,172.31.36.0-255,66,118098,19,333686
16190,0.001305,74.125.200.0-255,8574,126672,19,333686
16191,0.001308,172.31.36.0-255,66,126738,19,333686
16192,0.001334,74.125.200.0-255,7856,134594,19,333686
16193,0.001337,172.31.36.0-255,66,134660,19,333686
16194,0.001358,74.125.200.0-255,2902,137562,19,333686
16195,0.001361,172.31.36.0-255,66,137628,19,333686
16196,0.001386,74.125.200.0-255,5738,143366,19,333686
16197,0.00139,172.31.36.0-255,66,143432,19,333686
16198,0.001396,74.125.200.0-255,4320,147752,19,333686
16199,0.001398,172.31.36.0-255,66,147818,19,333686
16200,0.001433,172.31.36.0-255,66,147884,19,333686
16201,0.00145,74.125.200.0-255,1484,149368,19,333686
16202,0.001458,74.125.200.0-255,6438,155806,19,333686
16203,0.001461,172.31.36.0-255,66,155872,19,333686
16204,0.001478,74.125.200.0-255,1484,157356,19,333686
16205,0.00148,74.125.200.0-255,1484,158840,19,333686
16206,0.001485,172.31.36.0-255,66,158906,19,333686
16207,0.001501,74.125.200.0-255,1484,160390,19,333686
16208,0.001507,74.125.200.0-255,5738,166128,19,333686
16209,0.00151,172.31.36.0-255,66,166194,19,333686
16210,0.001532,74.125.200.0-255,5738,171932,19,333686
16211,0.001535,172.31.36.0-255,66,171998,19,333686
16212,0.001555,74.125.200.0-255,2902,174900,19,333686
16213,0.001558,172.31.36.0-255,66,174966,19,333686
16214,0.001561,74.125.200.0-255,1484,176450,19,333686
16215,0.001583,74.125.200.0-255,8574,185024,19,333686
16216,0.001585,172.31.36.0-255,66,185090,19,333686
16217,0.001592,74.125.200.0-255,5020,190110,19,333686
16218,0.001594,172.31.36.0-255,66,190176,19,333686
16219,0.001626,74.125.200.0-255,4320,194496,19,333686
16220,0.001629,172.31.36.0-255,66,194562,19,333686
16221,0.001644,74.125.200.0-255,1484,196046,19,333686
16222,0.001653,74.125.200.0-255,7156,203202,19,333686
16223,0.0017,172.31.36.0-255,66,203268,19,333686
16224,0.001726,74.125.200.0-255,5738,209006,19,333686
16225,0.00179,172.31.36.0-255,66,209072,19,333686
16226,0.001797,74.125.200.0-255,7156,216228,19,333686
16227,0.00181,172.31.36.0-255,66,216294,19,333686
16228,0.001818,74.125.200.0-255,9274,225568,19,333686
16229,0.001847,74.125.200.0-255,8574,234142,19,333686
16230,0.001865,172.31.36.0-255,66,234208,19,333686
16231,0.00187,74.125.200.0-255,2902,237110,19,333686
16232,0.001878,74.125.200.0-255,9992,247102,19,333686
16233,0.001885,172.31.36.0-255,66,247168,19,333686
16234,0.001898,74.125.200.0-255,2902,250070,19,333686
16235,0.001901,74.125.200.0-255,1484,251554,19,333686
16236,0.001922,74.125.200.0-255,5738,257292,19,333686
16237,0.001939,74.125.200.0-255,2184,259476,19,333686
16238,0.001942,172.31.36.0-255,66,259542,19,333686
16239,0.001948,172.31.36.0-255,66,259608,19,333686
16240,0.001997,74.125.200.0-255,1484,261092,19,333686
16241,0.002028,74.125.200.0-255,2902,263994,19,333686
16242,0.002047,74.125.200.0-255,5738,269732,19,333686
16243,0.002051,74.125.200.0-255,2902,272634,19,333686
16244,0.002056,172.31.36.0-255,66,272700,19,333686
16245,0.002064,74.125.200.0-255,1484,274184,19,333686
16246,0.002069,74.125.200.0-255,4320,278504,19,333686
16247,0.002081,74.125.200.0-255,1484,279988,19,333686
16248,0.002087,172.31.36.0-255,66,280054,19,333686
16249,0.002103,74.125.200.0-255,1484,281538,19,333686
16250,0.002125,74.125.200.0-255,8574,290112,19,333686
16251,0.002141,74.125.200.0-255,1484,291596,19,333686
16252,0.002145,74.125.200.0-255,2184,293780,19,333686
16253,0.002151,172.31.36.0-255,66,293846,19,333686
16254,0.002181,74.125.200.0-255,4320,298166,19,333686
16255,0.002203,74.125.200.0-255,8574,306740,19,333686
16256,0.002216,172.31.36.0-255,66,306806,19,333686
16257,0.002221,74.125.200.0-255,2902,309708,19,333686
16258,0.002227,74.125.200.0-255,5738,315446,19,333686
16259,0.002233,172.31.36.0-255,66,315512,19,333686
16260,0.002269,74.125.200.0-255,2902,318414,19,333686
16261,0.002274,172.31.36.0-255,66,318480,19,333686
16262,0.002308,74.125.200.0-255,2902,321382,19,333686
16263,0.00232,74.125.200.0-255,2902,324284,19,333686
16264,0.002327,172.31.36.0-255,66,324350,19,333686
16265,0.004625,74.125.200.0-255,5738,330088,19,333686
16266,0.006782,172.31.36.0-255,66,330154,19,333686
16267,0.009052,74.125.200.0-255,3466,333620,19,333686
16268,0.009058,172.31.36.0-255,66,333686,19,333686
16269,0.0,172.217.194.0-255,153,153,19,313956
16270,1.5e-05,172.31.36.0-255,66,219,19,313956
16271,2.1e-05,172.217.194.0-255,1484,1703,19,313956
16272,2.6e-05,172.31.36.0-255,66,1769,19,313956
16273,3.1e-05,172.217.194.0-255,2902,4671,19,313956
16274,3.4e-05,172.31.36.0-255,66,4737,19,313956
16275,3.8e-05,172.217.194.0-255,1484,6221,19,313956
16276,4.9e-05,172.31.36.0-255,66,6287,19,313956
16277,6.1e-05,172.217.194.0-255,9129,15416,19,313956
16278,6.4e-05,172.31.36.0-255,66,15482,19,313956
16279,7.2e-05,172.217.194.0-255,7156,22638,19,313956
16280,7.4e-05,172.31.36.0-255,66,22704,19,313956
16281,0.00011,172.217.194.0-255,2902,25606,19,313956
16282,0.000112,172.31.36.0-255,66,25672,19,313956
16283,0.000116,172.217.194.0-255,1484,27156,19,313956
16284,0.000118,172.31.36.0-255,66,27222,19,313956
16285,0.000148,172.217.194.0-255,3961,31183,19,313956
16286,0.000151,172.31.36.0-255,66,31249,19,313956
16287,0.000186,172.217.194.0-255,4320,35569,19,313956
16288,0.000189,172.31.36.0-255,66,35635,19,313956
16289,0.000196,172.217.194.0-255,5738,41373,19,313956
16290,0.000198,172.31.36.0-255,66,41439,19,313956
16291,0.000209,172.217.194.0-255,4320,45759,19,313956
16292,0.000211,172.31.36.0-255,66,45825,19,313956
16293,0.000244,172.217.194.0-255,8215,54040,19,313956
16294,0.000247,172.31.36.0-255,66,54106,19,313956
16295,0.000255,172.217.194.0-255,7156,61262,19,313956
16296,0.000257,172.31.36.0-255,66,61328,19,313956
16297,0.000308,172.217.194.0-255,4214,65542,19,313956
16298,0.00031,172.31.36.0-255,66,65608,19,313956
16299,0.000313,172.217.194.0-255,434,66042,19,313956
16300,0.000315,172.31.36.0-255,66,66108,19,313956
16301,0.000556,172.217.194.0-255,1484,67592,19,313956
16302,0.000564,172.217.194.0-255,2902,70494,19,313956
16303,0.000571,172.217.194.0-255,5738,76232,19,313956
16304,0.000574,172.217.194.0-255,1484,77716,19,313956
16305,0.000584,172.31.36.0-255,66,77782,19,313956
16306,0.000598,172.217.194.0-255,7156,84938,19,313956
16307,0.000608,172.31.36.0-255,66,85004,19,313956
16308,0.000639,172.217.194.0-255,1484,86488,19,313956
16309,0.000681,172.31.36.0-255,66,86554,19,313956
16310,0.001865,172.217.194.0-255,1484,88038,19,313956
16311,0.001876,172.217.194.0-255,2902,90940,19,313956
16312,0.001881,172.31.36.0-255,66,91006,19,313956
16313,0.001889,172.217.194.0-255,5738,96744,19,313956
16314,0.001892,172.217.194.0-255,1484,98228,19,313956
16315,0.001915,172.217.194.0-255,5738,103966,19,313956
16316,0.001954,172.217.194.0-255,2184,106150,19,313956
16317,0.002281,172.217.194.0-255,1484,107634,19,313956
16318,0.002301,172.217.194.0-255,2902,110536,19,313956
16319,0.002305,172.217.194.0-255,1484,112020,19,313956
16320,0.002317,172.217.194.0-255,2902,114922,19,313956
16321,0.002339,172.217.194.0-255,7156,122078,19,313956
16322,0.002353,172.217.194.0-255,1484,123562,19,313956
16323,0.002383,172.217.194.0-255,1484,125046,19,313956
16324,0.002386,172.217.194.0-255,1484,126530,19,313956
16325,0.002406,172.217.194.0-255,2184,128714,19,313956
16326,0.002674,172.217.194.0-255,1484,130198,19,313956
16327,0.002689,172.217.194.0-255,2902,133100,19,313956
16328,0.002694,172.217.194.0-255,2902,136002,19,313956
16329,0.002727,172.217.194.0-255,2902,138904,19,313956
16330,0.002732,172.217.194.0-255,4320,143224,19,313956
16331,0.002741,172.217.194.0-255,8574,151798,19,313956
16332,0.002763,172.217.194.0-255,2902,154700,19,313956
16333,0.002769,172.217.194.0-255,5738,160438,19,313956
16334,0.002785,172.217.194.0-255,2184,162622,19,313956
16335,0.002982,172.217.194.0-255,1484,164106,19,313956
16336,0.002994,172.217.194.0-255,2902,167008,19,313956
16337,0.003004,172.217.194.0-255,1484,168492,19,313956
16338,0.003018,172.217.194.0-255,4320,172812,19,313956
16339,0.003041,172.217.194.0-255,7156,179968,19,313956
16340,0.003071,172.217.194.0-255,8574,188542,19,313956
16341,0.003096,172.217.194.0-255,5738,194280,19,313956
16342,0.003101,172.217.194.0-255,2184,196464,19,313956
16343,0.003154,172.217.194.0-255,1484,197948,19,313956
16344,0.003171,172.217.194.0-255,1484,199432,19,313956
16345,0.003183,172.217.194.0-255,1484,200916,19,313956
16346,0.003186,172.217.194.0-255,1484,202400,19,313956
16347,0.003206,172.217.194.0-255,4320,206720,19,313956
16348,0.003247,172.217.194.0-255,8574,215294,19,313956
16349,0.003266,172.217.194.0-255,4320,219614,19,313956
16350,0.003276,172.217.194.0-255,10692,230306,19,313956
16351,0.003393,172.217.194.0-255,1484,231790,19,313956
16352,0.003397,172.217.194.0-255,1484,233274,19,313956
16353,0.003418,172.217.194.0-255,1484,234758,19,313956
16354,0.003425,172.217.194.0-255,5738,240496,19,313956
16355,0.003483,172.217.194.0-255,5738,246234,19,313956
16356,0.003508,172.217.194.0-255,6438,252672,19,313956
16357,0.003525,172.217.194.0-255,5738,258410,19,313956
16358,0.003551,172.217.194.0-255,7156,265566,19,313956
16359,0.003559,172.217.194.0-255,7156,272722,19,313956
16360,0.003576,172.217.194.0-255,2902,275624,19,313956
16361,0.003601,172.217.194.0-255,2902,278526,19,313956
16362,0.003615,172.217.194.0-255,5738,284264,19,313956
16363,0.003658,172.217.194.0-255,5738,290002,19,313956
16364,0.003684,172.217.194.0-255,9992,299994,19,313956
16365,0.003708,172.217.194.0-255,4320,304314,19,313956
16366,0.003728,172.217.194.0-255,4320,308634,19,313956
16367,0.003774,172.217.194.0-255,4980,313614,19,313956
16368,0.003777,172.217.194.0-255,105,313719,19,313956
16369,0.004126,172.31.36.0-255,66,313785,19,313956
16370,0.006568,172.31.36.0-255,105,313890,19,313956
16371,0.008804,172.217.194.0-255,66,313956,19,313956
16372,0.0,172.217.194.0-255,152,152,19,76199
16373,2.5e-05,172.31.36.0-255,66,218,19,76199
16374,3e-05,172.217.194.0-255,1484,1702,19,76199
16375,3.5e-05,172.31.36.0-255,66,1768,19,76199
16376,4e-05,172.217.194.0-255,2902,4670,19,76199
16377,5.2e-05,172.31.36.0-255,66,4736,19,76199
16378,0.000114,172.217.194.0-255,2902,7638,19,76199
16379,0.000117,172.31.36.0-255,66,7704,19,76199
16380,0.000135,172.217.194.0-255,4320,12024,19,76199
16381,0.000139,172.31.36.0-255,66,12090,19,76199
16382,0.000273,172.217.194.0-255,1976,14066,19,76199
16383,0.000278,172.31.36.0-255,66,14132,19,76199
16384,0.000328,172.31.36.0-255,66,14198,19,76199
16385,0.000575,172.217.194.0-255,5379,19577,19,76199
16386,0.00058,172.31.36.0-255,66,19643,19,76199
16387,0.000696,172.217.194.0-255,5738,25381,19,76199
16388,0.000702,172.31.36.0-255,66,25447,19,76199
16389,0.000734,172.31.36.0-255,66,25513,19,76199
16390,0.001222,172.31.36.0-255,66,25579,19,76199
16391,0.001469,172.217.194.0-255,9992,35571,19,76199
16392,0.001473,172.31.36.0-255,66,35637,19,76199
16393,0.001521,172.31.36.0-255,66,35703,19,76199
16394,0.002224,172.217.194.0-255,8574,44277,19,76199
16395,0.002228,172.31.36.0-255,66,44343,19,76199
16396,0.002275,172.31.36.0-255,66,44409,19,76199
16397,0.002301,172.217.194.0-255,7156,51565,19,76199
16398,0.002304,172.31.36.0-255,66,51631,19,76199
16399,0.003218,172.217.194.0-255,4320,55951,19,76199
16400,0.003236,172.217.194.0-255,8574,64525,19,76199
16401,0.004498,172.31.36.0-255,66,64591,19,76199
16402,0.006538,172.217.194.0-255,5738,70329,19,76199
16403,0.006544,172.31.36.0-255,66,70395,19,76199
16404,0.008551,172.217.194.0-255,5738,76133,19,76199
16405,0.008558,172.31.36.0-255,66,76199,19,76199
16406,0.0,74.125.24.0-255,153,153,19,120596
16407,2.6e-05,172.31.36.0-255,66,219,19,120596
16408,3.2e-05,74.125.24.0-255,1484,1703,19,120596
16409,3.7e-05,172.31.36.0-255,66,1769,19,120596
16410,4.2e-05,74.125.24.0-255,2902,4671,19,120596
16411,4.4e-05,172.31.36.0-255,66,4737,19,120596
16412,7.5e-05,74.125.24.0-255,7156,11893,19,120596
16413,7.8e-05,172.31.36.0-255,66,11959,19,120596
16414,0.000109,74.125.24.0-255,2013,13972,19,120596
16415,0.000111,172.31.36.0-255,66,14038,19,120596
16416,0.000155,74.125.24.0-255,2902,16940,19,120596
16417,0.000158,172.31.36.0-255,66,17006,19,120596
16418,0.000179,74.125.24.0-255,4320,21326,19,120596
16419,0.000183,172.31.36.0-255,66,21392,19,120596
16420,0.00019,74.125.24.0-255,8574,29966,19,120596
16421,0.000193,172.31.36.0-255,66,30032,19,120596
16422,0.000196,74.125.24.0-255,1125,31157,19,120596
16423,0.000197,172.31.36.0-255,66,31223,19,120596
16424,0.000455,74.125.24.0-255,1484,32707,19,120596
16425,0.00046,172.31.36.0-255,66,32773,19,120596
16426,0.000467,74.125.24.0-255,2902,35675,19,120596
16427,0.000469,172.31.36.0-255,66,35741,19,120596
16428,0.000473,74.125.24.0-255,1484,37225,19,120596
16429,0.000475,172.31.36.0-255,66,37291,19,120596
16430,0.000499,74.125.24.0-255,4320,41611,19,120596
16431,0.000502,172.31.36.0-255,66,41677,19,120596
16432,0.000506,74.125.24.0-255,1484,43161,19,120596
16433,0.000508,172.31.36.0-255,66,43227,19,120596
16434,0.000539,74.125.24.0-255,4320,47547,19,120596
16435,0.000539,172.31.36.0-255,66,47613,19,120596
16436,0.000544,172.31.36.0-255,66,47679,19,120596
16437,0.00055,74.125.24.0-255,1484,49163,19,120596
16438,0.000588,74.125.24.0-255,3961,53124,19,120596
16439,0.000593,172.31.36.0-255,66,53190,19,120596
16440,0.000871,74.125.24.0-255,392,53582,19,120596
16441,0.001231,74.125.24.0-255,352,53934,19,120596
16442,0.00149,74.125.24.0-255,1484,55418,19,120596
16443,0.001496,172.31.36.0-255,66,55484,19,120596
16444,0.001502,74.125.24.0-255,2902,58386,19,120596
16445,0.001516,74.125.24.0-255,5738,64124,19,120596
16446,0.001548,74.125.24.0-255,2902,67026,19,120596
16447,0.001563,74.125.24.0-255,2902,69928,19,120596
16448,0.001592,74.125.24.0-255,1484,71412,19,120596
16449,0.001611,74.125.24.0-255,3602,75014,19,120596
16450,0.002103,74.125.24.0-255,1484,76498,19,120596
16451,0.002121,74.125.24.0-255,2902,79400,19,120596
16452,0.002131,74.125.24.0-255,1484,80884,19,120596
16453,0.002146,74.125.24.0-255,4320,85204,19,120596
16454,0.002153,74.125.24.0-255,7156,92360,19,120596
16455,0.002167,74.125.24.0-255,1484,93844,19,120596
16456,0.002213,74.125.24.0-255,2902,96746,19,120596
16457,0.002234,74.125.24.0-255,9992,106738,19,120596
16458,0.00225,74.125.24.0-255,2184,108922,19,120596
16459,0.003303,172.31.36.0-255,66,108988,19,120596
16460,0.005565,74.125.24.0-255,5738,114726,19,120596
16461,0.005571,172.31.36.0-255,66,114792,19,120596
16462,0.007842,74.125.24.0-255,5738,120530,19,120596
16463,0.007849,172.31.36.0-255,66,120596,19,120596
16464,0.0,74.125.24.0-255,152,152,19,216729
16465,1.9e-05,172.31.36.0-255,66,218,19,216729
16466,2.6e-05,74.125.24.0-255,1484,1702,19,216729
16467,3.1e-05,172.31.36.0-255,66,1768,19,216729
16468,3.6e-05,74.125.24.0-255,2902,4670,19,216729
16469,4.7e-05,172.31.36.0-255,66,4736,19,216729
16470,5.5e-05,74.125.24.0-255,7156,11892,19,216729
16471,5.8e-05,172.31.36.0-255,66,11958,19,216729
16472,0.000118,172.31.36.0-255,66,12024,19,216729
16473,0.000125,74.125.24.0-255,5379,17403,19,216729
16474,0.000127,172.31.36.0-255,66,17469,19,216729
16475,0.000193,74.125.24.0-255,1484,18953,19,216729
16476,0.000197,172.31.36.0-255,66,19019,19,216729
16477,0.000222,74.125.24.0-255,2902,21921,19,216729
16478,0.000225,172.31.36.0-255,66,21987,19,216729
16479,0.000244,74.125.24.0-255,4320,26307,19,216729
16480,0.000247,172.31.36.0-255,66,26373,19,216729
16481,0.000281,74.125.24.0-255,8215,34588,19,216729
16482,0.000284,172.31.36.0-255,66,34654,19,216729
16483,0.000291,74.125.24.0-255,7156,41810,19,216729
16484,0.000294,172.31.36.0-255,66,41876,19,216729
16485,0.000313,74.125.24.0-255,1484,43360,19,216729
16486,0.000316,172.31.36.0-255,66,43426,19,216729
16487,0.000323,74.125.24.0-255,5738,49164,19,216729
16488,0.000325,172.31.36.0-255,66,49230,19,216729
16489,0.000355,74.125.24.0-255,2543,51773,19,216729
16490,0.000358,172.31.36.0-255,66,51839,19,216729
16491,0.000361,74.125.24.0-255,412,52251,19,216729
16492,0.000363,172.31.36.0-255,66,52317,19,216729
16493,0.001123,74.125.24.0-255,330,52647,19,216729
16494,0.00113,172.31.36.0-255,66,52713,19,216729
16495,0.001156,74.125.24.0-255,1484,54197,19,216729
16496,0.001175,74.125.24.0-255,4320,58517,19,216729
16497,0.001178,172.31.36.0-255,66,58583,19,216729
16498,0.001183,74.125.24.0-255,2902,61485,19,216729
16499,0.001185,172.31.36.0-255,66,61551,19,216729
16500,0.001214,74.125.24.0-255,4320,65871,19,216729
16501,0.001216,172.31.36.0-255,66,65937,19,216729
16502,0.001225,74.125.24.0-255,8574,74511,19,216729
16503,0.001228,172.31.36.0-255,66,74577,19,216729
16504,0.001266,74.125.24.0-255,7156,81733,19,216729
16505,0.001269,172.31.36.0-255,66,81799,19,216729
16506,0.001275,74.125.24.0-255,5020,86819,19,216729
16507,0.001278,172.31.36.0-255,66,86885,19,216729
16508,0.001359,74.125.24.0-255,1484,88369,19,216729
16509,0.001367,74.125.24.0-255,2902,91271,19,216729
16510,0.00137,172.31.36.0-255,66,91337,19,216729
16511,0.001406,74.125.24.0-255,5738,97075,19,216729
16512,0.001409,172.31.36.0-255,66,97141,19,216729
16513,0.001413,74.125.24.0-255,1484,98625,19,216729
16514,0.001426,74.125.24.0-255,8574,107199,19,216729
16515,0.001428,172.31.36.0-255,66,107265,19,216729
16516,0.00146,172.31.36.0-255,66,107331,19,216729
16517,0.001484,74.125.24.0-255,2184,109515,19,216729
16518,0.001487,172.31.36.0-255,66,109581,19,216729
16519,0.002048,74.125.24.0-255,1484,111065,19,216729
16520,0.002058,74.125.24.0-255,2902,113967,19,216729
16521,0.002063,172.31.36.0-255,66,114033,19,216729
16522,0.002087,74.125.24.0-255,1484,115517,19,216729
16523,0.002102,74.125.24.0-255,4320,119837,19,216729
16524,0.002105,172.31.36.0-255,66,119903,19,216729
16525,0.002108,74.125.24.0-255,1484,121387,19,216729
16526,0.002141,74.125.24.0-255,7156,128543,19,216729
16527,0.002144,172.31.36.0-255,66,128609,19,216729
16528,0.002171,74.125.24.0-255,1484,130093,19,216729
16529,0.002178,74.125.24.0-255,5738,135831,19,216729
16530,0.002181,172.31.36.0-255,66,135897,19,216729
16531,0.002221,74.125.24.0-255,8574,144471,19,216729
16532,0.002224,172.31.36.0-255,66,144537,19,216729
16533,0.002254,74.125.24.0-255,3602,148139,19,216729
16534,0.002256,172.31.36.0-255,66,148205,19,216729
16535,0.002274,172.31.36.0-255,66,148271,19,216729
16536,0.002315,74.125.24.0-255,7156,155427,19,216729
16537,0.002317,172.31.36.0-255,66,155493,19,216729
16538,0.002347,74.125.24.0-255,2902,158395,19,216729
16539,0.002349,172.31.36.0-255,66,158461,19,216729
16540,0.002357,74.125.24.0-255,6438,164899,19,216729
16541,0.002359,172.31.36.0-255,66,164965,19,216729
16542,0.002366,74.125.24.0-255,1484,166449,19,216729
16543,0.002389,74.125.24.0-255,2902,169351,19,216729
16544,0.002391,172.31.36.0-255,66,169417,19,216729
16545,0.002398,74.125.24.0-255,5738,175155,19,216729
16546,0.002401,172.31.36.0-255,66,175221,19,216729
16547,0.002438,172.31.36.0-255,66,175287,19,216729
16548,0.002466,74.125.24.0-255,4320,179607,19,216729
16549,0.002469,172.31.36.0-255,66,179673,19,216729
16550,0.00249,74.125.24.0-255,7856,187529,19,216729
16551,0.002492,172.31.36.0-255,66,187595,19,216729
16552,0.002528,172.31.36.0-255,66,187661,19,216729
16553,0.002579,172.31.36.0-255,66,187727,19,216729
16554,0.002586,74.125.24.0-255,6438,194165,19,216729
16555,0.002588,172.31.36.0-255,66,194231,19,216729
16556,0.002637,172.31.36.0-255,66,194297,19,216729
16557,0.002647,74.125.24.0-255,10692,204989,19,216729
16558,0.002653,172.31.36.0-255,66,205055,19,216729
16559,0.002657,74.125.24.0-255,1484,206539,19,216729
16560,0.005304,74.125.24.0-255,4320,210859,19,216729
16561,0.005318,172.31.36.0-255,66,210925,19,216729
16562,0.007922,74.125.24.0-255,5738,216663,19,216729
16563,0.007929,172.31.36.0-255,66,216729,19,216729
16564,0.0,172.217.194.0-255,153,153,19,167711
16565,2.3e-05,172.31.36.0-255,66,219,19,167711
16566,2.9e-05,172.217.194.0-255,1484,1703,19,167711
16567,3.3e-05,172.31.36.0-255,66,1769,19,167711
16568,3.9e-05,172.217.194.0-255,2902,4671,19,167711
16569,4.2e-05,172.31.36.0-255,66,4737,19,167711
16570,7.3e-05,172.217.194.0-255,7156,11893,19,167711
16571,7.6e-05,172.31.36.0-255,66,11959,19,167711
16572,0.000121,172.217.194.0-255,2020,13979,19,167711
16573,0.000124,172.31.36.0-255,66,14045,19,167711
16574,0.000129,172.217.194.0-255,2902,16947,19,167711
16575,0.000131,172.31.36.0-255,66,17013,19,167711
16576,0.000159,172.217.194.0-255,7156,24169,19,167711
16577,0.000163,172.31.36.0-255,66,24235,19,167711
16578,0.000175,172.217.194.0-255,5738,29973,19,167711
16579,0.000177,172.31.36.0-255,66,30039,19,167711
16580,0.000189,172.217.194.0-255,1484,31523,19,167711
16581,0.000191,172.31.36.0-255,66,31589,19,167711
16582,0.00021,172.217.194.0-255,8574,40163,19,167711
16583,0.000212,172.31.36.0-255,66,40229,19,167711
16584,0.000238,172.217.194.0-255,7156,47385,19,167711
16585,0.000241,172.31.36.0-255,66,47451,19,167711
16586,0.000243,172.217.194.0-255,766,48217,19,167711
16587,0.000245,172.31.36.0-255,66,48283,19,167711
16588,0.000753,172.217.194.0-255,1484,49767,19,167711
16589,0.00076,172.31.36.0-255,66,49833,19,167711
16590,0.000766,172.217.194.0-255,2902,52735,19,167711
16591,0.000769,172.31.36.0-255,66,52801,19,167711
16592,0.000773,172.217.194.0-255,1484,54285,19,167711
16593,0.000775,172.31.36.0-255,66,54351,19,167711
16594,0.000798,172.217.194.0-255,2902,57253,19,167711
16595,0.000801,172.31.36.0-255,66,57319,19,167711
16596,0.00081,172.217.194.0-255,8510,65829,19,167711
16597,0.000812,172.31.36.0-255,66,65895,19,167711
16598,0.001442,172.217.194.0-255,1484,67379,19,167711
16599,0.001454,172.217.194.0-255,2902,70281,19,167711
16600,0.00146,172.31.36.0-255,66,70347,19,167711
16601,0.001469,172.217.194.0-255,5738,76085,19,167711
16602,0.001472,172.31.36.0-255,66,76151,19,167711
16603,0.001521,172.217.194.0-255,9992,86143,19,167711
16604,0.001526,172.31.36.0-255,66,86209,19,167711
16605,0.001539,172.217.194.0-255,2902,89111,19,167711
16606,0.001543,172.31.36.0-255,66,89177,19,167711
16607,0.001563,172.217.194.0-255,8574,97751,19,167711
16608,0.001566,172.31.36.0-255,66,97817,19,167711
16609,0.001582,172.217.194.0-255,2184,100001,19,167711
16610,0.001584,172.31.36.0-255,66,100067,19,167711
16611,0.001712,172.217.194.0-255,1484,101551,19,167711
16612,0.001716,172.217.194.0-255,1484,103035,19,167711
16613,0.001718,172.31.36.0-255,66,103101,19,167711
16614,0.001735,172.217.194.0-255,1484,104585,19,167711
16615,0.00174,172.217.194.0-255,4320,108905,19,167711
16616,0.001742,172.31.36.0-255,66,108971,19,167711
16617,0.001761,172.217.194.0-255,1484,110455,19,167711
16618,0.001768,172.217.194.0-255,7156,117611,19,167711
16619,0.00177,172.31.36.0-255,66,117677,19,167711
16620,0.001787,172.217.194.0-255,2902,120579,19,167711
16621,0.001789,172.31.36.0-255,66,120645,19,167711
16622,0.001806,172.217.194.0-255,7156,127801,19,167711
16623,0.001809,172.31.36.0-255,66,127867,19,167711
16624,0.001842,172.217.194.0-255,10692,138559,19,167711
16625,0.001844,172.31.36.0-255,66,138625,19,167711
16626,0.001852,172.217.194.0-255,8574,147199,19,167711
16627,0.001854,172.31.36.0-255,66,147265,19,167711
16628,0.001878,172.217.194.0-255,2902,150167,19,167711
16629,0.00188,172.31.36.0-255,66,150233,19,167711
16630,0.001916,172.31.36.0-255,66,150299,19,167711
16631,0.003957,172.217.194.0-255,5738,156037,19,167711
16632,0.003963,172.31.36.0-255,66,156103,19,167711
16633,0.006058,172.217.194.0-255,5738,161841,19,167711
16634,0.006065,172.31.36.0-255,66,161907,19,167711
16635,0.008098,172.217.194.0-255,5738,167645,19,167711
16636,0.00811,172.31.36.0-255,66,167711,19,167711
16637,0.0,74.125.200.0-255,152,152,19,303719
16638,1.6e-05,172.31.36.0-255,66,218,19,303719
16639,2.3e-05,74.125.200.0-255,1484,1702,19,303719
16640,2.7e-05,172.31.36.0-255,66,1768,19,303719
16641,3.2e-05,74.125.200.0-255,2902,4670,19,303719
16642,3.5e-05,172.31.36.0-255,66,4736,19,303719
16643,4.3e-05,74.125.200.0-255,5738,10474,19,303719
16644,4.5e-05,172.31.36.0-255,66,10540,19,303719
16645,8.6e-05,74.125.200.0-255,3420,13960,19,303719
16646,8.9e-05,172.31.36.0-255,66,14026,19,303719
16647,9.5e-05,74.125.200.0-255,4320,18346,19,303719
16648,9.8e-05,172.31.36.0-255,66,18412,19,303719
16649,0.000106,74.125.200.0-255,7156,25568,19,303719
16650,0.000108,172.31.36.0-255,66,25634,19,303719
16651,0.000134,74.125.200.0-255,2902,28536,19,303719
16652,0.000136,172.31.36.0-255,66,28602,19,303719
16653,0.000141,74.125.200.0-255,2543,31145,19,303719
16654,0.000144,172.31.36.0-255,66,31211,19,303719
16655,0.000263,74.125.200.0-255,1484,32695,19,303719
16656,0.000267,172.31.36.0-255,66,32761,19,303719
16657,0.000271,74.125.200.0-255,1484,34245,19,303719
16658,0.000274,172.31.36.0-255,66,34311,19,303719
16659,0.000286,74.125.200.0-255,1484,35795,19,303719
16660,0.000289,172.31.36.0-255,66,35861,19,303719
16661,0.000292,74.125.200.0-255,1484,37345,19,303719
16662,0.000294,172.31.36.0-255,66,37411,19,303719
16663,0.000299,74.125.200.0-255,2902,40313,19,303719
16664,0.000301,172.31.36.0-255,66,40379,19,303719
16665,0.000304,74.125.200.0-255,1484,41863,19,303719
16666,0.000306,172.31.36.0-255,66,41929,19,303719
16667,0.000328,74.125.200.0-255,4320,46249,19,303719
16668,0.000331,172.31.36.0-255,66,46315,19,303719
16669,0.000335,74.125.200.0-255,2543,48858,19,303719
16670,0.000338,172.31.36.0-255,66,48924,19,303719
16671,0.000609,74.125.200.0-255,1484,50408,19,303719
16672,0.000616,74.125.200.0-255,2902,53310,19,303719
16673,0.00062,172.31.36.0-255,66,53376,19,303719
16674,0.000634,74.125.200.0-255,1484,54860,19,303719
16675,0.000651,74.125.200.0-255,4320,59180,19,303719
16676,0.000653,172.31.36.0-255,66,59246,19,303719
16677,0.000659,74.125.200.0-255,4320,63566,19,303719
16678,0.000661,172.31.36.0-255,66,63632,19,303719
16679,0.000696,74.125.200.0-255,3124,66756,19,303719
16680,0.000699,172.31.36.0-255,66,66822,19,303719
16681,0.000725,74.125.200.0-255,4320,71142,19,303719
16682,0.000728,172.31.36.0-255,66,71208,19,303719
16683,0.000731,74.125.200.0-255,1484,72692,19,303719
16684,0.000735,74.125.200.0-255,2902,75594,19,303719
16685,0.000737,172.31.36.0-255,66,75660,19,303719
16686,0.000752,74.125.200.0-255,2902,78562,19,303719
16687,0.000754,172.31.36.0-255,66,78628,19,303719
16688,0.000771,74.125.200.0-255,2902,81530,19,303719
16689,0.000775,172.31.36.0-255,66,81596,19,303719
16690,0.000796,74.125.200.0-255,1993,83589,19,303719
16691,0.000799,172.31.36.0-255,66,83655,19,303719
16692,0.000976,74.125.200.0-255,1484,85139,19,303719
16693,0.00099,74.125.200.0-255,1484,86623,19,303719
16694,0.000993,172.31.36.0-255,66,86689,19,303719
16695,0.00101,74.125.200.0-255,1484,88173,19,303719
16696,0.001035,74.125.200.0-255,1484,89657,19,303719
16697,0.001037,172.31.36.0-255,66,89723,19,303719
16698,0.001061,74.125.200.0-255,4320,94043,19,303719
16699,0.001064,172.31.36.0-255,66,94109,19,303719
16700,0.001069,74.125.200.0-255,2902,97011,19,303719
16701,0.001071,172.31.36.0-255,66,97077,19,303719
16702,0.001101,74.125.200.0-255,4320,101397,19,303719
16703,0.001105,172.31.36.0-255,66,101463,19,303719
16704,0.001108,74.125.200.0-255,1484,102947,19,303719
16705,0.001111,74.125.200.0-255,1484,104431,19,303719
16706,0.001113,172.31.36.0-255,66,104497,19,303719
16707,0.001134,74.125.200.0-255,1484,105981,19,303719
16708,0.00114,74.125.200.0-255,5738,111719,19,303719
16709,0.001143,172.31.36.0-255,66,111785,19,303719
16710,0.001157,74.125.200.0-255,1484,113269,19,303719
16711,0.001159,74.125.200.0-255,1484,114753,19,303719
16712,0.001161,172.31.36.0-255,66,114819,19,303719
16713,0.001182,74.125.200.0-255,1484,116303,19,303719
16714,0.001229,74.125.200.0-255,2184,118487,19,303719
16715,0.001233,172.31.36.0-255,66,118553,19,303719
16716,0.001572,74.125.200.0-255,1484,120037,19,303719
16717,0.001591,74.125.200.0-255,2902,122939,19,303719
16718,0.001595,172.31.36.0-255,66,123005,19,303719
16719,0.0016,74.125.200.0-255,2902,125907,19,303719
16720,0.001602,172.31.36.0-255,66,125973,19,303719
16721,0.001607,74.125.200.0-255,4320,130293,19,303719
16722,0.001609,172.31.36.0-255,66,130359,19,303719
16723,0.001632,74.125.200.0-255,2902,133261,19,303719
16724,0.001635,172.31.36.0-255,66,133327,19,303719
16725,0.001656,74.125.200.0-255,5738,139065,19,303719
16726,0.00166,172.31.36.0-255,66,139131,19,303719
16727,0.001688,74.125.200.0-255,9992,149123,19,303719
16728,0.00169,172.31.36.0-255,66,149189,19,303719
16729,0.001696,74.125.200.0-255,3602,152791,19,303719
16730,0.001698,172.31.36.0-255,66,152857,19,303719
16731,0.00186,74.125.200.0-255,1484,154341,19,303719
16732,0.001875,74.125.200.0-255,2902,157243,19,303719
16733,0.001879,172.31.36.0-255,66,157309,19,303719
16734,0.001903,74.125.200.0-255,5738,163047,19,303719
16735,0.001906,172.31.36.0-255,66,163113,19,303719
16736,0.001926,74.125.200.0-255,4320,167433,19,303719
16737,0.001928,172.31.36.0-255,66,167499,19,303719
16738,0.001942,74.125.200.0-255,2902,170401,19,303719
16739,0.001944,172.31.36.0-255,66,170467,19,303719
16740,0.001958,74.125.200.0-255,2902,173369,19,303719
16741,0.00196,172.31.36.0-255,66,173435,19,303719
16742,0.001989,74.125.200.0-255,5738,179173,19,303719
16743,0.001992,172.31.36.0-255,66,179239,19,303719
16744,0.001998,74.125.200.0-255,4320,183559,19,303719
16745,0.002,172.31.36.0-255,66,183625,19,303719
16746,0.002057,74.125.200.0-255,3602,187227,19,303719
16747,0.002061,172.31.36.0-255,66,187293,19,303719
16748,0.002299,74.125.200.0-255,1484,188777,19,303719
16749,0.002311,74.125.200.0-255,1484,190261,19,303719
16750,0.002314,172.31.36.0-255,66,190327,19,303719
16751,0.002329,74.125.200.0-255,1484,191811,19,303719
16752,0.002383,74.125.200.0-255,2902,194713,19,303719
16753,0.002386,172.31.36.0-255,66,194779,19,303719
16754,0.002399,74.125.200.0-255,2902,197681,19,303719
16755,0.002401,172.31.36.0-255,66,197747,19,303719
16756,0.002406,74.125.200.0-255,2902,200649,19,303719
16757,0.002407,172.31.36.0-255,66,200715,19,303719
16758,0.002426,74.125.200.0-255,1484,202199,19,303719
16759,0.002445,74.125.200.0-255,2902,205101,19,303719
16760,0.002448,172.31.36.0-255,66,205167,19,303719
16761,0.002462,74.125.200.0-255,2902,208069,19,303719
16762,0.002464,172.31.36.0-255,66,208135,19,303719
16763,0.00249,74.125.200.0-255,4320,212455,19,303719
16764,0.002493,172.31.36.0-255,66,212521,19,303719
16765,0.002497,74.125.200.0-255,1484,214005,19,303719
16766,0.00251,74.125.200.0-255,1484,215489,19,303719
16767,0.002513,172.31.36.0-255,66,215555,19,303719
16768,0.00253,74.125.200.0-255,5738,221293,19,303719
16769,0.002532,172.31.36.0-255,66,221359,19,303719
16770,0.002535,74.125.200.0-255,766,222125,19,303719
16771,0.00257,74.125.200.0-255,1484,223609,19,303719
16772,0.002573,172.31.36.0-255,66,223675,19,303719
16773,0.002595,74.125.200.0-255,2902,226577,19,303719
16774,0.002597,172.31.36.0-255,66,226643,19,303719
16775,0.0026,74.125.200.0-255,1484,228127,19,303719
16776,0.002616,74.125.200.0-255,1484,229611,19,303719
16777,0.002619,172.31.36.0-255,66,229677,19,303719
16778,0.002624,74.125.200.0-255,2902,232579,19,303719
16779,0.002626,172.31.36.0-255,66,232645,19,303719
16780,0.002643,74.125.200.0-255,1484,234129,19,303719
16781,0.002655,74.125.200.0-255,1484,235613,19,303719
16782,0.002657,172.31.36.0-255,66,235679,19,303719
16783,0.002675,74.125.200.0-255,2902,238581,19,303719
16784,0.002678,172.31.36.0-255,66,238647,19,303719
16785,0.002694,74.125.200.0-255,2902,241549,19,303719
16786,0.002698,172.31.36.0-255,66,241615,19,303719
16787,0.002714,74.125.200.0-255,1484,243099,19,303719
16788,0.00275,74.125.200.0-255,9992,253091,19,303719
16789,0.002755,172.31.36.0-255,66,253157,19,303719
16790,0.002761,74.125.200.0-255,3602,256759,19,303719
16791,0.002763,172.31.36.0-255,66,256825,19,303719
16792,0.002812,74.125.200.0-255,1484,258309,19,303719
16793,0.002836,74.125.200.0-255,2902,261211,19,303719
16794,0.002839,172.31.36.0-255,66,261277,19,303719
16795,0.00286,74.125.200.0-255,2902,264179,19,303719
16796,0.002862,172.31.36.0-255,66,264245,19,303719
16797,0.002868,74.125.200.0-255,4320,268565,19,303719
16798,0.00287,172.31.36.0-255,66,268631,19,303719
16799,0.002893,74.125.200.0-255,1484,270115,19,303719
16800,0.002914,74.125.200.0-255,4320,274435,19,303719
16801,0.002917,172.31.36.0-255,66,274501,19,303719
16802,0.002932,74.125.200.0-255,2902,277403,19,303719
16803,0.002935,172.31.36.0-255,66,277469,19,303719
16804,0.002952,74.125.200.0-255,2902,280371,19,303719
16805,0.002955,172.31.36.0-255,66,280437,19,303719
16806,0.002983,74.125.200.0-255,7156,287593,19,303719
16807,0.002986,172.31.36.0-255,66,287659,19,303719
16808,0.005525,74.125.200.0-255,5738,293397,19,303719
16809,0.005533,172.31.36.0-255,66,293463,19,303719
16810,0.007697,74.125.200.0-255,4320,297783,19,303719
16811,0.007701,172.31.36.0-255,66,297849,19,303719
16812,0.007716,74.125.200.0-255,1484,299333,19,303719
16813,0.009932,74.125.200.0-255,4320,303653,19,303719
16814,0.009938,172.31.36.0-255,66,303719,19,303719
16815,0.0,74.125.24.0-255,66,66,19,66
16816,0.0,172.217.194.0-255,153,153,19,193500
16817,1.1e-05,172.31.36.0-255,66,219,19,193500
16818,1.6e-05,172.217.194.0-255,1484,1703,19,193500
16819,2.1e-05,172.31.36.0-255,66,1769,19,193500
16820,3.3e-05,172.217.194.0-255,2902,4671,19,193500
16821,3.6e-05,172.31.36.0-255,66,4737,19,193500
16822,4.5e-05,172.217.194.0-255,7156,11893,19,193500
16823,4.8e-05,172.31.36.0-255,66,11959,19,193500
16824,8.1e-05,172.217.194.0-255,2076,14035,19,193500
16825,8.4e-05,172.31.36.0-255,66,14101,19,193500
16826,8.9e-05,172.217.194.0-255,2902,17003,19,193500
16827,9.1e-05,172.31.36.0-255,66,17069,19,193500
16828,9.4e-05,172.217.194.0-255,1484,18553,19,193500
16829,9.6e-05,172.31.36.0-255,66,18619,19,193500
16830,0.000122,172.217.194.0-255,5738,24357,19,193500
16831,0.000125,172.31.36.0-255,66,24423,19,193500
16832,0.000136,172.217.194.0-255,4320,28743,19,193500
16833,0.000138,172.31.36.0-255,66,28809,19,193500
16834,0.00017,172.217.194.0-255,2543,31352,19,193500
16835,0.000173,172.31.36.0-255,66,31418,19,193500
16836,0.000239,172.217.194.0-255,1484,32902,19,193500
16837,0.000242,172.31.36.0-255,66,32968,19,193500
16838,0.000247,172.217.194.0-255,2902,35870,19,193500
16839,0.000249,172.31.36.0-255,66,35936,19,193500
16840,0.000253,172.217.194.0-255,1484,37420,19,193500
16841,0.000255,172.31.36.0-255,66,37486,19,193500
16842,0.00028,172.217.194.0-255,4320,41806,19,193500
16843,0.000282,172.31.36.0-255,66,41872,19,193500
16844,0.000309,172.217.194.0-255,7156,49028,19,193500
16845,0.000312,172.31.36.0-255,66,49094,19,193500
16846,0.000343,172.217.194.0-255,3961,53055,19,193500
16847,0.000346,172.31.36.0-255,66,53121,19,193500
16848,0.000365,172.217.194.0-255,1125,54246,19,193500
16849,0.000515,172.31.36.0-255,66,54312,19,193500
16850,0.000571,172.217.194.0-255,646,54958,19,193500
16851,0.000688,172.217.194.0-255,1484,56442,19,193500
16852,0.000694,172.217.194.0-255,2902,59344,19,193500
16853,0.000704,172.31.36.0-255,66,59410,19,193500
16854,0.000716,172.217.194.0-255,5738,65148,19,193500
16855,0.000727,172.31.36.0-255,66,65214,19,193500
16856,0.000764,172.217.194.0-255,8574,73788,19,193500
16857,0.000781,172.217.194.0-255,2184,75972,19,193500
16858,0.000799,172.217.194.0-255,8574,84546,19,193500
16859,0.000803,172.31.36.0-255,66,84612,19,193500
16860,0.000812,172.217.194.0-255,1484,86096,19,193500
16861,0.000819,172.217.194.0-255,7156,93252,19,193500
16862,0.000835,172.217.194.0-255,4320,97572,19,193500
16863,0.000838,172.31.36.0-255,66,97638,19,193500
16864,0.000847,172.217.194.0-255,1484,99122,19,193500
16865,0.000873,172.217.194.0-255,10692,109814,19,193500
16866,0.000892,172.31.36.0-255,66,109880,19,193500
16867,0.000943,172.217.194.0-255,1484,111364,19,193500
16868,0.00095,172.217.194.0-255,2902,114266,19,193500
16869,0.000959,172.31.36.0-255,66,114332,19,193500
16870,0.000965,172.217.194.0-255,4320,118652,19,193500
16871,0.000979,172.217.194.0-255,1484,120136,19,193500
16872,0.000982,172.217.194.0-255,1484,121620,19,193500
16873,0.001017,172.217.194.0-255,9992,131612,19,193500
16874,0.001022,172.31.36.0-255,66,131678,19,193500
16875,0.00104,172.217.194.0-255,766,132444,19,193500
16876,0.001352,172.217.194.0-255,1484,133928,19,193500
16877,0.001358,172.217.194.0-255,2902,136830,19,193500
16878,0.001365,172.31.36.0-255,66,136896,19,193500
16879,0.001402,172.217.194.0-255,5738,142634,19,193500
16880,0.001422,172.217.194.0-255,10692,153326,19,193500
16881,0.001443,172.31.36.0-255,66,153392,19,193500
16882,0.001935,172.217.194.0-255,1484,154876,19,193500
16883,0.001956,172.217.194.0-255,2902,157778,19,193500
16884,0.00196,172.31.36.0-255,66,157844,19,193500
16885,0.001967,172.217.194.0-255,5738,163582,19,193500
16886,0.001999,172.217.194.0-255,1484,165066,19,193500
16887,0.002005,172.31.36.0-255,66,165132,19,193500
16888,0.002025,172.217.194.0-255,9274,174406,19,193500
16889,0.002102,172.217.194.0-255,1484,175890,19,193500
16890,0.002517,172.31.36.0-255,66,175956,19,193500
16891,0.004575,172.217.194.0-255,5738,181694,19,193500
16892,0.004583,172.31.36.0-255,66,181760,19,193500
16893,0.006645,172.217.194.0-255,2902,184662,19,193500
16894,0.006661,172.217.194.0-255,2902,187564,19,193500
16895,0.007689,172.31.36.0-255,66,187630,19,193500
16896,0.009736,172.217.194.0-255,4320,191950,19,193500
16897,0.009742,172.31.36.0-255,66,192016,19,193500
16898,0.00977,172.217.194.0-255,1484,193500,19,193500
16899,0.0,172.217.194.0-255,153,153,19,285056
16900,2.5e-05,172.31.36.0-255,66,219,19,285056
16901,3.3e-05,172.217.194.0-255,1484,1703,19,285056
16902,3.8e-05,172.31.36.0-255,66,1769,19,285056
16903,4.4e-05,172.217.194.0-255,2902,4671,19,285056
16904,5.7e-05,172.31.36.0-255,66,4737,19,285056
16905,6.5e-05,172.217.194.0-255,7156,11893,19,285056
16906,6.9e-05,172.31.36.0-255,66,11959,19,285056
16907,7.3e-05,172.217.194.0-255,2099,14058,19,285056
16908,7.6e-05,172.31.36.0-255,66,14124,19,285056
16909,9.9e-05,172.217.194.0-255,2902,17026,19,285056
16910,0.000102,172.31.36.0-255,66,17092,19,285056
16911,0.000115,172.217.194.0-255,5738,22830,19,285056
16912,0.000118,172.31.36.0-255,66,22896,19,285056
16913,0.000158,172.217.194.0-255,1484,24380,19,285056
16914,0.00016,172.31.36.0-255,66,24446,19,285056
16915,0.000187,172.217.194.0-255,6797,31243,19,285056
16916,0.00019,172.31.36.0-255,66,31309,19,285056
16917,0.000199,172.217.194.0-255,8574,39883,19,285056
16918,0.000202,172.31.36.0-255,66,39949,19,285056
16919,0.000217,172.217.194.0-255,9633,49582,19,285056
16920,0.000219,172.31.36.0-255,66,49648,19,285056
16921,0.000261,172.217.194.0-255,5738,55386,19,285056
16922,0.000264,172.31.36.0-255,66,55452,19,285056
16923,0.000298,172.217.194.0-255,9891,65343,19,285056
16924,0.000301,172.31.36.0-255,66,65409,19,285056
16925,0.000305,172.217.194.0-255,112,65521,19,285056
16926,0.000307,172.31.36.0-255,66,65587,19,285056
16927,0.000379,172.217.194.0-255,381,65968,19,285056
16928,0.000382,172.31.36.0-255,66,66034,19,285056
16929,0.000648,172.217.194.0-255,1484,67518,19,285056
16930,0.000656,172.31.36.0-255,66,67584,19,285056
16931,0.000662,172.217.194.0-255,2902,70486,19,285056
16932,0.000664,172.31.36.0-255,66,70552,19,285056
16933,0.000674,172.217.194.0-255,2902,73454,19,285056
16934,0.000677,172.31.36.0-255,66,73520,19,285056
16935,0.000714,172.217.194.0-255,2902,76422,19,285056
16936,0.000717,172.31.36.0-255,66,76488,19,285056
16937,0.00073,172.31.36.0-255,66,76554,19,285056
16938,0.000747,172.217.194.0-255,10692,87246,19,285056
16939,0.00075,172.31.36.0-255,66,87312,19,285056
16940,0.001131,172.217.194.0-255,1484,88796,19,285056
16941,0.001134,172.217.194.0-255,1484,90280,19,285056
16942,0.001145,172.31.36.0-255,66,90346,19,285056
16943,0.00115,172.217.194.0-255,1484,91830,19,285056
16944,0.001156,172.217.194.0-255,4320,96150,19,285056
16945,0.001158,172.31.36.0-255,66,96216,19,285056
16946,0.001184,172.217.194.0-255,1484,97700,19,285056
16947,0.001199,172.31.36.0-255,66,97766,19,285056
16948,0.001253,172.217.194.0-255,4320,102086,19,285056
16949,0.001256,172.31.36.0-255,66,102152,19,285056
16950,0.001287,172.217.194.0-255,6438,108590,19,285056
16951,0.001289,172.31.36.0-255,66,108656,19,285056
16952,0.001293,172.217.194.0-255,1484,110140,19,285056
16953,0.001314,172.217.194.0-255,2902,113042,19,285056
16954,0.001316,172.31.36.0-255,66,113108,19,285056
16955,0.001323,172.217.194.0-255,5738,118846,19,285056
16956,0.001325,172.31.36.0-255,66,118912,19,285056
16957,0.001349,172.217.194.0-255,8574,127486,19,285056
16958,0.001351,172.31.36.0-255,66,127552,19,285056
16959,0.001393,172.217.194.0-255,4320,131872,19,285056
16960,0.001403,172.217.194.0-255,10692,142564,19,285056
16961,0.001407,172.217.194.0-255,2902,145466,19,285056
16962,0.001411,172.31.36.0-255,66,145532,19,285056
16963,0.001415,172.31.36.0-255,66,145598,19,285056
16964,0.001418,172.31.36.0-255,66,145664,19,285056
16965,0.001453,172.217.194.0-255,8574,154238,19,285056
16966,0.001456,172.31.36.0-255,66,154304,19,285056
16967,0.001469,172.31.36.0-255,66,154370,19,285056
16968,0.001507,172.217.194.0-255,10692,165062,19,285056
16969,0.001511,172.31.36.0-255,66,165128,19,285056
16970,0.001539,172.217.194.0-255,7156,172284,19,285056
16971,0.001544,172.31.36.0-255,66,172350,19,285056
16972,0.001556,172.217.194.0-255,2902,175252,19,285056
16973,0.001563,172.31.36.0-255,66,175318,19,285056
16974,0.001576,172.31.36.0-255,66,175384,19,285056
16975,0.001581,172.217.194.0-255,2902,178286,19,285056
16976,0.001583,172.31.36.0-255,66,178352,19,285056
16977,0.001624,172.217.194.0-255,9274,187626,19,285056
16978,0.001629,172.31.36.0-255,66,187692,19,285056
16979,0.001663,172.217.194.0-255,1484,189176,19,285056
16980,0.001684,172.217.194.0-255,2902,192078,19,285056
16981,0.001688,172.31.36.0-255,66,192144,19,285056
16982,0.001713,172.217.194.0-255,5738,197882,19,285056
16983,0.001717,172.31.36.0-255,66,197948,19,285056
16984,0.001734,172.31.36.0-255,66,198014,19,285056
16985,0.001743,172.217.194.0-255,8574,206588,19,285056
16986,0.001746,172.31.36.0-255,66,206654,19,285056
16987,0.001776,172.217.194.0-255,2184,208838,19,285056
16988,0.001778,172.31.36.0-255,66,208904,19,285056
16989,0.001784,172.217.194.0-255,4320,213224,19,285056
16990,0.001786,172.31.36.0-255,66,213290,19,285056
16991,0.001795,172.217.194.0-255,2902,216192,19,285056
16992,0.001797,172.31.36.0-255,66,216258,19,285056
16993,0.001824,172.217.194.0-255,2902,219160,19,285056
16994,0.001827,172.31.36.0-255,66,219226,19,285056
16995,0.001836,172.217.194.0-255,8574,227800,19,285056
16996,0.001838,172.31.36.0-255,66,227866,19,285056
16997,0.001855,172.217.194.0-255,2902,230768,19,285056
16998,0.001857,172.31.36.0-255,66,230834,19,285056
16999,0.001863,172.217.194.0-255,4320,235154,19,285056
17000,0.00187,172.31.36.0-255,66,235220,19,285056
17001,0.001905,172.217.194.0-255,7856,243076,19,285056
17002,0.001908,172.31.36.0-255,66,243142,19,285056
17003,0.001911,172.217.194.0-255,1484,244626,19,285056
17004,0.001916,172.217.194.0-255,2902,247528,19,285056
17005,0.001919,172.31.36.0-255,66,247594,19,285056
17006,0.001926,172.217.194.0-255,5738,253332,19,285056
17007,0.001928,172.31.36.0-255,66,253398,19,285056
17008,0.001966,172.217.194.0-255,2902,256300,19,285056
17009,0.001969,172.31.36.0-255,66,256366,19,285056
17010,0.002007,172.217.194.0-255,7156,263522,19,285056
17011,0.00201,172.31.36.0-255,66,263588,19,285056
17012,0.002022,172.31.36.0-255,66,263654,19,285056
17013,0.002033,172.217.194.0-255,5020,268674,19,285056
17014,0.002036,172.31.36.0-255,66,268740,19,285056
17015,0.002043,172.217.194.0-255,5738,274478,19,285056
17016,0.002045,172.31.36.0-255,66,274544,19,285056
17017,0.002059,172.31.36.0-255,66,274610,19,285056
17018,0.002073,172.31.36.0-255,66,274676,19,285056
17019,0.002123,172.31.36.0-255,66,274742,19,285056
17020,0.002142,172.31.36.0-255,66,274808,19,285056
17021,0.002173,172.217.194.0-255,4320,279128,19,285056
17022,0.002176,172.31.36.0-255,66,279194,19,285056
17023,0.002183,172.217.194.0-255,5594,284788,19,285056
17024,0.002185,172.31.36.0-255,66,284854,19,285056
17025,0.002193,172.217.194.0-255,97,284951,19,285056
17026,0.002217,172.217.194.0-255,105,285056,19,285056
17027,0.0,74.125.24.0-255,153,153,19,332925
17028,1.3e-05,172.31.36.0-255,66,219,19,332925
17029,2e-05,74.125.24.0-255,1484,1703,19,332925
17030,2.4e-05,172.31.36.0-255,66,1769,19,332925
17031,3.1e-05,74.125.24.0-255,2902,4671,19,332925
17032,4.2e-05,172.31.36.0-255,66,4737,19,332925
17033,5e-05,74.125.24.0-255,5738,10475,19,332925
17034,5.2e-05,172.31.36.0-255,66,10541,19,332925
17035,5.8e-05,74.125.24.0-255,3521,14062,19,332925
17036,6.1e-05,172.31.36.0-255,66,14128,19,332925
17037,0.000117,74.125.24.0-255,1484,15612,19,332925
17038,0.00012,172.31.36.0-255,66,15678,19,332925
17039,0.000126,74.125.24.0-255,2902,18580,19,332925
17040,0.000128,172.31.36.0-255,66,18646,19,332925
17041,0.000152,74.125.24.0-255,2902,21548,19,332925
17042,0.000155,172.31.36.0-255,66,21614,19,332925
17043,0.000177,74.125.24.0-255,2902,24516,19,332925
17044,0.00018,172.31.36.0-255,66,24582,19,332925
17045,0.000215,74.125.24.0-255,7156,31738,19,332925
17046,0.000218,172.31.36.0-255,66,31804,19,332925
17047,0.000221,74.125.24.0-255,1484,33288,19,332925
17048,0.000223,172.31.36.0-255,66,33354,19,332925
17049,0.000251,74.125.24.0-255,7156,40510,19,332925
17050,0.000254,172.31.36.0-255,66,40576,19,332925
17051,0.000305,74.125.24.0-255,7856,48432,19,332925
17052,0.000308,172.31.36.0-255,66,48498,19,332925
17053,0.000774,74.125.24.0-255,1484,49982,19,332925
17054,0.000781,172.31.36.0-255,66,50048,19,332925
17055,0.000787,74.125.24.0-255,2902,52950,19,332925
17056,0.00079,172.31.36.0-255,66,53016,19,332925
17057,0.000793,74.125.24.0-255,1484,54500,19,332925
17058,0.0008,172.31.36.0-255,66,54566,19,332925
17059,0.000827,74.125.24.0-255,4320,58886,19,332925
17060,0.00083,172.31.36.0-255,66,58952,19,332925
17061,0.000838,74.125.24.0-255,6797,65749,19,332925
17062,0.00084,172.31.36.0-255,66,65815,19,332925
17063,0.000882,172.31.36.0-255,66,65881,19,332925
17064,0.000905,74.125.24.0-255,1484,67365,19,332925
17065,0.00091,74.125.24.0-255,2543,69908,19,332925
17066,0.000913,172.31.36.0-255,66,69974,19,332925
17067,0.000969,74.125.24.0-255,1484,71458,19,332925
17068,0.000989,74.125.24.0-255,2902,74360,19,332925
17069,0.000992,172.31.36.0-255,66,74426,19,332925
17070,0.001025,74.125.24.0-255,5738,80164,19,332925
17071,0.001028,172.31.36.0-255,66,80230,19,332925
17072,0.001033,74.125.24.0-255,4320,84550,19,332925
17073,0.001036,172.31.36.0-255,66,84616,19,332925
17074,0.001049,74.125.24.0-255,2543,87159,19,332925
17075,0.001051,172.31.36.0-255,66,87225,19,332925
17076,0.0018,74.125.24.0-255,1484,88709,19,332925
17077,0.001823,74.125.24.0-255,2902,91611,19,332925
17078,0.001828,172.31.36.0-255,66,91677,19,332925
17079,0.001837,74.125.24.0-255,5738,97415,19,332925
17080,0.001839,172.31.36.0-255,66,97481,19,332925
17081,0.001849,74.125.24.0-255,4320,101801,19,332925
17082,0.001851,172.31.36.0-255,66,101867,19,332925
17083,0.001895,172.31.36.0-255,66,101933,19,332925
17084,0.001904,74.125.24.0-255,7856,109789,19,332925
17085,0.001906,172.31.36.0-255,66,109855,19,332925
17086,0.001946,74.125.24.0-255,7156,117011,19,332925
17087,0.001949,172.31.36.0-255,66,117077,19,332925
17088,0.001982,74.125.24.0-255,5738,122815,19,332925
17089,0.001985,172.31.36.0-255,66,122881,19,332925
17090,0.002001,172.31.36.0-255,66,122947,19,332925
17091,0.002008,74.125.24.0-255,6438,129385,19,332925
17092,0.00201,172.31.36.0-255,66,129451,19,332925
17093,0.002143,74.125.24.0-255,1484,130935,19,332925
17094,0.002151,74.125.24.0-255,2902,133837,19,332925
17095,0.002155,172.31.36.0-255,66,133903,19,332925
17096,0.002162,74.125.24.0-255,5738,139641,19,332925
17097,0.002166,172.31.36.0-255,66,139707,19,332925
17098,0.002185,172.31.36.0-255,66,139773,19,332925
17099,0.002192,74.125.24.0-255,5738,145511,19,332925
17100,0.002194,172.31.36.0-255,66,145577,19,332925
17101,0.002229,74.125.24.0-255,5020,150597,19,332925
17102,0.002232,172.31.36.0-255,66,150663,19,332925
17103,0.002296,74.125.24.0-255,1484,152147,19,332925
17104,0.002314,74.125.24.0-255,2902,155049,19,332925
17105,0.002317,172.31.36.0-255,66,155115,19,332925
17106,0.002343,74.125.24.0-255,5738,160853,19,332925
17107,0.002346,172.31.36.0-255,66,160919,19,332925
17108,0.00235,74.125.24.0-255,1484,162403,19,332925
17109,0.002353,74.125.24.0-255,1484,163887,19,332925
17110,0.002355,172.31.36.0-255,66,163953,19,332925
17111,0.002401,74.125.24.0-255,2902,166855,19,332925
17112,0.002406,172.31.36.0-255,66,166921,19,332925
17113,0.002412,74.125.24.0-255,5738,172659,19,332925
17114,0.002415,172.31.36.0-255,66,172725,19,332925
17115,0.002429,74.125.24.0-255,1484,174209,19,332925
17116,0.002432,74.125.24.0-255,1484,175693,19,332925
17117,0.002434,172.31.36.0-255,66,175759,19,332925
17118,0.00244,74.125.24.0-255,4320,180079,19,332925
17119,0.002442,172.31.36.0-255,66,180145,19,332925
17120,0.002445,74.125.24.0-255,1484,181629,19,332925
17121,0.00249,74.125.24.0-255,3602,185231,19,332925
17122,0.002496,172.31.36.0-255,66,185297,19,332925
17123,0.00255,74.125.24.0-255,1484,186781,19,332925
17124,0.002554,74.125.24.0-255,1484,188265,19,332925
17125,0.002556,172.31.36.0-255,66,188331,19,332925
17126,0.002573,74.125.24.0-255,1484,189815,19,332925
17127,0.002578,74.125.24.0-255,2902,192717,19,332925
17128,0.002581,172.31.36.0-255,66,192783,19,332925
17129,0.002623,74.125.24.0-255,9992,202775,19,332925
17130,0.002626,172.31.36.0-255,66,202841,19,332925
17131,0.002631,74.125.24.0-255,2184,205025,19,332925
17132,0.002634,172.31.36.0-255,78,205103,19,332925
17133,0.002651,172.31.36.0-255,66,205169,19,332925
17134,0.002689,74.125.24.0-255,1484,206653,19,332925
17135,0.002704,74.125.24.0-255,2902,209555,19,332925
17136,0.002707,172.31.36.0-255,66,209621,19,332925
17137,0.002714,74.125.24.0-255,5738,215359,19,332925
17138,0.002716,172.31.36.0-255,66,215425,19,332925
17139,0.002735,74.125.24.0-255,5738,221163,19,332925
17140,0.002738,172.31.36.0-255,66,221229,19,332925
17141,0.002781,74.125.24.0-255,7156,228385,19,332925
17142,0.002785,172.31.36.0-255,66,228451,19,332925
17143,0.002796,74.125.24.0-255,10692,239143,19,332925
17144,0.002798,172.31.36.0-255,66,239209,19,332925
17145,0.003021,74.125.24.0-255,1484,240693,19,332925
17146,0.003029,74.125.24.0-255,2902,243595,19,332925
17147,0.003034,172.31.36.0-255,66,243661,19,332925
17148,0.003049,74.125.24.0-255,5738,249399,19,332925
17149,0.003056,172.31.36.0-255,66,249465,19,332925
17150,0.003062,74.125.24.0-255,4320,253785,19,332925
17151,0.003064,172.31.36.0-255,66,253851,19,332925
17152,0.003093,74.125.24.0-255,1484,255335,19,332925
17153,0.003097,74.125.24.0-255,1484,256819,19,332925
17154,0.003099,172.31.36.0-255,66,256885,19,332925
17155,0.003103,74.125.24.0-255,1484,258369,19,332925
17156,0.003125,74.125.24.0-255,4320,262689,19,332925
17157,0.003128,172.31.36.0-255,66,262755,19,332925
17158,0.003172,74.125.24.0-255,5738,268493,19,332925
17159,0.003175,172.31.36.0-255,66,268559,19,332925
17160,0.003181,74.125.24.0-255,4320,272879,19,332925
17161,0.003183,172.31.36.0-255,66,272945,19,332925
17162,0.003186,74.125.24.0-255,766,273711,19,332925
17163,0.003265,74.125.24.0-255,1484,275195,19,332925
17164,0.003268,172.31.36.0-255,66,275261,19,332925
17165,0.003273,74.125.24.0-255,2902,278163,19,332925
17166,0.003275,172.31.36.0-255,66,278229,19,332925
17167,0.003295,74.125.24.0-255,5738,283967,19,332925
17168,0.003301,172.31.36.0-255,66,284033,19,332925
17169,0.003315,74.125.24.0-255,4320,288353,19,332925
17170,0.003321,172.31.36.0-255,66,288419,19,332925
17171,0.003344,74.125.24.0-255,8574,296993,19,332925
17172,0.003346,172.31.36.0-255,66,297059,19,332925
17173,0.003349,74.125.24.0-255,1484,298543,19,332925
17174,0.003376,74.125.24.0-255,9274,307817,19,332925
17175,0.003378,172.31.36.0-255,66,307883,19,332925
17176,0.003629,74.125.24.0-255,1484,309367,19,332925
17177,0.003643,74.125.24.0-255,2902,312269,19,332925
17178,0.003647,172.31.36.0-255,66,312335,19,332925
17179,0.003654,74.125.24.0-255,5738,318073,19,332925
17180,0.003656,172.31.36.0-255,66,318139,19,332925
17181,0.003688,74.125.24.0-255,9992,328131,19,332925
17182,0.003691,172.31.36.0-255,66,328197,19,332925
17183,0.003744,74.125.24.0-255,4320,332517,19,332925
17184,0.003746,172.31.36.0-255,66,332583,19,332925
17185,0.003783,172.31.36.0-255,66,332649,19,332925
17186,0.003787,74.125.24.0-255,105,332754,19,332925
17187,0.009436,172.31.36.0-255,66,332820,19,332925
17188,0.009477,172.31.36.0-255,105,332925,19,332925
17189,0.0,74.125.24.0-255,156,156,19,173522
17190,3.1e-05,172.31.36.0-255,66,222,19,173522
17191,3.7e-05,74.125.24.0-255,1484,1706,19,173522
17192,4.1e-05,172.31.36.0-255,66,1772,19,173522
17193,4.5e-05,74.125.24.0-255,2902,4674,19,173522
17194,4.9e-05,172.31.36.0-255,66,4740,19,173522
17195,6.2e-05,74.125.24.0-255,5738,10478,19,173522
17196,6.5e-05,172.31.36.0-255,66,10544,19,173522
17197,8.6e-05,74.125.24.0-255,1484,12028,19,173522
17198,8.8e-05,172.31.36.0-255,66,12094,19,173522
17199,9.3e-05,74.125.24.0-255,2021,14115,19,173522
17200,9.4e-05,172.31.36.0-255,66,14181,19,173522
17201,0.000134,74.125.24.0-255,5738,19919,19,173522
17202,0.000137,172.31.36.0-255,66,19985,19,173522
17203,0.00017,74.125.24.0-255,7156,27141,19,173522
17204,0.000173,172.31.36.0-255,66,27207,19,173522
17205,0.000199,74.125.24.0-255,3961,31168,19,173522
17206,0.000201,172.31.36.0-255,66,31234,19,173522
17207,0.000362,74.125.24.0-255,1484,32718,19,173522
17208,0.000367,172.31.36.0-255,66,32784,19,173522
17209,0.000371,74.125.24.0-255,1484,34268,19,173522
17210,0.000374,172.31.36.0-255,66,34334,19,173522
17211,0.0004,74.125.24.0-255,1484,35818,19,173522
17212,0.000403,172.31.36.0-255,66,35884,19,173522
17213,0.00041,74.125.24.0-255,5738,41622,19,173522
17214,0.000413,172.31.36.0-255,66,41688,19,173522
17215,0.00042,74.125.24.0-255,6797,48485,19,173522
17216,0.000424,172.31.36.0-255,66,48551,19,173522
17217,0.000431,74.125.24.0-255,5738,54289,19,173522
17218,0.000435,172.31.36.0-255,66,54355,19,173522
17219,0.00047,74.125.24.0-255,8574,62929,19,173522
17220,0.000475,172.31.36.0-255,66,62995,19,173522
17221,0.000479,74.125.24.0-255,2855,65850,19,173522
17222,0.000482,172.31.36.0-255,66,65916,19,173522
17223,0.001024,74.125.24.0-255,110,66026,19,173522
17224,0.001061,74.125.24.0-255,1484,67510,19,173522
17225,0.001066,172.31.36.0-255,66,67576,19,173522
17226,0.001093,74.125.24.0-255,2902,70478,19,173522
17227,0.001097,172.31.36.0-255,66,70544,19,173522
17228,0.001104,74.125.24.0-255,5738,76282,19,173522
17229,0.001106,172.31.36.0-255,66,76348,19,173522
17230,0.001112,74.125.24.0-255,5738,82086,19,173522
17231,0.001115,172.31.36.0-255,66,82152,19,173522
17232,0.00116,74.125.24.0-255,7156,89308,19,173522
17233,0.001163,172.31.36.0-255,66,89374,19,173522
17234,0.001172,74.125.24.0-255,8574,97948,19,173522
17235,0.001174,172.31.36.0-255,66,98014,19,173522
17236,0.001179,74.125.24.0-255,2448,100462,19,173522
17237,0.00118,172.31.36.0-255,66,100528,19,173522
17238,0.001592,74.125.24.0-255,1484,102012,19,173522
17239,0.001599,74.125.24.0-255,2902,104914,19,173522
17240,0.001603,172.31.36.0-255,66,104980,19,173522
17241,0.00161,74.125.24.0-255,5738,110718,19,173522
17242,0.001612,172.31.36.0-255,66,110784,19,173522
17243,0.001685,172.31.36.0-255,66,110850,19,173522
17244,0.001691,74.125.24.0-255,5738,116588,19,173522
17245,0.001693,172.31.36.0-255,66,116654,19,173522
17246,0.001699,74.125.24.0-255,5020,121674,19,173522
17247,0.0017,172.31.36.0-255,66,121740,19,173522
17248,0.002021,74.125.24.0-255,1484,123224,19,173522
17249,0.002035,74.125.24.0-255,2902,126126,19,173522
17250,0.002038,172.31.36.0-255,66,126192,19,173522
17251,0.00207,74.125.24.0-255,5738,131930,19,173522
17252,0.002073,172.31.36.0-255,66,131996,19,173522
17253,0.002077,74.125.24.0-255,2902,134898,19,173522
17254,0.002079,172.31.36.0-255,66,134964,19,173522
17255,0.002103,74.125.24.0-255,7156,142120,19,173522
17256,0.002105,172.31.36.0-255,66,142186,19,173522
17257,0.002112,74.125.24.0-255,7156,149342,19,173522
17258,0.002114,172.31.36.0-255,66,149408,19,173522
17259,0.002142,74.125.24.0-255,2902,152310,19,173522
17260,0.002145,172.31.36.0-255,66,152376,19,173522
17261,0.00215,74.125.24.0-255,3602,155978,19,173522
17262,0.002152,172.31.36.0-255,66,156044,19,173522
17263,0.00473,74.125.24.0-255,1484,157528,19,173522
17264,0.004746,74.125.24.0-255,4320,161848,19,173522
17265,0.004748,172.31.36.0-255,66,161914,19,173522
17266,0.007326,74.125.24.0-255,5738,167652,19,173522
17267,0.007336,172.31.36.0-255,66,167718,19,173522
17268,0.009943,74.125.24.0-255,5738,173456,19,173522
17269,0.009961,172.31.36.0-255,66,173522,19,173522
17270,0.0,172.217.194.0-255,66,66,19,66
17271,0.0,172.217.194.0-255,146,146,19,120176
17272,2.2e-05,172.31.36.0-255,66,212,19,120176
17273,3e-05,172.217.194.0-255,1484,1696,19,120176
17274,3.4e-05,172.31.36.0-255,66,1762,19,120176
17275,4e-05,172.217.194.0-255,2902,4664,19,120176
17276,5e-05,172.31.36.0-255,66,4730,19,120176
17277,5.9e-05,172.217.194.0-255,7156,11886,19,120176
17278,6.2e-05,172.31.36.0-255,66,11952,19,120176
17279,6.6e-05,172.217.194.0-255,2027,13979,19,120176
17280,6.8e-05,172.31.36.0-255,66,14045,19,120176
17281,0.000233,172.217.194.0-255,1484,15529,19,120176
17282,0.000238,172.31.36.0-255,66,15595,19,120176
17283,0.000245,172.217.194.0-255,2902,18497,19,120176
17284,0.000247,172.31.36.0-255,66,18563,19,120176
17285,0.000251,172.217.194.0-255,1484,20047,19,120176
17286,0.000253,172.31.36.0-255,66,20113,19,120176
17287,0.000286,172.217.194.0-255,4320,24433,19,120176
17288,0.000293,172.31.36.0-255,66,24499,19,120176
17289,0.000301,172.217.194.0-255,6797,31296,19,120176
17290,0.000303,172.31.36.0-255,66,31362,19,120176
17291,0.000344,172.31.36.0-255,66,31428,19,120176
17292,0.000356,172.31.36.0-255,66,31494,19,120176
17293,0.000393,172.217.194.0-255,3602,35096,19,120176
17294,0.000396,172.31.36.0-255,66,35162,19,120176
17295,0.000423,172.217.194.0-255,378,35540,19,120176
17296,0.000426,172.31.36.0-255,66,35606,19,120176
17297,0.000852,172.217.194.0-255,100,35706,19,120176
17298,0.000857,172.31.36.0-255,66,35772,19,120176
17299,0.000903,172.217.194.0-255,1484,37256,19,120176
17300,0.000907,172.31.36.0-255,66,37322,19,120176
17301,0.000912,172.217.194.0-255,2902,40224,19,120176
17302,0.000914,172.31.36.0-255,66,40290,19,120176
17303,0.000952,172.217.194.0-255,7156,47446,19,120176
17304,0.000955,172.31.36.0-255,66,47512,19,120176
17305,0.00096,172.217.194.0-255,2902,50414,19,120176
17306,0.000962,172.31.36.0-255,66,50480,19,120176
17307,0.000987,172.217.194.0-255,4320,54800,19,120176
17308,0.00099,172.31.36.0-255,66,54866,19,120176
17309,0.001024,172.217.194.0-255,7156,62022,19,120176
17310,0.001027,172.31.36.0-255,66,62088,19,120176
17311,0.001061,172.217.194.0-255,7856,69944,19,120176
17312,0.001066,172.31.36.0-255,66,70010,19,120176
17313,0.001542,172.217.194.0-255,1484,71494,19,120176
17314,0.001552,172.217.194.0-255,2902,74396,19,120176
17315,0.001556,172.31.36.0-255,66,74462,19,120176
17316,0.001565,172.217.194.0-255,5738,80200,19,120176
17317,0.001567,172.31.36.0-255,66,80266,19,120176
17318,0.001627,172.217.194.0-255,8574,88840,19,120176
17319,0.00163,172.31.36.0-255,66,88906,19,120176
17320,0.001658,172.217.194.0-255,1484,90390,19,120176
17321,0.001666,172.217.194.0-255,5738,96128,19,120176
17322,0.001668,172.31.36.0-255,66,96194,19,120176
17323,0.001703,172.217.194.0-255,7856,104050,19,120176
17324,0.001705,172.31.36.0-255,66,104116,19,120176
17325,0.003995,172.217.194.0-255,5738,109854,19,120176
17326,0.004004,172.31.36.0-255,66,109920,19,120176
17327,0.00631,172.217.194.0-255,4320,114240,19,120176
17328,0.006314,172.31.36.0-255,66,114306,19,120176
17329,0.006335,172.217.194.0-255,1484,115790,19,120176
17330,0.008589,172.217.194.0-255,4320,120110,19,120176
17331,0.008595,172.31.36.0-255,66,120176,19,120176
17332,0.0,74.125.68.0-255,154,154,19,186369
17333,1.9e-05,172.31.36.0-255,66,220,19,186369
17334,2.6e-05,74.125.68.0-255,1484,1704,19,186369
17335,3.1e-05,172.31.36.0-255,66,1770,19,186369
17336,3.4e-05,74.125.68.0-255,1484,3254,19,186369
17337,4.8e-05,172.31.36.0-255,66,3320,19,186369
17338,5.5e-05,74.125.68.0-255,2902,6222,19,186369
17339,5.8e-05,172.31.36.0-255,66,6288,19,186369
17340,6.3e-05,74.125.68.0-255,2902,9190,19,186369
17341,6.6e-05,172.31.36.0-255,66,9256,19,186369
17342,0.000106,74.125.68.0-255,4320,13576,19,186369
17343,0.00011,172.31.36.0-255,66,13642,19,186369
17344,0.000115,74.125.68.0-255,2053,15695,19,186369
17345,0.000117,172.31.36.0-255,66,15761,19,186369
17346,0.00012,74.125.68.0-255,1484,17245,19,186369
17347,0.000122,172.31.36.0-255,66,17311,19,186369
17348,0.000144,74.125.68.0-255,1484,18795,19,186369
17349,0.000147,172.31.36.0-255,66,18861,19,186369
17350,0.000164,74.125.68.0-255,7156,26017,19,186369
17351,0.000167,172.31.36.0-255,66,26083,19,186369
17352,0.000175,74.125.68.0-255,2902,28985,19,186369
17353,0.000177,172.31.36.0-255,66,29051,19,186369
17354,0.000222,74.125.68.0-255,2543,31594,19,186369
17355,0.000225,172.31.36.0-255,66,31660,19,186369
17356,0.000311,74.125.68.0-255,1484,33144,19,186369
17357,0.000315,172.31.36.0-255,66,33210,19,186369
17358,0.000328,74.125.68.0-255,1484,34694,19,186369
17359,0.000335,172.31.36.0-255,66,34760,19,186369
17360,0.00034,74.125.68.0-255,2902,37662,19,186369
17361,0.000342,172.31.36.0-255,66,37728,19,186369
17362,0.000347,74.125.68.0-255,2902,40630,19,186369
17363,0.000349,172.31.36.0-255,66,40696,19,186369
17364,0.000381,74.125.68.0-255,2902,43598,19,186369
17365,0.000385,172.31.36.0-255,66,43664,19,186369
17366,0.000396,74.125.68.0-255,9992,53656,19,186369
17367,0.000398,172.31.36.0-255,66,53722,19,186369
17368,0.000442,74.125.68.0-255,5738,59460,19,186369
17369,0.000445,172.31.36.0-255,66,59526,19,186369
17370,0.000474,74.125.68.0-255,5738,65264,19,186369
17371,0.000477,172.31.36.0-255,66,65330,19,186369
17372,0.000502,74.125.68.0-255,766,66096,19,186369
17373,0.000506,74.125.68.0-255,424,66520,19,186369
17374,0.000726,74.125.68.0-255,1484,68004,19,186369
17375,0.000731,172.31.36.0-255,66,68070,19,186369
17376,0.000736,74.125.68.0-255,1484,69554,19,186369
17377,0.000758,74.125.68.0-255,1484,71038,19,186369
17378,0.000761,172.31.36.0-255,66,71104,19,186369
17379,0.000769,74.125.68.0-255,5738,76842,19,186369
17380,0.000771,172.31.36.0-255,66,76908,19,186369
17381,0.000778,74.125.68.0-255,1484,78392,19,186369
17382,0.000794,74.125.68.0-255,7156,85548,19,186369
17383,0.000797,172.31.36.0-255,66,85614,19,186369
17384,0.000824,74.125.68.0-255,2902,88516,19,186369
17385,0.000827,172.31.36.0-255,66,88582,19,186369
17386,0.000856,74.125.68.0-255,7156,95738,19,186369
17387,0.000862,172.31.36.0-255,66,95804,19,186369
17388,0.000872,74.125.68.0-255,5020,100824,19,186369
17389,0.000879,172.31.36.0-255,66,100890,19,186369
17390,0.000909,74.125.68.0-255,349,101239,19,186369
17391,0.00148,74.125.68.0-255,1484,102723,19,186369
17392,0.001485,172.31.36.0-255,66,102789,19,186369
17393,0.001492,74.125.68.0-255,2902,105691,19,186369
17394,0.001493,172.31.36.0-255,66,105757,19,186369
17395,0.001497,74.125.68.0-255,1484,107241,19,186369
17396,0.001523,74.125.68.0-255,4320,111561,19,186369
17397,0.001526,172.31.36.0-255,66,111627,19,186369
17398,0.001546,74.125.68.0-255,4320,115947,19,186369
17399,0.001548,172.31.36.0-255,66,116013,19,186369
17400,0.00158,74.125.68.0-255,8574,124587,19,186369
17401,0.001582,172.31.36.0-255,66,124653,19,186369
17402,0.001623,74.125.68.0-255,8574,133227,19,186369
17403,0.001626,172.31.36.0-255,66,133293,19,186369
17404,0.00165,74.125.68.0-255,2184,135477,19,186369
17405,0.001652,172.31.36.0-255,66,135543,19,186369
17406,0.001774,74.125.68.0-255,1484,137027,19,186369
17407,0.001793,74.125.68.0-255,1484,138511,19,186369
17408,0.001797,172.31.36.0-255,66,138577,19,186369
17409,0.001827,74.125.68.0-255,2902,141479,19,186369
17410,0.00183,172.31.36.0-255,66,141545,19,186369
17411,0.001835,74.125.68.0-255,2902,144447,19,186369
17412,0.001837,172.31.36.0-255,66,144513,19,186369
17413,0.00187,74.125.68.0-255,4320,148833,19,186369
17414,0.001873,172.31.36.0-255,66,148899,19,186369
17415,0.001881,74.125.68.0-255,7156,156055,19,186369
17416,0.001883,172.31.36.0-255,66,156121,19,186369
17417,0.001894,74.125.68.0-255,1484,157605,19,186369
17418,0.001925,74.125.68.0-255,5738,163343,19,186369
17419,0.001928,172.31.36.0-255,66,163409,19,186369
17420,0.001972,74.125.68.0-255,2902,166311,19,186369
17421,0.001976,172.31.36.0-255,66,166377,19,186369
17422,0.00203,74.125.68.0-255,1484,167861,19,186369
17423,0.002078,74.125.68.0-255,1484,169345,19,186369
17424,0.002082,172.31.36.0-255,66,169411,19,186369
17425,0.002086,74.125.68.0-255,766,170177,19,186369
17426,0.002451,172.31.36.0-255,66,170243,19,186369
17427,0.004174,74.125.68.0-255,1484,171727,19,186369
17428,0.004275,74.125.68.0-255,2902,174629,19,186369
17429,0.004281,172.31.36.0-255,66,174695,19,186369
17430,0.004645,74.125.68.0-255,1484,176179,19,186369
17431,0.00649,74.125.68.0-255,4320,180499,19,186369
17432,0.006493,172.31.36.0-255,66,180565,19,186369
17433,0.008705,74.125.68.0-255,5738,186303,19,186369
17434,0.008712,172.31.36.0-255,66,186369,19,186369
17435,0.0,172.217.194.0-255,66,66,19,66
17436,0.0,172.217.160.0-255,153,153,19,153543
17437,1.7e-05,172.31.36.0-255,66,219,19,153543
17438,2.5e-05,172.217.160.0-255,1484,1703,19,153543
17439,2.9e-05,172.31.36.0-255,66,1769,19,153543
17440,3.6e-05,172.217.160.0-255,2902,4671,19,153543
17441,4e-05,172.31.36.0-255,66,4737,19,153543
17442,4.6e-05,172.217.160.0-255,4320,9057,19,153543
17443,4.9e-05,172.31.36.0-255,66,9123,19,153543
17444,7.7e-05,172.217.160.0-255,4320,13443,19,153543
17445,7.9e-05,172.31.36.0-255,66,13509,19,153543
17446,0.000104,172.217.160.0-255,4851,18360,19,153543
17447,0.000107,172.31.36.0-255,66,18426,19,153543
17448,0.000117,172.217.160.0-255,9992,28418,19,153543
17449,0.00012,172.31.36.0-255,66,28484,19,153543
17450,0.000182,172.31.36.0-255,66,28550,19,153543
17451,0.000189,172.217.160.0-255,5738,34288,19,153543
17452,0.000191,172.31.36.0-255,66,34354,19,153543
17453,0.000199,172.217.160.0-255,7156,41510,19,153543
17454,0.000202,172.31.36.0-255,66,41576,19,153543
17455,0.000229,172.217.160.0-255,3961,45537,19,153543
17456,0.000231,172.31.36.0-255,66,45603,19,153543
17457,0.000336,172.217.160.0-255,335,45938,19,153543
17458,0.00034,172.31.36.0-255,66,46004,19,153543
17459,0.000926,172.217.160.0-255,122,46126,19,153543
17460,0.000931,172.31.36.0-255,66,46192,19,153543
17461,0.001054,172.217.160.0-255,1484,47676,19,153543
17462,0.001058,172.31.36.0-255,66,47742,19,153543
17463,0.001064,172.217.160.0-255,2902,50644,19,153543
17464,0.001067,172.31.36.0-255,66,50710,19,153543
17465,0.001073,172.217.160.0-255,4320,55030,19,153543
17466,0.001076,172.31.36.0-255,66,55096,19,153543
17467,0.001103,172.217.160.0-255,1484,56580,19,153543
17468,0.001111,172.217.160.0-255,5738,62318,19,153543
17469,0.001133,172.217.160.0-255,4320,66638,19,153543
17470,0.001141,172.31.36.0-255,66,66704,19,153543
17471,0.001155,172.217.160.0-255,9633,76337,19,153543
17472,0.00116,172.217.160.0-255,3961,80298,19,153543
17473,0.00117,172.31.36.0-255,66,80364,19,153543
17474,0.00133,172.217.160.0-255,1484,81848,19,153543
17475,0.001336,172.217.160.0-255,2902,84750,19,153543
17476,0.00134,172.31.36.0-255,66,84816,19,153543
17477,0.001359,172.217.160.0-255,1484,86300,19,153543
17478,0.001364,172.217.160.0-255,2902,89202,19,153543
17479,0.00137,172.217.160.0-255,5738,94940,19,153543
17480,0.001389,172.31.36.0-255,66,95006,19,153543
17481,0.001406,172.217.160.0-255,5738,100744,19,153543
17482,0.001413,172.31.36.0-255,66,100810,19,153543
17483,0.001423,172.217.160.0-255,766,101576,19,153543
17484,0.001452,172.217.160.0-255,1484,103060,19,153543
17485,0.001464,172.217.160.0-255,1484,104544,19,153543
17486,0.001475,172.217.160.0-255,1484,106028,19,153543
17487,0.001481,172.217.160.0-255,5738,111766,19,153543
17488,0.001486,172.31.36.0-255,66,111832,19,153543
17489,0.001508,172.217.160.0-255,5738,117570,19,153543
17490,0.001526,172.217.160.0-255,5738,123308,19,153543
17491,0.001531,172.217.160.0-255,2902,126210,19,153543
17492,0.001543,172.31.36.0-255,66,126276,19,153543
17493,0.001553,172.217.160.0-255,9274,135550,19,153543
17494,0.001562,172.217.160.0-255,383,135933,19,153543
17495,0.001565,172.31.36.0-255,66,135999,19,153543
17496,0.002127,172.31.36.0-255,66,136065,19,153543
17497,0.003443,172.217.160.0-255,4320,140385,19,153543
17498,0.003997,172.217.160.0-255,1484,141869,19,153543
17499,0.005978,172.31.36.0-255,66,141935,19,153543
17500,0.007863,172.217.160.0-255,5738,147673,19,153543
17501,0.0079,172.31.36.0-255,66,147739,19,153543
17502,0.009782,172.217.160.0-255,5738,153477,19,153543
17503,0.009789,172.31.36.0-255,66,153543,19,153543
17504,0.0,172.31.36.0-255,66,66,19,66
17505,0.0,172.217.194.0-255,143,143,19,182640
17506,2.4e-05,172.31.36.0-255,66,209,19,182640
17507,3.2e-05,172.217.194.0-255,1484,1693,19,182640
17508,3.7e-05,172.31.36.0-255,66,1759,19,182640
17509,5.1e-05,172.217.194.0-255,2902,4661,19,182640
17510,5.5e-05,172.31.36.0-255,66,4727,19,182640
17511,6e-05,172.217.194.0-255,2902,7629,19,182640
17512,6.3e-05,172.31.36.0-255,66,7695,19,182640
17513,9.6e-05,172.217.194.0-255,4320,12015,19,182640
17514,0.0001,172.31.36.0-255,66,12081,19,182640
17515,0.000104,172.217.194.0-255,2090,14171,19,182640
17516,0.000107,172.31.36.0-255,66,14237,19,182640
17517,0.000146,172.31.36.0-255,66,14303,19,182640
17518,0.00017,172.217.194.0-255,1484,15787,19,182640
17519,0.000173,172.31.36.0-255,66,15853,19,182640
17520,0.000197,172.217.194.0-255,3961,19814,19,182640
17521,0.0002,172.31.36.0-255,66,19880,19,182640
17522,0.00028,172.217.194.0-255,1484,21364,19,182640
17523,0.000283,172.31.36.0-255,66,21430,19,182640
17524,0.000289,172.217.194.0-255,2902,24332,19,182640
17525,0.000291,172.31.36.0-255,66,24398,19,182640
17526,0.000324,172.217.194.0-255,5738,30136,19,182640
17527,0.000327,172.31.36.0-255,66,30202,19,182640
17528,0.000334,172.217.194.0-255,5738,35940,19,182640
17529,0.000336,172.31.36.0-255,66,36006,19,182640
17530,0.000365,172.217.194.0-255,1125,37131,19,182640
17531,0.000368,172.31.36.0-255,66,37197,19,182640
17532,0.000376,172.217.194.0-255,7156,44353,19,182640
17533,0.000379,172.31.36.0-255,66,44419,19,182640
17534,0.000386,172.217.194.0-255,7156,51575,19,182640
17535,0.000389,172.31.36.0-255,66,51641,19,182640
17536,0.000426,172.217.194.0-255,2543,54184,19,182640
17537,0.000429,172.31.36.0-255,66,54250,19,182640
17538,0.000844,172.217.194.0-255,646,54896,19,182640
17539,0.000965,172.217.194.0-255,1484,56380,19,182640
17540,0.000969,172.31.36.0-255,66,56446,19,182640
17541,0.000976,172.217.194.0-255,2902,59348,19,182640
17542,0.000979,172.31.36.0-255,66,59414,19,182640
17543,0.000987,172.217.194.0-255,1484,60898,19,182640
17544,0.001012,172.217.194.0-255,4320,65218,19,182640
17545,0.001014,172.31.36.0-255,66,65284,19,182640
17546,0.001022,172.217.194.0-255,7156,72440,19,182640
17547,0.001024,172.31.36.0-255,66,72506,19,182640
17548,0.001051,172.217.194.0-255,1484,73990,19,182640
17549,0.001079,172.31.36.0-255,66,74056,19,182640
17550,0.001084,172.217.194.0-255,2184,76240,19,182640
17551,0.001087,172.31.36.0-255,66,76306,19,182640
17552,0.001141,172.217.194.0-255,1484,77790,19,182640
17553,0.001159,172.217.194.0-255,2902,80692,19,182640
17554,0.001162,172.31.36.0-255,66,80758,19,182640
17555,0.00119,172.217.194.0-255,5738,86496,19,182640
17556,0.001193,172.31.36.0-255,66,86562,19,182640
17557,0.001242,172.217.194.0-255,5738,92300,19,182640
17558,0.001246,172.31.36.0-255,66,92366,19,182640
17559,0.001272,172.217.194.0-255,4320,96686,19,182640
17560,0.001275,172.31.36.0-255,66,96752,19,182640
17561,0.001285,172.217.194.0-255,9992,106744,19,182640
17562,0.001287,172.31.36.0-255,66,106810,19,182640
17563,0.001312,172.217.194.0-255,1484,108294,19,182640
17564,0.001317,172.217.194.0-255,2184,110478,19,182640
17565,0.001319,172.31.36.0-255,66,110544,19,182640
17566,0.001346,172.217.194.0-255,4320,114864,19,182640
17567,0.001348,172.31.36.0-255,66,114930,19,182640
17568,0.001355,172.217.194.0-255,5738,120668,19,182640
17569,0.001357,172.31.36.0-255,66,120734,19,182640
17570,0.001391,172.217.194.0-255,9992,130726,19,182640
17571,0.001394,172.31.36.0-255,66,130792,19,182640
17572,0.001414,172.217.194.0-255,1484,132276,19,182640
17573,0.00142,172.217.194.0-255,4320,136596,19,182640
17574,0.001422,172.31.36.0-255,66,136662,19,182640
17575,0.001448,172.217.194.0-255,1484,138146,19,182640
17576,0.001468,172.217.194.0-255,6438,144584,19,182640
17577,0.001471,172.31.36.0-255,66,144650,19,182640
17578,0.002268,172.217.194.0-255,1484,146134,19,182640
17579,0.002285,172.217.194.0-255,2902,149036,19,182640
17580,0.002291,172.217.194.0-255,5738,154774,19,182640
17581,0.002296,172.31.36.0-255,66,154840,19,182640
17582,0.002304,172.31.36.0-255,66,154906,19,182640
17583,0.002307,172.217.194.0-255,1484,156390,19,182640
17584,0.002328,172.217.194.0-255,4320,160710,19,182640
17585,0.002334,172.31.36.0-255,66,160776,19,182640
17586,0.002368,172.217.194.0-255,4320,165096,19,182640
17587,0.002371,172.31.36.0-255,66,165162,19,182640
17588,0.002385,172.31.36.0-255,66,165228,19,182640
17589,0.004725,172.217.194.0-255,5738,170966,19,182640
17590,0.004732,172.31.36.0-255,66,171032,19,182640
17591,0.007099,172.217.194.0-255,5738,176770,19,182640
17592,0.007105,172.31.36.0-255,66,176836,19,182640
17593,0.009463,172.217.194.0-255,5738,182574,19,182640
17594,0.00947,172.31.36.0-255,66,182640,19,182640
17595,0.0,172.217.27.0-255,296,296,19,161318
17596,3.2e-05,172.31.36.0-255,66,362,19,161318
17597,3.9e-05,172.217.27.0-255,1484,1846,19,161318
17598,4.3e-05,172.31.36.0-255,66,1912,19,161318
17599,4.8e-05,172.217.27.0-255,2902,4814,19,161318
17600,5.1e-05,172.31.36.0-255,66,4880,19,161318
17601,5.6e-05,172.217.27.0-255,5738,10618,19,161318
17602,5.9e-05,172.31.36.0-255,66,10684,19,161318
17603,8.5e-05,172.217.27.0-255,8574,19258,19,161318
17604,8.7e-05,172.31.36.0-255,66,19324,19,161318
17605,0.00011,172.217.27.0-255,4704,24028,19,161318
17606,0.000112,172.31.36.0-255,66,24094,19,161318
17607,0.000132,172.217.27.0-255,6797,30891,19,161318
17608,0.000136,172.31.36.0-255,66,30957,19,161318
17609,0.000204,172.217.27.0-255,1484,32441,19,161318
17610,0.000207,172.31.36.0-255,66,32507,19,161318
17611,0.000213,172.217.27.0-255,2902,35409,19,161318
17612,0.000215,172.31.36.0-255,66,35475,19,161318
17613,0.000219,172.217.27.0-255,2902,38377,19,161318
17614,0.000222,172.31.36.0-255,66,38443,19,161318
17615,0.000226,172.217.27.0-255,2902,41345,19,161318
17616,0.000228,172.31.36.0-255,66,41411,19,161318
17617,0.000239,172.217.27.0-255,1484,42895,19,161318
17618,0.000242,172.31.36.0-255,66,42961,19,161318
17619,0.000245,172.217.27.0-255,1484,44445,19,161318
17620,0.000248,172.31.36.0-255,66,44511,19,161318
17621,0.000282,172.217.27.0-255,8215,52726,19,161318
17622,0.000285,172.31.36.0-255,66,52792,19,161318
17623,0.000291,172.217.27.0-255,5738,58530,19,161318
17624,0.000293,172.31.36.0-255,66,58596,19,161318
17625,0.0003,172.217.27.0-255,6797,65393,19,161318
17626,0.000303,172.31.36.0-255,66,65459,19,161318
17627,0.000306,172.217.27.0-255,390,65849,19,161318
17628,0.000732,172.217.27.0-255,120,65969,19,161318
17629,0.000821,172.31.36.0-255,66,66035,19,161318
17630,0.000868,172.217.27.0-255,1484,67519,19,161318
17631,0.000872,172.217.27.0-255,1484,69003,19,161318
17632,0.000875,172.31.36.0-255,66,69069,19,161318
17633,0.000885,172.217.27.0-255,1484,70553,19,161318
17634,0.000891,172.217.27.0-255,4320,74873,19,161318
17635,0.000893,172.31.36.0-255,66,74939,19,161318
17636,0.000914,172.217.27.0-255,1484,76423,19,161318
17637,0.000918,172.217.27.0-255,1484,77907,19,161318
17638,0.00092,172.31.36.0-255,66,77973,19,161318
17639,0.00095,172.31.36.0-255,66,78039,19,161318
17640,0.000957,172.217.27.0-255,7156,85195,19,161318
17641,0.000959,172.31.36.0-255,66,85261,19,161318
17642,0.000981,172.217.27.0-255,2543,87804,19,161318
17643,0.000984,172.31.36.0-255,66,87870,19,161318
17644,0.00158,172.217.27.0-255,1484,89354,19,161318
17645,0.00159,172.217.27.0-255,2902,92256,19,161318
17646,0.001595,172.31.36.0-255,66,92322,19,161318
17647,0.001602,172.217.27.0-255,5738,98060,19,161318
17648,0.001605,172.31.36.0-255,66,98126,19,161318
17649,0.001612,172.217.27.0-255,7156,105282,19,161318
17650,0.001614,172.31.36.0-255,66,105348,19,161318
17651,0.001619,172.217.27.0-255,2902,108250,19,161318
17652,0.001621,172.31.36.0-255,66,108316,19,161318
17653,0.001639,172.217.27.0-255,5738,114054,19,161318
17654,0.001641,172.31.36.0-255,66,114120,19,161318
17655,0.001657,172.217.27.0-255,1484,115604,19,161318
17656,0.001676,172.217.27.0-255,6438,122042,19,161318
17657,0.001678,172.31.36.0-255,66,122108,19,161318
17658,0.001687,172.217.27.0-255,8574,130682,19,161318
17659,0.00169,172.31.36.0-255,66,130748,19,161318
17660,0.001693,172.217.27.0-255,1484,132232,19,161318
17661,0.001725,172.217.27.0-255,7156,139388,19,161318
17662,0.001728,172.31.36.0-255,66,139454,19,161318
17663,0.003376,172.217.27.0-255,5738,145192,19,161318
17664,0.003382,172.31.36.0-255,66,145258,19,161318
17665,0.00504,172.217.27.0-255,4320,149578,19,161318
17666,0.005042,172.31.36.0-255,66,149644,19,161318
17667,0.005058,172.217.27.0-255,1484,151128,19,161318
17668,0.00669,172.217.27.0-255,4320,155448,19,161318
17669,0.006697,172.31.36.0-255,66,155514,19,161318
17670,0.008357,172.217.27.0-255,5738,161252,19,161318
17671,0.008364,172.31.36.0-255,66,161318,19,161318
17672,0.0,74.125.68.0-255,143,143,19,307738
17673,2.9e-05,172.31.36.0-255,66,209,19,307738
17674,3.6e-05,74.125.68.0-255,1484,1693,19,307738
17675,3.9e-05,172.31.36.0-255,66,1759,19,307738
17676,4.4e-05,74.125.68.0-255,2902,4661,19,307738
17677,4.6e-05,172.31.36.0-255,66,4727,19,307738
17678,5.1e-05,74.125.68.0-255,2902,7629,19,307738
17679,5.4e-05,172.31.36.0-255,66,7695,19,307738
17680,7.3e-05,74.125.68.0-255,2902,10597,19,307738
17681,7.5e-05,172.31.36.0-255,66,10663,19,307738
17682,8.1e-05,74.125.68.0-255,3472,14135,19,307738
17683,8.3e-05,172.31.36.0-255,66,14201,19,307738
17684,9.8e-05,74.125.68.0-255,1484,15685,19,307738
17685,0.0001,172.31.36.0-255,66,15751,19,307738
17686,0.000127,74.125.68.0-255,2902,18653,19,307738
17687,0.000131,172.31.36.0-255,66,18719,19,307738
17688,0.000137,74.125.68.0-255,4320,23039,19,307738
17689,0.000139,172.31.36.0-255,66,23105,19,307738
17690,0.000145,74.125.68.0-255,5738,28843,19,307738
17691,0.000147,172.31.36.0-255,66,28909,19,307738
17692,0.000167,74.125.68.0-255,5738,34647,19,307738
17693,0.000169,172.31.36.0-255,66,34713,19,307738
17694,0.000197,74.125.68.0-255,5738,40451,19,307738
17695,0.0002,172.31.36.0-255,66,40517,19,307738
17696,0.000204,74.125.68.0-255,4320,44837,19,307738
17697,0.000207,172.31.36.0-255,66,44903,19,307738
17698,0.000238,74.125.68.0-255,1484,46387,19,307738
17699,0.00024,172.31.36.0-255,66,46453,19,307738
17700,0.00026,74.125.68.0-255,2184,48637,19,307738
17701,0.000263,172.31.36.0-255,66,48703,19,307738
17702,0.000838,74.125.68.0-255,1484,50187,19,307738
17703,0.000844,172.31.36.0-255,66,50253,19,307738
17704,0.00085,74.125.68.0-255,2902,53155,19,307738
17705,0.000852,172.31.36.0-255,66,53221,19,307738
17706,0.00088,74.125.68.0-255,5738,58959,19,307738
17707,0.000883,172.31.36.0-255,66,59025,19,307738
17708,0.000887,74.125.68.0-255,1484,60509,19,307738
17709,0.000906,74.125.68.0-255,5379,65888,19,307738
17710,0.00091,172.31.36.0-255,66,65954,19,307738
17711,0.001009,74.125.68.0-255,1484,67438,19,307738
17712,0.001014,74.125.68.0-255,1484,68922,19,307738
17713,0.001017,172.31.36.0-255,66,68988,19,307738
17714,0.001031,74.125.68.0-255,1484,70472,19,307738
17715,0.001034,74.125.68.0-255,1484,71956,19,307738
17716,0.001036,172.31.36.0-255,66,72022,19,307738
17717,0.001059,74.125.68.0-255,4320,76342,19,307738
17718,0.001061,172.31.36.0-255,66,76408,19,307738
17719,0.001066,74.125.68.0-255,2902,79310,19,307738
17720,0.001068,172.31.36.0-255,66,79376,19,307738
17721,0.001089,74.125.68.0-255,4320,83696,19,307738
17722,0.001092,172.31.36.0-255,66,83762,19,307738
17723,0.001096,74.125.68.0-255,1484,85246,19,307738
17724,0.001127,172.31.36.0-255,66,85312,19,307738
17725,0.001171,74.125.68.0-255,2184,87496,19,307738
17726,0.001176,172.31.36.0-255,66,87562,19,307738
17727,0.001308,74.125.68.0-255,1484,89046,19,307738
17728,0.001314,74.125.68.0-255,2902,91948,19,307738
17729,0.001317,172.31.36.0-255,66,92014,19,307738
17730,0.001337,74.125.68.0-255,5738,97752,19,307738
17731,0.001339,172.31.36.0-255,66,97818,19,307738
17732,0.001358,74.125.68.0-255,4320,102138,19,307738
17733,0.00136,172.31.36.0-255,66,102204,19,307738
17734,0.001364,74.125.68.0-255,2902,105106,19,307738
17735,0.001366,172.31.36.0-255,66,105172,19,307738
17736,0.001381,74.125.68.0-255,2902,108074,19,307738
17737,0.001383,172.31.36.0-255,66,108140,19,307738
17738,0.001386,74.125.68.0-255,1484,109624,19,307738
17739,0.001407,74.125.68.0-255,9992,119616,19,307738
17740,0.00141,172.31.36.0-255,66,119682,19,307738
17741,0.001414,74.125.68.0-255,2184,121866,19,307738
17742,0.001415,172.31.36.0-255,66,121932,19,307738
17743,0.001458,74.125.68.0-255,4320,126252,19,307738
17744,0.001461,172.31.36.0-255,66,126318,19,307738
17745,0.001488,172.31.36.0-255,66,126384,19,307738
17746,0.001494,74.125.68.0-255,5738,132122,19,307738
17747,0.001496,172.31.36.0-255,66,132188,19,307738
17748,0.001524,172.31.36.0-255,66,132254,19,307738
17749,0.001526,74.125.68.0-255,766,133020,19,307738
17750,0.001556,74.125.68.0-255,1484,134504,19,307738
17751,0.001558,172.31.36.0-255,66,134570,19,307738
17752,0.001572,74.125.68.0-255,2902,137472,19,307738
17753,0.001575,172.31.36.0-255,66,137538,19,307738
17754,0.001594,74.125.68.0-255,4320,141858,19,307738
17755,0.001596,172.31.36.0-255,66,141924,19,307738
17756,0.001616,74.125.68.0-255,1484,143408,19,307738
17757,0.00162,74.125.68.0-255,4320,147728,19,307738
17758,0.001622,172.31.36.0-255,66,147794,19,307738
17759,0.001628,74.125.68.0-255,5738,153532,19,307738
17760,0.001632,172.31.36.0-255,66,153598,19,307738
17761,0.001634,74.125.68.0-255,1484,155082,19,307738
17762,0.001661,74.125.68.0-255,9992,165074,19,307738
17763,0.001663,172.31.36.0-255,66,165140,19,307738
17764,0.001667,74.125.68.0-255,2184,167324,19,307738
17765,0.001669,172.31.36.0-255,66,167390,19,307738
17766,0.001732,74.125.68.0-255,1484,168874,19,307738
17767,0.001752,74.125.68.0-255,1484,170358,19,307738
17768,0.00177,74.125.68.0-255,2902,173260,19,307738
17769,0.001783,74.125.68.0-255,4320,177580,19,307738
17770,0.001792,74.125.68.0-255,1484,179064,19,307738
17771,0.001816,74.125.68.0-255,4320,183384,19,307738
17772,0.001832,74.125.68.0-255,5738,189122,19,307738
17773,0.001843,74.125.68.0-255,2902,192024,19,307738
17774,0.001865,74.125.68.0-255,8574,200598,19,307738
17775,0.001867,74.125.68.0-255,766,201364,19,307738
17776,0.001926,74.125.68.0-255,1484,202848,19,307738
17777,0.00194,74.125.68.0-255,1484,204332,19,307738
17778,0.001949,74.125.68.0-255,1484,205816,19,307738
17779,0.001954,74.125.68.0-255,4320,210136,19,307738
17780,0.001968,74.125.68.0-255,1484,211620,19,307738
17781,0.001971,74.125.68.0-255,2902,214522,19,307738
17782,0.001992,74.125.68.0-255,2902,217424,19,307738
17783,0.002013,74.125.68.0-255,7156,224580,19,307738
17784,0.002034,74.125.68.0-255,9992,234572,19,307738
17785,0.002049,74.125.68.0-255,766,235338,19,307738
17786,0.002085,74.125.68.0-255,1484,236822,19,307738
17787,0.002096,74.125.68.0-255,2902,239724,19,307738
17788,0.002109,74.125.68.0-255,2902,242626,19,307738
17789,0.002126,74.125.68.0-255,1484,244110,19,307738
17790,0.002132,74.125.68.0-255,5738,249848,19,307738
17791,0.002201,74.125.68.0-255,2902,252750,19,307738
17792,0.002239,74.125.68.0-255,5020,257770,19,307738
17793,0.002265,74.125.68.0-255,5738,263508,19,307738
17794,0.002281,74.125.68.0-255,2902,266410,19,307738
17795,0.002286,74.125.68.0-255,4320,270730,19,307738
17796,0.002314,74.125.68.0-255,8574,279304,19,307738
17797,0.002338,74.125.68.0-255,5738,285042,19,307738
17798,0.002342,74.125.68.0-255,4320,289362,19,307738
17799,0.00236,74.125.68.0-255,2184,291546,19,307738
17800,0.002529,74.125.68.0-255,1484,293030,19,307738
17801,0.002534,74.125.68.0-255,2902,295932,19,307738
17802,0.00255,74.125.68.0-255,1484,297416,19,307738
17803,0.004706,172.31.36.0-255,66,297482,19,307738
17804,0.007253,74.125.68.0-255,4320,301802,19,307738
17805,0.007259,172.31.36.0-255,66,301868,19,307738
17806,0.007274,74.125.68.0-255,1484,303352,19,307738
17807,0.009776,74.125.68.0-255,4320,307672,19,307738
17808,0.009783,172.31.36.0-255,66,307738,19,307738
17809,0.0,172.217.194.0-255,226,226,19,54395
17810,2.1e-05,172.31.36.0-255,66,292,19,54395
17811,2.8e-05,172.217.194.0-255,1484,1776,19,54395
17812,3.2e-05,172.31.36.0-255,66,1842,19,54395
17813,6.4e-05,172.217.194.0-255,4320,6162,19,54395
17814,6.7e-05,172.31.36.0-255,66,6228,19,54395
17815,0.000205,172.217.194.0-255,7700,13928,19,54395
17816,0.000211,172.31.36.0-255,66,13994,19,54395
17817,0.000492,172.217.194.0-255,8574,22568,19,54395
17818,0.000499,172.31.36.0-255,66,22634,19,54395
17819,0.000803,172.217.194.0-255,8215,30849,19,54395
17820,0.00081,172.31.36.0-255,66,30915,19,54395
17821,0.002856,172.217.194.0-255,5738,36653,19,54395
17822,0.002865,172.31.36.0-255,66,36719,19,54395
17823,0.004847,172.217.194.0-255,5738,42457,19,54395
17824,0.004854,172.31.36.0-255,66,42523,19,54395
17825,0.006858,172.217.194.0-255,2902,45425,19,54395
17826,0.006867,172.31.36.0-255,66,45491,19,54395
17827,0.006903,172.217.194.0-255,2902,48393,19,54395
17828,0.006906,172.31.36.0-255,66,48459,19,54395
17829,0.008909,172.217.194.0-255,2902,51361,19,54395
17830,0.008918,172.31.36.0-255,66,51427,19,54395
17831,0.008953,172.217.194.0-255,2902,54329,19,54395
17832,0.008956,172.31.36.0-255,66,54395,19,54395
17833,0.0,74.125.24.0-255,147,147,19,128251
17834,2.8e-05,172.31.36.0-255,66,213,19,128251
17835,3.6e-05,74.125.24.0-255,1484,1697,19,128251
17836,4.2e-05,172.31.36.0-255,66,1763,19,128251
17837,4.8e-05,74.125.24.0-255,2902,4665,19,128251
17838,5.2e-05,172.31.36.0-255,66,4731,19,128251
17839,5.9e-05,74.125.24.0-255,7156,11887,19,128251
17840,6.3e-05,172.31.36.0-255,66,11953,19,128251
17841,6.7e-05,74.125.24.0-255,2064,14017,19,128251
17842,7e-05,172.31.36.0-255,66,14083,19,128251
17843,0.000175,74.125.24.0-255,1484,15567,19,128251
17844,0.000178,172.31.36.0-255,66,15633,19,128251
17845,0.000184,74.125.24.0-255,2902,18535,19,128251
17846,0.000186,172.31.36.0-255,66,18601,19,128251
17847,0.000216,74.125.24.0-255,5738,24339,19,128251
17848,0.000219,172.31.36.0-255,66,24405,19,128251
17849,0.000222,74.125.24.0-255,1484,25889,19,128251
17850,0.000224,172.31.36.0-255,66,25955,19,128251
17851,0.000249,74.125.24.0-255,9633,35588,19,128251
17852,0.000252,172.31.36.0-255,66,35654,19,128251
17853,0.000259,74.125.24.0-255,5738,41392,19,128251
17854,0.000262,172.31.36.0-255,66,41458,19,128251
17855,0.000292,74.125.24.0-255,9992,51450,19,128251
17856,0.000295,172.31.36.0-255,66,51516,19,128251
17857,0.000321,172.31.36.0-255,66,51582,19,128251
17858,0.000334,74.125.24.0-255,766,52348,19,128251
17859,0.000337,172.31.36.0-255,66,52414,19,128251
17860,0.000371,74.125.24.0-255,401,52815,19,128251
17861,0.000373,172.31.36.0-255,66,52881,19,128251
17862,0.000474,74.125.24.0-255,372,53253,19,128251
17863,0.000477,172.31.36.0-255,66,53319,19,128251
17864,0.000798,74.125.24.0-255,1484,54803,19,128251
17865,0.000816,74.125.24.0-255,2902,57705,19,128251
17866,0.00082,172.31.36.0-255,66,57771,19,128251
17867,0.000824,74.125.24.0-255,1484,59255,19,128251
17868,0.000844,74.125.24.0-255,4320,63575,19,128251
17869,0.000847,172.31.36.0-255,66,63641,19,128251
17870,0.000851,74.125.24.0-255,2902,66543,19,128251
17871,0.000854,172.31.36.0-255,66,66609,19,128251
17872,0.000873,74.125.24.0-255,8574,75183,19,128251
17873,0.000876,172.31.36.0-255,66,75249,19,128251
17874,0.00088,74.125.24.0-255,1484,76733,19,128251
17875,0.00091,74.125.24.0-255,10692,87425,19,128251
17876,0.000914,172.31.36.0-255,66,87491,19,128251
17877,0.00189,74.125.24.0-255,1484,88975,19,128251
17878,0.001897,74.125.24.0-255,2902,91877,19,128251
17879,0.001903,172.31.36.0-255,66,91943,19,128251
17880,0.001919,74.125.24.0-255,5738,97681,19,128251
17881,0.001921,172.31.36.0-255,66,97747,19,128251
17882,0.001951,74.125.24.0-255,7156,104903,19,128251
17883,0.001955,172.31.36.0-255,66,104969,19,128251
17884,0.002005,172.31.36.0-255,66,105035,19,128251
17885,0.00394,74.125.24.0-255,5738,110773,19,128251
17886,0.003947,172.31.36.0-255,66,110839,19,128251
17887,0.005879,74.125.24.0-255,5738,116577,19,128251
17888,0.005883,172.31.36.0-255,66,116643,19,128251
17889,0.00785,74.125.24.0-255,5738,122381,19,128251
17890,0.007856,172.31.36.0-255,66,122447,19,128251
17891,0.009793,74.125.24.0-255,5738,128185,19,128251
17892,0.009802,172.31.36.0-255,66,128251,19,128251
17893,0.0,74.125.200.0-255,146,146,19,111769
17894,2.9e-05,172.31.36.0-255,66,212,19,111769
17895,3.6e-05,74.125.200.0-255,1484,1696,19,111769
17896,4.1e-05,172.31.36.0-255,66,1762,19,111769
17897,5.3e-05,74.125.200.0-255,2902,4664,19,111769
17898,5.6e-05,172.31.36.0-255,66,4730,19,111769
17899,6e-05,74.125.200.0-255,1484,6214,19,111769
17900,6.2e-05,172.31.36.0-255,66,6280,19,111769
17901,6.7e-05,74.125.200.0-255,2902,9182,19,111769
17902,6.9e-05,172.31.36.0-255,66,9248,19,111769
17903,0.00013,74.125.200.0-255,4869,14117,19,111769
17904,0.000134,172.31.36.0-255,66,14183,19,111769
17905,0.000221,74.125.200.0-255,1484,15667,19,111769
17906,0.000225,172.31.36.0-255,66,15733,19,111769
17907,0.00023,74.125.200.0-255,2902,18635,19,111769
17908,0.000232,172.31.36.0-255,66,18701,19,111769
17909,0.000264,74.125.200.0-255,4320,23021,19,111769
17910,0.000267,172.31.36.0-255,66,23087,19,111769
17911,0.000275,74.125.200.0-255,5738,28825,19,111769
17912,0.000276,172.31.36.0-255,66,28891,19,111769
17913,0.000299,74.125.200.0-255,3961,32852,19,111769
17914,0.000302,172.31.36.0-255,66,32918,19,111769
17915,0.00033,74.125.200.0-255,4320,37238,19,111769
17916,0.000334,172.31.36.0-255,66,37304,19,111769
17917,0.000358,74.125.200.0-255,5738,43042,19,111769
17918,0.000362,172.31.36.0-255,66,43108,19,111769
17919,0.00039,74.125.200.0-255,4320,47428,19,111769
17920,0.000393,172.31.36.0-255,66,47494,19,111769
17921,0.000396,74.125.200.0-255,1125,48619,19,111769
17922,0.000398,172.31.36.0-255,66,48685,19,111769
17923,0.000446,74.125.200.0-255,1484,50169,19,111769
17924,0.000449,172.31.36.0-255,66,50235,19,111769
17925,0.000453,74.125.200.0-255,1484,51719,19,111769
17926,0.000459,74.125.200.0-255,2902,54621,19,111769
17927,0.000461,172.31.36.0-255,66,54687,19,111769
17928,0.00047,74.125.200.0-255,1484,56171,19,111769
17929,0.000494,74.125.200.0-255,4320,60491,19,111769
17930,0.000497,172.31.36.0-255,66,60557,19,111769
17931,0.000501,74.125.200.0-255,1484,62041,19,111769
17932,0.000528,74.125.200.0-255,3961,66002,19,111769
17933,0.000531,172.31.36.0-255,66,66068,19,111769
17934,0.000534,74.125.200.0-255,409,66477,19,111769
17935,0.000807,172.31.36.0-255,66,66543,19,111769
17936,0.001032,74.125.200.0-255,336,66879,19,111769
17937,0.001543,74.125.200.0-255,1484,68363,19,111769
17938,0.001549,172.31.36.0-255,66,68429,19,111769
17939,0.001556,74.125.200.0-255,2902,71331,19,111769
17940,0.001557,172.31.36.0-255,66,71397,19,111769
17941,0.001563,74.125.200.0-255,4320,75717,19,111769
17942,0.001565,172.31.36.0-255,66,75783,19,111769
17943,0.001591,74.125.200.0-255,1484,77267,19,111769
17944,0.001598,74.125.200.0-255,7156,84423,19,111769
17945,0.0016,172.31.36.0-255,66,84489,19,111769
17946,0.001633,172.31.36.0-255,66,84555,19,111769
17947,0.001636,74.125.200.0-255,2184,86739,19,111769
17948,0.001638,172.31.36.0-255,66,86805,19,111769
17949,0.002318,74.125.200.0-255,1484,88289,19,111769
17950,0.002329,74.125.200.0-255,1484,89773,19,111769
17951,0.002331,172.31.36.0-255,66,89839,19,111769
17952,0.002348,74.125.200.0-255,1484,91323,19,111769
17953,0.002363,74.125.200.0-255,2902,94225,19,111769
17954,0.002365,172.31.36.0-255,66,94291,19,111769
17955,0.00239,74.125.200.0-255,1484,95775,19,111769
17956,0.004671,74.125.200.0-255,4320,100095,19,111769
17957,0.004676,172.31.36.0-255,66,100161,19,111769
17958,0.006995,74.125.200.0-255,5738,105899,19,111769
17959,0.007001,172.31.36.0-255,66,105965,19,111769
17960,0.009323,74.125.200.0-255,5738,111703,19,111769
17961,0.00933,172.31.36.0-255,66,111769,19,111769
17962,0.0,74.125.130.0-255,153,153,19,135173
17963,3.2e-05,172.31.36.0-255,66,219,19,135173
17964,4e-05,74.125.130.0-255,1484,1703,19,135173
17965,4.4e-05,172.31.36.0-255,66,1769,19,135173
17966,4.7e-05,74.125.130.0-255,1484,3253,19,135173
17967,5e-05,172.31.36.0-255,66,3319,19,135173
17968,6.5e-05,74.125.130.0-255,1484,4803,19,135173
17969,6.7e-05,172.31.36.0-255,66,4869,19,135173
17970,7.4e-05,74.125.130.0-255,5738,10607,19,135173
17971,7.7e-05,172.31.36.0-255,66,10673,19,135173
17972,8.2e-05,74.125.130.0-255,3528,14201,19,135173
17973,8.5e-05,172.31.36.0-255,66,14267,19,135173
17974,0.000145,74.125.130.0-255,1484,15751,19,135173
17975,0.000149,172.31.36.0-255,66,15817,19,135173
17976,0.000169,74.125.130.0-255,2902,18719,19,135173
17977,0.000172,172.31.36.0-255,66,18785,19,135173
17978,0.000181,74.125.130.0-255,5738,24523,19,135173
17979,0.000184,172.31.36.0-255,66,24589,19,135173
17980,0.000187,74.125.130.0-255,2902,27491,19,135173
17981,0.000189,172.31.36.0-255,66,27557,19,135173
17982,0.000237,74.125.130.0-255,3961,31518,19,135173
17983,0.00024,172.31.36.0-255,66,31584,19,135173
17984,0.000427,74.125.130.0-255,1484,33068,19,135173
17985,0.000431,172.31.36.0-255,66,33134,19,135173
17986,0.000466,74.125.130.0-255,2902,36036,19,135173
17987,0.00047,172.31.36.0-255,66,36102,19,135173
17988,0.000476,74.125.130.0-255,5738,41840,19,135173
17989,0.000479,172.31.36.0-255,66,41906,19,135173
17990,0.000482,74.125.130.0-255,1484,43390,19,135173
17991,0.000484,172.31.36.0-255,66,43456,19,135173
17992,0.000488,74.125.130.0-255,2902,46358,19,135173
17993,0.00049,172.31.36.0-255,66,46424,19,135173
17994,0.000527,74.125.130.0-255,4320,50744,19,135173
17995,0.00053,172.31.36.0-255,66,50810,19,135173
17996,0.000549,74.125.130.0-255,2543,53353,19,135173
17997,0.000552,172.31.36.0-255,66,53419,19,135173
17998,0.000556,74.125.130.0-255,2902,56321,19,135173
17999,0.000558,172.31.36.0-255,66,56387,19,135173
18000,0.000563,74.125.130.0-255,4320,60707,19,135173
18001,0.000565,172.31.36.0-255,66,60773,19,135173
18002,0.000596,74.125.130.0-255,4320,65093,19,135173
18003,0.000603,172.31.36.0-255,66,65159,19,135173
18004,0.000613,74.125.130.0-255,1125,66284,19,135173
18005,0.000692,74.125.130.0-255,379,66663,19,135173
18006,0.000712,74.125.130.0-255,364,67027,19,135173
18007,0.000724,172.31.36.0-255,66,67093,19,135173
18008,0.001118,74.125.130.0-255,1484,68577,19,135173
18009,0.001124,172.31.36.0-255,66,68643,19,135173
18010,0.001133,74.125.130.0-255,2902,71545,19,135173
18011,0.001136,172.31.36.0-255,66,71611,19,135173
18012,0.001142,74.125.130.0-255,4320,75931,19,135173
18013,0.001174,74.125.130.0-255,5738,81669,19,135173
18014,0.001208,74.125.130.0-255,7856,89525,19,135173
18015,0.001761,74.125.130.0-255,1484,91009,19,135173
18016,0.001782,74.125.130.0-255,2902,93911,19,135173
18017,0.001832,74.125.130.0-255,5738,99649,19,135173
18018,0.001857,74.125.130.0-255,7156,106805,19,135173
18019,0.001885,74.125.130.0-255,2902,109707,19,135173
18020,0.001905,74.125.130.0-255,2902,112609,19,135173
18021,0.001908,74.125.130.0-255,1484,114093,19,135173
18022,0.001927,74.125.130.0-255,2902,116995,19,135173
18023,0.001954,74.125.130.0-255,1484,118479,19,135173
18024,0.001974,74.125.130.0-255,5020,123499,19,135173
18025,0.005475,172.31.36.0-255,66,123565,19,135173
18026,0.007428,74.125.130.0-255,5738,129303,19,135173
18027,0.007436,172.31.36.0-255,66,129369,19,135173
18028,0.009383,74.125.130.0-255,5738,135107,19,135173
18029,0.009392,172.31.36.0-255,66,135173,19,135173
18030,0.0,74.125.24.0-255,153,153,19,173354
18031,3.6e-05,172.31.36.0-255,66,219,19,173354
18032,4.3e-05,74.125.24.0-255,1484,1703,19,173354
18033,4.6e-05,172.31.36.0-255,66,1769,19,173354
18034,5.1e-05,74.125.24.0-255,2902,4671,19,173354
18035,5.5e-05,172.31.36.0-255,66,4737,19,173354
18036,6.1e-05,74.125.24.0-255,5738,10475,19,173354
18037,6.4e-05,172.31.36.0-255,66,10541,19,173354
18038,6.9e-05,74.125.24.0-255,2902,13443,19,173354
18039,7.1e-05,172.31.36.0-255,66,13509,19,173354
18040,9.1e-05,74.125.24.0-255,657,14166,19,173354
18041,9.4e-05,172.31.36.0-255,66,14232,19,173354
18042,0.000101,74.125.24.0-255,4320,18552,19,173354
18043,0.000104,172.31.36.0-255,66,18618,19,173354
18044,0.000114,74.125.24.0-255,9992,28610,19,173354
18045,0.000116,172.31.36.0-255,66,28676,19,173354
18046,0.000153,74.125.24.0-255,9992,38668,19,173354
18047,0.000157,172.31.36.0-255,66,38734,19,173354
18048,0.0002,74.125.24.0-255,4320,43054,19,173354
18049,0.000203,172.31.36.0-255,66,43120,19,173354
18050,0.000229,74.125.24.0-255,5020,48140,19,173354
18051,0.000232,172.31.36.0-255,66,48206,19,173354
18052,0.000323,74.125.24.0-255,1484,49690,19,173354
18053,0.000328,172.31.36.0-255,66,49756,19,173354
18054,0.000363,74.125.24.0-255,2902,52658,19,173354
18055,0.000367,172.31.36.0-255,66,52724,19,173354
18056,0.000374,74.125.24.0-255,5738,58462,19,173354
18057,0.000376,172.31.36.0-255,66,58528,19,173354
18058,0.000405,74.125.24.0-255,8552,67080,19,173354
18059,0.000409,172.31.36.0-255,66,67146,19,173354
18060,0.000417,74.125.24.0-255,8574,75720,19,173354
18061,0.00042,172.31.36.0-255,66,75786,19,173354
18062,0.000426,74.125.24.0-255,5738,81524,19,173354
18063,0.000429,172.31.36.0-255,66,81590,19,173354
18064,0.000454,74.125.24.0-255,828,82418,19,173354
18065,0.000593,74.125.24.0-255,1484,83902,19,173354
18066,0.000599,172.31.36.0-255,66,83968,19,173354
18067,0.000605,74.125.24.0-255,2902,86870,19,173354
18068,0.000608,172.31.36.0-255,66,86936,19,173354
18069,0.000614,74.125.24.0-255,5738,92674,19,173354
18070,0.000616,172.31.36.0-255,66,92740,19,173354
18071,0.000659,172.31.36.0-255,66,92806,19,173354
18072,0.000662,74.125.24.0-255,1484,94290,19,173354
18073,0.000684,74.125.24.0-255,7156,101446,19,173354
18074,0.000687,172.31.36.0-255,66,101512,19,173354
18075,0.000708,74.125.24.0-255,2184,103696,19,173354
18076,0.000714,172.31.36.0-255,66,103762,19,173354
18077,0.001588,74.125.24.0-255,1484,105246,19,173354
18078,0.001598,74.125.24.0-255,2902,108148,19,173354
18079,0.001603,172.31.36.0-255,66,108214,19,173354
18080,0.001611,74.125.24.0-255,5738,113952,19,173354
18081,0.001613,172.31.36.0-255,66,114018,19,173354
18082,0.001659,172.31.36.0-255,66,114084,19,173354
18083,0.00167,74.125.24.0-255,10692,124776,19,173354
18084,0.001672,172.31.36.0-255,66,124842,19,173354
18085,0.001818,74.125.24.0-255,1484,126326,19,173354
18086,0.001824,74.125.24.0-255,2902,129228,19,173354
18087,0.001828,172.31.36.0-255,66,129294,19,173354
18088,0.001835,74.125.24.0-255,5738,135032,19,173354
18089,0.001838,172.31.36.0-255,66,135098,19,173354
18090,0.001844,74.125.24.0-255,4320,139418,19,173354
18091,0.001846,172.31.36.0-255,66,139484,19,173354
18092,0.001869,74.125.24.0-255,1484,140968,19,173354
18093,0.001884,172.31.36.0-255,66,141034,19,173354
18094,0.001915,172.31.36.0-255,66,141100,19,173354
18095,0.001937,74.125.24.0-255,766,141866,19,173354
18096,0.001952,172.31.36.0-255,66,141932,19,173354
18097,0.00196,74.125.24.0-255,8574,150506,19,173354
18098,0.001964,172.31.36.0-255,66,150572,19,173354
18099,0.001999,74.125.24.0-255,5020,155592,19,173354
18100,0.002004,172.31.36.0-255,66,155658,19,173354
18101,0.002019,172.31.36.0-255,66,155724,19,173354
18102,0.002059,74.125.24.0-255,2902,158626,19,173354
18103,0.002061,172.31.36.0-255,66,158692,19,173354
18104,0.002103,172.31.36.0-255,66,158758,19,173354
18105,0.002125,172.31.36.0-255,66,158824,19,173354
18106,0.002139,172.31.36.0-255,66,158890,19,173354
18107,0.002154,172.31.36.0-255,66,158956,19,173354
18108,0.002191,172.31.36.0-255,66,159022,19,173354
18109,0.002199,74.125.24.0-255,9992,169014,19,173354
18110,0.002201,172.31.36.0-255,66,169080,19,173354
18111,0.00224,172.31.36.0-255,66,169146,19,173354
18112,0.002254,172.31.36.0-255,66,169212,19,173354
18113,0.002287,172.31.36.0-255,66,169278,19,173354
18114,0.002309,74.125.24.0-255,3602,172880,19,173354
18115,0.002312,172.31.36.0-255,66,172946,19,173354
18116,0.002332,172.31.36.0-255,66,173012,19,173354
18117,0.002335,74.125.24.0-255,105,173117,19,173354
18118,0.005128,172.31.36.0-255,66,173183,19,173354
18119,0.005164,172.31.36.0-255,105,173288,19,173354
18120,0.007474,74.125.24.0-255,66,173354,19,173354
18121,0.0,172.31.36.0-255,105,105,19,276
18122,0.001776,157.240.13.0-255,105,210,19,276
18123,0.001784,172.31.36.0-255,66,276,19,276
18124,0.0,172.217.194.0-255,148,148,19,279301
18125,2.4e-05,172.31.36.0-255,66,214,19,279301
18126,4.6e-05,172.217.194.0-255,1484,1698,19,279301
18127,5e-05,172.31.36.0-255,66,1764,19,279301
18128,5.5e-05,172.217.194.0-255,2902,4666,19,279301
18129,5.7e-05,172.31.36.0-255,66,4732,19,279301
18130,8.8e-05,172.217.194.0-255,7156,11888,19,279301
18131,9.2e-05,172.31.36.0-255,66,11954,19,279301
18132,0.000144,172.217.194.0-255,4936,16890,19,279301
18133,0.000148,172.31.36.0-255,66,16956,19,279301
18134,0.000154,172.217.194.0-255,5738,22694,19,279301
18135,0.000156,172.31.36.0-255,66,22760,19,279301
18136,0.000185,172.217.194.0-255,2902,25662,19,279301
18137,0.000188,172.31.36.0-255,66,25728,19,279301
18138,0.00021,172.217.194.0-255,5379,31107,19,279301
18139,0.000212,172.31.36.0-255,66,31173,19,279301
18140,0.000225,172.217.194.0-255,2902,34075,19,279301
18141,0.000227,172.31.36.0-255,66,34141,19,279301
18142,0.000247,172.217.194.0-255,5738,39879,19,279301
18143,0.000249,172.31.36.0-255,66,39945,19,279301
18144,0.000274,172.217.194.0-255,4320,44265,19,279301
18145,0.000277,172.31.36.0-255,66,44331,19,279301
18146,0.000298,172.217.194.0-255,3961,48292,19,279301
18147,0.000301,172.31.36.0-255,66,48358,19,279301
18148,0.000581,172.217.194.0-255,1484,49842,19,279301
18149,0.000587,172.31.36.0-255,66,49908,19,279301
18150,0.000593,172.217.194.0-255,2902,52810,19,279301
18151,0.000596,172.31.36.0-255,66,52876,19,279301
18152,0.0006,172.217.194.0-255,2902,55778,19,279301
18153,0.000602,172.31.36.0-255,66,55844,19,279301
18154,0.000624,172.217.194.0-255,2902,58746,19,279301
18155,0.000627,172.31.36.0-255,66,58812,19,279301
18156,0.000633,172.217.194.0-255,5738,64550,19,279301
18157,0.000635,172.31.36.0-255,66,64616,19,279301
18158,0.000654,172.217.194.0-255,5379,69995,19,279301
18159,0.000657,172.31.36.0-255,66,70061,19,279301
18160,0.000669,172.31.36.0-255,66,70127,19,279301
18161,0.00069,172.217.194.0-255,4541,74668,19,279301
18162,0.000693,172.31.36.0-255,66,74734,19,279301
18163,0.000697,172.217.194.0-255,2902,77636,19,279301
18164,0.0007,172.31.36.0-255,66,77702,19,279301
18165,0.000717,172.217.194.0-255,2902,80604,19,279301
18166,0.00072,172.31.36.0-255,66,80670,19,279301
18167,0.000764,172.217.194.0-255,8215,88885,19,279301
18168,0.000767,172.31.36.0-255,66,88951,19,279301
18169,0.000876,172.217.194.0-255,1484,90435,19,279301
18170,0.000893,172.217.194.0-255,2902,93337,19,279301
18171,0.000896,172.31.36.0-255,66,93403,19,279301
18172,0.00092,172.217.194.0-255,5738,99141,19,279301
18173,0.000923,172.31.36.0-255,66,99207,19,279301
18174,0.00093,172.217.194.0-255,5738,104945,19,279301
18175,0.000932,172.31.36.0-255,66,105011,19,279301
18176,0.000962,172.217.194.0-255,7156,112167,19,279301
18177,0.000967,172.31.36.0-255,66,112233,19,279301
18178,0.000971,172.217.194.0-255,10692,122925,19,279301
18179,0.000973,172.31.36.0-255,66,122991,19,279301
18180,0.001032,172.217.194.0-255,1484,124475,19,279301
18181,0.001047,172.217.194.0-255,2902,127377,19,279301
18182,0.001049,172.31.36.0-255,66,127443,19,279301
18183,0.001055,172.217.194.0-255,2902,130345,19,279301
18184,0.001058,172.31.36.0-255,66,130411,19,279301
18185,0.001071,172.217.194.0-255,2902,133313,19,279301
18186,0.001074,172.31.36.0-255,66,133379,19,279301
18187,0.001077,172.217.194.0-255,1484,134863,19,279301
18188,0.001105,172.31.36.0-255,66,134929,19,279301
18189,0.001114,172.217.194.0-255,9992,144921,19,279301
18190,0.001117,172.31.36.0-255,66,144987,19,279301
18191,0.001119,172.217.194.0-255,766,145753,19,279301
18192,0.001276,172.217.194.0-255,1484,147237,19,279301
18193,0.00128,172.31.36.0-255,66,147303,19,279301
18194,0.001302,172.217.194.0-255,2902,150205,19,279301
18195,0.001305,172.31.36.0-255,66,150271,19,279301
18196,0.001309,172.217.194.0-255,2902,153173,19,279301
18197,0.001311,172.31.36.0-255,66,153239,19,279301
18198,0.001329,172.217.194.0-255,2902,156141,19,279301
18199,0.001331,172.31.36.0-255,66,156207,19,279301
18200,0.001336,172.217.194.0-255,2902,159109,19,279301
18201,0.001338,172.31.36.0-255,66,159175,19,279301
18202,0.001361,172.217.194.0-255,9992,169167,19,279301
18203,0.001364,172.31.36.0-255,66,169233,19,279301
18204,0.001368,172.217.194.0-255,2902,172135,19,279301
18205,0.00137,172.31.36.0-255,66,172201,19,279301
18206,0.001402,172.217.194.0-255,1484,173685,19,279301
18207,0.001423,172.217.194.0-255,6438,180123,19,279301
18208,0.001426,172.31.36.0-255,66,180189,19,279301
18209,0.001838,172.217.194.0-255,1484,181673,19,279301
18210,0.001864,172.217.194.0-255,2902,184575,19,279301
18211,0.001867,172.31.36.0-255,66,184641,19,279301
18212,0.001874,172.217.194.0-255,5738,190379,19,279301
18213,0.001876,172.31.36.0-255,66,190445,19,279301
18214,0.001913,172.217.194.0-255,1484,191929,19,279301
18215,0.00195,172.31.36.0-255,66,191995,19,279301
18216,0.001959,172.217.194.0-255,10692,202687,19,279301
18217,0.001961,172.31.36.0-255,66,202753,19,279301
18218,0.002049,172.217.194.0-255,1484,204237,19,279301
18219,0.002062,172.217.194.0-255,2902,207139,19,279301
18220,0.002065,172.31.36.0-255,66,207205,19,279301
18221,0.00207,172.217.194.0-255,2902,210107,19,279301
18222,0.002072,172.31.36.0-255,66,210173,19,279301
18223,0.002087,172.217.194.0-255,2902,213075,19,279301
18224,0.002089,172.31.36.0-255,66,213141,19,279301
18225,0.002105,172.217.194.0-255,9992,223133,19,279301
18226,0.002107,172.31.36.0-255,66,223199,19,279301
18227,0.00213,172.217.194.0-255,2902,226101,19,279301
18228,0.002134,172.31.36.0-255,66,226167,19,279301
18229,0.002138,172.217.194.0-255,10692,236859,19,279301
18230,0.00214,172.31.36.0-255,66,236925,19,279301
18231,0.002177,172.217.194.0-255,5738,242663,19,279301
18232,0.002181,172.31.36.0-255,66,242729,19,279301
18233,0.002221,172.31.36.0-255,66,242795,19,279301
18234,0.002256,172.217.194.0-255,2902,245697,19,279301
18235,0.00226,172.31.36.0-255,66,245763,19,279301
18236,0.002263,172.217.194.0-255,1484,247247,19,279301
18237,0.002286,172.31.36.0-255,66,247313,19,279301
18238,0.002291,172.217.194.0-255,4320,251633,19,279301
18239,0.002293,172.31.36.0-255,66,251699,19,279301
18240,0.002341,172.31.36.0-255,66,251765,19,279301
18241,0.002351,172.217.194.0-255,9992,261757,19,279301
18242,0.002354,172.31.36.0-255,66,261823,19,279301
18243,0.002386,172.31.36.0-255,66,261889,19,279301
18244,0.004675,172.217.194.0-255,5738,267627,19,279301
18245,0.004682,172.31.36.0-255,66,267693,19,279301
18246,0.006949,172.217.194.0-255,5738,273431,19,279301
18247,0.006956,172.31.36.0-255,66,273497,19,279301
18248,0.009235,172.217.194.0-255,5738,279235,19,279301
18249,0.009242,172.31.36.0-255,66,279301,19,279301
18250,0.0,172.217.26.0-255,152,152,19,80729
18251,3.2e-05,172.31.36.0-255,66,218,19,80729
18252,3.9e-05,172.217.26.0-255,1484,1702,19,80729
18253,4.4e-05,172.31.36.0-255,66,1768,19,80729
18254,9.2e-05,172.217.26.0-255,2902,4670,19,80729
18255,9.9e-05,172.31.36.0-255,66,4736,19,80729
18256,0.000218,172.217.26.0-255,4320,9056,19,80729
18257,0.000224,172.31.36.0-255,66,9122,19,80729
18258,0.00044,172.217.26.0-255,4855,13977,19,80729
18259,0.000445,172.31.36.0-255,66,14043,19,80729
18260,0.000692,172.217.26.0-255,8574,22617,19,80729
18261,0.000699,172.31.36.0-255,66,22683,19,80729
18262,0.000725,172.217.26.0-255,2902,25585,19,80729
18263,0.000728,172.31.36.0-255,66,25651,19,80729
18264,0.001266,172.217.26.0-255,2902,28553,19,80729
18265,0.001272,172.31.36.0-255,66,28619,19,80729
18266,0.0013,172.217.26.0-255,2543,31162,19,80729
18267,0.001303,172.31.36.0-255,66,31228,19,80729
18268,0.001539,172.217.26.0-255,2902,34130,19,80729
18269,0.001543,172.31.36.0-255,66,34196,19,80729
18270,0.001586,172.31.36.0-255,66,34262,19,80729
18271,0.002481,172.217.26.0-255,7156,41418,19,80729
18272,0.002488,172.31.36.0-255,66,41484,19,80729
18273,0.002518,172.217.26.0-255,8543,50027,19,80729
18274,0.002522,172.31.36.0-255,66,50093,19,80729
18275,0.003278,172.217.26.0-255,7156,57249,19,80729
18276,0.003283,172.31.36.0-255,66,57315,19,80729
18277,0.003315,172.217.26.0-255,5738,63053,19,80729
18278,0.003319,172.31.36.0-255,66,63119,19,80729
18279,0.005199,172.217.26.0-255,1484,64603,19,80729
18280,0.005207,172.31.36.0-255,66,64669,19,80729
18281,0.005245,172.217.26.0-255,4320,68989,19,80729
18282,0.005282,172.31.36.0-255,66,69055,19,80729
18283,0.007104,172.217.26.0-255,1484,70539,19,80729
18284,0.007169,172.217.26.0-255,4320,74859,19,80729
18285,0.007193,172.31.36.0-255,66,74925,19,80729
18286,0.009092,172.217.26.0-255,5738,80663,19,80729
18287,0.0091,172.31.36.0-255,66,80729,19,80729
18288,0.0,74.125.24.0-255,153,153,19,231829
18289,2.6e-05,172.31.36.0-255,66,219,19,231829
18290,3.3e-05,74.125.24.0-255,1484,1703,19,231829
18291,3.8e-05,172.31.36.0-255,66,1769,19,231829
18292,5.1e-05,74.125.24.0-255,2902,4671,19,231829
18293,5.4e-05,172.31.36.0-255,66,4737,19,231829
18294,6e-05,74.125.24.0-255,4320,9057,19,231829
18295,6.2e-05,172.31.36.0-255,66,9123,19,231829
18296,8.7e-05,74.125.24.0-255,4874,13997,19,231829
18297,9.1e-05,172.31.36.0-255,66,14063,19,231829
18298,0.000156,74.125.24.0-255,1484,15547,19,231829
18299,0.000162,172.31.36.0-255,66,15613,19,231829
18300,0.000169,74.125.24.0-255,2902,18515,19,231829
18301,0.00017,172.31.36.0-255,66,18581,19,231829
18302,0.000184,74.125.24.0-255,5738,24319,19,231829
18303,0.000186,172.31.36.0-255,66,24385,19,231829
18304,0.000234,74.125.24.0-255,6797,31182,19,231829
18305,0.000238,172.31.36.0-255,66,31248,19,231829
18306,0.000294,74.125.24.0-255,1484,32732,19,231829
18307,0.000297,172.31.36.0-255,66,32798,19,231829
18308,0.000301,74.125.24.0-255,1484,34282,19,231829
18309,0.000303,172.31.36.0-255,66,34348,19,231829
18310,0.000328,74.125.24.0-255,1484,35832,19,231829
18311,0.000333,172.31.36.0-255,66,35898,19,231829
18312,0.000334,74.125.24.0-255,5738,41636,19,231829
18313,0.000338,172.31.36.0-255,66,41702,19,231829
18314,0.000347,74.125.24.0-255,6797,48499,19,231829
18315,0.00035,172.31.36.0-255,66,48565,19,231829
18316,0.00076,74.125.24.0-255,1484,50049,19,231829
18317,0.000765,172.31.36.0-255,66,50115,19,231829
18318,0.000776,74.125.24.0-255,2902,53017,19,231829
18319,0.000784,172.31.36.0-255,66,53083,19,231829
18320,0.00079,74.125.24.0-255,5738,58821,19,231829
18321,0.000792,172.31.36.0-255,66,58887,19,231829
18322,0.000796,74.125.24.0-255,1484,60371,19,231829
18323,0.000833,74.125.24.0-255,5379,65750,19,231829
18324,0.000837,172.31.36.0-255,66,65816,19,231829
18325,0.000844,74.125.24.0-255,7156,72972,19,231829
18326,0.000847,172.31.36.0-255,66,73038,19,231829
18327,0.000875,74.125.24.0-255,7156,80194,19,231829
18328,0.000879,172.31.36.0-255,66,80260,19,231829
18329,0.000888,74.125.24.0-255,1484,81744,19,231829
18330,0.000892,74.125.24.0-255,2868,84612,19,231829
18331,0.000895,172.31.36.0-255,66,84678,19,231829
18332,0.000899,74.125.24.0-255,2902,87580,19,231829
18333,0.000901,172.31.36.0-255,66,87646,19,231829
18334,0.000906,74.125.24.0-255,2902,90548,19,231829
18335,0.000909,172.31.36.0-255,66,90614,19,231829
18336,0.000948,74.125.24.0-255,4320,94934,19,231829
18337,0.000952,172.31.36.0-255,66,95000,19,231829
18338,0.000959,74.125.24.0-255,5379,100379,19,231829
18339,0.000963,172.31.36.0-255,66,100445,19,231829
18340,0.001627,74.125.24.0-255,1484,101929,19,231829
18341,0.001638,74.125.24.0-255,2902,104831,19,231829
18342,0.001642,172.31.36.0-255,66,104897,19,231829
18343,0.001648,74.125.24.0-255,4320,109217,19,231829
18344,0.00165,172.31.36.0-255,66,109283,19,231829
18345,0.001673,74.125.24.0-255,1484,110767,19,231829
18346,0.001679,74.125.24.0-255,5738,116505,19,231829
18347,0.001681,172.31.36.0-255,66,116571,19,231829
18348,0.001715,74.125.24.0-255,7156,123727,19,231829
18349,0.001717,172.31.36.0-255,66,123793,19,231829
18350,0.001727,74.125.24.0-255,10692,134485,19,231829
18351,0.001729,172.31.36.0-255,66,134551,19,231829
18352,0.001822,74.125.24.0-255,1484,136035,19,231829
18353,0.001827,74.125.24.0-255,2902,138937,19,231829
18354,0.00183,172.31.36.0-255,66,139003,19,231829
18355,0.001836,74.125.24.0-255,5738,144741,19,231829
18356,0.001838,172.31.36.0-255,66,144807,19,231829
18357,0.001869,74.125.24.0-255,8574,153381,19,231829
18358,0.001872,172.31.36.0-255,66,153447,19,231829
18359,0.001891,74.125.24.0-255,1484,154931,19,231829
18360,0.001903,172.31.36.0-255,66,154997,19,231829
18361,0.001928,74.125.24.0-255,2184,157181,19,231829
18362,0.001931,172.31.36.0-255,66,157247,19,231829
18363,0.001954,74.125.24.0-255,1484,158731,19,231829
18364,0.001957,74.125.24.0-255,1484,160215,19,231829
18365,0.001959,172.31.36.0-255,66,160281,19,231829
18366,0.001987,74.125.24.0-255,1484,161765,19,231829
18367,0.001993,74.125.24.0-255,5738,167503,19,231829
18368,0.001996,172.31.36.0-255,66,167569,19,231829
18369,0.002008,172.31.36.0-255,66,167635,19,231829
18370,0.002022,74.125.24.0-255,10692,178327,19,231829
18371,0.002025,172.31.36.0-255,66,178393,19,231829
18372,0.002075,74.125.24.0-255,1484,179877,19,231829
18373,0.00208,74.125.24.0-255,2902,182779,19,231829
18374,0.002083,172.31.36.0-255,66,182845,19,231829
18375,0.002113,74.125.24.0-255,5738,188583,19,231829
18376,0.002116,172.31.36.0-255,66,188649,19,231829
18377,0.002123,74.125.24.0-255,8574,197223,19,231829
18378,0.002125,172.31.36.0-255,66,197289,19,231829
18379,0.002197,172.31.36.0-255,66,197355,19,231829
18380,0.002248,74.125.24.0-255,1484,198839,19,231829
18381,0.002252,74.125.24.0-255,1484,200323,19,231829
18382,0.002255,172.31.36.0-255,66,200389,19,231829
18383,0.002282,74.125.24.0-255,1484,201873,19,231829
18384,0.002288,74.125.24.0-255,5738,207611,19,231829
18385,0.002291,172.31.36.0-255,66,207677,19,231829
18386,0.002303,74.125.24.0-255,8574,216251,19,231829
18387,0.002305,172.31.36.0-255,66,216317,19,231829
18388,0.00234,74.125.24.0-255,4320,220637,19,231829
18389,0.002342,172.31.36.0-255,66,220703,19,231829
18390,0.002354,172.31.36.0-255,66,220769,19,231829
18391,0.002366,172.31.36.0-255,66,220835,19,231829
18392,0.002384,74.125.24.0-255,1484,222319,19,231829
18393,0.002424,172.31.36.0-255,66,222385,19,231829
18394,0.002429,74.125.24.0-255,2902,225287,19,231829
18395,0.00243,172.31.36.0-255,66,225353,19,231829
18396,0.002472,172.31.36.0-255,66,225419,19,231829
18397,0.002497,172.31.36.0-255,66,225485,19,231829
18398,0.002513,172.31.36.0-255,66,225551,19,231829
18399,0.002559,74.125.24.0-255,5738,231289,19,231829
18400,0.002561,172.31.36.0-255,66,231355,19,231829
18401,0.002594,172.31.36.0-255,66,231421,19,231829
18402,0.002606,172.31.36.0-255,66,231487,19,231829
18403,0.002622,172.31.36.0-255,66,231553,19,231829
18404,0.005125,74.125.24.0-255,105,231658,19,231829
18405,0.008414,172.31.36.0-255,66,231724,19,231829
18406,0.008461,172.31.36.0-255,105,231829,19,231829
18407,0.0,74.125.68.0-255,155,155,19,261916
18408,2.7e-05,172.31.36.0-255,66,221,19,261916
18409,3.4e-05,74.125.68.0-255,1484,1705,19,261916
18410,3.9e-05,172.31.36.0-255,66,1771,19,261916
18411,4.2e-05,74.125.68.0-255,1484,3255,19,261916
18412,5.4e-05,172.31.36.0-255,66,3321,19,261916
18413,6e-05,74.125.68.0-255,2902,6223,19,261916
18414,6.3e-05,172.31.36.0-255,66,6289,19,261916
18415,6.9e-05,74.125.68.0-255,5738,12027,19,261916
18416,7.3e-05,172.31.36.0-255,66,12093,19,261916
18417,0.000113,74.125.68.0-255,2054,14147,19,261916
18418,0.000115,172.31.36.0-255,66,14213,19,261916
18419,0.000142,74.125.68.0-255,2902,17115,19,261916
18420,0.000144,172.31.36.0-255,66,17181,19,261916
18421,0.000169,74.125.68.0-255,2902,20083,19,261916
18422,0.000172,172.31.36.0-255,66,20149,19,261916
18423,0.000196,74.125.68.0-255,2902,23051,19,261916
18424,0.000198,172.31.36.0-255,66,23117,19,261916
18425,0.000226,74.125.68.0-255,7156,30273,19,261916
18426,0.000229,172.31.36.0-255,66,30339,19,261916
18427,0.000259,74.125.68.0-255,1125,31464,19,261916
18428,0.000261,172.31.36.0-255,66,31530,19,261916
18429,0.000384,74.125.68.0-255,1484,33014,19,261916
18430,0.000389,172.31.36.0-255,66,33080,19,261916
18431,0.000395,74.125.68.0-255,2902,35982,19,261916
18432,0.000397,172.31.36.0-255,66,36048,19,261916
18433,0.0004,74.125.68.0-255,1484,37532,19,261916
18434,0.000402,172.31.36.0-255,66,37598,19,261916
18435,0.000414,74.125.68.0-255,2902,40500,19,261916
18436,0.000417,172.31.36.0-255,66,40566,19,261916
18437,0.000423,74.125.68.0-255,5738,46304,19,261916
18438,0.000426,172.31.36.0-255,66,46370,19,261916
18439,0.000431,74.125.68.0-255,2543,48913,19,261916
18440,0.000433,172.31.36.0-255,66,48979,19,261916
18441,0.000437,74.125.68.0-255,2902,51881,19,261916
18442,0.000439,172.31.36.0-255,66,51947,19,261916
18443,0.000477,74.125.68.0-255,7156,59103,19,261916
18444,0.00048,172.31.36.0-255,66,59169,19,261916
18445,0.000484,74.125.68.0-255,2902,62071,19,261916
18446,0.000486,172.31.36.0-255,66,62137,19,261916
18447,0.000492,74.125.68.0-255,4275,66412,19,261916
18448,0.000494,172.31.36.0-255,66,66478,19,261916
18449,0.000497,74.125.68.0-255,111,66589,19,261916
18450,0.00052,74.125.68.0-255,327,66916,19,261916
18451,0.000727,74.125.68.0-255,1484,68400,19,261916
18452,0.000734,172.31.36.0-255,66,68466,19,261916
18453,0.000761,74.125.68.0-255,2902,71368,19,261916
18454,0.000764,172.31.36.0-255,66,71434,19,261916
18455,0.000767,74.125.68.0-255,1484,72918,19,261916
18456,0.000791,74.125.68.0-255,2902,75820,19,261916
18457,0.000794,172.31.36.0-255,66,75886,19,261916
18458,0.000823,74.125.68.0-255,5738,81624,19,261916
18459,0.000826,172.31.36.0-255,66,81690,19,261916
18460,0.000829,74.125.68.0-255,1484,83174,19,261916
18461,0.000851,74.125.68.0-255,2902,86076,19,261916
18462,0.000854,172.31.36.0-255,66,86142,19,261916
18463,0.00088,74.125.68.0-255,4320,90462,19,261916
18464,0.000883,172.31.36.0-255,66,90528,19,261916
18465,0.000906,74.125.68.0-255,1484,92012,19,261916
18466,0.000915,74.125.68.0-255,8574,100586,19,261916
18467,0.000918,172.31.36.0-255,66,100652,19,261916
18468,0.000921,74.125.68.0-255,766,101418,19,261916
18469,0.000992,74.125.68.0-255,1484,102902,19,261916
18470,0.000996,172.31.36.0-255,66,102968,19,261916
18471,0.001025,74.125.68.0-255,2902,105870,19,261916
18472,0.001028,172.31.36.0-255,66,105936,19,261916
18473,0.001031,74.125.68.0-255,1484,107420,19,261916
18474,0.001035,74.125.68.0-255,2902,110322,19,261916
18475,0.001037,172.31.36.0-255,66,110388,19,261916
18476,0.001079,74.125.68.0-255,5738,116126,19,261916
18477,0.001083,172.31.36.0-255,66,116192,19,261916
18478,0.001109,74.125.68.0-255,4320,120512,19,261916
18479,0.001112,172.31.36.0-255,66,120578,19,261916
18480,0.001138,74.125.68.0-255,2902,123480,19,261916
18481,0.001141,172.31.36.0-255,66,123546,19,261916
18482,0.001149,74.125.68.0-255,7156,130702,19,261916
18483,0.001151,172.31.36.0-255,66,130768,19,261916
18484,0.001188,74.125.68.0-255,5020,135788,19,261916
18485,0.001192,172.31.36.0-255,66,135854,19,261916
18486,0.00128,74.125.68.0-255,1484,137338,19,261916
18487,0.001299,74.125.68.0-255,2902,140240,19,261916
18488,0.001302,172.31.36.0-255,66,140306,19,261916
18489,0.001315,74.125.68.0-255,2902,143208,19,261916
18490,0.001321,172.31.36.0-255,66,143274,19,261916
18491,0.001349,74.125.68.0-255,2902,146176,19,261916
18492,0.001352,172.31.36.0-255,66,146242,19,261916
18493,0.001358,74.125.68.0-255,4320,150562,19,261916
18494,0.001359,172.31.36.0-255,66,150628,19,261916
18495,0.00137,74.125.68.0-255,5738,156366,19,261916
18496,0.001372,172.31.36.0-255,66,156432,19,261916
18497,0.001407,74.125.68.0-255,5738,162170,19,261916
18498,0.00141,172.31.36.0-255,66,162236,19,261916
18499,0.001437,74.125.68.0-255,5738,167974,19,261916
18500,0.00144,172.31.36.0-255,66,168040,19,261916
18501,0.001444,74.125.68.0-255,2184,170224,19,261916
18502,0.001446,172.31.36.0-255,66,170290,19,261916
18503,0.001503,74.125.68.0-255,1484,171774,19,261916
18504,0.001508,74.125.68.0-255,2902,174676,19,261916
18505,0.001511,172.31.36.0-255,66,174742,19,261916
18506,0.001517,74.125.68.0-255,5738,180480,19,261916
18507,0.001519,172.31.36.0-255,66,180546,19,261916
18508,0.001572,172.31.36.0-255,66,180612,19,261916
18509,0.001611,74.125.68.0-255,4320,184932,19,261916
18510,0.001628,172.31.36.0-255,66,184998,19,261916
18511,0.001687,74.125.68.0-255,1484,186482,19,261916
18512,0.001695,74.125.68.0-255,6438,192920,19,261916
18513,0.001706,172.31.36.0-255,66,192986,19,261916
18514,0.001751,172.31.36.0-255,66,193052,19,261916
18515,0.001781,74.125.68.0-255,9992,203044,19,261916
18516,0.001796,172.31.36.0-255,66,203110,19,261916
18517,0.001807,74.125.68.0-255,9992,213102,19,261916
18518,0.001818,172.31.36.0-255,66,213168,19,261916
18519,0.001824,74.125.68.0-255,766,213934,19,261916
18520,0.001901,74.125.68.0-255,5738,219672,19,261916
18521,0.001909,74.125.68.0-255,7156,226828,19,261916
18522,0.001914,74.125.68.0-255,2902,229730,19,261916
18523,0.001931,74.125.68.0-255,1484,231214,19,261916
18524,0.001936,172.31.36.0-255,66,231280,19,261916
18525,0.001946,74.125.68.0-255,2902,234182,19,261916
18526,0.001951,172.31.36.0-255,66,234248,19,261916
18527,0.001973,74.125.68.0-255,4320,238568,19,261916
18528,0.002005,172.31.36.0-255,66,238634,19,261916
18529,0.003887,74.125.68.0-255,1484,240118,19,261916
18530,0.00395,74.125.68.0-255,4320,244438,19,261916
18531,0.003955,172.31.36.0-255,66,244504,19,261916
18532,0.005886,74.125.68.0-255,5738,250242,19,261916
18533,0.005894,172.31.36.0-255,66,250308,19,261916
18534,0.007825,74.125.68.0-255,5738,256046,19,261916
18535,0.007832,172.31.36.0-255,66,256112,19,261916
18536,0.009755,74.125.68.0-255,5738,261850,19,261916
18537,0.009759,172.31.36.0-255,66,261916,19,261916
18538,0.0,74.125.24.0-255,153,153,19,57344
18539,2.4e-05,172.31.36.0-255,66,219,19,57344
18540,3.2e-05,74.125.24.0-255,1484,1703,19,57344
18541,3.7e-05,172.31.36.0-255,66,1769,19,57344
18542,4.2e-05,74.125.24.0-255,2902,4671,19,57344
18543,4.4e-05,172.31.36.0-255,66,4737,19,57344
18544,6.2e-05,74.125.24.0-255,5738,10475,19,57344
18545,6.6e-05,172.31.36.0-255,66,10541,19,57344
18546,8.6e-05,74.125.24.0-255,4320,14861,19,57344
18547,8.9e-05,172.31.36.0-255,66,14927,19,57344
18548,0.000127,74.125.24.0-255,9136,24063,19,57344
18549,0.000131,172.31.36.0-255,66,24129,19,57344
18550,0.000143,172.31.36.0-255,66,24195,19,57344
18551,0.000155,74.125.24.0-255,9274,33469,19,57344
18552,0.000157,172.31.36.0-255,66,33535,19,57344
18553,0.002707,74.125.24.0-255,1484,35019,19,57344
18554,0.002714,172.31.36.0-255,66,35085,19,57344
18555,0.002722,74.125.24.0-255,2902,37987,19,57344
18556,0.002724,172.31.36.0-255,66,38053,19,57344
18557,0.002733,74.125.24.0-255,1484,39537,19,57344
18558,0.002735,172.31.36.0-255,66,39603,19,57344
18559,0.005073,74.125.24.0-255,4320,43923,19,57344
18560,0.005079,172.31.36.0-255,66,43989,19,57344
18561,0.005106,74.125.24.0-255,1484,45473,19,57344
18562,0.005108,172.31.36.0-255,66,45539,19,57344
18563,0.007433,74.125.24.0-255,4320,49859,19,57344
18564,0.00744,172.31.36.0-255,66,49925,19,57344
18565,0.00747,74.125.24.0-255,1483,51408,19,57344
18566,0.007473,172.31.36.0-255,66,51474,19,57344
18567,0.009815,74.125.24.0-255,4320,55794,19,57344
18568,0.009823,172.31.36.0-255,66,55860,19,57344
18569,0.009851,74.125.24.0-255,1484,57344,19,57344
18570,0.0,74.125.24.0-255,153,153,19,223536
18571,1.4e-05,172.31.36.0-255,66,219,19,223536
18572,2.1e-05,74.125.24.0-255,1484,1703,19,223536
18573,2.5e-05,172.31.36.0-255,66,1769,19,223536
18574,3.1e-05,74.125.24.0-255,2902,4671,19,223536
18575,3.4e-05,172.31.36.0-255,66,4737,19,223536
18576,4.1e-05,74.125.24.0-255,5738,10475,19,223536
18577,4.4e-05,172.31.36.0-255,66,10541,19,223536
18578,5e-05,74.125.24.0-255,3484,14025,19,223536
18579,5.3e-05,172.31.36.0-255,66,14091,19,223536
18580,0.000123,74.125.24.0-255,1484,15575,19,223536
18581,0.000128,172.31.36.0-255,66,15641,19,223536
18582,0.000133,74.125.24.0-255,2902,18543,19,223536
18583,0.000135,172.31.36.0-255,66,18609,19,223536
18584,0.000162,74.125.24.0-255,5738,24347,19,223536
18585,0.000165,172.31.36.0-255,66,24413,19,223536
18586,0.000169,74.125.24.0-255,2902,27315,19,223536
18587,0.000171,172.31.36.0-255,66,27381,19,223536
18588,0.000192,74.125.24.0-255,8215,35596,19,223536
18589,0.000195,172.31.36.0-255,66,35662,19,223536
18590,0.000198,74.125.24.0-255,1484,37146,19,223536
18591,0.000199,172.31.36.0-255,66,37212,19,223536
18592,0.000244,172.31.36.0-255,66,37278,19,223536
18593,0.000249,74.125.24.0-255,2902,40180,19,223536
18594,0.000251,172.31.36.0-255,66,40246,19,223536
18595,0.000272,74.125.24.0-255,8150,48396,19,223536
18596,0.000274,172.31.36.0-255,66,48462,19,223536
18597,0.000781,74.125.24.0-255,134,48596,19,223536
18598,0.000787,172.31.36.0-255,66,48662,19,223536
18599,0.000807,74.125.24.0-255,346,49008,19,223536
18600,0.000812,172.31.36.0-255,66,49074,19,223536
18601,0.001036,74.125.24.0-255,1484,50558,19,223536
18602,0.001042,74.125.24.0-255,2902,53460,19,223536
18603,0.001045,172.31.36.0-255,66,53526,19,223536
18604,0.001048,74.125.24.0-255,1484,55010,19,223536
18605,0.001067,74.125.24.0-255,4320,59330,19,223536
18606,0.001069,172.31.36.0-255,66,59396,19,223536
18607,0.001076,74.125.24.0-255,5738,65134,19,223536
18608,0.00109,74.125.24.0-255,7156,72290,19,223536
18609,0.001104,74.125.24.0-255,1484,73774,19,223536
18610,0.001123,74.125.24.0-255,9274,83048,19,223536
18611,0.001139,172.31.36.0-255,66,83114,19,223536
18612,0.001156,74.125.24.0-255,1484,84598,19,223536
18613,0.001175,74.125.24.0-255,2902,87500,19,223536
18614,0.001177,74.125.24.0-255,1484,88984,19,223536
18615,0.001196,74.125.24.0-255,4320,93304,19,223536
18616,0.001205,172.31.36.0-255,66,93370,19,223536
18617,0.001217,74.125.24.0-255,7156,100526,19,223536
18618,0.001221,172.31.36.0-255,66,100592,19,223536
18619,0.001239,74.125.24.0-255,5738,106330,19,223536
18620,0.001247,172.31.36.0-255,66,106396,19,223536
18621,0.001261,74.125.24.0-255,8574,114970,19,223536
18622,0.001264,74.125.24.0-255,2184,117154,19,223536
18623,0.00128,172.31.36.0-255,66,117220,19,223536
18624,0.001326,74.125.24.0-255,1484,118704,19,223536
18625,0.001331,74.125.24.0-255,2902,121606,19,223536
18626,0.001338,172.31.36.0-255,66,121672,19,223536
18627,0.00135,74.125.24.0-255,5738,127410,19,223536
18628,0.001361,172.31.36.0-255,66,127476,19,223536
18629,0.001401,74.125.24.0-255,1484,128960,19,223536
18630,0.001406,172.31.36.0-255,66,129026,19,223536
18631,0.001424,74.125.24.0-255,10692,139718,19,223536
18632,0.001446,172.31.36.0-255,66,139784,19,223536
18633,0.001802,74.125.24.0-255,1484,141268,19,223536
18634,0.001806,74.125.24.0-255,1484,142752,19,223536
18635,0.001809,172.31.36.0-255,66,142818,19,223536
18636,0.001826,74.125.24.0-255,1484,144302,19,223536
18637,0.001855,74.125.24.0-255,4320,148622,19,223536
18638,0.001869,172.31.36.0-255,66,148688,19,223536
18639,0.001878,74.125.24.0-255,1484,150172,19,223536
18640,0.001897,74.125.24.0-255,10692,160864,19,223536
18641,0.001914,172.31.36.0-255,66,160930,19,223536
18642,0.00194,74.125.24.0-255,1484,162414,19,223536
18643,0.001943,74.125.24.0-255,1484,163898,19,223536
18644,0.001956,74.125.24.0-255,1484,165382,19,223536
18645,0.00196,74.125.24.0-255,4320,169702,19,223536
18646,0.001963,172.31.36.0-255,66,169768,19,223536
18647,0.001969,74.125.24.0-255,1484,171252,19,223536
18648,0.00198,74.125.24.0-255,1484,172736,19,223536
18649,0.001981,172.31.36.0-255,66,172802,19,223536
18650,0.00202,74.125.24.0-255,2902,175704,19,223536
18651,0.002029,172.31.36.0-255,66,175770,19,223536
18652,0.002046,74.125.24.0-255,7856,183626,19,223536
18653,0.002054,172.31.36.0-255,66,183692,19,223536
18654,0.002062,74.125.24.0-255,2902,186594,19,223536
18655,0.002066,172.31.36.0-255,66,186660,19,223536
18656,0.002077,74.125.24.0-255,2902,189562,19,223536
18657,0.002091,172.31.36.0-255,66,189628,19,223536
18658,0.002103,74.125.24.0-255,7156,196784,19,223536
18659,0.002123,74.125.24.0-255,4320,201104,19,223536
18660,0.002139,74.125.24.0-255,4320,205424,19,223536
18661,0.002158,74.125.24.0-255,7156,212580,19,223536
18662,0.002168,74.125.24.0-255,2902,215482,19,223536
18663,0.002171,74.125.24.0-255,2184,217666,19,223536
18664,0.007028,172.31.36.0-255,66,217732,19,223536
18665,0.009366,74.125.24.0-255,5738,223470,19,223536
18666,0.009375,172.31.36.0-255,66,223536,19,223536
18667,0.0,74.125.24.0-255,153,153,19,166095
18668,2.3e-05,172.31.36.0-255,66,219,19,166095
18669,3e-05,74.125.24.0-255,1484,1703,19,166095
18670,3.6e-05,172.31.36.0-255,66,1769,19,166095
18671,4.2e-05,74.125.24.0-255,2902,4671,19,166095
18672,4.5e-05,172.31.36.0-255,66,4737,19,166095
18673,5.3e-05,74.125.24.0-255,7156,11893,19,166095
18674,5.6e-05,172.31.36.0-255,66,11959,19,166095
18675,6e-05,74.125.24.0-255,2083,14042,19,166095
18676,6.3e-05,172.31.36.0-255,66,14108,19,166095
18677,0.000139,74.125.24.0-255,1484,15592,19,166095
18678,0.000142,172.31.36.0-255,66,15658,19,166095
18679,0.000149,74.125.24.0-255,2902,18560,19,166095
18680,0.000152,172.31.36.0-255,66,18626,19,166095
18681,0.000155,74.125.24.0-255,1484,20110,19,166095
18682,0.000157,172.31.36.0-255,66,20176,19,166095
18683,0.000178,74.125.24.0-255,4320,24496,19,166095
18684,0.000181,172.31.36.0-255,66,24562,19,166095
18685,0.000194,74.125.24.0-255,1484,26046,19,166095
18686,0.000197,172.31.36.0-255,66,26112,19,166095
18687,0.000221,74.125.24.0-255,5379,31491,19,166095
18688,0.000224,172.31.36.0-255,66,31557,19,166095
18689,0.000281,74.125.24.0-255,1484,33041,19,166095
18690,0.000284,172.31.36.0-255,66,33107,19,166095
18691,0.000289,74.125.24.0-255,2902,36009,19,166095
18692,0.000292,172.31.36.0-255,66,36075,19,166095
18693,0.000309,74.125.24.0-255,5738,41813,19,166095
18694,0.000311,172.31.36.0-255,66,41879,19,166095
18695,0.000349,172.31.36.0-255,66,41945,19,166095
18696,0.000364,74.125.24.0-255,2543,44488,19,166095
18697,0.000366,172.31.36.0-255,66,44554,19,166095
18698,0.000375,74.125.24.0-255,9633,54187,19,166095
18699,0.000378,172.31.36.0-255,66,54253,19,166095
18700,0.000381,74.125.24.0-255,414,54667,19,166095
18701,0.00052,74.125.24.0-255,330,54997,19,166095
18702,0.000841,74.125.24.0-255,1484,56481,19,166095
18703,0.000846,172.31.36.0-255,66,56547,19,166095
18704,0.000852,74.125.24.0-255,2902,59449,19,166095
18705,0.000854,172.31.36.0-255,66,59515,19,166095
18706,0.000858,74.125.24.0-255,2902,62417,19,166095
18707,0.000861,172.31.36.0-255,66,62483,19,166095
18708,0.000887,74.125.24.0-255,2902,65385,19,166095
18709,0.00089,172.31.36.0-255,66,65451,19,166095
18710,0.000904,172.31.36.0-255,66,65517,19,166095
18711,0.00094,74.125.24.0-255,10692,76209,19,166095
18712,0.000943,172.31.36.0-255,66,76275,19,166095
18713,0.001181,74.125.24.0-255,1484,77759,19,166095
18714,0.001198,74.125.24.0-255,2902,80661,19,166095
18715,0.001201,172.31.36.0-255,66,80727,19,166095
18716,0.001209,74.125.24.0-255,5738,86465,19,166095
18717,0.001211,172.31.36.0-255,66,86531,19,166095
18718,0.001248,172.31.36.0-255,66,86597,19,166095
18719,0.001252,74.125.24.0-255,1484,88081,19,166095
18720,0.00128,74.125.24.0-255,9274,97355,19,166095
18721,0.001282,172.31.36.0-255,66,97421,19,166095
18722,0.001325,172.31.36.0-255,66,97487,19,166095
18723,0.001329,74.125.24.0-255,2902,100389,19,166095
18724,0.001332,172.31.36.0-255,66,100455,19,166095
18725,0.001354,74.125.24.0-255,7156,107611,19,166095
18726,0.001356,172.31.36.0-255,66,107677,19,166095
18727,0.001381,74.125.24.0-255,2902,110579,19,166095
18728,0.001384,172.31.36.0-255,66,110645,19,166095
18729,0.001394,74.125.24.0-255,9274,119919,19,166095
18730,0.001396,172.31.36.0-255,66,119985,19,166095
18731,0.001464,74.125.24.0-255,1484,121469,19,166095
18732,0.001469,74.125.24.0-255,2902,124371,19,166095
18733,0.001472,172.31.36.0-255,66,124437,19,166095
18734,0.001478,74.125.24.0-255,4320,128757,19,166095
18735,0.00148,172.31.36.0-255,66,128823,19,166095
18736,0.001492,74.125.24.0-255,1484,130307,19,166095
18737,0.001495,74.125.24.0-255,1484,131791,19,166095
18738,0.001497,172.31.36.0-255,66,131857,19,166095
18739,0.001533,172.31.36.0-255,66,131923,19,166095
18740,0.001539,74.125.24.0-255,5738,137661,19,166095
18741,0.001542,172.31.36.0-255,66,137727,19,166095
18742,0.001577,74.125.24.0-255,1484,139211,19,166095
18743,0.001595,74.125.24.0-255,3602,142813,19,166095
18744,0.001598,172.31.36.0-255,66,142879,19,166095
18745,0.003634,74.125.24.0-255,5738,148617,19,166095
18746,0.003641,172.31.36.0-255,66,148683,19,166095
18747,0.005704,74.125.24.0-255,5738,154421,19,166095
18748,0.005708,172.31.36.0-255,66,154487,19,166095
18749,0.007753,74.125.24.0-255,5738,160225,19,166095
18750,0.007759,172.31.36.0-255,66,160291,19,166095
18751,0.009806,74.125.24.0-255,5738,166029,19,166095
18752,0.009813,172.31.36.0-255,66,166095,19,166095
18753,0.0,74.125.68.0-255,298,298,19,244296
18754,2.6e-05,172.31.36.0-255,66,364,19,244296
18755,3.3e-05,74.125.68.0-255,1484,1848,19,244296
18756,3.9e-05,172.31.36.0-255,66,1914,19,244296
18757,4.6e-05,74.125.68.0-255,4320,6234,19,244296
18758,5.1e-05,172.31.36.0-255,66,6300,19,244296
18759,8.9e-05,74.125.68.0-255,4320,10620,19,244296
18760,9.3e-05,172.31.36.0-255,66,10686,19,244296
18761,0.000107,74.125.68.0-255,4606,15292,19,244296
18762,0.000111,172.31.36.0-255,66,15358,19,244296
18763,0.000115,74.125.68.0-255,2902,18260,19,244296
18764,0.000117,172.31.36.0-255,66,18326,19,244296
18765,0.000131,74.125.68.0-255,1484,19810,19,244296
18766,0.000133,172.31.36.0-255,66,19876,19,244296
18767,0.000162,74.125.68.0-255,2902,22778,19,244296
18768,0.000165,172.31.36.0-255,66,22844,19,244296
18769,0.000173,74.125.68.0-255,7156,30000,19,244296
18770,0.000175,172.31.36.0-255,66,30066,19,244296
18771,0.000192,74.125.68.0-255,1125,31191,19,244296
18772,0.000194,172.31.36.0-255,66,31257,19,244296
18773,0.000263,74.125.68.0-255,1484,32741,19,244296
18774,0.000267,172.31.36.0-255,66,32807,19,244296
18775,0.000281,74.125.68.0-255,2902,35709,19,244296
18776,0.000284,172.31.36.0-255,66,35775,19,244296
18777,0.000308,74.125.68.0-255,5738,41513,19,244296
18778,0.000311,172.31.36.0-255,66,41579,19,244296
18779,0.000316,74.125.68.0-255,2902,44481,19,244296
18780,0.000317,172.31.36.0-255,66,44547,19,244296
18781,0.000323,74.125.68.0-255,3961,48508,19,244296
18782,0.000326,172.31.36.0-255,66,48574,19,244296
18783,0.000364,74.125.68.0-255,5738,54312,19,244296
18784,0.000367,172.31.36.0-255,66,54378,19,244296
18785,0.000384,74.125.68.0-255,2902,57280,19,244296
18786,0.000387,172.31.36.0-255,66,57346,19,244296
18787,0.00041,74.125.68.0-255,1484,58830,19,244296
18788,0.000432,74.125.68.0-255,7102,65932,19,244296
18789,0.000435,172.31.36.0-255,66,65998,19,244296
18790,0.000496,74.125.68.0-255,116,66114,19,244296
18791,0.000531,74.125.68.0-255,1484,67598,19,244296
18792,0.000536,172.31.36.0-255,66,67664,19,244296
18793,0.000551,74.125.68.0-255,2902,70566,19,244296
18794,0.000554,172.31.36.0-255,66,70632,19,244296
18795,0.000558,74.125.68.0-255,1484,72116,19,244296
18796,0.000577,74.125.68.0-255,2902,75018,19,244296
18797,0.00058,172.31.36.0-255,66,75084,19,244296
18798,0.000628,74.125.68.0-255,5738,80822,19,244296
18799,0.000631,172.31.36.0-255,66,80888,19,244296
18800,0.000635,74.125.68.0-255,2543,83431,19,244296
18801,0.000638,172.31.36.0-255,66,83497,19,244296
18802,0.00066,74.125.68.0-255,1484,84981,19,244296
18803,0.000675,74.125.68.0-255,2902,87883,19,244296
18804,0.000678,172.31.36.0-255,66,87949,19,244296
18805,0.0007,74.125.68.0-255,5738,93687,19,244296
18806,0.000703,172.31.36.0-255,66,93753,19,244296
18807,0.000706,74.125.68.0-255,1484,95237,19,244296
18808,0.000729,74.125.68.0-255,5379,100616,19,244296
18809,0.000732,172.31.36.0-255,66,100682,19,244296
18810,0.000984,74.125.68.0-255,1484,102166,19,244296
18811,0.001008,74.125.68.0-255,2902,105068,19,244296
18812,0.001014,172.31.36.0-255,66,105134,19,244296
18813,0.00102,74.125.68.0-255,4320,109454,19,244296
18814,0.001024,172.31.36.0-255,66,109520,19,244296
18815,0.001045,74.125.68.0-255,5738,115258,19,244296
18816,0.001047,172.31.36.0-255,66,115324,19,244296
18817,0.001081,172.31.36.0-255,66,115390,19,244296
18818,0.001118,74.125.68.0-255,2902,118292,19,244296
18819,0.001121,172.31.36.0-255,66,118358,19,244296
18820,0.001142,74.125.68.0-255,5020,123378,19,244296
18821,0.001145,172.31.36.0-255,66,123444,19,244296
18822,0.001174,74.125.68.0-255,1484,124928,19,244296
18823,0.001201,74.125.68.0-255,2902,127830,19,244296
18824,0.001204,172.31.36.0-255,66,127896,19,244296
18825,0.001227,74.125.68.0-255,5738,133634,19,244296
18826,0.001229,172.31.36.0-255,66,133700,19,244296
18827,0.001234,74.125.68.0-255,2902,136602,19,244296
18828,0.001237,172.31.36.0-255,66,136668,19,244296
18829,0.001243,74.125.68.0-255,4320,140988,19,244296
18830,0.001246,172.31.36.0-255,66,141054,19,244296
18831,0.00127,74.125.68.0-255,4320,145374,19,244296
18832,0.001273,172.31.36.0-255,66,145440,19,244296
18833,0.001297,74.125.68.0-255,4320,149760,19,244296
18834,0.0013,172.31.36.0-255,66,149826,19,244296
18835,0.001306,74.125.68.0-255,4320,154146,19,244296
18836,0.001308,172.31.36.0-255,66,154212,19,244296
18837,0.001344,74.125.68.0-255,3602,157814,19,244296
18838,0.001348,172.31.36.0-255,66,157880,19,244296
18839,0.001526,74.125.68.0-255,1484,159364,19,244296
18840,0.001531,74.125.68.0-255,1484,160848,19,244296
18841,0.001535,172.31.36.0-255,66,160914,19,244296
18842,0.00154,74.125.68.0-255,2902,163816,19,244296
18843,0.001542,172.31.36.0-255,66,163882,19,244296
18844,0.001573,74.125.68.0-255,5738,169620,19,244296
18845,0.001576,172.31.36.0-255,66,169686,19,244296
18846,0.001581,74.125.68.0-255,4320,174006,19,244296
18847,0.001583,172.31.36.0-255,66,174072,19,244296
18848,0.00161,74.125.68.0-255,5738,179810,19,244296
18849,0.001613,172.31.36.0-255,66,179876,19,244296
18850,0.001631,74.125.68.0-255,2902,182778,19,244296
18851,0.001633,172.31.36.0-255,66,182844,19,244296
18852,0.001648,74.125.68.0-255,4320,187164,19,244296
18853,0.00165,172.31.36.0-255,66,187230,19,244296
18854,0.001674,74.125.68.0-255,1484,188714,19,244296
18855,0.00169,74.125.68.0-255,3602,192316,19,244296
18856,0.001692,172.31.36.0-255,66,192382,19,244296
18857,0.001837,74.125.68.0-255,1484,193866,19,244296
18858,0.001854,74.125.68.0-255,2902,196768,19,244296
18859,0.001858,172.31.36.0-255,66,196834,19,244296
18860,0.001872,74.125.68.0-255,2902,199736,19,244296
18861,0.001875,172.31.36.0-255,66,199802,19,244296
18862,0.001898,74.125.68.0-255,2902,202704,19,244296
18863,0.001901,172.31.36.0-255,66,202770,19,244296
18864,0.001918,74.125.68.0-255,1484,204254,19,244296
18865,0.001944,74.125.68.0-255,5738,209992,19,244296
18866,0.001946,172.31.36.0-255,66,210058,19,244296
18867,0.00195,74.125.68.0-255,1484,211542,19,244296
18868,0.001954,74.125.68.0-255,2902,214444,19,244296
18869,0.001956,172.31.36.0-255,66,214510,19,244296
18870,0.001982,74.125.68.0-255,5738,220248,19,244296
18871,0.001986,172.31.36.0-255,66,220314,19,244296
18872,0.001989,74.125.68.0-255,1484,221798,19,244296
18873,0.002046,74.125.68.0-255,5020,226818,19,244296
18874,0.002051,172.31.36.0-255,66,226884,19,244296
18875,0.004361,74.125.68.0-255,5738,232622,19,244296
18876,0.004369,172.31.36.0-255,66,232688,19,244296
18877,0.006652,74.125.68.0-255,5738,238426,19,244296
18878,0.00666,172.31.36.0-255,66,238492,19,244296
18879,0.008971,74.125.68.0-255,5738,244230,19,244296
18880,0.00898,172.31.36.0-255,66,244296,19,244296
18881,0.0,74.125.24.0-255,150,150,19,240763
18882,2.8e-05,172.31.36.0-255,66,216,19,240763
18883,3.4e-05,74.125.24.0-255,1484,1700,19,240763
18884,3.9e-05,172.31.36.0-255,66,1766,19,240763
18885,5.2e-05,74.125.24.0-255,2902,4668,19,240763
18886,5.5e-05,172.31.36.0-255,66,4734,19,240763
18887,6.2e-05,74.125.24.0-255,5738,10472,19,240763
18888,6.5e-05,172.31.36.0-255,66,10538,19,240763
18889,7.2e-05,74.125.24.0-255,5738,16276,19,240763
18890,7.4e-05,172.31.36.0-255,66,16342,19,240763
18891,0.000105,74.125.24.0-255,7691,24033,19,240763
18892,0.000109,172.31.36.0-255,66,24099,19,240763
18893,0.000172,74.125.24.0-255,2902,27001,19,240763
18894,0.000175,172.31.36.0-255,66,27067,19,240763
18895,0.000194,74.125.24.0-255,3961,31028,19,240763
18896,0.000198,172.31.36.0-255,66,31094,19,240763
18897,0.000229,74.125.24.0-255,7156,38250,19,240763
18898,0.000232,172.31.36.0-255,66,38316,19,240763
18899,0.000257,74.125.24.0-255,5738,44054,19,240763
18900,0.00026,172.31.36.0-255,66,44120,19,240763
18901,0.000292,74.125.24.0-255,9633,53753,19,240763
18902,0.000296,172.31.36.0-255,66,53819,19,240763
18903,0.00037,74.125.24.0-255,8574,62393,19,240763
18904,0.000377,172.31.36.0-255,66,62459,19,240763
18905,0.000384,74.125.24.0-255,2851,65310,19,240763
18906,0.000386,172.31.36.0-255,66,65376,19,240763
18907,0.000416,74.125.24.0-255,114,65490,19,240763
18908,0.00042,172.31.36.0-255,66,65556,19,240763
18909,0.000444,74.125.24.0-255,1484,67040,19,240763
18910,0.000447,172.31.36.0-255,66,67106,19,240763
18911,0.000453,74.125.24.0-255,2902,70008,19,240763
18912,0.000455,172.31.36.0-255,66,70074,19,240763
18913,0.000488,74.125.24.0-255,7156,77230,19,240763
18914,0.000493,172.31.36.0-255,66,77296,19,240763
18915,0.00052,74.125.24.0-255,4320,81616,19,240763
18916,0.000523,172.31.36.0-255,66,81682,19,240763
18917,0.00055,74.125.24.0-255,1125,82807,19,240763
18918,0.000555,74.125.24.0-255,331,83138,19,240763
18919,0.000562,74.125.24.0-255,7156,90294,19,240763
18920,0.000565,172.31.36.0-255,66,90360,19,240763
18921,0.000616,74.125.24.0-255,9633,99993,19,240763
18922,0.000621,172.31.36.0-255,66,100059,19,240763
18923,0.001124,74.125.24.0-255,1484,101543,19,240763
18924,0.00113,74.125.24.0-255,2902,104445,19,240763
18925,0.001134,172.31.36.0-255,66,104511,19,240763
18926,0.001169,74.125.24.0-255,5738,110249,19,240763
18927,0.001173,172.31.36.0-255,66,110315,19,240763
18928,0.001188,172.31.36.0-255,66,110381,19,240763
18929,0.001251,74.125.24.0-255,7156,117537,19,240763
18930,0.001255,172.31.36.0-255,66,117603,19,240763
18931,0.00128,74.125.24.0-255,5020,122623,19,240763
18932,0.001284,172.31.36.0-255,66,122689,19,240763
18933,0.001352,74.125.24.0-255,1484,124173,19,240763
18934,0.001358,74.125.24.0-255,2902,127075,19,240763
18935,0.001361,172.31.36.0-255,66,127141,19,240763
18936,0.001391,74.125.24.0-255,5738,132879,19,240763
18937,0.001395,172.31.36.0-255,66,132945,19,240763
18938,0.001403,74.125.24.0-255,7156,140101,19,240763
18939,0.001406,172.31.36.0-255,66,140167,19,240763
18940,0.001442,74.125.24.0-255,5738,145905,19,240763
18941,0.001446,172.31.36.0-255,66,145971,19,240763
18942,0.001543,74.125.24.0-255,5738,151709,19,240763
18943,0.001547,172.31.36.0-255,66,151775,19,240763
18944,0.001576,74.125.24.0-255,5020,156795,19,240763
18945,0.00158,172.31.36.0-255,66,156861,19,240763
18946,0.001587,74.125.24.0-255,5738,162599,19,240763
18947,0.001589,172.31.36.0-255,66,162665,19,240763
18948,0.001616,74.125.24.0-255,1484,164149,19,240763
18949,0.001635,74.125.24.0-255,4320,168469,19,240763
18950,0.001638,172.31.36.0-255,66,168535,19,240763
18951,0.001684,172.31.36.0-255,66,168601,19,240763
18952,0.001752,74.125.24.0-255,7156,175757,19,240763
18953,0.001757,172.31.36.0-255,66,175823,19,240763
18954,0.001791,74.125.24.0-255,6438,182261,19,240763
18955,0.001794,172.31.36.0-255,66,182327,19,240763
18956,0.001853,74.125.24.0-255,5738,188065,19,240763
18957,0.001858,172.31.36.0-255,66,188131,19,240763
18958,0.0019,172.31.36.0-255,66,188197,19,240763
18959,0.002024,74.125.24.0-255,2902,191099,19,240763
18960,0.002029,172.31.36.0-255,66,191165,19,240763
18961,0.002045,74.125.24.0-255,4320,195485,19,240763
18962,0.002047,172.31.36.0-255,66,195551,19,240763
18963,0.002112,172.31.36.0-255,66,195617,19,240763
18964,0.002257,74.125.24.0-255,7156,202773,19,240763
18965,0.002262,172.31.36.0-255,66,202839,19,240763
18966,0.002286,74.125.24.0-255,5738,208577,19,240763
18967,0.002291,172.31.36.0-255,66,208643,19,240763
18968,0.00235,74.125.24.0-255,9992,218635,19,240763
18969,0.002356,172.31.36.0-255,66,218701,19,240763
18970,0.002415,172.31.36.0-255,66,218767,19,240763
18971,0.002617,74.125.24.0-255,4320,223087,19,240763
18972,0.00262,172.31.36.0-255,66,223153,19,240763
18973,0.002713,172.31.36.0-255,66,223219,19,240763
18974,0.002743,172.31.36.0-255,66,223285,19,240763
18975,0.004965,74.125.24.0-255,1484,224769,19,240763
18976,0.004977,74.125.24.0-255,4320,229089,19,240763
18977,0.00498,172.31.36.0-255,66,229155,19,240763
18978,0.00726,74.125.24.0-255,5738,234893,19,240763
18979,0.007265,172.31.36.0-255,66,234959,19,240763
18980,0.009506,74.125.24.0-255,5738,240697,19,240763
18981,0.009511,172.31.36.0-255,66,240763,19,240763
18982,0.0,74.125.24.0-255,153,153,19,155985
18983,2.3e-05,172.31.36.0-255,66,219,19,155985
18984,3e-05,74.125.24.0-255,1484,1703,19,155985
18985,3.5e-05,172.31.36.0-255,66,1769,19,155985
18986,4.9e-05,74.125.24.0-255,2902,4671,19,155985
18987,5.2e-05,172.31.36.0-255,66,4737,19,155985
18988,6e-05,74.125.24.0-255,7156,11893,19,155985
18989,6.3e-05,172.31.36.0-255,66,11959,19,155985
18990,6.6e-05,74.125.24.0-255,1484,13443,19,155985
18991,6.9e-05,172.31.36.0-255,66,13509,19,155985
18992,0.000101,74.125.24.0-255,5738,19247,19,155985
18993,0.000105,172.31.36.0-255,66,19313,19,155985
18994,0.000132,74.125.24.0-255,1930,21243,19,155985
18995,0.000134,172.31.36.0-255,66,21309,19,155985
18996,0.000143,74.125.24.0-255,8574,29883,19,155985
18997,0.000146,172.31.36.0-255,66,29949,19,155985
18998,0.000169,172.31.36.0-255,66,30015,19,155985
18999,0.00023,74.125.24.0-255,1484,31499,19,155985
19000,0.000232,172.31.36.0-255,66,31565,19,155985
19001,0.000261,74.125.24.0-255,2902,34467,19,155985
19002,0.000264,172.31.36.0-255,66,34533,19,155985
19003,0.000268,74.125.24.0-255,1484,36017,19,155985
19004,0.00027,172.31.36.0-255,66,36083,19,155985
19005,0.000294,74.125.24.0-255,4320,40403,19,155985
19006,0.000297,172.31.36.0-255,66,40469,19,155985
19007,0.000307,74.125.24.0-255,4320,44789,19,155985
19008,0.000309,172.31.36.0-255,66,44855,19,155985
19009,0.00036,74.125.24.0-255,2848,47703,19,155985
19010,0.000362,172.31.36.0-255,66,47769,19,155985
19011,0.000391,74.125.24.0-255,117,47886,19,155985
19012,0.000395,172.31.36.0-255,66,47952,19,155985
19013,0.000435,74.125.24.0-255,1484,49436,19,155985
19014,0.000458,74.125.24.0-255,2902,52338,19,155985
19015,0.000461,74.125.24.0-255,1484,53822,19,155985
19016,0.000481,74.125.24.0-255,4320,58142,19,155985
19017,0.000509,74.125.24.0-255,6481,64623,19,155985
19018,0.000607,172.31.36.0-255,66,64689,19,155985
19019,0.000862,74.125.24.0-255,1484,66173,19,155985
19020,0.000881,74.125.24.0-255,2902,69075,19,155985
19021,0.000884,74.125.24.0-255,1484,70559,19,155985
19022,0.00089,172.31.36.0-255,66,70625,19,155985
19023,0.000901,74.125.24.0-255,4320,74945,19,155985
19024,0.000924,74.125.24.0-255,7156,82101,19,155985
19025,0.000927,74.125.24.0-255,1484,83585,19,155985
19026,0.00093,172.31.36.0-255,66,83651,19,155985
19027,0.000964,74.125.24.0-255,7156,90807,19,155985
19028,0.000973,74.125.24.0-255,7856,98663,19,155985
19029,0.000988,172.31.36.0-255,66,98729,19,155985
19030,0.001806,74.125.24.0-255,1484,100213,19,155985
19031,0.001815,74.125.24.0-255,2902,103115,19,155985
19032,0.001819,172.31.36.0-255,66,103181,19,155985
19033,0.001826,74.125.24.0-255,2902,106083,19,155985
19034,0.00185,74.125.24.0-255,2902,108985,19,155985
19035,0.001853,74.125.24.0-255,1484,110469,19,155985
19036,0.001886,74.125.24.0-255,7156,117625,19,155985
19037,0.001936,74.125.24.0-255,3602,121227,19,155985
19038,0.002061,74.125.24.0-255,1484,122711,19,155985
19039,0.002066,74.125.24.0-255,1484,124195,19,155985
19040,0.002079,74.125.24.0-255,1484,125679,19,155985
19041,0.002085,74.125.24.0-255,5738,131417,19,155985
19042,0.00211,74.125.24.0-255,7156,138573,19,155985
19043,0.002127,74.125.24.0-255,5738,144311,19,155985
19044,0.004395,172.31.36.0-255,66,144377,19,155985
19045,0.006534,74.125.24.0-255,5738,150115,19,155985
19046,0.00654,172.31.36.0-255,66,150181,19,155985
19047,0.008655,74.125.24.0-255,5738,155919,19,155985
19048,0.008694,172.31.36.0-255,66,155985,19,155985
19049,0.0,172.217.194.0-255,150,150,19,274662
19050,1.6e-05,172.31.36.0-255,66,216,19,274662
19051,2.4e-05,172.217.194.0-255,1484,1700,19,274662
19052,2.8e-05,172.31.36.0-255,66,1766,19,274662
19053,4.2e-05,172.217.194.0-255,2902,4668,19,274662
19054,4.5e-05,172.31.36.0-255,66,4734,19,274662
19055,5.3e-05,172.217.194.0-255,7156,11890,19,274662
19056,5.6e-05,172.31.36.0-255,66,11956,19,274662
19057,7.5e-05,172.217.194.0-255,2017,13973,19,274662
19058,8.2e-05,172.31.36.0-255,66,14039,19,274662
19059,8.7e-05,172.217.194.0-255,2902,16941,19,274662
19060,8.9e-05,172.31.36.0-255,66,17007,19,274662
19061,0.000119,172.217.194.0-255,7156,24163,19,274662
19062,0.000122,172.31.36.0-255,66,24229,19,274662
19063,0.00013,172.217.194.0-255,6797,31026,19,274662
19064,0.000133,172.31.36.0-255,66,31092,19,274662
19065,0.000165,172.217.194.0-255,7156,38248,19,274662
19066,0.000168,172.31.36.0-255,66,38314,19,274662
19067,0.000196,172.217.194.0-255,2902,41216,19,274662
19068,0.000199,172.31.36.0-255,66,41282,19,274662
19069,0.000231,172.217.194.0-255,6797,48079,19,274662
19070,0.000234,172.31.36.0-255,66,48145,19,274662
19071,0.000243,172.217.194.0-255,9992,58137,19,274662
19072,0.000245,172.31.36.0-255,66,58203,19,274662
19073,0.000253,172.217.194.0-255,6797,65000,19,274662
19074,0.000255,172.31.36.0-255,66,65066,19,274662
19075,0.000258,172.217.194.0-255,678,65744,19,274662
19076,0.00026,172.31.36.0-255,66,65810,19,274662
19077,0.000309,172.217.194.0-255,1484,67294,19,274662
19078,0.000312,172.31.36.0-255,66,67360,19,274662
19079,0.000318,172.217.194.0-255,4320,71680,19,274662
19080,0.000321,172.31.36.0-255,66,71746,19,274662
19081,0.000332,172.217.194.0-255,5738,77484,19,274662
19082,0.000334,172.31.36.0-255,66,77550,19,274662
19083,0.000381,172.217.194.0-255,8215,85765,19,274662
19084,0.000384,172.31.36.0-255,66,85831,19,274662
19085,0.000391,172.217.194.0-255,5738,91569,19,274662
19086,0.000393,172.31.36.0-255,66,91635,19,274662
19087,0.000409,172.217.194.0-255,2902,94537,19,274662
19088,0.000418,172.31.36.0-255,66,94603,19,274662
19089,0.000428,172.217.194.0-255,2902,97505,19,274662
19090,0.000431,172.31.36.0-255,66,97571,19,274662
19091,0.00046,172.217.194.0-255,2543,100114,19,274662
19092,0.000462,172.31.36.0-255,66,100180,19,274662
19093,0.000522,172.217.194.0-255,1484,101664,19,274662
19094,0.000527,172.217.194.0-255,1484,103148,19,274662
19095,0.000529,172.31.36.0-255,66,103214,19,274662
19096,0.000558,172.217.194.0-255,1484,104698,19,274662
19097,0.000565,172.217.194.0-255,5738,110436,19,274662
19098,0.000568,172.31.36.0-255,66,110502,19,274662
19099,0.000583,172.31.36.0-255,66,110568,19,274662
19100,0.000586,172.217.194.0-255,1484,112052,19,274662
19101,0.000622,172.217.194.0-255,9274,121326,19,274662
19102,0.000625,172.31.36.0-255,66,121392,19,274662
19103,0.000965,172.217.194.0-255,1484,122876,19,274662
19104,0.000972,172.217.194.0-255,2902,125778,19,274662
19105,0.000975,172.31.36.0-255,66,125844,19,274662
19106,0.000983,172.217.194.0-255,5738,131582,19,274662
19107,0.000985,172.31.36.0-255,66,131648,19,274662
19108,0.001023,172.31.36.0-255,66,131714,19,274662
19109,0.001056,172.217.194.0-255,10692,142406,19,274662
19110,0.001066,172.31.36.0-255,66,142472,19,274662
19111,0.001134,172.217.194.0-255,1484,143956,19,274662
19112,0.001138,172.217.194.0-255,1484,145440,19,274662
19113,0.001142,172.31.36.0-255,66,145506,19,274662
19114,0.00117,172.217.194.0-255,1484,146990,19,274662
19115,0.001176,172.217.194.0-255,5738,152728,19,274662
19116,0.001179,172.31.36.0-255,66,152794,19,274662
19117,0.001194,172.31.36.0-255,66,152860,19,274662
19118,0.001202,172.217.194.0-255,8574,161434,19,274662
19119,0.001205,172.31.36.0-255,66,161500,19,274662
19120,0.001246,172.217.194.0-255,2184,163684,19,274662
19121,0.001249,172.31.36.0-255,66,163750,19,274662
19122,0.001325,172.217.194.0-255,1484,165234,19,274662
19123,0.00133,172.217.194.0-255,2902,168136,19,274662
19124,0.001334,172.31.36.0-255,66,168202,19,274662
19125,0.001341,172.217.194.0-255,5738,173940,19,274662
19126,0.001343,172.31.36.0-255,66,174006,19,274662
19127,0.00137,172.31.36.0-255,66,174072,19,274662
19128,0.00144,172.217.194.0-255,10692,184764,19,274662
19129,0.001443,172.31.36.0-255,66,184830,19,274662
19130,0.001446,172.217.194.0-255,1484,186314,19,274662
19131,0.001467,172.217.194.0-255,2902,189216,19,274662
19132,0.00147,172.31.36.0-255,66,189282,19,274662
19133,0.001476,172.217.194.0-255,5738,195020,19,274662
19134,0.001479,172.31.36.0-255,66,195086,19,274662
19135,0.001525,172.31.36.0-255,66,195152,19,274662
19136,0.001532,172.217.194.0-255,7156,202308,19,274662
19137,0.001535,172.31.36.0-255,66,202374,19,274662
19138,0.00157,172.217.194.0-255,3602,205976,19,274662
19139,0.001573,172.31.36.0-255,66,206042,19,274662
19140,0.001602,172.217.194.0-255,1484,207526,19,274662
19141,0.001626,172.217.194.0-255,2902,210428,19,274662
19142,0.001629,172.31.36.0-255,66,210494,19,274662
19143,0.001636,172.217.194.0-255,5738,216232,19,274662
19144,0.001638,172.31.36.0-255,66,216298,19,274662
19145,0.001673,172.31.36.0-255,66,216364,19,274662
19146,0.001722,172.217.194.0-255,10692,227056,19,274662
19147,0.001725,172.31.36.0-255,66,227122,19,274662
19148,0.001753,172.217.194.0-255,5738,232860,19,274662
19149,0.001756,172.31.36.0-255,66,232926,19,274662
19150,0.001783,172.217.194.0-255,5738,238664,19,274662
19151,0.001785,172.31.36.0-255,66,238730,19,274662
19152,0.001792,172.217.194.0-255,5738,244468,19,274662
19153,0.001794,172.31.36.0-255,66,244534,19,274662
19154,0.001819,172.217.194.0-255,4320,248854,19,274662
19155,0.001822,172.31.36.0-255,66,248920,19,274662
19156,0.001859,172.31.36.0-255,66,248986,19,274662
19157,0.001867,172.217.194.0-255,7156,256142,19,274662
19158,0.00187,172.31.36.0-255,66,256208,19,274662
19159,0.001915,172.31.36.0-255,66,256274,19,274662
19160,0.001925,172.217.194.0-255,10692,266966,19,274662
19161,0.001928,172.31.36.0-255,66,267032,19,274662
19162,0.001935,172.217.194.0-255,7156,274188,19,274662
19163,0.001937,172.31.36.0-255,66,274254,19,274662
19164,0.001983,172.31.36.0-255,66,274320,19,274662
19165,0.001998,172.31.36.0-255,66,274386,19,274662
19166,0.002019,172.217.194.0-255,105,274491,19,274662
19167,0.008877,172.31.36.0-255,66,274557,19,274662
19168,0.008917,172.31.36.0-255,105,274662,19,274662
19169,0.0,172.217.194.0-255,226,226,19,58023
19170,2.2e-05,172.31.36.0-255,66,292,19,58023
19171,3e-05,172.217.194.0-255,1484,1776,19,58023
19172,3.4e-05,172.31.36.0-255,66,1842,19,58023
19173,4.1e-05,172.217.194.0-255,4320,6162,19,58023
19174,5.3e-05,172.31.36.0-255,66,6228,19,58023
19175,0.000192,172.217.194.0-255,5738,11966,19,58023
19176,0.000198,172.31.36.0-255,66,12032,19,58023
19177,0.000228,172.217.194.0-255,3483,15515,19,58023
19178,0.000231,172.31.36.0-255,66,15581,19,58023
19179,0.000497,172.217.194.0-255,8574,24155,19,58023
19180,0.000505,172.31.36.0-255,66,24221,19,58023
19181,0.000785,172.217.194.0-255,9992,34213,19,58023
19182,0.000791,172.31.36.0-255,66,34279,19,58023
19183,0.00082,172.217.194.0-255,2902,37181,19,58023
19184,0.000823,172.31.36.0-255,66,37247,19,58023
19185,0.002329,172.217.194.0-255,2902,40149,19,58023
19186,0.002337,172.31.36.0-255,66,40215,19,58023
19187,0.0031,172.217.194.0-255,2902,43117,19,58023
19188,0.003103,172.31.36.0-255,66,43183,19,58023
19189,0.004629,172.217.194.0-255,2902,46085,19,58023
19190,0.004633,172.31.36.0-255,66,46151,19,58023
19191,0.005425,172.217.194.0-255,2902,49053,19,58023
19192,0.005431,172.31.36.0-255,66,49119,19,58023
19193,0.006928,172.217.194.0-255,2902,52021,19,58023
19194,0.006936,172.31.36.0-255,66,52087,19,58023
19195,0.007729,172.217.194.0-255,2902,54989,19,58023
19196,0.007736,172.31.36.0-255,66,55055,19,58023
19197,0.009242,172.217.194.0-255,2902,57957,19,58023
19198,0.00925,172.31.36.0-255,66,58023,19,58023
19199,0.0,74.125.24.0-255,152,152,19,191441
19200,1.4e-05,172.31.36.0-255,66,218,19,191441
19201,2.1e-05,74.125.24.0-255,1484,1702,19,191441
19202,2.6e-05,172.31.36.0-255,66,1768,19,191441
19203,3.1e-05,74.125.24.0-255,2902,4670,19,191441
19204,3.5e-05,172.31.36.0-255,66,4736,19,191441
19205,4.3e-05,74.125.24.0-255,7156,11892,19,191441
19206,4.7e-05,172.31.36.0-255,66,11958,19,191441
19207,5.2e-05,74.125.24.0-255,3435,15393,19,191441
19208,5.5e-05,172.31.36.0-255,66,15459,19,191441
19209,5.9e-05,74.125.24.0-255,1484,16943,19,191441
19210,6.2e-05,172.31.36.0-255,66,17009,19,191441
19211,0.000104,172.31.36.0-255,66,17075,19,191441
19212,0.000108,74.125.24.0-255,2543,19618,19,191441
19213,0.00011,172.31.36.0-255,66,19684,19,191441
19214,0.000149,74.125.24.0-255,1484,21168,19,191441
19215,0.000152,172.31.36.0-255,66,21234,19,191441
19216,0.000172,74.125.24.0-255,2902,24136,19,191441
19217,0.000175,172.31.36.0-255,66,24202,19,191441
19218,0.000182,74.125.24.0-255,5738,29940,19,191441
19219,0.000184,172.31.36.0-255,66,30006,19,191441
19220,0.00021,172.31.36.0-255,66,30072,19,191441
19221,0.000215,74.125.24.0-255,2902,32974,19,191441
19222,0.000217,172.31.36.0-255,66,33040,19,191441
19223,0.000241,74.125.24.0-255,8574,41614,19,191441
19224,0.000244,172.31.36.0-255,66,41680,19,191441
19225,0.000247,74.125.24.0-255,1420,43100,19,191441
19226,0.000249,172.31.36.0-255,66,43166,19,191441
19227,0.000296,74.125.24.0-255,129,43295,19,191441
19228,0.000299,172.31.36.0-255,66,43361,19,191441
19229,0.000328,74.125.24.0-255,352,43713,19,191441
19230,0.000703,74.125.24.0-255,1484,45197,19,191441
19231,0.000709,172.31.36.0-255,66,45263,19,191441
19232,0.000715,74.125.24.0-255,2902,48165,19,191441
19233,0.000717,172.31.36.0-255,66,48231,19,191441
19234,0.000724,74.125.24.0-255,5738,53969,19,191441
19235,0.000726,172.31.36.0-255,66,54035,19,191441
19236,0.000742,74.125.24.0-255,2902,56937,19,191441
19237,0.000744,172.31.36.0-255,66,57003,19,191441
19238,0.000763,74.125.24.0-255,9992,66995,19,191441
19239,0.000766,172.31.36.0-255,66,67061,19,191441
19240,0.000774,74.125.24.0-255,8574,75635,19,191441
19241,0.000776,172.31.36.0-255,66,75701,19,191441
19242,0.000804,74.125.24.0-255,2184,77885,19,191441
19243,0.000806,172.31.36.0-255,66,77951,19,191441
19244,0.000877,74.125.24.0-255,1484,79435,19,191441
19245,0.000898,74.125.24.0-255,2902,82337,19,191441
19246,0.000901,172.31.36.0-255,66,82403,19,191441
19247,0.000907,74.125.24.0-255,4320,86723,19,191441
19248,0.000909,172.31.36.0-255,66,86789,19,191441
19249,0.00094,74.125.24.0-255,8574,95363,19,191441
19250,0.000943,172.31.36.0-255,66,95429,19,191441
19251,0.000957,74.125.24.0-255,4320,99749,19,191441
19252,0.00096,172.31.36.0-255,66,99815,19,191441
19253,0.000994,172.31.36.0-255,66,99881,19,191441
19254,0.001456,74.125.24.0-255,1484,101365,19,191441
19255,0.001462,74.125.24.0-255,2902,104267,19,191441
19256,0.001466,172.31.36.0-255,66,104333,19,191441
19257,0.001488,74.125.24.0-255,5738,110071,19,191441
19258,0.00149,172.31.36.0-255,66,110137,19,191441
19259,0.001496,74.125.24.0-255,4320,114457,19,191441
19260,0.001498,172.31.36.0-255,66,114523,19,191441
19261,0.001518,74.125.24.0-255,8574,123097,19,191441
19262,0.001521,172.31.36.0-255,66,123163,19,191441
19263,0.001529,74.125.24.0-255,8574,131737,19,191441
19264,0.001531,172.31.36.0-255,66,131803,19,191441
19265,0.001567,74.125.24.0-255,2184,133987,19,191441
19266,0.00157,172.31.36.0-255,66,134053,19,191441
19267,0.00161,74.125.24.0-255,1484,135537,19,191441
19268,0.001615,74.125.24.0-255,2902,138439,19,191441
19269,0.001617,172.31.36.0-255,66,138505,19,191441
19270,0.001639,74.125.24.0-255,5738,144243,19,191441
19271,0.001642,172.31.36.0-255,66,144309,19,191441
19272,0.001664,74.125.24.0-255,8574,152883,19,191441
19273,0.001667,172.31.36.0-255,66,152949,19,191441
19274,0.001687,74.125.24.0-255,4320,157269,19,191441
19275,0.001689,172.31.36.0-255,66,157335,19,191441
19276,0.001712,74.125.24.0-255,2902,160237,19,191441
19277,0.001716,172.31.36.0-255,66,160303,19,191441
19278,0.001742,74.125.24.0-255,7856,168159,19,191441
19279,0.001745,172.31.36.0-255,66,168225,19,191441
19280,0.003743,74.125.24.0-255,5738,173963,19,191441
19281,0.00375,172.31.36.0-255,66,174029,19,191441
19282,0.005751,74.125.24.0-255,5738,179767,19,191441
19283,0.005758,172.31.36.0-255,66,179833,19,191441
19284,0.007712,74.125.24.0-255,5738,185571,19,191441
19285,0.007717,172.31.36.0-255,66,185637,19,191441
19286,0.009708,74.125.24.0-255,5738,191375,19,191441
19287,0.009715,172.31.36.0-255,66,191441,19,191441
19288,0.0,172.217.194.0-255,153,153,19,246299
19289,2.1e-05,172.31.36.0-255,66,219,19,246299
19290,2.8e-05,172.217.194.0-255,1484,1703,19,246299
19291,3.2e-05,172.31.36.0-255,66,1769,19,246299
19292,3.8e-05,172.217.194.0-255,2902,4671,19,246299
19293,4.1e-05,172.31.36.0-255,66,4737,19,246299
19294,4.8e-05,172.217.194.0-255,7156,11893,19,246299
19295,5.1e-05,172.31.36.0-255,66,11959,19,246299
19296,6.6e-05,172.31.36.0-255,66,12025,19,246299
19297,0.000104,172.217.194.0-255,5379,17404,19,246299
19298,0.000107,172.31.36.0-255,66,17470,19,246299
19299,0.000123,172.217.194.0-255,5738,23208,19,246299
19300,0.000125,172.31.36.0-255,66,23274,19,246299
19301,0.00016,172.31.36.0-255,66,23340,19,246299
19302,0.000167,172.217.194.0-255,5738,29078,19,246299
19303,0.000169,172.31.36.0-255,66,29144,19,246299
19304,0.000189,172.217.194.0-255,4320,33464,19,246299
19305,0.000191,172.31.36.0-255,66,33530,19,246299
19306,0.000238,172.217.194.0-255,5331,38861,19,246299
19307,0.000242,172.31.36.0-255,66,38927,19,246299
19308,0.000245,172.217.194.0-255,98,39025,19,246299
19309,0.000247,172.31.36.0-255,66,39091,19,246299
19310,0.000326,172.217.194.0-255,1484,40575,19,246299
19311,0.00033,172.31.36.0-255,66,40641,19,246299
19312,0.000335,172.217.194.0-255,2902,43543,19,246299
19313,0.000337,172.31.36.0-255,66,43609,19,246299
19314,0.000355,172.217.194.0-255,4320,47929,19,246299
19315,0.000358,172.31.36.0-255,66,47995,19,246299
19316,0.00038,172.217.194.0-255,1484,49479,19,246299
19317,0.000382,172.31.36.0-255,66,49545,19,246299
19318,0.00039,172.217.194.0-255,7156,56701,19,246299
19319,0.000393,172.31.36.0-255,66,56767,19,246299
19320,0.000401,172.217.194.0-255,7156,63923,19,246299
19321,0.000403,172.31.36.0-255,66,63989,19,246299
19322,0.000422,172.217.194.0-255,7156,71145,19,246299
19323,0.000425,172.31.36.0-255,66,71211,19,246299
19324,0.000431,172.217.194.0-255,1903,73114,19,246299
19325,0.000433,172.31.36.0-255,66,73180,19,246299
19326,0.000566,172.217.194.0-255,1484,74664,19,246299
19327,0.000573,172.217.194.0-255,2902,77566,19,246299
19328,0.000576,172.31.36.0-255,66,77632,19,246299
19329,0.000602,172.217.194.0-255,5738,83370,19,246299
19330,0.000606,172.31.36.0-255,66,83436,19,246299
19331,0.000619,172.31.36.0-255,66,83502,19,246299
19332,0.000642,172.217.194.0-255,1484,84986,19,246299
19333,0.000653,172.217.194.0-255,10692,95678,19,246299
19334,0.000655,172.31.36.0-255,66,95744,19,246299
19335,0.000849,172.217.194.0-255,1484,97228,19,246299
19336,0.000854,172.217.194.0-255,1484,98712,19,246299
19337,0.000858,172.31.36.0-255,66,98778,19,246299
19338,0.000876,172.217.194.0-255,1484,100262,19,246299
19339,0.000884,172.217.194.0-255,5738,106000,19,246299
19340,0.000886,172.31.36.0-255,66,106066,19,246299
19341,0.000892,172.217.194.0-255,5738,111804,19,246299
19342,0.000895,172.31.36.0-255,66,111870,19,246299
19343,0.000918,172.217.194.0-255,4320,116190,19,246299
19344,0.000921,172.31.36.0-255,66,116256,19,246299
19345,0.000949,172.217.194.0-255,8574,124830,19,246299
19346,0.000952,172.31.36.0-255,66,124896,19,246299
19347,0.000958,172.217.194.0-255,5020,129916,19,246299
19348,0.000961,172.31.36.0-255,66,129982,19,246299
19349,0.000993,172.217.194.0-255,2902,132884,19,246299
19350,0.000996,172.31.36.0-255,66,132950,19,246299
19351,0.001002,172.217.194.0-255,4320,137270,19,246299
19352,0.001004,172.31.36.0-255,66,137336,19,246299
19353,0.001028,172.217.194.0-255,8574,145910,19,246299
19354,0.001031,172.31.36.0-255,66,145976,19,246299
19355,0.001053,172.217.194.0-255,7156,153132,19,246299
19356,0.001056,172.31.36.0-255,66,153198,19,246299
19357,0.001079,172.217.194.0-255,4320,157518,19,246299
19358,0.001081,172.31.36.0-255,66,157584,19,246299
19359,0.001127,172.31.36.0-255,66,157650,19,246299
19360,0.001151,172.217.194.0-255,7856,165506,19,246299
19361,0.001154,172.31.36.0-255,66,165572,19,246299
19362,0.001158,172.217.194.0-255,2543,168115,19,246299
19363,0.00116,172.31.36.0-255,66,168181,19,246299
19364,0.001336,172.217.194.0-255,1484,169665,19,246299
19365,0.001341,172.217.194.0-255,2902,172567,19,246299
19366,0.001352,172.31.36.0-255,66,172633,19,246299
19367,0.00136,172.217.194.0-255,5738,178371,19,246299
19368,0.001362,172.31.36.0-255,66,178437,19,246299
19369,0.001367,172.217.194.0-255,2902,181339,19,246299
19370,0.001368,172.31.36.0-255,66,181405,19,246299
19371,0.001389,172.217.194.0-255,1484,182889,19,246299
19372,0.001395,172.217.194.0-255,5738,188627,19,246299
19373,0.001398,172.31.36.0-255,66,188693,19,246299
19374,0.001437,172.217.194.0-255,5738,194431,19,246299
19375,0.001439,172.31.36.0-255,66,194497,19,246299
19376,0.001459,172.217.194.0-255,5738,200235,19,246299
19377,0.001462,172.31.36.0-255,66,200301,19,246299
19378,0.001467,172.217.194.0-255,2184,202485,19,246299
19379,0.001469,172.31.36.0-255,66,202551,19,246299
19380,0.001709,172.217.194.0-255,1484,204035,19,246299
19381,0.001715,172.217.194.0-255,2902,206937,19,246299
19382,0.001719,172.31.36.0-255,66,207003,19,246299
19383,0.001726,172.217.194.0-255,5738,212741,19,246299
19384,0.001728,172.31.36.0-255,66,212807,19,246299
19385,0.001742,172.31.36.0-255,66,212873,19,246299
19386,0.001768,172.217.194.0-255,8574,221447,19,246299
19387,0.001771,172.31.36.0-255,66,221513,19,246299
19388,0.001792,172.217.194.0-255,2184,223697,19,246299
19389,0.001795,172.31.36.0-255,66,223763,19,246299
19390,0.001808,172.31.36.0-255,66,223829,19,246299
19391,0.001815,172.217.194.0-255,5738,229567,19,246299
19392,0.001817,172.31.36.0-255,66,229633,19,246299
19393,0.001841,172.217.194.0-255,4320,233953,19,246299
19394,0.001843,172.31.36.0-255,66,234019,19,246299
19395,0.001885,172.31.36.0-255,66,234085,19,246299
19396,0.001888,172.217.194.0-255,1484,235569,19,246299
19397,0.001946,172.217.194.0-255,7156,242725,19,246299
19398,0.00195,172.31.36.0-255,66,242791,19,246299
19399,0.001985,172.31.36.0-255,66,242857,19,246299
19400,0.002004,172.31.36.0-255,66,242923,19,246299
19401,0.002035,172.217.194.0-255,2902,245825,19,246299
19402,0.002038,172.31.36.0-255,66,245891,19,246299
19403,0.002054,172.31.36.0-255,66,245957,19,246299
19404,0.002068,172.31.36.0-255,66,246023,19,246299
19405,0.002072,172.217.194.0-255,105,246128,19,246299
19406,0.008724,172.31.36.0-255,66,246194,19,246299
19407,0.008766,172.31.36.0-255,105,246299,19,246299
19408,0.0,172.217.194.0-255,143,143,19,292456
19409,1.2e-05,172.31.36.0-255,66,209,19,292456
19410,4e-05,172.217.194.0-255,1484,1693,19,292456
19411,4.4e-05,172.31.36.0-255,66,1759,19,292456
19412,5.2e-05,172.217.194.0-255,2902,4661,19,292456
19413,5.5e-05,172.31.36.0-255,66,4727,19,292456
19414,6.4e-05,172.217.194.0-255,7156,11883,19,292456
19415,6.7e-05,172.31.36.0-255,66,11949,19,292456
19416,9.5e-05,172.217.194.0-255,2077,14026,19,292456
19417,9.7e-05,172.31.36.0-255,66,14092,19,292456
19418,0.000129,172.217.194.0-255,2902,16994,19,292456
19419,0.000132,172.31.36.0-255,66,17060,19,292456
19420,0.000138,172.217.194.0-255,5738,22798,19,292456
19421,0.000141,172.31.36.0-255,66,22864,19,292456
19422,0.000165,172.217.194.0-255,1484,24348,19,292456
19423,0.000167,172.31.36.0-255,66,24414,19,292456
19424,0.000171,172.217.194.0-255,1484,25898,19,292456
19425,0.000173,172.31.36.0-255,66,25964,19,292456
19426,0.000177,172.217.194.0-255,1484,27448,19,292456
19427,0.000179,172.31.36.0-255,66,27514,19,292456
19428,0.000193,172.217.194.0-255,3961,31475,19,292456
19429,0.000201,172.31.36.0-255,66,31541,19,292456
19430,0.000227,172.217.194.0-255,5738,37279,19,292456
19431,0.00023,172.31.36.0-255,66,37345,19,292456
19432,0.00026,172.217.194.0-255,7156,44501,19,292456
19433,0.000263,172.31.36.0-255,66,44567,19,292456
19434,0.000293,172.217.194.0-255,8574,53141,19,292456
19435,0.000295,172.31.36.0-255,66,53207,19,292456
19436,0.000325,172.217.194.0-255,6797,60004,19,292456
19437,0.000328,172.31.36.0-255,66,60070,19,292456
19438,0.000331,172.217.194.0-255,1484,61554,19,292456
19439,0.000333,172.31.36.0-255,66,61620,19,292456
19440,0.000361,172.217.194.0-255,4258,65878,19,292456
19441,0.000363,172.31.36.0-255,66,65944,19,292456
19442,0.000366,172.217.194.0-255,380,66324,19,292456
19443,0.000701,172.217.194.0-255,1484,67808,19,292456
19444,0.000708,172.31.36.0-255,66,67874,19,292456
19445,0.000713,172.217.194.0-255,2902,70776,19,292456
19446,0.000716,172.31.36.0-255,66,70842,19,292456
19447,0.000727,172.217.194.0-255,5738,76580,19,292456
19448,0.00073,172.31.36.0-255,66,76646,19,292456
19449,0.000734,172.217.194.0-255,1484,78130,19,292456
19450,0.00078,172.31.36.0-255,66,78196,19,292456
19451,0.000824,172.217.194.0-255,10692,88888,19,292456
19452,0.000828,172.31.36.0-255,66,88954,19,292456
19453,0.000851,172.217.194.0-255,1484,90438,19,292456
19454,0.000872,172.217.194.0-255,2902,93340,19,292456
19455,0.000875,172.31.36.0-255,66,93406,19,292456
19456,0.000883,172.217.194.0-255,5738,99144,19,292456
19457,0.000886,172.31.36.0-255,66,99210,19,292456
19458,0.000916,172.217.194.0-255,8574,107784,19,292456
19459,0.000919,172.31.36.0-255,66,107850,19,292456
19460,0.000981,172.31.36.0-255,66,107916,19,292456
19461,0.000999,172.31.36.0-255,66,107982,19,292456
19462,0.001029,172.217.194.0-255,4320,112302,19,292456
19463,0.001032,172.31.36.0-255,66,112368,19,292456
19464,0.001059,172.31.36.0-255,66,112434,19,292456
19465,0.001064,172.217.194.0-255,3602,116036,19,292456
19466,0.001067,172.31.36.0-255,66,116102,19,292456
19467,0.001126,172.217.194.0-255,1484,117586,19,292456
19468,0.001131,172.217.194.0-255,2902,120488,19,292456
19469,0.001134,172.31.36.0-255,66,120554,19,292456
19470,0.001138,172.217.194.0-255,1484,122038,19,292456
19471,0.001163,172.217.194.0-255,4320,126358,19,292456
19472,0.00117,172.217.194.0-255,7156,133514,19,292456
19473,0.001175,172.31.36.0-255,66,133580,19,292456
19474,0.001178,172.31.36.0-255,66,133646,19,292456
19475,0.001211,172.217.194.0-255,2902,136548,19,292456
19476,0.001214,172.31.36.0-255,66,136614,19,292456
19477,0.00122,172.217.194.0-255,2902,139516,19,292456
19478,0.001222,172.31.36.0-255,66,139582,19,292456
19479,0.001265,172.217.194.0-255,10692,150274,19,292456
19480,0.001268,172.31.36.0-255,66,150340,19,292456
19481,0.001319,172.217.194.0-255,1484,151824,19,292456
19482,0.001325,172.217.194.0-255,2902,154726,19,292456
19483,0.001327,172.31.36.0-255,66,154792,19,292456
19484,0.001331,172.217.194.0-255,1484,156276,19,292456
19485,0.001358,172.217.194.0-255,4320,160596,19,292456
19486,0.001361,172.31.36.0-255,66,160662,19,292456
19487,0.001367,172.217.194.0-255,5738,166400,19,292456
19488,0.00137,172.31.36.0-255,66,166466,19,292456
19489,0.001389,172.31.36.0-255,66,166532,19,292456
19490,0.00142,172.217.194.0-255,5020,171552,19,292456
19491,0.001423,172.31.36.0-255,66,171618,19,292456
19492,0.001737,172.217.194.0-255,1484,173102,19,292456
19493,0.001754,172.217.194.0-255,2902,176004,19,292456
19494,0.001759,172.31.36.0-255,66,176070,19,292456
19495,0.001788,172.217.194.0-255,4320,180390,19,292456
19496,0.001792,172.31.36.0-255,66,180456,19,292456
19497,0.001798,172.217.194.0-255,5738,186194,19,292456
19498,0.0018,172.31.36.0-255,66,186260,19,292456
19499,0.001825,172.217.194.0-255,2902,189162,19,292456
19500,0.001827,172.31.36.0-255,66,189228,19,292456
19501,0.001834,172.217.194.0-255,5738,194966,19,292456
19502,0.001836,172.31.36.0-255,66,195032,19,292456
19503,0.001863,172.217.194.0-255,2902,197934,19,292456
19504,0.001866,172.31.36.0-255,66,198000,19,292456
19505,0.001891,172.217.194.0-255,7856,205856,19,292456
19506,0.001894,172.31.36.0-255,66,205922,19,292456
19507,0.001936,172.217.194.0-255,1484,207406,19,292456
19508,0.001942,172.217.194.0-255,2902,210308,19,292456
19509,0.001944,172.31.36.0-255,66,210374,19,292456
19510,0.001948,172.217.194.0-255,1484,211858,19,292456
19511,0.001974,172.217.194.0-255,4320,216178,19,292456
19512,0.001977,172.31.36.0-255,66,216244,19,292456
19513,0.00198,172.217.194.0-255,1484,217728,19,292456
19514,0.001988,172.217.194.0-255,8574,226302,19,292456
19515,0.00199,172.31.36.0-255,66,226368,19,292456
19516,0.002018,172.217.194.0-255,4320,230688,19,292456
19517,0.002021,172.31.36.0-255,66,230754,19,292456
19518,0.002046,172.217.194.0-255,9274,240028,19,292456
19519,0.002049,172.31.36.0-255,66,240094,19,292456
19520,0.00211,172.217.194.0-255,1484,241578,19,292456
19521,0.002115,172.217.194.0-255,2902,244480,19,292456
19522,0.002117,172.31.36.0-255,66,244546,19,292456
19523,0.002124,172.217.194.0-255,5738,250284,19,292456
19524,0.002126,172.31.36.0-255,66,250350,19,292456
19525,0.002139,172.31.36.0-255,66,250416,19,292456
19526,0.002182,172.217.194.0-255,9992,260408,19,292456
19527,0.002185,172.31.36.0-255,66,260474,19,292456
19528,0.002206,172.217.194.0-255,7856,268330,19,292456
19529,0.002209,172.31.36.0-255,66,268396,19,292456
19530,0.002228,172.31.36.0-255,66,268462,19,292456
19531,0.002235,172.217.194.0-255,7856,276318,19,292456
19532,0.00227,172.217.194.0-255,7156,283474,19,292456
19533,0.00232,172.217.194.0-255,2902,286376,19,292456
19534,0.002326,172.217.194.0-255,5020,291396,19,292456
19535,0.002329,172.217.194.0-255,429,291825,19,292456
19536,0.005069,172.31.36.0-255,66,291891,19,292456
19537,0.007334,172.217.194.0-255,199,292090,19,292456
19538,0.008024,172.31.36.0-255,105,292195,19,292456
19539,0.00806,172.31.36.0-255,105,292300,19,292456
19540,0.008329,172.31.36.0-255,90,292390,19,292456
19541,0.00834,172.31.36.0-255,66,292456,19,292456
19542,0.0,74.125.200.0-255,152,152,19,399147
19543,3.4e-05,172.31.36.0-255,66,218,19,399147
19544,4.1e-05,74.125.200.0-255,1484,1702,19,399147
19545,4.6e-05,172.31.36.0-255,66,1768,19,399147
19546,5.1e-05,74.125.200.0-255,2902,4670,19,399147
19547,6.1e-05,172.31.36.0-255,66,4736,19,399147
19548,6.8e-05,74.125.200.0-255,4320,9056,19,399147
19549,7e-05,172.31.36.0-255,66,9122,19,399147
19550,9.6e-05,74.125.200.0-255,1484,10606,19,399147
19551,0.000103,172.31.36.0-255,66,10672,19,399147
19552,0.000113,74.125.200.0-255,6273,16945,19,399147
19553,0.000115,172.31.36.0-255,66,17011,19,399147
19554,0.000118,74.125.200.0-255,1484,18495,19,399147
19555,0.00012,172.31.36.0-255,66,18561,19,399147
19556,0.000145,74.125.200.0-255,1484,20045,19,399147
19557,0.000153,172.31.36.0-255,66,20111,19,399147
19558,0.000158,74.125.200.0-255,4320,24431,19,399147
19559,0.000161,172.31.36.0-255,66,24497,19,399147
19560,0.000164,74.125.200.0-255,1484,25981,19,399147
19561,0.000166,172.31.36.0-255,66,26047,19,399147
19562,0.000199,74.125.200.0-255,5379,31426,19,399147
19563,0.000203,172.31.36.0-255,66,31492,19,399147
19564,0.000311,74.125.200.0-255,1484,32976,19,399147
19565,0.000316,172.31.36.0-255,66,33042,19,399147
19566,0.00032,74.125.200.0-255,1484,34526,19,399147
19567,0.000321,172.31.36.0-255,66,34592,19,399147
19568,0.000345,74.125.200.0-255,2902,37494,19,399147
19569,0.000354,172.31.36.0-255,66,37560,19,399147
19570,0.000359,74.125.200.0-255,4320,41880,19,399147
19571,0.000363,172.31.36.0-255,66,41946,19,399147
19572,0.000394,74.125.200.0-255,1484,43430,19,399147
19573,0.000397,172.31.36.0-255,66,43496,19,399147
19574,0.000403,74.125.200.0-255,4320,47816,19,399147
19575,0.000406,172.31.36.0-255,66,47882,19,399147
19576,0.000419,74.125.200.0-255,5379,53261,19,399147
19577,0.000423,74.125.200.0-255,2902,56163,19,399147
19578,0.000424,172.31.36.0-255,66,56229,19,399147
19579,0.000428,172.31.36.0-255,66,56295,19,399147
19580,0.000463,74.125.200.0-255,7156,63451,19,399147
19581,0.000472,172.31.36.0-255,66,63517,19,399147
19582,0.000477,74.125.200.0-255,2899,66416,19,399147
19583,0.00048,172.31.36.0-255,66,66482,19,399147
19584,0.000505,74.125.200.0-255,330,66812,19,399147
19585,0.000617,74.125.200.0-255,1484,68296,19,399147
19586,0.000621,172.31.36.0-255,66,68362,19,399147
19587,0.000627,74.125.200.0-255,2902,71264,19,399147
19588,0.000629,172.31.36.0-255,66,71330,19,399147
19589,0.000632,74.125.200.0-255,1484,72814,19,399147
19590,0.000661,74.125.200.0-255,2902,75716,19,399147
19591,0.000665,172.31.36.0-255,66,75782,19,399147
19592,0.0007,74.125.200.0-255,5738,81520,19,399147
19593,0.000703,172.31.36.0-255,66,81586,19,399147
19594,0.000733,74.125.200.0-255,2902,84488,19,399147
19595,0.000736,172.31.36.0-255,66,84554,19,399147
19596,0.000743,74.125.200.0-255,7156,91710,19,399147
19597,0.000745,172.31.36.0-255,66,91776,19,399147
19598,0.000759,74.125.200.0-255,8574,100350,19,399147
19599,0.000762,172.31.36.0-255,66,100416,19,399147
19600,0.000765,74.125.200.0-255,766,101182,19,399147
19601,0.000936,74.125.200.0-255,1484,102666,19,399147
19602,0.000941,172.31.36.0-255,66,102732,19,399147
19603,0.000947,74.125.200.0-255,2902,105634,19,399147
19604,0.000949,172.31.36.0-255,66,105700,19,399147
19605,0.000953,74.125.200.0-255,2902,108602,19,399147
19606,0.000961,172.31.36.0-255,66,108668,19,399147
19607,0.000974,74.125.200.0-255,2902,111570,19,399147
19608,0.000978,74.125.200.0-255,2902,114472,19,399147
19609,0.000978,172.31.36.0-255,66,114538,19,399147
19610,0.000982,172.31.36.0-255,66,114604,19,399147
19611,0.001003,74.125.200.0-255,1484,116088,19,399147
19612,0.001015,74.125.200.0-255,5738,121826,19,399147
19613,0.001018,172.31.36.0-255,66,121892,19,399147
19614,0.001049,74.125.200.0-255,9992,131884,19,399147
19615,0.001052,172.31.36.0-255,66,131950,19,399147
19616,0.001079,74.125.200.0-255,3602,135552,19,399147
19617,0.001082,172.31.36.0-255,66,135618,19,399147
19618,0.001155,74.125.200.0-255,1484,137102,19,399147
19619,0.001168,74.125.200.0-255,2902,140004,19,399147
19620,0.001172,172.31.36.0-255,66,140070,19,399147
19621,0.001175,74.125.200.0-255,1484,141554,19,399147
19622,0.001199,74.125.200.0-255,2902,144456,19,399147
19623,0.001203,172.31.36.0-255,66,144522,19,399147
19624,0.001228,74.125.200.0-255,4320,148842,19,399147
19625,0.001232,172.31.36.0-255,66,148908,19,399147
19626,0.001262,74.125.200.0-255,1484,150392,19,399147
19627,0.001265,74.125.200.0-255,1484,151876,19,399147
19628,0.001268,172.31.36.0-255,66,151942,19,399147
19629,0.001272,74.125.200.0-255,2902,154844,19,399147
19630,0.001274,172.31.36.0-255,66,154910,19,399147
19631,0.001287,74.125.200.0-255,5738,160648,19,399147
19632,0.00129,172.31.36.0-255,66,160714,19,399147
19633,0.001295,74.125.200.0-255,5738,166452,19,399147
19634,0.001297,172.31.36.0-255,66,166518,19,399147
19635,0.001329,74.125.200.0-255,3602,170120,19,399147
19636,0.001332,172.31.36.0-255,66,170186,19,399147
19637,0.001378,74.125.200.0-255,1484,171670,19,399147
19638,0.001402,74.125.200.0-255,2902,174572,19,399147
19639,0.001405,172.31.36.0-255,66,174638,19,399147
19640,0.001409,74.125.200.0-255,1484,176122,19,399147
19641,0.001438,74.125.200.0-255,4320,180442,19,399147
19642,0.001441,172.31.36.0-255,66,180508,19,399147
19643,0.001469,172.31.36.0-255,66,180574,19,399147
19644,0.001473,74.125.200.0-255,2902,183476,19,399147
19645,0.001475,172.31.36.0-255,66,183542,19,399147
19646,0.001511,74.125.200.0-255,9274,192816,19,399147
19647,0.001515,172.31.36.0-255,66,192882,19,399147
19648,0.001518,74.125.200.0-255,1484,194366,19,399147
19649,0.001522,74.125.200.0-255,2902,197268,19,399147
19650,0.001523,172.31.36.0-255,66,197334,19,399147
19651,0.001529,74.125.200.0-255,5738,203072,19,399147
19652,0.001531,172.31.36.0-255,66,203138,19,399147
19653,0.001566,74.125.200.0-255,7156,210294,19,399147
19654,0.001569,172.31.36.0-255,66,210360,19,399147
19655,0.001575,74.125.200.0-255,7156,217516,19,399147
19656,0.001578,172.31.36.0-255,66,217582,19,399147
19657,0.001601,74.125.200.0-255,1484,219066,19,399147
19658,0.001609,74.125.200.0-255,7856,226922,19,399147
19659,0.001612,172.31.36.0-255,66,226988,19,399147
19660,0.001652,74.125.200.0-255,1484,228472,19,399147
19661,0.001665,74.125.200.0-255,2902,231374,19,399147
19662,0.001668,172.31.36.0-255,66,231440,19,399147
19663,0.001694,74.125.200.0-255,5738,237178,19,399147
19664,0.001697,172.31.36.0-255,66,237244,19,399147
19665,0.0017,74.125.200.0-255,1484,238728,19,399147
19666,0.001725,74.125.200.0-255,1484,240212,19,399147
19667,0.001728,172.31.36.0-255,66,240278,19,399147
19668,0.001752,74.125.200.0-255,1484,241762,19,399147
19669,0.001759,74.125.200.0-255,5738,247500,19,399147
19670,0.001762,172.31.36.0-255,66,247566,19,399147
19671,0.001768,74.125.200.0-255,4320,251886,19,399147
19672,0.00177,172.31.36.0-255,66,251952,19,399147
19673,0.001782,74.125.200.0-255,5738,257690,19,399147
19674,0.001785,172.31.36.0-255,66,257756,19,399147
19675,0.001849,74.125.200.0-255,3602,261358,19,399147
19676,0.001853,172.31.36.0-255,66,261424,19,399147
19677,0.001856,74.125.200.0-255,1484,262908,19,399147
19678,0.001884,74.125.200.0-255,2902,265810,19,399147
19679,0.001887,172.31.36.0-255,66,265876,19,399147
19680,0.001894,74.125.200.0-255,5738,271614,19,399147
19681,0.001896,172.31.36.0-255,66,271680,19,399147
19682,0.001906,74.125.200.0-255,2902,274582,19,399147
19683,0.00191,172.31.36.0-255,66,274648,19,399147
19684,0.001933,74.125.200.0-255,1484,276132,19,399147
19685,0.001958,74.125.200.0-255,8574,284706,19,399147
19686,0.001963,172.31.36.0-255,66,284772,19,399147
19687,0.001966,74.125.200.0-255,1484,286256,19,399147
19688,0.00197,74.125.200.0-255,2902,289158,19,399147
19689,0.001972,172.31.36.0-255,66,289224,19,399147
19690,0.001984,74.125.200.0-255,4320,293544,19,399147
19691,0.001987,172.31.36.0-255,66,293610,19,399147
19692,0.001998,74.125.200.0-255,1484,295094,19,399147
19693,0.002001,74.125.200.0-255,766,295860,19,399147
19694,0.002008,172.31.36.0-255,66,295926,19,399147
19695,0.002164,74.125.200.0-255,1484,297410,19,399147
19696,0.00217,74.125.200.0-255,2902,300312,19,399147
19697,0.002172,172.31.36.0-255,66,300378,19,399147
19698,0.002202,74.125.200.0-255,5738,306116,19,399147
19699,0.002205,172.31.36.0-255,66,306182,19,399147
19700,0.002245,74.125.200.0-255,4320,310502,19,399147
19701,0.002248,172.31.36.0-255,66,310568,19,399147
19702,0.002267,74.125.200.0-255,2902,313470,19,399147
19703,0.00227,172.31.36.0-255,66,313536,19,399147
19704,0.002275,74.125.200.0-255,4320,317856,19,399147
19705,0.002277,172.31.36.0-255,66,317922,19,399147
19706,0.00228,74.125.200.0-255,1484,319406,19,399147
19707,0.002312,74.125.200.0-255,4320,323726,19,399147
19708,0.002315,172.31.36.0-255,66,323792,19,399147
19709,0.002321,74.125.200.0-255,4320,328112,19,399147
19710,0.002323,172.31.36.0-255,66,328178,19,399147
19711,0.002326,74.125.200.0-255,1484,329662,19,399147
19712,0.002334,74.125.200.0-255,766,330428,19,399147
19713,0.002337,172.31.36.0-255,66,330494,19,399147
19714,0.002433,74.125.200.0-255,1484,331978,19,399147
19715,0.002455,74.125.200.0-255,2902,334880,19,399147
19716,0.002458,172.31.36.0-255,66,334946,19,399147
19717,0.002483,74.125.200.0-255,4320,339266,19,399147
19718,0.002486,172.31.36.0-255,66,339332,19,399147
19719,0.002513,74.125.200.0-255,2902,342234,19,399147
19720,0.002515,172.31.36.0-255,66,342300,19,399147
19721,0.002544,74.125.200.0-255,4320,346620,19,399147
19722,0.002547,172.31.36.0-255,66,346686,19,399147
19723,0.002555,74.125.200.0-255,8574,355260,19,399147
19724,0.002557,172.31.36.0-255,66,355326,19,399147
19725,0.002568,74.125.200.0-255,4320,359646,19,399147
19726,0.00257,172.31.36.0-255,66,359712,19,399147
19727,0.002573,74.125.200.0-255,1484,361196,19,399147
19728,0.002603,74.125.200.0-255,3602,364798,19,399147
19729,0.002607,172.31.36.0-255,66,364864,19,399147
19730,0.002637,74.125.200.0-255,4320,369184,19,399147
19731,0.00264,172.31.36.0-255,66,369250,19,399147
19732,0.002643,74.125.200.0-255,1484,370734,19,399147
19733,0.002645,74.125.200.0-255,1484,372218,19,399147
19734,0.002647,172.31.36.0-255,66,372284,19,399147
19735,0.002677,74.125.200.0-255,1484,373768,19,399147
19736,0.00268,74.125.200.0-255,1484,375252,19,399147
19737,0.002682,172.31.36.0-255,66,375318,19,399147
19738,0.002685,74.125.200.0-255,1484,376802,19,399147
19739,0.00271,74.125.200.0-255,4320,381122,19,399147
19740,0.002714,74.125.200.0-255,4320,385442,19,399147
19741,0.002714,172.31.36.0-255,66,385508,19,399147
19742,0.002717,74.125.200.0-255,1484,386992,19,399147
19743,0.002718,172.31.36.0-255,66,387058,19,399147
19744,0.002749,74.125.200.0-255,7156,394214,19,399147
19745,0.002752,172.31.36.0-255,66,394280,19,399147
19746,0.002757,74.125.200.0-255,2902,397182,19,399147
19747,0.002759,172.31.36.0-255,66,397248,19,399147
19748,0.002763,74.125.200.0-255,1491,398739,19,399147
19749,0.002765,172.31.36.0-255,66,398805,19,399147
19750,0.00282,74.125.200.0-255,105,398910,19,399147
19751,0.003653,172.31.36.0-255,66,398976,19,399147
19752,0.00368,172.31.36.0-255,105,399081,19,399147
19753,0.005894,74.125.200.0-255,66,399147,19,399147
19754,0.0,74.125.68.0-255,153,153,19,118682
19755,1.3e-05,172.31.36.0-255,66,219,19,118682
19756,1.9e-05,74.125.68.0-255,1484,1703,19,118682
19757,2.4e-05,172.31.36.0-255,66,1769,19,118682
19758,3e-05,74.125.68.0-255,2902,4671,19,118682
19759,3.4e-05,172.31.36.0-255,66,4737,19,118682
19760,3.7e-05,74.125.68.0-255,1484,6221,19,118682
19761,4e-05,172.31.36.0-255,66,6287,19,118682
19762,4.5e-05,74.125.68.0-255,2902,9189,19,118682
19763,4.8e-05,172.31.36.0-255,66,9255,19,118682
19764,5.1e-05,74.125.68.0-255,1484,10739,19,118682
19765,5.4e-05,172.31.36.0-255,66,10805,19,118682
19766,8.3e-05,74.125.68.0-255,3401,14206,19,118682
19767,8.6e-05,172.31.36.0-255,66,14272,19,118682
19768,0.000104,74.125.68.0-255,1484,15756,19,118682
19769,0.000106,172.31.36.0-255,66,15822,19,118682
19770,0.000119,74.125.68.0-255,2902,18724,19,118682
19771,0.000122,172.31.36.0-255,66,18790,19,118682
19772,0.000128,74.125.68.0-255,4320,23110,19,118682
19773,0.00013,172.31.36.0-255,66,23176,19,118682
19774,0.000148,74.125.68.0-255,1484,24660,19,118682
19775,0.00015,172.31.36.0-255,66,24726,19,118682
19776,0.000191,74.125.68.0-255,6797,31523,19,118682
19777,0.000196,172.31.36.0-255,66,31589,19,118682
19778,0.000801,74.125.68.0-255,1484,33073,19,118682
19779,0.000807,172.31.36.0-255,66,33139,19,118682
19780,0.000817,74.125.68.0-255,2902,36041,19,118682
19781,0.00082,172.31.36.0-255,66,36107,19,118682
19782,0.000849,74.125.68.0-255,4320,40427,19,118682
19783,0.000852,172.31.36.0-255,66,40493,19,118682
19784,0.000877,74.125.68.0-255,5738,46231,19,118682
19785,0.00088,172.31.36.0-255,66,46297,19,118682
19786,0.000917,74.125.68.0-255,6797,53094,19,118682
19787,0.00092,172.31.36.0-255,66,53160,19,118682
19788,0.000945,74.125.68.0-255,4320,57480,19,118682
19789,0.000948,172.31.36.0-255,66,57546,19,118682
19790,0.000971,74.125.68.0-255,2902,60448,19,118682
19791,0.000974,172.31.36.0-255,66,60514,19,118682
19792,0.00098,74.125.68.0-255,4320,64834,19,118682
19793,0.000982,172.31.36.0-255,66,64900,19,118682
19794,0.001005,74.125.68.0-255,1125,66025,19,118682
19795,0.001482,74.125.68.0-255,365,66390,19,118682
19796,0.001793,74.125.68.0-255,378,66768,19,118682
19797,0.001799,172.31.36.0-255,66,66834,19,118682
19798,0.001833,74.125.68.0-255,1484,68318,19,118682
19799,0.001851,74.125.68.0-255,4320,72638,19,118682
19800,0.001854,172.31.36.0-255,66,72704,19,118682
19801,0.001878,74.125.68.0-255,5738,78442,19,118682
19802,0.001881,172.31.36.0-255,66,78508,19,118682
19803,0.001908,74.125.68.0-255,7156,85664,19,118682
19804,0.001911,172.31.36.0-255,66,85730,19,118682
19805,0.001925,74.125.68.0-255,2902,88632,19,118682
19806,0.001927,172.31.36.0-255,66,88698,19,118682
19807,0.001953,74.125.68.0-255,9992,98690,19,118682
19808,0.001956,172.31.36.0-255,66,98756,19,118682
19809,0.001974,74.125.68.0-255,2184,100940,19,118682
19810,0.001977,172.31.36.0-255,66,101006,19,118682
19811,0.003983,74.125.68.0-255,2902,103908,19,118682
19812,0.003987,172.31.36.0-255,66,103974,19,118682
19813,0.004009,74.125.68.0-255,2902,106876,19,118682
19814,0.004012,172.31.36.0-255,66,106942,19,118682
19815,0.00598,74.125.68.0-255,2902,109844,19,118682
19816,0.005987,172.31.36.0-255,66,109910,19,118682
19817,0.006005,74.125.68.0-255,2902,112812,19,118682
19818,0.006007,172.31.36.0-255,66,112878,19,118682
19819,0.007993,74.125.68.0-255,5738,118616,19,118682
19820,0.008001,172.31.36.0-255,66,118682,19,118682
19821,0.0,74.125.130.0-255,143,143,19,193049
19822,2.8e-05,172.31.36.0-255,66,209,19,193049
19823,4.9e-05,74.125.130.0-255,1484,1693,19,193049
19824,5.3e-05,172.31.36.0-255,66,1759,19,193049
19825,6.8e-05,74.125.130.0-255,2902,4661,19,193049
19826,7.1e-05,172.31.36.0-255,66,4727,19,193049
19827,7.5e-05,74.125.130.0-255,1484,6211,19,193049
19828,7.7e-05,172.31.36.0-255,66,6277,19,193049
19829,9.8e-05,74.125.130.0-255,4320,10597,19,193049
19830,0.000101,172.31.36.0-255,66,10663,19,193049
19831,0.000106,74.125.130.0-255,3464,14127,19,193049
19832,0.000108,172.31.36.0-255,66,14193,19,193049
19833,0.000112,74.125.130.0-255,4320,18513,19,193049
19834,0.000115,172.31.36.0-255,66,18579,19,193049
19835,0.000136,74.125.130.0-255,1484,20063,19,193049
19836,0.000139,172.31.36.0-255,66,20129,19,193049
19837,0.000166,74.125.130.0-255,8574,28703,19,193049
19838,0.00017,172.31.36.0-255,66,28769,19,193049
19839,0.000174,74.125.130.0-255,2543,31312,19,193049
19840,0.000177,172.31.36.0-255,66,31378,19,193049
19841,0.000328,74.125.130.0-255,1484,32862,19,193049
19842,0.000334,172.31.36.0-255,66,32928,19,193049
19843,0.000352,74.125.130.0-255,1484,34412,19,193049
19844,0.000355,172.31.36.0-255,66,34478,19,193049
19845,0.000371,74.125.130.0-255,1484,35962,19,193049
19846,0.000376,172.31.36.0-255,66,36028,19,193049
19847,0.000382,74.125.130.0-255,1484,37512,19,193049
19848,0.000384,172.31.36.0-255,66,37578,19,193049
19849,0.000409,74.125.130.0-255,4320,41898,19,193049
19850,0.000413,172.31.36.0-255,66,41964,19,193049
19851,0.000423,74.125.130.0-255,1484,43448,19,193049
19852,0.000426,172.31.36.0-255,66,43514,19,193049
19853,0.000445,74.125.130.0-255,4320,47834,19,193049
19854,0.000448,172.31.36.0-255,66,47900,19,193049
19855,0.000464,74.125.130.0-255,4320,52220,19,193049
19856,0.000467,172.31.36.0-255,66,52286,19,193049
19857,0.000486,74.125.130.0-255,2902,55188,19,193049
19858,0.000489,172.31.36.0-255,66,55254,19,193049
19859,0.000508,74.125.130.0-255,2902,58156,19,193049
19860,0.00051,172.31.36.0-255,66,58222,19,193049
19861,0.000517,74.125.130.0-255,5738,63960,19,193049
19862,0.00052,172.31.36.0-255,66,64026,19,193049
19863,0.00056,74.125.130.0-255,2184,66210,19,193049
19864,0.000564,172.31.36.0-255,66,66276,19,193049
19865,0.00061,74.125.130.0-255,379,66655,19,193049
19866,0.000634,74.125.130.0-255,364,67019,19,193049
19867,0.000792,172.31.36.0-255,66,67085,19,193049
19868,0.000806,74.125.130.0-255,1484,68569,19,193049
19869,0.000831,74.125.130.0-255,2902,71471,19,193049
19870,0.000834,172.31.36.0-255,66,71537,19,193049
19871,0.000865,74.125.130.0-255,5738,77275,19,193049
19872,0.000869,172.31.36.0-255,66,77341,19,193049
19873,0.000872,74.125.130.0-255,1484,78825,19,193049
19874,0.0009,74.125.130.0-255,2902,81727,19,193049
19875,0.000903,172.31.36.0-255,66,81793,19,193049
19876,0.000906,74.125.130.0-255,1484,83277,19,193049
19877,0.000935,74.125.130.0-255,1484,84761,19,193049
19878,0.000938,172.31.36.0-255,66,84827,19,193049
19879,0.000957,74.125.130.0-255,1484,86311,19,193049
19880,0.000964,74.125.130.0-255,5738,92049,19,193049
19881,0.000966,172.31.36.0-255,66,92115,19,193049
19882,0.00097,74.125.130.0-255,1484,93599,19,193049
19883,0.001015,74.125.130.0-255,1484,95083,19,193049
19884,0.001019,172.31.36.0-255,66,95149,19,193049
19885,0.001036,74.125.130.0-255,2902,98051,19,193049
19886,0.001039,172.31.36.0-255,66,98117,19,193049
19887,0.001071,74.125.130.0-255,3602,101719,19,193049
19888,0.00109,172.31.36.0-255,66,101785,19,193049
19889,0.001215,74.125.130.0-255,1484,103269,19,193049
19890,0.00124,74.125.130.0-255,2902,106171,19,193049
19891,0.001245,172.31.36.0-255,66,106237,19,193049
19892,0.00127,74.125.130.0-255,5738,111975,19,193049
19893,0.001274,172.31.36.0-255,66,112041,19,193049
19894,0.001278,74.125.130.0-255,1484,113525,19,193049
19895,0.001281,74.125.130.0-255,1484,115009,19,193049
19896,0.001283,172.31.36.0-255,66,115075,19,193049
19897,0.0013,74.125.130.0-255,1484,116559,19,193049
19898,0.001304,74.125.130.0-255,1484,118043,19,193049
19899,0.001307,172.31.36.0-255,66,118109,19,193049
19900,0.001324,74.125.130.0-255,4320,122429,19,193049
19901,0.001327,172.31.36.0-255,66,122495,19,193049
19902,0.001331,74.125.130.0-255,1484,123979,19,193049
19903,0.001355,74.125.130.0-255,2902,126881,19,193049
19904,0.001358,172.31.36.0-255,66,126947,19,193049
19905,0.001376,74.125.130.0-255,4320,131267,19,193049
19906,0.001379,172.31.36.0-255,66,131333,19,193049
19907,0.001406,74.125.130.0-255,5020,136353,19,193049
19908,0.001409,172.31.36.0-255,66,136419,19,193049
19909,0.001587,74.125.130.0-255,1484,137903,19,193049
19910,0.001595,74.125.130.0-255,2902,140805,19,193049
19911,0.001598,172.31.36.0-255,66,140871,19,193049
19912,0.001618,74.125.130.0-255,4320,145191,19,193049
19913,0.00162,172.31.36.0-255,66,145257,19,193049
19914,0.001638,74.125.130.0-255,1484,146741,19,193049
19915,0.001641,74.125.130.0-255,1484,148225,19,193049
19916,0.001644,172.31.36.0-255,66,148291,19,193049
19917,0.00165,74.125.130.0-255,2902,151193,19,193049
19918,0.001653,172.31.36.0-255,66,151259,19,193049
19919,0.001659,74.125.130.0-255,4320,155579,19,193049
19920,0.001662,172.31.36.0-255,66,155645,19,193049
19921,0.001689,74.125.130.0-255,1484,157129,19,193049
19922,0.001697,74.125.130.0-255,7156,164285,19,193049
19923,0.001701,172.31.36.0-255,66,164351,19,193049
19924,0.001737,74.125.130.0-255,4320,168671,19,193049
19925,0.00174,172.31.36.0-255,66,168737,19,193049
19926,0.001758,74.125.130.0-255,2184,170921,19,193049
19927,0.00176,172.31.36.0-255,66,170987,19,193049
19928,0.002077,74.125.130.0-255,1484,172471,19,193049
19929,0.003764,74.125.130.0-255,1484,173955,19,193049
19930,0.003767,172.31.36.0-255,66,174021,19,193049
19931,0.00378,74.125.130.0-255,2902,176923,19,193049
19932,0.003783,172.31.36.0-255,66,176989,19,193049
19933,0.005803,74.125.130.0-255,4320,181309,19,193049
19934,0.005806,172.31.36.0-255,66,181375,19,193049
19935,0.005824,74.125.130.0-255,1484,182859,19,193049
19936,0.007841,74.125.130.0-255,4320,187179,19,193049
19937,0.007847,172.31.36.0-255,66,187245,19,193049
19938,0.009884,74.125.130.0-255,5738,192983,19,193049
19939,0.009892,172.31.36.0-255,66,193049,19,193049
19940,0.0,74.125.24.0-255,298,298,19,131164
19941,1.5e-05,172.31.36.0-255,66,364,19,131164
19942,2.1e-05,74.125.24.0-255,1484,1848,19,131164
19943,2.6e-05,172.31.36.0-255,66,1914,19,131164
19944,3.3e-05,74.125.24.0-255,4320,6234,19,131164
19945,3.7e-05,172.31.36.0-255,66,6300,19,131164
19946,4.3e-05,74.125.24.0-255,5738,12038,19,131164
19947,4.7e-05,172.31.36.0-255,66,12104,19,131164
19948,7.7e-05,74.125.24.0-255,1852,13956,19,131164
19949,8e-05,172.31.36.0-255,66,14022,19,131164
19950,8.9e-05,74.125.24.0-255,8574,22596,19,131164
19951,9.2e-05,172.31.36.0-255,66,22662,19,131164
19952,9.7e-05,74.125.24.0-255,4320,26982,19,131164
19953,0.0001,172.31.36.0-255,66,27048,19,131164
19954,0.000126,74.125.24.0-255,3961,31009,19,131164
19955,0.000129,172.31.36.0-255,66,31075,19,131164
19956,0.000177,74.125.24.0-255,1484,32559,19,131164
19957,0.000182,172.31.36.0-255,66,32625,19,131164
19958,0.000188,74.125.24.0-255,2902,35527,19,131164
19959,0.00019,172.31.36.0-255,66,35593,19,131164
19960,0.000208,74.125.24.0-255,1484,37077,19,131164
19961,0.000211,172.31.36.0-255,66,37143,19,131164
19962,0.00023,74.125.24.0-255,2902,40045,19,131164
19963,0.000233,172.31.36.0-255,66,40111,19,131164
19964,0.000249,74.125.24.0-255,1484,41595,19,131164
19965,0.000251,172.31.36.0-255,66,41661,19,131164
19966,0.000287,74.125.24.0-255,6797,48458,19,131164
19967,0.000291,172.31.36.0-255,66,48524,19,131164
19968,0.000299,74.125.24.0-255,7156,55680,19,131164
19969,0.000302,172.31.36.0-255,66,55746,19,131164
19970,0.000308,74.125.24.0-255,5738,61484,19,131164
19971,0.000311,172.31.36.0-255,66,61550,19,131164
19972,0.000324,74.125.24.0-255,1484,63034,19,131164
19973,0.00034,74.125.24.0-255,3124,66158,19,131164
19974,0.000387,74.125.24.0-255,1484,67642,19,131164
19975,0.000391,74.125.24.0-255,1484,69126,19,131164
19976,0.000413,74.125.24.0-255,1484,70610,19,131164
19977,0.000418,74.125.24.0-255,2902,73512,19,131164
19978,0.000439,74.125.24.0-255,2902,76414,19,131164
19979,0.000442,74.125.24.0-255,1484,77898,19,131164
19980,0.00047,74.125.24.0-255,5379,83277,19,131164
19981,0.000546,172.31.36.0-255,66,83343,19,131164
19982,0.001342,74.125.24.0-255,1484,84827,19,131164
19983,0.001362,74.125.24.0-255,2902,87729,19,131164
19984,0.001367,172.31.36.0-255,66,87795,19,131164
19985,0.001389,74.125.24.0-255,2902,90697,19,131164
19986,0.001404,74.125.24.0-255,1484,92181,19,131164
19987,0.001417,74.125.24.0-255,1484,93665,19,131164
19988,0.001457,74.125.24.0-255,5738,99403,19,131164
19989,0.001485,74.125.24.0-255,3961,103364,19,131164
19990,0.001502,74.125.24.0-255,1484,104848,19,131164
19991,0.001526,74.125.24.0-255,2902,107750,19,131164
19992,0.001543,74.125.24.0-255,2902,110652,19,131164
19993,0.001561,74.125.24.0-255,2902,113554,19,131164
19994,0.001579,74.125.24.0-255,1484,115038,19,131164
19995,0.001631,74.125.24.0-255,4320,119358,19,131164
19996,0.004499,172.31.36.0-255,66,119424,19,131164
19997,0.00656,74.125.24.0-255,2902,122326,19,131164
19998,0.006566,172.31.36.0-255,66,122392,19,131164
19999,0.006586,74.125.24.0-255,2902,125294,19,131164
20000,0.006601,172.31.36.0-255,66,125360,19,131164
20001,0.008639,74.125.24.0-255,5738,131098,19,131164
20002,0.008679,172.31.36.0-255,66,131164,19,131164
20003,0.0,172.217.194.0-255,150,150,19,305699
20004,3.4e-05,172.31.36.0-255,66,216,19,305699
20005,4e-05,172.217.194.0-255,1484,1700,19,305699
20006,4.5e-05,172.31.36.0-255,66,1766,19,305699
20007,5e-05,172.217.194.0-255,2902,4668,19,305699
20008,5.2e-05,172.31.36.0-255,66,4734,19,305699
20009,5.9e-05,172.217.194.0-255,7156,11890,19,305699
20010,6.1e-05,172.31.36.0-255,66,11956,19,305699
20011,6.7e-05,172.217.194.0-255,2039,13995,19,305699
20012,6.9e-05,172.31.36.0-255,66,14061,19,305699
20013,0.000176,172.217.194.0-255,1484,15545,19,305699
20014,0.000182,172.31.36.0-255,66,15611,19,305699
20015,0.000186,172.217.194.0-255,1484,17095,19,305699
20016,0.000188,172.31.36.0-255,66,17161,19,305699
20017,0.000202,172.217.194.0-255,1484,18645,19,305699
20018,0.000204,172.31.36.0-255,66,18711,19,305699
20019,0.000211,172.217.194.0-255,4320,23031,19,305699
20020,0.000213,172.31.36.0-255,66,23097,19,305699
20021,0.000227,172.217.194.0-255,1484,24581,19,305699
20022,0.000229,172.31.36.0-255,66,24647,19,305699
20023,0.000234,172.217.194.0-255,2902,27549,19,305699
20024,0.000236,172.31.36.0-255,66,27615,19,305699
20025,0.000259,172.217.194.0-255,3961,31576,19,305699
20026,0.000263,172.31.36.0-255,66,31642,19,305699
20027,0.00027,172.217.194.0-255,7156,38798,19,305699
20028,0.000272,172.31.36.0-255,66,38864,19,305699
20029,0.000275,172.217.194.0-255,2902,41766,19,305699
20030,0.000277,172.31.36.0-255,66,41832,19,305699
20031,0.00033,172.217.194.0-255,2902,44734,19,305699
20032,0.000334,172.31.36.0-255,66,44800,19,305699
20033,0.000355,172.217.194.0-255,3961,48761,19,305699
20034,0.000358,172.31.36.0-255,66,48827,19,305699
20035,0.000372,172.217.194.0-255,2902,51729,19,305699
20036,0.000375,172.31.36.0-255,66,51795,19,305699
20037,0.000399,172.217.194.0-255,4320,56115,19,305699
20038,0.000402,172.31.36.0-255,66,56181,19,305699
20039,0.00041,172.217.194.0-255,8574,64755,19,305699
20040,0.000413,172.31.36.0-255,66,64821,19,305699
20041,0.000428,172.217.194.0-255,1714,66535,19,305699
20042,0.000432,172.31.36.0-255,66,66601,19,305699
20043,0.000488,172.217.194.0-255,1484,68085,19,305699
20044,0.000493,172.217.194.0-255,1484,69569,19,305699
20045,0.000495,172.31.36.0-255,66,69635,19,305699
20046,0.000506,172.217.194.0-255,1484,71119,19,305699
20047,0.000509,172.217.194.0-255,1484,72603,19,305699
20048,0.000511,172.31.36.0-255,66,72669,19,305699
20049,0.000538,172.217.194.0-255,4320,76989,19,305699
20050,0.000542,172.31.36.0-255,66,77055,19,305699
20051,0.000546,172.217.194.0-255,2902,79957,19,305699
20052,0.000549,172.31.36.0-255,66,80023,19,305699
20053,0.000564,172.217.194.0-255,3961,83984,19,305699
20054,0.000566,172.31.36.0-255,66,84050,19,305699
20055,0.000593,172.217.194.0-255,1484,85534,19,305699
20056,0.000616,172.217.194.0-255,5738,91272,19,305699
20057,0.000619,172.31.36.0-255,66,91338,19,305699
20058,0.000622,172.217.194.0-255,1484,92822,19,305699
20059,0.000638,172.217.194.0-255,2902,95724,19,305699
20060,0.000641,172.31.36.0-255,66,95790,19,305699
20061,0.000664,172.217.194.0-255,5379,101169,19,305699
20062,0.000667,172.31.36.0-255,66,101235,19,305699
20063,0.00107,172.217.194.0-255,1484,102719,19,305699
20064,0.001077,172.217.194.0-255,2902,105621,19,305699
20065,0.00108,172.31.36.0-255,66,105687,19,305699
20066,0.001097,172.217.194.0-255,4320,110007,19,305699
20067,0.001099,172.31.36.0-255,66,110073,19,305699
20068,0.00112,172.217.194.0-255,1484,111557,19,305699
20069,0.001141,172.217.194.0-255,7156,118713,19,305699
20070,0.001144,172.31.36.0-255,66,118779,19,305699
20071,0.001167,172.217.194.0-255,5738,124517,19,305699
20072,0.00117,172.31.36.0-255,66,124583,19,305699
20073,0.001177,172.217.194.0-255,7156,131739,19,305699
20074,0.001179,172.31.36.0-255,66,131805,19,305699
20075,0.001198,172.217.194.0-255,3602,135407,19,305699
20076,0.0012,172.31.36.0-255,66,135473,19,305699
20077,0.001224,172.217.194.0-255,4320,139793,19,305699
20078,0.001227,172.31.36.0-255,66,139859,19,305699
20079,0.001243,172.217.194.0-255,7156,147015,19,305699
20080,0.001245,172.31.36.0-255,66,147081,19,305699
20081,0.00126,172.217.194.0-255,2902,149983,19,305699
20082,0.001262,172.31.36.0-255,66,150049,19,305699
20083,0.001269,172.217.194.0-255,7156,157205,19,305699
20084,0.00129,172.31.36.0-255,66,157271,19,305699
20085,0.001306,172.217.194.0-255,5738,163009,19,305699
20086,0.001309,172.31.36.0-255,66,163075,19,305699
20087,0.001335,172.217.194.0-255,6438,169513,19,305699
20088,0.001337,172.31.36.0-255,66,169579,19,305699
20089,0.001479,172.217.194.0-255,1484,171063,19,305699
20090,0.001484,172.217.194.0-255,2902,173965,19,305699
20091,0.001488,172.31.36.0-255,66,174031,19,305699
20092,0.001511,172.217.194.0-255,5738,179769,19,305699
20093,0.001514,172.31.36.0-255,66,179835,19,305699
20094,0.001519,172.217.194.0-255,2902,182737,19,305699
20095,0.001521,172.31.36.0-255,66,182803,19,305699
20096,0.001555,172.217.194.0-255,9992,192795,19,305699
20097,0.001558,172.31.36.0-255,66,192861,19,305699
20098,0.001581,172.217.194.0-255,7156,200017,19,305699
20099,0.001584,172.31.36.0-255,66,200083,19,305699
20100,0.001604,172.217.194.0-255,3602,203685,19,305699
20101,0.001608,172.31.36.0-255,66,203751,19,305699
20102,0.001892,172.217.194.0-255,1484,205235,19,305699
20103,0.001897,172.217.194.0-255,2902,208137,19,305699
20104,0.0019,172.31.36.0-255,66,208203,19,305699
20105,0.001918,172.217.194.0-255,5738,213941,19,305699
20106,0.001921,172.31.36.0-255,66,214007,19,305699
20107,0.001957,172.217.194.0-255,4320,218327,19,305699
20108,0.00196,172.31.36.0-255,66,218393,19,305699
20109,0.001986,172.217.194.0-255,8574,226967,19,305699
20110,0.001989,172.31.36.0-255,66,227033,19,305699
20111,0.001996,172.217.194.0-255,5738,232771,19,305699
20112,0.001998,172.31.36.0-255,66,232837,19,305699
20113,0.002051,172.217.194.0-255,5020,237857,19,305699
20114,0.002055,172.31.36.0-255,66,237923,19,305699
20115,0.002061,172.217.194.0-255,5738,243661,19,305699
20116,0.002063,172.31.36.0-255,66,243727,19,305699
20117,0.002067,172.217.194.0-255,2902,246629,19,305699
20118,0.002077,172.31.36.0-255,66,246695,19,305699
20119,0.002088,172.217.194.0-255,4320,251015,19,305699
20120,0.00209,172.31.36.0-255,66,251081,19,305699
20121,0.002125,172.217.194.0-255,5738,256819,19,305699
20122,0.002128,172.31.36.0-255,66,256885,19,305699
20123,0.002137,172.217.194.0-255,8574,265459,19,305699
20124,0.002139,172.31.36.0-255,66,265525,19,305699
20125,0.002173,172.217.194.0-255,2902,268427,19,305699
20126,0.002175,172.31.36.0-255,66,268493,19,305699
20127,0.002194,172.217.194.0-255,3602,272095,19,305699
20128,0.002196,172.31.36.0-255,66,272161,19,305699
20129,0.002609,172.217.194.0-255,1484,273645,19,305699
20130,0.002616,172.217.194.0-255,2902,276547,19,305699
20131,0.00262,172.31.36.0-255,66,276613,19,305699
20132,0.002626,172.217.194.0-255,4320,280933,19,305699
20133,0.002629,172.31.36.0-255,66,280999,19,305699
20134,0.002646,172.217.194.0-255,1484,282483,19,305699
20135,0.002663,172.217.194.0-255,5738,288221,19,305699
20136,0.002666,172.31.36.0-255,66,288287,19,305699
20137,0.002683,172.217.194.0-255,5738,294025,19,305699
20138,0.002686,172.31.36.0-255,66,294091,19,305699
20139,0.005224,172.217.194.0-255,5738,299829,19,305699
20140,0.005231,172.31.36.0-255,66,299895,19,305699
20141,0.007727,172.217.194.0-255,5738,305633,19,305699
20142,0.007735,172.31.36.0-255,66,305699,19,305699
20143,0.0,172.217.194.0-255,150,150,19,184866
20144,2.5e-05,172.31.36.0-255,66,216,19,184866
20145,3.2e-05,172.217.194.0-255,1484,1700,19,184866
20146,3.7e-05,172.31.36.0-255,66,1766,19,184866
20147,4.4e-05,172.217.194.0-255,2902,4668,19,184866
20148,4.7e-05,172.31.36.0-255,66,4734,19,184866
20149,5.5e-05,172.217.194.0-255,7156,11890,19,184866
20150,5.8e-05,172.31.36.0-255,66,11956,19,184866
20151,6.2e-05,172.217.194.0-255,2084,14040,19,184866
20152,6.5e-05,172.31.36.0-255,66,14106,19,184866
20153,0.000238,172.217.194.0-255,1484,15590,19,184866
20154,0.000244,172.31.36.0-255,66,15656,19,184866
20155,0.00025,172.217.194.0-255,2902,18558,19,184866
20156,0.000253,172.31.36.0-255,66,18624,19,184866
20157,0.000256,172.217.194.0-255,1484,20108,19,184866
20158,0.000258,172.31.36.0-255,66,20174,19,184866
20159,0.000281,172.217.194.0-255,4320,24494,19,184866
20160,0.000285,172.31.36.0-255,66,24560,19,184866
20161,0.000338,172.31.36.0-255,66,24626,19,184866
20162,0.000348,172.217.194.0-255,9992,34618,19,184866
20163,0.00035,172.31.36.0-255,66,34684,19,184866
20164,0.000414,172.31.36.0-255,66,34750,19,184866
20165,0.000431,172.217.194.0-255,3602,38352,19,184866
20166,0.000435,172.31.36.0-255,66,38418,19,184866
20167,0.000438,172.217.194.0-255,340,38758,19,184866
20168,0.000441,172.31.36.0-255,66,38824,19,184866
20169,0.000823,172.217.194.0-255,120,38944,19,184866
20170,0.000829,172.31.36.0-255,66,39010,19,184866
20171,0.000865,172.217.194.0-255,1484,40494,19,184866
20172,0.000869,172.31.36.0-255,66,40560,19,184866
20173,0.000874,172.217.194.0-255,2902,43462,19,184866
20174,0.000875,172.31.36.0-255,66,43528,19,184866
20175,0.000911,172.217.194.0-255,7156,50684,19,184866
20176,0.000915,172.31.36.0-255,66,50750,19,184866
20177,0.000924,172.217.194.0-255,8574,59324,19,184866
20178,0.000926,172.31.36.0-255,66,59390,19,184866
20179,0.000978,172.217.194.0-255,4320,63710,19,184866
20180,0.000983,172.31.36.0-255,66,63776,19,184866
20181,0.001009,172.217.194.0-255,9274,73050,19,184866
20182,0.001013,172.31.36.0-255,66,73116,19,184866
20183,0.002002,172.217.194.0-255,1484,74600,19,184866
20184,0.002012,172.217.194.0-255,2902,77502,19,184866
20185,0.002016,172.31.36.0-255,66,77568,19,184866
20186,0.002024,172.217.194.0-255,5738,83306,19,184866
20187,0.002026,172.31.36.0-255,66,83372,19,184866
20188,0.002029,172.217.194.0-255,1484,84856,19,184866
20189,0.002065,172.31.36.0-255,66,84922,19,184866
20190,0.002072,172.217.194.0-255,5738,90660,19,184866
20191,0.002074,172.31.36.0-255,66,90726,19,184866
20192,0.00211,172.217.194.0-255,4320,95046,19,184866
20193,0.002112,172.31.36.0-255,66,95112,19,184866
20194,0.002127,172.217.194.0-255,766,95878,19,184866
20195,0.002331,172.217.194.0-255,1484,97362,19,184866
20196,0.002333,172.31.36.0-255,66,97428,19,184866
20197,0.002338,172.217.194.0-255,2902,100330,19,184866
20198,0.00234,172.31.36.0-255,66,100396,19,184866
20199,0.002346,172.217.194.0-255,5738,106134,19,184866
20200,0.002347,172.31.36.0-255,66,106200,19,184866
20201,0.002368,172.217.194.0-255,7156,113356,19,184866
20202,0.00237,172.31.36.0-255,66,113422,19,184866
20203,0.002376,172.217.194.0-255,5738,119160,19,184866
20204,0.002378,172.31.36.0-255,66,119226,19,184866
20205,0.002405,172.217.194.0-255,8574,127800,19,184866
20206,0.002407,172.31.36.0-255,66,127866,19,184866
20207,0.002411,172.217.194.0-255,2184,130050,19,184866
20208,0.002413,172.31.36.0-255,66,130116,19,184866
20209,0.002417,172.217.194.0-255,2902,133018,19,184866
20210,0.002419,172.31.36.0-255,66,133084,19,184866
20211,0.002423,172.217.194.0-255,2902,135986,19,184866
20212,0.002425,172.31.36.0-255,66,136052,19,184866
20213,0.002449,172.217.194.0-255,4320,140372,19,184866
20214,0.002451,172.31.36.0-255,66,140438,19,184866
20215,0.002456,172.217.194.0-255,4320,144758,19,184866
20216,0.002458,172.31.36.0-255,66,144824,19,184866
20217,0.002484,172.31.36.0-255,66,144890,19,184866
20218,0.002491,172.217.194.0-255,7856,152746,19,184866
20219,0.002493,172.31.36.0-255,66,152812,19,184866
20220,0.002515,172.217.194.0-255,1484,154296,19,184866
20221,0.002537,172.217.194.0-255,8574,162870,19,184866
20222,0.00254,172.31.36.0-255,66,162936,19,184866
20223,0.00258,172.217.194.0-255,7156,170092,19,184866
20224,0.002584,172.31.36.0-255,66,170158,19,184866
20225,0.002609,172.217.194.0-255,4320,174478,19,184866
20226,0.002611,172.31.36.0-255,66,174544,19,184866
20227,0.002623,172.31.36.0-255,66,174610,19,184866
20228,0.005214,172.217.194.0-255,4320,178930,19,184866
20229,0.005218,172.31.36.0-255,66,178996,19,184866
20230,0.005234,172.217.194.0-255,1484,180480,19,184866
20231,0.007811,172.217.194.0-255,4320,184800,19,184866
20232,0.007826,172.31.36.0-255,66,184866,19,184866
20233,0.0,74.125.24.0-255,153,153,19,256821
20234,1.2e-05,172.31.36.0-255,66,219,19,256821
20235,1.8e-05,74.125.24.0-255,1484,1703,19,256821
20236,2.2e-05,172.31.36.0-255,66,1769,19,256821
20237,2.8e-05,74.125.24.0-255,2902,4671,19,256821
20238,3.7e-05,172.31.36.0-255,66,4737,19,256821
20239,4.2e-05,74.125.24.0-255,2902,7639,19,256821
20240,4.5e-05,172.31.36.0-255,66,7705,19,256821
20241,9.1e-05,74.125.24.0-255,5738,13443,19,256821
20242,9.5e-05,172.31.36.0-255,66,13509,19,256821
20243,0.000134,74.125.24.0-255,648,14157,19,256821
20244,0.000137,172.31.36.0-255,66,14223,19,256821
20245,0.000145,74.125.24.0-255,7156,21379,19,256821
20246,0.000148,172.31.36.0-255,66,21445,19,256821
20247,0.000163,74.125.24.0-255,9633,31078,19,256821
20248,0.000165,172.31.36.0-255,66,31144,19,256821
20249,0.000283,74.125.24.0-255,1484,32628,19,256821
20250,0.000288,172.31.36.0-255,66,32694,19,256821
20251,0.000292,74.125.24.0-255,1484,34178,19,256821
20252,0.000293,172.31.36.0-255,66,34244,19,256821
20253,0.00032,74.125.24.0-255,1484,35728,19,256821
20254,0.000323,172.31.36.0-255,66,35794,19,256821
20255,0.000336,74.125.24.0-255,5738,41532,19,256821
20256,0.000339,172.31.36.0-255,66,41598,19,256821
20257,0.000348,74.125.24.0-255,9992,51590,19,256821
20258,0.000351,172.31.36.0-255,66,51656,19,256821
20259,0.000387,74.125.24.0-255,3961,55617,19,256821
20260,0.00039,172.31.36.0-255,66,55683,19,256821
20261,0.000399,74.125.24.0-255,9633,65316,19,256821
20262,0.000406,172.31.36.0-255,66,65382,19,256821
20263,0.000408,74.125.24.0-255,676,66058,19,256821
20264,0.00041,172.31.36.0-255,66,66124,19,256821
20265,0.000621,74.125.24.0-255,1484,67608,19,256821
20266,0.000628,74.125.24.0-255,2902,70510,19,256821
20267,0.000632,172.31.36.0-255,66,70576,19,256821
20268,0.000664,74.125.24.0-255,4320,74896,19,256821
20269,0.000667,172.31.36.0-255,66,74962,19,256821
20270,0.000696,74.125.24.0-255,1484,76446,19,256821
20271,0.000699,74.125.24.0-255,1484,77930,19,256821
20272,0.000701,172.31.36.0-255,66,77996,19,256821
20273,0.000739,172.31.36.0-255,66,78062,19,256821
20274,0.000771,74.125.24.0-255,5738,83800,19,256821
20275,0.000774,172.31.36.0-255,66,83866,19,256821
20276,0.000793,74.125.24.0-255,5020,88886,19,256821
20277,0.000796,172.31.36.0-255,66,88952,19,256821
20278,0.000888,74.125.24.0-255,1484,90436,19,256821
20279,0.000894,74.125.24.0-255,2902,93338,19,256821
20280,0.000897,172.31.36.0-255,66,93404,19,256821
20281,0.000921,74.125.24.0-255,5738,99142,19,256821
20282,0.000923,172.31.36.0-255,66,99208,19,256821
20283,0.000999,74.125.24.0-255,5738,104946,19,256821
20284,0.001004,172.31.36.0-255,66,105012,19,256821
20285,0.001012,172.31.36.0-255,66,105078,19,256821
20286,0.001025,74.125.24.0-255,6438,111516,19,256821
20287,0.001027,172.31.36.0-255,66,111582,19,256821
20288,0.001066,74.125.24.0-255,1484,113066,19,256821
20289,0.00107,74.125.24.0-255,1484,114550,19,256821
20290,0.001073,172.31.36.0-255,66,114616,19,256821
20291,0.001101,74.125.24.0-255,1484,116100,19,256821
20292,0.001107,74.125.24.0-255,5738,121838,19,256821
20293,0.00111,172.31.36.0-255,66,121904,19,256821
20294,0.001149,172.31.36.0-255,66,121970,19,256821
20295,0.00118,74.125.24.0-255,8574,130544,19,256821
20296,0.001185,172.31.36.0-255,66,130610,19,256821
20297,0.001193,74.125.24.0-255,2184,132794,19,256821
20298,0.001195,172.31.36.0-255,66,132860,19,256821
20299,0.001934,74.125.24.0-255,1484,134344,19,256821
20300,0.001939,74.125.24.0-255,1484,135828,19,256821
20301,0.001942,172.31.36.0-255,66,135894,19,256821
20302,0.00198,74.125.24.0-255,1484,137378,19,256821
20303,0.001987,74.125.24.0-255,5738,143116,19,256821
20304,0.002003,172.31.36.0-255,66,143182,19,256821
20305,0.002011,172.31.36.0-255,66,143248,19,256821
20306,0.002014,74.125.24.0-255,1484,144732,19,256821
20307,0.002017,74.125.24.0-255,1484,146216,19,256821
20308,0.002019,172.31.36.0-255,66,146282,19,256821
20309,0.002066,74.125.24.0-255,9274,155556,19,256821
20310,0.002069,172.31.36.0-255,66,155622,19,256821
20311,0.002464,74.125.24.0-255,1484,157106,19,256821
20312,0.002487,74.125.24.0-255,2902,160008,19,256821
20313,0.002491,172.31.36.0-255,66,160074,19,256821
20314,0.002496,74.125.24.0-255,1484,161558,19,256821
20315,0.002525,74.125.24.0-255,4320,165878,19,256821
20316,0.002527,172.31.36.0-255,66,165944,19,256821
20317,0.002569,74.125.24.0-255,9992,175936,19,256821
20318,0.002572,172.31.36.0-255,66,176002,19,256821
20319,0.002579,74.125.24.0-255,7156,183158,19,256821
20320,0.002581,172.31.36.0-255,66,183224,19,256821
20321,0.002612,74.125.24.0-255,5738,188962,19,256821
20322,0.002615,172.31.36.0-255,66,189028,19,256821
20323,0.002617,74.125.24.0-255,766,189794,19,256821
20324,0.002815,74.125.24.0-255,1484,191278,19,256821
20325,0.00282,172.31.36.0-255,66,191344,19,256821
20326,0.002826,74.125.24.0-255,2902,194246,19,256821
20327,0.002828,172.31.36.0-255,66,194312,19,256821
20328,0.002834,74.125.24.0-255,5738,200050,19,256821
20329,0.002836,172.31.36.0-255,66,200116,19,256821
20330,0.002855,74.125.24.0-255,8574,208690,19,256821
20331,0.002857,172.31.36.0-255,66,208756,19,256821
20332,0.002887,74.125.24.0-255,4320,213076,19,256821
20333,0.002893,172.31.36.0-255,66,213142,19,256821
20334,0.002903,74.125.24.0-255,10692,223834,19,256821
20335,0.002905,172.31.36.0-255,66,223900,19,256821
20336,0.002959,172.31.36.0-255,66,223966,19,256821
20337,0.002962,74.125.24.0-255,1484,225450,19,256821
20338,0.002969,74.125.24.0-255,6438,231888,19,256821
20339,0.002971,172.31.36.0-255,66,231954,19,256821
20340,0.003017,172.31.36.0-255,66,232020,19,256821
20341,0.003021,74.125.24.0-255,1484,233504,19,256821
20342,0.003024,74.125.24.0-255,1484,234988,19,256821
20343,0.003026,172.31.36.0-255,66,235054,19,256821
20344,0.003029,74.125.24.0-255,1484,236538,19,256821
20345,0.003042,172.31.36.0-255,66,236604,19,256821
20346,0.003106,172.31.36.0-255,66,236670,19,256821
20347,0.003119,172.31.36.0-255,66,236736,19,256821
20348,0.003154,74.125.24.0-255,9274,246010,19,256821
20349,0.003156,172.31.36.0-255,66,246076,19,256821
20350,0.003184,172.31.36.0-255,66,246142,19,256821
20351,0.00321,74.125.24.0-255,1484,247626,19,256821
20352,0.003218,74.125.24.0-255,7856,255482,19,256821
20353,0.003221,172.31.36.0-255,66,255548,19,256821
20354,0.003224,74.125.24.0-255,997,256545,19,256821
20355,0.003227,74.125.24.0-255,105,256650,19,256821
20356,0.008563,172.31.36.0-255,66,256716,19,256821
20357,0.008603,172.31.36.0-255,105,256821,19,256821
20358,0.0,172.217.194.0-255,153,153,19,309031
20359,2.1e-05,172.31.36.0-255,66,219,19,309031
20360,2.8e-05,172.217.194.0-255,1484,1703,19,309031
20361,3.3e-05,172.31.36.0-255,66,1769,19,309031
20362,3.9e-05,172.217.194.0-255,2902,4671,19,309031
20363,5.6e-05,172.31.36.0-255,66,4737,19,309031
20364,6.3e-05,172.217.194.0-255,7156,11893,19,309031
20365,6.7e-05,172.31.36.0-255,66,11959,19,309031
20366,7.1e-05,172.217.194.0-255,2000,13959,19,309031
20367,7.3e-05,172.31.36.0-255,66,14025,19,309031
20368,0.000102,172.217.194.0-255,5738,19763,19,309031
20369,0.000105,172.31.36.0-255,66,19829,19,309031
20370,0.000108,172.217.194.0-255,1484,21313,19,309031
20371,0.00011,172.31.36.0-255,66,21379,19,309031
20372,0.000131,172.217.194.0-255,5738,27117,19,309031
20373,0.000133,172.31.36.0-255,66,27183,19,309031
20374,0.000155,172.217.194.0-255,3961,31144,19,309031
20375,0.000158,172.31.36.0-255,66,31210,19,309031
20376,0.000218,172.217.194.0-255,1484,32694,19,309031
20377,0.00022,172.31.36.0-255,66,32760,19,309031
20378,0.000236,172.217.194.0-255,2902,35662,19,309031
20379,0.000238,172.31.36.0-255,66,35728,19,309031
20380,0.000245,172.217.194.0-255,5738,41466,19,309031
20381,0.000247,172.31.36.0-255,66,41532,19,309031
20382,0.000252,172.217.194.0-255,4320,45852,19,309031
20383,0.000255,172.31.36.0-255,66,45918,19,309031
20384,0.000297,172.217.194.0-255,2902,48820,19,309031
20385,0.0003,172.31.36.0-255,66,48886,19,309031
20386,0.000346,172.31.36.0-255,66,48952,19,309031
20387,0.00035,172.217.194.0-255,2543,51495,19,309031
20388,0.000352,172.31.36.0-255,66,51561,19,309031
20389,0.000436,172.217.194.0-255,648,52209,19,309031
20390,0.000551,172.217.194.0-255,1484,53693,19,309031
20391,0.000556,172.31.36.0-255,66,53759,19,309031
20392,0.00056,172.217.194.0-255,1484,55243,19,309031
20393,0.000577,172.217.194.0-255,1484,56727,19,309031
20394,0.000579,172.31.36.0-255,66,56793,19,309031
20395,0.000586,172.217.194.0-255,5738,62531,19,309031
20396,0.00059,172.31.36.0-255,66,62597,19,309031
20397,0.000595,172.217.194.0-255,4320,66917,19,309031
20398,0.000598,172.31.36.0-255,66,66983,19,309031
20399,0.000617,172.217.194.0-255,8574,75557,19,309031
20400,0.000626,172.217.194.0-255,10692,86249,19,309031
20401,0.00063,172.31.36.0-255,66,86315,19,309031
20402,0.000637,172.31.36.0-255,66,86381,19,309031
20403,0.001093,172.217.194.0-255,1484,87865,19,309031
20404,0.001111,172.217.194.0-255,2902,90767,19,309031
20405,0.001115,172.31.36.0-255,66,90833,19,309031
20406,0.001119,172.217.194.0-255,1484,92317,19,309031
20407,0.001138,172.217.194.0-255,4320,96637,19,309031
20408,0.001141,172.31.36.0-255,66,96703,19,309031
20409,0.00116,172.217.194.0-255,5738,102441,19,309031
20410,0.001162,172.31.36.0-255,66,102507,19,309031
20411,0.001195,172.217.194.0-255,7156,109663,19,309031
20412,0.001199,172.31.36.0-255,66,109729,19,309031
20413,0.001206,172.217.194.0-255,5738,115467,19,309031
20414,0.001208,172.31.36.0-255,66,115533,19,309031
20415,0.001229,172.217.194.0-255,5020,120553,19,309031
20416,0.001232,172.31.36.0-255,66,120619,19,309031
20417,0.001333,172.217.194.0-255,1484,122103,19,309031
20418,0.001339,172.217.194.0-255,2902,125005,19,309031
20419,0.001343,172.31.36.0-255,66,125071,19,309031
20420,0.001366,172.217.194.0-255,5738,130809,19,309031
20421,0.001369,172.31.36.0-255,66,130875,19,309031
20422,0.001374,172.217.194.0-255,2902,133777,19,309031
20423,0.001376,172.31.36.0-255,66,133843,19,309031
20424,0.001399,172.217.194.0-255,7156,140999,19,309031
20425,0.001402,172.31.36.0-255,66,141065,19,309031
20426,0.001414,172.31.36.0-255,66,141131,19,309031
20427,0.001418,172.217.194.0-255,2184,143315,19,309031
20428,0.001421,172.31.36.0-255,66,143381,19,309031
20429,0.001612,172.217.194.0-255,1484,144865,19,309031
20430,0.001617,172.217.194.0-255,2902,147767,19,309031
20431,0.001622,172.31.36.0-255,66,147833,19,309031
20432,0.001641,172.217.194.0-255,5738,153571,19,309031
20433,0.001644,172.31.36.0-255,66,153637,19,309031
20434,0.001648,172.217.194.0-255,1484,155121,19,309031
20435,0.001665,172.217.194.0-255,8574,163695,19,309031
20436,0.001669,172.31.36.0-255,66,163761,19,309031
20437,0.001679,172.217.194.0-255,2902,166663,19,309031
20438,0.001682,172.31.36.0-255,66,166729,19,309031
20439,0.001688,172.217.194.0-255,5738,172467,19,309031
20440,0.001691,172.31.36.0-255,66,172533,19,309031
20441,0.001714,172.217.194.0-255,5020,177553,19,309031
20442,0.001717,172.31.36.0-255,66,177619,19,309031
20443,0.001774,172.217.194.0-255,1484,179103,19,309031
20444,0.001779,172.217.194.0-255,2902,182005,19,309031
20445,0.001782,172.31.36.0-255,66,182071,19,309031
20446,0.001805,172.217.194.0-255,5738,187809,19,309031
20447,0.001813,172.31.36.0-255,66,187875,19,309031
20448,0.001817,172.217.194.0-255,1484,189359,19,309031
20449,0.001845,172.31.36.0-255,66,189425,19,309031
20450,0.001883,172.217.194.0-255,5738,195163,19,309031
20451,0.001886,172.31.36.0-255,66,195229,19,309031
20452,0.001904,172.217.194.0-255,2902,198131,19,309031
20453,0.001907,172.31.36.0-255,66,198197,19,309031
20454,0.001911,172.217.194.0-255,2184,200381,19,309031
20455,0.001914,172.31.36.0-255,66,200447,19,309031
20456,0.001917,172.217.194.0-255,2902,203349,19,309031
20457,0.001921,172.31.36.0-255,66,203415,19,309031
20458,0.001928,172.217.194.0-255,7156,210571,19,309031
20459,0.00193,172.31.36.0-255,66,210637,19,309031
20460,0.001943,172.217.194.0-255,7156,217793,19,309031
20461,0.001945,172.31.36.0-255,66,217859,19,309031
20462,0.00197,172.217.194.0-255,2902,220761,19,309031
20463,0.001973,172.31.36.0-255,66,220827,19,309031
20464,0.001981,172.217.194.0-255,8574,229401,19,309031
20465,0.001984,172.31.36.0-255,66,229467,19,309031
20466,0.002021,172.217.194.0-255,10692,240159,19,309031
20467,0.002028,172.217.194.0-255,8574,248733,19,309031
20468,0.002032,172.31.36.0-255,66,248799,19,309031
20469,0.002036,172.31.36.0-255,66,248865,19,309031
20470,0.002054,172.217.194.0-255,4320,253185,19,309031
20471,0.002056,172.31.36.0-255,66,253251,19,309031
20472,0.00209,172.31.36.0-255,66,253317,19,309031
20473,0.002138,172.217.194.0-255,1484,254801,19,309031
20474,0.002151,172.217.194.0-255,2902,257703,19,309031
20475,0.002154,172.31.36.0-255,66,257769,19,309031
20476,0.002159,172.217.194.0-255,4320,262089,19,309031
20477,0.002161,172.31.36.0-255,66,262155,19,309031
20478,0.002189,172.217.194.0-255,1484,263639,19,309031
20479,0.002203,172.31.36.0-255,66,263705,19,309031
20480,0.00221,172.217.194.0-255,7156,270861,19,309031
20481,0.002213,172.31.36.0-255,66,270927,19,309031
20482,0.002236,172.217.194.0-255,1484,272411,19,309031
20483,0.002255,172.217.194.0-255,2184,274595,19,309031
20484,0.002258,172.31.36.0-255,66,274661,19,309031
20485,0.002508,172.217.194.0-255,1484,276145,19,309031
20486,0.002514,172.217.194.0-255,2902,279047,19,309031
20487,0.002517,172.31.36.0-255,66,279113,19,309031
20488,0.002542,172.217.194.0-255,5738,284851,19,309031
20489,0.002545,172.31.36.0-255,66,284917,19,309031
20490,0.002577,172.31.36.0-255,66,284983,19,309031
20491,0.002595,172.217.194.0-255,1484,286467,19,309031
20492,0.002616,172.217.194.0-255,5738,292205,19,309031
20493,0.002619,172.31.36.0-255,66,292271,19,309031
20494,0.002642,172.217.194.0-255,5020,297291,19,309031
20495,0.002645,172.31.36.0-255,66,297357,19,309031
20496,0.005275,172.217.194.0-255,5738,303095,19,309031
20497,0.005282,172.31.36.0-255,66,303161,19,309031
20498,0.007892,172.217.194.0-255,4320,307481,19,309031
20499,0.007898,172.31.36.0-255,66,307547,19,309031
20500,0.007917,172.217.194.0-255,1484,309031,19,309031
20501,0.0,172.217.194.0-255,156,156,19,227280
20502,2.4e-05,172.31.36.0-255,66,222,19,227280
20503,3.1e-05,172.217.194.0-255,1484,1706,19,227280
20504,3.6e-05,172.31.36.0-255,66,1772,19,227280
20505,4.9e-05,172.217.194.0-255,2902,4674,19,227280
20506,5.2e-05,172.31.36.0-255,66,4740,19,227280
20507,5.6e-05,172.217.194.0-255,2902,7642,19,227280
20508,5.9e-05,172.31.36.0-255,66,7708,19,227280
20509,9.5e-05,172.217.194.0-255,6304,14012,19,227280
20510,9.8e-05,172.31.36.0-255,66,14078,19,227280
20511,0.00013,172.217.194.0-255,7156,21234,19,227280
20512,0.000132,172.31.36.0-255,66,21300,19,227280
20513,0.000137,172.217.194.0-255,4320,25620,19,227280
20514,0.00014,172.31.36.0-255,66,25686,19,227280
20515,0.000185,172.217.194.0-255,2902,28588,19,227280
20516,0.000187,172.31.36.0-255,66,28654,19,227280
20517,0.000211,172.217.194.0-255,2543,31197,19,227280
20518,0.000213,172.31.36.0-255,66,31263,19,227280
20519,0.000249,172.217.194.0-255,1484,32747,19,227280
20520,0.000252,172.31.36.0-255,66,32813,19,227280
20521,0.00028,172.217.194.0-255,2902,35715,19,227280
20522,0.000283,172.31.36.0-255,66,35781,19,227280
20523,0.000289,172.217.194.0-255,5738,41519,19,227280
20524,0.000291,172.31.36.0-255,66,41585,19,227280
20525,0.000294,172.217.194.0-255,1484,43069,19,227280
20526,0.000296,172.31.36.0-255,66,43135,19,227280
20527,0.00032,172.217.194.0-255,5379,48514,19,227280
20528,0.000322,172.31.36.0-255,66,48580,19,227280
20529,0.000358,172.217.194.0-255,9992,58572,19,227280
20530,0.000361,172.31.36.0-255,66,58638,19,227280
20531,0.000387,172.217.194.0-255,2902,61540,19,227280
20532,0.00039,172.31.36.0-255,66,61606,19,227280
20533,0.00042,172.217.194.0-255,3961,65567,19,227280
20534,0.000423,172.31.36.0-255,66,65633,19,227280
20535,0.00055,172.217.194.0-255,647,66280,19,227280
20536,0.000646,172.217.194.0-255,1484,67764,19,227280
20537,0.000651,172.31.36.0-255,66,67830,19,227280
20538,0.000655,172.217.194.0-255,1484,69314,19,227280
20539,0.000678,172.217.194.0-255,1484,70798,19,227280
20540,0.000684,172.217.194.0-255,5738,76536,19,227280
20541,0.000691,172.217.194.0-255,7156,83692,19,227280
20542,0.000696,172.31.36.0-255,66,83758,19,227280
20543,0.000704,172.31.36.0-255,66,83824,19,227280
20544,0.000706,172.31.36.0-255,66,83890,19,227280
20545,0.00071,172.217.194.0-255,1484,85374,19,227280
20546,0.000724,172.217.194.0-255,9992,95366,19,227280
20547,0.000726,172.31.36.0-255,66,95432,19,227280
20548,0.000761,172.217.194.0-255,5020,100452,19,227280
20549,0.000764,172.31.36.0-255,66,100518,19,227280
20550,0.001208,172.217.194.0-255,1484,102002,19,227280
20551,0.001213,172.217.194.0-255,2902,104904,19,227280
20552,0.001224,172.31.36.0-255,66,104970,19,227280
20553,0.001232,172.217.194.0-255,5738,110708,19,227280
20554,0.001234,172.31.36.0-255,66,110774,19,227280
20555,0.001313,172.31.36.0-255,66,110840,19,227280
20556,0.001322,172.217.194.0-255,9992,120832,19,227280
20557,0.001324,172.31.36.0-255,66,120898,19,227280
20558,0.001327,172.217.194.0-255,766,121664,19,227280
20559,0.001474,172.217.194.0-255,1484,123148,19,227280
20560,0.001478,172.31.36.0-255,66,123214,19,227280
20561,0.001483,172.217.194.0-255,2902,126116,19,227280
20562,0.001485,172.31.36.0-255,66,126182,19,227280
20563,0.001491,172.217.194.0-255,4320,130502,19,227280
20564,0.001498,172.31.36.0-255,66,130568,19,227280
20565,0.001523,172.217.194.0-255,1484,132052,19,227280
20566,0.001536,172.31.36.0-255,66,132118,19,227280
20567,0.001563,172.217.194.0-255,1484,133602,19,227280
20568,0.001594,172.217.194.0-255,10692,144294,19,227280
20569,0.001598,172.31.36.0-255,66,144360,19,227280
20570,0.002173,172.217.194.0-255,1484,145844,19,227280
20571,0.002179,172.217.194.0-255,1484,147328,19,227280
20572,0.002182,172.31.36.0-255,66,147394,19,227280
20573,0.00221,172.217.194.0-255,1484,148878,19,227280
20574,0.002216,172.217.194.0-255,5738,154616,19,227280
20575,0.002219,172.31.36.0-255,66,154682,19,227280
20576,0.002255,172.31.36.0-255,66,154748,19,227280
20577,0.002258,172.217.194.0-255,1484,156232,19,227280
20578,0.002289,172.217.194.0-255,10692,166924,19,227280
20579,0.002291,172.31.36.0-255,66,166990,19,227280
20580,0.002506,172.217.194.0-255,1484,168474,19,227280
20581,0.002525,172.217.194.0-255,2902,171376,19,227280
20582,0.002528,172.31.36.0-255,66,171442,19,227280
20583,0.002535,172.217.194.0-255,5738,177180,19,227280
20584,0.002537,172.31.36.0-255,66,177246,19,227280
20585,0.002569,172.217.194.0-255,9992,187238,19,227280
20586,0.002572,172.31.36.0-255,66,187304,19,227280
20587,0.002616,172.31.36.0-255,66,187370,19,227280
20588,0.002643,172.217.194.0-255,5738,193108,19,227280
20589,0.002646,172.31.36.0-255,66,193174,19,227280
20590,0.002664,172.217.194.0-255,2184,195358,19,227280
20591,0.002666,172.31.36.0-255,66,195424,19,227280
20592,0.002674,172.217.194.0-255,8574,203998,19,227280
20593,0.002676,172.31.36.0-255,66,204064,19,227280
20594,0.002712,172.217.194.0-255,5738,209802,19,227280
20595,0.002715,172.31.36.0-255,66,209868,19,227280
20596,0.002747,172.217.194.0-255,5738,215606,19,227280
20597,0.002749,172.31.36.0-255,66,215672,19,227280
20598,0.005367,172.217.194.0-255,5738,221410,19,227280
20599,0.005375,172.31.36.0-255,66,221476,19,227280
20600,0.007977,172.217.194.0-255,5738,227214,19,227280
20601,0.007983,172.31.36.0-255,66,227280,19,227280
20602,0.0,172.31.36.0-255,105,105,19,276
20603,0.002076,157.240.13.0-255,105,210,19,276
20604,0.002094,172.31.36.0-255,66,276,19,276
20605,0.0,74.125.24.0-255,153,153,19,133638
20606,2.6e-05,172.31.36.0-255,66,219,19,133638
20607,3.2e-05,74.125.24.0-255,1484,1703,19,133638
20608,3.6e-05,172.31.36.0-255,66,1769,19,133638
20609,4.1e-05,74.125.24.0-255,2902,4671,19,133638
20610,4.4e-05,172.31.36.0-255,66,4737,19,133638
20611,5.1e-05,74.125.24.0-255,4320,9057,19,133638
20612,5.5e-05,172.31.36.0-255,66,9123,19,133638
20613,9.5e-05,74.125.24.0-255,2902,12025,19,133638
20614,9.8e-05,172.31.36.0-255,66,12091,19,133638
20615,0.000117,74.125.24.0-255,2104,14195,19,133638
20616,0.00012,172.31.36.0-255,66,14261,19,133638
20617,0.000137,74.125.24.0-255,1484,15745,19,133638
20618,0.00014,172.31.36.0-255,66,15811,19,133638
20619,0.000144,74.125.24.0-255,1484,17295,19,133638
20620,0.000146,172.31.36.0-255,66,17361,19,133638
20621,0.00016,74.125.24.0-255,1484,18845,19,133638
20622,0.000162,172.31.36.0-255,66,18911,19,133638
20623,0.00017,74.125.24.0-255,5738,24649,19,133638
20624,0.000175,172.31.36.0-255,66,24715,19,133638
20625,0.000213,74.125.24.0-255,6797,31512,19,133638
20626,0.000216,172.31.36.0-255,66,31578,19,133638
20627,0.000597,74.125.24.0-255,1484,33062,19,133638
20628,0.000602,172.31.36.0-255,66,33128,19,133638
20629,0.000612,74.125.24.0-255,2902,36030,19,133638
20630,0.000614,172.31.36.0-255,66,36096,19,133638
20631,0.00062,74.125.24.0-255,5738,41834,19,133638
20632,0.000622,172.31.36.0-255,66,41900,19,133638
20633,0.000627,74.125.24.0-255,2902,44802,19,133638
20634,0.000629,172.31.36.0-255,66,44868,19,133638
20635,0.000654,74.125.24.0-255,8215,53083,19,133638
20636,0.000657,172.31.36.0-255,66,53149,19,133638
20637,0.001058,74.125.24.0-255,131,53280,19,133638
20638,0.001063,74.125.24.0-255,348,53628,19,133638
20639,0.001576,74.125.24.0-255,1484,55112,19,133638
20640,0.001583,74.125.24.0-255,2902,58014,19,133638
20641,0.001613,74.125.24.0-255,5738,63752,19,133638
20642,0.00163,74.125.24.0-255,4320,68072,19,133638
20643,0.001659,74.125.24.0-255,8574,76646,19,133638
20644,0.001666,74.125.24.0-255,7156,83802,19,133638
20645,0.001704,74.125.24.0-255,3602,87404,19,133638
20646,0.002025,74.125.24.0-255,1484,88888,19,133638
20647,0.002043,74.125.24.0-255,2902,91790,19,133638
20648,0.002058,74.125.24.0-255,5738,97528,19,133638
20649,0.002077,74.125.24.0-255,5738,103266,19,133638
20650,0.002089,74.125.24.0-255,4320,107586,19,133638
20651,0.002104,74.125.24.0-255,8574,116160,19,133638
20652,0.003534,172.31.36.0-255,66,116226,19,133638
20653,0.005607,74.125.24.0-255,5738,121964,19,133638
20654,0.005614,172.31.36.0-255,66,122030,19,133638
20655,0.007684,74.125.24.0-255,5738,127768,19,133638
20656,0.007691,172.31.36.0-255,66,127834,19,133638
20657,0.009773,74.125.24.0-255,5738,133572,19,133638
20658,0.009781,172.31.36.0-255,66,133638,19,133638
20659,0.0,74.125.24.0-255,152,152,19,325492
20660,2.7e-05,172.31.36.0-255,66,218,19,325492
20661,3.4e-05,74.125.24.0-255,1484,1702,19,325492
20662,3.8e-05,172.31.36.0-255,66,1768,19,325492
20663,4.1e-05,74.125.24.0-255,1484,3252,19,325492
20664,4.3e-05,172.31.36.0-255,66,3318,19,325492
20665,6.5e-05,74.125.24.0-255,1484,4802,19,325492
20666,6.7e-05,172.31.36.0-255,66,4868,19,325492
20667,7.4e-05,74.125.24.0-255,5738,10606,19,325492
20668,7.6e-05,172.31.36.0-255,66,10672,19,325492
20669,7.9e-05,74.125.24.0-255,1484,12156,19,325492
20670,8.3e-05,172.31.36.0-255,66,12222,19,325492
20671,0.0001,74.125.24.0-255,2048,14270,19,325492
20672,0.000102,172.31.36.0-255,66,14336,19,325492
20673,0.000107,74.125.24.0-255,4320,18656,19,325492
20674,0.00011,172.31.36.0-255,66,18722,19,325492
20675,0.000113,74.125.24.0-255,1484,20206,19,325492
20676,0.000115,172.31.36.0-255,66,20272,19,325492
20677,0.000136,74.125.24.0-255,8574,28846,19,325492
20678,0.000139,172.31.36.0-255,66,28912,19,325492
20679,0.000144,74.125.24.0-255,2543,31455,19,325492
20680,0.000146,172.31.36.0-255,66,31521,19,325492
20681,0.000545,74.125.24.0-255,1484,33005,19,325492
20682,0.000551,172.31.36.0-255,66,33071,19,325492
20683,0.000558,74.125.24.0-255,2902,35973,19,325492
20684,0.000561,172.31.36.0-255,66,36039,19,325492
20685,0.000564,74.125.24.0-255,1484,37523,19,325492
20686,0.000566,172.31.36.0-255,66,37589,19,325492
20687,0.000593,74.125.24.0-255,4320,41909,19,325492
20688,0.000597,172.31.36.0-255,66,41975,19,325492
20689,0.000602,74.125.24.0-255,2902,44877,19,325492
20690,0.000604,172.31.36.0-255,66,44943,19,325492
20691,0.000622,74.125.24.0-255,8215,53158,19,325492
20692,0.000628,74.125.24.0-255,4320,57478,19,325492
20693,0.000628,172.31.36.0-255,66,57544,19,325492
20694,0.00064,172.31.36.0-255,66,57610,19,325492
20695,0.000646,74.125.24.0-255,7156,64766,19,325492
20696,0.000649,74.125.24.0-255,1433,66199,19,325492
20697,0.000656,172.31.36.0-255,66,66265,19,325492
20698,0.000739,74.125.24.0-255,114,66379,19,325492
20699,0.000758,74.125.24.0-255,329,66708,19,325492
20700,0.001016,172.31.36.0-255,66,66774,19,325492
20701,0.001087,74.125.24.0-255,1484,68258,19,325492
20702,0.001095,74.125.24.0-255,2902,71160,19,325492
20703,0.001099,172.31.36.0-255,66,71226,19,325492
20704,0.001123,74.125.24.0-255,5738,76964,19,325492
20705,0.001126,172.31.36.0-255,66,77030,19,325492
20706,0.001135,74.125.24.0-255,7156,84186,19,325492
20707,0.001137,172.31.36.0-255,66,84252,19,325492
20708,0.001157,74.125.24.0-255,5738,89990,19,325492
20709,0.001161,172.31.36.0-255,66,90056,19,325492
20710,0.001165,74.125.24.0-255,2902,92958,19,325492
20711,0.001167,172.31.36.0-255,66,93024,19,325492
20712,0.001197,74.125.24.0-255,7856,100880,19,325492
20713,0.0012,172.31.36.0-255,66,100946,19,325492
20714,0.001392,74.125.24.0-255,1484,102430,19,325492
20715,0.0014,74.125.24.0-255,2902,105332,19,325492
20716,0.001403,172.31.36.0-255,66,105398,19,325492
20717,0.001421,74.125.24.0-255,1484,106882,19,325492
20718,0.001426,74.125.24.0-255,2902,109784,19,325492
20719,0.001428,172.31.36.0-255,66,109850,19,325492
20720,0.001446,74.125.24.0-255,5738,115588,19,325492
20721,0.001462,74.125.24.0-255,2902,118490,19,325492
20722,0.001494,74.125.24.0-255,9992,128482,19,325492
20723,0.0015,74.125.24.0-255,6438,134920,19,325492
20724,0.001665,74.125.24.0-255,1484,136404,19,325492
20725,0.001672,74.125.24.0-255,2902,139306,19,325492
20726,0.001694,74.125.24.0-255,2902,142208,19,325492
20727,0.001706,74.125.24.0-255,2902,145110,19,325492
20728,0.001709,74.125.24.0-255,1484,146594,19,325492
20729,0.001733,74.125.24.0-255,9992,156586,19,325492
20730,0.001752,74.125.24.0-255,1484,158070,19,325492
20731,0.00176,74.125.24.0-255,9992,168062,19,325492
20732,0.00177,74.125.24.0-255,766,168828,19,325492
20733,0.001904,74.125.24.0-255,1484,170312,19,325492
20734,0.00192,74.125.24.0-255,2902,173214,19,325492
20735,0.001933,74.125.24.0-255,4320,177534,19,325492
20736,0.001948,74.125.24.0-255,1484,179018,19,325492
20737,0.001955,74.125.24.0-255,7156,186174,19,325492
20738,0.002014,74.125.24.0-255,2184,188358,19,325492
20739,0.0024,74.125.24.0-255,1484,189842,19,325492
20740,0.002404,74.125.24.0-255,2902,192744,19,325492
20741,0.002421,74.125.24.0-255,1484,194228,19,325492
20742,0.002423,74.125.24.0-255,1484,195712,19,325492
20743,0.002444,74.125.24.0-255,1484,197196,19,325492
20744,0.002467,74.125.24.0-255,9992,207188,19,325492
20745,0.002474,74.125.24.0-255,8574,215762,19,325492
20746,0.002511,74.125.24.0-255,1484,217246,19,325492
20747,0.002529,74.125.24.0-255,5020,222266,19,325492
20748,0.002838,74.125.24.0-255,1484,223750,19,325492
20749,0.002855,74.125.24.0-255,1484,225234,19,325492
20750,0.002866,74.125.24.0-255,2902,228136,19,325492
20751,0.002878,74.125.24.0-255,2902,231038,19,325492
20752,0.002891,74.125.24.0-255,2902,233940,19,325492
20753,0.002895,74.125.24.0-255,2902,236842,19,325492
20754,0.002924,74.125.24.0-255,5738,242580,19,325492
20755,0.002927,74.125.24.0-255,1484,244064,19,325492
20756,0.002929,74.125.24.0-255,1484,245548,19,325492
20757,0.002936,74.125.24.0-255,5738,251286,19,325492
20758,0.002953,74.125.24.0-255,2902,254188,19,325492
20759,0.002968,74.125.24.0-255,2184,256372,19,325492
20760,0.003315,74.125.24.0-255,1484,257856,19,325492
20761,0.003319,74.125.24.0-255,1484,259340,19,325492
20762,0.003331,74.125.24.0-255,1484,260824,19,325492
20763,0.003335,74.125.24.0-255,2902,263726,19,325492
20764,0.003354,74.125.24.0-255,2902,266628,19,325492
20765,0.003359,74.125.24.0-255,4320,270948,19,325492
20766,0.003382,74.125.24.0-255,1484,272432,19,325492
20767,0.003394,74.125.24.0-255,2902,275334,19,325492
20768,0.003413,74.125.24.0-255,9992,285326,19,325492
20769,0.003447,74.125.24.0-255,5738,291064,19,325492
20770,0.00346,74.125.24.0-255,1484,292548,19,325492
20771,0.003462,74.125.24.0-255,1484,294032,19,325492
20772,0.003485,74.125.24.0-255,4320,298352,19,325492
20773,0.003518,74.125.24.0-255,1484,299836,19,325492
20774,0.003525,74.125.24.0-255,5738,305574,19,325492
20775,0.0036,74.125.24.0-255,8574,314148,19,325492
20776,0.003613,74.125.24.0-255,2184,316332,19,325492
20777,0.003635,74.125.24.0-255,1484,317816,19,325492
20778,0.003664,74.125.24.0-255,7334,325150,19,325492
20779,0.003674,74.125.24.0-255,105,325255,19,325492
20780,0.004344,172.31.36.0-255,66,325321,19,325492
20781,0.006946,172.31.36.0-255,105,325426,19,325492
20782,0.00922,74.125.24.0-255,66,325492,19,325492
20783,0.0,172.217.194.0-255,153,153,19,282839
20784,2.5e-05,172.31.36.0-255,66,219,19,282839
20785,3.2e-05,172.217.194.0-255,1484,1703,19,282839
20786,3.6e-05,172.31.36.0-255,66,1769,19,282839
20787,4.2e-05,172.217.194.0-255,2902,4671,19,282839
20788,4.5e-05,172.31.36.0-255,66,4737,19,282839
20789,5.2e-05,172.217.194.0-255,7156,11893,19,282839
20790,5.5e-05,172.31.36.0-255,66,11959,19,282839
20791,5.8e-05,172.217.194.0-255,1484,13443,19,282839
20792,6.1e-05,172.31.36.0-255,66,13509,19,282839
20793,6.5e-05,172.217.194.0-255,688,14197,19,282839
20794,6.8e-05,172.31.36.0-255,66,14263,19,282839
20795,0.000222,172.217.194.0-255,1484,15747,19,282839
20796,0.000227,172.31.36.0-255,66,15813,19,282839
20797,0.000233,172.217.194.0-255,2902,18715,19,282839
20798,0.000236,172.31.36.0-255,66,18781,19,282839
20799,0.00024,172.217.194.0-255,2902,21683,19,282839
20800,0.000243,172.31.36.0-255,66,21749,19,282839
20801,0.000258,172.217.194.0-255,2902,24651,19,282839
20802,0.000261,172.31.36.0-255,66,24717,19,282839
20803,0.000284,172.217.194.0-255,1484,26201,19,282839
20804,0.000287,172.31.36.0-255,66,26267,19,282839
20805,0.000312,172.31.36.0-255,66,26333,19,282839
20806,0.000337,172.217.194.0-255,5738,32071,19,282839
20807,0.00034,172.31.36.0-255,66,32137,19,282839
20808,0.00036,172.217.194.0-255,3961,36098,19,282839
20809,0.000362,172.31.36.0-255,66,36164,19,282839
20810,0.000403,172.217.194.0-255,9992,46156,19,282839
20811,0.000406,172.31.36.0-255,66,46222,19,282839
20812,0.000438,172.217.194.0-255,4320,50542,19,282839
20813,0.000441,172.31.36.0-255,66,50608,19,282839
20814,0.000459,172.217.194.0-255,2794,53402,19,282839
20815,0.000461,172.31.36.0-255,66,53468,19,282839
20816,0.000464,172.217.194.0-255,404,53872,19,282839
20817,0.000615,172.217.194.0-255,1484,55356,19,282839
20818,0.00062,172.31.36.0-255,66,55422,19,282839
20819,0.000627,172.217.194.0-255,2902,58324,19,282839
20820,0.000629,172.31.36.0-255,66,58390,19,282839
20821,0.000634,172.217.194.0-255,4320,62710,19,282839
20822,0.000637,172.31.36.0-255,66,62776,19,282839
20823,0.00066,172.217.194.0-255,1484,64260,19,282839
20824,0.000667,172.217.194.0-255,5738,69998,19,282839
20825,0.000669,172.31.36.0-255,66,70064,19,282839
20826,0.000709,172.217.194.0-255,9992,80056,19,282839
20827,0.000711,172.31.36.0-255,66,80122,19,282839
20828,0.000727,172.217.194.0-255,2902,83024,19,282839
20829,0.000732,172.217.194.0-255,5020,88044,19,282839
20830,0.000736,172.31.36.0-255,66,88110,19,282839
20831,0.00074,172.31.36.0-255,66,88176,19,282839
20832,0.000876,172.217.194.0-255,1484,89660,19,282839
20833,0.000883,172.217.194.0-255,2902,92562,19,282839
20834,0.000886,172.31.36.0-255,66,92628,19,282839
20835,0.000915,172.217.194.0-255,5738,98366,19,282839
20836,0.000918,172.31.36.0-255,66,98432,19,282839
20837,0.000927,172.217.194.0-255,9992,108424,19,282839
20838,0.00093,172.31.36.0-255,66,108490,19,282839
20839,0.000965,172.217.194.0-255,9992,118482,19,282839
20840,0.000968,172.31.36.0-255,66,118548,19,282839
20841,0.000987,172.217.194.0-255,3602,122150,19,282839
20842,0.00099,172.31.36.0-255,66,122216,19,282839
20843,0.001464,172.217.194.0-255,1484,123700,19,282839
20844,0.00147,172.217.194.0-255,2902,126602,19,282839
20845,0.001474,172.31.36.0-255,66,126668,19,282839
20846,0.001479,172.217.194.0-255,2902,129570,19,282839
20847,0.001481,172.31.36.0-255,66,129636,19,282839
20848,0.001497,172.217.194.0-255,2902,132538,19,282839
20849,0.0015,172.31.36.0-255,66,132604,19,282839
20850,0.001508,172.217.194.0-255,8574,141178,19,282839
20851,0.00151,172.31.36.0-255,66,141244,19,282839
20852,0.001533,172.217.194.0-255,4320,145564,19,282839
20853,0.001535,172.31.36.0-255,66,145630,19,282839
20854,0.001544,172.217.194.0-255,9992,155622,19,282839
20855,0.001546,172.31.36.0-255,66,155688,19,282839
20856,0.001549,172.217.194.0-255,766,156454,19,282839
20857,0.001623,172.217.194.0-255,1484,157938,19,282839
20858,0.001627,172.217.194.0-255,2902,160840,19,282839
20859,0.001632,172.31.36.0-255,66,160906,19,282839
20860,0.001636,172.31.36.0-255,66,160972,19,282839
20861,0.001655,172.217.194.0-255,5738,166710,19,282839
20862,0.001658,172.31.36.0-255,66,166776,19,282839
20863,0.001661,172.217.194.0-255,1484,168260,19,282839
20864,0.00169,172.31.36.0-255,66,168326,19,282839
20865,0.0017,172.217.194.0-255,9992,178318,19,282839
20866,0.001702,172.31.36.0-255,66,178384,19,282839
20867,0.001724,172.217.194.0-255,766,179150,19,282839
20868,0.001759,172.217.194.0-255,1484,180634,19,282839
20869,0.001762,172.31.36.0-255,66,180700,19,282839
20870,0.001785,172.217.194.0-255,4320,185020,19,282839
20871,0.001787,172.31.36.0-255,66,185086,19,282839
20872,0.001795,172.217.194.0-255,5738,190824,19,282839
20873,0.001797,172.31.36.0-255,66,190890,19,282839
20874,0.001813,172.217.194.0-255,1484,192374,19,282839
20875,0.001822,172.217.194.0-255,8574,200948,19,282839
20876,0.001824,172.31.36.0-255,66,201014,19,282839
20877,0.001854,172.217.194.0-255,7156,208170,19,282839
20878,0.001856,172.31.36.0-255,66,208236,19,282839
20879,0.001862,172.217.194.0-255,5020,213256,19,282839
20880,0.001865,172.31.36.0-255,66,213322,19,282839
20881,0.001936,172.217.194.0-255,1484,214806,19,282839
20882,0.001952,172.217.194.0-255,2902,217708,19,282839
20883,0.001956,172.31.36.0-255,66,217774,19,282839
20884,0.001963,172.217.194.0-255,5738,223512,19,282839
20885,0.001965,172.31.36.0-255,66,223578,19,282839
20886,0.002003,172.31.36.0-255,66,223644,19,282839
20887,0.002014,172.217.194.0-255,1484,225128,19,282839
20888,0.002023,172.217.194.0-255,8574,233702,19,282839
20889,0.002025,172.31.36.0-255,66,233768,19,282839
20890,0.002044,172.217.194.0-255,2184,235952,19,282839
20891,0.002047,172.31.36.0-255,66,236018,19,282839
20892,0.002094,172.217.194.0-255,1484,237502,19,282839
20893,0.002109,172.217.194.0-255,2902,240404,19,282839
20894,0.002146,172.217.194.0-255,4320,244724,19,282839
20895,0.00215,172.31.36.0-255,66,244790,19,282839
20896,0.002158,172.31.36.0-255,66,244856,19,282839
20897,0.002162,172.217.194.0-255,1484,246340,19,282839
20898,0.002176,172.31.36.0-255,66,246406,19,282839
20899,0.002183,172.217.194.0-255,7156,253562,19,282839
20900,0.002185,172.31.36.0-255,66,253628,19,282839
20901,0.002203,172.217.194.0-255,7156,260784,19,282839
20902,0.002206,172.31.36.0-255,66,260850,19,282839
20903,0.00224,172.31.36.0-255,66,260916,19,282839
20904,0.002254,172.31.36.0-255,66,260982,19,282839
20905,0.002278,172.217.194.0-255,4320,265302,19,282839
20906,0.00228,172.31.36.0-255,66,265368,19,282839
20907,0.002316,172.31.36.0-255,66,265434,19,282839
20908,0.002343,172.217.194.0-255,9274,274708,19,282839
20909,0.002375,172.217.194.0-255,7855,282563,19,282839
20910,0.002378,172.217.194.0-255,105,282668,19,282839
20911,0.002393,172.31.36.0-255,66,282734,19,282839
20912,0.008677,172.31.36.0-255,105,282839,19,282839
20913,0.0,172.253.118.0-255,154,154,19,200228
20914,1.9e-05,172.31.36.0-255,66,220,19,200228
20915,2.6e-05,172.253.118.0-255,1484,1704,19,200228
20916,3e-05,172.31.36.0-255,66,1770,19,200228
20917,3.5e-05,172.253.118.0-255,2902,4672,19,200228
20918,3.9e-05,172.31.36.0-255,66,4738,19,200228
20919,6.5e-05,172.253.118.0-255,7156,11894,19,200228
20920,6.9e-05,172.31.36.0-255,66,11960,19,200228
20921,7.4e-05,172.253.118.0-255,2066,14026,19,200228
20922,7.6e-05,172.31.36.0-255,66,14092,19,200228
20923,0.00011,172.253.118.0-255,2902,16994,19,200228
20924,0.000114,172.31.36.0-255,66,17060,19,200228
20925,0.000143,172.253.118.0-255,8574,25634,19,200228
20926,0.000147,172.31.36.0-255,66,25700,19,200228
20927,0.000154,172.253.118.0-255,5379,31079,19,200228
20928,0.000156,172.31.36.0-255,66,31145,19,200228
20929,0.000264,172.253.118.0-255,1484,32629,19,200228
20930,0.00027,172.31.36.0-255,66,32695,19,200228
20931,0.000276,172.253.118.0-255,2902,35597,19,200228
20932,0.000278,172.31.36.0-255,66,35663,19,200228
20933,0.000285,172.253.118.0-255,5738,41401,19,200228
20934,0.000288,172.31.36.0-255,66,41467,19,200228
20935,0.000319,172.253.118.0-255,2902,44369,19,200228
20936,0.000322,172.31.36.0-255,66,44435,19,200228
20937,0.000345,172.31.36.0-255,66,44501,19,200228
20938,0.000352,172.253.118.0-255,7156,51657,19,200228
20939,0.000354,172.31.36.0-255,66,51723,19,200228
20940,0.000398,172.253.118.0-255,2850,54573,19,200228
20941,0.000402,172.31.36.0-255,66,54639,19,200228
20942,0.000406,172.253.118.0-255,114,54753,19,200228
20943,0.000407,172.31.36.0-255,66,54819,19,200228
20944,0.000554,172.253.118.0-255,1484,56303,19,200228
20945,0.000562,172.253.118.0-255,2902,59205,19,200228
20946,0.000566,172.31.36.0-255,66,59271,19,200228
20947,0.000573,172.253.118.0-255,5738,65009,19,200228
20948,0.000575,172.31.36.0-255,66,65075,19,200228
20949,0.000578,172.253.118.0-255,1484,66559,19,200228
20950,0.000616,172.253.118.0-255,5379,71938,19,200228
20951,0.000621,172.31.36.0-255,66,72004,19,200228
20952,0.000635,172.31.36.0-255,66,72070,19,200228
20953,0.000642,172.253.118.0-255,7156,79226,19,200228
20954,0.000645,172.31.36.0-255,66,79292,19,200228
20955,0.000668,172.253.118.0-255,2902,82194,19,200228
20956,0.000672,172.31.36.0-255,66,82260,19,200228
20957,0.000694,172.253.118.0-255,9274,91534,19,200228
20958,0.000698,172.31.36.0-255,66,91600,19,200228
20959,0.000731,172.253.118.0-255,1484,93084,19,200228
20960,0.000736,172.253.118.0-255,1484,94568,19,200228
20961,0.000739,172.31.36.0-255,66,94634,19,200228
20962,0.000766,172.253.118.0-255,1484,96118,19,200228
20963,0.000773,172.253.118.0-255,5738,101856,19,200228
20964,0.000779,172.31.36.0-255,66,101922,19,200228
20965,0.000791,172.253.118.0-255,4320,106242,19,200228
20966,0.000794,172.31.36.0-255,66,106308,19,200228
20967,0.000811,172.253.118.0-255,5064,111372,19,200228
20968,0.000814,172.31.36.0-255,66,111438,19,200228
20969,0.000821,172.253.118.0-255,7156,118594,19,200228
20970,0.000823,172.31.36.0-255,66,118660,19,200228
20971,0.000864,172.253.118.0-255,2902,121562,19,200228
20972,0.000867,172.31.36.0-255,66,121628,19,200228
20973,0.000884,172.31.36.0-255,66,121694,19,200228
20974,0.000889,172.253.118.0-255,5020,126714,19,200228
20975,0.000892,172.31.36.0-255,66,126780,19,200228
20976,0.001662,172.253.118.0-255,1484,128264,19,200228
20977,0.00167,172.253.118.0-255,2902,131166,19,200228
20978,0.001674,172.31.36.0-255,66,131232,19,200228
20979,0.001681,172.253.118.0-255,5738,136970,19,200228
20980,0.001683,172.31.36.0-255,66,137036,19,200228
20981,0.001713,172.253.118.0-255,8574,145610,19,200228
20982,0.001715,172.31.36.0-255,66,145676,19,200228
20983,0.001735,172.253.118.0-255,2902,148578,19,200228
20984,0.001737,172.31.36.0-255,66,148644,19,200228
20985,0.00175,172.31.36.0-255,66,148710,19,200228
20986,0.001969,172.253.118.0-255,1484,150194,19,200228
20987,0.001989,172.253.118.0-255,2902,153096,19,200228
20988,0.001992,172.31.36.0-255,66,153162,19,200228
20989,0.001999,172.253.118.0-255,5738,158900,19,200228
20990,0.002001,172.31.36.0-255,66,158966,19,200228
20991,0.002007,172.253.118.0-255,5738,164704,19,200228
20992,0.002009,172.31.36.0-255,66,164770,19,200228
20993,0.002038,172.253.118.0-255,1484,166254,19,200228
20994,0.002047,172.253.118.0-255,8574,174828,19,200228
20995,0.002049,172.31.36.0-255,66,174894,19,200228
20996,0.002057,172.253.118.0-255,7856,182750,19,200228
20997,0.002059,172.31.36.0-255,66,182816,19,200228
20998,0.004075,172.253.118.0-255,5738,188554,19,200228
20999,0.00408,172.31.36.0-255,66,188620,19,200228
21000,0.006129,172.253.118.0-255,5738,194358,19,200228
21001,0.006133,172.31.36.0-255,66,194424,19,200228
21002,0.008157,172.253.118.0-255,5738,200162,19,200228
21003,0.008163,172.31.36.0-255,66,200228,19,200228
21004,0.0,74.125.24.0-255,153,153,19,104122
21005,3e-05,172.31.36.0-255,66,219,19,104122
21006,3.7e-05,74.125.24.0-255,1484,1703,19,104122
21007,4.2e-05,172.31.36.0-255,66,1769,19,104122
21008,5.4e-05,74.125.24.0-255,2902,4671,19,104122
21009,5.8e-05,172.31.36.0-255,66,4737,19,104122
21010,6.3e-05,74.125.24.0-255,4320,9057,19,104122
21011,6.7e-05,172.31.36.0-255,66,9123,19,104122
21012,9.8e-05,74.125.24.0-255,4873,13996,19,104122
21013,0.000102,172.31.36.0-255,66,14062,19,104122
21014,0.000184,74.125.24.0-255,1484,15546,19,104122
21015,0.000188,172.31.36.0-255,66,15612,19,104122
21016,0.000192,74.125.24.0-255,1484,17096,19,104122
21017,0.000194,172.31.36.0-255,66,17162,19,104122
21018,0.000228,74.125.24.0-255,1484,18646,19,104122
21019,0.00023,172.31.36.0-255,66,18712,19,104122
21020,0.000237,74.125.24.0-255,5738,24450,19,104122
21021,0.00024,172.31.36.0-255,66,24516,19,104122
21022,0.000252,74.125.24.0-255,6797,31313,19,104122
21023,0.000255,172.31.36.0-255,66,31379,19,104122
21024,0.000441,74.125.24.0-255,1484,32863,19,104122
21025,0.000446,172.31.36.0-255,66,32929,19,104122
21026,0.000452,74.125.24.0-255,2902,35831,19,104122
21027,0.000454,172.31.36.0-255,66,35897,19,104122
21028,0.000469,74.125.24.0-255,5738,41635,19,104122
21029,0.000471,172.31.36.0-255,66,41701,19,104122
21030,0.000504,74.125.24.0-255,6797,48498,19,104122
21031,0.000507,172.31.36.0-255,66,48564,19,104122
21032,0.000601,74.125.24.0-255,1484,50048,19,104122
21033,0.000605,172.31.36.0-255,66,50114,19,104122
21034,0.000637,74.125.24.0-255,2902,53016,19,104122
21035,0.000641,172.31.36.0-255,66,53082,19,104122
21036,0.000648,74.125.24.0-255,5738,58820,19,104122
21037,0.00065,172.31.36.0-255,66,58886,19,104122
21038,0.000663,74.125.24.0-255,7141,66027,19,104122
21039,0.000668,172.31.36.0-255,66,66093,19,104122
21040,0.001733,74.125.24.0-255,332,66425,19,104122
21041,0.001959,74.125.24.0-255,1484,67909,19,104122
21042,0.001963,172.31.36.0-255,66,67975,19,104122
21043,0.001982,74.125.24.0-255,2902,70877,19,104122
21044,0.001984,172.31.36.0-255,66,70943,19,104122
21045,0.001991,74.125.24.0-255,5738,76681,19,104122
21046,0.001993,172.31.36.0-255,66,76747,19,104122
21047,0.002022,74.125.24.0-255,4320,81067,19,104122
21048,0.002024,172.31.36.0-255,66,81133,19,104122
21049,0.002053,74.125.24.0-255,2543,83676,19,104122
21050,0.002055,172.31.36.0-255,66,83742,19,104122
21051,0.002059,74.125.24.0-255,2902,86644,19,104122
21052,0.002061,172.31.36.0-255,66,86710,19,104122
21053,0.004109,74.125.24.0-255,5738,92448,19,104122
21054,0.004115,172.31.36.0-255,66,92514,19,104122
21055,0.006155,74.125.24.0-255,5738,98252,19,104122
21056,0.006159,172.31.36.0-255,66,98318,19,104122
21057,0.008203,74.125.24.0-255,5738,104056,19,104122
21058,0.008209,172.31.36.0-255,66,104122,19,104122
21059,0.0,74.125.24.0-255,153,153,19,301336
21060,3.5e-05,172.31.36.0-255,66,219,19,301336
21061,4.2e-05,74.125.24.0-255,1484,1703,19,301336
21062,4.6e-05,172.31.36.0-255,66,1769,19,301336
21063,5.1e-05,74.125.24.0-255,2902,4671,19,301336
21064,5.4e-05,172.31.36.0-255,66,4737,19,301336
21065,6.3e-05,74.125.24.0-255,7156,11893,19,301336
21066,6.6e-05,172.31.36.0-255,66,11959,19,301336
21067,7e-05,74.125.24.0-255,2053,14012,19,301336
21068,7.2e-05,172.31.36.0-255,66,14078,19,301336
21069,7.9e-05,74.125.24.0-255,5738,19816,19,301336
21070,8.1e-05,172.31.36.0-255,66,19882,19,301336
21071,0.000107,74.125.24.0-255,5738,25620,19,301336
21072,0.00011,172.31.36.0-255,66,25686,19,301336
21073,0.000116,74.125.24.0-255,5379,31065,19,301336
21074,0.000118,172.31.36.0-255,66,31131,19,301336
21075,0.000196,74.125.24.0-255,1484,32615,19,301336
21076,0.0002,172.31.36.0-255,66,32681,19,301336
21077,0.000218,74.125.24.0-255,2902,35583,19,301336
21078,0.000221,172.31.36.0-255,66,35649,19,301336
21079,0.000227,74.125.24.0-255,5738,41387,19,301336
21080,0.00023,172.31.36.0-255,66,41453,19,301336
21081,0.000259,172.31.36.0-255,66,41519,19,301336
21082,0.000273,74.125.24.0-255,1484,43003,19,301336
21083,0.000276,172.31.36.0-255,66,43069,19,301336
21084,0.000297,74.125.24.0-255,9274,52343,19,301336
21085,0.000301,172.31.36.0-255,66,52409,19,301336
21086,0.000304,74.125.24.0-255,443,52852,19,301336
21087,0.000306,172.31.36.0-255,66,52918,19,301336
21088,0.000485,74.125.24.0-255,1484,54402,19,301336
21089,0.000489,172.31.36.0-255,66,54468,19,301336
21090,0.000496,74.125.24.0-255,2902,57370,19,301336
21091,0.000499,172.31.36.0-255,66,57436,19,301336
21092,0.000529,74.125.24.0-255,5738,63174,19,301336
21093,0.000532,172.31.36.0-255,66,63240,19,301336
21094,0.00054,74.125.24.0-255,8574,71814,19,301336
21095,0.000542,172.31.36.0-255,66,71880,19,301336
21096,0.000559,74.125.24.0-255,4320,76200,19,301336
21097,0.000562,172.31.36.0-255,66,76266,19,301336
21098,0.00057,74.125.24.0-255,8574,84840,19,301336
21099,0.000573,172.31.36.0-255,66,84906,19,301336
21100,0.000597,74.125.24.0-255,2449,87355,19,301336
21101,0.0006,172.31.36.0-255,66,87421,19,301336
21102,0.000658,74.125.24.0-255,1484,88905,19,301336
21103,0.000663,74.125.24.0-255,2902,91807,19,301336
21104,0.000667,172.31.36.0-255,66,91873,19,301336
21105,0.000691,74.125.24.0-255,5738,97611,19,301336
21106,0.000694,172.31.36.0-255,66,97677,19,301336
21107,0.0007,74.125.24.0-255,4320,101997,19,301336
21108,0.000702,172.31.36.0-255,66,102063,19,301336
21109,0.000716,74.125.24.0-255,4320,106383,19,301336
21110,0.000719,172.31.36.0-255,66,106449,19,301336
21111,0.000753,74.125.24.0-255,4320,110769,19,301336
21112,0.000757,172.31.36.0-255,66,110835,19,301336
21113,0.000781,74.125.24.0-255,10143,120978,19,301336
21114,0.000786,172.31.36.0-255,66,121044,19,301336
21115,0.000795,74.125.24.0-255,1484,122528,19,301336
21116,0.000798,74.125.24.0-255,1484,124012,19,301336
21117,0.0008,172.31.36.0-255,66,124078,19,301336
21118,0.000824,74.125.24.0-255,1484,125562,19,301336
21119,0.00083,74.125.24.0-255,5738,131300,19,301336
21120,0.000833,172.31.36.0-255,66,131366,19,301336
21121,0.000841,74.125.24.0-255,7156,138522,19,301336
21122,0.000844,172.31.36.0-255,66,138588,19,301336
21123,0.000876,74.125.24.0-255,5738,144326,19,301336
21124,0.00088,172.31.36.0-255,66,144392,19,301336
21125,0.000887,74.125.24.0-255,8574,152966,19,301336
21126,0.00089,172.31.36.0-255,66,153032,19,301336
21127,0.000904,74.125.24.0-255,2184,155216,19,301336
21128,0.000907,172.31.36.0-255,66,155282,19,301336
21129,0.000911,74.125.24.0-255,2902,158184,19,301336
21130,0.000914,172.31.36.0-255,66,158250,19,301336
21131,0.000936,74.125.24.0-255,7156,165406,19,301336
21132,0.000939,172.31.36.0-255,66,165472,19,301336
21133,0.000955,74.125.24.0-255,2902,168374,19,301336
21134,0.000958,172.31.36.0-255,66,168440,19,301336
21135,0.000979,74.125.24.0-255,9992,178432,19,301336
21136,0.000983,172.31.36.0-255,66,178498,19,301336
21137,0.001,74.125.24.0-255,4320,182818,19,301336
21138,0.001003,172.31.36.0-255,66,182884,19,301336
21139,0.00103,74.125.24.0-255,6438,189322,19,301336
21140,0.001033,172.31.36.0-255,66,189388,19,301336
21141,0.001183,74.125.24.0-255,1484,190872,19,301336
21142,0.001187,74.125.24.0-255,1484,192356,19,301336
21143,0.00119,172.31.36.0-255,66,192422,19,301336
21144,0.001211,74.125.24.0-255,1484,193906,19,301336
21145,0.001217,74.125.24.0-255,5738,199644,19,301336
21146,0.00122,172.31.36.0-255,66,199710,19,301336
21147,0.001226,74.125.24.0-255,5738,205448,19,301336
21148,0.001228,172.31.36.0-255,66,205514,19,301336
21149,0.001242,74.125.24.0-255,2902,208416,19,301336
21150,0.001245,172.31.36.0-255,66,208482,19,301336
21151,0.001282,74.125.24.0-255,5738,214220,19,301336
21152,0.001286,172.31.36.0-255,66,214286,19,301336
21153,0.001311,74.125.24.0-255,9274,223560,19,301336
21154,0.001314,172.31.36.0-255,66,223626,19,301336
21155,0.00155,74.125.24.0-255,1484,225110,19,301336
21156,0.001555,74.125.24.0-255,2902,228012,19,301336
21157,0.001558,172.31.36.0-255,66,228078,19,301336
21158,0.001585,74.125.24.0-255,5738,233816,19,301336
21159,0.001588,172.31.36.0-255,66,233882,19,301336
21160,0.001616,74.125.24.0-255,8574,242456,19,301336
21161,0.00162,172.31.36.0-255,66,242522,19,301336
21162,0.001631,74.125.24.0-255,4320,246842,19,301336
21163,0.001634,172.31.36.0-255,66,246908,19,301336
21164,0.001643,74.125.24.0-255,9992,256900,19,301336
21165,0.001645,172.31.36.0-255,66,256966,19,301336
21166,0.001664,74.125.24.0-255,766,257732,19,301336
21167,0.001702,74.125.24.0-255,1484,259216,19,301336
21168,0.001706,172.31.36.0-255,66,259282,19,301336
21169,0.00171,74.125.24.0-255,2902,262184,19,301336
21170,0.001713,172.31.36.0-255,66,262250,19,301336
21171,0.001717,74.125.24.0-255,2902,265152,19,301336
21172,0.00172,172.31.36.0-255,66,265218,19,301336
21173,0.001741,74.125.24.0-255,2902,268120,19,301336
21174,0.001744,172.31.36.0-255,66,268186,19,301336
21175,0.001747,74.125.24.0-255,1484,269670,19,301336
21176,0.001755,74.125.24.0-255,8574,278244,19,301336
21177,0.001757,172.31.36.0-255,66,278310,19,301336
21178,0.001821,172.31.36.0-255,66,278376,19,301336
21179,0.001839,172.31.36.0-255,66,278442,19,301336
21180,0.001847,172.31.36.0-255,66,278508,19,301336
21181,0.00187,74.125.24.0-255,766,279274,19,301336
21182,0.002804,172.31.36.0-255,66,279340,19,301336
21183,0.003824,74.125.24.0-255,4320,283660,19,301336
21184,0.003831,172.31.36.0-255,66,283726,19,301336
21185,0.00479,74.125.24.0-255,1484,285210,19,301336
21186,0.005837,74.125.24.0-255,4320,289530,19,301336
21187,0.005842,172.31.36.0-255,66,289596,19,301336
21188,0.007843,74.125.24.0-255,2902,292498,19,301336
21189,0.007846,172.31.36.0-255,66,292564,19,301336
21190,0.007861,74.125.24.0-255,2902,295466,19,301336
21191,0.007863,172.31.36.0-255,66,295532,19,301336
21192,0.009835,74.125.24.0-255,5738,301270,19,301336
21193,0.009841,172.31.36.0-255,66,301336,19,301336
21194,0.0,74.125.68.0-255,153,153,19,152034
21195,3.4e-05,172.31.36.0-255,66,219,19,152034
21196,4.2e-05,74.125.68.0-255,1484,1703,19,152034
21197,4.7e-05,172.31.36.0-255,66,1769,19,152034
21198,5.2e-05,74.125.68.0-255,2902,4671,19,152034
21199,5.5e-05,172.31.36.0-255,66,4737,19,152034
21200,6.1e-05,74.125.68.0-255,4320,9057,19,152034
21201,6.4e-05,172.31.36.0-255,66,9123,19,152034
21202,8.8e-05,74.125.68.0-255,4831,13954,19,152034
21203,9e-05,172.31.36.0-255,66,14020,19,152034
21204,0.00082,74.125.68.0-255,1484,15504,19,152034
21205,0.000827,172.31.36.0-255,66,15570,19,152034
21206,0.00085,74.125.68.0-255,2902,18472,19,152034
21207,0.000853,172.31.36.0-255,66,18538,19,152034
21208,0.000861,74.125.68.0-255,5738,24276,19,152034
21209,0.000863,172.31.36.0-255,66,24342,19,152034
21210,0.000867,74.125.68.0-255,1484,25826,19,152034
21211,0.000869,172.31.36.0-255,66,25892,19,152034
21212,0.000892,74.125.68.0-255,5379,31271,19,152034
21213,0.000895,172.31.36.0-255,66,31337,19,152034
21214,0.000975,74.125.68.0-255,1484,32821,19,152034
21215,0.000981,172.31.36.0-255,66,32887,19,152034
21216,0.000986,74.125.68.0-255,2902,35789,19,152034
21217,0.000989,172.31.36.0-255,66,35855,19,152034
21218,0.001015,74.125.68.0-255,1484,37339,19,152034
21219,0.001019,172.31.36.0-255,66,37405,19,152034
21220,0.001023,74.125.68.0-255,2902,40307,19,152034
21221,0.001026,172.31.36.0-255,66,40373,19,152034
21222,0.001029,74.125.68.0-255,1484,41857,19,152034
21223,0.001032,172.31.36.0-255,66,41923,19,152034
21224,0.00105,74.125.68.0-255,4320,46243,19,152034
21225,0.001052,172.31.36.0-255,66,46309,19,152034
21226,0.001057,74.125.68.0-255,3961,50270,19,152034
21227,0.001059,172.31.36.0-255,66,50336,19,152034
21228,0.001078,74.125.68.0-255,4320,54656,19,152034
21229,0.00108,172.31.36.0-255,66,54722,19,152034
21230,0.001114,74.125.68.0-255,9992,64714,19,152034
21231,0.001116,74.125.68.0-255,1125,65839,19,152034
21232,0.001121,172.31.36.0-255,66,65905,19,152034
21233,0.001456,172.31.36.0-255,66,65971,19,152034
21234,0.001524,74.125.68.0-255,411,66382,19,152034
21235,0.001548,172.31.36.0-255,66,66448,19,152034
21236,0.001578,74.125.68.0-255,332,66780,19,152034
21237,0.001602,172.31.36.0-255,66,66846,19,152034
21238,0.001728,74.125.68.0-255,1484,68330,19,152034
21239,0.001746,74.125.68.0-255,2902,71232,19,152034
21240,0.00175,172.31.36.0-255,66,71298,19,152034
21241,0.001767,74.125.68.0-255,5738,77036,19,152034
21242,0.001769,172.31.36.0-255,66,77102,19,152034
21243,0.001799,74.125.68.0-255,7156,84258,19,152034
21244,0.001802,172.31.36.0-255,66,84324,19,152034
21245,0.001821,74.125.68.0-255,2902,87226,19,152034
21246,0.001824,172.31.36.0-255,66,87292,19,152034
21247,0.001837,74.125.68.0-255,4320,91612,19,152034
21248,0.001839,172.31.36.0-255,66,91678,19,152034
21249,0.001866,74.125.68.0-255,7156,98834,19,152034
21250,0.001869,172.31.36.0-255,66,98900,19,152034
21251,0.001872,74.125.68.0-255,2184,101084,19,152034
21252,0.001874,172.31.36.0-255,66,101150,19,152034
21253,0.001934,74.125.68.0-255,1484,102634,19,152034
21254,0.001947,74.125.68.0-255,2902,105536,19,152034
21255,0.00195,172.31.36.0-255,66,105602,19,152034
21256,0.001973,74.125.68.0-255,5738,111340,19,152034
21257,0.001975,172.31.36.0-255,66,111406,19,152034
21258,0.002003,74.125.68.0-255,5738,117144,19,152034
21259,0.002006,172.31.36.0-255,66,117210,19,152034
21260,0.002029,74.125.68.0-255,7156,124366,19,152034
21261,0.002032,172.31.36.0-255,66,124432,19,152034
21262,0.002062,74.125.68.0-255,4320,128752,19,152034
21263,0.002065,172.31.36.0-255,66,128818,19,152034
21264,0.002079,74.125.68.0-255,5738,134556,19,152034
21265,0.002082,172.31.36.0-255,66,134622,19,152034
21266,0.004088,74.125.68.0-255,5738,140360,19,152034
21267,0.004096,172.31.36.0-255,66,140426,19,152034
21268,0.006102,74.125.68.0-255,5738,146164,19,152034
21269,0.006111,172.31.36.0-255,66,146230,19,152034
21270,0.008125,74.125.68.0-255,5738,151968,19,152034
21271,0.008134,172.31.36.0-255,66,152034,19,152034
21272,0.0,74.125.24.0-255,146,146,19,292611
21273,3.3e-05,172.31.36.0-255,66,212,19,292611
21274,4e-05,74.125.24.0-255,1484,1696,19,292611
21275,4.4e-05,172.31.36.0-255,66,1762,19,292611
21276,5e-05,74.125.24.0-255,2902,4664,19,292611
21277,5.3e-05,172.31.36.0-255,66,4730,19,292611
21278,6.1e-05,74.125.24.0-255,7156,11886,19,292611
21279,6.4e-05,172.31.36.0-255,66,11952,19,292611
21280,0.000101,172.31.36.0-255,66,12018,19,292611
21281,0.00013,74.125.24.0-255,4320,16338,19,292611
21282,0.000133,172.31.36.0-255,66,16404,19,292611
21283,0.000151,74.125.24.0-255,2543,18947,19,292611
21284,0.000154,172.31.36.0-255,66,19013,19,292611
21285,0.000172,74.125.24.0-255,1484,20497,19,292611
21286,0.000175,172.31.36.0-255,66,20563,19,292611
21287,0.00018,74.125.24.0-255,2902,23465,19,292611
21288,0.000182,172.31.36.0-255,66,23531,19,292611
21289,0.00021,74.125.24.0-255,5738,29269,19,292611
21290,0.000213,172.31.36.0-255,66,29335,19,292611
21291,0.000229,74.125.24.0-255,1484,30819,19,292611
21292,0.000232,172.31.36.0-255,66,30885,19,292611
21293,0.000262,172.31.36.0-255,66,30951,19,292611
21294,0.000281,74.125.24.0-255,2902,33853,19,292611
21295,0.000284,172.31.36.0-255,66,33919,19,292611
21296,0.000303,74.125.24.0-255,8154,42073,19,292611
21297,0.000307,172.31.36.0-255,66,42139,19,292611
21298,0.000309,74.125.24.0-255,378,42517,19,292611
21299,0.000312,172.31.36.0-255,66,42583,19,292611
21300,0.001103,74.125.24.0-255,1484,44067,19,292611
21301,0.001109,172.31.36.0-255,66,44133,19,292611
21302,0.001119,74.125.24.0-255,2902,47035,19,292611
21303,0.001121,172.31.36.0-255,66,47101,19,292611
21304,0.001128,74.125.24.0-255,5738,52839,19,292611
21305,0.00113,172.31.36.0-255,66,52905,19,292611
21306,0.001158,74.125.24.0-255,5738,58643,19,292611
21307,0.00116,172.31.36.0-255,66,58709,19,292611
21308,0.001181,74.125.24.0-255,7156,65865,19,292611
21309,0.001183,172.31.36.0-255,66,65931,19,292611
21310,0.001221,74.125.24.0-255,7156,73087,19,292611
21311,0.001223,172.31.36.0-255,66,73153,19,292611
21312,0.001241,74.125.24.0-255,3602,76755,19,292611
21313,0.001244,172.31.36.0-255,66,76821,19,292611
21314,0.001427,74.125.24.0-255,1484,78305,19,292611
21315,0.001436,74.125.24.0-255,2902,81207,19,292611
21316,0.00144,172.31.36.0-255,66,81273,19,292611
21317,0.001446,74.125.24.0-255,2902,84175,19,292611
21318,0.001448,172.31.36.0-255,66,84241,19,292611
21319,0.001495,74.125.24.0-255,4320,88561,19,292611
21320,0.0015,172.31.36.0-255,66,88627,19,292611
21321,0.00151,74.125.24.0-255,8574,97201,19,292611
21322,0.001512,172.31.36.0-255,66,97267,19,292611
21323,0.001519,74.125.24.0-255,7156,104423,19,292611
21324,0.001521,172.31.36.0-255,66,104489,19,292611
21325,0.001557,74.125.24.0-255,1484,105973,19,292611
21326,0.001586,74.125.24.0-255,10692,116665,19,292611
21327,0.00159,172.31.36.0-255,66,116731,19,292611
21328,0.001596,74.125.24.0-255,5738,122469,19,292611
21329,0.001598,172.31.36.0-255,66,122535,19,292611
21330,0.00163,74.125.24.0-255,7156,129691,19,292611
21331,0.001632,172.31.36.0-255,66,129757,19,292611
21332,0.00164,74.125.24.0-255,8574,138331,19,292611
21333,0.001642,172.31.36.0-255,66,138397,19,292611
21334,0.001652,74.125.24.0-255,1484,139881,19,292611
21335,0.001672,74.125.24.0-255,5020,144901,19,292611
21336,0.001675,172.31.36.0-255,66,144967,19,292611
21337,0.001709,74.125.24.0-255,2902,147869,19,292611
21338,0.001711,172.31.36.0-255,66,147935,19,292611
21339,0.001731,74.125.24.0-255,4320,152255,19,292611
21340,0.001733,172.31.36.0-255,66,152321,19,292611
21341,0.001761,74.125.24.0-255,7156,159477,19,292611
21342,0.001764,172.31.36.0-255,66,159543,19,292611
21343,0.001769,74.125.24.0-255,5738,165281,19,292611
21344,0.001772,172.31.36.0-255,66,165347,19,292611
21345,0.001785,74.125.24.0-255,2902,168249,19,292611
21346,0.001786,172.31.36.0-255,66,168315,19,292611
21347,0.001795,74.125.24.0-255,9992,178307,19,292611
21348,0.001797,172.31.36.0-255,66,178373,19,292611
21349,0.001819,74.125.24.0-255,2184,180557,19,292611
21350,0.001821,172.31.36.0-255,66,180623,19,292611
21351,0.001826,74.125.24.0-255,2902,183525,19,292611
21352,0.001828,172.31.36.0-255,66,183591,19,292611
21353,0.001849,74.125.24.0-255,7156,190747,19,292611
21354,0.001852,172.31.36.0-255,66,190813,19,292611
21355,0.001878,74.125.24.0-255,2902,193715,19,292611
21356,0.00188,172.31.36.0-255,66,193781,19,292611
21357,0.001899,74.125.24.0-255,7156,200937,19,292611
21358,0.001902,172.31.36.0-255,66,201003,19,292611
21359,0.00192,74.125.24.0-255,5738,206741,19,292611
21360,0.001922,172.31.36.0-255,66,206807,19,292611
21361,0.001925,74.125.24.0-255,1484,208291,19,292611
21362,0.001931,74.125.24.0-255,5020,213311,19,292611
21363,0.001933,172.31.36.0-255,66,213377,19,292611
21364,0.001954,74.125.24.0-255,1484,214861,19,292611
21365,0.001968,74.125.24.0-255,4320,219181,19,292611
21366,0.001971,172.31.36.0-255,66,219247,19,292611
21367,0.001993,74.125.24.0-255,1484,220731,19,292611
21368,0.002004,74.125.24.0-255,1484,222215,19,292611
21369,0.002006,172.31.36.0-255,66,222281,19,292611
21370,0.002029,74.125.24.0-255,5738,228019,19,292611
21371,0.002031,172.31.36.0-255,66,228085,19,292611
21372,0.002041,74.125.24.0-255,4320,232405,19,292611
21373,0.002044,172.31.36.0-255,66,232471,19,292611
21374,0.002072,172.31.36.0-255,66,232537,19,292611
21375,0.002077,74.125.24.0-255,3602,236139,19,292611
21376,0.002079,172.31.36.0-255,66,236205,19,292611
21377,0.002084,74.125.24.0-255,5738,241943,19,292611
21378,0.002086,172.31.36.0-255,66,242009,19,292611
21379,0.002093,74.125.24.0-255,7156,249165,19,292611
21380,0.002095,172.31.36.0-255,66,249231,19,292611
21381,0.002111,74.125.24.0-255,2902,252133,19,292611
21382,0.002113,172.31.36.0-255,66,252199,19,292611
21383,0.002142,172.31.36.0-255,66,252265,19,292611
21384,0.002149,74.125.24.0-255,6438,258703,19,292611
21385,0.002201,74.125.24.0-255,9992,268695,19,292611
21386,0.002233,74.125.24.0-255,1484,270179,19,292611
21387,0.002246,74.125.24.0-255,2902,273081,19,292611
21388,0.002268,74.125.24.0-255,7856,280937,19,292611
21389,0.003609,172.31.36.0-255,66,281003,19,292611
21390,0.006192,74.125.24.0-255,5738,286741,19,292611
21391,0.006198,172.31.36.0-255,66,286807,19,292611
21392,0.008765,74.125.24.0-255,5738,292545,19,292611
21393,0.008771,172.31.36.0-255,66,292611,19,292611
21394,0.0,74.125.24.0-255,298,298,19,140615
21395,3.3e-05,172.31.36.0-255,66,364,19,140615
21396,4e-05,74.125.24.0-255,1484,1848,19,140615
21397,4.5e-05,172.31.36.0-255,66,1914,19,140615
21398,5e-05,74.125.24.0-255,4320,6234,19,140615
21399,5.3e-05,172.31.36.0-255,66,6300,19,140615
21400,7.1e-05,74.125.24.0-255,7503,13803,19,140615
21401,7.4e-05,172.31.36.0-255,66,13869,19,140615
21402,0.000149,74.125.24.0-255,4320,18189,19,140615
21403,0.000155,172.31.36.0-255,66,18255,19,140615
21404,0.000171,74.125.24.0-255,4320,22575,19,140615
21405,0.000174,172.31.36.0-255,66,22641,19,140615
21406,0.00025,74.125.24.0-255,5738,28379,19,140615
21407,0.000253,172.31.36.0-255,66,28445,19,140615
21408,0.00027,74.125.24.0-255,2543,30988,19,140615
21409,0.000273,172.31.36.0-255,66,31054,19,140615
21410,0.000335,74.125.24.0-255,5738,36792,19,140615
21411,0.000339,172.31.36.0-255,66,36858,19,140615
21412,0.000367,74.125.24.0-255,2902,39760,19,140615
21413,0.000371,172.31.36.0-255,66,39826,19,140615
21414,0.000444,74.125.24.0-255,5738,45564,19,140615
21415,0.000448,172.31.36.0-255,66,45630,19,140615
21416,0.000466,74.125.24.0-255,2543,48173,19,140615
21417,0.000469,172.31.36.0-255,66,48239,19,140615
21418,0.000525,74.125.24.0-255,2902,51141,19,140615
21419,0.000531,172.31.36.0-255,66,51207,19,140615
21420,0.000551,74.125.24.0-255,5738,56945,19,140615
21421,0.000554,172.31.36.0-255,66,57011,19,140615
21422,0.000623,74.125.24.0-255,4320,61331,19,140615
21423,0.000626,172.31.36.0-255,66,61397,19,140615
21424,0.000656,74.125.24.0-255,4542,65939,19,140615
21425,0.000659,172.31.36.0-255,66,66005,19,140615
21426,0.000718,74.125.24.0-255,1484,67489,19,140615
21427,0.000737,74.125.24.0-255,2902,70391,19,140615
21428,0.00074,172.31.36.0-255,66,70457,19,140615
21429,0.00077,74.125.24.0-255,5738,76195,19,140615
21430,0.000773,172.31.36.0-255,66,76261,19,140615
21431,0.000844,74.125.24.0-255,5738,81999,19,140615
21432,0.000847,172.31.36.0-255,66,82065,19,140615
21433,0.000881,74.125.24.0-255,8215,90280,19,140615
21434,0.000886,172.31.36.0-255,66,90346,19,140615
21435,0.001007,74.125.24.0-255,7156,97502,19,140615
21436,0.001011,172.31.36.0-255,66,97568,19,140615
21437,0.001036,74.125.24.0-255,2543,100111,19,140615
21438,0.00104,172.31.36.0-255,66,100177,19,140615
21439,0.001541,74.125.24.0-255,1484,101661,19,140615
21440,0.001552,74.125.24.0-255,2902,104563,19,140615
21441,0.001556,172.31.36.0-255,66,104629,19,140615
21442,0.001561,74.125.24.0-255,1484,106113,19,140615
21443,0.00159,74.125.24.0-255,1484,107597,19,140615
21444,0.001593,172.31.36.0-255,66,107663,19,140615
21445,0.001598,74.125.24.0-255,2902,110565,19,140615
21446,0.0016,172.31.36.0-255,66,110631,19,140615
21447,0.001633,74.125.24.0-255,4320,114951,19,140615
21448,0.001636,172.31.36.0-255,66,115017,19,140615
21449,0.001676,74.125.24.0-255,2902,117919,19,140615
21450,0.00168,172.31.36.0-255,66,117985,19,140615
21451,0.001708,172.31.36.0-255,66,118051,19,140615
21452,0.001735,74.125.24.0-255,1484,119535,19,140615
21453,0.00187,74.125.24.0-255,3602,123137,19,140615
21454,0.001876,172.31.36.0-255,66,123203,19,140615
21455,0.003983,74.125.24.0-255,5738,128941,19,140615
21456,0.003989,172.31.36.0-255,66,129007,19,140615
21457,0.006058,74.125.24.0-255,5738,134745,19,140615
21458,0.006062,172.31.36.0-255,66,134811,19,140615
21459,0.008157,74.125.24.0-255,5738,140549,19,140615
21460,0.008169,172.31.36.0-255,66,140615,19,140615
21461,0.0,172.217.160.0-255,152,152,19,115518
21462,1.8e-05,172.31.36.0-255,66,218,19,115518
21463,2.5e-05,172.217.160.0-255,1484,1702,19,115518
21464,3e-05,172.31.36.0-255,66,1768,19,115518
21465,3.5e-05,172.217.160.0-255,2902,4670,19,115518
21466,3.8e-05,172.31.36.0-255,66,4736,19,115518
21467,4.6e-05,172.217.160.0-255,7156,11892,19,115518
21468,4.9e-05,172.31.36.0-255,66,11958,19,115518
21469,5.5e-05,172.217.160.0-255,4891,16849,19,115518
21470,5.7e-05,172.31.36.0-255,66,16915,19,115518
21471,6.1e-05,172.217.160.0-255,2902,19817,19,115518
21472,6.5e-05,172.31.36.0-255,66,19883,19,115518
21473,6.9e-05,172.217.160.0-255,1484,21367,19,115518
21474,7.1e-05,172.31.36.0-255,66,21433,19,115518
21475,0.0001,172.217.160.0-255,8574,30007,19,115518
21476,0.000103,172.31.36.0-255,66,30073,19,115518
21477,0.000105,172.217.160.0-255,1125,31198,19,115518
21478,0.000108,172.31.36.0-255,66,31264,19,115518
21479,0.000133,172.217.160.0-255,1484,32748,19,115518
21480,0.000136,172.31.36.0-255,66,32814,19,115518
21481,0.000139,172.217.160.0-255,1484,34298,19,115518
21482,0.000141,172.31.36.0-255,66,34364,19,115518
21483,0.000155,172.217.160.0-255,1484,35848,19,115518
21484,0.000157,172.31.36.0-255,66,35914,19,115518
21485,0.000163,172.217.160.0-255,5738,41652,19,115518
21486,0.000166,172.31.36.0-255,66,41718,19,115518
21487,0.000207,172.31.36.0-255,66,41784,19,115518
21488,0.000216,172.217.160.0-255,9633,51417,19,115518
21489,0.000218,172.31.36.0-255,66,51483,19,115518
21490,0.000693,172.217.160.0-255,645,52128,19,115518
21491,0.000698,172.31.36.0-255,66,52194,19,115518
21492,0.000903,172.217.160.0-255,1484,53678,19,115518
21493,0.000908,172.217.160.0-255,2902,56580,19,115518
21494,0.000911,172.217.160.0-255,1484,58064,19,115518
21495,0.000917,172.31.36.0-255,66,58130,19,115518
21496,0.000938,172.217.160.0-255,4320,62450,19,115518
21497,0.00094,172.31.36.0-255,66,62516,19,115518
21498,0.000948,172.217.160.0-255,7156,69672,19,115518
21499,0.000951,172.31.36.0-255,66,69738,19,115518
21500,0.000985,172.217.160.0-255,5738,75476,19,115518
21501,0.000987,172.31.36.0-255,66,75542,19,115518
21502,0.000996,172.217.160.0-255,7156,82698,19,115518
21503,0.000998,172.31.36.0-255,66,82764,19,115518
21504,0.001004,172.217.160.0-255,3602,86366,19,115518
21505,0.001006,172.31.36.0-255,66,86432,19,115518
21506,0.00164,172.217.160.0-255,1484,87916,19,115518
21507,0.002628,172.217.160.0-255,4320,92236,19,115518
21508,0.002636,172.31.36.0-255,66,92302,19,115518
21509,0.004265,172.217.160.0-255,5738,98040,19,115518
21510,0.004268,172.31.36.0-255,66,98106,19,115518
21511,0.005891,172.217.160.0-255,5738,103844,19,115518
21512,0.005894,172.31.36.0-255,66,103910,19,115518
21513,0.007523,172.217.160.0-255,5738,109648,19,115518
21514,0.007531,172.31.36.0-255,66,109714,19,115518
21515,0.009181,172.217.160.0-255,5738,115452,19,115518
21516,0.009188,172.31.36.0-255,66,115518,19,115518
21517,0.0,74.125.24.0-255,153,153,19,195076
21518,2.6e-05,172.31.36.0-255,66,219,19,195076
21519,3.3e-05,74.125.24.0-255,1484,1703,19,195076
21520,3.6e-05,172.31.36.0-255,66,1769,19,195076
21521,4.1e-05,74.125.24.0-255,2902,4671,19,195076
21522,4.5e-05,172.31.36.0-255,66,4737,19,195076
21523,5.2e-05,74.125.24.0-255,7156,11893,19,195076
21524,5.6e-05,172.31.36.0-255,66,11959,19,195076
21525,6.1e-05,74.125.24.0-255,3563,15522,19,195076
21526,6.4e-05,172.31.36.0-255,66,15588,19,195076
21527,6.8e-05,74.125.24.0-255,1484,17072,19,195076
21528,7.2e-05,172.31.36.0-255,66,17138,19,195076
21529,9.4e-05,172.31.36.0-255,66,17204,19,195076
21530,9.9e-05,74.125.24.0-255,2543,19747,19,195076
21531,0.000101,172.31.36.0-255,66,19813,19,195076
21532,0.000167,74.125.24.0-255,1484,21297,19,195076
21533,0.000175,172.31.36.0-255,66,21363,19,195076
21534,0.000181,74.125.24.0-255,2902,24265,19,195076
21535,0.000183,172.31.36.0-255,66,24331,19,195076
21536,0.000206,74.125.24.0-255,5738,30069,19,195076
21537,0.00021,172.31.36.0-255,66,30135,19,195076
21538,0.000214,74.125.24.0-255,2902,33037,19,195076
21539,0.000216,172.31.36.0-255,66,33103,19,195076
21540,0.000245,74.125.24.0-255,3961,37064,19,195076
21541,0.000248,172.31.36.0-255,66,37130,19,195076
21542,0.000255,74.125.24.0-255,7156,44286,19,195076
21543,0.000257,172.31.36.0-255,66,44352,19,195076
21544,0.000266,74.125.24.0-255,9932,54284,19,195076
21545,0.000269,172.31.36.0-255,66,54350,19,195076
21546,0.000499,74.125.24.0-255,128,54478,19,195076
21547,0.000505,172.31.36.0-255,66,54544,19,195076
21548,0.000618,74.125.24.0-255,1484,56028,19,195076
21549,0.000625,74.125.24.0-255,2902,58930,19,195076
21550,0.00063,172.31.36.0-255,66,58996,19,195076
21551,0.000635,74.125.24.0-255,2902,61898,19,195076
21552,0.000637,172.31.36.0-255,66,61964,19,195076
21553,0.000653,74.125.24.0-255,2902,64866,19,195076
21554,0.000656,172.31.36.0-255,66,64932,19,195076
21555,0.000662,74.125.24.0-255,4320,69252,19,195076
21556,0.000664,172.31.36.0-255,66,69318,19,195076
21557,0.000689,74.125.24.0-255,3961,73279,19,195076
21558,0.000692,172.31.36.0-255,66,73345,19,195076
21559,0.000701,74.125.24.0-255,8574,81919,19,195076
21560,0.000703,172.31.36.0-255,66,81985,19,195076
21561,0.000711,74.125.24.0-255,6797,88782,19,195076
21562,0.000713,172.31.36.0-255,66,88848,19,195076
21563,0.001019,74.125.24.0-255,348,89196,19,195076
21564,0.00119,172.31.36.0-255,66,89262,19,195076
21565,0.001235,74.125.24.0-255,1484,90746,19,195076
21566,0.001241,74.125.24.0-255,2902,93648,19,195076
21567,0.001244,172.31.36.0-255,66,93714,19,195076
21568,0.001248,74.125.24.0-255,1484,95198,19,195076
21569,0.001267,74.125.24.0-255,4320,99518,19,195076
21570,0.00127,172.31.36.0-255,66,99584,19,195076
21571,0.001275,74.125.24.0-255,4320,103904,19,195076
21572,0.001278,172.31.36.0-255,66,103970,19,195076
21573,0.001298,74.125.24.0-255,2902,106872,19,195076
21574,0.001302,172.31.36.0-255,66,106938,19,195076
21575,0.001335,172.31.36.0-255,66,107004,19,195076
21576,0.001339,74.125.24.0-255,2184,109188,19,195076
21577,0.001342,172.31.36.0-255,66,109254,19,195076
21578,0.001745,74.125.24.0-255,1484,110738,19,195076
21579,0.001765,74.125.24.0-255,2902,113640,19,195076
21580,0.001769,172.31.36.0-255,66,113706,19,195076
21581,0.001773,74.125.24.0-255,2902,116608,19,195076
21582,0.001775,172.31.36.0-255,66,116674,19,195076
21583,0.001794,74.125.24.0-255,7156,123830,19,195076
21584,0.001797,172.31.36.0-255,66,123896,19,195076
21585,0.001819,74.125.24.0-255,7156,131052,19,195076
21586,0.001823,172.31.36.0-255,66,131118,19,195076
21587,0.001849,74.125.24.0-255,8574,139692,19,195076
21588,0.001853,172.31.36.0-255,66,139758,19,195076
21589,0.001857,74.125.24.0-255,3602,143360,19,195076
21590,0.001861,172.31.36.0-255,66,143426,19,195076
21591,0.00219,74.125.24.0-255,1484,144910,19,195076
21592,0.002209,74.125.24.0-255,2902,147812,19,195076
21593,0.002213,172.31.36.0-255,66,147878,19,195076
21594,0.002217,74.125.24.0-255,1484,149362,19,195076
21595,0.002235,74.125.24.0-255,4320,153682,19,195076
21596,0.002239,172.31.36.0-255,66,153748,19,195076
21597,0.002258,74.125.24.0-255,2902,156650,19,195076
21598,0.002261,172.31.36.0-255,66,156716,19,195076
21599,0.002291,74.125.24.0-255,9992,166708,19,195076
21600,0.002294,172.31.36.0-255,66,166774,19,195076
21601,0.002313,74.125.24.0-255,2902,169676,19,195076
21602,0.002315,172.31.36.0-255,66,169742,19,195076
21603,0.002341,74.125.24.0-255,7856,177598,19,195076
21604,0.002343,172.31.36.0-255,66,177664,19,195076
21605,0.004694,74.125.24.0-255,5738,183402,19,195076
21606,0.004699,172.31.36.0-255,66,183468,19,195076
21607,0.007029,74.125.24.0-255,5738,189206,19,195076
21608,0.007036,172.31.36.0-255,66,189272,19,195076
21609,0.00938,74.125.24.0-255,5738,195010,19,195076
21610,0.009387,172.31.36.0-255,66,195076,19,195076
21611,0.0,74.125.68.0-255,156,156,19,106936
21612,3.1e-05,172.31.36.0-255,66,222,19,106936
21613,3.7e-05,74.125.68.0-255,1484,1706,19,106936
21614,4.2e-05,172.31.36.0-255,66,1772,19,106936
21615,4.7e-05,74.125.68.0-255,2902,4674,19,106936
21616,5e-05,172.31.36.0-255,66,4740,19,106936
21617,5.2e-05,74.125.68.0-255,1484,6224,19,106936
21618,5.5e-05,172.31.36.0-255,66,6290,19,106936
21619,5.9e-05,74.125.68.0-255,2902,9192,19,106936
21620,6.1e-05,172.31.36.0-255,66,9258,19,106936
21621,9e-05,74.125.68.0-255,4874,14132,19,106936
21622,9.4e-05,172.31.36.0-255,66,14198,19,106936
21623,0.000238,74.125.68.0-255,1484,15682,19,106936
21624,0.000243,172.31.36.0-255,66,15748,19,106936
21625,0.000249,74.125.68.0-255,2902,18650,19,106936
21626,0.000251,172.31.36.0-255,66,18716,19,106936
21627,0.000266,74.125.68.0-255,5738,24454,19,106936
21628,0.000269,172.31.36.0-255,66,24520,19,106936
21629,0.000273,74.125.68.0-255,2902,27422,19,106936
21630,0.000275,172.31.36.0-255,66,27488,19,106936
21631,0.000278,74.125.68.0-255,1484,28972,19,106936
21632,0.00028,172.31.36.0-255,66,29038,19,106936
21633,0.000301,74.125.68.0-255,2543,31581,19,106936
21634,0.000304,172.31.36.0-255,66,31647,19,106936
21635,0.000396,74.125.68.0-255,1484,33131,19,106936
21636,0.0004,172.31.36.0-255,66,33197,19,106936
21637,0.000404,74.125.68.0-255,2902,36099,19,106936
21638,0.000409,172.31.36.0-255,66,36165,19,106936
21639,0.000422,74.125.68.0-255,4320,40485,19,106936
21640,0.000425,172.31.36.0-255,66,40551,19,106936
21641,0.000443,74.125.68.0-255,1484,42035,19,106936
21642,0.000446,172.31.36.0-255,66,42101,19,106936
21643,0.00045,74.125.68.0-255,2902,45003,19,106936
21644,0.000454,172.31.36.0-255,66,45069,19,106936
21645,0.000483,74.125.68.0-255,3961,49030,19,106936
21646,0.000495,172.31.36.0-255,66,49096,19,106936
21647,0.000546,74.125.68.0-255,1484,50580,19,106936
21648,0.00056,74.125.68.0-255,2902,53482,19,106936
21649,0.000562,172.31.36.0-255,66,53548,19,106936
21650,0.000588,74.125.68.0-255,5738,59286,19,106936
21651,0.000593,172.31.36.0-255,66,59352,19,106936
21652,0.000605,74.125.68.0-255,4320,63672,19,106936
21653,0.000618,172.31.36.0-255,66,63738,19,106936
21654,0.00067,74.125.68.0-255,2878,66616,19,106936
21655,0.000677,172.31.36.0-255,66,66682,19,106936
21656,0.000684,74.125.68.0-255,344,67026,19,106936
21657,0.000868,172.31.36.0-255,66,67092,19,106936
21658,0.00118,74.125.68.0-255,1484,68576,19,106936
21659,0.00119,74.125.68.0-255,2902,71478,19,106936
21660,0.001196,74.125.68.0-255,4320,75798,19,106936
21661,0.001213,74.125.68.0-255,2902,78700,19,106936
21662,0.001224,74.125.68.0-255,2902,81602,19,106936
21663,0.001248,74.125.68.0-255,5738,87340,19,106936
21664,0.001261,74.125.68.0-255,2902,90242,19,106936
21665,0.001264,74.125.68.0-255,1484,91726,19,106936
21666,0.001291,74.125.68.0-255,8574,100300,19,106936
21667,0.001293,74.125.68.0-255,766,101066,19,106936
21668,0.005953,172.31.36.0-255,66,101132,19,106936
21669,0.008266,74.125.68.0-255,5738,106870,19,106936
21670,0.008273,172.31.36.0-255,66,106936,19,106936
21671,0.0,172.217.194.0-255,153,153,19,209021
21672,2.8e-05,172.31.36.0-255,66,219,19,209021
21673,3.5e-05,172.217.194.0-255,1484,1703,19,209021
21674,3.9e-05,172.31.36.0-255,66,1769,19,209021
21675,4.4e-05,172.217.194.0-255,2902,4671,19,209021
21676,4.8e-05,172.31.36.0-255,66,4737,19,209021
21677,6.3e-05,172.217.194.0-255,7156,11893,19,209021
21678,6.6e-05,172.31.36.0-255,66,11959,19,209021
21679,0.000118,172.31.36.0-255,66,12025,19,209021
21680,0.000124,172.217.194.0-255,3961,15986,19,209021
21681,0.000126,172.31.36.0-255,66,16052,19,209021
21682,0.000204,172.217.194.0-255,1484,17536,19,209021
21683,0.000207,172.31.36.0-255,66,17602,19,209021
21684,0.000233,172.217.194.0-255,2902,20504,19,209021
21685,0.000237,172.31.36.0-255,66,20570,19,209021
21686,0.000244,172.217.194.0-255,5738,26308,19,209021
21687,0.000247,172.31.36.0-255,66,26374,19,209021
21688,0.000269,172.31.36.0-255,66,26440,19,209021
21689,0.000294,172.217.194.0-255,2902,29342,19,209021
21690,0.000297,172.31.36.0-255,66,29408,19,209021
21691,0.000332,172.217.194.0-255,7856,37264,19,209021
21692,0.000336,172.31.36.0-255,66,37330,19,209021
21693,0.000339,172.217.194.0-255,388,37718,19,209021
21694,0.000341,172.31.36.0-255,66,37784,19,209021
21695,0.000389,172.217.194.0-255,387,38171,19,209021
21696,0.000393,172.31.36.0-255,66,38237,19,209021
21697,0.000812,172.217.194.0-255,1484,39721,19,209021
21698,0.000817,172.31.36.0-255,66,39787,19,209021
21699,0.000823,172.217.194.0-255,2902,42689,19,209021
21700,0.000826,172.31.36.0-255,66,42755,19,209021
21701,0.000839,172.217.194.0-255,2902,45657,19,209021
21702,0.000842,172.31.36.0-255,66,45723,19,209021
21703,0.000847,172.217.194.0-255,4320,50043,19,209021
21704,0.000849,172.31.36.0-255,66,50109,19,209021
21705,0.00089,172.217.194.0-255,5379,55488,19,209021
21706,0.000894,172.31.36.0-255,66,55554,19,209021
21707,0.001043,172.217.194.0-255,1484,57038,19,209021
21708,0.001053,172.217.194.0-255,2902,59940,19,209021
21709,0.001056,172.31.36.0-255,66,60006,19,209021
21710,0.00106,172.217.194.0-255,1484,61490,19,209021
21711,0.001097,172.217.194.0-255,4320,65810,19,209021
21712,0.001102,172.31.36.0-255,66,65876,19,209021
21713,0.001117,172.31.36.0-255,66,65942,19,209021
21714,0.001132,172.217.194.0-255,8574,74516,19,209021
21715,0.001135,172.31.36.0-255,66,74582,19,209021
21716,0.00114,172.217.194.0-255,2184,76766,19,209021
21717,0.001142,172.31.36.0-255,66,76832,19,209021
21718,0.001275,172.217.194.0-255,1484,78316,19,209021
21719,0.001283,172.217.194.0-255,2902,81218,19,209021
21720,0.001285,172.217.194.0-255,1484,82702,19,209021
21721,0.001288,172.31.36.0-255,66,82768,19,209021
21722,0.001312,172.217.194.0-255,4320,87088,19,209021
21723,0.001316,172.31.36.0-255,66,87154,19,209021
21724,0.001319,172.217.194.0-255,1484,88638,19,209021
21725,0.001346,172.31.36.0-255,66,88704,19,209021
21726,0.00135,172.217.194.0-255,2902,91606,19,209021
21727,0.001353,172.31.36.0-255,66,91672,19,209021
21728,0.001387,172.217.194.0-255,7856,99528,19,209021
21729,0.001391,172.31.36.0-255,66,99594,19,209021
21730,0.001471,172.217.194.0-255,1484,101078,19,209021
21731,0.001477,172.217.194.0-255,1484,102562,19,209021
21732,0.00148,172.31.36.0-255,66,102628,19,209021
21733,0.001493,172.217.194.0-255,1484,104112,19,209021
21734,0.001505,172.217.194.0-255,5738,109850,19,209021
21735,0.001508,172.31.36.0-255,66,109916,19,209021
21736,0.001546,172.31.36.0-255,66,109982,19,209021
21737,0.001551,172.217.194.0-255,4320,114302,19,209021
21738,0.001553,172.31.36.0-255,66,114368,19,209021
21739,0.001581,172.217.194.0-255,4320,118688,19,209021
21740,0.001584,172.31.36.0-255,66,118754,19,209021
21741,0.001589,172.217.194.0-255,2184,120938,19,209021
21742,0.001592,172.31.36.0-255,66,121004,19,209021
21743,0.001632,172.217.194.0-255,1484,122488,19,209021
21744,0.001637,172.217.194.0-255,2902,125390,19,209021
21745,0.001641,172.31.36.0-255,66,125456,19,209021
21746,0.001649,172.217.194.0-255,5738,131194,19,209021
21747,0.001651,172.31.36.0-255,66,131260,19,209021
21748,0.001696,172.31.36.0-255,66,131326,19,209021
21749,0.0017,172.217.194.0-255,1484,132810,19,209021
21750,0.001732,172.217.194.0-255,9274,142084,19,209021
21751,0.001736,172.31.36.0-255,66,142150,19,209021
21752,0.001804,172.217.194.0-255,1484,143634,19,209021
21753,0.001809,172.217.194.0-255,2902,146536,19,209021
21754,0.001812,172.31.36.0-255,66,146602,19,209021
21755,0.001819,172.217.194.0-255,5738,152340,19,209021
21756,0.001822,172.31.36.0-255,66,152406,19,209021
21757,0.001841,172.31.36.0-255,66,152472,19,209021
21758,0.00185,172.217.194.0-255,8574,161046,19,209021
21759,0.001852,172.31.36.0-255,66,161112,19,209021
21760,0.00189,172.217.194.0-255,4320,165432,19,209021
21761,0.001894,172.31.36.0-255,66,165498,19,209021
21762,0.001928,172.31.36.0-255,66,165564,19,209021
21763,0.001945,172.31.36.0-255,66,165630,19,209021
21764,0.001997,172.31.36.0-255,66,165696,19,209021
21765,0.002022,172.31.36.0-255,66,165762,19,209021
21766,0.002025,172.217.194.0-255,766,166528,19,209021
21767,0.002043,172.217.194.0-255,1484,168012,19,209021
21768,0.002045,172.31.36.0-255,66,168078,19,209021
21769,0.002087,172.31.36.0-255,66,168144,19,209021
21770,0.002092,172.217.194.0-255,4320,172464,19,209021
21771,0.002094,172.31.36.0-255,66,172530,19,209021
21772,0.00213,172.217.194.0-255,7156,179686,19,209021
21773,0.002133,172.31.36.0-255,66,179752,19,209021
21774,0.002151,172.217.194.0-255,5738,185490,19,209021
21775,0.002154,172.31.36.0-255,66,185556,19,209021
21776,0.002186,172.217.194.0-255,7856,193412,19,209021
21777,0.002189,172.31.36.0-255,66,193478,19,209021
21778,0.002197,172.217.194.0-255,8574,202052,19,209021
21779,0.0022,172.31.36.0-255,66,202118,19,209021
21780,0.002237,172.31.36.0-255,66,202184,19,209021
21781,0.002241,172.217.194.0-255,2184,204368,19,209021
21782,0.002243,172.31.36.0-255,66,204434,19,209021
21783,0.002295,172.31.36.0-255,66,204500,19,209021
21784,0.002319,172.217.194.0-255,4179,208679,19,209021
21785,0.002325,172.31.36.0-255,66,208745,19,209021
21786,0.002328,172.217.194.0-255,105,208850,19,209021
21787,0.009759,172.31.36.0-255,66,208916,19,209021
21788,0.009787,172.31.36.0-255,105,209021,19,209021
21789,0.0,216.58.203.0-255,146,146,19,245489
21790,3.4e-05,172.31.36.0-255,66,212,19,245489
21791,4.1e-05,216.58.203.0-255,1484,1696,19,245489
21792,4.6e-05,172.31.36.0-255,66,1762,19,245489
21793,4.9e-05,216.58.203.0-255,1484,3246,19,245489
21794,5.9e-05,172.31.36.0-255,66,3312,19,245489
21795,6.6e-05,216.58.203.0-255,2902,6214,19,245489
21796,6.8e-05,172.31.36.0-255,66,6280,19,245489
21797,7.4e-05,216.58.203.0-255,5738,12018,19,245489
21798,7.7e-05,172.31.36.0-255,66,12084,19,245489
21799,8.1e-05,216.58.203.0-255,2002,14086,19,245489
21800,8.4e-05,172.31.36.0-255,66,14152,19,245489
21801,0.000167,216.58.203.0-255,1484,15636,19,245489
21802,0.000172,172.31.36.0-255,66,15702,19,245489
21803,0.000177,216.58.203.0-255,2902,18604,19,245489
21804,0.00018,172.31.36.0-255,66,18670,19,245489
21805,0.000224,216.58.203.0-255,4320,22990,19,245489
21806,0.000228,172.31.36.0-255,66,23056,19,245489
21807,0.000239,216.58.203.0-255,1484,24540,19,245489
21808,0.000242,172.31.36.0-255,66,24606,19,245489
21809,0.000255,216.58.203.0-255,6797,31403,19,245489
21810,0.000258,172.31.36.0-255,66,31469,19,245489
21811,0.000262,216.58.203.0-255,2902,34371,19,245489
21812,0.000265,172.31.36.0-255,66,34437,19,245489
21813,0.00027,216.58.203.0-255,4320,38757,19,245489
21814,0.000272,172.31.36.0-255,66,38823,19,245489
21815,0.000277,216.58.203.0-255,2902,41725,19,245489
21816,0.00028,216.58.203.0-255,2902,44627,19,245489
21817,0.000281,172.31.36.0-255,66,44693,19,245489
21818,0.000285,172.31.36.0-255,66,44759,19,245489
21819,0.000291,216.58.203.0-255,1484,46243,19,245489
21820,0.000293,172.31.36.0-255,66,46309,19,245489
21821,0.000329,216.58.203.0-255,2543,48852,19,245489
21822,0.000334,172.31.36.0-255,66,48918,19,245489
21823,0.00036,216.58.203.0-255,2902,51820,19,245489
21824,0.000363,172.31.36.0-255,66,51886,19,245489
21825,0.000393,216.58.203.0-255,7156,59042,19,245489
21826,0.000397,172.31.36.0-255,66,59108,19,245489
21827,0.000423,216.58.203.0-255,1484,60592,19,245489
21828,0.000443,216.58.203.0-255,5703,66295,19,245489
21829,0.000448,172.31.36.0-255,66,66361,19,245489
21830,0.000746,216.58.203.0-255,120,66481,19,245489
21831,0.000849,172.31.36.0-255,66,66547,19,245489
21832,0.000958,216.58.203.0-255,1484,68031,19,245489
21833,0.000967,216.58.203.0-255,2902,70933,19,245489
21834,0.00097,172.31.36.0-255,66,70999,19,245489
21835,0.000977,216.58.203.0-255,4320,75319,19,245489
21836,0.000979,172.31.36.0-255,66,75385,19,245489
21837,0.001016,216.58.203.0-255,1484,76869,19,245489
21838,0.001024,216.58.203.0-255,6797,83666,19,245489
21839,0.001027,172.31.36.0-255,66,83732,19,245489
21840,0.001036,216.58.203.0-255,7156,90888,19,245489
21841,0.001038,172.31.36.0-255,66,90954,19,245489
21842,0.001068,216.58.203.0-255,7156,98110,19,245489
21843,0.001072,172.31.36.0-255,66,98176,19,245489
21844,0.001077,216.58.203.0-255,2809,100985,19,245489
21845,0.001079,172.31.36.0-255,66,101051,19,245489
21846,0.001178,216.58.203.0-255,1484,102535,19,245489
21847,0.001184,216.58.203.0-255,2902,105437,19,245489
21848,0.001188,172.31.36.0-255,66,105503,19,245489
21849,0.001194,216.58.203.0-255,4320,109823,19,245489
21850,0.001197,172.31.36.0-255,66,109889,19,245489
21851,0.001216,216.58.203.0-255,1484,111373,19,245489
21852,0.001221,216.58.203.0-255,4320,115693,19,245489
21853,0.001223,172.31.36.0-255,66,115759,19,245489
21854,0.001261,216.58.203.0-255,8574,124333,19,245489
21855,0.001265,172.31.36.0-255,66,124399,19,245489
21856,0.001273,216.58.203.0-255,8574,132973,19,245489
21857,0.001276,172.31.36.0-255,66,133039,19,245489
21858,0.00128,216.58.203.0-255,2184,135223,19,245489
21859,0.001282,172.31.36.0-255,66,135289,19,245489
21860,0.001318,216.58.203.0-255,2902,138191,19,245489
21861,0.001322,172.31.36.0-255,66,138257,19,245489
21862,0.00133,216.58.203.0-255,7156,145413,19,245489
21863,0.001332,172.31.36.0-255,66,145479,19,245489
21864,0.001338,216.58.203.0-255,5738,151217,19,245489
21865,0.00134,172.31.36.0-255,66,151283,19,245489
21866,0.001376,216.58.203.0-255,7156,158439,19,245489
21867,0.00138,172.31.36.0-255,66,158505,19,245489
21868,0.001387,216.58.203.0-255,5738,164243,19,245489
21869,0.001389,172.31.36.0-255,66,164309,19,245489
21870,0.00142,216.58.203.0-255,5020,169329,19,245489
21871,0.001424,172.31.36.0-255,66,169395,19,245489
21872,0.001463,216.58.203.0-255,1484,170879,19,245489
21873,0.001469,216.58.203.0-255,2902,173781,19,245489
21874,0.001472,172.31.36.0-255,66,173847,19,245489
21875,0.001476,216.58.203.0-255,1484,175331,19,245489
21876,0.001505,216.58.203.0-255,2902,178233,19,245489
21877,0.001509,172.31.36.0-255,66,178299,19,245489
21878,0.001515,216.58.203.0-255,5738,184037,19,245489
21879,0.001517,172.31.36.0-255,66,184103,19,245489
21880,0.001519,216.58.203.0-255,1484,185587,19,245489
21881,0.00153,216.58.203.0-255,7156,192743,19,245489
21882,0.001532,172.31.36.0-255,66,192809,19,245489
21883,0.00156,216.58.203.0-255,1484,194293,19,245489
21884,0.001566,216.58.203.0-255,4320,198613,19,245489
21885,0.001569,172.31.36.0-255,66,198679,19,245489
21886,0.001599,216.58.203.0-255,5020,203699,19,245489
21887,0.001602,172.31.36.0-255,66,203765,19,245489
21888,0.001634,216.58.203.0-255,5738,209503,19,245489
21889,0.001637,172.31.36.0-255,66,209569,19,245489
21890,0.001643,216.58.203.0-255,5738,215307,19,245489
21891,0.001645,172.31.36.0-255,66,215373,19,245489
21892,0.001691,216.58.203.0-255,2902,218275,19,245489
21893,0.001695,172.31.36.0-255,66,218341,19,245489
21894,0.001725,216.58.203.0-255,4320,222661,19,245489
21895,0.001728,172.31.36.0-255,66,222727,19,245489
21896,0.001744,172.31.36.0-255,66,222793,19,245489
21897,0.001747,216.58.203.0-255,766,223559,19,245489
21898,0.002881,172.31.36.0-255,66,223625,19,245489
21899,0.003405,216.58.203.0-255,4320,227945,19,245489
21900,0.003409,172.31.36.0-255,66,228011,19,245489
21901,0.004548,216.58.203.0-255,1484,229495,19,245489
21902,0.005083,216.58.203.0-255,4320,233815,19,245489
21903,0.005088,172.31.36.0-255,66,233881,19,245489
21904,0.006762,216.58.203.0-255,5738,239619,19,245489
21905,0.006767,172.31.36.0-255,66,239685,19,245489
21906,0.008447,216.58.203.0-255,5738,245423,19,245489
21907,0.008454,172.31.36.0-255,66,245489,19,245489
21908,0.0,172.217.194.0-255,153,153,19,296664
21909,3.4e-05,172.31.36.0-255,66,219,19,296664
21910,4.1e-05,172.217.194.0-255,1484,1703,19,296664
21911,4.7e-05,172.31.36.0-255,66,1769,19,296664
21912,5.2e-05,172.217.194.0-255,2902,4671,19,296664
21913,5.5e-05,172.31.36.0-255,66,4737,19,296664
21914,6.9e-05,172.217.194.0-255,7156,11893,19,296664
21915,7.2e-05,172.31.36.0-255,66,11959,19,296664
21916,7.9e-05,172.217.194.0-255,6312,18271,19,296664
21917,8.1e-05,172.31.36.0-255,66,18337,19,296664
21918,0.000154,172.31.36.0-255,66,18403,19,296664
21919,0.000169,172.31.36.0-255,66,18469,19,296664
21920,0.000174,172.217.194.0-255,3961,22430,19,296664
21921,0.000176,172.31.36.0-255,66,22496,19,296664
21922,0.000295,172.217.194.0-255,1484,23980,19,296664
21923,0.000299,172.31.36.0-255,66,24046,19,296664
21924,0.000305,172.217.194.0-255,2902,26948,19,296664
21925,0.000307,172.31.36.0-255,66,27014,19,296664
21926,0.000334,172.217.194.0-255,5738,32752,19,296664
21927,0.000337,172.31.36.0-255,66,32818,19,296664
21928,0.000376,172.217.194.0-255,7093,39911,19,296664
21929,0.00038,172.31.36.0-255,66,39977,19,296664
21930,0.000383,172.217.194.0-255,382,40359,19,296664
21931,0.000386,172.31.36.0-255,66,40425,19,296664
21932,0.000561,172.217.194.0-255,1484,41909,19,296664
21933,0.000565,172.217.194.0-255,1484,43393,19,296664
21934,0.000567,172.31.36.0-255,66,43459,19,296664
21935,0.000572,172.31.36.0-255,66,43525,19,296664
21936,0.000588,172.217.194.0-255,1484,45009,19,296664
21937,0.000592,172.31.36.0-255,66,45075,19,296664
21938,0.000598,172.217.194.0-255,5738,50813,19,296664
21939,0.0006,172.31.36.0-255,66,50879,19,296664
21940,0.000632,172.217.194.0-255,4320,55199,19,296664
21941,0.000635,172.31.36.0-255,66,55265,19,296664
21942,0.00066,172.217.194.0-255,2543,57808,19,296664
21943,0.000664,172.31.36.0-255,66,57874,19,296664
21944,0.000672,172.217.194.0-255,7156,65030,19,296664
21945,0.000674,172.31.36.0-255,66,65096,19,296664
21946,0.000711,172.217.194.0-255,9633,74729,19,296664
21947,0.000714,172.31.36.0-255,66,74795,19,296664
21948,0.001322,172.217.194.0-255,1484,76279,19,296664
21949,0.001347,172.217.194.0-255,2902,79181,19,296664
21950,0.001352,172.31.36.0-255,66,79247,19,296664
21951,0.001359,172.217.194.0-255,2902,82149,19,296664
21952,0.001361,172.31.36.0-255,66,82215,19,296664
21953,0.001394,172.217.194.0-255,2902,85117,19,296664
21954,0.001397,172.31.36.0-255,66,85183,19,296664
21955,0.001403,172.217.194.0-255,4320,89503,19,296664
21956,0.001405,172.31.36.0-255,66,89569,19,296664
21957,0.001413,172.217.194.0-255,8574,98143,19,296664
21958,0.001415,172.31.36.0-255,66,98209,19,296664
21959,0.001448,172.217.194.0-255,2902,101111,19,296664
21960,0.001452,172.31.36.0-255,66,101177,19,296664
21961,0.00146,172.217.194.0-255,7856,109033,19,296664
21962,0.001463,172.31.36.0-255,66,109099,19,296664
21963,0.00148,172.217.194.0-255,1484,110583,19,296664
21964,0.001488,172.217.194.0-255,2902,113485,19,296664
21965,0.001491,172.31.36.0-255,66,113551,19,296664
21966,0.00152,172.217.194.0-255,5738,119289,19,296664
21967,0.001523,172.31.36.0-255,66,119355,19,296664
21968,0.001527,172.217.194.0-255,1484,120839,19,296664
21969,0.00156,172.217.194.0-255,9992,130831,19,296664
21970,0.001562,172.31.36.0-255,66,130897,19,296664
21971,0.001582,172.31.36.0-255,66,130963,19,296664
21972,0.001626,172.217.194.0-255,4320,135283,19,296664
21973,0.001629,172.31.36.0-255,66,135349,19,296664
21974,0.001636,172.217.194.0-255,5738,141087,19,296664
21975,0.001638,172.31.36.0-255,66,141153,19,296664
21976,0.001675,172.217.194.0-255,9992,151145,19,296664
21977,0.001679,172.31.36.0-255,66,151211,19,296664
21978,0.001707,172.217.194.0-255,1484,152695,19,296664
21979,0.001714,172.217.194.0-255,5738,158433,19,296664
21980,0.001717,172.31.36.0-255,66,158499,19,296664
21981,0.001745,172.217.194.0-255,6438,164937,19,296664
21982,0.00175,172.31.36.0-255,66,165003,19,296664
21983,0.001817,172.217.194.0-255,7156,172159,19,296664
21984,0.001821,172.31.36.0-255,66,172225,19,296664
21985,0.001826,172.217.194.0-255,2902,175127,19,296664
21986,0.001828,172.31.36.0-255,66,175193,19,296664
21987,0.00184,172.31.36.0-255,66,175259,19,296664
21988,0.001847,172.217.194.0-255,5738,180997,19,296664
21989,0.00185,172.31.36.0-255,66,181063,19,296664
21990,0.001879,172.217.194.0-255,6438,187501,19,296664
21991,0.001883,172.31.36.0-255,66,187567,19,296664
21992,0.00191,172.217.194.0-255,1484,189051,19,296664
21993,0.001924,172.217.194.0-255,2902,191953,19,296664
21994,0.001927,172.31.36.0-255,66,192019,19,296664
21995,0.001932,172.217.194.0-255,4320,196339,19,296664
21996,0.001934,172.31.36.0-255,66,196405,19,296664
21997,0.001957,172.217.194.0-255,1484,197889,19,296664
21998,0.001979,172.31.36.0-255,66,197955,19,296664
21999,0.002013,172.217.194.0-255,10692,208647,19,296664
22000,0.002015,172.31.36.0-255,66,208713,19,296664
22001,0.002043,172.217.194.0-255,1484,210197,19,296664
22002,0.002058,172.217.194.0-255,2902,213099,19,296664
22003,0.00206,172.31.36.0-255,66,213165,19,296664
22004,0.002063,172.217.194.0-255,1484,214649,19,296664
22005,0.00209,172.217.194.0-255,4320,218969,19,296664
22006,0.002093,172.31.36.0-255,66,219035,19,296664
22007,0.002126,172.31.36.0-255,66,219101,19,296664
22008,0.002131,172.217.194.0-255,2902,222003,19,296664
22009,0.002133,172.31.36.0-255,66,222069,19,296664
22010,0.002163,172.217.194.0-255,5738,227807,19,296664
22011,0.002166,172.31.36.0-255,66,227873,19,296664
22012,0.00217,172.217.194.0-255,2184,230057,19,296664
22013,0.002172,172.31.36.0-255,66,230123,19,296664
22014,0.002176,172.217.194.0-255,2902,233025,19,296664
22015,0.00218,172.31.36.0-255,66,233091,19,296664
22016,0.002205,172.217.194.0-255,7156,240247,19,296664
22017,0.002207,172.31.36.0-255,66,240313,19,296664
22018,0.002216,172.217.194.0-255,8574,248887,19,296664
22019,0.002221,172.31.36.0-255,66,248953,19,296664
22020,0.002244,172.217.194.0-255,7156,256109,19,296664
22021,0.002247,172.31.36.0-255,66,256175,19,296664
22022,0.002254,172.217.194.0-255,7856,264031,19,296664
22023,0.002256,172.31.36.0-255,66,264097,19,296664
22024,0.002262,172.217.194.0-255,5738,269835,19,296664
22025,0.002336,172.217.194.0-255,4320,274155,19,296664
22026,0.002348,172.217.194.0-255,3602,277757,19,296664
22027,0.002371,172.217.194.0-255,5738,283495,19,296664
22028,0.002392,172.217.194.0-255,9992,293487,19,296664
22029,0.002479,172.217.194.0-255,2901,296388,19,296664
22030,0.002481,172.217.194.0-255,105,296493,19,296664
22031,0.005411,172.31.36.0-255,66,296559,19,296664
22032,0.007801,172.31.36.0-255,105,296664,19,296664
22033,0.0,74.125.68.0-255,153,153,19,330694
22034,2.5e-05,172.31.36.0-255,66,219,19,330694
22035,3.2e-05,74.125.68.0-255,1484,1703,19,330694
22036,3.7e-05,172.31.36.0-255,66,1769,19,330694
22037,4.2e-05,74.125.68.0-255,2902,4671,19,330694
22038,4.5e-05,172.31.36.0-255,66,4737,19,330694
22039,5.4e-05,74.125.68.0-255,7156,11893,19,330694
22040,5.7e-05,172.31.36.0-255,66,11959,19,330694
22041,6.2e-05,74.125.68.0-255,2107,14066,19,330694
22042,6.4e-05,172.31.36.0-255,66,14132,19,330694
22043,6.9e-05,74.125.68.0-255,2902,17034,19,330694
22044,7.2e-05,172.31.36.0-255,66,17100,19,330694
22045,0.000107,74.125.68.0-255,7156,24256,19,330694
22046,0.00011,172.31.36.0-255,66,24322,19,330694
22047,0.000118,74.125.68.0-255,6797,31119,19,330694
22048,0.00012,172.31.36.0-255,66,31185,19,330694
22049,0.000227,74.125.68.0-255,1484,32669,19,330694
22050,0.000231,172.31.36.0-255,66,32735,19,330694
22051,0.000237,74.125.68.0-255,2902,35637,19,330694
22052,0.000239,172.31.36.0-255,66,35703,19,330694
22053,0.000265,74.125.68.0-255,5738,41441,19,330694
22054,0.000268,172.31.36.0-255,66,41507,19,330694
22055,0.000289,74.125.68.0-255,4320,45827,19,330694
22056,0.000292,172.31.36.0-255,66,45893,19,330694
22057,0.000313,74.125.68.0-255,2902,48795,19,330694
22058,0.000316,172.31.36.0-255,66,48861,19,330694
22059,0.000331,172.31.36.0-255,66,48927,19,330694
22060,0.000367,74.125.68.0-255,2184,51111,19,330694
22061,0.000369,172.31.36.0-255,66,51177,19,330694
22062,0.000389,74.125.68.0-255,427,51604,19,330694
22063,0.000391,172.31.36.0-255,66,51670,19,330694
22064,0.000626,74.125.68.0-255,1484,53154,19,330694
22065,0.000634,74.125.68.0-255,2902,56056,19,330694
22066,0.000639,172.31.36.0-255,66,56122,19,330694
22067,0.000674,74.125.68.0-255,2902,59024,19,330694
22068,0.000678,172.31.36.0-255,66,59090,19,330694
22069,0.000699,74.125.68.0-255,4320,63410,19,330694
22070,0.000702,172.31.36.0-255,66,63476,19,330694
22071,0.000726,74.125.68.0-255,7156,70632,19,330694
22072,0.000731,172.31.36.0-255,66,70698,19,330694
22073,0.000763,74.125.68.0-255,4320,75018,19,330694
22074,0.000767,172.31.36.0-255,66,75084,19,330694
22075,0.000803,74.125.68.0-255,2902,77986,19,330694
22076,0.000807,172.31.36.0-255,66,78052,19,330694
22077,0.000825,74.125.68.0-255,2902,80954,19,330694
22078,0.000827,172.31.36.0-255,66,81020,19,330694
22079,0.000832,74.125.68.0-255,2902,83922,19,330694
22080,0.000834,172.31.36.0-255,66,83988,19,330694
22081,0.000867,74.125.68.0-255,2184,86172,19,330694
22082,0.00087,172.31.36.0-255,66,86238,19,330694
22083,0.001214,74.125.68.0-255,1484,87722,19,330694
22084,0.001231,74.125.68.0-255,2902,90624,19,330694
22085,0.001235,172.31.36.0-255,66,90690,19,330694
22086,0.001243,74.125.68.0-255,5738,96428,19,330694
22087,0.001245,172.31.36.0-255,66,96494,19,330694
22088,0.00129,172.31.36.0-255,66,96560,19,330694
22089,0.001317,74.125.68.0-255,4320,100880,19,330694
22090,0.00132,172.31.36.0-255,66,100946,19,330694
22091,0.001346,74.125.68.0-255,7856,108802,19,330694
22092,0.001349,172.31.36.0-255,66,108868,19,330694
22093,0.001363,74.125.68.0-255,2902,111770,19,330694
22094,0.001365,172.31.36.0-255,66,111836,19,330694
22095,0.001399,74.125.68.0-255,9992,121828,19,330694
22096,0.001402,172.31.36.0-255,66,121894,19,330694
22097,0.001408,74.125.68.0-255,5738,127632,19,330694
22098,0.00141,172.31.36.0-255,66,127698,19,330694
22099,0.001418,74.125.68.0-255,7156,134854,19,330694
22100,0.00142,172.31.36.0-255,66,134920,19,330694
22101,0.00145,74.125.68.0-255,7856,142776,19,330694
22102,0.001454,172.31.36.0-255,66,142842,19,330694
22103,0.001489,74.125.68.0-255,7156,149998,19,330694
22104,0.001492,172.31.36.0-255,66,150064,19,330694
22105,0.001512,74.125.68.0-255,1484,151548,19,330694
22106,0.001557,74.125.68.0-255,8574,160122,19,330694
22107,0.00156,172.31.36.0-255,66,160188,19,330694
22108,0.001572,74.125.68.0-255,1484,161672,19,330694
22109,0.001582,74.125.68.0-255,8574,170246,19,330694
22110,0.001584,172.31.36.0-255,66,170312,19,330694
22111,0.001593,74.125.68.0-255,9274,179586,19,330694
22112,0.001596,172.31.36.0-255,66,179652,19,330694
22113,0.001598,74.125.68.0-255,1484,181136,19,330694
22114,0.001643,172.31.36.0-255,66,181202,19,330694
22115,0.001649,74.125.68.0-255,5738,186940,19,330694
22116,0.001652,172.31.36.0-255,66,187006,19,330694
22117,0.001676,74.125.68.0-255,7156,194162,19,330694
22118,0.001679,172.31.36.0-255,66,194228,19,330694
22119,0.001706,74.125.68.0-255,3602,197830,19,330694
22120,0.001709,172.31.36.0-255,66,197896,19,330694
22121,0.001715,74.125.68.0-255,4320,202216,19,330694
22122,0.001717,172.31.36.0-255,66,202282,19,330694
22123,0.00174,74.125.68.0-255,4320,206602,19,330694
22124,0.001743,172.31.36.0-255,66,206668,19,330694
22125,0.001747,74.125.68.0-255,2902,209570,19,330694
22126,0.001749,172.31.36.0-255,66,209636,19,330694
22127,0.001767,74.125.68.0-255,2902,212538,19,330694
22128,0.001769,172.31.36.0-255,66,212604,19,330694
22129,0.001792,74.125.68.0-255,5738,218342,19,330694
22130,0.001795,172.31.36.0-255,66,218408,19,330694
22131,0.00182,74.125.68.0-255,5738,224146,19,330694
22132,0.001825,74.125.68.0-255,4320,228466,19,330694
22133,0.001829,172.31.36.0-255,66,228532,19,330694
22134,0.001832,172.31.36.0-255,66,228598,19,330694
22135,0.001876,172.31.36.0-255,66,228664,19,330694
22136,0.001879,74.125.68.0-255,1484,230148,19,330694
22137,0.001913,172.31.36.0-255,66,230214,19,330694
22138,0.00192,74.125.68.0-255,5738,235952,19,330694
22139,0.001922,172.31.36.0-255,66,236018,19,330694
22140,0.001948,74.125.68.0-255,5020,241038,19,330694
22141,0.001951,172.31.36.0-255,66,241104,19,330694
22142,0.001972,74.125.68.0-255,5738,246842,19,330694
22143,0.001976,172.31.36.0-255,66,246908,19,330694
22144,0.002003,74.125.68.0-255,7156,254064,19,330694
22145,0.002006,172.31.36.0-255,66,254130,19,330694
22146,0.002024,74.125.68.0-255,1484,255614,19,330694
22147,0.002032,74.125.68.0-255,8574,264188,19,330694
22148,0.002034,172.31.36.0-255,66,264254,19,330694
22149,0.002047,74.125.68.0-255,1484,265738,19,330694
22150,0.002056,74.125.68.0-255,7856,273594,19,330694
22151,0.002058,172.31.36.0-255,66,273660,19,330694
22152,0.002081,74.125.68.0-255,1484,275144,19,330694
22153,0.0021,74.125.68.0-255,7156,282300,19,330694
22154,0.002103,172.31.36.0-255,66,282366,19,330694
22155,0.002108,74.125.68.0-255,2902,285268,19,330694
22156,0.002109,172.31.36.0-255,66,285334,19,330694
22157,0.002137,74.125.68.0-255,5738,291072,19,330694
22158,0.00214,172.31.36.0-255,66,291138,19,330694
22159,0.002165,74.125.68.0-255,7156,298294,19,330694
22160,0.002172,74.125.68.0-255,7156,305450,19,330694
22161,0.002213,172.31.36.0-255,66,305516,19,330694
22162,0.002221,172.31.36.0-255,66,305582,19,330694
22163,0.00223,74.125.68.0-255,7856,313438,19,330694
22164,0.002233,172.31.36.0-255,66,313504,19,330694
22165,0.002237,74.125.68.0-255,2902,316406,19,330694
22166,0.002239,172.31.36.0-255,66,316472,19,330694
22167,0.002253,172.31.36.0-255,66,316538,19,330694
22168,0.00226,74.125.68.0-255,7156,323694,19,330694
22169,0.002263,172.31.36.0-255,66,323760,19,330694
22170,0.002266,74.125.68.0-255,1484,325244,19,330694
22171,0.00229,74.125.68.0-255,3602,328846,19,330694
22172,0.002292,172.31.36.0-255,66,328912,19,330694
22173,0.004505,74.125.68.0-255,1545,330457,19,330694
22174,0.004512,172.31.36.0-255,66,330523,19,330694
22175,0.004664,172.31.36.0-255,105,330628,19,330694
22176,0.006833,74.125.68.0-255,66,330694,19,330694
22177,0.0,172.217.194.0-255,298,298,19,96711
22178,1.8e-05,172.31.36.0-255,66,364,19,96711
22179,2.4e-05,172.217.194.0-255,1484,1848,19,96711
22180,2.8e-05,172.31.36.0-255,66,1914,19,96711
22181,3.6e-05,172.217.194.0-255,4320,6234,19,96711
22182,3.9e-05,172.31.36.0-255,66,6300,19,96711
22183,4.7e-05,172.217.194.0-255,7487,13787,19,96711
22184,5.1e-05,172.31.36.0-255,66,13853,19,96711
22185,5.4e-05,172.217.194.0-255,1484,15337,19,96711
22186,5.6e-05,172.31.36.0-255,66,15403,19,96711
22187,9.3e-05,172.31.36.0-255,66,15469,19,96711
22188,9.7e-05,172.217.194.0-255,2543,18012,19,96711
22189,9.9e-05,172.31.36.0-255,66,18078,19,96711
22190,0.000972,172.217.194.0-255,1484,19562,19,96711
22191,0.00098,172.31.36.0-255,66,19628,19,96711
22192,0.000989,172.217.194.0-255,2902,22530,19,96711
22193,0.000991,172.31.36.0-255,66,22596,19,96711
22194,0.000998,172.217.194.0-255,5738,28334,19,96711
22195,0.001001,172.31.36.0-255,66,28400,19,96711
22196,0.001034,172.31.36.0-255,66,28466,19,96711
22197,0.001063,172.217.194.0-255,10692,39158,19,96711
22198,0.001066,172.31.36.0-255,66,39224,19,96711
22199,0.001069,172.217.194.0-255,339,39563,19,96711
22200,0.001072,172.31.36.0-255,66,39629,19,96711
22201,0.001107,172.217.194.0-255,117,39746,19,96711
22202,0.00111,172.31.36.0-255,66,39812,19,96711
22203,0.001251,172.217.194.0-255,1484,41296,19,96711
22204,0.001256,172.31.36.0-255,66,41362,19,96711
22205,0.001262,172.217.194.0-255,2902,44264,19,96711
22206,0.001265,172.31.36.0-255,66,44330,19,96711
22207,0.001283,172.217.194.0-255,5738,50068,19,96711
22208,0.001285,172.31.36.0-255,66,50134,19,96711
22209,0.001299,172.217.194.0-255,1484,51618,19,96711
22210,0.001319,172.217.194.0-255,8574,60192,19,96711
22211,0.001323,172.31.36.0-255,66,60258,19,96711
22212,0.001338,172.217.194.0-255,2902,63160,19,96711
22213,0.001341,172.31.36.0-255,66,63226,19,96711
22214,0.001369,172.217.194.0-255,1484,64710,19,96711
22215,0.001399,172.217.194.0-255,9274,73984,19,96711
22216,0.001403,172.31.36.0-255,66,74050,19,96711
22217,0.001416,172.31.36.0-255,66,74116,19,96711
22218,0.001422,172.217.194.0-255,5117,79233,19,96711
22219,0.001424,172.31.36.0-255,66,79299,19,96711
22220,0.004014,172.217.194.0-255,5738,85037,19,96711
22221,0.004022,172.31.36.0-255,66,85103,19,96711
22222,0.006585,172.217.194.0-255,5738,90841,19,96711
22223,0.006592,172.31.36.0-255,66,90907,19,96711
22224,0.009135,172.217.194.0-255,5738,96645,19,96711
22225,0.009142,172.31.36.0-255,66,96711,19,96711
22226,0.0,172.31.36.0-255,105,105,19,459
22227,0.000236,172.31.36.0-255,90,195,19,459
22228,0.000246,172.31.36.0-255,66,261,19,459
22229,0.00249,74.125.68.0-255,66,327,19,459
22230,0.002523,74.125.68.0-255,66,393,19,459
22231,0.002548,172.31.36.0-255,66,459,19,459
22232,0.0,172.217.194.0-255,152,152,19,242918
22233,1.5e-05,172.31.36.0-255,66,218,19,242918
22234,2.3e-05,172.217.194.0-255,1484,1702,19,242918
22235,2.8e-05,172.31.36.0-255,66,1768,19,242918
22236,4.5e-05,172.217.194.0-255,2902,4670,19,242918
22237,5.1e-05,172.31.36.0-255,66,4736,19,242918
22238,5.9e-05,172.217.194.0-255,7156,11892,19,242918
22239,6.2e-05,172.31.36.0-255,66,11958,19,242918
22240,9.2e-05,172.217.194.0-255,2029,13987,19,242918
22241,9.5e-05,172.31.36.0-255,66,14053,19,242918
22242,0.000146,172.217.194.0-255,1484,15537,19,242918
22243,0.000149,172.31.36.0-255,66,15603,19,242918
22244,0.000154,172.217.194.0-255,2902,18505,19,242918
22245,0.000157,172.31.36.0-255,66,18571,19,242918
22246,0.000161,172.217.194.0-255,2902,21473,19,242918
22247,0.000168,172.31.36.0-255,66,21539,19,242918
22248,0.000198,172.217.194.0-255,2902,24441,19,242918
22249,0.000201,172.31.36.0-255,66,24507,19,242918
22250,0.000209,172.217.194.0-255,6797,31304,19,242918
22251,0.000211,172.31.36.0-255,66,31370,19,242918
22252,0.00023,172.31.36.0-255,66,31436,19,242918
22253,0.000258,172.217.194.0-255,1484,32920,19,242918
22254,0.00026,172.31.36.0-255,66,32986,19,242918
22255,0.000265,172.217.194.0-255,2543,35529,19,242918
22256,0.000268,172.31.36.0-255,66,35595,19,242918
22257,0.000276,172.217.194.0-255,2902,38497,19,242918
22258,0.000278,172.31.36.0-255,66,38563,19,242918
22259,0.000285,172.217.194.0-255,7156,45719,19,242918
22260,0.000288,172.31.36.0-255,66,45785,19,242918
22261,0.000293,172.217.194.0-255,2902,48687,19,242918
22262,0.000296,172.31.36.0-255,66,48753,19,242918
22263,0.000329,172.217.194.0-255,4251,53004,19,242918
22264,0.000333,172.31.36.0-255,66,53070,19,242918
22265,0.000336,172.217.194.0-255,366,53436,19,242918
22266,0.000531,172.217.194.0-255,1484,54920,19,242918
22267,0.000536,172.31.36.0-255,66,54986,19,242918
22268,0.000542,172.217.194.0-255,2902,57888,19,242918
22269,0.000545,172.31.36.0-255,66,57954,19,242918
22270,0.000577,172.217.194.0-255,5738,63692,19,242918
22271,0.00058,172.31.36.0-255,66,63758,19,242918
22272,0.000598,172.31.36.0-255,66,63824,19,242918
22273,0.000606,172.217.194.0-255,8574,72398,19,242918
22274,0.000608,172.31.36.0-255,66,72464,19,242918
22275,0.000635,172.217.194.0-255,2184,74648,19,242918
22276,0.000637,172.31.36.0-255,66,74714,19,242918
22277,0.001027,172.217.194.0-255,1484,76198,19,242918
22278,0.001032,172.217.194.0-255,2902,79100,19,242918
22279,0.001037,172.31.36.0-255,66,79166,19,242918
22280,0.001073,172.217.194.0-255,4320,83486,19,242918
22281,0.001075,172.31.36.0-255,66,83552,19,242918
22282,0.001093,172.217.194.0-255,1484,85036,19,242918
22283,0.0011,172.217.194.0-255,8574,93610,19,242918
22284,0.001102,172.31.36.0-255,66,93676,19,242918
22285,0.00111,172.217.194.0-255,9992,103668,19,242918
22286,0.001112,172.31.36.0-255,66,103734,19,242918
22287,0.001118,172.217.194.0-255,5020,108754,19,242918
22288,0.00112,172.31.36.0-255,66,108820,19,242918
22289,0.001848,172.217.194.0-255,1484,110304,19,242918
22290,0.001856,172.217.194.0-255,2902,113206,19,242918
22291,0.001861,172.31.36.0-255,66,113272,19,242918
22292,0.001869,172.217.194.0-255,5738,119010,19,242918
22293,0.001871,172.31.36.0-255,66,119076,19,242918
22294,0.001882,172.217.194.0-255,5738,124814,19,242918
22295,0.001884,172.31.36.0-255,66,124880,19,242918
22296,0.001892,172.217.194.0-255,7156,132036,19,242918
22297,0.001894,172.31.36.0-255,66,132102,19,242918
22298,0.001923,172.217.194.0-255,5738,137840,19,242918
22299,0.001925,172.31.36.0-255,66,137906,19,242918
22300,0.001936,172.217.194.0-255,5020,142926,19,242918
22301,0.001938,172.31.36.0-255,66,142992,19,242918
22302,0.002036,172.217.194.0-255,1484,144476,19,242918
22303,0.002057,172.217.194.0-255,2902,147378,19,242918
22304,0.00206,172.31.36.0-255,66,147444,19,242918
22305,0.002068,172.217.194.0-255,5738,153182,19,242918
22306,0.00207,172.31.36.0-255,66,153248,19,242918
22307,0.002078,172.217.194.0-255,2902,156150,19,242918
22308,0.002081,172.31.36.0-255,66,156216,19,242918
22309,0.002084,172.217.194.0-255,1484,157700,19,242918
22310,0.002118,172.217.194.0-255,8574,166274,19,242918
22311,0.002121,172.31.36.0-255,66,166340,19,242918
22312,0.002124,172.217.194.0-255,1484,167824,19,242918
22313,0.00213,172.217.194.0-255,4320,172144,19,242918
22314,0.002132,172.31.36.0-255,66,172210,19,242918
22315,0.002156,172.217.194.0-255,5020,177230,19,242918
22316,0.002158,172.31.36.0-255,66,177296,19,242918
22317,0.002327,172.217.194.0-255,1484,178780,19,242918
22318,0.002335,172.217.194.0-255,2902,181682,19,242918
22319,0.002338,172.31.36.0-255,66,181748,19,242918
22320,0.002345,172.217.194.0-255,5738,187486,19,242918
22321,0.002347,172.31.36.0-255,66,187552,19,242918
22322,0.002388,172.31.36.0-255,66,187618,19,242918
22323,0.002398,172.217.194.0-255,10692,198310,19,242918
22324,0.002405,172.31.36.0-255,66,198376,19,242918
22325,0.003498,172.217.194.0-255,1484,199860,19,242918
22326,0.003504,172.217.194.0-255,1484,201344,19,242918
22327,0.003508,172.31.36.0-255,66,201410,19,242918
22328,0.003535,172.217.194.0-255,1484,202894,19,242918
22329,0.003542,172.217.194.0-255,5738,208632,19,242918
22330,0.003544,172.31.36.0-255,66,208698,19,242918
22331,0.003564,172.31.36.0-255,66,208764,19,242918
22332,0.003567,172.217.194.0-255,1484,210248,19,242918
22333,0.003589,172.217.194.0-255,2902,213150,19,242918
22334,0.003591,172.31.36.0-255,66,213216,19,242918
22335,0.003639,172.31.36.0-255,66,213282,19,242918
22336,0.003657,172.31.36.0-255,66,213348,19,242918
22337,0.003688,172.217.194.0-255,1484,214832,19,242918
22338,0.003729,172.31.36.0-255,66,214898,19,242918
22339,0.003735,172.217.194.0-255,7156,222054,19,242918
22340,0.003738,172.31.36.0-255,66,222120,19,242918
22341,0.003783,172.31.36.0-255,66,222186,19,242918
22342,0.003804,172.31.36.0-255,66,222252,19,242918
22343,0.003836,172.217.194.0-255,10692,232944,19,242918
22344,0.003838,172.31.36.0-255,66,233010,19,242918
22345,0.003847,172.217.194.0-255,9500,242510,19,242918
22346,0.003853,172.31.36.0-255,66,242576,19,242918
22347,0.003855,172.217.194.0-255,105,242681,19,242918
22348,0.005656,172.31.36.0-255,66,242747,19,242918
22349,0.005693,172.31.36.0-255,105,242852,19,242918
22350,0.00758,172.217.194.0-255,66,242918,19,242918
22351,0.0,74.125.24.0-255,153,153,19,284707
22352,2.2e-05,172.31.36.0-255,66,219,19,284707
22353,2.9e-05,74.125.24.0-255,1484,1703,19,284707
22354,3.3e-05,172.31.36.0-255,66,1769,19,284707
22355,4.8e-05,74.125.24.0-255,2902,4671,19,284707
22356,5e-05,172.31.36.0-255,66,4737,19,284707
22357,5.8e-05,74.125.24.0-255,7156,11893,19,284707
22358,6.1e-05,172.31.36.0-255,66,11959,19,284707
22359,9.4e-05,74.125.24.0-255,9173,21132,19,284707
22360,9.7e-05,172.31.36.0-255,66,21198,19,284707
22361,0.000107,74.125.24.0-255,9992,31190,19,284707
22362,0.000109,172.31.36.0-255,66,31256,19,284707
22363,0.000132,74.125.24.0-255,4320,35576,19,284707
22364,0.000135,172.31.36.0-255,66,35642,19,284707
22365,0.000172,172.31.36.0-255,66,35708,19,284707
22366,0.000639,74.125.24.0-255,1484,37192,19,284707
22367,0.000646,172.31.36.0-255,66,37258,19,284707
22368,0.000652,74.125.24.0-255,2902,40160,19,284707
22369,0.000654,172.31.36.0-255,66,40226,19,284707
22370,0.000657,74.125.24.0-255,1484,41710,19,284707
22371,0.000659,172.31.36.0-255,66,41776,19,284707
22372,0.000691,74.125.24.0-255,4320,46096,19,284707
22373,0.000693,172.31.36.0-255,66,46162,19,284707
22374,0.000701,74.125.24.0-255,6797,52959,19,284707
22375,0.000703,172.31.36.0-255,66,53025,19,284707
22376,0.001177,74.125.24.0-255,1484,54509,19,284707
22377,0.001182,172.31.36.0-255,66,54575,19,284707
22378,0.001209,74.125.24.0-255,2902,57477,19,284707
22379,0.001212,172.31.36.0-255,66,57543,19,284707
22380,0.001219,74.125.24.0-255,5738,63281,19,284707
22381,0.001221,172.31.36.0-255,66,63347,19,284707
22382,0.001251,74.125.24.0-255,7156,70503,19,284707
22383,0.001272,74.125.24.0-255,6797,77300,19,284707
22384,0.001276,74.125.24.0-255,2902,80202,19,284707
22385,0.001332,74.125.24.0-255,8574,88776,19,284707
22386,0.001349,74.125.24.0-255,3602,92378,19,284707
22387,0.001505,74.125.24.0-255,1484,93862,19,284707
22388,0.001512,74.125.24.0-255,2902,96764,19,284707
22389,0.00153,74.125.24.0-255,5738,102502,19,284707
22390,0.001552,74.125.24.0-255,4320,106822,19,284707
22391,0.001575,74.125.24.0-255,4320,111142,19,284707
22392,0.001598,74.125.24.0-255,7156,118298,19,284707
22393,0.001607,74.125.24.0-255,7856,126154,19,284707
22394,0.001633,74.125.24.0-255,4320,130474,19,284707
22395,0.001656,74.125.24.0-255,4320,134794,19,284707
22396,0.001661,74.125.24.0-255,4320,139114,19,284707
22397,0.00169,74.125.24.0-255,8574,147688,19,284707
22398,0.001717,74.125.24.0-255,5738,153426,19,284707
22399,0.001723,74.125.24.0-255,5738,159164,19,284707
22400,0.001737,74.125.24.0-255,766,159930,19,284707
22401,0.001791,74.125.24.0-255,1484,161414,19,284707
22402,0.001794,74.125.24.0-255,1484,162898,19,284707
22403,0.001815,74.125.24.0-255,4320,167218,19,284707
22404,0.001828,74.125.24.0-255,2902,170120,19,284707
22405,0.001844,74.125.24.0-255,7156,177276,19,284707
22406,0.001847,74.125.24.0-255,1484,178760,19,284707
22407,0.001868,74.125.24.0-255,9992,188752,19,284707
22408,0.001882,74.125.24.0-255,1484,190236,19,284707
22409,0.001899,74.125.24.0-255,3602,193838,19,284707
22410,0.001954,74.125.24.0-255,1484,195322,19,284707
22411,0.001971,74.125.24.0-255,1484,196806,19,284707
22412,0.001984,74.125.24.0-255,1484,198290,19,284707
22413,0.001989,74.125.24.0-255,4320,202610,19,284707
22414,0.002011,74.125.24.0-255,1484,204094,19,284707
22415,0.002018,74.125.24.0-255,5738,209832,19,284707
22416,0.002034,74.125.24.0-255,4320,214152,19,284707
22417,0.002058,74.125.24.0-255,8574,222726,19,284707
22418,0.002075,74.125.24.0-255,10692,233418,19,284707
22419,0.00211,74.125.24.0-255,1484,234902,19,284707
22420,0.002162,74.125.24.0-255,2902,237804,19,284707
22421,0.002187,74.125.24.0-255,10692,248496,19,284707
22422,0.00223,74.125.24.0-255,5738,254234,19,284707
22423,0.00225,74.125.24.0-255,8574,262808,19,284707
22424,0.002257,74.125.24.0-255,5738,268546,19,284707
22425,0.002292,74.125.24.0-255,4320,272866,19,284707
22426,0.00383,172.31.36.0-255,66,272932,19,284707
22427,0.004759,172.31.36.0-255,101,273033,19,284707
22428,0.006102,74.125.24.0-255,5738,278771,19,284707
22429,0.006106,172.31.36.0-255,66,278837,19,284707
22430,0.006961,74.125.24.0-255,66,278903,19,284707
22431,0.008353,74.125.24.0-255,5738,284641,19,284707
22432,0.009524,172.31.36.0-255,66,284707,19,284707
22433,0.0,74.125.24.0-255,153,153,19,263192
22434,2.4e-05,172.31.36.0-255,66,219,19,263192
22435,3.3e-05,74.125.24.0-255,1484,1703,19,263192
22436,3.8e-05,172.31.36.0-255,66,1769,19,263192
22437,5.1e-05,74.125.24.0-255,2902,4671,19,263192
22438,5.4e-05,172.31.36.0-255,66,4737,19,263192
22439,6.1e-05,74.125.24.0-255,5738,10475,19,263192
22440,6.4e-05,172.31.36.0-255,66,10541,19,263192
22441,7.4e-05,74.125.24.0-255,9992,20533,19,263192
22442,7.6e-05,172.31.36.0-255,66,20599,19,263192
22443,0.000107,74.125.24.0-255,3431,24030,19,263192
22444,0.00011,172.31.36.0-255,66,24096,19,263192
22445,0.000117,74.125.24.0-255,5738,29834,19,263192
22446,0.000119,172.31.36.0-255,66,29900,19,263192
22447,0.000127,74.125.24.0-255,7156,37056,19,263192
22448,0.000129,172.31.36.0-255,66,37122,19,263192
22449,0.000159,74.125.24.0-255,8574,45696,19,263192
22450,0.000162,172.31.36.0-255,66,45762,19,263192
22451,0.000189,74.125.24.0-255,2184,47946,19,263192
22452,0.000191,172.31.36.0-255,66,48012,19,263192
22453,0.000233,74.125.24.0-255,1484,49496,19,263192
22454,0.000235,172.31.36.0-255,66,49562,19,263192
22455,0.000252,74.125.24.0-255,2902,52464,19,263192
22456,0.000254,172.31.36.0-255,66,52530,19,263192
22457,0.000276,74.125.24.0-255,5738,58268,19,263192
22458,0.000279,172.31.36.0-255,66,58334,19,263192
22459,0.000327,74.125.24.0-255,7136,65470,19,263192
22460,0.000329,172.31.36.0-255,66,65536,19,263192
22461,0.000414,74.125.24.0-255,1484,67020,19,263192
22462,0.000418,172.31.36.0-255,66,67086,19,263192
22463,0.000424,74.125.24.0-255,2902,69988,19,263192
22464,0.000426,172.31.36.0-255,66,70054,19,263192
22465,0.000467,74.125.24.0-255,5738,75792,19,263192
22466,0.00047,172.31.36.0-255,66,75858,19,263192
22467,0.00048,74.125.24.0-255,9992,85850,19,263192
22468,0.000482,172.31.36.0-255,66,85916,19,263192
22469,0.000495,74.125.24.0-255,7156,93072,19,263192
22470,0.000498,172.31.36.0-255,66,93138,19,263192
22471,0.000533,74.125.24.0-255,6721,99859,19,263192
22472,0.000535,172.31.36.0-255,66,99925,19,263192
22473,0.000866,74.125.24.0-255,1484,101409,19,263192
22474,0.000871,74.125.24.0-255,2902,104311,19,263192
22475,0.000876,74.125.24.0-255,5738,110049,19,263192
22476,0.000885,172.31.36.0-255,66,110115,19,263192
22477,0.000889,172.31.36.0-255,66,110181,19,263192
22478,0.000899,74.125.24.0-255,5738,115919,19,263192
22479,0.000901,172.31.36.0-255,66,115985,19,263192
22480,0.000941,74.125.24.0-255,7156,123141,19,263192
22481,0.000944,172.31.36.0-255,66,123207,19,263192
22482,0.000954,74.125.24.0-255,9992,133199,19,263192
22483,0.000957,172.31.36.0-255,66,133265,19,263192
22484,0.00096,74.125.24.0-255,766,134031,19,263192
22485,0.000963,74.125.24.0-255,1484,135515,19,263192
22486,0.000965,172.31.36.0-255,66,135581,19,263192
22487,0.00099,74.125.24.0-255,4320,139901,19,263192
22488,0.000992,172.31.36.0-255,66,139967,19,263192
22489,0.001001,74.125.24.0-255,2902,142869,19,263192
22490,0.001003,172.31.36.0-255,66,142935,19,263192
22491,0.001013,74.125.24.0-255,8574,151509,19,263192
22492,0.001015,172.31.36.0-255,66,151575,19,263192
22493,0.001064,172.31.36.0-255,66,151641,19,263192
22494,0.00109,74.125.24.0-255,5020,156661,19,263192
22495,0.001093,172.31.36.0-255,66,156727,19,263192
22496,0.001137,74.125.24.0-255,1484,158211,19,263192
22497,0.001152,74.125.24.0-255,2902,161113,19,263192
22498,0.001155,172.31.36.0-255,66,161179,19,263192
22499,0.001161,74.125.24.0-255,5738,166917,19,263192
22500,0.001164,172.31.36.0-255,66,166983,19,263192
22501,0.001186,74.125.24.0-255,8574,175557,19,263192
22502,0.001193,172.31.36.0-255,66,175623,19,263192
22503,0.001224,74.125.24.0-255,4320,179943,19,263192
22504,0.001227,172.31.36.0-255,66,180009,19,263192
22505,0.001234,74.125.24.0-255,7156,187165,19,263192
22506,0.001237,172.31.36.0-255,66,187231,19,263192
22507,0.001247,74.125.24.0-255,3602,190833,19,263192
22508,0.001249,172.31.36.0-255,66,190899,19,263192
22509,0.001376,74.125.24.0-255,1484,192383,19,263192
22510,0.001381,74.125.24.0-255,2902,195285,19,263192
22511,0.001385,172.31.36.0-255,66,195351,19,263192
22512,0.001406,74.125.24.0-255,5738,201089,19,263192
22513,0.001409,172.31.36.0-255,66,201155,19,263192
22514,0.001412,74.125.24.0-255,1484,202639,19,263192
22515,0.001437,74.125.24.0-255,7156,209795,19,263192
22516,0.00144,172.31.36.0-255,66,209861,19,263192
22517,0.001483,172.31.36.0-255,66,209927,19,263192
22518,0.001523,74.125.24.0-255,1484,211411,19,263192
22519,0.001528,74.125.24.0-255,2902,214313,19,263192
22520,0.001533,74.125.24.0-255,5738,220051,19,263192
22521,0.001571,172.31.36.0-255,66,220117,19,263192
22522,0.00158,172.31.36.0-255,66,220183,19,263192
22523,0.001608,172.31.36.0-255,66,220249,19,263192
22524,0.001622,172.31.36.0-255,66,220315,19,263192
22525,0.001637,172.31.36.0-255,66,220381,19,263192
22526,0.001641,74.125.24.0-255,2902,223283,19,263192
22527,0.001644,172.31.36.0-255,66,223349,19,263192
22528,0.001685,172.31.36.0-255,66,223415,19,263192
22529,0.001708,74.125.24.0-255,6438,229853,19,263192
22530,0.001711,172.31.36.0-255,66,229919,19,263192
22531,0.001718,74.125.24.0-255,7156,237075,19,263192
22532,0.00172,172.31.36.0-255,66,237141,19,263192
22533,0.001728,74.125.24.0-255,8574,245715,19,263192
22534,0.001731,172.31.36.0-255,66,245781,19,263192
22535,0.001779,172.31.36.0-255,66,245847,19,263192
22536,0.001782,74.125.24.0-255,766,246613,19,263192
22537,0.001791,74.125.24.0-255,8574,255187,19,263192
22538,0.001793,172.31.36.0-255,66,255253,19,263192
22539,0.001835,172.31.36.0-255,66,255319,19,263192
22540,0.001854,172.31.36.0-255,66,255385,19,263192
22541,0.001908,172.31.36.0-255,66,255451,19,263192
22542,0.001918,74.125.24.0-255,7333,262784,19,263192
22543,0.00192,172.31.36.0-255,66,262850,19,263192
22544,0.001929,74.125.24.0-255,105,262955,19,263192
22545,0.004998,172.31.36.0-255,66,263021,19,263192
22546,0.005039,172.31.36.0-255,105,263126,19,263192
22547,0.007313,74.125.24.0-255,66,263192,19,263192
22548,0.0,74.125.24.0-255,298,298,19,322515
22549,1.9e-05,172.31.36.0-255,66,364,19,322515
22550,2.5e-05,74.125.24.0-255,1484,1848,19,322515
22551,3e-05,172.31.36.0-255,66,1914,19,322515
22552,3.7e-05,74.125.24.0-255,4320,6234,19,322515
22553,4e-05,172.31.36.0-255,66,6300,19,322515
22554,5e-05,74.125.24.0-255,7450,13750,19,322515
22555,5.3e-05,172.31.36.0-255,66,13816,19,322515
22556,0.000261,74.125.24.0-255,1484,15300,19,322515
22557,0.000267,172.31.36.0-255,66,15366,19,322515
22558,0.000274,74.125.24.0-255,2902,18268,19,322515
22559,0.000276,172.31.36.0-255,66,18334,19,322515
22560,0.000283,74.125.24.0-255,5738,24072,19,322515
22561,0.000286,172.31.36.0-255,66,24138,19,322515
22562,0.000292,74.125.24.0-255,4320,28458,19,322515
22563,0.000294,172.31.36.0-255,66,28524,19,322515
22564,0.000314,74.125.24.0-255,2543,31067,19,322515
22565,0.000316,172.31.36.0-255,66,31133,19,322515
22566,0.000344,172.31.36.0-255,66,31199,19,322515
22567,0.000367,74.125.24.0-255,2902,34101,19,322515
22568,0.000369,172.31.36.0-255,66,34167,19,322515
22569,0.000374,74.125.24.0-255,2543,36710,19,322515
22570,0.000376,172.31.36.0-255,66,36776,19,322515
22571,0.00039,74.125.24.0-255,1484,38260,19,322515
22572,0.000393,172.31.36.0-255,66,38326,19,322515
22573,0.000398,74.125.24.0-255,2902,41228,19,322515
22574,0.0004,172.31.36.0-255,66,41294,19,322515
22575,0.000428,74.125.24.0-255,5738,47032,19,322515
22576,0.000432,172.31.36.0-255,66,47098,19,322515
22577,0.000438,74.125.24.0-255,5738,52836,19,322515
22578,0.000441,172.31.36.0-255,66,52902,19,322515
22579,0.00046,74.125.24.0-255,1435,54337,19,322515
22580,0.000575,74.125.24.0-255,110,54447,19,322515
22581,0.000592,74.125.24.0-255,332,54779,19,322515
22582,0.000608,172.31.36.0-255,66,54845,19,322515
22583,0.000828,74.125.24.0-255,1484,56329,19,322515
22584,0.000835,74.125.24.0-255,2902,59231,19,322515
22585,0.000838,172.31.36.0-255,66,59297,19,322515
22586,0.000862,74.125.24.0-255,5738,65035,19,322515
22587,0.000894,172.31.36.0-255,66,65101,19,322515
22588,0.000906,74.125.24.0-255,1484,66585,19,322515
22589,0.000917,74.125.24.0-255,10692,77277,19,322515
22590,0.000948,172.31.36.0-255,66,77343,19,322515
22591,0.001033,74.125.24.0-255,1484,78827,19,322515
22592,0.001039,74.125.24.0-255,2902,81729,19,322515
22593,0.001041,172.31.36.0-255,66,81795,19,322515
22594,0.001048,74.125.24.0-255,5738,87533,19,322515
22595,0.001061,74.125.24.0-255,2902,90435,19,322515
22596,0.001067,172.31.36.0-255,66,90501,19,322515
22597,0.001081,74.125.24.0-255,9992,100493,19,322515
22598,0.001086,172.31.36.0-255,66,100559,19,322515
22599,0.001119,74.125.24.0-255,10692,111251,19,322515
22600,0.001144,74.125.24.0-255,1484,112735,19,322515
22601,0.001149,74.125.24.0-255,2902,115637,19,322515
22602,0.001151,74.125.24.0-255,1484,117121,19,322515
22603,0.001156,172.31.36.0-255,66,117187,19,322515
22604,0.001177,74.125.24.0-255,4320,121507,19,322515
22605,0.001186,74.125.24.0-255,7156,128663,19,322515
22606,0.001195,172.31.36.0-255,66,128729,19,322515
22607,0.001208,74.125.24.0-255,5738,134467,19,322515
22608,0.001214,74.125.24.0-255,7156,141623,19,322515
22609,0.001261,74.125.24.0-255,3602,145225,19,322515
22610,0.001272,172.31.36.0-255,66,145291,19,322515
22611,0.001322,74.125.24.0-255,1484,146775,19,322515
22612,0.001327,74.125.24.0-255,2902,149677,19,322515
22613,0.00133,74.125.24.0-255,1484,151161,19,322515
22614,0.001335,172.31.36.0-255,66,151227,19,322515
22615,0.001358,74.125.24.0-255,4320,155547,19,322515
22616,0.001364,74.125.24.0-255,4320,159867,19,322515
22617,0.001367,74.125.24.0-255,1484,161351,19,322515
22618,0.001373,172.31.36.0-255,66,161417,19,322515
22619,0.001403,74.125.24.0-255,9992,171409,19,322515
22620,0.001411,74.125.24.0-255,7856,179265,19,322515
22621,0.001422,172.31.36.0-255,66,179331,19,322515
22622,0.001507,74.125.24.0-255,1484,180815,19,322515
22623,0.001513,74.125.24.0-255,2902,183717,19,322515
22624,0.001525,74.125.24.0-255,1484,185201,19,322515
22625,0.001532,172.31.36.0-255,66,185267,19,322515
22626,0.001553,74.125.24.0-255,4320,189587,19,322515
22627,0.001569,74.125.24.0-255,5738,195325,19,322515
22628,0.001583,172.31.36.0-255,66,195391,19,322515
22629,0.001613,74.125.24.0-255,4320,199711,19,322515
22630,0.00164,74.125.24.0-255,5020,204731,19,322515
22631,0.001649,74.125.24.0-255,9992,214723,19,322515
22632,0.001671,74.125.24.0-255,8574,223297,19,322515
22633,0.001677,172.31.36.0-255,66,223363,19,322515
22634,0.001703,74.125.24.0-255,10692,234055,19,322515
22635,0.001713,172.31.36.0-255,66,234121,19,322515
22636,0.001867,74.125.24.0-255,1484,235605,19,322515
22637,0.001872,74.125.24.0-255,2902,238507,19,322515
22638,0.001878,172.31.36.0-255,66,238573,19,322515
22639,0.001901,74.125.24.0-255,5738,244311,19,322515
22640,0.001911,74.125.24.0-255,8574,252885,19,322515
22641,0.001924,74.125.24.0-255,4320,257205,19,322515
22642,0.001931,74.125.24.0-255,7156,264361,19,322515
22643,0.001936,172.31.36.0-255,66,264427,19,322515
22644,0.001965,74.125.24.0-255,3602,268029,19,322515
22645,0.001977,172.31.36.0-255,66,268095,19,322515
22646,0.002199,74.125.24.0-255,1484,269579,19,322515
22647,0.002222,74.125.24.0-255,2902,272481,19,322515
22648,0.002227,74.125.24.0-255,2902,275383,19,322515
22649,0.002232,172.31.36.0-255,66,275449,19,322515
22650,0.002245,74.125.24.0-255,2902,278351,19,322515
22651,0.00226,172.31.36.0-255,66,278417,19,322515
22652,0.002294,74.125.24.0-255,10692,289109,19,322515
22653,0.002308,172.31.36.0-255,66,289175,19,322515
22654,0.002318,74.125.24.0-255,2902,292077,19,322515
22655,0.002322,74.125.24.0-255,4320,296397,19,322515
22656,0.002338,172.31.36.0-255,66,296463,19,322515
22657,0.002356,74.125.24.0-255,8574,305037,19,322515
22658,0.002432,172.31.36.0-255,66,305103,19,322515
22659,0.00483,74.125.24.0-255,5738,310841,19,322515
22660,0.004838,172.31.36.0-255,66,310907,19,322515
22661,0.007201,74.125.24.0-255,5738,316645,19,322515
22662,0.007208,172.31.36.0-255,66,316711,19,322515
22663,0.009537,74.125.24.0-255,5738,322449,19,322515
22664,0.009544,172.31.36.0-255,66,322515,19,322515
22665,0.0,172.217.27.0-255,153,153,19,177616
22666,3.2e-05,172.31.36.0-255,66,219,19,177616
22667,3.9e-05,172.217.27.0-255,1484,1703,19,177616
22668,4.2e-05,172.31.36.0-255,66,1769,19,177616
22669,4.5e-05,172.217.27.0-255,1484,3253,19,177616
22670,4.6e-05,172.31.36.0-255,66,3319,19,177616
22671,5.1e-05,172.217.27.0-255,2902,6221,19,177616
22672,5.3e-05,172.31.36.0-255,66,6287,19,177616
22673,5.9e-05,172.217.27.0-255,5738,12025,19,177616
22674,6.1e-05,172.31.36.0-255,66,12091,19,177616
22675,8.3e-05,172.217.27.0-255,1974,14065,19,177616
22676,8.4e-05,172.31.36.0-255,66,14131,19,177616
22677,0.000488,172.217.27.0-255,1484,15615,19,177616
22678,0.000494,172.31.36.0-255,66,15681,19,177616
22679,0.000503,172.217.27.0-255,2902,18583,19,177616
22680,0.000505,172.31.36.0-255,66,18649,19,177616
22681,0.000509,172.217.27.0-255,1484,20133,19,177616
22682,0.00051,172.31.36.0-255,66,20199,19,177616
22683,0.000545,172.217.27.0-255,4320,24519,19,177616
22684,0.000548,172.31.36.0-255,66,24585,19,177616
22685,0.000555,172.217.27.0-255,6797,31382,19,177616
22686,0.000558,172.31.36.0-255,66,31448,19,177616
22687,0.000563,172.217.27.0-255,4320,35768,19,177616
22688,0.000566,172.31.36.0-255,66,35834,19,177616
22689,0.000602,172.217.27.0-255,2902,38736,19,177616
22690,0.000607,172.31.36.0-255,66,38802,19,177616
22691,0.000622,172.31.36.0-255,66,38868,19,177616
22692,0.000651,172.217.27.0-255,4320,43188,19,177616
22693,0.000654,172.31.36.0-255,66,43254,19,177616
22694,0.000681,172.217.27.0-255,8186,51440,19,177616
22695,0.000685,172.31.36.0-255,66,51506,19,177616
22696,0.001105,172.217.27.0-255,114,51620,19,177616
22697,0.001197,172.31.36.0-255,66,51686,19,177616
22698,0.001315,172.217.27.0-255,1484,53170,19,177616
22699,0.001323,172.217.27.0-255,2902,56072,19,177616
22700,0.001327,172.31.36.0-255,66,56138,19,177616
22701,0.001333,172.217.27.0-255,5738,61876,19,177616
22702,0.001335,172.31.36.0-255,66,61942,19,177616
22703,0.001343,172.217.27.0-255,8574,70516,19,177616
22704,0.001345,172.31.36.0-255,66,70582,19,177616
22705,0.001376,172.217.27.0-255,4320,74902,19,177616
22706,0.001379,172.31.36.0-255,66,74968,19,177616
22707,0.001387,172.217.27.0-255,8574,83542,19,177616
22708,0.001389,172.31.36.0-255,66,83608,19,177616
22709,0.001429,172.217.27.0-255,2184,85792,19,177616
22710,0.001431,172.31.36.0-255,66,85858,19,177616
22711,0.001451,172.217.27.0-255,1484,87342,19,177616
22712,0.001463,172.217.27.0-255,1484,88826,19,177616
22713,0.001465,172.31.36.0-255,66,88892,19,177616
22714,0.001486,172.217.27.0-255,1484,90376,19,177616
22715,0.001492,172.217.27.0-255,5738,96114,19,177616
22716,0.001497,172.217.27.0-255,4320,100434,19,177616
22717,0.0015,172.31.36.0-255,66,100500,19,177616
22718,0.001503,172.31.36.0-255,66,100566,19,177616
22719,0.001526,172.217.27.0-255,8574,109140,19,177616
22720,0.001529,172.31.36.0-255,66,109206,19,177616
22721,0.00155,172.217.27.0-255,1484,110690,19,177616
22722,0.001564,172.217.27.0-255,5738,116428,19,177616
22723,0.001566,172.31.36.0-255,66,116494,19,177616
22724,0.001589,172.217.27.0-255,3602,120096,19,177616
22725,0.001591,172.31.36.0-255,66,120162,19,177616
22726,0.001606,172.217.27.0-255,1484,121646,19,177616
22727,0.00161,172.217.27.0-255,2902,124548,19,177616
22728,0.001612,172.31.36.0-255,66,124614,19,177616
22729,0.001615,172.217.27.0-255,1484,126098,19,177616
22730,0.001638,172.217.27.0-255,4320,130418,19,177616
22731,0.001641,172.31.36.0-255,66,130484,19,177616
22732,0.001646,172.217.27.0-255,4320,134804,19,177616
22733,0.001647,172.31.36.0-255,66,134870,19,177616
22734,0.001666,172.217.27.0-255,7156,142026,19,177616
22735,0.00167,172.217.27.0-255,4320,146346,19,177616
22736,0.001673,172.31.36.0-255,66,146412,19,177616
22737,0.001676,172.31.36.0-255,66,146478,19,177616
22738,0.001702,172.217.27.0-255,7856,154334,19,177616
22739,0.001705,172.31.36.0-255,66,154400,19,177616
22740,0.003394,172.217.27.0-255,5738,160138,19,177616
22741,0.003398,172.31.36.0-255,66,160204,19,177616
22742,0.005061,172.217.27.0-255,5738,165942,19,177616
22743,0.005066,172.31.36.0-255,66,166008,19,177616
22744,0.006723,172.217.27.0-255,5738,171746,19,177616
22745,0.006728,172.31.36.0-255,66,171812,19,177616
22746,0.008417,172.217.27.0-255,5738,177550,19,177616
22747,0.008424,172.31.36.0-255,66,177616,19,177616
22748,0.0,74.125.24.0-255,143,143,19,252476
22749,2.8e-05,172.31.36.0-255,66,209,19,252476
22750,3.5e-05,74.125.24.0-255,1484,1693,19,252476
22751,3.9e-05,172.31.36.0-255,66,1759,19,252476
22752,4.4e-05,74.125.24.0-255,2902,4661,19,252476
22753,4.6e-05,172.31.36.0-255,66,4727,19,252476
22754,5.3e-05,74.125.24.0-255,7156,11883,19,252476
22755,5.6e-05,172.31.36.0-255,66,11949,19,252476
22756,7.4e-05,74.125.24.0-255,5738,17687,19,252476
22757,7.6e-05,172.31.36.0-255,66,17753,19,252476
22758,0.000109,74.125.24.0-255,10609,28362,19,252476
22759,0.000111,172.31.36.0-255,66,28428,19,252476
22760,0.000115,74.125.24.0-255,2543,30971,19,252476
22761,0.000118,172.31.36.0-255,66,31037,19,252476
22762,0.000164,172.31.36.0-255,66,31103,19,252476
22763,0.000181,74.125.24.0-255,5379,36482,19,252476
22764,0.000184,172.31.36.0-255,66,36548,19,252476
22765,0.000236,74.125.24.0-255,1484,38032,19,252476
22766,0.000239,172.31.36.0-255,66,38098,19,252476
22767,0.000243,74.125.24.0-255,2902,41000,19,252476
22768,0.000245,172.31.36.0-255,66,41066,19,252476
22769,0.000263,74.125.24.0-255,5738,46804,19,252476
22770,0.000266,172.31.36.0-255,66,46870,19,252476
22771,0.000286,74.125.24.0-255,7097,53967,19,252476
22772,0.000289,172.31.36.0-255,66,54033,19,252476
22773,0.00055,74.125.24.0-255,132,54165,19,252476
22774,0.000554,172.31.36.0-255,66,54231,19,252476
22775,0.000573,74.125.24.0-255,343,54574,19,252476
22776,0.000575,172.31.36.0-255,66,54640,19,252476
22777,0.000851,74.125.24.0-255,1484,56124,19,252476
22778,0.000856,172.31.36.0-255,66,56190,19,252476
22779,0.000865,74.125.24.0-255,2902,59092,19,252476
22780,0.000868,172.31.36.0-255,66,59158,19,252476
22781,0.000892,74.125.24.0-255,5738,64896,19,252476
22782,0.000896,172.31.36.0-255,66,64962,19,252476
22783,0.000911,74.125.24.0-255,4320,69282,19,252476
22784,0.000914,172.31.36.0-255,66,69348,19,252476
22785,0.000941,74.125.24.0-255,7156,76504,19,252476
22786,0.000945,172.31.36.0-255,66,76570,19,252476
22787,0.000959,172.31.36.0-255,66,76636,19,252476
22788,0.00102,172.31.36.0-255,66,76702,19,252476
22789,0.001024,74.125.24.0-255,1484,78186,19,252476
22790,0.001044,74.125.24.0-255,8574,86760,19,252476
22791,0.001047,172.31.36.0-255,66,86826,19,252476
22792,0.001071,74.125.24.0-255,7156,93982,19,252476
22793,0.001074,172.31.36.0-255,66,94048,19,252476
22794,0.001079,74.125.24.0-255,3602,97650,19,252476
22795,0.001081,172.31.36.0-255,66,97716,19,252476
22796,0.001116,74.125.24.0-255,1484,99200,19,252476
22797,0.001132,74.125.24.0-255,2902,102102,19,252476
22798,0.001136,172.31.36.0-255,66,102168,19,252476
22799,0.00114,74.125.24.0-255,2902,105070,19,252476
22800,0.001143,172.31.36.0-255,66,105136,19,252476
22801,0.001156,74.125.24.0-255,2902,108038,19,252476
22802,0.001158,172.31.36.0-255,66,108104,19,252476
22803,0.001166,74.125.24.0-255,7156,115260,19,252476
22804,0.001168,172.31.36.0-255,66,115326,19,252476
22805,0.001172,74.125.24.0-255,2902,118228,19,252476
22806,0.001175,172.31.36.0-255,66,118294,19,252476
22807,0.001198,74.125.24.0-255,5738,124032,19,252476
22808,0.001201,172.31.36.0-255,66,124098,19,252476
22809,0.001222,74.125.24.0-255,5738,129836,19,252476
22810,0.001225,172.31.36.0-255,66,129902,19,252476
22811,0.001247,74.125.24.0-255,2184,132086,19,252476
22812,0.00125,172.31.36.0-255,66,132152,19,252476
22813,0.001825,74.125.24.0-255,1484,133636,19,252476
22814,0.00183,74.125.24.0-255,1484,135120,19,252476
22815,0.001833,172.31.36.0-255,66,135186,19,252476
22816,0.001844,74.125.24.0-255,1484,136670,19,252476
22817,0.001847,74.125.24.0-255,1484,138154,19,252476
22818,0.001849,172.31.36.0-255,66,138220,19,252476
22819,0.001863,74.125.24.0-255,4320,142540,19,252476
22820,0.001865,172.31.36.0-255,66,142606,19,252476
22821,0.001872,74.125.24.0-255,7156,149762,19,252476
22822,0.001874,172.31.36.0-255,66,149828,19,252476
22823,0.001897,74.125.24.0-255,5738,155566,19,252476
22824,0.001899,172.31.36.0-255,66,155632,19,252476
22825,0.001901,74.125.24.0-255,1484,157116,19,252476
22826,0.001924,74.125.24.0-255,4320,161436,19,252476
22827,0.001926,172.31.36.0-255,66,161502,19,252476
22828,0.001945,74.125.24.0-255,5020,166522,19,252476
22829,0.001947,172.31.36.0-255,66,166588,19,252476
22830,0.001974,74.125.24.0-255,2902,169490,19,252476
22831,0.001976,172.31.36.0-255,66,169556,19,252476
22832,0.001996,74.125.24.0-255,7156,176712,19,252476
22833,0.001998,172.31.36.0-255,66,176778,19,252476
22834,0.002,74.125.24.0-255,1484,178262,19,252476
22835,0.002025,172.31.36.0-255,66,178328,19,252476
22836,0.00205,74.125.24.0-255,10692,189020,19,252476
22837,0.002052,172.31.36.0-255,66,189086,19,252476
22838,0.002062,172.31.36.0-255,66,189152,19,252476
22839,0.002076,74.125.24.0-255,1484,190636,19,252476
22840,0.002107,172.31.36.0-255,66,190702,19,252476
22841,0.002134,74.125.24.0-255,8574,199276,19,252476
22842,0.002136,172.31.36.0-255,66,199342,19,252476
22843,0.002148,74.125.24.0-255,3602,202944,19,252476
22844,0.002151,172.31.36.0-255,66,203010,19,252476
22845,0.002186,74.125.24.0-255,8574,211584,19,252476
22846,0.002188,172.31.36.0-255,66,211650,19,252476
22847,0.002207,74.125.24.0-255,4320,215970,19,252476
22848,0.002209,172.31.36.0-255,66,216036,19,252476
22849,0.002215,74.125.24.0-255,8574,224610,19,252476
22850,0.002217,172.31.36.0-255,66,224676,19,252476
22851,0.002235,74.125.24.0-255,2902,227578,19,252476
22852,0.002237,172.31.36.0-255,66,227644,19,252476
22853,0.002267,172.31.36.0-255,66,227710,19,252476
22854,0.002292,172.31.36.0-255,66,227776,19,252476
22855,0.002321,172.31.36.0-255,66,227842,19,252476
22856,0.002326,74.125.24.0-255,7156,234998,19,252476
22857,0.002328,172.31.36.0-255,66,235064,19,252476
22858,0.004515,74.125.24.0-255,5738,240802,19,252476
22859,0.004518,172.31.36.0-255,66,240868,19,252476
22860,0.006711,74.125.24.0-255,5738,246606,19,252476
22861,0.006718,172.31.36.0-255,66,246672,19,252476
22862,0.008902,74.125.24.0-255,5738,252410,19,252476
22863,0.008908,172.31.36.0-255,66,252476,19,252476
22864,0.0,172.253.118.0-255,218,218,19,178128
22865,3e-05,172.31.36.0-255,66,284,19,178128
22866,3.8e-05,172.253.118.0-255,1484,1768,19,178128
22867,4.2e-05,172.31.36.0-255,66,1834,19,178128
22868,4.7e-05,172.253.118.0-255,2902,4736,19,178128
22869,5e-05,172.31.36.0-255,66,4802,19,178128
22870,5.5e-05,172.253.118.0-255,4320,9122,19,178128
22871,5.8e-05,172.31.36.0-255,66,9188,19,178128
22872,7.7e-05,172.253.118.0-255,1484,10672,19,178128
22873,7.9e-05,172.31.36.0-255,66,10738,19,178128
22874,9.9e-05,172.253.118.0-255,8907,19645,19,178128
22875,0.000102,172.31.36.0-255,66,19711,19,178128
22876,0.000154,172.253.118.0-255,9992,29703,19,178128
22877,0.000158,172.31.36.0-255,66,29769,19,178128
22878,0.000164,172.253.118.0-255,1125,30894,19,178128
22879,0.000166,172.31.36.0-255,66,30960,19,178128
22880,0.000206,172.253.118.0-255,1484,32444,19,178128
22881,0.000209,172.31.36.0-255,66,32510,19,178128
22882,0.000213,172.253.118.0-255,2902,35412,19,178128
22883,0.000215,172.31.36.0-255,66,35478,19,178128
22884,0.000235,172.253.118.0-255,5738,41216,19,178128
22885,0.00024,172.31.36.0-255,66,41282,19,178128
22886,0.000246,172.253.118.0-255,4320,45602,19,178128
22887,0.000248,172.31.36.0-255,66,45668,19,178128
22888,0.000285,172.253.118.0-255,2543,48211,19,178128
22889,0.000289,172.31.36.0-255,66,48277,19,178128
22890,0.000332,172.253.118.0-255,2902,51179,19,178128
22891,0.000336,172.31.36.0-255,66,51245,19,178128
22892,0.000342,172.253.118.0-255,4320,55565,19,178128
22893,0.000344,172.31.36.0-255,66,55631,19,178128
22894,0.000365,172.253.118.0-255,7156,62787,19,178128
22895,0.000369,172.31.36.0-255,66,62853,19,178128
22896,0.000387,172.253.118.0-255,1484,64337,19,178128
22897,0.000393,172.253.118.0-255,1125,65462,19,178128
22898,0.000395,172.31.36.0-255,66,65528,19,178128
22899,0.00043,172.253.118.0-255,1484,67012,19,178128
22900,0.000448,172.253.118.0-255,2902,69914,19,178128
22901,0.000453,172.31.36.0-255,66,69980,19,178128
22902,0.000479,172.253.118.0-255,5738,75718,19,178128
22903,0.000484,172.31.36.0-255,66,75784,19,178128
22904,0.000487,172.253.118.0-255,1484,77268,19,178128
22905,0.000512,172.253.118.0-255,5379,82647,19,178128
22906,0.000516,172.31.36.0-255,66,82713,19,178128
22907,0.000547,172.253.118.0-255,1484,84197,19,178128
22908,0.000552,172.253.118.0-255,2902,87099,19,178128
22909,0.000555,172.31.36.0-255,66,87165,19,178128
22910,0.00056,172.253.118.0-255,2902,90067,19,178128
22911,0.000562,172.31.36.0-255,66,90133,19,178128
22912,0.000577,172.253.118.0-255,2902,93035,19,178128
22913,0.00058,172.31.36.0-255,66,93101,19,178128
22914,0.000599,172.253.118.0-255,4320,97421,19,178128
22915,0.000602,172.31.36.0-255,66,97487,19,178128
22916,0.000617,172.253.118.0-255,2543,100030,19,178128
22917,0.00062,172.31.36.0-255,66,100096,19,178128
22918,0.001334,172.253.118.0-255,1484,101580,19,178128
22919,0.001342,172.253.118.0-255,2902,104482,19,178128
22920,0.001346,172.31.36.0-255,66,104548,19,178128
22921,0.001354,172.253.118.0-255,5738,110286,19,178128
22922,0.001356,172.31.36.0-255,66,110352,19,178128
22923,0.001363,172.253.118.0-255,8574,118926,19,178128
22924,0.001365,172.31.36.0-255,66,118992,19,178128
22925,0.001439,172.31.36.0-255,66,119058,19,178128
22926,0.001921,172.253.118.0-255,1484,120542,19,178128
22927,0.00193,172.253.118.0-255,2902,123444,19,178128
22928,0.001934,172.31.36.0-255,66,123510,19,178128
22929,0.001941,172.253.118.0-255,4320,127830,19,178128
22930,0.001943,172.31.36.0-255,66,127896,19,178128
22931,0.001961,172.253.118.0-255,1484,129380,19,178128
22932,0.001969,172.253.118.0-255,5738,135118,19,178128
22933,0.001971,172.31.36.0-255,66,135184,19,178128
22934,0.001985,172.31.36.0-255,66,135250,19,178128
22935,0.002009,172.253.118.0-255,1484,136734,19,178128
22936,0.002016,172.253.118.0-255,5020,141754,19,178128
22937,0.002018,172.31.36.0-255,66,141820,19,178128
22938,0.002025,172.253.118.0-255,5738,147558,19,178128
22939,0.002027,172.31.36.0-255,66,147624,19,178128
22940,0.002035,172.253.118.0-255,7156,154780,19,178128
22941,0.002037,172.31.36.0-255,66,154846,19,178128
22942,0.002062,172.253.118.0-255,5738,160584,19,178128
22943,0.002065,172.31.36.0-255,66,160650,19,178128
22944,0.002079,172.31.36.0-255,66,160716,19,178128
22945,0.004135,172.253.118.0-255,5738,166454,19,178128
22946,0.004142,172.31.36.0-255,66,166520,19,178128
22947,0.006175,172.253.118.0-255,5738,172258,19,178128
22948,0.006181,172.31.36.0-255,66,172324,19,178128
22949,0.008217,172.253.118.0-255,5738,178062,19,178128
22950,0.008223,172.31.36.0-255,66,178128,19,178128
22951,0.0,74.125.24.0-255,153,153,19,175226
22952,3.2e-05,172.31.36.0-255,66,219,19,175226
22953,3.9e-05,74.125.24.0-255,1484,1703,19,175226
22954,4.3e-05,172.31.36.0-255,66,1769,19,175226
22955,4.8e-05,74.125.24.0-255,2902,4671,19,175226
22956,5e-05,172.31.36.0-255,66,4737,19,175226
22957,5.7e-05,74.125.24.0-255,5738,10475,19,175226
22958,6.1e-05,172.31.36.0-255,66,10541,19,175226
22959,6.6e-05,74.125.24.0-255,3471,14012,19,175226
22960,6.8e-05,172.31.36.0-255,66,14078,19,175226
22961,0.000113,74.125.24.0-255,2902,16980,19,175226
22962,0.000116,172.31.36.0-255,66,17046,19,175226
22963,0.000136,74.125.24.0-255,1484,18530,19,175226
22964,0.000139,172.31.36.0-255,66,18596,19,175226
22965,0.000146,74.125.24.0-255,5738,24334,19,175226
22966,0.000149,172.31.36.0-255,66,24400,19,175226
22967,0.000174,74.125.24.0-255,4320,28720,19,175226
22968,0.000177,172.31.36.0-255,66,28786,19,175226
22969,0.000195,74.125.24.0-255,2543,31329,19,175226
22970,0.000197,172.31.36.0-255,66,31395,19,175226
22971,0.000238,74.125.24.0-255,1484,32879,19,175226
22972,0.000242,172.31.36.0-255,66,32945,19,175226
22973,0.000245,74.125.24.0-255,1484,34429,19,175226
22974,0.000247,172.31.36.0-255,66,34495,19,175226
22975,0.000262,74.125.24.0-255,1484,35979,19,175226
22976,0.000265,172.31.36.0-255,66,36045,19,175226
22977,0.000271,74.125.24.0-255,5738,41783,19,175226
22978,0.000273,172.31.36.0-255,66,41849,19,175226
22979,0.000277,74.125.24.0-255,4320,46169,19,175226
22980,0.000279,172.31.36.0-255,66,46235,19,175226
22981,0.00032,74.125.24.0-255,2543,48778,19,175226
22982,0.000323,172.31.36.0-255,66,48844,19,175226
22983,0.000374,74.125.24.0-255,1484,50328,19,175226
22984,0.00038,74.125.24.0-255,2902,53230,19,175226
22985,0.000383,172.31.36.0-255,66,53296,19,175226
22986,0.000398,74.125.24.0-255,4320,57616,19,175226
22987,0.000403,172.31.36.0-255,66,57682,19,175226
22988,0.000409,74.125.24.0-255,1484,59166,19,175226
22989,0.000438,74.125.24.0-255,7134,66300,19,175226
22990,0.000442,172.31.36.0-255,66,66366,19,175226
22991,0.00076,74.125.24.0-255,342,66708,19,175226
22992,0.000805,172.31.36.0-255,66,66774,19,175226
22993,0.000883,74.125.24.0-255,1484,68258,19,175226
22994,0.000893,74.125.24.0-255,2902,71160,19,175226
22995,0.000896,172.31.36.0-255,66,71226,19,175226
22996,0.00092,74.125.24.0-255,5738,76964,19,175226
22997,0.000923,172.31.36.0-255,66,77030,19,175226
22998,0.000927,74.125.24.0-255,2902,79932,19,175226
22999,0.000929,172.31.36.0-255,66,79998,19,175226
23000,0.000977,74.125.24.0-255,4320,84318,19,175226
23001,0.000981,172.31.36.0-255,66,84384,19,175226
23002,0.001006,74.125.24.0-255,3961,88345,19,175226
23003,0.001009,172.31.36.0-255,66,88411,19,175226
23004,0.001017,74.125.24.0-255,8574,96985,19,175226
23005,0.001019,172.31.36.0-255,66,97051,19,175226
23006,0.001022,74.125.24.0-255,1484,98535,19,175226
23007,0.001037,74.125.24.0-255,2543,101078,19,175226
23008,0.00104,172.31.36.0-255,66,101144,19,175226
23009,0.001949,74.125.24.0-255,1484,102628,19,175226
23010,0.001956,74.125.24.0-255,2902,105530,19,175226
23011,0.00196,172.31.36.0-255,66,105596,19,175226
23012,0.001967,74.125.24.0-255,5738,111334,19,175226
23013,0.001969,172.31.36.0-255,66,111400,19,175226
23014,0.001975,74.125.24.0-255,4320,115720,19,175226
23015,0.001976,172.31.36.0-255,66,115786,19,175226
23016,0.002014,172.31.36.0-255,66,115852,19,175226
23017,0.002037,74.125.24.0-255,7856,123708,19,175226
23018,0.002039,172.31.36.0-255,66,123774,19,175226
23019,0.002189,74.125.24.0-255,1484,125258,19,175226
23020,0.002196,74.125.24.0-255,2902,128160,19,175226
23021,0.0022,172.31.36.0-255,66,128226,19,175226
23022,0.002206,74.125.24.0-255,5738,133964,19,175226
23023,0.002208,172.31.36.0-255,66,134030,19,175226
23024,0.002215,74.125.24.0-255,5738,139768,19,175226
23025,0.002217,172.31.36.0-255,66,139834,19,175226
23026,0.002242,74.125.24.0-255,7156,146990,19,175226
23027,0.002246,172.31.36.0-255,66,147056,19,175226
23028,0.002255,74.125.24.0-255,10692,157748,19,175226
23029,0.002258,172.31.36.0-255,66,157814,19,175226
23030,0.004497,74.125.24.0-255,5738,163552,19,175226
23031,0.004504,172.31.36.0-255,66,163618,19,175226
23032,0.006774,74.125.24.0-255,5738,169356,19,175226
23033,0.00678,172.31.36.0-255,66,169422,19,175226
23034,0.009048,74.125.24.0-255,5738,175160,19,175226
23035,0.009055,172.31.36.0-255,66,175226,19,175226
23036,0.0,74.125.68.0-255,221,221,19,232474
23037,2.3e-05,172.31.36.0-255,66,287,19,232474
23038,3e-05,74.125.68.0-255,1484,1771,19,232474
23039,3.5e-05,172.31.36.0-255,66,1837,19,232474
23040,4.2e-05,74.125.68.0-255,4320,6157,19,232474
23041,4.6e-05,172.31.36.0-255,66,6223,19,232474
23042,8.6e-05,74.125.68.0-255,5738,11961,19,232474
23043,8.9e-05,172.31.36.0-255,66,12027,19,232474
23044,0.00013,74.125.68.0-255,3221,15248,19,232474
23045,0.000133,172.31.36.0-255,66,15314,19,232474
23046,0.000155,74.125.68.0-255,4320,19634,19,232474
23047,0.000159,172.31.36.0-255,66,19700,19,232474
23048,0.000165,74.125.68.0-255,4320,24020,19,232474
23049,0.000167,172.31.36.0-255,66,24086,19,232474
23050,0.000184,74.125.68.0-255,5738,29824,19,232474
23051,0.000187,74.125.68.0-255,1125,30949,19,232474
23052,0.000211,172.31.36.0-255,66,31015,19,232474
23053,0.000214,172.31.36.0-255,66,31081,19,232474
23054,0.00027,74.125.68.0-255,1484,32565,19,232474
23055,0.000274,172.31.36.0-255,66,32631,19,232474
23056,0.000291,74.125.68.0-255,1484,34115,19,232474
23057,0.000294,172.31.36.0-255,66,34181,19,232474
23058,0.000299,74.125.68.0-255,2902,37083,19,232474
23059,0.000302,172.31.36.0-255,66,37149,19,232474
23060,0.000357,74.125.68.0-255,5738,42887,19,232474
23061,0.000361,172.31.36.0-255,66,42953,19,232474
23062,0.000401,74.125.68.0-255,4320,47273,19,232474
23063,0.000404,172.31.36.0-255,66,47339,19,232474
23064,0.000422,74.125.68.0-255,1125,48464,19,232474
23065,0.000424,172.31.36.0-255,66,48530,19,232474
23066,0.000431,74.125.68.0-255,5738,54268,19,232474
23067,0.000433,172.31.36.0-255,66,54334,19,232474
23068,0.000462,74.125.68.0-255,4320,58654,19,232474
23069,0.000465,172.31.36.0-255,66,58720,19,232474
23070,0.00047,74.125.68.0-255,2902,61622,19,232474
23071,0.000472,172.31.36.0-255,66,61688,19,232474
23072,0.000486,74.125.68.0-255,2902,64590,19,232474
23073,0.000489,172.31.36.0-255,66,64656,19,232474
23074,0.000492,74.125.68.0-255,1125,65781,19,232474
23075,0.000805,74.125.68.0-255,647,66428,19,232474
23076,0.00081,172.31.36.0-255,66,66494,19,232474
23077,0.00094,74.125.68.0-255,1484,67978,19,232474
23078,0.000963,74.125.68.0-255,2902,70880,19,232474
23079,0.000966,172.31.36.0-255,66,70946,19,232474
23080,0.000972,74.125.68.0-255,5738,76684,19,232474
23081,0.000974,172.31.36.0-255,66,76750,19,232474
23082,0.000997,74.125.68.0-255,2902,79652,19,232474
23083,0.000999,172.31.36.0-255,66,79718,19,232474
23084,0.001015,74.125.68.0-255,7156,86874,19,232474
23085,0.001017,172.31.36.0-255,66,86940,19,232474
23086,0.00105,172.31.36.0-255,66,87006,19,232474
23087,0.001054,74.125.68.0-255,2184,89190,19,232474
23088,0.001056,172.31.36.0-255,66,89256,19,232474
23089,0.001418,74.125.68.0-255,1484,90740,19,232474
23090,0.001441,74.125.68.0-255,2902,93642,19,232474
23091,0.001446,172.31.36.0-255,66,93708,19,232474
23092,0.00145,74.125.68.0-255,1484,95192,19,232474
23093,0.001464,74.125.68.0-255,1484,96676,19,232474
23094,0.001466,172.31.36.0-255,66,96742,19,232474
23095,0.001479,74.125.68.0-255,1484,98226,19,232474
23096,0.001506,74.125.68.0-255,4320,102546,19,232474
23097,0.001508,172.31.36.0-255,66,102612,19,232474
23098,0.001526,74.125.68.0-255,1484,104096,19,232474
23099,0.00153,74.125.68.0-255,2902,106998,19,232474
23100,0.001532,172.31.36.0-255,66,107064,19,232474
23101,0.001557,74.125.68.0-255,4320,111384,19,232474
23102,0.00156,172.31.36.0-255,66,111450,19,232474
23103,0.001566,74.125.68.0-255,5738,117188,19,232474
23104,0.001569,172.31.36.0-255,66,117254,19,232474
23105,0.001576,74.125.68.0-255,6438,123692,19,232474
23106,0.001578,172.31.36.0-255,66,123758,19,232474
23107,0.001778,74.125.68.0-255,1484,125242,19,232474
23108,0.0018,74.125.68.0-255,2902,128144,19,232474
23109,0.001803,172.31.36.0-255,66,128210,19,232474
23110,0.001809,74.125.68.0-255,4320,132530,19,232474
23111,0.001811,172.31.36.0-255,66,132596,19,232474
23112,0.001836,74.125.68.0-255,5738,138334,19,232474
23113,0.001839,172.31.36.0-255,66,138400,19,232474
23114,0.001868,172.31.36.0-255,66,138466,19,232474
23115,0.001905,74.125.68.0-255,1484,139950,19,232474
23116,0.001926,74.125.68.0-255,6438,146388,19,232474
23117,0.001929,172.31.36.0-255,66,146454,19,232474
23118,0.001977,74.125.68.0-255,1484,147938,19,232474
23119,0.001989,74.125.68.0-255,2902,150840,19,232474
23120,0.001992,172.31.36.0-255,66,150906,19,232474
23121,0.001995,74.125.68.0-255,1484,152390,19,232474
23122,0.002008,74.125.68.0-255,2902,155292,19,232474
23123,0.002011,172.31.36.0-255,66,155358,19,232474
23124,0.002033,74.125.68.0-255,5738,161096,19,232474
23125,0.002036,172.31.36.0-255,66,161162,19,232474
23126,0.00205,74.125.68.0-255,1484,162646,19,232474
23127,0.002066,74.125.68.0-255,4320,166966,19,232474
23128,0.002069,172.31.36.0-255,66,167032,19,232474
23129,0.002089,74.125.68.0-255,4320,171352,19,232474
23130,0.002091,172.31.36.0-255,66,171418,19,232474
23131,0.002106,74.125.68.0-255,1484,172902,19,232474
23132,0.002129,74.125.68.0-255,7856,180758,19,232474
23133,0.002133,172.31.36.0-255,66,180824,19,232474
23134,0.002174,74.125.68.0-255,1484,182308,19,232474
23135,0.002188,74.125.68.0-255,2902,185210,19,232474
23136,0.002191,172.31.36.0-255,66,185276,19,232474
23137,0.002194,74.125.68.0-255,1484,186760,19,232474
23138,0.002209,74.125.68.0-255,4320,191080,19,232474
23139,0.002212,172.31.36.0-255,66,191146,19,232474
23140,0.002214,74.125.68.0-255,1484,192630,19,232474
23141,0.002272,74.125.68.0-255,8574,201204,19,232474
23142,0.002276,172.31.36.0-255,66,201270,19,232474
23143,0.002282,74.125.68.0-255,7156,208426,19,232474
23144,0.002285,172.31.36.0-255,66,208492,19,232474
23145,0.002325,74.125.68.0-255,6438,214930,19,232474
23146,0.002328,172.31.36.0-255,66,214996,19,232474
23147,0.004656,74.125.68.0-255,5738,220734,19,232474
23148,0.004662,172.31.36.0-255,66,220800,19,232474
23149,0.007001,74.125.68.0-255,5738,226538,19,232474
23150,0.007011,172.31.36.0-255,66,226604,19,232474
23151,0.009351,74.125.68.0-255,4320,230924,19,232474
23152,0.009359,172.31.36.0-255,66,230990,19,232474
23153,0.009375,74.125.68.0-255,1484,232474,19,232474
23154,0.0,74.125.68.0-255,153,153,19,112409
23155,2e-05,172.31.36.0-255,66,219,19,112409
23156,2.7e-05,74.125.68.0-255,1484,1703,19,112409
23157,3.1e-05,172.31.36.0-255,66,1769,19,112409
23158,4.8e-05,74.125.68.0-255,2902,4671,19,112409
23159,5.3e-05,172.31.36.0-255,66,4737,19,112409
23160,7.7e-05,74.125.68.0-255,2902,7639,19,112409
23161,8.1e-05,172.31.36.0-255,66,7705,19,112409
23162,0.000114,74.125.68.0-255,4320,12025,19,112409
23163,0.000118,172.31.36.0-255,66,12091,19,112409
23164,0.000236,74.125.68.0-255,1984,14075,19,112409
23165,0.000242,172.31.36.0-255,66,14141,19,112409
23166,0.000274,74.125.68.0-255,1484,15625,19,112409
23167,0.000278,172.31.36.0-255,66,15691,19,112409
23168,0.000306,74.125.68.0-255,5738,21429,19,112409
23169,0.00031,172.31.36.0-255,66,21495,19,112409
23170,0.000425,74.125.68.0-255,9992,31487,19,112409
23171,0.000432,172.31.36.0-255,66,31553,19,112409
23172,0.000464,74.125.68.0-255,2543,34096,19,112409
23173,0.000468,172.31.36.0-255,66,34162,19,112409
23174,0.000664,74.125.68.0-255,5738,39900,19,112409
23175,0.000671,172.31.36.0-255,66,39966,19,112409
23176,0.00078,74.125.68.0-255,7156,47122,19,112409
23177,0.000794,172.31.36.0-255,66,47188,19,112409
23178,0.000799,74.125.68.0-255,1125,48313,19,112409
23179,0.000802,172.31.36.0-255,66,48379,19,112409
23180,0.000965,74.125.68.0-255,9992,58371,19,112409
23181,0.000971,172.31.36.0-255,66,58437,19,112409
23182,0.000994,74.125.68.0-255,7144,65581,19,112409
23183,0.000997,172.31.36.0-255,66,65647,19,112409
23184,0.001299,74.125.68.0-255,4320,69967,19,112409
23185,0.001305,172.31.36.0-255,66,70033,19,112409
23186,0.00134,172.31.36.0-255,66,70099,19,112409
23187,0.001395,172.31.36.0-255,66,70165,19,112409
23188,0.001973,74.125.68.0-255,5738,75903,19,112409
23189,0.001977,172.31.36.0-255,66,75969,19,112409
23190,0.002027,172.31.36.0-255,66,76035,19,112409
23191,0.002057,172.31.36.0-255,66,76101,19,112409
23192,0.002638,74.125.68.0-255,4320,80421,19,112409
23193,0.002643,172.31.36.0-255,66,80487,19,112409
23194,0.002699,172.31.36.0-255,66,80553,19,112409
23195,0.003347,74.125.68.0-255,8574,89127,19,112409
23196,0.003351,172.31.36.0-255,66,89193,19,112409
23197,0.003422,74.125.68.0-255,7156,96349,19,112409
23198,0.003437,172.31.36.0-255,66,96415,19,112409
23199,0.005622,74.125.68.0-255,4320,100735,19,112409
23200,0.005627,172.31.36.0-255,66,100801,19,112409
23201,0.005653,74.125.68.0-255,1484,102285,19,112409
23202,0.007802,74.125.68.0-255,4320,106605,19,112409
23203,0.007809,172.31.36.0-255,66,106671,19,112409
23204,0.009999,74.125.68.0-255,5738,112409,19,112409
23205,0.0,74.125.200.0-255,153,153,19,128789
23206,2.3e-05,172.31.36.0-255,66,219,19,128789
23207,3.1e-05,74.125.200.0-255,1484,1703,19,128789
23208,3.5e-05,172.31.36.0-255,66,1769,19,128789
23209,4.1e-05,74.125.200.0-255,2902,4671,19,128789
23210,5.3e-05,172.31.36.0-255,66,4737,19,128789
23211,6.2e-05,74.125.200.0-255,7156,11893,19,128789
23212,6.5e-05,172.31.36.0-255,66,11959,19,128789
23213,8.7e-05,74.125.200.0-255,1965,13924,19,128789
23214,9e-05,172.31.36.0-255,66,13990,19,128789
23215,0.000665,74.125.200.0-255,1484,15474,19,128789
23216,0.000671,172.31.36.0-255,66,15540,19,128789
23217,0.000681,74.125.200.0-255,2902,18442,19,128789
23218,0.000684,172.31.36.0-255,66,18508,19,128789
23219,0.000694,74.125.200.0-255,1484,19992,19,128789
23220,0.000696,172.31.36.0-255,66,20058,19,128789
23221,0.000701,74.125.200.0-255,2902,22960,19,128789
23222,0.000703,172.31.36.0-255,66,23026,19,128789
23223,0.000711,74.125.200.0-255,5738,28764,19,128789
23224,0.000713,172.31.36.0-255,66,28830,19,128789
23225,0.000744,74.125.200.0-255,2543,31373,19,128789
23226,0.000748,172.31.36.0-255,66,31439,19,128789
23227,0.000793,74.125.200.0-255,2902,34341,19,128789
23228,0.000797,172.31.36.0-255,66,34407,19,128789
23229,0.000803,74.125.200.0-255,4320,38727,19,128789
23230,0.000806,172.31.36.0-255,66,38793,19,128789
23231,0.000853,74.125.200.0-255,8574,47367,19,128789
23232,0.000856,172.31.36.0-255,66,47433,19,128789
23233,0.000859,74.125.200.0-255,1125,48558,19,128789
23234,0.000861,172.31.36.0-255,66,48624,19,128789
23235,0.001007,74.125.200.0-255,1484,50108,19,128789
23236,0.001011,172.31.36.0-255,66,50174,19,128789
23237,0.001016,74.125.200.0-255,2902,53076,19,128789
23238,0.001018,172.31.36.0-255,66,53142,19,128789
23239,0.001044,74.125.200.0-255,5738,58880,19,128789
23240,0.001047,172.31.36.0-255,66,58946,19,128789
23241,0.001053,74.125.200.0-255,5738,64684,19,128789
23242,0.001055,172.31.36.0-255,66,64750,19,128789
23243,0.001072,74.125.200.0-255,1125,65875,19,128789
23244,0.00108,74.125.200.0-255,413,66288,19,128789
23245,0.001422,74.125.200.0-255,331,66619,19,128789
23246,0.001428,172.31.36.0-255,66,66685,19,128789
23247,0.001556,74.125.200.0-255,1484,68169,19,128789
23248,0.001574,74.125.200.0-255,2902,71071,19,128789
23249,0.001577,172.31.36.0-255,66,71137,19,128789
23250,0.001603,74.125.200.0-255,2902,74039,19,128789
23251,0.001605,172.31.36.0-255,66,74105,19,128789
23252,0.001609,74.125.200.0-255,2902,77007,19,128789
23253,0.001611,172.31.36.0-255,66,77073,19,128789
23254,0.001635,74.125.200.0-255,1484,78557,19,128789
23255,0.001648,74.125.200.0-255,5379,83936,19,128789
23256,0.00165,172.31.36.0-255,66,84002,19,128789
23257,0.001785,74.125.200.0-255,1484,85486,19,128789
23258,0.001797,74.125.200.0-255,2902,88388,19,128789
23259,0.001799,172.31.36.0-255,66,88454,19,128789
23260,0.001826,74.125.200.0-255,5738,94192,19,128789
23261,0.001829,172.31.36.0-255,66,94258,19,128789
23262,0.001856,74.125.200.0-255,6797,101055,19,128789
23263,0.001858,172.31.36.0-255,66,101121,19,128789
23264,0.002258,74.125.200.0-255,1484,102605,19,128789
23265,0.002271,74.125.200.0-255,2902,105507,19,128789
23266,0.002274,172.31.36.0-255,66,105573,19,128789
23267,0.002298,74.125.200.0-255,5738,111311,19,128789
23268,0.002301,172.31.36.0-255,66,111377,19,128789
23269,0.004586,74.125.200.0-255,5738,117115,19,128789
23270,0.004592,172.31.36.0-255,66,117181,19,128789
23271,0.006873,74.125.200.0-255,5738,122919,19,128789
23272,0.006887,172.31.36.0-255,66,122985,19,128789
23273,0.009174,74.125.200.0-255,5738,128723,19,128789
23274,0.009189,172.31.36.0-255,66,128789,19,128789
23275,0.0,172.217.27.0-255,314,314,19,129444
23276,2e-05,172.31.36.0-255,66,380,19,129444
23277,2.7e-05,172.217.27.0-255,1484,1864,19,129444
23278,3.1e-05,172.31.36.0-255,66,1930,19,129444
23279,3.9e-05,172.217.27.0-255,4320,6250,19,129444
23280,5.1e-05,172.31.36.0-255,66,6316,19,129444
23281,5.9e-05,172.217.27.0-255,7539,13855,19,129444
23282,6.2e-05,172.31.36.0-255,66,13921,19,129444
23283,0.000326,172.217.27.0-255,1484,15405,19,129444
23284,0.000333,172.31.36.0-255,66,15471,19,129444
23285,0.00034,172.217.27.0-255,2902,18373,19,129444
23286,0.000342,172.31.36.0-255,66,18439,19,129444
23287,0.000355,172.217.27.0-255,5738,24177,19,129444
23288,0.000358,172.31.36.0-255,66,24243,19,129444
23289,0.000391,172.217.27.0-255,6797,31040,19,129444
23290,0.000394,172.31.36.0-255,66,31106,19,129444
23291,0.000481,172.217.27.0-255,1484,32590,19,129444
23292,0.000484,172.217.27.0-255,1484,34074,19,129444
23293,0.000488,172.31.36.0-255,66,34140,19,129444
23294,0.000493,172.31.36.0-255,66,34206,19,129444
23295,0.000501,172.217.27.0-255,1484,35690,19,129444
23296,0.000504,172.31.36.0-255,66,35756,19,129444
23297,0.000515,172.217.27.0-255,5738,41494,19,129444
23298,0.000519,172.31.36.0-255,66,41560,19,129444
23299,0.000564,172.217.27.0-255,6797,48357,19,129444
23300,0.000568,172.31.36.0-255,66,48423,19,129444
23301,0.000745,172.217.27.0-255,1484,49907,19,129444
23302,0.000749,172.31.36.0-255,66,49973,19,129444
23303,0.000755,172.217.27.0-255,2902,52875,19,129444
23304,0.000757,172.31.36.0-255,66,52941,19,129444
23305,0.000764,172.217.27.0-255,5738,58679,19,129444
23306,0.00077,172.31.36.0-255,66,58745,19,129444
23307,0.0008,172.217.27.0-255,7125,65870,19,129444
23308,0.000807,172.31.36.0-255,66,65936,19,129444
23309,0.000996,172.217.27.0-255,118,66054,19,129444
23310,0.001116,172.217.27.0-255,1484,67538,19,129444
23311,0.00112,172.31.36.0-255,66,67604,19,129444
23312,0.001126,172.217.27.0-255,2902,70506,19,129444
23313,0.001128,172.31.36.0-255,66,70572,19,129444
23314,0.001132,172.217.27.0-255,1484,72056,19,129444
23315,0.001162,172.217.27.0-255,4320,76376,19,129444
23316,0.001165,172.31.36.0-255,66,76442,19,129444
23317,0.001173,172.217.27.0-255,6797,83239,19,129444
23318,0.001175,172.31.36.0-255,66,83305,19,129444
23319,0.001206,172.217.27.0-255,1484,84789,19,129444
23320,0.001211,172.217.27.0-255,2902,87691,19,129444
23321,0.001213,172.31.36.0-255,66,87757,19,129444
23322,0.00122,172.217.27.0-255,5738,93495,19,129444
23323,0.001222,172.31.36.0-255,66,93561,19,129444
23324,0.001254,172.217.27.0-255,6797,100358,19,129444
23325,0.001257,172.31.36.0-255,66,100424,19,129444
23326,0.002906,172.217.27.0-255,5738,106162,19,129444
23327,0.002913,172.31.36.0-255,66,106228,19,129444
23328,0.004558,172.217.27.0-255,5738,111966,19,129444
23329,0.004565,172.31.36.0-255,66,112032,19,129444
23330,0.006205,172.217.27.0-255,5738,117770,19,129444
23331,0.006212,172.31.36.0-255,66,117836,19,129444
23332,0.007856,172.217.27.0-255,5738,123574,19,129444
23333,0.007861,172.31.36.0-255,66,123640,19,129444
23334,0.009504,172.217.27.0-255,5738,129378,19,129444
23335,0.00951,172.31.36.0-255,66,129444,19,129444
23336,0.0,172.31.36.0-255,105,105,19,276
23337,0.001527,157.240.13.0-255,105,210,19,276
23338,0.001539,172.31.36.0-255,66,276,19,276
23339,0.0,172.217.160.0-255,150,150,19,124101
23340,3e-05,172.31.36.0-255,66,216,19,124101
23341,3.7e-05,172.217.160.0-255,1484,1700,19,124101
23342,4.1e-05,172.31.36.0-255,66,1766,19,124101
23343,4.5e-05,172.217.160.0-255,2902,4668,19,124101
23344,4.7e-05,172.31.36.0-255,66,4734,19,124101
23345,5e-05,172.217.160.0-255,2902,7636,19,124101
23346,5.2e-05,172.31.36.0-255,66,7702,19,124101
23347,7.3e-05,172.217.160.0-255,1484,9186,19,124101
23348,7.6e-05,172.31.36.0-255,66,9252,19,124101
23349,9.8e-05,172.217.160.0-255,6204,15456,19,124101
23350,0.000101,172.31.36.0-255,66,15522,19,124101
23351,0.000173,172.217.160.0-255,4320,19842,19,124101
23352,0.000177,172.31.36.0-255,66,19908,19,124101
23353,0.000203,172.217.160.0-255,9992,29900,19,124101
23354,0.000205,172.31.36.0-255,66,29966,19,124101
23355,0.000218,172.217.160.0-255,1125,31091,19,124101
23356,0.00022,172.31.36.0-255,66,31157,19,124101
23357,0.000361,172.217.160.0-255,4320,35477,19,124101
23358,0.000365,172.31.36.0-255,66,35543,19,124101
23359,0.000394,172.31.36.0-255,66,35609,19,124101
23360,0.000555,172.217.160.0-255,7156,42765,19,124101
23361,0.000559,172.31.36.0-255,66,42831,19,124101
23362,0.000587,172.31.36.0-255,66,42897,19,124101
23363,0.000753,172.217.160.0-255,402,43299,19,124101
23364,0.000758,172.31.36.0-255,66,43365,19,124101
23365,0.000901,172.217.160.0-255,1484,44849,19,124101
23366,0.000906,172.31.36.0-255,66,44915,19,124101
23367,0.000912,172.217.160.0-255,2902,47817,19,124101
23368,0.000914,172.31.36.0-255,66,47883,19,124101
23369,0.000948,172.217.160.0-255,5738,53621,19,124101
23370,0.000951,172.31.36.0-255,66,53687,19,124101
23371,0.001017,172.217.160.0-255,7156,60843,19,124101
23372,0.001021,172.31.36.0-255,66,60909,19,124101
23373,0.001041,172.217.160.0-255,5738,66647,19,124101
23374,0.001043,172.31.36.0-255,66,66713,19,124101
23375,0.001166,172.217.160.0-255,5738,72451,19,124101
23376,0.001171,172.31.36.0-255,66,72517,19,124101
23377,0.001187,172.217.160.0-255,1484,74001,19,124101
23378,0.001256,172.217.160.0-255,3602,77603,19,124101
23379,0.00126,172.31.36.0-255,66,77669,19,124101
23380,0.001323,172.217.160.0-255,7156,84825,19,124101
23381,0.001327,172.31.36.0-255,66,84891,19,124101
23382,0.001348,172.217.160.0-255,5738,90629,19,124101
23383,0.00135,172.31.36.0-255,66,90695,19,124101
23384,0.001461,172.217.160.0-255,8574,99269,19,124101
23385,0.001463,172.31.36.0-255,66,99335,19,124101
23386,0.001492,172.31.36.0-255,66,99401,19,124101
23387,0.001708,172.217.160.0-255,7156,106557,19,124101
23388,0.001711,172.31.36.0-255,66,106623,19,124101
23389,0.004573,172.31.36.0-255,66,106689,19,124101
23390,0.006202,172.217.160.0-255,5738,112427,19,124101
23391,0.006208,172.31.36.0-255,66,112493,19,124101
23392,0.00784,172.217.160.0-255,5738,118231,19,124101
23393,0.007846,172.31.36.0-255,66,118297,19,124101
23394,0.009485,172.217.160.0-255,5738,124035,19,124101
23395,0.009492,172.31.36.0-255,66,124101,19,124101
23396,0.0,74.125.24.0-255,153,153,19,316761
23397,2.3e-05,172.31.36.0-255,66,219,19,316761
23398,3e-05,74.125.24.0-255,1484,1703,19,316761
23399,3.5e-05,172.31.36.0-255,66,1769,19,316761
23400,4e-05,74.125.24.0-255,2902,4671,19,316761
23401,5.2e-05,172.31.36.0-255,66,4737,19,316761
23402,6e-05,74.125.24.0-255,7156,11893,19,316761
23403,6.3e-05,172.31.36.0-255,66,11959,19,316761
23404,0.000105,74.125.24.0-255,7648,19607,19,316761
23405,0.000108,172.31.36.0-255,66,19673,19,316761
23406,0.000127,172.31.36.0-255,66,19739,19,316761
23407,0.000309,74.125.24.0-255,1484,21223,19,316761
23408,0.000313,172.31.36.0-255,66,21289,19,316761
23409,0.00032,74.125.24.0-255,2902,24191,19,316761
23410,0.000322,172.31.36.0-255,66,24257,19,316761
23411,0.000336,74.125.24.0-255,5738,29995,19,316761
23412,0.000339,172.31.36.0-255,66,30061,19,316761
23413,0.000383,74.125.24.0-255,9633,39694,19,316761
23414,0.000387,172.31.36.0-255,66,39760,19,316761
23415,0.000395,74.125.24.0-255,9992,49752,19,316761
23416,0.000398,172.31.36.0-255,66,49818,19,316761
23417,0.000409,74.125.24.0-255,4266,54084,19,316761
23418,0.000412,172.31.36.0-255,66,54150,19,316761
23419,0.000457,74.125.24.0-255,115,54265,19,316761
23420,0.00046,172.31.36.0-255,66,54331,19,316761
23421,0.000544,74.125.24.0-255,1484,55815,19,316761
23422,0.00055,172.31.36.0-255,66,55881,19,316761
23423,0.000556,74.125.24.0-255,2902,58783,19,316761
23424,0.000559,172.31.36.0-255,66,58849,19,316761
23425,0.00057,74.125.24.0-255,5738,64587,19,316761
23426,0.000573,172.31.36.0-255,66,64653,19,316761
23427,0.000616,172.31.36.0-255,66,64719,19,316761
23428,0.000623,74.125.24.0-255,7156,71875,19,316761
23429,0.000634,172.31.36.0-255,66,71941,19,316761
23430,0.000652,74.125.24.0-255,2543,74484,19,316761
23431,0.000657,172.31.36.0-255,66,74550,19,316761
23432,0.001001,74.125.24.0-255,1484,76034,19,316761
23433,0.001007,74.125.24.0-255,2902,78936,19,316761
23434,0.001011,172.31.36.0-255,66,79002,19,316761
23435,0.001017,74.125.24.0-255,4320,83322,19,316761
23436,0.001025,172.31.36.0-255,66,83388,19,316761
23437,0.001043,74.125.24.0-255,1484,84872,19,316761
23438,0.001094,172.31.36.0-255,66,84938,19,316761
23439,0.001099,74.125.24.0-255,1484,86422,19,316761
23440,0.001113,74.125.24.0-255,10692,97114,19,316761
23441,0.00112,172.31.36.0-255,66,97180,19,316761
23442,0.001171,74.125.24.0-255,1484,98664,19,316761
23443,0.001177,74.125.24.0-255,2902,101566,19,316761
23444,0.00118,172.31.36.0-255,66,101632,19,316761
23445,0.001183,74.125.24.0-255,1484,103116,19,316761
23446,0.001212,74.125.24.0-255,4320,107436,19,316761
23447,0.001218,74.125.24.0-255,4320,111756,19,316761
23448,0.001219,172.31.36.0-255,66,111822,19,316761
23449,0.001223,172.31.36.0-255,66,111888,19,316761
23450,0.001257,74.125.24.0-255,8574,120462,19,316761
23451,0.001262,74.125.24.0-255,2902,123364,19,316761
23452,0.001266,172.31.36.0-255,66,123430,19,316761
23453,0.001277,74.125.24.0-255,5738,129168,19,316761
23454,0.001282,172.31.36.0-255,66,129234,19,316761
23455,0.001304,74.125.24.0-255,2184,131418,19,316761
23456,0.001316,172.31.36.0-255,66,131484,19,316761
23457,0.002275,74.125.24.0-255,1484,132968,19,316761
23458,0.002283,172.31.36.0-255,66,133034,19,316761
23459,0.002315,74.125.24.0-255,2902,135936,19,316761
23460,0.002321,74.125.24.0-255,5738,141674,19,316761
23461,0.002337,74.125.24.0-255,4320,145994,19,316761
23462,0.002341,172.31.36.0-255,66,146060,19,316761
23463,0.002372,74.125.24.0-255,1484,147544,19,316761
23464,0.002388,74.125.24.0-255,5020,152564,19,316761
23465,0.002405,172.31.36.0-255,66,152630,19,316761
23466,0.002839,74.125.24.0-255,1484,154114,19,316761
23467,0.002858,74.125.24.0-255,2902,157016,19,316761
23468,0.002862,172.31.36.0-255,66,157082,19,316761
23469,0.002869,74.125.24.0-255,5738,162820,19,316761
23470,0.002873,172.31.36.0-255,66,162886,19,316761
23471,0.002906,172.31.36.0-255,66,162952,19,316761
23472,0.002947,74.125.24.0-255,9992,172944,19,316761
23473,0.002959,172.31.36.0-255,66,173010,19,316761
23474,0.00298,74.125.24.0-255,3602,176612,19,316761
23475,0.002985,172.31.36.0-255,66,176678,19,316761
23476,0.002986,74.125.24.0-255,5738,182416,19,316761
23477,0.003,172.31.36.0-255,66,182482,19,316761
23478,0.003015,172.31.36.0-255,66,182548,19,316761
23479,0.003048,74.125.24.0-255,4320,186868,19,316761
23480,0.003053,74.125.24.0-255,3602,190470,19,316761
23481,0.003054,172.31.36.0-255,66,190536,19,316761
23482,0.003059,172.31.36.0-255,66,190602,19,316761
23483,0.003062,74.125.24.0-255,4320,194922,19,316761
23484,0.003069,74.125.24.0-255,5738,200660,19,316761
23485,0.003076,74.125.24.0-255,7156,207816,19,316761
23486,0.003076,172.31.36.0-255,66,207882,19,316761
23487,0.003079,172.31.36.0-255,66,207948,19,316761
23488,0.003119,74.125.24.0-255,4320,212268,19,316761
23489,0.003125,74.125.24.0-255,5738,218006,19,316761
23490,0.003129,74.125.24.0-255,2902,220908,19,316761
23491,0.003129,172.31.36.0-255,66,220974,19,316761
23492,0.003133,74.125.24.0-255,3602,224576,19,316761
23493,0.003134,172.31.36.0-255,66,224642,19,316761
23494,0.003148,172.31.36.0-255,66,224708,19,316761
23495,0.003207,74.125.24.0-255,4320,229028,19,316761
23496,0.003217,74.125.24.0-255,8574,237602,19,316761
23497,0.003222,74.125.24.0-255,2902,240504,19,316761
23498,0.003227,172.31.36.0-255,66,240570,19,316761
23499,0.00327,74.125.24.0-255,1484,242054,19,316761
23500,0.003272,74.125.24.0-255,1484,243538,19,316761
23501,0.003273,172.31.36.0-255,66,243604,19,316761
23502,0.003275,74.125.24.0-255,2902,246506,19,316761
23503,0.003278,74.125.24.0-255,766,247272,19,316761
23504,0.003278,172.31.36.0-255,66,247338,19,316761
23505,0.003319,74.125.24.0-255,1484,248822,19,316761
23506,0.003324,172.31.36.0-255,66,248888,19,316761
23507,0.003325,74.125.24.0-255,4320,253208,19,316761
23508,0.003328,172.31.36.0-255,66,253274,19,316761
23509,0.003331,74.125.24.0-255,5738,259012,19,316761
23510,0.003335,74.125.24.0-255,2902,261914,19,316761
23511,0.003344,172.31.36.0-255,66,261980,19,316761
23512,0.003356,74.125.24.0-255,1484,263464,19,316761
23513,0.003365,74.125.24.0-255,4320,267784,19,316761
23514,0.003375,172.31.36.0-255,66,267850,19,316761
23515,0.003383,74.125.24.0-255,7156,275006,19,316761
23516,0.003394,74.125.24.0-255,6438,281444,19,316761
23517,0.003392,172.31.36.0-255,66,281510,19,316761
23518,0.003406,172.31.36.0-255,66,281576,19,316761
23519,0.003443,74.125.24.0-255,2902,284478,19,316761
23520,0.003448,172.31.36.0-255,66,284544,19,316761
23521,0.003476,74.125.24.0-255,4320,288864,19,316761
23522,0.003481,172.31.36.0-255,66,288930,19,316761
23523,0.003484,74.125.24.0-255,8574,297504,19,316761
23524,0.003489,74.125.24.0-255,4320,301824,19,316761
23525,0.003495,172.31.36.0-255,66,301890,19,316761
23526,0.003516,74.125.24.0-255,4320,306210,19,316761
23527,0.003526,172.31.36.0-255,66,306276,19,316761
23528,0.003557,74.125.24.0-255,9274,315550,19,316761
23529,0.003572,172.31.36.0-255,66,315616,19,316761
23530,0.003614,74.125.24.0-255,706,316322,19,316761
23531,0.003663,74.125.24.0-255,97,316419,19,316761
23532,0.003708,74.125.24.0-255,105,316524,19,316761
23533,0.00458,172.31.36.0-255,66,316590,19,316761
23534,0.004607,172.31.36.0-255,105,316695,19,316761
23535,0.006575,74.125.24.0-255,66,316761,19,316761
23536,0.0,74.125.24.0-255,143,143,19,202703
23537,3.7e-05,172.31.36.0-255,66,209,19,202703
23538,4.5e-05,74.125.24.0-255,1484,1693,19,202703
23539,4.9e-05,172.31.36.0-255,66,1759,19,202703
23540,5.5e-05,74.125.24.0-255,2902,4661,19,202703
23541,5.7e-05,172.31.36.0-255,66,4727,19,202703
23542,6.5e-05,74.125.24.0-255,7156,11883,19,202703
23543,6.8e-05,172.31.36.0-255,66,11949,19,202703
23544,7.9e-05,74.125.24.0-255,2902,14851,19,202703
23545,8.2e-05,172.31.36.0-255,66,14917,19,202703
23546,0.00012,172.31.36.0-255,66,14983,19,202703
23547,0.000125,74.125.24.0-255,2543,17526,19,202703
23548,0.000127,172.31.36.0-255,66,17592,19,202703
23549,0.000148,74.125.24.0-255,1484,19076,19,202703
23550,0.00015,172.31.36.0-255,66,19142,19,202703
23551,0.000171,74.125.24.0-255,2902,22044,19,202703
23552,0.000174,172.31.36.0-255,66,22110,19,202703
23553,0.000183,74.125.24.0-255,5738,27848,19,202703
23554,0.000185,172.31.36.0-255,66,27914,19,202703
23555,0.000187,74.125.24.0-255,1484,29398,19,202703
23556,0.00019,172.31.36.0-255,66,29464,19,202703
23557,0.000218,74.125.24.0-255,5379,34843,19,202703
23558,0.000223,172.31.36.0-255,66,34909,19,202703
23559,0.000883,74.125.24.0-255,1484,36393,19,202703
23560,0.000888,172.31.36.0-255,66,36459,19,202703
23561,0.00091,74.125.24.0-255,2902,39361,19,202703
23562,0.000913,172.31.36.0-255,66,39427,19,202703
23563,0.000919,74.125.24.0-255,4320,43747,19,202703
23564,0.000922,172.31.36.0-255,66,43813,19,202703
23565,0.000928,74.125.24.0-255,5738,49551,19,202703
23566,0.00093,172.31.36.0-255,66,49617,19,202703
23567,0.000972,74.125.24.0-255,3122,52739,19,202703
23568,0.000976,172.31.36.0-255,66,52805,19,202703
23569,0.002121,74.125.24.0-255,1484,54289,19,202703
23570,0.002131,74.125.24.0-255,1484,55773,19,202703
23571,0.002136,172.31.36.0-255,66,55839,19,202703
23572,0.002162,74.125.24.0-255,4320,60159,19,202703
23573,0.002164,172.31.36.0-255,66,60225,19,202703
23574,0.002168,74.125.24.0-255,2902,63127,19,202703
23575,0.00217,172.31.36.0-255,66,63193,19,202703
23576,0.002197,74.125.24.0-255,2902,66095,19,202703
23577,0.0022,172.31.36.0-255,66,66161,19,202703
23578,0.00222,74.125.24.0-255,3961,70122,19,202703
23579,0.002223,172.31.36.0-255,66,70188,19,202703
23580,0.002529,74.125.24.0-255,1484,71672,19,202703
23581,0.002538,74.125.24.0-255,2902,74574,19,202703
23582,0.002542,172.31.36.0-255,66,74640,19,202703
23583,0.002566,74.125.24.0-255,5738,80378,19,202703
23584,0.002569,172.31.36.0-255,66,80444,19,202703
23585,0.002576,74.125.24.0-255,5738,86182,19,202703
23586,0.002578,172.31.36.0-255,66,86248,19,202703
23587,0.002627,172.31.36.0-255,66,86314,19,202703
23588,0.002633,74.125.24.0-255,5020,91334,19,202703
23589,0.002635,172.31.36.0-255,66,91400,19,202703
23590,0.002954,74.125.24.0-255,1484,92884,19,202703
23591,0.002964,74.125.24.0-255,2902,95786,19,202703
23592,0.002967,172.31.36.0-255,66,95852,19,202703
23593,0.002974,74.125.24.0-255,4320,100172,19,202703
23594,0.002976,172.31.36.0-255,66,100238,19,202703
23595,0.00299,74.125.24.0-255,1484,101722,19,202703
23596,0.003,74.125.24.0-255,1484,103206,19,202703
23597,0.003002,172.31.36.0-255,66,103272,19,202703
23598,0.003027,172.31.36.0-255,66,103338,19,202703
23599,0.00303,74.125.24.0-255,1484,104822,19,202703
23600,0.00305,74.125.24.0-255,5738,110560,19,202703
23601,0.003052,172.31.36.0-255,66,110626,19,202703
23602,0.003085,74.125.24.0-255,3602,114228,19,202703
23603,0.003088,172.31.36.0-255,66,114294,19,202703
23604,0.003407,74.125.24.0-255,1484,115778,19,202703
23605,0.003435,74.125.24.0-255,2902,118680,19,202703
23606,0.003438,172.31.36.0-255,66,118746,19,202703
23607,0.003458,74.125.24.0-255,4320,123066,19,202703
23608,0.003461,172.31.36.0-255,66,123132,19,202703
23609,0.003491,74.125.24.0-255,1484,124616,19,202703
23610,0.003506,172.31.36.0-255,66,124682,19,202703
23611,0.003515,74.125.24.0-255,9992,134674,19,202703
23612,0.003517,172.31.36.0-255,66,134740,19,202703
23613,0.003557,74.125.24.0-255,1484,136224,19,202703
23614,0.003579,74.125.24.0-255,8574,144798,19,202703
23615,0.003581,172.31.36.0-255,66,144864,19,202703
23616,0.003614,74.125.24.0-255,5020,149884,19,202703
23617,0.003617,172.31.36.0-255,66,149950,19,202703
23618,0.003633,172.31.36.0-255,66,150016,19,202703
23619,0.003638,74.125.24.0-255,3602,153618,19,202703
23620,0.003641,172.31.36.0-255,66,153684,19,202703
23621,0.003646,74.125.24.0-255,4320,158004,19,202703
23622,0.003649,172.31.36.0-255,66,158070,19,202703
23623,0.003688,74.125.24.0-255,1484,159554,19,202703
23624,0.003722,74.125.24.0-255,8574,168128,19,202703
23625,0.003726,172.31.36.0-255,66,168194,19,202703
23626,0.003731,74.125.24.0-255,4320,172514,19,202703
23627,0.003734,172.31.36.0-255,66,172580,19,202703
23628,0.003755,172.31.36.0-255,66,172646,19,202703
23629,0.003772,172.31.36.0-255,66,172712,19,202703
23630,0.003788,172.31.36.0-255,66,172778,19,202703
23631,0.003821,172.31.36.0-255,66,172844,19,202703
23632,0.003857,172.31.36.0-255,66,172910,19,202703
23633,0.00386,74.125.24.0-255,1484,174394,19,202703
23634,0.003904,172.31.36.0-255,66,174460,19,202703
23635,0.00391,74.125.24.0-255,5738,180198,19,202703
23636,0.003913,172.31.36.0-255,66,180264,19,202703
23637,0.003959,172.31.36.0-255,66,180330,19,202703
23638,0.003978,172.31.36.0-255,66,180396,19,202703
23639,0.003987,74.125.24.0-255,9274,189670,19,202703
23640,0.003989,172.31.36.0-255,66,189736,19,202703
23641,0.004016,74.125.24.0-255,7156,196892,19,202703
23642,0.004019,172.31.36.0-255,66,196958,19,202703
23643,0.00404,74.125.24.0-255,5337,202295,19,202703
23644,0.004043,172.31.36.0-255,66,202361,19,202703
23645,0.004047,74.125.24.0-255,105,202466,19,202703
23646,0.006412,172.31.36.0-255,66,202532,19,202703
23647,0.006438,172.31.36.0-255,105,202637,19,202703
23648,0.008488,74.125.24.0-255,66,202703,19,202703
23649,0.0,74.125.130.0-255,66,66,19,66
23650,0.0,172.217.194.0-255,153,153,19,140217
23651,3.1e-05,172.31.36.0-255,66,219,19,140217
23652,3.9e-05,172.217.194.0-255,1484,1703,19,140217
23653,4.3e-05,172.31.36.0-255,66,1769,19,140217
23654,4.8e-05,172.217.194.0-255,2902,4671,19,140217
23655,5.8e-05,172.31.36.0-255,66,4737,19,140217
23656,6.2e-05,172.217.194.0-255,2902,7639,19,140217
23657,6.4e-05,172.31.36.0-255,66,7705,19,140217
23658,7.2e-05,172.217.194.0-255,7742,15447,19,140217
23659,7.4e-05,172.31.36.0-255,66,15513,19,140217
23660,0.000138,172.31.36.0-255,66,15579,19,140217
23661,0.000167,172.217.194.0-255,3961,19540,19,140217
23662,0.000172,172.31.36.0-255,66,19606,19,140217
23663,0.000195,172.217.194.0-255,1484,21090,19,140217
23664,0.000198,172.31.36.0-255,66,21156,19,140217
23665,0.000202,172.217.194.0-255,2902,24058,19,140217
23666,0.000204,172.31.36.0-255,66,24124,19,140217
23667,0.000207,172.217.194.0-255,1484,25608,19,140217
23668,0.00021,172.31.36.0-255,66,25674,19,140217
23669,0.000246,172.217.194.0-255,4320,29994,19,140217
23670,0.000249,172.31.36.0-255,66,30060,19,140217
23671,0.000264,172.31.36.0-255,66,30126,19,140217
23672,0.000276,172.217.194.0-255,8574,38700,19,140217
23673,0.000279,172.31.36.0-255,66,38766,19,140217
23674,0.000309,172.217.194.0-255,1383,40149,19,140217
23675,0.000313,172.31.36.0-255,66,40215,19,140217
23676,0.000337,172.217.194.0-255,114,40329,19,140217
23677,0.000341,172.31.36.0-255,66,40395,19,140217
23678,0.000964,172.217.194.0-255,380,40775,19,140217
23679,0.00097,172.31.36.0-255,66,40841,19,140217
23680,0.00118,172.217.194.0-255,1484,42325,19,140217
23681,0.00119,172.217.194.0-255,2902,45227,19,140217
23682,0.001194,172.31.36.0-255,66,45293,19,140217
23683,0.001201,172.217.194.0-255,5738,51031,19,140217
23684,0.001202,172.31.36.0-255,66,51097,19,140217
23685,0.001205,172.217.194.0-255,1484,52581,19,140217
23686,0.001236,172.217.194.0-255,4320,56901,19,140217
23687,0.00124,172.31.36.0-255,66,56967,19,140217
23688,0.001247,172.217.194.0-255,5738,62705,19,140217
23689,0.001249,172.31.36.0-255,66,62771,19,140217
23690,0.001286,172.217.194.0-255,7156,69927,19,140217
23691,0.001289,172.31.36.0-255,66,69993,19,140217
23692,0.001296,172.217.194.0-255,5020,75013,19,140217
23693,0.001298,172.31.36.0-255,66,75079,19,140217
23694,0.001778,172.217.194.0-255,1484,76563,19,140217
23695,0.001808,172.217.194.0-255,2902,79465,19,140217
23696,0.001812,172.217.194.0-255,2902,82367,19,140217
23697,0.001814,172.217.194.0-255,1484,83851,19,140217
23698,0.001823,172.31.36.0-255,66,83917,19,140217
23699,0.001826,172.31.36.0-255,66,83983,19,140217
23700,0.001833,172.217.194.0-255,5738,89721,19,140217
23701,0.001835,172.31.36.0-255,66,89787,19,140217
23702,0.001871,172.31.36.0-255,66,89853,19,140217
23703,0.001901,172.217.194.0-255,4320,94173,19,140217
23704,0.001903,172.31.36.0-255,66,94239,19,140217
23705,0.001908,172.217.194.0-255,3602,97841,19,140217
23706,0.00191,172.31.36.0-255,66,97907,19,140217
23707,0.002571,172.217.194.0-255,1484,99391,19,140217
23708,0.002589,172.217.194.0-255,2902,102293,19,140217
23709,0.002593,172.31.36.0-255,66,102359,19,140217
23710,0.0026,172.217.194.0-255,5738,108097,19,140217
23711,0.002602,172.31.36.0-255,66,108163,19,140217
23712,0.002607,172.217.194.0-255,5738,113901,19,140217
23713,0.002609,172.31.36.0-255,66,113967,19,140217
23714,0.002647,172.217.194.0-255,7156,121123,19,140217
23715,0.00265,172.31.36.0-255,66,121189,19,140217
23716,0.002654,172.217.194.0-255,2902,124091,19,140217
23717,0.002656,172.31.36.0-255,66,124157,19,140217
23718,0.002661,172.217.194.0-255,4320,128477,19,140217
23719,0.002667,172.31.36.0-255,66,128543,19,140217
23720,0.005262,172.217.194.0-255,1484,130027,19,140217
23721,0.005286,172.217.194.0-255,4320,134347,19,140217
23722,0.005289,172.31.36.0-255,66,134413,19,140217
23723,0.007907,172.217.194.0-255,5738,140151,19,140217
23724,0.007915,172.31.36.0-255,66,140217,19,140217
23725,0.0,74.125.200.0-255,143,143,19,277670
23726,2.2e-05,172.31.36.0-255,66,209,19,277670
23727,3e-05,74.125.200.0-255,1484,1693,19,277670
23728,3.4e-05,172.31.36.0-255,66,1759,19,277670
23729,4e-05,74.125.200.0-255,2902,4661,19,277670
23730,4.3e-05,172.31.36.0-255,66,4727,19,277670
23731,6e-05,74.125.200.0-255,7156,11883,19,277670
23732,6.3e-05,172.31.36.0-255,66,11949,19,277670
23733,6.8e-05,74.125.200.0-255,2081,14030,19,277670
23734,7.1e-05,172.31.36.0-255,66,14096,19,277670
23735,7.6e-05,74.125.200.0-255,2902,16998,19,277670
23736,7.9e-05,172.31.36.0-255,66,17064,19,277670
23737,9.8e-05,74.125.200.0-255,1484,18548,19,277670
23738,0.000101,172.31.36.0-255,66,18614,19,277670
23739,0.000138,74.125.200.0-255,5738,24352,19,277670
23740,0.000142,172.31.36.0-255,66,24418,19,277670
23741,0.000144,74.125.200.0-255,1484,25902,19,277670
23742,0.000146,172.31.36.0-255,66,25968,19,277670
23743,0.000151,74.125.200.0-255,2902,28870,19,277670
23744,0.00016,172.31.36.0-255,66,28936,19,277670
23745,0.000164,74.125.200.0-255,2543,31479,19,277670
23746,0.000166,172.31.36.0-255,66,31545,19,277670
23747,0.000214,74.125.200.0-255,1484,33029,19,277670
23748,0.000217,172.31.36.0-255,66,33095,19,277670
23749,0.000221,74.125.200.0-255,2902,35997,19,277670
23750,0.000224,172.31.36.0-255,66,36063,19,277670
23751,0.000262,74.125.200.0-255,5738,41801,19,277670
23752,0.000266,172.31.36.0-255,66,41867,19,277670
23753,0.000275,74.125.200.0-255,8574,50441,19,277670
23754,0.000277,172.31.36.0-255,66,50507,19,277670
23755,0.00028,74.125.200.0-255,1484,51991,19,277670
23756,0.000286,172.31.36.0-255,66,52057,19,277670
23757,0.000317,74.125.200.0-255,8574,60631,19,277670
23758,0.00032,172.31.36.0-255,66,60697,19,277670
23759,0.000349,74.125.200.0-255,5020,65717,19,277670
23760,0.000352,172.31.36.0-255,66,65783,19,277670
23761,0.000377,74.125.200.0-255,647,66430,19,277670
23762,0.000676,74.125.200.0-255,1484,67914,19,277670
23763,0.000683,172.31.36.0-255,66,67980,19,277670
23764,0.000691,74.125.200.0-255,2902,70882,19,277670
23765,0.000694,172.31.36.0-255,66,70948,19,277670
23766,0.000706,74.125.200.0-255,5738,76686,19,277670
23767,0.000708,172.31.36.0-255,66,76752,19,277670
23768,0.000753,74.125.200.0-255,8574,85326,19,277670
23769,0.000757,172.31.36.0-255,66,85392,19,277670
23770,0.000767,74.125.200.0-255,9992,95384,19,277670
23771,0.000769,172.31.36.0-255,66,95450,19,277670
23772,0.00078,74.125.200.0-255,5020,100470,19,277670
23773,0.000782,172.31.36.0-255,66,100536,19,277670
23774,0.000967,74.125.200.0-255,1484,102020,19,277670
23775,0.001016,74.125.200.0-255,2902,104922,19,277670
23776,0.001019,172.31.36.0-255,66,104988,19,277670
23777,0.001027,74.125.200.0-255,5738,110726,19,277670
23778,0.001029,172.31.36.0-255,66,110792,19,277670
23779,0.001047,172.31.36.0-255,66,110858,19,277670
23780,0.001054,74.125.200.0-255,5738,116596,19,277670
23781,0.001057,172.31.36.0-255,66,116662,19,277670
23782,0.001093,74.125.200.0-255,6438,123100,19,277670
23783,0.0011,172.31.36.0-255,66,123166,19,277670
23784,0.001141,74.125.200.0-255,1484,124650,19,277670
23785,0.001159,74.125.200.0-255,2902,127552,19,277670
23786,0.001162,172.31.36.0-255,66,127618,19,277670
23787,0.001191,74.125.200.0-255,2902,130520,19,277670
23788,0.001196,74.125.200.0-255,4320,134840,19,277670
23789,0.0012,172.31.36.0-255,66,134906,19,277670
23790,0.001203,172.31.36.0-255,66,134972,19,277670
23791,0.001221,74.125.200.0-255,8574,143546,19,277670
23792,0.001224,172.31.36.0-255,66,143612,19,277670
23793,0.001231,74.125.200.0-255,7156,150768,19,277670
23794,0.001234,172.31.36.0-255,66,150834,19,277670
23795,0.001276,74.125.200.0-255,4320,155154,19,277670
23796,0.001279,172.31.36.0-255,66,155220,19,277670
23797,0.001303,74.125.200.0-255,2184,157404,19,277670
23798,0.001305,172.31.36.0-255,66,157470,19,277670
23799,0.001333,74.125.200.0-255,1484,158954,19,277670
23800,0.001337,74.125.200.0-255,2902,161856,19,277670
23801,0.001343,172.31.36.0-255,66,161922,19,277670
23802,0.001375,74.125.200.0-255,5738,167660,19,277670
23803,0.001379,172.31.36.0-255,66,167726,19,277670
23804,0.001383,74.125.200.0-255,2902,170628,19,277670
23805,0.001385,172.31.36.0-255,66,170694,19,277670
23806,0.001394,74.125.200.0-255,4320,175014,19,277670
23807,0.001397,172.31.36.0-255,66,175080,19,277670
23808,0.001402,74.125.200.0-255,4320,179400,19,277670
23809,0.001405,172.31.36.0-255,66,179466,19,277670
23810,0.001441,74.125.200.0-255,4320,183786,19,277670
23811,0.001448,74.125.200.0-255,7856,191642,19,277670
23812,0.001453,172.31.36.0-255,66,191708,19,277670
23813,0.001461,172.31.36.0-255,66,191774,19,277670
23814,0.001467,74.125.200.0-255,4320,196094,19,277670
23815,0.001473,172.31.36.0-255,66,196160,19,277670
23816,0.001498,74.125.200.0-255,4320,200480,19,277670
23817,0.001505,172.31.36.0-255,66,200546,19,277670
23818,0.001509,74.125.200.0-255,2902,203448,19,277670
23819,0.001511,172.31.36.0-255,66,203514,19,277670
23820,0.001526,172.31.36.0-255,66,203580,19,277670
23821,0.001532,74.125.200.0-255,5738,209318,19,277670
23822,0.001535,172.31.36.0-255,66,209384,19,277670
23823,0.001565,74.125.200.0-255,3602,212986,19,277670
23824,0.001568,172.31.36.0-255,66,213052,19,277670
23825,0.00175,74.125.200.0-255,1484,214536,19,277670
23826,0.001775,74.125.200.0-255,2902,217438,19,277670
23827,0.001779,172.31.36.0-255,66,217504,19,277670
23828,0.001784,74.125.200.0-255,2902,220406,19,277670
23829,0.001786,172.31.36.0-255,66,220472,19,277670
23830,0.001814,74.125.200.0-255,2902,223374,19,277670
23831,0.001817,172.31.36.0-255,66,223440,19,277670
23832,0.001845,74.125.200.0-255,7156,230596,19,277670
23833,0.001848,172.31.36.0-255,66,230662,19,277670
23834,0.001863,172.31.36.0-255,66,230728,19,277670
23835,0.001894,74.125.200.0-255,2184,232912,19,277670
23836,0.001897,172.31.36.0-255,66,232978,19,277670
23837,0.001927,74.125.200.0-255,2902,235880,19,277670
23838,0.001931,74.125.200.0-255,2902,238782,19,277670
23839,0.001938,172.31.36.0-255,66,238848,19,277670
23840,0.001942,172.31.36.0-255,66,238914,19,277670
23841,0.001946,74.125.200.0-255,2902,241816,19,277670
23842,0.001948,172.31.36.0-255,66,241882,19,277670
23843,0.00196,74.125.200.0-255,7156,249038,19,277670
23844,0.001962,172.31.36.0-255,66,249104,19,277670
23845,0.002034,172.31.36.0-255,66,249170,19,277670
23846,0.002039,74.125.200.0-255,3602,252772,19,277670
23847,0.002041,172.31.36.0-255,66,252838,19,277670
23848,0.002054,74.125.200.0-255,7156,259994,19,277670
23849,0.002058,172.31.36.0-255,66,260060,19,277670
23850,0.002093,172.31.36.0-255,66,260126,19,277670
23851,0.002106,172.31.36.0-255,66,260192,19,277670
23852,0.004145,74.125.200.0-255,5738,265930,19,277670
23853,0.004151,172.31.36.0-255,66,265996,19,277670
23854,0.006208,74.125.200.0-255,5738,271734,19,277670
23855,0.006217,172.31.36.0-255,66,271800,19,277670
23856,0.00826,74.125.200.0-255,4320,276120,19,277670
23857,0.008265,172.31.36.0-255,66,276186,19,277670
23858,0.008283,74.125.200.0-255,1484,277670,19,277670
23859,0.0,74.125.24.0-255,152,152,19,160722
23860,2.4e-05,172.31.36.0-255,66,218,19,160722
23861,3.2e-05,74.125.24.0-255,1484,1702,19,160722
23862,3.7e-05,172.31.36.0-255,66,1768,19,160722
23863,4.2e-05,74.125.24.0-255,2902,4670,19,160722
23864,4.6e-05,172.31.36.0-255,66,4736,19,160722
23865,5.3e-05,74.125.24.0-255,5738,10474,19,160722
23866,5.7e-05,172.31.36.0-255,66,10540,19,160722
23867,7.6e-05,74.125.24.0-255,1484,12024,19,160722
23868,7.9e-05,172.31.36.0-255,66,12090,19,160722
23869,8.4e-05,74.125.24.0-255,2004,14094,19,160722
23870,8.6e-05,172.31.36.0-255,66,14160,19,160722
23871,9.6e-05,74.125.24.0-255,9992,24152,19,160722
23872,9.9e-05,172.31.36.0-255,66,24218,19,160722
23873,0.000121,74.125.24.0-255,1484,25702,19,160722
23874,0.000123,172.31.36.0-255,66,25768,19,160722
23875,0.00013,74.125.24.0-255,4320,30088,19,160722
23876,0.000133,172.31.36.0-255,66,30154,19,160722
23877,0.000136,74.125.24.0-255,1125,31279,19,160722
23878,0.000138,172.31.36.0-255,66,31345,19,160722
23879,0.00046,74.125.24.0-255,1484,32829,19,160722
23880,0.000467,172.31.36.0-255,66,32895,19,160722
23881,0.000473,74.125.24.0-255,2902,35797,19,160722
23882,0.000476,172.31.36.0-255,66,35863,19,160722
23883,0.00048,74.125.24.0-255,2902,38765,19,160722
23884,0.000483,172.31.36.0-255,66,38831,19,160722
23885,0.000491,74.125.24.0-255,7156,45987,19,160722
23886,0.000493,172.31.36.0-255,66,46053,19,160722
23887,0.000558,172.31.36.0-255,66,46119,19,160722
23888,0.000563,74.125.24.0-255,2902,49021,19,160722
23889,0.000565,172.31.36.0-255,66,49087,19,160722
23890,0.000581,74.125.24.0-255,4320,53407,19,160722
23891,0.000584,172.31.36.0-255,66,53473,19,160722
23892,0.000606,74.125.24.0-255,766,54239,19,160722
23893,0.001186,74.125.24.0-255,413,54652,19,160722
23894,0.001227,74.125.24.0-255,1484,56136,19,160722
23895,0.001232,172.31.36.0-255,66,56202,19,160722
23896,0.001239,74.125.24.0-255,4320,60522,19,160722
23897,0.001241,172.31.36.0-255,66,60588,19,160722
23898,0.001249,74.125.24.0-255,4320,64908,19,160722
23899,0.001251,172.31.36.0-255,66,64974,19,160722
23900,0.001281,74.125.24.0-255,5738,70712,19,160722
23901,0.001285,172.31.36.0-255,66,70778,19,160722
23902,0.001292,74.125.24.0-255,5738,76516,19,160722
23903,0.001294,172.31.36.0-255,66,76582,19,160722
23904,0.001332,172.31.36.0-255,66,76648,19,160722
23905,0.00186,74.125.24.0-255,1484,78132,19,160722
23906,0.00187,74.125.24.0-255,2902,81034,19,160722
23907,0.001874,172.31.36.0-255,66,81100,19,160722
23908,0.001883,74.125.24.0-255,5738,86838,19,160722
23909,0.001885,172.31.36.0-255,66,86904,19,160722
23910,0.001903,74.125.24.0-255,4320,91224,19,160722
23911,0.001907,172.31.36.0-255,66,91290,19,160722
23912,0.001936,74.125.24.0-255,8574,99864,19,160722
23913,0.001939,172.31.36.0-255,66,99930,19,160722
23914,0.001947,74.125.24.0-255,7156,107086,19,160722
23915,0.001949,172.31.36.0-255,66,107152,19,160722
23916,0.001967,74.125.24.0-255,6438,113590,19,160722
23917,0.00197,172.31.36.0-255,66,113656,19,160722
23918,0.001977,74.125.24.0-255,7156,120812,19,160722
23919,0.00198,172.31.36.0-255,66,120878,19,160722
23920,0.002008,74.125.24.0-255,7156,128034,19,160722
23921,0.002011,172.31.36.0-255,66,128100,19,160722
23922,0.002034,74.125.24.0-255,8574,136674,19,160722
23923,0.002036,172.31.36.0-255,66,136740,19,160722
23924,0.00206,74.125.24.0-255,7156,143896,19,160722
23925,0.002062,172.31.36.0-255,66,143962,19,160722
23926,0.002065,74.125.24.0-255,766,144728,19,160722
23927,0.004073,74.125.24.0-255,4320,149048,19,160722
23928,0.004078,172.31.36.0-255,66,149114,19,160722
23929,0.00614,74.125.24.0-255,5738,154852,19,160722
23930,0.006149,172.31.36.0-255,66,154918,19,160722
23931,0.00818,74.125.24.0-255,5738,160656,19,160722
23932,0.008188,172.31.36.0-255,66,160722,19,160722
23933,0.0,172.217.194.0-255,66,66,19,66
23934,0.0,74.125.200.0-255,145,145,19,340408
23935,1.8e-05,172.31.36.0-255,66,211,19,340408
23936,2.6e-05,74.125.200.0-255,1484,1695,19,340408
23937,3e-05,172.31.36.0-255,66,1761,19,340408
23938,3.6e-05,74.125.200.0-255,2902,4663,19,340408
23939,3.9e-05,172.31.36.0-255,66,4729,19,340408
23940,4.6e-05,74.125.200.0-255,5738,10467,19,340408
23941,5e-05,172.31.36.0-255,66,10533,19,340408
23942,7.6e-05,74.125.200.0-255,3466,13999,19,340408
23943,7.9e-05,172.31.36.0-255,66,14065,19,340408
23944,8.6e-05,74.125.200.0-255,4320,18385,19,340408
23945,8.8e-05,172.31.36.0-255,66,18451,19,340408
23946,0.000113,74.125.200.0-255,4320,22771,19,340408
23947,0.000116,172.31.36.0-255,66,22837,19,340408
23948,0.000135,74.125.200.0-255,4320,27157,19,340408
23949,0.000138,172.31.36.0-255,66,27223,19,340408
23950,0.000155,74.125.200.0-255,1484,28707,19,340408
23951,0.000157,172.31.36.0-255,66,28773,19,340408
23952,0.00017,74.125.200.0-255,2543,31316,19,340408
23953,0.000172,172.31.36.0-255,66,31382,19,340408
23954,0.000214,74.125.200.0-255,1484,32866,19,340408
23955,0.000217,172.31.36.0-255,66,32932,19,340408
23956,0.000222,74.125.200.0-255,2902,35834,19,340408
23957,0.000224,172.31.36.0-255,66,35900,19,340408
23958,0.000254,74.125.200.0-255,5738,41638,19,340408
23959,0.000257,172.31.36.0-255,66,41704,19,340408
23960,0.000263,74.125.200.0-255,4320,46024,19,340408
23961,0.000265,172.31.36.0-255,66,46090,19,340408
23962,0.00029,74.125.200.0-255,2543,48633,19,340408
23963,0.000292,172.31.36.0-255,66,48699,19,340408
23964,0.000299,74.125.200.0-255,7156,55855,19,340408
23965,0.000302,172.31.36.0-255,66,55921,19,340408
23966,0.000308,74.125.200.0-255,5738,61659,19,340408
23967,0.000311,172.31.36.0-255,66,61725,19,340408
23968,0.000358,74.125.200.0-255,4316,66041,19,340408
23969,0.000362,172.31.36.0-255,66,66107,19,340408
23970,0.0005,74.125.200.0-255,1484,67591,19,340408
23971,0.000507,74.125.200.0-255,2902,70493,19,340408
23972,0.000511,172.31.36.0-255,66,70559,19,340408
23973,0.000539,74.125.200.0-255,5738,76297,19,340408
23974,0.000542,172.31.36.0-255,66,76363,19,340408
23975,0.000587,172.31.36.0-255,66,76429,19,340408
23976,0.000607,74.125.200.0-255,1484,77913,19,340408
23977,0.000635,74.125.200.0-255,9633,87546,19,340408
23978,0.000638,172.31.36.0-255,66,87612,19,340408
23979,0.000728,74.125.200.0-255,1484,89096,19,340408
23980,0.000747,74.125.200.0-255,2902,91998,19,340408
23981,0.00075,172.31.36.0-255,66,92064,19,340408
23982,0.000758,74.125.200.0-255,5738,97802,19,340408
23983,0.00076,172.31.36.0-255,66,97868,19,340408
23984,0.000791,74.125.200.0-255,7156,105024,19,340408
23985,0.000794,172.31.36.0-255,66,105090,19,340408
23986,0.000808,74.125.200.0-255,1484,106574,19,340408
23987,0.000823,74.125.200.0-255,2902,109476,19,340408
23988,0.000826,172.31.36.0-255,66,109542,19,340408
23989,0.000829,74.125.200.0-255,1484,111026,19,340408
23990,0.000846,74.125.200.0-255,4320,115346,19,340408
23991,0.000848,172.31.36.0-255,66,115412,19,340408
23992,0.000867,74.125.200.0-255,1484,116896,19,340408
23993,0.000884,74.125.200.0-255,5020,121916,19,340408
23994,0.000887,172.31.36.0-255,66,121982,19,340408
23995,0.000931,74.125.200.0-255,1484,123466,19,340408
23996,0.000964,74.125.200.0-255,2902,126368,19,340408
23997,0.000968,172.31.36.0-255,66,126434,19,340408
23998,0.000987,74.125.200.0-255,4320,130754,19,340408
23999,0.000992,172.31.36.0-255,66,130820,19,340408
24000,0.001018,74.125.200.0-255,8574,139394,19,340408
24001,0.001021,172.31.36.0-255,66,139460,19,340408
24002,0.001025,74.125.200.0-255,2902,142362,19,340408
24003,0.001027,172.31.36.0-255,66,142428,19,340408
24004,0.00105,74.125.200.0-255,4320,146748,19,340408
24005,0.001052,172.31.36.0-255,66,146814,19,340408
24006,0.001081,74.125.200.0-255,8574,155388,19,340408
24007,0.001085,172.31.36.0-255,66,155454,19,340408
24008,0.001088,74.125.200.0-255,766,156220,19,340408
24009,0.001252,74.125.200.0-255,1484,157704,19,340408
24010,0.001257,172.31.36.0-255,66,157770,19,340408
24011,0.001261,74.125.200.0-255,1484,159254,19,340408
24012,0.001277,74.125.200.0-255,1484,160738,19,340408
24013,0.00128,172.31.36.0-255,66,160804,19,340408
24014,0.001286,74.125.200.0-255,4320,165124,19,340408
24015,0.001289,172.31.36.0-255,66,165190,19,340408
24016,0.001328,74.125.200.0-255,4320,169510,19,340408
24017,0.001332,172.31.36.0-255,66,169576,19,340408
24018,0.001359,74.125.200.0-255,5738,175314,19,340408
24019,0.001362,172.31.36.0-255,66,175380,19,340408
24020,0.001365,74.125.200.0-255,1484,176864,19,340408
24021,0.001391,74.125.200.0-255,4320,181184,19,340408
24022,0.001394,172.31.36.0-255,66,181250,19,340408
24023,0.001401,74.125.200.0-255,7156,188406,19,340408
24024,0.001403,172.31.36.0-255,66,188472,19,340408
24025,0.001421,74.125.200.0-255,2184,190656,19,340408
24026,0.001424,172.31.36.0-255,66,190722,19,340408
24027,0.001565,74.125.200.0-255,1484,192206,19,340408
24028,0.00159,74.125.200.0-255,2902,195108,19,340408
24029,0.001593,172.31.36.0-255,66,195174,19,340408
24030,0.001621,74.125.200.0-255,4320,199494,19,340408
24031,0.001625,172.31.36.0-255,66,199560,19,340408
24032,0.001643,74.125.200.0-255,1484,201044,19,340408
24033,0.001648,74.125.200.0-255,2902,203946,19,340408
24034,0.00165,172.31.36.0-255,66,204012,19,340408
24035,0.001671,74.125.200.0-255,4320,208332,19,340408
24036,0.001673,172.31.36.0-255,66,208398,19,340408
24037,0.001682,74.125.200.0-255,7156,215554,19,340408
24038,0.001684,172.31.36.0-255,66,215620,19,340408
24039,0.00173,74.125.200.0-255,5738,221358,19,340408
24040,0.001733,172.31.36.0-255,66,221424,19,340408
24041,0.001774,74.125.200.0-255,3602,225026,19,340408
24042,0.001777,172.31.36.0-255,66,225092,19,340408
24043,0.001849,74.125.200.0-255,1484,226576,19,340408
24044,0.001854,74.125.200.0-255,2902,229478,19,340408
24045,0.001857,172.31.36.0-255,66,229544,19,340408
24046,0.001887,74.125.200.0-255,4320,233864,19,340408
24047,0.00189,172.31.36.0-255,66,233930,19,340408
24048,0.001896,74.125.200.0-255,2902,236832,19,340408
24049,0.001897,172.31.36.0-255,66,236898,19,340408
24050,0.001927,74.125.200.0-255,2902,239800,19,340408
24051,0.001931,172.31.36.0-255,66,239866,19,340408
24052,0.001936,74.125.200.0-255,4320,244186,19,340408
24053,0.001939,172.31.36.0-255,66,244252,19,340408
24054,0.001954,74.125.200.0-255,4320,248572,19,340408
24055,0.001957,172.31.36.0-255,66,248638,19,340408
24056,0.001961,74.125.200.0-255,2902,251540,19,340408
24057,0.001964,172.31.36.0-255,66,251606,19,340408
24058,0.001992,74.125.200.0-255,7156,258762,19,340408
24059,0.001996,172.31.36.0-255,66,258828,19,340408
24060,0.001999,74.125.200.0-255,766,259594,19,340408
24061,0.002133,74.125.200.0-255,1484,261078,19,340408
24062,0.002137,172.31.36.0-255,66,261144,19,340408
24063,0.00216,74.125.200.0-255,2902,264046,19,340408
24064,0.002162,172.31.36.0-255,66,264112,19,340408
24065,0.002169,74.125.200.0-255,5738,269850,19,340408
24066,0.002171,172.31.36.0-255,66,269916,19,340408
24067,0.002176,74.125.200.0-255,4320,274236,19,340408
24068,0.002178,172.31.36.0-255,66,274302,19,340408
24069,0.002211,74.125.200.0-255,1484,275786,19,340408
24070,0.002225,74.125.200.0-255,4320,280106,19,340408
24071,0.002228,172.31.36.0-255,66,280172,19,340408
24072,0.002241,172.31.36.0-255,66,280238,19,340408
24073,0.002245,74.125.200.0-255,2184,282422,19,340408
24074,0.002247,172.31.36.0-255,66,282488,19,340408
24075,0.002282,74.125.200.0-255,5738,288226,19,340408
24076,0.002286,172.31.36.0-255,66,288292,19,340408
24077,0.002314,74.125.200.0-255,9992,298284,19,340408
24078,0.002317,172.31.36.0-255,66,298350,19,340408
24079,0.002323,74.125.200.0-255,4320,302670,19,340408
24080,0.002326,172.31.36.0-255,66,302736,19,340408
24081,0.002356,172.31.36.0-255,66,302802,19,340408
24082,0.002359,74.125.200.0-255,766,303568,19,340408
24083,0.002395,172.31.36.0-255,66,303634,19,340408
24084,0.002417,74.125.200.0-255,7156,310790,19,340408
24085,0.002419,172.31.36.0-255,66,310856,19,340408
24086,0.002426,74.125.200.0-255,5738,316594,19,340408
24087,0.002429,172.31.36.0-255,66,316660,19,340408
24088,0.00248,172.31.36.0-255,66,316726,19,340408
24089,0.002488,74.125.200.0-255,8574,325300,19,340408
24090,0.00249,172.31.36.0-255,66,325366,19,340408
24091,0.00251,74.125.200.0-255,8574,333940,19,340408
24092,0.002512,172.31.36.0-255,66,334006,19,340408
24093,0.002519,74.125.200.0-255,5738,339744,19,340408
24094,0.002521,172.31.36.0-255,66,339810,19,340408
24095,0.002524,74.125.200.0-255,493,340303,19,340408
24096,0.005024,74.125.200.0-255,105,340408,19,340408
24097,0.0,74.125.24.0-255,153,153,19,339728
24098,3.4e-05,172.31.36.0-255,66,219,19,339728
24099,4.2e-05,74.125.24.0-255,1484,1703,19,339728
24100,4.6e-05,172.31.36.0-255,66,1769,19,339728
24101,5.1e-05,74.125.24.0-255,2902,4671,19,339728
24102,6.1e-05,172.31.36.0-255,66,4737,19,339728
24103,6.6e-05,74.125.24.0-255,2902,7639,19,339728
24104,6.9e-05,172.31.36.0-255,66,7705,19,339728
24105,0.000113,74.125.24.0-255,2902,10607,19,339728
24106,0.000116,172.31.36.0-255,66,10673,19,339728
24107,0.000137,74.125.24.0-255,4903,15576,19,339728
24108,0.00014,172.31.36.0-255,66,15642,19,339728
24109,0.000149,74.125.24.0-255,8574,24216,19,339728
24110,0.000152,172.31.36.0-255,66,24282,19,339728
24111,0.000159,74.125.24.0-255,6797,31079,19,339728
24112,0.000161,172.31.36.0-255,66,31145,19,339728
24113,0.000249,74.125.24.0-255,1484,32629,19,339728
24114,0.000252,172.31.36.0-255,66,32695,19,339728
24115,0.000258,74.125.24.0-255,2902,35597,19,339728
24116,0.00026,172.31.36.0-255,66,35663,19,339728
24117,0.000287,74.125.24.0-255,5738,41401,19,339728
24118,0.000296,172.31.36.0-255,66,41467,19,339728
24119,0.000335,172.31.36.0-255,66,41533,19,339728
24120,0.000377,74.125.24.0-255,4320,45853,19,339728
24121,0.000381,172.31.36.0-255,66,45919,19,339728
24122,0.000412,74.125.24.0-255,7107,53026,19,339728
24123,0.000417,172.31.36.0-255,66,53092,19,339728
24124,0.00042,74.125.24.0-255,110,53202,19,339728
24125,0.000422,172.31.36.0-255,66,53268,19,339728
24126,0.000585,74.125.24.0-255,1484,54752,19,339728
24127,0.00059,172.31.36.0-255,66,54818,19,339728
24128,0.000596,74.125.24.0-255,2902,57720,19,339728
24129,0.000598,172.31.36.0-255,66,57786,19,339728
24130,0.000627,74.125.24.0-255,5738,63524,19,339728
24131,0.000634,74.125.24.0-255,6797,70321,19,339728
24132,0.000634,172.31.36.0-255,66,70387,19,339728
24133,0.000638,172.31.36.0-255,66,70453,19,339728
24134,0.000695,172.31.36.0-255,66,70519,19,339728
24135,0.000699,74.125.24.0-255,2543,73062,19,339728
24136,0.000701,172.31.36.0-255,66,73128,19,339728
24137,0.000704,74.125.24.0-255,331,73459,19,339728
24138,0.001086,172.31.36.0-255,66,73525,19,339728
24139,0.001847,74.125.24.0-255,1484,75009,19,339728
24140,0.001858,74.125.24.0-255,2902,77911,19,339728
24141,0.001862,172.31.36.0-255,66,77977,19,339728
24142,0.00187,74.125.24.0-255,5738,83715,19,339728
24143,0.001871,172.31.36.0-255,66,83781,19,339728
24144,0.001899,74.125.24.0-255,5738,89519,19,339728
24145,0.001901,172.31.36.0-255,66,89585,19,339728
24146,0.001913,74.125.24.0-255,2902,92487,19,339728
24147,0.001915,172.31.36.0-255,66,92553,19,339728
24148,0.001932,74.125.24.0-255,4320,96873,19,339728
24149,0.001938,172.31.36.0-255,66,96939,19,339728
24150,0.001941,74.125.24.0-255,1484,98423,19,339728
24151,0.001963,74.125.24.0-255,2902,101325,19,339728
24152,0.001965,172.31.36.0-255,66,101391,19,339728
24153,0.001983,74.125.24.0-255,6438,107829,19,339728
24154,0.001986,172.31.36.0-255,66,107895,19,339728
24155,0.00212,74.125.24.0-255,1484,109379,19,339728
24156,0.002151,74.125.24.0-255,1484,110863,19,339728
24157,0.002153,172.31.36.0-255,66,110929,19,339728
24158,0.002166,74.125.24.0-255,1484,112413,19,339728
24159,0.002176,74.125.24.0-255,5738,118151,19,339728
24160,0.002178,172.31.36.0-255,66,118217,19,339728
24161,0.002219,172.31.36.0-255,66,118283,19,339728
24162,0.002223,74.125.24.0-255,2902,121185,19,339728
24163,0.002224,172.31.36.0-255,66,121251,19,339728
24164,0.002253,74.125.24.0-255,4320,125571,19,339728
24165,0.002255,172.31.36.0-255,66,125637,19,339728
24166,0.002272,74.125.24.0-255,3602,129239,19,339728
24167,0.002276,172.31.36.0-255,66,129305,19,339728
24168,0.002283,74.125.24.0-255,8574,137879,19,339728
24169,0.002285,172.31.36.0-255,66,137945,19,339728
24170,0.002312,74.125.24.0-255,7156,145101,19,339728
24171,0.002315,172.31.36.0-255,66,145167,19,339728
24172,0.002345,74.125.24.0-255,7156,152323,19,339728
24173,0.002351,172.31.36.0-255,66,152389,19,339728
24174,0.002374,74.125.24.0-255,7156,159545,19,339728
24175,0.002376,172.31.36.0-255,66,159611,19,339728
24176,0.002398,74.125.24.0-255,3602,163213,19,339728
24177,0.002401,172.31.36.0-255,66,163279,19,339728
24178,0.002467,74.125.24.0-255,1484,164763,19,339728
24179,0.00248,74.125.24.0-255,2902,167665,19,339728
24180,0.002482,172.31.36.0-255,66,167731,19,339728
24181,0.00251,74.125.24.0-255,5738,173469,19,339728
24182,0.002513,172.31.36.0-255,66,173535,19,339728
24183,0.002515,74.125.24.0-255,1484,175019,19,339728
24184,0.002538,74.125.24.0-255,5738,180757,19,339728
24185,0.00254,172.31.36.0-255,66,180823,19,339728
24186,0.002571,74.125.24.0-255,2902,183725,19,339728
24187,0.002573,172.31.36.0-255,66,183791,19,339728
24188,0.002579,74.125.24.0-255,5738,189529,19,339728
24189,0.002581,172.31.36.0-255,66,189595,19,339728
24190,0.002609,74.125.24.0-255,2902,192497,19,339728
24191,0.002611,172.31.36.0-255,66,192563,19,339728
24192,0.002631,74.125.24.0-255,5020,197583,19,339728
24193,0.002633,172.31.36.0-255,66,197649,19,339728
24194,0.002727,74.125.24.0-255,1484,199133,19,339728
24195,0.002737,74.125.24.0-255,1484,200617,19,339728
24196,0.002739,172.31.36.0-255,66,200683,19,339728
24197,0.002762,74.125.24.0-255,1484,202167,19,339728
24198,0.002768,74.125.24.0-255,5738,207905,19,339728
24199,0.00277,172.31.36.0-255,66,207971,19,339728
24200,0.002773,74.125.24.0-255,1484,209455,19,339728
24201,0.002775,74.125.24.0-255,1484,210939,19,339728
24202,0.002777,172.31.36.0-255,66,211005,19,339728
24203,0.00281,74.125.24.0-255,5738,216743,19,339728
24204,0.002813,172.31.36.0-255,66,216809,19,339728
24205,0.00284,74.125.24.0-255,5738,222547,19,339728
24206,0.002843,172.31.36.0-255,66,222613,19,339728
24207,0.002846,74.125.24.0-255,1484,224097,19,339728
24208,0.002871,74.125.24.0-255,5738,229835,19,339728
24209,0.002873,172.31.36.0-255,66,229901,19,339728
24210,0.002928,74.125.24.0-255,2184,232085,19,339728
24211,0.00293,172.31.36.0-255,66,232151,19,339728
24212,0.002985,74.125.24.0-255,1484,233635,19,339728
24213,0.002999,74.125.24.0-255,2902,236537,19,339728
24214,0.003001,172.31.36.0-255,66,236603,19,339728
24215,0.003015,74.125.24.0-255,4320,240923,19,339728
24216,0.003021,172.31.36.0-255,66,240989,19,339728
24217,0.003023,74.125.24.0-255,1484,242473,19,339728
24218,0.003054,74.125.24.0-255,7156,249629,19,339728
24219,0.003056,172.31.36.0-255,66,249695,19,339728
24220,0.003097,172.31.36.0-255,66,249761,19,339728
24221,0.003459,74.125.24.0-255,1484,251245,19,339728
24222,0.003475,74.125.24.0-255,2902,254147,19,339728
24223,0.003478,172.31.36.0-255,66,254213,19,339728
24224,0.003505,74.125.24.0-255,5738,259951,19,339728
24225,0.003508,172.31.36.0-255,66,260017,19,339728
24226,0.003533,74.125.24.0-255,8574,268591,19,339728
24227,0.003536,172.31.36.0-255,66,268657,19,339728
24228,0.003557,74.125.24.0-255,4320,272977,19,339728
24229,0.003559,172.31.36.0-255,66,273043,19,339728
24230,0.003567,74.125.24.0-255,7156,280199,19,339728
24231,0.00357,172.31.36.0-255,66,280265,19,339728
24232,0.003612,74.125.24.0-255,8574,288839,19,339728
24233,0.003615,172.31.36.0-255,66,288905,19,339728
24234,0.003646,74.125.24.0-255,9274,298179,19,339728
24235,0.003649,172.31.36.0-255,66,298245,19,339728
24236,0.003664,172.31.36.0-255,66,298311,19,339728
24237,0.003674,74.125.24.0-255,5020,303331,19,339728
24238,0.003676,172.31.36.0-255,66,303397,19,339728
24239,0.003683,74.125.24.0-255,5738,309135,19,339728
24240,0.003685,172.31.36.0-255,66,309201,19,339728
24241,0.00372,74.125.24.0-255,4320,313521,19,339728
24242,0.003723,172.31.36.0-255,66,313587,19,339728
24243,0.003729,74.125.24.0-255,7156,320743,19,339728
24244,0.003731,172.31.36.0-255,66,320809,19,339728
24245,0.003764,74.125.24.0-255,8574,329383,19,339728
24246,0.003767,172.31.36.0-255,66,329449,19,339728
24247,0.003791,74.125.24.0-255,4320,333769,19,339728
24248,0.003793,172.31.36.0-255,66,333835,19,339728
24249,0.003824,74.125.24.0-255,5020,338855,19,339728
24250,0.003826,172.31.36.0-255,66,338921,19,339728
24251,0.003829,74.125.24.0-255,702,339623,19,339728
24252,0.003839,74.125.24.0-255,105,339728,19,339728
24253,0.0,172.31.36.0-255,105,105,19,276
24254,0.002075,157.240.13.0-255,105,210,19,276
24255,0.002089,172.31.36.0-255,66,276,19,276
24256,0.0,74.125.130.0-255,153,153,19,369426
24257,2.9e-05,172.31.36.0-255,66,219,19,369426
24258,3.6e-05,74.125.130.0-255,1484,1703,19,369426
24259,4.1e-05,172.31.36.0-255,66,1769,19,369426
24260,4.5e-05,74.125.130.0-255,2902,4671,19,369426
24261,4.8e-05,172.31.36.0-255,66,4737,19,369426
24262,5.4e-05,74.125.130.0-255,4320,9057,19,369426
24263,6.6e-05,172.31.36.0-255,66,9123,19,369426
24264,0.000105,74.125.130.0-255,9200,18323,19,369426
24265,0.000109,172.31.36.0-255,66,18389,19,369426
24266,0.000112,74.125.130.0-255,1484,19873,19,369426
24267,0.000114,172.31.36.0-255,66,19939,19,369426
24268,0.000148,74.125.130.0-255,8574,28513,19,369426
24269,0.000151,172.31.36.0-255,66,28579,19,369426
24270,0.000157,74.125.130.0-255,2543,31122,19,369426
24271,0.000159,172.31.36.0-255,66,31188,19,369426
24272,0.000352,74.125.130.0-255,1484,32672,19,369426
24273,0.000356,172.31.36.0-255,66,32738,19,369426
24274,0.000377,74.125.130.0-255,2902,35640,19,369426
24275,0.000381,172.31.36.0-255,66,35706,19,369426
24276,0.000385,74.125.130.0-255,2902,38608,19,369426
24277,0.000387,172.31.36.0-255,66,38674,19,369426
24278,0.000421,74.125.130.0-255,2902,41576,19,369426
24279,0.000425,172.31.36.0-255,66,41642,19,369426
24280,0.00043,74.125.130.0-255,2902,44544,19,369426
24281,0.000432,172.31.36.0-255,66,44610,19,369426
24282,0.000437,74.125.130.0-255,4320,48930,19,369426
24283,0.000439,172.31.36.0-255,66,48996,19,369426
24284,0.000443,74.125.130.0-255,2902,51898,19,369426
24285,0.000449,172.31.36.0-255,66,51964,19,369426
24286,0.000479,74.125.130.0-255,5738,57702,19,369426
24287,0.000482,172.31.36.0-255,66,57768,19,369426
24288,0.000487,74.125.130.0-255,2902,60670,19,369426
24289,0.000492,172.31.36.0-255,66,60736,19,369426
24290,0.000524,74.125.130.0-255,5330,66066,19,369426
24291,0.000527,172.31.36.0-255,66,66132,19,369426
24292,0.000531,74.125.130.0-255,367,66499,19,369426
24293,0.000673,74.125.130.0-255,1484,67983,19,369426
24294,0.000677,172.31.36.0-255,66,68049,19,369426
24295,0.000682,74.125.130.0-255,2902,70951,19,369426
24296,0.000684,172.31.36.0-255,66,71017,19,369426
24297,0.000687,74.125.130.0-255,1484,72501,19,369426
24298,0.000705,74.125.130.0-255,2902,75403,19,369426
24299,0.000708,172.31.36.0-255,66,75469,19,369426
24300,0.000733,74.125.130.0-255,4320,79789,19,369426
24301,0.000736,172.31.36.0-255,66,79855,19,369426
24302,0.000753,74.125.130.0-255,1484,81339,19,369426
24303,0.000759,74.125.130.0-255,4320,85659,19,369426
24304,0.000761,172.31.36.0-255,66,85725,19,369426
24305,0.000784,74.125.130.0-255,1484,87209,19,369426
24306,0.000792,74.125.130.0-255,7156,94365,19,369426
24307,0.000795,172.31.36.0-255,66,94431,19,369426
24308,0.000799,74.125.130.0-255,2902,97333,19,369426
24309,0.000802,172.31.36.0-255,66,97399,19,369426
24310,0.000823,74.125.130.0-255,3602,101001,19,369426
24311,0.00083,172.31.36.0-255,66,101067,19,369426
24312,0.001095,74.125.130.0-255,1484,102551,19,369426
24313,0.001111,74.125.130.0-255,2902,105453,19,369426
24314,0.001115,172.31.36.0-255,66,105519,19,369426
24315,0.001128,74.125.130.0-255,2902,108421,19,369426
24316,0.001135,172.31.36.0-255,66,108487,19,369426
24317,0.001164,74.125.130.0-255,2902,111389,19,369426
24318,0.001167,172.31.36.0-255,66,111455,19,369426
24319,0.001174,74.125.130.0-255,5738,117193,19,369426
24320,0.001176,172.31.36.0-255,66,117259,19,369426
24321,0.001201,74.125.130.0-255,2902,120161,19,369426
24322,0.001206,172.31.36.0-255,66,120227,19,369426
24323,0.00121,74.125.130.0-255,9992,130219,19,369426
24324,0.001212,172.31.36.0-255,66,130285,19,369426
24325,0.001215,74.125.130.0-255,1484,131769,19,369426
24326,0.001248,74.125.130.0-255,3602,135371,19,369426
24327,0.001252,172.31.36.0-255,66,135437,19,369426
24328,0.001398,74.125.130.0-255,1484,136921,19,369426
24329,0.001419,74.125.130.0-255,2902,139823,19,369426
24330,0.001423,172.31.36.0-255,66,139889,19,369426
24331,0.001435,74.125.130.0-255,4320,144209,19,369426
24332,0.001438,172.31.36.0-255,66,144275,19,369426
24333,0.001464,74.125.130.0-255,1484,145759,19,369426
24334,0.001469,74.125.130.0-255,4320,150079,19,369426
24335,0.001472,172.31.36.0-255,66,150145,19,369426
24336,0.001475,74.125.130.0-255,1484,151629,19,369426
24337,0.001496,74.125.130.0-255,4320,155949,19,369426
24338,0.001499,172.31.36.0-255,66,156015,19,369426
24339,0.001549,74.125.130.0-255,2902,158917,19,369426
24340,0.001553,172.31.36.0-255,66,158983,19,369426
24341,0.00158,74.125.130.0-255,8574,167557,19,369426
24342,0.001583,172.31.36.0-255,66,167623,19,369426
24343,0.001587,74.125.130.0-255,2184,169807,19,369426
24344,0.001589,172.31.36.0-255,66,169873,19,369426
24345,0.001678,74.125.130.0-255,1484,171357,19,369426
24346,0.001704,74.125.130.0-255,2902,174259,19,369426
24347,0.001707,172.31.36.0-255,66,174325,19,369426
24348,0.001736,74.125.130.0-255,5738,180063,19,369426
24349,0.00174,172.31.36.0-255,66,180129,19,369426
24350,0.001745,74.125.130.0-255,2902,183031,19,369426
24351,0.001748,172.31.36.0-255,66,183097,19,369426
24352,0.001783,74.125.130.0-255,1484,184581,19,369426
24353,0.00181,74.125.130.0-255,2902,187483,19,369426
24354,0.001813,172.31.36.0-255,66,187549,19,369426
24355,0.001821,74.125.130.0-255,8574,196123,19,369426
24356,0.001823,172.31.36.0-255,66,196189,19,369426
24357,0.001828,74.125.130.0-255,2902,199091,19,369426
24358,0.00183,172.31.36.0-255,66,199157,19,369426
24359,0.001835,74.125.130.0-255,4320,203477,19,369426
24360,0.001837,172.31.36.0-255,66,203543,19,369426
24361,0.00184,74.125.130.0-255,766,204309,19,369426
24362,0.001842,74.125.130.0-255,1484,205793,19,369426
24363,0.001845,172.31.36.0-255,66,205859,19,369426
24364,0.001867,74.125.130.0-255,1484,207343,19,369426
24365,0.001879,74.125.130.0-255,2902,210245,19,369426
24366,0.001882,172.31.36.0-255,66,210311,19,369426
24367,0.001893,74.125.130.0-255,5738,216049,19,369426
24368,0.001895,172.31.36.0-255,66,216115,19,369426
24369,0.001898,74.125.130.0-255,1484,217599,19,369426
24370,0.00193,74.125.130.0-255,5738,223337,19,369426
24371,0.001934,172.31.36.0-255,66,223403,19,369426
24372,0.001964,172.31.36.0-255,66,223469,19,369426
24373,0.001989,74.125.130.0-255,3602,227071,19,369426
24374,0.001993,172.31.36.0-255,66,227137,19,369426
24375,0.002024,74.125.130.0-255,1484,228621,19,369426
24376,0.002037,74.125.130.0-255,2902,231523,19,369426
24377,0.00204,172.31.36.0-255,66,231589,19,369426
24378,0.002068,74.125.130.0-255,5738,237327,19,369426
24379,0.002071,172.31.36.0-255,66,237393,19,369426
24380,0.002083,74.125.130.0-255,5738,243131,19,369426
24381,0.002087,172.31.36.0-255,66,243197,19,369426
24382,0.002091,74.125.130.0-255,1484,244681,19,369426
24383,0.002125,74.125.130.0-255,5738,250419,19,369426
24384,0.002129,172.31.36.0-255,66,250485,19,369426
24385,0.002134,74.125.130.0-255,2902,253387,19,369426
24386,0.002136,172.31.36.0-255,66,253453,19,369426
24387,0.002162,74.125.130.0-255,7856,261309,19,369426
24388,0.002166,172.31.36.0-255,66,261375,19,369426
24389,0.002258,74.125.130.0-255,1484,262859,19,369426
24390,0.002287,74.125.130.0-255,2902,265761,19,369426
24391,0.002291,172.31.36.0-255,101,265862,19,369426
24392,0.002297,172.31.36.0-255,66,265928,19,369426
24393,0.002328,74.125.130.0-255,5738,271666,19,369426
24394,0.002334,172.31.36.0-255,66,271732,19,369426
24395,0.002339,74.125.130.0-255,2902,274634,19,369426
24396,0.002342,172.31.36.0-255,66,274700,19,369426
24397,0.002342,74.125.130.0-255,4320,279020,19,369426
24398,0.002345,172.31.36.0-255,66,279086,19,369426
24399,0.002372,74.125.130.0-255,8574,287660,19,369426
24400,0.002376,172.31.36.0-255,66,287726,19,369426
24401,0.002381,74.125.130.0-255,4320,292046,19,369426
24402,0.002384,172.31.36.0-255,66,292112,19,369426
24403,0.00241,74.125.130.0-255,3602,295714,19,369426
24404,0.002414,172.31.36.0-255,66,295780,19,369426
24405,0.002463,74.125.130.0-255,1484,297264,19,369426
24406,0.002486,74.125.130.0-255,2902,300166,19,369426
24407,0.002492,172.31.36.0-255,66,300232,19,369426
24408,0.002496,74.125.130.0-255,1484,301716,19,369426
24409,0.002527,74.125.130.0-255,4320,306036,19,369426
24410,0.002531,172.31.36.0-255,66,306102,19,369426
24411,0.002538,74.125.130.0-255,7156,313258,19,369426
24412,0.002541,172.31.36.0-255,66,313324,19,369426
24413,0.002572,74.125.130.0-255,4320,317644,19,369426
24414,0.002576,172.31.36.0-255,66,317710,19,369426
24415,0.002608,74.125.130.0-255,8574,326284,19,369426
24416,0.002613,172.31.36.0-255,66,326350,19,369426
24417,0.002616,74.125.130.0-255,1484,327834,19,369426
24418,0.002645,74.125.130.0-255,2184,330018,19,369426
24419,0.002648,172.31.36.0-255,66,330084,19,369426
24420,0.002654,74.125.130.0-255,4320,334404,19,369426
24421,0.002657,172.31.36.0-255,66,334470,19,369426
24422,0.002664,74.125.130.0-255,8574,343044,19,369426
24423,0.002668,172.31.36.0-255,66,343110,19,369426
24424,0.002699,74.125.130.0-255,1484,344594,19,369426
24425,0.002706,74.125.130.0-255,2902,347496,19,369426
24426,0.002709,74.125.130.0-255,2902,350398,19,369426
24427,0.002714,172.31.36.0-255,66,350464,19,369426
24428,0.002717,172.31.36.0-255,66,350530,19,369426
24429,0.002728,74.125.130.0-255,7156,357686,19,369426
24430,0.002738,172.31.36.0-255,66,357752,19,369426
24431,0.004878,74.125.130.0-255,66,357818,19,369426
24432,0.005365,74.125.130.0-255,5738,363556,19,369426
24433,0.005369,172.31.36.0-255,66,363622,19,369426
24434,0.00802,74.125.130.0-255,5738,369360,19,369426
24435,0.008025,172.31.36.0-255,66,369426,19,369426
24436,0.0,74.125.24.0-255,153,153,19,147435
24437,2.4e-05,172.31.36.0-255,66,219,19,147435
24438,3.1e-05,74.125.24.0-255,1484,1703,19,147435
24439,3.5e-05,172.31.36.0-255,66,1769,19,147435
24440,4.3e-05,74.125.24.0-255,2902,4671,19,147435
24441,5.6e-05,172.31.36.0-255,66,4737,19,147435
24442,6.4e-05,74.125.24.0-255,7156,11893,19,147435
24443,6.7e-05,172.31.36.0-255,66,11959,19,147435
24444,7.1e-05,74.125.24.0-255,2064,14023,19,147435
24445,7.4e-05,172.31.36.0-255,66,14089,19,147435
24446,0.000121,74.125.24.0-255,1484,15573,19,147435
24447,0.000123,172.31.36.0-255,66,15639,19,147435
24448,0.000156,74.125.24.0-255,9992,25631,19,147435
24449,0.000159,172.31.36.0-255,66,25697,19,147435
24450,0.000166,74.125.24.0-255,5379,31076,19,147435
24451,0.000169,172.31.36.0-255,66,31142,19,147435
24452,0.00033,74.125.24.0-255,1484,32626,19,147435
24453,0.000334,172.31.36.0-255,66,32692,19,147435
24454,0.000339,74.125.24.0-255,1484,34176,19,147435
24455,0.000341,172.31.36.0-255,66,34242,19,147435
24456,0.000366,74.125.24.0-255,1484,35726,19,147435
24457,0.000369,172.31.36.0-255,66,35792,19,147435
24458,0.000376,74.125.24.0-255,5738,41530,19,147435
24459,0.000383,172.31.36.0-255,66,41596,19,147435
24460,0.000388,74.125.24.0-255,2902,44498,19,147435
24461,0.00039,172.31.36.0-255,66,44564,19,147435
24462,0.000396,74.125.24.0-255,4320,48884,19,147435
24463,0.000398,172.31.36.0-255,66,48950,19,147435
24464,0.000431,74.125.24.0-255,5738,54688,19,147435
24465,0.000434,172.31.36.0-255,66,54754,19,147435
24466,0.000445,74.125.24.0-255,10692,65446,19,147435
24467,0.000452,172.31.36.0-255,66,65512,19,147435
24468,0.000454,74.125.24.0-255,402,65914,19,147435
24469,0.000528,74.125.24.0-255,341,66255,19,147435
24470,0.000663,74.125.24.0-255,1484,67739,19,147435
24471,0.000668,172.31.36.0-255,66,67805,19,147435
24472,0.000674,74.125.24.0-255,2902,70707,19,147435
24473,0.000677,172.31.36.0-255,66,70773,19,147435
24474,0.00068,74.125.24.0-255,1484,72257,19,147435
24475,0.000715,74.125.24.0-255,4320,76577,19,147435
24476,0.000718,172.31.36.0-255,66,76643,19,147435
24477,0.000737,172.31.36.0-255,66,76709,19,147435
24478,0.000743,74.125.24.0-255,4320,81029,19,147435
24479,0.000745,172.31.36.0-255,66,81095,19,147435
24480,0.000791,74.125.24.0-255,6438,87533,19,147435
24481,0.000794,172.31.36.0-255,66,87599,19,147435
24482,0.001624,74.125.24.0-255,1484,89083,19,147435
24483,0.001635,74.125.24.0-255,2902,91985,19,147435
24484,0.00164,172.31.36.0-255,66,92051,19,147435
24485,0.001673,74.125.24.0-255,5738,97789,19,147435
24486,0.001675,172.31.36.0-255,66,97855,19,147435
24487,0.001712,172.31.36.0-255,66,97921,19,147435
24488,0.001737,74.125.24.0-255,2902,100823,19,147435
24489,0.00174,172.31.36.0-255,66,100889,19,147435
24490,0.001762,74.125.24.0-255,7856,108745,19,147435
24491,0.001765,172.31.36.0-255,66,108811,19,147435
24492,0.002214,74.125.24.0-255,1484,110295,19,147435
24493,0.00223,74.125.24.0-255,2902,113197,19,147435
24494,0.002235,172.31.36.0-255,66,113263,19,147435
24495,0.002243,74.125.24.0-255,5738,119001,19,147435
24496,0.002245,172.31.36.0-255,66,119067,19,147435
24497,0.002283,172.31.36.0-255,66,119133,19,147435
24498,0.002289,74.125.24.0-255,4320,123453,19,147435
24499,0.002291,172.31.36.0-255,66,123519,19,147435
24500,0.002318,74.125.24.0-255,6438,129957,19,147435
24501,0.002321,172.31.36.0-255,66,130023,19,147435
24502,0.004581,74.125.24.0-255,5738,135761,19,147435
24503,0.004586,172.31.36.0-255,66,135827,19,147435
24504,0.006874,74.125.24.0-255,5738,141565,19,147435
24505,0.006882,172.31.36.0-255,66,141631,19,147435
24506,0.009152,74.125.24.0-255,5738,147369,19,147435
24507,0.009159,172.31.36.0-255,66,147435,19,147435
24508,0.0,74.125.200.0-255,153,153,19,165605
24509,2.5e-05,172.31.36.0-255,66,219,19,165605
24510,3.2e-05,74.125.200.0-255,1484,1703,19,165605
24511,3.6e-05,172.31.36.0-255,66,1769,19,165605
24512,4.3e-05,74.125.200.0-255,2902,4671,19,165605
24513,5.5e-05,172.31.36.0-255,66,4737,19,165605
24514,6.3e-05,74.125.200.0-255,7156,11893,19,165605
24515,6.6e-05,172.31.36.0-255,66,11959,19,165605
24516,7e-05,74.125.200.0-255,2039,13998,19,165605
24517,7.3e-05,172.31.36.0-255,66,14064,19,165605
24518,0.000139,74.125.200.0-255,1484,15548,19,165605
24519,0.000141,172.31.36.0-255,66,15614,19,165605
24520,0.000159,74.125.200.0-255,2902,18516,19,165605
24521,0.000162,172.31.36.0-255,66,18582,19,165605
24522,0.000166,74.125.200.0-255,1484,20066,19,165605
24523,0.000168,172.31.36.0-255,66,20132,19,165605
24524,0.000194,74.125.200.0-255,4320,24452,19,165605
24525,0.000197,172.31.36.0-255,66,24518,19,165605
24526,0.000224,74.125.200.0-255,6797,31315,19,165605
24527,0.000227,172.31.36.0-255,66,31381,19,165605
24528,0.000234,74.125.200.0-255,7156,38537,19,165605
24529,0.000237,172.31.36.0-255,66,38603,19,165605
24530,0.000263,74.125.200.0-255,7156,45759,19,165605
24531,0.000265,172.31.36.0-255,66,45825,19,165605
24532,0.000285,74.125.200.0-255,2543,48368,19,165605
24533,0.000287,172.31.36.0-255,66,48434,19,165605
24534,0.000331,74.125.200.0-255,1484,49918,19,165605
24535,0.000333,172.31.36.0-255,66,49984,19,165605
24536,0.000337,74.125.200.0-255,1484,51468,19,165605
24537,0.000339,172.31.36.0-255,66,51534,19,165605
24538,0.000363,74.125.200.0-255,1484,53018,19,165605
24539,0.000366,172.31.36.0-255,66,53084,19,165605
24540,0.00037,74.125.200.0-255,2902,55986,19,165605
24541,0.000372,172.31.36.0-255,66,56052,19,165605
24542,0.000383,74.125.200.0-255,4320,60372,19,165605
24543,0.000386,172.31.36.0-255,66,60438,19,165605
24544,0.00042,74.125.200.0-255,5379,65817,19,165605
24545,0.000423,172.31.36.0-255,66,65883,19,165605
24546,0.000472,74.125.200.0-255,394,66277,19,165605
24547,0.000524,74.125.200.0-255,115,66392,19,165605
24548,0.000601,74.125.200.0-255,1484,67876,19,165605
24549,0.000605,172.31.36.0-255,66,67942,19,165605
24550,0.00061,74.125.200.0-255,1484,69426,19,165605
24551,0.000637,74.125.200.0-255,4320,73746,19,165605
24552,0.00064,172.31.36.0-255,66,73812,19,165605
24553,0.000675,74.125.200.0-255,9633,83445,19,165605
24554,0.000678,172.31.36.0-255,66,83511,19,165605
24555,0.000711,74.125.200.0-255,9992,93503,19,165605
24556,0.000714,172.31.36.0-255,66,93569,19,165605
24557,0.000762,74.125.200.0-255,6797,100366,19,165605
24558,0.000766,172.31.36.0-255,66,100432,19,165605
24559,0.001319,172.31.36.0-255,101,100533,19,165605
24560,0.001619,74.125.200.0-255,1484,102017,19,165605
24561,0.001625,74.125.200.0-255,2902,104919,19,165605
24562,0.001629,172.31.36.0-255,66,104985,19,165605
24563,0.00166,74.125.200.0-255,5738,110723,19,165605
24564,0.001662,172.31.36.0-255,66,110789,19,165605
24565,0.00167,74.125.200.0-255,5738,116527,19,165605
24566,0.001672,172.31.36.0-255,66,116593,19,165605
24567,0.001676,74.125.200.0-255,1484,118077,19,165605
24568,0.00171,74.125.200.0-255,5738,123815,19,165605
24569,0.001712,172.31.36.0-255,66,123881,19,165605
24570,0.00172,74.125.200.0-255,5738,129619,19,165605
24571,0.001722,172.31.36.0-255,66,129685,19,165605
24572,0.001753,74.125.200.0-255,5020,134705,19,165605
24573,0.001756,172.31.36.0-255,66,134771,19,165605
24574,0.002011,74.125.200.0-255,1484,136255,19,165605
24575,0.002017,74.125.200.0-255,2902,139157,19,165605
24576,0.00202,172.31.36.0-255,66,139223,19,165605
24577,0.002026,74.125.200.0-255,2902,142125,19,165605
24578,0.002028,172.31.36.0-255,66,142191,19,165605
24579,0.002049,74.125.200.0-255,2902,145093,19,165605
24580,0.002051,172.31.36.0-255,66,145159,19,165605
24581,0.002061,74.125.200.0-255,2902,148061,19,165605
24582,0.002063,172.31.36.0-255,66,148127,19,165605
24583,0.003293,74.125.200.0-255,66,148193,19,165605
24584,0.004072,74.125.200.0-255,5738,153931,19,165605
24585,0.004077,172.31.36.0-255,66,153997,19,165605
24586,0.006102,74.125.200.0-255,5738,159735,19,165605
24587,0.006106,172.31.36.0-255,66,159801,19,165605
24588,0.008124,74.125.200.0-255,5738,165539,19,165605
24589,0.008131,172.31.36.0-255,66,165605,19,165605
24590,0.0,172.217.194.0-255,153,153,19,234698
24591,3.5e-05,172.31.36.0-255,66,219,19,234698
24592,4.2e-05,172.217.194.0-255,1484,1703,19,234698
24593,4.6e-05,172.31.36.0-255,66,1769,19,234698
24594,5.2e-05,172.217.194.0-255,2902,4671,19,234698
24595,5.5e-05,172.31.36.0-255,66,4737,19,234698
24596,6.2e-05,172.217.194.0-255,7156,11893,19,234698
24597,6.4e-05,172.31.36.0-255,66,11959,19,234698
24598,6.8e-05,172.217.194.0-255,2057,14016,19,234698
24599,7.1e-05,172.31.36.0-255,66,14082,19,234698
24600,8.4e-05,172.31.36.0-255,66,14148,19,234698
24601,8.7e-05,172.217.194.0-255,1484,15632,19,234698
24602,8.9e-05,172.31.36.0-255,66,15698,19,234698
24603,0.000111,172.217.194.0-255,3961,19659,19,234698
24604,0.000114,172.31.36.0-255,66,19725,19,234698
24605,0.000117,172.217.194.0-255,1484,21209,19,234698
24606,0.000119,172.31.36.0-255,66,21275,19,234698
24607,0.000145,172.217.194.0-255,4320,25595,19,234698
24608,0.000148,172.31.36.0-255,66,25661,19,234698
24609,0.000161,172.31.36.0-255,66,25727,19,234698
24610,0.000206,172.217.194.0-255,1484,27211,19,234698
24611,0.000208,172.31.36.0-255,66,27277,19,234698
24612,0.000215,172.217.194.0-255,2902,30179,19,234698
24613,0.000217,172.31.36.0-255,66,30245,19,234698
24614,0.000244,172.217.194.0-255,5738,35983,19,234698
24615,0.000247,172.31.36.0-255,66,36049,19,234698
24616,0.00025,172.217.194.0-255,1484,37533,19,234698
24617,0.000252,172.31.36.0-255,66,37599,19,234698
24618,0.000275,172.217.194.0-255,5379,42978,19,234698
24619,0.000278,172.31.36.0-255,66,43044,19,234698
24620,0.00028,172.217.194.0-255,391,43435,19,234698
24621,0.000508,172.217.194.0-255,382,43817,19,234698
24622,0.00083,172.31.36.0-255,66,43883,19,234698
24623,0.00091,172.217.194.0-255,1484,45367,19,234698
24624,0.00092,172.217.194.0-255,2902,48269,19,234698
24625,0.000923,172.31.36.0-255,66,48335,19,234698
24626,0.000929,172.217.194.0-255,4320,52655,19,234698
24627,0.000931,172.31.36.0-255,66,52721,19,234698
24628,0.000943,172.217.194.0-255,1484,54205,19,234698
24629,0.000958,172.217.194.0-255,2902,57107,19,234698
24630,0.00096,172.31.36.0-255,66,57173,19,234698
24631,0.000974,172.217.194.0-255,3961,61134,19,234698
24632,0.000976,172.31.36.0-255,66,61200,19,234698
24633,0.001154,172.217.194.0-255,1484,62684,19,234698
24634,0.001161,172.217.194.0-255,2902,65586,19,234698
24635,0.001167,172.31.36.0-255,66,65652,19,234698
24636,0.001174,172.217.194.0-255,5738,71390,19,234698
24637,0.001176,172.31.36.0-255,66,71456,19,234698
24638,0.001216,172.31.36.0-255,66,71522,19,234698
24639,0.001268,172.217.194.0-255,10692,82214,19,234698
24640,0.001272,172.31.36.0-255,66,82280,19,234698
24641,0.001327,172.217.194.0-255,1484,83764,19,234698
24642,0.00134,172.217.194.0-255,2902,86666,19,234698
24643,0.001343,172.31.36.0-255,66,86732,19,234698
24644,0.001366,172.217.194.0-255,5738,92470,19,234698
24645,0.001369,172.31.36.0-255,66,92536,19,234698
24646,0.001374,172.217.194.0-255,2902,95438,19,234698
24647,0.001376,172.31.36.0-255,66,95504,19,234698
24648,0.001396,172.217.194.0-255,8574,104078,19,234698
24649,0.001401,172.31.36.0-255,66,104144,19,234698
24650,0.001423,172.217.194.0-255,7156,111300,19,234698
24651,0.001426,172.31.36.0-255,66,111366,19,234698
24652,0.001441,172.217.194.0-255,5020,116386,19,234698
24653,0.001443,172.31.36.0-255,66,116452,19,234698
24654,0.001484,172.217.194.0-255,4320,120772,19,234698
24655,0.001487,172.31.36.0-255,66,120838,19,234698
24656,0.001493,172.217.194.0-255,5738,126576,19,234698
24657,0.001495,172.31.36.0-255,66,126642,19,234698
24658,0.00153,172.31.36.0-255,66,126708,19,234698
24659,0.001533,172.217.194.0-255,1484,128192,19,234698
24660,0.00155,172.217.194.0-255,5738,133930,19,234698
24661,0.001552,172.31.36.0-255,66,133996,19,234698
24662,0.001576,172.217.194.0-255,5020,139016,19,234698
24663,0.001578,172.31.36.0-255,66,139082,19,234698
24664,0.001582,172.217.194.0-255,2902,141984,19,234698
24665,0.001584,172.31.36.0-255,66,142050,19,234698
24666,0.001589,172.217.194.0-255,4320,146370,19,234698
24667,0.001591,172.31.36.0-255,66,146436,19,234698
24668,0.001625,172.217.194.0-255,8574,155010,19,234698
24669,0.001628,172.31.36.0-255,66,155076,19,234698
24670,0.001643,172.217.194.0-255,5738,160814,19,234698
24671,0.001645,172.31.36.0-255,66,160880,19,234698
24672,0.001672,172.31.36.0-255,66,160946,19,234698
24673,0.001675,172.217.194.0-255,1484,162430,19,234698
24674,0.0017,172.217.194.0-255,2902,165332,19,234698
24675,0.001702,172.31.36.0-255,66,165398,19,234698
24676,0.001707,172.217.194.0-255,5738,171136,19,234698
24677,0.00171,172.31.36.0-255,66,171202,19,234698
24678,0.001713,172.217.194.0-255,1484,172686,19,234698
24679,0.001757,172.217.194.0-255,9992,182678,19,234698
24680,0.001808,172.217.194.0-255,9992,192670,19,234698
24681,0.001843,172.217.194.0-255,1484,194154,19,234698
24682,0.001862,172.217.194.0-255,9274,203428,19,234698
24683,0.001928,172.217.194.0-255,4320,207748,19,234698
24684,0.001977,172.217.194.0-255,2184,209932,19,234698
24685,0.002092,172.217.194.0-255,1484,211416,19,234698
24686,0.002097,172.217.194.0-255,2902,214318,19,234698
24687,0.002111,172.217.194.0-255,2902,217220,19,234698
24688,0.002263,172.31.36.0-255,66,217286,19,234698
24689,0.004339,172.217.194.0-255,5738,223024,19,234698
24690,0.004344,172.31.36.0-255,66,223090,19,234698
24691,0.006418,172.217.194.0-255,5738,228828,19,234698
24692,0.006423,172.31.36.0-255,66,228894,19,234698
24693,0.008492,172.217.194.0-255,5738,234632,19,234698
24694,0.008497,172.31.36.0-255,66,234698,19,234698
24695,0.0,74.125.68.0-255,146,146,19,298793
24696,2.4e-05,172.31.36.0-255,66,212,19,298793
24697,3.1e-05,74.125.68.0-255,1484,1696,19,298793
24698,3.5e-05,172.31.36.0-255,66,1762,19,298793
24699,5.1e-05,74.125.68.0-255,2902,4664,19,298793
24700,5.4e-05,172.31.36.0-255,66,4730,19,298793
24701,6.1e-05,74.125.68.0-255,5738,10468,19,298793
24702,6.3e-05,172.31.36.0-255,66,10534,19,298793
24703,7.1e-05,74.125.68.0-255,6232,16766,19,298793
24704,7.3e-05,172.31.36.0-255,66,16832,19,298793
24705,8.1e-05,74.125.68.0-255,8574,25406,19,298793
24706,8.4e-05,172.31.36.0-255,66,25472,19,298793
24707,0.000109,74.125.68.0-255,1484,26956,19,298793
24708,0.000112,172.31.36.0-255,66,27022,19,298793
24709,0.000123,74.125.68.0-255,3961,30983,19,298793
24710,0.000126,172.31.36.0-255,66,31049,19,298793
24711,0.000197,74.125.68.0-255,1484,32533,19,298793
24712,0.0002,172.31.36.0-255,66,32599,19,298793
24713,0.000206,74.125.68.0-255,2902,35501,19,298793
24714,0.000208,172.31.36.0-255,66,35567,19,298793
24715,0.000236,74.125.68.0-255,5738,41305,19,298793
24716,0.000239,172.31.36.0-255,66,41371,19,298793
24717,0.000242,74.125.68.0-255,1484,42855,19,298793
24718,0.000244,172.31.36.0-255,66,42921,19,298793
24719,0.000274,74.125.68.0-255,5379,48300,19,298793
24720,0.000276,172.31.36.0-255,66,48366,19,298793
24721,0.000296,74.125.68.0-255,7156,55522,19,298793
24722,0.000299,172.31.36.0-255,66,55588,19,298793
24723,0.00031,74.125.68.0-255,1484,57072,19,298793
24724,0.000316,172.31.36.0-255,66,57138,19,298793
24725,0.000351,74.125.68.0-255,2902,60040,19,298793
24726,0.000353,172.31.36.0-255,66,60106,19,298793
24727,0.000382,74.125.68.0-255,5647,65753,19,298793
24728,0.000386,74.125.68.0-255,387,66140,19,298793
24729,0.000425,74.125.68.0-255,1484,67624,19,298793
24730,0.000446,74.125.68.0-255,2902,70526,19,298793
24731,0.000449,74.125.68.0-255,1484,72010,19,298793
24732,0.000466,74.125.68.0-255,4320,76330,19,298793
24733,0.000488,74.125.68.0-255,7156,83486,19,298793
24734,0.000499,74.125.68.0-255,1484,84970,19,298793
24735,0.000529,74.125.68.0-255,9992,94962,19,298793
24736,0.000535,74.125.68.0-255,5020,99982,19,298793
24737,0.000617,172.31.36.0-255,66,100048,19,298793
24738,0.000684,74.125.68.0-255,1484,101532,19,298793
24739,0.00069,74.125.68.0-255,2902,104434,19,298793
24740,0.000728,172.31.36.0-255,66,104500,19,298793
24741,0.000735,74.125.68.0-255,5738,110238,19,298793
24742,0.000747,74.125.68.0-255,7156,117394,19,298793
24743,0.000755,172.31.36.0-255,66,117460,19,298793
24744,0.000766,74.125.68.0-255,5738,123198,19,298793
24745,0.000788,74.125.68.0-255,2902,126100,19,298793
24746,0.000793,74.125.68.0-255,5738,131838,19,298793
24747,0.000817,172.31.36.0-255,66,131904,19,298793
24748,0.000835,74.125.68.0-255,1635,133539,19,298793
24749,0.000856,172.31.36.0-255,66,133605,19,298793
24750,0.001008,74.125.68.0-255,1484,135089,19,298793
24751,0.001013,74.125.68.0-255,2902,137991,19,298793
24752,0.001028,74.125.68.0-255,5738,143729,19,298793
24753,0.001036,172.31.36.0-255,66,143795,19,298793
24754,0.001048,74.125.68.0-255,2902,146697,19,298793
24755,0.001058,74.125.68.0-255,4320,151017,19,298793
24756,0.001077,172.31.36.0-255,66,151083,19,298793
24757,0.001099,74.125.68.0-255,7156,158239,19,298793
24758,0.001126,74.125.68.0-255,2902,161141,19,298793
24759,0.001131,172.31.36.0-255,66,161207,19,298793
24760,0.001158,74.125.68.0-255,5738,166945,19,298793
24761,0.001162,74.125.68.0-255,766,167711,19,298793
24762,0.001172,172.31.36.0-255,66,167777,19,298793
24763,0.001202,74.125.68.0-255,1484,169261,19,298793
24764,0.001215,74.125.68.0-255,1484,170745,19,298793
24765,0.001226,74.125.68.0-255,1484,172229,19,298793
24766,0.001242,74.125.68.0-255,2902,175131,19,298793
24767,0.001245,172.31.36.0-255,66,175197,19,298793
24768,0.00125,172.31.36.0-255,66,175263,19,298793
24769,0.001281,74.125.68.0-255,4320,179583,19,298793
24770,0.001284,74.125.68.0-255,1484,181067,19,298793
24771,0.001296,74.125.68.0-255,2902,183969,19,298793
24772,0.001315,172.31.36.0-255,66,184035,19,298793
24773,0.001325,74.125.68.0-255,5738,189773,19,298793
24774,0.001351,172.31.36.0-255,66,189839,19,298793
24775,0.001374,74.125.68.0-255,1484,191323,19,298793
24776,0.001393,74.125.68.0-255,2902,194225,19,298793
24777,0.001399,74.125.68.0-255,4320,198545,19,298793
24778,0.001428,172.31.36.0-255,66,198611,19,298793
24779,0.001454,74.125.68.0-255,9274,207885,19,298793
24780,0.001467,172.31.36.0-255,66,207951,19,298793
24781,0.001485,74.125.68.0-255,8574,216525,19,298793
24782,0.001491,172.31.36.0-255,66,216591,19,298793
24783,0.001503,74.125.68.0-255,1484,218075,19,298793
24784,0.001517,74.125.68.0-255,8574,226649,19,298793
24785,0.001526,74.125.68.0-255,9274,235923,19,298793
24786,0.001545,172.31.36.0-255,66,235989,19,298793
24787,0.00159,74.125.68.0-255,1484,237473,19,298793
24788,0.001594,74.125.68.0-255,1484,238957,19,298793
24789,0.001607,74.125.68.0-255,1484,240441,19,298793
24790,0.00161,74.125.68.0-255,1484,241925,19,298793
24791,0.001617,172.31.36.0-255,66,241991,19,298793
24792,0.001626,74.125.68.0-255,2902,244893,19,298793
24793,0.001647,74.125.68.0-255,1484,246377,19,298793
24794,0.001649,74.125.68.0-255,1484,247861,19,298793
24795,0.001651,172.31.36.0-255,66,247927,19,298793
24796,0.001723,74.125.68.0-255,10692,258619,19,298793
24797,0.001727,172.31.36.0-255,66,258685,19,298793
24798,0.001737,172.31.36.0-255,66,258751,19,298793
24799,0.001764,74.125.68.0-255,1484,260235,19,298793
24800,0.001768,74.125.68.0-255,1484,261719,19,298793
24801,0.001777,172.31.36.0-255,66,261785,19,298793
24802,0.001785,74.125.68.0-255,1484,263269,19,298793
24803,0.001804,74.125.68.0-255,5738,269007,19,298793
24804,0.001824,74.125.68.0-255,7156,276163,19,298793
24805,0.001865,172.31.36.0-255,66,276229,19,298793
24806,0.001908,172.31.36.0-255,66,276295,19,298793
24807,0.001925,74.125.68.0-255,5020,281315,19,298793
24808,0.001951,172.31.36.0-255,66,281381,19,298793
24809,0.004196,74.125.68.0-255,5738,287119,19,298793
24810,0.004203,172.31.36.0-255,66,287185,19,298793
24811,0.006447,74.125.68.0-255,5738,292923,19,298793
24812,0.006454,172.31.36.0-255,66,292989,19,298793
24813,0.008698,74.125.68.0-255,5738,298727,19,298793
24814,0.008705,172.31.36.0-255,66,298793,19,298793
24815,0.0,74.125.24.0-255,149,149,19,342068
24816,1.7e-05,172.31.36.0-255,66,215,19,342068
24817,2.4e-05,74.125.24.0-255,1484,1699,19,342068
24818,2.9e-05,172.31.36.0-255,66,1765,19,342068
24819,3.4e-05,74.125.24.0-255,2902,4667,19,342068
24820,3.8e-05,172.31.36.0-255,66,4733,19,342068
24821,4.6e-05,74.125.24.0-255,7156,11889,19,342068
24822,4.9e-05,172.31.36.0-255,66,11955,19,342068
24823,5.3e-05,74.125.24.0-255,2065,14020,19,342068
24824,5.5e-05,172.31.36.0-255,66,14086,19,342068
24825,9.3e-05,74.125.24.0-255,1484,15570,19,342068
24826,9.6e-05,172.31.36.0-255,66,15636,19,342068
24827,0.000101,74.125.24.0-255,2902,18538,19,342068
24828,0.000103,172.31.36.0-255,66,18604,19,342068
24829,0.000123,74.125.24.0-255,5738,24342,19,342068
24830,0.000126,172.31.36.0-255,66,24408,19,342068
24831,0.000159,74.125.24.0-255,6797,31205,19,342068
24832,0.000162,172.31.36.0-255,66,31271,19,342068
24833,0.000205,74.125.24.0-255,1484,32755,19,342068
24834,0.000208,172.31.36.0-255,66,32821,19,342068
24835,0.000213,74.125.24.0-255,2902,35723,19,342068
24836,0.000216,172.31.36.0-255,66,35789,19,342068
24837,0.00025,74.125.24.0-255,5738,41527,19,342068
24838,0.000253,172.31.36.0-255,66,41593,19,342068
24839,0.00026,74.125.24.0-255,5738,47331,19,342068
24840,0.000263,172.31.36.0-255,66,47397,19,342068
24841,0.000282,74.125.24.0-255,8215,55612,19,342068
24842,0.000285,172.31.36.0-255,66,55678,19,342068
24843,0.0003,74.125.24.0-255,1484,57162,19,342068
24844,0.000302,172.31.36.0-255,66,57228,19,342068
24845,0.00033,74.125.24.0-255,8215,65443,19,342068
24846,0.000332,172.31.36.0-255,66,65509,19,342068
24847,0.000406,74.125.24.0-255,398,65907,19,342068
24848,0.000427,74.125.24.0-255,346,66253,19,342068
24849,0.000875,74.125.24.0-255,1484,67737,19,342068
24850,0.00088,172.31.36.0-255,66,67803,19,342068
24851,0.000887,74.125.24.0-255,2902,70705,19,342068
24852,0.00089,172.31.36.0-255,66,70771,19,342068
24853,0.000896,74.125.24.0-255,5738,76509,19,342068
24854,0.000898,172.31.36.0-255,66,76575,19,342068
24855,0.000932,172.31.36.0-255,66,76641,19,342068
24856,0.000954,74.125.24.0-255,5738,82379,19,342068
24857,0.000958,172.31.36.0-255,66,82445,19,342068
24858,0.000975,74.125.24.0-255,5020,87465,19,342068
24859,0.000985,172.31.36.0-255,66,87531,19,342068
24860,0.000988,74.125.24.0-255,1484,89015,19,342068
24861,0.000992,74.125.24.0-255,2902,91917,19,342068
24862,0.000994,172.31.36.0-255,66,91983,19,342068
24863,0.000998,74.125.24.0-255,1484,93467,19,342068
24864,0.001024,74.125.24.0-255,4320,97787,19,342068
24865,0.001028,172.31.36.0-255,66,97853,19,342068
24866,0.001038,74.125.24.0-255,9992,107845,19,342068
24867,0.00104,172.31.36.0-255,66,107911,19,342068
24868,0.001065,74.125.24.0-255,2902,110813,19,342068
24869,0.001067,172.31.36.0-255,66,110879,19,342068
24870,0.001073,74.125.24.0-255,5738,116617,19,342068
24871,0.001076,172.31.36.0-255,66,116683,19,342068
24872,0.00113,74.125.24.0-255,5020,121703,19,342068
24873,0.001138,172.31.36.0-255,66,121769,19,342068
24874,0.001547,74.125.24.0-255,1484,123253,19,342068
24875,0.001553,74.125.24.0-255,2902,126155,19,342068
24876,0.001556,172.31.36.0-255,66,126221,19,342068
24877,0.001563,74.125.24.0-255,5738,131959,19,342068
24878,0.001565,172.31.36.0-255,66,132025,19,342068
24879,0.001596,74.125.24.0-255,9992,142017,19,342068
24880,0.001599,172.31.36.0-255,66,142083,19,342068
24881,0.001614,74.125.24.0-255,2902,144985,19,342068
24882,0.001616,172.31.36.0-255,66,145051,19,342068
24883,0.001622,74.125.24.0-255,2902,147953,19,342068
24884,0.001623,172.31.36.0-255,66,148019,19,342068
24885,0.001657,74.125.24.0-255,7856,155875,19,342068
24886,0.00166,172.31.36.0-255,66,155941,19,342068
24887,0.001823,74.125.24.0-255,1484,157425,19,342068
24888,0.001829,74.125.24.0-255,2902,160327,19,342068
24889,0.001832,172.31.36.0-255,66,160393,19,342068
24890,0.001839,74.125.24.0-255,5738,166131,19,342068
24891,0.001841,172.31.36.0-255,66,166197,19,342068
24892,0.001884,172.31.36.0-255,66,166263,19,342068
24893,0.001911,74.125.24.0-255,8574,174837,19,342068
24894,0.001914,172.31.36.0-255,66,174903,19,342068
24895,0.001933,74.125.24.0-255,2184,177087,19,342068
24896,0.001935,172.31.36.0-255,66,177153,19,342068
24897,0.001942,74.125.24.0-255,5738,182891,19,342068
24898,0.001944,172.31.36.0-255,66,182957,19,342068
24899,0.00196,74.125.24.0-255,5738,188695,19,342068
24900,0.001962,172.31.36.0-255,66,188761,19,342068
24901,0.001972,74.125.24.0-255,9992,198753,19,342068
24902,0.001975,172.31.36.0-255,66,198819,19,342068
24903,0.001992,74.125.24.0-255,2902,201721,19,342068
24904,0.001994,172.31.36.0-255,66,201787,19,342068
24905,0.002013,74.125.24.0-255,9274,211061,19,342068
24906,0.002016,172.31.36.0-255,66,211127,19,342068
24907,0.002018,74.125.24.0-255,1484,212611,19,342068
24908,0.002048,74.125.24.0-255,8574,221185,19,342068
24909,0.00205,172.31.36.0-255,66,221251,19,342068
24910,0.002072,74.125.24.0-255,8574,229825,19,342068
24911,0.002075,172.31.36.0-255,66,229891,19,342068
24912,0.002104,74.125.24.0-255,9992,239883,19,342068
24913,0.002107,172.31.36.0-255,66,239949,19,342068
24914,0.002115,74.125.24.0-255,6438,246387,19,342068
24915,0.002117,172.31.36.0-255,66,246453,19,342068
24916,0.002125,74.125.24.0-255,7156,253609,19,342068
24917,0.002128,172.31.36.0-255,66,253675,19,342068
24918,0.00215,74.125.24.0-255,4320,257995,19,342068
24919,0.002152,172.31.36.0-255,66,258061,19,342068
24920,0.002181,172.31.36.0-255,66,258127,19,342068
24921,0.002191,74.125.24.0-255,9274,267401,19,342068
24922,0.002193,172.31.36.0-255,66,267467,19,342068
24923,0.002235,74.125.24.0-255,1484,268951,19,342068
24924,0.002241,74.125.24.0-255,2902,271853,19,342068
24925,0.002244,172.31.36.0-255,66,271919,19,342068
24926,0.002248,74.125.24.0-255,1484,273403,19,342068
24927,0.002267,74.125.24.0-255,4320,277723,19,342068
24928,0.00227,172.31.36.0-255,66,277789,19,342068
24929,0.002307,74.125.24.0-255,2902,280691,19,342068
24930,0.002309,172.31.36.0-255,66,280757,19,342068
24931,0.002336,74.125.24.0-255,9992,290749,19,342068
24932,0.00234,172.31.36.0-255,66,290815,19,342068
24933,0.00235,74.125.24.0-255,10692,301507,19,342068
24934,0.002352,172.31.36.0-255,66,301573,19,342068
24935,0.002359,74.125.24.0-255,5738,307311,19,342068
24936,0.002361,172.31.36.0-255,66,307377,19,342068
24937,0.002391,74.125.24.0-255,7156,314533,19,342068
24938,0.002394,172.31.36.0-255,66,314599,19,342068
24939,0.002399,74.125.24.0-255,2902,317501,19,342068
24940,0.002402,172.31.36.0-255,66,317567,19,342068
24941,0.002429,172.31.36.0-255,66,317633,19,342068
24942,0.002435,74.125.24.0-255,5738,323371,19,342068
24943,0.002437,172.31.36.0-255,66,323437,19,342068
24944,0.002473,74.125.24.0-255,4320,327757,19,342068
24945,0.002477,172.31.36.0-255,66,327823,19,342068
24946,0.002501,74.125.24.0-255,9274,337097,19,342068
24947,0.00252,74.125.24.0-255,4695,341792,19,342068
24948,0.002542,74.125.24.0-255,105,341897,19,342068
24949,0.00255,172.31.36.0-255,66,341963,19,342068
24950,0.008875,172.31.36.0-255,105,342068,19,342068
24951,0.0,74.125.24.0-255,143,143,19,315059
24952,3.4e-05,172.31.36.0-255,66,209,19,315059
24953,4.2e-05,74.125.24.0-255,1484,1693,19,315059
24954,4.6e-05,172.31.36.0-255,66,1759,19,315059
24955,5.3e-05,74.125.24.0-255,2902,4661,19,315059
24956,5.6e-05,172.31.36.0-255,66,4727,19,315059
24957,6.5e-05,74.125.24.0-255,7156,11883,19,315059
24958,6.8e-05,172.31.36.0-255,66,11949,19,315059
24959,7.6e-05,74.125.24.0-255,7156,19105,19,315059
24960,7.9e-05,172.31.36.0-255,66,19171,19,315059
24961,0.000101,74.125.24.0-255,4848,24019,19,315059
24962,0.000104,172.31.36.0-255,66,24085,19,315059
24963,0.000123,74.125.24.0-255,4320,28405,19,315059
24964,0.000126,172.31.36.0-255,66,28471,19,315059
24965,0.000147,74.125.24.0-255,2543,31014,19,315059
24966,0.00015,172.31.36.0-255,66,31080,19,315059
24967,0.000168,74.125.24.0-255,1484,32564,19,315059
24968,0.00017,172.31.36.0-255,66,32630,19,315059
24969,0.00019,74.125.24.0-255,2902,35532,19,315059
24970,0.000193,172.31.36.0-255,66,35598,19,315059
24971,0.000198,74.125.24.0-255,2902,38500,19,315059
24972,0.0002,172.31.36.0-255,66,38566,19,315059
24973,0.000215,74.125.24.0-255,2902,41468,19,315059
24974,0.000218,172.31.36.0-255,66,41534,19,315059
24975,0.000224,74.125.24.0-255,4320,45854,19,315059
24976,0.000226,172.31.36.0-255,66,45920,19,315059
24977,0.00025,74.125.24.0-255,2543,48463,19,315059
24978,0.000253,172.31.36.0-255,66,48529,19,315059
24979,0.000257,74.125.24.0-255,2902,51431,19,315059
24980,0.00026,172.31.36.0-255,66,51497,19,315059
24981,0.000298,172.31.36.0-255,66,51563,19,315059
24982,0.000302,74.125.24.0-255,2853,54416,19,315059
24983,0.000409,74.125.24.0-255,112,54528,19,315059
24984,0.000502,172.31.36.0-255,66,54594,19,315059
24985,0.000558,74.125.24.0-255,1484,56078,19,315059
24986,0.000565,74.125.24.0-255,2902,58980,19,315059
24987,0.000593,74.125.24.0-255,1484,60464,19,315059
24988,0.000609,74.125.24.0-255,4320,64784,19,315059
24989,0.000634,74.125.24.0-255,2543,67327,19,315059
24990,0.000642,74.125.24.0-255,7156,74483,19,315059
24991,0.000648,172.31.36.0-255,66,74549,19,315059
24992,0.000656,74.125.24.0-255,2543,77092,19,315059
24993,0.000659,74.125.24.0-255,332,77424,19,315059
24994,0.000665,172.31.36.0-255,66,77490,19,315059
24995,0.000971,74.125.24.0-255,1484,78974,19,315059
24996,0.000978,74.125.24.0-255,2902,81876,19,315059
24997,0.001,74.125.24.0-255,5738,87614,19,315059
24998,0.001004,172.31.36.0-255,66,87680,19,315059
24999,0.001014,172.31.36.0-255,66,87746,19,315059
25000,0.001026,74.125.24.0-255,5738,93484,19,315059
25001,0.001054,74.125.24.0-255,7156,100640,19,315059
25002,0.001061,74.125.24.0-255,7156,107796,19,315059
25003,0.001064,172.31.36.0-255,66,107862,19,315059
25004,0.00108,172.31.36.0-255,66,107928,19,315059
25005,0.001086,74.125.24.0-255,3602,111530,19,315059
25006,0.001112,172.31.36.0-255,66,111596,19,315059
25007,0.001531,74.125.24.0-255,1484,113080,19,315059
25008,0.001537,74.125.24.0-255,2902,115982,19,315059
25009,0.001541,172.31.36.0-255,66,116048,19,315059
25010,0.001545,74.125.24.0-255,1484,117532,19,315059
25011,0.001565,74.125.24.0-255,4320,121852,19,315059
25012,0.00157,74.125.24.0-255,2902,124754,19,315059
25013,0.001582,172.31.36.0-255,66,124820,19,315059
25014,0.001596,74.125.24.0-255,9992,134812,19,315059
25015,0.001604,74.125.24.0-255,8574,143386,19,315059
25016,0.001616,172.31.36.0-255,66,143452,19,315059
25017,0.001635,74.125.24.0-255,2184,145636,19,315059
25018,0.001656,172.31.36.0-255,66,145702,19,315059
25019,0.001753,74.125.24.0-255,1484,147186,19,315059
25020,0.00177,74.125.24.0-255,2902,150088,19,315059
25021,0.001774,172.31.36.0-255,66,150154,19,315059
25022,0.001778,74.125.24.0-255,1484,151638,19,315059
25023,0.001796,74.125.24.0-255,4320,155958,19,315059
25024,0.001804,74.125.24.0-255,8574,164532,19,315059
25025,0.00181,172.31.36.0-255,66,164598,19,315059
25026,0.001848,74.125.24.0-255,7156,171754,19,315059
25027,0.001855,172.31.36.0-255,66,171820,19,315059
25028,0.001879,74.125.24.0-255,7856,179676,19,315059
25029,0.001886,172.31.36.0-255,66,179742,19,315059
25030,0.002014,74.125.24.0-255,1484,181226,19,315059
25031,0.002027,74.125.24.0-255,2902,184128,19,315059
25032,0.002031,172.31.36.0-255,66,184194,19,315059
25033,0.002054,74.125.24.0-255,5738,189932,19,315059
25034,0.002058,74.125.24.0-255,2902,192834,19,315059
25035,0.002086,74.125.24.0-255,9992,202826,19,315059
25036,0.002097,172.31.36.0-255,66,202892,19,315059
25037,0.00211,74.125.24.0-255,8574,211466,19,315059
25038,0.002114,172.31.36.0-255,66,211532,19,315059
25039,0.002131,74.125.24.0-255,3602,215134,19,315059
25040,0.002134,74.125.24.0-255,1484,216618,19,315059
25041,0.002138,74.125.24.0-255,2902,219520,19,315059
25042,0.002153,172.31.36.0-255,66,219586,19,315059
25043,0.002184,74.125.24.0-255,5738,225324,19,315059
25044,0.002192,74.125.24.0-255,9274,234598,19,315059
25045,0.002242,74.125.24.0-255,1484,236082,19,315059
25046,0.002245,74.125.24.0-255,1484,237566,19,315059
25047,0.00226,74.125.24.0-255,1484,239050,19,315059
25048,0.002265,74.125.24.0-255,4320,243370,19,315059
25049,0.002278,74.125.24.0-255,1484,244854,19,315059
25050,0.002298,74.125.24.0-255,4320,249174,19,315059
25051,0.002326,74.125.24.0-255,8574,257748,19,315059
25052,0.002333,74.125.24.0-255,5738,263486,19,315059
25053,0.002339,74.125.24.0-255,5020,268506,19,315059
25054,0.002365,74.125.24.0-255,2902,271408,19,315059
25055,0.002403,74.125.24.0-255,5738,277146,19,315059
25056,0.002419,74.125.24.0-255,8574,285720,19,315059
25057,0.002441,74.125.24.0-255,2902,288622,19,315059
25058,0.002447,74.125.24.0-255,5738,294360,19,315059
25059,0.002464,74.125.24.0-255,7856,302216,19,315059
25060,0.002466,74.125.24.0-255,1484,303700,19,315059
25061,0.002519,74.125.24.0-255,766,304466,19,315059
25062,0.002545,74.125.24.0-255,9992,314458,19,315059
25063,0.002547,74.125.24.0-255,430,314888,19,315059
25064,0.002587,74.125.24.0-255,105,314993,19,315059
25065,0.008271,172.31.36.0-255,66,315059,19,315059
25066,0.0,172.217.194.0-255,146,146,19,249024
25067,2.6e-05,172.31.36.0-255,66,212,19,249024
25068,3.3e-05,172.217.194.0-255,1484,1696,19,249024
25069,3.7e-05,172.31.36.0-255,66,1762,19,249024
25070,4.1e-05,172.217.194.0-255,2902,4664,19,249024
25071,4.4e-05,172.31.36.0-255,66,4730,19,249024
25072,5.5e-05,172.217.194.0-255,1484,6214,19,249024
25073,5.7e-05,172.31.36.0-255,66,6280,19,249024
25074,6.3e-05,172.217.194.0-255,5738,12018,19,249024
25075,6.5e-05,172.31.36.0-255,66,12084,19,249024
25076,0.0001,172.217.194.0-255,4886,16970,19,249024
25077,0.000102,172.31.36.0-255,66,17036,19,249024
25078,0.000108,172.217.194.0-255,5738,22774,19,249024
25079,0.00011,172.31.36.0-255,66,22840,19,249024
25080,0.00015,172.217.194.0-255,8215,31055,19,249024
25081,0.000154,172.31.36.0-255,66,31121,19,249024
25082,0.000211,172.217.194.0-255,8574,39695,19,249024
25083,0.000215,172.31.36.0-255,66,39761,19,249024
25084,0.000253,172.217.194.0-255,7156,46917,19,249024
25085,0.000256,172.31.36.0-255,66,46983,19,249024
25086,0.000288,172.217.194.0-255,2543,49526,19,249024
25087,0.000291,172.31.36.0-255,66,49592,19,249024
25088,0.0003,172.217.194.0-255,9992,59584,19,249024
25089,0.000302,172.31.36.0-255,66,59650,19,249024
25090,0.000315,172.217.194.0-255,5655,65305,19,249024
25091,0.000317,172.31.36.0-255,66,65371,19,249024
25092,0.00032,172.217.194.0-255,434,65805,19,249024
25093,0.000322,172.31.36.0-255,66,65871,19,249024
25094,0.000544,172.217.194.0-255,1484,67355,19,249024
25095,0.000549,172.31.36.0-255,66,67421,19,249024
25096,0.000555,172.217.194.0-255,2902,70323,19,249024
25097,0.000558,172.217.194.0-255,1484,71807,19,249024
25098,0.00056,172.31.36.0-255,66,71873,19,249024
25099,0.000595,172.217.194.0-255,4320,76193,19,249024
25100,0.000599,172.31.36.0-255,66,76259,19,249024
25101,0.000608,172.31.36.0-255,66,76325,19,249024
25102,0.000623,172.217.194.0-255,9992,86317,19,249024
25103,0.000627,172.31.36.0-255,66,86383,19,249024
25104,0.000649,172.217.194.0-255,766,87149,19,249024
25105,0.000929,172.217.194.0-255,1484,88633,19,249024
25106,0.000934,172.31.36.0-255,66,88699,19,249024
25107,0.000939,172.217.194.0-255,2902,91601,19,249024
25108,0.000941,172.31.36.0-255,66,91667,19,249024
25109,0.000961,172.217.194.0-255,5738,97405,19,249024
25110,0.000965,172.31.36.0-255,66,97471,19,249024
25111,0.000967,172.217.194.0-255,7156,104627,19,249024
25112,0.00097,172.31.36.0-255,66,104693,19,249024
25113,0.001029,172.31.36.0-255,66,104759,19,249024
25114,0.001034,172.217.194.0-255,2184,106943,19,249024
25115,0.001036,172.31.36.0-255,66,107009,19,249024
25116,0.00127,172.217.194.0-255,1484,108493,19,249024
25117,0.001276,172.217.194.0-255,2902,111395,19,249024
25118,0.00128,172.31.36.0-255,66,111461,19,249024
25119,0.001307,172.217.194.0-255,5738,117199,19,249024
25120,0.00131,172.31.36.0-255,66,117265,19,249024
25121,0.001315,172.217.194.0-255,2902,120167,19,249024
25122,0.001318,172.31.36.0-255,66,120233,19,249024
25123,0.001351,172.217.194.0-255,9992,130225,19,249024
25124,0.001354,172.31.36.0-255,66,130291,19,249024
25125,0.001357,172.217.194.0-255,1484,131775,19,249024
25126,0.001384,172.217.194.0-255,9274,141049,19,249024
25127,0.001387,172.31.36.0-255,66,141115,19,249024
25128,0.001419,172.217.194.0-255,9992,151107,19,249024
25129,0.001422,172.31.36.0-255,66,151173,19,249024
25130,0.001431,172.217.194.0-255,9992,161165,19,249024
25131,0.001439,172.31.36.0-255,66,161231,19,249024
25132,0.00148,172.217.194.0-255,8574,169805,19,249024
25133,0.001483,172.31.36.0-255,66,169871,19,249024
25134,0.001513,172.217.194.0-255,5020,174891,19,249024
25135,0.001516,172.31.36.0-255,66,174957,19,249024
25136,0.00189,172.217.194.0-255,1484,176441,19,249024
25137,0.001896,172.217.194.0-255,2902,179343,19,249024
25138,0.001899,172.31.36.0-255,66,179409,19,249024
25139,0.001928,172.217.194.0-255,5738,185147,19,249024
25140,0.001932,172.31.36.0-255,66,185213,19,249024
25141,0.001938,172.217.194.0-255,5738,190951,19,249024
25142,0.00194,172.31.36.0-255,66,191017,19,249024
25143,0.002014,172.31.36.0-255,66,191083,19,249024
25144,0.00202,172.217.194.0-255,5020,196103,19,249024
25145,0.002022,172.31.36.0-255,66,196169,19,249024
25146,0.002066,172.217.194.0-255,1484,197653,19,249024
25147,0.002071,172.217.194.0-255,2902,200555,19,249024
25148,0.002074,172.31.36.0-255,66,200621,19,249024
25149,0.002101,172.217.194.0-255,5738,206359,19,249024
25150,0.002103,172.31.36.0-255,66,206425,19,249024
25151,0.002108,172.217.194.0-255,2902,209327,19,249024
25152,0.00211,172.31.36.0-255,66,209393,19,249024
25153,0.00218,172.217.194.0-255,9992,219385,19,249024
25154,0.002185,172.31.36.0-255,66,219451,19,249024
25155,0.002195,172.217.194.0-255,10692,230143,19,249024
25156,0.002197,172.31.36.0-255,66,230209,19,249024
25157,0.002223,172.31.36.0-255,66,230275,19,249024
25158,0.002231,172.217.194.0-255,7856,238131,19,249024
25159,0.002234,172.31.36.0-255,66,238197,19,249024
25160,0.002289,172.31.36.0-255,66,238263,19,249024
25161,0.002298,172.217.194.0-255,9992,248255,19,249024
25162,0.002301,172.31.36.0-255,66,248321,19,249024
25163,0.002351,172.31.36.0-255,66,248387,19,249024
25164,0.002373,172.31.36.0-255,66,248453,19,249024
25165,0.002393,172.31.36.0-255,66,248519,19,249024
25166,0.002437,172.31.36.0-255,66,248585,19,249024
25167,0.00244,172.217.194.0-255,97,248682,19,249024
25168,0.002443,172.217.194.0-255,105,248787,19,249024
25169,0.006691,172.31.36.0-255,66,248853,19,249024
25170,0.00672,172.31.36.0-255,105,248958,19,249024
25171,0.009285,172.217.194.0-255,66,249024,19,249024
25172,0.0,74.125.24.0-255,146,146,19,268855
25173,3.3e-05,172.31.36.0-255,66,212,19,268855
25174,4e-05,74.125.24.0-255,1484,1696,19,268855
25175,4.6e-05,172.31.36.0-255,66,1762,19,268855
25176,5.1e-05,74.125.24.0-255,2902,4664,19,268855
25177,6.1e-05,172.31.36.0-255,66,4730,19,268855
25178,6.9e-05,74.125.24.0-255,7156,11886,19,268855
25179,7.2e-05,172.31.36.0-255,66,11952,19,268855
25180,0.000114,74.125.24.0-255,2066,14018,19,268855
25181,0.000117,172.31.36.0-255,66,14084,19,268855
25182,0.000172,74.125.24.0-255,1484,15568,19,268855
25183,0.000175,172.31.36.0-255,66,15634,19,268855
25184,0.000181,74.125.24.0-255,2902,18536,19,268855
25185,0.000183,172.31.36.0-255,66,18602,19,268855
25186,0.000215,74.125.24.0-255,5738,24340,19,268855
25187,0.000224,172.31.36.0-255,66,24406,19,268855
25188,0.000232,74.125.24.0-255,6797,31203,19,268855
25189,0.000235,172.31.36.0-255,66,31269,19,268855
25190,0.000275,172.31.36.0-255,66,31335,19,268855
25191,0.000279,74.125.24.0-255,2543,33878,19,268855
25192,0.000282,172.31.36.0-255,66,33944,19,268855
25193,0.000601,74.125.24.0-255,1484,35428,19,268855
25194,0.000606,172.31.36.0-255,66,35494,19,268855
25195,0.000612,74.125.24.0-255,2902,38396,19,268855
25196,0.000614,172.31.36.0-255,66,38462,19,268855
25197,0.000672,74.125.24.0-255,5738,44200,19,268855
25198,0.000675,172.31.36.0-255,66,44266,19,268855
25199,0.000692,172.31.36.0-255,66,44332,19,268855
25200,0.000701,74.125.24.0-255,9633,53965,19,268855
25201,0.000704,172.31.36.0-255,66,54031,19,268855
25202,0.00075,74.125.24.0-255,5738,59769,19,268855
25203,0.000754,172.31.36.0-255,66,59835,19,268855
25204,0.000761,74.125.24.0-255,7156,66991,19,268855
25205,0.000771,172.31.36.0-255,66,67057,19,268855
25206,0.000798,74.125.24.0-255,4541,71598,19,268855
25207,0.000809,172.31.36.0-255,66,71664,19,268855
25208,0.000848,74.125.24.0-255,1484,73148,19,268855
25209,0.000853,74.125.24.0-255,2902,76050,19,268855
25210,0.000858,172.31.36.0-255,66,76116,19,268855
25211,0.000887,74.125.24.0-255,5738,81854,19,268855
25212,0.000891,74.125.24.0-255,1484,83338,19,268855
25213,0.000895,172.31.36.0-255,66,83404,19,268855
25214,0.000917,74.125.24.0-255,4715,88119,19,268855
25215,0.000921,74.125.24.0-255,198,88317,19,268855
25216,0.000922,172.31.36.0-255,66,88383,19,268855
25217,0.001024,74.125.24.0-255,1484,89867,19,268855
25218,0.001028,172.31.36.0-255,66,89933,19,268855
25219,0.001031,74.125.24.0-255,1484,91417,19,268855
25220,0.001062,74.125.24.0-255,1484,92901,19,268855
25221,0.00107,74.125.24.0-255,5738,98639,19,268855
25222,0.001071,172.31.36.0-255,66,98705,19,268855
25223,0.001076,172.31.36.0-255,66,98771,19,268855
25224,0.001086,74.125.24.0-255,4320,103091,19,268855
25225,0.001096,172.31.36.0-255,66,103157,19,268855
25226,0.001107,74.125.24.0-255,6438,109595,19,268855
25227,0.001112,172.31.36.0-255,66,109661,19,268855
25228,0.001131,74.125.24.0-255,2902,112563,19,268855
25229,0.001138,172.31.36.0-255,66,112629,19,268855
25230,0.001166,74.125.24.0-255,4320,116949,19,268855
25231,0.001169,172.31.36.0-255,66,117015,19,268855
25232,0.001178,74.125.24.0-255,8574,125589,19,268855
25233,0.001181,74.125.24.0-255,1484,127073,19,268855
25234,0.001185,172.31.36.0-255,66,127139,19,268855
25235,0.001217,172.31.36.0-255,66,127205,19,268855
25236,0.001233,74.125.24.0-255,2902,130107,19,268855
25237,0.001253,172.31.36.0-255,66,130173,19,268855
25238,0.001265,74.125.24.0-255,2184,132357,19,268855
25239,0.001271,74.125.24.0-255,5738,138095,19,268855
25240,0.00127,172.31.36.0-255,66,138161,19,268855
25241,0.001283,172.31.36.0-255,66,138227,19,268855
25242,0.001288,74.125.24.0-255,5738,143965,19,268855
25243,0.001288,172.31.36.0-255,66,144031,19,268855
25244,0.001303,172.31.36.0-255,66,144097,19,268855
25245,0.001324,74.125.24.0-255,2902,146999,19,268855
25246,0.001328,172.31.36.0-255,66,147065,19,268855
25247,0.001342,74.125.24.0-255,6438,153503,19,268855
25248,0.001346,172.31.36.0-255,66,153569,19,268855
25249,0.001439,74.125.24.0-255,1484,155053,19,268855
25250,0.001453,74.125.24.0-255,2902,157955,19,268855
25251,0.001463,74.125.24.0-255,1484,159439,19,268855
25252,0.001464,172.31.36.0-255,66,159505,19,268855
25253,0.001489,74.125.24.0-255,4320,163825,19,268855
25254,0.001499,74.125.24.0-255,9992,173817,19,268855
25255,0.001503,172.31.36.0-255,66,173883,19,268855
25256,0.001536,74.125.24.0-255,2902,176785,19,268855
25257,0.00154,172.31.36.0-255,66,176851,19,268855
25258,0.001572,74.125.24.0-255,8574,185425,19,268855
25259,0.001577,74.125.24.0-255,2184,187609,19,268855
25260,0.001579,172.31.36.0-255,66,187675,19,268855
25261,0.001586,74.125.24.0-255,2902,190577,19,268855
25262,0.001586,172.31.36.0-255,66,190643,19,268855
25263,0.00159,74.125.24.0-255,4320,194963,19,268855
25264,0.001599,172.31.36.0-255,66,195029,19,268855
25265,0.001631,74.125.24.0-255,2902,197931,19,268855
25266,0.001634,74.125.24.0-255,1484,199415,19,268855
25267,0.001638,172.31.36.0-255,66,199481,19,268855
25268,0.001651,172.31.36.0-255,66,199547,19,268855
25269,0.001653,74.125.24.0-255,7856,207403,19,268855
25270,0.001655,172.31.36.0-255,66,207469,19,268855
25271,0.0017,74.125.24.0-255,5738,213207,19,268855
25272,0.001705,74.125.24.0-255,2902,216109,19,268855
25273,0.001705,172.31.36.0-255,66,216175,19,268855
25274,0.00171,172.31.36.0-255,66,216241,19,268855
25275,0.001749,74.125.24.0-255,4320,220561,19,268855
25276,0.001755,172.31.36.0-255,66,220627,19,268855
25277,0.001768,74.125.24.0-255,6438,227065,19,268855
25278,0.001768,172.31.36.0-255,66,227131,19,268855
25279,0.001773,172.31.36.0-255,66,227197,19,268855
25280,0.001862,74.125.24.0-255,1484,228681,19,268855
25281,0.001866,74.125.24.0-255,1484,230165,19,268855
25282,0.001885,172.31.36.0-255,66,230231,19,268855
25283,0.001887,74.125.24.0-255,1484,231715,19,268855
25284,0.001893,74.125.24.0-255,5738,237453,19,268855
25285,0.001901,172.31.36.0-255,66,237519,19,268855
25286,0.001903,74.125.24.0-255,4320,241839,19,268855
25287,0.001916,172.31.36.0-255,66,241905,19,268855
25288,0.001946,172.31.36.0-255,66,241971,19,268855
25289,0.001948,74.125.24.0-255,3602,245573,19,268855
25290,0.001951,172.31.36.0-255,66,245639,19,268855
25291,0.003935,74.125.24.0-255,5738,251377,19,268855
25292,0.003942,172.31.36.0-255,66,251443,19,268855
25293,0.005936,74.125.24.0-255,5738,257181,19,268855
25294,0.005941,172.31.36.0-255,66,257247,19,268855
25295,0.007923,74.125.24.0-255,5738,262985,19,268855
25296,0.007928,172.31.36.0-255,66,263051,19,268855
25297,0.009921,74.125.24.0-255,5738,268789,19,268855
25298,0.009928,172.31.36.0-255,66,268855,19,268855
25299,0.0,172.217.194.0-255,153,153,19,270153
25300,2.3e-05,172.31.36.0-255,66,219,19,270153
25301,5.6e-05,172.217.194.0-255,1484,1703,19,270153
25302,6e-05,172.31.36.0-255,66,1769,19,270153
25303,6.4e-05,172.217.194.0-255,2902,4671,19,270153
25304,6.8e-05,172.31.36.0-255,66,4737,19,270153
25305,7.5e-05,172.217.194.0-255,5738,10475,19,270153
25306,7.8e-05,172.31.36.0-255,66,10541,19,270153
25307,0.000111,172.217.194.0-255,3495,14036,19,270153
25308,0.000114,172.31.36.0-255,66,14102,19,270153
25309,0.000868,172.217.194.0-255,1484,15586,19,270153
25310,0.000875,172.31.36.0-255,66,15652,19,270153
25311,0.000886,172.217.194.0-255,2902,18554,19,270153
25312,0.000889,172.31.36.0-255,66,18620,19,270153
25313,0.000896,172.217.194.0-255,5738,24358,19,270153
25314,0.000899,172.31.36.0-255,66,24424,19,270153
25315,0.000932,172.217.194.0-255,4320,28744,19,270153
25316,0.000937,172.31.36.0-255,66,28810,19,270153
25317,0.000961,172.217.194.0-255,8215,37025,19,270153
25318,0.000964,172.31.36.0-255,66,37091,19,270153
25319,0.000985,172.217.194.0-255,7156,44247,19,270153
25320,0.000988,172.31.36.0-255,66,44313,19,270153
25321,0.001005,172.217.194.0-255,3961,48274,19,270153
25322,0.001007,172.31.36.0-255,66,48340,19,270153
25323,0.001961,172.217.194.0-255,1484,49824,19,270153
25324,0.001965,172.31.36.0-255,66,49890,19,270153
25325,0.001973,172.217.194.0-255,2902,52792,19,270153
25326,0.001975,172.31.36.0-255,66,52858,19,270153
25327,0.001981,172.217.194.0-255,5738,58596,19,270153
25328,0.001983,172.31.36.0-255,66,58662,19,270153
25329,0.001988,172.217.194.0-255,2902,61564,19,270153
25330,0.001991,172.31.36.0-255,66,61630,19,270153
25331,0.002023,172.217.194.0-255,3961,65591,19,270153
25332,0.002025,172.31.36.0-255,66,65657,19,270153
25333,0.002032,172.217.194.0-255,7156,72813,19,270153
25334,0.002034,172.31.36.0-255,66,72879,19,270153
25335,0.00204,172.217.194.0-255,5738,78617,19,270153
25336,0.002042,172.31.36.0-255,66,78683,19,270153
25337,0.002059,172.217.194.0-255,4320,83003,19,270153
25338,0.002061,172.31.36.0-255,66,83069,19,270153
25339,0.002077,172.217.194.0-255,5738,88807,19,270153
25340,0.00208,172.31.36.0-255,66,88873,19,270153
25341,0.002086,172.217.194.0-255,7156,96029,19,270153
25342,0.002088,172.31.36.0-255,66,96095,19,270153
25343,0.002092,172.217.194.0-255,2902,98997,19,270153
25344,0.002094,172.31.36.0-255,66,99063,19,270153
25345,0.00211,172.217.194.0-255,1345,100408,19,270153
25346,0.002481,172.31.36.0-255,66,100474,19,270153
25347,0.002779,172.217.194.0-255,1484,101958,19,270153
25348,0.002802,172.217.194.0-255,2902,104860,19,270153
25349,0.002806,172.31.36.0-255,66,104926,19,270153
25350,0.002812,172.217.194.0-255,5738,110664,19,270153
25351,0.002814,172.31.36.0-255,66,110730,19,270153
25352,0.002842,172.217.194.0-255,5738,116468,19,270153
25353,0.002845,172.31.36.0-255,66,116534,19,270153
25354,0.002863,172.217.194.0-255,5738,122272,19,270153
25355,0.002866,172.31.36.0-255,66,122338,19,270153
25356,0.002895,172.217.194.0-255,1484,123822,19,270153
25357,0.002904,172.217.194.0-255,9992,133814,19,270153
25358,0.002908,172.31.36.0-255,66,133880,19,270153
25359,0.002912,172.217.194.0-255,766,134646,19,270153
25360,0.002963,172.217.194.0-255,1484,136130,19,270153
25361,0.002967,172.31.36.0-255,66,136196,19,270153
25362,0.002971,172.217.194.0-255,1484,137680,19,270153
25363,0.002976,172.217.194.0-255,4320,142000,19,270153
25364,0.002978,172.31.36.0-255,66,142066,19,270153
25365,0.002983,172.217.194.0-255,4320,146386,19,270153
25366,0.002985,172.31.36.0-255,66,146452,19,270153
25367,0.003025,172.217.194.0-255,5738,152190,19,270153
25368,0.003029,172.31.36.0-255,66,152256,19,270153
25369,0.003044,172.31.36.0-255,66,152322,19,270153
25370,0.003048,172.217.194.0-255,2184,154506,19,270153
25371,0.00305,172.31.36.0-255,66,154572,19,270153
25372,0.003172,172.217.194.0-255,1484,156056,19,270153
25373,0.003179,172.217.194.0-255,2902,158958,19,270153
25374,0.003184,172.31.36.0-255,66,159024,19,270153
25375,0.003191,172.217.194.0-255,5738,164762,19,270153
25376,0.003193,172.31.36.0-255,66,164828,19,270153
25377,0.003233,172.31.36.0-255,66,164894,19,270153
25378,0.003237,172.217.194.0-255,1484,166378,19,270153
25379,0.003262,172.217.194.0-255,2902,169280,19,270153
25380,0.003268,172.31.36.0-255,66,169346,19,270153
25381,0.003288,172.217.194.0-255,6438,175784,19,270153
25382,0.003292,172.31.36.0-255,66,175850,19,270153
25383,0.003358,172.217.194.0-255,1484,177334,19,270153
25384,0.003364,172.217.194.0-255,1484,178818,19,270153
25385,0.003367,172.31.36.0-255,66,178884,19,270153
25386,0.003391,172.217.194.0-255,1484,180368,19,270153
25387,0.003399,172.217.194.0-255,5738,186106,19,270153
25388,0.003403,172.31.36.0-255,66,186172,19,270153
25389,0.003409,172.217.194.0-255,5738,191910,19,270153
25390,0.003411,172.31.36.0-255,66,191976,19,270153
25391,0.003434,172.217.194.0-255,7156,199132,19,270153
25392,0.003438,172.31.36.0-255,66,199198,19,270153
25393,0.003445,172.217.194.0-255,7156,206354,19,270153
25394,0.003448,172.31.36.0-255,66,206420,19,270153
25395,0.003497,172.217.194.0-255,9992,216412,19,270153
25396,0.003501,172.31.36.0-255,66,216478,19,270153
25397,0.00353,172.217.194.0-255,7856,224334,19,270153
25398,0.003534,172.31.36.0-255,66,224400,19,270153
25399,0.003553,172.31.36.0-255,66,224466,19,270153
25400,0.003578,172.217.194.0-255,2902,227368,19,270153
25401,0.003581,172.31.36.0-255,66,227434,19,270153
25402,0.003584,172.217.194.0-255,766,228200,19,270153
25403,0.0036,172.31.36.0-255,66,228266,19,270153
25404,0.003635,172.217.194.0-255,5738,234004,19,270153
25405,0.003639,172.31.36.0-255,66,234070,19,270153
25406,0.003653,172.31.36.0-255,66,234136,19,270153
25407,0.003666,172.31.36.0-255,66,234202,19,270153
25408,0.003694,172.217.194.0-255,2184,236386,19,270153
25409,0.003697,172.31.36.0-255,66,236452,19,270153
25410,0.003713,172.31.36.0-255,66,236518,19,270153
25411,0.003719,172.217.194.0-255,5020,241538,19,270153
25412,0.003722,172.31.36.0-255,66,241604,19,270153
25413,0.003807,172.31.36.0-255,66,241670,19,270153
25414,0.003816,172.217.194.0-255,9274,250944,19,270153
25415,0.003819,172.31.36.0-255,66,251010,19,270153
25416,0.003833,172.31.36.0-255,66,251076,19,270153
25417,0.003856,172.217.194.0-255,7156,258232,19,270153
25418,0.00386,172.31.36.0-255,66,258298,19,270153
25419,0.003868,172.217.194.0-255,8574,266872,19,270153
25420,0.00387,172.31.36.0-255,66,266938,19,270153
25421,0.003893,172.217.194.0-255,2807,269745,19,270153
25422,0.003898,172.31.36.0-255,66,269811,19,270153
25423,0.003908,172.217.194.0-255,105,269916,19,270153
25424,0.006298,172.31.36.0-255,66,269982,19,270153
25425,0.006347,172.31.36.0-255,105,270087,19,270153
25426,0.008318,172.217.194.0-255,66,270153,19,270153
25427,0.0,74.125.24.0-255,153,153,19,150877
25428,2.9e-05,172.31.36.0-255,66,219,19,150877
25429,3.6e-05,74.125.24.0-255,1484,1703,19,150877
25430,4.1e-05,172.31.36.0-255,66,1769,19,150877
25431,5.4e-05,74.125.24.0-255,2902,4671,19,150877
25432,5.7e-05,172.31.36.0-255,66,4737,19,150877
25433,6.5e-05,74.125.24.0-255,7156,11893,19,150877
25434,6.7e-05,172.31.36.0-255,66,11959,19,150877
25435,7.1e-05,74.125.24.0-255,2019,13978,19,150877
25436,7.3e-05,172.31.36.0-255,66,14044,19,150877
25437,0.000147,74.125.24.0-255,1484,15528,19,150877
25438,0.000151,172.31.36.0-255,66,15594,19,150877
25439,0.000158,74.125.24.0-255,2902,18496,19,150877
25440,0.00016,172.31.36.0-255,66,18562,19,150877
25441,0.000174,74.125.24.0-255,5738,24300,19,150877
25442,0.000177,172.31.36.0-255,66,24366,19,150877
25443,0.000206,74.125.24.0-255,6797,31163,19,150877
25444,0.000208,172.31.36.0-255,66,31229,19,150877
25445,0.000252,74.125.24.0-255,1484,32713,19,150877
25446,0.000255,172.31.36.0-255,66,32779,19,150877
25447,0.00026,74.125.24.0-255,2902,35681,19,150877
25448,0.000262,172.31.36.0-255,66,35747,19,150877
25449,0.000267,74.125.24.0-255,2902,38649,19,150877
25450,0.000269,172.31.36.0-255,66,38715,19,150877
25451,0.000294,74.125.24.0-255,2902,41617,19,150877
25452,0.000302,172.31.36.0-255,66,41683,19,150877
25453,0.000307,74.125.24.0-255,2902,44585,19,150877
25454,0.000311,172.31.36.0-255,66,44651,19,150877
25455,0.000344,74.125.24.0-255,3961,48612,19,150877
25456,0.000348,172.31.36.0-255,66,48678,19,150877
25457,0.000646,74.125.24.0-255,1484,50162,19,150877
25458,0.00065,172.31.36.0-255,66,50228,19,150877
25459,0.000656,74.125.24.0-255,2902,53130,19,150877
25460,0.000658,172.31.36.0-255,66,53196,19,150877
25461,0.000691,74.125.24.0-255,4320,57516,19,150877
25462,0.000694,172.31.36.0-255,66,57582,19,150877
25463,0.000728,74.125.24.0-255,1484,59066,19,150877
25464,0.000731,172.31.36.0-255,66,59132,19,150877
25465,0.000739,74.125.24.0-255,7144,66276,19,150877
25466,0.000741,172.31.36.0-255,66,66342,19,150877
25467,0.000798,74.125.24.0-255,329,66671,19,150877
25468,0.000802,172.31.36.0-255,66,66737,19,150877
25469,0.000991,74.125.24.0-255,1484,68221,19,150877
25470,0.000997,172.31.36.0-255,66,68287,19,150877
25471,0.001005,74.125.24.0-255,2902,71189,19,150877
25472,0.001019,74.125.24.0-255,5738,76927,19,150877
25473,0.001027,74.125.24.0-255,6797,83724,19,150877
25474,0.001103,74.125.24.0-255,1484,85208,19,150877
25475,0.001116,74.125.24.0-255,2902,88110,19,150877
25476,0.001119,74.125.24.0-255,1484,89594,19,150877
25477,0.001137,74.125.24.0-255,4320,93914,19,150877
25478,0.001165,74.125.24.0-255,1484,95398,19,150877
25479,0.001182,74.125.24.0-255,5379,100777,19,150877
25480,0.001415,172.31.36.0-255,66,100843,19,150877
25481,0.001761,74.125.24.0-255,1484,102327,19,150877
25482,0.001768,172.31.36.0-255,66,102393,19,150877
25483,0.001775,74.125.24.0-255,2902,105295,19,150877
25484,0.001779,74.125.24.0-255,1484,106779,19,150877
25485,0.001797,74.125.24.0-255,4320,111099,19,150877
25486,0.0018,74.125.24.0-255,1484,112583,19,150877
25487,0.001817,74.125.24.0-255,7156,119739,19,150877
25488,0.001844,74.125.24.0-255,4320,124059,19,150877
25489,0.001853,74.125.24.0-255,10692,134751,19,150877
25490,0.002881,172.31.36.0-255,66,134817,19,150877
25491,0.004999,74.125.24.0-255,4320,139137,19,150877
25492,0.005005,172.31.36.0-255,66,139203,19,150877
25493,0.005041,74.125.24.0-255,1484,140687,19,150877
25494,0.007075,74.125.24.0-255,4320,145007,19,150877
25495,0.007082,172.31.36.0-255,66,145073,19,150877
25496,0.009219,74.125.24.0-255,5738,150811,19,150877
25497,0.009275,172.31.36.0-255,66,150877,19,150877
25498,0.0,74.125.24.0-255,154,154,19,250597
25499,2.9e-05,172.31.36.0-255,66,220,19,250597
25500,3.5e-05,74.125.24.0-255,1484,1704,19,250597
25501,3.9e-05,172.31.36.0-255,66,1770,19,250597
25502,4.5e-05,74.125.24.0-255,2902,4672,19,250597
25503,4.9e-05,172.31.36.0-255,66,4738,19,250597
25504,5.6e-05,74.125.24.0-255,7156,11894,19,250597
25505,6e-05,172.31.36.0-255,66,11960,19,250597
25506,6.2e-05,74.125.24.0-255,1484,13444,19,250597
25507,6.5e-05,172.31.36.0-255,66,13510,19,250597
25508,8.6e-05,74.125.24.0-255,632,14142,19,250597
25509,8.9e-05,172.31.36.0-255,66,14208,19,250597
25510,0.000106,74.125.24.0-255,1484,15692,19,250597
25511,0.000108,172.31.36.0-255,66,15758,19,250597
25512,0.000112,74.125.24.0-255,2902,18660,19,250597
25513,0.000115,172.31.36.0-255,66,18726,19,250597
25514,0.000144,74.125.24.0-255,5738,24464,19,250597
25515,0.000148,172.31.36.0-255,66,24530,19,250597
25516,0.000194,74.125.24.0-255,6797,31327,19,250597
25517,0.000198,172.31.36.0-255,66,31393,19,250597
25518,0.00028,74.125.24.0-255,1484,32877,19,250597
25519,0.000284,172.31.36.0-255,66,32943,19,250597
25520,0.000307,74.125.24.0-255,2902,35845,19,250597
25521,0.00031,172.31.36.0-255,66,35911,19,250597
25522,0.000317,74.125.24.0-255,5738,41649,19,250597
25523,0.000321,172.31.36.0-255,66,41715,19,250597
25524,0.000328,74.125.24.0-255,6797,48512,19,250597
25525,0.000331,172.31.36.0-255,66,48578,19,250597
25526,0.000358,74.125.24.0-255,8574,57152,19,250597
25527,0.000363,172.31.36.0-255,66,57218,19,250597
25528,0.000385,74.125.24.0-255,5738,62956,19,250597
25529,0.000389,172.31.36.0-255,66,63022,19,250597
25530,0.000395,74.125.24.0-255,2543,65565,19,250597
25531,0.000399,74.125.24.0-255,363,65928,19,250597
25532,0.000405,172.31.36.0-255,66,65994,19,250597
25533,0.000441,74.125.24.0-255,130,66124,19,250597
25534,0.000608,74.125.24.0-255,349,66473,19,250597
25535,0.000809,172.31.36.0-255,66,66539,19,250597
25536,0.000865,74.125.24.0-255,1484,68023,19,250597
25537,0.000873,74.125.24.0-255,2902,70925,19,250597
25538,0.000877,172.31.36.0-255,66,70991,19,250597
25539,0.000895,74.125.24.0-255,5738,76729,19,250597
25540,0.000897,172.31.36.0-255,66,76795,19,250597
25541,0.000931,172.31.36.0-255,66,76861,19,250597
25542,0.000938,74.125.24.0-255,7156,84017,19,250597
25543,0.000941,172.31.36.0-255,66,84083,19,250597
25544,0.000985,74.125.24.0-255,3602,87685,19,250597
25545,0.000988,172.31.36.0-255,66,87751,19,250597
25546,0.001384,74.125.24.0-255,1484,89235,19,250597
25547,0.001395,74.125.24.0-255,2902,92137,19,250597
25548,0.001399,172.31.36.0-255,66,92203,19,250597
25549,0.001406,74.125.24.0-255,5738,97941,19,250597
25550,0.001425,74.125.24.0-255,1484,99425,19,250597
25551,0.001453,74.125.24.0-255,7156,106581,19,250597
25552,0.001484,74.125.24.0-255,3602,110183,19,250597
25553,0.001632,74.125.24.0-255,1484,111667,19,250597
25554,0.001636,74.125.24.0-255,1484,113151,19,250597
25555,0.00165,74.125.24.0-255,1484,114635,19,250597
25556,0.001655,74.125.24.0-255,5738,120373,19,250597
25557,0.001678,74.125.24.0-255,4320,124693,19,250597
25558,0.001696,74.125.24.0-255,8574,133267,19,250597
25559,0.001699,74.125.24.0-255,1484,134751,19,250597
25560,0.001721,74.125.24.0-255,9274,144025,19,250597
25561,0.001733,74.125.24.0-255,1484,145509,19,250597
25562,0.001753,74.125.24.0-255,2902,148411,19,250597
25563,0.001758,74.125.24.0-255,5738,154149,19,250597
25564,0.00178,74.125.24.0-255,4320,158469,19,250597
25565,0.001801,74.125.24.0-255,8574,167043,19,250597
25566,0.001808,74.125.24.0-255,7156,174199,19,250597
25567,0.00184,74.125.24.0-255,3602,177801,19,250597
25568,0.001881,74.125.24.0-255,2902,180703,19,250597
25569,0.001896,74.125.24.0-255,1484,182187,19,250597
25570,0.001907,74.125.24.0-255,4320,186507,19,250597
25571,0.001922,74.125.24.0-255,1484,187991,19,250597
25572,0.001935,74.125.24.0-255,4320,192311,19,250597
25573,0.001956,74.125.24.0-255,7156,199467,19,250597
25574,0.001959,74.125.24.0-255,1484,200951,19,250597
25575,0.001993,74.125.24.0-255,2902,203853,19,250597
25576,0.002004,74.125.24.0-255,2902,206755,19,250597
25577,0.002014,74.125.24.0-255,2902,209657,19,250597
25578,0.002032,74.125.24.0-255,2184,211841,19,250597
25579,0.002083,74.125.24.0-255,1484,213325,19,250597
25580,0.002097,74.125.24.0-255,2902,216227,19,250597
25581,0.002133,74.125.24.0-255,5738,221965,19,250597
25582,0.002156,74.125.24.0-255,8574,230539,19,250597
25583,0.002157,172.31.36.0-255,66,230605,19,250597
25584,0.002164,172.31.36.0-255,66,230671,19,250597
25585,0.002198,74.125.24.0-255,2184,232855,19,250597
25586,0.002213,172.31.36.0-255,66,232921,19,250597
25587,0.004482,74.125.24.0-255,2902,235823,19,250597
25588,0.004488,172.31.36.0-255,66,235889,19,250597
25589,0.004523,74.125.24.0-255,2902,238791,19,250597
25590,0.004526,172.31.36.0-255,66,238857,19,250597
25591,0.006803,74.125.24.0-255,2902,241759,19,250597
25592,0.006808,172.31.36.0-255,66,241825,19,250597
25593,0.006823,74.125.24.0-255,2902,244727,19,250597
25594,0.006826,172.31.36.0-255,66,244793,19,250597
25595,0.009084,74.125.24.0-255,5738,250531,19,250597
25596,0.00909,172.31.36.0-255,66,250597,19,250597
25597,0.0,172.217.194.0-255,152,152,19,341297
25598,2.1e-05,172.31.36.0-255,66,218,19,341297
25599,2.8e-05,172.217.194.0-255,1484,1702,19,341297
25600,3.2e-05,172.31.36.0-255,66,1768,19,341297
25601,3.8e-05,172.217.194.0-255,2902,4670,19,341297
25602,4.1e-05,172.31.36.0-255,66,4736,19,341297
25603,4.9e-05,172.217.194.0-255,7156,11892,19,341297
25604,5.2e-05,172.31.36.0-255,66,11958,19,341297
25605,7.9e-05,172.217.194.0-255,2037,13995,19,341297
25606,8.1e-05,172.31.36.0-255,66,14061,19,341297
25607,0.000147,172.217.194.0-255,1484,15545,19,341297
25608,0.00015,172.31.36.0-255,66,15611,19,341297
25609,0.000166,172.217.194.0-255,2902,18513,19,341297
25610,0.000168,172.31.36.0-255,66,18579,19,341297
25611,0.000192,172.217.194.0-255,5738,24317,19,341297
25612,0.000195,172.31.36.0-255,66,24383,19,341297
25613,0.000257,172.217.194.0-255,4320,28703,19,341297
25614,0.000261,172.31.36.0-255,66,28769,19,341297
25615,0.000288,172.217.194.0-255,9633,38402,19,341297
25616,0.000291,172.31.36.0-255,66,38468,19,341297
25617,0.000297,172.217.194.0-255,5738,44206,19,341297
25618,0.000299,172.31.36.0-255,66,44272,19,341297
25619,0.000323,172.217.194.0-255,5738,50010,19,341297
25620,0.000325,172.31.36.0-255,66,50076,19,341297
25621,0.000364,172.217.194.0-255,2902,52978,19,341297
25622,0.000368,172.31.36.0-255,66,53044,19,341297
25623,0.000405,172.31.36.0-255,66,53110,19,341297
25624,0.000459,172.217.194.0-255,378,53488,19,341297
25625,0.000462,172.31.36.0-255,66,53554,19,341297
25626,0.000688,172.217.194.0-255,1484,55038,19,341297
25627,0.000692,172.31.36.0-255,66,55104,19,341297
25628,0.000699,172.217.194.0-255,2902,58006,19,341297
25629,0.000707,172.217.194.0-255,5738,63744,19,341297
25630,0.000731,172.217.194.0-255,2902,66646,19,341297
25631,0.000741,172.31.36.0-255,66,66712,19,341297
25632,0.000759,172.217.194.0-255,9992,76704,19,341297
25633,0.000768,172.217.194.0-255,9992,86696,19,341297
25634,0.000794,172.217.194.0-255,766,87462,19,341297
25635,0.000798,172.31.36.0-255,66,87528,19,341297
25636,0.001015,172.217.194.0-255,1484,89012,19,341297
25637,0.00102,172.217.194.0-255,2902,91914,19,341297
25638,0.00103,172.31.36.0-255,66,91980,19,341297
25639,0.001037,172.217.194.0-255,2902,94882,19,341297
25640,0.001049,172.217.194.0-255,2902,97784,19,341297
25641,0.00107,172.217.194.0-255,5738,103522,19,341297
25642,0.001079,172.31.36.0-255,66,103588,19,341297
25643,0.001088,172.217.194.0-255,2902,106490,19,341297
25644,0.001098,172.31.36.0-255,66,106556,19,341297
25645,0.001125,172.217.194.0-255,1484,108040,19,341297
25646,0.001143,172.217.194.0-255,4320,112360,19,341297
25647,0.001147,172.31.36.0-255,66,112426,19,341297
25648,0.001157,172.217.194.0-255,5738,118164,19,341297
25649,0.001161,172.31.36.0-255,66,118230,19,341297
25650,0.001171,172.217.194.0-255,5020,123250,19,341297
25651,0.001253,172.217.194.0-255,5020,128270,19,341297
25652,0.001256,172.31.36.0-255,66,128336,19,341297
25653,0.001261,172.31.36.0-255,66,128402,19,341297
25654,0.001308,172.217.194.0-255,1484,129886,19,341297
25655,0.001312,172.217.194.0-255,1484,131370,19,341297
25656,0.001327,172.217.194.0-255,1484,132854,19,341297
25657,0.001329,172.31.36.0-255,66,132920,19,341297
25658,0.00135,172.217.194.0-255,5738,138658,19,341297
25659,0.001355,172.217.194.0-255,4320,142978,19,341297
25660,0.001361,172.31.36.0-255,66,143044,19,341297
25661,0.001367,172.217.194.0-255,1484,144528,19,341297
25662,0.001378,172.217.194.0-255,1484,146012,19,341297
25663,0.001391,172.31.36.0-255,66,146078,19,341297
25664,0.001412,172.217.194.0-255,5738,151816,19,341297
25665,0.001431,172.217.194.0-255,2902,154718,19,341297
25666,0.001442,172.217.194.0-255,2902,157620,19,341297
25667,0.001451,172.31.36.0-255,66,157686,19,341297
25668,0.001467,172.217.194.0-255,5020,162706,19,341297
25669,0.001476,172.31.36.0-255,66,162772,19,341297
25670,0.001492,172.217.194.0-255,1484,164256,19,341297
25671,0.001504,172.217.194.0-255,1484,165740,19,341297
25672,0.001508,172.31.36.0-255,66,165806,19,341297
25673,0.001532,172.217.194.0-255,7156,172962,19,341297
25674,0.001539,172.217.194.0-255,8574,181536,19,341297
25675,0.001547,172.31.36.0-255,66,181602,19,341297
25676,0.001563,172.217.194.0-255,2902,184504,19,341297
25677,0.00159,172.31.36.0-255,66,184570,19,341297
25678,0.001593,172.217.194.0-255,1484,186054,19,341297
25679,0.001597,172.217.194.0-255,2902,188956,19,341297
25680,0.001602,172.217.194.0-255,4320,193276,19,341297
25681,0.001608,172.31.36.0-255,66,193342,19,341297
25682,0.001621,172.217.194.0-255,1484,194826,19,341297
25683,0.001626,172.217.194.0-255,4320,199146,19,341297
25684,0.001653,172.217.194.0-255,4320,203466,19,341297
25685,0.001657,172.217.194.0-255,2902,206368,19,341297
25686,0.001661,172.31.36.0-255,66,206434,19,341297
25687,0.001666,172.31.36.0-255,66,206500,19,341297
25688,0.00168,172.217.194.0-255,9992,216492,19,341297
25689,0.001696,172.217.194.0-255,2184,218676,19,341297
25690,0.001703,172.217.194.0-255,8574,227250,19,341297
25691,0.001709,172.217.194.0-255,4320,231570,19,341297
25692,0.001729,172.217.194.0-255,5738,237308,19,341297
25693,0.00175,172.31.36.0-255,66,237374,19,341297
25694,0.001759,172.217.194.0-255,2902,240276,19,341297
25695,0.001761,172.217.194.0-255,1484,241760,19,341297
25696,0.001777,172.31.36.0-255,66,241826,19,341297
25697,0.001782,172.217.194.0-255,2902,244728,19,341297
25698,0.001786,172.217.194.0-255,4320,249048,19,341297
25699,0.001804,172.217.194.0-255,4320,253368,19,341297
25700,0.001842,172.217.194.0-255,2902,256270,19,341297
25701,0.001862,172.217.194.0-255,9992,266262,19,341297
25702,0.001869,172.217.194.0-255,6438,272700,19,341297
25703,0.001873,172.217.194.0-255,2902,275602,19,341297
25704,0.001889,172.31.36.0-255,66,275668,19,341297
25705,0.001895,172.217.194.0-255,4320,279988,19,341297
25706,0.001909,172.217.194.0-255,5738,285726,19,341297
25707,0.001914,172.31.36.0-255,66,285792,19,341297
25708,0.00194,172.217.194.0-255,9992,295784,19,341297
25709,0.001949,172.217.194.0-255,9274,305058,19,341297
25710,0.001965,172.31.36.0-255,66,305124,19,341297
25711,0.001974,172.217.194.0-255,2902,308026,19,341297
25712,0.001979,172.31.36.0-255,66,308092,19,341297
25713,0.002007,172.217.194.0-255,4320,312412,19,341297
25714,0.002016,172.217.194.0-255,8574,320986,19,341297
25715,0.002025,172.217.194.0-255,8574,329560,19,341297
25716,0.002033,172.31.36.0-255,66,329626,19,341297
25717,0.002052,172.217.194.0-255,8574,338200,19,341297
25718,0.002055,172.217.194.0-255,766,338966,19,341297
25719,0.002074,172.31.36.0-255,66,339032,19,341297
25720,0.004105,172.217.194.0-255,2094,341126,19,341297
25721,0.006592,172.31.36.0-255,66,341192,19,341297
25722,0.008958,172.31.36.0-255,105,341297,19,341297
25723,0.0,74.125.130.0-255,153,153,19,324367
25724,1.4e-05,172.31.36.0-255,66,219,19,324367
25725,2e-05,74.125.130.0-255,1484,1703,19,324367
25726,2.4e-05,172.31.36.0-255,66,1769,19,324367
25727,2.7e-05,74.125.130.0-255,1484,3253,19,324367
25728,2.9e-05,172.31.36.0-255,66,3319,19,324367
25729,5.4e-05,74.125.130.0-255,2902,6221,19,324367
25730,5.7e-05,172.31.36.0-255,66,6287,19,324367
25731,6.4e-05,74.125.130.0-255,5738,12025,19,324367
25732,6.7e-05,172.31.36.0-255,66,12091,19,324367
25733,8.6e-05,74.125.130.0-255,3493,15584,19,324367
25734,8.9e-05,172.31.36.0-255,66,15650,19,324367
25735,9.5e-05,74.125.130.0-255,4320,19970,19,324367
25736,9.7e-05,172.31.36.0-255,66,20036,19,324367
25737,0.00013,74.125.130.0-255,9992,30028,19,324367
25738,0.000132,172.31.36.0-255,66,30094,19,324367
25739,0.000135,74.125.130.0-255,1125,31219,19,324367
25740,0.000138,172.31.36.0-255,66,31285,19,324367
25741,0.000298,74.125.130.0-255,1484,32769,19,324367
25742,0.000303,172.31.36.0-255,66,32835,19,324367
25743,0.000309,74.125.130.0-255,2902,35737,19,324367
25744,0.000311,172.31.36.0-255,66,35803,19,324367
25745,0.000342,74.125.130.0-255,5738,41541,19,324367
25746,0.000345,172.31.36.0-255,66,41607,19,324367
25747,0.000349,74.125.130.0-255,2902,44509,19,324367
25748,0.000351,172.31.36.0-255,66,44575,19,324367
25749,0.000376,74.125.130.0-255,4320,48895,19,324367
25750,0.000379,172.31.36.0-255,66,48961,19,324367
25751,0.00041,74.125.130.0-255,6797,55758,19,324367
25752,0.000412,172.31.36.0-255,66,55824,19,324367
25753,0.000417,74.125.130.0-255,2902,58726,19,324367
25754,0.000418,172.31.36.0-255,66,58792,19,324367
25755,0.000441,74.125.130.0-255,1484,60276,19,324367
25756,0.000461,74.125.130.0-255,5684,65960,19,324367
25757,0.000465,172.31.36.0-255,66,66026,19,324367
25758,0.000572,74.125.130.0-255,1484,67510,19,324367
25759,0.000576,74.125.130.0-255,1484,68994,19,324367
25760,0.000579,172.31.36.0-255,66,69060,19,324367
25761,0.0006,74.125.130.0-255,1484,70544,19,324367
25762,0.000603,74.125.130.0-255,1484,72028,19,324367
25763,0.000606,172.31.36.0-255,66,72094,19,324367
25764,0.00061,74.125.130.0-255,2902,74996,19,324367
25765,0.000613,172.31.36.0-255,66,75062,19,324367
25766,0.000619,74.125.130.0-255,5738,80800,19,324367
25767,0.000621,172.31.36.0-255,66,80866,19,324367
25768,0.000653,74.125.130.0-255,9633,90499,19,324367
25769,0.000656,172.31.36.0-255,66,90565,19,324367
25770,0.000697,74.125.130.0-255,4320,94885,19,324367
25771,0.0007,172.31.36.0-255,66,94951,19,324367
25772,0.000716,74.125.130.0-255,5379,100330,19,324367
25773,0.000718,172.31.36.0-255,66,100396,19,324367
25774,0.00112,172.31.36.0-255,101,100497,19,324367
25775,0.001178,74.125.130.0-255,1484,101981,19,324367
25776,0.001183,74.125.130.0-255,1484,103465,19,324367
25777,0.001185,172.31.36.0-255,66,103531,19,324367
25778,0.001206,74.125.130.0-255,1484,105015,19,324367
25779,0.001213,74.125.130.0-255,5738,110753,19,324367
25780,0.001215,172.31.36.0-255,66,110819,19,324367
25781,0.001243,74.125.130.0-255,7156,117975,19,324367
25782,0.001245,172.31.36.0-255,66,118041,19,324367
25783,0.001254,74.125.130.0-255,8574,126615,19,324367
25784,0.001257,172.31.36.0-255,66,126681,19,324367
25785,0.001286,74.125.130.0-255,7856,134537,19,324367
25786,0.001288,172.31.36.0-255,66,134603,19,324367
25787,0.001369,74.125.130.0-255,1484,136087,19,324367
25788,0.001386,74.125.130.0-255,2902,138989,19,324367
25789,0.001389,172.31.36.0-255,66,139055,19,324367
25790,0.001395,74.125.130.0-255,5738,144793,19,324367
25791,0.001397,172.31.36.0-255,66,144859,19,324367
25792,0.00145,172.31.36.0-255,66,144925,19,324367
25793,0.001487,74.125.130.0-255,7156,152081,19,324367
25794,0.001492,172.31.36.0-255,66,152147,19,324367
25795,0.001502,74.125.130.0-255,3602,155749,19,324367
25796,0.001504,172.31.36.0-255,66,155815,19,324367
25797,0.001556,74.125.130.0-255,1484,157299,19,324367
25798,0.001574,74.125.130.0-255,2902,160201,19,324367
25799,0.001577,172.31.36.0-255,66,160267,19,324367
25800,0.001582,74.125.130.0-255,4320,164587,19,324367
25801,0.001584,172.31.36.0-255,66,164653,19,324367
25802,0.001644,74.125.130.0-255,8574,173227,19,324367
25803,0.001647,172.31.36.0-255,66,173293,19,324367
25804,0.001655,74.125.130.0-255,8574,181867,19,324367
25805,0.001659,172.31.36.0-255,66,181933,19,324367
25806,0.001692,74.125.130.0-255,7856,189789,19,324367
25807,0.001695,172.31.36.0-255,66,189855,19,324367
25808,0.001731,74.125.130.0-255,1484,191339,19,324367
25809,0.001744,74.125.130.0-255,2902,194241,19,324367
25810,0.001746,172.31.36.0-255,66,194307,19,324367
25811,0.00175,74.125.130.0-255,1484,195791,19,324367
25812,0.001769,74.125.130.0-255,4320,200111,19,324367
25813,0.001773,172.31.36.0-255,66,200177,19,324367
25814,0.001777,74.125.130.0-255,2902,203079,19,324367
25815,0.001779,172.31.36.0-255,66,203145,19,324367
25816,0.001795,74.125.130.0-255,5738,208883,19,324367
25817,0.001797,172.31.36.0-255,66,208949,19,324367
25818,0.001806,74.125.130.0-255,8574,217523,19,324367
25819,0.001808,172.31.36.0-255,66,217589,19,324367
25820,0.001825,74.125.130.0-255,1484,219073,19,324367
25821,0.001831,74.125.130.0-255,5020,224093,19,324367
25822,0.001833,172.31.36.0-255,66,224159,19,324367
25823,0.002033,74.125.130.0-255,1484,225643,19,324367
25824,0.00205,74.125.130.0-255,2902,228545,19,324367
25825,0.002053,172.31.36.0-255,66,228611,19,324367
25826,0.002056,74.125.130.0-255,1484,230095,19,324367
25827,0.002073,74.125.130.0-255,4320,234415,19,324367
25828,0.002075,172.31.36.0-255,66,234481,19,324367
25829,0.002078,74.125.130.0-255,1484,235965,19,324367
25830,0.002103,74.125.130.0-255,4320,240285,19,324367
25831,0.002106,172.31.36.0-255,66,240351,19,324367
25832,0.002111,74.125.130.0-255,4320,244671,19,324367
25833,0.002113,172.31.36.0-255,66,244737,19,324367
25834,0.002135,74.125.130.0-255,2902,247639,19,324367
25835,0.002137,172.31.36.0-255,66,247705,19,324367
25836,0.002147,74.125.130.0-255,10692,258397,19,324367
25837,0.00215,172.31.36.0-255,66,258463,19,324367
25838,0.00236,74.125.130.0-255,1484,259947,19,324367
25839,0.002367,74.125.130.0-255,2902,262849,19,324367
25840,0.002371,172.31.36.0-255,66,262915,19,324367
25841,0.002374,74.125.130.0-255,1484,264399,19,324367
25842,0.002389,74.125.130.0-255,2902,267301,19,324367
25843,0.002392,172.31.36.0-255,66,267367,19,324367
25844,0.002417,74.125.130.0-255,5738,273105,19,324367
25845,0.002421,172.31.36.0-255,66,273171,19,324367
25846,0.002443,74.125.130.0-255,5738,278909,19,324367
25847,0.002446,172.31.36.0-255,66,278975,19,324367
25848,0.002466,74.125.130.0-255,7156,286131,19,324367
25849,0.002469,172.31.36.0-255,66,286197,19,324367
25850,0.002493,74.125.130.0-255,5738,291935,19,324367
25851,0.002496,172.31.36.0-255,66,292001,19,324367
25852,0.002521,74.125.130.0-255,7856,299857,19,324367
25853,0.002524,172.31.36.0-255,66,299923,19,324367
25854,0.002539,172.31.36.0-255,66,299989,19,324367
25855,0.002544,74.125.130.0-255,4320,304309,19,324367
25856,0.002547,172.31.36.0-255,66,304375,19,324367
25857,0.002584,74.125.130.0-255,5738,310113,19,324367
25858,0.002588,172.31.36.0-255,66,310179,19,324367
25859,0.002605,74.125.130.0-255,2184,312363,19,324367
25860,0.002608,172.31.36.0-255,66,312429,19,324367
25861,0.003646,74.125.130.0-255,66,312495,19,324367
25862,0.005143,74.125.130.0-255,2902,315397,19,324367
25863,0.005149,172.31.36.0-255,66,315463,19,324367
25864,0.00517,74.125.130.0-255,2902,318365,19,324367
25865,0.005173,172.31.36.0-255,66,318431,19,324367
25866,0.007708,74.125.130.0-255,2902,321333,19,324367
25867,0.007714,172.31.36.0-255,66,321399,19,324367
25868,0.007739,74.125.130.0-255,2902,324301,19,324367
25869,0.007743,172.31.36.0-255,66,324367,19,324367
25870,0.0,172.217.194.0-255,150,150,19,180606
25871,2.4e-05,172.31.36.0-255,66,216,19,180606
25872,3e-05,172.217.194.0-255,1484,1700,19,180606
25873,3.5e-05,172.31.36.0-255,66,1766,19,180606
25874,4.9e-05,172.217.194.0-255,2902,4668,19,180606
25875,5.2e-05,172.31.36.0-255,66,4734,19,180606
25876,5.9e-05,172.217.194.0-255,5738,10472,19,180606
25877,6.2e-05,172.31.36.0-255,66,10538,19,180606
25878,7.8e-05,172.31.36.0-255,66,10604,19,180606
25879,8.6e-05,172.217.194.0-255,6797,17401,19,180606
25880,8.8e-05,172.31.36.0-255,66,17467,19,180606
25881,0.001013,172.217.194.0-255,1484,18951,19,180606
25882,0.001021,172.31.36.0-255,66,19017,19,180606
25883,0.001032,172.217.194.0-255,2902,21919,19,180606
25884,0.001035,172.31.36.0-255,66,21985,19,180606
25885,0.001047,172.217.194.0-255,4320,26305,19,180606
25886,0.001049,172.31.36.0-255,66,26371,19,180606
25887,0.001056,172.217.194.0-255,5738,32109,19,180606
25888,0.001058,172.31.36.0-255,66,32175,19,180606
25889,0.001117,172.31.36.0-255,66,32241,19,180606
25890,0.001125,172.217.194.0-255,6797,39038,19,180606
25891,0.001127,172.31.36.0-255,66,39104,19,180606
25892,0.001885,172.217.194.0-255,1484,40588,19,180606
25893,0.001894,172.31.36.0-255,66,40654,19,180606
25894,0.001902,172.217.194.0-255,2902,43556,19,180606
25895,0.001904,172.31.36.0-255,66,43622,19,180606
25896,0.001917,172.217.194.0-255,5738,49360,19,180606
25897,0.001921,172.31.36.0-255,66,49426,19,180606
25898,0.001935,172.31.36.0-255,66,49492,19,180606
25899,0.001968,172.217.194.0-255,10692,60184,19,180606
25900,0.002,172.217.194.0-255,2902,63086,19,180606
25901,0.002029,172.217.194.0-255,8574,71660,19,180606
25902,0.002033,172.217.194.0-255,2902,74562,19,180606
25903,0.002051,172.217.194.0-255,4320,78882,19,180606
25904,0.002073,172.217.194.0-255,5738,84620,19,180606
25905,0.002084,172.217.194.0-255,9274,93894,19,180606
25906,0.002164,172.217.194.0-255,1484,95378,19,180606
25907,0.002177,172.217.194.0-255,2902,98280,19,180606
25908,0.002188,172.217.194.0-255,1484,99764,19,180606
25909,0.002201,172.217.194.0-255,4320,104084,19,180606
25910,0.002208,172.217.194.0-255,5738,109822,19,180606
25911,0.002225,172.217.194.0-255,7156,116978,19,180606
25912,0.002249,172.217.194.0-255,5738,122716,19,180606
25913,0.002252,172.217.194.0-255,1484,124200,19,180606
25914,0.002268,172.217.194.0-255,3602,127802,19,180606
25915,0.002364,172.217.194.0-255,1484,129286,19,180606
25916,0.002368,172.217.194.0-255,2902,132188,19,180606
25917,0.002384,172.217.194.0-255,4320,136508,19,180606
25918,0.002394,172.217.194.0-255,1484,137992,19,180606
25919,0.002411,172.217.194.0-255,5738,143730,19,180606
25920,0.00243,172.217.194.0-255,7156,150886,19,180606
25921,0.002469,172.217.194.0-255,10692,161578,19,180606
25922,0.0025,172.217.194.0-255,1484,163062,19,180606
25923,0.00252,172.217.194.0-255,2902,165964,19,180606
25924,0.002526,172.217.194.0-255,4320,170284,19,180606
25925,0.002538,172.217.194.0-255,1484,171768,19,180606
25926,0.002541,172.217.194.0-255,1484,173252,19,180606
25927,0.002573,172.217.194.0-255,1484,174736,19,180606
25928,0.005208,172.31.36.0-255,66,174802,19,180606
25929,0.007791,172.217.194.0-255,5738,180540,19,180606
25930,0.007821,172.31.36.0-255,66,180606,19,180606
25931,0.0,172.217.24.0-255,150,150,19,124980
25932,3.1e-05,172.31.36.0-255,66,216,19,124980
25933,3.7e-05,172.217.24.0-255,1484,1700,19,124980
25934,4.2e-05,172.31.36.0-255,66,1766,19,124980
25935,4.5e-05,172.217.24.0-255,1484,3250,19,124980
25936,4.8e-05,172.31.36.0-255,66,3316,19,124980
25937,5.3e-05,172.217.24.0-255,2902,6218,19,124980
25938,5.6e-05,172.31.36.0-255,66,6284,19,124980
25939,6e-05,172.217.24.0-255,1484,7768,19,124980
25940,6.1e-05,172.31.36.0-255,66,7834,19,124980
25941,7.8e-05,172.217.24.0-255,4320,12154,19,124980
25942,8.2e-05,172.31.36.0-255,66,12220,19,124980
25943,8.6e-05,172.217.24.0-255,1998,14218,19,124980
25944,8.8e-05,172.31.36.0-255,66,14284,19,124980
25945,0.000174,172.217.24.0-255,1484,15768,19,124980
25946,0.000178,172.31.36.0-255,66,15834,19,124980
25947,0.000185,172.217.24.0-255,2902,18736,19,124980
25948,0.000188,172.31.36.0-255,66,18802,19,124980
25949,0.000191,172.217.24.0-255,1484,20286,19,124980
25950,0.000193,172.31.36.0-255,66,20352,19,124980
25951,0.000198,172.217.24.0-255,2902,23254,19,124980
25952,0.0002,172.31.36.0-255,66,23320,19,124980
25953,0.00025,172.217.24.0-255,5738,29058,19,124980
25954,0.000253,172.31.36.0-255,66,29124,19,124980
25955,0.000257,172.217.24.0-255,2543,31667,19,124980
25956,0.000259,172.31.36.0-255,66,31733,19,124980
25957,0.000722,172.217.24.0-255,1484,33217,19,124980
25958,0.000727,172.31.36.0-255,66,33283,19,124980
25959,0.000734,172.217.24.0-255,2902,36185,19,124980
25960,0.000736,172.31.36.0-255,66,36251,19,124980
25961,0.000739,172.217.24.0-255,1484,37735,19,124980
25962,0.000741,172.31.36.0-255,66,37801,19,124980
25963,0.000771,172.217.24.0-255,4320,42121,19,124980
25964,0.000773,172.31.36.0-255,66,42187,19,124980
25965,0.000779,172.217.24.0-255,6797,48984,19,124980
25966,0.000781,172.31.36.0-255,66,49050,19,124980
25967,0.000787,172.217.24.0-255,5738,54788,19,124980
25968,0.000789,172.31.36.0-255,66,54854,19,124980
25969,0.00081,172.217.24.0-255,1484,56338,19,124980
25970,0.000816,172.217.24.0-255,4320,60658,19,124980
25971,0.000817,172.31.36.0-255,66,60724,19,124980
25972,0.000838,172.217.24.0-255,5379,66103,19,124980
25973,0.000841,172.31.36.0-255,66,66169,19,124980
25974,0.000843,172.217.24.0-255,359,66528,19,124980
25975,0.001518,172.217.24.0-255,140,66668,19,124980
25976,0.001639,172.217.24.0-255,1484,68152,19,124980
25977,0.001642,172.31.36.0-255,66,68218,19,124980
25978,0.001647,172.217.24.0-255,2902,71120,19,124980
25979,0.001648,172.31.36.0-255,66,71186,19,124980
25980,0.001667,172.217.24.0-255,5738,76924,19,124980
25981,0.00167,172.31.36.0-255,66,76990,19,124980
25982,0.001674,172.217.24.0-255,4320,81310,19,124980
25983,0.001676,172.31.36.0-255,66,81376,19,124980
25984,0.001729,172.217.24.0-255,2543,83919,19,124980
25985,0.001732,172.31.36.0-255,66,83985,19,124980
25986,0.001736,172.217.24.0-255,2902,86887,19,124980
25987,0.001738,172.31.36.0-255,66,86953,19,124980
25988,0.001763,172.217.24.0-255,7156,94109,19,124980
25989,0.001766,172.31.36.0-255,66,94175,19,124980
25990,0.001769,172.217.24.0-255,1484,95659,19,124980
25991,0.001784,172.217.24.0-255,2902,98561,19,124980
25992,0.001787,172.31.36.0-255,66,98627,19,124980
25993,0.001824,172.217.24.0-255,2543,101170,19,124980
25994,0.001827,172.31.36.0-255,66,101236,19,124980
25995,0.003734,172.217.24.0-255,2902,104138,19,124980
25996,0.003737,172.31.36.0-255,66,104204,19,124980
25997,0.00376,172.217.24.0-255,1484,105688,19,124980
25998,0.00377,172.217.24.0-255,1484,107172,19,124980
25999,0.003772,172.31.36.0-255,66,107238,19,124980
26000,0.005684,172.217.24.0-255,2902,110140,19,124980
26001,0.005692,172.31.36.0-255,66,110206,19,124980
26002,0.005723,172.217.24.0-255,2902,113108,19,124980
26003,0.005727,172.31.36.0-255,66,113174,19,124980
26004,0.007649,172.217.24.0-255,2902,116076,19,124980
26005,0.007655,172.31.36.0-255,66,116142,19,124980
26006,0.007676,172.217.24.0-255,2902,119044,19,124980
26007,0.00768,172.31.36.0-255,66,119110,19,124980
26008,0.009608,172.217.24.0-255,4320,123430,19,124980
26009,0.009615,172.31.36.0-255,66,123496,19,124980
26010,0.009632,172.217.24.0-255,1484,124980,19,124980
26011,0.0,74.125.24.0-255,212,212,19,274173
26012,2.7e-05,172.31.36.0-255,66,278,19,274173
26013,3.4e-05,74.125.24.0-255,1484,1762,19,274173
26014,3.7e-05,172.31.36.0-255,66,1828,19,274173
26015,5.2e-05,74.125.24.0-255,4320,6148,19,274173
26016,5.6e-05,172.31.36.0-255,66,6214,19,274173
26017,6.2e-05,74.125.24.0-255,7156,13370,19,274173
26018,6.5e-05,172.31.36.0-255,66,13436,19,274173
26019,6.8e-05,74.125.24.0-255,450,13886,19,274173
26020,7e-05,172.31.36.0-255,66,13952,19,274173
26021,9.7e-05,74.125.24.0-255,1484,15436,19,274173
26022,0.0001,172.31.36.0-255,66,15502,19,274173
26023,0.000132,74.125.24.0-255,4320,19822,19,274173
26024,0.000137,172.31.36.0-255,66,19888,19,274173
26025,0.000141,74.125.24.0-255,2902,22790,19,274173
26026,0.000144,172.31.36.0-255,66,22856,19,274173
26027,0.000179,74.125.24.0-255,7156,30012,19,274173
26028,0.000182,172.31.36.0-255,66,30078,19,274173
26029,0.000185,74.125.24.0-255,1125,31203,19,274173
26030,0.000187,172.31.36.0-255,66,31269,19,274173
26031,0.000234,74.125.24.0-255,1484,32753,19,274173
26032,0.000237,172.31.36.0-255,66,32819,19,274173
26033,0.000242,74.125.24.0-255,2902,35721,19,274173
26034,0.000245,172.31.36.0-255,66,35787,19,274173
26035,0.000251,74.125.24.0-255,5738,41525,19,274173
26036,0.000253,172.31.36.0-255,66,41591,19,274173
26037,0.000267,172.31.36.0-255,66,41657,19,274173
26038,0.000312,172.31.36.0-255,66,41723,19,274173
26039,0.000315,74.125.24.0-255,374,42097,19,274173
26040,0.000319,172.31.36.0-255,66,42163,19,274173
26041,0.000578,74.125.24.0-255,1484,43647,19,274173
26042,0.000597,74.125.24.0-255,2902,46549,19,274173
26043,0.000601,172.31.36.0-255,66,46615,19,274173
26044,0.000605,74.125.24.0-255,1484,48099,19,274173
26045,0.000629,74.125.24.0-255,4320,52419,19,274173
26046,0.000632,172.31.36.0-255,66,52485,19,274173
26047,0.000635,74.125.24.0-255,1484,53969,19,274173
26048,0.000648,172.31.36.0-255,66,54035,19,274173
26049,0.000685,74.125.24.0-255,9274,63309,19,274173
26050,0.000689,172.31.36.0-255,66,63375,19,274173
26051,0.00077,74.125.24.0-255,1484,64859,19,274173
26052,0.000775,74.125.24.0-255,2902,67761,19,274173
26053,0.000778,172.31.36.0-255,66,67827,19,274173
26054,0.00082,74.125.24.0-255,4320,72147,19,274173
26055,0.000823,172.31.36.0-255,66,72213,19,274173
26056,0.00085,74.125.24.0-255,1484,73697,19,274173
26057,0.000864,172.31.36.0-255,66,73763,19,274173
26058,0.000873,74.125.24.0-255,8574,82337,19,274173
26059,0.000875,172.31.36.0-255,66,82403,19,274173
26060,0.000894,74.125.24.0-255,2184,84587,19,274173
26061,0.000898,172.31.36.0-255,66,84653,19,274173
26062,0.000923,74.125.24.0-255,2902,87555,19,274173
26063,0.000927,172.31.36.0-255,66,87621,19,274173
26064,0.000933,74.125.24.0-255,4320,91941,19,274173
26065,0.000935,172.31.36.0-255,66,92007,19,274173
26066,0.000967,74.125.24.0-255,2902,94909,19,274173
26067,0.00097,172.31.36.0-255,66,94975,19,274173
26068,0.000984,172.31.36.0-255,66,95041,19,274173
26069,0.000989,74.125.24.0-255,4320,99361,19,274173
26070,0.000992,172.31.36.0-255,66,99427,19,274173
26071,0.001023,74.125.24.0-255,7856,107283,19,274173
26072,0.001026,172.31.36.0-255,66,107349,19,274173
26073,0.001051,74.125.24.0-255,1484,108833,19,274173
26074,0.001056,74.125.24.0-255,2902,111735,19,274173
26075,0.001058,172.31.36.0-255,66,111801,19,274173
26076,0.001065,74.125.24.0-255,5738,117539,19,274173
26077,0.001068,172.31.36.0-255,66,117605,19,274173
26078,0.001071,74.125.24.0-255,1484,119089,19,274173
26079,0.001106,172.31.36.0-255,66,119155,19,274173
26080,0.00111,74.125.24.0-255,1484,120639,19,274173
26081,0.001136,74.125.24.0-255,4320,124959,19,274173
26082,0.00114,172.31.36.0-255,66,125025,19,274173
26083,0.001168,74.125.24.0-255,5020,130045,19,274173
26084,0.001172,172.31.36.0-255,66,130111,19,274173
26085,0.001197,74.125.24.0-255,1484,131595,19,274173
26086,0.001211,74.125.24.0-255,2902,134497,19,274173
26087,0.001214,172.31.36.0-255,66,134563,19,274173
26088,0.001219,74.125.24.0-255,2902,137465,19,274173
26089,0.001221,172.31.36.0-255,66,137531,19,274173
26090,0.001239,74.125.24.0-255,2902,140433,19,274173
26091,0.001247,172.31.36.0-255,66,140499,19,274173
26092,0.00125,74.125.24.0-255,1484,141983,19,274173
26093,0.001273,74.125.24.0-255,5738,147721,19,274173
26094,0.001276,172.31.36.0-255,66,147787,19,274173
26095,0.001303,74.125.24.0-255,5738,153525,19,274173
26096,0.001306,172.31.36.0-255,66,153591,19,274173
26097,0.001311,74.125.24.0-255,2902,156493,19,274173
26098,0.001313,172.31.36.0-255,66,156559,19,274173
26099,0.001342,74.125.24.0-255,7856,164415,19,274173
26100,0.001346,172.31.36.0-255,66,164481,19,274173
26101,0.001542,74.125.24.0-255,1484,165965,19,274173
26102,0.001548,74.125.24.0-255,2902,168867,19,274173
26103,0.001552,172.31.36.0-255,66,168933,19,274173
26104,0.001561,74.125.24.0-255,2902,171835,19,274173
26105,0.001563,172.31.36.0-255,66,171901,19,274173
26106,0.001581,74.125.24.0-255,2902,174803,19,274173
26107,0.001589,172.31.36.0-255,66,174869,19,274173
26108,0.001594,74.125.24.0-255,2902,177771,19,274173
26109,0.001596,172.31.36.0-255,66,177837,19,274173
26110,0.001632,74.125.24.0-255,9992,187829,19,274173
26111,0.001636,172.31.36.0-255,66,187895,19,274173
26112,0.001642,74.125.24.0-255,2902,190797,19,274173
26113,0.001644,172.31.36.0-255,66,190863,19,274173
26114,0.001675,74.125.24.0-255,7856,198719,19,274173
26115,0.001679,172.31.36.0-255,66,198785,19,274173
26116,0.001687,172.31.36.0-255,66,198851,19,274173
26117,0.0017,172.31.36.0-255,66,198917,19,274173
26118,0.001761,74.125.24.0-255,10692,209609,19,274173
26119,0.001766,172.31.36.0-255,66,209675,19,274173
26120,0.001795,74.125.24.0-255,9992,219667,19,274173
26121,0.001798,172.31.36.0-255,66,219733,19,274173
26122,0.001821,74.125.24.0-255,1484,221217,19,274173
26123,0.001824,74.125.24.0-255,1484,222701,19,274173
26124,0.001828,172.31.36.0-255,66,222767,19,274173
26125,0.001837,172.31.36.0-255,66,222833,19,274173
26126,0.001866,74.125.24.0-255,2902,225735,19,274173
26127,0.00187,172.31.36.0-255,66,225801,19,274173
26128,0.001877,74.125.24.0-255,6438,232239,19,274173
26129,0.00188,172.31.36.0-255,66,232305,19,274173
26130,0.001896,74.125.24.0-255,1484,233789,19,274173
26131,0.001904,74.125.24.0-255,1484,235273,19,274173
26132,0.001907,172.31.36.0-255,66,235339,19,274173
26133,0.001932,74.125.24.0-255,1484,236823,19,274173
26134,0.001939,74.125.24.0-255,5738,242561,19,274173
26135,0.001942,172.31.36.0-255,66,242627,19,274173
26136,0.001953,172.31.36.0-255,66,242693,19,274173
26137,0.00198,74.125.24.0-255,1484,244177,19,274173
26138,0.001989,74.125.24.0-255,8574,252751,19,274173
26139,0.001991,172.31.36.0-255,66,252817,19,274173
26140,0.002016,74.125.24.0-255,5020,257837,19,274173
26141,0.002019,172.31.36.0-255,66,257903,19,274173
26142,0.002027,74.125.24.0-255,9992,267895,19,274173
26143,0.00203,172.31.36.0-255,66,267961,19,274173
26144,0.002088,74.125.24.0-255,5738,273699,19,274173
26145,0.002092,172.31.36.0-255,66,273765,19,274173
26146,0.002125,172.31.36.0-255,66,273831,19,274173
26147,0.002129,74.125.24.0-255,105,273936,19,274173
26148,0.003463,172.31.36.0-255,66,274002,19,274173
26149,0.003489,172.31.36.0-255,105,274107,19,274173
26150,0.005812,74.125.24.0-255,66,274173,19,274173
26151,0.0,172.217.194.0-255,146,146,19,285480
26152,3.3e-05,172.31.36.0-255,66,212,19,285480
26153,4e-05,172.217.194.0-255,1484,1696,19,285480
26154,4.4e-05,172.31.36.0-255,66,1762,19,285480
26155,5e-05,172.217.194.0-255,2902,4664,19,285480
26156,5.2e-05,172.31.36.0-255,66,4730,19,285480
26157,5.9e-05,172.217.194.0-255,7156,11886,19,285480
26158,6.2e-05,172.31.36.0-255,66,11952,19,285480
26159,0.000108,172.217.194.0-255,9156,21108,19,285480
26160,0.000111,172.31.36.0-255,66,21174,19,285480
26161,0.000119,172.217.194.0-255,9633,30807,19,285480
26162,0.000121,172.31.36.0-255,66,30873,19,285480
26163,0.000373,172.217.194.0-255,1484,32357,19,285480
26164,0.000378,172.31.36.0-255,66,32423,19,285480
26165,0.000384,172.217.194.0-255,2902,35325,19,285480
26166,0.000387,172.31.36.0-255,66,35391,19,285480
26167,0.000415,172.217.194.0-255,5738,41129,19,285480
26168,0.000419,172.31.36.0-255,66,41195,19,285480
26169,0.000458,172.217.194.0-255,7156,48351,19,285480
26170,0.000461,172.31.36.0-255,66,48417,19,285480
26171,0.000478,172.217.194.0-255,6797,55214,19,285480
26172,0.000481,172.31.36.0-255,66,55280,19,285480
26173,0.000488,172.217.194.0-255,7156,62436,19,285480
26174,0.00049,172.31.36.0-255,66,62502,19,285480
26175,0.000512,172.217.194.0-255,2543,65045,19,285480
26176,0.000515,172.31.36.0-255,66,65111,19,285480
26177,0.000517,172.217.194.0-255,361,65472,19,285480
26178,0.00052,172.31.36.0-255,66,65538,19,285480
26179,0.000522,172.217.194.0-255,382,65920,19,285480
26180,0.000525,172.31.36.0-255,66,65986,19,285480
26181,0.000922,172.217.194.0-255,1484,67470,19,285480
26182,0.000927,172.31.36.0-255,66,67536,19,285480
26183,0.000937,172.217.194.0-255,2902,70438,19,285480
26184,0.000945,172.217.194.0-255,5738,76176,19,285480
26185,0.000963,172.217.194.0-255,7156,83332,19,285480
26186,0.000977,172.217.194.0-255,1484,84816,19,285480
26187,0.001019,172.217.194.0-255,7156,91972,19,285480
26188,0.001045,172.217.194.0-255,7856,99828,19,285480
26189,0.001197,172.217.194.0-255,1484,101312,19,285480
26190,0.001203,172.217.194.0-255,2902,104214,19,285480
26191,0.001214,172.217.194.0-255,1484,105698,19,285480
26192,0.001226,172.217.194.0-255,4320,110018,19,285480
26193,0.00126,172.217.194.0-255,7156,117174,19,285480
26194,0.001312,172.217.194.0-255,3602,120776,19,285480
26195,0.00134,172.217.194.0-255,4320,125096,19,285480
26196,0.001354,172.217.194.0-255,2902,127998,19,285480
26197,0.001372,172.217.194.0-255,7156,135154,19,285480
26198,0.001377,172.217.194.0-255,2902,138056,19,285480
26199,0.00141,172.217.194.0-255,1484,139540,19,285480
26200,0.001434,172.217.194.0-255,3602,143142,19,285480
26201,0.001571,172.217.194.0-255,1484,144626,19,285480
26202,0.001583,172.217.194.0-255,2902,147528,19,285480
26203,0.001587,172.217.194.0-255,2902,150430,19,285480
26204,0.001604,172.217.194.0-255,2902,153332,19,285480
26205,0.001606,172.217.194.0-255,1484,154816,19,285480
26206,0.001624,172.217.194.0-255,4320,159136,19,285480
26207,0.001636,172.217.194.0-255,4320,163456,19,285480
26208,0.001659,172.217.194.0-255,8574,172030,19,285480
26209,0.001664,172.217.194.0-255,5020,177050,19,285480
26210,0.001786,172.217.194.0-255,1484,178534,19,285480
26211,0.001789,172.217.194.0-255,1484,180018,19,285480
26212,0.001801,172.217.194.0-255,1484,181502,19,285480
26213,0.001807,172.217.194.0-255,5738,187240,19,285480
26214,0.001828,172.217.194.0-255,5738,192978,19,285480
26215,0.00184,172.217.194.0-255,4320,197298,19,285480
26216,0.001861,172.217.194.0-255,8574,205872,19,285480
26217,0.001874,172.217.194.0-255,2902,208774,19,285480
26218,0.001892,172.217.194.0-255,2184,210958,19,285480
26219,0.001943,172.217.194.0-255,1484,212442,19,285480
26220,0.001946,172.217.194.0-255,1484,213926,19,285480
26221,0.001959,172.217.194.0-255,1484,215410,19,285480
26222,0.001962,172.217.194.0-255,1484,216894,19,285480
26223,0.001981,172.217.194.0-255,4320,221214,19,285480
26224,0.002018,172.217.194.0-255,4320,225534,19,285480
26225,0.002038,172.217.194.0-255,6438,231972,19,285480
26226,0.002065,172.217.194.0-255,7156,239128,19,285480
26227,0.002085,172.217.194.0-255,4320,243448,19,285480
26228,0.002102,172.217.194.0-255,4320,247768,19,285480
26229,0.002115,172.217.194.0-255,5738,253506,19,285480
26230,0.002126,172.217.194.0-255,4320,257826,19,285480
26231,0.002148,172.217.194.0-255,8574,266400,19,285480
26232,0.002219,172.217.194.0-255,6438,272838,19,285480
26233,0.002246,172.217.194.0-255,2902,275740,19,285480
26234,0.00232,172.217.194.0-255,4320,280060,19,285480
26235,0.002412,172.217.194.0-255,1484,281544,19,285480
26236,0.002451,172.217.194.0-255,3660,285204,19,285480
26237,0.002454,172.217.194.0-255,105,285309,19,285480
26238,0.006338,172.31.36.0-255,66,285375,19,285480
26239,0.009151,172.31.36.0-255,105,285480,19,285480
26240,0.0,172.217.194.0-255,298,298,19,279737
26241,2.6e-05,172.31.36.0-255,66,364,19,279737
26242,3.2e-05,172.217.194.0-255,1484,1848,19,279737
26243,3.7e-05,172.31.36.0-255,66,1914,19,279737
26244,4.4e-05,172.217.194.0-255,4320,6234,19,279737
26245,4.6e-05,172.31.36.0-255,66,6300,19,279737
26246,5.4e-05,172.217.194.0-255,7493,13793,19,279737
26247,5.7e-05,172.31.36.0-255,66,13859,19,279737
26248,6.6e-05,172.217.194.0-255,8574,22433,19,279737
26249,6.9e-05,172.31.36.0-255,66,22499,19,279737
26250,7.8e-05,172.217.194.0-255,8215,30714,19,279737
26251,8.1e-05,172.31.36.0-255,66,30780,19,279737
26252,0.000143,172.217.194.0-255,8574,39354,19,279737
26253,0.000147,172.31.36.0-255,66,39420,19,279737
26254,0.000153,172.217.194.0-255,5738,45158,19,279737
26255,0.000156,172.31.36.0-255,66,45224,19,279737
26256,0.000183,172.217.194.0-255,2543,47767,19,279737
26257,0.000186,172.31.36.0-255,66,47833,19,279737
26258,0.000191,172.217.194.0-255,2902,50735,19,279737
26259,0.000193,172.31.36.0-255,66,50801,19,279737
26260,0.000199,172.217.194.0-255,4320,55121,19,279737
26261,0.000201,172.31.36.0-255,66,55187,19,279737
26262,0.000229,172.217.194.0-255,2902,58089,19,279737
26263,0.000231,172.31.36.0-255,66,58155,19,279737
26264,0.000239,172.217.194.0-255,7111,65266,19,279737
26265,0.000242,172.31.36.0-255,66,65332,19,279737
26266,0.000246,172.217.194.0-255,99,65431,19,279737
26267,0.000248,172.31.36.0-255,66,65497,19,279737
26268,0.000327,172.217.194.0-255,1484,66981,19,279737
26269,0.000331,172.31.36.0-255,66,67047,19,279737
26270,0.000336,172.217.194.0-255,2902,69949,19,279737
26271,0.000338,172.31.36.0-255,66,70015,19,279737
26272,0.000355,172.217.194.0-255,5738,75753,19,279737
26273,0.000358,172.31.36.0-255,66,75819,19,279737
26274,0.000389,172.217.194.0-255,4320,80139,19,279737
26275,0.000391,172.31.36.0-255,66,80205,19,279737
26276,0.000421,172.217.194.0-255,9633,89838,19,279737
26277,0.000424,172.31.36.0-255,66,89904,19,279737
26278,0.000448,172.217.194.0-255,1484,91388,19,279737
26279,0.000464,172.217.194.0-255,5738,97126,19,279737
26280,0.000467,172.31.36.0-255,66,97192,19,279737
26281,0.000485,172.217.194.0-255,2839,100031,19,279737
26282,0.000488,172.31.36.0-255,66,100097,19,279737
26283,0.001083,172.217.194.0-255,1484,101581,19,279737
26284,0.00109,172.217.194.0-255,2902,104483,19,279737
26285,0.001093,172.31.36.0-255,66,104549,19,279737
26286,0.001099,172.217.194.0-255,2902,107451,19,279737
26287,0.001101,172.31.36.0-255,66,107517,19,279737
26288,0.00112,172.217.194.0-255,2902,110419,19,279737
26289,0.001123,172.31.36.0-255,66,110485,19,279737
26290,0.001136,172.31.36.0-255,66,110551,19,279737
26291,0.00114,172.217.194.0-255,1484,112035,19,279737
26292,0.001167,172.217.194.0-255,9274,121309,19,279737
26293,0.00117,172.31.36.0-255,66,121375,19,279737
26294,0.001383,172.217.194.0-255,1484,122859,19,279737
26295,0.001397,172.217.194.0-255,2902,125761,19,279737
26296,0.001401,172.31.36.0-255,66,125827,19,279737
26297,0.001424,172.217.194.0-255,5738,131565,19,279737
26298,0.001427,172.31.36.0-255,66,131631,19,279737
26299,0.001474,172.217.194.0-255,5738,137369,19,279737
26300,0.001478,172.31.36.0-255,66,137435,19,279737
26301,0.001481,172.31.36.0-255,66,137501,19,279737
26302,0.001513,172.217.194.0-255,2902,140403,19,279737
26303,0.001516,172.31.36.0-255,66,140469,19,279737
26304,0.001538,172.217.194.0-255,2184,142653,19,279737
26305,0.001544,172.217.194.0-255,5738,148391,19,279737
26306,0.001547,172.31.36.0-255,66,148457,19,279737
26307,0.001551,172.31.36.0-255,66,148523,19,279737
26308,0.001565,172.217.194.0-255,4320,152843,19,279737
26309,0.001567,172.31.36.0-255,66,152909,19,279737
26310,0.001601,172.217.194.0-255,8574,161483,19,279737
26311,0.001604,172.31.36.0-255,66,161549,19,279737
26312,0.001612,172.217.194.0-255,7156,168705,19,279737
26313,0.001615,172.31.36.0-255,66,168771,19,279737
26314,0.001623,172.217.194.0-255,7856,176627,19,279737
26315,0.001625,172.31.36.0-255,66,176693,19,279737
26316,0.001699,172.217.194.0-255,1484,178177,19,279737
26317,0.001705,172.217.194.0-255,2902,181079,19,279737
26318,0.001707,172.31.36.0-255,66,181145,19,279737
26319,0.001728,172.217.194.0-255,5738,186883,19,279737
26320,0.001731,172.31.36.0-255,66,186949,19,279737
26321,0.001773,172.31.36.0-255,66,187015,19,279737
26322,0.001816,172.217.194.0-255,8574,195589,19,279737
26323,0.001819,172.31.36.0-255,66,195655,19,279737
26324,0.001836,172.217.194.0-255,1484,197139,19,279737
26325,0.001865,172.31.36.0-255,66,197205,19,279737
26326,0.001874,172.217.194.0-255,9274,206479,19,279737
26327,0.001878,172.31.36.0-255,66,206545,19,279737
26328,0.001989,172.217.194.0-255,1484,208029,19,279737
26329,0.001994,172.217.194.0-255,2902,210931,19,279737
26330,0.001997,172.31.36.0-255,66,210997,19,279737
26331,0.002023,172.217.194.0-255,5738,216735,19,279737
26332,0.002026,172.31.36.0-255,66,216801,19,279737
26333,0.002039,172.31.36.0-255,66,216867,19,279737
26334,0.002063,172.217.194.0-255,1484,218351,19,279737
26335,0.002072,172.217.194.0-255,9992,228343,19,279737
26336,0.002075,172.31.36.0-255,66,228409,19,279737
26337,0.002078,172.217.194.0-255,766,229175,19,279737
26338,0.002146,172.217.194.0-255,1484,230659,19,279737
26339,0.002149,172.31.36.0-255,66,230725,19,279737
26340,0.002182,172.217.194.0-255,2902,233627,19,279737
26341,0.002185,172.31.36.0-255,66,233693,19,279737
26342,0.002191,172.217.194.0-255,5738,239431,19,279737
26343,0.002193,172.31.36.0-255,66,239497,19,279737
26344,0.002198,172.217.194.0-255,2902,242399,19,279737
26345,0.0022,172.31.36.0-255,66,242465,19,279737
26346,0.002223,172.217.194.0-255,5738,248203,19,279737
26347,0.002226,172.31.36.0-255,66,248269,19,279737
26348,0.002231,172.217.194.0-255,4320,252589,19,279737
26349,0.002234,172.31.36.0-255,66,252655,19,279737
26350,0.00227,172.31.36.0-255,66,252721,19,279737
26351,0.002277,172.217.194.0-255,5738,258459,19,279737
26352,0.00228,172.31.36.0-255,66,258525,19,279737
26353,0.002306,172.31.36.0-255,66,258591,19,279737
26354,0.002319,172.31.36.0-255,66,258657,19,279737
26355,0.002337,172.217.194.0-255,3602,262259,19,279737
26356,0.002339,172.31.36.0-255,66,262325,19,279737
26357,0.004559,172.217.194.0-255,5738,268063,19,279737
26358,0.004566,172.31.36.0-255,66,268129,19,279737
26359,0.006801,172.217.194.0-255,5738,273867,19,279737
26360,0.006808,172.31.36.0-255,66,273933,19,279737
26361,0.009037,172.217.194.0-255,5738,279671,19,279737
26362,0.009044,172.31.36.0-255,66,279737,19,279737
26363,0.0,74.125.24.0-255,146,146,19,215113
26364,2.4e-05,172.31.36.0-255,66,212,19,215113
26365,3.2e-05,74.125.24.0-255,1484,1696,19,215113
26366,3.6e-05,172.31.36.0-255,66,1762,19,215113
26367,4.2e-05,74.125.24.0-255,2902,4664,19,215113
26368,5.4e-05,172.31.36.0-255,66,4730,19,215113
26369,6.1e-05,74.125.24.0-255,5738,10468,19,215113
26370,6.4e-05,172.31.36.0-255,66,10534,19,215113
26371,9e-05,74.125.24.0-255,5738,16272,19,215113
26372,9.3e-05,172.31.36.0-255,66,16338,19,215113
26373,0.000121,74.125.24.0-255,2100,18438,19,215113
26374,0.000128,172.31.36.0-255,66,18504,19,215113
26375,0.000137,74.125.24.0-255,8574,27078,19,215113
26376,0.00014,172.31.36.0-255,66,27144,19,215113
26377,0.000145,74.125.24.0-255,3961,31105,19,215113
26378,0.000147,172.31.36.0-255,66,31171,19,215113
26379,0.000186,74.125.24.0-255,1484,32655,19,215113
26380,0.000188,172.31.36.0-255,66,32721,19,215113
26381,0.000193,74.125.24.0-255,2902,35623,19,215113
26382,0.000196,172.31.36.0-255,66,35689,19,215113
26383,0.000199,74.125.24.0-255,1484,37173,19,215113
26384,0.000201,172.31.36.0-255,66,37239,19,215113
26385,0.000218,74.125.24.0-255,4320,41559,19,215113
26386,0.000222,172.31.36.0-255,66,41625,19,215113
26387,0.000229,74.125.24.0-255,7156,48781,19,215113
26388,0.000231,172.31.36.0-255,66,48847,19,215113
26389,0.000267,74.125.24.0-255,5738,54585,19,215113
26390,0.00027,172.31.36.0-255,66,54651,19,215113
26391,0.000279,74.125.24.0-255,8574,63225,19,215113
26392,0.000281,172.31.36.0-255,66,63291,19,215113
26393,0.00029,74.125.24.0-255,2480,65771,19,215113
26394,0.000292,172.31.36.0-255,66,65837,19,215113
26395,0.000314,74.125.24.0-255,412,66249,19,215113
26396,0.000435,74.125.24.0-255,1484,67733,19,215113
26397,0.000442,74.125.24.0-255,2902,70635,19,215113
26398,0.000469,74.125.24.0-255,5738,76373,19,215113
26399,0.000497,74.125.24.0-255,5738,82111,19,215113
26400,0.000519,74.125.24.0-255,3961,86072,19,215113
26401,0.000527,74.125.24.0-255,7156,93228,19,215113
26402,0.00054,74.125.24.0-255,2902,96130,19,215113
26403,0.000557,74.125.24.0-255,3961,100091,19,215113
26404,0.000636,172.31.36.0-255,66,100157,19,215113
26405,0.001125,74.125.24.0-255,1484,101641,19,215113
26406,0.001144,74.125.24.0-255,2902,104543,19,215113
26407,0.001147,172.31.36.0-255,66,104609,19,215113
26408,0.001155,74.125.24.0-255,5738,110347,19,215113
26409,0.001191,172.31.36.0-255,66,110413,19,215113
26410,0.001206,74.125.24.0-255,10692,121105,19,215113
26411,0.001251,172.31.36.0-255,66,121171,19,215113
26412,0.00135,74.125.24.0-255,1484,122655,19,215113
26413,0.001355,74.125.24.0-255,2902,125557,19,215113
26414,0.001361,172.31.36.0-255,66,125623,19,215113
26415,0.001391,74.125.24.0-255,5738,131361,19,215113
26416,0.001412,172.31.36.0-255,66,131427,19,215113
26417,0.001447,74.125.24.0-255,7156,138583,19,215113
26418,0.001463,172.31.36.0-255,66,138649,19,215113
26419,0.001469,74.125.24.0-255,3602,142251,19,215113
26420,0.001474,172.31.36.0-255,66,142317,19,215113
26421,0.001818,74.125.24.0-255,1484,143801,19,215113
26422,0.001826,74.125.24.0-255,2902,146703,19,215113
26423,0.001829,172.31.36.0-255,66,146769,19,215113
26424,0.001833,74.125.24.0-255,1484,148253,19,215113
26425,0.00185,74.125.24.0-255,4320,152573,19,215113
26426,0.001853,74.125.24.0-255,1484,154057,19,215113
26427,0.001864,74.125.24.0-255,2902,156959,19,215113
26428,0.001868,172.31.36.0-255,66,157025,19,215113
26429,0.001904,74.125.24.0-255,8574,165599,19,215113
26430,0.001913,74.125.24.0-255,8574,174173,19,215113
26431,0.001916,74.125.24.0-255,2184,176357,19,215113
26432,0.001925,172.31.36.0-255,66,176423,19,215113
26433,0.001966,74.125.24.0-255,1484,177907,19,215113
26434,0.001972,74.125.24.0-255,2902,180809,19,215113
26435,0.001989,172.31.36.0-255,66,180875,19,215113
26436,0.002018,74.125.24.0-255,5738,186613,19,215113
26437,0.002051,74.125.24.0-255,5738,192351,19,215113
26438,0.002061,172.31.36.0-255,66,192417,19,215113
26439,0.002072,74.125.24.0-255,5020,197437,19,215113
26440,0.002082,172.31.36.0-255,66,197503,19,215113
26441,0.002152,172.31.36.0-255,66,197569,19,215113
26442,0.004187,74.125.24.0-255,5738,203307,19,215113
26443,0.004194,172.31.36.0-255,66,203373,19,215113
26444,0.006228,74.125.24.0-255,2902,206275,19,215113
26445,0.006232,172.31.36.0-255,66,206341,19,215113
26446,0.006249,74.125.24.0-255,2902,209243,19,215113
26447,0.006251,172.31.36.0-255,66,209309,19,215113
26448,0.00826,74.125.24.0-255,5738,215047,19,215113
26449,0.008877,172.31.36.0-255,66,215113,19,215113
26450,0.0,172.253.118.0-255,153,153,19,152305
26451,2.9e-05,172.31.36.0-255,66,219,19,152305
26452,3.6e-05,172.253.118.0-255,1484,1703,19,152305
26453,4e-05,172.31.36.0-255,66,1769,19,152305
26454,4.4e-05,172.253.118.0-255,2902,4671,19,152305
26455,4.6e-05,172.31.36.0-255,66,4737,19,152305
26456,5.9e-05,172.253.118.0-255,2902,7639,19,152305
26457,6.1e-05,172.31.36.0-255,66,7705,19,152305
26458,6.6e-05,172.253.118.0-255,4320,12025,19,152305
26459,6.8e-05,172.31.36.0-255,66,12091,19,152305
26460,9.8e-05,172.253.118.0-255,2064,14155,19,152305
26461,0.000101,172.31.36.0-255,66,14221,19,152305
26462,0.001392,172.253.118.0-255,1484,15705,19,152305
26463,0.001399,172.31.36.0-255,66,15771,19,152305
26464,0.001409,172.253.118.0-255,2902,18673,19,152305
26465,0.001411,172.31.36.0-255,66,18739,19,152305
26466,0.001423,172.253.118.0-255,5738,24477,19,152305
26467,0.001424,172.31.36.0-255,66,24543,19,152305
26468,0.001432,172.253.118.0-255,6797,31340,19,152305
26469,0.001434,172.31.36.0-255,66,31406,19,152305
26470,0.001547,172.253.118.0-255,1484,32890,19,152305
26471,0.001552,172.31.36.0-255,66,32956,19,152305
26472,0.001557,172.253.118.0-255,2902,35858,19,152305
26473,0.001559,172.31.36.0-255,66,35924,19,152305
26474,0.001606,172.253.118.0-255,5738,41662,19,152305
26475,0.001611,172.253.118.0-255,5738,47400,19,152305
26476,0.001617,172.31.36.0-255,66,47466,19,152305
26477,0.00162,172.31.36.0-255,66,47532,19,152305
26478,0.001632,172.253.118.0-255,8215,55747,19,152305
26479,0.001639,172.31.36.0-255,66,55813,19,152305
26480,0.001648,172.253.118.0-255,9633,65446,19,152305
26481,0.00165,172.31.36.0-255,66,65512,19,152305
26482,0.00167,172.253.118.0-255,447,65959,19,152305
26483,0.001703,172.253.118.0-255,326,66285,19,152305
26484,0.001882,172.253.118.0-255,1484,67769,19,152305
26485,0.001887,172.31.36.0-255,66,67835,19,152305
26486,0.001892,172.253.118.0-255,2902,70737,19,152305
26487,0.001894,172.31.36.0-255,66,70803,19,152305
26488,0.001925,172.253.118.0-255,5738,76541,19,152305
26489,0.001927,172.31.36.0-255,66,76607,19,152305
26490,0.001932,172.253.118.0-255,4320,80927,19,152305
26491,0.001933,172.31.36.0-255,66,80993,19,152305
26492,0.001952,172.253.118.0-255,2543,83536,19,152305
26493,0.00196,172.31.36.0-255,66,83602,19,152305
26494,0.001971,172.253.118.0-255,4320,87922,19,152305
26495,0.001973,172.31.36.0-255,66,87988,19,152305
26496,0.002002,172.253.118.0-255,2902,90890,19,152305
26497,0.002005,172.31.36.0-255,66,90956,19,152305
26498,0.002013,172.253.118.0-255,8574,99530,19,152305
26499,0.002015,172.31.36.0-255,66,99596,19,152305
26500,0.002022,172.253.118.0-255,1125,100721,19,152305
26501,0.002202,172.253.118.0-255,1484,102205,19,152305
26502,0.002205,172.31.36.0-255,66,102271,19,152305
26503,0.00221,172.253.118.0-255,2902,105173,19,152305
26504,0.002212,172.31.36.0-255,66,105239,19,152305
26505,0.002231,172.253.118.0-255,5738,110977,19,152305
26506,0.002233,172.31.36.0-255,66,111043,19,152305
26507,0.00224,172.253.118.0-255,1484,112527,19,152305
26508,0.002264,172.253.118.0-255,7156,119683,19,152305
26509,0.002266,172.31.36.0-255,66,119749,19,152305
26510,0.002295,172.253.118.0-255,5738,125487,19,152305
26511,0.002298,172.31.36.0-255,66,125553,19,152305
26512,0.002307,172.253.118.0-255,9274,134827,19,152305
26513,0.002309,172.31.36.0-255,66,134893,19,152305
26514,0.004592,172.253.118.0-255,5738,140631,19,152305
26515,0.004599,172.31.36.0-255,66,140697,19,152305
26516,0.006891,172.253.118.0-255,5738,146435,19,152305
26517,0.006898,172.31.36.0-255,66,146501,19,152305
26518,0.009202,172.253.118.0-255,5738,152239,19,152305
26519,0.00921,172.31.36.0-255,66,152305,19,152305
26520,0.0,172.217.194.0-255,152,152,19,153428
26521,2.2e-05,172.31.36.0-255,66,218,19,153428
26522,2.8e-05,172.217.194.0-255,1484,1702,19,153428
26523,3.1e-05,172.31.36.0-255,66,1768,19,153428
26524,3.5e-05,172.217.194.0-255,2902,4670,19,153428
26525,3.7e-05,172.31.36.0-255,66,4736,19,153428
26526,5.1e-05,172.217.194.0-255,7156,11892,19,153428
26527,5.4e-05,172.31.36.0-255,66,11958,19,153428
26528,6e-05,172.217.194.0-255,4877,16835,19,153428
26529,6.3e-05,172.31.36.0-255,66,16901,19,153428
26530,9e-05,172.217.194.0-255,7156,24057,19,153428
26531,9.4e-05,172.31.36.0-255,66,24123,19,153428
26532,0.00012,172.217.194.0-255,6797,30920,19,153428
26533,0.000123,172.31.36.0-255,66,30986,19,153428
26534,0.00016,172.217.194.0-255,1484,32470,19,153428
26535,0.000163,172.31.36.0-255,66,32536,19,153428
26536,0.000166,172.217.194.0-255,1484,34020,19,153428
26537,0.000167,172.31.36.0-255,66,34086,19,153428
26538,0.000197,172.217.194.0-255,1484,35570,19,153428
26539,0.0002,172.31.36.0-255,66,35636,19,153428
26540,0.000207,172.217.194.0-255,5738,41374,19,153428
26541,0.00021,172.31.36.0-255,66,41440,19,153428
26542,0.000217,172.217.194.0-255,8215,49655,19,153428
26543,0.00022,172.31.36.0-255,66,49721,19,153428
26544,0.000225,172.217.194.0-255,4320,54041,19,153428
26545,0.000227,172.31.36.0-255,66,54107,19,153428
26546,0.000261,172.217.194.0-255,4320,58427,19,153428
26547,0.000265,172.31.36.0-255,66,58493,19,153428
26548,0.000272,172.217.194.0-255,4320,62813,19,153428
26549,0.000275,172.31.36.0-255,66,62879,19,153428
26550,0.000303,172.217.194.0-255,2797,65676,19,153428
26551,0.000306,172.31.36.0-255,66,65742,19,153428
26552,0.00036,172.217.194.0-255,120,65862,19,153428
26553,0.000446,172.217.194.0-255,1484,67346,19,153428
26554,0.00045,172.31.36.0-255,66,67412,19,153428
26555,0.000454,172.217.194.0-255,1484,68896,19,153428
26556,0.000479,172.217.194.0-255,1484,70380,19,153428
26557,0.000482,172.31.36.0-255,66,70446,19,153428
26558,0.000512,172.217.194.0-255,5738,76184,19,153428
26559,0.000516,172.31.36.0-255,66,76250,19,153428
26560,0.000523,172.217.194.0-255,6529,82779,19,153428
26561,0.000525,172.31.36.0-255,66,82845,19,153428
26562,0.000553,172.217.194.0-255,1484,84329,19,153428
26563,0.000558,172.217.194.0-255,2902,87231,19,153428
26564,0.000562,172.31.36.0-255,66,87297,19,153428
26565,0.000565,172.217.194.0-255,1484,88781,19,153428
26566,0.000595,172.217.194.0-255,4320,93101,19,153428
26567,0.000602,172.31.36.0-255,66,93167,19,153428
26568,0.000612,172.217.194.0-255,6797,99964,19,153428
26569,0.000615,172.31.36.0-255,66,100030,19,153428
26570,0.001105,172.217.194.0-255,1484,101514,19,153428
26571,0.001133,172.217.194.0-255,1484,102998,19,153428
26572,0.001137,172.31.36.0-255,66,103064,19,153428
26573,0.001171,172.217.194.0-255,1484,104548,19,153428
26574,0.001177,172.217.194.0-255,5738,110286,19,153428
26575,0.00118,172.31.36.0-255,66,110352,19,153428
26576,0.001192,172.31.36.0-255,66,110418,19,153428
26577,0.001225,172.217.194.0-255,2902,113320,19,153428
26578,0.001228,172.31.36.0-255,66,113386,19,153428
26579,0.001253,172.217.194.0-255,7856,121242,19,153428
26580,0.001256,172.31.36.0-255,66,121308,19,153428
26581,0.002234,172.217.194.0-255,1484,122792,19,153428
26582,0.002241,172.217.194.0-255,2902,125694,19,153428
26583,0.002245,172.31.36.0-255,66,125760,19,153428
26584,0.002252,172.217.194.0-255,5738,131498,19,153428
26585,0.002253,172.31.36.0-255,66,131564,19,153428
26586,0.002289,172.31.36.0-255,66,131630,19,153428
26587,0.002294,172.217.194.0-255,4320,135950,19,153428
26588,0.002296,172.31.36.0-255,66,136016,19,153428
26589,0.004548,172.217.194.0-255,5738,141754,19,153428
26590,0.004554,172.31.36.0-255,66,141820,19,153428
26591,0.006802,172.217.194.0-255,5738,147558,19,153428
26592,0.006808,172.31.36.0-255,66,147624,19,153428
26593,0.009064,172.217.194.0-255,5738,153362,19,153428
26594,0.00907,172.31.36.0-255,66,153428,19,153428
26595,0.0,172.217.194.0-255,150,150,19,161146
26596,2.2e-05,172.31.36.0-255,66,216,19,161146
26597,2.9e-05,172.217.194.0-255,1484,1700,19,161146
26598,3.4e-05,172.31.36.0-255,66,1766,19,161146
26599,4e-05,172.217.194.0-255,2902,4668,19,161146
26600,4.4e-05,172.31.36.0-255,66,4734,19,161146
26601,5.2e-05,172.217.194.0-255,7156,11890,19,161146
26602,5.5e-05,172.31.36.0-255,66,11956,19,161146
26603,7e-05,172.217.194.0-255,1484,13440,19,161146
26604,7.3e-05,172.31.36.0-255,66,13506,19,161146
26605,0.000103,172.217.194.0-255,6355,19861,19,161146
26606,0.000106,172.31.36.0-255,66,19927,19,161146
26607,0.00012,172.31.36.0-255,66,19993,19,161146
26608,0.000505,172.217.194.0-255,1484,21477,19,161146
26609,0.000512,172.31.36.0-255,66,21543,19,161146
26610,0.000519,172.217.194.0-255,2902,24445,19,161146
26611,0.000521,172.31.36.0-255,66,24511,19,161146
26612,0.000528,172.217.194.0-255,5738,30249,19,161146
26613,0.000531,172.31.36.0-255,66,30315,19,161146
26614,0.00057,172.31.36.0-255,66,30381,19,161146
26615,0.000589,172.217.194.0-255,1484,31865,19,161146
26616,0.000593,172.31.36.0-255,66,31931,19,161146
26617,0.000616,172.217.194.0-255,5738,37669,19,161146
26618,0.000619,172.31.36.0-255,66,37735,19,161146
26619,0.000638,172.217.194.0-255,3153,40888,19,161146
26620,0.000642,172.31.36.0-255,66,40954,19,161146
26621,0.00072,172.217.194.0-255,1484,42438,19,161146
26622,0.000724,172.31.36.0-255,66,42504,19,161146
26623,0.000729,172.217.194.0-255,2902,45406,19,161146
26624,0.000731,172.31.36.0-255,66,45472,19,161146
26625,0.000756,172.217.194.0-255,4320,49792,19,161146
26626,0.000759,172.31.36.0-255,66,49858,19,161146
26627,0.000779,172.217.194.0-255,1484,51342,19,161146
26628,0.000789,172.217.194.0-255,6797,58139,19,161146
26629,0.000791,172.31.36.0-255,66,58205,19,161146
26630,0.000794,172.217.194.0-255,1484,59689,19,161146
26631,0.000811,172.217.194.0-255,2902,62591,19,161146
26632,0.000814,172.31.36.0-255,66,62657,19,161146
26633,0.00082,172.217.194.0-255,5738,68395,19,161146
26634,0.000823,172.31.36.0-255,66,68461,19,161146
26635,0.000855,172.217.194.0-255,6797,75258,19,161146
26636,0.000858,172.31.36.0-255,66,75324,19,161146
26637,0.0012,172.217.194.0-255,1484,76808,19,161146
26638,0.001207,172.217.194.0-255,2902,79710,19,161146
26639,0.001211,172.31.36.0-255,66,79776,19,161146
26640,0.001231,172.217.194.0-255,5738,85514,19,161146
26641,0.001234,172.31.36.0-255,66,85580,19,161146
26642,0.00125,172.217.194.0-255,2902,88482,19,161146
26643,0.001252,172.31.36.0-255,66,88548,19,161146
26644,0.001276,172.217.194.0-255,9992,98540,19,161146
26645,0.001279,172.31.36.0-255,66,98606,19,161146
26646,0.001285,172.217.194.0-255,5738,104344,19,161146
26647,0.001287,172.31.36.0-255,66,104410,19,161146
26648,0.001317,172.217.194.0-255,5020,109430,19,161146
26649,0.00132,172.31.36.0-255,66,109496,19,161146
26650,0.001797,172.217.194.0-255,1484,110980,19,161146
26651,0.001802,172.217.194.0-255,1484,112464,19,161146
26652,0.001805,172.31.36.0-255,66,112530,19,161146
26653,0.001818,172.217.194.0-255,1484,114014,19,161146
26654,0.001824,172.217.194.0-255,5738,119752,19,161146
26655,0.001827,172.31.36.0-255,66,119818,19,161146
26656,0.001847,172.217.194.0-255,7156,126974,19,161146
26657,0.001849,172.31.36.0-255,66,127040,19,161146
26658,0.001863,172.217.194.0-255,5738,132778,19,161146
26659,0.001865,172.31.36.0-255,66,132844,19,161146
26660,0.001871,172.217.194.0-255,2902,135746,19,161146
26661,0.001873,172.31.36.0-255,66,135812,19,161146
26662,0.001899,172.217.194.0-255,7856,143668,19,161146
26663,0.001902,172.31.36.0-255,66,143734,19,161146
26664,0.003993,172.217.194.0-255,5738,149472,19,161146
26665,0.004,172.31.36.0-255,66,149538,19,161146
26666,0.006065,172.217.194.0-255,5738,155276,19,161146
26667,0.006073,172.31.36.0-255,66,155342,19,161146
26668,0.008118,172.217.194.0-255,5738,161080,19,161146
26669,0.008124,172.31.36.0-255,66,161146,19,161146
26670,0.0,74.125.24.0-255,153,153,19,172477
26671,3.5e-05,172.31.36.0-255,66,219,19,172477
26672,4.3e-05,74.125.24.0-255,1484,1703,19,172477
26673,4.8e-05,172.31.36.0-255,66,1769,19,172477
26674,5.3e-05,74.125.24.0-255,2902,4671,19,172477
26675,5.6e-05,172.31.36.0-255,66,4737,19,172477
26676,6.4e-05,74.125.24.0-255,7156,11893,19,172477
26677,6.6e-05,172.31.36.0-255,66,11959,19,172477
26678,7.1e-05,74.125.24.0-255,2040,13999,19,172477
26679,7.4e-05,172.31.36.0-255,66,14065,19,172477
26680,0.000103,74.125.24.0-255,1484,15549,19,172477
26681,0.000106,172.31.36.0-255,66,15615,19,172477
26682,0.000111,74.125.24.0-255,2902,18517,19,172477
26683,0.000113,172.31.36.0-255,66,18583,19,172477
26684,0.000116,74.125.24.0-255,1484,20067,19,172477
26685,0.000118,172.31.36.0-255,66,20133,19,172477
26686,0.00014,74.125.24.0-255,4320,24453,19,172477
26687,0.000144,172.31.36.0-255,66,24519,19,172477
26688,0.000161,74.125.24.0-255,6797,31316,19,172477
26689,0.000163,172.31.36.0-255,66,31382,19,172477
26690,0.000295,74.125.24.0-255,1484,32866,19,172477
26691,0.000301,172.31.36.0-255,66,32932,19,172477
26692,0.000308,74.125.24.0-255,2902,35834,19,172477
26693,0.000312,172.31.36.0-255,66,35900,19,172477
26694,0.000338,74.125.24.0-255,5738,41638,19,172477
26695,0.000342,172.31.36.0-255,66,41704,19,172477
26696,0.000349,74.125.24.0-255,6797,48501,19,172477
26697,0.000352,172.31.36.0-255,66,48567,19,172477
26698,0.000391,74.125.24.0-255,1484,50051,19,172477
26699,0.000395,172.31.36.0-255,66,50117,19,172477
26700,0.0004,74.125.24.0-255,2902,53019,19,172477
26701,0.000402,172.31.36.0-255,66,53085,19,172477
26702,0.000417,74.125.24.0-255,5738,58823,19,172477
26703,0.000422,172.31.36.0-255,66,58889,19,172477
26704,0.000441,74.125.24.0-255,4320,63209,19,172477
26705,0.000444,172.31.36.0-255,66,63275,19,172477
26706,0.00046,74.125.24.0-255,2543,65818,19,172477
26707,0.000463,172.31.36.0-255,66,65884,19,172477
26708,0.000955,74.125.24.0-255,647,66531,19,172477
26709,0.000991,172.31.36.0-255,66,66597,19,172477
26710,0.001072,74.125.24.0-255,1484,68081,19,172477
26711,0.00108,74.125.24.0-255,2902,70983,19,172477
26712,0.001084,172.31.36.0-255,66,71049,19,172477
26713,0.001089,74.125.24.0-255,1484,72533,19,172477
26714,0.001108,74.125.24.0-255,4320,76853,19,172477
26715,0.001112,172.31.36.0-255,66,76919,19,172477
26716,0.00112,74.125.24.0-255,7156,84075,19,172477
26717,0.001121,172.31.36.0-255,66,84141,19,172477
26718,0.001164,172.31.36.0-255,66,84207,19,172477
26719,0.001169,74.125.24.0-255,2184,86391,19,172477
26720,0.001171,172.31.36.0-255,66,86457,19,172477
26721,0.001516,74.125.24.0-255,1484,87941,19,172477
26722,0.001523,74.125.24.0-255,2902,90843,19,172477
26723,0.001527,172.31.36.0-255,66,90909,19,172477
26724,0.001531,74.125.24.0-255,1484,92393,19,172477
26725,0.001552,74.125.24.0-255,4320,96713,19,172477
26726,0.001556,74.125.24.0-255,2902,99615,19,172477
26727,0.001558,172.31.36.0-255,66,99681,19,172477
26728,0.001561,172.31.36.0-255,66,99747,19,172477
26729,0.001582,74.125.24.0-255,7156,106903,19,172477
26730,0.001585,172.31.36.0-255,66,106969,19,172477
26731,0.001617,74.125.24.0-255,5738,112707,19,172477
26732,0.001619,172.31.36.0-255,66,112773,19,172477
26733,0.001632,74.125.24.0-255,5738,118511,19,172477
26734,0.001634,172.31.36.0-255,66,118577,19,172477
26735,0.001638,74.125.24.0-255,2184,120761,19,172477
26736,0.00164,172.31.36.0-255,66,120827,19,172477
26737,0.001656,74.125.24.0-255,1484,122311,19,172477
26738,0.00166,74.125.24.0-255,2902,125213,19,172477
26739,0.001662,172.31.36.0-255,66,125279,19,172477
26740,0.001676,74.125.24.0-255,1484,126763,19,172477
26741,0.001691,74.125.24.0-255,4320,131083,19,172477
26742,0.001693,172.31.36.0-255,66,131149,19,172477
26743,0.001711,74.125.24.0-255,2902,134051,19,172477
26744,0.001714,172.31.36.0-255,66,134117,19,172477
26745,0.00174,74.125.24.0-255,9992,144109,19,172477
26746,0.001743,172.31.36.0-255,66,144175,19,172477
26747,0.001764,74.125.24.0-255,7156,151331,19,172477
26748,0.001768,172.31.36.0-255,66,151397,19,172477
26749,0.001782,74.125.24.0-255,3602,154999,19,172477
26750,0.001785,172.31.36.0-255,66,155065,19,172477
26751,0.003961,74.125.24.0-255,5738,160803,19,172477
26752,0.003966,172.31.36.0-255,66,160869,19,172477
26753,0.00618,74.125.24.0-255,5738,166607,19,172477
26754,0.006185,172.31.36.0-255,66,166673,19,172477
26755,0.008412,74.125.24.0-255,5738,172411,19,172477
26756,0.008423,172.31.36.0-255,66,172477,19,172477
26757,0.0,74.125.68.0-255,153,153,19,373457
26758,2.4e-05,172.31.36.0-255,66,219,19,373457
26759,3e-05,74.125.68.0-255,1484,1703,19,373457
26760,3.4e-05,172.31.36.0-255,66,1769,19,373457
26761,3.9e-05,74.125.68.0-255,2902,4671,19,373457
26762,4.1e-05,172.31.36.0-255,66,4737,19,373457
26763,6e-05,74.125.68.0-255,2902,7639,19,373457
26764,6.2e-05,172.31.36.0-255,66,7705,19,373457
26765,8.4e-05,74.125.68.0-255,4320,12025,19,373457
26766,8.6e-05,172.31.36.0-255,66,12091,19,373457
26767,8.9e-05,74.125.68.0-255,1484,13575,19,373457
26768,9e-05,172.31.36.0-255,66,13641,19,373457
26769,0.00011,74.125.68.0-255,6296,19937,19,373457
26770,0.000112,172.31.36.0-255,66,20003,19,373457
26771,0.000118,74.125.68.0-255,7156,27159,19,373457
26772,0.00012,172.31.36.0-255,66,27225,19,373457
26773,0.00017,74.125.68.0-255,3961,31186,19,373457
26774,0.000172,172.31.36.0-255,66,31252,19,373457
26775,0.000292,74.125.68.0-255,1484,32736,19,373457
26776,0.000296,172.31.36.0-255,66,32802,19,373457
26777,0.0003,74.125.68.0-255,1484,34286,19,373457
26778,0.000302,172.31.36.0-255,66,34352,19,373457
26779,0.000315,74.125.68.0-255,1484,35836,19,373457
26780,0.000317,172.31.36.0-255,66,35902,19,373457
26781,0.00032,74.125.68.0-255,1484,37386,19,373457
26782,0.000322,172.31.36.0-255,66,37452,19,373457
26783,0.000326,74.125.68.0-255,2902,40354,19,373457
26784,0.000329,172.31.36.0-255,66,40420,19,373457
26785,0.000357,74.125.68.0-255,5738,46158,19,373457
26786,0.000359,172.31.36.0-255,66,46224,19,373457
26787,0.000382,74.125.68.0-255,5379,51603,19,373457
26788,0.000386,172.31.36.0-255,66,51669,19,373457
26789,0.000391,74.125.68.0-255,5738,57407,19,373457
26790,0.000393,172.31.36.0-255,66,57473,19,373457
26791,0.000422,74.125.68.0-255,2902,60375,19,373457
26792,0.000425,172.31.36.0-255,66,60441,19,373457
26793,0.000441,74.125.68.0-255,5379,65820,19,373457
26794,0.000443,172.31.36.0-255,66,65886,19,373457
26795,0.000446,74.125.68.0-255,646,66532,19,373457
26796,0.000519,74.125.68.0-255,1484,68016,19,373457
26797,0.000524,172.31.36.0-255,66,68082,19,373457
26798,0.000528,74.125.68.0-255,1484,69566,19,373457
26799,0.000543,74.125.68.0-255,1484,71050,19,373457
26800,0.000545,172.31.36.0-255,66,71116,19,373457
26801,0.000552,74.125.68.0-255,4320,75436,19,373457
26802,0.000554,172.31.36.0-255,66,75502,19,373457
26803,0.000577,74.125.68.0-255,1484,76986,19,373457
26804,0.000583,74.125.68.0-255,5738,82724,19,373457
26805,0.000586,172.31.36.0-255,66,82790,19,373457
26806,0.00059,74.125.68.0-255,2902,85692,19,373457
26807,0.000593,172.31.36.0-255,66,85758,19,373457
26808,0.000607,74.125.68.0-255,4320,90078,19,373457
26809,0.00061,172.31.36.0-255,66,90144,19,373457
26810,0.000642,74.125.68.0-255,4320,94464,19,373457
26811,0.000645,172.31.36.0-255,66,94530,19,373457
26812,0.000669,74.125.68.0-255,6438,100968,19,373457
26813,0.000672,172.31.36.0-255,66,101034,19,373457
26814,0.000742,74.125.68.0-255,1484,102518,19,373457
26815,0.000757,74.125.68.0-255,2902,105420,19,373457
26816,0.00076,172.31.36.0-255,66,105486,19,373457
26817,0.000781,74.125.68.0-255,4320,109806,19,373457
26818,0.000784,172.31.36.0-255,66,109872,19,373457
26819,0.00079,74.125.68.0-255,5738,115610,19,373457
26820,0.000792,172.31.36.0-255,66,115676,19,373457
26821,0.000828,74.125.68.0-255,1994,117670,19,373457
26822,0.000831,172.31.36.0-255,66,117736,19,373457
26823,0.000913,74.125.68.0-255,1484,119220,19,373457
26824,0.000917,74.125.68.0-255,1484,120704,19,373457
26825,0.00092,172.31.36.0-255,66,120770,19,373457
26826,0.000939,74.125.68.0-255,1484,122254,19,373457
26827,0.000945,74.125.68.0-255,4320,126574,19,373457
26828,0.000947,172.31.36.0-255,66,126640,19,373457
26829,0.000961,74.125.68.0-255,1484,128124,19,373457
26830,0.000979,74.125.68.0-255,5738,133862,19,373457
26831,0.000982,172.31.36.0-255,66,133928,19,373457
26832,0.000998,74.125.68.0-255,5738,139666,19,373457
26833,0.001002,172.31.36.0-255,66,139732,19,373457
26834,0.001014,74.125.68.0-255,7156,146888,19,373457
26835,0.001016,172.31.36.0-255,66,146954,19,373457
26836,0.001042,74.125.68.0-255,5020,151974,19,373457
26837,0.001045,172.31.36.0-255,66,152040,19,373457
26838,0.001098,74.125.68.0-255,1484,153524,19,373457
26839,0.001103,74.125.68.0-255,2902,156426,19,373457
26840,0.001105,172.31.36.0-255,66,156492,19,373457
26841,0.001111,74.125.68.0-255,5738,162230,19,373457
26842,0.001112,172.31.36.0-255,66,162296,19,373457
26843,0.001139,74.125.68.0-255,7156,169452,19,373457
26844,0.001142,172.31.36.0-255,66,169518,19,373457
26845,0.001164,74.125.68.0-255,8574,178092,19,373457
26846,0.001166,172.31.36.0-255,66,178158,19,373457
26847,0.001192,74.125.68.0-255,5738,183896,19,373457
26848,0.001194,172.31.36.0-255,66,183962,19,373457
26849,0.001219,74.125.68.0-255,6438,190400,19,373457
26850,0.001222,74.125.68.0-255,1484,191884,19,373457
26851,0.001232,172.31.36.0-255,66,191950,19,373457
26852,0.001243,74.125.68.0-255,5738,197688,19,373457
26853,0.001249,172.31.36.0-255,66,197754,19,373457
26854,0.001302,74.125.68.0-255,5379,203133,19,373457
26855,0.001306,172.31.36.0-255,66,203199,19,373457
26856,0.001351,74.125.68.0-255,1484,204683,19,373457
26857,0.001355,74.125.68.0-255,1484,206167,19,373457
26858,0.001364,74.125.68.0-255,1484,207651,19,373457
26859,0.001368,172.31.36.0-255,66,207717,19,373457
26860,0.001377,74.125.68.0-255,2902,210619,19,373457
26861,0.001381,172.31.36.0-255,66,210685,19,373457
26862,0.001395,74.125.68.0-255,2902,213587,19,373457
26863,0.001403,74.125.68.0-255,5738,219325,19,373457
26864,0.001417,74.125.68.0-255,1484,220809,19,373457
26865,0.001428,172.31.36.0-255,66,220875,19,373457
26866,0.001433,74.125.68.0-255,4320,225195,19,373457
26867,0.001438,172.31.36.0-255,66,225261,19,373457
26868,0.001449,74.125.68.0-255,4320,229581,19,373457
26869,0.001467,74.125.68.0-255,4320,233901,19,373457
26870,0.001472,172.31.36.0-255,66,233967,19,373457
26871,0.001484,74.125.68.0-255,3602,237569,19,373457
26872,0.001501,172.31.36.0-255,66,237635,19,373457
26873,0.001551,74.125.68.0-255,1484,239119,19,373457
26874,0.001573,74.125.68.0-255,2902,242021,19,373457
26875,0.001589,172.31.36.0-255,66,242087,19,373457
26876,0.001595,74.125.68.0-255,5738,247825,19,373457
26877,0.001599,172.31.36.0-255,66,247891,19,373457
26878,0.001608,74.125.68.0-255,2902,250793,19,373457
26879,0.001636,74.125.68.0-255,4320,255113,19,373457
26880,0.001644,172.31.36.0-255,66,255179,19,373457
26881,0.001678,74.125.68.0-255,1484,256663,19,373457
26882,0.001692,74.125.68.0-255,2184,258847,19,373457
26883,0.001698,172.31.36.0-255,66,258913,19,373457
26884,0.001721,74.125.68.0-255,4320,263233,19,373457
26885,0.001739,74.125.68.0-255,4320,267553,19,373457
26886,0.001744,172.31.36.0-255,66,267619,19,373457
26887,0.001751,172.31.36.0-255,66,267685,19,373457
26888,0.001765,74.125.68.0-255,5738,273423,19,373457
26889,0.001783,172.31.36.0-255,66,273489,19,373457
26890,0.001805,74.125.68.0-255,2902,276391,19,373457
26891,0.001817,74.125.68.0-255,1484,277875,19,373457
26892,0.00182,172.31.36.0-255,66,277941,19,373457
26893,0.001853,74.125.68.0-255,4320,282261,19,373457
26894,0.001861,172.31.36.0-255,66,282327,19,373457
26895,0.001883,74.125.68.0-255,7856,290183,19,373457
26896,0.001896,172.31.36.0-255,66,290249,19,373457
26897,0.001934,74.125.68.0-255,4320,294569,19,373457
26898,0.001944,172.31.36.0-255,66,294635,19,373457
26899,0.001966,74.125.68.0-255,7856,302491,19,373457
26900,0.002025,172.31.36.0-255,66,302557,19,373457
26901,0.002103,74.125.68.0-255,1484,304041,19,373457
26902,0.002109,74.125.68.0-255,2902,306943,19,373457
26903,0.002115,172.31.36.0-255,66,307009,19,373457
26904,0.002135,74.125.68.0-255,4320,311329,19,373457
26905,0.002148,74.125.68.0-255,1484,312813,19,373457
26906,0.002153,74.125.68.0-255,4320,317133,19,373457
26907,0.002155,172.31.36.0-255,66,317199,19,373457
26908,0.00216,172.31.36.0-255,66,317265,19,373457
26909,0.002171,74.125.68.0-255,1484,318749,19,373457
26910,0.00219,74.125.68.0-255,4320,323069,19,373457
26911,0.002211,74.125.68.0-255,4320,327389,19,373457
26912,0.002216,172.31.36.0-255,66,327455,19,373457
26913,0.002227,74.125.68.0-255,7156,334611,19,373457
26914,0.002231,172.31.36.0-255,66,334677,19,373457
26915,0.002241,74.125.68.0-255,2184,336861,19,373457
26916,0.002258,172.31.36.0-255,66,336927,19,373457
26917,0.00227,74.125.68.0-255,1484,338411,19,373457
26918,0.002287,74.125.68.0-255,1484,339895,19,373457
26919,0.002303,74.125.68.0-255,1484,341379,19,373457
26920,0.002306,74.125.68.0-255,1484,342863,19,373457
26921,0.002311,172.31.36.0-255,66,342929,19,373457
26922,0.002328,74.125.68.0-255,4320,347249,19,373457
26923,0.002341,172.31.36.0-255,66,347315,19,373457
26924,0.00235,74.125.68.0-255,2902,350217,19,373457
26925,0.002354,74.125.68.0-255,4320,354537,19,373457
26926,0.002359,74.125.68.0-255,4320,358857,19,373457
26927,0.002363,172.31.36.0-255,66,358923,19,373457
26928,0.002374,74.125.68.0-255,1484,360407,19,373457
26929,0.0047,74.125.68.0-255,4320,364727,19,373457
26930,0.004706,172.31.36.0-255,66,364793,19,373457
26931,0.007049,74.125.68.0-255,5738,370531,19,373457
26932,0.007061,172.31.36.0-255,66,370597,19,373457
26933,0.009393,74.125.68.0-255,2689,373286,19,373457
26934,0.009399,172.31.36.0-255,66,373352,19,373457
26935,0.009691,172.31.36.0-255,105,373457,19,373457
26936,0.0,74.125.200.0-255,299,299,19,135800
26937,2.9e-05,172.31.36.0-255,66,365,19,135800
26938,3.6e-05,74.125.200.0-255,1484,1849,19,135800
26939,4.1e-05,172.31.36.0-255,66,1915,19,135800
26940,4.6e-05,74.125.200.0-255,2902,4817,19,135800
26941,4.9e-05,172.31.36.0-255,66,4883,19,135800
26942,5.4e-05,74.125.200.0-255,4320,9203,19,135800
26943,5.7e-05,172.31.36.0-255,66,9269,19,135800
26944,8.1e-05,74.125.200.0-255,1484,10753,19,135800
26945,8.3e-05,172.31.36.0-255,66,10819,19,135800
26946,0.000108,74.125.200.0-255,7513,18332,19,135800
26947,0.000111,172.31.36.0-255,66,18398,19,135800
26948,0.000115,74.125.200.0-255,4320,22718,19,135800
26949,0.000117,172.31.36.0-255,66,22784,19,135800
26950,0.00014,74.125.200.0-255,1484,24268,19,135800
26951,0.000142,172.31.36.0-255,66,24334,19,135800
26952,0.000159,74.125.200.0-255,6797,31131,19,135800
26953,0.000163,172.31.36.0-255,66,31197,19,135800
26954,0.000266,74.125.200.0-255,1484,32681,19,135800
26955,0.00027,172.31.36.0-255,66,32747,19,135800
26956,0.000275,74.125.200.0-255,2902,35649,19,135800
26957,0.000277,172.31.36.0-255,66,35715,19,135800
26958,0.000291,74.125.200.0-255,2902,38617,19,135800
26959,0.000294,172.31.36.0-255,66,38683,19,135800
26960,0.000299,74.125.200.0-255,4320,43003,19,135800
26961,0.000301,172.31.36.0-255,66,43069,19,135800
26962,0.000342,74.125.200.0-255,9633,52702,19,135800
26963,0.000346,172.31.36.0-255,66,52768,19,135800
26964,0.000351,74.125.200.0-255,4320,57088,19,135800
26965,0.000353,172.31.36.0-255,66,57154,19,135800
26966,0.000399,74.125.200.0-255,2902,60056,19,135800
26967,0.000403,172.31.36.0-255,66,60122,19,135800
26968,0.000427,74.125.200.0-255,5654,65776,19,135800
26969,0.00043,172.31.36.0-255,66,65842,19,135800
26970,0.000435,74.125.200.0-255,2902,68744,19,135800
26971,0.000439,172.31.36.0-255,66,68810,19,135800
26972,0.00046,74.125.200.0-255,5738,74548,19,135800
26973,0.000464,172.31.36.0-255,66,74614,19,135800
26974,0.000468,74.125.200.0-255,2902,77516,19,135800
26975,0.000472,172.31.36.0-255,66,77582,19,135800
26976,0.000472,74.125.200.0-255,4320,81902,19,135800
26977,0.000475,172.31.36.0-255,66,81968,19,135800
26978,0.000502,74.125.200.0-255,859,82827,19,135800
26979,0.000957,172.31.36.0-255,66,82893,19,135800
26980,0.001341,74.125.200.0-255,1484,84377,19,135800
26981,0.001354,74.125.200.0-255,2902,87279,19,135800
26982,0.001358,172.31.36.0-255,66,87345,19,135800
26983,0.001364,74.125.200.0-255,2902,90247,19,135800
26984,0.001366,172.31.36.0-255,66,90313,19,135800
26985,0.001371,74.125.200.0-255,4320,94633,19,135800
26986,0.001374,172.31.36.0-255,66,94699,19,135800
26987,0.001416,74.125.200.0-255,5738,100437,19,135800
26988,0.001419,172.31.36.0-255,66,100503,19,135800
26989,0.001441,74.125.200.0-255,3961,104464,19,135800
26990,0.001444,172.31.36.0-255,66,104530,19,135800
26991,0.001452,74.125.200.0-255,8574,113104,19,135800
26992,0.001455,172.31.36.0-255,66,113170,19,135800
26993,0.001499,172.31.36.0-255,66,113236,19,135800
26994,0.001502,74.125.200.0-255,766,114002,19,135800
26995,0.00354,74.125.200.0-255,4320,118322,19,135800
26996,0.003547,172.31.36.0-255,66,118388,19,135800
26997,0.005596,74.125.200.0-255,5738,124126,19,135800
26998,0.005605,172.31.36.0-255,66,124192,19,135800
26999,0.007659,74.125.200.0-255,5738,129930,19,135800
27000,0.007664,172.31.36.0-255,66,129996,19,135800
27001,0.009715,74.125.200.0-255,5738,135734,19,135800
27002,0.009723,172.31.36.0-255,66,135800,19,135800
27003,0.0,74.125.24.0-255,146,146,19,251226
27004,2.5e-05,172.31.36.0-255,66,212,19,251226
27005,3.2e-05,74.125.24.0-255,1484,1696,19,251226
27006,3.7e-05,172.31.36.0-255,66,1762,19,251226
27007,5.8e-05,74.125.24.0-255,2902,4664,19,251226
27008,6.5e-05,172.31.36.0-255,66,4730,19,251226
27009,9.6e-05,74.125.24.0-255,7156,11886,19,251226
27010,9.9e-05,172.31.36.0-255,66,11952,19,251226
27011,0.000102,74.125.24.0-255,1484,13436,19,251226
27012,0.000103,172.31.36.0-255,66,13502,19,251226
27013,0.000123,74.125.24.0-255,548,14050,19,251226
27014,0.000127,172.31.36.0-255,66,14116,19,251226
27015,0.000246,74.125.24.0-255,1484,15600,19,251226
27016,0.000251,172.31.36.0-255,66,15666,19,251226
27017,0.000284,74.125.24.0-255,2902,18568,19,251226
27018,0.000288,172.31.36.0-255,66,18634,19,251226
27019,0.000294,74.125.24.0-255,5738,24372,19,251226
27020,0.000297,172.31.36.0-255,66,24438,19,251226
27021,0.000304,74.125.24.0-255,6797,31235,19,251226
27022,0.000308,172.31.36.0-255,66,31301,19,251226
27023,0.000338,74.125.24.0-255,7156,38457,19,251226
27024,0.000342,172.31.36.0-255,66,38523,19,251226
27025,0.000348,74.125.24.0-255,7156,45679,19,251226
27026,0.000351,172.31.36.0-255,66,45745,19,251226
27027,0.000398,172.31.36.0-255,66,45811,19,251226
27028,0.000418,74.125.24.0-255,1484,47295,19,251226
27029,0.00042,172.31.36.0-255,66,47361,19,251226
27030,0.000426,74.125.24.0-255,3602,50963,19,251226
27031,0.000426,172.31.36.0-255,101,51064,19,251226
27032,0.000428,74.125.24.0-255,709,51773,19,251226
27033,0.000431,172.31.36.0-255,66,51839,19,251226
27034,0.000598,74.125.24.0-255,1484,53323,19,251226
27035,0.000604,172.31.36.0-255,66,53389,19,251226
27036,0.00061,74.125.24.0-255,2902,56291,19,251226
27037,0.000612,172.31.36.0-255,66,56357,19,251226
27038,0.000624,74.125.24.0-255,4320,60677,19,251226
27039,0.000627,172.31.36.0-255,66,60743,19,251226
27040,0.000656,74.125.24.0-255,1484,62227,19,251226
27041,0.000672,172.31.36.0-255,66,62293,19,251226
27042,0.000721,172.31.36.0-255,66,62359,19,251226
27043,0.000729,74.125.24.0-255,8574,70933,19,251226
27044,0.000738,172.31.36.0-255,66,70999,19,251226
27045,0.000787,74.125.24.0-255,1125,72124,19,251226
27046,0.000802,74.125.24.0-255,1484,73608,19,251226
27047,0.000805,172.31.36.0-255,66,73674,19,251226
27048,0.000827,74.125.24.0-255,2902,76576,19,251226
27049,0.000831,172.31.36.0-255,66,76642,19,251226
27050,0.000837,74.125.24.0-255,5738,82380,19,251226
27051,0.000841,172.31.36.0-255,66,82446,19,251226
27052,0.000846,74.125.24.0-255,5738,88184,19,251226
27053,0.00085,172.31.36.0-255,66,88250,19,251226
27054,0.000855,74.125.24.0-255,4320,92570,19,251226
27055,0.000858,172.31.36.0-255,66,92636,19,251226
27056,0.00088,74.125.24.0-255,2902,95538,19,251226
27057,0.000883,172.31.36.0-255,66,95604,19,251226
27058,0.000908,74.125.24.0-255,10692,106296,19,251226
27059,0.000912,172.31.36.0-255,66,106362,19,251226
27060,0.000957,74.125.24.0-255,1484,107846,19,251226
27061,0.000961,74.125.24.0-255,2902,110748,19,251226
27062,0.000964,172.31.36.0-255,66,110814,19,251226
27063,0.000984,74.125.24.0-255,5738,116552,19,251226
27064,0.000987,172.31.36.0-255,66,116618,19,251226
27065,0.001018,74.125.24.0-255,7156,123774,19,251226
27066,0.001023,172.31.36.0-255,66,123840,19,251226
27067,0.00103,74.125.24.0-255,8574,132414,19,251226
27068,0.001034,172.31.36.0-255,66,132480,19,251226
27069,0.001064,74.125.24.0-255,7856,140336,19,251226
27070,0.001068,172.31.36.0-255,66,140402,19,251226
27071,0.001154,74.125.24.0-255,1484,141886,19,251226
27072,0.00116,74.125.24.0-255,2902,144788,19,251226
27073,0.001163,172.31.36.0-255,66,144854,19,251226
27074,0.001183,74.125.24.0-255,5738,150592,19,251226
27075,0.001186,172.31.36.0-255,66,150658,19,251226
27076,0.001216,74.125.24.0-255,5738,156396,19,251226
27077,0.00122,172.31.36.0-255,66,156462,19,251226
27078,0.001223,74.125.24.0-255,1484,157946,19,251226
27079,0.001242,74.125.24.0-255,5738,163684,19,251226
27080,0.001245,172.31.36.0-255,66,163750,19,251226
27081,0.001272,74.125.24.0-255,8574,172324,19,251226
27082,0.001276,172.31.36.0-255,66,172390,19,251226
27083,0.0013,74.125.24.0-255,2184,174574,19,251226
27084,0.001303,172.31.36.0-255,66,174640,19,251226
27085,0.001351,74.125.24.0-255,1484,176124,19,251226
27086,0.001356,74.125.24.0-255,2902,179026,19,251226
27087,0.00136,172.31.36.0-255,66,179092,19,251226
27088,0.001393,74.125.24.0-255,5738,184830,19,251226
27089,0.001397,172.31.36.0-255,66,184896,19,251226
27090,0.001402,74.125.24.0-255,2902,187798,19,251226
27091,0.001404,172.31.36.0-255,66,187864,19,251226
27092,0.001435,172.31.36.0-255,66,187930,19,251226
27093,0.001444,74.125.24.0-255,9992,197922,19,251226
27094,0.001447,172.31.36.0-255,66,197988,19,251226
27095,0.001484,74.125.24.0-255,4320,202308,19,251226
27096,0.001489,172.31.36.0-255,66,202374,19,251226
27097,0.001502,172.31.36.0-255,66,202440,19,251226
27098,0.001538,74.125.24.0-255,1484,203924,19,251226
27099,0.001544,74.125.24.0-255,2902,206826,19,251226
27100,0.001547,172.31.36.0-255,66,206892,19,251226
27101,0.001551,74.125.24.0-255,2902,209794,19,251226
27102,0.001554,172.31.36.0-255,66,209860,19,251226
27103,0.001583,74.125.24.0-255,2902,212762,19,251226
27104,0.001586,172.31.36.0-255,66,212828,19,251226
27105,0.001622,172.31.36.0-255,66,212894,19,251226
27106,0.001664,74.125.24.0-255,5738,218632,19,251226
27107,0.001668,172.31.36.0-255,66,218698,19,251226
27108,0.001693,74.125.24.0-255,1484,220182,19,251226
27109,0.001712,172.31.36.0-255,66,220248,19,251226
27110,0.001737,74.125.24.0-255,1484,221732,19,251226
27111,0.001744,74.125.24.0-255,2902,224634,19,251226
27112,0.001747,172.31.36.0-255,66,224700,19,251226
27113,0.001753,74.125.24.0-255,5738,230438,19,251226
27114,0.001756,172.31.36.0-255,66,230504,19,251226
27115,0.00177,172.31.36.0-255,66,230570,19,251226
27116,0.001778,74.125.24.0-255,8574,239144,19,251226
27117,0.001781,172.31.36.0-255,66,239210,19,251226
27118,0.001809,74.125.24.0-255,1484,240694,19,251226
27119,0.001853,172.31.36.0-255,66,240760,19,251226
27120,0.001862,74.125.24.0-255,9992,250752,19,251226
27121,0.00187,172.31.36.0-255,66,250818,19,251226
27122,0.001912,172.31.36.0-255,66,250884,19,251226
27123,0.001915,74.125.24.0-255,105,250989,19,251226
27124,0.002923,74.125.24.0-255,66,251055,19,251226
27125,0.003579,172.31.36.0-255,105,251160,19,251226
27126,0.006081,74.125.24.0-255,66,251226,19,251226
27127,0.0,74.125.24.0-255,152,152,19,347918
27128,2.3e-05,172.31.36.0-255,66,218,19,347918
27129,3e-05,74.125.24.0-255,1484,1702,19,347918
27130,3.5e-05,172.31.36.0-255,66,1768,19,347918
27131,4e-05,74.125.24.0-255,2902,4670,19,347918
27132,4.4e-05,172.31.36.0-255,66,4736,19,347918
27133,5.2e-05,74.125.24.0-255,7156,11892,19,347918
27134,5.5e-05,172.31.36.0-255,66,11958,19,347918
27135,5.9e-05,74.125.24.0-255,1952,13910,19,347918
27136,6.1e-05,172.31.36.0-255,66,13976,19,347918
27137,0.000104,74.125.24.0-255,2902,16878,19,347918
27138,0.000108,172.31.36.0-255,66,16944,19,347918
27139,0.000113,74.125.24.0-255,4320,21264,19,347918
27140,0.000115,172.31.36.0-255,66,21330,19,347918
27141,0.000129,74.125.24.0-255,2902,24232,19,347918
27142,0.00013,172.31.36.0-255,66,24298,19,347918
27143,0.000162,74.125.24.0-255,5738,30036,19,347918
27144,0.000165,172.31.36.0-255,66,30102,19,347918
27145,0.000167,74.125.24.0-255,1125,31227,19,347918
27146,0.000169,172.31.36.0-255,66,31293,19,347918
27147,0.000224,74.125.24.0-255,1484,32777,19,347918
27148,0.000226,172.31.36.0-255,66,32843,19,347918
27149,0.000231,74.125.24.0-255,2902,35745,19,347918
27150,0.000234,172.31.36.0-255,66,35811,19,347918
27151,0.000255,74.125.24.0-255,5738,41549,19,347918
27152,0.000258,172.31.36.0-255,66,41615,19,347918
27153,0.000265,74.125.24.0-255,5738,47353,19,347918
27154,0.000267,172.31.36.0-255,66,47419,19,347918
27155,0.000289,74.125.24.0-255,2902,50321,19,347918
27156,0.000291,172.31.36.0-255,66,50387,19,347918
27157,0.000325,172.31.36.0-255,66,50453,19,347918
27158,0.00033,74.125.24.0-255,3961,54414,19,347918
27159,0.000407,172.31.36.0-255,66,54480,19,347918
27160,0.000563,74.125.24.0-255,409,54889,19,347918
27161,0.000606,74.125.24.0-255,335,55224,19,347918
27162,0.000919,74.125.24.0-255,1484,56708,19,347918
27163,0.000924,172.31.36.0-255,66,56774,19,347918
27164,0.000929,74.125.24.0-255,2902,59676,19,347918
27165,0.000944,172.31.36.0-255,66,59742,19,347918
27166,0.000965,74.125.24.0-255,5738,65480,19,347918
27167,0.000968,172.31.36.0-255,66,65546,19,347918
27168,0.001015,172.31.36.0-255,66,65612,19,347918
27169,0.001019,74.125.24.0-255,10692,76304,19,347918
27170,0.001031,172.31.36.0-255,66,76370,19,347918
27171,0.001695,74.125.24.0-255,1484,77854,19,347918
27172,0.001706,74.125.24.0-255,2902,80756,19,347918
27173,0.00171,172.31.36.0-255,66,80822,19,347918
27174,0.001718,74.125.24.0-255,5738,86560,19,347918
27175,0.00172,172.31.36.0-255,66,86626,19,347918
27176,0.001791,74.125.24.0-255,2902,89528,19,347918
27177,0.001813,74.125.24.0-255,7856,97384,19,347918
27178,0.001996,74.125.24.0-255,1484,98868,19,347918
27179,0.002003,74.125.24.0-255,2902,101770,19,347918
27180,0.002026,74.125.24.0-255,1484,103254,19,347918
27181,0.002043,74.125.24.0-255,2902,106156,19,347918
27182,0.002066,74.125.24.0-255,5738,111894,19,347918
27183,0.002121,74.125.24.0-255,9992,121886,19,347918
27184,0.002129,74.125.24.0-255,9274,131160,19,347918
27185,0.002331,74.125.24.0-255,1484,132644,19,347918
27186,0.002335,74.125.24.0-255,1484,134128,19,347918
27187,0.002348,74.125.24.0-255,1484,135612,19,347918
27188,0.002359,74.125.24.0-255,1484,137096,19,347918
27189,0.002374,74.125.24.0-255,2902,139998,19,347918
27190,0.002386,74.125.24.0-255,1484,141482,19,347918
27191,0.002388,74.125.24.0-255,1484,142966,19,347918
27192,0.002394,74.125.24.0-255,5738,148704,19,347918
27193,0.002409,74.125.24.0-255,2902,151606,19,347918
27194,0.002416,74.125.24.0-255,7156,158762,19,347918
27195,0.002433,74.125.24.0-255,2902,161664,19,347918
27196,0.002438,74.125.24.0-255,3602,165266,19,347918
27197,0.002659,74.125.24.0-255,1484,166750,19,347918
27198,0.00267,74.125.24.0-255,2902,169652,19,347918
27199,0.002689,74.125.24.0-255,5738,175390,19,347918
27200,0.002733,74.125.24.0-255,4320,179710,19,347918
27201,0.002751,74.125.24.0-255,8574,188284,19,347918
27202,0.002765,74.125.24.0-255,2902,191186,19,347918
27203,0.002786,74.125.24.0-255,7856,199042,19,347918
27204,0.00286,74.125.24.0-255,1484,200526,19,347918
27205,0.002884,74.125.24.0-255,2902,203428,19,347918
27206,0.002905,74.125.24.0-255,5738,209166,19,347918
27207,0.002909,74.125.24.0-255,2902,212068,19,347918
27208,0.002933,74.125.24.0-255,4320,216388,19,347918
27209,0.002951,74.125.24.0-255,5738,222126,19,347918
27210,0.002954,74.125.24.0-255,1484,223610,19,347918
27211,0.002969,74.125.24.0-255,1484,225094,19,347918
27212,0.002984,74.125.24.0-255,4320,229414,19,347918
27213,0.003007,74.125.24.0-255,3602,233016,19,347918
27214,0.003081,74.125.24.0-255,4320,237336,19,347918
27215,0.003087,74.125.24.0-255,5738,243074,19,347918
27216,0.00309,74.125.24.0-255,1484,244558,19,347918
27217,0.003104,74.125.24.0-255,5738,250296,19,347918
27218,0.003106,74.125.24.0-255,1484,251780,19,347918
27219,0.003119,74.125.24.0-255,1484,253264,19,347918
27220,0.003132,74.125.24.0-255,5738,259002,19,347918
27221,0.003141,74.125.24.0-255,1484,260486,19,347918
27222,0.003172,74.125.24.0-255,4320,264806,19,347918
27223,0.003196,74.125.24.0-255,6438,271244,19,347918
27224,0.003205,74.125.24.0-255,9992,281236,19,347918
27225,0.003218,74.125.24.0-255,1484,282720,19,347918
27226,0.003222,74.125.24.0-255,2902,285622,19,347918
27227,0.003226,74.125.24.0-255,2902,288524,19,347918
27228,0.003237,74.125.24.0-255,1484,290008,19,347918
27229,0.003281,74.125.24.0-255,5738,295746,19,347918
27230,0.003293,74.125.24.0-255,2902,298648,19,347918
27231,0.003297,74.125.24.0-255,2184,300832,19,347918
27232,0.003299,74.125.24.0-255,1484,302316,19,347918
27233,0.003344,74.125.24.0-255,2902,305218,19,347918
27234,0.003355,74.125.24.0-255,2902,308120,19,347918
27235,0.003368,74.125.24.0-255,2902,311022,19,347918
27236,0.003398,74.125.24.0-255,1484,312506,19,347918
27237,0.003407,74.125.24.0-255,10692,323198,19,347918
27238,0.003641,74.125.24.0-255,1484,324682,19,347918
27239,0.003653,74.125.24.0-255,2902,327584,19,347918
27240,0.003676,74.125.24.0-255,5738,333322,19,347918
27241,0.003712,74.125.24.0-255,1484,334806,19,347918
27242,0.003715,74.125.24.0-255,1484,336290,19,347918
27243,0.003731,74.125.24.0-255,9274,345564,19,347918
27244,0.003832,74.125.24.0-255,1484,347048,19,347918
27245,0.003861,74.125.24.0-255,528,347576,19,347918
27246,0.003889,74.125.24.0-255,105,347681,19,347918
27247,0.00506,172.31.36.0-255,66,347747,19,347918
27248,0.007517,172.31.36.0-255,105,347852,19,347918
27249,0.009774,74.125.24.0-255,66,347918,19,347918
27250,0.0,172.217.194.0-255,153,153,19,225835
27251,2.4e-05,172.31.36.0-255,66,219,19,225835
27252,3e-05,172.217.194.0-255,1484,1703,19,225835
27253,3.4e-05,172.31.36.0-255,66,1769,19,225835
27254,4.5e-05,172.217.194.0-255,2902,4671,19,225835
27255,4.9e-05,172.31.36.0-255,66,4737,19,225835
27256,5.5e-05,172.217.194.0-255,4320,9057,19,225835
27257,5.8e-05,172.31.36.0-255,66,9123,19,225835
27258,9.3e-05,172.217.194.0-255,9084,18207,19,225835
27259,9.6e-05,172.31.36.0-255,66,18273,19,225835
27260,9.9e-05,172.217.194.0-255,1484,19757,19,225835
27261,0.0001,172.31.36.0-255,66,19823,19,225835
27262,0.000133,172.31.36.0-255,66,19889,19,225835
27263,0.000198,172.217.194.0-255,1484,21373,19,225835
27264,0.000202,172.31.36.0-255,66,21439,19,225835
27265,0.000207,172.217.194.0-255,2902,24341,19,225835
27266,0.000209,172.31.36.0-255,66,24407,19,225835
27267,0.000216,172.217.194.0-255,5738,30145,19,225835
27268,0.000218,172.31.36.0-255,66,30211,19,225835
27269,0.000275,172.217.194.0-255,6797,37008,19,225835
27270,0.000279,172.31.36.0-255,66,37074,19,225835
27271,0.000306,172.217.194.0-255,4320,41394,19,225835
27272,0.00031,172.31.36.0-255,66,41460,19,225835
27273,0.00034,172.217.194.0-255,2902,44362,19,225835
27274,0.000343,172.31.36.0-255,66,44428,19,225835
27275,0.000352,172.217.194.0-255,8574,53002,19,225835
27276,0.000354,172.31.36.0-255,66,53068,19,225835
27277,0.000363,172.217.194.0-255,1399,54467,19,225835
27278,0.000365,172.31.36.0-255,66,54533,19,225835
27279,0.000392,172.217.194.0-255,120,54653,19,225835
27280,0.000395,172.31.36.0-255,66,54719,19,225835
27281,0.000433,172.217.194.0-255,380,55099,19,225835
27282,0.000624,172.217.194.0-255,1484,56583,19,225835
27283,0.000628,172.31.36.0-255,66,56649,19,225835
27284,0.000632,172.217.194.0-255,1484,58133,19,225835
27285,0.000661,172.217.194.0-255,1484,59617,19,225835
27286,0.000664,172.31.36.0-255,66,59683,19,225835
27287,0.000671,172.217.194.0-255,5738,65421,19,225835
27288,0.000674,172.31.36.0-255,66,65487,19,225835
27289,0.000686,172.217.194.0-255,6797,72284,19,225835
27290,0.000689,172.31.36.0-255,66,72350,19,225835
27291,0.000696,172.217.194.0-255,7156,79506,19,225835
27292,0.000699,172.31.36.0-255,66,79572,19,225835
27293,0.000749,172.217.194.0-255,9633,89205,19,225835
27294,0.000753,172.31.36.0-255,66,89271,19,225835
27295,0.001072,172.217.194.0-255,1484,90755,19,225835
27296,0.001087,172.217.194.0-255,2902,93657,19,225835
27297,0.001091,172.31.36.0-255,66,93723,19,225835
27298,0.001097,172.217.194.0-255,5738,99461,19,225835
27299,0.001099,172.31.36.0-255,66,99527,19,225835
27300,0.001134,172.217.194.0-255,8574,108101,19,225835
27301,0.001138,172.31.36.0-255,66,108167,19,225835
27302,0.001147,172.217.194.0-255,9992,118159,19,225835
27303,0.001149,172.31.36.0-255,66,118225,19,225835
27304,0.001186,172.217.194.0-255,5020,123245,19,225835
27305,0.001191,172.31.36.0-255,66,123311,19,225835
27306,0.001219,172.217.194.0-255,5738,129049,19,225835
27307,0.001223,172.31.36.0-255,66,129115,19,225835
27308,0.00123,172.217.194.0-255,5738,134853,19,225835
27309,0.001232,172.31.36.0-255,66,134919,19,225835
27310,0.001266,172.217.194.0-255,7156,142075,19,225835
27311,0.001269,172.31.36.0-255,66,142141,19,225835
27312,0.001289,172.31.36.0-255,66,142207,19,225835
27313,0.00129,172.217.194.0-255,3602,145809,19,225835
27314,0.001292,172.31.36.0-255,66,145875,19,225835
27315,0.001356,172.217.194.0-255,1484,147359,19,225835
27316,0.001377,172.217.194.0-255,2902,150261,19,225835
27317,0.001381,172.31.36.0-255,66,150327,19,225835
27318,0.001387,172.217.194.0-255,5738,156065,19,225835
27319,0.00139,172.31.36.0-255,66,156131,19,225835
27320,0.00143,172.31.36.0-255,66,156197,19,225835
27321,0.001436,172.217.194.0-255,4320,160517,19,225835
27322,0.001438,172.31.36.0-255,66,160583,19,225835
27323,0.001475,172.217.194.0-255,6438,167021,19,225835
27324,0.00148,172.31.36.0-255,66,167087,19,225835
27325,0.00159,172.217.194.0-255,1484,168571,19,225835
27326,0.001597,172.217.194.0-255,2902,171473,19,225835
27327,0.001599,172.31.36.0-255,66,171539,19,225835
27328,0.001604,172.217.194.0-255,2902,174441,19,225835
27329,0.001606,172.31.36.0-255,66,174507,19,225835
27330,0.00164,172.217.194.0-255,2902,177409,19,225835
27331,0.001643,172.31.36.0-255,66,177475,19,225835
27332,0.001661,172.31.36.0-255,66,177541,19,225835
27333,0.001692,172.217.194.0-255,1484,179025,19,225835
27334,0.001705,172.217.194.0-255,5738,184763,19,225835
27335,0.001709,172.31.36.0-255,66,184829,19,225835
27336,0.001735,172.217.194.0-255,3602,188431,19,225835
27337,0.001738,172.31.36.0-255,66,188497,19,225835
27338,0.001983,172.217.194.0-255,1484,189981,19,225835
27339,0.001988,172.217.194.0-255,2902,192883,19,225835
27340,0.001992,172.31.36.0-255,66,192949,19,225835
27341,0.001996,172.217.194.0-255,1484,194433,19,225835
27342,0.002038,172.217.194.0-255,4320,198753,19,225835
27343,0.002041,172.31.36.0-255,66,198819,19,225835
27344,0.002069,172.31.36.0-255,66,198885,19,225835
27345,0.002078,172.217.194.0-255,9992,208877,19,225835
27346,0.002081,172.31.36.0-255,66,208943,19,225835
27347,0.002083,172.217.194.0-255,766,209709,19,225835
27348,0.002423,172.31.36.0-255,66,209775,19,225835
27349,0.004149,172.217.194.0-255,4320,214095,19,225835
27350,0.004155,172.31.36.0-255,66,214161,19,225835
27351,0.004451,172.217.194.0-255,1484,215645,19,225835
27352,0.006179,172.217.194.0-255,4320,219965,19,225835
27353,0.006184,172.31.36.0-255,66,220031,19,225835
27354,0.008219,172.217.194.0-255,5738,225769,19,225835
27355,0.008225,172.31.36.0-255,66,225835,19,225835
27356,0.0,172.217.194.0-255,150,150,19,121244
27357,1.9e-05,172.31.36.0-255,66,216,19,121244
27358,2.6e-05,172.217.194.0-255,1484,1700,19,121244
27359,3.1e-05,172.31.36.0-255,66,1766,19,121244
27360,3.7e-05,172.217.194.0-255,2902,4668,19,121244
27361,4e-05,172.31.36.0-255,66,4734,19,121244
27362,4.8e-05,172.217.194.0-255,7156,11890,19,121244
27363,5.1e-05,172.31.36.0-255,66,11956,19,121244
27364,0.000163,172.217.194.0-255,2015,13971,19,121244
27365,0.000168,172.31.36.0-255,66,14037,19,121244
27366,0.000383,172.217.194.0-255,1484,15521,19,121244
27367,0.000389,172.31.36.0-255,66,15587,19,121244
27368,0.000396,172.217.194.0-255,2902,18489,19,121244
27369,0.0004,172.31.36.0-255,66,18555,19,121244
27370,0.000433,172.217.194.0-255,2902,21457,19,121244
27371,0.000437,172.31.36.0-255,66,21523,19,121244
27372,0.000453,172.217.194.0-255,2902,24425,19,121244
27373,0.000455,172.31.36.0-255,66,24491,19,121244
27374,0.000532,172.217.194.0-255,6797,31288,19,121244
27375,0.000536,172.31.36.0-255,66,31354,19,121244
27376,0.000806,172.217.194.0-255,1484,32838,19,121244
27377,0.000812,172.31.36.0-255,66,32904,19,121244
27378,0.00082,172.217.194.0-255,2902,35806,19,121244
27379,0.000822,172.31.36.0-255,66,35872,19,121244
27380,0.000849,172.217.194.0-255,2902,38774,19,121244
27381,0.000851,172.31.36.0-255,66,38840,19,121244
27382,0.00087,172.217.194.0-255,2902,41742,19,121244
27383,0.000872,172.31.36.0-255,66,41808,19,121244
27384,0.000946,172.217.194.0-255,2902,44710,19,121244
27385,0.00095,172.31.36.0-255,66,44776,19,121244
27386,0.00097,172.217.194.0-255,3961,48737,19,121244
27387,0.000973,172.31.36.0-255,66,48803,19,121244
27388,0.001056,172.217.194.0-255,7156,55959,19,121244
27389,0.001081,172.217.194.0-255,7156,63115,19,121244
27390,0.001296,172.217.194.0-255,2795,65910,19,121244
27391,0.001362,172.217.194.0-255,4320,70230,19,121244
27392,0.001627,172.217.194.0-255,9992,80222,19,121244
27393,0.001648,172.217.194.0-255,7114,87336,19,121244
27394,0.001897,172.217.194.0-255,5738,93074,19,121244
27395,0.002397,172.217.194.0-255,1484,94558,19,121244
27396,0.002413,172.217.194.0-255,5738,100296,19,121244
27397,0.002431,172.217.194.0-255,2184,102480,19,121244
27398,0.00323,172.217.194.0-255,5738,108218,19,121244
27399,0.004222,172.217.194.0-255,7156,115374,19,121244
27400,0.006392,172.31.36.0-255,66,115440,19,121244
27401,0.009054,172.217.194.0-255,5738,121178,19,121244
27402,0.009061,172.31.36.0-255,66,121244,19,121244
27403,0.0,172.217.194.0-255,153,153,19,239319
27404,2e-05,172.31.36.0-255,66,219,19,239319
27405,2.7e-05,172.217.194.0-255,1484,1703,19,239319
27406,3.2e-05,172.31.36.0-255,66,1769,19,239319
27407,4.5e-05,172.217.194.0-255,2902,4671,19,239319
27408,4.9e-05,172.31.36.0-255,66,4737,19,239319
27409,5.5e-05,172.217.194.0-255,5738,10475,19,239319
27410,5.9e-05,172.31.36.0-255,66,10541,19,239319
27411,6.4e-05,172.217.194.0-255,3458,13999,19,239319
27412,6.7e-05,172.31.36.0-255,66,14065,19,239319
27413,0.000145,172.217.194.0-255,1484,15549,19,239319
27414,0.00015,172.31.36.0-255,66,15615,19,239319
27415,0.000155,172.217.194.0-255,2902,18517,19,239319
27416,0.000158,172.31.36.0-255,66,18583,19,239319
27417,0.000162,172.217.194.0-255,2902,21485,19,239319
27418,0.000169,172.31.36.0-255,66,21551,19,239319
27419,0.000202,172.217.194.0-255,2902,24453,19,239319
27420,0.000206,172.31.36.0-255,66,24519,19,239319
27421,0.000209,172.217.194.0-255,1484,26003,19,239319
27422,0.000211,172.31.36.0-255,66,26069,19,239319
27423,0.000255,172.31.36.0-255,66,26135,19,239319
27424,0.00027,172.31.36.0-255,66,26201,19,239319
27425,0.000279,172.217.194.0-255,8574,34775,19,239319
27426,0.000282,172.31.36.0-255,66,34841,19,239319
27427,0.000315,172.217.194.0-255,3602,38443,19,239319
27428,0.000318,172.31.36.0-255,66,38509,19,239319
27429,0.000321,172.217.194.0-255,679,39188,19,239319
27430,0.000323,172.31.36.0-255,66,39254,19,239319
27431,0.000326,172.217.194.0-255,1484,40738,19,239319
27432,0.000328,172.31.36.0-255,66,40804,19,239319
27433,0.000333,172.217.194.0-255,4320,45124,19,239319
27434,0.000336,172.31.36.0-255,66,45190,19,239319
27435,0.00038,172.217.194.0-255,9992,55182,19,239319
27436,0.000383,172.31.36.0-255,66,55248,19,239319
27437,0.000386,172.217.194.0-255,574,55822,19,239319
27438,0.000499,172.217.194.0-255,1484,57306,19,239319
27439,0.000503,172.31.36.0-255,66,57372,19,239319
27440,0.000508,172.217.194.0-255,2902,60274,19,239319
27441,0.000511,172.31.36.0-255,66,60340,19,239319
27442,0.000515,172.217.194.0-255,2902,63242,19,239319
27443,0.000522,172.31.36.0-255,66,63308,19,239319
27444,0.00055,172.217.194.0-255,2902,66210,19,239319
27445,0.000554,172.31.36.0-255,66,66276,19,239319
27446,0.000577,172.217.194.0-255,6797,73073,19,239319
27447,0.000581,172.31.36.0-255,66,73139,19,239319
27448,0.000909,172.217.194.0-255,1484,74623,19,239319
27449,0.00093,172.217.194.0-255,2902,77525,19,239319
27450,0.000937,172.217.194.0-255,5738,83263,19,239319
27451,0.000943,172.31.36.0-255,66,83329,19,239319
27452,0.000951,172.31.36.0-255,66,83395,19,239319
27453,0.000955,172.217.194.0-255,1484,84879,19,239319
27454,0.000996,172.31.36.0-255,66,84945,19,239319
27455,0.001006,172.217.194.0-255,9992,94937,19,239319
27456,0.001009,172.31.36.0-255,66,95003,19,239319
27457,0.00103,172.217.194.0-255,766,95769,19,239319
27458,0.001413,172.31.36.0-255,101,95870,19,239319
27459,0.001445,172.217.194.0-255,1484,97354,19,239319
27460,0.00147,172.217.194.0-255,2902,100256,19,239319
27461,0.001474,172.31.36.0-255,66,100322,19,239319
27462,0.00148,172.217.194.0-255,5738,106060,19,239319
27463,0.001483,172.31.36.0-255,66,106126,19,239319
27464,0.001493,172.217.194.0-255,4320,110446,19,239319
27465,0.001495,172.31.36.0-255,66,110512,19,239319
27466,0.001557,172.31.36.0-255,66,110578,19,239319
27467,0.001567,172.217.194.0-255,7856,118434,19,239319
27468,0.001569,172.31.36.0-255,66,118500,19,239319
27469,0.001597,172.217.194.0-255,1484,119984,19,239319
27470,0.001602,172.217.194.0-255,2902,122886,19,239319
27471,0.001604,172.31.36.0-255,66,122952,19,239319
27472,0.001611,172.217.194.0-255,5738,128690,19,239319
27473,0.001615,172.31.36.0-255,66,128756,19,239319
27474,0.001661,172.31.36.0-255,66,128822,19,239319
27475,0.001669,172.217.194.0-255,8574,137396,19,239319
27476,0.001672,172.31.36.0-255,66,137462,19,239319
27477,0.001704,172.217.194.0-255,2184,139646,19,239319
27478,0.001707,172.217.194.0-255,2902,142548,19,239319
27479,0.001713,172.217.194.0-255,7156,149704,19,239319
27480,0.001718,172.31.36.0-255,66,149770,19,239319
27481,0.001722,172.31.36.0-255,66,149836,19,239319
27482,0.001737,172.31.36.0-255,66,149902,19,239319
27483,0.001755,172.31.36.0-255,66,149968,19,239319
27484,0.001763,172.217.194.0-255,7856,157824,19,239319
27485,0.001766,172.31.36.0-255,66,157890,19,239319
27486,0.001809,172.217.194.0-255,1484,159374,19,239319
27487,0.001813,172.217.194.0-255,1484,160858,19,239319
27488,0.001815,172.31.36.0-255,66,160924,19,239319
27489,0.001844,172.217.194.0-255,1484,162408,19,239319
27490,0.001851,172.217.194.0-255,5738,168146,19,239319
27491,0.001854,172.31.36.0-255,66,168212,19,239319
27492,0.001874,172.217.194.0-255,8574,176786,19,239319
27493,0.001877,172.31.36.0-255,66,176852,19,239319
27494,0.001926,172.31.36.0-255,66,176918,19,239319
27495,0.001942,172.217.194.0-255,2184,179102,19,239319
27496,0.001944,172.31.36.0-255,66,179168,19,239319
27497,0.001969,172.217.194.0-255,1484,180652,19,239319
27498,0.001985,172.217.194.0-255,2902,183554,19,239319
27499,0.001988,172.31.36.0-255,66,183620,19,239319
27500,0.00201,172.217.194.0-255,5738,189358,19,239319
27501,0.002013,172.31.36.0-255,66,189424,19,239319
27502,0.002055,172.31.36.0-255,66,189490,19,239319
27503,0.002058,172.217.194.0-255,1484,190974,19,239319
27504,0.002088,172.217.194.0-255,9274,200248,19,239319
27505,0.002094,172.31.36.0-255,66,200314,19,239319
27506,0.002104,172.217.194.0-255,2902,203216,19,239319
27507,0.002107,172.31.36.0-255,66,203282,19,239319
27508,0.00214,172.217.194.0-255,8574,211856,19,239319
27509,0.002143,172.31.36.0-255,66,211922,19,239319
27510,0.002162,172.31.36.0-255,66,211988,19,239319
27511,0.002205,172.217.194.0-255,9992,221980,19,239319
27512,0.002209,172.31.36.0-255,66,222046,19,239319
27513,0.002239,172.217.194.0-255,5020,227066,19,239319
27514,0.002241,172.31.36.0-255,66,227132,19,239319
27515,0.002258,172.31.36.0-255,66,227198,19,239319
27516,0.002271,172.31.36.0-255,66,227264,19,239319
27517,0.002286,172.31.36.0-255,66,227330,19,239319
27518,0.0023,172.31.36.0-255,66,227396,19,239319
27519,0.002335,172.217.194.0-255,4320,231716,19,239319
27520,0.002338,172.31.36.0-255,66,231782,19,239319
27521,0.002347,172.217.194.0-255,7300,239082,19,239319
27522,0.002351,172.31.36.0-255,66,239148,19,239319
27523,0.003681,172.217.194.0-255,66,239214,19,239319
27524,0.004607,172.217.194.0-255,105,239319,19,239319
27525,0.0,74.125.130.0-255,97,97,19,272
27526,0.008313,74.125.130.0-255,97,194,19,272
27527,0.008323,172.31.36.0-255,78,272,19,272
27528,0.0,74.125.24.0-255,153,153,19,315842
27529,2.4e-05,172.31.36.0-255,66,219,19,315842
27530,3.2e-05,74.125.24.0-255,1484,1703,19,315842
27531,3.6e-05,172.31.36.0-255,66,1769,19,315842
27532,5.1e-05,74.125.24.0-255,2902,4671,19,315842
27533,5.5e-05,172.31.36.0-255,66,4737,19,315842
27534,6.4e-05,74.125.24.0-255,7156,11893,19,315842
27535,6.9e-05,172.31.36.0-255,66,11959,19,315842
27536,7.3e-05,74.125.24.0-255,2010,13969,19,315842
27537,7.6e-05,172.31.36.0-255,66,14035,19,315842
27538,9e-05,172.31.36.0-255,66,14101,19,315842
27539,9.7e-05,74.125.24.0-255,7156,21257,19,315842
27540,0.0001,172.31.36.0-255,66,21323,19,315842
27541,0.000148,74.125.24.0-255,8574,29897,19,315842
27542,0.000152,172.31.36.0-255,66,29963,19,315842
27543,0.000182,74.125.24.0-255,6438,36401,19,315842
27544,0.000185,172.31.36.0-255,66,36467,19,315842
27545,0.000248,74.125.24.0-255,1484,37951,19,315842
27546,0.00025,172.31.36.0-255,66,38017,19,315842
27547,0.000255,74.125.24.0-255,2902,40919,19,315842
27548,0.000258,172.31.36.0-255,66,40985,19,315842
27549,0.000291,74.125.24.0-255,5738,46723,19,315842
27550,0.000294,172.31.36.0-255,66,46789,19,315842
27551,0.000301,74.125.24.0-255,7124,53913,19,315842
27552,0.000303,172.31.36.0-255,66,53979,19,315842
27553,0.000361,74.125.24.0-255,1484,55463,19,315842
27554,0.000365,172.31.36.0-255,66,55529,19,315842
27555,0.00037,74.125.24.0-255,2902,58431,19,315842
27556,0.000372,172.31.36.0-255,66,58497,19,315842
27557,0.0004,74.125.24.0-255,5738,64235,19,315842
27558,0.000407,172.31.36.0-255,66,64301,19,315842
27559,0.000446,172.31.36.0-255,66,64367,19,315842
27560,0.000454,74.125.24.0-255,8574,72941,19,315842
27561,0.000457,172.31.36.0-255,66,73007,19,315842
27562,0.000513,74.125.24.0-255,2543,75550,19,315842
27563,0.000516,172.31.36.0-255,66,75616,19,315842
27564,0.00084,74.125.24.0-255,1484,77100,19,315842
27565,0.000848,74.125.24.0-255,2902,80002,19,315842
27566,0.000852,172.31.36.0-255,66,80068,19,315842
27567,0.00086,74.125.24.0-255,5738,85806,19,315842
27568,0.000862,172.31.36.0-255,66,85872,19,315842
27569,0.000872,74.125.24.0-255,1484,87356,19,315842
27570,0.000927,172.31.36.0-255,66,87422,19,315842
27571,0.000936,74.125.24.0-255,8574,95996,19,315842
27572,0.000943,172.31.36.0-255,66,96062,19,315842
27573,0.000947,74.125.24.0-255,2184,98246,19,315842
27574,0.000949,172.31.36.0-255,66,98312,19,315842
27575,0.000954,74.125.24.0-255,2902,101214,19,315842
27576,0.000956,172.31.36.0-255,66,101280,19,315842
27577,0.000961,74.125.24.0-255,2902,104182,19,315842
27578,0.000964,172.31.36.0-255,66,104248,19,315842
27579,0.001001,74.125.24.0-255,4320,108568,19,315842
27580,0.001005,172.31.36.0-255,66,108634,19,315842
27581,0.001023,172.31.36.0-255,66,108700,19,315842
27582,0.001061,74.125.24.0-255,4320,113020,19,315842
27583,0.001064,172.31.36.0-255,66,113086,19,315842
27584,0.001072,74.125.24.0-255,7856,120942,19,315842
27585,0.00108,172.31.36.0-255,66,121008,19,315842
27586,0.001088,74.125.24.0-255,8574,129582,19,315842
27587,0.001091,172.31.36.0-255,66,129648,19,315842
27588,0.001096,74.125.24.0-255,4320,133968,19,315842
27589,0.001098,172.31.36.0-255,66,134034,19,315842
27590,0.001137,172.31.36.0-255,66,134100,19,315842
27591,0.001149,74.125.24.0-255,6438,140538,19,315842
27592,0.001152,172.31.36.0-255,66,140604,19,315842
27593,0.001159,74.125.24.0-255,7156,147760,19,315842
27594,0.001162,172.31.36.0-255,66,147826,19,315842
27595,0.001207,74.125.24.0-255,9992,157818,19,315842
27596,0.001217,172.31.36.0-255,66,157884,19,315842
27597,0.00122,172.31.36.0-255,66,157950,19,315842
27598,0.001246,74.125.24.0-255,766,158716,19,315842
27599,0.001302,74.125.24.0-255,1484,160200,19,315842
27600,0.001306,172.31.36.0-255,66,160266,19,315842
27601,0.001311,74.125.24.0-255,2902,163168,19,315842
27602,0.001313,172.31.36.0-255,66,163234,19,315842
27603,0.001318,74.125.24.0-255,2902,166136,19,315842
27604,0.001328,172.31.36.0-255,66,166202,19,315842
27605,0.001366,74.125.24.0-255,2902,169104,19,315842
27606,0.001369,172.31.36.0-255,66,169170,19,315842
27607,0.001393,172.31.36.0-255,66,169236,19,315842
27608,0.001396,74.125.24.0-255,1484,170720,19,315842
27609,0.001404,74.125.24.0-255,5738,176458,19,315842
27610,0.001406,172.31.36.0-255,66,176524,19,315842
27611,0.00143,74.125.24.0-255,3602,180126,19,315842
27612,0.001433,172.31.36.0-255,66,180192,19,315842
27613,0.001447,74.125.24.0-255,9992,190184,19,315842
27614,0.00145,172.31.36.0-255,66,190250,19,315842
27615,0.001487,74.125.24.0-255,2902,193152,19,315842
27616,0.00149,172.31.36.0-255,66,193218,19,315842
27617,0.001521,74.125.24.0-255,9992,203210,19,315842
27618,0.001535,74.125.24.0-255,10692,213902,19,315842
27619,0.00154,172.31.36.0-255,66,213968,19,315842
27620,0.001543,172.31.36.0-255,66,214034,19,315842
27621,0.001575,74.125.24.0-255,1484,215518,19,315842
27622,0.00158,74.125.24.0-255,2902,218420,19,315842
27623,0.001585,74.125.24.0-255,4320,222740,19,315842
27624,0.001605,74.125.24.0-255,1484,224224,19,315842
27625,0.001609,74.125.24.0-255,2902,227126,19,315842
27626,0.001614,74.125.24.0-255,4320,231446,19,315842
27627,0.001622,74.125.24.0-255,8574,240020,19,315842
27628,0.001657,74.125.24.0-255,7856,247876,19,315842
27629,0.001661,172.31.36.0-255,66,247942,19,315842
27630,0.00168,172.31.36.0-255,66,248008,19,315842
27631,0.001729,74.125.24.0-255,1484,249492,19,315842
27632,0.001735,74.125.24.0-255,2902,252394,19,315842
27633,0.001745,74.125.24.0-255,1484,253878,19,315842
27634,0.001749,172.31.36.0-255,66,253944,19,315842
27635,0.001758,74.125.24.0-255,4320,258264,19,315842
27636,0.001782,74.125.24.0-255,8574,266838,19,315842
27637,0.001808,74.125.24.0-255,4320,271158,19,315842
27638,0.001816,74.125.24.0-255,10692,281850,19,315842
27639,0.001819,172.31.36.0-255,66,281916,19,315842
27640,0.00183,74.125.24.0-255,1484,283400,19,315842
27641,0.001864,74.125.24.0-255,9992,293392,19,315842
27642,0.001873,74.125.24.0-255,9992,303384,19,315842
27643,0.001903,172.31.36.0-255,66,303450,19,315842
27644,0.001911,74.125.24.0-255,8574,312024,19,315842
27645,0.001917,172.31.36.0-255,66,312090,19,315842
27646,0.001938,74.125.24.0-255,3243,315333,19,315842
27647,0.001956,74.125.24.0-255,105,315438,19,315842
27648,0.001973,172.31.36.0-255,66,315504,19,315842
27649,0.002824,172.31.36.0-255,101,315605,19,315842
27650,0.00448,172.31.36.0-255,105,315710,19,315842
27651,0.005087,74.125.24.0-255,66,315776,19,315842
27652,0.006781,74.125.24.0-255,66,315842,19,315842
27653,0.0,74.125.24.0-255,298,298,19,127526
27654,1.7e-05,172.31.36.0-255,66,364,19,127526
27655,2.3e-05,74.125.24.0-255,1484,1848,19,127526
27656,2.7e-05,172.31.36.0-255,66,1914,19,127526
27657,3.4e-05,74.125.24.0-255,4320,6234,19,127526
27658,3.7e-05,172.31.36.0-255,66,6300,19,127526
27659,5.3e-05,74.125.24.0-255,7156,13456,19,127526
27660,5.7e-05,172.31.36.0-255,66,13522,19,127526
27661,0.000105,172.31.36.0-255,66,13588,19,127526
27662,0.000108,74.125.24.0-255,1125,14713,19,127526
27663,0.00011,172.31.36.0-255,66,14779,19,127526
27664,0.000207,74.125.24.0-255,1484,16263,19,127526
27665,0.00021,172.31.36.0-255,66,16329,19,127526
27666,0.000217,74.125.24.0-255,2902,19231,19,127526
27667,0.000219,172.31.36.0-255,66,19297,19,127526
27668,0.000223,74.125.24.0-255,1484,20781,19,127526
27669,0.000225,172.31.36.0-255,66,20847,19,127526
27670,0.000256,74.125.24.0-255,4320,25167,19,127526
27671,0.000264,172.31.36.0-255,66,25233,19,127526
27672,0.00027,74.125.24.0-255,5738,30971,19,127526
27673,0.000273,172.31.36.0-255,66,31037,19,127526
27674,0.00028,74.125.24.0-255,6797,37834,19,127526
27675,0.000282,172.31.36.0-255,66,37900,19,127526
27676,0.000325,172.31.36.0-255,66,37966,19,127526
27677,0.000379,74.125.24.0-255,109,38075,19,127526
27678,0.000382,172.31.36.0-255,66,38141,19,127526
27679,0.000604,74.125.24.0-255,1484,39625,19,127526
27680,0.000609,172.31.36.0-255,66,39691,19,127526
27681,0.000615,74.125.24.0-255,2902,42593,19,127526
27682,0.000618,172.31.36.0-255,66,42659,19,127526
27683,0.000628,74.125.24.0-255,2902,45561,19,127526
27684,0.000675,74.125.24.0-255,2902,48463,19,127526
27685,0.000682,74.125.24.0-255,6797,55260,19,127526
27686,0.000687,172.31.36.0-255,66,55326,19,127526
27687,0.000715,172.31.36.0-255,66,55392,19,127526
27688,0.000803,74.125.24.0-255,1484,56876,19,127526
27689,0.00081,74.125.24.0-255,2902,59778,19,127526
27690,0.000822,74.125.24.0-255,2902,62680,19,127526
27691,0.000837,74.125.24.0-255,2902,65582,19,127526
27692,0.000843,74.125.24.0-255,4320,69902,19,127526
27693,0.000849,172.31.36.0-255,66,69968,19,127526
27694,0.000859,74.125.24.0-255,2543,72511,19,127526
27695,0.00088,172.31.36.0-255,66,72577,19,127526
27696,0.001137,74.125.24.0-255,331,72908,19,127526
27697,0.001311,74.125.24.0-255,1484,74392,19,127526
27698,0.001316,172.31.36.0-255,66,74458,19,127526
27699,0.001321,74.125.24.0-255,2902,77360,19,127526
27700,0.001326,74.125.24.0-255,2902,80262,19,127526
27701,0.001341,74.125.24.0-255,2902,83164,19,127526
27702,0.001348,172.31.36.0-255,66,83230,19,127526
27703,0.001384,74.125.24.0-255,9992,93222,19,127526
27704,0.001397,172.31.36.0-255,66,93288,19,127526
27705,0.001439,172.31.36.0-255,66,93354,19,127526
27706,0.002126,74.125.24.0-255,1484,94838,19,127526
27707,0.002132,172.31.36.0-255,66,94904,19,127526
27708,0.002142,74.125.24.0-255,2902,97806,19,127526
27709,0.00216,74.125.24.0-255,2902,100708,19,127526
27710,0.002163,74.125.24.0-255,1484,102192,19,127526
27711,0.002183,74.125.24.0-255,5738,107930,19,127526
27712,0.002196,74.125.24.0-255,4320,112250,19,127526
27713,0.002224,74.125.24.0-255,3602,115852,19,127526
27714,0.002457,172.31.36.0-255,66,115918,19,127526
27715,0.005089,74.125.24.0-255,5738,121656,19,127526
27716,0.005097,172.31.36.0-255,66,121722,19,127526
27717,0.007734,74.125.24.0-255,5738,127460,19,127526
27718,0.007741,172.31.36.0-255,66,127526,19,127526
27719,0.0,74.125.24.0-255,153,153,19,176383
27720,2.2e-05,172.31.36.0-255,66,219,19,176383
27721,3e-05,74.125.24.0-255,1484,1703,19,176383
27722,3.4e-05,172.31.36.0-255,66,1769,19,176383
27723,3.9e-05,74.125.24.0-255,2902,4671,19,176383
27724,5.2e-05,172.31.36.0-255,66,4737,19,176383
27725,6e-05,74.125.24.0-255,7156,11893,19,176383
27726,6.3e-05,172.31.36.0-255,66,11959,19,176383
27727,0.000106,74.125.24.0-255,2048,14007,19,176383
27728,0.00011,172.31.36.0-255,66,14073,19,176383
27729,0.000139,74.125.24.0-255,2902,16975,19,176383
27730,0.000142,172.31.36.0-255,66,17041,19,176383
27731,0.000173,74.125.24.0-255,4320,21361,19,176383
27732,0.000177,172.31.36.0-255,66,21427,19,176383
27733,0.000209,74.125.24.0-255,8574,30001,19,176383
27734,0.000212,172.31.36.0-255,66,30067,19,176383
27735,0.000215,74.125.24.0-255,1125,31192,19,176383
27736,0.000217,172.31.36.0-255,66,31258,19,176383
27737,0.000369,74.125.24.0-255,1484,32742,19,176383
27738,0.000375,172.31.36.0-255,66,32808,19,176383
27739,0.00038,74.125.24.0-255,2902,35710,19,176383
27740,0.000382,172.31.36.0-255,66,35776,19,176383
27741,0.000387,74.125.24.0-255,4320,40096,19,176383
27742,0.00039,172.31.36.0-255,66,40162,19,176383
27743,0.00042,74.125.24.0-255,1484,41646,19,176383
27744,0.000423,172.31.36.0-255,66,41712,19,176383
27745,0.000429,74.125.24.0-255,4320,46032,19,176383
27746,0.000431,172.31.36.0-255,66,46098,19,176383
27747,0.000449,74.125.24.0-255,4320,50418,19,176383
27748,0.000453,172.31.36.0-255,66,50484,19,176383
27749,0.000492,74.125.24.0-255,8215,58699,19,176383
27750,0.000496,172.31.36.0-255,66,58765,19,176383
27751,0.000503,74.125.24.0-255,7112,65877,19,176383
27752,0.000506,172.31.36.0-255,66,65943,19,176383
27753,0.000508,74.125.24.0-255,108,66051,19,176383
27754,0.00063,74.125.24.0-255,1484,67535,19,176383
27755,0.000636,172.31.36.0-255,66,67601,19,176383
27756,0.000641,74.125.24.0-255,2902,70503,19,176383
27757,0.000643,172.31.36.0-255,66,70569,19,176383
27758,0.000677,74.125.24.0-255,5738,76307,19,176383
27759,0.000681,172.31.36.0-255,66,76373,19,176383
27760,0.000708,74.125.24.0-255,4320,80693,19,176383
27761,0.000712,172.31.36.0-255,66,80759,19,176383
27762,0.000742,74.125.24.0-255,6797,87556,19,176383
27763,0.000746,172.31.36.0-255,66,87622,19,176383
27764,0.000757,172.31.36.0-255,66,87688,19,176383
27765,0.00076,74.125.24.0-255,1125,88813,19,176383
27766,0.001031,74.125.24.0-255,1484,90297,19,176383
27767,0.001037,172.31.36.0-255,66,90363,19,176383
27768,0.001043,74.125.24.0-255,2902,93265,19,176383
27769,0.001045,172.31.36.0-255,66,93331,19,176383
27770,0.001058,74.125.24.0-255,5738,99069,19,176383
27771,0.001061,172.31.36.0-255,66,99135,19,176383
27772,0.0011,74.125.24.0-255,8574,107709,19,176383
27773,0.001104,172.31.36.0-255,66,107775,19,176383
27774,0.001139,74.125.24.0-255,4320,112095,19,176383
27775,0.001143,172.31.36.0-255,66,112161,19,176383
27776,0.001152,74.125.24.0-255,8574,120735,19,176383
27777,0.001155,172.31.36.0-255,66,120801,19,176383
27778,0.001159,74.125.24.0-255,2184,122985,19,176383
27779,0.001162,172.31.36.0-255,66,123051,19,176383
27780,0.001254,74.125.24.0-255,1484,124535,19,176383
27781,0.001261,74.125.24.0-255,2902,127437,19,176383
27782,0.001266,172.31.36.0-255,66,127503,19,176383
27783,0.001272,74.125.24.0-255,5738,133241,19,176383
27784,0.001275,172.31.36.0-255,66,133307,19,176383
27785,0.001355,172.31.36.0-255,66,133373,19,176383
27786,0.001365,74.125.24.0-255,10692,144065,19,176383
27787,0.001368,172.31.36.0-255,66,144131,19,176383
27788,0.002214,74.125.24.0-255,1484,145615,19,176383
27789,0.00222,74.125.24.0-255,2902,148517,19,176383
27790,0.002224,74.125.24.0-255,2902,151419,19,176383
27791,0.00223,172.31.36.0-255,66,151485,19,176383
27792,0.002233,172.31.36.0-255,66,151551,19,176383
27793,0.002259,74.125.24.0-255,2902,154453,19,176383
27794,0.002261,172.31.36.0-255,66,154519,19,176383
27795,0.002266,74.125.24.0-255,4320,158839,19,176383
27796,0.002268,172.31.36.0-255,66,158905,19,176383
27797,0.002279,172.31.36.0-255,66,158971,19,176383
27798,0.004527,74.125.24.0-255,5738,164709,19,176383
27799,0.004533,172.31.36.0-255,66,164775,19,176383
27800,0.006801,74.125.24.0-255,5738,170513,19,176383
27801,0.006807,172.31.36.0-255,66,170579,19,176383
27802,0.009059,74.125.24.0-255,5738,176317,19,176383
27803,0.009067,172.31.36.0-255,66,176383,19,176383
27804,0.0,74.125.24.0-255,156,156,19,201279
27805,3.3e-05,172.31.36.0-255,66,222,19,201279
27806,4e-05,74.125.24.0-255,1484,1706,19,201279
27807,4.4e-05,172.31.36.0-255,66,1772,19,201279
27808,5.8e-05,74.125.24.0-255,2902,4674,19,201279
27809,6.1e-05,172.31.36.0-255,66,4740,19,201279
27810,6.8e-05,74.125.24.0-255,7156,11896,19,201279
27811,7e-05,172.31.36.0-255,66,11962,19,201279
27812,7.4e-05,74.125.24.0-255,2002,13964,19,201279
27813,7.7e-05,172.31.36.0-255,66,14030,19,201279
27814,0.000232,74.125.24.0-255,1484,15514,19,201279
27815,0.000237,172.31.36.0-255,66,15580,19,201279
27816,0.000243,74.125.24.0-255,2902,18482,19,201279
27817,0.000245,172.31.36.0-255,66,18548,19,201279
27818,0.000258,74.125.24.0-255,5738,24286,19,201279
27819,0.000261,172.31.36.0-255,66,24352,19,201279
27820,0.000273,74.125.24.0-255,2902,27254,19,201279
27821,0.000275,172.31.36.0-255,66,27320,19,201279
27822,0.000303,74.125.24.0-255,3961,31281,19,201279
27823,0.000307,172.31.36.0-255,66,31347,19,201279
27824,0.000315,74.125.24.0-255,7156,38503,19,201279
27825,0.000317,172.31.36.0-255,66,38569,19,201279
27826,0.000323,74.125.24.0-255,5738,44307,19,201279
27827,0.000325,172.31.36.0-255,66,44373,19,201279
27828,0.000366,74.125.24.0-255,9992,54365,19,201279
27829,0.000372,172.31.36.0-255,66,54431,19,201279
27830,0.000373,74.125.24.0-255,7156,61587,19,201279
27831,0.000376,172.31.36.0-255,66,61653,19,201279
27832,0.000381,74.125.24.0-255,3602,65255,19,201279
27833,0.000383,172.31.36.0-255,66,65321,19,201279
27834,0.0011,74.125.24.0-255,414,65735,19,201279
27835,0.001106,172.31.36.0-255,66,65801,19,201279
27836,0.001322,74.125.24.0-255,1484,67285,19,201279
27837,0.00133,74.125.24.0-255,2902,70187,19,201279
27838,0.001334,172.31.36.0-255,66,70253,19,201279
27839,0.001339,74.125.24.0-255,2902,73155,19,201279
27840,0.00134,172.31.36.0-255,66,73221,19,201279
27841,0.001369,74.125.24.0-255,2902,76123,19,201279
27842,0.001372,172.31.36.0-255,66,76189,19,201279
27843,0.001387,74.125.24.0-255,7156,83345,19,201279
27844,0.001389,172.31.36.0-255,66,83411,19,201279
27845,0.001403,172.31.36.0-255,66,83477,19,201279
27846,0.001407,74.125.24.0-255,2184,85661,19,201279
27847,0.001409,172.31.36.0-255,66,85727,19,201279
27848,0.001438,74.125.24.0-255,1484,87211,19,201279
27849,0.001479,172.31.36.0-255,66,87277,19,201279
27850,0.001494,172.31.36.0-255,66,87343,19,201279
27851,0.001509,74.125.24.0-255,10692,98035,19,201279
27852,0.001517,74.125.24.0-255,7156,105191,19,201279
27853,0.001549,74.125.24.0-255,4320,109511,19,201279
27854,0.001557,74.125.24.0-255,7156,116667,19,201279
27855,0.001583,74.125.24.0-255,9992,126659,19,201279
27856,0.001586,74.125.24.0-255,1031,127690,19,201279
27857,0.001612,74.125.24.0-255,1484,129174,19,201279
27858,0.001616,74.125.24.0-255,4320,133494,19,201279
27859,0.00164,74.125.24.0-255,9992,143486,19,201279
27860,0.001644,74.125.24.0-255,2902,146388,19,201279
27861,0.001658,74.125.24.0-255,2902,149290,19,201279
27862,0.001693,74.125.24.0-255,2902,152192,19,201279
27863,0.001712,74.125.24.0-255,9274,161466,19,201279
27864,0.002156,74.125.24.0-255,1484,162950,19,201279
27865,0.002169,74.125.24.0-255,2902,165852,19,201279
27866,0.002192,74.125.24.0-255,5738,171590,19,201279
27867,0.002196,74.125.24.0-255,2902,174492,19,201279
27868,0.002216,74.125.24.0-255,7156,181648,19,201279
27869,0.00225,74.125.24.0-255,2902,184550,19,201279
27870,0.002279,74.125.24.0-255,10692,195242,19,201279
27871,0.005947,172.31.36.0-255,66,195308,19,201279
27872,0.006894,172.31.36.0-255,101,195409,19,201279
27873,0.008522,74.125.24.0-255,5738,201147,19,201279
27874,0.008529,172.31.36.0-255,66,201213,19,201279
27875,0.009435,74.125.24.0-255,66,201279,19,201279
27876,0.0,172.31.36.0-255,105,105,19,459
27877,0.000217,172.31.36.0-255,90,195,19,459
27878,0.000228,172.31.36.0-255,66,261,19,459
27879,0.001883,172.217.160.0-255,66,327,19,459
27880,0.001911,172.217.160.0-255,66,393,19,459
27881,0.001935,172.31.36.0-255,66,459,19,459
27882,0.0,172.217.194.0-255,153,153,19,75160
27883,2.7e-05,172.31.36.0-255,66,219,19,75160
27884,3.4e-05,172.217.194.0-255,1484,1703,19,75160
27885,3.7e-05,172.31.36.0-255,66,1769,19,75160
27886,4.3e-05,172.217.194.0-255,2902,4671,19,75160
27887,4.6e-05,172.31.36.0-255,66,4737,19,75160
27888,6e-05,172.217.194.0-255,4320,9057,19,75160
27889,6.2e-05,172.31.36.0-255,66,9123,19,75160
27890,8.8e-05,172.217.194.0-255,1484,10607,19,75160
27891,9.6e-05,172.31.36.0-255,66,10673,19,75160
27892,0.000101,172.217.194.0-255,3485,14158,19,75160
27893,0.000104,172.31.36.0-255,66,14224,19,75160
27894,0.000109,172.217.194.0-255,4320,18544,19,75160
27895,0.000111,172.31.36.0-255,66,18610,19,75160
27896,0.000156,172.217.194.0-255,9992,28602,19,75160
27897,0.00016,172.31.36.0-255,66,28668,19,75160
27898,0.000179,172.31.36.0-255,66,28734,19,75160
27899,0.000183,172.217.194.0-255,2902,31636,19,75160
27900,0.000185,172.31.36.0-255,66,31702,19,75160
27901,0.000215,172.217.194.0-255,5020,36722,19,75160
27902,0.000218,172.31.36.0-255,66,36788,19,75160
27903,0.000758,172.217.194.0-255,1484,38272,19,75160
27904,0.000764,172.31.36.0-255,66,38338,19,75160
27905,0.000773,172.217.194.0-255,2902,41240,19,75160
27906,0.000776,172.31.36.0-255,66,41306,19,75160
27907,0.000789,172.217.194.0-255,5738,47044,19,75160
27908,0.000792,172.31.36.0-255,66,47110,19,75160
27909,0.000821,172.217.194.0-255,1484,48594,19,75160
27910,0.000825,172.31.36.0-255,66,48660,19,75160
27911,0.000856,172.217.194.0-255,5692,54352,19,75160
27912,0.000859,172.31.36.0-255,66,54418,19,75160
27913,0.002859,172.217.194.0-255,98,54516,19,75160
27914,0.002894,172.217.194.0-255,1484,56000,19,75160
27915,0.002899,172.31.36.0-255,66,56066,19,75160
27916,0.002906,172.217.194.0-255,2902,58968,19,75160
27917,0.002909,172.31.36.0-255,66,59034,19,75160
27918,0.004903,172.217.194.0-255,1484,60518,19,75160
27919,0.004929,172.217.194.0-255,4320,64838,19,75160
27920,0.004933,172.31.36.0-255,66,64904,19,75160
27921,0.006964,172.217.194.0-255,4320,69224,19,75160
27922,0.006971,172.31.36.0-255,66,69290,19,75160
27923,0.007009,172.217.194.0-255,1484,70774,19,75160
27924,0.008954,172.217.194.0-255,4320,75094,19,75160
27925,0.008962,172.31.36.0-255,66,75160,19,75160
27926,0.0,74.125.200.0-255,153,153,19,374890
27927,2.8e-05,172.31.36.0-255,66,219,19,374890
27928,3.5e-05,74.125.200.0-255,1484,1703,19,374890
27929,4e-05,172.31.36.0-255,66,1769,19,374890
27930,4.5e-05,74.125.200.0-255,2902,4671,19,374890
27931,5.8e-05,172.31.36.0-255,66,4737,19,374890
27932,6.6e-05,74.125.200.0-255,7156,11893,19,374890
27933,6.9e-05,172.31.36.0-255,66,11959,19,374890
27934,7.3e-05,74.125.200.0-255,2047,14006,19,374890
27935,7.6e-05,172.31.36.0-255,66,14072,19,374890
27936,0.000136,74.125.200.0-255,1484,15556,19,374890
27937,0.00014,172.31.36.0-255,66,15622,19,374890
27938,0.000144,74.125.200.0-255,1484,17106,19,374890
27939,0.000146,172.31.36.0-255,66,17172,19,374890
27940,0.000179,74.125.200.0-255,1484,18656,19,374890
27941,0.000182,172.31.36.0-255,66,18722,19,374890
27942,0.000189,74.125.200.0-255,5738,24460,19,374890
27943,0.000191,172.31.36.0-255,66,24526,19,374890
27944,0.000202,74.125.200.0-255,4320,28846,19,374890
27945,0.000204,172.31.36.0-255,66,28912,19,374890
27946,0.000232,74.125.200.0-255,2543,31455,19,374890
27947,0.000235,172.31.36.0-255,66,31521,19,374890
27948,0.000368,74.125.200.0-255,1484,33005,19,374890
27949,0.000373,172.31.36.0-255,66,33071,19,374890
27950,0.000401,74.125.200.0-255,2902,35973,19,374890
27951,0.000404,172.31.36.0-255,66,36039,19,374890
27952,0.000429,74.125.200.0-255,5738,41777,19,374890
27953,0.000432,172.31.36.0-255,66,41843,19,374890
27954,0.000454,74.125.200.0-255,6797,48640,19,374890
27955,0.000457,172.31.36.0-255,66,48706,19,374890
27956,0.000461,74.125.200.0-255,1484,50190,19,374890
27957,0.000463,172.31.36.0-255,66,50256,19,374890
27958,0.000488,74.125.200.0-255,2902,53158,19,374890
27959,0.000491,172.31.36.0-255,66,53224,19,374890
27960,0.000503,74.125.200.0-255,5738,58962,19,374890
27961,0.000506,172.31.36.0-255,66,59028,19,374890
27962,0.000535,74.125.200.0-255,7110,66138,19,374890
27963,0.000538,172.31.36.0-255,66,66204,19,374890
27964,0.000546,74.125.200.0-255,110,66314,19,374890
27965,0.000748,172.31.36.0-255,66,66380,19,374890
27966,0.000925,74.125.200.0-255,329,66709,19,374890
27967,0.001325,74.125.200.0-255,1484,68193,19,374890
27968,0.001331,172.31.36.0-255,66,68259,19,374890
27969,0.001338,74.125.200.0-255,2902,71161,19,374890
27970,0.001341,172.31.36.0-255,66,71227,19,374890
27971,0.001352,74.125.200.0-255,2902,74129,19,374890
27972,0.001354,172.31.36.0-255,66,74195,19,374890
27973,0.001382,74.125.200.0-255,2902,77097,19,374890
27974,0.001385,172.31.36.0-255,66,77163,19,374890
27975,0.001403,74.125.200.0-255,9992,87155,19,374890
27976,0.001405,172.31.36.0-255,66,87221,19,374890
27977,0.001417,172.31.36.0-255,66,87287,19,374890
27978,0.001421,74.125.200.0-255,2184,89471,19,374890
27979,0.001423,172.31.36.0-255,66,89537,19,374890
27980,0.001713,74.125.200.0-255,1484,91021,19,374890
27981,0.001728,74.125.200.0-255,2902,93923,19,374890
27982,0.001731,172.31.36.0-255,66,93989,19,374890
27983,0.001736,74.125.200.0-255,4320,98309,19,374890
27984,0.001738,172.31.36.0-255,66,98375,19,374890
27985,0.001764,74.125.200.0-255,4320,102695,19,374890
27986,0.001767,172.31.36.0-255,66,102761,19,374890
27987,0.001787,74.125.200.0-255,4320,107081,19,374890
27988,0.001789,172.31.36.0-255,66,107147,19,374890
27989,0.001796,74.125.200.0-255,7156,114303,19,374890
27990,0.001798,172.31.36.0-255,66,114369,19,374890
27991,0.001804,74.125.200.0-255,5738,120107,19,374890
27992,0.001805,172.31.36.0-255,66,120173,19,374890
27993,0.001834,74.125.200.0-255,2902,123075,19,374890
27994,0.001837,172.31.36.0-255,66,123141,19,374890
27995,0.00184,74.125.200.0-255,766,123907,19,374890
27996,0.001862,74.125.200.0-255,1484,125391,19,374890
27997,0.001864,172.31.36.0-255,66,125457,19,374890
27998,0.001889,74.125.200.0-255,2902,128359,19,374890
27999,0.001891,172.31.36.0-255,66,128425,19,374890
28000,0.001898,74.125.200.0-255,4320,132745,19,374890
28001,0.0019,172.31.36.0-255,66,132811,19,374890
28002,0.001907,74.125.200.0-255,1484,134295,19,374890
28003,0.001928,74.125.200.0-255,7156,141451,19,374890
28004,0.00193,172.31.36.0-255,66,141517,19,374890
28005,0.001936,74.125.200.0-255,5738,147255,19,374890
28006,0.001938,172.31.36.0-255,66,147321,19,374890
28007,0.001964,74.125.200.0-255,1484,148805,19,374890
28008,0.001972,74.125.200.0-255,8574,157379,19,374890
28009,0.001974,172.31.36.0-255,66,157445,19,374890
28010,0.001976,74.125.200.0-255,766,158211,19,374890
28011,0.002381,74.125.200.0-255,1484,159695,19,374890
28012,0.002384,172.31.36.0-255,66,159761,19,374890
28013,0.00241,74.125.200.0-255,2902,162663,19,374890
28014,0.002413,172.31.36.0-255,66,162729,19,374890
28015,0.002444,74.125.200.0-255,5738,168467,19,374890
28016,0.002447,172.31.36.0-255,66,168533,19,374890
28017,0.002483,74.125.200.0-255,4320,172853,19,374890
28018,0.002485,172.31.36.0-255,66,172919,19,374890
28019,0.00251,74.125.200.0-255,1484,174403,19,374890
28020,0.002531,74.125.200.0-255,5738,180141,19,374890
28021,0.002533,172.31.36.0-255,66,180207,19,374890
28022,0.002555,74.125.200.0-255,1484,181691,19,374890
28023,0.002563,74.125.200.0-255,8574,190265,19,374890
28024,0.002565,172.31.36.0-255,66,190331,19,374890
28025,0.002587,74.125.200.0-255,1484,191815,19,374890
28026,0.002601,74.125.200.0-255,766,192581,19,374890
28027,0.002603,172.31.36.0-255,66,192647,19,374890
28028,0.002767,74.125.200.0-255,1484,194131,19,374890
28029,0.002771,74.125.200.0-255,2902,197033,19,374890
28030,0.002773,172.31.36.0-255,66,197099,19,374890
28031,0.002802,74.125.200.0-255,4320,201419,19,374890
28032,0.002804,172.31.36.0-255,66,201485,19,374890
28033,0.00281,74.125.200.0-255,5738,207223,19,374890
28034,0.002813,172.31.36.0-255,66,207289,19,374890
28035,0.002847,172.31.36.0-255,66,207355,19,374890
28036,0.002853,74.125.200.0-255,4320,211675,19,374890
28037,0.002855,172.31.36.0-255,66,211741,19,374890
28038,0.00289,74.125.200.0-255,3602,215343,19,374890
28039,0.002894,172.31.36.0-255,66,215409,19,374890
28040,0.003001,74.125.200.0-255,1484,216893,19,374890
28041,0.003006,74.125.200.0-255,1484,218377,19,374890
28042,0.003009,172.31.36.0-255,66,218443,19,374890
28043,0.003038,74.125.200.0-255,1484,219927,19,374890
28044,0.003046,74.125.200.0-255,5738,225665,19,374890
28045,0.003054,74.125.200.0-255,2902,228567,19,374890
28046,0.003058,74.125.200.0-255,4320,232887,19,374890
28047,0.003075,74.125.200.0-255,7156,240043,19,374890
28048,0.003092,74.125.200.0-255,1484,241527,19,374890
28049,0.0031,74.125.200.0-255,7856,249383,19,374890
28050,0.003137,74.125.200.0-255,1484,250867,19,374890
28051,0.003152,74.125.200.0-255,2902,253769,19,374890
28052,0.003178,74.125.200.0-255,4320,258089,19,374890
28053,0.003197,74.125.200.0-255,1484,259573,19,374890
28054,0.003202,74.125.200.0-255,4320,263893,19,374890
28055,0.003254,74.125.200.0-255,5738,269631,19,374890
28056,0.00326,74.125.200.0-255,5738,275369,19,374890
28057,0.003263,74.125.200.0-255,1484,276853,19,374890
28058,0.003282,74.125.200.0-255,5738,282591,19,374890
28059,0.003285,74.125.200.0-255,766,283357,19,374890
28060,0.003302,74.125.200.0-255,1484,284841,19,374890
28061,0.003307,74.125.200.0-255,2902,287743,19,374890
28062,0.00332,74.125.200.0-255,1484,289227,19,374890
28063,0.003352,74.125.200.0-255,9992,299219,19,374890
28064,0.003384,74.125.200.0-255,4320,303539,19,374890
28065,0.003406,74.125.200.0-255,7156,310695,19,374890
28066,0.003411,74.125.200.0-255,2902,313597,19,374890
28067,0.00345,74.125.200.0-255,4320,317917,19,374890
28068,0.003469,74.125.200.0-255,7856,325773,19,374890
28069,0.003489,74.125.200.0-255,8574,334347,19,374890
28070,0.003503,74.125.200.0-255,4320,338667,19,374890
28071,0.003508,74.125.200.0-255,2902,341569,19,374890
28072,0.003511,74.125.200.0-255,1484,343053,19,374890
28073,0.003532,74.125.200.0-255,1484,344537,19,374890
28074,0.003554,74.125.200.0-255,1484,346021,19,374890
28075,0.00356,74.125.200.0-255,4320,350341,19,374890
28076,0.003562,74.125.200.0-255,766,351107,19,374890
28077,0.003601,172.31.36.0-255,66,351173,19,374890
28078,0.003635,74.125.200.0-255,1484,352657,19,374890
28079,0.003653,74.125.200.0-255,1484,354141,19,374890
28080,0.003658,74.125.200.0-255,2902,357043,19,374890
28081,0.00367,172.31.36.0-255,66,357109,19,374890
28082,0.003676,74.125.200.0-255,5738,362847,19,374890
28083,0.003688,172.31.36.0-255,66,362913,19,374890
28084,0.003724,172.31.36.0-255,66,362979,19,374890
28085,0.003729,74.125.200.0-255,1484,364463,19,374890
28086,0.003762,74.125.200.0-255,10019,374482,19,374890
28087,0.003767,172.31.36.0-255,66,374548,19,374890
28088,0.003793,74.125.200.0-255,105,374653,19,374890
28089,0.006249,172.31.36.0-255,66,374719,19,374890
28090,0.006275,172.31.36.0-255,105,374824,19,374890
28091,0.008443,74.125.200.0-255,66,374890,19,374890
28092,0.0,74.125.24.0-255,153,153,19,148224
28093,2.2e-05,172.31.36.0-255,66,219,19,148224
28094,2.9e-05,74.125.24.0-255,1484,1703,19,148224
28095,3.3e-05,172.31.36.0-255,66,1769,19,148224
28096,4.8e-05,74.125.24.0-255,2902,4671,19,148224
28097,5.2e-05,172.31.36.0-255,66,4737,19,148224
28098,6e-05,74.125.24.0-255,7156,11893,19,148224
28099,6.4e-05,172.31.36.0-255,66,11959,19,148224
28100,7e-05,74.125.24.0-255,4320,16279,19,148224
28101,7.4e-05,172.31.36.0-255,66,16345,19,148224
28102,0.00011,74.125.24.0-255,6302,22647,19,148224
28103,0.000114,172.31.36.0-255,66,22713,19,148224
28104,0.000123,74.125.24.0-255,8215,30928,19,148224
28105,0.000131,172.31.36.0-255,66,30994,19,148224
28106,0.000765,74.125.24.0-255,1484,32478,19,148224
28107,0.000772,172.31.36.0-255,66,32544,19,148224
28108,0.000781,74.125.24.0-255,2902,35446,19,148224
28109,0.000783,172.31.36.0-255,66,35512,19,148224
28110,0.000795,74.125.24.0-255,5738,41250,19,148224
28111,0.000797,172.31.36.0-255,66,41316,19,148224
28112,0.000839,172.31.36.0-255,66,41382,19,148224
28113,0.000846,74.125.24.0-255,5738,47120,19,148224
28114,0.000848,172.31.36.0-255,66,47186,19,148224
28115,0.00088,74.125.24.0-255,3961,51147,19,148224
28116,0.000883,172.31.36.0-255,66,51213,19,148224
28117,0.000934,74.125.24.0-255,4320,55533,19,148224
28118,0.000939,172.31.36.0-255,66,55599,19,148224
28119,0.000943,74.125.24.0-255,1484,57083,19,148224
28120,0.000945,172.31.36.0-255,66,57149,19,148224
28121,0.000951,74.125.24.0-255,4320,61469,19,148224
28122,0.000953,172.31.36.0-255,66,61535,19,148224
28123,0.000985,74.125.24.0-255,2902,64437,19,148224
28124,0.000992,172.31.36.0-255,66,64503,19,148224
28125,0.000998,74.125.24.0-255,4274,68777,19,148224
28126,0.001,172.31.36.0-255,66,68843,19,148224
28127,0.001049,74.125.24.0-255,4320,73163,19,148224
28128,0.001052,172.31.36.0-255,66,73229,19,148224
28129,0.001063,74.125.24.0-255,9992,83221,19,148224
28130,0.001065,172.31.36.0-255,66,83287,19,148224
28131,0.001116,74.125.24.0-255,2798,86085,19,148224
28132,0.00112,172.31.36.0-255,66,86151,19,148224
28133,0.001139,74.125.24.0-255,2902,89053,19,148224
28134,0.001142,172.31.36.0-255,66,89119,19,148224
28135,0.001146,74.125.24.0-255,1484,90603,19,148224
28136,0.001178,74.125.24.0-255,2902,93505,19,148224
28137,0.001181,172.31.36.0-255,66,93571,19,148224
28138,0.00119,74.125.24.0-255,8574,102145,19,148224
28139,0.001192,172.31.36.0-255,66,102211,19,148224
28140,0.001202,74.125.24.0-255,5738,107949,19,148224
28141,0.001205,172.31.36.0-255,66,108015,19,148224
28142,0.00124,74.125.24.0-255,7156,115171,19,148224
28143,0.001245,172.31.36.0-255,66,115237,19,148224
28144,0.001251,74.125.24.0-255,5020,120257,19,148224
28145,0.001253,172.31.36.0-255,66,120323,19,148224
28146,0.001657,172.31.36.0-255,101,120424,19,148224
28147,0.002044,74.125.24.0-255,1484,121908,19,148224
28148,0.002052,74.125.24.0-255,2902,124810,19,148224
28149,0.002056,172.31.36.0-255,66,124876,19,148224
28150,0.002064,74.125.24.0-255,5738,130614,19,148224
28151,0.002066,172.31.36.0-255,66,130680,19,148224
28152,0.00207,74.125.24.0-255,1484,132164,19,148224
28153,0.003659,74.125.24.0-255,66,132230,19,148224
28154,0.004126,74.125.24.0-255,4320,136550,19,148224
28155,0.004131,172.31.36.0-255,66,136616,19,148224
28156,0.006191,74.125.24.0-255,5738,142354,19,148224
28157,0.006198,172.31.36.0-255,66,142420,19,148224
28158,0.008235,74.125.24.0-255,5738,148158,19,148224
28159,0.00824,172.31.36.0-255,66,148224,19,148224
28160,0.0,74.125.24.0-255,153,153,19,274146
28161,2.3e-05,172.31.36.0-255,66,219,19,274146
28162,3e-05,74.125.24.0-255,1484,1703,19,274146
28163,3.5e-05,172.31.36.0-255,66,1769,19,274146
28164,4.1e-05,74.125.24.0-255,2902,4671,19,274146
28165,5.3e-05,172.31.36.0-255,66,4737,19,274146
28166,6.1e-05,74.125.24.0-255,7156,11893,19,274146
28167,6.5e-05,172.31.36.0-255,66,11959,19,274146
28168,7e-05,74.125.24.0-255,1982,13941,19,274146
28169,7.2e-05,172.31.36.0-255,66,14007,19,274146
28170,0.000176,74.125.24.0-255,1484,15491,19,274146
28171,0.00018,172.31.36.0-255,66,15557,19,274146
28172,0.000185,74.125.24.0-255,2902,18459,19,274146
28173,0.000188,172.31.36.0-255,66,18525,19,274146
28174,0.000211,74.125.24.0-255,4320,22845,19,274146
28175,0.000214,172.31.36.0-255,66,22911,19,274146
28176,0.000236,74.125.24.0-255,1484,24395,19,274146
28177,0.000239,172.31.36.0-255,66,24461,19,274146
28178,0.000243,74.125.24.0-255,2902,27363,19,274146
28179,0.000245,172.31.36.0-255,66,27429,19,274146
28180,0.000259,172.31.36.0-255,66,27495,19,274146
28181,0.00027,172.31.36.0-255,66,27561,19,274146
28182,0.000275,74.125.24.0-255,2902,30463,19,274146
28183,0.000277,172.31.36.0-255,66,30529,19,274146
28184,0.00032,74.125.24.0-255,9992,40521,19,274146
28185,0.000324,172.31.36.0-255,66,40587,19,274146
28186,0.000328,74.125.24.0-255,2184,42771,19,274146
28187,0.00033,172.31.36.0-255,66,42837,19,274146
28188,0.000333,74.125.24.0-255,388,43225,19,274146
28189,0.000335,172.31.36.0-255,66,43291,19,274146
28190,0.000419,74.125.24.0-255,1484,44775,19,274146
28191,0.000426,74.125.24.0-255,2902,47677,19,274146
28192,0.000429,172.31.36.0-255,66,47743,19,274146
28193,0.000459,74.125.24.0-255,5738,53481,19,274146
28194,0.000463,172.31.36.0-255,66,53547,19,274146
28195,0.000471,74.125.24.0-255,8574,62121,19,274146
28196,0.000473,172.31.36.0-255,66,62187,19,274146
28197,0.000514,74.125.24.0-255,5738,67925,19,274146
28198,0.000517,172.31.36.0-255,66,67991,19,274146
28199,0.00055,74.125.24.0-255,9565,77556,19,274146
28200,0.000553,172.31.36.0-255,66,77622,19,274146
28201,0.000915,74.125.24.0-255,1484,79106,19,274146
28202,0.000922,74.125.24.0-255,2902,82008,19,274146
28203,0.000925,172.31.36.0-255,66,82074,19,274146
28204,0.000962,74.125.24.0-255,5738,87812,19,274146
28205,0.000965,172.31.36.0-255,66,87878,19,274146
28206,0.000983,172.31.36.0-255,66,87944,19,274146
28207,0.000987,74.125.24.0-255,1484,89428,19,274146
28208,0.00103,74.125.24.0-255,9274,98702,19,274146
28209,0.001034,172.31.36.0-255,66,98768,19,274146
28210,0.001078,74.125.24.0-255,1484,100252,19,274146
28211,0.001091,74.125.24.0-255,2902,103154,19,274146
28212,0.001093,172.31.36.0-255,66,103220,19,274146
28213,0.001119,74.125.24.0-255,5738,108958,19,274146
28214,0.001121,172.31.36.0-255,66,109024,19,274146
28215,0.001128,74.125.24.0-255,7156,116180,19,274146
28216,0.00113,172.31.36.0-255,66,116246,19,274146
28217,0.00116,74.125.24.0-255,8574,124820,19,274146
28218,0.001163,172.31.36.0-255,66,124886,19,274146
28219,0.001198,74.125.24.0-255,5738,130624,19,274146
28220,0.0012,172.31.36.0-255,66,130690,19,274146
28221,0.001204,74.125.24.0-255,2184,132874,19,274146
28222,0.001206,172.31.36.0-255,66,132940,19,274146
28223,0.001337,74.125.24.0-255,1484,134424,19,274146
28224,0.001342,74.125.24.0-255,2902,137326,19,274146
28225,0.001347,172.31.36.0-255,66,137392,19,274146
28226,0.00135,74.125.24.0-255,1484,138876,19,274146
28227,0.001374,74.125.24.0-255,4320,143196,19,274146
28228,0.001377,172.31.36.0-255,66,143262,19,274146
28229,0.001385,74.125.24.0-255,7156,150418,19,274146
28230,0.001387,172.31.36.0-255,66,150484,19,274146
28231,0.001411,74.125.24.0-255,2902,153386,19,274146
28232,0.001414,172.31.36.0-255,66,153452,19,274146
28233,0.001419,74.125.24.0-255,4320,157772,19,274146
28234,0.001422,172.31.36.0-255,66,157838,19,274146
28235,0.001457,74.125.24.0-255,9274,167112,19,274146
28236,0.001461,172.31.36.0-255,66,167178,19,274146
28237,0.001464,74.125.24.0-255,1484,168662,19,274146
28238,0.001488,74.125.24.0-255,2902,171564,19,274146
28239,0.001494,74.125.24.0-255,5738,177302,19,274146
28240,0.001535,172.31.36.0-255,66,177368,19,274146
28241,0.001538,172.31.36.0-255,66,177434,19,274146
28242,0.001567,172.31.36.0-255,66,177500,19,274146
28243,0.001573,74.125.24.0-255,5738,183238,19,274146
28244,0.001575,172.31.36.0-255,66,183304,19,274146
28245,0.00161,74.125.24.0-255,5020,188324,19,274146
28246,0.001614,74.125.24.0-255,2902,191226,19,274146
28247,0.001619,172.31.36.0-255,66,191292,19,274146
28248,0.001627,172.31.36.0-255,66,191358,19,274146
28249,0.001638,74.125.24.0-255,4320,195678,19,274146
28250,0.00164,172.31.36.0-255,66,195744,19,274146
28251,0.001649,74.125.24.0-255,8574,204318,19,274146
28252,0.001652,172.31.36.0-255,66,204384,19,274146
28253,0.001689,74.125.24.0-255,9992,214376,19,274146
28254,0.001692,172.31.36.0-255,66,214442,19,274146
28255,0.001724,74.125.24.0-255,5738,220180,19,274146
28256,0.001727,74.125.24.0-255,2184,222364,19,274146
28257,0.001732,172.31.36.0-255,66,222430,19,274146
28258,0.001736,172.31.36.0-255,66,222496,19,274146
28259,0.001839,74.125.24.0-255,1484,223980,19,274146
28260,0.001846,74.125.24.0-255,2902,226882,19,274146
28261,0.001849,172.31.36.0-255,66,226948,19,274146
28262,0.001876,74.125.24.0-255,5738,232686,19,274146
28263,0.00188,172.31.36.0-255,66,232752,19,274146
28264,0.001904,74.125.24.0-255,8574,241326,19,274146
28265,0.001906,172.31.36.0-255,66,241392,19,274146
28266,0.001933,74.125.24.0-255,1484,242876,19,274146
28267,0.001942,74.125.24.0-255,9992,252868,19,274146
28268,0.001945,172.31.36.0-255,66,252934,19,274146
28269,0.001973,74.125.24.0-255,3602,256536,19,274146
28270,0.001976,172.31.36.0-255,66,256602,19,274146
28271,0.003997,74.125.24.0-255,2902,259504,19,274146
28272,0.004004,172.31.36.0-255,66,259570,19,274146
28273,0.004031,74.125.24.0-255,2902,262472,19,274146
28274,0.004033,172.31.36.0-255,66,262538,19,274146
28275,0.006059,74.125.24.0-255,5738,268276,19,274146
28276,0.006067,172.31.36.0-255,66,268342,19,274146
28277,0.008087,74.125.24.0-255,5738,274080,19,274146
28278,0.008091,172.31.36.0-255,66,274146,19,274146
28279,0.0,74.125.130.0-255,153,153,19,233957
28280,3.6e-05,172.31.36.0-255,66,219,19,233957
28281,4.3e-05,74.125.130.0-255,1484,1703,19,233957
28282,4.8e-05,172.31.36.0-255,66,1769,19,233957
28283,5.3e-05,74.125.130.0-255,2902,4671,19,233957
28284,6.3e-05,172.31.36.0-255,66,4737,19,233957
28285,6.6e-05,74.125.130.0-255,1484,6221,19,233957
28286,6.8e-05,172.31.36.0-255,66,6287,19,233957
28287,7.3e-05,74.125.130.0-255,2902,9189,19,233957
28288,7.5e-05,172.31.36.0-255,66,9255,19,233957
28289,0.000125,74.125.130.0-255,4901,14156,19,233957
28290,0.000128,172.31.36.0-255,66,14222,19,233957
28291,0.000283,74.125.130.0-255,1484,15706,19,233957
28292,0.000287,172.31.36.0-255,66,15772,19,233957
28293,0.000293,74.125.130.0-255,2902,18674,19,233957
28294,0.000297,172.31.36.0-255,66,18740,19,233957
28295,0.00032,74.125.130.0-255,4320,23060,19,233957
28296,0.000324,172.31.36.0-255,66,23126,19,233957
28297,0.000366,74.125.130.0-255,8215,31341,19,233957
28298,0.00037,172.31.36.0-255,66,31407,19,233957
28299,0.000375,74.125.130.0-255,2902,34309,19,233957
28300,0.000378,172.31.36.0-255,66,34375,19,233957
28301,0.000411,74.125.130.0-255,5738,40113,19,233957
28302,0.000421,172.31.36.0-255,66,40179,19,233957
28303,0.000428,74.125.130.0-255,5738,45917,19,233957
28304,0.000431,172.31.36.0-255,66,45983,19,233957
28305,0.000461,74.125.130.0-255,2543,48526,19,233957
28306,0.000465,172.31.36.0-255,66,48592,19,233957
28307,0.000514,74.125.130.0-255,1484,50076,19,233957
28308,0.000518,172.31.36.0-255,66,50142,19,233957
28309,0.000549,74.125.130.0-255,2902,53044,19,233957
28310,0.000553,172.31.36.0-255,66,53110,19,233957
28311,0.00056,74.125.130.0-255,5738,58848,19,233957
28312,0.000562,172.31.36.0-255,66,58914,19,233957
28313,0.000575,74.125.130.0-255,4320,63234,19,233957
28314,0.000577,172.31.36.0-255,66,63300,19,233957
28315,0.000621,74.125.130.0-255,2832,66132,19,233957
28316,0.000625,172.31.36.0-255,66,66198,19,233957
28317,0.000662,74.125.130.0-255,366,66564,19,233957
28318,0.000795,74.125.130.0-255,1484,68048,19,233957
28319,0.000799,172.31.36.0-255,66,68114,19,233957
28320,0.000803,74.125.130.0-255,1484,69598,19,233957
28321,0.000825,74.125.130.0-255,1484,71082,19,233957
28322,0.000828,172.31.36.0-255,66,71148,19,233957
28323,0.000832,74.125.130.0-255,1484,72632,19,233957
28324,0.000836,74.125.130.0-255,2902,75534,19,233957
28325,0.000838,172.31.36.0-255,66,75600,19,233957
28326,0.000854,74.125.130.0-255,2902,78502,19,233957
28327,0.000858,172.31.36.0-255,66,78568,19,233957
28328,0.000887,74.125.130.0-255,2902,81470,19,233957
28329,0.000891,172.31.36.0-255,66,81536,19,233957
28330,0.000897,74.125.130.0-255,5379,86915,19,233957
28331,0.000899,172.31.36.0-255,66,86981,19,233957
28332,0.000911,74.125.130.0-255,5738,92719,19,233957
28333,0.000914,172.31.36.0-255,66,92785,19,233957
28334,0.000938,74.125.130.0-255,4320,97105,19,233957
28335,0.000941,172.31.36.0-255,66,97171,19,233957
28336,0.00097,74.125.130.0-255,3961,101132,19,233957
28337,0.000973,172.31.36.0-255,66,101198,19,233957
28338,0.001144,74.125.130.0-255,1484,102682,19,233957
28339,0.001168,74.125.130.0-255,2902,105584,19,233957
28340,0.001171,172.31.36.0-255,66,105650,19,233957
28341,0.001178,74.125.130.0-255,5738,111388,19,233957
28342,0.001179,172.31.36.0-255,101,111489,19,233957
28343,0.001183,172.31.36.0-255,66,111555,19,233957
28344,0.001204,74.125.130.0-255,2902,114457,19,233957
28345,0.001208,172.31.36.0-255,66,114523,19,233957
28346,0.001215,74.125.130.0-255,4320,118843,19,233957
28347,0.001218,172.31.36.0-255,66,118909,19,233957
28348,0.001226,74.125.130.0-255,8574,127483,19,233957
28349,0.001228,172.31.36.0-255,66,127549,19,233957
28350,0.001233,74.125.130.0-255,4320,131869,19,233957
28351,0.001236,172.31.36.0-255,66,131935,19,233957
28352,0.001289,74.125.130.0-255,3602,135537,19,233957
28353,0.001293,172.31.36.0-255,66,135603,19,233957
28354,0.001509,74.125.130.0-255,1484,137087,19,233957
28355,0.001532,74.125.130.0-255,2902,139989,19,233957
28356,0.001535,172.31.36.0-255,66,140055,19,233957
28357,0.001541,74.125.130.0-255,4320,144375,19,233957
28358,0.001543,172.31.36.0-255,66,144441,19,233957
28359,0.00159,74.125.130.0-255,2902,147343,19,233957
28360,0.001593,172.31.36.0-255,66,147409,19,233957
28361,0.001613,74.125.130.0-255,4320,151729,19,233957
28362,0.001615,172.31.36.0-255,66,151795,19,233957
28363,0.001653,74.125.130.0-255,8574,160369,19,233957
28364,0.001657,172.31.36.0-255,66,160435,19,233957
28365,0.001662,74.125.130.0-255,2902,163337,19,233957
28366,0.001664,172.31.36.0-255,66,163403,19,233957
28367,0.001711,74.125.130.0-255,6438,169841,19,233957
28368,0.001716,172.31.36.0-255,66,169907,19,233957
28369,0.001939,74.125.130.0-255,1484,171391,19,233957
28370,0.001946,74.125.130.0-255,2902,174293,19,233957
28371,0.00195,172.31.36.0-255,66,174359,19,233957
28372,0.001954,74.125.130.0-255,1484,175843,19,233957
28373,0.001979,74.125.130.0-255,4320,180163,19,233957
28374,0.00199,172.31.36.0-255,66,180229,19,233957
28375,0.002008,74.125.130.0-255,7156,187385,19,233957
28376,0.002017,172.31.36.0-255,66,187451,19,233957
28377,0.002045,74.125.130.0-255,2902,190353,19,233957
28378,0.002049,172.31.36.0-255,66,190419,19,233957
28379,0.002116,74.125.130.0-255,4320,194739,19,233957
28380,0.002123,172.31.36.0-255,66,194805,19,233957
28381,0.002155,74.125.130.0-255,4320,199125,19,233957
28382,0.00216,172.31.36.0-255,66,199191,19,233957
28383,0.002166,74.125.130.0-255,4320,203511,19,233957
28384,0.002168,172.31.36.0-255,66,203577,19,233957
28385,0.002177,74.125.130.0-255,766,204343,19,233957
28386,0.002579,74.125.130.0-255,1484,205827,19,233957
28387,0.002584,172.31.36.0-255,66,205893,19,233957
28388,0.002592,74.125.130.0-255,2902,208795,19,233957
28389,0.002594,172.31.36.0-255,66,208861,19,233957
28390,0.002616,74.125.130.0-255,5738,214599,19,233957
28391,0.002619,172.31.36.0-255,66,214665,19,233957
28392,0.00263,74.125.130.0-255,7156,221821,19,233957
28393,0.002632,172.31.36.0-255,66,221887,19,233957
28394,0.002672,172.31.36.0-255,66,221953,19,233957
28395,0.002675,74.125.130.0-255,1484,223437,19,233957
28396,0.00377,74.125.130.0-255,66,223503,19,233957
28397,0.005284,74.125.130.0-255,1484,224987,19,233957
28398,0.005288,172.31.36.0-255,66,225053,19,233957
28399,0.005317,74.125.130.0-255,2902,227955,19,233957
28400,0.00532,172.31.36.0-255,66,228021,19,233957
28401,0.007922,74.125.130.0-255,2902,230923,19,233957
28402,0.007932,172.31.36.0-255,66,230989,19,233957
28403,0.007966,74.125.130.0-255,2902,233891,19,233957
28404,0.007969,172.31.36.0-255,66,233957,19,233957
28405,0.0,74.125.24.0-255,156,156,19,340067
28406,3.5e-05,172.31.36.0-255,66,222,19,340067
28407,4.2e-05,74.125.24.0-255,1484,1706,19,340067
28408,4.6e-05,172.31.36.0-255,66,1772,19,340067
28409,5.1e-05,74.125.24.0-255,2902,4674,19,340067
28410,5.5e-05,172.31.36.0-255,66,4740,19,340067
28411,6e-05,74.125.24.0-255,4320,9060,19,340067
28412,6.4e-05,172.31.36.0-255,66,9126,19,340067
28413,7.3e-05,74.125.24.0-255,8574,17700,19,340067
28414,7.5e-05,172.31.36.0-255,66,17766,19,340067
28415,9.2e-05,74.125.24.0-255,648,18414,19,340067
28416,9.4e-05,172.31.36.0-255,66,18480,19,340067
28417,0.0001,74.125.24.0-255,4320,22800,19,340067
28418,0.000101,172.31.36.0-255,66,22866,19,340067
28419,0.00013,74.125.24.0-255,8215,31081,19,340067
28420,0.000134,172.31.36.0-255,66,31147,19,340067
28421,0.000137,74.125.24.0-255,1484,32631,19,340067
28422,0.000139,172.31.36.0-255,66,32697,19,340067
28423,0.000143,74.125.24.0-255,1484,34181,19,340067
28424,0.000145,172.31.36.0-255,66,34247,19,340067
28425,0.000174,74.125.24.0-255,1484,35731,19,340067
28426,0.000177,172.31.36.0-255,66,35797,19,340067
28427,0.000184,74.125.24.0-255,5738,41535,19,340067
28428,0.000187,172.31.36.0-255,66,41601,19,340067
28429,0.000191,74.125.24.0-255,2902,44503,19,340067
28430,0.000193,172.31.36.0-255,66,44569,19,340067
28431,0.000221,74.125.24.0-255,3961,48530,19,340067
28432,0.000224,172.31.36.0-255,66,48596,19,340067
28433,0.000645,74.125.24.0-255,1484,50080,19,340067
28434,0.000652,172.31.36.0-255,66,50146,19,340067
28435,0.000658,74.125.24.0-255,2902,53048,19,340067
28436,0.00066,172.31.36.0-255,66,53114,19,340067
28437,0.000667,74.125.24.0-255,5738,58852,19,340067
28438,0.00067,172.31.36.0-255,66,58918,19,340067
28439,0.000703,74.125.24.0-255,2902,61820,19,340067
28440,0.000707,172.31.36.0-255,66,61886,19,340067
28441,0.000729,74.125.24.0-255,3961,65847,19,340067
28442,0.000732,172.31.36.0-255,66,65913,19,340067
28443,0.000814,74.125.24.0-255,1484,67397,19,340067
28444,0.00082,74.125.24.0-255,2902,70299,19,340067
28445,0.000824,172.31.36.0-255,66,70365,19,340067
28446,0.000844,74.125.24.0-255,1484,71849,19,340067
28447,0.000865,74.125.24.0-255,2902,74751,19,340067
28448,0.000868,172.31.36.0-255,66,74817,19,340067
28449,0.000876,74.125.24.0-255,5738,80555,19,340067
28450,0.00088,172.31.36.0-255,66,80621,19,340067
28451,0.000917,172.31.36.0-255,66,80687,19,340067
28452,0.00092,74.125.24.0-255,1484,82171,19,340067
28453,0.000949,74.125.24.0-255,4541,86712,19,340067
28454,0.000953,74.125.24.0-255,1484,88196,19,340067
28455,0.000981,172.31.36.0-255,66,88262,19,340067
28456,0.000989,74.125.24.0-255,4320,92582,19,340067
28457,0.000992,172.31.36.0-255,66,92648,19,340067
28458,0.000995,74.125.24.0-255,2902,95550,19,340067
28459,0.000997,172.31.36.0-255,66,95616,19,340067
28460,0.001028,74.125.24.0-255,7652,103268,19,340067
28461,0.001032,172.31.36.0-255,66,103334,19,340067
28462,0.001074,74.125.24.0-255,1484,104818,19,340067
28463,0.001095,74.125.24.0-255,2902,107720,19,340067
28464,0.001098,172.31.36.0-255,66,107786,19,340067
28465,0.001103,74.125.24.0-255,4320,112106,19,340067
28466,0.001105,172.31.36.0-255,66,112172,19,340067
28467,0.001118,74.125.24.0-255,1484,113656,19,340067
28468,0.001133,74.125.24.0-255,4320,117976,19,340067
28469,0.001136,172.31.36.0-255,66,118042,19,340067
28470,0.001157,74.125.24.0-255,8574,126616,19,340067
28471,0.00116,172.31.36.0-255,66,126682,19,340067
28472,0.001164,74.125.24.0-255,2902,129584,19,340067
28473,0.001166,172.31.36.0-255,66,129650,19,340067
28474,0.001187,74.125.24.0-255,7156,136806,19,340067
28475,0.00119,172.31.36.0-255,66,136872,19,340067
28476,0.001193,74.125.24.0-255,766,137638,19,340067
28477,0.001564,74.125.24.0-255,1484,139122,19,340067
28478,0.001568,172.31.36.0-255,66,139188,19,340067
28479,0.001573,74.125.24.0-255,2902,142090,19,340067
28480,0.001576,172.31.36.0-255,66,142156,19,340067
28481,0.001591,74.125.24.0-255,4320,146476,19,340067
28482,0.001593,172.31.36.0-255,66,146542,19,340067
28483,0.001605,74.125.24.0-255,1484,148026,19,340067
28484,0.001642,74.125.24.0-255,7156,155182,19,340067
28485,0.001644,172.31.36.0-255,66,155248,19,340067
28486,0.001661,74.125.24.0-255,5738,160986,19,340067
28487,0.001663,172.31.36.0-255,66,161052,19,340067
28488,0.00167,74.125.24.0-255,7156,168208,19,340067
28489,0.001672,172.31.36.0-255,66,168274,19,340067
28490,0.001676,74.125.24.0-255,3602,171876,19,340067
28491,0.001678,172.31.36.0-255,66,171942,19,340067
28492,0.001795,74.125.24.0-255,1484,173426,19,340067
28493,0.001809,74.125.24.0-255,2902,176328,19,340067
28494,0.001812,172.31.36.0-255,66,176394,19,340067
28495,0.001817,74.125.24.0-255,2902,179296,19,340067
28496,0.001819,172.31.36.0-255,66,179362,19,340067
28497,0.001835,74.125.24.0-255,2902,182264,19,340067
28498,0.001837,172.31.36.0-255,66,182330,19,340067
28499,0.001844,74.125.24.0-255,5738,188068,19,340067
28500,0.001846,172.31.36.0-255,66,188134,19,340067
28501,0.001877,74.125.24.0-255,7156,195290,19,340067
28502,0.001879,172.31.36.0-255,66,195356,19,340067
28503,0.001889,74.125.24.0-255,10692,206048,19,340067
28504,0.001891,172.31.36.0-255,66,206114,19,340067
28505,0.00204,74.125.24.0-255,1484,207598,19,340067
28506,0.002045,74.125.24.0-255,2902,210500,19,340067
28507,0.002048,172.31.36.0-255,66,210566,19,340067
28508,0.002071,74.125.24.0-255,5738,216304,19,340067
28509,0.002074,172.31.36.0-255,66,216370,19,340067
28510,0.002078,74.125.24.0-255,2902,219272,19,340067
28511,0.00208,172.31.36.0-255,66,219338,19,340067
28512,0.002092,74.125.24.0-255,1484,220822,19,340067
28513,0.002095,74.125.24.0-255,1484,222306,19,340067
28514,0.002097,172.31.36.0-255,66,222372,19,340067
28515,0.002127,172.31.36.0-255,66,222438,19,340067
28516,0.002146,74.125.24.0-255,1484,223922,19,340067
28517,0.002156,74.125.24.0-255,3602,227524,19,340067
28518,0.002158,172.31.36.0-255,66,227590,19,340067
28519,0.00219,74.125.24.0-255,1484,229074,19,340067
28520,0.002193,74.125.24.0-255,1484,230558,19,340067
28521,0.002195,172.31.36.0-255,66,230624,19,340067
28522,0.002212,74.125.24.0-255,1484,232108,19,340067
28523,0.002219,74.125.24.0-255,5738,237846,19,340067
28524,0.002221,172.31.36.0-255,66,237912,19,340067
28525,0.002227,74.125.24.0-255,5738,243650,19,340067
28526,0.00223,172.31.36.0-255,66,243716,19,340067
28527,0.002249,74.125.24.0-255,5738,249454,19,340067
28528,0.002252,172.31.36.0-255,66,249520,19,340067
28529,0.00228,74.125.24.0-255,7156,256676,19,340067
28530,0.002283,172.31.36.0-255,66,256742,19,340067
28531,0.002291,74.125.24.0-255,9992,266734,19,340067
28532,0.002293,172.31.36.0-255,66,266800,19,340067
28533,0.002314,74.125.24.0-255,7856,274656,19,340067
28534,0.002318,172.31.36.0-255,66,274722,19,340067
28535,0.00233,172.31.36.0-255,66,274788,19,340067
28536,0.002352,74.125.24.0-255,5738,280526,19,340067
28537,0.002355,172.31.36.0-255,66,280592,19,340067
28538,0.002363,74.125.24.0-255,9274,289866,19,340067
28539,0.002365,172.31.36.0-255,66,289932,19,340067
28540,0.002369,74.125.24.0-255,2902,292834,19,340067
28541,0.002371,172.31.36.0-255,66,292900,19,340067
28542,0.002387,74.125.24.0-255,7156,300056,19,340067
28543,0.002389,172.31.36.0-255,66,300122,19,340067
28544,0.002395,74.125.24.0-255,5738,305860,19,340067
28545,0.002398,172.31.36.0-255,66,305926,19,340067
28546,0.002434,74.125.24.0-255,10692,316618,19,340067
28547,0.002438,172.31.36.0-255,66,316684,19,340067
28548,0.002443,74.125.24.0-255,5738,322422,19,340067
28549,0.002445,172.31.36.0-255,66,322488,19,340067
28550,0.003469,172.31.36.0-255,101,322589,19,340067
28551,0.004773,74.125.24.0-255,5738,328327,19,340067
28552,0.004779,172.31.36.0-255,66,328393,19,340067
28553,0.005814,74.125.24.0-255,66,328459,19,340067
28554,0.007124,74.125.24.0-255,5738,334197,19,340067
28555,0.007132,172.31.36.0-255,66,334263,19,340067
28556,0.009462,74.125.24.0-255,5738,340001,19,340067
28557,0.00947,172.31.36.0-255,66,340067,19,340067
28558,0.0,74.125.68.0-255,146,146,19,377564
28559,1.3e-05,172.31.36.0-255,66,212,19,377564
28560,2e-05,74.125.68.0-255,1484,1696,19,377564
28561,2.5e-05,172.31.36.0-255,66,1762,19,377564
28562,4.2e-05,74.125.68.0-255,2902,4664,19,377564
28563,4.5e-05,172.31.36.0-255,66,4730,19,377564
28564,5.1e-05,74.125.68.0-255,2902,7632,19,377564
28565,5.3e-05,172.31.36.0-255,66,7698,19,377564
28566,5.9e-05,74.125.68.0-255,4320,12018,19,377564
28567,6.2e-05,172.31.36.0-255,66,12084,19,377564
28568,0.000102,74.125.68.0-255,1484,13568,19,377564
28569,0.000104,172.31.36.0-255,66,13634,19,377564
28570,0.000124,74.125.68.0-255,7673,21307,19,377564
28571,0.000127,172.31.36.0-255,66,21373,19,377564
28572,0.000136,74.125.68.0-255,9633,31006,19,377564
28573,0.000138,172.31.36.0-255,66,31072,19,377564
28574,0.000251,74.125.68.0-255,1484,32556,19,377564
28575,0.000255,172.31.36.0-255,66,32622,19,377564
28576,0.000261,74.125.68.0-255,2902,35524,19,377564
28577,0.000264,172.31.36.0-255,66,35590,19,377564
28578,0.000308,74.125.68.0-255,5738,41328,19,377564
28579,0.000312,172.31.36.0-255,66,41394,19,377564
28580,0.000318,74.125.68.0-255,5738,47132,19,377564
28581,0.00032,172.31.36.0-255,66,47198,19,377564
28582,0.000323,74.125.68.0-255,1484,48682,19,377564
28583,0.000326,172.31.36.0-255,66,48748,19,377564
28584,0.000354,74.125.68.0-255,5379,54127,19,377564
28585,0.000357,172.31.36.0-255,66,54193,19,377564
28586,0.000367,74.125.68.0-255,9992,64185,19,377564
28587,0.00037,172.31.36.0-255,66,64251,19,377564
28588,0.000402,74.125.68.0-255,1468,65719,19,377564
28589,0.000405,172.31.36.0-255,66,65785,19,377564
28590,0.000529,74.125.68.0-255,1484,67269,19,377564
28591,0.000536,74.125.68.0-255,2902,70171,19,377564
28592,0.000558,74.125.68.0-255,2902,73073,19,377564
28593,0.000565,74.125.68.0-255,4320,77393,19,377564
28594,0.000619,74.125.68.0-255,9633,87026,19,377564
28595,0.000624,74.125.68.0-255,4320,91346,19,377564
28596,0.000663,74.125.68.0-255,5738,97084,19,377564
28597,0.000682,74.125.68.0-255,2800,99884,19,377564
28598,0.000721,74.125.68.0-255,1484,101368,19,377564
28599,0.000734,74.125.68.0-255,2902,104270,19,377564
28600,0.000746,74.125.68.0-255,1484,105754,19,377564
28601,0.00077,74.125.68.0-255,4320,110074,19,377564
28602,0.000775,74.125.68.0-255,4320,114394,19,377564
28603,0.00079,74.125.68.0-255,2902,117296,19,377564
28604,0.000804,172.31.36.0-255,66,117362,19,377564
28605,0.000811,74.125.68.0-255,4320,121682,19,377564
28606,0.000816,172.31.36.0-255,66,121748,19,377564
28607,0.000833,74.125.68.0-255,9992,131740,19,377564
28608,0.000837,74.125.68.0-255,2184,133924,19,377564
28609,0.000873,74.125.68.0-255,1484,135408,19,377564
28610,0.000877,74.125.68.0-255,2902,138310,19,377564
28611,0.000881,172.31.36.0-255,66,138376,19,377564
28612,0.000887,172.31.36.0-255,66,138442,19,377564
28613,0.000905,74.125.68.0-255,5738,144180,19,377564
28614,0.000923,74.125.68.0-255,5738,149918,19,377564
28615,0.000938,74.125.68.0-255,1484,151402,19,377564
28616,0.000942,172.31.36.0-255,66,151468,19,377564
28617,0.000954,74.125.68.0-255,5738,157206,19,377564
28618,0.000959,172.31.36.0-255,66,157272,19,377564
28619,0.000983,74.125.68.0-255,7156,164428,19,377564
28620,0.001,172.31.36.0-255,66,164494,19,377564
28621,0.001018,74.125.68.0-255,1484,165978,19,377564
28622,0.001034,74.125.68.0-255,2184,168162,19,377564
28623,0.001048,172.31.36.0-255,66,168228,19,377564
28624,0.001117,74.125.68.0-255,1484,169712,19,377564
28625,0.001135,74.125.68.0-255,2902,172614,19,377564
28626,0.001152,74.125.68.0-255,5738,178352,19,377564
28627,0.001156,172.31.36.0-255,66,178418,19,377564
28628,0.001162,172.31.36.0-255,66,178484,19,377564
28629,0.001171,74.125.68.0-255,2902,181386,19,377564
28630,0.00119,74.125.68.0-255,4320,185706,19,377564
28631,0.001195,74.125.68.0-255,4320,190026,19,377564
28632,0.001211,74.125.68.0-255,4320,194346,19,377564
28633,0.00122,172.31.36.0-255,66,194412,19,377564
28634,0.001232,74.125.68.0-255,7856,202268,19,377564
28635,0.001238,172.31.36.0-255,66,202334,19,377564
28636,0.001367,74.125.68.0-255,1484,203818,19,377564
28637,0.001371,74.125.68.0-255,1484,205302,19,377564
28638,0.001382,74.125.68.0-255,1484,206786,19,377564
28639,0.001388,172.31.36.0-255,66,206852,19,377564
28640,0.001401,74.125.68.0-255,5738,212590,19,377564
28641,0.001425,74.125.68.0-255,2902,215492,19,377564
28642,0.001447,74.125.68.0-255,8574,224066,19,377564
28643,0.001451,172.31.36.0-255,66,224132,19,377564
28644,0.001458,74.125.68.0-255,1484,225616,19,377564
28645,0.001464,172.31.36.0-255,66,225682,19,377564
28646,0.001476,74.125.68.0-255,7156,232838,19,377564
28647,0.001491,74.125.68.0-255,3602,236440,19,377564
28648,0.001506,172.31.36.0-255,66,236506,19,377564
28649,0.001605,74.125.68.0-255,1484,237990,19,377564
28650,0.001611,74.125.68.0-255,2902,240892,19,377564
28651,0.001616,172.31.36.0-255,66,240958,19,377564
28652,0.001637,74.125.68.0-255,5738,246696,19,377564
28653,0.001645,172.31.36.0-255,66,246762,19,377564
28654,0.001666,74.125.68.0-255,7156,253918,19,377564
28655,0.001722,74.125.68.0-255,7156,261074,19,377564
28656,0.001731,172.31.36.0-255,66,261140,19,377564
28657,0.001748,74.125.68.0-255,5738,266878,19,377564
28658,0.001802,74.125.68.0-255,7156,274034,19,377564
28659,0.001805,172.31.36.0-255,66,274100,19,377564
28660,0.001817,172.31.36.0-255,66,274166,19,377564
28661,0.00184,74.125.68.0-255,5738,279904,19,377564
28662,0.001851,172.31.36.0-255,66,279970,19,377564
28663,0.001867,74.125.68.0-255,7856,287826,19,377564
28664,0.001876,74.125.68.0-255,8574,296400,19,377564
28665,0.001899,74.125.68.0-255,5738,302138,19,377564
28666,0.001906,74.125.68.0-255,5738,307876,19,377564
28667,0.001914,172.31.36.0-255,66,307942,19,377564
28668,0.00195,74.125.68.0-255,8574,316516,19,377564
28669,0.001958,172.31.36.0-255,66,316582,19,377564
28670,0.001967,74.125.68.0-255,2184,318766,19,377564
28671,0.001977,74.125.68.0-255,9992,328758,19,377564
28672,0.001982,172.31.36.0-255,66,328824,19,377564
28673,0.002003,74.125.68.0-255,1484,330308,19,377564
28674,0.00201,74.125.68.0-255,7156,337464,19,377564
28675,0.002013,74.125.68.0-255,1484,338948,19,377564
28676,0.00202,172.31.36.0-255,66,339014,19,377564
28677,0.002041,74.125.68.0-255,6438,345452,19,377564
28678,0.002047,74.125.68.0-255,5738,351190,19,377564
28679,0.00205,74.125.68.0-255,1484,352674,19,377564
28680,0.00206,172.31.36.0-255,66,352740,19,377564
28681,0.002072,74.125.68.0-255,5738,358478,19,377564
28682,0.002078,172.31.36.0-255,66,358544,19,377564
28683,0.002089,74.125.68.0-255,5738,364282,19,377564
28684,0.002106,74.125.68.0-255,5738,370020,19,377564
28685,0.002117,172.31.36.0-255,66,370086,19,377564
28686,0.002135,74.125.68.0-255,2902,372988,19,377564
28687,0.002143,172.31.36.0-255,66,373054,19,377564
28688,0.002159,74.125.68.0-255,4339,377393,19,377564
28689,0.002184,172.31.36.0-255,66,377459,19,377564
28690,0.002201,74.125.68.0-255,105,377564,19,377564
28691,0.0,74.125.24.0-255,298,298,19,135913
28692,3.5e-05,172.31.36.0-255,66,364,19,135913
28693,4.1e-05,74.125.24.0-255,1484,1848,19,135913
28694,4.5e-05,172.31.36.0-255,66,1914,19,135913
28695,5e-05,74.125.24.0-255,4320,6234,19,135913
28696,5.3e-05,172.31.36.0-255,66,6300,19,135913
28697,9.6e-05,74.125.24.0-255,2902,9202,19,135913
28698,0.0001,172.31.36.0-255,66,9268,19,135913
28699,0.000119,74.125.24.0-255,4588,13856,19,135913
28700,0.000122,172.31.36.0-255,66,13922,19,135913
28701,0.000139,74.125.24.0-255,1484,15406,19,135913
28702,0.000141,172.31.36.0-255,66,15472,19,135913
28703,0.000146,74.125.24.0-255,2902,18374,19,135913
28704,0.000148,172.31.36.0-255,66,18440,19,135913
28705,0.000154,74.125.24.0-255,5738,24178,19,135913
28706,0.000158,172.31.36.0-255,66,24244,19,135913
28707,0.000163,74.125.24.0-255,4320,28564,19,135913
28708,0.000165,172.31.36.0-255,66,28630,19,135913
28709,0.000189,74.125.24.0-255,2543,31173,19,135913
28710,0.000191,172.31.36.0-255,66,31239,19,135913
28711,0.000404,74.125.24.0-255,1484,32723,19,135913
28712,0.000409,172.31.36.0-255,66,32789,19,135913
28713,0.000414,74.125.24.0-255,2902,35691,19,135913
28714,0.000417,172.31.36.0-255,66,35757,19,135913
28715,0.00042,74.125.24.0-255,1484,37241,19,135913
28716,0.000422,172.31.36.0-255,66,37307,19,135913
28717,0.000448,74.125.24.0-255,4320,41627,19,135913
28718,0.000452,172.31.36.0-255,66,41693,19,135913
28719,0.000457,74.125.24.0-255,2902,44595,19,135913
28720,0.00046,172.31.36.0-255,66,44661,19,135913
28721,0.000501,172.31.36.0-255,66,44727,19,135913
28722,0.000509,74.125.24.0-255,7156,51883,19,135913
28723,0.000511,172.31.36.0-255,66,51949,19,135913
28724,0.000526,74.125.24.0-255,2543,54492,19,135913
28725,0.000529,172.31.36.0-255,66,54558,19,135913
28726,0.000618,74.125.24.0-255,410,54968,19,135913
28727,0.000724,74.125.24.0-255,333,55301,19,135913
28728,0.00077,172.31.36.0-255,66,55367,19,135913
28729,0.001199,74.125.24.0-255,1484,56851,19,135913
28730,0.001211,74.125.24.0-255,2902,59753,19,135913
28731,0.001216,172.31.36.0-255,66,59819,19,135913
28732,0.001223,74.125.24.0-255,5738,65557,19,135913
28733,0.001226,172.31.36.0-255,66,65623,19,135913
28734,0.001233,74.125.24.0-255,7156,72779,19,135913
28735,0.001235,172.31.36.0-255,66,72845,19,135913
28736,0.00129,172.31.36.0-255,66,72911,19,135913
28737,0.001294,74.125.24.0-255,2184,75095,19,135913
28738,0.001296,172.31.36.0-255,66,75161,19,135913
28739,0.001686,74.125.24.0-255,1484,76645,19,135913
28740,0.001693,74.125.24.0-255,2902,79547,19,135913
28741,0.001698,172.31.36.0-255,66,79613,19,135913
28742,0.001719,74.125.24.0-255,5738,85351,19,135913
28743,0.001721,172.31.36.0-255,66,85417,19,135913
28744,0.001728,74.125.24.0-255,5738,91155,19,135913
28745,0.001731,172.31.36.0-255,66,91221,19,135913
28746,0.001784,172.31.36.0-255,66,91287,19,135913
28747,0.001789,74.125.24.0-255,4320,95607,19,135913
28748,0.001791,172.31.36.0-255,66,95673,19,135913
28749,0.001813,74.125.24.0-255,766,96439,19,135913
28750,0.002342,74.125.24.0-255,1484,97923,19,135913
28751,0.002344,172.31.36.0-255,66,97989,19,135913
28752,0.00236,74.125.24.0-255,2902,100891,19,135913
28753,0.002362,172.31.36.0-255,66,100957,19,135913
28754,0.002367,74.125.24.0-255,2902,103859,19,135913
28755,0.002369,172.31.36.0-255,66,103925,19,135913
28756,0.002393,74.125.24.0-255,2902,106827,19,135913
28757,0.002395,172.31.36.0-255,66,106893,19,135913
28758,0.002404,74.125.24.0-255,9992,116885,19,135913
28759,0.002407,172.31.36.0-255,66,116951,19,135913
28760,0.002409,74.125.24.0-255,1484,118435,19,135913
28761,0.002452,172.31.36.0-255,66,118501,19,135913
28762,0.004866,74.125.24.0-255,5738,124239,19,135913
28763,0.004869,172.31.36.0-255,66,124305,19,135913
28764,0.007252,74.125.24.0-255,5738,130043,19,135913
28765,0.007259,172.31.36.0-255,66,130109,19,135913
28766,0.009642,74.125.24.0-255,5738,135847,19,135913
28767,0.009651,172.31.36.0-255,66,135913,19,135913
28768,0.0,172.217.194.0-255,150,150,19,90312
28769,3.5e-05,172.31.36.0-255,66,216,19,90312
28770,4.2e-05,172.217.194.0-255,1484,1700,19,90312
28771,4.6e-05,172.31.36.0-255,66,1766,19,90312
28772,5.1e-05,172.217.194.0-255,2902,4668,19,90312
28773,6.2e-05,172.31.36.0-255,66,4734,19,90312
28774,6.9e-05,172.217.194.0-255,7156,11890,19,90312
28775,7.1e-05,172.31.36.0-255,66,11956,19,90312
28776,7.5e-05,172.217.194.0-255,2002,13958,19,90312
28777,7.8e-05,172.31.36.0-255,66,14024,19,90312
28778,0.000126,172.217.194.0-255,9992,24016,19,90312
28779,0.00013,172.31.36.0-255,66,24082,19,90312
28780,0.000166,172.217.194.0-255,6797,30879,19,90312
28781,0.00017,172.31.36.0-255,66,30945,19,90312
28782,0.000314,172.217.194.0-255,1484,32429,19,90312
28783,0.000319,172.31.36.0-255,66,32495,19,90312
28784,0.000325,172.217.194.0-255,2902,35397,19,90312
28785,0.000327,172.31.36.0-255,66,35463,19,90312
28786,0.00034,172.217.194.0-255,5738,41201,19,90312
28787,0.000344,172.31.36.0-255,66,41267,19,90312
28788,0.000394,172.31.36.0-255,66,41333,19,90312
28789,0.0004,172.217.194.0-255,5738,47071,19,90312
28790,0.000403,172.31.36.0-255,66,47137,19,90312
28791,0.000427,172.217.194.0-255,4253,51390,19,90312
28792,0.00043,172.31.36.0-255,66,51456,19,90312
28793,0.001417,172.217.194.0-255,364,51820,19,90312
28794,0.001426,172.31.36.0-255,66,51886,19,90312
28795,0.001949,172.217.194.0-255,1484,53370,19,90312
28796,0.001955,172.31.36.0-255,66,53436,19,90312
28797,0.001963,172.217.194.0-255,2902,56338,19,90312
28798,0.001966,172.31.36.0-255,66,56404,19,90312
28799,0.001978,172.217.194.0-255,5738,62142,19,90312
28800,0.00205,172.217.194.0-255,10692,72834,19,90312
28801,0.002071,172.31.36.0-255,66,72900,19,90312
28802,0.004299,172.217.194.0-255,5738,78638,19,90312
28803,0.004312,172.31.36.0-255,66,78704,19,90312
28804,0.006547,172.217.194.0-255,5738,84442,19,90312
28805,0.006562,172.31.36.0-255,66,84508,19,90312
28806,0.008754,172.217.194.0-255,5738,90246,19,90312
28807,0.008781,172.31.36.0-255,66,90312,19,90312
28808,0.0,172.217.194.0-255,143,143,19,187796
28809,3.4e-05,172.31.36.0-255,66,209,19,187796
28810,4.1e-05,172.217.194.0-255,1484,1693,19,187796
28811,4.5e-05,172.31.36.0-255,66,1759,19,187796
28812,6e-05,172.217.194.0-255,2902,4661,19,187796
28813,6.4e-05,172.31.36.0-255,66,4727,19,187796
28814,8.9e-05,172.217.194.0-255,5738,10465,19,187796
28815,9.2e-05,172.31.36.0-255,66,10531,19,187796
28816,0.000123,172.217.194.0-255,1484,12015,19,187796
28817,0.000126,172.31.36.0-255,66,12081,19,187796
28818,0.000135,172.217.194.0-255,7738,19819,19,187796
28819,0.000138,172.31.36.0-255,66,19885,19,187796
28820,0.000149,172.217.194.0-255,5738,25623,19,187796
28821,0.000151,172.31.36.0-255,66,25689,19,187796
28822,0.000204,172.217.194.0-255,5379,31068,19,187796
28823,0.000207,172.31.36.0-255,66,31134,19,187796
28824,0.000283,172.217.194.0-255,1484,32618,19,187796
28825,0.000288,172.31.36.0-255,66,32684,19,187796
28826,0.000335,172.217.194.0-255,2902,35586,19,187796
28827,0.000339,172.31.36.0-255,66,35652,19,187796
28828,0.000344,172.217.194.0-255,2902,38554,19,187796
28829,0.000347,172.31.36.0-255,66,38620,19,187796
28830,0.00037,172.217.194.0-255,1484,40104,19,187796
28831,0.000375,172.31.36.0-255,66,40170,19,187796
28832,0.000389,172.217.194.0-255,8574,48744,19,187796
28833,0.000392,172.31.36.0-255,66,48810,19,187796
28834,0.000401,172.217.194.0-255,8574,57384,19,187796
28835,0.000404,172.31.36.0-255,66,57450,19,187796
28836,0.000455,172.217.194.0-255,4320,61770,19,187796
28837,0.00046,172.31.36.0-255,66,61836,19,187796
28838,0.000485,172.217.194.0-255,3602,65438,19,187796
28839,0.000492,172.31.36.0-255,66,65504,19,187796
28840,0.000498,172.217.194.0-255,376,65880,19,187796
28841,0.00052,172.217.194.0-255,100,65980,19,187796
28842,0.000746,172.217.194.0-255,1484,67464,19,187796
28843,0.000752,172.31.36.0-255,66,67530,19,187796
28844,0.000786,172.217.194.0-255,2902,70432,19,187796
28845,0.00079,172.31.36.0-255,66,70498,19,187796
28846,0.000797,172.217.194.0-255,5738,76236,19,187796
28847,0.0008,172.31.36.0-255,66,76302,19,187796
28848,0.000806,172.217.194.0-255,4320,80622,19,187796
28849,0.000813,172.31.36.0-255,66,80688,19,187796
28850,0.000838,172.217.194.0-255,2902,83590,19,187796
28851,0.000845,172.31.36.0-255,66,83656,19,187796
28852,0.000859,172.31.36.0-255,66,83722,19,187796
28853,0.000864,172.217.194.0-255,2184,85906,19,187796
28854,0.000866,172.31.36.0-255,66,85972,19,187796
28855,0.000933,172.217.194.0-255,1484,87456,19,187796
28856,0.000947,172.217.194.0-255,2902,90358,19,187796
28857,0.000951,172.31.36.0-255,66,90424,19,187796
28858,0.000958,172.217.194.0-255,5738,96162,19,187796
28859,0.00096,172.31.36.0-255,66,96228,19,187796
28860,0.000964,172.217.194.0-255,2902,99130,19,187796
28861,0.000972,172.31.36.0-255,66,99196,19,187796
28862,0.001011,172.217.194.0-255,7156,106352,19,187796
28863,0.001016,172.31.36.0-255,66,106418,19,187796
28864,0.001019,172.217.194.0-255,1484,107902,19,187796
28865,0.001066,172.31.36.0-255,66,107968,19,187796
28866,0.001349,172.217.194.0-255,1484,109452,19,187796
28867,0.001356,172.217.194.0-255,2902,112354,19,187796
28868,0.001359,172.31.36.0-255,66,112420,19,187796
28869,0.001394,172.217.194.0-255,2902,115322,19,187796
28870,0.001398,172.31.36.0-255,66,115388,19,187796
28871,0.001405,172.217.194.0-255,7156,122544,19,187796
28872,0.001408,172.31.36.0-255,66,122610,19,187796
28873,0.001446,172.31.36.0-255,66,122676,19,187796
28874,0.001476,172.217.194.0-255,4320,126996,19,187796
28875,0.00148,172.31.36.0-255,66,127062,19,187796
28876,0.001508,172.217.194.0-255,3602,130664,19,187796
28877,0.001513,172.31.36.0-255,66,130730,19,187796
28878,0.001516,172.217.194.0-255,1484,132214,19,187796
28879,0.001539,172.217.194.0-255,2902,135116,19,187796
28880,0.001543,172.31.36.0-255,66,135182,19,187796
28881,0.001549,172.217.194.0-255,4320,139502,19,187796
28882,0.001551,172.31.36.0-255,66,139568,19,187796
28883,0.001586,172.217.194.0-255,1484,141052,19,187796
28884,0.001597,172.217.194.0-255,9992,151044,19,187796
28885,0.0016,172.31.36.0-255,66,151110,19,187796
28886,0.001629,172.217.194.0-255,2902,154012,19,187796
28887,0.001632,172.31.36.0-255,66,154078,19,187796
28888,0.001673,172.217.194.0-255,10692,164770,19,187796
28889,0.001678,172.31.36.0-255,66,164836,19,187796
28890,0.00169,172.31.36.0-255,66,164902,19,187796
28891,0.001707,172.217.194.0-255,2902,167804,19,187796
28892,0.001709,172.31.36.0-255,66,167870,19,187796
28893,0.001721,172.31.36.0-255,66,167936,19,187796
28894,0.001724,172.217.194.0-255,2902,170838,19,187796
28895,0.001729,172.31.36.0-255,66,170904,19,187796
28896,0.001759,172.217.194.0-255,766,171670,19,187796
28897,0.00257,172.31.36.0-255,66,171736,19,187796
28898,0.003978,172.217.194.0-255,4320,176056,19,187796
28899,0.003985,172.31.36.0-255,66,176122,19,187796
28900,0.004831,172.217.194.0-255,1484,177606,19,187796
28901,0.006271,172.217.194.0-255,4320,181926,19,187796
28902,0.006277,172.31.36.0-255,66,181992,19,187796
28903,0.008538,172.217.194.0-255,5738,187730,19,187796
28904,0.008546,172.31.36.0-255,66,187796,19,187796
28905,0.0,74.125.24.0-255,153,153,19,302744
28906,2.1e-05,172.31.36.0-255,66,219,19,302744
28907,2.9e-05,74.125.24.0-255,1484,1703,19,302744
28908,3.3e-05,172.31.36.0-255,66,1769,19,302744
28909,3.8e-05,74.125.24.0-255,2902,4671,19,302744
28910,4.1e-05,172.31.36.0-255,66,4737,19,302744
28911,5.5e-05,74.125.24.0-255,7156,11893,19,302744
28912,5.7e-05,172.31.36.0-255,66,11959,19,302744
28913,7.3e-05,74.125.24.0-255,2043,14002,19,302744
28914,7.5e-05,172.31.36.0-255,66,14068,19,302744
28915,0.000156,74.125.24.0-255,1484,15552,19,302744
28916,0.000158,172.31.36.0-255,66,15618,19,302744
28917,0.000163,74.125.24.0-255,2902,18520,19,302744
28918,0.000165,172.31.36.0-255,66,18586,19,302744
28919,0.000168,74.125.24.0-255,1484,20070,19,302744
28920,0.000169,172.31.36.0-255,66,20136,19,302744
28921,0.000223,74.125.24.0-255,4320,24456,19,302744
28922,0.000226,172.31.36.0-255,66,24522,19,302744
28923,0.000238,172.31.36.0-255,66,24588,19,302744
28924,0.000247,74.125.24.0-255,9992,34580,19,302744
28925,0.000251,172.31.36.0-255,66,34646,19,302744
28926,0.000289,172.31.36.0-255,66,34712,19,302744
28927,0.000296,74.125.24.0-255,6438,41150,19,302744
28928,0.000298,172.31.36.0-255,66,41216,19,302744
28929,0.000325,74.125.24.0-255,399,41615,19,302744
28930,0.000327,172.31.36.0-255,66,41681,19,302744
28931,0.000356,74.125.24.0-255,379,42060,19,302744
28932,0.000358,172.31.36.0-255,66,42126,19,302744
28933,0.000504,74.125.24.0-255,1484,43610,19,302744
28934,0.000508,172.31.36.0-255,66,43676,19,302744
28935,0.000514,74.125.24.0-255,2902,46578,19,302744
28936,0.000515,172.31.36.0-255,66,46644,19,302744
28937,0.00052,74.125.24.0-255,4320,50964,19,302744
28938,0.000527,172.31.36.0-255,66,51030,19,302744
28939,0.000554,74.125.24.0-255,1484,52514,19,302744
28940,0.000561,74.125.24.0-255,4320,56834,19,302744
28941,0.000563,172.31.36.0-255,66,56900,19,302744
28942,0.000575,172.31.36.0-255,66,56966,19,302744
28943,0.00061,74.125.24.0-255,7856,64822,19,302744
28944,0.000613,172.31.36.0-255,66,64888,19,302744
28945,0.000769,74.125.24.0-255,1484,66372,19,302744
28946,0.000775,74.125.24.0-255,2902,69274,19,302744
28947,0.000777,172.31.36.0-255,66,69340,19,302744
28948,0.000781,74.125.24.0-255,1484,70824,19,302744
28949,0.000808,74.125.24.0-255,4320,75144,19,302744
28950,0.000817,74.125.24.0-255,9992,85136,19,302744
28951,0.000821,172.31.36.0-255,66,85202,19,302744
28952,0.000823,172.31.36.0-255,66,85268,19,302744
28953,0.000841,74.125.24.0-255,2902,88170,19,302744
28954,0.000844,172.31.36.0-255,66,88236,19,302744
28955,0.000868,74.125.24.0-255,10692,98928,19,302744
28956,0.00089,172.31.36.0-255,66,98994,19,302744
28957,0.001125,74.125.24.0-255,1484,100478,19,302744
28958,0.001128,74.125.24.0-255,1484,101962,19,302744
28959,0.001133,172.31.36.0-255,66,102028,19,302744
28960,0.001151,74.125.24.0-255,1484,103512,19,302744
28961,0.001157,74.125.24.0-255,5738,109250,19,302744
28962,0.001159,172.31.36.0-255,66,109316,19,302744
28963,0.001166,74.125.24.0-255,4320,113636,19,302744
28964,0.001168,172.31.36.0-255,66,113702,19,302744
28965,0.001202,74.125.24.0-255,8574,122276,19,302744
28966,0.001213,74.125.24.0-255,10692,132968,19,302744
28967,0.001264,172.31.36.0-255,66,133034,19,302744
28968,0.001343,74.125.24.0-255,1484,134518,19,302744
28969,0.001348,74.125.24.0-255,2902,137420,19,302744
28970,0.001351,172.31.36.0-255,66,137486,19,302744
28971,0.001356,74.125.24.0-255,4320,141806,19,302744
28972,0.001358,172.31.36.0-255,66,141872,19,302744
28973,0.001375,74.125.24.0-255,1484,143356,19,302744
28974,0.00138,74.125.24.0-255,4320,147676,19,302744
28975,0.001385,172.31.36.0-255,66,147742,19,302744
28976,0.001413,74.125.24.0-255,8574,156316,19,302744
28977,0.00142,74.125.24.0-255,7156,163472,19,302744
28978,0.001453,74.125.24.0-255,3602,167074,19,302744
28979,0.001472,172.31.36.0-255,66,167140,19,302744
28980,0.001495,74.125.24.0-255,1484,168624,19,302744
28981,0.0015,74.125.24.0-255,2902,171526,19,302744
28982,0.001503,74.125.24.0-255,1484,173010,19,302744
28983,0.001508,172.31.36.0-255,66,173076,19,302744
28984,0.001531,74.125.24.0-255,4320,177396,19,302744
28985,0.001541,74.125.24.0-255,9992,187388,19,302744
28986,0.001551,172.31.36.0-255,66,187454,19,302744
28987,0.001571,74.125.24.0-255,2902,190356,19,302744
28988,0.00158,74.125.24.0-255,9992,200348,19,302744
28989,0.001583,74.125.24.0-255,766,201114,19,302744
28990,0.001602,172.31.36.0-255,66,201180,19,302744
28991,0.001651,74.125.24.0-255,1484,202664,19,302744
28992,0.001656,74.125.24.0-255,2902,205566,19,302744
28993,0.001675,74.125.24.0-255,5738,211304,19,302744
28994,0.00168,172.31.36.0-255,66,211370,19,302744
28995,0.001736,74.125.24.0-255,7156,218526,19,302744
28996,0.001752,74.125.24.0-255,3602,222128,19,302744
28997,0.001771,172.31.36.0-255,66,222194,19,302744
28998,0.001811,74.125.24.0-255,1484,223678,19,302744
28999,0.001816,74.125.24.0-255,2902,226580,19,302744
29000,0.001823,172.31.36.0-255,66,226646,19,302744
29001,0.001843,74.125.24.0-255,5738,232384,19,302744
29002,0.001863,74.125.24.0-255,8574,240958,19,302744
29003,0.001868,74.125.24.0-255,4320,245278,19,302744
29004,0.001882,172.31.36.0-255,66,245344,19,302744
29005,0.001889,74.125.24.0-255,5738,251082,19,302744
29006,0.001891,74.125.24.0-255,1484,252566,19,302744
29007,0.001908,74.125.24.0-255,3602,256168,19,302744
29008,0.001913,172.31.36.0-255,66,256234,19,302744
29009,0.001953,74.125.24.0-255,1484,257718,19,302744
29010,0.001959,74.125.24.0-255,2902,260620,19,302744
29011,0.001971,172.31.36.0-255,66,260686,19,302744
29012,0.001983,74.125.24.0-255,5738,266424,19,302744
29013,0.001994,74.125.24.0-255,5738,272162,19,302744
29014,0.002002,172.31.36.0-255,66,272228,19,302744
29015,0.002021,74.125.24.0-255,7156,279384,19,302744
29016,0.00203,74.125.24.0-255,8574,287958,19,302744
29017,0.00204,74.125.24.0-255,1484,289442,19,302744
29018,0.002056,74.125.24.0-255,7156,296598,19,302744
29019,0.002066,172.31.36.0-255,66,296664,19,302744
29020,0.002104,74.125.24.0-255,5738,302402,19,302744
29021,0.002147,172.31.36.0-255,66,302468,19,302744
29022,0.002196,74.125.24.0-255,105,302573,19,302744
29023,0.002223,172.31.36.0-255,66,302639,19,302744
29024,0.009729,172.31.36.0-255,105,302744,19,302744
29025,0.0,74.125.200.0-255,148,148,19,112404
29026,2.2e-05,172.31.36.0-255,66,214,19,112404
29027,2.9e-05,74.125.200.0-255,1484,1698,19,112404
29028,3.3e-05,172.31.36.0-255,66,1764,19,112404
29029,3.8e-05,74.125.200.0-255,2902,4666,19,112404
29030,4.1e-05,172.31.36.0-255,66,4732,19,112404
29031,4.4e-05,74.125.200.0-255,1484,6216,19,112404
29032,4.7e-05,172.31.36.0-255,66,6282,19,112404
29033,5.2e-05,74.125.200.0-255,2902,9184,19,112404
29034,5.5e-05,172.31.36.0-255,66,9250,19,112404
29035,0.000113,74.125.200.0-255,1484,10734,19,112404
29036,0.000116,172.31.36.0-255,66,10800,19,112404
29037,0.000141,74.125.200.0-255,4895,15695,19,112404
29038,0.000145,172.31.36.0-255,66,15761,19,112404
29039,0.000152,74.125.200.0-255,7156,22917,19,112404
29040,0.000154,172.31.36.0-255,66,22983,19,112404
29041,0.00016,74.125.200.0-255,5738,28721,19,112404
29042,0.000162,172.31.36.0-255,66,28787,19,112404
29043,0.000197,74.125.200.0-255,2543,31330,19,112404
29044,0.000199,172.31.36.0-255,66,31396,19,112404
29045,0.000227,74.125.200.0-255,2902,34298,19,112404
29046,0.00023,172.31.36.0-255,66,34364,19,112404
29047,0.000233,74.125.200.0-255,1484,35848,19,112404
29048,0.000235,172.31.36.0-255,66,35914,19,112404
29049,0.000256,74.125.200.0-255,5738,41652,19,112404
29050,0.000259,172.31.36.0-255,66,41718,19,112404
29051,0.000263,74.125.200.0-255,2902,44620,19,112404
29052,0.000265,172.31.36.0-255,66,44686,19,112404
29053,0.000302,74.125.200.0-255,3961,48647,19,112404
29054,0.000305,172.31.36.0-255,66,48713,19,112404
29055,0.000887,74.125.200.0-255,1484,50197,19,112404
29056,0.000893,172.31.36.0-255,66,50263,19,112404
29057,0.000899,74.125.200.0-255,2902,53165,19,112404
29058,0.000901,172.31.36.0-255,66,53231,19,112404
29059,0.000905,74.125.200.0-255,2902,56133,19,112404
29060,0.000907,172.31.36.0-255,66,56199,19,112404
29061,0.000912,74.125.200.0-255,4320,60519,19,112404
29062,0.000915,172.31.36.0-255,66,60585,19,112404
29063,0.00096,74.125.200.0-255,5379,65964,19,112404
29064,0.000964,172.31.36.0-255,66,66030,19,112404
29065,0.001828,74.125.200.0-255,1484,67514,19,112404
29066,0.001843,74.125.200.0-255,2902,70416,19,112404
29067,0.001848,172.31.36.0-255,66,70482,19,112404
29068,0.001857,74.125.200.0-255,5738,76220,19,112404
29069,0.00186,172.31.36.0-255,66,76286,19,112404
29070,0.001866,74.125.200.0-255,4320,80606,19,112404
29071,0.001868,172.31.36.0-255,66,80672,19,112404
29072,0.001889,74.125.200.0-255,5738,86410,19,112404
29073,0.001891,172.31.36.0-255,66,86476,19,112404
29074,0.001904,172.31.36.0-255,66,86542,19,112404
29075,0.00193,74.125.200.0-255,2184,88726,19,112404
29076,0.001932,172.31.36.0-255,66,88792,19,112404
29077,0.003844,74.125.200.0-255,2902,91694,19,112404
29078,0.003849,172.31.36.0-255,66,91760,19,112404
29079,0.003874,74.125.200.0-255,2902,94662,19,112404
29080,0.003876,172.31.36.0-255,66,94728,19,112404
29081,0.005806,74.125.200.0-255,2902,97630,19,112404
29082,0.005813,172.31.36.0-255,66,97696,19,112404
29083,0.005834,74.125.200.0-255,2902,100598,19,112404
29084,0.005836,172.31.36.0-255,66,100664,19,112404
29085,0.007766,74.125.200.0-255,2902,103566,19,112404
29086,0.007773,172.31.36.0-255,66,103632,19,112404
29087,0.00779,74.125.200.0-255,2902,106534,19,112404
29088,0.007794,172.31.36.0-255,66,106600,19,112404
29089,0.009732,74.125.200.0-255,5738,112338,19,112404
29090,0.009741,172.31.36.0-255,66,112404,19,112404
29091,0.0,172.217.160.0-255,431,431,19,129698
29092,1.8e-05,172.217.160.0-255,1484,1915,19,129698
29093,2.9e-05,172.31.36.0-255,66,1981,19,129698
29094,4e-05,172.217.160.0-255,2902,4883,19,129698
29095,4.4e-05,172.31.36.0-255,66,4949,19,129698
29096,5.8e-05,172.217.160.0-255,5738,10687,19,129698
29097,6.3e-05,172.31.36.0-255,66,10753,19,129698
29098,0.000174,172.217.160.0-255,3392,14145,19,129698
29099,0.000179,172.31.36.0-255,66,14211,19,129698
29100,0.000296,172.217.160.0-255,4320,18531,19,129698
29101,0.000301,172.31.36.0-255,66,18597,19,129698
29102,0.000435,172.217.160.0-255,4320,22917,19,129698
29103,0.00044,172.31.36.0-255,66,22983,19,129698
29104,0.000471,172.217.160.0-255,5738,28721,19,129698
29105,0.000496,172.31.36.0-255,66,28787,19,129698
29106,0.000778,172.217.160.0-255,1484,30271,19,129698
29107,0.001983,172.217.160.0-255,5738,36009,19,129698
29108,0.00199,172.31.36.0-255,66,36075,19,129698
29109,0.00207,172.217.160.0-255,2902,38977,19,129698
29110,0.002075,172.31.36.0-255,66,39043,19,129698
29111,0.002109,172.217.160.0-255,8574,47617,19,129698
29112,0.002123,172.217.160.0-255,1484,49101,19,129698
29113,0.002134,172.31.36.0-255,66,49167,19,129698
29114,0.002497,172.217.160.0-255,7156,56323,19,129698
29115,0.002501,172.31.36.0-255,66,56389,19,129698
29116,0.002572,172.31.36.0-255,66,56455,19,129698
29117,0.003139,172.217.160.0-255,5738,62193,19,129698
29118,0.003144,172.31.36.0-255,66,62259,19,129698
29119,0.003202,172.31.36.0-255,66,62325,19,129698
29120,0.003932,172.217.160.0-255,7156,69481,19,129698
29121,0.003937,172.31.36.0-255,66,69547,19,129698
29122,0.003985,172.31.36.0-255,66,69613,19,129698
29123,0.004148,172.31.36.0-255,66,69679,19,129698
29124,0.004461,172.217.160.0-255,8574,78253,19,129698
29125,0.004466,172.31.36.0-255,66,78319,19,129698
29126,0.004503,172.217.160.0-255,9992,88311,19,129698
29127,0.004506,172.31.36.0-255,66,88377,19,129698
29128,0.004807,172.217.160.0-255,4320,92697,19,129698
29129,0.004812,172.31.36.0-255,66,92763,19,129698
29130,0.004844,172.31.36.0-255,66,92829,19,129698
29131,0.005902,172.217.160.0-255,5738,98567,19,129698
29132,0.005907,172.31.36.0-255,66,98633,19,129698
29133,0.005966,172.31.36.0-255,66,98699,19,129698
29134,0.00599,172.217.160.0-255,1484,100183,19,129698
29135,0.006128,172.217.160.0-255,5738,105921,19,129698
29136,0.006132,172.31.36.0-255,66,105987,19,129698
29137,0.006179,172.31.36.0-255,66,106053,19,129698
29138,0.006219,172.31.36.0-255,66,106119,19,129698
29139,0.00649,172.31.36.0-255,66,106185,19,129698
29140,0.006585,172.31.36.0-255,66,106251,19,129698
29141,0.00679,172.217.160.0-255,7156,113407,19,129698
29142,0.006796,172.31.36.0-255,66,113473,19,129698
29143,0.006853,172.31.36.0-255,66,113539,19,129698
29144,0.007165,172.217.160.0-255,8574,122113,19,129698
29145,0.007208,172.217.160.0-255,4182,126295,19,129698
29146,0.007842,172.31.36.0-255,66,126361,19,129698
29147,0.007935,172.31.36.0-255,66,126427,19,129698
29148,0.007965,172.31.36.0-255,66,126493,19,129698
29149,0.008136,172.217.160.0-255,2902,129395,19,129698
29150,0.00814,172.31.36.0-255,66,129461,19,129698
29151,0.008183,172.31.36.0-255,66,129527,19,129698
29152,0.008225,172.31.36.0-255,66,129593,19,129698
29153,0.009818,172.31.36.0-255,105,129698,19,129698
29154,0.0,74.125.24.0-255,146,146,19,163920
29155,3.4e-05,172.31.36.0-255,66,212,19,163920
29156,4.2e-05,74.125.24.0-255,1484,1696,19,163920
29157,4.7e-05,172.31.36.0-255,66,1762,19,163920
29158,5.2e-05,74.125.24.0-255,2902,4664,19,163920
29159,6.3e-05,172.31.36.0-255,66,4730,19,163920
29160,6.9e-05,74.125.24.0-255,4320,9050,19,163920
29161,7.2e-05,172.31.36.0-255,66,9116,19,163920
29162,8e-05,74.125.24.0-255,9126,18242,19,163920
29163,8.2e-05,172.31.36.0-255,66,18308,19,163920
29164,8.9e-05,74.125.24.0-255,5738,24046,19,163920
29165,9.2e-05,172.31.36.0-255,66,24112,19,163920
29166,0.000127,74.125.24.0-255,5738,29850,19,163920
29167,0.00013,172.31.36.0-255,66,29916,19,163920
29168,0.000133,74.125.24.0-255,1125,31041,19,163920
29169,0.000135,172.31.36.0-255,66,31107,19,163920
29170,0.000268,74.125.24.0-255,1484,32591,19,163920
29171,0.000273,172.31.36.0-255,66,32657,19,163920
29172,0.000279,74.125.24.0-255,2902,35559,19,163920
29173,0.000281,172.31.36.0-255,66,35625,19,163920
29174,0.000284,74.125.24.0-255,1484,37109,19,163920
29175,0.000286,172.31.36.0-255,66,37175,19,163920
29176,0.000318,74.125.24.0-255,4320,41495,19,163920
29177,0.000322,172.31.36.0-255,66,41561,19,163920
29178,0.000325,74.125.24.0-255,1484,43045,19,163920
29179,0.000327,172.31.36.0-255,66,43111,19,163920
29180,0.000369,172.31.36.0-255,66,43177,19,163920
29181,0.000376,74.125.24.0-255,7156,50333,19,163920
29182,0.000378,172.31.36.0-255,66,50399,19,163920
29183,0.000407,74.125.24.0-255,2823,53222,19,163920
29184,0.000415,172.31.36.0-255,66,53288,19,163920
29185,0.000566,74.125.24.0-255,131,53419,19,163920
29186,0.000686,74.125.24.0-255,1484,54903,19,163920
29187,0.000689,74.125.24.0-255,1484,56387,19,163920
29188,0.000693,172.31.36.0-255,66,56453,19,163920
29189,0.000702,74.125.24.0-255,1484,57937,19,163920
29190,0.000705,172.31.36.0-255,66,58003,19,163920
29191,0.000716,74.125.24.0-255,4320,62323,19,163920
29192,0.000718,172.31.36.0-255,66,62389,19,163920
29193,0.000743,74.125.24.0-255,1484,63873,19,163920
29194,0.000762,172.31.36.0-255,66,63939,19,163920
29195,0.000771,74.125.24.0-255,8574,72513,19,163920
29196,0.000773,172.31.36.0-255,66,72579,19,163920
29197,0.000797,74.125.24.0-255,1125,73704,19,163920
29198,0.001134,172.31.36.0-255,66,73770,19,163920
29199,0.001488,74.125.24.0-255,1484,75254,19,163920
29200,0.0015,74.125.24.0-255,2902,78156,19,163920
29201,0.001504,172.31.36.0-255,66,78222,19,163920
29202,0.001512,74.125.24.0-255,5738,83960,19,163920
29203,0.001514,172.31.36.0-255,66,84026,19,163920
29204,0.001529,74.125.24.0-255,7156,91182,19,163920
29205,0.001531,172.31.36.0-255,66,91248,19,163920
29206,0.001564,74.125.24.0-255,2902,94150,19,163920
29207,0.001566,172.31.36.0-255,66,94216,19,163920
29208,0.001604,172.31.36.0-255,66,94282,19,163920
29209,0.001608,74.125.24.0-255,2184,96466,19,163920
29210,0.00161,172.31.36.0-255,66,96532,19,163920
29211,0.001644,74.125.24.0-255,1484,98016,19,163920
29212,0.001649,74.125.24.0-255,2902,100918,19,163920
29213,0.001653,172.31.36.0-255,66,100984,19,163920
29214,0.001657,74.125.24.0-255,1484,102468,19,163920
29215,0.001683,74.125.24.0-255,4320,106788,19,163920
29216,0.001686,172.31.36.0-255,66,106854,19,163920
29217,0.001705,172.31.36.0-255,66,106920,19,163920
29218,0.001739,74.125.24.0-255,10692,117612,19,163920
29219,0.001743,172.31.36.0-255,66,117678,19,163920
29220,0.001789,74.125.24.0-255,1484,119162,19,163920
29221,0.001795,74.125.24.0-255,2902,122064,19,163920
29222,0.001798,172.31.36.0-255,66,122130,19,163920
29223,0.001804,74.125.24.0-255,5738,127868,19,163920
29224,0.001807,172.31.36.0-255,66,127934,19,163920
29225,0.001821,74.125.24.0-255,7156,135090,19,163920
29226,0.001824,172.31.36.0-255,66,135156,19,163920
29227,0.001838,74.125.24.0-255,2902,138058,19,163920
29228,0.001841,172.31.36.0-255,66,138124,19,163920
29229,0.001881,172.31.36.0-255,66,138190,19,163920
29230,0.001885,74.125.24.0-255,2184,140374,19,163920
29231,0.001887,172.31.36.0-255,66,140440,19,163920
29232,0.003835,74.125.24.0-255,2902,143342,19,163920
29233,0.003841,172.31.36.0-255,66,143408,19,163920
29234,0.003862,74.125.24.0-255,2902,146310,19,163920
29235,0.003865,172.31.36.0-255,66,146376,19,163920
29236,0.005814,74.125.24.0-255,2902,149278,19,163920
29237,0.005819,172.31.36.0-255,66,149344,19,163920
29238,0.005847,74.125.24.0-255,2902,152246,19,163920
29239,0.00585,172.31.36.0-255,66,152312,19,163920
29240,0.007804,74.125.24.0-255,5738,158050,19,163920
29241,0.007811,172.31.36.0-255,66,158116,19,163920
29242,0.009785,74.125.24.0-255,5738,163854,19,163920
29243,0.009794,172.31.36.0-255,66,163920,19,163920
29244,0.0,172.217.24.0-255,152,152,19,86570
29245,2.8e-05,172.31.36.0-255,66,218,19,86570
29246,3.5e-05,172.217.24.0-255,1484,1702,19,86570
29247,4e-05,172.31.36.0-255,66,1768,19,86570
29248,4.5e-05,172.217.24.0-255,2902,4670,19,86570
29249,5.5e-05,172.31.36.0-255,66,4736,19,86570
29250,6.3e-05,172.217.24.0-255,7156,11892,19,86570
29251,6.6e-05,172.31.36.0-255,66,11958,19,86570
29252,7e-05,172.217.24.0-255,2056,14014,19,86570
29253,7.2e-05,172.31.36.0-255,66,14080,19,86570
29254,0.000673,172.217.24.0-255,1484,15564,19,86570
29255,0.000679,172.31.36.0-255,66,15630,19,86570
29256,0.000689,172.217.24.0-255,2902,18532,19,86570
29257,0.000697,172.31.36.0-255,66,18598,19,86570
29258,0.000704,172.217.24.0-255,4320,22918,19,86570
29259,0.000705,172.31.36.0-255,66,22984,19,86570
29260,0.000741,172.217.24.0-255,5738,28722,19,86570
29261,0.000744,172.31.36.0-255,66,28788,19,86570
29262,0.000749,172.217.24.0-255,2543,31331,19,86570
29263,0.000752,172.31.36.0-255,66,31397,19,86570
29264,0.000891,172.217.24.0-255,1484,32881,19,86570
29265,0.000897,172.31.36.0-255,66,32947,19,86570
29266,0.000902,172.217.24.0-255,1484,34431,19,86570
29267,0.000904,172.31.36.0-255,66,34497,19,86570
29268,0.000908,172.217.24.0-255,2902,37399,19,86570
29269,0.000916,172.31.36.0-255,66,37465,19,86570
29270,0.000923,172.217.24.0-255,5738,43203,19,86570
29271,0.000926,172.31.36.0-255,66,43269,19,86570
29272,0.000986,172.217.24.0-255,5379,48648,19,86570
29273,0.00099,172.31.36.0-255,66,48714,19,86570
29274,0.000995,172.217.24.0-255,5738,54452,19,86570
29275,0.000997,172.31.36.0-255,66,54518,19,86570
29276,0.001002,172.217.24.0-255,4320,58838,19,86570
29277,0.001004,172.31.36.0-255,66,58904,19,86570
29278,0.001043,172.217.24.0-255,5738,64642,19,86570
29279,0.001045,172.31.36.0-255,66,64708,19,86570
29280,0.001048,172.217.24.0-255,1125,65833,19,86570
29281,0.001117,172.217.24.0-255,357,66190,19,86570
29282,0.002983,172.217.24.0-255,2902,69092,19,86570
29283,0.00299,172.31.36.0-255,66,69158,19,86570
29284,0.004927,172.217.24.0-255,5738,74896,19,86570
29285,0.004934,172.31.36.0-255,66,74962,19,86570
29286,0.006878,172.217.24.0-255,5738,80700,19,86570
29287,0.006886,172.31.36.0-255,66,80766,19,86570
29288,0.00883,172.217.24.0-255,5738,86504,19,86570
29289,0.008836,172.31.36.0-255,66,86570,19,86570
29290,0.0,74.125.24.0-255,146,146,19,293964
29291,2.3e-05,172.31.36.0-255,66,212,19,293964
29292,3e-05,74.125.24.0-255,1484,1696,19,293964
29293,3.5e-05,172.31.36.0-255,66,1762,19,293964
29294,4.1e-05,74.125.24.0-255,2902,4664,19,293964
29295,4.4e-05,172.31.36.0-255,66,4730,19,293964
29296,5.1e-05,74.125.24.0-255,4320,9050,19,293964
29297,5.4e-05,172.31.36.0-255,66,9116,19,293964
29298,8.7e-05,74.125.24.0-255,2902,12018,19,293964
29299,9e-05,172.31.36.0-255,66,12084,19,293964
29300,0.000105,74.125.24.0-255,2040,14124,19,293964
29301,0.000107,172.31.36.0-255,66,14190,19,293964
29302,0.000401,74.125.24.0-255,1484,15674,19,293964
29303,0.000406,172.31.36.0-255,66,15740,19,293964
29304,0.000414,74.125.24.0-255,2902,18642,19,293964
29305,0.000416,172.31.36.0-255,66,18708,19,293964
29306,0.000424,74.125.24.0-255,5738,24446,19,293964
29307,0.000426,172.31.36.0-255,66,24512,19,293964
29308,0.000448,74.125.24.0-255,6797,31309,19,293964
29309,0.000451,172.31.36.0-255,66,31375,19,293964
29310,0.000474,74.125.24.0-255,7156,38531,19,293964
29311,0.000477,172.31.36.0-255,66,38597,19,293964
29312,0.000532,74.125.24.0-255,5738,44335,19,293964
29313,0.000535,172.31.36.0-255,66,44401,19,293964
29314,0.000554,74.125.24.0-255,3961,48362,19,293964
29315,0.000556,172.31.36.0-255,66,48428,19,293964
29316,0.001069,74.125.24.0-255,1484,49912,19,293964
29317,0.001075,172.31.36.0-255,66,49978,19,293964
29318,0.001084,74.125.24.0-255,2902,52880,19,293964
29319,0.001086,172.31.36.0-255,66,52946,19,293964
29320,0.001094,74.125.24.0-255,5738,58684,19,293964
29321,0.001096,172.31.36.0-255,66,58750,19,293964
29322,0.001121,74.125.24.0-255,2902,61652,19,293964
29323,0.001125,172.31.36.0-255,66,61718,19,293964
29324,0.00115,74.125.24.0-255,3961,65679,19,293964
29325,0.001153,172.31.36.0-255,66,65745,19,293964
29326,0.00116,74.125.24.0-255,7156,72901,19,293964
29327,0.001162,172.31.36.0-255,66,72967,19,293964
29328,0.001193,74.125.24.0-255,8574,81541,19,293964
29329,0.001195,172.31.36.0-255,66,81607,19,293964
29330,0.001217,74.125.24.0-255,1705,83312,19,293964
29331,0.001219,172.31.36.0-255,66,83378,19,293964
29332,0.001223,74.125.24.0-255,1484,84862,19,293964
29333,0.001251,172.31.36.0-255,66,84928,19,293964
29334,0.001265,74.125.24.0-255,3961,88889,19,293964
29335,0.001268,172.31.36.0-255,66,88955,19,293964
29336,0.001424,74.125.24.0-255,1484,90439,19,293964
29337,0.001445,74.125.24.0-255,2902,93341,19,293964
29338,0.001449,172.31.36.0-255,66,93407,19,293964
29339,0.001457,74.125.24.0-255,5738,99145,19,293964
29340,0.00146,172.31.36.0-255,66,99211,19,293964
29341,0.001488,74.125.24.0-255,6130,105341,19,293964
29342,0.001492,172.31.36.0-255,66,105407,19,293964
29343,0.001839,74.125.24.0-255,1484,106891,19,293964
29344,0.001847,74.125.24.0-255,2902,109793,19,293964
29345,0.001851,172.31.36.0-255,66,109859,19,293964
29346,0.001875,74.125.24.0-255,5738,115597,19,293964
29347,0.001878,172.31.36.0-255,66,115663,19,293964
29348,0.001883,74.125.24.0-255,2902,118565,19,293964
29349,0.001885,172.31.36.0-255,66,118631,19,293964
29350,0.0019,74.125.24.0-255,4320,122951,19,293964
29351,0.001903,172.31.36.0-255,66,123017,19,293964
29352,0.001906,74.125.24.0-255,405,123422,19,293964
29353,0.001949,74.125.24.0-255,1484,124906,19,293964
29354,0.001952,172.31.36.0-255,66,124972,19,293964
29355,0.001968,74.125.24.0-255,4320,129292,19,293964
29356,0.001971,172.31.36.0-255,66,129358,19,293964
29357,0.001997,74.125.24.0-255,9992,139350,19,293964
29358,0.002,172.31.36.0-255,66,139416,19,293964
29359,0.002026,74.125.24.0-255,9992,149408,19,293964
29360,0.002029,172.31.36.0-255,66,149474,19,293964
29361,0.002052,74.125.24.0-255,5738,155212,19,293964
29362,0.002054,172.31.36.0-255,66,155278,19,293964
29363,0.002058,74.125.24.0-255,2184,157462,19,293964
29364,0.002061,172.31.36.0-255,66,157528,19,293964
29365,0.002163,74.125.24.0-255,1484,159012,19,293964
29366,0.002176,74.125.24.0-255,2902,161914,19,293964
29367,0.002179,172.31.36.0-255,66,161980,19,293964
29368,0.002185,74.125.24.0-255,4320,166300,19,293964
29369,0.002187,172.31.36.0-255,66,166366,19,293964
29370,0.002198,74.125.24.0-255,1484,167850,19,293964
29371,0.002206,74.125.24.0-255,5738,173588,19,293964
29372,0.002208,172.31.36.0-255,66,173654,19,293964
29373,0.002228,74.125.24.0-255,4320,177974,19,293964
29374,0.00223,172.31.36.0-255,66,178040,19,293964
29375,0.002262,74.125.24.0-255,5738,183778,19,293964
29376,0.002266,172.31.36.0-255,66,183844,19,293964
29377,0.002287,74.125.24.0-255,7856,191700,19,293964
29378,0.00229,172.31.36.0-255,66,191766,19,293964
29379,0.002585,74.125.24.0-255,1484,193250,19,293964
29380,0.002589,74.125.24.0-255,1484,194734,19,293964
29381,0.002591,172.31.36.0-255,66,194800,19,293964
29382,0.00261,74.125.24.0-255,1484,196284,19,293964
29383,0.002615,74.125.24.0-255,4320,200604,19,293964
29384,0.002618,172.31.36.0-255,66,200670,19,293964
29385,0.002624,74.125.24.0-255,5738,206408,19,293964
29386,0.002627,172.31.36.0-255,66,206474,19,293964
29387,0.002642,74.125.24.0-255,2902,209376,19,293964
29388,0.002644,172.31.36.0-255,66,209442,19,293964
29389,0.0027,74.125.24.0-255,3602,213044,19,293964
29390,0.002792,74.125.24.0-255,1484,214528,19,293964
29391,0.002795,74.125.24.0-255,1484,216012,19,293964
29392,0.0028,74.125.24.0-255,4320,220332,19,293964
29393,0.002805,74.125.24.0-255,4320,224652,19,293964
29394,0.002825,74.125.24.0-255,5738,230390,19,293964
29395,0.002829,74.125.24.0-255,2902,233292,19,293964
29396,0.002832,74.125.24.0-255,1484,234776,19,293964
29397,0.002866,74.125.24.0-255,7156,241932,19,293964
29398,0.002884,74.125.24.0-255,5020,246952,19,293964
29399,0.002886,74.125.24.0-255,1484,248436,19,293964
29400,0.002908,74.125.24.0-255,4320,252756,19,293964
29401,0.002943,74.125.24.0-255,2902,255658,19,293964
29402,0.002945,74.125.24.0-255,1484,257142,19,293964
29403,0.002969,74.125.24.0-255,9992,267134,19,293964
29404,0.002986,74.125.24.0-255,9992,277126,19,293964
29405,0.002999,74.125.24.0-255,3602,280728,19,293964
29406,0.003004,74.125.24.0-255,4320,285048,19,293964
29407,0.003008,74.125.24.0-255,2902,287950,19,293964
29408,0.003049,74.125.24.0-255,5738,293688,19,293964
29409,0.003137,74.125.24.0-255,105,293793,19,293964
29410,0.005801,172.31.36.0-255,66,293859,19,293964
29411,0.008513,172.31.36.0-255,105,293964,19,293964
29412,0.0,74.125.24.0-255,156,156,19,147091
29413,2.3e-05,172.31.36.0-255,66,222,19,147091
29414,3e-05,74.125.24.0-255,1484,1706,19,147091
29415,3.6e-05,172.31.36.0-255,66,1772,19,147091
29416,4.2e-05,74.125.24.0-255,2902,4674,19,147091
29417,4.6e-05,172.31.36.0-255,66,4740,19,147091
29418,5.2e-05,74.125.24.0-255,4320,9060,19,147091
29419,5.5e-05,172.31.36.0-255,66,9126,19,147091
29420,8.6e-05,74.125.24.0-255,4811,13937,19,147091
29421,8.9e-05,172.31.36.0-255,66,14003,19,147091
29422,0.000705,74.125.24.0-255,1484,15487,19,147091
29423,0.000711,172.31.36.0-255,66,15553,19,147091
29424,0.000721,74.125.24.0-255,2902,18455,19,147091
29425,0.000724,172.31.36.0-255,66,18521,19,147091
29426,0.00073,74.125.24.0-255,2902,21423,19,147091
29427,0.000732,172.31.36.0-255,66,21489,19,147091
29428,0.000769,74.125.24.0-255,2902,24391,19,147091
29429,0.000772,172.31.36.0-255,66,24457,19,147091
29430,0.000791,74.125.24.0-255,4320,28777,19,147091
29431,0.000793,172.31.36.0-255,66,28843,19,147091
29432,0.000834,74.125.24.0-255,2543,31386,19,147091
29433,0.000837,172.31.36.0-255,66,31452,19,147091
29434,0.001283,74.125.24.0-255,1484,32936,19,147091
29435,0.00129,172.31.36.0-255,66,33002,19,147091
29436,0.001297,74.125.24.0-255,2902,35904,19,147091
29437,0.001301,172.31.36.0-255,66,35970,19,147091
29438,0.00133,74.125.24.0-255,5738,41708,19,147091
29439,0.001333,172.31.36.0-255,66,41774,19,147091
29440,0.001371,74.125.24.0-255,6797,48571,19,147091
29441,0.001374,172.31.36.0-255,66,48637,19,147091
29442,0.001476,74.125.24.0-255,4320,52957,19,147091
29443,0.001479,172.31.36.0-255,66,53023,19,147091
29444,0.001497,74.125.24.0-255,2902,55925,19,147091
29445,0.0015,172.31.36.0-255,66,55991,19,147091
29446,0.001532,74.125.24.0-255,7156,63147,19,147091
29447,0.001534,172.31.36.0-255,66,63213,19,147091
29448,0.001553,74.125.24.0-255,2851,66064,19,147091
29449,0.001555,172.31.36.0-255,66,66130,19,147091
29450,0.001626,74.125.24.0-255,349,66479,19,147091
29451,0.001804,74.125.24.0-255,1484,67963,19,147091
29452,0.001807,172.31.36.0-255,66,68029,19,147091
29453,0.001812,74.125.24.0-255,2902,70931,19,147091
29454,0.001814,172.31.36.0-255,66,70997,19,147091
29455,0.001841,74.125.24.0-255,5738,76735,19,147091
29456,0.001844,172.31.36.0-255,66,76801,19,147091
29457,0.00191,74.125.24.0-255,2902,79703,19,147091
29458,0.001912,172.31.36.0-255,66,79769,19,147091
29459,0.001951,74.125.24.0-255,1484,81253,19,147091
29460,0.001972,74.125.24.0-255,5738,86991,19,147091
29461,0.001975,172.31.36.0-255,66,87057,19,147091
29462,0.001991,74.125.24.0-255,2902,89959,19,147091
29463,0.001994,172.31.36.0-255,66,90025,19,147091
29464,0.002066,74.125.24.0-255,4320,94345,19,147091
29465,0.002069,172.31.36.0-255,66,94411,19,147091
29466,0.002085,74.125.24.0-255,2902,97313,19,147091
29467,0.002087,172.31.36.0-255,66,97379,19,147091
29468,0.00212,74.125.24.0-255,3602,100981,19,147091
29469,0.002123,172.31.36.0-255,66,101047,19,147091
29470,0.00215,74.125.24.0-255,1484,102531,19,147091
29471,0.002155,74.125.24.0-255,2902,105433,19,147091
29472,0.002158,172.31.36.0-255,66,105499,19,147091
29473,0.002187,172.31.36.0-255,66,105565,19,147091
29474,0.002334,74.125.24.0-255,4320,109885,19,147091
29475,0.002337,172.31.36.0-255,66,109951,19,147091
29476,0.002373,172.31.36.0-255,66,110017,19,147091
29477,0.002623,74.125.24.0-255,2902,112919,19,147091
29478,0.002626,172.31.36.0-255,66,112985,19,147091
29479,0.002651,74.125.24.0-255,8574,121559,19,147091
29480,0.002654,172.31.36.0-255,66,121625,19,147091
29481,0.002669,74.125.24.0-255,2902,124527,19,147091
29482,0.002671,172.31.36.0-255,66,124593,19,147091
29483,0.002819,74.125.24.0-255,4320,128913,19,147091
29484,0.002822,172.31.36.0-255,66,128979,19,147091
29485,0.002842,74.125.24.0-255,6438,135417,19,147091
29486,0.002845,172.31.36.0-255,66,135483,19,147091
29487,0.005472,74.125.24.0-255,5738,141221,19,147091
29488,0.005478,172.31.36.0-255,66,141287,19,147091
29489,0.008097,74.125.24.0-255,5738,147025,19,147091
29490,0.008104,172.31.36.0-255,66,147091,19,147091
29491,0.0,172.217.194.0-255,152,152,19,149332
29492,2.4e-05,172.31.36.0-255,66,218,19,149332
29493,3.2e-05,172.217.194.0-255,1484,1702,19,149332
29494,3.6e-05,172.31.36.0-255,66,1768,19,149332
29495,4.4e-05,172.217.194.0-255,2902,4670,19,149332
29496,4.8e-05,172.31.36.0-255,66,4736,19,149332
29497,5.6e-05,172.217.194.0-255,7156,11892,19,149332
29498,5.9e-05,172.31.36.0-255,66,11958,19,149332
29499,6.3e-05,172.217.194.0-255,1985,13943,19,149332
29500,6.5e-05,172.31.36.0-255,66,14009,19,149332
29501,7e-05,172.217.194.0-255,2902,16911,19,149332
29502,7.4e-05,172.31.36.0-255,66,16977,19,149332
29503,8.2e-05,172.217.194.0-255,7156,24133,19,149332
29504,8.4e-05,172.31.36.0-255,66,24199,19,149332
29505,0.000123,172.217.194.0-255,8574,32773,19,149332
29506,0.000127,172.31.36.0-255,66,32839,19,149332
29507,0.000147,172.217.194.0-255,3961,36800,19,149332
29508,0.000149,172.31.36.0-255,66,36866,19,149332
29509,0.000163,172.31.36.0-255,66,36932,19,149332
29510,0.000306,172.217.194.0-255,1484,38416,19,149332
29511,0.00031,172.31.36.0-255,66,38482,19,149332
29512,0.000332,172.217.194.0-255,2902,41384,19,149332
29513,0.000335,172.31.36.0-255,66,41450,19,149332
29514,0.000341,172.217.194.0-255,5738,47188,19,149332
29515,0.000344,172.31.36.0-255,66,47254,19,149332
29516,0.000371,172.217.194.0-255,7113,54367,19,149332
29517,0.000374,172.31.36.0-255,66,54433,19,149332
29518,0.000406,172.217.194.0-255,363,54796,19,149332
29519,0.000408,172.31.36.0-255,66,54862,19,149332
29520,0.000438,172.217.194.0-255,1484,56346,19,149332
29521,0.00044,172.31.36.0-255,66,56412,19,149332
29522,0.000447,172.217.194.0-255,4320,60732,19,149332
29523,0.00045,172.31.36.0-255,66,60798,19,149332
29524,0.000453,172.217.194.0-255,1484,62282,19,149332
29525,0.000483,172.217.194.0-255,8574,70856,19,149332
29526,0.000486,172.31.36.0-255,66,70922,19,149332
29527,0.000489,172.217.194.0-255,1125,72047,19,149332
29528,0.000581,172.217.194.0-255,1484,73531,19,149332
29529,0.000584,172.31.36.0-255,66,73597,19,149332
29530,0.000589,172.217.194.0-255,2902,76499,19,149332
29531,0.000592,172.31.36.0-255,66,76565,19,149332
29532,0.000598,172.217.194.0-255,4320,80885,19,149332
29533,0.0006,172.31.36.0-255,66,80951,19,149332
29534,0.000621,172.217.194.0-255,1484,82435,19,149332
29535,0.000626,172.217.194.0-255,4320,86755,19,149332
29536,0.000629,172.31.36.0-255,66,86821,19,149332
29537,0.000663,172.217.194.0-255,2543,89364,19,149332
29538,0.000665,172.31.36.0-255,66,89430,19,149332
29539,0.001743,172.217.194.0-255,1484,90914,19,149332
29540,0.001753,172.217.194.0-255,2902,93816,19,149332
29541,0.001757,172.31.36.0-255,66,93882,19,149332
29542,0.001765,172.217.194.0-255,5738,99620,19,149332
29543,0.001768,172.31.36.0-255,66,99686,19,149332
29544,0.001808,172.31.36.0-255,66,99752,19,149332
29545,0.001838,172.217.194.0-255,8574,108326,19,149332
29546,0.001841,172.31.36.0-255,66,108392,19,149332
29547,0.001861,172.217.194.0-255,2184,110576,19,149332
29548,0.001863,172.31.36.0-255,66,110642,19,149332
29549,0.002121,172.217.194.0-255,1484,112126,19,149332
29550,0.002129,172.217.194.0-255,2902,115028,19,149332
29551,0.002133,172.31.36.0-255,66,115094,19,149332
29552,0.002137,172.217.194.0-255,1484,116578,19,149332
29553,0.002156,172.217.194.0-255,2902,119480,19,149332
29554,0.002159,172.31.36.0-255,66,119546,19,149332
29555,0.002166,172.217.194.0-255,5738,125284,19,149332
29556,0.002168,172.31.36.0-255,66,125350,19,149332
29557,0.002208,172.31.36.0-255,66,125416,19,149332
29558,0.002258,172.217.194.0-255,6438,131854,19,149332
29559,0.002261,172.31.36.0-255,66,131920,19,149332
29560,0.004514,172.217.194.0-255,5738,137658,19,149332
29561,0.00452,172.31.36.0-255,66,137724,19,149332
29562,0.006796,172.217.194.0-255,5738,143462,19,149332
29563,0.006803,172.31.36.0-255,66,143528,19,149332
29564,0.00908,172.217.194.0-255,5738,149266,19,149332
29565,0.009087,172.31.36.0-255,66,149332,19,149332
29566,0.0,172.217.194.0-255,143,143,19,215093
29567,2.4e-05,172.31.36.0-255,66,209,19,215093
29568,3.2e-05,172.217.194.0-255,1484,1693,19,215093
29569,3.6e-05,172.31.36.0-255,66,1759,19,215093
29570,4.1e-05,172.217.194.0-255,2902,4661,19,215093
29571,4.5e-05,172.31.36.0-255,66,4727,19,215093
29572,5.3e-05,172.217.194.0-255,7156,11883,19,215093
29573,5.7e-05,172.31.36.0-255,66,11949,19,215093
29574,6.1e-05,172.217.194.0-255,2040,13989,19,215093
29575,6.4e-05,172.31.36.0-255,66,14055,19,215093
29576,0.000111,172.31.36.0-255,66,14121,19,215093
29577,0.000118,172.217.194.0-255,5379,19500,19,215093
29578,0.00012,172.31.36.0-255,66,19566,19,215093
29579,0.00021,172.217.194.0-255,1484,21050,19,215093
29580,0.000213,172.31.36.0-255,66,21116,19,215093
29581,0.000234,172.217.194.0-255,2902,24018,19,215093
29582,0.000236,172.31.36.0-255,66,24084,19,215093
29583,0.000263,172.217.194.0-255,5738,29822,19,215093
29584,0.000266,172.31.36.0-255,66,29888,19,215093
29585,0.000269,172.217.194.0-255,1484,31372,19,215093
29586,0.000271,172.31.36.0-255,66,31438,19,215093
29587,0.000316,172.217.194.0-255,4320,35758,19,215093
29588,0.000319,172.31.36.0-255,66,35824,19,215093
29589,0.000341,172.217.194.0-255,5379,41203,19,215093
29590,0.000344,172.31.36.0-255,66,41269,19,215093
29591,0.000352,172.217.194.0-255,7156,48425,19,215093
29592,0.000354,172.31.36.0-255,66,48491,19,215093
29593,0.000378,172.217.194.0-255,4320,52811,19,215093
29594,0.00038,172.31.36.0-255,66,52877,19,215093
29595,0.000396,172.217.194.0-255,1449,54326,19,215093
29596,0.000399,172.31.36.0-255,66,54392,19,215093
29597,0.000405,172.217.194.0-255,2902,57294,19,215093
29598,0.000407,172.31.36.0-255,66,57360,19,215093
29599,0.000424,172.217.194.0-255,2902,60262,19,215093
29600,0.000427,172.31.36.0-255,66,60328,19,215093
29601,0.000435,172.217.194.0-255,7156,67484,19,215093
29602,0.000437,172.31.36.0-255,66,67550,19,215093
29603,0.000452,172.217.194.0-255,1484,69034,19,215093
29604,0.000486,172.31.36.0-255,66,69100,19,215093
29605,0.000494,172.217.194.0-255,6438,75538,19,215093
29606,0.000496,172.31.36.0-255,66,75604,19,215093
29607,0.000597,172.217.194.0-255,1484,77088,19,215093
29608,0.000603,172.217.194.0-255,2902,79990,19,215093
29609,0.000607,172.31.36.0-255,66,80056,19,215093
29610,0.000627,172.217.194.0-255,2902,82958,19,215093
29611,0.00063,172.31.36.0-255,66,83024,19,215093
29612,0.000633,172.217.194.0-255,1484,84508,19,215093
29613,0.000649,172.217.194.0-255,2902,87410,19,215093
29614,0.000652,172.31.36.0-255,66,87476,19,215093
29615,0.00069,172.217.194.0-255,8574,96050,19,215093
29616,0.000693,172.31.36.0-255,66,96116,19,215093
29617,0.0007,172.217.194.0-255,5738,101854,19,215093
29618,0.000702,172.31.36.0-255,66,101920,19,215093
29619,0.000741,172.31.36.0-255,66,101986,19,215093
29620,0.00076,172.217.194.0-255,3318,105304,19,215093
29621,0.000774,172.31.36.0-255,66,105370,19,215093
29622,0.000778,172.31.36.0-255,66,105436,19,215093
29623,0.000804,172.31.36.0-255,66,105502,19,215093
29624,0.000847,172.31.36.0-255,66,105568,19,215093
29625,0.000862,172.217.194.0-255,1484,107052,19,215093
29626,0.00088,172.217.194.0-255,3961,111013,19,215093
29627,0.000883,172.31.36.0-255,66,111079,19,215093
29628,0.00109,172.217.194.0-255,1484,112563,19,215093
29629,0.001096,172.217.194.0-255,2902,115465,19,215093
29630,0.001099,172.31.36.0-255,66,115531,19,215093
29631,0.001123,172.217.194.0-255,5738,121269,19,215093
29632,0.001126,172.31.36.0-255,66,121335,19,215093
29633,0.001165,172.217.194.0-255,4320,125655,19,215093
29634,0.001167,172.31.36.0-255,66,125721,19,215093
29635,0.001188,172.217.194.0-255,8574,134295,19,215093
29636,0.00119,172.31.36.0-255,66,134361,19,215093
29637,0.001197,172.217.194.0-255,5738,140099,19,215093
29638,0.001199,172.31.36.0-255,66,140165,19,215093
29639,0.001224,172.217.194.0-255,5020,145185,19,215093
29640,0.001227,172.31.36.0-255,66,145251,19,215093
29641,0.001232,172.217.194.0-255,2902,148153,19,215093
29642,0.001234,172.31.36.0-255,66,148219,19,215093
29643,0.001247,172.217.194.0-255,2902,151121,19,215093
29644,0.001249,172.31.36.0-255,66,151187,19,215093
29645,0.001257,172.217.194.0-255,7156,158343,19,215093
29646,0.00126,172.31.36.0-255,66,158409,19,215093
29647,0.001282,172.217.194.0-255,8574,166983,19,215093
29648,0.001284,172.31.36.0-255,66,167049,19,215093
29649,0.001314,172.217.194.0-255,5738,172787,19,215093
29650,0.001318,172.31.36.0-255,66,172853,19,215093
29651,0.001325,172.217.194.0-255,6438,179291,19,215093
29652,0.001327,172.31.36.0-255,66,179357,19,215093
29653,0.001356,172.217.194.0-255,1484,180841,19,215093
29654,0.001393,172.31.36.0-255,66,180907,19,215093
29655,0.001402,172.217.194.0-255,10692,191599,19,215093
29656,0.001405,172.31.36.0-255,66,191665,19,215093
29657,0.001428,172.217.194.0-255,4320,195985,19,215093
29658,0.001431,172.31.36.0-255,66,196051,19,215093
29659,0.001474,172.31.36.0-255,66,196117,19,215093
29660,0.001491,172.31.36.0-255,66,196183,19,215093
29661,0.001523,172.217.194.0-255,10692,206875,19,215093
29662,0.001527,172.31.36.0-255,66,206941,19,215093
29663,0.001603,172.217.194.0-255,2902,209843,19,215093
29664,0.001646,172.217.194.0-255,5079,214922,19,215093
29665,0.001649,172.217.194.0-255,105,215027,19,215093
29666,0.007356,172.31.36.0-255,66,215093,19,215093
29667,0.0,74.125.200.0-255,297,297,19,84177
29668,3.2e-05,172.31.36.0-255,66,363,19,84177
29669,3.9e-05,74.125.200.0-255,1484,1847,19,84177
29670,4.3e-05,172.31.36.0-255,66,1913,19,84177
29671,4.9e-05,74.125.200.0-255,4320,6233,19,84177
29672,5.1e-05,172.31.36.0-255,66,6299,19,84177
29673,6.8e-05,74.125.200.0-255,1484,7783,19,84177
29674,7e-05,172.31.36.0-255,66,7849,19,84177
29675,9.4e-05,74.125.200.0-255,4320,12169,19,84177
29676,9.7e-05,172.31.36.0-255,66,12235,19,84177
29677,0.000101,74.125.200.0-255,1942,14177,19,84177
29678,0.000103,172.31.36.0-255,66,14243,19,84177
29679,0.00015,74.125.200.0-255,1484,15727,19,84177
29680,0.000153,172.31.36.0-255,66,15793,19,84177
29681,0.000185,74.125.200.0-255,2902,18695,19,84177
29682,0.000188,172.31.36.0-255,66,18761,19,84177
29683,0.000194,74.125.200.0-255,4320,23081,19,84177
29684,0.000197,172.31.36.0-255,66,23147,19,84177
29685,0.000213,74.125.200.0-255,5738,28885,19,84177
29686,0.000216,172.31.36.0-255,66,28951,19,84177
29687,0.000245,74.125.200.0-255,4320,33271,19,84177
29688,0.000248,172.31.36.0-255,66,33337,19,84177
29689,0.000269,74.125.200.0-255,4320,37657,19,84177
29690,0.000272,172.31.36.0-255,66,37723,19,84177
29691,0.000277,74.125.200.0-255,4320,42043,19,84177
29692,0.000279,172.31.36.0-255,66,42109,19,84177
29693,0.000299,74.125.200.0-255,5738,47847,19,84177
29694,0.000302,172.31.36.0-255,66,47913,19,84177
29695,0.000304,74.125.200.0-255,766,48679,19,84177
29696,0.000306,172.31.36.0-255,66,48745,19,84177
29697,0.00042,74.125.200.0-255,1484,50229,19,84177
29698,0.000424,172.31.36.0-255,66,50295,19,84177
29699,0.000437,74.125.200.0-255,2902,53197,19,84177
29700,0.00044,172.31.36.0-255,66,53263,19,84177
29701,0.000452,74.125.200.0-255,1484,54747,19,84177
29702,0.000466,74.125.200.0-255,2902,57649,19,84177
29703,0.000471,172.31.36.0-255,66,57715,19,84177
29704,0.000488,74.125.200.0-255,4320,62035,19,84177
29705,0.000491,172.31.36.0-255,66,62101,19,84177
29706,0.000512,74.125.200.0-255,4268,66369,19,84177
29707,0.000515,172.31.36.0-255,66,66435,19,84177
29708,0.00382,74.125.200.0-255,1484,67919,19,84177
29709,0.003829,74.125.200.0-255,1484,69403,19,84177
29710,0.003833,172.31.36.0-255,66,69469,19,84177
29711,0.003839,74.125.200.0-255,2902,72371,19,84177
29712,0.00384,172.31.36.0-255,66,72437,19,84177
29713,0.006422,74.125.200.0-255,2902,75339,19,84177
29714,0.00643,172.31.36.0-255,66,75405,19,84177
29715,0.006449,74.125.200.0-255,2902,78307,19,84177
29716,0.006452,172.31.36.0-255,66,78373,19,84177
29717,0.009018,74.125.200.0-255,5738,84111,19,84177
29718,0.009035,172.31.36.0-255,66,84177,19,84177
29719,0.0,74.125.24.0-255,153,153,19,219167
29720,3e-05,172.31.36.0-255,66,219,19,219167
29721,3.6e-05,74.125.24.0-255,1484,1703,19,219167
29722,4e-05,172.31.36.0-255,66,1769,19,219167
29723,4.4e-05,74.125.24.0-255,2902,4671,19,219167
29724,4.6e-05,172.31.36.0-255,66,4737,19,219167
29725,6.1e-05,74.125.24.0-255,7156,11893,19,219167
29726,6.3e-05,172.31.36.0-255,66,11959,19,219167
29727,6.7e-05,74.125.24.0-255,2048,14007,19,219167
29728,6.9e-05,172.31.36.0-255,66,14073,19,219167
29729,0.000117,74.125.24.0-255,8574,22647,19,219167
29730,0.000121,172.31.36.0-255,66,22713,19,219167
29731,0.000161,74.125.24.0-255,8215,30928,19,219167
29732,0.000164,172.31.36.0-255,66,30994,19,219167
29733,0.000285,74.125.24.0-255,1484,32478,19,219167
29734,0.000289,172.31.36.0-255,66,32544,19,219167
29735,0.000294,74.125.24.0-255,2902,35446,19,219167
29736,0.000296,172.31.36.0-255,66,35512,19,219167
29737,0.000325,74.125.24.0-255,5738,41250,19,219167
29738,0.000328,172.31.36.0-255,66,41316,19,219167
29739,0.000331,74.125.24.0-255,1484,42800,19,219167
29740,0.000333,172.31.36.0-255,66,42866,19,219167
29741,0.000367,172.31.36.0-255,66,42932,19,219167
29742,0.000373,74.125.24.0-255,7156,50088,19,219167
29743,0.000376,172.31.36.0-255,66,50154,19,219167
29744,0.000399,74.125.24.0-255,2900,53054,19,219167
29745,0.000405,172.31.36.0-255,66,53120,19,219167
29746,0.00043,74.125.24.0-255,331,53451,19,219167
29747,0.000432,172.31.36.0-255,66,53517,19,219167
29748,0.000654,74.125.24.0-255,1484,55001,19,219167
29749,0.000658,172.31.36.0-255,66,55067,19,219167
29750,0.000662,74.125.24.0-255,2902,57969,19,219167
29751,0.000664,172.31.36.0-255,66,58035,19,219167
29752,0.00067,74.125.24.0-255,5738,63773,19,219167
29753,0.000674,172.31.36.0-255,66,63839,19,219167
29754,0.000706,172.31.36.0-255,66,63905,19,219167
29755,0.000714,74.125.24.0-255,7156,71061,19,219167
29756,0.000716,172.31.36.0-255,66,71127,19,219167
29757,0.000744,74.125.24.0-255,1484,72611,19,219167
29758,0.00075,74.125.24.0-255,2184,74795,19,219167
29759,0.000753,172.31.36.0-255,66,74861,19,219167
29760,0.000942,74.125.24.0-255,1484,76345,19,219167
29761,0.000962,74.125.24.0-255,2902,79247,19,219167
29762,0.000965,172.31.36.0-255,66,79313,19,219167
29763,0.000971,74.125.24.0-255,5738,85051,19,219167
29764,0.000973,172.31.36.0-255,66,85117,19,219167
29765,0.001016,172.31.36.0-255,66,85183,19,219167
29766,0.001025,74.125.24.0-255,10692,95875,19,219167
29767,0.001033,172.31.36.0-255,66,95941,19,219167
29768,0.001722,74.125.24.0-255,1484,97425,19,219167
29769,0.001733,74.125.24.0-255,2902,100327,19,219167
29770,0.001737,172.31.36.0-255,66,100393,19,219167
29771,0.001746,74.125.24.0-255,5738,106131,19,219167
29772,0.001748,172.31.36.0-255,66,106197,19,219167
29773,0.001765,74.125.24.0-255,9992,116189,19,219167
29774,0.001767,172.31.36.0-255,66,116255,19,219167
29775,0.001793,74.125.24.0-255,2902,119157,19,219167
29776,0.001799,172.31.36.0-255,66,119223,19,219167
29777,0.001804,74.125.24.0-255,5738,124961,19,219167
29778,0.001806,172.31.36.0-255,66,125027,19,219167
29779,0.001825,74.125.24.0-255,5020,130047,19,219167
29780,0.001827,172.31.36.0-255,66,130113,19,219167
29781,0.00203,74.125.24.0-255,1484,131597,19,219167
29782,0.002036,74.125.24.0-255,2902,134499,19,219167
29783,0.00204,172.31.36.0-255,66,134565,19,219167
29784,0.002045,74.125.24.0-255,2902,137467,19,219167
29785,0.002046,172.31.36.0-255,66,137533,19,219167
29786,0.002066,74.125.24.0-255,2902,140435,19,219167
29787,0.002068,172.31.36.0-255,66,140501,19,219167
29788,0.002077,74.125.24.0-255,9992,150493,19,219167
29789,0.002079,172.31.36.0-255,66,150559,19,219167
29790,0.0021,74.125.24.0-255,2902,153461,19,219167
29791,0.002102,172.31.36.0-255,66,153527,19,219167
29792,0.002135,74.125.24.0-255,4320,157847,19,219167
29793,0.002139,172.31.36.0-255,66,157913,19,219167
29794,0.002167,74.125.24.0-255,6438,164351,19,219167
29795,0.00217,172.31.36.0-255,66,164417,19,219167
29796,0.002194,74.125.24.0-255,1484,165901,19,219167
29797,0.002198,74.125.24.0-255,2902,168803,19,219167
29798,0.002207,172.31.36.0-255,66,168869,19,219167
29799,0.002213,74.125.24.0-255,4320,173189,19,219167
29800,0.002215,172.31.36.0-255,66,173255,19,219167
29801,0.002244,74.125.24.0-255,1484,174739,19,219167
29802,0.002252,74.125.24.0-255,8574,183313,19,219167
29803,0.002254,172.31.36.0-255,66,183379,19,219167
29804,0.00229,172.31.36.0-255,66,183445,19,219167
29805,0.002313,74.125.24.0-255,2184,185629,19,219167
29806,0.002315,172.31.36.0-255,66,185695,19,219167
29807,0.002319,74.125.24.0-255,1484,187179,19,219167
29808,0.002338,74.125.24.0-255,2902,190081,19,219167
29809,0.00234,172.31.36.0-255,66,190147,19,219167
29810,0.002347,74.125.24.0-255,5738,195885,19,219167
29811,0.002349,172.31.36.0-255,66,195951,19,219167
29812,0.002376,74.125.24.0-255,5738,201689,19,219167
29813,0.002379,172.31.36.0-255,66,201755,19,219167
29814,0.004721,74.125.24.0-255,5738,207493,19,219167
29815,0.004725,172.31.36.0-255,66,207559,19,219167
29816,0.007049,74.125.24.0-255,5738,213297,19,219167
29817,0.007057,172.31.36.0-255,66,213363,19,219167
29818,0.009386,74.125.24.0-255,5738,219101,19,219167
29819,0.009393,172.31.36.0-255,66,219167,19,219167
29820,0.0,172.217.194.0-255,143,143,19,277929
29821,2.6e-05,172.31.36.0-255,66,209,19,277929
29822,3.3e-05,172.217.194.0-255,1484,1693,19,277929
29823,3.7e-05,172.31.36.0-255,66,1759,19,277929
29824,4.1e-05,172.217.194.0-255,2902,4661,19,277929
29825,5.2e-05,172.31.36.0-255,66,4727,19,277929
29826,5.9e-05,172.217.194.0-255,7156,11883,19,277929
29827,6.3e-05,172.31.36.0-255,66,11949,19,277929
29828,0.000126,172.217.194.0-255,2013,13962,19,277929
29829,0.00013,172.31.36.0-255,66,14028,19,277929
29830,0.0003,172.217.194.0-255,1484,15512,19,277929
29831,0.000305,172.31.36.0-255,66,15578,19,277929
29832,0.000334,172.217.194.0-255,2902,18480,19,277929
29833,0.000338,172.31.36.0-255,66,18546,19,277929
29834,0.000343,172.217.194.0-255,2902,21448,19,277929
29835,0.000345,172.31.36.0-255,66,21514,19,277929
29836,0.000382,172.217.194.0-255,7156,28670,19,277929
29837,0.000386,172.31.36.0-255,66,28736,19,277929
29838,0.00039,172.217.194.0-255,2902,31638,19,277929
29839,0.000393,172.31.36.0-255,66,31704,19,277929
29840,0.000428,172.217.194.0-255,3961,35665,19,277929
29841,0.000431,172.31.36.0-255,66,35731,19,277929
29842,0.000439,172.217.194.0-255,7156,42887,19,277929
29843,0.000441,172.31.36.0-255,66,42953,19,277929
29844,0.000462,172.31.36.0-255,66,43019,19,277929
29845,0.000491,172.217.194.0-255,6438,49457,19,277929
29846,0.000499,172.31.36.0-255,66,49523,19,277929
29847,0.000502,172.217.194.0-255,379,49902,19,277929
29848,0.000504,172.31.36.0-255,66,49968,19,277929
29849,0.000595,172.217.194.0-255,1484,51452,19,277929
29850,0.000598,172.31.36.0-255,66,51518,19,277929
29851,0.000604,172.217.194.0-255,2902,54420,19,277929
29852,0.000606,172.31.36.0-255,66,54486,19,277929
29853,0.000638,172.217.194.0-255,5738,60224,19,277929
29854,0.000641,172.31.36.0-255,66,60290,19,277929
29855,0.000648,172.217.194.0-255,5738,66028,19,277929
29856,0.00065,172.31.36.0-255,66,66094,19,277929
29857,0.000661,172.217.194.0-255,4320,70414,19,277929
29858,0.000673,172.31.36.0-255,66,70480,19,277929
29859,0.000707,172.217.194.0-255,8574,79054,19,277929
29860,0.00071,172.31.36.0-255,66,79120,19,277929
29861,0.000716,172.217.194.0-255,4738,83858,19,277929
29862,0.000718,172.31.36.0-255,66,83924,19,277929
29863,0.00075,172.217.194.0-255,4320,88244,19,277929
29864,0.000755,172.31.36.0-255,66,88310,19,277929
29865,0.000756,172.217.194.0-255,5738,94048,19,277929
29866,0.00077,172.31.36.0-255,66,94114,19,277929
29867,0.000782,172.217.194.0-255,7156,101270,19,277929
29868,0.000791,172.31.36.0-255,66,101336,19,277929
29869,0.000811,172.217.194.0-255,4320,105656,19,277929
29870,0.000815,172.31.36.0-255,66,105722,19,277929
29871,0.000819,172.217.194.0-255,7156,112878,19,277929
29872,0.000831,172.31.36.0-255,66,112944,19,277929
29873,0.00085,172.217.194.0-255,5020,117964,19,277929
29874,0.000859,172.31.36.0-255,66,118030,19,277929
29875,0.001504,172.217.194.0-255,1484,119514,19,277929
29876,0.001514,172.217.194.0-255,2902,122416,19,277929
29877,0.001518,172.31.36.0-255,66,122482,19,277929
29878,0.001524,172.217.194.0-255,2902,125384,19,277929
29879,0.001526,172.31.36.0-255,66,125450,19,277929
29880,0.001554,172.217.194.0-255,2902,128352,19,277929
29881,0.001557,172.31.36.0-255,66,128418,19,277929
29882,0.001579,172.31.36.0-255,66,128484,19,277929
29883,0.001585,172.217.194.0-255,5738,134222,19,277929
29884,0.001587,172.31.36.0-255,66,134288,19,277929
29885,0.001622,172.217.194.0-255,5020,139308,19,277929
29886,0.001626,172.31.36.0-255,66,139374,19,277929
29887,0.001657,172.217.194.0-255,5738,145112,19,277929
29888,0.001663,172.31.36.0-255,66,145178,19,277929
29889,0.001711,172.31.36.0-255,66,145244,19,277929
29890,0.001768,172.217.194.0-255,3602,148846,19,277929
29891,0.001778,172.217.194.0-255,9992,158838,19,277929
29892,0.001795,172.217.194.0-255,2902,161740,19,277929
29893,0.001826,172.217.194.0-255,2902,164642,19,277929
29894,0.001833,172.217.194.0-255,6438,171080,19,277929
29895,0.001848,172.31.36.0-255,66,171146,19,277929
29896,0.001873,172.217.194.0-255,1484,172630,19,277929
29897,0.001877,172.217.194.0-255,1484,174114,19,277929
29898,0.001898,172.217.194.0-255,1484,175598,19,277929
29899,0.001905,172.217.194.0-255,5738,181336,19,277929
29900,0.001911,172.217.194.0-255,4320,185656,19,277929
29901,0.00192,172.31.36.0-255,66,185722,19,277929
29902,0.001952,172.217.194.0-255,8574,194296,19,277929
29903,0.001961,172.217.194.0-255,8574,202870,19,277929
29904,0.00198,172.217.194.0-255,2184,205054,19,277929
29905,0.002011,172.217.194.0-255,2902,207956,19,277929
29906,0.002026,172.217.194.0-255,4320,212276,19,277929
29907,0.002046,172.217.194.0-255,1484,213760,19,277929
29908,0.002054,172.217.194.0-255,8574,222334,19,277929
29909,0.002071,172.217.194.0-255,1484,223818,19,277929
29910,0.00208,172.31.36.0-255,66,223884,19,277929
29911,0.002105,172.217.194.0-255,8574,232458,19,277929
29912,0.002122,172.217.194.0-255,7156,239614,19,277929
29913,0.002144,172.31.36.0-255,66,239680,19,277929
29914,0.002163,172.217.194.0-255,5020,244700,19,277929
29915,0.002186,172.217.194.0-255,6438,251138,19,277929
29916,0.002238,172.31.36.0-255,66,251204,19,277929
29917,0.002275,172.217.194.0-255,9992,261196,19,277929
29918,0.002293,172.217.194.0-255,7156,268352,19,277929
29919,0.002315,172.217.194.0-255,5020,273372,19,277929
29920,0.002337,172.31.36.0-255,66,273438,19,277929
29921,0.002355,172.217.194.0-255,4320,277758,19,277929
29922,0.002428,172.31.36.0-255,66,277824,19,277929
29923,0.004694,172.217.194.0-255,105,277929,19,277929
29924,0.0,74.125.68.0-255,153,153,19,210257
29925,3.4e-05,172.31.36.0-255,66,219,19,210257
29926,4e-05,74.125.68.0-255,1484,1703,19,210257
29927,4.4e-05,172.31.36.0-255,66,1769,19,210257
29928,5e-05,74.125.68.0-255,2902,4671,19,210257
29929,5.3e-05,172.31.36.0-255,66,4737,19,210257
29930,5.6e-05,74.125.68.0-255,1484,6221,19,210257
29931,5.8e-05,172.31.36.0-255,66,6287,19,210257
29932,6.3e-05,74.125.68.0-255,2902,9189,19,210257
29933,6.5e-05,172.31.36.0-255,66,9255,19,210257
29934,0.00011,74.125.68.0-255,4823,14078,19,210257
29935,0.000113,172.31.36.0-255,66,14144,19,210257
29936,0.000146,74.125.68.0-255,5738,19882,19,210257
29937,0.00015,172.31.36.0-255,66,19948,19,210257
29938,0.000173,74.125.68.0-255,7156,27104,19,210257
29939,0.000177,172.31.36.0-255,66,27170,19,210257
29940,0.000195,74.125.68.0-255,3961,31131,19,210257
29941,0.000198,172.31.36.0-255,66,31197,19,210257
29942,0.00053,74.125.68.0-255,1484,32681,19,210257
29943,0.000535,172.31.36.0-255,66,32747,19,210257
29944,0.00054,74.125.68.0-255,2902,35649,19,210257
29945,0.000542,172.31.36.0-255,66,35715,19,210257
29946,0.000562,74.125.68.0-255,2902,38617,19,210257
29947,0.000564,172.31.36.0-255,66,38683,19,210257
29948,0.000587,74.125.68.0-255,2902,41585,19,210257
29949,0.000591,172.31.36.0-255,66,41651,19,210257
29950,0.000597,74.125.68.0-255,4320,45971,19,210257
29951,0.000599,172.31.36.0-255,66,46037,19,210257
29952,0.000602,74.125.68.0-255,1484,47521,19,210257
29953,0.000604,172.31.36.0-255,66,47587,19,210257
29954,0.000626,74.125.68.0-255,3961,51548,19,210257
29955,0.000629,74.125.68.0-255,1484,53032,19,210257
29956,0.000631,172.31.36.0-255,66,53098,19,210257
29957,0.000661,74.125.68.0-255,4320,57418,19,210257
29958,0.000664,172.31.36.0-255,66,57484,19,210257
29959,0.000688,74.125.68.0-255,4320,61804,19,210257
29960,0.000691,172.31.36.0-255,66,61870,19,210257
29961,0.000697,74.125.68.0-255,4311,66181,19,210257
29962,0.000699,172.31.36.0-255,66,66247,19,210257
29963,0.000717,74.125.68.0-255,330,66577,19,210257
29964,0.000889,172.31.36.0-255,66,66643,19,210257
29965,0.001015,74.125.68.0-255,1484,68127,19,210257
29966,0.001026,74.125.68.0-255,2902,71029,19,210257
29967,0.001029,172.31.36.0-255,66,71095,19,210257
29968,0.001049,74.125.68.0-255,4320,75415,19,210257
29969,0.001053,172.31.36.0-255,66,75481,19,210257
29970,0.001075,74.125.68.0-255,7156,82637,19,210257
29971,0.001078,172.31.36.0-255,66,82703,19,210257
29972,0.001097,74.125.68.0-255,1484,84187,19,210257
29973,0.001103,74.125.68.0-255,4320,88507,19,210257
29974,0.001105,172.31.36.0-255,66,88573,19,210257
29975,0.001143,74.125.68.0-255,4320,92893,19,210257
29976,0.001147,172.31.36.0-255,66,92959,19,210257
29977,0.00117,74.125.68.0-255,7856,100815,19,210257
29978,0.001174,172.31.36.0-255,66,100881,19,210257
29979,0.00125,74.125.68.0-255,1484,102365,19,210257
29980,0.001255,74.125.68.0-255,1484,103849,19,210257
29981,0.001258,172.31.36.0-255,66,103915,19,210257
29982,0.001275,74.125.68.0-255,1484,105399,19,210257
29983,0.001281,74.125.68.0-255,2902,108301,19,210257
29984,0.001283,172.31.36.0-255,66,108367,19,210257
29985,0.001301,74.125.68.0-255,1484,109851,19,210257
29986,0.001308,74.125.68.0-255,5738,115589,19,210257
29987,0.001311,172.31.36.0-255,66,115655,19,210257
29988,0.001327,74.125.68.0-255,4320,119975,19,210257
29989,0.00133,172.31.36.0-255,66,120041,19,210257
29990,0.00135,74.125.68.0-255,7156,127197,19,210257
29991,0.001354,172.31.36.0-255,66,127263,19,210257
29992,0.001359,74.125.68.0-255,4320,131583,19,210257
29993,0.001361,172.31.36.0-255,66,131649,19,210257
29994,0.001393,74.125.68.0-255,1484,133133,19,210257
29995,0.001413,74.125.68.0-255,2184,135317,19,210257
29996,0.001417,172.31.36.0-255,66,135383,19,210257
29997,0.00142,74.125.68.0-255,1484,136867,19,210257
29998,0.001435,74.125.68.0-255,2902,139769,19,210257
29999,0.001438,172.31.36.0-255,66,139835,19,210257
30000,0.001444,74.125.68.0-255,4320,144155,19,210257
30001,0.001446,172.31.36.0-255,66,144221,19,210257
30002,0.00146,74.125.68.0-255,5738,149959,19,210257
30003,0.001463,172.31.36.0-255,66,150025,19,210257
30004,0.00149,74.125.68.0-255,5738,155763,19,210257
30005,0.001494,172.31.36.0-255,66,155829,19,210257
30006,0.001517,74.125.68.0-255,5738,161567,19,210257
30007,0.00152,172.31.36.0-255,66,161633,19,210257
30008,0.001525,74.125.68.0-255,4320,165953,19,210257
30009,0.001527,172.31.36.0-255,66,166019,19,210257
30010,0.001544,74.125.68.0-255,2902,168921,19,210257
30011,0.001547,172.31.36.0-255,66,168987,19,210257
30012,0.001566,74.125.68.0-255,766,169753,19,210257
30013,0.00158,74.125.68.0-255,4320,174073,19,210257
30014,0.001582,172.31.36.0-255,66,174139,19,210257
30015,0.001602,74.125.68.0-255,4320,178459,19,210257
30016,0.001604,172.31.36.0-255,66,178525,19,210257
30017,0.001621,74.125.68.0-255,1484,180009,19,210257
30018,0.001628,74.125.68.0-255,7156,187165,19,210257
30019,0.001631,172.31.36.0-255,66,187231,19,210257
30020,0.001663,172.31.36.0-255,66,187297,19,210257
30021,0.001692,74.125.68.0-255,1484,188781,19,210257
30022,0.001709,74.125.68.0-255,3602,192383,19,210257
30023,0.001711,172.31.36.0-255,66,192449,19,210257
30024,0.003919,74.125.68.0-255,2902,195351,19,210257
30025,0.003922,172.31.36.0-255,66,195417,19,210257
30026,0.003941,74.125.68.0-255,2902,198319,19,210257
30027,0.003943,172.31.36.0-255,66,198385,19,210257
30028,0.006144,74.125.68.0-255,2902,201287,19,210257
30029,0.00615,172.31.36.0-255,66,201353,19,210257
30030,0.006169,74.125.68.0-255,2902,204255,19,210257
30031,0.006171,172.31.36.0-255,66,204321,19,210257
30032,0.008377,74.125.68.0-255,2902,207223,19,210257
30033,0.008384,172.31.36.0-255,66,207289,19,210257
30034,0.008405,74.125.68.0-255,2902,210191,19,210257
30035,0.008408,172.31.36.0-255,66,210257,19,210257
30036,0.0,74.125.68.0-255,153,153,19,246637
30037,1.6e-05,172.31.36.0-255,66,219,19,246637
30038,2.2e-05,74.125.68.0-255,1484,1703,19,246637
30039,2.6e-05,172.31.36.0-255,66,1769,19,246637
30040,3.2e-05,74.125.68.0-255,2902,4671,19,246637
30041,3.5e-05,172.31.36.0-255,66,4737,19,246637
30042,4e-05,74.125.68.0-255,4320,9057,19,246637
30043,4.4e-05,172.31.36.0-255,66,9123,19,246637
30044,7.4e-05,74.125.68.0-255,7156,16279,19,246637
30045,7.7e-05,172.31.36.0-255,66,16345,19,246637
30046,9.3e-05,74.125.68.0-255,2030,18375,19,246637
30047,9.6e-05,172.31.36.0-255,66,18441,19,246637
30048,0.000102,74.125.68.0-255,4320,22761,19,246637
30049,0.000104,172.31.36.0-255,66,22827,19,246637
30050,0.000124,74.125.68.0-255,1484,24311,19,246637
30051,0.000126,172.31.36.0-255,66,24377,19,246637
30052,0.000144,74.125.68.0-255,2902,27279,19,246637
30053,0.000147,172.31.36.0-255,66,27345,19,246637
30054,0.00017,74.125.68.0-255,3961,31306,19,246637
30055,0.000175,172.31.36.0-255,66,31372,19,246637
30056,0.000399,74.125.68.0-255,1484,32856,19,246637
30057,0.000404,172.31.36.0-255,66,32922,19,246637
30058,0.000448,74.125.68.0-255,2902,35824,19,246637
30059,0.000451,172.31.36.0-255,66,35890,19,246637
30060,0.000456,74.125.68.0-255,4320,40210,19,246637
30061,0.000459,172.31.36.0-255,66,40276,19,246637
30062,0.000465,74.125.68.0-255,5738,46014,19,246637
30063,0.000467,172.31.36.0-255,66,46080,19,246637
30064,0.000495,74.125.68.0-255,1484,47564,19,246637
30065,0.000497,172.31.36.0-255,66,47630,19,246637
30066,0.000527,74.125.68.0-255,8574,56204,19,246637
30067,0.000531,172.31.36.0-255,66,56270,19,246637
30068,0.00055,74.125.68.0-255,2902,59172,19,246637
30069,0.000553,172.31.36.0-255,66,59238,19,246637
30070,0.000581,74.125.68.0-255,6438,65676,19,246637
30071,0.000585,172.31.36.0-255,66,65742,19,246637
30072,0.000599,74.125.68.0-255,397,66139,19,246637
30073,0.000668,74.125.68.0-255,115,66254,19,246637
30074,0.000847,74.125.68.0-255,1484,67738,19,246637
30075,0.000851,172.31.36.0-255,66,67804,19,246637
30076,0.000856,74.125.68.0-255,2902,70706,19,246637
30077,0.000858,172.31.36.0-255,66,70772,19,246637
30078,0.000883,74.125.68.0-255,5738,76510,19,246637
30079,0.000887,172.31.36.0-255,66,76576,19,246637
30080,0.000941,74.125.68.0-255,1484,78060,19,246637
30081,0.000946,74.125.68.0-255,2902,80962,19,246637
30082,0.000949,172.31.36.0-255,66,81028,19,246637
30083,0.000954,74.125.68.0-255,2902,83930,19,246637
30084,0.000956,172.31.36.0-255,66,83996,19,246637
30085,0.000973,74.125.68.0-255,2902,86898,19,246637
30086,0.000976,172.31.36.0-255,66,86964,19,246637
30087,0.000982,74.125.68.0-255,5738,92702,19,246637
30088,0.000985,172.31.36.0-255,66,92768,19,246637
30089,0.000991,74.125.68.0-255,7156,99924,19,246637
30090,0.000995,172.31.36.0-255,66,99990,19,246637
30091,0.000998,74.125.68.0-255,766,100756,19,246637
30092,0.001086,74.125.68.0-255,329,101085,19,246637
30093,0.001165,74.125.68.0-255,1484,102569,19,246637
30094,0.00117,172.31.36.0-255,66,102635,19,246637
30095,0.00118,74.125.68.0-255,2902,105537,19,246637
30096,0.001183,172.31.36.0-255,66,105603,19,246637
30097,0.001187,74.125.68.0-255,1484,107087,19,246637
30098,0.001213,74.125.68.0-255,4320,111407,19,246637
30099,0.001216,172.31.36.0-255,66,111473,19,246637
30100,0.001235,74.125.68.0-255,2902,114375,19,246637
30101,0.001238,172.31.36.0-255,66,114441,19,246637
30102,0.001262,74.125.68.0-255,7156,121597,19,246637
30103,0.001265,172.31.36.0-255,66,121663,19,246637
30104,0.001272,74.125.68.0-255,7156,128819,19,246637
30105,0.001275,172.31.36.0-255,66,128885,19,246637
30106,0.001297,74.125.68.0-255,4320,133205,19,246637
30107,0.0013,172.31.36.0-255,66,133271,19,246637
30108,0.001304,74.125.68.0-255,2184,135455,19,246637
30109,0.001306,172.31.36.0-255,66,135521,19,246637
30110,0.001338,74.125.68.0-255,1484,137005,19,246637
30111,0.001343,74.125.68.0-255,2902,139907,19,246637
30112,0.001346,172.31.36.0-255,66,139973,19,246637
30113,0.001349,74.125.68.0-255,1484,141457,19,246637
30114,0.001374,74.125.68.0-255,4320,145777,19,246637
30115,0.001377,172.31.36.0-255,66,145843,19,246637
30116,0.001381,74.125.68.0-255,2902,148745,19,246637
30117,0.001384,172.31.36.0-255,66,148811,19,246637
30118,0.001389,74.125.68.0-255,4320,153131,19,246637
30119,0.001391,172.31.36.0-255,66,153197,19,246637
30120,0.001394,74.125.68.0-255,1484,154681,19,246637
30121,0.001422,74.125.68.0-255,7156,161837,19,246637
30122,0.001426,172.31.36.0-255,66,161903,19,246637
30123,0.001434,74.125.68.0-255,7156,169059,19,246637
30124,0.001436,172.31.36.0-255,66,169125,19,246637
30125,0.001439,74.125.68.0-255,766,169891,19,246637
30126,0.001638,74.125.68.0-255,1484,171375,19,246637
30127,0.001644,172.31.36.0-255,66,171441,19,246637
30128,0.001697,74.125.68.0-255,1484,172925,19,246637
30129,0.001719,74.125.68.0-255,2902,175827,19,246637
30130,0.001722,172.31.36.0-255,66,175893,19,246637
30131,0.00173,74.125.68.0-255,5738,181631,19,246637
30132,0.001732,172.31.36.0-255,66,181697,19,246637
30133,0.001753,74.125.68.0-255,1484,183181,19,246637
30134,0.001774,74.125.68.0-255,5738,188919,19,246637
30135,0.001778,172.31.36.0-255,66,188985,19,246637
30136,0.001798,74.125.68.0-255,4320,193305,19,246637
30137,0.0018,172.31.36.0-255,66,193371,19,246637
30138,0.001841,74.125.68.0-255,8574,201945,19,246637
30139,0.001846,172.31.36.0-255,66,202011,19,246637
30140,0.001863,74.125.68.0-255,2184,204195,19,246637
30141,0.001866,172.31.36.0-255,66,204261,19,246637
30142,0.001981,74.125.68.0-255,1484,205745,19,246637
30143,0.001999,74.125.68.0-255,2902,208647,19,246637
30144,0.002004,172.31.36.0-255,66,208713,19,246637
30145,0.002007,74.125.68.0-255,1484,210197,19,246637
30146,0.002027,74.125.68.0-255,4320,214517,19,246637
30147,0.002031,172.31.36.0-255,66,214583,19,246637
30148,0.002072,74.125.68.0-255,4320,218903,19,246637
30149,0.002075,172.31.36.0-255,66,218969,19,246637
30150,0.002095,74.125.68.0-255,4320,223289,19,246637
30151,0.002097,172.31.36.0-255,66,223355,19,246637
30152,0.002103,74.125.68.0-255,5738,229093,19,246637
30153,0.002105,172.31.36.0-255,66,229159,19,246637
30154,0.004145,74.125.68.0-255,5738,234897,19,246637
30155,0.004153,172.31.36.0-255,66,234963,19,246637
30156,0.006198,74.125.68.0-255,5738,240701,19,246637
30157,0.006205,172.31.36.0-255,66,240767,19,246637
30158,0.008238,74.125.68.0-255,4320,245087,19,246637
30159,0.008242,172.31.36.0-255,66,245153,19,246637
30160,0.008259,74.125.68.0-255,1484,246637,19,246637
30161,0.0,74.125.24.0-255,218,218,19,137683
30162,1.4e-05,172.31.36.0-255,66,284,19,137683
30163,2.2e-05,74.125.24.0-255,1484,1768,19,137683
30164,2.6e-05,172.31.36.0-255,66,1834,19,137683
30165,4.1e-05,74.125.24.0-255,4320,6154,19,137683
30166,4.4e-05,172.31.36.0-255,66,6220,19,137683
30167,5e-05,74.125.24.0-255,4320,10540,19,137683
30168,5.3e-05,172.31.36.0-255,66,10606,19,137683
30169,7.6e-05,74.125.24.0-255,4677,15283,19,137683
30170,7.9e-05,172.31.36.0-255,66,15349,19,137683
30171,0.000138,74.125.24.0-255,2902,18251,19,137683
30172,0.000141,172.31.36.0-255,66,18317,19,137683
30173,0.000171,74.125.24.0-255,4320,22637,19,137683
30174,0.000174,172.31.36.0-255,66,22703,19,137683
30175,0.000214,74.125.24.0-255,4320,27023,19,137683
30176,0.000217,172.31.36.0-255,66,27089,19,137683
30177,0.000243,74.125.24.0-255,3961,31050,19,137683
30178,0.000246,172.31.36.0-255,66,31116,19,137683
30179,0.000303,74.125.24.0-255,7156,38272,19,137683
30180,0.000307,172.31.36.0-255,66,38338,19,137683
30181,0.00033,74.125.24.0-255,1484,39822,19,137683
30182,0.000333,172.31.36.0-255,66,39888,19,137683
30183,0.000394,74.125.24.0-255,7156,47044,19,137683
30184,0.000399,172.31.36.0-255,66,47110,19,137683
30185,0.000482,74.125.24.0-255,8574,55684,19,137683
30186,0.000486,172.31.36.0-255,66,55750,19,137683
30187,0.000508,74.125.24.0-255,9585,65335,19,137683
30188,0.000511,172.31.36.0-255,66,65401,19,137683
30189,0.000648,74.125.24.0-255,109,65510,19,137683
30190,0.000653,172.31.36.0-255,66,65576,19,137683
30191,0.000679,74.125.24.0-255,1484,67060,19,137683
30192,0.000682,172.31.36.0-255,66,67126,19,137683
30193,0.000687,74.125.24.0-255,2902,70028,19,137683
30194,0.000727,74.125.24.0-255,7156,77184,19,137683
30195,0.000738,172.31.36.0-255,66,77250,19,137683
30196,0.000795,74.125.24.0-255,4320,81570,19,137683
30197,0.000807,172.31.36.0-255,66,81636,19,137683
30198,0.000846,172.31.36.0-255,66,81702,19,137683
30199,0.000962,74.125.24.0-255,6797,88499,19,137683
30200,0.000985,172.31.36.0-255,66,88565,19,137683
30201,0.001045,74.125.24.0-255,7156,95721,19,137683
30202,0.001054,172.31.36.0-255,66,95787,19,137683
30203,0.001082,172.31.36.0-255,66,95853,19,137683
30204,0.001304,74.125.24.0-255,9274,105127,19,137683
30205,0.001316,172.31.36.0-255,66,105193,19,137683
30206,0.001411,74.125.24.0-255,9992,115185,19,137683
30207,0.001415,172.31.36.0-255,66,115251,19,137683
30208,0.001473,172.31.36.0-255,66,115317,19,137683
30209,0.001805,172.31.36.0-255,66,115383,19,137683
30210,0.001826,74.125.24.0-255,6438,121821,19,137683
30211,0.003289,74.125.24.0-255,9992,131813,19,137683
30212,0.006756,172.31.36.0-255,66,131879,19,137683
30213,0.009096,74.125.24.0-255,5738,137617,19,137683
30214,0.009102,172.31.36.0-255,66,137683,19,137683
30215,0.0,172.217.194.0-255,146,146,19,139398
30216,2.2e-05,172.31.36.0-255,66,212,19,139398
30217,3e-05,172.217.194.0-255,1484,1696,19,139398
30218,3.4e-05,172.31.36.0-255,66,1762,19,139398
30219,4e-05,172.217.194.0-255,2902,4664,19,139398
30220,4.4e-05,172.31.36.0-255,66,4730,19,139398
30221,6e-05,172.217.194.0-255,7156,11886,19,139398
30222,6.3e-05,172.31.36.0-255,66,11952,19,139398
30223,6.7e-05,172.217.194.0-255,2087,14039,19,139398
30224,7.1e-05,172.31.36.0-255,66,14105,19,139398
30225,0.000201,172.217.194.0-255,1484,15589,19,139398
30226,0.000206,172.31.36.0-255,66,15655,19,139398
30227,0.000213,172.217.194.0-255,2902,18557,19,139398
30228,0.000216,172.31.36.0-255,66,18623,19,139398
30229,0.000227,172.217.194.0-255,5738,24361,19,139398
30230,0.00023,172.31.36.0-255,66,24427,19,139398
30231,0.000233,172.217.194.0-255,1484,25911,19,139398
30232,0.000235,172.31.36.0-255,66,25977,19,139398
30233,0.00027,172.217.194.0-255,5379,31356,19,139398
30234,0.000274,172.31.36.0-255,66,31422,19,139398
30235,0.000282,172.217.194.0-255,7156,38578,19,139398
30236,0.000284,172.31.36.0-255,66,38644,19,139398
30237,0.000313,172.217.194.0-255,9633,48277,19,139398
30238,0.000316,172.31.36.0-255,66,48343,19,139398
30239,0.000362,172.217.194.0-255,9992,58335,19,139398
30240,0.000365,172.31.36.0-255,66,58401,19,139398
30241,0.000391,172.217.194.0-255,1484,59885,19,139398
30242,0.000393,172.31.36.0-255,66,59951,19,139398
30243,0.000416,172.217.194.0-255,5379,65330,19,139398
30244,0.000418,172.31.36.0-255,66,65396,19,139398
30245,0.000569,172.217.194.0-255,361,65757,19,139398
30246,0.000574,172.31.36.0-255,66,65823,19,139398
30247,0.000578,172.217.194.0-255,383,66206,19,139398
30248,0.000986,172.217.194.0-255,1484,67690,19,139398
30249,0.000991,172.31.36.0-255,66,67756,19,139398
30250,0.000997,172.217.194.0-255,2902,70658,19,139398
30251,0.000999,172.31.36.0-255,66,70724,19,139398
30252,0.001012,172.217.194.0-255,5738,76462,19,139398
30253,0.001014,172.31.36.0-255,66,76528,19,139398
30254,0.00102,172.217.194.0-255,4320,80848,19,139398
30255,0.001022,172.31.36.0-255,66,80914,19,139398
30256,0.001069,172.31.36.0-255,66,80980,19,139398
30257,0.001078,172.217.194.0-255,7856,88836,19,139398
30258,0.00108,172.31.36.0-255,66,88902,19,139398
30259,0.00215,172.217.194.0-255,1484,90386,19,139398
30260,0.002162,172.217.194.0-255,2902,93288,19,139398
30261,0.002167,172.31.36.0-255,66,93354,19,139398
30262,0.002175,172.217.194.0-255,5738,99092,19,139398
30263,0.002177,172.31.36.0-255,66,99158,19,139398
30264,0.002181,172.217.194.0-255,1484,100642,19,139398
30265,0.002217,172.217.194.0-255,8574,109216,19,139398
30266,0.002219,172.31.36.0-255,66,109282,19,139398
30267,0.002238,172.31.36.0-255,66,109348,19,139398
30268,0.002242,172.217.194.0-255,2184,111532,19,139398
30269,0.002244,172.31.36.0-255,66,111598,19,139398
30270,0.002287,172.217.194.0-255,1484,113082,19,139398
30271,0.002292,172.217.194.0-255,2902,115984,19,139398
30272,0.002296,172.31.36.0-255,66,116050,19,139398
30273,0.002355,172.217.194.0-255,5738,121788,19,139398
30274,0.002357,172.31.36.0-255,66,121854,19,139398
30275,0.002375,172.31.36.0-255,66,121920,19,139398
30276,0.002378,172.217.194.0-255,1484,123404,19,139398
30277,0.004666,172.217.194.0-255,4320,127724,19,139398
30278,0.004669,172.31.36.0-255,66,127790,19,139398
30279,0.006973,172.217.194.0-255,5738,133528,19,139398
30280,0.006978,172.31.36.0-255,66,133594,19,139398
30281,0.009259,172.217.194.0-255,5738,139332,19,139398
30282,0.009266,172.31.36.0-255,66,139398,19,139398
30283,0.0,74.125.200.0-255,146,146,19,275189
30284,3.2e-05,172.31.36.0-255,66,212,19,275189
30285,4e-05,74.125.200.0-255,1484,1696,19,275189
30286,4.3e-05,172.31.36.0-255,66,1762,19,275189
30287,4.7e-05,74.125.200.0-255,2902,4664,19,275189
30288,4.9e-05,172.31.36.0-255,66,4730,19,275189
30289,6.3e-05,74.125.200.0-255,5738,10468,19,275189
30290,6.5e-05,172.31.36.0-255,66,10534,19,275189
30291,8.5e-05,74.125.200.0-255,1484,12018,19,275189
30292,8.8e-05,172.31.36.0-255,66,12084,19,275189
30293,0.000114,74.125.200.0-255,2014,14098,19,275189
30294,0.000116,172.31.36.0-255,66,14164,19,275189
30295,0.000191,74.125.200.0-255,1484,15648,19,275189
30296,0.000195,172.31.36.0-255,66,15714,19,275189
30297,0.000198,74.125.200.0-255,1484,17198,19,275189
30298,0.000199,172.31.36.0-255,66,17264,19,275189
30299,0.000233,74.125.200.0-255,1484,18748,19,275189
30300,0.000235,172.31.36.0-255,66,18814,19,275189
30301,0.000244,74.125.200.0-255,5738,24552,19,275189
30302,0.000246,172.31.36.0-255,66,24618,19,275189
30303,0.000279,74.125.200.0-255,6797,31415,19,275189
30304,0.000283,172.31.36.0-255,66,31481,19,275189
30305,0.000311,74.125.200.0-255,7156,38637,19,275189
30306,0.000315,172.31.36.0-255,66,38703,19,275189
30307,0.000343,74.125.200.0-255,8574,47277,19,275189
30308,0.000346,172.31.36.0-255,66,47343,19,275189
30309,0.000352,74.125.200.0-255,5738,53081,19,275189
30310,0.000354,172.31.36.0-255,66,53147,19,275189
30311,0.000378,74.125.200.0-255,2902,56049,19,275189
30312,0.000383,74.125.200.0-255,4320,60369,19,275189
30313,0.000383,172.31.36.0-255,66,60435,19,275189
30314,0.000386,172.31.36.0-255,66,60501,19,275189
30315,0.00042,74.125.200.0-255,5020,65521,19,275189
30316,0.000423,172.31.36.0-255,66,65587,19,275189
30317,0.000433,74.125.200.0-255,678,66265,19,275189
30318,0.000783,172.31.36.0-255,66,66331,19,275189
30319,0.000821,74.125.200.0-255,1484,67815,19,275189
30320,0.000827,74.125.200.0-255,2902,70717,19,275189
30321,0.000829,172.31.36.0-255,66,70783,19,275189
30322,0.000861,74.125.200.0-255,5738,76521,19,275189
30323,0.000864,172.31.36.0-255,66,76587,19,275189
30324,0.000871,74.125.200.0-255,2902,79489,19,275189
30325,0.000873,172.31.36.0-255,66,79555,19,275189
30326,0.000877,74.125.200.0-255,2902,82457,19,275189
30327,0.000879,172.31.36.0-255,66,82523,19,275189
30328,0.000905,74.125.200.0-255,7156,89679,19,275189
30329,0.000908,172.31.36.0-255,66,89745,19,275189
30330,0.000914,74.125.200.0-255,4320,94065,19,275189
30331,0.000916,172.31.36.0-255,66,94131,19,275189
30332,0.000946,74.125.200.0-255,6438,100569,19,275189
30333,0.00095,172.31.36.0-255,66,100635,19,275189
30334,0.000999,74.125.200.0-255,1484,102119,19,275189
30335,0.001004,74.125.200.0-255,2902,105021,19,275189
30336,0.001008,172.31.36.0-255,66,105087,19,275189
30337,0.001047,74.125.200.0-255,4320,109407,19,275189
30338,0.00105,172.31.36.0-255,66,109473,19,275189
30339,0.001054,74.125.200.0-255,1484,110957,19,275189
30340,0.001107,74.125.200.0-255,7156,118113,19,275189
30341,0.001111,172.31.36.0-255,66,118179,19,275189
30342,0.001119,74.125.200.0-255,7156,125335,19,275189
30343,0.001121,172.31.36.0-255,66,125401,19,275189
30344,0.001134,74.125.200.0-255,8574,133975,19,275189
30345,0.001136,172.31.36.0-255,66,134041,19,275189
30346,0.001139,74.125.200.0-255,766,134807,19,275189
30347,0.00132,74.125.200.0-255,1484,136291,19,275189
30348,0.001325,172.31.36.0-255,66,136357,19,275189
30349,0.001364,74.125.200.0-255,1484,137841,19,275189
30350,0.001385,74.125.200.0-255,2902,140743,19,275189
30351,0.001388,172.31.36.0-255,66,140809,19,275189
30352,0.001417,74.125.200.0-255,5738,146547,19,275189
30353,0.00142,172.31.36.0-255,66,146613,19,275189
30354,0.001445,74.125.200.0-255,4320,150933,19,275189
30355,0.001449,172.31.36.0-255,66,150999,19,275189
30356,0.00146,74.125.200.0-255,2902,153901,19,275189
30357,0.001467,172.31.36.0-255,66,153967,19,275189
30358,0.001474,74.125.200.0-255,7156,161123,19,275189
30359,0.001476,172.31.36.0-255,66,161189,19,275189
30360,0.001534,74.125.200.0-255,5738,166927,19,275189
30361,0.001538,172.31.36.0-255,66,166993,19,275189
30362,0.001564,74.125.200.0-255,1484,168477,19,275189
30363,0.001603,74.125.200.0-255,766,169243,19,275189
30364,0.001606,172.31.36.0-255,66,169309,19,275189
30365,0.001934,74.125.200.0-255,1484,170793,19,275189
30366,0.001944,74.125.200.0-255,2902,173695,19,275189
30367,0.001948,172.31.36.0-255,66,173761,19,275189
30368,0.001956,74.125.200.0-255,5738,179499,19,275189
30369,0.001958,172.31.36.0-255,66,179565,19,275189
30370,0.001969,74.125.200.0-255,2902,182467,19,275189
30371,0.001971,172.31.36.0-255,66,182533,19,275189
30372,0.002002,74.125.200.0-255,5738,188271,19,275189
30373,0.002005,172.31.36.0-255,66,188337,19,275189
30374,0.002033,74.125.200.0-255,4320,192657,19,275189
30375,0.002036,172.31.36.0-255,66,192723,19,275189
30376,0.002043,74.125.200.0-255,4320,197043,19,275189
30377,0.002045,172.31.36.0-255,66,197109,19,275189
30378,0.00208,74.125.200.0-255,5738,202847,19,275189
30379,0.002083,172.31.36.0-255,66,202913,19,275189
30380,0.002086,74.125.200.0-255,766,203679,19,275189
30381,0.00209,74.125.200.0-255,1484,205163,19,275189
30382,0.002091,172.31.36.0-255,66,205229,19,275189
30383,0.002121,74.125.200.0-255,4320,209549,19,275189
30384,0.002124,172.31.36.0-255,66,209615,19,275189
30385,0.002131,74.125.200.0-255,4320,213935,19,275189
30386,0.002133,172.31.36.0-255,66,214001,19,275189
30387,0.002168,74.125.200.0-255,1484,215485,19,275189
30388,0.002177,74.125.200.0-255,7156,222641,19,275189
30389,0.002179,172.31.36.0-255,66,222707,19,275189
30390,0.002194,172.31.36.0-255,66,222773,19,275189
30391,0.002223,74.125.200.0-255,766,223539,19,275189
30392,0.002251,74.125.200.0-255,1484,225023,19,275189
30393,0.002254,172.31.36.0-255,66,225089,19,275189
30394,0.002277,74.125.200.0-255,4320,229409,19,275189
30395,0.002281,172.31.36.0-255,66,229475,19,275189
30396,0.002285,74.125.200.0-255,2902,232377,19,275189
30397,0.002287,172.31.36.0-255,66,232443,19,275189
30398,0.002313,74.125.200.0-255,4320,236763,19,275189
30399,0.002317,172.31.36.0-255,66,236829,19,275189
30400,0.00233,74.125.200.0-255,8574,245403,19,275189
30401,0.002333,172.31.36.0-255,66,245469,19,275189
30402,0.00234,74.125.200.0-255,7156,252625,19,275189
30403,0.002343,172.31.36.0-255,66,252691,19,275189
30404,0.002378,74.125.200.0-255,5020,257711,19,275189
30405,0.002381,172.31.36.0-255,66,257777,19,275189
30406,0.004713,74.125.200.0-255,5738,263515,19,275189
30407,0.004725,172.31.36.0-255,66,263581,19,275189
30408,0.007055,74.125.200.0-255,5738,269319,19,275189
30409,0.007059,172.31.36.0-255,66,269385,19,275189
30410,0.009449,74.125.200.0-255,5738,275123,19,275189
30411,0.009464,172.31.36.0-255,66,275189,19,275189
30412,0.0,172.217.194.0-255,152,152,19,221112
30413,3.3e-05,172.31.36.0-255,66,218,19,221112
30414,3.9e-05,172.217.194.0-255,1484,1702,19,221112
30415,4.4e-05,172.31.36.0-255,66,1768,19,221112
30416,5e-05,172.217.194.0-255,2902,4670,19,221112
30417,5.2e-05,172.31.36.0-255,66,4736,19,221112
30418,5.9e-05,172.217.194.0-255,7156,11892,19,221112
30419,6.2e-05,172.31.36.0-255,66,11958,19,221112
30420,6.5e-05,172.217.194.0-255,1484,13442,19,221112
30421,6.7e-05,172.31.36.0-255,66,13508,19,221112
30422,9.7e-05,172.217.194.0-255,3428,16936,19,221112
30423,0.000101,172.31.36.0-255,66,17002,19,221112
30424,0.000107,172.217.194.0-255,5738,22740,19,221112
30425,0.000109,172.31.36.0-255,66,22806,19,221112
30426,0.000125,172.217.194.0-255,2902,25708,19,221112
30427,0.000127,172.31.36.0-255,66,25774,19,221112
30428,0.000151,172.217.194.0-255,5379,31153,19,221112
30429,0.000155,172.31.36.0-255,66,31219,19,221112
30430,0.00019,172.217.194.0-255,1484,32703,19,221112
30431,0.000193,172.31.36.0-255,66,32769,19,221112
30432,0.000198,172.217.194.0-255,2902,35671,19,221112
30433,0.0002,172.31.36.0-255,66,35737,19,221112
30434,0.000218,172.217.194.0-255,5738,41475,19,221112
30435,0.000221,172.31.36.0-255,66,41541,19,221112
30436,0.000244,172.217.194.0-255,1484,43025,19,221112
30437,0.000247,172.31.36.0-255,66,43091,19,221112
30438,0.000273,172.217.194.0-255,9992,53083,19,221112
30439,0.000276,172.31.36.0-255,66,53149,19,221112
30440,0.000296,172.217.194.0-255,2543,55692,19,221112
30441,0.000299,172.31.36.0-255,66,55758,19,221112
30442,0.000307,172.217.194.0-255,9926,65684,19,221112
30443,0.00031,172.31.36.0-255,66,65750,19,221112
30444,0.000355,172.217.194.0-255,364,66114,19,221112
30445,0.000632,172.217.194.0-255,1484,67598,19,221112
30446,0.000637,172.31.36.0-255,66,67664,19,221112
30447,0.000654,172.217.194.0-255,2902,70566,19,221112
30448,0.000657,172.31.36.0-255,66,70632,19,221112
30449,0.000663,172.217.194.0-255,5738,76370,19,221112
30450,0.000666,172.31.36.0-255,66,76436,19,221112
30451,0.000669,172.217.194.0-255,1484,77920,19,221112
30452,0.000687,172.217.194.0-255,8574,86494,19,221112
30453,0.00069,172.31.36.0-255,66,86560,19,221112
30454,0.000729,172.217.194.0-255,4320,90880,19,221112
30455,0.000732,172.31.36.0-255,66,90946,19,221112
30456,0.00076,172.217.194.0-255,9274,100220,19,221112
30457,0.000762,172.31.36.0-255,66,100286,19,221112
30458,0.00091,172.217.194.0-255,1484,101770,19,221112
30459,0.00093,172.217.194.0-255,2902,104672,19,221112
30460,0.000934,172.31.36.0-255,66,104738,19,221112
30461,0.000942,172.217.194.0-255,5738,110476,19,221112
30462,0.000944,172.31.36.0-255,66,110542,19,221112
30463,0.00099,172.31.36.0-255,66,110608,19,221112
30464,0.000998,172.217.194.0-255,7156,117764,19,221112
30465,0.001001,172.31.36.0-255,66,117830,19,221112
30466,0.001021,172.217.194.0-255,1484,119314,19,221112
30467,0.001055,172.217.194.0-255,7856,127170,19,221112
30468,0.001058,172.31.36.0-255,66,127236,19,221112
30469,0.001067,172.217.194.0-255,8574,135810,19,221112
30470,0.001069,172.31.36.0-255,66,135876,19,221112
30471,0.001138,172.31.36.0-255,66,135942,19,221112
30472,0.001141,172.217.194.0-255,766,136708,19,221112
30473,0.001351,172.217.194.0-255,1484,138192,19,221112
30474,0.001355,172.31.36.0-255,66,138258,19,221112
30475,0.00136,172.217.194.0-255,2902,141160,19,221112
30476,0.001362,172.31.36.0-255,66,141226,19,221112
30477,0.001366,172.217.194.0-255,2902,144128,19,221112
30478,0.001369,172.31.36.0-255,66,144194,19,221112
30479,0.001391,172.217.194.0-255,2902,147096,19,221112
30480,0.001394,172.31.36.0-255,66,147162,19,221112
30481,0.001402,172.217.194.0-255,7156,154318,19,221112
30482,0.001404,172.31.36.0-255,66,154384,19,221112
30483,0.001423,172.217.194.0-255,5738,160122,19,221112
30484,0.001426,172.31.36.0-255,66,160188,19,221112
30485,0.001447,172.217.194.0-255,1484,161672,19,221112
30486,0.001468,172.217.194.0-255,9274,170946,19,221112
30487,0.001471,172.31.36.0-255,66,171012,19,221112
30488,0.001528,172.217.194.0-255,1484,172496,19,221112
30489,0.001533,172.217.194.0-255,2902,175398,19,221112
30490,0.001536,172.31.36.0-255,66,175464,19,221112
30491,0.001559,172.217.194.0-255,5738,181202,19,221112
30492,0.001562,172.31.36.0-255,66,181268,19,221112
30493,0.001577,172.217.194.0-255,5738,187006,19,221112
30494,0.00158,172.31.36.0-255,66,187072,19,221112
30495,0.001603,172.217.194.0-255,7156,194228,19,221112
30496,0.001606,172.31.36.0-255,66,194294,19,221112
30497,0.001616,172.217.194.0-255,10692,204986,19,221112
30498,0.001618,172.31.36.0-255,66,205052,19,221112
30499,0.003699,172.217.194.0-255,5738,210790,19,221112
30500,0.003704,172.31.36.0-255,66,210856,19,221112
30501,0.005791,172.217.194.0-255,4320,215176,19,221112
30502,0.005795,172.31.36.0-255,66,215242,19,221112
30503,0.005813,172.217.194.0-255,1484,216726,19,221112
30504,0.007897,172.217.194.0-255,4320,221046,19,221112
30505,0.007903,172.31.36.0-255,66,221112,19,221112
30506,0.0,172.217.160.0-255,153,153,19,112905
30507,2.7e-05,172.31.36.0-255,66,219,19,112905
30508,3.3e-05,172.217.160.0-255,1484,1703,19,112905
30509,3.7e-05,172.31.36.0-255,66,1769,19,112905
30510,4.2e-05,172.217.160.0-255,2902,4671,19,112905
30511,4.5e-05,172.31.36.0-255,66,4737,19,112905
30512,5.3e-05,172.217.160.0-255,7156,11893,19,112905
30513,5.6e-05,172.31.36.0-255,66,11959,19,112905
30514,0.0001,172.31.36.0-255,66,12025,19,112905
30515,0.000104,172.217.160.0-255,2543,14568,19,112905
30516,0.000106,172.31.36.0-255,66,14634,19,112905
30517,0.000139,172.217.160.0-255,7156,21790,19,112905
30518,0.000142,172.31.36.0-255,66,21856,19,112905
30519,0.00015,172.217.160.0-255,8574,30430,19,112905
30520,0.000153,172.31.36.0-255,66,30496,19,112905
30521,0.000175,172.217.160.0-255,1125,31621,19,112905
30522,0.000178,172.31.36.0-255,66,31687,19,112905
30523,0.000181,172.217.160.0-255,1484,33171,19,112905
30524,0.000183,172.31.36.0-255,66,33237,19,112905
30525,0.000189,172.217.160.0-255,4320,37557,19,112905
30526,0.000192,172.31.36.0-255,66,37623,19,112905
30527,0.000226,172.217.160.0-255,9992,47615,19,112905
30528,0.000229,172.31.36.0-255,66,47681,19,112905
30529,0.000247,172.217.160.0-255,1396,49077,19,112905
30530,0.000249,172.31.36.0-255,66,49143,19,112905
30531,0.000571,172.217.160.0-255,124,49267,19,112905
30532,0.000575,172.31.36.0-255,66,49333,19,112905
30533,0.000607,172.217.160.0-255,380,49713,19,112905
30534,0.00061,172.31.36.0-255,66,49779,19,112905
30535,0.001272,172.217.160.0-255,1484,51263,19,112905
30536,0.001279,172.31.36.0-255,66,51329,19,112905
30537,0.00129,172.217.160.0-255,2902,54231,19,112905
30538,0.001293,172.31.36.0-255,66,54297,19,112905
30539,0.0013,172.217.160.0-255,5738,60035,19,112905
30540,0.001302,172.31.36.0-255,66,60101,19,112905
30541,0.001311,172.217.160.0-255,8574,68675,19,112905
30542,0.001313,172.31.36.0-255,66,68741,19,112905
30543,0.001333,172.217.160.0-255,4320,73061,19,112905
30544,0.001335,172.31.36.0-255,66,73127,19,112905
30545,0.001357,172.217.160.0-255,10692,83819,19,112905
30546,0.001359,172.31.36.0-255,66,83885,19,112905
30547,0.003003,172.217.160.0-255,5738,89623,19,112905
30548,0.003007,172.31.36.0-255,66,89689,19,112905
30549,0.004659,172.217.160.0-255,5738,95427,19,112905
30550,0.004664,172.31.36.0-255,66,95493,19,112905
30551,0.006315,172.217.160.0-255,5738,101231,19,112905
30552,0.00632,172.31.36.0-255,66,101297,19,112905
30553,0.007971,172.217.160.0-255,5738,107035,19,112905
30554,0.007978,172.31.36.0-255,66,107101,19,112905
30555,0.009633,172.217.160.0-255,5738,112839,19,112905
30556,0.00964,172.31.36.0-255,66,112905,19,112905
30557,0.0,74.125.200.0-255,153,153,19,285362
30558,3.3e-05,172.31.36.0-255,66,219,19,285362
30559,4.1e-05,74.125.200.0-255,1484,1703,19,285362
30560,4.5e-05,172.31.36.0-255,66,1769,19,285362
30561,5e-05,74.125.200.0-255,2902,4671,19,285362
30562,6e-05,172.31.36.0-255,66,4737,19,285362
30563,9.2e-05,74.125.200.0-255,5738,10475,19,285362
30564,9.5e-05,172.31.36.0-255,66,10541,19,285362
30565,0.00013,74.125.200.0-255,3439,13980,19,285362
30566,0.000133,172.31.36.0-255,66,14046,19,285362
30567,0.000204,74.125.200.0-255,1484,15530,19,285362
30568,0.000208,172.31.36.0-255,66,15596,19,285362
30569,0.000227,74.125.200.0-255,2902,18498,19,285362
30570,0.000231,172.31.36.0-255,66,18564,19,285362
30571,0.000257,74.125.200.0-255,4320,22884,19,285362
30572,0.000261,172.31.36.0-255,66,22950,19,285362
30573,0.000287,74.125.200.0-255,2902,25852,19,285362
30574,0.00029,172.31.36.0-255,66,25918,19,285362
30575,0.000296,74.125.200.0-255,4320,30238,19,285362
30576,0.000299,172.31.36.0-255,66,30304,19,285362
30577,0.000319,74.125.200.0-255,1125,31429,19,285362
30578,0.000322,172.31.36.0-255,66,31495,19,285362
30579,0.000348,74.125.200.0-255,1484,32979,19,285362
30580,0.000351,172.31.36.0-255,66,33045,19,285362
30581,0.000354,74.125.200.0-255,1484,34529,19,285362
30582,0.000357,172.31.36.0-255,66,34595,19,285362
30583,0.000377,74.125.200.0-255,2902,37497,19,285362
30584,0.000386,172.31.36.0-255,66,37563,19,285362
30585,0.00039,74.125.200.0-255,2902,40465,19,285362
30586,0.000392,172.31.36.0-255,66,40531,19,285362
30587,0.000397,74.125.200.0-255,2902,43433,19,285362
30588,0.0004,172.31.36.0-255,66,43499,19,285362
30589,0.000422,74.125.200.0-255,1484,44983,19,285362
30590,0.00043,74.125.200.0-255,3961,48944,19,285362
30591,0.000432,172.31.36.0-255,66,49010,19,285362
30592,0.000714,74.125.200.0-255,1484,50494,19,285362
30593,0.000722,74.125.200.0-255,2902,53396,19,285362
30594,0.000725,172.31.36.0-255,66,53462,19,285362
30595,0.00073,74.125.200.0-255,2902,56364,19,285362
30596,0.000733,172.31.36.0-255,66,56430,19,285362
30597,0.000759,74.125.200.0-255,4320,60750,19,285362
30598,0.000763,172.31.36.0-255,66,60816,19,285362
30599,0.000792,74.125.200.0-255,5960,66776,19,285362
30600,0.000795,172.31.36.0-255,66,66842,19,285362
30601,0.000837,74.125.200.0-255,7156,73998,19,285362
30602,0.00084,172.31.36.0-255,66,74064,19,285362
30603,0.000872,74.125.200.0-255,2902,76966,19,285362
30604,0.000876,172.31.36.0-255,66,77032,19,285362
30605,0.000881,74.125.200.0-255,4320,81352,19,285362
30606,0.000883,172.31.36.0-255,66,81418,19,285362
30607,0.000887,74.125.200.0-255,2543,83961,19,285362
30608,0.000895,172.31.36.0-255,66,84027,19,285362
30609,0.000955,74.125.200.0-255,2902,86929,19,285362
30610,0.000959,172.31.36.0-255,66,86995,19,285362
30611,0.000965,74.125.200.0-255,4320,91315,19,285362
30612,0.000969,172.31.36.0-255,66,91381,19,285362
30613,0.000997,74.125.200.0-255,4320,95701,19,285362
30614,0.001,172.31.36.0-255,66,95767,19,285362
30615,0.001027,74.125.200.0-255,1484,97251,19,285362
30616,0.001043,74.125.200.0-255,3961,101212,19,285362
30617,0.001046,172.31.36.0-255,66,101278,19,285362
30618,0.001476,74.125.200.0-255,1484,102762,19,285362
30619,0.001486,74.125.200.0-255,2902,105664,19,285362
30620,0.001491,172.31.36.0-255,66,105730,19,285362
30621,0.001495,74.125.200.0-255,1484,107214,19,285362
30622,0.0015,74.125.200.0-255,2902,110116,19,285362
30623,0.001501,172.31.36.0-255,66,110182,19,285362
30624,0.001536,74.125.200.0-255,5738,115920,19,285362
30625,0.001539,172.31.36.0-255,66,115986,19,285362
30626,0.001545,74.125.200.0-255,4320,120306,19,285362
30627,0.001547,172.31.36.0-255,66,120372,19,285362
30628,0.001582,74.125.200.0-255,7156,127528,19,285362
30629,0.001585,172.31.36.0-255,66,127594,19,285362
30630,0.001616,74.125.200.0-255,7856,135450,19,285362
30631,0.001619,172.31.36.0-255,66,135516,19,285362
30632,0.001643,74.125.200.0-255,1484,137000,19,285362
30633,0.001656,74.125.200.0-255,2902,139902,19,285362
30634,0.001659,172.31.36.0-255,66,139968,19,285362
30635,0.001681,74.125.200.0-255,5738,145706,19,285362
30636,0.001684,172.31.36.0-255,66,145772,19,285362
30637,0.001725,172.31.36.0-255,66,145838,19,285362
30638,0.001735,74.125.200.0-255,9992,155830,19,285362
30639,0.001738,172.31.36.0-255,66,155896,19,285362
30640,0.001754,74.125.200.0-255,2184,158080,19,285362
30641,0.001761,172.31.36.0-255,66,158146,19,285362
30642,0.001844,74.125.200.0-255,1484,159630,19,285362
30643,0.001857,74.125.200.0-255,1484,161114,19,285362
30644,0.001861,172.31.36.0-255,66,161180,19,285362
30645,0.001886,74.125.200.0-255,1484,162664,19,285362
30646,0.001892,74.125.200.0-255,5738,168402,19,285362
30647,0.001894,172.31.36.0-255,66,168468,19,285362
30648,0.001897,74.125.200.0-255,1484,169952,19,285362
30649,0.001922,74.125.200.0-255,9992,179944,19,285362
30650,0.001924,172.31.36.0-255,66,180010,19,285362
30651,0.001931,74.125.200.0-255,7156,187166,19,285362
30652,0.001934,172.31.36.0-255,66,187232,19,285362
30653,0.001956,74.125.200.0-255,5020,192252,19,285362
30654,0.001958,172.31.36.0-255,66,192318,19,285362
30655,0.001985,74.125.200.0-255,1484,193802,19,285362
30656,0.00199,74.125.200.0-255,2902,196704,19,285362
30657,0.001992,172.31.36.0-255,66,196770,19,285362
30658,0.002003,74.125.200.0-255,1484,198254,19,285362
30659,0.002018,74.125.200.0-255,2902,201156,19,285362
30660,0.002021,172.31.36.0-255,66,201222,19,285362
30661,0.002051,74.125.200.0-255,8574,209796,19,285362
30662,0.002054,172.31.36.0-255,66,209862,19,285362
30663,0.002079,74.125.200.0-255,7156,217018,19,285362
30664,0.002082,172.31.36.0-255,66,217084,19,285362
30665,0.002104,74.125.200.0-255,1484,218568,19,285362
30666,0.002112,74.125.200.0-255,7856,226424,19,285362
30667,0.002114,172.31.36.0-255,66,226490,19,285362
30668,0.002156,74.125.200.0-255,5738,232228,19,285362
30669,0.002158,172.31.36.0-255,66,232294,19,285362
30670,0.00218,74.125.200.0-255,1484,233778,19,285362
30671,0.002193,74.125.200.0-255,8574,242352,19,285362
30672,0.002196,172.31.36.0-255,66,242418,19,285362
30673,0.002199,74.125.200.0-255,1484,243902,19,285362
30674,0.002225,74.125.200.0-255,8574,252476,19,285362
30675,0.002228,172.31.36.0-255,66,252542,19,285362
30676,0.002244,74.125.200.0-255,2902,255444,19,285362
30677,0.002247,172.31.36.0-255,66,255510,19,285362
30678,0.002279,74.125.200.0-255,7856,263366,19,285362
30679,0.002281,172.31.36.0-255,66,263432,19,285362
30680,0.002287,74.125.200.0-255,5738,269170,19,285362
30681,0.002289,172.31.36.0-255,66,269236,19,285362
30682,0.002296,74.125.200.0-255,1484,270720,19,285362
30683,0.004525,74.125.200.0-255,2902,273622,19,285362
30684,0.00453,172.31.36.0-255,66,273688,19,285362
30685,0.004558,74.125.200.0-255,1484,275172,19,285362
30686,0.006772,74.125.200.0-255,4320,279492,19,285362
30687,0.006779,172.31.36.0-255,66,279558,19,285362
30688,0.009026,74.125.200.0-255,5738,285296,19,285362
30689,0.009032,172.31.36.0-255,66,285362,19,285362
30690,0.0,74.125.24.0-255,153,153,19,167456
30691,2.3e-05,172.31.36.0-255,66,219,19,167456
30692,3e-05,74.125.24.0-255,1484,1703,19,167456
30693,3.3e-05,172.31.36.0-255,66,1769,19,167456
30694,3.8e-05,74.125.24.0-255,2902,4671,19,167456
30695,4e-05,172.31.36.0-255,66,4737,19,167456
30696,4.3e-05,74.125.24.0-255,1484,6221,19,167456
30697,4.5e-05,172.31.36.0-255,66,6287,19,167456
30698,6.3e-05,74.125.24.0-255,5738,12025,19,167456
30699,6.6e-05,172.31.36.0-255,66,12091,19,167456
30700,6.9e-05,74.125.24.0-255,2004,14095,19,167456
30701,7.2e-05,172.31.36.0-255,66,14161,19,167456
30702,0.00014,74.125.24.0-255,1484,15645,19,167456
30703,0.000144,172.31.36.0-255,66,15711,19,167456
30704,0.000169,74.125.24.0-255,2902,18613,19,167456
30705,0.000172,172.31.36.0-255,66,18679,19,167456
30706,0.000179,74.125.24.0-255,5738,24417,19,167456
30707,0.000181,172.31.36.0-255,66,24483,19,167456
30708,0.000221,74.125.24.0-255,5738,30221,19,167456
30709,0.000223,172.31.36.0-255,66,30287,19,167456
30710,0.000237,74.125.24.0-255,1125,31412,19,167456
30711,0.000239,172.31.36.0-255,66,31478,19,167456
30712,0.000266,74.125.24.0-255,1484,32962,19,167456
30713,0.000268,172.31.36.0-255,66,33028,19,167456
30714,0.000273,74.125.24.0-255,2902,35930,19,167456
30715,0.000275,172.31.36.0-255,66,35996,19,167456
30716,0.000278,74.125.24.0-255,1484,37480,19,167456
30717,0.000281,172.31.36.0-255,66,37546,19,167456
30718,0.000301,74.125.24.0-255,4320,41866,19,167456
30719,0.000304,172.31.36.0-255,66,41932,19,167456
30720,0.000309,74.125.24.0-255,2902,44834,19,167456
30721,0.000312,172.31.36.0-255,66,44900,19,167456
30722,0.000337,74.125.24.0-255,9633,54533,19,167456
30723,0.000341,172.31.36.0-255,66,54599,19,167456
30724,0.000382,172.31.36.0-255,66,54665,19,167456
30725,0.000384,74.125.24.0-255,364,55029,19,167456
30726,0.000425,74.125.24.0-255,131,55160,19,167456
30727,0.000488,74.125.24.0-255,348,55508,19,167456
30728,0.000812,172.31.36.0-255,66,55574,19,167456
30729,0.000934,74.125.24.0-255,1484,57058,19,167456
30730,0.000944,74.125.24.0-255,2902,59960,19,167456
30731,0.000948,172.31.36.0-255,66,60026,19,167456
30732,0.000956,74.125.24.0-255,5738,65764,19,167456
30733,0.000958,172.31.36.0-255,66,65830,19,167456
30734,0.000963,74.125.24.0-255,2902,68732,19,167456
30735,0.000966,172.31.36.0-255,66,68798,19,167456
30736,0.001011,74.125.24.0-255,9992,78790,19,167456
30737,0.001015,172.31.36.0-255,66,78856,19,167456
30738,0.001019,74.125.24.0-255,1484,80340,19,167456
30739,0.001039,74.125.24.0-255,9274,89614,19,167456
30740,0.001042,172.31.36.0-255,66,89680,19,167456
30741,0.001172,74.125.24.0-255,1484,91164,19,167456
30742,0.00118,74.125.24.0-255,2902,94066,19,167456
30743,0.001184,172.31.36.0-255,66,94132,19,167456
30744,0.001207,74.125.24.0-255,5738,99870,19,167456
30745,0.00121,172.31.36.0-255,66,99936,19,167456
30746,0.001237,172.31.36.0-255,66,100002,19,167456
30747,0.001255,74.125.24.0-255,1484,101486,19,167456
30748,0.00126,74.125.24.0-255,2902,104388,19,167456
30749,0.001262,172.31.36.0-255,66,104454,19,167456
30750,0.001266,74.125.24.0-255,2902,107356,19,167456
30751,0.001268,172.31.36.0-255,66,107422,19,167456
30752,0.001286,74.125.24.0-255,5020,112442,19,167456
30753,0.001289,172.31.36.0-255,66,112508,19,167456
30754,0.001731,74.125.24.0-255,1484,113992,19,167456
30755,0.001737,74.125.24.0-255,2902,116894,19,167456
30756,0.001741,172.31.36.0-255,66,116960,19,167456
30757,0.001763,74.125.24.0-255,5738,122698,19,167456
30758,0.001766,172.31.36.0-255,66,122764,19,167456
30759,0.001796,172.31.36.0-255,66,122830,19,167456
30760,0.001808,172.31.36.0-255,66,122896,19,167456
30761,0.001829,74.125.24.0-255,766,123662,19,167456
30762,0.001959,74.125.24.0-255,1484,125146,19,167456
30763,0.001962,172.31.36.0-255,66,125212,19,167456
30764,0.001966,74.125.24.0-255,2902,128114,19,167456
30765,0.001968,172.31.36.0-255,66,128180,19,167456
30766,0.001971,74.125.24.0-255,1484,129664,19,167456
30767,0.001989,74.125.24.0-255,2902,132566,19,167456
30768,0.001991,172.31.36.0-255,66,132632,19,167456
30769,0.001995,74.125.24.0-255,2902,135534,19,167456
30770,0.001997,172.31.36.0-255,66,135600,19,167456
30771,0.002023,74.125.24.0-255,8574,144174,19,167456
30772,0.002025,172.31.36.0-255,66,144240,19,167456
30773,0.003984,74.125.24.0-255,5738,149978,19,167456
30774,0.00399,172.31.36.0-255,66,150044,19,167456
30775,0.005963,74.125.24.0-255,5738,155782,19,167456
30776,0.005968,172.31.36.0-255,66,155848,19,167456
30777,0.007943,74.125.24.0-255,5738,161586,19,167456
30778,0.007949,172.31.36.0-255,66,161652,19,167456
30779,0.009907,74.125.24.0-255,5738,167390,19,167456
30780,0.009914,172.31.36.0-255,66,167456,19,167456
30781,0.0,74.125.130.0-255,156,156,19,239530
30782,3.5e-05,172.31.36.0-255,66,222,19,239530
30783,4.2e-05,74.125.130.0-255,1484,1706,19,239530
30784,4.7e-05,172.31.36.0-255,66,1772,19,239530
30785,5e-05,74.125.130.0-255,1484,3256,19,239530
30786,6e-05,172.31.36.0-255,66,3322,19,239530
30787,6.5e-05,74.125.130.0-255,2902,6224,19,239530
30788,6.8e-05,172.31.36.0-255,66,6290,19,239530
30789,7.3e-05,74.125.130.0-255,2902,9192,19,239530
30790,7.5e-05,172.31.36.0-255,66,9258,19,239530
30791,0.000112,74.125.130.0-255,2902,12160,19,239530
30792,0.000115,172.31.36.0-255,66,12226,19,239530
30793,0.000119,74.125.130.0-255,2048,14274,19,239530
30794,0.000122,172.31.36.0-255,66,14340,19,239530
30795,0.000126,74.125.130.0-255,2902,17242,19,239530
30796,0.000133,172.31.36.0-255,66,17308,19,239530
30797,0.000138,74.125.130.0-255,4320,21628,19,239530
30798,0.00014,172.31.36.0-255,66,21694,19,239530
30799,0.000169,74.125.130.0-255,5738,27432,19,239530
30800,0.000178,172.31.36.0-255,66,27498,19,239530
30801,0.000211,74.125.130.0-255,3961,31459,19,239530
30802,0.000214,172.31.36.0-255,66,31525,19,239530
30803,0.000377,74.125.130.0-255,1484,33009,19,239530
30804,0.000381,172.31.36.0-255,66,33075,19,239530
30805,0.000384,74.125.130.0-255,1484,34559,19,239530
30806,0.000386,172.31.36.0-255,66,34625,19,239530
30807,0.000412,74.125.130.0-255,2902,37527,19,239530
30808,0.000415,172.31.36.0-255,66,37593,19,239530
30809,0.000444,74.125.130.0-255,5738,43331,19,239530
30810,0.000448,172.31.36.0-255,66,43397,19,239530
30811,0.000451,74.125.130.0-255,1484,44881,19,239530
30812,0.000452,172.31.36.0-255,66,44947,19,239530
30813,0.000457,74.125.130.0-255,1484,46431,19,239530
30814,0.000474,74.125.130.0-255,1484,47915,19,239530
30815,0.000479,172.31.36.0-255,66,47981,19,239530
30816,0.000511,74.125.130.0-255,2543,50524,19,239530
30817,0.000515,172.31.36.0-255,66,50590,19,239530
30818,0.000519,74.125.130.0-255,2902,53492,19,239530
30819,0.000521,172.31.36.0-255,66,53558,19,239530
30820,0.000554,74.125.130.0-255,5738,59296,19,239530
30821,0.000557,172.31.36.0-255,66,59362,19,239530
30822,0.000582,74.125.130.0-255,1484,60846,19,239530
30823,0.000607,74.125.130.0-255,5668,66514,19,239530
30824,0.00061,172.31.36.0-255,66,66580,19,239530
30825,0.000638,74.125.130.0-255,102,66682,19,239530
30826,0.000835,74.125.130.0-255,1484,68166,19,239530
30827,0.000839,172.31.36.0-255,66,68232,19,239530
30828,0.000866,74.125.130.0-255,1484,69716,19,239530
30829,0.000871,74.125.130.0-255,2902,72618,19,239530
30830,0.000874,172.31.36.0-255,66,72684,19,239530
30831,0.000899,74.125.130.0-255,4320,77004,19,239530
30832,0.000902,172.31.36.0-255,66,77070,19,239530
30833,0.000925,74.125.130.0-255,1484,78554,19,239530
30834,0.000929,74.125.130.0-255,1484,80038,19,239530
30835,0.000931,172.31.36.0-255,66,80104,19,239530
30836,0.000959,74.125.130.0-255,5738,85842,19,239530
30837,0.000962,172.31.36.0-255,66,85908,19,239530
30838,0.000967,74.125.130.0-255,2902,88810,19,239530
30839,0.000968,172.31.36.0-255,66,88876,19,239530
30840,0.00103,74.125.130.0-255,4320,93196,19,239530
30841,0.001034,74.125.130.0-255,2902,96098,19,239530
30842,0.001035,172.31.36.0-255,66,96164,19,239530
30843,0.001038,74.125.130.0-255,4320,100484,19,239530
30844,0.001039,172.31.36.0-255,66,100550,19,239530
30845,0.00104,74.125.130.0-255,766,101316,19,239530
30846,0.001042,172.31.36.0-255,66,101382,19,239530
30847,0.001138,172.31.36.0-255,66,101448,19,239530
30848,0.001168,74.125.130.0-255,1484,102932,19,239530
30849,0.001175,74.125.130.0-255,2902,105834,19,239530
30850,0.001178,172.31.36.0-255,66,105900,19,239530
30851,0.001205,74.125.130.0-255,4320,110220,19,239530
30852,0.001208,172.31.36.0-255,66,110286,19,239530
30853,0.001234,74.125.130.0-255,1484,111770,19,239530
30854,0.001243,74.125.130.0-255,6512,118282,19,239530
30855,0.001245,172.31.36.0-255,66,118348,19,239530
30856,0.00127,74.125.130.0-255,1484,119832,19,239530
30857,0.001282,74.125.130.0-255,2902,122734,19,239530
30858,0.001285,172.31.36.0-255,66,122800,19,239530
30859,0.001311,74.125.130.0-255,2902,125702,19,239530
30860,0.001314,172.31.36.0-255,66,125768,19,239530
30861,0.001319,74.125.130.0-255,2902,128670,19,239530
30862,0.001321,172.31.36.0-255,66,128736,19,239530
30863,0.001341,74.125.130.0-255,1484,130220,19,239530
30864,0.001347,74.125.130.0-255,2902,133122,19,239530
30865,0.001351,172.31.36.0-255,66,133188,19,239530
30866,0.001388,74.125.130.0-255,5738,138926,19,239530
30867,0.001391,172.31.36.0-255,66,138992,19,239530
30868,0.001396,74.125.130.0-255,2902,141894,19,239530
30869,0.001398,172.31.36.0-255,66,141960,19,239530
30870,0.001429,74.125.130.0-255,10692,152652,19,239530
30871,0.001432,172.31.36.0-255,66,152718,19,239530
30872,0.001493,74.125.130.0-255,1484,154202,19,239530
30873,0.001509,74.125.130.0-255,2902,157104,19,239530
30874,0.001513,172.31.36.0-255,66,157170,19,239530
30875,0.001532,74.125.130.0-255,4320,161490,19,239530
30876,0.001534,172.31.36.0-255,66,161556,19,239530
30877,0.001567,74.125.130.0-255,8574,170130,19,239530
30878,0.001571,172.31.36.0-255,66,170196,19,239530
30879,0.001575,74.125.130.0-255,2902,173098,19,239530
30880,0.001578,172.31.36.0-255,66,173164,19,239530
30881,0.001613,74.125.130.0-255,2902,176066,19,239530
30882,0.001616,172.31.36.0-255,66,176132,19,239530
30883,0.001647,74.125.130.0-255,9992,186124,19,239530
30884,0.00165,74.125.130.0-255,766,186890,19,239530
30885,0.001652,172.31.36.0-255,66,186956,19,239530
30886,0.001822,74.125.130.0-255,1484,188440,19,239530
30887,0.001827,172.31.36.0-255,66,188506,19,239530
30888,0.00185,74.125.130.0-255,2902,191408,19,239530
30889,0.001857,172.31.36.0-255,66,191474,19,239530
30890,0.001867,74.125.130.0-255,1484,192958,19,239530
30891,0.001883,74.125.130.0-255,2902,195860,19,239530
30892,0.001886,172.31.36.0-255,66,195926,19,239530
30893,0.001913,74.125.130.0-255,5738,201664,19,239530
30894,0.001917,172.31.36.0-255,66,201730,19,239530
30895,0.00192,74.125.130.0-255,1484,203214,19,239530
30896,0.001924,74.125.130.0-255,2902,206116,19,239530
30897,0.001926,172.31.36.0-255,66,206182,19,239530
30898,0.001957,74.125.130.0-255,5738,211920,19,239530
30899,0.00196,172.31.36.0-255,66,211986,19,239530
30900,0.001984,74.125.130.0-255,1484,213470,19,239530
30901,0.00199,74.125.130.0-255,2902,216372,19,239530
30902,0.001992,172.31.36.0-255,66,216438,19,239530
30903,0.00202,74.125.130.0-255,2902,219340,19,239530
30904,0.002023,172.31.36.0-255,66,219406,19,239530
30905,0.002069,74.125.130.0-255,2184,221590,19,239530
30906,0.002073,172.31.36.0-255,66,221656,19,239530
30907,0.004253,74.125.130.0-255,2902,224558,19,239530
30908,0.00426,172.31.36.0-255,66,224624,19,239530
30909,0.004303,74.125.130.0-255,2902,227526,19,239530
30910,0.004306,172.31.36.0-255,66,227592,19,239530
30911,0.006484,74.125.130.0-255,2902,230494,19,239530
30912,0.00649,172.31.36.0-255,66,230560,19,239530
30913,0.006521,74.125.130.0-255,1484,232044,19,239530
30914,0.006536,74.125.130.0-255,1484,233528,19,239530
30915,0.006539,172.31.36.0-255,66,233594,19,239530
30916,0.008723,74.125.130.0-255,2902,236496,19,239530
30917,0.00873,172.31.36.0-255,66,236562,19,239530
30918,0.008762,74.125.130.0-255,2902,239464,19,239530
30919,0.008766,172.31.36.0-255,66,239530,19,239530
30920,0.0,74.125.24.0-255,143,143,19,218257
30921,2.6e-05,172.31.36.0-255,66,209,19,218257
30922,3.2e-05,74.125.24.0-255,1484,1693,19,218257
30923,3.6e-05,172.31.36.0-255,66,1759,19,218257
30924,4.1e-05,74.125.24.0-255,2902,4661,19,218257
30925,4.5e-05,172.31.36.0-255,66,4727,19,218257
30926,5.9e-05,74.125.24.0-255,7156,11883,19,218257
30927,6.2e-05,172.31.36.0-255,66,11949,19,218257
30928,8.6e-05,74.125.24.0-255,2075,14024,19,218257
30929,8.9e-05,172.31.36.0-255,66,14090,19,218257
30930,0.000114,74.125.24.0-255,2902,16992,19,218257
30931,0.000118,172.31.36.0-255,66,17058,19,218257
30932,0.000123,74.125.24.0-255,4320,21378,19,218257
30933,0.000126,172.31.36.0-255,66,21444,19,218257
30934,0.000157,74.125.24.0-255,2902,24346,19,218257
30935,0.00016,172.31.36.0-255,66,24412,19,218257
30936,0.000167,74.125.24.0-255,5738,30150,19,218257
30937,0.00017,172.31.36.0-255,66,30216,19,218257
30938,0.000173,74.125.24.0-255,1125,31341,19,218257
30939,0.000175,172.31.36.0-255,66,31407,19,218257
30940,0.000211,74.125.24.0-255,1484,32891,19,218257
30941,0.000213,172.31.36.0-255,66,32957,19,218257
30942,0.000218,74.125.24.0-255,2902,35859,19,218257
30943,0.000221,172.31.36.0-255,66,35925,19,218257
30944,0.000252,74.125.24.0-255,1484,37409,19,218257
30945,0.000256,172.31.36.0-255,66,37475,19,218257
30946,0.000262,74.125.24.0-255,5738,43213,19,218257
30947,0.000265,172.31.36.0-255,66,43279,19,218257
30948,0.000295,74.125.24.0-255,5379,48658,19,218257
30949,0.0003,172.31.36.0-255,66,48724,19,218257
30950,0.000337,74.125.24.0-255,5738,54462,19,218257
30951,0.00034,172.31.36.0-255,66,54528,19,218257
30952,0.000355,172.31.36.0-255,66,54594,19,218257
30953,0.00038,74.125.24.0-255,363,54957,19,218257
30954,0.000416,74.125.24.0-255,380,55337,19,218257
30955,0.00072,74.125.24.0-255,1484,56821,19,218257
30956,0.000726,172.31.36.0-255,66,56887,19,218257
30957,0.000734,74.125.24.0-255,2902,59789,19,218257
30958,0.000739,74.125.24.0-255,4320,64109,19,218257
30959,0.000745,172.31.36.0-255,66,64175,19,218257
30960,0.000762,74.125.24.0-255,1484,65659,19,218257
30961,0.000769,74.125.24.0-255,5738,71397,19,218257
30962,0.000784,172.31.36.0-255,66,71463,19,218257
30963,0.000791,74.125.24.0-255,7156,78619,19,218257
30964,0.000797,74.125.24.0-255,5738,84357,19,218257
30965,0.0008,172.31.36.0-255,66,84423,19,218257
30966,0.000829,74.125.24.0-255,5020,89443,19,218257
30967,0.000848,172.31.36.0-255,66,89509,19,218257
30968,0.000917,74.125.24.0-255,1484,90993,19,218257
30969,0.000934,74.125.24.0-255,2902,93895,19,218257
30970,0.000938,172.31.36.0-255,66,93961,19,218257
30971,0.000944,74.125.24.0-255,4320,98281,19,218257
30972,0.000956,172.31.36.0-255,66,98347,19,218257
30973,0.000998,74.125.24.0-255,5738,104085,19,218257
30974,0.001004,172.31.36.0-255,66,104151,19,218257
30975,0.001028,74.125.24.0-255,1994,106145,19,218257
30976,0.001038,172.31.36.0-255,66,106211,19,218257
30977,0.00106,74.125.24.0-255,1484,107695,19,218257
30978,0.001065,74.125.24.0-255,2902,110597,19,218257
30979,0.001069,172.31.36.0-255,66,110663,19,218257
30980,0.0011,74.125.24.0-255,5738,116401,19,218257
30981,0.001109,74.125.24.0-255,8574,124975,19,218257
30982,0.001111,172.31.36.0-255,66,125041,19,218257
30983,0.001115,172.31.36.0-255,66,125107,19,218257
30984,0.001155,74.125.24.0-255,5738,130845,19,218257
30985,0.00117,172.31.36.0-255,66,130911,19,218257
30986,0.001176,74.125.24.0-255,9274,140185,19,218257
30987,0.001184,172.31.36.0-255,66,140251,19,218257
30988,0.001779,74.125.24.0-255,1484,141735,19,218257
30989,0.001789,74.125.24.0-255,2902,144637,19,218257
30990,0.001794,172.31.36.0-255,66,144703,19,218257
30991,0.001802,74.125.24.0-255,5738,150441,19,218257
30992,0.001833,74.125.24.0-255,9992,160433,19,218257
30993,0.001868,74.125.24.0-255,5738,166171,19,218257
30994,0.001877,172.31.36.0-255,66,166237,19,218257
30995,0.001912,74.125.24.0-255,7856,174093,19,218257
30996,0.001923,74.125.24.0-255,9992,184085,19,218257
30997,0.001941,74.125.24.0-255,4320,188405,19,218257
30998,0.001982,74.125.24.0-255,2902,191307,19,218257
30999,0.001987,74.125.24.0-255,3602,194909,19,218257
31000,0.001996,172.31.36.0-255,66,194975,19,218257
31001,0.002008,74.125.24.0-255,5738,200713,19,218257
31002,0.002028,172.31.36.0-255,66,200779,19,218257
31003,0.002099,172.31.36.0-255,66,200845,19,218257
31004,0.004174,74.125.24.0-255,5738,206583,19,218257
31005,0.00418,172.31.36.0-255,66,206649,19,218257
31006,0.006264,74.125.24.0-255,5738,212387,19,218257
31007,0.006271,172.31.36.0-255,66,212453,19,218257
31008,0.008331,74.125.24.0-255,5738,218191,19,218257
31009,0.008339,172.31.36.0-255,66,218257,19,218257
31010,0.0,74.125.68.0-255,143,143,19,186757
31011,3.7e-05,172.31.36.0-255,66,209,19,186757
31012,4.5e-05,74.125.68.0-255,1484,1693,19,186757
31013,4.9e-05,172.31.36.0-255,66,1759,19,186757
31014,5.4e-05,74.125.68.0-255,2902,4661,19,186757
31015,5.7e-05,172.31.36.0-255,66,4727,19,186757
31016,6.4e-05,74.125.68.0-255,7156,11883,19,186757
31017,6.8e-05,172.31.36.0-255,66,11949,19,186757
31018,7.1e-05,74.125.68.0-255,2054,14003,19,186757
31019,7.4e-05,172.31.36.0-255,66,14069,19,186757
31020,0.000124,74.125.68.0-255,1484,15553,19,186757
31021,0.000127,172.31.36.0-255,66,15619,19,186757
31022,0.000132,74.125.68.0-255,2902,18521,19,186757
31023,0.000135,172.31.36.0-255,66,18587,19,186757
31024,0.000153,74.125.68.0-255,4320,22907,19,186757
31025,0.000155,172.31.36.0-255,66,22973,19,186757
31026,0.000176,74.125.68.0-255,1484,24457,19,186757
31027,0.000178,172.31.36.0-255,66,24523,19,186757
31028,0.000187,74.125.68.0-255,6797,31320,19,186757
31029,0.000191,172.31.36.0-255,66,31386,19,186757
31030,0.000258,74.125.68.0-255,1484,32870,19,186757
31031,0.000261,172.31.36.0-255,66,32936,19,186757
31032,0.000273,74.125.68.0-255,1484,34420,19,186757
31033,0.000276,172.31.36.0-255,66,34486,19,186757
31034,0.000281,74.125.68.0-255,2902,37388,19,186757
31035,0.000284,172.31.36.0-255,66,37454,19,186757
31036,0.000316,74.125.68.0-255,5738,43192,19,186757
31037,0.00032,172.31.36.0-255,66,43258,19,186757
31038,0.000324,74.125.68.0-255,2902,46160,19,186757
31039,0.000329,172.31.36.0-255,66,46226,19,186757
31040,0.000343,74.125.68.0-255,5379,51605,19,186757
31041,0.000346,172.31.36.0-255,66,51671,19,186757
31042,0.000353,74.125.68.0-255,7156,58827,19,186757
31043,0.000367,172.31.36.0-255,66,58893,19,186757
31044,0.000372,74.125.68.0-255,1484,60377,19,186757
31045,0.000377,74.125.68.0-255,2902,63279,19,186757
31046,0.000381,172.31.36.0-255,66,63345,19,186757
31047,0.000402,74.125.68.0-255,2543,65888,19,186757
31048,0.000405,74.125.68.0-255,414,66302,19,186757
31049,0.000406,172.31.36.0-255,66,66368,19,186757
31050,0.00045,74.125.68.0-255,329,66697,19,186757
31051,0.000726,74.125.68.0-255,1484,68181,19,186757
31052,0.00073,172.31.36.0-255,66,68247,19,186757
31053,0.000736,74.125.68.0-255,2902,71149,19,186757
31054,0.000744,172.31.36.0-255,66,71215,19,186757
31055,0.000751,74.125.68.0-255,2902,74117,19,186757
31056,0.000756,172.31.36.0-255,66,74183,19,186757
31057,0.000766,74.125.68.0-255,2902,77085,19,186757
31058,0.000771,172.31.36.0-255,66,77151,19,186757
31059,0.000791,74.125.68.0-255,5738,82889,19,186757
31060,0.000798,74.125.68.0-255,5738,88627,19,186757
31061,0.000802,172.31.36.0-255,66,88693,19,186757
31062,0.000818,74.125.68.0-255,1484,90177,19,186757
31063,0.000832,74.125.68.0-255,5738,95915,19,186757
31064,0.000835,172.31.36.0-255,66,95981,19,186757
31065,0.000859,74.125.68.0-255,5020,101001,19,186757
31066,0.00088,172.31.36.0-255,66,101067,19,186757
31067,0.00098,74.125.68.0-255,1484,102551,19,186757
31068,0.000994,74.125.68.0-255,2902,105453,19,186757
31069,0.001008,172.31.36.0-255,66,105519,19,186757
31070,0.001009,74.125.68.0-255,5738,111257,19,186757
31071,0.001013,172.31.36.0-255,66,111323,19,186757
31072,0.001048,74.125.68.0-255,5738,117061,19,186757
31073,0.001052,172.31.36.0-255,66,117127,19,186757
31074,0.001059,74.125.68.0-255,7156,124283,19,186757
31075,0.001067,172.31.36.0-255,66,124349,19,186757
31076,0.001095,74.125.68.0-255,5738,130087,19,186757
31077,0.001099,172.31.36.0-255,66,130153,19,186757
31078,0.001118,74.125.68.0-255,5020,135173,19,186757
31079,0.001125,172.31.36.0-255,66,135239,19,186757
31080,0.001478,74.125.68.0-255,1484,136723,19,186757
31081,0.001487,74.125.68.0-255,2902,139625,19,186757
31082,0.001491,172.31.36.0-255,66,139691,19,186757
31083,0.001497,74.125.68.0-255,2902,142593,19,186757
31084,0.001515,74.125.68.0-255,1484,144077,19,186757
31085,0.001519,74.125.68.0-255,2902,146979,19,186757
31086,0.001534,74.125.68.0-255,5738,152717,19,186757
31087,0.001552,74.125.68.0-255,2902,155619,19,186757
31088,0.001575,74.125.68.0-255,4320,159939,19,186757
31089,0.001583,74.125.68.0-255,8574,168513,19,186757
31090,0.001586,74.125.68.0-255,766,169279,19,186757
31091,0.002133,172.31.36.0-255,66,169345,19,186757
31092,0.004725,74.125.68.0-255,5738,175083,19,186757
31093,0.004731,172.31.36.0-255,66,175149,19,186757
31094,0.00733,74.125.68.0-255,5738,180887,19,186757
31095,0.007336,172.31.36.0-255,66,180953,19,186757
31096,0.009936,74.125.68.0-255,5738,186691,19,186757
31097,0.009945,172.31.36.0-255,66,186757,19,186757
31098,0.0,172.217.194.0-255,153,153,19,190720
31099,3.4e-05,172.31.36.0-255,66,219,19,190720
31100,4.1e-05,172.217.194.0-255,1484,1703,19,190720
31101,4.6e-05,172.31.36.0-255,66,1769,19,190720
31102,5e-05,172.217.194.0-255,2902,4671,19,190720
31103,6.3e-05,172.31.36.0-255,66,4737,19,190720
31104,7.1e-05,172.217.194.0-255,7156,11893,19,190720
31105,7.5e-05,172.31.36.0-255,66,11959,19,190720
31106,7.8e-05,172.217.194.0-255,2039,13998,19,190720
31107,8.1e-05,172.31.36.0-255,66,14064,19,190720
31108,0.000114,172.217.194.0-255,2902,16966,19,190720
31109,0.000117,172.31.36.0-255,66,17032,19,190720
31110,0.000122,172.217.194.0-255,2902,19934,19,190720
31111,0.000124,172.31.36.0-255,66,20000,19,190720
31112,0.000129,172.217.194.0-255,4320,24320,19,190720
31113,0.000131,172.31.36.0-255,66,24386,19,190720
31114,0.000162,172.217.194.0-255,2902,27288,19,190720
31115,0.000165,172.31.36.0-255,66,27354,19,190720
31116,0.000171,172.217.194.0-255,3961,31315,19,190720
31117,0.000173,172.31.36.0-255,66,31381,19,190720
31118,0.00024,172.217.194.0-255,1484,32865,19,190720
31119,0.000243,172.31.36.0-255,66,32931,19,190720
31120,0.000248,172.217.194.0-255,2902,35833,19,190720
31121,0.00025,172.31.36.0-255,66,35899,19,190720
31122,0.000278,172.217.194.0-255,5738,41637,19,190720
31123,0.000281,172.31.36.0-255,66,41703,19,190720
31124,0.000287,172.217.194.0-255,4320,46023,19,190720
31125,0.000289,172.31.36.0-255,66,46089,19,190720
31126,0.000341,172.31.36.0-255,66,46155,19,190720
31127,0.000348,172.217.194.0-255,6797,52952,19,190720
31128,0.000351,172.31.36.0-255,66,53018,19,190720
31129,0.000374,172.217.194.0-255,376,53394,19,190720
31130,0.000401,172.217.194.0-255,366,53760,19,190720
31131,0.000644,172.217.194.0-255,1484,55244,19,190720
31132,0.000648,172.31.36.0-255,66,55310,19,190720
31133,0.000652,172.217.194.0-255,1484,56794,19,190720
31134,0.000678,172.217.194.0-255,1484,58278,19,190720
31135,0.000681,172.31.36.0-255,66,58344,19,190720
31136,0.000688,172.217.194.0-255,5738,64082,19,190720
31137,0.00069,172.31.36.0-255,66,64148,19,190720
31138,0.000714,172.31.36.0-255,66,64214,19,190720
31139,0.000716,172.217.194.0-255,8574,72788,19,190720
31140,0.000719,172.31.36.0-255,66,72854,19,190720
31141,0.000742,172.217.194.0-255,2184,75038,19,190720
31142,0.00075,172.31.36.0-255,66,75104,19,190720
31143,0.000983,172.217.194.0-255,1484,76588,19,190720
31144,0.001003,172.217.194.0-255,2902,79490,19,190720
31145,0.001006,172.31.36.0-255,66,79556,19,190720
31146,0.001011,172.217.194.0-255,1484,81040,19,190720
31147,0.001039,172.217.194.0-255,4320,85360,19,190720
31148,0.001043,172.31.36.0-255,66,85426,19,190720
31149,0.001057,172.31.36.0-255,66,85492,19,190720
31150,0.001104,172.217.194.0-255,8574,94066,19,190720
31151,0.001108,172.31.36.0-255,66,94132,19,190720
31152,0.001135,172.217.194.0-255,1484,95616,19,190720
31153,0.001139,172.217.194.0-255,766,96382,19,190720
31154,0.001142,172.31.36.0-255,66,96448,19,190720
31155,0.00178,172.217.194.0-255,1484,97932,19,190720
31156,0.001791,172.217.194.0-255,2902,100834,19,190720
31157,0.001795,172.31.36.0-255,66,100900,19,190720
31158,0.001801,172.217.194.0-255,2902,103802,19,190720
31159,0.001803,172.31.36.0-255,66,103868,19,190720
31160,0.001838,172.217.194.0-255,4320,108188,19,190720
31161,0.001841,172.31.36.0-255,66,108254,19,190720
31162,0.001846,172.217.194.0-255,2902,111156,19,190720
31163,0.001848,172.31.36.0-255,66,111222,19,190720
31164,0.001882,172.217.194.0-255,5738,116960,19,190720
31165,0.001885,172.31.36.0-255,66,117026,19,190720
31166,0.001888,172.217.194.0-255,1484,118510,19,190720
31167,0.001912,172.217.194.0-255,2902,121412,19,190720
31168,0.001915,172.31.36.0-255,66,121478,19,190720
31169,0.001918,172.217.194.0-255,1484,122962,19,190720
31170,0.001951,172.217.194.0-255,5738,128700,19,190720
31171,0.001955,172.31.36.0-255,66,128766,19,190720
31172,0.00196,172.217.194.0-255,2184,130950,19,190720
31173,0.001962,172.31.36.0-255,66,131016,19,190720
31174,0.002164,172.217.194.0-255,1484,132500,19,190720
31175,0.002171,172.217.194.0-255,2902,135402,19,190720
31176,0.002174,172.31.36.0-255,66,135468,19,190720
31177,0.002181,172.217.194.0-255,5738,141206,19,190720
31178,0.002183,172.31.36.0-255,66,141272,19,190720
31179,0.002224,172.31.36.0-255,66,141338,19,190720
31180,0.002232,172.217.194.0-255,7156,148494,19,190720
31181,0.002234,172.31.36.0-255,66,148560,19,190720
31182,0.002261,172.217.194.0-255,2902,151462,19,190720
31183,0.002264,172.31.36.0-255,66,151528,19,190720
31184,0.002269,172.217.194.0-255,4320,155848,19,190720
31185,0.002271,172.31.36.0-255,66,155914,19,190720
31186,0.002308,172.31.36.0-255,66,155980,19,190720
31187,0.002335,172.217.194.0-255,6438,162418,19,190720
31188,0.002337,172.217.194.0-255,1484,163902,19,190720
31189,0.002345,172.217.194.0-255,9274,173176,19,190720
31190,0.00235,172.31.36.0-255,66,173242,19,190720
31191,0.002358,172.31.36.0-255,66,173308,19,190720
31192,0.004637,172.217.194.0-255,5738,179046,19,190720
31193,0.004642,172.31.36.0-255,66,179112,19,190720
31194,0.006924,172.217.194.0-255,5738,184850,19,190720
31195,0.00693,172.31.36.0-255,66,184916,19,190720
31196,0.009216,172.217.194.0-255,5738,190654,19,190720
31197,0.009225,172.31.36.0-255,66,190720,19,190720
31198,0.0,74.125.24.0-255,153,153,19,214500
31199,1.6e-05,172.31.36.0-255,66,219,19,214500
31200,2.2e-05,74.125.24.0-255,1484,1703,19,214500
31201,2.6e-05,172.31.36.0-255,66,1769,19,214500
31202,3.2e-05,74.125.24.0-255,2902,4671,19,214500
31203,3.5e-05,172.31.36.0-255,66,4737,19,214500
31204,5.1e-05,74.125.24.0-255,7156,11893,19,214500
31205,5.5e-05,172.31.36.0-255,66,11959,19,214500
31206,5.9e-05,74.125.24.0-255,2004,13963,19,214500
31207,6.2e-05,172.31.36.0-255,66,14029,19,214500
31208,0.000103,74.125.24.0-255,2902,16931,19,214500
31209,0.000106,172.31.36.0-255,66,16997,19,214500
31210,0.000136,74.125.24.0-255,4320,21317,19,214500
31211,0.000139,172.31.36.0-255,66,21383,19,214500
31212,0.000147,74.125.24.0-255,8574,29957,19,214500
31213,0.000149,172.31.36.0-255,66,30023,19,214500
31214,0.000152,74.125.24.0-255,1125,31148,19,214500
31215,0.000154,172.31.36.0-255,66,31214,19,214500
31216,0.000291,74.125.24.0-255,1484,32698,19,214500
31217,0.000295,172.31.36.0-255,66,32764,19,214500
31218,0.000301,74.125.24.0-255,2902,35666,19,214500
31219,0.000303,172.31.36.0-255,66,35732,19,214500
31220,0.000314,74.125.24.0-255,5738,41470,19,214500
31221,0.000318,172.31.36.0-255,66,41536,19,214500
31222,0.000369,74.125.24.0-255,4320,45856,19,214500
31223,0.000373,172.31.36.0-255,66,45922,19,214500
31224,0.0004,74.125.24.0-255,2543,48465,19,214500
31225,0.000403,172.31.36.0-255,66,48531,19,214500
31226,0.000778,74.125.24.0-255,1484,50015,19,214500
31227,0.000784,172.31.36.0-255,66,50081,19,214500
31228,0.00079,74.125.24.0-255,2902,52983,19,214500
31229,0.000792,172.31.36.0-255,66,53049,19,214500
31230,0.000803,74.125.24.0-255,5738,58787,19,214500
31231,0.000805,172.31.36.0-255,66,58853,19,214500
31232,0.000841,74.125.24.0-255,6797,65650,19,214500
31233,0.000844,172.31.36.0-255,66,65716,19,214500
31234,0.000882,74.125.24.0-255,1484,67200,19,214500
31235,0.000887,74.125.24.0-255,2902,70102,19,214500
31236,0.00089,172.31.36.0-255,66,70168,19,214500
31237,0.000923,74.125.24.0-255,5738,75906,19,214500
31238,0.000926,172.31.36.0-255,66,75972,19,214500
31239,0.000933,74.125.24.0-255,6797,82769,19,214500
31240,0.000936,172.31.36.0-255,66,82835,19,214500
31241,0.000974,172.31.36.0-255,66,82901,19,214500
31242,0.000979,74.125.24.0-255,3124,86025,19,214500
31243,0.000981,172.31.36.0-255,66,86091,19,214500
31244,0.001098,74.125.24.0-255,1484,87575,19,214500
31245,0.001121,74.125.24.0-255,2902,90477,19,214500
31246,0.001124,172.31.36.0-255,66,90543,19,214500
31247,0.001131,74.125.24.0-255,5738,96281,19,214500
31248,0.001132,172.31.36.0-255,66,96347,19,214500
31249,0.001178,74.125.24.0-255,2902,99249,19,214500
31250,0.001181,172.31.36.0-255,66,99315,19,214500
31251,0.00121,74.125.24.0-255,3296,102611,19,214500
31252,0.001212,172.31.36.0-255,66,102677,19,214500
31253,0.00122,74.125.24.0-255,7156,109833,19,214500
31254,0.001223,172.31.36.0-255,66,109899,19,214500
31255,0.001253,74.125.24.0-255,10329,120228,19,214500
31256,0.001256,172.31.36.0-255,66,120294,19,214500
31257,0.001359,74.125.24.0-255,1484,121778,19,214500
31258,0.001364,74.125.24.0-255,2902,124680,19,214500
31259,0.001367,172.31.36.0-255,66,124746,19,214500
31260,0.001372,74.125.24.0-255,2902,127648,19,214500
31261,0.001375,172.31.36.0-255,66,127714,19,214500
31262,0.001393,74.125.24.0-255,4320,132034,19,214500
31263,0.001395,172.31.36.0-255,66,132100,19,214500
31264,0.001414,74.125.24.0-255,2902,135002,19,214500
31265,0.001417,172.31.36.0-255,66,135068,19,214500
31266,0.001423,74.125.24.0-255,5738,140806,19,214500
31267,0.001426,172.31.36.0-255,66,140872,19,214500
31268,0.001466,74.125.24.0-255,9992,150864,19,214500
31269,0.001469,172.31.36.0-255,66,150930,19,214500
31270,0.001473,74.125.24.0-255,1484,152414,19,214500
31271,0.001498,74.125.24.0-255,2184,154598,19,214500
31272,0.0015,172.31.36.0-255,66,154664,19,214500
31273,0.002037,74.125.24.0-255,1484,156148,19,214500
31274,0.002044,74.125.24.0-255,2902,159050,19,214500
31275,0.002047,172.31.36.0-255,66,159116,19,214500
31276,0.002052,74.125.24.0-255,4320,163436,19,214500
31277,0.002054,172.31.36.0-255,66,163502,19,214500
31278,0.002108,74.125.24.0-255,1484,164986,19,214500
31279,0.002124,172.31.36.0-255,66,165052,19,214500
31280,0.00213,74.125.24.0-255,4320,169372,19,214500
31281,0.002132,172.31.36.0-255,66,169438,19,214500
31282,0.002172,74.125.24.0-255,6438,175876,19,214500
31283,0.002175,172.31.36.0-255,66,175942,19,214500
31284,0.002203,74.125.24.0-255,7156,183098,19,214500
31285,0.002206,172.31.36.0-255,66,183164,19,214500
31286,0.002211,74.125.24.0-255,4320,187484,19,214500
31287,0.002213,172.31.36.0-255,66,187550,19,214500
31288,0.002216,74.125.24.0-255,1484,189034,19,214500
31289,0.002258,172.31.36.0-255,66,189100,19,214500
31290,0.002267,74.125.24.0-255,9274,198374,19,214500
31291,0.00227,172.31.36.0-255,66,198440,19,214500
31292,0.004581,74.125.24.0-255,5738,204178,19,214500
31293,0.004589,172.31.36.0-255,66,204244,19,214500
31294,0.006873,74.125.24.0-255,4320,208564,19,214500
31295,0.00688,172.31.36.0-255,66,208630,19,214500
31296,0.006898,74.125.24.0-255,1484,210114,19,214500
31297,0.009168,74.125.24.0-255,4320,214434,19,214500
31298,0.009178,172.31.36.0-255,66,214500,19,214500
31299,0.0,172.217.194.0-255,143,143,19,248223
31300,1.4e-05,172.31.36.0-255,66,209,19,248223
31301,2.1e-05,172.217.194.0-255,1484,1693,19,248223
31302,2.6e-05,172.31.36.0-255,66,1759,19,248223
31303,3.4e-05,172.217.194.0-255,2902,4661,19,248223
31304,3.8e-05,172.31.36.0-255,66,4727,19,248223
31305,4.4e-05,172.217.194.0-255,4320,9047,19,248223
31306,4.7e-05,172.31.36.0-255,66,9113,19,248223
31307,7.2e-05,172.217.194.0-255,2902,12015,19,248223
31308,7.5e-05,172.31.36.0-255,66,12081,19,248223
31309,8.3e-05,172.217.194.0-255,7156,19237,19,248223
31310,8.6e-05,172.31.36.0-255,66,19303,19,248223
31311,0.000109,172.217.194.0-255,9193,28496,19,248223
31312,0.000112,172.31.36.0-255,66,28562,19,248223
31313,0.000116,172.217.194.0-255,2543,31105,19,248223
31314,0.000118,172.31.36.0-255,66,31171,19,248223
31315,0.000153,172.217.194.0-255,1484,32655,19,248223
31316,0.000156,172.31.36.0-255,66,32721,19,248223
31317,0.000162,172.217.194.0-255,2902,35623,19,248223
31318,0.000164,172.31.36.0-255,66,35689,19,248223
31319,0.000194,172.217.194.0-255,5738,41427,19,248223
31320,0.000197,172.31.36.0-255,66,41493,19,248223
31321,0.000205,172.217.194.0-255,6797,48290,19,248223
31322,0.000207,172.31.36.0-255,66,48356,19,248223
31323,0.000231,172.217.194.0-255,5738,54094,19,248223
31324,0.000234,172.31.36.0-255,66,54160,19,248223
31325,0.000262,172.217.194.0-255,8574,62734,19,248223
31326,0.000265,172.31.36.0-255,66,62800,19,248223
31327,0.000269,172.217.194.0-255,2794,65594,19,248223
31328,0.000271,172.31.36.0-255,66,65660,19,248223
31329,0.000274,172.217.194.0-255,435,66095,19,248223
31330,0.000276,172.31.36.0-255,66,66161,19,248223
31331,0.000414,172.217.194.0-255,1484,67645,19,248223
31332,0.000421,172.217.194.0-255,2902,70547,19,248223
31333,0.000425,172.31.36.0-255,66,70613,19,248223
31334,0.000449,172.217.194.0-255,5738,76351,19,248223
31335,0.000452,172.31.36.0-255,66,76417,19,248223
31336,0.000459,172.217.194.0-255,5738,82155,19,248223
31337,0.000461,172.31.36.0-255,66,82221,19,248223
31338,0.000513,172.31.36.0-255,66,82287,19,248223
31339,0.000542,172.217.194.0-255,5020,87307,19,248223
31340,0.000545,172.31.36.0-255,66,87373,19,248223
31341,0.000601,172.217.194.0-255,5738,93111,19,248223
31342,0.000607,172.31.36.0-255,66,93177,19,248223
31343,0.000662,172.217.194.0-255,7156,100333,19,248223
31344,0.000666,172.31.36.0-255,66,100399,19,248223
31345,0.000682,172.31.36.0-255,66,100465,19,248223
31346,0.00072,172.217.194.0-255,6438,106903,19,248223
31347,0.000723,172.31.36.0-255,66,106969,19,248223
31348,0.000779,172.217.194.0-255,1484,108453,19,248223
31349,0.000785,172.217.194.0-255,2902,111355,19,248223
31350,0.000787,172.31.36.0-255,66,111421,19,248223
31351,0.000811,172.217.194.0-255,5738,117159,19,248223
31352,0.000814,172.31.36.0-255,66,117225,19,248223
31353,0.000819,172.217.194.0-255,4320,121545,19,248223
31354,0.000822,172.31.36.0-255,66,121611,19,248223
31355,0.000856,172.31.36.0-255,66,121677,19,248223
31356,0.00086,172.217.194.0-255,1484,123161,19,248223
31357,0.000884,172.217.194.0-255,6438,129599,19,248223
31358,0.000886,172.31.36.0-255,66,129665,19,248223
31359,0.000953,172.217.194.0-255,1484,131149,19,248223
31360,0.000957,172.217.194.0-255,1484,132633,19,248223
31361,0.000959,172.31.36.0-255,66,132699,19,248223
31362,0.000982,172.217.194.0-255,1484,134183,19,248223
31363,0.000989,172.217.194.0-255,5738,139921,19,248223
31364,0.000992,172.31.36.0-255,66,139987,19,248223
31365,0.000998,172.217.194.0-255,4320,144307,19,248223
31366,0.001001,172.31.36.0-255,66,144373,19,248223
31367,0.001023,172.217.194.0-255,8574,152947,19,248223
31368,0.001026,172.31.36.0-255,66,153013,19,248223
31369,0.001036,172.217.194.0-255,10692,163705,19,248223
31370,0.001039,172.31.36.0-255,66,163771,19,248223
31371,0.001082,172.217.194.0-255,4320,168091,19,248223
31372,0.001089,172.31.36.0-255,66,168157,19,248223
31373,0.001118,172.217.194.0-255,5738,173895,19,248223
31374,0.001224,172.217.194.0-255,9274,183169,19,248223
31375,0.001234,172.217.194.0-255,9992,193161,19,248223
31376,0.001249,172.31.36.0-255,66,193227,19,248223
31377,0.001262,172.217.194.0-255,3602,196829,19,248223
31378,0.001266,172.31.36.0-255,66,196895,19,248223
31379,0.001282,172.217.194.0-255,5738,202633,19,248223
31380,0.001323,172.31.36.0-255,66,202699,19,248223
31381,0.001334,172.31.36.0-255,66,202765,19,248223
31382,0.001345,172.217.194.0-255,3602,206367,19,248223
31383,0.001363,172.217.194.0-255,4320,210687,19,248223
31384,0.001379,172.31.36.0-255,66,210753,19,248223
31385,0.001389,172.217.194.0-255,9992,220745,19,248223
31386,0.001395,172.31.36.0-255,66,220811,19,248223
31387,0.001422,172.217.194.0-255,9992,230803,19,248223
31388,0.001436,172.31.36.0-255,66,230869,19,248223
31389,0.001453,172.217.194.0-255,5738,236607,19,248223
31390,0.001487,172.31.36.0-255,66,236673,19,248223
31391,0.001507,172.31.36.0-255,66,236739,19,248223
31392,0.001518,172.217.194.0-255,2902,239641,19,248223
31393,0.001526,172.217.194.0-255,7856,247497,19,248223
31394,0.001528,172.217.194.0-255,489,247986,19,248223
31395,0.001548,172.31.36.0-255,66,248052,19,248223
31396,0.001594,172.217.194.0-255,105,248157,19,248223
31397,0.004586,172.31.36.0-255,66,248223,19,248223
31398,0.0,172.217.194.0-255,153,153,19,321280
31399,2.7e-05,172.31.36.0-255,66,219,19,321280
31400,3.4e-05,172.217.194.0-255,1484,1703,19,321280
31401,3.8e-05,172.31.36.0-255,66,1769,19,321280
31402,4.3e-05,172.217.194.0-255,2902,4671,19,321280
31403,4.5e-05,172.31.36.0-255,66,4737,19,321280
31404,5.3e-05,172.217.194.0-255,7156,11893,19,321280
31405,5.5e-05,172.31.36.0-255,66,11959,19,321280
31406,6.9e-05,172.217.194.0-255,1484,13443,19,321280
31407,7.2e-05,172.31.36.0-255,66,13509,19,321280
31408,0.000111,172.31.36.0-255,66,13575,19,321280
31409,0.000115,172.217.194.0-255,2543,16118,19,321280
31410,0.000118,172.31.36.0-255,66,16184,19,321280
31411,0.00016,172.217.194.0-255,2902,19086,19,321280
31412,0.000164,172.31.36.0-255,66,19152,19,321280
31413,0.000183,172.217.194.0-255,4320,23472,19,321280
31414,0.000186,172.31.36.0-255,66,23538,19,321280
31415,0.000193,172.217.194.0-255,8574,32112,19,321280
31416,0.000196,172.31.36.0-255,66,32178,19,321280
31417,0.000203,172.217.194.0-255,5738,37916,19,321280
31418,0.000205,172.31.36.0-255,66,37982,19,321280
31419,0.000241,172.31.36.0-255,66,38048,19,321280
31420,0.000244,172.217.194.0-255,766,38814,19,321280
31421,0.000246,172.31.36.0-255,66,38880,19,321280
31422,0.000599,172.217.194.0-255,645,39525,19,321280
31423,0.000604,172.31.36.0-255,66,39591,19,321280
31424,0.000782,172.217.194.0-255,1484,41075,19,321280
31425,0.000787,172.31.36.0-255,66,41141,19,321280
31426,0.000792,172.217.194.0-255,2902,44043,19,321280
31427,0.000794,172.31.36.0-255,66,44109,19,321280
31428,0.000828,172.217.194.0-255,5738,49847,19,321280
31429,0.000831,172.31.36.0-255,66,49913,19,321280
31430,0.000839,172.217.194.0-255,8574,58487,19,321280
31431,0.00084,172.31.36.0-255,66,58553,19,321280
31432,0.000864,172.217.194.0-255,4320,62873,19,321280
31433,0.000868,172.31.36.0-255,66,62939,19,321280
31434,0.000874,172.217.194.0-255,4320,67259,19,321280
31435,0.000876,172.31.36.0-255,66,67325,19,321280
31436,0.000905,172.217.194.0-255,6438,73763,19,321280
31437,0.000908,172.31.36.0-255,66,73829,19,321280
31438,0.000943,172.217.194.0-255,1484,75313,19,321280
31439,0.000948,172.217.194.0-255,2902,78215,19,321280
31440,0.000952,172.31.36.0-255,66,78281,19,321280
31441,0.000982,172.217.194.0-255,1484,79765,19,321280
31442,0.001006,172.217.194.0-255,4320,84085,19,321280
31443,0.001009,172.31.36.0-255,66,84151,19,321280
31444,0.001022,172.31.36.0-255,66,84217,19,321280
31445,0.001028,172.217.194.0-255,5738,89955,19,321280
31446,0.001031,172.31.36.0-255,66,90021,19,321280
31447,0.001052,172.217.194.0-255,5020,95041,19,321280
31448,0.001055,172.31.36.0-255,66,95107,19,321280
31449,0.001058,172.217.194.0-255,1484,96591,19,321280
31450,0.001078,172.217.194.0-255,2902,99493,19,321280
31451,0.001081,172.31.36.0-255,66,99559,19,321280
31452,0.001087,172.217.194.0-255,5738,105297,19,321280
31453,0.001089,172.31.36.0-255,66,105363,19,321280
31454,0.001116,172.217.194.0-255,5738,111101,19,321280
31455,0.001119,172.31.36.0-255,66,111167,19,321280
31456,0.001145,172.217.194.0-255,7156,118323,19,321280
31457,0.001148,172.31.36.0-255,66,118389,19,321280
31458,0.001158,172.217.194.0-255,7156,125545,19,321280
31459,0.00116,172.31.36.0-255,66,125611,19,321280
31460,0.001174,172.217.194.0-255,3602,129213,19,321280
31461,0.001177,172.31.36.0-255,66,129279,19,321280
31462,0.00162,172.217.194.0-255,1484,130763,19,321280
31463,0.00164,172.217.194.0-255,2902,133665,19,321280
31464,0.001644,172.31.36.0-255,66,133731,19,321280
31465,0.00165,172.217.194.0-255,5738,139469,19,321280
31466,0.001652,172.31.36.0-255,66,139535,19,321280
31467,0.001687,172.31.36.0-255,66,139601,19,321280
31468,0.001705,172.217.194.0-255,1484,141085,19,321280
31469,0.001712,172.217.194.0-255,7156,148241,19,321280
31470,0.001714,172.31.36.0-255,66,148307,19,321280
31471,0.001746,172.217.194.0-255,3602,151909,19,321280
31472,0.001748,172.31.36.0-255,66,151975,19,321280
31473,0.001752,172.217.194.0-255,4320,156295,19,321280
31474,0.001754,172.31.36.0-255,66,156361,19,321280
31475,0.001787,172.217.194.0-255,9992,166353,19,321280
31476,0.00179,172.31.36.0-255,66,166419,19,321280
31477,0.001795,172.217.194.0-255,2902,169321,19,321280
31478,0.001797,172.31.36.0-255,66,169387,19,321280
31479,0.001815,172.217.194.0-255,9992,179379,19,321280
31480,0.001818,172.31.36.0-255,66,179445,19,321280
31481,0.001838,172.217.194.0-255,2902,182347,19,321280
31482,0.00184,172.31.36.0-255,66,182413,19,321280
31483,0.001859,172.217.194.0-255,3602,186015,19,321280
31484,0.001861,172.31.36.0-255,66,186081,19,321280
31485,0.001938,172.217.194.0-255,1484,187565,19,321280
31486,0.001955,172.217.194.0-255,2902,190467,19,321280
31487,0.001957,172.31.36.0-255,66,190533,19,321280
31488,0.001961,172.217.194.0-255,2902,193435,19,321280
31489,0.001964,172.31.36.0-255,66,193501,19,321280
31490,0.001977,172.217.194.0-255,2902,196403,19,321280
31491,0.001979,172.31.36.0-255,66,196469,19,321280
31492,0.001985,172.217.194.0-255,5738,202207,19,321280
31493,0.001987,172.31.36.0-255,66,202273,19,321280
31494,0.002013,172.217.194.0-255,7156,209429,19,321280
31495,0.002015,172.31.36.0-255,66,209495,19,321280
31496,0.002024,172.217.194.0-255,9992,219487,19,321280
31497,0.002026,172.31.36.0-255,66,219553,19,321280
31498,0.002028,172.217.194.0-255,766,220319,19,321280
31499,0.002059,172.217.194.0-255,1484,221803,19,321280
31500,0.002061,172.31.36.0-255,66,221869,19,321280
31501,0.002064,172.217.194.0-255,1484,223353,19,321280
31502,0.002081,172.217.194.0-255,2902,226255,19,321280
31503,0.002083,172.31.36.0-255,66,226321,19,321280
31504,0.002104,172.217.194.0-255,1484,227805,19,321280
31505,0.002126,172.217.194.0-255,8574,236379,19,321280
31506,0.002128,172.31.36.0-255,66,236445,19,321280
31507,0.002137,172.217.194.0-255,8574,245019,19,321280
31508,0.002139,172.31.36.0-255,66,245085,19,321280
31509,0.002191,172.217.194.0-255,9274,254359,19,321280
31510,0.002193,172.31.36.0-255,66,254425,19,321280
31511,0.00221,172.217.194.0-255,1484,255909,19,321280
31512,0.002213,172.217.194.0-255,1484,257393,19,321280
31513,0.002215,172.31.36.0-255,66,257459,19,321280
31514,0.002224,172.217.194.0-255,1484,258943,19,321280
31515,0.002234,172.217.194.0-255,1484,260427,19,321280
31516,0.002236,172.31.36.0-255,66,260493,19,321280
31517,0.002252,172.217.194.0-255,4320,264813,19,321280
31518,0.002254,172.31.36.0-255,66,264879,19,321280
31519,0.002257,172.217.194.0-255,1484,266363,19,321280
31520,0.00228,172.217.194.0-255,5738,272101,19,321280
31521,0.002283,172.31.36.0-255,66,272167,19,321280
31522,0.0023,172.217.194.0-255,2902,275069,19,321280
31523,0.002302,172.31.36.0-255,66,275135,19,321280
31524,0.002321,172.217.194.0-255,7156,282291,19,321280
31525,0.002323,172.31.36.0-255,66,282357,19,321280
31526,0.00234,172.217.194.0-255,4320,286677,19,321280
31527,0.002343,172.31.36.0-255,66,286743,19,321280
31528,0.002347,172.217.194.0-255,2184,288927,19,321280
31529,0.002348,172.31.36.0-255,66,288993,19,321280
31530,0.00236,172.217.194.0-255,2902,291895,19,321280
31531,0.002361,172.31.36.0-255,66,291961,19,321280
31532,0.002392,172.217.194.0-255,7156,299117,19,321280
31533,0.002394,172.31.36.0-255,66,299183,19,321280
31534,0.002399,172.217.194.0-255,4320,303503,19,321280
31535,0.002401,172.31.36.0-255,66,303569,19,321280
31536,0.00474,172.217.194.0-255,1484,305053,19,321280
31537,0.004754,172.217.194.0-255,4320,309373,19,321280
31538,0.004758,172.31.36.0-255,66,309439,19,321280
31539,0.007097,172.217.194.0-255,5738,315177,19,321280
31540,0.007103,172.31.36.0-255,66,315243,19,321280
31541,0.007251,172.31.36.0-255,101,315344,19,321280
31542,0.009427,172.217.194.0-255,4320,319664,19,321280
31543,0.009433,172.31.36.0-255,66,319730,19,321280
31544,0.009451,172.217.194.0-255,1484,321214,19,321280
31545,0.009563,172.217.194.0-255,66,321280,19,321280
31546,0.0,172.217.194.0-255,298,298,19,339470
31547,2.1e-05,172.31.36.0-255,66,364,19,339470
31548,2.7e-05,172.217.194.0-255,1484,1848,19,339470
31549,3.1e-05,172.31.36.0-255,66,1914,19,339470
31550,3.7e-05,172.217.194.0-255,4320,6234,19,339470
31551,4e-05,172.31.36.0-255,66,6300,19,339470
31552,6.6e-05,172.217.194.0-255,5738,12038,19,339470
31553,7e-05,172.31.36.0-255,66,12104,19,339470
31554,8.3e-05,172.217.194.0-255,1843,13947,19,339470
31555,8.6e-05,172.31.36.0-255,66,14013,19,339470
31556,9.2e-05,172.217.194.0-255,7156,21169,19,339470
31557,9.3e-05,172.31.36.0-255,66,21235,19,339470
31558,0.000119,172.217.194.0-255,1484,22719,19,339470
31559,0.000121,172.31.36.0-255,66,22785,19,339470
31560,0.000127,172.217.194.0-255,8574,31359,19,339470
31561,0.000128,172.31.36.0-255,66,31425,19,339470
31562,0.00016,172.217.194.0-255,4320,35745,19,339470
31563,0.000162,172.31.36.0-255,66,35811,19,339470
31564,0.000179,172.31.36.0-255,66,35877,19,339470
31565,0.000194,172.217.194.0-255,3602,39479,19,339470
31566,0.000196,172.31.36.0-255,66,39545,19,339470
31567,0.000229,172.217.194.0-255,4320,43865,19,339470
31568,0.000232,172.31.36.0-255,66,43931,19,339470
31569,0.000247,172.217.194.0-255,9938,53869,19,339470
31570,0.000248,172.31.36.0-255,66,53935,19,339470
31571,0.000252,172.217.194.0-255,4320,58255,19,339470
31572,0.000254,172.31.36.0-255,66,58321,19,339470
31573,0.00029,172.217.194.0-255,9992,68313,19,339470
31574,0.000293,172.31.36.0-255,66,68379,19,339470
31575,0.000301,172.217.194.0-255,9992,78371,19,339470
31576,0.000304,172.31.36.0-255,66,78437,19,339470
31577,0.000317,172.217.194.0-255,1484,79921,19,339470
31578,0.000338,172.217.194.0-255,7591,87512,19,339470
31579,0.000341,172.31.36.0-255,66,87578,19,339470
31580,0.000344,172.217.194.0-255,1484,89062,19,339470
31581,0.000362,172.217.194.0-255,7156,96218,19,339470
31582,0.000365,172.31.36.0-255,66,96284,19,339470
31583,0.000386,172.217.194.0-255,1484,97768,19,339470
31584,0.0004,172.31.36.0-255,66,97834,19,339470
31585,0.000451,172.217.194.0-255,9274,107108,19,339470
31586,0.000453,172.31.36.0-255,66,107174,19,339470
31587,0.001072,172.217.194.0-255,1484,108658,19,339470
31588,0.001079,172.217.194.0-255,2902,111560,19,339470
31589,0.001083,172.31.36.0-255,66,111626,19,339470
31590,0.00109,172.217.194.0-255,5738,117364,19,339470
31591,0.001093,172.31.36.0-255,66,117430,19,339470
31592,0.001096,172.217.194.0-255,1484,118914,19,339470
31593,0.001137,172.31.36.0-255,66,118980,19,339470
31594,0.001147,172.217.194.0-255,10692,129672,19,339470
31595,0.001149,172.31.36.0-255,66,129738,19,339470
31596,0.001332,172.217.194.0-255,1484,131222,19,339470
31597,0.001339,172.217.194.0-255,2902,134124,19,339470
31598,0.001343,172.31.36.0-255,66,134190,19,339470
31599,0.00135,172.217.194.0-255,5738,139928,19,339470
31600,0.001353,172.31.36.0-255,66,139994,19,339470
31601,0.001377,172.217.194.0-255,9992,149986,19,339470
31602,0.001381,172.31.36.0-255,66,150052,19,339470
31603,0.001407,172.217.194.0-255,2902,152954,19,339470
31604,0.00141,172.31.36.0-255,66,153020,19,339470
31605,0.001419,172.217.194.0-255,10692,163712,19,339470
31606,0.001439,172.31.36.0-255,66,163778,19,339470
31607,0.00157,172.217.194.0-255,1484,165262,19,339470
31608,0.001576,172.217.194.0-255,2902,168164,19,339470
31609,0.001579,172.31.36.0-255,66,168230,19,339470
31610,0.001601,172.217.194.0-255,2902,171132,19,339470
31611,0.001604,172.31.36.0-255,66,171198,19,339470
31612,0.001625,172.217.194.0-255,2902,174100,19,339470
31613,0.001628,172.31.36.0-255,66,174166,19,339470
31614,0.001644,172.217.194.0-255,5738,179904,19,339470
31615,0.001652,172.31.36.0-255,66,179970,19,339470
31616,0.001663,172.217.194.0-255,5020,184990,19,339470
31617,0.001669,172.31.36.0-255,66,185056,19,339470
31618,0.002023,172.217.194.0-255,1484,186540,19,339470
31619,0.002029,172.217.194.0-255,2902,189442,19,339470
31620,0.002032,172.31.36.0-255,66,189508,19,339470
31621,0.002037,172.217.194.0-255,2902,192410,19,339470
31622,0.002039,172.31.36.0-255,66,192476,19,339470
31623,0.00206,172.217.194.0-255,2902,195378,19,339470
31624,0.002062,172.31.36.0-255,66,195444,19,339470
31625,0.002069,172.217.194.0-255,7156,202600,19,339470
31626,0.002071,172.31.36.0-255,66,202666,19,339470
31627,0.002081,172.217.194.0-255,4320,206986,19,339470
31628,0.002083,172.31.36.0-255,66,207052,19,339470
31629,0.002114,172.217.194.0-255,9992,217044,19,339470
31630,0.002116,172.31.36.0-255,66,217110,19,339470
31631,0.00212,172.217.194.0-255,2184,219294,19,339470
31632,0.002122,172.31.36.0-255,66,219360,19,339470
31633,0.002143,172.217.194.0-255,1484,220844,19,339470
31634,0.002147,172.217.194.0-255,2902,223746,19,339470
31635,0.002149,172.31.36.0-255,66,223812,19,339470
31636,0.002152,172.217.194.0-255,1484,225296,19,339470
31637,0.002171,172.217.194.0-255,4320,229616,19,339470
31638,0.002173,172.31.36.0-255,66,229682,19,339470
31639,0.002177,172.217.194.0-255,2902,232584,19,339470
31640,0.002179,172.31.36.0-255,66,232650,19,339470
31641,0.002201,172.217.194.0-255,9992,242642,19,339470
31642,0.002207,172.217.194.0-255,5738,248380,19,339470
31643,0.002226,172.217.194.0-255,4320,252700,19,339470
31644,0.002229,172.217.194.0-255,766,253466,19,339470
31645,0.002313,172.217.194.0-255,1484,254950,19,339470
31646,0.002318,172.217.194.0-255,2902,257852,19,339470
31647,0.00237,172.217.194.0-255,5738,263590,19,339470
31648,0.002378,172.217.194.0-255,9992,273582,19,339470
31649,0.002402,172.217.194.0-255,5738,279320,19,339470
31650,0.002421,172.217.194.0-255,9274,288594,19,339470
31651,0.002428,172.217.194.0-255,7156,295750,19,339470
31652,0.002451,172.217.194.0-255,8574,304324,19,339470
31653,0.002454,172.217.194.0-255,1484,305808,19,339470
31654,0.002521,172.217.194.0-255,4320,310128,19,339470
31655,0.002535,172.217.194.0-255,7156,317284,19,339470
31656,0.002551,172.217.194.0-255,7156,324440,19,339470
31657,0.002575,172.217.194.0-255,4320,328760,19,339470
31658,0.002596,172.217.194.0-255,10442,339202,19,339470
31659,0.0026,172.217.194.0-255,97,339299,19,339470
31660,0.002724,172.31.36.0-255,66,339365,19,339470
31661,0.005178,172.217.194.0-255,105,339470,19,339470
31662,0.0,172.31.36.0-255,229,229,19,295
31663,0.005927,172.217.194.0-255,66,295,19,295
31664,0.0,74.125.24.0-255,153,153,19,315068
31665,2.1e-05,172.31.36.0-255,66,219,19,315068
31666,2.8e-05,74.125.24.0-255,1484,1703,19,315068
31667,3.1e-05,172.31.36.0-255,66,1769,19,315068
31668,3.7e-05,74.125.24.0-255,2902,4671,19,315068
31669,3.9e-05,172.31.36.0-255,66,4737,19,315068
31670,4.7e-05,74.125.24.0-255,7156,11893,19,315068
31671,4.9e-05,172.31.36.0-255,66,11959,19,315068
31672,8e-05,74.125.24.0-255,7660,19619,19,315068
31673,8.3e-05,172.31.36.0-255,66,19685,19,315068
31674,9e-05,74.125.24.0-255,7156,26841,19,315068
31675,9.1e-05,172.31.36.0-255,66,26907,19,315068
31676,0.000136,74.125.24.0-255,3961,30868,19,315068
31677,0.000138,172.31.36.0-255,66,30934,19,315068
31678,0.000725,74.125.24.0-255,1484,32418,19,315068
31679,0.00073,172.31.36.0-255,66,32484,19,315068
31680,0.000739,74.125.24.0-255,2902,35386,19,315068
31681,0.000741,172.31.36.0-255,66,35452,19,315068
31682,0.000747,74.125.24.0-255,5738,41190,19,315068
31683,0.000748,172.31.36.0-255,66,41256,19,315068
31684,0.000784,172.31.36.0-255,66,41322,19,315068
31685,0.000789,74.125.24.0-255,2902,44224,19,315068
31686,0.00079,172.31.36.0-255,66,44290,19,315068
31687,0.000811,74.125.24.0-255,8187,52477,19,315068
31688,0.000813,172.31.36.0-255,66,52543,19,315068
31689,0.001621,74.125.24.0-255,109,52652,19,315068
31690,0.001627,172.31.36.0-255,66,52718,19,315068
31691,0.001772,74.125.24.0-255,1484,54202,19,315068
31692,0.001775,172.31.36.0-255,66,54268,19,315068
31693,0.00178,74.125.24.0-255,2902,57170,19,315068
31694,0.001782,172.31.36.0-255,66,57236,19,315068
31695,0.001809,74.125.24.0-255,5738,62974,19,315068
31696,0.001811,172.31.36.0-255,66,63040,19,315068
31697,0.001816,74.125.24.0-255,4320,67360,19,315068
31698,0.001818,172.31.36.0-255,66,67426,19,315068
31699,0.001832,74.125.24.0-255,2902,70328,19,315068
31700,0.001835,172.31.36.0-255,66,70394,19,315068
31701,0.001852,74.125.24.0-255,5738,76132,19,315068
31702,0.001854,172.31.36.0-255,66,76198,19,315068
31703,0.001882,74.125.24.0-255,8574,84772,19,315068
31704,0.001885,172.31.36.0-255,66,84838,19,315068
31705,0.00189,74.125.24.0-255,2184,87022,19,315068
31706,0.001892,172.31.36.0-255,66,87088,19,315068
31707,0.002103,74.125.24.0-255,1484,88572,19,315068
31708,0.00211,74.125.24.0-255,2902,91474,19,315068
31709,0.002112,172.31.36.0-255,66,91540,19,315068
31710,0.002136,74.125.24.0-255,5738,97278,19,315068
31711,0.002138,172.31.36.0-255,66,97344,19,315068
31712,0.002142,74.125.24.0-255,2902,100246,19,315068
31713,0.002145,172.31.36.0-255,66,100312,19,315068
31714,0.002168,74.125.24.0-255,9992,110304,19,315068
31715,0.002171,172.31.36.0-255,66,110370,19,315068
31716,0.00218,74.125.24.0-255,8574,118944,19,315068
31717,0.002182,172.31.36.0-255,66,119010,19,315068
31718,0.002197,74.125.24.0-255,2184,121194,19,315068
31719,0.002199,172.31.36.0-255,66,121260,19,315068
31720,0.002239,74.125.24.0-255,1484,122744,19,315068
31721,0.002251,74.125.24.0-255,2902,125646,19,315068
31722,0.002253,172.31.36.0-255,66,125712,19,315068
31723,0.002257,74.125.24.0-255,1484,127196,19,315068
31724,0.00227,74.125.24.0-255,1484,128680,19,315068
31725,0.002273,172.31.36.0-255,66,128746,19,315068
31726,0.002298,74.125.24.0-255,7156,135902,19,315068
31727,0.0023,172.31.36.0-255,66,135968,19,315068
31728,0.002324,172.31.36.0-255,66,136034,19,315068
31729,0.00235,74.125.24.0-255,4320,140354,19,315068
31730,0.002353,172.31.36.0-255,66,140420,19,315068
31731,0.002358,74.125.24.0-255,3602,144022,19,315068
31732,0.00236,172.31.36.0-255,66,144088,19,315068
31733,0.002425,74.125.24.0-255,1484,145572,19,315068
31734,0.002436,74.125.24.0-255,1484,147056,19,315068
31735,0.002439,172.31.36.0-255,66,147122,19,315068
31736,0.002442,74.125.24.0-255,1484,148606,19,315068
31737,0.002456,74.125.24.0-255,1484,150090,19,315068
31738,0.002458,172.31.36.0-255,66,150156,19,315068
31739,0.002475,74.125.24.0-255,5738,155894,19,315068
31740,0.002478,172.31.36.0-255,66,155960,19,315068
31741,0.002481,74.125.24.0-255,1484,157444,19,315068
31742,0.002484,74.125.24.0-255,1484,158928,19,315068
31743,0.002487,172.31.36.0-255,66,158994,19,315068
31744,0.002523,172.31.36.0-255,66,159060,19,315068
31745,0.002529,74.125.24.0-255,4320,163380,19,315068
31746,0.002532,172.31.36.0-255,66,163446,19,315068
31747,0.002545,74.125.24.0-255,3602,167048,19,315068
31748,0.002548,172.31.36.0-255,66,167114,19,315068
31749,0.002887,74.125.24.0-255,1484,168598,19,315068
31750,0.002894,74.125.24.0-255,2902,171500,19,315068
31751,0.002897,172.31.36.0-255,66,171566,19,315068
31752,0.002939,74.125.24.0-255,2902,174468,19,315068
31753,0.002941,172.31.36.0-255,66,174534,19,315068
31754,0.002964,74.125.24.0-255,2902,177436,19,315068
31755,0.002966,172.31.36.0-255,66,177502,19,315068
31756,0.002975,74.125.24.0-255,8574,186076,19,315068
31757,0.002977,172.31.36.0-255,66,186142,19,315068
31758,0.002985,74.125.24.0-255,8574,194716,19,315068
31759,0.002988,172.31.36.0-255,66,194782,19,315068
31760,0.003021,74.125.24.0-255,7856,202638,19,315068
31761,0.003048,74.125.24.0-255,7156,209794,19,315068
31762,0.003085,74.125.24.0-255,5738,215532,19,315068
31763,0.003109,74.125.24.0-255,7856,223388,19,315068
31764,0.003117,74.125.24.0-255,5738,229126,19,315068
31765,0.003133,74.125.24.0-255,8574,237700,19,315068
31766,0.003138,74.125.24.0-255,4320,242020,19,315068
31767,0.003142,74.125.24.0-255,2902,244922,19,315068
31768,0.003146,74.125.24.0-255,1484,246406,19,315068
31769,0.003178,74.125.24.0-255,5020,251426,19,315068
31770,0.003201,74.125.24.0-255,5738,257164,19,315068
31771,0.003223,74.125.24.0-255,2902,260066,19,315068
31772,0.003245,74.125.24.0-255,9992,270058,19,315068
31773,0.003251,74.125.24.0-255,4320,274378,19,315068
31774,0.003294,74.125.24.0-255,2902,277280,19,315068
31775,0.00331,74.125.24.0-255,7156,284436,19,315068
31776,0.003328,74.125.24.0-255,7856,292292,19,315068
31777,0.003344,74.125.24.0-255,2902,295194,19,315068
31778,0.003386,74.125.24.0-255,1484,296678,19,315068
31779,0.003422,74.125.24.0-255,2902,299580,19,315068
31780,0.003462,74.125.24.0-255,7156,306736,19,315068
31781,0.003526,74.125.24.0-255,7856,314592,19,315068
31782,0.00353,74.125.24.0-255,208,314800,19,315068
31783,0.003562,74.125.24.0-255,97,314897,19,315068
31784,0.003639,74.125.24.0-255,105,315002,19,315068
31785,0.008057,172.31.36.0-255,66,315068,19,315068
31786,0.0,74.125.24.0-255,296,296,19,109527
31787,3.4e-05,172.31.36.0-255,66,362,19,109527
31788,4.1e-05,74.125.24.0-255,1484,1846,19,109527
31789,4.5e-05,172.31.36.0-255,66,1912,19,109527
31790,5.1e-05,74.125.24.0-255,4320,6232,19,109527
31791,5.3e-05,172.31.36.0-255,66,6298,19,109527
31792,8.7e-05,74.125.24.0-255,9039,15337,19,109527
31793,9e-05,172.31.36.0-255,66,15403,19,109527
31794,0.000182,74.125.24.0-255,4320,19723,19,109527
31795,0.000186,172.31.36.0-255,66,19789,19,109527
31796,0.000205,74.125.24.0-255,8574,28363,19,109527
31797,0.000209,172.31.36.0-255,66,28429,19,109527
31798,0.000329,74.125.24.0-255,2543,30972,19,109527
31799,0.000334,172.31.36.0-255,66,31038,19,109527
31800,0.000355,74.125.24.0-255,1484,32522,19,109527
31801,0.000358,172.31.36.0-255,66,32588,19,109527
31802,0.000396,172.31.36.0-255,66,32654,19,109527
31803,0.000569,74.125.24.0-255,8574,41228,19,109527
31804,0.000573,172.31.36.0-255,66,41294,19,109527
31805,0.000598,74.125.24.0-255,8151,49445,19,109527
31806,0.000601,172.31.36.0-255,66,49511,19,109527
31807,0.000776,74.125.24.0-255,7156,56667,19,109527
31808,0.00078,172.31.36.0-255,66,56733,19,109527
31809,0.000805,74.125.24.0-255,9400,66133,19,109527
31810,0.000808,172.31.36.0-255,66,66199,19,109527
31811,0.001011,172.31.36.0-255,66,66265,19,109527
31812,0.001045,172.31.36.0-255,66,66331,19,109527
31813,0.001378,74.125.24.0-255,8574,74905,19,109527
31814,0.001384,172.31.36.0-255,66,74971,19,109527
31815,0.001429,172.31.36.0-255,66,75037,19,109527
31816,0.0018,172.31.36.0-255,66,75103,19,109527
31817,0.001832,172.31.36.0-255,66,75169,19,109527
31818,0.002182,74.125.24.0-255,4320,79489,19,109527
31819,0.002184,172.31.36.0-255,66,79555,19,109527
31820,0.002217,172.31.36.0-255,66,79621,19,109527
31821,0.002273,172.31.36.0-255,66,79687,19,109527
31822,0.00298,74.125.24.0-255,8574,88261,19,109527
31823,0.002984,172.31.36.0-255,66,88327,19,109527
31824,0.003111,172.31.36.0-255,66,88393,19,109527
31825,0.003787,172.31.36.0-255,66,88459,19,109527
31826,0.003829,172.31.36.0-255,66,88525,19,109527
31827,0.003857,172.31.36.0-255,66,88591,19,109527
31828,0.00389,172.31.36.0-255,66,88657,19,109527
31829,0.004565,74.125.24.0-255,9992,98649,19,109527
31830,0.004573,172.31.36.0-255,66,98715,19,109527
31831,0.004589,74.125.24.0-255,2902,101617,19,109527
31832,0.004592,172.31.36.0-255,66,101683,19,109527
31833,0.004713,74.125.24.0-255,7436,109119,19,109527
31834,0.004718,172.31.36.0-255,66,109185,19,109527
31835,0.006788,172.31.36.0-255,105,109290,19,109527
31836,0.006814,172.31.36.0-255,105,109395,19,109527
31837,0.009029,74.125.24.0-255,66,109461,19,109527
31838,0.009083,74.125.24.0-255,66,109527,19,109527
31839,0.0,74.125.130.0-255,153,153,19,191963
31840,3.3e-05,172.31.36.0-255,66,219,19,191963
31841,3.9e-05,74.125.130.0-255,1484,1703,19,191963
31842,4.3e-05,172.31.36.0-255,66,1769,19,191963
31843,5.7e-05,74.125.130.0-255,1484,3253,19,191963
31844,5.9e-05,172.31.36.0-255,66,3319,19,191963
31845,8.2e-05,74.125.130.0-255,1484,4803,19,191963
31846,8.5e-05,172.31.36.0-255,66,4869,19,191963
31847,9.1e-05,74.125.130.0-255,4320,9189,19,191963
31848,9.3e-05,172.31.36.0-255,66,9255,19,191963
31849,0.00011,74.125.130.0-255,2902,12157,19,191963
31850,0.000113,172.31.36.0-255,66,12223,19,191963
31851,0.000124,74.125.130.0-255,2089,14312,19,191963
31852,0.000126,172.31.36.0-255,66,14378,19,191963
31853,0.000129,74.125.130.0-255,1484,15862,19,191963
31854,0.000131,172.31.36.0-255,66,15928,19,191963
31855,0.000152,74.125.130.0-255,4320,20248,19,191963
31856,0.000155,172.31.36.0-255,66,20314,19,191963
31857,0.000184,74.125.130.0-255,9992,30306,19,191963
31858,0.000187,172.31.36.0-255,66,30372,19,191963
31859,0.000204,74.125.130.0-255,1125,31497,19,191963
31860,0.000206,172.31.36.0-255,66,31563,19,191963
31861,0.000293,74.125.130.0-255,1484,33047,19,191963
31862,0.000297,172.31.36.0-255,66,33113,19,191963
31863,0.000314,74.125.130.0-255,2902,36015,19,191963
31864,0.000317,172.31.36.0-255,66,36081,19,191963
31865,0.000337,74.125.130.0-255,1484,37565,19,191963
31866,0.00034,172.31.36.0-255,66,37631,19,191963
31867,0.000362,74.125.130.0-255,4320,41951,19,191963
31868,0.000365,172.31.36.0-255,66,42017,19,191963
31869,0.000369,74.125.130.0-255,2902,44919,19,191963
31870,0.000375,172.31.36.0-255,66,44985,19,191963
31871,0.000387,74.125.130.0-255,3961,48946,19,191963
31872,0.00039,172.31.36.0-255,66,49012,19,191963
31873,0.00047,74.125.130.0-255,1484,50496,19,191963
31874,0.000476,74.125.130.0-255,2902,53398,19,191963
31875,0.000479,172.31.36.0-255,66,53464,19,191963
31876,0.000508,74.125.130.0-255,2902,56366,19,191963
31877,0.000512,172.31.36.0-255,66,56432,19,191963
31878,0.000521,74.125.130.0-255,2902,59334,19,191963
31879,0.000524,172.31.36.0-255,66,59400,19,191963
31880,0.000527,74.125.130.0-255,1484,60884,19,191963
31881,0.00055,74.125.130.0-255,2902,63786,19,191963
31882,0.000553,172.31.36.0-255,66,63852,19,191963
31883,0.000566,74.125.130.0-255,2543,66395,19,191963
31884,0.00057,172.31.36.0-255,66,66461,19,191963
31885,0.000653,74.125.130.0-255,1484,67945,19,191963
31886,0.000659,74.125.130.0-255,2902,70847,19,191963
31887,0.000662,172.31.36.0-255,66,70913,19,191963
31888,0.000678,74.125.130.0-255,2902,73815,19,191963
31889,0.000681,172.31.36.0-255,66,73881,19,191963
31890,0.000704,74.125.130.0-255,2902,76783,19,191963
31891,0.000707,172.31.36.0-255,66,76849,19,191963
31892,0.00071,74.125.130.0-255,1484,78333,19,191963
31893,0.000729,74.125.130.0-255,8215,86548,19,191963
31894,0.000732,172.31.36.0-255,66,86614,19,191963
31895,0.000763,74.125.130.0-255,5738,92352,19,191963
31896,0.000767,172.31.36.0-255,66,92418,19,191963
31897,0.000789,74.125.130.0-255,4320,96738,19,191963
31898,0.000792,172.31.36.0-255,66,96804,19,191963
31899,0.000796,74.125.130.0-255,2902,99706,19,191963
31900,0.000799,172.31.36.0-255,66,99772,19,191963
31901,0.000818,74.125.130.0-255,1125,100897,19,191963
31902,0.000955,74.125.130.0-255,1484,102381,19,191963
31903,0.000959,172.31.36.0-255,66,102447,19,191963
31904,0.000962,74.125.130.0-255,1484,103931,19,191963
31905,0.00098,74.125.130.0-255,2902,106833,19,191963
31906,0.000984,172.31.36.0-255,66,106899,19,191963
31907,0.00099,74.125.130.0-255,5738,112637,19,191963
31908,0.000992,172.31.36.0-255,66,112703,19,191963
31909,0.001026,74.125.130.0-255,1484,114187,19,191963
31910,0.001042,74.125.130.0-255,2902,117089,19,191963
31911,0.001045,172.31.36.0-255,66,117155,19,191963
31912,0.00107,74.125.130.0-255,5738,122893,19,191963
31913,0.001073,172.31.36.0-255,66,122959,19,191963
31914,0.00108,74.125.130.0-255,8574,131533,19,191963
31915,0.001083,172.31.36.0-255,66,131599,19,191963
31916,0.0011,74.125.130.0-255,2902,134501,19,191963
31917,0.001103,172.31.36.0-255,66,134567,19,191963
31918,0.001106,74.125.130.0-255,766,135333,19,191963
31919,0.00126,74.125.130.0-255,1484,136817,19,191963
31920,0.001265,172.31.36.0-255,66,136883,19,191963
31921,0.001274,74.125.130.0-255,1484,138367,19,191963
31922,0.00129,74.125.130.0-255,2902,141269,19,191963
31923,0.001293,172.31.36.0-255,66,141335,19,191963
31924,0.001311,74.125.130.0-255,1484,142819,19,191963
31925,0.001329,74.125.130.0-255,4320,147139,19,191963
31926,0.001332,172.31.36.0-255,66,147205,19,191963
31927,0.001345,74.125.130.0-255,1484,148689,19,191963
31928,0.001373,74.125.130.0-255,1484,150173,19,191963
31929,0.001376,172.31.36.0-255,66,150239,19,191963
31930,0.001389,74.125.130.0-255,2902,153141,19,191963
31931,0.001393,172.31.36.0-255,66,153207,19,191963
31932,0.001417,74.125.130.0-255,5738,158945,19,191963
31933,0.00142,172.31.36.0-255,66,159011,19,191963
31934,0.001422,74.125.130.0-255,1484,160495,19,191963
31935,0.001438,74.125.130.0-255,2902,163397,19,191963
31936,0.001441,172.31.36.0-255,66,163463,19,191963
31937,0.001472,74.125.130.0-255,5738,169201,19,191963
31938,0.001475,172.31.36.0-255,66,169267,19,191963
31939,0.001478,74.125.130.0-255,766,170033,19,191963
31940,0.001611,172.31.36.0-255,66,170099,19,191963
31941,0.003555,74.125.130.0-255,4320,174419,19,191963
31942,0.003561,172.31.36.0-255,66,174485,19,191963
31943,0.003673,74.125.130.0-255,1484,175969,19,191963
31944,0.005623,74.125.130.0-255,4320,180289,19,191963
31945,0.005627,172.31.36.0-255,66,180355,19,191963
31946,0.00771,74.125.130.0-255,5738,186093,19,191963
31947,0.007717,172.31.36.0-255,66,186159,19,191963
31948,0.009827,74.125.130.0-255,5738,191897,19,191963
31949,0.009835,172.31.36.0-255,66,191963,19,191963
31950,0.0,74.125.24.0-255,146,146,19,197913
31951,3.8e-05,172.31.36.0-255,66,212,19,197913
31952,4.4e-05,74.125.24.0-255,1484,1696,19,197913
31953,4.9e-05,172.31.36.0-255,66,1762,19,197913
31954,5.4e-05,74.125.24.0-255,2902,4664,19,197913
31955,5.7e-05,172.31.36.0-255,66,4730,19,197913
31956,6.1e-05,74.125.24.0-255,2902,7632,19,197913
31957,6.4e-05,172.31.36.0-255,66,7698,19,197913
31958,9e-05,74.125.24.0-255,2902,10600,19,197913
31959,9.3e-05,172.31.36.0-255,66,10666,19,197913
31960,9.6e-05,74.125.24.0-255,1484,12150,19,197913
31961,9.9e-05,172.31.36.0-255,66,12216,19,197913
31962,0.000119,74.125.24.0-255,2109,14325,19,197913
31963,0.000122,172.31.36.0-255,66,14391,19,197913
31964,0.000309,74.125.24.0-255,1484,15875,19,197913
31965,0.000315,172.31.36.0-255,66,15941,19,197913
31966,0.00032,74.125.24.0-255,2902,18843,19,197913
31967,0.000326,172.31.36.0-255,66,18909,19,197913
31968,0.000332,74.125.24.0-255,1484,20393,19,197913
31969,0.000334,172.31.36.0-255,66,20459,19,197913
31970,0.000362,74.125.24.0-255,4320,24779,19,197913
31971,0.000367,172.31.36.0-255,66,24845,19,197913
31972,0.000368,74.125.24.0-255,5738,30583,19,197913
31973,0.00037,172.31.36.0-255,66,30649,19,197913
31974,0.000403,74.125.24.0-255,2902,33551,19,197913
31975,0.000406,172.31.36.0-255,66,33617,19,197913
31976,0.000432,172.31.36.0-255,66,33683,19,197913
31977,0.000441,74.125.24.0-255,8574,42257,19,197913
31978,0.000444,172.31.36.0-255,66,42323,19,197913
31979,0.000478,74.125.24.0-255,5738,48061,19,197913
31980,0.000482,172.31.36.0-255,66,48127,19,197913
31981,0.000488,74.125.24.0-255,5738,53865,19,197913
31982,0.000491,172.31.36.0-255,66,53931,19,197913
31983,0.000494,74.125.24.0-255,1144,55075,19,197913
31984,0.000598,74.125.24.0-255,1484,56559,19,197913
31985,0.000602,172.31.36.0-255,66,56625,19,197913
31986,0.000607,74.125.24.0-255,2902,59527,19,197913
31987,0.00061,172.31.36.0-255,66,59593,19,197913
31988,0.000612,74.125.24.0-255,1484,61077,19,197913
31989,0.000635,74.125.24.0-255,4320,65397,19,197913
31990,0.000638,172.31.36.0-255,66,65463,19,197913
31991,0.000644,74.125.24.0-255,4320,69783,19,197913
31992,0.000647,172.31.36.0-255,66,69849,19,197913
31993,0.000684,74.125.24.0-255,8574,78423,19,197913
31994,0.000688,172.31.36.0-255,66,78489,19,197913
31995,0.000693,74.125.24.0-255,4320,82809,19,197913
31996,0.000695,172.31.36.0-255,66,82875,19,197913
31997,0.000726,74.125.24.0-255,6702,89577,19,197913
31998,0.00073,172.31.36.0-255,66,89643,19,197913
31999,0.000848,74.125.24.0-255,1484,91127,19,197913
32000,0.000864,74.125.24.0-255,2902,94029,19,197913
32001,0.000866,172.31.36.0-255,66,94095,19,197913
32002,0.00087,74.125.24.0-255,1484,95579,19,197913
32003,0.000887,74.125.24.0-255,4320,99899,19,197913
32004,0.00089,172.31.36.0-255,66,99965,19,197913
32005,0.000932,172.31.36.0-255,66,100031,19,197913
32006,0.000963,74.125.24.0-255,2902,102933,19,197913
32007,0.000966,172.31.36.0-255,66,102999,19,197913
32008,0.000986,74.125.24.0-255,7856,110855,19,197913
32009,0.000989,172.31.36.0-255,66,110921,19,197913
32010,0.001951,74.125.24.0-255,1484,112405,19,197913
32011,0.001963,74.125.24.0-255,2902,115307,19,197913
32012,0.001968,172.31.36.0-255,66,115373,19,197913
32013,0.001975,74.125.24.0-255,5738,121111,19,197913
32014,0.001977,172.31.36.0-255,66,121177,19,197913
32015,0.00198,74.125.24.0-255,1484,122661,19,197913
32016,0.002008,74.125.24.0-255,5738,128399,19,197913
32017,0.00201,172.31.36.0-255,66,128465,19,197913
32018,0.002022,172.31.36.0-255,66,128531,19,197913
32019,0.002034,74.125.24.0-255,2902,131433,19,197913
32020,0.002036,172.31.36.0-255,66,131499,19,197913
32021,0.00204,74.125.24.0-255,2184,133683,19,197913
32022,0.002043,172.31.36.0-255,66,133749,19,197913
32023,0.002183,74.125.24.0-255,1484,135233,19,197913
32024,0.002189,74.125.24.0-255,2902,138135,19,197913
32025,0.002192,172.31.36.0-255,66,138201,19,197913
32026,0.002215,74.125.24.0-255,5738,143939,19,197913
32027,0.002218,172.31.36.0-255,66,144005,19,197913
32028,0.002222,74.125.24.0-255,4320,148325,19,197913
32029,0.002224,172.31.36.0-255,66,148391,19,197913
32030,0.002239,74.125.24.0-255,1484,149875,19,197913
32031,0.002242,74.125.24.0-255,1484,151359,19,197913
32032,0.002244,172.31.36.0-255,66,151425,19,197913
32033,0.002284,74.125.24.0-255,5020,156445,19,197913
32034,0.002288,172.31.36.0-255,66,156511,19,197913
32035,0.002291,172.31.36.0-255,66,156577,19,197913
32036,0.002307,74.125.24.0-255,5738,162315,19,197913
32037,0.002309,172.31.36.0-255,66,162381,19,197913
32038,0.002396,172.31.36.0-255,66,162447,19,197913
32039,0.00241,172.31.36.0-255,66,162513,19,197913
32040,0.002413,74.125.24.0-255,766,163279,19,197913
32041,0.002484,74.125.24.0-255,1484,164763,19,197913
32042,0.002487,172.31.36.0-255,66,164829,19,197913
32043,0.002492,74.125.24.0-255,2902,167731,19,197913
32044,0.002494,172.31.36.0-255,66,167797,19,197913
32045,0.002524,74.125.24.0-255,5738,173535,19,197913
32046,0.002528,172.31.36.0-255,66,173601,19,197913
32047,0.002548,74.125.24.0-255,5738,179339,19,197913
32048,0.002551,172.31.36.0-255,66,179405,19,197913
32049,0.002574,74.125.24.0-255,4320,183725,19,197913
32050,0.002577,172.31.36.0-255,66,183791,19,197913
32051,0.002591,74.125.24.0-255,2184,185975,19,197913
32052,0.002594,172.31.36.0-255,66,186041,19,197913
32053,0.005127,74.125.24.0-255,2902,188943,19,197913
32054,0.005133,172.31.36.0-255,66,189009,19,197913
32055,0.005151,74.125.24.0-255,2902,191911,19,197913
32056,0.005154,172.31.36.0-255,66,191977,19,197913
32057,0.007665,74.125.24.0-255,2902,194879,19,197913
32058,0.007675,172.31.36.0-255,66,194945,19,197913
32059,0.007698,74.125.24.0-255,2902,197847,19,197913
32060,0.007701,172.31.36.0-255,66,197913,19,197913
32061,0.0,74.125.24.0-255,146,146,19,290502
32062,1.7e-05,172.31.36.0-255,66,212,19,290502
32063,2.4e-05,74.125.24.0-255,1484,1696,19,290502
32064,2.9e-05,172.31.36.0-255,66,1762,19,290502
32065,4.3e-05,74.125.24.0-255,2902,4664,19,290502
32066,4.6e-05,172.31.36.0-255,66,4730,19,290502
32067,5.4e-05,74.125.24.0-255,7156,11886,19,290502
32068,5.8e-05,172.31.36.0-255,66,11952,19,290502
32069,6.2e-05,74.125.24.0-255,2902,14854,19,290502
32070,6.5e-05,172.31.36.0-255,66,14920,19,290502
32071,9e-05,74.125.24.0-255,3392,18312,19,290502
32072,9.8e-05,172.31.36.0-255,66,18378,19,290502
32073,0.000106,74.125.24.0-255,7156,25534,19,290502
32074,0.000108,172.31.36.0-255,66,25600,19,290502
32075,0.000114,74.125.24.0-255,4320,29920,19,290502
32076,0.000116,172.31.36.0-255,66,29986,19,290502
32077,0.000144,74.125.24.0-255,1125,31111,19,290502
32078,0.000147,172.31.36.0-255,66,31177,19,290502
32079,0.000175,74.125.24.0-255,1484,32661,19,290502
32080,0.000178,172.31.36.0-255,66,32727,19,290502
32081,0.000183,74.125.24.0-255,2902,35629,19,290502
32082,0.000186,172.31.36.0-255,66,35695,19,290502
32083,0.000191,74.125.24.0-255,4320,40015,19,290502
32084,0.0002,172.31.36.0-255,66,40081,19,290502
32085,0.000213,74.125.24.0-255,1484,41565,19,290502
32086,0.000216,172.31.36.0-255,66,41631,19,290502
32087,0.000221,74.125.24.0-255,2902,44533,19,290502
32088,0.000223,172.31.36.0-255,66,44599,19,290502
32089,0.000257,172.31.36.0-255,66,44665,19,290502
32090,0.000263,74.125.24.0-255,4320,48985,19,290502
32091,0.000265,172.31.36.0-255,66,49051,19,290502
32092,0.000292,74.125.24.0-255,5688,54739,19,290502
32093,0.000299,172.31.36.0-255,66,54805,19,290502
32094,0.000302,74.125.24.0-255,378,55183,19,290502
32095,0.000304,172.31.36.0-255,66,55249,19,290502
32096,0.000489,74.125.24.0-255,1484,56733,19,290502
32097,0.000496,172.31.36.0-255,66,56799,19,290502
32098,0.000502,74.125.24.0-255,2902,59701,19,290502
32099,0.000505,172.31.36.0-255,66,59767,19,290502
32100,0.000515,74.125.24.0-255,4320,64087,19,290502
32101,0.000518,172.31.36.0-255,66,64153,19,290502
32102,0.000547,74.125.24.0-255,1484,65637,19,290502
32103,0.00055,172.31.36.0-255,66,65703,19,290502
32104,0.000558,74.125.24.0-255,7156,72859,19,290502
32105,0.00056,172.31.36.0-255,66,72925,19,290502
32106,0.00058,172.31.36.0-255,66,72991,19,290502
32107,0.000584,74.125.24.0-255,2184,75175,19,290502
32108,0.000587,172.31.36.0-255,66,75241,19,290502
32109,0.000848,74.125.24.0-255,1484,76725,19,290502
32110,0.000853,172.31.36.0-255,66,76791,19,290502
32111,0.000859,74.125.24.0-255,2902,79693,19,290502
32112,0.000861,172.31.36.0-255,66,79759,19,290502
32113,0.000868,74.125.24.0-255,5738,85497,19,290502
32114,0.000875,172.31.36.0-255,66,85563,19,290502
32115,0.00088,74.125.24.0-255,4320,89883,19,290502
32116,0.000882,172.31.36.0-255,66,89949,19,290502
32117,0.000885,74.125.24.0-255,1484,91433,19,290502
32118,0.000887,172.31.36.0-255,66,91499,19,290502
32119,0.000925,74.125.24.0-255,9992,101491,19,290502
32120,0.000933,172.31.36.0-255,66,101557,19,290502
32121,0.000941,74.125.24.0-255,7856,109413,19,290502
32122,0.000943,172.31.36.0-255,66,109479,19,290502
32123,0.000989,74.125.24.0-255,1484,110963,19,290502
32124,0.000992,172.31.36.0-255,66,111029,19,290502
32125,0.001012,74.125.24.0-255,2902,113931,19,290502
32126,0.001015,74.125.24.0-255,1484,115415,19,290502
32127,0.00102,172.31.36.0-255,66,115481,19,290502
32128,0.001034,74.125.24.0-255,4320,119801,19,290502
32129,0.001041,172.31.36.0-255,66,119867,19,290502
32130,0.001046,74.125.24.0-255,4320,124187,19,290502
32131,0.001048,172.31.36.0-255,66,124253,19,290502
32132,0.001056,74.125.24.0-255,7156,131409,19,290502
32133,0.001059,172.31.36.0-255,66,131475,19,290502
32134,0.001093,74.125.24.0-255,4320,135795,19,290502
32135,0.001096,172.31.36.0-255,66,135861,19,290502
32136,0.001105,74.125.24.0-255,7856,143717,19,290502
32137,0.001113,172.31.36.0-255,66,143783,19,290502
32138,0.00112,74.125.24.0-255,5738,149521,19,290502
32139,0.001122,172.31.36.0-255,66,149587,19,290502
32140,0.001147,74.125.24.0-255,2902,152489,19,290502
32141,0.00115,172.31.36.0-255,66,152555,19,290502
32142,0.001156,74.125.24.0-255,5738,158293,19,290502
32143,0.001158,172.31.36.0-255,66,158359,19,290502
32144,0.001179,172.31.36.0-255,66,158425,19,290502
32145,0.001183,74.125.24.0-255,3602,162027,19,290502
32146,0.001186,172.31.36.0-255,66,162093,19,290502
32147,0.001219,74.125.24.0-255,4320,166413,19,290502
32148,0.001222,172.31.36.0-255,66,166479,19,290502
32149,0.001226,74.125.24.0-255,1484,167963,19,290502
32150,0.001254,74.125.24.0-255,5738,173701,19,290502
32151,0.001257,172.31.36.0-255,66,173767,19,290502
32152,0.001275,172.31.36.0-255,66,173833,19,290502
32153,0.001305,74.125.24.0-255,9274,183107,19,290502
32154,0.001308,172.31.36.0-255,66,183173,19,290502
32155,0.001314,74.125.24.0-255,4320,187493,19,290502
32156,0.001316,172.31.36.0-255,66,187559,19,290502
32157,0.001357,74.125.24.0-255,5738,193297,19,290502
32158,0.00136,172.31.36.0-255,66,193363,19,290502
32159,0.001374,74.125.24.0-255,9992,203355,19,290502
32160,0.001382,172.31.36.0-255,66,203421,19,290502
32161,0.001394,172.31.36.0-255,66,203487,19,290502
32162,0.001398,74.125.24.0-255,2184,205671,19,290502
32163,0.001403,172.31.36.0-255,66,205737,19,290502
32164,0.001431,74.125.24.0-255,2902,208639,19,290502
32165,0.001438,172.31.36.0-255,66,208705,19,290502
32166,0.001446,74.125.24.0-255,7156,215861,19,290502
32167,0.001449,172.31.36.0-255,66,215927,19,290502
32168,0.001455,74.125.24.0-255,5738,221665,19,290502
32169,0.001457,172.31.36.0-255,66,221731,19,290502
32170,0.001503,74.125.24.0-255,9992,231723,19,290502
32171,0.001505,172.31.36.0-255,66,231789,19,290502
32172,0.001537,74.125.24.0-255,4320,236109,19,290502
32173,0.001539,172.31.36.0-255,66,236175,19,290502
32174,0.001545,74.125.24.0-255,3602,239777,19,290502
32175,0.001548,172.31.36.0-255,66,239843,19,290502
32176,0.001581,74.125.24.0-255,1484,241327,19,290502
32177,0.001587,74.125.24.0-255,2902,244229,19,290502
32178,0.001589,172.31.36.0-255,66,244295,19,290502
32179,0.00162,74.125.24.0-255,5738,250033,19,290502
32180,0.001623,172.31.36.0-255,66,250099,19,290502
32181,0.001662,172.31.36.0-255,66,250165,19,290502
32182,0.001683,74.125.24.0-255,1484,251649,19,290502
32183,0.001688,74.125.24.0-255,2902,254551,19,290502
32184,0.001691,172.31.36.0-255,66,254617,19,290502
32185,0.001725,74.125.24.0-255,7856,262473,19,290502
32186,0.001728,172.31.36.0-255,66,262539,19,290502
32187,0.001737,74.125.24.0-255,8574,271113,19,290502
32188,0.00174,172.31.36.0-255,66,271179,19,290502
32189,0.001763,74.125.24.0-255,2902,274081,19,290502
32190,0.001766,172.31.36.0-255,66,274147,19,290502
32191,0.001778,74.125.24.0-255,7156,281303,19,290502
32192,0.00178,172.31.36.0-255,66,281369,19,290502
32193,0.001829,172.31.36.0-255,66,281435,19,290502
32194,0.001844,172.31.36.0-255,66,281501,19,290502
32195,0.00185,74.125.24.0-255,4320,285821,19,290502
32196,0.001852,172.31.36.0-255,66,285887,19,290502
32197,0.00189,172.31.36.0-255,66,285953,19,290502
32198,0.001921,74.125.24.0-255,4378,290331,19,290502
32199,0.001924,172.31.36.0-255,66,290397,19,290502
32200,0.001949,74.125.24.0-255,105,290502,19,290502
32201,0.0,172.217.194.0-255,150,150,19,241398
32202,2.3e-05,172.31.36.0-255,66,216,19,241398
32203,3e-05,172.217.194.0-255,1484,1700,19,241398
32204,3.5e-05,172.31.36.0-255,66,1766,19,241398
32205,4.1e-05,172.217.194.0-255,2902,4668,19,241398
32206,4.6e-05,172.31.36.0-255,66,4734,19,241398
32207,5.4e-05,172.217.194.0-255,7156,11890,19,241398
32208,5.7e-05,172.31.36.0-255,66,11956,19,241398
32209,6.1e-05,172.217.194.0-255,2018,13974,19,241398
32210,6.3e-05,172.31.36.0-255,66,14040,19,241398
32211,7.8e-05,172.31.36.0-255,66,14106,19,241398
32212,8.1e-05,172.217.194.0-255,1484,15590,19,241398
32213,8.4e-05,172.31.36.0-255,66,15656,19,241398
32214,0.000129,172.31.36.0-255,66,15722,19,241398
32215,0.000163,172.31.36.0-255,66,15788,19,241398
32216,0.000192,172.217.194.0-255,5960,21748,19,241398
32217,0.000195,172.31.36.0-255,66,21814,19,241398
32218,0.000329,172.217.194.0-255,1484,23298,19,241398
32219,0.000335,172.31.36.0-255,66,23364,19,241398
32220,0.000356,172.217.194.0-255,2902,26266,19,241398
32221,0.000359,172.31.36.0-255,66,26332,19,241398
32222,0.000365,172.217.194.0-255,4320,30652,19,241398
32223,0.000368,172.31.36.0-255,66,30718,19,241398
32224,0.000393,172.217.194.0-255,1484,32202,19,241398
32225,0.000395,172.31.36.0-255,66,32268,19,241398
32226,0.000402,172.217.194.0-255,5738,38006,19,241398
32227,0.000404,172.31.36.0-255,66,38072,19,241398
32228,0.000418,172.31.36.0-255,66,38138,19,241398
32229,0.000435,172.217.194.0-255,1484,39622,19,241398
32230,0.000442,172.217.194.0-255,5020,44642,19,241398
32231,0.000492,172.31.36.0-255,66,44708,19,241398
32232,0.000512,172.217.194.0-255,1484,46192,19,241398
32233,0.00053,172.217.194.0-255,1484,47676,19,241398
32234,0.000534,172.217.194.0-255,1484,49160,19,241398
32235,0.000548,172.217.194.0-255,1484,50644,19,241398
32236,0.000551,172.217.194.0-255,1484,52128,19,241398
32237,0.000556,172.31.36.0-255,66,52194,19,241398
32238,0.000575,172.217.194.0-255,4320,56514,19,241398
32239,0.00059,172.217.194.0-255,1484,57998,19,241398
32240,0.000632,172.217.194.0-255,7856,65854,19,241398
32241,0.000638,172.217.194.0-255,4320,70174,19,241398
32242,0.000646,172.31.36.0-255,66,70240,19,241398
32243,0.000697,172.217.194.0-255,9274,79514,19,241398
32244,0.000714,172.31.36.0-255,66,79580,19,241398
32245,0.000728,172.217.194.0-255,8574,88154,19,241398
32246,0.000759,172.217.194.0-255,5020,93174,19,241398
32247,0.00082,172.217.194.0-255,5738,98912,19,241398
32248,0.000841,172.217.194.0-255,8574,107486,19,241398
32249,0.000846,172.31.36.0-255,66,107552,19,241398
32250,0.000859,172.217.194.0-255,5738,113290,19,241398
32251,0.00086,172.217.194.0-255,766,114056,19,241398
32252,0.000863,172.217.194.0-255,1484,115540,19,241398
32253,0.000881,172.217.194.0-255,4320,119860,19,241398
32254,0.000895,172.217.194.0-255,2902,122762,19,241398
32255,0.000914,172.217.194.0-255,7156,129918,19,241398
32256,0.000925,172.217.194.0-255,8574,138492,19,241398
32257,0.000928,172.31.36.0-255,66,138558,19,241398
32258,0.00094,172.31.36.0-255,66,138624,19,241398
32259,0.00096,172.217.194.0-255,1484,140108,19,241398
32260,0.000977,172.217.194.0-255,7856,147964,19,241398
32261,0.000995,172.31.36.0-255,66,148030,19,241398
32262,0.001045,172.217.194.0-255,1484,149514,19,241398
32263,0.001059,172.217.194.0-255,2902,152416,19,241398
32264,0.001063,172.217.194.0-255,2902,155318,19,241398
32265,0.00108,172.217.194.0-255,2902,158220,19,241398
32266,0.001098,172.31.36.0-255,66,158286,19,241398
32267,0.001107,172.217.194.0-255,8574,166860,19,241398
32268,0.001112,172.31.36.0-255,66,166926,19,241398
32269,0.001128,172.217.194.0-255,4320,171246,19,241398
32270,0.001134,172.217.194.0-255,5738,176984,19,241398
32271,0.001152,172.31.36.0-255,66,177050,19,241398
32272,0.001169,172.217.194.0-255,5020,182070,19,241398
32273,0.001186,172.31.36.0-255,66,182136,19,241398
32274,0.001205,172.217.194.0-255,5738,187874,19,241398
32275,0.001209,172.217.194.0-255,1484,189358,19,241398
32276,0.00123,172.217.194.0-255,4320,193678,19,241398
32277,0.001233,172.217.194.0-255,1484,195162,19,241398
32278,0.001237,172.31.36.0-255,66,195228,19,241398
32279,0.001266,172.217.194.0-255,1484,196712,19,241398
32280,0.001278,172.31.36.0-255,66,196778,19,241398
32281,0.001287,172.217.194.0-255,8574,205352,19,241398
32282,0.001293,172.31.36.0-255,66,205418,19,241398
32283,0.001303,172.217.194.0-255,3602,209020,19,241398
32284,0.001309,172.217.194.0-255,7156,216176,19,241398
32285,0.001334,172.217.194.0-255,7156,223332,19,241398
32286,0.001343,172.217.194.0-255,9992,233324,19,241398
32287,0.00135,172.31.36.0-255,66,233390,19,241398
32288,0.001363,172.217.194.0-255,5020,238410,19,241398
32289,0.001443,172.217.194.0-255,1484,239894,19,241398
32290,0.001446,172.217.194.0-255,1162,241056,19,241398
32291,0.001448,172.217.194.0-255,105,241161,19,241398
32292,0.00146,172.31.36.0-255,66,241227,19,241398
32293,0.004414,172.31.36.0-255,105,241332,19,241398
32294,0.006667,172.217.194.0-255,66,241398,19,241398
32295,0.0,74.125.24.0-255,152,152,19,180631
32296,2.4e-05,172.31.36.0-255,66,218,19,180631
32297,3e-05,74.125.24.0-255,1484,1702,19,180631
32298,3.4e-05,172.31.36.0-255,66,1768,19,180631
32299,3.8e-05,74.125.24.0-255,2902,4670,19,180631
32300,4.1e-05,172.31.36.0-255,66,4736,19,180631
32301,4.7e-05,74.125.24.0-255,7156,11892,19,180631
32302,5e-05,172.31.36.0-255,66,11958,19,180631
32303,9.8e-05,74.125.24.0-255,4320,16278,19,180631
32304,0.000101,172.31.36.0-255,66,16344,19,180631
32305,0.000125,74.125.24.0-255,7711,24055,19,180631
32306,0.000128,172.31.36.0-255,66,24121,19,180631
32307,0.000134,74.125.24.0-255,6797,30918,19,180631
32308,0.000137,172.31.36.0-255,66,30984,19,180631
32309,0.000188,74.125.24.0-255,1484,32468,19,180631
32310,0.00019,172.31.36.0-255,66,32534,19,180631
32311,0.00021,74.125.24.0-255,2902,35436,19,180631
32312,0.000213,172.31.36.0-255,66,35502,19,180631
32313,0.000218,74.125.24.0-255,5738,41240,19,180631
32314,0.000221,172.31.36.0-255,66,41306,19,180631
32315,0.000275,74.125.24.0-255,4320,45626,19,180631
32316,0.000278,172.31.36.0-255,66,45692,19,180631
32317,0.000292,74.125.24.0-255,2543,48235,19,180631
32318,0.000294,172.31.36.0-255,66,48301,19,180631
32319,0.000682,74.125.24.0-255,1484,49785,19,180631
32320,0.000687,172.31.36.0-255,66,49851,19,180631
32321,0.000695,74.125.24.0-255,2902,52753,19,180631
32322,0.000697,172.31.36.0-255,66,52819,19,180631
32323,0.000703,74.125.24.0-255,5738,58557,19,180631
32324,0.000705,172.31.36.0-255,66,58623,19,180631
32325,0.00071,74.125.24.0-255,4320,62943,19,180631
32326,0.000712,172.31.36.0-255,66,63009,19,180631
32327,0.000727,74.125.24.0-255,1484,64493,19,180631
32328,0.000758,74.125.24.0-255,3123,67616,19,180631
32329,0.000761,172.31.36.0-255,66,67682,19,180631
32330,0.000767,74.125.24.0-255,4320,72002,19,180631
32331,0.000769,172.31.36.0-255,66,72068,19,180631
32332,0.000788,74.125.24.0-255,4320,76388,19,180631
32333,0.00079,172.31.36.0-255,66,76454,19,180631
32334,0.000807,74.125.24.0-255,5738,82192,19,180631
32335,0.000809,172.31.36.0-255,66,82258,19,180631
32336,0.000812,74.125.24.0-255,1125,83383,19,180631
32337,0.00083,74.125.24.0-255,1484,84867,19,180631
32338,0.000832,172.31.36.0-255,66,84933,19,180631
32339,0.000846,74.125.24.0-255,4320,89253,19,180631
32340,0.000848,172.31.36.0-255,66,89319,19,180631
32341,0.000875,74.125.24.0-255,5738,95057,19,180631
32342,0.000877,172.31.36.0-255,66,95123,19,180631
32343,0.000897,74.125.24.0-255,4320,99443,19,180631
32344,0.0009,172.31.36.0-255,66,99509,19,180631
32345,0.000903,74.125.24.0-255,1125,100634,19,180631
32346,0.001052,74.125.24.0-255,1484,102118,19,180631
32347,0.001056,172.31.36.0-255,66,102184,19,180631
32348,0.001061,74.125.24.0-255,2902,105086,19,180631
32349,0.001063,172.31.36.0-255,66,105152,19,180631
32350,0.001076,74.125.24.0-255,4320,109472,19,180631
32351,0.001078,172.31.36.0-255,66,109538,19,180631
32352,0.001088,74.125.24.0-255,1484,111022,19,180631
32353,0.001105,74.125.24.0-255,7156,118178,19,180631
32354,0.001107,172.31.36.0-255,66,118244,19,180631
32355,0.001125,74.125.24.0-255,5738,123982,19,180631
32356,0.001127,172.31.36.0-255,66,124048,19,180631
32357,0.00113,74.125.24.0-255,1484,125532,19,180631
32358,0.001144,74.125.24.0-255,4320,129852,19,180631
32359,0.001146,172.31.36.0-255,66,129918,19,180631
32360,0.001162,74.125.24.0-255,4471,134389,19,180631
32361,0.001164,172.31.36.0-255,66,134455,19,180631
32362,0.001446,74.125.24.0-255,1484,135939,19,180631
32363,0.00146,74.125.24.0-255,2902,138841,19,180631
32364,0.001462,172.31.36.0-255,66,138907,19,180631
32365,0.001466,74.125.24.0-255,2902,141809,19,180631
32366,0.001468,172.31.36.0-255,66,141875,19,180631
32367,0.00148,74.125.24.0-255,4320,146195,19,180631
32368,0.001483,172.31.36.0-255,66,146261,19,180631
32369,0.001502,74.125.24.0-255,2902,149163,19,180631
32370,0.001504,172.31.36.0-255,66,149229,19,180631
32371,0.001516,172.31.36.0-255,66,149295,19,180631
32372,0.001537,74.125.24.0-255,4320,153615,19,180631
32373,0.001539,172.31.36.0-255,66,153681,19,180631
32374,0.001555,74.125.24.0-255,3602,157283,19,180631
32375,0.001557,172.31.36.0-255,66,157349,19,180631
32376,0.003543,74.125.24.0-255,1484,158833,19,180631
32377,0.00356,74.125.24.0-255,4320,163153,19,180631
32378,0.003566,172.31.36.0-255,66,163219,19,180631
32379,0.005554,74.125.24.0-255,5738,168957,19,180631
32380,0.00556,172.31.36.0-255,66,169023,19,180631
32381,0.007558,74.125.24.0-255,5738,174761,19,180631
32382,0.007564,172.31.36.0-255,66,174827,19,180631
32383,0.009554,74.125.24.0-255,5738,180565,19,180631
32384,0.009562,172.31.36.0-255,66,180631,19,180631
32385,0.0,172.217.194.0-255,153,153,19,80486
32386,3e-05,172.31.36.0-255,66,219,19,80486
32387,3.6e-05,172.217.194.0-255,1484,1703,19,80486
32388,4e-05,172.31.36.0-255,66,1769,19,80486
32389,5.3e-05,172.217.194.0-255,2902,4671,19,80486
32390,5.7e-05,172.31.36.0-255,66,4737,19,80486
32391,9.4e-05,172.217.194.0-255,7156,11893,19,80486
32392,9.8e-05,172.31.36.0-255,66,11959,19,80486
32393,0.000133,172.217.194.0-255,4320,16279,19,80486
32394,0.000137,172.31.36.0-255,66,16345,19,80486
32395,0.000165,172.217.194.0-255,3458,19803,19,80486
32396,0.000168,172.31.36.0-255,66,19869,19,80486
32397,0.000174,172.217.194.0-255,2902,22771,19,80486
32398,0.000176,172.31.36.0-255,66,22837,19,80486
32399,0.000206,172.217.194.0-255,5738,28575,19,80486
32400,0.000209,172.31.36.0-255,66,28641,19,80486
32401,0.00024,172.217.194.0-255,7156,35797,19,80486
32402,0.000244,172.31.36.0-255,66,35863,19,80486
32403,0.000253,172.217.194.0-255,8574,44437,19,80486
32404,0.000256,172.31.36.0-255,66,44503,19,80486
32405,0.000283,172.217.194.0-255,3602,48105,19,80486
32406,0.000286,172.31.36.0-255,66,48171,19,80486
32407,0.000528,172.217.194.0-255,1484,49655,19,80486
32408,0.000533,172.31.36.0-255,66,49721,19,80486
32409,0.000565,172.217.194.0-255,2902,52623,19,80486
32410,0.000568,172.31.36.0-255,66,52689,19,80486
32411,0.000575,172.217.194.0-255,5738,58427,19,80486
32412,0.000577,172.31.36.0-255,66,58493,19,80486
32413,0.00059,172.217.194.0-255,5738,64231,19,80486
32414,0.000593,172.31.36.0-255,66,64297,19,80486
32415,0.000615,172.217.194.0-255,1415,65712,19,80486
32416,0.000623,172.31.36.0-255,66,65778,19,80486
32417,0.003154,172.217.194.0-255,4320,70098,19,80486
32418,0.003161,172.31.36.0-255,66,70164,19,80486
32419,0.003188,172.217.194.0-255,1484,71648,19,80486
32420,0.005684,172.217.194.0-255,2902,74550,19,80486
32421,0.005688,172.31.36.0-255,66,74616,19,80486
32422,0.005706,172.217.194.0-255,1484,76100,19,80486
32423,0.008219,172.217.194.0-255,4320,80420,19,80486
32424,0.008231,172.31.36.0-255,66,80486,19,80486
32425,0.0,74.125.24.0-255,153,153,19,159869
32426,3.2e-05,172.31.36.0-255,66,219,19,159869
32427,3.9e-05,74.125.24.0-255,1484,1703,19,159869
32428,4.4e-05,172.31.36.0-255,66,1769,19,159869
32429,4.9e-05,74.125.24.0-255,2902,4671,19,159869
32430,5.1e-05,172.31.36.0-255,66,4737,19,159869
32431,6.6e-05,74.125.24.0-255,7156,11893,19,159869
32432,6.9e-05,172.31.36.0-255,66,11959,19,159869
32433,0.000113,74.125.24.0-255,7760,19719,19,159869
32434,0.000117,172.31.36.0-255,66,19785,19,159869
32435,0.000149,74.125.24.0-255,8574,28359,19,159869
32436,0.000152,172.31.36.0-255,66,28425,19,159869
32437,0.000178,74.125.24.0-255,4320,32745,19,159869
32438,0.000181,172.31.36.0-255,66,32811,19,159869
32439,0.000211,74.125.24.0-255,7156,39967,19,159869
32440,0.000215,172.31.36.0-255,66,40033,19,159869
32441,0.000241,74.125.24.0-255,5738,45771,19,159869
32442,0.000244,172.31.36.0-255,66,45837,19,159869
32443,0.000255,74.125.24.0-255,2184,48021,19,159869
32444,0.000261,172.31.36.0-255,66,48087,19,159869
32445,0.000281,74.125.24.0-255,1484,49571,19,159869
32446,0.000284,172.31.36.0-255,66,49637,19,159869
32447,0.000309,74.125.24.0-255,2902,52539,19,159869
32448,0.000313,172.31.36.0-255,66,52605,19,159869
32449,0.000319,74.125.24.0-255,5738,58343,19,159869
32450,0.000323,172.31.36.0-255,66,58409,19,159869
32451,0.00036,74.125.24.0-255,7386,65795,19,159869
32452,0.000364,172.31.36.0-255,66,65861,19,159869
32453,0.000766,74.125.24.0-255,1484,67345,19,159869
32454,0.00077,172.31.36.0-255,66,67411,19,159869
32455,0.000776,74.125.24.0-255,2902,70313,19,159869
32456,0.000779,172.31.36.0-255,66,70379,19,159869
32457,0.000792,74.125.24.0-255,5738,76117,19,159869
32458,0.000794,172.31.36.0-255,66,76183,19,159869
32459,0.000801,74.125.24.0-255,4320,80503,19,159869
32460,0.000803,172.31.36.0-255,66,80569,19,159869
32461,0.000816,172.31.36.0-255,66,80635,19,159869
32462,0.000824,74.125.24.0-255,7856,88491,19,159869
32463,0.000827,172.31.36.0-255,66,88557,19,159869
32464,0.001711,74.125.24.0-255,1484,90041,19,159869
32465,0.001722,74.125.24.0-255,2902,92943,19,159869
32466,0.001727,172.31.36.0-255,66,93009,19,159869
32467,0.001732,74.125.24.0-255,2902,95911,19,159869
32468,0.001734,172.31.36.0-255,66,95977,19,159869
32469,0.001739,74.125.24.0-255,4320,100297,19,159869
32470,0.001741,172.31.36.0-255,66,100363,19,159869
32471,0.001802,74.125.24.0-255,8574,108937,19,159869
32472,0.001805,172.31.36.0-255,66,109003,19,159869
32473,0.001811,74.125.24.0-255,5738,114741,19,159869
32474,0.001813,172.31.36.0-255,66,114807,19,159869
32475,0.001842,74.125.24.0-255,5738,120545,19,159869
32476,0.001844,172.31.36.0-255,66,120611,19,159869
32477,0.00187,74.125.24.0-255,6438,127049,19,159869
32478,0.001872,172.31.36.0-255,66,127115,19,159869
32479,0.001883,172.31.36.0-255,66,127181,19,159869
32480,0.001891,74.125.24.0-255,1484,128665,19,159869
32481,0.00194,74.125.24.0-255,5738,134403,19,159869
32482,0.001943,172.31.36.0-255,66,134469,19,159869
32483,0.001975,74.125.24.0-255,9274,143743,19,159869
32484,0.001977,172.31.36.0-255,66,143809,19,159869
32485,0.004222,74.125.24.0-255,4320,148129,19,159869
32486,0.004226,172.31.36.0-255,66,148195,19,159869
32487,0.004249,74.125.24.0-255,1484,149679,19,159869
32488,0.006475,74.125.24.0-255,4320,153999,19,159869
32489,0.006482,172.31.36.0-255,66,154065,19,159869
32490,0.008743,74.125.24.0-255,5738,159803,19,159869
32491,0.00875,172.31.36.0-255,66,159869,19,159869
32492,0.0,74.125.24.0-255,153,153,19,336569
32493,2.3e-05,172.31.36.0-255,66,219,19,336569
32494,3.1e-05,74.125.24.0-255,1484,1703,19,336569
32495,3.5e-05,172.31.36.0-255,66,1769,19,336569
32496,4.1e-05,74.125.24.0-255,2902,4671,19,336569
32497,4.5e-05,172.31.36.0-255,66,4737,19,336569
32498,5.1e-05,74.125.24.0-255,4320,9057,19,336569
32499,5.4e-05,172.31.36.0-255,66,9123,19,336569
32500,8.3e-05,74.125.24.0-255,2902,12025,19,336569
32501,8.6e-05,172.31.36.0-255,66,12091,19,336569
32502,9.1e-05,74.125.24.0-255,2066,14157,19,336569
32503,9.3e-05,172.31.36.0-255,66,14223,19,336569
32504,0.0001,74.125.24.0-255,4320,18543,19,336569
32505,0.000102,172.31.36.0-255,66,18609,19,336569
32506,0.000135,74.125.24.0-255,7156,25765,19,336569
32507,0.000137,172.31.36.0-255,66,25831,19,336569
32508,0.000142,74.125.24.0-255,2902,28733,19,336569
32509,0.000144,172.31.36.0-255,66,28799,19,336569
32510,0.000176,74.125.24.0-255,2543,31342,19,336569
32511,0.000179,172.31.36.0-255,66,31408,19,336569
32512,0.000229,74.125.24.0-255,1484,32892,19,336569
32513,0.000233,172.31.36.0-255,66,32958,19,336569
32514,0.000255,74.125.24.0-255,2902,35860,19,336569
32515,0.000257,172.31.36.0-255,66,35926,19,336569
32516,0.000264,74.125.24.0-255,5738,41664,19,336569
32517,0.000266,172.31.36.0-255,66,41730,19,336569
32518,0.000272,74.125.24.0-255,5738,47468,19,336569
32519,0.000274,172.31.36.0-255,66,47534,19,336569
32520,0.000309,74.125.24.0-255,7156,54690,19,336569
32521,0.000312,172.31.36.0-255,66,54756,19,336569
32522,0.000335,74.125.24.0-255,6797,61553,19,336569
32523,0.000338,172.31.36.0-255,66,61619,19,336569
32524,0.000344,74.125.24.0-255,4271,65890,19,336569
32525,0.000346,172.31.36.0-255,66,65956,19,336569
32526,0.000349,74.125.24.0-255,377,66333,19,336569
32527,0.000577,74.125.24.0-255,1484,67817,19,336569
32528,0.000584,172.31.36.0-255,66,67883,19,336569
32529,0.000589,74.125.24.0-255,2902,70785,19,336569
32530,0.000592,172.31.36.0-255,66,70851,19,336569
32531,0.000598,74.125.24.0-255,5738,76589,19,336569
32532,0.000601,172.31.36.0-255,66,76655,19,336569
32533,0.00062,74.125.24.0-255,4320,80975,19,336569
32534,0.000625,172.31.36.0-255,66,81041,19,336569
32535,0.000657,74.125.24.0-255,8574,89615,19,336569
32536,0.000661,172.31.36.0-255,66,89681,19,336569
32537,0.000669,74.125.24.0-255,9992,99673,19,336569
32538,0.000672,172.31.36.0-255,66,99739,19,336569
32539,0.000674,74.125.24.0-255,766,100505,19,336569
32540,0.000925,74.125.24.0-255,1484,101989,19,336569
32541,0.000931,172.31.36.0-255,66,102055,19,336569
32542,0.000937,74.125.24.0-255,2902,104957,19,336569
32543,0.000939,172.31.36.0-255,66,105023,19,336569
32544,0.000945,74.125.24.0-255,4320,109343,19,336569
32545,0.000948,172.31.36.0-255,66,109409,19,336569
32546,0.000969,74.125.24.0-255,1484,110893,19,336569
32547,0.000979,74.125.24.0-255,8574,119467,19,336569
32548,0.000981,172.31.36.0-255,66,119533,19,336569
32549,0.001005,74.125.24.0-255,4320,123853,19,336569
32550,0.001008,172.31.36.0-255,66,123919,19,336569
32551,0.001017,74.125.24.0-255,8574,132493,19,336569
32552,0.001019,172.31.36.0-255,66,132559,19,336569
32553,0.001047,74.125.24.0-255,2184,134743,19,336569
32554,0.00105,172.31.36.0-255,66,134809,19,336569
32555,0.001071,74.125.24.0-255,2902,137711,19,336569
32556,0.001074,172.31.36.0-255,66,137777,19,336569
32557,0.001096,74.125.24.0-255,7156,144933,19,336569
32558,0.0011,172.31.36.0-255,66,144999,19,336569
32559,0.001104,74.125.24.0-255,2902,147901,19,336569
32560,0.001107,172.31.36.0-255,66,147967,19,336569
32561,0.001141,74.125.24.0-255,8574,156541,19,336569
32562,0.001146,172.31.36.0-255,66,156607,19,336569
32563,0.001151,74.125.24.0-255,4320,160927,19,336569
32564,0.001153,172.31.36.0-255,66,160993,19,336569
32565,0.001178,74.125.24.0-255,7856,168849,19,336569
32566,0.001181,172.31.36.0-255,66,168915,19,336569
32567,0.001197,74.125.24.0-255,1484,170399,19,336569
32568,0.001201,74.125.24.0-255,2902,173301,19,336569
32569,0.001204,172.31.36.0-255,66,173367,19,336569
32570,0.00123,74.125.24.0-255,5738,179105,19,336569
32571,0.001234,172.31.36.0-255,66,179171,19,336569
32572,0.001238,74.125.24.0-255,1484,180655,19,336569
32573,0.00126,74.125.24.0-255,9992,190647,19,336569
32574,0.001264,172.31.36.0-255,66,190713,19,336569
32575,0.001299,74.125.24.0-255,9992,200705,19,336569
32576,0.001303,172.31.36.0-255,66,200771,19,336569
32577,0.001321,74.125.24.0-255,2184,202955,19,336569
32578,0.001324,172.31.36.0-255,66,203021,19,336569
32579,0.001365,74.125.24.0-255,1484,204505,19,336569
32580,0.001381,74.125.24.0-255,2902,207407,19,336569
32581,0.001384,172.31.36.0-255,66,207473,19,336569
32582,0.00141,74.125.24.0-255,5738,213211,19,336569
32583,0.001413,172.31.36.0-255,66,213277,19,336569
32584,0.001417,74.125.24.0-255,1484,214761,19,336569
32585,0.001436,74.125.24.0-255,8574,223335,19,336569
32586,0.001439,172.31.36.0-255,66,223401,19,336569
32587,0.001464,74.125.24.0-255,5738,229139,19,336569
32588,0.001466,172.31.36.0-255,66,229205,19,336569
32589,0.001493,74.125.24.0-255,7856,237061,19,336569
32590,0.001496,172.31.36.0-255,66,237127,19,336569
32591,0.001555,74.125.24.0-255,1484,238611,19,336569
32592,0.001561,74.125.24.0-255,2902,241513,19,336569
32593,0.001564,172.31.36.0-255,66,241579,19,336569
32594,0.001583,74.125.24.0-255,5738,247317,19,336569
32595,0.001586,172.31.36.0-255,66,247383,19,336569
32596,0.001656,74.125.24.0-255,8574,255957,19,336569
32597,0.00166,172.31.36.0-255,66,256023,19,336569
32598,0.001677,74.125.24.0-255,1484,257507,19,336569
32599,0.001691,172.31.36.0-255,66,257573,19,336569
32600,0.001696,74.125.24.0-255,2184,259757,19,336569
32601,0.001698,172.31.36.0-255,66,259823,19,336569
32602,0.001793,74.125.24.0-255,1484,261307,19,336569
32603,0.001799,74.125.24.0-255,2902,264209,19,336569
32604,0.00182,172.31.36.0-255,66,264275,19,336569
32605,0.001827,74.125.24.0-255,5738,270013,19,336569
32606,0.00183,172.31.36.0-255,66,270079,19,336569
32607,0.00186,74.125.24.0-255,7156,277235,19,336569
32608,0.001863,172.31.36.0-255,66,277301,19,336569
32609,0.001866,74.125.24.0-255,1484,278785,19,336569
32610,0.001885,74.125.24.0-255,7156,285941,19,336569
32611,0.001888,172.31.36.0-255,66,286007,19,336569
32612,0.001912,74.125.24.0-255,5738,291745,19,336569
32613,0.001915,172.31.36.0-255,66,291811,19,336569
32614,0.00192,74.125.24.0-255,2184,293995,19,336569
32615,0.001922,172.31.36.0-255,66,294061,19,336569
32616,0.001988,74.125.24.0-255,1484,295545,19,336569
32617,0.002012,74.125.24.0-255,2902,298447,19,336569
32618,0.002016,172.31.36.0-255,66,298513,19,336569
32619,0.002023,74.125.24.0-255,5738,304251,19,336569
32620,0.002025,172.31.36.0-255,66,304317,19,336569
32621,0.002028,74.125.24.0-255,1484,305801,19,336569
32622,0.002055,172.31.36.0-255,66,305867,19,336569
32623,0.002061,74.125.24.0-255,4320,310187,19,336569
32624,0.002063,172.31.36.0-255,66,310253,19,336569
32625,0.00209,74.125.24.0-255,4320,314573,19,336569
32626,0.002093,172.31.36.0-255,66,314639,19,336569
32627,0.002107,74.125.24.0-255,4320,318959,19,336569
32628,0.00211,172.31.36.0-255,66,319025,19,336569
32629,0.002158,172.31.36.0-255,66,319091,19,336569
32630,0.002178,172.31.36.0-255,66,319157,19,336569
32631,0.004262,74.125.24.0-255,5738,324895,19,336569
32632,0.004269,172.31.36.0-255,66,324961,19,336569
32633,0.006358,74.125.24.0-255,5738,330699,19,336569
32634,0.006364,172.31.36.0-255,66,330765,19,336569
32635,0.008447,74.125.24.0-255,5738,336503,19,336569
32636,0.008455,172.31.36.0-255,66,336569,19,336569
32637,0.0,74.125.24.0-255,146,146,19,133198
32638,1.2e-05,172.31.36.0-255,66,212,19,133198
32639,1.9e-05,74.125.24.0-255,1484,1696,19,133198
32640,2.3e-05,172.31.36.0-255,66,1762,19,133198
32641,2.8e-05,74.125.24.0-255,2902,4664,19,133198
32642,3.1e-05,172.31.36.0-255,66,4730,19,133198
32643,4.6e-05,74.125.24.0-255,7156,11886,19,133198
32644,5e-05,172.31.36.0-255,66,11952,19,133198
32645,5.3e-05,74.125.24.0-255,2028,13980,19,133198
32646,5.6e-05,172.31.36.0-255,66,14046,19,133198
32647,0.000432,74.125.24.0-255,1484,15530,19,133198
32648,0.000437,172.31.36.0-255,66,15596,19,133198
32649,0.000444,74.125.24.0-255,2902,18498,19,133198
32650,0.000447,172.31.36.0-255,66,18564,19,133198
32651,0.000458,74.125.24.0-255,5738,24302,19,133198
32652,0.00046,172.31.36.0-255,66,24368,19,133198
32653,0.000492,74.125.24.0-255,6797,31165,19,133198
32654,0.000494,172.31.36.0-255,66,31231,19,133198
32655,0.000654,74.125.24.0-255,1484,32715,19,133198
32656,0.000658,172.31.36.0-255,66,32781,19,133198
32657,0.000663,74.125.24.0-255,2902,35683,19,133198
32658,0.000665,172.31.36.0-255,66,35749,19,133198
32659,0.000696,74.125.24.0-255,5738,41487,19,133198
32660,0.000699,172.31.36.0-255,66,41553,19,133198
32661,0.000704,74.125.24.0-255,4320,45873,19,133198
32662,0.000706,172.31.36.0-255,66,45939,19,133198
32663,0.000752,172.31.36.0-255,66,46005,19,133198
32664,0.000758,74.125.24.0-255,4320,50325,19,133198
32665,0.00076,172.31.36.0-255,66,50391,19,133198
32666,0.000789,74.125.24.0-255,2843,53234,19,133198
32667,0.000791,172.31.36.0-255,66,53300,19,133198
32668,0.000855,74.125.24.0-255,129,53429,19,133198
32669,0.001111,74.125.24.0-255,1484,54913,19,133198
32670,0.001119,74.125.24.0-255,2902,57815,19,133198
32671,0.001123,74.125.24.0-255,2902,60717,19,133198
32672,0.001137,74.125.24.0-255,2902,63619,19,133198
32673,0.001159,74.125.24.0-255,5738,69357,19,133198
32674,0.001177,74.125.24.0-255,5379,74736,19,133198
32675,0.001211,74.125.24.0-255,7156,81892,19,133198
32676,0.001224,74.125.24.0-255,4320,86212,19,133198
32677,0.001227,74.125.24.0-255,1125,87337,19,133198
32678,0.001239,74.125.24.0-255,345,87682,19,133198
32679,0.002189,74.125.24.0-255,1484,89166,19,133198
32680,0.002192,74.125.24.0-255,1484,90650,19,133198
32681,0.002204,74.125.24.0-255,1484,92134,19,133198
32682,0.002225,74.125.24.0-255,5738,97872,19,133198
32683,0.002231,74.125.24.0-255,7156,105028,19,133198
32684,0.002257,74.125.24.0-255,4320,109348,19,133198
32685,0.002285,74.125.24.0-255,9992,119340,19,133198
32686,0.002289,74.125.24.0-255,2184,121524,19,133198
32687,0.002819,172.31.36.0-255,66,121590,19,133198
32688,0.005494,74.125.24.0-255,5738,127328,19,133198
32689,0.005503,172.31.36.0-255,66,127394,19,133198
32690,0.008125,74.125.24.0-255,5738,133132,19,133198
32691,0.008133,172.31.36.0-255,66,133198,19,133198
32692,0.0,74.125.24.0-255,143,143,19,175837
32693,2.8e-05,172.31.36.0-255,66,209,19,175837
32694,3.6e-05,74.125.24.0-255,1484,1693,19,175837
32695,4.1e-05,172.31.36.0-255,66,1759,19,175837
32696,4.4e-05,74.125.24.0-255,1484,3243,19,175837
32697,4.7e-05,172.31.36.0-255,66,3309,19,175837
32698,5.2e-05,74.125.24.0-255,2902,6211,19,175837
32699,5.5e-05,172.31.36.0-255,66,6277,19,175837
32700,5.9e-05,74.125.24.0-255,2902,9179,19,175837
32701,6.2e-05,172.31.36.0-255,66,9245,19,175837
32702,8.2e-05,74.125.24.0-255,2902,12147,19,175837
32703,8.5e-05,74.125.24.0-255,2074,14221,19,175837
32704,8.6e-05,172.31.36.0-255,66,14287,19,175837
32705,9.1e-05,172.31.36.0-255,66,14353,19,175837
32706,0.000244,74.125.24.0-255,1484,15837,19,175837
32707,0.000249,172.31.36.0-255,66,15903,19,175837
32708,0.000255,74.125.24.0-255,2902,18805,19,175837
32709,0.000258,172.31.36.0-255,66,18871,19,175837
32710,0.000282,74.125.24.0-255,2902,21773,19,175837
32711,0.000285,172.31.36.0-255,66,21839,19,175837
32712,0.000303,74.125.24.0-255,4320,26159,19,175837
32713,0.000307,172.31.36.0-255,66,26225,19,175837
32714,0.000326,74.125.24.0-255,2902,29127,19,175837
32715,0.00033,74.125.24.0-255,2543,31670,19,175837
32716,0.00033,172.31.36.0-255,66,31736,19,175837
32717,0.000335,172.31.36.0-255,66,31802,19,175837
32718,0.000368,74.125.24.0-255,2902,34704,19,175837
32719,0.000371,172.31.36.0-255,66,34770,19,175837
32720,0.000374,74.125.24.0-255,1484,36254,19,175837
32721,0.000376,172.31.36.0-255,66,36320,19,175837
32722,0.000391,74.125.24.0-255,2902,39222,19,175837
32723,0.000393,172.31.36.0-255,66,39288,19,175837
32724,0.000415,74.125.24.0-255,2902,42190,19,175837
32725,0.00043,172.31.36.0-255,66,42256,19,175837
32726,0.000434,74.125.24.0-255,6797,49053,19,175837
32727,0.000445,172.31.36.0-255,66,49119,19,175837
32728,0.000516,74.125.24.0-255,1484,50603,19,175837
32729,0.00052,74.125.24.0-255,2902,53505,19,175837
32730,0.000524,172.31.36.0-255,66,53571,19,175837
32731,0.000545,74.125.24.0-255,5738,59309,19,175837
32732,0.000555,172.31.36.0-255,66,59375,19,175837
32733,0.000572,74.125.24.0-255,2902,62277,19,175837
32734,0.000578,172.31.36.0-255,66,62343,19,175837
32735,0.000587,74.125.24.0-255,3961,66304,19,175837
32736,0.000598,172.31.36.0-255,66,66370,19,175837
32737,0.000664,74.125.24.0-255,364,66734,19,175837
32738,0.000705,74.125.24.0-255,1484,68218,19,175837
32739,0.000709,172.31.36.0-255,66,68284,19,175837
32740,0.000737,74.125.24.0-255,1484,69768,19,175837
32741,0.000741,74.125.24.0-255,1484,71252,19,175837
32742,0.000749,172.31.36.0-255,66,71318,19,175837
32743,0.000756,74.125.24.0-255,1484,72802,19,175837
32744,0.000762,74.125.24.0-255,4320,77122,19,175837
32745,0.000765,172.31.36.0-255,66,77188,19,175837
32746,0.000772,74.125.24.0-255,1484,78672,19,175837
32747,0.000778,74.125.24.0-255,4320,82992,19,175837
32748,0.000781,172.31.36.0-255,66,83058,19,175837
32749,0.000803,74.125.24.0-255,2902,85960,19,175837
32750,0.000808,172.31.36.0-255,66,86026,19,175837
32751,0.000809,74.125.24.0-255,5738,91764,19,175837
32752,0.000812,172.31.36.0-255,66,91830,19,175837
32753,0.000835,74.125.24.0-255,8574,100404,19,175837
32754,0.000838,74.125.24.0-255,766,101170,19,175837
32755,0.000845,172.31.36.0-255,66,101236,19,175837
32756,0.000869,74.125.24.0-255,380,101616,19,175837
32757,0.000905,74.125.24.0-255,1484,103100,19,175837
32758,0.000909,172.31.36.0-255,66,103166,19,175837
32759,0.000923,74.125.24.0-255,4320,107486,19,175837
32760,0.000936,172.31.36.0-255,66,107552,19,175837
32761,0.000951,74.125.24.0-255,5738,113290,19,175837
32762,0.000966,172.31.36.0-255,66,113356,19,175837
32763,0.000975,74.125.24.0-255,1484,114840,19,175837
32764,0.00099,74.125.24.0-255,3411,118251,19,175837
32765,0.001003,172.31.36.0-255,66,118317,19,175837
32766,0.001082,74.125.24.0-255,1484,119801,19,175837
32767,0.001098,74.125.24.0-255,2902,122703,19,175837
32768,0.001102,172.31.36.0-255,66,122769,19,175837
32769,0.001106,74.125.24.0-255,1484,124253,19,175837
32770,0.001127,74.125.24.0-255,4320,128573,19,175837
32771,0.001132,172.31.36.0-255,66,128639,19,175837
32772,0.001134,74.125.24.0-255,5738,134377,19,175837
32773,0.001146,172.31.36.0-255,66,134443,19,175837
32774,0.001182,74.125.24.0-255,2902,137345,19,175837
32775,0.001188,172.31.36.0-255,66,137411,19,175837
32776,0.001202,74.125.24.0-255,9992,147403,19,175837
32777,0.001206,172.31.36.0-255,66,147469,19,175837
32778,0.001227,74.125.24.0-255,1484,148953,19,175837
32779,0.001243,74.125.24.0-255,3602,152555,19,175837
32780,0.001263,172.31.36.0-255,66,152621,19,175837
32781,0.003324,74.125.24.0-255,5738,158359,19,175837
32782,0.00333,172.31.36.0-255,66,158425,19,175837
32783,0.005348,74.125.24.0-255,5738,164163,19,175837
32784,0.005354,172.31.36.0-255,66,164229,19,175837
32785,0.007375,74.125.24.0-255,5738,169967,19,175837
32786,0.007591,172.31.36.0-255,66,170033,19,175837
32787,0.009609,74.125.24.0-255,5738,175771,19,175837
32788,0.009616,172.31.36.0-255,66,175837,19,175837
32789,0.0,172.31.36.0-255,236,236,19,302
32790,0.007122,74.125.200.0-255,66,302,19,302
32791,0.0,74.125.24.0-255,143,143,19,196676
32792,1.7e-05,172.31.36.0-255,66,209,19,196676
32793,2.5e-05,74.125.24.0-255,1484,1693,19,196676
32794,2.9e-05,172.31.36.0-255,66,1759,19,196676
32795,3.4e-05,74.125.24.0-255,2902,4661,19,196676
32796,3.7e-05,172.31.36.0-255,66,4727,19,196676
32797,5.6e-05,74.125.24.0-255,7156,11883,19,196676
32798,6e-05,172.31.36.0-255,66,11949,19,196676
32799,6.4e-05,74.125.24.0-255,2038,13987,19,196676
32800,6.7e-05,172.31.36.0-255,66,14053,19,196676
32801,0.0001,74.125.24.0-255,2902,16955,19,196676
32802,0.000104,172.31.36.0-255,66,17021,19,196676
32803,0.00011,74.125.24.0-255,5738,22759,19,196676
32804,0.000113,172.31.36.0-255,66,22825,19,196676
32805,0.000164,74.125.24.0-255,8215,31040,19,196676
32806,0.00017,172.31.36.0-255,66,31106,19,196676
32807,0.000381,74.125.24.0-255,1484,32590,19,196676
32808,0.000387,172.31.36.0-255,66,32656,19,196676
32809,0.000393,74.125.24.0-255,2902,35558,19,196676
32810,0.000396,172.31.36.0-255,66,35624,19,196676
32811,0.000411,74.125.24.0-255,5738,41362,19,196676
32812,0.000414,172.31.36.0-255,66,41428,19,196676
32813,0.000417,74.125.24.0-255,1484,42912,19,196676
32814,0.000419,172.31.36.0-255,66,42978,19,196676
32815,0.000424,74.125.24.0-255,2902,45880,19,196676
32816,0.000426,172.31.36.0-255,66,45946,19,196676
32817,0.000458,74.125.24.0-255,6797,52743,19,196676
32818,0.000462,172.31.36.0-255,66,52809,19,196676
32819,0.000468,74.125.24.0-255,2902,55711,19,196676
32820,0.000469,172.31.36.0-255,66,55777,19,196676
32821,0.000521,74.125.24.0-255,5738,61515,19,196676
32822,0.000526,172.31.36.0-255,66,61581,19,196676
32823,0.000554,74.125.24.0-255,3961,65542,19,196676
32824,0.000558,172.31.36.0-255,66,65608,19,196676
32825,0.000561,74.125.24.0-255,411,66019,19,196676
32826,0.000612,74.125.24.0-255,333,66352,19,196676
32827,0.001021,172.31.36.0-255,66,66418,19,196676
32828,0.001023,74.125.24.0-255,1484,67902,19,196676
32829,0.001028,74.125.24.0-255,1484,69386,19,196676
32830,0.00103,172.31.36.0-255,66,69452,19,196676
32831,0.001059,74.125.24.0-255,1484,70936,19,196676
32832,0.001066,74.125.24.0-255,5738,76674,19,196676
32833,0.001068,172.31.36.0-255,66,76740,19,196676
32834,0.001099,74.125.24.0-255,5738,82478,19,196676
32835,0.001103,172.31.36.0-255,66,82544,19,196676
32836,0.001132,74.125.24.0-255,7156,89700,19,196676
32837,0.001135,172.31.36.0-255,66,89766,19,196676
32838,0.001143,74.125.24.0-255,7156,96922,19,196676
32839,0.001145,172.31.36.0-255,66,96988,19,196676
32840,0.00115,74.125.24.0-255,3602,100590,19,196676
32841,0.001152,172.31.36.0-255,66,100656,19,196676
32842,0.001243,74.125.24.0-255,1484,102140,19,196676
32843,0.001248,74.125.24.0-255,1484,103624,19,196676
32844,0.001251,172.31.36.0-255,66,103690,19,196676
32845,0.001278,74.125.24.0-255,1484,105174,19,196676
32846,0.001286,74.125.24.0-255,5738,110912,19,196676
32847,0.00129,74.125.24.0-255,4320,115232,19,196676
32848,0.00129,172.31.36.0-255,66,115298,19,196676
32849,0.001294,172.31.36.0-255,66,115364,19,196676
32850,0.001323,74.125.24.0-255,8574,123938,19,196676
32851,0.00133,172.31.36.0-255,66,124004,19,196676
32852,0.001365,74.125.24.0-255,5738,129742,19,196676
32853,0.001368,172.31.36.0-255,66,129808,19,196676
32854,0.001386,74.125.24.0-255,5020,134828,19,196676
32855,0.001388,172.31.36.0-255,66,134894,19,196676
32856,0.00143,74.125.24.0-255,7156,142050,19,196676
32857,0.001434,172.31.36.0-255,66,142116,19,196676
32858,0.001471,74.125.24.0-255,4320,146436,19,196676
32859,0.001474,172.31.36.0-255,66,146502,19,196676
32860,0.001484,172.31.36.0-255,66,146568,19,196676
32861,0.00149,74.125.24.0-255,5738,152306,19,196676
32862,0.001497,172.31.36.0-255,66,152372,19,196676
32863,0.001524,74.125.24.0-255,5020,157392,19,196676
32864,0.001526,172.31.36.0-255,66,157458,19,196676
32865,0.002037,74.125.24.0-255,1484,158942,19,196676
32866,0.002044,74.125.24.0-255,2902,161844,19,196676
32867,0.002047,172.31.36.0-255,66,161910,19,196676
32868,0.002051,74.125.24.0-255,1484,163394,19,196676
32869,0.002073,74.125.24.0-255,1484,164878,19,196676
32870,0.002075,172.31.36.0-255,66,164944,19,196676
32871,0.002081,74.125.24.0-255,7156,172100,19,196676
32872,0.002083,172.31.36.0-255,66,172166,19,196676
32873,0.002113,172.31.36.0-255,66,172232,19,196676
32874,0.002136,74.125.24.0-255,2902,175134,19,196676
32875,0.002137,172.31.36.0-255,66,175200,19,196676
32876,0.002141,74.125.24.0-255,3602,178802,19,196676
32877,0.002143,172.31.36.0-255,66,178868,19,196676
32878,0.004364,74.125.24.0-255,2902,181770,19,196676
32879,0.004366,172.31.36.0-255,66,181836,19,196676
32880,0.004382,74.125.24.0-255,2902,184738,19,196676
32881,0.004384,172.31.36.0-255,66,184804,19,196676
32882,0.006602,74.125.24.0-255,2902,187706,19,196676
32883,0.006608,172.31.36.0-255,66,187772,19,196676
32884,0.006645,74.125.24.0-255,2902,190674,19,196676
32885,0.006648,172.31.36.0-255,66,190740,19,196676
32886,0.008842,74.125.24.0-255,2902,193642,19,196676
32887,0.008849,172.31.36.0-255,66,193708,19,196676
32888,0.008892,74.125.24.0-255,2902,196610,19,196676
32889,0.008896,172.31.36.0-255,66,196676,19,196676
32890,0.0,172.217.194.0-255,298,298,19,247960
32891,1.5e-05,172.31.36.0-255,66,364,19,247960
32892,2.1e-05,172.217.194.0-255,1484,1848,19,247960
32893,2.5e-05,172.31.36.0-255,66,1914,19,247960
32894,3.1e-05,172.217.194.0-255,4320,6234,19,247960
32895,4e-05,172.31.36.0-255,66,6300,19,247960
32896,4.8e-05,172.217.194.0-255,7156,13456,19,247960
32897,5e-05,172.31.36.0-255,66,13522,19,247960
32898,8.7e-05,172.217.194.0-255,1806,15328,19,247960
32899,8.9e-05,172.31.36.0-255,66,15394,19,247960
32900,9.8e-05,172.217.194.0-255,9992,25386,19,247960
32901,0.000103,172.31.36.0-255,66,25452,19,247960
32902,0.000111,172.217.194.0-255,5379,30831,19,247960
32903,0.000113,172.31.36.0-255,66,30897,19,247960
32904,0.000137,172.217.194.0-255,2902,33799,19,247960
32905,0.000139,172.31.36.0-255,66,33865,19,247960
32906,0.000162,172.217.194.0-255,2902,36767,19,247960
32907,0.000168,172.31.36.0-255,66,36833,19,247960
32908,0.000177,172.217.194.0-255,8574,45407,19,247960
32909,0.000179,172.31.36.0-255,66,45473,19,247960
32910,0.000187,172.217.194.0-255,7156,52629,19,247960
32911,0.000189,172.31.36.0-255,66,52695,19,247960
32912,0.000223,172.217.194.0-255,8574,61269,19,247960
32913,0.000226,172.31.36.0-255,66,61335,19,247960
32914,0.000231,172.217.194.0-255,3602,64937,19,247960
32915,0.000233,172.31.36.0-255,66,65003,19,247960
32916,0.000236,172.217.194.0-255,407,65410,19,247960
32917,0.000239,172.31.36.0-255,66,65476,19,247960
32918,0.000267,172.217.194.0-255,367,65843,19,247960
32919,0.00027,172.31.36.0-255,66,65909,19,247960
32920,0.000542,172.217.194.0-255,1484,67393,19,247960
32921,0.000548,172.31.36.0-255,66,67459,19,247960
32922,0.000554,172.217.194.0-255,2902,70361,19,247960
32923,0.000557,172.31.36.0-255,66,70427,19,247960
32924,0.000561,172.217.194.0-255,2902,73329,19,247960
32925,0.000568,172.31.36.0-255,66,73395,19,247960
32926,0.000593,172.217.194.0-255,2902,76297,19,247960
32927,0.000596,172.31.36.0-255,66,76363,19,247960
32928,0.000604,172.217.194.0-255,8574,84937,19,247960
32929,0.000612,172.31.36.0-255,66,85003,19,247960
32930,0.000645,172.217.194.0-255,4320,89323,19,247960
32931,0.000648,172.31.36.0-255,66,89389,19,247960
32932,0.000654,172.217.194.0-255,5738,95127,19,247960
32933,0.000656,172.31.36.0-255,66,95193,19,247960
32934,0.000664,172.217.194.0-255,4471,99664,19,247960
32935,0.000667,172.31.36.0-255,66,99730,19,247960
32936,0.00093,172.217.194.0-255,1484,101214,19,247960
32937,0.000936,172.217.194.0-255,1484,102698,19,247960
32938,0.000939,172.31.36.0-255,66,102764,19,247960
32939,0.000966,172.217.194.0-255,1484,104248,19,247960
32940,0.000973,172.217.194.0-255,5738,109986,19,247960
32941,0.000976,172.31.36.0-255,66,110052,19,247960
32942,0.001006,172.217.194.0-255,5738,115790,19,247960
32943,0.001009,172.31.36.0-255,66,115856,19,247960
32944,0.00104,172.217.194.0-255,7156,123012,19,247960
32945,0.001043,172.31.36.0-255,66,123078,19,247960
32946,0.001054,172.217.194.0-255,10692,133770,19,247960
32947,0.001061,172.31.36.0-255,66,133836,19,247960
32948,0.001653,172.217.194.0-255,1484,135320,19,247960
32949,0.00166,172.217.194.0-255,2902,138222,19,247960
32950,0.001663,172.31.36.0-255,66,138288,19,247960
32951,0.001671,172.217.194.0-255,5738,144026,19,247960
32952,0.001673,172.31.36.0-255,66,144092,19,247960
32953,0.001708,172.217.194.0-255,9992,154084,19,247960
32954,0.00171,172.31.36.0-255,66,154150,19,247960
32955,0.001778,172.31.36.0-255,66,154216,19,247960
32956,0.001949,172.217.194.0-255,1484,155700,19,247960
32957,0.001966,172.217.194.0-255,2902,158602,19,247960
32958,0.00197,172.31.36.0-255,66,158668,19,247960
32959,0.001977,172.217.194.0-255,5738,164406,19,247960
32960,0.001979,172.31.36.0-255,66,164472,19,247960
32961,0.002019,172.31.36.0-255,66,164538,19,247960
32962,0.002029,172.217.194.0-255,9992,174530,19,247960
32963,0.002035,172.31.36.0-255,66,174596,19,247960
32964,0.002038,172.217.194.0-255,766,175362,19,247960
32965,0.002131,172.217.194.0-255,1484,176846,19,247960
32966,0.002135,172.31.36.0-255,66,176912,19,247960
32967,0.00216,172.217.194.0-255,2902,179814,19,247960
32968,0.002162,172.31.36.0-255,66,179880,19,247960
32969,0.002169,172.217.194.0-255,5738,185618,19,247960
32970,0.002171,172.31.36.0-255,66,185684,19,247960
32971,0.002174,172.217.194.0-255,1484,187168,19,247960
32972,0.002222,172.31.36.0-255,66,187234,19,247960
32973,0.002226,172.217.194.0-255,1484,188718,19,247960
32974,0.002256,172.217.194.0-255,8574,197292,19,247960
32975,0.002258,172.31.36.0-255,66,197358,19,247960
32976,0.002283,172.217.194.0-255,7856,205214,19,247960
32977,0.002286,172.31.36.0-255,66,205280,19,247960
32978,0.002295,172.217.194.0-255,8574,213854,19,247960
32979,0.002297,172.31.36.0-255,66,213920,19,247960
32980,0.002356,172.217.194.0-255,8574,222494,19,247960
32981,0.00236,172.31.36.0-255,66,222560,19,247960
32982,0.002369,172.217.194.0-255,9274,231834,19,247960
32983,0.002376,172.31.36.0-255,66,231900,19,247960
32984,0.00467,172.217.194.0-255,5738,237638,19,247960
32985,0.004679,172.31.36.0-255,66,237704,19,247960
32986,0.006964,172.217.194.0-255,4320,242024,19,247960
32987,0.006968,172.31.36.0-255,66,242090,19,247960
32988,0.006992,172.217.194.0-255,1484,243574,19,247960
32989,0.009266,172.217.194.0-255,4320,247894,19,247960
32990,0.009274,172.31.36.0-255,66,247960,19,247960
32991,0.0,74.125.24.0-255,153,153,19,225179
32992,1.5e-05,172.31.36.0-255,66,219,19,225179
32993,2.3e-05,74.125.24.0-255,1484,1703,19,225179
32994,2.8e-05,172.31.36.0-255,66,1769,19,225179
32995,3.4e-05,74.125.24.0-255,2902,4671,19,225179
32996,3.8e-05,172.31.36.0-255,66,4737,19,225179
32997,5.4e-05,74.125.24.0-255,7156,11893,19,225179
32998,5.8e-05,172.31.36.0-255,66,11959,19,225179
32999,6.2e-05,74.125.24.0-255,2002,13961,19,225179
33000,6.5e-05,172.31.36.0-255,66,14027,19,225179
33001,0.000138,74.125.24.0-255,1484,15511,19,225179
33002,0.000141,172.31.36.0-255,66,15577,19,225179
33003,0.000145,74.125.24.0-255,1484,17061,19,225179
33004,0.000148,172.31.36.0-255,66,17127,19,225179
33005,0.000168,74.125.24.0-255,1484,18611,19,225179
33006,0.000171,172.31.36.0-255,66,18677,19,225179
33007,0.000178,74.125.24.0-255,5738,24415,19,225179
33008,0.00018,172.31.36.0-255,66,24481,19,225179
33009,0.000219,74.125.24.0-255,6797,31278,19,225179
33010,0.000221,172.31.36.0-255,66,31344,19,225179
33011,0.000229,74.125.24.0-255,7156,38500,19,225179
33012,0.000231,172.31.36.0-255,66,38566,19,225179
33013,0.000256,74.125.24.0-255,7156,45722,19,225179
33014,0.000258,172.31.36.0-255,66,45788,19,225179
33015,0.000281,74.125.24.0-255,2543,48331,19,225179
33016,0.000283,172.31.36.0-255,66,48397,19,225179
33017,0.000716,74.125.24.0-255,1484,49881,19,225179
33018,0.000721,172.31.36.0-255,66,49947,19,225179
33019,0.000729,74.125.24.0-255,2902,52849,19,225179
33020,0.000731,172.31.36.0-255,66,52915,19,225179
33021,0.000743,74.125.24.0-255,5738,58653,19,225179
33022,0.000745,172.31.36.0-255,66,58719,19,225179
33023,0.000753,74.125.24.0-255,5738,64457,19,225179
33024,0.000779,74.125.24.0-255,1707,66164,19,225179
33025,0.00079,172.31.36.0-255,66,66230,19,225179
33026,0.00106,74.125.24.0-255,1484,67714,19,225179
33027,0.001065,74.125.24.0-255,1484,69198,19,225179
33028,0.001068,172.31.36.0-255,66,69264,19,225179
33029,0.001096,74.125.24.0-255,1484,70748,19,225179
33030,0.001103,74.125.24.0-255,5738,76486,19,225179
33031,0.001108,74.125.24.0-255,2902,79388,19,225179
33032,0.001139,74.125.24.0-255,9992,89380,19,225179
33033,0.001147,74.125.24.0-255,8574,97954,19,225179
33034,0.00119,74.125.24.0-255,2184,100138,19,225179
33035,0.001206,172.31.36.0-255,66,100204,19,225179
33036,0.001367,74.125.24.0-255,1484,101688,19,225179
33037,0.001373,74.125.24.0-255,2902,104590,19,225179
33038,0.001379,172.31.36.0-255,66,104656,19,225179
33039,0.001406,74.125.24.0-255,5738,110394,19,225179
33040,0.001428,74.125.24.0-255,9992,120386,19,225179
33041,0.001448,172.31.36.0-255,66,120452,19,225179
33042,0.001455,74.125.24.0-255,766,121218,19,225179
33043,0.001638,74.125.24.0-255,1484,122702,19,225179
33044,0.001645,74.125.24.0-255,2902,125604,19,225179
33045,0.001651,74.125.24.0-255,4320,129924,19,225179
33046,0.001663,74.125.24.0-255,1484,131408,19,225179
33047,0.001667,74.125.24.0-255,2902,134310,19,225179
33048,0.001694,74.125.24.0-255,9992,144302,19,225179
33049,0.001727,74.125.24.0-255,7156,151458,19,225179
33050,0.001741,74.125.24.0-255,3602,155060,19,225179
33051,0.0019,74.125.24.0-255,1484,156544,19,225179
33052,0.001907,74.125.24.0-255,2902,159446,19,225179
33053,0.001918,74.125.24.0-255,1484,160930,19,225179
33054,0.001931,74.125.24.0-255,2902,163832,19,225179
33055,0.001945,74.125.24.0-255,1484,165316,19,225179
33056,0.001964,74.125.24.0-255,7156,172472,19,225179
33057,0.001981,74.125.24.0-255,7156,179628,19,225179
33058,0.001999,74.125.24.0-255,4320,183948,19,225179
33059,0.002027,74.125.24.0-255,5020,188968,19,225179
33060,0.002083,74.125.24.0-255,5738,194706,19,225179
33061,0.002092,74.125.24.0-255,7156,201862,19,225179
33062,0.002118,74.125.24.0-255,2902,204764,19,225179
33063,0.002142,74.125.24.0-255,8574,213338,19,225179
33064,0.005537,172.31.36.0-255,66,213404,19,225179
33065,0.005904,172.31.36.0-255,101,213505,19,225179
33066,0.007617,74.125.24.0-255,5738,219243,19,225179
33067,0.007623,172.31.36.0-255,66,219309,19,225179
33068,0.007945,74.125.24.0-255,66,219375,19,225179
33069,0.009701,74.125.24.0-255,5738,225113,19,225179
33070,0.00971,172.31.36.0-255,66,225179,19,225179
33071,0.0,74.125.68.0-255,291,291,19,147161
33072,2.3e-05,172.31.36.0-255,66,357,19,147161
33073,3e-05,74.125.68.0-255,1484,1841,19,147161
33074,3.4e-05,172.31.36.0-255,66,1907,19,147161
33075,3.8e-05,74.125.68.0-255,1484,3391,19,147161
33076,4.2e-05,172.31.36.0-255,66,3457,19,147161
33077,8e-05,74.125.68.0-255,2902,6359,19,147161
33078,8.4e-05,172.31.36.0-255,66,6425,19,147161
33079,9.2e-05,74.125.68.0-255,5738,12163,19,147161
33080,9.5e-05,172.31.36.0-255,66,12229,19,147161
33081,9.9e-05,74.125.68.0-255,1852,14081,19,147161
33082,0.000101,172.31.36.0-255,66,14147,19,147161
33083,0.000139,74.125.68.0-255,2902,17049,19,147161
33084,0.000142,172.31.36.0-255,66,17115,19,147161
33085,0.000148,74.125.68.0-255,4320,21435,19,147161
33086,0.00015,172.31.36.0-255,66,21501,19,147161
33087,0.000182,74.125.68.0-255,7156,28657,19,147161
33088,0.000185,172.31.36.0-255,66,28723,19,147161
33089,0.0002,74.125.68.0-255,1484,30207,19,147161
33090,0.000203,172.31.36.0-255,66,30273,19,147161
33091,0.000206,74.125.68.0-255,1125,31398,19,147161
33092,0.000208,172.31.36.0-255,66,31464,19,147161
33093,0.000357,74.125.68.0-255,1484,32948,19,147161
33094,0.000363,172.31.36.0-255,66,33014,19,147161
33095,0.000368,74.125.68.0-255,2902,35916,19,147161
33096,0.000371,172.31.36.0-255,66,35982,19,147161
33097,0.000395,74.125.68.0-255,2902,38884,19,147161
33098,0.000398,172.31.36.0-255,66,38950,19,147161
33099,0.000403,74.125.68.0-255,4320,43270,19,147161
33100,0.000405,172.31.36.0-255,66,43336,19,147161
33101,0.000453,74.125.68.0-255,4320,47656,19,147161
33102,0.000456,172.31.36.0-255,66,47722,19,147161
33103,0.000483,74.125.68.0-255,1125,48847,19,147161
33104,0.00066,74.125.68.0-255,1484,50331,19,147161
33105,0.000665,74.125.68.0-255,1484,51815,19,147161
33106,0.000683,74.125.68.0-255,1484,53299,19,147161
33107,0.000688,74.125.68.0-255,2902,56201,19,147161
33108,0.000692,172.31.36.0-255,66,56267,19,147161
33109,0.000703,172.31.36.0-255,66,56333,19,147161
33110,0.000729,74.125.68.0-255,4320,60653,19,147161
33111,0.000741,172.31.36.0-255,66,60719,19,147161
33112,0.000744,74.125.68.0-255,1484,62203,19,147161
33113,0.000758,74.125.68.0-255,2902,65105,19,147161
33114,0.000781,172.31.36.0-255,66,65171,19,147161
33115,0.000788,74.125.68.0-255,1473,66644,19,147161
33116,0.001133,172.31.36.0-255,66,66710,19,147161
33117,0.001299,74.125.68.0-255,332,67042,19,147161
33118,0.001341,74.125.68.0-255,1484,68526,19,147161
33119,0.001359,74.125.68.0-255,2902,71428,19,147161
33120,0.001386,74.125.68.0-255,2902,74330,19,147161
33121,0.001407,74.125.68.0-255,2902,77232,19,147161
33122,0.00141,74.125.68.0-255,1484,78716,19,147161
33123,0.001414,74.125.68.0-255,2902,81618,19,147161
33124,0.001453,74.125.68.0-255,2543,84161,19,147161
33125,0.00151,74.125.68.0-255,1484,85645,19,147161
33126,0.001515,74.125.68.0-255,1484,87129,19,147161
33127,0.001528,74.125.68.0-255,1484,88613,19,147161
33128,0.001532,74.125.68.0-255,2902,91515,19,147161
33129,0.001548,74.125.68.0-255,2902,94417,19,147161
33130,0.001553,74.125.68.0-255,2902,97319,19,147161
33131,0.001564,74.125.68.0-255,1484,98803,19,147161
33132,0.001606,74.125.68.0-255,2543,101346,19,147161
33133,0.001846,74.125.68.0-255,1484,102830,19,147161
33134,0.001869,74.125.68.0-255,2902,105732,19,147161
33135,0.001889,74.125.68.0-255,5738,111470,19,147161
33136,0.001914,74.125.68.0-255,4320,115790,19,147161
33137,0.001933,74.125.68.0-255,4320,120110,19,147161
33138,0.001945,74.125.68.0-255,1484,121594,19,147161
33139,0.001961,74.125.68.0-255,1484,123078,19,147161
33140,0.001977,74.125.68.0-255,4320,127398,19,147161
33141,0.001999,74.125.68.0-255,7156,134554,19,147161
33142,0.002003,74.125.68.0-255,766,135320,19,147161
33143,0.004174,172.31.36.0-255,66,135386,19,147161
33144,0.004375,172.31.36.0-255,101,135487,19,147161
33145,0.006193,74.125.68.0-255,5738,141225,19,147161
33146,0.0062,172.31.36.0-255,66,141291,19,147161
33147,0.00633,74.125.68.0-255,66,141357,19,147161
33148,0.008204,74.125.68.0-255,5738,147095,19,147161
33149,0.008277,172.31.36.0-255,66,147161,19,147161
33150,0.0,74.125.24.0-255,153,153,19,239585
33151,2.3e-05,172.31.36.0-255,66,219,19,239585
33152,3e-05,74.125.24.0-255,1484,1703,19,239585
33153,3.5e-05,172.31.36.0-255,66,1769,19,239585
33154,4.2e-05,74.125.24.0-255,2902,4671,19,239585
33155,4.6e-05,172.31.36.0-255,66,4737,19,239585
33156,5.4e-05,74.125.24.0-255,7156,11893,19,239585
33157,5.7e-05,172.31.36.0-255,66,11959,19,239585
33158,6.4e-05,74.125.24.0-255,4926,16885,19,239585
33159,6.7e-05,172.31.36.0-255,66,16951,19,239585
33160,7.4e-05,74.125.24.0-255,5738,22689,19,239585
33161,7.7e-05,172.31.36.0-255,66,22755,19,239585
33162,0.000103,74.125.24.0-255,4320,27075,19,239585
33163,0.000106,172.31.36.0-255,66,27141,19,239585
33164,0.000124,74.125.24.0-255,3961,31102,19,239585
33165,0.000127,172.31.36.0-255,66,31168,19,239585
33166,0.000274,74.125.24.0-255,1484,32652,19,239585
33167,0.000279,172.31.36.0-255,66,32718,19,239585
33168,0.000285,74.125.24.0-255,2902,35620,19,239585
33169,0.000287,172.31.36.0-255,66,35686,19,239585
33170,0.000293,74.125.24.0-255,4320,40006,19,239585
33171,0.000295,172.31.36.0-255,66,40072,19,239585
33172,0.000314,74.125.24.0-255,1484,41556,19,239585
33173,0.000316,172.31.36.0-255,66,41622,19,239585
33174,0.000323,74.125.24.0-255,5738,47360,19,239585
33175,0.000326,172.31.36.0-255,66,47426,19,239585
33176,0.000333,74.125.24.0-255,5738,53164,19,239585
33177,0.000335,172.31.36.0-255,66,53230,19,239585
33178,0.000365,74.125.24.0-255,7156,60386,19,239585
33179,0.000368,172.31.36.0-255,66,60452,19,239585
33180,0.000374,74.125.24.0-255,5020,65472,19,239585
33181,0.000376,172.31.36.0-255,66,65538,19,239585
33182,0.000462,74.125.24.0-255,391,65929,19,239585
33183,0.000486,74.125.24.0-255,1484,67413,19,239585
33184,0.000505,74.125.24.0-255,4320,71733,19,239585
33185,0.000519,172.31.36.0-255,66,71799,19,239585
33186,0.000526,74.125.24.0-255,5738,77537,19,239585
33187,0.000531,172.31.36.0-255,66,77603,19,239585
33188,0.000544,74.125.24.0-255,4320,81923,19,239585
33189,0.000565,74.125.24.0-255,4320,86243,19,239585
33190,0.0006,172.31.36.0-255,66,86309,19,239585
33191,0.000745,74.125.24.0-255,1484,87793,19,239585
33192,0.000752,74.125.24.0-255,2902,90695,19,239585
33193,0.000766,172.31.36.0-255,66,90761,19,239585
33194,0.000772,74.125.24.0-255,4320,95081,19,239585
33195,0.000784,172.31.36.0-255,66,95147,19,239585
33196,0.000787,74.125.24.0-255,1484,96631,19,239585
33197,0.000814,74.125.24.0-255,1484,98115,19,239585
33198,0.000848,74.125.24.0-255,9274,107389,19,239585
33199,0.000857,172.31.36.0-255,66,107455,19,239585
33200,0.000971,74.125.24.0-255,1484,108939,19,239585
33201,0.000978,74.125.24.0-255,2902,111841,19,239585
33202,0.000981,74.125.24.0-255,1484,113325,19,239585
33203,0.000986,172.31.36.0-255,66,113391,19,239585
33204,0.001006,74.125.24.0-255,4320,117711,19,239585
33205,0.001031,74.125.24.0-255,1484,119195,19,239585
33206,0.001054,74.125.24.0-255,9992,129187,19,239585
33207,0.001063,74.125.24.0-255,8574,137761,19,239585
33208,0.001068,172.31.36.0-255,66,137827,19,239585
33209,0.001078,74.125.24.0-255,3602,141429,19,239585
33210,0.001087,172.31.36.0-255,66,141495,19,239585
33211,0.001167,74.125.24.0-255,7156,148651,19,239585
33212,0.001178,172.31.36.0-255,66,148717,19,239585
33213,0.001195,74.125.24.0-255,5738,154455,19,239585
33214,0.001198,74.125.24.0-255,1484,155939,19,239585
33215,0.001236,74.125.24.0-255,1484,157423,19,239585
33216,0.001264,172.31.36.0-255,66,157489,19,239585
33217,0.001291,74.125.24.0-255,1484,158973,19,239585
33218,0.001315,172.31.36.0-255,66,159039,19,239585
33219,0.001389,172.31.36.0-255,66,159105,19,239585
33220,0.001426,74.125.24.0-255,1484,160589,19,239585
33221,0.001431,74.125.24.0-255,2902,163491,19,239585
33222,0.001436,74.125.24.0-255,5738,169229,19,239585
33223,0.001439,74.125.24.0-255,1484,170713,19,239585
33224,0.001463,74.125.24.0-255,8574,179287,19,239585
33225,0.00147,172.31.36.0-255,66,179353,19,239585
33226,0.001524,172.31.36.0-255,66,179419,19,239585
33227,0.00168,74.125.24.0-255,1484,180903,19,239585
33228,0.001685,74.125.24.0-255,1484,182387,19,239585
33229,0.001695,172.31.36.0-255,66,182453,19,239585
33230,0.001708,74.125.24.0-255,1484,183937,19,239585
33231,0.001716,74.125.24.0-255,5738,189675,19,239585
33232,0.00175,74.125.24.0-255,1484,191159,19,239585
33233,0.00176,74.125.24.0-255,9992,201151,19,239585
33234,0.001761,74.125.24.0-255,766,201917,19,239585
33235,0.001764,172.31.36.0-255,66,201983,19,239585
33236,0.001777,172.31.36.0-255,66,202049,19,239585
33237,0.001815,74.125.24.0-255,1484,203533,19,239585
33238,0.001847,74.125.24.0-255,1484,205017,19,239585
33239,0.001898,172.31.36.0-255,66,205083,19,239585
33240,0.001903,74.125.24.0-255,2902,207985,19,239585
33241,0.001909,74.125.24.0-255,5738,213723,19,239585
33242,0.001916,74.125.24.0-255,7156,220879,19,239585
33243,0.001921,172.31.36.0-255,66,220945,19,239585
33244,0.001959,74.125.24.0-255,9992,230937,19,239585
33245,0.001966,172.31.36.0-255,66,231003,19,239585
33246,0.001977,74.125.24.0-255,6438,237441,19,239585
33247,0.001988,74.125.24.0-255,1973,239414,19,239585
33248,0.002024,74.125.24.0-255,105,239519,19,239585
33249,0.002028,172.31.36.0-255,66,239585,19,239585
33250,0.0,74.125.24.0-255,143,143,19,192493
33251,2.1e-05,172.31.36.0-255,66,209,19,192493
33252,2.8e-05,74.125.24.0-255,1484,1693,19,192493
33253,3.3e-05,172.31.36.0-255,66,1759,19,192493
33254,4.6e-05,74.125.24.0-255,2902,4661,19,192493
33255,5.1e-05,172.31.36.0-255,66,4727,19,192493
33256,5.7e-05,74.125.24.0-255,5738,10465,19,192493
33257,6e-05,172.31.36.0-255,66,10531,19,192493
33258,6.7e-05,74.125.24.0-255,3436,13967,19,192493
33259,7e-05,172.31.36.0-255,66,14033,19,192493
33260,0.000387,74.125.24.0-255,1484,15517,19,192493
33261,0.000394,172.31.36.0-255,66,15583,19,192493
33262,0.000399,74.125.24.0-255,1484,17067,19,192493
33263,0.000401,172.31.36.0-255,66,17133,19,192493
33264,0.000426,74.125.24.0-255,1484,18617,19,192493
33265,0.000429,172.31.36.0-255,66,18683,19,192493
33266,0.000441,74.125.24.0-255,5738,24421,19,192493
33267,0.000444,172.31.36.0-255,66,24487,19,192493
33268,0.000468,74.125.24.0-255,1484,25971,19,192493
33269,0.00047,172.31.36.0-255,66,26037,19,192493
33270,0.000508,74.125.24.0-255,9633,35670,19,192493
33271,0.000512,172.31.36.0-255,66,35736,19,192493
33272,0.000529,172.31.36.0-255,66,35802,19,192493
33273,0.000532,74.125.24.0-255,1125,36927,19,192493
33274,0.000534,172.31.36.0-255,66,36993,19,192493
33275,0.000876,74.125.24.0-255,1484,38477,19,192493
33276,0.000881,172.31.36.0-255,66,38543,19,192493
33277,0.000886,74.125.24.0-255,2902,41445,19,192493
33278,0.000889,172.31.36.0-255,66,41511,19,192493
33279,0.000926,74.125.24.0-255,5738,47249,19,192493
33280,0.000929,172.31.36.0-255,66,47315,19,192493
33281,0.000936,74.125.24.0-255,6797,54112,19,192493
33282,0.000938,172.31.36.0-255,66,54178,19,192493
33283,0.001014,74.125.24.0-255,1484,55662,19,192493
33284,0.001034,74.125.24.0-255,2902,58564,19,192493
33285,0.001037,172.31.36.0-255,66,58630,19,192493
33286,0.001045,74.125.24.0-255,5738,64368,19,192493
33287,0.001047,172.31.36.0-255,66,64434,19,192493
33288,0.001076,74.125.24.0-255,8574,73008,19,192493
33289,0.001079,172.31.36.0-255,66,73074,19,192493
33290,0.001108,74.125.24.0-255,4320,77394,19,192493
33291,0.001112,172.31.36.0-255,66,77460,19,192493
33292,0.001127,74.125.24.0-255,10692,88152,19,192493
33293,0.001129,172.31.36.0-255,66,88218,19,192493
33294,0.001132,74.125.24.0-255,645,88863,19,192493
33295,0.00129,74.125.24.0-255,1484,90347,19,192493
33296,0.001294,172.31.36.0-255,66,90413,19,192493
33297,0.0013,74.125.24.0-255,2902,93315,19,192493
33298,0.001303,172.31.36.0-255,66,93381,19,192493
33299,0.001335,74.125.24.0-255,5738,99119,19,192493
33300,0.001344,74.125.24.0-255,9992,109111,19,192493
33301,0.001354,172.31.36.0-255,66,109177,19,192493
33302,0.001358,172.31.36.0-255,66,109243,19,192493
33303,0.001362,74.125.24.0-255,2902,112145,19,192493
33304,0.001365,172.31.36.0-255,66,112211,19,192493
33305,0.001389,74.125.24.0-255,2902,115113,19,192493
33306,0.001392,172.31.36.0-255,66,115179,19,192493
33307,0.001421,74.125.24.0-255,7856,123035,19,192493
33308,0.001424,172.31.36.0-255,66,123101,19,192493
33309,0.001528,74.125.24.0-255,1484,124585,19,192493
33310,0.001534,74.125.24.0-255,2902,127487,19,192493
33311,0.001538,172.31.36.0-255,66,127553,19,192493
33312,0.001565,74.125.24.0-255,5738,133291,19,192493
33313,0.001568,172.31.36.0-255,66,133357,19,192493
33314,0.001589,74.125.24.0-255,2902,136259,19,192493
33315,0.001591,172.31.36.0-255,66,136325,19,192493
33316,0.001626,74.125.24.0-255,9992,146317,19,192493
33317,0.00163,172.31.36.0-255,66,146383,19,192493
33318,0.001654,74.125.24.0-255,8574,154957,19,192493
33319,0.001657,172.31.36.0-255,66,155023,19,192493
33320,0.001681,74.125.24.0-255,2184,157207,19,192493
33321,0.001683,172.31.36.0-255,66,157273,19,192493
33322,0.00226,74.125.24.0-255,1484,158757,19,192493
33323,0.002275,74.125.24.0-255,2902,161659,19,192493
33324,0.002279,172.31.36.0-255,66,161725,19,192493
33325,0.002283,74.125.24.0-255,1484,163209,19,192493
33326,0.002309,74.125.24.0-255,2902,166111,19,192493
33327,0.002311,172.31.36.0-255,66,166177,19,192493
33328,0.002342,74.125.24.0-255,8574,174751,19,192493
33329,0.002345,172.31.36.0-255,66,174817,19,192493
33330,0.004553,74.125.24.0-255,5738,180555,19,192493
33331,0.00456,172.31.36.0-255,66,180621,19,192493
33332,0.006761,74.125.24.0-255,2902,183523,19,192493
33333,0.006766,172.31.36.0-255,66,183589,19,192493
33334,0.006794,74.125.24.0-255,2902,186491,19,192493
33335,0.006797,172.31.36.0-255,66,186557,19,192493
33336,0.008967,74.125.24.0-255,2902,189459,19,192493
33337,0.008974,172.31.36.0-255,66,189525,19,192493
33338,0.009005,74.125.24.0-255,2902,192427,19,192493
33339,0.009008,172.31.36.0-255,66,192493,19,192493
33340,0.0,172.217.194.0-255,153,153,19,296529
33341,2e-05,172.31.36.0-255,66,219,19,296529
33342,2.7e-05,172.217.194.0-255,1484,1703,19,296529
33343,3.1e-05,172.31.36.0-255,66,1769,19,296529
33344,4.7e-05,172.217.194.0-255,2902,4671,19,296529
33345,5.1e-05,172.31.36.0-255,66,4737,19,296529
33346,5.9e-05,172.217.194.0-255,7156,11893,19,296529
33347,6.2e-05,172.31.36.0-255,66,11959,19,296529
33348,6.6e-05,172.217.194.0-255,1484,13443,19,296529
33349,6.8e-05,172.31.36.0-255,66,13509,19,296529
33350,0.000102,172.217.194.0-255,10574,24083,19,296529
33351,0.000105,172.31.36.0-255,66,24149,19,296529
33352,0.000112,172.217.194.0-255,6797,30946,19,296529
33353,0.000115,172.31.36.0-255,66,31012,19,296529
33354,0.000164,172.217.194.0-255,1484,32496,19,296529
33355,0.000167,172.31.36.0-255,66,32562,19,296529
33356,0.000172,172.217.194.0-255,2902,35464,19,296529
33357,0.000175,172.31.36.0-255,66,35530,19,296529
33358,0.000178,172.217.194.0-255,1484,37014,19,296529
33359,0.000186,172.31.36.0-255,66,37080,19,296529
33360,0.000227,172.217.194.0-255,4320,41400,19,296529
33361,0.000233,172.31.36.0-255,66,41466,19,296529
33362,0.00024,172.217.194.0-255,4320,45786,19,296529
33363,0.000242,172.31.36.0-255,66,45852,19,296529
33364,0.000264,172.31.36.0-255,66,45918,19,296529
33365,0.000271,172.217.194.0-255,6797,52715,19,296529
33366,0.000274,172.31.36.0-255,66,52781,19,296529
33367,0.000521,172.217.194.0-255,645,53426,19,296529
33368,0.000527,172.31.36.0-255,66,53492,19,296529
33369,0.000814,172.217.194.0-255,1484,54976,19,296529
33370,0.000819,172.31.36.0-255,66,55042,19,296529
33371,0.000825,172.217.194.0-255,2902,57944,19,296529
33372,0.000827,172.31.36.0-255,66,58010,19,296529
33373,0.00084,172.217.194.0-255,5738,63748,19,296529
33374,0.000842,172.31.36.0-255,66,63814,19,296529
33375,0.000888,172.31.36.0-255,66,63880,19,296529
33376,0.000898,172.217.194.0-255,9992,73872,19,296529
33377,0.0009,172.31.36.0-255,66,73938,19,296529
33378,0.000903,172.217.194.0-255,218,74156,19,296529
33379,0.000944,172.217.194.0-255,1484,75640,19,296529
33380,0.000951,172.31.36.0-255,66,75706,19,296529
33381,0.000957,172.217.194.0-255,4320,80026,19,296529
33382,0.000959,172.31.36.0-255,66,80092,19,296529
33383,0.000994,172.217.194.0-255,8574,88666,19,296529
33384,0.000998,172.31.36.0-255,66,88732,19,296529
33385,0.001007,172.217.194.0-255,9992,98724,19,296529
33386,0.001014,172.31.36.0-255,66,98790,19,296529
33387,0.001043,172.217.194.0-255,5738,104528,19,296529
33388,0.001047,172.31.36.0-255,66,104594,19,296529
33389,0.001074,172.217.194.0-255,3602,108196,19,296529
33390,0.001077,172.31.36.0-255,66,108262,19,296529
33391,0.001438,172.217.194.0-255,1484,109746,19,296529
33392,0.001445,172.217.194.0-255,2902,112648,19,296529
33393,0.001449,172.31.36.0-255,66,112714,19,296529
33394,0.001452,172.217.194.0-255,1484,114198,19,296529
33395,0.001476,172.217.194.0-255,4320,118518,19,296529
33396,0.001479,172.31.36.0-255,66,118584,19,296529
33397,0.001488,172.217.194.0-255,9992,128576,19,296529
33398,0.001495,172.31.36.0-255,66,128642,19,296529
33399,0.001524,172.217.194.0-255,2902,131544,19,296529
33400,0.001528,172.31.36.0-255,66,131610,19,296529
33401,0.001538,172.217.194.0-255,10692,142302,19,296529
33402,0.001545,172.31.36.0-255,66,142368,19,296529
33403,0.002251,172.217.194.0-255,1484,143852,19,296529
33404,0.00226,172.217.194.0-255,2902,146754,19,296529
33405,0.002264,172.31.36.0-255,66,146820,19,296529
33406,0.002289,172.217.194.0-255,5738,152558,19,296529
33407,0.002292,172.31.36.0-255,66,152624,19,296529
33408,0.002341,172.31.36.0-255,66,152690,19,296529
33409,0.002344,172.217.194.0-255,1484,154174,19,296529
33410,0.002376,172.217.194.0-255,9274,163448,19,296529
33411,0.002379,172.31.36.0-255,66,163514,19,296529
33412,0.002548,172.217.194.0-255,1484,164998,19,296529
33413,0.002555,172.217.194.0-255,2902,167900,19,296529
33414,0.002559,172.31.36.0-255,66,167966,19,296529
33415,0.002597,172.217.194.0-255,5738,173704,19,296529
33416,0.002601,172.31.36.0-255,66,173770,19,296529
33417,0.002621,172.31.36.0-255,66,173836,19,296529
33418,0.002626,172.217.194.0-255,4320,178156,19,296529
33419,0.002628,172.31.36.0-255,66,178222,19,296529
33420,0.002663,172.217.194.0-255,6438,184660,19,296529
33421,0.002666,172.31.36.0-255,66,184726,19,296529
33422,0.002847,172.217.194.0-255,1484,186210,19,296529
33423,0.002853,172.217.194.0-255,2902,189112,19,296529
33424,0.002857,172.31.36.0-255,66,189178,19,296529
33425,0.002861,172.217.194.0-255,1484,190662,19,296529
33426,0.002867,172.217.194.0-255,4320,194982,19,296529
33427,0.002869,172.31.36.0-255,66,195048,19,296529
33428,0.002892,172.217.194.0-255,1484,196532,19,296529
33429,0.002905,172.217.194.0-255,8574,205106,19,296529
33430,0.002913,172.31.36.0-255,66,205172,19,296529
33431,0.002939,172.217.194.0-255,4320,209492,19,296529
33432,0.002942,172.31.36.0-255,66,209558,19,296529
33433,0.002945,172.217.194.0-255,1484,211042,19,296529
33434,0.002948,172.217.194.0-255,1484,212526,19,296529
33435,0.00295,172.31.36.0-255,66,212592,19,296529
33436,0.002954,172.217.194.0-255,2902,215494,19,296529
33437,0.002956,172.31.36.0-255,66,215560,19,296529
33438,0.002961,172.217.194.0-255,3602,219162,19,296529
33439,0.002963,172.31.36.0-255,66,219228,19,296529
33440,0.002966,172.217.194.0-255,1484,220712,19,296529
33441,0.003004,172.217.194.0-255,2902,223614,19,296529
33442,0.003008,172.31.36.0-255,66,223680,19,296529
33443,0.003014,172.217.194.0-255,5738,229418,19,296529
33444,0.003017,172.31.36.0-255,66,229484,19,296529
33445,0.003062,172.217.194.0-255,2902,232386,19,296529
33446,0.003065,172.31.36.0-255,66,232452,19,296529
33447,0.003107,172.217.194.0-255,5738,238190,19,296529
33448,0.003126,172.31.36.0-255,66,238256,19,296529
33449,0.003148,172.31.36.0-255,66,238322,19,296529
33450,0.00316,172.31.36.0-255,66,238388,19,296529
33451,0.003178,172.31.36.0-255,66,238454,19,296529
33452,0.003216,172.217.194.0-255,1484,239938,19,296529
33453,0.00322,172.217.194.0-255,1484,241422,19,296529
33454,0.003223,172.31.36.0-255,66,241488,19,296529
33455,0.003249,172.217.194.0-255,1484,242972,19,296529
33456,0.003256,172.217.194.0-255,5738,248710,19,296529
33457,0.00326,172.31.36.0-255,66,248776,19,296529
33458,0.003266,172.217.194.0-255,5738,254514,19,296529
33459,0.003269,172.31.36.0-255,66,254580,19,296529
33460,0.003331,172.217.194.0-255,7156,261736,19,296529
33461,0.003336,172.31.36.0-255,66,261802,19,296529
33462,0.003346,172.217.194.0-255,10692,272494,19,296529
33463,0.003348,172.31.36.0-255,66,272560,19,296529
33464,0.003414,172.217.194.0-255,1484,274044,19,296529
33465,0.00343,172.217.194.0-255,2902,276946,19,296529
33466,0.003434,172.31.36.0-255,66,277012,19,296529
33467,0.003437,172.217.194.0-255,1484,278496,19,296529
33468,0.003468,172.217.194.0-255,4320,282816,19,296529
33469,0.003472,172.31.36.0-255,66,282882,19,296529
33470,0.003486,172.31.36.0-255,66,282948,19,296529
33471,0.003499,172.217.194.0-255,8574,291522,19,296529
33472,0.003502,172.31.36.0-255,66,291588,19,296529
33473,0.003514,172.217.194.0-255,1484,293072,19,296529
33474,0.003537,172.217.194.0-255,3286,296358,19,296529
33475,0.00354,172.31.36.0-255,66,296424,19,296529
33476,0.003569,172.217.194.0-255,105,296529,19,296529
33477,0.0,74.125.130.0-255,153,153,19,262685
33478,2.8e-05,172.31.36.0-255,66,219,19,262685
33479,3.5e-05,74.125.130.0-255,1484,1703,19,262685
33480,4e-05,172.31.36.0-255,66,1769,19,262685
33481,4.5e-05,74.125.130.0-255,2902,4671,19,262685
33482,4.8e-05,172.31.36.0-255,66,4737,19,262685
33483,5.4e-05,74.125.130.0-255,7156,11893,19,262685
33484,5.8e-05,172.31.36.0-255,66,11959,19,262685
33485,6e-05,74.125.130.0-255,1484,13443,19,262685
33486,6.3e-05,172.31.36.0-255,66,13509,19,262685
33487,8.9e-05,74.125.130.0-255,2032,15541,19,262685
33488,9.2e-05,172.31.36.0-255,66,15607,19,262685
33489,9.9e-05,74.125.130.0-255,5738,21345,19,262685
33490,0.000101,172.31.36.0-255,66,21411,19,262685
33491,0.000106,74.125.130.0-255,4320,25731,19,262685
33492,0.000108,172.31.36.0-255,66,25797,19,262685
33493,0.000131,74.125.130.0-255,4320,30117,19,262685
33494,0.000134,172.31.36.0-255,66,30183,19,262685
33495,0.000153,74.125.130.0-255,1125,31308,19,262685
33496,0.000155,172.31.36.0-255,66,31374,19,262685
33497,0.000286,74.125.130.0-255,1484,32858,19,262685
33498,0.00029,172.31.36.0-255,66,32924,19,262685
33499,0.000296,74.125.130.0-255,2902,35826,19,262685
33500,0.000298,172.31.36.0-255,66,35892,19,262685
33501,0.000303,74.125.130.0-255,2902,38794,19,262685
33502,0.000305,172.31.36.0-255,66,38860,19,262685
33503,0.000333,74.125.130.0-255,1484,40344,19,262685
33504,0.000337,172.31.36.0-255,66,40410,19,262685
33505,0.000344,74.125.130.0-255,5738,46148,19,262685
33506,0.000346,172.31.36.0-255,66,46214,19,262685
33507,0.000384,172.31.36.0-255,66,46280,19,262685
33508,0.000416,74.125.130.0-255,7046,53326,19,262685
33509,0.00043,172.31.36.0-255,66,53392,19,262685
33510,0.000941,74.125.130.0-255,120,53512,19,262685
33511,0.001477,74.125.130.0-255,1484,54996,19,262685
33512,0.001484,172.31.36.0-255,66,55062,19,262685
33513,0.00149,74.125.130.0-255,2902,57964,19,262685
33514,0.00151,74.125.130.0-255,5738,63702,19,262685
33515,0.001515,74.125.130.0-255,4320,68022,19,262685
33516,0.001544,74.125.130.0-255,5738,73760,19,262685
33517,0.001576,74.125.130.0-255,5738,79498,19,262685
33518,0.001594,74.125.130.0-255,4320,83818,19,262685
33519,0.001623,74.125.130.0-255,3602,87420,19,262685
33520,0.001752,74.125.130.0-255,1484,88904,19,262685
33521,0.001766,74.125.130.0-255,2902,91806,19,262685
33522,0.001776,74.125.130.0-255,2902,94708,19,262685
33523,0.001787,74.125.130.0-255,1484,96192,19,262685
33524,0.001794,74.125.130.0-255,5738,101930,19,262685
33525,0.001809,74.125.130.0-255,2902,104832,19,262685
33526,0.001824,74.125.130.0-255,4320,109152,19,262685
33527,0.001843,74.125.130.0-255,7156,116308,19,262685
33528,0.001864,74.125.130.0-255,5020,121328,19,262685
33529,0.001866,74.125.130.0-255,383,121711,19,262685
33530,0.001912,74.125.130.0-255,1484,123195,19,262685
33531,0.001916,74.125.130.0-255,2902,126097,19,262685
33532,0.001941,74.125.130.0-255,5738,131835,19,262685
33533,0.001966,74.125.130.0-255,8574,140409,19,262685
33534,0.00198,74.125.130.0-255,4320,144729,19,262685
33535,0.001987,74.125.130.0-255,7156,151885,19,262685
33536,0.002037,74.125.130.0-255,3602,155487,19,262685
33537,0.00204,74.125.130.0-255,1484,156971,19,262685
33538,0.002055,74.125.130.0-255,2902,159873,19,262685
33539,0.002082,74.125.130.0-255,9992,169865,19,262685
33540,0.002088,74.125.130.0-255,5738,175603,19,262685
33541,0.002139,74.125.130.0-255,7156,182759,19,262685
33542,0.002153,74.125.130.0-255,6438,189197,19,262685
33543,0.002193,74.125.130.0-255,1484,190681,19,262685
33544,0.002197,74.125.130.0-255,2902,193583,19,262685
33545,0.002214,74.125.130.0-255,5738,199321,19,262685
33546,0.002242,74.125.130.0-255,7156,206477,19,262685
33547,0.002254,74.125.130.0-255,1484,207961,19,262685
33548,0.002263,74.125.130.0-255,9992,217953,19,262685
33549,0.002272,74.125.130.0-255,1484,219437,19,262685
33550,0.002287,74.125.130.0-255,3602,223039,19,262685
33551,0.00244,74.125.130.0-255,1484,224523,19,262685
33552,0.002444,74.125.130.0-255,2902,227425,19,262685
33553,0.002474,74.125.130.0-255,5738,233163,19,262685
33554,0.002487,74.125.130.0-255,5738,238901,19,262685
33555,0.002511,74.125.130.0-255,7156,246057,19,262685
33556,0.002537,74.125.130.0-255,7156,253213,19,262685
33557,0.00255,74.125.130.0-255,3602,256815,19,262685
33558,0.006282,172.31.36.0-255,66,256881,19,262685
33559,0.008866,74.125.130.0-255,5738,262619,19,262685
33560,0.008872,172.31.36.0-255,66,262685,19,262685
33561,0.0,74.125.24.0-255,217,217,19,196164
33562,3.2e-05,172.31.36.0-255,66,283,19,196164
33563,3.9e-05,74.125.24.0-255,1484,1767,19,196164
33564,4.4e-05,172.31.36.0-255,66,1833,19,196164
33565,5.8e-05,74.125.24.0-255,4320,6153,19,196164
33566,6.2e-05,172.31.36.0-255,66,6219,19,196164
33567,7.1e-05,74.125.24.0-255,8889,15108,19,196164
33568,7.4e-05,172.31.36.0-255,66,15174,19,196164
33569,8.1e-05,74.125.24.0-255,5738,20912,19,196164
33570,8.3e-05,172.31.36.0-255,66,20978,19,196164
33571,0.000119,74.125.24.0-255,7156,28134,19,196164
33572,0.000122,172.31.36.0-255,66,28200,19,196164
33573,0.000131,74.125.24.0-255,8574,36774,19,196164
33574,0.000134,172.31.36.0-255,66,36840,19,196164
33575,0.000163,74.125.24.0-255,10692,47532,19,196164
33576,0.000165,172.31.36.0-255,66,47598,19,196164
33577,0.000443,74.125.24.0-255,1484,49082,19,196164
33578,0.000449,172.31.36.0-255,66,49148,19,196164
33579,0.000455,74.125.24.0-255,2902,52050,19,196164
33580,0.000457,172.31.36.0-255,66,52116,19,196164
33581,0.00047,74.125.24.0-255,5738,57854,19,196164
33582,0.000473,172.31.36.0-255,66,57920,19,196164
33583,0.000514,74.125.24.0-255,4320,62240,19,196164
33584,0.000517,172.31.36.0-255,66,62306,19,196164
33585,0.000521,74.125.24.0-255,2816,65122,19,196164
33586,0.000524,172.31.36.0-255,66,65188,19,196164
33587,0.000855,74.125.24.0-255,132,65320,19,196164
33588,0.00086,172.31.36.0-255,66,65386,19,196164
33589,0.001055,74.125.24.0-255,1484,66870,19,196164
33590,0.00106,172.31.36.0-255,66,66936,19,196164
33591,0.001064,74.125.24.0-255,1484,68420,19,196164
33592,0.001066,172.31.36.0-255,66,68486,19,196164
33593,0.001093,74.125.24.0-255,1484,69970,19,196164
33594,0.001102,74.125.24.0-255,5738,75708,19,196164
33595,0.001104,172.31.36.0-255,66,75774,19,196164
33596,0.001112,74.125.24.0-255,7156,82930,19,196164
33597,0.001114,172.31.36.0-255,66,82996,19,196164
33598,0.001128,74.125.24.0-255,8574,91570,19,196164
33599,0.001131,172.31.36.0-255,66,91636,19,196164
33600,0.001159,74.125.24.0-255,5738,97374,19,196164
33601,0.001162,172.31.36.0-255,66,97440,19,196164
33602,0.001167,74.125.24.0-255,2184,99624,19,196164
33603,0.001169,172.31.36.0-255,66,99690,19,196164
33604,0.001662,74.125.24.0-255,1484,101174,19,196164
33605,0.00168,74.125.24.0-255,1484,102658,19,196164
33606,0.001685,172.31.36.0-255,66,102724,19,196164
33607,0.001706,74.125.24.0-255,1484,104208,19,196164
33608,0.001712,74.125.24.0-255,4320,108528,19,196164
33609,0.001713,172.31.36.0-255,66,108594,19,196164
33610,0.001741,74.125.24.0-255,1484,110078,19,196164
33611,0.001744,74.125.24.0-255,1484,111562,19,196164
33612,0.001746,172.31.36.0-255,66,111628,19,196164
33613,0.001775,74.125.24.0-255,8574,120202,19,196164
33614,0.001777,172.31.36.0-255,66,120268,19,196164
33615,0.00178,74.125.24.0-255,1484,121752,19,196164
33616,0.001821,74.125.24.0-255,1484,123236,19,196164
33617,0.001824,172.31.36.0-255,66,123302,19,196164
33618,0.001856,74.125.24.0-255,9992,133294,19,196164
33619,0.001859,172.31.36.0-255,66,133360,19,196164
33620,0.001862,74.125.24.0-255,766,134126,19,196164
33621,0.002162,74.125.24.0-255,1484,135610,19,196164
33622,0.002165,172.31.36.0-255,66,135676,19,196164
33623,0.002169,74.125.24.0-255,2902,138578,19,196164
33624,0.002171,172.31.36.0-255,66,138644,19,196164
33625,0.002196,74.125.24.0-255,5738,144382,19,196164
33626,0.002199,172.31.36.0-255,66,144448,19,196164
33627,0.002254,74.125.24.0-255,4320,148768,19,196164
33628,0.002256,172.31.36.0-255,66,148834,19,196164
33629,0.002283,74.125.24.0-255,8574,157408,19,196164
33630,0.002285,172.31.36.0-255,66,157474,19,196164
33631,0.002291,74.125.24.0-255,5738,163212,19,196164
33632,0.002293,172.31.36.0-255,66,163278,19,196164
33633,0.002298,74.125.24.0-255,5738,169016,19,196164
33634,0.0023,172.31.36.0-255,66,169082,19,196164
33635,0.002334,74.125.24.0-255,5020,174102,19,196164
33636,0.002336,172.31.36.0-255,66,174168,19,196164
33637,0.002349,172.31.36.0-255,66,174234,19,196164
33638,0.002354,74.125.24.0-255,4320,178554,19,196164
33639,0.002356,172.31.36.0-255,66,178620,19,196164
33640,0.004663,74.125.24.0-255,2902,181522,19,196164
33641,0.004666,172.31.36.0-255,66,181588,19,196164
33642,0.004695,74.125.24.0-255,2902,184490,19,196164
33643,0.004698,172.31.36.0-255,66,184556,19,196164
33644,0.006968,74.125.24.0-255,5738,190294,19,196164
33645,0.006975,172.31.36.0-255,66,190360,19,196164
33646,0.009295,74.125.24.0-255,5738,196098,19,196164
33647,0.009301,172.31.36.0-255,66,196164,19,196164
33648,0.0,172.217.194.0-255,143,143,19,254290
33649,1.6e-05,172.31.36.0-255,66,209,19,254290
33650,2.4e-05,172.217.194.0-255,1484,1693,19,254290
33651,2.8e-05,172.31.36.0-255,66,1759,19,254290
33652,4.4e-05,172.217.194.0-255,2902,4661,19,254290
33653,4.9e-05,172.31.36.0-255,66,4727,19,254290
33654,5.7e-05,172.217.194.0-255,7156,11883,19,254290
33655,6.1e-05,172.31.36.0-255,66,11949,19,254290
33656,6.5e-05,172.217.194.0-255,2001,13950,19,254290
33657,6.8e-05,172.31.36.0-255,66,14016,19,254290
33658,0.000218,172.217.194.0-255,1484,15500,19,254290
33659,0.000222,172.31.36.0-255,66,15566,19,254290
33660,0.000227,172.217.194.0-255,1484,17050,19,254290
33661,0.00023,172.31.36.0-255,66,17116,19,254290
33662,0.00026,172.217.194.0-255,1484,18600,19,254290
33663,0.000263,172.31.36.0-255,66,18666,19,254290
33664,0.00027,172.217.194.0-255,5738,24404,19,254290
33665,0.000272,172.31.36.0-255,66,24470,19,254290
33666,0.000312,172.217.194.0-255,8215,32685,19,254290
33667,0.000315,172.31.36.0-255,66,32751,19,254290
33668,0.000323,172.217.194.0-255,8574,41325,19,254290
33669,0.000326,172.31.36.0-255,66,41391,19,254290
33670,0.000353,172.217.194.0-255,6797,48188,19,254290
33671,0.000355,172.31.36.0-255,66,48254,19,254290
33672,0.000607,172.217.194.0-255,1484,49738,19,254290
33673,0.000613,172.31.36.0-255,66,49804,19,254290
33674,0.000618,172.217.194.0-255,2902,52706,19,254290
33675,0.000621,172.31.36.0-255,66,52772,19,254290
33676,0.000625,172.217.194.0-255,1484,54256,19,254290
33677,0.000631,172.31.36.0-255,66,54322,19,254290
33678,0.000661,172.217.194.0-255,4320,58642,19,254290
33679,0.000664,172.31.36.0-255,66,58708,19,254290
33680,0.000695,172.217.194.0-255,4320,63028,19,254290
33681,0.000698,172.31.36.0-255,66,63094,19,254290
33682,0.000723,172.217.194.0-255,3125,66219,19,254290
33683,0.000726,172.31.36.0-255,66,66285,19,254290
33684,0.000749,172.217.194.0-255,2902,69187,19,254290
33685,0.000751,172.31.36.0-255,66,69253,19,254290
33686,0.000758,172.217.194.0-255,4320,73573,19,254290
33687,0.00076,172.31.36.0-255,66,73639,19,254290
33688,0.000763,172.217.194.0-255,1484,75123,19,254290
33689,0.000797,172.217.194.0-255,7156,82279,19,254290
33690,0.000801,172.31.36.0-255,66,82345,19,254290
33691,0.000808,172.217.194.0-255,6797,89142,19,254290
33692,0.000811,172.31.36.0-255,66,89208,19,254290
33693,0.00086,172.31.36.0-255,66,89274,19,254290
33694,0.000883,172.217.194.0-255,1484,90758,19,254290
33695,0.000896,172.217.194.0-255,1484,92242,19,254290
33696,0.000899,172.31.36.0-255,66,92308,19,254290
33697,0.000905,172.217.194.0-255,4320,96628,19,254290
33698,0.000907,172.31.36.0-255,66,96694,19,254290
33699,0.000937,172.217.194.0-255,8574,105268,19,254290
33700,0.00094,172.31.36.0-255,66,105334,19,254290
33701,0.000944,172.217.194.0-255,1484,106818,19,254290
33702,0.000974,172.217.194.0-255,7156,113974,19,254290
33703,0.000977,172.31.36.0-255,66,114040,19,254290
33704,0.000987,172.217.194.0-255,9274,123314,19,254290
33705,0.000993,172.31.36.0-255,66,123380,19,254290
33706,0.001121,172.217.194.0-255,1484,124864,19,254290
33707,0.001127,172.217.194.0-255,1484,126348,19,254290
33708,0.001131,172.31.36.0-255,66,126414,19,254290
33709,0.001145,172.217.194.0-255,1484,127898,19,254290
33710,0.001157,172.217.194.0-255,5738,133636,19,254290
33711,0.00116,172.31.36.0-255,66,133702,19,254290
33712,0.001166,172.217.194.0-255,4320,138022,19,254290
33713,0.001168,172.31.36.0-255,66,138088,19,254290
33714,0.0012,172.217.194.0-255,8574,146662,19,254290
33715,0.001202,172.31.36.0-255,66,146728,19,254290
33716,0.001213,172.217.194.0-255,10692,157420,19,254290
33717,0.001216,172.31.36.0-255,66,157486,19,254290
33718,0.001439,172.217.194.0-255,1484,158970,19,254290
33719,0.00146,172.217.194.0-255,2902,161872,19,254290
33720,0.001463,172.31.36.0-255,66,161938,19,254290
33721,0.00147,172.217.194.0-255,5738,167676,19,254290
33722,0.001474,172.31.36.0-255,66,167742,19,254290
33723,0.001512,172.217.194.0-255,9992,177734,19,254290
33724,0.001515,172.31.36.0-255,66,177800,19,254290
33725,0.001545,172.217.194.0-255,2902,180702,19,254290
33726,0.001547,172.31.36.0-255,66,180768,19,254290
33727,0.001557,172.217.194.0-255,8574,189342,19,254290
33728,0.00156,172.31.36.0-255,66,189408,19,254290
33729,0.001564,172.217.194.0-255,2184,191592,19,254290
33730,0.001566,172.31.36.0-255,66,191658,19,254290
33731,0.001592,172.217.194.0-255,2902,194560,19,254290
33732,0.001595,172.31.36.0-255,66,194626,19,254290
33733,0.0016,172.217.194.0-255,2902,197528,19,254290
33734,0.001602,172.31.36.0-255,66,197594,19,254290
33735,0.001607,172.217.194.0-255,2902,200496,19,254290
33736,0.001611,172.31.36.0-255,66,200562,19,254290
33737,0.001638,172.217.194.0-255,4320,204882,19,254290
33738,0.001641,172.31.36.0-255,66,204948,19,254290
33739,0.001646,172.217.194.0-255,2902,207850,19,254290
33740,0.001648,172.31.36.0-255,66,207916,19,254290
33741,0.001683,172.31.36.0-255,66,207982,19,254290
33742,0.00169,172.217.194.0-255,5020,213002,19,254290
33743,0.001692,172.31.36.0-255,66,213068,19,254290
33744,0.002278,172.217.194.0-255,1484,214552,19,254290
33745,0.002286,172.217.194.0-255,2902,217454,19,254290
33746,0.002291,172.31.36.0-255,66,217520,19,254290
33747,0.002299,172.217.194.0-255,5738,223258,19,254290
33748,0.002302,172.31.36.0-255,66,223324,19,254290
33749,0.002327,172.217.194.0-255,2902,226226,19,254290
33750,0.00233,172.31.36.0-255,66,226292,19,254290
33751,0.002371,172.217.194.0-255,7156,233448,19,254290
33752,0.002375,172.31.36.0-255,66,233514,19,254290
33753,0.002379,172.217.194.0-255,2902,236416,19,254290
33754,0.002381,172.31.36.0-255,66,236482,19,254290
33755,0.004656,172.217.194.0-255,2902,239384,19,254290
33756,0.004663,172.31.36.0-255,66,239450,19,254290
33757,0.004691,172.217.194.0-255,2902,242352,19,254290
33758,0.004694,172.31.36.0-255,66,242418,19,254290
33759,0.006979,172.217.194.0-255,2902,245320,19,254290
33760,0.006986,172.31.36.0-255,66,245386,19,254290
33761,0.007019,172.217.194.0-255,2902,248288,19,254290
33762,0.007022,172.31.36.0-255,66,248354,19,254290
33763,0.009279,172.217.194.0-255,2902,251256,19,254290
33764,0.009288,172.31.36.0-255,66,251322,19,254290
33765,0.009317,172.217.194.0-255,2902,254224,19,254290
33766,0.00932,172.31.36.0-255,66,254290,19,254290
33767,0.0,74.125.68.0-255,150,150,19,104041
33768,2.3e-05,172.31.36.0-255,66,216,19,104041
33769,2.9e-05,74.125.68.0-255,1484,1700,19,104041
33770,3.3e-05,172.31.36.0-255,66,1766,19,104041
33771,3.8e-05,74.125.68.0-255,2902,4668,19,104041
33772,4e-05,172.31.36.0-255,66,4734,19,104041
33773,0.000105,74.125.68.0-255,4320,9054,19,104041
33774,0.000109,172.31.36.0-255,66,9120,19,104041
33775,0.000128,74.125.68.0-255,2902,12022,19,104041
33776,0.000131,172.31.36.0-255,66,12088,19,104041
33777,0.000294,74.125.68.0-255,2086,14174,19,104041
33778,0.000299,172.31.36.0-255,66,14240,19,104041
33779,0.000342,74.125.68.0-255,2902,17142,19,104041
33780,0.000346,172.31.36.0-255,66,17208,19,104041
33781,0.000428,74.125.68.0-255,5738,22946,19,104041
33782,0.000432,172.31.36.0-255,66,23012,19,104041
33783,0.00045,74.125.68.0-255,1484,24496,19,104041
33784,0.000453,172.31.36.0-255,66,24562,19,104041
33785,0.000619,74.125.68.0-255,7156,31718,19,104041
33786,0.000624,172.31.36.0-255,66,31784,19,104041
33787,0.000648,74.125.68.0-255,8215,39999,19,104041
33788,0.000651,172.31.36.0-255,66,40065,19,104041
33789,0.001025,74.125.68.0-255,9992,50057,19,104041
33790,0.001032,172.31.36.0-255,66,50123,19,104041
33791,0.001058,74.125.68.0-255,9992,60115,19,104041
33792,0.001062,172.31.36.0-255,66,60181,19,104041
33793,0.001545,74.125.68.0-255,1484,61665,19,104041
33794,0.001548,172.31.36.0-255,66,61731,19,104041
33795,0.001582,172.31.36.0-255,66,61797,19,104041
33796,0.002126,74.125.68.0-255,2902,64699,19,104041
33797,0.002129,172.31.36.0-255,66,64765,19,104041
33798,0.002161,172.31.36.0-255,66,64831,19,104041
33799,0.002178,74.125.68.0-255,4320,69151,19,104041
33800,0.002181,172.31.36.0-255,66,69217,19,104041
33801,0.002773,74.125.68.0-255,2902,72119,19,104041
33802,0.002775,172.31.36.0-255,66,72185,19,104041
33803,0.002814,172.31.36.0-255,66,72251,19,104041
33804,0.002836,74.125.68.0-255,9992,82243,19,104041
33805,0.002838,172.31.36.0-255,66,82309,19,104041
33806,0.003763,74.125.68.0-255,9992,92301,19,104041
33807,0.003771,172.31.36.0-255,66,92367,19,104041
33808,0.003816,172.31.36.0-255,66,92433,19,104041
33809,0.006442,74.125.68.0-255,5738,98171,19,104041
33810,0.006449,172.31.36.0-255,66,98237,19,104041
33811,0.009073,74.125.68.0-255,5738,103975,19,104041
33812,0.009081,172.31.36.0-255,66,104041,19,104041
33813,0.0,172.217.194.0-255,153,153,19,304133
33814,2.9e-05,172.31.36.0-255,66,219,19,304133
33815,3.6e-05,172.217.194.0-255,1484,1703,19,304133
33816,4.1e-05,172.31.36.0-255,66,1769,19,304133
33817,4.6e-05,172.217.194.0-255,2902,4671,19,304133
33818,4.9e-05,172.31.36.0-255,66,4737,19,304133
33819,5.7e-05,172.217.194.0-255,7156,11893,19,304133
33820,6e-05,172.31.36.0-255,66,11959,19,304133
33821,8e-05,172.217.194.0-255,2074,14033,19,304133
33822,8.3e-05,172.31.36.0-255,66,14099,19,304133
33823,0.000149,172.217.194.0-255,1484,15583,19,304133
33824,0.000153,172.31.36.0-255,66,15649,19,304133
33825,0.000176,172.217.194.0-255,2902,18551,19,304133
33826,0.000179,172.31.36.0-255,66,18617,19,304133
33827,0.000198,172.217.194.0-255,2902,21519,19,304133
33828,0.000201,172.31.36.0-255,66,21585,19,304133
33829,0.00022,172.217.194.0-255,2902,24487,19,304133
33830,0.000223,172.31.36.0-255,66,24553,19,304133
33831,0.000234,172.217.194.0-255,9633,34186,19,304133
33832,0.000236,172.31.36.0-255,66,34252,19,304133
33833,0.00024,172.217.194.0-255,2902,37154,19,304133
33834,0.000243,172.31.36.0-255,66,37220,19,304133
33835,0.000272,172.217.194.0-255,7156,44376,19,304133
33836,0.000277,172.31.36.0-255,66,44442,19,304133
33837,0.000284,172.217.194.0-255,5738,50180,19,304133
33838,0.000286,172.31.36.0-255,66,50246,19,304133
33839,0.000312,172.31.36.0-255,66,50312,19,304133
33840,0.000329,172.217.194.0-255,1088,51400,19,304133
33841,0.000332,172.31.36.0-255,66,51466,19,304133
33842,0.000378,172.217.194.0-255,385,51851,19,304133
33843,0.000381,172.31.36.0-255,66,51917,19,304133
33844,0.000416,172.217.194.0-255,1484,53401,19,304133
33845,0.000423,172.217.194.0-255,4320,57721,19,304133
33846,0.000427,172.31.36.0-255,66,57787,19,304133
33847,0.000433,172.217.194.0-255,4320,62107,19,304133
33848,0.000438,172.31.36.0-255,66,62173,19,304133
33849,0.00045,172.217.194.0-255,2902,65075,19,304133
33850,0.000453,172.31.36.0-255,66,65141,19,304133
33851,0.000462,172.217.194.0-255,8574,73715,19,304133
33852,0.000464,172.31.36.0-255,66,73781,19,304133
33853,0.000512,172.31.36.0-255,66,73847,19,304133
33854,0.001303,172.217.194.0-255,1484,75331,19,304133
33855,0.001313,172.217.194.0-255,2902,78233,19,304133
33856,0.001318,172.31.36.0-255,66,78299,19,304133
33857,0.001323,172.217.194.0-255,2902,81201,19,304133
33858,0.001326,172.31.36.0-255,66,81267,19,304133
33859,0.001344,172.217.194.0-255,2902,84169,19,304133
33860,0.001347,172.31.36.0-255,66,84235,19,304133
33861,0.001356,172.217.194.0-255,9992,94227,19,304133
33862,0.001358,172.31.36.0-255,66,94293,19,304133
33863,0.001392,172.217.194.0-255,4320,98613,19,304133
33864,0.001396,172.31.36.0-255,66,98679,19,304133
33865,0.001423,172.217.194.0-255,9274,107953,19,304133
33866,0.001426,172.31.36.0-255,66,108019,19,304133
33867,0.001458,172.217.194.0-255,1484,109503,19,304133
33868,0.001484,172.217.194.0-255,9992,119495,19,304133
33869,0.001487,172.31.36.0-255,66,119561,19,304133
33870,0.001548,172.217.194.0-255,2902,122463,19,304133
33871,0.001552,172.31.36.0-255,66,122529,19,304133
33872,0.001566,172.31.36.0-255,66,122595,19,304133
33873,0.001573,172.217.194.0-255,7856,130451,19,304133
33874,0.001575,172.31.36.0-255,66,130517,19,304133
33875,0.001578,172.217.194.0-255,1484,132001,19,304133
33876,0.001582,172.217.194.0-255,2902,134903,19,304133
33877,0.001584,172.31.36.0-255,66,134969,19,304133
33878,0.00159,172.217.194.0-255,5738,140707,19,304133
33879,0.001592,172.31.36.0-255,66,140773,19,304133
33880,0.0016,172.217.194.0-255,8574,149347,19,304133
33881,0.001603,172.31.36.0-255,66,149413,19,304133
33882,0.001626,172.217.194.0-255,4320,153733,19,304133
33883,0.001628,172.31.36.0-255,66,153799,19,304133
33884,0.001657,172.217.194.0-255,2902,156701,19,304133
33885,0.001661,172.31.36.0-255,66,156767,19,304133
33886,0.001682,172.217.194.0-255,7856,164623,19,304133
33887,0.001686,172.31.36.0-255,66,164689,19,304133
33888,0.001708,172.217.194.0-255,1484,166173,19,304133
33889,0.001712,172.217.194.0-255,2902,169075,19,304133
33890,0.001714,172.31.36.0-255,66,169141,19,304133
33891,0.001736,172.217.194.0-255,2902,172043,19,304133
33892,0.001739,172.31.36.0-255,66,172109,19,304133
33893,0.001753,172.217.194.0-255,2902,175011,19,304133
33894,0.001755,172.31.36.0-255,66,175077,19,304133
33895,0.00176,172.217.194.0-255,4320,179397,19,304133
33896,0.001762,172.31.36.0-255,66,179463,19,304133
33897,0.001779,172.217.194.0-255,1484,180947,19,304133
33898,0.001797,172.217.194.0-255,2902,183849,19,304133
33899,0.0018,172.31.36.0-255,66,183915,19,304133
33900,0.001817,172.217.194.0-255,7156,191071,19,304133
33901,0.00182,172.31.36.0-255,66,191137,19,304133
33902,0.001827,172.217.194.0-255,7856,198993,19,304133
33903,0.00183,172.31.36.0-255,66,199059,19,304133
33904,0.001961,172.217.194.0-255,1484,200543,19,304133
33905,0.001977,172.217.194.0-255,2902,203445,19,304133
33906,0.001979,172.31.36.0-255,66,203511,19,304133
33907,0.002001,172.217.194.0-255,5738,209249,19,304133
33908,0.002003,172.31.36.0-255,66,209315,19,304133
33909,0.00201,172.217.194.0-255,5738,215053,19,304133
33910,0.002012,172.31.36.0-255,66,215119,19,304133
33911,0.002049,172.217.194.0-255,1484,216603,19,304133
33912,0.002063,172.31.36.0-255,66,216669,19,304133
33913,0.002077,172.31.36.0-255,66,216735,19,304133
33914,0.002081,172.217.194.0-255,2902,219637,19,304133
33915,0.002083,172.31.36.0-255,66,219703,19,304133
33916,0.002105,172.217.194.0-255,8574,228277,19,304133
33917,0.002107,172.31.36.0-255,66,228343,19,304133
33918,0.002134,172.217.194.0-255,4320,232663,19,304133
33919,0.002137,172.31.36.0-255,66,232729,19,304133
33920,0.002142,172.217.194.0-255,5020,237749,19,304133
33921,0.002144,172.31.36.0-255,66,237815,19,304133
33922,0.002158,172.217.194.0-255,4320,242135,19,304133
33923,0.00216,172.31.36.0-255,66,242201,19,304133
33924,0.002185,172.217.194.0-255,9992,252193,19,304133
33925,0.002187,172.31.36.0-255,66,252259,19,304133
33926,0.002225,172.217.194.0-255,4320,256579,19,304133
33927,0.002227,172.31.36.0-255,66,256645,19,304133
33928,0.002256,172.31.36.0-255,66,256711,19,304133
33929,0.002261,172.217.194.0-255,3602,260313,19,304133
33930,0.002263,172.31.36.0-255,66,260379,19,304133
33931,0.002283,172.217.194.0-255,1484,261863,19,304133
33932,0.002303,172.217.194.0-255,2902,264765,19,304133
33933,0.002306,172.31.36.0-255,66,264831,19,304133
33934,0.002325,172.217.194.0-255,5738,270569,19,304133
33935,0.002328,172.31.36.0-255,66,270635,19,304133
33936,0.002342,172.217.194.0-255,1484,272119,19,304133
33937,0.002361,172.217.194.0-255,7156,279275,19,304133
33938,0.002364,172.31.36.0-255,66,279341,19,304133
33939,0.002386,172.217.194.0-255,4320,283661,19,304133
33940,0.002388,172.31.36.0-255,66,283727,19,304133
33941,0.002392,172.217.194.0-255,2902,286629,19,304133
33942,0.002394,172.31.36.0-255,66,286695,19,304133
33943,0.002425,172.217.194.0-255,4320,291015,19,304133
33944,0.002429,172.31.36.0-255,66,291081,19,304133
33945,0.002444,172.31.36.0-255,66,291147,19,304133
33946,0.002469,172.217.194.0-255,5020,296167,19,304133
33947,0.002472,172.31.36.0-255,66,296233,19,304133
33948,0.002484,172.31.36.0-255,66,296299,19,304133
33949,0.002503,172.217.194.0-255,5020,301319,19,304133
33950,0.002505,172.31.36.0-255,66,301385,19,304133
33951,0.002509,172.217.194.0-255,2340,303725,19,304133
33952,0.002511,172.31.36.0-255,66,303791,19,304133
33953,0.002533,172.217.194.0-255,105,303896,19,304133
33954,0.005337,172.31.36.0-255,66,303962,19,304133
33955,0.005365,172.31.36.0-255,105,304067,19,304133
33956,0.007965,172.217.194.0-255,66,304133,19,304133
33957,0.0,172.217.194.0-255,146,146,19,176653
33958,2e-05,172.31.36.0-255,66,212,19,176653
33959,2.9e-05,172.217.194.0-255,1484,1696,19,176653
33960,3.3e-05,172.31.36.0-255,66,1762,19,176653
33961,4e-05,172.217.194.0-255,2902,4664,19,176653
33962,5e-05,172.31.36.0-255,66,4730,19,176653
33963,5.7e-05,172.217.194.0-255,4320,9050,19,176653
33964,6e-05,172.31.36.0-255,66,9116,19,176653
33965,0.000109,172.217.194.0-255,9121,18237,19,176653
33966,0.000112,172.31.36.0-255,66,18303,19,176653
33967,0.00012,172.217.194.0-255,7156,25459,19,176653
33968,0.000122,172.31.36.0-255,66,25525,19,176653
33969,0.000171,172.31.36.0-255,66,25591,19,176653
33970,0.000202,172.217.194.0-255,5738,31329,19,176653
33971,0.000205,172.31.36.0-255,66,31395,19,176653
33972,0.000211,172.217.194.0-255,3602,34997,19,176653
33973,0.000213,172.31.36.0-255,66,35063,19,176653
33974,0.000223,172.217.194.0-255,4320,39383,19,176653
33975,0.000226,172.31.36.0-255,66,39449,19,176653
33976,0.000237,172.217.194.0-255,9992,49441,19,176653
33977,0.000239,172.31.36.0-255,66,49507,19,176653
33978,0.000243,172.217.194.0-255,2543,52050,19,176653
33979,0.000246,172.31.36.0-255,66,52116,19,176653
33980,0.000248,172.217.194.0-255,358,52474,19,176653
33981,0.00025,172.31.36.0-255,66,52540,19,176653
33982,0.000253,172.217.194.0-255,385,52925,19,176653
33983,0.000256,172.31.36.0-255,66,52991,19,176653
33984,0.00042,172.217.194.0-255,1484,54475,19,176653
33985,0.000425,172.31.36.0-255,66,54541,19,176653
33986,0.00043,172.217.194.0-255,2902,57443,19,176653
33987,0.000433,172.31.36.0-255,66,57509,19,176653
33988,0.000444,172.217.194.0-255,5738,63247,19,176653
33989,0.00045,172.217.194.0-255,4320,67567,19,176653
33990,0.000462,172.217.194.0-255,2902,70469,19,176653
33991,0.000468,172.217.194.0-255,4320,74789,19,176653
33992,0.000497,172.217.194.0-255,9992,84781,19,176653
33993,0.000502,172.217.194.0-255,2184,86965,19,176653
33994,0.000583,172.31.36.0-255,66,87031,19,176653
33995,0.000708,172.217.194.0-255,1484,88515,19,176653
33996,0.000713,172.217.194.0-255,1484,89999,19,176653
33997,0.000729,172.217.194.0-255,1484,91483,19,176653
33998,0.000734,172.217.194.0-255,4320,95803,19,176653
33999,0.000737,172.31.36.0-255,66,95869,19,176653
34000,0.000746,172.31.36.0-255,66,95935,19,176653
34001,0.000754,172.217.194.0-255,1484,97419,19,176653
34002,0.000774,172.217.194.0-255,5738,103157,19,176653
34003,0.000787,172.217.194.0-255,2902,106059,19,176653
34004,0.000811,172.31.36.0-255,66,106125,19,176653
34005,0.000819,172.217.194.0-255,7156,113281,19,176653
34006,0.000829,172.31.36.0-255,66,113347,19,176653
34007,0.00085,172.217.194.0-255,7856,121203,19,176653
34008,0.000868,172.31.36.0-255,66,121269,19,176653
34009,0.000881,172.217.194.0-255,1484,122753,19,176653
34010,0.000906,172.217.194.0-255,2902,125655,19,176653
34011,0.000912,172.217.194.0-255,5738,131393,19,176653
34012,0.000921,172.217.194.0-255,1484,132877,19,176653
34013,0.000946,172.217.194.0-255,1484,134361,19,176653
34014,0.000966,172.217.194.0-255,7156,141517,19,176653
34015,0.000979,172.217.194.0-255,2184,143701,19,176653
34016,0.000982,172.31.36.0-255,66,143767,19,176653
34017,0.000988,172.31.36.0-255,66,143833,19,176653
34018,0.002297,172.217.194.0-255,1484,145317,19,176653
34019,0.002308,172.217.194.0-255,2902,148219,19,176653
34020,0.002312,172.31.36.0-255,66,148285,19,176653
34021,0.002321,172.217.194.0-255,5738,154023,19,176653
34022,0.002324,172.31.36.0-255,66,154089,19,176653
34023,0.002336,172.217.194.0-255,5738,159827,19,176653
34024,0.002338,172.31.36.0-255,66,159893,19,176653
34025,0.00239,172.31.36.0-255,66,159959,19,176653
34026,0.002397,172.217.194.0-255,5020,164979,19,176653
34027,0.002399,172.31.36.0-255,66,165045,19,176653
34028,0.004792,172.217.194.0-255,5738,170783,19,176653
34029,0.005241,172.31.36.0-255,66,170849,19,176653
34030,0.007618,172.217.194.0-255,5738,176587,19,176653
34031,0.007625,172.31.36.0-255,66,176653,19,176653
34032,0.0,74.125.24.0-255,298,298,19,151368
34033,1.7e-05,172.31.36.0-255,66,364,19,151368
34034,2.3e-05,74.125.24.0-255,1484,1848,19,151368
34035,2.7e-05,172.31.36.0-255,66,1914,19,151368
34036,3.4e-05,74.125.24.0-255,4320,6234,19,151368
34037,3.8e-05,172.31.36.0-255,66,6300,19,151368
34038,6.6e-05,74.125.24.0-255,5738,12038,19,151368
34039,7e-05,172.31.36.0-255,66,12104,19,151368
34040,8.2e-05,74.125.24.0-255,1868,13972,19,151368
34041,8.4e-05,172.31.36.0-255,66,14038,19,151368
34042,0.000105,74.125.24.0-255,2902,16940,19,151368
34043,0.000107,172.31.36.0-255,66,17006,19,151368
34044,0.000113,74.125.24.0-255,4320,21326,19,151368
34045,0.000115,172.31.36.0-255,66,21392,19,151368
34046,0.000142,74.125.24.0-255,8574,29966,19,151368
34047,0.000144,172.31.36.0-255,66,30032,19,151368
34048,0.000149,74.125.24.0-255,2902,32934,19,151368
34049,0.000152,172.31.36.0-255,66,33000,19,151368
34050,0.000183,74.125.24.0-255,5379,38379,19,151368
34051,0.000187,172.31.36.0-255,66,38445,19,151368
34052,0.000195,74.125.24.0-255,8574,47019,19,151368
34053,0.000197,172.31.36.0-255,66,47085,19,151368
34054,0.0002,74.125.24.0-255,1125,48210,19,151368
34055,0.000203,172.31.36.0-255,66,48276,19,151368
34056,0.000475,74.125.24.0-255,1484,49760,19,151368
34057,0.00048,172.31.36.0-255,66,49826,19,151368
34058,0.000487,74.125.24.0-255,2902,52728,19,151368
34059,0.000489,172.31.36.0-255,66,52794,19,151368
34060,0.000506,74.125.24.0-255,1484,54278,19,151368
34061,0.000509,172.31.36.0-255,66,54344,19,151368
34062,0.000531,74.125.24.0-255,4320,58664,19,151368
34063,0.000534,172.31.36.0-255,66,58730,19,151368
34064,0.000538,74.125.24.0-255,2902,61632,19,151368
34065,0.00054,172.31.36.0-255,66,61698,19,151368
34066,0.000567,74.125.24.0-255,4540,66238,19,151368
34067,0.00057,172.31.36.0-255,66,66304,19,151368
34068,0.000667,74.125.24.0-255,1484,67788,19,151368
34069,0.000693,74.125.24.0-255,2902,70690,19,151368
34070,0.000697,172.31.36.0-255,66,70756,19,151368
34071,0.000702,74.125.24.0-255,2902,73658,19,151368
34072,0.000704,172.31.36.0-255,66,73724,19,151368
34073,0.000708,74.125.24.0-255,1484,75208,19,151368
34074,0.00073,74.125.24.0-255,5738,80946,19,151368
34075,0.000733,172.31.36.0-255,66,81012,19,151368
34076,0.000737,74.125.24.0-255,2543,83555,19,151368
34077,0.000739,172.31.36.0-255,66,83621,19,151368
34078,0.000742,74.125.24.0-255,1484,85105,19,151368
34079,0.000759,74.125.24.0-255,1484,86589,19,151368
34080,0.000761,172.31.36.0-255,66,86655,19,151368
34081,0.000767,74.125.24.0-255,2902,89557,19,151368
34082,0.000769,172.31.36.0-255,66,89623,19,151368
34083,0.000784,74.125.24.0-255,4320,93943,19,151368
34084,0.000787,172.31.36.0-255,66,94009,19,151368
34085,0.000814,74.125.24.0-255,4320,98329,19,151368
34086,0.000816,172.31.36.0-255,66,98395,19,151368
34087,0.00083,74.125.24.0-255,2543,100938,19,151368
34088,0.000833,172.31.36.0-255,66,101004,19,151368
34089,0.001151,74.125.24.0-255,1484,102488,19,151368
34090,0.001158,74.125.24.0-255,2902,105390,19,151368
34091,0.001161,172.31.36.0-255,66,105456,19,151368
34092,0.001166,74.125.24.0-255,2902,108358,19,151368
34093,0.001169,172.31.36.0-255,66,108424,19,151368
34094,0.001184,74.125.24.0-255,2902,111326,19,151368
34095,0.001187,172.31.36.0-255,66,111392,19,151368
34096,0.001194,74.125.24.0-255,7156,118548,19,151368
34097,0.001196,172.31.36.0-255,66,118614,19,151368
34098,0.00122,74.125.24.0-255,5738,124352,19,151368
34099,0.001223,172.31.36.0-255,66,124418,19,151368
34100,0.001232,74.125.24.0-255,8574,132992,19,151368
34101,0.001234,172.31.36.0-255,66,133058,19,151368
34102,0.001258,74.125.24.0-255,2184,135242,19,151368
34103,0.001261,172.31.36.0-255,66,135308,19,151368
34104,0.003564,74.125.24.0-255,4320,139628,19,151368
34105,0.003572,172.31.36.0-255,66,139694,19,151368
34106,0.00359,74.125.24.0-255,1484,141178,19,151368
34107,0.005913,74.125.24.0-255,4320,145498,19,151368
34108,0.005921,172.31.36.0-255,66,145564,19,151368
34109,0.008207,74.125.24.0-255,5738,151302,19,151368
34110,0.008212,172.31.36.0-255,66,151368,19,151368
34111,0.0,74.125.200.0-255,155,155,19,412036
34112,2.2e-05,172.31.36.0-255,66,221,19,412036
34113,3e-05,74.125.200.0-255,1484,1705,19,412036
34114,3.4e-05,172.31.36.0-255,66,1771,19,412036
34115,4e-05,74.125.200.0-255,2902,4673,19,412036
34116,4.3e-05,172.31.36.0-255,66,4739,19,412036
34117,5e-05,74.125.200.0-255,5738,10477,19,412036
34118,6.1e-05,172.31.36.0-255,66,10543,19,412036
34119,9.7e-05,74.125.200.0-255,1484,12027,19,412036
34120,0.0001,172.31.36.0-255,66,12093,19,412036
34121,0.000105,74.125.200.0-255,2041,14134,19,412036
34122,0.000107,172.31.36.0-255,66,14200,19,412036
34123,0.000164,74.125.200.0-255,1484,15684,19,412036
34124,0.000168,172.31.36.0-255,66,15750,19,412036
34125,0.000172,74.125.200.0-255,2902,18652,19,412036
34126,0.000174,172.31.36.0-255,66,18718,19,412036
34127,0.000209,74.125.200.0-255,5738,24456,19,412036
34128,0.000211,172.31.36.0-255,66,24522,19,412036
34129,0.000215,74.125.200.0-255,2902,27424,19,412036
34130,0.000218,172.31.36.0-255,66,27490,19,412036
34131,0.000259,74.125.200.0-255,3961,31451,19,412036
34132,0.000262,172.31.36.0-255,66,31517,19,412036
34133,0.000748,74.125.200.0-255,1484,33001,19,412036
34134,0.000755,172.31.36.0-255,66,33067,19,412036
34135,0.000758,74.125.200.0-255,1484,34551,19,412036
34136,0.00076,172.31.36.0-255,66,34617,19,412036
34137,0.000788,74.125.200.0-255,2902,37519,19,412036
34138,0.000791,172.31.36.0-255,66,37585,19,412036
34139,0.000801,74.125.200.0-255,5738,43323,19,412036
34140,0.000803,172.31.36.0-255,66,43389,19,412036
34141,0.00081,74.125.200.0-255,5379,48768,19,412036
34142,0.000812,172.31.36.0-255,66,48834,19,412036
34143,0.000816,74.125.200.0-255,1484,50318,19,412036
34144,0.000846,74.125.200.0-255,4320,54638,19,412036
34145,0.000848,172.31.36.0-255,66,54704,19,412036
34146,0.000855,74.125.200.0-255,7156,61860,19,412036
34147,0.000858,172.31.36.0-255,66,61926,19,412036
34148,0.000875,74.125.200.0-255,3961,65887,19,412036
34149,0.000881,172.31.36.0-255,66,65953,19,412036
34150,0.001396,74.125.200.0-255,649,66602,19,412036
34151,0.001623,74.125.200.0-255,1484,68086,19,412036
34152,0.001629,172.31.36.0-255,66,68152,19,412036
34153,0.00166,74.125.200.0-255,2902,71054,19,412036
34154,0.001663,172.31.36.0-255,66,71120,19,412036
34155,0.00169,74.125.200.0-255,5738,76858,19,412036
34156,0.001693,172.31.36.0-255,66,76924,19,412036
34157,0.001697,74.125.200.0-255,2902,79826,19,412036
34158,0.001699,172.31.36.0-255,66,79892,19,412036
34159,0.001704,74.125.200.0-255,4320,84212,19,412036
34160,0.001706,172.31.36.0-255,66,84278,19,412036
34161,0.001717,74.125.200.0-255,5738,90016,19,412036
34162,0.001719,172.31.36.0-255,66,90082,19,412036
34163,0.001748,74.125.200.0-255,2902,92984,19,412036
34164,0.001754,172.31.36.0-255,66,93050,19,412036
34165,0.001761,74.125.200.0-255,5738,98788,19,412036
34166,0.001763,172.31.36.0-255,66,98854,19,412036
34167,0.001767,74.125.200.0-255,2184,101038,19,412036
34168,0.00177,172.31.36.0-255,66,101104,19,412036
34169,0.002065,74.125.200.0-255,1484,102588,19,412036
34170,0.002084,74.125.200.0-255,2902,105490,19,412036
34171,0.002089,172.31.36.0-255,66,105556,19,412036
34172,0.002097,74.125.200.0-255,5738,111294,19,412036
34173,0.0021,172.31.36.0-255,66,111360,19,412036
34174,0.002125,74.125.200.0-255,2902,114262,19,412036
34175,0.002128,172.31.36.0-255,66,114328,19,412036
34176,0.002161,74.125.200.0-255,9992,124320,19,412036
34177,0.002164,172.31.36.0-255,66,124386,19,412036
34178,0.002194,74.125.200.0-255,10692,135078,19,412036
34179,0.002197,172.31.36.0-255,66,135144,19,412036
34180,0.002458,74.125.200.0-255,1484,136628,19,412036
34181,0.002479,74.125.200.0-255,2902,139530,19,412036
34182,0.002482,172.31.36.0-255,66,139596,19,412036
34183,0.002488,74.125.200.0-255,2902,142498,19,412036
34184,0.002491,172.31.36.0-255,66,142564,19,412036
34185,0.002511,74.125.200.0-255,1484,144048,19,412036
34186,0.00252,74.125.200.0-255,8574,152622,19,412036
34187,0.002523,172.31.36.0-255,66,152688,19,412036
34188,0.002535,74.125.200.0-255,8574,161262,19,412036
34189,0.002538,172.31.36.0-255,66,161328,19,412036
34190,0.002541,74.125.200.0-255,1484,162812,19,412036
34191,0.002581,74.125.200.0-255,6438,169250,19,412036
34192,0.002584,172.31.36.0-255,66,169316,19,412036
34193,0.002614,74.125.200.0-255,4320,173636,19,412036
34194,0.002616,172.31.36.0-255,66,173702,19,412036
34195,0.002656,74.125.200.0-255,9992,183694,19,412036
34196,0.002659,172.31.36.0-255,66,183760,19,412036
34197,0.002663,74.125.200.0-255,2902,186662,19,412036
34198,0.002665,172.31.36.0-255,66,186728,19,412036
34199,0.002668,74.125.200.0-255,1484,188212,19,412036
34200,0.002689,74.125.200.0-255,1484,189696,19,412036
34201,0.002691,172.31.36.0-255,66,189762,19,412036
34202,0.002696,74.125.200.0-255,2902,192664,19,412036
34203,0.002698,172.31.36.0-255,66,192730,19,412036
34204,0.002707,74.125.200.0-255,1484,194214,19,412036
34205,0.002738,74.125.200.0-255,4320,198534,19,412036
34206,0.002741,172.31.36.0-255,66,198600,19,412036
34207,0.002745,74.125.200.0-255,2902,201502,19,412036
34208,0.002748,172.31.36.0-255,66,201568,19,412036
34209,0.002787,74.125.200.0-255,2184,203752,19,412036
34210,0.002789,172.31.36.0-255,66,203818,19,412036
34211,0.002895,74.125.200.0-255,1484,205302,19,412036
34212,0.002899,74.125.200.0-255,1484,206786,19,412036
34213,0.002901,172.31.36.0-255,66,206852,19,412036
34214,0.002923,74.125.200.0-255,1484,208336,19,412036
34215,0.00293,74.125.200.0-255,5738,214074,19,412036
34216,0.002933,172.31.36.0-255,66,214140,19,412036
34217,0.002938,74.125.200.0-255,2902,217042,19,412036
34218,0.00294,172.31.36.0-255,66,217108,19,412036
34219,0.002946,74.125.200.0-255,4320,221428,19,412036
34220,0.002955,172.31.36.0-255,66,221494,19,412036
34221,0.002988,74.125.200.0-255,8574,230068,19,412036
34222,0.00299,172.31.36.0-255,66,230134,19,412036
34223,0.002997,74.125.200.0-255,7156,237290,19,412036
34224,0.002999,172.31.36.0-255,66,237356,19,412036
34225,0.003033,74.125.200.0-255,7856,245212,19,412036
34226,0.003036,172.31.36.0-255,66,245278,19,412036
34227,0.00304,74.125.200.0-255,2902,248180,19,412036
34228,0.003042,172.31.36.0-255,66,248246,19,412036
34229,0.003062,74.125.200.0-255,2902,251148,19,412036
34230,0.003069,172.31.36.0-255,66,251214,19,412036
34231,0.003104,74.125.200.0-255,9992,261206,19,412036
34232,0.003107,172.31.36.0-255,66,261272,19,412036
34233,0.003116,74.125.200.0-255,9992,271264,19,412036
34234,0.003119,74.125.200.0-255,1484,272748,19,412036
34235,0.003151,74.125.200.0-255,9274,282022,19,412036
34236,0.003158,74.125.200.0-255,5738,287760,19,412036
34237,0.003162,74.125.200.0-255,2902,290662,19,412036
34238,0.003176,74.125.200.0-255,4320,294982,19,412036
34239,0.003191,74.125.200.0-255,2902,297884,19,412036
34240,0.003204,74.125.200.0-255,2902,300786,19,412036
34241,0.003246,74.125.200.0-255,2902,303688,19,412036
34242,0.003259,74.125.200.0-255,2184,305872,19,412036
34243,0.003262,74.125.200.0-255,1484,307356,19,412036
34244,0.003306,74.125.200.0-255,2902,310258,19,412036
34245,0.003322,74.125.200.0-255,2902,313160,19,412036
34246,0.003325,74.125.200.0-255,1484,314644,19,412036
34247,0.003341,74.125.200.0-255,2902,317546,19,412036
34248,0.003383,74.125.200.0-255,1484,319030,19,412036
34249,0.003401,74.125.200.0-255,7156,326186,19,412036
34250,0.003404,74.125.200.0-255,1484,327670,19,412036
34251,0.003407,74.125.200.0-255,1484,329154,19,412036
34252,0.003411,74.125.200.0-255,2902,332056,19,412036
34253,0.003416,74.125.200.0-255,4320,336376,19,412036
34254,0.003429,74.125.200.0-255,1484,337860,19,412036
34255,0.003449,74.125.200.0-255,2184,340044,19,412036
34256,0.00348,74.125.200.0-255,1484,341528,19,412036
34257,0.003494,74.125.200.0-255,2902,344430,19,412036
34258,0.003497,74.125.200.0-255,1484,345914,19,412036
34259,0.003512,74.125.200.0-255,2902,348816,19,412036
34260,0.003529,74.125.200.0-255,2902,351718,19,412036
34261,0.003541,74.125.200.0-255,2902,354620,19,412036
34262,0.003544,74.125.200.0-255,1484,356104,19,412036
34263,0.00356,74.125.200.0-255,2902,359006,19,412036
34264,0.003582,74.125.200.0-255,2902,361908,19,412036
34265,0.003595,74.125.200.0-255,2902,364810,19,412036
34266,0.003597,74.125.200.0-255,1484,366294,19,412036
34267,0.003602,74.125.200.0-255,2902,369196,19,412036
34268,0.003653,74.125.200.0-255,5020,374216,19,412036
34269,0.003689,74.125.200.0-255,2902,377118,19,412036
34270,0.003708,74.125.200.0-255,2902,380020,19,412036
34271,0.00371,74.125.200.0-255,1484,381504,19,412036
34272,0.003715,74.125.200.0-255,2902,384406,19,412036
34273,0.003745,74.125.200.0-255,5738,390144,19,412036
34274,0.003747,74.125.200.0-255,1484,391628,19,412036
34275,0.00375,74.125.200.0-255,1484,393112,19,412036
34276,0.003763,74.125.200.0-255,1484,394596,19,412036
34277,0.003785,74.125.200.0-255,5738,400334,19,412036
34278,0.003797,74.125.200.0-255,1484,401818,19,412036
34279,0.003815,74.125.200.0-255,6438,408256,19,412036
34280,0.003871,74.125.200.0-255,2902,411158,19,412036
34281,0.003883,74.125.200.0-255,435,411593,19,412036
34282,0.003932,74.125.200.0-255,105,411698,19,412036
34283,0.006369,172.31.36.0-255,66,411764,19,412036
34284,0.007327,172.31.36.0-255,101,411865,19,412036
34285,0.00905,172.31.36.0-255,105,411970,19,412036
34286,0.009792,74.125.200.0-255,66,412036,19,412036
34287,0.0,74.125.24.0-255,148,148,19,246508
34288,3.3e-05,172.31.36.0-255,66,214,19,246508
34289,4.1e-05,74.125.24.0-255,1484,1698,19,246508
34290,4.5e-05,172.31.36.0-255,66,1764,19,246508
34291,5e-05,74.125.24.0-255,2902,4666,19,246508
34292,5.2e-05,172.31.36.0-255,66,4732,19,246508
34293,6e-05,74.125.24.0-255,7156,11888,19,246508
34294,6.2e-05,172.31.36.0-255,66,11954,19,246508
34295,9.5e-05,74.125.24.0-255,2075,14029,19,246508
34296,9.7e-05,172.31.36.0-255,66,14095,19,246508
34297,0.000479,74.125.24.0-255,1484,15579,19,246508
34298,0.000485,172.31.36.0-255,66,15645,19,246508
34299,0.000493,74.125.24.0-255,2902,18547,19,246508
34300,0.000495,172.31.36.0-255,66,18613,19,246508
34301,0.000503,74.125.24.0-255,5738,24351,19,246508
34302,0.000505,172.31.36.0-255,66,24417,19,246508
34303,0.000536,74.125.24.0-255,6797,31214,19,246508
34304,0.000541,172.31.36.0-255,66,31280,19,246508
34305,0.000596,74.125.24.0-255,1484,32764,19,246508
34306,0.000599,172.31.36.0-255,66,32830,19,246508
34307,0.000605,74.125.24.0-255,2902,35732,19,246508
34308,0.000606,172.31.36.0-255,66,35798,19,246508
34309,0.00064,74.125.24.0-255,5738,41536,19,246508
34310,0.000644,172.31.36.0-255,66,41602,19,246508
34311,0.00065,74.125.24.0-255,4320,45922,19,246508
34312,0.000652,172.31.36.0-255,66,45988,19,246508
34313,0.000686,172.31.36.0-255,66,46054,19,246508
34314,0.00069,74.125.24.0-255,2812,48866,19,246508
34315,0.000692,172.31.36.0-255,66,48932,19,246508
34316,0.000694,74.125.24.0-255,136,49068,19,246508
34317,0.000696,172.31.36.0-255,66,49134,19,246508
34318,0.000843,74.125.24.0-255,1484,50618,19,246508
34319,0.00085,74.125.24.0-255,2902,53520,19,246508
34320,0.000854,172.31.36.0-255,66,53586,19,246508
34321,0.000858,74.125.24.0-255,1484,55070,19,246508
34322,0.000877,74.125.24.0-255,4320,59390,19,246508
34323,0.00088,172.31.36.0-255,66,59456,19,246508
34324,0.000933,74.125.24.0-255,8574,68030,19,246508
34325,0.000938,172.31.36.0-255,66,68096,19,246508
34326,0.000957,74.125.24.0-255,5379,73475,19,246508
34327,0.00096,172.31.36.0-255,66,73541,19,246508
34328,0.000967,74.125.24.0-255,7156,80697,19,246508
34329,0.000969,172.31.36.0-255,66,80763,19,246508
34330,0.000973,74.125.24.0-255,2801,83564,19,246508
34331,0.000975,172.31.36.0-255,66,83630,19,246508
34332,0.001297,74.125.24.0-255,1484,85114,19,246508
34333,0.001304,74.125.24.0-255,2902,88016,19,246508
34334,0.001308,172.31.36.0-255,66,88082,19,246508
34335,0.001313,74.125.24.0-255,2902,90984,19,246508
34336,0.001315,172.31.36.0-255,66,91050,19,246508
34337,0.00133,74.125.24.0-255,2902,93952,19,246508
34338,0.001332,172.31.36.0-255,66,94018,19,246508
34339,0.00136,172.31.36.0-255,66,94084,19,246508
34340,0.001371,74.125.24.0-255,1484,95568,19,246508
34341,0.001395,74.125.24.0-255,9274,104842,19,246508
34342,0.001397,172.31.36.0-255,66,104908,19,246508
34343,0.001416,74.125.24.0-255,5738,110646,19,246508
34344,0.001419,172.31.36.0-255,66,110712,19,246508
34345,0.00144,74.125.24.0-255,1484,112196,19,246508
34346,0.001447,74.125.24.0-255,8574,120770,19,246508
34347,0.00145,172.31.36.0-255,66,120836,19,246508
34348,0.001466,74.125.24.0-255,7156,127992,19,246508
34349,0.001469,172.31.36.0-255,66,128058,19,246508
34350,0.001489,74.125.24.0-255,9992,138050,19,246508
34351,0.001491,172.31.36.0-255,66,138116,19,246508
34352,0.001496,74.125.24.0-255,4320,142436,19,246508
34353,0.001498,172.31.36.0-255,66,142502,19,246508
34354,0.001517,74.125.24.0-255,3602,146104,19,246508
34355,0.00152,172.31.36.0-255,66,146170,19,246508
34356,0.001524,74.125.24.0-255,4320,150490,19,246508
34357,0.001526,172.31.36.0-255,66,150556,19,246508
34358,0.00157,172.31.36.0-255,66,150622,19,246508
34359,0.001597,74.125.24.0-255,1484,152106,19,246508
34360,0.001627,172.31.36.0-255,66,152172,19,246508
34361,0.001654,74.125.24.0-255,7156,159328,19,246508
34362,0.001656,172.31.36.0-255,66,159394,19,246508
34363,0.001674,172.31.36.0-255,66,159460,19,246508
34364,0.001693,172.31.36.0-255,66,159526,19,246508
34365,0.001757,172.31.36.0-255,66,159592,19,246508
34366,0.001788,172.31.36.0-255,66,159658,19,246508
34367,0.001795,74.125.24.0-255,7856,167514,19,246508
34368,0.001796,172.31.36.0-255,66,167580,19,246508
34369,0.001828,74.125.24.0-255,1484,169064,19,246508
34370,0.001845,74.125.24.0-255,2902,171966,19,246508
34371,0.001847,172.31.36.0-255,66,172032,19,246508
34372,0.001851,74.125.24.0-255,2902,174934,19,246508
34373,0.001853,172.31.36.0-255,66,175000,19,246508
34374,0.00187,74.125.24.0-255,2902,177902,19,246508
34375,0.001872,172.31.36.0-255,66,177968,19,246508
34376,0.001903,172.31.36.0-255,66,178034,19,246508
34377,0.001911,74.125.24.0-255,9992,188026,19,246508
34378,0.001913,172.31.36.0-255,66,188092,19,246508
34379,0.001942,74.125.24.0-255,766,188858,19,246508
34380,0.001958,74.125.24.0-255,1484,190342,19,246508
34381,0.00196,172.31.36.0-255,66,190408,19,246508
34382,0.001976,74.125.24.0-255,4320,194728,19,246508
34383,0.001979,172.31.36.0-255,66,194794,19,246508
34384,0.002011,74.125.24.0-255,9992,204786,19,246508
34385,0.002014,172.31.36.0-255,66,204852,19,246508
34386,0.00202,74.125.24.0-255,5738,210590,19,246508
34387,0.002022,172.31.36.0-255,66,210656,19,246508
34388,0.002035,74.125.24.0-255,5738,216394,19,246508
34389,0.002038,172.31.36.0-255,66,216460,19,246508
34390,0.002067,74.125.24.0-255,6438,222898,19,246508
34391,0.00207,172.31.36.0-255,66,222964,19,246508
34392,0.002094,74.125.24.0-255,1484,224448,19,246508
34393,0.002113,74.125.24.0-255,5738,230186,19,246508
34394,0.002115,172.31.36.0-255,66,230252,19,246508
34395,0.002123,74.125.24.0-255,8574,238826,19,246508
34396,0.002125,172.31.36.0-255,66,238892,19,246508
34397,0.00214,74.125.24.0-255,2902,241794,19,246508
34398,0.002142,172.31.36.0-255,66,241860,19,246508
34399,0.002173,74.125.24.0-255,766,242626,19,246508
34400,0.002232,74.125.24.0-255,1484,244110,19,246508
34401,0.002247,74.125.24.0-255,1893,246003,19,246508
34402,0.00225,74.125.24.0-255,97,246100,19,246508
34403,0.003768,172.31.36.0-255,66,246166,19,246508
34404,0.006013,74.125.24.0-255,105,246271,19,246508
34405,0.006792,172.31.36.0-255,66,246337,19,246508
34406,0.00682,172.31.36.0-255,105,246442,19,246508
34407,0.009021,74.125.24.0-255,66,246508,19,246508
34408,0.0,74.125.24.0-255,153,153,19,195625
34409,2.6e-05,172.31.36.0-255,66,219,19,195625
34410,3.4e-05,74.125.24.0-255,1484,1703,19,195625
34411,3.9e-05,172.31.36.0-255,66,1769,19,195625
34412,4.4e-05,74.125.24.0-255,2902,4671,19,195625
34413,4.7e-05,172.31.36.0-255,66,4737,19,195625
34414,6.2e-05,74.125.24.0-255,5738,10475,19,195625
34415,6.6e-05,172.31.36.0-255,66,10541,19,195625
34416,8.2e-05,172.31.36.0-255,66,10607,19,195625
34417,8.9e-05,74.125.24.0-255,6797,17404,19,195625
34418,9.2e-05,172.31.36.0-255,66,17470,19,195625
34419,0.000148,74.125.24.0-255,1484,18954,19,195625
34420,0.000152,172.31.36.0-255,66,19020,19,195625
34421,0.000167,74.125.24.0-255,2902,21922,19,195625
34422,0.000174,172.31.36.0-255,66,21988,19,195625
34423,0.000182,74.125.24.0-255,5738,27726,19,195625
34424,0.000185,172.31.36.0-255,66,27792,19,195625
34425,0.000235,172.31.36.0-255,66,27858,19,195625
34426,0.000274,74.125.24.0-255,5738,33596,19,195625
34427,0.000277,172.31.36.0-255,66,33662,19,195625
34428,0.000304,74.125.24.0-255,5713,39375,19,195625
34429,0.000307,172.31.36.0-255,66,39441,19,195625
34430,0.00056,74.125.24.0-255,113,39554,19,195625
34431,0.000565,172.31.36.0-255,66,39620,19,195625
34432,0.000592,74.125.24.0-255,329,39949,19,195625
34433,0.000596,172.31.36.0-255,66,40015,19,195625
34434,0.000943,74.125.24.0-255,1484,41499,19,195625
34435,0.00095,172.31.36.0-255,66,41565,19,195625
34436,0.000972,74.125.24.0-255,2902,44467,19,195625
34437,0.000976,172.31.36.0-255,66,44533,19,195625
34438,0.000984,74.125.24.0-255,5738,50271,19,195625
34439,0.000988,172.31.36.0-255,66,50337,19,195625
34440,0.000997,74.125.24.0-255,8574,58911,19,195625
34441,0.000999,172.31.36.0-255,66,58977,19,195625
34442,0.001034,74.125.24.0-255,4320,63297,19,195625
34443,0.001037,172.31.36.0-255,66,63363,19,195625
34444,0.001045,74.125.24.0-255,5738,69101,19,195625
34445,0.001047,172.31.36.0-255,66,69167,19,195625
34446,0.001053,74.125.24.0-255,5020,74187,19,195625
34447,0.001056,172.31.36.0-255,66,74253,19,195625
34448,0.001482,74.125.24.0-255,1484,75737,19,195625
34449,0.001487,74.125.24.0-255,2902,78639,19,195625
34450,0.001494,172.31.36.0-255,66,78705,19,195625
34451,0.001516,74.125.24.0-255,5738,84443,19,195625
34452,0.001519,172.31.36.0-255,66,84509,19,195625
34453,0.001548,172.31.36.0-255,66,84575,19,195625
34454,0.001594,172.31.36.0-255,66,84641,19,195625
34455,0.001642,74.125.24.0-255,1484,86125,19,195625
34456,0.001648,74.125.24.0-255,2902,89027,19,195625
34457,0.001651,172.31.36.0-255,66,89093,19,195625
34458,0.001656,74.125.24.0-255,2902,91995,19,195625
34459,0.001658,172.31.36.0-255,66,92061,19,195625
34460,0.001682,74.125.24.0-255,2902,94963,19,195625
34461,0.001684,172.31.36.0-255,66,95029,19,195625
34462,0.001694,74.125.24.0-255,9992,105021,19,195625
34463,0.001702,172.31.36.0-255,66,105087,19,195625
34464,0.001711,74.125.24.0-255,8574,113661,19,195625
34465,0.001713,172.31.36.0-255,66,113727,19,195625
34466,0.001744,74.125.24.0-255,2902,116629,19,195625
34467,0.001747,172.31.36.0-255,66,116695,19,195625
34468,0.001753,74.125.24.0-255,2184,118879,19,195625
34469,0.001755,172.31.36.0-255,66,118945,19,195625
34470,0.001789,74.125.24.0-255,1484,120429,19,195625
34471,0.001803,74.125.24.0-255,2902,123331,19,195625
34472,0.001809,74.125.24.0-255,4320,127651,19,195625
34473,0.001813,172.31.36.0-255,66,127717,19,195625
34474,0.001816,172.31.36.0-255,66,127783,19,195625
34475,0.001823,74.125.24.0-255,1484,129267,19,195625
34476,0.001833,74.125.24.0-255,4320,133587,19,195625
34477,0.001836,172.31.36.0-255,66,133653,19,195625
34478,0.001871,74.125.24.0-255,5738,139391,19,195625
34479,0.001875,172.31.36.0-255,66,139457,19,195625
34480,0.001915,172.31.36.0-255,66,139523,19,195625
34481,0.001942,74.125.24.0-255,2184,141707,19,195625
34482,0.001944,172.31.36.0-255,66,141773,19,195625
34483,0.001982,74.125.24.0-255,1484,143257,19,195625
34484,0.002002,74.125.24.0-255,2902,146159,19,195625
34485,0.002006,172.31.36.0-255,66,146225,19,195625
34486,0.002013,74.125.24.0-255,5738,151963,19,195625
34487,0.002015,172.31.36.0-255,66,152029,19,195625
34488,0.002046,74.125.24.0-255,9992,162021,19,195625
34489,0.002048,172.31.36.0-255,66,162087,19,195625
34490,0.002074,74.125.24.0-255,4320,166407,19,195625
34491,0.002076,172.31.36.0-255,66,166473,19,195625
34492,0.002115,172.31.36.0-255,66,166539,19,195625
34493,0.002123,74.125.24.0-255,7156,173695,19,195625
34494,0.002125,172.31.36.0-255,66,173761,19,195625
34495,0.002202,74.125.24.0-255,4320,178081,19,195625
34496,0.002206,172.31.36.0-255,66,178147,19,195625
34497,0.002259,172.31.36.0-255,66,178213,19,195625
34498,0.004632,74.125.24.0-255,5738,183951,19,195625
34499,0.00464,172.31.36.0-255,66,184017,19,195625
34500,0.007011,74.125.24.0-255,5738,189755,19,195625
34501,0.007029,172.31.36.0-255,66,189821,19,195625
34502,0.009467,74.125.24.0-255,5738,195559,19,195625
34503,0.009483,172.31.36.0-255,66,195625,19,195625
