,TIME,SRC,PACKET_SIZE,CUMULATIVE_PACKET_SIZE,PAGE_NUMBER,TOTAL_PACKET_SIZE
0,0.0,74.125.130.0-255,153,153,15,195780
1,2.3e-05,172.31.36.0-255,66,219,15,195780
2,3.1e-05,74.125.130.0-255,1484,1703,15,195780
3,3.7e-05,172.31.36.0-255,66,1769,15,195780
4,4.3e-05,74.125.130.0-255,2902,4671,15,195780
5,5.4e-05,172.31.36.0-255,66,4737,15,195780
6,6.2e-05,74.125.130.0-255,5738,10475,15,195780
7,6.5e-05,172.31.36.0-255,66,10541,15,195780
8,7.1e-05,74.125.130.0-255,3445,13986,15,195780
9,7.4e-05,172.31.36.0-255,66,14052,15,195780
10,7.8e-05,74.125.130.0-255,1484,15536,15,195780
11,8.1e-05,172.31.36.0-255,66,15602,15,195780
12,0.0001,74.125.130.0-255,2902,18504,15,195780
13,0.000109,172.31.36.0-255,66,18570,15,195780
14,0.000117,74.125.130.0-255,5738,24308,15,195780
15,0.000119,172.31.36.0-255,66,24374,15,195780
16,0.000147,74.125.130.0-255,1484,25858,15,195780
17,0.00015,172.31.36.0-255,66,25924,15,195780
18,0.000155,74.125.130.0-255,2902,28826,15,195780
19,0.000157,172.31.36.0-255,66,28892,15,195780
20,0.000179,74.125.130.0-255,2543,31435,15,195780
21,0.000186,172.31.36.0-255,66,31501,15,195780
22,0.000268,74.125.130.0-255,1484,32985,15,195780
23,0.000271,172.31.36.0-255,66,33051,15,195780
24,0.000276,74.125.130.0-255,2902,35953,15,195780
25,0.000279,172.31.36.0-255,66,36019,15,195780
26,0.000297,74.125.130.0-255,4320,40339,15,195780
27,0.0003,172.31.36.0-255,66,40405,15,195780
28,0.000329,74.125.130.0-255,1484,41889,15,195780
29,0.000332,172.31.36.0-255,66,41955,15,195780
30,0.000338,74.125.130.0-255,4320,46275,15,195780
31,0.00034,172.31.36.0-255,66,46341,15,195780
32,0.000347,74.125.130.0-255,5379,51720,15,195780
33,0.000349,172.31.36.0-255,66,51786,15,195780
34,0.000391,172.31.36.0-255,66,51852,15,195780
35,0.000414,74.125.130.0-255,1484,53336,15,195780
36,0.000436,74.125.130.0-255,1706,55042,15,195780
37,0.000439,172.31.36.0-255,66,55108,15,195780
38,0.000513,74.125.130.0-255,1484,56592,15,195780
39,0.000517,74.125.130.0-255,1484,58076,15,195780
40,0.00052,172.31.36.0-255,66,58142,15,195780
41,0.000544,74.125.130.0-255,1484,59626,15,195780
42,0.000561,74.125.130.0-255,5738,65364,15,195780
43,0.000564,172.31.36.0-255,66,65430,15,195780
44,0.000567,74.125.130.0-255,1484,66914,15,195780
45,0.000571,74.125.130.0-255,2902,69816,15,195780
46,0.000574,172.31.36.0-255,66,69882,15,195780
47,0.000605,74.125.130.0-255,6797,76679,15,195780
48,0.000608,172.31.36.0-255,66,76745,15,195780
49,0.000613,74.125.130.0-255,4320,81065,15,195780
50,0.000616,172.31.36.0-255,66,81131,15,195780
51,0.000646,74.125.130.0-255,5738,86869,15,195780
52,0.00065,172.31.36.0-255,66,86935,15,195780
53,0.000675,74.125.130.0-255,2543,89478,15,195780
54,0.000678,172.31.36.0-255,66,89544,15,195780
55,0.000753,74.125.130.0-255,1484,91028,15,195780
56,0.000769,74.125.130.0-255,2902,93930,15,195780
57,0.000773,172.31.36.0-255,66,93996,15,195780
58,0.000812,74.125.130.0-255,1484,95480,15,195780
59,0.00083,74.125.130.0-255,4320,99800,15,195780
60,0.000833,172.31.36.0-255,66,99866,15,195780
61,0.00085,172.31.36.0-255,66,99932,15,195780
62,0.000889,74.125.130.0-255,2902,102834,15,195780
63,0.000891,172.31.36.0-255,66,102900,15,195780
64,0.000921,172.31.36.0-255,66,102966,15,195780
65,0.000924,74.125.130.0-255,1484,104450,15,195780
66,0.000927,74.125.130.0-255,1484,105934,15,195780
67,0.00093,172.31.36.0-255,66,106000,15,195780
68,0.00095,74.125.130.0-255,1484,107484,15,195780
69,0.000954,74.125.130.0-255,1484,108968,15,195780
70,0.000957,172.31.36.0-255,66,109034,15,195780
71,0.000988,74.125.130.0-255,4320,113354,15,195780
72,0.000991,172.31.36.0-255,66,113420,15,195780
73,0.000999,74.125.130.0-255,7156,120576,15,195780
74,0.001001,172.31.36.0-255,66,120642,15,195780
75,0.00103,172.31.36.0-255,66,120708,15,195780
76,0.001041,172.31.36.0-255,66,120774,15,195780
77,0.00168,74.125.130.0-255,1484,122258,15,195780
78,0.001696,74.125.130.0-255,2902,125160,15,195780
79,0.001699,172.31.36.0-255,66,125226,15,195780
80,0.001703,74.125.130.0-255,1484,126710,15,195780
81,0.001731,74.125.130.0-255,4320,131030,15,195780
82,0.001734,172.31.36.0-255,66,131096,15,195780
83,0.00174,74.125.130.0-255,4320,135416,15,195780
84,0.001743,172.31.36.0-255,66,135482,15,195780
85,0.001753,74.125.130.0-255,5738,141220,15,195780
86,0.001756,172.31.36.0-255,66,141286,15,195780
87,0.001802,172.31.36.0-255,66,141352,15,195780
88,0.00185,74.125.130.0-255,2184,143536,15,195780
89,0.001853,172.31.36.0-255,66,143602,15,195780
90,0.001878,74.125.130.0-255,1484,145086,15,195780
91,0.001898,74.125.130.0-255,1484,146570,15,195780
92,0.001901,172.31.36.0-255,66,146636,15,195780
93,0.001906,74.125.130.0-255,4320,150956,15,195780
94,0.001908,172.31.36.0-255,66,151022,15,195780
95,0.001912,74.125.130.0-255,1484,152506,15,195780
96,0.001945,74.125.130.0-255,7156,159662,15,195780
97,0.001948,172.31.36.0-255,66,159728,15,195780
98,0.001952,74.125.130.0-255,1484,161212,15,195780
99,0.001956,74.125.130.0-255,2902,164114,15,195780
100,0.001958,172.31.36.0-255,66,164180,15,195780
101,0.001992,74.125.130.0-255,5738,169918,15,195780
102,0.001995,172.31.36.0-255,66,169984,15,195780
103,0.001998,74.125.130.0-255,1484,171468,15,195780
104,0.002002,74.125.130.0-255,2902,174370,15,195780
105,0.002004,172.31.36.0-255,66,174436,15,195780
106,0.002043,74.125.130.0-255,1484,175920,15,195780
107,0.002064,74.125.130.0-255,2184,178104,15,195780
108,0.002067,172.31.36.0-255,66,178170,15,195780
109,0.004126,74.125.130.0-255,1484,179654,15,195780
110,0.004175,74.125.130.0-255,4320,183974,15,195780
111,0.00418,172.31.36.0-255,66,184040,15,195780
112,0.006303,74.125.130.0-255,5738,189778,15,195780
113,0.006306,172.31.36.0-255,66,189844,15,195780
114,0.008451,74.125.130.0-255,2902,192746,15,195780
115,0.008457,172.31.36.0-255,66,192812,15,195780
116,0.008486,74.125.130.0-255,2902,195714,15,195780
117,0.008488,172.31.36.0-255,66,195780,15,195780
118,0.0,74.125.24.0-255,150,150,15,192056
119,3.6e-05,172.31.36.0-255,66,216,15,192056
120,4.4e-05,74.125.24.0-255,1484,1700,15,192056
121,4.8e-05,172.31.36.0-255,66,1766,15,192056
122,5.3e-05,74.125.24.0-255,2902,4668,15,192056
123,5.6e-05,172.31.36.0-255,66,4734,15,192056
124,6.4e-05,74.125.24.0-255,7156,11890,15,192056
125,6.7e-05,172.31.36.0-255,66,11956,15,192056
126,7.1e-05,74.125.24.0-255,2055,14011,15,192056
127,7.3e-05,172.31.36.0-255,66,14077,15,192056
128,0.000109,74.125.24.0-255,1484,15561,15,192056
129,0.000111,172.31.36.0-255,66,15627,15,192056
130,0.000116,74.125.24.0-255,2902,18529,15,192056
131,0.000118,172.31.36.0-255,66,18595,15,192056
132,0.000146,74.125.24.0-255,2902,21497,15,192056
133,0.000149,172.31.36.0-255,66,21563,15,192056
134,0.000176,74.125.24.0-255,2902,24465,15,192056
135,0.000178,172.31.36.0-255,66,24531,15,192056
136,0.000187,74.125.24.0-255,6797,31328,15,192056
137,0.000189,172.31.36.0-255,66,31394,15,192056
138,0.000274,74.125.24.0-255,1484,32878,15,192056
139,0.000278,172.31.36.0-255,66,32944,15,192056
140,0.000284,74.125.24.0-255,2902,35846,15,192056
141,0.000288,172.31.36.0-255,66,35912,15,192056
142,0.000311,74.125.24.0-255,2902,38814,15,192056
143,0.000315,172.31.36.0-255,66,38880,15,192056
144,0.000319,74.125.24.0-255,2902,41782,15,192056
145,0.000321,172.31.36.0-255,66,41848,15,192056
146,0.000341,74.125.24.0-255,4320,46168,15,192056
147,0.000344,172.31.36.0-255,66,46234,15,192056
148,0.000347,74.125.24.0-255,1484,47718,15,192056
149,0.000352,172.31.36.0-255,66,47784,15,192056
150,0.000385,172.31.36.0-255,66,47850,15,192056
151,0.000402,74.125.24.0-255,5738,53588,15,192056
152,0.000405,172.31.36.0-255,66,53654,15,192056
153,0.000426,74.125.24.0-255,1437,55091,15,192056
154,0.000429,74.125.24.0-255,112,55203,15,192056
155,0.000432,74.125.24.0-255,329,55532,15,192056
156,0.000437,172.31.36.0-255,66,55598,15,192056
157,0.000723,74.125.24.0-255,1484,57082,15,192056
158,0.000729,74.125.24.0-255,2902,59984,15,192056
159,0.000732,172.31.36.0-255,66,60050,15,192056
160,0.000739,74.125.24.0-255,5738,65788,15,192056
161,0.000741,172.31.36.0-255,66,65854,15,192056
162,0.000761,74.125.24.0-255,7156,73010,15,192056
163,0.000764,172.31.36.0-255,66,73076,15,192056
164,0.000797,172.31.36.0-255,66,73142,15,192056
165,0.000821,74.125.24.0-255,2184,75326,15,192056
166,0.000825,172.31.36.0-255,66,75392,15,192056
167,0.001103,74.125.24.0-255,1484,76876,15,192056
168,0.001109,74.125.24.0-255,2902,79778,15,192056
169,0.001114,172.31.36.0-255,66,79844,15,192056
170,0.001131,74.125.24.0-255,5738,85582,15,192056
171,0.001134,172.31.36.0-255,66,85648,15,192056
172,0.001146,172.31.36.0-255,66,85714,15,192056
173,0.001168,74.125.24.0-255,2902,88616,15,192056
174,0.001171,172.31.36.0-255,66,88682,15,192056
175,0.001183,172.31.36.0-255,66,88748,15,192056
176,0.001208,74.125.24.0-255,7156,95904,15,192056
177,0.001211,172.31.36.0-255,66,95970,15,192056
178,0.001233,74.125.24.0-255,4320,100290,15,192056
179,0.001236,172.31.36.0-255,66,100356,15,192056
180,0.001249,172.31.36.0-255,66,100422,15,192056
181,0.001268,74.125.24.0-255,1484,101906,15,192056
182,0.001305,172.31.36.0-255,66,101972,15,192056
183,0.001323,74.125.24.0-255,1484,103456,15,192056
184,0.001327,74.125.24.0-255,1484,104940,15,192056
185,0.00133,172.31.36.0-255,66,105006,15,192056
186,0.001347,74.125.24.0-255,1484,106490,15,192056
187,0.001354,74.125.24.0-255,5738,112228,15,192056
188,0.001357,172.31.36.0-255,66,112294,15,192056
189,0.001384,74.125.24.0-255,7156,119450,15,192056
190,0.001387,172.31.36.0-255,66,119516,15,192056
191,0.001412,74.125.24.0-255,5738,125254,15,192056
192,0.001415,172.31.36.0-255,66,125320,15,192056
193,0.001426,172.31.36.0-255,66,125386,15,192056
194,0.00143,74.125.24.0-255,2184,127570,15,192056
195,0.001433,172.31.36.0-255,66,127636,15,192056
196,0.001498,74.125.24.0-255,1484,129120,15,192056
197,0.001503,74.125.24.0-255,2902,132022,15,192056
198,0.001506,172.31.36.0-255,66,132088,15,192056
199,0.001529,74.125.24.0-255,5738,137826,15,192056
200,0.001533,172.31.36.0-255,66,137892,15,192056
201,0.001539,74.125.24.0-255,7156,145048,15,192056
202,0.001542,172.31.36.0-255,66,145114,15,192056
203,0.001586,172.31.36.0-255,66,145180,15,192056
204,0.00159,74.125.24.0-255,2184,147364,15,192056
205,0.001593,172.31.36.0-255,66,147430,15,192056
206,0.001694,74.125.24.0-255,1484,148914,15,192056
207,0.0017,74.125.24.0-255,2902,151816,15,192056
208,0.001703,172.31.36.0-255,66,151882,15,192056
209,0.001707,74.125.24.0-255,1484,153366,15,192056
210,0.001726,74.125.24.0-255,4320,157686,15,192056
211,0.001728,74.125.24.0-255,1484,159170,15,192056
212,0.00173,172.31.36.0-255,66,159236,15,192056
213,0.001769,172.31.36.0-255,66,159302,15,192056
214,0.001786,74.125.24.0-255,4320,163622,15,192056
215,0.001789,172.31.36.0-255,66,163688,15,192056
216,0.00181,74.125.24.0-255,6438,170126,15,192056
217,0.001814,172.31.36.0-255,66,170192,15,192056
218,0.003836,74.125.24.0-255,5738,175930,15,192056
219,0.003843,172.31.36.0-255,66,175996,15,192056
220,0.005875,74.125.24.0-255,4320,180316,15,192056
221,0.005878,172.31.36.0-255,66,180382,15,192056
222,0.005893,74.125.24.0-255,1484,181866,15,192056
223,0.007913,74.125.24.0-255,4320,186186,15,192056
224,0.007919,172.31.36.0-255,66,186252,15,192056
225,0.009973,74.125.24.0-255,5738,191990,15,192056
226,0.009981,172.31.36.0-255,66,192056,15,192056
227,0.0,74.125.68.0-255,155,155,15,116837
228,3.7e-05,172.31.36.0-255,66,221,15,116837
229,4.3e-05,74.125.68.0-255,1484,1705,15,116837
230,4.8e-05,172.31.36.0-255,66,1771,15,116837
231,5.3e-05,74.125.68.0-255,2902,4673,15,116837
232,5.6e-05,172.31.36.0-255,66,4739,15,116837
233,6.2e-05,74.125.68.0-255,5738,10477,15,116837
234,6.6e-05,172.31.36.0-255,66,10543,15,116837
235,7.1e-05,74.125.68.0-255,3359,13902,15,116837
236,7.4e-05,172.31.36.0-255,66,13968,15,116837
237,0.000115,74.125.68.0-255,1484,15452,15,116837
238,0.00012,172.31.36.0-255,66,15518,15,116837
239,0.000126,74.125.68.0-255,2902,18420,15,116837
240,0.000128,172.31.36.0-255,66,18486,15,116837
241,0.000161,74.125.68.0-255,5738,24224,15,116837
242,0.000167,172.31.36.0-255,66,24290,15,116837
243,0.000174,74.125.68.0-255,6797,31087,15,116837
244,0.000176,172.31.36.0-255,66,31153,15,116837
245,0.00028,74.125.68.0-255,1484,32637,15,116837
246,0.000285,172.31.36.0-255,66,32703,15,116837
247,0.000292,74.125.68.0-255,2902,35605,15,116837
248,0.000295,172.31.36.0-255,66,35671,15,116837
249,0.000298,74.125.68.0-255,1484,37155,15,116837
250,0.0003,172.31.36.0-255,66,37221,15,116837
251,0.000324,74.125.68.0-255,4320,41541,15,116837
252,0.000328,172.31.36.0-255,66,41607,15,116837
253,0.000332,74.125.68.0-255,2902,44509,15,116837
254,0.000335,172.31.36.0-255,66,44575,15,116837
255,0.000341,74.125.68.0-255,3961,48536,15,116837
256,0.000343,172.31.36.0-255,66,48602,15,116837
257,0.00037,74.125.68.0-255,2902,51504,15,116837
258,0.000374,172.31.36.0-255,66,51570,15,116837
259,0.000393,74.125.68.0-255,4320,55890,15,116837
260,0.0004,172.31.36.0-255,66,55956,15,116837
261,0.000404,172.31.36.0-255,66,56022,15,116837
262,0.000417,74.125.68.0-255,1125,57147,15,116837
263,0.000512,74.125.68.0-255,412,57559,15,116837
264,0.000554,74.125.68.0-255,332,57891,15,116837
265,0.00056,172.31.36.0-255,66,57957,15,116837
266,0.00124,74.125.68.0-255,1484,59441,15,116837
267,0.001261,74.125.68.0-255,2902,62343,15,116837
268,0.001266,172.31.36.0-255,66,62409,15,116837
269,0.001273,74.125.68.0-255,5738,68147,15,116837
270,0.001276,172.31.36.0-255,66,68213,15,116837
271,0.001304,74.125.68.0-255,5738,73951,15,116837
272,0.001307,172.31.36.0-255,66,74017,15,116837
273,0.001334,74.125.68.0-255,4320,78337,15,116837
274,0.001339,172.31.36.0-255,66,78403,15,116837
275,0.001352,172.31.36.0-255,66,78469,15,116837
276,0.001357,74.125.68.0-255,2184,80653,15,116837
277,0.00136,172.31.36.0-255,66,80719,15,116837
278,0.002432,74.125.68.0-255,1484,82203,15,116837
279,0.002456,74.125.68.0-255,2902,85105,15,116837
280,0.002462,172.31.36.0-255,66,85171,15,116837
281,0.002466,74.125.68.0-255,1484,86655,15,116837
282,0.00247,74.125.68.0-255,2902,89557,15,116837
283,0.002472,172.31.36.0-255,66,89623,15,116837
284,0.002475,74.125.68.0-255,1484,91107,15,116837
285,0.002503,74.125.68.0-255,4320,95427,15,116837
286,0.002507,172.31.36.0-255,66,95493,15,116837
287,0.002517,172.31.36.0-255,66,95559,15,116837
288,0.002522,74.125.68.0-255,2902,98461,15,116837
289,0.002524,172.31.36.0-255,66,98527,15,116837
290,0.002553,74.125.68.0-255,7156,105683,15,116837
291,0.002557,172.31.36.0-255,66,105749,15,116837
292,0.00256,74.125.68.0-255,766,106515,15,116837
293,0.002768,172.31.36.0-255,66,106581,15,116837
294,0.005102,74.125.68.0-255,4320,110901,15,116837
295,0.005108,172.31.36.0-255,66,110967,15,116837
296,0.005321,74.125.68.0-255,1484,112451,15,116837
297,0.007661,74.125.68.0-255,4320,116771,15,116837
298,0.007668,172.31.36.0-255,66,116837,15,116837
299,0.0,172.217.194.0-255,431,431,15,68374
300,2.9e-05,172.217.194.0-255,1484,1915,15,68374
301,4.2e-05,172.31.36.0-255,66,1981,15,68374
302,5e-05,172.217.194.0-255,4320,6301,15,68374
303,5.2e-05,172.31.36.0-255,66,6367,15,68374
304,5.5e-05,172.217.194.0-255,1484,7851,15,68374
305,9.1e-05,172.217.194.0-255,6321,14172,15,68374
306,9.7e-05,172.31.36.0-255,66,14238,15,68374
307,0.000335,172.217.194.0-255,7156,21394,15,68374
308,0.000341,172.31.36.0-255,66,21460,15,68374
309,0.000367,172.217.194.0-255,1484,22944,15,68374
310,0.000679,172.217.194.0-255,5738,28682,15,68374
311,0.000685,172.31.36.0-255,66,28748,15,68374
312,0.002117,172.217.194.0-255,5738,34486,15,68374
313,0.002209,172.217.194.0-255,1484,35970,15,68374
314,0.002223,172.217.194.0-255,7156,43126,15,68374
315,0.002563,172.217.194.0-255,4320,47446,15,68374
316,0.003173,172.217.194.0-255,5738,53184,15,68374
317,0.003723,172.217.194.0-255,4320,57504,15,68374
318,0.004137,172.217.194.0-255,2902,60406,15,68374
319,0.007462,172.31.36.0-255,66,60472,15,68374
320,0.007557,172.31.36.0-255,66,60538,15,68374
321,0.007749,172.31.36.0-255,66,60604,15,68374
322,0.009571,172.31.36.0-255,66,60670,15,68374
323,0.009606,172.217.194.0-255,2902,63572,15,68374
324,0.00961,172.31.36.0-255,66,63638,15,68374
325,0.009708,172.217.194.0-255,3186,66824,15,68374
326,0.009713,172.31.36.0-255,66,66890,15,68374
327,0.009806,172.217.194.0-255,1484,68374,15,68374
328,0.0,74.125.24.0-255,153,153,15,125734
329,1.5e-05,172.31.36.0-255,66,219,15,125734
330,2.2e-05,74.125.24.0-255,1484,1703,15,125734
331,2.7e-05,172.31.36.0-255,66,1769,15,125734
332,3.3e-05,74.125.24.0-255,2902,4671,15,125734
333,3.7e-05,172.31.36.0-255,66,4737,15,125734
334,4.4e-05,74.125.24.0-255,4320,9057,15,125734
335,4.7e-05,172.31.36.0-255,66,9123,15,125734
336,6.5e-05,74.125.24.0-255,2902,12025,15,125734
337,6.8e-05,172.31.36.0-255,66,12091,15,125734
338,9.9e-05,74.125.24.0-255,2070,14161,15,125734
339,0.000102,172.31.36.0-255,66,14227,15,125734
340,0.000984,74.125.24.0-255,1484,15711,15,125734
341,0.000991,172.31.36.0-255,66,15777,15,125734
342,0.001002,74.125.24.0-255,2902,18679,15,125734
343,0.001006,172.31.36.0-255,66,18745,15,125734
344,0.001013,74.125.24.0-255,5738,24483,15,125734
345,0.001015,172.31.36.0-255,66,24549,15,125734
346,0.00102,74.125.24.0-255,2902,27451,15,125734
347,0.001022,172.31.36.0-255,66,27517,15,125734
348,0.001066,74.125.24.0-255,5738,33255,15,125734
349,0.001071,172.31.36.0-255,66,33321,15,125734
350,0.001085,74.125.24.0-255,5379,38700,15,125734
351,0.001088,172.31.36.0-255,66,38766,15,125734
352,0.001094,74.125.24.0-255,4320,43086,15,125734
353,0.001096,172.31.36.0-255,66,43152,15,125734
354,0.00113,172.31.36.0-255,66,43218,15,125734
355,0.001159,172.31.36.0-255,66,43284,15,125734
356,0.001165,74.125.24.0-255,5020,48304,15,125734
357,0.001167,172.31.36.0-255,66,48370,15,125734
358,0.001527,74.125.24.0-255,367,48737,15,125734
359,0.001534,74.125.24.0-255,375,49112,15,125734
360,0.001755,74.125.24.0-255,1484,50596,15,125734
361,0.001759,172.31.36.0-255,66,50662,15,125734
362,0.001765,74.125.24.0-255,2902,53564,15,125734
363,0.001768,172.31.36.0-255,66,53630,15,125734
364,0.001794,74.125.24.0-255,5738,59368,15,125734
365,0.001797,172.31.36.0-255,66,59434,15,125734
366,0.001802,74.125.24.0-255,2902,62336,15,125734
367,0.001804,172.31.36.0-255,66,62402,15,125734
368,0.001817,74.125.24.0-255,2902,65304,15,125734
369,0.001819,172.31.36.0-255,66,65370,15,125734
370,0.001822,74.125.24.0-255,1484,66854,15,125734
371,0.001858,172.31.36.0-255,66,66920,15,125734
372,0.001875,74.125.24.0-255,2902,69822,15,125734
373,0.001877,172.31.36.0-255,66,69888,15,125734
374,0.00188,74.125.24.0-255,766,70654,15,125734
375,0.001911,74.125.24.0-255,1484,72138,15,125734
376,0.001913,172.31.36.0-255,66,72204,15,125734
377,0.001983,74.125.24.0-255,2902,75106,15,125734
378,0.001987,172.31.36.0-255,66,75172,15,125734
379,0.001994,74.125.24.0-255,5738,80910,15,125734
380,0.001996,172.31.36.0-255,66,80976,15,125734
381,0.00201,172.31.36.0-255,66,81042,15,125734
382,0.002021,172.31.36.0-255,66,81108,15,125734
383,0.002043,74.125.24.0-255,1484,82592,15,125734
384,0.002081,172.31.36.0-255,66,82658,15,125734
385,0.002095,172.31.36.0-255,66,82724,15,125734
386,0.0021,74.125.24.0-255,2902,85626,15,125734
387,0.002103,172.31.36.0-255,66,85692,15,125734
388,0.002108,74.125.24.0-255,4320,90012,15,125734
389,0.002111,172.31.36.0-255,66,90078,15,125734
390,0.002118,74.125.24.0-255,7156,97234,15,125734
391,0.00212,172.31.36.0-255,66,97300,15,125734
392,0.002145,74.125.24.0-255,1484,98784,15,125734
393,0.002157,172.31.36.0-255,66,98850,15,125734
394,0.002174,74.125.24.0-255,4320,103170,15,125734
395,0.002176,172.31.36.0-255,66,103236,15,125734
396,0.002197,74.125.24.0-255,5020,108256,15,125734
397,0.0022,172.31.36.0-255,66,108322,15,125734
398,0.004531,74.125.24.0-255,5738,114060,15,125734
399,0.004538,172.31.36.0-255,66,114126,15,125734
400,0.006816,74.125.24.0-255,5738,119864,15,125734
401,0.006824,172.31.36.0-255,66,119930,15,125734
402,0.009129,74.125.24.0-255,5738,125668,15,125734
403,0.009137,172.31.36.0-255,66,125734,15,125734
404,0.0,74.125.24.0-255,153,153,15,237893
405,1.9e-05,172.31.36.0-255,66,219,15,237893
406,2.6e-05,74.125.24.0-255,1484,1703,15,237893
407,3.2e-05,172.31.36.0-255,66,1769,15,237893
408,3.8e-05,74.125.24.0-255,2902,4671,15,237893
409,4.2e-05,172.31.36.0-255,66,4737,15,237893
410,4.9e-05,74.125.24.0-255,7156,11893,15,237893
411,5.2e-05,172.31.36.0-255,66,11959,15,237893
412,5.6e-05,74.125.24.0-255,2075,14034,15,237893
413,5.9e-05,172.31.36.0-255,66,14100,15,237893
414,0.000156,74.125.24.0-255,1484,15584,15,237893
415,0.00016,172.31.36.0-255,66,15650,15,237893
416,0.000164,74.125.24.0-255,1484,17134,15,237893
417,0.000166,172.31.36.0-255,66,17200,15,237893
418,0.000179,74.125.24.0-255,1484,18684,15,237893
419,0.000181,172.31.36.0-255,66,18750,15,237893
420,0.000189,74.125.24.0-255,5738,24488,15,237893
421,0.000192,172.31.36.0-255,66,24554,15,237893
422,0.000223,74.125.24.0-255,6797,31351,15,237893
423,0.000225,172.31.36.0-255,66,31417,15,237893
424,0.000231,74.125.24.0-255,4320,35737,15,237893
425,0.000233,172.31.36.0-255,66,35803,15,237893
426,0.000258,172.31.36.0-255,66,35869,15,237893
427,0.000263,74.125.24.0-255,2902,38771,15,237893
428,0.000265,172.31.36.0-255,66,38837,15,237893
429,0.000302,172.31.36.0-255,66,38903,15,237893
430,0.000309,74.125.24.0-255,5738,44641,15,237893
431,0.000311,172.31.36.0-255,66,44707,15,237893
432,0.000324,74.125.24.0-255,1060,45767,15,237893
433,0.000326,172.31.36.0-255,66,45833,15,237893
434,0.000329,74.125.24.0-255,382,46215,15,237893
435,0.000422,74.125.24.0-255,1484,47699,15,237893
436,0.000426,74.125.24.0-255,1484,49183,15,237893
437,0.000446,74.125.24.0-255,1484,50667,15,237893
438,0.000453,74.125.24.0-255,5738,56405,15,237893
439,0.000458,74.125.24.0-255,4320,60725,15,237893
440,0.000504,74.125.24.0-255,2902,63627,15,237893
441,0.00051,74.125.24.0-255,4320,67947,15,237893
442,0.00053,74.125.24.0-255,3602,71549,15,237893
443,0.000537,172.31.36.0-255,66,71615,15,237893
444,0.000555,74.125.24.0-255,5738,77353,15,237893
445,0.000569,74.125.24.0-255,2902,80255,15,237893
446,0.000585,172.31.36.0-255,66,80321,15,237893
447,0.00061,74.125.24.0-255,1484,81805,15,237893
448,0.000623,74.125.24.0-255,2902,84707,15,237893
449,0.000632,172.31.36.0-255,66,84773,15,237893
450,0.000684,172.31.36.0-255,66,84839,15,237893
451,0.000705,74.125.24.0-255,2902,87741,15,237893
452,0.000719,74.125.24.0-255,1484,89225,15,237893
453,0.000724,172.31.36.0-255,66,89291,15,237893
454,0.000742,74.125.24.0-255,2902,92193,15,237893
455,0.000749,74.125.24.0-255,5738,97931,15,237893
456,0.000759,172.31.36.0-255,66,97997,15,237893
457,0.000778,172.31.36.0-255,66,98063,15,237893
458,0.00079,74.125.24.0-255,4320,102383,15,237893
459,0.000821,172.31.36.0-255,66,102449,15,237893
460,0.000888,74.125.24.0-255,1484,103933,15,237893
461,0.000904,74.125.24.0-255,2902,106835,15,237893
462,0.000929,74.125.24.0-255,5738,112573,15,237893
463,0.000965,74.125.24.0-255,1484,114057,15,237893
464,0.00099,74.125.24.0-255,4320,118377,15,237893
465,0.001001,172.31.36.0-255,66,118443,15,237893
466,0.001011,74.125.24.0-255,2902,121345,15,237893
467,0.001017,74.125.24.0-255,5020,126365,15,237893
468,0.001024,172.31.36.0-255,66,126431,15,237893
469,0.001226,74.125.24.0-255,1484,127915,15,237893
470,0.001232,74.125.24.0-255,2902,130817,15,237893
471,0.001245,74.125.24.0-255,2902,133719,15,237893
472,0.001257,74.125.24.0-255,2902,136621,15,237893
473,0.001265,172.31.36.0-255,66,136687,15,237893
474,0.001277,74.125.24.0-255,7156,143843,15,237893
475,0.001286,172.31.36.0-255,66,143909,15,237893
476,0.001294,74.125.24.0-255,5738,149647,15,237893
477,0.001298,74.125.24.0-255,4320,153967,15,237893
478,0.001315,74.125.24.0-255,6438,160405,15,237893
479,0.001328,172.31.36.0-255,66,160471,15,237893
480,0.001403,74.125.24.0-255,1484,161955,15,237893
481,0.001412,74.125.24.0-255,1484,163439,15,237893
482,0.001425,74.125.24.0-255,1484,164923,15,237893
483,0.001433,74.125.24.0-255,5738,170661,15,237893
484,0.00144,172.31.36.0-255,66,170727,15,237893
485,0.001452,74.125.24.0-255,7156,177883,15,237893
486,0.001455,74.125.24.0-255,1484,179367,15,237893
487,0.00146,172.31.36.0-255,66,179433,15,237893
488,0.00152,74.125.24.0-255,4320,183753,15,237893
489,0.001526,172.31.36.0-255,66,183819,15,237893
490,0.00155,74.125.24.0-255,7156,190975,15,237893
491,0.001565,172.31.36.0-255,66,191041,15,237893
492,0.001575,74.125.24.0-255,3602,194643,15,237893
493,0.001591,74.125.24.0-255,5738,200381,15,237893
494,0.001604,172.31.36.0-255,66,200447,15,237893
495,0.001633,172.31.36.0-255,66,200513,15,237893
496,0.001645,74.125.24.0-255,1484,201997,15,237893
497,0.001696,172.31.36.0-255,66,202063,15,237893
498,0.001713,74.125.24.0-255,1484,203547,15,237893
499,0.001719,74.125.24.0-255,4320,207867,15,237893
500,0.001728,172.31.36.0-255,66,207933,15,237893
501,0.001749,74.125.24.0-255,5738,213671,15,237893
502,0.001798,74.125.24.0-255,7156,220827,15,237893
503,0.001806,172.31.36.0-255,66,220893,15,237893
504,0.001817,74.125.24.0-255,2902,223795,15,237893
505,0.001822,74.125.24.0-255,3602,227397,15,237893
506,0.001829,74.125.24.0-255,7156,234553,15,237893
507,0.001846,74.125.24.0-255,3064,237617,15,237893
508,0.001849,74.125.24.0-255,105,237722,15,237893
509,0.001865,172.31.36.0-255,66,237788,15,237893
510,0.009579,172.31.36.0-255,105,237893,15,237893
511,0.0,74.125.24.0-255,153,153,15,122962
512,3.3e-05,172.31.36.0-255,66,219,15,122962
513,4e-05,74.125.24.0-255,1484,1703,15,122962
514,4.4e-05,172.31.36.0-255,66,1769,15,122962
515,4.8e-05,74.125.24.0-255,2902,4671,15,122962
516,5.1e-05,172.31.36.0-255,66,4737,15,122962
517,6.5e-05,74.125.24.0-255,7156,11893,15,122962
518,6.8e-05,172.31.36.0-255,66,11959,15,122962
519,7.2e-05,74.125.24.0-255,1976,13935,15,122962
520,7.4e-05,172.31.36.0-255,66,14001,15,122962
521,0.000108,74.125.24.0-255,2902,16903,15,122962
522,0.000111,172.31.36.0-255,66,16969,15,122962
523,0.000116,74.125.24.0-255,2902,19871,15,122962
524,0.000118,172.31.36.0-255,66,19937,15,122962
525,0.000151,74.125.24.0-255,7156,27093,15,122962
526,0.000155,172.31.36.0-255,66,27159,15,122962
527,0.000158,74.125.24.0-255,1484,28643,15,122962
528,0.00016,172.31.36.0-255,66,28709,15,122962
529,0.000186,74.125.24.0-255,2543,31252,15,122962
530,0.000189,172.31.36.0-255,66,31318,15,122962
531,0.000259,74.125.24.0-255,1484,32802,15,122962
532,0.000262,172.31.36.0-255,66,32868,15,122962
533,0.000267,74.125.24.0-255,2902,35770,15,122962
534,0.000269,172.31.36.0-255,66,35836,15,122962
535,0.000275,74.125.24.0-255,2902,38738,15,122962
536,0.000277,172.31.36.0-255,66,38804,15,122962
537,0.000309,74.125.24.0-255,2902,41706,15,122962
538,0.000312,172.31.36.0-255,66,41772,15,122962
539,0.000321,74.125.24.0-255,6797,48569,15,122962
540,0.000324,172.31.36.0-255,66,48635,15,122962
541,0.000361,74.125.24.0-255,7156,55791,15,122962
542,0.000365,172.31.36.0-255,66,55857,15,122962
543,0.000371,74.125.24.0-255,5738,61595,15,122962
544,0.000375,172.31.36.0-255,66,61661,15,122962
545,0.000408,74.125.24.0-255,4298,65959,15,122962
546,0.000411,172.31.36.0-255,66,66025,15,122962
547,0.000438,74.125.24.0-255,108,66133,15,122962
548,0.000441,74.125.24.0-255,331,66464,15,122962
549,0.000774,74.125.24.0-255,1484,67948,15,122962
550,0.00078,172.31.36.0-255,66,68014,15,122962
551,0.000786,74.125.24.0-255,2902,70916,15,122962
552,0.000789,172.31.36.0-255,66,70982,15,122962
553,0.000795,74.125.24.0-255,5738,76720,15,122962
554,0.000797,172.31.36.0-255,66,76786,15,122962
555,0.000841,172.31.36.0-255,66,76852,15,122962
556,0.000853,172.31.36.0-255,66,76918,15,122962
557,0.001121,74.125.24.0-255,1484,78402,15,122962
558,0.001128,74.125.24.0-255,2902,81304,15,122962
559,0.001132,172.31.36.0-255,66,81370,15,122962
560,0.001137,74.125.24.0-255,2902,84272,15,122962
561,0.001139,172.31.36.0-255,66,84338,15,122962
562,0.001161,74.125.24.0-255,7156,91494,15,122962
563,0.001164,172.31.36.0-255,66,91560,15,122962
564,0.001192,74.125.24.0-255,4320,95880,15,122962
565,0.001195,172.31.36.0-255,66,95946,15,122962
566,0.001228,172.31.36.0-255,66,96012,15,122962
567,0.001231,74.125.24.0-255,1484,97496,15,122962
568,0.001252,74.125.24.0-255,2184,99680,15,122962
569,0.001255,172.31.36.0-255,66,99746,15,122962
570,0.003239,74.125.24.0-255,5738,105484,15,122962
571,0.003246,172.31.36.0-255,66,105550,15,122962
572,0.005267,74.125.24.0-255,5738,111288,15,122962
573,0.005274,172.31.36.0-255,66,111354,15,122962
574,0.007267,74.125.24.0-255,5738,117092,15,122962
575,0.007273,172.31.36.0-255,66,117158,15,122962
576,0.00929,74.125.24.0-255,5738,122896,15,122962
577,0.009296,172.31.36.0-255,66,122962,15,122962
578,0.0,172.217.194.0-255,152,152,15,177468
579,2.3e-05,172.31.36.0-255,66,218,15,177468
580,3e-05,172.217.194.0-255,1484,1702,15,177468
581,3.5e-05,172.31.36.0-255,66,1768,15,177468
582,4.2e-05,172.217.194.0-255,2902,4670,15,177468
583,4.5e-05,172.31.36.0-255,66,4736,15,177468
584,5.2e-05,172.217.194.0-255,7156,11892,15,177468
585,5.5e-05,172.31.36.0-255,66,11958,15,177468
586,5.9e-05,172.217.194.0-255,2000,13958,15,177468
587,6.2e-05,172.31.36.0-255,66,14024,15,177468
588,0.000175,172.217.194.0-255,1484,15508,15,177468
589,0.000179,172.31.36.0-255,66,15574,15,177468
590,0.000185,172.217.194.0-255,2902,18476,15,177468
591,0.000188,172.31.36.0-255,66,18542,15,177468
592,0.000194,172.217.194.0-255,5738,24280,15,177468
593,0.000196,172.31.36.0-255,66,24346,15,177468
594,0.000224,172.217.194.0-255,7156,31502,15,177468
595,0.000227,172.31.36.0-255,66,31568,15,177468
596,0.000252,172.217.194.0-255,6797,38365,15,177468
597,0.000255,172.31.36.0-255,66,38431,15,177468
598,0.00027,172.31.36.0-255,66,38497,15,177468
599,0.000276,172.217.194.0-255,5738,44235,15,177468
600,0.000278,172.31.36.0-255,66,44301,15,177468
601,0.000294,172.217.194.0-255,6438,50739,15,177468
602,0.000297,172.31.36.0-255,66,50805,15,177468
603,0.000299,172.217.194.0-255,364,51169,15,177468
604,0.000301,172.31.36.0-255,66,51235,15,177468
605,0.000304,172.217.194.0-255,381,51616,15,177468
606,0.000306,172.31.36.0-255,66,51682,15,177468
607,0.000628,172.217.194.0-255,1484,53166,15,177468
608,0.000633,172.31.36.0-255,66,53232,15,177468
609,0.000655,172.217.194.0-255,2902,56134,15,177468
610,0.000658,172.31.36.0-255,66,56200,15,177468
611,0.000664,172.217.194.0-255,5738,61938,15,177468
612,0.000666,172.31.36.0-255,66,62004,15,177468
613,0.000681,172.31.36.0-255,66,62070,15,177468
614,0.000692,172.31.36.0-255,66,62136,15,177468
615,0.000725,172.217.194.0-255,2184,64320,15,177468
616,0.000728,172.31.36.0-255,66,64386,15,177468
617,0.00129,172.217.194.0-255,1484,65870,15,177468
618,0.001297,172.217.194.0-255,2902,68772,15,177468
619,0.0013,172.31.36.0-255,66,68838,15,177468
620,0.001313,172.217.194.0-255,1484,70322,15,177468
621,0.00133,172.217.194.0-255,4320,74642,15,177468
622,0.001333,172.31.36.0-255,66,74708,15,177468
623,0.001338,172.217.194.0-255,2902,77610,15,177468
624,0.001339,172.31.36.0-255,66,77676,15,177468
625,0.001356,172.217.194.0-255,5738,83414,15,177468
626,0.001359,172.31.36.0-255,66,83480,15,177468
627,0.001397,172.217.194.0-255,5738,89218,15,177468
628,0.0014,172.31.36.0-255,66,89284,15,177468
629,0.001432,172.31.36.0-255,66,89350,15,177468
630,0.001439,172.217.194.0-255,5738,95088,15,177468
631,0.001441,172.31.36.0-255,66,95154,15,177468
632,0.00146,172.217.194.0-255,4320,99474,15,177468
633,0.001481,172.31.36.0-255,66,99540,15,177468
634,0.001484,172.31.36.0-255,66,99606,15,177468
635,0.001495,172.31.36.0-255,66,99672,15,177468
636,0.001514,172.217.194.0-255,2902,102574,15,177468
637,0.001517,172.31.36.0-255,66,102640,15,177468
638,0.001539,172.217.194.0-255,766,103406,15,177468
639,0.001542,172.217.194.0-255,1484,104890,15,177468
640,0.001545,172.31.36.0-255,66,104956,15,177468
641,0.001565,172.217.194.0-255,4320,109276,15,177468
642,0.001568,172.31.36.0-255,66,109342,15,177468
643,0.001591,172.217.194.0-255,7156,116498,15,177468
644,0.001593,172.31.36.0-255,66,116564,15,177468
645,0.001639,172.31.36.0-255,66,116630,15,177468
646,0.001665,172.31.36.0-255,66,116696,15,177468
647,0.001807,172.217.194.0-255,1484,118180,15,177468
648,0.001812,172.217.194.0-255,2902,121082,15,177468
649,0.001819,172.31.36.0-255,66,121148,15,177468
650,0.001833,172.217.194.0-255,5738,126886,15,177468
651,0.001836,172.31.36.0-255,66,126952,15,177468
652,0.001843,172.217.194.0-255,5738,132690,15,177468
653,0.001845,172.31.36.0-255,66,132756,15,177468
654,0.001872,172.217.194.0-255,2902,135658,15,177468
655,0.001875,172.31.36.0-255,66,135724,15,177468
656,0.001886,172.31.36.0-255,66,135790,15,177468
657,0.001892,172.217.194.0-255,5020,140810,15,177468
658,0.001894,172.31.36.0-255,66,140876,15,177468
659,0.001939,172.217.194.0-255,1484,142360,15,177468
660,0.001944,172.217.194.0-255,2902,145262,15,177468
661,0.001946,172.31.36.0-255,66,145328,15,177468
662,0.001968,172.217.194.0-255,5738,151066,15,177468
663,0.001971,172.31.36.0-255,66,151132,15,177468
664,0.001974,172.217.194.0-255,1484,152616,15,177468
665,0.002007,172.31.36.0-255,66,152682,15,177468
666,0.002018,172.31.36.0-255,66,152748,15,177468
667,0.002048,172.217.194.0-255,1484,154232,15,177468
668,0.002087,172.31.36.0-255,66,154298,15,177468
669,0.002133,172.31.36.0-255,66,154364,15,177468
670,0.00216,172.31.36.0-255,66,154430,15,177468
671,0.002175,172.31.36.0-255,66,154496,15,177468
672,0.002196,172.31.36.0-255,66,154562,15,177468
673,0.002231,172.31.36.0-255,66,154628,15,177468
674,0.002259,172.217.194.0-255,6438,161066,15,177468
675,0.002262,172.31.36.0-255,66,161132,15,177468
676,0.002268,172.217.194.0-255,5738,166870,15,177468
677,0.00227,172.31.36.0-255,66,166936,15,177468
678,0.002277,172.217.194.0-255,7156,174092,15,177468
679,0.002281,172.31.36.0-255,66,174158,15,177468
680,0.002302,172.217.194.0-255,2902,177060,15,177468
681,0.002305,172.31.36.0-255,66,177126,15,177468
682,0.002325,172.31.36.0-255,66,177192,15,177468
683,0.00234,172.217.194.0-255,105,177297,15,177468
684,0.008844,172.31.36.0-255,66,177363,15,177468
685,0.008883,172.31.36.0-255,105,177468,15,177468
686,0.0,172.217.194.0-255,143,143,15,164197
687,1.9e-05,172.31.36.0-255,66,209,15,164197
688,2.6e-05,172.217.194.0-255,1484,1693,15,164197
689,3e-05,172.31.36.0-255,66,1759,15,164197
690,3.6e-05,172.217.194.0-255,2902,4661,15,164197
691,4.8e-05,172.31.36.0-255,66,4727,15,164197
692,6.4e-05,172.217.194.0-255,2902,7629,15,164197
693,6.8e-05,172.31.36.0-255,66,7695,15,164197
694,8.9e-05,172.217.194.0-255,2902,10597,15,164197
695,9.2e-05,172.31.36.0-255,66,10663,15,164197
696,0.000103,172.217.194.0-255,3498,14161,15,164197
697,0.000105,172.31.36.0-255,66,14227,15,164197
698,0.000314,172.217.194.0-255,1484,15711,15,164197
699,0.000319,172.31.36.0-255,66,15777,15,164197
700,0.000326,172.217.194.0-255,2902,18679,15,164197
701,0.000329,172.31.36.0-255,66,18745,15,164197
702,0.000358,172.217.194.0-255,5738,24483,15,164197
703,0.000361,172.31.36.0-255,66,24549,15,164197
704,0.000414,172.217.194.0-255,6797,31346,15,164197
705,0.000417,172.31.36.0-255,66,31412,15,164197
706,0.00052,172.217.194.0-255,1484,32896,15,164197
707,0.000524,172.31.36.0-255,66,32962,15,164197
708,0.00053,172.217.194.0-255,2902,35864,15,164197
709,0.000532,172.31.36.0-255,66,35930,15,164197
710,0.000561,172.217.194.0-255,5738,41668,15,164197
711,0.000565,172.31.36.0-255,66,41734,15,164197
712,0.000568,172.217.194.0-255,1484,43218,15,164197
713,0.00057,172.31.36.0-255,66,43284,15,164197
714,0.000626,172.217.194.0-255,5379,48663,15,164197
715,0.00063,172.31.36.0-255,66,48729,15,164197
716,0.000707,172.217.194.0-255,1484,50213,15,164197
717,0.00071,172.31.36.0-255,66,50279,15,164197
718,0.00073,172.217.194.0-255,2902,53181,15,164197
719,0.000733,172.31.36.0-255,66,53247,15,164197
720,0.000738,172.217.194.0-255,4320,57567,15,164197
721,0.000741,172.31.36.0-255,66,57633,15,164197
722,0.000771,172.217.194.0-255,1484,59117,15,164197
723,0.00078,172.217.194.0-255,6797,65914,15,164197
724,0.000783,172.31.36.0-255,66,65980,15,164197
725,0.000893,172.217.194.0-255,647,66627,15,164197
726,0.001127,172.217.194.0-255,1484,68111,15,164197
727,0.001132,172.31.36.0-255,66,68177,15,164197
728,0.001168,172.217.194.0-255,1484,69661,15,164197
729,0.001202,172.217.194.0-255,2902,72563,15,164197
730,0.001207,172.31.36.0-255,66,72629,15,164197
731,0.001239,172.217.194.0-255,5738,78367,15,164197
732,0.001243,172.217.194.0-255,2902,81269,15,164197
733,0.001247,172.217.194.0-255,4320,85589,15,164197
734,0.001251,172.31.36.0-255,66,85655,15,164197
735,0.001254,172.31.36.0-255,66,85721,15,164197
736,0.001257,172.31.36.0-255,66,85787,15,164197
737,0.001291,172.31.36.0-255,66,85853,15,164197
738,0.001298,172.217.194.0-255,6438,92291,15,164197
739,0.0013,172.31.36.0-255,66,92357,15,164197
740,0.001711,172.217.194.0-255,1484,93841,15,164197
741,0.001732,172.217.194.0-255,2902,96743,15,164197
742,0.001736,172.31.36.0-255,66,96809,15,164197
743,0.001766,172.217.194.0-255,5738,102547,15,164197
744,0.001769,172.31.36.0-255,66,102613,15,164197
745,0.001812,172.217.194.0-255,4320,106933,15,164197
746,0.001816,172.31.36.0-255,66,106999,15,164197
747,0.00184,172.217.194.0-255,2902,109901,15,164197
748,0.001842,172.31.36.0-255,66,109967,15,164197
749,0.001853,172.31.36.0-255,66,110033,15,164197
750,0.001891,172.217.194.0-255,7156,117189,15,164197
751,0.001894,172.31.36.0-255,66,117255,15,164197
752,0.001918,172.217.194.0-255,766,118021,15,164197
753,0.002292,172.217.194.0-255,1484,119505,15,164197
754,0.002298,172.31.36.0-255,66,119571,15,164197
755,0.002324,172.217.194.0-255,2902,122473,15,164197
756,0.002327,172.31.36.0-255,66,122539,15,164197
757,0.002363,172.217.194.0-255,4320,126859,15,164197
758,0.002365,172.31.36.0-255,66,126925,15,164197
759,0.002393,172.217.194.0-255,1484,128409,15,164197
760,0.002405,172.31.36.0-255,66,128475,15,164197
761,0.002441,172.31.36.0-255,66,128541,15,164197
762,0.002467,172.217.194.0-255,5020,133561,15,164197
763,0.00247,172.31.36.0-255,66,133627,15,164197
764,0.002511,172.217.194.0-255,5738,139365,15,164197
765,0.002514,172.31.36.0-255,66,139431,15,164197
766,0.002518,172.217.194.0-255,1484,140915,15,164197
767,0.002545,172.217.194.0-255,5738,146653,15,164197
768,0.002547,172.31.36.0-255,66,146719,15,164197
769,0.002554,172.217.194.0-255,5738,152457,15,164197
770,0.002556,172.31.36.0-255,66,152523,15,164197
771,0.002579,172.217.194.0-255,1484,154007,15,164197
772,0.005125,172.217.194.0-255,4320,158327,15,164197
773,0.005133,172.31.36.0-255,66,158393,15,164197
774,0.007673,172.217.194.0-255,5738,164131,15,164197
775,0.00768,172.31.36.0-255,66,164197,15,164197
776,0.0,172.217.160.0-255,147,147,15,176284
777,3.4e-05,172.31.36.0-255,66,213,15,176284
778,4.1e-05,172.217.160.0-255,1484,1697,15,176284
779,4.5e-05,172.31.36.0-255,66,1763,15,176284
780,5e-05,172.217.160.0-255,2902,4665,15,176284
781,5.2e-05,172.31.36.0-255,66,4731,15,176284
782,6.6e-05,172.217.160.0-255,5738,10469,15,176284
783,6.8e-05,172.31.36.0-255,66,10535,15,176284
784,7.4e-05,172.217.160.0-255,6309,16844,15,176284
785,7.6e-05,172.31.36.0-255,66,16910,15,176284
786,9e-05,172.31.36.0-255,66,16976,15,176284
787,0.000143,172.31.36.0-255,66,17042,15,176284
788,0.000172,172.217.160.0-255,1484,18526,15,176284
789,0.000174,172.31.36.0-255,66,18592,15,176284
790,0.00018,172.217.160.0-255,2543,21135,15,176284
791,0.000182,172.31.36.0-255,66,21201,15,176284
792,0.000254,172.217.160.0-255,1484,22685,15,176284
793,0.000257,172.31.36.0-255,66,22751,15,176284
794,0.000285,172.217.160.0-255,2902,25653,15,176284
795,0.000288,172.31.36.0-255,66,25719,15,176284
796,0.000294,172.217.160.0-255,4320,30039,15,176284
797,0.000298,172.31.36.0-255,66,30105,15,176284
798,0.000339,172.217.160.0-255,5738,35843,15,176284
799,0.000342,172.31.36.0-255,66,35909,15,176284
800,0.000361,172.217.160.0-255,2543,38452,15,176284
801,0.000367,172.31.36.0-255,66,38518,15,176284
802,0.000426,172.217.160.0-255,336,38854,15,176284
803,0.00043,172.31.36.0-255,66,38920,15,176284
804,0.000821,172.217.160.0-255,406,39326,15,176284
805,0.000827,172.31.36.0-255,66,39392,15,176284
806,0.000911,172.217.160.0-255,1484,40876,15,176284
807,0.000921,172.217.160.0-255,2902,43778,15,176284
808,0.000924,172.31.36.0-255,66,43844,15,176284
809,0.000931,172.217.160.0-255,5738,49582,15,176284
810,0.000933,172.31.36.0-255,66,49648,15,176284
811,0.000938,172.217.160.0-255,2902,52550,15,176284
812,0.000941,172.31.36.0-255,66,52616,15,176284
813,0.000979,172.217.160.0-255,3961,56577,15,176284
814,0.000983,172.31.36.0-255,66,56643,15,176284
815,0.001005,172.31.36.0-255,66,56709,15,176284
816,0.00101,172.217.160.0-255,2543,59252,15,176284
817,0.001012,172.31.36.0-255,66,59318,15,176284
818,0.001069,172.217.160.0-255,1484,60802,15,176284
819,0.001076,172.217.160.0-255,2902,63704,15,176284
820,0.001079,172.31.36.0-255,66,63770,15,176284
821,0.001085,172.217.160.0-255,4320,68090,15,176284
822,0.001087,172.31.36.0-255,66,68156,15,176284
823,0.001105,172.217.160.0-255,1484,69640,15,176284
824,0.001116,172.217.160.0-255,4320,73960,15,176284
825,0.001119,172.31.36.0-255,66,74026,15,176284
826,0.001132,172.31.36.0-255,66,74092,15,176284
827,0.001178,172.31.36.0-255,66,74158,15,176284
828,0.001248,172.217.160.0-255,1484,75642,15,176284
829,0.001254,172.217.160.0-255,2902,78544,15,176284
830,0.001257,172.31.36.0-255,66,78610,15,176284
831,0.001263,172.217.160.0-255,5738,84348,15,176284
832,0.001265,172.31.36.0-255,66,84414,15,176284
833,0.001284,172.31.36.0-255,66,84480,15,176284
834,0.001295,172.31.36.0-255,66,84546,15,176284
835,0.001669,172.217.160.0-255,1484,86030,15,176284
836,0.001675,172.217.160.0-255,2902,88932,15,176284
837,0.001679,172.31.36.0-255,66,88998,15,176284
838,0.00171,172.217.160.0-255,4320,93318,15,176284
839,0.001713,172.31.36.0-255,66,93384,15,176284
840,0.001723,172.31.36.0-255,66,93450,15,176284
841,0.001732,172.217.160.0-255,4320,97770,15,176284
842,0.001734,172.31.36.0-255,66,97836,15,176284
843,0.001757,172.217.160.0-255,2902,100738,15,176284
844,0.00176,172.31.36.0-255,66,100804,15,176284
845,0.00179,172.31.36.0-255,66,100870,15,176284
846,0.001796,172.217.160.0-255,5738,106608,15,176284
847,0.001798,172.31.36.0-255,66,106674,15,176284
848,0.001823,172.217.160.0-255,7156,113830,15,176284
849,0.00183,172.31.36.0-255,66,113896,15,176284
850,0.001833,172.217.160.0-255,1484,115380,15,176284
851,0.001838,172.217.160.0-255,4320,119700,15,176284
852,0.001839,172.31.36.0-255,66,119766,15,176284
853,0.001853,172.31.36.0-255,66,119832,15,176284
854,0.002016,172.217.160.0-255,1484,121316,15,176284
855,0.00202,172.217.160.0-255,2902,124218,15,176284
856,0.002023,172.31.36.0-255,66,124284,15,176284
857,0.002027,172.217.160.0-255,2902,127186,15,176284
858,0.002029,172.31.36.0-255,66,127252,15,176284
859,0.002053,172.217.160.0-255,2902,130154,15,176284
860,0.002056,172.31.36.0-255,66,130220,15,176284
861,0.002071,172.217.160.0-255,7156,137376,15,176284
862,0.002074,172.31.36.0-255,66,137442,15,176284
863,0.002086,172.31.36.0-255,66,137508,15,176284
864,0.002115,172.217.160.0-255,5020,142528,15,176284
865,0.002118,172.31.36.0-255,66,142594,15,176284
866,0.00212,172.217.160.0-255,1484,144078,15,176284
867,0.002142,172.217.160.0-255,2902,146980,15,176284
868,0.002144,172.31.36.0-255,66,147046,15,176284
869,0.002182,172.217.160.0-255,5738,152784,15,176284
870,0.002184,172.31.36.0-255,66,152850,15,176284
871,0.002194,172.31.36.0-255,66,152916,15,176284
872,0.002215,172.217.160.0-255,4320,157236,15,176284
873,0.002218,172.31.36.0-255,66,157302,15,176284
874,0.002225,172.217.160.0-255,7156,164458,15,176284
875,0.002227,172.31.36.0-255,66,164524,15,176284
876,0.002232,172.217.160.0-255,3602,168126,15,176284
877,0.002234,172.31.36.0-255,66,168192,15,176284
878,0.002239,172.217.160.0-255,4320,172512,15,176284
879,0.002241,172.31.36.0-255,66,172578,15,176284
880,0.002278,172.31.36.0-255,66,172644,15,176284
881,0.002292,172.31.36.0-255,66,172710,15,176284
882,0.002364,172.31.36.0-255,66,172776,15,176284
883,0.002384,172.31.36.0-255,66,172842,15,176284
884,0.002387,172.217.160.0-255,1484,174326,15,176284
885,0.002428,172.31.36.0-255,66,174392,15,176284
886,0.002431,172.217.160.0-255,1484,175876,15,176284
887,0.002463,172.31.36.0-255,66,175942,15,176284
888,0.002466,172.217.160.0-255,105,176047,15,176284
889,0.005827,172.31.36.0-255,66,176113,15,176284
890,0.005854,172.31.36.0-255,105,176218,15,176284
891,0.007451,172.217.160.0-255,66,176284,15,176284
892,0.0,172.217.194.0-255,149,149,15,160368
893,3.6e-05,172.31.36.0-255,66,215,15,160368
894,4.3e-05,172.217.194.0-255,1484,1699,15,160368
895,4.8e-05,172.31.36.0-255,66,1765,15,160368
896,5.4e-05,172.217.194.0-255,2902,4667,15,160368
897,6.6e-05,172.31.36.0-255,66,4733,15,160368
898,7.3e-05,172.217.194.0-255,7156,11889,15,160368
899,7.6e-05,172.31.36.0-255,66,11955,15,160368
900,9.9e-05,172.217.194.0-255,4320,16275,15,160368
901,0.000102,172.31.36.0-255,66,16341,15,160368
902,0.000132,172.31.36.0-255,66,16407,15,160368
903,0.000136,172.217.194.0-255,2543,18950,15,160368
904,0.000139,172.31.36.0-255,66,19016,15,160368
905,0.000143,172.217.194.0-255,2902,21918,15,160368
906,0.000145,172.31.36.0-255,66,21984,15,160368
907,0.000188,172.217.194.0-255,7156,29140,15,160368
908,0.000192,172.31.36.0-255,66,29206,15,160368
909,0.000199,172.217.194.0-255,6797,36003,15,160368
910,0.000202,172.31.36.0-255,66,36069,15,160368
911,0.000617,172.217.194.0-255,1484,37553,15,160368
912,0.000622,172.217.194.0-255,1484,39037,15,160368
913,0.000624,172.31.36.0-255,66,39103,15,160368
914,0.000628,172.31.36.0-255,66,39169,15,160368
915,0.000658,172.217.194.0-255,1484,40653,15,160368
916,0.000666,172.31.36.0-255,66,40719,15,160368
917,0.000673,172.217.194.0-255,5738,46457,15,160368
918,0.000676,172.31.36.0-255,66,46523,15,160368
919,0.000681,172.217.194.0-255,4320,50843,15,160368
920,0.000683,172.31.36.0-255,66,50909,15,160368
921,0.000717,172.217.194.0-255,3122,54031,15,160368
922,0.00072,172.31.36.0-255,66,54097,15,160368
923,0.000748,172.217.194.0-255,2902,56999,15,160368
924,0.000751,172.31.36.0-255,66,57065,15,160368
925,0.000768,172.217.194.0-255,1484,58549,15,160368
926,0.000773,172.217.194.0-255,2902,61451,15,160368
927,0.000776,172.31.36.0-255,66,61517,15,160368
928,0.0008,172.217.194.0-255,2902,64419,15,160368
929,0.000802,172.31.36.0-255,66,64485,15,160368
930,0.00081,172.217.194.0-255,7156,71641,15,160368
931,0.000812,172.31.36.0-255,66,71707,15,160368
932,0.000837,172.217.194.0-255,5379,77086,15,160368
933,0.00084,172.31.36.0-255,66,77152,15,160368
934,0.000872,172.31.36.0-255,66,77218,15,160368
935,0.000902,172.217.194.0-255,2543,79761,15,160368
936,0.000905,172.31.36.0-255,66,79827,15,160368
937,0.001089,172.217.194.0-255,1484,81311,15,160368
938,0.00111,172.217.194.0-255,2902,84213,15,160368
939,0.001113,172.31.36.0-255,66,84279,15,160368
940,0.00112,172.217.194.0-255,4320,88599,15,160368
941,0.001122,172.31.36.0-255,66,88665,15,160368
942,0.001146,172.217.194.0-255,1484,90149,15,160368
943,0.001167,172.217.194.0-255,6235,96384,15,160368
944,0.00117,172.31.36.0-255,66,96450,15,160368
945,0.001233,172.217.194.0-255,1484,97934,15,160368
946,0.001259,172.217.194.0-255,2902,100836,15,160368
947,0.001262,172.31.36.0-255,66,100902,15,160368
948,0.001305,172.217.194.0-255,5738,106640,15,160368
949,0.001309,172.31.36.0-255,66,106706,15,160368
950,0.001339,172.217.194.0-255,4320,111026,15,160368
951,0.001342,172.31.36.0-255,66,111092,15,160368
952,0.001369,172.217.194.0-255,2902,113994,15,160368
953,0.001373,172.31.36.0-255,66,114060,15,160368
954,0.001374,172.217.194.0-255,4320,118380,15,160368
955,0.001376,172.31.36.0-255,66,118446,15,160368
956,0.001385,172.217.194.0-255,2902,121348,15,160368
957,0.001388,172.31.36.0-255,66,121414,15,160368
958,0.001403,172.31.36.0-255,66,121480,15,160368
959,0.001406,172.217.194.0-255,766,122246,15,160368
960,0.001575,172.31.36.0-255,66,122312,15,160368
961,0.001971,172.217.194.0-255,1484,123796,15,160368
962,0.001981,172.217.194.0-255,2902,126698,15,160368
963,0.001985,172.31.36.0-255,66,126764,15,160368
964,0.001991,172.217.194.0-255,2902,129666,15,160368
965,0.001993,172.31.36.0-255,66,129732,15,160368
966,0.002024,172.217.194.0-255,2902,132634,15,160368
967,0.002027,172.31.36.0-255,66,132700,15,160368
968,0.002034,172.217.194.0-255,7156,139856,15,160368
969,0.002037,172.31.36.0-255,66,139922,15,160368
970,0.002041,172.217.194.0-255,2902,142824,15,160368
971,0.002044,172.31.36.0-255,66,142890,15,160368
972,0.002068,172.217.194.0-255,5738,148628,15,160368
973,0.002072,172.31.36.0-255,66,148694,15,160368
974,0.002081,172.31.36.0-255,66,148760,15,160368
975,0.004723,172.217.194.0-255,5738,154498,15,160368
976,0.004729,172.31.36.0-255,66,154564,15,160368
977,0.007353,172.217.194.0-255,5738,160302,15,160368
978,0.007362,172.31.36.0-255,66,160368,15,160368
979,0.0,172.217.194.0-255,153,153,15,213346
980,2.3e-05,172.31.36.0-255,66,219,15,213346
981,3e-05,172.217.194.0-255,1484,1703,15,213346
982,3.5e-05,172.31.36.0-255,66,1769,15,213346
983,4.1e-05,172.217.194.0-255,2902,4671,15,213346
984,5.3e-05,172.31.36.0-255,66,4737,15,213346
985,6.1e-05,172.217.194.0-255,7156,11893,15,213346
986,6.4e-05,172.31.36.0-255,66,11959,15,213346
987,6.8e-05,172.217.194.0-255,2014,13973,15,213346
988,7.1e-05,172.31.36.0-255,66,14039,15,213346
989,0.000118,172.217.194.0-255,1484,15523,15,213346
990,0.000121,172.31.36.0-255,66,15589,15,213346
991,0.000127,172.217.194.0-255,2902,18491,15,213346
992,0.000129,172.31.36.0-255,66,18557,15,213346
993,0.000141,172.217.194.0-255,5738,24295,15,213346
994,0.000143,172.31.36.0-255,66,24361,15,213346
995,0.000172,172.217.194.0-255,6797,31158,15,213346
996,0.000174,172.31.36.0-255,66,31224,15,213346
997,0.000274,172.217.194.0-255,1484,32708,15,213346
998,0.000278,172.31.36.0-255,66,32774,15,213346
999,0.000284,172.217.194.0-255,2902,35676,15,213346
1000,0.000286,172.31.36.0-255,66,35742,15,213346
1001,0.000313,172.217.194.0-255,5738,41480,15,213346
1002,0.000316,172.31.36.0-255,66,41546,15,213346
1003,0.000324,172.217.194.0-255,6797,48343,15,213346
1004,0.000326,172.31.36.0-255,66,48409,15,213346
1005,0.000375,172.217.194.0-255,1484,49893,15,213346
1006,0.000378,172.31.36.0-255,66,49959,15,213346
1007,0.000383,172.217.194.0-255,2902,52861,15,213346
1008,0.000385,172.31.36.0-255,66,52927,15,213346
1009,0.000436,172.217.194.0-255,5738,58665,15,213346
1010,0.000439,172.31.36.0-255,66,58731,15,213346
1011,0.000446,172.217.194.0-255,6797,65528,15,213346
1012,0.000449,172.31.36.0-255,66,65594,15,213346
1013,0.000456,172.217.194.0-255,648,66242,15,213346
1014,0.000838,172.217.194.0-255,1484,67726,15,213346
1015,0.000846,172.31.36.0-255,66,67792,15,213346
1016,0.000854,172.217.194.0-255,2902,70694,15,213346
1017,0.000856,172.31.36.0-255,66,70760,15,213346
1018,0.000868,172.217.194.0-255,5738,76498,15,213346
1019,0.000871,172.31.36.0-255,66,76564,15,213346
1020,0.000885,172.31.36.0-255,66,76630,15,213346
1021,0.000892,172.217.194.0-255,7156,83786,15,213346
1022,0.000896,172.31.36.0-255,66,83852,15,213346
1023,0.000948,172.217.194.0-255,3602,87454,15,213346
1024,0.000952,172.31.36.0-255,66,87520,15,213346
1025,0.001008,172.217.194.0-255,1484,89004,15,213346
1026,0.001014,172.217.194.0-255,2902,91906,15,213346
1027,0.001017,172.31.36.0-255,66,91972,15,213346
1028,0.001024,172.217.194.0-255,5738,97710,15,213346
1029,0.001026,172.31.36.0-255,66,97776,15,213346
1030,0.001059,172.217.194.0-255,4320,102096,15,213346
1031,0.001063,172.31.36.0-255,66,102162,15,213346
1032,0.001075,172.31.36.0-255,66,102228,15,213346
1033,0.001109,172.217.194.0-255,1484,103712,15,213346
1034,0.001121,172.31.36.0-255,66,103778,15,213346
1035,0.001163,172.31.36.0-255,66,103844,15,213346
1036,0.001167,172.217.194.0-255,1484,105328,15,213346
1037,0.001184,172.31.36.0-255,66,105394,15,213346
1038,0.001189,172.217.194.0-255,4320,109714,15,213346
1039,0.001191,172.31.36.0-255,66,109780,15,213346
1040,0.001224,172.31.36.0-255,66,109846,15,213346
1041,0.001284,172.31.36.0-255,66,109912,15,213346
1042,0.001288,172.31.36.0-255,66,109978,15,213346
1043,0.001299,172.217.194.0-255,4320,114298,15,213346
1044,0.001302,172.31.36.0-255,66,114364,15,213346
1045,0.001334,172.217.194.0-255,5020,119384,15,213346
1046,0.001342,172.31.36.0-255,66,119450,15,213346
1047,0.001354,172.31.36.0-255,66,119516,15,213346
1048,0.001366,172.31.36.0-255,66,119582,15,213346
1049,0.001405,172.31.36.0-255,66,119648,15,213346
1050,0.00141,172.217.194.0-255,2184,121832,15,213346
1051,0.001412,172.31.36.0-255,66,121898,15,213346
1052,0.001469,172.217.194.0-255,1484,123382,15,213346
1053,0.001474,172.217.194.0-255,2902,126284,15,213346
1054,0.001476,172.31.36.0-255,66,126350,15,213346
1055,0.001482,172.217.194.0-255,5738,132088,15,213346
1056,0.001485,172.31.36.0-255,66,132154,15,213346
1057,0.001497,172.217.194.0-255,7156,139310,15,213346
1058,0.001499,172.31.36.0-255,66,139376,15,213346
1059,0.001532,172.217.194.0-255,2184,141560,15,213346
1060,0.001569,172.31.36.0-255,66,141626,15,213346
1061,0.00159,172.217.194.0-255,1484,143110,15,213346
1062,0.001596,172.217.194.0-255,2902,146012,15,213346
1063,0.0016,172.217.194.0-255,2902,148914,15,213346
1064,0.001616,172.217.194.0-255,2902,151816,15,213346
1065,0.00162,172.217.194.0-255,2902,154718,15,213346
1066,0.001648,172.31.36.0-255,66,154784,15,213346
1067,0.001653,172.31.36.0-255,66,154850,15,213346
1068,0.001682,172.217.194.0-255,5738,160588,15,213346
1069,0.001703,172.217.194.0-255,5020,165608,15,213346
1070,0.001712,172.31.36.0-255,66,165674,15,213346
1071,0.001766,172.217.194.0-255,1484,167158,15,213346
1072,0.001786,172.217.194.0-255,2902,170060,15,213346
1073,0.001789,172.31.36.0-255,66,170126,15,213346
1074,0.001795,172.217.194.0-255,5738,175864,15,213346
1075,0.001819,172.217.194.0-255,4320,180184,15,213346
1076,0.00183,172.31.36.0-255,66,180250,15,213346
1077,0.001856,172.217.194.0-255,7156,187406,15,213346
1078,0.001871,172.217.194.0-255,1484,188890,15,213346
1079,0.001886,172.217.194.0-255,2184,191074,15,213346
1080,0.00189,172.31.36.0-255,66,191140,15,213346
1081,0.001895,172.31.36.0-255,66,191206,15,213346
1082,0.001931,172.217.194.0-255,4320,195526,15,213346
1083,0.001937,172.217.194.0-255,4320,199846,15,213346
1084,0.001964,172.31.36.0-255,66,199912,15,213346
1085,0.00199,172.217.194.0-255,4320,204232,15,213346
1086,0.002001,172.31.36.0-255,66,204298,15,213346
1087,0.002037,172.217.194.0-255,5738,210036,15,213346
1088,0.002047,172.31.36.0-255,66,210102,15,213346
1089,0.00206,172.217.194.0-255,2902,213004,15,213346
1090,0.002111,172.217.194.0-255,105,213109,15,213346
1091,0.002117,172.31.36.0-255,66,213175,15,213346
1092,0.004463,172.31.36.0-255,105,213280,15,213346
1093,0.006778,172.217.194.0-255,66,213346,15,213346
1094,0.0,172.217.194.0-255,153,153,15,136133
1095,2.6e-05,172.31.36.0-255,66,219,15,136133
1096,3.5e-05,172.217.194.0-255,1484,1703,15,136133
1097,3.9e-05,172.31.36.0-255,66,1769,15,136133
1098,4.7e-05,172.217.194.0-255,2902,4671,15,136133
1099,6e-05,172.31.36.0-255,66,4737,15,136133
1100,6.7e-05,172.217.194.0-255,7156,11893,15,136133
1101,7e-05,172.31.36.0-255,66,11959,15,136133
1102,7.4e-05,172.217.194.0-255,2065,14024,15,136133
1103,7.8e-05,172.31.36.0-255,66,14090,15,136133
1104,8.2e-05,172.217.194.0-255,2902,16992,15,136133
1105,8.5e-05,172.31.36.0-255,66,17058,15,136133
1106,0.00014,172.217.194.0-255,7156,24214,15,136133
1107,0.000144,172.31.36.0-255,66,24280,15,136133
1108,0.000157,172.31.36.0-255,66,24346,15,136133
1109,0.000162,172.217.194.0-255,4320,28666,15,136133
1110,0.000164,172.31.36.0-255,66,28732,15,136133
1111,0.000198,172.217.194.0-255,6797,35529,15,136133
1112,0.000202,172.31.36.0-255,66,35595,15,136133
1113,0.000214,172.31.36.0-255,66,35661,15,136133
1114,0.000242,172.217.194.0-255,2902,38563,15,136133
1115,0.000245,172.31.36.0-255,66,38629,15,136133
1116,0.000281,172.217.194.0-255,5676,44305,15,136133
1117,0.000284,172.31.36.0-255,66,44371,15,136133
1118,0.000288,172.217.194.0-255,381,44752,15,136133
1119,0.00029,172.31.36.0-255,66,44818,15,136133
1120,0.000513,172.217.194.0-255,1484,46302,15,136133
1121,0.000517,172.31.36.0-255,66,46368,15,136133
1122,0.000523,172.217.194.0-255,2902,49270,15,136133
1123,0.000525,172.31.36.0-255,66,49336,15,136133
1124,0.000532,172.217.194.0-255,5738,55074,15,136133
1125,0.000541,172.31.36.0-255,66,55140,15,136133
1126,0.000552,172.31.36.0-255,66,55206,15,136133
1127,0.000583,172.217.194.0-255,4320,59526,15,136133
1128,0.000587,172.31.36.0-255,66,59592,15,136133
1129,0.000599,172.31.36.0-255,66,59658,15,136133
1130,0.000601,172.217.194.0-255,766,60424,15,136133
1131,0.001116,172.31.36.0-255,66,60490,15,136133
1132,0.001144,172.217.194.0-255,1484,61974,15,136133
1133,0.001152,172.217.194.0-255,2902,64876,15,136133
1134,0.001154,172.31.36.0-255,66,64942,15,136133
1135,0.001161,172.217.194.0-255,5738,70680,15,136133
1136,0.001163,172.31.36.0-255,66,70746,15,136133
1137,0.00117,172.217.194.0-255,5738,76484,15,136133
1138,0.001172,172.31.36.0-255,66,76550,15,136133
1139,0.001201,172.217.194.0-255,1484,78034,15,136133
1140,0.001216,172.31.36.0-255,66,78100,15,136133
1141,0.001221,172.217.194.0-255,2184,80284,15,136133
1142,0.001224,172.31.36.0-255,66,80350,15,136133
1143,0.001562,172.217.194.0-255,1484,81834,15,136133
1144,0.001572,172.217.194.0-255,2902,84736,15,136133
1145,0.001576,172.31.36.0-255,66,84802,15,136133
1146,0.001584,172.217.194.0-255,5738,90540,15,136133
1147,0.001586,172.31.36.0-255,66,90606,15,136133
1148,0.001634,172.31.36.0-255,66,90672,15,136133
1149,0.001648,172.31.36.0-255,66,90738,15,136133
1150,0.001757,172.217.194.0-255,1484,92222,15,136133
1151,0.001765,172.217.194.0-255,2902,95124,15,136133
1152,0.001768,172.31.36.0-255,66,95190,15,136133
1153,0.001772,172.217.194.0-255,1484,96674,15,136133
1154,0.001794,172.217.194.0-255,4320,100994,15,136133
1155,0.001796,172.31.36.0-255,66,101060,15,136133
1156,0.00181,172.31.36.0-255,66,101126,15,136133
1157,0.001863,172.31.36.0-255,66,101192,15,136133
1158,0.001958,172.217.194.0-255,1484,102676,15,136133
1159,0.001964,172.217.194.0-255,2902,105578,15,136133
1160,0.001968,172.31.36.0-255,66,105644,15,136133
1161,0.002006,172.217.194.0-255,5738,111382,15,136133
1162,0.002009,172.31.36.0-255,66,111448,15,136133
1163,0.002048,172.31.36.0-255,66,111514,15,136133
1164,0.002062,172.31.36.0-255,66,111580,15,136133
1165,0.002067,172.217.194.0-255,5738,117318,15,136133
1166,0.00207,172.31.36.0-255,66,117384,15,136133
1167,0.002088,172.217.194.0-255,5738,123122,15,136133
1168,0.002091,172.31.36.0-255,66,123188,15,136133
1169,0.002108,172.31.36.0-255,66,123254,15,136133
1170,0.002138,172.217.194.0-255,5738,128992,15,136133
1171,0.002141,172.31.36.0-255,66,129058,15,136133
1172,0.002152,172.31.36.0-255,66,129124,15,136133
1173,0.0022,172.31.36.0-255,66,129190,15,136133
1174,0.00226,172.217.194.0-255,2902,132092,15,136133
1175,0.002307,172.217.194.0-255,3602,135694,15,136133
1176,0.002362,172.217.194.0-255,97,135791,15,136133
1177,0.006022,172.31.36.0-255,66,135857,15,136133
1178,0.008316,172.217.194.0-255,105,135962,15,136133
1179,0.009878,172.31.36.0-255,66,136028,15,136133
1180,0.009912,172.31.36.0-255,105,136133,15,136133
1181,0.0,172.217.194.0-255,153,153,15,164318
1182,2.5e-05,172.31.36.0-255,66,219,15,164318
1183,3.2e-05,172.217.194.0-255,1484,1703,15,164318
1184,3.6e-05,172.31.36.0-255,66,1769,15,164318
1185,3.9e-05,172.217.194.0-255,1484,3253,15,164318
1186,5e-05,172.31.36.0-255,66,3319,15,164318
1187,8.8e-05,172.217.194.0-255,1484,4803,15,164318
1188,9.2e-05,172.31.36.0-255,66,4869,15,164318
1189,0.0001,172.217.194.0-255,7156,12025,15,164318
1190,0.000102,172.31.36.0-255,66,12091,15,164318
1191,0.000106,172.217.194.0-255,2149,14240,15,164318
1192,0.000109,172.31.36.0-255,66,14306,15,164318
1193,0.000127,172.31.36.0-255,66,14372,15,164318
1194,0.000134,172.217.194.0-255,5379,19751,15,164318
1195,0.000138,172.31.36.0-255,66,19817,15,164318
1196,0.000195,172.217.194.0-255,1484,21301,15,164318
1197,0.000199,172.31.36.0-255,66,21367,15,164318
1198,0.000218,172.217.194.0-255,2902,24269,15,164318
1199,0.000221,172.31.36.0-255,66,24335,15,164318
1200,0.000228,172.217.194.0-255,5738,30073,15,164318
1201,0.000237,172.31.36.0-255,66,30139,15,164318
1202,0.000244,172.217.194.0-255,6797,36936,15,164318
1203,0.000246,172.31.36.0-255,66,37002,15,164318
1204,0.000301,172.31.36.0-255,66,37068,15,164318
1205,0.000305,172.217.194.0-255,2794,39862,15,164318
1206,0.000308,172.31.36.0-255,66,39928,15,164318
1207,0.000311,172.217.194.0-255,436,40364,15,164318
1208,0.000313,172.31.36.0-255,66,40430,15,164318
1209,0.000582,172.217.194.0-255,1484,41914,15,164318
1210,0.000587,172.31.36.0-255,66,41980,15,164318
1211,0.000592,172.217.194.0-255,2902,44882,15,164318
1212,0.000594,172.31.36.0-255,66,44948,15,164318
1213,0.0006,172.217.194.0-255,4320,49268,15,164318
1214,0.000608,172.31.36.0-255,66,49334,15,164318
1215,0.000638,172.217.194.0-255,1484,50818,15,164318
1216,0.000652,172.31.36.0-255,66,50884,15,164318
1217,0.00067,172.31.36.0-255,66,50950,15,164318
1218,0.000913,172.217.194.0-255,1484,52434,15,164318
1219,0.000918,172.217.194.0-255,1484,53918,15,164318
1220,0.000923,172.31.36.0-255,66,53984,15,164318
1221,0.000948,172.217.194.0-255,1484,55468,15,164318
1222,0.000954,172.217.194.0-255,5738,61206,15,164318
1223,0.000957,172.31.36.0-255,66,61272,15,164318
1224,0.000963,172.217.194.0-255,4320,65592,15,164318
1225,0.000965,172.217.194.0-255,1484,67076,15,164318
1226,0.000966,172.31.36.0-255,66,67142,15,164318
1227,0.001016,172.31.36.0-255,66,67208,15,164318
1228,0.001021,172.217.194.0-255,3602,70810,15,164318
1229,0.001023,172.31.36.0-255,66,70876,15,164318
1230,0.001442,172.217.194.0-255,1484,72360,15,164318
1231,0.001464,172.217.194.0-255,2902,75262,15,164318
1232,0.001468,172.31.36.0-255,66,75328,15,164318
1233,0.001475,172.217.194.0-255,5738,81066,15,164318
1234,0.001477,172.31.36.0-255,66,81132,15,164318
1235,0.001483,172.217.194.0-255,5738,86870,15,164318
1236,0.001491,172.31.36.0-255,66,86936,15,164318
1237,0.001523,172.217.194.0-255,7156,94092,15,164318
1238,0.001528,172.31.36.0-255,66,94158,15,164318
1239,0.00154,172.31.36.0-255,66,94224,15,164318
1240,0.001587,172.217.194.0-255,1484,95708,15,164318
1241,0.001592,172.217.194.0-255,2902,98610,15,164318
1242,0.001594,172.31.36.0-255,66,98676,15,164318
1243,0.0016,172.217.194.0-255,5738,104414,15,164318
1244,0.001602,172.31.36.0-255,66,104480,15,164318
1245,0.001641,172.217.194.0-255,7156,111636,15,164318
1246,0.001645,172.31.36.0-255,66,111702,15,164318
1247,0.001674,172.217.194.0-255,5738,117440,15,164318
1248,0.001677,172.31.36.0-255,66,117506,15,164318
1249,0.001693,172.31.36.0-255,66,117572,15,164318
1250,0.001698,172.217.194.0-255,2184,119756,15,164318
1251,0.001701,172.31.36.0-255,66,119822,15,164318
1252,0.001816,172.217.194.0-255,1484,121306,15,164318
1253,0.001822,172.217.194.0-255,2902,124208,15,164318
1254,0.001825,172.31.36.0-255,66,124274,15,164318
1255,0.001847,172.217.194.0-255,5738,130012,15,164318
1256,0.001851,172.31.36.0-255,66,130078,15,164318
1257,0.001858,172.217.194.0-255,7156,137234,15,164318
1258,0.001861,172.31.36.0-255,66,137300,15,164318
1259,0.001935,172.31.36.0-255,66,137366,15,164318
1260,0.001939,172.217.194.0-255,2184,139550,15,164318
1261,0.001941,172.31.36.0-255,66,139616,15,164318
1262,0.00197,172.217.194.0-255,1484,141100,15,164318
1263,0.001975,172.217.194.0-255,2902,144002,15,164318
1264,0.001978,172.31.36.0-255,66,144068,15,164318
1265,0.001983,172.217.194.0-255,4320,148388,15,164318
1266,0.001985,172.31.36.0-255,66,148454,15,164318
1267,0.002003,172.217.194.0-255,1484,149938,15,164318
1268,0.002029,172.31.36.0-255,66,150004,15,164318
1269,0.002038,172.217.194.0-255,4320,154324,15,164318
1270,0.002041,172.31.36.0-255,66,154390,15,164318
1271,0.002058,172.31.36.0-255,66,154456,15,164318
1272,0.00211,172.31.36.0-255,66,154522,15,164318
1273,0.002123,172.31.36.0-255,66,154588,15,164318
1274,0.002169,172.31.36.0-255,66,154654,15,164318
1275,0.00221,172.31.36.0-255,66,154720,15,164318
1276,0.002234,172.31.36.0-255,66,154786,15,164318
1277,0.002239,172.217.194.0-255,4320,159106,15,164318
1278,0.002242,172.31.36.0-255,66,159172,15,164318
1279,0.002302,172.31.36.0-255,66,159238,15,164318
1280,0.002316,172.31.36.0-255,66,159304,15,164318
1281,0.002348,172.217.194.0-255,4606,163910,15,164318
1282,0.002352,172.31.36.0-255,66,163976,15,164318
1283,0.002359,172.217.194.0-255,105,164081,15,164318
1284,0.004356,172.31.36.0-255,66,164147,15,164318
1285,0.004388,172.31.36.0-255,105,164252,15,164318
1286,0.006972,172.217.194.0-255,66,164318,15,164318
1287,0.0,172.217.194.0-255,152,152,15,263158
1288,1e-05,172.31.36.0-255,66,218,15,263158
1289,1.5e-05,172.217.194.0-255,1484,1702,15,263158
1290,1.9e-05,172.31.36.0-255,66,1768,15,263158
1291,2.4e-05,172.217.194.0-255,2902,4670,15,263158
1292,2.8e-05,172.31.36.0-255,66,4736,15,263158
1293,3.1e-05,172.217.194.0-255,1484,6220,15,263158
1294,3.4e-05,172.31.36.0-255,66,6286,15,263158
1295,5.9e-05,172.217.194.0-255,2902,9188,15,263158
1296,6.2e-05,172.31.36.0-255,66,9254,15,263158
1297,8.2e-05,172.217.194.0-255,1484,10738,15,263158
1298,8.4e-05,172.31.36.0-255,66,10804,15,263158
1299,0.000105,172.217.194.0-255,3457,14261,15,263158
1300,0.000107,172.31.36.0-255,66,14327,15,263158
1301,0.000138,172.217.194.0-255,1484,15811,15,263158
1302,0.000141,172.31.36.0-255,66,15877,15,263158
1303,0.000145,172.217.194.0-255,2902,18779,15,263158
1304,0.000147,172.31.36.0-255,66,18845,15,263158
1305,0.000151,172.217.194.0-255,1484,20329,15,263158
1306,0.000153,172.31.36.0-255,66,20395,15,263158
1307,0.000172,172.217.194.0-255,4320,24715,15,263158
1308,0.000176,172.31.36.0-255,66,24781,15,263158
1309,0.000185,172.217.194.0-255,1484,26265,15,263158
1310,0.000187,172.31.36.0-255,66,26331,15,263158
1311,0.000203,172.217.194.0-255,2902,29233,15,263158
1312,0.000205,172.31.36.0-255,66,29299,15,263158
1313,0.000227,172.217.194.0-255,2543,31842,15,263158
1314,0.000229,172.31.36.0-255,66,31908,15,263158
1315,0.000233,172.217.194.0-255,1484,33392,15,263158
1316,0.000235,172.31.36.0-255,66,33458,15,263158
1317,0.00024,172.217.194.0-255,2902,36360,15,263158
1318,0.000242,172.31.36.0-255,66,36426,15,263158
1319,0.000245,172.217.194.0-255,1484,37910,15,263158
1320,0.000271,172.217.194.0-255,4320,42230,15,263158
1321,0.000275,172.31.36.0-255,66,42296,15,263158
1322,0.000314,172.217.194.0-255,4320,46616,15,263158
1323,0.000316,172.31.36.0-255,66,46682,15,263158
1324,0.000336,172.217.194.0-255,2543,49225,15,263158
1325,0.000339,172.31.36.0-255,66,49291,15,263158
1326,0.000345,172.217.194.0-255,5738,55029,15,263158
1327,0.000348,172.31.36.0-255,66,55095,15,263158
1328,0.000354,172.217.194.0-255,5738,60833,15,263158
1329,0.000358,172.31.36.0-255,66,60899,15,263158
1330,0.000379,172.217.194.0-255,1484,62383,15,263158
1331,0.000385,172.217.194.0-255,4272,66655,15,263158
1332,0.000387,172.31.36.0-255,66,66721,15,263158
1333,0.000923,172.217.194.0-255,365,67086,15,263158
1334,0.001022,172.31.36.0-255,66,67152,15,263158
1335,0.001103,172.217.194.0-255,1484,68636,15,263158
1336,0.001111,172.217.194.0-255,2902,71538,15,263158
1337,0.001115,172.31.36.0-255,66,71604,15,263158
1338,0.00112,172.217.194.0-255,2902,74506,15,263158
1339,0.001122,172.31.36.0-255,66,74572,15,263158
1340,0.001135,172.217.194.0-255,1484,76056,15,263158
1341,0.001138,172.217.194.0-255,1484,77540,15,263158
1342,0.001141,172.31.36.0-255,66,77606,15,263158
1343,0.001164,172.217.194.0-255,7156,84762,15,263158
1344,0.001166,172.31.36.0-255,66,84828,15,263158
1345,0.001194,172.217.194.0-255,7156,91984,15,263158
1346,0.001197,172.31.36.0-255,66,92050,15,263158
1347,0.001226,172.31.36.0-255,66,92116,15,263158
1348,0.001436,172.217.194.0-255,1484,93600,15,263158
1349,0.001444,172.217.194.0-255,2902,96502,15,263158
1350,0.001447,172.31.36.0-255,66,96568,15,263158
1351,0.001457,172.217.194.0-255,5738,102306,15,263158
1352,0.001459,172.31.36.0-255,66,102372,15,263158
1353,0.001481,172.31.36.0-255,66,102438,15,263158
1354,0.0015,172.217.194.0-255,4320,106758,15,263158
1355,0.001502,172.31.36.0-255,66,106824,15,263158
1356,0.001515,172.31.36.0-255,66,106890,15,263158
1357,0.001538,172.217.194.0-255,4320,111210,15,263158
1358,0.001541,172.31.36.0-255,66,111276,15,263158
1359,0.001546,172.217.194.0-255,2902,114178,15,263158
1360,0.001549,172.31.36.0-255,66,114244,15,263158
1361,0.001562,172.217.194.0-255,2902,117146,15,263158
1362,0.001564,172.31.36.0-255,66,117212,15,263158
1363,0.00157,172.217.194.0-255,4320,121532,15,263158
1364,0.001573,172.31.36.0-255,66,121598,15,263158
1365,0.001603,172.217.194.0-255,7156,128754,15,263158
1366,0.001606,172.31.36.0-255,66,128820,15,263158
1367,0.00162,172.31.36.0-255,66,128886,15,263158
1368,0.001646,172.217.194.0-255,2902,131788,15,263158
1369,0.001648,172.31.36.0-255,66,131854,15,263158
1370,0.001675,172.217.194.0-255,7156,139010,15,263158
1371,0.001679,172.31.36.0-255,66,139076,15,263158
1372,0.001691,172.31.36.0-255,66,139142,15,263158
1373,0.001696,172.217.194.0-255,4320,143462,15,263158
1374,0.001698,172.31.36.0-255,66,143528,15,263158
1375,0.00173,172.31.36.0-255,66,143594,15,263158
1376,0.001766,172.217.194.0-255,1484,145078,15,263158
1377,0.001771,172.217.194.0-255,2902,147980,15,263158
1378,0.001774,172.31.36.0-255,66,148046,15,263158
1379,0.001797,172.217.194.0-255,5738,153784,15,263158
1380,0.0018,172.31.36.0-255,66,153850,15,263158
1381,0.001805,172.217.194.0-255,4320,158170,15,263158
1382,0.001807,172.31.36.0-255,66,158236,15,263158
1383,0.001825,172.217.194.0-255,5738,163974,15,263158
1384,0.001827,172.31.36.0-255,66,164040,15,263158
1385,0.001885,172.217.194.0-255,5738,169778,15,263158
1386,0.001888,172.31.36.0-255,66,169844,15,263158
1387,0.001917,172.31.36.0-255,66,169910,15,263158
1388,0.001925,172.217.194.0-255,7156,177066,15,263158
1389,0.001927,172.31.36.0-255,66,177132,15,263158
1390,0.001949,172.217.194.0-255,7156,184288,15,263158
1391,0.001952,172.31.36.0-255,66,184354,15,263158
1392,0.001969,172.31.36.0-255,66,184420,15,263158
1393,0.001974,172.217.194.0-255,2902,187322,15,263158
1394,0.001976,172.31.36.0-255,66,187388,15,263158
1395,0.002,172.217.194.0-255,6438,193826,15,263158
1396,0.002003,172.31.36.0-255,66,193892,15,263158
1397,0.00208,172.217.194.0-255,1484,195376,15,263158
1398,0.002096,172.217.194.0-255,2902,198278,15,263158
1399,0.002099,172.31.36.0-255,66,198344,15,263158
1400,0.002105,172.217.194.0-255,4320,202664,15,263158
1401,0.002108,172.31.36.0-255,66,202730,15,263158
1402,0.00212,172.217.194.0-255,1484,204214,15,263158
1403,0.002123,172.217.194.0-255,1484,205698,15,263158
1404,0.002125,172.31.36.0-255,66,205764,15,263158
1405,0.002136,172.31.36.0-255,66,205830,15,263158
1406,0.002163,172.217.194.0-255,7156,212986,15,263158
1407,0.002167,172.31.36.0-255,66,213052,15,263158
1408,0.002191,172.217.194.0-255,6438,219490,15,263158
1409,0.002194,172.31.36.0-255,66,219556,15,263158
1410,0.00223,172.217.194.0-255,1484,221040,15,263158
1411,0.002234,172.217.194.0-255,1484,222524,15,263158
1412,0.002237,172.31.36.0-255,66,222590,15,263158
1413,0.002267,172.217.194.0-255,1484,224074,15,263158
1414,0.002274,172.217.194.0-255,5738,229812,15,263158
1415,0.002278,172.31.36.0-255,66,229878,15,263158
1416,0.002289,172.31.36.0-255,66,229944,15,263158
1417,0.002311,172.217.194.0-255,1484,231428,15,263158
1418,0.002317,172.217.194.0-255,4320,235748,15,263158
1419,0.00232,172.31.36.0-255,66,235814,15,263158
1420,0.00235,172.31.36.0-255,66,235880,15,263158
1421,0.002353,172.217.194.0-255,1484,237364,15,263158
1422,0.002359,172.217.194.0-255,4320,241684,15,263158
1423,0.002362,172.31.36.0-255,66,241750,15,263158
1424,0.00239,172.31.36.0-255,66,241816,15,263158
1425,0.002397,172.217.194.0-255,5738,247554,15,263158
1426,0.0024,172.31.36.0-255,66,247620,15,263158
1427,0.002443,172.31.36.0-255,66,247686,15,263158
1428,0.002447,172.217.194.0-255,2902,250588,15,263158
1429,0.00245,172.31.36.0-255,66,250654,15,263158
1430,0.002461,172.31.36.0-255,66,250720,15,263158
1431,0.002467,172.217.194.0-255,5738,256458,15,263158
1432,0.00247,172.31.36.0-255,66,256524,15,263158
1433,0.002473,172.217.194.0-255,1484,258008,15,263158
1434,0.002479,172.217.194.0-255,4645,262653,15,263158
1435,0.002482,172.31.36.0-255,66,262719,15,263158
1436,0.002485,172.217.194.0-255,97,262816,15,263158
1437,0.002525,172.217.194.0-255,105,262921,15,263158
1438,0.005514,172.31.36.0-255,66,262987,15,263158
1439,0.005559,172.31.36.0-255,105,263092,15,263158
1440,0.007831,172.217.194.0-255,66,263158,15,263158
1441,0.0,172.217.194.0-255,153,153,15,176107
1442,2.7e-05,172.31.36.0-255,66,219,15,176107
1443,3.5e-05,172.217.194.0-255,1484,1703,15,176107
1444,3.8e-05,172.31.36.0-255,66,1769,15,176107
1445,4.3e-05,172.217.194.0-255,2902,4671,15,176107
1446,5.5e-05,172.31.36.0-255,66,4737,15,176107
1447,6.3e-05,172.217.194.0-255,7156,11893,15,176107
1448,6.5e-05,172.31.36.0-255,66,11959,15,176107
1449,0.000106,172.31.36.0-255,66,12025,15,176107
1450,0.000139,172.217.194.0-255,7156,19181,15,176107
1451,0.000142,172.31.36.0-255,66,19247,15,176107
1452,0.000176,172.217.194.0-255,7156,26403,15,176107
1453,0.000179,172.31.36.0-255,66,26469,15,176107
1454,0.000189,172.31.36.0-255,66,26535,15,176107
1455,0.000218,172.217.194.0-255,1484,28019,15,176107
1456,0.00022,172.31.36.0-255,66,28085,15,176107
1457,0.000225,172.217.194.0-255,2902,30987,15,176107
1458,0.000227,172.31.36.0-255,66,31053,15,176107
1459,0.000233,172.217.194.0-255,4320,35373,15,176107
1460,0.00024,172.31.36.0-255,66,35439,15,176107
1461,0.000268,172.217.194.0-255,1484,36923,15,176107
1462,0.000271,172.31.36.0-255,66,36989,15,176107
1463,0.000275,172.217.194.0-255,1484,38473,15,176107
1464,0.000278,172.31.36.0-255,66,38539,15,176107
1465,0.000314,172.217.194.0-255,5968,44507,15,176107
1466,0.000317,172.31.36.0-255,66,44573,15,176107
1467,0.000416,172.217.194.0-255,1484,46057,15,176107
1468,0.000421,172.31.36.0-255,66,46123,15,176107
1469,0.00045,172.217.194.0-255,2902,49025,15,176107
1470,0.000454,172.31.36.0-255,66,49091,15,176107
1471,0.00046,172.217.194.0-255,5738,54829,15,176107
1472,0.000463,172.31.36.0-255,66,54895,15,176107
1473,0.000512,172.217.194.0-255,7156,62051,15,176107
1474,0.000516,172.31.36.0-255,66,62117,15,176107
1475,0.000546,172.217.194.0-255,5738,67855,15,176107
1476,0.000549,172.31.36.0-255,66,67921,15,176107
1477,0.000561,172.31.36.0-255,66,67987,15,176107
1478,0.000591,172.31.36.0-255,66,68053,15,176107
1479,0.000594,172.217.194.0-255,1484,69537,15,176107
1480,0.000605,172.31.36.0-255,66,69603,15,176107
1481,0.001683,172.217.194.0-255,1484,71087,15,176107
1482,0.001691,172.217.194.0-255,2902,73989,15,176107
1483,0.001695,172.31.36.0-255,66,74055,15,176107
1484,0.001703,172.217.194.0-255,5738,79793,15,176107
1485,0.001705,172.31.36.0-255,66,79859,15,176107
1486,0.001708,172.217.194.0-255,1484,81343,15,176107
1487,0.001745,172.31.36.0-255,66,81409,15,176107
1488,0.001772,172.217.194.0-255,2902,84311,15,176107
1489,0.001774,172.31.36.0-255,66,84377,15,176107
1490,0.001784,172.31.36.0-255,66,84443,15,176107
1491,0.003064,172.217.194.0-255,1484,85927,15,176107
1492,0.003075,172.217.194.0-255,2902,88829,15,176107
1493,0.003078,172.31.36.0-255,66,88895,15,176107
1494,0.003083,172.217.194.0-255,4320,93215,15,176107
1495,0.003085,172.31.36.0-255,66,93281,15,176107
1496,0.00311,172.217.194.0-255,1484,94765,15,176107
1497,0.003124,172.31.36.0-255,66,94831,15,176107
1498,0.003129,172.217.194.0-255,4320,99151,15,176107
1499,0.003131,172.31.36.0-255,66,99217,15,176107
1500,0.003159,172.217.194.0-255,6438,105655,15,176107
1501,0.003162,172.31.36.0-255,66,105721,15,176107
1502,0.003288,172.217.194.0-255,1484,107205,15,176107
1503,0.003299,172.217.194.0-255,1484,108689,15,176107
1504,0.0033,172.31.36.0-255,66,108755,15,176107
1505,0.003327,172.217.194.0-255,1484,110239,15,176107
1506,0.003334,172.217.194.0-255,5738,115977,15,176107
1507,0.003336,172.31.36.0-255,66,116043,15,176107
1508,0.003346,172.31.36.0-255,66,116109,15,176107
1509,0.003361,172.217.194.0-255,1484,117593,15,176107
1510,0.003378,172.31.36.0-255,66,117659,15,176107
1511,0.00367,172.217.194.0-255,1484,119143,15,176107
1512,0.003689,172.217.194.0-255,2902,122045,15,176107
1513,0.003691,172.31.36.0-255,66,122111,15,176107
1514,0.003717,172.217.194.0-255,5738,127849,15,176107
1515,0.003719,172.31.36.0-255,66,127915,15,176107
1516,0.003722,172.217.194.0-255,1484,129399,15,176107
1517,0.00376,172.31.36.0-255,66,129465,15,176107
1518,0.003773,172.31.36.0-255,66,129531,15,176107
1519,0.003794,172.31.36.0-255,66,129597,15,176107
1520,0.003872,172.31.36.0-255,66,129663,15,176107
1521,0.003874,172.217.194.0-255,766,130429,15,176107
1522,0.003898,172.217.194.0-255,1484,131913,15,176107
1523,0.003901,172.31.36.0-255,66,131979,15,176107
1524,0.003905,172.217.194.0-255,2902,134881,15,176107
1525,0.003908,172.31.36.0-255,66,134947,15,176107
1526,0.00392,172.217.194.0-255,5738,140685,15,176107
1527,0.003923,172.31.36.0-255,66,140751,15,176107
1528,0.003927,172.217.194.0-255,2902,143653,15,176107
1529,0.003929,172.31.36.0-255,66,143719,15,176107
1530,0.003941,172.217.194.0-255,1484,145203,15,176107
1531,0.003971,172.217.194.0-255,5738,150941,15,176107
1532,0.003976,172.31.36.0-255,66,151007,15,176107
1533,0.003989,172.31.36.0-255,66,151073,15,176107
1534,0.004005,172.217.194.0-255,1484,152557,15,176107
1535,0.004012,172.217.194.0-255,766,153323,15,176107
1536,0.004015,172.31.36.0-255,66,153389,15,176107
1537,0.004091,172.217.194.0-255,1484,154873,15,176107
1538,0.004098,172.217.194.0-255,2902,157775,15,176107
1539,0.004101,172.31.36.0-255,66,157841,15,176107
1540,0.004105,172.217.194.0-255,1484,159325,15,176107
1541,0.004135,172.217.194.0-255,4320,163645,15,176107
1542,0.004139,172.31.36.0-255,66,163711,15,176107
1543,0.004152,172.31.36.0-255,66,163777,15,176107
1544,0.004164,172.217.194.0-255,7156,170933,15,176107
1545,0.004167,172.31.36.0-255,66,170999,15,176107
1546,0.004196,172.217.194.0-255,3602,174601,15,176107
1547,0.004199,172.31.36.0-255,66,174667,15,176107
1548,0.004218,172.31.36.0-255,66,174733,15,176107
1549,0.004272,172.31.36.0-255,66,174799,15,176107
1550,0.004275,172.217.194.0-255,966,175765,15,176107
1551,0.004278,172.217.194.0-255,105,175870,15,176107
1552,0.007269,172.31.36.0-255,66,175936,15,176107
1553,0.007297,172.31.36.0-255,105,176041,15,176107
1554,0.009505,172.217.194.0-255,66,176107,15,176107
1555,0.0,74.125.24.0-255,431,431,15,97200
1556,1.9e-05,74.125.24.0-255,1484,1915,15,97200
1557,3.1e-05,172.31.36.0-255,66,1981,15,97200
1558,4.2e-05,74.125.24.0-255,4320,6301,15,97200
1559,4.6e-05,172.31.36.0-255,66,6367,15,97200
1560,0.000149,74.125.24.0-255,5738,12105,15,97200
1561,0.000154,172.31.36.0-255,66,12171,15,97200
1562,0.000173,74.125.24.0-255,2100,14271,15,97200
1563,0.000176,172.31.36.0-255,66,14337,15,97200
1564,0.000458,74.125.24.0-255,7156,21493,15,97200
1565,0.000465,172.31.36.0-255,66,21559,15,97200
1566,0.000485,74.125.24.0-255,1484,23043,15,97200
1567,0.000811,74.125.24.0-255,7156,30199,15,97200
1568,0.000817,172.31.36.0-255,66,30265,15,97200
1569,0.002083,172.31.36.0-255,66,30331,15,97200
1570,0.002105,74.125.24.0-255,4320,34651,15,97200
1571,0.002129,172.31.36.0-255,66,34717,15,97200
1572,0.002334,74.125.24.0-255,4320,39037,15,97200
1573,0.002339,172.31.36.0-255,66,39103,15,97200
1574,0.00251,74.125.24.0-255,4320,43423,15,97200
1575,0.002514,172.31.36.0-255,66,43489,15,97200
1576,0.002571,172.31.36.0-255,66,43555,15,97200
1577,0.003213,74.125.24.0-255,4320,47875,15,97200
1578,0.003218,172.31.36.0-255,66,47941,15,97200
1579,0.003264,172.31.36.0-255,66,48007,15,97200
1580,0.003817,74.125.24.0-255,7156,55163,15,97200
1581,0.003821,172.31.36.0-255,66,55229,15,97200
1582,0.004154,74.125.24.0-255,2902,58131,15,97200
1583,0.004171,172.31.36.0-255,66,58197,15,97200
1584,0.004374,74.125.24.0-255,4320,62517,15,97200
1585,0.00438,172.31.36.0-255,66,62583,15,97200
1586,0.004434,172.31.36.0-255,66,62649,15,97200
1587,0.004627,74.125.24.0-255,2902,65551,15,97200
1588,0.004631,172.31.36.0-255,66,65617,15,97200
1589,0.004664,172.31.36.0-255,66,65683,15,97200
1590,0.005252,74.125.24.0-255,1484,67167,15,97200
1591,0.005294,172.31.36.0-255,66,67233,15,97200
1592,0.005311,74.125.24.0-255,5738,72971,15,97200
1593,0.005315,172.31.36.0-255,66,73037,15,97200
1594,0.005854,74.125.24.0-255,7156,80193,15,97200
1595,0.005859,172.31.36.0-255,66,80259,15,97200
1596,0.005937,172.31.36.0-255,66,80325,15,97200
1597,0.006672,74.125.24.0-255,4320,84645,15,97200
1598,0.006678,172.31.36.0-255,66,84711,15,97200
1599,0.006717,172.31.36.0-255,66,84777,15,97200
1600,0.006812,74.125.24.0-255,5738,90515,15,97200
1601,0.006816,172.31.36.0-255,66,90581,15,97200
1602,0.006867,172.31.36.0-255,66,90647,15,97200
1603,0.006908,172.31.36.0-255,66,90713,15,97200
1604,0.007374,74.125.24.0-255,5738,96451,15,97200
1605,0.00738,172.31.36.0-255,66,96517,15,97200
1606,0.007418,172.31.36.0-255,66,96583,15,97200
1607,0.007472,172.31.36.0-255,66,96649,15,97200
1608,0.007978,172.31.36.0-255,66,96715,15,97200
1609,0.008109,172.31.36.0-255,66,96781,15,97200
1610,0.008112,74.125.24.0-255,314,97095,15,97200
1611,0.009384,172.31.36.0-255,105,97200,15,97200
1612,0.0,74.125.200.0-255,153,153,15,119333
1613,2.2e-05,172.31.36.0-255,66,219,15,119333
1614,2.9e-05,74.125.200.0-255,1484,1703,15,119333
1615,3.3e-05,172.31.36.0-255,66,1769,15,119333
1616,4.8e-05,74.125.200.0-255,2902,4671,15,119333
1617,5.2e-05,172.31.36.0-255,66,4737,15,119333
1618,5.8e-05,74.125.200.0-255,5738,10475,15,119333
1619,6.1e-05,172.31.36.0-255,66,10541,15,119333
1620,0.000139,74.125.200.0-255,3458,13999,15,119333
1621,0.000143,172.31.36.0-255,66,14065,15,119333
1622,0.000147,74.125.200.0-255,1484,15549,15,119333
1623,0.000149,172.31.36.0-255,66,15615,15,119333
1624,0.000175,74.125.200.0-255,2902,18517,15,119333
1625,0.000178,172.31.36.0-255,66,18583,15,119333
1626,0.000184,74.125.200.0-255,5738,24321,15,119333
1627,0.000187,172.31.36.0-255,66,24387,15,119333
1628,0.000191,74.125.200.0-255,2902,27289,15,119333
1629,0.000194,172.31.36.0-255,66,27355,15,119333
1630,0.000262,172.31.36.0-255,66,27421,15,119333
1631,0.000302,172.31.36.0-255,66,27487,15,119333
1632,0.000308,74.125.200.0-255,3961,31448,15,119333
1633,0.00031,172.31.36.0-255,66,31514,15,119333
1634,0.000362,74.125.200.0-255,1484,32998,15,119333
1635,0.000365,172.31.36.0-255,66,33064,15,119333
1636,0.000368,74.125.200.0-255,1484,34548,15,119333
1637,0.00037,172.31.36.0-255,66,34614,15,119333
1638,0.000394,74.125.200.0-255,1484,36098,15,119333
1639,0.000401,172.31.36.0-255,66,36164,15,119333
1640,0.000408,74.125.200.0-255,5738,41902,15,119333
1641,0.00041,172.31.36.0-255,66,41968,15,119333
1642,0.000418,74.125.200.0-255,6797,48765,15,119333
1643,0.00042,172.31.36.0-255,66,48831,15,119333
1644,0.000449,74.125.200.0-255,648,49479,15,119333
1645,0.00081,74.125.200.0-255,1484,50963,15,119333
1646,0.000814,172.31.36.0-255,66,51029,15,119333
1647,0.00082,74.125.200.0-255,2902,53931,15,119333
1648,0.000822,172.31.36.0-255,66,53997,15,119333
1649,0.000827,74.125.200.0-255,2902,56899,15,119333
1650,0.000835,172.31.36.0-255,66,56965,15,119333
1651,0.00087,74.125.200.0-255,2902,59867,15,119333
1652,0.000873,172.31.36.0-255,66,59933,15,119333
1653,0.00088,74.125.200.0-255,5738,65671,15,119333
1654,0.000882,172.31.36.0-255,66,65737,15,119333
1655,0.00089,74.125.200.0-255,7156,72893,15,119333
1656,0.000893,172.31.36.0-255,66,72959,15,119333
1657,0.000924,74.125.200.0-255,2902,75861,15,119333
1658,0.000925,172.31.36.0-255,66,75927,15,119333
1659,0.00096,172.31.36.0-255,66,75993,15,119333
1660,0.001787,74.125.200.0-255,1484,77477,15,119333
1661,0.001798,74.125.200.0-255,2902,80379,15,119333
1662,0.001802,172.31.36.0-255,66,80445,15,119333
1663,0.001807,74.125.200.0-255,1484,81929,15,119333
1664,0.001829,74.125.200.0-255,2902,84831,15,119333
1665,0.001832,172.31.36.0-255,66,84897,15,119333
1666,0.001857,74.125.200.0-255,5738,90635,15,119333
1667,0.00186,172.31.36.0-255,66,90701,15,119333
1668,0.001865,74.125.200.0-255,2902,93603,15,119333
1669,0.001867,172.31.36.0-255,66,93669,15,119333
1670,0.001871,74.125.200.0-255,1484,95153,15,119333
1671,0.001899,74.125.200.0-255,2902,98055,15,119333
1672,0.001901,172.31.36.0-255,66,98121,15,119333
1673,0.001912,172.31.36.0-255,66,98187,15,119333
1674,0.001918,74.125.200.0-255,3602,101789,15,119333
1675,0.00192,172.31.36.0-255,66,101855,15,119333
1676,0.004426,74.125.200.0-255,1484,103339,15,119333
1677,0.004449,74.125.200.0-255,4320,107659,15,119333
1678,0.004454,172.31.36.0-255,66,107725,15,119333
1679,0.007005,74.125.200.0-255,5738,113463,15,119333
1680,0.00701,172.31.36.0-255,66,113529,15,119333
1681,0.009535,74.125.200.0-255,5738,119267,15,119333
1682,0.009542,172.31.36.0-255,66,119333,15,119333
1683,0.0,172.217.194.0-255,153,153,15,130881
1684,2.4e-05,172.31.36.0-255,66,219,15,130881
1685,3e-05,172.217.194.0-255,1484,1703,15,130881
1686,3.5e-05,172.31.36.0-255,66,1769,15,130881
1687,4.8e-05,172.217.194.0-255,2902,4671,15,130881
1688,5.1e-05,172.31.36.0-255,66,4737,15,130881
1689,5.7e-05,172.217.194.0-255,4320,9057,15,130881
1690,5.9e-05,172.31.36.0-255,66,9123,15,130881
1691,0.000103,172.217.194.0-255,6331,15454,15,130881
1692,0.000108,172.31.36.0-255,66,15520,15,130881
1693,0.000115,172.217.194.0-255,7156,22676,15,130881
1694,0.000117,172.31.36.0-255,66,22742,15,130881
1695,0.000156,172.31.36.0-255,66,22808,15,130881
1696,0.000236,172.217.194.0-255,1484,24292,15,130881
1697,0.00024,172.31.36.0-255,66,24358,15,130881
1698,0.000244,172.217.194.0-255,2902,27260,15,130881
1699,0.000247,172.31.36.0-255,66,27326,15,130881
1700,0.00025,172.217.194.0-255,1484,28810,15,130881
1701,0.000252,172.31.36.0-255,66,28876,15,130881
1702,0.000284,172.217.194.0-255,4320,33196,15,130881
1703,0.000288,172.31.36.0-255,66,33262,15,130881
1704,0.000315,172.217.194.0-255,6797,40059,15,130881
1705,0.000319,172.31.36.0-255,66,40125,15,130881
1706,0.000327,172.217.194.0-255,7156,47281,15,130881
1707,0.00033,172.31.36.0-255,66,47347,15,130881
1708,0.000371,172.31.36.0-255,66,47413,15,130881
1709,0.000374,172.217.194.0-255,434,47847,15,130881
1710,0.000376,172.31.36.0-255,66,47913,15,130881
1711,0.000597,172.217.194.0-255,1484,49397,15,130881
1712,0.000602,172.217.194.0-255,2902,52299,15,130881
1713,0.000603,172.31.36.0-255,66,52365,15,130881
1714,0.000607,172.31.36.0-255,66,52431,15,130881
1715,0.000634,172.217.194.0-255,5738,58169,15,130881
1716,0.000637,172.31.36.0-255,66,58235,15,130881
1717,0.000651,172.31.36.0-255,66,58301,15,130881
1718,0.000656,172.217.194.0-255,2902,61203,15,130881
1719,0.000658,172.31.36.0-255,66,61269,15,130881
1720,0.000691,172.31.36.0-255,66,61335,15,130881
1721,0.001099,172.217.194.0-255,1484,62819,15,130881
1722,0.001105,172.217.194.0-255,2902,65721,15,130881
1723,0.001108,172.31.36.0-255,66,65787,15,130881
1724,0.001115,172.217.194.0-255,5738,71525,15,130881
1725,0.001117,172.31.36.0-255,66,71591,15,130881
1726,0.001163,172.31.36.0-255,66,71657,15,130881
1727,0.001206,172.31.36.0-255,66,71723,15,130881
1728,0.001218,172.31.36.0-255,66,71789,15,130881
1729,0.001237,172.31.36.0-255,66,71855,15,130881
1730,0.001302,172.217.194.0-255,1484,73339,15,130881
1731,0.001307,172.217.194.0-255,2902,76241,15,130881
1732,0.001311,172.31.36.0-255,66,76307,15,130881
1733,0.001326,172.217.194.0-255,5738,82045,15,130881
1734,0.001329,172.31.36.0-255,66,82111,15,130881
1735,0.001341,172.31.36.0-255,66,82177,15,130881
1736,0.001392,172.31.36.0-255,66,82243,15,130881
1737,0.001406,172.31.36.0-255,66,82309,15,130881
1738,0.001418,172.217.194.0-255,1484,83793,15,130881
1739,0.001454,172.31.36.0-255,66,83859,15,130881
1740,0.001477,172.217.194.0-255,1484,85343,15,130881
1741,0.001482,172.217.194.0-255,2902,88245,15,130881
1742,0.001485,172.31.36.0-255,66,88311,15,130881
1743,0.001488,172.217.194.0-255,1484,89795,15,130881
1744,0.001513,172.217.194.0-255,4320,94115,15,130881
1745,0.001516,172.31.36.0-255,66,94181,15,130881
1746,0.001536,172.31.36.0-255,66,94247,15,130881
1747,0.001564,172.217.194.0-255,1484,95731,15,130881
1748,0.001577,172.31.36.0-255,66,95797,15,130881
1749,0.001591,172.31.36.0-255,66,95863,15,130881
1750,0.001641,172.31.36.0-255,66,95929,15,130881
1751,0.001654,172.31.36.0-255,66,95995,15,130881
1752,0.001751,172.217.194.0-255,1484,97479,15,130881
1753,0.001755,172.217.194.0-255,1484,98963,15,130881
1754,0.001759,172.31.36.0-255,66,99029,15,130881
1755,0.001767,172.217.194.0-255,1484,100513,15,130881
1756,0.001779,172.217.194.0-255,5738,106251,15,130881
1757,0.001782,172.31.36.0-255,66,106317,15,130881
1758,0.001821,172.31.36.0-255,66,106383,15,130881
1759,0.001849,172.217.194.0-255,5738,112121,15,130881
1760,0.001854,172.31.36.0-255,66,112187,15,130881
1761,0.00187,172.217.194.0-255,5020,117207,15,130881
1762,0.001873,172.31.36.0-255,66,117273,15,130881
1763,0.00188,172.217.194.0-255,7156,124429,15,130881
1764,0.001882,172.31.36.0-255,66,124495,15,130881
1765,0.001924,172.217.194.0-255,4320,128815,15,130881
1766,0.001928,172.31.36.0-255,66,128881,15,130881
1767,0.001942,172.31.36.0-255,66,128947,15,130881
1768,0.002021,172.31.36.0-255,66,129013,15,130881
1769,0.002038,172.31.36.0-255,66,129079,15,130881
1770,0.00204,172.217.194.0-255,1460,130539,15,130881
1771,0.003372,172.31.36.0-255,66,130605,15,130881
1772,0.003974,172.217.194.0-255,105,130710,15,130881
1773,0.009451,172.31.36.0-255,66,130776,15,130881
1774,0.009487,172.31.36.0-255,105,130881,15,130881
1775,0.0,74.125.200.0-255,148,148,15,88248
1776,1.9e-05,172.31.36.0-255,66,214,15,88248
1777,2.7e-05,74.125.200.0-255,1484,1698,15,88248
1778,3.1e-05,172.31.36.0-255,66,1764,15,88248
1779,3.8e-05,74.125.200.0-255,2902,4666,15,88248
1780,4.1e-05,172.31.36.0-255,66,4732,15,88248
1781,5e-05,74.125.200.0-255,7156,11888,15,88248
1782,5.3e-05,172.31.36.0-255,66,11954,15,88248
1783,8.7e-05,74.125.200.0-255,2066,14020,15,88248
1784,9.1e-05,172.31.36.0-255,66,14086,15,88248
1785,0.000192,74.125.200.0-255,1484,15570,15,88248
1786,0.000195,172.31.36.0-255,66,15636,15,88248
1787,0.000201,74.125.200.0-255,2902,18538,15,88248
1788,0.000204,172.31.36.0-255,66,18604,15,88248
1789,0.000207,74.125.200.0-255,1484,20088,15,88248
1790,0.000209,172.31.36.0-255,66,20154,15,88248
1791,0.000235,74.125.200.0-255,4320,24474,15,88248
1792,0.000239,172.31.36.0-255,66,24540,15,88248
1793,0.000247,74.125.200.0-255,6797,31337,15,88248
1794,0.00025,172.31.36.0-255,66,31403,15,88248
1795,0.000277,74.125.200.0-255,2902,34305,15,88248
1796,0.00028,172.31.36.0-255,66,34371,15,88248
1797,0.000303,74.125.200.0-255,4320,38691,15,88248
1798,0.000306,172.31.36.0-255,66,38757,15,88248
1799,0.000314,74.125.200.0-255,4320,43077,15,88248
1800,0.000316,172.31.36.0-255,66,43143,15,88248
1801,0.000319,74.125.200.0-255,1484,44627,15,88248
1802,0.000321,172.31.36.0-255,66,44693,15,88248
1803,0.000341,74.125.200.0-255,4320,49013,15,88248
1804,0.000344,172.31.36.0-255,66,49079,15,88248
1805,0.000351,74.125.200.0-255,5738,54817,15,88248
1806,0.000353,172.31.36.0-255,66,54883,15,88248
1807,0.000397,74.125.200.0-255,7156,62039,15,88248
1808,0.000403,74.125.200.0-255,3602,65641,15,88248
1809,0.000424,74.125.200.0-255,392,66033,15,88248
1810,0.000577,172.31.36.0-255,66,66099,15,88248
1811,0.002106,74.125.200.0-255,351,66450,15,88248
1812,0.002807,74.125.200.0-255,4320,70770,15,88248
1813,0.002816,172.31.36.0-255,66,70836,15,88248
1814,0.005054,74.125.200.0-255,5738,76574,15,88248
1815,0.005068,172.31.36.0-255,66,76640,15,88248
1816,0.007333,74.125.200.0-255,5738,82378,15,88248
1817,0.007346,172.31.36.0-255,66,82444,15,88248
1818,0.009612,74.125.200.0-255,5738,88182,15,88248
1819,0.009631,172.31.36.0-255,66,88248,15,88248
1820,0.0,74.125.68.0-255,288,288,15,170195
1821,3.2e-05,172.31.36.0-255,66,354,15,170195
1822,3.9e-05,74.125.68.0-255,1484,1838,15,170195
1823,4.3e-05,172.31.36.0-255,66,1904,15,170195
1824,5e-05,74.125.68.0-255,4320,6224,15,170195
1825,5.2e-05,172.31.36.0-255,66,6290,15,170195
1826,6.7e-05,74.125.68.0-255,5738,12028,15,170195
1827,7e-05,172.31.36.0-255,66,12094,15,170195
1828,9.7e-05,74.125.68.0-255,2902,14996,15,170195
1829,0.0001,172.31.36.0-255,66,15062,15,170195
1830,0.00012,74.125.68.0-255,4787,19849,15,170195
1831,0.000123,172.31.36.0-255,66,19915,15,170195
1832,0.000135,172.31.36.0-255,66,19981,15,170195
1833,0.000139,74.125.68.0-255,2543,22524,15,170195
1834,0.000141,172.31.36.0-255,66,22590,15,170195
1835,0.000265,74.125.68.0-255,1484,24074,15,170195
1836,0.000269,172.31.36.0-255,66,24140,15,170195
1837,0.000298,74.125.68.0-255,2902,27042,15,170195
1838,0.000303,172.31.36.0-255,66,27108,15,170195
1839,0.000307,74.125.68.0-255,2902,30010,15,170195
1840,0.000309,172.31.36.0-255,66,30076,15,170195
1841,0.000314,74.125.68.0-255,4320,34396,15,170195
1842,0.000317,172.31.36.0-255,66,34462,15,170195
1843,0.000357,172.31.36.0-255,66,34528,15,170195
1844,0.000361,74.125.68.0-255,2902,37430,15,170195
1845,0.000364,172.31.36.0-255,66,37496,15,170195
1846,0.000404,74.125.68.0-255,5738,43234,15,170195
1847,0.000408,172.31.36.0-255,66,43300,15,170195
1848,0.000429,74.125.68.0-255,4235,47535,15,170195
1849,0.000432,172.31.36.0-255,66,47601,15,170195
1850,0.000888,74.125.68.0-255,126,47727,15,170195
1851,0.00102,74.125.68.0-255,1484,49211,15,170195
1852,0.001027,172.31.36.0-255,66,49277,15,170195
1853,0.001034,74.125.68.0-255,2902,52179,15,170195
1854,0.001037,172.31.36.0-255,66,52245,15,170195
1855,0.00107,74.125.68.0-255,5738,57983,15,170195
1856,0.001073,172.31.36.0-255,66,58049,15,170195
1857,0.001076,74.125.68.0-255,1484,59533,15,170195
1858,0.001081,74.125.68.0-255,2902,62435,15,170195
1859,0.001083,172.31.36.0-255,66,62501,15,170195
1860,0.001096,74.125.68.0-255,6797,69298,15,170195
1861,0.001098,172.31.36.0-255,66,69364,15,170195
1862,0.001102,74.125.68.0-255,1484,70848,15,170195
1863,0.001128,74.125.68.0-255,2902,73750,15,170195
1864,0.001132,172.31.36.0-255,66,73816,15,170195
1865,0.001144,74.125.68.0-255,5738,79554,15,170195
1866,0.001146,172.31.36.0-255,66,79620,15,170195
1867,0.001159,74.125.68.0-255,2543,82163,15,170195
1868,0.001162,172.31.36.0-255,66,82229,15,170195
1869,0.001698,74.125.68.0-255,1484,83713,15,170195
1870,0.001706,74.125.68.0-255,2902,86615,15,170195
1871,0.001711,172.31.36.0-255,66,86681,15,170195
1872,0.001716,74.125.68.0-255,2902,89583,15,170195
1873,0.001718,172.31.36.0-255,66,89649,15,170195
1874,0.001755,74.125.68.0-255,4320,93969,15,170195
1875,0.001758,172.31.36.0-255,66,94035,15,170195
1876,0.001769,172.31.36.0-255,66,94101,15,170195
1877,0.00178,74.125.68.0-255,5738,99839,15,170195
1878,0.001783,172.31.36.0-255,66,99905,15,170195
1879,0.001819,74.125.68.0-255,4320,104225,15,170195
1880,0.001822,172.31.36.0-255,66,104291,15,170195
1881,0.001853,74.125.68.0-255,2902,107193,15,170195
1882,0.001856,172.31.36.0-255,66,107259,15,170195
1883,0.00186,74.125.68.0-255,766,108025,15,170195
1884,0.002073,74.125.68.0-255,1484,109509,15,170195
1885,0.002076,172.31.36.0-255,66,109575,15,170195
1886,0.002104,74.125.68.0-255,2902,112477,15,170195
1887,0.002106,172.31.36.0-255,66,112543,15,170195
1888,0.00213,74.125.68.0-255,5738,118281,15,170195
1889,0.002132,172.31.36.0-255,66,118347,15,170195
1890,0.002138,74.125.68.0-255,5738,124085,15,170195
1891,0.002141,172.31.36.0-255,66,124151,15,170195
1892,0.00215,74.125.68.0-255,1484,125635,15,170195
1893,0.002172,74.125.68.0-255,2902,128537,15,170195
1894,0.002175,172.31.36.0-255,66,128603,15,170195
1895,0.002202,74.125.68.0-255,7156,135759,15,170195
1896,0.002205,172.31.36.0-255,66,135825,15,170195
1897,0.002225,74.125.68.0-255,1484,137309,15,170195
1898,0.002244,172.31.36.0-255,66,137375,15,170195
1899,0.002248,74.125.68.0-255,2902,140277,15,170195
1900,0.00225,172.31.36.0-255,66,140343,15,170195
1901,0.002254,74.125.68.0-255,1484,141827,15,170195
1902,0.002289,172.31.36.0-255,66,141893,15,170195
1903,0.002294,74.125.68.0-255,5738,147631,15,170195
1904,0.002297,172.31.36.0-255,66,147697,15,170195
1905,0.002316,74.125.68.0-255,5020,152717,15,170195
1906,0.002322,172.31.36.0-255,66,152783,15,170195
1907,0.004592,74.125.68.0-255,5738,158521,15,170195
1908,0.004596,172.31.36.0-255,66,158587,15,170195
1909,0.00687,74.125.68.0-255,5738,164325,15,170195
1910,0.006877,172.31.36.0-255,66,164391,15,170195
1911,0.009149,74.125.68.0-255,5738,170129,15,170195
1912,0.009156,172.31.36.0-255,66,170195,15,170195
1913,0.0,74.125.24.0-255,153,153,15,162562
1914,1.3e-05,172.31.36.0-255,66,219,15,162562
1915,1.9e-05,74.125.24.0-255,1484,1703,15,162562
1916,2.2e-05,172.31.36.0-255,66,1769,15,162562
1917,3.8e-05,74.125.24.0-255,2902,4671,15,162562
1918,4.1e-05,172.31.36.0-255,66,4737,15,162562
1919,6.7e-05,74.125.24.0-255,7156,11893,15,162562
1920,6.9e-05,172.31.36.0-255,66,11959,15,162562
1921,7.2e-05,74.125.24.0-255,1484,13443,15,162562
1922,7.3e-05,172.31.36.0-255,66,13509,15,162562
1923,9.1e-05,74.125.24.0-255,604,14113,15,162562
1924,9.3e-05,172.31.36.0-255,66,14179,15,162562
1925,0.000138,74.125.24.0-255,1484,15663,15,162562
1926,0.00014,172.31.36.0-255,66,15729,15,162562
1927,0.000162,74.125.24.0-255,4320,20049,15,162562
1928,0.000164,172.31.36.0-255,66,20115,15,162562
1929,0.000168,74.125.24.0-255,2902,23017,15,162562
1930,0.000169,172.31.36.0-255,66,23083,15,162562
1931,0.000226,172.31.36.0-255,66,23149,15,162562
1932,0.000652,74.125.24.0-255,1484,24633,15,162562
1933,0.000657,172.31.36.0-255,66,24699,15,162562
1934,0.000662,74.125.24.0-255,2902,27601,15,162562
1935,0.000664,172.31.36.0-255,66,27667,15,162562
1936,0.000669,74.125.24.0-255,5738,33405,15,162562
1937,0.000671,172.31.36.0-255,66,33471,15,162562
1938,0.000677,74.125.24.0-255,6797,40268,15,162562
1939,0.000679,172.31.36.0-255,66,40334,15,162562
1940,0.000698,74.125.24.0-255,7156,47490,15,162562
1941,0.000701,172.31.36.0-255,66,47556,15,162562
1942,0.000723,74.125.24.0-255,5738,53294,15,162562
1943,0.000726,172.31.36.0-255,66,53360,15,162562
1944,0.00075,74.125.24.0-255,4237,57597,15,162562
1945,0.000753,172.31.36.0-255,66,57663,15,162562
1946,0.001041,74.125.24.0-255,130,57793,15,162562
1947,0.001059,172.31.36.0-255,66,57859,15,162562
1948,0.001109,74.125.24.0-255,1484,59343,15,162562
1949,0.001118,74.125.24.0-255,2902,62245,15,162562
1950,0.00112,172.31.36.0-255,66,62311,15,162562
1951,0.001128,74.125.24.0-255,7156,69467,15,162562
1952,0.00113,172.31.36.0-255,66,69533,15,162562
1953,0.001135,74.125.24.0-255,5738,75271,15,162562
1954,0.001137,172.31.36.0-255,66,75337,15,162562
1955,0.001171,74.125.24.0-255,7156,82493,15,162562
1956,0.001173,172.31.36.0-255,66,82559,15,162562
1957,0.00118,74.125.24.0-255,5738,88297,15,162562
1958,0.001181,172.31.36.0-255,66,88363,15,162562
1959,0.001195,74.125.24.0-255,3602,91965,15,162562
1960,0.001198,172.31.36.0-255,66,92031,15,162562
1961,0.001236,74.125.24.0-255,347,92378,15,162562
1962,0.001275,74.125.24.0-255,1484,93862,15,162562
1963,0.001279,172.31.36.0-255,66,93928,15,162562
1964,0.001284,74.125.24.0-255,2902,96830,15,162562
1965,0.001286,172.31.36.0-255,66,96896,15,162562
1966,0.00129,74.125.24.0-255,2902,99798,15,162562
1967,0.001292,172.31.36.0-255,66,99864,15,162562
1968,0.001315,74.125.24.0-255,2902,102766,15,162562
1969,0.001317,172.31.36.0-255,66,102832,15,162562
1970,0.00132,74.125.24.0-255,1484,104316,15,162562
1971,0.001342,172.31.36.0-255,66,104382,15,162562
1972,0.001363,74.125.24.0-255,2902,107284,15,162562
1973,0.001365,172.31.36.0-255,66,107350,15,162562
1974,0.001384,74.125.24.0-255,2902,110252,15,162562
1975,0.001387,172.31.36.0-255,66,110318,15,162562
1976,0.001413,172.31.36.0-255,66,110384,15,162562
1977,0.001469,74.125.24.0-255,1484,111868,15,162562
1978,0.001486,74.125.24.0-255,2902,114770,15,162562
1979,0.00149,172.31.36.0-255,66,114836,15,162562
1980,0.001511,74.125.24.0-255,5738,120574,15,162562
1981,0.001514,172.31.36.0-255,66,120640,15,162562
1982,0.001526,74.125.24.0-255,1484,122124,15,162562
1983,0.00153,74.125.24.0-255,2902,125026,15,162562
1984,0.001532,172.31.36.0-255,66,125092,15,162562
1985,0.001557,74.125.24.0-255,5738,130830,15,162562
1986,0.001559,172.31.36.0-255,66,130896,15,162562
1987,0.001615,172.31.36.0-255,66,130962,15,162562
1988,0.001618,74.125.24.0-255,766,131728,15,162562
1989,0.001772,74.125.24.0-255,1484,133212,15,162562
1990,0.001776,172.31.36.0-255,66,133278,15,162562
1991,0.001781,74.125.24.0-255,2902,136180,15,162562
1992,0.001783,172.31.36.0-255,66,136246,15,162562
1993,0.001797,74.125.24.0-255,5738,141984,15,162562
1994,0.001799,172.31.36.0-255,66,142050,15,162562
1995,0.001814,74.125.24.0-255,2902,144952,15,162562
1996,0.001816,172.31.36.0-255,66,145018,15,162562
1997,0.001846,172.31.36.0-255,66,145084,15,162562
1998,0.001857,172.31.36.0-255,66,145150,15,162562
1999,0.004117,74.125.24.0-255,5738,150888,15,162562
2000,0.004122,172.31.36.0-255,66,150954,15,162562
2001,0.006425,74.125.24.0-255,5738,156692,15,162562
2002,0.006433,172.31.36.0-255,66,156758,15,162562
2003,0.008758,74.125.24.0-255,5738,162496,15,162562
2004,0.008773,172.31.36.0-255,66,162562,15,162562
2005,0.0,172.217.194.0-255,220,220,15,97693
2006,2.9e-05,172.31.36.0-255,66,286,15,97693
2007,3.7e-05,172.217.194.0-255,1484,1770,15,97693
2008,4.1e-05,172.31.36.0-255,66,1836,15,97693
2009,6e-05,172.217.194.0-255,4320,6156,15,97693
2010,6.4e-05,172.31.36.0-255,66,6222,15,97693
2011,7.6e-05,172.31.36.0-255,66,6288,15,97693
2012,0.000134,172.217.194.0-255,1484,7772,15,97693
2013,0.000138,172.31.36.0-255,66,7838,15,97693
2014,0.000143,172.217.194.0-255,2902,10740,15,97693
2015,0.000145,172.31.36.0-255,66,10806,15,97693
2016,0.000179,172.217.194.0-255,5738,16544,15,97693
2017,0.000182,172.31.36.0-255,66,16610,15,97693
2018,0.000205,172.217.194.0-255,5738,22348,15,97693
2019,0.000207,172.31.36.0-255,66,22414,15,97693
2020,0.000236,172.31.36.0-255,66,22480,15,97693
2021,0.000243,172.217.194.0-255,7156,29636,15,97693
2022,0.000245,172.31.36.0-255,66,29702,15,97693
2023,0.000284,172.31.36.0-255,66,29768,15,97693
2024,0.000324,172.31.36.0-255,66,29834,15,97693
2025,0.000327,172.217.194.0-255,393,30227,15,97693
2026,0.000329,172.31.36.0-255,66,30293,15,97693
2027,0.000352,172.217.194.0-255,382,30675,15,97693
2028,0.000354,172.31.36.0-255,66,30741,15,97693
2029,0.000674,172.217.194.0-255,1484,32225,15,97693
2030,0.00068,172.31.36.0-255,66,32291,15,97693
2031,0.000687,172.217.194.0-255,2902,35193,15,97693
2032,0.00069,172.31.36.0-255,66,35259,15,97693
2033,0.000695,172.217.194.0-255,2902,38161,15,97693
2034,0.000702,172.31.36.0-255,66,38227,15,97693
2035,0.000716,172.217.194.0-255,2902,41129,15,97693
2036,0.000718,172.31.36.0-255,66,41195,15,97693
2037,0.000723,172.217.194.0-255,2902,44097,15,97693
2038,0.000729,172.31.36.0-255,66,44163,15,97693
2039,0.00077,172.31.36.0-255,66,44229,15,97693
2040,0.000788,172.31.36.0-255,66,44295,15,97693
2041,0.001251,172.217.194.0-255,1484,45779,15,97693
2042,0.001259,172.217.194.0-255,2902,48681,15,97693
2043,0.001263,172.31.36.0-255,66,48747,15,97693
2044,0.001271,172.217.194.0-255,5738,54485,15,97693
2045,0.001273,172.31.36.0-255,66,54551,15,97693
2046,0.001307,172.31.36.0-255,66,54617,15,97693
2047,0.001334,172.217.194.0-255,4320,58937,15,97693
2048,0.001336,172.31.36.0-255,66,59003,15,97693
2049,0.001369,172.217.194.0-255,6438,65441,15,97693
2050,0.001372,172.31.36.0-255,66,65507,15,97693
2051,0.002023,172.217.194.0-255,1484,66991,15,97693
2052,0.002033,172.217.194.0-255,2902,69893,15,97693
2053,0.002037,172.31.36.0-255,66,69959,15,97693
2054,0.002045,172.217.194.0-255,5738,75697,15,97693
2055,0.002047,172.31.36.0-255,66,75763,15,97693
2056,0.002079,172.31.36.0-255,66,75829,15,97693
2057,0.002115,172.217.194.0-255,4320,80149,15,97693
2058,0.002118,172.31.36.0-255,66,80215,15,97693
2059,0.002135,172.31.36.0-255,66,80281,15,97693
2060,0.004228,172.217.194.0-255,5738,86019,15,97693
2061,0.004248,172.31.36.0-255,66,86085,15,97693
2062,0.006309,172.217.194.0-255,5738,91823,15,97693
2063,0.006329,172.31.36.0-255,66,91889,15,97693
2064,0.008421,172.217.194.0-255,5738,97627,15,97693
2065,0.008432,172.31.36.0-255,66,97693,15,97693
2066,0.0,172.217.194.0-255,152,152,15,167919
2067,2.7e-05,172.31.36.0-255,66,218,15,167919
2068,3.3e-05,172.217.194.0-255,1484,1702,15,167919
2069,3.8e-05,172.31.36.0-255,66,1768,15,167919
2070,4.2e-05,172.217.194.0-255,2902,4670,15,167919
2071,5.3e-05,172.31.36.0-255,66,4736,15,167919
2072,6.1e-05,172.217.194.0-255,7156,11892,15,167919
2073,6.3e-05,172.31.36.0-255,66,11958,15,167919
2074,0.000113,172.31.36.0-255,66,12024,15,167919
2075,0.000116,172.217.194.0-255,2543,14567,15,167919
2076,0.000119,172.31.36.0-255,66,14633,15,167919
2077,0.000147,172.217.194.0-255,1484,16117,15,167919
2078,0.00015,172.31.36.0-255,66,16183,15,167919
2079,0.000154,172.217.194.0-255,2902,19085,15,167919
2080,0.000179,172.31.36.0-255,66,19151,15,167919
2081,0.000187,172.217.194.0-255,5738,24889,15,167919
2082,0.000191,172.31.36.0-255,66,24955,15,167919
2083,0.000197,172.217.194.0-255,6797,31752,15,167919
2084,0.0002,172.31.36.0-255,66,31818,15,167919
2085,0.000245,172.31.36.0-255,66,31884,15,167919
2086,0.000249,172.217.194.0-255,2832,34716,15,167919
2087,0.000251,172.31.36.0-255,66,34782,15,167919
2088,0.000278,172.217.194.0-255,366,35148,15,167919
2089,0.000281,172.31.36.0-255,66,35214,15,167919
2090,0.000354,172.217.194.0-255,1484,36698,15,167919
2091,0.000357,172.31.36.0-255,66,36764,15,167919
2092,0.000362,172.217.194.0-255,2902,39666,15,167919
2093,0.000364,172.31.36.0-255,66,39732,15,167919
2094,0.000403,172.217.194.0-255,5738,45470,15,167919
2095,0.000407,172.31.36.0-255,66,45536,15,167919
2096,0.000413,172.217.194.0-255,6797,52333,15,167919
2097,0.000417,172.31.36.0-255,66,52399,15,167919
2098,0.000427,172.217.194.0-255,1484,53883,15,167919
2099,0.000465,172.217.194.0-255,1994,55877,15,167919
2100,0.000467,172.31.36.0-255,66,55943,15,167919
2101,0.000471,172.31.36.0-255,66,56009,15,167919
2102,0.000515,172.217.194.0-255,1484,57493,15,167919
2103,0.00052,172.217.194.0-255,2902,60395,15,167919
2104,0.000523,172.31.36.0-255,66,60461,15,167919
2105,0.000544,172.217.194.0-255,5738,66199,15,167919
2106,0.000547,172.31.36.0-255,66,66265,15,167919
2107,0.000586,172.31.36.0-255,66,66331,15,167919
2108,0.000653,172.31.36.0-255,66,66397,15,167919
2109,0.000682,172.217.194.0-255,766,67163,15,167919
2110,0.000699,172.31.36.0-255,66,67229,15,167919
2111,0.000722,172.31.36.0-255,66,67295,15,167919
2112,0.000726,172.217.194.0-255,2184,69479,15,167919
2113,0.000728,172.31.36.0-255,66,69545,15,167919
2114,0.000732,172.217.194.0-255,2902,72447,15,167919
2115,0.000734,172.31.36.0-255,66,72513,15,167919
2116,0.000741,172.217.194.0-255,7156,79669,15,167919
2117,0.000744,172.31.36.0-255,66,79735,15,167919
2118,0.000748,172.217.194.0-255,2902,82637,15,167919
2119,0.000751,172.31.36.0-255,66,82703,15,167919
2120,0.000787,172.217.194.0-255,5738,88441,15,167919
2121,0.000792,172.31.36.0-255,66,88507,15,167919
2122,0.000815,172.217.194.0-255,7156,95663,15,167919
2123,0.000819,172.31.36.0-255,66,95729,15,167919
2124,0.000852,172.31.36.0-255,66,95795,15,167919
2125,0.000856,172.217.194.0-255,2902,98697,15,167919
2126,0.000859,172.31.36.0-255,66,98763,15,167919
2127,0.000864,172.217.194.0-255,4320,103083,15,167919
2128,0.000873,172.31.36.0-255,66,103149,15,167919
2129,0.000883,172.31.36.0-255,66,103215,15,167919
2130,0.000911,172.217.194.0-255,1484,104699,15,167919
2131,0.000953,172.31.36.0-255,66,104765,15,167919
2132,0.00096,172.217.194.0-255,5738,110503,15,167919
2133,0.000962,172.31.36.0-255,66,110569,15,167919
2134,0.001002,172.31.36.0-255,66,110635,15,167919
2135,0.001038,172.31.36.0-255,66,110701,15,167919
2136,0.001071,172.217.194.0-255,2543,113244,15,167919
2137,0.001075,172.31.36.0-255,66,113310,15,167919
2138,0.001096,172.31.36.0-255,66,113376,15,167919
2139,0.001109,172.31.36.0-255,66,113442,15,167919
2140,0.001113,172.217.194.0-255,2184,115626,15,167919
2141,0.001115,172.31.36.0-255,66,115692,15,167919
2142,0.001119,172.217.194.0-255,2902,118594,15,167919
2143,0.001121,172.31.36.0-255,66,118660,15,167919
2144,0.001124,172.217.194.0-255,1484,120144,15,167919
2145,0.001161,172.217.194.0-255,5738,125882,15,167919
2146,0.001165,172.31.36.0-255,66,125948,15,167919
2147,0.001172,172.217.194.0-255,6797,132745,15,167919
2148,0.001175,172.31.36.0-255,66,132811,15,167919
2149,0.00124,172.217.194.0-255,1484,134295,15,167919
2150,0.001245,172.217.194.0-255,2902,137197,15,167919
2151,0.001248,172.31.36.0-255,66,137263,15,167919
2152,0.001253,172.217.194.0-255,5738,143001,15,167919
2153,0.001256,172.31.36.0-255,66,143067,15,167919
2154,0.001259,172.217.194.0-255,1484,144551,15,167919
2155,0.001288,172.217.194.0-255,4320,148871,15,167919
2156,0.001291,172.31.36.0-255,66,148937,15,167919
2157,0.00131,172.31.36.0-255,66,149003,15,167919
2158,0.001316,172.217.194.0-255,5020,154023,15,167919
2159,0.001318,172.31.36.0-255,66,154089,15,167919
2160,0.001358,172.217.194.0-255,2902,156991,15,167919
2161,0.001361,172.31.36.0-255,66,157057,15,167919
2162,0.00139,172.217.194.0-255,2902,159959,15,167919
2163,0.001393,172.31.36.0-255,66,160025,15,167919
2164,0.001399,172.217.194.0-255,4320,164345,15,167919
2165,0.001401,172.31.36.0-255,66,164411,15,167919
2166,0.001421,172.31.36.0-255,66,164477,15,167919
2167,0.001425,172.217.194.0-255,2902,167379,15,167919
2168,0.001429,172.31.36.0-255,66,167445,15,167919
2169,0.001471,172.31.36.0-255,66,167511,15,167919
2170,0.001508,172.31.36.0-255,66,167577,15,167919
2171,0.001511,172.217.194.0-255,105,167682,15,167919
2172,0.003339,172.31.36.0-255,66,167748,15,167919
2173,0.003366,172.31.36.0-255,105,167853,15,167919
2174,0.005634,172.217.194.0-255,66,167919,15,167919
2175,0.0,172.217.194.0-255,153,153,15,180578
2176,2.2e-05,172.31.36.0-255,66,219,15,180578
2177,3e-05,172.217.194.0-255,1484,1703,15,180578
2178,3.5e-05,172.31.36.0-255,66,1769,15,180578
2179,4e-05,172.217.194.0-255,2902,4671,15,180578
2180,4.3e-05,172.31.36.0-255,66,4737,15,180578
2181,5.8e-05,172.217.194.0-255,7156,11893,15,180578
2182,6.1e-05,172.31.36.0-255,66,11959,15,180578
2183,9.8e-05,172.31.36.0-255,66,12025,15,180578
2184,0.000132,172.217.194.0-255,2002,14027,15,180578
2185,0.000135,172.31.36.0-255,66,14093,15,180578
2186,0.000144,172.217.194.0-255,6797,20890,15,180578
2187,0.000146,172.31.36.0-255,66,20956,15,180578
2188,0.000149,172.217.194.0-255,1484,22440,15,180578
2189,0.000156,172.31.36.0-255,66,22506,15,180578
2190,0.000161,172.217.194.0-255,2902,25408,15,180578
2191,0.000163,172.31.36.0-255,66,25474,15,180578
2192,0.00017,172.217.194.0-255,5738,31212,15,180578
2193,0.000172,172.31.36.0-255,66,31278,15,180578
2194,0.000213,172.31.36.0-255,66,31344,15,180578
2195,0.000259,172.217.194.0-255,2902,34246,15,180578
2196,0.000262,172.31.36.0-255,66,34312,15,180578
2197,0.000295,172.217.194.0-255,7088,41400,15,180578
2198,0.000298,172.31.36.0-255,66,41466,15,180578
2199,0.000301,172.217.194.0-255,98,41564,15,180578
2200,0.000303,172.31.36.0-255,66,41630,15,180578
2201,0.000306,172.217.194.0-255,365,41995,15,180578
2202,0.000308,172.31.36.0-255,66,42061,15,180578
2203,0.000616,172.217.194.0-255,1484,43545,15,180578
2204,0.000621,172.31.36.0-255,66,43611,15,180578
2205,0.000628,172.217.194.0-255,2902,46513,15,180578
2206,0.00063,172.31.36.0-255,66,46579,15,180578
2207,0.000643,172.217.194.0-255,5738,52317,15,180578
2208,0.000645,172.31.36.0-255,66,52383,15,180578
2209,0.000653,172.217.194.0-255,7156,59539,15,180578
2210,0.000655,172.31.36.0-255,66,59605,15,180578
2211,0.000659,172.217.194.0-255,1484,61089,15,180578
2212,0.00069,172.31.36.0-255,66,61155,15,180578
2213,0.000694,172.217.194.0-255,2184,63339,15,180578
2214,0.000696,172.31.36.0-255,66,63405,15,180578
2215,0.000919,172.217.194.0-255,1484,64889,15,180578
2216,0.000925,172.217.194.0-255,2902,67791,15,180578
2217,0.000928,172.31.36.0-255,66,67857,15,180578
2218,0.000934,172.217.194.0-255,2902,70759,15,180578
2219,0.000936,172.31.36.0-255,66,70825,15,180578
2220,0.00096,172.217.194.0-255,2902,73727,15,180578
2221,0.000966,172.31.36.0-255,66,73793,15,180578
2222,0.000973,172.217.194.0-255,7156,80949,15,180578
2223,0.000976,172.31.36.0-255,66,81015,15,180578
2224,0.000983,172.217.194.0-255,7156,88171,15,180578
2225,0.000985,172.31.36.0-255,66,88237,15,180578
2226,0.001023,172.217.194.0-255,7156,95393,15,180578
2227,0.001027,172.31.36.0-255,66,95459,15,180578
2228,0.001032,172.217.194.0-255,2184,97643,15,180578
2229,0.001033,172.31.36.0-255,66,97709,15,180578
2230,0.001207,172.217.194.0-255,1484,99193,15,180578
2231,0.001214,172.217.194.0-255,2902,102095,15,180578
2232,0.001217,172.31.36.0-255,66,102161,15,180578
2233,0.001221,172.217.194.0-255,1484,103645,15,180578
2234,0.001248,172.217.194.0-255,4320,107965,15,180578
2235,0.001251,172.31.36.0-255,66,108031,15,180578
2236,0.00127,172.31.36.0-255,66,108097,15,180578
2237,0.001298,172.217.194.0-255,1484,109581,15,180578
2238,0.001311,172.31.36.0-255,66,109647,15,180578
2239,0.001316,172.217.194.0-255,2902,112549,15,180578
2240,0.001318,172.31.36.0-255,66,112615,15,180578
2241,0.001323,172.217.194.0-255,4320,116935,15,180578
2242,0.00133,172.31.36.0-255,66,117001,15,180578
2243,0.001333,172.217.194.0-255,1484,118485,15,180578
2244,0.001365,172.217.194.0-255,7156,125641,15,180578
2245,0.001378,172.31.36.0-255,66,125707,15,180578
2246,0.001386,172.31.36.0-255,66,125773,15,180578
2247,0.001402,172.31.36.0-255,66,125839,15,180578
2248,0.001458,172.217.194.0-255,1484,127323,15,180578
2249,0.001462,172.217.194.0-255,2902,130225,15,180578
2250,0.001465,172.31.36.0-255,66,130291,15,180578
2251,0.001471,172.217.194.0-255,5738,136029,15,180578
2252,0.001473,172.31.36.0-255,66,136095,15,180578
2253,0.001491,172.31.36.0-255,66,136161,15,180578
2254,0.001494,172.217.194.0-255,1484,137645,15,180578
2255,0.001529,172.31.36.0-255,66,137711,15,180578
2256,0.001614,172.217.194.0-255,1484,139195,15,180578
2257,0.001619,172.217.194.0-255,2902,142097,15,180578
2258,0.001621,172.31.36.0-255,66,142163,15,180578
2259,0.001626,172.217.194.0-255,1484,143647,15,180578
2260,0.00165,172.217.194.0-255,4320,147967,15,180578
2261,0.001653,172.31.36.0-255,66,148033,15,180578
2262,0.001678,172.31.36.0-255,66,148099,15,180578
2263,0.001689,172.31.36.0-255,66,148165,15,180578
2264,0.001713,172.217.194.0-255,2184,150349,15,180578
2265,0.001715,172.31.36.0-255,66,150415,15,180578
2266,0.001719,172.217.194.0-255,2902,153317,15,180578
2267,0.001722,172.31.36.0-255,66,153383,15,180578
2268,0.00176,172.217.194.0-255,7156,160539,15,180578
2269,0.001775,172.31.36.0-255,66,160605,15,180578
2270,0.001798,172.217.194.0-255,5738,166343,15,180578
2271,0.001805,172.217.194.0-255,6438,172781,15,180578
2272,0.001819,172.31.36.0-255,66,172847,15,180578
2273,0.001828,172.217.194.0-255,2902,175749,15,180578
2274,0.00187,172.31.36.0-255,66,175815,15,180578
2275,0.001876,172.217.194.0-255,4320,180135,15,180578
2276,0.00198,172.217.194.0-255,105,180240,15,180578
2277,0.002033,172.31.36.0-255,66,180306,15,180578
2278,0.00258,172.31.36.0-255,101,180407,15,180578
2279,0.005152,172.217.194.0-255,66,180473,15,180578
2280,0.009174,172.31.36.0-255,105,180578,15,180578
2281,0.0,172.217.194.0-255,153,153,15,168089
2282,3.5e-05,172.31.36.0-255,66,219,15,168089
2283,4.2e-05,172.217.194.0-255,1484,1703,15,168089
2284,4.6e-05,172.31.36.0-255,66,1769,15,168089
2285,5.9e-05,172.217.194.0-255,2902,4671,15,168089
2286,6.2e-05,172.31.36.0-255,66,4737,15,168089
2287,6.9e-05,172.217.194.0-255,5738,10475,15,168089
2288,7.2e-05,172.31.36.0-255,66,10541,15,168089
2289,8.4e-05,172.31.36.0-255,66,10607,15,168089
2290,8.9e-05,172.217.194.0-255,4320,14927,15,168089
2291,9.1e-05,172.31.36.0-255,66,14993,15,168089
2292,0.000127,172.217.194.0-255,5379,20372,15,168089
2293,0.00013,172.31.36.0-255,66,20438,15,168089
2294,0.000582,172.217.194.0-255,1484,21922,15,168089
2295,0.000588,172.31.36.0-255,66,21988,15,168089
2296,0.000596,172.217.194.0-255,2902,24890,15,168089
2297,0.000599,172.31.36.0-255,66,24956,15,168089
2298,0.000612,172.217.194.0-255,5738,30694,15,168089
2299,0.000614,172.31.36.0-255,66,30760,15,168089
2300,0.000621,172.217.194.0-255,6797,37557,15,168089
2301,0.000623,172.31.36.0-255,66,37623,15,168089
2302,0.000673,172.31.36.0-255,66,37689,15,168089
2303,0.000677,172.217.194.0-255,2794,40483,15,168089
2304,0.00068,172.31.36.0-255,66,40549,15,168089
2305,0.000689,172.217.194.0-255,119,40668,15,168089
2306,0.000692,172.31.36.0-255,66,40734,15,168089
2307,0.000745,172.217.194.0-255,1484,42218,15,168089
2308,0.00075,172.31.36.0-255,66,42284,15,168089
2309,0.000755,172.217.194.0-255,2902,45186,15,168089
2310,0.000772,172.31.36.0-255,66,45252,15,168089
2311,0.000778,172.217.194.0-255,5738,50990,15,168089
2312,0.00078,172.31.36.0-255,66,51056,15,168089
2313,0.000819,172.31.36.0-255,66,51122,15,168089
2314,0.000849,172.217.194.0-255,3961,55083,15,168089
2315,0.000852,172.31.36.0-255,66,55149,15,168089
2316,0.000869,172.31.36.0-255,66,55215,15,168089
2317,0.000904,172.217.194.0-255,1484,56699,15,168089
2318,0.000927,172.217.194.0-255,1484,58183,15,168089
2319,0.00093,172.31.36.0-255,66,58249,15,168089
2320,0.000943,172.217.194.0-255,1484,59733,15,168089
2321,0.000955,172.217.194.0-255,5738,65471,15,168089
2322,0.000958,172.31.36.0-255,66,65537,15,168089
2323,0.001011,172.31.36.0-255,66,65603,15,168089
2324,0.001041,172.217.194.0-255,1484,67087,15,168089
2325,0.001058,172.31.36.0-255,66,67153,15,168089
2326,0.001061,172.217.194.0-255,1484,68637,15,168089
2327,0.001065,172.217.194.0-255,2902,71539,15,168089
2328,0.001067,172.31.36.0-255,66,71605,15,168089
2329,0.001073,172.217.194.0-255,5738,77343,15,168089
2330,0.001084,172.31.36.0-255,66,77409,15,168089
2331,0.001097,172.31.36.0-255,66,77475,15,168089
2332,0.001109,172.31.36.0-255,66,77541,15,168089
2333,0.001112,172.217.194.0-255,766,78307,15,168089
2334,0.001159,172.217.194.0-255,1484,79791,15,168089
2335,0.001162,172.31.36.0-255,66,79857,15,168089
2336,0.001167,172.217.194.0-255,1484,81341,15,168089
2337,0.001186,172.217.194.0-255,1484,82825,15,168089
2338,0.001188,172.31.36.0-255,66,82891,15,168089
2339,0.001194,172.217.194.0-255,5738,88629,15,168089
2340,0.001197,172.31.36.0-255,66,88695,15,168089
2341,0.001213,172.31.36.0-255,66,88761,15,168089
2342,0.001236,172.217.194.0-255,1484,90245,15,168089
2343,0.001252,172.31.36.0-255,66,90311,15,168089
2344,0.001324,172.217.194.0-255,1484,91795,15,168089
2345,0.001328,172.217.194.0-255,2902,94697,15,168089
2346,0.001331,172.31.36.0-255,66,94763,15,168089
2347,0.001356,172.217.194.0-255,5738,100501,15,168089
2348,0.001359,172.31.36.0-255,66,100567,15,168089
2349,0.001393,172.31.36.0-255,66,100633,15,168089
2350,0.001399,172.217.194.0-255,5738,106371,15,168089
2351,0.001401,172.31.36.0-255,66,106437,15,168089
2352,0.001425,172.217.194.0-255,1484,107921,15,168089
2353,0.001441,172.217.194.0-255,2902,110823,15,168089
2354,0.001443,172.31.36.0-255,66,110889,15,168089
2355,0.001478,172.31.36.0-255,66,110955,15,168089
2356,0.001517,172.217.194.0-255,5738,116693,15,168089
2357,0.00152,172.31.36.0-255,66,116759,15,168089
2358,0.001545,172.31.36.0-255,66,116825,15,168089
2359,0.001606,172.217.194.0-255,1484,118309,15,168089
2360,0.001611,172.217.194.0-255,2902,121211,15,168089
2361,0.001614,172.31.36.0-255,66,121277,15,168089
2362,0.001648,172.217.194.0-255,5738,127015,15,168089
2363,0.001651,172.31.36.0-255,66,127081,15,168089
2364,0.001659,172.217.194.0-255,7156,134237,15,168089
2365,0.001662,172.31.36.0-255,66,134303,15,168089
2366,0.00174,172.217.194.0-255,2184,136487,15,168089
2367,0.001753,172.217.194.0-255,1484,137971,15,168089
2368,0.001773,172.217.194.0-255,2902,140873,15,168089
2369,0.001797,172.217.194.0-255,4320,145193,15,168089
2370,0.0018,172.217.194.0-255,1484,146677,15,168089
2371,0.00182,172.217.194.0-255,4320,150997,15,168089
2372,0.001826,172.217.194.0-255,4320,155317,15,168089
2373,0.001848,172.217.194.0-255,7156,162473,15,168089
2374,0.001877,172.31.36.0-255,66,162539,15,168089
2375,0.001912,172.31.36.0-255,66,162605,15,168089
2376,0.001931,172.31.36.0-255,66,162671,15,168089
2377,0.001994,172.31.36.0-255,66,162737,15,168089
2378,0.001998,172.217.194.0-255,5010,167747,15,168089
2379,0.002001,172.217.194.0-255,105,167852,15,168089
2380,0.002011,172.31.36.0-255,66,167918,15,168089
2381,0.004618,172.31.36.0-255,105,168023,15,168089
2382,0.007196,172.217.194.0-255,66,168089,15,168089
2383,0.0,74.125.130.0-255,297,297,15,207174
2384,2.5e-05,172.31.36.0-255,66,363,15,207174
2385,3.2e-05,74.125.130.0-255,1484,1847,15,207174
2386,3.6e-05,172.31.36.0-255,66,1913,15,207174
2387,4.2e-05,74.125.130.0-255,2902,4815,15,207174
2388,4.4e-05,172.31.36.0-255,66,4881,15,207174
2389,5.8e-05,74.125.130.0-255,4320,9201,15,207174
2390,6.1e-05,172.31.36.0-255,66,9267,15,207174
2391,6.9e-05,74.125.130.0-255,5738,15005,15,207174
2392,7.1e-05,172.31.36.0-255,66,15071,15,207174
2393,0.000108,74.125.130.0-255,3302,18373,15,207174
2394,0.000111,172.31.36.0-255,66,18439,15,207174
2395,0.000125,172.31.36.0-255,66,18505,15,207174
2396,0.000129,74.125.130.0-255,2543,21048,15,207174
2397,0.000131,172.31.36.0-255,66,21114,15,207174
2398,0.000305,74.125.130.0-255,1484,22598,15,207174
2399,0.00031,172.31.36.0-255,66,22664,15,207174
2400,0.000316,74.125.130.0-255,2902,25566,15,207174
2401,0.000319,172.31.36.0-255,66,25632,15,207174
2402,0.00035,74.125.130.0-255,5738,31370,15,207174
2403,0.000353,172.31.36.0-255,66,31436,15,207174
2404,0.000384,74.125.130.0-255,6797,38233,15,207174
2405,0.000387,172.31.36.0-255,66,38299,15,207174
2406,0.000451,74.125.130.0-255,5738,44037,15,207174
2407,0.000455,172.31.36.0-255,66,44103,15,207174
2408,0.000461,74.125.130.0-255,5738,49841,15,207174
2409,0.000464,172.31.36.0-255,66,49907,15,207174
2410,0.000513,74.125.130.0-255,5669,55576,15,207174
2411,0.000517,172.31.36.0-255,66,55642,15,207174
2412,0.000539,74.125.130.0-255,366,56008,15,207174
2413,0.000541,172.31.36.0-255,66,56074,15,207174
2414,0.000861,74.125.130.0-255,1484,57558,15,207174
2415,0.000867,74.125.130.0-255,2902,60460,15,207174
2416,0.000872,172.31.36.0-255,66,60526,15,207174
2417,0.000905,74.125.130.0-255,5738,66264,15,207174
2418,0.00091,172.31.36.0-255,66,66330,15,207174
2419,0.000923,74.125.130.0-255,7156,73486,15,207174
2420,0.00093,172.31.36.0-255,66,73552,15,207174
2421,0.000957,74.125.130.0-255,2902,76454,15,207174
2422,0.000959,172.31.36.0-255,66,76520,15,207174
2423,0.00098,74.125.130.0-255,5738,82258,15,207174
2424,0.000983,172.31.36.0-255,66,82324,15,207174
2425,0.001003,74.125.130.0-255,4320,86644,15,207174
2426,0.001006,172.31.36.0-255,66,86710,15,207174
2427,0.001033,74.125.130.0-255,3602,90312,15,207174
2428,0.001036,172.31.36.0-255,66,90378,15,207174
2429,0.001213,74.125.130.0-255,1484,91862,15,207174
2430,0.001218,74.125.130.0-255,1484,93346,15,207174
2431,0.001222,172.31.36.0-255,66,93412,15,207174
2432,0.001227,74.125.130.0-255,2902,96314,15,207174
2433,0.001229,172.31.36.0-255,66,96380,15,207174
2434,0.001251,74.125.130.0-255,5738,102118,15,207174
2435,0.001262,172.31.36.0-255,66,102184,15,207174
2436,0.001272,74.125.130.0-255,4320,106504,15,207174
2437,0.001274,172.31.36.0-255,66,106570,15,207174
2438,0.001303,74.125.130.0-255,4320,110890,15,207174
2439,0.001306,172.31.36.0-255,66,110956,15,207174
2440,0.00132,172.31.36.0-255,66,111022,15,207174
2441,0.001325,74.125.130.0-255,3602,114624,15,207174
2442,0.001327,172.31.36.0-255,66,114690,15,207174
2443,0.001358,74.125.130.0-255,4320,119010,15,207174
2444,0.00136,172.31.36.0-255,66,119076,15,207174
2445,0.001364,74.125.130.0-255,1484,120560,15,207174
2446,0.001387,74.125.130.0-255,2902,123462,15,207174
2447,0.001392,74.125.130.0-255,5738,129200,15,207174
2448,0.001397,172.31.36.0-255,66,129266,15,207174
2449,0.001399,172.31.36.0-255,66,129332,15,207174
2450,0.001461,172.31.36.0-255,66,129398,15,207174
2451,0.00149,74.125.130.0-255,1484,130882,15,207174
2452,0.001496,74.125.130.0-255,4320,135202,15,207174
2453,0.001499,172.31.36.0-255,66,135268,15,207174
2454,0.001505,74.125.130.0-255,3602,138870,15,207174
2455,0.001507,172.31.36.0-255,66,138936,15,207174
2456,0.001547,74.125.130.0-255,1484,140420,15,207174
2457,0.001561,74.125.130.0-255,2902,143322,15,207174
2458,0.001564,172.31.36.0-255,66,143388,15,207174
2459,0.001589,74.125.130.0-255,4320,147708,15,207174
2460,0.001591,172.31.36.0-255,66,147774,15,207174
2461,0.001596,74.125.130.0-255,2902,150676,15,207174
2462,0.001598,172.31.36.0-255,66,150742,15,207174
2463,0.001619,74.125.130.0-255,2902,153644,15,207174
2464,0.001626,172.31.36.0-255,66,153710,15,207174
2465,0.001662,172.31.36.0-255,66,153776,15,207174
2466,0.001697,74.125.130.0-255,7156,160932,15,207174
2467,0.0017,172.31.36.0-255,66,160998,15,207174
2468,0.00173,74.125.130.0-255,2184,163182,15,207174
2469,0.001733,172.31.36.0-255,66,163248,15,207174
2470,0.001893,74.125.130.0-255,1484,164732,15,207174
2471,0.001908,74.125.130.0-255,2902,167634,15,207174
2472,0.001912,172.31.36.0-255,66,167700,15,207174
2473,0.001939,74.125.130.0-255,5738,173438,15,207174
2474,0.001942,172.31.36.0-255,66,173504,15,207174
2475,0.001974,74.125.130.0-255,4320,177824,15,207174
2476,0.001977,172.31.36.0-255,66,177890,15,207174
2477,0.002001,74.125.130.0-255,2902,180792,15,207174
2478,0.002004,172.31.36.0-255,66,180858,15,207174
2479,0.002009,74.125.130.0-255,4320,185178,15,207174
2480,0.002011,172.31.36.0-255,66,185244,15,207174
2481,0.002031,74.125.130.0-255,1484,186728,15,207174
2482,0.003951,74.125.130.0-255,4320,191048,15,207174
2483,0.003958,172.31.36.0-255,66,191114,15,207174
2484,0.005907,74.125.130.0-255,4320,195434,15,207174
2485,0.005911,172.31.36.0-255,66,195500,15,207174
2486,0.005932,74.125.130.0-255,1484,196984,15,207174
2487,0.007841,74.125.130.0-255,4320,201304,15,207174
2488,0.007845,172.31.36.0-255,66,201370,15,207174
2489,0.009788,74.125.130.0-255,5738,207108,15,207174
2490,0.009795,172.31.36.0-255,66,207174,15,207174
2491,0.0,172.217.160.0-255,153,153,15,133437
2492,2.1e-05,172.31.36.0-255,66,219,15,133437
2493,2.8e-05,172.217.160.0-255,1484,1703,15,133437
2494,3.3e-05,172.31.36.0-255,66,1769,15,133437
2495,4.7e-05,172.217.160.0-255,2902,4671,15,133437
2496,5.1e-05,172.31.36.0-255,66,4737,15,133437
2497,5.6e-05,172.217.160.0-255,2902,7639,15,133437
2498,5.9e-05,172.31.36.0-255,66,7705,15,133437
2499,7.1e-05,172.31.36.0-255,66,7771,15,133437
2500,0.00011,172.31.36.0-255,66,7837,15,133437
2501,0.000139,172.217.160.0-255,3961,11798,15,133437
2502,0.000142,172.31.36.0-255,66,11864,15,133437
2503,0.000164,172.31.36.0-255,66,11930,15,133437
2504,0.000167,172.217.160.0-255,1125,13055,15,133437
2505,0.00017,172.31.36.0-255,66,13121,15,133437
2506,0.000222,172.217.160.0-255,1484,14605,15,133437
2507,0.000224,172.31.36.0-255,66,14671,15,133437
2508,0.000231,172.217.160.0-255,2902,17573,15,133437
2509,0.000233,172.31.36.0-255,66,17639,15,133437
2510,0.000264,172.217.160.0-255,5738,23377,15,133437
2511,0.000268,172.31.36.0-255,66,23443,15,133437
2512,0.000315,172.217.160.0-255,2902,26345,15,133437
2513,0.000318,172.31.36.0-255,66,26411,15,133437
2514,0.000344,172.217.160.0-255,3961,30372,15,133437
2515,0.000347,172.31.36.0-255,66,30438,15,133437
2516,0.00035,172.217.160.0-255,332,30770,15,133437
2517,0.000352,172.31.36.0-255,66,30836,15,133437
2518,0.000883,172.217.160.0-255,125,30961,15,133437
2519,0.000888,172.31.36.0-255,66,31027,15,133437
2520,0.001086,172.217.160.0-255,1484,32511,15,133437
2521,0.001093,172.217.160.0-255,2902,35413,15,133437
2522,0.001096,172.31.36.0-255,66,35479,15,133437
2523,0.00113,172.217.160.0-255,5738,41217,15,133437
2524,0.001134,172.31.36.0-255,66,41283,15,133437
2525,0.001154,172.217.160.0-255,5738,47021,15,133437
2526,0.001159,172.31.36.0-255,66,47087,15,133437
2527,0.001182,172.217.160.0-255,1125,48212,15,133437
2528,0.00119,172.217.160.0-255,5738,53950,15,133437
2529,0.001192,172.31.36.0-255,66,54016,15,133437
2530,0.001222,172.217.160.0-255,7156,61172,15,133437
2531,0.001225,172.31.36.0-255,66,61238,15,133437
2532,0.001264,172.217.160.0-255,3961,65199,15,133437
2533,0.001268,172.31.36.0-255,66,65265,15,133437
2534,0.001297,172.217.160.0-255,1484,66749,15,133437
2535,0.001302,172.217.160.0-255,2902,69651,15,133437
2536,0.001305,172.31.36.0-255,66,69717,15,133437
2537,0.001334,172.217.160.0-255,5738,75455,15,133437
2538,0.001337,172.31.36.0-255,66,75521,15,133437
2539,0.001348,172.31.36.0-255,66,75587,15,133437
2540,0.001414,172.31.36.0-255,66,75653,15,133437
2541,0.00159,172.217.160.0-255,1484,77137,15,133437
2542,0.001594,172.217.160.0-255,1484,78621,15,133437
2543,0.001597,172.31.36.0-255,66,78687,15,133437
2544,0.001629,172.217.160.0-255,1484,80171,15,133437
2545,0.001636,172.217.160.0-255,5738,85909,15,133437
2546,0.001638,172.31.36.0-255,66,85975,15,133437
2547,0.001647,172.217.160.0-255,7156,93131,15,133437
2548,0.001649,172.31.36.0-255,66,93197,15,133437
2549,0.001669,172.31.36.0-255,66,93263,15,133437
2550,0.001673,172.217.160.0-255,2184,95447,15,133437
2551,0.001676,172.31.36.0-255,66,95513,15,133437
2552,0.001911,172.217.160.0-255,1484,96997,15,133437
2553,0.001917,172.217.160.0-255,2902,99899,15,133437
2554,0.001921,172.31.36.0-255,66,99965,15,133437
2555,0.001951,172.217.160.0-255,5738,105703,15,133437
2556,0.001954,172.31.36.0-255,66,105769,15,133437
2557,0.001961,172.217.160.0-255,5738,111507,15,133437
2558,0.001963,172.31.36.0-255,66,111573,15,133437
2559,0.003902,172.217.160.0-255,5738,117311,15,133437
2560,0.003909,172.31.36.0-255,66,117377,15,133437
2561,0.005856,172.217.160.0-255,4320,121697,15,133437
2562,0.00586,172.31.36.0-255,66,121763,15,133437
2563,0.005883,172.217.160.0-255,1484,123247,15,133437
2564,0.007804,172.217.160.0-255,4320,127567,15,133437
2565,0.00781,172.31.36.0-255,66,127633,15,133437
2566,0.009755,172.217.160.0-255,5738,133371,15,133437
2567,0.009762,172.31.36.0-255,66,133437,15,133437
2568,0.0,172.217.194.0-255,431,431,15,80806
2569,2.7e-05,172.217.194.0-255,1484,1915,15,80806
2570,3.5e-05,172.31.36.0-255,66,1981,15,80806
2571,4.4e-05,172.217.194.0-255,4320,6301,15,80806
2572,4.7e-05,172.31.36.0-255,66,6367,15,80806
2573,0.000181,172.217.194.0-255,7156,13523,15,80806
2574,0.000186,172.31.36.0-255,66,13589,15,80806
2575,0.000211,172.217.194.0-255,1987,15576,15,80806
2576,0.000213,172.31.36.0-255,66,15642,15,80806
2577,0.000539,172.217.194.0-255,5738,21380,15,80806
2578,0.000545,172.31.36.0-255,66,21446,15,80806
2579,0.000766,172.217.194.0-255,7156,28602,15,80806
2580,0.000771,172.31.36.0-255,66,28668,15,80806
2581,0.000798,172.217.194.0-255,1484,30152,15,80806
2582,0.002344,172.217.194.0-255,5738,35890,15,80806
2583,0.002458,172.31.36.0-255,66,35956,15,80806
2584,0.002507,172.31.36.0-255,66,36022,15,80806
2585,0.002517,172.217.194.0-255,4320,40342,15,80806
2586,0.002522,172.31.36.0-255,66,40408,15,80806
2587,0.002971,172.31.36.0-255,66,40474,15,80806
2588,0.002995,172.217.194.0-255,5738,46212,15,80806
2589,0.003707,172.217.194.0-255,4320,50532,15,80806
2590,0.003843,172.31.36.0-255,66,50598,15,80806
2591,0.0048,172.31.36.0-255,66,50664,15,80806
2592,0.005015,172.217.194.0-255,7156,57820,15,80806
2593,0.005045,172.31.36.0-255,66,57886,15,80806
2594,0.005054,172.31.36.0-255,66,57952,15,80806
2595,0.005441,172.217.194.0-255,7156,65108,15,80806
2596,0.005447,172.31.36.0-255,66,65174,15,80806
2597,0.005491,172.31.36.0-255,66,65240,15,80806
2598,0.006184,172.31.36.0-255,66,65306,15,80806
2599,0.00623,172.31.36.0-255,66,65372,15,80806
2600,0.007145,172.31.36.0-255,66,65438,15,80806
2601,0.007226,172.31.36.0-255,66,65504,15,80806
2602,0.007267,172.31.36.0-255,66,65570,15,80806
2603,0.007523,172.31.36.0-255,66,65636,15,80806
2604,0.007565,172.31.36.0-255,66,65702,15,80806
2605,0.007778,172.217.194.0-255,5738,71440,15,80806
2606,0.007785,172.31.36.0-255,66,71506,15,80806
2607,0.007833,172.31.36.0-255,66,71572,15,80806
2608,0.007979,172.217.194.0-255,1484,73056,15,80806
2609,0.008021,172.31.36.0-255,66,73122,15,80806
2610,0.008067,172.31.36.0-255,66,73188,15,80806
2611,0.008425,172.31.36.0-255,66,73254,15,80806
2612,0.008477,172.31.36.0-255,66,73320,15,80806
2613,0.00878,172.31.36.0-255,66,73386,15,80806
2614,0.00884,172.31.36.0-255,66,73452,15,80806
2615,0.009563,172.217.194.0-255,7156,80608,15,80806
2616,0.009569,172.31.36.0-255,66,80674,15,80806
2617,0.009657,172.31.36.0-255,66,80740,15,80806
2618,0.009867,172.31.36.0-255,66,80806,15,80806
2619,0.0,74.125.200.0-255,148,148,15,222131
2620,3.2e-05,172.31.36.0-255,66,214,15,222131
2621,3.8e-05,74.125.200.0-255,1484,1698,15,222131
2622,4.2e-05,172.31.36.0-255,66,1764,15,222131
2623,4.7e-05,74.125.200.0-255,2902,4666,15,222131
2624,4.9e-05,172.31.36.0-255,66,4732,15,222131
2625,6.3e-05,74.125.200.0-255,4320,9052,15,222131
2626,6.6e-05,172.31.36.0-255,66,9118,15,222131
2627,7.1e-05,74.125.200.0-255,4320,13438,15,222131
2628,7.4e-05,172.31.36.0-255,66,13504,15,222131
2629,0.000114,74.125.200.0-255,4877,18381,15,222131
2630,0.000118,172.31.36.0-255,66,18447,15,222131
2631,0.000122,74.125.200.0-255,4320,22767,15,222131
2632,0.000125,172.31.36.0-255,66,22833,15,222131
2633,0.000171,172.31.36.0-255,66,22899,15,222131
2634,0.000182,74.125.200.0-255,1484,24383,15,222131
2635,0.000188,172.31.36.0-255,66,24449,15,222131
2636,0.000194,74.125.200.0-255,2902,27351,15,222131
2637,0.000196,172.31.36.0-255,66,27417,15,222131
2638,0.000238,74.125.200.0-255,5738,33155,15,222131
2639,0.000241,172.31.36.0-255,66,33221,15,222131
2640,0.000252,172.31.36.0-255,66,33287,15,222131
2641,0.000268,172.31.36.0-255,66,33353,15,222131
2642,0.000271,74.125.200.0-255,1484,34837,15,222131
2643,0.000273,172.31.36.0-255,66,34903,15,222131
2644,0.000308,74.125.200.0-255,3602,38505,15,222131
2645,0.000312,172.31.36.0-255,66,38571,15,222131
2646,0.000338,74.125.200.0-255,441,39012,15,222131
2647,0.000343,172.31.36.0-255,66,39078,15,222131
2648,0.000494,74.125.200.0-255,1484,40562,15,222131
2649,0.000509,74.125.200.0-255,2902,43464,15,222131
2650,0.000513,172.31.36.0-255,66,43530,15,222131
2651,0.00053,74.125.200.0-255,1484,45014,15,222131
2652,0.00056,74.125.200.0-255,2902,47916,15,222131
2653,0.000563,172.31.36.0-255,66,47982,15,222131
2654,0.00059,74.125.200.0-255,1484,49466,15,222131
2655,0.000596,74.125.200.0-255,2902,52368,15,222131
2656,0.000599,172.31.36.0-255,66,52434,15,222131
2657,0.000639,74.125.200.0-255,2902,55336,15,222131
2658,0.000642,172.31.36.0-255,66,55402,15,222131
2659,0.000646,74.125.200.0-255,1484,56886,15,222131
2660,0.00067,74.125.200.0-255,2902,59788,15,222131
2661,0.000673,172.31.36.0-255,66,59854,15,222131
2662,0.000684,172.31.36.0-255,66,59920,15,222131
2663,0.000695,74.125.200.0-255,4320,64240,15,222131
2664,0.000698,172.31.36.0-255,66,64306,15,222131
2665,0.000722,74.125.200.0-255,766,65072,15,222131
2666,0.000799,74.125.200.0-255,1484,66556,15,222131
2667,0.000803,172.31.36.0-255,66,66622,15,222131
2668,0.000809,74.125.200.0-255,2902,69524,15,222131
2669,0.000813,172.31.36.0-255,66,69590,15,222131
2670,0.000841,74.125.200.0-255,5738,75328,15,222131
2671,0.000845,172.31.36.0-255,66,75394,15,222131
2672,0.000849,74.125.200.0-255,2902,78296,15,222131
2673,0.000853,172.31.36.0-255,66,78362,15,222131
2674,0.000854,74.125.200.0-255,4320,82682,15,222131
2675,0.000856,172.31.36.0-255,66,82748,15,222131
2676,0.000886,74.125.200.0-255,2902,85650,15,222131
2677,0.00089,172.31.36.0-255,66,85716,15,222131
2678,0.000922,74.125.200.0-255,5738,91454,15,222131
2679,0.000925,172.31.36.0-255,66,91520,15,222131
2680,0.000951,172.31.36.0-255,66,91586,15,222131
2681,0.000955,74.125.200.0-255,1484,93070,15,222131
2682,0.000987,172.31.36.0-255,66,93136,15,222131
2683,0.00099,74.125.200.0-255,1484,94620,15,222131
2684,0.001033,172.31.36.0-255,66,94686,15,222131
2685,0.001037,74.125.200.0-255,1484,96170,15,222131
2686,0.00107,172.31.36.0-255,66,96236,15,222131
2687,0.001074,74.125.200.0-255,1484,97720,15,222131
2688,0.00111,172.31.36.0-255,66,97786,15,222131
2689,0.001117,74.125.200.0-255,5738,103524,15,222131
2690,0.001127,172.31.36.0-255,66,103590,15,222131
2691,0.001132,74.125.200.0-255,4320,107910,15,222131
2692,0.001134,172.31.36.0-255,66,107976,15,222131
2693,0.001175,172.31.36.0-255,66,108042,15,222131
2694,0.001178,74.125.200.0-255,766,108808,15,222131
2695,0.001203,74.125.200.0-255,5738,114546,15,222131
2696,0.001207,172.31.36.0-255,66,114612,15,222131
2697,0.001248,74.125.200.0-255,2902,117514,15,222131
2698,0.001251,172.31.36.0-255,66,117580,15,222131
2699,0.00127,74.125.200.0-255,2902,120482,15,222131
2700,0.001273,172.31.36.0-255,66,120548,15,222131
2701,0.001312,74.125.200.0-255,1484,122032,15,222131
2702,0.001328,74.125.200.0-255,1484,123516,15,222131
2703,0.00133,172.31.36.0-255,66,123582,15,222131
2704,0.00135,74.125.200.0-255,1484,125066,15,222131
2705,0.001355,74.125.200.0-255,2902,127968,15,222131
2706,0.001357,172.31.36.0-255,66,128034,15,222131
2707,0.001362,74.125.200.0-255,3602,131636,15,222131
2708,0.001364,172.31.36.0-255,66,131702,15,222131
2709,0.001407,74.125.200.0-255,1484,133186,15,222131
2710,0.001412,74.125.200.0-255,2902,136088,15,222131
2711,0.001415,172.31.36.0-255,66,136154,15,222131
2712,0.001444,74.125.200.0-255,5738,141892,15,222131
2713,0.001447,172.31.36.0-255,66,141958,15,222131
2714,0.001492,74.125.200.0-255,4320,146278,15,222131
2715,0.001496,172.31.36.0-255,66,146344,15,222131
2716,0.001519,74.125.200.0-255,1484,147828,15,222131
2717,0.001527,74.125.200.0-255,7156,154984,15,222131
2718,0.001532,74.125.200.0-255,5738,160722,15,222131
2719,0.001536,172.31.36.0-255,66,160788,15,222131
2720,0.001561,74.125.200.0-255,5020,165808,15,222131
2721,0.001565,172.31.36.0-255,66,165874,15,222131
2722,0.001596,74.125.200.0-255,1484,167358,15,222131
2723,0.0016,74.125.200.0-255,1484,168842,15,222131
2724,0.001603,172.31.36.0-255,66,168908,15,222131
2725,0.001626,74.125.200.0-255,1484,170392,15,222131
2726,0.001633,74.125.200.0-255,5738,176130,15,222131
2727,0.001644,172.31.36.0-255,66,176196,15,222131
2728,0.001645,74.125.200.0-255,1484,177680,15,222131
2729,0.001687,172.31.36.0-255,66,177746,15,222131
2730,0.001732,172.31.36.0-255,66,177812,15,222131
2731,0.001778,74.125.200.0-255,1484,179296,15,222131
2732,0.001804,74.125.200.0-255,2902,182198,15,222131
2733,0.001809,172.31.36.0-255,66,182264,15,222131
2734,0.001823,74.125.200.0-255,4320,186584,15,222131
2735,0.001839,172.31.36.0-255,66,186650,15,222131
2736,0.001878,172.31.36.0-255,66,186716,15,222131
2737,0.001906,172.31.36.0-255,66,186782,15,222131
2738,0.001938,74.125.200.0-255,6438,193220,15,222131
2739,0.001942,172.31.36.0-255,66,193286,15,222131
2740,0.001948,74.125.200.0-255,4320,197606,15,222131
2741,0.001953,172.31.36.0-255,66,197672,15,222131
2742,0.001987,74.125.200.0-255,5738,203410,15,222131
2743,0.001997,172.31.36.0-255,66,203476,15,222131
2744,0.002002,74.125.200.0-255,2902,206378,15,222131
2745,0.002012,172.31.36.0-255,66,206444,15,222131
2746,0.002039,172.31.36.0-255,66,206510,15,222131
2747,0.002054,172.31.36.0-255,66,206576,15,222131
2748,0.002054,74.125.200.0-255,2902,209478,15,222131
2749,0.002069,172.31.36.0-255,66,209544,15,222131
2750,0.00209,74.125.200.0-255,1484,211028,15,222131
2751,0.002104,74.125.200.0-255,5738,216766,15,222131
2752,0.002109,172.31.36.0-255,66,216832,15,222131
2753,0.002134,172.31.36.0-255,66,216898,15,222131
2754,0.002164,74.125.200.0-255,4891,221789,15,222131
2755,0.002173,172.31.36.0-255,66,221855,15,222131
2756,0.002238,74.125.200.0-255,105,221960,15,222131
2757,0.008001,172.31.36.0-255,66,222026,15,222131
2758,0.008028,172.31.36.0-255,105,222131,15,222131
2759,0.0,74.125.24.0-255,152,152,15,90557
2760,2.7e-05,172.31.36.0-255,66,218,15,90557
2761,3.4e-05,74.125.24.0-255,1484,1702,15,90557
2762,3.8e-05,172.31.36.0-255,66,1768,15,90557
2763,4.4e-05,74.125.24.0-255,2902,4670,15,90557
2764,4.6e-05,172.31.36.0-255,66,4736,15,90557
2765,5.4e-05,74.125.24.0-255,7156,11892,15,90557
2766,5.6e-05,172.31.36.0-255,66,11958,15,90557
2767,8.2e-05,74.125.24.0-255,1994,13952,15,90557
2768,8.4e-05,172.31.36.0-255,66,14018,15,90557
2769,0.0001,74.125.24.0-255,2902,16920,15,90557
2770,0.000102,172.31.36.0-255,66,16986,15,90557
2771,0.000122,74.125.24.0-255,5738,22724,15,90557
2772,0.000124,172.31.36.0-255,66,22790,15,90557
2773,0.000141,74.125.24.0-255,1484,24274,15,90557
2774,0.000144,172.31.36.0-255,66,24340,15,90557
2775,0.000182,74.125.24.0-255,2902,27242,15,90557
2776,0.000185,172.31.36.0-255,66,27308,15,90557
2777,0.000203,74.125.24.0-255,3961,31269,15,90557
2778,0.000207,172.31.36.0-255,66,31335,15,90557
2779,0.00072,74.125.24.0-255,1484,32819,15,90557
2780,0.000726,172.31.36.0-255,66,32885,15,90557
2781,0.000736,74.125.24.0-255,2902,35787,15,90557
2782,0.000738,172.31.36.0-255,66,35853,15,90557
2783,0.000745,74.125.24.0-255,5738,41591,15,90557
2784,0.000747,172.31.36.0-255,66,41657,15,90557
2785,0.000778,74.125.24.0-255,2902,44559,15,90557
2786,0.000781,172.31.36.0-255,66,44625,15,90557
2787,0.000795,74.125.24.0-255,3961,48586,15,90557
2788,0.000798,172.31.36.0-255,66,48652,15,90557
2789,0.000805,74.125.24.0-255,7156,55808,15,90557
2790,0.000807,172.31.36.0-255,66,55874,15,90557
2791,0.00086,172.31.36.0-255,66,55940,15,90557
2792,0.000863,74.125.24.0-255,115,56055,15,90557
2793,0.000962,74.125.24.0-255,1484,57539,15,90557
2794,0.000968,172.31.36.0-255,66,57605,15,90557
2795,0.000973,74.125.24.0-255,2902,60507,15,90557
2796,0.000975,172.31.36.0-255,66,60573,15,90557
2797,0.001004,74.125.24.0-255,5738,66311,15,90557
2798,0.001006,172.31.36.0-255,66,66377,15,90557
2799,0.00101,74.125.24.0-255,1484,67861,15,90557
2800,0.001038,172.31.36.0-255,66,67927,15,90557
2801,0.00105,172.31.36.0-255,66,67993,15,90557
2802,0.001071,74.125.24.0-255,766,68759,15,90557
2803,0.003054,74.125.24.0-255,4320,73079,15,90557
2804,0.003059,172.31.36.0-255,66,73145,15,90557
2805,0.005039,74.125.24.0-255,5738,78883,15,90557
2806,0.005045,172.31.36.0-255,66,78949,15,90557
2807,0.007017,74.125.24.0-255,5738,84687,15,90557
2808,0.007024,172.31.36.0-255,66,84753,15,90557
2809,0.009016,74.125.24.0-255,5738,90491,15,90557
2810,0.009024,172.31.36.0-255,66,90557,15,90557
2811,0.0,74.125.24.0-255,153,153,15,135228
2812,2.4e-05,172.31.36.0-255,66,219,15,135228
2813,3.1e-05,74.125.24.0-255,1484,1703,15,135228
2814,3.6e-05,172.31.36.0-255,66,1769,15,135228
2815,5.2e-05,74.125.24.0-255,2902,4671,15,135228
2816,5.7e-05,172.31.36.0-255,66,4737,15,135228
2817,6.5e-05,74.125.24.0-255,7156,11893,15,135228
2818,6.8e-05,172.31.36.0-255,66,11959,15,135228
2819,7.2e-05,74.125.24.0-255,2027,13986,15,135228
2820,7.6e-05,172.31.36.0-255,66,14052,15,135228
2821,8.1e-05,74.125.24.0-255,2902,16954,15,135228
2822,8.4e-05,172.31.36.0-255,66,17020,15,135228
2823,0.000111,74.125.24.0-255,5738,22758,15,135228
2824,0.00012,172.31.36.0-255,66,22824,15,135228
2825,0.000144,74.125.24.0-255,5738,28562,15,135228
2826,0.000147,172.31.36.0-255,66,28628,15,135228
2827,0.000174,74.125.24.0-255,2543,31171,15,135228
2828,0.000176,172.31.36.0-255,66,31237,15,135228
2829,0.000326,74.125.24.0-255,1484,32721,15,135228
2830,0.00033,172.31.36.0-255,66,32787,15,135228
2831,0.000336,74.125.24.0-255,2902,35689,15,135228
2832,0.000339,172.31.36.0-255,66,35755,15,135228
2833,0.000348,74.125.24.0-255,1484,37239,15,135228
2834,0.00035,172.31.36.0-255,66,37305,15,135228
2835,0.000374,74.125.24.0-255,2902,40207,15,135228
2836,0.000377,172.31.36.0-255,66,40273,15,135228
2837,0.000383,74.125.24.0-255,5738,46011,15,135228
2838,0.000385,172.31.36.0-255,66,46077,15,135228
2839,0.00039,74.125.24.0-255,2902,48979,15,135228
2840,0.000392,172.31.36.0-255,66,49045,15,135228
2841,0.000442,172.31.36.0-255,66,49111,15,135228
2842,0.000448,74.125.24.0-255,4320,53431,15,135228
2843,0.00045,172.31.36.0-255,66,53497,15,135228
2844,0.000453,74.125.24.0-255,1484,54981,15,135228
2845,0.000483,74.125.24.0-255,1745,56726,15,135228
2846,0.000486,172.31.36.0-255,66,56792,15,135228
2847,0.000667,74.125.24.0-255,1484,58276,15,135228
2848,0.000674,74.125.24.0-255,2902,61178,15,135228
2849,0.000678,172.31.36.0-255,66,61244,15,135228
2850,0.000685,74.125.24.0-255,5738,66982,15,135228
2851,0.000687,172.31.36.0-255,66,67048,15,135228
2852,0.000729,172.31.36.0-255,66,67114,15,135228
2853,0.000739,172.31.36.0-255,66,67180,15,135228
2854,0.000784,74.125.24.0-255,2184,69364,15,135228
2855,0.000791,172.31.36.0-255,66,69430,15,135228
2856,0.001267,74.125.24.0-255,1484,70914,15,135228
2857,0.001273,74.125.24.0-255,2902,73816,15,135228
2858,0.001277,172.31.36.0-255,66,73882,15,135228
2859,0.001309,74.125.24.0-255,5738,79620,15,135228
2860,0.001314,74.125.24.0-255,4320,83940,15,135228
2861,0.001319,172.31.36.0-255,66,84006,15,135228
2862,0.001322,172.31.36.0-255,66,84072,15,135228
2863,0.001355,172.31.36.0-255,66,84138,15,135228
2864,0.001368,172.31.36.0-255,66,84204,15,135228
2865,0.00147,74.125.24.0-255,1484,85688,15,135228
2866,0.001475,74.125.24.0-255,2902,88590,15,135228
2867,0.001478,172.31.36.0-255,66,88656,15,135228
2868,0.001484,74.125.24.0-255,2902,91558,15,135228
2869,0.001486,172.31.36.0-255,66,91624,15,135228
2870,0.001506,74.125.24.0-255,2902,94526,15,135228
2871,0.001509,172.31.36.0-255,66,94592,15,135228
2872,0.001526,172.31.36.0-255,66,94658,15,135228
2873,0.001546,74.125.24.0-255,1484,96142,15,135228
2874,0.001562,172.31.36.0-255,66,96208,15,135228
2875,0.001837,74.125.24.0-255,1484,97692,15,135228
2876,0.001845,74.125.24.0-255,2902,100594,15,135228
2877,0.001848,172.31.36.0-255,66,100660,15,135228
2878,0.001853,74.125.24.0-255,2902,103562,15,135228
2879,0.001855,172.31.36.0-255,66,103628,15,135228
2880,0.001877,74.125.24.0-255,2902,106530,15,135228
2881,0.001879,172.31.36.0-255,66,106596,15,135228
2882,0.001898,172.31.36.0-255,66,106662,15,135228
2883,0.001903,74.125.24.0-255,4320,110982,15,135228
2884,0.001905,172.31.36.0-255,66,111048,15,135228
2885,0.001934,74.125.24.0-255,4320,115368,15,135228
2886,0.00194,172.31.36.0-255,66,115434,15,135228
2887,0.001966,74.125.24.0-255,2184,117618,15,135228
2888,0.001969,172.31.36.0-255,66,117684,15,135228
2889,0.004247,74.125.24.0-255,2902,120586,15,135228
2890,0.004254,172.31.36.0-255,66,120652,15,135228
2891,0.004276,74.125.24.0-255,2902,123554,15,135228
2892,0.004279,172.31.36.0-255,66,123620,15,135228
2893,0.006587,74.125.24.0-255,5738,129358,15,135228
2894,0.00659,172.31.36.0-255,66,129424,15,135228
2895,0.008914,74.125.24.0-255,5738,135162,15,135228
2896,0.00892,172.31.36.0-255,66,135228,15,135228
2897,0.0,172.31.36.0-255,66,66,15,66
2898,0.0,172.217.160.0-255,218,218,15,107676
2899,2.3e-05,172.31.36.0-255,66,284,15,107676
2900,3.1e-05,172.217.160.0-255,1484,1768,15,107676
2901,3.6e-05,172.31.36.0-255,66,1834,15,107676
2902,3.9e-05,172.217.160.0-255,1484,3318,15,107676
2903,4.2e-05,172.31.36.0-255,66,3384,15,107676
2904,5e-05,172.217.160.0-255,4320,7704,15,107676
2905,5.4e-05,172.31.36.0-255,66,7770,15,107676
2906,8.5e-05,172.217.160.0-255,6024,13794,15,107676
2907,8.8e-05,172.31.36.0-255,66,13860,15,107676
2908,0.00014,172.217.160.0-255,4320,18180,15,107676
2909,0.000143,172.31.36.0-255,66,18246,15,107676
2910,0.00016,172.217.160.0-255,2902,21148,15,107676
2911,0.000163,172.31.36.0-255,66,21214,15,107676
2912,0.000208,172.217.160.0-255,1484,22698,15,107676
2913,0.00021,172.31.36.0-255,66,22764,15,107676
2914,0.000232,172.217.160.0-255,4320,27084,15,107676
2915,0.000235,172.31.36.0-255,66,27150,15,107676
2916,0.000251,172.217.160.0-255,3961,31111,15,107676
2917,0.000253,172.31.36.0-255,66,31177,15,107676
2918,0.000314,172.217.160.0-255,4320,35497,15,107676
2919,0.000317,172.31.36.0-255,66,35563,15,107676
2920,0.00033,172.217.160.0-255,1484,37047,15,107676
2921,0.000333,172.31.36.0-255,66,37113,15,107676
2922,0.000372,172.217.160.0-255,4320,41433,15,107676
2923,0.000375,172.31.36.0-255,66,41499,15,107676
2924,0.000394,172.217.160.0-255,2902,44401,15,107676
2925,0.000396,172.31.36.0-255,66,44467,15,107676
2926,0.000442,172.217.160.0-255,3961,48428,15,107676
2927,0.000445,172.31.36.0-255,66,48494,15,107676
2928,0.000499,172.217.160.0-255,1484,49978,15,107676
2929,0.000501,172.31.36.0-255,66,50044,15,107676
2930,0.000507,172.217.160.0-255,2902,52946,15,107676
2931,0.000509,172.31.36.0-255,66,53012,15,107676
2932,0.000535,172.217.160.0-255,1484,54496,15,107676
2933,0.000551,172.217.160.0-255,4320,58816,15,107676
2934,0.000554,172.31.36.0-255,66,58882,15,107676
2935,0.000596,172.217.160.0-255,2902,61784,15,107676
2936,0.000599,172.31.36.0-255,66,61850,15,107676
2937,0.000617,172.217.160.0-255,4233,66083,15,107676
2938,0.00062,172.31.36.0-255,66,66149,15,107676
2939,0.001231,172.217.160.0-255,121,66270,15,107676
2940,0.001237,172.217.160.0-255,382,66652,15,107676
2941,0.00138,172.217.160.0-255,1484,68136,15,107676
2942,0.001386,172.31.36.0-255,66,68202,15,107676
2943,0.001393,172.217.160.0-255,2902,71104,15,107676
2944,0.001396,172.31.36.0-255,66,71170,15,107676
2945,0.001424,172.217.160.0-255,5738,76908,15,107676
2946,0.001426,172.31.36.0-255,66,76974,15,107676
2947,0.001482,172.217.160.0-255,2902,79876,15,107676
2948,0.001485,172.31.36.0-255,66,79942,15,107676
2949,0.001513,172.31.36.0-255,66,80008,15,107676
2950,0.001594,172.217.160.0-255,4320,84328,15,107676
2951,0.001598,172.31.36.0-255,66,84394,15,107676
2952,0.001625,172.31.36.0-255,66,84460,15,107676
2953,0.003592,172.217.160.0-255,5738,90198,15,107676
2954,0.0036,172.31.36.0-255,66,90264,15,107676
2955,0.005564,172.217.160.0-255,5738,96002,15,107676
2956,0.005568,172.31.36.0-255,66,96068,15,107676
2957,0.00754,172.217.160.0-255,5738,101806,15,107676
2958,0.007546,172.31.36.0-255,66,101872,15,107676
2959,0.009512,172.217.160.0-255,5738,107610,15,107676
2960,0.009518,172.31.36.0-255,66,107676,15,107676
2961,0.0,74.125.24.0-255,153,153,15,158197
2962,2.4e-05,172.31.36.0-255,66,219,15,158197
2963,3.1e-05,74.125.24.0-255,1484,1703,15,158197
2964,3.6e-05,172.31.36.0-255,66,1769,15,158197
2965,4.2e-05,74.125.24.0-255,2902,4671,15,158197
2966,4.4e-05,172.31.36.0-255,66,4737,15,158197
2967,5.2e-05,74.125.24.0-255,7156,11893,15,158197
2968,5.5e-05,172.31.36.0-255,66,11959,15,158197
2969,7.3e-05,172.31.36.0-255,66,12025,15,158197
2970,0.0001,74.125.24.0-255,3961,15986,15,158197
2971,0.000104,172.31.36.0-255,66,16052,15,158197
2972,0.000141,74.125.24.0-255,1484,17536,15,158197
2973,0.000143,172.31.36.0-255,66,17602,15,158197
2974,0.000149,74.125.24.0-255,2902,20504,15,158197
2975,0.000152,172.31.36.0-255,66,20570,15,158197
2976,0.000159,74.125.24.0-255,5738,26308,15,158197
2977,0.000161,172.31.36.0-255,66,26374,15,158197
2978,0.000202,172.31.36.0-255,66,26440,15,158197
2979,0.000213,172.31.36.0-255,66,26506,15,158197
2980,0.000247,74.125.24.0-255,2481,28987,15,158197
2981,0.00025,172.31.36.0-255,66,29053,15,158197
2982,0.000268,74.125.24.0-255,134,29187,15,158197
2983,0.00027,172.31.36.0-255,66,29253,15,158197
2984,0.000413,74.125.24.0-255,1484,30737,15,158197
2985,0.000418,172.31.36.0-255,66,30803,15,158197
2986,0.000424,74.125.24.0-255,2902,33705,15,158197
2987,0.000427,172.31.36.0-255,66,33771,15,158197
2988,0.000451,74.125.24.0-255,4320,38091,15,158197
2989,0.000454,172.31.36.0-255,66,38157,15,158197
2990,0.000467,74.125.24.0-255,2902,41059,15,158197
2991,0.00047,172.31.36.0-255,66,41125,15,158197
2992,0.000496,74.125.24.0-255,5738,46863,15,158197
2993,0.000499,172.31.36.0-255,66,46929,15,158197
2994,0.000514,74.125.24.0-255,5738,52667,15,158197
2995,0.000517,172.31.36.0-255,66,52733,15,158197
2996,0.000543,74.125.24.0-255,7156,59889,15,158197
2997,0.000546,172.31.36.0-255,66,59955,15,158197
2998,0.000551,74.125.24.0-255,3602,63557,15,158197
2999,0.000554,172.31.36.0-255,66,63623,15,158197
3000,0.000712,74.125.24.0-255,1484,65107,15,158197
3001,0.000733,74.125.24.0-255,2902,68009,15,158197
3002,0.000736,172.31.36.0-255,66,68075,15,158197
3003,0.000744,74.125.24.0-255,5738,73813,15,158197
3004,0.000746,172.31.36.0-255,66,73879,15,158197
3005,0.000753,74.125.24.0-255,4320,78199,15,158197
3006,0.000756,172.31.36.0-255,66,78265,15,158197
3007,0.000799,74.125.24.0-255,2240,80505,15,158197
3008,0.000803,172.31.36.0-255,66,80571,15,158197
3009,0.000837,74.125.24.0-255,2902,83473,15,158197
3010,0.00084,172.31.36.0-255,66,83539,15,158197
3011,0.000845,74.125.24.0-255,2902,86441,15,158197
3012,0.000847,172.31.36.0-255,66,86507,15,158197
3013,0.000861,74.125.24.0-255,4320,90827,15,158197
3014,0.000864,172.31.36.0-255,66,90893,15,158197
3015,0.00088,74.125.24.0-255,2902,93795,15,158197
3016,0.000883,172.31.36.0-255,66,93861,15,158197
3017,0.000888,74.125.24.0-255,2902,96763,15,158197
3018,0.00089,172.31.36.0-255,66,96829,15,158197
3019,0.000921,172.31.36.0-255,66,96895,15,158197
3020,0.000928,74.125.24.0-255,5020,101915,15,158197
3021,0.00093,172.31.36.0-255,66,101981,15,158197
3022,0.000982,74.125.24.0-255,1484,103465,15,158197
3023,0.000987,74.125.24.0-255,2902,106367,15,158197
3024,0.00099,172.31.36.0-255,66,106433,15,158197
3025,0.001013,74.125.24.0-255,5738,112171,15,158197
3026,0.001016,172.31.36.0-255,66,112237,15,158197
3027,0.001059,74.125.24.0-255,2902,115139,15,158197
3028,0.001061,172.31.36.0-255,66,115205,15,158197
3029,0.001098,172.31.36.0-255,66,115271,15,158197
3030,0.001105,172.31.36.0-255,66,115337,15,158197
3031,0.001436,74.125.24.0-255,1484,116821,15,158197
3032,0.00144,74.125.24.0-255,1484,118305,15,158197
3033,0.001443,172.31.36.0-255,66,118371,15,158197
3034,0.001458,74.125.24.0-255,1484,119855,15,158197
3035,0.001461,74.125.24.0-255,1484,121339,15,158197
3036,0.001463,172.31.36.0-255,66,121405,15,158197
3037,0.001487,74.125.24.0-255,4320,125725,15,158197
3038,0.00149,172.31.36.0-255,66,125791,15,158197
3039,0.001493,74.125.24.0-255,1484,127275,15,158197
3040,0.001505,172.31.36.0-255,66,127341,15,158197
3041,0.001537,172.31.36.0-255,66,127407,15,158197
3042,0.00155,74.125.24.0-255,2184,129591,15,158197
3043,0.001552,172.31.36.0-255,66,129657,15,158197
3044,0.001706,74.125.24.0-255,1484,131141,15,158197
3045,0.001711,74.125.24.0-255,1484,132625,15,158197
3046,0.001713,172.31.36.0-255,66,132691,15,158197
3047,0.001733,74.125.24.0-255,1484,134175,15,158197
3048,0.001739,74.125.24.0-255,5738,139913,15,158197
3049,0.001742,172.31.36.0-255,66,139979,15,158197
3050,0.001747,74.125.24.0-255,2902,142881,15,158197
3051,0.001749,172.31.36.0-255,66,142947,15,158197
3052,0.001785,172.31.36.0-255,66,143013,15,158197
3053,0.001789,172.31.36.0-255,66,143079,15,158197
3054,0.001825,74.125.24.0-255,2902,145981,15,158197
3055,0.001827,172.31.36.0-255,66,146047,15,158197
3056,0.001871,74.125.24.0-255,1484,147531,15,158197
3057,0.001877,74.125.24.0-255,4320,151851,15,158197
3058,0.001906,172.31.36.0-255,66,151917,15,158197
3059,0.00193,74.125.24.0-255,2184,154101,15,158197
3060,0.001978,74.125.24.0-255,2902,157003,15,158197
3061,0.001982,172.31.36.0-255,66,157069,15,158197
3062,0.001987,172.31.36.0-255,66,157135,15,158197
3063,0.002066,172.31.36.0-255,66,157201,15,158197
3064,0.00213,74.125.24.0-255,105,157306,15,158197
3065,0.002139,172.31.36.0-255,66,157372,15,158197
3066,0.002148,74.125.24.0-255,129,157501,15,158197
3067,0.004473,172.31.36.0-255,105,157606,15,158197
3068,0.004521,172.31.36.0-255,105,157711,15,158197
3069,0.00481,172.31.36.0-255,90,157801,15,158197
3070,0.004821,172.31.36.0-255,66,157867,15,158197
3071,0.00673,74.125.24.0-255,66,157933,15,158197
3072,0.006757,74.125.24.0-255,66,157999,15,158197
3073,0.007049,74.125.24.0-255,66,158065,15,158197
3074,0.00707,74.125.24.0-255,66,158131,15,158197
3075,0.007077,172.31.36.0-255,66,158197,15,158197
3076,0.0,172.31.36.0-255,130,130,15,1607
3077,0.000502,172.31.36.0-255,236,366,15,1607
3078,0.000527,172.31.36.0-255,417,783,15,1607
3079,0.002603,74.125.200.0-255,630,1413,15,1607
3080,0.00278,74.125.200.0-255,97,1510,15,1607
3081,0.004204,172.31.36.0-255,97,1607,15,1607
3082,0.0,74.125.24.0-255,153,153,15,104911
3083,1.4e-05,172.31.36.0-255,66,219,15,104911
3084,2.1e-05,74.125.24.0-255,1484,1703,15,104911
3085,2.6e-05,172.31.36.0-255,66,1769,15,104911
3086,3.1e-05,74.125.24.0-255,2902,4671,15,104911
3087,4.4e-05,172.31.36.0-255,66,4737,15,104911
3088,5.3e-05,74.125.24.0-255,7156,11893,15,104911
3089,5.6e-05,172.31.36.0-255,66,11959,15,104911
3090,6.1e-05,74.125.24.0-255,1987,13946,15,104911
3091,6.3e-05,172.31.36.0-255,66,14012,15,104911
3092,0.000153,74.125.24.0-255,1484,15496,15,104911
3093,0.000157,172.31.36.0-255,66,15562,15,104911
3094,0.000162,74.125.24.0-255,2902,18464,15,104911
3095,0.000165,172.31.36.0-255,66,18530,15,104911
3096,0.000186,74.125.24.0-255,5738,24268,15,104911
3097,0.000192,172.31.36.0-255,66,24334,15,104911
3098,0.00022,74.125.24.0-255,1484,25818,15,104911
3099,0.000222,172.31.36.0-255,66,25884,15,104911
3100,0.000252,74.125.24.0-255,5379,31263,15,104911
3101,0.000255,172.31.36.0-255,66,31329,15,104911
3102,0.000439,74.125.24.0-255,1484,32813,15,104911
3103,0.000444,172.31.36.0-255,66,32879,15,104911
3104,0.000451,74.125.24.0-255,2902,35781,15,104911
3105,0.000454,172.31.36.0-255,66,35847,15,104911
3106,0.000483,74.125.24.0-255,5738,41585,15,104911
3107,0.000485,172.31.36.0-255,66,41651,15,104911
3108,0.000493,74.125.24.0-255,6797,48448,15,104911
3109,0.000495,172.31.36.0-255,66,48514,15,104911
3110,0.000517,74.125.24.0-255,1484,49998,15,104911
3111,0.000519,172.31.36.0-255,66,50064,15,104911
3112,0.00055,172.31.36.0-255,66,50130,15,104911
3113,0.000572,74.125.24.0-255,2543,52673,15,104911
3114,0.000574,172.31.36.0-255,66,52739,15,104911
3115,0.001091,74.125.24.0-255,646,53385,15,104911
3116,0.00113,172.31.36.0-255,66,53451,15,104911
3117,0.001297,74.125.24.0-255,1484,54935,15,104911
3118,0.001307,74.125.24.0-255,2902,57837,15,104911
3119,0.001311,172.31.36.0-255,66,57903,15,104911
3120,0.001318,74.125.24.0-255,5738,63641,15,104911
3121,0.00132,172.31.36.0-255,66,63707,15,104911
3122,0.001331,74.125.24.0-255,4320,68027,15,104911
3123,0.001333,172.31.36.0-255,66,68093,15,104911
3124,0.00136,74.125.24.0-255,1484,69577,15,104911
3125,0.001374,172.31.36.0-255,66,69643,15,104911
3126,0.001379,74.125.24.0-255,2902,72545,15,104911
3127,0.001381,172.31.36.0-255,66,72611,15,104911
3128,0.001408,74.125.24.0-255,2184,74795,15,104911
3129,0.001411,172.31.36.0-255,66,74861,15,104911
3130,0.002184,74.125.24.0-255,1484,76345,15,104911
3131,0.002193,74.125.24.0-255,2902,79247,15,104911
3132,0.002197,172.31.36.0-255,66,79313,15,104911
3133,0.002206,74.125.24.0-255,5738,85051,15,104911
3134,0.002208,172.31.36.0-255,66,85117,15,104911
3135,0.002247,172.31.36.0-255,66,85183,15,104911
3136,0.002258,172.31.36.0-255,66,85249,15,104911
3137,0.002282,74.125.24.0-255,2184,87433,15,104911
3138,0.002285,172.31.36.0-255,66,87499,15,104911
3139,0.004492,74.125.24.0-255,5738,93237,15,104911
3140,0.004499,172.31.36.0-255,66,93303,15,104911
3141,0.006748,74.125.24.0-255,5738,99041,15,104911
3142,0.006754,172.31.36.0-255,66,99107,15,104911
3143,0.008984,74.125.24.0-255,5738,104845,15,104911
3144,0.00899,172.31.36.0-255,66,104911,15,104911
3145,0.0,74.125.68.0-255,153,153,15,154163
3146,2.3e-05,172.31.36.0-255,66,219,15,154163
3147,3e-05,74.125.68.0-255,1484,1703,15,154163
3148,3.4e-05,172.31.36.0-255,66,1769,15,154163
3149,5e-05,74.125.68.0-255,2902,4671,15,154163
3150,5.5e-05,172.31.36.0-255,66,4737,15,154163
3151,5.9e-05,74.125.68.0-255,1484,6221,15,154163
3152,6.1e-05,172.31.36.0-255,66,6287,15,154163
3153,6.7e-05,74.125.68.0-255,2902,9189,15,154163
3154,7e-05,172.31.36.0-255,66,9255,15,154163
3155,7.8e-05,74.125.68.0-255,6310,15565,15,154163
3156,8.1e-05,172.31.36.0-255,66,15631,15,154163
3157,0.000129,74.125.68.0-255,5738,21369,15,154163
3158,0.000133,172.31.36.0-255,66,21435,15,154163
3159,0.000179,74.125.68.0-255,2902,24337,15,154163
3160,0.000182,172.31.36.0-255,66,24403,15,154163
3161,0.000211,74.125.68.0-255,6797,31200,15,154163
3162,0.000214,172.31.36.0-255,66,31266,15,154163
3163,0.000273,74.125.68.0-255,2902,34168,15,154163
3164,0.000276,172.31.36.0-255,66,34234,15,154163
3165,0.000297,74.125.68.0-255,2902,37136,15,154163
3166,0.0003,172.31.36.0-255,66,37202,15,154163
3167,0.000335,74.125.68.0-255,7156,44358,15,154163
3168,0.000337,172.31.36.0-255,66,44424,15,154163
3169,0.000397,74.125.68.0-255,5738,50162,15,154163
3170,0.0004,172.31.36.0-255,66,50228,15,154163
3171,0.000428,172.31.36.0-255,66,50294,15,154163
3172,0.000541,74.125.68.0-255,6438,56732,15,154163
3173,0.000545,172.31.36.0-255,66,56798,15,154163
3174,0.000729,74.125.68.0-255,360,57158,15,154163
3175,0.000735,172.31.36.0-255,66,57224,15,154163
3176,0.000739,74.125.68.0-255,135,57359,15,154163
3177,0.001094,172.31.36.0-255,66,57425,15,154163
3178,0.001152,74.125.68.0-255,1484,58909,15,154163
3179,0.001175,74.125.68.0-255,2902,61811,15,154163
3180,0.001179,172.31.36.0-255,66,61877,15,154163
3181,0.00122,74.125.68.0-255,4320,66197,15,154163
3182,0.001237,172.31.36.0-255,66,66263,15,154163
3183,0.001246,74.125.68.0-255,7156,73419,15,154163
3184,0.001247,172.31.36.0-255,66,73485,15,154163
3185,0.001295,74.125.68.0-255,5738,79223,15,154163
3186,0.001298,172.31.36.0-255,66,79289,15,154163
3187,0.001323,74.125.68.0-255,2902,82191,15,154163
3188,0.001326,172.31.36.0-255,66,82257,15,154163
3189,0.001372,74.125.68.0-255,2902,85159,15,154163
3190,0.001375,172.31.36.0-255,66,85225,15,154163
3191,0.001398,74.125.68.0-255,2902,88127,15,154163
3192,0.001401,172.31.36.0-255,66,88193,15,154163
3193,0.001441,74.125.68.0-255,3602,91795,15,154163
3194,0.001443,172.31.36.0-255,66,91861,15,154163
3195,0.001925,74.125.68.0-255,1484,93345,15,154163
3196,0.001934,74.125.68.0-255,2902,96247,15,154163
3197,0.001939,172.31.36.0-255,66,96313,15,154163
3198,0.001946,74.125.68.0-255,4320,100633,15,154163
3199,0.001948,172.31.36.0-255,66,100699,15,154163
3200,0.001995,74.125.68.0-255,7156,107855,15,154163
3201,0.001997,172.31.36.0-255,66,107921,15,154163
3202,0.002013,74.125.68.0-255,1484,109405,15,154163
3203,0.002071,74.125.68.0-255,5738,115143,15,154163
3204,0.002074,172.31.36.0-255,66,115209,15,154163
3205,0.002136,74.125.68.0-255,7156,122365,15,154163
3206,0.002139,172.31.36.0-255,66,122431,15,154163
3207,0.002167,74.125.68.0-255,3602,126033,15,154163
3208,0.00217,172.31.36.0-255,66,126099,15,154163
3209,0.002228,74.125.68.0-255,4320,130419,15,154163
3210,0.002233,172.31.36.0-255,66,130485,15,154163
3211,0.002273,172.31.36.0-255,66,130551,15,154163
3212,0.002396,172.31.36.0-255,66,130617,15,154163
3213,0.00244,172.31.36.0-255,66,130683,15,154163
3214,0.002648,74.125.68.0-255,5738,136421,15,154163
3215,0.002652,172.31.36.0-255,66,136487,15,154163
3216,0.002696,172.31.36.0-255,66,136553,15,154163
3217,0.002883,172.31.36.0-255,66,136619,15,154163
3218,0.005178,74.125.68.0-255,2902,139521,15,154163
3219,0.005183,172.31.36.0-255,66,139587,15,154163
3220,0.005209,74.125.68.0-255,2902,142489,15,154163
3221,0.005212,172.31.36.0-255,66,142555,15,154163
3222,0.0075,74.125.68.0-255,5738,148293,15,154163
3223,0.007508,172.31.36.0-255,66,148359,15,154163
3224,0.009811,74.125.68.0-255,5738,154097,15,154163
3225,0.009819,172.31.36.0-255,66,154163,15,154163
3226,0.0,172.217.194.0-255,152,152,15,261860
3227,1.4e-05,172.31.36.0-255,66,218,15,261860
3228,2.1e-05,172.217.194.0-255,1484,1702,15,261860
3229,2.6e-05,172.31.36.0-255,66,1768,15,261860
3230,4.1e-05,172.217.194.0-255,2902,4670,15,261860
3231,4.4e-05,172.31.36.0-255,66,4736,15,261860
3232,5.1e-05,172.217.194.0-255,7156,11892,15,261860
3233,5.5e-05,172.31.36.0-255,66,11958,15,261860
3234,6e-05,172.217.194.0-255,2902,14860,15,261860
3235,6.3e-05,172.31.36.0-255,66,14926,15,261860
3236,0.000104,172.217.194.0-255,6256,21182,15,261860
3237,0.000108,172.31.36.0-255,66,21248,15,261860
3238,0.00012,172.31.36.0-255,66,21314,15,261860
3239,0.000194,172.217.194.0-255,1484,22798,15,261860
3240,0.000197,172.31.36.0-255,66,22864,15,261860
3241,0.000201,172.217.194.0-255,1484,24348,15,261860
3242,0.000203,172.31.36.0-255,66,24414,15,261860
3243,0.000234,172.217.194.0-255,1484,25898,15,261860
3244,0.000237,172.31.36.0-255,66,25964,15,261860
3245,0.000244,172.217.194.0-255,5738,31702,15,261860
3246,0.000247,172.31.36.0-255,66,31768,15,261860
3247,0.000262,172.31.36.0-255,66,31834,15,261860
3248,0.000267,172.217.194.0-255,4320,36154,15,261860
3249,0.00027,172.31.36.0-255,66,36220,15,261860
3250,0.000309,172.217.194.0-255,2902,39122,15,261860
3251,0.000312,172.31.36.0-255,66,39188,15,261860
3252,0.000337,172.217.194.0-255,2832,42020,15,261860
3253,0.000339,172.31.36.0-255,66,42086,15,261860
3254,0.000343,172.217.194.0-255,99,42185,15,261860
3255,0.000345,172.31.36.0-255,66,42251,15,261860
3256,0.000348,172.217.194.0-255,364,42615,15,261860
3257,0.000466,172.217.194.0-255,1484,44099,15,261860
3258,0.000471,172.31.36.0-255,66,44165,15,261860
3259,0.000477,172.217.194.0-255,2902,47067,15,261860
3260,0.000479,172.31.36.0-255,66,47133,15,261860
3261,0.000485,172.217.194.0-255,4320,51453,15,261860
3262,0.000492,172.31.36.0-255,66,51519,15,261860
3263,0.00052,172.217.194.0-255,1484,53003,15,261860
3264,0.000528,172.217.194.0-255,6797,59800,15,261860
3265,0.000531,172.31.36.0-255,66,59866,15,261860
3266,0.000744,172.217.194.0-255,1484,61350,15,261860
3267,0.000749,172.217.194.0-255,2902,64252,15,261860
3268,0.000751,172.217.194.0-255,1484,65736,15,261860
3269,0.000757,172.31.36.0-255,66,65802,15,261860
3270,0.000769,172.217.194.0-255,4320,70122,15,261860
3271,0.000776,172.31.36.0-255,66,70188,15,261860
3272,0.000827,172.217.194.0-255,6797,76985,15,261860
3273,0.000831,172.31.36.0-255,66,77051,15,261860
3274,0.001728,172.217.194.0-255,1484,78535,15,261860
3275,0.001738,172.217.194.0-255,2902,81437,15,261860
3276,0.001743,172.31.36.0-255,66,81503,15,261860
3277,0.001769,172.217.194.0-255,5738,87241,15,261860
3278,0.001771,172.31.36.0-255,66,87307,15,261860
3279,0.00178,172.217.194.0-255,5738,93045,15,261860
3280,0.001781,172.31.36.0-255,66,93111,15,261860
3281,0.001821,172.217.194.0-255,7156,100267,15,261860
3282,0.001823,172.31.36.0-255,66,100333,15,261860
3283,0.001831,172.217.194.0-255,7156,107489,15,261860
3284,0.001833,172.31.36.0-255,66,107555,15,261860
3285,0.001839,172.217.194.0-255,3602,111157,15,261860
3286,0.001841,172.31.36.0-255,66,111223,15,261860
3287,0.002096,172.217.194.0-255,1484,112707,15,261860
3288,0.002102,172.217.194.0-255,1484,114191,15,261860
3289,0.002106,172.31.36.0-255,66,114257,15,261860
3290,0.002154,172.217.194.0-255,1484,115741,15,261860
3291,0.002162,172.217.194.0-255,5738,121479,15,261860
3292,0.002165,172.31.36.0-255,66,121545,15,261860
3293,0.00217,172.217.194.0-255,2902,124447,15,261860
3294,0.002173,172.31.36.0-255,66,124513,15,261860
3295,0.002176,172.217.194.0-255,1484,125997,15,261860
3296,0.002179,172.217.194.0-255,1484,127481,15,261860
3297,0.002181,172.31.36.0-255,66,127547,15,261860
3298,0.002187,172.217.194.0-255,4320,131867,15,261860
3299,0.002189,172.31.36.0-255,66,131933,15,261860
3300,0.002196,172.217.194.0-255,5738,137671,15,261860
3301,0.002198,172.31.36.0-255,66,137737,15,261860
3302,0.002234,172.217.194.0-255,4320,142057,15,261860
3303,0.002237,172.31.36.0-255,66,142123,15,261860
3304,0.002242,172.217.194.0-255,3602,145725,15,261860
3305,0.002244,172.31.36.0-255,66,145791,15,261860
3306,0.002488,172.217.194.0-255,1484,147275,15,261860
3307,0.002495,172.217.194.0-255,2902,150177,15,261860
3308,0.002498,172.31.36.0-255,66,150243,15,261860
3309,0.002506,172.217.194.0-255,5738,155981,15,261860
3310,0.002509,172.31.36.0-255,66,156047,15,261860
3311,0.00254,172.217.194.0-255,5738,161785,15,261860
3312,0.002543,172.31.36.0-255,66,161851,15,261860
3313,0.002548,172.217.194.0-255,2902,164753,15,261860
3314,0.002549,172.31.36.0-255,66,164819,15,261860
3315,0.002555,172.217.194.0-255,4320,169139,15,261860
3316,0.002557,172.31.36.0-255,66,169205,15,261860
3317,0.002562,172.217.194.0-255,2902,172107,15,261860
3318,0.002564,172.31.36.0-255,66,172173,15,261860
3319,0.002594,172.217.194.0-255,4320,176493,15,261860
3320,0.002596,172.31.36.0-255,66,176559,15,261860
3321,0.002615,172.217.194.0-255,3602,180161,15,261860
3322,0.002617,172.31.36.0-255,66,180227,15,261860
3323,0.002883,172.217.194.0-255,1484,181711,15,261860
3324,0.002902,172.217.194.0-255,2902,184613,15,261860
3325,0.002906,172.31.36.0-255,66,184679,15,261860
3326,0.002912,172.217.194.0-255,5738,190417,15,261860
3327,0.002915,172.31.36.0-255,66,190483,15,261860
3328,0.002952,172.31.36.0-255,66,190549,15,261860
3329,0.002978,172.217.194.0-255,7156,197705,15,261860
3330,0.002982,172.31.36.0-255,66,197771,15,261860
3331,0.00302,172.31.36.0-255,66,197837,15,261860
3332,0.00305,172.31.36.0-255,66,197903,15,261860
3333,0.003061,172.31.36.0-255,66,197969,15,261860
3334,0.003163,172.217.194.0-255,1484,199453,15,261860
3335,0.003169,172.217.194.0-255,2902,202355,15,261860
3336,0.003172,172.31.36.0-255,66,202421,15,261860
3337,0.003175,172.217.194.0-255,1484,203905,15,261860
3338,0.003202,172.217.194.0-255,4320,208225,15,261860
3339,0.003204,172.31.36.0-255,66,208291,15,261860
3340,0.003211,172.217.194.0-255,5738,214029,15,261860
3341,0.003213,172.31.36.0-255,66,214095,15,261860
3342,0.00325,172.217.194.0-255,7156,221251,15,261860
3343,0.003252,172.31.36.0-255,66,221317,15,261860
3344,0.003265,172.31.36.0-255,66,221383,15,261860
3345,0.003581,172.217.194.0-255,1484,222867,15,261860
3346,0.003585,172.217.194.0-255,2902,225769,15,261860
3347,0.003588,172.31.36.0-255,66,225835,15,261860
3348,0.003612,172.217.194.0-255,5738,231573,15,261860
3349,0.003615,172.31.36.0-255,66,231639,15,261860
3350,0.003618,172.217.194.0-255,1484,233123,15,261860
3351,0.003653,172.31.36.0-255,66,233189,15,261860
3352,0.003663,172.31.36.0-255,66,233255,15,261860
3353,0.003692,172.217.194.0-255,4320,237575,15,261860
3354,0.003695,172.31.36.0-255,66,237641,15,261860
3355,0.003737,172.31.36.0-255,66,237707,15,261860
3356,0.003752,172.31.36.0-255,66,237773,15,261860
3357,0.004058,172.217.194.0-255,1484,239257,15,261860
3358,0.004075,172.217.194.0-255,2902,242159,15,261860
3359,0.004079,172.31.36.0-255,66,242225,15,261860
3360,0.004083,172.217.194.0-255,2902,245127,15,261860
3361,0.004085,172.31.36.0-255,66,245193,15,261860
3362,0.004104,172.217.194.0-255,2902,248095,15,261860
3363,0.004107,172.31.36.0-255,66,248161,15,261860
3364,0.004119,172.217.194.0-255,7156,255317,15,261860
3365,0.004122,172.31.36.0-255,66,255383,15,261860
3366,0.004147,172.217.194.0-255,5738,261121,15,261860
3367,0.004149,172.31.36.0-255,66,261187,15,261860
3368,0.004152,172.217.194.0-255,397,261584,15,261860
3369,0.00418,172.217.194.0-255,105,261689,15,261860
3370,0.008296,172.31.36.0-255,66,261755,15,261860
3371,0.008331,172.31.36.0-255,105,261860,15,261860
3372,0.0,172.217.194.0-255,209,209,15,128717
3373,3.5e-05,172.31.36.0-255,66,275,15,128717
3374,4.3e-05,172.217.194.0-255,1484,1759,15,128717
3375,4.8e-05,172.31.36.0-255,66,1825,15,128717
3376,6.1e-05,172.217.194.0-255,4320,6145,15,128717
3377,6.5e-05,172.31.36.0-255,66,6211,15,128717
3378,7.5e-05,172.31.36.0-255,66,6277,15,128717
3379,0.000173,172.217.194.0-255,1484,7761,15,128717
3380,0.000177,172.31.36.0-255,66,7827,15,128717
3381,0.000182,172.217.194.0-255,2902,10729,15,128717
3382,0.000187,172.31.36.0-255,66,10795,15,128717
3383,0.000201,172.217.194.0-255,5738,16533,15,128717
3384,0.000204,172.31.36.0-255,66,16599,15,128717
3385,0.00024,172.217.194.0-255,6797,23396,15,128717
3386,0.000243,172.31.36.0-255,66,23462,15,128717
3387,0.000272,172.217.194.0-255,7156,30618,15,128717
3388,0.000275,172.31.36.0-255,66,30684,15,128717
3389,0.000328,172.31.36.0-255,66,30750,15,128717
3390,0.000356,172.217.194.0-255,4320,35070,15,128717
3391,0.00036,172.31.36.0-255,66,35136,15,128717
3392,0.000404,172.31.36.0-255,66,35202,15,128717
3393,0.000421,172.217.194.0-255,5297,40499,15,128717
3394,0.000424,172.31.36.0-255,66,40565,15,128717
3395,0.000448,172.217.194.0-255,121,40686,15,128717
3396,0.000453,172.31.36.0-255,66,40752,15,128717
3397,0.000558,172.217.194.0-255,1484,42236,15,128717
3398,0.000562,172.31.36.0-255,66,42302,15,128717
3399,0.000567,172.217.194.0-255,2902,45204,15,128717
3400,0.00057,172.31.36.0-255,66,45270,15,128717
3401,0.00058,172.217.194.0-255,2902,48172,15,128717
3402,0.000584,172.31.36.0-255,66,48238,15,128717
3403,0.000611,172.217.194.0-255,2902,51140,15,128717
3404,0.000615,172.31.36.0-255,66,51206,15,128717
3405,0.000652,172.31.36.0-255,66,51272,15,128717
3406,0.000717,172.31.36.0-255,66,51338,15,128717
3407,0.000946,172.217.194.0-255,1484,52822,15,128717
3408,0.000954,172.217.194.0-255,2902,55724,15,128717
3409,0.000957,172.31.36.0-255,66,55790,15,128717
3410,0.000963,172.217.194.0-255,2902,58692,15,128717
3411,0.000965,172.31.36.0-255,66,58758,15,128717
3412,0.000986,172.217.194.0-255,2902,61660,15,128717
3413,0.000993,172.31.36.0-255,66,61726,15,128717
3414,0.001001,172.217.194.0-255,5738,67464,15,128717
3415,0.001004,172.31.36.0-255,66,67530,15,128717
3416,0.001035,172.217.194.0-255,7156,74686,15,128717
3417,0.001044,172.31.36.0-255,66,74752,15,128717
3418,0.001072,172.217.194.0-255,5738,80490,15,128717
3419,0.001076,172.31.36.0-255,66,80556,15,128717
3420,0.001108,172.217.194.0-255,5020,85576,15,128717
3421,0.001111,172.31.36.0-255,66,85642,15,128717
3422,0.001142,172.217.194.0-255,5738,91380,15,128717
3423,0.001145,172.31.36.0-255,66,91446,15,128717
3424,0.001188,172.217.194.0-255,4320,95766,15,128717
3425,0.001192,172.31.36.0-255,66,95832,15,128717
3426,0.001227,172.31.36.0-255,66,95898,15,128717
3427,0.001264,172.217.194.0-255,5738,101636,15,128717
3428,0.001267,172.31.36.0-255,66,101702,15,128717
3429,0.001304,172.31.36.0-255,66,101768,15,128717
3430,0.001372,172.31.36.0-255,66,101834,15,128717
3431,0.001417,172.217.194.0-255,4320,106154,15,128717
3432,0.001424,172.31.36.0-255,66,106220,15,128717
3433,0.001478,172.31.36.0-255,66,106286,15,128717
3434,0.0016,172.31.36.0-255,66,106352,15,128717
3435,0.001634,172.31.36.0-255,66,106418,15,128717
3436,0.001754,172.31.36.0-255,66,106484,15,128717
3437,0.001829,172.217.194.0-255,5738,112222,15,128717
3438,0.001832,172.31.36.0-255,66,112288,15,128717
3439,0.001882,172.31.36.0-255,66,112354,15,128717
3440,0.002046,172.217.194.0-255,7156,119510,15,128717
3441,0.002051,172.31.36.0-255,66,119576,15,128717
3442,0.002097,172.31.36.0-255,66,119642,15,128717
3443,0.002216,172.217.194.0-255,1484,121126,15,128717
3444,0.002241,172.31.36.0-255,66,121192,15,128717
3445,0.002281,172.31.36.0-255,66,121258,15,128717
3446,0.002396,172.217.194.0-255,5738,126996,15,128717
3447,0.002399,172.31.36.0-255,66,127062,15,128717
3448,0.00265,172.217.194.0-255,1484,128546,15,128717
3449,0.005524,172.31.36.0-255,66,128612,15,128717
3450,0.008367,172.31.36.0-255,105,128717,15,128717
3451,0.0,74.125.24.0-255,147,147,15,170140
3452,1.5e-05,172.31.36.0-255,66,213,15,170140
3453,2.2e-05,74.125.24.0-255,1484,1697,15,170140
3454,2.6e-05,172.31.36.0-255,66,1763,15,170140
3455,3.3e-05,74.125.24.0-255,2902,4665,15,170140
3456,3.5e-05,172.31.36.0-255,66,4731,15,170140
3457,4.7e-05,74.125.24.0-255,1484,6215,15,170140
3458,4.9e-05,172.31.36.0-255,66,6281,15,170140
3459,5.4e-05,74.125.24.0-255,2902,9183,15,170140
3460,5.7e-05,172.31.36.0-255,66,9249,15,170140
3461,6.5e-05,74.125.24.0-255,6255,15504,15,170140
3462,6.9e-05,172.31.36.0-255,66,15570,15,170140
3463,7.2e-05,74.125.24.0-255,1484,17054,15,170140
3464,7.4e-05,172.31.36.0-255,66,17120,15,170140
3465,0.00012,172.31.36.0-255,66,17186,15,170140
3466,0.000127,74.125.24.0-255,5379,22565,15,170140
3467,0.000129,172.31.36.0-255,66,22631,15,170140
3468,0.000269,74.125.24.0-255,1484,24115,15,170140
3469,0.000274,172.31.36.0-255,66,24181,15,170140
3470,0.00028,74.125.24.0-255,2902,27083,15,170140
3471,0.000282,172.31.36.0-255,66,27149,15,170140
3472,0.000315,74.125.24.0-255,5738,32887,15,170140
3473,0.000318,172.31.36.0-255,66,32953,15,170140
3474,0.000342,74.125.24.0-255,6797,39750,15,170140
3475,0.000345,172.31.36.0-255,66,39816,15,170140
3476,0.000373,74.125.24.0-255,7156,46972,15,170140
3477,0.000375,172.31.36.0-255,66,47038,15,170140
3478,0.000379,74.125.24.0-255,1484,48522,15,170140
3479,0.00038,172.31.36.0-255,66,48588,15,170140
3480,0.000441,172.31.36.0-255,66,48654,15,170140
3481,0.000492,74.125.24.0-255,344,48998,15,170140
3482,0.000523,74.125.24.0-255,1484,50482,15,170140
3483,0.000526,172.31.36.0-255,66,50548,15,170140
3484,0.00053,74.125.24.0-255,1484,52032,15,170140
3485,0.000549,74.125.24.0-255,1484,53516,15,170140
3486,0.000552,172.31.36.0-255,66,53582,15,170140
3487,0.000558,74.125.24.0-255,5738,59320,15,170140
3488,0.000561,172.31.36.0-255,66,59386,15,170140
3489,0.000595,172.31.36.0-255,66,59452,15,170140
3490,0.000625,74.125.24.0-255,2902,62354,15,170140
3491,0.000627,172.31.36.0-255,66,62420,15,170140
3492,0.000634,74.125.24.0-255,5738,68158,15,170140
3493,0.000636,172.31.36.0-255,66,68224,15,170140
3494,0.000647,74.125.24.0-255,5020,73244,15,170140
3495,0.00065,172.31.36.0-255,66,73310,15,170140
3496,0.001052,74.125.24.0-255,1484,74794,15,170140
3497,0.00106,74.125.24.0-255,2902,77696,15,170140
3498,0.001064,172.31.36.0-255,66,77762,15,170140
3499,0.001094,74.125.24.0-255,5738,83500,15,170140
3500,0.001098,172.31.36.0-255,66,83566,15,170140
3501,0.001128,74.125.24.0-255,2902,86468,15,170140
3502,0.00113,172.31.36.0-255,66,86534,15,170140
3503,0.001144,172.31.36.0-255,66,86600,15,170140
3504,0.001162,172.31.36.0-255,66,86666,15,170140
3505,0.001445,74.125.24.0-255,1484,88150,15,170140
3506,0.001451,74.125.24.0-255,2902,91052,15,170140
3507,0.001455,172.31.36.0-255,66,91118,15,170140
3508,0.00146,74.125.24.0-255,2902,94020,15,170140
3509,0.001462,172.31.36.0-255,66,94086,15,170140
3510,0.001498,74.125.24.0-255,2902,96988,15,170140
3511,0.001501,172.31.36.0-255,66,97054,15,170140
3512,0.001514,172.31.36.0-255,66,97120,15,170140
3513,0.001532,172.31.36.0-255,66,97186,15,170140
3514,0.001672,74.125.24.0-255,1484,98670,15,170140
3515,0.001677,74.125.24.0-255,2902,101572,15,170140
3516,0.001682,172.31.36.0-255,66,101638,15,170140
3517,0.001706,74.125.24.0-255,5738,107376,15,170140
3518,0.001708,172.31.36.0-255,66,107442,15,170140
3519,0.001716,74.125.24.0-255,5738,113180,15,170140
3520,0.001718,172.31.36.0-255,66,113246,15,170140
3521,0.001758,74.125.24.0-255,7156,120402,15,170140
3522,0.001761,172.31.36.0-255,66,120468,15,170140
3523,0.001774,172.31.36.0-255,66,120534,15,170140
3524,0.00179,172.31.36.0-255,66,120600,15,170140
3525,0.001834,172.31.36.0-255,66,120666,15,170140
3526,0.001844,172.31.36.0-255,66,120732,15,170140
3527,0.001869,74.125.24.0-255,1484,122216,15,170140
3528,0.001889,74.125.24.0-255,2902,125118,15,170140
3529,0.001892,172.31.36.0-255,66,125184,15,170140
3530,0.001899,74.125.24.0-255,5738,130922,15,170140
3531,0.001901,172.31.36.0-255,66,130988,15,170140
3532,0.001943,74.125.24.0-255,2902,133890,15,170140
3533,0.001945,172.31.36.0-255,66,133956,15,170140
3534,0.001981,74.125.24.0-255,7156,141112,15,170140
3535,0.001984,172.31.36.0-255,66,141178,15,170140
3536,0.001998,172.31.36.0-255,66,141244,15,170140
3537,0.002011,172.31.36.0-255,66,141310,15,170140
3538,0.002047,74.125.24.0-255,2902,144212,15,170140
3539,0.0021,172.31.36.0-255,66,144278,15,170140
3540,0.002104,172.31.36.0-255,66,144344,15,170140
3541,0.002107,172.31.36.0-255,66,144410,15,170140
3542,0.002114,172.31.36.0-255,66,144476,15,170140
3543,0.002121,74.125.24.0-255,766,145242,15,170140
3544,0.002126,74.125.24.0-255,2902,148144,15,170140
3545,0.002128,172.31.36.0-255,66,148210,15,170140
3546,0.002134,74.125.24.0-255,4320,152530,15,170140
3547,0.002136,172.31.36.0-255,66,152596,15,170140
3548,0.002146,172.31.36.0-255,66,152662,15,170140
3549,0.002196,172.31.36.0-255,66,152728,15,170140
3550,0.004476,74.125.24.0-255,5738,158466,15,170140
3551,0.004482,172.31.36.0-255,66,158532,15,170140
3552,0.006766,74.125.24.0-255,5738,164270,15,170140
3553,0.006775,172.31.36.0-255,66,164336,15,170140
3554,0.009036,74.125.24.0-255,5738,170074,15,170140
3555,0.00904,172.31.36.0-255,66,170140,15,170140
3556,0.0,74.125.68.0-255,143,143,15,103658
3557,2e-05,172.31.36.0-255,66,209,15,103658
3558,2.7e-05,74.125.68.0-255,1484,1693,15,103658
3559,3.1e-05,172.31.36.0-255,66,1759,15,103658
3560,3.7e-05,74.125.68.0-255,2902,4661,15,103658
3561,4.9e-05,172.31.36.0-255,66,4727,15,103658
3562,5.7e-05,74.125.68.0-255,5738,10465,15,103658
3563,6e-05,172.31.36.0-255,66,10531,15,103658
3564,9.5e-05,74.125.68.0-255,3393,13924,15,103658
3565,9.8e-05,172.31.36.0-255,66,13990,15,103658
3566,0.000218,74.125.68.0-255,1484,15474,15,103658
3567,0.000223,172.31.36.0-255,66,15540,15,103658
3568,0.000228,74.125.68.0-255,2902,18442,15,103658
3569,0.00023,172.31.36.0-255,66,18508,15,103658
3570,0.000258,74.125.68.0-255,5738,24246,15,103658
3571,0.000261,172.31.36.0-255,66,24312,15,103658
3572,0.000288,74.125.68.0-255,4320,28632,15,103658
3573,0.00029,172.31.36.0-255,66,28698,15,103658
3574,0.00033,74.125.68.0-255,2543,31241,15,103658
3575,0.000333,172.31.36.0-255,66,31307,15,103658
3576,0.000715,74.125.68.0-255,1484,32791,15,103658
3577,0.00072,172.31.36.0-255,66,32857,15,103658
3578,0.000748,74.125.68.0-255,2902,35759,15,103658
3579,0.000753,172.31.36.0-255,66,35825,15,103658
3580,0.000775,74.125.68.0-255,5738,41563,15,103658
3581,0.000778,172.31.36.0-255,66,41629,15,103658
3582,0.000814,74.125.68.0-255,6797,48426,15,103658
3583,0.000822,172.31.36.0-255,66,48492,15,103658
3584,0.000862,74.125.68.0-255,1484,49976,15,103658
3585,0.000867,172.31.36.0-255,66,50042,15,103658
3586,0.000879,74.125.68.0-255,2902,52944,15,103658
3587,0.000886,172.31.36.0-255,66,53010,15,103658
3588,0.000913,74.125.68.0-255,5738,58748,15,103658
3589,0.000923,172.31.36.0-255,66,58814,15,103658
3590,0.000959,74.125.68.0-255,6797,65611,15,103658
3591,0.000984,74.125.68.0-255,398,66009,15,103658
3592,0.000988,172.31.36.0-255,66,66075,15,103658
3593,0.001017,74.125.68.0-255,112,66187,15,103658
3594,0.001035,74.125.68.0-255,331,66518,15,103658
3595,0.001535,74.125.68.0-255,1484,68002,15,103658
3596,0.001544,74.125.68.0-255,2902,70904,15,103658
3597,0.001557,74.125.68.0-255,1484,72388,15,103658
3598,0.001578,74.125.68.0-255,4320,76708,15,103658
3599,0.001593,74.125.68.0-255,2902,79610,15,103658
3600,0.001603,74.125.68.0-255,1484,81094,15,103658
3601,0.001648,74.125.68.0-255,4320,85414,15,103658
3602,0.001666,74.125.68.0-255,1484,86898,15,103658
3603,0.001691,74.125.68.0-255,2902,89800,15,103658
3604,0.001791,74.125.68.0-255,2184,91984,15,103658
3605,0.005134,172.31.36.0-255,66,92050,15,103658
3606,0.007345,74.125.68.0-255,5738,97788,15,103658
3607,0.007355,172.31.36.0-255,66,97854,15,103658
3608,0.009561,74.125.68.0-255,5738,103592,15,103658
3609,0.009575,172.31.36.0-255,66,103658,15,103658
3610,0.0,172.217.24.0-255,153,153,15,177382
3611,2.1e-05,172.31.36.0-255,66,219,15,177382
3612,2.8e-05,172.217.24.0-255,1484,1703,15,177382
3613,3.4e-05,172.31.36.0-255,66,1769,15,177382
3614,4.9e-05,172.217.24.0-255,2902,4671,15,177382
3615,5.3e-05,172.31.36.0-255,66,4737,15,177382
3616,5.9e-05,172.217.24.0-255,4320,9057,15,177382
3617,6.3e-05,172.31.36.0-255,66,9123,15,177382
3618,7e-05,172.217.24.0-255,4836,13959,15,177382
3619,7.3e-05,172.31.36.0-255,66,14025,15,177382
3620,8.6e-05,172.31.36.0-255,66,14091,15,177382
3621,9.2e-05,172.217.24.0-255,5379,19470,15,177382
3622,9.5e-05,172.31.36.0-255,66,19536,15,177382
3623,0.000168,172.217.24.0-255,1484,21020,15,177382
3624,0.000171,172.31.36.0-255,66,21086,15,177382
3625,0.000202,172.217.24.0-255,2902,23988,15,177382
3626,0.000205,172.31.36.0-255,66,24054,15,177382
3627,0.000211,172.217.24.0-255,5738,29792,15,177382
3628,0.000213,172.31.36.0-255,66,29858,15,177382
3629,0.000216,172.217.24.0-255,1484,31342,15,177382
3630,0.000218,172.31.36.0-255,66,31408,15,177382
3631,0.000251,172.217.24.0-255,5379,36787,15,177382
3632,0.000254,172.31.36.0-255,66,36853,15,177382
3633,0.000399,172.217.24.0-255,1484,38337,15,177382
3634,0.000404,172.31.36.0-255,66,38403,15,177382
3635,0.00041,172.217.24.0-255,2902,41305,15,177382
3636,0.000413,172.31.36.0-255,66,41371,15,177382
3637,0.000423,172.217.24.0-255,4320,45691,15,177382
3638,0.000425,172.31.36.0-255,66,45757,15,177382
3639,0.000431,172.217.24.0-255,4320,50077,15,177382
3640,0.000433,172.31.36.0-255,66,50143,15,177382
3641,0.000465,172.217.24.0-255,1484,51627,15,177382
3642,0.000473,172.217.24.0-255,2836,54463,15,177382
3643,0.000475,172.31.36.0-255,66,54529,15,177382
3644,0.00115,172.217.24.0-255,385,54914,15,177382
3645,0.001252,172.217.24.0-255,1484,56398,15,177382
3646,0.001259,172.31.36.0-255,66,56464,15,177382
3647,0.001265,172.217.24.0-255,2902,59366,15,177382
3648,0.001267,172.31.36.0-255,66,59432,15,177382
3649,0.001274,172.217.24.0-255,5738,65170,15,177382
3650,0.001276,172.31.36.0-255,66,65236,15,177382
3651,0.00129,172.217.24.0-255,6797,72033,15,177382
3652,0.001292,172.31.36.0-255,66,72099,15,177382
3653,0.001328,172.217.24.0-255,1484,73583,15,177382
3654,0.001341,172.217.24.0-255,2902,76485,15,177382
3655,0.001344,172.31.36.0-255,66,76551,15,177382
3656,0.001348,172.217.24.0-255,1484,78035,15,177382
3657,0.001376,172.217.24.0-255,4320,82355,15,177382
3658,0.001379,172.31.36.0-255,66,82421,15,177382
3659,0.001387,172.217.24.0-255,6797,89218,15,177382
3660,0.001389,172.31.36.0-255,66,89284,15,177382
3661,0.001449,172.217.24.0-255,1484,90768,15,177382
3662,0.001454,172.217.24.0-255,2902,93670,15,177382
3663,0.001456,172.31.36.0-255,66,93736,15,177382
3664,0.001487,172.217.24.0-255,1484,95220,15,177382
3665,0.001491,172.217.24.0-255,2902,98122,15,177382
3666,0.001493,172.31.36.0-255,66,98188,15,177382
3667,0.001501,172.217.24.0-255,5738,103926,15,177382
3668,0.001503,172.31.36.0-255,66,103992,15,177382
3669,0.001552,172.31.36.0-255,66,104058,15,177382
3670,0.001559,172.217.24.0-255,6438,110496,15,177382
3671,0.001562,172.31.36.0-255,66,110562,15,177382
3672,0.00165,172.217.24.0-255,1484,112046,15,177382
3673,0.001655,172.217.24.0-255,2902,114948,15,177382
3674,0.001661,172.31.36.0-255,66,115014,15,177382
3675,0.001673,172.217.24.0-255,5738,120752,15,177382
3676,0.001679,172.31.36.0-255,66,120818,15,177382
3677,0.001684,172.217.24.0-255,2902,123720,15,177382
3678,0.001686,172.31.36.0-255,66,123786,15,177382
3679,0.001712,172.217.24.0-255,2902,126688,15,177382
3680,0.001715,172.31.36.0-255,66,126754,15,177382
3681,0.001727,172.217.24.0-255,7156,133910,15,177382
3682,0.00173,172.31.36.0-255,66,133976,15,177382
3683,0.001774,172.31.36.0-255,66,134042,15,177382
3684,0.001854,172.217.24.0-255,1484,135526,15,177382
3685,0.001858,172.217.24.0-255,1484,137010,15,177382
3686,0.001861,172.31.36.0-255,66,137076,15,177382
3687,0.00188,172.217.24.0-255,1484,138560,15,177382
3688,0.001887,172.217.24.0-255,5738,144298,15,177382
3689,0.00189,172.31.36.0-255,66,144364,15,177382
3690,0.001897,172.217.24.0-255,5738,150102,15,177382
3691,0.001899,172.31.36.0-255,66,150168,15,177382
3692,0.001943,172.217.24.0-255,4320,154488,15,177382
3693,0.001947,172.31.36.0-255,66,154554,15,177382
3694,0.001964,172.31.36.0-255,66,154620,15,177382
3695,0.001969,172.217.24.0-255,2184,156804,15,177382
3696,0.001971,172.31.36.0-255,66,156870,15,177382
3697,0.003905,172.217.24.0-255,4320,161190,15,177382
3698,0.003913,172.31.36.0-255,66,161256,15,177382
3699,0.003949,172.217.24.0-255,1484,162740,15,177382
3700,0.005832,172.217.24.0-255,2902,165642,15,177382
3701,0.005837,172.31.36.0-255,66,165708,15,177382
3702,0.005854,172.217.24.0-255,1484,167192,15,177382
3703,0.007785,172.217.24.0-255,4320,171512,15,177382
3704,0.007788,172.31.36.0-255,66,171578,15,177382
3705,0.009736,172.217.24.0-255,5738,177316,15,177382
3706,0.009743,172.31.36.0-255,66,177382,15,177382
3707,0.0,74.125.68.0-255,153,153,15,111646
3708,2.9e-05,172.31.36.0-255,66,219,15,111646
3709,3.6e-05,74.125.68.0-255,1484,1703,15,111646
3710,4.1e-05,172.31.36.0-255,66,1769,15,111646
3711,4.6e-05,74.125.68.0-255,2902,4671,15,111646
3712,4.8e-05,172.31.36.0-255,66,4737,15,111646
3713,5.4e-05,74.125.68.0-255,7156,11893,15,111646
3714,5.7e-05,172.31.36.0-255,66,11959,15,111646
3715,6.2e-05,74.125.68.0-255,2001,13960,15,111646
3716,6.3e-05,172.31.36.0-255,66,14026,15,111646
3717,0.000126,74.125.68.0-255,1484,15510,15,111646
3718,0.00013,172.31.36.0-255,66,15576,15,111646
3719,0.00015,74.125.68.0-255,2902,18478,15,111646
3720,0.000153,172.31.36.0-255,66,18544,15,111646
3721,0.000174,74.125.68.0-255,4320,22864,15,111646
3722,0.000179,172.31.36.0-255,66,22930,15,111646
3723,0.000185,74.125.68.0-255,5738,28668,15,111646
3724,0.000187,172.31.36.0-255,66,28734,15,111646
3725,0.000211,74.125.68.0-255,2543,31277,15,111646
3726,0.000215,172.31.36.0-255,66,31343,15,111646
3727,0.000306,74.125.68.0-255,1484,32827,15,111646
3728,0.00031,172.31.36.0-255,66,32893,15,111646
3729,0.000331,74.125.68.0-255,2902,35795,15,111646
3730,0.000334,172.31.36.0-255,66,35861,15,111646
3731,0.00036,74.125.68.0-255,4320,40181,15,111646
3732,0.000365,172.31.36.0-255,66,40247,15,111646
3733,0.00037,74.125.68.0-255,1484,41731,15,111646
3734,0.000372,172.31.36.0-255,66,41797,15,111646
3735,0.000396,74.125.68.0-255,4320,46117,15,111646
3736,0.000399,172.31.36.0-255,66,46183,15,111646
3737,0.000417,74.125.68.0-255,2543,48726,15,111646
3738,0.000421,172.31.36.0-255,66,48792,15,111646
3739,0.000492,74.125.68.0-255,1484,50276,15,111646
3740,0.000509,74.125.68.0-255,2902,53178,15,111646
3741,0.000513,172.31.36.0-255,66,53244,15,111646
3742,0.00054,74.125.68.0-255,4320,57564,15,111646
3743,0.000543,172.31.36.0-255,66,57630,15,111646
3744,0.000562,74.125.68.0-255,1484,59114,15,111646
3745,0.000591,74.125.68.0-255,6797,65911,15,111646
3746,0.000595,172.31.36.0-255,66,65977,15,111646
3747,0.000897,74.125.68.0-255,647,66624,15,111646
3748,0.001189,74.125.68.0-255,1484,68108,15,111646
3749,0.001195,172.31.36.0-255,66,68174,15,111646
3750,0.001215,74.125.68.0-255,2902,71076,15,111646
3751,0.001217,172.31.36.0-255,66,71142,15,111646
3752,0.001237,74.125.68.0-255,5738,76880,15,111646
3753,0.00124,172.31.36.0-255,66,76946,15,111646
3754,0.001249,74.125.68.0-255,7156,84102,15,111646
3755,0.00125,172.31.36.0-255,66,84168,15,111646
3756,0.001264,74.125.68.0-255,1484,85652,15,111646
3757,0.001276,74.125.68.0-255,2902,88554,15,111646
3758,0.001279,172.31.36.0-255,66,88620,15,111646
3759,0.001301,172.31.36.0-255,66,88686,15,111646
3760,0.001348,74.125.68.0-255,2184,90870,15,111646
3761,0.001351,172.31.36.0-255,66,90936,15,111646
3762,0.002045,74.125.68.0-255,1484,92420,15,111646
3763,0.002063,74.125.68.0-255,2902,95322,15,111646
3764,0.002066,172.31.36.0-255,66,95388,15,111646
3765,0.003302,74.125.68.0-255,1484,96872,15,111646
3766,0.004024,74.125.68.0-255,2902,99774,15,111646
3767,0.004027,172.31.36.0-255,66,99840,15,111646
3768,0.004043,74.125.68.0-255,1484,101324,15,111646
3769,0.006009,74.125.68.0-255,1484,102808,15,111646
3770,0.006012,172.31.36.0-255,66,102874,15,111646
3771,0.00603,74.125.68.0-255,2902,105776,15,111646
3772,0.006033,172.31.36.0-255,66,105842,15,111646
3773,0.008007,74.125.68.0-255,5738,111580,15,111646
3774,0.008014,172.31.36.0-255,66,111646,15,111646
3775,0.0,74.125.24.0-255,153,153,15,158044
3776,3.2e-05,172.31.36.0-255,66,219,15,158044
3777,4e-05,74.125.24.0-255,1484,1703,15,158044
3778,4.5e-05,172.31.36.0-255,66,1769,15,158044
3779,5e-05,74.125.24.0-255,2902,4671,15,158044
3780,5.2e-05,172.31.36.0-255,66,4737,15,158044
3781,6e-05,74.125.24.0-255,7156,11893,15,158044
3782,6.2e-05,172.31.36.0-255,66,11959,15,158044
3783,6.7e-05,74.125.24.0-255,2902,14861,15,158044
3784,7e-05,172.31.36.0-255,66,14927,15,158044
3785,0.0001,74.125.24.0-255,4894,19821,15,158044
3786,0.000106,172.31.36.0-255,66,19887,15,158044
3787,0.000116,172.31.36.0-255,66,19953,15,158044
3788,0.000137,74.125.24.0-255,2543,22496,15,158044
3789,0.00014,172.31.36.0-255,66,22562,15,158044
3790,0.000817,74.125.24.0-255,1484,24046,15,158044
3791,0.000824,172.31.36.0-255,66,24112,15,158044
3792,0.000835,74.125.24.0-255,2902,27014,15,158044
3793,0.000837,172.31.36.0-255,66,27080,15,158044
3794,0.000844,74.125.24.0-255,5738,32818,15,158044
3795,0.000845,172.31.36.0-255,66,32884,15,158044
3796,0.000895,172.31.36.0-255,66,32950,15,158044
3797,0.000903,74.125.24.0-255,7156,40106,15,158044
3798,0.000905,172.31.36.0-255,66,40172,15,158044
3799,0.00094,74.125.24.0-255,2818,42990,15,158044
3800,0.000946,172.31.36.0-255,66,43056,15,158044
3801,0.000977,74.125.24.0-255,130,43186,15,158044
3802,0.00098,172.31.36.0-255,66,43252,15,158044
3803,0.000999,74.125.24.0-255,1484,44736,15,158044
3804,0.001002,172.31.36.0-255,66,44802,15,158044
3805,0.001008,74.125.24.0-255,2902,47704,15,158044
3806,0.001011,172.31.36.0-255,66,47770,15,158044
3807,0.001028,74.125.24.0-255,7156,54926,15,158044
3808,0.00103,172.31.36.0-255,66,54992,15,158044
3809,0.001034,74.125.24.0-255,2902,57894,15,158044
3810,0.001036,172.31.36.0-255,66,57960,15,158044
3811,0.001087,74.125.24.0-255,2543,60503,15,158044
3812,0.001094,172.31.36.0-255,66,60569,15,158044
3813,0.001114,74.125.24.0-255,2902,63471,15,158044
3814,0.001118,172.31.36.0-255,66,63537,15,158044
3815,0.001122,74.125.24.0-255,2902,66439,15,158044
3816,0.001125,172.31.36.0-255,66,66505,15,158044
3817,0.001144,74.125.24.0-255,4320,70825,15,158044
3818,0.001147,172.31.36.0-255,66,70891,15,158044
3819,0.001154,74.125.24.0-255,4320,75211,15,158044
3820,0.001157,172.31.36.0-255,66,75277,15,158044
3821,0.001181,74.125.24.0-255,2543,77820,15,158044
3822,0.001184,172.31.36.0-255,66,77886,15,158044
3823,0.001397,74.125.24.0-255,1484,79370,15,158044
3824,0.001402,74.125.24.0-255,2902,82272,15,158044
3825,0.001405,172.31.36.0-255,66,82338,15,158044
3826,0.00141,74.125.24.0-255,2902,85240,15,158044
3827,0.001412,172.31.36.0-255,66,85306,15,158044
3828,0.001426,74.125.24.0-255,2902,88208,15,158044
3829,0.001429,172.31.36.0-255,66,88274,15,158044
3830,0.001455,172.31.36.0-255,66,88340,15,158044
3831,0.001501,172.31.36.0-255,66,88406,15,158044
3832,0.00152,74.125.24.0-255,3602,92008,15,158044
3833,0.001522,172.31.36.0-255,66,92074,15,158044
3834,0.001554,74.125.24.0-255,1484,93558,15,158044
3835,0.001571,74.125.24.0-255,1484,95042,15,158044
3836,0.001573,172.31.36.0-255,66,95108,15,158044
3837,0.00159,74.125.24.0-255,1484,96592,15,158044
3838,0.001596,74.125.24.0-255,5738,102330,15,158044
3839,0.001599,172.31.36.0-255,66,102396,15,158044
3840,0.001604,74.125.24.0-255,5738,108134,15,158044
3841,0.001606,172.31.36.0-255,66,108200,15,158044
3842,0.001629,74.125.24.0-255,4320,112520,15,158044
3843,0.001631,172.31.36.0-255,66,112586,15,158044
3844,0.00166,172.31.36.0-255,66,112652,15,158044
3845,0.001665,74.125.24.0-255,5020,117672,15,158044
3846,0.001668,172.31.36.0-255,66,117738,15,158044
3847,0.0018,74.125.24.0-255,1484,119222,15,158044
3848,0.001834,74.125.24.0-255,2902,122124,15,158044
3849,0.001838,172.31.36.0-255,66,122190,15,158044
3850,0.001842,74.125.24.0-255,1484,123674,15,158044
3851,0.001858,74.125.24.0-255,2902,126576,15,158044
3852,0.00186,172.31.36.0-255,66,126642,15,158044
3853,0.0019,74.125.24.0-255,2902,129544,15,158044
3854,0.001902,172.31.36.0-255,66,129610,15,158044
3855,0.001931,74.125.24.0-255,1484,131094,15,158044
3856,0.001938,74.125.24.0-255,5738,136832,15,158044
3857,0.00194,172.31.36.0-255,66,136898,15,158044
3858,0.001952,172.31.36.0-255,66,136964,15,158044
3859,0.001956,74.125.24.0-255,3602,140566,15,158044
3860,0.001958,172.31.36.0-255,66,140632,15,158044
3861,0.00402,74.125.24.0-255,5738,146370,15,158044
3862,0.004024,172.31.36.0-255,66,146436,15,158044
3863,0.006093,74.125.24.0-255,5738,152174,15,158044
3864,0.006103,172.31.36.0-255,66,152240,15,158044
3865,0.008226,74.125.24.0-255,5738,157978,15,158044
3866,0.008233,172.31.36.0-255,66,158044,15,158044
3867,0.0,172.217.27.0-255,152,152,15,119703
3868,2.3e-05,172.31.36.0-255,66,218,15,119703
3869,3.1e-05,172.217.27.0-255,1484,1702,15,119703
3870,3.5e-05,172.31.36.0-255,66,1768,15,119703
3871,4.9e-05,172.217.27.0-255,2902,4670,15,119703
3872,5.2e-05,172.31.36.0-255,66,4736,15,119703
3873,5.8e-05,172.217.27.0-255,4320,9056,15,119703
3874,6.2e-05,172.31.36.0-255,66,9122,15,119703
3875,6.6e-05,172.217.27.0-255,1484,10606,15,119703
3876,6.8e-05,172.31.36.0-255,66,10672,15,119703
3877,9e-05,172.217.27.0-255,3472,14144,15,119703
3878,9.7e-05,172.31.36.0-255,66,14210,15,119703
3879,0.000104,172.217.27.0-255,5738,19948,15,119703
3880,0.000106,172.31.36.0-255,66,20014,15,119703
3881,0.000145,172.217.27.0-255,2902,22916,15,119703
3882,0.000148,172.31.36.0-255,66,22982,15,119703
3883,0.000187,172.31.36.0-255,66,23048,15,119703
3884,0.000267,172.217.27.0-255,1484,24532,15,119703
3885,0.00027,172.31.36.0-255,66,24598,15,119703
3886,0.000308,172.217.27.0-255,5738,30336,15,119703
3887,0.000311,172.31.36.0-255,66,30402,15,119703
3888,0.000323,172.217.27.0-255,1484,31886,15,119703
3889,0.000329,172.31.36.0-255,66,31952,15,119703
3890,0.000333,172.217.27.0-255,1484,33436,15,119703
3891,0.000335,172.31.36.0-255,66,33502,15,119703
3892,0.00036,172.217.27.0-255,5020,38522,15,119703
3893,0.000367,172.31.36.0-255,66,38588,15,119703
3894,0.000579,172.217.27.0-255,1484,40072,15,119703
3895,0.000584,172.31.36.0-255,66,40138,15,119703
3896,0.000589,172.217.27.0-255,2902,43040,15,119703
3897,0.000592,172.31.36.0-255,66,43106,15,119703
3898,0.000604,172.217.27.0-255,5738,48844,15,119703
3899,0.000607,172.31.36.0-255,66,48910,15,119703
3900,0.000651,172.217.27.0-255,7068,55978,15,119703
3901,0.000669,172.31.36.0-255,66,56044,15,119703
3902,0.000686,172.217.27.0-255,137,56181,15,119703
3903,0.000829,172.217.27.0-255,1484,57665,15,119703
3904,0.000833,172.31.36.0-255,66,57731,15,119703
3905,0.000839,172.217.27.0-255,2902,60633,15,119703
3906,0.000841,172.31.36.0-255,66,60699,15,119703
3907,0.000844,172.217.27.0-255,1484,62183,15,119703
3908,0.000876,172.217.27.0-255,4320,66503,15,119703
3909,0.000878,172.31.36.0-255,66,66569,15,119703
3910,0.00092,172.217.27.0-255,6797,73366,15,119703
3911,0.000923,172.31.36.0-255,66,73432,15,119703
3912,0.000951,172.217.27.0-255,1484,74916,15,119703
3913,0.000956,172.217.27.0-255,1484,76400,15,119703
3914,0.000958,172.31.36.0-255,66,76466,15,119703
3915,0.000982,172.217.27.0-255,1484,77950,15,119703
3916,0.000987,172.217.27.0-255,4320,82270,15,119703
3917,0.00099,172.31.36.0-255,66,82336,15,119703
3918,0.001013,172.217.27.0-255,1484,83820,15,119703
3919,0.001038,172.217.27.0-255,6797,90617,15,119703
3920,0.001041,172.31.36.0-255,66,90683,15,119703
3921,0.002687,172.217.27.0-255,5738,96421,15,119703
3922,0.002694,172.31.36.0-255,66,96487,15,119703
3923,0.004405,172.217.27.0-255,5738,102225,15,119703
3924,0.004412,172.31.36.0-255,66,102291,15,119703
3925,0.006063,172.217.27.0-255,5738,108029,15,119703
3926,0.00607,172.31.36.0-255,66,108095,15,119703
3927,0.007716,172.217.27.0-255,5738,113833,15,119703
3928,0.007723,172.31.36.0-255,66,113899,15,119703
3929,0.009372,172.217.27.0-255,5738,119637,15,119703
3930,0.00938,172.31.36.0-255,66,119703,15,119703
3931,0.0,172.253.118.0-255,156,156,15,186945
3932,2.1e-05,172.31.36.0-255,66,222,15,186945
3933,2.8e-05,172.253.118.0-255,1484,1706,15,186945
3934,3.3e-05,172.31.36.0-255,66,1772,15,186945
3935,4.8e-05,172.253.118.0-255,2902,4674,15,186945
3936,5.2e-05,172.31.36.0-255,66,4740,15,186945
3937,5.6e-05,172.253.118.0-255,2902,7642,15,186945
3938,5.9e-05,172.31.36.0-255,66,7708,15,186945
3939,7.2e-05,172.31.36.0-255,66,7774,15,186945
3940,8.4e-05,172.31.36.0-255,66,7840,15,186945
3941,0.000108,172.253.118.0-255,1484,9324,15,186945
3942,0.00011,172.31.36.0-255,66,9390,15,186945
3943,0.00012,172.253.118.0-255,1125,10515,15,186945
3944,0.000122,172.31.36.0-255,66,10581,15,186945
3945,0.000245,172.253.118.0-255,1484,12065,15,186945
3946,0.000249,172.31.36.0-255,66,12131,15,186945
3947,0.000254,172.253.118.0-255,2902,15033,15,186945
3948,0.000257,172.31.36.0-255,66,15099,15,186945
3949,0.000268,172.253.118.0-255,5738,20837,15,186945
3950,0.000271,172.31.36.0-255,66,20903,15,186945
3951,0.000278,172.253.118.0-255,6797,27700,15,186945
3952,0.000281,172.31.36.0-255,66,27766,15,186945
3953,0.000433,172.253.118.0-255,1484,29250,15,186945
3954,0.000438,172.253.118.0-255,2902,32152,15,186945
3955,0.000444,172.31.36.0-255,66,32218,15,186945
3956,0.000451,172.31.36.0-255,66,32284,15,186945
3957,0.000459,172.253.118.0-255,5738,38022,15,186945
3958,0.000466,172.31.36.0-255,66,38088,15,186945
3959,0.000469,172.253.118.0-255,1484,39572,15,186945
3960,0.000471,172.31.36.0-255,66,39638,15,186945
3961,0.000522,172.253.118.0-255,5961,45599,15,186945
3962,0.000526,172.31.36.0-255,66,45665,15,186945
3963,0.000904,172.253.118.0-255,1484,47149,15,186945
3964,0.000912,172.253.118.0-255,2902,50051,15,186945
3965,0.000916,172.31.36.0-255,66,50117,15,186945
3966,0.00092,172.253.118.0-255,1484,51601,15,186945
3967,0.000952,172.253.118.0-255,4320,55921,15,186945
3968,0.000955,172.31.36.0-255,66,55987,15,186945
3969,0.000963,172.253.118.0-255,7156,63143,15,186945
3970,0.000965,172.31.36.0-255,66,63209,15,186945
3971,0.001014,172.31.36.0-255,66,63275,15,186945
3972,0.001063,172.253.118.0-255,2184,65459,15,186945
3973,0.001066,172.31.36.0-255,66,65525,15,186945
3974,0.001372,172.253.118.0-255,1484,67009,15,186945
3975,0.001378,172.253.118.0-255,2902,69911,15,186945
3976,0.001381,172.31.36.0-255,66,69977,15,186945
3977,0.001389,172.253.118.0-255,5738,75715,15,186945
3978,0.001391,172.31.36.0-255,66,75781,15,186945
3979,0.001431,172.31.36.0-255,66,75847,15,186945
3980,0.001438,172.253.118.0-255,5738,81585,15,186945
3981,0.00144,172.31.36.0-255,66,81651,15,186945
3982,0.001471,172.253.118.0-255,5020,86671,15,186945
3983,0.001474,172.31.36.0-255,66,86737,15,186945
3984,0.001496,172.253.118.0-255,1484,88221,15,186945
3985,0.001502,172.253.118.0-255,2902,91123,15,186945
3986,0.001504,172.31.36.0-255,66,91189,15,186945
3987,0.00151,172.253.118.0-255,4320,95509,15,186945
3988,0.001512,172.31.36.0-255,66,95575,15,186945
3989,0.001541,172.253.118.0-255,1484,97059,15,186945
3990,0.001557,172.31.36.0-255,66,97125,15,186945
3991,0.001595,172.253.118.0-255,5738,102863,15,186945
3992,0.001599,172.31.36.0-255,66,102929,15,186945
3993,0.001628,172.253.118.0-255,5020,107949,15,186945
3994,0.001631,172.31.36.0-255,66,108015,15,186945
3995,0.001674,172.253.118.0-255,1484,109499,15,186945
3996,0.001694,172.253.118.0-255,2902,112401,15,186945
3997,0.001698,172.31.36.0-255,66,112467,15,186945
3998,0.001705,172.253.118.0-255,5738,118205,15,186945
3999,0.001707,172.31.36.0-255,66,118271,15,186945
4000,0.001756,172.31.36.0-255,66,118337,15,186945
4001,0.001763,172.253.118.0-255,5738,124075,15,186945
4002,0.001765,172.31.36.0-255,66,124141,15,186945
4003,0.001797,172.253.118.0-255,5020,129161,15,186945
4004,0.0018,172.31.36.0-255,66,129227,15,186945
4005,0.001864,172.253.118.0-255,1484,130711,15,186945
4006,0.001869,172.253.118.0-255,2902,133613,15,186945
4007,0.001872,172.31.36.0-255,66,133679,15,186945
4008,0.001904,172.253.118.0-255,5738,139417,15,186945
4009,0.001907,172.31.36.0-255,66,139483,15,186945
4010,0.001923,172.253.118.0-255,4320,143803,15,186945
4011,0.001925,172.31.36.0-255,66,143869,15,186945
4012,0.001966,172.253.118.0-255,5738,149607,15,186945
4013,0.001969,172.31.36.0-255,66,149673,15,186945
4014,0.001982,172.31.36.0-255,66,149739,15,186945
4015,0.00202,172.253.118.0-255,3602,153341,15,186945
4016,0.002023,172.31.36.0-255,66,153407,15,186945
4017,0.002047,172.253.118.0-255,1484,154891,15,186945
4018,0.002052,172.253.118.0-255,2902,157793,15,186945
4019,0.002055,172.31.36.0-255,66,157859,15,186945
4020,0.002062,172.253.118.0-255,5738,163597,15,186945
4021,0.002064,172.31.36.0-255,66,163663,15,186945
4022,0.002106,172.253.118.0-255,5738,169401,15,186945
4023,0.002123,172.31.36.0-255,66,169467,15,186945
4024,0.002127,172.31.36.0-255,66,169533,15,186945
4025,0.00421,172.253.118.0-255,5738,175271,15,186945
4026,0.004217,172.31.36.0-255,66,175337,15,186945
4027,0.006306,172.253.118.0-255,5738,181075,15,186945
4028,0.006322,172.31.36.0-255,66,181141,15,186945
4029,0.008443,172.253.118.0-255,5738,186879,15,186945
4030,0.00845,172.31.36.0-255,66,186945,15,186945
4031,0.0,172.217.194.0-255,150,150,15,204751
4032,3.3e-05,172.31.36.0-255,66,216,15,204751
4033,4.1e-05,172.217.194.0-255,1484,1700,15,204751
4034,4.5e-05,172.31.36.0-255,66,1766,15,204751
4035,4.9e-05,172.217.194.0-255,2902,4668,15,204751
4036,5.1e-05,172.31.36.0-255,66,4734,15,204751
4037,6e-05,172.217.194.0-255,7156,11890,15,204751
4038,6.3e-05,172.31.36.0-255,66,11956,15,204751
4039,8.5e-05,172.217.194.0-255,2092,14048,15,204751
4040,8.8e-05,172.31.36.0-255,66,14114,15,204751
4041,0.000154,172.217.194.0-255,1484,15598,15,204751
4042,0.000157,172.31.36.0-255,66,15664,15,204751
4043,0.000177,172.217.194.0-255,2902,18566,15,204751
4044,0.000179,172.31.36.0-255,66,18632,15,204751
4045,0.000186,172.217.194.0-255,5738,24370,15,204751
4046,0.000188,172.31.36.0-255,66,24436,15,204751
4047,0.000213,172.217.194.0-255,4320,28756,15,204751
4048,0.000215,172.31.36.0-255,66,28822,15,204751
4049,0.000237,172.217.194.0-255,3961,32783,15,204751
4050,0.000239,172.31.36.0-255,66,32849,15,204751
4051,0.00025,172.31.36.0-255,66,32915,15,204751
4052,0.000269,172.217.194.0-255,6797,39712,15,204751
4053,0.000273,172.31.36.0-255,66,39778,15,204751
4054,0.000538,172.217.194.0-255,1484,41262,15,204751
4055,0.000543,172.31.36.0-255,66,41328,15,204751
4056,0.000548,172.217.194.0-255,2902,44230,15,204751
4057,0.00055,172.31.36.0-255,66,44296,15,204751
4058,0.000579,172.217.194.0-255,5738,50034,15,204751
4059,0.000581,172.31.36.0-255,66,50100,15,204751
4060,0.000586,172.217.194.0-255,2902,53002,15,204751
4061,0.000588,172.31.36.0-255,66,53068,15,204751
4062,0.000607,172.217.194.0-255,4255,57323,15,204751
4063,0.00061,172.31.36.0-255,66,57389,15,204751
4064,0.000612,172.217.194.0-255,384,57773,15,204751
4065,0.000813,172.31.36.0-255,66,57839,15,204751
4066,0.001123,172.217.194.0-255,1484,59323,15,204751
4067,0.001134,172.217.194.0-255,2902,62225,15,204751
4068,0.001137,172.31.36.0-255,66,62291,15,204751
4069,0.00116,172.217.194.0-255,2902,65193,15,204751
4070,0.001162,172.31.36.0-255,66,65259,15,204751
4071,0.001167,172.217.194.0-255,4320,69579,15,204751
4072,0.001169,172.31.36.0-255,66,69645,15,204751
4073,0.001194,172.31.36.0-255,66,69711,15,204751
4074,0.001248,172.31.36.0-255,66,69777,15,204751
4075,0.001407,172.217.194.0-255,1484,71261,15,204751
4076,0.001417,172.217.194.0-255,2902,74163,15,204751
4077,0.00142,172.31.36.0-255,66,74229,15,204751
4078,0.001444,172.217.194.0-255,5738,79967,15,204751
4079,0.001446,172.31.36.0-255,66,80033,15,204751
4080,0.001451,172.217.194.0-255,5738,85771,15,204751
4081,0.001453,172.31.36.0-255,66,85837,15,204751
4082,0.001476,172.217.194.0-255,7156,92993,15,204751
4083,0.001479,172.31.36.0-255,66,93059,15,204751
4084,0.001501,172.217.194.0-255,5738,98797,15,204751
4085,0.001503,172.31.36.0-255,66,98863,15,204751
4086,0.001509,172.217.194.0-255,5020,103883,15,204751
4087,0.001511,172.31.36.0-255,66,103949,15,204751
4088,0.001652,172.217.194.0-255,1484,105433,15,204751
4089,0.001668,172.217.194.0-255,2902,108335,15,204751
4090,0.001669,172.31.36.0-255,66,108401,15,204751
4091,0.001674,172.217.194.0-255,4320,112721,15,204751
4092,0.001676,172.31.36.0-255,66,112787,15,204751
4093,0.001687,172.217.194.0-255,1484,114271,15,204751
4094,0.001708,172.217.194.0-255,7156,121427,15,204751
4095,0.00171,172.31.36.0-255,66,121493,15,204751
4096,0.001723,172.217.194.0-255,5738,127231,15,204751
4097,0.001726,172.31.36.0-255,66,127297,15,204751
4098,0.001738,172.31.36.0-255,66,127363,15,204751
4099,0.001983,172.217.194.0-255,1484,128847,15,204751
4100,0.001995,172.217.194.0-255,2902,131749,15,204751
4101,0.001997,172.31.36.0-255,66,131815,15,204751
4102,0.002024,172.217.194.0-255,2902,134717,15,204751
4103,0.002026,172.31.36.0-255,66,134783,15,204751
4104,0.002046,172.217.194.0-255,2902,137685,15,204751
4105,0.002049,172.31.36.0-255,66,137751,15,204751
4106,0.002055,172.217.194.0-255,7156,144907,15,204751
4107,0.002057,172.31.36.0-255,66,144973,15,204751
4108,0.00206,172.217.194.0-255,2902,147875,15,204751
4109,0.002062,172.31.36.0-255,66,147941,15,204751
4110,0.00209,172.31.36.0-255,66,148007,15,204751
4111,0.002093,172.217.194.0-255,2184,150191,15,204751
4112,0.002095,172.31.36.0-255,66,150257,15,204751
4113,0.002143,172.217.194.0-255,1484,151741,15,204751
4114,0.002146,172.217.194.0-255,1484,153225,15,204751
4115,0.002148,172.31.36.0-255,66,153291,15,204751
4116,0.002166,172.217.194.0-255,1484,154775,15,204751
4117,0.002172,172.217.194.0-255,5738,160513,15,204751
4118,0.002174,172.31.36.0-255,66,160579,15,204751
4119,0.002177,172.217.194.0-255,1484,162063,15,204751
4120,0.002195,172.217.194.0-255,1484,163547,15,204751
4121,0.002196,172.31.36.0-255,66,163613,15,204751
4122,0.002207,172.31.36.0-255,66,163679,15,204751
4123,0.002227,172.217.194.0-255,2902,166581,15,204751
4124,0.002229,172.31.36.0-255,66,166647,15,204751
4125,0.002253,172.31.36.0-255,66,166713,15,204751
4126,0.002289,172.217.194.0-255,7156,173869,15,204751
4127,0.002292,172.31.36.0-255,66,173935,15,204751
4128,0.002299,172.217.194.0-255,7156,181091,15,204751
4129,0.002302,172.31.36.0-255,66,181157,15,204751
4130,0.002332,172.217.194.0-255,1484,182641,15,204751
4131,0.002347,172.31.36.0-255,66,182707,15,204751
4132,0.00235,172.217.194.0-255,766,183473,15,204751
4133,0.002419,172.31.36.0-255,66,183539,15,204751
4134,0.00243,172.31.36.0-255,66,183605,15,204751
4135,0.002435,172.217.194.0-255,3602,187207,15,204751
4136,0.002438,172.31.36.0-255,66,187273,15,204751
4137,0.004803,172.217.194.0-255,1484,188757,15,204751
4138,0.004856,172.217.194.0-255,4320,193077,15,204751
4139,0.00486,172.31.36.0-255,66,193143,15,204751
4140,0.007277,172.217.194.0-255,5738,198881,15,204751
4141,0.00728,172.31.36.0-255,66,198947,15,204751
4142,0.009671,172.217.194.0-255,5738,204685,15,204751
4143,0.009678,172.31.36.0-255,66,204751,15,204751
4144,0.0,74.125.24.0-255,150,150,15,82169
4145,2.3e-05,172.31.36.0-255,66,216,15,82169
4146,2.8e-05,74.125.24.0-255,1484,1700,15,82169
4147,3.2e-05,172.31.36.0-255,66,1766,15,82169
4148,3.5e-05,74.125.24.0-255,1484,3250,15,82169
4149,3.6e-05,172.31.36.0-255,66,3316,15,82169
4150,5.4e-05,74.125.24.0-255,1484,4800,15,82169
4151,5.6e-05,172.31.36.0-255,66,4866,15,82169
4152,0.000128,74.125.24.0-255,2902,7768,15,82169
4153,0.000132,172.31.36.0-255,66,7834,15,82169
4154,0.00021,74.125.24.0-255,6366,14200,15,82169
4155,0.000215,172.31.36.0-255,66,14266,15,82169
4156,0.000404,172.31.36.0-255,66,14332,15,82169
4157,0.00072,74.125.24.0-255,5379,19711,15,82169
4158,0.000726,172.31.36.0-255,66,19777,15,82169
4159,0.00088,74.125.24.0-255,5738,25515,15,82169
4160,0.000886,172.31.36.0-255,66,25581,15,82169
4161,0.001044,74.125.24.0-255,4320,29901,15,82169
4162,0.00105,172.31.36.0-255,66,29967,15,82169
4163,0.001097,172.31.36.0-255,66,30033,15,82169
4164,0.001401,74.125.24.0-255,7156,37189,15,82169
4165,0.001406,172.31.36.0-255,66,37255,15,82169
4166,0.001425,74.125.24.0-255,1484,38739,15,82169
4167,0.001427,172.31.36.0-255,66,38805,15,82169
4168,0.001644,74.125.24.0-255,6797,45602,15,82169
4169,0.001649,172.31.36.0-255,66,45668,15,82169
4170,0.001815,74.125.24.0-255,647,46315,15,82169
4171,0.001819,172.31.36.0-255,66,46381,15,82169
4172,0.00186,74.125.24.0-255,5738,52119,15,82169
4173,0.001863,172.31.36.0-255,66,52185,15,82169
4174,0.001877,74.125.24.0-255,4320,56505,15,82169
4175,0.001894,172.31.36.0-255,66,56571,15,82169
4176,0.002141,74.125.24.0-255,4320,60891,15,82169
4177,0.002145,172.31.36.0-255,66,60957,15,82169
4178,0.00219,172.31.36.0-255,66,61023,15,82169
4179,0.002713,74.125.24.0-255,3602,64625,15,82169
4180,0.002717,172.31.36.0-255,66,64691,15,82169
4181,0.004481,74.125.24.0-255,1484,66175,15,82169
4182,0.005007,74.125.24.0-255,4320,70495,15,82169
4183,0.005013,172.31.36.0-255,66,70561,15,82169
4184,0.007308,74.125.24.0-255,5738,76299,15,82169
4185,0.007355,172.31.36.0-255,66,76365,15,82169
4186,0.009663,74.125.24.0-255,5738,82103,15,82169
4187,0.009671,172.31.36.0-255,66,82169,15,82169
4188,0.0,74.125.24.0-255,218,218,15,142529
4189,2.1e-05,172.31.36.0-255,66,284,15,142529
4190,2.8e-05,74.125.24.0-255,1484,1768,15,142529
4191,3.3e-05,172.31.36.0-255,66,1834,15,142529
4192,4e-05,74.125.24.0-255,4320,6154,15,142529
4193,4.3e-05,172.31.36.0-255,66,6220,15,142529
4194,5.4e-05,172.31.36.0-255,66,6286,15,142529
4195,9.2e-05,74.125.24.0-255,7156,13442,15,142529
4196,9.5e-05,172.31.36.0-255,66,13508,15,142529
4197,0.000113,74.125.24.0-255,1484,14992,15,142529
4198,0.000115,172.31.36.0-255,66,15058,15,142529
4199,0.000138,74.125.24.0-255,7156,22214,15,142529
4200,0.000141,172.31.36.0-255,66,22280,15,142529
4201,0.000171,74.125.24.0-255,1125,23405,15,142529
4202,0.000173,172.31.36.0-255,66,23471,15,142529
4203,0.000368,74.125.24.0-255,1484,24955,15,142529
4204,0.000373,172.31.36.0-255,66,25021,15,142529
4205,0.000379,74.125.24.0-255,2902,27923,15,142529
4206,0.000381,172.31.36.0-255,66,27989,15,142529
4207,0.000384,74.125.24.0-255,1484,29473,15,142529
4208,0.000386,172.31.36.0-255,66,29539,15,142529
4209,0.000409,74.125.24.0-255,4320,33859,15,142529
4210,0.000412,172.31.36.0-255,66,33925,15,142529
4211,0.000419,74.125.24.0-255,6797,40722,15,142529
4212,0.000422,172.31.36.0-255,66,40788,15,142529
4213,0.000474,172.31.36.0-255,66,40854,15,142529
4214,0.000486,74.125.24.0-255,5738,46592,15,142529
4215,0.000488,172.31.36.0-255,66,46658,15,142529
4216,0.000559,74.125.24.0-255,2543,49201,15,142529
4217,0.000563,172.31.36.0-255,66,49267,15,142529
4218,0.000582,74.125.24.0-255,394,49661,15,142529
4219,0.000887,74.125.24.0-255,1484,51145,15,142529
4220,0.000892,172.31.36.0-255,66,51211,15,142529
4221,0.000897,74.125.24.0-255,2902,54113,15,142529
4222,0.000899,172.31.36.0-255,66,54179,15,142529
4223,0.000904,74.125.24.0-255,4320,58499,15,142529
4224,0.000907,172.31.36.0-255,66,58565,15,142529
4225,0.000921,74.125.24.0-255,1484,60049,15,142529
4226,0.000937,74.125.24.0-255,4320,64369,15,142529
4227,0.00094,172.31.36.0-255,66,64435,15,142529
4228,0.000967,172.31.36.0-255,66,64501,15,142529
4229,0.001031,74.125.24.0-255,5738,70239,15,142529
4230,0.001035,172.31.36.0-255,66,70305,15,142529
4231,0.001056,74.125.24.0-255,5020,75325,15,142529
4232,0.001058,172.31.36.0-255,66,75391,15,142529
4233,0.001075,74.125.24.0-255,349,75740,15,142529
4234,0.001154,74.125.24.0-255,1484,77224,15,142529
4235,0.001158,172.31.36.0-255,66,77290,15,142529
4236,0.001163,74.125.24.0-255,2902,80192,15,142529
4237,0.001166,172.31.36.0-255,66,80258,15,142529
4238,0.001189,74.125.24.0-255,5738,85996,15,142529
4239,0.001193,172.31.36.0-255,66,86062,15,142529
4240,0.001215,74.125.24.0-255,4320,90382,15,142529
4241,0.001218,172.31.36.0-255,66,90448,15,142529
4242,0.001238,74.125.24.0-255,4320,94768,15,142529
4243,0.001241,172.31.36.0-255,66,94834,15,142529
4244,0.001278,74.125.24.0-255,7156,101990,15,142529
4245,0.001281,172.31.36.0-255,66,102056,15,142529
4246,0.001303,172.31.36.0-255,66,102122,15,142529
4247,0.001612,172.31.36.0-255,101,102223,15,142529
4248,0.001968,74.125.24.0-255,1484,103707,15,142529
4249,0.001985,74.125.24.0-255,2902,106609,15,142529
4250,0.001989,172.31.36.0-255,66,106675,15,142529
4251,0.002013,74.125.24.0-255,5738,112413,15,142529
4252,0.002015,172.31.36.0-255,66,112479,15,142529
4253,0.002019,74.125.24.0-255,2902,115381,15,142529
4254,0.002021,172.31.36.0-255,66,115447,15,142529
4255,0.002058,172.31.36.0-255,66,115513,15,142529
4256,0.002113,74.125.24.0-255,4320,119833,15,142529
4257,0.002117,172.31.36.0-255,66,119899,15,142529
4258,0.002134,74.125.24.0-255,5738,125637,15,142529
4259,0.002136,172.31.36.0-255,66,125703,15,142529
4260,0.002182,74.125.24.0-255,766,126469,15,142529
4261,0.004162,74.125.24.0-255,66,126535,15,142529
4262,0.004709,74.125.24.0-255,4320,130855,15,142529
4263,0.004713,172.31.36.0-255,66,130921,15,142529
4264,0.007293,74.125.24.0-255,5738,136659,15,142529
4265,0.0073,172.31.36.0-255,66,136725,15,142529
4266,0.009894,74.125.24.0-255,5738,142463,15,142529
4267,0.009901,172.31.36.0-255,66,142529,15,142529
4268,0.0,172.217.194.0-255,146,146,15,202041
4269,2.3e-05,172.31.36.0-255,66,212,15,202041
4270,3e-05,172.217.194.0-255,1484,1696,15,202041
4271,3.4e-05,172.31.36.0-255,66,1762,15,202041
4272,4.7e-05,172.217.194.0-255,2902,4664,15,202041
4273,5.1e-05,172.31.36.0-255,66,4730,15,202041
4274,5.8e-05,172.217.194.0-255,7156,11886,15,202041
4275,6.1e-05,172.31.36.0-255,66,11952,15,202041
4276,9.3e-05,172.217.194.0-255,6299,18251,15,202041
4277,9.5e-05,172.31.36.0-255,66,18317,15,202041
4278,0.000107,172.217.194.0-255,7156,25473,15,202041
4279,0.000109,172.31.36.0-255,66,25539,15,202041
4280,0.000144,172.217.194.0-255,5379,30918,15,202041
4281,0.000146,172.31.36.0-255,66,30984,15,202041
4282,0.000183,172.217.194.0-255,5738,36722,15,202041
4283,0.000185,172.31.36.0-255,66,36788,15,202041
4284,0.000191,172.217.194.0-255,4320,41108,15,202041
4285,0.000193,172.31.36.0-255,66,41174,15,202041
4286,0.000229,172.217.194.0-255,6797,47971,15,202041
4287,0.000232,172.31.36.0-255,66,48037,15,202041
4288,0.000746,172.217.194.0-255,1484,49521,15,202041
4289,0.000751,172.31.36.0-255,66,49587,15,202041
4290,0.000757,172.217.194.0-255,2902,52489,15,202041
4291,0.000758,172.31.36.0-255,66,52555,15,202041
4292,0.000764,172.217.194.0-255,5738,58293,15,202041
4293,0.000771,172.31.36.0-255,66,58359,15,202041
4294,0.000812,172.217.194.0-255,6797,65156,15,202041
4295,0.000816,172.31.36.0-255,66,65222,15,202041
4296,0.000819,172.217.194.0-255,1484,66706,15,202041
4297,0.000821,172.31.36.0-255,66,66772,15,202041
4298,0.000862,172.31.36.0-255,66,66838,15,202041
4299,0.000896,172.217.194.0-255,5379,72217,15,202041
4300,0.000899,172.31.36.0-255,66,72283,15,202041
4301,0.000905,172.217.194.0-255,5738,78021,15,202041
4302,0.000907,172.31.36.0-255,66,78087,15,202041
4303,0.000962,172.217.194.0-255,7156,85243,15,202041
4304,0.000965,172.31.36.0-255,66,85309,15,202041
4305,0.000994,172.217.194.0-255,3961,89270,15,202041
4306,0.000998,172.31.36.0-255,66,89336,15,202041
4307,0.001009,172.31.36.0-255,66,89402,15,202041
4308,0.001019,172.217.194.0-255,5264,94666,15,202041
4309,0.001022,172.31.36.0-255,66,94732,15,202041
4310,0.001134,172.217.194.0-255,1484,96216,15,202041
4311,0.00114,172.217.194.0-255,2902,99118,15,202041
4312,0.001143,172.31.36.0-255,66,99184,15,202041
4313,0.001146,172.217.194.0-255,1484,100668,15,202041
4314,0.001169,172.217.194.0-255,4320,104988,15,202041
4315,0.001172,172.31.36.0-255,66,105054,15,202041
4316,0.001208,172.217.194.0-255,6921,111975,15,202041
4317,0.001211,172.31.36.0-255,66,112041,15,202041
4318,0.001273,172.217.194.0-255,1484,113525,15,202041
4319,0.001278,172.217.194.0-255,2902,116427,15,202041
4320,0.001281,172.31.36.0-255,66,116493,15,202041
4321,0.001308,172.217.194.0-255,5738,122231,15,202041
4322,0.001311,172.31.36.0-255,66,122297,15,202041
4323,0.001315,172.217.194.0-255,2902,125199,15,202041
4324,0.001317,172.31.36.0-255,66,125265,15,202041
4325,0.001346,172.31.36.0-255,66,125331,15,202041
4326,0.001363,172.31.36.0-255,66,125397,15,202041
4327,0.001535,172.217.194.0-255,1484,126881,15,202041
4328,0.001542,172.217.194.0-255,2902,129783,15,202041
4329,0.001545,172.31.36.0-255,66,129849,15,202041
4330,0.001552,172.217.194.0-255,5738,135587,15,202041
4331,0.001554,172.31.36.0-255,66,135653,15,202041
4332,0.001601,172.31.36.0-255,66,135719,15,202041
4333,0.001613,172.31.36.0-255,66,135785,15,202041
4334,0.001702,172.217.194.0-255,1484,137269,15,202041
4335,0.001707,172.217.194.0-255,2902,140171,15,202041
4336,0.00171,172.31.36.0-255,66,140237,15,202041
4337,0.001716,172.217.194.0-255,4320,144557,15,202041
4338,0.001719,172.31.36.0-255,66,144623,15,202041
4339,0.001759,172.217.194.0-255,1484,146107,15,202041
4340,0.001772,172.31.36.0-255,66,146173,15,202041
4341,0.001817,172.31.36.0-255,66,146239,15,202041
4342,0.001858,172.31.36.0-255,66,146305,15,202041
4343,0.00189,172.217.194.0-255,1484,147789,15,202041
4344,0.001894,172.217.194.0-255,1484,149273,15,202041
4345,0.001896,172.31.36.0-255,66,149339,15,202041
4346,0.001934,172.31.36.0-255,66,149405,15,202041
4347,0.001938,172.217.194.0-255,766,150171,15,202041
4348,0.001941,172.217.194.0-255,1484,151655,15,202041
4349,0.001942,172.31.36.0-255,66,151721,15,202041
4350,0.001947,172.217.194.0-255,2902,154623,15,202041
4351,0.001949,172.31.36.0-255,66,154689,15,202041
4352,0.001954,172.217.194.0-255,5738,160427,15,202041
4353,0.001956,172.31.36.0-255,66,160493,15,202041
4354,0.002037,172.31.36.0-255,66,160559,15,202041
4355,0.002056,172.31.36.0-255,66,160625,15,202041
4356,0.002059,172.217.194.0-255,1484,162109,15,202041
4357,0.002063,172.217.194.0-255,2902,165011,15,202041
4358,0.002066,172.31.36.0-255,66,165077,15,202041
4359,0.002093,172.217.194.0-255,5738,170815,15,202041
4360,0.002097,172.31.36.0-255,66,170881,15,202041
4361,0.002108,172.217.194.0-255,4320,175201,15,202041
4362,0.002111,172.31.36.0-255,66,175267,15,202041
4363,0.002139,172.217.194.0-255,5738,181005,15,202041
4364,0.002147,172.31.36.0-255,66,181071,15,202041
4365,0.00216,172.31.36.0-255,66,181137,15,202041
4366,0.002206,172.217.194.0-255,6438,187575,15,202041
4367,0.00221,172.31.36.0-255,66,187641,15,202041
4368,0.002234,172.31.36.0-255,66,187707,15,202041
4369,0.002248,172.31.36.0-255,66,187773,15,202041
4370,0.002255,172.217.194.0-255,7156,194929,15,202041
4371,0.002259,172.31.36.0-255,66,194995,15,202041
4372,0.002281,172.31.36.0-255,66,195061,15,202041
4373,0.002316,172.217.194.0-255,6572,201633,15,202041
4374,0.00232,172.31.36.0-255,66,201699,15,202041
4375,0.002323,172.217.194.0-255,105,201804,15,202041
4376,0.004564,172.31.36.0-255,66,201870,15,202041
4377,0.004623,172.31.36.0-255,105,201975,15,202041
4378,0.007197,172.217.194.0-255,66,202041,15,202041
4379,0.0,74.125.24.0-255,226,226,15,48804
4380,4.2e-05,172.31.36.0-255,66,292,15,48804
4381,4.9e-05,74.125.24.0-255,1484,1776,15,48804
4382,5.6e-05,172.31.36.0-255,66,1842,15,48804
4383,7.6e-05,74.125.24.0-255,4320,6162,15,48804
4384,7.9e-05,172.31.36.0-255,66,6228,15,48804
4385,0.000291,74.125.24.0-255,5738,11966,15,48804
4386,0.000297,172.31.36.0-255,66,12032,15,48804
4387,0.000602,74.125.24.0-255,7156,19188,15,48804
4388,0.000607,172.31.36.0-255,66,19254,15,48804
4389,0.000632,74.125.24.0-255,4866,24120,15,48804
4390,0.000634,172.31.36.0-255,66,24186,15,48804
4391,0.001216,74.125.24.0-255,7008,31194,15,48804
4392,0.001223,172.31.36.0-255,66,31260,15,48804
4393,0.003544,74.125.24.0-255,5738,36998,15,48804
4394,0.003553,172.31.36.0-255,66,37064,15,48804
4395,0.005917,74.125.24.0-255,5738,42802,15,48804
4396,0.005932,172.31.36.0-255,66,42868,15,48804
4397,0.008268,74.125.24.0-255,2902,45770,15,48804
4398,0.008286,172.31.36.0-255,66,45836,15,48804
4399,0.008315,74.125.24.0-255,2902,48738,15,48804
4400,0.008319,172.31.36.0-255,66,48804,15,48804
4401,0.0,74.125.24.0-255,146,146,15,160152
4402,2.3e-05,172.31.36.0-255,66,212,15,160152
4403,3.1e-05,74.125.24.0-255,1484,1696,15,160152
4404,3.5e-05,172.31.36.0-255,66,1762,15,160152
4405,4.2e-05,74.125.24.0-255,2902,4664,15,160152
4406,4.5e-05,172.31.36.0-255,66,4730,15,160152
4407,5e-05,74.125.24.0-255,2902,7632,15,160152
4408,5.4e-05,172.31.36.0-255,66,7698,15,160152
4409,6.9e-05,172.31.36.0-255,66,7764,15,160152
4410,7.6e-05,74.125.24.0-255,5738,13502,15,160152
4411,7.9e-05,172.31.36.0-255,66,13568,15,160152
4412,0.000113,172.31.36.0-255,66,13634,15,160152
4413,0.000129,74.125.24.0-255,5738,19372,15,160152
4414,0.000132,172.31.36.0-255,66,19438,15,160152
4415,0.000155,172.31.36.0-255,66,19504,15,160152
4416,0.000202,74.125.24.0-255,1484,20988,15,160152
4417,0.000204,172.31.36.0-255,66,21054,15,160152
4418,0.00021,74.125.24.0-255,2902,23956,15,160152
4419,0.000212,172.31.36.0-255,66,24022,15,160152
4420,0.000227,74.125.24.0-255,5738,29760,15,160152
4421,0.00023,172.31.36.0-255,66,29826,15,160152
4422,0.000306,74.125.24.0-255,7069,36895,15,160152
4423,0.000311,172.31.36.0-255,66,36961,15,160152
4424,0.000397,74.125.24.0-255,129,37090,15,160152
4425,0.000401,172.31.36.0-255,66,37156,15,160152
4426,0.000578,74.125.24.0-255,1484,38640,15,160152
4427,0.000583,172.31.36.0-255,66,38706,15,160152
4428,0.000588,74.125.24.0-255,2902,41608,15,160152
4429,0.000591,172.31.36.0-255,66,41674,15,160152
4430,0.00061,74.125.24.0-255,5738,47412,15,160152
4431,0.000613,172.31.36.0-255,66,47478,15,160152
4432,0.000632,74.125.24.0-255,5738,53216,15,160152
4433,0.000635,172.31.36.0-255,66,53282,15,160152
4434,0.000653,74.125.24.0-255,7156,60438,15,160152
4435,0.000655,172.31.36.0-255,66,60504,15,160152
4436,0.00071,74.125.24.0-255,2902,63406,15,160152
4437,0.000713,172.31.36.0-255,66,63472,15,160152
4438,0.000741,172.31.36.0-255,66,63538,15,160152
4439,0.001256,74.125.24.0-255,1484,65022,15,160152
4440,0.001265,74.125.24.0-255,2902,67924,15,160152
4441,0.001271,172.31.36.0-255,66,67990,15,160152
4442,0.001277,74.125.24.0-255,2902,70892,15,160152
4443,0.001279,172.31.36.0-255,66,70958,15,160152
4444,0.001295,74.125.24.0-255,2902,73860,15,160152
4445,0.001297,172.31.36.0-255,66,73926,15,160152
4446,0.001303,74.125.24.0-255,4320,78246,15,160152
4447,0.001305,172.31.36.0-255,66,78312,15,160152
4448,0.001347,172.31.36.0-255,66,78378,15,160152
4449,0.001357,172.31.36.0-255,66,78444,15,160152
4450,0.001723,74.125.24.0-255,1484,79928,15,160152
4451,0.001729,74.125.24.0-255,2902,82830,15,160152
4452,0.001733,172.31.36.0-255,66,82896,15,160152
4453,0.00174,74.125.24.0-255,5738,88634,15,160152
4454,0.001742,172.31.36.0-255,66,88700,15,160152
4455,0.001746,74.125.24.0-255,1484,90184,15,160152
4456,0.001762,74.125.24.0-255,2902,93086,15,160152
4457,0.001765,172.31.36.0-255,66,93152,15,160152
4458,0.001771,74.125.24.0-255,4320,97472,15,160152
4459,0.001773,172.31.36.0-255,66,97538,15,160152
4460,0.001804,74.125.24.0-255,7156,104694,15,160152
4461,0.001807,172.31.36.0-255,66,104760,15,160152
4462,0.001818,172.31.36.0-255,66,104826,15,160152
4463,0.001828,172.31.36.0-255,66,104892,15,160152
4464,0.001893,172.31.36.0-255,66,104958,15,160152
4465,0.001901,74.125.24.0-255,6438,111396,15,160152
4466,0.001903,172.31.36.0-255,66,111462,15,160152
4467,0.001953,172.31.36.0-255,66,111528,15,160152
4468,0.001994,172.31.36.0-255,66,111594,15,160152
4469,0.002009,74.125.24.0-255,3602,115196,15,160152
4470,0.002012,172.31.36.0-255,66,115262,15,160152
4471,0.002018,74.125.24.0-255,2902,118164,15,160152
4472,0.00202,172.31.36.0-255,66,118230,15,160152
4473,0.002048,74.125.24.0-255,5738,123968,15,160152
4474,0.002051,172.31.36.0-255,66,124034,15,160152
4475,0.002063,172.31.36.0-255,66,124100,15,160152
4476,0.002074,172.31.36.0-255,66,124166,15,160152
4477,0.002077,74.125.24.0-255,1484,125650,15,160152
4478,0.002107,74.125.24.0-255,7156,132806,15,160152
4479,0.00211,172.31.36.0-255,66,132872,15,160152
4480,0.002117,74.125.24.0-255,5738,138610,15,160152
4481,0.00212,172.31.36.0-255,66,138676,15,160152
4482,0.002135,74.125.24.0-255,2902,141578,15,160152
4483,0.002137,172.31.36.0-255,66,141644,15,160152
4484,0.00215,172.31.36.0-255,66,141710,15,160152
4485,0.00218,74.125.24.0-255,2184,143894,15,160152
4486,0.002183,172.31.36.0-255,66,143960,15,160152
4487,0.004503,74.125.24.0-255,4320,148280,15,160152
4488,0.004513,172.31.36.0-255,66,148346,15,160152
4489,0.004526,74.125.24.0-255,1484,149830,15,160152
4490,0.006845,74.125.24.0-255,4320,154150,15,160152
4491,0.006852,172.31.36.0-255,66,154216,15,160152
4492,0.00917,74.125.24.0-255,2902,157118,15,160152
4493,0.009175,172.31.36.0-255,66,157184,15,160152
4494,0.00919,74.125.24.0-255,2902,160086,15,160152
4495,0.009192,172.31.36.0-255,66,160152,15,160152
4496,0.0,74.125.24.0-255,156,156,15,122921
4497,3.5e-05,172.31.36.0-255,66,222,15,122921
4498,4.2e-05,74.125.24.0-255,1484,1706,15,122921
4499,4.7e-05,172.31.36.0-255,66,1772,15,122921
4500,5.2e-05,74.125.24.0-255,2902,4674,15,122921
4501,6.5e-05,172.31.36.0-255,66,4740,15,122921
4502,7.1e-05,74.125.24.0-255,5738,10478,15,122921
4503,7.4e-05,172.31.36.0-255,66,10544,15,122921
4504,7.9e-05,74.125.24.0-255,3467,14011,15,122921
4505,8.3e-05,172.31.36.0-255,66,14077,15,122921
4506,0.000113,74.125.24.0-255,4320,18397,15,122921
4507,0.000118,172.31.36.0-255,66,18463,15,122921
4508,0.000148,172.31.36.0-255,66,18529,15,122921
4509,0.000151,74.125.24.0-255,1484,20013,15,122921
4510,0.000153,172.31.36.0-255,66,20079,15,122921
4511,0.000181,74.125.24.0-255,1125,21204,15,122921
4512,0.000184,172.31.36.0-255,66,21270,15,122921
4513,0.000235,74.125.24.0-255,1484,22754,15,122921
4514,0.000238,172.31.36.0-255,66,22820,15,122921
4515,0.000243,74.125.24.0-255,2902,25722,15,122921
4516,0.000245,172.31.36.0-255,66,25788,15,122921
4517,0.00025,74.125.24.0-255,4320,30108,15,122921
4518,0.000257,172.31.36.0-255,66,30174,15,122921
4519,0.000281,74.125.24.0-255,1484,31658,15,122921
4520,0.000285,172.31.36.0-255,66,31724,15,122921
4521,0.000306,172.31.36.0-255,66,31790,15,122921
4522,0.000329,74.125.24.0-255,2543,34333,15,122921
4523,0.000337,172.31.36.0-255,66,34399,15,122921
4524,0.000345,74.125.24.0-255,7156,41555,15,122921
4525,0.000348,172.31.36.0-255,66,41621,15,122921
4526,0.000353,74.125.24.0-255,2838,44459,15,122921
4527,0.000358,172.31.36.0-255,66,44525,15,122921
4528,0.000459,74.125.24.0-255,382,44907,15,122921
4529,0.000596,74.125.24.0-255,1484,46391,15,122921
4530,0.000601,172.31.36.0-255,66,46457,15,122921
4531,0.000623,74.125.24.0-255,2902,49359,15,122921
4532,0.000626,172.31.36.0-255,66,49425,15,122921
4533,0.000634,74.125.24.0-255,5738,55163,15,122921
4534,0.000638,74.125.24.0-255,2902,58065,15,122921
4535,0.000646,172.31.36.0-255,66,58131,15,122921
4536,0.000679,74.125.24.0-255,5738,63869,15,122921
4537,0.000695,172.31.36.0-255,66,63935,15,122921
4538,0.0007,74.125.24.0-255,5379,69314,15,122921
4539,0.000712,74.125.24.0-255,5738,75052,15,122921
4540,0.00071,172.31.36.0-255,66,75118,15,122921
4541,0.000728,172.31.36.0-255,66,75184,15,122921
4542,0.000746,74.125.24.0-255,3961,79145,15,122921
4543,0.00075,172.31.36.0-255,66,79211,15,122921
4544,0.001481,74.125.24.0-255,1484,80695,15,122921
4545,0.001492,74.125.24.0-255,2902,83597,15,122921
4546,0.001496,172.31.36.0-255,66,83663,15,122921
4547,0.001502,74.125.24.0-255,1484,85147,15,122921
4548,0.001534,74.125.24.0-255,4320,89467,15,122921
4549,0.001537,172.31.36.0-255,66,89533,15,122921
4550,0.001548,172.31.36.0-255,66,89599,15,122921
4551,0.001589,74.125.24.0-255,2184,91783,15,122921
4552,0.00218,74.125.24.0-255,1484,93267,15,122921
4553,0.002186,74.125.24.0-255,2902,96169,15,122921
4554,0.002208,74.125.24.0-255,5738,101907,15,122921
4555,0.002221,74.125.24.0-255,2902,104809,15,122921
4556,0.002247,74.125.24.0-255,7156,111965,15,122921
4557,0.002318,74.125.24.0-255,4320,116285,15,122921
4558,0.002375,74.125.24.0-255,766,117051,15,122921
4559,0.00641,172.31.36.0-255,66,117117,15,122921
4560,0.008775,74.125.24.0-255,5738,122855,15,122921
4561,0.008782,172.31.36.0-255,66,122921,15,122921
4562,0.0,172.217.194.0-255,153,153,15,228283
4563,3.8e-05,172.31.36.0-255,66,219,15,228283
4564,4.5e-05,172.217.194.0-255,1484,1703,15,228283
4565,5e-05,172.31.36.0-255,66,1769,15,228283
4566,5.5e-05,172.217.194.0-255,2902,4671,15,228283
4567,5.9e-05,172.31.36.0-255,66,4737,15,228283
4568,6.2e-05,172.217.194.0-255,1484,6221,15,228283
4569,6.5e-05,172.31.36.0-255,66,6287,15,228283
4570,7.1e-05,172.217.194.0-255,5738,12025,15,228283
4571,7.4e-05,172.31.36.0-255,66,12091,15,228283
4572,0.000108,172.217.194.0-255,2902,14993,15,228283
4573,0.000112,172.31.36.0-255,66,15059,15,228283
4574,0.000139,172.217.194.0-255,574,15633,15,228283
4575,0.000142,172.31.36.0-255,66,15699,15,228283
4576,0.000147,172.217.194.0-255,4320,20019,15,228283
4577,0.000149,172.31.36.0-255,66,20085,15,228283
4578,0.000161,172.31.36.0-255,66,20151,15,228283
4579,0.000166,172.217.194.0-255,4320,24471,15,228283
4580,0.000168,172.31.36.0-255,66,24537,15,228283
4581,0.000237,172.31.36.0-255,66,24603,15,228283
4582,0.000257,172.217.194.0-255,5020,29623,15,228283
4583,0.00026,172.31.36.0-255,66,29689,15,228283
4584,0.000527,172.217.194.0-255,1484,31173,15,228283
4585,0.000532,172.31.36.0-255,66,31239,15,228283
4586,0.000538,172.217.194.0-255,2902,34141,15,228283
4587,0.00054,172.31.36.0-255,66,34207,15,228283
4588,0.000546,172.217.194.0-255,2902,37109,15,228283
4589,0.000548,172.31.36.0-255,66,37175,15,228283
4590,0.000573,172.217.194.0-255,2902,40077,15,228283
4591,0.000576,172.31.36.0-255,66,40143,15,228283
4592,0.000583,172.217.194.0-255,6797,46940,15,228283
4593,0.000585,172.31.36.0-255,66,47006,15,228283
4594,0.000782,172.217.194.0-255,647,47653,15,228283
4595,0.000816,172.217.194.0-255,1484,49137,15,228283
4596,0.000819,172.31.36.0-255,66,49203,15,228283
4597,0.000839,172.217.194.0-255,4320,53523,15,228283
4598,0.000841,172.31.36.0-255,66,53589,15,228283
4599,0.000879,172.31.36.0-255,66,53655,15,228283
4600,0.000885,172.217.194.0-255,5738,59393,15,228283
4601,0.000888,172.31.36.0-255,66,59459,15,228283
4602,0.000942,172.217.194.0-255,5738,65197,15,228283
4603,0.000946,172.31.36.0-255,66,65263,15,228283
4604,0.000967,172.217.194.0-255,6438,71701,15,228283
4605,0.00097,172.31.36.0-255,66,71767,15,228283
4606,0.00107,172.217.194.0-255,1484,73251,15,228283
4607,0.001086,172.217.194.0-255,2902,76153,15,228283
4608,0.001089,172.31.36.0-255,66,76219,15,228283
4609,0.001096,172.217.194.0-255,5738,81957,15,228283
4610,0.001098,172.31.36.0-255,66,82023,15,228283
4611,0.001119,172.217.194.0-255,4320,86343,15,228283
4612,0.001122,172.31.36.0-255,66,86409,15,228283
4613,0.001142,172.31.36.0-255,66,86475,15,228283
4614,0.001155,172.31.36.0-255,66,86541,15,228283
4615,0.001473,172.217.194.0-255,1484,88025,15,228283
4616,0.001485,172.217.194.0-255,2902,90927,15,228283
4617,0.001488,172.31.36.0-255,66,90993,15,228283
4618,0.001521,172.217.194.0-255,5738,96731,15,228283
4619,0.001524,172.31.36.0-255,66,96797,15,228283
4620,0.001528,172.217.194.0-255,1484,98281,15,228283
4621,0.00154,172.217.194.0-255,1484,99765,15,228283
4622,0.001543,172.31.36.0-255,66,99831,15,228283
4623,0.00155,172.217.194.0-255,7156,106987,15,228283
4624,0.001553,172.31.36.0-255,66,107053,15,228283
4625,0.001572,172.217.194.0-255,2902,109955,15,228283
4626,0.001575,172.31.36.0-255,66,110021,15,228283
4627,0.001595,172.217.194.0-255,7156,117177,15,228283
4628,0.001598,172.31.36.0-255,66,117243,15,228283
4629,0.001618,172.217.194.0-255,3602,120845,15,228283
4630,0.001621,172.31.36.0-255,66,120911,15,228283
4631,0.001641,172.217.194.0-255,1484,122395,15,228283
4632,0.001644,172.217.194.0-255,1484,123879,15,228283
4633,0.001647,172.31.36.0-255,66,123945,15,228283
4634,0.001662,172.217.194.0-255,1484,125429,15,228283
4635,0.001669,172.217.194.0-255,5738,131167,15,228283
4636,0.001672,172.31.36.0-255,66,131233,15,228283
4637,0.001706,172.31.36.0-255,66,131299,15,228283
4638,0.001749,172.217.194.0-255,7156,138455,15,228283
4639,0.001752,172.31.36.0-255,66,138521,15,228283
4640,0.001784,172.31.36.0-255,66,138587,15,228283
4641,0.001802,172.31.36.0-255,66,138653,15,228283
4642,0.001806,172.217.194.0-255,2902,141555,15,228283
4643,0.001808,172.31.36.0-255,66,141621,15,228283
4644,0.00186,172.217.194.0-255,7156,148777,15,228283
4645,0.001864,172.31.36.0-255,66,148843,15,228283
4646,0.001884,172.217.194.0-255,5020,153863,15,228283
4647,0.001887,172.31.36.0-255,66,153929,15,228283
4648,0.001906,172.217.194.0-255,1484,155413,15,228283
4649,0.001931,172.217.194.0-255,2902,158315,15,228283
4650,0.001934,172.31.36.0-255,66,158381,15,228283
4651,0.001938,172.217.194.0-255,2902,161283,15,228283
4652,0.00194,172.31.36.0-255,66,161349,15,228283
4653,0.001958,172.217.194.0-255,7156,168505,15,228283
4654,0.001961,172.31.36.0-255,66,168571,15,228283
4655,0.002024,172.31.36.0-255,66,168637,15,228283
4656,0.00203,172.217.194.0-255,3602,172239,15,228283
4657,0.002032,172.31.36.0-255,66,172305,15,228283
4658,0.002065,172.217.194.0-255,1484,173789,15,228283
4659,0.002082,172.217.194.0-255,2902,176691,15,228283
4660,0.002086,172.31.36.0-255,66,176757,15,228283
4661,0.002111,172.217.194.0-255,5738,182495,15,228283
4662,0.002115,172.31.36.0-255,66,182561,15,228283
4663,0.002143,172.31.36.0-255,66,182627,15,228283
4664,0.002149,172.217.194.0-255,4320,186947,15,228283
4665,0.002151,172.31.36.0-255,66,187013,15,228283
4666,0.002187,172.31.36.0-255,66,187079,15,228283
4667,0.002216,172.31.36.0-255,66,187145,15,228283
4668,0.00225,172.217.194.0-255,2902,190047,15,228283
4669,0.002253,172.31.36.0-255,66,190113,15,228283
4670,0.00228,172.217.194.0-255,7156,197269,15,228283
4671,0.002284,172.31.36.0-255,66,197335,15,228283
4672,0.002296,172.31.36.0-255,66,197401,15,228283
4673,0.002319,172.217.194.0-255,2184,199585,15,228283
4674,0.002321,172.31.36.0-255,66,199651,15,228283
4675,0.002487,172.217.194.0-255,1484,201135,15,228283
4676,0.002511,172.217.194.0-255,2902,204037,15,228283
4677,0.002517,172.31.36.0-255,66,204103,15,228283
4678,0.002524,172.217.194.0-255,5738,209841,15,228283
4679,0.002526,172.31.36.0-255,66,209907,15,228283
4680,0.002539,172.217.194.0-255,4320,214227,15,228283
4681,0.002542,172.31.36.0-255,66,214293,15,228283
4682,0.002585,172.31.36.0-255,66,214359,15,228283
4683,0.002595,172.31.36.0-255,66,214425,15,228283
4684,0.002599,172.217.194.0-255,2184,216609,15,228283
4685,0.002602,172.31.36.0-255,66,216675,15,228283
4686,0.005189,172.217.194.0-255,5738,222413,15,228283
4687,0.0052,172.31.36.0-255,66,222479,15,228283
4688,0.007755,172.217.194.0-255,5738,228217,15,228283
4689,0.00776,172.31.36.0-255,66,228283,15,228283
4690,0.0,74.125.68.0-255,152,152,15,257037
4691,2.3e-05,172.31.36.0-255,66,218,15,257037
4692,3.1e-05,74.125.68.0-255,1484,1702,15,257037
4693,3.6e-05,172.31.36.0-255,66,1768,15,257037
4694,5e-05,74.125.68.0-255,2902,4670,15,257037
4695,5.5e-05,172.31.36.0-255,66,4736,15,257037
4696,5.9e-05,74.125.68.0-255,2902,7638,15,257037
4697,6.3e-05,172.31.36.0-255,66,7704,15,257037
4698,6.9e-05,74.125.68.0-255,4320,12024,15,257037
4699,7.2e-05,172.31.36.0-255,66,12090,15,257037
4700,0.000112,74.125.68.0-255,4320,16410,15,257037
4701,0.000116,172.31.36.0-255,66,16476,15,257037
4702,0.00015,74.125.68.0-255,4863,21339,15,257037
4703,0.000152,172.31.36.0-255,66,21405,15,257037
4704,0.000164,172.31.36.0-255,66,21471,15,257037
4705,0.000217,74.125.68.0-255,1484,22955,15,257037
4706,0.00022,172.31.36.0-255,66,23021,15,257037
4707,0.000248,74.125.68.0-255,2902,25923,15,257037
4708,0.00025,172.31.36.0-255,66,25989,15,257037
4709,0.000275,74.125.68.0-255,5738,31727,15,257037
4710,0.000278,172.31.36.0-255,66,31793,15,257037
4711,0.000285,74.125.68.0-255,6797,38590,15,257037
4712,0.000287,172.31.36.0-255,66,38656,15,257037
4713,0.000315,74.125.68.0-255,2902,41558,15,257037
4714,0.000318,172.31.36.0-255,66,41624,15,257037
4715,0.000324,74.125.68.0-255,4320,45944,15,257037
4716,0.000327,172.31.36.0-255,66,46010,15,257037
4717,0.00035,74.125.68.0-255,7156,53166,15,257037
4718,0.000353,172.31.36.0-255,66,53232,15,257037
4719,0.000377,74.125.68.0-255,1484,54716,15,257037
4720,0.000379,172.31.36.0-255,66,54782,15,257037
4721,0.000383,74.125.68.0-255,1440,56222,15,257037
4722,0.000386,74.125.68.0-255,111,56333,15,257037
4723,0.000388,172.31.36.0-255,66,56399,15,257037
4724,0.000635,74.125.68.0-255,328,56727,15,257037
4725,0.001007,74.125.68.0-255,1484,58211,15,257037
4726,0.001013,172.31.36.0-255,66,58277,15,257037
4727,0.001033,74.125.68.0-255,2902,61179,15,257037
4728,0.001036,172.31.36.0-255,66,61245,15,257037
4729,0.00104,74.125.68.0-255,1484,62729,15,257037
4730,0.001068,74.125.68.0-255,4320,67049,15,257037
4731,0.001071,172.31.36.0-255,66,67115,15,257037
4732,0.001079,74.125.68.0-255,7156,74271,15,257037
4733,0.001081,172.31.36.0-255,66,74337,15,257037
4734,0.001123,172.31.36.0-255,66,74403,15,257037
4735,0.00113,74.125.68.0-255,5738,80141,15,257037
4736,0.001132,172.31.36.0-255,66,80207,15,257037
4737,0.001173,74.125.68.0-255,2184,82391,15,257037
4738,0.001176,172.31.36.0-255,66,82457,15,257037
4739,0.001219,74.125.68.0-255,2902,85359,15,257037
4740,0.001236,172.31.36.0-255,66,85425,15,257037
4741,0.001268,74.125.68.0-255,4320,89745,15,257037
4742,0.001271,172.31.36.0-255,66,89811,15,257037
4743,0.001275,74.125.68.0-255,1484,91295,15,257037
4744,0.001298,74.125.68.0-255,2902,94197,15,257037
4745,0.001301,172.31.36.0-255,66,94263,15,257037
4746,0.001306,74.125.68.0-255,2902,97165,15,257037
4747,0.001308,172.31.36.0-255,66,97231,15,257037
4748,0.001328,74.125.68.0-255,2902,100133,15,257037
4749,0.001331,172.31.36.0-255,66,100199,15,257037
4750,0.001337,74.125.68.0-255,4320,104519,15,257037
4751,0.001339,172.31.36.0-255,66,104585,15,257037
4752,0.001404,74.125.68.0-255,2902,107487,15,257037
4753,0.001408,172.31.36.0-255,66,107553,15,257037
4754,0.001434,74.125.68.0-255,4320,111873,15,257037
4755,0.001437,172.31.36.0-255,66,111939,15,257037
4756,0.00144,74.125.68.0-255,1484,113423,15,257037
4757,0.001444,74.125.68.0-255,1484,114907,15,257037
4758,0.001447,172.31.36.0-255,66,114973,15,257037
4759,0.001473,74.125.68.0-255,1484,116457,15,257037
4760,0.001476,74.125.68.0-255,766,117223,15,257037
4761,0.001479,172.31.36.0-255,66,117289,15,257037
4762,0.001572,74.125.68.0-255,1484,118773,15,257037
4763,0.001577,74.125.68.0-255,2902,121675,15,257037
4764,0.001588,172.31.36.0-255,66,121741,15,257037
4765,0.00162,74.125.68.0-255,5738,127479,15,257037
4766,0.001623,172.31.36.0-255,66,127545,15,257037
4767,0.001626,74.125.68.0-255,1484,129029,15,257037
4768,0.001651,74.125.68.0-255,2902,131931,15,257037
4769,0.001654,172.31.36.0-255,66,131997,15,257037
4770,0.001657,74.125.68.0-255,1484,133481,15,257037
4771,0.00168,74.125.68.0-255,4320,137801,15,257037
4772,0.001683,172.31.36.0-255,66,137867,15,257037
4773,0.001688,74.125.68.0-255,2902,140769,15,257037
4774,0.00169,172.31.36.0-255,66,140835,15,257037
4775,0.001695,74.125.68.0-255,4320,145155,15,257037
4776,0.001698,172.31.36.0-255,66,145221,15,257037
4777,0.001728,74.125.68.0-255,1484,146705,15,257037
4778,0.001746,74.125.68.0-255,5020,151725,15,257037
4779,0.001751,172.31.36.0-255,66,151791,15,257037
4780,0.001816,74.125.68.0-255,1484,153275,15,257037
4781,0.00184,74.125.68.0-255,2902,156177,15,257037
4782,0.001844,172.31.36.0-255,66,156243,15,257037
4783,0.001851,74.125.68.0-255,5738,161981,15,257037
4784,0.001853,172.31.36.0-255,66,162047,15,257037
4785,0.001889,74.125.68.0-255,5738,167785,15,257037
4786,0.001892,172.31.36.0-255,66,167851,15,257037
4787,0.001925,74.125.68.0-255,7156,175007,15,257037
4788,0.001928,172.31.36.0-255,66,175073,15,257037
4789,0.001937,74.125.68.0-255,7156,182229,15,257037
4790,0.001939,172.31.36.0-255,66,182295,15,257037
4791,0.001985,74.125.68.0-255,3602,185897,15,257037
4792,0.001988,172.31.36.0-255,66,185963,15,257037
4793,0.002099,74.125.68.0-255,1484,187447,15,257037
4794,0.002137,74.125.68.0-255,2902,190349,15,257037
4795,0.002142,172.31.36.0-255,66,190415,15,257037
4796,0.002153,74.125.68.0-255,1484,191899,15,257037
4797,0.002168,74.125.68.0-255,2902,194801,15,257037
4798,0.002171,172.31.36.0-255,66,194867,15,257037
4799,0.002199,74.125.68.0-255,5738,200605,15,257037
4800,0.002202,172.31.36.0-255,66,200671,15,257037
4801,0.002262,74.125.68.0-255,7156,207827,15,257037
4802,0.002266,172.31.36.0-255,66,207893,15,257037
4803,0.002273,74.125.68.0-255,7156,215049,15,257037
4804,0.002275,172.31.36.0-255,66,215115,15,257037
4805,0.002286,172.31.36.0-255,66,215181,15,257037
4806,0.002291,74.125.68.0-255,4320,219501,15,257037
4807,0.002294,172.31.36.0-255,66,219567,15,257037
4808,0.002297,74.125.68.0-255,1484,221051,15,257037
4809,0.002333,74.125.68.0-255,4320,225371,15,257037
4810,0.002336,172.31.36.0-255,66,225437,15,257037
4811,0.00235,172.31.36.0-255,66,225503,15,257037
4812,0.002355,74.125.68.0-255,4320,229823,15,257037
4813,0.002357,172.31.36.0-255,66,229889,15,257037
4814,0.002398,74.125.68.0-255,5020,234909,15,257037
4815,0.002401,172.31.36.0-255,66,234975,15,257037
4816,0.002444,74.125.68.0-255,1484,236459,15,257037
4817,0.002448,74.125.68.0-255,1484,237943,15,257037
4818,0.002451,172.31.36.0-255,66,238009,15,257037
4819,0.002472,74.125.68.0-255,1484,239493,15,257037
4820,0.002479,74.125.68.0-255,5738,245231,15,257037
4821,0.002481,172.31.36.0-255,66,245297,15,257037
4822,0.002519,172.31.36.0-255,66,245363,15,257037
4823,0.005007,74.125.68.0-255,5738,251101,15,257037
4824,0.005016,172.31.36.0-255,66,251167,15,257037
4825,0.007497,74.125.68.0-255,4320,255487,15,257037
4826,0.007504,172.31.36.0-255,66,255553,15,257037
4827,0.007521,74.125.68.0-255,1484,257037,15,257037
4828,0.0,172.253.118.0-255,150,150,15,199954
4829,1.2e-05,172.31.36.0-255,66,216,15,199954
4830,3.9e-05,172.253.118.0-255,1484,1700,15,199954
4831,4.4e-05,172.31.36.0-255,66,1766,15,199954
4832,5e-05,172.253.118.0-255,2902,4668,15,199954
4833,5.3e-05,172.31.36.0-255,66,4734,15,199954
4834,6.5e-05,172.253.118.0-255,5738,10472,15,199954
4835,6.9e-05,172.31.36.0-255,66,10538,15,199954
4836,0.000105,172.253.118.0-255,3486,14024,15,199954
4837,0.000108,172.31.36.0-255,66,14090,15,199954
4838,0.000534,172.253.118.0-255,1484,15574,15,199954
4839,0.00054,172.31.36.0-255,66,15640,15,199954
4840,0.00055,172.253.118.0-255,2902,18542,15,199954
4841,0.000552,172.31.36.0-255,66,18608,15,199954
4842,0.000565,172.253.118.0-255,5738,24346,15,199954
4843,0.000567,172.31.36.0-255,66,24412,15,199954
4844,0.000612,172.253.118.0-255,6797,31209,15,199954
4845,0.000616,172.31.36.0-255,66,31275,15,199954
4846,0.000915,172.253.118.0-255,1484,32759,15,199954
4847,0.000921,172.31.36.0-255,66,32825,15,199954
4848,0.000928,172.253.118.0-255,2902,35727,15,199954
4849,0.00093,172.31.36.0-255,66,35793,15,199954
4850,0.000942,172.253.118.0-255,5738,41531,15,199954
4851,0.000945,172.31.36.0-255,66,41597,15,199954
4852,0.000949,172.253.118.0-255,1484,43081,15,199954
4853,0.000951,172.31.36.0-255,66,43147,15,199954
4854,0.000995,172.31.36.0-255,66,43213,15,199954
4855,0.001008,172.31.36.0-255,66,43279,15,199954
4856,0.001019,172.253.118.0-255,3961,47240,15,199954
4857,0.001021,172.31.36.0-255,66,47306,15,199954
4858,0.001024,172.253.118.0-255,412,47718,15,199954
4859,0.001083,172.253.118.0-255,332,48050,15,199954
4860,0.001497,172.253.118.0-255,1484,49534,15,199954
4861,0.001504,172.31.36.0-255,66,49600,15,199954
4862,0.00151,172.253.118.0-255,2902,52502,15,199954
4863,0.001512,172.31.36.0-255,66,52568,15,199954
4864,0.001516,172.253.118.0-255,2902,55470,15,199954
4865,0.001524,172.31.36.0-255,66,55536,15,199954
4866,0.001554,172.253.118.0-255,2902,58438,15,199954
4867,0.001557,172.31.36.0-255,66,58504,15,199954
4868,0.001571,172.31.36.0-255,66,58570,15,199954
4869,0.001586,172.31.36.0-255,66,58636,15,199954
4870,0.001597,172.253.118.0-255,1484,60120,15,199954
4871,0.001618,172.253.118.0-255,766,60886,15,199954
4872,0.00162,172.31.36.0-255,66,60952,15,199954
4873,0.0017,172.253.118.0-255,1484,62436,15,199954
4874,0.001721,172.253.118.0-255,2902,65338,15,199954
4875,0.001724,172.31.36.0-255,66,65404,15,199954
4876,0.00173,172.253.118.0-255,5738,71142,15,199954
4877,0.001733,172.31.36.0-255,66,71208,15,199954
4878,0.001768,172.31.36.0-255,66,71274,15,199954
4879,0.001798,172.253.118.0-255,2902,74176,15,199954
4880,0.001801,172.31.36.0-255,66,74242,15,199954
4881,0.001807,172.253.118.0-255,7156,81398,15,199954
4882,0.00181,172.31.36.0-255,66,81464,15,199954
4883,0.001819,172.253.118.0-255,3602,85066,15,199954
4884,0.001822,172.31.36.0-255,66,85132,15,199954
4885,0.001858,172.253.118.0-255,1484,86616,15,199954
4886,0.001876,172.253.118.0-255,2902,89518,15,199954
4887,0.001879,172.31.36.0-255,66,89584,15,199954
4888,0.001886,172.253.118.0-255,5738,95322,15,199954
4889,0.001888,172.31.36.0-255,66,95388,15,199954
4890,0.001911,172.253.118.0-255,4320,99708,15,199954
4891,0.001913,172.31.36.0-255,66,99774,15,199954
4892,0.001951,172.31.36.0-255,66,99840,15,199954
4893,0.001957,172.253.118.0-255,7156,106996,15,199954
4894,0.001961,172.31.36.0-255,66,107062,15,199954
4895,0.001968,172.253.118.0-255,1484,108546,15,199954
4896,0.001987,172.253.118.0-255,2184,110730,15,199954
4897,0.00199,172.31.36.0-255,66,110796,15,199954
4898,0.002029,172.253.118.0-255,1484,112280,15,199954
4899,0.002045,172.253.118.0-255,2902,115182,15,199954
4900,0.002047,172.31.36.0-255,66,115248,15,199954
4901,0.00206,172.253.118.0-255,1484,116732,15,199954
4902,0.002079,172.253.118.0-255,4320,121052,15,199954
4903,0.002081,172.31.36.0-255,66,121118,15,199954
4904,0.002086,172.253.118.0-255,2902,124020,15,199954
4905,0.002088,172.31.36.0-255,66,124086,15,199954
4906,0.002148,172.31.36.0-255,66,124152,15,199954
4907,0.002161,172.31.36.0-255,66,124218,15,199954
4908,0.002232,172.253.118.0-255,1484,125702,15,199954
4909,0.002274,172.253.118.0-255,1484,127186,15,199954
4910,0.002277,172.31.36.0-255,66,127252,15,199954
4911,0.002307,172.253.118.0-255,1484,128736,15,199954
4912,0.002314,172.253.118.0-255,5738,134474,15,199954
4913,0.002327,172.253.118.0-255,1484,135958,15,199954
4914,0.002332,172.31.36.0-255,66,136024,15,199954
4915,0.002336,172.31.36.0-255,66,136090,15,199954
4916,0.002375,172.31.36.0-255,66,136156,15,199954
4917,0.002387,172.253.118.0-255,1484,137640,15,199954
4918,0.002403,172.253.118.0-255,2902,140542,15,199954
4919,0.002406,172.31.36.0-255,66,140608,15,199954
4920,0.002436,172.253.118.0-255,5738,146346,15,199954
4921,0.002439,172.31.36.0-255,66,146412,15,199954
4922,0.002445,172.253.118.0-255,4320,150732,15,199954
4923,0.002447,172.31.36.0-255,66,150798,15,199954
4924,0.002463,172.253.118.0-255,4320,155118,15,199954
4925,0.002467,172.31.36.0-255,66,155184,15,199954
4926,0.002499,172.253.118.0-255,7156,162340,15,199954
4927,0.002502,172.31.36.0-255,66,162406,15,199954
4928,0.002514,172.31.36.0-255,66,162472,15,199954
4929,0.002532,172.31.36.0-255,66,162538,15,199954
4930,0.002538,172.253.118.0-255,4320,166858,15,199954
4931,0.00254,172.31.36.0-255,66,166924,15,199954
4932,0.002588,172.31.36.0-255,66,166990,15,199954
4933,0.002591,172.253.118.0-255,766,167756,15,199954
4934,0.002679,172.253.118.0-255,1484,169240,15,199954
4935,0.002683,172.31.36.0-255,66,169306,15,199954
4936,0.002689,172.253.118.0-255,2902,172208,15,199954
4937,0.002691,172.31.36.0-255,66,172274,15,199954
4938,0.002726,172.253.118.0-255,5738,178012,15,199954
4939,0.002728,172.31.36.0-255,66,178078,15,199954
4940,0.002741,172.31.36.0-255,66,178144,15,199954
4941,0.00276,172.253.118.0-255,2902,181046,15,199954
4942,0.002762,172.31.36.0-255,66,181112,15,199954
4943,0.002778,172.31.36.0-255,66,181178,15,199954
4944,0.00283,172.253.118.0-255,1484,182662,15,199954
4945,0.002837,172.253.118.0-255,2902,185564,15,199954
4946,0.00284,172.31.36.0-255,66,185630,15,199954
4947,0.002844,172.253.118.0-255,1484,187114,15,199954
4948,0.002875,172.253.118.0-255,4320,191434,15,199954
4949,0.002878,172.31.36.0-255,66,191500,15,199954
4950,0.00289,172.31.36.0-255,66,191566,15,199954
4951,0.002921,172.253.118.0-255,1484,193050,15,199954
4952,0.002936,172.31.36.0-255,66,193116,15,199954
4953,0.002942,172.253.118.0-255,4320,197436,15,199954
4954,0.002945,172.31.36.0-255,66,197502,15,199954
4955,0.002975,172.31.36.0-255,66,197568,15,199954
4956,0.003021,172.31.36.0-255,66,197634,15,199954
4957,0.003051,172.253.118.0-255,1815,199449,15,199954
4958,0.003053,172.253.118.0-255,97,199546,15,199954
4959,0.003055,172.253.118.0-255,105,199651,15,199954
4960,0.003061,172.31.36.0-255,66,199717,15,199954
4961,0.005694,172.31.36.0-255,66,199783,15,199954
4962,0.005731,172.31.36.0-255,105,199888,15,199954
4963,0.00803,172.253.118.0-255,66,199954,15,199954
4964,0.0,216.58.221.0-255,147,147,15,120611
4965,3.4e-05,172.31.36.0-255,66,213,15,120611
4966,4.1e-05,216.58.221.0-255,1484,1697,15,120611
4967,4.7e-05,172.31.36.0-255,66,1763,15,120611
4968,5.9e-05,216.58.221.0-255,2902,4665,15,120611
4969,6.2e-05,172.31.36.0-255,66,4731,15,120611
4970,6.9e-05,216.58.221.0-255,5738,10469,15,120611
4971,7.2e-05,172.31.36.0-255,66,10535,15,120611
4972,0.000107,216.58.221.0-255,1484,12019,15,120611
4973,0.000109,172.31.36.0-255,66,12085,15,120611
4974,0.000137,216.58.221.0-255,2105,14190,15,120611
4975,0.00014,172.31.36.0-255,66,14256,15,120611
4976,0.000145,216.58.221.0-255,4320,18576,15,120611
4977,0.000148,172.31.36.0-255,66,18642,15,120611
4978,0.000165,172.31.36.0-255,66,18708,15,120611
4979,0.000168,216.58.221.0-255,1484,20192,15,120611
4980,0.00017,172.31.36.0-255,66,20258,15,120611
4981,0.000199,216.58.221.0-255,1125,21383,15,120611
4982,0.000203,172.31.36.0-255,66,21449,15,120611
4983,0.000269,216.58.221.0-255,1484,22933,15,120611
4984,0.000272,172.31.36.0-255,66,22999,15,120611
4985,0.000277,216.58.221.0-255,2902,25901,15,120611
4986,0.000279,172.31.36.0-255,66,25967,15,120611
4987,0.000307,216.58.221.0-255,5738,31705,15,120611
4988,0.000311,172.31.36.0-255,66,31771,15,120611
4989,0.000319,216.58.221.0-255,6797,38568,15,120611
4990,0.000322,172.31.36.0-255,66,38634,15,120611
4991,0.000351,216.58.221.0-255,7156,45790,15,120611
4992,0.000355,172.31.36.0-255,66,45856,15,120611
4993,0.000361,216.58.221.0-255,4320,50176,15,120611
4994,0.000364,172.31.36.0-255,66,50242,15,120611
4995,0.000401,216.58.221.0-255,5379,55621,15,120611
4996,0.000406,172.31.36.0-255,66,55687,15,120611
4997,0.000408,216.58.221.0-255,355,56042,15,120611
4998,0.000787,172.31.36.0-255,66,56108,15,120611
4999,0.001184,216.58.221.0-255,387,56495,15,120611
5000,0.001219,216.58.221.0-255,1484,57979,15,120611
5001,0.001223,172.31.36.0-255,66,58045,15,120611
5002,0.001229,216.58.221.0-255,1484,59529,15,120611
5003,0.001254,216.58.221.0-255,1484,61013,15,120611
5004,0.001257,172.31.36.0-255,66,61079,15,120611
5005,0.001264,216.58.221.0-255,5738,66817,15,120611
5006,0.001266,172.31.36.0-255,66,66883,15,120611
5007,0.00129,216.58.221.0-255,5738,72621,15,120611
5008,0.001298,172.31.36.0-255,66,72687,15,120611
5009,0.001306,216.58.221.0-255,7156,79843,15,120611
5010,0.001309,172.31.36.0-255,66,79909,15,120611
5011,0.001357,172.31.36.0-255,66,79975,15,120611
5012,0.001849,216.58.221.0-255,1484,81459,15,120611
5013,0.001856,216.58.221.0-255,2902,84361,15,120611
5014,0.00186,172.31.36.0-255,66,84427,15,120611
5015,0.001865,216.58.221.0-255,1484,85911,15,120611
5016,0.001892,216.58.221.0-255,4320,90231,15,120611
5017,0.001896,172.31.36.0-255,66,90297,15,120611
5018,0.001902,216.58.221.0-255,4320,94617,15,120611
5019,0.001904,172.31.36.0-255,66,94683,15,120611
5020,0.001917,216.58.221.0-255,5738,100421,15,120611
5021,0.001919,172.31.36.0-255,66,100487,15,120611
5022,0.001965,172.31.36.0-255,66,100553,15,120611
5023,0.001969,216.58.221.0-255,2184,102737,15,120611
5024,0.001971,172.31.36.0-255,66,102803,15,120611
5025,0.004186,216.58.221.0-255,2902,105705,15,120611
5026,0.004191,172.31.36.0-255,66,105771,15,120611
5027,0.004224,216.58.221.0-255,2902,108673,15,120611
5028,0.004227,172.31.36.0-255,66,108739,15,120611
5029,0.006137,216.58.221.0-255,2902,111641,15,120611
5030,0.006142,172.31.36.0-255,66,111707,15,120611
5031,0.006177,216.58.221.0-255,2902,114609,15,120611
5032,0.00618,172.31.36.0-255,66,114675,15,120611
5033,0.008086,216.58.221.0-255,2902,117577,15,120611
5034,0.008094,172.31.36.0-255,66,117643,15,120611
5035,0.008132,216.58.221.0-255,2902,120545,15,120611
5036,0.008136,172.31.36.0-255,66,120611,15,120611
5037,0.0,74.125.68.0-255,153,153,15,201895
5038,2.5e-05,172.31.36.0-255,66,219,15,201895
5039,3.3e-05,74.125.68.0-255,1484,1703,15,201895
5040,3.7e-05,172.31.36.0-255,66,1769,15,201895
5041,4.1e-05,74.125.68.0-255,1484,3253,15,201895
5042,4.4e-05,172.31.36.0-255,66,3319,15,201895
5043,5e-05,74.125.68.0-255,2902,6221,15,201895
5044,5.4e-05,172.31.36.0-255,66,6287,15,201895
5045,7.7e-05,74.125.68.0-255,5738,12025,15,201895
5046,8e-05,172.31.36.0-255,66,12091,15,201895
5047,8.3e-05,74.125.68.0-255,1484,13575,15,201895
5048,8.5e-05,172.31.36.0-255,66,13641,15,201895
5049,0.000111,74.125.68.0-255,619,14260,15,201895
5050,0.000114,172.31.36.0-255,66,14326,15,201895
5051,0.000233,74.125.68.0-255,1484,15810,15,201895
5052,0.000237,172.31.36.0-255,66,15876,15,201895
5053,0.000242,74.125.68.0-255,2902,18778,15,201895
5054,0.000245,172.31.36.0-255,66,18844,15,201895
5055,0.000271,74.125.68.0-255,5738,24582,15,201895
5056,0.000275,172.31.36.0-255,66,24648,15,201895
5057,0.000281,74.125.68.0-255,5738,30386,15,201895
5058,0.000283,172.31.36.0-255,66,30452,15,201895
5059,0.000318,74.125.68.0-255,6797,37249,15,201895
5060,0.000321,172.31.36.0-255,66,37315,15,201895
5061,0.000324,74.125.68.0-255,1484,38799,15,201895
5062,0.000327,172.31.36.0-255,66,38865,15,201895
5063,0.000362,74.125.68.0-255,7156,46021,15,201895
5064,0.000365,172.31.36.0-255,66,46087,15,201895
5065,0.000377,172.31.36.0-255,66,46153,15,201895
5066,0.000382,74.125.68.0-255,4320,50473,15,201895
5067,0.000385,172.31.36.0-255,66,50539,15,201895
5068,0.000391,74.125.68.0-255,4320,54859,15,201895
5069,0.000393,172.31.36.0-255,66,54925,15,201895
5070,0.000412,74.125.68.0-255,766,55691,15,201895
5071,0.000415,74.125.68.0-255,396,56087,15,201895
5072,0.000499,74.125.68.0-255,116,56203,15,201895
5073,0.000747,74.125.68.0-255,1484,57687,15,201895
5074,0.000753,172.31.36.0-255,66,57753,15,201895
5075,0.000759,74.125.68.0-255,2902,60655,15,201895
5076,0.000762,172.31.36.0-255,66,60721,15,201895
5077,0.000786,74.125.68.0-255,4320,65041,15,201895
5078,0.00079,172.31.36.0-255,66,65107,15,201895
5079,0.000799,74.125.68.0-255,1484,66591,15,201895
5080,0.000814,74.125.68.0-255,4320,70911,15,201895
5081,0.000816,172.31.36.0-255,66,70977,15,201895
5082,0.000837,74.125.68.0-255,2902,73879,15,201895
5083,0.00084,172.31.36.0-255,66,73945,15,201895
5084,0.00087,172.31.36.0-255,66,74011,15,201895
5085,0.000877,74.125.68.0-255,4320,78331,15,201895
5086,0.000879,172.31.36.0-255,66,78397,15,201895
5087,0.000897,74.125.68.0-255,3602,81999,15,201895
5088,0.000899,172.31.36.0-255,66,82065,15,201895
5089,0.000943,74.125.68.0-255,2902,84967,15,201895
5090,0.000948,172.31.36.0-255,66,85033,15,201895
5091,0.000954,74.125.68.0-255,4320,89353,15,201895
5092,0.000956,172.31.36.0-255,66,89419,15,201895
5093,0.000974,74.125.68.0-255,2902,92321,15,201895
5094,0.000976,172.31.36.0-255,66,92387,15,201895
5095,0.001007,74.125.68.0-255,5738,98125,15,201895
5096,0.00101,172.31.36.0-255,66,98191,15,201895
5097,0.001015,74.125.68.0-255,2902,101093,15,201895
5098,0.001017,172.31.36.0-255,66,101159,15,201895
5099,0.001022,74.125.68.0-255,4320,105479,15,201895
5100,0.001025,172.31.36.0-255,66,105545,15,201895
5101,0.001037,172.31.36.0-255,66,105611,15,201895
5102,0.001062,74.125.68.0-255,2184,107795,15,201895
5103,0.001064,172.31.36.0-255,66,107861,15,201895
5104,0.001084,74.125.68.0-255,2902,110763,15,201895
5105,0.001087,172.31.36.0-255,66,110829,15,201895
5106,0.00109,74.125.68.0-255,1484,112313,15,201895
5107,0.001093,74.125.68.0-255,1484,113797,15,201895
5108,0.001095,172.31.36.0-255,66,113863,15,201895
5109,0.001116,74.125.68.0-255,1484,115347,15,201895
5110,0.001122,74.125.68.0-255,5738,121085,15,201895
5111,0.001125,172.31.36.0-255,66,121151,15,201895
5112,0.001148,74.125.68.0-255,5738,126889,15,201895
5113,0.001151,172.31.36.0-255,66,126955,15,201895
5114,0.001155,74.125.68.0-255,1484,128439,15,201895
5115,0.001176,74.125.68.0-255,5738,134177,15,201895
5116,0.001179,172.31.36.0-255,66,134243,15,201895
5117,0.001205,172.31.36.0-255,66,134309,15,201895
5118,0.00137,74.125.68.0-255,1484,135793,15,201895
5119,0.001376,74.125.68.0-255,2902,138695,15,201895
5120,0.001379,172.31.36.0-255,66,138761,15,201895
5121,0.0014,74.125.68.0-255,4320,143081,15,201895
5122,0.001403,172.31.36.0-255,66,143147,15,201895
5123,0.00141,74.125.68.0-255,5738,148885,15,201895
5124,0.001412,172.31.36.0-255,66,148951,15,201895
5125,0.001436,74.125.68.0-255,2902,151853,15,201895
5126,0.001439,172.31.36.0-255,66,151919,15,201895
5127,0.001471,172.31.36.0-255,66,151985,15,201895
5128,0.001476,74.125.68.0-255,4320,156305,15,201895
5129,0.001479,172.31.36.0-255,66,156371,15,201895
5130,0.001495,74.125.68.0-255,1484,157855,15,201895
5131,0.001508,74.125.68.0-255,2184,160039,15,201895
5132,0.00151,172.31.36.0-255,66,160105,15,201895
5133,0.001718,74.125.68.0-255,1484,161589,15,201895
5134,0.001724,74.125.68.0-255,2902,164491,15,201895
5135,0.001727,172.31.36.0-255,66,164557,15,201895
5136,0.001748,74.125.68.0-255,5738,170295,15,201895
5137,0.001751,172.31.36.0-255,66,170361,15,201895
5138,0.001755,74.125.68.0-255,2902,173263,15,201895
5139,0.001757,172.31.36.0-255,66,173329,15,201895
5140,0.001763,74.125.68.0-255,4320,177649,15,201895
5141,0.001766,172.31.36.0-255,66,177715,15,201895
5142,0.001801,172.31.36.0-255,66,177781,15,201895
5143,0.001808,74.125.68.0-255,7156,184937,15,201895
5144,0.001811,172.31.36.0-255,66,185003,15,201895
5145,0.001838,74.125.68.0-255,766,185769,15,201895
5146,0.003898,74.125.68.0-255,4320,190089,15,201895
5147,0.003907,172.31.36.0-255,66,190155,15,201895
5148,0.005989,74.125.68.0-255,2902,193057,15,201895
5149,0.005993,172.31.36.0-255,66,193123,15,201895
5150,0.006006,74.125.68.0-255,2902,196025,15,201895
5151,0.006008,172.31.36.0-255,66,196091,15,201895
5152,0.008084,74.125.68.0-255,5738,201829,15,201895
5153,0.008092,172.31.36.0-255,66,201895,15,201895
5154,0.0,172.217.194.0-255,143,143,15,181620
5155,3.6e-05,172.31.36.0-255,66,209,15,181620
5156,4.4e-05,172.217.194.0-255,1484,1693,15,181620
5157,4.8e-05,172.31.36.0-255,66,1759,15,181620
5158,6.1e-05,172.217.194.0-255,2902,4661,15,181620
5159,6.5e-05,172.31.36.0-255,66,4727,15,181620
5160,7.2e-05,172.217.194.0-255,7156,11883,15,181620
5161,7.4e-05,172.31.36.0-255,66,11949,15,181620
5162,7.8e-05,172.217.194.0-255,2046,13995,15,181620
5163,8e-05,172.31.36.0-255,66,14061,15,181620
5164,9.4e-05,172.217.194.0-255,2902,16963,15,181620
5165,9.5e-05,172.31.36.0-255,66,17029,15,181620
5166,9.9e-05,172.31.36.0-255,66,17095,15,181620
5167,0.00013,172.217.194.0-255,2543,19638,15,181620
5168,0.000134,172.31.36.0-255,66,19704,15,181620
5169,0.000159,172.217.194.0-255,1484,21188,15,181620
5170,0.000162,172.31.36.0-255,66,21254,15,181620
5171,0.000167,172.217.194.0-255,2902,24156,15,181620
5172,0.000169,172.31.36.0-255,66,24222,15,181620
5173,0.000174,172.217.194.0-255,4320,28542,15,181620
5174,0.000176,172.31.36.0-255,66,28608,15,181620
5175,0.000208,172.217.194.0-255,1484,30092,15,181620
5176,0.00021,172.31.36.0-255,66,30158,15,181620
5177,0.000223,172.31.36.0-255,66,30224,15,181620
5178,0.000243,172.31.36.0-255,66,30290,15,181620
5179,0.000248,172.217.194.0-255,2184,32474,15,181620
5180,0.000251,172.31.36.0-255,66,32540,15,181620
5181,0.000277,172.217.194.0-255,395,32935,15,181620
5182,0.00028,172.31.36.0-255,66,33001,15,181620
5183,0.00036,172.217.194.0-255,1484,34485,15,181620
5184,0.000376,172.217.194.0-255,2902,37387,15,181620
5185,0.000379,172.31.36.0-255,66,37453,15,181620
5186,0.000387,172.217.194.0-255,5738,43191,15,181620
5187,0.000389,172.31.36.0-255,66,43257,15,181620
5188,0.000401,172.217.194.0-255,4320,47577,15,181620
5189,0.000404,172.31.36.0-255,66,47643,15,181620
5190,0.000434,172.217.194.0-255,4320,51963,15,181620
5191,0.000438,172.31.36.0-255,66,52029,15,181620
5192,0.000475,172.31.36.0-255,66,52095,15,181620
5193,0.000502,172.217.194.0-255,3917,56012,15,181620
5194,0.000507,172.31.36.0-255,66,56078,15,181620
5195,0.000609,172.217.194.0-255,1484,57562,15,181620
5196,0.000626,172.217.194.0-255,2902,60464,15,181620
5197,0.00063,172.31.36.0-255,66,60530,15,181620
5198,0.000637,172.217.194.0-255,5738,66268,15,181620
5199,0.000639,172.31.36.0-255,66,66334,15,181620
5200,0.000698,172.31.36.0-255,66,66400,15,181620
5201,0.000719,172.217.194.0-255,7156,73556,15,181620
5202,0.000723,172.31.36.0-255,66,73622,15,181620
5203,0.000751,172.217.194.0-255,5020,78642,15,181620
5204,0.000755,172.31.36.0-255,66,78708,15,181620
5205,0.000769,172.31.36.0-255,66,78774,15,181620
5206,0.000777,172.217.194.0-255,7156,85930,15,181620
5207,0.000779,172.31.36.0-255,66,85996,15,181620
5208,0.000814,172.217.194.0-255,4320,90316,15,181620
5209,0.000818,172.31.36.0-255,66,90382,15,181620
5210,0.000834,172.31.36.0-255,66,90448,15,181620
5211,0.000954,172.217.194.0-255,1484,91932,15,181620
5212,0.00096,172.217.194.0-255,2902,94834,15,181620
5213,0.000963,172.31.36.0-255,66,94900,15,181620
5214,0.000995,172.217.194.0-255,5738,100638,15,181620
5215,0.000998,172.31.36.0-255,66,100704,15,181620
5216,0.001013,172.31.36.0-255,66,100770,15,181620
5217,0.001024,172.217.194.0-255,2902,103672,15,181620
5218,0.001026,172.31.36.0-255,66,103738,15,181620
5219,0.001044,172.31.36.0-255,66,103804,15,181620
5220,0.001251,172.217.194.0-255,1484,105288,15,181620
5221,0.001258,172.217.194.0-255,2902,108190,15,181620
5222,0.001261,172.31.36.0-255,66,108256,15,181620
5223,0.001292,172.217.194.0-255,5738,113994,15,181620
5224,0.001296,172.31.36.0-255,66,114060,15,181620
5225,0.0013,172.217.194.0-255,2902,116962,15,181620
5226,0.001302,172.31.36.0-255,66,117028,15,181620
5227,0.001342,172.31.36.0-255,66,117094,15,181620
5228,0.00136,172.31.36.0-255,66,117160,15,181620
5229,0.001462,172.217.194.0-255,1484,118644,15,181620
5230,0.00148,172.217.194.0-255,2902,121546,15,181620
5231,0.001484,172.31.36.0-255,66,121612,15,181620
5232,0.00149,172.217.194.0-255,5738,127350,15,181620
5233,0.001493,172.31.36.0-255,66,127416,15,181620
5234,0.001553,172.31.36.0-255,66,127482,15,181620
5235,0.001565,172.217.194.0-255,1484,128966,15,181620
5236,0.001566,172.31.36.0-255,66,129032,15,181620
5237,0.001575,172.217.194.0-255,2902,131934,15,181620
5238,0.001577,172.31.36.0-255,66,132000,15,181620
5239,0.001581,172.217.194.0-255,1484,133484,15,181620
5240,0.001609,172.217.194.0-255,4320,137804,15,181620
5241,0.001612,172.31.36.0-255,66,137870,15,181620
5242,0.001635,172.31.36.0-255,66,137936,15,181620
5243,0.001647,172.31.36.0-255,66,138002,15,181620
5244,0.001734,172.31.36.0-255,66,138068,15,181620
5245,0.001741,172.217.194.0-255,5738,143806,15,181620
5246,0.001743,172.31.36.0-255,66,143872,15,181620
5247,0.001781,172.31.36.0-255,66,143938,15,181620
5248,0.001804,172.217.194.0-255,1484,145422,15,181620
5249,0.001818,172.217.194.0-255,2902,148324,15,181620
5250,0.001822,172.31.36.0-255,66,148390,15,181620
5251,0.001852,172.217.194.0-255,5738,154128,15,181620
5252,0.001856,172.31.36.0-255,66,154194,15,181620
5253,0.001861,172.217.194.0-255,2902,157096,15,181620
5254,0.001864,172.31.36.0-255,66,157162,15,181620
5255,0.001895,172.31.36.0-255,66,157228,15,181620
5256,0.001901,172.217.194.0-255,5738,162966,15,181620
5257,0.001904,172.31.36.0-255,66,163032,15,181620
5258,0.001931,172.217.194.0-255,5020,168052,15,181620
5259,0.001934,172.31.36.0-255,66,168118,15,181620
5260,0.001977,172.217.194.0-255,5738,173856,15,181620
5261,0.001981,172.31.36.0-255,66,173922,15,181620
5262,0.001985,172.217.194.0-255,2902,176824,15,181620
5263,0.001988,172.31.36.0-255,66,176890,15,181620
5264,0.002029,172.31.36.0-255,66,176956,15,181620
5265,0.002034,172.217.194.0-255,4256,181212,15,181620
5266,0.002036,172.31.36.0-255,66,181278,15,181620
5267,0.002145,172.217.194.0-255,105,181383,15,181620
5268,0.003439,172.31.36.0-255,66,181449,15,181620
5269,0.003466,172.31.36.0-255,105,181554,15,181620
5270,0.005954,172.217.194.0-255,66,181620,15,181620
5271,0.0,74.125.200.0-255,153,153,15,272987
5272,2.4e-05,172.31.36.0-255,66,219,15,272987
5273,3.1e-05,74.125.200.0-255,1484,1703,15,272987
5274,3.6e-05,172.31.36.0-255,66,1769,15,272987
5275,4e-05,74.125.200.0-255,1484,3253,15,272987
5276,4.3e-05,172.31.36.0-255,66,3319,15,272987
5277,4.9e-05,74.125.200.0-255,2902,6221,15,272987
5278,5.2e-05,172.31.36.0-255,66,6287,15,272987
5279,5.9e-05,74.125.200.0-255,5738,12025,15,272987
5280,6.2e-05,172.31.36.0-255,66,12091,15,272987
5281,9e-05,74.125.200.0-255,2055,14146,15,272987
5282,9.3e-05,172.31.36.0-255,66,14212,15,272987
5283,9.8e-05,74.125.200.0-255,2902,17114,15,272987
5284,0.000101,172.31.36.0-255,66,17180,15,272987
5285,0.000129,74.125.200.0-255,7156,24336,15,272987
5286,0.000132,172.31.36.0-255,66,24402,15,272987
5287,0.000136,74.125.200.0-255,2902,27304,15,272987
5288,0.000138,172.31.36.0-255,66,27370,15,272987
5289,0.000144,74.125.200.0-255,3961,31331,15,272987
5290,0.000147,172.31.36.0-255,66,31397,15,272987
5291,0.000263,74.125.200.0-255,1484,32881,15,272987
5292,0.000267,172.31.36.0-255,66,32947,15,272987
5293,0.000274,74.125.200.0-255,2902,35849,15,272987
5294,0.000277,172.31.36.0-255,66,35915,15,272987
5295,0.000281,74.125.200.0-255,2902,38817,15,272987
5296,0.000283,172.31.36.0-255,66,38883,15,272987
5297,0.000297,74.125.200.0-255,1484,40367,15,272987
5298,0.0003,172.31.36.0-255,66,40433,15,272987
5299,0.000331,74.125.200.0-255,2902,43335,15,272987
5300,0.000334,172.31.36.0-255,66,43401,15,272987
5301,0.00034,74.125.200.0-255,4320,47721,15,272987
5302,0.000342,172.31.36.0-255,66,47787,15,272987
5303,0.000376,74.125.200.0-255,4320,52107,15,272987
5304,0.000378,172.31.36.0-255,66,52173,15,272987
5305,0.000401,74.125.200.0-255,5379,57552,15,272987
5306,0.000404,172.31.36.0-255,66,57618,15,272987
5307,0.000421,74.125.200.0-255,1484,59102,15,272987
5308,0.000448,74.125.200.0-255,7108,66210,15,272987
5309,0.000451,172.31.36.0-255,66,66276,15,272987
5310,0.000572,74.125.200.0-255,344,66620,15,272987
5311,0.000663,74.125.200.0-255,1484,68104,15,272987
5312,0.000667,172.31.36.0-255,66,68170,15,272987
5313,0.000671,74.125.200.0-255,1484,69654,15,272987
5314,0.000686,74.125.200.0-255,1484,71138,15,272987
5315,0.000689,172.31.36.0-255,66,71204,15,272987
5316,0.000695,74.125.200.0-255,4320,75524,15,272987
5317,0.000697,172.31.36.0-255,66,75590,15,272987
5318,0.000719,74.125.200.0-255,1484,77074,15,272987
5319,0.000745,74.125.200.0-255,7156,84230,15,272987
5320,0.000749,172.31.36.0-255,66,84296,15,272987
5321,0.000803,172.31.36.0-255,66,84362,15,272987
5322,0.00082,74.125.200.0-255,1484,85846,15,272987
5323,0.000827,74.125.200.0-255,5738,91584,15,272987
5324,0.000829,172.31.36.0-255,66,91650,15,272987
5325,0.000832,74.125.200.0-255,217,91867,15,272987
5326,0.000974,74.125.200.0-255,1484,93351,15,272987
5327,0.000978,172.31.36.0-255,66,93417,15,272987
5328,0.000982,74.125.200.0-255,1484,94901,15,272987
5329,0.000996,74.125.200.0-255,2902,97803,15,272987
5330,0.000998,172.31.36.0-255,66,97869,15,272987
5331,0.001031,74.125.200.0-255,5738,103607,15,272987
5332,0.001034,172.31.36.0-255,66,103673,15,272987
5333,0.001038,74.125.200.0-255,1484,105157,15,272987
5334,0.001042,74.125.200.0-255,2902,108059,15,272987
5335,0.001044,172.31.36.0-255,66,108125,15,272987
5336,0.001099,74.125.200.0-255,4320,112445,15,272987
5337,0.001102,172.31.36.0-255,66,112511,15,272987
5338,0.001115,74.125.200.0-255,1484,113995,15,272987
5339,0.001132,74.125.200.0-255,4320,118315,15,272987
5340,0.001135,172.31.36.0-255,66,118381,15,272987
5341,0.001139,74.125.200.0-255,2902,121283,15,272987
5342,0.001142,172.31.36.0-255,66,121349,15,272987
5343,0.001159,74.125.200.0-255,4320,125669,15,272987
5344,0.001161,172.31.36.0-255,66,125735,15,272987
5345,0.001179,74.125.200.0-255,766,126501,15,272987
5346,0.001423,74.125.200.0-255,1484,127985,15,272987
5347,0.001428,172.31.36.0-255,66,128051,15,272987
5348,0.001446,74.125.200.0-255,1484,129535,15,272987
5349,0.001464,74.125.200.0-255,2902,132437,15,272987
5350,0.001467,172.31.36.0-255,66,132503,15,272987
5351,0.001494,74.125.200.0-255,4320,136823,15,272987
5352,0.001497,172.31.36.0-255,66,136889,15,272987
5353,0.001529,74.125.200.0-255,5738,142627,15,272987
5354,0.001532,172.31.36.0-255,66,142693,15,272987
5355,0.001536,74.125.200.0-255,2902,145595,15,272987
5356,0.001538,172.31.36.0-255,66,145661,15,272987
5357,0.001556,74.125.200.0-255,4320,149981,15,272987
5358,0.001558,172.31.36.0-255,66,150047,15,272987
5359,0.001569,172.31.36.0-255,66,150113,15,272987
5360,0.001593,74.125.200.0-255,1484,151597,15,272987
5361,0.001612,74.125.200.0-255,3602,155199,15,272987
5362,0.001618,74.125.200.0-255,5738,160937,15,272987
5363,0.001622,172.31.36.0-255,66,161003,15,272987
5364,0.001626,172.31.36.0-255,66,161069,15,272987
5365,0.001638,74.125.200.0-255,2902,163971,15,272987
5366,0.001641,172.31.36.0-255,66,164037,15,272987
5367,0.001668,172.31.36.0-255,66,164103,15,272987
5368,0.001672,74.125.200.0-255,2902,167005,15,272987
5369,0.001674,172.31.36.0-255,66,167071,15,272987
5370,0.001729,172.31.36.0-255,66,167137,15,272987
5371,0.001782,74.125.200.0-255,1484,168621,15,272987
5372,0.001785,74.125.200.0-255,1484,170105,15,272987
5373,0.001792,172.31.36.0-255,66,170171,15,272987
5374,0.001809,74.125.200.0-255,1484,171655,15,272987
5375,0.001815,74.125.200.0-255,4320,175975,15,272987
5376,0.001817,172.31.36.0-255,66,176041,15,272987
5377,0.001824,74.125.200.0-255,5738,181779,15,272987
5378,0.001826,172.31.36.0-255,66,181845,15,272987
5379,0.001863,172.31.36.0-255,66,181911,15,272987
5380,0.001869,74.125.200.0-255,4320,186231,15,272987
5381,0.001872,172.31.36.0-255,66,186297,15,272987
5382,0.001898,74.125.200.0-255,3602,189899,15,272987
5383,0.001901,172.31.36.0-255,66,189965,15,272987
5384,0.00198,74.125.200.0-255,1484,191449,15,272987
5385,0.002009,74.125.200.0-255,2902,194351,15,272987
5386,0.002012,172.31.36.0-255,66,194417,15,272987
5387,0.002018,74.125.200.0-255,4320,198737,15,272987
5388,0.002021,172.31.36.0-255,66,198803,15,272987
5389,0.002035,74.125.200.0-255,2902,201705,15,272987
5390,0.002038,172.31.36.0-255,66,201771,15,272987
5391,0.002065,74.125.200.0-255,5738,207509,15,272987
5392,0.002067,172.31.36.0-255,66,207575,15,272987
5393,0.002073,74.125.200.0-255,4320,211895,15,272987
5394,0.002075,172.31.36.0-255,66,211961,15,272987
5395,0.002081,74.125.200.0-255,5738,217699,15,272987
5396,0.002084,172.31.36.0-255,66,217765,15,272987
5397,0.002114,74.125.200.0-255,5738,223503,15,272987
5398,0.002117,172.31.36.0-255,66,223569,15,272987
5399,0.002142,74.125.200.0-255,5020,228589,15,272987
5400,0.002144,172.31.36.0-255,66,228655,15,272987
5401,0.002162,74.125.200.0-255,5738,234393,15,272987
5402,0.002205,74.125.200.0-255,1484,235877,15,272987
5403,0.002292,74.125.200.0-255,7156,243033,15,272987
5404,0.002298,74.125.200.0-255,5738,248771,15,272987
5405,0.002301,74.125.200.0-255,1484,250255,15,272987
5406,0.002304,172.31.36.0-255,78,250333,15,272987
5407,0.002311,74.125.200.0-255,4320,254653,15,272987
5408,0.002313,172.31.36.0-255,78,254731,15,272987
5409,0.002331,74.125.200.0-255,6438,261169,15,272987
5410,0.00623,172.31.36.0-255,66,261235,15,272987
5411,0.007689,74.125.200.0-255,5738,266973,15,272987
5412,0.007706,172.31.36.0-255,78,267051,15,272987
5413,0.008504,74.125.200.0-255,1484,268535,15,272987
5414,0.008509,172.31.36.0-255,66,268601,15,272987
5415,0.008528,74.125.200.0-255,4320,272921,15,272987
5416,0.00853,172.31.36.0-255,66,272987,15,272987
5417,0.0,74.125.68.0-255,150,150,15,57856
5418,2.7e-05,172.31.36.0-255,66,216,15,57856
5419,3.4e-05,74.125.68.0-255,1484,1700,15,57856
5420,3.8e-05,172.31.36.0-255,66,1766,15,57856
5421,5.1e-05,74.125.68.0-255,2902,4668,15,57856
5422,5.4e-05,172.31.36.0-255,66,4734,15,57856
5423,9.9e-05,74.125.68.0-255,4320,9054,15,57856
5424,0.000102,172.31.36.0-255,66,9120,15,57856
5425,0.00013,74.125.68.0-255,2902,12022,15,57856
5426,0.000133,172.31.36.0-255,66,12088,15,57856
5427,0.000309,172.31.36.0-255,66,12154,15,57856
5428,0.000529,74.125.68.0-255,5738,17892,15,57856
5429,0.000534,172.31.36.0-255,66,17958,15,57856
5430,0.000565,74.125.68.0-255,5379,23337,15,57856
5431,0.000569,172.31.36.0-255,66,23403,15,57856
5432,0.000816,172.31.36.0-255,66,23469,15,57856
5433,0.000864,172.31.36.0-255,66,23535,15,57856
5434,0.001381,172.31.36.0-255,66,23601,15,57856
5435,0.001407,74.125.68.0-255,4289,27890,15,57856
5436,0.00141,172.31.36.0-255,66,27956,15,57856
5437,0.001703,74.125.68.0-255,1484,29440,15,57856
5438,0.001705,172.31.36.0-255,66,29506,15,57856
5439,0.001757,172.31.36.0-255,66,29572,15,57856
5440,0.002492,74.125.68.0-255,5738,35310,15,57856
5441,0.002496,172.31.36.0-255,66,35376,15,57856
5442,0.002534,172.31.36.0-255,66,35442,15,57856
5443,0.003481,74.125.68.0-255,4320,39762,15,57856
5444,0.003532,74.125.68.0-255,6420,46182,15,57856
5445,0.004155,172.31.36.0-255,66,46248,15,57856
5446,0.006424,74.125.68.0-255,5738,51986,15,57856
5447,0.00643,172.31.36.0-255,66,52052,15,57856
5448,0.008689,74.125.68.0-255,5738,57790,15,57856
5449,0.009703,172.31.36.0-255,66,57856,15,57856
5450,0.0,172.31.36.0-255,66,66,15,66
5451,0.0,172.217.27.0-255,212,212,15,181149
5452,3.6e-05,172.31.36.0-255,66,278,15,181149
5453,4.4e-05,172.217.27.0-255,1484,1762,15,181149
5454,4.9e-05,172.31.36.0-255,66,1828,15,181149
5455,6.4e-05,172.217.27.0-255,4320,6148,15,181149
5456,6.6e-05,172.31.36.0-255,66,6214,15,181149
5457,7.7e-05,172.31.36.0-255,66,6280,15,181149
5458,0.000118,172.217.27.0-255,1484,7764,15,181149
5459,0.00012,172.31.36.0-255,66,7830,15,181149
5460,0.000125,172.217.27.0-255,2902,10732,15,181149
5461,0.000127,172.31.36.0-255,66,10798,15,181149
5462,0.00013,172.217.27.0-255,1484,12282,15,181149
5463,0.000139,172.31.36.0-255,66,12348,15,181149
5464,0.000171,172.217.27.0-255,4320,16668,15,181149
5465,0.000174,172.31.36.0-255,66,16734,15,181149
5466,0.000182,172.217.27.0-255,6797,23531,15,181149
5467,0.000184,172.31.36.0-255,66,23597,15,181149
5468,0.00019,172.217.27.0-255,4320,27917,15,181149
5469,0.000193,172.31.36.0-255,66,27983,15,181149
5470,0.000237,172.217.27.0-255,2902,30885,15,181149
5471,0.00024,172.31.36.0-255,66,30951,15,181149
5472,0.00026,172.31.36.0-255,66,31017,15,181149
5473,0.000483,172.217.27.0-255,1484,32501,15,181149
5474,0.000489,172.31.36.0-255,66,32567,15,181149
5475,0.000494,172.217.27.0-255,2902,35469,15,181149
5476,0.000497,172.31.36.0-255,66,35535,15,181149
5477,0.0005,172.217.27.0-255,1484,37019,15,181149
5478,0.000508,172.31.36.0-255,66,37085,15,181149
5479,0.000544,172.217.27.0-255,4320,41405,15,181149
5480,0.00055,172.217.27.0-255,5738,47143,15,181149
5481,0.000553,172.31.36.0-255,66,47209,15,181149
5482,0.000557,172.31.36.0-255,66,47275,15,181149
5483,0.000564,172.217.27.0-255,1415,48690,15,181149
5484,0.000765,172.217.27.0-255,387,49077,15,181149
5485,0.00077,172.31.36.0-255,66,49143,15,181149
5486,0.00087,172.217.27.0-255,1484,50627,15,181149
5487,0.000876,172.217.27.0-255,2902,53529,15,181149
5488,0.000879,172.31.36.0-255,66,53595,15,181149
5489,0.000909,172.217.27.0-255,5738,59333,15,181149
5490,0.000915,172.31.36.0-255,66,59399,15,181149
5491,0.000944,172.217.27.0-255,6797,66196,15,181149
5492,0.000947,172.31.36.0-255,66,66262,15,181149
5493,0.000968,172.217.27.0-255,7156,73418,15,181149
5494,0.000971,172.31.36.0-255,66,73484,15,181149
5495,0.000976,172.217.27.0-255,2902,76386,15,181149
5496,0.000978,172.31.36.0-255,66,76452,15,181149
5497,0.001017,172.217.27.0-255,5738,82190,15,181149
5498,0.00102,172.31.36.0-255,66,82256,15,181149
5499,0.001024,172.217.27.0-255,1125,83381,15,181149
5500,0.001156,172.31.36.0-255,66,83447,15,181149
5501,0.001251,172.217.27.0-255,1484,84931,15,181149
5502,0.00126,172.217.27.0-255,2902,87833,15,181149
5503,0.001263,172.31.36.0-255,66,87899,15,181149
5504,0.00127,172.217.27.0-255,5738,93637,15,181149
5505,0.001272,172.31.36.0-255,66,93703,15,181149
5506,0.001276,172.217.27.0-255,2902,96605,15,181149
5507,0.001277,172.31.36.0-255,66,96671,15,181149
5508,0.001309,172.217.27.0-255,1484,98155,15,181149
5509,0.001315,172.217.27.0-255,5738,103893,15,181149
5510,0.001318,172.31.36.0-255,66,103959,15,181149
5511,0.00133,172.31.36.0-255,66,104025,15,181149
5512,0.001341,172.217.27.0-255,2184,106209,15,181149
5513,0.001344,172.31.36.0-255,66,106275,15,181149
5514,0.001387,172.217.27.0-255,1484,107759,15,181149
5515,0.001393,172.217.27.0-255,2902,110661,15,181149
5516,0.001396,172.31.36.0-255,66,110727,15,181149
5517,0.001402,172.217.27.0-255,4320,115047,15,181149
5518,0.001404,172.31.36.0-255,66,115113,15,181149
5519,0.001432,172.217.27.0-255,1484,116597,15,181149
5520,0.001447,172.31.36.0-255,66,116663,15,181149
5521,0.001455,172.217.27.0-255,7156,123819,15,181149
5522,0.001458,172.31.36.0-255,66,123885,15,181149
5523,0.001494,172.217.27.0-255,3602,127487,15,181149
5524,0.001497,172.31.36.0-255,66,127553,15,181149
5525,0.001524,172.217.27.0-255,4320,131873,15,181149
5526,0.001528,172.31.36.0-255,66,131939,15,181149
5527,0.001536,172.217.27.0-255,7156,139095,15,181149
5528,0.001538,172.31.36.0-255,66,139161,15,181149
5529,0.00157,172.217.27.0-255,1484,140645,15,181149
5530,0.001582,172.31.36.0-255,66,140711,15,181149
5531,0.001593,172.31.36.0-255,66,140777,15,181149
5532,0.001612,172.217.27.0-255,2184,142961,15,181149
5533,0.001614,172.31.36.0-255,66,143027,15,181149
5534,0.001633,172.217.27.0-255,1484,144511,15,181149
5535,0.001637,172.217.27.0-255,2902,147413,15,181149
5536,0.00164,172.31.36.0-255,66,147479,15,181149
5537,0.001649,172.217.27.0-255,4320,151799,15,181149
5538,0.001652,172.31.36.0-255,66,151865,15,181149
5539,0.001673,172.217.27.0-255,1484,153349,15,181149
5540,0.001692,172.31.36.0-255,66,153415,15,181149
5541,0.001695,172.217.27.0-255,1484,154899,15,181149
5542,0.00337,172.217.27.0-255,4320,159219,15,181149
5543,0.003378,172.31.36.0-255,66,159285,15,181149
5544,0.005028,172.217.27.0-255,4320,163605,15,181149
5545,0.005032,172.31.36.0-255,66,163671,15,181149
5546,0.005059,172.217.27.0-255,1484,165155,15,181149
5547,0.006668,172.217.27.0-255,4320,169475,15,181149
5548,0.006672,172.31.36.0-255,66,169541,15,181149
5549,0.008317,172.217.27.0-255,5738,175279,15,181149
5550,0.008326,172.31.36.0-255,66,175345,15,181149
5551,0.009989,172.217.27.0-255,5738,181083,15,181149
5552,0.009996,172.31.36.0-255,66,181149,15,181149
5553,0.0,74.125.68.0-255,66,66,15,66
5554,0.0,74.125.68.0-255,151,151,15,193671
5555,2.4e-05,172.31.36.0-255,66,217,15,193671
5556,3.1e-05,74.125.68.0-255,1484,1701,15,193671
5557,3.6e-05,172.31.36.0-255,66,1767,15,193671
5558,3.9e-05,74.125.68.0-255,1484,3251,15,193671
5559,4.2e-05,172.31.36.0-255,66,3317,15,193671
5560,4.7e-05,74.125.68.0-255,1484,4801,15,193671
5561,5e-05,172.31.36.0-255,66,4867,15,193671
5562,7.6e-05,74.125.68.0-255,1484,6351,15,193671
5563,7.9e-05,172.31.36.0-255,66,6417,15,193671
5564,8.6e-05,74.125.68.0-255,4320,10737,15,193671
5565,8.9e-05,172.31.36.0-255,66,10803,15,193671
5566,0.000123,74.125.68.0-255,3445,14248,15,193671
5567,0.000127,172.31.36.0-255,66,14314,15,193671
5568,0.000338,74.125.68.0-255,1484,15798,15,193671
5569,0.000344,172.31.36.0-255,66,15864,15,193671
5570,0.000351,74.125.68.0-255,2902,18766,15,193671
5571,0.000354,172.31.36.0-255,66,18832,15,193671
5572,0.00038,74.125.68.0-255,2902,21734,15,193671
5573,0.000383,172.31.36.0-255,66,21800,15,193671
5574,0.000429,74.125.68.0-255,2902,24702,15,193671
5575,0.000433,172.31.36.0-255,66,24768,15,193671
5576,0.000454,74.125.68.0-255,4320,29088,15,193671
5577,0.000457,172.31.36.0-255,66,29154,15,193671
5578,0.000481,74.125.68.0-255,2543,31697,15,193671
5579,0.000484,172.31.36.0-255,66,31763,15,193671
5580,0.000683,74.125.68.0-255,1484,33247,15,193671
5581,0.000689,172.31.36.0-255,66,33313,15,193671
5582,0.000707,74.125.68.0-255,2902,36215,15,193671
5583,0.000711,172.31.36.0-255,66,36281,15,193671
5584,0.000743,74.125.68.0-255,2902,39183,15,193671
5585,0.000745,172.31.36.0-255,66,39249,15,193671
5586,0.000768,74.125.68.0-255,4320,43569,15,193671
5587,0.000771,172.31.36.0-255,66,43635,15,193671
5588,0.00081,74.125.68.0-255,5379,49014,15,193671
5589,0.000814,172.31.36.0-255,66,49080,15,193671
5590,0.000833,74.125.68.0-255,1484,50564,15,193671
5591,0.000855,74.125.68.0-255,4320,54884,15,193671
5592,0.000858,172.31.36.0-255,66,54950,15,193671
5593,0.000863,74.125.68.0-255,2902,57852,15,193671
5594,0.000867,172.31.36.0-255,66,57918,15,193671
5595,0.000872,74.125.68.0-255,4320,62238,15,193671
5596,0.000875,172.31.36.0-255,66,62304,15,193671
5597,0.000903,74.125.68.0-255,4270,66574,15,193671
5598,0.000907,172.31.36.0-255,66,66640,15,193671
5599,0.00091,74.125.68.0-255,111,66751,15,193671
5600,0.001259,172.31.36.0-255,66,66817,15,193671
5601,0.001313,74.125.68.0-255,1484,68301,15,193671
5602,0.001334,74.125.68.0-255,1484,69785,15,193671
5603,0.001337,172.31.36.0-255,66,69851,15,193671
5604,0.001342,74.125.68.0-255,2902,72753,15,193671
5605,0.001344,172.31.36.0-255,66,72819,15,193671
5606,0.001348,74.125.68.0-255,1484,74303,15,193671
5607,0.001368,74.125.68.0-255,5738,80041,15,193671
5608,0.00137,172.31.36.0-255,66,80107,15,193671
5609,0.001391,74.125.68.0-255,5738,85845,15,193671
5610,0.001393,172.31.36.0-255,66,85911,15,193671
5611,0.001425,74.125.68.0-255,7156,93067,15,193671
5612,0.001428,172.31.36.0-255,66,93133,15,193671
5613,0.001433,74.125.68.0-255,2902,96035,15,193671
5614,0.001435,172.31.36.0-255,66,96101,15,193671
5615,0.001459,74.125.68.0-255,1484,97585,15,193671
5616,0.00148,74.125.68.0-255,3602,101187,15,193671
5617,0.001484,172.31.36.0-255,66,101253,15,193671
5618,0.001767,74.125.68.0-255,1484,102737,15,193671
5619,0.001795,74.125.68.0-255,2902,105639,15,193671
5620,0.001799,172.31.36.0-255,66,105705,15,193671
5621,0.001847,74.125.68.0-255,1484,107189,15,193671
5622,0.001852,74.125.68.0-255,2902,110091,15,193671
5623,0.001855,172.31.36.0-255,66,110157,15,193671
5624,0.001872,74.125.68.0-255,1484,111641,15,193671
5625,0.001887,74.125.68.0-255,2902,114543,15,193671
5626,0.00189,172.31.36.0-255,66,114609,15,193671
5627,0.001901,172.31.36.0-255,66,114675,15,193671
5628,0.001907,74.125.68.0-255,4320,118995,15,193671
5629,0.001909,172.31.36.0-255,66,119061,15,193671
5630,0.001954,74.125.68.0-255,5738,124799,15,193671
5631,0.001957,172.31.36.0-255,66,124865,15,193671
5632,0.001962,74.125.68.0-255,2902,127767,15,193671
5633,0.001964,172.31.36.0-255,66,127833,15,193671
5634,0.00198,74.125.68.0-255,3602,131435,15,193671
5635,0.001983,172.31.36.0-255,66,131501,15,193671
5636,0.00199,74.125.68.0-255,7156,138657,15,193671
5637,0.001992,172.31.36.0-255,66,138723,15,193671
5638,0.002044,172.31.36.0-255,66,138789,15,193671
5639,0.002063,74.125.68.0-255,2902,141691,15,193671
5640,0.002066,172.31.36.0-255,66,141757,15,193671
5641,0.002078,172.31.36.0-255,66,141823,15,193671
5642,0.002125,74.125.68.0-255,1484,143307,15,193671
5643,0.002133,74.125.68.0-255,2902,146209,15,193671
5644,0.002136,172.31.36.0-255,66,146275,15,193671
5645,0.002171,74.125.68.0-255,5738,152013,15,193671
5646,0.002175,172.31.36.0-255,66,152079,15,193671
5647,0.002178,74.125.68.0-255,1484,153563,15,193671
5648,0.002183,74.125.68.0-255,2902,156465,15,193671
5649,0.002186,172.31.36.0-255,66,156531,15,193671
5650,0.002202,74.125.68.0-255,5738,162269,15,193671
5651,0.002205,172.31.36.0-255,66,162335,15,193671
5652,0.002211,74.125.68.0-255,4320,166655,15,193671
5653,0.002214,172.31.36.0-255,66,166721,15,193671
5654,0.002238,74.125.68.0-255,5738,172459,15,193671
5655,0.002241,172.31.36.0-255,66,172525,15,193671
5656,0.002293,74.125.68.0-255,3602,176127,15,193671
5657,0.002298,172.31.36.0-255,66,176193,15,193671
5658,0.004525,74.125.68.0-255,1484,177677,15,193671
5659,0.004578,74.125.68.0-255,4320,181997,15,193671
5660,0.004585,172.31.36.0-255,66,182063,15,193671
5661,0.006877,74.125.68.0-255,5738,187801,15,193671
5662,0.006882,172.31.36.0-255,66,187867,15,193671
5663,0.009198,74.125.68.0-255,5738,193605,15,193671
5664,0.009209,172.31.36.0-255,66,193671,15,193671
5665,0.0,74.125.24.0-255,149,149,15,117814
5666,2.8e-05,172.31.36.0-255,66,215,15,117814
5667,3.5e-05,74.125.24.0-255,1484,1699,15,117814
5668,4e-05,172.31.36.0-255,66,1765,15,117814
5669,4.5e-05,74.125.24.0-255,2902,4667,15,117814
5670,4.8e-05,172.31.36.0-255,66,4733,15,117814
5671,5.4e-05,74.125.24.0-255,5738,10471,15,117814
5672,5.8e-05,172.31.36.0-255,66,10537,15,117814
5673,9.2e-05,74.125.24.0-255,3434,13971,15,117814
5674,9.6e-05,172.31.36.0-255,66,14037,15,117814
5675,0.00048,74.125.24.0-255,1484,15521,15,117814
5676,0.000486,172.31.36.0-255,66,15587,15,117814
5677,0.000495,74.125.24.0-255,2902,18489,15,117814
5678,0.000497,172.31.36.0-255,66,18555,15,117814
5679,0.000504,74.125.24.0-255,5738,24293,15,117814
5680,0.000506,172.31.36.0-255,66,24359,15,117814
5681,0.000549,74.125.24.0-255,6797,31156,15,117814
5682,0.000555,172.31.36.0-255,66,31222,15,117814
5683,0.000562,74.125.24.0-255,5738,36960,15,117814
5684,0.000564,172.31.36.0-255,66,37026,15,117814
5685,0.000588,74.125.24.0-255,1484,38510,15,117814
5686,0.000592,172.31.36.0-255,66,38576,15,117814
5687,0.000605,172.31.36.0-255,66,38642,15,117814
5688,0.000671,74.125.24.0-255,1484,40126,15,117814
5689,0.000677,172.31.36.0-255,66,40192,15,117814
5690,0.000683,74.125.24.0-255,2902,43094,15,117814
5691,0.000686,172.31.36.0-255,66,43160,15,117814
5692,0.000689,74.125.24.0-255,1484,44644,15,117814
5693,0.000691,172.31.36.0-255,66,44710,15,117814
5694,0.000725,74.125.24.0-255,5738,50448,15,117814
5695,0.000731,172.31.36.0-255,66,50514,15,117814
5696,0.000769,74.125.24.0-255,5653,56167,15,117814
5697,0.000788,74.125.24.0-255,129,56296,15,117814
5698,0.000802,172.31.36.0-255,66,56362,15,117814
5699,0.000969,74.125.24.0-255,1484,57846,15,117814
5700,0.000977,74.125.24.0-255,2902,60748,15,117814
5701,0.001003,74.125.24.0-255,5738,66486,15,117814
5702,0.001058,74.125.24.0-255,2543,69029,15,117814
5703,0.001062,74.125.24.0-255,2902,71931,15,117814
5704,0.00107,172.31.36.0-255,66,71997,15,117814
5705,0.001106,74.125.24.0-255,4320,76317,15,117814
5706,0.001116,172.31.36.0-255,66,76383,15,117814
5707,0.001128,74.125.24.0-255,5379,81762,15,117814
5708,0.001138,172.31.36.0-255,66,81828,15,117814
5709,0.001748,74.125.24.0-255,1484,83312,15,117814
5710,0.001757,74.125.24.0-255,2902,86214,15,117814
5711,0.001761,172.31.36.0-255,66,86280,15,117814
5712,0.001767,74.125.24.0-255,4320,90600,15,117814
5713,0.001798,74.125.24.0-255,1484,92084,15,117814
5714,0.001827,74.125.24.0-255,1484,93568,15,117814
5715,0.001842,172.31.36.0-255,66,93634,15,117814
5716,0.001884,74.125.24.0-255,2184,95818,15,117814
5717,0.001897,172.31.36.0-255,66,95884,15,117814
5718,0.002069,74.125.24.0-255,1484,97368,15,117814
5719,0.002075,74.125.24.0-255,2902,100270,15,117814
5720,0.002077,172.31.36.0-255,66,100336,15,117814
5721,0.002081,74.125.24.0-255,1484,101820,15,117814
5722,0.004108,74.125.24.0-255,4320,106140,15,117814
5723,0.004111,172.31.36.0-255,66,106206,15,117814
5724,0.00615,74.125.24.0-255,5738,111944,15,117814
5725,0.00619,172.31.36.0-255,66,112010,15,117814
5726,0.008221,74.125.24.0-255,5738,117748,15,117814
5727,0.008227,172.31.36.0-255,66,117814,15,117814
5728,0.0,74.125.130.0-255,156,156,15,174632
5729,2.6e-05,172.31.36.0-255,66,222,15,174632
5730,3.3e-05,74.125.130.0-255,1484,1706,15,174632
5731,3.7e-05,172.31.36.0-255,66,1772,15,174632
5732,4.7e-05,74.125.130.0-255,2902,4674,15,174632
5733,5e-05,172.31.36.0-255,66,4740,15,174632
5734,5.8e-05,74.125.130.0-255,7156,11896,15,174632
5735,6e-05,172.31.36.0-255,66,11962,15,174632
5736,6.4e-05,74.125.130.0-255,2053,14015,15,174632
5737,6.6e-05,172.31.36.0-255,66,14081,15,174632
5738,7.1e-05,74.125.130.0-255,2902,16983,15,174632
5739,7.4e-05,172.31.36.0-255,66,17049,15,174632
5740,7.6e-05,74.125.130.0-255,1484,18533,15,174632
5741,7.9e-05,172.31.36.0-255,66,18599,15,174632
5742,0.000113,74.125.130.0-255,5738,24337,15,174632
5743,0.000116,172.31.36.0-255,66,24403,15,174632
5744,0.000121,74.125.130.0-255,4320,28723,15,174632
5745,0.000123,172.31.36.0-255,66,28789,15,174632
5746,0.000163,74.125.130.0-255,2543,31332,15,174632
5747,0.000166,172.31.36.0-255,66,31398,15,174632
5748,0.000234,74.125.130.0-255,1484,32882,15,174632
5749,0.000238,172.31.36.0-255,66,32948,15,174632
5750,0.000244,74.125.130.0-255,2902,35850,15,174632
5751,0.000246,172.31.36.0-255,66,35916,15,174632
5752,0.000283,74.125.130.0-255,5738,41654,15,174632
5753,0.000286,172.31.36.0-255,66,41720,15,174632
5754,0.000294,74.125.130.0-255,7156,48876,15,174632
5755,0.000296,172.31.36.0-255,66,48942,15,174632
5756,0.000341,172.31.36.0-255,66,49008,15,174632
5757,0.000373,74.125.130.0-255,5738,54746,15,174632
5758,0.000381,172.31.36.0-255,66,54812,15,174632
5759,0.000386,74.125.130.0-255,2184,56996,15,174632
5760,0.000389,172.31.36.0-255,66,57062,15,174632
5761,0.000392,74.125.130.0-255,410,57472,15,174632
5762,0.000641,74.125.130.0-255,364,57836,15,174632
5763,0.00079,172.31.36.0-255,66,57902,15,174632
5764,0.000878,74.125.130.0-255,1484,59386,15,174632
5765,0.000903,74.125.130.0-255,2902,62288,15,174632
5766,0.000907,172.31.36.0-255,66,62354,15,174632
5767,0.000945,74.125.130.0-255,5738,68092,15,174632
5768,0.000949,172.31.36.0-255,66,68158,15,174632
5769,0.000954,74.125.130.0-255,4320,72478,15,174632
5770,0.000956,172.31.36.0-255,66,72544,15,174632
5771,0.00097,74.125.130.0-255,5379,77923,15,174632
5772,0.000973,172.31.36.0-255,66,77989,15,174632
5773,0.000984,172.31.36.0-255,66,78055,15,174632
5774,0.001011,74.125.130.0-255,1484,79539,15,174632
5775,0.001021,74.125.130.0-255,2543,82082,15,174632
5776,0.001024,172.31.36.0-255,66,82148,15,174632
5777,0.001463,74.125.130.0-255,1484,83632,15,174632
5778,0.00147,74.125.130.0-255,2902,86534,15,174632
5779,0.001474,172.31.36.0-255,66,86600,15,174632
5780,0.001478,74.125.130.0-255,1484,88084,15,174632
5781,0.001503,74.125.130.0-255,2902,90986,15,174632
5782,0.001505,172.31.36.0-255,66,91052,15,174632
5783,0.001508,74.125.130.0-255,1484,92536,15,174632
5784,0.001531,74.125.130.0-255,4320,96856,15,174632
5785,0.001533,172.31.36.0-255,66,96922,15,174632
5786,0.001556,172.31.36.0-255,66,96988,15,174632
5787,0.001578,74.125.130.0-255,1484,98472,15,174632
5788,0.001597,74.125.130.0-255,2902,101374,15,174632
5789,0.001599,172.31.36.0-255,66,101440,15,174632
5790,0.001625,74.125.130.0-255,6438,107878,15,174632
5791,0.001628,172.31.36.0-255,66,107944,15,174632
5792,0.00167,74.125.130.0-255,1484,109428,15,174632
5793,0.001685,74.125.130.0-255,2902,112330,15,174632
5794,0.001687,172.31.36.0-255,66,112396,15,174632
5795,0.001714,74.125.130.0-255,4320,116716,15,174632
5796,0.001716,172.31.36.0-255,66,116782,15,174632
5797,0.001722,74.125.130.0-255,5738,122520,15,174632
5798,0.001724,172.31.36.0-255,66,122586,15,174632
5799,0.001754,74.125.130.0-255,2902,125488,15,174632
5800,0.001756,172.31.36.0-255,66,125554,15,174632
5801,0.001774,172.31.36.0-255,66,125620,15,174632
5802,0.001802,74.125.130.0-255,2184,127804,15,174632
5803,0.001804,172.31.36.0-255,66,127870,15,174632
5804,0.001824,74.125.130.0-255,1484,129354,15,174632
5805,0.001842,74.125.130.0-255,1484,130838,15,174632
5806,0.001844,172.31.36.0-255,66,130904,15,174632
5807,0.001848,74.125.130.0-255,2902,133806,15,174632
5808,0.00185,172.31.36.0-255,66,133872,15,174632
5809,0.001855,74.125.130.0-255,4320,138192,15,174632
5810,0.001857,172.31.36.0-255,66,138258,15,174632
5811,0.001867,74.125.130.0-255,5738,143996,15,174632
5812,0.00187,172.31.36.0-255,66,144062,15,174632
5813,0.001895,74.125.130.0-255,2902,146964,15,174632
5814,0.001898,172.31.36.0-255,66,147030,15,174632
5815,0.001903,74.125.130.0-255,4320,151350,15,174632
5816,0.001905,172.31.36.0-255,66,151416,15,174632
5817,0.001945,172.31.36.0-255,66,151482,15,174632
5818,0.00396,74.125.130.0-255,5738,157220,15,174632
5819,0.003966,172.31.36.0-255,66,157286,15,174632
5820,0.005969,74.125.130.0-255,5738,163024,15,174632
5821,0.005974,172.31.36.0-255,66,163090,15,174632
5822,0.007983,74.125.130.0-255,5738,168828,15,174632
5823,0.00799,172.31.36.0-255,66,168894,15,174632
5824,0.009995,74.125.130.0-255,5738,174632,15,174632
5825,0.0,172.31.36.0-255,182,182,15,248
5826,0.006501,172.217.194.0-255,66,248,15,248
5827,0.0,172.217.194.0-255,153,153,15,187770
5828,2.8e-05,172.31.36.0-255,66,219,15,187770
5829,3.4e-05,172.217.194.0-255,1484,1703,15,187770
5830,3.8e-05,172.31.36.0-255,66,1769,15,187770
5831,4.4e-05,172.217.194.0-255,2902,4671,15,187770
5832,5.4e-05,172.31.36.0-255,66,4737,15,187770
5833,6.3e-05,172.217.194.0-255,7156,11893,15,187770
5834,6.5e-05,172.31.36.0-255,66,11959,15,187770
5835,0.000108,172.31.36.0-255,66,12025,15,187770
5836,0.000119,172.31.36.0-255,66,12091,15,187770
5837,0.00013,172.217.194.0-255,2543,14634,15,187770
5838,0.000132,172.31.36.0-255,66,14700,15,187770
5839,0.000191,172.217.194.0-255,1484,16184,15,187770
5840,0.000194,172.31.36.0-255,66,16250,15,187770
5841,0.0002,172.217.194.0-255,2902,19152,15,187770
5842,0.000202,172.31.36.0-255,66,19218,15,187770
5843,0.000229,172.217.194.0-255,5738,24956,15,187770
5844,0.000231,172.217.194.0-255,1484,26440,15,187770
5845,0.000235,172.31.36.0-255,66,26506,15,187770
5846,0.000239,172.31.36.0-255,66,26572,15,187770
5847,0.000262,172.31.36.0-255,66,26638,15,187770
5848,0.000302,172.31.36.0-255,66,26704,15,187770
5849,0.000304,172.217.194.0-255,677,27381,15,187770
5850,0.000306,172.31.36.0-255,66,27447,15,187770
5851,0.000427,172.217.194.0-255,1484,28931,15,187770
5852,0.000431,172.31.36.0-255,66,28997,15,187770
5853,0.00044,172.217.194.0-255,2902,31899,15,187770
5854,0.000443,172.31.36.0-255,66,31965,15,187770
5855,0.000455,172.217.194.0-255,5738,37703,15,187770
5856,0.000457,172.31.36.0-255,66,37769,15,187770
5857,0.000461,172.217.194.0-255,1484,39253,15,187770
5858,0.000502,172.31.36.0-255,66,39319,15,187770
5859,0.000506,172.31.36.0-255,66,39385,15,187770
5860,0.000554,172.217.194.0-255,2184,41569,15,187770
5861,0.000558,172.31.36.0-255,66,41635,15,187770
5862,0.00099,172.217.194.0-255,1484,43119,15,187770
5863,0.000998,172.217.194.0-255,2902,46021,15,187770
5864,0.001002,172.31.36.0-255,66,46087,15,187770
5865,0.001009,172.217.194.0-255,4320,50407,15,187770
5866,0.001011,172.31.36.0-255,66,50473,15,187770
5867,0.001029,172.217.194.0-255,1484,51957,15,187770
5868,0.001047,172.217.194.0-255,5738,57695,15,187770
5869,0.001051,172.31.36.0-255,66,57761,15,187770
5870,0.001083,172.217.194.0-255,5738,63499,15,187770
5871,0.001087,172.31.36.0-255,66,63565,15,187770
5872,0.001107,172.31.36.0-255,66,63631,15,187770
5873,0.001132,172.217.194.0-255,1484,65115,15,187770
5874,0.001137,172.217.194.0-255,2902,68017,15,187770
5875,0.00114,172.31.36.0-255,66,68083,15,187770
5876,0.001171,172.217.194.0-255,5738,73821,15,187770
5877,0.001175,172.31.36.0-255,66,73887,15,187770
5878,0.001186,172.31.36.0-255,66,73953,15,187770
5879,0.001208,172.217.194.0-255,2902,76855,15,187770
5880,0.00121,172.31.36.0-255,66,76921,15,187770
5881,0.001218,172.217.194.0-255,7156,84077,15,187770
5882,0.001221,172.31.36.0-255,66,84143,15,187770
5883,0.00125,172.217.194.0-255,3602,87745,15,187770
5884,0.001292,172.217.194.0-255,1484,89229,15,187770
5885,0.001305,172.217.194.0-255,2902,92131,15,187770
5886,0.00133,172.217.194.0-255,5738,97869,15,187770
5887,0.00139,172.217.194.0-255,1484,99353,15,187770
5888,0.001479,172.217.194.0-255,1484,100837,15,187770
5889,0.001484,172.217.194.0-255,2902,103739,15,187770
5890,0.001498,172.217.194.0-255,5738,109477,15,187770
5891,0.001547,172.217.194.0-255,1484,110961,15,187770
5892,0.001549,172.217.194.0-255,1484,112445,15,187770
5893,0.001572,172.217.194.0-255,7156,119601,15,187770
5894,0.00159,172.217.194.0-255,2184,121785,15,187770
5895,0.001679,172.217.194.0-255,1484,123269,15,187770
5896,0.001694,172.217.194.0-255,2902,126171,15,187770
5897,0.001719,172.217.194.0-255,5738,131909,15,187770
5898,0.001722,172.217.194.0-255,1484,133393,15,187770
5899,0.001737,172.217.194.0-255,7156,140549,15,187770
5900,0.001756,172.217.194.0-255,1484,142033,15,187770
5901,0.001774,172.217.194.0-255,7156,149189,15,187770
5902,0.001815,172.217.194.0-255,2902,152091,15,187770
5903,0.001847,172.217.194.0-255,2902,154993,15,187770
5904,0.001863,172.217.194.0-255,7156,162149,15,187770
5905,0.001911,172.217.194.0-255,1484,163633,15,187770
5906,0.001952,172.217.194.0-255,4320,167953,15,187770
5907,0.001967,172.217.194.0-255,7156,175109,15,187770
5908,0.002007,172.217.194.0-255,2902,178011,15,187770
5909,0.002063,172.217.194.0-255,7156,185167,15,187770
5910,0.002098,172.217.194.0-255,1484,186651,15,187770
5911,0.005254,172.31.36.0-255,66,186717,15,187770
5912,0.007272,172.217.194.0-255,816,187533,15,187770
5913,0.007659,172.31.36.0-255,66,187599,15,187770
5914,0.007686,172.31.36.0-255,105,187704,15,187770
5915,0.009681,172.217.194.0-255,66,187770,15,187770
5916,0.0,172.217.194.0-255,66,66,15,66
5917,0.0,172.217.194.0-255,209,209,15,212977
5918,2.3e-05,172.31.36.0-255,66,275,15,212977
5919,3.1e-05,172.217.194.0-255,1484,1759,15,212977
5920,3.5e-05,172.31.36.0-255,66,1825,15,212977
5921,3.9e-05,172.217.194.0-255,1484,3309,15,212977
5922,4.2e-05,172.31.36.0-255,66,3375,15,212977
5923,4.9e-05,172.217.194.0-255,4320,7695,15,212977
5924,5.2e-05,172.31.36.0-255,66,7761,15,212977
5925,9.8e-05,172.217.194.0-255,6121,13882,15,212977
5926,0.000101,172.31.36.0-255,66,13948,15,212977
5927,0.000126,172.217.194.0-255,7156,21104,15,212977
5928,0.000128,172.31.36.0-255,66,21170,15,212977
5929,0.000136,172.217.194.0-255,7156,28326,15,212977
5930,0.000138,172.31.36.0-255,66,28392,15,212977
5931,0.000155,172.217.194.0-255,5738,34130,15,212977
5932,0.000157,172.31.36.0-255,66,34196,15,212977
5933,0.000197,172.31.36.0-255,66,34262,15,212977
5934,0.000392,172.217.194.0-255,1484,35746,15,212977
5935,0.000396,172.31.36.0-255,66,35812,15,212977
5936,0.000418,172.217.194.0-255,2902,38714,15,212977
5937,0.000421,172.31.36.0-255,66,38780,15,212977
5938,0.000427,172.217.194.0-255,5738,44518,15,212977
5939,0.00043,172.31.36.0-255,66,44584,15,212977
5940,0.000463,172.217.194.0-255,6797,51381,15,212977
5941,0.000465,172.31.36.0-255,66,51447,15,212977
5942,0.000496,172.217.194.0-255,1484,52931,15,212977
5943,0.000499,172.31.36.0-255,66,52997,15,212977
5944,0.000504,172.217.194.0-255,2902,55899,15,212977
5945,0.000507,172.31.36.0-255,66,55965,15,212977
5946,0.000547,172.217.194.0-255,5738,61703,15,212977
5947,0.00055,172.31.36.0-255,66,61769,15,212977
5948,0.000558,172.217.194.0-255,7156,68925,15,212977
5949,0.00056,172.31.36.0-255,66,68991,15,212977
5950,0.000566,172.217.194.0-255,4320,73311,15,212977
5951,0.000569,172.31.36.0-255,66,73377,15,212977
5952,0.000599,172.31.36.0-255,66,73443,15,212977
5953,0.000603,172.217.194.0-255,2184,75627,15,212977
5954,0.000605,172.31.36.0-255,66,75693,15,212977
5955,0.000623,172.217.194.0-255,646,76339,15,212977
5956,0.000887,172.217.194.0-255,1484,77823,15,212977
5957,0.000892,172.31.36.0-255,66,77889,15,212977
5958,0.000897,172.217.194.0-255,1484,79373,15,212977
5959,0.000913,172.217.194.0-255,1484,80857,15,212977
5960,0.000915,172.31.36.0-255,66,80923,15,212977
5961,0.000923,172.217.194.0-255,5738,86661,15,212977
5962,0.000925,172.31.36.0-255,66,86727,15,212977
5963,0.000959,172.31.36.0-255,66,86793,15,212977
5964,0.000969,172.31.36.0-255,66,86859,15,212977
5965,0.001013,172.217.194.0-255,2184,89043,15,212977
5966,0.001015,172.31.36.0-255,66,89109,15,212977
5967,0.00121,172.217.194.0-255,1484,90593,15,212977
5968,0.001217,172.217.194.0-255,2902,93495,15,212977
5969,0.001221,172.31.36.0-255,66,93561,15,212977
5970,0.001225,172.217.194.0-255,1484,95045,15,212977
5971,0.001246,172.217.194.0-255,4320,99365,15,212977
5972,0.00125,172.31.36.0-255,66,99431,15,212977
5973,0.001255,172.217.194.0-255,4320,103751,15,212977
5974,0.001257,172.31.36.0-255,66,103817,15,212977
5975,0.001277,172.217.194.0-255,7156,110973,15,212977
5976,0.001281,172.31.36.0-255,66,111039,15,212977
5977,0.001302,172.217.194.0-255,4320,115359,15,212977
5978,0.001307,172.31.36.0-255,66,115425,15,212977
5979,0.001321,172.31.36.0-255,66,115491,15,212977
5980,0.001399,172.217.194.0-255,1484,116975,15,212977
5981,0.001404,172.217.194.0-255,2902,119877,15,212977
5982,0.001407,172.31.36.0-255,66,119943,15,212977
5983,0.001415,172.217.194.0-255,5738,125681,15,212977
5984,0.001417,172.31.36.0-255,66,125747,15,212977
5985,0.001455,172.31.36.0-255,66,125813,15,212977
5986,0.001468,172.31.36.0-255,66,125879,15,212977
5987,0.001692,172.217.194.0-255,1484,127363,15,212977
5988,0.001696,172.217.194.0-255,1484,128847,15,212977
5989,0.001699,172.31.36.0-255,66,128913,15,212977
5990,0.00172,172.217.194.0-255,1484,130397,15,212977
5991,0.001726,172.217.194.0-255,5738,136135,15,212977
5992,0.001729,172.31.36.0-255,66,136201,15,212977
5993,0.001734,172.217.194.0-255,2902,139103,15,212977
5994,0.001736,172.31.36.0-255,66,139169,15,212977
5995,0.001793,172.31.36.0-255,66,139235,15,212977
5996,0.001801,172.31.36.0-255,66,139301,15,212977
5997,0.001901,172.217.194.0-255,1484,140785,15,212977
5998,0.001921,172.217.194.0-255,2902,143687,15,212977
5999,0.001925,172.31.36.0-255,66,143753,15,212977
6000,0.001932,172.217.194.0-255,5738,149491,15,212977
6001,0.001934,172.31.36.0-255,66,149557,15,212977
6002,0.001958,172.217.194.0-255,5738,155295,15,212977
6003,0.00196,172.31.36.0-255,66,155361,15,212977
6004,0.001994,172.217.194.0-255,7156,162517,15,212977
6005,0.001997,172.31.36.0-255,66,162583,15,212977
6006,0.002009,172.31.36.0-255,66,162649,15,212977
6007,0.002012,172.217.194.0-255,2184,164833,15,212977
6008,0.002015,172.31.36.0-255,66,164899,15,212977
6009,0.002047,172.217.194.0-255,2902,167801,15,212977
6010,0.00205,172.31.36.0-255,66,167867,15,212977
6011,0.002071,172.217.194.0-255,7156,175023,15,212977
6012,0.002074,172.31.36.0-255,66,175089,15,212977
6013,0.002078,172.217.194.0-255,1484,176573,15,212977
6014,0.002115,172.31.36.0-255,66,176639,15,212977
6015,0.002153,172.31.36.0-255,66,176705,15,212977
6016,0.002254,172.31.36.0-255,66,176771,15,212977
6017,0.002259,172.217.194.0-255,4320,181091,15,212977
6018,0.002266,172.217.194.0-255,6438,187529,15,212977
6019,0.002286,172.217.194.0-255,7156,194685,15,212977
6020,0.002296,172.31.36.0-255,66,194751,15,212977
6021,0.002313,172.217.194.0-255,1484,196235,15,212977
6022,0.002325,172.217.194.0-255,1484,197719,15,212977
6023,0.002339,172.217.194.0-255,2902,200621,15,212977
6024,0.002346,172.31.36.0-255,66,200687,15,212977
6025,0.002377,172.217.194.0-255,4320,205007,15,212977
6026,0.002383,172.31.36.0-255,66,205073,15,212977
6027,0.002415,172.31.36.0-255,66,205139,15,212977
6028,0.002428,172.217.194.0-255,1484,206623,15,212977
6029,0.002449,172.217.194.0-255,6183,212806,15,212977
6030,0.002452,172.217.194.0-255,105,212911,15,212977
6031,0.00247,172.31.36.0-255,66,212977,15,212977
6032,0.0,74.125.68.0-255,152,152,15,110130
6033,2.7e-05,172.31.36.0-255,66,218,15,110130
6034,3.4e-05,74.125.68.0-255,1484,1702,15,110130
6035,3.9e-05,172.31.36.0-255,66,1768,15,110130
6036,4.4e-05,74.125.68.0-255,2902,4670,15,110130
6037,4.7e-05,172.31.36.0-255,66,4736,15,110130
6038,6.1e-05,74.125.68.0-255,5738,10474,15,110130
6039,6.5e-05,172.31.36.0-255,66,10540,15,110130
6040,7e-05,74.125.68.0-255,3454,13994,15,110130
6041,7.3e-05,172.31.36.0-255,66,14060,15,110130
6042,0.000133,74.125.68.0-255,1484,15544,15,110130
6043,0.000137,172.31.36.0-255,66,15610,15,110130
6044,0.000143,74.125.68.0-255,2902,18512,15,110130
6045,0.000145,172.31.36.0-255,66,18578,15,110130
6046,0.000148,74.125.68.0-255,1484,20062,15,110130
6047,0.000155,172.31.36.0-255,66,20128,15,110130
6048,0.000183,74.125.68.0-255,4320,24448,15,110130
6049,0.000187,172.31.36.0-255,66,24514,15,110130
6050,0.000195,74.125.68.0-255,5738,30252,15,110130
6051,0.000198,172.31.36.0-255,66,30318,15,110130
6052,0.000227,74.125.68.0-255,1125,31443,15,110130
6053,0.000231,172.31.36.0-255,66,31509,15,110130
6054,0.000264,74.125.68.0-255,1484,32993,15,110130
6055,0.000267,172.31.36.0-255,66,33059,15,110130
6056,0.00027,74.125.68.0-255,1484,34543,15,110130
6057,0.000273,172.31.36.0-255,66,34609,15,110130
6058,0.000301,74.125.68.0-255,1484,36093,15,110130
6059,0.000305,172.31.36.0-255,66,36159,15,110130
6060,0.000311,74.125.68.0-255,5738,41897,15,110130
6061,0.000314,172.31.36.0-255,66,41963,15,110130
6062,0.000344,74.125.68.0-255,6797,48760,15,110130
6063,0.000348,172.31.36.0-255,66,48826,15,110130
6064,0.001707,74.125.68.0-255,1484,50310,15,110130
6065,0.001718,74.125.68.0-255,2902,53212,15,110130
6066,0.001723,172.31.36.0-255,66,53278,15,110130
6067,0.00173,74.125.68.0-255,4320,57598,15,110130
6068,0.001733,172.31.36.0-255,66,57664,15,110130
6069,0.001758,74.125.68.0-255,1484,59148,15,110130
6070,0.001766,74.125.68.0-255,6797,65945,15,110130
6071,0.001768,172.31.36.0-255,66,66011,15,110130
6072,0.001796,74.125.68.0-255,5738,71749,15,110130
6073,0.001798,172.31.36.0-255,66,71815,15,110130
6074,0.001816,74.125.68.0-255,2902,74717,15,110130
6075,0.001818,172.31.36.0-255,66,74783,15,110130
6076,0.001844,74.125.68.0-255,5738,80521,15,110130
6077,0.001847,172.31.36.0-255,66,80587,15,110130
6078,0.001871,74.125.68.0-255,2543,83130,15,110130
6079,0.001873,172.31.36.0-255,66,83196,15,110130
6080,0.001918,74.125.68.0-255,5738,88934,15,110130
6081,0.001921,172.31.36.0-255,66,89000,15,110130
6082,0.001947,74.125.68.0-255,1484,90484,15,110130
6083,0.001957,172.31.36.0-255,66,90550,15,110130
6084,0.001962,74.125.68.0-255,1706,92256,15,110130
6085,0.001964,172.31.36.0-255,66,92322,15,110130
6086,0.004184,74.125.68.0-255,2902,95224,15,110130
6087,0.004188,172.31.36.0-255,66,95290,15,110130
6088,0.004212,74.125.68.0-255,2902,98192,15,110130
6089,0.004215,172.31.36.0-255,66,98258,15,110130
6090,0.006424,74.125.68.0-255,2902,101160,15,110130
6091,0.00643,172.31.36.0-255,66,101226,15,110130
6092,0.006467,74.125.68.0-255,2902,104128,15,110130
6093,0.006471,172.31.36.0-255,66,104194,15,110130
6094,0.008672,74.125.68.0-255,2902,107096,15,110130
6095,0.00868,172.31.36.0-255,66,107162,15,110130
6096,0.008722,74.125.68.0-255,2902,110064,15,110130
6097,0.008725,172.31.36.0-255,66,110130,15,110130
6098,0.0,172.217.24.0-255,153,153,15,130033
6099,2.5e-05,172.31.36.0-255,66,219,15,130033
6100,3.3e-05,172.217.24.0-255,1484,1703,15,130033
6101,3.9e-05,172.31.36.0-255,66,1769,15,130033
6102,4.6e-05,172.217.24.0-255,2902,4671,15,130033
6103,5e-05,172.31.36.0-255,66,4737,15,130033
6104,5.5e-05,172.217.24.0-255,2902,7639,15,130033
6105,5.8e-05,172.31.36.0-255,66,7705,15,130033
6106,6.5e-05,172.217.24.0-255,4320,12025,15,130033
6107,6.8e-05,172.31.36.0-255,66,12091,15,130033
6108,7.3e-05,172.217.24.0-255,2012,14103,15,130033
6109,7.5e-05,172.31.36.0-255,66,14169,15,130033
6110,0.000103,172.217.24.0-255,2902,17071,15,130033
6111,0.000106,172.31.36.0-255,66,17137,15,130033
6112,0.000126,172.217.24.0-255,1484,18621,15,130033
6113,0.000129,172.31.36.0-255,66,18687,15,130033
6114,0.000155,172.217.24.0-255,5738,24425,15,130033
6115,0.000158,172.31.36.0-255,66,24491,15,130033
6116,0.000165,172.217.24.0-255,6797,31288,15,130033
6117,0.000167,172.31.36.0-255,66,31354,15,130033
6118,0.00033,172.217.24.0-255,1484,32838,15,130033
6119,0.000335,172.31.36.0-255,66,32904,15,130033
6120,0.000342,172.217.24.0-255,2902,35806,15,130033
6121,0.000345,172.31.36.0-255,66,35872,15,130033
6122,0.000348,172.217.24.0-255,1484,37356,15,130033
6123,0.00035,172.31.36.0-255,66,37422,15,130033
6124,0.000377,172.217.24.0-255,5738,43160,15,130033
6125,0.00038,172.31.36.0-255,66,43226,15,130033
6126,0.000434,172.217.24.0-255,2902,46128,15,130033
6127,0.000436,172.31.36.0-255,66,46194,15,130033
6128,0.000465,172.31.36.0-255,66,46260,15,130033
6129,0.000477,172.31.36.0-255,66,46326,15,130033
6130,0.00118,172.217.24.0-255,647,46973,15,130033
6131,0.001339,172.217.24.0-255,1484,48457,15,130033
6132,0.001346,172.31.36.0-255,66,48523,15,130033
6133,0.001353,172.217.24.0-255,2902,51425,15,130033
6134,0.001356,172.31.36.0-255,66,51491,15,130033
6135,0.001361,172.217.24.0-255,2902,54393,15,130033
6136,0.001363,172.31.36.0-255,66,54459,15,130033
6137,0.001386,172.217.24.0-255,1484,55943,15,130033
6138,0.001413,172.217.24.0-255,7156,63099,15,130033
6139,0.001416,172.31.36.0-255,66,63165,15,130033
6140,0.001436,172.217.24.0-255,2543,65708,15,130033
6141,0.001438,172.31.36.0-255,66,65774,15,130033
6142,0.00145,172.31.36.0-255,66,65840,15,130033
6143,0.001453,172.217.24.0-255,1484,67324,15,130033
6144,0.001471,172.217.24.0-255,3961,71285,15,130033
6145,0.001473,172.31.36.0-255,66,71351,15,130033
6146,0.00174,172.217.24.0-255,1484,72835,15,130033
6147,0.001748,172.217.24.0-255,2902,75737,15,130033
6148,0.001753,172.31.36.0-255,66,75803,15,130033
6149,0.001761,172.217.24.0-255,5738,81541,15,130033
6150,0.001763,172.31.36.0-255,66,81607,15,130033
6151,0.001794,172.217.24.0-255,2902,84509,15,130033
6152,0.001796,172.31.36.0-255,66,84575,15,130033
6153,0.001828,172.31.36.0-255,66,84641,15,130033
6154,0.001837,172.217.24.0-255,7156,91797,15,130033
6155,0.001839,172.31.36.0-255,66,91863,15,130033
6156,0.001866,172.217.24.0-255,7156,99019,15,130033
6157,0.00187,172.31.36.0-255,66,99085,15,130033
6158,0.001893,172.217.24.0-255,5020,104105,15,130033
6159,0.001896,172.31.36.0-255,66,104171,15,130033
6160,0.001899,172.217.24.0-255,1484,105655,15,130033
6161,0.001933,172.31.36.0-255,66,105721,15,130033
6162,0.001962,172.31.36.0-255,66,105787,15,130033
6163,0.001981,172.217.24.0-255,2184,107971,15,130033
6164,0.001983,172.31.36.0-255,66,108037,15,130033
6165,0.003857,172.217.24.0-255,2902,110939,15,130033
6166,0.003862,172.31.36.0-255,66,111005,15,130033
6167,0.00388,172.217.24.0-255,2902,113907,15,130033
6168,0.003883,172.31.36.0-255,66,113973,15,130033
6169,0.005756,172.217.24.0-255,4320,118293,15,130033
6170,0.005761,172.31.36.0-255,66,118359,15,130033
6171,0.005778,172.217.24.0-255,1484,119843,15,130033
6172,0.007659,172.217.24.0-255,4320,124163,15,130033
6173,0.007665,172.31.36.0-255,66,124229,15,130033
6174,0.009563,172.217.24.0-255,5738,129967,15,130033
6175,0.00957,172.31.36.0-255,66,130033,15,130033
6176,0.0,172.217.194.0-255,177,177,15,66392
6177,2.2e-05,172.31.36.0-255,66,243,15,66392
6178,2.9e-05,172.217.194.0-255,1484,1727,15,66392
6179,3.3e-05,172.31.36.0-255,66,1793,15,66392
6180,3.8e-05,172.217.194.0-255,2902,4695,15,66392
6181,4.1e-05,172.31.36.0-255,66,4761,15,66392
6182,5.5e-05,172.217.194.0-255,7156,11917,15,66392
6183,5.8e-05,172.31.36.0-255,66,11983,15,66392
6184,0.000157,172.217.194.0-255,2902,14885,15,66392
6185,0.00016,172.31.36.0-255,66,14951,15,66392
6186,0.000188,172.217.194.0-255,6272,21223,15,66392
6187,0.000191,172.31.36.0-255,66,21289,15,66392
6188,0.000272,172.31.36.0-255,66,21355,15,66392
6189,0.000296,172.217.194.0-255,1125,22480,15,66392
6190,0.000298,172.31.36.0-255,66,22546,15,66392
6191,0.000406,172.31.36.0-255,66,22612,15,66392
6192,0.000432,172.217.194.0-255,6797,29409,15,66392
6193,0.000434,172.31.36.0-255,66,29475,15,66392
6194,0.000671,172.217.194.0-255,4320,33795,15,66392
6195,0.000676,172.31.36.0-255,66,33861,15,66392
6196,0.000712,172.31.36.0-255,66,33927,15,66392
6197,0.000845,172.217.194.0-255,4665,38592,15,66392
6198,0.000848,172.31.36.0-255,66,38658,15,66392
6199,0.000896,172.217.194.0-255,2902,41560,15,66392
6200,0.0009,172.31.36.0-255,66,41626,15,66392
6201,0.000947,172.31.36.0-255,66,41692,15,66392
6202,0.001307,172.217.194.0-255,7156,48848,15,66392
6203,0.001312,172.31.36.0-255,66,48914,15,66392
6204,0.0014,172.31.36.0-255,66,48980,15,66392
6205,0.001999,172.31.36.0-255,66,49046,15,66392
6206,0.00298,172.217.194.0-255,7156,56202,15,66392
6207,0.003754,172.217.194.0-255,4320,60522,15,66392
6208,0.005834,172.31.36.0-255,66,60588,15,66392
6209,0.008098,172.217.194.0-255,5738,66326,15,66392
6210,0.008106,172.31.36.0-255,66,66392,15,66392
6211,0.0,74.125.24.0-255,146,146,15,135255
6212,3.4e-05,172.31.36.0-255,66,212,15,135255
6213,4.1e-05,74.125.24.0-255,1484,1696,15,135255
6214,4.5e-05,172.31.36.0-255,66,1762,15,135255
6215,5.1e-05,74.125.24.0-255,2902,4664,15,135255
6216,5.3e-05,172.31.36.0-255,66,4730,15,135255
6217,6.1e-05,74.125.24.0-255,7156,11886,15,135255
6218,6.4e-05,172.31.36.0-255,66,11952,15,135255
6219,6.8e-05,74.125.24.0-255,3473,15425,15,135255
6220,7e-05,172.31.36.0-255,66,15491,15,135255
6221,7.6e-05,74.125.24.0-255,4320,19811,15,135255
6222,7.9e-05,172.31.36.0-255,66,19877,15,135255
6223,8.4e-05,74.125.24.0-255,4320,24197,15,135255
6224,8.7e-05,172.31.36.0-255,66,24263,15,135255
6225,0.000112,74.125.24.0-255,5738,30001,15,135255
6226,0.000115,172.31.36.0-255,66,30067,15,135255
6227,0.000118,74.125.24.0-255,1125,31192,15,135255
6228,0.00012,172.31.36.0-255,66,31258,15,135255
6229,0.00016,74.125.24.0-255,1484,32742,15,135255
6230,0.000164,172.31.36.0-255,66,32808,15,135255
6231,0.000169,74.125.24.0-255,2902,35710,15,135255
6232,0.000171,172.31.36.0-255,66,35776,15,135255
6233,0.000176,74.125.24.0-255,4320,40096,15,135255
6234,0.000179,172.31.36.0-255,66,40162,15,135255
6235,0.0002,74.125.24.0-255,1484,41646,15,135255
6236,0.000202,172.31.36.0-255,66,41712,15,135255
6237,0.00021,74.125.24.0-255,6797,48509,15,135255
6238,0.000212,172.31.36.0-255,66,48575,15,135255
6239,0.000571,74.125.24.0-255,1484,50059,15,135255
6240,0.000576,172.31.36.0-255,66,50125,15,135255
6241,0.000582,74.125.24.0-255,2902,53027,15,135255
6242,0.000584,172.31.36.0-255,66,53093,15,135255
6243,0.000591,74.125.24.0-255,5738,58831,15,135255
6244,0.000593,172.31.36.0-255,66,58897,15,135255
6245,0.000636,74.125.24.0-255,5738,64635,15,135255
6246,0.000642,172.31.36.0-255,66,64701,15,135255
6247,0.000652,74.125.24.0-255,1125,65826,15,135255
6248,0.000736,172.31.36.0-255,66,65892,15,135255
6249,0.000781,74.125.24.0-255,1484,67376,15,135255
6250,0.000796,74.125.24.0-255,2902,70278,15,135255
6251,0.000799,172.31.36.0-255,66,70344,15,135255
6252,0.000823,74.125.24.0-255,1484,71828,15,135255
6253,0.000844,74.125.24.0-255,4320,76148,15,135255
6254,0.000848,172.31.36.0-255,66,76214,15,135255
6255,0.000853,74.125.24.0-255,4320,80534,15,135255
6256,0.000855,172.31.36.0-255,66,80600,15,135255
6257,0.000868,74.125.24.0-255,1484,82084,15,135255
6258,0.000875,74.125.24.0-255,5738,87822,15,135255
6259,0.000877,172.31.36.0-255,66,87888,15,135255
6260,0.000912,172.31.36.0-255,66,87954,15,135255
6261,0.000918,74.125.24.0-255,3961,91915,15,135255
6262,0.00092,172.31.36.0-255,66,91981,15,135255
6263,0.001819,74.125.24.0-255,1484,93465,15,135255
6264,0.00183,74.125.24.0-255,2902,96367,15,135255
6265,0.001836,172.31.36.0-255,66,96433,15,135255
6266,0.001845,74.125.24.0-255,5738,102171,15,135255
6267,0.001847,172.31.36.0-255,66,102237,15,135255
6268,0.001853,74.125.24.0-255,4320,106557,15,135255
6269,0.001855,172.31.36.0-255,66,106623,15,135255
6270,0.001873,74.125.24.0-255,2902,109525,15,135255
6271,0.001875,172.31.36.0-255,66,109591,15,135255
6272,0.001881,74.125.24.0-255,5738,115329,15,135255
6273,0.001883,172.31.36.0-255,66,115395,15,135255
6274,0.001911,172.31.36.0-255,66,115461,15,135255
6275,0.001915,74.125.24.0-255,2184,117645,15,135255
6276,0.001917,172.31.36.0-255,66,117711,15,135255
6277,0.004255,74.125.24.0-255,5738,123449,15,135255
6278,0.004259,172.31.36.0-255,66,123515,15,135255
6279,0.00661,74.125.24.0-255,5738,129253,15,135255
6280,0.006616,172.31.36.0-255,66,129319,15,135255
6281,0.008973,74.125.24.0-255,2902,132221,15,135255
6282,0.00898,172.31.36.0-255,66,132287,15,135255
6283,0.009038,74.125.24.0-255,2902,135189,15,135255
6284,0.009042,172.31.36.0-255,66,135255,15,135255
6285,0.0,172.217.194.0-255,153,153,15,89508
6286,3.5e-05,172.31.36.0-255,66,219,15,89508
6287,4.3e-05,172.217.194.0-255,1484,1703,15,89508
6288,4.7e-05,172.31.36.0-255,66,1769,15,89508
6289,7.8e-05,172.217.194.0-255,2902,4671,15,89508
6290,8.1e-05,172.31.36.0-255,66,4737,15,89508
6291,0.000104,172.217.194.0-255,5738,10475,15,89508
6292,0.000107,172.31.36.0-255,66,10541,15,89508
6293,0.000111,172.217.194.0-255,1484,12025,15,89508
6294,0.000112,172.31.36.0-255,66,12091,15,89508
6295,0.000147,172.217.194.0-255,2040,14131,15,89508
6296,0.000149,172.31.36.0-255,66,14197,15,89508
6297,0.001241,172.217.194.0-255,1484,15681,15,89508
6298,0.001249,172.31.36.0-255,66,15747,15,89508
6299,0.001259,172.217.194.0-255,2902,18649,15,89508
6300,0.001261,172.31.36.0-255,66,18715,15,89508
6301,0.001291,172.217.194.0-255,5738,24453,15,89508
6302,0.001294,172.31.36.0-255,66,24519,15,89508
6303,0.001313,172.217.194.0-255,6797,31316,15,89508
6304,0.001316,172.31.36.0-255,66,31382,15,89508
6305,0.001348,172.217.194.0-255,2902,34284,15,89508
6306,0.001351,172.31.36.0-255,66,34350,15,89508
6307,0.001356,172.217.194.0-255,4320,38670,15,89508
6308,0.001358,172.31.36.0-255,66,38736,15,89508
6309,0.001361,172.217.194.0-255,1484,40220,15,89508
6310,0.001364,172.31.36.0-255,66,40286,15,89508
6311,0.0014,172.217.194.0-255,7156,47442,15,89508
6312,0.001403,172.31.36.0-255,66,47508,15,89508
6313,0.001408,172.217.194.0-255,4320,51828,15,89508
6314,0.00141,172.31.36.0-255,66,51894,15,89508
6315,0.001415,172.217.194.0-255,5738,57632,15,89508
6316,0.001417,172.31.36.0-255,66,57698,15,89508
6317,0.001443,172.217.194.0-255,7156,64854,15,89508
6318,0.001465,172.31.36.0-255,66,64920,15,89508
6319,0.001491,172.217.194.0-255,766,65686,15,89508
6320,0.001641,172.217.194.0-255,376,66062,15,89508
6321,0.001685,172.217.194.0-255,98,66160,15,89508
6322,0.001849,172.31.36.0-255,66,66226,15,89508
6323,0.00342,172.217.194.0-255,1484,67710,15,89508
6324,0.003828,172.217.194.0-255,4320,72030,15,89508
6325,0.003868,172.31.36.0-255,66,72096,15,89508
6326,0.005841,172.217.194.0-255,5738,77834,15,89508
6327,0.005888,172.31.36.0-255,66,77900,15,89508
6328,0.007897,172.217.194.0-255,5738,83638,15,89508
6329,0.007904,172.31.36.0-255,66,83704,15,89508
6330,0.009888,172.217.194.0-255,5738,89442,15,89508
6331,0.009895,172.31.36.0-255,66,89508,15,89508
6332,0.0,172.217.27.0-255,152,152,15,170663
6333,2.2e-05,172.31.36.0-255,66,218,15,170663
6334,2.9e-05,172.217.27.0-255,1484,1702,15,170663
6335,3.4e-05,172.31.36.0-255,66,1768,15,170663
6336,4e-05,172.217.27.0-255,2902,4670,15,170663
6337,5.2e-05,172.31.36.0-255,66,4736,15,170663
6338,5.9e-05,172.217.27.0-255,5738,10474,15,170663
6339,6.2e-05,172.31.36.0-255,66,10540,15,170663
6340,6.8e-05,172.217.27.0-255,4320,14860,15,170663
6341,7.1e-05,172.31.36.0-255,66,14926,15,170663
6342,0.000114,172.31.36.0-255,66,14992,15,170663
6343,0.000122,172.217.27.0-255,6797,21789,15,170663
6344,0.000124,172.31.36.0-255,66,21855,15,170663
6345,0.000305,172.217.27.0-255,1484,23339,15,170663
6346,0.00031,172.31.36.0-255,66,23405,15,170663
6347,0.000314,172.217.27.0-255,1484,24889,15,170663
6348,0.000316,172.31.36.0-255,66,24955,15,170663
6349,0.000321,172.217.27.0-255,2902,27857,15,170663
6350,0.000329,172.31.36.0-255,66,27923,15,170663
6351,0.000336,172.217.27.0-255,5738,33661,15,170663
6352,0.000339,172.31.36.0-255,66,33727,15,170663
6353,0.000355,172.217.27.0-255,4320,38047,15,170663
6354,0.000358,172.31.36.0-255,66,38113,15,170663
6355,0.000402,172.31.36.0-255,66,38179,15,170663
6356,0.000412,172.31.36.0-255,66,38245,15,170663
6357,0.000415,172.217.27.0-255,363,38608,15,170663
6358,0.000418,172.31.36.0-255,66,38674,15,170663
6359,0.000564,172.217.27.0-255,135,38809,15,170663
6360,0.000569,172.31.36.0-255,66,38875,15,170663
6361,0.000714,172.217.27.0-255,1484,40359,15,170663
6362,0.000725,172.217.27.0-255,2902,43261,15,170663
6363,0.000729,172.31.36.0-255,66,43327,15,170663
6364,0.000735,172.217.27.0-255,4320,47647,15,170663
6365,0.000738,172.31.36.0-255,66,47713,15,170663
6366,0.00078,172.31.36.0-255,66,47779,15,170663
6367,0.0008,172.31.36.0-255,66,47845,15,170663
6368,0.000804,172.217.27.0-255,2543,50388,15,170663
6369,0.000807,172.31.36.0-255,66,50454,15,170663
6370,0.00084,172.217.27.0-255,1484,51938,15,170663
6371,0.000846,172.217.27.0-255,2902,54840,15,170663
6372,0.000849,172.31.36.0-255,66,54906,15,170663
6373,0.000878,172.217.27.0-255,1484,56390,15,170663
6374,0.000901,172.217.27.0-255,2902,59292,15,170663
6375,0.000906,172.31.36.0-255,66,59358,15,170663
6376,0.000913,172.217.27.0-255,5738,65096,15,170663
6377,0.000915,172.31.36.0-255,66,65162,15,170663
6378,0.000932,172.31.36.0-255,66,65228,15,170663
6379,0.000995,172.31.36.0-255,66,65294,15,170663
6380,0.000999,172.217.27.0-255,344,65638,15,170663
6381,0.001207,172.217.27.0-255,1484,67122,15,170663
6382,0.001214,172.31.36.0-255,66,67188,15,170663
6383,0.001219,172.217.27.0-255,2902,70090,15,170663
6384,0.001221,172.31.36.0-255,66,70156,15,170663
6385,0.001228,172.217.27.0-255,5738,75894,15,170663
6386,0.00123,172.31.36.0-255,66,75960,15,170663
6387,0.001244,172.31.36.0-255,66,76026,15,170663
6388,0.001255,172.31.36.0-255,66,76092,15,170663
6389,0.001277,172.217.27.0-255,1484,77576,15,170663
6390,0.001299,172.217.27.0-255,3602,81178,15,170663
6391,0.001303,172.31.36.0-255,66,81244,15,170663
6392,0.001376,172.217.27.0-255,1484,82728,15,170663
6393,0.001381,172.217.27.0-255,2902,85630,15,170663
6394,0.001384,172.31.36.0-255,66,85696,15,170663
6395,0.001387,172.217.27.0-255,1484,87180,15,170663
6396,0.001412,172.217.27.0-255,4320,91500,15,170663
6397,0.001414,172.31.36.0-255,66,91566,15,170663
6398,0.001419,172.217.27.0-255,4320,95886,15,170663
6399,0.001421,172.31.36.0-255,66,95952,15,170663
6400,0.001427,172.217.27.0-255,5738,101690,15,170663
6401,0.00145,172.31.36.0-255,66,101756,15,170663
6402,0.001457,172.217.27.0-255,7156,108912,15,170663
6403,0.001458,172.31.36.0-255,66,108978,15,170663
6404,0.001463,172.217.27.0-255,2902,111880,15,170663
6405,0.001465,172.31.36.0-255,66,111946,15,170663
6406,0.001499,172.217.27.0-255,3602,115548,15,170663
6407,0.001502,172.31.36.0-255,66,115614,15,170663
6408,0.001553,172.217.27.0-255,1484,117098,15,170663
6409,0.001558,172.217.27.0-255,2902,120000,15,170663
6410,0.00156,172.31.36.0-255,66,120066,15,170663
6411,0.001566,172.217.27.0-255,4320,124386,15,170663
6412,0.001568,172.31.36.0-255,66,124452,15,170663
6413,0.001587,172.217.27.0-255,1484,125936,15,170663
6414,0.001596,172.217.27.0-255,4320,130256,15,170663
6415,0.001598,172.31.36.0-255,66,130322,15,170663
6416,0.001624,172.217.27.0-255,1484,131806,15,170663
6417,0.001628,172.217.27.0-255,2902,134708,15,170663
6418,0.00163,172.31.36.0-255,66,134774,15,170663
6419,0.001635,172.217.27.0-255,4320,139094,15,170663
6420,0.001636,172.31.36.0-255,66,139160,15,170663
6421,0.001662,172.31.36.0-255,66,139226,15,170663
6422,0.001666,172.217.27.0-255,2184,141410,15,170663
6423,0.001669,172.31.36.0-255,66,141476,15,170663
6424,0.001845,172.31.36.0-255,101,141577,15,170663
6425,0.003304,172.217.27.0-255,5738,147315,15,170663
6426,0.00331,172.31.36.0-255,66,147381,15,170663
6427,0.003456,172.217.27.0-255,66,147447,15,170663
6428,0.004952,172.217.27.0-255,5738,153185,15,170663
6429,0.004959,172.31.36.0-255,66,153251,15,170663
6430,0.006626,172.217.27.0-255,5738,158989,15,170663
6431,0.006634,172.31.36.0-255,66,159055,15,170663
6432,0.008289,172.217.27.0-255,5738,164793,15,170663
6433,0.008296,172.31.36.0-255,66,164859,15,170663
6434,0.009938,172.217.27.0-255,5738,170597,15,170663
6435,0.009945,172.31.36.0-255,66,170663,15,170663
6436,0.0,74.125.130.0-255,153,153,15,109102
6437,1.5e-05,172.31.36.0-255,66,219,15,109102
6438,4.8e-05,74.125.130.0-255,1484,1703,15,109102
6439,5.3e-05,172.31.36.0-255,66,1769,15,109102
6440,5.9e-05,74.125.130.0-255,2902,4671,15,109102
6441,6.2e-05,172.31.36.0-255,66,4737,15,109102
6442,8.4e-05,74.125.130.0-255,2902,7639,15,109102
6443,8.6e-05,172.31.36.0-255,66,7705,15,109102
6444,0.000114,74.125.130.0-255,4320,12025,15,109102
6445,0.000116,172.31.36.0-255,66,12091,15,109102
6446,0.000142,74.125.130.0-255,2056,14147,15,109102
6447,0.000144,172.31.36.0-255,66,14213,15,109102
6448,0.000321,74.125.130.0-255,1484,15697,15,109102
6449,0.000325,172.31.36.0-255,66,15763,15,109102
6450,0.000342,74.125.130.0-255,2902,18665,15,109102
6451,0.000345,172.31.36.0-255,66,18731,15,109102
6452,0.00037,74.125.130.0-255,5738,24469,15,109102
6453,0.000373,172.31.36.0-255,66,24535,15,109102
6454,0.000376,74.125.130.0-255,1484,26019,15,109102
6455,0.000378,172.31.36.0-255,66,26085,15,109102
6456,0.000397,74.125.130.0-255,2902,28987,15,109102
6457,0.000402,172.31.36.0-255,66,29053,15,109102
6458,0.000428,74.125.130.0-255,2543,31596,15,109102
6459,0.000431,172.31.36.0-255,66,31662,15,109102
6460,0.000617,74.125.130.0-255,1484,33146,15,109102
6461,0.000621,172.31.36.0-255,66,33212,15,109102
6462,0.000646,74.125.130.0-255,1484,34696,15,109102
6463,0.000649,172.31.36.0-255,66,34762,15,109102
6464,0.000653,74.125.130.0-255,2902,37664,15,109102
6465,0.000655,172.31.36.0-255,66,37730,15,109102
6466,0.00068,74.125.130.0-255,1484,39214,15,109102
6467,0.000682,172.31.36.0-255,66,39280,15,109102
6468,0.000699,74.125.130.0-255,2902,42182,15,109102
6469,0.000701,172.31.36.0-255,66,42248,15,109102
6470,0.000708,74.125.130.0-255,5738,47986,15,109102
6471,0.00071,172.31.36.0-255,66,48052,15,109102
6472,0.000713,74.125.130.0-255,1125,49177,15,109102
6473,0.000739,74.125.130.0-255,1484,50661,15,109102
6474,0.000742,172.31.36.0-255,66,50727,15,109102
6475,0.000766,74.125.130.0-255,4320,55047,15,109102
6476,0.000768,172.31.36.0-255,66,55113,15,109102
6477,0.000788,74.125.130.0-255,7156,62269,15,109102
6478,0.000791,172.31.36.0-255,66,62335,15,109102
6479,0.000814,74.125.130.0-255,1484,63819,15,109102
6480,0.00083,74.125.130.0-255,2795,66614,15,109102
6481,0.000832,172.31.36.0-255,66,66680,15,109102
6482,0.000855,74.125.130.0-255,434,67114,15,109102
6483,0.001087,172.31.36.0-255,66,67180,15,109102
6484,0.001811,74.125.130.0-255,1484,68664,15,109102
6485,0.001819,74.125.130.0-255,1484,70148,15,109102
6486,0.001823,172.31.36.0-255,66,70214,15,109102
6487,0.001851,74.125.130.0-255,1484,71698,15,109102
6488,0.001853,74.125.130.0-255,1484,73182,15,109102
6489,0.001855,172.31.36.0-255,66,73248,15,109102
6490,0.00186,74.125.130.0-255,2902,76150,15,109102
6491,0.001861,172.31.36.0-255,66,76216,15,109102
6492,0.001877,74.125.130.0-255,2902,79118,15,109102
6493,0.001878,172.31.36.0-255,66,79184,15,109102
6494,0.001901,74.125.130.0-255,2902,82086,15,109102
6495,0.001903,172.31.36.0-255,66,82152,15,109102
6496,0.00191,74.125.130.0-255,2902,85054,15,109102
6497,0.001912,172.31.36.0-255,66,85120,15,109102
6498,0.001946,172.31.36.0-255,66,85186,15,109102
6499,0.001953,74.125.130.0-255,6438,91624,15,109102
6500,0.001955,172.31.36.0-255,66,91690,15,109102
6501,0.00431,74.125.130.0-255,5738,97428,15,109102
6502,0.004313,172.31.36.0-255,66,97494,15,109102
6503,0.006675,74.125.130.0-255,5738,103232,15,109102
6504,0.006681,172.31.36.0-255,66,103298,15,109102
6505,0.009049,74.125.130.0-255,5738,109036,15,109102
6506,0.009057,172.31.36.0-255,66,109102,15,109102
6507,0.0,172.217.194.0-255,152,152,15,133304
6508,2.3e-05,172.31.36.0-255,66,218,15,133304
6509,3.1e-05,172.217.194.0-255,1484,1702,15,133304
6510,3.5e-05,172.31.36.0-255,66,1768,15,133304
6511,4.2e-05,172.217.194.0-255,2902,4670,15,133304
6512,4.5e-05,172.31.36.0-255,66,4736,15,133304
6513,5.3e-05,172.217.194.0-255,7156,11892,15,133304
6514,5.6e-05,172.31.36.0-255,66,11958,15,133304
6515,5.9e-05,172.217.194.0-255,1484,13442,15,133304
6516,6.2e-05,172.31.36.0-255,66,13508,15,133304
6517,8.8e-05,172.217.194.0-255,593,14101,15,133304
6518,9.1e-05,172.31.36.0-255,66,14167,15,133304
6519,9.7e-05,172.217.194.0-255,2902,17069,15,133304
6520,9.9e-05,172.31.36.0-255,66,17135,15,133304
6521,0.000104,172.217.194.0-255,2902,20037,15,133304
6522,0.000106,172.31.36.0-255,66,20103,15,133304
6523,0.000131,172.217.194.0-255,4320,24423,15,133304
6524,0.000134,172.31.36.0-255,66,24489,15,133304
6525,0.000143,172.217.194.0-255,6797,31286,15,133304
6526,0.000146,172.31.36.0-255,66,31352,15,133304
6527,0.000363,172.217.194.0-255,1484,32836,15,133304
6528,0.000369,172.31.36.0-255,66,32902,15,133304
6529,0.000375,172.217.194.0-255,2902,35804,15,133304
6530,0.000378,172.31.36.0-255,66,35870,15,133304
6531,0.000383,172.217.194.0-255,2902,38772,15,133304
6532,0.000385,172.31.36.0-255,66,38838,15,133304
6533,0.000404,172.217.194.0-255,2902,41740,15,133304
6534,0.000406,172.31.36.0-255,66,41806,15,133304
6535,0.000431,172.217.194.0-255,4320,46126,15,133304
6536,0.00044,172.31.36.0-255,66,46192,15,133304
6537,0.000452,172.31.36.0-255,66,46258,15,133304
6538,0.000472,172.217.194.0-255,1125,47383,15,133304
6539,0.000477,172.217.194.0-255,1484,48867,15,133304
6540,0.000501,172.31.36.0-255,66,48933,15,133304
6541,0.000509,172.217.194.0-255,677,49610,15,133304
6542,0.000575,172.217.194.0-255,1484,51094,15,133304
6543,0.000585,172.31.36.0-255,66,51160,15,133304
6544,0.000597,172.217.194.0-255,2902,54062,15,133304
6545,0.000604,172.217.194.0-255,5738,59800,15,133304
6546,0.000623,172.31.36.0-255,66,59866,15,133304
6547,0.000634,172.217.194.0-255,4320,64186,15,133304
6548,0.000639,172.31.36.0-255,66,64252,15,133304
6549,0.000655,172.217.194.0-255,1994,66246,15,133304
6550,0.000662,172.217.194.0-255,7156,73402,15,133304
6551,0.000672,172.31.36.0-255,66,73468,15,133304
6552,0.000697,172.31.36.0-255,66,73534,15,133304
6553,0.0007,172.217.194.0-255,1125,74659,15,133304
6554,0.000715,172.217.194.0-255,4320,78979,15,133304
6555,0.000736,172.217.194.0-255,5738,84717,15,133304
6556,0.000742,172.217.194.0-255,4320,89037,15,133304
6557,0.000749,172.31.36.0-255,66,89103,15,133304
6558,0.000761,172.217.194.0-255,2543,91646,15,133304
6559,0.000783,172.31.36.0-255,66,91712,15,133304
6560,0.000921,172.217.194.0-255,1484,93196,15,133304
6561,0.000927,172.217.194.0-255,2902,96098,15,133304
6562,0.00095,172.217.194.0-255,5738,101836,15,133304
6563,0.000953,172.31.36.0-255,66,101902,15,133304
6564,0.000958,172.31.36.0-255,66,101968,15,133304
6565,0.000991,172.217.194.0-255,4320,106288,15,133304
6566,0.000996,172.217.194.0-255,4320,110608,15,133304
6567,0.001005,172.31.36.0-255,66,110674,15,133304
6568,0.001018,172.217.194.0-255,6438,117112,15,133304
6569,0.001055,172.31.36.0-255,66,117178,15,133304
6570,0.003801,172.217.194.0-255,1484,118662,15,133304
6571,0.003816,172.217.194.0-255,2902,121564,15,133304
6572,0.003833,172.31.36.0-255,66,121630,15,133304
6573,0.003838,172.217.194.0-255,1484,123114,15,133304
6574,0.00606,172.217.194.0-255,4320,127434,15,133304
6575,0.006065,172.31.36.0-255,66,127500,15,133304
6576,0.008302,172.217.194.0-255,5738,133238,15,133304
6577,0.008308,172.31.36.0-255,66,133304,15,133304
6578,0.0,172.217.194.0-255,153,153,15,149356
6579,2.1e-05,172.31.36.0-255,66,219,15,149356
6580,2.7e-05,172.217.194.0-255,1484,1703,15,149356
6581,3.1e-05,172.31.36.0-255,66,1769,15,149356
6582,3.4e-05,172.217.194.0-255,1484,3253,15,149356
6583,3.6e-05,172.31.36.0-255,66,3319,15,149356
6584,5.2e-05,172.217.194.0-255,4320,7639,15,149356
6585,5.5e-05,172.31.36.0-255,66,7705,15,149356
6586,5.8e-05,172.217.194.0-255,1484,9189,15,149356
6587,6e-05,172.31.36.0-255,66,9255,15,149356
6588,9e-05,172.31.36.0-255,66,9321,15,149356
6589,9.4e-05,172.217.194.0-255,1484,10805,15,149356
6590,9.6e-05,172.31.36.0-255,66,10871,15,149356
6591,0.000119,172.31.36.0-255,66,10937,15,149356
6592,0.000145,172.217.194.0-255,1125,12062,15,149356
6593,0.000147,172.31.36.0-255,66,12128,15,149356
6594,0.00015,172.217.194.0-255,1484,13612,15,149356
6595,0.000153,172.31.36.0-255,66,13678,15,149356
6596,0.000158,172.217.194.0-255,4320,17998,15,149356
6597,0.00016,172.31.36.0-255,66,18064,15,149356
6598,0.00019,172.217.194.0-255,7156,25220,15,149356
6599,0.000192,172.31.36.0-255,66,25286,15,149356
6600,0.000212,172.217.194.0-255,2902,28188,15,149356
6601,0.000217,172.31.36.0-255,66,28254,15,149356
6602,0.000227,172.31.36.0-255,66,28320,15,149356
6603,0.000251,172.217.194.0-255,1484,29804,15,149356
6604,0.000253,172.31.36.0-255,66,29870,15,149356
6605,0.000262,172.31.36.0-255,66,29936,15,149356
6606,0.000348,172.217.194.0-255,1484,31420,15,149356
6607,0.000354,172.217.194.0-255,2902,34322,15,149356
6608,0.000357,172.31.36.0-255,66,34388,15,149356
6609,0.000363,172.217.194.0-255,5738,40126,15,149356
6610,0.000365,172.31.36.0-255,66,40192,15,149356
6611,0.000399,172.31.36.0-255,66,40258,15,149356
6612,0.000424,172.217.194.0-255,2902,43160,15,149356
6613,0.000425,172.31.36.0-255,66,43226,15,149356
6614,0.000437,172.31.36.0-255,66,43292,15,149356
6615,0.000475,172.217.194.0-255,1484,44776,15,149356
6616,0.000486,172.217.194.0-255,1484,46260,15,149356
6617,0.000488,172.31.36.0-255,66,46326,15,149356
6618,0.000511,172.217.194.0-255,4320,50646,15,149356
6619,0.000513,172.31.36.0-255,66,50712,15,149356
6620,0.000542,172.31.36.0-255,66,50778,15,149356
6621,0.000564,172.217.194.0-255,1125,51903,15,149356
6622,0.000571,172.217.194.0-255,7156,59059,15,149356
6623,0.000573,172.31.36.0-255,66,59125,15,149356
6624,0.000604,172.31.36.0-255,66,59191,15,149356
6625,0.000609,172.217.194.0-255,4320,63511,15,149356
6626,0.000611,172.31.36.0-255,66,63577,15,149356
6627,0.000648,172.31.36.0-255,66,63643,15,149356
6628,0.00065,172.217.194.0-255,766,64409,15,149356
6629,0.000694,172.31.36.0-255,66,64475,15,149356
6630,0.000719,172.31.36.0-255,66,64541,15,149356
6631,0.000721,172.217.194.0-255,1484,66025,15,149356
6632,0.000725,172.217.194.0-255,2902,68927,15,149356
6633,0.000727,172.31.36.0-255,66,68993,15,149356
6634,0.000733,172.217.194.0-255,5738,74731,15,149356
6635,0.000735,172.31.36.0-255,66,74797,15,149356
6636,0.00074,172.217.194.0-255,5738,80535,15,149356
6637,0.000742,172.31.36.0-255,66,80601,15,149356
6638,0.000747,172.217.194.0-255,4320,84921,15,149356
6639,0.000748,172.31.36.0-255,66,84987,15,149356
6640,0.000783,172.31.36.0-255,66,85053,15,149356
6641,0.000789,172.217.194.0-255,5020,90073,15,149356
6642,0.000791,172.31.36.0-255,66,90139,15,149356
6643,0.000825,172.217.194.0-255,5738,95877,15,149356
6644,0.000827,172.31.36.0-255,66,95943,15,149356
6645,0.000832,172.217.194.0-255,5738,101681,15,149356
6646,0.000834,172.31.36.0-255,66,101747,15,149356
6647,0.000868,172.31.36.0-255,66,101813,15,149356
6648,0.000879,172.31.36.0-255,66,101879,15,149356
6649,0.000892,172.217.194.0-255,2902,104781,15,149356
6650,0.000898,172.31.36.0-255,66,104847,15,149356
6651,0.000934,172.31.36.0-255,66,104913,15,149356
6652,0.000962,172.217.194.0-255,7156,112069,15,149356
6653,0.000965,172.31.36.0-255,66,112135,15,149356
6654,0.001007,172.31.36.0-255,66,112201,15,149356
6655,0.001019,172.31.36.0-255,66,112267,15,149356
6656,0.001039,172.31.36.0-255,66,112333,15,149356
6657,0.001064,172.217.194.0-255,2902,115235,15,149356
6658,0.001067,172.31.36.0-255,66,115301,15,149356
6659,0.001101,172.217.194.0-255,6438,121739,15,149356
6660,0.001106,172.31.36.0-255,66,121805,15,149356
6661,0.001115,172.217.194.0-255,7156,128961,15,149356
6662,0.001119,172.31.36.0-255,66,129027,15,149356
6663,0.001154,172.217.194.0-255,2902,131929,15,149356
6664,0.001159,172.31.36.0-255,66,131995,15,149356
6665,0.001166,172.217.194.0-255,7156,139151,15,149356
6666,0.001168,172.31.36.0-255,66,139217,15,149356
6667,0.001187,172.31.36.0-255,66,139283,15,149356
6668,0.001232,172.31.36.0-255,66,139349,15,149356
6669,0.001243,172.31.36.0-255,66,139415,15,149356
6670,0.001326,172.31.36.0-255,66,139481,15,149356
6671,0.00136,172.217.194.0-255,3602,143083,15,149356
6672,0.001364,172.31.36.0-255,66,143149,15,149356
6673,0.001388,172.31.36.0-255,66,143215,15,149356
6674,0.001394,172.217.194.0-255,5636,148851,15,149356
6675,0.001396,172.31.36.0-255,66,148917,15,149356
6676,0.001399,172.217.194.0-255,97,149014,15,149356
6677,0.001405,172.217.194.0-255,105,149119,15,149356
6678,0.007572,172.31.36.0-255,66,149185,15,149356
6679,0.007635,172.31.36.0-255,105,149290,15,149356
6680,0.009945,172.217.194.0-255,66,149356,15,149356
6681,0.0,74.125.24.0-255,150,150,15,195959
6682,1.6e-05,172.31.36.0-255,66,216,15,195959
6683,2.3e-05,74.125.24.0-255,1484,1700,15,195959
6684,2.7e-05,172.31.36.0-255,66,1766,15,195959
6685,3.3e-05,74.125.24.0-255,2902,4668,15,195959
6686,6.1e-05,172.31.36.0-255,66,4734,15,195959
6687,6.9e-05,74.125.24.0-255,5738,10472,15,195959
6688,7.2e-05,172.31.36.0-255,66,10538,15,195959
6689,0.000103,74.125.24.0-255,6259,16797,15,195959
6690,0.00011,172.31.36.0-255,66,16863,15,195959
6691,0.000114,74.125.24.0-255,2902,19765,15,195959
6692,0.000116,172.31.36.0-255,66,19831,15,195959
6693,0.00014,74.125.24.0-255,5738,25569,15,195959
6694,0.000147,172.31.36.0-255,66,25635,15,195959
6695,0.000179,74.125.24.0-255,5379,31014,15,195959
6696,0.000182,172.31.36.0-255,66,31080,15,195959
6697,0.000313,74.125.24.0-255,1484,32564,15,195959
6698,0.000318,172.31.36.0-255,66,32630,15,195959
6699,0.000325,74.125.24.0-255,2902,35532,15,195959
6700,0.000327,172.31.36.0-255,66,35598,15,195959
6701,0.000339,74.125.24.0-255,4320,39918,15,195959
6702,0.000342,172.31.36.0-255,66,39984,15,195959
6703,0.000372,74.125.24.0-255,1484,41468,15,195959
6704,0.000375,172.31.36.0-255,66,41534,15,195959
6705,0.000386,172.31.36.0-255,66,41600,15,195959
6706,0.000402,172.31.36.0-255,66,41666,15,195959
6707,0.000407,74.125.24.0-255,2902,44568,15,195959
6708,0.000409,172.31.36.0-255,66,44634,15,195959
6709,0.000449,74.125.24.0-255,4234,48868,15,195959
6710,0.000452,172.31.36.0-255,66,48934,15,195959
6711,0.000456,74.125.24.0-255,383,49317,15,195959
6712,0.000514,74.125.24.0-255,1484,50801,15,195959
6713,0.000519,172.31.36.0-255,66,50867,15,195959
6714,0.000524,74.125.24.0-255,2902,53769,15,195959
6715,0.000526,172.31.36.0-255,66,53835,15,195959
6716,0.000553,74.125.24.0-255,5738,59573,15,195959
6717,0.000555,172.31.36.0-255,66,59639,15,195959
6718,0.000586,172.31.36.0-255,66,59705,15,195959
6719,0.000596,172.31.36.0-255,66,59771,15,195959
6720,0.000624,74.125.24.0-255,6797,66568,15,195959
6721,0.000627,172.31.36.0-255,66,66634,15,195959
6722,0.00074,74.125.24.0-255,1484,68118,15,195959
6723,0.000748,74.125.24.0-255,2902,71020,15,195959
6724,0.000752,172.31.36.0-255,66,71086,15,195959
6725,0.000756,74.125.24.0-255,1484,72570,15,195959
6726,0.000782,74.125.24.0-255,4320,76890,15,195959
6727,0.000786,172.31.36.0-255,66,76956,15,195959
6728,0.000799,172.31.36.0-255,66,77022,15,195959
6729,0.000805,74.125.24.0-255,7156,84178,15,195959
6730,0.000807,172.31.36.0-255,66,84244,15,195959
6731,0.000863,74.125.24.0-255,3602,87846,15,195959
6732,0.000865,172.31.36.0-255,66,87912,15,195959
6733,0.000871,74.125.24.0-255,4320,92232,15,195959
6734,0.000873,172.31.36.0-255,66,92298,15,195959
6735,0.000876,74.125.24.0-255,1484,93782,15,195959
6736,0.000911,172.31.36.0-255,66,93848,15,195959
6737,0.000917,74.125.24.0-255,7156,101004,15,195959
6738,0.00092,172.31.36.0-255,66,101070,15,195959
6739,0.000964,172.31.36.0-255,66,101136,15,195959
6740,0.001027,74.125.24.0-255,1484,102620,15,195959
6741,0.001033,74.125.24.0-255,2902,105522,15,195959
6742,0.001036,172.31.36.0-255,66,105588,15,195959
6743,0.001043,74.125.24.0-255,5738,111326,15,195959
6744,0.001047,172.31.36.0-255,66,111392,15,195959
6745,0.001057,74.125.24.0-255,4320,115712,15,195959
6746,0.00106,172.31.36.0-255,66,115778,15,195959
6747,0.001082,172.31.36.0-255,66,115844,15,195959
6748,0.001109,74.125.24.0-255,2902,118746,15,195959
6749,0.001111,172.31.36.0-255,66,118812,15,195959
6750,0.001121,172.31.36.0-255,66,118878,15,195959
6751,0.00119,74.125.24.0-255,1484,120362,15,195959
6752,0.001197,74.125.24.0-255,2902,123264,15,195959
6753,0.001201,172.31.36.0-255,66,123330,15,195959
6754,0.001206,74.125.24.0-255,4320,127650,15,195959
6755,0.001209,172.31.36.0-255,66,127716,15,195959
6756,0.001231,74.125.24.0-255,1484,129200,15,195959
6757,0.001239,74.125.24.0-255,7156,136356,15,195959
6758,0.001248,172.31.36.0-255,66,136422,15,195959
6759,0.001279,74.125.24.0-255,5738,142160,15,195959
6760,0.001282,172.31.36.0-255,66,142226,15,195959
6761,0.001293,172.31.36.0-255,66,142292,15,195959
6762,0.001322,74.125.24.0-255,1484,143776,15,195959
6763,0.001326,74.125.24.0-255,2902,146678,15,195959
6764,0.001328,172.31.36.0-255,66,146744,15,195959
6765,0.001355,74.125.24.0-255,5738,152482,15,195959
6766,0.001359,172.31.36.0-255,66,152548,15,195959
6767,0.001363,74.125.24.0-255,4320,156868,15,195959
6768,0.001365,172.31.36.0-255,66,156934,15,195959
6769,0.001422,172.31.36.0-255,66,157000,15,195959
6770,0.001434,172.31.36.0-255,66,157066,15,195959
6771,0.001443,74.125.24.0-255,4320,161386,15,195959
6772,0.001445,172.31.36.0-255,66,161452,15,195959
6773,0.001476,74.125.24.0-255,7156,168608,15,195959
6774,0.001484,172.31.36.0-255,66,168674,15,195959
6775,0.001499,172.31.36.0-255,66,168740,15,195959
6776,0.00151,74.125.24.0-255,1484,170224,15,195959
6777,0.001531,74.125.24.0-255,2902,173126,15,195959
6778,0.001534,172.31.36.0-255,66,173192,15,195959
6779,0.001538,74.125.24.0-255,2902,176094,15,195959
6780,0.001541,172.31.36.0-255,66,176160,15,195959
6781,0.001563,74.125.24.0-255,2902,179062,15,195959
6782,0.00157,172.31.36.0-255,66,179128,15,195959
6783,0.001574,74.125.24.0-255,4320,183448,15,195959
6784,0.001577,172.31.36.0-255,66,183514,15,195959
6785,0.001612,74.125.24.0-255,2902,186416,15,195959
6786,0.001615,172.31.36.0-255,66,186482,15,195959
6787,0.001654,172.31.36.0-255,66,186548,15,195959
6788,0.001663,172.31.36.0-255,66,186614,15,195959
6789,0.001677,172.31.36.0-255,66,186680,15,195959
6790,0.001691,172.31.36.0-255,66,186746,15,195959
6791,0.001695,74.125.24.0-255,2902,189648,15,195959
6792,0.001698,172.31.36.0-255,66,189714,15,195959
6793,0.001745,172.31.36.0-255,66,189780,15,195959
6794,0.001757,172.31.36.0-255,66,189846,15,195959
6795,0.001769,74.125.24.0-255,5705,195551,15,195959
6796,0.001773,172.31.36.0-255,66,195617,15,195959
6797,0.001804,74.125.24.0-255,105,195722,15,195959
6798,0.004534,172.31.36.0-255,66,195788,15,195959
6799,0.004572,172.31.36.0-255,105,195893,15,195959
6800,0.007119,74.125.24.0-255,66,195959,15,195959
6801,0.0,74.125.24.0-255,226,226,15,47972
6802,3.8e-05,172.31.36.0-255,66,292,15,47972
6803,4.6e-05,74.125.24.0-255,1484,1776,15,47972
6804,5e-05,172.31.36.0-255,66,1842,15,47972
6805,5.6e-05,74.125.24.0-255,4320,6162,15,47972
6806,6.8e-05,172.31.36.0-255,66,6228,15,47972
6807,0.000231,74.125.24.0-255,5738,11966,15,47972
6808,0.000236,172.31.36.0-255,66,12032,15,47972
6809,0.000267,74.125.24.0-255,1969,14001,15,47972
6810,0.000269,172.31.36.0-255,66,14067,15,47972
6811,0.00057,172.31.36.0-255,66,14133,15,47972
6812,0.000925,74.125.24.0-255,5738,19871,15,47972
6813,0.000931,172.31.36.0-255,66,19937,15,47972
6814,0.000964,74.125.24.0-255,2543,22480,15,47972
6815,0.000967,172.31.36.0-255,66,22546,15,47972
6816,0.002016,74.125.24.0-255,1522,24068,15,47972
6817,0.002022,172.31.36.0-255,66,24134,15,47972
6818,0.002919,74.125.24.0-255,2902,27036,15,47972
6819,0.002923,172.31.36.0-255,66,27102,15,47972
6820,0.003969,74.125.24.0-255,2902,30004,15,47972
6821,0.003974,172.31.36.0-255,66,30070,15,47972
6822,0.004863,74.125.24.0-255,2902,32972,15,47972
6823,0.004867,172.31.36.0-255,66,33038,15,47972
6824,0.005925,74.125.24.0-255,2902,35940,15,47972
6825,0.005931,172.31.36.0-255,66,36006,15,47972
6826,0.006794,74.125.24.0-255,1446,37452,15,47972
6827,0.006801,172.31.36.0-255,66,37518,15,47972
6828,0.006832,74.125.24.0-255,1484,39002,15,47972
6829,0.006836,172.31.36.0-255,66,39068,15,47972
6830,0.007869,74.125.24.0-255,2902,41970,15,47972
6831,0.007876,172.31.36.0-255,66,42036,15,47972
6832,0.008782,74.125.24.0-255,2902,44938,15,47972
6833,0.008788,172.31.36.0-255,66,45004,15,47972
6834,0.009873,74.125.24.0-255,2902,47906,15,47972
6835,0.00988,172.31.36.0-255,66,47972,15,47972
6836,0.0,74.125.24.0-255,219,219,15,147455
6837,2.2e-05,172.31.36.0-255,66,285,15,147455
6838,2.9e-05,74.125.24.0-255,1484,1769,15,147455
6839,3.3e-05,172.31.36.0-255,66,1835,15,147455
6840,3.6e-05,74.125.24.0-255,1484,3319,15,147455
6841,3.9e-05,172.31.36.0-255,66,3385,15,147455
6842,4.6e-05,74.125.24.0-255,4320,7705,15,147455
6843,4.9e-05,172.31.36.0-255,66,7771,15,147455
6844,8.8e-05,172.31.36.0-255,66,7837,15,147455
6845,0.0001,172.31.36.0-255,66,7903,15,147455
6846,0.000122,74.125.24.0-255,2543,10446,15,147455
6847,0.000125,172.31.36.0-255,66,10512,15,147455
6848,0.000171,74.125.24.0-255,1484,11996,15,147455
6849,0.000173,172.31.36.0-255,66,12062,15,147455
6850,0.000177,74.125.24.0-255,1484,13546,15,147455
6851,0.00018,172.31.36.0-255,66,13612,15,147455
6852,0.000208,74.125.24.0-255,1484,15096,15,147455
6853,0.000211,172.31.36.0-255,66,15162,15,147455
6854,0.00022,74.125.24.0-255,5738,20900,15,147455
6855,0.000222,172.31.36.0-255,66,20966,15,147455
6856,0.000237,172.31.36.0-255,66,21032,15,147455
6857,0.000248,172.31.36.0-255,66,21098,15,147455
6858,0.000279,74.125.24.0-255,385,21483,15,147455
6859,0.000281,172.31.36.0-255,66,21549,15,147455
6860,0.000402,74.125.24.0-255,1484,23033,15,147455
6861,0.000407,172.31.36.0-255,66,23099,15,147455
6862,0.000412,74.125.24.0-255,2902,26001,15,147455
6863,0.000414,172.31.36.0-255,66,26067,15,147455
6864,0.000417,74.125.24.0-255,1484,27551,15,147455
6865,0.000444,74.125.24.0-255,4320,31871,15,147455
6866,0.000446,172.31.36.0-255,66,31937,15,147455
6867,0.000453,74.125.24.0-255,5738,37675,15,147455
6868,0.000455,172.31.36.0-255,66,37741,15,147455
6869,0.00046,74.125.24.0-255,2902,40643,15,147455
6870,0.000462,172.31.36.0-255,66,40709,15,147455
6871,0.000503,172.31.36.0-255,66,40775,15,147455
6872,0.000508,74.125.24.0-255,3961,44736,15,147455
6873,0.000511,172.31.36.0-255,66,44802,15,147455
6874,0.000891,74.125.24.0-255,1484,46286,15,147455
6875,0.000898,74.125.24.0-255,2902,49188,15,147455
6876,0.000902,172.31.36.0-255,66,49254,15,147455
6877,0.000933,74.125.24.0-255,4320,53574,15,147455
6878,0.000935,172.31.36.0-255,66,53640,15,147455
6879,0.00096,74.125.24.0-255,1484,55124,15,147455
6880,0.000975,172.31.36.0-255,66,55190,15,147455
6881,0.000987,172.31.36.0-255,66,55256,15,147455
6882,0.001003,74.125.24.0-255,1484,56740,15,147455
6883,0.001007,74.125.24.0-255,2902,59642,15,147455
6884,0.00101,172.31.36.0-255,66,59708,15,147455
6885,0.001013,74.125.24.0-255,1484,61192,15,147455
6886,0.00103,74.125.24.0-255,4320,65512,15,147455
6887,0.001033,172.31.36.0-255,66,65578,15,147455
6888,0.001036,74.125.24.0-255,1484,67062,15,147455
6889,0.001063,172.31.36.0-255,66,67128,15,147455
6890,0.001077,172.31.36.0-255,66,67194,15,147455
6891,0.001892,74.125.24.0-255,1484,68678,15,147455
6892,0.001927,74.125.24.0-255,1484,70162,15,147455
6893,0.001931,172.31.36.0-255,66,70228,15,147455
6894,0.001937,74.125.24.0-255,2902,73130,15,147455
6895,0.001939,172.31.36.0-255,66,73196,15,147455
6896,0.001945,74.125.24.0-255,5738,78934,15,147455
6897,0.001947,172.31.36.0-255,66,79000,15,147455
6898,0.001984,172.31.36.0-255,66,79066,15,147455
6899,0.001991,74.125.24.0-255,7156,86222,15,147455
6900,0.001993,172.31.36.0-255,66,86288,15,147455
6901,0.002033,74.125.24.0-255,2184,88472,15,147455
6902,0.002036,172.31.36.0-255,66,88538,15,147455
6903,0.002096,74.125.24.0-255,1484,90022,15,147455
6904,0.0021,74.125.24.0-255,1484,91506,15,147455
6905,0.002102,172.31.36.0-255,66,91572,15,147455
6906,0.002118,74.125.24.0-255,1484,93056,15,147455
6907,0.002124,74.125.24.0-255,5738,98794,15,147455
6908,0.002127,74.125.24.0-255,1484,100278,15,147455
6909,0.002131,172.31.36.0-255,66,100344,15,147455
6910,0.002144,74.125.24.0-255,2902,103246,15,147455
6911,0.002146,172.31.36.0-255,66,103312,15,147455
6912,0.002152,74.125.24.0-255,5738,109050,15,147455
6913,0.002154,172.31.36.0-255,66,109116,15,147455
6914,0.002194,74.125.24.0-255,5738,114854,15,147455
6915,0.002198,172.31.36.0-255,66,114920,15,147455
6916,0.002212,172.31.36.0-255,66,114986,15,147455
6917,0.002231,172.31.36.0-255,66,115052,15,147455
6918,0.002237,74.125.24.0-255,4320,119372,15,147455
6919,0.00224,172.31.36.0-255,66,119438,15,147455
6920,0.002275,172.31.36.0-255,66,119504,15,147455
6921,0.002294,74.125.24.0-255,4320,123824,15,147455
6922,0.002296,172.31.36.0-255,66,123890,15,147455
6923,0.002328,172.31.36.0-255,66,123956,15,147455
6924,0.002361,172.31.36.0-255,66,124022,15,147455
6925,0.002396,74.125.24.0-255,2902,126924,15,147455
6926,0.002398,172.31.36.0-255,66,126990,15,147455
6927,0.002423,172.31.36.0-255,66,127056,15,147455
6928,0.002435,172.31.36.0-255,66,127122,15,147455
6929,0.002455,74.125.24.0-255,7156,134278,15,147455
6930,0.002458,172.31.36.0-255,66,134344,15,147455
6931,0.002494,74.125.24.0-255,6438,140782,15,147455
6932,0.002497,172.31.36.0-255,66,140848,15,147455
6933,0.002512,172.31.36.0-255,66,140914,15,147455
6934,0.00255,74.125.24.0-255,5738,146652,15,147455
6935,0.002591,74.125.24.0-255,737,147389,15,147455
6936,0.009778,172.31.36.0-255,66,147455,15,147455
6937,0.0,172.217.194.0-255,145,145,15,237018
6938,4.3e-05,172.31.36.0-255,66,211,15,237018
6939,5.1e-05,172.217.194.0-255,1484,1695,15,237018
6940,5.5e-05,172.31.36.0-255,66,1761,15,237018
6941,6e-05,172.217.194.0-255,2902,4663,15,237018
6942,6.3e-05,172.31.36.0-255,66,4729,15,237018
6943,7e-05,172.217.194.0-255,7156,11885,15,237018
6944,7.2e-05,172.31.36.0-255,66,11951,15,237018
6945,7.6e-05,172.217.194.0-255,2087,14038,15,237018
6946,7.9e-05,172.31.36.0-255,66,14104,15,237018
6947,8.5e-05,172.217.194.0-255,5738,19842,15,237018
6948,8.7e-05,172.31.36.0-255,66,19908,15,237018
6949,0.000115,172.217.194.0-255,5738,25646,15,237018
6950,0.000118,172.31.36.0-255,66,25712,15,237018
6951,0.00012,172.217.194.0-255,1484,27196,15,237018
6952,0.000122,172.31.36.0-255,66,27262,15,237018
6953,0.000144,172.217.194.0-255,3961,31223,15,237018
6954,0.000147,172.31.36.0-255,66,31289,15,237018
6955,0.000152,172.217.194.0-255,4320,35609,15,237018
6956,0.000155,172.31.36.0-255,66,35675,15,237018
6957,0.000158,172.217.194.0-255,1484,37159,15,237018
6958,0.000161,172.31.36.0-255,66,37225,15,237018
6959,0.000182,172.31.36.0-255,66,37291,15,237018
6960,0.000187,172.217.194.0-255,2543,39834,15,237018
6961,0.000189,172.31.36.0-255,66,39900,15,237018
6962,0.00023,172.217.194.0-255,5738,45638,15,237018
6963,0.000233,172.31.36.0-255,66,45704,15,237018
6964,0.000261,172.31.36.0-255,66,45770,15,237018
6965,0.000265,172.217.194.0-255,2818,48588,15,237018
6966,0.000268,172.31.36.0-255,66,48654,15,237018
6967,0.00028,172.217.194.0-255,118,48772,15,237018
6968,0.000293,172.217.194.0-255,381,49153,15,237018
6969,0.000585,172.217.194.0-255,1484,50637,15,237018
6970,0.000589,172.31.36.0-255,66,50703,15,237018
6971,0.000595,172.217.194.0-255,2902,53605,15,237018
6972,0.000597,172.31.36.0-255,66,53671,15,237018
6973,0.000623,172.217.194.0-255,2902,56573,15,237018
6974,0.000626,172.31.36.0-255,66,56639,15,237018
6975,0.000645,172.217.194.0-255,2902,59541,15,237018
6976,0.000648,172.31.36.0-255,66,59607,15,237018
6977,0.000661,172.31.36.0-255,66,59673,15,237018
6978,0.000673,172.31.36.0-255,66,59739,15,237018
6979,0.000848,172.217.194.0-255,1484,61223,15,237018
6980,0.000862,172.217.194.0-255,2902,64125,15,237018
6981,0.000866,172.31.36.0-255,66,64191,15,237018
6982,0.000881,172.217.194.0-255,5738,69929,15,237018
6983,0.000884,172.31.36.0-255,66,69995,15,237018
6984,0.000919,172.31.36.0-255,66,70061,15,237018
6985,0.000929,172.31.36.0-255,66,70127,15,237018
6986,0.000967,172.217.194.0-255,2184,72311,15,237018
6987,0.000973,172.31.36.0-255,66,72377,15,237018
6988,0.000991,172.217.194.0-255,2902,75279,15,237018
6989,0.000994,172.31.36.0-255,66,75345,15,237018
6990,0.001018,172.217.194.0-255,7156,82501,15,237018
6991,0.00102,172.217.194.0-255,1484,83985,15,237018
6992,0.001022,172.31.36.0-255,66,84051,15,237018
6993,0.001044,172.217.194.0-255,5738,89789,15,237018
6994,0.001048,172.31.36.0-255,66,89855,15,237018
6995,0.001052,172.217.194.0-255,2902,92757,15,237018
6996,0.001055,172.31.36.0-255,66,92823,15,237018
6997,0.001083,172.31.36.0-255,66,92889,15,237018
6998,0.001087,172.217.194.0-255,766,93655,15,237018
6999,0.001182,172.217.194.0-255,1484,95139,15,237018
7000,0.001186,172.31.36.0-255,66,95205,15,237018
7001,0.001208,172.217.194.0-255,2902,98107,15,237018
7002,0.001211,172.31.36.0-255,66,98173,15,237018
7003,0.001218,172.217.194.0-255,5738,103911,15,237018
7004,0.00122,172.31.36.0-255,66,103977,15,237018
7005,0.001244,172.217.194.0-255,2902,106879,15,237018
7006,0.001247,172.31.36.0-255,66,106945,15,237018
7007,0.001266,172.217.194.0-255,2902,109847,15,237018
7008,0.001269,172.31.36.0-255,66,109913,15,237018
7009,0.001275,172.217.194.0-255,5738,115651,15,237018
7010,0.001277,172.31.36.0-255,66,115717,15,237018
7011,0.001295,172.217.194.0-255,7156,122873,15,237018
7012,0.001299,172.31.36.0-255,66,122939,15,237018
7013,0.001331,172.217.194.0-255,5020,127959,15,237018
7014,0.001335,172.31.36.0-255,66,128025,15,237018
7015,0.001625,172.217.194.0-255,1484,129509,15,237018
7016,0.001646,172.217.194.0-255,2902,132411,15,237018
7017,0.001649,172.31.36.0-255,66,132477,15,237018
7018,0.001656,172.217.194.0-255,5738,138215,15,237018
7019,0.001658,172.31.36.0-255,66,138281,15,237018
7020,0.001671,172.217.194.0-255,2902,141183,15,237018
7021,0.001674,172.31.36.0-255,66,141249,15,237018
7022,0.001701,172.31.36.0-255,66,141315,15,237018
7023,0.001728,172.217.194.0-255,5738,147053,15,237018
7024,0.001731,172.31.36.0-255,66,147119,15,237018
7025,0.001747,172.217.194.0-255,5020,152139,15,237018
7026,0.001751,172.31.36.0-255,66,152205,15,237018
7027,0.001853,172.217.194.0-255,1484,153689,15,237018
7028,0.001874,172.217.194.0-255,2902,156591,15,237018
7029,0.001878,172.31.36.0-255,66,156657,15,237018
7030,0.001885,172.217.194.0-255,5738,162395,15,237018
7031,0.001888,172.31.36.0-255,66,162461,15,237018
7032,0.001943,172.31.36.0-255,66,162527,15,237018
7033,0.00195,172.217.194.0-255,5738,168265,15,237018
7034,0.001954,172.31.36.0-255,66,168331,15,237018
7035,0.002005,172.217.194.0-255,5020,173351,15,237018
7036,0.002009,172.31.36.0-255,66,173417,15,237018
7037,0.002089,172.217.194.0-255,1484,174901,15,237018
7038,0.002095,172.217.194.0-255,2902,177803,15,237018
7039,0.002098,172.31.36.0-255,66,177869,15,237018
7040,0.00212,172.217.194.0-255,5738,183607,15,237018
7041,0.002124,172.31.36.0-255,66,183673,15,237018
7042,0.00214,172.217.194.0-255,7156,190829,15,237018
7043,0.002143,172.31.36.0-255,66,190895,15,237018
7044,0.002158,172.217.194.0-255,5738,196633,15,237018
7045,0.002162,172.31.36.0-255,66,196699,15,237018
7046,0.002196,172.217.194.0-255,5738,202437,15,237018
7047,0.0022,172.31.36.0-255,66,202503,15,237018
7048,0.002221,172.217.194.0-255,5020,207523,15,237018
7049,0.002224,172.31.36.0-255,66,207589,15,237018
7050,0.002246,172.31.36.0-255,66,207655,15,237018
7051,0.002289,172.217.194.0-255,2902,210557,15,237018
7052,0.002293,172.31.36.0-255,66,210623,15,237018
7053,0.002306,172.31.36.0-255,66,210689,15,237018
7054,0.002318,172.31.36.0-255,66,210755,15,237018
7055,0.002363,172.31.36.0-255,66,210821,15,237018
7056,0.002369,172.217.194.0-255,5738,216559,15,237018
7057,0.002371,172.31.36.0-255,66,216625,15,237018
7058,0.002375,172.217.194.0-255,2902,219527,15,237018
7059,0.002378,172.31.36.0-255,66,219593,15,237018
7060,0.002404,172.31.36.0-255,66,219659,15,237018
7061,0.002409,172.217.194.0-255,3602,223261,15,237018
7062,0.002411,172.31.36.0-255,66,223327,15,237018
7063,0.002433,172.217.194.0-255,4320,227647,15,237018
7064,0.002437,172.31.36.0-255,66,227713,15,237018
7065,0.00246,172.31.36.0-255,66,227779,15,237018
7066,0.003284,172.31.36.0-255,101,227880,15,237018
7067,0.004826,172.217.194.0-255,5738,233618,15,237018
7068,0.004833,172.31.36.0-255,66,233684,15,237018
7069,0.005632,172.217.194.0-255,66,233750,15,237018
7070,0.007202,172.217.194.0-255,1484,235234,15,237018
7071,0.007217,172.217.194.0-255,1613,236847,15,237018
7072,0.007221,172.31.36.0-255,66,236913,15,237018
7073,0.009356,172.31.36.0-255,105,237018,15,237018
7074,0.0,74.125.24.0-255,150,150,15,219995
7075,1.3e-05,172.31.36.0-255,66,216,15,219995
7076,4.5e-05,74.125.24.0-255,1484,1700,15,219995
7077,4.9e-05,172.31.36.0-255,66,1766,15,219995
7078,5.6e-05,74.125.24.0-255,2902,4668,15,219995
7079,5.9e-05,172.31.36.0-255,66,4734,15,219995
7080,7.1e-05,74.125.24.0-255,4320,9054,15,219995
7081,7.4e-05,172.31.36.0-255,66,9120,15,219995
7082,9.9e-05,74.125.24.0-255,1484,10604,15,219995
7083,0.000102,172.31.36.0-255,66,10670,15,219995
7084,0.000108,74.125.24.0-255,4320,14990,15,219995
7085,0.000111,172.31.36.0-255,66,15056,15,219995
7086,0.000144,74.125.24.0-255,6347,21403,15,219995
7087,0.000147,172.31.36.0-255,66,21469,15,219995
7088,0.000154,74.125.24.0-255,7156,28625,15,219995
7089,0.000157,172.31.36.0-255,66,28691,15,219995
7090,0.000186,74.125.24.0-255,2543,31234,15,219995
7091,0.000189,172.31.36.0-255,66,31300,15,219995
7092,0.000294,74.125.24.0-255,1484,32784,15,219995
7093,0.000298,172.31.36.0-255,66,32850,15,219995
7094,0.000318,74.125.24.0-255,2902,35752,15,219995
7095,0.00032,172.31.36.0-255,66,35818,15,219995
7096,0.000327,74.125.24.0-255,5738,41556,15,219995
7097,0.00033,172.31.36.0-255,66,41622,15,219995
7098,0.000364,74.125.24.0-255,6797,48419,15,219995
7099,0.000367,172.31.36.0-255,66,48485,15,219995
7100,0.000418,172.31.36.0-255,66,48551,15,219995
7101,0.000422,74.125.24.0-255,2813,51364,15,219995
7102,0.000424,172.31.36.0-255,66,51430,15,219995
7103,0.000427,74.125.24.0-255,132,51562,15,219995
7104,0.000434,172.31.36.0-255,66,51628,15,219995
7105,0.00053,74.125.24.0-255,1484,53112,15,219995
7106,0.000537,74.125.24.0-255,2902,56014,15,219995
7107,0.00056,74.125.24.0-255,5738,61752,15,219995
7108,0.000563,74.125.24.0-255,1484,63236,15,219995
7109,0.000586,74.125.24.0-255,4320,67556,15,219995
7110,0.000609,74.125.24.0-255,5379,72935,15,219995
7111,0.000623,74.125.24.0-255,4320,77255,15,219995
7112,0.000658,172.31.36.0-255,66,77321,15,219995
7113,0.000794,74.125.24.0-255,1484,78805,15,219995
7114,0.000799,74.125.24.0-255,2902,81707,15,219995
7115,0.000817,74.125.24.0-255,2902,84609,15,219995
7116,0.000836,172.31.36.0-255,66,84675,15,219995
7117,0.000844,74.125.24.0-255,7156,91831,15,219995
7118,0.000881,172.31.36.0-255,66,91897,15,219995
7119,0.000898,74.125.24.0-255,2902,94799,15,219995
7120,0.000921,74.125.24.0-255,3602,98401,15,219995
7121,0.000926,172.31.36.0-255,66,98467,15,219995
7122,0.001136,74.125.24.0-255,1484,99951,15,219995
7123,0.001168,74.125.24.0-255,1484,101435,15,219995
7124,0.001175,172.31.36.0-255,66,101501,15,219995
7125,0.001183,74.125.24.0-255,1484,102985,15,219995
7126,0.001194,74.125.24.0-255,5738,108723,15,219995
7127,0.0012,74.125.24.0-255,7156,115879,15,219995
7128,0.001207,172.31.36.0-255,66,115945,15,219995
7129,0.001223,74.125.24.0-255,2902,118847,15,219995
7130,0.001249,74.125.24.0-255,5020,123867,15,219995
7131,0.001257,172.31.36.0-255,66,123933,15,219995
7132,0.001293,74.125.24.0-255,4320,128253,15,219995
7133,0.0013,74.125.24.0-255,5738,133991,15,219995
7134,0.001314,74.125.24.0-255,2902,136893,15,219995
7135,0.001325,172.31.36.0-255,66,136959,15,219995
7136,0.001365,172.31.36.0-255,66,137025,15,219995
7137,0.001455,74.125.24.0-255,1484,138509,15,219995
7138,0.001473,74.125.24.0-255,2902,141411,15,219995
7139,0.001494,74.125.24.0-255,4320,145731,15,219995
7140,0.001499,74.125.24.0-255,5738,151469,15,219995
7141,0.001505,172.31.36.0-255,66,151535,15,219995
7142,0.001519,172.31.36.0-255,66,151601,15,219995
7143,0.001565,74.125.24.0-255,7156,158757,15,219995
7144,0.001577,172.31.36.0-255,66,158823,15,219995
7145,0.00158,74.125.24.0-255,766,159589,15,219995
7146,0.001667,74.125.24.0-255,1484,161073,15,219995
7147,0.001688,74.125.24.0-255,2902,163975,15,219995
7148,0.001692,172.31.36.0-255,66,164041,15,219995
7149,0.001702,74.125.24.0-255,4320,168361,15,219995
7150,0.001729,172.31.36.0-255,66,168427,15,219995
7151,0.001737,74.125.24.0-255,1484,169911,15,219995
7152,0.001792,172.31.36.0-255,66,169977,15,219995
7153,0.00181,172.31.36.0-255,66,170043,15,219995
7154,0.001839,74.125.24.0-255,4320,174363,15,219995
7155,0.001871,74.125.24.0-255,766,175129,15,219995
7156,0.001884,172.31.36.0-255,66,175195,15,219995
7157,0.001894,74.125.24.0-255,2902,178097,15,219995
7158,0.001967,74.125.24.0-255,7156,185253,15,219995
7159,0.001985,74.125.24.0-255,2902,188155,15,219995
7160,0.002024,74.125.24.0-255,4320,192475,15,219995
7161,0.002026,74.125.24.0-255,1484,193959,15,219995
7162,0.002048,172.31.36.0-255,66,194025,15,219995
7163,0.002061,74.125.24.0-255,7156,201181,15,219995
7164,0.002072,172.31.36.0-255,66,201247,15,219995
7165,0.002087,74.125.24.0-255,5020,206267,15,219995
7166,0.002093,74.125.24.0-255,4320,210587,15,219995
7167,0.002098,74.125.24.0-255,4320,214907,15,219995
7168,0.002122,74.125.24.0-255,4851,219758,15,219995
7169,0.002125,172.31.36.0-255,66,219824,15,219995
7170,0.00213,172.31.36.0-255,66,219890,15,219995
7171,0.00216,74.125.24.0-255,105,219995,15,219995
7172,0.0,74.125.24.0-255,154,154,15,142928
7173,1.7e-05,172.31.36.0-255,66,220,15,142928
7174,2.4e-05,74.125.24.0-255,1484,1704,15,142928
7175,3e-05,172.31.36.0-255,66,1770,15,142928
7176,3.6e-05,74.125.24.0-255,2902,4672,15,142928
7177,4.9e-05,172.31.36.0-255,66,4738,15,142928
7178,5.7e-05,74.125.24.0-255,7156,11894,15,142928
7179,6.1e-05,172.31.36.0-255,66,11960,15,142928
7180,6.6e-05,74.125.24.0-255,2018,13978,15,142928
7181,6.8e-05,172.31.36.0-255,66,14044,15,142928
7182,0.000249,74.125.24.0-255,1484,15528,15,142928
7183,0.000253,172.31.36.0-255,66,15594,15,142928
7184,0.00026,74.125.24.0-255,2902,18496,15,142928
7185,0.000262,172.31.36.0-255,66,18562,15,142928
7186,0.000298,74.125.24.0-255,5738,24300,15,142928
7187,0.000301,172.31.36.0-255,66,24366,15,142928
7188,0.000309,74.125.24.0-255,6797,31163,15,142928
7189,0.000311,172.31.36.0-255,66,31229,15,142928
7190,0.000323,74.125.24.0-255,7156,38385,15,142928
7191,0.000326,172.31.36.0-255,66,38451,15,142928
7192,0.000359,172.31.36.0-255,66,38517,15,142928
7193,0.000391,74.125.24.0-255,7156,45673,15,142928
7194,0.000393,172.31.36.0-255,66,45739,15,142928
7195,0.000431,172.31.36.0-255,66,45805,15,142928
7196,0.000724,74.125.24.0-255,393,46198,15,142928
7197,0.000729,172.31.36.0-255,66,46264,15,142928
7198,0.000775,74.125.24.0-255,116,46380,15,142928
7199,0.000779,172.31.36.0-255,66,46446,15,142928
7200,0.000891,74.125.24.0-255,1484,47930,15,142928
7201,0.000895,172.31.36.0-255,66,47996,15,142928
7202,0.000902,74.125.24.0-255,2902,50898,15,142928
7203,0.000905,172.31.36.0-255,66,50964,15,142928
7204,0.000916,74.125.24.0-255,5738,56702,15,142928
7205,0.000918,172.31.36.0-255,66,56768,15,142928
7206,0.000922,74.125.24.0-255,1484,58252,15,142928
7207,0.000926,74.125.24.0-255,1484,59736,15,142928
7208,0.000928,172.31.36.0-255,66,59802,15,142928
7209,0.000989,172.31.36.0-255,66,59868,15,142928
7210,0.000997,172.31.36.0-255,66,59934,15,142928
7211,0.001291,74.125.24.0-255,1484,61418,15,142928
7212,0.001298,74.125.24.0-255,2902,64320,15,142928
7213,0.001301,172.31.36.0-255,66,64386,15,142928
7214,0.001309,74.125.24.0-255,5738,70124,15,142928
7215,0.001311,172.31.36.0-255,66,70190,15,142928
7216,0.001316,74.125.24.0-255,2902,73092,15,142928
7217,0.001324,172.31.36.0-255,66,73158,15,142928
7218,0.001362,74.125.24.0-255,2902,76060,15,142928
7219,0.001365,172.31.36.0-255,66,76126,15,142928
7220,0.001384,172.31.36.0-255,66,76192,15,142928
7221,0.001413,74.125.24.0-255,5020,81212,15,142928
7222,0.001416,172.31.36.0-255,66,81278,15,142928
7223,0.001838,74.125.24.0-255,1484,82762,15,142928
7224,0.001847,74.125.24.0-255,2902,85664,15,142928
7225,0.001851,172.31.36.0-255,66,85730,15,142928
7226,0.001883,74.125.24.0-255,5738,91468,15,142928
7227,0.001886,172.31.36.0-255,66,91534,15,142928
7228,0.001904,172.31.36.0-255,66,91600,15,142928
7229,0.001912,74.125.24.0-255,7156,98756,15,142928
7230,0.001914,172.31.36.0-255,66,98822,15,142928
7231,0.001973,172.31.36.0-255,66,98888,15,142928
7232,0.001986,172.31.36.0-255,66,98954,15,142928
7233,0.002022,74.125.24.0-255,4320,103274,15,142928
7234,0.002024,172.31.36.0-255,66,103340,15,142928
7235,0.002052,74.125.24.0-255,766,104106,15,142928
7236,0.00221,74.125.24.0-255,1484,105590,15,142928
7237,0.002216,172.31.36.0-255,66,105656,15,142928
7238,0.002222,74.125.24.0-255,2902,108558,15,142928
7239,0.002225,172.31.36.0-255,66,108624,15,142928
7240,0.002236,74.125.24.0-255,5738,114362,15,142928
7241,0.002239,172.31.36.0-255,66,114428,15,142928
7242,0.002242,74.125.24.0-255,1484,115912,15,142928
7243,0.002285,172.31.36.0-255,66,115978,15,142928
7244,0.002292,74.125.24.0-255,7156,123134,15,142928
7245,0.002294,172.31.36.0-255,66,123200,15,142928
7246,0.002299,74.125.24.0-255,3602,126802,15,142928
7247,0.002306,172.31.36.0-255,66,126868,15,142928
7248,0.004567,74.125.24.0-255,4320,131188,15,142928
7249,0.004575,172.31.36.0-255,66,131254,15,142928
7250,0.004608,74.125.24.0-255,1484,132738,15,142928
7251,0.006853,74.125.24.0-255,4320,137058,15,142928
7252,0.006859,172.31.36.0-255,66,137124,15,142928
7253,0.009119,74.125.24.0-255,5738,142862,15,142928
7254,0.009124,172.31.36.0-255,66,142928,15,142928
7255,0.0,172.217.194.0-255,149,149,15,171679
7256,2.5e-05,172.31.36.0-255,66,215,15,171679
7257,3.2e-05,172.217.194.0-255,1484,1699,15,171679
7258,3.5e-05,172.31.36.0-255,66,1765,15,171679
7259,3.9e-05,172.217.194.0-255,1484,3249,15,171679
7260,4.1e-05,172.31.36.0-255,66,3315,15,171679
7261,8e-05,172.217.194.0-255,1484,4799,15,171679
7262,8.5e-05,172.31.36.0-255,66,4865,15,171679
7263,9.5e-05,172.217.194.0-255,7156,12021,15,171679
7264,9.7e-05,172.31.36.0-255,66,12087,15,171679
7265,0.000117,172.31.36.0-255,66,12153,15,171679
7266,0.000154,172.217.194.0-255,6797,18950,15,171679
7267,0.000159,172.31.36.0-255,66,19016,15,171679
7268,0.0002,172.217.194.0-255,1484,20500,15,171679
7269,0.000202,172.31.36.0-255,66,20566,15,171679
7270,0.000233,172.217.194.0-255,2902,23468,15,171679
7271,0.000235,172.31.36.0-255,66,23534,15,171679
7272,0.000242,172.217.194.0-255,5738,29272,15,171679
7273,0.000246,172.217.194.0-255,4320,33592,15,171679
7274,0.000246,172.31.36.0-255,66,33658,15,171679
7275,0.00025,172.31.36.0-255,66,33724,15,171679
7276,0.000284,172.217.194.0-255,2543,36267,15,171679
7277,0.000287,172.31.36.0-255,66,36333,15,171679
7278,0.000292,172.217.194.0-255,2902,39235,15,171679
7279,0.000295,172.31.36.0-255,66,39301,15,171679
7280,0.000298,172.217.194.0-255,1484,40785,15,171679
7281,0.0003,172.31.36.0-255,66,40851,15,171679
7282,0.000337,172.217.194.0-255,5738,46589,15,171679
7283,0.000341,172.31.36.0-255,66,46655,15,171679
7284,0.000349,172.217.194.0-255,7090,53745,15,171679
7285,0.000353,172.31.36.0-255,66,53811,15,171679
7286,0.000377,172.217.194.0-255,383,54194,15,171679
7287,0.000415,172.217.194.0-255,1484,55678,15,171679
7288,0.000419,172.31.36.0-255,66,55744,15,171679
7289,0.000441,172.217.194.0-255,4320,60064,15,171679
7290,0.000444,172.31.36.0-255,66,60130,15,171679
7291,0.00045,172.217.194.0-255,4320,64450,15,171679
7292,0.000453,172.31.36.0-255,66,64516,15,171679
7293,0.000485,172.217.194.0-255,2902,67418,15,171679
7294,0.000488,172.31.36.0-255,66,67484,15,171679
7295,0.000493,172.217.194.0-255,2902,70386,15,171679
7296,0.000495,172.31.36.0-255,66,70452,15,171679
7297,0.000537,172.31.36.0-255,66,70518,15,171679
7298,0.000547,172.31.36.0-255,66,70584,15,171679
7299,0.000867,172.217.194.0-255,1484,72068,15,171679
7300,0.000873,172.217.194.0-255,2902,74970,15,171679
7301,0.000877,172.31.36.0-255,66,75036,15,171679
7302,0.000898,172.217.194.0-255,5738,80774,15,171679
7303,0.000901,172.31.36.0-255,66,80840,15,171679
7304,0.000907,172.217.194.0-255,4320,85160,15,171679
7305,0.000909,172.31.36.0-255,66,85226,15,171679
7306,0.000954,172.31.36.0-255,66,85292,15,171679
7307,0.000971,172.31.36.0-255,66,85358,15,171679
7308,0.001041,172.217.194.0-255,1484,86842,15,171679
7309,0.001045,172.217.194.0-255,1484,88326,15,171679
7310,0.001048,172.31.36.0-255,66,88392,15,171679
7311,0.001058,172.217.194.0-255,1484,89876,15,171679
7312,0.001063,172.217.194.0-255,2902,92778,15,171679
7313,0.00107,172.31.36.0-255,66,92844,15,171679
7314,0.001101,172.217.194.0-255,2902,95746,15,171679
7315,0.001104,172.31.36.0-255,66,95812,15,171679
7316,0.001116,172.31.36.0-255,66,95878,15,171679
7317,0.001168,172.31.36.0-255,66,95944,15,171679
7318,0.001357,172.217.194.0-255,1484,97428,15,171679
7319,0.001384,172.217.194.0-255,2902,100330,15,171679
7320,0.001387,172.31.36.0-255,66,100396,15,171679
7321,0.001394,172.217.194.0-255,5738,106134,15,171679
7322,0.001396,172.31.36.0-255,66,106200,15,171679
7323,0.001401,172.217.194.0-255,4320,110520,15,171679
7324,0.001404,172.31.36.0-255,66,110586,15,171679
7325,0.001443,172.31.36.0-255,66,110652,15,171679
7326,0.001449,172.217.194.0-255,4320,114972,15,171679
7327,0.001451,172.31.36.0-255,66,115038,15,171679
7328,0.001479,172.217.194.0-255,6438,121476,15,171679
7329,0.001487,172.31.36.0-255,66,121542,15,171679
7330,0.001513,172.217.194.0-255,1484,123026,15,171679
7331,0.001519,172.217.194.0-255,2902,125928,15,171679
7332,0.001523,172.31.36.0-255,66,125994,15,171679
7333,0.001524,172.217.194.0-255,5738,131732,15,171679
7334,0.001527,172.31.36.0-255,66,131798,15,171679
7335,0.001565,172.217.194.0-255,7156,138954,15,171679
7336,0.001568,172.31.36.0-255,66,139020,15,171679
7337,0.001583,172.31.36.0-255,66,139086,15,171679
7338,0.001587,172.217.194.0-255,2184,141270,15,171679
7339,0.001589,172.31.36.0-255,66,141336,15,171679
7340,0.001658,172.217.194.0-255,1484,142820,15,171679
7341,0.001664,172.217.194.0-255,2902,145722,15,171679
7342,0.001667,172.31.36.0-255,66,145788,15,171679
7343,0.001696,172.217.194.0-255,5738,151526,15,171679
7344,0.001699,172.31.36.0-255,66,151592,15,171679
7345,0.001725,172.31.36.0-255,66,151658,15,171679
7346,0.001755,172.217.194.0-255,5738,157396,15,171679
7347,0.001759,172.31.36.0-255,66,157462,15,171679
7348,0.001786,172.31.36.0-255,66,157528,15,171679
7349,0.001791,172.217.194.0-255,2902,160430,15,171679
7350,0.001793,172.31.36.0-255,66,160496,15,171679
7351,0.001837,172.31.36.0-255,66,160562,15,171679
7352,0.001849,172.31.36.0-255,66,160628,15,171679
7353,0.001854,172.217.194.0-255,4320,164948,15,171679
7354,0.001861,172.31.36.0-255,66,165014,15,171679
7355,0.001911,172.31.36.0-255,66,165080,15,171679
7356,0.001956,172.31.36.0-255,66,165146,15,171679
7357,0.001978,172.217.194.0-255,2184,167330,15,171679
7358,0.001988,172.31.36.0-255,66,167396,15,171679
7359,0.002016,172.31.36.0-255,66,167462,15,171679
7360,0.002029,172.31.36.0-255,66,167528,15,171679
7361,0.002062,172.217.194.0-255,3712,171240,15,171679
7362,0.002067,172.217.194.0-255,97,171337,15,171679
7363,0.002069,172.217.194.0-255,105,171442,15,171679
7364,0.002075,172.31.36.0-255,66,171508,15,171679
7365,0.003544,172.31.36.0-255,105,171613,15,171679
7366,0.00608,172.217.194.0-255,66,171679,15,171679
7367,0.0,172.217.194.0-255,152,152,15,204241
7368,2.3e-05,172.31.36.0-255,66,218,15,204241
7369,3.1e-05,172.217.194.0-255,1484,1702,15,204241
7370,3.5e-05,172.31.36.0-255,66,1768,15,204241
7371,4.1e-05,172.217.194.0-255,2902,4670,15,204241
7372,4.5e-05,172.31.36.0-255,66,4736,15,204241
7373,5.3e-05,172.217.194.0-255,7156,11892,15,204241
7374,5.6e-05,172.31.36.0-255,66,11958,15,204241
7375,8.1e-05,172.217.194.0-255,1934,13892,15,204241
7376,8.4e-05,172.31.36.0-255,66,13958,15,204241
7377,0.000193,172.217.194.0-255,1484,15442,15,204241
7378,0.000196,172.31.36.0-255,66,15508,15,204241
7379,0.000202,172.217.194.0-255,2902,18410,15,204241
7380,0.000205,172.31.36.0-255,66,18476,15,204241
7381,0.000235,172.217.194.0-255,5738,24214,15,204241
7382,0.000238,172.31.36.0-255,66,24280,15,204241
7383,0.000244,172.217.194.0-255,5738,30018,15,204241
7384,0.000246,172.31.36.0-255,66,30084,15,204241
7385,0.000268,172.217.194.0-255,1125,31209,15,204241
7386,0.00027,172.31.36.0-255,66,31275,15,204241
7387,0.000274,172.217.194.0-255,1484,32759,15,204241
7388,0.000276,172.31.36.0-255,66,32825,15,204241
7389,0.000288,172.217.194.0-255,1484,34309,15,204241
7390,0.00029,172.31.36.0-255,66,34375,15,204241
7391,0.000306,172.217.194.0-255,2902,37277,15,204241
7392,0.000309,172.31.36.0-255,66,37343,15,204241
7393,0.000329,172.217.194.0-255,5738,43081,15,204241
7394,0.000331,172.31.36.0-255,66,43147,15,204241
7395,0.000356,172.217.194.0-255,4320,47467,15,204241
7396,0.000359,172.31.36.0-255,66,47533,15,204241
7397,0.000362,172.217.194.0-255,1125,48658,15,204241
7398,0.000364,172.31.36.0-255,66,48724,15,204241
7399,0.000379,172.31.36.0-255,66,48790,15,204241
7400,0.000384,172.217.194.0-255,3961,52751,15,204241
7401,0.000386,172.31.36.0-255,66,52817,15,204241
7402,0.000418,172.217.194.0-255,381,53198,15,204241
7403,0.000726,172.217.194.0-255,363,53561,15,204241
7404,0.000903,172.217.194.0-255,1484,55045,15,204241
7405,0.000908,172.31.36.0-255,66,55111,15,204241
7406,0.000913,172.217.194.0-255,2902,58013,15,204241
7407,0.000915,172.31.36.0-255,66,58079,15,204241
7408,0.000922,172.217.194.0-255,5738,63817,15,204241
7409,0.000924,172.31.36.0-255,66,63883,15,204241
7410,0.00095,172.217.194.0-255,5738,69621,15,204241
7411,0.000953,172.31.36.0-255,66,69687,15,204241
7412,0.000979,172.217.194.0-255,7156,76843,15,204241
7413,0.000983,172.31.36.0-255,66,76909,15,204241
7414,0.000999,172.217.194.0-255,1484,78393,15,204241
7415,0.001014,172.217.194.0-255,4320,82713,15,204241
7416,0.001017,172.31.36.0-255,66,82779,15,204241
7417,0.001038,172.217.194.0-255,5020,87799,15,204241
7418,0.001041,172.31.36.0-255,66,87865,15,204241
7419,0.001261,172.217.194.0-255,1484,89349,15,204241
7420,0.001268,172.217.194.0-255,2902,92251,15,204241
7421,0.001271,172.31.36.0-255,66,92317,15,204241
7422,0.001278,172.217.194.0-255,5738,98055,15,204241
7423,0.00128,172.31.36.0-255,66,98121,15,204241
7424,0.001286,172.217.194.0-255,4320,102441,15,204241
7425,0.001289,172.31.36.0-255,66,102507,15,204241
7426,0.001335,172.217.194.0-255,7156,109663,15,204241
7427,0.00134,172.217.194.0-255,3602,113265,15,204241
7428,0.001349,172.31.36.0-255,66,113331,15,204241
7429,0.001353,172.31.36.0-255,66,113397,15,204241
7430,0.001356,172.31.36.0-255,66,113463,15,204241
7431,0.001392,172.217.194.0-255,1484,114947,15,204241
7432,0.001411,172.217.194.0-255,2902,117849,15,204241
7433,0.001414,172.31.36.0-255,66,117915,15,204241
7434,0.001421,172.217.194.0-255,5738,123653,15,204241
7435,0.001424,172.31.36.0-255,66,123719,15,204241
7436,0.001479,172.31.36.0-255,66,123785,15,204241
7437,0.001499,172.217.194.0-255,1484,125269,15,204241
7438,0.001507,172.217.194.0-255,7156,132425,15,204241
7439,0.00151,172.31.36.0-255,66,132491,15,204241
7440,0.001515,172.217.194.0-255,4320,136811,15,204241
7441,0.001518,172.31.36.0-255,66,136877,15,204241
7442,0.001543,172.217.194.0-255,4320,141197,15,204241
7443,0.001546,172.31.36.0-255,66,141263,15,204241
7444,0.001559,172.217.194.0-255,2902,144165,15,204241
7445,0.001561,172.31.36.0-255,66,144231,15,204241
7446,0.001595,172.31.36.0-255,66,144297,15,204241
7447,0.001611,172.31.36.0-255,66,144363,15,204241
7448,0.001625,172.31.36.0-255,66,144429,15,204241
7449,0.001656,172.217.194.0-255,2902,147331,15,204241
7450,0.001672,172.217.194.0-255,2184,149515,15,204241
7451,0.001676,172.217.194.0-255,2902,152417,15,204241
7452,0.001683,172.217.194.0-255,5738,158155,15,204241
7453,0.001692,172.31.36.0-255,66,158221,15,204241
7454,0.001695,172.31.36.0-255,66,158287,15,204241
7455,0.001699,172.31.36.0-255,66,158353,15,204241
7456,0.001702,172.31.36.0-255,66,158419,15,204241
7457,0.001705,172.31.36.0-255,66,158485,15,204241
7458,0.001708,172.217.194.0-255,1484,159969,15,204241
7459,0.001714,172.217.194.0-255,4320,164289,15,204241
7460,0.001717,172.31.36.0-255,66,164355,15,204241
7461,0.00175,172.31.36.0-255,66,164421,15,204241
7462,0.001761,172.31.36.0-255,66,164487,15,204241
7463,0.001791,172.217.194.0-255,1484,165971,15,204241
7464,0.001795,172.217.194.0-255,1484,167455,15,204241
7465,0.001797,172.31.36.0-255,66,167521,15,204241
7466,0.001814,172.217.194.0-255,1484,169005,15,204241
7467,0.001829,172.217.194.0-255,4320,173325,15,204241
7468,0.001832,172.31.36.0-255,66,173391,15,204241
7469,0.001843,172.217.194.0-255,1484,174875,15,204241
7470,0.001847,172.217.194.0-255,1484,176359,15,204241
7471,0.001849,172.31.36.0-255,66,176425,15,204241
7472,0.001856,172.217.194.0-255,5738,182163,15,204241
7473,0.001859,172.31.36.0-255,66,182229,15,204241
7474,0.001878,172.217.194.0-255,2902,185131,15,204241
7475,0.001881,172.31.36.0-255,66,185197,15,204241
7476,0.0019,172.31.36.0-255,66,185263,15,204241
7477,0.001925,172.217.194.0-255,766,186029,15,204241
7478,0.001929,172.217.194.0-255,1484,187513,15,204241
7479,0.001931,172.31.36.0-255,66,187579,15,204241
7480,0.001939,172.217.194.0-255,7156,194735,15,204241
7481,0.001941,172.31.36.0-255,66,194801,15,204241
7482,0.001963,172.217.194.0-255,5738,200539,15,204241
7483,0.001966,172.31.36.0-255,66,200605,15,204241
7484,0.002003,172.31.36.0-255,66,200671,15,204241
7485,0.002015,172.31.36.0-255,66,200737,15,204241
7486,0.002036,172.31.36.0-255,66,200803,15,204241
7487,0.00205,172.31.36.0-255,66,200869,15,204241
7488,0.002095,172.217.194.0-255,2902,203771,15,204241
7489,0.002098,172.31.36.0-255,66,203837,15,204241
7490,0.002122,172.31.36.0-255,66,203903,15,204241
7491,0.002132,172.31.36.0-255,66,203969,15,204241
7492,0.002135,172.217.194.0-255,105,204074,15,204241
7493,0.00286,172.31.36.0-255,101,204175,15,204241
7494,0.005152,172.217.194.0-255,66,204241,15,204241
7495,0.0,172.217.194.0-255,153,153,15,160847
7496,3.1e-05,172.31.36.0-255,66,219,15,160847
7497,3.8e-05,172.217.194.0-255,1484,1703,15,160847
7498,4.2e-05,172.31.36.0-255,66,1769,15,160847
7499,4.7e-05,172.217.194.0-255,2902,4671,15,160847
7500,5e-05,172.31.36.0-255,66,4737,15,160847
7501,5.6e-05,172.217.194.0-255,5738,10475,15,160847
7502,5.9e-05,172.31.36.0-255,66,10541,15,160847
7503,7e-05,172.31.36.0-255,66,10607,15,160847
7504,7.3e-05,172.217.194.0-255,1484,12091,15,160847
7505,7.7e-05,172.31.36.0-255,66,12157,15,160847
7506,0.000111,172.31.36.0-255,66,12223,15,160847
7507,0.000122,172.31.36.0-255,66,12289,15,160847
7508,0.000129,172.217.194.0-255,6797,19086,15,160847
7509,0.000131,172.31.36.0-255,66,19152,15,160847
7510,0.000171,172.217.194.0-255,1484,20636,15,160847
7511,0.000175,172.31.36.0-255,66,20702,15,160847
7512,0.000179,172.217.194.0-255,2902,23604,15,160847
7513,0.000181,172.31.36.0-255,66,23670,15,160847
7514,0.000187,172.217.194.0-255,5738,29408,15,160847
7515,0.00019,172.31.36.0-255,66,29474,15,160847
7516,0.000225,172.217.194.0-255,2902,32376,15,160847
7517,0.000227,172.31.36.0-255,66,32442,15,160847
7518,0.000242,172.217.194.0-255,4260,36702,15,160847
7519,0.000245,172.31.36.0-255,66,36768,15,160847
7520,0.000326,172.217.194.0-255,378,37146,15,160847
7521,0.00033,172.31.36.0-255,66,37212,15,160847
7522,0.000478,172.217.194.0-255,1484,38696,15,160847
7523,0.000482,172.31.36.0-255,66,38762,15,160847
7524,0.000487,172.217.194.0-255,2902,41664,15,160847
7525,0.00049,172.31.36.0-255,66,41730,15,160847
7526,0.000492,172.217.194.0-255,5738,47468,15,160847
7527,0.000495,172.31.36.0-255,66,47534,15,160847
7528,0.000549,172.217.194.0-255,2902,50436,15,160847
7529,0.000553,172.31.36.0-255,66,50502,15,160847
7530,0.000572,172.217.194.0-255,3412,53914,15,160847
7531,0.000575,172.31.36.0-255,66,53980,15,160847
7532,0.000697,172.217.194.0-255,1484,55464,15,160847
7533,0.000703,172.217.194.0-255,2902,58366,15,160847
7534,0.000706,172.31.36.0-255,66,58432,15,160847
7535,0.000709,172.217.194.0-255,1484,59916,15,160847
7536,0.00073,172.217.194.0-255,4320,64236,15,160847
7537,0.000733,172.31.36.0-255,66,64302,15,160847
7538,0.000738,172.217.194.0-255,4320,68622,15,160847
7539,0.00074,172.31.36.0-255,66,68688,15,160847
7540,0.000765,172.31.36.0-255,66,68754,15,160847
7541,0.000789,172.217.194.0-255,4320,73074,15,160847
7542,0.000792,172.31.36.0-255,66,73140,15,160847
7543,0.000815,172.217.194.0-255,6438,79578,15,160847
7544,0.000818,172.31.36.0-255,66,79644,15,160847
7545,0.001117,172.217.194.0-255,1484,81128,15,160847
7546,0.001124,172.217.194.0-255,2902,84030,15,160847
7547,0.001127,172.31.36.0-255,66,84096,15,160847
7548,0.001153,172.217.194.0-255,5738,89834,15,160847
7549,0.001156,172.31.36.0-255,66,89900,15,160847
7550,0.001167,172.31.36.0-255,66,89966,15,160847
7551,0.001224,172.31.36.0-255,66,90032,15,160847
7552,0.001654,172.217.194.0-255,1484,91516,15,160847
7553,0.001665,172.217.194.0-255,2902,94418,15,160847
7554,0.001669,172.31.36.0-255,66,94484,15,160847
7555,0.001676,172.217.194.0-255,5738,100222,15,160847
7556,0.001679,172.31.36.0-255,66,100288,15,160847
7557,0.001698,172.217.194.0-255,1484,101772,15,160847
7558,0.00173,172.31.36.0-255,66,101838,15,160847
7559,0.001741,172.31.36.0-255,66,101904,15,160847
7560,0.001764,172.217.194.0-255,2184,104088,15,160847
7561,0.001767,172.31.36.0-255,66,104154,15,160847
7562,0.001829,172.217.194.0-255,1484,105638,15,160847
7563,0.001834,172.217.194.0-255,2902,108540,15,160847
7564,0.001837,172.31.36.0-255,66,108606,15,160847
7565,0.001845,172.217.194.0-255,5738,114344,15,160847
7566,0.001847,172.31.36.0-255,66,114410,15,160847
7567,0.001884,172.31.36.0-255,66,114476,15,160847
7568,0.001905,172.217.194.0-255,2902,117378,15,160847
7569,0.001908,172.31.36.0-255,66,117444,15,160847
7570,0.001911,172.217.194.0-255,1484,118928,15,160847
7571,0.001915,172.217.194.0-255,2902,121830,15,160847
7572,0.001917,172.31.36.0-255,66,121896,15,160847
7573,0.001934,172.217.194.0-255,6438,128334,15,160847
7574,0.001937,172.31.36.0-255,66,128400,15,160847
7575,0.00194,172.217.194.0-255,1484,129884,15,160847
7576,0.001973,172.31.36.0-255,66,129950,15,160847
7577,0.001978,172.217.194.0-255,4320,134270,15,160847
7578,0.00198,172.31.36.0-255,66,134336,15,160847
7579,0.002023,172.217.194.0-255,5738,140074,15,160847
7580,0.002159,172.217.194.0-255,1484,141558,15,160847
7581,0.00227,172.217.194.0-255,6438,147996,15,160847
7582,0.002275,172.217.194.0-255,3602,151598,15,160847
7583,0.002301,172.217.194.0-255,7156,158754,15,160847
7584,0.002319,172.217.194.0-255,1619,160373,15,160847
7585,0.002322,172.217.194.0-255,97,160470,15,160847
7586,0.007277,172.31.36.0-255,66,160536,15,160847
7587,0.008461,172.31.36.0-255,101,160637,15,160847
7588,0.009522,172.217.194.0-255,105,160742,15,160847
7589,0.00959,172.31.36.0-255,105,160847,15,160847
7590,0.0,74.125.130.0-255,155,155,15,190061
7591,2.6e-05,172.31.36.0-255,66,221,15,190061
7592,3.3e-05,74.125.130.0-255,1484,1705,15,190061
7593,3.7e-05,172.31.36.0-255,66,1771,15,190061
7594,4.4e-05,74.125.130.0-255,2902,4673,15,190061
7595,4.7e-05,172.31.36.0-255,66,4739,15,190061
7596,8.1e-05,74.125.130.0-255,2902,7641,15,190061
7597,8.4e-05,172.31.36.0-255,66,7707,15,190061
7598,0.000104,74.125.130.0-255,2902,10609,15,190061
7599,0.000107,172.31.36.0-255,66,10675,15,190061
7600,0.000109,74.125.130.0-255,1484,12159,15,190061
7601,0.000111,172.31.36.0-255,66,12225,15,190061
7602,0.000117,74.125.130.0-255,2111,14336,15,190061
7603,0.00012,172.31.36.0-255,66,14402,15,190061
7604,0.000141,74.125.130.0-255,5738,20140,15,190061
7605,0.000144,172.31.36.0-255,66,20206,15,190061
7606,0.000149,74.125.130.0-255,2902,23108,15,190061
7607,0.00015,172.31.36.0-255,66,23174,15,190061
7608,0.000155,74.125.130.0-255,4320,27494,15,190061
7609,0.000158,172.31.36.0-255,66,27560,15,190061
7610,0.000181,74.125.130.0-255,1484,29044,15,190061
7611,0.000183,172.31.36.0-255,66,29110,15,190061
7612,0.000206,74.125.130.0-255,2543,31653,15,190061
7613,0.000209,172.31.36.0-255,66,31719,15,190061
7614,0.000484,74.125.130.0-255,1484,33203,15,190061
7615,0.000491,172.31.36.0-255,66,33269,15,190061
7616,0.000508,74.125.130.0-255,2902,36171,15,190061
7617,0.000511,172.31.36.0-255,66,36237,15,190061
7618,0.000517,74.125.130.0-255,4320,40557,15,190061
7619,0.000519,172.31.36.0-255,66,40623,15,190061
7620,0.000543,74.125.130.0-255,2902,43525,15,190061
7621,0.000545,172.31.36.0-255,66,43591,15,190061
7622,0.000569,74.125.130.0-255,6797,50388,15,190061
7623,0.000571,172.31.36.0-255,66,50454,15,190061
7624,0.000576,74.125.130.0-255,2902,53356,15,190061
7625,0.000578,172.31.36.0-255,66,53422,15,190061
7626,0.000583,74.125.130.0-255,4320,57742,15,190061
7627,0.000586,172.31.36.0-255,66,57808,15,190061
7628,0.000589,74.125.130.0-255,1484,59292,15,190061
7629,0.000621,74.125.130.0-255,7084,66376,15,190061
7630,0.000624,172.31.36.0-255,66,66442,15,190061
7631,0.000864,74.125.130.0-255,103,66545,15,190061
7632,0.001046,172.31.36.0-255,66,66611,15,190061
7633,0.001121,74.125.130.0-255,1484,68095,15,190061
7634,0.001163,74.125.130.0-255,1484,69579,15,190061
7635,0.001166,172.31.36.0-255,66,69645,15,190061
7636,0.001185,74.125.130.0-255,1484,71129,15,190061
7637,0.00119,74.125.130.0-255,4320,75449,15,190061
7638,0.001192,172.31.36.0-255,66,75515,15,190061
7639,0.00121,74.125.130.0-255,1484,76999,15,190061
7640,0.001222,74.125.130.0-255,1484,78483,15,190061
7641,0.001224,172.31.36.0-255,66,78549,15,190061
7642,0.001261,74.125.130.0-255,1484,80033,15,190061
7643,0.001294,74.125.130.0-255,2902,82935,15,190061
7644,0.001297,172.31.36.0-255,66,83001,15,190061
7645,0.001327,74.125.130.0-255,1484,84485,15,190061
7646,0.00135,74.125.130.0-255,2543,87028,15,190061
7647,0.001353,172.31.36.0-255,66,87094,15,190061
7648,0.001365,172.31.36.0-255,66,87160,15,190061
7649,0.001372,74.125.130.0-255,5379,92539,15,190061
7650,0.001374,172.31.36.0-255,66,92605,15,190061
7651,0.001537,74.125.130.0-255,1484,94089,15,190061
7652,0.001542,74.125.130.0-255,1484,95573,15,190061
7653,0.001546,172.31.36.0-255,66,95639,15,190061
7654,0.001553,74.125.130.0-255,2902,98541,15,190061
7655,0.001555,172.31.36.0-255,66,98607,15,190061
7656,0.001577,74.125.130.0-255,5738,104345,15,190061
7657,0.001579,172.31.36.0-255,66,104411,15,190061
7658,0.001582,74.125.130.0-255,1484,105895,15,190061
7659,0.001618,172.31.36.0-255,66,105961,15,190061
7660,0.001626,74.125.130.0-255,7156,113117,15,190061
7661,0.001628,172.31.36.0-255,66,113183,15,190061
7662,0.001645,74.125.130.0-255,2184,115367,15,190061
7663,0.001648,172.31.36.0-255,66,115433,15,190061
7664,0.001711,74.125.130.0-255,1484,116917,15,190061
7665,0.001732,74.125.130.0-255,2902,119819,15,190061
7666,0.001735,172.31.36.0-255,66,119885,15,190061
7667,0.001741,74.125.130.0-255,5738,125623,15,190061
7668,0.001744,172.31.36.0-255,66,125689,15,190061
7669,0.001747,74.125.130.0-255,1484,127173,15,190061
7670,0.001769,172.31.36.0-255,66,127239,15,190061
7671,0.001776,74.125.130.0-255,5738,132977,15,190061
7672,0.001779,172.31.36.0-255,66,133043,15,190061
7673,0.001794,74.125.130.0-255,5738,138781,15,190061
7674,0.001797,172.31.36.0-255,66,138847,15,190061
7675,0.001821,74.125.130.0-255,4320,143167,15,190061
7676,0.001825,172.31.36.0-255,66,143233,15,190061
7677,0.001852,172.31.36.0-255,66,143299,15,190061
7678,0.001909,74.125.130.0-255,5738,149037,15,190061
7679,0.001913,172.31.36.0-255,66,149103,15,190061
7680,0.001944,172.31.36.0-255,66,149169,15,190061
7681,0.001955,172.31.36.0-255,66,149235,15,190061
7682,0.001958,74.125.130.0-255,1484,150719,15,190061
7683,0.001963,74.125.130.0-255,2902,153621,15,190061
7684,0.001965,172.31.36.0-255,66,153687,15,190061
7685,0.001993,74.125.130.0-255,5738,159425,15,190061
7686,0.001996,172.31.36.0-255,66,159491,15,190061
7687,0.001999,74.125.130.0-255,1484,160975,15,190061
7688,0.002019,74.125.130.0-255,5738,166713,15,190061
7689,0.002021,172.31.36.0-255,66,166779,15,190061
7690,0.002024,74.125.130.0-255,1484,168263,15,190061
7691,0.003956,74.125.130.0-255,4320,172583,15,190061
7692,0.003964,172.31.36.0-255,66,172649,15,190061
7693,0.005918,74.125.130.0-255,5738,178387,15,190061
7694,0.005923,172.31.36.0-255,66,178453,15,190061
7695,0.007875,74.125.130.0-255,5738,184191,15,190061
7696,0.007881,172.31.36.0-255,66,184257,15,190061
7697,0.009831,74.125.130.0-255,5738,189995,15,190061
7698,0.009838,172.31.36.0-255,66,190061,15,190061
7699,0.0,74.125.24.0-255,153,153,15,183004
7700,2.5e-05,172.31.36.0-255,66,219,15,183004
7701,3.2e-05,74.125.24.0-255,1484,1703,15,183004
7702,3.6e-05,172.31.36.0-255,66,1769,15,183004
7703,4.2e-05,74.125.24.0-255,2902,4671,15,183004
7704,4.6e-05,172.31.36.0-255,66,4737,15,183004
7705,5.2e-05,74.125.24.0-255,4320,9057,15,183004
7706,5.5e-05,172.31.36.0-255,66,9123,15,183004
7707,8e-05,74.125.24.0-255,2902,12025,15,183004
7708,8.2e-05,172.31.36.0-255,66,12091,15,183004
7709,8.7e-05,74.125.24.0-255,2014,14105,15,183004
7710,9e-05,172.31.36.0-255,66,14171,15,183004
7711,0.000112,74.125.24.0-255,2902,17073,15,183004
7712,0.000114,172.31.36.0-255,66,17139,15,183004
7713,0.000136,74.125.24.0-255,5738,22877,15,183004
7714,0.000138,172.31.36.0-255,66,22943,15,183004
7715,0.000146,74.125.24.0-255,7156,30099,15,183004
7716,0.000148,172.31.36.0-255,66,30165,15,183004
7717,0.000174,74.125.24.0-255,1125,31290,15,183004
7718,0.000176,172.31.36.0-255,66,31356,15,183004
7719,0.000251,74.125.24.0-255,1484,32840,15,183004
7720,0.000254,172.31.36.0-255,66,32906,15,183004
7721,0.00026,74.125.24.0-255,2902,35808,15,183004
7722,0.000262,172.31.36.0-255,66,35874,15,183004
7723,0.000284,74.125.24.0-255,5738,41612,15,183004
7724,0.000287,172.31.36.0-255,66,41678,15,183004
7725,0.000336,74.125.24.0-255,5738,47416,15,183004
7726,0.000339,172.31.36.0-255,66,47482,15,183004
7727,0.000357,74.125.24.0-255,1125,48607,15,183004
7728,0.000359,172.31.36.0-255,66,48673,15,183004
7729,0.000389,74.125.24.0-255,2902,51575,15,183004
7730,0.000392,172.31.36.0-255,66,51641,15,183004
7731,0.000398,74.125.24.0-255,4320,55961,15,183004
7732,0.0004,172.31.36.0-255,66,56027,15,183004
7733,0.000412,172.31.36.0-255,66,56093,15,183004
7734,0.000432,74.125.24.0-255,1452,57545,15,183004
7735,0.000823,74.125.24.0-255,351,57896,15,183004
7736,0.000829,172.31.36.0-255,66,57962,15,183004
7737,0.001092,74.125.24.0-255,1484,59446,15,183004
7738,0.001108,74.125.24.0-255,2902,62348,15,183004
7739,0.001111,172.31.36.0-255,66,62414,15,183004
7740,0.001127,74.125.24.0-255,5738,68152,15,183004
7741,0.00113,172.31.36.0-255,66,68218,15,183004
7742,0.001151,74.125.24.0-255,1484,69702,15,183004
7743,0.001175,172.31.36.0-255,66,69768,15,183004
7744,0.001192,74.125.24.0-255,1484,71252,15,183004
7745,0.001218,172.31.36.0-255,66,71318,15,183004
7746,0.00126,74.125.24.0-255,1484,72802,15,183004
7747,0.001273,74.125.24.0-255,2902,75704,15,183004
7748,0.001276,172.31.36.0-255,66,75770,15,183004
7749,0.001295,74.125.24.0-255,4320,80090,15,183004
7750,0.001298,172.31.36.0-255,66,80156,15,183004
7751,0.001304,74.125.24.0-255,5738,85894,15,183004
7752,0.001307,172.31.36.0-255,66,85960,15,183004
7753,0.001328,74.125.24.0-255,5738,91698,15,183004
7754,0.001331,172.31.36.0-255,66,91764,15,183004
7755,0.001358,74.125.24.0-255,5738,97502,15,183004
7756,0.001361,172.31.36.0-255,66,97568,15,183004
7757,0.001372,172.31.36.0-255,66,97634,15,183004
7758,0.001578,74.125.24.0-255,1484,99118,15,183004
7759,0.001584,74.125.24.0-255,2902,102020,15,183004
7760,0.001587,172.31.36.0-255,66,102086,15,183004
7761,0.001606,74.125.24.0-255,4320,106406,15,183004
7762,0.00161,172.31.36.0-255,66,106472,15,183004
7763,0.001629,74.125.24.0-255,1484,107956,15,183004
7764,0.001644,172.31.36.0-255,66,108022,15,183004
7765,0.001668,172.31.36.0-255,66,108088,15,183004
7766,0.003477,74.125.24.0-255,1484,109572,15,183004
7767,0.003487,74.125.24.0-255,2902,112474,15,183004
7768,0.003491,172.31.36.0-255,66,112540,15,183004
7769,0.003498,74.125.24.0-255,5738,118278,15,183004
7770,0.0035,172.31.36.0-255,66,118344,15,183004
7771,0.003532,172.31.36.0-255,66,118410,15,183004
7772,0.003552,74.125.24.0-255,4320,122730,15,183004
7773,0.003553,172.31.36.0-255,66,122796,15,183004
7774,0.00356,74.125.24.0-255,7156,129952,15,183004
7775,0.003562,172.31.36.0-255,66,130018,15,183004
7776,0.003594,74.125.24.0-255,3602,133620,15,183004
7777,0.003596,172.31.36.0-255,66,133686,15,183004
7778,0.003601,74.125.24.0-255,4320,138006,15,183004
7779,0.003603,172.31.36.0-255,66,138072,15,183004
7780,0.003605,74.125.24.0-255,1484,139556,15,183004
7781,0.003621,74.125.24.0-255,2902,142458,15,183004
7782,0.003623,172.31.36.0-255,66,142524,15,183004
7783,0.003649,74.125.24.0-255,5738,148262,15,183004
7784,0.003651,172.31.36.0-255,66,148328,15,183004
7785,0.00366,172.31.36.0-255,66,148394,15,183004
7786,0.003682,74.125.24.0-255,7156,155550,15,183004
7787,0.003684,172.31.36.0-255,66,155616,15,183004
7788,0.003687,74.125.24.0-255,1484,157100,15,183004
7789,0.003711,172.31.36.0-255,66,157166,15,183004
7790,0.003739,172.31.36.0-255,66,157232,15,183004
7791,0.003751,74.125.24.0-255,766,157998,15,183004
7792,0.003754,74.125.24.0-255,1484,159482,15,183004
7793,0.003756,172.31.36.0-255,66,159548,15,183004
7794,0.003778,172.31.36.0-255,66,159614,15,183004
7795,0.003803,74.125.24.0-255,3602,163216,15,183004
7796,0.003805,172.31.36.0-255,66,163282,15,183004
7797,0.003811,74.125.24.0-255,5738,169020,15,183004
7798,0.003813,172.31.36.0-255,66,169086,15,183004
7799,0.003838,172.31.36.0-255,66,169152,15,183004
7800,0.003878,172.31.36.0-255,66,169218,15,183004
7801,0.003882,74.125.24.0-255,3602,172820,15,183004
7802,0.003884,172.31.36.0-255,66,172886,15,183004
7803,0.003895,172.31.36.0-255,66,172952,15,183004
7804,0.003936,172.31.36.0-255,66,173018,15,183004
7805,0.003942,74.125.24.0-255,5020,178038,15,183004
7806,0.003944,172.31.36.0-255,66,178104,15,183004
7807,0.003947,74.125.24.0-255,1484,179588,15,183004
7808,0.003966,172.31.36.0-255,66,179654,15,183004
7809,0.003969,74.125.24.0-255,1484,181138,15,183004
7810,0.004003,172.31.36.0-255,66,181204,15,183004
7811,0.004006,74.125.24.0-255,1392,182596,15,183004
7812,0.004009,74.125.24.0-255,97,182693,15,183004
7813,0.004011,74.125.24.0-255,105,182798,15,183004
7814,0.008647,172.31.36.0-255,101,182899,15,183004
7815,0.009399,172.31.36.0-255,105,183004,15,183004
7816,0.0,74.125.130.0-255,153,153,15,181900
7817,1.6e-05,172.31.36.0-255,66,219,15,181900
7818,2.2e-05,74.125.130.0-255,1484,1703,15,181900
7819,2.6e-05,172.31.36.0-255,66,1769,15,181900
7820,3.2e-05,74.125.130.0-255,2902,4671,15,181900
7821,3.4e-05,172.31.36.0-255,66,4737,15,181900
7822,3.9e-05,74.125.130.0-255,2902,7639,15,181900
7823,4.1e-05,172.31.36.0-255,66,7705,15,181900
7824,7.1e-05,74.125.130.0-255,4320,12025,15,181900
7825,7.3e-05,172.31.36.0-255,66,12091,15,181900
7826,7.7e-05,74.125.130.0-255,2032,14123,15,181900
7827,7.9e-05,172.31.36.0-255,66,14189,15,181900
7828,8.3e-05,74.125.130.0-255,2902,17091,15,181900
7829,8.4e-05,172.31.36.0-255,66,17157,15,181900
7830,9e-05,74.125.130.0-255,7156,24313,15,181900
7831,9.2e-05,172.31.36.0-255,66,24379,15,181900
7832,0.000118,74.125.130.0-255,6797,31176,15,181900
7833,0.00012,172.31.36.0-255,66,31242,15,181900
7834,0.000274,74.125.130.0-255,1484,32726,15,181900
7835,0.000278,172.31.36.0-255,66,32792,15,181900
7836,0.000283,74.125.130.0-255,2902,35694,15,181900
7837,0.000286,172.31.36.0-255,66,35760,15,181900
7838,0.00029,74.125.130.0-255,2902,38662,15,181900
7839,0.000292,172.31.36.0-255,66,38728,15,181900
7840,0.000307,74.125.130.0-255,2902,41630,15,181900
7841,0.000309,172.31.36.0-255,66,41696,15,181900
7842,0.000342,74.125.130.0-255,6797,48493,15,181900
7843,0.000345,172.31.36.0-255,66,48559,15,181900
7844,0.000385,74.125.130.0-255,1484,50043,15,181900
7845,0.000389,172.31.36.0-255,66,50109,15,181900
7846,0.000394,74.125.130.0-255,2902,53011,15,181900
7847,0.000396,172.31.36.0-255,66,53077,15,181900
7848,0.000399,74.125.130.0-255,1484,54561,15,181900
7849,0.000422,74.125.130.0-255,4320,58881,15,181900
7850,0.000425,172.31.36.0-255,66,58947,15,181900
7851,0.000429,74.125.130.0-255,2902,61849,15,181900
7852,0.00043,172.31.36.0-255,66,61915,15,181900
7853,0.000445,74.125.130.0-255,3961,65876,15,181900
7854,0.000448,172.31.36.0-255,66,65942,15,181900
7855,0.000862,74.125.130.0-255,646,66588,15,181900
7856,0.000918,172.31.36.0-255,66,66654,15,181900
7857,0.001623,74.125.130.0-255,1484,68138,15,181900
7858,0.001633,74.125.130.0-255,2902,71040,15,181900
7859,0.001637,172.31.36.0-255,66,71106,15,181900
7860,0.001645,74.125.130.0-255,4320,75426,15,181900
7861,0.001647,172.31.36.0-255,66,75492,15,181900
7862,0.001652,74.125.130.0-255,2902,78394,15,181900
7863,0.001654,172.31.36.0-255,66,78460,15,181900
7864,0.001678,74.125.130.0-255,2902,81362,15,181900
7865,0.00168,172.31.36.0-255,66,81428,15,181900
7866,0.001692,172.31.36.0-255,66,81494,15,181900
7867,0.001698,74.125.130.0-255,5738,87232,15,181900
7868,0.0017,172.31.36.0-255,66,87298,15,181900
7869,0.001714,74.125.130.0-255,2184,89482,15,181900
7870,0.001716,172.31.36.0-255,66,89548,15,181900
7871,0.001763,74.125.130.0-255,1484,91032,15,181900
7872,0.001766,74.125.130.0-255,1484,92516,15,181900
7873,0.001768,172.31.36.0-255,66,92582,15,181900
7874,0.001783,74.125.130.0-255,1484,94066,15,181900
7875,0.001785,74.125.130.0-255,1484,95550,15,181900
7876,0.001787,172.31.36.0-255,66,95616,15,181900
7877,0.001816,74.125.130.0-255,4320,99936,15,181900
7878,0.001818,172.31.36.0-255,66,100002,15,181900
7879,0.001824,74.125.130.0-255,7156,107158,15,181900
7880,0.001826,172.31.36.0-255,66,107224,15,181900
7881,0.001829,74.125.130.0-255,1484,108708,15,181900
7882,0.001843,74.125.130.0-255,4320,113028,15,181900
7883,0.001845,172.31.36.0-255,66,113094,15,181900
7884,0.001877,172.31.36.0-255,66,113160,15,181900
7885,0.00188,74.125.130.0-255,2184,115344,15,181900
7886,0.001883,172.31.36.0-255,66,115410,15,181900
7887,0.001948,74.125.130.0-255,1484,116894,15,181900
7888,0.001962,74.125.130.0-255,2902,119796,15,181900
7889,0.001965,172.31.36.0-255,66,119862,15,181900
7890,0.001985,74.125.130.0-255,5738,125600,15,181900
7891,0.001987,172.31.36.0-255,66,125666,15,181900
7892,0.002041,74.125.130.0-255,5738,131404,15,181900
7893,0.002044,172.31.36.0-255,66,131470,15,181900
7894,0.002067,74.125.130.0-255,7156,138626,15,181900
7895,0.002069,172.31.36.0-255,66,138692,15,181900
7896,0.002075,74.125.130.0-255,5738,144430,15,181900
7897,0.002077,172.31.36.0-255,66,144496,15,181900
7898,0.002094,74.125.130.0-255,5020,149516,15,181900
7899,0.002097,172.31.36.0-255,66,149582,15,181900
7900,0.002161,74.125.130.0-255,1484,151066,15,181900
7901,0.002164,74.125.130.0-255,1484,152550,15,181900
7902,0.002166,172.31.36.0-255,66,152616,15,181900
7903,0.002184,74.125.130.0-255,1484,154100,15,181900
7904,0.002189,74.125.130.0-255,4320,158420,15,181900
7905,0.002191,172.31.36.0-255,66,158486,15,181900
7906,0.002211,74.125.130.0-255,1484,159970,15,181900
7907,0.002216,74.125.130.0-255,4320,164290,15,181900
7908,0.002219,172.31.36.0-255,66,164356,15,181900
7909,0.002231,172.31.36.0-255,66,164422,15,181900
7910,0.00226,172.31.36.0-255,66,164488,15,181900
7911,0.004495,74.125.130.0-255,5738,170226,15,181900
7912,0.004502,172.31.36.0-255,66,170292,15,181900
7913,0.006749,74.125.130.0-255,5738,176030,15,181900
7914,0.006754,172.31.36.0-255,66,176096,15,181900
7915,0.009006,74.125.130.0-255,5738,181834,15,181900
7916,0.009013,172.31.36.0-255,66,181900,15,181900
7917,0.0,74.125.24.0-255,153,153,15,84800
7918,2.3e-05,172.31.36.0-255,66,219,15,84800
7919,3.1e-05,74.125.24.0-255,1484,1703,15,84800
7920,3.5e-05,172.31.36.0-255,66,1769,15,84800
7921,4.9e-05,74.125.24.0-255,2902,4671,15,84800
7922,5.2e-05,172.31.36.0-255,66,4737,15,84800
7923,6e-05,74.125.24.0-255,5738,10475,15,84800
7924,6.2e-05,172.31.36.0-255,66,10541,15,84800
7925,6.8e-05,74.125.24.0-255,3420,13961,15,84800
7926,7e-05,172.31.36.0-255,66,14027,15,84800
7927,0.000504,74.125.24.0-255,1484,15511,15,84800
7928,0.00051,172.31.36.0-255,66,15577,15,84800
7929,0.000517,74.125.24.0-255,2902,18479,15,84800
7930,0.000519,172.31.36.0-255,66,18545,15,84800
7931,0.000532,74.125.24.0-255,5738,24283,15,84800
7932,0.000534,172.31.36.0-255,66,24349,15,84800
7933,0.00054,74.125.24.0-255,2902,27251,15,84800
7934,0.000541,172.31.36.0-255,66,27317,15,84800
7935,0.000567,74.125.24.0-255,1484,28801,15,84800
7936,0.000569,172.31.36.0-255,66,28867,15,84800
7937,0.000573,74.125.24.0-255,1484,30351,15,84800
7938,0.000576,172.31.36.0-255,66,30417,15,84800
7939,0.000607,74.125.24.0-255,1125,31542,15,84800
7940,0.000611,172.31.36.0-255,66,31608,15,84800
7941,0.001671,74.125.24.0-255,1484,33092,15,84800
7942,0.001678,172.31.36.0-255,66,33158,15,84800
7943,0.001687,74.125.24.0-255,2902,36060,15,84800
7944,0.00169,172.31.36.0-255,66,36126,15,84800
7945,0.001697,74.125.24.0-255,5738,41864,15,84800
7946,0.001704,172.31.36.0-255,66,41930,15,84800
7947,0.001721,172.31.36.0-255,66,41996,15,84800
7948,0.001786,74.125.24.0-255,5738,47734,15,84800
7949,0.001789,172.31.36.0-255,66,47800,15,84800
7950,0.001806,74.125.24.0-255,4237,52037,15,84800
7951,0.001809,172.31.36.0-255,66,52103,15,84800
7952,0.001937,74.125.24.0-255,379,52482,15,84800
7953,0.002115,74.125.24.0-255,1484,53966,15,84800
7954,0.002117,172.31.36.0-255,66,54032,15,84800
7955,0.002153,74.125.24.0-255,2902,56934,15,84800
7956,0.002155,172.31.36.0-255,66,57000,15,84800
7957,0.002161,74.125.24.0-255,5738,62738,15,84800
7958,0.002164,172.31.36.0-255,66,62804,15,84800
7959,0.002168,74.125.24.0-255,2902,65706,15,84800
7960,0.00217,172.31.36.0-255,66,65772,15,84800
7961,0.002213,172.31.36.0-255,66,65838,15,84800
7962,0.002217,74.125.24.0-255,1484,67322,15,84800
7963,0.002255,172.31.36.0-255,66,67388,15,84800
7964,0.004538,74.125.24.0-255,5738,73126,15,84800
7965,0.004543,172.31.36.0-255,66,73192,15,84800
7966,0.006858,74.125.24.0-255,5738,78930,15,84800
7967,0.006865,172.31.36.0-255,66,78996,15,84800
7968,0.009148,74.125.24.0-255,5738,84734,15,84800
7969,0.009157,172.31.36.0-255,66,84800,15,84800
7970,0.0,172.217.27.0-255,149,149,15,103388
7971,2e-05,172.31.36.0-255,66,215,15,103388
7972,2.8e-05,172.217.27.0-255,1484,1699,15,103388
7973,3.3e-05,172.31.36.0-255,66,1765,15,103388
7974,3.9e-05,172.217.27.0-255,2902,4667,15,103388
7975,4.3e-05,172.31.36.0-255,66,4733,15,103388
7976,5e-05,172.217.27.0-255,7156,11889,15,103388
7977,5.4e-05,172.31.36.0-255,66,11955,15,103388
7978,5.8e-05,172.217.27.0-255,2032,13987,15,103388
7979,6.1e-05,172.31.36.0-255,66,14053,15,103388
7980,0.000388,172.217.27.0-255,1484,15537,15,103388
7981,0.000394,172.31.36.0-255,66,15603,15,103388
7982,0.0004,172.217.27.0-255,2902,18505,15,103388
7983,0.000403,172.31.36.0-255,66,18571,15,103388
7984,0.00042,172.217.27.0-255,1484,20055,15,103388
7985,0.000422,172.31.36.0-255,66,20121,15,103388
7986,0.000427,172.217.27.0-255,2902,23023,15,103388
7987,0.000429,172.31.36.0-255,66,23089,15,103388
7988,0.000432,172.217.27.0-255,1484,24573,15,103388
7989,0.000434,172.31.36.0-255,66,24639,15,103388
7990,0.000451,172.217.27.0-255,2902,27541,15,103388
7991,0.000453,172.31.36.0-255,66,27607,15,103388
7992,0.000464,172.217.27.0-255,1484,29091,15,103388
7993,0.000466,172.31.36.0-255,66,29157,15,103388
7994,0.000483,172.217.27.0-255,1484,30641,15,103388
7995,0.000486,172.31.36.0-255,66,30707,15,103388
7996,0.000532,172.217.27.0-255,1125,31832,15,103388
7997,0.000535,172.31.36.0-255,66,31898,15,103388
7998,0.000594,172.217.27.0-255,1484,33382,15,103388
7999,0.000598,172.31.36.0-255,66,33448,15,103388
8000,0.000613,172.217.27.0-255,2902,36350,15,103388
8001,0.000617,172.31.36.0-255,66,36416,15,103388
8002,0.000642,172.217.27.0-255,5738,42154,15,103388
8003,0.000647,172.217.27.0-255,1484,43638,15,103388
8004,0.000651,172.31.36.0-255,66,43704,15,103388
8005,0.000673,172.217.27.0-255,5379,49083,15,103388
8006,0.000677,172.217.27.0-255,1484,50567,15,103388
8007,0.000683,172.31.36.0-255,66,50633,15,103388
8008,0.000696,172.217.27.0-255,4320,54953,15,103388
8009,0.000699,172.217.27.0-255,1484,56437,15,103388
8010,0.000723,172.217.27.0-255,5738,62175,15,103388
8011,0.000736,172.217.27.0-255,3961,66136,15,103388
8012,0.00077,172.31.36.0-255,66,66202,15,103388
8013,0.000777,172.31.36.0-255,66,66268,15,103388
8014,0.000785,172.217.27.0-255,354,66622,15,103388
8015,0.000989,172.217.27.0-255,139,66761,15,103388
8016,0.00114,172.31.36.0-255,66,66827,15,103388
8017,0.001191,172.217.27.0-255,1484,68311,15,103388
8018,0.001195,172.217.27.0-255,1484,69795,15,103388
8019,0.001214,172.217.27.0-255,1484,71279,15,103388
8020,0.001221,172.217.27.0-255,5738,77017,15,103388
8021,0.001248,172.217.27.0-255,4320,81337,15,103388
8022,0.001255,172.31.36.0-255,66,81403,15,103388
8023,0.001295,172.217.27.0-255,4320,85723,15,103388
8024,0.001304,172.31.36.0-255,66,85789,15,103388
8025,0.001315,172.217.27.0-255,5379,91168,15,103388
8026,0.00132,172.31.36.0-255,66,91234,15,103388
8027,0.001501,172.217.27.0-255,348,91582,15,103388
8028,0.00159,172.31.36.0-255,66,91648,15,103388
8029,0.002987,172.217.27.0-255,4320,95968,15,103388
8030,0.003235,172.217.27.0-255,1484,97452,15,103388
8031,0.007771,172.31.36.0-255,66,97518,15,103388
8032,0.0091,172.217.27.0-255,1484,99002,15,103388
8033,0.009435,172.217.27.0-255,4320,103322,15,103388
8034,0.009443,172.31.36.0-255,66,103388,15,103388
8035,0.0,74.125.24.0-255,153,153,15,240975
8036,2e-05,172.31.36.0-255,66,219,15,240975
8037,2.8e-05,74.125.24.0-255,1484,1703,15,240975
8038,3.1e-05,172.31.36.0-255,66,1769,15,240975
8039,3.8e-05,74.125.24.0-255,2902,4671,15,240975
8040,4.1e-05,172.31.36.0-255,66,4737,15,240975
8041,4.6e-05,74.125.24.0-255,4320,9057,15,240975
8042,4.9e-05,172.31.36.0-255,66,9123,15,240975
8043,5.7e-05,74.125.24.0-255,7156,16279,15,240975
8044,5.9e-05,172.31.36.0-255,66,16345,15,240975
8045,8.4e-05,74.125.24.0-255,1984,18329,15,240975
8046,8.7e-05,172.31.36.0-255,66,18395,15,240975
8047,9.4e-05,74.125.24.0-255,5738,24133,15,240975
8048,9.6e-05,172.31.36.0-255,66,24199,15,240975
8049,0.000107,172.31.36.0-255,66,24265,15,240975
8050,0.000137,74.125.24.0-255,7156,31421,15,240975
8051,0.00014,172.31.36.0-255,66,31487,15,240975
8052,0.000147,74.125.24.0-255,6438,37925,15,240975
8053,0.000149,172.31.36.0-255,66,37991,15,240975
8054,0.000211,172.31.36.0-255,66,38057,15,240975
8055,0.000214,74.125.24.0-255,1467,39524,15,240975
8056,0.000217,172.31.36.0-255,66,39590,15,240975
8057,0.000343,74.125.24.0-255,1484,41074,15,240975
8058,0.000349,172.31.36.0-255,66,41140,15,240975
8059,0.000354,74.125.24.0-255,2902,44042,15,240975
8060,0.000356,172.31.36.0-255,66,44108,15,240975
8061,0.000361,74.125.24.0-255,5738,49846,15,240975
8062,0.000363,172.31.36.0-255,66,49912,15,240975
8063,0.000394,74.125.24.0-255,7156,57068,15,240975
8064,0.000399,172.31.36.0-255,66,57134,15,240975
8065,0.00041,172.31.36.0-255,66,57200,15,240975
8066,0.000432,74.125.24.0-255,4320,61520,15,240975
8067,0.000436,172.31.36.0-255,66,61586,15,240975
8068,0.00044,74.125.24.0-255,2184,63770,15,240975
8069,0.000442,172.31.36.0-255,66,63836,15,240975
8070,0.000473,74.125.24.0-255,1484,65320,15,240975
8071,0.000479,74.125.24.0-255,2902,68222,15,240975
8072,0.000481,172.31.36.0-255,66,68288,15,240975
8073,0.000506,74.125.24.0-255,5738,74026,15,240975
8074,0.000509,172.31.36.0-255,66,74092,15,240975
8075,0.000515,74.125.24.0-255,5738,79830,15,240975
8076,0.000518,172.31.36.0-255,66,79896,15,240975
8077,0.000539,74.125.24.0-255,7156,87052,15,240975
8078,0.000542,172.31.36.0-255,66,87118,15,240975
8079,0.00055,74.125.24.0-255,7156,94274,15,240975
8080,0.000552,172.31.36.0-255,66,94340,15,240975
8081,0.000571,74.125.24.0-255,3602,97942,15,240975
8082,0.000574,172.31.36.0-255,66,98008,15,240975
8083,0.000578,74.125.24.0-255,1484,99492,15,240975
8084,0.000596,74.125.24.0-255,2902,102394,15,240975
8085,0.000599,172.31.36.0-255,66,102460,15,240975
8086,0.000612,172.31.36.0-255,66,102526,15,240975
8087,0.000654,172.31.36.0-255,66,102592,15,240975
8088,0.000696,172.31.36.0-255,66,102658,15,240975
8089,0.000744,74.125.24.0-255,3659,106317,15,240975
8090,0.000749,172.31.36.0-255,66,106383,15,240975
8091,0.001251,74.125.24.0-255,1484,107867,15,240975
8092,0.00126,74.125.24.0-255,2902,110769,15,240975
8093,0.001265,172.31.36.0-255,66,110835,15,240975
8094,0.001273,74.125.24.0-255,5738,116573,15,240975
8095,0.001276,172.31.36.0-255,66,116639,15,240975
8096,0.001282,74.125.24.0-255,4320,120959,15,240975
8097,0.001284,172.31.36.0-255,66,121025,15,240975
8098,0.001331,172.31.36.0-255,66,121091,15,240975
8099,0.001335,74.125.24.0-255,1484,122575,15,240975
8100,0.001375,74.125.24.0-255,5738,128313,15,240975
8101,0.00138,172.31.36.0-255,66,128379,15,240975
8102,0.001403,74.125.24.0-255,3602,131981,15,240975
8103,0.001407,172.31.36.0-255,66,132047,15,240975
8104,0.001705,74.125.24.0-255,1484,133531,15,240975
8105,0.001711,74.125.24.0-255,2902,136433,15,240975
8106,0.001715,172.31.36.0-255,66,136499,15,240975
8107,0.001722,74.125.24.0-255,5738,142237,15,240975
8108,0.001724,172.31.36.0-255,66,142303,15,240975
8109,0.001776,74.125.24.0-255,4320,146623,15,240975
8110,0.001779,172.31.36.0-255,66,146689,15,240975
8111,0.001807,172.31.36.0-255,66,146755,15,240975
8112,0.001817,172.31.36.0-255,66,146821,15,240975
8113,0.001833,172.31.36.0-255,66,146887,15,240975
8114,0.001857,74.125.24.0-255,5738,152625,15,240975
8115,0.00186,172.31.36.0-255,66,152691,15,240975
8116,0.001873,74.125.24.0-255,4320,157011,15,240975
8117,0.001877,172.31.36.0-255,66,157077,15,240975
8118,0.001905,74.125.24.0-255,2184,159261,15,240975
8119,0.001908,172.31.36.0-255,66,159327,15,240975
8120,0.00192,172.31.36.0-255,66,159393,15,240975
8121,0.001922,74.125.24.0-255,766,160159,15,240975
8122,0.00199,74.125.24.0-255,1484,161643,15,240975
8123,0.001994,172.31.36.0-255,66,161709,15,240975
8124,0.001998,74.125.24.0-255,2902,164611,15,240975
8125,0.002,172.31.36.0-255,66,164677,15,240975
8126,0.002012,74.125.24.0-255,2902,167579,15,240975
8127,0.002014,172.31.36.0-255,66,167645,15,240975
8128,0.002037,74.125.24.0-255,2902,170547,15,240975
8129,0.002039,172.31.36.0-255,66,170613,15,240975
8130,0.002046,74.125.24.0-255,7156,177769,15,240975
8131,0.002047,172.31.36.0-255,66,177835,15,240975
8132,0.002072,74.125.24.0-255,5738,183573,15,240975
8133,0.002074,172.31.36.0-255,66,183639,15,240975
8134,0.002081,74.125.24.0-255,5738,189377,15,240975
8135,0.002083,172.31.36.0-255,66,189443,15,240975
8136,0.002102,74.125.24.0-255,5020,194463,15,240975
8137,0.002105,172.31.36.0-255,66,194529,15,240975
8138,0.002111,74.125.24.0-255,5738,200267,15,240975
8139,0.002112,172.31.36.0-255,66,200333,15,240975
8140,0.002135,74.125.24.0-255,5738,206071,15,240975
8141,0.002139,172.31.36.0-255,66,206137,15,240975
8142,0.002144,74.125.24.0-255,5738,211875,15,240975
8143,0.002146,172.31.36.0-255,66,211941,15,240975
8144,0.002197,74.125.24.0-255,7156,219097,15,240975
8145,0.002202,172.31.36.0-255,66,219163,15,240975
8146,0.002236,172.31.36.0-255,66,219229,15,240975
8147,0.002239,172.31.36.0-255,66,219295,15,240975
8148,0.002254,74.125.24.0-255,2902,222197,15,240975
8149,0.002257,172.31.36.0-255,66,222263,15,240975
8150,0.002263,74.125.24.0-255,7156,229419,15,240975
8151,0.002265,172.31.36.0-255,66,229485,15,240975
8152,0.002304,172.31.36.0-255,66,229551,15,240975
8153,0.004667,74.125.24.0-255,5738,235289,15,240975
8154,0.004673,172.31.36.0-255,66,235355,15,240975
8155,0.007012,74.125.24.0-255,5554,240909,15,240975
8156,0.007019,172.31.36.0-255,66,240975,15,240975
8157,0.0,74.125.68.0-255,150,150,15,284392
8158,2.4e-05,172.31.36.0-255,66,216,15,284392
8159,3.2e-05,74.125.68.0-255,1484,1700,15,284392
8160,3.8e-05,172.31.36.0-255,66,1766,15,284392
8161,4.3e-05,74.125.68.0-255,2902,4668,15,284392
8162,4.7e-05,172.31.36.0-255,66,4734,15,284392
8163,5.4e-05,74.125.68.0-255,5738,10472,15,284392
8164,5.7e-05,172.31.36.0-255,66,10538,15,284392
8165,6.3e-05,74.125.68.0-255,3470,14008,15,284392
8166,6.6e-05,172.31.36.0-255,66,14074,15,284392
8167,0.000105,74.125.68.0-255,1484,15558,15,284392
8168,0.00011,172.31.36.0-255,66,15624,15,284392
8169,0.000116,74.125.68.0-255,2902,18526,15,284392
8170,0.000118,172.31.36.0-255,66,18592,15,284392
8171,0.000121,74.125.68.0-255,1484,20076,15,284392
8172,0.000123,172.31.36.0-255,66,20142,15,284392
8173,0.000142,74.125.68.0-255,4320,24462,15,284392
8174,0.000144,172.31.36.0-255,66,24528,15,284392
8175,0.000157,74.125.68.0-255,1484,26012,15,284392
8176,0.000159,172.31.36.0-255,66,26078,15,284392
8177,0.000174,74.125.68.0-255,5379,31457,15,284392
8178,0.000176,172.31.36.0-255,66,31523,15,284392
8179,0.000208,74.125.68.0-255,1484,33007,15,284392
8180,0.00021,172.31.36.0-255,66,33073,15,284392
8181,0.000222,74.125.68.0-255,1484,34557,15,284392
8182,0.000223,172.31.36.0-255,66,34623,15,284392
8183,0.000252,74.125.68.0-255,1484,36107,15,284392
8184,0.000254,172.31.36.0-255,66,36173,15,284392
8185,0.000259,74.125.68.0-255,5738,41911,15,284392
8186,0.000261,172.31.36.0-255,66,41977,15,284392
8187,0.000265,74.125.68.0-255,5738,47715,15,284392
8188,0.000267,172.31.36.0-255,66,47781,15,284392
8189,0.000282,74.125.68.0-255,1125,48906,15,284392
8190,0.00033,74.125.68.0-255,1484,50390,15,284392
8191,0.000334,172.31.36.0-255,66,50456,15,284392
8192,0.000339,74.125.68.0-255,2902,53358,15,284392
8193,0.000342,172.31.36.0-255,66,53424,15,284392
8194,0.000368,74.125.68.0-255,5738,59162,15,284392
8195,0.000371,172.31.36.0-255,66,59228,15,284392
8196,0.000375,74.125.68.0-255,2902,62130,15,284392
8197,0.000378,172.31.36.0-255,66,62196,15,284392
8198,0.000382,74.125.68.0-255,3961,66157,15,284392
8199,0.000384,172.31.36.0-255,66,66223,15,284392
8200,0.000387,74.125.68.0-255,365,66588,15,284392
8201,0.000417,74.125.68.0-255,378,66966,15,284392
8202,0.000534,74.125.68.0-255,1484,68450,15,284392
8203,0.00054,172.31.36.0-255,66,68516,15,284392
8204,0.000545,74.125.68.0-255,2902,71418,15,284392
8205,0.000546,172.31.36.0-255,66,71484,15,284392
8206,0.000561,74.125.68.0-255,4320,75804,15,284392
8207,0.000563,172.31.36.0-255,66,75870,15,284392
8208,0.000573,74.125.68.0-255,1484,77354,15,284392
8209,0.00059,74.125.68.0-255,6797,84151,15,284392
8210,0.000592,172.31.36.0-255,66,84217,15,284392
8211,0.000618,74.125.68.0-255,1484,85701,15,284392
8212,0.000639,74.125.68.0-255,2902,88603,15,284392
8213,0.000645,172.31.36.0-255,66,88669,15,284392
8214,0.000648,74.125.68.0-255,1484,90153,15,284392
8215,0.000672,74.125.68.0-255,4320,94473,15,284392
8216,0.000676,172.31.36.0-255,66,94539,15,284392
8217,0.00068,74.125.68.0-255,2902,97441,15,284392
8218,0.000682,172.31.36.0-255,66,97507,15,284392
8219,0.000742,74.125.68.0-255,3961,101468,15,284392
8220,0.000748,172.31.36.0-255,66,101534,15,284392
8221,0.000824,74.125.68.0-255,1484,103018,15,284392
8222,0.00083,74.125.68.0-255,2902,105920,15,284392
8223,0.000835,172.31.36.0-255,66,105986,15,284392
8224,0.000839,74.125.68.0-255,1484,107470,15,284392
8225,0.000862,74.125.68.0-255,4320,111790,15,284392
8226,0.000867,172.31.36.0-255,66,111856,15,284392
8227,0.000872,74.125.68.0-255,4320,116176,15,284392
8228,0.000874,172.31.36.0-255,66,116242,15,284392
8229,0.000915,74.125.68.0-255,4320,120562,15,284392
8230,0.00092,172.31.36.0-255,66,120628,15,284392
8231,0.000932,172.31.36.0-255,66,120694,15,284392
8232,0.000938,74.125.68.0-255,5020,125714,15,284392
8233,0.00094,172.31.36.0-255,66,125780,15,284392
8234,0.001038,74.125.68.0-255,1484,127264,15,284392
8235,0.001044,74.125.68.0-255,1484,128748,15,284392
8236,0.001048,172.31.36.0-255,66,128814,15,284392
8237,0.001063,74.125.68.0-255,1484,130298,15,284392
8238,0.001069,74.125.68.0-255,4320,134618,15,284392
8239,0.001072,172.31.36.0-255,66,134684,15,284392
8240,0.001095,74.125.68.0-255,1484,136168,15,284392
8241,0.001102,74.125.68.0-255,5738,141906,15,284392
8242,0.001105,172.31.36.0-255,66,141972,15,284392
8243,0.001123,74.125.68.0-255,1484,143456,15,284392
8244,0.00114,74.125.68.0-255,4320,147776,15,284392
8245,0.001144,172.31.36.0-255,66,147842,15,284392
8246,0.001175,172.31.36.0-255,66,147908,15,284392
8247,0.00118,74.125.68.0-255,3602,151510,15,284392
8248,0.001183,172.31.36.0-255,66,151576,15,284392
8249,0.001489,74.125.68.0-255,1484,153060,15,284392
8250,0.001497,74.125.68.0-255,2902,155962,15,284392
8251,0.001502,172.31.36.0-255,66,156028,15,284392
8252,0.001507,74.125.68.0-255,2902,158930,15,284392
8253,0.001509,172.31.36.0-255,66,158996,15,284392
8254,0.001524,74.125.68.0-255,2902,161898,15,284392
8255,0.001526,172.31.36.0-255,66,161964,15,284392
8256,0.001532,74.125.68.0-255,4320,166284,15,284392
8257,0.001534,172.31.36.0-255,66,166350,15,284392
8258,0.001541,74.125.68.0-255,5738,172088,15,284392
8259,0.001544,172.31.36.0-255,66,172154,15,284392
8260,0.001574,74.125.68.0-255,2902,175056,15,284392
8261,0.001577,172.31.36.0-255,66,175122,15,284392
8262,0.001612,172.31.36.0-255,66,175188,15,284392
8263,0.001617,74.125.68.0-255,2184,177372,15,284392
8264,0.001619,172.31.36.0-255,66,177438,15,284392
8265,0.001637,74.125.68.0-255,1484,178922,15,284392
8266,0.001654,74.125.68.0-255,2902,181824,15,284392
8267,0.001658,172.31.36.0-255,66,181890,15,284392
8268,0.00167,74.125.68.0-255,1484,183374,15,284392
8269,0.001688,74.125.68.0-255,4320,187694,15,284392
8270,0.001691,172.31.36.0-255,66,187760,15,284392
8271,0.001698,74.125.68.0-255,7156,194916,15,284392
8272,0.001701,172.31.36.0-255,66,194982,15,284392
8273,0.001706,74.125.68.0-255,4320,199302,15,284392
8274,0.001708,172.31.36.0-255,66,199368,15,284392
8275,0.001741,74.125.68.0-255,4320,203688,15,284392
8276,0.001744,172.31.36.0-255,66,203754,15,284392
8277,0.001754,172.31.36.0-255,66,203820,15,284392
8278,0.001937,74.125.68.0-255,1484,205304,15,284392
8279,0.001943,74.125.68.0-255,2902,208206,15,284392
8280,0.001946,172.31.36.0-255,66,208272,15,284392
8281,0.001952,74.125.68.0-255,4320,212592,15,284392
8282,0.001954,172.31.36.0-255,66,212658,15,284392
8283,0.001976,74.125.68.0-255,1484,214142,15,284392
8284,0.001991,74.125.68.0-255,1484,215626,15,284392
8285,0.001994,172.31.36.0-255,66,215692,15,284392
8286,0.002008,74.125.68.0-255,1484,217176,15,284392
8287,0.002019,74.125.68.0-255,1484,218660,15,284392
8288,0.002021,172.31.36.0-255,66,218726,15,284392
8289,0.002041,74.125.68.0-255,4320,223046,15,284392
8290,0.002044,172.31.36.0-255,66,223112,15,284392
8291,0.002065,74.125.68.0-255,4320,227432,15,284392
8292,0.002067,172.31.36.0-255,66,227498,15,284392
8293,0.002073,74.125.68.0-255,5738,233236,15,284392
8294,0.002076,172.31.36.0-255,66,233302,15,284392
8295,0.002117,74.125.68.0-255,5020,238322,15,284392
8296,0.00212,172.31.36.0-255,66,238388,15,284392
8297,0.002123,74.125.68.0-255,1484,239872,15,284392
8298,0.002127,74.125.68.0-255,2902,242774,15,284392
8299,0.002129,172.31.36.0-255,66,242840,15,284392
8300,0.002134,74.125.68.0-255,2902,245742,15,284392
8301,0.002136,172.31.36.0-255,66,245808,15,284392
8302,0.002152,74.125.68.0-255,2902,248710,15,284392
8303,0.002154,172.31.36.0-255,66,248776,15,284392
8304,0.002157,74.125.68.0-255,1484,250260,15,284392
8305,0.002175,74.125.68.0-255,1484,251744,15,284392
8306,0.002178,172.31.36.0-255,66,251810,15,284392
8307,0.002184,74.125.68.0-255,5738,257548,15,284392
8308,0.002187,172.31.36.0-255,66,257614,15,284392
8309,0.002212,74.125.68.0-255,4320,261934,15,284392
8310,0.002216,172.31.36.0-255,66,262000,15,284392
8311,0.002227,172.31.36.0-255,66,262066,15,284392
8312,0.002229,74.125.68.0-255,1484,263550,15,284392
8313,0.002266,172.31.36.0-255,66,263616,15,284392
8314,0.002271,74.125.68.0-255,2902,266518,15,284392
8315,0.002273,172.31.36.0-255,66,266584,15,284392
8316,0.004468,74.125.68.0-255,2902,269486,15,284392
8317,0.004474,172.31.36.0-255,66,269552,15,284392
8318,0.004493,74.125.68.0-255,2902,272454,15,284392
8319,0.004496,172.31.36.0-255,66,272520,15,284392
8320,0.00669,74.125.68.0-255,2902,275422,15,284392
8321,0.006697,172.31.36.0-255,66,275488,15,284392
8322,0.006717,74.125.68.0-255,2902,278390,15,284392
8323,0.00672,172.31.36.0-255,66,278456,15,284392
8324,0.008917,74.125.68.0-255,2902,281358,15,284392
8325,0.008925,172.31.36.0-255,66,281424,15,284392
8326,0.008947,74.125.68.0-255,2902,284326,15,284392
8327,0.00895,172.31.36.0-255,66,284392,15,284392
8328,0.0,172.217.194.0-255,143,143,15,173742
8329,2.8e-05,172.31.36.0-255,66,209,15,173742
8330,4.7e-05,172.217.194.0-255,1484,1693,15,173742
8331,5.1e-05,172.31.36.0-255,66,1759,15,173742
8332,5.7e-05,172.217.194.0-255,2902,4661,15,173742
8333,6e-05,172.31.36.0-255,66,4727,15,173742
8334,6.7e-05,172.217.194.0-255,7156,11883,15,173742
8335,7e-05,172.31.36.0-255,66,11949,15,173742
8336,7.2e-05,172.217.194.0-255,1484,13433,15,173742
8337,7.5e-05,172.31.36.0-255,66,13499,15,173742
8338,0.00011,172.217.194.0-255,2902,16401,15,173742
8339,0.000113,172.31.36.0-255,66,16467,15,173742
8340,0.000137,172.31.36.0-255,66,16533,15,173742
8341,0.000141,172.217.194.0-255,2902,19435,15,173742
8342,0.000143,172.31.36.0-255,66,19501,15,173742
8343,0.00016,172.217.194.0-255,7156,26657,15,173742
8344,0.000163,172.31.36.0-255,66,26723,15,173742
8345,0.000187,172.217.194.0-255,2902,29625,15,173742
8346,0.00019,172.31.36.0-255,66,29691,15,173742
8347,0.000199,172.217.194.0-255,7156,36847,15,173742
8348,0.000201,172.31.36.0-255,66,36913,15,173742
8349,0.000205,172.217.194.0-255,2184,39097,15,173742
8350,0.000208,172.31.36.0-255,66,39163,15,173742
8351,0.000757,172.217.194.0-255,1484,40647,15,173742
8352,0.000762,172.31.36.0-255,66,40713,15,173742
8353,0.000772,172.217.194.0-255,2902,43615,15,173742
8354,0.000774,172.31.36.0-255,66,43681,15,173742
8355,0.000801,172.217.194.0-255,1484,45165,15,173742
8356,0.000804,172.31.36.0-255,66,45231,15,173742
8357,0.00082,172.217.194.0-255,4320,49551,15,173742
8358,0.000823,172.31.36.0-255,66,49617,15,173742
8359,0.00083,172.217.194.0-255,5738,55355,15,173742
8360,0.000832,172.31.36.0-255,66,55421,15,173742
8361,0.00085,172.217.194.0-255,1715,57136,15,173742
8362,0.000854,172.31.36.0-255,66,57202,15,173742
8363,0.001465,172.217.194.0-255,1484,58686,15,173742
8364,0.001476,172.217.194.0-255,2902,61588,15,173742
8365,0.001481,172.31.36.0-255,66,61654,15,173742
8366,0.001488,172.217.194.0-255,5738,67392,15,173742
8367,0.001491,172.31.36.0-255,66,67458,15,173742
8368,0.001496,172.217.194.0-255,4320,71778,15,173742
8369,0.001498,172.31.36.0-255,66,71844,15,173742
8370,0.001542,172.31.36.0-255,66,71910,15,173742
8371,0.001546,172.217.194.0-255,3602,75512,15,173742
8372,0.001548,172.31.36.0-255,66,75578,15,173742
8373,0.001617,172.217.194.0-255,1484,77062,15,173742
8374,0.001628,172.217.194.0-255,2902,79964,15,173742
8375,0.00163,172.31.36.0-255,66,80030,15,173742
8376,0.001652,172.217.194.0-255,5738,85768,15,173742
8377,0.001654,172.31.36.0-255,66,85834,15,173742
8378,0.001666,172.217.194.0-255,2902,88736,15,173742
8379,0.001668,172.31.36.0-255,66,88802,15,173742
8380,0.0017,172.31.36.0-255,66,88868,15,173742
8381,0.001713,172.31.36.0-255,66,88934,15,173742
8382,0.001741,172.217.194.0-255,1484,90418,15,173742
8383,0.001781,172.31.36.0-255,66,90484,15,173742
8384,0.001787,172.217.194.0-255,5020,95504,15,173742
8385,0.001789,172.31.36.0-255,66,95570,15,173742
8386,0.001807,172.217.194.0-255,1484,97054,15,173742
8387,0.001818,172.217.194.0-255,2902,99956,15,173742
8388,0.00182,172.31.36.0-255,66,100022,15,173742
8389,0.001823,172.217.194.0-255,1484,101506,15,173742
8390,0.001841,172.217.194.0-255,4320,105826,15,173742
8391,0.001843,172.31.36.0-255,66,105892,15,173742
8392,0.001869,172.31.36.0-255,66,105958,15,173742
8393,0.001897,172.217.194.0-255,4320,110278,15,173742
8394,0.001899,172.31.36.0-255,66,110344,15,173742
8395,0.00191,172.31.36.0-255,66,110410,15,173742
8396,0.001938,172.217.194.0-255,1484,111894,15,173742
8397,0.001942,172.217.194.0-255,2902,114796,15,173742
8398,0.001944,172.31.36.0-255,66,114862,15,173742
8399,0.001947,172.217.194.0-255,1484,116346,15,173742
8400,0.001963,172.217.194.0-255,4320,120666,15,173742
8401,0.001966,172.31.36.0-255,66,120732,15,173742
8402,0.001971,172.217.194.0-255,5738,126470,15,173742
8403,0.001974,172.31.36.0-255,66,126536,15,173742
8404,0.001993,172.217.194.0-255,2902,129438,15,173742
8405,0.001995,172.31.36.0-255,66,129504,15,173742
8406,0.002024,172.31.36.0-255,66,129570,15,173742
8407,0.002035,172.31.36.0-255,66,129636,15,173742
8408,0.002129,172.31.36.0-255,66,129702,15,173742
8409,0.002135,172.217.194.0-255,2184,131886,15,173742
8410,0.002137,172.31.36.0-255,66,131952,15,173742
8411,0.002215,172.217.194.0-255,1484,133436,15,173742
8412,0.002229,172.217.194.0-255,2902,136338,15,173742
8413,0.002233,172.31.36.0-255,66,136404,15,173742
8414,0.002236,172.217.194.0-255,1484,137888,15,173742
8415,0.002254,172.217.194.0-255,4320,142208,15,173742
8416,0.002257,172.31.36.0-255,66,142274,15,173742
8417,0.002277,172.217.194.0-255,2902,145176,15,173742
8418,0.002281,172.31.36.0-255,66,145242,15,173742
8419,0.002309,172.31.36.0-255,66,145308,15,173742
8420,0.002312,172.217.194.0-255,1484,146792,15,173742
8421,0.002348,172.217.194.0-255,2902,149694,15,173742
8422,0.002351,172.31.36.0-255,66,149760,15,173742
8423,0.002373,172.217.194.0-255,6438,156198,15,173742
8424,0.002377,172.31.36.0-255,66,156264,15,173742
8425,0.002402,172.217.194.0-255,1484,157748,15,173742
8426,0.004718,172.217.194.0-255,4320,162068,15,173742
8427,0.004726,172.31.36.0-255,66,162134,15,173742
8428,0.007066,172.217.194.0-255,5738,167872,15,173742
8429,0.007072,172.31.36.0-255,66,167938,15,173742
8430,0.009427,172.217.194.0-255,5738,173676,15,173742
8431,0.00944,172.31.36.0-255,66,173742,15,173742
8432,0.0,172.217.194.0-255,153,153,15,100659
8433,2.7e-05,172.31.36.0-255,66,219,15,100659
8434,3.3e-05,172.217.194.0-255,1484,1703,15,100659
8435,3.7e-05,172.31.36.0-255,66,1769,15,100659
8436,4.3e-05,172.217.194.0-255,2902,4671,15,100659
8437,5.4e-05,172.31.36.0-255,66,4737,15,100659
8438,6.2e-05,172.217.194.0-255,7156,11893,15,100659
8439,6.5e-05,172.31.36.0-255,66,11959,15,100659
8440,7.2e-05,172.217.194.0-255,6245,18204,15,100659
8441,7.6e-05,172.31.36.0-255,66,18270,15,100659
8442,0.000116,172.217.194.0-255,5738,24008,15,100659
8443,0.000119,172.31.36.0-255,66,24074,15,100659
8444,0.000153,172.217.194.0-255,6797,30871,15,100659
8445,0.000157,172.31.36.0-255,66,30937,15,100659
8446,0.000161,172.217.194.0-255,1484,32421,15,100659
8447,0.000165,172.31.36.0-255,66,32487,15,100659
8448,0.000203,172.31.36.0-255,66,32553,15,100659
8449,0.000218,172.31.36.0-255,66,32619,15,100659
8450,0.000226,172.217.194.0-255,6752,39371,15,100659
8451,0.000228,172.31.36.0-255,66,39437,15,100659
8452,0.000274,172.217.194.0-255,98,39535,15,100659
8453,0.000278,172.31.36.0-255,66,39601,15,100659
8454,0.000862,172.217.194.0-255,1484,41085,15,100659
8455,0.000868,172.31.36.0-255,66,41151,15,100659
8456,0.000876,172.217.194.0-255,2902,44053,15,100659
8457,0.000879,172.31.36.0-255,66,44119,15,100659
8458,0.000888,172.217.194.0-255,1484,45603,15,100659
8459,0.000891,172.31.36.0-255,66,45669,15,100659
8460,0.000922,172.217.194.0-255,4320,49989,15,100659
8461,0.000926,172.31.36.0-255,66,50055,15,100659
8462,0.000933,172.217.194.0-255,5738,55793,15,100659
8463,0.000936,172.31.36.0-255,66,55859,15,100659
8464,0.00095,172.31.36.0-255,66,55925,15,100659
8465,0.000956,172.217.194.0-255,5020,60945,15,100659
8466,0.000958,172.31.36.0-255,66,61011,15,100659
8467,0.001028,172.217.194.0-255,364,61375,15,100659
8468,0.001814,172.217.194.0-255,1484,62859,15,100659
8469,0.00182,172.31.36.0-255,66,62925,15,100659
8470,0.001826,172.217.194.0-255,2902,65827,15,100659
8471,0.001829,172.31.36.0-255,66,65893,15,100659
8472,0.001834,172.217.194.0-255,2902,68795,15,100659
8473,0.001843,172.31.36.0-255,66,68861,15,100659
8474,0.001875,172.217.194.0-255,2902,71763,15,100659
8475,0.001879,172.31.36.0-255,66,71829,15,100659
8476,0.001893,172.31.36.0-255,66,71895,15,100659
8477,0.001896,172.217.194.0-255,1484,73379,15,100659
8478,0.001924,172.217.194.0-255,7156,80535,15,100659
8479,0.001927,172.31.36.0-255,66,80601,15,100659
8480,0.001931,172.217.194.0-255,2184,82785,15,100659
8481,0.001933,172.31.36.0-255,66,82851,15,100659
8482,0.004446,172.217.194.0-255,2902,85753,15,100659
8483,0.004451,172.31.36.0-255,66,85819,15,100659
8484,0.004485,172.217.194.0-255,2902,88721,15,100659
8485,0.004489,172.31.36.0-255,66,88787,15,100659
8486,0.006939,172.217.194.0-255,2902,91689,15,100659
8487,0.006945,172.31.36.0-255,66,91755,15,100659
8488,0.006998,172.217.194.0-255,2902,94657,15,100659
8489,0.007002,172.31.36.0-255,66,94723,15,100659
8490,0.00946,172.217.194.0-255,2902,97625,15,100659
8491,0.009469,172.31.36.0-255,66,97691,15,100659
8492,0.00954,172.217.194.0-255,2902,100593,15,100659
8493,0.009546,172.31.36.0-255,66,100659,15,100659
8494,0.0,172.217.160.0-255,150,150,15,159390
8495,1.5e-05,172.31.36.0-255,66,216,15,159390
8496,2.2e-05,172.217.160.0-255,1484,1700,15,159390
8497,2.7e-05,172.31.36.0-255,66,1766,15,159390
8498,3.3e-05,172.217.160.0-255,2902,4668,15,159390
8499,3.6e-05,172.31.36.0-255,66,4734,15,159390
8500,4.4e-05,172.217.160.0-255,7156,11890,15,159390
8501,4.8e-05,172.31.36.0-255,66,11956,15,159390
8502,5.5e-05,172.217.160.0-255,5738,17694,15,159390
8503,5.8e-05,172.31.36.0-255,66,17760,15,159390
8504,7.9e-05,172.217.160.0-255,1992,19752,15,159390
8505,8.2e-05,172.31.36.0-255,66,19818,15,159390
8506,9.6e-05,172.31.36.0-255,66,19884,15,159390
8507,0.000133,172.217.160.0-255,2902,22786,15,159390
8508,0.000135,172.31.36.0-255,66,22852,15,159390
8509,0.000169,172.217.160.0-255,2902,25754,15,159390
8510,0.000172,172.31.36.0-255,66,25820,15,159390
8511,0.000189,172.217.160.0-255,1484,27304,15,159390
8512,0.000191,172.31.36.0-255,66,27370,15,159390
8513,0.000197,172.217.160.0-255,5738,33108,15,159390
8514,0.0002,172.31.36.0-255,66,33174,15,159390
8515,0.000256,172.217.160.0-255,3961,37135,15,159390
8516,0.00026,172.31.36.0-255,66,37201,15,159390
8517,0.000266,172.217.160.0-255,4320,41521,15,159390
8518,0.000268,172.31.36.0-255,66,41587,15,159390
8519,0.000273,172.217.160.0-255,4320,45907,15,159390
8520,0.000276,172.31.36.0-255,66,45973,15,159390
8521,0.000299,172.217.160.0-255,5738,51711,15,159390
8522,0.000302,172.31.36.0-255,66,51777,15,159390
8523,0.000306,172.217.160.0-255,2543,54320,15,159390
8524,0.000308,172.31.36.0-255,66,54386,15,159390
8525,0.000323,172.217.160.0-255,374,54760,15,159390
8526,0.001033,172.217.160.0-255,102,54862,15,159390
8527,0.001173,172.217.160.0-255,1484,56346,15,159390
8528,0.001181,172.31.36.0-255,66,56412,15,159390
8529,0.001187,172.217.160.0-255,2902,59314,15,159390
8530,0.00119,172.31.36.0-255,66,59380,15,159390
8531,0.001197,172.217.160.0-255,5738,65118,15,159390
8532,0.001199,172.31.36.0-255,66,65184,15,159390
8533,0.00122,172.217.160.0-255,6797,71981,15,159390
8534,0.001223,172.31.36.0-255,66,72047,15,159390
8535,0.00123,172.217.160.0-255,4320,76367,15,159390
8536,0.001234,172.31.36.0-255,66,76433,15,159390
8537,0.001261,172.31.36.0-255,66,76499,15,159390
8538,0.001265,172.217.160.0-255,2543,79042,15,159390
8539,0.001267,172.31.36.0-255,66,79108,15,159390
8540,0.001591,172.217.160.0-255,1484,80592,15,159390
8541,0.0016,172.217.160.0-255,2902,83494,15,159390
8542,0.001605,172.31.36.0-255,66,83560,15,159390
8543,0.001613,172.217.160.0-255,5738,89298,15,159390
8544,0.001615,172.31.36.0-255,66,89364,15,159390
8545,0.001622,172.217.160.0-255,7156,96520,15,159390
8546,0.001625,172.31.36.0-255,66,96586,15,159390
8547,0.001658,172.31.36.0-255,66,96652,15,159390
8548,0.001698,172.31.36.0-255,66,96718,15,159390
8549,0.001711,172.31.36.0-255,66,96784,15,159390
8550,0.001724,172.217.160.0-255,1484,98268,15,159390
8551,0.001782,172.217.160.0-255,2902,101170,15,159390
8552,0.001785,172.31.36.0-255,66,101236,15,159390
8553,0.001792,172.217.160.0-255,5738,106974,15,159390
8554,0.001794,172.31.36.0-255,66,107040,15,159390
8555,0.0018,172.217.160.0-255,3602,110642,15,159390
8556,0.001802,172.31.36.0-255,66,110708,15,159390
8557,0.001808,172.217.160.0-255,4320,115028,15,159390
8558,0.00181,172.31.36.0-255,66,115094,15,159390
8559,0.001814,172.217.160.0-255,1484,116578,15,159390
8560,0.001851,172.31.36.0-255,66,116644,15,159390
8561,0.001858,172.217.160.0-255,7156,123800,15,159390
8562,0.001861,172.31.36.0-255,66,123866,15,159390
8563,0.001922,172.217.160.0-255,5738,129604,15,159390
8564,0.001924,172.31.36.0-255,66,129670,15,159390
8565,0.001948,172.217.160.0-255,6438,136108,15,159390
8566,0.00195,172.31.36.0-255,66,136174,15,159390
8567,0.003858,172.217.160.0-255,5738,141912,15,159390
8568,0.003863,172.31.36.0-255,66,141978,15,159390
8569,0.005799,172.217.160.0-255,5738,147716,15,159390
8570,0.005808,172.31.36.0-255,66,147782,15,159390
8571,0.007728,172.217.160.0-255,5738,153520,15,159390
8572,0.007741,172.31.36.0-255,66,153586,15,159390
8573,0.009675,172.217.160.0-255,5738,159324,15,159390
8574,0.00969,172.31.36.0-255,66,159390,15,159390
8575,0.0,172.217.194.0-255,153,153,15,101695
8576,2.4e-05,172.31.36.0-255,66,219,15,101695
8577,3.1e-05,172.217.194.0-255,1484,1703,15,101695
8578,3.6e-05,172.31.36.0-255,66,1769,15,101695
8579,4.9e-05,172.217.194.0-255,2902,4671,15,101695
8580,5.2e-05,172.31.36.0-255,66,4737,15,101695
8581,5.7e-05,172.217.194.0-255,2902,7639,15,101695
8582,5.9e-05,172.31.36.0-255,66,7705,15,101695
8583,9.3e-05,172.217.194.0-255,6339,14044,15,101695
8584,9.6e-05,172.31.36.0-255,66,14110,15,101695
8585,0.000122,172.217.194.0-255,2902,17012,15,101695
8586,0.000125,172.31.36.0-255,66,17078,15,101695
8587,0.00013,172.217.194.0-255,4320,21398,15,101695
8588,0.000133,172.31.36.0-255,66,21464,15,101695
8589,0.00014,172.217.194.0-255,5738,27202,15,101695
8590,0.000143,172.31.36.0-255,66,27268,15,101695
8591,0.000174,172.217.194.0-255,2902,30170,15,101695
8592,0.000176,172.31.36.0-255,66,30236,15,101695
8593,0.00018,172.217.194.0-255,1125,31361,15,101695
8594,0.000182,172.31.36.0-255,66,31427,15,101695
8595,0.000266,172.217.194.0-255,1484,32911,15,101695
8596,0.000269,172.31.36.0-255,66,32977,15,101695
8597,0.000275,172.217.194.0-255,2902,35879,15,101695
8598,0.000277,172.31.36.0-255,66,35945,15,101695
8599,0.000289,172.217.194.0-255,5738,41683,15,101695
8600,0.000291,172.31.36.0-255,66,41749,15,101695
8601,0.000332,172.31.36.0-255,66,41815,15,101695
8602,0.00036,172.217.194.0-255,2543,44358,15,101695
8603,0.000363,172.31.36.0-255,66,44424,15,101695
8604,0.00038,172.31.36.0-255,66,44490,15,101695
8605,0.000383,172.217.194.0-255,393,44883,15,101695
8606,0.000502,172.217.194.0-255,380,45263,15,101695
8607,0.000976,172.217.194.0-255,1484,46747,15,101695
8608,0.000982,172.31.36.0-255,66,46813,15,101695
8609,0.000989,172.217.194.0-255,2902,49715,15,101695
8610,0.000991,172.31.36.0-255,66,49781,15,101695
8611,0.001019,172.217.194.0-255,5738,55519,15,101695
8612,0.001022,172.31.36.0-255,66,55585,15,101695
8613,0.001063,172.31.36.0-255,66,55651,15,101695
8614,0.001087,172.217.194.0-255,1484,57135,15,101695
8615,0.001103,172.31.36.0-255,66,57201,15,101695
8616,0.001764,172.217.194.0-255,1484,58685,15,101695
8617,0.001774,172.217.194.0-255,2902,61587,15,101695
8618,0.001778,172.31.36.0-255,66,61653,15,101695
8619,0.001787,172.217.194.0-255,5738,67391,15,101695
8620,0.001789,172.31.36.0-255,66,67457,15,101695
8621,0.001793,172.217.194.0-255,1484,68941,15,101695
8622,0.001838,172.31.36.0-255,66,69007,15,101695
8623,0.001845,172.217.194.0-255,5738,74745,15,101695
8624,0.001847,172.31.36.0-255,66,74811,15,101695
8625,0.001878,172.217.194.0-255,3602,78413,15,101695
8626,0.00188,172.31.36.0-255,66,78479,15,101695
8627,0.003865,172.217.194.0-255,1484,79963,15,101695
8628,0.003889,172.217.194.0-255,4320,84283,15,101695
8629,0.003893,172.31.36.0-255,66,84349,15,101695
8630,0.005934,172.217.194.0-255,5738,90087,15,101695
8631,0.005938,172.31.36.0-255,66,90153,15,101695
8632,0.007953,172.217.194.0-255,5738,95891,15,101695
8633,0.00796,172.31.36.0-255,66,95957,15,101695
8634,0.009998,172.217.194.0-255,5738,101695,15,101695
8635,0.0,172.217.194.0-255,219,219,15,156602
8636,2e-05,172.31.36.0-255,66,285,15,156602
8637,2.7e-05,172.217.194.0-255,1484,1769,15,156602
8638,3.1e-05,172.31.36.0-255,66,1835,15,156602
8639,4.8e-05,172.217.194.0-255,4320,6155,15,156602
8640,5.1e-05,172.31.36.0-255,66,6221,15,156602
8641,6.3e-05,172.31.36.0-255,66,6287,15,156602
8642,0.000113,172.217.194.0-255,2902,9189,15,156602
8643,0.000116,172.31.36.0-255,66,9255,15,156602
8644,0.000123,172.217.194.0-255,4320,13575,15,156602
8645,0.000125,172.31.36.0-255,66,13641,15,156602
8646,0.000142,172.31.36.0-255,66,13707,15,156602
8647,0.000145,172.217.194.0-255,1125,14832,15,156602
8648,0.000149,172.31.36.0-255,66,14898,15,156602
8649,0.000221,172.217.194.0-255,1484,16382,15,156602
8650,0.000224,172.31.36.0-255,66,16448,15,156602
8651,0.000229,172.217.194.0-255,2902,19350,15,156602
8652,0.000233,172.31.36.0-255,66,19416,15,156602
8653,0.000236,172.217.194.0-255,1484,20900,15,156602
8654,0.000244,172.31.36.0-255,66,20966,15,156602
8655,0.00028,172.217.194.0-255,4320,25286,15,156602
8656,0.000284,172.31.36.0-255,66,25352,15,156602
8657,0.000291,172.217.194.0-255,5738,31090,15,156602
8658,0.000293,172.31.36.0-255,66,31156,15,156602
8659,0.000297,172.217.194.0-255,2543,33699,15,156602
8660,0.000299,172.31.36.0-255,66,33765,15,156602
8661,0.000309,172.217.194.0-255,2902,36667,15,156602
8662,0.000312,172.31.36.0-255,66,36733,15,156602
8663,0.000316,172.217.194.0-255,2902,39635,15,156602
8664,0.000319,172.31.36.0-255,66,39701,15,156602
8665,0.000345,172.217.194.0-255,4320,44021,15,156602
8666,0.000354,172.31.36.0-255,66,44087,15,156602
8667,0.00036,172.217.194.0-255,5725,49812,15,156602
8668,0.000364,172.31.36.0-255,66,49878,15,156602
8669,0.000412,172.217.194.0-255,364,50242,15,156602
8670,0.000687,172.217.194.0-255,1484,51726,15,156602
8671,0.000691,172.31.36.0-255,66,51792,15,156602
8672,0.000696,172.217.194.0-255,2902,54694,15,156602
8673,0.000699,172.31.36.0-255,66,54760,15,156602
8674,0.000705,172.217.194.0-255,5738,60498,15,156602
8675,0.000713,172.31.36.0-255,66,60564,15,156602
8676,0.000718,172.217.194.0-255,5738,66302,15,156602
8677,0.00072,172.31.36.0-255,66,66368,15,156602
8678,0.000769,172.217.194.0-255,5020,71388,15,156602
8679,0.00077,172.31.36.0-255,66,71454,15,156602
8680,0.000773,172.31.36.0-255,66,71520,15,156602
8681,0.000901,172.217.194.0-255,1484,73004,15,156602
8682,0.000908,172.217.194.0-255,2902,75906,15,156602
8683,0.000911,172.31.36.0-255,66,75972,15,156602
8684,0.000946,172.217.194.0-255,5738,81710,15,156602
8685,0.000949,172.31.36.0-255,66,81776,15,156602
8686,0.000962,172.31.36.0-255,66,81842,15,156602
8687,0.000971,172.217.194.0-255,1484,83326,15,156602
8688,0.001011,172.31.36.0-255,66,83392,15,156602
8689,0.001305,172.217.194.0-255,1484,84876,15,156602
8690,0.00131,172.217.194.0-255,2902,87778,15,156602
8691,0.001313,172.31.36.0-255,66,87844,15,156602
8692,0.001342,172.217.194.0-255,5738,93582,15,156602
8693,0.001345,172.31.36.0-255,66,93648,15,156602
8694,0.00135,172.217.194.0-255,2902,96550,15,156602
8695,0.001353,172.31.36.0-255,66,96616,15,156602
8696,0.001388,172.31.36.0-255,66,96682,15,156602
8697,0.001406,172.31.36.0-255,66,96748,15,156602
8698,0.001412,172.217.194.0-255,5738,102486,15,156602
8699,0.001414,172.31.36.0-255,66,102552,15,156602
8700,0.001443,172.217.194.0-255,5738,108290,15,156602
8701,0.001452,172.31.36.0-255,66,108356,15,156602
8702,0.001454,172.217.194.0-255,7156,115512,15,156602
8703,0.001456,172.31.36.0-255,66,115578,15,156602
8704,0.001479,172.217.194.0-255,4320,119898,15,156602
8705,0.001488,172.31.36.0-255,66,119964,15,156602
8706,0.001521,172.31.36.0-255,66,120030,15,156602
8707,0.001936,172.217.194.0-255,1484,121514,15,156602
8708,0.001955,172.217.194.0-255,2902,124416,15,156602
8709,0.001959,172.31.36.0-255,66,124482,15,156602
8710,0.001965,172.217.194.0-255,4320,128802,15,156602
8711,0.001967,172.31.36.0-255,66,128868,15,156602
8712,0.001987,172.217.194.0-255,1484,130352,15,156602
8713,0.002004,172.31.36.0-255,66,130418,15,156602
8714,0.002048,172.217.194.0-255,4320,134738,15,156602
8715,0.002052,172.31.36.0-255,66,134804,15,156602
8716,0.00208,172.217.194.0-255,4320,139124,15,156602
8717,0.002083,172.31.36.0-255,66,139190,15,156602
8718,0.004039,172.217.194.0-255,5738,144928,15,156602
8719,0.004046,172.31.36.0-255,66,144994,15,156602
8720,0.006017,172.217.194.0-255,5738,150732,15,156602
8721,0.00602,172.31.36.0-255,66,150798,15,156602
8722,0.00802,172.217.194.0-255,5738,156536,15,156602
8723,0.008023,172.31.36.0-255,66,156602,15,156602
8724,0.0,74.125.24.0-255,153,153,15,146508
8725,3.6e-05,172.31.36.0-255,66,219,15,146508
8726,4.3e-05,74.125.24.0-255,1484,1703,15,146508
8727,4.6e-05,172.31.36.0-255,66,1769,15,146508
8728,5.1e-05,74.125.24.0-255,2902,4671,15,146508
8729,5.4e-05,172.31.36.0-255,66,4737,15,146508
8730,6.1e-05,74.125.24.0-255,7156,11893,15,146508
8731,6.4e-05,172.31.36.0-255,66,11959,15,146508
8732,6.9e-05,74.125.24.0-255,4776,16735,15,146508
8733,7.2e-05,172.31.36.0-255,66,16801,15,146508
8734,7.7e-05,74.125.24.0-255,2902,19703,15,146508
8735,8e-05,172.31.36.0-255,66,19769,15,146508
8736,0.000119,172.31.36.0-255,66,19835,15,146508
8737,0.000167,74.125.24.0-255,1484,21319,15,146508
8738,0.000172,172.31.36.0-255,66,21385,15,146508
8739,0.000177,74.125.24.0-255,2902,24287,15,146508
8740,0.000179,172.31.36.0-255,66,24353,15,146508
8741,0.000186,74.125.24.0-255,5738,30091,15,146508
8742,0.000189,172.31.36.0-255,66,30157,15,146508
8743,0.00022,172.31.36.0-255,66,30223,15,146508
8744,0.000225,74.125.24.0-255,4320,34543,15,146508
8745,0.000228,172.31.36.0-255,66,34609,15,146508
8746,0.000265,172.31.36.0-255,66,34675,15,146508
8747,0.000314,74.125.24.0-255,112,34787,15,146508
8748,0.000318,172.31.36.0-255,66,34853,15,146508
8749,0.000409,74.125.24.0-255,1484,36337,15,146508
8750,0.000414,172.31.36.0-255,66,36403,15,146508
8751,0.00042,74.125.24.0-255,2902,39305,15,146508
8752,0.000423,172.31.36.0-255,66,39371,15,146508
8753,0.00043,74.125.24.0-255,5738,45109,15,146508
8754,0.000434,172.31.36.0-255,66,45175,15,146508
8755,0.000455,74.125.24.0-255,1484,46659,15,146508
8756,0.000479,74.125.24.0-255,5379,52038,15,146508
8757,0.000482,172.31.36.0-255,66,52104,15,146508
8758,0.000503,74.125.24.0-255,4320,56424,15,146508
8759,0.000506,172.31.36.0-255,66,56490,15,146508
8760,0.000513,74.125.24.0-255,5738,62228,15,146508
8761,0.000516,172.31.36.0-255,66,62294,15,146508
8762,0.000557,74.125.24.0-255,4320,66614,15,146508
8763,0.000561,172.31.36.0-255,66,66680,15,146508
8764,0.000577,74.125.24.0-255,2543,69223,15,146508
8765,0.00058,172.31.36.0-255,66,69289,15,146508
8766,0.000621,74.125.24.0-255,333,69622,15,146508
8767,0.000771,74.125.24.0-255,1484,71106,15,146508
8768,0.000776,172.31.36.0-255,66,71172,15,146508
8769,0.000781,74.125.24.0-255,2902,74074,15,146508
8770,0.000783,172.31.36.0-255,66,74140,15,146508
8771,0.000787,74.125.24.0-255,1484,75624,15,146508
8772,0.000809,74.125.24.0-255,4320,79944,15,146508
8773,0.000812,172.31.36.0-255,66,80010,15,146508
8774,0.000823,172.31.36.0-255,66,80076,15,146508
8775,0.000844,74.125.24.0-255,2902,82978,15,146508
8776,0.000848,172.31.36.0-255,66,83044,15,146508
8777,0.000863,172.31.36.0-255,66,83110,15,146508
8778,0.001048,74.125.24.0-255,1484,84594,15,146508
8779,0.001053,74.125.24.0-255,1484,86078,15,146508
8780,0.001057,172.31.36.0-255,66,86144,15,146508
8781,0.001074,74.125.24.0-255,1484,87628,15,146508
8782,0.001081,74.125.24.0-255,5738,93366,15,146508
8783,0.001083,172.31.36.0-255,66,93432,15,146508
8784,0.001123,172.31.36.0-255,66,93498,15,146508
8785,0.00115,172.31.36.0-255,66,93564,15,146508
8786,0.001875,74.125.24.0-255,1484,95048,15,146508
8787,0.001885,74.125.24.0-255,2902,97950,15,146508
8788,0.001891,172.31.36.0-255,66,98016,15,146508
8789,0.001899,74.125.24.0-255,5738,103754,15,146508
8790,0.001901,172.31.36.0-255,66,103820,15,146508
8791,0.001944,74.125.24.0-255,1484,105304,15,146508
8792,0.001969,172.31.36.0-255,66,105370,15,146508
8793,0.001979,172.31.36.0-255,66,105436,15,146508
8794,0.001984,74.125.24.0-255,2184,107620,15,146508
8795,0.001987,172.31.36.0-255,66,107686,15,146508
8796,0.00203,74.125.24.0-255,1484,109170,15,146508
8797,0.002037,74.125.24.0-255,2902,112072,15,146508
8798,0.002039,172.31.36.0-255,66,112138,15,146508
8799,0.002063,74.125.24.0-255,4320,116458,15,146508
8800,0.002066,172.31.36.0-255,66,116524,15,146508
8801,0.002087,74.125.24.0-255,1484,118008,15,146508
8802,0.002101,172.31.36.0-255,66,118074,15,146508
8803,0.002105,74.125.24.0-255,1484,119558,15,146508
8804,0.002147,74.125.24.0-255,2902,122460,15,146508
8805,0.002149,172.31.36.0-255,66,122526,15,146508
8806,0.002167,74.125.24.0-255,1484,124010,15,146508
8807,0.002186,74.125.24.0-255,5020,129030,15,146508
8808,0.002188,172.31.36.0-255,66,129096,15,146508
8809,0.004548,74.125.24.0-255,5738,134834,15,146508
8810,0.004553,172.31.36.0-255,66,134900,15,146508
8811,0.006943,74.125.24.0-255,5738,140638,15,146508
8812,0.006948,172.31.36.0-255,66,140704,15,146508
8813,0.009357,74.125.24.0-255,5738,146442,15,146508
8814,0.009364,172.31.36.0-255,66,146508,15,146508
8815,0.0,172.217.194.0-255,143,143,15,72507
8816,2.3e-05,172.31.36.0-255,66,209,15,72507
8817,3e-05,172.217.194.0-255,1484,1693,15,72507
8818,3.4e-05,172.31.36.0-255,66,1759,15,72507
8819,3.9e-05,172.217.194.0-255,2902,4661,15,72507
8820,4.2e-05,172.31.36.0-255,66,4727,15,72507
8821,7.3e-05,172.217.194.0-255,7156,11883,15,72507
8822,7.7e-05,172.31.36.0-255,66,11949,15,72507
8823,8.2e-05,172.217.194.0-255,2037,13986,15,72507
8824,8.5e-05,172.31.36.0-255,66,14052,15,72507
8825,0.00014,172.31.36.0-255,66,14118,15,72507
8826,0.000145,172.217.194.0-255,4320,18438,15,72507
8827,0.000148,172.31.36.0-255,66,18504,15,72507
8828,0.000185,172.31.36.0-255,66,18570,15,72507
8829,0.000206,172.217.194.0-255,5738,24308,15,72507
8830,0.000209,172.31.36.0-255,66,24374,15,72507
8831,0.000212,172.217.194.0-255,766,25140,15,72507
8832,0.000214,172.31.36.0-255,66,25206,15,72507
8833,0.001725,172.217.194.0-255,1484,26690,15,72507
8834,0.001733,172.31.36.0-255,66,26756,15,72507
8835,0.001743,172.217.194.0-255,2902,29658,15,72507
8836,0.001745,172.31.36.0-255,66,29724,15,72507
8837,0.001763,172.217.194.0-255,4320,34044,15,72507
8838,0.001764,172.31.36.0-255,66,34110,15,72507
8839,0.001784,172.217.194.0-255,1484,35594,15,72507
8840,0.001786,172.31.36.0-255,66,35660,15,72507
8841,0.001815,172.217.194.0-255,5738,41398,15,72507
8842,0.001817,172.31.36.0-255,66,41464,15,72507
8843,0.001837,172.217.194.0-255,5379,46843,15,72507
8844,0.001839,172.31.36.0-255,66,46909,15,72507
8845,0.001866,172.31.36.0-255,66,46975,15,72507
8846,0.0019,172.31.36.0-255,66,47041,15,72507
8847,0.001925,172.217.194.0-255,2902,49943,15,72507
8848,0.001926,172.31.36.0-255,66,50009,15,72507
8849,0.001932,172.217.194.0-255,5020,55029,15,72507
8850,0.001934,172.31.36.0-255,66,55095,15,72507
8851,0.004242,172.217.194.0-255,5738,60833,15,72507
8852,0.004245,172.31.36.0-255,66,60899,15,72507
8853,0.006571,172.217.194.0-255,5738,66637,15,72507
8854,0.006576,172.31.36.0-255,66,66703,15,72507
8855,0.008896,172.217.194.0-255,5738,72441,15,72507
8856,0.008904,172.31.36.0-255,66,72507,15,72507
8857,0.0,172.217.194.0-255,153,153,15,158422
8858,2.7e-05,172.31.36.0-255,66,219,15,158422
8859,3.5e-05,172.217.194.0-255,1484,1703,15,158422
8860,3.9e-05,172.31.36.0-255,66,1769,15,158422
8861,4.4e-05,172.217.194.0-255,2902,4671,15,158422
8862,5.5e-05,172.31.36.0-255,66,4737,15,158422
8863,6.2e-05,172.217.194.0-255,7156,11893,15,158422
8864,6.5e-05,172.31.36.0-255,66,11959,15,158422
8865,6.9e-05,172.217.194.0-255,2048,14007,15,158422
8866,7.1e-05,172.31.36.0-255,66,14073,15,158422
8867,0.000103,172.217.194.0-255,5738,19811,15,158422
8868,0.000106,172.31.36.0-255,66,19877,15,158422
8869,0.000136,172.217.194.0-255,5738,25615,15,158422
8870,0.00014,172.31.36.0-255,66,25681,15,158422
8871,0.000145,172.217.194.0-255,4320,30001,15,158422
8872,0.000147,172.31.36.0-255,66,30067,15,158422
8873,0.000151,172.217.194.0-255,1125,31192,15,158422
8874,0.000153,172.31.36.0-255,66,31258,15,158422
8875,0.000201,172.217.194.0-255,1484,32742,15,158422
8876,0.000204,172.31.36.0-255,66,32808,15,158422
8877,0.000232,172.217.194.0-255,2902,35710,15,158422
8878,0.000235,172.31.36.0-255,66,35776,15,158422
8879,0.000239,172.217.194.0-255,2902,38678,15,158422
8880,0.000241,172.31.36.0-255,66,38744,15,158422
8881,0.000272,172.217.194.0-255,2902,41646,15,158422
8882,0.000276,172.31.36.0-255,66,41712,15,158422
8883,0.000287,172.31.36.0-255,66,41778,15,158422
8884,0.000318,172.217.194.0-255,5738,47516,15,158422
8885,0.000323,172.31.36.0-255,66,47582,15,158422
8886,0.00036,172.31.36.0-255,66,47648,15,158422
8887,0.000763,172.217.194.0-255,117,47765,15,158422
8888,0.000794,172.31.36.0-255,66,47831,15,158422
8889,0.000815,172.217.194.0-255,1484,49315,15,158422
8890,0.00082,172.217.194.0-255,1484,50799,15,158422
8891,0.000824,172.31.36.0-255,66,50865,15,158422
8892,0.000841,172.217.194.0-255,1484,52349,15,158422
8893,0.000846,172.217.194.0-255,2902,55251,15,158422
8894,0.000848,172.31.36.0-255,66,55317,15,158422
8895,0.000883,172.217.194.0-255,4320,59637,15,158422
8896,0.000886,172.31.36.0-255,66,59703,15,158422
8897,0.000894,172.217.194.0-255,5672,65375,15,158422
8898,0.000896,172.31.36.0-255,66,65441,15,158422
8899,0.001056,172.217.194.0-255,1484,66925,15,158422
8900,0.001066,172.217.194.0-255,2902,69827,15,158422
8901,0.00107,172.31.36.0-255,66,69893,15,158422
8902,0.001076,172.217.194.0-255,5738,75631,15,158422
8903,0.001078,172.31.36.0-255,66,75697,15,158422
8904,0.001111,172.217.194.0-255,5738,81435,15,158422
8905,0.001116,172.31.36.0-255,66,81501,15,158422
8906,0.001146,172.217.194.0-255,7156,88657,15,158422
8907,0.00115,172.31.36.0-255,66,88723,15,158422
8908,0.001162,172.31.36.0-255,66,88789,15,158422
8909,0.001164,172.217.194.0-255,766,89555,15,158422
8910,0.001677,172.217.194.0-255,1484,91039,15,158422
8911,0.001684,172.31.36.0-255,66,91105,15,158422
8912,0.001691,172.217.194.0-255,2902,94007,15,158422
8913,0.001693,172.31.36.0-255,66,94073,15,158422
8914,0.001722,172.217.194.0-255,5738,99811,15,158422
8915,0.001726,172.31.36.0-255,66,99877,15,158422
8916,0.001787,172.31.36.0-255,66,99943,15,158422
8917,0.001821,172.217.194.0-255,7156,107099,15,158422
8918,0.001826,172.31.36.0-255,66,107165,15,158422
8919,0.001857,172.217.194.0-255,3602,110767,15,158422
8920,0.001861,172.31.36.0-255,66,110833,15,158422
8921,0.002152,172.217.194.0-255,1484,112317,15,158422
8922,0.002179,172.217.194.0-255,2902,115219,15,158422
8923,0.002183,172.31.36.0-255,66,115285,15,158422
8924,0.002191,172.217.194.0-255,5738,121023,15,158422
8925,0.002194,172.31.36.0-255,66,121089,15,158422
8926,0.002205,172.217.194.0-255,5738,126827,15,158422
8927,0.002208,172.31.36.0-255,66,126893,15,158422
8928,0.002214,172.217.194.0-255,4320,131213,15,158422
8929,0.002216,172.31.36.0-255,66,131279,15,158422
8930,0.002258,172.31.36.0-255,66,131345,15,158422
8931,0.00227,172.31.36.0-255,66,131411,15,158422
8932,0.002277,172.217.194.0-255,5738,137149,15,158422
8933,0.002279,172.31.36.0-255,66,137215,15,158422
8934,0.002321,172.217.194.0-255,5738,142953,15,158422
8935,0.002324,172.31.36.0-255,66,143019,15,158422
8936,0.002339,172.31.36.0-255,66,143085,15,158422
8937,0.002355,172.31.36.0-255,66,143151,15,158422
8938,0.002368,172.31.36.0-255,66,143217,15,158422
8939,0.002415,172.217.194.0-255,4320,147537,15,158422
8940,0.002418,172.31.36.0-255,66,147603,15,158422
8941,0.002464,172.31.36.0-255,66,147669,15,158422
8942,0.002484,172.31.36.0-255,66,147735,15,158422
8943,0.002551,172.31.36.0-255,66,147801,15,158422
8944,0.002597,172.31.36.0-255,66,147867,15,158422
8945,0.002615,172.31.36.0-255,66,147933,15,158422
8946,0.002629,172.31.36.0-255,66,147999,15,158422
8947,0.003766,172.31.36.0-255,101,148100,15,158422
8948,0.005252,172.217.194.0-255,4320,152420,15,158422
8949,0.005258,172.31.36.0-255,66,152486,15,158422
8950,0.005285,172.217.194.0-255,1484,153970,15,158422
8951,0.006354,172.217.194.0-255,66,154036,15,158422
8952,0.00786,172.217.194.0-255,4320,158356,15,158422
8953,0.007865,172.31.36.0-255,66,158422,15,158422
8954,0.0,74.125.68.0-255,153,153,15,168201
8955,2.5e-05,172.31.36.0-255,66,219,15,168201
8956,3.2e-05,74.125.68.0-255,1484,1703,15,168201
8957,3.8e-05,172.31.36.0-255,66,1769,15,168201
8958,5.2e-05,74.125.68.0-255,2902,4671,15,168201
8959,5.6e-05,172.31.36.0-255,66,4737,15,168201
8960,5.9e-05,74.125.68.0-255,1484,6221,15,168201
8961,6.1e-05,172.31.36.0-255,66,6287,15,168201
8962,6.7e-05,74.125.68.0-255,2902,9189,15,168201
8963,6.9e-05,172.31.36.0-255,66,9255,15,168201
8964,7.8e-05,74.125.68.0-255,6335,15590,15,168201
8965,8.2e-05,172.31.36.0-255,66,15656,15,168201
8966,8.7e-05,74.125.68.0-255,4320,19976,15,168201
8967,9e-05,172.31.36.0-255,66,20042,15,168201
8968,9.7e-05,74.125.68.0-255,5738,25780,15,168201
8969,9.9e-05,172.31.36.0-255,66,25846,15,168201
8970,0.00016,74.125.68.0-255,5379,31225,15,168201
8971,0.000164,172.31.36.0-255,66,31291,15,168201
8972,0.000215,74.125.68.0-255,1484,32775,15,168201
8973,0.000217,172.31.36.0-255,66,32841,15,168201
8974,0.000222,74.125.68.0-255,2902,35743,15,168201
8975,0.000224,172.31.36.0-255,66,35809,15,168201
8976,0.000227,74.125.68.0-255,1484,37293,15,168201
8977,0.000229,172.31.36.0-255,66,37359,15,168201
8978,0.000268,74.125.68.0-255,2902,40261,15,168201
8979,0.000271,172.31.36.0-255,66,40327,15,168201
8980,0.000278,74.125.68.0-255,5738,46065,15,168201
8981,0.00028,172.31.36.0-255,66,46131,15,168201
8982,0.000298,172.31.36.0-255,66,46197,15,168201
8983,0.000305,74.125.68.0-255,5738,51935,15,168201
8984,0.00031,172.31.36.0-255,66,52001,15,168201
8985,0.000343,74.125.68.0-255,2516,54517,15,168201
8986,0.000346,172.31.36.0-255,66,54583,15,168201
8987,0.000482,74.125.68.0-255,111,54694,15,168201
8988,0.000487,74.125.68.0-255,331,55025,15,168201
8989,0.000626,74.125.68.0-255,1484,56509,15,168201
8990,0.000639,172.31.36.0-255,66,56575,15,168201
8991,0.000645,74.125.68.0-255,2902,59477,15,168201
8992,0.000649,172.31.36.0-255,66,59543,15,168201
8993,0.000662,74.125.68.0-255,5738,65281,15,168201
8994,0.000665,172.31.36.0-255,66,65347,15,168201
8995,0.000727,172.31.36.0-255,66,65413,15,168201
8996,0.000733,74.125.68.0-255,5738,71151,15,168201
8997,0.000736,172.31.36.0-255,66,71217,15,168201
8998,0.000739,74.125.68.0-255,1484,72701,15,168201
8999,0.000771,74.125.68.0-255,3602,76303,15,168201
9000,0.000774,172.31.36.0-255,66,76369,15,168201
9001,0.001445,74.125.68.0-255,1484,77853,15,168201
9002,0.00145,74.125.68.0-255,1484,79337,15,168201
9003,0.001454,172.31.36.0-255,66,79403,15,168201
9004,0.001459,74.125.68.0-255,1484,80887,15,168201
9005,0.00148,74.125.68.0-255,1484,82371,15,168201
9006,0.001482,172.31.36.0-255,66,82437,15,168201
9007,0.001489,74.125.68.0-255,5738,88175,15,168201
9008,0.001491,172.31.36.0-255,66,88241,15,168201
9009,0.001508,74.125.68.0-255,1484,89725,15,168201
9010,0.001533,74.125.68.0-255,7156,96881,15,168201
9011,0.001535,172.31.36.0-255,66,96947,15,168201
9012,0.001539,74.125.68.0-255,1484,98431,15,168201
9013,0.00157,172.31.36.0-255,66,98497,15,168201
9014,0.001575,74.125.68.0-255,3602,102099,15,168201
9015,0.001577,172.31.36.0-255,66,102165,15,168201
9016,0.001625,74.125.68.0-255,1484,103649,15,168201
9017,0.001629,74.125.68.0-255,2902,106551,15,168201
9018,0.001631,172.31.36.0-255,66,106617,15,168201
9019,0.001659,74.125.68.0-255,5738,112355,15,168201
9020,0.001662,172.31.36.0-255,66,112421,15,168201
9021,0.001665,74.125.68.0-255,1484,113905,15,168201
9022,0.001684,74.125.68.0-255,1484,115389,15,168201
9023,0.001686,172.31.36.0-255,66,115455,15,168201
9024,0.001692,74.125.68.0-255,4320,119775,15,168201
9025,0.001694,172.31.36.0-255,66,119841,15,168201
9026,0.00173,172.31.36.0-255,66,119907,15,168201
9027,0.001737,74.125.68.0-255,7156,127063,15,168201
9028,0.001739,172.31.36.0-255,66,127129,15,168201
9029,0.001741,74.125.68.0-255,766,127895,15,168201
9030,0.002186,74.125.68.0-255,1484,129379,15,168201
9031,0.002191,172.31.36.0-255,66,129445,15,168201
9032,0.002196,74.125.68.0-255,2902,132347,15,168201
9033,0.002198,172.31.36.0-255,66,132413,15,168201
9034,0.002227,74.125.68.0-255,4320,136733,15,168201
9035,0.00223,172.31.36.0-255,66,136799,15,168201
9036,0.002236,74.125.68.0-255,5738,142537,15,168201
9037,0.002237,172.31.36.0-255,66,142603,15,168201
9038,0.002272,172.31.36.0-255,66,142669,15,168201
9039,0.002277,74.125.68.0-255,4320,146989,15,168201
9040,0.002279,172.31.36.0-255,66,147055,15,168201
9041,0.002324,74.125.68.0-255,3602,150657,15,168201
9042,0.002327,172.31.36.0-255,66,150723,15,168201
9043,0.004587,74.125.68.0-255,1484,152207,15,168201
9044,0.004638,74.125.68.0-255,4320,156527,15,168201
9045,0.004642,172.31.36.0-255,66,156593,15,168201
9046,0.006975,74.125.68.0-255,5738,162331,15,168201
9047,0.006981,172.31.36.0-255,66,162397,15,168201
9048,0.009303,74.125.68.0-255,5738,168135,15,168201
9049,0.009317,172.31.36.0-255,66,168201,15,168201
9050,0.0,74.125.68.0-255,153,153,15,149299
9051,3.5e-05,172.31.36.0-255,66,219,15,149299
9052,4.2e-05,74.125.68.0-255,1484,1703,15,149299
9053,4.6e-05,172.31.36.0-255,66,1769,15,149299
9054,5.1e-05,74.125.68.0-255,2902,4671,15,149299
9055,5.4e-05,172.31.36.0-255,66,4737,15,149299
9056,6e-05,74.125.68.0-255,4320,9057,15,149299
9057,6.3e-05,172.31.36.0-255,66,9123,15,149299
9058,0.000101,172.31.36.0-255,66,9189,15,149299
9059,0.000106,74.125.68.0-255,4320,13509,15,149299
9060,0.000109,172.31.36.0-255,66,13575,15,149299
9061,0.000151,74.125.68.0-255,2902,16477,15,149299
9062,0.000155,172.31.36.0-255,66,16543,15,149299
9063,0.000172,74.125.68.0-255,5379,21922,15,149299
9064,0.000175,172.31.36.0-255,66,21988,15,149299
9065,0.000287,74.125.68.0-255,1484,23472,15,149299
9066,0.000292,172.31.36.0-255,66,23538,15,149299
9067,0.000298,74.125.68.0-255,2902,26440,15,149299
9068,0.0003,172.31.36.0-255,66,26506,15,149299
9069,0.000329,74.125.68.0-255,5738,32244,15,149299
9070,0.000333,172.31.36.0-255,66,32310,15,149299
9071,0.000336,74.125.68.0-255,1484,33794,15,149299
9072,0.000339,172.31.36.0-255,66,33860,15,149299
9073,0.000365,74.125.68.0-255,6797,40657,15,149299
9074,0.000369,172.31.36.0-255,66,40723,15,149299
9075,0.0004,172.31.36.0-255,66,40789,15,149299
9076,0.000403,74.125.68.0-255,1484,42273,15,149299
9077,0.000405,172.31.36.0-255,66,42339,15,149299
9078,0.00041,74.125.68.0-255,2902,45241,15,149299
9079,0.000413,172.31.36.0-255,66,45307,15,149299
9080,0.000445,74.125.68.0-255,2543,47850,15,149299
9081,0.00045,172.31.36.0-255,66,47916,15,149299
9082,0.000555,74.125.68.0-255,647,48563,15,149299
9083,0.000747,74.125.68.0-255,1484,50047,15,149299
9084,0.000751,172.31.36.0-255,66,50113,15,149299
9085,0.000773,74.125.68.0-255,2902,53015,15,149299
9086,0.000776,172.31.36.0-255,66,53081,15,149299
9087,0.000783,74.125.68.0-255,5738,58819,15,149299
9088,0.000785,172.31.36.0-255,66,58885,15,149299
9089,0.000831,172.31.36.0-255,66,58951,15,149299
9090,0.000849,74.125.68.0-255,2902,61853,15,149299
9091,0.000852,172.31.36.0-255,66,61919,15,149299
9092,0.000879,74.125.68.0-255,7156,69075,15,149299
9093,0.000882,172.31.36.0-255,66,69141,15,149299
9094,0.000887,74.125.68.0-255,4320,73461,15,149299
9095,0.000889,74.125.68.0-255,766,74227,15,149299
9096,0.000891,172.31.36.0-255,66,74293,15,149299
9097,0.001096,172.31.36.0-255,66,74359,15,149299
9098,0.001465,74.125.68.0-255,1484,75843,15,149299
9099,0.001486,74.125.68.0-255,1484,77327,15,149299
9100,0.001491,172.31.36.0-255,66,77393,15,149299
9101,0.001507,74.125.68.0-255,1484,78877,15,149299
9102,0.001532,74.125.68.0-255,1484,80361,15,149299
9103,0.001536,172.31.36.0-255,66,80427,15,149299
9104,0.001541,74.125.68.0-255,2902,83329,15,149299
9105,0.001543,172.31.36.0-255,66,83395,15,149299
9106,0.001566,74.125.68.0-255,1484,84879,15,149299
9107,0.001595,74.125.68.0-255,2902,87781,15,149299
9108,0.001597,172.31.36.0-255,66,87847,15,149299
9109,0.001604,74.125.68.0-255,5738,93585,15,149299
9110,0.001606,172.31.36.0-255,66,93651,15,149299
9111,0.00161,74.125.68.0-255,2902,96553,15,149299
9112,0.001612,172.31.36.0-255,66,96619,15,149299
9113,0.00163,74.125.68.0-255,2902,99521,15,149299
9114,0.001632,172.31.36.0-255,66,99587,15,149299
9115,0.00164,74.125.68.0-255,7156,106743,15,149299
9116,0.001642,172.31.36.0-255,66,106809,15,149299
9117,0.001665,74.125.68.0-255,2184,108993,15,149299
9118,0.001668,172.31.36.0-255,66,109059,15,149299
9119,0.001731,74.125.68.0-255,1484,110543,15,149299
9120,0.001761,74.125.68.0-255,1484,112027,15,149299
9121,0.001765,172.31.36.0-255,66,112093,15,149299
9122,0.001798,74.125.68.0-255,2902,114995,15,149299
9123,0.0018,172.31.36.0-255,66,115061,15,149299
9124,0.001822,74.125.68.0-255,5738,120799,15,149299
9125,0.001824,172.31.36.0-255,66,120865,15,149299
9126,0.001847,74.125.68.0-255,7156,128021,15,149299
9127,0.001849,172.31.36.0-255,66,128087,15,149299
9128,0.001864,74.125.68.0-255,4320,132407,15,149299
9129,0.001867,172.31.36.0-255,66,132473,15,149299
9130,0.001897,172.31.36.0-255,66,132539,15,149299
9131,0.001899,74.125.68.0-255,766,133305,15,149299
9132,0.003934,74.125.68.0-255,4320,137625,15,149299
9133,0.003936,172.31.36.0-255,66,137691,15,149299
9134,0.005973,74.125.68.0-255,5738,143429,15,149299
9135,0.005978,172.31.36.0-255,66,143495,15,149299
9136,0.008028,74.125.68.0-255,5738,149233,15,149299
9137,0.00804,172.31.36.0-255,66,149299,15,149299
9138,0.0,74.125.24.0-255,146,146,15,231819
9139,3.9e-05,172.31.36.0-255,66,212,15,231819
9140,4.5e-05,74.125.24.0-255,1484,1696,15,231819
9141,5e-05,172.31.36.0-255,66,1762,15,231819
9142,5.5e-05,74.125.24.0-255,2902,4664,15,231819
9143,5.7e-05,172.31.36.0-255,66,4730,15,231819
9144,6.5e-05,74.125.24.0-255,7156,11886,15,231819
9145,6.7e-05,172.31.36.0-255,66,11952,15,231819
9146,7.7e-05,74.125.24.0-255,1484,13436,15,231819
9147,8e-05,172.31.36.0-255,66,13502,15,231819
9148,0.00011,172.31.36.0-255,66,13568,15,231819
9149,0.00012,172.31.36.0-255,66,13634,15,231819
9150,0.000291,74.125.24.0-255,1484,15118,15,231819
9151,0.000296,172.31.36.0-255,66,15184,15,231819
9152,0.000301,74.125.24.0-255,2902,18086,15,231819
9153,0.000303,172.31.36.0-255,66,18152,15,231819
9154,0.000331,74.125.24.0-255,5738,23890,15,231819
9155,0.000335,172.31.36.0-255,66,23956,15,231819
9156,0.000352,74.125.24.0-255,1484,25440,15,231819
9157,0.000354,172.31.36.0-255,66,25506,15,231819
9158,0.000376,172.31.36.0-255,66,25572,15,231819
9159,0.000381,74.125.24.0-255,4320,29892,15,231819
9160,0.000384,172.31.36.0-255,66,29958,15,231819
9161,0.000406,74.125.24.0-255,4320,34278,15,231819
9162,0.000408,172.31.36.0-255,66,34344,15,231819
9163,0.00043,74.125.24.0-255,3961,38305,15,231819
9164,0.000433,172.31.36.0-255,66,38371,15,231819
9165,0.001058,74.125.24.0-255,646,39017,15,231819
9166,0.001064,172.31.36.0-255,66,39083,15,231819
9167,0.001087,74.125.24.0-255,1484,40567,15,231819
9168,0.00109,172.31.36.0-255,66,40633,15,231819
9169,0.001094,74.125.24.0-255,1484,42117,15,231819
9170,0.001096,172.31.36.0-255,66,42183,15,231819
9171,0.001118,74.125.24.0-255,2902,45085,15,231819
9172,0.001121,172.31.36.0-255,66,45151,15,231819
9173,0.001133,172.31.36.0-255,66,45217,15,231819
9174,0.001138,74.125.24.0-255,4320,49537,15,231819
9175,0.00114,172.31.36.0-255,66,49603,15,231819
9176,0.001164,74.125.24.0-255,2902,52505,15,231819
9177,0.001167,172.31.36.0-255,66,52571,15,231819
9178,0.001185,74.125.24.0-255,1484,54055,15,231819
9179,0.001187,172.31.36.0-255,66,54121,15,231819
9180,0.001215,172.31.36.0-255,66,54187,15,231819
9181,0.00124,74.125.24.0-255,1484,55671,15,231819
9182,0.001243,172.31.36.0-255,66,55737,15,231819
9183,0.001262,74.125.24.0-255,2902,58639,15,231819
9184,0.001265,172.31.36.0-255,66,58705,15,231819
9185,0.001271,74.125.24.0-255,5738,64443,15,231819
9186,0.001273,172.31.36.0-255,66,64509,15,231819
9187,0.001277,74.125.24.0-255,2902,67411,15,231819
9188,0.001282,172.31.36.0-255,66,67477,15,231819
9189,0.001298,74.125.24.0-255,3412,70889,15,231819
9190,0.001301,172.31.36.0-255,66,70955,15,231819
9191,0.001482,74.125.24.0-255,1484,72439,15,231819
9192,0.001486,172.31.36.0-255,66,72505,15,231819
9193,0.00149,74.125.24.0-255,1484,73989,15,231819
9194,0.001492,172.31.36.0-255,66,74055,15,231819
9195,0.001506,74.125.24.0-255,1484,75539,15,231819
9196,0.001509,172.31.36.0-255,66,75605,15,231819
9197,0.001515,74.125.24.0-255,5738,81343,15,231819
9198,0.001517,172.31.36.0-255,66,81409,15,231819
9199,0.001538,74.125.24.0-255,1484,82893,15,231819
9200,0.001542,172.31.36.0-255,66,82959,15,231819
9201,0.001558,172.31.36.0-255,66,83025,15,231819
9202,0.001595,74.125.24.0-255,4320,87345,15,231819
9203,0.001598,172.31.36.0-255,66,87411,15,231819
9204,0.001617,74.125.24.0-255,6438,93849,15,231819
9205,0.00162,172.31.36.0-255,66,93915,15,231819
9206,0.002578,74.125.24.0-255,1484,95399,15,231819
9207,0.002584,172.31.36.0-255,66,95465,15,231819
9208,0.002606,74.125.24.0-255,2902,98367,15,231819
9209,0.002609,172.31.36.0-255,66,98433,15,231819
9210,0.002613,74.125.24.0-255,2902,101335,15,231819
9211,0.002615,172.31.36.0-255,66,101401,15,231819
9212,0.002618,74.125.24.0-255,1484,102885,15,231819
9213,0.00262,172.31.36.0-255,66,102951,15,231819
9214,0.002639,74.125.24.0-255,1484,104435,15,231819
9215,0.002641,172.31.36.0-255,66,104501,15,231819
9216,0.002655,74.125.24.0-255,2902,107403,15,231819
9217,0.002657,172.31.36.0-255,66,107469,15,231819
9218,0.002677,74.125.24.0-255,5738,113207,15,231819
9219,0.002679,172.31.36.0-255,66,113273,15,231819
9220,0.002683,74.125.24.0-255,1484,114757,15,231819
9221,0.002684,172.31.36.0-255,66,114823,15,231819
9222,0.002723,172.31.36.0-255,66,114889,15,231819
9223,0.002728,74.125.24.0-255,2184,117073,15,231819
9224,0.00273,172.31.36.0-255,66,117139,15,231819
9225,0.003353,74.125.24.0-255,1484,118623,15,231819
9226,0.003358,172.31.36.0-255,66,118689,15,231819
9227,0.003377,74.125.24.0-255,2902,121591,15,231819
9228,0.00338,172.31.36.0-255,66,121657,15,231819
9229,0.003385,74.125.24.0-255,5738,127395,15,231819
9230,0.003387,172.31.36.0-255,66,127461,15,231819
9231,0.003392,74.125.24.0-255,2902,130363,15,231819
9232,0.003394,172.31.36.0-255,66,130429,15,231819
9233,0.003469,172.31.36.0-255,66,130495,15,231819
9234,0.003472,74.125.24.0-255,1484,131979,15,231819
9235,0.003477,74.125.24.0-255,3602,135581,15,231819
9236,0.003477,172.31.36.0-255,66,135647,15,231819
9237,0.00348,172.31.36.0-255,66,135713,15,231819
9238,0.004089,74.125.24.0-255,1484,137197,15,231819
9239,0.004094,172.31.36.0-255,66,137263,15,231819
9240,0.004112,74.125.24.0-255,2902,140165,15,231819
9241,0.004115,172.31.36.0-255,66,140231,15,231819
9242,0.004121,74.125.24.0-255,5738,145969,15,231819
9243,0.004124,172.31.36.0-255,66,146035,15,231819
9244,0.004127,74.125.24.0-255,1484,147519,15,231819
9245,0.004129,172.31.36.0-255,66,147585,15,231819
9246,0.004157,74.125.24.0-255,1484,149069,15,231819
9247,0.00416,172.31.36.0-255,66,149135,15,231819
9248,0.004171,172.31.36.0-255,66,149201,15,231819
9249,0.004204,74.125.24.0-255,7156,156357,15,231819
9250,0.004208,172.31.36.0-255,66,156423,15,231819
9251,0.004239,74.125.24.0-255,3602,160025,15,231819
9252,0.004243,172.31.36.0-255,66,160091,15,231819
9253,0.004395,74.125.24.0-255,1484,161575,15,231819
9254,0.004401,74.125.24.0-255,2902,164477,15,231819
9255,0.004404,172.31.36.0-255,66,164543,15,231819
9256,0.004433,74.125.24.0-255,4320,168863,15,231819
9257,0.004435,172.31.36.0-255,66,168929,15,231819
9258,0.004459,74.125.24.0-255,5738,174667,15,231819
9259,0.004462,172.31.36.0-255,66,174733,15,231819
9260,0.004493,172.31.36.0-255,66,174799,15,231819
9261,0.004499,74.125.24.0-255,4320,179119,15,231819
9262,0.004501,172.31.36.0-255,66,179185,15,231819
9263,0.004541,74.125.24.0-255,4320,183505,15,231819
9264,0.004544,172.31.36.0-255,66,183571,15,231819
9265,0.004572,172.31.36.0-255,66,183637,15,231819
9266,0.004577,74.125.24.0-255,2902,186539,15,231819
9267,0.004579,172.31.36.0-255,66,186605,15,231819
9268,0.004602,172.31.36.0-255,66,186671,15,231819
9269,0.004609,74.125.24.0-255,5738,192409,15,231819
9270,0.004611,172.31.36.0-255,66,192475,15,231819
9271,0.004645,74.125.24.0-255,2902,195377,15,231819
9272,0.004648,172.31.36.0-255,66,195443,15,231819
9273,0.00467,74.125.24.0-255,5020,200463,15,231819
9274,0.004672,172.31.36.0-255,66,200529,15,231819
9275,0.004682,172.31.36.0-255,66,200595,15,231819
9276,0.004714,172.31.36.0-255,66,200661,15,231819
9277,0.004748,74.125.24.0-255,5020,205681,15,231819
9278,0.004752,172.31.36.0-255,66,205747,15,231819
9279,0.005491,74.125.24.0-255,1484,207231,15,231819
9280,0.005499,74.125.24.0-255,2902,210133,15,231819
9281,0.005502,172.31.36.0-255,66,210199,15,231819
9282,0.005506,74.125.24.0-255,1484,211683,15,231819
9283,0.005523,74.125.24.0-255,4320,216003,15,231819
9284,0.005525,172.31.36.0-255,66,216069,15,231819
9285,0.005536,172.31.36.0-255,66,216135,15,231819
9286,0.005553,74.125.24.0-255,4320,220455,15,231819
9287,0.005556,172.31.36.0-255,66,220521,15,231819
9288,0.00559,74.125.24.0-255,4320,224841,15,231819
9289,0.005593,172.31.36.0-255,66,224907,15,231819
9290,0.005625,74.125.24.0-255,6438,231345,15,231819
9291,0.005629,172.31.36.0-255,66,231411,15,231819
9292,0.005641,172.31.36.0-255,66,231477,15,231819
9293,0.005674,74.125.24.0-255,105,231582,15,231819
9294,0.006111,172.31.36.0-255,66,231648,15,231819
9295,0.006139,172.31.36.0-255,105,231753,15,231819
9296,0.008441,74.125.24.0-255,66,231819,15,231819
9297,0.0,74.125.68.0-255,153,153,15,157872
9298,2.2e-05,172.31.36.0-255,66,219,15,157872
9299,3e-05,74.125.68.0-255,1484,1703,15,157872
9300,3.5e-05,172.31.36.0-255,66,1769,15,157872
9301,7.5e-05,74.125.68.0-255,2902,4671,15,157872
9302,7.8e-05,172.31.36.0-255,66,4737,15,157872
9303,8.1e-05,74.125.68.0-255,1484,6221,15,157872
9304,8.4e-05,172.31.36.0-255,66,6287,15,157872
9305,9e-05,74.125.68.0-255,2902,9189,15,157872
9306,9.2e-05,172.31.36.0-255,66,9255,15,157872
9307,0.000105,74.125.68.0-255,6248,15503,15,157872
9308,0.000108,172.31.36.0-255,66,15569,15,157872
9309,0.000112,74.125.68.0-255,1484,17053,15,157872
9310,0.000115,172.31.36.0-255,66,17119,15,157872
9311,0.000142,74.125.68.0-255,2902,20021,15,157872
9312,0.000145,172.31.36.0-255,66,20087,15,157872
9313,0.000152,74.125.68.0-255,5738,25825,15,157872
9314,0.000155,172.31.36.0-255,66,25891,15,157872
9315,0.000158,74.125.68.0-255,1484,27375,15,157872
9316,0.00016,172.31.36.0-255,66,27441,15,157872
9317,0.000195,74.125.68.0-255,2902,30343,15,157872
9318,0.000198,172.31.36.0-255,66,30409,15,157872
9319,0.000218,74.125.68.0-255,1125,31534,15,157872
9320,0.00022,172.31.36.0-255,66,31600,15,157872
9321,0.000419,74.125.68.0-255,1484,33084,15,157872
9322,0.000425,172.31.36.0-255,66,33150,15,157872
9323,0.000431,74.125.68.0-255,2902,36052,15,157872
9324,0.000433,172.31.36.0-255,66,36118,15,157872
9325,0.000461,74.125.68.0-255,5738,41856,15,157872
9326,0.000464,172.31.36.0-255,66,41922,15,157872
9327,0.000469,74.125.68.0-255,4320,46242,15,157872
9328,0.000472,172.31.36.0-255,66,46308,15,157872
9329,0.000511,74.125.68.0-255,2543,48851,15,157872
9330,0.000618,172.31.36.0-255,66,48917,15,157872
9331,0.00085,74.125.68.0-255,1484,50401,15,157872
9332,0.000855,74.125.68.0-255,1484,51885,15,157872
9333,0.000858,172.31.36.0-255,66,51951,15,157872
9334,0.000881,74.125.68.0-255,2902,54853,15,157872
9335,0.000891,172.31.36.0-255,66,54919,15,157872
9336,0.00091,74.125.68.0-255,5738,60657,15,157872
9337,0.000922,74.125.68.0-255,1484,62141,15,157872
9338,0.000934,172.31.36.0-255,66,62207,15,157872
9339,0.000944,74.125.68.0-255,3961,66168,15,157872
9340,0.000977,172.31.36.0-255,66,66234,15,157872
9341,0.001224,74.125.68.0-255,1484,67718,15,157872
9342,0.001228,74.125.68.0-255,1484,69202,15,157872
9343,0.001231,172.31.36.0-255,66,69268,15,157872
9344,0.001257,74.125.68.0-255,1484,70752,15,157872
9345,0.001262,74.125.68.0-255,2902,73654,15,157872
9346,0.001281,74.125.68.0-255,4320,77974,15,157872
9347,0.001295,172.31.36.0-255,66,78040,15,157872
9348,0.001323,74.125.68.0-255,5738,83778,15,157872
9349,0.001331,172.31.36.0-255,66,83844,15,157872
9350,0.001341,74.125.68.0-255,3961,87805,15,157872
9351,0.001348,74.125.68.0-255,7156,94961,15,157872
9352,0.001365,74.125.68.0-255,2902,97863,15,157872
9353,0.001369,74.125.68.0-255,2543,100406,15,157872
9354,0.001375,172.31.36.0-255,66,100472,15,157872
9355,0.001984,74.125.68.0-255,1484,101956,15,157872
9356,0.001995,74.125.68.0-255,2902,104858,15,157872
9357,0.001999,172.31.36.0-255,66,104924,15,157872
9358,0.002034,74.125.68.0-255,5738,110662,15,157872
9359,0.00204,74.125.68.0-255,4320,114982,15,157872
9360,0.002047,74.125.68.0-255,5738,120720,15,157872
9361,0.002071,74.125.68.0-255,1484,122204,15,157872
9362,0.002126,74.125.68.0-255,2184,124388,15,157872
9363,0.00215,74.125.68.0-255,2902,127290,15,157872
9364,0.002163,74.125.68.0-255,1484,128774,15,157872
9365,0.002191,74.125.68.0-255,5738,134512,15,157872
9366,0.002196,74.125.68.0-255,2902,137414,15,157872
9367,0.002211,74.125.68.0-255,1484,138898,15,157872
9368,0.002238,74.125.68.0-255,1484,140382,15,157872
9369,0.002242,172.31.36.0-255,78,140460,15,157872
9370,0.002249,74.125.68.0-255,5738,146198,15,157872
9371,0.005452,172.31.36.0-255,66,146264,15,157872
9372,0.007667,74.125.68.0-255,5738,152002,15,157872
9373,0.007673,172.31.36.0-255,66,152068,15,157872
9374,0.009894,74.125.68.0-255,5738,157806,15,157872
9375,0.009901,172.31.36.0-255,66,157872,15,157872
9376,0.0,74.125.68.0-255,153,153,15,211613
9377,1.7e-05,172.31.36.0-255,66,219,15,211613
9378,2.3e-05,74.125.68.0-255,1484,1703,15,211613
9379,2.7e-05,172.31.36.0-255,66,1769,15,211613
9380,3e-05,74.125.68.0-255,1484,3253,15,211613
9381,3.3e-05,172.31.36.0-255,66,3319,15,211613
9382,3.7e-05,74.125.68.0-255,1484,4803,15,211613
9383,3.9e-05,172.31.36.0-255,66,4869,15,211613
9384,5.7e-05,74.125.68.0-255,1484,6353,15,211613
9385,6e-05,172.31.36.0-255,66,6419,15,211613
9386,6.8e-05,74.125.68.0-255,5738,12157,15,211613
9387,7e-05,172.31.36.0-255,66,12223,15,211613
9388,7.3e-05,74.125.68.0-255,1484,13707,15,211613
9389,7.5e-05,172.31.36.0-255,66,13773,15,211613
9390,0.000111,74.125.68.0-255,3503,17276,15,211613
9391,0.000114,172.31.36.0-255,66,17342,15,211613
9392,0.00012,74.125.68.0-255,5738,23080,15,211613
9393,0.000123,172.31.36.0-255,66,23146,15,211613
9394,0.00016,172.31.36.0-255,66,23212,15,211613
9395,0.000238,74.125.68.0-255,1484,24696,15,211613
9396,0.000242,172.31.36.0-255,66,24762,15,211613
9397,0.000247,74.125.68.0-255,2902,27664,15,211613
9398,0.00025,172.31.36.0-255,66,27730,15,211613
9399,0.000253,74.125.68.0-255,1484,29214,15,211613
9400,0.000256,172.31.36.0-255,66,29280,15,211613
9401,0.000277,74.125.68.0-255,4320,33600,15,211613
9402,0.00028,172.31.36.0-255,66,33666,15,211613
9403,0.000283,74.125.68.0-255,1484,35150,15,211613
9404,0.000285,172.31.36.0-255,66,35216,15,211613
9405,0.000305,74.125.68.0-255,5379,40595,15,211613
9406,0.000308,172.31.36.0-255,66,40661,15,211613
9407,0.000323,74.125.68.0-255,1484,42145,15,211613
9408,0.000346,74.125.68.0-255,5738,47883,15,211613
9409,0.000349,172.31.36.0-255,66,47949,15,211613
9410,0.000356,74.125.68.0-255,7156,55105,15,211613
9411,0.000358,172.31.36.0-255,66,55171,15,211613
9412,0.000396,74.125.68.0-255,2816,57987,15,211613
9413,0.000399,172.31.36.0-255,66,58053,15,211613
9414,0.000402,74.125.68.0-255,382,58435,15,211613
9415,0.000504,74.125.68.0-255,1484,59919,15,211613
9416,0.000508,172.31.36.0-255,66,59985,15,211613
9417,0.000514,74.125.68.0-255,2902,62887,15,211613
9418,0.000516,172.31.36.0-255,66,62953,15,211613
9419,0.000531,74.125.68.0-255,1484,64437,15,211613
9420,0.000552,74.125.68.0-255,4320,68757,15,211613
9421,0.000555,172.31.36.0-255,66,68823,15,211613
9422,0.00056,74.125.68.0-255,2902,71725,15,211613
9423,0.000562,172.31.36.0-255,66,71791,15,211613
9424,0.000567,74.125.68.0-255,3961,75752,15,211613
9425,0.000569,172.31.36.0-255,66,75818,15,211613
9426,0.000714,74.125.68.0-255,1484,77302,15,211613
9427,0.000755,74.125.68.0-255,2902,80204,15,211613
9428,0.000758,172.31.36.0-255,66,80270,15,211613
9429,0.000761,74.125.68.0-255,1484,81754,15,211613
9430,0.000766,74.125.68.0-255,2902,84656,15,211613
9431,0.000768,172.31.36.0-255,66,84722,15,211613
9432,0.000774,74.125.68.0-255,4320,89042,15,211613
9433,0.000777,172.31.36.0-255,66,89108,15,211613
9434,0.00079,74.125.68.0-255,1484,90592,15,211613
9435,0.000795,74.125.68.0-255,2902,93494,15,211613
9436,0.000797,172.31.36.0-255,66,93560,15,211613
9437,0.000825,74.125.68.0-255,7156,100716,15,211613
9438,0.000829,172.31.36.0-255,66,100782,15,211613
9439,0.000867,74.125.68.0-255,2902,103684,15,211613
9440,0.00087,172.31.36.0-255,66,103750,15,211613
9441,0.000887,74.125.68.0-255,6438,110188,15,211613
9442,0.000889,172.31.36.0-255,66,110254,15,211613
9443,0.000913,74.125.68.0-255,7156,117410,15,211613
9444,0.000915,172.31.36.0-255,66,117476,15,211613
9445,0.000941,74.125.68.0-255,2902,120378,15,211613
9446,0.000944,172.31.36.0-255,66,120444,15,211613
9447,0.000948,74.125.68.0-255,2902,123346,15,211613
9448,0.00095,172.31.36.0-255,66,123412,15,211613
9449,0.000968,74.125.68.0-255,5738,129150,15,211613
9450,0.000971,172.31.36.0-255,66,129216,15,211613
9451,0.000988,74.125.68.0-255,1484,130700,15,211613
9452,0.001021,74.125.68.0-255,4320,135020,15,211613
9453,0.001024,172.31.36.0-255,66,135086,15,211613
9454,0.00105,74.125.68.0-255,7156,142242,15,211613
9455,0.001053,172.31.36.0-255,66,142308,15,211613
9456,0.001057,74.125.68.0-255,1635,143943,15,211613
9457,0.001059,172.31.36.0-255,66,144009,15,211613
9458,0.001063,74.125.68.0-255,1484,145493,15,211613
9459,0.001067,74.125.68.0-255,2902,148395,15,211613
9460,0.001069,172.31.36.0-255,66,148461,15,211613
9461,0.001089,74.125.68.0-255,4320,152781,15,211613
9462,0.001093,74.125.68.0-255,2902,155683,15,211613
9463,0.001097,172.31.36.0-255,66,155749,15,211613
9464,0.0011,172.31.36.0-255,66,155815,15,211613
9465,0.00111,74.125.68.0-255,2902,158717,15,211613
9466,0.001113,172.31.36.0-255,66,158783,15,211613
9467,0.00113,74.125.68.0-255,4320,163103,15,211613
9468,0.001133,172.31.36.0-255,66,163169,15,211613
9469,0.001159,74.125.68.0-255,7156,170325,15,211613
9470,0.001162,172.31.36.0-255,66,170391,15,211613
9471,0.001173,172.31.36.0-255,66,170457,15,211613
9472,0.001781,74.125.68.0-255,1484,171941,15,211613
9473,0.001788,74.125.68.0-255,2902,174843,15,211613
9474,0.001792,172.31.36.0-255,66,174909,15,211613
9475,0.001822,74.125.68.0-255,2902,177811,15,211613
9476,0.001825,172.31.36.0-255,66,177877,15,211613
9477,0.001886,74.125.68.0-255,1484,179361,15,211613
9478,0.001892,74.125.68.0-255,2902,182263,15,211613
9479,0.001894,172.31.36.0-255,66,182329,15,211613
9480,0.001925,74.125.68.0-255,5738,188067,15,211613
9481,0.001928,172.31.36.0-255,66,188133,15,211613
9482,0.001948,74.125.68.0-255,2902,191035,15,211613
9483,0.00195,172.31.36.0-255,66,191101,15,211613
9484,0.001978,74.125.68.0-255,4320,195421,15,211613
9485,0.001981,172.31.36.0-255,66,195487,15,211613
9486,0.001993,172.31.36.0-255,66,195553,15,211613
9487,0.004244,74.125.68.0-255,5738,201291,15,211613
9488,0.004251,172.31.36.0-255,66,201357,15,211613
9489,0.006524,74.125.68.0-255,4320,205677,15,211613
9490,0.006528,172.31.36.0-255,66,205743,15,211613
9491,0.006542,74.125.68.0-255,1484,207227,15,211613
9492,0.008792,74.125.68.0-255,4320,211547,15,211613
9493,0.008799,172.31.36.0-255,66,211613,15,211613
9494,0.0,172.217.24.0-255,152,152,15,160720
9495,1.6e-05,172.31.36.0-255,66,218,15,160720
9496,2.2e-05,172.217.24.0-255,1484,1702,15,160720
9497,2.6e-05,172.31.36.0-255,66,1768,15,160720
9498,3.1e-05,172.217.24.0-255,2902,4670,15,160720
9499,3.4e-05,172.31.36.0-255,66,4736,15,160720
9500,4.2e-05,172.217.24.0-255,7156,11892,15,160720
9501,4.5e-05,172.31.36.0-255,66,11958,15,160720
9502,4.9e-05,172.217.24.0-255,2002,13960,15,160720
9503,5.2e-05,172.31.36.0-255,66,14026,15,160720
9504,0.000122,172.217.24.0-255,1484,15510,15,160720
9505,0.000126,172.31.36.0-255,66,15576,15,160720
9506,0.000131,172.217.24.0-255,2902,18478,15,160720
9507,0.000135,172.31.36.0-255,66,18544,15,160720
9508,0.000167,172.217.24.0-255,5738,24282,15,160720
9509,0.000171,172.31.36.0-255,66,24348,15,160720
9510,0.000175,172.217.24.0-255,1484,25832,15,160720
9511,0.000177,172.31.36.0-255,66,25898,15,160720
9512,0.000205,172.217.24.0-255,5379,31277,15,160720
9513,0.000209,172.31.36.0-255,66,31343,15,160720
9514,0.000353,172.217.24.0-255,1484,32827,15,160720
9515,0.00036,172.31.36.0-255,66,32893,15,160720
9516,0.000365,172.217.24.0-255,2902,35795,15,160720
9517,0.000368,172.31.36.0-255,66,35861,15,160720
9518,0.000374,172.217.24.0-255,5738,41599,15,160720
9519,0.000377,172.31.36.0-255,66,41665,15,160720
9520,0.000402,172.217.24.0-255,6797,48462,15,160720
9521,0.000406,172.31.36.0-255,66,48528,15,160720
9522,0.000653,172.217.24.0-255,1484,50012,15,160720
9523,0.000657,172.31.36.0-255,66,50078,15,160720
9524,0.000663,172.217.24.0-255,2902,52980,15,160720
9525,0.000665,172.31.36.0-255,66,53046,15,160720
9526,0.000671,172.217.24.0-255,2902,55948,15,160720
9527,0.000673,172.31.36.0-255,66,56014,15,160720
9528,0.000691,172.217.24.0-255,2902,58916,15,160720
9529,0.000694,172.31.36.0-255,66,58982,15,160720
9530,0.000742,172.217.24.0-255,4320,63302,15,160720
9531,0.000747,172.31.36.0-255,66,63368,15,160720
9532,0.000757,172.217.24.0-255,2870,66238,15,160720
9533,0.00076,172.31.36.0-255,66,66304,15,160720
9534,0.001075,172.217.24.0-255,118,66422,15,160720
9535,0.001229,172.217.24.0-255,1484,67906,15,160720
9536,0.001235,172.31.36.0-255,66,67972,15,160720
9537,0.001241,172.217.24.0-255,2902,70874,15,160720
9538,0.001244,172.31.36.0-255,66,70940,15,160720
9539,0.00125,172.217.24.0-255,2902,73842,15,160720
9540,0.001252,172.31.36.0-255,66,73908,15,160720
9541,0.00127,172.217.24.0-255,2902,76810,15,160720
9542,0.001274,172.31.36.0-255,66,76876,15,160720
9543,0.001302,172.31.36.0-255,66,76942,15,160720
9544,0.001314,172.31.36.0-255,66,77008,15,160720
9545,0.00151,172.217.24.0-255,1484,78492,15,160720
9546,0.001517,172.217.24.0-255,2902,81394,15,160720
9547,0.001521,172.31.36.0-255,66,81460,15,160720
9548,0.001554,172.217.24.0-255,1484,82944,15,160720
9549,0.001569,172.217.24.0-255,2902,85846,15,160720
9550,0.001571,172.31.36.0-255,66,85912,15,160720
9551,0.001578,172.217.24.0-255,5738,91650,15,160720
9552,0.00158,172.31.36.0-255,66,91716,15,160720
9553,0.001602,172.217.24.0-255,5738,97454,15,160720
9554,0.001604,172.31.36.0-255,66,97520,15,160720
9555,0.001625,172.217.24.0-255,2902,100422,15,160720
9556,0.001628,172.31.36.0-255,66,100488,15,160720
9557,0.00164,172.31.36.0-255,66,100554,15,160720
9558,0.001642,172.217.24.0-255,766,101320,15,160720
9559,0.001682,172.217.24.0-255,1484,102804,15,160720
9560,0.001685,172.31.36.0-255,66,102870,15,160720
9561,0.001704,172.217.24.0-255,2902,105772,15,160720
9562,0.001707,172.31.36.0-255,66,105838,15,160720
9563,0.001712,172.217.24.0-255,4320,110158,15,160720
9564,0.001714,172.31.36.0-255,66,110224,15,160720
9565,0.001718,172.217.24.0-255,1484,111708,15,160720
9566,0.001741,172.217.24.0-255,7156,118864,15,160720
9567,0.001745,172.31.36.0-255,66,118930,15,160720
9568,0.001775,172.31.36.0-255,66,118996,15,160720
9569,0.001796,172.217.24.0-255,6438,125434,15,160720
9570,0.0018,172.31.36.0-255,66,125500,15,160720
9571,0.001845,172.217.24.0-255,1484,126984,15,160720
9572,0.001851,172.217.24.0-255,2902,129886,15,160720
9573,0.001854,172.31.36.0-255,66,129952,15,160720
9574,0.001874,172.217.24.0-255,5738,135690,15,160720
9575,0.001877,172.31.36.0-255,66,135756,15,160720
9576,0.001881,172.217.24.0-255,2902,138658,15,160720
9577,0.001883,172.31.36.0-255,66,138724,15,160720
9578,0.00191,172.31.36.0-255,66,138790,15,160720
9579,0.001922,172.31.36.0-255,66,138856,15,160720
9580,0.00385,172.217.24.0-255,5738,144594,15,160720
9581,0.003855,172.31.36.0-255,66,144660,15,160720
9582,0.005791,172.217.24.0-255,5738,150398,15,160720
9583,0.005796,172.31.36.0-255,66,150464,15,160720
9584,0.007733,172.217.24.0-255,4320,154784,15,160720
9585,0.007753,172.31.36.0-255,66,154850,15,160720
9586,0.007775,172.217.24.0-255,1484,156334,15,160720
9587,0.009692,172.217.24.0-255,4320,160654,15,160720
9588,0.009699,172.31.36.0-255,66,160720,15,160720
9589,0.0,172.217.194.0-255,143,143,15,124932
9590,3.2e-05,172.31.36.0-255,66,209,15,124932
9591,4e-05,172.217.194.0-255,1484,1693,15,124932
9592,4.4e-05,172.31.36.0-255,66,1759,15,124932
9593,5.6e-05,172.217.194.0-255,2902,4661,15,124932
9594,5.9e-05,172.31.36.0-255,66,4727,15,124932
9595,6.6e-05,172.217.194.0-255,7156,11883,15,124932
9596,6.9e-05,172.31.36.0-255,66,11949,15,124932
9597,7.3e-05,172.217.194.0-255,2008,13957,15,124932
9598,7.5e-05,172.31.36.0-255,66,14023,15,124932
9599,0.00024,172.217.194.0-255,1484,15507,15,124932
9600,0.000245,172.31.36.0-255,66,15573,15,124932
9601,0.000249,172.217.194.0-255,1484,17057,15,124932
9602,0.000251,172.31.36.0-255,66,17123,15,124932
9603,0.000284,172.217.194.0-255,1484,18607,15,124932
9604,0.000287,172.31.36.0-255,66,18673,15,124932
9605,0.000294,172.217.194.0-255,4320,22993,15,124932
9606,0.000296,172.31.36.0-255,66,23059,15,124932
9607,0.000325,172.217.194.0-255,1484,24543,15,124932
9608,0.000329,172.31.36.0-255,66,24609,15,124932
9609,0.000336,172.217.194.0-255,5738,30347,15,124932
9610,0.000339,172.217.194.0-255,1125,31472,15,124932
9611,0.000341,172.217.194.0-255,1484,32956,15,124932
9612,0.000341,172.31.36.0-255,66,33022,15,124932
9613,0.000345,172.217.194.0-255,2902,35924,15,124932
9614,0.000345,172.31.36.0-255,66,35990,15,124932
9615,0.000348,172.31.36.0-255,66,36056,15,124932
9616,0.000351,172.31.36.0-255,66,36122,15,124932
9617,0.000378,172.217.194.0-255,1484,37606,15,124932
9618,0.000383,172.31.36.0-255,66,37672,15,124932
9619,0.000391,172.31.36.0-255,66,37738,15,124932
9620,0.000393,172.217.194.0-255,1125,38863,15,124932
9621,0.000687,172.31.36.0-255,66,38929,15,124932
9622,0.000718,172.217.194.0-255,1484,40413,15,124932
9623,0.000726,172.217.194.0-255,2902,43315,15,124932
9624,0.000729,172.31.36.0-255,66,43381,15,124932
9625,0.000735,172.217.194.0-255,4320,47701,15,124932
9626,0.000737,172.31.36.0-255,66,47767,15,124932
9627,0.000792,172.217.194.0-255,4320,52087,15,124932
9628,0.000796,172.31.36.0-255,66,52153,15,124932
9629,0.000827,172.217.194.0-255,3961,56114,15,124932
9630,0.00083,172.31.36.0-255,66,56180,15,124932
9631,0.000855,172.217.194.0-255,646,56826,15,124932
9632,0.000885,172.31.36.0-255,66,56892,15,124932
9633,0.001054,172.217.194.0-255,1484,58376,15,124932
9634,0.001065,172.217.194.0-255,2902,61278,15,124932
9635,0.00107,172.31.36.0-255,66,61344,15,124932
9636,0.001109,172.217.194.0-255,5738,67082,15,124932
9637,0.001114,172.31.36.0-255,66,67148,15,124932
9638,0.001133,172.31.36.0-255,66,67214,15,124932
9639,0.001166,172.31.36.0-255,66,67280,15,124932
9640,0.001947,172.217.194.0-255,1484,68764,15,124932
9641,0.001957,172.217.194.0-255,2902,71666,15,124932
9642,0.001961,172.31.36.0-255,66,71732,15,124932
9643,0.001969,172.217.194.0-255,5738,77470,15,124932
9644,0.00197,172.31.36.0-255,66,77536,15,124932
9645,0.001995,172.217.194.0-255,4320,81856,15,124932
9646,0.001997,172.31.36.0-255,66,81922,15,124932
9647,0.002042,172.31.36.0-255,66,81988,15,124932
9648,0.002049,172.217.194.0-255,7156,89144,15,124932
9649,0.002051,172.31.36.0-255,66,89210,15,124932
9650,0.002057,172.217.194.0-255,3602,92812,15,124932
9651,0.002059,172.31.36.0-255,66,92878,15,124932
9652,0.002093,172.217.194.0-255,4320,97198,15,124932
9653,0.002096,172.31.36.0-255,66,97264,15,124932
9654,0.002104,172.217.194.0-255,7156,104420,15,124932
9655,0.002105,172.31.36.0-255,66,104486,15,124932
9656,0.002133,172.217.194.0-255,2902,107388,15,124932
9657,0.002136,172.31.36.0-255,66,107454,15,124932
9658,0.002148,172.31.36.0-255,66,107520,15,124932
9659,0.004233,172.217.194.0-255,5738,113258,15,124932
9660,0.004238,172.31.36.0-255,66,113324,15,124932
9661,0.006345,172.217.194.0-255,5738,119062,15,124932
9662,0.006351,172.31.36.0-255,66,119128,15,124932
9663,0.008467,172.217.194.0-255,5738,124866,15,124932
9664,0.008474,172.31.36.0-255,66,124932,15,124932
9665,0.0,74.125.130.0-255,153,153,15,102991
9666,1.9e-05,172.31.36.0-255,66,219,15,102991
9667,2.6e-05,74.125.130.0-255,1484,1703,15,102991
9668,3.2e-05,172.31.36.0-255,66,1769,15,102991
9669,3.5e-05,74.125.130.0-255,1484,3253,15,102991
9670,3.8e-05,172.31.36.0-255,66,3319,15,102991
9671,4.4e-05,74.125.130.0-255,2902,6221,15,102991
9672,4.8e-05,172.31.36.0-255,66,6287,15,102991
9673,5.4e-05,74.125.130.0-255,5738,12025,15,102991
9674,5.8e-05,172.31.36.0-255,66,12091,15,102991
9675,0.000115,172.31.36.0-255,66,12157,15,102991
9676,0.000123,74.125.130.0-255,5379,17536,15,102991
9677,0.000125,172.31.36.0-255,66,17602,15,102991
9678,0.000283,74.125.130.0-255,1484,19086,15,102991
9679,0.000288,172.31.36.0-255,66,19152,15,102991
9680,0.000294,74.125.130.0-255,2902,22054,15,102991
9681,0.000295,172.31.36.0-255,66,22120,15,102991
9682,0.000302,74.125.130.0-255,5738,27858,15,102991
9683,0.000306,172.31.36.0-255,66,27924,15,102991
9684,0.000326,74.125.130.0-255,5738,33662,15,102991
9685,0.000329,172.31.36.0-255,66,33728,15,102991
9686,0.000356,74.125.130.0-255,2543,36271,15,102991
9687,0.000359,172.31.36.0-255,66,36337,15,102991
9688,0.00037,172.31.36.0-255,66,36403,15,102991
9689,0.000376,74.125.130.0-255,4320,40723,15,102991
9690,0.000378,172.31.36.0-255,66,40789,15,102991
9691,0.000403,74.125.130.0-255,2795,43584,15,102991
9692,0.000405,172.31.36.0-255,66,43650,15,102991
9693,0.000408,74.125.130.0-255,403,44053,15,102991
9694,0.000411,172.31.36.0-255,66,44119,15,102991
9695,0.001371,74.125.130.0-255,1484,45603,15,102991
9696,0.001382,74.125.130.0-255,2902,48505,15,102991
9697,0.001387,172.31.36.0-255,66,48571,15,102991
9698,0.001392,74.125.130.0-255,2902,51473,15,102991
9699,0.001395,172.31.36.0-255,66,51539,15,102991
9700,0.001398,74.125.130.0-255,1484,53023,15,102991
9701,0.001425,74.125.130.0-255,5738,58761,15,102991
9702,0.001428,172.31.36.0-255,66,58827,15,102991
9703,0.001467,74.125.130.0-255,3602,62429,15,102991
9704,0.001578,74.125.130.0-255,1484,63913,15,102991
9705,0.001603,74.125.130.0-255,2902,66815,15,102991
9706,0.001608,74.125.130.0-255,2902,69717,15,102991
9707,0.001613,74.125.130.0-255,4320,74037,15,102991
9708,0.001619,74.125.130.0-255,5738,79775,15,102991
9709,0.001635,74.125.130.0-255,2902,82677,15,102991
9710,0.001655,74.125.130.0-255,5738,88415,15,102991
9711,0.001947,74.125.130.0-255,1484,89899,15,102991
9712,0.001954,74.125.130.0-255,2902,92801,15,102991
9713,0.001961,74.125.130.0-255,4320,97121,15,102991
9714,0.006637,172.31.36.0-255,66,97187,15,102991
9715,0.00867,74.125.130.0-255,5738,102925,15,102991
9716,0.008679,172.31.36.0-255,66,102991,15,102991
9717,0.0,74.125.200.0-255,152,152,15,202289
9718,4.2e-05,172.31.36.0-255,66,218,15,202289
9719,4.9e-05,74.125.200.0-255,1484,1702,15,202289
9720,5.4e-05,172.31.36.0-255,66,1768,15,202289
9721,5.7e-05,74.125.200.0-255,1484,3252,15,202289
9722,6e-05,172.31.36.0-255,66,3318,15,202289
9723,6.7e-05,74.125.200.0-255,2902,6220,15,202289
9724,6.9e-05,172.31.36.0-255,66,6286,15,202289
9725,7.6e-05,74.125.200.0-255,5738,12024,15,202289
9726,7.9e-05,172.31.36.0-255,66,12090,15,202289
9727,8.4e-05,74.125.200.0-255,2039,14129,15,202289
9728,8.6e-05,172.31.36.0-255,66,14195,15,202289
9729,0.000211,74.125.200.0-255,1484,15679,15,202289
9730,0.000217,172.31.36.0-255,66,15745,15,202289
9731,0.000223,74.125.200.0-255,2902,18647,15,202289
9732,0.000225,172.31.36.0-255,66,18713,15,202289
9733,0.000242,74.125.200.0-255,2902,21615,15,202289
9734,0.000245,172.31.36.0-255,66,21681,15,202289
9735,0.000252,74.125.200.0-255,4320,26001,15,202289
9736,0.000254,172.31.36.0-255,66,26067,15,202289
9737,0.000277,74.125.200.0-255,1484,27551,15,202289
9738,0.000279,172.31.36.0-255,66,27617,15,202289
9739,0.000301,74.125.200.0-255,3961,31578,15,202289
9740,0.000304,172.31.36.0-255,66,31644,15,202289
9741,0.00031,74.125.200.0-255,5738,37382,15,202289
9742,0.000313,172.31.36.0-255,66,37448,15,202289
9743,0.000326,74.125.200.0-255,1484,38932,15,202289
9744,0.000329,172.31.36.0-255,66,38998,15,202289
9745,0.000369,172.31.36.0-255,66,39064,15,202289
9746,0.000374,74.125.200.0-255,2902,41966,15,202289
9747,0.000376,172.31.36.0-255,66,42032,15,202289
9748,0.000382,74.125.200.0-255,4320,46352,15,202289
9749,0.000387,172.31.36.0-255,66,46418,15,202289
9750,0.000394,74.125.200.0-255,1484,47902,15,202289
9751,0.000416,74.125.200.0-255,6438,54340,15,202289
9752,0.000419,172.31.36.0-255,66,54406,15,202289
9753,0.000422,74.125.200.0-255,441,54847,15,202289
9754,0.000465,74.125.200.0-255,332,55179,15,202289
9755,0.000772,74.125.200.0-255,1484,56663,15,202289
9756,0.000776,172.31.36.0-255,66,56729,15,202289
9757,0.000781,74.125.200.0-255,2902,59631,15,202289
9758,0.000784,172.31.36.0-255,66,59697,15,202289
9759,0.000801,74.125.200.0-255,4320,64017,15,202289
9760,0.000804,172.31.36.0-255,66,64083,15,202289
9761,0.000827,74.125.200.0-255,5738,69821,15,202289
9762,0.00083,172.31.36.0-255,66,69887,15,202289
9763,0.000855,172.31.36.0-255,66,69953,15,202289
9764,0.000876,74.125.200.0-255,2902,72855,15,202289
9765,0.00088,74.125.200.0-255,4320,77175,15,202289
9766,0.00088,172.31.36.0-255,66,77241,15,202289
9767,0.000885,172.31.36.0-255,66,77307,15,202289
9768,0.000902,74.125.200.0-255,3602,80909,15,202289
9769,0.000905,172.31.36.0-255,66,80975,15,202289
9770,0.001312,74.125.200.0-255,1484,82459,15,202289
9771,0.001323,74.125.200.0-255,2902,85361,15,202289
9772,0.001327,172.31.36.0-255,66,85427,15,202289
9773,0.001334,74.125.200.0-255,5738,91165,15,202289
9774,0.001337,172.31.36.0-255,66,91231,15,202289
9775,0.001374,74.125.200.0-255,7156,98387,15,202289
9776,0.001377,172.31.36.0-255,66,98453,15,202289
9777,0.001398,74.125.200.0-255,4320,102773,15,202289
9778,0.001401,172.31.36.0-255,66,102839,15,202289
9779,0.001415,172.31.36.0-255,66,102905,15,202289
9780,0.001566,74.125.200.0-255,1484,104389,15,202289
9781,0.001572,74.125.200.0-255,1484,105873,15,202289
9782,0.001576,172.31.36.0-255,66,105939,15,202289
9783,0.001598,74.125.200.0-255,1484,107423,15,202289
9784,0.001605,74.125.200.0-255,5738,113161,15,202289
9785,0.001607,172.31.36.0-255,66,113227,15,202289
9786,0.001611,74.125.200.0-255,1484,114711,15,202289
9787,0.001639,172.31.36.0-255,66,114777,15,202289
9788,0.001645,74.125.200.0-255,4320,119097,15,202289
9789,0.001647,172.31.36.0-255,66,119163,15,202289
9790,0.001668,74.125.200.0-255,7156,126319,15,202289
9791,0.001671,172.31.36.0-255,66,126385,15,202289
9792,0.001675,74.125.200.0-255,2184,128569,15,202289
9793,0.001678,172.31.36.0-255,66,128635,15,202289
9794,0.001772,74.125.200.0-255,1484,130119,15,202289
9795,0.001789,74.125.200.0-255,2902,133021,15,202289
9796,0.001792,172.31.36.0-255,66,133087,15,202289
9797,0.001832,74.125.200.0-255,1484,134571,15,202289
9798,0.001855,74.125.200.0-255,4320,138891,15,202289
9799,0.001857,172.31.36.0-255,66,138957,15,202289
9800,0.001859,74.125.200.0-255,1484,140441,15,202289
9801,0.001863,74.125.200.0-255,2902,143343,15,202289
9802,0.001865,172.31.36.0-255,66,143409,15,202289
9803,0.001871,74.125.200.0-255,5738,149147,15,202289
9804,0.001874,172.31.36.0-255,66,149213,15,202289
9805,0.001884,172.31.36.0-255,66,149279,15,202289
9806,0.001905,74.125.200.0-255,1484,150763,15,202289
9807,0.001924,74.125.200.0-255,2184,152947,15,202289
9808,0.001927,172.31.36.0-255,66,153013,15,202289
9809,0.002077,74.125.200.0-255,1484,154497,15,202289
9810,0.002088,74.125.200.0-255,1484,155981,15,202289
9811,0.002091,172.31.36.0-255,66,156047,15,202289
9812,0.002101,74.125.200.0-255,1484,157531,15,202289
9813,0.002105,74.125.200.0-255,2902,160433,15,202289
9814,0.002107,172.31.36.0-255,66,160499,15,202289
9815,0.002125,74.125.200.0-255,2902,163401,15,202289
9816,0.002127,172.31.36.0-255,66,163467,15,202289
9817,0.002131,74.125.200.0-255,4320,167787,15,202289
9818,0.002133,172.31.36.0-255,66,167853,15,202289
9819,0.002139,74.125.200.0-255,5738,173591,15,202289
9820,0.002141,172.31.36.0-255,66,173657,15,202289
9821,0.002179,172.31.36.0-255,66,173723,15,202289
9822,0.002183,74.125.200.0-255,2184,175907,15,202289
9823,0.002184,172.31.36.0-255,66,175973,15,202289
9824,0.002239,74.125.200.0-255,1484,177457,15,202289
9825,0.002251,74.125.200.0-255,2902,180359,15,202289
9826,0.002254,172.31.36.0-255,66,180425,15,202289
9827,0.002274,74.125.200.0-255,4320,184745,15,202289
9828,0.002277,172.31.36.0-255,66,184811,15,202289
9829,0.002287,74.125.200.0-255,1484,186295,15,202289
9830,0.004524,74.125.200.0-255,4320,190615,15,202289
9831,0.004532,172.31.36.0-255,66,190681,15,202289
9832,0.006771,74.125.200.0-255,5738,196419,15,202289
9833,0.006777,172.31.36.0-255,66,196485,15,202289
9834,0.009015,74.125.200.0-255,5738,202223,15,202289
9835,0.009021,172.31.36.0-255,66,202289,15,202289
9836,0.0,74.125.24.0-255,211,211,15,166421
9837,1.8e-05,172.31.36.0-255,66,277,15,166421
9838,2.4e-05,74.125.24.0-255,1484,1761,15,166421
9839,2.8e-05,172.31.36.0-255,66,1827,15,166421
9840,3.5e-05,74.125.24.0-255,4320,6147,15,166421
9841,3.8e-05,172.31.36.0-255,66,6213,15,166421
9842,5.4e-05,74.125.24.0-255,5738,11951,15,166421
9843,5.8e-05,172.31.36.0-255,66,12017,15,166421
9844,0.000105,74.125.24.0-255,1788,13805,15,166421
9845,0.000109,172.31.36.0-255,66,13871,15,166421
9846,0.000115,74.125.24.0-255,2902,16773,15,166421
9847,0.000117,172.31.36.0-255,66,16839,15,166421
9848,0.00013,74.125.24.0-255,7156,23995,15,166421
9849,0.000133,172.31.36.0-255,66,24061,15,166421
9850,0.000167,74.125.24.0-255,6797,30858,15,166421
9851,0.000172,172.31.36.0-255,66,30924,15,166421
9852,0.000274,74.125.24.0-255,1484,32408,15,166421
9853,0.000281,172.31.36.0-255,66,32474,15,166421
9854,0.000287,74.125.24.0-255,2902,35376,15,166421
9855,0.000289,172.31.36.0-255,66,35442,15,166421
9856,0.000294,74.125.24.0-255,5738,41180,15,166421
9857,0.000302,172.31.36.0-255,66,41246,15,166421
9858,0.000308,74.125.24.0-255,6797,48043,15,166421
9859,0.00031,172.31.36.0-255,66,48109,15,166421
9860,0.000547,74.125.24.0-255,1484,49593,15,166421
9861,0.000553,172.31.36.0-255,66,49659,15,166421
9862,0.000559,74.125.24.0-255,2902,52561,15,166421
9863,0.000562,172.31.36.0-255,66,52627,15,166421
9864,0.000619,74.125.24.0-255,5738,58365,15,166421
9865,0.000624,172.31.36.0-255,66,58431,15,166421
9866,0.00063,74.125.24.0-255,6797,65228,15,166421
9867,0.000631,172.31.36.0-255,66,65294,15,166421
9868,0.000732,74.125.24.0-255,397,65691,15,166421
9869,0.000772,74.125.24.0-255,1484,67175,15,166421
9870,0.000778,172.31.36.0-255,66,67241,15,166421
9871,0.000784,74.125.24.0-255,4320,71561,15,166421
9872,0.000787,172.31.36.0-255,66,71627,15,166421
9873,0.000823,172.31.36.0-255,66,71693,15,166421
9874,0.000835,172.31.36.0-255,66,71759,15,166421
9875,0.00086,74.125.24.0-255,2902,74661,15,166421
9876,0.000865,74.125.24.0-255,6438,81099,15,166421
9877,0.000868,172.31.36.0-255,66,81165,15,166421
9878,0.000871,172.31.36.0-255,66,81231,15,166421
9879,0.000891,74.125.24.0-255,347,81578,15,166421
9880,0.001164,172.31.36.0-255,101,81679,15,166421
9881,0.001334,74.125.24.0-255,1484,83163,15,166421
9882,0.001341,74.125.24.0-255,2902,86065,15,166421
9883,0.001345,172.31.36.0-255,66,86131,15,166421
9884,0.001382,74.125.24.0-255,2902,89033,15,166421
9885,0.001385,172.31.36.0-255,66,89099,15,166421
9886,0.001393,74.125.24.0-255,7156,96255,15,166421
9887,0.001395,172.31.36.0-255,66,96321,15,166421
9888,0.001418,172.31.36.0-255,66,96387,15,166421
9889,0.001423,74.125.24.0-255,3602,99989,15,166421
9890,0.001425,172.31.36.0-255,66,100055,15,166421
9891,0.001645,74.125.24.0-255,1484,101539,15,166421
9892,0.001653,74.125.24.0-255,2902,104441,15,166421
9893,0.001658,172.31.36.0-255,66,104507,15,166421
9894,0.001666,74.125.24.0-255,5738,110245,15,166421
9895,0.001668,172.31.36.0-255,66,110311,15,166421
9896,0.001712,172.31.36.0-255,66,110377,15,166421
9897,0.001741,74.125.24.0-255,1484,111861,15,166421
9898,0.001755,172.31.36.0-255,66,111927,15,166421
9899,0.001784,74.125.24.0-255,2184,114111,15,166421
9900,0.001788,172.31.36.0-255,66,114177,15,166421
9901,0.001862,74.125.24.0-255,1484,115661,15,166421
9902,0.001868,74.125.24.0-255,2902,118563,15,166421
9903,0.001873,172.31.36.0-255,66,118629,15,166421
9904,0.001878,74.125.24.0-255,2902,121531,15,166421
9905,0.00188,172.31.36.0-255,66,121597,15,166421
9906,0.0019,74.125.24.0-255,2902,124499,15,166421
9907,0.001906,172.31.36.0-255,66,124565,15,166421
9908,0.00191,74.125.24.0-255,2902,127467,15,166421
9909,0.001913,172.31.36.0-255,66,127533,15,166421
9910,0.00195,172.31.36.0-255,66,127599,15,166421
9911,0.001986,172.31.36.0-255,66,127665,15,166421
9912,0.00212,74.125.24.0-255,1484,129149,15,166421
9913,0.002136,74.125.24.0-255,2902,132051,15,166421
9914,0.002138,172.31.36.0-255,66,132117,15,166421
9915,0.002142,74.125.24.0-255,1484,133601,15,166421
9916,0.002169,74.125.24.0-255,5738,139339,15,166421
9917,0.002171,172.31.36.0-255,66,139405,15,166421
9918,0.00221,172.31.36.0-255,66,139471,15,166421
9919,0.002216,74.125.24.0-255,4320,143791,15,166421
9920,0.002218,172.31.36.0-255,66,143857,15,166421
9921,0.002261,74.125.24.0-255,5020,148877,15,166421
9922,0.002265,172.31.36.0-255,66,148943,15,166421
9923,0.003445,74.125.24.0-255,66,149009,15,166421
9924,0.004544,74.125.24.0-255,5738,154747,15,166421
9925,0.004549,172.31.36.0-255,66,154813,15,166421
9926,0.006936,74.125.24.0-255,5738,160551,15,166421
9927,0.006942,172.31.36.0-255,66,160617,15,166421
9928,0.009217,74.125.24.0-255,5738,166355,15,166421
9929,0.009224,172.31.36.0-255,66,166421,15,166421
9930,0.0,172.31.36.0-255,66,66,15,66
9931,0.0,74.125.24.0-255,150,150,15,134351
9932,3.5e-05,172.31.36.0-255,66,216,15,134351
9933,4.2e-05,74.125.24.0-255,1484,1700,15,134351
9934,4.6e-05,172.31.36.0-255,66,1766,15,134351
9935,5.1e-05,74.125.24.0-255,2902,4668,15,134351
9936,6.3e-05,172.31.36.0-255,66,4734,15,134351
9937,7e-05,74.125.24.0-255,7156,11890,15,134351
9938,7.2e-05,172.31.36.0-255,66,11956,15,134351
9939,8.3e-05,172.31.36.0-255,66,12022,15,134351
9940,0.000124,74.125.24.0-255,4320,16342,15,134351
9941,0.000126,172.31.36.0-255,66,16408,15,134351
9942,0.000158,74.125.24.0-255,6797,23205,15,134351
9943,0.000162,172.31.36.0-255,66,23271,15,134351
9944,0.000186,74.125.24.0-255,1484,24755,15,134351
9945,0.000189,172.31.36.0-255,66,24821,15,134351
9946,0.000207,74.125.24.0-255,2902,27723,15,134351
9947,0.000211,172.31.36.0-255,66,27789,15,134351
9948,0.000216,74.125.24.0-255,2902,30691,15,134351
9949,0.000218,172.31.36.0-255,66,30757,15,134351
9950,0.000249,74.125.24.0-255,2902,33659,15,134351
9951,0.000252,172.31.36.0-255,66,33725,15,134351
9952,0.000281,74.125.24.0-255,6797,40522,15,134351
9953,0.000284,172.31.36.0-255,66,40588,15,134351
9954,0.001273,74.125.24.0-255,1484,42072,15,134351
9955,0.001279,172.31.36.0-255,66,42138,15,134351
9956,0.001289,74.125.24.0-255,2902,45040,15,134351
9957,0.001291,172.31.36.0-255,66,45106,15,134351
9958,0.001303,74.125.24.0-255,5738,50844,15,134351
9959,0.001305,172.31.36.0-255,66,50910,15,134351
9960,0.001312,74.125.24.0-255,6797,57707,15,134351
9961,0.001314,172.31.36.0-255,66,57773,15,134351
9962,0.001389,74.125.24.0-255,1484,59257,15,134351
9963,0.001405,74.125.24.0-255,2902,62159,15,134351
9964,0.001408,172.31.36.0-255,66,62225,15,134351
9965,0.001414,74.125.24.0-255,5738,67963,15,134351
9966,0.001416,172.31.36.0-255,66,68029,15,134351
9967,0.001443,74.125.24.0-255,1484,69513,15,134351
9968,0.00147,172.31.36.0-255,66,69579,15,134351
9969,0.001479,172.31.36.0-255,66,69645,15,134351
9970,0.001499,74.125.24.0-255,1125,70770,15,134351
9971,0.001536,74.125.24.0-255,645,71415,15,134351
9972,0.001539,172.31.36.0-255,66,71481,15,134351
9973,0.00184,74.125.24.0-255,1484,72965,15,134351
9974,0.001843,74.125.24.0-255,1484,74449,15,134351
9975,0.001846,172.31.36.0-255,66,74515,15,134351
9976,0.001869,74.125.24.0-255,1484,75999,15,134351
9977,0.001876,74.125.24.0-255,5738,81737,15,134351
9978,0.001878,172.31.36.0-255,66,81803,15,134351
9979,0.001901,74.125.24.0-255,2902,84705,15,134351
9980,0.001903,172.31.36.0-255,66,84771,15,134351
9981,0.001934,172.31.36.0-255,66,84837,15,134351
9982,0.00194,74.125.24.0-255,5738,90575,15,134351
9983,0.001942,172.31.36.0-255,66,90641,15,134351
9984,0.001975,74.125.24.0-255,5020,95661,15,134351
9985,0.001977,172.31.36.0-255,66,95727,15,134351
9986,0.002016,74.125.24.0-255,5738,101465,15,134351
9987,0.002019,172.31.36.0-255,66,101531,15,134351
9988,0.002046,74.125.24.0-255,7156,108687,15,134351
9989,0.002049,172.31.36.0-255,66,108753,15,134351
9990,0.002053,74.125.24.0-255,2902,111655,15,134351
9991,0.002054,172.31.36.0-255,66,111721,15,134351
9992,0.00209,172.31.36.0-255,66,111787,15,134351
9993,0.002097,74.125.24.0-255,6438,118225,15,134351
9994,0.002099,172.31.36.0-255,66,118291,15,134351
9995,0.004719,74.125.24.0-255,4320,122611,15,134351
9996,0.004722,172.31.36.0-255,66,122677,15,134351
9997,0.004745,74.125.24.0-255,1484,124161,15,134351
9998,0.007321,74.125.24.0-255,4320,128481,15,134351
9999,0.007327,172.31.36.0-255,66,128547,15,134351
10000,0.009944,74.125.24.0-255,5738,134285,15,134351
10001,0.009952,172.31.36.0-255,66,134351,15,134351
10002,0.0,74.125.200.0-255,152,152,15,54962
10003,3.3e-05,172.31.36.0-255,66,218,15,54962
10004,4e-05,74.125.200.0-255,1484,1702,15,54962
10005,4.4e-05,172.31.36.0-255,66,1768,15,54962
10006,4.9e-05,74.125.200.0-255,2902,4670,15,54962
10007,5.2e-05,172.31.36.0-255,66,4736,15,54962
10008,9.5e-05,74.125.200.0-255,2902,7638,15,54962
10009,9.8e-05,172.31.36.0-255,66,7704,15,54962
10010,0.000119,74.125.200.0-255,4320,12024,15,54962
10011,0.000122,172.31.36.0-255,66,12090,15,54962
10012,0.000126,74.125.200.0-255,2038,14128,15,54962
10013,0.000129,172.31.36.0-255,66,14194,15,54962
10014,0.000142,172.31.36.0-255,66,14260,15,54962
10015,0.000147,74.125.200.0-255,4320,18580,15,54962
10016,0.000163,172.31.36.0-255,66,18646,15,54962
10017,0.000166,74.125.200.0-255,1125,19771,15,54962
10018,0.000169,172.31.36.0-255,66,19837,15,54962
10019,0.000287,74.125.200.0-255,1484,21321,15,54962
10020,0.000291,172.31.36.0-255,66,21387,15,54962
10021,0.000312,74.125.200.0-255,2902,24289,15,54962
10022,0.000316,172.31.36.0-255,66,24355,15,54962
10023,0.000322,74.125.200.0-255,4320,28675,15,54962
10024,0.000324,172.31.36.0-255,66,28741,15,54962
10025,0.000337,74.125.200.0-255,1484,30225,15,54962
10026,0.000339,172.31.36.0-255,66,30291,15,54962
10027,0.000346,74.125.200.0-255,5738,36029,15,54962
10028,0.00035,172.31.36.0-255,66,36095,15,54962
10029,0.000368,74.125.200.0-255,1125,37220,15,54962
10030,0.000371,172.31.36.0-255,66,37286,15,54962
10031,0.003627,74.125.200.0-255,1484,38770,15,54962
10032,0.003634,172.31.36.0-255,66,38836,15,54962
10033,0.003644,74.125.200.0-255,2902,41738,15,54962
10034,0.003648,74.125.200.0-255,1484,43222,15,54962
10035,0.003683,172.31.36.0-255,66,43288,15,54962
10036,0.005996,74.125.200.0-255,1484,44772,15,54962
10037,0.006034,74.125.200.0-255,4320,49092,15,54962
10038,0.00605,172.31.36.0-255,66,49158,15,54962
10039,0.008415,74.125.200.0-255,5738,54896,15,54962
10040,0.00843,172.31.36.0-255,66,54962,15,54962
10041,0.0,172.217.194.0-255,153,153,15,256126
10042,2.2e-05,172.31.36.0-255,66,219,15,256126
10043,2.9e-05,172.217.194.0-255,1484,1703,15,256126
10044,3.4e-05,172.31.36.0-255,66,1769,15,256126
10045,4e-05,172.217.194.0-255,2902,4671,15,256126
10046,4.4e-05,172.31.36.0-255,66,4737,15,256126
10047,4.9e-05,172.217.194.0-255,4320,9057,15,256126
10048,5.2e-05,172.31.36.0-255,66,9123,15,256126
10049,7e-05,172.217.194.0-255,1484,10607,15,256126
10050,7.3e-05,172.31.36.0-255,66,10673,15,256126
10051,0.000101,172.217.194.0-255,3524,14197,15,256126
10052,0.000103,172.31.36.0-255,66,14263,15,256126
10053,0.000125,172.217.194.0-255,1484,15747,15,256126
10054,0.000127,172.31.36.0-255,66,15813,15,256126
10055,0.000132,172.217.194.0-255,2902,18715,15,256126
10056,0.000134,172.31.36.0-255,66,18781,15,256126
10057,0.000151,172.217.194.0-255,4320,23101,15,256126
10058,0.000154,172.31.36.0-255,66,23167,15,256126
10059,0.000198,172.217.194.0-255,1484,24651,15,256126
10060,0.0002,172.31.36.0-255,66,24717,15,256126
10061,0.000208,172.217.194.0-255,6797,31514,15,256126
10062,0.00021,172.31.36.0-255,66,31580,15,256126
10063,0.000226,172.31.36.0-255,66,31646,15,256126
10064,0.000233,172.217.194.0-255,7156,38802,15,256126
10065,0.000236,172.31.36.0-255,66,38868,15,256126
10066,0.000256,172.217.194.0-255,2902,41770,15,256126
10067,0.000258,172.31.36.0-255,66,41836,15,256126
10068,0.000263,172.217.194.0-255,2902,44738,15,256126
10069,0.000265,172.31.36.0-255,66,44804,15,256126
10070,0.000285,172.217.194.0-255,6766,51570,15,256126
10071,0.000288,172.31.36.0-255,66,51636,15,256126
10072,0.000312,172.217.194.0-255,4320,55956,15,256126
10073,0.000314,172.31.36.0-255,66,56022,15,256126
10074,0.000335,172.217.194.0-255,1484,57506,15,256126
10075,0.000343,172.217.194.0-255,7156,64662,15,256126
10076,0.000346,172.31.36.0-255,66,64728,15,256126
10077,0.000349,172.217.194.0-255,1484,66212,15,256126
10078,0.00038,172.31.36.0-255,66,66278,15,256126
10079,0.000388,172.217.194.0-255,6172,72450,15,256126
10080,0.00039,172.31.36.0-255,66,72516,15,256126
10081,0.000494,172.217.194.0-255,1484,74000,15,256126
10082,0.000517,172.217.194.0-255,2902,76902,15,256126
10083,0.000521,172.31.36.0-255,66,76968,15,256126
10084,0.000527,172.217.194.0-255,5738,82706,15,256126
10085,0.00053,172.31.36.0-255,66,82772,15,256126
10086,0.000533,172.217.194.0-255,1484,84256,15,256126
10087,0.000569,172.31.36.0-255,66,84322,15,256126
10088,0.000613,172.31.36.0-255,66,84388,15,256126
10089,0.001401,172.217.194.0-255,1484,85872,15,256126
10090,0.001408,172.217.194.0-255,2902,88774,15,256126
10091,0.001412,172.31.36.0-255,66,88840,15,256126
10092,0.001419,172.217.194.0-255,5738,94578,15,256126
10093,0.001421,172.31.36.0-255,66,94644,15,256126
10094,0.001427,172.217.194.0-255,4320,98964,15,256126
10095,0.001429,172.31.36.0-255,66,99030,15,256126
10096,0.001449,172.217.194.0-255,1484,100514,15,256126
10097,0.001454,172.217.194.0-255,2902,103416,15,256126
10098,0.001456,172.31.36.0-255,66,103482,15,256126
10099,0.001482,172.31.36.0-255,66,103548,15,256126
10100,0.001488,172.217.194.0-255,5020,108568,15,256126
10101,0.00149,172.31.36.0-255,66,108634,15,256126
10102,0.001538,172.217.194.0-255,1484,110118,15,256126
10103,0.001554,172.217.194.0-255,2902,113020,15,256126
10104,0.001557,172.31.36.0-255,66,113086,15,256126
10105,0.001562,172.217.194.0-255,2902,115988,15,256126
10106,0.001564,172.31.36.0-255,66,116054,15,256126
10107,0.00158,172.217.194.0-255,2902,118956,15,256126
10108,0.001582,172.31.36.0-255,66,119022,15,256126
10109,0.001594,172.31.36.0-255,66,119088,15,256126
10110,0.001617,172.217.194.0-255,2902,121990,15,256126
10111,0.001619,172.31.36.0-255,66,122056,15,256126
10112,0.001669,172.217.194.0-255,5738,127794,15,256126
10113,0.001672,172.31.36.0-255,66,127860,15,256126
10114,0.001688,172.217.194.0-255,5020,132880,15,256126
10115,0.00169,172.31.36.0-255,66,132946,15,256126
10116,0.001706,172.217.194.0-255,1484,134430,15,256126
10117,0.001723,172.217.194.0-255,2902,137332,15,256126
10118,0.001726,172.31.36.0-255,66,137398,15,256126
10119,0.001751,172.217.194.0-255,5738,143136,15,256126
10120,0.001754,172.31.36.0-255,66,143202,15,256126
10121,0.001768,172.31.36.0-255,66,143268,15,256126
10122,0.001788,172.217.194.0-255,1484,144752,15,256126
10123,0.001795,172.217.194.0-255,5738,150490,15,256126
10124,0.001798,172.31.36.0-255,66,150556,15,256126
10125,0.00182,172.217.194.0-255,5020,155576,15,256126
10126,0.001824,172.31.36.0-255,66,155642,15,256126
10127,0.001829,172.217.194.0-255,4320,159962,15,256126
10128,0.001831,172.31.36.0-255,66,160028,15,256126
10129,0.001851,172.217.194.0-255,7156,167184,15,256126
10130,0.001853,172.31.36.0-255,66,167250,15,256126
10131,0.001858,172.217.194.0-255,2902,170152,15,256126
10132,0.00186,172.31.36.0-255,66,170218,15,256126
10133,0.001873,172.217.194.0-255,1484,171702,15,256126
10134,0.001895,172.217.194.0-255,7156,178858,15,256126
10135,0.001898,172.31.36.0-255,66,178924,15,256126
10136,0.001922,172.217.194.0-255,7156,186080,15,256126
10137,0.001925,172.31.36.0-255,66,186146,15,256126
10138,0.00193,172.217.194.0-255,3602,189748,15,256126
10139,0.001933,172.31.36.0-255,66,189814,15,256126
10140,0.002056,172.217.194.0-255,1484,191298,15,256126
10141,0.00207,172.217.194.0-255,2902,194200,15,256126
10142,0.002074,172.31.36.0-255,66,194266,15,256126
10143,0.00208,172.217.194.0-255,4320,198586,15,256126
10144,0.002083,172.31.36.0-255,66,198652,15,256126
10145,0.002094,172.217.194.0-255,1484,200136,15,256126
10146,0.002122,172.31.36.0-255,66,200202,15,256126
10147,0.002132,172.217.194.0-255,1484,201686,15,256126
10148,0.002158,172.217.194.0-255,4320,206006,15,256126
10149,0.002161,172.31.36.0-255,66,206072,15,256126
10150,0.002185,172.217.194.0-255,6438,212510,15,256126
10151,0.002188,172.31.36.0-255,66,212576,15,256126
10152,0.00221,172.217.194.0-255,1484,214060,15,256126
10153,0.002214,172.217.194.0-255,2902,216962,15,256126
10154,0.002217,172.31.36.0-255,66,217028,15,256126
10155,0.002224,172.217.194.0-255,5738,222766,15,256126
10156,0.002226,172.31.36.0-255,66,222832,15,256126
10157,0.002253,172.217.194.0-255,7156,229988,15,256126
10158,0.002256,172.31.36.0-255,66,230054,15,256126
10159,0.002279,172.217.194.0-255,5738,235792,15,256126
10160,0.002282,172.31.36.0-255,66,235858,15,256126
10161,0.002296,172.217.194.0-255,4320,240178,15,256126
10162,0.0023,172.31.36.0-255,66,240244,15,256126
10163,0.002335,172.31.36.0-255,66,240310,15,256126
10164,0.002342,172.217.194.0-255,5738,246048,15,256126
10165,0.002345,172.31.36.0-255,66,246114,15,256126
10166,0.002387,172.31.36.0-255,66,246180,15,256126
10167,0.002393,172.217.194.0-255,3602,249782,15,256126
10168,0.002395,172.31.36.0-255,66,249848,15,256126
10169,0.002431,172.217.194.0-255,5738,255586,15,256126
10170,0.002434,172.31.36.0-255,66,255652,15,256126
10171,0.002464,172.31.36.0-255,66,255718,15,256126
10172,0.00252,172.31.36.0-255,66,255784,15,256126
10173,0.002523,172.217.194.0-255,105,255889,15,256126
10174,0.004449,172.31.36.0-255,66,255955,15,256126
10175,0.004501,172.31.36.0-255,105,256060,15,256126
10176,0.007037,172.217.194.0-255,66,256126,15,256126
10177,0.0,172.217.194.0-255,152,152,15,125713
10178,2.5e-05,172.31.36.0-255,66,218,15,125713
10179,3.2e-05,172.217.194.0-255,1484,1702,15,125713
10180,3.6e-05,172.31.36.0-255,66,1768,15,125713
10181,4.1e-05,172.217.194.0-255,2902,4670,15,125713
10182,4.4e-05,172.31.36.0-255,66,4736,15,125713
10183,5e-05,172.217.194.0-255,4320,9056,15,125713
10184,5.3e-05,172.31.36.0-255,66,9122,15,125713
10185,7.8e-05,172.217.194.0-255,2902,12024,15,125713
10186,8.1e-05,172.31.36.0-255,66,12090,15,125713
10187,8.6e-05,172.217.194.0-255,2902,14992,15,125713
10188,8.8e-05,172.31.36.0-255,66,15058,15,125713
10189,0.000112,172.31.36.0-255,66,15124,15,125713
10190,0.000138,172.217.194.0-255,5379,20503,15,125713
10191,0.000141,172.31.36.0-255,66,20569,15,125713
10192,0.000188,172.217.194.0-255,1484,22053,15,125713
10193,0.000191,172.31.36.0-255,66,22119,15,125713
10194,0.000195,172.217.194.0-255,2902,25021,15,125713
10195,0.000197,172.31.36.0-255,66,25087,15,125713
10196,0.000203,172.217.194.0-255,5738,30825,15,125713
10197,0.000206,172.31.36.0-255,66,30891,15,125713
10198,0.000241,172.217.194.0-255,2902,33793,15,125713
10199,0.000243,172.31.36.0-255,66,33859,15,125713
10200,0.000272,172.31.36.0-255,66,33925,15,125713
10201,0.000277,172.31.36.0-255,66,33991,15,125713
10202,0.00028,172.217.194.0-255,1125,35116,15,125713
10203,0.000282,172.31.36.0-255,66,35182,15,125713
10204,0.00077,172.217.194.0-255,645,35827,15,125713
10205,0.000776,172.31.36.0-255,66,35893,15,125713
10206,0.000886,172.217.194.0-255,1484,37377,15,125713
10207,0.000895,172.217.194.0-255,2902,40279,15,125713
10208,0.000899,172.31.36.0-255,66,40345,15,125713
10209,0.000906,172.217.194.0-255,5738,46083,15,125713
10210,0.000908,172.31.36.0-255,66,46149,15,125713
10211,0.00094,172.217.194.0-255,1484,47633,15,125713
10212,0.000972,172.217.194.0-255,6797,54430,15,125713
10213,0.000977,172.31.36.0-255,66,54496,15,125713
10214,0.000988,172.31.36.0-255,66,54562,15,125713
10215,0.000991,172.217.194.0-255,1484,56046,15,125713
10216,0.001019,172.217.194.0-255,5379,61425,15,125713
10217,0.001022,172.31.36.0-255,66,61491,15,125713
10218,0.001919,172.217.194.0-255,1484,62975,15,125713
10219,0.001929,172.217.194.0-255,2902,65877,15,125713
10220,0.001933,172.31.36.0-255,66,65943,15,125713
10221,0.00194,172.217.194.0-255,5738,71681,15,125713
10222,0.001942,172.31.36.0-255,66,71747,15,125713
10223,0.00196,172.217.194.0-255,7156,78903,15,125713
10224,0.001962,172.31.36.0-255,66,78969,15,125713
10225,0.001994,172.217.194.0-255,5738,84707,15,125713
10226,0.001997,172.31.36.0-255,66,84773,15,125713
10227,0.002006,172.31.36.0-255,66,84839,15,125713
10228,0.00201,172.217.194.0-255,2184,87023,15,125713
10229,0.002012,172.31.36.0-255,66,87089,15,125713
10230,0.002153,172.217.194.0-255,1484,88573,15,125713
10231,0.002157,172.217.194.0-255,1484,90057,15,125713
10232,0.002159,172.31.36.0-255,66,90123,15,125713
10233,0.002179,172.217.194.0-255,1484,91607,15,125713
10234,0.002185,172.217.194.0-255,5738,97345,15,125713
10235,0.002194,172.31.36.0-255,66,97411,15,125713
10236,0.002216,172.217.194.0-255,2902,100313,15,125713
10237,0.002264,172.217.194.0-255,5738,106051,15,125713
10238,0.002281,172.217.194.0-255,2184,108235,15,125713
10239,0.002286,172.31.36.0-255,66,108301,15,125713
10240,0.004592,172.217.194.0-255,5738,114039,15,125713
10241,0.0046,172.31.36.0-255,66,114105,15,125713
10242,0.006913,172.217.194.0-255,5738,119843,15,125713
10243,0.00692,172.31.36.0-255,66,119909,15,125713
10244,0.009223,172.217.194.0-255,5738,125647,15,125713
10245,0.009231,172.31.36.0-255,66,125713,15,125713
10246,0.0,172.253.118.0-255,143,143,15,241466
10247,3.3e-05,172.31.36.0-255,66,209,15,241466
10248,3.9e-05,172.253.118.0-255,1484,1693,15,241466
10249,4.3e-05,172.31.36.0-255,66,1759,15,241466
10250,4.8e-05,172.253.118.0-255,2902,4661,15,241466
10251,5.8e-05,172.31.36.0-255,66,4727,15,241466
10252,6.2e-05,172.253.118.0-255,2902,7629,15,241466
10253,6.5e-05,172.31.36.0-255,66,7695,15,241466
10254,9e-05,172.253.118.0-255,1484,9179,15,241466
10255,9.2e-05,172.31.36.0-255,66,9245,15,241466
10256,0.000125,172.253.118.0-255,4937,14182,15,241466
10257,0.000129,172.31.36.0-255,66,14248,15,241466
10258,0.00015,172.253.118.0-255,7156,21404,15,241466
10259,0.000153,172.31.36.0-255,66,21470,15,241466
10260,0.000164,172.31.36.0-255,66,21536,15,241466
10261,0.000193,172.253.118.0-255,1125,22661,15,241466
10262,0.000196,172.31.36.0-255,66,22727,15,241466
10263,0.000366,172.253.118.0-255,1484,24211,15,241466
10264,0.000372,172.31.36.0-255,66,24277,15,241466
10265,0.00038,172.253.118.0-255,2902,27179,15,241466
10266,0.000382,172.31.36.0-255,66,27245,15,241466
10267,0.000394,172.253.118.0-255,5738,32983,15,241466
10268,0.000398,172.31.36.0-255,66,33049,15,241466
10269,0.000413,172.31.36.0-255,66,33115,15,241466
10270,0.000419,172.253.118.0-255,4320,37435,15,241466
10271,0.000422,172.31.36.0-255,66,37501,15,241466
10272,0.000454,172.253.118.0-255,4320,41821,15,241466
10273,0.000458,172.31.36.0-255,66,41887,15,241466
10274,0.000461,172.253.118.0-255,1426,43313,15,241466
10275,0.000464,172.31.36.0-255,66,43379,15,241466
10276,0.000488,172.253.118.0-255,377,43756,15,241466
10277,0.000608,172.253.118.0-255,1484,45240,15,241466
10278,0.00063,172.253.118.0-255,2902,48142,15,241466
10279,0.000636,172.253.118.0-255,5738,53880,15,241466
10280,0.000694,172.253.118.0-255,6797,60677,15,241466
10281,0.00072,172.253.118.0-255,1484,62161,15,241466
10282,0.000741,172.253.118.0-255,2902,65063,15,241466
10283,0.000748,172.253.118.0-255,5738,70801,15,241466
10284,0.000761,172.253.118.0-255,1484,72285,15,241466
10285,0.000776,172.253.118.0-255,5379,77664,15,241466
10286,0.001118,172.253.118.0-255,1484,79148,15,241466
10287,0.001126,172.253.118.0-255,2902,82050,15,241466
10288,0.001139,172.253.118.0-255,1484,83534,15,241466
10289,0.001154,172.253.118.0-255,4320,87854,15,241466
10290,0.001191,172.253.118.0-255,5738,93592,15,241466
10291,0.001212,172.253.118.0-255,5020,98612,15,241466
10292,0.001262,172.253.118.0-255,1484,100096,15,241466
10293,0.001266,172.253.118.0-255,2902,102998,15,241466
10294,0.001289,172.253.118.0-255,5738,108736,15,241466
10295,0.001313,172.253.118.0-255,7156,115892,15,241466
10296,0.001343,172.253.118.0-255,5738,121630,15,241466
10297,0.001348,172.253.118.0-255,2184,123814,15,241466
10298,0.001528,172.253.118.0-255,1484,125298,15,241466
10299,0.001549,172.253.118.0-255,2902,128200,15,241466
10300,0.001556,172.253.118.0-255,5738,133938,15,241466
10301,0.001578,172.253.118.0-255,5738,139676,15,241466
10302,0.001601,172.253.118.0-255,7156,146832,15,241466
10303,0.001628,172.253.118.0-255,5738,152570,15,241466
10304,0.001651,172.253.118.0-255,5020,157590,15,241466
10305,0.00173,172.253.118.0-255,1484,159074,15,241466
10306,0.001744,172.253.118.0-255,2902,161976,15,241466
10307,0.001773,172.253.118.0-255,5738,167714,15,241466
10308,0.001798,172.253.118.0-255,7156,174870,15,241466
10309,0.001815,172.253.118.0-255,5738,180608,15,241466
10310,0.001874,172.253.118.0-255,2184,182792,15,241466
10311,0.001985,172.253.118.0-255,1484,184276,15,241466
10312,0.002004,172.253.118.0-255,2902,187178,15,241466
10313,0.002022,172.253.118.0-255,2902,190080,15,241466
10314,0.002043,172.253.118.0-255,2902,192982,15,241466
10315,0.002049,172.253.118.0-255,4320,197302,15,241466
10316,0.002062,172.253.118.0-255,7156,204458,15,241466
10317,0.002076,172.253.118.0-255,4320,208778,15,241466
10318,0.002088,172.253.118.0-255,4320,213098,15,241466
10319,0.002105,172.253.118.0-255,3602,216700,15,241466
10320,0.002184,172.253.118.0-255,1484,218184,15,241466
10321,0.002187,172.253.118.0-255,1484,219668,15,241466
10322,0.002202,172.253.118.0-255,1484,221152,15,241466
10323,0.002227,172.253.118.0-255,5738,226890,15,241466
10324,0.002329,172.253.118.0-255,2902,229792,15,241466
10325,0.003621,172.31.36.0-255,66,229858,15,241466
10326,0.005935,172.253.118.0-255,5738,235596,15,241466
10327,0.005941,172.31.36.0-255,66,235662,15,241466
10328,0.00823,172.253.118.0-255,5738,241400,15,241466
10329,0.008238,172.31.36.0-255,66,241466,15,241466
10330,0.0,172.217.194.0-255,153,153,15,174391
10331,2.4e-05,172.31.36.0-255,66,219,15,174391
10332,3e-05,172.217.194.0-255,1484,1703,15,174391
10333,3.4e-05,172.31.36.0-255,66,1769,15,174391
10334,5.4e-05,172.217.194.0-255,2902,4671,15,174391
10335,5.7e-05,172.31.36.0-255,66,4737,15,174391
10336,6.4e-05,172.217.194.0-255,7156,11893,15,174391
10337,7.1e-05,172.31.36.0-255,66,11959,15,174391
10338,7.5e-05,172.217.194.0-255,2149,14108,15,174391
10339,7.7e-05,172.31.36.0-255,66,14174,15,174391
10340,0.000106,172.217.194.0-255,2902,17076,15,174391
10341,0.000109,172.31.36.0-255,66,17142,15,174391
10342,0.000148,172.31.36.0-255,66,17208,15,174391
10343,0.000156,172.217.194.0-255,5379,22587,15,174391
10344,0.000158,172.31.36.0-255,66,22653,15,174391
10345,0.000194,172.31.36.0-255,66,22719,15,174391
10346,0.000221,172.217.194.0-255,2902,25621,15,174391
10347,0.000224,172.31.36.0-255,66,25687,15,174391
10348,0.000227,172.217.194.0-255,1484,27171,15,174391
10349,0.000228,172.31.36.0-255,66,27237,15,174391
10350,0.000262,172.217.194.0-255,3961,31198,15,174391
10351,0.000266,172.31.36.0-255,66,31264,15,174391
10352,0.000269,172.217.194.0-255,1484,32748,15,174391
10353,0.000271,172.31.36.0-255,66,32814,15,174391
10354,0.000297,172.217.194.0-255,2902,35716,15,174391
10355,0.000302,172.31.36.0-255,66,35782,15,174391
10356,0.000307,172.217.194.0-255,5738,41520,15,174391
10357,0.00031,172.31.36.0-255,66,41586,15,174391
10358,0.000341,172.217.194.0-255,5738,47324,15,174391
10359,0.00035,172.31.36.0-255,66,47390,15,174391
10360,0.000384,172.217.194.0-255,1421,48811,15,174391
10361,0.000507,172.217.194.0-255,382,49193,15,174391
10362,0.000512,172.31.36.0-255,66,49259,15,174391
10363,0.000725,172.217.194.0-255,1484,50743,15,174391
10364,0.000731,172.217.194.0-255,2902,53645,15,174391
10365,0.000734,172.31.36.0-255,66,53711,15,174391
10366,0.000765,172.217.194.0-255,5738,59449,15,174391
10367,0.000768,172.31.36.0-255,66,59515,15,174391
10368,0.000781,172.31.36.0-255,66,59581,15,174391
10369,0.000813,172.217.194.0-255,2902,62483,15,174391
10370,0.000817,172.31.36.0-255,66,62549,15,174391
10371,0.000822,172.217.194.0-255,4320,66869,15,174391
10372,0.000824,172.31.36.0-255,66,66935,15,174391
10373,0.000861,172.217.194.0-255,1484,68419,15,174391
10374,0.000888,172.217.194.0-255,5020,73439,15,174391
10375,0.000892,172.31.36.0-255,66,73505,15,174391
10376,0.001061,172.217.194.0-255,1484,74989,15,174391
10377,0.001066,172.217.194.0-255,1484,76473,15,174391
10378,0.00107,172.31.36.0-255,66,76539,15,174391
10379,0.001096,172.217.194.0-255,1484,78023,15,174391
10380,0.001102,172.217.194.0-255,5738,83761,15,174391
10381,0.001104,172.31.36.0-255,66,83827,15,174391
10382,0.001117,172.31.36.0-255,66,83893,15,174391
10383,0.001155,172.31.36.0-255,66,83959,15,174391
10384,0.001181,172.217.194.0-255,2184,86143,15,174391
10385,0.001184,172.31.36.0-255,66,86209,15,174391
10386,0.00149,172.217.194.0-255,1484,87693,15,174391
10387,0.001516,172.217.194.0-255,2902,90595,15,174391
10388,0.00152,172.31.36.0-255,66,90661,15,174391
10389,0.001527,172.217.194.0-255,5738,96399,15,174391
10390,0.00153,172.31.36.0-255,66,96465,15,174391
10391,0.00155,172.31.36.0-255,66,96531,15,174391
10392,0.001556,172.217.194.0-255,5738,102269,15,174391
10393,0.001559,172.31.36.0-255,66,102335,15,174391
10394,0.001608,172.217.194.0-255,5020,107355,15,174391
10395,0.001612,172.31.36.0-255,66,107421,15,174391
10396,0.001656,172.217.194.0-255,1484,108905,15,174391
10397,0.001663,172.217.194.0-255,2902,111807,15,174391
10398,0.001665,172.31.36.0-255,66,111873,15,174391
10399,0.0017,172.217.194.0-255,5738,117611,15,174391
10400,0.001703,172.31.36.0-255,66,117677,15,174391
10401,0.001756,172.31.36.0-255,66,117743,15,174391
10402,0.001763,172.31.36.0-255,66,117809,15,174391
10403,0.001926,172.217.194.0-255,1484,119293,15,174391
10404,0.001932,172.217.194.0-255,2902,122195,15,174391
10405,0.001935,172.31.36.0-255,66,122261,15,174391
10406,0.001958,172.217.194.0-255,5738,127999,15,174391
10407,0.001961,172.31.36.0-255,66,128065,15,174391
10408,0.001968,172.217.194.0-255,7156,135221,15,174391
10409,0.001971,172.31.36.0-255,66,135287,15,174391
10410,0.001994,172.217.194.0-255,2902,138189,15,174391
10411,0.002002,172.31.36.0-255,66,138255,15,174391
10412,0.002008,172.217.194.0-255,5738,143993,15,174391
10413,0.002011,172.31.36.0-255,66,144059,15,174391
10414,0.00205,172.31.36.0-255,66,144125,15,174391
10415,0.002076,172.217.194.0-255,1484,145609,15,174391
10416,0.002093,172.217.194.0-255,2902,148511,15,174391
10417,0.002096,172.31.36.0-255,66,148577,15,174391
10418,0.002102,172.217.194.0-255,5738,154315,15,174391
10419,0.002104,172.31.36.0-255,66,154381,15,174391
10420,0.002123,172.217.194.0-255,5738,160119,15,174391
10421,0.002126,172.31.36.0-255,66,160185,15,174391
10422,0.002158,172.217.194.0-255,7156,167341,15,174391
10423,0.002162,172.31.36.0-255,66,167407,15,174391
10424,0.002181,172.31.36.0-255,66,167473,15,174391
10425,0.002263,172.31.36.0-255,66,167539,15,174391
10426,0.002272,172.217.194.0-255,1484,169023,15,174391
10427,0.002288,172.31.36.0-255,66,169089,15,174391
10428,0.002304,172.31.36.0-255,66,169155,15,174391
10429,0.002341,172.31.36.0-255,66,169221,15,174391
10430,0.002362,172.31.36.0-255,66,169287,15,174391
10431,0.00238,172.31.36.0-255,66,169353,15,174391
10432,0.002426,172.31.36.0-255,66,169419,15,174391
10433,0.002443,172.31.36.0-255,66,169485,15,174391
10434,0.002455,172.31.36.0-255,66,169551,15,174391
10435,0.002461,172.217.194.0-255,4432,173983,15,174391
10436,0.002463,172.31.36.0-255,66,174049,15,174391
10437,0.002496,172.217.194.0-255,105,174154,15,174391
10438,0.004093,172.31.36.0-255,66,174220,15,174391
10439,0.00412,172.31.36.0-255,105,174325,15,174391
10440,0.006663,172.217.194.0-255,66,174391,15,174391
10441,0.0,172.217.194.0-255,153,153,15,208008
10442,1.6e-05,172.31.36.0-255,66,219,15,208008
10443,4.3e-05,172.217.194.0-255,1484,1703,15,208008
10444,4.7e-05,172.31.36.0-255,66,1769,15,208008
10445,5.3e-05,172.217.194.0-255,2902,4671,15,208008
10446,5.6e-05,172.31.36.0-255,66,4737,15,208008
10447,6.4e-05,172.217.194.0-255,7156,11893,15,208008
10448,6.7e-05,172.31.36.0-255,66,11959,15,208008
10449,0.000103,172.31.36.0-255,66,12025,15,208008
10450,0.000123,172.217.194.0-255,4911,16936,15,208008
10451,0.000125,172.31.36.0-255,66,17002,15,208008
10452,0.00013,172.217.194.0-255,3961,20963,15,208008
10453,0.000133,172.31.36.0-255,66,21029,15,208008
10454,0.000183,172.217.194.0-255,2902,23931,15,208008
10455,0.000187,172.31.36.0-255,66,23997,15,208008
10456,0.000193,172.217.194.0-255,4320,28317,15,208008
10457,0.000196,172.31.36.0-255,66,28383,15,208008
10458,0.000228,172.31.36.0-255,66,28449,15,208008
10459,0.000255,172.31.36.0-255,66,28515,15,208008
10460,0.000279,172.217.194.0-255,3961,32476,15,208008
10461,0.000282,172.31.36.0-255,66,32542,15,208008
10462,0.000287,172.217.194.0-255,4267,36809,15,208008
10463,0.00029,172.31.36.0-255,66,36875,15,208008
10464,0.000332,172.217.194.0-255,2902,39777,15,208008
10465,0.000334,172.31.36.0-255,66,39843,15,208008
10466,0.00034,172.217.194.0-255,2902,42745,15,208008
10467,0.000342,172.31.36.0-255,66,42811,15,208008
10468,0.000354,172.217.194.0-255,1484,44295,15,208008
10469,0.000356,172.31.36.0-255,66,44361,15,208008
10470,0.000362,172.217.194.0-255,4320,48681,15,208008
10471,0.000365,172.31.36.0-255,66,48747,15,208008
10472,0.00039,172.217.194.0-255,4320,53067,15,208008
10473,0.000393,172.31.36.0-255,66,53133,15,208008
10474,0.000397,172.217.194.0-255,1439,54572,15,208008
10475,0.000401,172.217.194.0-255,1484,56056,15,208008
10476,0.000402,172.31.36.0-255,66,56122,15,208008
10477,0.000406,172.217.194.0-255,1484,57606,15,208008
10478,0.000426,172.217.194.0-255,2902,60508,15,208008
10479,0.000428,172.31.36.0-255,66,60574,15,208008
10480,0.000433,172.217.194.0-255,2902,63476,15,208008
10481,0.000435,172.31.36.0-255,66,63542,15,208008
10482,0.000453,172.217.194.0-255,7156,70698,15,208008
10483,0.000456,172.31.36.0-255,66,70764,15,208008
10484,0.000459,172.217.194.0-255,576,71340,15,208008
10485,0.000551,172.217.194.0-255,1484,72824,15,208008
10486,0.000555,172.31.36.0-255,66,72890,15,208008
10487,0.00056,172.217.194.0-255,2902,75792,15,208008
10488,0.000562,172.31.36.0-255,66,75858,15,208008
10489,0.00059,172.217.194.0-255,5738,81596,15,208008
10490,0.000593,172.31.36.0-255,66,81662,15,208008
10491,0.000601,172.217.194.0-255,7156,88818,15,208008
10492,0.000603,172.31.36.0-255,66,88884,15,208008
10493,0.000627,172.217.194.0-255,4320,93204,15,208008
10494,0.000629,172.31.36.0-255,66,93270,15,208008
10495,0.000677,172.31.36.0-255,66,93336,15,208008
10496,0.000732,172.217.194.0-255,1484,94820,15,208008
10497,0.000737,172.217.194.0-255,2902,97722,15,208008
10498,0.00074,172.31.36.0-255,66,97788,15,208008
10499,0.000746,172.217.194.0-255,5738,103526,15,208008
10500,0.000749,172.31.36.0-255,66,103592,15,208008
10501,0.000753,172.217.194.0-255,2902,106494,15,208008
10502,0.000755,172.31.36.0-255,66,106560,15,208008
10503,0.000789,172.31.36.0-255,66,106626,15,208008
10504,0.000792,172.217.194.0-255,1484,108110,15,208008
10505,0.000798,172.217.194.0-255,4320,112430,15,208008
10506,0.0008,172.31.36.0-255,66,112496,15,208008
10507,0.000832,172.217.194.0-255,5020,117516,15,208008
10508,0.000835,172.31.36.0-255,66,117582,15,208008
10509,0.000847,172.31.36.0-255,66,117648,15,208008
10510,0.000852,172.217.194.0-255,4320,121968,15,208008
10511,0.000854,172.31.36.0-255,66,122034,15,208008
10512,0.000894,172.31.36.0-255,66,122100,15,208008
10513,0.000902,172.217.194.0-255,6438,128538,15,208008
10514,0.000904,172.31.36.0-255,66,128604,15,208008
10515,0.000937,172.217.194.0-255,7156,135760,15,208008
10516,0.00094,172.31.36.0-255,66,135826,15,208008
10517,0.000951,172.31.36.0-255,66,135892,15,208008
10518,0.000982,172.217.194.0-255,7156,143048,15,208008
10519,0.000985,172.31.36.0-255,66,143114,15,208008
10520,0.000991,172.217.194.0-255,5738,148852,15,208008
10521,0.000994,172.31.36.0-255,66,148918,15,208008
10522,0.001012,172.217.194.0-255,1484,150402,15,208008
10523,0.001026,172.217.194.0-255,3602,154004,15,208008
10524,0.001029,172.31.36.0-255,66,154070,15,208008
10525,0.001071,172.217.194.0-255,1484,155554,15,208008
10526,0.001085,172.217.194.0-255,2902,158456,15,208008
10527,0.001089,172.31.36.0-255,66,158522,15,208008
10528,0.001094,172.217.194.0-255,4320,162842,15,208008
10529,0.001096,172.31.36.0-255,66,162908,15,208008
10530,0.00111,172.217.194.0-255,1484,164392,15,208008
10531,0.001117,172.217.194.0-255,5738,170130,15,208008
10532,0.001119,172.31.36.0-255,66,170196,15,208008
10533,0.001128,172.217.194.0-255,2902,173098,15,208008
10534,0.001131,172.31.36.0-255,66,173164,15,208008
10535,0.001153,172.31.36.0-255,66,173230,15,208008
10536,0.001158,172.217.194.0-255,2902,176132,15,208008
10537,0.00116,172.31.36.0-255,66,176198,15,208008
10538,0.001174,172.217.194.0-255,2184,178382,15,208008
10539,0.001177,172.31.36.0-255,66,178448,15,208008
10540,0.001214,172.217.194.0-255,1484,179932,15,208008
10541,0.001219,172.217.194.0-255,2902,182834,15,208008
10542,0.001223,172.31.36.0-255,66,182900,15,208008
10543,0.001229,172.217.194.0-255,4320,187220,15,208008
10544,0.001231,172.31.36.0-255,66,187286,15,208008
10545,0.001242,172.217.194.0-255,1484,188770,15,208008
10546,0.001274,172.31.36.0-255,66,188836,15,208008
10547,0.001327,172.31.36.0-255,66,188902,15,208008
10548,0.001338,172.217.194.0-255,2184,191086,15,208008
10549,0.00134,172.31.36.0-255,66,191152,15,208008
10550,0.001363,172.31.36.0-255,66,191218,15,208008
10551,0.001385,172.217.194.0-255,2902,194120,15,208008
10552,0.001388,172.31.36.0-255,66,194186,15,208008
10553,0.001403,172.31.36.0-255,66,194252,15,208008
10554,0.001444,172.217.194.0-255,1484,195736,15,208008
10555,0.001467,172.31.36.0-255,66,195802,15,208008
10556,0.001472,172.217.194.0-255,2902,198704,15,208008
10557,0.001474,172.31.36.0-255,66,198770,15,208008
10558,0.00148,172.217.194.0-255,4320,203090,15,208008
10559,0.001483,172.31.36.0-255,66,203156,15,208008
10560,0.001493,172.31.36.0-255,66,203222,15,208008
10561,0.001547,172.31.36.0-255,66,203288,15,208008
10562,0.001552,172.217.194.0-255,4320,207608,15,208008
10563,0.001554,172.31.36.0-255,66,207674,15,208008
10564,0.00158,172.31.36.0-255,66,207740,15,208008
10565,0.001592,172.31.36.0-255,66,207806,15,208008
10566,0.001595,172.217.194.0-255,97,207903,15,208008
10567,0.001626,172.217.194.0-255,105,208008,15,208008
10568,0.0,172.217.194.0-255,146,146,15,228893
10569,2.8e-05,172.31.36.0-255,66,212,15,228893
10570,3.5e-05,172.217.194.0-255,1484,1696,15,228893
10571,4e-05,172.31.36.0-255,66,1762,15,228893
10572,4.5e-05,172.217.194.0-255,2902,4664,15,228893
10573,4.8e-05,172.31.36.0-255,66,4730,15,228893
10574,5.6e-05,172.217.194.0-255,7156,11886,15,228893
10575,5.9e-05,172.31.36.0-255,66,11952,15,228893
10576,6.4e-05,172.217.194.0-255,2003,13955,15,228893
10577,6.6e-05,172.31.36.0-255,66,14021,15,228893
10578,0.000173,172.217.194.0-255,1484,15505,15,228893
10579,0.000179,172.31.36.0-255,66,15571,15,228893
10580,0.000184,172.217.194.0-255,2902,18473,15,228893
10581,0.000188,172.31.36.0-255,66,18539,15,228893
10582,0.000193,172.217.194.0-255,4320,22859,15,228893
10583,0.000195,172.31.36.0-255,66,22925,15,228893
10584,0.000223,172.217.194.0-255,1484,24409,15,228893
10585,0.000225,172.31.36.0-255,66,24475,15,228893
10586,0.000232,172.217.194.0-255,6797,31272,15,228893
10587,0.000235,172.31.36.0-255,66,31338,15,228893
10588,0.000282,172.31.36.0-255,66,31404,15,228893
10589,0.000286,172.217.194.0-255,2543,33947,15,228893
10590,0.00029,172.31.36.0-255,66,34013,15,228893
10591,0.000951,172.217.194.0-255,1484,35497,15,228893
10592,0.000957,172.31.36.0-255,66,35563,15,228893
10593,0.000966,172.217.194.0-255,2902,38465,15,228893
10594,0.000968,172.31.36.0-255,66,38531,15,228893
10595,0.000972,172.217.194.0-255,2902,41433,15,228893
10596,0.000974,172.31.36.0-255,66,41499,15,228893
10597,0.000993,172.217.194.0-255,2902,44401,15,228893
10598,0.000995,172.31.36.0-255,66,44467,15,228893
10599,0.001012,172.217.194.0-255,4320,48787,15,228893
10600,0.001015,172.31.36.0-255,66,48853,15,228893
10601,0.001037,172.217.194.0-255,3126,51979,15,228893
10602,0.00104,172.31.36.0-255,66,52045,15,228893
10603,0.001092,172.217.194.0-255,1484,53529,15,228893
10604,0.001097,172.217.194.0-255,1484,55013,15,228893
10605,0.0011,172.31.36.0-255,66,55079,15,228893
10606,0.001118,172.217.194.0-255,1484,56563,15,228893
10607,0.001124,172.217.194.0-255,5738,62301,15,228893
10608,0.001127,172.31.36.0-255,66,62367,15,228893
10609,0.00116,172.217.194.0-255,7156,69523,15,228893
10610,0.001164,172.31.36.0-255,66,69589,15,228893
10611,0.001184,172.217.194.0-255,3961,73550,15,228893
10612,0.001187,172.31.36.0-255,66,73616,15,228893
10613,0.001194,172.217.194.0-255,5738,79354,15,228893
10614,0.001197,172.31.36.0-255,66,79420,15,228893
10615,0.001238,172.217.194.0-255,6797,86217,15,228893
10616,0.001242,172.31.36.0-255,66,86283,15,228893
10617,0.001286,172.217.194.0-255,1484,87767,15,228893
10618,0.001292,172.217.194.0-255,2902,90669,15,228893
10619,0.001295,172.31.36.0-255,66,90735,15,228893
10620,0.001314,172.217.194.0-255,5738,96473,15,228893
10621,0.001318,172.31.36.0-255,66,96539,15,228893
10622,0.001372,172.217.194.0-255,5738,102277,15,228893
10623,0.001376,172.31.36.0-255,66,102343,15,228893
10624,0.001394,172.217.194.0-255,5020,107363,15,228893
10625,0.001446,172.217.194.0-255,1484,108847,15,228893
10626,0.00145,172.217.194.0-255,1484,110331,15,228893
10627,0.001461,172.217.194.0-255,1484,111815,15,228893
10628,0.00147,172.217.194.0-255,5738,117553,15,228893
10629,0.001476,172.217.194.0-255,4320,121873,15,228893
10630,0.001502,172.217.194.0-255,4320,126193,15,228893
10631,0.001538,172.217.194.0-255,5020,131213,15,228893
10632,0.001575,172.217.194.0-255,5738,136951,15,228893
10633,0.001592,172.217.194.0-255,4320,141271,15,228893
10634,0.001602,172.217.194.0-255,1484,142755,15,228893
10635,0.001605,172.217.194.0-255,1484,144239,15,228893
10636,0.001637,172.217.194.0-255,1484,145723,15,228893
10637,0.001688,172.217.194.0-255,2902,148625,15,228893
10638,0.001709,172.217.194.0-255,4320,152945,15,228893
10639,0.001752,172.217.194.0-255,1484,154429,15,228893
10640,0.001756,172.217.194.0-255,2902,157331,15,228893
10641,0.001758,172.217.194.0-255,1484,158815,15,228893
10642,0.001774,172.217.194.0-255,4320,163135,15,228893
10643,0.001794,172.217.194.0-255,2902,166037,15,228893
10644,0.001826,172.217.194.0-255,1484,167521,15,228893
10645,0.001838,172.217.194.0-255,2902,170423,15,228893
10646,0.001858,172.217.194.0-255,5738,176161,15,228893
10647,0.00187,172.217.194.0-255,2184,178345,15,228893
10648,0.001885,172.217.194.0-255,5738,184083,15,228893
10649,0.001903,172.217.194.0-255,7156,191239,15,228893
10650,0.001976,172.217.194.0-255,5738,196977,15,228893
10651,0.002004,172.217.194.0-255,2902,199879,15,228893
10652,0.00206,172.217.194.0-255,7156,207035,15,228893
10653,0.002077,172.217.194.0-255,3602,210637,15,228893
10654,0.00208,172.217.194.0-255,1484,212121,15,228893
10655,0.002135,172.217.194.0-255,7156,219277,15,228893
10656,0.002159,172.217.194.0-255,3602,222879,15,228893
10657,0.002179,172.217.194.0-255,5738,228617,15,228893
10658,0.002226,172.217.194.0-255,105,228722,15,228893
10659,0.005417,172.31.36.0-255,66,228788,15,228893
10660,0.008076,172.31.36.0-255,105,228893,15,228893
10661,0.0,74.125.24.0-255,219,219,15,126196
10662,1.5e-05,172.31.36.0-255,66,285,15,126196
10663,2.2e-05,74.125.24.0-255,1484,1769,15,126196
10664,2.7e-05,172.31.36.0-255,66,1835,15,126196
10665,4.2e-05,74.125.24.0-255,4320,6155,15,126196
10666,4.7e-05,172.31.36.0-255,66,6221,15,126196
10667,5.1e-05,74.125.24.0-255,2902,9123,15,126196
10668,5.4e-05,172.31.36.0-255,66,9189,15,126196
10669,9.1e-05,74.125.24.0-255,4657,13846,15,126196
10670,9.4e-05,172.31.36.0-255,66,13912,15,126196
10671,0.00043,74.125.24.0-255,1484,15396,15,126196
10672,0.000435,172.31.36.0-255,66,15462,15,126196
10673,0.000442,74.125.24.0-255,2902,18364,15,126196
10674,0.000444,172.31.36.0-255,66,18430,15,126196
10675,0.000456,74.125.24.0-255,5738,24168,15,126196
10676,0.000458,172.31.36.0-255,66,24234,15,126196
10677,0.000497,172.31.36.0-255,66,24300,15,126196
10678,0.000529,74.125.24.0-255,3961,28261,15,126196
10679,0.000532,172.31.36.0-255,66,28327,15,126196
10680,0.000551,172.31.36.0-255,66,28393,15,126196
10681,0.000566,172.31.36.0-255,66,28459,15,126196
10682,0.000569,74.125.24.0-255,401,28860,15,126196
10683,0.000571,172.31.36.0-255,66,28926,15,126196
10684,0.001161,74.125.24.0-255,111,29037,15,126196
10685,0.001167,172.31.36.0-255,66,29103,15,126196
10686,0.001248,74.125.24.0-255,329,29432,15,126196
10687,0.001252,172.31.36.0-255,66,29498,15,126196
10688,0.00174,74.125.24.0-255,1484,30982,15,126196
10689,0.001748,172.31.36.0-255,66,31048,15,126196
10690,0.001755,74.125.24.0-255,2902,33950,15,126196
10691,0.001758,172.31.36.0-255,66,34016,15,126196
10692,0.001767,74.125.24.0-255,2902,36918,15,126196
10693,0.001769,172.31.36.0-255,66,36984,15,126196
10694,0.001775,74.125.24.0-255,4320,41304,15,126196
10695,0.001778,172.31.36.0-255,66,41370,15,126196
10696,0.001782,74.125.24.0-255,2902,44272,15,126196
10697,0.001785,172.31.36.0-255,66,44338,15,126196
10698,0.00182,74.125.24.0-255,5738,50076,15,126196
10699,0.001822,172.31.36.0-255,66,50142,15,126196
10700,0.001838,172.31.36.0-255,66,50208,15,126196
10701,0.002024,74.125.24.0-255,1484,51692,15,126196
10702,0.002032,74.125.24.0-255,2902,54594,15,126196
10703,0.002035,172.31.36.0-255,66,54660,15,126196
10704,0.002043,74.125.24.0-255,5738,60398,15,126196
10705,0.002045,172.31.36.0-255,66,60464,15,126196
10706,0.002081,172.31.36.0-255,66,60530,15,126196
10707,0.002107,74.125.24.0-255,1484,62014,15,126196
10708,0.00211,74.125.24.0-255,1484,63498,15,126196
10709,0.002112,172.31.36.0-255,66,63564,15,126196
10710,0.002152,172.31.36.0-255,66,63630,15,126196
10711,0.002172,74.125.24.0-255,4320,67950,15,126196
10712,0.002175,172.31.36.0-255,66,68016,15,126196
10713,0.002179,74.125.24.0-255,2902,70918,15,126196
10714,0.002181,172.31.36.0-255,66,70984,15,126196
10715,0.002209,74.125.24.0-255,2902,73886,15,126196
10716,0.002212,172.31.36.0-255,66,73952,15,126196
10717,0.002226,172.31.36.0-255,66,74018,15,126196
10718,0.002229,74.125.24.0-255,1484,75502,15,126196
10719,0.002257,172.31.36.0-255,66,75568,15,126196
10720,0.002304,74.125.24.0-255,1484,77052,15,126196
10721,0.002309,74.125.24.0-255,2902,79954,15,126196
10722,0.002311,172.31.36.0-255,66,80020,15,126196
10723,0.002315,74.125.24.0-255,1484,81504,15,126196
10724,0.002339,74.125.24.0-255,4320,85824,15,126196
10725,0.002341,172.31.36.0-255,66,85890,15,126196
10726,0.002353,172.31.36.0-255,66,85956,15,126196
10727,0.002383,74.125.24.0-255,4320,90276,15,126196
10728,0.002386,172.31.36.0-255,66,90342,15,126196
10729,0.002399,172.31.36.0-255,66,90408,15,126196
10730,0.002535,74.125.24.0-255,1484,91892,15,126196
10731,0.002541,74.125.24.0-255,2902,94794,15,126196
10732,0.002546,172.31.36.0-255,66,94860,15,126196
10733,0.002577,74.125.24.0-255,5738,100598,15,126196
10734,0.00258,172.31.36.0-255,66,100664,15,126196
10735,0.002586,74.125.24.0-255,5738,106402,15,126196
10736,0.002589,172.31.36.0-255,66,106468,15,126196
10737,0.002597,74.125.24.0-255,2902,109370,15,126196
10738,0.0026,172.31.36.0-255,66,109436,15,126196
10739,0.002647,172.31.36.0-255,66,109502,15,126196
10740,0.002653,74.125.24.0-255,5020,114522,15,126196
10741,0.002655,172.31.36.0-255,66,114588,15,126196
10742,0.005253,74.125.24.0-255,5738,120326,15,126196
10743,0.005261,172.31.36.0-255,66,120392,15,126196
10744,0.007842,74.125.24.0-255,5738,126130,15,126196
10745,0.007852,172.31.36.0-255,66,126196,15,126196
10746,0.0,172.217.194.0-255,148,148,15,190846
10747,2.5e-05,172.31.36.0-255,66,214,15,190846
10748,3.3e-05,172.217.194.0-255,1484,1698,15,190846
10749,3.8e-05,172.31.36.0-255,66,1764,15,190846
10750,4.4e-05,172.217.194.0-255,2902,4666,15,190846
10751,4.7e-05,172.31.36.0-255,66,4732,15,190846
10752,5.4e-05,172.217.194.0-255,7156,11888,15,190846
10753,5.8e-05,172.31.36.0-255,66,11954,15,190846
10754,6.2e-05,172.217.194.0-255,1979,13933,15,190846
10755,6.4e-05,172.31.36.0-255,66,13999,15,190846
10756,0.000103,172.217.194.0-255,1484,15483,15,190846
10757,0.000106,172.31.36.0-255,66,15549,15,190846
10758,0.00011,172.217.194.0-255,1484,17033,15,190846
10759,0.000112,172.31.36.0-255,66,17099,15,190846
10760,0.000126,172.217.194.0-255,1484,18583,15,190846
10761,0.000128,172.31.36.0-255,66,18649,15,190846
10762,0.000135,172.217.194.0-255,5738,24387,15,190846
10763,0.000138,172.31.36.0-255,66,24453,15,190846
10764,0.000146,172.217.194.0-255,6797,31250,15,190846
10765,0.000148,172.31.36.0-255,66,31316,15,190846
10766,0.000191,172.31.36.0-255,66,31382,15,190846
10767,0.00021,172.217.194.0-255,2902,34284,15,190846
10768,0.000213,172.31.36.0-255,66,34350,15,190846
10769,0.000217,172.217.194.0-255,2543,36893,15,190846
10770,0.000219,172.31.36.0-255,66,36959,15,190846
10771,0.00027,172.217.194.0-255,1484,38443,15,190846
10772,0.000273,172.31.36.0-255,66,38509,15,190846
10773,0.000278,172.217.194.0-255,2902,41411,15,190846
10774,0.00028,172.31.36.0-255,66,41477,15,190846
10775,0.000308,172.217.194.0-255,5738,47215,15,190846
10776,0.000311,172.31.36.0-255,66,47281,15,190846
10777,0.000366,172.217.194.0-255,5738,53019,15,190846
10778,0.000385,172.217.194.0-255,1736,54755,15,190846
10779,0.000472,172.217.194.0-255,1484,56239,15,190846
10780,0.000494,172.217.194.0-255,2902,59141,15,190846
10781,0.000499,172.217.194.0-255,2902,62043,15,190846
10782,0.000515,172.217.194.0-255,1484,63527,15,190846
10783,0.000545,172.217.194.0-255,5738,69265,15,190846
10784,0.000558,172.217.194.0-255,2543,71808,15,190846
10785,0.000566,172.217.194.0-255,7156,78964,15,190846
10786,0.000579,172.217.194.0-255,1484,80448,15,190846
10787,0.000622,172.31.36.0-255,66,80514,15,190846
10788,0.001233,172.217.194.0-255,1484,81998,15,190846
10789,0.001238,172.217.194.0-255,1484,83482,15,190846
10790,0.001241,172.31.36.0-255,66,83548,15,190846
10791,0.001255,172.217.194.0-255,1484,85032,15,190846
10792,0.001261,172.217.194.0-255,5738,90770,15,190846
10793,0.001267,172.31.36.0-255,66,90836,15,190846
10794,0.001277,172.217.194.0-255,2902,93738,15,190846
10795,0.001314,172.31.36.0-255,66,93804,15,190846
10796,0.001334,172.217.194.0-255,1484,95288,15,190846
10797,0.00137,172.31.36.0-255,66,95354,15,190846
10798,0.001536,172.217.194.0-255,1484,96838,15,190846
10799,0.001556,172.217.194.0-255,2902,99740,15,190846
10800,0.001559,172.31.36.0-255,66,99806,15,190846
10801,0.001581,172.217.194.0-255,5738,105544,15,190846
10802,0.001586,172.31.36.0-255,66,105610,15,190846
10803,0.001607,172.217.194.0-255,7156,112766,15,190846
10804,0.001616,172.31.36.0-255,66,112832,15,190846
10805,0.00163,172.217.194.0-255,5738,118570,15,190846
10806,0.00166,172.31.36.0-255,66,118636,15,190846
10807,0.001707,172.217.194.0-255,2902,121538,15,190846
10808,0.001713,172.31.36.0-255,66,121604,15,190846
10809,0.001736,172.217.194.0-255,7156,128760,15,190846
10810,0.001738,172.217.194.0-255,766,129526,15,190846
10811,0.001744,172.31.36.0-255,66,129592,15,190846
10812,0.002173,172.217.194.0-255,1484,131076,15,190846
10813,0.002179,172.217.194.0-255,2902,133978,15,190846
10814,0.002182,172.31.36.0-255,66,134044,15,190846
10815,0.002189,172.217.194.0-255,5738,139782,15,190846
10816,0.002201,172.31.36.0-255,66,139848,15,190846
10817,0.002212,172.217.194.0-255,5738,145586,15,190846
10818,0.002217,172.31.36.0-255,66,145652,15,190846
10819,0.002248,172.217.194.0-255,7156,152808,15,190846
10820,0.002268,172.31.36.0-255,66,152874,15,190846
10821,0.002368,172.217.194.0-255,1484,154358,15,190846
10822,0.002382,172.217.194.0-255,2902,157260,15,190846
10823,0.002389,172.217.194.0-255,5738,162998,15,190846
10824,0.002397,172.31.36.0-255,66,163064,15,190846
10825,0.002435,172.217.194.0-255,4320,167384,15,190846
10826,0.00244,172.31.36.0-255,66,167450,15,190846
10827,0.002467,172.217.194.0-255,766,168216,15,190846
10828,0.00249,172.31.36.0-255,66,168282,15,190846
10829,0.002498,172.217.194.0-255,1484,169766,15,190846
10830,0.00251,172.217.194.0-255,4320,174086,15,190846
10831,0.002524,172.217.194.0-255,5738,179824,15,190846
10832,0.002547,172.31.36.0-255,66,179890,15,190846
10833,0.002557,172.217.194.0-255,2902,182792,15,190846
10834,0.00259,172.217.194.0-255,1484,184276,15,190846
10835,0.002606,172.217.194.0-255,4320,188596,15,190846
10836,0.002621,172.217.194.0-255,2184,190780,15,190846
10837,0.007888,172.31.36.0-255,66,190846,15,190846
10838,0.0,74.125.200.0-255,153,153,15,175550
10839,2.5e-05,172.31.36.0-255,66,219,15,175550
10840,3.2e-05,74.125.200.0-255,1484,1703,15,175550
10841,3.7e-05,172.31.36.0-255,66,1769,15,175550
10842,4e-05,74.125.200.0-255,1484,3253,15,175550
10843,5.4e-05,172.31.36.0-255,66,3319,15,175550
10844,6.1e-05,74.125.200.0-255,2902,6221,15,175550
10845,6.5e-05,172.31.36.0-255,66,6287,15,175550
10846,7.2e-05,74.125.200.0-255,5738,12025,15,175550
10847,7.5e-05,172.31.36.0-255,66,12091,15,175550
10848,8e-05,74.125.200.0-255,2040,14131,15,175550
10849,8.3e-05,172.31.36.0-255,66,14197,15,175550
10850,0.000171,74.125.200.0-255,1484,15681,15,175550
10851,0.000175,172.31.36.0-255,66,15747,15,175550
10852,0.000179,74.125.200.0-255,1484,17231,15,175550
10853,0.000181,172.31.36.0-255,66,17297,15,175550
10854,0.000201,74.125.200.0-255,1484,18781,15,175550
10855,0.000204,172.31.36.0-255,66,18847,15,175550
10856,0.000211,74.125.200.0-255,4320,23167,15,175550
10857,0.000213,172.31.36.0-255,66,23233,15,175550
10858,0.000242,74.125.200.0-255,1484,24717,15,175550
10859,0.000244,172.31.36.0-255,66,24783,15,175550
10860,0.000251,74.125.200.0-255,5738,30521,15,175550
10861,0.000254,172.31.36.0-255,66,30587,15,175550
10862,0.000311,74.125.200.0-255,6797,37384,15,175550
10863,0.000314,172.31.36.0-255,66,37450,15,175550
10864,0.000318,74.125.200.0-255,1484,38934,15,175550
10865,0.000319,172.31.36.0-255,66,39000,15,175550
10866,0.000332,172.31.36.0-255,66,39066,15,175550
10867,0.000336,74.125.200.0-255,2902,41968,15,175550
10868,0.000338,172.31.36.0-255,66,42034,15,175550
10869,0.000388,74.125.200.0-255,7156,49190,15,175550
10870,0.000391,172.31.36.0-255,66,49256,15,175550
10871,0.00041,74.125.200.0-255,4320,53576,15,175550
10872,0.000412,172.31.36.0-255,66,53642,15,175550
10873,0.00044,74.125.200.0-255,2184,55826,15,175550
10874,0.000442,172.31.36.0-255,66,55892,15,175550
10875,0.000466,74.125.200.0-255,393,56285,15,175550
10876,0.000556,74.125.200.0-255,351,56636,15,175550
10877,0.000869,74.125.200.0-255,1484,58120,15,175550
10878,0.000875,172.31.36.0-255,66,58186,15,175550
10879,0.00088,74.125.200.0-255,2902,61088,15,175550
10880,0.000883,172.31.36.0-255,66,61154,15,175550
10881,0.000887,74.125.200.0-255,1484,62638,15,175550
10882,0.000922,74.125.200.0-255,2902,65540,15,175550
10883,0.000924,172.31.36.0-255,66,65606,15,175550
10884,0.000935,172.31.36.0-255,66,65672,15,175550
10885,0.000946,172.31.36.0-255,66,65738,15,175550
10886,0.000981,74.125.200.0-255,1484,67222,15,175550
10887,0.001005,74.125.200.0-255,6438,73660,15,175550
10888,0.001008,172.31.36.0-255,66,73726,15,175550
10889,0.001538,74.125.200.0-255,1484,75210,15,175550
10890,0.001545,74.125.200.0-255,2902,78112,15,175550
10891,0.001549,172.31.36.0-255,66,78178,15,175550
10892,0.001585,74.125.200.0-255,5738,83916,15,175550
10893,0.001588,172.31.36.0-255,66,83982,15,175550
10894,0.0016,172.31.36.0-255,66,84048,15,175550
10895,0.001627,74.125.200.0-255,2902,86950,15,175550
10896,0.00163,172.31.36.0-255,66,87016,15,175550
10897,0.001637,74.125.200.0-255,5738,92754,15,175550
10898,0.001639,172.31.36.0-255,66,92820,15,175550
10899,0.001673,74.125.200.0-255,6438,99258,15,175550
10900,0.001676,172.31.36.0-255,66,99324,15,175550
10901,0.001806,74.125.200.0-255,1484,100808,15,175550
10902,0.00181,74.125.200.0-255,1484,102292,15,175550
10903,0.001813,172.31.36.0-255,66,102358,15,175550
10904,0.00184,74.125.200.0-255,1484,103842,15,175550
10905,0.001847,74.125.200.0-255,5738,109580,15,175550
10906,0.00185,172.31.36.0-255,66,109646,15,175550
10907,0.001856,74.125.200.0-255,4320,113966,15,175550
10908,0.001858,172.31.36.0-255,66,114032,15,175550
10909,0.001881,74.125.200.0-255,2902,116934,15,175550
10910,0.001884,172.31.36.0-255,66,117000,15,175550
10911,0.00194,172.31.36.0-255,66,117066,15,175550
10912,0.001973,74.125.200.0-255,6438,123504,15,175550
10913,0.001976,172.31.36.0-255,66,123570,15,175550
10914,0.002006,74.125.200.0-255,1484,125054,15,175550
10915,0.002026,74.125.200.0-255,4320,129374,15,175550
10916,0.002028,172.31.36.0-255,66,129440,15,175550
10917,0.002055,74.125.200.0-255,7156,136596,15,175550
10918,0.002058,172.31.36.0-255,66,136662,15,175550
10919,0.002064,74.125.200.0-255,4320,140982,15,175550
10920,0.002066,172.31.36.0-255,66,141048,15,175550
10921,0.002101,172.31.36.0-255,66,141114,15,175550
10922,0.002115,172.31.36.0-255,66,141180,15,175550
10923,0.002152,172.31.36.0-255,66,141246,15,175550
10924,0.002158,74.125.200.0-255,5738,146984,15,175550
10925,0.00216,172.31.36.0-255,66,147050,15,175550
10926,0.002201,74.125.200.0-255,4320,151370,15,175550
10927,0.002203,172.31.36.0-255,66,151436,15,175550
10928,0.002234,74.125.200.0-255,2902,154338,15,175550
10929,0.002236,172.31.36.0-255,66,154404,15,175550
10930,0.002242,74.125.200.0-255,3602,158006,15,175550
10931,0.002244,172.31.36.0-255,66,158072,15,175550
10932,0.002298,74.125.200.0-255,1484,159556,15,175550
10933,0.004529,74.125.200.0-255,4320,163876,15,175550
10934,0.004537,172.31.36.0-255,66,163942,15,175550
10935,0.006821,74.125.200.0-255,5738,169680,15,175550
10936,0.006824,172.31.36.0-255,66,169746,15,175550
10937,0.00912,74.125.200.0-255,5738,175484,15,175550
10938,0.009127,172.31.36.0-255,66,175550,15,175550
10939,0.0,74.125.24.0-255,143,143,15,151618
10940,3e-05,172.31.36.0-255,66,209,15,151618
10941,3.7e-05,74.125.24.0-255,1484,1693,15,151618
10942,4.2e-05,172.31.36.0-255,66,1759,15,151618
10943,5.3e-05,74.125.24.0-255,2902,4661,15,151618
10944,5.6e-05,172.31.36.0-255,66,4727,15,151618
10945,6.4e-05,74.125.24.0-255,7156,11883,15,151618
10946,6.7e-05,172.31.36.0-255,66,11949,15,151618
10947,0.000124,74.125.24.0-255,3467,15416,15,151618
10948,0.000127,172.31.36.0-255,66,15482,15,151618
10949,0.000133,74.125.24.0-255,4320,19802,15,151618
10950,0.000136,172.31.36.0-255,66,19868,15,151618
10951,0.000154,172.31.36.0-255,66,19934,15,151618
10952,0.000156,74.125.24.0-255,1125,21059,15,151618
10953,0.000159,172.31.36.0-255,66,21125,15,151618
10954,0.000231,74.125.24.0-255,1484,22609,15,151618
10955,0.000234,172.31.36.0-255,66,22675,15,151618
10956,0.000239,74.125.24.0-255,2902,25577,15,151618
10957,0.000241,172.31.36.0-255,66,25643,15,151618
10958,0.000263,74.125.24.0-255,5738,31381,15,151618
10959,0.000272,172.31.36.0-255,66,31447,15,151618
10960,0.000278,74.125.24.0-255,4320,35767,15,151618
10961,0.00028,172.31.36.0-255,66,35833,15,151618
10962,0.000332,172.31.36.0-255,66,35899,15,151618
10963,0.000339,74.125.24.0-255,6797,42696,15,151618
10964,0.000342,172.31.36.0-255,66,42762,15,151618
10965,0.00035,74.125.24.0-255,400,43162,15,151618
10966,0.000352,172.31.36.0-255,66,43228,15,151618
10967,0.000403,74.125.24.0-255,111,43339,15,151618
10968,0.000406,74.125.24.0-255,329,43668,15,151618
10969,0.00041,172.31.36.0-255,66,43734,15,151618
10970,0.000683,74.125.24.0-255,1484,45218,15,151618
10971,0.000688,172.31.36.0-255,66,45284,15,151618
10972,0.000716,74.125.24.0-255,2902,48186,15,151618
10973,0.000726,172.31.36.0-255,66,48252,15,151618
10974,0.000731,74.125.24.0-255,5738,53990,15,151618
10975,0.000743,172.31.36.0-255,66,54056,15,151618
10976,0.00078,172.31.36.0-255,66,54122,15,151618
10977,0.000817,172.31.36.0-255,66,54188,15,151618
10978,0.001007,74.125.24.0-255,1484,55672,15,151618
10979,0.001012,74.125.24.0-255,2902,58574,15,151618
10980,0.001016,172.31.36.0-255,66,58640,15,151618
10981,0.001051,74.125.24.0-255,4320,62960,15,151618
10982,0.001061,172.31.36.0-255,66,63026,15,151618
10983,0.001066,172.31.36.0-255,66,63092,15,151618
10984,0.001101,172.31.36.0-255,66,63158,15,151618
10985,0.001136,172.31.36.0-255,66,63224,15,151618
10986,0.002044,74.125.24.0-255,1484,64708,15,151618
10987,0.002075,74.125.24.0-255,2902,67610,15,151618
10988,0.00208,172.31.36.0-255,66,67676,15,151618
10989,0.002087,74.125.24.0-255,5738,73414,15,151618
10990,0.002111,74.125.24.0-255,2902,76316,15,151618
10991,0.002165,74.125.24.0-255,2902,79218,15,151618
10992,0.002204,74.125.24.0-255,1484,80702,15,151618
10993,0.002223,74.125.24.0-255,2902,83604,15,151618
10994,0.002226,74.125.24.0-255,2902,86506,15,151618
10995,0.002238,74.125.24.0-255,2902,89408,15,151618
10996,0.002256,74.125.24.0-255,2902,92310,15,151618
10997,0.002349,74.125.24.0-255,1484,93794,15,151618
10998,0.002353,74.125.24.0-255,2902,96696,15,151618
10999,0.002381,74.125.24.0-255,5738,102434,15,151618
11000,0.002386,74.125.24.0-255,2902,105336,15,151618
11001,0.002403,74.125.24.0-255,7156,112492,15,151618
11002,0.00242,74.125.24.0-255,2902,115394,15,151618
11003,0.002426,74.125.24.0-255,5738,121132,15,151618
11004,0.002445,74.125.24.0-255,5020,126152,15,151618
11005,0.002466,74.125.24.0-255,2902,129054,15,151618
11006,0.002477,74.125.24.0-255,2902,131956,15,151618
11007,0.002486,74.125.24.0-255,1484,133440,15,151618
11008,0.00253,74.125.24.0-255,7156,140596,15,151618
11009,0.002561,74.125.24.0-255,1484,142080,15,151618
11010,0.00262,74.125.24.0-255,1484,143564,15,151618
11011,0.002633,74.125.24.0-255,2184,145748,15,151618
11012,0.006918,172.31.36.0-255,66,145814,15,151618
11013,0.009529,74.125.24.0-255,5738,151552,15,151618
11014,0.009536,172.31.36.0-255,66,151618,15,151618
11015,0.0,172.217.26.0-255,150,150,15,221145
11016,2.6e-05,172.31.36.0-255,66,216,15,221145
11017,3.3e-05,172.217.26.0-255,1484,1700,15,221145
11018,3.7e-05,172.31.36.0-255,66,1766,15,221145
11019,4.4e-05,172.217.26.0-255,2902,4668,15,221145
11020,4.8e-05,172.31.36.0-255,66,4734,15,221145
11021,5.6e-05,172.217.26.0-255,7156,11890,15,221145
11022,6e-05,172.31.36.0-255,66,11956,15,221145
11023,6.4e-05,172.217.26.0-255,2039,13995,15,221145
11024,6.6e-05,172.31.36.0-255,66,14061,15,221145
11025,0.000106,172.217.26.0-255,1484,15545,15,221145
11026,0.000108,172.31.36.0-255,66,15611,15,221145
11027,0.000122,172.217.26.0-255,2902,18513,15,221145
11028,0.000125,172.31.36.0-255,66,18579,15,221145
11029,0.000131,172.217.26.0-255,4320,22899,15,221145
11030,0.000135,172.31.36.0-255,66,22965,15,221145
11031,0.000165,172.217.26.0-255,1484,24449,15,221145
11032,0.000167,172.31.36.0-255,66,24515,15,221145
11033,0.000173,172.217.26.0-255,4320,28835,15,221145
11034,0.000175,172.31.36.0-255,66,28901,15,221145
11035,0.00019,172.31.36.0-255,66,28967,15,221145
11036,0.000196,172.217.26.0-255,5738,34705,15,221145
11037,0.000199,172.31.36.0-255,66,34771,15,221145
11038,0.000219,172.217.26.0-255,1125,35896,15,221145
11039,0.000221,172.31.36.0-255,66,35962,15,221145
11040,0.000714,172.217.26.0-255,1484,37446,15,221145
11041,0.00072,172.31.36.0-255,66,37512,15,221145
11042,0.000726,172.217.26.0-255,2902,40414,15,221145
11043,0.000728,172.31.36.0-255,66,40480,15,221145
11044,0.000735,172.217.26.0-255,5738,46218,15,221145
11045,0.000737,172.31.36.0-255,66,46284,15,221145
11046,0.00078,172.217.26.0-255,5738,52022,15,221145
11047,0.000783,172.31.36.0-255,66,52088,15,221145
11048,0.000804,172.217.26.0-255,1453,53541,15,221145
11049,0.000988,172.217.26.0-255,1484,55025,15,221145
11050,0.000993,172.31.36.0-255,66,55091,15,221145
11051,0.000998,172.217.26.0-255,2902,57993,15,221145
11052,0.001,172.31.36.0-255,66,58059,15,221145
11053,0.001006,172.217.26.0-255,4320,62379,15,221145
11054,0.001008,172.31.36.0-255,66,62445,15,221145
11055,0.001049,172.31.36.0-255,66,62511,15,221145
11056,0.001067,172.217.26.0-255,1484,63995,15,221145
11057,0.001073,172.217.26.0-255,2902,66897,15,221145
11058,0.001075,172.31.36.0-255,66,66963,15,221145
11059,0.001094,172.217.26.0-255,5738,72701,15,221145
11060,0.001099,172.31.36.0-255,66,72767,15,221145
11061,0.001118,172.217.26.0-255,4320,77087,15,221145
11062,0.001121,172.31.36.0-255,66,77153,15,221145
11063,0.001146,172.217.26.0-255,2543,79696,15,221145
11064,0.001149,172.31.36.0-255,66,79762,15,221145
11065,0.001331,172.217.26.0-255,1484,81246,15,221145
11066,0.001348,172.217.26.0-255,2902,84148,15,221145
11067,0.001352,172.31.36.0-255,66,84214,15,221145
11068,0.001356,172.217.26.0-255,1484,85698,15,221145
11069,0.001378,172.217.26.0-255,2902,88600,15,221145
11070,0.00138,172.31.36.0-255,66,88666,15,221145
11071,0.001387,172.217.26.0-255,5738,94404,15,221145
11072,0.001389,172.31.36.0-255,66,94470,15,221145
11073,0.001415,172.217.26.0-255,1874,96344,15,221145
11074,0.001418,172.31.36.0-255,66,96410,15,221145
11075,0.001477,172.217.26.0-255,1484,97894,15,221145
11076,0.00149,172.217.26.0-255,2902,100796,15,221145
11077,0.001493,172.31.36.0-255,66,100862,15,221145
11078,0.001517,172.217.26.0-255,5738,106600,15,221145
11079,0.001521,172.31.36.0-255,66,106666,15,221145
11080,0.001529,172.217.26.0-255,7156,113822,15,221145
11081,0.001532,172.31.36.0-255,66,113888,15,221145
11082,0.001548,172.217.26.0-255,1484,115372,15,221145
11083,0.001572,172.31.36.0-255,66,115438,15,221145
11084,0.001588,172.217.26.0-255,3243,118681,15,221145
11085,0.001591,172.31.36.0-255,66,118747,15,221145
11086,0.001603,172.31.36.0-255,66,118813,15,221145
11087,0.001644,172.31.36.0-255,66,118879,15,221145
11088,0.002135,172.217.26.0-255,1484,120363,15,221145
11089,0.002141,172.217.26.0-255,1484,121847,15,221145
11090,0.002144,172.31.36.0-255,66,121913,15,221145
11091,0.002148,172.217.26.0-255,1484,123397,15,221145
11092,0.002155,172.217.26.0-255,4320,127717,15,221145
11093,0.002157,172.31.36.0-255,66,127783,15,221145
11094,0.002179,172.217.26.0-255,4320,132103,15,221145
11095,0.002182,172.31.36.0-255,66,132169,15,221145
11096,0.002186,172.217.26.0-255,2902,135071,15,221145
11097,0.002188,172.31.36.0-255,66,135137,15,221145
11098,0.002192,172.217.26.0-255,1484,136621,15,221145
11099,0.002223,172.217.26.0-255,7156,143777,15,221145
11100,0.002226,172.31.36.0-255,66,143843,15,221145
11101,0.002238,172.31.36.0-255,66,143909,15,221145
11102,0.002312,172.217.26.0-255,1484,145393,15,221145
11103,0.002328,172.217.26.0-255,2902,148295,15,221145
11104,0.002331,172.31.36.0-255,66,148361,15,221145
11105,0.002336,172.217.26.0-255,2902,151263,15,221145
11106,0.002337,172.31.36.0-255,66,151329,15,221145
11107,0.002352,172.217.26.0-255,2902,154231,15,221145
11108,0.002354,172.31.36.0-255,66,154297,15,221145
11109,0.002361,172.217.26.0-255,5738,160035,15,221145
11110,0.002363,172.31.36.0-255,66,160101,15,221145
11111,0.002397,172.217.26.0-255,7156,167257,15,221145
11112,0.002405,172.217.26.0-255,7156,174413,15,221145
11113,0.002409,172.31.36.0-255,66,174479,15,221145
11114,0.002412,172.31.36.0-255,66,174545,15,221145
11115,0.002429,172.217.26.0-255,5738,180283,15,221145
11116,0.002432,172.31.36.0-255,66,180349,15,221145
11117,0.002494,172.31.36.0-255,66,180415,15,221145
11118,0.00251,172.31.36.0-255,66,180481,15,221145
11119,0.002513,172.217.26.0-255,1484,181965,15,221145
11120,0.002517,172.217.26.0-255,2902,184867,15,221145
11121,0.002519,172.31.36.0-255,66,184933,15,221145
11122,0.002524,172.217.26.0-255,5738,190671,15,221145
11123,0.002527,172.31.36.0-255,66,190737,15,221145
11124,0.002567,172.217.26.0-255,5738,196475,15,221145
11125,0.002571,172.31.36.0-255,66,196541,15,221145
11126,0.002599,172.217.26.0-255,7156,203697,15,221145
11127,0.002603,172.31.36.0-255,66,203763,15,221145
11128,0.002615,172.31.36.0-255,66,203829,15,221145
11129,0.002627,172.31.36.0-255,66,203895,15,221145
11130,0.002637,172.31.36.0-255,66,203961,15,221145
11131,0.00265,172.31.36.0-255,66,204027,15,221145
11132,0.002678,172.217.26.0-255,1484,205511,15,221145
11133,0.002693,172.31.36.0-255,66,205577,15,221145
11134,0.002707,172.31.36.0-255,66,205643,15,221145
11135,0.002719,172.31.36.0-255,66,205709,15,221145
11136,0.002722,172.217.26.0-255,1484,207193,15,221145
11137,0.002725,172.217.26.0-255,1484,208677,15,221145
11138,0.002727,172.31.36.0-255,66,208743,15,221145
11139,0.002732,172.217.26.0-255,4320,213063,15,221145
11140,0.002736,172.31.36.0-255,66,213129,15,221145
11141,0.002739,172.217.26.0-255,1484,214613,15,221145
11142,0.002781,172.31.36.0-255,66,214679,15,221145
11143,0.002784,172.217.26.0-255,1484,216163,15,221145
11144,0.002787,172.217.26.0-255,1484,217647,15,221145
11145,0.002789,172.31.36.0-255,66,217713,15,221145
11146,0.002796,172.217.26.0-255,3024,220737,15,221145
11147,0.002799,172.31.36.0-255,66,220803,15,221145
11148,0.00282,172.217.26.0-255,105,220908,15,221145
11149,0.004596,172.31.36.0-255,66,220974,15,221145
11150,0.004634,172.31.36.0-255,105,221079,15,221145
11151,0.006569,172.217.26.0-255,66,221145,15,221145
11152,0.0,74.125.200.0-255,153,153,15,228855
11153,2.6e-05,172.31.36.0-255,66,219,15,228855
11154,3.4e-05,74.125.200.0-255,1484,1703,15,228855
11155,3.9e-05,172.31.36.0-255,66,1769,15,228855
11156,4.5e-05,74.125.200.0-255,2902,4671,15,228855
11157,4.9e-05,172.31.36.0-255,66,4737,15,228855
11158,7.7e-05,74.125.200.0-255,2902,7639,15,228855
11159,8e-05,172.31.36.0-255,66,7705,15,228855
11160,8.5e-05,74.125.200.0-255,2902,10607,15,228855
11161,8.8e-05,172.31.36.0-255,66,10673,15,228855
11162,9.9e-05,74.125.200.0-255,1484,12157,15,228855
11163,0.000102,172.31.36.0-255,66,12223,15,228855
11164,0.000119,74.125.200.0-255,2902,15125,15,228855
11165,0.000122,172.31.36.0-255,66,15191,15,228855
11166,0.000137,74.125.200.0-255,2019,17210,15,228855
11167,0.00014,172.31.36.0-255,66,17276,15,228855
11168,0.00016,74.125.200.0-255,5738,23014,15,228855
11169,0.000162,172.31.36.0-255,66,23080,15,228855
11170,0.00017,74.125.200.0-255,7156,30236,15,228855
11171,0.000173,172.31.36.0-255,66,30302,15,228855
11172,0.000205,74.125.200.0-255,1125,31427,15,228855
11173,0.000208,172.31.36.0-255,66,31493,15,228855
11174,0.000288,74.125.200.0-255,1484,32977,15,228855
11175,0.000291,172.31.36.0-255,66,33043,15,228855
11176,0.000296,74.125.200.0-255,2902,35945,15,228855
11177,0.000298,172.31.36.0-255,66,36011,15,228855
11178,0.000307,74.125.200.0-255,5738,41749,15,228855
11179,0.00031,172.31.36.0-255,66,41815,15,228855
11180,0.000341,172.31.36.0-255,66,41881,15,228855
11181,0.000367,74.125.200.0-255,5379,47260,15,228855
11182,0.00037,172.31.36.0-255,66,47326,15,228855
11183,0.000377,74.125.200.0-255,5738,53064,15,228855
11184,0.00038,172.31.36.0-255,66,53130,15,228855
11185,0.000403,74.125.200.0-255,4271,57401,15,228855
11186,0.000405,172.31.36.0-255,66,57467,15,228855
11187,0.000927,74.125.200.0-255,109,57576,15,228855
11188,0.000976,74.125.200.0-255,1484,59060,15,228855
11189,0.000982,172.31.36.0-255,66,59126,15,228855
11190,0.000988,74.125.200.0-255,2902,62028,15,228855
11191,0.00099,172.31.36.0-255,66,62094,15,228855
11192,0.000993,74.125.200.0-255,1484,63578,15,228855
11193,0.001013,74.125.200.0-255,2902,66480,15,228855
11194,0.001016,172.31.36.0-255,66,66546,15,228855
11195,0.001034,74.125.200.0-255,1484,68030,15,228855
11196,0.001057,74.125.200.0-255,6797,74827,15,228855
11197,0.001061,172.31.36.0-255,66,74893,15,228855
11198,0.001216,74.125.200.0-255,1484,76377,15,228855
11199,0.001222,74.125.200.0-255,2902,79279,15,228855
11200,0.001225,172.31.36.0-255,66,79345,15,228855
11201,0.001255,74.125.200.0-255,2902,82247,15,228855
11202,0.001258,172.31.36.0-255,66,82313,15,228855
11203,0.001282,74.125.200.0-255,4320,86633,15,228855
11204,0.001284,172.31.36.0-255,66,86699,15,228855
11205,0.001308,172.31.36.0-255,66,86765,15,228855
11206,0.001315,74.125.200.0-255,5738,92503,15,228855
11207,0.001317,172.31.36.0-255,66,92569,15,228855
11208,0.001366,172.31.36.0-255,66,92635,15,228855
11209,0.001423,74.125.200.0-255,1484,94119,15,228855
11210,0.001438,74.125.200.0-255,2902,97021,15,228855
11211,0.001441,172.31.36.0-255,66,97087,15,228855
11212,0.001463,74.125.200.0-255,4320,101407,15,228855
11213,0.001466,172.31.36.0-255,66,101473,15,228855
11214,0.001472,74.125.200.0-255,5738,107211,15,228855
11215,0.001474,172.31.36.0-255,66,107277,15,228855
11216,0.001498,74.125.200.0-255,2902,110179,15,228855
11217,0.0015,172.31.36.0-255,66,110245,15,228855
11218,0.001524,172.31.36.0-255,66,110311,15,228855
11219,0.001527,74.125.200.0-255,1484,111795,15,228855
11220,0.001564,172.31.36.0-255,66,111861,15,228855
11221,0.001576,172.31.36.0-255,66,111927,15,228855
11222,0.001587,172.31.36.0-255,66,111993,15,228855
11223,0.001591,74.125.200.0-255,1484,113477,15,228855
11224,0.001625,172.31.36.0-255,66,113543,15,228855
11225,0.001629,74.125.200.0-255,1484,115027,15,228855
11226,0.001681,74.125.200.0-255,2184,117211,15,228855
11227,0.001683,172.31.36.0-255,66,117277,15,228855
11228,0.001728,74.125.200.0-255,1484,118761,15,228855
11229,0.001746,74.125.200.0-255,2902,121663,15,228855
11230,0.001749,172.31.36.0-255,66,121729,15,228855
11231,0.001753,74.125.200.0-255,2902,124631,15,228855
11232,0.001755,172.31.36.0-255,66,124697,15,228855
11233,0.001771,74.125.200.0-255,2902,127599,15,228855
11234,0.001776,172.31.36.0-255,66,127665,15,228855
11235,0.001785,74.125.200.0-255,4320,131985,15,228855
11236,0.001787,172.31.36.0-255,66,132051,15,228855
11237,0.001806,74.125.200.0-255,2902,134953,15,228855
11238,0.001808,172.31.36.0-255,66,135019,15,228855
11239,0.001811,74.125.200.0-255,1484,136503,15,228855
11240,0.001833,74.125.200.0-255,5738,142241,15,228855
11241,0.001835,172.31.36.0-255,66,142307,15,228855
11242,0.001869,74.125.200.0-255,5738,148045,15,228855
11243,0.001872,172.31.36.0-255,66,148111,15,228855
11244,0.001887,74.125.200.0-255,2902,151013,15,228855
11245,0.001889,172.31.36.0-255,66,151079,15,228855
11246,0.001892,74.125.200.0-255,766,151845,15,228855
11247,0.001972,74.125.200.0-255,1484,153329,15,228855
11248,0.001977,172.31.36.0-255,66,153395,15,228855
11249,0.001991,74.125.200.0-255,2902,156297,15,228855
11250,0.001994,172.31.36.0-255,66,156363,15,228855
11251,0.002022,74.125.200.0-255,5738,162101,15,228855
11252,0.002025,172.31.36.0-255,66,162167,15,228855
11253,0.002058,74.125.200.0-255,2902,165069,15,228855
11254,0.002063,172.31.36.0-255,66,165135,15,228855
11255,0.002088,74.125.200.0-255,4320,169455,15,228855
11256,0.002094,74.125.200.0-255,5738,175193,15,228855
11257,0.002099,74.125.200.0-255,4320,179513,15,228855
11258,0.002107,172.31.36.0-255,66,179579,15,228855
11259,0.002112,172.31.36.0-255,66,179645,15,228855
11260,0.002115,172.31.36.0-255,66,179711,15,228855
11261,0.002119,74.125.200.0-255,2902,182613,15,228855
11262,0.002123,172.31.36.0-255,66,182679,15,228855
11263,0.002134,74.125.200.0-255,2902,185581,15,228855
11264,0.002136,172.31.36.0-255,66,185647,15,228855
11265,0.00214,74.125.200.0-255,1484,187131,15,228855
11266,0.002165,74.125.200.0-255,2184,189315,15,228855
11267,0.002168,172.31.36.0-255,66,189381,15,228855
11268,0.002173,74.125.200.0-255,2902,192283,15,228855
11269,0.002175,172.31.36.0-255,66,192349,15,228855
11270,0.00218,74.125.200.0-255,4320,196669,15,228855
11271,0.002182,172.31.36.0-255,66,196735,15,228855
11272,0.002227,74.125.200.0-255,1484,198219,15,228855
11273,0.002249,74.125.200.0-255,7156,205375,15,228855
11274,0.002252,172.31.36.0-255,66,205441,15,228855
11275,0.002257,74.125.200.0-255,2902,208343,15,228855
11276,0.002259,172.31.36.0-255,66,208409,15,228855
11277,0.002264,74.125.200.0-255,2902,211311,15,228855
11278,0.002266,172.31.36.0-255,66,211377,15,228855
11279,0.004473,74.125.200.0-255,5738,217115,15,228855
11280,0.004481,172.31.36.0-255,66,217181,15,228855
11281,0.006695,74.125.200.0-255,5738,222919,15,228855
11282,0.006701,172.31.36.0-255,66,222985,15,228855
11283,0.00891,74.125.200.0-255,4320,227305,15,228855
11284,0.008913,172.31.36.0-255,66,227371,15,228855
11285,0.008931,74.125.200.0-255,1484,228855,15,228855
11286,0.0,172.31.36.0-255,167,167,15,233
11287,0.006587,172.217.194.0-255,66,233,15,233
11288,0.0,74.125.24.0-255,209,209,15,212398
11289,3.4e-05,172.31.36.0-255,66,275,15,212398
11290,4.1e-05,74.125.24.0-255,1484,1759,15,212398
11291,4.5e-05,172.31.36.0-255,66,1825,15,212398
11292,5.2e-05,74.125.24.0-255,4320,6145,15,212398
11293,5.4e-05,172.31.36.0-255,66,6211,15,212398
11294,6.1e-05,74.125.24.0-255,5738,11949,15,212398
11295,6.4e-05,172.31.36.0-255,66,12015,15,212398
11296,6.9e-05,74.125.24.0-255,1859,13874,15,212398
11297,7.2e-05,172.31.36.0-255,66,13940,15,212398
11298,0.000131,74.125.24.0-255,1484,15424,15,212398
11299,0.000135,172.31.36.0-255,66,15490,15,212398
11300,0.000157,74.125.24.0-255,2902,18392,15,212398
11301,0.000162,172.31.36.0-255,66,18458,15,212398
11302,0.000168,74.125.24.0-255,5738,24196,15,212398
11303,0.00017,172.31.36.0-255,66,24262,15,212398
11304,0.000177,74.125.24.0-255,6797,31059,15,212398
11305,0.000181,172.31.36.0-255,66,31125,15,212398
11306,0.00022,74.125.24.0-255,4320,35445,15,212398
11307,0.000223,172.31.36.0-255,66,35511,15,212398
11308,0.000257,172.31.36.0-255,66,35577,15,212398
11309,0.000261,74.125.24.0-255,2543,38120,15,212398
11310,0.000263,172.31.36.0-255,66,38186,15,212398
11311,0.000552,74.125.24.0-255,1484,39670,15,212398
11312,0.000556,172.31.36.0-255,66,39736,15,212398
11313,0.000561,74.125.24.0-255,2902,42638,15,212398
11314,0.000564,172.31.36.0-255,66,42704,15,212398
11315,0.00057,74.125.24.0-255,4320,47024,15,212398
11316,0.000572,172.31.36.0-255,66,47090,15,212398
11317,0.000601,74.125.24.0-255,1484,48574,15,212398
11318,0.000604,172.31.36.0-255,66,48640,15,212398
11319,0.000615,74.125.24.0-255,6797,55437,15,212398
11320,0.000617,172.31.36.0-255,66,55503,15,212398
11321,0.00062,74.125.24.0-255,646,56149,15,212398
11322,0.000647,74.125.24.0-255,1484,57633,15,212398
11323,0.00065,172.31.36.0-255,66,57699,15,212398
11324,0.000667,74.125.24.0-255,4320,62019,15,212398
11325,0.00067,172.31.36.0-255,66,62085,15,212398
11326,0.000673,74.125.24.0-255,1484,63569,15,212398
11327,0.000698,172.31.36.0-255,66,63635,15,212398
11328,0.000704,74.125.24.0-255,5738,69373,15,212398
11329,0.000707,172.31.36.0-255,66,69439,15,212398
11330,0.00075,74.125.24.0-255,5738,75177,15,212398
11331,0.000754,172.31.36.0-255,66,75243,15,212398
11332,0.000771,74.125.24.0-255,5889,81132,15,212398
11333,0.000775,172.31.36.0-255,66,81198,15,212398
11334,0.000896,74.125.24.0-255,1484,82682,15,212398
11335,0.000901,74.125.24.0-255,2902,85584,15,212398
11336,0.000905,172.31.36.0-255,66,85650,15,212398
11337,0.000908,74.125.24.0-255,1484,87134,15,212398
11338,0.000928,74.125.24.0-255,4320,91454,15,212398
11339,0.000931,172.31.36.0-255,66,91520,15,212398
11340,0.000938,74.125.24.0-255,5738,97258,15,212398
11341,0.000941,172.31.36.0-255,66,97324,15,212398
11342,0.000959,74.125.24.0-255,7156,104480,15,212398
11343,0.000962,172.31.36.0-255,66,104546,15,212398
11344,0.000969,74.125.24.0-255,5738,110284,15,212398
11345,0.000971,172.31.36.0-255,66,110350,15,212398
11346,0.000986,74.125.24.0-255,1484,111834,15,212398
11347,0.001002,74.125.24.0-255,3602,115436,15,212398
11348,0.001007,172.31.36.0-255,66,115502,15,212398
11349,0.001373,74.125.24.0-255,1484,116986,15,212398
11350,0.001391,74.125.24.0-255,2902,119888,15,212398
11351,0.001395,172.31.36.0-255,66,119954,15,212398
11352,0.001402,74.125.24.0-255,5738,125692,15,212398
11353,0.001405,172.31.36.0-255,66,125758,15,212398
11354,0.001413,74.125.24.0-255,4320,130078,15,212398
11355,0.001415,172.31.36.0-255,66,130144,15,212398
11356,0.001437,74.125.24.0-255,2902,133046,15,212398
11357,0.00144,172.31.36.0-255,66,133112,15,212398
11358,0.00147,172.31.36.0-255,66,133178,15,212398
11359,0.00148,172.31.36.0-255,66,133244,15,212398
11360,0.001743,74.125.24.0-255,1484,134728,15,212398
11361,0.001767,74.125.24.0-255,1484,136212,15,212398
11362,0.001771,172.31.36.0-255,66,136278,15,212398
11363,0.001786,74.125.24.0-255,1484,137762,15,212398
11364,0.00179,74.125.24.0-255,2902,140664,15,212398
11365,0.001793,172.31.36.0-255,66,140730,15,212398
11366,0.001811,74.125.24.0-255,2902,143632,15,212398
11367,0.001813,172.31.36.0-255,66,143698,15,212398
11368,0.001818,74.125.24.0-255,2902,146600,15,212398
11369,0.00182,172.31.36.0-255,66,146666,15,212398
11370,0.001842,172.31.36.0-255,66,146732,15,212398
11371,0.00185,74.125.24.0-255,5738,152470,15,212398
11372,0.001852,172.31.36.0-255,66,152536,15,212398
11373,0.001878,74.125.24.0-255,5020,157556,15,212398
11374,0.001881,172.31.36.0-255,66,157622,15,212398
11375,0.001888,74.125.24.0-255,4320,161942,15,212398
11376,0.00189,172.31.36.0-255,66,162008,15,212398
11377,0.001916,172.31.36.0-255,66,162074,15,212398
11378,0.001945,74.125.24.0-255,7156,169230,15,212398
11379,0.001949,172.31.36.0-255,66,169296,15,212398
11380,0.00196,172.31.36.0-255,66,169362,15,212398
11381,0.001972,172.31.36.0-255,66,169428,15,212398
11382,0.001977,74.125.24.0-255,4320,173748,15,212398
11383,0.00198,172.31.36.0-255,66,173814,15,212398
11384,0.002011,74.125.24.0-255,5738,179552,15,212398
11385,0.002015,172.31.36.0-255,66,179618,15,212398
11386,0.002057,74.125.24.0-255,4320,183938,15,212398
11387,0.002061,172.31.36.0-255,66,184004,15,212398
11388,0.002083,172.31.36.0-255,66,184070,15,212398
11389,0.002089,74.125.24.0-255,4320,188390,15,212398
11390,0.002091,172.31.36.0-255,66,188456,15,212398
11391,0.002123,172.31.36.0-255,66,188522,15,212398
11392,0.002128,74.125.24.0-255,4320,192842,15,212398
11393,0.00213,172.31.36.0-255,66,192908,15,212398
11394,0.002197,172.31.36.0-255,66,192974,15,212398
11395,0.002216,172.31.36.0-255,66,193040,15,212398
11396,0.00222,74.125.24.0-255,2184,195224,15,212398
11397,0.002222,172.31.36.0-255,66,195290,15,212398
11398,0.002241,74.125.24.0-255,2902,198192,15,212398
11399,0.002244,172.31.36.0-255,66,198258,15,212398
11400,0.002287,172.31.36.0-255,66,198324,15,212398
11401,0.002299,172.31.36.0-255,66,198390,15,212398
11402,0.002325,172.31.36.0-255,66,198456,15,212398
11403,0.002341,74.125.24.0-255,4320,202776,15,212398
11404,0.002343,172.31.36.0-255,66,202842,15,212398
11405,0.002369,74.125.24.0-255,5020,207862,15,212398
11406,0.002372,172.31.36.0-255,66,207928,15,212398
11407,0.002375,74.125.24.0-255,1484,209412,15,212398
11408,0.004605,74.125.24.0-255,2920,212332,15,212398
11409,0.004611,172.31.36.0-255,66,212398,15,212398
11410,0.0,172.217.194.0-255,143,143,15,131900
11411,3.3e-05,172.31.36.0-255,66,209,15,131900
11412,4e-05,172.217.194.0-255,1484,1693,15,131900
11413,4.5e-05,172.31.36.0-255,66,1759,15,131900
11414,5e-05,172.217.194.0-255,2902,4661,15,131900
11415,5.2e-05,172.31.36.0-255,66,4727,15,131900
11416,5.6e-05,172.217.194.0-255,2902,7629,15,131900
11417,5.8e-05,172.31.36.0-255,66,7695,15,131900
11418,8.5e-05,172.217.194.0-255,4320,12015,15,131900
11419,8.8e-05,172.31.36.0-255,66,12081,15,131900
11420,9.5e-05,172.217.194.0-255,6268,18349,15,131900
11421,9.7e-05,172.31.36.0-255,66,18415,15,131900
11422,0.000143,172.31.36.0-255,66,18481,15,131900
11423,0.000156,172.217.194.0-255,2902,21383,15,131900
11424,0.000158,172.31.36.0-255,66,21449,15,131900
11425,0.000192,172.31.36.0-255,66,21515,15,131900
11426,0.000196,172.217.194.0-255,3961,25476,15,131900
11427,0.000199,172.31.36.0-255,66,25542,15,131900
11428,0.00048,172.217.194.0-255,1484,27026,15,131900
11429,0.000485,172.31.36.0-255,66,27092,15,131900
11430,0.000491,172.217.194.0-255,2902,29994,15,131900
11431,0.000494,172.31.36.0-255,66,30060,15,131900
11432,0.0005,172.217.194.0-255,4320,34380,15,131900
11433,0.000502,172.31.36.0-255,66,34446,15,131900
11434,0.00052,172.217.194.0-255,1484,35930,15,131900
11435,0.000524,172.31.36.0-255,66,35996,15,131900
11436,0.000532,172.217.194.0-255,7097,43093,15,131900
11437,0.000535,172.31.36.0-255,66,43159,15,131900
11438,0.000681,172.217.194.0-255,379,43538,15,131900
11439,0.000685,172.31.36.0-255,66,43604,15,131900
11440,0.000843,172.217.194.0-255,1484,45088,15,131900
11441,0.00085,172.217.194.0-255,2902,47990,15,131900
11442,0.000853,172.31.36.0-255,66,48056,15,131900
11443,0.000911,172.217.194.0-255,5738,53794,15,131900
11444,0.000914,172.31.36.0-255,66,53860,15,131900
11445,0.000921,172.217.194.0-255,6797,60657,15,131900
11446,0.000923,172.31.36.0-255,66,60723,15,131900
11447,0.00094,172.217.194.0-255,4320,65043,15,131900
11448,0.000942,172.31.36.0-255,66,65109,15,131900
11449,0.000969,172.31.36.0-255,66,65175,15,131900
11450,0.000994,172.217.194.0-255,3961,69136,15,131900
11451,0.000997,172.31.36.0-255,66,69202,15,131900
11452,0.001853,172.217.194.0-255,1484,70686,15,131900
11453,0.001865,172.217.194.0-255,2902,73588,15,131900
11454,0.001869,172.31.36.0-255,66,73654,15,131900
11455,0.001875,172.217.194.0-255,2902,76556,15,131900
11456,0.001876,172.31.36.0-255,66,76622,15,131900
11457,0.001889,172.217.194.0-255,2902,79524,15,131900
11458,0.001892,172.31.36.0-255,66,79590,15,131900
11459,0.001896,172.217.194.0-255,2902,82492,15,131900
11460,0.001898,172.31.36.0-255,66,82558,15,131900
11461,0.001925,172.31.36.0-255,66,82624,15,131900
11462,0.001953,172.31.36.0-255,66,82690,15,131900
11463,0.00199,172.217.194.0-255,2902,85592,15,131900
11464,0.001992,172.31.36.0-255,66,85658,15,131900
11465,0.002007,172.217.194.0-255,2902,88560,15,131900
11466,0.002009,172.31.36.0-255,66,88626,15,131900
11467,0.002014,172.217.194.0-255,4320,92946,15,131900
11468,0.002016,172.31.36.0-255,66,93012,15,131900
11469,0.002036,172.217.194.0-255,2902,95914,15,131900
11470,0.002038,172.31.36.0-255,66,95980,15,131900
11471,0.002042,172.217.194.0-255,2902,98882,15,131900
11472,0.002044,172.31.36.0-255,66,98948,15,131900
11473,0.002069,172.31.36.0-255,66,99014,15,131900
11474,0.002076,172.217.194.0-255,6438,105452,15,131900
11475,0.002078,172.31.36.0-255,66,105518,15,131900
11476,0.002479,172.217.194.0-255,1484,107002,15,131900
11477,0.002492,172.217.194.0-255,2902,109904,15,131900
11478,0.002494,172.31.36.0-255,66,109970,15,131900
11479,0.002517,172.217.194.0-255,5738,115708,15,131900
11480,0.00252,172.31.36.0-255,66,115774,15,131900
11481,0.002552,172.31.36.0-255,66,115840,15,131900
11482,0.002571,172.217.194.0-255,4320,120160,15,131900
11483,0.002573,172.31.36.0-255,66,120226,15,131900
11484,0.002585,172.31.36.0-255,66,120292,15,131900
11485,0.00511,172.217.194.0-255,5738,126030,15,131900
11486,0.005117,172.31.36.0-255,66,126096,15,131900
11487,0.007665,172.217.194.0-255,5738,131834,15,131900
11488,0.00767,172.31.36.0-255,66,131900,15,131900
11489,0.0,172.217.194.0-255,153,153,15,129310
11490,3.2e-05,172.31.36.0-255,66,219,15,129310
11491,3.9e-05,172.217.194.0-255,1484,1703,15,129310
11492,4.3e-05,172.31.36.0-255,66,1769,15,129310
11493,4.8e-05,172.217.194.0-255,2902,4671,15,129310
11494,5e-05,172.31.36.0-255,66,4737,15,129310
11495,6.8e-05,172.217.194.0-255,7156,11893,15,129310
11496,7.1e-05,172.31.36.0-255,66,11959,15,129310
11497,7.5e-05,172.217.194.0-255,2051,14010,15,129310
11498,7.6e-05,172.31.36.0-255,66,14076,15,129310
11499,0.000112,172.217.194.0-255,2902,16978,15,129310
11500,0.000115,172.31.36.0-255,66,17044,15,129310
11501,0.000123,172.217.194.0-255,7156,24200,15,129310
11502,0.000126,172.31.36.0-255,66,24266,15,129310
11503,0.000138,172.217.194.0-255,6797,31063,15,129310
11504,0.00014,172.31.36.0-255,66,31129,15,129310
11505,0.000188,172.217.194.0-255,1484,32613,15,129310
11506,0.000192,172.31.36.0-255,66,32679,15,129310
11507,0.000195,172.217.194.0-255,1484,34163,15,129310
11508,0.000197,172.31.36.0-255,66,34229,15,129310
11509,0.000227,172.217.194.0-255,1484,35713,15,129310
11510,0.000234,172.31.36.0-255,66,35779,15,129310
11511,0.000241,172.217.194.0-255,5738,41517,15,129310
11512,0.000243,172.31.36.0-255,66,41583,15,129310
11513,0.00025,172.217.194.0-255,6797,48380,15,129310
11514,0.000252,172.31.36.0-255,66,48446,15,129310
11515,0.000284,172.217.194.0-255,5738,54184,15,129310
11516,0.000293,172.31.36.0-255,66,54250,15,129310
11517,0.000301,172.217.194.0-255,7156,61406,15,129310
11518,0.000304,172.31.36.0-255,66,61472,15,129310
11519,0.000331,172.217.194.0-255,4255,65727,15,129310
11520,0.000336,172.31.36.0-255,66,65793,15,129310
11521,0.000426,172.217.194.0-255,383,66176,15,129310
11522,0.000773,172.217.194.0-255,1484,67660,15,129310
11523,0.000778,172.31.36.0-255,66,67726,15,129310
11524,0.000804,172.217.194.0-255,2902,70628,15,129310
11525,0.000807,172.31.36.0-255,66,70694,15,129310
11526,0.000814,172.217.194.0-255,5738,76432,15,129310
11527,0.000816,172.31.36.0-255,66,76498,15,129310
11528,0.000822,172.217.194.0-255,4320,80818,15,129310
11529,0.000824,172.31.36.0-255,66,80884,15,129310
11530,0.000859,172.31.36.0-255,66,80950,15,129310
11531,0.000871,172.31.36.0-255,66,81016,15,129310
11532,0.000874,172.217.194.0-255,766,81782,15,129310
11533,0.000986,172.217.194.0-255,1484,83266,15,129310
11534,0.00099,172.31.36.0-255,66,83332,15,129310
11535,0.000995,172.217.194.0-255,2902,86234,15,129310
11536,0.000997,172.31.36.0-255,66,86300,15,129310
11537,0.001021,172.217.194.0-255,5738,92038,15,129310
11538,0.001032,172.31.36.0-255,66,92104,15,129310
11539,0.001039,172.217.194.0-255,5738,97842,15,129310
11540,0.001042,172.31.36.0-255,66,97908,15,129310
11541,0.001075,172.217.194.0-255,7156,105064,15,129310
11542,0.001079,172.31.36.0-255,66,105130,15,129310
11543,0.001097,172.31.36.0-255,66,105196,15,129310
11544,0.001136,172.31.36.0-255,66,105262,15,129310
11545,0.001147,172.31.36.0-255,66,105328,15,129310
11546,0.001163,172.31.36.0-255,66,105394,15,129310
11547,0.001195,172.217.194.0-255,6438,111832,15,129310
11548,0.001199,172.31.36.0-255,66,111898,15,129310
11549,0.003545,172.217.194.0-255,5738,117636,15,129310
11550,0.003551,172.31.36.0-255,66,117702,15,129310
11551,0.005853,172.217.194.0-255,5738,123440,15,129310
11552,0.005858,172.31.36.0-255,66,123506,15,129310
11553,0.008178,172.217.194.0-255,5738,129244,15,129310
11554,0.008184,172.31.36.0-255,66,129310,15,129310
11555,0.0,172.217.194.0-255,153,153,15,152630
11556,1.8e-05,172.31.36.0-255,66,219,15,152630
11557,2.5e-05,172.217.194.0-255,1484,1703,15,152630
11558,3e-05,172.31.36.0-255,66,1769,15,152630
11559,4.4e-05,172.217.194.0-255,2902,4671,15,152630
11560,4.7e-05,172.31.36.0-255,66,4737,15,152630
11561,5.5e-05,172.217.194.0-255,7156,11893,15,152630
11562,5.9e-05,172.31.36.0-255,66,11959,15,152630
11563,9.2e-05,172.217.194.0-255,2015,13974,15,152630
11564,9.5e-05,172.31.36.0-255,66,14040,15,152630
11565,0.000316,172.217.194.0-255,1484,15524,15,152630
11566,0.000321,172.31.36.0-255,66,15590,15,152630
11567,0.000328,172.217.194.0-255,2902,18492,15,152630
11568,0.00033,172.31.36.0-255,66,18558,15,152630
11569,0.000342,172.217.194.0-255,4320,22878,15,152630
11570,0.000345,172.31.36.0-255,66,22944,15,152630
11571,0.000373,172.217.194.0-255,1484,24428,15,152630
11572,0.000375,172.31.36.0-255,66,24494,15,152630
11573,0.00038,172.217.194.0-255,1484,25978,15,152630
11574,0.000382,172.31.36.0-255,66,26044,15,152630
11575,0.000397,172.217.194.0-255,5379,31423,15,152630
11576,0.000399,172.31.36.0-255,66,31489,15,152630
11577,0.000807,172.217.194.0-255,1484,32973,15,152630
11578,0.000813,172.31.36.0-255,66,33039,15,152630
11579,0.00082,172.217.194.0-255,2902,35941,15,152630
11580,0.000822,172.31.36.0-255,66,36007,15,152630
11581,0.000847,172.217.194.0-255,5738,41745,15,152630
11582,0.000849,172.31.36.0-255,66,41811,15,152630
11583,0.000883,172.217.194.0-255,6797,48608,15,152630
11584,0.000886,172.31.36.0-255,66,48674,15,152630
11585,0.000905,172.31.36.0-255,66,48740,15,152630
11586,0.000909,172.217.194.0-255,2543,51283,15,152630
11587,0.000911,172.31.36.0-255,66,51349,15,152630
11588,0.000938,172.217.194.0-255,677,52026,15,152630
11589,0.001132,172.217.194.0-255,1484,53510,15,152630
11590,0.001137,172.31.36.0-255,66,53576,15,152630
11591,0.001143,172.217.194.0-255,2902,56478,15,152630
11592,0.001145,172.31.36.0-255,66,56544,15,152630
11593,0.001173,172.217.194.0-255,5738,62282,15,152630
11594,0.001176,172.31.36.0-255,66,62348,15,152630
11595,0.001182,172.217.194.0-255,2902,65250,15,152630
11596,0.001183,172.31.36.0-255,66,65316,15,152630
11597,0.001225,172.31.36.0-255,66,65382,15,152630
11598,0.001238,172.31.36.0-255,66,65448,15,152630
11599,0.001511,172.217.194.0-255,1484,66932,15,152630
11600,0.001533,172.217.194.0-255,2902,69834,15,152630
11601,0.001537,172.217.194.0-255,2902,72736,15,152630
11602,0.001542,172.31.36.0-255,66,72802,15,152630
11603,0.001545,172.31.36.0-255,66,72868,15,152630
11604,0.001558,172.217.194.0-255,2902,75770,15,152630
11605,0.001561,172.31.36.0-255,66,75836,15,152630
11606,0.001569,172.217.194.0-255,7156,82992,15,152630
11607,0.001572,172.31.36.0-255,66,83058,15,152630
11608,0.001603,172.217.194.0-255,5738,88796,15,152630
11609,0.001606,172.31.36.0-255,66,88862,15,152630
11610,0.001617,172.31.36.0-255,66,88928,15,152630
11611,0.001646,172.217.194.0-255,2184,91112,15,152630
11612,0.00165,172.31.36.0-255,66,91178,15,152630
11613,0.001752,172.217.194.0-255,1484,92662,15,152630
11614,0.00177,172.217.194.0-255,2902,95564,15,152630
11615,0.001773,172.31.36.0-255,66,95630,15,152630
11616,0.00178,172.217.194.0-255,5738,101368,15,152630
11617,0.001783,172.31.36.0-255,66,101434,15,152630
11618,0.001826,172.217.194.0-255,4320,105754,15,152630
11619,0.001829,172.31.36.0-255,66,105820,15,152630
11620,0.001859,172.217.194.0-255,5738,111558,15,152630
11621,0.001861,172.31.36.0-255,66,111624,15,152630
11622,0.00188,172.31.36.0-255,66,111690,15,152630
11623,0.001884,172.217.194.0-255,2184,113874,15,152630
11624,0.001887,172.31.36.0-255,66,113940,15,152630
11625,0.001922,172.217.194.0-255,1484,115424,15,152630
11626,0.001926,172.217.194.0-255,1484,116908,15,152630
11627,0.001928,172.31.36.0-255,66,116974,15,152630
11628,0.001954,172.217.194.0-255,1484,118458,15,152630
11629,0.001961,172.217.194.0-255,5738,124196,15,152630
11630,0.001964,172.31.36.0-255,66,124262,15,152630
11631,0.001971,172.217.194.0-255,5738,130000,15,152630
11632,0.001973,172.31.36.0-255,66,130066,15,152630
11633,0.002012,172.31.36.0-255,66,130132,15,152630
11634,0.002038,172.217.194.0-255,5020,135152,15,152630
11635,0.00204,172.31.36.0-255,66,135218,15,152630
11636,0.004136,172.217.194.0-255,5738,140956,15,152630
11637,0.004143,172.31.36.0-255,66,141022,15,152630
11638,0.006213,172.217.194.0-255,5738,146760,15,152630
11639,0.006219,172.31.36.0-255,66,146826,15,152630
11640,0.008296,172.217.194.0-255,5738,152564,15,152630
11641,0.008299,172.31.36.0-255,66,152630,15,152630
11642,0.0,172.217.194.0-255,212,212,15,119055
11643,2.1e-05,172.31.36.0-255,66,278,15,119055
11644,2.8e-05,172.217.194.0-255,1484,1762,15,119055
11645,3.2e-05,172.31.36.0-255,66,1828,15,119055
11646,5e-05,172.217.194.0-255,4320,6148,15,119055
11647,5.4e-05,172.31.36.0-255,66,6214,15,119055
11648,6.6e-05,172.31.36.0-255,66,6280,15,119055
11649,0.000141,172.31.36.0-255,66,6346,15,119055
11650,0.000145,172.217.194.0-255,1484,7830,15,119055
11651,0.000147,172.31.36.0-255,66,7896,15,119055
11652,0.000152,172.217.194.0-255,2902,10798,15,119055
11653,0.000154,172.31.36.0-255,66,10864,15,119055
11654,0.00016,172.217.194.0-255,5738,16602,15,119055
11655,0.000162,172.31.36.0-255,66,16668,15,119055
11656,0.000169,172.217.194.0-255,5738,22406,15,119055
11657,0.000171,172.31.36.0-255,66,22472,15,119055
11658,0.000195,172.217.194.0-255,3961,26433,15,119055
11659,0.000196,172.31.36.0-255,66,26499,15,119055
11660,0.000231,172.217.194.0-255,4320,30819,15,119055
11661,0.000234,172.31.36.0-255,66,30885,15,119055
11662,0.00026,172.31.36.0-255,66,30951,15,119055
11663,0.00168,172.217.194.0-255,121,31072,15,119055
11664,0.001687,172.31.36.0-255,66,31138,15,119055
11665,0.001708,172.217.194.0-255,1484,32622,15,119055
11666,0.00171,172.31.36.0-255,66,32688,15,119055
11667,0.001728,172.217.194.0-255,2902,35590,15,119055
11668,0.001731,172.31.36.0-255,66,35656,15,119055
11669,0.001739,172.217.194.0-255,7156,42812,15,119055
11670,0.001741,172.31.36.0-255,66,42878,15,119055
11671,0.001745,172.217.194.0-255,1484,44362,15,119055
11672,0.001758,172.217.194.0-255,1484,45846,15,119055
11673,0.00176,172.31.36.0-255,66,45912,15,119055
11674,0.001794,172.31.36.0-255,66,45978,15,119055
11675,0.001801,172.217.194.0-255,4320,50298,15,119055
11676,0.001803,172.31.36.0-255,66,50364,15,119055
11677,0.001823,172.217.194.0-255,6438,56802,15,119055
11678,0.001825,172.31.36.0-255,66,56868,15,119055
11679,0.001938,172.217.194.0-255,1484,58352,15,119055
11680,0.001945,172.217.194.0-255,2902,61254,15,119055
11681,0.001948,172.31.36.0-255,66,61320,15,119055
11682,0.001954,172.217.194.0-255,2902,64222,15,119055
11683,0.001956,172.31.36.0-255,66,64288,15,119055
11684,0.001979,172.217.194.0-255,2902,67190,15,119055
11685,0.001981,172.31.36.0-255,66,67256,15,119055
11686,0.001987,172.217.194.0-255,5738,72994,15,119055
11687,0.00199,172.31.36.0-255,66,73060,15,119055
11688,0.002001,172.31.36.0-255,66,73126,15,119055
11689,0.002026,172.217.194.0-255,4320,77446,15,119055
11690,0.002029,172.31.36.0-255,66,77512,15,119055
11691,0.002047,172.31.36.0-255,66,77578,15,119055
11692,0.002064,172.31.36.0-255,66,77644,15,119055
11693,0.00207,172.217.194.0-255,5020,82664,15,119055
11694,0.002072,172.31.36.0-255,66,82730,15,119055
11695,0.00212,172.217.194.0-255,7156,89886,15,119055
11696,0.002123,172.31.36.0-255,66,89952,15,119055
11697,0.002161,172.31.36.0-255,66,90018,15,119055
11698,0.002173,172.31.36.0-255,66,90084,15,119055
11699,0.002247,172.31.36.0-255,66,90150,15,119055
11700,0.002254,172.217.194.0-255,5738,95888,15,119055
11701,0.002256,172.31.36.0-255,66,95954,15,119055
11702,0.00227,172.31.36.0-255,66,96020,15,119055
11703,0.002275,172.217.194.0-255,3602,99622,15,119055
11704,0.002278,172.31.36.0-255,66,99688,15,119055
11705,0.002285,172.217.194.0-255,5738,105426,15,119055
11706,0.002302,172.31.36.0-255,66,105492,15,119055
11707,0.002317,172.31.36.0-255,66,105558,15,119055
11708,0.002332,172.31.36.0-255,66,105624,15,119055
11709,0.002335,172.217.194.0-255,1484,107108,15,119055
11710,0.002338,172.31.36.0-255,78,107186,15,119055
11711,0.002359,172.217.194.0-255,2902,110088,15,119055
11712,0.002362,172.217.194.0-255,1484,111572,15,119055
11713,0.002449,172.217.194.0-255,7156,118728,15,119055
11714,0.002548,172.217.194.0-255,105,118833,15,119055
11715,0.008067,172.31.36.0-255,66,118899,15,119055
11716,0.009679,172.31.36.0-255,78,118977,15,119055
11717,0.009708,172.31.36.0-255,78,119055,15,119055
11718,0.0,172.31.36.0-255,66,66,15,66
11719,0.0,172.217.194.0-255,143,143,15,118553
11720,3.2e-05,172.31.36.0-255,66,209,15,118553
11721,3.9e-05,172.217.194.0-255,1484,1693,15,118553
11722,4.3e-05,172.31.36.0-255,66,1759,15,118553
11723,4.8e-05,172.217.194.0-255,2902,4661,15,118553
11724,5.1e-05,172.31.36.0-255,66,4727,15,118553
11725,5.4e-05,172.217.194.0-255,1484,6211,15,118553
11726,5.6e-05,172.31.36.0-255,66,6277,15,118553
11727,8.2e-05,172.31.36.0-255,66,6343,15,118553
11728,8.8e-05,172.217.194.0-255,4320,10663,15,118553
11729,9e-05,172.31.36.0-255,66,10729,15,118553
11730,0.000108,172.217.194.0-255,4320,15049,15,118553
11731,0.00011,172.31.36.0-255,66,15115,15,118553
11732,0.000145,172.217.194.0-255,6797,21912,15,118553
11733,0.000148,172.31.36.0-255,66,21978,15,118553
11734,0.000199,172.217.194.0-255,1484,23462,15,118553
11735,0.000202,172.31.36.0-255,66,23528,15,118553
11736,0.000208,172.217.194.0-255,2902,26430,15,118553
11737,0.000211,172.31.36.0-255,66,26496,15,118553
11738,0.000235,172.217.194.0-255,5738,32234,15,118553
11739,0.000237,172.31.36.0-255,66,32300,15,118553
11740,0.000257,172.217.194.0-255,7156,39456,15,118553
11741,0.00026,172.31.36.0-255,66,39522,15,118553
11742,0.000265,172.217.194.0-255,2902,42424,15,118553
11743,0.000267,172.31.36.0-255,66,42490,15,118553
11744,0.000305,172.31.36.0-255,66,42556,15,118553
11745,0.00031,172.217.194.0-255,2497,45053,15,118553
11746,0.000312,172.31.36.0-255,66,45119,15,118553
11747,0.000345,172.217.194.0-255,366,45485,15,118553
11748,0.000348,172.31.36.0-255,66,45551,15,118553
11749,0.00069,172.217.194.0-255,1484,47035,15,118553
11750,0.000709,172.217.194.0-255,2902,49937,15,118553
11751,0.000714,172.217.194.0-255,4320,54257,15,118553
11752,0.000715,172.31.36.0-255,66,54323,15,118553
11753,0.00072,172.31.36.0-255,66,54389,15,118553
11754,0.000734,172.217.194.0-255,1484,55873,15,118553
11755,0.000749,172.31.36.0-255,66,55939,15,118553
11756,0.000772,172.31.36.0-255,66,56005,15,118553
11757,0.000791,172.217.194.0-255,1484,57489,15,118553
11758,0.000794,172.217.194.0-255,766,58255,15,118553
11759,0.000796,172.31.36.0-255,66,58321,15,118553
11760,0.000813,172.217.194.0-255,1484,59805,15,118553
11761,0.000839,172.217.194.0-255,2902,62707,15,118553
11762,0.000842,172.31.36.0-255,66,62773,15,118553
11763,0.00086,172.217.194.0-255,1484,64257,15,118553
11764,0.000867,172.217.194.0-255,5738,69995,15,118553
11765,0.000869,172.31.36.0-255,66,70061,15,118553
11766,0.000898,172.31.36.0-255,66,70127,15,118553
11767,0.000924,172.217.194.0-255,5738,75865,15,118553
11768,0.000926,172.31.36.0-255,66,75931,15,118553
11769,0.000941,172.217.194.0-255,5020,80951,15,118553
11770,0.000945,172.31.36.0-255,66,81017,15,118553
11771,0.001447,172.217.194.0-255,1484,82501,15,118553
11772,0.001457,172.217.194.0-255,2902,85403,15,118553
11773,0.001461,172.31.36.0-255,66,85469,15,118553
11774,0.001467,172.217.194.0-255,2902,88371,15,118553
11775,0.001469,172.31.36.0-255,66,88437,15,118553
11776,0.001496,172.217.194.0-255,1484,89921,15,118553
11777,0.001509,172.31.36.0-255,66,89987,15,118553
11778,0.001537,172.31.36.0-255,66,90053,15,118553
11779,0.001551,172.217.194.0-255,2902,92955,15,118553
11780,0.001554,172.31.36.0-255,66,93021,15,118553
11781,0.001573,172.217.194.0-255,3602,96623,15,118553
11782,0.001575,172.31.36.0-255,66,96689,15,118553
11783,0.003513,172.217.194.0-255,4320,101009,15,118553
11784,0.003519,172.31.36.0-255,66,101075,15,118553
11785,0.003535,172.217.194.0-255,1484,102559,15,118553
11786,0.005527,172.217.194.0-255,4320,106879,15,118553
11787,0.005534,172.31.36.0-255,66,106945,15,118553
11788,0.007482,172.217.194.0-255,5738,112683,15,118553
11789,0.00749,172.31.36.0-255,66,112749,15,118553
11790,0.00946,172.217.194.0-255,5738,118487,15,118553
11791,0.009467,172.31.36.0-255,66,118553,15,118553
11792,0.0,74.125.200.0-255,218,218,15,149982
11793,2.4e-05,172.31.36.0-255,66,284,15,149982
11794,3.1e-05,74.125.200.0-255,1484,1768,15,149982
11795,3.5e-05,172.31.36.0-255,66,1834,15,149982
11796,5.5e-05,74.125.200.0-255,2902,4736,15,149982
11797,5.8e-05,172.31.36.0-255,66,4802,15,149982
11798,6.4e-05,74.125.200.0-255,4320,9122,15,149982
11799,6.7e-05,172.31.36.0-255,66,9188,15,149982
11800,0.000107,74.125.200.0-255,4586,13774,15,149982
11801,0.00011,172.31.36.0-255,66,13840,15,149982
11802,0.000159,74.125.200.0-255,1484,15324,15,149982
11803,0.000162,172.31.36.0-255,66,15390,15,149982
11804,0.000167,74.125.200.0-255,2902,18292,15,149982
11805,0.000169,172.31.36.0-255,66,18358,15,149982
11806,0.000197,74.125.200.0-255,5738,24096,15,149982
11807,0.0002,172.31.36.0-255,66,24162,15,149982
11808,0.000206,74.125.200.0-255,4320,28482,15,149982
11809,0.000208,172.31.36.0-255,66,28548,15,149982
11810,0.000243,74.125.200.0-255,2902,31450,15,149982
11811,0.000246,172.31.36.0-255,66,31516,15,149982
11812,0.00027,74.125.200.0-255,2543,34059,15,149982
11813,0.000273,172.31.36.0-255,66,34125,15,149982
11814,0.000276,74.125.200.0-255,1484,35609,15,149982
11815,0.000278,172.31.36.0-255,66,35675,15,149982
11816,0.000284,74.125.200.0-255,4320,39995,15,149982
11817,0.000288,172.31.36.0-255,66,40061,15,149982
11818,0.00031,74.125.200.0-255,4320,44381,15,149982
11819,0.000313,172.31.36.0-255,66,44447,15,149982
11820,0.000318,74.125.200.0-255,3961,48408,15,149982
11821,0.00032,172.31.36.0-255,66,48474,15,149982
11822,0.00035,74.125.200.0-255,4320,52794,15,149982
11823,0.000352,172.31.36.0-255,66,52860,15,149982
11824,0.000356,74.125.200.0-255,1484,54344,15,149982
11825,0.000373,74.125.200.0-255,4320,58664,15,149982
11826,0.000376,172.31.36.0-255,66,58730,15,149982
11827,0.000402,74.125.200.0-255,1484,60214,15,149982
11828,0.000421,74.125.200.0-255,5379,65593,15,149982
11829,0.000424,172.31.36.0-255,66,65659,15,149982
11830,0.000427,74.125.200.0-255,398,66057,15,149982
11831,0.000908,74.125.200.0-255,345,66402,15,149982
11832,0.001039,74.125.200.0-255,1484,67886,15,149982
11833,0.001044,172.31.36.0-255,66,67952,15,149982
11834,0.001049,74.125.200.0-255,2902,70854,15,149982
11835,0.001052,172.31.36.0-255,66,70920,15,149982
11836,0.001069,74.125.200.0-255,4320,75240,15,149982
11837,0.001071,172.31.36.0-255,66,75306,15,149982
11838,0.001096,74.125.200.0-255,1484,76790,15,149982
11839,0.001104,74.125.200.0-255,6797,83587,15,149982
11840,0.001106,172.31.36.0-255,66,83653,15,149982
11841,0.001131,172.31.36.0-255,66,83719,15,149982
11842,0.001167,74.125.200.0-255,2902,86621,15,149982
11843,0.001171,172.31.36.0-255,66,86687,15,149982
11844,0.001191,74.125.200.0-255,3961,90648,15,149982
11845,0.001194,172.31.36.0-255,66,90714,15,149982
11846,0.001311,74.125.200.0-255,1484,92198,15,149982
11847,0.001329,74.125.200.0-255,2902,95100,15,149982
11848,0.001333,172.31.36.0-255,66,95166,15,149982
11849,0.001337,74.125.200.0-255,1484,96650,15,149982
11850,0.001353,74.125.200.0-255,4320,100970,15,149982
11851,0.001356,172.31.36.0-255,66,101036,15,149982
11852,0.001392,172.31.36.0-255,66,101102,15,149982
11853,0.001404,172.31.36.0-255,66,101168,15,149982
11854,0.001425,74.125.200.0-255,5020,106188,15,149982
11855,0.001428,172.31.36.0-255,66,106254,15,149982
11856,0.001942,74.125.200.0-255,1484,107738,15,149982
11857,0.001951,74.125.200.0-255,2902,110640,15,149982
11858,0.001955,172.31.36.0-255,66,110706,15,149982
11859,0.002002,74.125.200.0-255,4320,115026,15,149982
11860,0.002005,172.31.36.0-255,66,115092,15,149982
11861,0.002017,74.125.200.0-255,1484,116576,15,149982
11862,0.002024,74.125.200.0-255,4320,120896,15,149982
11863,0.002026,172.31.36.0-255,66,120962,15,149982
11864,0.002032,74.125.200.0-255,5738,126700,15,149982
11865,0.002034,172.31.36.0-255,66,126766,15,149982
11866,0.004021,74.125.200.0-255,5738,132504,15,149982
11867,0.004029,172.31.36.0-255,66,132570,15,149982
11868,0.006002,74.125.200.0-255,5738,138308,15,149982
11869,0.006005,172.31.36.0-255,66,138374,15,149982
11870,0.00799,74.125.200.0-255,5738,144112,15,149982
11871,0.007996,172.31.36.0-255,66,144178,15,149982
11872,0.009991,74.125.200.0-255,5738,149916,15,149982
11873,0.009999,172.31.36.0-255,66,149982,15,149982
11874,0.0,74.125.130.0-255,150,150,15,134439
11875,2.5e-05,172.31.36.0-255,66,216,15,134439
11876,3.1e-05,74.125.130.0-255,1484,1700,15,134439
11877,3.6e-05,172.31.36.0-255,66,1766,15,134439
11878,4e-05,74.125.130.0-255,2902,4668,15,134439
11879,5.2e-05,172.31.36.0-255,66,4734,15,134439
11880,6e-05,74.125.130.0-255,7156,11890,15,134439
11881,6.3e-05,172.31.36.0-255,66,11956,15,134439
11882,6.7e-05,74.125.130.0-255,2003,13959,15,134439
11883,7e-05,172.31.36.0-255,66,14025,15,134439
11884,0.000141,74.125.130.0-255,1484,15509,15,134439
11885,0.000145,172.31.36.0-255,66,15575,15,134439
11886,0.000162,74.125.130.0-255,2902,18477,15,134439
11887,0.000167,172.31.36.0-255,66,18543,15,134439
11888,0.00017,74.125.130.0-255,1484,20027,15,134439
11889,0.000174,172.31.36.0-255,66,20093,15,134439
11890,0.000179,74.125.130.0-255,2902,22995,15,134439
11891,0.000181,172.31.36.0-255,66,23061,15,134439
11892,0.00021,74.125.130.0-255,5738,28799,15,134439
11893,0.000215,172.31.36.0-255,66,28865,15,134439
11894,0.000225,74.125.130.0-255,2543,31408,15,134439
11895,0.000227,172.31.36.0-255,66,31474,15,134439
11896,0.000306,74.125.130.0-255,1484,32958,15,134439
11897,0.000311,172.31.36.0-255,66,33024,15,134439
11898,0.000354,74.125.130.0-255,1484,34508,15,134439
11899,0.000357,172.31.36.0-255,66,34574,15,134439
11900,0.000363,74.125.130.0-255,2902,37476,15,134439
11901,0.000365,172.31.36.0-255,66,37542,15,134439
11902,0.000378,74.125.130.0-255,5738,43280,15,134439
11903,0.000381,172.31.36.0-255,66,43346,15,134439
11904,0.000388,74.125.130.0-255,5379,48725,15,134439
11905,0.000391,172.31.36.0-255,66,48791,15,134439
11906,0.000545,74.125.130.0-255,1484,50275,15,134439
11907,0.000552,74.125.130.0-255,1484,51759,15,134439
11908,0.000555,172.31.36.0-255,66,51825,15,134439
11909,0.000582,74.125.130.0-255,1484,53309,15,134439
11910,0.000588,74.125.130.0-255,2902,56211,15,134439
11911,0.00059,172.31.36.0-255,66,56277,15,134439
11912,0.000596,74.125.130.0-255,4320,60597,15,134439
11913,0.000599,172.31.36.0-255,66,60663,15,134439
11914,0.000629,74.125.130.0-255,5678,66341,15,134439
11915,0.00064,172.31.36.0-255,66,66407,15,134439
11916,0.000674,74.125.130.0-255,380,66787,15,134439
11917,0.000823,172.31.36.0-255,66,66853,15,134439
11918,0.000956,74.125.130.0-255,1484,68337,15,134439
11919,0.000965,74.125.130.0-255,2902,71239,15,134439
11920,0.000969,172.31.36.0-255,66,71305,15,134439
11921,0.000975,74.125.130.0-255,2902,74207,15,134439
11922,0.000977,172.31.36.0-255,66,74273,15,134439
11923,0.001005,74.125.130.0-255,4320,78593,15,134439
11924,0.001009,172.31.36.0-255,66,78659,15,134439
11925,0.001026,74.125.130.0-255,1484,80143,15,134439
11926,0.001051,74.125.130.0-255,7156,87299,15,134439
11927,0.001054,172.31.36.0-255,66,87365,15,134439
11928,0.001065,172.31.36.0-255,66,87431,15,134439
11929,0.001076,74.125.130.0-255,3602,91033,15,134439
11930,0.001079,172.31.36.0-255,66,91099,15,134439
11931,0.001795,74.125.130.0-255,1484,92583,15,134439
11932,0.001803,74.125.130.0-255,2902,95485,15,134439
11933,0.001808,172.31.36.0-255,66,95551,15,134439
11934,0.001812,74.125.130.0-255,1484,97035,15,134439
11935,0.001838,74.125.130.0-255,4320,101355,15,134439
11936,0.00184,172.31.36.0-255,66,101421,15,134439
11937,0.001846,74.125.130.0-255,2902,104323,15,134439
11938,0.001847,172.31.36.0-255,66,104389,15,134439
11939,0.001853,74.125.130.0-255,4320,108709,15,134439
11940,0.001859,172.31.36.0-255,66,108775,15,134439
11941,0.001892,172.31.36.0-255,66,108841,15,134439
11942,0.001895,74.125.130.0-255,1484,110325,15,134439
11943,0.001899,74.125.130.0-255,2902,113227,15,134439
11944,0.001901,172.31.36.0-255,66,113293,15,134439
11945,0.001933,74.125.130.0-255,3602,116895,15,134439
11946,0.001936,172.31.36.0-255,66,116961,15,134439
11947,0.00391,74.125.130.0-255,1484,118445,15,134439
11948,0.003934,74.125.130.0-255,4320,122765,15,134439
11949,0.003938,172.31.36.0-255,66,122831,15,134439
11950,0.005958,74.125.130.0-255,5738,128569,15,134439
11951,0.005963,172.31.36.0-255,66,128635,15,134439
11952,0.008004,74.125.130.0-255,5738,134373,15,134439
11953,0.00801,172.31.36.0-255,66,134439,15,134439
11954,0.0,172.217.194.0-255,153,153,15,123676
11955,2.3e-05,172.31.36.0-255,66,219,15,123676
11956,3.1e-05,172.217.194.0-255,1484,1703,15,123676
11957,3.6e-05,172.31.36.0-255,66,1769,15,123676
11958,5.1e-05,172.217.194.0-255,2902,4671,15,123676
11959,5.5e-05,172.31.36.0-255,66,4737,15,123676
11960,6.2e-05,172.217.194.0-255,5738,10475,15,123676
11961,6.5e-05,172.31.36.0-255,66,10541,15,123676
11962,9e-05,172.217.194.0-255,3484,14025,15,123676
11963,9.3e-05,172.31.36.0-255,66,14091,15,123676
11964,0.000124,172.217.194.0-255,1484,15575,15,123676
11965,0.000126,172.31.36.0-255,66,15641,15,123676
11966,0.000131,172.217.194.0-255,2902,18543,15,123676
11967,0.000134,172.31.36.0-255,66,18609,15,123676
11968,0.000145,172.217.194.0-255,4320,22929,15,123676
11969,0.000147,172.31.36.0-255,66,22995,15,123676
11970,0.000158,172.217.194.0-255,1484,24479,15,123676
11971,0.000161,172.31.36.0-255,66,24545,15,123676
11972,0.000191,172.217.194.0-255,6797,31342,15,123676
11973,0.000194,172.31.36.0-255,66,31408,15,123676
11974,0.000223,172.217.194.0-255,7156,38564,15,123676
11975,0.000226,172.31.36.0-255,66,38630,15,123676
11976,0.000232,172.217.194.0-255,5738,44368,15,123676
11977,0.000235,172.31.36.0-255,66,44434,15,123676
11978,0.000274,172.217.194.0-255,3961,48395,15,123676
11979,0.000277,172.31.36.0-255,66,48461,15,123676
11980,0.000343,172.217.194.0-255,1484,49945,15,123676
11981,0.000346,172.31.36.0-255,66,50011,15,123676
11982,0.000351,172.217.194.0-255,2902,52913,15,123676
11983,0.000354,172.31.36.0-255,66,52979,15,123676
11984,0.000388,172.217.194.0-255,5738,58717,15,123676
11985,0.000391,172.31.36.0-255,66,58783,15,123676
11986,0.000394,172.217.194.0-255,1484,60267,15,123676
11987,0.000436,172.217.194.0-255,5379,65646,15,123676
11988,0.00044,172.31.36.0-255,66,65712,15,123676
11989,0.000672,172.217.194.0-255,645,66357,15,123676
11990,0.000752,172.217.194.0-255,1484,67841,15,123676
11991,0.000757,172.31.36.0-255,66,67907,15,123676
11992,0.000763,172.217.194.0-255,2902,70809,15,123676
11993,0.000766,172.31.36.0-255,66,70875,15,123676
11994,0.000775,172.217.194.0-255,4320,75195,15,123676
11995,0.000778,172.31.36.0-255,66,75261,15,123676
11996,0.000827,172.31.36.0-255,66,75327,15,123676
11997,0.00083,172.217.194.0-255,1484,76811,15,123676
11998,0.000855,172.31.36.0-255,66,76877,15,123676
11999,0.000881,172.217.194.0-255,1484,78361,15,123676
12000,0.000896,172.217.194.0-255,3961,82322,15,123676
12001,0.000898,172.31.36.0-255,66,82388,15,123676
12002,0.001978,172.217.194.0-255,1484,83872,15,123676
12003,0.00199,172.217.194.0-255,2902,86774,15,123676
12004,0.001994,172.31.36.0-255,66,86840,15,123676
12005,0.002022,172.217.194.0-255,4320,91160,15,123676
12006,0.002025,172.31.36.0-255,66,91226,15,123676
12007,0.002051,172.217.194.0-255,1484,92710,15,123676
12008,0.002064,172.31.36.0-255,66,92776,15,123676
12009,0.002095,172.217.194.0-255,4320,97096,15,123676
12010,0.002097,172.31.36.0-255,66,97162,15,123676
12011,0.002132,172.31.36.0-255,66,97228,15,123676
12012,0.002279,172.217.194.0-255,1484,98712,15,123676
12013,0.002287,172.217.194.0-255,2902,101614,15,123676
12014,0.00229,172.31.36.0-255,66,101680,15,123676
12015,0.002298,172.217.194.0-255,5738,107418,15,123676
12016,0.0023,172.31.36.0-255,66,107484,15,123676
12017,0.002341,172.31.36.0-255,66,107550,15,123676
12018,0.00236,172.31.36.0-255,66,107616,15,123676
12019,0.004717,172.217.194.0-255,4320,111936,15,123676
12020,0.004723,172.31.36.0-255,66,112002,15,123676
12021,0.004739,172.217.194.0-255,1484,113486,15,123676
12022,0.007075,172.217.194.0-255,4320,117806,15,123676
12023,0.007078,172.31.36.0-255,66,117872,15,123676
12024,0.00948,172.217.194.0-255,5738,123610,15,123676
12025,0.009493,172.31.36.0-255,66,123676,15,123676
12026,0.0,172.217.24.0-255,153,153,15,145876
12027,3.4e-05,172.31.36.0-255,66,219,15,145876
12028,4.1e-05,172.217.24.0-255,1484,1703,15,145876
12029,4.5e-05,172.31.36.0-255,66,1769,15,145876
12030,5e-05,172.217.24.0-255,2902,4671,15,145876
12031,6e-05,172.31.36.0-255,66,4737,15,145876
12032,6.5e-05,172.217.24.0-255,4320,9057,15,145876
12033,6.8e-05,172.31.36.0-255,66,9123,15,145876
12034,7.3e-05,172.217.24.0-255,4320,13443,15,145876
12035,7.6e-05,172.31.36.0-255,66,13509,15,145876
12036,0.000105,172.217.24.0-255,584,14093,15,145876
12037,0.000108,172.31.36.0-255,66,14159,15,145876
12038,0.000486,172.217.24.0-255,1484,15643,15,145876
12039,0.000492,172.31.36.0-255,66,15709,15,145876
12040,0.000502,172.217.24.0-255,2902,18611,15,145876
12041,0.000504,172.31.36.0-255,66,18677,15,145876
12042,0.000519,172.217.24.0-255,5738,24415,15,145876
12043,0.000522,172.31.36.0-255,66,24481,15,145876
12044,0.000527,172.217.24.0-255,2902,27383,15,145876
12045,0.000529,172.31.36.0-255,66,27449,15,145876
12046,0.000558,172.217.24.0-255,3961,31410,15,145876
12047,0.000563,172.31.36.0-255,66,31476,15,145876
12048,0.00057,172.217.24.0-255,7156,38632,15,145876
12049,0.000574,172.31.36.0-255,66,38698,15,145876
12050,0.000605,172.217.24.0-255,7156,45854,15,145876
12051,0.000609,172.31.36.0-255,66,45920,15,145876
12052,0.000649,172.31.36.0-255,66,45986,15,145876
12053,0.000661,172.31.36.0-255,66,46052,15,145876
12054,0.000663,172.217.24.0-255,766,46818,15,145876
12055,0.000665,172.31.36.0-255,66,46884,15,145876
12056,0.000668,172.217.24.0-255,399,47283,15,145876
12057,0.001121,172.31.36.0-255,66,47349,15,145876
12058,0.001353,172.217.24.0-255,115,47464,15,145876
12059,0.001379,172.31.36.0-255,66,47530,15,145876
12060,0.001584,172.217.24.0-255,1484,49014,15,145876
12061,0.001591,172.217.24.0-255,2902,51916,15,145876
12062,0.001595,172.31.36.0-255,66,51982,15,145876
12063,0.001602,172.217.24.0-255,5738,57720,15,145876
12064,0.001604,172.31.36.0-255,66,57786,15,145876
12065,0.001613,172.217.24.0-255,2902,60688,15,145876
12066,0.001615,172.31.36.0-255,66,60754,15,145876
12067,0.001644,172.217.24.0-255,7156,67910,15,145876
12068,0.001647,172.31.36.0-255,66,67976,15,145876
12069,0.001672,172.217.24.0-255,1484,69460,15,145876
12070,0.00169,172.31.36.0-255,66,69526,15,145876
12071,0.001717,172.217.24.0-255,3602,73128,15,145876
12072,0.001724,172.31.36.0-255,66,73194,15,145876
12073,0.001745,172.217.24.0-255,1484,74678,15,145876
12074,0.001762,172.217.24.0-255,2902,77580,15,145876
12075,0.001764,172.217.24.0-255,1484,79064,15,145876
12076,0.001773,172.31.36.0-255,66,79130,15,145876
12077,0.00178,172.217.24.0-255,2902,82032,15,145876
12078,0.001792,172.31.36.0-255,66,82098,15,145876
12079,0.001797,172.217.24.0-255,5738,87836,15,145876
12080,0.001821,172.217.24.0-255,2902,90738,15,145876
12081,0.001826,172.217.24.0-255,5738,96476,15,145876
12082,0.00183,172.31.36.0-255,66,96542,15,145876
12083,0.001851,172.217.24.0-255,1484,98026,15,145876
12084,0.001891,172.31.36.0-255,66,98092,15,145876
12085,0.001904,172.217.24.0-255,5738,103830,15,145876
12086,0.001916,172.31.36.0-255,66,103896,15,145876
12087,0.001926,172.217.24.0-255,5738,109634,15,145876
12088,0.001935,172.217.24.0-255,5738,115372,15,145876
12089,0.001952,172.31.36.0-255,66,115438,15,145876
12090,0.001959,172.217.24.0-255,7156,122594,15,145876
12091,0.001978,172.31.36.0-255,66,122660,15,145876
12092,0.003902,172.217.24.0-255,5738,128398,15,145876
12093,0.003907,172.31.36.0-255,66,128464,15,145876
12094,0.005833,172.217.24.0-255,5738,134202,15,145876
12095,0.005837,172.31.36.0-255,66,134268,15,145876
12096,0.007771,172.217.24.0-255,5738,140006,15,145876
12097,0.007778,172.31.36.0-255,66,140072,15,145876
12098,0.009715,172.217.24.0-255,5738,145810,15,145876
12099,0.009722,172.31.36.0-255,66,145876,15,145876
12100,0.0,172.253.118.0-255,149,149,15,178955
12101,2.4e-05,172.31.36.0-255,66,215,15,178955
12102,3.2e-05,172.253.118.0-255,1484,1699,15,178955
12103,3.6e-05,172.31.36.0-255,66,1765,15,178955
12104,5e-05,172.253.118.0-255,2902,4667,15,178955
12105,5.4e-05,172.31.36.0-255,66,4733,15,178955
12106,6.2e-05,172.253.118.0-255,7156,11889,15,178955
12107,6.6e-05,172.31.36.0-255,66,11955,15,178955
12108,7.1e-05,172.253.118.0-255,3524,15479,15,178955
12109,7.3e-05,172.31.36.0-255,66,15545,15,178955
12110,8e-05,172.253.118.0-255,4320,19865,15,178955
12111,8.2e-05,172.31.36.0-255,66,19931,15,178955
12112,0.000127,172.31.36.0-255,66,19997,15,178955
12113,0.000131,172.253.118.0-255,2543,22540,15,178955
12114,0.000133,172.31.36.0-255,66,22606,15,178955
12115,0.000301,172.253.118.0-255,1484,24090,15,178955
12116,0.000308,172.31.36.0-255,66,24156,15,178955
12117,0.000313,172.253.118.0-255,2902,27058,15,178955
12118,0.000316,172.31.36.0-255,66,27124,15,178955
12119,0.000328,172.253.118.0-255,5738,32862,15,178955
12120,0.00033,172.31.36.0-255,66,32928,15,178955
12121,0.000374,172.31.36.0-255,66,32994,15,178955
12122,0.000385,172.31.36.0-255,66,33060,15,178955
12123,0.000419,172.253.118.0-255,6797,39857,15,178955
12124,0.000422,172.31.36.0-255,66,39923,15,178955
12125,0.000572,172.253.118.0-255,645,40568,15,178955
12126,0.000577,172.31.36.0-255,66,40634,15,178955
12127,0.000689,172.253.118.0-255,1484,42118,15,178955
12128,0.000702,172.31.36.0-255,66,42184,15,178955
12129,0.000708,172.253.118.0-255,2902,45086,15,178955
12130,0.00071,172.31.36.0-255,66,45152,15,178955
12131,0.00072,172.253.118.0-255,4320,49472,15,178955
12132,0.000723,172.31.36.0-255,66,49538,15,178955
12133,0.000775,172.253.118.0-255,7156,56694,15,178955
12134,0.000779,172.31.36.0-255,66,56760,15,178955
12135,0.000802,172.253.118.0-255,577,57337,15,178955
12136,0.001185,172.253.118.0-255,1484,58821,15,178955
12137,0.00119,172.31.36.0-255,66,58887,15,178955
12138,0.001196,172.253.118.0-255,2902,61789,15,178955
12139,0.001198,172.31.36.0-255,66,61855,15,178955
12140,0.001209,172.253.118.0-255,5738,67593,15,178955
12141,0.001212,172.31.36.0-255,66,67659,15,178955
12142,0.00126,172.31.36.0-255,66,67725,15,178955
12143,0.001294,172.31.36.0-255,66,67791,15,178955
12144,0.001318,172.253.118.0-255,2184,69975,15,178955
12145,0.00132,172.31.36.0-255,66,70041,15,178955
12146,0.001325,172.253.118.0-255,2902,72943,15,178955
12147,0.001328,172.31.36.0-255,66,73009,15,178955
12148,0.001353,172.253.118.0-255,1484,74493,15,178955
12149,0.00136,172.253.118.0-255,5738,80231,15,178955
12150,0.001362,172.31.36.0-255,66,80297,15,178955
12151,0.001405,172.31.36.0-255,66,80363,15,178955
12152,0.001413,172.253.118.0-255,7156,87519,15,178955
12153,0.001415,172.31.36.0-255,66,87585,15,178955
12154,0.001441,172.253.118.0-255,5020,92605,15,178955
12155,0.001444,172.31.36.0-255,66,92671,15,178955
12156,0.001554,172.253.118.0-255,1484,94155,15,178955
12157,0.00156,172.253.118.0-255,2902,97057,15,178955
12158,0.001563,172.31.36.0-255,66,97123,15,178955
12159,0.001591,172.253.118.0-255,2902,100025,15,178955
12160,0.001594,172.31.36.0-255,66,100091,15,178955
12161,0.001599,172.253.118.0-255,2902,102993,15,178955
12162,0.001601,172.31.36.0-255,66,103059,15,178955
12163,0.001629,172.253.118.0-255,4320,107379,15,178955
12164,0.001631,172.31.36.0-255,66,107445,15,178955
12165,0.001639,172.253.118.0-255,5738,113183,15,178955
12166,0.001641,172.31.36.0-255,66,113249,15,178955
12167,0.001669,172.253.118.0-255,5738,118987,15,178955
12168,0.001672,172.31.36.0-255,66,119053,15,178955
12169,0.001677,172.253.118.0-255,2902,121955,15,178955
12170,0.00168,172.31.36.0-255,66,122021,15,178955
12171,0.001701,172.253.118.0-255,5020,127041,15,178955
12172,0.001725,172.31.36.0-255,66,127107,15,178955
12173,0.001781,172.253.118.0-255,1484,128591,15,178955
12174,0.001807,172.253.118.0-255,2902,131493,15,178955
12175,0.001811,172.253.118.0-255,1484,132977,15,178955
12176,0.001834,172.253.118.0-255,4320,137297,15,178955
12177,0.00184,172.253.118.0-255,4320,141617,15,178955
12178,0.001853,172.31.36.0-255,66,141683,15,178955
12179,0.001864,172.253.118.0-255,4320,146003,15,178955
12180,0.001894,172.253.118.0-255,7156,153159,15,178955
12181,0.0019,172.253.118.0-255,5738,158897,15,178955
12182,0.001903,172.31.36.0-255,66,158963,15,178955
12183,0.001909,172.31.36.0-255,66,159029,15,178955
12184,0.001929,172.253.118.0-255,2184,161213,15,178955
12185,0.001949,172.31.36.0-255,66,161279,15,178955
12186,0.004215,172.253.118.0-255,2902,164181,15,178955
12187,0.004223,172.31.36.0-255,66,164247,15,178955
12188,0.004259,172.253.118.0-255,2902,167149,15,178955
12189,0.004262,172.31.36.0-255,66,167215,15,178955
12190,0.006507,172.253.118.0-255,2902,170117,15,178955
12191,0.00651,172.31.36.0-255,66,170183,15,178955
12192,0.006533,172.253.118.0-255,2902,173085,15,178955
12193,0.006535,172.31.36.0-255,66,173151,15,178955
12194,0.008811,172.253.118.0-255,5738,178889,15,178955
12195,0.008819,172.31.36.0-255,66,178955,15,178955
12196,0.0,74.125.130.0-255,148,148,15,300568
12197,2.2e-05,172.31.36.0-255,66,214,15,300568
12198,3e-05,74.125.130.0-255,1484,1698,15,300568
12199,3.4e-05,172.31.36.0-255,66,1764,15,300568
12200,4.9e-05,74.125.130.0-255,2902,4666,15,300568
12201,5.4e-05,172.31.36.0-255,66,4732,15,300568
12202,6.2e-05,74.125.130.0-255,7156,11888,15,300568
12203,6.5e-05,172.31.36.0-255,66,11954,15,300568
12204,6.9e-05,74.125.130.0-255,2010,13964,15,300568
12205,7.2e-05,172.31.36.0-255,66,14030,15,300568
12206,0.000174,74.125.130.0-255,1484,15514,15,300568
12207,0.000179,172.31.36.0-255,66,15580,15,300568
12208,0.000185,74.125.130.0-255,2902,18482,15,300568
12209,0.000187,172.31.36.0-255,66,18548,15,300568
12210,0.000222,74.125.130.0-255,4320,22868,15,300568
12211,0.000225,172.31.36.0-255,66,22934,15,300568
12212,0.000232,74.125.130.0-255,5738,28672,15,300568
12213,0.000234,172.31.36.0-255,66,28738,15,300568
12214,0.000265,74.125.130.0-255,2543,31281,15,300568
12215,0.000268,172.31.36.0-255,66,31347,15,300568
12216,0.000272,74.125.130.0-255,2902,34249,15,300568
12217,0.000274,172.31.36.0-255,66,34315,15,300568
12218,0.000298,74.125.130.0-255,7156,41471,15,300568
12219,0.0003,172.31.36.0-255,66,41537,15,300568
12220,0.000305,74.125.130.0-255,2902,44439,15,300568
12221,0.000307,172.31.36.0-255,66,44505,15,300568
12222,0.000352,74.125.130.0-255,3961,48466,15,300568
12223,0.000356,172.31.36.0-255,66,48532,15,300568
12224,0.000406,74.125.130.0-255,4320,52852,15,300568
12225,0.00041,172.31.36.0-255,66,52918,15,300568
12226,0.000441,74.125.130.0-255,5738,58656,15,300568
12227,0.000444,172.31.36.0-255,66,58722,15,300568
12228,0.000458,74.125.130.0-255,4320,63042,15,300568
12229,0.000465,172.31.36.0-255,66,63108,15,300568
12230,0.000494,74.125.130.0-255,2543,65651,15,300568
12231,0.000497,172.31.36.0-255,66,65717,15,300568
12232,0.000525,74.125.130.0-255,648,66365,15,300568
12233,0.000561,74.125.130.0-255,1484,67849,15,300568
12234,0.000564,172.31.36.0-255,66,67915,15,300568
12235,0.000591,74.125.130.0-255,4320,72235,15,300568
12236,0.000594,172.31.36.0-255,66,72301,15,300568
12237,0.000627,74.125.130.0-255,4320,76621,15,300568
12238,0.00063,172.31.36.0-255,66,76687,15,300568
12239,0.000637,74.125.130.0-255,5738,82425,15,300568
12240,0.000639,172.31.36.0-255,66,82491,15,300568
12241,0.000677,172.31.36.0-255,66,82557,15,300568
12242,0.000682,74.125.130.0-255,2902,85459,15,300568
12243,0.000684,172.31.36.0-255,66,85525,15,300568
12244,0.000713,74.125.130.0-255,1484,87009,15,300568
12245,0.000733,74.125.130.0-255,2184,89193,15,300568
12246,0.000736,172.31.36.0-255,66,89259,15,300568
12247,0.001023,74.125.130.0-255,1484,90743,15,300568
12248,0.001043,74.125.130.0-255,2902,93645,15,300568
12249,0.001047,172.31.36.0-255,66,93711,15,300568
12250,0.001054,74.125.130.0-255,5738,99449,15,300568
12251,0.001056,172.31.36.0-255,66,99515,15,300568
12252,0.001088,74.125.130.0-255,7156,106671,15,300568
12253,0.001091,172.31.36.0-255,66,106737,15,300568
12254,0.001099,74.125.130.0-255,7156,113893,15,300568
12255,0.001101,172.31.36.0-255,66,113959,15,300568
12256,0.001127,74.125.130.0-255,1484,115443,15,300568
12257,0.001137,172.31.36.0-255,66,115509,15,300568
12258,0.001214,74.125.130.0-255,1484,116993,15,300568
12259,0.001233,74.125.130.0-255,2902,119895,15,300568
12260,0.001236,172.31.36.0-255,66,119961,15,300568
12261,0.001263,74.125.130.0-255,5738,125699,15,300568
12262,0.001266,172.31.36.0-255,66,125765,15,300568
12263,0.00127,74.125.130.0-255,1484,127249,15,300568
12264,0.001296,74.125.130.0-255,5738,132987,15,300568
12265,0.001299,172.31.36.0-255,66,133053,15,300568
12266,0.001311,172.31.36.0-255,66,133119,15,300568
12267,0.001355,172.31.36.0-255,66,133185,15,300568
12268,0.001515,74.125.130.0-255,1484,134669,15,300568
12269,0.001531,74.125.130.0-255,2902,137571,15,300568
12270,0.001534,172.31.36.0-255,66,137637,15,300568
12271,0.001539,74.125.130.0-255,2902,140539,15,300568
12272,0.001541,172.31.36.0-255,66,140605,15,300568
12273,0.001563,74.125.130.0-255,2902,143507,15,300568
12274,0.001566,172.31.36.0-255,66,143573,15,300568
12275,0.001595,172.31.36.0-255,66,143639,15,300568
12276,0.001622,74.125.130.0-255,1484,145123,15,300568
12277,0.001651,172.31.36.0-255,66,145189,15,300568
12278,0.001922,74.125.130.0-255,1484,146673,15,300568
12279,0.001934,74.125.130.0-255,1484,148157,15,300568
12280,0.001937,172.31.36.0-255,66,148223,15,300568
12281,0.001942,74.125.130.0-255,2902,151125,15,300568
12282,0.001944,172.31.36.0-255,66,151191,15,300568
12283,0.001964,74.125.130.0-255,4320,155511,15,300568
12284,0.001967,172.31.36.0-255,66,155577,15,300568
12285,0.001991,74.125.130.0-255,1484,157061,15,300568
12286,0.002002,172.31.36.0-255,66,157127,15,300568
12287,0.002026,74.125.130.0-255,5738,162865,15,300568
12288,0.002029,172.31.36.0-255,66,162931,15,300568
12289,0.002054,74.125.130.0-255,4320,167251,15,300568
12290,0.002058,74.125.130.0-255,3602,170853,15,300568
12291,0.002062,74.125.130.0-255,4320,175173,15,300568
12292,0.002072,172.31.36.0-255,66,175239,15,300568
12293,0.002078,172.31.36.0-255,66,175305,15,300568
12294,0.002081,172.31.36.0-255,66,175371,15,300568
12295,0.002109,74.125.130.0-255,7156,182527,15,300568
12296,0.002113,172.31.36.0-255,66,182593,15,300568
12297,0.00216,172.31.36.0-255,66,182659,15,300568
12298,0.002172,172.31.36.0-255,66,182725,15,300568
12299,0.002203,74.125.130.0-255,4320,187045,15,300568
12300,0.002205,172.31.36.0-255,66,187111,15,300568
12301,0.002209,74.125.130.0-255,766,187877,15,300568
12302,0.002228,74.125.130.0-255,1484,189361,15,300568
12303,0.00223,172.31.36.0-255,66,189427,15,300568
12304,0.002255,74.125.130.0-255,2902,192329,15,300568
12305,0.002257,172.31.36.0-255,66,192395,15,300568
12306,0.002261,74.125.130.0-255,1484,193879,15,300568
12307,0.002283,74.125.130.0-255,4320,198199,15,300568
12308,0.002285,172.31.36.0-255,66,198265,15,300568
12309,0.002291,74.125.130.0-255,4320,202585,15,300568
12310,0.002294,172.31.36.0-255,66,202651,15,300568
12311,0.002325,74.125.130.0-255,4320,206971,15,300568
12312,0.002327,172.31.36.0-255,66,207037,15,300568
12313,0.00233,74.125.130.0-255,1484,208521,15,300568
12314,0.002333,74.125.130.0-255,1484,210005,15,300568
12315,0.002335,172.31.36.0-255,66,210071,15,300568
12316,0.002338,74.125.130.0-255,1484,211555,15,300568
12317,0.002344,74.125.130.0-255,4320,215875,15,300568
12318,0.002346,172.31.36.0-255,66,215941,15,300568
12319,0.002374,74.125.130.0-255,6438,222379,15,300568
12320,0.002377,172.31.36.0-255,66,222445,15,300568
12321,0.002428,74.125.130.0-255,1484,223929,15,300568
12322,0.002451,74.125.130.0-255,5738,229667,15,300568
12323,0.002454,172.31.36.0-255,66,229733,15,300568
12324,0.002464,172.31.36.0-255,66,229799,15,300568
12325,0.002473,74.125.130.0-255,4320,234119,15,300568
12326,0.002475,172.31.36.0-255,66,234185,15,300568
12327,0.002532,172.31.36.0-255,66,234251,15,300568
12328,0.002538,74.125.130.0-255,5020,239271,15,300568
12329,0.00254,172.31.36.0-255,66,239337,15,300568
12330,0.002544,74.125.130.0-255,4320,243657,15,300568
12331,0.002546,74.125.130.0-255,1484,245141,15,300568
12332,0.002568,74.125.130.0-255,1484,246625,15,300568
12333,0.002591,74.125.130.0-255,7156,253781,15,300568
12334,0.002614,74.125.130.0-255,2902,256683,15,300568
12335,0.002619,74.125.130.0-255,4320,261003,15,300568
12336,0.002636,74.125.130.0-255,1484,262487,15,300568
12337,0.00265,74.125.130.0-255,4320,266807,15,300568
12338,0.002667,74.125.130.0-255,6438,273245,15,300568
12339,0.002685,74.125.130.0-255,1484,274729,15,300568
12340,0.002696,74.125.130.0-255,2902,277631,15,300568
12341,0.002701,74.125.130.0-255,2902,280533,15,300568
12342,0.002718,74.125.130.0-255,2902,283435,15,300568
12343,0.002728,74.125.130.0-255,1484,284919,15,300568
12344,0.00275,74.125.130.0-255,7156,292075,15,300568
12345,0.002764,74.125.130.0-255,2902,294977,15,300568
12346,0.002767,74.125.130.0-255,1484,296461,15,300568
12347,0.002786,74.125.130.0-255,2902,299363,15,300568
12348,0.002789,74.125.130.0-255,1003,300366,15,300568
12349,0.002791,74.125.130.0-255,97,300463,15,300568
12350,0.002866,74.125.130.0-255,105,300568,15,300568
12351,0.0,74.125.68.0-255,167,167,15,136085
12352,2.5e-05,172.31.36.0-255,66,233,15,136085
12353,3.1e-05,74.125.68.0-255,1484,1717,15,136085
12354,3.6e-05,172.31.36.0-255,66,1783,15,136085
12355,3.8e-05,74.125.68.0-255,1484,3267,15,136085
12356,4e-05,172.31.36.0-255,66,3333,15,136085
12357,4.5e-05,74.125.68.0-255,2902,6235,15,136085
12358,4.7e-05,172.31.36.0-255,66,6301,15,136085
12359,5.3e-05,74.125.68.0-255,5738,12039,15,136085
12360,5.6e-05,172.31.36.0-255,66,12105,15,136085
12361,7.9e-05,74.125.68.0-255,3467,15572,15,136085
12362,8.1e-05,172.31.36.0-255,66,15638,15,136085
12363,8.4e-05,74.125.68.0-255,2902,18540,15,136085
12364,8.6e-05,172.31.36.0-255,66,18606,15,136085
12365,9.9e-05,74.125.68.0-255,1484,20090,15,136085
12366,0.000101,172.31.36.0-255,66,20156,15,136085
12367,0.000117,74.125.68.0-255,5738,25894,15,136085
12368,0.00012,172.31.36.0-255,66,25960,15,136085
12369,0.000133,74.125.68.0-255,4320,30280,15,136085
12370,0.000135,172.31.36.0-255,66,30346,15,136085
12371,0.000138,74.125.68.0-255,1125,31471,15,136085
12372,0.00014,172.31.36.0-255,66,31537,15,136085
12373,0.000225,74.125.68.0-255,1484,33021,15,136085
12374,0.000228,172.31.36.0-255,66,33087,15,136085
12375,0.000247,74.125.68.0-255,2902,35989,15,136085
12376,0.00025,172.31.36.0-255,66,36055,15,136085
12377,0.000255,74.125.68.0-255,5738,41793,15,136085
12378,0.000257,172.31.36.0-255,66,41859,15,136085
12379,0.000273,74.125.68.0-255,1484,43343,15,136085
12380,0.000277,172.31.36.0-255,66,43409,15,136085
12381,0.000289,74.125.68.0-255,5379,48788,15,136085
12382,0.000292,172.31.36.0-255,66,48854,15,136085
12383,0.000302,74.125.68.0-255,4320,53174,15,136085
12384,0.000305,172.31.36.0-255,66,53240,15,136085
12385,0.00032,74.125.68.0-255,2902,56142,15,136085
12386,0.000322,172.31.36.0-255,66,56208,15,136085
12387,0.000327,74.125.68.0-255,2902,59110,15,136085
12388,0.000329,172.31.36.0-255,66,59176,15,136085
12389,0.000352,74.125.68.0-255,6797,65973,15,136085
12390,0.000355,172.31.36.0-255,66,66039,15,136085
12391,0.000365,74.125.68.0-255,646,66685,15,136085
12392,0.000709,172.31.36.0-255,66,66751,15,136085
12393,0.001193,74.125.68.0-255,1484,68235,15,136085
12394,0.001202,74.125.68.0-255,1484,69719,15,136085
12395,0.001206,172.31.36.0-255,66,69785,15,136085
12396,0.001229,74.125.68.0-255,1484,71269,15,136085
12397,0.001236,74.125.68.0-255,4320,75589,15,136085
12398,0.001238,172.31.36.0-255,66,75655,15,136085
12399,0.001244,74.125.68.0-255,5738,81393,15,136085
12400,0.001245,172.31.36.0-255,66,81459,15,136085
12401,0.001274,74.125.68.0-255,2902,84361,15,136085
12402,0.001285,172.31.36.0-255,66,84427,15,136085
12403,0.001293,74.125.68.0-255,7156,91583,15,136085
12404,0.001295,172.31.36.0-255,66,91649,15,136085
12405,0.00131,74.125.68.0-255,1484,93133,15,136085
12406,0.001341,74.125.68.0-255,1484,94617,15,136085
12407,0.001345,172.31.36.0-255,66,94683,15,136085
12408,0.001369,74.125.68.0-255,6438,101121,15,136085
12409,0.001372,172.31.36.0-255,66,101187,15,136085
12410,0.001795,74.125.68.0-255,1484,102671,15,136085
12411,0.001813,74.125.68.0-255,2902,105573,15,136085
12412,0.001817,172.31.36.0-255,66,105639,15,136085
12413,0.001838,74.125.68.0-255,5738,111377,15,136085
12414,0.00184,172.31.36.0-255,66,111443,15,136085
12415,0.00187,74.125.68.0-255,2902,114345,15,136085
12416,0.001873,172.31.36.0-255,66,114411,15,136085
12417,0.001894,172.31.36.0-255,66,114477,15,136085
12418,0.001916,74.125.68.0-255,1484,115961,15,136085
12419,0.001939,172.31.36.0-255,66,116027,15,136085
12420,0.001956,74.125.68.0-255,2184,118211,15,136085
12421,0.001958,172.31.36.0-255,66,118277,15,136085
12422,0.004163,74.125.68.0-255,2902,121179,15,136085
12423,0.00417,172.31.36.0-255,66,121245,15,136085
12424,0.004191,74.125.68.0-255,2902,124147,15,136085
12425,0.004193,172.31.36.0-255,66,124213,15,136085
12426,0.006403,74.125.68.0-255,2902,127115,15,136085
12427,0.00641,172.31.36.0-255,66,127181,15,136085
12428,0.006434,74.125.68.0-255,2902,130083,15,136085
12429,0.006438,172.31.36.0-255,66,130149,15,136085
12430,0.008639,74.125.68.0-255,2902,133051,15,136085
12431,0.008648,172.31.36.0-255,66,133117,15,136085
12432,0.008671,74.125.68.0-255,2902,136019,15,136085
12433,0.008675,172.31.36.0-255,66,136085,15,136085
12434,0.0,74.125.24.0-255,152,152,15,196386
12435,2.9e-05,172.31.36.0-255,66,218,15,196386
12436,3.6e-05,74.125.24.0-255,1484,1702,15,196386
12437,4e-05,172.31.36.0-255,66,1768,15,196386
12438,4.5e-05,74.125.24.0-255,2902,4670,15,196386
12439,5.4e-05,172.31.36.0-255,66,4736,15,196386
12440,6e-05,74.125.24.0-255,4320,9056,15,196386
12441,6.3e-05,172.31.36.0-255,66,9122,15,196386
12442,9.2e-05,74.125.24.0-255,2902,12024,15,196386
12443,9.5e-05,172.31.36.0-255,66,12090,15,196386
12444,0.000101,74.125.24.0-255,4320,16410,15,196386
12445,0.000103,172.31.36.0-255,66,16476,15,196386
12446,0.000146,172.31.36.0-255,66,16542,15,196386
12447,0.000176,74.125.24.0-255,2543,19085,15,196386
12448,0.000179,172.31.36.0-255,66,19151,15,196386
12449,0.00028,74.125.24.0-255,1484,20635,15,196386
12450,0.000284,172.31.36.0-255,66,20701,15,196386
12451,0.000289,74.125.24.0-255,2902,23603,15,196386
12452,0.000292,172.31.36.0-255,66,23669,15,196386
12453,0.000318,74.125.24.0-255,5738,29407,15,196386
12454,0.000321,172.31.36.0-255,66,29473,15,196386
12455,0.000344,74.125.24.0-255,1484,30957,15,196386
12456,0.000347,172.31.36.0-255,66,31023,15,196386
12457,0.000383,172.31.36.0-255,66,31089,15,196386
12458,0.000401,172.31.36.0-255,66,31155,15,196386
12459,0.000418,74.125.24.0-255,1399,32554,15,196386
12460,0.000421,172.31.36.0-255,66,32620,15,196386
12461,0.000439,74.125.24.0-255,132,32752,15,196386
12462,0.000441,172.31.36.0-255,66,32818,15,196386
12463,0.000496,74.125.24.0-255,1484,34302,15,196386
12464,0.000518,74.125.24.0-255,2902,37204,15,196386
12465,0.000521,172.31.36.0-255,66,37270,15,196386
12466,0.000524,74.125.24.0-255,1484,38754,15,196386
12467,0.000555,74.125.24.0-255,4320,43074,15,196386
12468,0.000558,172.31.36.0-255,66,43140,15,196386
12469,0.000565,74.125.24.0-255,7057,50197,15,196386
12470,0.000567,172.31.36.0-255,66,50263,15,196386
12471,0.000614,74.125.24.0-255,1484,51747,15,196386
12472,0.000629,74.125.24.0-255,2902,54649,15,196386
12473,0.000632,172.31.36.0-255,66,54715,15,196386
12474,0.000664,74.125.24.0-255,5738,60453,15,196386
12475,0.000667,172.31.36.0-255,66,60519,15,196386
12476,0.000673,74.125.24.0-255,5738,66257,15,196386
12477,0.000675,172.31.36.0-255,66,66323,15,196386
12478,0.000705,74.125.24.0-255,1125,67448,15,196386
12479,0.001047,74.125.24.0-255,1484,68932,15,196386
12480,0.001052,172.31.36.0-255,66,68998,15,196386
12481,0.001057,74.125.24.0-255,2902,71900,15,196386
12482,0.00106,172.31.36.0-255,66,71966,15,196386
12483,0.001071,74.125.24.0-255,5738,77704,15,196386
12484,0.001074,172.31.36.0-255,66,77770,15,196386
12485,0.001084,172.31.36.0-255,66,77836,15,196386
12486,0.001108,74.125.24.0-255,4320,82156,15,196386
12487,0.001111,172.31.36.0-255,66,82222,15,196386
12488,0.001122,172.31.36.0-255,66,82288,15,196386
12489,0.001163,74.125.24.0-255,1484,83772,15,196386
12490,0.001168,74.125.24.0-255,2902,86674,15,196386
12491,0.001171,172.31.36.0-255,66,86740,15,196386
12492,0.001178,74.125.24.0-255,5738,92478,15,196386
12493,0.00118,172.31.36.0-255,66,92544,15,196386
12494,0.001241,172.31.36.0-255,66,92610,15,196386
12495,0.001276,74.125.24.0-255,2902,95512,15,196386
12496,0.001281,172.31.36.0-255,66,95578,15,196386
12497,0.001282,74.125.24.0-255,7156,102734,15,196386
12498,0.001286,172.31.36.0-255,66,102800,15,196386
12499,0.001287,74.125.24.0-255,3602,106402,15,196386
12500,0.001289,172.31.36.0-255,66,106468,15,196386
12501,0.001359,74.125.24.0-255,1484,107952,15,196386
12502,0.001364,74.125.24.0-255,2902,110854,15,196386
12503,0.001367,172.31.36.0-255,66,110920,15,196386
12504,0.001372,74.125.24.0-255,2902,113822,15,196386
12505,0.001374,172.31.36.0-255,66,113888,15,196386
12506,0.001397,74.125.24.0-255,2902,116790,15,196386
12507,0.0014,172.31.36.0-255,66,116856,15,196386
12508,0.001413,172.31.36.0-255,66,116922,15,196386
12509,0.001438,74.125.24.0-255,1484,118406,15,196386
12510,0.001443,74.125.24.0-255,4320,122726,15,196386
12511,0.001447,172.31.36.0-255,66,122792,15,196386
12512,0.001461,74.125.24.0-255,2902,125694,15,196386
12513,0.001464,172.31.36.0-255,66,125760,15,196386
12514,0.0015,172.31.36.0-255,66,125826,15,196386
12515,0.001507,172.31.36.0-255,66,125892,15,196386
12516,0.001563,172.31.36.0-255,66,125958,15,196386
12517,0.001595,74.125.24.0-255,1484,127442,15,196386
12518,0.001609,74.125.24.0-255,2902,130344,15,196386
12519,0.001612,172.31.36.0-255,66,130410,15,196386
12520,0.001616,74.125.24.0-255,1484,131894,15,196386
12521,0.001633,74.125.24.0-255,4320,136214,15,196386
12522,0.001636,172.31.36.0-255,66,136280,15,196386
12523,0.001653,172.31.36.0-255,66,136346,15,196386
12524,0.001702,172.31.36.0-255,66,136412,15,196386
12525,0.001707,74.125.24.0-255,2902,139314,15,196386
12526,0.001709,172.31.36.0-255,66,139380,15,196386
12527,0.001744,74.125.24.0-255,2902,142282,15,196386
12528,0.001747,172.31.36.0-255,66,142348,15,196386
12529,0.001755,74.125.24.0-255,7156,149504,15,196386
12530,0.001757,172.31.36.0-255,66,149570,15,196386
12531,0.00177,172.31.36.0-255,66,149636,15,196386
12532,0.001792,74.125.24.0-255,4320,153956,15,196386
12533,0.001795,172.31.36.0-255,66,154022,15,196386
12534,0.001801,74.125.24.0-255,5738,159760,15,196386
12535,0.001804,74.125.24.0-255,766,160526,15,196386
12536,0.001808,172.31.36.0-255,66,160592,15,196386
12537,0.001944,74.125.24.0-255,1484,162076,15,196386
12538,0.00195,172.31.36.0-255,66,162142,15,196386
12539,0.001978,74.125.24.0-255,2902,165044,15,196386
12540,0.001981,172.31.36.0-255,66,165110,15,196386
12541,0.001987,74.125.24.0-255,4320,169430,15,196386
12542,0.001989,172.31.36.0-255,66,169496,15,196386
12543,0.002029,74.125.24.0-255,1484,170980,15,196386
12544,0.002044,172.31.36.0-255,66,171046,15,196386
12545,0.002048,74.125.24.0-255,2902,173948,15,196386
12546,0.00205,172.31.36.0-255,66,174014,15,196386
12547,0.002069,74.125.24.0-255,1484,175498,15,196386
12548,0.002094,74.125.24.0-255,6438,181936,15,196386
12549,0.002098,172.31.36.0-255,66,182002,15,196386
12550,0.002156,172.31.36.0-255,66,182068,15,196386
12551,0.002162,74.125.24.0-255,5738,187806,15,196386
12552,0.002164,172.31.36.0-255,66,187872,15,196386
12553,0.002211,172.31.36.0-255,66,187938,15,196386
12554,0.002216,74.125.24.0-255,3602,191540,15,196386
12555,0.002218,172.31.36.0-255,66,191606,15,196386
12556,0.002278,172.31.36.0-255,66,191672,15,196386
12557,0.002283,74.125.24.0-255,4306,195978,15,196386
12558,0.002286,172.31.36.0-255,66,196044,15,196386
12559,0.002314,74.125.24.0-255,105,196149,15,196386
12560,0.003454,172.31.36.0-255,66,196215,15,196386
12561,0.003483,172.31.36.0-255,105,196320,15,196386
12562,0.005441,74.125.24.0-255,66,196386,15,196386
12563,0.0,74.125.200.0-255,216,216,15,251755
12564,3.5e-05,172.31.36.0-255,66,282,15,251755
12565,4.3e-05,74.125.200.0-255,1484,1766,15,251755
12566,4.8e-05,172.31.36.0-255,66,1832,15,251755
12567,5.3e-05,74.125.200.0-255,2902,4734,15,251755
12568,6.3e-05,172.31.36.0-255,66,4800,15,251755
12569,6.9e-05,74.125.200.0-255,4320,9120,15,251755
12570,7.2e-05,172.31.36.0-255,66,9186,15,251755
12571,0.0001,74.125.200.0-255,4633,13819,15,251755
12572,0.000109,172.31.36.0-255,66,13885,15,251755
12573,0.000152,74.125.200.0-255,1484,15369,15,251755
12574,0.000155,172.31.36.0-255,66,15435,15,251755
12575,0.00016,74.125.200.0-255,2902,18337,15,251755
12576,0.000162,172.31.36.0-255,66,18403,15,251755
12577,0.000205,74.125.200.0-255,5738,24141,15,251755
12578,0.00021,172.31.36.0-255,66,24207,15,251755
12579,0.000217,74.125.200.0-255,6797,31004,15,251755
12580,0.000219,172.31.36.0-255,66,31070,15,251755
12581,0.000445,74.125.200.0-255,1484,32554,15,251755
12582,0.000449,172.31.36.0-255,66,32620,15,251755
12583,0.000454,74.125.200.0-255,1484,34104,15,251755
12584,0.000456,172.31.36.0-255,66,34170,15,251755
12585,0.000475,74.125.200.0-255,1484,35654,15,251755
12586,0.000479,172.31.36.0-255,66,35720,15,251755
12587,0.000491,74.125.200.0-255,5738,41458,15,251755
12588,0.000495,172.31.36.0-255,66,41524,15,251755
12589,0.000504,74.125.200.0-255,6797,48321,15,251755
12590,0.000507,172.31.36.0-255,66,48387,15,251755
12591,0.000582,74.125.200.0-255,1484,49871,15,251755
12592,0.000586,172.31.36.0-255,66,49937,15,251755
12593,0.000614,74.125.200.0-255,1484,51421,15,251755
12594,0.000617,172.31.36.0-255,66,51487,15,251755
12595,0.000622,74.125.200.0-255,2902,54389,15,251755
12596,0.000624,172.31.36.0-255,66,54455,15,251755
12597,0.000631,74.125.200.0-255,5738,60193,15,251755
12598,0.000633,172.31.36.0-255,66,60259,15,251755
12599,0.000664,74.125.200.0-255,5379,65638,15,251755
12600,0.000668,172.31.36.0-255,66,65704,15,251755
12601,0.000783,74.125.200.0-255,647,66351,15,251755
12602,0.000812,172.31.36.0-255,66,66417,15,251755
12603,0.000926,74.125.200.0-255,1484,67901,15,251755
12604,0.000934,74.125.200.0-255,1484,69385,15,251755
12605,0.000938,172.31.36.0-255,66,69451,15,251755
12606,0.000984,74.125.200.0-255,1484,70935,15,251755
12607,0.000991,74.125.200.0-255,4320,75255,15,251755
12608,0.000995,172.31.36.0-255,66,75321,15,251755
12609,0.001002,74.125.200.0-255,5738,81059,15,251755
12610,0.001004,172.31.36.0-255,66,81125,15,251755
12611,0.001024,172.31.36.0-255,66,81191,15,251755
12612,0.001076,172.31.36.0-255,66,81257,15,251755
12613,0.001132,74.125.200.0-255,1484,82741,15,251755
12614,0.001138,74.125.200.0-255,2902,85643,15,251755
12615,0.001141,172.31.36.0-255,66,85709,15,251755
12616,0.001145,74.125.200.0-255,1484,87193,15,251755
12617,0.001177,74.125.200.0-255,2902,90095,15,251755
12618,0.001181,172.31.36.0-255,66,90161,15,251755
12619,0.001188,74.125.200.0-255,5738,95899,15,251755
12620,0.00119,172.31.36.0-255,66,95965,15,251755
12621,0.001212,74.125.200.0-255,7156,103121,15,251755
12622,0.001215,172.31.36.0-255,66,103187,15,251755
12623,0.001247,74.125.200.0-255,5738,108925,15,251755
12624,0.001251,172.31.36.0-255,66,108991,15,251755
12625,0.001258,74.125.200.0-255,6438,115429,15,251755
12626,0.00126,172.31.36.0-255,66,115495,15,251755
12627,0.001449,74.125.200.0-255,1484,116979,15,251755
12628,0.001454,74.125.200.0-255,1484,118463,15,251755
12629,0.001459,172.31.36.0-255,66,118529,15,251755
12630,0.001466,74.125.200.0-255,2902,121431,15,251755
12631,0.001468,172.31.36.0-255,66,121497,15,251755
12632,0.001471,74.125.200.0-255,1484,122981,15,251755
12633,0.001508,74.125.200.0-255,4320,127301,15,251755
12634,0.001512,172.31.36.0-255,66,127367,15,251755
12635,0.00153,172.31.36.0-255,66,127433,15,251755
12636,0.001567,74.125.200.0-255,4320,131753,15,251755
12637,0.001571,172.31.36.0-255,66,131819,15,251755
12638,0.001602,74.125.200.0-255,6438,138257,15,251755
12639,0.001606,172.31.36.0-255,66,138323,15,251755
12640,0.001766,74.125.200.0-255,1484,139807,15,251755
12641,0.001774,74.125.200.0-255,2902,142709,15,251755
12642,0.001778,172.31.36.0-255,66,142775,15,251755
12643,0.00184,74.125.200.0-255,5738,148513,15,251755
12644,0.001844,172.31.36.0-255,66,148579,15,251755
12645,0.001847,74.125.200.0-255,1484,150063,15,251755
12646,0.001852,74.125.200.0-255,2902,152965,15,251755
12647,0.001854,172.31.36.0-255,66,153031,15,251755
12648,0.001866,74.125.200.0-255,5738,158769,15,251755
12649,0.00187,172.31.36.0-255,66,158835,15,251755
12650,0.001914,172.31.36.0-255,66,158901,15,251755
12651,0.001961,74.125.200.0-255,3602,162503,15,251755
12652,0.001966,172.31.36.0-255,66,162569,15,251755
12653,0.001995,74.125.200.0-255,2902,165471,15,251755
12654,0.001998,172.31.36.0-255,66,165537,15,251755
12655,0.002025,74.125.200.0-255,1484,167021,15,251755
12656,0.002033,74.125.200.0-255,5738,172759,15,251755
12657,0.002037,172.31.36.0-255,66,172825,15,251755
12658,0.002044,74.125.200.0-255,7156,179981,15,251755
12659,0.002047,172.31.36.0-255,66,180047,15,251755
12660,0.002075,74.125.200.0-255,4320,184367,15,251755
12661,0.002078,172.31.36.0-255,66,184433,15,251755
12662,0.002084,74.125.200.0-255,4320,188753,15,251755
12663,0.002086,172.31.36.0-255,66,188819,15,251755
12664,0.002101,172.31.36.0-255,66,188885,15,251755
12665,0.002113,74.125.200.0-255,7156,196041,15,251755
12666,0.002116,172.31.36.0-255,66,196107,15,251755
12667,0.002166,172.31.36.0-255,66,196173,15,251755
12668,0.002174,74.125.200.0-255,5020,201193,15,251755
12669,0.002176,172.31.36.0-255,66,201259,15,251755
12670,0.002198,172.31.36.0-255,66,201325,15,251755
12671,0.002204,74.125.200.0-255,4320,205645,15,251755
12672,0.002206,172.31.36.0-255,66,205711,15,251755
12673,0.002257,172.31.36.0-255,66,205777,15,251755
12674,0.002265,74.125.200.0-255,6438,212215,15,251755
12675,0.002268,172.31.36.0-255,66,212281,15,251755
12676,0.002274,74.125.200.0-255,7156,219437,15,251755
12677,0.002278,172.31.36.0-255,66,219503,15,251755
12678,0.002287,74.125.200.0-255,7156,226659,15,251755
12679,0.002289,172.31.36.0-255,66,226725,15,251755
12680,0.002296,74.125.200.0-255,7156,233881,15,251755
12681,0.002298,172.31.36.0-255,66,233947,15,251755
12682,0.004537,74.125.200.0-255,2902,236849,15,251755
12683,0.004542,172.31.36.0-255,66,236915,15,251755
12684,0.00457,74.125.200.0-255,2902,239817,15,251755
12685,0.004573,172.31.36.0-255,66,239883,15,251755
12686,0.006788,74.125.200.0-255,2902,242785,15,251755
12687,0.006792,172.31.36.0-255,66,242851,15,251755
12688,0.006821,74.125.200.0-255,2902,245753,15,251755
12689,0.006824,172.31.36.0-255,66,245819,15,251755
12690,0.009043,74.125.200.0-255,2902,248721,15,251755
12691,0.009051,172.31.36.0-255,66,248787,15,251755
12692,0.009088,74.125.200.0-255,2902,251689,15,251755
12693,0.009092,172.31.36.0-255,66,251755,15,251755
12694,0.0,172.31.36.0-255,66,66,15,66
12695,0.0,172.217.194.0-255,154,154,15,258004
12696,1.9e-05,172.31.36.0-255,66,220,15,258004
12697,2.6e-05,172.217.194.0-255,1484,1704,15,258004
12698,3e-05,172.31.36.0-255,66,1770,15,258004
12699,3.5e-05,172.217.194.0-255,2902,4672,15,258004
12700,3.8e-05,172.31.36.0-255,66,4738,15,258004
12701,4.5e-05,172.217.194.0-255,7156,11894,15,258004
12702,4.7e-05,172.31.36.0-255,66,11960,15,258004
12703,5.2e-05,172.217.194.0-255,2018,13978,15,258004
12704,5.5e-05,172.31.36.0-255,66,14044,15,258004
12705,0.00016,172.217.194.0-255,1484,15528,15,258004
12706,0.000164,172.31.36.0-255,66,15594,15,258004
12707,0.000181,172.217.194.0-255,2902,18496,15,258004
12708,0.000184,172.31.36.0-255,66,18562,15,258004
12709,0.00019,172.217.194.0-255,5738,24300,15,258004
12710,0.000192,172.31.36.0-255,66,24366,15,258004
12711,0.000195,172.217.194.0-255,1484,25850,15,258004
12712,0.000196,172.31.36.0-255,66,25916,15,258004
12713,0.000223,172.217.194.0-255,5379,31295,15,258004
12714,0.000226,172.31.36.0-255,66,31361,15,258004
12715,0.000287,172.217.194.0-255,1484,32845,15,258004
12716,0.000291,172.31.36.0-255,66,32911,15,258004
12717,0.000297,172.217.194.0-255,2902,35813,15,258004
12718,0.000299,172.31.36.0-255,66,35879,15,258004
12719,0.000305,172.217.194.0-255,5738,41617,15,258004
12720,0.000307,172.31.36.0-255,66,41683,15,258004
12721,0.000332,172.217.194.0-255,1484,43167,15,258004
12722,0.000335,172.31.36.0-255,66,43233,15,258004
12723,0.000359,172.217.194.0-255,5379,48612,15,258004
12724,0.000362,172.31.36.0-255,66,48678,15,258004
12725,0.000583,172.217.194.0-255,1484,50162,15,258004
12726,0.000587,172.31.36.0-255,66,50228,15,258004
12727,0.000592,172.217.194.0-255,2902,53130,15,258004
12728,0.000594,172.31.36.0-255,66,53196,15,258004
12729,0.000599,172.217.194.0-255,2902,56098,15,258004
12730,0.000602,172.31.36.0-255,66,56164,15,258004
12731,0.000619,172.217.194.0-255,2902,59066,15,258004
12732,0.000622,172.31.36.0-255,66,59132,15,258004
12733,0.000648,172.217.194.0-255,4320,63452,15,258004
12734,0.000651,172.31.36.0-255,66,63518,15,258004
12735,0.000667,172.217.194.0-255,5379,68897,15,258004
12736,0.000669,172.31.36.0-255,66,68963,15,258004
12737,0.000681,172.31.36.0-255,66,69029,15,258004
12738,0.000697,172.217.194.0-255,1484,70513,15,258004
12739,0.000715,172.217.194.0-255,5379,75892,15,258004
12740,0.000718,172.31.36.0-255,66,75958,15,258004
12741,0.000745,172.217.194.0-255,7156,83114,15,258004
12742,0.000747,172.31.36.0-255,66,83180,15,258004
12743,0.000753,172.217.194.0-255,4320,87500,15,258004
12744,0.000757,172.31.36.0-255,66,87566,15,258004
12745,0.000768,172.217.194.0-255,2543,90109,15,258004
12746,0.000771,172.31.36.0-255,66,90175,15,258004
12747,0.000805,172.217.194.0-255,4320,94495,15,258004
12748,0.000809,172.31.36.0-255,66,94561,15,258004
12749,0.000815,172.217.194.0-255,5738,100299,15,258004
12750,0.000818,172.31.36.0-255,66,100365,15,258004
12751,0.000855,172.217.194.0-255,4320,104685,15,258004
12752,0.000859,172.31.36.0-255,66,104751,15,258004
12753,0.000878,172.217.194.0-255,2529,107280,15,258004
12754,0.000881,172.31.36.0-255,66,107346,15,258004
12755,0.000886,172.217.194.0-255,2902,110248,15,258004
12756,0.000889,172.31.36.0-255,66,110314,15,258004
12757,0.000907,172.217.194.0-255,4320,114634,15,258004
12758,0.00091,172.31.36.0-255,66,114700,15,258004
12759,0.000917,172.217.194.0-255,7156,121856,15,258004
12760,0.000919,172.31.36.0-255,66,121922,15,258004
12761,0.000963,172.217.194.0-255,3602,125524,15,258004
12762,0.000963,172.31.36.0-255,66,125590,15,258004
12763,0.000966,172.31.36.0-255,66,125656,15,258004
12764,0.000996,172.217.194.0-255,4320,129976,15,258004
12765,0.000999,172.31.36.0-255,66,130042,15,258004
12766,0.001004,172.217.194.0-255,2902,132944,15,258004
12767,0.001007,172.31.36.0-255,66,133010,15,258004
12768,0.001025,172.217.194.0-255,7156,140166,15,258004
12769,0.001028,172.31.36.0-255,66,140232,15,258004
12770,0.001034,172.217.194.0-255,5738,145970,15,258004
12771,0.001038,172.31.36.0-255,66,146036,15,258004
12772,0.001068,172.31.36.0-255,66,146102,15,258004
12773,0.001073,172.217.194.0-255,3602,149704,15,258004
12774,0.001076,172.31.36.0-255,66,149770,15,258004
12775,0.001081,172.217.194.0-255,4320,154090,15,258004
12776,0.001083,172.31.36.0-255,66,154156,15,258004
12777,0.001105,172.217.194.0-255,7156,161312,15,258004
12778,0.001108,172.31.36.0-255,66,161378,15,258004
12779,0.001132,172.217.194.0-255,2902,164280,15,258004
12780,0.001136,172.31.36.0-255,66,164346,15,258004
12781,0.001149,172.31.36.0-255,66,164412,15,258004
12782,0.00122,172.31.36.0-255,66,164478,15,258004
12783,0.001228,172.217.194.0-255,7156,171634,15,258004
12784,0.00123,172.31.36.0-255,66,171700,15,258004
12785,0.001236,172.217.194.0-255,5738,177438,15,258004
12786,0.001241,172.31.36.0-255,66,177504,15,258004
12787,0.001252,172.217.194.0-255,2902,180406,15,258004
12788,0.001255,172.31.36.0-255,66,180472,15,258004
12789,0.00126,172.217.194.0-255,2902,183374,15,258004
12790,0.001261,172.31.36.0-255,66,183440,15,258004
12791,0.001284,172.31.36.0-255,66,183506,15,258004
12792,0.0013,172.217.194.0-255,5738,189244,15,258004
12793,0.001302,172.31.36.0-255,66,189310,15,258004
12794,0.001311,172.217.194.0-255,766,190076,15,258004
12795,0.001314,172.217.194.0-255,1484,191560,15,258004
12796,0.001316,172.31.36.0-255,66,191626,15,258004
12797,0.001319,172.217.194.0-255,1484,193110,15,258004
12798,0.001333,172.217.194.0-255,1484,194594,15,258004
12799,0.001336,172.31.36.0-255,66,194660,15,258004
12800,0.001343,172.217.194.0-255,5738,200398,15,258004
12801,0.001346,172.31.36.0-255,66,200464,15,258004
12802,0.001378,172.31.36.0-255,66,200530,15,258004
12803,0.0014,172.217.194.0-255,2902,203432,15,258004
12804,0.001404,172.31.36.0-255,66,203498,15,258004
12805,0.001414,172.31.36.0-255,66,203564,15,258004
12806,0.001418,172.217.194.0-255,2184,205748,15,258004
12807,0.001422,172.31.36.0-255,66,205814,15,258004
12808,0.001441,172.217.194.0-255,2902,208716,15,258004
12809,0.001445,172.31.36.0-255,66,208782,15,258004
12810,0.001469,172.217.194.0-255,7156,215938,15,258004
12811,0.001473,172.31.36.0-255,66,216004,15,258004
12812,0.001478,172.217.194.0-255,4320,220324,15,258004
12813,0.001481,172.31.36.0-255,66,220390,15,258004
12814,0.001504,172.217.194.0-255,1484,221874,15,258004
12815,0.001511,172.217.194.0-255,7156,229030,15,258004
12816,0.001514,172.31.36.0-255,66,229096,15,258004
12817,0.001539,172.217.194.0-255,7156,236252,15,258004
12818,0.001543,172.31.36.0-255,66,236318,15,258004
12819,0.001547,172.217.194.0-255,3602,239920,15,258004
12820,0.00155,172.31.36.0-255,66,239986,15,258004
12821,0.001556,172.217.194.0-255,4320,244306,15,258004
12822,0.001559,172.31.36.0-255,66,244372,15,258004
12823,0.001606,172.31.36.0-255,66,244438,15,258004
12824,0.00162,172.31.36.0-255,66,244504,15,258004
12825,0.001662,172.31.36.0-255,66,244570,15,258004
12826,0.001678,172.217.194.0-255,7156,251726,15,258004
12827,0.00168,172.31.36.0-255,66,251792,15,258004
12828,0.001702,172.217.194.0-255,5738,257530,15,258004
12829,0.001705,172.31.36.0-255,66,257596,15,258004
12830,0.001716,172.31.36.0-255,66,257662,15,258004
12831,0.00172,172.217.194.0-255,105,257767,15,258004
12832,0.0051,172.31.36.0-255,66,257833,15,258004
12833,0.005128,172.31.36.0-255,105,257938,15,258004
12834,0.007384,172.217.194.0-255,66,258004,15,258004
12835,0.0,172.217.194.0-255,153,153,15,141281
12836,1.7e-05,172.31.36.0-255,66,219,15,141281
12837,2.4e-05,172.217.194.0-255,1484,1703,15,141281
12838,2.8e-05,172.31.36.0-255,66,1769,15,141281
12839,4.7e-05,172.217.194.0-255,2902,4671,15,141281
12840,5e-05,172.31.36.0-255,66,4737,15,141281
12841,5.8e-05,172.217.194.0-255,7156,11893,15,141281
12842,6.1e-05,172.31.36.0-255,66,11959,15,141281
12843,6.5e-05,172.217.194.0-255,2082,14041,15,141281
12844,6.8e-05,172.31.36.0-255,66,14107,15,141281
12845,7.3e-05,172.217.194.0-255,2902,17009,15,141281
12846,7.5e-05,172.31.36.0-255,66,17075,15,141281
12847,0.00011,172.217.194.0-255,7156,24231,15,141281
12848,0.000113,172.31.36.0-255,66,24297,15,141281
12849,0.000121,172.217.194.0-255,6797,31094,15,141281
12850,0.000123,172.31.36.0-255,66,31160,15,141281
12851,0.000163,172.217.194.0-255,1484,32644,15,141281
12852,0.000166,172.31.36.0-255,66,32710,15,141281
12853,0.000171,172.217.194.0-255,2902,35612,15,141281
12854,0.000173,172.31.36.0-255,66,35678,15,141281
12855,0.000193,172.217.194.0-255,5738,41416,15,141281
12856,0.000195,172.31.36.0-255,66,41482,15,141281
12857,0.000233,172.31.36.0-255,66,41548,15,141281
12858,0.000264,172.217.194.0-255,7156,48704,15,141281
12859,0.000266,172.31.36.0-255,66,48770,15,141281
12860,0.000289,172.217.194.0-255,5658,54428,15,141281
12861,0.000291,172.31.36.0-255,66,54494,15,141281
12862,0.000294,172.217.194.0-255,119,54613,15,141281
12863,0.000296,172.31.36.0-255,66,54679,15,141281
12864,0.000558,172.217.194.0-255,376,55055,15,141281
12865,0.000564,172.31.36.0-255,66,55121,15,141281
12866,0.000843,172.217.194.0-255,1484,56605,15,141281
12867,0.00085,172.217.194.0-255,2902,59507,15,141281
12868,0.000853,172.31.36.0-255,66,59573,15,141281
12869,0.000876,172.217.194.0-255,5738,65311,15,141281
12870,0.000879,172.31.36.0-255,66,65377,15,141281
12871,0.000885,172.217.194.0-255,4320,69697,15,141281
12872,0.000887,172.31.36.0-255,66,69763,15,141281
12873,0.000908,172.31.36.0-255,66,69829,15,141281
12874,0.000936,172.217.194.0-255,2902,72731,15,141281
12875,0.000938,172.31.36.0-255,66,72797,15,141281
12876,0.000961,172.31.36.0-255,66,72863,15,141281
12877,0.001394,172.217.194.0-255,1484,74347,15,141281
12878,0.001402,172.217.194.0-255,2902,77249,15,141281
12879,0.001406,172.31.36.0-255,66,77315,15,141281
12880,0.001414,172.217.194.0-255,5738,83053,15,141281
12881,0.001416,172.31.36.0-255,66,83119,15,141281
12882,0.001419,172.217.194.0-255,1484,84603,15,141281
12883,0.001445,172.31.36.0-255,66,84669,15,141281
12884,0.001453,172.217.194.0-255,7156,91825,15,141281
12885,0.001455,172.31.36.0-255,66,91891,15,141281
12886,0.001471,172.217.194.0-255,3602,95493,15,141281
12887,0.001473,172.31.36.0-255,66,95559,15,141281
12888,0.002055,172.217.194.0-255,1484,97043,15,141281
12889,0.002065,172.217.194.0-255,2902,99945,15,141281
12890,0.002069,172.31.36.0-255,66,100011,15,141281
12891,0.002077,172.217.194.0-255,5738,105749,15,141281
12892,0.00208,172.31.36.0-255,66,105815,15,141281
12893,0.002085,172.217.194.0-255,2902,108717,15,141281
12894,0.002087,172.31.36.0-255,66,108783,15,141281
12895,0.002118,172.31.36.0-255,66,108849,15,141281
12896,0.002129,172.31.36.0-255,66,108915,15,141281
12897,0.002133,172.217.194.0-255,766,109681,15,141281
12898,0.002258,172.217.194.0-255,1484,111165,15,141281
12899,0.002264,172.31.36.0-255,66,111231,15,141281
12900,0.002269,172.217.194.0-255,2902,114133,15,141281
12901,0.002271,172.31.36.0-255,66,114199,15,141281
12902,0.002278,172.217.194.0-255,5738,119937,15,141281
12903,0.00228,172.31.36.0-255,66,120003,15,141281
12904,0.002315,172.31.36.0-255,66,120069,15,141281
12905,0.002336,172.217.194.0-255,1484,121553,15,141281
12906,0.002347,172.31.36.0-255,66,121619,15,141281
12907,0.002351,172.217.194.0-255,2184,123803,15,141281
12908,0.002353,172.31.36.0-255,66,123869,15,141281
12909,0.00466,172.217.194.0-255,5738,129607,15,141281
12910,0.004664,172.31.36.0-255,66,129673,15,141281
12911,0.007001,172.217.194.0-255,5738,135411,15,141281
12912,0.007006,172.31.36.0-255,66,135477,15,141281
12913,0.009338,172.217.194.0-255,5738,141215,15,141281
12914,0.009346,172.31.36.0-255,66,141281,15,141281
12915,0.0,74.125.130.0-255,153,153,15,300886
12916,2.3e-05,172.31.36.0-255,66,219,15,300886
12917,3e-05,74.125.130.0-255,1484,1703,15,300886
12918,3.4e-05,172.31.36.0-255,66,1769,15,300886
12919,4e-05,74.125.130.0-255,2902,4671,15,300886
12920,4.3e-05,172.31.36.0-255,66,4737,15,300886
12921,4.8e-05,74.125.130.0-255,2902,7639,15,300886
12922,5.1e-05,172.31.36.0-255,66,7705,15,300886
12923,5.8e-05,74.125.130.0-255,4320,12025,15,300886
12924,6.1e-05,172.31.36.0-255,66,12091,15,300886
12925,8.5e-05,74.125.130.0-255,2067,14158,15,300886
12926,8.8e-05,172.31.36.0-255,66,14224,15,300886
12927,9.2e-05,74.125.130.0-255,2902,17126,15,300886
12928,9.5e-05,172.31.36.0-255,66,17192,15,300886
12929,0.000128,74.125.130.0-255,7156,24348,15,300886
12930,0.000131,172.31.36.0-255,66,24414,15,300886
12931,0.000138,74.125.130.0-255,5738,30152,15,300886
12932,0.00014,172.31.36.0-255,66,30218,15,300886
12933,0.000161,74.125.130.0-255,1125,31343,15,300886
12934,0.000163,172.31.36.0-255,66,31409,15,300886
12935,0.000215,74.125.130.0-255,1484,32893,15,300886
12936,0.000218,172.31.36.0-255,66,32959,15,300886
12937,0.00023,74.125.130.0-255,1484,34443,15,300886
12938,0.000233,172.31.36.0-255,66,34509,15,300886
12939,0.000252,74.125.130.0-255,2902,37411,15,300886
12940,0.000254,172.31.36.0-255,66,37477,15,300886
12941,0.000259,74.125.130.0-255,2902,40379,15,300886
12942,0.000261,172.31.36.0-255,66,40445,15,300886
12943,0.000275,74.125.130.0-255,2902,43347,15,300886
12944,0.000277,172.31.36.0-255,66,43413,15,300886
12945,0.000296,74.125.130.0-255,1484,44897,15,300886
12946,0.000298,172.31.36.0-255,66,44963,15,300886
12947,0.000312,74.125.130.0-255,3961,48924,15,300886
12948,0.000315,172.31.36.0-255,66,48990,15,300886
12949,0.000382,74.125.130.0-255,1484,50474,15,300886
12950,0.0004,74.125.130.0-255,2902,53376,15,300886
12951,0.000403,172.31.36.0-255,66,53442,15,300886
12952,0.000421,74.125.130.0-255,5738,59180,15,300886
12953,0.000424,172.31.36.0-255,66,59246,15,300886
12954,0.000427,74.125.130.0-255,1484,60730,15,300886
12955,0.000444,74.125.130.0-255,1484,62214,15,300886
12956,0.000446,172.31.36.0-255,66,62280,15,300886
12957,0.000452,74.125.130.0-255,3961,66241,15,300886
12958,0.000454,172.31.36.0-255,66,66307,15,300886
12959,0.000554,74.125.130.0-255,646,66953,15,300886
12960,0.000584,74.125.130.0-255,1484,68437,15,300886
12961,0.000588,172.31.36.0-255,66,68503,15,300886
12962,0.00061,74.125.130.0-255,2902,71405,15,300886
12963,0.000614,74.125.130.0-255,2902,74307,15,300886
12964,0.000619,172.31.36.0-255,66,74373,15,300886
12965,0.000622,172.31.36.0-255,66,74439,15,300886
12966,0.000632,74.125.130.0-255,2902,77341,15,300886
12967,0.000635,172.31.36.0-255,66,77407,15,300886
12968,0.000643,74.125.130.0-255,6797,84204,15,300886
12969,0.000645,172.31.36.0-255,66,84270,15,300886
12970,0.000756,74.125.130.0-255,1484,85754,15,300886
12971,0.000772,74.125.130.0-255,2902,88656,15,300886
12972,0.000776,172.31.36.0-255,66,88722,15,300886
12973,0.000788,74.125.130.0-255,1484,90206,15,300886
12974,0.000804,74.125.130.0-255,2902,93108,15,300886
12975,0.000806,172.31.36.0-255,66,93174,15,300886
12976,0.000831,74.125.130.0-255,5738,98912,15,300886
12977,0.000837,74.125.130.0-255,4320,103232,15,300886
12978,0.000841,172.31.36.0-255,66,103298,15,300886
12979,0.000844,172.31.36.0-255,66,103364,15,300886
12980,0.000857,74.125.130.0-255,1484,104848,15,300886
12981,0.000864,74.125.130.0-255,7156,112004,15,300886
12982,0.000866,172.31.36.0-255,66,112070,15,300886
12983,0.00089,74.125.130.0-255,4320,116390,15,300886
12984,0.000892,172.31.36.0-255,66,116456,15,300886
12985,0.000911,74.125.130.0-255,2184,118640,15,300886
12986,0.000913,172.31.36.0-255,66,118706,15,300886
12987,0.000921,74.125.130.0-255,7156,125862,15,300886
12988,0.000923,172.31.36.0-255,66,125928,15,300886
12989,0.000943,74.125.130.0-255,4320,130248,15,300886
12990,0.000946,172.31.36.0-255,66,130314,15,300886
12991,0.000964,74.125.130.0-255,4830,135144,15,300886
12992,0.000968,172.31.36.0-255,66,135210,15,300886
12993,0.001109,74.125.130.0-255,1484,136694,15,300886
12994,0.001132,74.125.130.0-255,2902,139596,15,300886
12995,0.001135,172.31.36.0-255,66,139662,15,300886
12996,0.001142,74.125.130.0-255,5738,145400,15,300886
12997,0.001144,172.31.36.0-255,66,145466,15,300886
12998,0.00115,74.125.130.0-255,4320,149786,15,300886
12999,0.001152,172.31.36.0-255,66,149852,15,300886
13000,0.001158,74.125.130.0-255,4320,154172,15,300886
13001,0.00116,172.31.36.0-255,66,154238,15,300886
13002,0.001181,74.125.130.0-255,1484,155722,15,300886
13003,0.001187,74.125.130.0-255,4320,160042,15,300886
13004,0.001189,172.31.36.0-255,66,160108,15,300886
13005,0.001219,74.125.130.0-255,7156,167264,15,300886
13006,0.001222,172.31.36.0-255,66,167330,15,300886
13007,0.001243,74.125.130.0-255,2184,169514,15,300886
13008,0.001247,172.31.36.0-255,66,169580,15,300886
13009,0.001303,74.125.130.0-255,1484,171064,15,300886
13010,0.001323,74.125.130.0-255,2902,173966,15,300886
13011,0.001326,172.31.36.0-255,66,174032,15,300886
13012,0.001349,74.125.130.0-255,5738,179770,15,300886
13013,0.001352,172.31.36.0-255,66,179836,15,300886
13014,0.001357,74.125.130.0-255,2902,182738,15,300886
13015,0.00136,172.31.36.0-255,66,182804,15,300886
13016,0.001378,74.125.130.0-255,5738,188542,15,300886
13017,0.001381,172.31.36.0-255,66,188608,15,300886
13018,0.001406,74.125.130.0-255,4320,192928,15,300886
13019,0.001409,172.31.36.0-255,66,192994,15,300886
13020,0.001422,172.31.36.0-255,66,193060,15,300886
13021,0.001498,74.125.130.0-255,2184,195244,15,300886
13022,0.001501,172.31.36.0-255,66,195310,15,300886
13023,0.001505,74.125.130.0-255,1484,196794,15,300886
13024,0.001508,74.125.130.0-255,1484,198278,15,300886
13025,0.00151,172.31.36.0-255,66,198344,15,300886
13026,0.001533,74.125.130.0-255,1484,199828,15,300886
13027,0.001537,74.125.130.0-255,1484,201312,15,300886
13028,0.001539,172.31.36.0-255,66,201378,15,300886
13029,0.001562,74.125.130.0-255,4320,205698,15,300886
13030,0.001565,172.31.36.0-255,66,205764,15,300886
13031,0.001588,74.125.130.0-255,7156,212920,15,300886
13032,0.001591,172.31.36.0-255,66,212986,15,300886
13033,0.001602,172.31.36.0-255,66,213052,15,300886
13034,0.001613,172.31.36.0-255,66,213118,15,300886
13035,0.001808,74.125.130.0-255,1484,214602,15,300886
13036,0.001822,74.125.130.0-255,2902,217504,15,300886
13037,0.001825,172.31.36.0-255,66,217570,15,300886
13038,0.00185,74.125.130.0-255,5738,223308,15,300886
13039,0.001853,172.31.36.0-255,66,223374,15,300886
13040,0.001862,74.125.130.0-255,2902,226276,15,300886
13041,0.001865,172.31.36.0-255,66,226342,15,300886
13042,0.001889,74.125.130.0-255,4320,230662,15,300886
13043,0.001893,172.31.36.0-255,66,230728,15,300886
13044,0.00191,74.125.130.0-255,2902,233630,15,300886
13045,0.001912,172.31.36.0-255,66,233696,15,300886
13046,0.001942,74.125.130.0-255,7156,240852,15,300886
13047,0.001944,172.31.36.0-255,66,240918,15,300886
13048,0.001964,74.125.130.0-255,1484,242402,15,300886
13049,0.00197,74.125.130.0-255,5020,247422,15,300886
13050,0.001973,172.31.36.0-255,66,247488,15,300886
13051,0.002167,74.125.130.0-255,1484,248972,15,300886
13052,0.002171,74.125.130.0-255,1484,250456,15,300886
13053,0.002176,172.31.36.0-255,66,250522,15,300886
13054,0.002185,74.125.130.0-255,1484,252006,15,300886
13055,0.002188,74.125.130.0-255,1484,253490,15,300886
13056,0.00219,172.31.36.0-255,66,253556,15,300886
13057,0.002217,74.125.130.0-255,4320,257876,15,300886
13058,0.00222,172.31.36.0-255,66,257942,15,300886
13059,0.002226,74.125.130.0-255,5738,263680,15,300886
13060,0.002229,172.31.36.0-255,66,263746,15,300886
13061,0.002242,74.125.130.0-255,1484,265230,15,300886
13062,0.002271,172.31.36.0-255,66,265296,15,300886
13063,0.00229,74.125.130.0-255,1484,266780,15,300886
13064,0.002308,74.125.130.0-255,4320,271100,15,300886
13065,0.002312,172.31.36.0-255,66,271166,15,300886
13066,0.00233,74.125.130.0-255,6438,277604,15,300886
13067,0.002332,172.31.36.0-255,66,277670,15,300886
13068,0.002338,74.125.130.0-255,5738,283408,15,300886
13069,0.002341,172.31.36.0-255,66,283474,15,300886
13070,0.004645,74.125.130.0-255,5738,289212,15,300886
13071,0.004652,172.31.36.0-255,66,289278,15,300886
13072,0.006965,74.125.130.0-255,5738,295016,15,300886
13073,0.006972,172.31.36.0-255,66,295082,15,300886
13074,0.009276,74.125.130.0-255,5738,300820,15,300886
13075,0.009281,172.31.36.0-255,66,300886,15,300886
13076,0.0,74.125.24.0-255,147,147,15,176929
13077,3.6e-05,172.31.36.0-255,66,213,15,176929
13078,4.3e-05,74.125.24.0-255,1484,1697,15,176929
13079,4.8e-05,172.31.36.0-255,66,1763,15,176929
13080,6.2e-05,74.125.24.0-255,2902,4665,15,176929
13081,6.7e-05,172.31.36.0-255,66,4731,15,176929
13082,7.4e-05,74.125.24.0-255,7156,11887,15,176929
13083,7.6e-05,172.31.36.0-255,66,11953,15,176929
13084,8.1e-05,74.125.24.0-255,2001,13954,15,176929
13085,8.3e-05,172.31.36.0-255,66,14020,15,176929
13086,0.000201,74.125.24.0-255,1484,15504,15,176929
13087,0.000205,172.31.36.0-255,66,15570,15,176929
13088,0.000212,74.125.24.0-255,1484,17054,15,176929
13089,0.000214,172.31.36.0-255,66,17120,15,176929
13090,0.000236,74.125.24.0-255,1484,18604,15,176929
13091,0.000243,172.31.36.0-255,66,18670,15,176929
13092,0.000253,74.125.24.0-255,5738,24408,15,176929
13093,0.000256,172.31.36.0-255,66,24474,15,176929
13094,0.000264,74.125.24.0-255,5738,30212,15,176929
13095,0.000266,172.31.36.0-255,66,30278,15,176929
13096,0.000289,74.125.24.0-255,1125,31403,15,176929
13097,0.000297,172.31.36.0-255,66,31469,15,176929
13098,0.000417,74.125.24.0-255,1484,32953,15,176929
13099,0.000422,74.125.24.0-255,2902,35855,15,176929
13100,0.000423,172.31.36.0-255,66,35921,15,176929
13101,0.000428,172.31.36.0-255,66,35987,15,176929
13102,0.000461,74.125.24.0-255,5738,41725,15,176929
13103,0.00047,172.31.36.0-255,66,41791,15,176929
13104,0.000485,172.31.36.0-255,66,41857,15,176929
13105,0.000522,74.125.24.0-255,2543,44400,15,176929
13106,0.000525,172.31.36.0-255,66,44466,15,176929
13107,0.000544,172.31.36.0-255,66,44532,15,176929
13108,0.000547,74.125.24.0-255,396,44928,15,176929
13109,0.000597,74.125.24.0-255,380,45308,15,176929
13110,0.000821,74.125.24.0-255,1484,46792,15,176929
13111,0.000825,172.31.36.0-255,66,46858,15,176929
13112,0.000831,74.125.24.0-255,2902,49760,15,176929
13113,0.000833,172.31.36.0-255,66,49826,15,176929
13114,0.000837,74.125.24.0-255,2902,52728,15,176929
13115,0.00084,172.31.36.0-255,66,52794,15,176929
13116,0.000876,74.125.24.0-255,7156,59950,15,176929
13117,0.000881,74.125.24.0-255,4320,64270,15,176929
13118,0.000881,172.31.36.0-255,66,64336,15,176929
13119,0.000884,172.31.36.0-255,66,64402,15,176929
13120,0.000931,172.31.36.0-255,66,64468,15,176929
13121,0.000937,74.125.24.0-255,3602,68070,15,176929
13122,0.000939,172.31.36.0-255,66,68136,15,176929
13123,0.000967,74.125.24.0-255,1484,69620,15,176929
13124,0.000973,74.125.24.0-255,2902,72522,15,176929
13125,0.000975,172.31.36.0-255,66,72588,15,176929
13126,0.001003,74.125.24.0-255,5738,78326,15,176929
13127,0.001006,172.31.36.0-255,66,78392,15,176929
13128,0.001012,74.125.24.0-255,5738,84130,15,176929
13129,0.001015,172.31.36.0-255,66,84196,15,176929
13130,0.001052,172.31.36.0-255,66,84262,15,176929
13131,0.001083,74.125.24.0-255,5738,90000,15,176929
13132,0.001086,172.31.36.0-255,66,90066,15,176929
13133,0.001089,74.125.24.0-255,766,90832,15,176929
13134,0.001428,172.31.36.0-255,66,90898,15,176929
13135,0.001586,74.125.24.0-255,1484,92382,15,176929
13136,0.001597,74.125.24.0-255,2902,95284,15,176929
13137,0.001601,172.31.36.0-255,66,95350,15,176929
13138,0.001605,74.125.24.0-255,1484,96834,15,176929
13139,0.001637,74.125.24.0-255,4320,101154,15,176929
13140,0.00164,172.31.36.0-255,66,101220,15,176929
13141,0.001661,172.31.36.0-255,66,101286,15,176929
13142,0.001674,172.31.36.0-255,66,101352,15,176929
13143,0.001677,74.125.24.0-255,766,102118,15,176929
13144,0.00175,74.125.24.0-255,1484,103602,15,176929
13145,0.001754,172.31.36.0-255,66,103668,15,176929
13146,0.00176,74.125.24.0-255,2902,106570,15,176929
13147,0.001762,172.31.36.0-255,66,106636,15,176929
13148,0.001792,74.125.24.0-255,5738,112374,15,176929
13149,0.001795,172.31.36.0-255,66,112440,15,176929
13150,0.001802,74.125.24.0-255,7156,119596,15,176929
13151,0.001805,172.31.36.0-255,66,119662,15,176929
13152,0.001838,74.125.24.0-255,5738,125400,15,176929
13153,0.001841,172.31.36.0-255,66,125466,15,176929
13154,0.001853,172.31.36.0-255,66,125532,15,176929
13155,0.001875,172.31.36.0-255,66,125598,15,176929
13156,0.00192,172.31.36.0-255,66,125664,15,176929
13157,0.001931,172.31.36.0-255,66,125730,15,176929
13158,0.001943,74.125.24.0-255,1484,127214,15,176929
13159,0.001947,74.125.24.0-255,2902,130116,15,176929
13160,0.00195,172.31.36.0-255,66,130182,15,176929
13161,0.001956,74.125.24.0-255,5738,135920,15,176929
13162,0.001958,172.31.36.0-255,66,135986,15,176929
13163,0.002001,74.125.24.0-255,5738,141724,15,176929
13164,0.002004,172.31.36.0-255,66,141790,15,176929
13165,0.002053,74.125.24.0-255,2902,144692,15,176929
13166,0.002057,172.31.36.0-255,66,144758,15,176929
13167,0.00208,172.31.36.0-255,66,144824,15,176929
13168,0.002083,74.125.24.0-255,1484,146308,15,176929
13169,0.002088,74.125.24.0-255,2902,149210,15,176929
13170,0.00209,172.31.36.0-255,66,149276,15,176929
13171,0.002096,74.125.24.0-255,4320,153596,15,176929
13172,0.002098,172.31.36.0-255,66,153662,15,176929
13173,0.002118,74.125.24.0-255,1484,155146,15,176929
13174,0.002138,74.125.24.0-255,1484,156630,15,176929
13175,0.002245,172.31.36.0-255,66,156696,15,176929
13176,0.002272,74.125.24.0-255,5738,162434,15,176929
13177,0.002276,74.125.24.0-255,1484,163918,15,176929
13178,0.002277,172.31.36.0-255,66,163984,15,176929
13179,0.002315,74.125.24.0-255,5738,169722,15,176929
13180,0.00232,172.31.36.0-255,66,169788,15,176929
13181,0.002333,74.125.24.0-255,2902,172690,15,176929
13182,0.002343,172.31.36.0-255,66,172756,15,176929
13183,0.002353,74.125.24.0-255,3602,176358,15,176929
13184,0.002361,172.31.36.0-255,66,176424,15,176929
13185,0.002411,172.31.36.0-255,66,176490,15,176929
13186,0.002431,74.125.24.0-255,97,176587,15,176929
13187,0.002434,74.125.24.0-255,105,176692,15,176929
13188,0.002441,172.31.36.0-255,66,176758,15,176929
13189,0.00432,172.31.36.0-255,105,176863,15,176929
13190,0.006868,74.125.24.0-255,66,176929,15,176929
13191,0.0,172.217.194.0-255,143,143,15,217508
13192,2.5e-05,172.31.36.0-255,66,209,15,217508
13193,4.4e-05,172.217.194.0-255,1484,1693,15,217508
13194,4.9e-05,172.31.36.0-255,66,1759,15,217508
13195,5.5e-05,172.217.194.0-255,2902,4661,15,217508
13196,5.7e-05,172.31.36.0-255,66,4727,15,217508
13197,6e-05,172.217.194.0-255,1484,6211,15,217508
13198,6.2e-05,172.31.36.0-255,66,6277,15,217508
13199,8.8e-05,172.217.194.0-255,5738,12015,15,217508
13200,9.1e-05,172.31.36.0-255,66,12081,15,217508
13201,0.000112,172.217.194.0-255,2048,14129,15,217508
13202,0.000114,172.31.36.0-255,66,14195,15,217508
13203,0.000318,172.217.194.0-255,1484,15679,15,217508
13204,0.000325,172.31.36.0-255,66,15745,15,217508
13205,0.000332,172.217.194.0-255,2902,18647,15,217508
13206,0.000335,172.31.36.0-255,66,18713,15,217508
13207,0.000363,172.217.194.0-255,5738,24451,15,217508
13208,0.000368,172.31.36.0-255,66,24517,15,217508
13209,0.000387,172.217.194.0-255,4320,28837,15,217508
13210,0.000392,172.31.36.0-255,66,28903,15,217508
13211,0.000414,172.217.194.0-255,5379,34282,15,217508
13212,0.000419,172.31.36.0-255,66,34348,15,217508
13213,0.000431,172.31.36.0-255,66,34414,15,217508
13214,0.000438,172.217.194.0-255,7156,41570,15,217508
13215,0.00044,172.31.36.0-255,66,41636,15,217508
13216,0.000479,172.31.36.0-255,66,41702,15,217508
13217,0.000482,172.217.194.0-255,376,42078,15,217508
13218,0.000485,172.31.36.0-255,66,42144,15,217508
13219,0.000554,172.217.194.0-255,99,42243,15,217508
13220,0.000559,172.31.36.0-255,66,42309,15,217508
13221,0.000692,172.217.194.0-255,1484,43793,15,217508
13222,0.000698,172.217.194.0-255,2902,46695,15,217508
13223,0.000702,172.31.36.0-255,66,46761,15,217508
13224,0.000706,172.217.194.0-255,1484,48245,15,217508
13225,0.000722,172.217.194.0-255,4320,52565,15,217508
13226,0.000726,172.31.36.0-255,66,52631,15,217508
13227,0.000727,172.217.194.0-255,4320,56951,15,217508
13228,0.00073,172.31.36.0-255,66,57017,15,217508
13229,0.000754,172.217.194.0-255,4320,61337,15,217508
13230,0.000758,172.31.36.0-255,66,61403,15,217508
13231,0.000783,172.217.194.0-255,7156,68559,15,217508
13232,0.000787,172.31.36.0-255,66,68625,15,217508
13233,0.000788,172.217.194.0-255,5738,74363,15,217508
13234,0.00079,172.31.36.0-255,66,74429,15,217508
13235,0.000807,172.217.194.0-255,2184,76613,15,217508
13236,0.00081,172.31.36.0-255,66,76679,15,217508
13237,0.002073,172.217.194.0-255,1484,78163,15,217508
13238,0.002085,172.217.194.0-255,2902,81065,15,217508
13239,0.002089,172.31.36.0-255,66,81131,15,217508
13240,0.002096,172.217.194.0-255,5738,86869,15,217508
13241,0.002099,172.31.36.0-255,66,86935,15,217508
13242,0.002105,172.217.194.0-255,7156,94091,15,217508
13243,0.002108,172.31.36.0-255,66,94157,15,217508
13244,0.002148,172.31.36.0-255,66,94223,15,217508
13245,0.002151,172.217.194.0-255,2184,96407,15,217508
13246,0.002153,172.31.36.0-255,66,96473,15,217508
13247,0.002204,172.217.194.0-255,1484,97957,15,217508
13248,0.002209,172.217.194.0-255,2902,100859,15,217508
13249,0.002211,172.31.36.0-255,66,100925,15,217508
13250,0.002217,172.217.194.0-255,4320,105245,15,217508
13251,0.002219,172.31.36.0-255,66,105311,15,217508
13252,0.002247,172.217.194.0-255,1484,106795,15,217508
13253,0.00226,172.31.36.0-255,66,106861,15,217508
13254,0.002271,172.31.36.0-255,66,106927,15,217508
13255,0.002292,172.217.194.0-255,1484,108411,15,217508
13256,0.002323,172.31.36.0-255,66,108477,15,217508
13257,0.002328,172.217.194.0-255,4320,112797,15,217508
13258,0.00233,172.31.36.0-255,66,112863,15,217508
13259,0.002351,172.217.194.0-255,7156,120019,15,217508
13260,0.002354,172.31.36.0-255,66,120085,15,217508
13261,0.002364,172.217.194.0-255,4320,124405,15,217508
13262,0.002366,172.31.36.0-255,66,124471,15,217508
13263,0.002385,172.31.36.0-255,66,124537,15,217508
13264,0.00241,172.217.194.0-255,1484,126021,15,217508
13265,0.002414,172.217.194.0-255,2902,128923,15,217508
13266,0.002417,172.31.36.0-255,66,128989,15,217508
13267,0.002442,172.217.194.0-255,5738,134727,15,217508
13268,0.002445,172.31.36.0-255,66,134793,15,217508
13269,0.002452,172.217.194.0-255,7156,141949,15,217508
13270,0.002454,172.31.36.0-255,66,142015,15,217508
13271,0.002475,172.217.194.0-255,5738,147753,15,217508
13272,0.002478,172.31.36.0-255,66,147819,15,217508
13273,0.002484,172.217.194.0-255,7156,154975,15,217508
13274,0.002487,172.31.36.0-255,66,155041,15,217508
13275,0.002491,172.217.194.0-255,3602,158643,15,217508
13276,0.002493,172.31.36.0-255,66,158709,15,217508
13277,0.002565,172.217.194.0-255,1484,160193,15,217508
13278,0.00257,172.217.194.0-255,2902,163095,15,217508
13279,0.002573,172.31.36.0-255,66,163161,15,217508
13280,0.002576,172.217.194.0-255,1484,164645,15,217508
13281,0.002596,172.217.194.0-255,4320,168965,15,217508
13282,0.002599,172.31.36.0-255,66,169031,15,217508
13283,0.002644,172.31.36.0-255,66,169097,15,217508
13284,0.002654,172.31.36.0-255,66,169163,15,217508
13285,0.002671,172.217.194.0-255,2184,171347,15,217508
13286,0.002673,172.31.36.0-255,66,171413,15,217508
13287,0.002748,172.217.194.0-255,1484,172897,15,217508
13288,0.002766,172.217.194.0-255,2902,175799,15,217508
13289,0.002772,172.31.36.0-255,66,175865,15,217508
13290,0.002789,172.217.194.0-255,5738,181603,15,217508
13291,0.002792,172.31.36.0-255,66,181669,15,217508
13292,0.00283,172.217.194.0-255,4320,185989,15,217508
13293,0.002832,172.31.36.0-255,66,186055,15,217508
13294,0.00285,172.217.194.0-255,2902,188957,15,217508
13295,0.002852,172.31.36.0-255,66,189023,15,217508
13296,0.002863,172.31.36.0-255,66,189089,15,217508
13297,0.002886,172.217.194.0-255,6438,195527,15,217508
13298,0.002889,172.31.36.0-255,66,195593,15,217508
13299,0.002901,172.31.36.0-255,66,195659,15,217508
13300,0.002919,172.217.194.0-255,4320,199979,15,217508
13301,0.002921,172.31.36.0-255,66,200045,15,217508
13302,0.002933,172.31.36.0-255,66,200111,15,217508
13303,0.002938,172.217.194.0-255,4320,204431,15,217508
13304,0.002941,172.31.36.0-255,66,204497,15,217508
13305,0.002962,172.217.194.0-255,6438,210935,15,217508
13306,0.002965,172.31.36.0-255,66,211001,15,217508
13307,0.00297,172.217.194.0-255,4320,215321,15,217508
13308,0.002972,172.31.36.0-255,66,215387,15,217508
13309,0.002997,172.31.36.0-255,66,215453,15,217508
13310,0.003027,172.217.194.0-255,1484,216937,15,217508
13311,0.003046,172.31.36.0-255,66,217003,15,217508
13312,0.003061,172.31.36.0-255,66,217069,15,217508
13313,0.003063,172.217.194.0-255,97,217166,15,217508
13314,0.003083,172.217.194.0-255,105,217271,15,217508
13315,0.004807,172.31.36.0-255,66,217337,15,217508
13316,0.004842,172.31.36.0-255,105,217442,15,217508
13317,0.007192,172.217.194.0-255,66,217508,15,217508
13318,0.0,74.125.68.0-255,153,153,15,141021
13319,3e-05,172.31.36.0-255,66,219,15,141021
13320,3.7e-05,74.125.68.0-255,1484,1703,15,141021
13321,4.1e-05,172.31.36.0-255,66,1769,15,141021
13322,6.3e-05,74.125.68.0-255,1484,3253,15,141021
13323,6.6e-05,172.31.36.0-255,66,3319,15,141021
13324,8.8e-05,74.125.68.0-255,2902,6221,15,141021
13325,9e-05,172.31.36.0-255,66,6287,15,141021
13326,9.3e-05,74.125.68.0-255,1484,7771,15,141021
13327,9.7e-05,172.31.36.0-255,66,7837,15,141021
13328,0.000114,74.125.68.0-255,4320,12157,15,141021
13329,0.000116,172.31.36.0-255,66,12223,15,141021
13330,0.00012,74.125.68.0-255,1965,14188,15,141021
13331,0.000122,172.31.36.0-255,66,14254,15,141021
13332,0.000206,74.125.68.0-255,1484,15738,15,141021
13333,0.000211,172.31.36.0-255,66,15804,15,141021
13334,0.000215,74.125.68.0-255,1484,17288,15,141021
13335,0.000216,172.31.36.0-255,66,17354,15,141021
13336,0.00023,74.125.68.0-255,1484,18838,15,141021
13337,0.000233,172.31.36.0-255,66,18904,15,141021
13338,0.000239,74.125.68.0-255,4320,23224,15,141021
13339,0.000242,172.31.36.0-255,66,23290,15,141021
13340,0.000274,74.125.68.0-255,1484,24774,15,141021
13341,0.000277,172.31.36.0-255,66,24840,15,141021
13342,0.000301,74.125.68.0-255,6797,31637,15,141021
13343,0.000304,172.31.36.0-255,66,31703,15,141021
13344,0.000308,74.125.68.0-255,2902,34605,15,141021
13345,0.000312,172.31.36.0-255,66,34671,15,141021
13346,0.000349,74.125.68.0-255,5738,40409,15,141021
13347,0.000352,172.31.36.0-255,66,40475,15,141021
13348,0.000363,172.31.36.0-255,66,40541,15,141021
13349,0.000464,74.125.68.0-255,1484,42025,15,141021
13350,0.000484,74.125.68.0-255,2902,44927,15,141021
13351,0.000489,172.31.36.0-255,66,44993,15,141021
13352,0.000495,74.125.68.0-255,4320,49313,15,141021
13353,0.000497,172.31.36.0-255,66,49379,15,141021
13354,0.00055,172.31.36.0-255,66,49445,15,141021
13355,0.002002,74.125.68.0-255,1484,50929,15,141021
13356,0.002013,74.125.68.0-255,2902,53831,15,141021
13357,0.002018,172.31.36.0-255,66,53897,15,141021
13358,0.002046,74.125.68.0-255,2902,56799,15,141021
13359,0.002048,172.31.36.0-255,66,56865,15,141021
13360,0.002065,74.125.68.0-255,2902,59767,15,141021
13361,0.002067,172.31.36.0-255,66,59833,15,141021
13362,0.002079,172.31.36.0-255,66,59899,15,141021
13363,0.002084,74.125.68.0-255,4320,64219,15,141021
13364,0.002086,172.31.36.0-255,66,64285,15,141021
13365,0.00211,74.125.68.0-255,7156,71441,15,141021
13366,0.002112,172.31.36.0-255,66,71507,15,141021
13367,0.002127,74.125.68.0-255,2184,73691,15,141021
13368,0.002129,172.31.36.0-255,66,73757,15,141021
13369,0.00223,74.125.68.0-255,1484,75241,15,141021
13370,0.002234,74.125.68.0-255,1484,76725,15,141021
13371,0.002237,172.31.36.0-255,66,76791,15,141021
13372,0.00225,74.125.68.0-255,1484,78275,15,141021
13373,0.002271,74.125.68.0-255,5738,84013,15,141021
13374,0.002273,172.31.36.0-255,66,84079,15,141021
13375,0.002277,74.125.68.0-255,1484,85563,15,141021
13376,0.002288,74.125.68.0-255,1484,87047,15,141021
13377,0.00229,172.31.36.0-255,66,87113,15,141021
13378,0.002293,74.125.68.0-255,1484,88597,15,141021
13379,0.002326,172.31.36.0-255,66,88663,15,141021
13380,0.002336,172.31.36.0-255,66,88729,15,141021
13381,0.002361,74.125.68.0-255,4320,93049,15,141021
13382,0.002364,172.31.36.0-255,66,93115,15,141021
13383,0.002386,74.125.68.0-255,5020,98135,15,141021
13384,0.002389,172.31.36.0-255,66,98201,15,141021
13385,0.002392,74.125.68.0-255,1484,99685,15,141021
13386,0.00243,172.31.36.0-255,66,99751,15,141021
13387,0.00245,74.125.68.0-255,2902,102653,15,141021
13388,0.002453,172.31.36.0-255,66,102719,15,141021
13389,0.002463,172.31.36.0-255,66,102785,15,141021
13390,0.002507,74.125.68.0-255,2184,104969,15,141021
13391,0.002511,74.125.68.0-255,2902,107871,15,141021
13392,0.002515,172.31.36.0-255,66,107937,15,141021
13393,0.002524,172.31.36.0-255,66,108003,15,141021
13394,0.002527,74.125.68.0-255,1484,109487,15,141021
13395,0.002559,74.125.68.0-255,2902,112389,15,141021
13396,0.002562,172.31.36.0-255,66,112455,15,141021
13397,0.002568,74.125.68.0-255,5738,118193,15,141021
13398,0.00257,172.31.36.0-255,66,118259,15,141021
13399,0.002577,74.125.68.0-255,7156,125415,15,141021
13400,0.00258,172.31.36.0-255,66,125481,15,141021
13401,0.002611,74.125.68.0-255,1484,126965,15,141021
13402,0.00264,172.31.36.0-255,66,127031,15,141021
13403,0.002645,74.125.68.0-255,2184,129215,15,141021
13404,0.002647,172.31.36.0-255,66,129281,15,141021
13405,0.005223,74.125.68.0-255,2902,132183,15,141021
13406,0.005228,172.31.36.0-255,66,132249,15,141021
13407,0.005248,74.125.68.0-255,2902,135151,15,141021
13408,0.005251,172.31.36.0-255,66,135217,15,141021
13409,0.007819,74.125.68.0-255,5738,140955,15,141021
13410,0.007829,172.31.36.0-255,66,141021,15,141021
13411,0.0,74.125.68.0-255,153,153,15,175004
13412,2.5e-05,172.31.36.0-255,66,219,15,175004
13413,3.2e-05,74.125.68.0-255,1484,1703,15,175004
13414,3.7e-05,172.31.36.0-255,66,1769,15,175004
13415,5.1e-05,74.125.68.0-255,2902,4671,15,175004
13416,5.4e-05,172.31.36.0-255,66,4737,15,175004
13417,6.3e-05,74.125.68.0-255,7156,11893,15,175004
13418,6.6e-05,172.31.36.0-255,66,11959,15,175004
13419,7e-05,74.125.68.0-255,2072,14031,15,175004
13420,7.3e-05,172.31.36.0-255,66,14097,15,175004
13421,0.000215,74.125.68.0-255,1484,15581,15,175004
13422,0.00022,172.31.36.0-255,66,15647,15,175004
13423,0.000224,74.125.68.0-255,1484,17131,15,175004
13424,0.000227,172.31.36.0-255,66,17197,15,175004
13425,0.000251,74.125.68.0-255,1484,18681,15,175004
13426,0.000254,172.31.36.0-255,66,18747,15,175004
13427,0.000282,74.125.68.0-255,5738,24485,15,175004
13428,0.000288,172.31.36.0-255,66,24551,15,175004
13429,0.000296,74.125.68.0-255,5738,30289,15,175004
13430,0.000298,172.31.36.0-255,66,30355,15,175004
13431,0.000327,74.125.68.0-255,1125,31480,15,175004
13432,0.000329,172.31.36.0-255,66,31546,15,175004
13433,0.000333,74.125.68.0-255,1484,33030,15,175004
13434,0.000335,172.31.36.0-255,66,33096,15,175004
13435,0.00034,74.125.68.0-255,2902,35998,15,175004
13436,0.000343,172.31.36.0-255,66,36064,15,175004
13437,0.000351,74.125.68.0-255,1484,37548,15,175004
13438,0.000353,172.31.36.0-255,66,37614,15,175004
13439,0.000383,74.125.68.0-255,1484,39098,15,175004
13440,0.000385,172.31.36.0-255,66,39164,15,175004
13441,0.000391,74.125.68.0-255,4320,43484,15,175004
13442,0.000393,172.31.36.0-255,66,43550,15,175004
13443,0.000411,74.125.68.0-255,1484,45034,15,175004
13444,0.000438,74.125.68.0-255,4320,49354,15,175004
13445,0.000446,74.125.68.0-255,7156,56510,15,175004
13446,0.000457,74.125.68.0-255,1484,57994,15,175004
13447,0.000468,74.125.68.0-255,1484,59478,15,175004
13448,0.000483,74.125.68.0-255,2902,62380,15,175004
13449,0.000493,74.125.68.0-255,1484,63864,15,175004
13450,0.000514,74.125.68.0-255,2184,66048,15,175004
13451,0.000539,74.125.68.0-255,676,66724,15,175004
13452,0.000626,172.31.36.0-255,66,66790,15,175004
13453,0.000794,74.125.68.0-255,1484,68274,15,175004
13454,0.00081,74.125.68.0-255,2902,71176,15,175004
13455,0.00083,172.31.36.0-255,66,71242,15,175004
13456,0.000842,74.125.68.0-255,4320,75562,15,175004
13457,0.000851,172.31.36.0-255,66,75628,15,175004
13458,0.000881,74.125.68.0-255,7156,82784,15,175004
13459,0.00089,172.31.36.0-255,66,82850,15,175004
13460,0.000898,74.125.68.0-255,1484,84334,15,175004
13461,0.000931,74.125.68.0-255,7156,91490,15,175004
13462,0.000947,172.31.36.0-255,66,91556,15,175004
13463,0.000952,74.125.68.0-255,2902,94458,15,175004
13464,0.000954,74.125.68.0-255,1484,95942,15,175004
13465,0.00097,172.31.36.0-255,66,96008,15,175004
13466,0.000977,74.125.68.0-255,5020,101028,15,175004
13467,0.001006,172.31.36.0-255,66,101094,15,175004
13468,0.001518,74.125.68.0-255,1484,102578,15,175004
13469,0.001536,74.125.68.0-255,2902,105480,15,175004
13470,0.001542,172.31.36.0-255,66,105546,15,175004
13471,0.001575,74.125.68.0-255,5738,111284,15,175004
13472,0.001578,172.31.36.0-255,66,111350,15,175004
13473,0.001607,74.125.68.0-255,1484,112834,15,175004
13474,0.001618,74.125.68.0-255,2902,115736,15,175004
13475,0.001631,74.125.68.0-255,4320,120056,15,175004
13476,0.001639,172.31.36.0-255,66,120122,15,175004
13477,0.001655,74.125.68.0-255,5020,125142,15,175004
13478,0.001662,172.31.36.0-255,66,125208,15,175004
13479,0.002113,74.125.68.0-255,1484,126692,15,175004
13480,0.002121,74.125.68.0-255,1484,128176,15,175004
13481,0.002124,172.31.36.0-255,66,128242,15,175004
13482,0.002149,74.125.68.0-255,1484,129726,15,175004
13483,0.002155,74.125.68.0-255,5738,135464,15,175004
13484,0.002158,172.31.36.0-255,66,135530,15,175004
13485,0.00219,74.125.68.0-255,7156,142686,15,175004
13486,0.002192,172.31.36.0-255,66,142752,15,175004
13487,0.002229,74.125.68.0-255,2902,145654,15,175004
13488,0.002231,172.31.36.0-255,66,145720,15,175004
13489,0.002257,74.125.68.0-255,5738,151458,15,175004
13490,0.002259,172.31.36.0-255,66,151524,15,175004
13491,0.002269,172.31.36.0-255,66,151590,15,175004
13492,0.002369,74.125.68.0-255,1484,153074,15,175004
13493,0.002373,74.125.68.0-255,1484,154558,15,175004
13494,0.002376,172.31.36.0-255,66,154624,15,175004
13495,0.0024,74.125.68.0-255,1484,156108,15,175004
13496,0.002407,74.125.68.0-255,5738,161846,15,175004
13497,0.002409,172.31.36.0-255,66,161912,15,175004
13498,0.002456,74.125.68.0-255,4320,166232,15,175004
13499,0.002482,74.125.68.0-255,2902,169134,15,175004
13500,0.005481,172.31.36.0-255,66,169200,15,175004
13501,0.008007,74.125.68.0-255,5738,174938,15,175004
13502,0.00802,172.31.36.0-255,66,175004,15,175004
13503,0.0,172.31.36.0-255,66,66,15,66
13504,0.0,172.217.194.0-255,151,151,15,266181
13505,2.2e-05,172.31.36.0-255,66,217,15,266181
13506,2.9e-05,172.217.194.0-255,1484,1701,15,266181
13507,3.3e-05,172.31.36.0-255,66,1767,15,266181
13508,3.9e-05,172.217.194.0-255,2902,4669,15,266181
13509,4.1e-05,172.31.36.0-255,66,4735,15,266181
13510,4.6e-05,172.217.194.0-255,2902,7637,15,266181
13511,4.8e-05,172.31.36.0-255,66,7703,15,266181
13512,7.2e-05,172.217.194.0-255,1484,9187,15,266181
13513,7.4e-05,172.31.36.0-255,66,9253,15,266181
13514,8e-05,172.217.194.0-255,4854,14107,15,266181
13515,8.2e-05,172.31.36.0-255,66,14173,15,266181
13516,0.000104,172.217.194.0-255,4320,18493,15,266181
13517,0.000106,172.31.36.0-255,66,18559,15,266181
13518,0.000109,172.217.194.0-255,1484,20043,15,266181
13519,0.00011,172.31.36.0-255,66,20109,15,266181
13520,0.000131,172.217.194.0-255,4320,24429,15,266181
13521,0.000133,172.31.36.0-255,66,24495,15,266181
13522,0.00019,172.31.36.0-255,66,24561,15,266181
13523,0.000203,172.31.36.0-255,66,24627,15,266181
13524,0.000263,172.217.194.0-255,7156,31783,15,266181
13525,0.000266,172.31.36.0-255,66,31849,15,266181
13526,0.000288,172.217.194.0-255,5738,37587,15,266181
13527,0.00029,172.31.36.0-255,66,37653,15,266181
13528,0.000294,172.217.194.0-255,2902,40555,15,266181
13529,0.000296,172.31.36.0-255,66,40621,15,266181
13530,0.000309,172.217.194.0-255,1716,42337,15,266181
13531,0.000311,172.31.36.0-255,66,42403,15,266181
13532,0.000366,172.217.194.0-255,1484,43887,15,266181
13533,0.000369,172.31.36.0-255,66,43953,15,266181
13534,0.000374,172.217.194.0-255,2902,46855,15,266181
13535,0.000413,172.217.194.0-255,4320,51175,15,266181
13536,0.000426,172.217.194.0-255,1484,52659,15,266181
13537,0.00043,172.217.194.0-255,4320,56979,15,266181
13538,0.00045,172.217.194.0-255,7156,64135,15,266181
13539,0.00047,172.217.194.0-255,4320,68455,15,266181
13540,0.000473,172.217.194.0-255,2902,71357,15,266181
13541,0.000493,172.217.194.0-255,5020,76377,15,266181
13542,0.000519,172.31.36.0-255,66,76443,15,266181
13543,0.000807,172.217.194.0-255,1484,77927,15,266181
13544,0.000812,172.217.194.0-255,2902,80829,15,266181
13545,0.000837,172.217.194.0-255,5738,86567,15,266181
13546,0.00084,172.31.36.0-255,66,86633,15,266181
13547,0.000845,172.31.36.0-255,66,86699,15,266181
13548,0.000855,172.217.194.0-255,1484,88183,15,266181
13549,0.000887,172.217.194.0-255,7156,95339,15,266181
13550,0.000898,172.31.36.0-255,66,95405,15,266181
13551,0.000927,172.217.194.0-255,3602,99007,15,266181
13552,0.000945,172.31.36.0-255,66,99073,15,266181
13553,0.001051,172.217.194.0-255,1484,100557,15,266181
13554,0.001066,172.217.194.0-255,2902,103459,15,266181
13555,0.001069,172.217.194.0-255,1484,104943,15,266181
13556,0.001083,172.31.36.0-255,66,105009,15,266181
13557,0.001087,172.217.194.0-255,2902,107911,15,266181
13558,0.001092,172.31.36.0-255,66,107977,15,266181
13559,0.0011,172.217.194.0-255,1484,109461,15,266181
13560,0.001116,172.217.194.0-255,7156,116617,15,266181
13561,0.001127,172.217.194.0-255,1484,118101,15,266181
13562,0.001135,172.31.36.0-255,66,118167,15,266181
13563,0.001155,172.31.36.0-255,66,118233,15,266181
13564,0.001175,172.217.194.0-255,766,118999,15,266181
13565,0.001318,172.217.194.0-255,1484,120483,15,266181
13566,0.001323,172.31.36.0-255,66,120549,15,266181
13567,0.001329,172.217.194.0-255,2902,123451,15,266181
13568,0.001344,172.217.194.0-255,4320,127771,15,266181
13569,0.001358,172.31.36.0-255,66,127837,15,266181
13570,0.001361,172.217.194.0-255,1484,129321,15,266181
13571,0.0014,172.217.194.0-255,4320,133641,15,266181
13572,0.001408,172.31.36.0-255,66,133707,15,266181
13573,0.001421,172.217.194.0-255,2902,136609,15,266181
13574,0.001426,172.31.36.0-255,66,136675,15,266181
13575,0.001456,172.217.194.0-255,3602,140277,15,266181
13576,0.001465,172.31.36.0-255,66,140343,15,266181
13577,0.00176,172.217.194.0-255,1484,141827,15,266181
13578,0.001766,172.217.194.0-255,2902,144729,15,266181
13579,0.001769,172.31.36.0-255,66,144795,15,266181
13580,0.001816,172.217.194.0-255,5738,150533,15,266181
13581,0.001822,172.31.36.0-255,66,150599,15,266181
13582,0.001839,172.217.194.0-255,7156,157755,15,266181
13583,0.001853,172.217.194.0-255,5738,163493,15,266181
13584,0.00188,172.217.194.0-255,5738,169231,15,266181
13585,0.001886,172.31.36.0-255,66,169297,15,266181
13586,0.001901,172.217.194.0-255,5020,174317,15,266181
13587,0.001923,172.31.36.0-255,66,174383,15,266181
13588,0.002201,172.217.194.0-255,1484,175867,15,266181
13589,0.002223,172.217.194.0-255,2902,178769,15,266181
13590,0.002227,172.31.36.0-255,66,178835,15,266181
13591,0.002253,172.217.194.0-255,5738,184573,15,266181
13592,0.002257,172.217.194.0-255,1484,186057,15,266181
13593,0.002267,172.31.36.0-255,66,186123,15,266181
13594,0.002304,172.217.194.0-255,5738,191861,15,266181
13595,0.002348,172.217.194.0-255,7156,199017,15,266181
13596,0.002366,172.217.194.0-255,5020,204037,15,266181
13597,0.002372,172.217.194.0-255,5738,209775,15,266181
13598,0.002392,172.217.194.0-255,7156,216931,15,266181
13599,0.002399,172.217.194.0-255,5738,222669,15,266181
13600,0.002419,172.217.194.0-255,7156,229825,15,266181
13601,0.002422,172.217.194.0-255,766,230591,15,266181
13602,0.002472,172.217.194.0-255,1484,232075,15,266181
13603,0.002475,172.217.194.0-255,1484,233559,15,266181
13604,0.002487,172.217.194.0-255,2902,236461,15,266181
13605,0.002507,172.217.194.0-255,4320,240781,15,266181
13606,0.002522,172.217.194.0-255,2902,243683,15,266181
13607,0.002525,172.217.194.0-255,1484,245167,15,266181
13608,0.002561,172.217.194.0-255,1484,246651,15,266181
13609,0.002603,172.217.194.0-255,4320,250971,15,266181
13610,0.002622,172.217.194.0-255,3602,254573,15,266181
13611,0.002845,172.31.36.0-255,66,254639,15,266181
13612,0.005515,172.217.194.0-255,5738,260377,15,266181
13613,0.005523,172.31.36.0-255,66,260443,15,266181
13614,0.008167,172.217.194.0-255,5738,266181,15,266181
13615,0.0,74.125.24.0-255,153,153,15,225099
13616,3.6e-05,172.31.36.0-255,66,219,15,225099
13617,4.3e-05,74.125.24.0-255,1484,1703,15,225099
13618,4.8e-05,172.31.36.0-255,66,1769,15,225099
13619,5.3e-05,74.125.24.0-255,2902,4671,15,225099
13620,5.6e-05,172.31.36.0-255,66,4737,15,225099
13621,6.3e-05,74.125.24.0-255,7156,11893,15,225099
13622,6.6e-05,172.31.36.0-255,66,11959,15,225099
13623,7.2e-05,74.125.24.0-255,4883,16842,15,225099
13624,7.5e-05,172.31.36.0-255,66,16908,15,225099
13625,9e-05,172.31.36.0-255,66,16974,15,225099
13626,0.00017,74.125.24.0-255,1484,18458,15,225099
13627,0.000175,172.31.36.0-255,66,18524,15,225099
13628,0.00018,74.125.24.0-255,2902,21426,15,225099
13629,0.000183,172.31.36.0-255,66,21492,15,225099
13630,0.000188,74.125.24.0-255,2902,24394,15,225099
13631,0.00019,172.31.36.0-255,66,24460,15,225099
13632,0.000208,74.125.24.0-255,2902,27362,15,225099
13633,0.000212,172.31.36.0-255,66,27428,15,225099
13634,0.000217,74.125.24.0-255,4320,31748,15,225099
13635,0.000219,172.31.36.0-255,66,31814,15,225099
13636,0.000224,74.125.24.0-255,2902,34716,15,225099
13637,0.000226,172.31.36.0-255,66,34782,15,225099
13638,0.000263,172.31.36.0-255,66,34848,15,225099
13639,0.000271,74.125.24.0-255,7073,41921,15,225099
13640,0.000273,172.31.36.0-255,66,41987,15,225099
13641,0.000308,74.125.24.0-255,132,42119,15,225099
13642,0.000311,172.31.36.0-255,66,42185,15,225099
13643,0.000322,74.125.24.0-255,346,42531,15,225099
13644,0.000324,172.31.36.0-255,66,42597,15,225099
13645,0.000544,74.125.24.0-255,1484,44081,15,225099
13646,0.000551,74.125.24.0-255,2902,46983,15,225099
13647,0.000554,172.31.36.0-255,66,47049,15,225099
13648,0.000558,74.125.24.0-255,1484,48533,15,225099
13649,0.000575,74.125.24.0-255,4320,52853,15,225099
13650,0.000578,172.31.36.0-255,66,52919,15,225099
13651,0.000587,74.125.24.0-255,7156,60075,15,225099
13652,0.000589,172.31.36.0-255,66,60141,15,225099
13653,0.000628,172.31.36.0-255,66,60207,15,225099
13654,0.000632,74.125.24.0-255,2184,62391,15,225099
13655,0.000634,172.31.36.0-255,66,62457,15,225099
13656,0.000863,74.125.24.0-255,1484,63941,15,225099
13657,0.000869,74.125.24.0-255,2902,66843,15,225099
13658,0.000872,172.31.36.0-255,66,66909,15,225099
13659,0.000894,74.125.24.0-255,5738,72647,15,225099
13660,0.000899,172.31.36.0-255,66,72713,15,225099
13661,0.000954,172.31.36.0-255,66,72779,15,225099
13662,0.000978,74.125.24.0-255,4320,77099,15,225099
13663,0.00098,172.31.36.0-255,66,77165,15,225099
13664,0.000987,74.125.24.0-255,5738,82903,15,225099
13665,0.000989,172.31.36.0-255,66,82969,15,225099
13666,0.000995,74.125.24.0-255,5020,87989,15,225099
13667,0.000998,172.31.36.0-255,66,88055,15,225099
13668,0.001086,74.125.24.0-255,1484,89539,15,225099
13669,0.001091,74.125.24.0-255,2902,92441,15,225099
13670,0.001094,172.31.36.0-255,66,92507,15,225099
13671,0.001097,74.125.24.0-255,1484,93991,15,225099
13672,0.001118,74.125.24.0-255,4320,98311,15,225099
13673,0.001121,172.31.36.0-255,66,98377,15,225099
13674,0.001127,74.125.24.0-255,7156,105533,15,225099
13675,0.001129,172.31.36.0-255,66,105599,15,225099
13676,0.001146,74.125.24.0-255,2902,108501,15,225099
13677,0.001148,172.31.36.0-255,66,108567,15,225099
13678,0.001163,74.125.24.0-255,7156,115723,15,225099
13679,0.001166,172.31.36.0-255,66,115789,15,225099
13680,0.00118,74.125.24.0-255,4320,120109,15,225099
13681,0.001183,172.31.36.0-255,66,120175,15,225099
13682,0.001188,74.125.24.0-255,2184,122359,15,225099
13683,0.00119,172.31.36.0-255,66,122425,15,225099
13684,0.001234,74.125.24.0-255,1484,123909,15,225099
13685,0.001239,74.125.24.0-255,2902,126811,15,225099
13686,0.001241,172.31.36.0-255,66,126877,15,225099
13687,0.00126,74.125.24.0-255,4320,131197,15,225099
13688,0.001263,172.31.36.0-255,66,131263,15,225099
13689,0.001284,74.125.24.0-255,1484,132747,15,225099
13690,0.001291,74.125.24.0-255,4320,137067,15,225099
13691,0.001293,172.31.36.0-255,66,137133,15,225099
13692,0.001305,172.31.36.0-255,66,137199,15,225099
13693,0.001334,172.31.36.0-255,66,137265,15,225099
13694,0.001356,74.125.24.0-255,2902,140167,15,225099
13695,0.00136,172.31.36.0-255,66,140233,15,225099
13696,0.001371,74.125.24.0-255,5738,145971,15,225099
13697,0.001374,172.31.36.0-255,66,146037,15,225099
13698,0.00138,74.125.24.0-255,5738,151775,15,225099
13699,0.001383,172.31.36.0-255,66,151841,15,225099
13700,0.001416,172.31.36.0-255,66,151907,15,225099
13701,0.001437,74.125.24.0-255,5738,157645,15,225099
13702,0.001441,74.125.24.0-255,3602,161247,15,225099
13703,0.001441,172.31.36.0-255,66,161313,15,225099
13704,0.001444,172.31.36.0-255,66,161379,15,225099
13705,0.001746,74.125.24.0-255,1484,162863,15,225099
13706,0.001765,74.125.24.0-255,2902,165765,15,225099
13707,0.001769,172.31.36.0-255,66,165831,15,225099
13708,0.001776,74.125.24.0-255,5738,171569,15,225099
13709,0.001778,172.31.36.0-255,66,171635,15,225099
13710,0.001814,74.125.24.0-255,7156,178791,15,225099
13711,0.001818,172.31.36.0-255,66,178857,15,225099
13712,0.001825,74.125.24.0-255,5738,184595,15,225099
13713,0.001829,172.31.36.0-255,66,184661,15,225099
13714,0.001847,172.31.36.0-255,66,184727,15,225099
13715,0.001903,74.125.24.0-255,2184,186911,15,225099
13716,0.001906,172.31.36.0-255,66,186977,15,225099
13717,0.001922,74.125.24.0-255,1484,188461,15,225099
13718,0.001936,74.125.24.0-255,1484,189945,15,225099
13719,0.001939,172.31.36.0-255,66,190011,15,225099
13720,0.001944,74.125.24.0-255,4320,194331,15,225099
13721,0.001946,172.31.36.0-255,66,194397,15,225099
13722,0.001951,74.125.24.0-255,4320,198717,15,225099
13723,0.001954,172.31.36.0-255,66,198783,15,225099
13724,0.001973,74.125.24.0-255,4320,203103,15,225099
13725,0.001976,172.31.36.0-255,66,203169,15,225099
13726,0.00199,74.125.24.0-255,4320,207489,15,225099
13727,0.001993,172.31.36.0-255,66,207555,15,225099
13728,0.002025,74.125.24.0-255,1484,209039,15,225099
13729,0.002027,172.31.36.0-255,66,209105,15,225099
13730,0.004016,74.125.24.0-255,4320,213425,15,225099
13731,0.004023,172.31.36.0-255,66,213491,15,225099
13732,0.006012,74.125.24.0-255,5738,219229,15,225099
13733,0.006021,172.31.36.0-255,66,219295,15,225099
13734,0.008007,74.125.24.0-255,5738,225033,15,225099
13735,0.008024,172.31.36.0-255,66,225099,15,225099
13736,0.0,172.217.194.0-255,150,150,15,209814
13737,1.5e-05,172.31.36.0-255,66,216,15,209814
13738,4.2e-05,172.217.194.0-255,1484,1700,15,209814
13739,4.7e-05,172.31.36.0-255,66,1766,15,209814
13740,5.3e-05,172.217.194.0-255,2902,4668,15,209814
13741,5.7e-05,172.31.36.0-255,66,4734,15,209814
13742,6.4e-05,172.217.194.0-255,5738,10472,15,209814
13743,6.7e-05,172.31.36.0-255,66,10538,15,209814
13744,0.000108,172.217.194.0-255,3505,14043,15,209814
13745,0.00011,172.31.36.0-255,66,14109,15,209814
13746,0.000254,172.217.194.0-255,1484,15593,15,209814
13747,0.00026,172.31.36.0-255,66,15659,15,209814
13748,0.000265,172.217.194.0-255,2902,18561,15,209814
13749,0.000267,172.31.36.0-255,66,18627,15,209814
13750,0.000285,172.217.194.0-255,5738,24365,15,209814
13751,0.000287,172.31.36.0-255,66,24431,15,209814
13752,0.00031,172.217.194.0-255,5738,30169,15,209814
13753,0.000312,172.31.36.0-255,66,30235,15,209814
13754,0.000368,172.31.36.0-255,66,30301,15,209814
13755,0.000387,172.217.194.0-255,2543,32844,15,209814
13756,0.000389,172.31.36.0-255,66,32910,15,209814
13757,0.000402,172.217.194.0-255,1484,34394,15,209814
13758,0.000404,172.31.36.0-255,66,34460,15,209814
13759,0.000436,172.31.36.0-255,66,34526,15,209814
13760,0.000448,172.217.194.0-255,1484,36010,15,209814
13761,0.00045,172.31.36.0-255,66,36076,15,209814
13762,0.000477,172.31.36.0-255,66,36142,15,209814
13763,0.000498,172.217.194.0-255,708,36850,15,209814
13764,0.0005,172.31.36.0-255,66,36916,15,209814
13765,0.000802,172.217.194.0-255,1484,38400,15,209814
13766,0.000808,172.217.194.0-255,1484,39884,15,209814
13767,0.000811,172.31.36.0-255,66,39950,15,209814
13768,0.000829,172.217.194.0-255,1484,41434,15,209814
13769,0.000836,172.217.194.0-255,5738,47172,15,209814
13770,0.000838,172.31.36.0-255,66,47238,15,209814
13771,0.000876,172.31.36.0-255,66,47304,15,209814
13772,0.000888,172.31.36.0-255,66,47370,15,209814
13773,0.000937,172.217.194.0-255,2184,49554,15,209814
13774,0.000939,172.31.36.0-255,66,49620,15,209814
13775,0.001075,172.217.194.0-255,1484,51104,15,209814
13776,0.001104,172.217.194.0-255,2902,54006,15,209814
13777,0.001108,172.31.36.0-255,66,54072,15,209814
13778,0.001138,172.217.194.0-255,2902,56974,15,209814
13779,0.00114,172.31.36.0-255,66,57040,15,209814
13780,0.001162,172.217.194.0-255,2902,59942,15,209814
13781,0.001164,172.31.36.0-255,66,60008,15,209814
13782,0.001171,172.217.194.0-255,7156,67164,15,209814
13783,0.001173,172.31.36.0-255,66,67230,15,209814
13784,0.001179,172.217.194.0-255,4320,71550,15,209814
13785,0.001181,172.31.36.0-255,66,71616,15,209814
13786,0.001211,172.217.194.0-255,7156,78772,15,209814
13787,0.001215,172.31.36.0-255,66,78838,15,209814
13788,0.001234,172.217.194.0-255,5020,83858,15,209814
13789,0.001237,172.31.36.0-255,66,83924,15,209814
13790,0.001285,172.217.194.0-255,1484,85408,15,209814
13791,0.001299,172.217.194.0-255,2902,88310,15,209814
13792,0.001302,172.31.36.0-255,66,88376,15,209814
13793,0.001307,172.217.194.0-255,2902,91278,15,209814
13794,0.001309,172.31.36.0-255,66,91344,15,209814
13795,0.001325,172.217.194.0-255,2902,94246,15,209814
13796,0.001328,172.31.36.0-255,66,94312,15,209814
13797,0.001334,172.217.194.0-255,4320,98632,15,209814
13798,0.001336,172.31.36.0-255,66,98698,15,209814
13799,0.001361,172.217.194.0-255,7156,105854,15,209814
13800,0.001364,172.31.36.0-255,66,105920,15,209814
13801,0.001382,172.217.194.0-255,1484,107404,15,209814
13802,0.001416,172.31.36.0-255,66,107470,15,209814
13803,0.001422,172.217.194.0-255,4320,111790,15,209814
13804,0.001424,172.31.36.0-255,66,111856,15,209814
13805,0.001446,172.31.36.0-255,66,111922,15,209814
13806,0.001457,172.31.36.0-255,66,111988,15,209814
13807,0.00149,172.217.194.0-255,7156,119144,15,209814
13808,0.001493,172.31.36.0-255,66,119210,15,209814
13809,0.0015,172.217.194.0-255,5020,124230,15,209814
13810,0.001502,172.31.36.0-255,66,124296,15,209814
13811,0.002032,172.217.194.0-255,1484,125780,15,209814
13812,0.002038,172.217.194.0-255,1484,127264,15,209814
13813,0.002041,172.31.36.0-255,66,127330,15,209814
13814,0.00206,172.217.194.0-255,1484,128814,15,209814
13815,0.002066,172.217.194.0-255,5738,134552,15,209814
13816,0.002069,172.31.36.0-255,66,134618,15,209814
13817,0.002094,172.217.194.0-255,4320,138938,15,209814
13818,0.002097,172.31.36.0-255,66,139004,15,209814
13819,0.002125,172.31.36.0-255,66,139070,15,209814
13820,0.002133,172.217.194.0-255,7156,146226,15,209814
13821,0.002135,172.31.36.0-255,66,146292,15,209814
13822,0.002163,172.217.194.0-255,5020,151312,15,209814
13823,0.002165,172.31.36.0-255,66,151378,15,209814
13824,0.002171,172.217.194.0-255,4320,155698,15,209814
13825,0.002173,172.31.36.0-255,66,155764,15,209814
13826,0.002187,172.217.194.0-255,1484,157248,15,209814
13827,0.002204,172.217.194.0-255,7156,164404,15,209814
13828,0.002206,172.31.36.0-255,66,164470,15,209814
13829,0.002232,172.217.194.0-255,5738,170208,15,209814
13830,0.002236,172.31.36.0-255,66,170274,15,209814
13831,0.002242,172.217.194.0-255,5738,176012,15,209814
13832,0.002244,172.31.36.0-255,66,176078,15,209814
13833,0.002278,172.31.36.0-255,66,176144,15,209814
13834,0.002327,172.217.194.0-255,1484,177628,15,209814
13835,0.00233,172.217.194.0-255,1484,179112,15,209814
13836,0.002333,172.31.36.0-255,66,179178,15,209814
13837,0.002352,172.217.194.0-255,1484,180662,15,209814
13838,0.002354,172.217.194.0-255,1484,182146,15,209814
13839,0.002357,172.31.36.0-255,66,182212,15,209814
13840,0.002374,172.217.194.0-255,4320,186532,15,209814
13841,0.002376,172.31.36.0-255,66,186598,15,209814
13842,0.002383,172.217.194.0-255,5738,192336,15,209814
13843,0.002385,172.31.36.0-255,66,192402,15,209814
13844,0.00475,172.217.194.0-255,5738,198140,15,209814
13845,0.004757,172.31.36.0-255,66,198206,15,209814
13846,0.007075,172.217.194.0-255,5738,203944,15,209814
13847,0.007085,172.31.36.0-255,66,204010,15,209814
13848,0.009456,172.217.194.0-255,5738,209748,15,209814
13849,0.009465,172.31.36.0-255,66,209814,15,209814
13850,0.0,74.125.24.0-255,146,146,15,181067
13851,3.5e-05,172.31.36.0-255,66,212,15,181067
13852,4.3e-05,74.125.24.0-255,1484,1696,15,181067
13853,4.7e-05,172.31.36.0-255,66,1762,15,181067
13854,5.3e-05,74.125.24.0-255,2902,4664,15,181067
13855,5.6e-05,172.31.36.0-255,66,4730,15,181067
13856,6.4e-05,74.125.24.0-255,7156,11886,15,181067
13857,6.6e-05,172.31.36.0-255,66,11952,15,181067
13858,7e-05,74.125.24.0-255,1993,13945,15,181067
13859,7.2e-05,172.31.36.0-255,66,14011,15,181067
13860,0.00017,74.125.24.0-255,1484,15495,15,181067
13861,0.000173,172.31.36.0-255,66,15561,15,181067
13862,0.000179,74.125.24.0-255,2902,18463,15,181067
13863,0.000183,172.31.36.0-255,66,18529,15,181067
13864,0.000187,74.125.24.0-255,1484,20013,15,181067
13865,0.00019,172.31.36.0-255,66,20079,15,181067
13866,0.00022,74.125.24.0-255,4320,24399,15,181067
13867,0.000223,172.31.36.0-255,66,24465,15,181067
13868,0.000229,74.125.24.0-255,4320,28785,15,181067
13869,0.000232,172.31.36.0-255,66,28851,15,181067
13870,0.000271,172.31.36.0-255,66,28917,15,181067
13871,0.000279,74.125.24.0-255,6797,35714,15,181067
13872,0.000281,172.31.36.0-255,66,35780,15,181067
13873,0.00033,74.125.24.0-255,1484,37264,15,181067
13874,0.000333,172.31.36.0-255,66,37330,15,181067
13875,0.000338,74.125.24.0-255,2902,40232,15,181067
13876,0.00034,172.31.36.0-255,66,40298,15,181067
13877,0.000347,74.125.24.0-255,5738,46036,15,181067
13878,0.000351,172.31.36.0-255,66,46102,15,181067
13879,0.00038,74.125.24.0-255,5738,51840,15,181067
13880,0.000383,172.31.36.0-255,66,51906,15,181067
13881,0.00042,74.125.24.0-255,1457,53363,15,181067
13882,0.000422,172.31.36.0-255,66,53429,15,181067
13883,0.000652,74.125.24.0-255,110,53539,15,181067
13884,0.000656,172.31.36.0-255,66,53605,15,181067
13885,0.00092,74.125.24.0-255,1484,55089,15,181067
13886,0.000926,172.31.36.0-255,66,55155,15,181067
13887,0.000935,74.125.24.0-255,2902,58057,15,181067
13888,0.000937,172.31.36.0-255,66,58123,15,181067
13889,0.000977,74.125.24.0-255,5738,63861,15,181067
13890,0.00098,172.31.36.0-255,66,63927,15,181067
13891,0.000991,172.31.36.0-255,66,63993,15,181067
13892,0.001011,74.125.24.0-255,3961,67954,15,181067
13893,0.001015,172.31.36.0-255,66,68020,15,181067
13894,0.001034,74.125.24.0-255,4320,72340,15,181067
13895,0.001037,172.31.36.0-255,66,72406,15,181067
13896,0.001052,74.125.24.0-255,5379,77785,15,181067
13897,0.001055,172.31.36.0-255,66,77851,15,181067
13898,0.001084,74.125.24.0-255,5738,83589,15,181067
13899,0.001087,172.31.36.0-255,66,83655,15,181067
13900,0.001096,74.125.24.0-255,7156,90811,15,181067
13901,0.001098,172.31.36.0-255,66,90877,15,181067
13902,0.001112,74.125.24.0-255,2902,93779,15,181067
13903,0.001115,172.31.36.0-255,66,93845,15,181067
13904,0.001154,172.31.36.0-255,66,93911,15,181067
13905,0.00116,74.125.24.0-255,4320,98231,15,181067
13906,0.001162,172.31.36.0-255,66,98297,15,181067
13907,0.001194,74.125.24.0-255,2184,100481,15,181067
13908,0.001197,172.31.36.0-255,66,100547,15,181067
13909,0.001226,74.125.24.0-255,2902,103449,15,181067
13910,0.001231,172.31.36.0-255,66,103515,15,181067
13911,0.001235,74.125.24.0-255,2902,106417,15,181067
13912,0.001237,172.31.36.0-255,66,106483,15,181067
13913,0.001248,74.125.24.0-255,1484,107967,15,181067
13914,0.001272,172.31.36.0-255,66,108033,15,181067
13915,0.00129,74.125.24.0-255,4320,112353,15,181067
13916,0.001292,172.31.36.0-255,66,112419,15,181067
13917,0.001309,74.125.24.0-255,7156,119575,15,181067
13918,0.001313,172.31.36.0-255,66,119641,15,181067
13919,0.001329,74.125.24.0-255,1484,121125,15,181067
13920,0.001345,74.125.24.0-255,5020,126145,15,181067
13921,0.001833,74.125.24.0-255,1484,127629,15,181067
13922,0.00184,74.125.24.0-255,2902,130531,15,181067
13923,0.001868,74.125.24.0-255,5738,136269,15,181067
13924,0.001905,74.125.24.0-255,2902,139171,15,181067
13925,0.00196,74.125.24.0-255,2184,141355,15,181067
13926,0.002153,74.125.24.0-255,1484,142839,15,181067
13927,0.002165,74.125.24.0-255,2902,145741,15,181067
13928,0.002194,74.125.24.0-255,5738,151479,15,181067
13929,0.002224,74.125.24.0-255,5738,157217,15,181067
13930,0.002237,74.125.24.0-255,4320,161537,15,181067
13931,0.002243,74.125.24.0-255,5738,167275,15,181067
13932,0.002258,74.125.24.0-255,2902,170177,15,181067
13933,0.002307,74.125.24.0-255,5020,175197,15,181067
13934,0.005919,172.31.36.0-255,66,175263,15,181067
13935,0.008507,74.125.24.0-255,5738,181001,15,181067
13936,0.008514,172.31.36.0-255,66,181067,15,181067
13937,0.0,172.31.36.0-255,238,238,15,304
13938,0.007633,74.125.200.0-255,66,304,15,304
13939,0.0,74.125.24.0-255,218,218,15,163625
13940,3.4e-05,172.31.36.0-255,66,284,15,163625
13941,4.1e-05,74.125.24.0-255,1484,1768,15,163625
13942,4.5e-05,172.31.36.0-255,66,1834,15,163625
13943,5.1e-05,74.125.24.0-255,4320,6154,15,163625
13944,5.4e-05,172.31.36.0-255,66,6220,15,163625
13945,6.5e-05,172.31.36.0-255,66,6286,15,163625
13946,8e-05,172.31.36.0-255,66,6352,15,163625
13947,9.8e-05,74.125.24.0-255,1484,7836,15,163625
13948,0.000101,172.31.36.0-255,66,7902,15,163625
13949,0.000104,74.125.24.0-255,1125,9027,15,163625
13950,0.000106,172.31.36.0-255,66,9093,15,163625
13951,0.000179,74.125.24.0-255,1484,10577,15,163625
13952,0.000183,172.31.36.0-255,66,10643,15,163625
13953,0.000189,74.125.24.0-255,2902,13545,15,163625
13954,0.000192,172.31.36.0-255,66,13611,15,163625
13955,0.000198,74.125.24.0-255,5738,19349,15,163625
13956,0.0002,172.31.36.0-255,66,19415,15,163625
13957,0.000205,74.125.24.0-255,4320,23735,15,163625
13958,0.000207,172.31.36.0-255,66,23801,15,163625
13959,0.000231,74.125.24.0-255,1484,25285,15,163625
13960,0.000233,172.31.36.0-255,66,25351,15,163625
13961,0.000247,74.125.24.0-255,1125,26476,15,163625
13962,0.000248,172.31.36.0-255,66,26542,15,163625
13963,0.000451,74.125.24.0-255,1484,28026,15,163625
13964,0.000456,172.31.36.0-255,66,28092,15,163625
13965,0.000461,74.125.24.0-255,2902,30994,15,163625
13966,0.000464,172.31.36.0-255,66,31060,15,163625
13967,0.000469,74.125.24.0-255,5738,36798,15,163625
13968,0.000471,172.31.36.0-255,66,36864,15,163625
13969,0.000515,74.125.24.0-255,1484,38348,15,163625
13970,0.000534,74.125.24.0-255,5379,43727,15,163625
13971,0.000538,172.31.36.0-255,66,43793,15,163625
13972,0.000558,74.125.24.0-255,7156,50949,15,163625
13973,0.000562,172.31.36.0-255,66,51015,15,163625
13974,0.000567,74.125.24.0-255,4320,55335,15,163625
13975,0.000571,172.31.36.0-255,66,55401,15,163625
13976,0.000584,74.125.24.0-255,2902,58303,15,163625
13977,0.000586,172.31.36.0-255,66,58369,15,163625
13978,0.000637,172.31.36.0-255,66,58435,15,163625
13979,0.000656,74.125.24.0-255,288,58723,15,163625
13980,0.00068,74.125.24.0-255,5379,64102,15,163625
13981,0.000683,172.31.36.0-255,66,64168,15,163625
13982,0.000757,74.125.24.0-255,1484,65652,15,163625
13983,0.000771,74.125.24.0-255,2902,68554,15,163625
13984,0.000774,172.31.36.0-255,66,68620,15,163625
13985,0.000791,74.125.24.0-255,4320,72940,15,163625
13986,0.000795,172.31.36.0-255,66,73006,15,163625
13987,0.00081,74.125.24.0-255,1484,74490,15,163625
13988,0.000828,74.125.24.0-255,5738,80228,15,163625
13989,0.000831,172.31.36.0-255,66,80294,15,163625
13990,0.000848,74.125.24.0-255,575,80869,15,163625
13991,0.000923,74.125.24.0-255,1484,82353,15,163625
13992,0.000927,172.31.36.0-255,66,82419,15,163625
13993,0.000932,74.125.24.0-255,2902,85321,15,163625
13994,0.000934,172.31.36.0-255,66,85387,15,163625
13995,0.000969,74.125.24.0-255,4320,89707,15,163625
13996,0.000972,172.31.36.0-255,66,89773,15,163625
13997,0.00099,74.125.24.0-255,1484,91257,15,163625
13998,0.001002,172.31.36.0-255,66,91323,15,163625
13999,0.001013,172.31.36.0-255,66,91389,15,163625
14000,0.001016,74.125.24.0-255,766,92155,15,163625
14001,0.001462,172.31.36.0-255,66,92221,15,163625
14002,0.001575,74.125.24.0-255,1484,93705,15,163625
14003,0.001584,74.125.24.0-255,2902,96607,15,163625
14004,0.001588,172.31.36.0-255,66,96673,15,163625
14005,0.001595,74.125.24.0-255,5738,102411,15,163625
14006,0.001596,172.31.36.0-255,66,102477,15,163625
14007,0.001627,172.31.36.0-255,66,102543,15,163625
14008,0.001646,74.125.24.0-255,2902,105445,15,163625
14009,0.001649,172.31.36.0-255,66,105511,15,163625
14010,0.001661,172.31.36.0-255,66,105577,15,163625
14011,0.001733,74.125.24.0-255,1484,107061,15,163625
14012,0.001738,74.125.24.0-255,1484,108545,15,163625
14013,0.001741,172.31.36.0-255,66,108611,15,163625
14014,0.001758,74.125.24.0-255,1484,110095,15,163625
14015,0.001764,74.125.24.0-255,5738,115833,15,163625
14016,0.001767,172.31.36.0-255,66,115899,15,163625
14017,0.001798,172.31.36.0-255,66,115965,15,163625
14018,0.001821,74.125.24.0-255,2902,118867,15,163625
14019,0.001824,172.31.36.0-255,66,118933,15,163625
14020,0.001834,172.31.36.0-255,66,118999,15,163625
14021,0.001857,74.125.24.0-255,2184,121183,15,163625
14022,0.00186,172.31.36.0-255,66,121249,15,163625
14023,0.001897,74.125.24.0-255,2902,124151,15,163625
14024,0.0019,172.31.36.0-255,66,124217,15,163625
14025,0.001918,74.125.24.0-255,4320,128537,15,163625
14026,0.001922,172.31.36.0-255,66,128603,15,163625
14027,0.001943,74.125.24.0-255,2902,131505,15,163625
14028,0.001946,172.31.36.0-255,66,131571,15,163625
14029,0.001951,74.125.24.0-255,4320,135891,15,163625
14030,0.001953,172.31.36.0-255,66,135957,15,163625
14031,0.001971,74.125.24.0-255,7156,143113,15,163625
14032,0.001973,172.31.36.0-255,66,143179,15,163625
14033,0.001992,74.125.24.0-255,2902,146081,15,163625
14034,0.001994,172.31.36.0-255,66,146147,15,163625
14035,0.002023,172.31.36.0-255,66,146213,15,163625
14036,0.00435,74.125.24.0-255,5738,151951,15,163625
14037,0.004358,172.31.36.0-255,66,152017,15,163625
14038,0.006719,74.125.24.0-255,5738,157755,15,163625
14039,0.006726,172.31.36.0-255,66,157821,15,163625
14040,0.009091,74.125.24.0-255,5738,163559,15,163625
14041,0.009097,172.31.36.0-255,66,163625,15,163625
14042,0.0,172.31.36.0-255,97,97,15,338
14043,0.00153,172.253.118.0-255,97,194,15,338
14044,0.001542,172.31.36.0-255,78,272,15,338
14045,0.006572,172.253.118.0-255,66,338,15,338
14046,0.0,172.217.194.0-255,153,153,15,96647
14047,2.3e-05,172.31.36.0-255,66,219,15,96647
14048,3.1e-05,172.217.194.0-255,1484,1703,15,96647
14049,3.5e-05,172.31.36.0-255,66,1769,15,96647
14050,4.1e-05,172.217.194.0-255,2902,4671,15,96647
14051,4.4e-05,172.31.36.0-255,66,4737,15,96647
14052,5.2e-05,172.217.194.0-255,7156,11893,15,96647
14053,5.6e-05,172.31.36.0-255,66,11959,15,96647
14054,6e-05,172.217.194.0-255,2110,14069,15,96647
14055,6.4e-05,172.31.36.0-255,66,14135,15,96647
14056,0.000275,172.217.194.0-255,1484,15619,15,96647
14057,0.000281,172.31.36.0-255,66,15685,15,96647
14058,0.000287,172.217.194.0-255,2902,18587,15,96647
14059,0.000291,172.31.36.0-255,66,18653,15,96647
14060,0.000297,172.217.194.0-255,4320,22973,15,96647
14061,0.000299,172.31.36.0-255,66,23039,15,96647
14062,0.00032,172.217.194.0-255,1484,24523,15,96647
14063,0.000322,172.31.36.0-255,66,24589,15,96647
14064,0.000339,172.217.194.0-255,7156,31745,15,96647
14065,0.000342,172.31.36.0-255,66,31811,15,96647
14066,0.000371,172.217.194.0-255,3961,35772,15,96647
14067,0.000374,172.31.36.0-255,66,35838,15,96647
14068,0.000382,172.217.194.0-255,7156,42994,15,96647
14069,0.000384,172.31.36.0-255,66,43060,15,96647
14070,0.0004,172.217.194.0-255,5738,48798,15,96647
14071,0.000403,172.31.36.0-255,66,48864,15,96647
14072,0.000446,172.31.36.0-255,66,48930,15,96647
14073,0.00045,172.217.194.0-255,2184,51114,15,96647
14074,0.000453,172.31.36.0-255,66,51180,15,96647
14075,0.000455,172.217.194.0-255,376,51556,15,96647
14076,0.000457,172.31.36.0-255,66,51622,15,96647
14077,0.000479,172.217.194.0-255,100,51722,15,96647
14078,0.000567,172.217.194.0-255,1484,53206,15,96647
14079,0.000572,172.31.36.0-255,66,53272,15,96647
14080,0.000578,172.217.194.0-255,2902,56174,15,96647
14081,0.000581,172.31.36.0-255,66,56240,15,96647
14082,0.000604,172.217.194.0-255,5738,61978,15,96647
14083,0.000608,172.31.36.0-255,66,62044,15,96647
14084,0.000622,172.31.36.0-255,66,62110,15,96647
14085,0.000628,172.217.194.0-255,4320,66430,15,96647
14086,0.00063,172.31.36.0-255,66,66496,15,96647
14087,0.000658,172.217.194.0-255,4320,70816,15,96647
14088,0.000662,172.31.36.0-255,66,70882,15,96647
14089,0.000682,172.217.194.0-255,2483,73365,15,96647
14090,0.000687,172.31.36.0-255,66,73431,15,96647
14091,0.00298,172.217.194.0-255,5738,79169,15,96647
14092,0.002988,172.31.36.0-255,66,79235,15,96647
14093,0.005283,172.217.194.0-255,5738,84973,15,96647
14094,0.00529,172.31.36.0-255,66,85039,15,96647
14095,0.007581,172.217.194.0-255,5738,90777,15,96647
14096,0.007588,172.31.36.0-255,66,90843,15,96647
14097,0.009886,172.217.194.0-255,5738,96581,15,96647
14098,0.009894,172.31.36.0-255,66,96647,15,96647
14099,0.0,74.125.68.0-255,219,219,15,223033
14100,3.4e-05,172.31.36.0-255,66,285,15,223033
14101,5.2e-05,74.125.68.0-255,1484,1769,15,223033
14102,5.7e-05,172.31.36.0-255,66,1835,15,223033
14103,6.2e-05,74.125.68.0-255,2902,4737,15,223033
14104,6.5e-05,172.31.36.0-255,66,4803,15,223033
14105,6.8e-05,74.125.68.0-255,1484,6287,15,223033
14106,7e-05,172.31.36.0-255,66,6353,15,223033
14107,9.7e-05,74.125.68.0-255,2902,9255,15,223033
14108,9.9e-05,172.31.36.0-255,66,9321,15,223033
14109,0.000141,74.125.68.0-255,2902,12223,15,223033
14110,0.000145,172.31.36.0-255,66,12289,15,223033
14111,0.000163,74.125.68.0-255,1882,14171,15,223033
14112,0.000166,172.31.36.0-255,66,14237,15,223033
14113,0.00017,74.125.68.0-255,1484,15721,15,223033
14114,0.000172,172.31.36.0-255,66,15787,15,223033
14115,0.000187,74.125.68.0-255,2902,18689,15,223033
14116,0.000189,172.31.36.0-255,66,18755,15,223033
14117,0.000218,74.125.68.0-255,5738,24493,15,223033
14118,0.000221,172.31.36.0-255,66,24559,15,223033
14119,0.000226,74.125.68.0-255,4320,28879,15,223033
14120,0.000228,172.31.36.0-255,66,28945,15,223033
14121,0.000252,74.125.68.0-255,2902,31847,15,223033
14122,0.000254,172.31.36.0-255,66,31913,15,223033
14123,0.00026,74.125.68.0-255,4320,36233,15,223033
14124,0.000264,172.31.36.0-255,66,36299,15,223033
14125,0.00028,74.125.68.0-255,4320,40619,15,223033
14126,0.000283,172.31.36.0-255,66,40685,15,223033
14127,0.000288,74.125.68.0-255,4320,45005,15,223033
14128,0.000291,172.31.36.0-255,66,45071,15,223033
14129,0.000348,74.125.68.0-255,1484,46555,15,223033
14130,0.000352,172.31.36.0-255,66,46621,15,223033
14131,0.000374,74.125.68.0-255,2184,48805,15,223033
14132,0.000377,172.31.36.0-255,66,48871,15,223033
14133,0.000382,74.125.68.0-255,4320,53191,15,223033
14134,0.000384,172.31.36.0-255,66,53257,15,223033
14135,0.000389,74.125.68.0-255,4320,57577,15,223033
14136,0.000391,172.31.36.0-255,66,57643,15,223033
14137,0.000398,74.125.68.0-255,5738,63381,15,223033
14138,0.000401,172.31.36.0-255,66,63447,15,223033
14139,0.000428,74.125.68.0-255,2819,66266,15,223033
14140,0.000434,172.31.36.0-255,66,66332,15,223033
14141,0.000568,74.125.68.0-255,1484,67816,15,223033
14142,0.000591,74.125.68.0-255,1484,69300,15,223033
14143,0.000595,172.31.36.0-255,66,69366,15,223033
14144,0.0006,74.125.68.0-255,2902,72268,15,223033
14145,0.000602,172.31.36.0-255,66,72334,15,223033
14146,0.000626,74.125.68.0-255,2902,75236,15,223033
14147,0.000629,172.31.36.0-255,66,75302,15,223033
14148,0.00065,74.125.68.0-255,2902,78204,15,223033
14149,0.000653,172.31.36.0-255,66,78270,15,223033
14150,0.000659,74.125.68.0-255,5670,83940,15,223033
14151,0.000661,172.31.36.0-255,66,84006,15,223033
14152,0.000664,74.125.68.0-255,1484,85490,15,223033
14153,0.000681,74.125.68.0-255,2902,88392,15,223033
14154,0.000684,172.31.36.0-255,66,88458,15,223033
14155,0.000699,74.125.68.0-255,1484,89942,15,223033
14156,0.000703,74.125.68.0-255,1484,91426,15,223033
14157,0.000705,172.31.36.0-255,66,91492,15,223033
14158,0.000727,74.125.68.0-255,2902,94394,15,223033
14159,0.000731,172.31.36.0-255,66,94460,15,223033
14160,0.000737,74.125.68.0-255,5738,100198,15,223033
14161,0.000739,172.31.36.0-255,66,100264,15,223033
14162,0.000781,74.125.68.0-255,1125,101389,15,223033
14163,0.000904,74.125.68.0-255,1484,102873,15,223033
14164,0.000908,74.125.68.0-255,2902,105775,15,223033
14165,0.000909,172.31.36.0-255,66,105841,15,223033
14166,0.000913,172.31.36.0-255,66,105907,15,223033
14167,0.000937,74.125.68.0-255,5738,111645,15,223033
14168,0.000941,172.31.36.0-255,66,111711,15,223033
14169,0.000944,74.125.68.0-255,1484,113195,15,223033
14170,0.000991,74.125.68.0-255,1484,114679,15,223033
14171,0.000995,172.31.36.0-255,66,114745,15,223033
14172,0.001013,74.125.68.0-255,2902,117647,15,223033
14173,0.001016,172.31.36.0-255,66,117713,15,223033
14174,0.001035,74.125.68.0-255,1484,119197,15,223033
14175,0.001058,74.125.68.0-255,4320,123517,15,223033
14176,0.001061,172.31.36.0-255,66,123583,15,223033
14177,0.001065,74.125.68.0-255,1484,125067,15,223033
14178,0.001069,74.125.68.0-255,2902,127969,15,223033
14179,0.001071,172.31.36.0-255,66,128035,15,223033
14180,0.001091,74.125.68.0-255,2902,130937,15,223033
14181,0.001094,172.31.36.0-255,66,131003,15,223033
14182,0.001114,74.125.68.0-255,2902,133905,15,223033
14183,0.001116,172.31.36.0-255,66,133971,15,223033
14184,0.001121,74.125.68.0-255,2184,136155,15,223033
14185,0.001122,172.31.36.0-255,66,136221,15,223033
14186,0.001159,74.125.68.0-255,1484,137705,15,223033
14187,0.001173,74.125.68.0-255,2902,140607,15,223033
14188,0.001175,172.31.36.0-255,66,140673,15,223033
14189,0.001196,74.125.68.0-255,2902,143575,15,223033
14190,0.001199,172.31.36.0-255,66,143641,15,223033
14191,0.001213,74.125.68.0-255,2902,146543,15,223033
14192,0.001216,172.31.36.0-255,66,146609,15,223033
14193,0.001222,74.125.68.0-255,4320,150929,15,223033
14194,0.001224,172.31.36.0-255,66,150995,15,223033
14195,0.001227,74.125.68.0-255,1484,152479,15,223033
14196,0.001253,74.125.68.0-255,4320,156799,15,223033
14197,0.001256,172.31.36.0-255,66,156865,15,223033
14198,0.001294,74.125.68.0-255,1484,158349,15,223033
14199,0.001312,74.125.68.0-255,7156,165505,15,223033
14200,0.001315,172.31.36.0-255,66,165571,15,223033
14201,0.00132,74.125.68.0-255,5020,170591,15,223033
14202,0.001323,172.31.36.0-255,66,170657,15,223033
14203,0.001803,74.125.68.0-255,1484,172141,15,223033
14204,0.001836,74.125.68.0-255,2902,175043,15,223033
14205,0.001842,172.31.36.0-255,66,175109,15,223033
14206,0.001846,74.125.68.0-255,1484,176593,15,223033
14207,0.001888,74.125.68.0-255,2902,179495,15,223033
14208,0.001892,172.31.36.0-255,66,179561,15,223033
14209,0.001896,74.125.68.0-255,1484,181045,15,223033
14210,0.001911,74.125.68.0-255,1484,182529,15,223033
14211,0.001914,172.31.36.0-255,66,182595,15,223033
14212,0.001953,74.125.68.0-255,2902,185497,15,223033
14213,0.001956,172.31.36.0-255,66,185563,15,223033
14214,0.001972,74.125.68.0-255,1484,187047,15,223033
14215,0.00202,74.125.68.0-255,1484,188531,15,223033
14216,0.002024,172.31.36.0-255,66,188597,15,223033
14217,0.002042,74.125.68.0-255,2902,191499,15,223033
14218,0.002044,172.31.36.0-255,66,191565,15,223033
14219,0.002065,74.125.68.0-255,1484,193049,15,223033
14220,0.002082,74.125.68.0-255,2902,195951,15,223033
14221,0.002085,172.31.36.0-255,66,196017,15,223033
14222,0.002091,74.125.68.0-255,5738,201755,15,223033
14223,0.002094,172.31.36.0-255,66,201821,15,223033
14224,0.002098,74.125.68.0-255,1484,203305,15,223033
14225,0.002112,74.125.68.0-255,2184,205489,15,223033
14226,0.002115,172.31.36.0-255,66,205555,15,223033
14227,0.004431,74.125.68.0-255,1484,207039,15,223033
14228,0.004456,74.125.68.0-255,4320,211359,15,223033
14229,0.004461,172.31.36.0-255,66,211425,15,223033
14230,0.006788,74.125.68.0-255,5738,217163,15,223033
14231,0.006792,172.31.36.0-255,66,217229,15,223033
14232,0.009133,74.125.68.0-255,5738,222967,15,223033
14233,0.00914,172.31.36.0-255,66,223033,15,223033
14234,0.0,74.125.24.0-255,153,153,15,96627
14235,2.3e-05,172.31.36.0-255,66,219,15,96627
14236,3.1e-05,74.125.24.0-255,1484,1703,15,96627
14237,3.5e-05,172.31.36.0-255,66,1769,15,96627
14238,5e-05,74.125.24.0-255,2902,4671,15,96627
14239,5.3e-05,172.31.36.0-255,66,4737,15,96627
14240,5.7e-05,74.125.24.0-255,1484,6221,15,96627
14241,5.9e-05,172.31.36.0-255,66,6287,15,96627
14242,9.8e-05,74.125.24.0-255,5738,12025,15,96627
14243,0.000102,172.31.36.0-255,66,12091,15,96627
14244,0.000204,74.125.24.0-255,2054,14145,15,96627
14245,0.000208,172.31.36.0-255,66,14211,15,96627
14246,0.000243,74.125.24.0-255,2902,17113,15,96627
14247,0.000246,172.31.36.0-255,66,17179,15,96627
14248,0.000306,74.125.24.0-255,7156,24335,15,96627
14249,0.000322,172.31.36.0-255,66,24401,15,96627
14250,0.000437,74.125.24.0-255,6797,31198,15,96627
14251,0.000441,172.31.36.0-255,66,31264,15,96627
14252,0.00057,74.125.24.0-255,1484,32748,15,96627
14253,0.000576,172.31.36.0-255,66,32814,15,96627
14254,0.000586,74.125.24.0-255,2902,35716,15,96627
14255,0.000588,172.31.36.0-255,66,35782,15,96627
14256,0.000657,74.125.24.0-255,5738,41520,15,96627
14257,0.000661,172.31.36.0-255,66,41586,15,96627
14258,0.00076,74.125.24.0-255,7156,48742,15,96627
14259,0.000763,172.31.36.0-255,66,48808,15,96627
14260,0.00079,74.125.24.0-255,3961,52769,15,96627
14261,0.000793,172.31.36.0-255,66,52835,15,96627
14262,0.000983,172.31.36.0-255,66,52901,15,96627
14263,0.001005,74.125.24.0-255,3961,56862,15,96627
14264,0.001008,172.31.36.0-255,66,56928,15,96627
14265,0.001193,74.125.24.0-255,367,57295,15,96627
14266,0.001199,74.125.24.0-255,378,57673,15,96627
14267,0.00122,74.125.24.0-255,2902,60575,15,96627
14268,0.001224,172.31.36.0-255,66,60641,15,96627
14269,0.001269,172.31.36.0-255,66,60707,15,96627
14270,0.00155,172.31.36.0-255,66,60773,15,96627
14271,0.001582,74.125.24.0-255,6438,67211,15,96627
14272,0.001585,172.31.36.0-255,66,67277,15,96627
14273,0.0019,172.31.36.0-255,66,67343,15,96627
14274,0.001937,172.31.36.0-255,66,67409,15,96627
14275,0.002547,172.31.36.0-255,66,67475,15,96627
14276,0.002601,172.31.36.0-255,66,67541,15,96627
14277,0.003201,172.31.36.0-255,66,67607,15,96627
14278,0.003262,172.31.36.0-255,66,67673,15,96627
14279,0.004055,74.125.24.0-255,7156,74829,15,96627
14280,0.00406,172.31.36.0-255,66,74895,15,96627
14281,0.004083,74.125.24.0-255,4320,79215,15,96627
14282,0.004086,172.31.36.0-255,66,79281,15,96627
14283,0.004278,74.125.24.0-255,1484,80765,15,96627
14284,0.004319,172.31.36.0-255,66,80831,15,96627
14285,0.005324,74.125.24.0-255,4320,85151,15,96627
14286,0.005592,74.125.24.0-255,5738,90889,15,96627
14287,0.006649,74.125.24.0-255,5738,96627,15,96627
14288,0.0,74.125.130.0-255,153,153,15,269933
14289,2.6e-05,172.31.36.0-255,66,219,15,269933
14290,3.3e-05,74.125.130.0-255,1484,1703,15,269933
14291,3.7e-05,172.31.36.0-255,66,1769,15,269933
14292,4.1e-05,74.125.130.0-255,1484,3253,15,269933
14293,4.4e-05,172.31.36.0-255,66,3319,15,269933
14294,6.7e-05,74.125.130.0-255,1484,4803,15,269933
14295,7e-05,172.31.36.0-255,66,4869,15,269933
14296,8.4e-05,74.125.130.0-255,1484,6353,15,269933
14297,8.6e-05,172.31.36.0-255,66,6419,15,269933
14298,9.3e-05,74.125.130.0-255,4320,10739,15,269933
14299,9.6e-05,172.31.36.0-255,66,10805,15,269933
14300,0.000123,74.125.130.0-255,3420,14225,15,269933
14301,0.000125,172.31.36.0-255,66,14291,15,269933
14302,0.000131,74.125.130.0-255,4320,18611,15,269933
14303,0.000134,172.31.36.0-255,66,18677,15,269933
14304,0.000149,74.125.130.0-255,1484,20161,15,269933
14305,0.000151,172.31.36.0-255,66,20227,15,269933
14306,0.000187,172.31.36.0-255,66,20293,15,269933
14307,0.000191,74.125.130.0-255,2543,22836,15,269933
14308,0.000193,172.31.36.0-255,66,22902,15,269933
14309,0.0003,74.125.130.0-255,1484,24386,15,269933
14310,0.000304,172.31.36.0-255,66,24452,15,269933
14311,0.00031,74.125.130.0-255,2902,27354,15,269933
14312,0.000313,172.31.36.0-255,66,27420,15,269933
14313,0.000316,74.125.130.0-255,1484,28904,15,269933
14314,0.000318,172.31.36.0-255,66,28970,15,269933
14315,0.000346,74.125.130.0-255,2902,31872,15,269933
14316,0.000348,172.31.36.0-255,66,31938,15,269933
14317,0.000351,74.125.130.0-255,1484,33422,15,269933
14318,0.000353,172.31.36.0-255,66,33488,15,269933
14319,0.000371,74.125.130.0-255,4320,37808,15,269933
14320,0.000374,172.31.36.0-255,66,37874,15,269933
14321,0.000379,74.125.130.0-255,2902,40776,15,269933
14322,0.000381,172.31.36.0-255,66,40842,15,269933
14323,0.000411,74.125.130.0-255,7156,47998,15,269933
14324,0.000413,172.31.36.0-255,66,48064,15,269933
14325,0.000467,172.31.36.0-255,66,48130,15,269933
14326,0.00047,74.125.130.0-255,677,48807,15,269933
14327,0.000615,74.125.130.0-255,1484,50291,15,269933
14328,0.000619,172.31.36.0-255,66,50357,15,269933
14329,0.000634,74.125.130.0-255,1484,51841,15,269933
14330,0.000658,74.125.130.0-255,2902,54743,15,269933
14331,0.000661,172.31.36.0-255,66,54809,15,269933
14332,0.000684,74.125.130.0-255,5738,60547,15,269933
14333,0.000687,172.31.36.0-255,66,60613,15,269933
14334,0.000715,74.125.130.0-255,7156,67769,15,269933
14335,0.000718,172.31.36.0-255,66,67835,15,269933
14336,0.000737,74.125.130.0-255,2902,70737,15,269933
14337,0.00074,172.31.36.0-255,66,70803,15,269933
14338,0.000743,74.125.130.0-255,1484,72287,15,269933
14339,0.000762,74.125.130.0-255,2902,75189,15,269933
14340,0.000765,172.31.36.0-255,66,75255,15,269933
14341,0.000788,74.125.130.0-255,4320,79575,15,269933
14342,0.000791,172.31.36.0-255,66,79641,15,269933
14343,0.000811,74.125.130.0-255,3602,83243,15,269933
14344,0.000814,172.31.36.0-255,66,83309,15,269933
14345,0.00093,74.125.130.0-255,1484,84793,15,269933
14346,0.000948,74.125.130.0-255,2902,87695,15,269933
14347,0.000951,172.31.36.0-255,66,87761,15,269933
14348,0.000969,74.125.130.0-255,5738,93499,15,269933
14349,0.000972,172.31.36.0-255,66,93565,15,269933
14350,0.000998,74.125.130.0-255,5738,99303,15,269933
14351,0.001001,172.31.36.0-255,66,99369,15,269933
14352,0.001007,74.125.130.0-255,5738,105107,15,269933
14353,0.001009,172.31.36.0-255,66,105173,15,269933
14354,0.001031,74.125.130.0-255,1484,106657,15,269933
14355,0.001037,74.125.130.0-255,5738,112395,15,269933
14356,0.00104,172.31.36.0-255,66,112461,15,269933
14357,0.00106,74.125.130.0-255,5020,117481,15,269933
14358,0.001064,172.31.36.0-255,66,117547,15,269933
14359,0.001111,74.125.130.0-255,1484,119031,15,269933
14360,0.001115,74.125.130.0-255,2902,121933,15,269933
14361,0.001118,172.31.36.0-255,66,121999,15,269933
14362,0.001133,74.125.130.0-255,2902,124901,15,269933
14363,0.001136,74.125.130.0-255,1484,126385,15,269933
14364,0.001143,172.31.36.0-255,66,126451,15,269933
14365,0.00115,74.125.130.0-255,2902,129353,15,269933
14366,0.001152,172.31.36.0-255,66,129419,15,269933
14367,0.001172,74.125.130.0-255,1484,130903,15,269933
14368,0.001195,74.125.130.0-255,7156,138059,15,269933
14369,0.001198,172.31.36.0-255,66,138125,15,269933
14370,0.001203,74.125.130.0-255,2902,141027,15,269933
14371,0.001205,172.31.36.0-255,66,141093,15,269933
14372,0.00122,74.125.130.0-255,2902,143995,15,269933
14373,0.001222,172.31.36.0-255,66,144061,15,269933
14374,0.001229,74.125.130.0-255,7156,151217,15,269933
14375,0.001232,172.31.36.0-255,66,151283,15,269933
14376,0.001235,74.125.130.0-255,766,152049,15,269933
14377,0.001567,74.125.130.0-255,1484,153533,15,269933
14378,0.001571,172.31.36.0-255,66,153599,15,269933
14379,0.001591,74.125.130.0-255,2902,156501,15,269933
14380,0.001594,172.31.36.0-255,66,156567,15,269933
14381,0.001634,74.125.130.0-255,4320,160887,15,269933
14382,0.001638,172.31.36.0-255,66,160953,15,269933
14383,0.001644,74.125.130.0-255,5738,166691,15,269933
14384,0.001646,172.31.36.0-255,66,166757,15,269933
14385,0.001662,74.125.130.0-255,1484,168241,15,269933
14386,0.001677,74.125.130.0-255,5738,173979,15,269933
14387,0.001681,172.31.36.0-255,66,174045,15,269933
14388,0.001697,74.125.130.0-255,2902,176947,15,269933
14389,0.0017,172.31.36.0-255,66,177013,15,269933
14390,0.001703,74.125.130.0-255,1484,178497,15,269933
14391,0.001707,74.125.130.0-255,2902,181399,15,269933
14392,0.001709,172.31.36.0-255,66,181465,15,269933
14393,0.001747,74.125.130.0-255,5020,186485,15,269933
14394,0.00175,172.31.36.0-255,66,186551,15,269933
14395,0.002285,74.125.130.0-255,1484,188035,15,269933
14396,0.002305,74.125.130.0-255,1484,189519,15,269933
14397,0.002309,172.31.36.0-255,66,189585,15,269933
14398,0.002333,74.125.130.0-255,2902,192487,15,269933
14399,0.002335,172.31.36.0-255,66,192553,15,269933
14400,0.002355,74.125.130.0-255,2902,195455,15,269933
14401,0.002358,172.31.36.0-255,66,195521,15,269933
14402,0.002378,74.125.130.0-255,2902,198423,15,269933
14403,0.002381,172.31.36.0-255,66,198489,15,269933
14404,0.002397,74.125.130.0-255,7156,205645,15,269933
14405,0.002399,172.31.36.0-255,66,205711,15,269933
14406,0.002402,74.125.130.0-255,1484,207195,15,269933
14407,0.002406,74.125.130.0-255,2902,210097,15,269933
14408,0.002409,172.31.36.0-255,66,210163,15,269933
14409,0.002429,74.125.130.0-255,5738,215901,15,269933
14410,0.002432,172.31.36.0-255,66,215967,15,269933
14411,0.002469,74.125.130.0-255,5020,220987,15,269933
14412,0.002471,172.31.36.0-255,66,221053,15,269933
14413,0.002495,74.125.130.0-255,4320,225373,15,269933
14414,0.002497,172.31.36.0-255,66,225439,15,269933
14415,0.002544,74.125.130.0-255,5738,231177,15,269933
14416,0.002546,172.31.36.0-255,66,231243,15,269933
14417,0.002554,74.125.130.0-255,1484,232727,15,269933
14418,0.002572,74.125.130.0-255,7156,239883,15,269933
14419,0.002574,172.31.36.0-255,66,239949,15,269933
14420,0.002599,74.125.130.0-255,4320,244269,15,269933
14421,0.002602,172.31.36.0-255,66,244335,15,269933
14422,0.002625,74.125.130.0-255,5738,250073,15,269933
14423,0.002629,172.31.36.0-255,66,250139,15,269933
14424,0.002646,74.125.130.0-255,1484,251623,15,269933
14425,0.002659,74.125.130.0-255,2902,254525,15,269933
14426,0.002662,172.31.36.0-255,66,254591,15,269933
14427,0.002683,74.125.130.0-255,3602,258193,15,269933
14428,0.002686,172.31.36.0-255,66,258259,15,269933
14429,0.005274,74.125.130.0-255,1484,259743,15,269933
14430,0.005298,74.125.130.0-255,4320,264063,15,269933
14431,0.005305,172.31.36.0-255,66,264129,15,269933
14432,0.007934,74.125.130.0-255,5738,269867,15,269933
14433,0.007946,172.31.36.0-255,66,269933,15,269933
14434,0.0,172.217.194.0-255,208,208,15,176893
14435,2.5e-05,172.31.36.0-255,66,274,15,176893
14436,3.4e-05,172.217.194.0-255,1484,1758,15,176893
14437,3.9e-05,172.31.36.0-255,66,1824,15,176893
14438,4.7e-05,172.217.194.0-255,4320,6144,15,176893
14439,5e-05,172.31.36.0-255,66,6210,15,176893
14440,5.8e-05,172.217.194.0-255,7156,13366,15,176893
14441,6.2e-05,172.31.36.0-255,66,13432,15,176893
14442,8.9e-05,172.31.36.0-255,66,13498,15,176893
14443,0.000109,172.217.194.0-255,1837,15335,15,176893
14444,0.000112,172.31.36.0-255,66,15401,15,176893
14445,0.000127,172.31.36.0-255,66,15467,15,176893
14446,0.000138,172.31.36.0-255,66,15533,15,176893
14447,0.000225,172.217.194.0-255,1484,17017,15,176893
14448,0.000228,172.31.36.0-255,66,17083,15,176893
14449,0.000234,172.217.194.0-255,2902,19985,15,176893
14450,0.000235,172.31.36.0-255,66,20051,15,176893
14451,0.000265,172.217.194.0-255,5738,25789,15,176893
14452,0.000267,172.31.36.0-255,66,25855,15,176893
14453,0.000273,172.217.194.0-255,4320,30175,15,176893
14454,0.000275,172.31.36.0-255,66,30241,15,176893
14455,0.000289,172.217.194.0-255,2798,33039,15,176893
14456,0.000291,172.31.36.0-255,66,33105,15,176893
14457,0.000303,172.217.194.0-255,120,33225,15,176893
14458,0.000306,172.31.36.0-255,66,33291,15,176893
14459,0.000343,172.217.194.0-255,1484,34775,15,176893
14460,0.000346,172.31.36.0-255,66,34841,15,176893
14461,0.000367,172.217.194.0-255,2902,37743,15,176893
14462,0.00037,172.31.36.0-255,66,37809,15,176893
14463,0.000373,172.217.194.0-255,1484,39293,15,176893
14464,0.000393,172.217.194.0-255,5738,45031,15,176893
14465,0.000396,172.31.36.0-255,66,45097,15,176893
14466,0.000415,172.217.194.0-255,2902,47999,15,176893
14467,0.000417,172.31.36.0-255,66,48065,15,176893
14468,0.000436,172.217.194.0-255,2902,50967,15,176893
14469,0.000439,172.31.36.0-255,66,51033,15,176893
14470,0.000474,172.31.36.0-255,66,51099,15,176893
14471,0.000486,172.217.194.0-255,2902,54001,15,176893
14472,0.000489,172.31.36.0-255,66,54067,15,176893
14473,0.000492,172.217.194.0-255,766,54833,15,176893
14474,0.001641,172.217.194.0-255,1484,56317,15,176893
14475,0.001656,172.31.36.0-255,66,56383,15,176893
14476,0.001664,172.217.194.0-255,2902,59285,15,176893
14477,0.001668,172.31.36.0-255,66,59351,15,176893
14478,0.001675,172.217.194.0-255,5738,65089,15,176893
14479,0.001677,172.31.36.0-255,66,65155,15,176893
14480,0.001689,172.31.36.0-255,66,65221,15,176893
14481,0.001708,172.217.194.0-255,2902,68123,15,176893
14482,0.001711,172.31.36.0-255,66,68189,15,176893
14483,0.001747,172.31.36.0-255,66,68255,15,176893
14484,0.001823,172.217.194.0-255,1484,69739,15,176893
14485,0.00183,172.217.194.0-255,2902,72641,15,176893
14486,0.001834,172.31.36.0-255,66,72707,15,176893
14487,0.001841,172.217.194.0-255,5738,78445,15,176893
14488,0.001843,172.31.36.0-255,66,78511,15,176893
14489,0.001856,172.31.36.0-255,66,78577,15,176893
14490,0.001894,172.31.36.0-255,66,78643,15,176893
14491,0.001922,172.31.36.0-255,66,78709,15,176893
14492,0.001927,172.217.194.0-255,4320,83029,15,176893
14493,0.001929,172.31.36.0-255,66,83095,15,176893
14494,0.001957,172.31.36.0-255,66,83161,15,176893
14495,0.00198,172.217.194.0-255,6438,89599,15,176893
14496,0.001983,172.31.36.0-255,66,89665,15,176893
14497,0.002097,172.217.194.0-255,4320,93985,15,176893
14498,0.002112,172.217.194.0-255,1484,95469,15,176893
14499,0.002161,172.217.194.0-255,7156,102625,15,176893
14500,0.002176,172.217.194.0-255,7156,109781,15,176893
14501,0.00218,172.217.194.0-255,2902,112683,15,176893
14502,0.002217,172.217.194.0-255,7156,119839,15,176893
14503,0.002248,172.217.194.0-255,7156,126995,15,176893
14504,0.002267,172.217.194.0-255,7156,134151,15,176893
14505,0.002312,172.217.194.0-255,4320,138471,15,176893
14506,0.002333,172.217.194.0-255,5020,143491,15,176893
14507,0.002337,172.217.194.0-255,2902,146393,15,176893
14508,0.002358,172.217.194.0-255,7156,153549,15,176893
14509,0.002423,172.217.194.0-255,7156,160705,15,176893
14510,0.00247,172.217.194.0-255,1484,162189,15,176893
14511,0.002487,172.217.194.0-255,2902,165091,15,176893
14512,0.00249,172.217.194.0-255,1484,166575,15,176893
14513,0.002513,172.217.194.0-255,4320,170895,15,176893
14514,0.002515,172.217.194.0-255,1484,172379,15,176893
14515,0.002527,172.217.194.0-255,1484,173863,15,176893
14516,0.002566,172.217.194.0-255,1484,175347,15,176893
14517,0.002581,172.217.194.0-255,1270,176617,15,176893
14518,0.002585,172.217.194.0-255,105,176722,15,176893
14519,0.004879,172.31.36.0-255,66,176788,15,176893
14520,0.008145,172.31.36.0-255,105,176893,15,176893
14521,0.0,172.217.160.0-255,218,218,15,114812
14522,1.3e-05,172.31.36.0-255,66,284,15,114812
14523,2e-05,172.217.160.0-255,1484,1768,15,114812
14524,2.4e-05,172.31.36.0-255,66,1834,15,114812
14525,3.1e-05,172.217.160.0-255,4320,6154,15,114812
14526,4e-05,172.31.36.0-255,66,6220,15,114812
14527,4.7e-05,172.217.160.0-255,5738,11958,15,114812
14528,4.9e-05,172.31.36.0-255,66,12024,15,114812
14529,6.2e-05,172.31.36.0-255,66,12090,15,114812
14530,9.5e-05,172.217.160.0-255,6797,18887,15,114812
14531,9.8e-05,172.31.36.0-255,66,18953,15,114812
14532,0.000227,172.217.160.0-255,1484,20437,15,114812
14533,0.000231,172.31.36.0-255,66,20503,15,114812
14534,0.000236,172.217.160.0-255,2902,23405,15,114812
14535,0.000238,172.31.36.0-255,66,23471,15,114812
14536,0.000244,172.217.160.0-255,5738,29209,15,114812
14537,0.00025,172.31.36.0-255,66,29275,15,114812
14538,0.000296,172.217.160.0-255,6797,36072,15,114812
14539,0.000299,172.31.36.0-255,66,36138,15,114812
14540,0.000492,172.217.160.0-255,1484,37622,15,114812
14541,0.000496,172.31.36.0-255,66,37688,15,114812
14542,0.000501,172.217.160.0-255,2902,40590,15,114812
14543,0.000503,172.31.36.0-255,66,40656,15,114812
14544,0.000509,172.217.160.0-255,5738,46394,15,114812
14545,0.000516,172.31.36.0-255,66,46460,15,114812
14546,0.00052,172.217.160.0-255,2902,49362,15,114812
14547,0.000523,172.31.36.0-255,66,49428,15,114812
14548,0.000549,172.217.160.0-255,4266,53694,15,114812
14549,0.000557,172.31.36.0-255,66,53760,15,114812
14550,0.000958,172.217.160.0-255,102,53862,15,114812
14551,0.000963,172.31.36.0-255,66,53928,15,114812
14552,0.001069,172.217.160.0-255,1484,55412,15,114812
14553,0.001076,172.217.160.0-255,2902,58314,15,114812
14554,0.001078,172.31.36.0-255,66,58380,15,114812
14555,0.001085,172.217.160.0-255,4320,62700,15,114812
14556,0.001086,172.31.36.0-255,66,62766,15,114812
14557,0.001108,172.217.160.0-255,1484,64250,15,114812
14558,0.001126,172.217.160.0-255,4320,68570,15,114812
14559,0.001128,172.31.36.0-255,66,68636,15,114812
14560,0.001139,172.217.160.0-255,2543,71179,15,114812
14561,0.001145,172.31.36.0-255,66,71245,15,114812
14562,0.001173,172.217.160.0-255,7156,78401,15,114812
14563,0.001176,172.31.36.0-255,66,78467,15,114812
14564,0.001186,172.31.36.0-255,66,78533,15,114812
14565,0.00123,172.217.160.0-255,1125,79658,15,114812
14566,0.00172,172.217.160.0-255,1484,81142,15,114812
14567,0.001726,172.31.36.0-255,66,81208,15,114812
14568,0.001733,172.217.160.0-255,2902,84110,15,114812
14569,0.001735,172.31.36.0-255,66,84176,15,114812
14570,0.001745,172.217.160.0-255,5738,89914,15,114812
14571,0.001747,172.31.36.0-255,66,89980,15,114812
14572,0.00175,172.217.160.0-255,1484,91464,15,114812
14573,0.00179,172.31.36.0-255,66,91530,15,114812
14574,0.001806,172.31.36.0-255,66,91596,15,114812
14575,0.003726,172.217.160.0-255,5738,97334,15,114812
14576,0.003745,172.31.36.0-255,66,97400,15,114812
14577,0.005659,172.217.160.0-255,5738,103138,15,114812
14578,0.005666,172.31.36.0-255,66,103204,15,114812
14579,0.007582,172.217.160.0-255,5738,108942,15,114812
14580,0.007589,172.31.36.0-255,66,109008,15,114812
14581,0.009506,172.217.160.0-255,5738,114746,15,114812
14582,0.009513,172.31.36.0-255,66,114812,15,114812
14583,0.0,172.217.194.0-255,143,143,15,175722
14584,3.4e-05,172.31.36.0-255,66,209,15,175722
14585,4.2e-05,172.217.194.0-255,1484,1693,15,175722
14586,4.7e-05,172.31.36.0-255,66,1759,15,175722
14587,5.2e-05,172.217.194.0-255,2902,4661,15,175722
14588,5.4e-05,172.31.36.0-255,66,4727,15,175722
14589,6.8e-05,172.217.194.0-255,7156,11883,15,175722
14590,7.1e-05,172.31.36.0-255,66,11949,15,175722
14591,7.5e-05,172.217.194.0-255,2104,14053,15,175722
14592,7.8e-05,172.31.36.0-255,66,14119,15,175722
14593,0.00016,172.217.194.0-255,1484,15603,15,175722
14594,0.000164,172.31.36.0-255,66,15669,15,175722
14595,0.000169,172.217.194.0-255,2902,18571,15,175722
14596,0.000172,172.31.36.0-255,66,18637,15,175722
14597,0.000185,172.217.194.0-255,5738,24375,15,175722
14598,0.000188,172.31.36.0-255,66,24441,15,175722
14599,0.000218,172.217.194.0-255,1484,25925,15,175722
14600,0.000221,172.31.36.0-255,66,25991,15,175722
14601,0.000236,172.217.194.0-255,5379,31370,15,175722
14602,0.000243,172.31.36.0-255,66,31436,15,175722
14603,0.00025,172.217.194.0-255,7156,38592,15,175722
14604,0.000252,172.31.36.0-255,66,38658,15,175722
14605,0.000286,172.217.194.0-255,7156,45814,15,175722
14606,0.00029,172.31.36.0-255,66,45880,15,175722
14607,0.000331,172.31.36.0-255,66,45946,15,175722
14608,0.000348,172.31.36.0-255,66,46012,15,175722
14609,0.00035,172.217.194.0-255,1346,47358,15,175722
14610,0.000354,172.31.36.0-255,66,47424,15,175722
14611,0.000687,172.217.194.0-255,1484,48908,15,175722
14612,0.000692,172.31.36.0-255,66,48974,15,175722
14613,0.000698,172.217.194.0-255,2902,51876,15,175722
14614,0.0007,172.31.36.0-255,66,51942,15,175722
14615,0.000705,172.217.194.0-255,4320,56262,15,175722
14616,0.000713,172.31.36.0-255,66,56328,15,175722
14617,0.000747,172.217.194.0-255,1484,57812,15,175722
14618,0.000753,172.217.194.0-255,4320,62132,15,175722
14619,0.000756,172.31.36.0-255,66,62198,15,175722
14620,0.00079,172.31.36.0-255,66,62264,15,175722
14621,0.000813,172.217.194.0-255,1484,63748,15,175722
14622,0.000826,172.217.194.0-255,1484,65232,15,175722
14623,0.000829,172.31.36.0-255,66,65298,15,175722
14624,0.000853,172.217.194.0-255,6438,71736,15,175722
14625,0.000856,172.31.36.0-255,66,71802,15,175722
14626,0.000947,172.217.194.0-255,1484,73286,15,175722
14627,0.000963,172.217.194.0-255,2902,76188,15,175722
14628,0.000966,172.31.36.0-255,66,76254,15,175722
14629,0.000995,172.217.194.0-255,1484,77738,15,175722
14630,0.000999,172.217.194.0-255,2902,80640,15,175722
14631,0.001002,172.31.36.0-255,66,80706,15,175722
14632,0.001008,172.217.194.0-255,5738,86444,15,175722
14633,0.001011,172.31.36.0-255,66,86510,15,175722
14634,0.001044,172.31.36.0-255,66,86576,15,175722
14635,0.001047,172.217.194.0-255,1484,88060,15,175722
14636,0.001092,172.217.194.0-255,5020,93080,15,175722
14637,0.001097,172.31.36.0-255,66,93146,15,175722
14638,0.00119,172.217.194.0-255,1484,94630,15,175722
14639,0.001195,172.217.194.0-255,2902,97532,15,175722
14640,0.001198,172.31.36.0-255,66,97598,15,175722
14641,0.001224,172.217.194.0-255,5738,103336,15,175722
14642,0.001227,172.31.36.0-255,66,103402,15,175722
14643,0.00126,172.31.36.0-255,66,103468,15,175722
14644,0.001287,172.217.194.0-255,4320,107788,15,175722
14645,0.00129,172.31.36.0-255,66,107854,15,175722
14646,0.001302,172.217.194.0-255,1484,109338,15,175722
14647,0.001319,172.217.194.0-255,1484,110822,15,175722
14648,0.001322,172.31.36.0-255,66,110888,15,175722
14649,0.001355,172.31.36.0-255,66,110954,15,175722
14650,0.002061,172.217.194.0-255,1484,112438,15,175722
14651,0.002072,172.217.194.0-255,2902,115340,15,175722
14652,0.002076,172.31.36.0-255,66,115406,15,175722
14653,0.002082,172.217.194.0-255,2902,118308,15,175722
14654,0.002084,172.31.36.0-255,66,118374,15,175722
14655,0.002111,172.217.194.0-255,2902,121276,15,175722
14656,0.002119,172.31.36.0-255,66,121342,15,175722
14657,0.002131,172.31.36.0-255,66,121408,15,175722
14658,0.002135,172.217.194.0-255,1484,122892,15,175722
14659,0.002161,172.217.194.0-255,2902,125794,15,175722
14660,0.002163,172.31.36.0-255,66,125860,15,175722
14661,0.002208,172.31.36.0-255,66,125926,15,175722
14662,0.002215,172.217.194.0-255,7156,133082,15,175722
14663,0.002217,172.31.36.0-255,66,133148,15,175722
14664,0.002256,172.31.36.0-255,66,133214,15,175722
14665,0.002301,172.217.194.0-255,4320,137534,15,175722
14666,0.002304,172.31.36.0-255,66,137600,15,175722
14667,0.00233,172.217.194.0-255,5738,143338,15,175722
14668,0.002334,172.31.36.0-255,66,143404,15,175722
14669,0.002354,172.31.36.0-255,66,143470,15,175722
14670,0.002367,172.31.36.0-255,66,143536,15,175722
14671,0.002369,172.217.194.0-255,1484,145020,15,175722
14672,0.002373,172.217.194.0-255,2902,147922,15,175722
14673,0.002376,172.31.36.0-255,66,147988,15,175722
14674,0.002379,172.217.194.0-255,1484,149472,15,175722
14675,0.002391,172.217.194.0-255,4320,153792,15,175722
14676,0.002394,172.31.36.0-255,66,153858,15,175722
14677,0.0024,172.217.194.0-255,5738,159596,15,175722
14678,0.002402,172.31.36.0-255,66,159662,15,175722
14679,0.004812,172.217.194.0-255,5738,165400,15,175722
14680,0.004817,172.31.36.0-255,66,165466,15,175722
14681,0.007191,172.217.194.0-255,4320,169786,15,175722
14682,0.007198,172.31.36.0-255,66,169852,15,175722
14683,0.007228,172.217.194.0-255,1484,171336,15,175722
14684,0.00958,172.217.194.0-255,4320,175656,15,175722
14685,0.009588,172.31.36.0-255,66,175722,15,175722
14686,0.0,74.125.24.0-255,153,153,15,155049
14687,2.2e-05,172.31.36.0-255,66,219,15,155049
14688,2.9e-05,74.125.24.0-255,1484,1703,15,155049
14689,3.4e-05,172.31.36.0-255,66,1769,15,155049
14690,4.8e-05,74.125.24.0-255,2902,4671,15,155049
14691,5.2e-05,172.31.36.0-255,66,4737,15,155049
14692,6.1e-05,74.125.24.0-255,7156,11893,15,155049
14693,6.4e-05,172.31.36.0-255,66,11959,15,155049
14694,6.9e-05,74.125.24.0-255,2037,13996,15,155049
14695,7.1e-05,172.31.36.0-255,66,14062,15,155049
14696,0.000111,172.31.36.0-255,66,14128,15,155049
14697,0.000114,74.125.24.0-255,1484,15612,15,155049
14698,0.000116,172.31.36.0-255,66,15678,15,155049
14699,0.000153,172.31.36.0-255,66,15744,15,155049
14700,0.00019,172.31.36.0-255,66,15810,15,155049
14701,0.000215,74.125.24.0-255,4320,20130,15,155049
14702,0.000218,172.31.36.0-255,66,20196,15,155049
14703,0.000243,74.125.24.0-255,4320,24516,15,155049
14704,0.000246,172.31.36.0-255,66,24582,15,155049
14705,0.000279,74.125.24.0-255,5738,30320,15,155049
14706,0.000284,172.31.36.0-255,66,30386,15,155049
14707,0.000309,74.125.24.0-255,2899,33285,15,155049
14708,0.000312,172.31.36.0-255,66,33351,15,155049
14709,0.00055,74.125.24.0-255,1484,34835,15,155049
14710,0.000558,172.31.36.0-255,66,34901,15,155049
14711,0.000564,74.125.24.0-255,2902,37803,15,155049
14712,0.000567,172.31.36.0-255,66,37869,15,155049
14713,0.00058,74.125.24.0-255,4320,42189,15,155049
14714,0.000584,172.31.36.0-255,66,42255,15,155049
14715,0.000608,74.125.24.0-255,2902,45157,15,155049
14716,0.000611,172.31.36.0-255,66,45223,15,155049
14717,0.00065,74.125.24.0-255,5738,50961,15,155049
14718,0.000655,172.31.36.0-255,66,51027,15,155049
14719,0.000668,172.31.36.0-255,66,51093,15,155049
14720,0.000698,74.125.24.0-255,1484,52577,15,155049
14721,0.000703,74.125.24.0-255,1484,54061,15,155049
14722,0.000706,172.31.36.0-255,66,54127,15,155049
14723,0.000738,74.125.24.0-255,1484,55611,15,155049
14724,0.000745,74.125.24.0-255,5738,61349,15,155049
14725,0.000749,172.31.36.0-255,66,61415,15,155049
14726,0.000761,172.31.36.0-255,66,61481,15,155049
14727,0.000781,74.125.24.0-255,1484,62965,15,155049
14728,0.000793,172.31.36.0-255,66,63031,15,155049
14729,0.000812,74.125.24.0-255,2184,65215,15,155049
14730,0.000814,172.31.36.0-255,66,65281,15,155049
14731,0.000818,74.125.24.0-255,2902,68183,15,155049
14732,0.00082,172.31.36.0-255,66,68249,15,155049
14733,0.000846,172.31.36.0-255,66,68315,15,155049
14734,0.000849,74.125.24.0-255,1484,69799,15,155049
14735,0.000892,172.31.36.0-255,66,69865,15,155049
14736,0.000908,172.31.36.0-255,66,69931,15,155049
14737,0.000951,172.31.36.0-255,66,69997,15,155049
14738,0.001192,74.125.24.0-255,1484,71481,15,155049
14739,0.001212,74.125.24.0-255,2902,74383,15,155049
14740,0.001216,172.31.36.0-255,66,74449,15,155049
14741,0.001244,74.125.24.0-255,4320,78769,15,155049
14742,0.001248,172.31.36.0-255,66,78835,15,155049
14743,0.001253,74.125.24.0-255,2902,81737,15,155049
14744,0.001256,172.31.36.0-255,66,81803,15,155049
14745,0.001281,74.125.24.0-255,2902,84705,15,155049
14746,0.001284,172.31.36.0-255,66,84771,15,155049
14747,0.00129,74.125.24.0-255,4320,89091,15,155049
14748,0.001292,172.31.36.0-255,66,89157,15,155049
14749,0.001319,74.125.24.0-255,4320,93477,15,155049
14750,0.001322,172.31.36.0-255,66,93543,15,155049
14751,0.001376,172.31.36.0-255,66,93609,15,155049
14752,0.001856,74.125.24.0-255,1484,95093,15,155049
14753,0.001864,74.125.24.0-255,2902,97995,15,155049
14754,0.001869,172.31.36.0-255,66,98061,15,155049
14755,0.001874,74.125.24.0-255,2902,100963,15,155049
14756,0.001876,172.31.36.0-255,66,101029,15,155049
14757,0.001898,74.125.24.0-255,2902,103931,15,155049
14758,0.001901,172.31.36.0-255,66,103997,15,155049
14759,0.001906,74.125.24.0-255,5738,109735,15,155049
14760,0.001908,172.31.36.0-255,66,109801,15,155049
14761,0.001911,74.125.24.0-255,1484,111285,15,155049
14762,0.001954,172.31.36.0-255,66,111351,15,155049
14763,0.001961,74.125.24.0-255,5020,116371,15,155049
14764,0.001962,172.31.36.0-255,66,116437,15,155049
14765,0.002048,74.125.24.0-255,1484,117921,15,155049
14766,0.002052,74.125.24.0-255,2902,120823,15,155049
14767,0.002058,172.31.36.0-255,66,120889,15,155049
14768,0.002102,74.125.24.0-255,2902,123791,15,155049
14769,0.002105,172.31.36.0-255,66,123857,15,155049
14770,0.002136,74.125.24.0-255,2902,126759,15,155049
14771,0.002139,172.31.36.0-255,66,126825,15,155049
14772,0.002152,172.31.36.0-255,66,126891,15,155049
14773,0.002157,74.125.24.0-255,5738,132629,15,155049
14774,0.002159,172.31.36.0-255,66,132695,15,155049
14775,0.00217,172.31.36.0-255,66,132761,15,155049
14776,0.002215,172.31.36.0-255,66,132827,15,155049
14777,0.00223,172.31.36.0-255,66,132893,15,155049
14778,0.002272,74.125.24.0-255,6438,139331,15,155049
14779,0.002276,172.31.36.0-255,66,139397,15,155049
14780,0.002289,172.31.36.0-255,66,139463,15,155049
14781,0.002295,74.125.24.0-255,5738,145201,15,155049
14782,0.002297,172.31.36.0-255,66,145267,15,155049
14783,0.002351,172.31.36.0-255,66,145333,15,155049
14784,0.002364,172.31.36.0-255,66,145399,15,155049
14785,0.002368,74.125.24.0-255,2902,148301,15,155049
14786,0.00237,172.31.36.0-255,66,148367,15,155049
14787,0.002416,172.31.36.0-255,66,148433,15,155049
14788,0.002422,74.125.24.0-255,6111,154544,15,155049
14789,0.002424,172.31.36.0-255,66,154610,15,155049
14790,0.002427,74.125.24.0-255,97,154707,15,155049
14791,0.002496,74.125.24.0-255,105,154812,15,155049
14792,0.004534,172.31.36.0-255,66,154878,15,155049
14793,0.004572,172.31.36.0-255,105,154983,15,155049
14794,0.006807,74.125.24.0-255,66,155049,15,155049
14795,0.0,172.217.194.0-255,152,152,15,147712
14796,2.4e-05,172.31.36.0-255,66,218,15,147712
14797,3.1e-05,172.217.194.0-255,1484,1702,15,147712
14798,3.5e-05,172.31.36.0-255,66,1768,15,147712
14799,4.2e-05,172.217.194.0-255,2902,4670,15,147712
14800,4.5e-05,172.31.36.0-255,66,4736,15,147712
14801,5.1e-05,172.217.194.0-255,4320,9056,15,147712
14802,5.5e-05,172.31.36.0-255,66,9122,15,147712
14803,9.7e-05,172.217.194.0-255,4889,14011,15,147712
14804,0.0001,172.31.36.0-255,66,14077,15,147712
14805,0.000118,172.217.194.0-255,1484,15561,15,147712
14806,0.000121,172.31.36.0-255,66,15627,15,147712
14807,0.000126,172.217.194.0-255,2902,18529,15,147712
14808,0.000128,172.31.36.0-255,66,18595,15,147712
14809,0.000147,172.217.194.0-255,5738,24333,15,147712
14810,0.00015,172.31.36.0-255,66,24399,15,147712
14811,0.00021,172.217.194.0-255,6797,31196,15,147712
14812,0.000213,172.31.36.0-255,66,31262,15,147712
14813,0.000262,172.217.194.0-255,1484,32746,15,147712
14814,0.000265,172.31.36.0-255,66,32812,15,147712
14815,0.000285,172.217.194.0-255,2902,35714,15,147712
14816,0.000287,172.31.36.0-255,66,35780,15,147712
14817,0.000309,172.217.194.0-255,5738,41518,15,147712
14818,0.000312,172.31.36.0-255,66,41584,15,147712
14819,0.000359,172.217.194.0-255,2902,44486,15,147712
14820,0.000362,172.31.36.0-255,66,44552,15,147712
14821,0.000394,172.31.36.0-255,66,44618,15,147712
14822,0.000491,172.31.36.0-255,66,44684,15,147712
14823,0.000556,172.217.194.0-255,1376,46060,15,147712
14824,0.000559,172.31.36.0-255,66,46126,15,147712
14825,0.000579,172.217.194.0-255,7156,53282,15,147712
14826,0.000582,172.31.36.0-255,66,53348,15,147712
14827,0.000605,172.217.194.0-255,5738,59086,15,147712
14828,0.000608,172.31.36.0-255,66,59152,15,147712
14829,0.000702,172.31.36.0-255,66,59218,15,147712
14830,0.000738,172.31.36.0-255,66,59284,15,147712
14831,0.000953,172.217.194.0-255,4320,63604,15,147712
14832,0.000957,172.31.36.0-255,66,63670,15,147712
14833,0.000992,172.31.36.0-255,66,63736,15,147712
14834,0.001095,172.217.194.0-255,4320,68056,15,147712
14835,0.0011,172.31.36.0-255,66,68122,15,147712
14836,0.001121,172.217.194.0-255,5020,73142,15,147712
14837,0.001124,172.31.36.0-255,66,73208,15,147712
14838,0.001187,172.217.194.0-255,7156,80364,15,147712
14839,0.001192,172.31.36.0-255,66,80430,15,147712
14840,0.00122,172.31.36.0-255,66,80496,15,147712
14841,0.001251,172.31.36.0-255,66,80562,15,147712
14842,0.001497,172.31.36.0-255,66,80628,15,147712
14843,0.00154,172.31.36.0-255,66,80694,15,147712
14844,0.001784,172.217.194.0-255,1484,82178,15,147712
14845,0.001803,172.217.194.0-255,2902,85080,15,147712
14846,0.001807,172.31.36.0-255,66,85146,15,147712
14847,0.001837,172.217.194.0-255,5738,90884,15,147712
14848,0.00184,172.31.36.0-255,66,90950,15,147712
14849,0.001876,172.217.194.0-255,5738,96688,15,147712
14850,0.001879,172.31.36.0-255,66,96754,15,147712
14851,0.001903,172.217.194.0-255,7156,103910,15,147712
14852,0.001908,172.31.36.0-255,66,103976,15,147712
14853,0.001992,172.217.194.0-255,7156,111132,15,147712
14854,0.001995,172.31.36.0-255,66,111198,15,147712
14855,0.002042,172.31.36.0-255,66,111264,15,147712
14856,0.002246,172.217.194.0-255,2902,114166,15,147712
14857,0.002251,172.31.36.0-255,66,114232,15,147712
14858,0.00231,172.31.36.0-255,66,114298,15,147712
14859,0.002342,172.31.36.0-255,66,114364,15,147712
14860,0.002702,172.217.194.0-255,7156,121520,15,147712
14861,0.002708,172.31.36.0-255,66,121586,15,147712
14862,0.002737,172.217.194.0-255,1484,123070,15,147712
14863,0.00277,172.217.194.0-255,2902,125972,15,147712
14864,0.002773,172.31.36.0-255,66,126038,15,147712
14865,0.002814,172.31.36.0-255,66,126104,15,147712
14866,0.003026,172.31.36.0-255,66,126170,15,147712
14867,0.003069,172.31.36.0-255,66,126236,15,147712
14868,0.003088,172.217.194.0-255,3602,129838,15,147712
14869,0.00309,172.31.36.0-255,66,129904,15,147712
14870,0.005308,172.217.194.0-255,2902,132806,15,147712
14871,0.005317,172.31.36.0-255,66,132872,15,147712
14872,0.005336,172.217.194.0-255,2902,135774,15,147712
14873,0.005339,172.31.36.0-255,66,135840,15,147712
14874,0.007544,172.217.194.0-255,2902,138742,15,147712
14875,0.007548,172.31.36.0-255,66,138808,15,147712
14876,0.007582,172.217.194.0-255,2902,141710,15,147712
14877,0.007585,172.31.36.0-255,66,141776,15,147712
14878,0.009836,172.217.194.0-255,2902,144678,15,147712
14879,0.009846,172.31.36.0-255,66,144744,15,147712
14880,0.009858,172.217.194.0-255,2902,147646,15,147712
14881,0.00986,172.31.36.0-255,66,147712,15,147712
14882,0.0,74.125.130.0-255,153,153,15,102774
14883,2.9e-05,172.31.36.0-255,66,219,15,102774
14884,3.7e-05,74.125.130.0-255,1484,1703,15,102774
14885,4.2e-05,172.31.36.0-255,66,1769,15,102774
14886,4.7e-05,74.125.130.0-255,2902,4671,15,102774
14887,5e-05,172.31.36.0-255,66,4737,15,102774
14888,5.5e-05,74.125.130.0-255,4320,9057,15,102774
14889,5.7e-05,172.31.36.0-255,66,9123,15,102774
14890,6.4e-05,74.125.130.0-255,4890,14013,15,102774
14891,6.6e-05,172.31.36.0-255,66,14079,15,102774
14892,9.6e-05,74.125.130.0-255,1484,15563,15,102774
14893,0.0001,172.31.36.0-255,66,15629,15,102774
14894,0.000105,74.125.130.0-255,2902,18531,15,102774
14895,0.000106,172.31.36.0-255,66,18597,15,102774
14896,0.000127,74.125.130.0-255,5738,24335,15,102774
14897,0.00013,172.31.36.0-255,66,24401,15,102774
14898,0.000146,74.125.130.0-255,4320,28721,15,102774
14899,0.000148,172.31.36.0-255,66,28787,15,102774
14900,0.000172,74.125.130.0-255,2902,31689,15,102774
14901,0.000175,172.31.36.0-255,66,31755,15,102774
14902,0.000187,172.31.36.0-255,66,31821,15,102774
14903,0.00019,74.125.130.0-255,1484,33305,15,102774
14904,0.000192,172.31.36.0-255,66,33371,15,102774
14905,0.00022,74.125.130.0-255,6438,39809,15,102774
14906,0.000224,172.31.36.0-255,66,39875,15,102774
14907,0.00116,74.125.130.0-255,1484,41359,15,102774
14908,0.001166,172.31.36.0-255,66,41425,15,102774
14909,0.001176,74.125.130.0-255,2902,44327,15,102774
14910,0.001178,172.31.36.0-255,66,44393,15,102774
14911,0.001203,74.125.130.0-255,5738,50131,15,102774
14912,0.001205,172.31.36.0-255,66,50197,15,102774
14913,0.001246,74.125.130.0-255,6797,56994,15,102774
14914,0.001249,74.125.130.0-255,1484,58478,15,102774
14915,0.001269,74.125.130.0-255,2902,61380,15,102774
14916,0.001292,74.125.130.0-255,1484,62864,15,102774
14917,0.001305,74.125.130.0-255,4320,67184,15,102774
14918,0.001307,74.125.130.0-255,1484,68668,15,102774
14919,0.00136,74.125.130.0-255,5379,74047,15,102774
14920,0.001538,74.125.130.0-255,1484,75531,15,102774
14921,0.001555,74.125.130.0-255,2902,78433,15,102774
14922,0.001576,74.125.130.0-255,2902,81335,15,102774
14923,0.001588,74.125.130.0-255,1484,82819,15,102774
14924,0.001606,74.125.130.0-255,1484,84303,15,102774
14925,0.001626,74.125.130.0-255,5738,90041,15,102774
14926,0.001661,74.125.130.0-255,1125,91166,15,102774
14927,0.005596,172.31.36.0-255,66,91232,15,102774
14928,0.007635,74.125.130.0-255,5738,96970,15,102774
14929,0.007643,172.31.36.0-255,66,97036,15,102774
14930,0.009675,74.125.130.0-255,5738,102774,15,102774
14931,0.0,74.125.24.0-255,218,218,15,196552
14932,2.3e-05,172.31.36.0-255,66,284,15,196552
14933,3.1e-05,74.125.24.0-255,1484,1768,15,196552
14934,3.5e-05,172.31.36.0-255,66,1834,15,196552
14935,5.3e-05,74.125.24.0-255,4320,6154,15,196552
14936,5.6e-05,172.31.36.0-255,66,6220,15,196552
14937,6.9e-05,172.31.36.0-255,66,6286,15,196552
14938,7.6e-05,74.125.24.0-255,7156,13442,15,196552
14939,7.8e-05,172.31.36.0-255,66,13508,15,196552
14940,0.000121,74.125.24.0-255,5738,19246,15,196552
14941,0.000125,172.31.36.0-255,66,19312,15,196552
14942,0.000151,74.125.24.0-255,2543,21855,15,196552
14943,0.000155,172.31.36.0-255,66,21921,15,196552
14944,0.000179,74.125.24.0-255,1484,23405,15,196552
14945,0.000181,172.31.36.0-255,66,23471,15,196552
14946,0.000185,74.125.24.0-255,2902,26373,15,196552
14947,0.000187,172.31.36.0-255,66,26439,15,196552
14948,0.000208,74.125.24.0-255,5738,32177,15,196552
14949,0.000215,172.31.36.0-255,66,32243,15,196552
14950,0.00022,74.125.24.0-255,4320,36563,15,196552
14951,0.000222,172.31.36.0-255,66,36629,15,196552
14952,0.000253,74.125.24.0-255,2543,39172,15,196552
14953,0.000256,172.31.36.0-255,66,39238,15,196552
14954,0.000271,172.31.36.0-255,66,39304,15,196552
14955,0.000275,74.125.24.0-255,2543,41847,15,196552
14956,0.000277,172.31.36.0-255,66,41913,15,196552
14957,0.000305,74.125.24.0-255,400,42313,15,196552
14958,0.000308,172.31.36.0-255,66,42379,15,196552
14959,0.000356,74.125.24.0-255,343,42722,15,196552
14960,0.000359,172.31.36.0-255,66,42788,15,196552
14961,0.000804,74.125.24.0-255,1484,44272,15,196552
14962,0.000811,74.125.24.0-255,2902,47174,15,196552
14963,0.000815,172.31.36.0-255,66,47240,15,196552
14964,0.000821,74.125.24.0-255,5738,52978,15,196552
14965,0.000823,172.31.36.0-255,66,53044,15,196552
14966,0.000828,74.125.24.0-255,2902,55946,15,196552
14967,0.000836,172.31.36.0-255,66,56012,15,196552
14968,0.00086,74.125.24.0-255,1484,57496,15,196552
14969,0.000873,172.31.36.0-255,66,57562,15,196552
14970,0.000908,172.31.36.0-255,66,57628,15,196552
14971,0.000919,172.31.36.0-255,66,57694,15,196552
14972,0.000932,74.125.24.0-255,1484,59178,15,196552
14973,0.00098,172.31.36.0-255,66,59244,15,196552
14974,0.000983,74.125.24.0-255,766,60010,15,196552
14975,0.001037,74.125.24.0-255,1484,61494,15,196552
14976,0.001041,172.31.36.0-255,66,61560,15,196552
14977,0.001047,74.125.24.0-255,4320,65880,15,196552
14978,0.001049,172.31.36.0-255,66,65946,15,196552
14979,0.001053,74.125.24.0-255,2902,68848,15,196552
14980,0.001055,172.31.36.0-255,66,68914,15,196552
14981,0.001087,74.125.24.0-255,4320,73234,15,196552
14982,0.001091,172.31.36.0-255,66,73300,15,196552
14983,0.001097,74.125.24.0-255,5738,79038,15,196552
14984,0.001099,172.31.36.0-255,66,79104,15,196552
14985,0.001135,172.31.36.0-255,66,79170,15,196552
14986,0.00114,74.125.24.0-255,2902,82072,15,196552
14987,0.001143,172.31.36.0-255,66,82138,15,196552
14988,0.001174,74.125.24.0-255,3602,85740,15,196552
14989,0.001178,172.31.36.0-255,66,85806,15,196552
14990,0.001202,74.125.24.0-255,1484,87290,15,196552
14991,0.001205,74.125.24.0-255,1484,88774,15,196552
14992,0.001209,172.31.36.0-255,66,88840,15,196552
14993,0.001227,74.125.24.0-255,1484,90324,15,196552
14994,0.001235,74.125.24.0-255,5738,96062,15,196552
14995,0.001238,74.125.24.0-255,2902,98964,15,196552
14996,0.001239,172.31.36.0-255,66,99030,15,196552
14997,0.001241,172.31.36.0-255,66,99096,15,196552
14998,0.001279,172.31.36.0-255,66,99162,15,196552
14999,0.001313,172.31.36.0-255,66,99228,15,196552
15000,0.001373,74.125.24.0-255,1484,100712,15,196552
15001,0.00139,74.125.24.0-255,2902,103614,15,196552
15002,0.001394,172.31.36.0-255,66,103680,15,196552
15003,0.001415,74.125.24.0-255,5738,109418,15,196552
15004,0.001418,172.31.36.0-255,66,109484,15,196552
15005,0.001421,74.125.24.0-255,1484,110968,15,196552
15006,0.001427,74.125.24.0-255,5738,116706,15,196552
15007,0.001429,172.31.36.0-255,66,116772,15,196552
15008,0.00146,74.125.24.0-255,7156,123928,15,196552
15009,0.001465,172.31.36.0-255,66,123994,15,196552
15010,0.001477,172.31.36.0-255,66,124060,15,196552
15011,0.001505,74.125.24.0-255,4320,128380,15,196552
15012,0.00151,172.31.36.0-255,66,128446,15,196552
15013,0.001539,74.125.24.0-255,5738,134184,15,196552
15014,0.001543,172.31.36.0-255,66,134250,15,196552
15015,0.001562,172.31.36.0-255,66,134316,15,196552
15016,0.001591,74.125.24.0-255,1484,135800,15,196552
15017,0.001605,172.31.36.0-255,66,135866,15,196552
15018,0.001704,74.125.24.0-255,1484,137350,15,196552
15019,0.00171,74.125.24.0-255,1484,138834,15,196552
15020,0.001713,172.31.36.0-255,66,138900,15,196552
15021,0.001757,74.125.24.0-255,1484,140384,15,196552
15022,0.001766,74.125.24.0-255,5738,146122,15,196552
15023,0.00177,172.31.36.0-255,66,146188,15,196552
15024,0.001778,74.125.24.0-255,7156,153344,15,196552
15025,0.00178,172.31.36.0-255,66,153410,15,196552
15026,0.001792,172.31.36.0-255,66,153476,15,196552
15027,0.001795,74.125.24.0-255,1484,154960,15,196552
15028,0.001831,74.125.24.0-255,6438,161398,15,196552
15029,0.001836,172.31.36.0-255,66,161464,15,196552
15030,0.001954,74.125.24.0-255,1484,162948,15,196552
15031,0.00196,74.125.24.0-255,2902,165850,15,196552
15032,0.001964,172.31.36.0-255,66,165916,15,196552
15033,0.001968,74.125.24.0-255,1484,167400,15,196552
15034,0.001996,74.125.24.0-255,4320,171720,15,196552
15035,0.002,172.31.36.0-255,66,171786,15,196552
15036,0.002004,74.125.24.0-255,1484,173270,15,196552
15037,0.002038,172.31.36.0-255,66,173336,15,196552
15038,0.003958,74.125.24.0-255,5738,179074,15,196552
15039,0.003967,172.31.36.0-255,66,179140,15,196552
15040,0.005889,74.125.24.0-255,5738,184878,15,196552
15041,0.005895,172.31.36.0-255,66,184944,15,196552
15042,0.007837,74.125.24.0-255,5738,190682,15,196552
15043,0.007845,172.31.36.0-255,66,190748,15,196552
15044,0.009772,74.125.24.0-255,5738,196486,15,196552
15045,0.009779,172.31.36.0-255,66,196552,15,196552
15046,0.0,74.125.24.0-255,153,153,15,120088
15047,2.5e-05,172.31.36.0-255,66,219,15,120088
15048,3.2e-05,74.125.24.0-255,1484,1703,15,120088
15049,3.8e-05,172.31.36.0-255,66,1769,15,120088
15050,4.4e-05,74.125.24.0-255,2902,4671,15,120088
15051,4.7e-05,172.31.36.0-255,66,4737,15,120088
15052,5.4e-05,74.125.24.0-255,4320,9057,15,120088
15053,5.6e-05,172.31.36.0-255,66,9123,15,120088
15054,6.2e-05,74.125.24.0-255,2902,12025,15,120088
15055,6.5e-05,172.31.36.0-255,66,12091,15,120088
15056,9e-05,74.125.24.0-255,2012,14103,15,120088
15057,9.3e-05,172.31.36.0-255,66,14169,15,120088
15058,0.000124,74.125.24.0-255,2902,17071,15,120088
15059,0.000127,172.31.36.0-255,66,17137,15,120088
15060,0.00013,74.125.24.0-255,1484,18621,15,120088
15061,0.000133,172.31.36.0-255,66,18687,15,120088
15062,0.000148,74.125.24.0-255,2902,21589,15,120088
15063,0.000151,172.31.36.0-255,66,21655,15,120088
15064,0.000163,172.31.36.0-255,66,21721,15,120088
15065,0.000165,74.125.24.0-255,1125,22846,15,120088
15066,0.000168,172.31.36.0-255,66,22912,15,120088
15067,0.000307,74.125.24.0-255,1484,24396,15,120088
15068,0.00031,172.31.36.0-255,66,24462,15,120088
15069,0.000316,74.125.24.0-255,2902,27364,15,120088
15070,0.000318,172.31.36.0-255,66,27430,15,120088
15071,0.000345,74.125.24.0-255,5738,33168,15,120088
15072,0.000348,172.31.36.0-255,66,33234,15,120088
15073,0.000387,172.31.36.0-255,66,33300,15,120088
15074,0.000398,172.31.36.0-255,66,33366,15,120088
15075,0.00041,74.125.24.0-255,1436,34802,15,120088
15076,0.000473,74.125.24.0-255,108,34910,15,120088
15077,0.000599,74.125.24.0-255,1484,36394,15,120088
15078,0.000603,172.31.36.0-255,66,36460,15,120088
15079,0.000611,74.125.24.0-255,2902,39362,15,120088
15080,0.000614,172.31.36.0-255,66,39428,15,120088
15081,0.000642,74.125.24.0-255,5738,45166,15,120088
15082,0.000646,172.31.36.0-255,66,45232,15,120088
15083,0.000649,74.125.24.0-255,1484,46716,15,120088
15084,0.000693,172.31.36.0-255,66,46782,15,120088
15085,0.000696,172.31.36.0-255,66,46848,15,120088
15086,0.001,74.125.24.0-255,1484,48332,15,120088
15087,0.001008,74.125.24.0-255,2902,51234,15,120088
15088,0.001012,172.31.36.0-255,66,51300,15,120088
15089,0.001017,74.125.24.0-255,1484,52784,15,120088
15090,0.001036,74.125.24.0-255,4320,57104,15,120088
15091,0.001039,172.31.36.0-255,66,57170,15,120088
15092,0.001047,74.125.24.0-255,7156,64326,15,120088
15093,0.00105,172.31.36.0-255,66,64392,15,120088
15094,0.001054,74.125.24.0-255,2902,67294,15,120088
15095,0.001056,172.31.36.0-255,66,67360,15,120088
15096,0.001085,172.31.36.0-255,66,67426,15,120088
15097,0.001089,74.125.24.0-255,2453,69879,15,120088
15098,0.001091,172.31.36.0-255,66,69945,15,120088
15099,0.001239,74.125.24.0-255,1484,71429,15,120088
15100,0.001246,74.125.24.0-255,2902,74331,15,120088
15101,0.001248,172.31.36.0-255,66,74397,15,120088
15102,0.001272,74.125.24.0-255,5738,80135,15,120088
15103,0.001275,172.31.36.0-255,66,80201,15,120088
15104,0.001283,74.125.24.0-255,7156,87357,15,120088
15105,0.001285,172.31.36.0-255,66,87423,15,120088
15106,0.001329,172.31.36.0-255,66,87489,15,120088
15107,0.001334,74.125.24.0-255,2184,89673,15,120088
15108,0.001336,172.31.36.0-255,66,89739,15,120088
15109,0.001622,74.125.24.0-255,1484,91223,15,120088
15110,0.001626,74.125.24.0-255,1484,92707,15,120088
15111,0.00163,172.31.36.0-255,66,92773,15,120088
15112,0.001654,74.125.24.0-255,1484,94257,15,120088
15113,0.001661,74.125.24.0-255,5738,99995,15,120088
15114,0.001664,172.31.36.0-255,66,100061,15,120088
15115,0.001676,172.31.36.0-255,66,100127,15,120088
15116,0.001696,74.125.24.0-255,2902,103029,15,120088
15117,0.001699,172.31.36.0-255,66,103095,15,120088
15118,0.00171,172.31.36.0-255,66,103161,15,120088
15119,0.001712,74.125.24.0-255,766,103927,15,120088
15120,0.002353,172.31.36.0-255,101,104028,15,120088
15121,0.00397,74.125.24.0-255,4320,108348,15,120088
15122,0.003978,172.31.36.0-255,66,108414,15,120088
15123,0.004632,74.125.24.0-255,1484,109898,15,120088
15124,0.006227,74.125.24.0-255,4320,114218,15,120088
15125,0.00623,172.31.36.0-255,66,114284,15,120088
15126,0.008536,74.125.24.0-255,5738,120022,15,120088
15127,0.008543,172.31.36.0-255,66,120088,15,120088
15128,0.0,74.125.68.0-255,146,146,15,131940
15129,3e-05,172.31.36.0-255,66,212,15,131940
15130,3.6e-05,74.125.68.0-255,1484,1696,15,131940
15131,4e-05,172.31.36.0-255,66,1762,15,131940
15132,4.5e-05,74.125.68.0-255,2902,4664,15,131940
15133,4.8e-05,172.31.36.0-255,66,4730,15,131940
15134,5.4e-05,74.125.68.0-255,4320,9050,15,131940
15135,5.7e-05,172.31.36.0-255,66,9116,15,131940
15136,9.6e-05,74.125.68.0-255,1484,10600,15,131940
15137,9.9e-05,172.31.36.0-255,66,10666,15,131940
15138,0.000115,74.125.68.0-255,3465,14131,15,131940
15139,0.000118,172.31.36.0-255,66,14197,15,131940
15140,0.000149,74.125.68.0-255,1484,15681,15,131940
15141,0.000152,172.31.36.0-255,66,15747,15,131940
15142,0.000156,74.125.68.0-255,1484,17231,15,131940
15143,0.000158,172.31.36.0-255,66,17297,15,131940
15144,0.000172,74.125.68.0-255,1484,18781,15,131940
15145,0.000174,172.31.36.0-255,66,18847,15,131940
15146,0.000181,74.125.68.0-255,5738,24585,15,131940
15147,0.000184,172.31.36.0-255,66,24651,15,131940
15148,0.000215,74.125.68.0-255,5738,30389,15,131940
15149,0.000218,172.31.36.0-255,66,30455,15,131940
15150,0.000236,74.125.68.0-255,1125,31580,15,131940
15151,0.000238,172.31.36.0-255,66,31646,15,131940
15152,0.000344,74.125.68.0-255,1484,33130,15,131940
15153,0.000349,172.31.36.0-255,66,33196,15,131940
15154,0.000356,74.125.68.0-255,2902,36098,15,131940
15155,0.000359,172.31.36.0-255,66,36164,15,131940
15156,0.000387,74.125.68.0-255,5738,41902,15,131940
15157,0.00039,172.31.36.0-255,101,42003,15,131940
15158,0.00039,74.125.68.0-255,1484,43487,15,131940
15159,0.000397,172.31.36.0-255,66,43553,15,131940
15160,0.000418,74.125.68.0-255,1484,45037,15,131940
15161,0.000422,172.31.36.0-255,66,45103,15,131940
15162,0.000429,74.125.68.0-255,3961,49064,15,131940
15163,0.000432,172.31.36.0-255,66,49130,15,131940
15164,0.000437,74.125.68.0-255,2902,52032,15,131940
15165,0.00044,172.31.36.0-255,66,52098,15,131940
15166,0.000473,74.125.68.0-255,5738,57836,15,131940
15167,0.000477,74.125.68.0-255,2902,60738,15,131940
15168,0.000478,172.31.36.0-255,66,60804,15,131940
15169,0.000481,172.31.36.0-255,66,60870,15,131940
15170,0.00051,74.125.68.0-255,5379,66249,15,131940
15171,0.000514,172.31.36.0-255,66,66315,15,131940
15172,0.000531,74.125.68.0-255,412,66727,15,131940
15173,0.000608,74.125.68.0-255,331,67058,15,131940
15174,0.000767,74.125.68.0-255,1484,68542,15,131940
15175,0.000772,172.31.36.0-255,66,68608,15,131940
15176,0.000778,74.125.68.0-255,2902,71510,15,131940
15177,0.000781,172.31.36.0-255,66,71576,15,131940
15178,0.000785,74.125.68.0-255,1484,73060,15,131940
15179,0.000815,74.125.68.0-255,4320,77380,15,131940
15180,0.000819,172.31.36.0-255,66,77446,15,131940
15181,0.000824,74.125.68.0-255,2902,80348,15,131940
15182,0.000826,172.31.36.0-255,66,80414,15,131940
15183,0.000831,74.125.68.0-255,4320,84734,15,131940
15184,0.000833,172.31.36.0-255,66,84800,15,131940
15185,0.000878,172.31.36.0-255,66,84866,15,131940
15186,0.000885,74.125.68.0-255,5738,90604,15,131940
15187,0.000887,172.31.36.0-255,66,90670,15,131940
15188,0.00091,74.125.68.0-255,2184,92854,15,131940
15189,0.000914,172.31.36.0-255,66,92920,15,131940
15190,0.00142,74.125.68.0-255,1484,94404,15,131940
15191,0.001443,74.125.68.0-255,2902,97306,15,131940
15192,0.001448,172.31.36.0-255,66,97372,15,131940
15193,0.001454,74.125.68.0-255,2902,100274,15,131940
15194,0.001456,172.31.36.0-255,66,100340,15,131940
15195,0.00147,74.125.68.0-255,1484,101824,15,131940
15196,0.001496,74.125.68.0-255,1484,103308,15,131940
15197,0.001499,172.31.36.0-255,66,103374,15,131940
15198,0.001527,74.125.68.0-255,7156,110530,15,131940
15199,0.001531,172.31.36.0-255,66,110596,15,131940
15200,0.001536,74.125.68.0-255,4320,114916,15,131940
15201,0.001538,172.31.36.0-255,66,114982,15,131940
15202,0.001568,172.31.36.0-255,66,115048,15,131940
15203,0.001584,74.125.68.0-255,766,115814,15,131940
15204,0.002653,74.125.68.0-255,66,115880,15,131940
15205,0.003871,74.125.68.0-255,4320,120200,15,131940
15206,0.003878,172.31.36.0-255,66,120266,15,131940
15207,0.006142,74.125.68.0-255,1484,121750,15,131940
15208,0.006161,74.125.68.0-255,4320,126070,15,131940
15209,0.006163,172.31.36.0-255,66,126136,15,131940
15210,0.008451,74.125.68.0-255,5738,131874,15,131940
15211,0.00846,172.31.36.0-255,66,131940,15,131940
15212,0.0,172.31.36.0-255,130,130,15,1686
15213,0.000546,172.31.36.0-255,236,366,15,1686
15214,0.000575,172.31.36.0-255,430,796,15,1686
15215,0.00268,74.125.200.0-255,630,1426,15,1686
15216,0.002804,74.125.200.0-255,97,1523,15,1686
15217,0.002958,172.31.36.0-255,97,1620,15,1686
15218,0.005199,74.125.200.0-255,66,1686,15,1686
15219,0.0,74.125.24.0-255,150,150,15,160374
15220,1.7e-05,172.31.36.0-255,66,216,15,160374
15221,2.5e-05,74.125.24.0-255,1484,1700,15,160374
15222,3e-05,172.31.36.0-255,66,1766,15,160374
15223,3.6e-05,74.125.24.0-255,2902,4668,15,160374
15224,4e-05,172.31.36.0-255,66,4734,15,160374
15225,4.8e-05,74.125.24.0-255,7156,11890,15,160374
15226,5.1e-05,172.31.36.0-255,66,11956,15,160374
15227,5.6e-05,74.125.24.0-255,2040,13996,15,160374
15228,5.8e-05,172.31.36.0-255,66,14062,15,160374
15229,6.2e-05,74.125.24.0-255,1484,15546,15,160374
15230,6.4e-05,172.31.36.0-255,66,15612,15,160374
15231,0.000102,172.31.36.0-255,66,15678,15,160374
15232,0.000109,74.125.24.0-255,5379,21057,15,160374
15233,0.000112,172.31.36.0-255,66,21123,15,160374
15234,0.000156,74.125.24.0-255,1484,22607,15,160374
15235,0.000158,172.31.36.0-255,66,22673,15,160374
15236,0.000163,74.125.24.0-255,2902,25575,15,160374
15237,0.000166,172.31.36.0-255,66,25641,15,160374
15238,0.000188,74.125.24.0-255,5738,31379,15,160374
15239,0.000191,172.31.36.0-255,66,31445,15,160374
15240,0.000196,74.125.24.0-255,4320,35765,15,160374
15241,0.000198,172.31.36.0-255,66,35831,15,160374
15242,0.00022,74.125.24.0-255,2902,38733,15,160374
15243,0.000223,172.31.36.0-255,66,38799,15,160374
15244,0.000252,172.31.36.0-255,66,38865,15,160374
15245,0.000255,74.125.24.0-255,1484,40349,15,160374
15246,0.000257,172.31.36.0-255,66,40415,15,160374
15247,0.000261,74.125.24.0-255,2902,43317,15,160374
15248,0.000264,172.31.36.0-255,66,43383,15,160374
15249,0.000295,74.125.24.0-255,2816,46199,15,160374
15250,0.000298,172.31.36.0-255,66,46265,15,160374
15251,0.000634,74.125.24.0-255,130,46395,15,160374
15252,0.000782,74.125.24.0-255,349,46744,15,160374
15253,0.001024,74.125.24.0-255,1484,48228,15,160374
15254,0.00103,172.31.36.0-255,66,48294,15,160374
15255,0.001036,74.125.24.0-255,2902,51196,15,160374
15256,0.001038,172.31.36.0-255,66,51262,15,160374
15257,0.001041,74.125.24.0-255,1484,52746,15,160374
15258,0.00106,74.125.24.0-255,4320,57066,15,160374
15259,0.001062,172.31.36.0-255,66,57132,15,160374
15260,0.001066,74.125.24.0-255,1484,58616,15,160374
15261,0.001085,74.125.24.0-255,5738,64354,15,160374
15262,0.001087,74.125.24.0-255,1484,65838,15,160374
15263,0.001091,172.31.36.0-255,66,65904,15,160374
15264,0.001116,172.31.36.0-255,66,65970,15,160374
15265,0.001121,74.125.24.0-255,2184,68154,15,160374
15266,0.001123,172.31.36.0-255,66,68220,15,160374
15267,0.001596,74.125.24.0-255,1484,69704,15,160374
15268,0.001606,74.125.24.0-255,2902,72606,15,160374
15269,0.001611,172.31.36.0-255,66,72672,15,160374
15270,0.001619,74.125.24.0-255,5738,78410,15,160374
15271,0.001621,172.31.36.0-255,66,78476,15,160374
15272,0.001661,74.125.24.0-255,5738,84214,15,160374
15273,0.001664,172.31.36.0-255,66,84280,15,160374
15274,0.001682,74.125.24.0-255,4320,88600,15,160374
15275,0.001685,172.31.36.0-255,66,88666,15,160374
15276,0.001696,172.31.36.0-255,66,88732,15,160374
15277,0.001718,74.125.24.0-255,1484,90216,15,160374
15278,0.001723,74.125.24.0-255,2184,92400,15,160374
15279,0.001725,172.31.36.0-255,66,92466,15,160374
15280,0.001808,74.125.24.0-255,1484,93950,15,160374
15281,0.001814,74.125.24.0-255,2902,96852,15,160374
15282,0.001817,172.31.36.0-255,66,96918,15,160374
15283,0.001826,74.125.24.0-255,5738,102656,15,160374
15284,0.001828,172.31.36.0-255,66,102722,15,160374
15285,0.001865,172.31.36.0-255,66,102788,15,160374
15286,0.001885,74.125.24.0-255,1484,104272,15,160374
15287,0.001898,172.31.36.0-255,66,104338,15,160374
15288,0.001913,74.125.24.0-255,1484,105822,15,160374
15289,0.001934,74.125.24.0-255,2902,108724,15,160374
15290,0.001938,172.31.36.0-255,66,108790,15,160374
15291,0.001945,74.125.24.0-255,5738,114528,15,160374
15292,0.001947,172.31.36.0-255,66,114594,15,160374
15293,0.001968,74.125.24.0-255,7156,121750,15,160374
15294,0.001971,172.31.36.0-255,66,121816,15,160374
15295,0.001997,74.125.24.0-255,5738,127554,15,160374
15296,0.001999,172.31.36.0-255,66,127620,15,160374
15297,0.002006,74.125.24.0-255,7156,134776,15,160374
15298,0.002009,172.31.36.0-255,66,134842,15,160374
15299,0.002014,74.125.24.0-255,3602,138444,15,160374
15300,0.002016,172.31.36.0-255,66,138510,15,160374
15301,0.003961,74.125.24.0-255,4320,142830,15,160374
15302,0.003971,172.31.36.0-255,66,142896,15,160374
15303,0.003988,74.125.24.0-255,1484,144380,15,160374
15304,0.005984,74.125.24.0-255,4320,148700,15,160374
15305,0.005989,172.31.36.0-255,66,148766,15,160374
15306,0.007946,74.125.24.0-255,5738,154504,15,160374
15307,0.007953,172.31.36.0-255,66,154570,15,160374
15308,0.009933,74.125.24.0-255,5738,160308,15,160374
15309,0.009941,172.31.36.0-255,66,160374,15,160374
15310,0.0,74.125.24.0-255,152,152,15,109756
15311,2.6e-05,172.31.36.0-255,66,218,15,109756
15312,3.3e-05,74.125.24.0-255,1484,1702,15,109756
15313,3.8e-05,172.31.36.0-255,66,1768,15,109756
15314,4.3e-05,74.125.24.0-255,2902,4670,15,109756
15315,5.2e-05,172.31.36.0-255,66,4736,15,109756
15316,6e-05,74.125.24.0-255,7156,11892,15,109756
15317,6.3e-05,172.31.36.0-255,66,11958,15,109756
15318,6.8e-05,74.125.24.0-255,3430,15388,15,109756
15319,7.1e-05,172.31.36.0-255,66,15454,15,109756
15320,8.1e-05,172.31.36.0-255,66,15520,15,109756
15321,0.000114,74.125.24.0-255,4320,19840,15,109756
15322,0.000118,172.31.36.0-255,66,19906,15,109756
15323,0.000122,74.125.24.0-255,2543,22449,15,109756
15324,0.000124,172.31.36.0-255,66,22515,15,109756
15325,0.000142,74.125.24.0-255,1484,23999,15,109756
15326,0.000149,172.31.36.0-255,66,24065,15,109756
15327,0.000154,74.125.24.0-255,2902,26967,15,109756
15328,0.000156,172.31.36.0-255,66,27033,15,109756
15329,0.000162,74.125.24.0-255,4320,31353,15,109756
15330,0.000165,172.31.36.0-255,66,31419,15,109756
15331,0.000193,74.125.24.0-255,1484,32903,15,109756
15332,0.000196,172.31.36.0-255,66,32969,15,109756
15333,0.000211,172.31.36.0-255,66,33035,15,109756
15334,0.000223,74.125.24.0-255,5738,38773,15,109756
15335,0.000226,172.31.36.0-255,66,38839,15,109756
15336,0.000255,74.125.24.0-255,4233,43072,15,109756
15337,0.000259,172.31.36.0-255,66,43138,15,109756
15338,0.000318,74.125.24.0-255,128,43266,15,109756
15339,0.000323,172.31.36.0-255,66,43332,15,109756
15340,0.000411,74.125.24.0-255,1484,44816,15,109756
15341,0.000418,74.125.24.0-255,2902,47718,15,109756
15342,0.000421,172.31.36.0-255,66,47784,15,109756
15343,0.000427,74.125.24.0-255,4320,52104,15,109756
15344,0.000429,172.31.36.0-255,66,52170,15,109756
15345,0.000455,74.125.24.0-255,1484,53654,15,109756
15346,0.00046,74.125.24.0-255,2902,56556,15,109756
15347,0.000463,172.31.36.0-255,66,56622,15,109756
15348,0.000493,74.125.24.0-255,1484,58106,15,109756
15349,0.000495,172.31.36.0-255,66,58172,15,109756
15350,0.000538,172.31.36.0-255,66,58238,15,109756
15351,0.000813,74.125.24.0-255,1484,59722,15,109756
15352,0.00082,74.125.24.0-255,2902,62624,15,109756
15353,0.000824,172.31.36.0-255,66,62690,15,109756
15354,0.000829,74.125.24.0-255,2902,65592,15,109756
15355,0.000831,172.31.36.0-255,66,65658,15,109756
15356,0.000855,74.125.24.0-255,2902,68560,15,109756
15357,0.000859,172.31.36.0-255,66,68626,15,109756
15358,0.000878,172.31.36.0-255,66,68692,15,109756
15359,0.000907,74.125.24.0-255,1484,70176,15,109756
15360,0.000926,172.31.36.0-255,66,70242,15,109756
15361,0.001171,74.125.24.0-255,1484,71726,15,109756
15362,0.001177,74.125.24.0-255,2902,74628,15,109756
15363,0.00118,172.31.36.0-255,66,74694,15,109756
15364,0.001212,74.125.24.0-255,5738,80432,15,109756
15365,0.001215,172.31.36.0-255,66,80498,15,109756
15366,0.001229,172.31.36.0-255,66,80564,15,109756
15367,0.001259,74.125.24.0-255,1484,82048,15,109756
15368,0.001273,172.31.36.0-255,66,82114,15,109756
15369,0.001278,74.125.24.0-255,4320,86434,15,109756
15370,0.001281,172.31.36.0-255,66,86500,15,109756
15371,0.001333,172.31.36.0-255,66,86566,15,109756
15372,0.001343,172.31.36.0-255,66,86632,15,109756
15373,0.00142,74.125.24.0-255,1484,88116,15,109756
15374,0.001425,74.125.24.0-255,2902,91018,15,109756
15375,0.001428,172.31.36.0-255,66,91084,15,109756
15376,0.001434,74.125.24.0-255,5738,96822,15,109756
15377,0.001436,172.31.36.0-255,66,96888,15,109756
15378,0.001456,172.31.36.0-255,66,96954,15,109756
15379,0.001467,172.31.36.0-255,66,97020,15,109756
15380,0.001491,74.125.24.0-255,4320,101340,15,109756
15381,0.001494,172.31.36.0-255,66,101406,15,109756
15382,0.001555,172.31.36.0-255,66,101472,15,109756
15383,0.00156,172.31.36.0-255,66,101538,15,109756
15384,0.001604,74.125.24.0-255,2902,104440,15,109756
15385,0.001608,172.31.36.0-255,66,104506,15,109756
15386,0.001671,172.31.36.0-255,66,104572,15,109756
15387,0.001693,172.31.36.0-255,66,104638,15,109756
15388,0.001703,172.31.36.0-255,66,104704,15,109756
15389,0.001714,172.31.36.0-255,66,104770,15,109756
15390,0.001766,172.31.36.0-255,66,104836,15,109756
15391,0.001782,172.31.36.0-255,66,104902,15,109756
15392,0.001789,74.125.24.0-255,4446,109348,15,109756
15393,0.001793,172.31.36.0-255,66,109414,15,109756
15394,0.001796,74.125.24.0-255,105,109519,15,109756
15395,0.003351,172.31.36.0-255,66,109585,15,109756
15396,0.003377,172.31.36.0-255,105,109690,15,109756
15397,0.005635,74.125.24.0-255,66,109756,15,109756
15398,0.0,74.125.24.0-255,153,153,15,168204
15399,1.8e-05,172.31.36.0-255,66,219,15,168204
15400,2.6e-05,74.125.24.0-255,1484,1703,15,168204
15401,3.1e-05,172.31.36.0-255,66,1769,15,168204
15402,3.7e-05,74.125.24.0-255,2902,4671,15,168204
15403,4.1e-05,172.31.36.0-255,66,4737,15,168204
15404,7.2e-05,74.125.24.0-255,7156,11893,15,168204
15405,7.5e-05,172.31.36.0-255,66,11959,15,168204
15406,7.8e-05,74.125.24.0-255,1976,13935,15,168204
15407,8e-05,172.31.36.0-255,66,14001,15,168204
15408,0.000137,74.125.24.0-255,1484,15485,15,168204
15409,0.00014,172.31.36.0-255,66,15551,15,168204
15410,0.000155,74.125.24.0-255,2902,18453,15,168204
15411,0.000158,172.31.36.0-255,66,18519,15,168204
15412,0.000176,74.125.24.0-255,2902,21421,15,168204
15413,0.000179,172.31.36.0-255,66,21487,15,168204
15414,0.000193,74.125.24.0-255,2902,24389,15,168204
15415,0.000196,172.31.36.0-255,66,24455,15,168204
15416,0.0002,74.125.24.0-255,2902,27357,15,168204
15417,0.000203,172.31.36.0-255,66,27423,15,168204
15418,0.00021,74.125.24.0-255,7156,34579,15,168204
15419,0.000213,172.31.36.0-255,66,34645,15,168204
15420,0.000231,74.125.24.0-255,2902,37547,15,168204
15421,0.000234,172.31.36.0-255,66,37613,15,168204
15422,0.000245,172.31.36.0-255,66,37679,15,168204
15423,0.000258,74.125.24.0-255,766,38445,15,168204
15424,0.00026,172.31.36.0-255,66,38511,15,168204
15425,0.000402,74.125.24.0-255,1484,39995,15,168204
15426,0.000409,172.31.36.0-255,66,40061,15,168204
15427,0.000413,74.125.24.0-255,2902,42963,15,168204
15428,0.000416,172.31.36.0-255,66,43029,15,168204
15429,0.000439,74.125.24.0-255,5738,48767,15,168204
15430,0.000443,74.125.24.0-255,1484,50251,15,168204
15431,0.000445,172.31.36.0-255,66,50317,15,168204
15432,0.000465,74.125.24.0-255,5703,56020,15,168204
15433,0.000472,172.31.36.0-255,66,56086,15,168204
15434,0.00083,74.125.24.0-255,1484,57570,15,168204
15435,0.000845,74.125.24.0-255,2902,60472,15,168204
15436,0.000849,172.31.36.0-255,66,60538,15,168204
15437,0.000875,74.125.24.0-255,5738,66276,15,168204
15438,0.000884,74.125.24.0-255,7041,73317,15,168204
15439,0.000888,172.31.36.0-255,66,73383,15,168204
15440,0.000924,74.125.24.0-255,4320,77703,15,168204
15441,0.000933,172.31.36.0-255,66,77769,15,168204
15442,0.000942,74.125.24.0-255,2902,80671,15,168204
15443,0.000947,74.125.24.0-255,2902,83573,15,168204
15444,0.000947,172.31.36.0-255,66,83639,15,168204
15445,0.000951,172.31.36.0-255,66,83705,15,168204
15446,0.000993,74.125.24.0-255,6797,90502,15,168204
15447,0.001002,172.31.36.0-255,66,90568,15,168204
15448,0.001212,74.125.24.0-255,1484,92052,15,168204
15449,0.001222,74.125.24.0-255,2902,94954,15,168204
15450,0.001226,172.31.36.0-255,66,95020,15,168204
15451,0.001233,74.125.24.0-255,2902,97922,15,168204
15452,0.001247,74.125.24.0-255,1484,99406,15,168204
15453,0.001253,74.125.24.0-255,5738,105144,15,168204
15454,0.001272,74.125.24.0-255,7156,112300,15,168204
15455,0.001287,74.125.24.0-255,4320,116620,15,168204
15456,0.001866,74.125.24.0-255,1484,118104,15,168204
15457,0.001874,74.125.24.0-255,2902,121006,15,168204
15458,0.001892,74.125.24.0-255,2902,123908,15,168204
15459,0.001906,74.125.24.0-255,2902,126810,15,168204
15460,0.001909,74.125.24.0-255,1484,128294,15,168204
15461,0.001912,74.125.24.0-255,2902,131196,15,168204
15462,0.001915,74.125.24.0-255,1484,132680,15,168204
15463,0.001929,74.125.24.0-255,4320,137000,15,168204
15464,0.001945,74.125.24.0-255,4320,141320,15,168204
15465,0.001957,74.125.24.0-255,5738,147058,15,168204
15466,0.001995,74.125.24.0-255,2902,149960,15,168204
15467,0.002008,74.125.24.0-255,766,150726,15,168204
15468,0.002158,172.31.36.0-255,66,150792,15,168204
15469,0.004472,74.125.24.0-255,5738,156530,15,168204
15470,0.004478,172.31.36.0-255,66,156596,15,168204
15471,0.006775,74.125.24.0-255,5738,162334,15,168204
15472,0.00678,172.31.36.0-255,66,162400,15,168204
15473,0.009069,74.125.24.0-255,5738,168138,15,168204
15474,0.009075,172.31.36.0-255,66,168204,15,168204
15475,0.0,74.125.24.0-255,147,147,15,233074
15476,2.4e-05,172.31.36.0-255,66,213,15,233074
15477,3.2e-05,74.125.24.0-255,1484,1697,15,233074
15478,3.7e-05,172.31.36.0-255,66,1763,15,233074
15479,4.3e-05,74.125.24.0-255,2902,4665,15,233074
15480,5.5e-05,172.31.36.0-255,66,4731,15,233074
15481,6.2e-05,74.125.24.0-255,5738,10469,15,233074
15482,6.6e-05,172.31.36.0-255,66,10535,15,233074
15483,0.000105,74.125.24.0-255,3458,13993,15,233074
15484,0.000108,172.31.36.0-255,66,14059,15,233074
15485,0.000198,74.125.24.0-255,1484,15543,15,233074
15486,0.000201,172.31.36.0-255,66,15609,15,233074
15487,0.000206,74.125.24.0-255,2902,18511,15,233074
15488,0.000209,172.31.36.0-255,66,18577,15,233074
15489,0.000237,74.125.24.0-255,5738,24315,15,233074
15490,0.00024,172.31.36.0-255,66,24381,15,233074
15491,0.000244,74.125.24.0-255,1484,25865,15,233074
15492,0.000245,172.31.36.0-255,66,25931,15,233074
15493,0.000274,74.125.24.0-255,5379,31310,15,233074
15494,0.000282,172.31.36.0-255,66,31376,15,233074
15495,0.000287,74.125.24.0-255,2902,34278,15,233074
15496,0.000289,172.31.36.0-255,66,34344,15,233074
15497,0.00033,172.31.36.0-255,66,34410,15,233074
15498,0.000335,74.125.24.0-255,3961,38371,15,233074
15499,0.000337,172.31.36.0-255,66,38437,15,233074
15500,0.000364,74.125.24.0-255,4320,42757,15,233074
15501,0.000367,172.31.36.0-255,66,42823,15,233074
15502,0.000406,172.31.36.0-255,66,42889,15,233074
15503,0.000409,74.125.24.0-255,1484,44373,15,233074
15504,0.000411,172.31.36.0-255,66,44439,15,233074
15505,0.000441,74.125.24.0-255,1436,45875,15,233074
15506,0.000457,74.125.24.0-255,110,45985,15,233074
15507,0.000552,74.125.24.0-255,331,46316,15,233074
15508,0.000557,172.31.36.0-255,66,46382,15,233074
15509,0.001033,74.125.24.0-255,1484,47866,15,233074
15510,0.001056,74.125.24.0-255,2902,50768,15,233074
15511,0.001062,74.125.24.0-255,5738,56506,15,233074
15512,0.001063,172.31.36.0-255,66,56572,15,233074
15513,0.001068,172.31.36.0-255,66,56638,15,233074
15514,0.001081,74.125.24.0-255,5738,62376,15,233074
15515,0.001089,172.31.36.0-255,66,62442,15,233074
15516,0.001126,74.125.24.0-255,7156,69598,15,233074
15517,0.001131,172.31.36.0-255,66,69664,15,233074
15518,0.001138,172.31.36.0-255,66,69730,15,233074
15519,0.001141,74.125.24.0-255,766,70496,15,233074
15520,0.001266,74.125.24.0-255,1484,71980,15,233074
15521,0.001269,172.31.36.0-255,66,72046,15,233074
15522,0.001275,74.125.24.0-255,2902,74948,15,233074
15523,0.001277,172.31.36.0-255,66,75014,15,233074
15524,0.001281,74.125.24.0-255,1484,76498,15,233074
15525,0.001309,74.125.24.0-255,4320,80818,15,233074
15526,0.001312,172.31.36.0-255,66,80884,15,233074
15527,0.001318,74.125.24.0-255,5738,86622,15,233074
15528,0.00132,172.31.36.0-255,66,86688,15,233074
15529,0.001333,74.125.24.0-255,7156,93844,15,233074
15530,0.001336,172.31.36.0-255,66,93910,15,233074
15531,0.001392,172.31.36.0-255,66,93976,15,233074
15532,0.001563,74.125.24.0-255,1484,95460,15,233074
15533,0.001569,74.125.24.0-255,2902,98362,15,233074
15534,0.001572,172.31.36.0-255,66,98428,15,233074
15535,0.001583,74.125.24.0-255,1484,99912,15,233074
15536,0.001603,74.125.24.0-255,4320,104232,15,233074
15537,0.001606,172.31.36.0-255,66,104298,15,233074
15538,0.001611,74.125.24.0-255,2902,107200,15,233074
15539,0.001613,172.31.36.0-255,66,107266,15,233074
15540,0.001638,74.125.24.0-255,2902,110168,15,233074
15541,0.001641,172.31.36.0-255,66,110234,15,233074
15542,0.001656,172.31.36.0-255,66,110300,15,233074
15543,0.001691,74.125.24.0-255,5020,115320,15,233074
15544,0.001697,172.31.36.0-255,66,115386,15,233074
15545,0.00193,74.125.24.0-255,1484,116870,15,233074
15546,0.001946,74.125.24.0-255,2902,119772,15,233074
15547,0.00195,172.31.36.0-255,66,119838,15,233074
15548,0.001956,74.125.24.0-255,5738,125576,15,233074
15549,0.001959,172.31.36.0-255,66,125642,15,233074
15550,0.001995,74.125.24.0-255,4320,129962,15,233074
15551,0.001999,172.31.36.0-255,66,130028,15,233074
15552,0.002017,172.31.36.0-255,66,130094,15,233074
15553,0.002022,74.125.24.0-255,2902,132996,15,233074
15554,0.002024,172.31.36.0-255,66,133062,15,233074
15555,0.002058,74.125.24.0-255,5020,138082,15,233074
15556,0.002062,172.31.36.0-255,66,138148,15,233074
15557,0.002098,74.125.24.0-255,1484,139632,15,233074
15558,0.002115,74.125.24.0-255,2902,142534,15,233074
15559,0.002119,172.31.36.0-255,66,142600,15,233074
15560,0.00213,74.125.24.0-255,4320,146920,15,233074
15561,0.002137,172.31.36.0-255,66,146986,15,233074
15562,0.002155,74.125.24.0-255,1484,148470,15,233074
15563,0.002174,172.31.36.0-255,66,148536,15,233074
15564,0.002186,172.31.36.0-255,66,148602,15,233074
15565,0.002232,74.125.24.0-255,2184,150786,15,233074
15566,0.002235,172.31.36.0-255,66,150852,15,233074
15567,0.00234,74.125.24.0-255,1484,152336,15,233074
15568,0.002359,74.125.24.0-255,2902,155238,15,233074
15569,0.002362,172.31.36.0-255,66,155304,15,233074
15570,0.002369,74.125.24.0-255,5738,161042,15,233074
15571,0.002371,172.31.36.0-255,66,161108,15,233074
15572,0.002392,74.125.24.0-255,5738,166846,15,233074
15573,0.002395,172.31.36.0-255,66,166912,15,233074
15574,0.002474,172.31.36.0-255,66,166978,15,233074
15575,0.002508,74.125.24.0-255,5020,171998,15,233074
15576,0.002512,172.31.36.0-255,66,172064,15,233074
15577,0.002542,74.125.24.0-255,1484,173548,15,233074
15578,0.002547,74.125.24.0-255,2902,176450,15,233074
15579,0.00255,172.31.36.0-255,66,176516,15,233074
15580,0.002581,74.125.24.0-255,5738,182254,15,233074
15581,0.002584,172.31.36.0-255,66,182320,15,233074
15582,0.002588,74.125.24.0-255,1484,183804,15,233074
15583,0.002591,74.125.24.0-255,1484,185288,15,233074
15584,0.002595,172.31.36.0-255,66,185354,15,233074
15585,0.002596,74.125.24.0-255,4320,189674,15,233074
15586,0.002598,172.31.36.0-255,66,189740,15,233074
15587,0.002638,172.31.36.0-255,66,189806,15,233074
15588,0.002643,74.125.24.0-255,4320,194126,15,233074
15589,0.002646,172.31.36.0-255,66,194192,15,233074
15590,0.002666,74.125.24.0-255,2184,196376,15,233074
15591,0.002671,172.31.36.0-255,66,196442,15,233074
15592,0.002678,74.125.24.0-255,1484,197926,15,233074
15593,0.002681,74.125.24.0-255,1484,199410,15,233074
15594,0.002683,172.31.36.0-255,66,199476,15,233074
15595,0.002736,172.31.36.0-255,66,199542,15,233074
15596,0.002742,74.125.24.0-255,5738,205280,15,233074
15597,0.002745,172.31.36.0-255,66,205346,15,233074
15598,0.002778,74.125.24.0-255,6438,211784,15,233074
15599,0.002781,172.31.36.0-255,66,211850,15,233074
15600,0.002784,74.125.24.0-255,1484,213334,15,233074
15601,0.002787,74.125.24.0-255,1484,214818,15,233074
15602,0.002789,172.31.36.0-255,66,214884,15,233074
15603,0.002807,172.31.36.0-255,66,214950,15,233074
15604,0.002817,172.31.36.0-255,66,215016,15,233074
15605,0.00282,74.125.24.0-255,1484,216500,15,233074
15606,0.002824,74.125.24.0-255,2184,218684,15,233074
15607,0.002827,172.31.36.0-255,66,218750,15,233074
15608,0.002831,74.125.24.0-255,1484,220234,15,233074
15609,0.002857,74.125.24.0-255,1484,221718,15,233074
15610,0.002866,172.31.36.0-255,66,221784,15,233074
15611,0.002873,74.125.24.0-255,7156,228940,15,233074
15612,0.002876,172.31.36.0-255,66,229006,15,233074
15613,0.002879,74.125.24.0-255,1484,230490,15,233074
15614,0.002901,172.31.36.0-255,66,230556,15,233074
15615,0.002931,74.125.24.0-255,2013,232569,15,233074
15616,0.002935,172.31.36.0-255,66,232635,15,233074
15617,0.002938,74.125.24.0-255,97,232732,15,233074
15618,0.00296,74.125.24.0-255,105,232837,15,233074
15619,0.003998,172.31.36.0-255,66,232903,15,233074
15620,0.004025,172.31.36.0-255,105,233008,15,233074
15621,0.006385,74.125.24.0-255,66,233074,15,233074
15622,0.0,74.125.200.0-255,143,143,15,116266
15623,3.4e-05,172.31.36.0-255,66,209,15,116266
15624,4.2e-05,74.125.200.0-255,1484,1693,15,116266
15625,4.6e-05,172.31.36.0-255,66,1759,15,116266
15626,5.2e-05,74.125.200.0-255,2902,4661,15,116266
15627,5.5e-05,172.31.36.0-255,66,4727,15,116266
15628,6.3e-05,74.125.200.0-255,5738,10465,15,116266
15629,6.7e-05,172.31.36.0-255,66,10531,15,116266
15630,7.2e-05,74.125.200.0-255,3439,13970,15,116266
15631,7.6e-05,172.31.36.0-255,66,14036,15,116266
15632,0.000104,74.125.200.0-255,4320,18356,15,116266
15633,0.000108,172.31.36.0-255,66,18422,15,116266
15634,0.000111,74.125.200.0-255,1484,19906,15,116266
15635,0.000113,172.31.36.0-255,66,19972,15,116266
15636,0.000118,74.125.200.0-255,2902,22874,15,116266
15637,0.000121,172.31.36.0-255,66,22940,15,116266
15638,0.000144,74.125.200.0-255,4320,27260,15,116266
15639,0.000147,172.31.36.0-255,66,27326,15,116266
15640,0.00016,74.125.200.0-255,1484,28810,15,116266
15641,0.000163,172.31.36.0-255,66,28876,15,116266
15642,0.000167,74.125.200.0-255,2543,31419,15,116266
15643,0.00017,172.31.36.0-255,66,31485,15,116266
15644,0.000315,74.125.200.0-255,1484,32969,15,116266
15645,0.000319,172.31.36.0-255,66,33035,15,116266
15646,0.000325,74.125.200.0-255,2902,35937,15,116266
15647,0.000328,172.31.36.0-255,66,36003,15,116266
15648,0.000332,74.125.200.0-255,2902,38905,15,116266
15649,0.000334,172.31.36.0-255,66,38971,15,116266
15650,0.000348,74.125.200.0-255,2902,41873,15,116266
15651,0.00035,172.31.36.0-255,66,41939,15,116266
15652,0.000387,172.31.36.0-255,66,42005,15,116266
15653,0.000394,74.125.200.0-255,5738,47743,15,116266
15654,0.000396,172.31.36.0-255,66,47809,15,116266
15655,0.000411,74.125.200.0-255,2902,50711,15,116266
15656,0.000413,172.31.36.0-255,66,50777,15,116266
15657,0.000422,74.125.200.0-255,6797,57574,15,116266
15658,0.000424,172.31.36.0-255,66,57640,15,116266
15659,0.00044,74.125.200.0-255,402,58042,15,116266
15660,0.000551,74.125.200.0-255,108,58150,15,116266
15661,0.000567,74.125.200.0-255,332,58482,15,116266
15662,0.001083,172.31.36.0-255,66,58548,15,116266
15663,0.001094,74.125.200.0-255,1484,60032,15,116266
15664,0.001111,74.125.200.0-255,2902,62934,15,116266
15665,0.001114,172.31.36.0-255,66,63000,15,116266
15666,0.001117,74.125.200.0-255,1484,64484,15,116266
15667,0.001139,74.125.200.0-255,2902,67386,15,116266
15668,0.001141,172.31.36.0-255,66,67452,15,116266
15669,0.001164,74.125.200.0-255,5738,73190,15,116266
15670,0.001166,172.31.36.0-255,66,73256,15,116266
15671,0.00117,74.125.200.0-255,1484,74740,15,116266
15672,0.001194,74.125.200.0-255,1484,76224,15,116266
15673,0.001196,172.31.36.0-255,66,76290,15,116266
15674,0.001223,74.125.200.0-255,7156,83446,15,116266
15675,0.001226,172.31.36.0-255,66,83512,15,116266
15676,0.001234,74.125.200.0-255,5738,89250,15,116266
15677,0.001235,172.31.36.0-255,66,89316,15,116266
15678,0.00125,74.125.200.0-255,3602,92918,15,116266
15679,0.001252,172.31.36.0-255,66,92984,15,116266
15680,0.00325,74.125.200.0-255,1484,94468,15,116266
15681,0.003276,74.125.200.0-255,4320,98788,15,116266
15682,0.003281,172.31.36.0-255,66,98854,15,116266
15683,0.005315,74.125.200.0-255,5738,104592,15,116266
15684,0.005318,172.31.36.0-255,66,104658,15,116266
15685,0.007347,74.125.200.0-255,5738,110396,15,116266
15686,0.007354,172.31.36.0-255,66,110462,15,116266
15687,0.009378,74.125.200.0-255,5738,116200,15,116266
15688,0.009386,172.31.36.0-255,66,116266,15,116266
15689,0.0,74.125.200.0-255,153,153,15,202081
15690,3.2e-05,172.31.36.0-255,66,219,15,202081
15691,3.9e-05,74.125.200.0-255,1484,1703,15,202081
15692,4.4e-05,172.31.36.0-255,66,1769,15,202081
15693,4.9e-05,74.125.200.0-255,2902,4671,15,202081
15694,5.2e-05,172.31.36.0-255,66,4737,15,202081
15695,5.8e-05,74.125.200.0-255,7156,11893,15,202081
15696,6.2e-05,172.31.36.0-255,66,11959,15,202081
15697,9.7e-05,172.31.36.0-255,66,12025,15,202081
15698,0.000101,74.125.200.0-255,1484,13509,15,202081
15699,0.000103,172.31.36.0-255,66,13575,15,202081
15700,0.000108,74.125.200.0-255,2902,16477,15,202081
15701,0.00011,172.31.36.0-255,66,16543,15,202081
15702,0.000173,74.125.200.0-255,1484,18027,15,202081
15703,0.000179,172.31.36.0-255,66,18093,15,202081
15704,0.0002,74.125.200.0-255,4320,22413,15,202081
15705,0.000204,172.31.36.0-255,66,22479,15,202081
15706,0.000207,74.125.200.0-255,1125,23604,15,202081
15707,0.000209,172.31.36.0-255,66,23670,15,202081
15708,0.000366,74.125.200.0-255,1484,25154,15,202081
15709,0.000372,172.31.36.0-255,66,25220,15,202081
15710,0.000377,74.125.200.0-255,2902,28122,15,202081
15711,0.000379,172.31.36.0-255,66,28188,15,202081
15712,0.000394,74.125.200.0-255,1484,29672,15,202081
15713,0.000397,172.31.36.0-255,66,29738,15,202081
15714,0.000426,74.125.200.0-255,4320,34058,15,202081
15715,0.00043,172.31.36.0-255,66,34124,15,202081
15716,0.000434,74.125.200.0-255,2902,37026,15,202081
15717,0.000436,172.31.36.0-255,66,37092,15,202081
15718,0.000459,74.125.200.0-255,1484,38576,15,202081
15719,0.000462,172.31.36.0-255,66,38642,15,202081
15720,0.000481,74.125.200.0-255,2543,41185,15,202081
15721,0.000485,172.31.36.0-255,66,41251,15,202081
15722,0.000488,74.125.200.0-255,1484,42735,15,202081
15723,0.000493,74.125.200.0-255,2902,45637,15,202081
15724,0.000495,172.31.36.0-255,66,45703,15,202081
15725,0.000501,74.125.200.0-255,4320,50023,15,202081
15726,0.000503,172.31.36.0-255,66,50089,15,202081
15727,0.00053,74.125.200.0-255,1484,51573,15,202081
15728,0.000537,74.125.200.0-255,7072,58645,15,202081
15729,0.000539,172.31.36.0-255,66,58711,15,202081
15730,0.000542,74.125.200.0-255,382,59093,15,202081
15731,0.000617,74.125.200.0-255,1484,60577,15,202081
15732,0.000621,172.31.36.0-255,66,60643,15,202081
15733,0.000626,74.125.200.0-255,2902,63545,15,202081
15734,0.000629,172.31.36.0-255,66,63611,15,202081
15735,0.000654,74.125.200.0-255,5738,69349,15,202081
15736,0.000657,74.125.200.0-255,2902,72251,15,202081
15737,0.000658,172.31.36.0-255,66,72317,15,202081
15738,0.000662,172.31.36.0-255,66,72383,15,202081
15739,0.000677,74.125.200.0-255,1484,73867,15,202081
15740,0.000683,74.125.200.0-255,5738,79605,15,202081
15741,0.000686,172.31.36.0-255,66,79671,15,202081
15742,0.000692,74.125.200.0-255,1484,81155,15,202081
15743,0.000706,74.125.200.0-255,5738,86893,15,202081
15744,0.000708,172.31.36.0-255,66,86959,15,202081
15745,0.000725,74.125.200.0-255,4320,91279,15,202081
15746,0.000728,74.125.200.0-255,2184,93463,15,202081
15747,0.000728,172.31.36.0-255,66,93529,15,202081
15748,0.000731,172.31.36.0-255,66,93595,15,202081
15749,0.000878,74.125.200.0-255,1484,95079,15,202081
15750,0.000884,74.125.200.0-255,2902,97981,15,202081
15751,0.000887,172.31.36.0-255,66,98047,15,202081
15752,0.000893,74.125.200.0-255,5738,103785,15,202081
15753,0.000895,172.31.36.0-255,66,103851,15,202081
15754,0.000926,172.31.36.0-255,66,103917,15,202081
15755,0.000973,172.31.36.0-255,66,103983,15,202081
15756,0.000991,74.125.200.0-255,1484,105467,15,202081
15757,0.000995,74.125.200.0-255,2184,107651,15,202081
15758,0.000997,172.31.36.0-255,66,107717,15,202081
15759,0.001305,74.125.200.0-255,1484,109201,15,202081
15760,0.00131,74.125.200.0-255,1484,110685,15,202081
15761,0.001314,172.31.36.0-255,66,110751,15,202081
15762,0.00133,74.125.200.0-255,1484,112235,15,202081
15763,0.001333,74.125.200.0-255,1484,113719,15,202081
15764,0.001334,172.31.36.0-255,66,113785,15,202081
15765,0.001359,74.125.200.0-255,4320,118105,15,202081
15766,0.001362,172.31.36.0-255,66,118171,15,202081
15767,0.001381,74.125.200.0-255,4320,122491,15,202081
15768,0.001383,172.31.36.0-255,66,122557,15,202081
15769,0.001411,172.31.36.0-255,66,122623,15,202081
15770,0.001462,74.125.200.0-255,4320,126943,15,202081
15771,0.001465,172.31.36.0-255,66,127009,15,202081
15772,0.001488,74.125.200.0-255,6438,133447,15,202081
15773,0.001491,172.31.36.0-255,66,133513,15,202081
15774,0.001764,74.125.200.0-255,1484,134997,15,202081
15775,0.001772,74.125.200.0-255,1484,136481,15,202081
15776,0.001775,172.31.36.0-255,66,136547,15,202081
15777,0.001795,74.125.200.0-255,1484,138031,15,202081
15778,0.0018,74.125.200.0-255,4320,142351,15,202081
15779,0.001802,172.31.36.0-255,66,142417,15,202081
15780,0.001835,74.125.200.0-255,2902,145319,15,202081
15781,0.001838,172.31.36.0-255,66,145385,15,202081
15782,0.00186,74.125.200.0-255,5738,151123,15,202081
15783,0.001862,172.31.36.0-255,66,151189,15,202081
15784,0.001867,74.125.200.0-255,4320,155509,15,202081
15785,0.001869,172.31.36.0-255,66,155575,15,202081
15786,0.001874,74.125.200.0-255,4320,159895,15,202081
15787,0.001876,172.31.36.0-255,66,159961,15,202081
15788,0.0019,74.125.200.0-255,1484,161445,15,202081
15789,0.001997,74.125.200.0-255,4320,165765,15,202081
15790,0.002002,172.31.36.0-255,66,165831,15,202081
15791,0.002014,74.125.200.0-255,2184,168015,15,202081
15792,0.002016,172.31.36.0-255,66,168081,15,202081
15793,0.002098,74.125.200.0-255,1484,169565,15,202081
15794,0.002104,74.125.200.0-255,2902,172467,15,202081
15795,0.002107,172.31.36.0-255,66,172533,15,202081
15796,0.002112,74.125.200.0-255,4320,176853,15,202081
15797,0.002113,172.31.36.0-255,66,176919,15,202081
15798,0.002135,74.125.200.0-255,1484,178403,15,202081
15799,0.002139,74.125.200.0-255,4320,182723,15,202081
15800,0.002142,172.31.36.0-255,66,182789,15,202081
15801,0.002172,74.125.200.0-255,2902,185691,15,202081
15802,0.002175,172.31.36.0-255,66,185757,15,202081
15803,0.002186,172.31.36.0-255,66,185823,15,202081
15804,0.002218,172.31.36.0-255,66,185889,15,202081
15805,0.004652,74.125.200.0-255,2902,188791,15,202081
15806,0.004657,172.31.36.0-255,66,188857,15,202081
15807,0.004677,74.125.200.0-255,2902,191759,15,202081
15808,0.00468,172.31.36.0-255,66,191825,15,202081
15809,0.006766,74.125.200.0-255,4320,196145,15,202081
15810,0.006771,172.31.36.0-255,66,196211,15,202081
15811,0.006785,74.125.200.0-255,1484,197695,15,202081
15812,0.008889,74.125.200.0-255,4320,202015,15,202081
15813,0.008896,172.31.36.0-255,66,202081,15,202081
15814,0.0,74.125.24.0-255,153,153,15,99552
15815,2.3e-05,172.31.36.0-255,66,219,15,99552
15816,2.9e-05,74.125.24.0-255,1484,1703,15,99552
15817,3.3e-05,172.31.36.0-255,66,1769,15,99552
15818,3.7e-05,74.125.24.0-255,2902,4671,15,99552
15819,3.9e-05,172.31.36.0-255,66,4737,15,99552
15820,4.3e-05,74.125.24.0-255,2902,7639,15,99552
15821,4.5e-05,172.31.36.0-255,66,7705,15,99552
15822,9.9e-05,74.125.24.0-255,4320,12025,15,99552
15823,0.000102,172.31.36.0-255,66,12091,15,99552
15824,0.000122,74.125.24.0-255,2038,14129,15,99552
15825,0.000125,172.31.36.0-255,66,14195,15,99552
15826,0.000143,74.125.24.0-255,1484,15679,15,99552
15827,0.000145,172.31.36.0-255,66,15745,15,99552
15828,0.000166,74.125.24.0-255,2902,18647,15,99552
15829,0.000168,172.31.36.0-255,66,18713,15,99552
15830,0.000174,74.125.24.0-255,5738,24451,15,99552
15831,0.000177,172.31.36.0-255,66,24517,15,99552
15832,0.0002,74.125.24.0-255,4320,28837,15,99552
15833,0.000203,172.31.36.0-255,66,28903,15,99552
15834,0.000225,74.125.24.0-255,2543,31446,15,99552
15835,0.000228,172.31.36.0-255,66,31512,15,99552
15836,0.000235,74.125.24.0-255,7156,38668,15,99552
15837,0.000237,172.31.36.0-255,66,38734,15,99552
15838,0.000279,172.31.36.0-255,66,38800,15,99552
15839,0.001336,74.125.24.0-255,1484,40284,15,99552
15840,0.001343,172.31.36.0-255,66,40350,15,99552
15841,0.001353,74.125.24.0-255,2902,43252,15,99552
15842,0.001355,172.31.36.0-255,66,43318,15,99552
15843,0.001361,74.125.24.0-255,5738,49056,15,99552
15844,0.001364,172.31.36.0-255,66,49122,15,99552
15845,0.001368,74.125.24.0-255,2902,52024,15,99552
15846,0.00137,172.31.36.0-255,66,52090,15,99552
15847,0.001374,74.125.24.0-255,3961,56051,15,99552
15848,0.001376,172.31.36.0-255,66,56117,15,99552
15849,0.001399,74.125.24.0-255,5738,61855,15,99552
15850,0.001401,172.31.36.0-255,66,61921,15,99552
15851,0.001427,74.125.24.0-255,2902,64823,15,99552
15852,0.00143,172.31.36.0-255,66,64889,15,99552
15853,0.001442,172.31.36.0-255,66,64955,15,99552
15854,0.001454,74.125.24.0-255,1484,66439,15,99552
15855,0.00147,74.125.24.0-255,2902,69341,15,99552
15856,0.001473,172.31.36.0-255,66,69407,15,99552
15857,0.001478,74.125.24.0-255,4320,73727,15,99552
15858,0.00148,172.31.36.0-255,66,73793,15,99552
15859,0.001497,74.125.24.0-255,1484,75277,15,99552
15860,0.001518,74.125.24.0-255,6797,82074,15,99552
15861,0.001522,172.31.36.0-255,66,82140,15,99552
15862,0.004105,74.125.24.0-255,5738,87878,15,99552
15863,0.004111,172.31.36.0-255,66,87944,15,99552
15864,0.006663,74.125.24.0-255,5738,93682,15,99552
15865,0.006668,172.31.36.0-255,66,93748,15,99552
15866,0.009262,74.125.24.0-255,5738,99486,15,99552
15867,0.009269,172.31.36.0-255,66,99552,15,99552
15868,0.0,172.217.194.0-255,153,153,15,135003
15869,3.7e-05,172.31.36.0-255,66,219,15,135003
15870,4.4e-05,172.217.194.0-255,1484,1703,15,135003
15871,4.9e-05,172.31.36.0-255,66,1769,15,135003
15872,6.1e-05,172.217.194.0-255,2902,4671,15,135003
15873,6.4e-05,172.31.36.0-255,66,4737,15,135003
15874,7.1e-05,172.217.194.0-255,7156,11893,15,135003
15875,7.4e-05,172.31.36.0-255,66,11959,15,135003
15876,7.8e-05,172.217.194.0-255,2078,14037,15,135003
15877,8.1e-05,172.31.36.0-255,66,14103,15,135003
15878,0.001403,172.217.194.0-255,1484,15587,15,135003
15879,0.00141,172.31.36.0-255,66,15653,15,135003
15880,0.001419,172.217.194.0-255,2902,18555,15,135003
15881,0.001421,172.31.36.0-255,66,18621,15,135003
15882,0.001433,172.217.194.0-255,5738,24359,15,135003
15883,0.001435,172.31.36.0-255,66,24425,15,135003
15884,0.001441,172.217.194.0-255,5738,30163,15,135003
15885,0.001443,172.31.36.0-255,66,30229,15,135003
15886,0.001479,172.217.194.0-255,1125,31354,15,135003
15887,0.001482,172.31.36.0-255,66,31420,15,135003
15888,0.001539,172.217.194.0-255,1484,32904,15,135003
15889,0.001541,172.31.36.0-255,66,32970,15,135003
15890,0.001546,172.217.194.0-255,2902,35872,15,135003
15891,0.001549,172.31.36.0-255,66,35938,15,135003
15892,0.00156,172.217.194.0-255,5738,41676,15,135003
15893,0.001562,172.31.36.0-255,66,41742,15,135003
15894,0.001593,172.217.194.0-255,6797,48539,15,135003
15895,0.001595,172.31.36.0-255,66,48605,15,135003
15896,0.001621,172.217.194.0-255,2902,51507,15,135003
15897,0.001623,172.31.36.0-255,66,51573,15,135003
15898,0.001655,172.31.36.0-255,66,51639,15,135003
15899,0.001659,172.217.194.0-255,2543,54182,15,135003
15900,0.001661,172.31.36.0-255,66,54248,15,135003
15901,0.001664,172.217.194.0-255,676,54924,15,135003
15902,0.001978,172.217.194.0-255,1484,56408,15,135003
15903,0.00198,172.31.36.0-255,66,56474,15,135003
15904,0.001984,172.217.194.0-255,1484,57958,15,135003
15905,0.002001,172.217.194.0-255,1484,59442,15,135003
15906,0.002002,172.31.36.0-255,66,59508,15,135003
15907,0.002009,172.217.194.0-255,5738,65246,15,135003
15908,0.002011,172.31.36.0-255,66,65312,15,135003
15909,0.002036,172.217.194.0-255,5738,71050,15,135003
15910,0.002038,172.31.36.0-255,66,71116,15,135003
15911,0.002067,172.217.194.0-255,7156,78272,15,135003
15912,0.00207,172.31.36.0-255,66,78338,15,135003
15913,0.00208,172.31.36.0-255,66,78404,15,135003
15914,0.002084,172.217.194.0-255,2184,80588,15,135003
15915,0.002086,172.31.36.0-255,66,80654,15,135003
15916,0.00219,172.217.194.0-255,1484,82138,15,135003
15917,0.002207,172.217.194.0-255,2902,85040,15,135003
15918,0.002211,172.31.36.0-255,66,85106,15,135003
15919,0.002215,172.217.194.0-255,2902,88008,15,135003
15920,0.002217,172.31.36.0-255,66,88074,15,135003
15921,0.002245,172.217.194.0-255,2902,90976,15,135003
15922,0.002247,172.31.36.0-255,66,91042,15,135003
15923,0.002254,172.217.194.0-255,7156,98198,15,135003
15924,0.002256,172.31.36.0-255,66,98264,15,135003
15925,0.002294,172.31.36.0-255,66,98330,15,135003
15926,0.002304,172.31.36.0-255,66,98396,15,135003
15927,0.002327,172.217.194.0-255,4320,102716,15,135003
15928,0.002329,172.31.36.0-255,66,102782,15,135003
15929,0.002359,172.217.194.0-255,4320,107102,15,135003
15930,0.002362,172.31.36.0-255,66,107168,15,135003
15931,0.002368,172.217.194.0-255,5738,112906,15,135003
15932,0.00237,172.31.36.0-255,66,112972,15,135003
15933,0.002384,172.217.194.0-255,4320,117292,15,135003
15934,0.002386,172.31.36.0-255,66,117358,15,135003
15935,0.002421,172.31.36.0-255,66,117424,15,135003
15936,0.003654,172.31.36.0-255,101,117525,15,135003
15937,0.004769,172.217.194.0-255,5738,123263,15,135003
15938,0.004775,172.31.36.0-255,66,123329,15,135003
15939,0.005979,172.217.194.0-255,66,123395,15,135003
15940,0.007087,172.217.194.0-255,5738,129133,15,135003
15941,0.007095,172.31.36.0-255,66,129199,15,135003
15942,0.009443,172.217.194.0-255,5738,134937,15,135003
15943,0.00945,172.31.36.0-255,66,135003,15,135003
15944,0.0,172.217.194.0-255,153,153,15,179328
15945,2e-05,172.31.36.0-255,66,219,15,179328
15946,2.8e-05,172.217.194.0-255,1484,1703,15,179328
15947,3.3e-05,172.31.36.0-255,66,1769,15,179328
15948,4.7e-05,172.217.194.0-255,2902,4671,15,179328
15949,4.9e-05,172.31.36.0-255,66,4737,15,179328
15950,5.7e-05,172.217.194.0-255,7156,11893,15,179328
15951,6e-05,172.31.36.0-255,66,11959,15,179328
15952,6.4e-05,172.217.194.0-255,2067,14026,15,179328
15953,6.6e-05,172.31.36.0-255,66,14092,15,179328
15954,0.000139,172.217.194.0-255,1484,15576,15,179328
15955,0.000142,172.31.36.0-255,66,15642,15,179328
15956,0.000147,172.217.194.0-255,2902,18544,15,179328
15957,0.00015,172.31.36.0-255,66,18610,15,179328
15958,0.000163,172.217.194.0-255,5738,24348,15,179328
15959,0.000165,172.31.36.0-255,66,24414,15,179328
15960,0.000172,172.217.194.0-255,5738,30152,15,179328
15961,0.000174,172.31.36.0-255,66,30218,15,179328
15962,0.000199,172.217.194.0-255,1125,31343,15,179328
15963,0.000201,172.31.36.0-255,66,31409,15,179328
15964,0.000222,172.31.36.0-255,66,31475,15,179328
15965,0.000227,172.217.194.0-255,2902,34377,15,179328
15966,0.000229,172.31.36.0-255,66,34443,15,179328
15967,0.00027,172.31.36.0-255,66,34509,15,179328
15968,0.000274,172.217.194.0-255,2795,37304,15,179328
15969,0.000276,172.31.36.0-255,66,37370,15,179328
15970,0.000405,172.217.194.0-255,1484,38854,15,179328
15971,0.000411,172.31.36.0-255,66,38920,15,179328
15972,0.000417,172.217.194.0-255,2902,41822,15,179328
15973,0.000419,172.31.36.0-255,66,41888,15,179328
15974,0.00045,172.217.194.0-255,5738,47626,15,179328
15975,0.000453,172.31.36.0-255,66,47692,15,179328
15976,0.000461,172.217.194.0-255,7156,54848,15,179328
15977,0.000463,172.31.36.0-255,66,54914,15,179328
15978,0.0005,172.217.194.0-255,5738,60652,15,179328
15979,0.000503,172.31.36.0-255,66,60718,15,179328
15980,0.00052,172.31.36.0-255,66,60784,15,179328
15981,0.001208,172.217.194.0-255,1484,62268,15,179328
15982,0.001216,172.217.194.0-255,2902,65170,15,179328
15983,0.00122,172.31.36.0-255,66,65236,15,179328
15984,0.001228,172.217.194.0-255,4320,69556,15,179328
15985,0.00123,172.31.36.0-255,66,69622,15,179328
15986,0.00125,172.217.194.0-255,1484,71106,15,179328
15987,0.001261,172.31.36.0-255,66,71172,15,179328
15988,0.001285,172.217.194.0-255,4320,75492,15,179328
15989,0.001288,172.31.36.0-255,66,75558,15,179328
15990,0.001293,172.217.194.0-255,2902,78460,15,179328
15991,0.001294,172.31.36.0-255,66,78526,15,179328
15992,0.001331,172.31.36.0-255,66,78592,15,179328
15993,0.001357,172.217.194.0-255,1484,80076,15,179328
15994,0.001362,172.217.194.0-255,2902,82978,15,179328
15995,0.001365,172.31.36.0-255,66,83044,15,179328
15996,0.001371,172.217.194.0-255,4320,87364,15,179328
15997,0.001373,172.31.36.0-255,66,87430,15,179328
15998,0.001401,172.217.194.0-255,1484,88914,15,179328
15999,0.001412,172.31.36.0-255,66,88980,15,179328
16000,0.001421,172.217.194.0-255,7156,96136,15,179328
16001,0.001423,172.31.36.0-255,66,96202,15,179328
16002,0.00144,172.217.194.0-255,2902,99104,15,179328
16003,0.001443,172.31.36.0-255,66,99170,15,179328
16004,0.001454,172.217.194.0-255,5020,104190,15,179328
16005,0.001456,172.31.36.0-255,66,104256,15,179328
16006,0.001896,172.217.194.0-255,1484,105740,15,179328
16007,0.001914,172.217.194.0-255,2902,108642,15,179328
16008,0.001919,172.217.194.0-255,4320,112962,15,179328
16009,0.001924,172.31.36.0-255,66,113028,15,179328
16010,0.001932,172.31.36.0-255,66,113094,15,179328
16011,0.001936,172.217.194.0-255,1484,114578,15,179328
16012,0.001946,172.217.194.0-255,4320,118898,15,179328
16013,0.001948,172.31.36.0-255,66,118964,15,179328
16014,0.001988,172.31.36.0-255,66,119030,15,179328
16015,0.001992,172.217.194.0-255,1484,120514,15,179328
16016,0.001995,172.217.194.0-255,1484,121998,15,179328
16017,0.001997,172.31.36.0-255,66,122064,15,179328
16018,0.002038,172.31.36.0-255,66,122130,15,179328
16019,0.00217,172.217.194.0-255,1484,123614,15,179328
16020,0.002176,172.217.194.0-255,2902,126516,15,179328
16021,0.002179,172.31.36.0-255,66,126582,15,179328
16022,0.002184,172.217.194.0-255,2902,129484,15,179328
16023,0.002187,172.31.36.0-255,66,129550,15,179328
16024,0.002223,172.217.194.0-255,2902,132452,15,179328
16025,0.002226,172.31.36.0-255,66,132518,15,179328
16026,0.002232,172.217.194.0-255,5738,138256,15,179328
16027,0.002234,172.31.36.0-255,66,138322,15,179328
16028,0.002252,172.31.36.0-255,66,138388,15,179328
16029,0.002259,172.217.194.0-255,5020,143408,15,179328
16030,0.002261,172.31.36.0-255,66,143474,15,179328
16031,0.002267,172.217.194.0-255,5738,149212,15,179328
16032,0.002273,172.31.36.0-255,66,149278,15,179328
16033,0.002326,172.31.36.0-255,66,149344,15,179328
16034,0.002342,172.31.36.0-255,66,149410,15,179328
16035,0.002371,172.217.194.0-255,5020,154430,15,179328
16036,0.002374,172.31.36.0-255,66,154496,15,179328
16037,0.002485,172.217.194.0-255,1484,155980,15,179328
16038,0.00249,172.217.194.0-255,2902,158882,15,179328
16039,0.002494,172.31.36.0-255,66,158948,15,179328
16040,0.002523,172.217.194.0-255,5738,164686,15,179328
16041,0.002526,172.31.36.0-255,66,164752,15,179328
16042,0.002531,172.217.194.0-255,2902,167654,15,179328
16043,0.002533,172.31.36.0-255,66,167720,15,179328
16044,0.005012,172.217.194.0-255,5738,173458,15,179328
16045,0.005021,172.31.36.0-255,66,173524,15,179328
16046,0.007542,172.217.194.0-255,5738,179262,15,179328
16047,0.007549,172.31.36.0-255,66,179328,15,179328
16048,0.0,74.125.24.0-255,153,153,15,118076
16049,3.1e-05,172.31.36.0-255,66,219,15,118076
16050,4e-05,74.125.24.0-255,1484,1703,15,118076
16051,4.3e-05,172.31.36.0-255,66,1769,15,118076
16052,5.6e-05,74.125.24.0-255,2902,4671,15,118076
16053,6e-05,172.31.36.0-255,66,4737,15,118076
16054,6.5e-05,74.125.24.0-255,4320,9057,15,118076
16055,6.8e-05,172.31.36.0-255,66,9123,15,118076
16056,7.4e-05,74.125.24.0-255,4901,14024,15,118076
16057,7.7e-05,172.31.36.0-255,66,14090,15,118076
16058,0.000309,74.125.24.0-255,1484,15574,15,118076
16059,0.000315,172.31.36.0-255,66,15640,15,118076
16060,0.000322,74.125.24.0-255,2902,18542,15,118076
16061,0.000327,172.31.36.0-255,66,18608,15,118076
16062,0.000335,74.125.24.0-255,1484,20092,15,118076
16063,0.000339,172.31.36.0-255,66,20158,15,118076
16064,0.000342,74.125.24.0-255,1484,21642,15,118076
16065,0.000345,172.31.36.0-255,66,21708,15,118076
16066,0.000369,74.125.24.0-255,1484,23192,15,118076
16067,0.000372,172.31.36.0-255,66,23258,15,118076
16068,0.00038,74.125.24.0-255,5738,28996,15,118076
16069,0.000383,172.31.36.0-255,66,29062,15,118076
16070,0.000415,74.125.24.0-255,2543,31605,15,118076
16071,0.000419,172.31.36.0-255,66,31671,15,118076
16072,0.000425,74.125.24.0-255,2902,34573,15,118076
16073,0.000427,172.31.36.0-255,66,34639,15,118076
16074,0.000486,74.125.24.0-255,2902,37541,15,118076
16075,0.00049,172.31.36.0-255,66,37607,15,118076
16076,0.000497,74.125.24.0-255,7156,44763,15,118076
16077,0.000499,172.31.36.0-255,66,44829,15,118076
16078,0.000506,74.125.24.0-255,7156,51985,15,118076
16079,0.000509,172.31.36.0-255,66,52051,15,118076
16080,0.000548,172.31.36.0-255,66,52117,15,118076
16081,0.000554,74.125.24.0-255,4320,56437,15,118076
16082,0.000558,172.31.36.0-255,66,56503,15,118076
16083,0.000589,74.125.24.0-255,766,57269,15,118076
16084,0.000594,74.125.24.0-255,443,57712,15,118076
16085,0.000771,74.125.24.0-255,330,58042,15,118076
16086,0.001121,74.125.24.0-255,1484,59526,15,118076
16087,0.001126,74.125.24.0-255,2902,62428,15,118076
16088,0.00113,172.31.36.0-255,66,62494,15,118076
16089,0.001135,172.31.36.0-255,66,62560,15,118076
16090,0.001152,74.125.24.0-255,5738,68298,15,118076
16091,0.001156,172.31.36.0-255,66,68364,15,118076
16092,0.001159,74.125.24.0-255,5738,74102,15,118076
16093,0.001162,172.31.36.0-255,66,74168,15,118076
16094,0.001193,172.31.36.0-255,66,74234,15,118076
16095,0.001197,74.125.24.0-255,1484,75718,15,118076
16096,0.001225,74.125.24.0-255,3602,79320,15,118076
16097,0.001228,172.31.36.0-255,66,79386,15,118076
16098,0.00172,74.125.24.0-255,1484,80870,15,118076
16099,0.001731,74.125.24.0-255,2902,83772,15,118076
16100,0.001735,172.31.36.0-255,66,83838,15,118076
16101,0.001742,74.125.24.0-255,5738,89576,15,118076
16102,0.001744,172.31.36.0-255,66,89642,15,118076
16103,0.00178,172.31.36.0-255,66,89708,15,118076
16104,0.001811,74.125.24.0-255,5738,95446,15,118076
16105,0.001815,172.31.36.0-255,66,95512,15,118076
16106,0.001842,74.125.24.0-255,5020,100532,15,118076
16107,0.001846,172.31.36.0-255,66,100598,15,118076
16108,0.002297,74.125.24.0-255,1484,102082,15,118076
16109,0.004098,74.125.24.0-255,4320,106402,15,118076
16110,0.004104,172.31.36.0-255,66,106468,15,118076
16111,0.006364,74.125.24.0-255,5738,112206,15,118076
16112,0.00637,172.31.36.0-255,66,112272,15,118076
16113,0.008633,74.125.24.0-255,5738,118010,15,118076
16114,0.008639,172.31.36.0-255,66,118076,15,118076
16115,0.0,74.125.24.0-255,146,146,15,238475
16116,3.5e-05,172.31.36.0-255,66,212,15,238475
16117,4.1e-05,74.125.24.0-255,1484,1696,15,238475
16118,4.5e-05,172.31.36.0-255,66,1762,15,238475
16119,4.9e-05,74.125.24.0-255,2902,4664,15,238475
16120,5.2e-05,172.31.36.0-255,66,4730,15,238475
16121,6.5e-05,74.125.24.0-255,4320,9050,15,238475
16122,6.8e-05,172.31.36.0-255,66,9116,15,238475
16123,7.1e-05,74.125.24.0-255,1484,10600,15,238475
16124,7.4e-05,172.31.36.0-255,66,10666,15,238475
16125,0.000114,74.125.24.0-255,3475,14141,15,238475
16126,0.000117,172.31.36.0-255,66,14207,15,238475
16127,0.000162,74.125.24.0-255,1484,15691,15,238475
16128,0.000166,172.31.36.0-255,66,15757,15,238475
16129,0.000172,74.125.24.0-255,2902,18659,15,238475
16130,0.000174,172.31.36.0-255,66,18725,15,238475
16131,0.000227,74.125.24.0-255,5738,24463,15,238475
16132,0.000232,172.31.36.0-255,66,24529,15,238475
16133,0.00024,74.125.24.0-255,6797,31326,15,238475
16134,0.000242,172.31.36.0-255,66,31392,15,238475
16135,0.000337,74.125.24.0-255,1484,32876,15,238475
16136,0.000342,172.31.36.0-255,66,32942,15,238475
16137,0.000348,74.125.24.0-255,2902,35844,15,238475
16138,0.000351,172.31.36.0-255,66,35910,15,238475
16139,0.000389,74.125.24.0-255,5738,41648,15,238475
16140,0.000393,172.31.36.0-255,66,41714,15,238475
16141,0.000406,172.31.36.0-255,66,41780,15,238475
16142,0.000418,172.31.36.0-255,66,41846,15,238475
16143,0.000444,74.125.24.0-255,1424,43270,15,238475
16144,0.000448,172.31.36.0-255,66,43336,15,238475
16145,0.000451,74.125.24.0-255,129,43465,15,238475
16146,0.000454,172.31.36.0-255,66,43531,15,238475
16147,0.000483,74.125.24.0-255,347,43878,15,238475
16148,0.000488,172.31.36.0-255,66,43944,15,238475
16149,0.000766,74.125.24.0-255,1484,45428,15,238475
16150,0.000772,172.31.36.0-255,66,45494,15,238475
16151,0.000778,74.125.24.0-255,2902,48396,15,238475
16152,0.00078,172.31.36.0-255,66,48462,15,238475
16153,0.000783,74.125.24.0-255,1484,49946,15,238475
16154,0.000785,172.31.36.0-255,66,50012,15,238475
16155,0.000811,74.125.24.0-255,4320,54332,15,238475
16156,0.000814,172.31.36.0-255,66,54398,15,238475
16157,0.000832,172.31.36.0-255,66,54464,15,238475
16158,0.000835,74.125.24.0-255,1484,55948,15,238475
16159,0.000837,172.31.36.0-255,66,56014,15,238475
16160,0.000879,172.31.36.0-255,66,56080,15,238475
16161,0.00103,74.125.24.0-255,1484,57564,15,238475
16162,0.001036,172.31.36.0-255,66,57630,15,238475
16163,0.001042,74.125.24.0-255,2902,60532,15,238475
16164,0.001045,172.31.36.0-255,66,60598,15,238475
16165,0.001054,74.125.24.0-255,1484,62082,15,238475
16166,0.001057,172.31.36.0-255,66,62148,15,238475
16167,0.001088,74.125.24.0-255,4320,66468,15,238475
16168,0.001092,172.31.36.0-255,66,66534,15,238475
16169,0.001107,172.31.36.0-255,66,66600,15,238475
16170,0.001114,74.125.24.0-255,7156,73756,15,238475
16171,0.001117,172.31.36.0-255,66,73822,15,238475
16172,0.001145,74.125.24.0-255,3602,77424,15,238475
16173,0.001149,172.31.36.0-255,66,77490,15,238475
16174,0.001236,74.125.24.0-255,1484,78974,15,238475
16175,0.001243,74.125.24.0-255,2902,81876,15,238475
16176,0.001246,172.31.36.0-255,66,81942,15,238475
16177,0.001251,74.125.24.0-255,2902,84844,15,238475
16178,0.001254,172.31.36.0-255,66,84910,15,238475
16179,0.001278,74.125.24.0-255,2902,87812,15,238475
16180,0.001281,172.31.36.0-255,66,87878,15,238475
16181,0.001288,74.125.24.0-255,7156,95034,15,238475
16182,0.001291,172.31.36.0-255,66,95100,15,238475
16183,0.001326,74.125.24.0-255,5738,100838,15,238475
16184,0.001339,74.125.24.0-255,766,101604,15,238475
16185,0.001371,74.125.24.0-255,1484,103088,15,238475
16186,0.001391,74.125.24.0-255,4320,107408,15,238475
16187,0.001394,74.125.24.0-255,1484,108892,15,238475
16188,0.001412,74.125.24.0-255,4320,113212,15,238475
16189,0.001415,74.125.24.0-255,1484,114696,15,238475
16190,0.001434,74.125.24.0-255,5738,120434,15,238475
16191,0.001453,74.125.24.0-255,4320,124754,15,238475
16192,0.001456,74.125.24.0-255,1484,126238,15,238475
16193,0.001604,74.125.24.0-255,1484,127722,15,238475
16194,0.001609,74.125.24.0-255,2902,130624,15,238475
16195,0.001624,74.125.24.0-255,5738,136362,15,238475
16196,0.001631,74.125.24.0-255,5738,142100,15,238475
16197,0.001652,74.125.24.0-255,7156,149256,15,238475
16198,0.001658,74.125.24.0-255,5738,154994,15,238475
16199,0.001673,74.125.24.0-255,5020,160014,15,238475
16200,0.001678,74.125.24.0-255,4320,164334,15,238475
16201,0.001703,74.125.24.0-255,7156,171490,15,238475
16202,0.001729,74.125.24.0-255,5738,177228,15,238475
16203,0.001771,74.125.24.0-255,2184,179412,15,238475
16204,0.001937,74.125.24.0-255,1484,180896,15,238475
16205,0.001944,74.125.24.0-255,2902,183798,15,238475
16206,0.001961,74.125.24.0-255,5738,189536,15,238475
16207,0.002004,74.125.24.0-255,4320,193856,15,238475
16208,0.00202,74.125.24.0-255,6438,200294,15,238475
16209,0.002085,74.125.24.0-255,1484,201778,15,238475
16210,0.002089,74.125.24.0-255,2902,204680,15,238475
16211,0.002108,74.125.24.0-255,5738,210418,15,238475
16212,0.002143,74.125.24.0-255,1484,211902,15,238475
16213,0.002168,74.125.24.0-255,7156,219058,15,238475
16214,0.002196,74.125.24.0-255,7156,226214,15,238475
16215,0.00223,74.125.24.0-255,7156,233370,15,238475
16216,0.00231,74.125.24.0-255,4829,238199,15,238475
16217,0.002358,74.125.24.0-255,105,238304,15,238475
16218,0.005184,172.31.36.0-255,66,238370,15,238475
16219,0.007904,172.31.36.0-255,105,238475,15,238475
16220,0.0,172.217.194.0-255,146,146,15,164804
16221,3.4e-05,172.31.36.0-255,66,212,15,164804
16222,4.1e-05,172.217.194.0-255,1484,1696,15,164804
16223,4.6e-05,172.31.36.0-255,66,1762,15,164804
16224,6e-05,172.217.194.0-255,2902,4664,15,164804
16225,6.3e-05,172.31.36.0-255,66,4730,15,164804
16226,6.8e-05,172.217.194.0-255,2902,7632,15,164804
16227,7e-05,172.31.36.0-255,66,7698,15,164804
16228,0.000103,172.217.194.0-255,1484,9182,15,164804
16229,0.000106,172.31.36.0-255,66,9248,15,164804
16230,0.000136,172.217.194.0-255,4804,14052,15,164804
16231,0.000139,172.31.36.0-255,66,14118,15,164804
16232,0.000223,172.217.194.0-255,1484,15602,15,164804
16233,0.000227,172.31.36.0-255,66,15668,15,164804
16234,0.000232,172.217.194.0-255,2902,18570,15,164804
16235,0.000235,172.31.36.0-255,66,18636,15,164804
16236,0.000243,172.217.194.0-255,1484,20120,15,164804
16237,0.000245,172.31.36.0-255,66,20186,15,164804
16238,0.000277,172.217.194.0-255,4320,24506,15,164804
16239,0.000281,172.31.36.0-255,66,24572,15,164804
16240,0.000286,172.217.194.0-255,2902,27474,15,164804
16241,0.000289,172.31.36.0-255,66,27540,15,164804
16242,0.000309,172.217.194.0-255,3961,31501,15,164804
16243,0.000319,172.31.36.0-255,66,31567,15,164804
16244,0.000392,172.217.194.0-255,1484,33051,15,164804
16245,0.000396,172.31.36.0-255,66,33117,15,164804
16246,0.000401,172.217.194.0-255,2902,36019,15,164804
16247,0.000403,172.31.36.0-255,66,36085,15,164804
16248,0.000408,172.217.194.0-255,2902,38987,15,164804
16249,0.000416,172.31.36.0-255,66,39053,15,164804
16250,0.000443,172.217.194.0-255,2902,41955,15,164804
16251,0.000446,172.31.36.0-255,66,42021,15,164804
16252,0.000459,172.31.36.0-255,66,42087,15,164804
16253,0.000483,172.217.194.0-255,1125,43212,15,164804
16254,0.000504,172.31.36.0-255,66,43278,15,164804
16255,0.000508,172.217.194.0-255,1125,44403,15,164804
16256,0.000532,172.217.194.0-255,358,44761,15,164804
16257,0.00056,172.217.194.0-255,385,45146,15,164804
16258,0.000563,172.31.36.0-255,66,45212,15,164804
16259,0.000814,172.217.194.0-255,1484,46696,15,164804
16260,0.00082,172.217.194.0-255,2902,49598,15,164804
16261,0.000824,172.31.36.0-255,66,49664,15,164804
16262,0.000846,172.217.194.0-255,5738,55402,15,164804
16263,0.000849,172.31.36.0-255,66,55468,15,164804
16264,0.000852,172.217.194.0-255,1484,56952,15,164804
16265,0.000859,172.217.194.0-255,7156,64108,15,164804
16266,0.000862,172.31.36.0-255,66,64174,15,164804
16267,0.000894,172.217.194.0-255,1484,65658,15,164804
16268,0.000908,172.217.194.0-255,2902,68560,15,164804
16269,0.000913,172.31.36.0-255,66,68626,15,164804
16270,0.000927,172.217.194.0-255,7156,75782,15,164804
16271,0.000931,172.31.36.0-255,66,75848,15,164804
16272,0.000959,172.217.194.0-255,3602,79450,15,164804
16273,0.000963,172.31.36.0-255,66,79516,15,164804
16274,0.001018,172.217.194.0-255,1484,81000,15,164804
16275,0.001023,172.217.194.0-255,2902,83902,15,164804
16276,0.001026,172.31.36.0-255,66,83968,15,164804
16277,0.001053,172.217.194.0-255,5738,89706,15,164804
16278,0.001056,172.31.36.0-255,66,89772,15,164804
16279,0.001063,172.217.194.0-255,5738,95510,15,164804
16280,0.001066,172.31.36.0-255,66,95576,15,164804
16281,0.001093,172.217.194.0-255,1484,97060,15,164804
16282,0.001106,172.31.36.0-255,66,97126,15,164804
16283,0.001135,172.217.194.0-255,4320,101446,15,164804
16284,0.001138,172.31.36.0-255,66,101512,15,164804
16285,0.001143,172.217.194.0-255,2184,103696,15,164804
16286,0.001146,172.31.36.0-255,66,103762,15,164804
16287,0.001149,172.217.194.0-255,1484,105246,15,164804
16288,0.001164,172.217.194.0-255,1484,106730,15,164804
16289,0.001166,172.31.36.0-255,66,106796,15,164804
16290,0.001189,172.217.194.0-255,1484,108280,15,164804
16291,0.001201,172.217.194.0-255,5738,114018,15,164804
16292,0.001204,172.31.36.0-255,66,114084,15,164804
16293,0.001215,172.31.36.0-255,66,114150,15,164804
16294,0.001247,172.217.194.0-255,4320,118470,15,164804
16295,0.00125,172.31.36.0-255,66,118536,15,164804
16296,0.001285,172.31.36.0-255,66,118602,15,164804
16297,0.001309,172.217.194.0-255,1484,120086,15,164804
16298,0.001343,172.31.36.0-255,66,120152,15,164804
16299,0.001382,172.217.194.0-255,1484,121636,15,164804
16300,0.001404,172.31.36.0-255,66,121702,15,164804
16301,0.001429,172.31.36.0-255,66,121768,15,164804
16302,0.001513,172.217.194.0-255,1484,123252,15,164804
16303,0.001532,172.217.194.0-255,2902,126154,15,164804
16304,0.001535,172.31.36.0-255,66,126220,15,164804
16305,0.001541,172.217.194.0-255,5738,131958,15,164804
16306,0.001544,172.31.36.0-255,66,132024,15,164804
16307,0.001588,172.31.36.0-255,66,132090,15,164804
16308,0.001617,172.217.194.0-255,2902,134992,15,164804
16309,0.00162,172.31.36.0-255,66,135058,15,164804
16310,0.001653,172.31.36.0-255,66,135124,15,164804
16311,0.002218,172.217.194.0-255,1484,136608,15,164804
16312,0.002224,172.217.194.0-255,2902,139510,15,164804
16313,0.002227,172.31.36.0-255,66,139576,15,164804
16314,0.00225,172.217.194.0-255,5738,145314,15,164804
16315,0.002253,172.31.36.0-255,66,145380,15,164804
16316,0.002256,172.217.194.0-255,1484,146864,15,164804
16317,0.002309,172.31.36.0-255,66,146930,15,164804
16318,0.002321,172.31.36.0-255,66,146996,15,164804
16319,0.002339,172.31.36.0-255,66,147062,15,164804
16320,0.002388,172.31.36.0-255,66,147128,15,164804
16321,0.002405,172.31.36.0-255,66,147194,15,164804
16322,0.002418,172.31.36.0-255,66,147260,15,164804
16323,0.002477,172.31.36.0-255,66,147326,15,164804
16324,0.004844,172.217.194.0-255,5738,153064,15,164804
16325,0.004866,172.31.36.0-255,66,153130,15,164804
16326,0.00731,172.217.194.0-255,5738,158868,15,164804
16327,0.007329,172.31.36.0-255,66,158934,15,164804
16328,0.009681,172.217.194.0-255,4320,163254,15,164804
16329,0.009689,172.31.36.0-255,66,163320,15,164804
16330,0.009717,172.217.194.0-255,1484,164804,15,164804
16331,0.0,172.217.194.0-255,153,153,15,82814
16332,2.2e-05,172.31.36.0-255,66,219,15,82814
16333,3e-05,172.217.194.0-255,1484,1703,15,82814
16334,3.4e-05,172.31.36.0-255,66,1769,15,82814
16335,4e-05,172.217.194.0-255,2902,4671,15,82814
16336,5.1e-05,172.31.36.0-255,66,4737,15,82814
16337,5.9e-05,172.217.194.0-255,7156,11893,15,82814
16338,6.2e-05,172.31.36.0-255,66,11959,15,82814
16339,6.6e-05,172.217.194.0-255,2066,14025,15,82814
16340,6.8e-05,172.31.36.0-255,66,14091,15,82814
16341,0.000391,172.217.194.0-255,1484,15575,15,82814
16342,0.000397,172.31.36.0-255,66,15641,15,82814
16343,0.000405,172.217.194.0-255,2902,18543,15,82814
16344,0.000407,172.31.36.0-255,66,18609,15,82814
16345,0.00043,172.217.194.0-255,2902,21511,15,82814
16346,0.000433,172.31.36.0-255,66,21577,15,82814
16347,0.000438,172.217.194.0-255,4320,25897,15,82814
16348,0.000441,172.31.36.0-255,66,25963,15,82814
16349,0.000468,172.217.194.0-255,2902,28865,15,82814
16350,0.000475,172.31.36.0-255,66,28931,15,82814
16351,0.00048,172.217.194.0-255,2543,31474,15,82814
16352,0.000482,172.31.36.0-255,66,31540,15,82814
16353,0.000486,172.217.194.0-255,2902,34442,15,82814
16354,0.000488,172.31.36.0-255,66,34508,15,82814
16355,0.000543,172.217.194.0-255,7156,41664,15,82814
16356,0.000547,172.31.36.0-255,66,41730,15,82814
16357,0.000552,172.217.194.0-255,4320,46050,15,82814
16358,0.000555,172.31.36.0-255,66,46116,15,82814
16359,0.000574,172.217.194.0-255,2543,48659,15,82814
16360,0.000577,172.31.36.0-255,66,48725,15,82814
16361,0.001312,172.217.194.0-255,1484,50209,15,82814
16362,0.001318,172.31.36.0-255,66,50275,15,82814
16363,0.001328,172.217.194.0-255,2902,53177,15,82814
16364,0.001331,172.31.36.0-255,66,53243,15,82814
16365,0.001339,172.217.194.0-255,1484,54727,15,82814
16366,0.001344,172.217.194.0-255,2902,57629,15,82814
16367,0.001346,172.31.36.0-255,66,57695,15,82814
16368,0.001371,172.217.194.0-255,2902,60597,15,82814
16369,0.001377,172.31.36.0-255,66,60663,15,82814
16370,0.001413,172.217.194.0-255,5959,66622,15,82814
16371,0.001416,172.31.36.0-255,66,66688,15,82814
16372,0.005422,172.217.194.0-255,1484,68172,15,82814
16373,0.005431,172.217.194.0-255,2902,71074,15,82814
16374,0.005436,172.31.36.0-255,66,71140,15,82814
16375,0.005441,172.217.194.0-255,1484,72624,15,82814
16376,0.007712,172.217.194.0-255,4320,76944,15,82814
16377,0.007718,172.31.36.0-255,66,77010,15,82814
16378,0.009981,172.217.194.0-255,5738,82748,15,82814
16379,0.009986,172.31.36.0-255,66,82814,15,82814
16380,0.0,74.125.68.0-255,143,143,15,116965
16381,2.2e-05,172.31.36.0-255,66,209,15,116965
16382,2.9e-05,74.125.68.0-255,1484,1693,15,116965
16383,3.3e-05,172.31.36.0-255,66,1759,15,116965
16384,3.9e-05,74.125.68.0-255,2902,4661,15,116965
16385,5e-05,172.31.36.0-255,66,4727,15,116965
16386,5.4e-05,74.125.68.0-255,1484,6211,15,116965
16387,5.7e-05,172.31.36.0-255,66,6277,15,116965
16388,6.3e-05,74.125.68.0-255,2902,9179,15,116965
16389,6.6e-05,172.31.36.0-255,66,9245,15,116965
16390,0.000108,74.125.68.0-255,6273,15518,15,116965
16391,0.000112,172.31.36.0-255,66,15584,15,116965
16392,0.000137,74.125.68.0-255,7156,22740,15,116965
16393,0.00014,172.31.36.0-255,66,22806,15,116965
16394,0.000182,74.125.68.0-255,1484,24290,15,116965
16395,0.000184,172.31.36.0-255,66,24356,15,116965
16396,0.000211,74.125.68.0-255,2902,27258,15,116965
16397,0.000213,172.31.36.0-255,66,27324,15,116965
16398,0.000253,74.125.68.0-255,3961,31285,15,116965
16399,0.000256,172.31.36.0-255,66,31351,15,116965
16400,0.000317,74.125.68.0-255,1484,32835,15,116965
16401,0.00032,172.31.36.0-255,66,32901,15,116965
16402,0.000347,74.125.68.0-255,2902,35803,15,116965
16403,0.00035,172.31.36.0-255,66,35869,15,116965
16404,0.000354,74.125.68.0-255,2902,38771,15,116965
16405,0.000357,172.31.36.0-255,66,38837,15,116965
16406,0.000385,74.125.68.0-255,4320,43157,15,116965
16407,0.000388,172.31.36.0-255,66,43223,15,116965
16408,0.000413,74.125.68.0-255,5379,48602,15,116965
16409,0.000416,172.31.36.0-255,66,48668,15,116965
16410,0.000442,74.125.68.0-255,2902,51570,15,116965
16411,0.000444,172.31.36.0-255,66,51636,15,116965
16412,0.000468,74.125.68.0-255,2902,54538,15,116965
16413,0.000471,172.31.36.0-255,66,54604,15,116965
16414,0.000496,74.125.68.0-255,4320,58924,15,116965
16415,0.000499,172.31.36.0-255,66,58990,15,116965
16416,0.000535,74.125.68.0-255,5738,64728,15,116965
16417,0.000538,172.31.36.0-255,66,64794,15,116965
16418,0.000571,74.125.68.0-255,1434,66228,15,116965
16419,0.001156,172.31.36.0-255,66,66294,15,116965
16420,0.001606,74.125.68.0-255,109,66403,15,116965
16421,0.001785,74.125.68.0-255,1484,67887,15,116965
16422,0.001792,172.31.36.0-255,66,67953,15,116965
16423,0.001797,74.125.68.0-255,1484,69437,15,116965
16424,0.001819,74.125.68.0-255,1484,70921,15,116965
16425,0.001821,172.31.36.0-255,66,70987,15,116965
16426,0.001829,74.125.68.0-255,5738,76725,15,116965
16427,0.001831,172.31.36.0-255,66,76791,15,116965
16428,0.001863,74.125.68.0-255,5738,82529,15,116965
16429,0.001865,172.31.36.0-255,66,82595,15,116965
16430,0.001915,74.125.68.0-255,6797,89392,15,116965
16431,0.001918,172.31.36.0-255,66,89458,15,116965
16432,0.00195,74.125.68.0-255,5738,95196,15,116965
16433,0.001952,172.31.36.0-255,66,95262,15,116965
16434,0.001996,74.125.68.0-255,4320,99582,15,116965
16435,0.002,172.31.36.0-255,66,99648,15,116965
16436,0.002025,74.125.68.0-255,1125,100773,15,116965
16437,0.00444,172.31.36.0-255,66,100839,15,116965
16438,0.00541,74.125.68.0-255,1484,102323,15,116965
16439,0.00542,74.125.68.0-255,2902,105225,15,116965
16440,0.005423,172.31.36.0-255,66,105291,15,116965
16441,0.006663,74.125.68.0-255,1484,106775,15,116965
16442,0.007651,74.125.68.0-255,4320,111095,15,116965
16443,0.007656,172.31.36.0-255,66,111161,15,116965
16444,0.009875,74.125.68.0-255,5738,116899,15,116965
16445,0.009882,172.31.36.0-255,66,116965,15,116965
16446,0.0,74.125.24.0-255,153,153,15,257022
16447,1.5e-05,172.31.36.0-255,66,219,15,257022
16448,2.2e-05,74.125.24.0-255,1484,1703,15,257022
16449,2.7e-05,172.31.36.0-255,66,1769,15,257022
16450,3.2e-05,74.125.24.0-255,2902,4671,15,257022
16451,3.5e-05,172.31.36.0-255,66,4737,15,257022
16452,6.3e-05,74.125.24.0-255,4320,9057,15,257022
16453,6.6e-05,172.31.36.0-255,66,9123,15,257022
16454,8.8e-05,74.125.24.0-255,4867,13990,15,257022
16455,9.1e-05,172.31.36.0-255,66,14056,15,257022
16456,9.6e-05,74.125.24.0-255,2902,16958,15,257022
16457,9.9e-05,172.31.36.0-255,66,17024,15,257022
16458,0.000115,74.125.24.0-255,2902,19926,15,257022
16459,0.000117,172.31.36.0-255,66,19992,15,257022
16460,0.000142,74.125.24.0-255,2902,22894,15,257022
16461,0.000145,172.31.36.0-255,66,22960,15,257022
16462,0.000172,172.31.36.0-255,66,23026,15,257022
16463,0.000214,74.125.24.0-255,1484,24510,15,257022
16464,0.000217,172.31.36.0-255,66,24576,15,257022
16465,0.000221,74.125.24.0-255,1484,26060,15,257022
16466,0.000222,172.31.36.0-255,66,26126,15,257022
16467,0.000237,74.125.24.0-255,1484,27610,15,257022
16468,0.000239,172.31.36.0-255,66,27676,15,257022
16469,0.000242,74.125.24.0-255,1484,29160,15,257022
16470,0.000244,172.31.36.0-255,66,29226,15,257022
16471,0.00027,74.125.24.0-255,2902,32128,15,257022
16472,0.000272,172.31.36.0-255,66,32194,15,257022
16473,0.00029,74.125.24.0-255,5738,37932,15,257022
16474,0.000292,172.31.36.0-255,66,37998,15,257022
16475,0.000296,74.125.24.0-255,2543,40541,15,257022
16476,0.000298,172.31.36.0-255,66,40607,15,257022
16477,0.000347,74.125.24.0-255,7156,47763,15,257022
16478,0.00035,172.31.36.0-255,66,47829,15,257022
16479,0.000367,74.125.24.0-255,2902,50731,15,257022
16480,0.00037,172.31.36.0-255,66,50797,15,257022
16481,0.000376,74.125.24.0-255,5738,56535,15,257022
16482,0.000378,172.31.36.0-255,66,56601,15,257022
16483,0.000395,74.125.24.0-255,1125,57726,15,257022
16484,0.000422,74.125.24.0-255,648,58374,15,257022
16485,0.000424,172.31.36.0-255,66,58440,15,257022
16486,0.000786,74.125.24.0-255,1484,59924,15,257022
16487,0.000792,74.125.24.0-255,2902,62826,15,257022
16488,0.000797,172.31.36.0-255,66,62892,15,257022
16489,0.000804,74.125.24.0-255,5738,68630,15,257022
16490,0.000806,172.31.36.0-255,66,68696,15,257022
16491,0.000835,74.125.24.0-255,7156,75852,15,257022
16492,0.000838,172.31.36.0-255,66,75918,15,257022
16493,0.000862,74.125.24.0-255,5738,81656,15,257022
16494,0.000864,172.31.36.0-255,66,81722,15,257022
16495,0.00088,172.31.36.0-255,66,81788,15,257022
16496,0.000943,74.125.24.0-255,1484,83272,15,257022
16497,0.000949,74.125.24.0-255,2902,86174,15,257022
16498,0.000951,172.31.36.0-255,66,86240,15,257022
16499,0.000958,74.125.24.0-255,5738,91978,15,257022
16500,0.00096,172.31.36.0-255,66,92044,15,257022
16501,0.001,172.31.36.0-255,66,92110,15,257022
16502,0.001006,74.125.24.0-255,5738,97848,15,257022
16503,0.001009,172.31.36.0-255,66,97914,15,257022
16504,0.001025,74.125.24.0-255,4320,102234,15,257022
16505,0.001027,172.31.36.0-255,66,102300,15,257022
16506,0.00103,74.125.24.0-255,766,103066,15,257022
16507,0.001219,74.125.24.0-255,1484,104550,15,257022
16508,0.001223,172.31.36.0-255,66,104616,15,257022
16509,0.001227,74.125.24.0-255,1484,106100,15,257022
16510,0.001242,74.125.24.0-255,1484,107584,15,257022
16511,0.001244,172.31.36.0-255,66,107650,15,257022
16512,0.00125,74.125.24.0-255,4320,111970,15,257022
16513,0.001252,172.31.36.0-255,66,112036,15,257022
16514,0.001266,74.125.24.0-255,1484,113520,15,257022
16515,0.001269,74.125.24.0-255,1484,115004,15,257022
16516,0.001271,172.31.36.0-255,66,115070,15,257022
16517,0.001294,172.31.36.0-255,66,115136,15,257022
16518,0.001312,74.125.24.0-255,2902,118038,15,257022
16519,0.001316,172.31.36.0-255,66,118104,15,257022
16520,0.001334,74.125.24.0-255,1484,119588,15,257022
16521,0.001368,172.31.36.0-255,66,119654,15,257022
16522,0.001374,74.125.24.0-255,4320,123974,15,257022
16523,0.001376,172.31.36.0-255,66,124040,15,257022
16524,0.0014,74.125.24.0-255,7156,131196,15,257022
16525,0.001403,172.31.36.0-255,66,131262,15,257022
16526,0.001409,74.125.24.0-255,4320,135582,15,257022
16527,0.00141,172.31.36.0-255,66,135648,15,257022
16528,0.001434,74.125.24.0-255,2902,138550,15,257022
16529,0.001437,172.31.36.0-255,66,138616,15,257022
16530,0.00147,74.125.24.0-255,766,139382,15,257022
16531,0.001474,172.31.36.0-255,66,139448,15,257022
16532,0.001809,74.125.24.0-255,1484,140932,15,257022
16533,0.001813,172.31.36.0-255,66,140998,15,257022
16534,0.001819,74.125.24.0-255,2902,143900,15,257022
16535,0.001821,172.31.36.0-255,66,143966,15,257022
16536,0.001852,74.125.24.0-255,5738,149704,15,257022
16537,0.001856,172.31.36.0-255,66,149770,15,257022
16538,0.001863,74.125.24.0-255,7156,156926,15,257022
16539,0.001866,172.31.36.0-255,66,156992,15,257022
16540,0.001881,74.125.24.0-255,5738,162730,15,257022
16541,0.001884,172.31.36.0-255,66,162796,15,257022
16542,0.001888,74.125.24.0-255,2902,165698,15,257022
16543,0.00189,172.31.36.0-255,66,165764,15,257022
16544,0.001923,172.31.36.0-255,66,165830,15,257022
16545,0.001939,74.125.24.0-255,1484,167314,15,257022
16546,0.001966,74.125.24.0-255,2902,170216,15,257022
16547,0.001969,172.31.36.0-255,66,170282,15,257022
16548,0.001975,74.125.24.0-255,5738,176020,15,257022
16549,0.001977,172.31.36.0-255,66,176086,15,257022
16550,0.001997,172.31.36.0-255,66,176152,15,257022
16551,0.002002,74.125.24.0-255,4320,180472,15,257022
16552,0.002004,172.31.36.0-255,66,180538,15,257022
16553,0.002036,74.125.24.0-255,4320,184858,15,257022
16554,0.002039,172.31.36.0-255,66,184924,15,257022
16555,0.002056,74.125.24.0-255,2184,187108,15,257022
16556,0.002059,172.31.36.0-255,66,187174,15,257022
16557,0.002072,74.125.24.0-255,1484,188658,15,257022
16558,0.002087,74.125.24.0-255,2902,191560,15,257022
16559,0.002089,172.31.36.0-255,66,191626,15,257022
16560,0.002111,74.125.24.0-255,5738,197364,15,257022
16561,0.002114,172.31.36.0-255,66,197430,15,257022
16562,0.002117,74.125.24.0-255,1484,198914,15,257022
16563,0.002153,172.31.36.0-255,66,198980,15,257022
16564,0.002159,74.125.24.0-255,5738,204718,15,257022
16565,0.002162,172.31.36.0-255,66,204784,15,257022
16566,0.002209,74.125.24.0-255,5020,209804,15,257022
16567,0.002212,172.31.36.0-255,66,209870,15,257022
16568,0.002283,74.125.24.0-255,2902,212772,15,257022
16569,0.002286,172.31.36.0-255,66,212838,15,257022
16570,0.002305,74.125.24.0-255,2902,215740,15,257022
16571,0.002308,172.31.36.0-255,66,215806,15,257022
16572,0.002315,74.125.24.0-255,7156,222962,15,257022
16573,0.002317,172.31.36.0-255,66,223028,15,257022
16574,0.002332,172.31.36.0-255,66,223094,15,257022
16575,0.002339,74.125.24.0-255,6438,229532,15,257022
16576,0.002342,172.31.36.0-255,66,229598,15,257022
16577,0.002365,74.125.24.0-255,1484,231082,15,257022
16578,0.002371,74.125.24.0-255,2902,233984,15,257022
16579,0.002373,172.31.36.0-255,66,234050,15,257022
16580,0.00238,74.125.24.0-255,5738,239788,15,257022
16581,0.002383,172.31.36.0-255,66,239854,15,257022
16582,0.002388,74.125.24.0-255,2902,242756,15,257022
16583,0.00239,172.31.36.0-255,66,242822,15,257022
16584,0.002414,172.31.36.0-255,66,242888,15,257022
16585,0.002442,74.125.24.0-255,7156,250044,15,257022
16586,0.002445,172.31.36.0-255,66,250110,15,257022
16587,0.002473,74.125.24.0-255,6438,256548,15,257022
16588,0.002476,172.31.36.0-255,66,256614,15,257022
16589,0.002491,172.31.36.0-255,66,256680,15,257022
16590,0.002504,172.31.36.0-255,66,256746,15,257022
16591,0.002536,74.125.24.0-255,105,256851,15,257022
16592,0.009363,172.31.36.0-255,66,256917,15,257022
16593,0.009412,172.31.36.0-255,105,257022,15,257022
16594,0.0,74.125.24.0-255,221,221,15,101302
16595,2.4e-05,172.31.36.0-255,66,287,15,101302
16596,3.1e-05,74.125.24.0-255,1484,1771,15,101302
16597,3.6e-05,172.31.36.0-255,66,1837,15,101302
16598,5.1e-05,74.125.24.0-255,4320,6157,15,101302
16599,5.5e-05,172.31.36.0-255,66,6223,15,101302
16600,5.9e-05,74.125.24.0-255,2902,9125,15,101302
16601,6.2e-05,172.31.36.0-255,66,9191,15,101302
16602,7.6e-05,172.31.36.0-255,66,9257,15,101302
16603,7.9e-05,74.125.24.0-255,1484,10741,15,101302
16604,8.2e-05,172.31.36.0-255,66,10807,15,101302
16605,0.000107,74.125.24.0-255,1484,12291,15,101302
16606,0.000114,172.31.36.0-255,66,12357,15,101302
16607,0.00015,172.31.36.0-255,66,12423,15,101302
16608,0.000304,74.125.24.0-255,1484,13907,15,101302
16609,0.000309,172.31.36.0-255,66,13973,15,101302
16610,0.000314,74.125.24.0-255,2902,16875,15,101302
16611,0.000317,172.31.36.0-255,66,16941,15,101302
16612,0.00032,74.125.24.0-255,1484,18425,15,101302
16613,0.000326,172.31.36.0-255,66,18491,15,101302
16614,0.000359,74.125.24.0-255,5738,24229,15,101302
16615,0.000362,172.31.36.0-255,66,24295,15,101302
16616,0.00041,172.31.36.0-255,66,24361,15,101302
16617,0.00044,74.125.24.0-255,5738,30099,15,101302
16618,0.000442,172.31.36.0-255,66,30165,15,101302
16619,0.000468,74.125.24.0-255,2902,33067,15,101302
16620,0.00047,172.31.36.0-255,66,33133,15,101302
16621,0.000476,74.125.24.0-255,4320,37453,15,101302
16622,0.000478,172.31.36.0-255,66,37519,15,101302
16623,0.0005,74.125.24.0-255,1125,38644,15,101302
16624,0.000549,74.125.24.0-255,366,39010,15,101302
16625,0.00056,74.125.24.0-255,378,39388,15,101302
16626,0.000563,172.31.36.0-255,66,39454,15,101302
16627,0.000767,74.125.24.0-255,1484,40938,15,101302
16628,0.000774,74.125.24.0-255,2902,43840,15,101302
16629,0.000778,172.31.36.0-255,66,43906,15,101302
16630,0.000786,74.125.24.0-255,4320,48226,15,101302
16631,0.000788,172.31.36.0-255,66,48292,15,101302
16632,0.000817,74.125.24.0-255,1484,49776,15,101302
16633,0.000832,172.31.36.0-255,66,49842,15,101302
16634,0.000839,74.125.24.0-255,7156,56998,15,101302
16635,0.000841,172.31.36.0-255,66,57064,15,101302
16636,0.000869,74.125.24.0-255,3602,60666,15,101302
16637,0.000871,172.31.36.0-255,66,60732,15,101302
16638,0.00169,74.125.24.0-255,1484,62216,15,101302
16639,0.001699,74.125.24.0-255,2902,65118,15,101302
16640,0.001704,172.31.36.0-255,66,65184,15,101302
16641,0.001712,74.125.24.0-255,5738,70922,15,101302
16642,0.001714,172.31.36.0-255,66,70988,15,101302
16643,0.001749,74.125.24.0-255,7156,78144,15,101302
16644,0.001752,172.31.36.0-255,66,78210,15,101302
16645,0.001777,74.125.24.0-255,2902,81112,15,101302
16646,0.00178,172.31.36.0-255,66,81178,15,101302
16647,0.001797,172.31.36.0-255,66,81244,15,101302
16648,0.001801,74.125.24.0-255,2184,83428,15,101302
16649,0.001803,172.31.36.0-255,66,83494,15,101302
16650,0.004149,74.125.24.0-255,2902,86396,15,101302
16651,0.004157,172.31.36.0-255,66,86462,15,101302
16652,0.004184,74.125.24.0-255,2902,89364,15,101302
16653,0.004187,172.31.36.0-255,66,89430,15,101302
16654,0.006516,74.125.24.0-255,2902,92332,15,101302
16655,0.006523,172.31.36.0-255,66,92398,15,101302
16656,0.006556,74.125.24.0-255,2902,95300,15,101302
16657,0.006558,172.31.36.0-255,66,95366,15,101302
16658,0.008879,74.125.24.0-255,2902,98268,15,101302
16659,0.008885,172.31.36.0-255,66,98334,15,101302
16660,0.008907,74.125.24.0-255,2902,101236,15,101302
16661,0.00891,172.31.36.0-255,66,101302,15,101302
16662,0.0,74.125.24.0-255,150,150,15,223200
16663,2.6e-05,172.31.36.0-255,66,216,15,223200
16664,3.3e-05,74.125.24.0-255,1484,1700,15,223200
16665,3.8e-05,172.31.36.0-255,66,1766,15,223200
16666,4.5e-05,74.125.24.0-255,2902,4668,15,223200
16667,4.8e-05,172.31.36.0-255,66,4734,15,223200
16668,5.6e-05,74.125.24.0-255,7156,11890,15,223200
16669,5.8e-05,172.31.36.0-255,66,11956,15,223200
16670,6.2e-05,74.125.24.0-255,2066,14022,15,223200
16671,6.4e-05,172.31.36.0-255,66,14088,15,223200
16672,0.000149,74.125.24.0-255,1484,15572,15,223200
16673,0.000152,172.31.36.0-255,66,15638,15,223200
16674,0.000155,74.125.24.0-255,1484,17122,15,223200
16675,0.000157,172.31.36.0-255,66,17188,15,223200
16676,0.000172,74.125.24.0-255,1484,18672,15,223200
16677,0.000174,172.31.36.0-255,66,18738,15,223200
16678,0.00018,74.125.24.0-255,5738,24476,15,223200
16679,0.000182,172.31.36.0-255,66,24542,15,223200
16680,0.000188,74.125.24.0-255,6797,31339,15,223200
16681,0.00019,172.31.36.0-255,66,31405,15,223200
16682,0.000241,74.125.24.0-255,7156,38561,15,223200
16683,0.000244,172.31.36.0-255,66,38627,15,223200
16684,0.000264,74.125.24.0-255,7156,45783,15,223200
16685,0.000267,172.31.36.0-255,66,45849,15,223200
16686,0.000276,172.31.36.0-255,66,45915,15,223200
16687,0.000313,74.125.24.0-255,5738,51653,15,223200
16688,0.000316,172.31.36.0-255,66,51719,15,223200
16689,0.000336,74.125.24.0-255,5317,57036,15,223200
16690,0.000338,172.31.36.0-255,66,57102,15,223200
16691,0.00034,74.125.24.0-255,131,57233,15,223200
16692,0.000342,172.31.36.0-255,66,57299,15,223200
16693,0.000451,74.125.24.0-255,347,57646,15,223200
16694,0.000692,74.125.24.0-255,1484,59130,15,223200
16695,0.000696,172.31.36.0-255,66,59196,15,223200
16696,0.000702,74.125.24.0-255,2902,62098,15,223200
16697,0.000707,74.125.24.0-255,4320,66418,15,223200
16698,0.000717,74.125.24.0-255,1484,67902,15,223200
16699,0.000723,172.31.36.0-255,66,67968,15,223200
16700,0.00077,172.31.36.0-255,66,68034,15,223200
16701,0.000788,74.125.24.0-255,1634,69668,15,223200
16702,0.000795,172.31.36.0-255,66,69734,15,223200
16703,0.00088,74.125.24.0-255,1484,71218,15,223200
16704,0.000884,74.125.24.0-255,2902,74120,15,223200
16705,0.000889,172.31.36.0-255,66,74186,15,223200
16706,0.000912,74.125.24.0-255,5738,79924,15,223200
16707,0.000917,74.125.24.0-255,2902,82826,15,223200
16708,0.000921,172.31.36.0-255,66,82892,15,223200
16709,0.000962,172.31.36.0-255,66,82958,15,223200
16710,0.001409,74.125.24.0-255,1484,84442,15,223200
16711,0.001413,74.125.24.0-255,1484,85926,15,223200
16712,0.001416,172.31.36.0-255,66,85992,15,223200
16713,0.001439,74.125.24.0-255,1484,87476,15,223200
16714,0.001444,74.125.24.0-255,5738,93214,15,223200
16715,0.001448,74.125.24.0-255,4320,97534,15,223200
16716,0.001452,172.31.36.0-255,66,97600,15,223200
16717,0.001474,74.125.24.0-255,7156,104756,15,223200
16718,0.001486,172.31.36.0-255,66,104822,15,223200
16719,0.001505,74.125.24.0-255,5738,110560,15,223200
16720,0.001516,172.31.36.0-255,66,110626,15,223200
16721,0.00153,74.125.24.0-255,6438,117064,15,223200
16722,0.001546,172.31.36.0-255,66,117130,15,223200
16723,0.001673,74.125.24.0-255,1484,118614,15,223200
16724,0.001693,74.125.24.0-255,2902,121516,15,223200
16725,0.001696,172.31.36.0-255,66,121582,15,223200
16726,0.0017,74.125.24.0-255,2902,124484,15,223200
16727,0.001705,74.125.24.0-255,4320,128804,15,223200
16728,0.001716,74.125.24.0-255,4320,133124,15,223200
16729,0.00172,172.31.36.0-255,66,133190,15,223200
16730,0.001732,74.125.24.0-255,4320,137510,15,223200
16731,0.001745,172.31.36.0-255,66,137576,15,223200
16732,0.001773,172.31.36.0-255,66,137642,15,223200
16733,0.001797,74.125.24.0-255,7156,144798,15,223200
16734,0.001813,172.31.36.0-255,66,144864,15,223200
16735,0.001822,74.125.24.0-255,4320,149184,15,223200
16736,0.001826,172.31.36.0-255,66,149250,15,223200
16737,0.001838,74.125.24.0-255,4320,153570,15,223200
16738,0.001864,74.125.24.0-255,1484,155054,15,223200
16739,0.001874,172.31.36.0-255,66,155120,15,223200
16740,0.001884,74.125.24.0-255,7156,162276,15,223200
16741,0.001896,172.31.36.0-255,66,162342,15,223200
16742,0.002031,74.125.24.0-255,1484,163826,15,223200
16743,0.002035,74.125.24.0-255,1484,165310,15,223200
16744,0.002049,74.125.24.0-255,1484,166794,15,223200
16745,0.002053,74.125.24.0-255,4320,171114,15,223200
16746,0.002056,172.31.36.0-255,66,171180,15,223200
16747,0.002062,74.125.24.0-255,1484,172664,15,223200
16748,0.002116,74.125.24.0-255,4320,176984,15,223200
16749,0.002134,74.125.24.0-255,6438,183422,15,223200
16750,0.00226,74.125.24.0-255,1484,184906,15,223200
16751,0.002273,74.125.24.0-255,2902,187808,15,223200
16752,0.002285,74.125.24.0-255,2902,190710,15,223200
16753,0.0023,74.125.24.0-255,2902,193612,15,223200
16754,0.002308,74.125.24.0-255,7156,200768,15,223200
16755,0.002321,74.125.24.0-255,1484,202252,15,223200
16756,0.002337,74.125.24.0-255,7156,209408,15,223200
16757,0.002355,74.125.24.0-255,5738,215146,15,223200
16758,0.002359,74.125.24.0-255,2184,217330,15,223200
16759,0.007055,172.31.36.0-255,66,217396,15,223200
16760,0.009392,74.125.24.0-255,5738,223134,15,223200
16761,0.009406,172.31.36.0-255,66,223200,15,223200
16762,0.0,172.217.194.0-255,153,153,15,205671
16763,1.6e-05,172.31.36.0-255,66,219,15,205671
16764,2.3e-05,172.217.194.0-255,1484,1703,15,205671
16765,2.8e-05,172.31.36.0-255,66,1769,15,205671
16766,4.2e-05,172.217.194.0-255,2902,4671,15,205671
16767,4.5e-05,172.31.36.0-255,66,4737,15,205671
16768,5.2e-05,172.217.194.0-255,7156,11893,15,205671
16769,5.4e-05,172.31.36.0-255,66,11959,15,205671
16770,5.9e-05,172.217.194.0-255,2093,14052,15,205671
16771,6.1e-05,172.31.36.0-255,66,14118,15,205671
16772,6.5e-05,172.217.194.0-255,1484,15602,15,205671
16773,6.6e-05,172.31.36.0-255,66,15668,15,205671
16774,9.4e-05,172.217.194.0-255,1484,17152,15,205671
16775,9.7e-05,172.31.36.0-255,66,17218,15,205671
16776,0.000104,172.217.194.0-255,7156,24374,15,205671
16777,0.000106,172.31.36.0-255,66,24440,15,205671
16778,0.000113,172.217.194.0-255,5738,30178,15,205671
16779,0.000115,172.31.36.0-255,66,30244,15,205671
16780,0.000144,172.217.194.0-255,1125,31369,15,205671
16781,0.000146,172.31.36.0-255,66,31435,15,205671
16782,0.000203,172.217.194.0-255,1484,32919,15,205671
16783,0.000205,172.31.36.0-255,66,32985,15,205671
16784,0.00021,172.217.194.0-255,2902,35887,15,205671
16785,0.000213,172.31.36.0-255,66,35953,15,205671
16786,0.000246,172.217.194.0-255,5738,41691,15,205671
16787,0.000248,172.31.36.0-255,66,41757,15,205671
16788,0.000254,172.217.194.0-255,4320,46077,15,205671
16789,0.000256,172.31.36.0-255,66,46143,15,205671
16790,0.00029,172.31.36.0-255,66,46209,15,205671
16791,0.000327,172.31.36.0-255,66,46275,15,205671
16792,0.000564,172.217.194.0-255,116,46391,15,205671
16793,0.00057,172.217.194.0-255,382,46773,15,205671
16794,0.000669,172.217.194.0-255,1484,48257,15,205671
16795,0.000674,172.31.36.0-255,66,48323,15,205671
16796,0.00068,172.217.194.0-255,2902,51225,15,205671
16797,0.000682,172.31.36.0-255,66,51291,15,205671
16798,0.000688,172.217.194.0-255,5738,57029,15,205671
16799,0.000695,172.31.36.0-255,66,57095,15,205671
16800,0.000732,172.31.36.0-255,66,57161,15,205671
16801,0.000743,172.31.36.0-255,66,57227,15,205671
16802,0.00132,172.217.194.0-255,1484,58711,15,205671
16803,0.001327,172.217.194.0-255,2902,61613,15,205671
16804,0.00133,172.31.36.0-255,66,61679,15,205671
16805,0.001337,172.217.194.0-255,5738,67417,15,205671
16806,0.001339,172.31.36.0-255,66,67483,15,205671
16807,0.001368,172.31.36.0-255,66,67549,15,205671
16808,0.0014,172.217.194.0-255,2902,70451,15,205671
16809,0.001403,172.31.36.0-255,66,70517,15,205671
16810,0.001415,172.31.36.0-255,66,70583,15,205671
16811,0.001544,172.217.194.0-255,1484,72067,15,205671
16812,0.001548,172.217.194.0-255,1484,73551,15,205671
16813,0.001551,172.31.36.0-255,66,73617,15,205671
16814,0.001576,172.217.194.0-255,1484,75101,15,205671
16815,0.001582,172.217.194.0-255,5738,80839,15,205671
16816,0.001586,172.217.194.0-255,2902,83741,15,205671
16817,0.00159,172.31.36.0-255,66,83807,15,205671
16818,0.001593,172.31.36.0-255,66,83873,15,205671
16819,0.001612,172.217.194.0-255,7156,91029,15,205671
16820,0.001614,172.31.36.0-255,66,91095,15,205671
16821,0.001645,172.217.194.0-255,2902,93997,15,205671
16822,0.001647,172.31.36.0-255,66,94063,15,205671
16823,0.001658,172.31.36.0-255,66,94129,15,205671
16824,0.001696,172.217.194.0-255,2184,96313,15,205671
16825,0.001698,172.31.36.0-255,66,96379,15,205671
16826,0.001721,172.217.194.0-255,2902,99281,15,205671
16827,0.001723,172.31.36.0-255,66,99347,15,205671
16828,0.00173,172.217.194.0-255,7156,106503,15,205671
16829,0.001732,172.31.36.0-255,66,106569,15,205671
16830,0.001738,172.217.194.0-255,4320,110889,15,205671
16831,0.001745,172.31.36.0-255,66,110955,15,205671
16832,0.001774,172.217.194.0-255,1484,112439,15,205671
16833,0.001791,172.31.36.0-255,66,112505,15,205671
16834,0.001797,172.217.194.0-255,5738,118243,15,205671
16835,0.001799,172.31.36.0-255,66,118309,15,205671
16836,0.001824,172.217.194.0-255,6438,124747,15,205671
16837,0.001827,172.31.36.0-255,66,124813,15,205671
16838,0.001842,172.31.36.0-255,66,124879,15,205671
16839,0.001853,172.31.36.0-255,66,124945,15,205671
16840,0.001877,172.217.194.0-255,3602,128547,15,205671
16841,0.00188,172.31.36.0-255,66,128613,15,205671
16842,0.001883,172.217.194.0-255,1484,130097,15,205671
16843,0.001903,172.217.194.0-255,2902,132999,15,205671
16844,0.001906,172.31.36.0-255,66,133065,15,205671
16845,0.001912,172.217.194.0-255,4320,137385,15,205671
16846,0.001915,172.31.36.0-255,66,137451,15,205671
16847,0.001946,172.217.194.0-255,1484,138935,15,205671
16848,0.001967,172.31.36.0-255,66,139001,15,205671
16849,0.001978,172.31.36.0-255,66,139067,15,205671
16850,0.00204,172.217.194.0-255,2184,141251,15,205671
16851,0.002043,172.31.36.0-255,66,141317,15,205671
16852,0.002048,172.217.194.0-255,2902,144219,15,205671
16853,0.002051,172.31.36.0-255,66,144285,15,205671
16854,0.002058,172.217.194.0-255,7156,151441,15,205671
16855,0.002061,172.31.36.0-255,66,151507,15,205671
16856,0.002067,172.217.194.0-255,5738,157245,15,205671
16857,0.002069,172.31.36.0-255,66,157311,15,205671
16858,0.002111,172.217.194.0-255,7156,164467,15,205671
16859,0.002114,172.31.36.0-255,66,164533,15,205671
16860,0.002117,172.217.194.0-255,1484,166017,15,205671
16861,0.002144,172.31.36.0-255,66,166083,15,205671
16862,0.002155,172.217.194.0-255,766,166849,15,205671
16863,0.002172,172.31.36.0-255,66,166915,15,205671
16864,0.002187,172.31.36.0-255,66,166981,15,205671
16865,0.002211,172.217.194.0-255,5738,172719,15,205671
16866,0.002214,172.31.36.0-255,66,172785,15,205671
16867,0.002235,172.217.194.0-255,2184,174969,15,205671
16868,0.002237,172.31.36.0-255,66,175035,15,205671
16869,0.002312,172.217.194.0-255,1484,176519,15,205671
16870,0.002318,172.217.194.0-255,2902,179421,15,205671
16871,0.002321,172.31.36.0-255,66,179487,15,205671
16872,0.002364,172.217.194.0-255,2902,182389,15,205671
16873,0.002367,172.31.36.0-255,66,182455,15,205671
16874,0.002374,172.217.194.0-255,5738,188193,15,205671
16875,0.002377,172.31.36.0-255,66,188259,15,205671
16876,0.00471,172.217.194.0-255,5738,193997,15,205671
16877,0.004717,172.31.36.0-255,66,194063,15,205671
16878,0.007075,172.217.194.0-255,5738,199801,15,205671
16879,0.007082,172.31.36.0-255,66,199867,15,205671
16880,0.009419,172.217.194.0-255,5738,205605,15,205671
16881,0.009425,172.31.36.0-255,66,205671,15,205671
16882,0.0,172.217.27.0-255,150,150,15,117206
16883,1.7e-05,172.31.36.0-255,66,216,15,117206
16884,2.4e-05,172.217.27.0-255,1484,1700,15,117206
16885,2.8e-05,172.31.36.0-255,66,1766,15,117206
16886,3.4e-05,172.217.27.0-255,2902,4668,15,117206
16887,3.6e-05,172.31.36.0-255,66,4734,15,117206
16888,4.1e-05,172.217.27.0-255,2902,7636,15,117206
16889,4.3e-05,172.31.36.0-255,66,7702,15,117206
16890,4.9e-05,172.217.27.0-255,4320,12022,15,117206
16891,5.1e-05,172.31.36.0-255,66,12088,15,117206
16892,8.8e-05,172.217.27.0-255,4903,16991,15,117206
16893,9.2e-05,172.31.36.0-255,66,17057,15,117206
16894,9.7e-05,172.217.27.0-255,4320,21377,15,117206
16895,9.9e-05,172.31.36.0-255,66,21443,15,117206
16896,0.000152,172.217.27.0-255,5738,27181,15,117206
16897,0.000155,172.31.36.0-255,66,27247,15,117206
16898,0.000174,172.217.27.0-255,3961,31208,15,117206
16899,0.000176,172.31.36.0-255,66,31274,15,117206
16900,0.00023,172.217.27.0-255,1484,32758,15,117206
16901,0.000233,172.31.36.0-255,66,32824,15,117206
16902,0.000238,172.217.27.0-255,2902,35726,15,117206
16903,0.000241,172.31.36.0-255,66,35792,15,117206
16904,0.000244,172.217.27.0-255,1484,37276,15,117206
16905,0.000246,172.31.36.0-255,66,37342,15,117206
16906,0.000274,172.217.27.0-255,2902,40244,15,117206
16907,0.000277,172.31.36.0-255,66,40310,15,117206
16908,0.000296,172.217.27.0-255,4320,44630,15,117206
16909,0.000299,172.31.36.0-255,66,44696,15,117206
16910,0.000319,172.217.27.0-255,3961,48657,15,117206
16911,0.000321,172.31.36.0-255,66,48723,15,117206
16912,0.000351,172.217.27.0-255,1484,50207,15,117206
16913,0.000353,172.31.36.0-255,66,50273,15,117206
16914,0.000373,172.217.27.0-255,1484,51757,15,117206
16915,0.000386,172.217.27.0-255,1484,53241,15,117206
16916,0.000388,172.31.36.0-255,66,53307,15,117206
16917,0.000394,172.217.27.0-255,5738,59045,15,117206
16918,0.000397,172.31.36.0-255,66,59111,15,117206
16919,0.000404,172.217.27.0-255,6797,65908,15,117206
16920,0.000406,172.31.36.0-255,66,65974,15,117206
16921,0.000428,172.217.27.0-255,389,66363,15,117206
16922,0.001036,172.31.36.0-255,66,66429,15,117206
16923,0.001345,172.217.27.0-255,120,66549,15,117206
16924,0.001481,172.217.27.0-255,1484,68033,15,117206
16925,0.001487,172.31.36.0-255,66,68099,15,117206
16926,0.001494,172.217.27.0-255,2902,71001,15,117206
16927,0.001496,172.31.36.0-255,66,71067,15,117206
16928,0.001528,172.217.27.0-255,5738,76805,15,117206
16929,0.00153,172.31.36.0-255,66,76871,15,117206
16930,0.001536,172.217.27.0-255,4320,81191,15,117206
16931,0.001538,172.31.36.0-255,66,81257,15,117206
16932,0.00157,172.31.36.0-255,66,81323,15,117206
16933,0.001592,172.217.27.0-255,6797,88120,15,117206
16934,0.001594,172.31.36.0-255,66,88186,15,117206
16935,0.003245,172.217.27.0-255,5738,93924,15,117206
16936,0.003251,172.31.36.0-255,66,93990,15,117206
16937,0.004904,172.217.27.0-255,5738,99728,15,117206
16938,0.004908,172.31.36.0-255,66,99794,15,117206
16939,0.006567,172.217.27.0-255,5738,105532,15,117206
16940,0.006573,172.31.36.0-255,66,105598,15,117206
16941,0.008238,172.217.27.0-255,5738,111336,15,117206
16942,0.008245,172.31.36.0-255,66,111402,15,117206
16943,0.009912,172.217.27.0-255,5738,117140,15,117206
16944,0.00992,172.31.36.0-255,66,117206,15,117206
16945,0.0,74.125.68.0-255,153,153,15,321335
16946,2.6e-05,172.31.36.0-255,66,219,15,321335
16947,4.1e-05,74.125.68.0-255,1484,1703,15,321335
16948,4.5e-05,172.31.36.0-255,66,1769,15,321335
16949,4.8e-05,74.125.68.0-255,1484,3253,15,321335
16950,5.1e-05,172.31.36.0-255,66,3319,15,321335
16951,7.7e-05,74.125.68.0-255,1484,4803,15,321335
16952,7.9e-05,172.31.36.0-255,66,4869,15,321335
16953,8.6e-05,74.125.68.0-255,5738,10607,15,321335
16954,8.8e-05,172.31.36.0-255,66,10673,15,321335
16955,9.3e-05,74.125.68.0-255,3474,14147,15,321335
16956,9.5e-05,172.31.36.0-255,66,14213,15,321335
16957,0.00012,74.125.68.0-255,4320,18533,15,321335
16958,0.000122,172.31.36.0-255,66,18599,15,321335
16959,0.000156,172.31.36.0-255,66,18665,15,321335
16960,0.000161,74.125.68.0-255,2543,21208,15,321335
16961,0.000163,172.31.36.0-255,66,21274,15,321335
16962,0.000246,74.125.68.0-255,1484,22758,15,321335
16963,0.00025,172.31.36.0-255,66,22824,15,321335
16964,0.000255,74.125.68.0-255,2902,25726,15,321335
16965,0.000257,172.31.36.0-255,66,25792,15,321335
16966,0.000269,74.125.68.0-255,2902,28694,15,321335
16967,0.000272,172.31.36.0-255,66,28760,15,321335
16968,0.000294,74.125.68.0-255,2902,31662,15,321335
16969,0.000297,172.31.36.0-255,66,31728,15,321335
16970,0.000305,74.125.68.0-255,6797,38525,15,321335
16971,0.00031,172.31.36.0-255,66,38591,15,321335
16972,0.00032,74.125.68.0-255,2902,41493,15,321335
16973,0.000322,172.31.36.0-255,66,41559,15,321335
16974,0.000339,74.125.68.0-255,4320,45879,15,321335
16975,0.000343,172.31.36.0-255,66,45945,15,321335
16976,0.000346,74.125.68.0-255,1484,47429,15,321335
16977,0.000376,172.31.36.0-255,66,47495,15,321335
16978,0.000379,74.125.68.0-255,115,47610,15,321335
16979,0.000472,74.125.68.0-255,1484,49094,15,321335
16980,0.000475,172.31.36.0-255,66,49160,15,321335
16981,0.000481,74.125.68.0-255,2902,52062,15,321335
16982,0.000483,172.31.36.0-255,66,52128,15,321335
16983,0.0005,74.125.68.0-255,2902,55030,15,321335
16984,0.000502,172.31.36.0-255,66,55096,15,321335
16985,0.000515,74.125.68.0-255,2902,57998,15,321335
16986,0.000517,172.31.36.0-255,66,58064,15,321335
16987,0.000522,74.125.68.0-255,2902,60966,15,321335
16988,0.000524,172.31.36.0-255,66,61032,15,321335
16989,0.000548,74.125.68.0-255,4320,65352,15,321335
16990,0.00055,172.31.36.0-255,66,65418,15,321335
16991,0.000555,74.125.68.0-255,2902,68320,15,321335
16992,0.000558,172.31.36.0-255,66,68386,15,321335
16993,0.000582,172.31.36.0-255,66,68452,15,321335
16994,0.000619,74.125.68.0-255,3602,72054,15,321335
16995,0.000623,172.31.36.0-255,66,72120,15,321335
16996,0.000642,74.125.68.0-255,4320,76440,15,321335
16997,0.000645,172.31.36.0-255,66,76506,15,321335
16998,0.000667,74.125.68.0-255,4320,80826,15,321335
16999,0.00067,172.31.36.0-255,66,80892,15,321335
17000,0.000676,74.125.68.0-255,5738,86630,15,321335
17001,0.000678,172.31.36.0-255,66,86696,15,321335
17002,0.000718,172.31.36.0-255,66,86762,15,321335
17003,0.000723,74.125.68.0-255,4320,91082,15,321335
17004,0.000725,172.31.36.0-255,66,91148,15,321335
17005,0.000764,74.125.68.0-255,3602,94750,15,321335
17006,0.000769,172.31.36.0-255,66,94816,15,321335
17007,0.000837,74.125.68.0-255,1484,96300,15,321335
17008,0.000853,74.125.68.0-255,2902,99202,15,321335
17009,0.000856,172.31.36.0-255,66,99268,15,321335
17010,0.00086,74.125.68.0-255,1484,100752,15,321335
17011,0.000877,74.125.68.0-255,2902,103654,15,321335
17012,0.000879,172.31.36.0-255,66,103720,15,321335
17013,0.000884,74.125.68.0-255,2902,106622,15,321335
17014,0.000886,172.31.36.0-255,66,106688,15,321335
17015,0.000905,74.125.68.0-255,2902,109590,15,321335
17016,0.000908,172.31.36.0-255,66,109656,15,321335
17017,0.000934,172.31.36.0-255,66,109722,15,321335
17018,0.000987,74.125.68.0-255,4320,114042,15,321335
17019,0.000992,172.31.36.0-255,66,114108,15,321335
17020,0.001014,74.125.68.0-255,5020,119128,15,321335
17021,0.001017,172.31.36.0-255,66,119194,15,321335
17022,0.001066,74.125.68.0-255,1484,120678,15,321335
17023,0.001079,74.125.68.0-255,2902,123580,15,321335
17024,0.001084,172.31.36.0-255,66,123646,15,321335
17025,0.001102,74.125.68.0-255,5738,129384,15,321335
17026,0.001104,172.31.36.0-255,66,129450,15,321335
17027,0.00113,74.125.68.0-255,7156,136606,15,321335
17028,0.001133,172.31.36.0-255,66,136672,15,321335
17029,0.001136,74.125.68.0-255,1484,138156,15,321335
17030,0.001159,74.125.68.0-255,7156,145312,15,321335
17031,0.001163,172.31.36.0-255,66,145378,15,321335
17032,0.001168,74.125.68.0-255,4320,149698,15,321335
17033,0.001171,172.31.36.0-255,66,149764,15,321335
17034,0.00119,74.125.68.0-255,3602,153366,15,321335
17035,0.001193,172.31.36.0-255,66,153432,15,321335
17036,0.001347,74.125.68.0-255,1484,154916,15,321335
17037,0.001353,74.125.68.0-255,1484,156400,15,321335
17038,0.001356,172.31.36.0-255,66,156466,15,321335
17039,0.001377,74.125.68.0-255,1484,157950,15,321335
17040,0.001381,74.125.68.0-255,2902,160852,15,321335
17041,0.001384,172.31.36.0-255,66,160918,15,321335
17042,0.001391,74.125.68.0-255,4320,165238,15,321335
17043,0.001393,172.31.36.0-255,66,165304,15,321335
17044,0.001409,74.125.68.0-255,4320,169624,15,321335
17045,0.001412,172.31.36.0-255,66,169690,15,321335
17046,0.001432,74.125.68.0-255,4320,174010,15,321335
17047,0.001435,172.31.36.0-255,66,174076,15,321335
17048,0.00144,74.125.68.0-255,4320,178396,15,321335
17049,0.001443,172.31.36.0-255,66,178462,15,321335
17050,0.001449,74.125.68.0-255,5738,184200,15,321335
17051,0.001452,172.31.36.0-255,66,184266,15,321335
17052,0.001469,74.125.68.0-255,1484,185750,15,321335
17053,0.001488,74.125.68.0-255,6438,192188,15,321335
17054,0.001491,172.31.36.0-255,66,192254,15,321335
17055,0.001495,74.125.68.0-255,1484,193738,15,321335
17056,0.001514,74.125.68.0-255,7156,200894,15,321335
17057,0.001518,172.31.36.0-255,66,200960,15,321335
17058,0.001528,74.125.68.0-255,2902,203862,15,321335
17059,0.001531,172.31.36.0-255,66,203928,15,321335
17060,0.001568,74.125.68.0-255,7156,211084,15,321335
17061,0.001575,172.31.36.0-255,66,211150,15,321335
17062,0.001587,74.125.68.0-255,1484,212634,15,321335
17063,0.001591,74.125.68.0-255,2902,215536,15,321335
17064,0.001593,74.125.68.0-255,1484,217020,15,321335
17065,0.001614,74.125.68.0-255,4320,221340,15,321335
17066,0.001617,74.125.68.0-255,1484,222824,15,321335
17067,0.001641,74.125.68.0-255,5738,228562,15,321335
17068,0.001648,74.125.68.0-255,5738,234300,15,321335
17069,0.00167,74.125.68.0-255,2902,237202,15,321335
17070,0.001686,74.125.68.0-255,4320,241522,15,321335
17071,0.001705,74.125.68.0-255,3602,245124,15,321335
17072,0.001716,74.125.68.0-255,332,245456,15,321335
17073,0.001755,74.125.68.0-255,1484,246940,15,321335
17074,0.001769,74.125.68.0-255,2902,249842,15,321335
17075,0.001784,74.125.68.0-255,1484,251326,15,321335
17076,0.001789,74.125.68.0-255,2902,254228,15,321335
17077,0.001792,74.125.68.0-255,1484,255712,15,321335
17078,0.001811,74.125.68.0-255,7156,262868,15,321335
17079,0.001833,74.125.68.0-255,4320,267188,15,321335
17080,0.001859,74.125.68.0-255,7156,274344,15,321335
17081,0.001878,74.125.68.0-255,2902,277246,15,321335
17082,0.001896,74.125.68.0-255,2184,279430,15,321335
17083,0.001972,74.125.68.0-255,2902,282332,15,321335
17084,0.001991,74.125.68.0-255,2902,285234,15,321335
17085,0.001997,74.125.68.0-255,7156,292390,15,321335
17086,0.002029,74.125.68.0-255,2184,294574,15,321335
17087,0.00205,74.125.68.0-255,2902,297476,15,321335
17088,0.002087,74.125.68.0-255,7156,304632,15,321335
17089,0.002089,74.125.68.0-255,1484,306116,15,321335
17090,0.002109,74.125.68.0-255,7156,313272,15,321335
17091,0.00212,74.125.68.0-255,1484,314756,15,321335
17092,0.002139,74.125.68.0-255,6303,321059,15,321335
17093,0.002175,74.125.68.0-255,105,321164,15,321335
17094,0.006037,172.31.36.0-255,66,321230,15,321335
17095,0.008234,172.31.36.0-255,105,321335,15,321335
17096,0.0,74.125.200.0-255,226,226,15,48936
17097,3.6e-05,172.31.36.0-255,66,292,15,48936
17098,4.4e-05,74.125.200.0-255,1484,1776,15,48936
17099,4.8e-05,172.31.36.0-255,66,1842,15,48936
17100,6.2e-05,74.125.200.0-255,4320,6162,15,48936
17101,6.5e-05,172.31.36.0-255,66,6228,15,48936
17102,0.000262,74.125.200.0-255,5738,11966,15,48936
17103,0.000268,172.31.36.0-255,66,12032,15,48936
17104,0.000537,74.125.200.0-255,1994,14026,15,48936
17105,0.000543,172.31.36.0-255,66,14092,15,48936
17106,0.000629,74.125.200.0-255,4320,18412,15,48936
17107,0.000635,172.31.36.0-255,66,18478,15,48936
17108,0.000656,74.125.200.0-255,5738,24216,15,48936
17109,0.00066,172.31.36.0-255,66,24282,15,48936
17110,0.00111,74.125.200.0-255,7044,31326,15,48936
17111,0.001117,172.31.36.0-255,66,31392,15,48936
17112,0.003464,74.125.200.0-255,5738,37130,15,48936
17113,0.003471,172.31.36.0-255,66,37196,15,48936
17114,0.005813,74.125.200.0-255,5738,42934,15,48936
17115,0.00582,172.31.36.0-255,66,43000,15,48936
17116,0.008165,74.125.200.0-255,2902,45902,15,48936
17117,0.008172,172.31.36.0-255,66,45968,15,48936
17118,0.008207,74.125.200.0-255,2902,48870,15,48936
17119,0.008211,172.31.36.0-255,66,48936,15,48936
17120,0.0,74.125.24.0-255,152,152,15,173506
17121,3.2e-05,172.31.36.0-255,66,218,15,173506
17122,3.9e-05,74.125.24.0-255,1484,1702,15,173506
17123,4.3e-05,172.31.36.0-255,66,1768,15,173506
17124,4.9e-05,74.125.24.0-255,2902,4670,15,173506
17125,5.1e-05,172.31.36.0-255,66,4736,15,173506
17126,5.9e-05,74.125.24.0-255,7156,11892,15,173506
17127,6.2e-05,172.31.36.0-255,66,11958,15,173506
17128,7.7e-05,74.125.24.0-255,2068,14026,15,173506
17129,7.9e-05,172.31.36.0-255,66,14092,15,173506
17130,0.000578,74.125.24.0-255,1484,15576,15,173506
17131,0.000585,172.31.36.0-255,66,15642,15,173506
17132,0.000594,74.125.24.0-255,2902,18544,15,173506
17133,0.000597,172.31.36.0-255,66,18610,15,173506
17134,0.000604,74.125.24.0-255,5738,24348,15,173506
17135,0.000606,172.31.36.0-255,66,24414,15,173506
17136,0.000627,74.125.24.0-255,1484,25898,15,173506
17137,0.00063,172.31.36.0-255,66,25964,15,173506
17138,0.000651,74.125.24.0-255,5379,31343,15,173506
17139,0.000655,172.31.36.0-255,66,31409,15,173506
17140,0.000662,74.125.24.0-255,7156,38565,15,173506
17141,0.000665,172.31.36.0-255,66,38631,15,173506
17142,0.000701,172.31.36.0-255,66,38697,15,173506
17143,0.00102,74.125.24.0-255,1484,40181,15,173506
17144,0.001026,172.31.36.0-255,66,40247,15,173506
17145,0.001033,74.125.24.0-255,2902,43149,15,173506
17146,0.001035,172.31.36.0-255,66,43215,15,173506
17147,0.00104,74.125.24.0-255,4320,47535,15,173506
17148,0.001042,172.31.36.0-255,66,47601,15,173506
17149,0.001064,74.125.24.0-255,1484,49085,15,173506
17150,0.001067,172.31.36.0-255,66,49151,15,173506
17151,0.001071,74.125.24.0-255,4320,53471,15,173506
17152,0.001073,172.31.36.0-255,66,53537,15,173506
17153,0.0011,74.125.24.0-255,2543,56080,15,173506
17154,0.001102,172.31.36.0-255,66,56146,15,173506
17155,0.001317,74.125.24.0-255,1484,57630,15,173506
17156,0.001322,74.125.24.0-255,2902,60532,15,173506
17157,0.001325,172.31.36.0-255,66,60598,15,173506
17158,0.001331,74.125.24.0-255,4320,64918,15,173506
17159,0.001333,172.31.36.0-255,66,64984,15,173506
17160,0.001353,74.125.24.0-255,1484,66468,15,173506
17161,0.001365,172.31.36.0-255,66,66534,15,173506
17162,0.001385,74.125.24.0-255,2855,69389,15,173506
17163,0.001387,172.31.36.0-255,66,69455,15,173506
17164,0.001393,74.125.24.0-255,5738,75193,15,173506
17165,0.001395,172.31.36.0-255,66,75259,15,173506
17166,0.001429,74.125.24.0-255,7156,82415,15,173506
17167,0.001431,172.31.36.0-255,66,82481,15,173506
17168,0.001453,172.31.36.0-255,66,82547,15,173506
17169,0.001457,74.125.24.0-255,2184,84731,15,173506
17170,0.001459,172.31.36.0-255,66,84797,15,173506
17171,0.001648,74.125.24.0-255,1484,86281,15,173506
17172,0.001651,74.125.24.0-255,1484,87765,15,173506
17173,0.001654,172.31.36.0-255,66,87831,15,173506
17174,0.001666,74.125.24.0-255,1484,89315,15,173506
17175,0.001672,74.125.24.0-255,5738,95053,15,173506
17176,0.001674,172.31.36.0-255,66,95119,15,173506
17177,0.001698,74.125.24.0-255,4320,99439,15,173506
17178,0.0017,172.31.36.0-255,66,99505,15,173506
17179,0.001738,74.125.24.0-255,7156,106661,15,173506
17180,0.00174,172.31.36.0-255,66,106727,15,173506
17181,0.001763,74.125.24.0-255,5076,111803,15,173506
17182,0.001766,172.31.36.0-255,66,111869,15,173506
17183,0.001772,74.125.24.0-255,5738,117607,15,173506
17184,0.001774,172.31.36.0-255,66,117673,15,173506
17185,0.001805,74.125.24.0-255,4320,121993,15,173506
17186,0.001808,172.31.36.0-255,66,122059,15,173506
17187,0.001839,172.31.36.0-255,66,122125,15,173506
17188,0.001849,74.125.24.0-255,1484,123609,15,173506
17189,0.001872,74.125.24.0-255,2902,126511,15,173506
17190,0.001875,172.31.36.0-255,66,126577,15,173506
17191,0.001897,74.125.24.0-255,5738,132315,15,173506
17192,0.0019,172.31.36.0-255,66,132381,15,173506
17193,0.001906,74.125.24.0-255,7156,139537,15,173506
17194,0.001908,172.31.36.0-255,66,139603,15,173506
17195,0.001923,74.125.24.0-255,1484,141087,15,173506
17196,0.001944,172.31.36.0-255,66,141153,15,173506
17197,0.001961,74.125.24.0-255,2902,144055,15,173506
17198,0.001963,172.31.36.0-255,66,144121,15,173506
17199,0.001976,172.31.36.0-255,66,144187,15,173506
17200,0.001982,74.125.24.0-255,5738,149925,15,173506
17201,0.001985,172.31.36.0-255,66,149991,15,173506
17202,0.002015,172.31.36.0-255,66,150057,15,173506
17203,0.002025,172.31.36.0-255,66,150123,15,173506
17204,0.003596,172.31.36.0-255,101,150224,15,173506
17205,0.003978,74.125.24.0-255,5738,155962,15,173506
17206,0.003985,172.31.36.0-255,66,156028,15,173506
17207,0.005618,74.125.24.0-255,66,156094,15,173506
17208,0.005968,74.125.24.0-255,5738,161832,15,173506
17209,0.005975,172.31.36.0-255,66,161898,15,173506
17210,0.007959,74.125.24.0-255,5738,167636,15,173506
17211,0.007967,172.31.36.0-255,66,167702,15,173506
17212,0.009933,74.125.24.0-255,5738,173440,15,173506
17213,0.009941,172.31.36.0-255,66,173506,15,173506
17214,0.0,74.125.200.0-255,152,152,15,189192
17215,1.6e-05,172.31.36.0-255,66,218,15,189192
17216,2.3e-05,74.125.200.0-255,1484,1702,15,189192
17217,2.7e-05,172.31.36.0-255,66,1768,15,189192
17218,4.2e-05,74.125.200.0-255,2902,4670,15,189192
17219,4.6e-05,172.31.36.0-255,66,4736,15,189192
17220,5.3e-05,74.125.200.0-255,5738,10474,15,189192
17221,5.6e-05,172.31.36.0-255,66,10540,15,189192
17222,6e-05,74.125.200.0-255,1484,12024,15,189192
17223,6.2e-05,172.31.36.0-255,66,12090,15,189192
17224,8.1e-05,74.125.200.0-255,2066,14156,15,189192
17225,8.4e-05,172.31.36.0-255,66,14222,15,189192
17226,9.4e-05,74.125.200.0-255,4320,18542,15,189192
17227,9.7e-05,172.31.36.0-255,66,18608,15,189192
17228,0.000136,172.31.36.0-255,66,18674,15,189192
17229,0.00014,74.125.200.0-255,2543,21217,15,189192
17230,0.000143,172.31.36.0-255,66,21283,15,189192
17231,0.000254,74.125.200.0-255,1484,22767,15,189192
17232,0.000258,172.31.36.0-255,66,22833,15,189192
17233,0.000292,74.125.200.0-255,2902,25735,15,189192
17234,0.000295,172.31.36.0-255,66,25801,15,189192
17235,0.000301,74.125.200.0-255,4320,30121,15,189192
17236,0.000303,172.31.36.0-255,66,30187,15,189192
17237,0.000324,74.125.200.0-255,2902,33089,15,189192
17238,0.000327,172.31.36.0-255,66,33155,15,189192
17239,0.000353,74.125.200.0-255,5379,38534,15,189192
17240,0.000356,172.31.36.0-255,66,38600,15,189192
17241,0.000362,74.125.200.0-255,4320,42920,15,189192
17242,0.000364,172.31.36.0-255,66,42986,15,189192
17243,0.000396,74.125.200.0-255,4320,47306,15,189192
17244,0.000398,172.31.36.0-255,66,47372,15,189192
17245,0.000405,74.125.200.0-255,5738,53110,15,189192
17246,0.000407,172.31.36.0-255,66,53176,15,189192
17247,0.00043,74.125.200.0-255,2880,56056,15,189192
17248,0.000433,172.31.36.0-255,66,56122,15,189192
17249,0.000496,74.125.200.0-255,1484,57606,15,189192
17250,0.000501,74.125.200.0-255,2902,60508,15,189192
17251,0.000504,172.31.36.0-255,66,60574,15,189192
17252,0.000553,74.125.200.0-255,5738,66312,15,189192
17253,0.000555,172.31.36.0-255,66,66378,15,189192
17254,0.000558,74.125.200.0-255,1484,67862,15,189192
17255,0.000574,172.31.36.0-255,66,67928,15,189192
17256,0.000607,172.31.36.0-255,66,67994,15,189192
17257,0.00061,74.125.200.0-255,351,68345,15,189192
17258,0.000888,74.125.200.0-255,1484,69829,15,189192
17259,0.000893,172.31.36.0-255,66,69895,15,189192
17260,0.000899,74.125.200.0-255,2902,72797,15,189192
17261,0.000901,172.31.36.0-255,66,72863,15,189192
17262,0.000927,74.125.200.0-255,5738,78601,15,189192
17263,0.00093,172.31.36.0-255,66,78667,15,189192
17264,0.000933,74.125.200.0-255,1484,80151,15,189192
17265,0.000967,74.125.200.0-255,4320,84471,15,189192
17266,0.00097,172.31.36.0-255,66,84537,15,189192
17267,0.000978,74.125.200.0-255,7156,91693,15,189192
17268,0.000981,172.31.36.0-255,66,91759,15,189192
17269,0.000983,74.125.200.0-255,1484,93243,15,189192
17270,0.001026,172.31.36.0-255,66,93309,15,189192
17271,0.001511,74.125.200.0-255,1484,94793,15,189192
17272,0.001518,74.125.200.0-255,2902,97695,15,189192
17273,0.001521,172.31.36.0-255,66,97761,15,189192
17274,0.001554,74.125.200.0-255,5738,103499,15,189192
17275,0.001557,172.31.36.0-255,66,103565,15,189192
17276,0.00156,74.125.200.0-255,1484,105049,15,189192
17277,0.001601,172.31.36.0-255,66,105115,15,189192
17278,0.001621,74.125.200.0-255,4320,109435,15,189192
17279,0.001624,172.31.36.0-255,66,109501,15,189192
17280,0.00165,172.31.36.0-255,66,109567,15,189192
17281,0.001761,74.125.200.0-255,1484,111051,15,189192
17282,0.001778,74.125.200.0-255,2902,113953,15,189192
17283,0.001781,172.31.36.0-255,66,114019,15,189192
17284,0.001788,74.125.200.0-255,4320,118339,15,189192
17285,0.00179,172.31.36.0-255,66,118405,15,189192
17286,0.001811,74.125.200.0-255,1484,119889,15,189192
17287,0.001824,74.125.200.0-255,7156,127045,15,189192
17288,0.001826,172.31.36.0-255,66,127111,15,189192
17289,0.001836,172.31.36.0-255,66,127177,15,189192
17290,0.001866,172.31.36.0-255,66,127243,15,189192
17291,0.001911,172.31.36.0-255,66,127309,15,189192
17292,0.001923,172.31.36.0-255,66,127375,15,189192
17293,0.00196,172.31.36.0-255,66,127441,15,189192
17294,0.001968,74.125.200.0-255,6438,133879,15,189192
17295,0.00197,172.31.36.0-255,66,133945,15,189192
17296,0.002012,74.125.200.0-255,1484,135429,15,189192
17297,0.002017,74.125.200.0-255,2902,138331,15,189192
17298,0.00202,172.31.36.0-255,66,138397,15,189192
17299,0.002055,74.125.200.0-255,5738,144135,15,189192
17300,0.002059,172.31.36.0-255,66,144201,15,189192
17301,0.002083,172.31.36.0-255,66,144267,15,189192
17302,0.00215,172.31.36.0-255,66,144333,15,189192
17303,0.002154,74.125.200.0-255,2184,146517,15,189192
17304,0.002156,172.31.36.0-255,66,146583,15,189192
17305,0.002175,74.125.200.0-255,1484,148067,15,189192
17306,0.002201,74.125.200.0-255,2902,150969,15,189192
17307,0.002204,172.31.36.0-255,66,151035,15,189192
17308,0.00221,74.125.200.0-255,5738,156773,15,189192
17309,0.002213,172.31.36.0-255,66,156839,15,189192
17310,0.002217,74.125.200.0-255,2902,159741,15,189192
17311,0.002219,172.31.36.0-255,66,159807,15,189192
17312,0.002224,74.125.200.0-255,2902,162709,15,189192
17313,0.002226,172.31.36.0-255,66,162775,15,189192
17314,0.002261,74.125.200.0-255,1484,164259,15,189192
17315,0.002273,172.31.36.0-255,66,164325,15,189192
17316,0.002284,172.31.36.0-255,66,164391,15,189192
17317,0.002324,74.125.200.0-255,7156,171547,15,189192
17318,0.002327,172.31.36.0-255,66,171613,15,189192
17319,0.002536,172.31.36.0-255,101,171714,15,189192
17320,0.004645,74.125.200.0-255,5738,177452,15,189192
17321,0.004653,172.31.36.0-255,66,177518,15,189192
17322,0.004807,74.125.200.0-255,66,177584,15,189192
17323,0.006979,74.125.200.0-255,5738,183322,15,189192
17324,0.006984,172.31.36.0-255,66,183388,15,189192
17325,0.009301,74.125.200.0-255,5738,189126,15,189192
17326,0.009307,172.31.36.0-255,66,189192,15,189192
17327,0.0,172.217.194.0-255,153,153,15,127969
17328,3.5e-05,172.31.36.0-255,66,219,15,127969
17329,4.3e-05,172.217.194.0-255,1484,1703,15,127969
17330,4.8e-05,172.31.36.0-255,66,1769,15,127969
17331,5.3e-05,172.217.194.0-255,2902,4671,15,127969
17332,5.6e-05,172.31.36.0-255,66,4737,15,127969
17333,6.3e-05,172.217.194.0-255,7156,11893,15,127969
17334,6.7e-05,172.31.36.0-255,66,11959,15,127969
17335,7e-05,172.217.194.0-255,2150,14109,15,127969
17336,7.2e-05,172.31.36.0-255,66,14175,15,127969
17337,0.000517,172.217.194.0-255,1484,15659,15,127969
17338,0.000523,172.31.36.0-255,66,15725,15,127969
17339,0.000534,172.217.194.0-255,2902,18627,15,127969
17340,0.000537,172.31.36.0-255,66,18693,15,127969
17341,0.000544,172.217.194.0-255,5738,24431,15,127969
17342,0.000546,172.31.36.0-255,66,24497,15,127969
17343,0.000572,172.217.194.0-255,6797,31294,15,127969
17344,0.000577,172.31.36.0-255,66,31360,15,127969
17345,0.000584,172.217.194.0-255,5738,37098,15,127969
17346,0.000586,172.31.36.0-255,66,37164,15,127969
17347,0.000608,172.217.194.0-255,1484,38648,15,127969
17348,0.000612,172.31.36.0-255,66,38714,15,127969
17349,0.000625,172.31.36.0-255,66,38780,15,127969
17350,0.000644,172.217.194.0-255,2902,41682,15,127969
17351,0.000648,172.31.36.0-255,66,41748,15,127969
17352,0.000662,172.31.36.0-255,66,41814,15,127969
17353,0.000666,172.217.194.0-255,2184,43998,15,127969
17354,0.000668,172.31.36.0-255,66,44064,15,127969
17355,0.000695,172.217.194.0-255,354,44418,15,127969
17356,0.000698,172.31.36.0-255,66,44484,15,127969
17357,0.000761,172.217.194.0-255,1484,45968,15,127969
17358,0.00077,172.217.194.0-255,2902,48870,15,127969
17359,0.000774,172.31.36.0-255,66,48936,15,127969
17360,0.000778,172.217.194.0-255,2902,51838,15,127969
17361,0.00078,172.31.36.0-255,66,51904,15,127969
17362,0.000799,172.217.194.0-255,2902,54806,15,127969
17363,0.000802,172.31.36.0-255,66,54872,15,127969
17364,0.00081,172.217.194.0-255,7098,61970,15,127969
17365,0.000812,172.31.36.0-255,66,62036,15,127969
17366,0.000942,172.217.194.0-255,1484,63520,15,127969
17367,0.000951,172.217.194.0-255,2902,66422,15,127969
17368,0.000956,172.31.36.0-255,66,66488,15,127969
17369,0.000962,172.217.194.0-255,5738,72226,15,127969
17370,0.000965,172.31.36.0-255,66,72292,15,127969
17371,0.001014,172.217.194.0-255,6797,79089,15,127969
17372,0.00102,172.31.36.0-255,66,79155,15,127969
17373,0.001391,172.217.194.0-255,1484,80639,15,127969
17374,0.001396,172.217.194.0-255,2902,83541,15,127969
17375,0.001403,172.31.36.0-255,66,83607,15,127969
17376,0.001423,172.217.194.0-255,5738,89345,15,127969
17377,0.001425,172.31.36.0-255,66,89411,15,127969
17378,0.001431,172.217.194.0-255,5738,95149,15,127969
17379,0.001433,172.31.36.0-255,66,95215,15,127969
17380,0.001439,172.217.194.0-255,4320,99535,15,127969
17381,0.001441,172.31.36.0-255,66,99601,15,127969
17382,0.001475,172.31.36.0-255,66,99667,15,127969
17383,0.001481,172.217.194.0-255,5020,104687,15,127969
17384,0.001483,172.31.36.0-255,66,104753,15,127969
17385,0.00353,172.217.194.0-255,5738,110491,15,127969
17386,0.00354,172.31.36.0-255,66,110557,15,127969
17387,0.005572,172.217.194.0-255,5738,116295,15,127969
17388,0.005588,172.31.36.0-255,66,116361,15,127969
17389,0.007624,172.217.194.0-255,5738,122099,15,127969
17390,0.007637,172.31.36.0-255,66,122165,15,127969
17391,0.009702,172.217.194.0-255,5738,127903,15,127969
17392,0.009715,172.31.36.0-255,66,127969,15,127969
17393,0.0,172.31.36.0-255,74,74,15,74
17394,0.0,172.217.194.0-255,143,143,15,224367
17395,2.5e-05,172.31.36.0-255,66,209,15,224367
17396,3.1e-05,172.217.194.0-255,1484,1693,15,224367
17397,3.5e-05,172.31.36.0-255,66,1759,15,224367
17398,4e-05,172.217.194.0-255,2902,4661,15,224367
17399,4.3e-05,172.31.36.0-255,66,4727,15,224367
17400,5.9e-05,172.217.194.0-255,2902,7629,15,224367
17401,6.2e-05,172.31.36.0-255,66,7695,15,224367
17402,8.6e-05,172.217.194.0-255,4320,12015,15,224367
17403,9e-05,172.31.36.0-255,66,12081,15,224367
17404,0.000103,172.217.194.0-255,2055,14136,15,224367
17405,0.000105,172.31.36.0-255,66,14202,15,224367
17406,0.000148,172.217.194.0-255,2902,17104,15,224367
17407,0.000151,172.31.36.0-255,66,17170,15,224367
17408,0.000154,172.217.194.0-255,1484,18654,15,224367
17409,0.000156,172.31.36.0-255,66,18720,15,224367
17410,0.000175,172.217.194.0-255,2902,21622,15,224367
17411,0.000177,172.31.36.0-255,66,21688,15,224367
17412,0.000187,172.31.36.0-255,66,21754,15,224367
17413,0.00019,172.217.194.0-255,1125,22879,15,224367
17414,0.000192,172.31.36.0-255,66,22945,15,224367
17415,0.000257,172.217.194.0-255,1484,24429,15,224367
17416,0.000261,172.31.36.0-255,66,24495,15,224367
17417,0.000264,172.217.194.0-255,1484,25979,15,224367
17418,0.000266,172.31.36.0-255,66,26045,15,224367
17419,0.000282,172.217.194.0-255,1484,27529,15,224367
17420,0.000285,172.31.36.0-255,66,27595,15,224367
17421,0.000291,172.217.194.0-255,5738,33333,15,224367
17422,0.000294,172.31.36.0-255,66,33399,15,224367
17423,0.000322,172.217.194.0-255,1484,34883,15,224367
17424,0.000325,172.31.36.0-255,66,34949,15,224367
17425,0.000347,172.217.194.0-255,5379,40328,15,224367
17426,0.00035,172.31.36.0-255,66,40394,15,224367
17427,0.001006,172.217.194.0-255,1484,41878,15,224367
17428,0.001017,172.217.194.0-255,2902,44780,15,224367
17429,0.001022,172.31.36.0-255,66,44846,15,224367
17430,0.00103,172.217.194.0-255,5738,50584,15,224367
17431,0.001032,172.31.36.0-255,66,50650,15,224367
17432,0.001082,172.217.194.0-255,4320,54970,15,224367
17433,0.001086,172.31.36.0-255,66,55036,15,224367
17434,0.001101,172.217.194.0-255,2543,57579,15,224367
17435,0.001104,172.31.36.0-255,66,57645,15,224367
17436,0.001141,172.217.194.0-255,7156,64801,15,224367
17437,0.001143,172.31.36.0-255,66,64867,15,224367
17438,0.001151,172.217.194.0-255,7156,72023,15,224367
17439,0.001154,172.31.36.0-255,66,72089,15,224367
17440,0.001167,172.217.194.0-255,1484,73573,15,224367
17441,0.001234,172.31.36.0-255,66,73639,15,224367
17442,0.001263,172.31.36.0-255,66,73705,15,224367
17443,0.001269,172.217.194.0-255,5379,79084,15,224367
17444,0.001273,172.31.36.0-255,66,79150,15,224367
17445,0.00128,172.217.194.0-255,5738,84888,15,224367
17446,0.001283,172.31.36.0-255,66,84954,15,224367
17447,0.001291,172.217.194.0-255,6682,91636,15,224367
17448,0.001295,172.31.36.0-255,66,91702,15,224367
17449,0.001397,172.217.194.0-255,198,91900,15,224367
17450,0.00178,172.217.194.0-255,1484,93384,15,224367
17451,0.001783,172.31.36.0-255,66,93450,15,224367
17452,0.001789,172.217.194.0-255,2902,96352,15,224367
17453,0.001792,172.31.36.0-255,66,96418,15,224367
17454,0.001819,172.217.194.0-255,5738,102156,15,224367
17455,0.001822,172.31.36.0-255,66,102222,15,224367
17456,0.001827,172.217.194.0-255,4320,106542,15,224367
17457,0.001829,172.31.36.0-255,66,106608,15,224367
17458,0.001868,172.31.36.0-255,66,106674,15,224367
17459,0.001874,172.217.194.0-255,7156,113830,15,224367
17460,0.001877,172.31.36.0-255,66,113896,15,224367
17461,0.001905,172.217.194.0-255,3602,117498,15,224367
17462,0.001908,172.31.36.0-255,66,117564,15,224367
17463,0.002018,172.217.194.0-255,1484,119048,15,224367
17464,0.00203,172.217.194.0-255,1484,120532,15,224367
17465,0.002032,172.31.36.0-255,66,120598,15,224367
17466,0.00205,172.217.194.0-255,1484,122082,15,224367
17467,0.002056,172.217.194.0-255,4320,126402,15,224367
17468,0.002058,172.31.36.0-255,66,126468,15,224367
17469,0.002069,172.31.36.0-255,66,126534,15,224367
17470,0.002104,172.217.194.0-255,5738,132272,15,224367
17471,0.002106,172.31.36.0-255,66,132338,15,224367
17472,0.002131,172.31.36.0-255,66,132404,15,224367
17473,0.002331,172.217.194.0-255,1484,133888,15,224367
17474,0.002334,172.217.194.0-255,1484,135372,15,224367
17475,0.002336,172.31.36.0-255,66,135438,15,224367
17476,0.002356,172.217.194.0-255,1484,136922,15,224367
17477,0.002362,172.217.194.0-255,5738,142660,15,224367
17478,0.002364,172.31.36.0-255,66,142726,15,224367
17479,0.002367,172.217.194.0-255,1484,144210,15,224367
17480,0.002388,172.31.36.0-255,66,144276,15,224367
17481,0.002401,172.217.194.0-255,2902,147178,15,224367
17482,0.002404,172.31.36.0-255,66,147244,15,224367
17483,0.002415,172.31.36.0-255,66,147310,15,224367
17484,0.002557,172.217.194.0-255,1484,148794,15,224367
17485,0.002569,172.217.194.0-255,2902,151696,15,224367
17486,0.002572,172.31.36.0-255,66,151762,15,224367
17487,0.002588,172.217.194.0-255,2902,154664,15,224367
17488,0.002591,172.31.36.0-255,66,154730,15,224367
17489,0.002621,172.217.194.0-255,2902,157632,15,224367
17490,0.002623,172.31.36.0-255,66,157698,15,224367
17491,0.002635,172.31.36.0-255,66,157764,15,224367
17492,0.00266,172.31.36.0-255,66,157830,15,224367
17493,0.002701,172.217.194.0-255,2184,160014,15,224367
17494,0.002703,172.31.36.0-255,66,160080,15,224367
17495,0.002717,172.31.36.0-255,66,160146,15,224367
17496,0.00276,172.31.36.0-255,66,160212,15,224367
17497,0.002788,172.31.36.0-255,66,160278,15,224367
17498,0.002791,172.217.194.0-255,1484,161762,15,224367
17499,0.002795,172.217.194.0-255,2902,164664,15,224367
17500,0.002798,172.31.36.0-255,66,164730,15,224367
17501,0.002805,172.217.194.0-255,5738,170468,15,224367
17502,0.002807,172.31.36.0-255,66,170534,15,224367
17503,0.002817,172.31.36.0-255,66,170600,15,224367
17504,0.002838,172.217.194.0-255,4320,174920,15,224367
17505,0.002841,172.31.36.0-255,66,174986,15,224367
17506,0.002854,172.31.36.0-255,66,175052,15,224367
17507,0.002866,172.217.194.0-255,766,175818,15,224367
17508,0.00287,172.217.194.0-255,1484,177302,15,224367
17509,0.002872,172.31.36.0-255,66,177368,15,224367
17510,0.002902,172.217.194.0-255,2902,180270,15,224367
17511,0.002905,172.31.36.0-255,66,180336,15,224367
17512,0.002911,172.217.194.0-255,5738,186074,15,224367
17513,0.002914,172.31.36.0-255,66,186140,15,224367
17514,0.002918,172.217.194.0-255,2902,189042,15,224367
17515,0.00292,172.31.36.0-255,66,189108,15,224367
17516,0.002954,172.217.194.0-255,4320,193428,15,224367
17517,0.002957,172.31.36.0-255,66,193494,15,224367
17518,0.002972,172.31.36.0-255,66,193560,15,224367
17519,0.002976,172.217.194.0-255,2184,195744,15,224367
17520,0.002978,172.31.36.0-255,66,195810,15,224367
17521,0.002982,172.217.194.0-255,2902,198712,15,224367
17522,0.002985,172.31.36.0-255,66,198778,15,224367
17523,0.003015,172.217.194.0-255,7156,205934,15,224367
17524,0.003018,172.31.36.0-255,66,206000,15,224367
17525,0.003024,172.217.194.0-255,5738,211738,15,224367
17526,0.003027,172.31.36.0-255,66,211804,15,224367
17527,0.00303,172.217.194.0-255,1484,213288,15,224367
17528,0.003067,172.31.36.0-255,66,213354,15,224367
17529,0.003074,172.217.194.0-255,5738,219092,15,224367
17530,0.003076,172.31.36.0-255,66,219158,15,224367
17531,0.003091,172.217.194.0-255,4801,223959,15,224367
17532,0.003094,172.31.36.0-255,66,224025,15,224367
17533,0.00311,172.217.194.0-255,105,224130,15,224367
17534,0.005728,172.31.36.0-255,66,224196,15,224367
17535,0.005755,172.31.36.0-255,105,224301,15,224367
17536,0.007971,172.217.194.0-255,66,224367,15,224367
17537,0.0,172.217.194.0-255,152,152,15,292286
17538,2.9e-05,172.31.36.0-255,66,218,15,292286
17539,3.5e-05,172.217.194.0-255,1484,1702,15,292286
17540,3.8e-05,172.31.36.0-255,66,1768,15,292286
17541,4.4e-05,172.217.194.0-255,2902,4670,15,292286
17542,4.7e-05,172.31.36.0-255,66,4736,15,292286
17543,5.3e-05,172.217.194.0-255,4320,9056,15,292286
17544,5.6e-05,172.31.36.0-255,66,9122,15,292286
17545,7.9e-05,172.217.194.0-255,2902,12024,15,292286
17546,8.1e-05,172.31.36.0-255,66,12090,15,292286
17547,8.6e-05,172.217.194.0-255,3522,15612,15,292286
17548,8.8e-05,172.31.36.0-255,66,15678,15,292286
17549,9.6e-05,172.217.194.0-255,7156,22834,15,292286
17550,9.8e-05,172.31.36.0-255,66,22900,15,292286
17551,0.000126,172.217.194.0-255,5738,28638,15,292286
17552,0.000129,172.31.36.0-255,66,28704,15,292286
17553,0.000133,172.217.194.0-255,2543,31247,15,292286
17554,0.000135,172.31.36.0-255,66,31313,15,292286
17555,0.000166,172.217.194.0-255,1484,32797,15,292286
17556,0.000169,172.31.36.0-255,66,32863,15,292286
17557,0.000175,172.217.194.0-255,2902,35765,15,292286
17558,0.000178,172.31.36.0-255,66,35831,15,292286
17559,0.0002,172.217.194.0-255,5738,41569,15,292286
17560,0.000204,172.31.36.0-255,66,41635,15,292286
17561,0.000243,172.31.36.0-255,66,41701,15,292286
17562,0.000272,172.217.194.0-255,4320,46021,15,292286
17563,0.000275,172.31.36.0-255,66,46087,15,292286
17564,0.000308,172.31.36.0-255,66,46153,15,292286
17565,0.000311,172.217.194.0-255,340,46493,15,292286
17566,0.000315,172.31.36.0-255,66,46559,15,292286
17567,0.000353,172.217.194.0-255,403,46962,15,292286
17568,0.000501,172.217.194.0-255,1484,48446,15,292286
17569,0.000506,172.31.36.0-255,66,48512,15,292286
17570,0.000512,172.217.194.0-255,2902,51414,15,292286
17571,0.000514,172.31.36.0-255,66,51480,15,292286
17572,0.000519,172.217.194.0-255,4320,55800,15,292286
17573,0.000522,172.31.36.0-255,66,55866,15,292286
17574,0.000548,172.217.194.0-255,1484,57350,15,292286
17575,0.000557,172.217.194.0-255,6248,63598,15,292286
17576,0.000559,172.31.36.0-255,66,63664,15,292286
17577,0.000572,172.31.36.0-255,66,63730,15,292286
17578,0.000592,172.217.194.0-255,2902,66632,15,292286
17579,0.000595,172.31.36.0-255,66,66698,15,292286
17580,0.0006,172.217.194.0-255,2543,69241,15,292286
17581,0.000602,172.31.36.0-255,66,69307,15,292286
17582,0.000871,172.217.194.0-255,1484,70791,15,292286
17583,0.000878,172.217.194.0-255,2902,73693,15,292286
17584,0.000882,172.31.36.0-255,66,73759,15,292286
17585,0.000888,172.217.194.0-255,2902,76661,15,292286
17586,0.000889,172.31.36.0-255,66,76727,15,292286
17587,0.000905,172.217.194.0-255,2902,79629,15,292286
17588,0.000908,172.31.36.0-255,66,79695,15,292286
17589,0.000912,172.217.194.0-255,2902,82597,15,292286
17590,0.000914,172.31.36.0-255,66,82663,15,292286
17591,0.000935,172.217.194.0-255,5738,88401,15,292286
17592,0.000937,172.31.36.0-255,66,88467,15,292286
17593,0.00096,172.217.194.0-255,4320,92787,15,292286
17594,0.000963,172.31.36.0-255,66,92853,15,292286
17595,0.000992,172.31.36.0-255,66,92919,15,292286
17596,0.00101,172.217.194.0-255,2184,95103,15,292286
17597,0.001012,172.31.36.0-255,66,95169,15,292286
17598,0.001036,172.217.194.0-255,1484,96653,15,292286
17599,0.001054,172.217.194.0-255,2902,99555,15,292286
17600,0.001057,172.31.36.0-255,66,99621,15,292286
17601,0.001075,172.217.194.0-255,5738,105359,15,292286
17602,0.001078,172.31.36.0-255,66,105425,15,292286
17603,0.001109,172.217.194.0-255,2902,108327,15,292286
17604,0.001111,172.31.36.0-255,66,108393,15,292286
17605,0.001124,172.217.194.0-255,3961,112354,15,292286
17606,0.001126,172.31.36.0-255,66,112420,15,292286
17607,0.001145,172.217.194.0-255,1484,113904,15,292286
17608,0.001161,172.217.194.0-255,5738,119642,15,292286
17609,0.001164,172.31.36.0-255,66,119708,15,292286
17610,0.001176,172.31.36.0-255,66,119774,15,292286
17611,0.001192,172.217.194.0-255,1484,121258,15,292286
17612,0.001205,172.31.36.0-255,66,121324,15,292286
17613,0.001209,172.217.194.0-255,2902,124226,15,292286
17614,0.001211,172.31.36.0-255,66,124292,15,292286
17615,0.001226,172.217.194.0-255,2184,126476,15,292286
17616,0.001228,172.31.36.0-255,66,126542,15,292286
17617,0.001295,172.217.194.0-255,1484,128026,15,292286
17618,0.001312,172.217.194.0-255,2902,130928,15,292286
17619,0.001314,172.31.36.0-255,66,130994,15,292286
17620,0.001337,172.217.194.0-255,5738,136732,15,292286
17621,0.001339,172.31.36.0-255,66,136798,15,292286
17622,0.001344,172.217.194.0-255,4320,141118,15,292286
17623,0.001346,172.31.36.0-255,66,141184,15,292286
17624,0.001361,172.217.194.0-255,5738,146922,15,292286
17625,0.001364,172.31.36.0-255,66,146988,15,292286
17626,0.001408,172.217.194.0-255,2902,149890,15,292286
17627,0.00141,172.31.36.0-255,66,149956,15,292286
17628,0.001438,172.31.36.0-255,66,150022,15,292286
17629,0.001449,172.217.194.0-255,1484,151506,15,292286
17630,0.001471,172.217.194.0-255,2902,154408,15,292286
17631,0.001474,172.31.36.0-255,66,154474,15,292286
17632,0.001477,172.217.194.0-255,1484,155958,15,292286
17633,0.001494,172.217.194.0-255,4320,160278,15,292286
17634,0.001496,172.31.36.0-255,66,160344,15,292286
17635,0.001501,172.217.194.0-255,4320,164664,15,292286
17636,0.001503,172.31.36.0-255,66,164730,15,292286
17637,0.001531,172.31.36.0-255,66,164796,15,292286
17638,0.001555,172.217.194.0-255,1484,166280,15,292286
17639,0.00157,172.31.36.0-255,66,166346,15,292286
17640,0.001627,172.217.194.0-255,1484,167830,15,292286
17641,0.001644,172.217.194.0-255,2902,170732,15,292286
17642,0.001646,172.31.36.0-255,66,170798,15,292286
17643,0.001652,172.217.194.0-255,5738,176536,15,292286
17644,0.001654,172.31.36.0-255,66,176602,15,292286
17645,0.001657,172.217.194.0-255,1484,178086,15,292286
17646,0.001661,172.217.194.0-255,2902,180988,15,292286
17647,0.001663,172.31.36.0-255,66,181054,15,292286
17648,0.001683,172.217.194.0-255,5738,186792,15,292286
17649,0.001685,172.31.36.0-255,66,186858,15,292286
17650,0.001697,172.217.194.0-255,1484,188342,15,292286
17651,0.00172,172.31.36.0-255,66,188408,15,292286
17652,0.001736,172.217.194.0-255,766,189174,15,292286
17653,0.001745,172.217.194.0-255,1484,190658,15,292286
17654,0.001747,172.31.36.0-255,66,190724,15,292286
17655,0.001763,172.217.194.0-255,2902,193626,15,292286
17656,0.001765,172.31.36.0-255,66,193692,15,292286
17657,0.001777,172.217.194.0-255,1484,195176,15,292286
17658,0.001795,172.217.194.0-255,4320,199496,15,292286
17659,0.001797,172.31.36.0-255,66,199562,15,292286
17660,0.0018,172.217.194.0-255,1484,201046,15,292286
17661,0.001821,172.217.194.0-255,7156,208202,15,292286
17662,0.001826,172.217.194.0-255,5738,213940,15,292286
17663,0.001845,172.217.194.0-255,4320,218260,15,292286
17664,0.001883,172.217.194.0-255,2902,221162,15,292286
17665,0.001896,172.217.194.0-255,2902,224064,15,292286
17666,0.001908,172.217.194.0-255,4320,228384,15,292286
17667,0.00192,172.217.194.0-255,2184,230568,15,292286
17668,0.001927,172.217.194.0-255,7156,237724,15,292286
17669,0.001944,172.217.194.0-255,5738,243462,15,292286
17670,0.001963,172.217.194.0-255,4320,247782,15,292286
17671,0.001986,172.217.194.0-255,7156,254938,15,292286
17672,0.001999,172.217.194.0-255,2184,257122,15,292286
17673,0.002013,172.217.194.0-255,1484,258606,15,292286
17674,0.002026,172.217.194.0-255,2902,261508,15,292286
17675,0.002044,172.217.194.0-255,5738,267246,15,292286
17676,0.00207,172.217.194.0-255,2902,270148,15,292286
17677,0.002098,172.217.194.0-255,2902,273050,15,292286
17678,0.002113,172.217.194.0-255,5738,278788,15,292286
17679,0.00213,172.217.194.0-255,2184,280972,15,292286
17680,0.002185,172.217.194.0-255,1484,282456,15,292286
17681,0.002195,172.217.194.0-255,2902,285358,15,292286
17682,0.002204,172.217.194.0-255,1484,286842,15,292286
17683,0.002218,172.217.194.0-255,4320,291162,15,292286
17684,0.002242,172.217.194.0-255,615,291777,15,292286
17685,0.002311,172.217.194.0-255,105,291882,15,292286
17686,0.003573,172.31.36.0-255,66,291948,15,292286
17687,0.00397,172.31.36.0-255,101,292049,15,292286
17688,0.006219,172.217.194.0-255,66,292115,15,292286
17689,0.006509,172.31.36.0-255,105,292220,15,292286
17690,0.008776,172.217.194.0-255,66,292286,15,292286
17691,0.0,74.125.24.0-255,145,145,15,104251
17692,1.9e-05,172.31.36.0-255,66,211,15,104251
17693,5.2e-05,74.125.24.0-255,1484,1695,15,104251
17694,5.8e-05,172.31.36.0-255,66,1761,15,104251
17695,6.4e-05,74.125.24.0-255,2902,4663,15,104251
17696,6.8e-05,172.31.36.0-255,66,4729,15,104251
17697,7.3e-05,74.125.24.0-255,2902,7631,15,104251
17698,7.6e-05,172.31.36.0-255,66,7697,15,104251
17699,8.3e-05,74.125.24.0-255,4320,12017,15,104251
17700,8.5e-05,172.31.36.0-255,66,12083,15,104251
17701,0.000112,74.125.24.0-255,2018,14101,15,104251
17702,0.00012,172.31.36.0-255,66,14167,15,104251
17703,0.000163,74.125.24.0-255,1484,15651,15,104251
17704,0.000166,172.31.36.0-255,66,15717,15,104251
17705,0.000184,74.125.24.0-255,2902,18619,15,104251
17706,0.000187,172.31.36.0-255,66,18685,15,104251
17707,0.000192,74.125.24.0-255,2902,21587,15,104251
17708,0.000194,172.31.36.0-255,66,21653,15,104251
17709,0.000232,74.125.24.0-255,2902,24555,15,104251
17710,0.000236,172.31.36.0-255,66,24621,15,104251
17711,0.000244,74.125.24.0-255,6797,31418,15,104251
17712,0.000246,172.31.36.0-255,66,31484,15,104251
17713,0.000309,74.125.24.0-255,1484,32968,15,104251
17714,0.000313,172.31.36.0-255,66,33034,15,104251
17715,0.000318,74.125.24.0-255,2902,35936,15,104251
17716,0.000321,172.31.36.0-255,66,36002,15,104251
17717,0.000354,74.125.24.0-255,5738,41740,15,104251
17718,0.000357,172.31.36.0-255,66,41806,15,104251
17719,0.000366,74.125.24.0-255,6797,48603,15,104251
17720,0.000368,172.31.36.0-255,66,48669,15,104251
17721,0.0009,74.125.24.0-255,1484,50153,15,104251
17722,0.000905,172.31.36.0-255,66,50219,15,104251
17723,0.000912,74.125.24.0-255,2902,53121,15,104251
17724,0.000917,74.125.24.0-255,2902,56023,15,104251
17725,0.000936,74.125.24.0-255,2902,58925,15,104251
17726,0.000943,74.125.24.0-255,6797,65722,15,104251
17727,0.000957,172.31.36.0-255,66,65788,15,104251
17728,0.000992,74.125.24.0-255,1484,67272,15,104251
17729,0.000997,74.125.24.0-255,2902,70174,15,104251
17730,0.000999,172.31.36.0-255,66,70240,15,104251
17731,0.001029,74.125.24.0-255,5738,75978,15,104251
17732,0.001032,172.31.36.0-255,66,76044,15,104251
17733,0.001036,74.125.24.0-255,1484,77528,15,104251
17734,0.001069,172.31.36.0-255,66,77594,15,104251
17735,0.001078,74.125.24.0-255,2543,80137,15,104251
17736,0.001117,172.31.36.0-255,66,80203,15,104251
17737,0.001766,74.125.24.0-255,1484,81687,15,104251
17738,0.001776,74.125.24.0-255,2902,84589,15,104251
17739,0.00178,172.31.36.0-255,66,84655,15,104251
17740,0.001788,74.125.24.0-255,5738,90393,15,104251
17741,0.00179,172.31.36.0-255,66,90459,15,104251
17742,0.001793,74.125.24.0-255,1484,91943,15,104251
17743,0.001837,74.125.24.0-255,7156,99099,15,104251
17744,0.001839,172.31.36.0-255,66,99165,15,104251
17745,0.001861,74.125.24.0-255,5020,104185,15,104251
17746,0.008271,172.31.36.0-255,66,104251,15,104251
17747,0.0,172.31.36.0-255,238,238,15,304
17748,0.007201,74.125.24.0-255,66,304,15,304
17749,0.0,74.125.68.0-255,146,146,15,118719
17750,1.8e-05,172.31.36.0-255,66,212,15,118719
17751,2.6e-05,74.125.68.0-255,1484,1696,15,118719
17752,3.1e-05,172.31.36.0-255,66,1762,15,118719
17753,3.6e-05,74.125.68.0-255,2902,4664,15,118719
17754,4.7e-05,172.31.36.0-255,66,4730,15,118719
17755,5.4e-05,74.125.68.0-255,5738,10468,15,118719
17756,5.8e-05,172.31.36.0-255,66,10534,15,118719
17757,6.3e-05,74.125.68.0-255,2902,13436,15,118719
17758,6.6e-05,172.31.36.0-255,66,13502,15,118719
17759,8.7e-05,74.125.68.0-255,636,14138,15,118719
17760,9e-05,172.31.36.0-255,66,14204,15,118719
17761,0.00022,74.125.68.0-255,1484,15688,15,118719
17762,0.000225,172.31.36.0-255,66,15754,15,118719
17763,0.000231,74.125.68.0-255,2902,18656,15,118719
17764,0.000233,172.31.36.0-255,66,18722,15,118719
17765,0.000238,74.125.68.0-255,2902,21624,15,118719
17766,0.000246,172.31.36.0-255,66,21690,15,118719
17767,0.000269,74.125.68.0-255,2902,24592,15,118719
17768,0.000272,172.31.36.0-255,66,24658,15,118719
17769,0.000276,74.125.68.0-255,2902,27560,15,118719
17770,0.000279,172.31.36.0-255,66,27626,15,118719
17771,0.000285,74.125.68.0-255,3961,31587,15,118719
17772,0.000287,172.31.36.0-255,66,31653,15,118719
17773,0.000324,172.31.36.0-255,66,31719,15,118719
17774,0.000358,172.31.36.0-255,66,31785,15,118719
17775,0.000364,74.125.68.0-255,5738,37523,15,118719
17776,0.000366,172.31.36.0-255,66,37589,15,118719
17777,0.000391,74.125.68.0-255,4320,41909,15,118719
17778,0.000394,172.31.36.0-255,66,41975,15,118719
17779,0.000418,74.125.68.0-255,5350,47325,15,118719
17780,0.000421,172.31.36.0-255,66,47391,15,118719
17781,0.000519,74.125.68.0-255,112,47503,15,118719
17782,0.000531,74.125.68.0-255,332,47835,15,118719
17783,0.000706,74.125.68.0-255,1484,49319,15,118719
17784,0.000711,172.31.36.0-255,66,49385,15,118719
17785,0.000717,74.125.68.0-255,2902,52287,15,118719
17786,0.00072,172.31.36.0-255,66,52353,15,118719
17787,0.000725,74.125.68.0-255,4320,56673,15,118719
17788,0.000733,172.31.36.0-255,66,56739,15,118719
17789,0.00076,74.125.68.0-255,1484,58223,15,118719
17790,0.000776,172.31.36.0-255,66,58289,15,118719
17791,0.000781,74.125.68.0-255,4320,62609,15,118719
17792,0.000783,172.31.36.0-255,66,62675,15,118719
17793,0.000824,74.125.68.0-255,4320,66995,15,118719
17794,0.000827,172.31.36.0-255,66,67061,15,118719
17795,0.000851,74.125.68.0-255,2184,69245,15,118719
17796,0.000855,172.31.36.0-255,66,69311,15,118719
17797,0.000925,74.125.68.0-255,1484,70795,15,118719
17798,0.000945,74.125.68.0-255,2902,73697,15,118719
17799,0.000948,172.31.36.0-255,66,73763,15,118719
17800,0.000951,74.125.68.0-255,1484,75247,15,118719
17801,0.000967,74.125.68.0-255,2902,78149,15,118719
17802,0.00097,172.31.36.0-255,66,78215,15,118719
17803,0.001005,74.125.68.0-255,4320,82535,15,118719
17804,0.001008,172.31.36.0-255,66,82601,15,118719
17805,0.001021,74.125.68.0-255,1484,84085,15,118719
17806,0.001029,74.125.68.0-255,2902,86987,15,118719
17807,0.001031,172.31.36.0-255,66,87053,15,118719
17808,0.001037,74.125.68.0-255,4320,91373,15,118719
17809,0.001039,172.31.36.0-255,66,91439,15,118719
17810,0.001083,172.31.36.0-255,66,91505,15,118719
17811,0.001109,74.125.68.0-255,3602,95107,15,118719
17812,0.001112,172.31.36.0-255,66,95173,15,118719
17813,0.00302,74.125.68.0-255,1484,96657,15,118719
17814,0.003044,74.125.68.0-255,4320,100977,15,118719
17815,0.003049,172.31.36.0-255,66,101043,15,118719
17816,0.004982,74.125.68.0-255,5738,106781,15,118719
17817,0.004986,172.31.36.0-255,66,106847,15,118719
17818,0.006917,74.125.68.0-255,2902,109749,15,118719
17819,0.00692,172.31.36.0-255,66,109815,15,118719
17820,0.006944,74.125.68.0-255,2902,112717,15,118719
17821,0.006946,172.31.36.0-255,66,112783,15,118719
17822,0.008861,74.125.68.0-255,2902,115685,15,118719
17823,0.008868,172.31.36.0-255,66,115751,15,118719
17824,0.008895,74.125.68.0-255,2902,118653,15,118719
17825,0.008898,172.31.36.0-255,66,118719,15,118719
17826,0.0,74.125.24.0-255,226,226,15,50059
17827,2.7e-05,172.31.36.0-255,66,292,15,50059
17828,3.4e-05,74.125.24.0-255,1484,1776,15,50059
17829,3.9e-05,172.31.36.0-255,66,1842,15,50059
17830,8.3e-05,74.125.24.0-255,4320,6162,15,50059
17831,8.6e-05,172.31.36.0-255,66,6228,15,50059
17832,0.000222,172.31.36.0-255,66,6294,15,50059
17833,0.000492,74.125.24.0-255,7156,13450,15,50059
17834,0.000498,172.31.36.0-255,66,13516,15,50059
17835,0.000525,74.125.24.0-255,1484,15000,15,50059
17836,0.00053,172.31.36.0-255,66,15066,15,50059
17837,0.000805,74.125.24.0-255,5738,20804,15,50059
17838,0.000809,172.31.36.0-255,66,20870,15,50059
17839,0.000837,74.125.24.0-255,2543,23413,15,50059
17840,0.000841,172.31.36.0-255,66,23479,15,50059
17841,0.001094,74.125.24.0-255,5738,29217,15,50059
17842,0.001097,172.31.36.0-255,66,29283,15,50059
17843,0.002394,74.125.24.0-255,2902,32185,15,50059
17844,0.002401,172.31.36.0-255,66,32251,15,50059
17845,0.003433,74.125.24.0-255,2902,35153,15,50059
17846,0.003436,172.31.36.0-255,66,35219,15,50059
17847,0.004744,74.125.24.0-255,2902,38121,15,50059
17848,0.004748,172.31.36.0-255,66,38187,15,50059
17849,0.005809,74.125.24.0-255,2902,41089,15,50059
17850,0.005816,172.31.36.0-255,66,41155,15,50059
17851,0.007088,74.125.24.0-255,2902,44057,15,50059
17852,0.007095,172.31.36.0-255,66,44123,15,50059
17853,0.008195,74.125.24.0-255,2902,47025,15,50059
17854,0.008203,172.31.36.0-255,66,47091,15,50059
17855,0.009483,74.125.24.0-255,2902,49993,15,50059
17856,0.00949,172.31.36.0-255,66,50059,15,50059
17857,0.0,172.217.194.0-255,153,153,15,137460
17858,1.9e-05,172.31.36.0-255,66,219,15,137460
17859,2.5e-05,172.217.194.0-255,1484,1703,15,137460
17860,2.9e-05,172.31.36.0-255,66,1769,15,137460
17861,3.5e-05,172.217.194.0-255,2902,4671,15,137460
17862,3.7e-05,172.31.36.0-255,66,4737,15,137460
17863,4.1e-05,172.217.194.0-255,2902,7639,15,137460
17864,4.3e-05,172.31.36.0-255,66,7705,15,137460
17865,6.6e-05,172.217.194.0-255,4320,12025,15,137460
17866,6.9e-05,172.31.36.0-255,66,12091,15,137460
17867,8.1e-05,172.217.194.0-255,2069,14160,15,137460
17868,8.3e-05,172.31.36.0-255,66,14226,15,137460
17869,0.00013,172.217.194.0-255,2902,17128,15,137460
17870,0.000133,172.31.36.0-255,66,17194,15,137460
17871,0.000138,172.217.194.0-255,4320,21514,15,137460
17872,0.00014,172.31.36.0-255,66,21580,15,137460
17873,0.000178,172.31.36.0-255,66,21646,15,137460
17874,0.000181,172.217.194.0-255,1125,22771,15,137460
17875,0.000183,172.31.36.0-255,66,22837,15,137460
17876,0.000238,172.217.194.0-255,5738,28575,15,137460
17877,0.000241,172.31.36.0-255,66,28641,15,137460
17878,0.000264,172.217.194.0-255,5738,34379,15,137460
17879,0.000266,172.31.36.0-255,66,34445,15,137460
17880,0.000272,172.217.194.0-255,5379,39824,15,137460
17881,0.000274,172.31.36.0-255,66,39890,15,137460
17882,0.000971,172.217.194.0-255,1484,41374,15,137460
17883,0.000977,172.31.36.0-255,66,41440,15,137460
17884,0.000986,172.217.194.0-255,2902,44342,15,137460
17885,0.000987,172.31.36.0-255,66,44408,15,137460
17886,0.000992,172.217.194.0-255,2902,47310,15,137460
17887,0.000993,172.31.36.0-255,66,47376,15,137460
17888,0.001022,172.217.194.0-255,2902,50278,15,137460
17889,0.001024,172.31.36.0-255,66,50344,15,137460
17890,0.001031,172.217.194.0-255,6797,57141,15,137460
17891,0.001032,172.31.36.0-255,66,57207,15,137460
17892,0.001082,172.31.36.0-255,66,57273,15,137460
17893,0.001101,172.217.194.0-255,2902,60175,15,137460
17894,0.001103,172.31.36.0-255,66,60241,15,137460
17895,0.001106,172.217.194.0-255,2543,62784,15,137460
17896,0.001108,172.31.36.0-255,66,62850,15,137460
17897,0.001703,172.217.194.0-255,1484,64334,15,137460
17898,0.001711,172.217.194.0-255,2902,67236,15,137460
17899,0.001714,172.31.36.0-255,66,67302,15,137460
17900,0.001733,172.217.194.0-255,5738,73040,15,137460
17901,0.001735,172.31.36.0-255,66,73106,15,137460
17902,0.001765,172.217.194.0-255,5738,78844,15,137460
17903,0.001767,172.31.36.0-255,66,78910,15,137460
17904,0.001779,172.217.194.0-255,4320,83230,15,137460
17905,0.001781,172.31.36.0-255,66,83296,15,137460
17906,0.001815,172.31.36.0-255,66,83362,15,137460
17907,0.001833,172.217.194.0-255,2184,85546,15,137460
17908,0.001836,172.31.36.0-255,66,85612,15,137460
17909,0.001966,172.217.194.0-255,1484,87096,15,137460
17910,0.001977,172.217.194.0-255,1484,88580,15,137460
17911,0.00198,172.31.36.0-255,66,88646,15,137460
17912,0.001996,172.217.194.0-255,1484,90130,15,137460
17913,0.002002,172.217.194.0-255,5738,95868,15,137460
17914,0.002004,172.31.36.0-255,66,95934,15,137460
17915,0.002008,172.217.194.0-255,1484,97418,15,137460
17916,0.002026,172.217.194.0-255,5738,103156,15,137460
17917,0.002029,172.31.36.0-255,66,103222,15,137460
17918,0.002048,172.217.194.0-255,7156,110378,15,137460
17919,0.00205,172.31.36.0-255,66,110444,15,137460
17920,0.002068,172.217.194.0-255,7156,117600,15,137460
17921,0.00207,172.31.36.0-255,66,117666,15,137460
17922,0.002073,172.217.194.0-255,1484,119150,15,137460
17923,0.002086,172.217.194.0-255,766,119916,15,137460
17924,0.002088,172.31.36.0-255,66,119982,15,137460
17925,0.004123,172.217.194.0-255,5738,125720,15,137460
17926,0.004129,172.31.36.0-255,66,125786,15,137460
17927,0.006172,172.217.194.0-255,1484,127270,15,137460
17928,0.006199,172.217.194.0-255,4320,131590,15,137460
17929,0.006203,172.31.36.0-255,66,131656,15,137460
17930,0.00829,172.217.194.0-255,5738,137394,15,137460
17931,0.008298,172.31.36.0-255,66,137460,15,137460
17932,0.0,74.125.24.0-255,155,155,15,90469
17933,3.7e-05,172.31.36.0-255,66,221,15,90469
17934,4.4e-05,74.125.24.0-255,1484,1705,15,90469
17935,4.8e-05,172.31.36.0-255,66,1771,15,90469
17936,5.3e-05,74.125.24.0-255,2902,4673,15,90469
17937,5.6e-05,172.31.36.0-255,66,4739,15,90469
17938,5.9e-05,74.125.24.0-255,1484,6223,15,90469
17939,6e-05,172.31.36.0-255,66,6289,15,90469
17940,9.6e-05,74.125.24.0-255,2902,9191,15,90469
17941,9.9e-05,172.31.36.0-255,66,9257,15,90469
17942,0.000116,74.125.24.0-255,4917,14174,15,90469
17943,0.00012,172.31.36.0-255,66,14240,15,90469
17944,0.000363,74.125.24.0-255,1484,15724,15,90469
17945,0.000368,172.31.36.0-255,66,15790,15,90469
17946,0.000374,74.125.24.0-255,2902,18692,15,90469
17947,0.000377,172.31.36.0-255,66,18758,15,90469
17948,0.000405,74.125.24.0-255,5738,24496,15,90469
17949,0.000408,172.31.36.0-255,66,24562,15,90469
17950,0.000436,74.125.24.0-255,2902,27464,15,90469
17951,0.000441,172.31.36.0-255,66,27530,15,90469
17952,0.000472,172.31.36.0-255,66,27596,15,90469
17953,0.000475,74.125.24.0-255,1484,29080,15,90469
17954,0.000477,172.31.36.0-255,66,29146,15,90469
17955,0.00049,172.31.36.0-255,66,29212,15,90469
17956,0.000517,74.125.24.0-255,5738,34950,15,90469
17957,0.000519,172.31.36.0-255,66,35016,15,90469
17958,0.00053,172.31.36.0-255,66,35082,15,90469
17959,0.000533,74.125.24.0-255,412,35494,15,90469
17960,0.000535,172.31.36.0-255,66,35560,15,90469
17961,0.000837,74.125.24.0-255,331,35891,15,90469
17962,0.000868,172.31.36.0-255,66,35957,15,90469
17963,0.001097,74.125.24.0-255,1484,37441,15,90469
17964,0.001107,74.125.24.0-255,2902,40343,15,90469
17965,0.001112,172.31.36.0-255,66,40409,15,90469
17966,0.001138,74.125.24.0-255,5738,46147,15,90469
17967,0.001141,172.31.36.0-255,66,46213,15,90469
17968,0.001147,74.125.24.0-255,5738,51951,15,90469
17969,0.001149,172.31.36.0-255,66,52017,15,90469
17970,0.001178,74.125.24.0-255,4320,56337,15,90469
17971,0.001181,172.31.36.0-255,66,56403,15,90469
17972,0.001199,74.125.24.0-255,4320,60723,15,90469
17973,0.001202,172.31.36.0-255,66,60789,15,90469
17974,0.001234,172.31.36.0-255,66,60855,15,90469
17975,0.001745,74.125.24.0-255,1484,62339,15,90469
17976,0.001753,74.125.24.0-255,2902,65241,15,90469
17977,0.001757,172.31.36.0-255,66,65307,15,90469
17978,0.001764,74.125.24.0-255,5738,71045,15,90469
17979,0.001766,172.31.36.0-255,66,71111,15,90469
17980,0.001807,172.31.36.0-255,66,71177,15,90469
17981,0.001812,74.125.24.0-255,2902,74079,15,90469
17982,0.001814,172.31.36.0-255,66,74145,15,90469
17983,0.001838,172.31.36.0-255,66,74211,15,90469
17984,0.003901,74.125.24.0-255,4320,78531,15,90469
17985,0.003905,172.31.36.0-255,66,78597,15,90469
17986,0.003924,74.125.24.0-255,1484,80081,15,90469
17987,0.00593,74.125.24.0-255,1484,81565,15,90469
17988,0.005934,172.31.36.0-255,66,81631,15,90469
17989,0.005956,74.125.24.0-255,2902,84533,15,90469
17990,0.005959,172.31.36.0-255,66,84599,15,90469
17991,0.007992,74.125.24.0-255,4320,88919,15,90469
17992,0.007999,172.31.36.0-255,66,88985,15,90469
17993,0.00802,74.125.24.0-255,1484,90469,15,90469
17994,0.0,74.125.24.0-255,143,143,15,136540
17995,3.3e-05,172.31.36.0-255,66,209,15,136540
17996,4.1e-05,74.125.24.0-255,1484,1693,15,136540
17997,4.5e-05,172.31.36.0-255,66,1759,15,136540
17998,5e-05,74.125.24.0-255,2902,4661,15,136540
17999,6e-05,172.31.36.0-255,66,4727,15,136540
18000,6.7e-05,74.125.24.0-255,5738,10465,15,136540
18001,7e-05,172.31.36.0-255,66,10531,15,136540
18002,8.1e-05,172.31.36.0-255,66,10597,15,136540
18003,8.7e-05,74.125.24.0-255,4320,14917,15,136540
18004,9e-05,172.31.36.0-255,66,14983,15,136540
18005,0.000125,74.125.24.0-255,5738,20721,15,136540
18006,0.000128,172.31.36.0-255,66,20787,15,136540
18007,0.000142,172.31.36.0-255,66,20853,15,136540
18008,0.000167,74.125.24.0-255,5020,25873,15,136540
18009,0.000172,172.31.36.0-255,66,25939,15,136540
18010,0.000177,74.125.24.0-255,1484,27423,15,136540
18011,0.000179,172.31.36.0-255,66,27489,15,136540
18012,0.000183,74.125.24.0-255,2902,30391,15,136540
18013,0.000186,172.31.36.0-255,66,30457,15,136540
18014,0.000217,74.125.24.0-255,5738,36195,15,136540
18015,0.00022,172.31.36.0-255,66,36261,15,136540
18016,0.000227,74.125.24.0-255,7154,43415,15,136540
18017,0.00023,172.31.36.0-255,66,43481,15,136540
18018,0.000284,74.125.24.0-255,329,43810,15,136540
18019,0.000288,172.31.36.0-255,66,43876,15,136540
18020,0.000393,74.125.24.0-255,1484,45360,15,136540
18021,0.000397,172.31.36.0-255,66,45426,15,136540
18022,0.000402,74.125.24.0-255,2902,48328,15,136540
18023,0.000405,172.31.36.0-255,66,48394,15,136540
18024,0.000414,74.125.24.0-255,1484,49878,15,136540
18025,0.00045,74.125.24.0-255,4320,54198,15,136540
18026,0.000453,172.31.36.0-255,66,54264,15,136540
18027,0.000461,74.125.24.0-255,7156,61420,15,136540
18028,0.000464,172.31.36.0-255,66,61486,15,136540
18029,0.00048,172.31.36.0-255,66,61552,15,136540
18030,0.000484,74.125.24.0-255,2184,63736,15,136540
18031,0.000487,172.31.36.0-255,66,63802,15,136540
18032,0.001316,74.125.24.0-255,1484,65286,15,136540
18033,0.001326,74.125.24.0-255,2902,68188,15,136540
18034,0.001331,172.31.36.0-255,66,68254,15,136540
18035,0.00134,74.125.24.0-255,5738,73992,15,136540
18036,0.001342,172.31.36.0-255,66,74058,15,136540
18037,0.00139,172.31.36.0-255,66,74124,15,136540
18038,0.001401,172.31.36.0-255,66,74190,15,136540
18039,0.001424,74.125.24.0-255,766,74956,15,136540
18040,0.001772,74.125.24.0-255,1484,76440,15,136540
18041,0.001778,172.31.36.0-255,66,76506,15,136540
18042,0.001804,74.125.24.0-255,2902,79408,15,136540
18043,0.001806,172.31.36.0-255,66,79474,15,136540
18044,0.001828,74.125.24.0-255,5738,85212,15,136540
18045,0.00183,172.31.36.0-255,66,85278,15,136540
18046,0.001838,74.125.24.0-255,7156,92434,15,136540
18047,0.00184,172.31.36.0-255,66,92500,15,136540
18048,0.001885,172.31.36.0-255,66,92566,15,136540
18049,0.001889,74.125.24.0-255,2184,94750,15,136540
18050,0.001891,172.31.36.0-255,66,94816,15,136540
18051,0.002067,74.125.24.0-255,1484,96300,15,136540
18052,0.002071,74.125.24.0-255,1484,97784,15,136540
18053,0.002073,172.31.36.0-255,66,97850,15,136540
18054,0.002094,74.125.24.0-255,1484,99334,15,136540
18055,0.002099,74.125.24.0-255,5738,105072,15,136540
18056,0.002102,172.31.36.0-255,66,105138,15,136540
18057,0.002107,74.125.24.0-255,4320,109458,15,136540
18058,0.002109,172.31.36.0-255,66,109524,15,136540
18059,0.002143,172.31.36.0-255,66,109590,15,136540
18060,0.002148,74.125.24.0-255,4320,113910,15,136540
18061,0.00215,172.31.36.0-255,66,113976,15,136540
18062,0.002175,74.125.24.0-255,6438,120414,15,136540
18063,0.002177,172.31.36.0-255,66,120480,15,136540
18064,0.004427,74.125.24.0-255,4320,124800,15,136540
18065,0.004431,172.31.36.0-255,66,124866,15,136540
18066,0.004448,74.125.24.0-255,1484,126350,15,136540
18067,0.00669,74.125.24.0-255,4320,130670,15,136540
18068,0.006697,172.31.36.0-255,66,130736,15,136540
18069,0.009002,74.125.24.0-255,5738,136474,15,136540
18070,0.009014,172.31.36.0-255,66,136540,15,136540
18071,0.0,74.125.24.0-255,153,153,15,150382
18072,1.8e-05,172.31.36.0-255,66,219,15,150382
18073,2.6e-05,74.125.24.0-255,1484,1703,15,150382
18074,3.1e-05,172.31.36.0-255,66,1769,15,150382
18075,4.3e-05,74.125.24.0-255,2902,4671,15,150382
18076,4.6e-05,172.31.36.0-255,66,4737,15,150382
18077,5.5e-05,74.125.24.0-255,7156,11893,15,150382
18078,5.7e-05,172.31.36.0-255,66,11959,15,150382
18079,0.000113,74.125.24.0-255,2018,13977,15,150382
18080,0.000116,172.31.36.0-255,66,14043,15,150382
18081,0.000121,74.125.24.0-255,2902,16945,15,150382
18082,0.000123,172.31.36.0-255,66,17011,15,150382
18083,0.000156,172.31.36.0-255,66,17077,15,150382
18084,0.000268,74.125.24.0-255,4320,21397,15,150382
18085,0.000271,172.31.36.0-255,66,21463,15,150382
18086,0.000275,74.125.24.0-255,1125,22588,15,150382
18087,0.000278,172.31.36.0-255,66,22654,15,150382
18088,0.000314,172.31.36.0-255,66,22720,15,150382
18089,0.000452,74.125.24.0-255,7156,29876,15,150382
18090,0.000457,172.31.36.0-255,66,29942,15,150382
18091,0.000495,172.31.36.0-255,66,30008,15,150382
18092,0.000639,74.125.24.0-255,6015,36023,15,150382
18093,0.000644,172.31.36.0-255,66,36089,15,150382
18094,0.000688,74.125.24.0-255,7156,43245,15,150382
18095,0.000719,172.31.36.0-255,66,43311,15,150382
18096,0.00075,74.125.24.0-255,2902,46213,15,150382
18097,0.000754,172.31.36.0-255,66,46279,15,150382
18098,0.000793,172.31.36.0-255,66,46345,15,150382
18099,0.000928,74.125.24.0-255,5379,51724,15,150382
18100,0.000932,172.31.36.0-255,66,51790,15,150382
18101,0.000966,74.125.24.0-255,1484,53274,15,150382
18102,0.000983,74.125.24.0-255,2902,56176,15,150382
18103,0.000985,172.31.36.0-255,66,56242,15,150382
18104,0.001008,74.125.24.0-255,5738,61980,15,150382
18105,0.00101,172.31.36.0-255,66,62046,15,150382
18106,0.001055,74.125.24.0-255,7156,69202,15,150382
18107,0.001064,172.31.36.0-255,66,69268,15,150382
18108,0.001067,74.125.24.0-255,1484,70752,15,150382
18109,0.001149,172.31.36.0-255,66,70818,15,150382
18110,0.001159,74.125.24.0-255,2184,73002,15,150382
18111,0.001162,172.31.36.0-255,66,73068,15,150382
18112,0.001777,74.125.24.0-255,1484,74552,15,150382
18113,0.001795,74.125.24.0-255,2902,77454,15,150382
18114,0.001799,172.31.36.0-255,66,77520,15,150382
18115,0.001807,74.125.24.0-255,5738,83258,15,150382
18116,0.001809,172.31.36.0-255,66,83324,15,150382
18117,0.001859,74.125.24.0-255,4320,87644,15,150382
18118,0.001862,172.31.36.0-255,66,87710,15,150382
18119,0.001903,74.125.24.0-255,5738,93448,15,150382
18120,0.001906,172.31.36.0-255,66,93514,15,150382
18121,0.001932,74.125.24.0-255,5738,99252,15,150382
18122,0.001934,172.31.36.0-255,66,99318,15,150382
18123,0.002013,74.125.24.0-255,5738,105056,15,150382
18124,0.002016,172.31.36.0-255,66,105122,15,150382
18125,0.002042,74.125.24.0-255,2184,107306,15,150382
18126,0.002044,172.31.36.0-255,66,107372,15,150382
18127,0.002165,74.125.24.0-255,1484,108856,15,150382
18128,0.00217,74.125.24.0-255,2902,111758,15,150382
18129,0.002175,172.31.36.0-255,66,111824,15,150382
18130,0.002226,74.125.24.0-255,5738,117562,15,150382
18131,0.002229,172.31.36.0-255,66,117628,15,150382
18132,0.002235,74.125.24.0-255,4320,121948,15,150382
18133,0.002237,172.31.36.0-255,66,122014,15,150382
18134,0.002272,172.31.36.0-255,66,122080,15,150382
18135,0.002367,74.125.24.0-255,5738,127818,15,150382
18136,0.002371,172.31.36.0-255,66,127884,15,150382
18137,0.002399,74.125.24.0-255,5020,132904,15,150382
18138,0.002402,172.31.36.0-255,66,132970,15,150382
18139,0.004731,74.125.24.0-255,5738,138708,15,150382
18140,0.004737,172.31.36.0-255,66,138774,15,150382
18141,0.007039,74.125.24.0-255,5738,144512,15,150382
18142,0.007045,172.31.36.0-255,66,144578,15,150382
18143,0.009343,74.125.24.0-255,5738,150316,15,150382
18144,0.00935,172.31.36.0-255,66,150382,15,150382
18145,0.0,74.125.24.0-255,143,143,15,186601
18146,3e-05,172.31.36.0-255,66,209,15,186601
18147,3.7e-05,74.125.24.0-255,1484,1693,15,186601
18148,4e-05,172.31.36.0-255,66,1759,15,186601
18149,4.6e-05,74.125.24.0-255,2902,4661,15,186601
18150,5.7e-05,172.31.36.0-255,66,4727,15,186601
18151,6.4e-05,74.125.24.0-255,7156,11883,15,186601
18152,6.7e-05,172.31.36.0-255,66,11949,15,186601
18153,7.2e-05,74.125.24.0-255,3387,15336,15,186601
18154,7.4e-05,172.31.36.0-255,66,15402,15,186601
18155,8e-05,74.125.24.0-255,4320,19722,15,186601
18156,8.2e-05,172.31.36.0-255,66,19788,15,186601
18157,0.00012,172.31.36.0-255,66,19854,15,186601
18158,0.000125,74.125.24.0-255,2543,22397,15,186601
18159,0.000127,172.31.36.0-255,66,22463,15,186601
18160,0.000166,74.125.24.0-255,1484,23947,15,186601
18161,0.000169,172.31.36.0-255,66,24013,15,186601
18162,0.000173,74.125.24.0-255,2902,26915,15,186601
18163,0.000175,172.31.36.0-255,66,26981,15,186601
18164,0.000206,74.125.24.0-255,5738,32719,15,186601
18165,0.000209,172.31.36.0-255,66,32785,15,186601
18166,0.000217,74.125.24.0-255,6797,39582,15,186601
18167,0.000219,172.31.36.0-255,66,39648,15,186601
18168,0.000229,74.125.24.0-255,4320,43968,15,186601
18169,0.000231,172.31.36.0-255,66,44034,15,186601
18170,0.000271,172.31.36.0-255,66,44100,15,186601
18171,0.000275,74.125.24.0-255,2814,46914,15,186601
18172,0.000278,172.31.36.0-255,66,46980,15,186601
18173,0.000281,74.125.24.0-255,134,47114,15,186601
18174,0.000283,172.31.36.0-255,66,47180,15,186601
18175,0.00041,74.125.24.0-255,1484,48664,15,186601
18176,0.000417,74.125.24.0-255,2902,51566,15,186601
18177,0.000429,172.31.36.0-255,66,51632,15,186601
18178,0.000439,74.125.24.0-255,5738,57370,15,186601
18179,0.000449,74.125.24.0-255,2902,60272,15,186601
18180,0.00045,172.31.36.0-255,66,60338,15,186601
18181,0.000455,172.31.36.0-255,66,60404,15,186601
18182,0.000479,74.125.24.0-255,3961,64365,15,186601
18183,0.000485,172.31.36.0-255,66,64431,15,186601
18184,0.000494,74.125.24.0-255,7156,71587,15,186601
18185,0.000501,172.31.36.0-255,66,71653,15,186601
18186,0.000557,74.125.24.0-255,1484,73137,15,186601
18187,0.000561,172.31.36.0-255,66,73203,15,186601
18188,0.00059,74.125.24.0-255,2902,76105,15,186601
18189,0.000597,74.125.24.0-255,5738,81843,15,186601
18190,0.000604,74.125.24.0-255,5738,87581,15,186601
18191,0.000613,172.31.36.0-255,66,87647,15,186601
18192,0.000646,74.125.24.0-255,7156,94803,15,186601
18193,0.000654,74.125.24.0-255,7156,101959,15,186601
18194,0.000654,172.31.36.0-255,66,102025,15,186601
18195,0.000657,74.125.24.0-255,1484,103509,15,186601
18196,0.000661,172.31.36.0-255,66,103575,15,186601
18197,0.000683,74.125.24.0-255,2184,105759,15,186601
18198,0.000691,172.31.36.0-255,66,105825,15,186601
18199,0.000717,74.125.24.0-255,1484,107309,15,186601
18200,0.000722,74.125.24.0-255,2902,110211,15,186601
18201,0.000726,172.31.36.0-255,66,110277,15,186601
18202,0.000727,74.125.24.0-255,4320,114597,15,186601
18203,0.00073,172.31.36.0-255,66,114663,15,186601
18204,0.000762,74.125.24.0-255,1484,116147,15,186601
18205,0.000786,172.31.36.0-255,66,116213,15,186601
18206,0.000795,74.125.24.0-255,766,116979,15,186601
18207,0.000882,74.125.24.0-255,1484,118463,15,186601
18208,0.000886,172.31.36.0-255,66,118529,15,186601
18209,0.000891,74.125.24.0-255,2902,121431,15,186601
18210,0.000906,172.31.36.0-255,66,121497,15,186601
18211,0.000924,74.125.24.0-255,5738,127235,15,186601
18212,0.000931,172.31.36.0-255,66,127301,15,186601
18213,0.000935,172.31.36.0-255,66,127367,15,186601
18214,0.000975,74.125.24.0-255,2902,130269,15,186601
18215,0.000991,172.31.36.0-255,66,130335,15,186601
18216,0.001014,172.31.36.0-255,66,130401,15,186601
18217,0.001041,74.125.24.0-255,1484,131885,15,186601
18218,0.001046,74.125.24.0-255,1484,133369,15,186601
18219,0.001051,172.31.36.0-255,66,133435,15,186601
18220,0.001059,74.125.24.0-255,1484,134919,15,186601
18221,0.001071,74.125.24.0-255,5738,140657,15,186601
18222,0.00108,172.31.36.0-255,66,140723,15,186601
18223,0.001116,172.31.36.0-255,66,140789,15,186601
18224,0.001118,74.125.24.0-255,7156,147945,15,186601
18225,0.001132,172.31.36.0-255,66,148011,15,186601
18226,0.00114,74.125.24.0-255,1484,149495,15,186601
18227,0.001161,172.31.36.0-255,66,149561,15,186601
18228,0.001207,172.31.36.0-255,66,149627,15,186601
18229,0.001225,172.31.36.0-255,66,149693,15,186601
18230,0.001255,172.31.36.0-255,66,149759,15,186601
18231,0.001257,74.125.24.0-255,7156,156915,15,186601
18232,0.001277,172.31.36.0-255,66,156981,15,186601
18233,0.001356,172.31.36.0-255,66,157047,15,186601
18234,0.001377,172.31.36.0-255,66,157113,15,186601
18235,0.001423,172.31.36.0-255,66,157179,15,186601
18236,0.00146,172.31.36.0-255,66,157245,15,186601
18237,0.001483,172.31.36.0-255,66,157311,15,186601
18238,0.001549,74.125.24.0-255,1484,158795,15,186601
18239,0.001554,74.125.24.0-255,2902,161697,15,186601
18240,0.001563,172.31.36.0-255,66,161763,15,186601
18241,0.001572,74.125.24.0-255,1484,163247,15,186601
18242,0.001594,74.125.24.0-255,4320,167567,15,186601
18243,0.001601,74.125.24.0-255,7156,174723,15,186601
18244,0.001606,74.125.24.0-255,4320,179043,15,186601
18245,0.001607,172.31.36.0-255,66,179109,15,186601
18246,0.001612,172.31.36.0-255,66,179175,15,186601
18247,0.001639,74.125.24.0-255,4320,183495,15,186601
18248,0.001646,172.31.36.0-255,66,183561,15,186601
18249,0.00165,74.125.24.0-255,2632,186193,15,186601
18250,0.001663,172.31.36.0-255,66,186259,15,186601
18251,0.001668,74.125.24.0-255,105,186364,15,186601
18252,0.003662,172.31.36.0-255,66,186430,15,186601
18253,0.003691,172.31.36.0-255,105,186535,15,186601
18254,0.00596,74.125.24.0-255,66,186601,15,186601
18255,0.0,172.217.194.0-255,148,148,15,114377
18256,2.6e-05,172.31.36.0-255,66,214,15,114377
18257,3.3e-05,172.217.194.0-255,1484,1698,15,114377
18258,3.8e-05,172.31.36.0-255,66,1764,15,114377
18259,5.3e-05,172.217.194.0-255,2902,4666,15,114377
18260,5.6e-05,172.31.36.0-255,66,4732,15,114377
18261,6.5e-05,172.217.194.0-255,7156,11888,15,114377
18262,6.8e-05,172.31.36.0-255,66,11954,15,114377
18263,7.2e-05,172.217.194.0-255,2059,14013,15,114377
18264,7.6e-05,172.31.36.0-255,66,14079,15,114377
18265,8.1e-05,172.217.194.0-255,2902,16981,15,114377
18266,8.4e-05,172.31.36.0-255,66,17047,15,114377
18267,0.000112,172.217.194.0-255,7156,24203,15,114377
18268,0.00012,172.31.36.0-255,66,24269,15,114377
18269,0.000151,172.31.36.0-255,66,24335,15,114377
18270,0.000159,172.217.194.0-255,7156,31491,15,114377
18271,0.000161,172.31.36.0-255,66,31557,15,114377
18272,0.000187,172.217.194.0-255,3961,35518,15,114377
18273,0.00019,172.31.36.0-255,66,35584,15,114377
18274,0.00037,172.217.194.0-255,1484,37068,15,114377
18275,0.000375,172.31.36.0-255,66,37134,15,114377
18276,0.000381,172.217.194.0-255,2902,40036,15,114377
18277,0.000384,172.31.36.0-255,66,40102,15,114377
18278,0.00039,172.217.194.0-255,4320,44422,15,114377
18279,0.000396,172.31.36.0-255,66,44488,15,114377
18280,0.000423,172.217.194.0-255,1484,45972,15,114377
18281,0.000425,172.31.36.0-255,66,46038,15,114377
18282,0.000455,172.31.36.0-255,66,46104,15,114377
18283,0.000743,172.217.194.0-255,1484,47588,15,114377
18284,0.000749,172.31.36.0-255,66,47654,15,114377
18285,0.000756,172.217.194.0-255,2902,50556,15,114377
18286,0.000758,172.31.36.0-255,66,50622,15,114377
18287,0.00077,172.217.194.0-255,5738,56360,15,114377
18288,0.000772,172.31.36.0-255,66,56426,15,114377
18289,0.000814,172.31.36.0-255,66,56492,15,114377
18290,0.00085,172.31.36.0-255,66,56558,15,114377
18291,0.001188,172.217.194.0-255,1484,58042,15,114377
18292,0.001195,172.217.194.0-255,2902,60944,15,114377
18293,0.001198,172.31.36.0-255,66,61010,15,114377
18294,0.001205,172.217.194.0-255,5738,66748,15,114377
18295,0.001208,172.31.36.0-255,66,66814,15,114377
18296,0.001241,172.217.194.0-255,1484,68298,15,114377
18297,0.001275,172.31.36.0-255,66,68364,15,114377
18298,0.001287,172.31.36.0-255,66,68430,15,114377
18299,0.001386,172.217.194.0-255,1484,69914,15,114377
18300,0.001392,172.217.194.0-255,2902,72816,15,114377
18301,0.001395,172.31.36.0-255,66,72882,15,114377
18302,0.001404,172.217.194.0-255,5738,78620,15,114377
18303,0.001406,172.31.36.0-255,66,78686,15,114377
18304,0.001429,172.217.194.0-255,1484,80170,15,114377
18305,0.001455,172.31.36.0-255,66,80236,15,114377
18306,0.001467,172.31.36.0-255,66,80302,15,114377
18307,0.001531,172.217.194.0-255,1484,81786,15,114377
18308,0.001536,172.217.194.0-255,2902,84688,15,114377
18309,0.001542,172.31.36.0-255,66,84754,15,114377
18310,0.00157,172.217.194.0-255,5738,90492,15,114377
18311,0.001573,172.31.36.0-255,66,90558,15,114377
18312,0.001588,172.31.36.0-255,66,90624,15,114377
18313,0.001621,172.31.36.0-255,66,90690,15,114377
18314,0.00165,172.217.194.0-255,2902,93592,15,114377
18315,0.001653,172.31.36.0-255,66,93658,15,114377
18316,0.001693,172.31.36.0-255,66,93724,15,114377
18317,0.001696,172.217.194.0-255,1484,95208,15,114377
18318,0.001717,172.31.36.0-255,66,95274,15,114377
18319,0.001731,172.31.36.0-255,66,95340,15,114377
18320,0.00179,172.31.36.0-255,66,95406,15,114377
18321,0.001816,172.31.36.0-255,66,95472,15,114377
18322,0.001819,172.217.194.0-255,1484,96956,15,114377
18323,0.001824,172.217.194.0-255,2902,99858,15,114377
18324,0.001827,172.31.36.0-255,66,99924,15,114377
18325,0.00183,172.217.194.0-255,1484,101408,15,114377
18326,0.001862,172.217.194.0-255,4320,105728,15,114377
18327,0.001864,172.31.36.0-255,66,105794,15,114377
18328,0.001879,172.31.36.0-255,66,105860,15,114377
18329,0.001942,172.217.194.0-255,1484,107344,15,114377
18330,0.00197,172.31.36.0-255,66,107410,15,114377
18331,0.001988,172.31.36.0-255,66,107476,15,114377
18332,0.002001,172.31.36.0-255,66,107542,15,114377
18333,0.002005,172.217.194.0-255,2902,110444,15,114377
18334,0.002008,172.31.36.0-255,66,110510,15,114377
18335,0.002027,172.31.36.0-255,66,110576,15,114377
18336,0.00206,172.31.36.0-255,66,110642,15,114377
18337,0.002076,172.31.36.0-255,66,110708,15,114377
18338,0.002103,172.217.194.0-255,2902,113610,15,114377
18339,0.002106,172.31.36.0-255,66,113676,15,114377
18340,0.002144,172.31.36.0-255,66,113742,15,114377
18341,0.002158,172.31.36.0-255,66,113808,15,114377
18342,0.002161,172.217.194.0-255,293,114101,15,114377
18343,0.002185,172.217.194.0-255,105,114206,15,114377
18344,0.009944,172.31.36.0-255,66,114272,15,114377
18345,0.009982,172.31.36.0-255,105,114377,15,114377
18346,0.0,74.125.24.0-255,215,215,15,189423
18347,1.6e-05,172.31.36.0-255,66,281,15,189423
18348,2.4e-05,74.125.24.0-255,1484,1765,15,189423
18349,2.7e-05,172.31.36.0-255,66,1831,15,189423
18350,3.4e-05,74.125.24.0-255,4320,6151,15,189423
18351,3.7e-05,172.31.36.0-255,66,6217,15,189423
18352,4.2e-05,74.125.24.0-255,2902,9119,15,189423
18353,4.6e-05,172.31.36.0-255,66,9185,15,189423
18354,7.2e-05,74.125.24.0-255,4665,13850,15,189423
18355,7.5e-05,172.31.36.0-255,66,13916,15,189423
18356,9.3e-05,74.125.24.0-255,5738,19654,15,189423
18357,9.6e-05,172.31.36.0-255,66,19720,15,189423
18358,0.000133,172.31.36.0-255,66,19786,15,189423
18359,0.00015,74.125.24.0-255,1125,20911,15,189423
18360,0.000152,172.31.36.0-255,66,20977,15,189423
18361,0.000253,74.125.24.0-255,1484,22461,15,189423
18362,0.000256,172.31.36.0-255,66,22527,15,189423
18363,0.000262,74.125.24.0-255,2902,25429,15,189423
18364,0.000264,172.31.36.0-255,66,25495,15,189423
18365,0.00027,74.125.24.0-255,4320,29815,15,189423
18366,0.000273,172.31.36.0-255,66,29881,15,189423
18367,0.000292,74.125.24.0-255,1484,31365,15,189423
18368,0.000294,172.31.36.0-255,66,31431,15,189423
18369,0.000315,74.125.24.0-255,7156,38587,15,189423
18370,0.000319,172.31.36.0-255,66,38653,15,189423
18371,0.000345,74.125.24.0-255,6797,45450,15,189423
18372,0.000348,172.31.36.0-255,66,45516,15,189423
18373,0.000359,172.31.36.0-255,66,45582,15,189423
18374,0.000381,74.125.24.0-255,1475,47057,15,189423
18375,0.000383,172.31.36.0-255,66,47123,15,189423
18376,0.000729,74.125.24.0-255,328,47451,15,189423
18377,0.000991,74.125.24.0-255,1484,48935,15,189423
18378,0.000995,172.31.36.0-255,66,49001,15,189423
18379,0.001001,74.125.24.0-255,2902,51903,15,189423
18380,0.001003,172.31.36.0-255,66,51969,15,189423
18381,0.001035,74.125.24.0-255,5738,57707,15,189423
18382,0.001038,172.31.36.0-255,66,57773,15,189423
18383,0.001045,74.125.24.0-255,5738,63511,15,189423
18384,0.001047,172.31.36.0-255,66,63577,15,189423
18385,0.001086,172.31.36.0-255,66,63643,15,189423
18386,0.001092,74.125.24.0-255,5020,68663,15,189423
18387,0.001095,172.31.36.0-255,66,68729,15,189423
18388,0.001234,74.125.24.0-255,1484,70213,15,189423
18389,0.001249,74.125.24.0-255,2902,73115,15,189423
18390,0.001252,172.31.36.0-255,66,73181,15,189423
18391,0.001279,74.125.24.0-255,5738,78919,15,189423
18392,0.001282,172.31.36.0-255,66,78985,15,189423
18393,0.001292,172.31.36.0-255,66,79051,15,189423
18394,0.001306,74.125.24.0-255,1484,80535,15,189423
18395,0.001343,74.125.24.0-255,4320,84855,15,189423
18396,0.001346,172.31.36.0-255,66,84921,15,189423
18397,0.001376,172.31.36.0-255,66,84987,15,189423
18398,0.001381,74.125.24.0-255,2902,87889,15,189423
18399,0.001383,172.31.36.0-255,66,87955,15,189423
18400,0.001388,74.125.24.0-255,2902,90857,15,189423
18401,0.00139,172.31.36.0-255,66,90923,15,189423
18402,0.001411,74.125.24.0-255,1484,92407,15,189423
18403,0.001422,172.31.36.0-255,66,92473,15,189423
18404,0.001473,74.125.24.0-255,5738,98211,15,189423
18405,0.001477,172.31.36.0-255,66,98277,15,189423
18406,0.001505,172.31.36.0-255,66,98343,15,189423
18407,0.001526,74.125.24.0-255,1484,99827,15,189423
18408,0.001531,74.125.24.0-255,2902,102729,15,189423
18409,0.001534,172.31.36.0-255,66,102795,15,189423
18410,0.001539,74.125.24.0-255,4320,107115,15,189423
18411,0.001542,172.31.36.0-255,66,107181,15,189423
18412,0.001565,74.125.24.0-255,7156,114337,15,189423
18413,0.001568,172.31.36.0-255,66,114403,15,189423
18414,0.001587,74.125.24.0-255,1484,115887,15,189423
18415,0.001624,172.31.36.0-255,66,115953,15,189423
18416,0.001673,74.125.24.0-255,1484,117437,15,189423
18417,0.001678,74.125.24.0-255,2902,120339,15,189423
18418,0.001681,172.31.36.0-255,66,120405,15,189423
18419,0.001707,74.125.24.0-255,5738,126143,15,189423
18420,0.00171,172.31.36.0-255,66,126209,15,189423
18421,0.001715,74.125.24.0-255,2902,129111,15,189423
18422,0.001717,172.31.36.0-255,66,129177,15,189423
18423,0.001758,172.31.36.0-255,66,129243,15,189423
18424,0.001762,172.31.36.0-255,66,129309,15,189423
18425,0.001787,172.31.36.0-255,66,129375,15,189423
18426,0.001811,74.125.24.0-255,1484,130859,15,189423
18427,0.001828,172.31.36.0-255,66,130925,15,189423
18428,0.001835,74.125.24.0-255,5738,136663,15,189423
18429,0.001837,172.31.36.0-255,66,136729,15,189423
18430,0.001868,172.31.36.0-255,66,136795,15,189423
18431,0.00188,172.31.36.0-255,66,136861,15,189423
18432,0.001898,74.125.24.0-255,2902,139763,15,189423
18433,0.0019,172.31.36.0-255,66,139829,15,189423
18434,0.001945,172.31.36.0-255,66,139895,15,189423
18435,0.001985,74.125.24.0-255,1484,141379,15,189423
18436,0.002005,74.125.24.0-255,2902,144281,15,189423
18437,0.002008,172.31.36.0-255,66,144347,15,189423
18438,0.002015,74.125.24.0-255,5738,150085,15,189423
18439,0.002017,172.31.36.0-255,66,150151,15,189423
18440,0.002043,172.31.36.0-255,66,150217,15,189423
18441,0.002058,74.125.24.0-255,2902,153119,15,189423
18442,0.002061,172.31.36.0-255,66,153185,15,189423
18443,0.002074,172.31.36.0-255,66,153251,15,189423
18444,0.002208,74.125.24.0-255,1484,154735,15,189423
18445,0.002215,74.125.24.0-255,2902,157637,15,189423
18446,0.002218,172.31.36.0-255,66,157703,15,189423
18447,0.002225,74.125.24.0-255,4320,162023,15,189423
18448,0.002228,172.31.36.0-255,66,162089,15,189423
18449,0.002239,74.125.24.0-255,1484,163573,15,189423
18450,0.002256,74.125.24.0-255,7156,170729,15,189423
18451,0.002259,172.31.36.0-255,66,170795,15,189423
18452,0.002283,74.125.24.0-255,5738,176533,15,189423
18453,0.002287,172.31.36.0-255,66,176599,15,189423
18454,0.002292,74.125.24.0-255,4320,180919,15,189423
18455,0.002294,172.31.36.0-255,66,180985,15,189423
18456,0.00232,172.31.36.0-255,66,181051,15,189423
18457,0.002361,74.125.24.0-255,6438,187489,15,189423
18458,0.002365,172.31.36.0-255,66,187555,15,189423
18459,0.002381,172.31.36.0-255,66,187621,15,189423
18460,0.002383,74.125.24.0-255,1202,188823,15,189423
18461,0.002397,74.125.24.0-255,105,188928,15,189423
18462,0.00251,74.125.24.0-255,129,189057,15,189423
18463,0.009354,172.31.36.0-255,105,189162,15,189423
18464,0.009391,172.31.36.0-255,105,189267,15,189423
18465,0.009623,172.31.36.0-255,90,189357,15,189423
18466,0.009631,172.31.36.0-255,66,189423,15,189423
18467,0.0,74.125.24.0-255,66,66,15,66
18468,0.0,172.217.194.0-255,153,153,15,191045
18469,2.7e-05,172.31.36.0-255,66,219,15,191045
18470,3.4e-05,172.217.194.0-255,1484,1703,15,191045
18471,3.8e-05,172.31.36.0-255,66,1769,15,191045
18472,4.3e-05,172.217.194.0-255,2902,4671,15,191045
18473,4.6e-05,172.31.36.0-255,66,4737,15,191045
18474,5.4e-05,172.217.194.0-255,7156,11893,15,191045
18475,5.6e-05,172.31.36.0-255,66,11959,15,191045
18476,6.2e-05,172.217.194.0-255,4320,16279,15,191045
18477,6.4e-05,172.31.36.0-255,66,16345,15,191045
18478,0.000101,172.31.36.0-255,66,16411,15,191045
18479,0.000108,172.217.194.0-255,6797,23208,15,191045
18480,0.00011,172.31.36.0-255,66,23274,15,191045
18481,0.00025,172.217.194.0-255,1484,24758,15,191045
18482,0.000254,172.31.36.0-255,66,24824,15,191045
18483,0.000259,172.217.194.0-255,2902,27726,15,191045
18484,0.000262,172.31.36.0-255,66,27792,15,191045
18485,0.000285,172.217.194.0-255,5738,33530,15,191045
18486,0.000289,172.31.36.0-255,66,33596,15,191045
18487,0.000296,172.217.194.0-255,6797,40393,15,191045
18488,0.000298,172.31.36.0-255,66,40459,15,191045
18489,0.000362,172.217.194.0-255,1484,41943,15,191045
18490,0.000366,172.31.36.0-255,66,42009,15,191045
18491,0.000369,172.217.194.0-255,1484,43493,15,191045
18492,0.000372,172.31.36.0-255,66,43559,15,191045
18493,0.000386,172.217.194.0-255,1484,45043,15,191045
18494,0.000389,172.31.36.0-255,66,45109,15,191045
18495,0.000396,172.217.194.0-255,5738,50847,15,191045
18496,0.0004,172.31.36.0-255,66,50913,15,191045
18497,0.000407,172.217.194.0-255,7111,58024,15,191045
18498,0.00041,172.31.36.0-255,66,58090,15,191045
18499,0.000428,172.217.194.0-255,364,58454,15,191045
18500,0.000581,172.217.194.0-255,1484,59938,15,191045
18501,0.000588,172.217.194.0-255,2902,62840,15,191045
18502,0.000593,172.31.36.0-255,66,62906,15,191045
18503,0.000602,172.217.194.0-255,4320,67226,15,191045
18504,0.000612,172.31.36.0-255,66,67292,15,191045
18505,0.000615,172.217.194.0-255,1484,68776,15,191045
18506,0.000622,172.217.194.0-255,5738,74514,15,191045
18507,0.000627,172.31.36.0-255,66,74580,15,191045
18508,0.000651,172.217.194.0-255,7156,81736,15,191045
18509,0.000655,172.31.36.0-255,66,81802,15,191045
18510,0.000679,172.217.194.0-255,6797,88599,15,191045
18511,0.000682,172.31.36.0-255,66,88665,15,191045
18512,0.000687,172.217.194.0-255,3961,92626,15,191045
18513,0.000698,172.31.36.0-255,66,92692,15,191045
18514,0.001246,172.217.194.0-255,1484,94176,15,191045
18515,0.001257,172.217.194.0-255,2902,97078,15,191045
18516,0.001261,172.31.36.0-255,66,97144,15,191045
18517,0.001269,172.217.194.0-255,5738,102882,15,191045
18518,0.001284,172.217.194.0-255,1484,104366,15,191045
18519,0.001358,172.217.194.0-255,7156,111522,15,191045
18520,0.001377,172.217.194.0-255,2902,114424,15,191045
18521,0.001382,172.217.194.0-255,2902,117326,15,191045
18522,0.001462,172.217.194.0-255,4320,121646,15,191045
18523,0.001534,172.217.194.0-255,4320,125966,15,191045
18524,0.001555,172.217.194.0-255,6438,132404,15,191045
18525,0.001788,172.217.194.0-255,1484,133888,15,191045
18526,0.001794,172.217.194.0-255,1484,135372,15,191045
18527,0.00181,172.217.194.0-255,1484,136856,15,191045
18528,0.00184,172.217.194.0-255,4320,141176,15,191045
18529,0.001858,172.217.194.0-255,1484,142660,15,191045
18530,0.001863,172.217.194.0-255,4320,146980,15,191045
18531,0.001894,172.217.194.0-255,2902,149882,15,191045
18532,0.00191,172.217.194.0-255,2184,152066,15,191045
18533,0.00194,172.217.194.0-255,4320,156386,15,191045
18534,0.001943,172.217.194.0-255,1484,157870,15,191045
18535,0.001965,172.217.194.0-255,4320,162190,15,191045
18536,0.001981,172.217.194.0-255,1484,163674,15,191045
18537,0.002039,172.217.194.0-255,5738,169412,15,191045
18538,0.002083,172.217.194.0-255,1484,170896,15,191045
18539,0.002097,172.217.194.0-255,7156,178052,15,191045
18540,0.002127,172.217.194.0-255,1484,179536,15,191045
18541,0.00215,172.217.194.0-255,766,180302,15,191045
18542,0.002227,172.217.194.0-255,1484,181786,15,191045
18543,0.002291,172.217.194.0-255,5738,187524,15,191045
18544,0.002303,172.217.194.0-255,3179,190703,15,191045
18545,0.00625,172.31.36.0-255,66,190769,15,191045
18546,0.008462,172.217.194.0-255,105,190874,15,191045
18547,0.009372,172.31.36.0-255,66,190940,15,191045
18548,0.00941,172.31.36.0-255,105,191045,15,191045
18549,0.0,172.31.36.0-255,66,66,15,66
18550,0.0,74.125.200.0-255,153,153,15,163760
18551,1.7e-05,172.31.36.0-255,66,219,15,163760
18552,2.5e-05,74.125.200.0-255,1484,1703,15,163760
18553,2.9e-05,172.31.36.0-255,66,1769,15,163760
18554,3.5e-05,74.125.200.0-255,2902,4671,15,163760
18555,4.6e-05,172.31.36.0-255,66,4737,15,163760
18556,5.3e-05,74.125.200.0-255,5738,10475,15,163760
18557,5.7e-05,172.31.36.0-255,66,10541,15,163760
18558,6.2e-05,74.125.200.0-255,3475,14016,15,163760
18559,6.6e-05,172.31.36.0-255,66,14082,15,163760
18560,0.001083,74.125.200.0-255,1484,15566,15,163760
18561,0.001091,172.31.36.0-255,66,15632,15,163760
18562,0.001101,74.125.200.0-255,2902,18534,15,163760
18563,0.001109,172.31.36.0-255,66,18600,15,163760
18564,0.001113,74.125.200.0-255,1484,20084,15,163760
18565,0.001115,172.31.36.0-255,66,20150,15,163760
18566,0.00115,74.125.200.0-255,2902,23052,15,163760
18567,0.001152,172.31.36.0-255,66,23118,15,163760
18568,0.001156,74.125.200.0-255,1484,24602,15,163760
18569,0.001158,172.31.36.0-255,66,24668,15,163760
18570,0.001193,74.125.200.0-255,4320,28988,15,163760
18571,0.001195,172.31.36.0-255,66,29054,15,163760
18572,0.0012,74.125.200.0-255,2543,31597,15,163760
18573,0.001203,172.31.36.0-255,66,31663,15,163760
18574,0.001234,172.31.36.0-255,66,31729,15,163760
18575,0.001238,74.125.200.0-255,1484,33213,15,163760
18576,0.001239,172.31.36.0-255,66,33279,15,163760
18577,0.001285,172.31.36.0-255,66,33345,15,163760
18578,0.001301,172.31.36.0-255,66,33411,15,163760
18579,0.001328,74.125.200.0-255,2478,35889,15,163760
18580,0.00133,172.31.36.0-255,66,35955,15,163760
18581,0.001352,74.125.200.0-255,383,36338,15,163760
18582,0.001471,74.125.200.0-255,1484,37822,15,163760
18583,0.001475,172.31.36.0-255,66,37888,15,163760
18584,0.001478,74.125.200.0-255,1484,39372,15,163760
18585,0.001504,74.125.200.0-255,1484,40856,15,163760
18586,0.001507,172.31.36.0-255,66,40922,15,163760
18587,0.001513,74.125.200.0-255,4320,45242,15,163760
18588,0.001515,172.31.36.0-255,66,45308,15,163760
18589,0.001542,74.125.200.0-255,1484,46792,15,163760
18590,0.001548,74.125.200.0-255,4320,51112,15,163760
18591,0.001551,172.31.36.0-255,66,51178,15,163760
18592,0.001557,74.125.200.0-255,5738,56916,15,163760
18593,0.00156,172.31.36.0-255,66,56982,15,163760
18594,0.001584,74.125.200.0-255,1484,58466,15,163760
18595,0.001614,74.125.200.0-255,1484,59950,15,163760
18596,0.001617,172.31.36.0-255,66,60016,15,163760
18597,0.001641,74.125.200.0-255,1484,61500,15,163760
18598,0.001661,74.125.200.0-255,4320,65820,15,163760
18599,0.001663,172.31.36.0-255,66,65886,15,163760
18600,0.001668,74.125.200.0-255,2902,68788,15,163760
18601,0.00167,172.31.36.0-255,66,68854,15,163760
18602,0.001691,74.125.200.0-255,2184,71038,15,163760
18603,0.001693,172.31.36.0-255,66,71104,15,163760
18604,0.001791,74.125.200.0-255,1484,72588,15,163760
18605,0.001796,74.125.200.0-255,2902,75490,15,163760
18606,0.001799,172.31.36.0-255,66,75556,15,163760
18607,0.001802,74.125.200.0-255,1484,77040,15,163760
18608,0.001825,74.125.200.0-255,2902,79942,15,163760
18609,0.001828,172.31.36.0-255,66,80008,15,163760
18610,0.001835,74.125.200.0-255,5738,85746,15,163760
18611,0.001837,172.31.36.0-255,66,85812,15,163760
18612,0.001876,172.31.36.0-255,66,85878,15,163760
18613,0.001935,74.125.200.0-255,6438,92316,15,163760
18614,0.001938,172.31.36.0-255,66,92382,15,163760
18615,0.001946,74.125.200.0-255,7156,99538,15,163760
18616,0.001948,172.31.36.0-255,66,99604,15,163760
18617,0.00196,74.125.200.0-255,7156,106760,15,163760
18618,0.001963,172.31.36.0-255,66,106826,15,163760
18619,0.001978,172.31.36.0-255,66,106892,15,163760
18620,0.002003,74.125.200.0-255,7156,114048,15,163760
18621,0.002005,172.31.36.0-255,66,114114,15,163760
18622,0.002039,74.125.200.0-255,1484,115598,15,163760
18623,0.002056,74.125.200.0-255,2184,117782,15,163760
18624,0.002059,172.31.36.0-255,66,117848,15,163760
18625,0.002082,74.125.200.0-255,1484,119332,15,163760
18626,0.002101,74.125.200.0-255,2902,122234,15,163760
18627,0.002104,172.31.36.0-255,66,122300,15,163760
18628,0.002109,74.125.200.0-255,2902,125202,15,163760
18629,0.002112,172.31.36.0-255,66,125268,15,163760
18630,0.002145,74.125.200.0-255,2902,128170,15,163760
18631,0.002147,172.31.36.0-255,66,128236,15,163760
18632,0.002154,74.125.200.0-255,5738,133974,15,163760
18633,0.002156,172.31.36.0-255,66,134040,15,163760
18634,0.002184,74.125.200.0-255,7156,141196,15,163760
18635,0.002247,74.125.200.0-255,1484,142680,15,163760
18636,0.002265,74.125.200.0-255,4320,147000,15,163760
18637,0.002268,74.125.200.0-255,1484,148484,15,163760
18638,0.002284,74.125.200.0-255,3602,152086,15,163760
18639,0.003904,172.31.36.0-255,66,152152,15,163760
18640,0.006171,74.125.200.0-255,5738,157890,15,163760
18641,0.006179,172.31.36.0-255,66,157956,15,163760
18642,0.008449,74.125.200.0-255,5738,163694,15,163760
18643,0.008462,172.31.36.0-255,66,163760,15,163760
18644,0.0,74.125.68.0-255,146,146,15,105549
18645,2.4e-05,172.31.36.0-255,66,212,15,105549
18646,3.2e-05,74.125.68.0-255,1484,1696,15,105549
18647,3.6e-05,172.31.36.0-255,66,1762,15,105549
18648,4.2e-05,74.125.68.0-255,2902,4664,15,105549
18649,4.6e-05,172.31.36.0-255,66,4730,15,105549
18650,4.9e-05,74.125.68.0-255,1484,6214,15,105549
18651,5.2e-05,172.31.36.0-255,66,6280,15,105549
18652,7.7e-05,74.125.68.0-255,5738,12018,15,105549
18653,8e-05,172.31.36.0-255,66,12084,15,105549
18654,0.000114,74.125.68.0-255,2902,14986,15,105549
18655,0.000116,172.31.36.0-255,66,15052,15,105549
18656,0.000142,74.125.68.0-255,3369,18421,15,105549
18657,0.000145,172.31.36.0-255,66,18487,15,105549
18658,0.000153,74.125.68.0-255,7156,25643,15,105549
18659,0.000155,172.31.36.0-255,66,25709,15,105549
18660,0.000162,74.125.68.0-255,5379,31088,15,105549
18661,0.000164,172.31.36.0-255,66,31154,15,105549
18662,0.000207,74.125.68.0-255,1484,32638,15,105549
18663,0.00021,172.31.36.0-255,66,32704,15,105549
18664,0.000234,74.125.68.0-255,2902,35606,15,105549
18665,0.000237,172.31.36.0-255,66,35672,15,105549
18666,0.000243,74.125.68.0-255,5738,41410,15,105549
18667,0.000246,172.31.36.0-255,66,41476,15,105549
18668,0.000282,74.125.68.0-255,6797,48273,15,105549
18669,0.000285,172.31.36.0-255,66,48339,15,105549
18670,0.000853,74.125.68.0-255,1484,49823,15,105549
18671,0.000859,172.31.36.0-255,66,49889,15,105549
18672,0.000865,74.125.68.0-255,1484,51373,15,105549
18673,0.000867,172.31.36.0-255,66,51439,15,105549
18674,0.000883,74.125.68.0-255,2902,54341,15,105549
18675,0.000885,172.31.36.0-255,66,54407,15,105549
18676,0.000891,74.125.68.0-255,4320,58727,15,105549
18677,0.000893,172.31.36.0-255,66,58793,15,105549
18678,0.000919,74.125.68.0-255,1484,60277,15,105549
18679,0.000922,172.31.36.0-255,66,60343,15,105549
18680,0.000928,74.125.68.0-255,5379,65722,15,105549
18681,0.00093,172.31.36.0-255,66,65788,15,105549
18682,0.001288,74.125.68.0-255,1484,67272,15,105549
18683,0.001294,172.31.36.0-255,66,67338,15,105549
18684,0.001302,74.125.68.0-255,2902,70240,15,105549
18685,0.001304,172.31.36.0-255,66,70306,15,105549
18686,0.001311,74.125.68.0-255,5738,76044,15,105549
18687,0.001312,172.31.36.0-255,66,76110,15,105549
18688,0.001341,74.125.68.0-255,6797,82907,15,105549
18689,0.001343,172.31.36.0-255,66,82973,15,105549
18690,0.001361,74.125.68.0-255,646,83619,15,105549
18691,0.001503,172.31.36.0-255,66,83685,15,105549
18692,0.003328,74.125.68.0-255,4320,88005,15,105549
18693,0.003334,172.31.36.0-255,66,88071,15,105549
18694,0.003489,74.125.68.0-255,1484,89555,15,105549
18695,0.00533,74.125.68.0-255,4320,93875,15,105549
18696,0.005336,172.31.36.0-255,66,93941,15,105549
18697,0.007336,74.125.68.0-255,5738,99679,15,105549
18698,0.007343,172.31.36.0-255,66,99745,15,105549
18699,0.009351,74.125.68.0-255,5738,105483,15,105549
18700,0.00936,172.31.36.0-255,66,105549,15,105549
18701,0.0,74.125.130.0-255,153,153,15,115798
18702,3.1e-05,172.31.36.0-255,66,219,15,115798
18703,3.9e-05,74.125.130.0-255,1484,1703,15,115798
18704,4.3e-05,172.31.36.0-255,66,1769,15,115798
18705,4.8e-05,74.125.130.0-255,2902,4671,15,115798
18706,5.1e-05,172.31.36.0-255,66,4737,15,115798
18707,5.8e-05,74.125.130.0-255,5738,10475,15,115798
18708,6.1e-05,172.31.36.0-255,66,10541,15,115798
18709,9.2e-05,74.125.130.0-255,3502,14043,15,115798
18710,9.5e-05,172.31.36.0-255,66,14109,15,115798
18711,0.000155,74.125.130.0-255,1484,15593,15,115798
18712,0.000159,172.31.36.0-255,66,15659,15,115798
18713,0.000163,74.125.130.0-255,1484,17143,15,115798
18714,0.000165,172.31.36.0-255,66,17209,15,115798
18715,0.000176,74.125.130.0-255,1484,18693,15,115798
18716,0.00018,172.31.36.0-255,66,18759,15,115798
18717,0.000187,74.125.130.0-255,5738,24497,15,115798
18718,0.000189,172.31.36.0-255,66,24563,15,115798
18719,0.000195,74.125.130.0-255,2902,27465,15,115798
18720,0.000198,172.31.36.0-255,66,27531,15,115798
18721,0.000201,74.125.130.0-255,1484,29015,15,115798
18722,0.000203,172.31.36.0-255,66,29081,15,115798
18723,0.000222,74.125.130.0-255,2543,31624,15,115798
18724,0.000226,172.31.36.0-255,66,31690,15,115798
18725,0.000251,74.125.130.0-255,2902,34592,15,115798
18726,0.000254,172.31.36.0-255,66,34658,15,115798
18727,0.00026,74.125.130.0-255,4320,38978,15,115798
18728,0.000262,172.31.36.0-255,66,39044,15,115798
18729,0.000295,172.31.36.0-255,66,39110,15,115798
18730,0.000298,74.125.130.0-255,1125,40235,15,115798
18731,0.0003,172.31.36.0-255,66,40301,15,115798
18732,0.000801,74.125.130.0-255,1484,41785,15,115798
18733,0.000813,74.125.130.0-255,2902,44687,15,115798
18734,0.000817,172.31.36.0-255,66,44753,15,115798
18735,0.000838,74.125.130.0-255,5738,50491,15,115798
18736,0.000842,172.31.36.0-255,66,50557,15,115798
18737,0.000857,74.125.130.0-255,2902,53459,15,115798
18738,0.000859,172.31.36.0-255,66,53525,15,115798
18739,0.000877,74.125.130.0-255,3961,57486,15,115798
18740,0.00088,172.31.36.0-255,66,57552,15,115798
18741,0.001404,74.125.130.0-255,1484,59036,15,115798
18742,0.001412,74.125.130.0-255,2902,61938,15,115798
18743,0.001416,172.31.36.0-255,66,62004,15,115798
18744,0.001453,74.125.130.0-255,2902,64906,15,115798
18745,0.001455,172.31.36.0-255,66,64972,15,115798
18746,0.001474,74.125.130.0-255,2902,67874,15,115798
18747,0.001476,172.31.36.0-255,66,67940,15,115798
18748,0.001481,74.125.130.0-255,4320,72260,15,115798
18749,0.001483,172.31.36.0-255,66,72326,15,115798
18750,0.001489,74.125.130.0-255,5738,78064,15,115798
18751,0.001491,172.31.36.0-255,66,78130,15,115798
18752,0.001515,74.125.130.0-255,4320,82450,15,115798
18753,0.001518,172.31.36.0-255,66,82516,15,115798
18754,0.001541,74.125.130.0-255,7156,89672,15,115798
18755,0.001543,172.31.36.0-255,66,89738,15,115798
18756,0.001585,74.125.130.0-255,2184,91922,15,115798
18757,0.001588,172.31.36.0-255,66,91988,15,115798
18758,0.003564,74.125.130.0-255,2902,94890,15,115798
18759,0.003566,172.31.36.0-255,66,94956,15,115798
18760,0.003604,74.125.130.0-255,2902,97858,15,115798
18761,0.003607,172.31.36.0-255,66,97924,15,115798
18762,0.005583,74.125.130.0-255,2902,100826,15,115798
18763,0.005587,172.31.36.0-255,66,100892,15,115798
18764,0.005621,74.125.130.0-255,1484,102376,15,115798
18765,0.005632,74.125.130.0-255,1484,103860,15,115798
18766,0.005634,172.31.36.0-255,66,103926,15,115798
18767,0.007626,74.125.130.0-255,2902,106828,15,115798
18768,0.007635,172.31.36.0-255,66,106894,15,115798
18769,0.007668,74.125.130.0-255,2902,109796,15,115798
18770,0.007672,172.31.36.0-255,66,109862,15,115798
18771,0.009686,74.125.130.0-255,2902,112764,15,115798
18772,0.009701,172.31.36.0-255,66,112830,15,115798
18773,0.009725,74.125.130.0-255,2902,115732,15,115798
18774,0.009729,172.31.36.0-255,66,115798,15,115798
18775,0.0,172.31.36.0-255,66,66,15,66
18776,0.0,172.217.194.0-255,151,151,15,184903
18777,1.4e-05,172.31.36.0-255,66,217,15,184903
18778,1.9e-05,172.217.194.0-255,1484,1701,15,184903
18779,2.3e-05,172.31.36.0-255,66,1767,15,184903
18780,2.9e-05,172.217.194.0-255,2902,4669,15,184903
18781,3.2e-05,172.31.36.0-255,66,4735,15,184903
18782,5.9e-05,172.217.194.0-255,4320,9055,15,184903
18783,6.2e-05,172.31.36.0-255,66,9121,15,184903
18784,8.6e-05,172.217.194.0-255,2902,12023,15,184903
18785,8.8e-05,172.31.36.0-255,66,12089,15,184903
18786,9.3e-05,172.217.194.0-255,2039,14128,15,184903
18787,9.5e-05,172.31.36.0-255,66,14194,15,184903
18788,0.000186,172.217.194.0-255,1484,15678,15,184903
18789,0.00019,172.31.36.0-255,66,15744,15,184903
18790,0.000214,172.217.194.0-255,2902,18646,15,184903
18791,0.000216,172.31.36.0-255,66,18712,15,184903
18792,0.000219,172.217.194.0-255,1484,20196,15,184903
18793,0.000221,172.31.36.0-255,66,20262,15,184903
18794,0.000239,172.217.194.0-255,4320,24582,15,184903
18795,0.000242,172.31.36.0-255,66,24648,15,184903
18796,0.000267,172.217.194.0-255,6797,31445,15,184903
18797,0.00027,172.31.36.0-255,66,31511,15,184903
18798,0.000717,172.217.194.0-255,1484,32995,15,184903
18799,0.000724,172.31.36.0-255,66,33061,15,184903
18800,0.000732,172.217.194.0-255,2902,35963,15,184903
18801,0.000735,172.31.36.0-255,66,36029,15,184903
18802,0.000742,172.217.194.0-255,5738,41767,15,184903
18803,0.000744,172.31.36.0-255,66,41833,15,184903
18804,0.000767,172.217.194.0-255,5738,47571,15,184903
18805,0.000769,172.31.36.0-255,66,47637,15,184903
18806,0.000784,172.217.194.0-255,5379,53016,15,184903
18807,0.000786,172.31.36.0-255,66,53082,15,184903
18808,0.000814,172.31.36.0-255,66,53148,15,184903
18809,0.000817,172.217.194.0-255,1436,54584,15,184903
18810,0.000842,172.217.194.0-255,365,54949,15,184903
18811,0.000845,172.31.36.0-255,66,55015,15,184903
18812,0.000949,172.217.194.0-255,1484,56499,15,184903
18813,0.000968,172.217.194.0-255,2902,59401,15,184903
18814,0.000973,172.31.36.0-255,66,59467,15,184903
18815,0.00098,172.217.194.0-255,5738,65205,15,184903
18816,0.000982,172.31.36.0-255,66,65271,15,184903
18817,0.001004,172.217.194.0-255,5738,71009,15,184903
18818,0.001007,172.31.36.0-255,66,71075,15,184903
18819,0.001044,172.31.36.0-255,66,71141,15,184903
18820,0.001057,172.31.36.0-255,66,71207,15,184903
18821,0.001136,172.217.194.0-255,1484,72691,15,184903
18822,0.00114,172.217.194.0-255,1484,74175,15,184903
18823,0.001143,172.31.36.0-255,66,74241,15,184903
18824,0.001157,172.217.194.0-255,1484,75725,15,184903
18825,0.00116,172.217.194.0-255,1484,77209,15,184903
18826,0.001162,172.31.36.0-255,66,77275,15,184903
18827,0.001186,172.217.194.0-255,4320,81595,15,184903
18828,0.001189,172.31.36.0-255,66,81661,15,184903
18829,0.001222,172.31.36.0-255,66,81727,15,184903
18830,0.001252,172.217.194.0-255,1484,83211,15,184903
18831,0.001276,172.31.36.0-255,66,83277,15,184903
18832,0.001701,172.217.194.0-255,1484,84761,15,184903
18833,0.001709,172.217.194.0-255,2902,87663,15,184903
18834,0.001713,172.31.36.0-255,66,87729,15,184903
18835,0.001722,172.217.194.0-255,5738,93467,15,184903
18836,0.001725,172.31.36.0-255,66,93533,15,184903
18837,0.00173,172.217.194.0-255,4320,97853,15,184903
18838,0.001733,172.31.36.0-255,66,97919,15,184903
18839,0.001746,172.217.194.0-255,1484,99403,15,184903
18840,0.001765,172.217.194.0-255,2902,102305,15,184903
18841,0.001768,172.31.36.0-255,66,102371,15,184903
18842,0.001799,172.31.36.0-255,66,102437,15,184903
18843,0.001805,172.217.194.0-255,5020,107457,15,184903
18844,0.001807,172.31.36.0-255,66,107523,15,184903
18845,0.001821,172.217.194.0-255,2902,110425,15,184903
18846,0.001824,172.31.36.0-255,66,110491,15,184903
18847,0.00184,172.217.194.0-255,2902,113393,15,184903
18848,0.001842,172.31.36.0-255,66,113459,15,184903
18849,0.001848,172.217.194.0-255,4320,117779,15,184903
18850,0.00185,172.31.36.0-255,66,117845,15,184903
18851,0.001856,172.217.194.0-255,5738,123583,15,184903
18852,0.001859,172.31.36.0-255,66,123649,15,184903
18853,0.00188,172.217.194.0-255,5738,129387,15,184903
18854,0.001883,172.31.36.0-255,66,129453,15,184903
18855,0.001886,172.217.194.0-255,1484,130937,15,184903
18856,0.001901,172.217.194.0-255,4320,135257,15,184903
18857,0.001903,172.31.36.0-255,66,135323,15,184903
18858,0.00193,172.217.194.0-255,6438,141761,15,184903
18859,0.001932,172.31.36.0-255,66,141827,15,184903
18860,0.002021,172.217.194.0-255,1484,143311,15,184903
18861,0.002026,172.217.194.0-255,2902,146213,15,184903
18862,0.002028,172.31.36.0-255,66,146279,15,184903
18863,0.002031,172.217.194.0-255,1484,147763,15,184903
18864,0.002049,172.217.194.0-255,4320,152083,15,184903
18865,0.002051,172.31.36.0-255,66,152149,15,184903
18866,0.002065,172.217.194.0-255,4320,156469,15,184903
18867,0.002068,172.31.36.0-255,66,156535,15,184903
18868,0.002091,172.31.36.0-255,66,156601,15,184903
18869,0.002097,172.217.194.0-255,4320,160921,15,184903
18870,0.002099,172.31.36.0-255,66,160987,15,184903
18871,0.002122,172.217.194.0-255,6438,167425,15,184903
18872,0.002125,172.31.36.0-255,66,167491,15,184903
18873,0.004661,172.217.194.0-255,5738,173229,15,184903
18874,0.004668,172.31.36.0-255,66,173295,15,184903
18875,0.007192,172.217.194.0-255,5738,179033,15,184903
18876,0.007196,172.31.36.0-255,66,179099,15,184903
18877,0.009742,172.217.194.0-255,5738,184837,15,184903
18878,0.009747,172.31.36.0-255,66,184903,15,184903
18879,0.0,172.217.194.0-255,153,153,15,225787
18880,2.4e-05,172.31.36.0-255,66,219,15,225787
18881,3.2e-05,172.217.194.0-255,1484,1703,15,225787
18882,3.6e-05,172.31.36.0-255,66,1769,15,225787
18883,4.2e-05,172.217.194.0-255,2902,4671,15,225787
18884,4.5e-05,172.31.36.0-255,66,4737,15,225787
18885,5e-05,172.217.194.0-255,2902,7639,15,225787
18886,5.4e-05,172.31.36.0-255,66,7705,15,225787
18887,8.1e-05,172.217.194.0-255,4320,12025,15,225787
18888,8.4e-05,172.31.36.0-255,66,12091,15,225787
18889,0.0001,172.217.194.0-255,2086,14177,15,225787
18890,0.000103,172.31.36.0-255,66,14243,15,225787
18891,0.000107,172.217.194.0-255,1484,15727,15,225787
18892,0.000109,172.31.36.0-255,66,15793,15,225787
18893,0.000125,172.217.194.0-255,5738,21531,15,225787
18894,0.000128,172.31.36.0-255,66,21597,15,225787
18895,0.000134,172.217.194.0-255,5738,27335,15,225787
18896,0.000137,172.31.36.0-255,66,27401,15,225787
18897,0.000181,172.217.194.0-255,5379,32780,15,225787
18898,0.000185,172.31.36.0-255,66,32846,15,225787
18899,0.000191,172.217.194.0-255,5738,38584,15,225787
18900,0.000193,172.31.36.0-255,66,38650,15,225787
18901,0.000235,172.217.194.0-255,5738,44388,15,225787
18902,0.000238,172.31.36.0-255,66,44454,15,225787
18903,0.000258,172.217.194.0-255,3961,48415,15,225787
18904,0.00026,172.31.36.0-255,66,48481,15,225787
18905,0.000333,172.217.194.0-255,1484,49965,15,225787
18906,0.000337,172.31.36.0-255,66,50031,15,225787
18907,0.000343,172.217.194.0-255,2902,52933,15,225787
18908,0.000345,172.31.36.0-255,66,52999,15,225787
18909,0.000365,172.217.194.0-255,5738,58737,15,225787
18910,0.000368,172.31.36.0-255,66,58803,15,225787
18911,0.000371,172.217.194.0-255,1484,60287,15,225787
18912,0.00039,172.217.194.0-255,5651,65938,15,225787
18913,0.000392,172.31.36.0-255,66,66004,15,225787
18914,0.000549,172.217.194.0-255,116,66120,15,225787
18915,0.000563,172.217.194.0-255,386,66506,15,225787
18916,0.000762,172.217.194.0-255,1484,67990,15,225787
18917,0.000767,172.31.36.0-255,66,68056,15,225787
18918,0.000772,172.217.194.0-255,2902,70958,15,225787
18919,0.000774,172.31.36.0-255,66,71024,15,225787
18920,0.000778,172.217.194.0-255,1484,72508,15,225787
18921,0.000795,172.217.194.0-255,4320,76828,15,225787
18922,0.000797,172.31.36.0-255,66,76894,15,225787
18923,0.000801,172.217.194.0-255,1484,78378,15,225787
18924,0.000824,172.217.194.0-255,4320,82698,15,225787
18925,0.000827,172.31.36.0-255,66,82764,15,225787
18926,0.000856,172.31.36.0-255,66,82830,15,225787
18927,0.000867,172.31.36.0-255,66,82896,15,225787
18928,0.000907,172.217.194.0-255,1484,84380,15,225787
18929,0.000911,172.217.194.0-255,1484,85864,15,225787
18930,0.000913,172.31.36.0-255,66,85930,15,225787
18931,0.000934,172.217.194.0-255,1484,87414,15,225787
18932,0.000941,172.217.194.0-255,5738,93152,15,225787
18933,0.000944,172.31.36.0-255,66,93218,15,225787
18934,0.000952,172.217.194.0-255,7156,100374,15,225787
18935,0.000955,172.31.36.0-255,66,100440,15,225787
18936,0.001023,172.31.36.0-255,66,100506,15,225787
18937,0.001028,172.217.194.0-255,2184,102690,15,225787
18938,0.00103,172.31.36.0-255,66,102756,15,225787
18939,0.001041,172.31.36.0-255,66,102822,15,225787
18940,0.001066,172.31.36.0-255,66,102888,15,225787
18941,0.001071,172.217.194.0-255,4320,107208,15,225787
18942,0.001074,172.31.36.0-255,66,107274,15,225787
18943,0.001104,172.31.36.0-255,66,107340,15,225787
18944,0.001108,172.217.194.0-255,2902,110242,15,225787
18945,0.00111,172.31.36.0-255,66,110308,15,225787
18946,0.001138,172.217.194.0-255,5020,115328,15,225787
18947,0.001141,172.31.36.0-255,66,115394,15,225787
18948,0.001151,172.31.36.0-255,66,115460,15,225787
18949,0.001169,172.31.36.0-255,66,115526,15,225787
18950,0.001507,172.217.194.0-255,1484,117010,15,225787
18951,0.001515,172.217.194.0-255,2902,119912,15,225787
18952,0.001519,172.31.36.0-255,66,119978,15,225787
18953,0.001545,172.217.194.0-255,5738,125716,15,225787
18954,0.001548,172.31.36.0-255,66,125782,15,225787
18955,0.001551,172.217.194.0-255,1484,127266,15,225787
18956,0.001573,172.31.36.0-255,66,127332,15,225787
18957,0.001595,172.217.194.0-255,1484,128816,15,225787
18958,0.001611,172.31.36.0-255,66,128882,15,225787
18959,0.001641,172.217.194.0-255,1484,130366,15,225787
18960,0.001667,172.31.36.0-255,66,130432,15,225787
18961,0.00169,172.217.194.0-255,5020,135452,15,225787
18962,0.001692,172.31.36.0-255,66,135518,15,225787
18963,0.001697,172.217.194.0-255,2902,138420,15,225787
18964,0.0017,172.31.36.0-255,66,138486,15,225787
18965,0.00172,172.217.194.0-255,7156,145642,15,225787
18966,0.001724,172.31.36.0-255,66,145708,15,225787
18967,0.001748,172.217.194.0-255,5738,151446,15,225787
18968,0.001752,172.31.36.0-255,66,151512,15,225787
18969,0.001758,172.217.194.0-255,5020,156532,15,225787
18970,0.00176,172.31.36.0-255,66,156598,15,225787
18971,0.00182,172.217.194.0-255,1484,158082,15,225787
18972,0.00184,172.217.194.0-255,2902,160984,15,225787
18973,0.001843,172.31.36.0-255,66,161050,15,225787
18974,0.001848,172.217.194.0-255,2902,163952,15,225787
18975,0.001851,172.31.36.0-255,66,164018,15,225787
18976,0.001866,172.217.194.0-255,2902,166920,15,225787
18977,0.001869,172.31.36.0-255,66,166986,15,225787
18978,0.001874,172.217.194.0-255,4320,171306,15,225787
18979,0.001876,172.31.36.0-255,66,171372,15,225787
18980,0.001912,172.31.36.0-255,66,171438,15,225787
18981,0.001922,172.31.36.0-255,66,171504,15,225787
18982,0.001972,172.217.194.0-255,2184,173688,15,225787
18983,0.001975,172.31.36.0-255,66,173754,15,225787
18984,0.001995,172.217.194.0-255,1484,175238,15,225787
18985,0.002,172.217.194.0-255,2902,178140,15,225787
18986,0.002002,172.31.36.0-255,66,178206,15,225787
18987,0.002008,172.217.194.0-255,4320,182526,15,225787
18988,0.00201,172.31.36.0-255,66,182592,15,225787
18989,0.002026,172.217.194.0-255,1484,184076,15,225787
18990,0.002029,172.217.194.0-255,1484,185560,15,225787
18991,0.002031,172.31.36.0-255,66,185626,15,225787
18992,0.002067,172.31.36.0-255,66,185692,15,225787
18993,0.002073,172.217.194.0-255,4320,190012,15,225787
18994,0.002077,172.31.36.0-255,66,190078,15,225787
18995,0.002095,172.217.194.0-255,6438,196516,15,225787
18996,0.002098,172.31.36.0-255,66,196582,15,225787
18997,0.002104,172.217.194.0-255,5738,202320,15,225787
18998,0.002106,172.31.36.0-255,66,202386,15,225787
18999,0.002113,172.217.194.0-255,7156,209542,15,225787
19000,0.002116,172.31.36.0-255,66,209608,15,225787
19001,0.002148,172.31.36.0-255,66,209674,15,225787
19002,0.002155,172.217.194.0-255,6438,216112,15,225787
19003,0.002158,172.31.36.0-255,66,216178,15,225787
19004,0.00219,172.217.194.0-255,2902,219080,15,225787
19005,0.002193,172.31.36.0-255,66,219146,15,225787
19006,0.00223,172.31.36.0-255,66,219212,15,225787
19007,0.002238,172.217.194.0-255,6167,225379,15,225787
19008,0.00224,172.31.36.0-255,66,225445,15,225787
19009,0.002243,172.217.194.0-255,105,225550,15,225787
19010,0.00455,172.31.36.0-255,66,225616,15,225787
19011,0.004589,172.31.36.0-255,105,225721,15,225787
19012,0.007117,172.217.194.0-255,66,225787,15,225787
19013,0.0,74.125.24.0-255,153,153,15,161289
19014,2.2e-05,172.31.36.0-255,66,219,15,161289
19015,3e-05,74.125.24.0-255,1484,1703,15,161289
19016,3.4e-05,172.31.36.0-255,66,1769,15,161289
19017,4e-05,74.125.24.0-255,2902,4671,15,161289
19018,5.2e-05,172.31.36.0-255,66,4737,15,161289
19019,6e-05,74.125.24.0-255,7156,11893,15,161289
19020,6.3e-05,172.31.36.0-255,66,11959,15,161289
19021,8.5e-05,74.125.24.0-255,2101,14060,15,161289
19022,8.8e-05,172.31.36.0-255,66,14126,15,161289
19023,9.3e-05,74.125.24.0-255,2902,17028,15,161289
19024,9.5e-05,172.31.36.0-255,66,17094,15,161289
19025,0.000107,74.125.24.0-255,7156,24250,15,161289
19026,0.00011,172.31.36.0-255,66,24316,15,161289
19027,0.00015,74.125.24.0-255,6797,31113,15,161289
19028,0.000153,172.31.36.0-255,66,31179,15,161289
19029,0.00018,74.125.24.0-255,1484,32663,15,161289
19030,0.000182,172.31.36.0-255,66,32729,15,161289
19031,0.000203,74.125.24.0-255,2902,35631,15,161289
19032,0.000205,172.31.36.0-255,66,35697,15,161289
19033,0.000212,74.125.24.0-255,5738,41435,15,161289
19034,0.000214,172.31.36.0-255,66,41501,15,161289
19035,0.000246,74.125.24.0-255,6797,48298,15,161289
19036,0.000249,172.31.36.0-255,66,48364,15,161289
19037,0.000261,74.125.24.0-255,7156,55520,15,161289
19038,0.000263,172.31.36.0-255,66,55586,15,161289
19039,0.000298,74.125.24.0-255,7156,62742,15,161289
19040,0.0003,172.31.36.0-255,66,62808,15,161289
19041,0.000305,74.125.24.0-255,2840,65648,15,161289
19042,0.000307,172.31.36.0-255,66,65714,15,161289
19043,0.000321,74.125.24.0-255,132,65846,15,161289
19044,0.000329,172.31.36.0-255,66,65912,15,161289
19045,0.000628,74.125.24.0-255,344,66256,15,161289
19046,0.000925,74.125.24.0-255,1484,67740,15,161289
19047,0.00093,172.31.36.0-255,66,67806,15,161289
19048,0.000965,74.125.24.0-255,2902,70708,15,161289
19049,0.000968,172.31.36.0-255,66,70774,15,161289
19050,0.000976,74.125.24.0-255,5738,76512,15,161289
19051,0.000978,172.31.36.0-255,66,76578,15,161289
19052,0.000988,74.125.24.0-255,4320,80898,15,161289
19053,0.00099,172.31.36.0-255,66,80964,15,161289
19054,0.000994,74.125.24.0-255,1484,82448,15,161289
19055,0.001008,74.125.24.0-255,4320,86768,15,161289
19056,0.001014,172.31.36.0-255,66,86834,15,161289
19057,0.001058,74.125.24.0-255,4320,91154,15,161289
19058,0.00106,172.31.36.0-255,66,91220,15,161289
19059,0.001095,74.125.24.0-255,7156,98376,15,161289
19060,0.001097,172.31.36.0-255,66,98442,15,161289
19061,0.001101,74.125.24.0-255,1484,99926,15,161289
19062,0.001104,74.125.24.0-255,766,100692,15,161289
19063,0.001106,172.31.36.0-255,66,100758,15,161289
19064,0.00146,74.125.24.0-255,1484,102242,15,161289
19065,0.001477,74.125.24.0-255,2902,105144,15,161289
19066,0.00148,172.31.36.0-255,66,105210,15,161289
19067,0.001486,74.125.24.0-255,2902,108112,15,161289
19068,0.001488,172.31.36.0-255,66,108178,15,161289
19069,0.001522,74.125.24.0-255,2902,111080,15,161289
19070,0.001525,172.31.36.0-255,66,111146,15,161289
19071,0.001536,172.31.36.0-255,66,111212,15,161289
19072,0.001549,74.125.24.0-255,7156,118368,15,161289
19073,0.001551,172.31.36.0-255,66,118434,15,161289
19074,0.001587,74.125.24.0-255,6438,124872,15,161289
19075,0.00159,172.31.36.0-255,66,124938,15,161289
19076,0.001964,74.125.24.0-255,1484,126422,15,161289
19077,0.001974,74.125.24.0-255,2902,129324,15,161289
19078,0.001978,172.31.36.0-255,66,129390,15,161289
19079,0.001982,74.125.24.0-255,1484,130874,15,161289
19080,0.002016,74.125.24.0-255,4320,135194,15,161289
19081,0.002019,172.31.36.0-255,66,135260,15,161289
19082,0.002026,74.125.24.0-255,4320,139580,15,161289
19083,0.002027,172.31.36.0-255,66,139646,15,161289
19084,0.002045,172.31.36.0-255,66,139712,15,161289
19085,0.00205,74.125.24.0-255,2902,142614,15,161289
19086,0.002056,172.31.36.0-255,66,142680,15,161289
19087,0.002088,74.125.24.0-255,5020,147700,15,161289
19088,0.002091,172.31.36.0-255,66,147766,15,161289
19089,0.00213,172.31.36.0-255,66,147832,15,161289
19090,0.002148,172.31.36.0-255,66,147898,15,161289
19091,0.002153,74.125.24.0-255,2902,150800,15,161289
19092,0.002155,172.31.36.0-255,66,150866,15,161289
19093,0.0022,172.31.36.0-255,66,150932,15,161289
19094,0.002216,172.31.36.0-255,66,150998,15,161289
19095,0.002251,74.125.24.0-255,1484,152482,15,161289
19096,0.002265,172.31.36.0-255,66,152548,15,161289
19097,0.00227,74.125.24.0-255,4320,156868,15,161289
19098,0.002273,172.31.36.0-255,66,156934,15,161289
19099,0.002344,172.31.36.0-255,66,157000,15,161289
19100,0.002359,172.31.36.0-255,66,157066,15,161289
19101,0.002418,172.31.36.0-255,66,157132,15,161289
19102,0.002461,172.31.36.0-255,66,157198,15,161289
19103,0.002489,172.31.36.0-255,66,157264,15,161289
19104,0.002517,172.31.36.0-255,66,157330,15,161289
19105,0.002546,172.31.36.0-255,66,157396,15,161289
19106,0.002553,74.125.24.0-255,3551,160947,15,161289
19107,0.002555,172.31.36.0-255,66,161013,15,161289
19108,0.002559,74.125.24.0-255,105,161118,15,161289
19109,0.007507,172.31.36.0-255,66,161184,15,161289
19110,0.00755,172.31.36.0-255,105,161289,15,161289
19111,0.0,172.217.194.0-255,153,153,15,98765
19112,3.8e-05,172.31.36.0-255,66,219,15,98765
19113,4.7e-05,172.217.194.0-255,1484,1703,15,98765
19114,5.1e-05,172.31.36.0-255,66,1769,15,98765
19115,5.6e-05,172.217.194.0-255,2902,4671,15,98765
19116,5.8e-05,172.31.36.0-255,66,4737,15,98765
19117,6.5e-05,172.217.194.0-255,5738,10475,15,98765
19118,6.7e-05,172.31.36.0-255,66,10541,15,98765
19119,7e-05,172.217.194.0-255,1484,12025,15,98765
19120,7.3e-05,172.31.36.0-255,66,12091,15,98765
19121,0.000102,172.217.194.0-255,6294,18385,15,98765
19122,0.000105,172.31.36.0-255,66,18451,15,98765
19123,0.00011,172.217.194.0-255,4320,22771,15,98765
19124,0.000112,172.31.36.0-255,66,22837,15,98765
19125,0.000128,172.217.194.0-255,4320,27157,15,98765
19126,0.000131,172.31.36.0-255,66,27223,15,98765
19127,0.000146,172.217.194.0-255,1484,28707,15,98765
19128,0.000148,172.31.36.0-255,66,28773,15,98765
19129,0.000171,172.217.194.0-255,2543,31316,15,98765
19130,0.000173,172.31.36.0-255,66,31382,15,98765
19131,0.000224,172.217.194.0-255,1484,32866,15,98765
19132,0.000228,172.31.36.0-255,66,32932,15,98765
19133,0.000249,172.217.194.0-255,2902,35834,15,98765
19134,0.000252,172.31.36.0-255,66,35900,15,98765
19135,0.000258,172.217.194.0-255,5738,41638,15,98765
19136,0.000261,172.31.36.0-255,66,41704,15,98765
19137,0.000264,172.217.194.0-255,1484,43188,15,98765
19138,0.000266,172.31.36.0-255,66,43254,15,98765
19139,0.000286,172.217.194.0-255,4320,47574,15,98765
19140,0.00029,172.31.36.0-255,66,47640,15,98765
19141,0.000342,172.31.36.0-255,66,47706,15,98765
19142,0.000361,172.217.194.0-255,1125,48831,15,98765
19143,0.000367,172.217.194.0-255,4214,53045,15,98765
19144,0.00037,172.31.36.0-255,66,53111,15,98765
19145,0.000372,172.217.194.0-255,114,53225,15,98765
19146,0.000845,172.31.36.0-255,66,53291,15,98765
19147,0.001107,172.217.194.0-255,386,53677,15,98765
19148,0.001143,172.31.36.0-255,66,53743,15,98765
19149,0.001663,172.217.194.0-255,1484,55227,15,98765
19150,0.001672,172.217.194.0-255,2902,58129,15,98765
19151,0.001676,172.31.36.0-255,66,58195,15,98765
19152,0.001684,172.217.194.0-255,5738,63933,15,98765
19153,0.001686,172.31.36.0-255,66,63999,15,98765
19154,0.001727,172.31.36.0-255,66,64065,15,98765
19155,0.001738,172.31.36.0-255,66,64131,15,98765
19156,0.002132,172.217.194.0-255,1484,65615,15,98765
19157,0.002138,172.217.194.0-255,1484,67099,15,98765
19158,0.002141,172.31.36.0-255,66,67165,15,98765
19159,0.00216,172.217.194.0-255,1484,68649,15,98765
19160,0.002166,172.217.194.0-255,5738,74387,15,98765
19161,0.002168,172.31.36.0-255,66,74453,15,98765
19162,0.002185,172.217.194.0-255,4320,78773,15,98765
19163,0.002188,172.31.36.0-255,66,78839,15,98765
19164,0.002196,172.217.194.0-255,2902,81741,15,98765
19165,0.002198,172.31.36.0-255,66,81807,15,98765
19166,0.002222,172.217.194.0-255,4320,86127,15,98765
19167,0.002224,172.31.36.0-255,66,86193,15,98765
19168,0.002249,172.31.36.0-255,66,86259,15,98765
19169,0.002252,172.217.194.0-255,2184,88443,15,98765
19170,0.002254,172.31.36.0-255,66,88509,15,98765
19171,0.004855,172.217.194.0-255,4320,92829,15,98765
19172,0.00486,172.31.36.0-255,66,92895,15,98765
19173,0.004881,172.217.194.0-255,1484,94379,15,98765
19174,0.007504,172.217.194.0-255,4320,98699,15,98765
19175,0.007512,172.31.36.0-255,66,98765,15,98765
19176,0.0,172.217.194.0-255,153,153,15,151207
19177,2.3e-05,172.31.36.0-255,66,219,15,151207
19178,3e-05,172.217.194.0-255,1484,1703,15,151207
19179,3.5e-05,172.31.36.0-255,66,1769,15,151207
19180,4.9e-05,172.217.194.0-255,2902,4671,15,151207
19181,5.2e-05,172.31.36.0-255,66,4737,15,151207
19182,5.9e-05,172.217.194.0-255,7156,11893,15,151207
19183,6.2e-05,172.31.36.0-255,66,11959,15,151207
19184,6.7e-05,172.217.194.0-255,2010,13969,15,151207
19185,7e-05,172.31.36.0-255,66,14035,15,151207
19186,9.4e-05,172.217.194.0-255,2902,16937,15,151207
19187,9.8e-05,172.31.36.0-255,66,17003,15,151207
19188,0.000108,172.217.194.0-255,4320,21323,15,151207
19189,0.000111,172.31.36.0-255,66,21389,15,151207
19190,0.000144,172.217.194.0-255,2902,24291,15,151207
19191,0.000146,172.31.36.0-255,66,24357,15,151207
19192,0.000174,172.217.194.0-255,6797,31154,15,151207
19193,0.000177,172.31.36.0-255,66,31220,15,151207
19194,0.000209,172.217.194.0-255,7156,38376,15,151207
19195,0.000213,172.31.36.0-255,66,38442,15,151207
19196,0.000247,172.31.36.0-255,66,38508,15,151207
19197,0.00025,172.217.194.0-255,1125,39633,15,151207
19198,0.000252,172.31.36.0-255,66,39699,15,151207
19199,0.00069,172.217.194.0-255,1484,41183,15,151207
19200,0.000695,172.31.36.0-255,66,41249,15,151207
19201,0.0007,172.217.194.0-255,2902,44151,15,151207
19202,0.000702,172.31.36.0-255,66,44217,15,151207
19203,0.000706,172.217.194.0-255,2902,47119,15,151207
19204,0.000708,172.31.36.0-255,66,47185,15,151207
19205,0.000724,172.217.194.0-255,2902,50087,15,151207
19206,0.000726,172.31.36.0-255,66,50153,15,151207
19207,0.000733,172.217.194.0-255,6797,56950,15,151207
19208,0.000735,172.31.36.0-255,66,57016,15,151207
19209,0.000742,172.217.194.0-255,677,57693,15,151207
19210,0.000838,172.217.194.0-255,1484,59177,15,151207
19211,0.000842,172.31.36.0-255,66,59243,15,151207
19212,0.000847,172.217.194.0-255,2902,62145,15,151207
19213,0.000848,172.31.36.0-255,66,62211,15,151207
19214,0.000873,172.217.194.0-255,5738,67949,15,151207
19215,0.000876,172.31.36.0-255,66,68015,15,151207
19216,0.000899,172.217.194.0-255,1484,69499,15,151207
19217,0.000929,172.31.36.0-255,66,69565,15,151207
19218,0.000961,172.31.36.0-255,66,69631,15,151207
19219,0.001737,172.217.194.0-255,1484,71115,15,151207
19220,0.001746,172.217.194.0-255,2902,74017,15,151207
19221,0.00175,172.31.36.0-255,66,74083,15,151207
19222,0.001754,172.217.194.0-255,1484,75567,15,151207
19223,0.001777,172.217.194.0-255,4320,79887,15,151207
19224,0.001781,172.31.36.0-255,66,79953,15,151207
19225,0.001793,172.31.36.0-255,66,80019,15,151207
19226,0.001797,172.217.194.0-255,2902,82921,15,151207
19227,0.001799,172.31.36.0-255,66,82987,15,151207
19228,0.001829,172.217.194.0-255,5738,88725,15,151207
19229,0.001832,172.31.36.0-255,66,88791,15,151207
19230,0.001837,172.217.194.0-255,2184,90975,15,151207
19231,0.001839,172.31.36.0-255,66,91041,15,151207
19232,0.001916,172.217.194.0-255,1484,92525,15,151207
19233,0.001921,172.217.194.0-255,2902,95427,15,151207
19234,0.001931,172.31.36.0-255,66,95493,15,151207
19235,0.001938,172.217.194.0-255,5738,101231,15,151207
19236,0.00194,172.31.36.0-255,66,101297,15,151207
19237,0.001991,172.217.194.0-255,5738,107035,15,151207
19238,0.001994,172.31.36.0-255,66,107101,15,151207
19239,0.002021,172.217.194.0-255,7156,114257,15,151207
19240,0.002024,172.31.36.0-255,66,114323,15,151207
19241,0.002035,172.31.36.0-255,66,114389,15,151207
19242,0.002058,172.217.194.0-255,766,115155,15,151207
19243,0.002477,172.31.36.0-255,66,115221,15,151207
19244,0.002508,172.217.194.0-255,1484,116705,15,151207
19245,0.002516,172.217.194.0-255,2902,119607,15,151207
19246,0.002519,172.31.36.0-255,66,119673,15,151207
19247,0.002548,172.217.194.0-255,5738,125411,15,151207
19248,0.002551,172.31.36.0-255,66,125477,15,151207
19249,0.002557,172.217.194.0-255,4320,129797,15,151207
19250,0.002559,172.31.36.0-255,66,129863,15,151207
19251,0.002582,172.217.194.0-255,2902,132765,15,151207
19252,0.002585,172.31.36.0-255,66,132831,15,151207
19253,0.002589,172.217.194.0-255,1484,134315,15,151207
19254,0.002623,172.31.36.0-255,66,134381,15,151207
19255,0.002653,172.217.194.0-255,2902,137283,15,151207
19256,0.002656,172.31.36.0-255,66,137349,15,151207
19257,0.00266,172.217.194.0-255,2184,139533,15,151207
19258,0.002662,172.31.36.0-255,66,139599,15,151207
19259,0.005281,172.217.194.0-255,5738,145337,15,151207
19260,0.005288,172.31.36.0-255,66,145403,15,151207
19261,0.007888,172.217.194.0-255,5738,151141,15,151207
19262,0.007902,172.31.36.0-255,66,151207,15,151207
19263,0.0,172.217.194.0-255,145,145,15,241670
19264,2.9e-05,172.31.36.0-255,66,211,15,241670
19265,3.6e-05,172.217.194.0-255,1484,1695,15,241670
19266,4e-05,172.31.36.0-255,66,1761,15,241670
19267,4.5e-05,172.217.194.0-255,2902,4663,15,241670
19268,4.8e-05,172.31.36.0-255,66,4729,15,241670
19269,5.5e-05,172.217.194.0-255,7156,11885,15,241670
19270,5.8e-05,172.31.36.0-255,66,11951,15,241670
19271,7.1e-05,172.31.36.0-255,66,12017,15,241670
19272,0.000107,172.31.36.0-255,66,12083,15,241670
19273,0.000111,172.217.194.0-255,2543,14626,15,241670
19274,0.000112,172.31.36.0-255,66,14692,15,241670
19275,0.000136,172.217.194.0-255,1484,16176,15,241670
19276,0.000139,172.31.36.0-255,66,16242,15,241670
19277,0.000142,172.217.194.0-255,1484,17726,15,241670
19278,0.000144,172.31.36.0-255,66,17792,15,241670
19279,0.000159,172.217.194.0-255,1484,19276,15,241670
19280,0.000161,172.31.36.0-255,66,19342,15,241670
19281,0.00017,172.217.194.0-255,5738,25080,15,241670
19282,0.000174,172.31.36.0-255,66,25146,15,241670
19283,0.00018,172.217.194.0-255,6797,31943,15,241670
19284,0.000183,172.31.36.0-255,66,32009,15,241670
19285,0.000217,172.31.36.0-255,66,32075,15,241670
19286,0.000234,172.217.194.0-255,1484,33559,15,241670
19287,0.000236,172.31.36.0-255,66,33625,15,241670
19288,0.000241,172.217.194.0-255,3124,36749,15,241670
19289,0.000243,172.31.36.0-255,66,36815,15,241670
19290,0.000344,172.217.194.0-255,1484,38299,15,241670
19291,0.000348,172.31.36.0-255,66,38365,15,241670
19292,0.000353,172.217.194.0-255,2902,41267,15,241670
19293,0.000356,172.31.36.0-255,66,41333,15,241670
19294,0.000359,172.217.194.0-255,1484,42817,15,241670
19295,0.000377,172.217.194.0-255,4320,47137,15,241670
19296,0.00038,172.31.36.0-255,66,47203,15,241670
19297,0.000386,172.217.194.0-255,5738,52941,15,241670
19298,0.000389,172.31.36.0-255,66,53007,15,241670
19299,0.000417,172.217.194.0-255,7156,60163,15,241670
19300,0.00042,172.31.36.0-255,66,60229,15,241670
19301,0.000444,172.217.194.0-255,5738,65967,15,241670
19302,0.000447,172.31.36.0-255,66,66033,15,241670
19303,0.000453,172.217.194.0-255,5020,71053,15,241670
19304,0.000455,172.31.36.0-255,66,71119,15,241670
19305,0.001056,172.217.194.0-255,1484,72603,15,241670
19306,0.001075,172.217.194.0-255,2902,75505,15,241670
19307,0.001079,172.31.36.0-255,66,75571,15,241670
19308,0.001125,172.217.194.0-255,5738,81309,15,241670
19309,0.001128,172.31.36.0-255,66,81375,15,241670
19310,0.001134,172.217.194.0-255,4320,85695,15,241670
19311,0.001136,172.31.36.0-255,66,85761,15,241670
19312,0.001173,172.31.36.0-255,66,85827,15,241670
19313,0.001213,172.217.194.0-255,7156,92983,15,241670
19314,0.001216,172.31.36.0-255,66,93049,15,241670
19315,0.001233,172.217.194.0-255,2184,95233,15,241670
19316,0.001236,172.31.36.0-255,66,95299,15,241670
19317,0.001297,172.217.194.0-255,1484,96783,15,241670
19318,0.001312,172.217.194.0-255,2902,99685,15,241670
19319,0.001315,172.31.36.0-255,66,99751,15,241670
19320,0.001318,172.217.194.0-255,1484,101235,15,241670
19321,0.001338,172.217.194.0-255,4320,105555,15,241670
19322,0.001342,172.31.36.0-255,66,105621,15,241670
19323,0.001361,172.217.194.0-255,2902,108523,15,241670
19324,0.001364,172.31.36.0-255,66,108589,15,241670
19325,0.001369,172.217.194.0-255,2902,111491,15,241670
19326,0.001371,172.31.36.0-255,66,111557,15,241670
19327,0.001383,172.217.194.0-255,1484,113041,15,241670
19328,0.001411,172.217.194.0-255,4320,117361,15,241670
19329,0.001415,172.31.36.0-255,66,117427,15,241670
19330,0.00144,172.217.194.0-255,5738,123165,15,241670
19331,0.001443,172.31.36.0-255,66,123231,15,241670
19332,0.001456,172.217.194.0-255,2902,126133,15,241670
19333,0.001459,172.31.36.0-255,66,126199,15,241670
19334,0.001472,172.217.194.0-255,2902,129101,15,241670
19335,0.001475,172.31.36.0-255,66,129167,15,241670
19336,0.0015,172.217.194.0-255,766,129933,15,241670
19337,0.001658,172.31.36.0-255,66,129999,15,241670
19338,0.001772,172.217.194.0-255,1484,131483,15,241670
19339,0.001782,172.217.194.0-255,2902,134385,15,241670
19340,0.001786,172.31.36.0-255,66,134451,15,241670
19341,0.00181,172.217.194.0-255,5738,140189,15,241670
19342,0.001813,172.31.36.0-255,66,140255,15,241670
19343,0.001817,172.217.194.0-255,2902,143157,15,241670
19344,0.001819,172.31.36.0-255,66,143223,15,241670
19345,0.001822,172.217.194.0-255,1484,144707,15,241670
19346,0.001858,172.31.36.0-255,66,144773,15,241670
19347,0.001862,172.217.194.0-255,1484,146257,15,241670
19348,0.001887,172.31.36.0-255,66,146323,15,241670
19349,0.00201,172.217.194.0-255,1484,147807,15,241670
19350,0.002018,172.217.194.0-255,2902,150709,15,241670
19351,0.002021,172.31.36.0-255,66,150775,15,241670
19352,0.002034,172.217.194.0-255,1484,152259,15,241670
19353,0.002049,172.217.194.0-255,4320,156579,15,241670
19354,0.002051,172.31.36.0-255,66,156645,15,241670
19355,0.002065,172.217.194.0-255,1484,158129,15,241670
19356,0.00209,172.31.36.0-255,66,158195,15,241670
19357,0.002123,172.217.194.0-255,7156,165351,15,241670
19358,0.002127,172.31.36.0-255,66,165417,15,241670
19359,0.002149,172.217.194.0-255,6438,171855,15,241670
19360,0.002152,172.31.36.0-255,66,171921,15,241670
19361,0.002169,172.31.36.0-255,66,171987,15,241670
19362,0.002187,172.217.194.0-255,1484,173471,15,241670
19363,0.002194,172.217.194.0-255,7156,180627,15,241670
19364,0.002196,172.31.36.0-255,66,180693,15,241670
19365,0.00224,172.31.36.0-255,66,180759,15,241670
19366,0.002252,172.217.194.0-255,1484,182243,15,241670
19367,0.00228,172.31.36.0-255,66,182309,15,241670
19368,0.002285,172.217.194.0-255,4320,186629,15,241670
19369,0.002287,172.31.36.0-255,66,186695,15,241670
19370,0.002336,172.31.36.0-255,66,186761,15,241670
19371,0.002341,172.217.194.0-255,3602,190363,15,241670
19372,0.002343,172.31.36.0-255,66,190429,15,241670
19373,0.002407,172.31.36.0-255,66,190495,15,241670
19374,0.002427,172.217.194.0-255,7156,197651,15,241670
19375,0.002429,172.31.36.0-255,66,197717,15,241670
19376,0.002451,172.217.194.0-255,7156,204873,15,241670
19377,0.002453,172.31.36.0-255,66,204939,15,241670
19378,0.002459,172.217.194.0-255,5738,210677,15,241670
19379,0.002461,172.31.36.0-255,66,210743,15,241670
19380,0.002496,172.217.194.0-255,1484,212227,15,241670
19381,0.002531,172.31.36.0-255,66,212293,15,241670
19382,0.002558,172.31.36.0-255,66,212359,15,241670
19383,0.002575,172.217.194.0-255,7156,219515,15,241670
19384,0.002577,172.31.36.0-255,66,219581,15,241670
19385,0.002581,172.217.194.0-255,3602,223183,15,241670
19386,0.002584,172.31.36.0-255,66,223249,15,241670
19387,0.00261,172.217.194.0-255,1484,224733,15,241670
19388,0.002631,172.217.194.0-255,4320,229053,15,241670
19389,0.002634,172.31.36.0-255,66,229119,15,241670
19390,0.00264,172.217.194.0-255,5738,234857,15,241670
19391,0.002642,172.31.36.0-255,66,234923,15,241670
19392,0.002656,172.217.194.0-255,1484,236407,15,241670
19393,0.002679,172.31.36.0-255,66,236473,15,241670
19394,0.005279,172.217.194.0-255,5026,241499,15,241670
19395,0.005283,172.31.36.0-255,66,241565,15,241670
19396,0.009551,172.31.36.0-255,105,241670,15,241670
19397,0.0,74.125.24.0-255,153,153,15,127504
19398,1.6e-05,172.31.36.0-255,66,219,15,127504
19399,2.3e-05,74.125.24.0-255,1484,1703,15,127504
19400,2.7e-05,172.31.36.0-255,66,1769,15,127504
19401,3.3e-05,74.125.24.0-255,2902,4671,15,127504
19402,3.6e-05,172.31.36.0-255,66,4737,15,127504
19403,4.2e-05,74.125.24.0-255,4320,9057,15,127504
19404,4.4e-05,172.31.36.0-255,66,9123,15,127504
19405,7.2e-05,74.125.24.0-255,2902,12025,15,127504
19406,7.5e-05,172.31.36.0-255,66,12091,15,127504
19407,8e-05,74.125.24.0-255,2105,14196,15,127504
19408,8.2e-05,172.31.36.0-255,66,14262,15,127504
19409,9.5e-05,172.31.36.0-255,66,14328,15,127504
19410,0.000102,74.125.24.0-255,4320,18648,15,127504
19411,0.000104,172.31.36.0-255,66,18714,15,127504
19412,0.000128,74.125.24.0-255,1125,19839,15,127504
19413,0.000131,172.31.36.0-255,66,19905,15,127504
19414,0.000159,74.125.24.0-255,1484,21389,15,127504
19415,0.000162,172.31.36.0-255,66,21455,15,127504
19416,0.000167,74.125.24.0-255,2902,24357,15,127504
19417,0.000169,172.31.36.0-255,66,24423,15,127504
19418,0.000174,74.125.24.0-255,2902,27325,15,127504
19419,0.000176,172.31.36.0-255,66,27391,15,127504
19420,0.000188,74.125.24.0-255,2902,30293,15,127504
19421,0.00019,172.31.36.0-255,66,30359,15,127504
19422,0.000211,74.125.24.0-255,4320,34679,15,127504
19423,0.000214,172.31.36.0-255,66,34745,15,127504
19424,0.000238,74.125.24.0-255,1484,36229,15,127504
19425,0.00024,172.31.36.0-255,66,36295,15,127504
19426,0.000248,74.125.24.0-255,7156,43451,15,127504
19427,0.000251,172.31.36.0-255,66,43517,15,127504
19428,0.000618,74.125.24.0-255,360,43877,15,127504
19429,0.000834,172.31.36.0-255,66,43943,15,127504
19430,0.000987,74.125.24.0-255,131,44074,15,127504
19431,0.001023,74.125.24.0-255,1484,45558,15,127504
19432,0.001041,74.125.24.0-255,2902,48460,15,127504
19433,0.001047,74.125.24.0-255,4320,52780,15,127504
19434,0.001062,74.125.24.0-255,2902,55682,15,127504
19435,0.001065,74.125.24.0-255,1484,57166,15,127504
19436,0.001069,172.31.36.0-255,66,57232,15,127504
19437,0.001075,172.31.36.0-255,66,57298,15,127504
19438,0.001124,74.125.24.0-255,5738,63036,15,127504
19439,0.001138,172.31.36.0-255,66,63102,15,127504
19440,0.001145,74.125.24.0-255,6438,69540,15,127504
19441,0.001155,172.31.36.0-255,66,69606,15,127504
19442,0.001296,74.125.24.0-255,1484,71090,15,127504
19443,0.001317,74.125.24.0-255,2902,73992,15,127504
19444,0.001323,74.125.24.0-255,5738,79730,15,127504
19445,0.001344,172.31.36.0-255,66,79796,15,127504
19446,0.00136,74.125.24.0-255,1484,81280,15,127504
19447,0.001378,74.125.24.0-255,4320,85600,15,127504
19448,0.001412,172.31.36.0-255,66,85666,15,127504
19449,0.001418,172.31.36.0-255,66,85732,15,127504
19450,0.00146,172.31.36.0-255,66,85798,15,127504
19451,0.001472,74.125.24.0-255,2902,88700,15,127504
19452,0.001477,74.125.24.0-255,3602,92302,15,127504
19453,0.001496,172.31.36.0-255,66,92368,15,127504
19454,0.001514,172.31.36.0-255,66,92434,15,127504
19455,0.001567,172.31.36.0-255,66,92500,15,127504
19456,0.001583,74.125.24.0-255,4320,96820,15,127504
19457,0.001588,172.31.36.0-255,66,96886,15,127504
19458,0.001624,74.125.24.0-255,6438,103324,15,127504
19459,0.001668,172.31.36.0-255,66,103390,15,127504
19460,0.001729,74.125.24.0-255,1484,104874,15,127504
19461,0.001753,172.31.36.0-255,66,104940,15,127504
19462,0.001791,172.31.36.0-255,66,105006,15,127504
19463,0.00181,74.125.24.0-255,1484,106490,15,127504
19464,0.001841,172.31.36.0-255,66,106556,15,127504
19465,0.001885,172.31.36.0-255,66,106622,15,127504
19466,0.001905,74.125.24.0-255,3602,110224,15,127504
19467,0.001909,172.31.36.0-255,66,110290,15,127504
19468,0.002055,74.125.24.0-255,1484,111774,15,127504
19469,0.00206,74.125.24.0-255,2902,114676,15,127504
19470,0.002076,74.125.24.0-255,5738,120414,15,127504
19471,0.002079,172.31.36.0-255,66,120480,15,127504
19472,0.002084,172.31.36.0-255,66,120546,15,127504
19473,0.002115,172.31.36.0-255,66,120612,15,127504
19474,0.002133,74.125.24.0-255,5738,126350,15,127504
19475,0.002148,172.31.36.0-255,66,126416,15,127504
19476,0.002166,74.125.24.0-255,812,127228,15,127504
19477,0.002169,74.125.24.0-255,105,127333,15,127504
19478,0.009287,172.31.36.0-255,66,127399,15,127504
19479,0.009332,172.31.36.0-255,105,127504,15,127504
19480,0.0,74.125.24.0-255,152,152,15,316564
19481,2.1e-05,172.31.36.0-255,66,218,15,316564
19482,4.1e-05,74.125.24.0-255,1484,1702,15,316564
19483,4.5e-05,172.31.36.0-255,66,1768,15,316564
19484,5.2e-05,74.125.24.0-255,2902,4670,15,316564
19485,5.5e-05,172.31.36.0-255,66,4736,15,316564
19486,7.3e-05,74.125.24.0-255,5738,10474,15,316564
19487,7.6e-05,172.31.36.0-255,66,10540,15,316564
19488,8.2e-05,74.125.24.0-255,3503,14043,15,316564
19489,8.5e-05,172.31.36.0-255,66,14109,15,316564
19490,0.000245,74.125.24.0-255,1484,15593,15,316564
19491,0.000251,172.31.36.0-255,66,15659,15,316564
19492,0.000271,74.125.24.0-255,2902,18561,15,316564
19493,0.000274,172.31.36.0-255,66,18627,15,316564
19494,0.000299,74.125.24.0-255,5738,24365,15,316564
19495,0.000302,172.31.36.0-255,66,24431,15,316564
19496,0.000356,74.125.24.0-255,6797,31228,15,316564
19497,0.00036,172.31.36.0-255,66,31294,15,316564
19498,0.000432,74.125.24.0-255,1484,32778,15,316564
19499,0.000435,172.31.36.0-255,66,32844,15,316564
19500,0.000439,74.125.24.0-255,1484,34328,15,316564
19501,0.000441,172.31.36.0-255,66,34394,15,316564
19502,0.000454,74.125.24.0-255,1484,35878,15,316564
19503,0.000457,172.31.36.0-255,66,35944,15,316564
19504,0.000476,74.125.24.0-255,2902,38846,15,316564
19505,0.000479,172.31.36.0-255,66,38912,15,316564
19506,0.000499,74.125.24.0-255,1484,40396,15,316564
19507,0.000501,172.31.36.0-255,66,40462,15,316564
19508,0.000514,172.31.36.0-255,66,40528,15,316564
19509,0.002515,74.125.24.0-255,1484,42012,15,316564
19510,0.002523,172.31.36.0-255,66,42078,15,316564
19511,0.002533,74.125.24.0-255,2902,44980,15,316564
19512,0.002536,172.31.36.0-255,66,45046,15,316564
19513,0.002543,74.125.24.0-255,5738,50784,15,316564
19514,0.002546,172.31.36.0-255,66,50850,15,316564
19515,0.002555,74.125.24.0-255,6797,57647,15,316564
19516,0.002558,172.31.36.0-255,66,57713,15,316564
19517,0.002598,74.125.24.0-255,3481,61194,15,316564
19518,0.002601,172.31.36.0-255,66,61260,15,316564
19519,0.002605,74.125.24.0-255,1484,62744,15,316564
19520,0.002623,74.125.24.0-255,2902,65646,15,316564
19521,0.002625,172.31.36.0-255,66,65712,15,316564
19522,0.002632,74.125.24.0-255,5738,71450,15,316564
19523,0.002634,172.31.36.0-255,66,71516,15,316564
19524,0.002648,74.125.24.0-255,3961,75477,15,316564
19525,0.00265,172.31.36.0-255,66,75543,15,316564
19526,0.002743,74.125.24.0-255,1484,77027,15,316564
19527,0.002759,74.125.24.0-255,2902,79929,15,316564
19528,0.002761,172.31.36.0-255,66,79995,15,316564
19529,0.002765,74.125.24.0-255,1484,81479,15,316564
19530,0.002785,74.125.24.0-255,7156,88635,15,316564
19531,0.0028,74.125.24.0-255,1484,90119,15,316564
19532,0.002804,74.125.24.0-255,2543,92662,15,316564
19533,0.005063,172.31.36.0-255,66,92728,15,316564
19534,0.006318,74.125.24.0-255,1484,94212,15,316564
19535,0.00633,74.125.24.0-255,2902,97114,15,316564
19536,0.006335,172.31.36.0-255,66,97180,15,316564
19537,0.006343,74.125.24.0-255,5738,102918,15,316564
19538,0.006346,172.31.36.0-255,66,102984,15,316564
19539,0.006349,74.125.24.0-255,1484,104468,15,316564
19540,0.006392,172.31.36.0-255,66,104534,15,316564
19541,0.006398,74.125.24.0-255,4320,108854,15,316564
19542,0.0064,172.31.36.0-255,66,108920,15,316564
19543,0.006412,74.125.24.0-255,1484,110404,15,316564
19544,0.006433,74.125.24.0-255,5020,115424,15,316564
19545,0.006436,172.31.36.0-255,66,115490,15,316564
19546,0.007304,74.125.24.0-255,1484,116974,15,316564
19547,0.007313,74.125.24.0-255,2902,119876,15,316564
19548,0.007317,172.31.36.0-255,66,119942,15,316564
19549,0.007337,74.125.24.0-255,1484,121426,15,316564
19550,0.007341,74.125.24.0-255,1484,122910,15,316564
19551,0.007344,172.31.36.0-255,66,122976,15,316564
19552,0.007364,74.125.24.0-255,4320,127296,15,316564
19553,0.007367,172.31.36.0-255,66,127362,15,316564
19554,0.007409,172.31.36.0-255,66,127428,15,316564
19555,0.007428,74.125.24.0-255,1484,128912,15,316564
19556,0.007452,172.31.36.0-255,66,128978,15,316564
19557,0.00766,74.125.24.0-255,1484,130462,15,316564
19558,0.007668,74.125.24.0-255,2902,133364,15,316564
19559,0.007671,172.31.36.0-255,66,133430,15,316564
19560,0.007674,74.125.24.0-255,1484,134914,15,316564
19561,0.007697,74.125.24.0-255,4320,139234,15,316564
19562,0.007699,172.31.36.0-255,66,139300,15,316564
19563,0.007706,74.125.24.0-255,5738,145038,15,316564
19564,0.007708,172.31.36.0-255,66,145104,15,316564
19565,0.007726,74.125.24.0-255,7156,152260,15,316564
19566,0.007729,172.31.36.0-255,66,152326,15,316564
19567,0.007736,74.125.24.0-255,7156,159482,15,316564
19568,0.007739,172.31.36.0-255,66,159548,15,316564
19569,0.007772,74.125.24.0-255,3602,163150,15,316564
19570,0.007786,172.31.36.0-255,66,163216,15,316564
19571,0.007816,74.125.24.0-255,1484,164700,15,316564
19572,0.007837,74.125.24.0-255,2902,167602,15,316564
19573,0.00784,74.125.24.0-255,1484,169086,15,316564
19574,0.007845,172.31.36.0-255,66,169152,15,316564
19575,0.007861,74.125.24.0-255,4320,173472,15,316564
19576,0.007878,74.125.24.0-255,5738,179210,15,316564
19577,0.007893,74.125.24.0-255,1484,180694,15,316564
19578,0.007918,172.31.36.0-255,66,180760,15,316564
19579,0.00793,74.125.24.0-255,5738,186498,15,316564
19580,0.007935,172.31.36.0-255,66,186564,15,316564
19581,0.007948,74.125.24.0-255,2184,188748,15,316564
19582,0.007968,172.31.36.0-255,66,188814,15,316564
19583,0.007987,74.125.24.0-255,1484,190298,15,316564
19584,0.008008,74.125.24.0-255,2902,193200,15,316564
19585,0.008017,172.31.36.0-255,66,193266,15,316564
19586,0.008026,74.125.24.0-255,2902,196168,15,316564
19587,0.008031,172.31.36.0-255,66,196234,15,316564
19588,0.008058,74.125.24.0-255,7156,203390,15,316564
19589,0.008083,74.125.24.0-255,2902,206292,15,316564
19590,0.008096,74.125.24.0-255,4320,210612,15,316564
19591,0.00812,74.125.24.0-255,7156,217768,15,316564
19592,0.008124,74.125.24.0-255,2902,220670,15,316564
19593,0.00814,74.125.24.0-255,2184,222854,15,316564
19594,0.008193,74.125.24.0-255,1484,224338,15,316564
19595,0.008199,74.125.24.0-255,2902,227240,15,316564
19596,0.008205,74.125.24.0-255,5738,232978,15,316564
19597,0.008222,74.125.24.0-255,4320,237298,15,316564
19598,0.008238,74.125.24.0-255,7156,244454,15,316564
19599,0.008261,74.125.24.0-255,1484,245938,15,316564
19600,0.008264,74.125.24.0-255,1484,247422,15,316564
19601,0.008285,74.125.24.0-255,4320,251742,15,316564
19602,0.008304,74.125.24.0-255,5020,256762,15,316564
19603,0.008624,172.31.36.0-255,66,256828,15,316564
19604,0.008707,74.125.24.0-255,1484,258312,15,316564
19605,0.008715,74.125.24.0-255,2902,261214,15,316564
19606,0.008737,74.125.24.0-255,5738,266952,15,316564
19607,0.00874,74.125.24.0-255,1484,268436,15,316564
19608,0.008758,74.125.24.0-255,5738,274174,15,316564
19609,0.008798,172.31.36.0-255,66,274240,15,316564
19610,0.008821,74.125.24.0-255,2184,276424,15,316564
19611,0.008824,172.31.36.0-255,66,276490,15,316564
19612,0.008836,74.125.24.0-255,2902,279392,15,316564
19613,0.008839,74.125.24.0-255,1484,280876,15,316564
19614,0.008851,74.125.24.0-255,2902,283778,15,316564
19615,0.008857,74.125.24.0-255,5738,289516,15,316564
19616,0.008873,74.125.24.0-255,2902,292418,15,316564
19617,0.008883,172.31.36.0-255,66,292484,15,316564
19618,0.008895,74.125.24.0-255,7156,299640,15,316564
19619,0.008901,172.31.36.0-255,66,299706,15,316564
19620,0.00894,172.31.36.0-255,66,299772,15,316564
19621,0.009,74.125.24.0-255,1484,301256,15,316564
19622,0.00902,74.125.24.0-255,2902,304158,15,316564
19623,0.009028,74.125.24.0-255,5738,309896,15,316564
19624,0.009042,172.31.36.0-255,66,309962,15,316564
19625,0.009061,172.31.36.0-255,66,310028,15,316564
19626,0.009092,74.125.24.0-255,4320,314348,15,316564
19627,0.009097,172.31.36.0-255,66,314414,15,316564
19628,0.009112,74.125.24.0-255,1882,316296,15,316564
19629,0.009128,172.31.36.0-255,66,316362,15,316564
19630,0.009487,74.125.24.0-255,97,316459,15,316564
19631,0.009574,74.125.24.0-255,105,316564,15,316564
19632,0.0,172.217.194.0-255,153,153,15,139742
19633,2.2e-05,172.31.36.0-255,66,219,15,139742
19634,2.9e-05,172.217.194.0-255,1484,1703,15,139742
19635,3.4e-05,172.31.36.0-255,66,1769,15,139742
19636,3.9e-05,172.217.194.0-255,2902,4671,15,139742
19637,4.1e-05,172.31.36.0-255,66,4737,15,139742
19638,7.1e-05,172.217.194.0-255,7156,11893,15,139742
19639,7.4e-05,172.31.36.0-255,66,11959,15,139742
19640,7.8e-05,172.217.194.0-255,2103,14062,15,139742
19641,8e-05,172.31.36.0-255,66,14128,15,139742
19642,0.000406,172.217.194.0-255,1484,15612,15,139742
19643,0.000412,172.31.36.0-255,66,15678,15,139742
19644,0.000417,172.217.194.0-255,2902,18580,15,139742
19645,0.000421,172.31.36.0-255,66,18646,15,139742
19646,0.000427,172.217.194.0-255,5738,24384,15,139742
19647,0.000429,172.31.36.0-255,66,24450,15,139742
19648,0.00047,172.217.194.0-255,6797,31247,15,139742
19649,0.000476,172.31.36.0-255,66,31313,15,139742
19650,0.000598,172.217.194.0-255,1484,32797,15,139742
19651,0.000603,172.31.36.0-255,66,32863,15,139742
19652,0.000624,172.217.194.0-255,2902,35765,15,139742
19653,0.000627,172.31.36.0-255,66,35831,15,139742
19654,0.000634,172.217.194.0-255,5738,41569,15,139742
19655,0.000637,172.31.36.0-255,66,41635,15,139742
19656,0.000674,172.31.36.0-255,66,41701,15,139742
19657,0.000686,172.31.36.0-255,66,41767,15,139742
19658,0.000703,172.217.194.0-255,342,42109,15,139742
19659,0.000708,172.31.36.0-255,66,42175,15,139742
19660,0.00081,172.217.194.0-255,119,42294,15,139742
19661,0.000815,172.31.36.0-255,66,42360,15,139742
19662,0.000833,172.217.194.0-255,380,42740,15,139742
19663,0.001133,172.217.194.0-255,1484,44224,15,139742
19664,0.001138,172.31.36.0-255,66,44290,15,139742
19665,0.001144,172.217.194.0-255,2902,47192,15,139742
19666,0.001146,172.31.36.0-255,66,47258,15,139742
19667,0.001152,172.217.194.0-255,5738,52996,15,139742
19668,0.001155,172.31.36.0-255,66,53062,15,139742
19669,0.001201,172.31.36.0-255,66,53128,15,139742
19670,0.001208,172.217.194.0-255,7156,60284,15,139742
19671,0.00121,172.31.36.0-255,66,60350,15,139742
19672,0.001234,172.217.194.0-255,3602,63952,15,139742
19673,0.001238,172.31.36.0-255,66,64018,15,139742
19674,0.001819,172.217.194.0-255,1484,65502,15,139742
19675,0.001829,172.217.194.0-255,2902,68404,15,139742
19676,0.001833,172.31.36.0-255,66,68470,15,139742
19677,0.001838,172.217.194.0-255,1484,69954,15,139742
19678,0.001855,172.217.194.0-255,1484,71438,15,139742
19679,0.001858,172.31.36.0-255,66,71504,15,139742
19680,0.001866,172.217.194.0-255,7156,78660,15,139742
19681,0.001868,172.31.36.0-255,66,78726,15,139742
19682,0.001912,172.31.36.0-255,66,78792,15,139742
19683,0.001933,172.217.194.0-255,5738,84530,15,139742
19684,0.001935,172.31.36.0-255,66,84596,15,139742
19685,0.001958,172.217.194.0-255,3602,88198,15,139742
19686,0.001961,172.31.36.0-255,66,88264,15,139742
19687,0.00222,172.217.194.0-255,1484,89748,15,139742
19688,0.002228,172.217.194.0-255,2902,92650,15,139742
19689,0.002233,172.31.36.0-255,66,92716,15,139742
19690,0.002277,172.217.194.0-255,1484,94200,15,139742
19691,0.002297,172.217.194.0-255,4320,98520,15,139742
19692,0.0023,172.31.36.0-255,66,98586,15,139742
19693,0.002303,172.217.194.0-255,1484,100070,15,139742
19694,0.002316,172.31.36.0-255,66,100136,15,139742
19695,0.002321,172.217.194.0-255,4320,104456,15,139742
19696,0.002323,172.31.36.0-255,66,104522,15,139742
19697,0.002373,172.31.36.0-255,66,104588,15,139742
19698,0.002393,172.217.194.0-255,7156,111744,15,139742
19699,0.002397,172.31.36.0-255,66,111810,15,139742
19700,0.002421,172.217.194.0-255,2902,114712,15,139742
19701,0.002424,172.31.36.0-255,66,114778,15,139742
19702,0.002435,172.31.36.0-255,66,114844,15,139742
19703,0.002459,172.217.194.0-255,2902,117746,15,139742
19704,0.002461,172.31.36.0-255,66,117812,15,139742
19705,0.002489,172.31.36.0-255,66,117878,15,139742
19706,0.00251,172.217.194.0-255,1484,119362,15,139742
19707,0.002515,172.217.194.0-255,2902,122264,15,139742
19708,0.002517,172.31.36.0-255,66,122330,15,139742
19709,0.004968,172.217.194.0-255,1484,123814,15,139742
19710,0.005029,172.217.194.0-255,4320,128134,15,139742
19711,0.005034,172.31.36.0-255,66,128200,15,139742
19712,0.007502,172.217.194.0-255,5738,133938,15,139742
19713,0.007507,172.31.36.0-255,66,134004,15,139742
19714,0.009999,172.217.194.0-255,5738,139742,15,139742
19715,0.0,172.253.118.0-255,149,149,15,186479
19716,2.2e-05,172.31.36.0-255,66,215,15,186479
19717,2.8e-05,172.253.118.0-255,1484,1699,15,186479
19718,3.3e-05,172.31.36.0-255,66,1765,15,186479
19719,3.9e-05,172.253.118.0-255,2902,4667,15,186479
19720,4.2e-05,172.31.36.0-255,66,4733,15,186479
19721,5e-05,172.253.118.0-255,7156,11889,15,186479
19722,5.2e-05,172.31.36.0-255,66,11955,15,186479
19723,9.8e-05,172.253.118.0-255,2102,14057,15,186479
19724,0.0001,172.31.36.0-255,66,14123,15,186479
19725,0.00015,172.253.118.0-255,1484,15607,15,186479
19726,0.000153,172.31.36.0-255,66,15673,15,186479
19727,0.000157,172.253.118.0-255,2902,18575,15,186479
19728,0.00016,172.31.36.0-255,66,18641,15,186479
19729,0.000185,172.253.118.0-255,5738,24379,15,186479
19730,0.000188,172.31.36.0-255,66,24445,15,186479
19731,0.000217,172.253.118.0-255,6797,31242,15,186479
19732,0.00022,172.31.36.0-255,66,31308,15,186479
19733,0.000227,172.253.118.0-255,7156,38464,15,186479
19734,0.000229,172.31.36.0-255,66,38530,15,186479
19735,0.000265,172.253.118.0-255,4320,42850,15,186479
19736,0.000268,172.31.36.0-255,66,42916,15,186479
19737,0.000284,172.253.118.0-255,5379,48295,15,186479
19738,0.000286,172.31.36.0-255,66,48361,15,186479
19739,0.00042,172.253.118.0-255,1484,49845,15,186479
19740,0.000424,172.31.36.0-255,66,49911,15,186479
19741,0.000429,172.253.118.0-255,2902,52813,15,186479
19742,0.000432,172.31.36.0-255,66,52879,15,186479
19743,0.000437,172.253.118.0-255,4320,57199,15,186479
19744,0.000439,172.31.36.0-255,66,57265,15,186479
19745,0.000457,172.253.118.0-255,1484,58749,15,186479
19746,0.000459,172.31.36.0-255,66,58815,15,186479
19747,0.000465,172.253.118.0-255,6797,65612,15,186479
19748,0.000468,172.31.36.0-255,66,65678,15,186479
19749,0.000503,172.253.118.0-255,363,66041,15,186479
19750,0.000589,172.253.118.0-255,381,66422,15,186479
19751,0.00074,172.253.118.0-255,1484,67906,15,186479
19752,0.000744,172.31.36.0-255,66,67972,15,186479
19753,0.00075,172.253.118.0-255,2902,70874,15,186479
19754,0.000752,172.31.36.0-255,66,70940,15,186479
19755,0.000756,172.253.118.0-255,2902,73842,15,186479
19756,0.000758,172.31.36.0-255,66,73908,15,186479
19757,0.000781,172.253.118.0-255,2902,76810,15,186479
19758,0.000783,172.31.36.0-255,66,76876,15,186479
19759,0.000815,172.253.118.0-255,4320,81196,15,186479
19760,0.000818,172.31.36.0-255,66,81262,15,186479
19761,0.000839,172.253.118.0-255,2543,83805,15,186479
19762,0.000841,172.31.36.0-255,66,83871,15,186479
19763,0.000848,172.253.118.0-255,7156,91027,15,186479
19764,0.000849,172.31.36.0-255,66,91093,15,186479
19765,0.000867,172.253.118.0-255,1484,92577,15,186479
19766,0.000889,172.31.36.0-255,66,92643,15,186479
19767,0.001209,172.253.118.0-255,1484,94127,15,186479
19768,0.001214,172.253.118.0-255,2902,97029,15,186479
19769,0.001217,172.31.36.0-255,66,97095,15,186479
19770,0.001235,172.253.118.0-255,5738,102833,15,186479
19771,0.001237,172.31.36.0-255,66,102899,15,186479
19772,0.001263,172.31.36.0-255,66,102965,15,186479
19773,0.001284,172.253.118.0-255,4320,107285,15,186479
19774,0.001294,172.31.36.0-255,66,107351,15,186479
19775,0.001301,172.31.36.0-255,66,107417,15,186479
19776,0.001328,172.253.118.0-255,2184,109601,15,186479
19777,0.001331,172.31.36.0-255,66,109667,15,186479
19778,0.001431,172.253.118.0-255,1484,111151,15,186479
19779,0.001437,172.253.118.0-255,2902,114053,15,186479
19780,0.00144,172.31.36.0-255,66,114119,15,186479
19781,0.001465,172.253.118.0-255,5738,119857,15,186479
19782,0.001468,172.31.36.0-255,66,119923,15,186479
19783,0.001475,172.253.118.0-255,7156,127079,15,186479
19784,0.001478,172.31.36.0-255,66,127145,15,186479
19785,0.001526,172.31.36.0-255,66,127211,15,186479
19786,0.001544,172.253.118.0-255,4320,131531,15,186479
19787,0.001546,172.31.36.0-255,66,131597,15,186479
19788,0.001551,172.253.118.0-255,2184,133781,15,186479
19789,0.001553,172.31.36.0-255,66,133847,15,186479
19790,0.001818,172.253.118.0-255,1484,135331,15,186479
19791,0.001835,172.253.118.0-255,2902,138233,15,186479
19792,0.00184,172.31.36.0-255,66,138299,15,186479
19793,0.001859,172.253.118.0-255,5738,144037,15,186479
19794,0.001861,172.31.36.0-255,66,144103,15,186479
19795,0.001886,172.253.118.0-255,5738,149841,15,186479
19796,0.001891,172.31.36.0-255,66,149907,15,186479
19797,0.001904,172.253.118.0-255,7156,157063,15,186479
19798,0.001906,172.31.36.0-255,66,157129,15,186479
19799,0.001931,172.253.118.0-255,2902,160031,15,186479
19800,0.001933,172.31.36.0-255,66,160097,15,186479
19801,0.001963,172.31.36.0-255,66,160163,15,186479
19802,0.001984,172.253.118.0-255,2902,163065,15,186479
19803,0.001986,172.31.36.0-255,66,163131,15,186479
19804,0.002013,172.31.36.0-255,66,163197,15,186479
19805,0.002026,172.31.36.0-255,66,163263,15,186479
19806,0.002057,172.253.118.0-255,5738,169001,15,186479
19807,0.00206,172.31.36.0-255,66,169067,15,186479
19808,0.004073,172.253.118.0-255,5738,174805,15,186479
19809,0.004079,172.31.36.0-255,66,174871,15,186479
19810,0.006101,172.253.118.0-255,5738,180609,15,186479
19811,0.006105,172.31.36.0-255,66,180675,15,186479
19812,0.008151,172.253.118.0-255,5738,186413,15,186479
19813,0.008157,172.31.36.0-255,66,186479,15,186479
19814,0.0,74.125.68.0-255,152,152,15,246810
19815,3.3e-05,172.31.36.0-255,66,218,15,246810
19816,4e-05,74.125.68.0-255,1484,1702,15,246810
19817,4.4e-05,172.31.36.0-255,66,1768,15,246810
19818,6.7e-05,74.125.68.0-255,1484,3252,15,246810
19819,6.9e-05,172.31.36.0-255,66,3318,15,246810
19820,7.8e-05,74.125.68.0-255,2902,6220,15,246810
19821,8e-05,172.31.36.0-255,66,6286,15,246810
19822,8.7e-05,74.125.68.0-255,5738,12024,15,246810
19823,8.9e-05,172.31.36.0-255,66,12090,15,246810
19824,9.2e-05,74.125.68.0-255,2073,14163,15,246810
19825,9.5e-05,172.31.36.0-255,66,14229,15,246810
19826,0.000122,74.125.68.0-255,2902,17131,15,246810
19827,0.000124,172.31.36.0-255,66,17197,15,246810
19828,0.000139,74.125.68.0-255,1484,18681,15,246810
19829,0.000142,172.31.36.0-255,66,18747,15,246810
19830,0.000173,74.125.68.0-255,5738,24485,15,246810
19831,0.000178,172.31.36.0-255,66,24551,15,246810
19832,0.000183,74.125.68.0-255,2902,27453,15,246810
19833,0.000186,172.31.36.0-255,66,27519,15,246810
19834,0.000223,74.125.68.0-255,3961,31480,15,246810
19835,0.000226,172.31.36.0-255,66,31546,15,246810
19836,0.000285,74.125.68.0-255,1484,33030,15,246810
19837,0.000288,172.31.36.0-255,66,33096,15,246810
19838,0.000304,74.125.68.0-255,1484,34580,15,246810
19839,0.000311,172.31.36.0-255,66,34646,15,246810
19840,0.000316,74.125.68.0-255,2902,37548,15,246810
19841,0.000319,172.31.36.0-255,66,37614,15,246810
19842,0.000347,74.125.68.0-255,5738,43352,15,246810
19843,0.00035,172.31.36.0-255,66,43418,15,246810
19844,0.000356,74.125.68.0-255,4320,47738,15,246810
19845,0.000364,172.31.36.0-255,66,47804,15,246810
19846,0.000405,74.125.68.0-255,2543,50347,15,246810
19847,0.000413,172.31.36.0-255,66,50413,15,246810
19848,0.000421,74.125.68.0-255,1484,51897,15,246810
19849,0.000442,74.125.68.0-255,1484,53381,15,246810
19850,0.000449,74.125.68.0-255,5738,59119,15,246810
19851,0.000457,172.31.36.0-255,66,59185,15,246810
19852,0.000466,74.125.68.0-255,1484,60669,15,246810
19853,0.000475,74.125.68.0-255,2902,63571,15,246810
19854,0.000481,172.31.36.0-255,66,63637,15,246810
19855,0.000505,74.125.68.0-255,2810,66447,15,246810
19856,0.000508,172.31.36.0-255,66,66513,15,246810
19857,0.00071,74.125.68.0-255,387,66900,15,246810
19858,0.000828,172.31.36.0-255,66,66966,15,246810
19859,0.001255,74.125.68.0-255,1484,68450,15,246810
19860,0.001265,74.125.68.0-255,1484,69934,15,246810
19861,0.001268,74.125.68.0-255,1484,71418,15,246810
19862,0.001284,74.125.68.0-255,1484,72902,15,246810
19863,0.001296,74.125.68.0-255,1484,74386,15,246810
19864,0.00131,74.125.68.0-255,4320,78706,15,246810
19865,0.001314,74.125.68.0-255,2902,81608,15,246810
19866,0.001332,74.125.68.0-255,4320,85928,15,246810
19867,0.001365,74.125.68.0-255,1484,87412,15,246810
19868,0.001385,74.125.68.0-255,5020,92432,15,246810
19869,0.001471,74.125.68.0-255,1484,93916,15,246810
19870,0.001475,74.125.68.0-255,1484,95400,15,246810
19871,0.001489,74.125.68.0-255,1484,96884,15,246810
19872,0.001492,74.125.68.0-255,1484,98368,15,246810
19873,0.00151,74.125.68.0-255,4320,102688,15,246810
19874,0.001534,74.125.68.0-255,7156,109844,15,246810
19875,0.001564,74.125.68.0-255,1484,111328,15,246810
19876,0.001581,74.125.68.0-255,6438,117766,15,246810
19877,0.001642,74.125.68.0-255,7156,124922,15,246810
19878,0.001647,74.125.68.0-255,5738,130660,15,246810
19879,0.001661,74.125.68.0-255,2902,133562,15,246810
19880,0.001679,74.125.68.0-255,4320,137882,15,246810
19881,0.001691,74.125.68.0-255,5020,142902,15,246810
19882,0.00171,74.125.68.0-255,4320,147222,15,246810
19883,0.001729,74.125.68.0-255,5738,152960,15,246810
19884,0.001733,74.125.68.0-255,2902,155862,15,246810
19885,0.001745,74.125.68.0-255,1484,157346,15,246810
19886,0.001768,74.125.68.0-255,2902,160248,15,246810
19887,0.001798,74.125.68.0-255,3602,163850,15,246810
19888,0.001839,74.125.68.0-255,4320,168170,15,246810
19889,0.001894,74.125.68.0-255,5738,173908,15,246810
19890,0.001899,74.125.68.0-255,5738,179646,15,246810
19891,0.001935,74.125.68.0-255,1484,181130,15,246810
19892,0.001974,74.125.68.0-255,3602,184732,15,246810
19893,0.00199,74.125.68.0-255,2902,187634,15,246810
19894,0.002009,74.125.68.0-255,7156,194790,15,246810
19895,0.002029,74.125.68.0-255,5738,200528,15,246810
19896,0.002034,74.125.68.0-255,3602,204130,15,246810
19897,0.002057,74.125.68.0-255,4320,208450,15,246810
19898,0.002078,74.125.68.0-255,2902,211352,15,246810
19899,0.002121,74.125.68.0-255,2902,214254,15,246810
19900,0.002125,74.125.68.0-255,3602,217856,15,246810
19901,0.002138,74.125.68.0-255,1484,219340,15,246810
19902,0.002159,74.125.68.0-255,7156,226496,15,246810
19903,0.002161,74.125.68.0-255,1484,227980,15,246810
19904,0.002248,74.125.68.0-255,2902,230882,15,246810
19905,0.002283,74.125.68.0-255,7156,238038,15,246810
19906,0.002297,74.125.68.0-255,2902,240940,15,246810
19907,0.006923,172.31.36.0-255,66,241006,15,246810
19908,0.009198,74.125.68.0-255,5738,246744,15,246810
19909,0.009205,172.31.36.0-255,66,246810,15,246810
19910,0.0,74.125.24.0-255,150,150,15,196053
19911,1.5e-05,172.31.36.0-255,66,216,15,196053
19912,2.3e-05,74.125.24.0-255,1484,1700,15,196053
19913,2.7e-05,172.31.36.0-255,66,1766,15,196053
19914,3.3e-05,74.125.24.0-255,2902,4668,15,196053
19915,3.6e-05,172.31.36.0-255,66,4734,15,196053
19916,4.4e-05,74.125.24.0-255,7156,11890,15,196053
19917,4.8e-05,172.31.36.0-255,66,11956,15,196053
19918,5.2e-05,74.125.24.0-255,2089,14045,15,196053
19919,5.4e-05,172.31.36.0-255,66,14111,15,196053
19920,8.2e-05,74.125.24.0-255,2902,17013,15,196053
19921,8.5e-05,172.31.36.0-255,66,17079,15,196053
19922,0.000111,74.125.24.0-255,7156,24235,15,196053
19923,0.000114,172.31.36.0-255,66,24301,15,196053
19924,0.000119,74.125.24.0-255,4320,28621,15,196053
19925,0.000121,172.31.36.0-255,66,28687,15,196053
19926,0.000159,74.125.24.0-255,2543,31230,15,196053
19927,0.000163,172.31.36.0-255,66,31296,15,196053
19928,0.000251,74.125.24.0-255,1484,32780,15,196053
19929,0.000255,172.31.36.0-255,66,32846,15,196053
19930,0.000277,74.125.24.0-255,2902,35748,15,196053
19931,0.00028,172.31.36.0-255,66,35814,15,196053
19932,0.000286,74.125.24.0-255,5738,41552,15,196053
19933,0.000288,172.31.36.0-255,66,41618,15,196053
19934,0.000312,74.125.24.0-255,1484,43102,15,196053
19935,0.000314,172.31.36.0-255,66,43168,15,196053
19936,0.000343,74.125.24.0-255,5379,48547,15,196053
19937,0.000346,172.31.36.0-255,66,48613,15,196053
19938,0.000353,74.125.24.0-255,7156,55769,15,196053
19939,0.000355,172.31.36.0-255,66,55835,15,196053
19940,0.000385,172.31.36.0-255,66,55901,15,196053
19941,0.000691,74.125.24.0-255,129,56030,15,196053
19942,0.000874,74.125.24.0-255,1484,57514,15,196053
19943,0.000879,172.31.36.0-255,66,57580,15,196053
19944,0.000885,74.125.24.0-255,2902,60482,15,196053
19945,0.000901,74.125.24.0-255,5738,66220,15,196053
19946,0.000905,172.31.36.0-255,66,66286,15,196053
19947,0.000909,172.31.36.0-255,66,66352,15,196053
19948,0.000931,74.125.24.0-255,1484,67836,15,196053
19949,0.000946,74.125.24.0-255,4320,72156,15,196053
19950,0.000952,172.31.36.0-255,66,72222,15,196053
19951,0.00098,74.125.24.0-255,1484,73706,15,196053
19952,0.000989,172.31.36.0-255,66,73772,15,196053
19953,0.001027,172.31.36.0-255,66,73838,15,196053
19954,0.002138,74.125.24.0-255,1484,75322,15,196053
19955,0.002149,74.125.24.0-255,2902,78224,15,196053
19956,0.002153,172.31.36.0-255,66,78290,15,196053
19957,0.002159,74.125.24.0-255,1484,79774,15,196053
19958,0.002163,74.125.24.0-255,2902,82676,15,196053
19959,0.002177,74.125.24.0-255,2902,85578,15,196053
19960,0.002195,74.125.24.0-255,2902,88480,15,196053
19961,0.002231,74.125.24.0-255,6438,94918,15,196053
19962,0.002276,74.125.24.0-255,2902,97820,15,196053
19963,0.002315,74.125.24.0-255,2902,100722,15,196053
19964,0.002329,74.125.24.0-255,7156,107878,15,196053
19965,0.00235,74.125.24.0-255,1484,109362,15,196053
19966,0.002355,74.125.24.0-255,4320,113682,15,196053
19967,0.002358,74.125.24.0-255,1484,115166,15,196053
19968,0.002364,74.125.24.0-255,5020,120186,15,196053
19969,0.002952,74.125.24.0-255,1484,121670,15,196053
19970,0.002959,74.125.24.0-255,2902,124572,15,196053
19971,0.002963,74.125.24.0-255,1484,126056,15,196053
19972,0.002976,74.125.24.0-255,1484,127540,15,196053
19973,0.003037,74.125.24.0-255,7156,134696,15,196053
19974,0.003081,74.125.24.0-255,2184,136880,15,196053
19975,0.003246,74.125.24.0-255,1484,138364,15,196053
19976,0.003251,74.125.24.0-255,2902,141266,15,196053
19977,0.003256,74.125.24.0-255,2902,144168,15,196053
19978,0.003273,74.125.24.0-255,2902,147070,15,196053
19979,0.003276,74.125.24.0-255,1484,148554,15,196053
19980,0.003325,74.125.24.0-255,7156,155710,15,196053
19981,0.003393,74.125.24.0-255,5738,161448,15,196053
19982,0.003499,74.125.24.0-255,1484,162932,15,196053
19983,0.003553,74.125.24.0-255,1484,164416,15,196053
19984,0.003593,74.125.24.0-255,5738,170154,15,196053
19985,0.003682,74.125.24.0-255,1484,171638,15,196053
19986,0.003687,74.125.24.0-255,2902,174540,15,196053
19987,0.003693,74.125.24.0-255,5738,180278,15,196053
19988,0.003697,74.125.24.0-255,2902,183180,15,196053
19989,0.003723,74.125.24.0-255,5738,188918,15,196053
19990,0.003742,74.125.24.0-255,4320,193238,15,196053
19991,0.003746,74.125.24.0-255,2376,195614,15,196053
19992,0.003776,74.125.24.0-255,97,195711,15,196053
19993,0.003851,74.125.24.0-255,105,195816,15,196053
19994,0.004232,172.31.36.0-255,66,195882,15,196053
19995,0.007935,172.31.36.0-255,105,195987,15,196053
19996,0.009879,74.125.24.0-255,66,196053,15,196053
19997,0.0,74.125.68.0-255,66,66,15,66
19998,0.0,74.125.24.0-255,152,152,15,189756
19999,2.4e-05,172.31.36.0-255,66,218,15,189756
20000,3.1e-05,74.125.24.0-255,1484,1702,15,189756
20001,3.5e-05,172.31.36.0-255,66,1768,15,189756
20002,4.2e-05,74.125.24.0-255,2902,4670,15,189756
20003,4.5e-05,172.31.36.0-255,66,4736,15,189756
20004,5e-05,74.125.24.0-255,2902,7638,15,189756
20005,5.3e-05,172.31.36.0-255,66,7704,15,189756
20006,8.3e-05,74.125.24.0-255,6319,14023,15,189756
20007,8.6e-05,172.31.36.0-255,66,14089,15,189756
20008,0.000108,74.125.24.0-255,5738,19827,15,189756
20009,0.000111,172.31.36.0-255,66,19893,15,189756
20010,0.000131,74.125.24.0-255,1484,21377,15,189756
20011,0.000133,172.31.36.0-255,66,21443,15,189756
20012,0.000141,74.125.24.0-255,7156,28599,15,189756
20013,0.000144,172.31.36.0-255,66,28665,15,189756
20014,0.00018,74.125.24.0-255,2543,31208,15,189756
20015,0.000182,172.31.36.0-255,66,31274,15,189756
20016,0.000415,74.125.24.0-255,1484,32758,15,189756
20017,0.000422,172.31.36.0-255,66,32824,15,189756
20018,0.000428,74.125.24.0-255,2902,35726,15,189756
20019,0.000431,172.31.36.0-255,66,35792,15,189756
20020,0.000454,74.125.24.0-255,5738,41530,15,189756
20021,0.000456,172.31.36.0-255,66,41596,15,189756
20022,0.000491,74.125.24.0-255,6797,48393,15,189756
20023,0.000494,172.31.36.0-255,66,48459,15,189756
20024,0.000562,172.31.36.0-255,66,48525,15,189756
20025,0.000566,74.125.24.0-255,2852,51377,15,189756
20026,0.000569,172.31.36.0-255,66,51443,15,189756
20027,0.000572,74.125.24.0-255,112,51555,15,189756
20028,0.000574,172.31.36.0-255,66,51621,15,189756
20029,0.000586,74.125.24.0-255,330,51951,15,189756
20030,0.00095,74.125.24.0-255,1484,53435,15,189756
20031,0.000956,172.31.36.0-255,66,53501,15,189756
20032,0.000978,74.125.24.0-255,2902,56403,15,189756
20033,0.000981,172.31.36.0-255,66,56469,15,189756
20034,0.000987,74.125.24.0-255,4320,60789,15,189756
20035,0.00099,172.31.36.0-255,66,60855,15,189756
20036,0.001006,74.125.24.0-255,1484,62339,15,189756
20037,0.001018,172.31.36.0-255,66,62405,15,189756
20038,0.001071,74.125.24.0-255,5738,68143,15,189756
20039,0.001076,172.31.36.0-255,66,68209,15,189756
20040,0.001105,172.31.36.0-255,66,68275,15,189756
20041,0.001352,172.31.36.0-255,101,68376,15,189756
20042,0.00145,74.125.24.0-255,1484,69860,15,189756
20043,0.001455,74.125.24.0-255,1484,71344,15,189756
20044,0.001458,172.31.36.0-255,66,71410,15,189756
20045,0.001476,74.125.24.0-255,1484,72894,15,189756
20046,0.001482,74.125.24.0-255,5738,78632,15,189756
20047,0.001485,172.31.36.0-255,66,78698,15,189756
20048,0.001508,74.125.24.0-255,7156,85854,15,189756
20049,0.001511,172.31.36.0-255,66,85920,15,189756
20050,0.001534,74.125.24.0-255,5738,91658,15,189756
20051,0.001536,172.31.36.0-255,66,91724,15,189756
20052,0.001549,172.31.36.0-255,66,91790,15,189756
20053,0.001642,74.125.24.0-255,1484,93274,15,189756
20054,0.001648,74.125.24.0-255,2902,96176,15,189756
20055,0.001651,172.31.36.0-255,66,96242,15,189756
20056,0.001665,74.125.24.0-255,4320,100562,15,189756
20057,0.001667,172.31.36.0-255,66,100628,15,189756
20058,0.001691,74.125.24.0-255,1484,102112,15,189756
20059,0.001695,74.125.24.0-255,1484,103596,15,189756
20060,0.001697,172.31.36.0-255,66,103662,15,189756
20061,0.001731,172.31.36.0-255,66,103728,15,189756
20062,0.001736,74.125.24.0-255,2902,106630,15,189756
20063,0.001738,172.31.36.0-255,66,106696,15,189756
20064,0.001766,172.31.36.0-255,66,106762,15,189756
20065,0.001788,74.125.24.0-255,4320,111082,15,189756
20066,0.001791,172.31.36.0-255,66,111148,15,189756
20067,0.001828,172.31.36.0-255,66,111214,15,189756
20068,0.001843,172.31.36.0-255,66,111280,15,189756
20069,0.001866,74.125.24.0-255,2184,113464,15,189756
20070,0.001869,172.31.36.0-255,66,113530,15,189756
20071,0.001962,74.125.24.0-255,1484,115014,15,189756
20072,0.001968,74.125.24.0-255,2902,117916,15,189756
20073,0.001972,172.31.36.0-255,66,117982,15,189756
20074,0.001993,74.125.24.0-255,5738,123720,15,189756
20075,0.001996,172.31.36.0-255,66,123786,15,189756
20076,0.002017,74.125.24.0-255,4320,128106,15,189756
20077,0.00202,172.31.36.0-255,66,128172,15,189756
20078,0.002052,172.31.36.0-255,66,128238,15,189756
20079,0.002087,74.125.24.0-255,7156,135394,15,189756
20080,0.00209,172.31.36.0-255,66,135460,15,189756
20081,0.002108,74.125.24.0-255,3602,139062,15,189756
20082,0.00211,172.31.36.0-255,66,139128,15,189756
20083,0.002335,74.125.24.0-255,1484,140612,15,189756
20084,0.002351,74.125.24.0-255,2902,143514,15,189756
20085,0.002354,172.31.36.0-255,66,143580,15,189756
20086,0.002362,74.125.24.0-255,5738,149318,15,189756
20087,0.002364,172.31.36.0-255,66,149384,15,189756
20088,0.002408,172.31.36.0-255,66,149450,15,189756
20089,0.002426,74.125.24.0-255,1484,150934,15,189756
20090,0.002439,74.125.24.0-255,2902,153836,15,189756
20091,0.002442,172.31.36.0-255,66,153902,15,189756
20092,0.002467,74.125.24.0-255,6438,160340,15,189756
20093,0.00247,172.31.36.0-255,66,160406,15,189756
20094,0.002489,74.125.24.0-255,4320,164726,15,189756
20095,0.002507,172.31.36.0-255,66,164792,15,189756
20096,0.00253,74.125.24.0-255,7156,171948,15,189756
20097,0.002534,172.31.36.0-255,66,172014,15,189756
20098,0.002547,172.31.36.0-255,66,172080,15,189756
20099,0.002554,74.125.24.0-255,5738,177818,15,189756
20100,0.002556,172.31.36.0-255,66,177884,15,189756
20101,0.002607,172.31.36.0-255,66,177950,15,189756
20102,0.00262,172.31.36.0-255,66,178016,15,189756
20103,0.002649,172.31.36.0-255,66,178082,15,189756
20104,0.003877,74.125.24.0-255,66,178148,15,189756
20105,0.005199,74.125.24.0-255,5738,183886,15,189756
20106,0.005205,172.31.36.0-255,66,183952,15,189756
20107,0.00775,74.125.24.0-255,5738,189690,15,189756
20108,0.007754,172.31.36.0-255,66,189756,15,189756
20109,0.0,74.125.68.0-255,143,143,15,150682
20110,3.2e-05,172.31.36.0-255,66,209,15,150682
20111,3.9e-05,74.125.68.0-255,1484,1693,15,150682
20112,4.4e-05,172.31.36.0-255,66,1759,15,150682
20113,4.9e-05,74.125.68.0-255,2902,4661,15,150682
20114,5.9e-05,172.31.36.0-255,66,4727,15,150682
20115,6.6e-05,74.125.68.0-255,7156,11883,15,150682
20116,7e-05,172.31.36.0-255,66,11949,15,150682
20117,9.8e-05,74.125.68.0-255,2065,14014,15,150682
20118,0.000101,172.31.36.0-255,66,14080,15,150682
20119,0.000163,74.125.68.0-255,1484,15564,15,150682
20120,0.000168,172.31.36.0-255,66,15630,15,150682
20121,0.000196,74.125.68.0-255,2902,18532,15,150682
20122,0.0002,172.31.36.0-255,66,18598,15,150682
20123,0.000206,74.125.68.0-255,5738,24336,15,150682
20124,0.000209,172.31.36.0-255,66,24402,15,150682
20125,0.000213,74.125.68.0-255,2902,27304,15,150682
20126,0.00022,172.31.36.0-255,66,27370,15,150682
20127,0.000226,74.125.68.0-255,3961,31331,15,150682
20128,0.000229,172.31.36.0-255,66,31397,15,150682
20129,0.00026,74.125.68.0-255,4320,35717,15,150682
20130,0.000264,172.31.36.0-255,66,35783,15,150682
20131,0.000292,74.125.68.0-255,5738,41521,15,150682
20132,0.000296,172.31.36.0-255,66,41587,15,150682
20133,0.000316,74.125.68.0-255,6797,48384,15,150682
20134,0.000319,172.31.36.0-255,66,48450,15,150682
20135,0.001038,74.125.68.0-255,1484,49934,15,150682
20136,0.001043,172.31.36.0-255,66,50000,15,150682
20137,0.001052,74.125.68.0-255,1484,51484,15,150682
20138,0.001054,172.31.36.0-255,66,51550,15,150682
20139,0.001065,74.125.68.0-255,2902,54452,15,150682
20140,0.001067,172.31.36.0-255,66,54518,15,150682
20141,0.0011,74.125.68.0-255,5738,60256,15,150682
20142,0.001103,172.31.36.0-255,66,60322,15,150682
20143,0.00111,74.125.68.0-255,4320,64642,15,150682
20144,0.001112,172.31.36.0-255,66,64708,15,150682
20145,0.001171,172.31.36.0-255,66,64774,15,150682
20146,0.001226,74.125.68.0-255,5959,70733,15,150682
20147,0.001231,172.31.36.0-255,66,70799,15,150682
20148,0.001235,74.125.68.0-255,1484,72283,15,150682
20149,0.001262,74.125.68.0-255,5738,78021,15,150682
20150,0.001265,172.31.36.0-255,66,78087,15,150682
20151,0.001271,74.125.68.0-255,5738,83825,15,150682
20152,0.001274,172.31.36.0-255,66,83891,15,150682
20153,0.001307,74.125.68.0-255,3961,87852,15,150682
20154,0.001309,172.31.36.0-255,66,87918,15,150682
20155,0.001882,74.125.68.0-255,1484,89402,15,150682
20156,0.001897,74.125.68.0-255,2902,92304,15,150682
20157,0.0019,172.31.36.0-255,66,92370,15,150682
20158,0.001903,74.125.68.0-255,1484,93854,15,150682
20159,0.001921,74.125.68.0-255,1484,95338,15,150682
20160,0.001924,172.31.36.0-255,66,95404,15,150682
20161,0.001929,74.125.68.0-255,4320,99724,15,150682
20162,0.001931,172.31.36.0-255,66,99790,15,150682
20163,0.00195,74.125.68.0-255,4320,104110,15,150682
20164,0.001953,172.31.36.0-255,66,104176,15,150682
20165,0.001975,74.125.68.0-255,4320,108496,15,150682
20166,0.001977,172.31.36.0-255,66,108562,15,150682
20167,0.001982,74.125.68.0-255,4320,112882,15,150682
20168,0.001984,172.31.36.0-255,66,112948,15,150682
20169,0.001989,74.125.68.0-255,4320,117268,15,150682
20170,0.001991,172.31.36.0-255,66,117334,15,150682
20171,0.002021,74.125.68.0-255,1484,118818,15,150682
20172,0.002026,74.125.68.0-255,3602,122420,15,150682
20173,0.002028,172.31.36.0-255,66,122486,15,150682
20174,0.002213,74.125.68.0-255,1484,123970,15,150682
20175,0.002236,74.125.68.0-255,2902,126872,15,150682
20176,0.002239,172.31.36.0-255,66,126938,15,150682
20177,0.002262,74.125.68.0-255,2902,129840,15,150682
20178,0.002265,172.31.36.0-255,66,129906,15,150682
20179,0.002282,74.125.68.0-255,2902,132808,15,150682
20180,0.002284,172.31.36.0-255,66,132874,15,150682
20181,0.004491,74.125.68.0-255,2902,135776,15,150682
20182,0.004496,172.31.36.0-255,66,135842,15,150682
20183,0.004519,74.125.68.0-255,2902,138744,15,150682
20184,0.004522,172.31.36.0-255,66,138810,15,150682
20185,0.006751,74.125.68.0-255,2902,141712,15,150682
20186,0.006758,172.31.36.0-255,66,141778,15,150682
20187,0.006799,74.125.68.0-255,2902,144680,15,150682
20188,0.006803,172.31.36.0-255,66,144746,15,150682
20189,0.009002,74.125.68.0-255,2902,147648,15,150682
20190,0.009011,172.31.36.0-255,66,147714,15,150682
20191,0.009067,74.125.68.0-255,2902,150616,15,150682
20192,0.009072,172.31.36.0-255,66,150682,15,150682
20193,0.0,172.217.160.0-255,153,153,15,105937
20194,3.3e-05,172.31.36.0-255,66,219,15,105937
20195,4e-05,172.217.160.0-255,1484,1703,15,105937
20196,4.6e-05,172.31.36.0-255,66,1769,15,105937
20197,5.1e-05,172.217.160.0-255,2902,4671,15,105937
20198,5.4e-05,172.31.36.0-255,66,4737,15,105937
20199,5.8e-05,172.217.160.0-255,2902,7639,15,105937
20200,6e-05,172.31.36.0-255,66,7705,15,105937
20201,7.1e-05,172.31.36.0-255,66,7771,15,105937
20202,0.000107,172.217.160.0-255,1484,9255,15,105937
20203,0.000109,172.31.36.0-255,66,9321,15,105937
20204,0.00014,172.31.36.0-255,66,9387,15,105937
20205,0.000143,172.217.160.0-255,1484,10871,15,105937
20206,0.000145,172.31.36.0-255,66,10937,15,105937
20207,0.000149,172.217.160.0-255,1484,12421,15,105937
20208,0.000151,172.31.36.0-255,66,12487,15,105937
20209,0.000168,172.217.160.0-255,1484,13971,15,105937
20210,0.000173,172.31.36.0-255,66,14037,15,105937
20211,0.00018,172.217.160.0-255,5738,19775,15,105937
20212,0.000182,172.31.36.0-255,66,19841,15,105937
20213,0.000187,172.217.160.0-255,2902,22743,15,105937
20214,0.000189,172.31.36.0-255,66,22809,15,105937
20215,0.000212,172.217.160.0-255,3961,26770,15,105937
20216,0.000215,172.31.36.0-255,66,26836,15,105937
20217,0.000218,172.217.160.0-255,1484,28320,15,105937
20218,0.00022,172.31.36.0-255,66,28386,15,105937
20219,0.000247,172.31.36.0-255,66,28452,15,105937
20220,0.000251,172.217.160.0-255,2543,30995,15,105937
20221,0.000253,172.31.36.0-255,66,31061,15,105937
20222,0.000275,172.217.160.0-255,372,31433,15,105937
20223,0.000617,172.217.160.0-255,103,31536,15,105937
20224,0.000704,172.217.160.0-255,1484,33020,15,105937
20225,0.000708,172.31.36.0-255,66,33086,15,105937
20226,0.000715,172.217.160.0-255,2902,35988,15,105937
20227,0.000717,172.31.36.0-255,66,36054,15,105937
20228,0.000724,172.217.160.0-255,5738,41792,15,105937
20229,0.000726,172.31.36.0-255,66,41858,15,105937
20230,0.000754,172.217.160.0-255,6797,48655,15,105937
20231,0.000757,172.31.36.0-255,66,48721,15,105937
20232,0.000764,172.217.160.0-255,5738,54459,15,105937
20233,0.000768,172.31.36.0-255,66,54525,15,105937
20234,0.000775,172.217.160.0-255,1484,56009,15,105937
20235,0.000814,172.31.36.0-255,66,56075,15,105937
20236,0.000872,172.217.160.0-255,1484,57559,15,105937
20237,0.000885,172.217.160.0-255,2902,60461,15,105937
20238,0.000888,172.31.36.0-255,66,60527,15,105937
20239,0.000894,172.217.160.0-255,5738,66265,15,105937
20240,0.000897,172.31.36.0-255,66,66331,15,105937
20241,0.000912,172.217.160.0-255,1484,67815,15,105937
20242,0.000934,172.31.36.0-255,66,67881,15,105937
20243,0.000938,172.217.160.0-255,2902,70783,15,105937
20244,0.000941,172.31.36.0-255,66,70849,15,105937
20245,0.000967,172.31.36.0-255,66,70915,15,105937
20246,0.001003,172.31.36.0-255,66,70981,15,105937
20247,0.00101,172.31.36.0-255,66,71047,15,105937
20248,0.001059,172.217.160.0-255,5738,76785,15,105937
20249,0.001064,172.31.36.0-255,66,76851,15,105937
20250,0.001092,172.31.36.0-255,66,76917,15,105937
20251,0.002727,172.217.160.0-255,5738,82655,15,105937
20252,0.002734,172.31.36.0-255,66,82721,15,105937
20253,0.00436,172.217.160.0-255,5738,88459,15,105937
20254,0.004365,172.31.36.0-255,66,88525,15,105937
20255,0.005982,172.217.160.0-255,5738,94263,15,105937
20256,0.005986,172.31.36.0-255,66,94329,15,105937
20257,0.00762,172.217.160.0-255,5738,100067,15,105937
20258,0.007627,172.31.36.0-255,66,100133,15,105937
20259,0.009247,172.217.160.0-255,5738,105871,15,105937
20260,0.009255,172.31.36.0-255,66,105937,15,105937
20261,0.0,74.125.24.0-255,143,143,15,232146
20262,1e-05,172.31.36.0-255,66,209,15,232146
20263,2.9e-05,74.125.24.0-255,1484,1693,15,232146
20264,3.5e-05,172.31.36.0-255,66,1759,15,232146
20265,4.1e-05,74.125.24.0-255,2902,4661,15,232146
20266,4.4e-05,172.31.36.0-255,66,4727,15,232146
20267,7.7e-05,74.125.24.0-255,7156,11883,15,232146
20268,8e-05,172.31.36.0-255,66,11949,15,232146
20269,8.4e-05,74.125.24.0-255,2109,14058,15,232146
20270,8.7e-05,172.31.36.0-255,66,14124,15,232146
20271,0.000129,74.125.24.0-255,2902,17026,15,232146
20272,0.000133,172.31.36.0-255,66,17092,15,232146
20273,0.000138,74.125.24.0-255,4320,21412,15,232146
20274,0.000141,172.31.36.0-255,66,21478,15,232146
20275,0.000168,74.125.24.0-255,4320,25798,15,232146
20276,0.00017,172.31.36.0-255,66,25864,15,232146
20277,0.000209,74.125.24.0-255,4320,30184,15,232146
20278,0.000213,172.31.36.0-255,66,30250,15,232146
20279,0.000216,74.125.24.0-255,1125,31375,15,232146
20280,0.000218,172.31.36.0-255,66,31441,15,232146
20281,0.000326,74.125.24.0-255,1484,32925,15,232146
20282,0.000332,172.31.36.0-255,66,32991,15,232146
20283,0.000345,74.125.24.0-255,2902,35893,15,232146
20284,0.000348,172.31.36.0-255,66,35959,15,232146
20285,0.000378,74.125.24.0-255,5738,41697,15,232146
20286,0.000381,172.31.36.0-255,66,41763,15,232146
20287,0.000416,74.125.24.0-255,1484,43247,15,232146
20288,0.000418,172.31.36.0-255,66,43313,15,232146
20289,0.000448,172.31.36.0-255,66,43379,15,232146
20290,0.000456,74.125.24.0-255,7156,50535,15,232146
20291,0.000459,172.31.36.0-255,66,50601,15,232146
20292,0.000463,74.125.24.0-255,2890,53491,15,232146
20293,0.000465,172.31.36.0-255,66,53557,15,232146
20294,0.001009,74.125.24.0-255,332,53889,15,232146
20295,0.001055,172.31.36.0-255,66,53955,15,232146
20296,0.001215,74.125.24.0-255,1484,55439,15,232146
20297,0.001225,74.125.24.0-255,2902,58341,15,232146
20298,0.001229,172.31.36.0-255,66,58407,15,232146
20299,0.001237,74.125.24.0-255,5738,64145,15,232146
20300,0.00124,172.31.36.0-255,66,64211,15,232146
20301,0.001258,74.125.24.0-255,4320,68531,15,232146
20302,0.00126,172.31.36.0-255,66,68597,15,232146
20303,0.00128,172.31.36.0-255,66,68663,15,232146
20304,0.001304,74.125.24.0-255,1484,70147,15,232146
20305,0.001338,172.31.36.0-255,66,70213,15,232146
20306,0.001852,74.125.24.0-255,1484,71697,15,232146
20307,0.00186,74.125.24.0-255,2902,74599,15,232146
20308,0.001865,172.31.36.0-255,66,74665,15,232146
20309,0.001873,74.125.24.0-255,5738,80403,15,232146
20310,0.001875,172.31.36.0-255,66,80469,15,232146
20311,0.001879,74.125.24.0-255,1484,81953,15,232146
20312,0.001913,172.31.36.0-255,66,82019,15,232146
20313,0.001927,172.31.36.0-255,66,82085,15,232146
20314,0.002379,74.125.24.0-255,1484,83569,15,232146
20315,0.002387,74.125.24.0-255,2902,86471,15,232146
20316,0.002391,172.31.36.0-255,66,86537,15,232146
20317,0.002397,74.125.24.0-255,4320,90857,15,232146
20318,0.0024,172.31.36.0-255,66,90923,15,232146
20319,0.002428,74.125.24.0-255,1484,92407,15,232146
20320,0.002441,74.125.24.0-255,2902,95309,15,232146
20321,0.002444,74.125.24.0-255,1484,96793,15,232146
20322,0.002461,74.125.24.0-255,4320,101113,15,232146
20323,0.002477,74.125.24.0-255,5738,106851,15,232146
20324,0.00248,74.125.24.0-255,766,107617,15,232146
20325,0.002524,74.125.24.0-255,4320,111937,15,232146
20326,0.002538,74.125.24.0-255,4320,116257,15,232146
20327,0.002548,74.125.24.0-255,1484,117741,15,232146
20328,0.002552,74.125.24.0-255,1484,119225,15,232146
20329,0.002583,74.125.24.0-255,7156,126381,15,232146
20330,0.002618,74.125.24.0-255,6438,132819,15,232146
20331,0.002879,74.125.24.0-255,1484,134303,15,232146
20332,0.002882,74.125.24.0-255,1484,135787,15,232146
20333,0.002895,74.125.24.0-255,1484,137271,15,232146
20334,0.002902,74.125.24.0-255,5738,143009,15,232146
20335,0.002915,74.125.24.0-255,2902,145911,15,232146
20336,0.002928,74.125.24.0-255,4320,150231,15,232146
20337,0.002941,74.125.24.0-255,4320,154551,15,232146
20338,0.002976,74.125.24.0-255,2902,157453,15,232146
20339,0.002996,74.125.24.0-255,1484,158937,15,232146
20340,0.002999,74.125.24.0-255,1484,160421,15,232146
20341,0.003014,74.125.24.0-255,1484,161905,15,232146
20342,0.00302,74.125.24.0-255,5738,167643,15,232146
20343,0.003079,74.125.24.0-255,7156,174799,15,232146
20344,0.003098,74.125.24.0-255,6438,181237,15,232146
20345,0.003152,74.125.24.0-255,5738,186975,15,232146
20346,0.003172,74.125.24.0-255,4320,191295,15,232146
20347,0.003224,74.125.24.0-255,3602,194897,15,232146
20348,0.003237,74.125.24.0-255,4320,199217,15,232146
20349,0.003337,74.125.24.0-255,2902,202119,15,232146
20350,0.003361,74.125.24.0-255,7156,209275,15,232146
20351,0.003364,74.125.24.0-255,1484,210759,15,232146
20352,0.003405,74.125.24.0-255,2902,213661,15,232146
20353,0.003425,74.125.24.0-255,3602,217263,15,232146
20354,0.003428,74.125.24.0-255,1484,218747,15,232146
20355,0.003443,74.125.24.0-255,2902,221649,15,232146
20356,0.003449,74.125.24.0-255,4320,225969,15,232146
20357,0.003465,74.125.24.0-255,5738,231707,15,232146
20358,0.003495,74.125.24.0-255,97,231804,15,232146
20359,0.003545,74.125.24.0-255,105,231909,15,232146
20360,0.003853,172.31.36.0-255,66,231975,15,232146
20361,0.006422,172.31.36.0-255,105,232080,15,232146
20362,0.008685,74.125.24.0-255,66,232146,15,232146
20363,0.0,74.125.68.0-255,146,146,15,320095
20364,1.7e-05,172.31.36.0-255,66,212,15,320095
20365,2.4e-05,74.125.68.0-255,1484,1696,15,320095
20366,2.9e-05,172.31.36.0-255,66,1762,15,320095
20367,3.4e-05,74.125.68.0-255,2902,4664,15,320095
20368,3.7e-05,172.31.36.0-255,66,4730,15,320095
20369,6.9e-05,74.125.68.0-255,5738,10468,15,320095
20370,7.2e-05,172.31.36.0-255,66,10534,15,320095
20371,7.8e-05,74.125.68.0-255,3493,14027,15,320095
20372,8e-05,172.31.36.0-255,66,14093,15,320095
20373,0.000139,74.125.68.0-255,1484,15577,15,320095
20374,0.000141,172.31.36.0-255,66,15643,15,320095
20375,0.000147,74.125.68.0-255,2902,18545,15,320095
20376,0.000149,172.31.36.0-255,66,18611,15,320095
20377,0.000161,74.125.68.0-255,1484,20095,15,320095
20378,0.000163,172.31.36.0-255,66,20161,15,320095
20379,0.000191,74.125.68.0-255,4320,24481,15,320095
20380,0.000194,172.31.36.0-255,66,24547,15,320095
20381,0.000198,74.125.68.0-255,2902,27449,15,320095
20382,0.0002,172.31.36.0-255,66,27515,15,320095
20383,0.000205,74.125.68.0-255,3961,31476,15,320095
20384,0.000208,172.31.36.0-255,66,31542,15,320095
20385,0.000232,74.125.68.0-255,1484,33026,15,320095
20386,0.000235,172.31.36.0-255,66,33092,15,320095
20387,0.00024,74.125.68.0-255,2902,35994,15,320095
20388,0.000242,172.31.36.0-255,66,36060,15,320095
20389,0.000272,74.125.68.0-255,5738,41798,15,320095
20390,0.000275,172.31.36.0-255,66,41864,15,320095
20391,0.000283,74.125.68.0-255,6797,48661,15,320095
20392,0.000285,172.31.36.0-255,66,48727,15,320095
20393,0.000337,74.125.68.0-255,1484,50211,15,320095
20394,0.000341,172.31.36.0-255,66,50277,15,320095
20395,0.000361,74.125.68.0-255,2902,53179,15,320095
20396,0.000365,74.125.68.0-255,1484,54663,15,320095
20397,0.000382,74.125.68.0-255,4320,58983,15,320095
20398,0.000388,74.125.68.0-255,4320,63303,15,320095
20399,0.000427,74.125.68.0-255,2543,65846,15,320095
20400,0.000455,74.125.68.0-255,396,66242,15,320095
20401,0.000495,172.31.36.0-255,66,66308,15,320095
20402,0.00054,74.125.68.0-255,1484,67792,15,320095
20403,0.000545,74.125.68.0-255,1484,69276,15,320095
20404,0.000556,74.125.68.0-255,1484,70760,15,320095
20405,0.000562,172.31.36.0-255,66,70826,15,320095
20406,0.000573,74.125.68.0-255,4320,75146,15,320095
20407,0.000577,172.31.36.0-255,66,75212,15,320095
20408,0.000596,74.125.68.0-255,1484,76696,15,320095
20409,0.000601,74.125.68.0-255,2902,79598,15,320095
20410,0.000606,74.125.68.0-255,3961,83559,15,320095
20411,0.000616,74.125.68.0-255,1484,85043,15,320095
20412,0.000629,74.125.68.0-255,4320,89363,15,320095
20413,0.000632,172.31.36.0-255,66,89429,15,320095
20414,0.000644,74.125.68.0-255,2902,92331,15,320095
20415,0.000648,74.125.68.0-255,2902,95233,15,320095
20416,0.000653,74.125.68.0-255,4320,99553,15,320095
20417,0.000708,172.31.36.0-255,66,99619,15,320095
20418,0.000725,74.125.68.0-255,1407,101026,15,320095
20419,0.000746,172.31.36.0-255,66,101092,15,320095
20420,0.000754,74.125.68.0-255,1484,102576,15,320095
20421,0.00077,74.125.68.0-255,2902,105478,15,320095
20422,0.000787,74.125.68.0-255,4320,109798,15,320095
20423,0.000796,172.31.36.0-255,66,109864,15,320095
20424,0.000804,74.125.68.0-255,1484,111348,15,320095
20425,0.000808,74.125.68.0-255,2902,114250,15,320095
20426,0.000814,172.31.36.0-255,66,114316,15,320095
20427,0.000825,74.125.68.0-255,4320,118636,15,320095
20428,0.000839,74.125.68.0-255,2902,121538,15,320095
20429,0.000852,172.31.36.0-255,66,121604,15,320095
20430,0.000862,74.125.68.0-255,4320,125924,15,320095
20431,0.000867,172.31.36.0-255,66,125990,15,320095
20432,0.000879,74.125.68.0-255,4320,130310,15,320095
20433,0.000904,74.125.68.0-255,5020,135330,15,320095
20434,0.000909,172.31.36.0-255,66,135396,15,320095
20435,0.000933,74.125.68.0-255,1484,136880,15,320095
20436,0.000952,74.125.68.0-255,2902,139782,15,320095
20437,0.00096,172.31.36.0-255,66,139848,15,320095
20438,0.00097,74.125.68.0-255,5738,145586,15,320095
20439,0.000979,172.31.36.0-255,66,145652,15,320095
20440,0.000993,74.125.68.0-255,4320,149972,15,320095
20441,0.001014,74.125.68.0-255,5738,155710,15,320095
20442,0.001017,74.125.68.0-255,1484,157194,15,320095
20443,0.001024,172.31.36.0-255,66,157260,15,320095
20444,0.001049,74.125.68.0-255,2184,159444,15,320095
20445,0.001068,172.31.36.0-255,66,159510,15,320095
20446,0.001156,74.125.68.0-255,1484,160994,15,320095
20447,0.001173,74.125.68.0-255,2902,163896,15,320095
20448,0.001176,74.125.68.0-255,1484,165380,15,320095
20449,0.001192,74.125.68.0-255,4320,169700,15,320095
20450,0.001196,74.125.68.0-255,2902,172602,15,320095
20451,0.00121,172.31.36.0-255,66,172668,15,320095
20452,0.001229,74.125.68.0-255,5738,178406,15,320095
20453,0.001246,74.125.68.0-255,4320,182726,15,320095
20454,0.001251,74.125.68.0-255,4320,187046,15,320095
20455,0.001261,172.31.36.0-255,66,187112,15,320095
20456,0.001299,74.125.68.0-255,4320,191432,15,320095
20457,0.001313,172.31.36.0-255,66,191498,15,320095
20458,0.001317,74.125.68.0-255,2184,193682,15,320095
20459,0.001323,172.31.36.0-255,66,193748,15,320095
20460,0.00144,74.125.68.0-255,1484,195232,15,320095
20461,0.001456,74.125.68.0-255,2902,198134,15,320095
20462,0.001463,172.31.36.0-255,66,198200,15,320095
20463,0.001471,74.125.68.0-255,1484,199684,15,320095
20464,0.001484,74.125.68.0-255,4320,204004,15,320095
20465,0.001523,172.31.36.0-255,66,204070,15,320095
20466,0.001535,74.125.68.0-255,5738,209808,15,320095
20467,0.001552,74.125.68.0-255,5738,215546,15,320095
20468,0.001556,74.125.68.0-255,2184,217730,15,320095
20469,0.00156,74.125.68.0-255,2902,220632,15,320095
20470,0.001583,74.125.68.0-255,4320,224952,15,320095
20471,0.001586,172.31.36.0-255,66,225018,15,320095
20472,0.001591,172.31.36.0-255,66,225084,15,320095
20473,0.001607,74.125.68.0-255,2902,227986,15,320095
20474,0.001639,74.125.68.0-255,4320,232306,15,320095
20475,0.001664,74.125.68.0-255,5738,238044,15,320095
20476,0.00167,74.125.68.0-255,5020,243064,15,320095
20477,0.001673,74.125.68.0-255,1484,244548,15,320095
20478,0.001691,74.125.68.0-255,4320,248868,15,320095
20479,0.001752,74.125.68.0-255,7156,256024,15,320095
20480,0.001773,74.125.68.0-255,4320,260344,15,320095
20481,0.001788,74.125.68.0-255,3602,263946,15,320095
20482,0.001793,74.125.68.0-255,4320,268266,15,320095
20483,0.001809,74.125.68.0-255,1484,269750,15,320095
20484,0.001827,74.125.68.0-255,7156,276906,15,320095
20485,0.00183,74.125.68.0-255,1484,278390,15,320095
20486,0.001847,74.125.68.0-255,5738,284128,15,320095
20487,0.00187,74.125.68.0-255,2902,287030,15,320095
20488,0.001921,74.125.68.0-255,4320,291350,15,320095
20489,0.001926,74.125.68.0-255,5738,297088,15,320095
20490,0.001949,74.125.68.0-255,2902,299990,15,320095
20491,0.001972,74.125.68.0-255,4320,304310,15,320095
20492,0.002022,74.125.68.0-255,7156,311466,15,320095
20493,0.00204,74.125.68.0-255,6438,317904,15,320095
20494,0.00209,74.125.68.0-255,1915,319819,15,320095
20495,0.002111,74.125.68.0-255,105,319924,15,320095
20496,0.006141,172.31.36.0-255,66,319990,15,320095
20497,0.009064,172.31.36.0-255,105,320095,15,320095
20498,0.0,74.125.24.0-255,150,150,15,182706
20499,2.4e-05,172.31.36.0-255,66,216,15,182706
20500,3.1e-05,74.125.24.0-255,1484,1700,15,182706
20501,3.6e-05,172.31.36.0-255,66,1766,15,182706
20502,4.2e-05,74.125.24.0-255,2902,4668,15,182706
20503,5.4e-05,172.31.36.0-255,66,4734,15,182706
20504,6.1e-05,74.125.24.0-255,7156,11890,15,182706
20505,6.4e-05,172.31.36.0-255,66,11956,15,182706
20506,6.8e-05,74.125.24.0-255,2001,13957,15,182706
20507,7.1e-05,172.31.36.0-255,66,14023,15,182706
20508,0.000114,74.125.24.0-255,2902,16925,15,182706
20509,0.000118,172.31.36.0-255,66,16991,15,182706
20510,0.000126,74.125.24.0-255,7156,24147,15,182706
20511,0.000129,172.31.36.0-255,66,24213,15,182706
20512,0.000133,74.125.24.0-255,1484,25697,15,182706
20513,0.000134,172.31.36.0-255,66,25763,15,182706
20514,0.000185,74.125.24.0-255,5379,31142,15,182706
20515,0.000188,172.31.36.0-255,66,31208,15,182706
20516,0.000294,74.125.24.0-255,1484,32692,15,182706
20517,0.000299,172.31.36.0-255,66,32758,15,182706
20518,0.000304,74.125.24.0-255,2902,35660,15,182706
20519,0.000307,172.31.36.0-255,66,35726,15,182706
20520,0.00031,74.125.24.0-255,1484,37210,15,182706
20521,0.000318,172.31.36.0-255,66,37276,15,182706
20522,0.000348,74.125.24.0-255,2902,40178,15,182706
20523,0.000351,172.31.36.0-255,66,40244,15,182706
20524,0.000357,74.125.24.0-255,5738,45982,15,182706
20525,0.000359,172.31.36.0-255,66,46048,15,182706
20526,0.000363,74.125.24.0-255,1484,47532,15,182706
20527,0.000364,172.31.36.0-255,66,47598,15,182706
20528,0.000404,172.31.36.0-255,66,47664,15,182706
20529,0.000432,74.125.24.0-255,6797,54461,15,182706
20530,0.000435,172.31.36.0-255,66,54527,15,182706
20531,0.00076,74.125.24.0-255,647,55174,15,182706
20532,0.001067,172.31.36.0-255,66,55240,15,182706
20533,0.001111,74.125.24.0-255,1484,56724,15,182706
20534,0.001128,74.125.24.0-255,2902,59626,15,182706
20535,0.001131,172.31.36.0-255,66,59692,15,182706
20536,0.001138,74.125.24.0-255,5738,65430,15,182706
20537,0.001141,172.31.36.0-255,66,65496,15,182706
20538,0.001182,172.31.36.0-255,66,65562,15,182706
20539,0.00122,172.31.36.0-255,66,65628,15,182706
20540,0.001244,74.125.24.0-255,766,66394,15,182706
20541,0.001318,74.125.24.0-255,1484,67878,15,182706
20542,0.001322,172.31.36.0-255,66,67944,15,182706
20543,0.001328,74.125.24.0-255,2902,70846,15,182706
20544,0.00133,172.31.36.0-255,66,70912,15,182706
20545,0.001333,74.125.24.0-255,1484,72396,15,182706
20546,0.001343,74.125.24.0-255,2902,75298,15,182706
20547,0.001345,172.31.36.0-255,66,75364,15,182706
20548,0.001352,74.125.24.0-255,5738,81102,15,182706
20549,0.001354,172.31.36.0-255,66,81168,15,182706
20550,0.001405,172.31.36.0-255,66,81234,15,182706
20551,0.001413,74.125.24.0-255,5888,87122,15,182706
20552,0.001415,172.31.36.0-255,66,87188,15,182706
20553,0.001821,74.125.24.0-255,1484,88672,15,182706
20554,0.001827,74.125.24.0-255,2902,91574,15,182706
20555,0.00183,172.31.36.0-255,66,91640,15,182706
20556,0.001836,74.125.24.0-255,2902,94542,15,182706
20557,0.001838,172.31.36.0-255,66,94608,15,182706
20558,0.00186,74.125.24.0-255,2902,97510,15,182706
20559,0.001866,172.31.36.0-255,66,97576,15,182706
20560,0.00187,74.125.24.0-255,1484,99060,15,182706
20561,0.001913,172.31.36.0-255,66,99126,15,182706
20562,0.00193,172.31.36.0-255,66,99192,15,182706
20563,0.00201,74.125.24.0-255,1484,100676,15,182706
20564,0.002016,74.125.24.0-255,2902,103578,15,182706
20565,0.002019,172.31.36.0-255,66,103644,15,182706
20566,0.002046,74.125.24.0-255,5738,109382,15,182706
20567,0.002049,172.31.36.0-255,66,109448,15,182706
20568,0.002052,74.125.24.0-255,1484,110932,15,182706
20569,0.00208,74.125.24.0-255,4320,115252,15,182706
20570,0.002083,172.31.36.0-255,66,115318,15,182706
20571,0.002101,172.31.36.0-255,66,115384,15,182706
20572,0.002117,172.31.36.0-255,66,115450,15,182706
20573,0.002129,172.31.36.0-255,66,115516,15,182706
20574,0.002154,74.125.24.0-255,4320,119836,15,182706
20575,0.002156,172.31.36.0-255,66,119902,15,182706
20576,0.002164,74.125.24.0-255,5738,125640,15,182706
20577,0.002166,172.31.36.0-255,66,125706,15,182706
20578,0.002196,74.125.24.0-255,5020,130726,15,182706
20579,0.002199,172.31.36.0-255,66,130792,15,182706
20580,0.002227,74.125.24.0-255,1484,132276,15,182706
20581,0.002232,74.125.24.0-255,2902,135178,15,182706
20582,0.002235,172.31.36.0-255,66,135244,15,182706
20583,0.002242,74.125.24.0-255,5738,140982,15,182706
20584,0.002244,172.31.36.0-255,66,141048,15,182706
20585,0.002254,74.125.24.0-255,7156,148204,15,182706
20586,0.002257,172.31.36.0-255,66,148270,15,182706
20587,0.002267,74.125.24.0-255,1484,149754,15,182706
20588,0.002297,172.31.36.0-255,66,149820,15,182706
20589,0.002301,74.125.24.0-255,2184,152004,15,182706
20590,0.002304,172.31.36.0-255,66,152070,15,182706
20591,0.00235,74.125.24.0-255,2902,154972,15,182706
20592,0.002367,172.31.36.0-255,66,155038,15,182706
20593,0.002373,74.125.24.0-255,2902,157940,15,182706
20594,0.002375,172.31.36.0-255,66,158006,15,182706
20595,0.002383,74.125.24.0-255,7156,165162,15,182706
20596,0.002385,172.31.36.0-255,66,165228,15,182706
20597,0.004668,74.125.24.0-255,5738,170966,15,182706
20598,0.004678,172.31.36.0-255,66,171032,15,182706
20599,0.006979,74.125.24.0-255,1484,172516,15,182706
20600,0.006997,74.125.24.0-255,4320,176836,15,182706
20601,0.007001,172.31.36.0-255,66,176902,15,182706
20602,0.009323,74.125.24.0-255,5738,182640,15,182706
20603,0.00933,172.31.36.0-255,66,182706,15,182706
20604,0.0,216.58.203.0-255,153,153,15,76922
20605,2.8e-05,172.31.36.0-255,66,219,15,76922
20606,3.5e-05,216.58.203.0-255,1484,1703,15,76922
20607,4.1e-05,172.31.36.0-255,66,1769,15,76922
20608,5.6e-05,216.58.203.0-255,2902,4671,15,76922
20609,6e-05,172.31.36.0-255,66,4737,15,76922
20610,6.5e-05,216.58.203.0-255,4320,9057,15,76922
20611,6.9e-05,172.31.36.0-255,66,9123,15,76922
20612,9.4e-05,216.58.203.0-255,4835,13958,15,76922
20613,9.9e-05,172.31.36.0-255,66,14024,15,76922
20614,0.000298,216.58.203.0-255,1484,15508,15,76922
20615,0.000304,172.31.36.0-255,66,15574,15,76922
20616,0.000333,216.58.203.0-255,2902,18476,15,76922
20617,0.000336,172.31.36.0-255,66,18542,15,76922
20618,0.000343,216.58.203.0-255,4320,22862,15,76922
20619,0.000345,172.31.36.0-255,66,22928,15,76922
20620,0.000358,216.58.203.0-255,5738,28666,15,76922
20621,0.000361,172.31.36.0-255,66,28732,15,76922
20622,0.000385,216.58.203.0-255,2543,31275,15,76922
20623,0.00039,172.31.36.0-255,66,31341,15,76922
20624,0.000604,216.58.203.0-255,1484,32825,15,76922
20625,0.000609,172.31.36.0-255,66,32891,15,76922
20626,0.000616,216.58.203.0-255,2902,35793,15,76922
20627,0.000619,172.31.36.0-255,66,35859,15,76922
20628,0.000631,216.58.203.0-255,5738,41597,15,76922
20629,0.000634,172.31.36.0-255,66,41663,15,76922
20630,0.000639,216.58.203.0-255,2902,44565,15,76922
20631,0.000641,172.31.36.0-255,66,44631,15,76922
20632,0.000646,216.58.203.0-255,3961,48592,15,76922
20633,0.000649,172.31.36.0-255,66,48658,15,76922
20634,0.000711,172.31.36.0-255,66,48724,15,76922
20635,0.000718,172.31.36.0-255,66,48790,15,76922
20636,0.000721,216.58.203.0-255,398,49188,15,76922
20637,0.000909,172.31.36.0-255,66,49254,15,76922
20638,0.002385,216.58.203.0-255,4320,53574,15,76922
20639,0.002392,172.31.36.0-255,66,53640,15,76922
20640,0.002568,216.58.203.0-255,1484,55124,15,76922
20641,0.004057,216.58.203.0-255,4320,59444,15,76922
20642,0.004061,172.31.36.0-255,66,59510,15,76922
20643,0.005739,216.58.203.0-255,5738,65248,15,76922
20644,0.005742,172.31.36.0-255,66,65314,15,76922
20645,0.007415,216.58.203.0-255,5738,71052,15,76922
20646,0.007422,172.31.36.0-255,66,71118,15,76922
20647,0.009117,216.58.203.0-255,5738,76856,15,76922
20648,0.009126,172.31.36.0-255,66,76922,15,76922
20649,0.0,74.125.24.0-255,153,153,15,195270
20650,2.5e-05,172.31.36.0-255,66,219,15,195270
20651,3.3e-05,74.125.24.0-255,1484,1703,15,195270
20652,3.8e-05,172.31.36.0-255,66,1769,15,195270
20653,4.4e-05,74.125.24.0-255,2902,4671,15,195270
20654,5.4e-05,172.31.36.0-255,66,4737,15,195270
20655,6.3e-05,74.125.24.0-255,7156,11893,15,195270
20656,6.5e-05,172.31.36.0-255,66,11959,15,195270
20657,7e-05,74.125.24.0-255,2020,13979,15,195270
20658,7.2e-05,172.31.36.0-255,66,14045,15,195270
20659,8.6e-05,172.31.36.0-255,66,14111,15,195270
20660,9.2e-05,74.125.24.0-255,5379,19490,15,195270
20661,9.4e-05,172.31.36.0-255,66,19556,15,195270
20662,0.000142,74.125.24.0-255,5738,25294,15,195270
20663,0.000146,172.31.36.0-255,66,25360,15,195270
20664,0.00015,74.125.24.0-255,2902,28262,15,195270
20665,0.000152,172.31.36.0-255,66,28328,15,195270
20666,0.000189,172.31.36.0-255,66,28394,15,195270
20667,0.000288,74.125.24.0-255,1484,29878,15,195270
20668,0.000291,172.31.36.0-255,66,29944,15,195270
20669,0.000296,74.125.24.0-255,2902,32846,15,195270
20670,0.000298,172.31.36.0-255,66,32912,15,195270
20671,0.00031,74.125.24.0-255,5738,38650,15,195270
20672,0.000313,172.31.36.0-255,66,38716,15,195270
20673,0.000349,172.31.36.0-255,66,38782,15,195270
20674,0.00046,74.125.24.0-255,1484,40266,15,195270
20675,0.000464,172.31.36.0-255,66,40332,15,195270
20676,0.000469,74.125.24.0-255,2902,43234,15,195270
20677,0.000472,172.31.36.0-255,66,43300,15,195270
20678,0.000476,74.125.24.0-255,1484,44784,15,195270
20679,0.000513,74.125.24.0-255,4320,49104,15,195270
20680,0.000516,172.31.36.0-255,66,49170,15,195270
20681,0.000536,172.31.36.0-255,66,49236,15,195270
20682,0.000548,172.31.36.0-255,66,49302,15,195270
20683,0.000807,74.125.24.0-255,1484,50786,15,195270
20684,0.000814,74.125.24.0-255,2902,53688,15,195270
20685,0.000818,172.31.36.0-255,66,53754,15,195270
20686,0.000826,74.125.24.0-255,5738,59492,15,195270
20687,0.000828,172.31.36.0-255,66,59558,15,195270
20688,0.000831,74.125.24.0-255,1484,61042,15,195270
20689,0.000859,74.125.24.0-255,4320,65362,15,195270
20690,0.000861,172.31.36.0-255,66,65428,15,195270
20691,0.000867,74.125.24.0-255,4320,69748,15,195270
20692,0.00087,172.31.36.0-255,66,69814,15,195270
20693,0.000908,74.125.24.0-255,5020,74834,15,195270
20694,0.000914,74.125.24.0-255,4320,79154,15,195270
20695,0.000917,172.31.36.0-255,66,79220,15,195270
20696,0.00092,172.31.36.0-255,66,79286,15,195270
20697,0.000924,172.31.36.0-255,66,79352,15,195270
20698,0.000945,74.125.24.0-255,1484,80836,15,195270
20699,0.000961,172.31.36.0-255,66,80902,15,195270
20700,0.000968,74.125.24.0-255,5738,86640,15,195270
20701,0.00097,172.31.36.0-255,66,86706,15,195270
20702,0.001005,172.31.36.0-255,66,86772,15,195270
20703,0.00101,74.125.24.0-255,3602,90374,15,195270
20704,0.001013,172.31.36.0-255,66,90440,15,195270
20705,0.001047,74.125.24.0-255,1484,91924,15,195270
20706,0.001066,74.125.24.0-255,2902,94826,15,195270
20707,0.001069,172.31.36.0-255,66,94892,15,195270
20708,0.001072,74.125.24.0-255,1484,96376,15,195270
20709,0.001101,74.125.24.0-255,4320,100696,15,195270
20710,0.001104,172.31.36.0-255,66,100762,15,195270
20711,0.001111,74.125.24.0-255,5738,106500,15,195270
20712,0.001113,172.31.36.0-255,66,106566,15,195270
20713,0.001118,74.125.24.0-255,4320,110886,15,195270
20714,0.001121,172.31.36.0-255,66,110952,15,195270
20715,0.001148,74.125.24.0-255,2902,113854,15,195270
20716,0.001154,172.31.36.0-255,66,113920,15,195270
20717,0.001167,172.31.36.0-255,66,113986,15,195270
20718,0.001198,74.125.24.0-255,1484,115470,15,195270
20719,0.001203,74.125.24.0-255,2902,118372,15,195270
20720,0.001206,172.31.36.0-255,66,118438,15,195270
20721,0.001213,74.125.24.0-255,5738,124176,15,195270
20722,0.001215,172.31.36.0-255,66,124242,15,195270
20723,0.001317,172.31.36.0-255,66,124308,15,195270
20724,0.00132,172.31.36.0-255,66,124374,15,195270
20725,0.001328,74.125.24.0-255,2184,126558,15,195270
20726,0.001335,172.31.36.0-255,66,126624,15,195270
20727,0.00134,74.125.24.0-255,2902,129526,15,195270
20728,0.001342,172.31.36.0-255,66,129592,15,195270
20729,0.001349,74.125.24.0-255,7156,136748,15,195270
20730,0.001352,172.31.36.0-255,66,136814,15,195270
20731,0.001372,172.31.36.0-255,66,136880,15,195270
20732,0.001379,74.125.24.0-255,7156,144036,15,195270
20733,0.001381,172.31.36.0-255,66,144102,15,195270
20734,0.001404,74.125.24.0-255,766,144868,15,195270
20735,0.001453,74.125.24.0-255,1484,146352,15,195270
20736,0.001457,172.31.36.0-255,66,146418,15,195270
20737,0.001481,74.125.24.0-255,2902,149320,15,195270
20738,0.001483,172.31.36.0-255,66,149386,15,195270
20739,0.001491,74.125.24.0-255,5738,155124,15,195270
20740,0.001493,172.31.36.0-255,66,155190,15,195270
20741,0.001496,74.125.24.0-255,1484,156674,15,195270
20742,0.001531,172.31.36.0-255,66,156740,15,195270
20743,0.001567,172.31.36.0-255,66,156806,15,195270
20744,0.001581,172.31.36.0-255,66,156872,15,195270
20745,0.001635,172.31.36.0-255,66,156938,15,195270
20746,0.001664,74.125.24.0-255,1484,158422,15,195270
20747,0.001668,74.125.24.0-255,1484,159906,15,195270
20748,0.00167,172.31.36.0-255,66,159972,15,195270
20749,0.001698,74.125.24.0-255,1484,161456,15,195270
20750,0.001704,74.125.24.0-255,5738,167194,15,195270
20751,0.001706,172.31.36.0-255,66,167260,15,195270
20752,0.001711,74.125.24.0-255,4320,171580,15,195270
20753,0.001713,172.31.36.0-255,66,171646,15,195270
20754,0.001718,74.125.24.0-255,4320,175966,15,195270
20755,0.001723,172.31.36.0-255,66,176032,15,195270
20756,0.001756,74.125.24.0-255,7156,183188,15,195270
20757,0.00176,172.31.36.0-255,66,183254,15,195270
20758,0.001796,74.125.24.0-255,4320,187574,15,195270
20759,0.0018,172.31.36.0-255,66,187640,15,195270
20760,0.001803,172.31.36.0-255,66,187706,15,195270
20761,0.001827,74.125.24.0-255,7156,194862,15,195270
20762,0.001829,172.31.36.0-255,66,194928,15,195270
20763,0.001841,172.31.36.0-255,66,194994,15,195270
20764,0.001844,74.125.24.0-255,105,195099,15,195270
20765,0.008872,172.31.36.0-255,66,195165,15,195270
20766,0.008914,172.31.36.0-255,105,195270,15,195270
20767,0.0,74.125.68.0-255,153,153,15,233567
20768,1.2e-05,172.31.36.0-255,66,219,15,233567
20769,3e-05,74.125.68.0-255,1484,1703,15,233567
20770,3.5e-05,172.31.36.0-255,66,1769,15,233567
20771,3.8e-05,74.125.68.0-255,1484,3253,15,233567
20772,4.2e-05,172.31.36.0-255,66,3319,15,233567
20773,5.8e-05,74.125.68.0-255,1484,4803,15,233567
20774,6.1e-05,172.31.36.0-255,66,4869,15,233567
20775,7e-05,74.125.68.0-255,7156,12025,15,233567
20776,7.2e-05,172.31.36.0-255,66,12091,15,233567
20777,7.7e-05,74.125.68.0-255,2067,14158,15,233567
20778,7.9e-05,172.31.36.0-255,66,14224,15,233567
20779,0.000191,74.125.68.0-255,1484,15708,15,233567
20780,0.000197,172.31.36.0-255,66,15774,15,233567
20781,0.000202,74.125.68.0-255,2902,18676,15,233567
20782,0.000205,172.31.36.0-255,66,18742,15,233567
20783,0.00022,74.125.68.0-255,2902,21644,15,233567
20784,0.000222,172.31.36.0-255,66,21710,15,233567
20785,0.000235,74.125.68.0-255,2902,24612,15,233567
20786,0.000238,172.31.36.0-255,66,24678,15,233567
20787,0.000255,74.125.68.0-255,2902,27580,15,233567
20788,0.000258,172.31.36.0-255,66,27646,15,233567
20789,0.000288,74.125.68.0-255,3961,31607,15,233567
20790,0.000291,172.31.36.0-255,66,31673,15,233567
20791,0.000294,74.125.68.0-255,1484,33157,15,233567
20792,0.000296,172.31.36.0-255,66,33223,15,233567
20793,0.0003,74.125.68.0-255,2902,36125,15,233567
20794,0.000302,172.31.36.0-255,66,36191,15,233567
20795,0.000308,74.125.68.0-255,5738,41929,15,233567
20796,0.000311,172.31.36.0-255,66,41995,15,233567
20797,0.000328,74.125.68.0-255,1484,43479,15,233567
20798,0.00033,172.31.36.0-255,66,43545,15,233567
20799,0.000361,74.125.68.0-255,5738,49283,15,233567
20800,0.000364,172.31.36.0-255,66,49349,15,233567
20801,0.000374,172.31.36.0-255,66,49415,15,233567
20802,0.000377,74.125.68.0-255,1484,50899,15,233567
20803,0.000403,74.125.68.0-255,6438,57337,15,233567
20804,0.000406,172.31.36.0-255,66,57403,15,233567
20805,0.000408,74.125.68.0-255,413,57816,15,233567
20806,0.000455,74.125.68.0-255,331,58147,15,233567
20807,0.000605,74.125.68.0-255,1484,59631,15,233567
20808,0.000611,172.31.36.0-255,66,59697,15,233567
20809,0.000616,74.125.68.0-255,2902,62599,15,233567
20810,0.000619,172.31.36.0-255,66,62665,15,233567
20811,0.000635,74.125.68.0-255,4320,66985,15,233567
20812,0.000638,172.31.36.0-255,66,67051,15,233567
20813,0.000641,74.125.68.0-255,1484,68535,15,233567
20814,0.000665,74.125.68.0-255,4320,72855,15,233567
20815,0.000668,172.31.36.0-255,66,72921,15,233567
20816,0.000673,74.125.68.0-255,2902,75823,15,233567
20817,0.000675,172.31.36.0-255,66,75889,15,233567
20818,0.000704,172.31.36.0-255,66,75955,15,233567
20819,0.000709,74.125.68.0-255,4320,80275,15,233567
20820,0.000711,172.31.36.0-255,66,80341,15,233567
20821,0.000748,74.125.68.0-255,3602,83943,15,233567
20822,0.000751,172.31.36.0-255,66,84009,15,233567
20823,0.000807,74.125.68.0-255,1484,85493,15,233567
20824,0.000835,74.125.68.0-255,1484,86977,15,233567
20825,0.000838,172.31.36.0-255,66,87043,15,233567
20826,0.000856,74.125.68.0-255,2902,89945,15,233567
20827,0.000858,172.31.36.0-255,66,90011,15,233567
20828,0.000883,74.125.68.0-255,5738,95749,15,233567
20829,0.000885,172.31.36.0-255,66,95815,15,233567
20830,0.000889,74.125.68.0-255,1484,97299,15,233567
20831,0.000942,172.31.36.0-255,66,97365,15,233567
20832,0.000954,172.31.36.0-255,66,97431,15,233567
20833,0.000976,74.125.68.0-255,3602,101033,15,233567
20834,0.000979,172.31.36.0-255,66,101099,15,233567
20835,0.001344,74.125.68.0-255,1484,102583,15,233567
20836,0.001352,74.125.68.0-255,2902,105485,15,233567
20837,0.001356,172.31.36.0-255,66,105551,15,233567
20838,0.001381,74.125.68.0-255,5738,111289,15,233567
20839,0.001384,172.31.36.0-255,66,111355,15,233567
20840,0.001417,74.125.68.0-255,1484,112839,15,233567
20841,0.001421,172.31.36.0-255,66,112905,15,233567
20842,0.00144,172.31.36.0-255,66,112971,15,233567
20843,0.001443,74.125.68.0-255,1484,114455,15,233567
20844,0.001468,74.125.68.0-255,3602,118057,15,233567
20845,0.00147,172.31.36.0-255,66,118123,15,233567
20846,0.001523,74.125.68.0-255,1484,119607,15,233567
20847,0.00154,74.125.68.0-255,2902,122509,15,233567
20848,0.001543,172.31.36.0-255,66,122575,15,233567
20849,0.001547,74.125.68.0-255,1484,124059,15,233567
20850,0.001566,74.125.68.0-255,2902,126961,15,233567
20851,0.001569,172.31.36.0-255,66,127027,15,233567
20852,0.001574,74.125.68.0-255,2902,129929,15,233567
20853,0.001577,172.31.36.0-255,66,129995,15,233567
20854,0.00159,74.125.68.0-255,2902,132897,15,233567
20855,0.001593,172.31.36.0-255,66,132963,15,233567
20856,0.001597,74.125.68.0-255,2902,135865,15,233567
20857,0.0016,172.31.36.0-255,66,135931,15,233567
20858,0.00163,74.125.68.0-255,4320,140251,15,233567
20859,0.001633,172.31.36.0-255,66,140317,15,233567
20860,0.001644,172.31.36.0-255,66,140383,15,233567
20861,0.00165,74.125.68.0-255,3602,143985,15,233567
20862,0.001652,172.31.36.0-255,66,144051,15,233567
20863,0.001802,74.125.68.0-255,1484,145535,15,233567
20864,0.001806,74.125.68.0-255,1484,147019,15,233567
20865,0.00181,172.31.36.0-255,66,147085,15,233567
20866,0.001832,74.125.68.0-255,1484,148569,15,233567
20867,0.001839,74.125.68.0-255,5738,154307,15,233567
20868,0.001844,172.31.36.0-255,66,154373,15,233567
20869,0.001859,74.125.68.0-255,2902,157275,15,233567
20870,0.001863,172.31.36.0-255,66,157341,15,233567
20871,0.001893,74.125.68.0-255,4320,161661,15,233567
20872,0.001897,172.31.36.0-255,66,161727,15,233567
20873,0.001908,172.31.36.0-255,66,161793,15,233567
20874,0.001912,74.125.68.0-255,2902,164695,15,233567
20875,0.001915,172.31.36.0-255,66,164761,15,233567
20876,0.001921,74.125.68.0-255,4320,169081,15,233567
20877,0.001923,172.31.36.0-255,66,169147,15,233567
20878,0.001942,74.125.68.0-255,766,169913,15,233567
20879,0.00203,74.125.68.0-255,1484,171397,15,233567
20880,0.002034,172.31.36.0-255,66,171463,15,233567
20881,0.002038,74.125.68.0-255,1484,172947,15,233567
20882,0.002054,74.125.68.0-255,1484,174431,15,233567
20883,0.002056,172.31.36.0-255,66,174497,15,233567
20884,0.002062,74.125.68.0-255,4320,178817,15,233567
20885,0.002065,172.31.36.0-255,66,178883,15,233567
20886,0.002102,172.31.36.0-255,66,178949,15,233567
20887,0.00211,74.125.68.0-255,7156,186105,15,233567
20888,0.002112,172.31.36.0-255,66,186171,15,233567
20889,0.002143,172.31.36.0-255,66,186237,15,233567
20890,0.002165,74.125.68.0-255,3602,189839,15,233567
20891,0.002167,172.31.36.0-255,66,189905,15,233567
20892,0.002173,74.125.68.0-255,4320,194225,15,233567
20893,0.002175,172.31.36.0-255,66,194291,15,233567
20894,0.002203,74.125.68.0-255,7156,201447,15,233567
20895,0.002206,172.31.36.0-255,66,201513,15,233567
20896,0.002229,74.125.68.0-255,2902,204415,15,233567
20897,0.002232,172.31.36.0-255,66,204481,15,233567
20898,0.002237,74.125.68.0-255,4320,208801,15,233567
20899,0.00224,172.31.36.0-255,66,208867,15,233567
20900,0.002276,74.125.68.0-255,7156,216023,15,233567
20901,0.002279,172.31.36.0-255,66,216089,15,233567
20902,0.002292,74.125.68.0-255,1484,217573,15,233567
20903,0.004492,74.125.68.0-255,4320,221893,15,233567
20904,0.004501,172.31.36.0-255,66,221959,15,233567
20905,0.006741,74.125.68.0-255,5738,227697,15,233567
20906,0.006748,172.31.36.0-255,66,227763,15,233567
20907,0.00897,74.125.68.0-255,5738,233501,15,233567
20908,0.008977,172.31.36.0-255,66,233567,15,233567
20909,0.0,172.217.194.0-255,153,153,15,155693
20910,3.6e-05,172.31.36.0-255,66,219,15,155693
20911,4.3e-05,172.217.194.0-255,1484,1703,15,155693
20912,4.8e-05,172.31.36.0-255,66,1769,15,155693
20913,5.3e-05,172.217.194.0-255,2902,4671,15,155693
20914,5.6e-05,172.31.36.0-255,66,4737,15,155693
20915,6.4e-05,172.217.194.0-255,7156,11893,15,155693
20916,6.6e-05,172.31.36.0-255,66,11959,15,155693
20917,6.8e-05,172.217.194.0-255,1484,13443,15,155693
20918,7.2e-05,172.31.36.0-255,66,13509,15,155693
20919,9.7e-05,172.217.194.0-255,6269,19778,15,155693
20920,0.000101,172.31.36.0-255,66,19844,15,155693
20921,0.000105,172.217.194.0-255,2902,22746,15,155693
20922,0.000107,172.31.36.0-255,66,22812,15,155693
20923,0.000121,172.217.194.0-255,4320,27132,15,155693
20924,0.000124,172.31.36.0-255,66,27198,15,155693
20925,0.000141,172.217.194.0-255,3961,31159,15,155693
20926,0.000144,172.31.36.0-255,66,31225,15,155693
20927,0.000183,172.217.194.0-255,2902,34127,15,155693
20928,0.000188,172.31.36.0-255,66,34193,15,155693
20929,0.000191,172.217.194.0-255,1484,35677,15,155693
20930,0.000193,172.31.36.0-255,66,35743,15,155693
20931,0.000209,172.217.194.0-255,2902,38645,15,155693
20932,0.000212,172.31.36.0-255,66,38711,15,155693
20933,0.000232,172.217.194.0-255,1484,40195,15,155693
20934,0.000234,172.31.36.0-255,66,40261,15,155693
20935,0.000253,172.217.194.0-255,2902,43163,15,155693
20936,0.000256,172.31.36.0-255,66,43229,15,155693
20937,0.000304,172.217.194.0-255,4320,47549,15,155693
20938,0.000308,172.31.36.0-255,66,47615,15,155693
20939,0.000326,172.217.194.0-255,1125,48740,15,155693
20940,0.000329,172.31.36.0-255,66,48806,15,155693
20941,0.000346,172.217.194.0-255,5738,54544,15,155693
20942,0.00035,172.31.36.0-255,66,54610,15,155693
20943,0.000379,172.217.194.0-255,7156,61766,15,155693
20944,0.000384,172.31.36.0-255,66,61832,15,155693
20945,0.000406,172.217.194.0-255,4255,66087,15,155693
20946,0.000409,172.31.36.0-255,66,66153,15,155693
20947,0.000637,172.217.194.0-255,383,66536,15,155693
20948,0.000661,172.217.194.0-255,1484,68020,15,155693
20949,0.000664,172.31.36.0-255,66,68086,15,155693
20950,0.000668,172.217.194.0-255,1484,69570,15,155693
20951,0.000683,172.217.194.0-255,2902,72472,15,155693
20952,0.000686,172.31.36.0-255,66,72538,15,155693
20953,0.000718,172.217.194.0-255,2902,75440,15,155693
20954,0.000721,172.31.36.0-255,66,75506,15,155693
20955,0.000737,172.217.194.0-255,7156,82662,15,155693
20956,0.00074,172.31.36.0-255,66,82728,15,155693
20957,0.000755,172.217.194.0-255,1484,84212,15,155693
20958,0.000779,172.31.36.0-255,66,84278,15,155693
20959,0.000797,172.217.194.0-255,1484,85762,15,155693
20960,0.000817,172.217.194.0-255,5379,91141,15,155693
20961,0.00082,172.31.36.0-255,66,91207,15,155693
20962,0.001297,172.217.194.0-255,1484,92691,15,155693
20963,0.001308,172.217.194.0-255,2902,95593,15,155693
20964,0.001311,172.31.36.0-255,66,95659,15,155693
20965,0.001317,172.217.194.0-255,1484,97143,15,155693
20966,0.001333,172.217.194.0-255,4320,101463,15,155693
20967,0.001336,172.31.36.0-255,66,101529,15,155693
20968,0.001365,172.31.36.0-255,66,101595,15,155693
20969,0.001373,172.217.194.0-255,7156,108751,15,155693
20970,0.001375,172.31.36.0-255,66,108817,15,155693
20971,0.001415,172.217.194.0-255,3602,112419,15,155693
20972,0.001418,172.31.36.0-255,66,112485,15,155693
20973,0.002165,172.217.194.0-255,1484,113969,15,155693
20974,0.002173,172.217.194.0-255,2902,116871,15,155693
20975,0.002177,172.31.36.0-255,66,116937,15,155693
20976,0.002184,172.217.194.0-255,5738,122675,15,155693
20977,0.002186,172.31.36.0-255,66,122741,15,155693
20978,0.00225,172.31.36.0-255,66,122807,15,155693
20979,0.002262,172.31.36.0-255,66,122873,15,155693
20980,0.00228,172.217.194.0-255,5738,128611,15,155693
20981,0.002282,172.31.36.0-255,66,128677,15,155693
20982,0.002297,172.217.194.0-255,2184,130861,15,155693
20983,0.002299,172.31.36.0-255,66,130927,15,155693
20984,0.00231,172.31.36.0-255,66,130993,15,155693
20985,0.00233,172.217.194.0-255,7156,138149,15,155693
20986,0.002333,172.31.36.0-255,66,138215,15,155693
20987,0.002352,172.31.36.0-255,66,138281,15,155693
20988,0.004847,172.217.194.0-255,5738,144019,15,155693
20989,0.004852,172.31.36.0-255,66,144085,15,155693
20990,0.007379,172.217.194.0-255,5738,149823,15,155693
20991,0.007386,172.31.36.0-255,66,149889,15,155693
20992,0.009939,172.217.194.0-255,5738,155627,15,155693
20993,0.009948,172.31.36.0-255,66,155693,15,155693
20994,0.0,172.217.194.0-255,153,153,15,88793
20995,3.3e-05,172.31.36.0-255,66,219,15,88793
20996,4e-05,172.217.194.0-255,1484,1703,15,88793
20997,4.4e-05,172.31.36.0-255,66,1769,15,88793
20998,5e-05,172.217.194.0-255,2902,4671,15,88793
20999,5.3e-05,172.31.36.0-255,66,4737,15,88793
21000,5.8e-05,172.217.194.0-255,5738,10475,15,88793
21001,6.1e-05,172.31.36.0-255,66,10541,15,88793
21002,0.000103,172.217.194.0-255,6377,16918,15,88793
21003,0.000106,172.31.36.0-255,66,16984,15,88793
21004,0.000157,172.217.194.0-255,7156,24140,15,88793
21005,0.000161,172.31.36.0-255,66,24206,15,88793
21006,0.000177,172.217.194.0-255,6797,31003,15,88793
21007,0.000179,172.31.36.0-255,66,31069,15,88793
21008,0.000301,172.217.194.0-255,2902,33971,15,88793
21009,0.000306,172.31.36.0-255,66,34037,15,88793
21010,0.000338,172.31.36.0-255,66,34103,15,88793
21011,0.00045,172.217.194.0-255,2902,37005,15,88793
21012,0.000454,172.31.36.0-255,66,37071,15,88793
21013,0.000479,172.31.36.0-255,66,37137,15,88793
21014,0.00061,172.217.194.0-255,2455,39592,15,88793
21015,0.000617,172.31.36.0-255,66,39658,15,88793
21016,0.000635,172.217.194.0-255,2902,42560,15,88793
21017,0.000638,172.31.36.0-255,66,42626,15,88793
21018,0.000656,172.217.194.0-255,5795,48421,15,88793
21019,0.000658,172.31.36.0-255,66,48487,15,88793
21020,0.000734,172.217.194.0-255,2902,51389,15,88793
21021,0.000738,172.31.36.0-255,66,51455,15,88793
21022,0.00076,172.31.36.0-255,66,51521,15,88793
21023,0.000866,172.217.194.0-255,2902,54423,15,88793
21024,0.00087,172.31.36.0-255,66,54489,15,88793
21025,0.000906,172.31.36.0-255,66,54555,15,88793
21026,0.002158,172.217.194.0-255,1484,56039,15,88793
21027,0.002169,172.217.194.0-255,2902,58941,15,88793
21028,0.002173,172.31.36.0-255,66,59007,15,88793
21029,0.002179,172.217.194.0-255,2902,61909,15,88793
21030,0.002196,172.217.194.0-255,2902,64811,15,88793
21031,0.002243,172.217.194.0-255,2902,67713,15,88793
21032,0.00226,172.217.194.0-255,4320,72033,15,88793
21033,0.002313,172.217.194.0-255,2902,74935,15,88793
21034,0.002452,172.217.194.0-255,2184,77119,15,88793
21035,0.004965,172.31.36.0-255,66,77185,15,88793
21036,0.007263,172.217.194.0-255,5738,82923,15,88793
21037,0.007269,172.31.36.0-255,66,82989,15,88793
21038,0.009548,172.217.194.0-255,5738,88727,15,88793
21039,0.009557,172.31.36.0-255,66,88793,15,88793
21040,0.0,74.125.24.0-255,150,150,15,126969
21041,3.7e-05,172.31.36.0-255,66,216,15,126969
21042,4.5e-05,74.125.24.0-255,1484,1700,15,126969
21043,5e-05,172.31.36.0-255,66,1766,15,126969
21044,5.4e-05,74.125.24.0-255,2902,4668,15,126969
21045,5.7e-05,172.31.36.0-255,66,4734,15,126969
21046,6.4e-05,74.125.24.0-255,7156,11890,15,126969
21047,6.7e-05,172.31.36.0-255,66,11956,15,126969
21048,8.9e-05,74.125.24.0-255,2028,13984,15,126969
21049,9.2e-05,172.31.36.0-255,66,14050,15,126969
21050,9.7e-05,74.125.24.0-255,2902,16952,15,126969
21051,9.9e-05,172.31.36.0-255,66,17018,15,126969
21052,0.000122,74.125.24.0-255,2902,19920,15,126969
21053,0.000124,172.31.36.0-255,66,19986,15,126969
21054,0.000146,74.125.24.0-255,4320,24306,15,126969
21055,0.00015,172.31.36.0-255,66,24372,15,126969
21056,0.000156,74.125.24.0-255,6797,31169,15,126969
21057,0.000159,172.31.36.0-255,66,31235,15,126969
21058,0.00023,74.125.24.0-255,1484,32719,15,126969
21059,0.000233,172.31.36.0-255,66,32785,15,126969
21060,0.000238,74.125.24.0-255,2902,35687,15,126969
21061,0.00024,172.31.36.0-255,66,35753,15,126969
21062,0.000264,74.125.24.0-255,4320,40073,15,126969
21063,0.000267,172.31.36.0-255,66,40139,15,126969
21064,0.000271,74.125.24.0-255,2902,43041,15,126969
21065,0.000272,172.31.36.0-255,66,43107,15,126969
21066,0.000291,74.125.24.0-255,5738,48845,15,126969
21067,0.000294,172.31.36.0-255,66,48911,15,126969
21068,0.000316,74.125.24.0-255,1125,50036,15,126969
21069,0.000319,172.31.36.0-255,66,50102,15,126969
21070,0.000332,172.31.36.0-255,66,50168,15,126969
21071,0.000356,74.125.24.0-255,4296,54464,15,126969
21072,0.000359,172.31.36.0-255,66,54530,15,126969
21073,0.000401,74.125.24.0-255,108,54638,15,126969
21074,0.000674,74.125.24.0-255,1484,56122,15,126969
21075,0.000678,172.31.36.0-255,66,56188,15,126969
21076,0.000683,74.125.24.0-255,2902,59090,15,126969
21077,0.000686,172.31.36.0-255,66,59156,15,126969
21078,0.000711,74.125.24.0-255,4320,63476,15,126969
21079,0.000713,172.31.36.0-255,66,63542,15,126969
21080,0.00074,74.125.24.0-255,1484,65026,15,126969
21081,0.000757,172.31.36.0-255,66,65092,15,126969
21082,0.000777,74.125.24.0-255,2902,67994,15,126969
21083,0.00078,172.31.36.0-255,66,68060,15,126969
21084,0.000798,74.125.24.0-255,6797,74857,15,126969
21085,0.000801,172.31.36.0-255,66,74923,15,126969
21086,0.001985,74.125.24.0-255,1484,76407,15,126969
21087,0.001996,74.125.24.0-255,2902,79309,15,126969
21088,0.002,172.31.36.0-255,66,79375,15,126969
21089,0.002007,74.125.24.0-255,4320,83695,15,126969
21090,0.002009,172.31.36.0-255,66,83761,15,126969
21091,0.002026,74.125.24.0-255,1484,85245,15,126969
21092,0.002039,172.31.36.0-255,66,85311,15,126969
21093,0.002044,74.125.24.0-255,4320,89631,15,126969
21094,0.002046,172.31.36.0-255,66,89697,15,126969
21095,0.002063,74.125.24.0-255,6438,96135,15,126969
21096,0.002065,172.31.36.0-255,66,96201,15,126969
21097,0.002141,74.125.24.0-255,1484,97685,15,126969
21098,0.002147,74.125.24.0-255,2902,100587,15,126969
21099,0.00215,172.31.36.0-255,66,100653,15,126969
21100,0.002175,74.125.24.0-255,5738,106391,15,126969
21101,0.002178,172.31.36.0-255,66,106457,15,126969
21102,0.002183,74.125.24.0-255,4320,110777,15,126969
21103,0.002185,172.31.36.0-255,66,110843,15,126969
21104,0.002208,172.31.36.0-255,66,110909,15,126969
21105,0.004349,74.125.24.0-255,4320,115229,15,126969
21106,0.004354,172.31.36.0-255,66,115295,15,126969
21107,0.00437,74.125.24.0-255,1484,116779,15,126969
21108,0.006529,74.125.24.0-255,4320,121099,15,126969
21109,0.006536,172.31.36.0-255,66,121165,15,126969
21110,0.008691,74.125.24.0-255,5738,126903,15,126969
21111,0.008697,172.31.36.0-255,66,126969,15,126969
21112,0.0,74.125.24.0-255,212,212,15,263980
21113,3.5e-05,172.31.36.0-255,66,278,15,263980
21114,4.2e-05,74.125.24.0-255,1484,1762,15,263980
21115,4.6e-05,172.31.36.0-255,66,1828,15,263980
21116,5.1e-05,74.125.24.0-255,2902,4730,15,263980
21117,6.2e-05,172.31.36.0-255,66,4796,15,263980
21118,6.8e-05,74.125.24.0-255,5738,10534,15,263980
21119,7.1e-05,172.31.36.0-255,66,10600,15,263980
21120,0.0001,74.125.24.0-255,6101,16701,15,263980
21121,0.000105,172.31.36.0-255,66,16767,15,263980
21122,0.000112,74.125.24.0-255,7156,23923,15,263980
21123,0.000114,172.31.36.0-255,66,23989,15,263980
21124,0.00015,74.125.24.0-255,6797,30786,15,263980
21125,0.000154,172.31.36.0-255,66,30852,15,263980
21126,0.000297,74.125.24.0-255,1484,32336,15,263980
21127,0.000303,172.31.36.0-255,66,32402,15,263980
21128,0.000342,74.125.24.0-255,2902,35304,15,263980
21129,0.000345,172.31.36.0-255,66,35370,15,263980
21130,0.000351,74.125.24.0-255,4320,39690,15,263980
21131,0.000354,172.31.36.0-255,66,39756,15,263980
21132,0.000371,172.31.36.0-255,66,39822,15,263980
21133,0.000417,172.31.36.0-255,66,39888,15,263980
21134,0.00045,74.125.24.0-255,3602,43490,15,263980
21135,0.000454,172.31.36.0-255,66,43556,15,263980
21136,0.001645,74.125.24.0-255,645,44201,15,263980
21137,0.001653,172.31.36.0-255,66,44267,15,263980
21138,0.00179,74.125.24.0-255,1484,45751,15,263980
21139,0.001793,172.31.36.0-255,66,45817,15,263980
21140,0.001811,74.125.24.0-255,2902,48719,15,263980
21141,0.001814,172.31.36.0-255,66,48785,15,263980
21142,0.001831,74.125.24.0-255,5738,54523,15,263980
21143,0.001837,172.31.36.0-255,66,54589,15,263980
21144,0.001842,74.125.24.0-255,4320,58909,15,263980
21145,0.001844,172.31.36.0-255,66,58975,15,263980
21146,0.001886,74.125.24.0-255,1995,60970,15,263980
21147,0.001889,172.31.36.0-255,66,61036,15,263980
21148,0.00208,74.125.24.0-255,1484,62520,15,263980
21149,0.002082,172.31.36.0-255,66,62586,15,263980
21150,0.002108,74.125.24.0-255,2902,65488,15,263980
21151,0.002115,74.125.24.0-255,5738,71226,15,263980
21152,0.002151,74.125.24.0-255,2902,74128,15,263980
21153,0.002181,74.125.24.0-255,5738,79866,15,263980
21154,0.002203,74.125.24.0-255,6438,86304,15,263980
21155,0.002573,74.125.24.0-255,1484,87788,15,263980
21156,0.002588,74.125.24.0-255,2902,90690,15,263980
21157,0.002594,74.125.24.0-255,5738,96428,15,263980
21158,0.002608,74.125.24.0-255,1484,97912,15,263980
21159,0.002632,74.125.24.0-255,5738,103650,15,263980
21160,0.002645,74.125.24.0-255,2902,106552,15,263980
21161,0.00266,74.125.24.0-255,2902,109454,15,263980
21162,0.00291,74.125.24.0-255,1484,110938,15,263980
21163,0.002915,74.125.24.0-255,2902,113840,15,263980
21164,0.002934,74.125.24.0-255,5738,119578,15,263980
21165,0.002949,74.125.24.0-255,2902,122480,15,263980
21166,0.002976,74.125.24.0-255,7156,129636,15,263980
21167,0.00299,74.125.24.0-255,2902,132538,15,263980
21168,0.003002,74.125.24.0-255,766,133304,15,263980
21169,0.003232,74.125.24.0-255,1484,134788,15,263980
21170,0.003244,74.125.24.0-255,2902,137690,15,263980
21171,0.00326,74.125.24.0-255,1484,139174,15,263980
21172,0.003277,74.125.24.0-255,4320,143494,15,263980
21173,0.003281,74.125.24.0-255,2902,146396,15,263980
21174,0.003304,74.125.24.0-255,2902,149298,15,263980
21175,0.003326,74.125.24.0-255,7156,156454,15,263980
21176,0.003331,74.125.24.0-255,4320,160774,15,263980
21177,0.003349,74.125.24.0-255,6438,167212,15,263980
21178,0.003747,74.125.24.0-255,1484,168696,15,263980
21179,0.003752,74.125.24.0-255,1484,170180,15,263980
21180,0.003764,74.125.24.0-255,1484,171664,15,263980
21181,0.003787,74.125.24.0-255,5738,177402,15,263980
21182,0.003802,74.125.24.0-255,4320,181722,15,263980
21183,0.003824,74.125.24.0-255,5738,187460,15,263980
21184,0.00386,74.125.24.0-255,4320,191780,15,263980
21185,0.003898,74.125.24.0-255,1484,193264,15,263980
21186,0.003959,74.125.24.0-255,7156,200420,15,263980
21187,0.003984,74.125.24.0-255,5738,206158,15,263980
21188,0.004008,74.125.24.0-255,2902,209060,15,263980
21189,0.004013,74.125.24.0-255,4320,213380,15,263980
21190,0.004044,74.125.24.0-255,5020,218400,15,263980
21191,0.004084,74.125.24.0-255,1484,219884,15,263980
21192,0.004109,74.125.24.0-255,2902,222786,15,263980
21193,0.004115,74.125.24.0-255,4320,227106,15,263980
21194,0.004126,74.125.24.0-255,1484,228590,15,263980
21195,0.004127,172.31.36.0-255,66,228656,15,263980
21196,0.004153,74.125.24.0-255,7156,235812,15,263980
21197,0.004166,172.31.36.0-255,66,235878,15,263980
21198,0.004179,74.125.24.0-255,5738,241616,15,263980
21199,0.004187,172.31.36.0-255,66,241682,15,263980
21200,0.004214,74.125.24.0-255,2184,243866,15,263980
21201,0.004225,172.31.36.0-255,66,243932,15,263980
21202,0.004242,74.125.24.0-255,2902,246834,15,263980
21203,0.004248,74.125.24.0-255,2902,249736,15,263980
21204,0.00425,172.31.36.0-255,66,249802,15,263980
21205,0.004255,172.31.36.0-255,66,249868,15,263980
21206,0.00428,74.125.24.0-255,1484,251352,15,263980
21207,0.004296,74.125.24.0-255,5738,257090,15,263980
21208,0.0043,74.125.24.0-255,1484,258574,15,263980
21209,0.004304,172.31.36.0-255,66,258640,15,263980
21210,0.004364,172.31.36.0-255,66,258706,15,263980
21211,0.004419,172.31.36.0-255,66,258772,15,263980
21212,0.004464,74.125.24.0-255,4637,263409,15,263980
21213,0.004466,172.31.36.0-255,66,263475,15,263980
21214,0.004471,172.31.36.0-255,66,263541,15,263980
21215,0.004485,74.125.24.0-255,97,263638,15,263980
21216,0.004545,74.125.24.0-255,105,263743,15,263980
21217,0.006654,172.31.36.0-255,66,263809,15,263980
21218,0.00668,172.31.36.0-255,105,263914,15,263980
21219,0.0089,74.125.24.0-255,66,263980,15,263980
21220,0.0,74.125.24.0-255,143,143,15,179606
21221,2.2e-05,172.31.36.0-255,66,209,15,179606
21222,5.9e-05,74.125.24.0-255,1484,1693,15,179606
21223,6.4e-05,172.31.36.0-255,66,1759,15,179606
21224,7e-05,74.125.24.0-255,2902,4661,15,179606
21225,7.4e-05,172.31.36.0-255,66,4727,15,179606
21226,8.5e-05,74.125.24.0-255,5738,10465,15,179606
21227,9e-05,172.31.36.0-255,66,10531,15,179606
21228,9.6e-05,74.125.24.0-255,6231,16762,15,179606
21229,9.9e-05,172.31.36.0-255,66,16828,15,179606
21230,0.000104,74.125.24.0-255,2902,19730,15,179606
21231,0.000107,172.31.36.0-255,66,19796,15,179606
21232,0.000151,172.31.36.0-255,66,19862,15,179606
21233,0.000228,74.125.24.0-255,1484,21346,15,179606
21234,0.000231,172.31.36.0-255,66,21412,15,179606
21235,0.000271,74.125.24.0-255,1484,22896,15,179606
21236,0.000273,172.31.36.0-255,66,22962,15,179606
21237,0.00029,74.125.24.0-255,1484,24446,15,179606
21238,0.000292,172.31.36.0-255,66,24512,15,179606
21239,0.000298,74.125.24.0-255,2902,27414,15,179606
21240,0.0003,172.31.36.0-255,66,27480,15,179606
21241,0.000305,74.125.24.0-255,2902,30382,15,179606
21242,0.000307,172.31.36.0-255,66,30448,15,179606
21243,0.00034,74.125.24.0-255,4320,34768,15,179606
21244,0.000343,172.31.36.0-255,66,34834,15,179606
21245,0.000348,74.125.24.0-255,4320,39154,15,179606
21246,0.000351,172.31.36.0-255,66,39220,15,179606
21247,0.000392,172.31.36.0-255,66,39286,15,179606
21248,0.000424,74.125.24.0-255,5727,45013,15,179606
21249,0.000427,172.31.36.0-255,66,45079,15,179606
21250,0.00043,74.125.24.0-255,331,45410,15,179606
21251,0.000599,74.125.24.0-255,1484,46894,15,179606
21252,0.000603,172.31.36.0-255,66,46960,15,179606
21253,0.000636,74.125.24.0-255,2902,49862,15,179606
21254,0.00064,172.31.36.0-255,66,49928,15,179606
21255,0.000646,74.125.24.0-255,5738,55666,15,179606
21256,0.000649,172.31.36.0-255,66,55732,15,179606
21257,0.000652,74.125.24.0-255,1484,57216,15,179606
21258,0.000656,74.125.24.0-255,2902,60118,15,179606
21259,0.000658,172.31.36.0-255,66,60184,15,179606
21260,0.000671,74.125.24.0-255,5738,65922,15,179606
21261,0.000674,172.31.36.0-255,66,65988,15,179606
21262,0.000677,74.125.24.0-255,1484,67472,15,179606
21263,0.000725,172.31.36.0-255,66,67538,15,179606
21264,0.000728,74.125.24.0-255,766,68304,15,179606
21265,0.001011,74.125.24.0-255,1484,69788,15,179606
21266,0.001015,172.31.36.0-255,66,69854,15,179606
21267,0.00102,74.125.24.0-255,2902,72756,15,179606
21268,0.001022,172.31.36.0-255,66,72822,15,179606
21269,0.001029,74.125.24.0-255,5738,78560,15,179606
21270,0.001037,172.31.36.0-255,66,78626,15,179606
21271,0.00108,172.31.36.0-255,66,78692,15,179606
21272,0.001093,172.31.36.0-255,66,78758,15,179606
21273,0.001098,74.125.24.0-255,2184,80942,15,179606
21274,0.0011,172.31.36.0-255,66,81008,15,179606
21275,0.001304,74.125.24.0-255,1484,82492,15,179606
21276,0.001311,74.125.24.0-255,2902,85394,15,179606
21277,0.001313,172.31.36.0-255,66,85460,15,179606
21278,0.001319,74.125.24.0-255,4320,89780,15,179606
21279,0.001322,172.31.36.0-255,66,89846,15,179606
21280,0.001355,74.125.24.0-255,1484,91330,15,179606
21281,0.001371,172.31.36.0-255,66,91396,15,179606
21282,0.00139,172.31.36.0-255,66,91462,15,179606
21283,0.001418,74.125.24.0-255,6438,97900,15,179606
21284,0.001421,172.31.36.0-255,66,97966,15,179606
21285,0.001429,74.125.24.0-255,7156,105122,15,179606
21286,0.001431,172.31.36.0-255,66,105188,15,179606
21287,0.001451,172.31.36.0-255,66,105254,15,179606
21288,0.001484,74.125.24.0-255,2902,108156,15,179606
21289,0.001487,172.31.36.0-255,66,108222,15,179606
21290,0.001494,74.125.24.0-255,5020,113242,15,179606
21291,0.001496,172.31.36.0-255,66,113308,15,179606
21292,0.001823,74.125.24.0-255,1484,114792,15,179606
21293,0.001829,74.125.24.0-255,2902,117694,15,179606
21294,0.001832,172.31.36.0-255,66,117760,15,179606
21295,0.001838,74.125.24.0-255,4320,122080,15,179606
21296,0.001841,172.31.36.0-255,66,122146,15,179606
21297,0.001873,74.125.24.0-255,1484,123630,15,179606
21298,0.001885,172.31.36.0-255,66,123696,15,179606
21299,0.001913,74.125.24.0-255,4320,128016,15,179606
21300,0.001915,172.31.36.0-255,66,128082,15,179606
21301,0.001918,74.125.24.0-255,1484,129566,15,179606
21302,0.001934,172.31.36.0-255,66,129632,15,179606
21303,0.002029,74.125.24.0-255,1484,131116,15,179606
21304,0.002034,74.125.24.0-255,2902,134018,15,179606
21305,0.002038,172.31.36.0-255,66,134084,15,179606
21306,0.002043,74.125.24.0-255,2902,136986,15,179606
21307,0.002045,172.31.36.0-255,66,137052,15,179606
21308,0.002074,74.125.24.0-255,2902,139954,15,179606
21309,0.002077,172.31.36.0-255,66,140020,15,179606
21310,0.0021,172.31.36.0-255,66,140086,15,179606
21311,0.002107,74.125.24.0-255,5738,145824,15,179606
21312,0.002109,172.31.36.0-255,66,145890,15,179606
21313,0.002116,74.125.24.0-255,7156,153046,15,179606
21314,0.002119,172.31.36.0-255,66,153112,15,179606
21315,0.002171,172.31.36.0-255,66,153178,15,179606
21316,0.002177,74.125.24.0-255,4320,157498,15,179606
21317,0.002179,172.31.36.0-255,66,157564,15,179606
21318,0.002239,172.31.36.0-255,66,157630,15,179606
21319,0.002261,74.125.24.0-255,3602,161232,15,179606
21320,0.002268,172.31.36.0-255,66,161298,15,179606
21321,0.002282,172.31.36.0-255,66,161364,15,179606
21322,0.002289,74.125.24.0-255,7156,168520,15,179606
21323,0.002292,172.31.36.0-255,66,168586,15,179606
21324,0.002307,172.31.36.0-255,66,168652,15,179606
21325,0.002317,172.31.36.0-255,66,168718,15,179606
21326,0.002343,74.125.24.0-255,4320,173038,15,179606
21327,0.002351,172.31.36.0-255,66,173104,15,179606
21328,0.002364,172.31.36.0-255,66,173170,15,179606
21329,0.002368,74.125.24.0-255,2902,176072,15,179606
21330,0.002371,172.31.36.0-255,66,176138,15,179606
21331,0.002482,172.31.36.0-255,66,176204,15,179606
21332,0.004783,74.125.24.0-255,3165,179369,15,179606
21333,0.004789,172.31.36.0-255,66,179435,15,179606
21334,0.005467,172.31.36.0-255,105,179540,15,179606
21335,0.007716,74.125.24.0-255,66,179606,15,179606
21336,0.0,74.125.24.0-255,153,153,15,196495
21337,1.7e-05,172.31.36.0-255,66,219,15,196495
21338,2.4e-05,74.125.24.0-255,1484,1703,15,196495
21339,2.8e-05,172.31.36.0-255,66,1769,15,196495
21340,3.6e-05,74.125.24.0-255,2902,4671,15,196495
21341,4e-05,172.31.36.0-255,66,4737,15,196495
21342,4.3e-05,74.125.24.0-255,1484,6221,15,196495
21343,4.6e-05,172.31.36.0-255,66,6287,15,196495
21344,5.2e-05,74.125.24.0-255,2902,9189,15,196495
21345,5.5e-05,172.31.36.0-255,66,9255,15,196495
21346,0.0001,74.125.24.0-255,4810,14065,15,196495
21347,0.000103,172.31.36.0-255,66,14131,15,196495
21348,0.000371,74.125.24.0-255,1484,15615,15,196495
21349,0.000378,172.31.36.0-255,66,15681,15,196495
21350,0.00039,74.125.24.0-255,2902,18583,15,196495
21351,0.000393,172.31.36.0-255,66,18649,15,196495
21352,0.000417,74.125.24.0-255,5738,24387,15,196495
21353,0.00042,172.31.36.0-255,66,24453,15,196495
21354,0.000425,74.125.24.0-255,2902,27355,15,196495
21355,0.000427,172.31.36.0-255,66,27421,15,196495
21356,0.00045,74.125.24.0-255,2902,30323,15,196495
21357,0.000453,172.31.36.0-255,66,30389,15,196495
21358,0.000464,74.125.24.0-255,1125,31514,15,196495
21359,0.000467,172.31.36.0-255,66,31580,15,196495
21360,0.000667,74.125.24.0-255,1484,33064,15,196495
21361,0.000671,172.31.36.0-255,66,33130,15,196495
21362,0.000691,74.125.24.0-255,2902,36032,15,196495
21363,0.000693,172.31.36.0-255,66,36098,15,196495
21364,0.0007,74.125.24.0-255,5738,41836,15,196495
21365,0.000702,172.31.36.0-255,66,41902,15,196495
21366,0.000726,74.125.24.0-255,1484,43386,15,196495
21367,0.000728,172.31.36.0-255,66,43452,15,196495
21368,0.00076,172.31.36.0-255,66,43518,15,196495
21369,0.000795,74.125.24.0-255,7156,50674,15,196495
21370,0.000802,172.31.36.0-255,66,50740,15,196495
21371,0.000811,74.125.24.0-255,2875,53615,15,196495
21372,0.00083,74.125.24.0-255,113,53728,15,196495
21373,0.000855,74.125.24.0-255,329,54057,15,196495
21374,0.000866,172.31.36.0-255,66,54123,15,196495
21375,0.001338,74.125.24.0-255,1484,55607,15,196495
21376,0.00136,74.125.24.0-255,2902,58509,15,196495
21377,0.001365,172.31.36.0-255,66,58575,15,196495
21378,0.001373,74.125.24.0-255,5738,64313,15,196495
21379,0.001376,172.31.36.0-255,66,64379,15,196495
21380,0.001406,172.31.36.0-255,66,64445,15,196495
21381,0.00143,74.125.24.0-255,1484,65929,15,196495
21382,0.001443,172.31.36.0-255,66,65995,15,196495
21383,0.005019,74.125.24.0-255,1484,67479,15,196495
21384,0.005026,74.125.24.0-255,2902,70381,15,196495
21385,0.005047,74.125.24.0-255,5738,76119,15,196495
21386,0.005067,74.125.24.0-255,7156,83275,15,196495
21387,0.005102,74.125.24.0-255,2184,85459,15,196495
21388,0.005405,172.31.36.0-255,66,85525,15,196495
21389,0.006135,74.125.24.0-255,1484,87009,15,196495
21390,0.006145,74.125.24.0-255,2902,89911,15,196495
21391,0.006149,172.31.36.0-255,66,89977,15,196495
21392,0.006155,74.125.24.0-255,2902,92879,15,196495
21393,0.006157,172.31.36.0-255,66,92945,15,196495
21394,0.00617,74.125.24.0-255,1484,94429,15,196495
21395,0.006175,74.125.24.0-255,2902,97331,15,196495
21396,0.006177,172.31.36.0-255,66,97397,15,196495
21397,0.006204,74.125.24.0-255,5738,103135,15,196495
21398,0.006207,172.31.36.0-255,66,103201,15,196495
21399,0.006225,74.125.24.0-255,2902,106103,15,196495
21400,0.006227,172.31.36.0-255,66,106169,15,196495
21401,0.006253,172.31.36.0-255,66,106235,15,196495
21402,0.006278,74.125.24.0-255,766,107001,15,196495
21403,0.0063,74.125.24.0-255,7156,114157,15,196495
21404,0.00637,74.125.24.0-255,2902,117059,15,196495
21405,0.006396,74.125.24.0-255,4320,121379,15,196495
21406,0.006403,74.125.24.0-255,4320,125699,15,196495
21407,0.00642,74.125.24.0-255,4320,130019,15,196495
21408,0.006434,74.125.24.0-255,4320,134339,15,196495
21409,0.006486,74.125.24.0-255,2902,137241,15,196495
21410,0.00651,74.125.24.0-255,2184,139425,15,196495
21411,0.006516,74.125.24.0-255,5738,145163,15,196495
21412,0.006563,74.125.24.0-255,1484,146647,15,196495
21413,0.006574,74.125.24.0-255,1484,148131,15,196495
21414,0.006635,74.125.24.0-255,7156,155287,15,196495
21415,0.006711,74.125.24.0-255,2184,157471,15,196495
21416,0.006731,74.125.24.0-255,7156,164627,15,196495
21417,0.006736,74.125.24.0-255,2902,167529,15,196495
21418,0.006757,74.125.24.0-255,5738,173267,15,196495
21419,0.006796,74.125.24.0-255,2902,176169,15,196495
21420,0.006812,74.125.24.0-255,7156,183325,15,196495
21421,0.006828,74.125.24.0-255,7156,190481,15,196495
21422,0.006885,74.125.24.0-255,5738,196219,15,196495
21423,0.00692,74.125.24.0-255,105,196324,15,196495
21424,0.007369,172.31.36.0-255,66,196390,15,196495
21425,0.009327,172.31.36.0-255,105,196495,15,196495
21426,0.0,74.125.68.0-255,66,66,15,66
21427,0.0,74.125.24.0-255,153,153,15,144160
21428,1.7e-05,172.31.36.0-255,66,219,15,144160
21429,2.5e-05,74.125.24.0-255,1484,1703,15,144160
21430,3e-05,172.31.36.0-255,66,1769,15,144160
21431,3.5e-05,74.125.24.0-255,2902,4671,15,144160
21432,3.8e-05,172.31.36.0-255,66,4737,15,144160
21433,4.5e-05,74.125.24.0-255,5738,10475,15,144160
21434,4.8e-05,172.31.36.0-255,66,10541,15,144160
21435,7.1e-05,74.125.24.0-255,1484,12025,15,144160
21436,7.3e-05,172.31.36.0-255,66,12091,15,144160
21437,7.8e-05,74.125.24.0-255,2101,14192,15,144160
21438,8.1e-05,172.31.36.0-255,66,14258,15,144160
21439,0.000457,74.125.24.0-255,1484,15742,15,144160
21440,0.000464,172.31.36.0-255,66,15808,15,144160
21441,0.000471,74.125.24.0-255,2902,18710,15,144160
21442,0.000473,172.31.36.0-255,66,18776,15,144160
21443,0.00048,74.125.24.0-255,5738,24514,15,144160
21444,0.000483,172.31.36.0-255,66,24580,15,144160
21445,0.000529,74.125.24.0-255,5738,30318,15,144160
21446,0.000533,172.31.36.0-255,66,30384,15,144160
21447,0.000557,74.125.24.0-255,6797,37181,15,144160
21448,0.00056,172.31.36.0-255,66,37247,15,144160
21449,0.000574,172.31.36.0-255,66,37313,15,144160
21450,0.00059,172.31.36.0-255,66,37379,15,144160
21451,0.000673,74.125.24.0-255,398,37777,15,144160
21452,0.000677,172.31.36.0-255,66,37843,15,144160
21453,0.000837,74.125.24.0-255,1484,39327,15,144160
21454,0.000841,172.31.36.0-255,66,39393,15,144160
21455,0.000846,74.125.24.0-255,2902,42295,15,144160
21456,0.000849,172.31.36.0-255,66,42361,15,144160
21457,0.000855,74.125.24.0-255,4320,46681,15,144160
21458,0.000857,172.31.36.0-255,66,46747,15,144160
21459,0.000883,74.125.24.0-255,1484,48231,15,144160
21460,0.000898,172.31.36.0-255,66,48297,15,144160
21461,0.000933,74.125.24.0-255,7156,55453,15,144160
21462,0.000936,172.31.36.0-255,66,55519,15,144160
21463,0.000957,74.125.24.0-255,3602,59121,15,144160
21464,0.00096,172.31.36.0-255,66,59187,15,144160
21465,0.000963,74.125.24.0-255,345,59532,15,144160
21466,0.001148,74.125.24.0-255,1484,61016,15,144160
21467,0.001153,172.31.36.0-255,66,61082,15,144160
21468,0.00116,74.125.24.0-255,2902,63984,15,144160
21469,0.001162,172.31.36.0-255,66,64050,15,144160
21470,0.001169,74.125.24.0-255,5738,69788,15,144160
21471,0.001171,172.31.36.0-255,66,69854,15,144160
21472,0.001174,74.125.24.0-255,1484,71338,15,144160
21473,0.001193,74.125.24.0-255,5738,77076,15,144160
21474,0.001196,172.31.36.0-255,66,77142,15,144160
21475,0.001207,172.31.36.0-255,66,77208,15,144160
21476,0.00124,172.31.36.0-255,66,77274,15,144160
21477,0.001459,74.125.24.0-255,1484,78758,15,144160
21478,0.001466,74.125.24.0-255,2902,81660,15,144160
21479,0.001469,172.31.36.0-255,66,81726,15,144160
21480,0.001495,74.125.24.0-255,5738,87464,15,144160
21481,0.001497,172.31.36.0-255,66,87530,15,144160
21482,0.001531,74.125.24.0-255,2902,90432,15,144160
21483,0.001533,172.31.36.0-255,66,90498,15,144160
21484,0.001587,172.31.36.0-255,66,90564,15,144160
21485,0.00159,172.31.36.0-255,66,90630,15,144160
21486,0.001813,74.125.24.0-255,1484,92114,15,144160
21487,0.00182,74.125.24.0-255,2902,95016,15,144160
21488,0.001824,172.31.36.0-255,66,95082,15,144160
21489,0.001829,74.125.24.0-255,1484,96566,15,144160
21490,0.001846,74.125.24.0-255,4320,100886,15,144160
21491,0.001848,172.31.36.0-255,66,100952,15,144160
21492,0.001855,74.125.24.0-255,7156,108108,15,144160
21493,0.001858,172.31.36.0-255,66,108174,15,144160
21494,0.0019,172.31.36.0-255,66,108240,15,144160
21495,0.001905,74.125.24.0-255,2184,110424,15,144160
21496,0.001906,172.31.36.0-255,66,110490,15,144160
21497,0.001938,74.125.24.0-255,2902,113392,15,144160
21498,0.001941,172.31.36.0-255,66,113458,15,144160
21499,0.001945,74.125.24.0-255,1484,114942,15,144160
21500,0.001964,74.125.24.0-255,4320,119262,15,144160
21501,0.001967,172.31.36.0-255,66,119328,15,144160
21502,0.001978,172.31.36.0-255,66,119394,15,144160
21503,0.001989,74.125.24.0-255,1484,120878,15,144160
21504,0.002005,74.125.24.0-255,5738,126616,15,144160
21505,0.002008,172.31.36.0-255,66,126682,15,144160
21506,0.002038,172.31.36.0-255,66,126748,15,144160
21507,0.004261,74.125.24.0-255,5738,132486,15,144160
21508,0.004268,172.31.36.0-255,66,132552,15,144160
21509,0.006448,74.125.24.0-255,5738,138290,15,144160
21510,0.006454,172.31.36.0-255,66,138356,15,144160
21511,0.008662,74.125.24.0-255,5738,144094,15,144160
21512,0.008669,172.31.36.0-255,66,144160,15,144160
21513,0.0,172.253.118.0-255,153,153,15,157683
21514,3.6e-05,172.31.36.0-255,66,219,15,157683
21515,4.3e-05,172.253.118.0-255,1484,1703,15,157683
21516,4.8e-05,172.31.36.0-255,66,1769,15,157683
21517,5.2e-05,172.253.118.0-255,2902,4671,15,157683
21518,5.5e-05,172.31.36.0-255,66,4737,15,157683
21519,6e-05,172.253.118.0-255,5738,10475,15,157683
21520,6.2e-05,172.31.36.0-255,66,10541,15,157683
21521,7.8e-05,172.253.118.0-255,3429,13970,15,157683
21522,8.1e-05,172.31.36.0-255,66,14036,15,157683
21523,0.000115,172.253.118.0-255,4320,18356,15,157683
21524,0.000119,172.31.36.0-255,66,18422,15,157683
21525,0.000122,172.253.118.0-255,1484,19906,15,157683
21526,0.000123,172.31.36.0-255,66,19972,15,157683
21527,0.000143,172.253.118.0-255,2902,22874,15,157683
21528,0.000147,172.31.36.0-255,66,22940,15,157683
21529,0.000153,172.253.118.0-255,5738,28678,15,157683
21530,0.000155,172.31.36.0-255,66,28744,15,157683
21531,0.00019,172.253.118.0-255,2543,31287,15,157683
21532,0.000193,172.31.36.0-255,66,31353,15,157683
21533,0.00028,172.253.118.0-255,1484,32837,15,157683
21534,0.000284,172.31.36.0-255,66,32903,15,157683
21535,0.00029,172.253.118.0-255,2902,35805,15,157683
21536,0.000292,172.31.36.0-255,66,35871,15,157683
21537,0.000295,172.253.118.0-255,1484,37355,15,157683
21538,0.000296,172.31.36.0-255,66,37421,15,157683
21539,0.000326,172.253.118.0-255,4320,41741,15,157683
21540,0.00033,172.31.36.0-255,66,41807,15,157683
21541,0.000332,172.253.118.0-255,1484,43291,15,157683
21542,0.000334,172.31.36.0-255,66,43357,15,157683
21543,0.000339,172.253.118.0-255,2902,46259,15,157683
21544,0.000342,172.31.36.0-255,66,46325,15,157683
21545,0.00039,172.253.118.0-255,2543,48868,15,157683
21546,0.000393,172.31.36.0-255,66,48934,15,157683
21547,0.000458,172.253.118.0-255,1484,50418,15,157683
21548,0.000463,172.253.118.0-255,1484,51902,15,157683
21549,0.000466,172.31.36.0-255,66,51968,15,157683
21550,0.000485,172.253.118.0-255,1484,53452,15,157683
21551,0.000491,172.253.118.0-255,5738,59190,15,157683
21552,0.000494,172.31.36.0-255,66,59256,15,157683
21553,0.000501,172.253.118.0-255,7097,66353,15,157683
21554,0.000504,172.31.36.0-255,66,66419,15,157683
21555,0.000592,172.253.118.0-255,132,66551,15,157683
21556,0.000756,172.253.118.0-255,1484,68035,15,157683
21557,0.000761,172.31.36.0-255,66,68101,15,157683
21558,0.000777,172.253.118.0-255,2902,71003,15,157683
21559,0.00078,172.31.36.0-255,66,71069,15,157683
21560,0.000784,172.253.118.0-255,2902,73971,15,157683
21561,0.000787,172.31.36.0-255,66,74037,15,157683
21562,0.000826,172.253.118.0-255,7156,81193,15,157683
21563,0.00083,172.31.36.0-255,66,81259,15,157683
21564,0.000849,172.253.118.0-255,2543,83802,15,157683
21565,0.000852,172.31.36.0-255,66,83868,15,157683
21566,0.000895,172.253.118.0-255,1484,85352,15,157683
21567,0.000912,172.253.118.0-255,2902,88254,15,157683
21568,0.000916,172.31.36.0-255,66,88320,15,157683
21569,0.00092,172.253.118.0-255,2902,91222,15,157683
21570,0.000922,172.31.36.0-255,66,91288,15,157683
21571,0.000938,172.253.118.0-255,2902,94190,15,157683
21572,0.000941,172.31.36.0-255,66,94256,15,157683
21573,0.000945,172.253.118.0-255,2902,97158,15,157683
21574,0.000947,172.31.36.0-255,66,97224,15,157683
21575,0.001027,172.253.118.0-255,3961,101185,15,157683
21576,0.001031,172.31.36.0-255,66,101251,15,157683
21577,0.001638,172.253.118.0-255,1484,102735,15,157683
21578,0.00165,172.253.118.0-255,2902,105637,15,157683
21579,0.001654,172.31.36.0-255,66,105703,15,157683
21580,0.001659,172.253.118.0-255,1484,107187,15,157683
21581,0.001682,172.253.118.0-255,4320,111507,15,157683
21582,0.001684,172.31.36.0-255,66,111573,15,157683
21583,0.001692,172.253.118.0-255,7156,118729,15,157683
21584,0.001694,172.31.36.0-255,66,118795,15,157683
21585,0.001707,172.253.118.0-255,1484,120279,15,157683
21586,0.001731,172.31.36.0-255,66,120345,15,157683
21587,0.001745,172.253.118.0-255,1484,121829,15,157683
21588,0.00178,172.253.118.0-255,2184,124013,15,157683
21589,0.001783,172.31.36.0-255,66,124079,15,157683
21590,0.001815,172.253.118.0-255,1484,125563,15,157683
21591,0.001829,172.253.118.0-255,2902,128465,15,157683
21592,0.001831,172.31.36.0-255,66,128531,15,157683
21593,0.00185,172.253.118.0-255,5738,134269,15,157683
21594,0.001852,172.31.36.0-255,66,134335,15,157683
21595,0.001883,172.31.36.0-255,66,134401,15,157683
21596,0.001941,172.253.118.0-255,5738,140139,15,157683
21597,0.001943,172.31.36.0-255,66,140205,15,157683
21598,0.001968,172.31.36.0-255,66,140271,15,157683
21599,0.004021,172.253.118.0-255,5738,146009,15,157683
21600,0.004024,172.31.36.0-255,66,146075,15,157683
21601,0.006081,172.253.118.0-255,5738,151813,15,157683
21602,0.006088,172.31.36.0-255,66,151879,15,157683
21603,0.008151,172.253.118.0-255,5738,157617,15,157683
21604,0.008158,172.31.36.0-255,66,157683,15,157683
21605,0.0,172.31.36.0-255,66,66,15,66
21606,0.0,74.125.68.0-255,66,66,15,66
21607,0.0,74.125.24.0-255,153,153,15,244928
21608,3.4e-05,172.31.36.0-255,66,219,15,244928
21609,4.2e-05,74.125.24.0-255,1484,1703,15,244928
21610,4.6e-05,172.31.36.0-255,66,1769,15,244928
21611,5.2e-05,74.125.24.0-255,2902,4671,15,244928
21612,5.5e-05,172.31.36.0-255,66,4737,15,244928
21613,6.2e-05,74.125.24.0-255,7156,11893,15,244928
21614,6.6e-05,172.31.36.0-255,66,11959,15,244928
21615,9.1e-05,74.125.24.0-255,1983,13942,15,244928
21616,9.4e-05,172.31.36.0-255,66,14008,15,244928
21617,0.00011,74.125.24.0-255,2902,16910,15,244928
21618,0.000113,172.31.36.0-255,66,16976,15,244928
21619,0.000134,74.125.24.0-255,7156,24132,15,244928
21620,0.000137,172.31.36.0-255,66,24198,15,244928
21621,0.000175,74.125.24.0-255,4320,28518,15,244928
21622,0.000179,172.31.36.0-255,66,28584,15,244928
21623,0.000199,74.125.24.0-255,2543,31127,15,244928
21624,0.000202,172.31.36.0-255,66,31193,15,244928
21625,0.000259,74.125.24.0-255,1484,32677,15,244928
21626,0.000262,172.31.36.0-255,66,32743,15,244928
21627,0.000283,74.125.24.0-255,2902,35645,15,244928
21628,0.000286,172.31.36.0-255,66,35711,15,244928
21629,0.000292,74.125.24.0-255,5738,41449,15,244928
21630,0.000295,172.31.36.0-255,66,41515,15,244928
21631,0.000331,74.125.24.0-255,6797,48312,15,244928
21632,0.000335,172.31.36.0-255,66,48378,15,244928
21633,0.000376,74.125.24.0-255,1484,49862,15,244928
21634,0.000379,172.31.36.0-255,66,49928,15,244928
21635,0.000384,74.125.24.0-255,2902,52830,15,244928
21636,0.000387,172.31.36.0-255,66,52896,15,244928
21637,0.000394,74.125.24.0-255,5738,58634,15,244928
21638,0.000396,172.31.36.0-255,66,58700,15,244928
21639,0.000431,74.125.24.0-255,2902,61602,15,244928
21640,0.000434,172.31.36.0-255,66,61668,15,244928
21641,0.000455,74.125.24.0-255,4311,65979,15,244928
21642,0.000458,172.31.36.0-255,66,66045,15,244928
21643,0.000461,74.125.24.0-255,329,66374,15,244928
21644,0.000814,74.125.24.0-255,1484,67858,15,244928
21645,0.000816,172.31.36.0-255,66,67924,15,244928
21646,0.000848,74.125.24.0-255,2902,70826,15,244928
21647,0.000851,172.31.36.0-255,66,70892,15,244928
21648,0.000858,74.125.24.0-255,5738,76630,15,244928
21649,0.00086,172.31.36.0-255,66,76696,15,244928
21650,0.000866,74.125.24.0-255,2902,79598,15,244928
21651,0.000869,172.31.36.0-255,66,79664,15,244928
21652,0.000895,172.31.36.0-255,66,79730,15,244928
21653,0.000898,74.125.24.0-255,7156,86886,15,244928
21654,0.0009,172.31.36.0-255,66,86952,15,244928
21655,0.000921,74.125.24.0-255,2543,89495,15,244928
21656,0.000925,172.31.36.0-255,66,89561,15,244928
21657,0.001313,74.125.24.0-255,1484,91045,15,244928
21658,0.001323,74.125.24.0-255,2902,93947,15,244928
21659,0.001327,172.31.36.0-255,66,94013,15,244928
21660,0.001334,74.125.24.0-255,5738,99751,15,244928
21661,0.001337,172.31.36.0-255,66,99817,15,244928
21662,0.001342,74.125.24.0-255,4320,104137,15,244928
21663,0.001345,172.31.36.0-255,66,104203,15,244928
21664,0.001369,74.125.24.0-255,5738,109941,15,244928
21665,0.001373,172.31.36.0-255,66,110007,15,244928
21666,0.001411,172.31.36.0-255,66,110073,15,244928
21667,0.00143,74.125.24.0-255,5020,115093,15,244928
21668,0.001433,172.31.36.0-255,66,115159,15,244928
21669,0.001445,172.31.36.0-255,66,115225,15,244928
21670,0.001463,74.125.24.0-255,2902,118127,15,244928
21671,0.001465,172.31.36.0-255,66,118193,15,244928
21672,0.001471,74.125.24.0-255,5738,123931,15,244928
21673,0.001473,172.31.36.0-255,66,123997,15,244928
21674,0.001507,74.125.24.0-255,4320,128317,15,244928
21675,0.001511,172.31.36.0-255,66,128383,15,244928
21676,0.001539,172.31.36.0-255,66,128449,15,244928
21677,0.001549,172.31.36.0-255,66,128515,15,244928
21678,0.001577,74.125.24.0-255,5738,134253,15,244928
21679,0.00158,172.31.36.0-255,66,134319,15,244928
21680,0.001585,74.125.24.0-255,4320,138639,15,244928
21681,0.001587,172.31.36.0-255,66,138705,15,244928
21682,0.001616,74.125.24.0-255,7156,145861,15,244928
21683,0.001621,172.31.36.0-255,66,145927,15,244928
21684,0.001649,172.31.36.0-255,66,145993,15,244928
21685,0.001654,74.125.24.0-255,4320,150313,15,244928
21686,0.001658,172.31.36.0-255,66,150379,15,244928
21687,0.00168,172.31.36.0-255,66,150445,15,244928
21688,0.001728,172.31.36.0-255,66,150511,15,244928
21689,0.001755,74.125.24.0-255,5738,156249,15,244928
21690,0.001758,172.31.36.0-255,66,156315,15,244928
21691,0.001764,74.125.24.0-255,3602,159917,15,244928
21692,0.001767,172.31.36.0-255,66,159983,15,244928
21693,0.001771,74.125.24.0-255,4320,164303,15,244928
21694,0.001775,74.125.24.0-255,2902,167205,15,244928
21695,0.001776,172.31.36.0-255,66,167271,15,244928
21696,0.00178,74.125.24.0-255,4320,171591,15,244928
21697,0.00178,172.31.36.0-255,66,171657,15,244928
21698,0.001783,172.31.36.0-255,66,171723,15,244928
21699,0.001795,172.31.36.0-255,66,171789,15,244928
21700,0.001819,74.125.24.0-255,7156,178945,15,244928
21701,0.001823,172.31.36.0-255,66,179011,15,244928
21702,0.001847,74.125.24.0-255,6438,185449,15,244928
21703,0.001851,172.31.36.0-255,66,185515,15,244928
21704,0.0019,74.125.24.0-255,1484,186999,15,244928
21705,0.001907,74.125.24.0-255,2902,189901,15,244928
21706,0.001909,172.31.36.0-255,66,189967,15,244928
21707,0.001913,74.125.24.0-255,1484,191451,15,244928
21708,0.001931,74.125.24.0-255,4320,195771,15,244928
21709,0.001934,172.31.36.0-255,66,195837,15,244928
21710,0.001938,74.125.24.0-255,1484,197321,15,244928
21711,0.001973,172.31.36.0-255,66,197387,15,244928
21712,0.00198,74.125.24.0-255,7156,204543,15,244928
21713,0.001982,172.31.36.0-255,66,204609,15,244928
21714,0.002,74.125.24.0-255,1484,206093,15,244928
21715,0.002025,74.125.24.0-255,5020,211113,15,244928
21716,0.002028,172.31.36.0-255,66,211179,15,244928
21717,0.002035,74.125.24.0-255,7156,218335,15,244928
21718,0.002037,172.31.36.0-255,66,218401,15,244928
21719,0.002072,74.125.24.0-255,1484,219885,15,244928
21720,0.002078,74.125.24.0-255,2902,222787,15,244928
21721,0.00208,172.31.36.0-255,66,222853,15,244928
21722,0.002087,74.125.24.0-255,5738,228591,15,244928
21723,0.002094,172.31.36.0-255,66,228657,15,244928
21724,0.002112,172.31.36.0-255,66,228723,15,244928
21725,0.002115,74.125.24.0-255,766,229489,15,244928
21726,0.002163,74.125.24.0-255,4320,233809,15,244928
21727,0.002166,172.31.36.0-255,66,233875,15,244928
21728,0.002173,74.125.24.0-255,5738,239613,15,244928
21729,0.002176,172.31.36.0-255,66,239679,15,244928
21730,0.00218,74.125.24.0-255,2902,242581,15,244928
21731,0.002183,172.31.36.0-255,66,242647,15,244928
21732,0.002217,172.31.36.0-255,66,242713,15,244928
21733,0.00223,172.31.36.0-255,66,242779,15,244928
21734,0.002285,172.31.36.0-255,66,242845,15,244928
21735,0.002324,172.31.36.0-255,66,242911,15,244928
21736,0.002338,74.125.24.0-255,1417,244328,15,244928
21737,0.003843,172.31.36.0-255,66,244394,15,244928
21738,0.004632,74.125.24.0-255,168,244562,15,244928
21739,0.009473,172.31.36.0-255,105,244667,15,244928
21740,0.009503,172.31.36.0-255,105,244772,15,244928
21741,0.00978,172.31.36.0-255,90,244862,15,244928
21742,0.009792,172.31.36.0-255,66,244928,15,244928
21743,0.0,74.125.200.0-255,373,373,15,42017
21744,3.3e-05,172.31.36.0-255,66,439,15,42017
21745,4e-05,74.125.200.0-255,1484,1923,15,42017
21746,4.3e-05,172.31.36.0-255,66,1989,15,42017
21747,7.2e-05,74.125.200.0-255,2902,4891,15,42017
21748,7.5e-05,172.31.36.0-255,66,4957,15,42017
21749,0.000184,74.125.200.0-255,5738,10695,15,42017
21750,0.000188,172.31.36.0-255,66,10761,15,42017
21751,0.000402,74.125.200.0-255,3221,13982,15,42017
21752,0.000407,172.31.36.0-255,66,14048,15,42017
21753,0.000543,172.31.36.0-255,66,14114,15,42017
21754,0.000572,74.125.200.0-255,2902,17016,15,42017
21755,0.000575,172.31.36.0-255,66,17082,15,42017
21756,0.000999,74.125.200.0-255,5379,22461,15,42017
21757,0.001005,172.31.36.0-255,66,22527,15,42017
21758,0.002316,74.125.200.0-255,1688,24215,15,42017
21759,0.002323,172.31.36.0-255,66,24281,15,42017
21760,0.00332,74.125.200.0-255,2902,27183,15,42017
21761,0.003325,172.31.36.0-255,66,27249,15,42017
21762,0.004586,74.125.200.0-255,2902,30151,15,42017
21763,0.004591,172.31.36.0-255,66,30217,15,42017
21764,0.005585,74.125.200.0-255,2902,33119,15,42017
21765,0.005589,172.31.36.0-255,66,33185,15,42017
21766,0.006895,74.125.200.0-255,2902,36087,15,42017
21767,0.006902,172.31.36.0-255,66,36153,15,42017
21768,0.00784,74.125.200.0-255,1280,37433,15,42017
21769,0.007847,172.31.36.0-255,66,37499,15,42017
21770,0.007854,74.125.200.0-255,1484,38983,15,42017
21771,0.007857,172.31.36.0-255,66,39049,15,42017
21772,0.009221,74.125.200.0-255,2902,41951,15,42017
21773,0.009228,172.31.36.0-255,66,42017,15,42017
21774,0.0,172.217.27.0-255,150,150,15,177576
21775,3.1e-05,172.31.36.0-255,66,216,15,177576
21776,3.9e-05,172.217.27.0-255,1484,1700,15,177576
21777,4.3e-05,172.31.36.0-255,66,1766,15,177576
21778,4.9e-05,172.217.27.0-255,2902,4668,15,177576
21779,6.1e-05,172.31.36.0-255,66,4734,15,177576
21780,6.8e-05,172.217.27.0-255,7156,11890,15,177576
21781,7.1e-05,172.31.36.0-255,66,11956,15,177576
21782,7.4e-05,172.217.27.0-255,1484,13440,15,177576
21783,7.8e-05,172.31.36.0-255,66,13506,15,177576
21784,0.000121,172.217.27.0-255,4940,18446,15,177576
21785,0.000125,172.31.36.0-255,66,18512,15,177576
21786,0.000133,172.217.27.0-255,7156,25668,15,177576
21787,0.000136,172.31.36.0-255,66,25734,15,177576
21788,0.000149,172.217.27.0-255,5379,31113,15,177576
21789,0.000151,172.31.36.0-255,66,31179,15,177576
21790,0.000232,172.217.27.0-255,1484,32663,15,177576
21791,0.000236,172.31.36.0-255,66,32729,15,177576
21792,0.000241,172.217.27.0-255,2902,35631,15,177576
21793,0.000243,172.31.36.0-255,66,35697,15,177576
21794,0.000249,172.217.27.0-255,4320,40017,15,177576
21795,0.000257,172.31.36.0-255,66,40083,15,177576
21796,0.000269,172.217.27.0-255,1484,41567,15,177576
21797,0.000272,172.31.36.0-255,66,41633,15,177576
21798,0.000283,172.217.27.0-255,5738,47371,15,177576
21799,0.000285,172.31.36.0-255,66,47437,15,177576
21800,0.000291,172.217.27.0-255,4320,51757,15,177576
21801,0.000294,172.31.36.0-255,66,51823,15,177576
21802,0.000343,172.31.36.0-255,66,51889,15,177576
21803,0.000349,172.217.27.0-255,4225,56114,15,177576
21804,0.000351,172.31.36.0-255,66,56180,15,177576
21805,0.000582,172.217.27.0-255,141,56321,15,177576
21806,0.000781,172.31.36.0-255,66,56387,15,177576
21807,0.000786,172.217.27.0-255,1484,57871,15,177576
21808,0.000817,172.217.27.0-255,2902,60773,15,177576
21809,0.00082,172.31.36.0-255,66,60839,15,177576
21810,0.000829,172.217.27.0-255,5738,66577,15,177576
21811,0.000833,172.31.36.0-255,66,66643,15,177576
21812,0.000844,172.217.27.0-255,6797,73440,15,177576
21813,0.000847,172.31.36.0-255,66,73506,15,177576
21814,0.000854,172.217.27.0-255,7156,80662,15,177576
21815,0.000856,172.31.36.0-255,66,80728,15,177576
21816,0.000904,172.217.27.0-255,5738,86466,15,177576
21817,0.000908,172.31.36.0-255,66,86532,15,177576
21818,0.000919,172.217.27.0-255,3961,90493,15,177576
21819,0.000926,172.31.36.0-255,66,90559,15,177576
21820,0.001101,172.217.27.0-255,1484,92043,15,177576
21821,0.001111,172.217.27.0-255,2902,94945,15,177576
21822,0.001114,172.31.36.0-255,66,95011,15,177576
21823,0.001119,172.217.27.0-255,2902,97913,15,177576
21824,0.00112,172.31.36.0-255,66,97979,15,177576
21825,0.001152,172.217.27.0-255,2902,100881,15,177576
21826,0.001155,172.31.36.0-255,66,100947,15,177576
21827,0.001163,172.217.27.0-255,7156,108103,15,177576
21828,0.001164,172.31.36.0-255,66,108169,15,177576
21829,0.001185,172.31.36.0-255,66,108235,15,177576
21830,0.001189,172.217.27.0-255,2184,110419,15,177576
21831,0.001191,172.31.36.0-255,66,110485,15,177576
21832,0.001452,172.217.27.0-255,1484,111969,15,177576
21833,0.00146,172.217.27.0-255,2902,114871,15,177576
21834,0.001464,172.31.36.0-255,66,114937,15,177576
21835,0.001471,172.217.27.0-255,5738,120675,15,177576
21836,0.001473,172.31.36.0-255,66,120741,15,177576
21837,0.001478,172.217.27.0-255,4320,125061,15,177576
21838,0.001486,172.31.36.0-255,66,125127,15,177576
21839,0.001523,172.217.27.0-255,4320,129447,15,177576
21840,0.001526,172.31.36.0-255,66,129513,15,177576
21841,0.001568,172.217.27.0-255,7156,136669,15,177576
21842,0.001572,172.31.36.0-255,66,136735,15,177576
21843,0.001589,172.31.36.0-255,66,136801,15,177576
21844,0.001602,172.31.36.0-255,66,136867,15,177576
21845,0.001614,172.31.36.0-255,66,136933,15,177576
21846,0.001661,172.31.36.0-255,66,136999,15,177576
21847,0.001774,172.217.27.0-255,1484,138483,15,177576
21848,0.00178,172.217.27.0-255,2902,141385,15,177576
21849,0.001783,172.31.36.0-255,66,141451,15,177576
21850,0.001786,172.217.27.0-255,1484,142935,15,177576
21851,0.00181,172.217.27.0-255,4320,147255,15,177576
21852,0.001812,172.31.36.0-255,66,147321,15,177576
21853,0.001823,172.31.36.0-255,66,147387,15,177576
21854,0.001853,172.217.27.0-255,2902,150289,15,177576
21855,0.001856,172.31.36.0-255,66,150355,15,177576
21856,0.001868,172.31.36.0-255,66,150421,15,177576
21857,0.001939,172.217.27.0-255,1484,151905,15,177576
21858,0.001952,172.217.27.0-255,2902,154807,15,177576
21859,0.001954,172.31.36.0-255,66,154873,15,177576
21860,0.001957,172.217.27.0-255,1484,156357,15,177576
21861,0.001985,172.31.36.0-255,66,156423,15,177576
21862,0.001995,172.217.27.0-255,5738,162161,15,177576
21863,0.001997,172.31.36.0-255,66,162227,15,177576
21864,0.00201,172.217.27.0-255,7156,169383,15,177576
21865,0.002012,172.31.36.0-255,66,169449,15,177576
21866,0.002053,172.31.36.0-255,66,169515,15,177576
21867,0.002069,172.31.36.0-255,66,169581,15,177576
21868,0.002107,172.217.27.0-255,5738,175319,15,177576
21869,0.002109,172.31.36.0-255,66,175385,15,177576
21870,0.002146,172.31.36.0-255,66,175451,15,177576
21871,0.002191,172.31.36.0-255,66,175517,15,177576
21872,0.002259,172.31.36.0-255,66,175583,15,177576
21873,0.002281,172.31.36.0-255,66,175649,15,177576
21874,0.002305,172.217.27.0-255,766,176415,15,177576
21875,0.002328,172.217.27.0-255,819,177234,15,177576
21876,0.002331,172.217.27.0-255,105,177339,15,177576
21877,0.004583,172.31.36.0-255,66,177405,15,177576
21878,0.006807,172.31.36.0-255,105,177510,15,177576
21879,0.008398,172.217.27.0-255,66,177576,15,177576
21880,0.0,172.217.194.0-255,150,150,15,202779
21881,2.3e-05,172.31.36.0-255,66,216,15,202779
21882,3e-05,172.217.194.0-255,1484,1700,15,202779
21883,3.5e-05,172.31.36.0-255,66,1766,15,202779
21884,4e-05,172.217.194.0-255,2902,4668,15,202779
21885,4.3e-05,172.31.36.0-255,66,4734,15,202779
21886,5.1e-05,172.217.194.0-255,7156,11890,15,202779
21887,5.4e-05,172.31.36.0-255,66,11956,15,202779
21888,5.8e-05,172.217.194.0-255,2124,14080,15,202779
21889,6.1e-05,172.31.36.0-255,66,14146,15,202779
21890,0.000121,172.217.194.0-255,1484,15630,15,202779
21891,0.000125,172.31.36.0-255,66,15696,15,202779
21892,0.00013,172.217.194.0-255,2902,18598,15,202779
21893,0.000133,172.31.36.0-255,66,18664,15,202779
21894,0.000146,172.217.194.0-255,2902,21566,15,202779
21895,0.000149,172.31.36.0-255,66,21632,15,202779
21896,0.000164,172.217.194.0-255,2902,24534,15,202779
21897,0.000166,172.31.36.0-255,66,24600,15,202779
21898,0.000216,172.31.36.0-255,66,24666,15,202779
21899,0.000242,172.217.194.0-255,2543,27209,15,202779
21900,0.000245,172.31.36.0-255,66,27275,15,202779
21901,0.000258,172.31.36.0-255,66,27341,15,202779
21902,0.000261,172.217.194.0-255,1125,28466,15,202779
21903,0.000263,172.31.36.0-255,66,28532,15,202779
21904,0.000354,172.217.194.0-255,1484,30016,15,202779
21905,0.000359,172.31.36.0-255,66,30082,15,202779
21906,0.000364,172.217.194.0-255,2902,32984,15,202779
21907,0.000367,172.31.36.0-255,66,33050,15,202779
21908,0.000393,172.217.194.0-255,5738,38788,15,202779
21909,0.000395,172.31.36.0-255,66,38854,15,202779
21910,0.000409,172.217.194.0-255,2902,41756,15,202779
21911,0.000411,172.31.36.0-255,66,41822,15,202779
21912,0.000428,172.217.194.0-255,3961,45783,15,202779
21913,0.00043,172.31.36.0-255,66,45849,15,202779
21914,0.000433,172.217.194.0-255,359,46208,15,202779
21915,0.000741,172.217.194.0-255,385,46593,15,202779
21916,0.000885,172.217.194.0-255,1484,48077,15,202779
21917,0.000892,172.31.36.0-255,66,48143,15,202779
21918,0.000904,172.217.194.0-255,2902,51045,15,202779
21919,0.000907,172.31.36.0-255,66,51111,15,202779
21920,0.000913,172.217.194.0-255,5738,56849,15,202779
21921,0.000915,172.31.36.0-255,66,56915,15,202779
21922,0.000932,172.217.194.0-255,2902,59817,15,202779
21923,0.000934,172.31.36.0-255,66,59883,15,202779
21924,0.000956,172.217.194.0-255,3961,63844,15,202779
21925,0.000958,172.31.36.0-255,66,63910,15,202779
21926,0.000973,172.217.194.0-255,5738,69648,15,202779
21927,0.000978,172.31.36.0-255,66,69714,15,202779
21928,0.00099,172.217.194.0-255,7156,76870,15,202779
21929,0.000992,172.31.36.0-255,66,76936,15,202779
21930,0.001019,172.217.194.0-255,3961,80897,15,202779
21931,0.001022,172.31.36.0-255,66,80963,15,202779
21932,0.001566,172.217.194.0-255,1484,82447,15,202779
21933,0.001576,172.217.194.0-255,2902,85349,15,202779
21934,0.00158,172.31.36.0-255,66,85415,15,202779
21935,0.001585,172.217.194.0-255,1484,86899,15,202779
21936,0.001607,172.217.194.0-255,4320,91219,15,202779
21937,0.001609,172.31.36.0-255,66,91285,15,202779
21938,0.001626,172.217.194.0-255,4320,95605,15,202779
21939,0.001629,172.31.36.0-255,66,95671,15,202779
21940,0.001662,172.31.36.0-255,66,95737,15,202779
21941,0.001684,172.217.194.0-255,7156,102893,15,202779
21942,0.001686,172.31.36.0-255,66,102959,15,202779
21943,0.001704,172.217.194.0-255,3602,106561,15,202779
21944,0.001707,172.31.36.0-255,66,106627,15,202779
21945,0.001756,172.217.194.0-255,1484,108111,15,202779
21946,0.001761,172.217.194.0-255,2902,111013,15,202779
21947,0.001765,172.31.36.0-255,66,111079,15,202779
21948,0.001791,172.217.194.0-255,5738,116817,15,202779
21949,0.001795,172.31.36.0-255,66,116883,15,202779
21950,0.001825,172.217.194.0-255,2902,119785,15,202779
21951,0.001827,172.31.36.0-255,66,119851,15,202779
21952,0.001856,172.31.36.0-255,66,119917,15,202779
21953,0.001867,172.31.36.0-255,66,119983,15,202779
21954,0.00187,172.217.194.0-255,766,120749,15,202779
21955,0.001936,172.217.194.0-255,1484,122233,15,202779
21956,0.001941,172.31.36.0-255,66,122299,15,202779
21957,0.001946,172.217.194.0-255,2902,125201,15,202779
21958,0.001948,172.31.36.0-255,66,125267,15,202779
21959,0.001969,172.217.194.0-255,1484,126751,15,202779
21960,0.001987,172.217.194.0-255,4320,131071,15,202779
21961,0.00199,172.31.36.0-255,66,131137,15,202779
21962,0.001996,172.217.194.0-255,4320,135457,15,202779
21963,0.001998,172.31.36.0-255,66,135523,15,202779
21964,0.002001,172.217.194.0-255,1484,137007,15,202779
21965,0.002025,172.31.36.0-255,66,137073,15,202779
21966,0.002032,172.217.194.0-255,5738,142811,15,202779
21967,0.002035,172.31.36.0-255,66,142877,15,202779
21968,0.002059,172.217.194.0-255,2184,145061,15,202779
21969,0.002061,172.31.36.0-255,66,145127,15,202779
21970,0.002093,172.217.194.0-255,1484,146611,15,202779
21971,0.002118,172.217.194.0-255,2902,149513,15,202779
21972,0.002122,172.31.36.0-255,66,149579,15,202779
21973,0.002128,172.217.194.0-255,5738,155317,15,202779
21974,0.002131,172.31.36.0-255,66,155383,15,202779
21975,0.002136,172.217.194.0-255,4320,159703,15,202779
21976,0.002139,172.31.36.0-255,66,159769,15,202779
21977,0.002163,172.217.194.0-255,4320,164089,15,202779
21978,0.002165,172.31.36.0-255,66,164155,15,202779
21979,0.002183,172.217.194.0-255,7156,171311,15,202779
21980,0.002185,172.31.36.0-255,66,171377,15,202779
21981,0.002196,172.31.36.0-255,66,171443,15,202779
21982,0.002234,172.31.36.0-255,66,171509,15,202779
21983,0.002247,172.217.194.0-255,7156,178665,15,202779
21984,0.00225,172.31.36.0-255,66,178731,15,202779
21985,0.002278,172.217.194.0-255,7156,185887,15,202779
21986,0.002281,172.31.36.0-255,66,185953,15,202779
21987,0.002308,172.31.36.0-255,66,186019,15,202779
21988,0.002311,172.217.194.0-255,766,186785,15,202779
21989,0.00455,172.217.194.0-255,4320,191105,15,202779
21990,0.004557,172.31.36.0-255,66,191171,15,202779
21991,0.006809,172.217.194.0-255,5738,196909,15,202779
21992,0.006816,172.31.36.0-255,66,196975,15,202779
21993,0.009078,172.217.194.0-255,5738,202713,15,202779
21994,0.009084,172.31.36.0-255,66,202779,15,202779
21995,0.0,172.217.160.0-255,152,152,15,60935
21996,2.4e-05,172.31.36.0-255,66,218,15,60935
21997,3.1e-05,172.217.160.0-255,1484,1702,15,60935
21998,3.5e-05,172.31.36.0-255,66,1768,15,60935
21999,4e-05,172.217.160.0-255,2902,4670,15,60935
22000,4.4e-05,172.31.36.0-255,66,4736,15,60935
22001,8.1e-05,172.217.160.0-255,4320,9056,15,60935
22002,8.4e-05,172.31.36.0-255,66,9122,15,60935
22003,0.000182,172.217.160.0-255,2902,12024,15,60935
22004,0.000188,172.31.36.0-255,66,12090,15,60935
22005,0.000213,172.217.160.0-255,6205,18295,15,60935
22006,0.000217,172.31.36.0-255,66,18361,15,60935
22007,0.00039,172.31.36.0-255,66,18427,15,60935
22008,0.000681,172.31.36.0-255,66,18493,15,60935
22009,0.001153,172.31.36.0-255,66,18559,15,60935
22010,0.001367,172.217.160.0-255,5738,24297,15,60935
22011,0.001374,172.31.36.0-255,66,24363,15,60935
22012,0.001402,172.31.36.0-255,66,24429,15,60935
22013,0.001718,172.217.160.0-255,7156,31585,15,60935
22014,0.00172,172.31.36.0-255,66,31651,15,60935
22015,0.001758,172.31.36.0-255,66,31717,15,60935
22016,0.002353,172.217.160.0-255,5738,37455,15,60935
22017,0.002356,172.31.36.0-255,66,37521,15,60935
22018,0.002379,172.31.36.0-255,66,37587,15,60935
22019,0.002415,172.31.36.0-255,66,37653,15,60935
22020,0.004023,172.217.160.0-255,4320,41973,15,60935
22021,0.004039,172.217.160.0-255,1484,43457,15,60935
22022,0.004848,172.31.36.0-255,66,43523,15,60935
22023,0.006479,172.217.160.0-255,5738,49261,15,60935
22024,0.006484,172.31.36.0-255,66,49327,15,60935
22025,0.008124,172.217.160.0-255,5738,55065,15,60935
22026,0.00813,172.31.36.0-255,66,55131,15,60935
22027,0.009755,172.217.160.0-255,5738,60869,15,60935
22028,0.009762,172.31.36.0-255,66,60935,15,60935
22029,0.0,74.125.68.0-255,153,153,15,129034
22030,2.8e-05,172.31.36.0-255,66,219,15,129034
22031,3.5e-05,74.125.68.0-255,1484,1703,15,129034
22032,3.9e-05,172.31.36.0-255,66,1769,15,129034
22033,4.3e-05,74.125.68.0-255,2902,4671,15,129034
22034,4.6e-05,172.31.36.0-255,66,4737,15,129034
22035,5.2e-05,74.125.68.0-255,4320,9057,15,129034
22036,5.5e-05,172.31.36.0-255,66,9123,15,129034
22037,8.4e-05,74.125.68.0-255,4814,13937,15,129034
22038,8.7e-05,172.31.36.0-255,66,14003,15,129034
22039,8.9e-05,74.125.68.0-255,1484,15487,15,129034
22040,9.2e-05,172.31.36.0-255,66,15553,15,129034
22041,0.000122,172.31.36.0-255,66,15619,15,129034
22042,0.000142,74.125.68.0-255,1484,17103,15,129034
22043,0.000145,172.31.36.0-255,66,17169,15,129034
22044,0.000165,74.125.68.0-255,3961,21130,15,129034
22045,0.000167,172.31.36.0-255,66,21196,15,129034
22046,0.000323,74.125.68.0-255,1484,22680,15,129034
22047,0.000329,172.31.36.0-255,66,22746,15,129034
22048,0.000335,74.125.68.0-255,2902,25648,15,129034
22049,0.000342,172.31.36.0-255,66,25714,15,129034
22050,0.000351,74.125.68.0-255,1484,27198,15,129034
22051,0.000353,172.31.36.0-255,66,27264,15,129034
22052,0.000357,74.125.68.0-255,2902,30166,15,129034
22053,0.00036,172.31.36.0-255,66,30232,15,129034
22054,0.000384,74.125.68.0-255,2902,33134,15,129034
22055,0.000387,172.31.36.0-255,66,33200,15,129034
22056,0.000407,74.125.68.0-255,2902,36102,15,129034
22057,0.00041,172.31.36.0-255,66,36168,15,129034
22058,0.000425,74.125.68.0-255,1484,37652,15,129034
22059,0.000428,172.31.36.0-255,66,37718,15,129034
22060,0.000444,74.125.68.0-255,1484,39202,15,129034
22061,0.000454,74.125.68.0-255,1484,40686,15,129034
22062,0.000457,172.31.36.0-255,66,40752,15,129034
22063,0.000493,74.125.68.0-255,4320,45072,15,129034
22064,0.000497,172.31.36.0-255,66,45138,15,129034
22065,0.000505,74.125.68.0-255,5738,50876,15,129034
22066,0.000508,172.31.36.0-255,66,50942,15,129034
22067,0.000514,74.125.68.0-255,5020,55962,15,129034
22068,0.000517,172.31.36.0-255,66,56028,15,129034
22069,0.000568,74.125.68.0-255,391,56419,15,129034
22070,0.000781,172.31.36.0-255,66,56485,15,129034
22071,0.000869,74.125.68.0-255,115,56600,15,129034
22072,0.000901,172.31.36.0-255,66,56666,15,129034
22073,0.000913,74.125.68.0-255,1484,58150,15,129034
22074,0.000926,74.125.68.0-255,1484,59634,15,129034
22075,0.000929,172.31.36.0-255,66,59700,15,129034
22076,0.000952,74.125.68.0-255,1484,61184,15,129034
22077,0.000959,74.125.68.0-255,7156,68340,15,129034
22078,0.000962,172.31.36.0-255,66,68406,15,129034
22079,0.000967,74.125.68.0-255,2902,71308,15,129034
22080,0.000969,172.31.36.0-255,66,71374,15,129034
22081,0.000974,74.125.68.0-255,4320,75694,15,129034
22082,0.000976,172.31.36.0-255,66,75760,15,129034
22083,0.00098,74.125.68.0-255,1484,77244,15,129034
22084,0.000999,74.125.68.0-255,5738,82982,15,129034
22085,0.001003,172.31.36.0-255,66,83048,15,129034
22086,0.001025,74.125.68.0-255,1484,84532,15,129034
22087,0.001034,74.125.68.0-255,5738,90270,15,129034
22088,0.001037,172.31.36.0-255,66,90336,15,129034
22089,0.00104,74.125.68.0-255,766,91102,15,129034
22090,0.001361,172.31.36.0-255,66,91168,15,129034
22091,0.00185,74.125.68.0-255,1484,92652,15,129034
22092,0.001858,74.125.68.0-255,1484,94136,15,129034
22093,0.001862,172.31.36.0-255,66,94202,15,129034
22094,0.001881,74.125.68.0-255,1484,95686,15,129034
22095,0.001884,74.125.68.0-255,1484,97170,15,129034
22096,0.001887,172.31.36.0-255,66,97236,15,129034
22097,0.001906,74.125.68.0-255,2902,100138,15,129034
22098,0.001908,172.31.36.0-255,66,100204,15,129034
22099,0.001934,172.31.36.0-255,66,100270,15,129034
22100,0.001982,74.125.68.0-255,4320,104590,15,129034
22101,0.001985,172.31.36.0-255,66,104656,15,129034
22102,0.002004,74.125.68.0-255,2902,107558,15,129034
22103,0.002007,172.31.36.0-255,66,107624,15,129034
22104,0.002018,172.31.36.0-255,66,107690,15,129034
22105,0.002021,74.125.68.0-255,766,108456,15,129034
22106,0.00223,172.31.36.0-255,66,108522,15,129034
22107,0.002251,74.125.68.0-255,1484,110006,15,129034
22108,0.002293,74.125.68.0-255,1484,111490,15,129034
22109,0.002297,172.31.36.0-255,66,111556,15,129034
22110,0.004289,74.125.68.0-255,1484,113040,15,129034
22111,0.004561,74.125.68.0-255,4320,117360,15,129034
22112,0.004566,172.31.36.0-255,66,117426,15,129034
22113,0.006842,74.125.68.0-255,5738,123164,15,129034
22114,0.006849,172.31.36.0-255,66,123230,15,129034
22115,0.009133,74.125.68.0-255,5738,128968,15,129034
22116,0.00914,172.31.36.0-255,66,129034,15,129034
22117,0.0,74.125.24.0-255,153,153,15,182684
22118,2.5e-05,172.31.36.0-255,66,219,15,182684
22119,3.3e-05,74.125.24.0-255,1484,1703,15,182684
22120,3.8e-05,172.31.36.0-255,66,1769,15,182684
22121,4.4e-05,74.125.24.0-255,2902,4671,15,182684
22122,4.7e-05,172.31.36.0-255,66,4737,15,182684
22123,5.5e-05,74.125.24.0-255,7156,11893,15,182684
22124,5.9e-05,172.31.36.0-255,66,11959,15,182684
22125,6.3e-05,74.125.24.0-255,2066,14025,15,182684
22126,6.6e-05,172.31.36.0-255,66,14091,15,182684
22127,0.000277,74.125.24.0-255,1484,15575,15,182684
22128,0.000284,172.31.36.0-255,66,15641,15,182684
22129,0.000291,74.125.24.0-255,2902,18543,15,182684
22130,0.000293,172.31.36.0-255,66,18609,15,182684
22131,0.000298,74.125.24.0-255,2902,21511,15,182684
22132,0.0003,172.31.36.0-255,66,21577,15,182684
22133,0.00032,74.125.24.0-255,2902,24479,15,182684
22134,0.000323,172.31.36.0-255,66,24545,15,182684
22135,0.000328,74.125.24.0-255,4320,28865,15,182684
22136,0.00033,172.31.36.0-255,66,28931,15,182684
22137,0.000336,74.125.24.0-255,4320,33251,15,182684
22138,0.000339,172.31.36.0-255,66,33317,15,182684
22139,0.000389,172.31.36.0-255,66,33383,15,182684
22140,0.000403,172.31.36.0-255,66,33449,15,182684
22141,0.000437,172.31.36.0-255,66,33515,15,182684
22142,0.000476,74.125.24.0-255,109,33624,15,182684
22143,0.000478,172.31.36.0-255,66,33690,15,182684
22144,0.000602,74.125.24.0-255,1484,35174,15,182684
22145,0.000607,172.31.36.0-255,66,35240,15,182684
22146,0.000613,74.125.24.0-255,2902,38142,15,182684
22147,0.000615,172.31.36.0-255,66,38208,15,182684
22148,0.000619,74.125.24.0-255,1484,39692,15,182684
22149,0.000643,74.125.24.0-255,4320,44012,15,182684
22150,0.000646,172.31.36.0-255,66,44078,15,182684
22151,0.000661,172.31.36.0-255,66,44144,15,182684
22152,0.000666,74.125.24.0-255,2902,47046,15,182684
22153,0.000668,172.31.36.0-255,66,47112,15,182684
22154,0.000699,172.31.36.0-255,66,47178,15,182684
22155,0.000824,74.125.24.0-255,1484,48662,15,182684
22156,0.000831,74.125.24.0-255,2902,51564,15,182684
22157,0.000834,172.31.36.0-255,66,51630,15,182684
22158,0.000839,74.125.24.0-255,2902,54532,15,182684
22159,0.000842,172.31.36.0-255,66,54598,15,182684
22160,0.000856,74.125.24.0-255,2902,57500,15,182684
22161,0.000858,172.31.36.0-255,66,57566,15,182684
22162,0.000862,74.125.24.0-255,2902,60468,15,182684
22163,0.000864,172.31.36.0-255,66,60534,15,182684
22164,0.000888,172.31.36.0-255,66,60600,15,182684
22165,0.000894,74.125.24.0-255,4320,64920,15,182684
22166,0.000897,172.31.36.0-255,66,64986,15,182684
22167,0.000918,74.125.24.0-255,6438,71424,15,182684
22168,0.000923,172.31.36.0-255,66,71490,15,182684
22169,0.000942,74.125.24.0-255,4320,75810,15,182684
22170,0.000944,172.31.36.0-255,66,75876,15,182684
22171,0.000961,74.125.24.0-255,1484,77360,15,182684
22172,0.000969,74.125.24.0-255,7156,84516,15,182684
22173,0.000972,172.31.36.0-255,66,84582,15,182684
22174,0.000978,74.125.24.0-255,4320,88902,15,182684
22175,0.000981,172.31.36.0-255,66,88968,15,182684
22176,0.001019,172.31.36.0-255,66,89034,15,182684
22177,0.001027,74.125.24.0-255,6438,95472,15,182684
22178,0.001029,172.31.36.0-255,66,95538,15,182684
22179,0.001068,74.125.24.0-255,1484,97022,15,182684
22180,0.001086,74.125.24.0-255,2902,99924,15,182684
22181,0.001089,172.31.36.0-255,66,99990,15,182684
22182,0.001096,74.125.24.0-255,5738,105728,15,182684
22183,0.001098,172.31.36.0-255,66,105794,15,182684
22184,0.001114,74.125.24.0-255,5738,111532,15,182684
22185,0.001117,172.31.36.0-255,66,111598,15,182684
22186,0.001137,74.125.24.0-255,7156,118754,15,182684
22187,0.00114,172.31.36.0-255,66,118820,15,182684
22188,0.001143,74.125.24.0-255,1484,120304,15,182684
22189,0.001179,172.31.36.0-255,66,120370,15,182684
22190,0.001264,74.125.24.0-255,1484,121854,15,182684
22191,0.001269,74.125.24.0-255,2902,124756,15,182684
22192,0.001272,172.31.36.0-255,66,124822,15,182684
22193,0.001298,74.125.24.0-255,5738,130560,15,182684
22194,0.001301,172.31.36.0-255,66,130626,15,182684
22195,0.001307,74.125.24.0-255,4320,134946,15,182684
22196,0.00131,172.31.36.0-255,66,135012,15,182684
22197,0.001327,74.125.24.0-255,2902,137914,15,182684
22198,0.001329,172.31.36.0-255,66,137980,15,182684
22199,0.001379,172.31.36.0-255,66,138046,15,182684
22200,0.001387,172.31.36.0-255,66,138112,15,182684
22201,0.001469,74.125.24.0-255,1484,139596,15,182684
22202,0.001476,74.125.24.0-255,2902,142498,15,182684
22203,0.001478,172.31.36.0-255,66,142564,15,182684
22204,0.001504,74.125.24.0-255,5738,148302,15,182684
22205,0.001507,172.31.36.0-255,66,148368,15,182684
22206,0.001514,74.125.24.0-255,5738,154106,15,182684
22207,0.001516,172.31.36.0-255,66,154172,15,182684
22208,0.001592,74.125.24.0-255,5020,159192,15,182684
22209,0.001597,74.125.24.0-255,5738,164930,15,182684
22210,0.001624,172.31.36.0-255,66,164996,15,182684
22211,0.001627,172.31.36.0-255,66,165062,15,182684
22212,0.001636,172.31.36.0-255,66,165128,15,182684
22213,0.001639,172.31.36.0-255,66,165194,15,182684
22214,0.001641,172.31.36.0-255,66,165260,15,182684
22215,0.001684,172.31.36.0-255,66,165326,15,182684
22216,0.001718,172.31.36.0-255,66,165392,15,182684
22217,0.001731,172.31.36.0-255,66,165458,15,182684
22218,0.001736,74.125.24.0-255,4320,169778,15,182684
22219,0.001738,172.31.36.0-255,66,169844,15,182684
22220,0.001775,74.125.24.0-255,7156,177000,15,182684
22221,0.001778,172.31.36.0-255,66,177066,15,182684
22222,0.00179,172.31.36.0-255,66,177132,15,182684
22223,0.001829,172.31.36.0-255,66,177198,15,182684
22224,0.001831,74.125.24.0-255,766,177964,15,182684
22225,0.00185,74.125.24.0-255,4320,182284,15,182684
22226,0.001853,172.31.36.0-255,66,182350,15,182684
22227,0.001879,172.31.36.0-255,66,182416,15,182684
22228,0.001892,172.31.36.0-255,66,182482,15,182684
22229,0.001894,74.125.24.0-255,97,182579,15,182684
22230,0.001909,74.125.24.0-255,105,182684,15,182684
22231,0.0,74.125.130.0-255,153,153,15,198877
22232,2.2e-05,172.31.36.0-255,66,219,15,198877
22233,4.1e-05,74.125.130.0-255,1484,1703,15,198877
22234,4.6e-05,172.31.36.0-255,66,1769,15,198877
22235,5e-05,74.125.130.0-255,2902,4671,15,198877
22236,5.3e-05,172.31.36.0-255,66,4737,15,198877
22237,8.9e-05,74.125.130.0-255,4320,9057,15,198877
22238,9.4e-05,172.31.36.0-255,66,9123,15,198877
22239,0.0001,74.125.130.0-255,4876,13999,15,198877
22240,0.000101,172.31.36.0-255,66,14065,15,198877
22241,0.000139,172.31.36.0-255,66,14131,15,198877
22242,0.000172,74.125.130.0-255,2902,17033,15,198877
22243,0.000174,172.31.36.0-255,66,17099,15,198877
22244,0.000193,74.125.130.0-255,5379,22478,15,198877
22245,0.000197,172.31.36.0-255,66,22544,15,198877
22246,0.000534,74.125.130.0-255,1484,24028,15,198877
22247,0.00054,172.31.36.0-255,66,24094,15,198877
22248,0.000546,74.125.130.0-255,2902,26996,15,198877
22249,0.000549,172.31.36.0-255,66,27062,15,198877
22250,0.000573,74.125.130.0-255,5738,32800,15,198877
22251,0.000575,172.31.36.0-255,66,32866,15,198877
22252,0.00058,74.125.130.0-255,2902,35768,15,198877
22253,0.000582,172.31.36.0-255,66,35834,15,198877
22254,0.000615,74.125.130.0-255,4320,40154,15,198877
22255,0.000618,172.31.36.0-255,66,40220,15,198877
22256,0.000642,74.125.130.0-255,6797,47017,15,198877
22257,0.000645,172.31.36.0-255,66,47083,15,198877
22258,0.000651,74.125.130.0-255,4320,51403,15,198877
22259,0.000653,172.31.36.0-255,66,51469,15,198877
22260,0.00068,74.125.130.0-255,4320,55789,15,198877
22261,0.000683,172.31.36.0-255,66,55855,15,198877
22262,0.000714,74.125.130.0-255,1417,57272,15,198877
22263,0.000718,74.125.130.0-255,365,57637,15,198877
22264,0.00072,172.31.36.0-255,66,57703,15,198877
22265,0.000816,74.125.130.0-255,1484,59187,15,198877
22266,0.000837,74.125.130.0-255,1484,60671,15,198877
22267,0.000841,172.31.36.0-255,66,60737,15,198877
22268,0.000846,74.125.130.0-255,2902,63639,15,198877
22269,0.000848,172.31.36.0-255,66,63705,15,198877
22270,0.00088,74.125.130.0-255,2902,66607,15,198877
22271,0.000884,172.31.36.0-255,66,66673,15,198877
22272,0.00092,74.125.130.0-255,2902,69575,15,198877
22273,0.000923,172.31.36.0-255,66,69641,15,198877
22274,0.000941,172.31.36.0-255,66,69707,15,198877
22275,0.000947,74.125.130.0-255,5738,75445,15,198877
22276,0.000949,172.31.36.0-255,66,75511,15,198877
22277,0.000975,74.125.130.0-255,5020,80531,15,198877
22278,0.000982,172.31.36.0-255,66,80597,15,198877
22279,0.001007,74.125.130.0-255,1484,82081,15,198877
22280,0.001012,74.125.130.0-255,2902,84983,15,198877
22281,0.001015,172.31.36.0-255,66,85049,15,198877
22282,0.001049,74.125.130.0-255,5738,90787,15,198877
22283,0.001052,172.31.36.0-255,66,90853,15,198877
22284,0.00106,74.125.130.0-255,7156,98009,15,198877
22285,0.001062,172.31.36.0-255,66,98075,15,198877
22286,0.001078,74.125.130.0-255,1484,99559,15,198877
22287,0.001115,172.31.36.0-255,66,99625,15,198877
22288,0.00114,74.125.130.0-255,3602,103227,15,198877
22289,0.001143,172.31.36.0-255,66,103293,15,198877
22290,0.001515,74.125.130.0-255,1484,104777,15,198877
22291,0.001524,74.125.130.0-255,2902,107679,15,198877
22292,0.001528,172.31.36.0-255,66,107745,15,198877
22293,0.001533,74.125.130.0-255,2902,110647,15,198877
22294,0.001535,172.31.36.0-255,66,110713,15,198877
22295,0.001557,74.125.130.0-255,4320,115033,15,198877
22296,0.001565,172.31.36.0-255,66,115099,15,198877
22297,0.001596,172.31.36.0-255,66,115165,15,198877
22298,0.001602,74.125.130.0-255,4320,119485,15,198877
22299,0.001604,172.31.36.0-255,66,119551,15,198877
22300,0.001616,74.125.130.0-255,5738,125289,15,198877
22301,0.001619,172.31.36.0-255,66,125355,15,198877
22302,0.001655,74.125.130.0-255,3602,128957,15,198877
22303,0.001659,172.31.36.0-255,66,129023,15,198877
22304,0.001896,74.125.130.0-255,1484,130507,15,198877
22305,0.001904,74.125.130.0-255,2902,133409,15,198877
22306,0.001908,172.31.36.0-255,66,133475,15,198877
22307,0.001946,74.125.130.0-255,5738,139213,15,198877
22308,0.00195,172.31.36.0-255,66,139279,15,198877
22309,0.001956,74.125.130.0-255,5738,145017,15,198877
22310,0.001959,172.31.36.0-255,66,145083,15,198877
22311,0.001973,74.125.130.0-255,7156,152239,15,198877
22312,0.001976,172.31.36.0-255,66,152305,15,198877
22313,0.002019,172.31.36.0-255,66,152371,15,198877
22314,0.002335,74.125.130.0-255,1484,153855,15,198877
22315,0.002352,74.125.130.0-255,2902,156757,15,198877
22316,0.002354,172.31.36.0-255,66,156823,15,198877
22317,0.00238,74.125.130.0-255,5738,162561,15,198877
22318,0.002383,172.31.36.0-255,66,162627,15,198877
22319,0.002386,74.125.130.0-255,1484,164111,15,198877
22320,0.002415,172.31.36.0-255,66,164177,15,198877
22321,0.002418,74.125.130.0-255,1484,165661,15,198877
22322,0.002452,172.31.36.0-255,66,165727,15,198877
22323,0.002456,74.125.130.0-255,2184,167911,15,198877
22324,0.002458,172.31.36.0-255,66,167977,15,198877
22325,0.002462,74.125.130.0-255,2902,170879,15,198877
22326,0.002468,172.31.36.0-255,66,170945,15,198877
22327,0.0025,74.125.130.0-255,7156,178101,15,198877
22328,0.002502,172.31.36.0-255,66,178167,15,198877
22329,0.002506,74.125.130.0-255,2902,181069,15,198877
22330,0.002508,172.31.36.0-255,66,181135,15,198877
22331,0.002532,74.125.130.0-255,2902,184037,15,198877
22332,0.002534,172.31.36.0-255,66,184103,15,198877
22333,0.004983,74.125.130.0-255,2902,187005,15,198877
22334,0.004988,172.31.36.0-255,66,187071,15,198877
22335,0.00506,74.125.130.0-255,2902,189973,15,198877
22336,0.005062,172.31.36.0-255,66,190039,15,198877
22337,0.007476,74.125.130.0-255,2902,192941,15,198877
22338,0.007482,172.31.36.0-255,66,193007,15,198877
22339,0.007548,74.125.130.0-255,2902,195909,15,198877
22340,0.007552,172.31.36.0-255,66,195975,15,198877
22341,0.009995,74.125.130.0-255,2902,198877,15,198877
22342,0.0,172.217.194.0-255,153,153,15,184988
22343,3.5e-05,172.31.36.0-255,66,219,15,184988
22344,4.3e-05,172.217.194.0-255,1484,1703,15,184988
22345,4.7e-05,172.31.36.0-255,66,1769,15,184988
22346,5.9e-05,172.217.194.0-255,2902,4671,15,184988
22347,6.2e-05,172.31.36.0-255,66,4737,15,184988
22348,7e-05,172.217.194.0-255,5738,10475,15,184988
22349,7.2e-05,172.31.36.0-255,66,10541,15,184988
22350,9.8e-05,172.217.194.0-255,4912,15453,15,184988
22351,0.000107,172.31.36.0-255,66,15519,15,184988
22352,0.000113,172.217.194.0-255,5738,21257,15,184988
22353,0.000116,172.31.36.0-255,66,21323,15,184988
22354,0.000136,172.217.194.0-255,1484,22807,15,184988
22355,0.000141,172.31.36.0-255,66,22873,15,184988
22356,0.000179,172.31.36.0-255,66,22939,15,184988
22357,0.000252,172.217.194.0-255,1484,24423,15,184988
22358,0.000256,172.31.36.0-255,66,24489,15,184988
22359,0.000273,172.217.194.0-255,2902,27391,15,184988
22360,0.000276,172.31.36.0-255,66,27457,15,184988
22361,0.000303,172.217.194.0-255,4320,31777,15,184988
22362,0.000307,172.31.36.0-255,66,31843,15,184988
22363,0.000317,172.217.194.0-255,1484,33327,15,184988
22364,0.000324,172.31.36.0-255,66,33393,15,184988
22365,0.00035,172.217.194.0-255,4320,37713,15,184988
22366,0.000355,172.217.194.0-255,4320,42033,15,184988
22367,0.000356,172.31.36.0-255,66,42099,15,184988
22368,0.00036,172.31.36.0-255,66,42165,15,184988
22369,0.000405,172.31.36.0-255,66,42231,15,184988
22370,0.000411,172.217.194.0-255,3602,45833,15,184988
22371,0.000413,172.31.36.0-255,66,45899,15,184988
22372,0.000435,172.217.194.0-255,393,46292,15,184988
22373,0.000549,172.217.194.0-255,1484,47776,15,184988
22374,0.000553,172.31.36.0-255,66,47842,15,184988
22375,0.000556,172.217.194.0-255,1484,49326,15,184988
22376,0.000578,172.217.194.0-255,1484,50810,15,184988
22377,0.000581,172.31.36.0-255,66,50876,15,184988
22378,0.000588,172.217.194.0-255,5738,56614,15,184988
22379,0.000591,172.31.36.0-255,66,56680,15,184988
22380,0.000603,172.217.194.0-255,4320,61000,15,184988
22381,0.000605,172.31.36.0-255,66,61066,15,184988
22382,0.000646,172.31.36.0-255,66,61132,15,184988
22383,0.000681,172.217.194.0-255,5738,66870,15,184988
22384,0.000684,172.31.36.0-255,66,66936,15,184988
22385,0.000734,172.31.36.0-255,66,67002,15,184988
22386,0.000753,172.31.36.0-255,66,67068,15,184988
22387,0.000757,172.217.194.0-255,1919,68987,15,184988
22388,0.00076,172.31.36.0-255,66,69053,15,184988
22389,0.000823,172.217.194.0-255,1484,70537,15,184988
22390,0.000827,172.217.194.0-255,1484,72021,15,184988
22391,0.00083,172.31.36.0-255,66,72087,15,184988
22392,0.000851,172.217.194.0-255,1484,73571,15,184988
22393,0.000857,172.217.194.0-255,5738,79309,15,184988
22394,0.000861,172.31.36.0-255,66,79375,15,184988
22395,0.000886,172.217.194.0-255,2902,82277,15,184988
22396,0.000889,172.31.36.0-255,66,82343,15,184988
22397,0.000923,172.217.194.0-255,7156,89499,15,184988
22398,0.000927,172.31.36.0-255,66,89565,15,184988
22399,0.000935,172.217.194.0-255,7156,96721,15,184988
22400,0.000937,172.31.36.0-255,66,96787,15,184988
22401,0.000946,172.217.194.0-255,1484,98271,15,184988
22402,0.00096,172.217.194.0-255,5020,103291,15,184988
22403,0.000968,172.31.36.0-255,66,103357,15,184988
22404,0.00109,172.217.194.0-255,1484,104841,15,184988
22405,0.001096,172.217.194.0-255,2902,107743,15,184988
22406,0.0011,172.31.36.0-255,66,107809,15,184988
22407,0.001105,172.217.194.0-255,2902,110711,15,184988
22408,0.001107,172.31.36.0-255,66,110777,15,184988
22409,0.001128,172.217.194.0-255,2902,113679,15,184988
22410,0.001136,172.31.36.0-255,66,113745,15,184988
22411,0.001142,172.217.194.0-255,4320,118065,15,184988
22412,0.001144,172.31.36.0-255,66,118131,15,184988
22413,0.001194,172.31.36.0-255,66,118197,15,184988
22414,0.001198,172.31.36.0-255,66,118263,15,184988
22415,0.001203,172.217.194.0-255,4320,122583,15,184988
22416,0.001206,172.31.36.0-255,66,122649,15,184988
22417,0.001254,172.31.36.0-255,66,122715,15,184988
22418,0.001274,172.31.36.0-255,66,122781,15,184988
22419,0.001284,172.31.36.0-255,66,122847,15,184988
22420,0.00129,172.217.194.0-255,5738,128585,15,184988
22421,0.001292,172.31.36.0-255,66,128651,15,184988
22422,0.001339,172.217.194.0-255,4320,132971,15,184988
22423,0.001344,172.31.36.0-255,66,133037,15,184988
22424,0.001366,172.31.36.0-255,66,133103,15,184988
22425,0.001382,172.31.36.0-255,66,133169,15,184988
22426,0.001427,172.31.36.0-255,66,133235,15,184988
22427,0.00146,172.217.194.0-255,2902,136137,15,184988
22428,0.001463,172.31.36.0-255,66,136203,15,184988
22429,0.001486,172.31.36.0-255,66,136269,15,184988
22430,0.001499,172.31.36.0-255,66,136335,15,184988
22431,0.001535,172.217.194.0-255,6438,142773,15,184988
22432,0.001539,172.31.36.0-255,66,142839,15,184988
22433,0.001565,172.217.194.0-255,1484,144323,15,184988
22434,0.00157,172.217.194.0-255,2902,147225,15,184988
22435,0.001573,172.31.36.0-255,66,147291,15,184988
22436,0.001576,172.217.194.0-255,1484,148775,15,184988
22437,0.001602,172.217.194.0-255,4320,153095,15,184988
22438,0.001605,172.31.36.0-255,66,153161,15,184988
22439,0.001618,172.31.36.0-255,66,153227,15,184988
22440,0.00163,172.217.194.0-255,5738,158965,15,184988
22441,0.001633,172.31.36.0-255,66,159031,15,184988
22442,0.001671,172.217.194.0-255,5020,164051,15,184988
22443,0.001675,172.31.36.0-255,66,164117,15,184988
22444,0.00168,172.217.194.0-255,2902,167019,15,184988
22445,0.001682,172.31.36.0-255,66,167085,15,184988
22446,0.001687,172.217.194.0-255,4320,171405,15,184988
22447,0.001689,172.31.36.0-255,66,171471,15,184988
22448,0.001725,172.31.36.0-255,66,171537,15,184988
22449,0.001738,172.217.194.0-255,7156,178693,15,184988
22450,0.001742,172.31.36.0-255,66,178759,15,184988
22451,0.001783,172.217.194.0-255,5724,184483,15,184988
22452,0.001787,172.31.36.0-255,66,184549,15,184988
22453,0.00185,172.217.194.0-255,97,184646,15,184988
22454,0.001926,172.217.194.0-255,105,184751,15,184988
22455,0.003537,172.31.36.0-255,66,184817,15,184988
22456,0.003564,172.31.36.0-255,105,184922,15,184988
22457,0.006111,172.217.194.0-255,66,184988,15,184988
22458,0.0,74.125.200.0-255,153,153,15,208932
22459,3.4e-05,172.31.36.0-255,66,219,15,208932
22460,4.1e-05,74.125.200.0-255,1484,1703,15,208932
22461,4.5e-05,172.31.36.0-255,66,1769,15,208932
22462,5e-05,74.125.200.0-255,2902,4671,15,208932
22463,5.4e-05,172.31.36.0-255,66,4737,15,208932
22464,6.7e-05,74.125.200.0-255,5738,10475,15,208932
22465,7e-05,172.31.36.0-255,66,10541,15,208932
22466,0.000115,74.125.200.0-255,3465,14006,15,208932
22467,0.000119,172.31.36.0-255,66,14072,15,208932
22468,0.000125,74.125.200.0-255,4320,18392,15,208932
22469,0.000128,172.31.36.0-255,66,18458,15,208932
22470,0.000146,172.31.36.0-255,66,18524,15,208932
22471,0.000151,74.125.200.0-255,4320,22844,15,208932
22472,0.000154,172.31.36.0-255,66,22910,15,208932
22473,0.000208,172.31.36.0-255,66,22976,15,208932
22474,0.000237,74.125.200.0-255,5020,27996,15,208932
22475,0.000241,172.31.36.0-255,66,28062,15,208932
22476,0.000267,74.125.200.0-255,1484,29546,15,208932
22477,0.00027,172.31.36.0-255,66,29612,15,208932
22478,0.000275,74.125.200.0-255,2902,32514,15,208932
22479,0.000277,172.31.36.0-255,66,32580,15,208932
22480,0.00028,74.125.200.0-255,1484,34064,15,208932
22481,0.000282,172.31.36.0-255,66,34130,15,208932
22482,0.000313,74.125.200.0-255,4320,38450,15,208932
22483,0.000317,172.31.36.0-255,66,38516,15,208932
22484,0.000322,74.125.200.0-255,2902,41418,15,208932
22485,0.000324,172.31.36.0-255,66,41484,15,208932
22486,0.000329,74.125.200.0-255,4284,45768,15,208932
22487,0.000332,172.31.36.0-255,66,45834,15,208932
22488,0.000369,74.125.200.0-255,1484,47318,15,208932
22489,0.000379,74.125.200.0-255,1484,48802,15,208932
22490,0.000382,172.31.36.0-255,66,48868,15,208932
22491,0.000385,74.125.200.0-255,1484,50352,15,208932
22492,0.000409,74.125.200.0-255,1484,51836,15,208932
22493,0.000412,172.31.36.0-255,66,51902,15,208932
22494,0.000419,74.125.200.0-255,5738,57640,15,208932
22495,0.000421,172.31.36.0-255,66,57706,15,208932
22496,0.000484,172.31.36.0-255,66,57772,15,208932
22497,0.000514,172.31.36.0-255,66,57838,15,208932
22498,0.000546,74.125.200.0-255,7156,64994,15,208932
22499,0.000551,172.31.36.0-255,66,65060,15,208932
22500,0.000579,74.125.200.0-255,1751,66811,15,208932
22501,0.000582,172.31.36.0-255,66,66877,15,208932
22502,0.000603,74.125.200.0-255,5738,72615,15,208932
22503,0.000606,172.31.36.0-255,66,72681,15,208932
22504,0.000635,74.125.200.0-255,1873,74554,15,208932
22505,0.000639,172.31.36.0-255,66,74620,15,208932
22506,0.000728,74.125.200.0-255,1484,76104,15,208932
22507,0.000749,74.125.200.0-255,2902,79006,15,208932
22508,0.000752,172.31.36.0-255,66,79072,15,208932
22509,0.000759,74.125.200.0-255,5738,84810,15,208932
22510,0.000761,172.31.36.0-255,66,84876,15,208932
22511,0.000804,74.125.200.0-255,7156,92032,15,208932
22512,0.000807,172.31.36.0-255,66,92098,15,208932
22513,0.000837,74.125.200.0-255,5738,97836,15,208932
22514,0.000841,172.31.36.0-255,66,97902,15,208932
22515,0.000845,74.125.200.0-255,2902,100804,15,208932
22516,0.000849,172.31.36.0-255,66,100870,15,208932
22517,0.000898,172.31.36.0-255,66,100936,15,208932
22518,0.000918,172.31.36.0-255,66,101002,15,208932
22519,0.00093,172.31.36.0-255,66,101068,15,208932
22520,0.000942,172.31.36.0-255,66,101134,15,208932
22521,0.000948,74.125.200.0-255,6438,107572,15,208932
22522,0.00095,172.31.36.0-255,66,107638,15,208932
22523,0.000955,74.125.200.0-255,4320,111958,15,208932
22524,0.000957,172.31.36.0-255,66,112024,15,208932
22525,0.000999,74.125.200.0-255,2902,114926,15,208932
22526,0.001003,172.31.36.0-255,66,114992,15,208932
22527,0.001023,172.31.36.0-255,66,115058,15,208932
22528,0.001053,74.125.200.0-255,7156,122214,15,208932
22529,0.001056,172.31.36.0-255,66,122280,15,208932
22530,0.001093,172.31.36.0-255,66,122346,15,208932
22531,0.001101,74.125.200.0-255,6080,128426,15,208932
22532,0.001103,172.31.36.0-255,66,128492,15,208932
22533,0.001561,74.125.200.0-255,1484,129976,15,208932
22534,0.001566,74.125.200.0-255,1484,131460,15,208932
22535,0.001569,172.31.36.0-255,66,131526,15,208932
22536,0.001597,74.125.200.0-255,1484,133010,15,208932
22537,0.001605,74.125.200.0-255,5738,138748,15,208932
22538,0.001608,74.125.200.0-255,2902,141650,15,208932
22539,0.001609,172.31.36.0-255,66,141716,15,208932
22540,0.001612,74.125.200.0-255,4320,146036,15,208932
22541,0.001613,172.31.36.0-255,66,146102,15,208932
22542,0.00162,172.31.36.0-255,66,146168,15,208932
22543,0.001735,74.125.200.0-255,1484,147652,15,208932
22544,0.00174,74.125.200.0-255,2902,150554,15,208932
22545,0.001745,74.125.200.0-255,5738,156292,15,208932
22546,0.001749,74.125.200.0-255,2902,159194,15,208932
22547,0.001773,74.125.200.0-255,4320,163514,15,208932
22548,0.001789,74.125.200.0-255,5738,169252,15,208932
22549,0.001816,74.125.200.0-255,2902,172154,15,208932
22550,0.001882,74.125.200.0-255,1484,173638,15,208932
22551,0.001886,74.125.200.0-255,2902,176540,15,208932
22552,0.001902,74.125.200.0-255,1484,178024,15,208932
22553,0.001916,74.125.200.0-255,2902,180926,15,208932
22554,0.001937,74.125.200.0-255,5738,186664,15,208932
22555,0.001988,74.125.200.0-255,5738,192402,15,208932
22556,0.002011,74.125.200.0-255,4320,196722,15,208932
22557,0.002013,74.125.200.0-255,766,197488,15,208932
22558,0.002052,74.125.200.0-255,1484,198972,15,208932
22559,0.002056,74.125.200.0-255,2902,201874,15,208932
22560,0.00208,74.125.200.0-255,2902,204776,15,208932
22561,0.002097,74.125.200.0-255,2902,207678,15,208932
22562,0.008703,172.31.36.0-255,66,207744,15,208932
22563,0.00871,172.31.36.0-255,66,207810,15,208932
22564,0.008715,172.31.36.0-255,66,207876,15,208932
22565,0.008719,172.31.36.0-255,66,207942,15,208932
22566,0.008722,172.31.36.0-255,66,208008,15,208932
22567,0.008725,172.31.36.0-255,66,208074,15,208932
22568,0.008728,172.31.36.0-255,66,208140,15,208932
22569,0.00873,172.31.36.0-255,66,208206,15,208932
22570,0.008734,172.31.36.0-255,66,208272,15,208932
22571,0.008738,172.31.36.0-255,66,208338,15,208932
22572,0.008742,172.31.36.0-255,66,208404,15,208932
22573,0.008745,172.31.36.0-255,66,208470,15,208932
22574,0.008748,172.31.36.0-255,66,208536,15,208932
22575,0.008751,172.31.36.0-255,66,208602,15,208932
22576,0.008753,172.31.36.0-255,66,208668,15,208932
22577,0.008757,172.31.36.0-255,66,208734,15,208932
22578,0.00876,172.31.36.0-255,66,208800,15,208932
22579,0.008763,172.31.36.0-255,66,208866,15,208932
22580,0.008766,172.31.36.0-255,66,208932,15,208932
22581,0.0,74.125.24.0-255,66,66,15,66
22582,0.0,172.217.194.0-255,153,153,15,146968
22583,2.4e-05,172.31.36.0-255,66,219,15,146968
22584,3e-05,172.217.194.0-255,1484,1703,15,146968
22585,3.3e-05,172.31.36.0-255,66,1769,15,146968
22586,4.7e-05,172.217.194.0-255,2902,4671,15,146968
22587,4.9e-05,172.31.36.0-255,66,4737,15,146968
22588,5.2e-05,172.217.194.0-255,1484,6221,15,146968
22589,5.3e-05,172.31.36.0-255,66,6287,15,146968
22590,5.9e-05,172.217.194.0-255,4320,10607,15,146968
22591,6.1e-05,172.31.36.0-255,66,10673,15,146968
22592,7.1e-05,172.217.194.0-255,1484,12157,15,146968
22593,7.3e-05,172.31.36.0-255,66,12223,15,146968
22594,9.2e-05,172.217.194.0-255,2060,14283,15,146968
22595,9.4e-05,172.31.36.0-255,66,14349,15,146968
22596,0.000116,172.217.194.0-255,2902,17251,15,146968
22597,0.000118,172.31.36.0-255,66,17317,15,146968
22598,0.000122,172.217.194.0-255,2902,20219,15,146968
22599,0.000124,172.31.36.0-255,66,20285,15,146968
22600,0.000143,172.217.194.0-255,4320,24605,15,146968
22601,0.000145,172.31.36.0-255,66,24671,15,146968
22602,0.000153,172.217.194.0-255,6797,31468,15,146968
22603,0.000154,172.31.36.0-255,66,31534,15,146968
22604,0.00019,172.217.194.0-255,2902,34436,15,146968
22605,0.000192,172.31.36.0-255,66,34502,15,146968
22606,0.000221,172.31.36.0-255,66,34568,15,146968
22607,0.000224,172.217.194.0-255,1125,35693,15,146968
22608,0.000227,172.31.36.0-255,66,35759,15,146968
22609,0.000265,172.217.194.0-255,2902,38661,15,146968
22610,0.000269,172.31.36.0-255,66,38727,15,146968
22611,0.000295,172.31.36.0-255,66,38793,15,146968
22612,0.000298,172.217.194.0-255,1484,40277,15,146968
22613,0.000312,172.217.194.0-255,1395,41672,15,146968
22614,0.000315,172.31.36.0-255,66,41738,15,146968
22615,0.000332,172.217.194.0-255,120,41858,15,146968
22616,0.000413,172.217.194.0-255,384,42242,15,146968
22617,0.000589,172.217.194.0-255,1484,43726,15,146968
22618,0.000593,172.31.36.0-255,66,43792,15,146968
22619,0.000598,172.217.194.0-255,2902,46694,15,146968
22620,0.000601,172.31.36.0-255,66,46760,15,146968
22621,0.000605,172.217.194.0-255,1484,48244,15,146968
22622,0.00062,172.217.194.0-255,4320,52564,15,146968
22623,0.000623,172.31.36.0-255,66,52630,15,146968
22624,0.000641,172.217.194.0-255,5738,58368,15,146968
22625,0.000644,172.31.36.0-255,66,58434,15,146968
22626,0.000674,172.217.194.0-255,7156,65590,15,146968
22627,0.000677,172.31.36.0-255,66,65656,15,146968
22628,0.000689,172.31.36.0-255,66,65722,15,146968
22629,0.001186,172.217.194.0-255,1484,67206,15,146968
22630,0.001197,172.217.194.0-255,2902,70108,15,146968
22631,0.001201,172.31.36.0-255,66,70174,15,146968
22632,0.001208,172.217.194.0-255,5738,75912,15,146968
22633,0.001211,172.31.36.0-255,66,75978,15,146968
22634,0.001249,172.31.36.0-255,66,76044,15,146968
22635,0.0013,172.31.36.0-255,66,76110,15,146968
22636,0.001315,172.217.194.0-255,5020,81130,15,146968
22637,0.001318,172.31.36.0-255,66,81196,15,146968
22638,0.002038,172.217.194.0-255,1484,82680,15,146968
22639,0.002046,172.217.194.0-255,2902,85582,15,146968
22640,0.00205,172.31.36.0-255,66,85648,15,146968
22641,0.002084,172.217.194.0-255,2902,88550,15,146968
22642,0.002085,172.31.36.0-255,66,88616,15,146968
22643,0.002108,172.217.194.0-255,2902,91518,15,146968
22644,0.00211,172.31.36.0-255,66,91584,15,146968
22645,0.002121,172.31.36.0-255,66,91650,15,146968
22646,0.002133,172.31.36.0-255,66,91716,15,146968
22647,0.002181,172.31.36.0-255,66,91782,15,146968
22648,0.002184,172.217.194.0-255,1484,93266,15,146968
22649,0.002205,172.217.194.0-255,5738,99004,15,146968
22650,0.002209,172.31.36.0-255,66,99070,15,146968
22651,0.002242,172.31.36.0-255,66,99136,15,146968
22652,0.002249,172.217.194.0-255,6438,105574,15,146968
22653,0.002252,172.31.36.0-255,66,105640,15,146968
22654,0.002259,172.217.194.0-255,7156,112796,15,146968
22655,0.002262,172.31.36.0-255,66,112862,15,146968
22656,0.002268,172.217.194.0-255,7156,120018,15,146968
22657,0.002271,172.31.36.0-255,66,120084,15,146968
22658,0.002294,172.217.194.0-255,5738,125822,15,146968
22659,0.002299,172.31.36.0-255,66,125888,15,146968
22660,0.002332,172.217.194.0-255,3602,129490,15,146968
22661,0.002336,172.31.36.0-255,66,129556,15,146968
22662,0.00461,172.217.194.0-255,5738,135294,15,146968
22663,0.004615,172.31.36.0-255,66,135360,15,146968
22664,0.006855,172.217.194.0-255,5738,141098,15,146968
22665,0.00686,172.31.36.0-255,66,141164,15,146968
22666,0.009114,172.217.194.0-255,5738,146902,15,146968
22667,0.00912,172.31.36.0-255,66,146968,15,146968
22668,0.0,74.125.200.0-255,153,153,15,218830
22669,3.5e-05,172.31.36.0-255,66,219,15,218830
22670,4.2e-05,74.125.200.0-255,1484,1703,15,218830
22671,4.6e-05,172.31.36.0-255,66,1769,15,218830
22672,5.1e-05,74.125.200.0-255,2902,4671,15,218830
22673,5.4e-05,172.31.36.0-255,66,4737,15,218830
22674,6e-05,74.125.200.0-255,4320,9057,15,218830
22675,6.2e-05,172.31.36.0-255,66,9123,15,218830
22676,6.8e-05,74.125.200.0-255,4882,14005,15,218830
22677,7.1e-05,172.31.36.0-255,66,14071,15,218830
22678,0.00012,74.125.200.0-255,1484,15555,15,218830
22679,0.000124,172.31.36.0-255,66,15621,15,218830
22680,0.00013,74.125.200.0-255,2902,18523,15,218830
22681,0.000132,172.31.36.0-255,66,18589,15,218830
22682,0.000179,74.125.200.0-255,5738,24327,15,218830
22683,0.000182,172.31.36.0-255,66,24393,15,218830
22684,0.00019,74.125.200.0-255,6797,31190,15,218830
22685,0.000192,172.31.36.0-255,66,31256,15,218830
22686,0.000317,74.125.200.0-255,1484,32740,15,218830
22687,0.000321,172.31.36.0-255,66,32806,15,218830
22688,0.000326,74.125.200.0-255,2902,35708,15,218830
22689,0.000329,172.31.36.0-255,66,35774,15,218830
22690,0.000353,74.125.200.0-255,5738,41512,15,218830
22691,0.000355,74.125.200.0-255,1484,42996,15,218830
22692,0.000358,74.125.200.0-255,2902,45898,15,218830
22693,0.000359,172.31.36.0-255,66,45964,15,218830
22694,0.000362,172.31.36.0-255,66,46030,15,218830
22695,0.000366,172.31.36.0-255,66,46096,15,218830
22696,0.000414,74.125.200.0-255,6797,52893,15,218830
22697,0.000418,172.31.36.0-255,66,52959,15,218830
22698,0.000423,74.125.200.0-255,2902,55861,15,218830
22699,0.000425,172.31.36.0-255,66,55927,15,218830
22700,0.00043,74.125.200.0-255,4320,60247,15,218830
22701,0.000433,172.31.36.0-255,66,60313,15,218830
22702,0.000468,74.125.200.0-255,5379,65692,15,218830
22703,0.000472,172.31.36.0-255,66,65758,15,218830
22704,0.000491,74.125.200.0-255,415,66173,15,218830
22705,0.00056,74.125.200.0-255,329,66502,15,218830
22706,0.000781,172.31.36.0-255,66,66568,15,218830
22707,0.00094,74.125.200.0-255,1484,68052,15,218830
22708,0.00095,74.125.200.0-255,2902,70954,15,218830
22709,0.000954,172.31.36.0-255,66,71020,15,218830
22710,0.00096,74.125.200.0-255,4320,75340,15,218830
22711,0.000963,172.31.36.0-255,66,75406,15,218830
22712,0.000988,74.125.200.0-255,1484,76890,15,218830
22713,0.000996,74.125.200.0-255,7156,84046,15,218830
22714,0.000998,172.31.36.0-255,66,84112,15,218830
22715,0.00103,172.31.36.0-255,66,84178,15,218830
22716,0.001049,74.125.200.0-255,2902,87080,15,218830
22717,0.001052,172.31.36.0-255,66,87146,15,218830
22718,0.001067,74.125.200.0-255,2184,89330,15,218830
22719,0.001069,172.31.36.0-255,66,89396,15,218830
22720,0.001208,74.125.200.0-255,1484,90880,15,218830
22721,0.001213,74.125.200.0-255,1484,92364,15,218830
22722,0.001216,172.31.36.0-255,66,92430,15,218830
22723,0.001233,74.125.200.0-255,1484,93914,15,218830
22724,0.00124,74.125.200.0-255,5738,99652,15,218830
22725,0.001242,172.31.36.0-255,66,99718,15,218830
22726,0.001281,74.125.200.0-255,7156,106874,15,218830
22727,0.001284,172.31.36.0-255,66,106940,15,218830
22728,0.001319,172.31.36.0-255,66,107006,15,218830
22729,0.001325,74.125.200.0-255,5738,112744,15,218830
22730,0.001328,172.31.36.0-255,66,112810,15,218830
22731,0.001341,74.125.200.0-255,2184,114994,15,218830
22732,0.001344,172.31.36.0-255,66,115060,15,218830
22733,0.001813,74.125.200.0-255,1484,116544,15,218830
22734,0.001821,74.125.200.0-255,1484,118028,15,218830
22735,0.001825,172.31.36.0-255,66,118094,15,218830
22736,0.00183,74.125.200.0-255,2902,120996,15,218830
22737,0.001833,172.31.36.0-255,66,121062,15,218830
22738,0.001848,74.125.200.0-255,2902,123964,15,218830
22739,0.001851,172.31.36.0-255,66,124030,15,218830
22740,0.001865,74.125.200.0-255,2902,126932,15,218830
22741,0.001867,172.31.36.0-255,66,126998,15,218830
22742,0.001894,74.125.200.0-255,7156,134154,15,218830
22743,0.001897,172.31.36.0-255,66,134220,15,218830
22744,0.001929,172.31.36.0-255,66,134286,15,218830
22745,0.001934,74.125.200.0-255,2902,137188,15,218830
22746,0.001936,172.31.36.0-255,66,137254,15,218830
22747,0.001941,74.125.200.0-255,3602,140856,15,218830
22748,0.001943,172.31.36.0-255,66,140922,15,218830
22749,0.00209,74.125.200.0-255,1484,142406,15,218830
22750,0.002111,74.125.200.0-255,2902,145308,15,218830
22751,0.002114,172.31.36.0-255,66,145374,15,218830
22752,0.002133,74.125.200.0-255,2902,148276,15,218830
22753,0.002135,172.31.36.0-255,66,148342,15,218830
22754,0.002141,74.125.200.0-255,4320,152662,15,218830
22755,0.002142,172.31.36.0-255,66,152728,15,218830
22756,0.002164,74.125.200.0-255,4320,157048,15,218830
22757,0.002166,172.31.36.0-255,66,157114,15,218830
22758,0.002182,74.125.200.0-255,4320,161434,15,218830
22759,0.002183,172.31.36.0-255,66,161500,15,218830
22760,0.002189,74.125.200.0-255,4320,165820,15,218830
22761,0.002191,172.31.36.0-255,66,165886,15,218830
22762,0.002196,74.125.200.0-255,5738,171624,15,218830
22763,0.002198,172.31.36.0-255,66,171690,15,218830
22764,0.002234,74.125.200.0-255,3602,175292,15,218830
22765,0.002236,172.31.36.0-255,66,175358,15,218830
22766,0.002347,74.125.200.0-255,1484,176842,15,218830
22767,0.002367,74.125.200.0-255,2902,179744,15,218830
22768,0.00237,172.31.36.0-255,66,179810,15,218830
22769,0.002373,74.125.200.0-255,1484,181294,15,218830
22770,0.002394,74.125.200.0-255,2902,184196,15,218830
22771,0.002396,172.31.36.0-255,66,184262,15,218830
22772,0.002417,74.125.200.0-255,4320,188582,15,218830
22773,0.002419,172.31.36.0-255,66,188648,15,218830
22774,0.002436,74.125.200.0-255,1484,190132,15,218830
22775,0.002439,74.125.200.0-255,1484,191616,15,218830
22776,0.002441,172.31.36.0-255,66,191682,15,218830
22777,0.002445,74.125.200.0-255,2902,194584,15,218830
22778,0.002447,172.31.36.0-255,66,194650,15,218830
22779,0.002469,74.125.200.0-255,5738,200388,15,218830
22780,0.002471,172.31.36.0-255,66,200454,15,218830
22781,0.002474,74.125.200.0-255,1484,201938,15,218830
22782,0.002501,74.125.200.0-255,2902,204840,15,218830
22783,0.002513,172.31.36.0-255,66,204906,15,218830
22784,0.002531,74.125.200.0-255,2902,207808,15,218830
22785,0.002534,172.31.36.0-255,66,207874,15,218830
22786,0.002546,74.125.200.0-255,2184,210058,15,218830
22787,0.005051,74.125.200.0-255,2902,212960,15,218830
22788,0.007021,172.31.36.0-255,66,213026,15,218830
22789,0.00957,74.125.200.0-255,5738,218764,15,218830
22790,0.00958,172.31.36.0-255,66,218830,15,218830
22791,0.0,74.125.24.0-255,154,154,15,142011
22792,3.7e-05,172.31.36.0-255,66,220,15,142011
22793,4.5e-05,74.125.24.0-255,1484,1704,15,142011
22794,4.9e-05,172.31.36.0-255,66,1770,15,142011
22795,5.4e-05,74.125.24.0-255,2902,4672,15,142011
22796,5.6e-05,172.31.36.0-255,66,4738,15,142011
22797,7.2e-05,74.125.24.0-255,7156,11894,15,142011
22798,7.4e-05,172.31.36.0-255,66,11960,15,142011
22799,9.9e-05,74.125.24.0-255,4320,16280,15,142011
22800,0.000102,172.31.36.0-255,66,16346,15,142011
22801,0.000134,74.125.24.0-255,2103,18449,15,142011
22802,0.000138,172.31.36.0-255,66,18515,15,142011
22803,0.000145,74.125.24.0-255,7156,25671,15,142011
22804,0.000154,172.31.36.0-255,66,25737,15,142011
22805,0.00016,74.125.24.0-255,5379,31116,15,142011
22806,0.000163,172.31.36.0-255,66,31182,15,142011
22807,0.000202,74.125.24.0-255,1484,32666,15,142011
22808,0.000205,172.31.36.0-255,66,32732,15,142011
22809,0.000211,74.125.24.0-255,2902,35634,15,142011
22810,0.000213,172.31.36.0-255,66,35700,15,142011
22811,0.000235,74.125.24.0-255,2902,38602,15,142011
22812,0.000238,172.31.36.0-255,66,38668,15,142011
22813,0.000241,74.125.24.0-255,1484,40152,15,142011
22814,0.000248,172.31.36.0-255,66,40218,15,142011
22815,0.000273,74.125.24.0-255,2902,43120,15,142011
22816,0.000276,172.31.36.0-255,66,43186,15,142011
22817,0.00029,172.31.36.0-255,66,43252,15,142011
22818,0.000293,74.125.24.0-255,1484,44736,15,142011
22819,0.000295,172.31.36.0-255,66,44802,15,142011
22820,0.000321,74.125.24.0-255,5738,50540,15,142011
22821,0.000329,172.31.36.0-255,66,50606,15,142011
22822,0.000364,74.125.24.0-255,6733,57339,15,142011
22823,0.000368,172.31.36.0-255,66,57405,15,142011
22824,0.000391,74.125.24.0-255,128,57533,15,142011
22825,0.000868,172.31.36.0-255,66,57599,15,142011
22826,0.000952,74.125.24.0-255,1484,59083,15,142011
22827,0.000983,74.125.24.0-255,2902,61985,15,142011
22828,0.000987,172.31.36.0-255,66,62051,15,142011
22829,0.001016,74.125.24.0-255,1484,63535,15,142011
22830,0.001032,74.125.24.0-255,4320,67855,15,142011
22831,0.001034,172.31.36.0-255,66,67921,15,142011
22832,0.001038,74.125.24.0-255,1484,69405,15,142011
22833,0.001068,74.125.24.0-255,5738,75143,15,142011
22834,0.001072,172.31.36.0-255,66,75209,15,142011
22835,0.001091,172.31.36.0-255,66,75275,15,142011
22836,0.001119,74.125.24.0-255,6438,81713,15,142011
22837,0.001123,172.31.36.0-255,66,81779,15,142011
22838,0.001237,74.125.24.0-255,1484,83263,15,142011
22839,0.001243,74.125.24.0-255,2902,86165,15,142011
22840,0.001246,172.31.36.0-255,66,86231,15,142011
22841,0.00125,74.125.24.0-255,1484,87715,15,142011
22842,0.00128,74.125.24.0-255,4320,92035,15,142011
22843,0.001284,172.31.36.0-255,66,92101,15,142011
22844,0.001291,74.125.24.0-255,5738,97839,15,142011
22845,0.001294,172.31.36.0-255,66,97905,15,142011
22846,0.001309,74.125.24.0-255,7156,105061,15,142011
22847,0.001312,172.31.36.0-255,66,105127,15,142011
22848,0.001337,74.125.24.0-255,5738,110865,15,142011
22849,0.001345,172.31.36.0-255,66,110931,15,142011
22850,0.001352,74.125.24.0-255,5020,115951,15,142011
22851,0.001354,172.31.36.0-255,66,116017,15,142011
22852,0.001557,74.125.24.0-255,1484,117501,15,142011
22853,0.001566,74.125.24.0-255,2902,120403,15,142011
22854,0.00157,172.31.36.0-255,66,120469,15,142011
22855,0.001573,74.125.24.0-255,1484,121953,15,142011
22856,0.001601,74.125.24.0-255,4320,126273,15,142011
22857,0.001605,172.31.36.0-255,66,126339,15,142011
22858,0.00162,172.31.36.0-255,66,126405,15,142011
22859,0.001638,172.31.36.0-255,66,126471,15,142011
22860,0.001687,74.125.24.0-255,766,127237,15,142011
22861,0.003122,172.31.36.0-255,66,127303,15,142011
22862,0.004232,74.125.24.0-255,4320,131623,15,142011
22863,0.004242,172.31.36.0-255,66,131689,15,142011
22864,0.005711,74.125.24.0-255,1484,133173,15,142011
22865,0.006849,74.125.24.0-255,2902,136075,15,142011
22866,0.006853,172.31.36.0-255,66,136141,15,142011
22867,0.006886,74.125.24.0-255,1484,137625,15,142011
22868,0.009504,74.125.24.0-255,4320,141945,15,142011
22869,0.009522,172.31.36.0-255,66,142011,15,142011
22870,0.0,172.217.194.0-255,153,153,15,206435
22871,2.2e-05,172.31.36.0-255,66,219,15,206435
22872,2.9e-05,172.217.194.0-255,1484,1703,15,206435
22873,3.3e-05,172.31.36.0-255,66,1769,15,206435
22874,3.9e-05,172.217.194.0-255,2902,4671,15,206435
22875,5e-05,172.31.36.0-255,66,4737,15,206435
22876,5.8e-05,172.217.194.0-255,7156,11893,15,206435
22877,6.1e-05,172.31.36.0-255,66,11959,15,206435
22878,6.5e-05,172.217.194.0-255,2030,13989,15,206435
22879,6.7e-05,172.31.36.0-255,66,14055,15,206435
22880,0.00015,172.217.194.0-255,1484,15539,15,206435
22881,0.000154,172.31.36.0-255,66,15605,15,206435
22882,0.000186,172.217.194.0-255,2902,18507,15,206435
22883,0.000189,172.31.36.0-255,66,18573,15,206435
22884,0.000196,172.217.194.0-255,5738,24311,15,206435
22885,0.000198,172.31.36.0-255,66,24377,15,206435
22886,0.000226,172.217.194.0-255,4320,28697,15,206435
22887,0.000228,172.31.36.0-255,66,28763,15,206435
22888,0.000248,172.217.194.0-255,2543,31306,15,206435
22889,0.00025,172.31.36.0-255,66,31372,15,206435
22890,0.000256,172.217.194.0-255,4320,35692,15,206435
22891,0.000259,172.31.36.0-255,66,35758,15,206435
22892,0.000295,172.31.36.0-255,66,35824,15,206435
22893,0.000344,172.31.36.0-255,66,35890,15,206435
22894,0.000372,172.217.194.0-255,1484,37374,15,206435
22895,0.000375,172.31.36.0-255,66,37440,15,206435
22896,0.000379,172.217.194.0-255,1484,38924,15,206435
22897,0.000381,172.31.36.0-255,66,38990,15,206435
22898,0.000386,172.217.194.0-255,2184,41174,15,206435
22899,0.000388,172.31.36.0-255,66,41240,15,206435
22900,0.000391,172.217.194.0-255,389,41629,15,206435
22901,0.000395,172.217.194.0-255,1484,43113,15,206435
22902,0.000397,172.31.36.0-255,66,43179,15,206435
22903,0.000403,172.217.194.0-255,4320,47499,15,206435
22904,0.000405,172.31.36.0-255,66,47565,15,206435
22905,0.00041,172.217.194.0-255,4320,51885,15,206435
22906,0.000413,172.31.36.0-255,66,51951,15,206435
22907,0.000425,172.31.36.0-255,66,52017,15,206435
22908,0.000468,172.217.194.0-255,2902,54919,15,206435
22909,0.000471,172.31.36.0-255,66,54985,15,206435
22910,0.000484,172.31.36.0-255,66,55051,15,206435
22911,0.000569,172.217.194.0-255,1484,56535,15,206435
22912,0.000574,172.217.194.0-255,1484,58019,15,206435
22913,0.000578,172.31.36.0-255,66,58085,15,206435
22914,0.000613,172.217.194.0-255,1484,59569,15,206435
22915,0.00062,172.217.194.0-255,5738,65307,15,206435
22916,0.000623,172.31.36.0-255,66,65373,15,206435
22917,0.000627,172.217.194.0-255,1484,66857,15,206435
22918,0.000636,172.31.36.0-255,66,66923,15,206435
22919,0.000671,172.31.36.0-255,66,66989,15,206435
22920,0.000705,172.217.194.0-255,5020,72009,15,206435
22921,0.000708,172.31.36.0-255,66,72075,15,206435
22922,0.000713,172.217.194.0-255,4320,76395,15,206435
22923,0.000715,172.31.36.0-255,66,76461,15,206435
22924,0.000718,172.217.194.0-255,1484,77945,15,206435
22925,0.000748,172.217.194.0-255,4320,82265,15,206435
22926,0.000751,172.31.36.0-255,66,82331,15,206435
22927,0.000763,172.31.36.0-255,66,82397,15,206435
22928,0.000767,172.217.194.0-255,2902,85299,15,206435
22929,0.000769,172.31.36.0-255,66,85365,15,206435
22930,0.000806,172.31.36.0-255,66,85431,15,206435
22931,0.001246,172.217.194.0-255,1484,86915,15,206435
22932,0.001251,172.217.194.0-255,1484,88399,15,206435
22933,0.001255,172.31.36.0-255,66,88465,15,206435
22934,0.001283,172.217.194.0-255,1484,89949,15,206435
22935,0.00129,172.217.194.0-255,5738,95687,15,206435
22936,0.001293,172.31.36.0-255,66,95753,15,206435
22937,0.001338,172.217.194.0-255,5738,101491,15,206435
22938,0.001343,172.31.36.0-255,66,101557,15,206435
22939,0.001375,172.217.194.0-255,2902,104459,15,206435
22940,0.001377,172.31.36.0-255,66,104525,15,206435
22941,0.001389,172.31.36.0-255,66,104591,15,206435
22942,0.001438,172.217.194.0-255,5020,109611,15,206435
22943,0.001442,172.31.36.0-255,66,109677,15,206435
22944,0.001888,172.217.194.0-255,1484,111161,15,206435
22945,0.001894,172.217.194.0-255,2902,114063,15,206435
22946,0.001898,172.31.36.0-255,66,114129,15,206435
22947,0.001903,172.217.194.0-255,2902,117031,15,206435
22948,0.001904,172.31.36.0-255,66,117097,15,206435
22949,0.001926,172.217.194.0-255,2902,119999,15,206435
22950,0.001932,172.217.194.0-255,5738,125737,15,206435
22951,0.001941,172.31.36.0-255,66,125803,15,206435
22952,0.001944,172.31.36.0-255,66,125869,15,206435
22953,0.00195,172.217.194.0-255,5738,131607,15,206435
22954,0.001952,172.31.36.0-255,66,131673,15,206435
22955,0.001977,172.217.194.0-255,7156,138829,15,206435
22956,0.001979,172.31.36.0-255,66,138895,15,206435
22957,0.001983,172.217.194.0-255,2902,141797,15,206435
22958,0.001985,172.31.36.0-255,66,141863,15,206435
22959,0.002013,172.217.194.0-255,2184,144047,15,206435
22960,0.002015,172.31.36.0-255,66,144113,15,206435
22961,0.002075,172.217.194.0-255,1484,145597,15,206435
22962,0.00209,172.217.194.0-255,2902,148499,15,206435
22963,0.002092,172.31.36.0-255,66,148565,15,206435
22964,0.002151,172.217.194.0-255,4320,152885,15,206435
22965,0.002153,172.31.36.0-255,66,152951,15,206435
22966,0.002177,172.217.194.0-255,1484,154435,15,206435
22967,0.002188,172.217.194.0-255,7156,161591,15,206435
22968,0.00219,172.31.36.0-255,66,161657,15,206435
22969,0.002217,172.217.194.0-255,5738,167395,15,206435
22970,0.00222,172.31.36.0-255,66,167461,15,206435
22971,0.002223,172.217.194.0-255,1484,168945,15,206435
22972,0.002252,172.31.36.0-255,66,169011,15,206435
22973,0.002275,172.217.194.0-255,766,169777,15,206435
22974,0.002287,172.31.36.0-255,66,169843,15,206435
22975,0.002305,172.217.194.0-255,2902,172745,15,206435
22976,0.002307,172.31.36.0-255,66,172811,15,206435
22977,0.002318,172.31.36.0-255,66,172877,15,206435
22978,0.002344,172.31.36.0-255,66,172943,15,206435
22979,0.002347,172.217.194.0-255,1484,174427,15,206435
22980,0.002381,172.31.36.0-255,66,174493,15,206435
22981,0.002412,172.217.194.0-255,2184,176677,15,206435
22982,0.002415,172.31.36.0-255,66,176743,15,206435
22983,0.00242,172.217.194.0-255,4320,181063,15,206435
22984,0.002423,172.31.36.0-255,66,181129,15,206435
22985,0.002472,172.31.36.0-255,66,181195,15,206435
22986,0.002478,172.217.194.0-255,5738,186933,15,206435
22987,0.00248,172.31.36.0-255,66,186999,15,206435
22988,0.002517,172.217.194.0-255,4320,191319,15,206435
22989,0.002522,172.31.36.0-255,66,191385,15,206435
22990,0.002525,172.31.36.0-255,66,191451,15,206435
22991,0.002555,172.217.194.0-255,7156,198607,15,206435
22992,0.002558,172.31.36.0-255,66,198673,15,206435
22993,0.002561,172.217.194.0-255,1484,200157,15,206435
22994,0.002576,172.217.194.0-255,5738,205895,15,206435
22995,0.002578,172.31.36.0-255,66,205961,15,206435
22996,0.002615,172.31.36.0-255,66,206027,15,206435
22997,0.002627,172.31.36.0-255,66,206093,15,206435
22998,0.00263,172.217.194.0-255,105,206198,15,206435
22999,0.004627,172.31.36.0-255,66,206264,15,206435
23000,0.004663,172.31.36.0-255,105,206369,15,206435
23001,0.007173,172.217.194.0-255,66,206435,15,206435
23002,0.0,74.125.130.0-255,146,146,15,194767
23003,2.2e-05,172.31.36.0-255,66,212,15,194767
23004,3e-05,74.125.130.0-255,1484,1696,15,194767
23005,3.5e-05,172.31.36.0-255,66,1762,15,194767
23006,6.1e-05,74.125.130.0-255,2902,4664,15,194767
23007,6.9e-05,172.31.36.0-255,66,4730,15,194767
23008,0.0001,74.125.130.0-255,2902,7632,15,194767
23009,0.000102,172.31.36.0-255,66,7698,15,194767
23010,0.000109,74.125.130.0-255,4320,12018,15,194767
23011,0.000111,172.31.36.0-255,66,12084,15,194767
23012,0.000157,172.31.36.0-255,66,12150,15,194767
23013,0.000191,172.31.36.0-255,66,12216,15,194767
23014,0.000362,74.125.130.0-255,1484,13700,15,194767
23015,0.000368,172.31.36.0-255,66,13766,15,194767
23016,0.000374,74.125.130.0-255,2902,16668,15,194767
23017,0.000377,172.31.36.0-255,66,16734,15,194767
23018,0.000399,74.125.130.0-255,4320,21054,15,194767
23019,0.000403,172.31.36.0-255,66,21120,15,194767
23020,0.00046,172.31.36.0-255,66,21186,15,194767
23021,0.000468,74.125.130.0-255,7156,28342,15,194767
23022,0.00047,172.31.36.0-255,66,28408,15,194767
23023,0.000482,172.31.36.0-255,66,28474,15,194767
23024,0.000485,74.125.130.0-255,766,29240,15,194767
23025,0.000487,172.31.36.0-255,66,29306,15,194767
23026,0.000533,74.125.130.0-255,411,29717,15,194767
23027,0.000536,172.31.36.0-255,66,29783,15,194767
23028,0.000694,74.125.130.0-255,1484,31267,15,194767
23029,0.000698,172.31.36.0-255,66,31333,15,194767
23030,0.000703,74.125.130.0-255,1484,32817,15,194767
23031,0.000706,172.31.36.0-255,66,32883,15,194767
23032,0.000739,74.125.130.0-255,1484,34367,15,194767
23033,0.000742,172.31.36.0-255,66,34433,15,194767
23034,0.000749,74.125.130.0-255,5738,40171,15,194767
23035,0.000752,172.31.36.0-255,66,40237,15,194767
23036,0.000759,74.125.130.0-255,7156,47393,15,194767
23037,0.000762,172.31.36.0-255,66,47459,15,194767
23038,0.000816,172.31.36.0-255,66,47525,15,194767
23039,0.000844,74.125.130.0-255,3602,51127,15,194767
23040,0.000847,172.31.36.0-255,66,51193,15,194767
23041,0.00092,74.125.130.0-255,1484,52677,15,194767
23042,0.000924,172.31.36.0-255,66,52743,15,194767
23043,0.000927,74.125.130.0-255,1484,54227,15,194767
23044,0.000929,172.31.36.0-255,66,54293,15,194767
23045,0.000954,74.125.130.0-255,2902,57195,15,194767
23046,0.000957,172.31.36.0-255,66,57261,15,194767
23047,0.000986,74.125.130.0-255,5738,62999,15,194767
23048,0.000988,172.31.36.0-255,66,63065,15,194767
23049,0.001028,74.125.130.0-255,5738,68803,15,194767
23050,0.001031,172.31.36.0-255,66,68869,15,194767
23051,0.001056,74.125.130.0-255,1484,70353,15,194767
23052,0.001059,172.31.36.0-255,66,70419,15,194767
23053,0.001062,74.125.130.0-255,1484,71903,15,194767
23054,0.001064,172.31.36.0-255,66,71969,15,194767
23055,0.001069,74.125.130.0-255,2902,74871,15,194767
23056,0.001071,172.31.36.0-255,66,74937,15,194767
23057,0.001086,74.125.130.0-255,5738,80675,15,194767
23058,0.001089,172.31.36.0-255,66,80741,15,194767
23059,0.001091,74.125.130.0-255,1484,82225,15,194767
23060,0.001118,74.125.130.0-255,2902,85127,15,194767
23061,0.001122,172.31.36.0-255,66,85193,15,194767
23062,0.001139,74.125.130.0-255,766,85959,15,194767
23063,0.001724,74.125.130.0-255,1484,87443,15,194767
23064,0.001728,172.31.36.0-255,66,87509,15,194767
23065,0.001734,74.125.130.0-255,2902,90411,15,194767
23066,0.001736,172.31.36.0-255,66,90477,15,194767
23067,0.001768,74.125.130.0-255,5738,96215,15,194767
23068,0.001771,172.31.36.0-255,66,96281,15,194767
23069,0.001775,74.125.130.0-255,1484,97765,15,194767
23070,0.001779,74.125.130.0-255,2902,100667,15,194767
23071,0.001781,172.31.36.0-255,66,100733,15,194767
23072,0.001788,74.125.130.0-255,5738,106471,15,194767
23073,0.00179,172.31.36.0-255,66,106537,15,194767
23074,0.001832,172.31.36.0-255,66,106603,15,194767
23075,0.001865,74.125.130.0-255,5020,111623,15,194767
23076,0.001868,172.31.36.0-255,66,111689,15,194767
23077,0.002124,74.125.130.0-255,1484,113173,15,194767
23078,0.002129,74.125.130.0-255,1484,114657,15,194767
23079,0.002132,172.31.36.0-255,66,114723,15,194767
23080,0.002165,74.125.130.0-255,1484,116207,15,194767
23081,0.002172,74.125.130.0-255,5738,121945,15,194767
23082,0.002175,172.31.36.0-255,66,122011,15,194767
23083,0.002178,74.125.130.0-255,1484,123495,15,194767
23084,0.002211,172.31.36.0-255,66,123561,15,194767
23085,0.002215,74.125.130.0-255,1484,125045,15,194767
23086,0.002274,74.125.130.0-255,4320,129365,15,194767
23087,0.002277,172.31.36.0-255,66,129431,15,194767
23088,0.002305,74.125.130.0-255,2902,132333,15,194767
23089,0.002308,172.31.36.0-255,66,132399,15,194767
23090,0.002315,74.125.130.0-255,5738,138137,15,194767
23091,0.002317,172.31.36.0-255,66,138203,15,194767
23092,0.002345,74.125.130.0-255,2902,141105,15,194767
23093,0.002348,172.31.36.0-255,66,141171,15,194767
23094,0.002353,74.125.130.0-255,2902,144073,15,194767
23095,0.002355,172.31.36.0-255,66,144139,15,194767
23096,0.00238,74.125.130.0-255,1484,145623,15,194767
23097,0.002417,172.31.36.0-255,66,145689,15,194767
23098,0.002448,74.125.130.0-255,1484,147173,15,194767
23099,0.002463,74.125.130.0-255,2902,150075,15,194767
23100,0.002466,172.31.36.0-255,66,150141,15,194767
23101,0.002469,74.125.130.0-255,1484,151625,15,194767
23102,0.002497,74.125.130.0-255,2902,154527,15,194767
23103,0.0025,172.31.36.0-255,66,154593,15,194767
23104,0.002507,74.125.130.0-255,5738,160331,15,194767
23105,0.002509,172.31.36.0-255,66,160397,15,194767
23106,0.00254,172.31.36.0-255,66,160463,15,194767
23107,0.00259,172.31.36.0-255,66,160529,15,194767
23108,0.002594,74.125.130.0-255,2184,162713,15,194767
23109,0.002596,172.31.36.0-255,66,162779,15,194767
23110,0.002601,74.125.130.0-255,2902,165681,15,194767
23111,0.002608,172.31.36.0-255,66,165747,15,194767
23112,0.002673,74.125.130.0-255,4320,170067,15,194767
23113,0.002676,172.31.36.0-255,66,170133,15,194767
23114,0.002683,74.125.130.0-255,5738,175871,15,194767
23115,0.002685,172.31.36.0-255,66,175937,15,194767
23116,0.002692,74.125.130.0-255,7156,183093,15,194767
23117,0.002695,172.31.36.0-255,66,183159,15,194767
23118,0.005317,74.125.130.0-255,5738,188897,15,194767
23119,0.005326,172.31.36.0-255,66,188963,15,194767
23120,0.007969,74.125.130.0-255,5738,194701,15,194767
23121,0.007977,172.31.36.0-255,66,194767,15,194767
23122,0.0,172.217.194.0-255,153,153,15,152260
23123,2.4e-05,172.31.36.0-255,66,219,15,152260
23124,3.1e-05,172.217.194.0-255,1484,1703,15,152260
23125,3.6e-05,172.31.36.0-255,66,1769,15,152260
23126,5.1e-05,172.217.194.0-255,2902,4671,15,152260
23127,5.4e-05,172.31.36.0-255,66,4737,15,152260
23128,6.3e-05,172.217.194.0-255,7156,11893,15,152260
23129,6.6e-05,172.31.36.0-255,66,11959,15,152260
23130,7.1e-05,172.217.194.0-255,2102,14061,15,152260
23131,7.3e-05,172.31.36.0-255,66,14127,15,152260
23132,0.000178,172.217.194.0-255,1484,15611,15,152260
23133,0.000182,172.31.36.0-255,66,15677,15,152260
23134,0.000187,172.217.194.0-255,2902,18579,15,152260
23135,0.000189,172.31.36.0-255,66,18645,15,152260
23136,0.000196,172.217.194.0-255,5738,24383,15,152260
23137,0.000198,172.31.36.0-255,66,24449,15,152260
23138,0.000208,172.217.194.0-255,4320,28769,15,152260
23139,0.000211,172.31.36.0-255,66,28835,15,152260
23140,0.000249,172.217.194.0-255,2543,31378,15,152260
23141,0.000252,172.31.36.0-255,66,31444,15,152260
23142,0.000322,172.217.194.0-255,2902,34346,15,152260
23143,0.000327,172.31.36.0-255,66,34412,15,152260
23144,0.000334,172.217.194.0-255,4320,38732,15,152260
23145,0.000336,172.31.36.0-255,66,38798,15,152260
23146,0.000349,172.217.194.0-255,7156,45954,15,152260
23147,0.000351,172.31.36.0-255,66,46020,15,152260
23148,0.000378,172.217.194.0-255,1484,47504,15,152260
23149,0.00038,172.31.36.0-255,66,47570,15,152260
23150,0.000386,172.217.194.0-255,3961,51531,15,152260
23151,0.000388,172.31.36.0-255,66,51597,15,152260
23152,0.000408,172.31.36.0-255,66,51663,15,152260
23153,0.000432,172.217.194.0-255,428,52091,15,152260
23154,0.001086,172.31.36.0-255,66,52157,15,152260
23155,0.001115,172.217.194.0-255,1484,53641,15,152260
23156,0.001119,172.217.194.0-255,1484,55125,15,152260
23157,0.001126,172.31.36.0-255,66,55191,15,152260
23158,0.001134,172.217.194.0-255,1484,56675,15,152260
23159,0.001141,172.217.194.0-255,5738,62413,15,152260
23160,0.001159,172.31.36.0-255,66,62479,15,152260
23161,0.001168,172.217.194.0-255,4320,66799,15,152260
23162,0.001204,172.31.36.0-255,66,66865,15,152260
23163,0.001228,172.217.194.0-255,7156,74021,15,152260
23164,0.001246,172.217.194.0-255,3602,77623,15,152260
23165,0.001255,172.31.36.0-255,66,77689,15,152260
23166,0.001376,172.31.36.0-255,101,77790,15,152260
23167,0.001742,172.217.194.0-255,1484,79274,15,152260
23168,0.001753,172.217.194.0-255,2902,82176,15,152260
23169,0.001757,172.31.36.0-255,66,82242,15,152260
23170,0.001765,172.217.194.0-255,5738,87980,15,152260
23171,0.001769,172.217.194.0-255,2902,90882,15,152260
23172,0.001801,172.217.194.0-255,4320,95202,15,152260
23173,0.001804,172.217.194.0-255,1484,96686,15,152260
23174,0.001828,172.217.194.0-255,7156,103842,15,152260
23175,0.001874,172.217.194.0-255,1484,105326,15,152260
23176,0.001879,172.217.194.0-255,2902,108228,15,152260
23177,0.001905,172.217.194.0-255,5738,113966,15,152260
23178,0.001955,172.217.194.0-255,2902,116868,15,152260
23179,0.001978,172.217.194.0-255,1484,118352,15,152260
23180,0.002122,172.217.194.0-255,1484,119836,15,152260
23181,0.002128,172.217.194.0-255,2902,122738,15,152260
23182,0.002156,172.217.194.0-255,5738,128476,15,152260
23183,0.00218,172.217.194.0-255,5738,134214,15,152260
23184,0.002206,172.217.194.0-255,7156,141370,15,152260
23185,0.002241,172.217.194.0-255,4320,145690,15,152260
23186,0.002265,172.217.194.0-255,6438,152128,15,152260
23187,0.003621,172.217.194.0-255,66,152194,15,152260
23188,0.007809,172.31.36.0-255,66,152260,15,152260
23189,0.0,74.125.200.0-255,150,150,15,212749
23190,1.2e-05,172.31.36.0-255,66,216,15,212749
23191,1.8e-05,74.125.200.0-255,1484,1700,15,212749
23192,2.1e-05,172.31.36.0-255,66,1766,15,212749
23193,5.5e-05,74.125.200.0-255,2902,4668,15,212749
23194,5.9e-05,172.31.36.0-255,66,4734,15,212749
23195,6.8e-05,74.125.200.0-255,7156,11890,15,212749
23196,7.1e-05,172.31.36.0-255,66,11956,15,212749
23197,7.5e-05,74.125.200.0-255,2036,13992,15,212749
23198,8e-05,172.31.36.0-255,66,14058,15,212749
23199,0.000106,74.125.200.0-255,4320,18378,15,212749
23200,0.00011,172.31.36.0-255,66,18444,15,212749
23201,0.000137,74.125.200.0-255,7156,25600,15,212749
23202,0.000139,172.31.36.0-255,66,25666,15,212749
23203,0.000145,74.125.200.0-255,5379,31045,15,212749
23204,0.000148,172.31.36.0-255,66,31111,15,212749
23205,0.000196,74.125.200.0-255,1484,32595,15,212749
23206,0.000199,172.31.36.0-255,66,32661,15,212749
23207,0.000204,74.125.200.0-255,2902,35563,15,212749
23208,0.000206,172.31.36.0-255,66,35629,15,212749
23209,0.000232,74.125.200.0-255,2902,38531,15,212749
23210,0.000235,172.31.36.0-255,66,38597,15,212749
23211,0.000241,74.125.200.0-255,4320,42917,15,212749
23212,0.000243,172.31.36.0-255,66,42983,15,212749
23213,0.000273,74.125.200.0-255,5379,48362,15,212749
23214,0.000276,172.31.36.0-255,66,48428,15,212749
23215,0.000512,74.125.200.0-255,1484,49912,15,212749
23216,0.000517,172.31.36.0-255,66,49978,15,212749
23217,0.000523,74.125.200.0-255,2902,52880,15,212749
23218,0.000525,172.31.36.0-255,66,52946,15,212749
23219,0.000577,74.125.200.0-255,4320,57266,15,212749
23220,0.00058,172.31.36.0-255,66,57332,15,212749
23221,0.000592,172.31.36.0-255,66,57398,15,212749
23222,0.000618,74.125.200.0-255,646,58044,15,212749
23223,0.000752,74.125.200.0-255,1484,59528,15,212749
23224,0.000756,172.31.36.0-255,66,59594,15,212749
23225,0.00079,74.125.200.0-255,2902,62496,15,212749
23226,0.000792,74.125.200.0-255,1484,63980,15,212749
23227,0.000795,74.125.200.0-255,1484,65464,15,212749
23228,0.000801,172.31.36.0-255,66,65530,15,212749
23229,0.00081,172.31.36.0-255,66,65596,15,212749
23230,0.000814,74.125.200.0-255,1484,67080,15,212749
23231,0.000856,74.125.200.0-255,5738,72818,15,212749
23232,0.000859,172.31.36.0-255,66,72884,15,212749
23233,0.000868,74.125.200.0-255,2902,75786,15,212749
23234,0.00087,172.31.36.0-255,66,75852,15,212749
23235,0.000876,74.125.200.0-255,4320,80172,15,212749
23236,0.000878,172.31.36.0-255,66,80238,15,212749
23237,0.000913,74.125.200.0-255,5738,85976,15,212749
23238,0.000917,172.31.36.0-255,66,86042,15,212749
23239,0.000926,74.125.200.0-255,5889,91931,15,212749
23240,0.000962,74.125.200.0-255,1484,93415,15,212749
23241,0.000967,74.125.200.0-255,2902,96317,15,212749
23242,0.00099,74.125.200.0-255,2902,99219,15,212749
23243,0.001011,74.125.200.0-255,4320,103539,15,212749
23244,0.001056,74.125.200.0-255,4320,107859,15,212749
23245,0.001078,74.125.200.0-255,5738,113597,15,212749
23246,0.001097,74.125.200.0-255,3602,117199,15,212749
23247,0.001351,74.125.200.0-255,1484,118683,15,212749
23248,0.001373,74.125.200.0-255,2902,121585,15,212749
23249,0.001384,74.125.200.0-255,1484,123069,15,212749
23250,0.001412,74.125.200.0-255,2902,125971,15,212749
23251,0.00144,74.125.200.0-255,5738,131709,15,212749
23252,0.001443,74.125.200.0-255,1484,133193,15,212749
23253,0.001564,74.125.200.0-255,1484,134677,15,212749
23254,0.00158,74.125.200.0-255,2902,137579,15,212749
23255,0.001594,74.125.200.0-255,4320,141899,15,212749
23256,0.001634,74.125.200.0-255,2902,144801,15,212749
23257,0.001646,74.125.200.0-255,1484,146285,15,212749
23258,0.001649,74.125.200.0-255,1484,147769,15,212749
23259,0.001669,74.125.200.0-255,4320,152089,15,212749
23260,0.001686,74.125.200.0-255,5738,157827,15,212749
23261,0.001704,74.125.200.0-255,5738,163565,15,212749
23262,0.001706,74.125.200.0-255,1484,165049,15,212749
23263,0.001744,74.125.200.0-255,2184,167233,15,212749
23264,0.001853,74.125.200.0-255,1484,168717,15,212749
23265,0.00186,74.125.200.0-255,2902,171619,15,212749
23266,0.001899,74.125.200.0-255,2902,174521,15,212749
23267,0.001923,74.125.200.0-255,4320,178841,15,212749
23268,0.001961,74.125.200.0-255,7156,185997,15,212749
23269,0.001994,74.125.200.0-255,4320,190317,15,212749
23270,0.00201,74.125.200.0-255,4320,194637,15,212749
23271,0.002041,74.125.200.0-255,6438,201075,15,212749
23272,0.004463,172.31.36.0-255,66,201141,15,212749
23273,0.00651,74.125.200.0-255,5738,206879,15,212749
23274,0.006516,172.31.36.0-255,66,206945,15,212749
23275,0.008555,74.125.200.0-255,5738,212683,15,212749
23276,0.008562,172.31.36.0-255,66,212749,15,212749
23277,0.0,74.125.130.0-255,150,150,15,238893
23278,3.4e-05,172.31.36.0-255,66,216,15,238893
23279,4.2e-05,74.125.130.0-255,1484,1700,15,238893
23280,4.7e-05,172.31.36.0-255,66,1766,15,238893
23281,5e-05,74.125.130.0-255,1484,3250,15,238893
23282,5.2e-05,172.31.36.0-255,66,3316,15,238893
23283,5.8e-05,74.125.130.0-255,2902,6218,15,238893
23284,6e-05,172.31.36.0-255,66,6284,15,238893
23285,6.8e-05,74.125.130.0-255,5738,12022,15,238893
23286,7e-05,172.31.36.0-255,66,12088,15,238893
23287,0.00012,172.31.36.0-255,66,12154,15,238893
23288,0.000123,74.125.130.0-255,1484,13638,15,238893
23289,0.000125,172.31.36.0-255,66,13704,15,238893
23290,0.000152,74.125.130.0-255,6797,20501,15,238893
23291,0.000156,172.31.36.0-255,66,20567,15,238893
23292,0.000266,74.125.130.0-255,1484,22051,15,238893
23293,0.00027,172.31.36.0-255,66,22117,15,238893
23294,0.000284,74.125.130.0-255,2902,25019,15,238893
23295,0.000288,172.31.36.0-255,66,25085,15,238893
23296,0.000293,74.125.130.0-255,4320,29405,15,238893
23297,0.000295,172.31.36.0-255,66,29471,15,238893
23298,0.000331,172.31.36.0-255,66,29537,15,238893
23299,0.000338,74.125.130.0-255,5738,35275,15,238893
23300,0.00034,172.31.36.0-255,66,35341,15,238893
23301,0.000358,74.125.130.0-255,1484,36825,15,238893
23302,0.000361,172.31.36.0-255,66,36891,15,238893
23303,0.000371,172.31.36.0-255,66,36957,15,238893
23304,0.000491,74.125.130.0-255,120,37077,15,238893
23305,0.000495,172.31.36.0-255,66,37143,15,238893
23306,0.000675,74.125.130.0-255,1484,38627,15,238893
23307,0.000694,74.125.130.0-255,2902,41529,15,238893
23308,0.000698,172.31.36.0-255,66,41595,15,238893
23309,0.000704,74.125.130.0-255,5738,47333,15,238893
23310,0.000706,172.31.36.0-255,66,47399,15,238893
23311,0.000735,74.125.130.0-255,2902,50301,15,238893
23312,0.000738,172.31.36.0-255,66,50367,15,238893
23313,0.00075,74.125.130.0-255,3961,54328,15,238893
23314,0.000752,172.31.36.0-255,66,54394,15,238893
23315,0.000782,74.125.130.0-255,7156,61550,15,238893
23316,0.000785,172.31.36.0-255,66,61616,15,238893
23317,0.00079,74.125.130.0-255,2902,64518,15,238893
23318,0.000792,172.31.36.0-255,66,64584,15,238893
23319,0.000812,74.125.130.0-255,6797,71381,15,238893
23320,0.000815,172.31.36.0-255,66,71447,15,238893
23321,0.001803,74.125.130.0-255,1484,72931,15,238893
23322,0.001814,74.125.130.0-255,2902,75833,15,238893
23323,0.001819,172.31.36.0-255,66,75899,15,238893
23324,0.001826,74.125.130.0-255,5738,81637,15,238893
23325,0.001828,172.31.36.0-255,66,81703,15,238893
23326,0.001831,74.125.130.0-255,1484,83187,15,238893
23327,0.00185,74.125.130.0-255,5738,88925,15,238893
23328,0.001852,172.31.36.0-255,66,88991,15,238893
23329,0.001855,74.125.130.0-255,1484,90475,15,238893
23330,0.001874,74.125.130.0-255,7156,97631,15,238893
23331,0.001876,172.31.36.0-255,66,97697,15,238893
23332,0.001879,74.125.130.0-255,1484,99181,15,238893
23333,0.001903,74.125.130.0-255,6438,105619,15,238893
23334,0.001906,172.31.36.0-255,66,105685,15,238893
23335,0.001935,74.125.130.0-255,1484,107169,15,238893
23336,0.001951,74.125.130.0-255,2902,110071,15,238893
23337,0.001953,172.31.36.0-255,66,110137,15,238893
23338,0.001956,74.125.130.0-255,1484,111621,15,238893
23339,0.001974,74.125.130.0-255,4320,115941,15,238893
23340,0.001976,172.31.36.0-255,66,116007,15,238893
23341,0.001992,74.125.130.0-255,1484,117491,15,238893
23342,0.002015,172.31.36.0-255,66,117557,15,238893
23343,0.002022,74.125.130.0-255,7156,124713,15,238893
23344,0.002023,172.31.36.0-255,66,124779,15,238893
23345,0.002039,74.125.130.0-255,4320,129099,15,238893
23346,0.002041,172.31.36.0-255,66,129165,15,238893
23347,0.002045,74.125.130.0-255,2184,131349,15,238893
23348,0.002047,172.31.36.0-255,66,131415,15,238893
23349,0.002264,74.125.130.0-255,1484,132899,15,238893
23350,0.002289,74.125.130.0-255,2902,135801,15,238893
23351,0.002291,172.31.36.0-255,66,135867,15,238893
23352,0.00231,74.125.130.0-255,2902,138769,15,238893
23353,0.002312,172.31.36.0-255,66,138835,15,238893
23354,0.002332,74.125.130.0-255,4320,143155,15,238893
23355,0.002334,172.31.36.0-255,66,143221,15,238893
23356,0.002358,74.125.130.0-255,2902,146123,15,238893
23357,0.002361,172.31.36.0-255,66,146189,15,238893
23358,0.002366,74.125.130.0-255,5738,151927,15,238893
23359,0.002368,172.31.36.0-255,66,151993,15,238893
23360,0.002389,74.125.130.0-255,2902,154895,15,238893
23361,0.002391,172.31.36.0-255,66,154961,15,238893
23362,0.002412,74.125.130.0-255,4320,159281,15,238893
23363,0.002414,172.31.36.0-255,66,159347,15,238893
23364,0.002417,74.125.130.0-255,1484,160831,15,238893
23365,0.002419,74.125.130.0-255,1484,162315,15,238893
23366,0.002421,172.31.36.0-255,66,162381,15,238893
23367,0.002425,74.125.130.0-255,2902,165283,15,238893
23368,0.002427,172.31.36.0-255,66,165349,15,238893
23369,0.00243,74.125.130.0-255,766,166115,15,238893
23370,0.002749,74.125.130.0-255,1484,167599,15,238893
23371,0.002752,172.31.36.0-255,66,167665,15,238893
23372,0.002755,74.125.130.0-255,1484,169149,15,238893
23373,0.00277,74.125.130.0-255,1484,170633,15,238893
23374,0.002772,172.31.36.0-255,66,170699,15,238893
23375,0.002777,74.125.130.0-255,2902,173601,15,238893
23376,0.002779,172.31.36.0-255,66,173667,15,238893
23377,0.00279,74.125.130.0-255,2902,176569,15,238893
23378,0.002793,172.31.36.0-255,66,176635,15,238893
23379,0.002798,74.125.130.0-255,4320,180955,15,238893
23380,0.0028,172.31.36.0-255,66,181021,15,238893
23381,0.002828,74.125.130.0-255,5738,186759,15,238893
23382,0.002831,172.31.36.0-255,66,186825,15,238893
23383,0.002833,74.125.130.0-255,1484,188309,15,238893
23384,0.002849,74.125.130.0-255,5738,194047,15,238893
23385,0.002852,172.31.36.0-255,66,194113,15,238893
23386,0.002865,74.125.130.0-255,4320,198433,15,238893
23387,0.002868,172.31.36.0-255,66,198499,15,238893
23388,0.002871,74.125.130.0-255,2184,200683,15,238893
23389,0.002873,172.31.36.0-255,66,200749,15,238893
23390,0.002918,74.125.130.0-255,1484,202233,15,238893
23391,0.00294,172.31.36.0-255,66,202299,15,238893
23392,0.002971,74.125.130.0-255,5738,208037,15,238893
23393,0.002974,172.31.36.0-255,66,208103,15,238893
23394,0.002988,172.31.36.0-255,66,208169,15,238893
23395,0.002991,74.125.130.0-255,766,208935,15,238893
23396,0.00303,74.125.130.0-255,1484,210419,15,238893
23397,0.003032,172.31.36.0-255,66,210485,15,238893
23398,0.003035,74.125.130.0-255,1484,211969,15,238893
23399,0.003047,74.125.130.0-255,1484,213453,15,238893
23400,0.003049,172.31.36.0-255,66,213519,15,238893
23401,0.003053,74.125.130.0-255,2902,216421,15,238893
23402,0.003055,172.31.36.0-255,66,216487,15,238893
23403,0.003059,74.125.130.0-255,2902,219389,15,238893
23404,0.003062,172.31.36.0-255,66,219455,15,238893
23405,0.003087,74.125.130.0-255,1484,220939,15,238893
23406,0.003097,172.31.36.0-255,66,221005,15,238893
23407,0.003099,74.125.130.0-255,1484,222489,15,238893
23408,0.00313,172.31.36.0-255,66,222555,15,238893
23409,0.003161,74.125.130.0-255,4320,226875,15,238893
23410,0.003163,172.31.36.0-255,66,226941,15,238893
23411,0.003193,74.125.130.0-255,6438,233379,15,238893
23412,0.003196,172.31.36.0-255,66,233445,15,238893
23413,0.003207,172.31.36.0-255,66,233511,15,238893
23414,0.00321,74.125.130.0-255,1484,234995,15,238893
23415,0.003242,172.31.36.0-255,66,235061,15,238893
23416,0.003255,172.31.36.0-255,66,235127,15,238893
23417,0.003258,74.125.130.0-255,1484,236611,15,238893
23418,0.003291,172.31.36.0-255,66,236677,15,238893
23419,0.003294,74.125.130.0-255,1484,238161,15,238893
23420,0.003326,172.31.36.0-255,66,238227,15,238893
23421,0.003337,172.31.36.0-255,66,238293,15,238893
23422,0.003387,74.125.130.0-255,105,238398,15,238893
23423,0.003389,74.125.130.0-255,129,238527,15,238893
23424,0.008709,172.31.36.0-255,105,238632,15,238893
23425,0.008741,172.31.36.0-255,105,238737,15,238893
23426,0.009015,172.31.36.0-255,90,238827,15,238893
23427,0.009025,172.31.36.0-255,66,238893,15,238893
23428,0.0,74.125.68.0-255,153,153,15,128155
23429,3.4e-05,172.31.36.0-255,66,219,15,128155
23430,4.2e-05,74.125.68.0-255,1484,1703,15,128155
23431,4.6e-05,172.31.36.0-255,66,1769,15,128155
23432,5e-05,74.125.68.0-255,1484,3253,15,128155
23433,6e-05,172.31.36.0-255,66,3319,15,128155
23434,6.6e-05,74.125.68.0-255,2902,6221,15,128155
23435,6.9e-05,172.31.36.0-255,66,6287,15,128155
23436,0.000103,74.125.68.0-255,5738,12025,15,128155
23437,0.000106,172.31.36.0-255,66,12091,15,128155
23438,0.000146,74.125.68.0-255,1940,14031,15,128155
23439,0.000149,172.31.36.0-255,66,14097,15,128155
23440,0.000225,74.125.68.0-255,1484,15581,15,128155
23441,0.000229,172.31.36.0-255,66,15647,15,128155
23442,0.000235,74.125.68.0-255,2902,18549,15,128155
23443,0.000237,172.31.36.0-255,66,18615,15,128155
23444,0.000274,74.125.68.0-255,4320,22935,15,128155
23445,0.000278,172.31.36.0-255,66,23001,15,128155
23446,0.000312,74.125.68.0-255,7156,30157,15,128155
23447,0.000315,172.31.36.0-255,66,30223,15,128155
23448,0.000344,74.125.68.0-255,2902,33125,15,128155
23449,0.000348,172.31.36.0-255,66,33191,15,128155
23450,0.000379,74.125.68.0-255,3961,37152,15,128155
23451,0.000383,172.31.36.0-255,66,37218,15,128155
23452,0.000391,74.125.68.0-255,7156,44374,15,128155
23453,0.000394,172.31.36.0-255,66,44440,15,128155
23454,0.000399,74.125.68.0-255,3961,48401,15,128155
23455,0.000402,172.31.36.0-255,66,48467,15,128155
23456,0.000448,74.125.68.0-255,1484,49951,15,128155
23457,0.000453,172.31.36.0-255,66,50017,15,128155
23458,0.000458,74.125.68.0-255,2902,52919,15,128155
23459,0.000461,172.31.36.0-255,66,52985,15,128155
23460,0.000495,74.125.68.0-255,5738,58723,15,128155
23461,0.000499,172.31.36.0-255,66,58789,15,128155
23462,0.000508,74.125.68.0-255,5738,64527,15,128155
23463,0.000516,172.31.36.0-255,66,64593,15,128155
23464,0.000553,74.125.68.0-255,1446,66039,15,128155
23465,0.000569,74.125.68.0-255,334,66373,15,128155
23466,0.000572,172.31.36.0-255,66,66439,15,128155
23467,0.00093,74.125.68.0-255,1484,67923,15,128155
23468,0.000942,74.125.68.0-255,2902,70825,15,128155
23469,0.000946,172.31.36.0-255,66,70891,15,128155
23470,0.00095,74.125.68.0-255,1484,72375,15,128155
23471,0.000954,74.125.68.0-255,2902,75277,15,128155
23472,0.000956,172.31.36.0-255,66,75343,15,128155
23473,0.000984,74.125.68.0-255,5738,81081,15,128155
23474,0.000986,172.31.36.0-255,66,81147,15,128155
23475,0.001017,172.31.36.0-255,66,81213,15,128155
23476,0.001021,74.125.68.0-255,1484,82697,15,128155
23477,0.001058,172.31.36.0-255,66,82763,15,128155
23478,0.001062,74.125.68.0-255,766,83529,15,128155
23479,0.001991,74.125.68.0-255,1484,85013,15,128155
23480,0.001997,172.31.36.0-255,66,85079,15,128155
23481,0.002004,74.125.68.0-255,2902,87981,15,128155
23482,0.002006,172.31.36.0-255,66,88047,15,128155
23483,0.002029,74.125.68.0-255,5738,93785,15,128155
23484,0.002032,172.31.36.0-255,66,93851,15,128155
23485,0.002058,74.125.68.0-255,7156,101007,15,128155
23486,0.00206,172.31.36.0-255,66,101073,15,128155
23487,0.002084,74.125.68.0-255,2902,103975,15,128155
23488,0.002086,172.31.36.0-255,66,104041,15,128155
23489,0.002091,74.125.68.0-255,4320,108361,15,128155
23490,0.002093,172.31.36.0-255,66,108427,15,128155
23491,0.002121,74.125.68.0-255,5738,114165,15,128155
23492,0.002165,74.125.68.0-255,1484,115649,15,128155
23493,0.002178,74.125.68.0-255,2184,117833,15,128155
23494,0.004621,172.31.36.0-255,66,117899,15,128155
23495,0.006859,74.125.68.0-255,4320,122219,15,128155
23496,0.006867,172.31.36.0-255,66,122285,15,128155
23497,0.006902,74.125.68.0-255,1484,123769,15,128155
23498,0.009114,74.125.68.0-255,4320,128089,15,128155
23499,0.009122,172.31.36.0-255,66,128155,15,128155
23500,0.0,74.125.68.0-255,152,152,15,162635
23501,2.9e-05,172.31.36.0-255,66,218,15,162635
23502,3.6e-05,74.125.68.0-255,1484,1702,15,162635
23503,4e-05,172.31.36.0-255,66,1768,15,162635
23504,4.6e-05,74.125.68.0-255,2902,4670,15,162635
23505,4.8e-05,172.31.36.0-255,66,4736,15,162635
23506,5.2e-05,74.125.68.0-255,2902,7638,15,162635
23507,5.4e-05,172.31.36.0-255,66,7704,15,162635
23508,8.5e-05,74.125.68.0-255,4320,12024,15,162635
23509,8.8e-05,172.31.36.0-255,66,12090,15,162635
23510,0.000107,74.125.68.0-255,2028,14118,15,162635
23511,0.000109,172.31.36.0-255,66,14184,15,162635
23512,0.000177,74.125.68.0-255,1484,15668,15,162635
23513,0.00018,172.31.36.0-255,66,15734,15,162635
23514,0.000186,74.125.68.0-255,2902,18636,15,162635
23515,0.000189,172.31.36.0-255,66,18702,15,162635
23516,0.000214,74.125.68.0-255,4320,23022,15,162635
23517,0.000217,172.31.36.0-255,66,23088,15,162635
23518,0.00025,74.125.68.0-255,2902,25990,15,162635
23519,0.000252,172.31.36.0-255,66,26056,15,162635
23520,0.000272,74.125.68.0-255,5379,31435,15,162635
23521,0.000275,172.31.36.0-255,66,31501,15,162635
23522,0.000336,172.31.36.0-255,66,31567,15,162635
23523,0.000402,74.125.68.0-255,4320,35887,15,162635
23524,0.000406,172.31.36.0-255,66,35953,15,162635
23525,0.000425,74.125.68.0-255,5738,41691,15,162635
23526,0.000431,172.31.36.0-255,66,41757,15,162635
23527,0.000496,74.125.68.0-255,5738,47495,15,162635
23528,0.0005,172.31.36.0-255,66,47561,15,162635
23529,0.000518,74.125.68.0-255,4320,51881,15,162635
23530,0.00052,172.31.36.0-255,66,51947,15,162635
23531,0.000582,74.125.68.0-255,5632,57579,15,162635
23532,0.000586,172.31.36.0-255,66,57645,15,162635
23533,0.000636,74.125.68.0-255,1484,59129,15,162635
23534,0.000656,74.125.68.0-255,2902,62031,15,162635
23535,0.000659,172.31.36.0-255,66,62097,15,162635
23536,0.000679,74.125.68.0-255,5738,67835,15,162635
23537,0.000684,172.31.36.0-255,66,67901,15,162635
23538,0.000766,172.31.36.0-255,66,67967,15,162635
23539,0.000785,74.125.68.0-255,4320,72287,15,162635
23540,0.000789,172.31.36.0-255,66,72353,15,162635
23541,0.000864,172.31.36.0-255,66,72419,15,162635
23542,0.000881,74.125.68.0-255,1484,73903,15,162635
23543,0.000924,74.125.68.0-255,766,74669,15,162635
23544,0.000927,172.31.36.0-255,66,74735,15,162635
23545,0.000954,74.125.68.0-255,4320,79055,15,162635
23546,0.000957,172.31.36.0-255,66,79121,15,162635
23547,0.000986,172.31.36.0-255,66,79187,15,162635
23548,0.001082,172.31.36.0-255,66,79253,15,162635
23549,0.001108,172.31.36.0-255,66,79319,15,162635
23550,0.001265,74.125.68.0-255,5738,85057,15,162635
23551,0.001268,172.31.36.0-255,66,85123,15,162635
23552,0.001291,172.31.36.0-255,66,85189,15,162635
23553,0.00142,172.31.36.0-255,66,85255,15,162635
23554,0.001446,172.31.36.0-255,66,85321,15,162635
23555,0.00157,74.125.68.0-255,1484,86805,15,162635
23556,0.001587,74.125.68.0-255,2902,89707,15,162635
23557,0.001589,172.31.36.0-255,66,89773,15,162635
23558,0.001627,74.125.68.0-255,5738,95511,15,162635
23559,0.001629,172.31.36.0-255,66,95577,15,162635
23560,0.001657,74.125.68.0-255,1484,97061,15,162635
23561,0.001678,74.125.68.0-255,4320,101381,15,162635
23562,0.001681,172.31.36.0-255,66,101447,15,162635
23563,0.001701,74.125.68.0-255,4320,105767,15,162635
23564,0.001704,172.31.36.0-255,66,105833,15,162635
23565,0.001759,74.125.68.0-255,2902,108735,15,162635
23566,0.001761,172.31.36.0-255,66,108801,15,162635
23567,0.001784,74.125.68.0-255,7156,115957,15,162635
23568,0.001786,172.31.36.0-255,66,116023,15,162635
23569,0.00185,74.125.68.0-255,3602,119625,15,162635
23570,0.001852,172.31.36.0-255,66,119691,15,162635
23571,0.001885,74.125.68.0-255,2902,122593,15,162635
23572,0.001887,172.31.36.0-255,66,122659,15,162635
23573,0.001919,172.31.36.0-255,66,122725,15,162635
23574,0.002031,74.125.68.0-255,2902,125627,15,162635
23575,0.002033,172.31.36.0-255,66,125693,15,162635
23576,0.002054,74.125.68.0-255,7156,132849,15,162635
23577,0.002056,172.31.36.0-255,66,132915,15,162635
23578,0.002121,74.125.68.0-255,2902,135817,15,162635
23579,0.002141,74.125.68.0-255,5020,140837,15,162635
23580,0.002198,74.125.68.0-255,4320,145157,15,162635
23581,0.002358,74.125.68.0-255,1484,146641,15,162635
23582,0.002511,74.125.68.0-255,4320,150961,15,162635
23583,0.004128,172.31.36.0-255,66,151027,15,162635
23584,0.006436,74.125.68.0-255,5738,156765,15,162635
23585,0.006443,172.31.36.0-255,66,156831,15,162635
23586,0.008692,74.125.68.0-255,5738,162569,15,162635
23587,0.008699,172.31.36.0-255,66,162635,15,162635
23588,0.0,74.125.24.0-255,153,153,15,207841
23589,2.7e-05,172.31.36.0-255,66,219,15,207841
23590,3.3e-05,74.125.24.0-255,1484,1703,15,207841
23591,3.8e-05,172.31.36.0-255,66,1769,15,207841
23592,4.3e-05,74.125.24.0-255,2902,4671,15,207841
23593,4.6e-05,172.31.36.0-255,66,4737,15,207841
23594,5e-05,74.125.24.0-255,2902,7639,15,207841
23595,5.3e-05,172.31.36.0-255,66,7705,15,207841
23596,8.4e-05,74.125.24.0-255,4320,12025,15,207841
23597,8.8e-05,172.31.36.0-255,66,12091,15,207841
23598,9.4e-05,74.125.24.0-255,2012,14103,15,207841
23599,9.6e-05,172.31.36.0-255,66,14169,15,207841
23600,0.0001,74.125.24.0-255,2902,17071,15,207841
23601,0.000102,172.31.36.0-255,66,17137,15,207841
23602,0.000107,74.125.24.0-255,2902,20039,15,207841
23603,0.000109,172.31.36.0-255,66,20105,15,207841
23604,0.000135,74.125.24.0-255,4320,24425,15,207841
23605,0.000139,172.31.36.0-255,66,24491,15,207841
23606,0.000145,74.125.24.0-255,5738,30229,15,207841
23607,0.000149,172.31.36.0-255,66,30295,15,207841
23608,0.000164,74.125.24.0-255,1125,31420,15,207841
23609,0.000166,172.31.36.0-255,66,31486,15,207841
23610,0.000229,74.125.24.0-255,1484,32970,15,207841
23611,0.000233,172.31.36.0-255,66,33036,15,207841
23612,0.000236,74.125.24.0-255,1484,34520,15,207841
23613,0.000238,172.31.36.0-255,66,34586,15,207841
23614,0.000254,74.125.24.0-255,1484,36070,15,207841
23615,0.000257,172.31.36.0-255,66,36136,15,207841
23616,0.000263,74.125.24.0-255,5738,41874,15,207841
23617,0.000266,172.31.36.0-255,66,41940,15,207841
23618,0.000304,74.125.24.0-255,1484,43424,15,207841
23619,0.000307,172.31.36.0-255,66,43490,15,207841
23620,0.000332,74.125.24.0-255,5379,48869,15,207841
23621,0.00034,172.31.36.0-255,66,48935,15,207841
23622,0.000341,74.125.24.0-255,7156,56091,15,207841
23623,0.000345,172.31.36.0-255,66,56157,15,207841
23624,0.000352,74.125.24.0-255,109,56266,15,207841
23625,0.000357,172.31.36.0-255,66,56332,15,207841
23626,0.000434,74.125.24.0-255,1484,57816,15,207841
23627,0.00044,74.125.24.0-255,2902,60718,15,207841
23628,0.00045,172.31.36.0-255,66,60784,15,207841
23629,0.000463,74.125.24.0-255,5738,66522,15,207841
23630,0.000466,172.31.36.0-255,66,66588,15,207841
23631,0.000494,74.125.24.0-255,6797,73385,15,207841
23632,0.0005,74.125.24.0-255,4320,77705,15,207841
23633,0.000501,172.31.36.0-255,66,77771,15,207841
23634,0.000507,172.31.36.0-255,66,77837,15,207841
23635,0.000523,172.31.36.0-255,66,77903,15,207841
23636,0.000523,74.125.24.0-255,2788,80691,15,207841
23637,0.000537,172.31.36.0-255,66,80757,15,207841
23638,0.000898,74.125.24.0-255,1484,82241,15,207841
23639,0.000903,74.125.24.0-255,2902,85143,15,207841
23640,0.000906,172.31.36.0-255,66,85209,15,207841
23641,0.000913,74.125.24.0-255,5738,90947,15,207841
23642,0.000924,172.31.36.0-255,66,91013,15,207841
23643,0.000927,74.125.24.0-255,2902,93915,15,207841
23644,0.000939,172.31.36.0-255,66,93981,15,207841
23645,0.000949,74.125.24.0-255,7156,101137,15,207841
23646,0.000956,172.31.36.0-255,66,101203,15,207841
23647,0.000969,172.31.36.0-255,66,101269,15,207841
23648,0.00098,74.125.24.0-255,2184,103453,15,207841
23649,0.000983,172.31.36.0-255,66,103519,15,207841
23650,0.001174,74.125.24.0-255,1484,105003,15,207841
23651,0.001207,74.125.24.0-255,2902,107905,15,207841
23652,0.001211,172.31.36.0-255,66,107971,15,207841
23653,0.001218,74.125.24.0-255,5738,113709,15,207841
23654,0.001237,74.125.24.0-255,5738,119447,15,207841
23655,0.001256,74.125.24.0-255,4320,123767,15,207841
23656,0.001281,74.125.24.0-255,2184,125951,15,207841
23657,0.001354,74.125.24.0-255,7156,133107,15,207841
23658,0.00136,74.125.24.0-255,4320,137427,15,207841
23659,0.001396,74.125.24.0-255,2902,140329,15,207841
23660,0.001562,74.125.24.0-255,1484,141813,15,207841
23661,0.001568,74.125.24.0-255,2902,144715,15,207841
23662,0.001582,74.125.24.0-255,2902,147617,15,207841
23663,0.001593,74.125.24.0-255,2902,150519,15,207841
23664,0.001624,74.125.24.0-255,2902,153421,15,207841
23665,0.001644,74.125.24.0-255,4320,157741,15,207841
23666,0.001659,74.125.24.0-255,7156,164897,15,207841
23667,0.001717,74.125.24.0-255,766,165663,15,207841
23668,0.001861,74.125.24.0-255,1484,167147,15,207841
23669,0.001865,74.125.24.0-255,1484,168631,15,207841
23670,0.001878,74.125.24.0-255,1484,170115,15,207841
23671,0.001883,74.125.24.0-255,4320,174435,15,207841
23672,0.001896,74.125.24.0-255,1484,175919,15,207841
23673,0.001961,74.125.24.0-255,5738,181657,15,207841
23674,0.001991,74.125.24.0-255,5738,187395,15,207841
23675,0.002013,74.125.24.0-255,1484,188879,15,207841
23676,0.002032,74.125.24.0-255,5738,194617,15,207841
23677,0.002066,74.125.24.0-255,2902,197519,15,207841
23678,0.005573,172.31.36.0-255,66,197585,15,207841
23679,0.007634,74.125.24.0-255,4320,201905,15,207841
23680,0.007642,172.31.36.0-255,66,201971,15,207841
23681,0.00766,74.125.24.0-255,1484,203455,15,207841
23682,0.009694,74.125.24.0-255,4320,207775,15,207841
23683,0.0097,172.31.36.0-255,66,207841,15,207841
23684,0.0,172.217.194.0-255,219,219,15,220406
23685,2.7e-05,172.31.36.0-255,66,285,15,220406
23686,3.4e-05,172.217.194.0-255,1484,1769,15,220406
23687,3.8e-05,172.31.36.0-255,66,1835,15,220406
23688,5.3e-05,172.217.194.0-255,4320,6155,15,220406
23689,5.8e-05,172.31.36.0-255,66,6221,15,220406
23690,6.2e-05,172.217.194.0-255,2902,9123,15,220406
23691,6.4e-05,172.31.36.0-255,66,9189,15,220406
23692,0.000102,172.217.194.0-255,4687,13876,15,220406
23693,0.000106,172.31.36.0-255,66,13942,15,220406
23694,0.000114,172.31.36.0-255,66,14008,15,220406
23695,0.00012,172.217.194.0-255,5738,19746,15,220406
23696,0.000129,172.31.36.0-255,66,19812,15,220406
23697,0.000161,172.217.194.0-255,2543,22355,15,220406
23698,0.000163,172.31.36.0-255,66,22421,15,220406
23699,0.00019,172.217.194.0-255,1484,23905,15,220406
23700,0.000193,172.31.36.0-255,66,23971,15,220406
23701,0.000197,172.217.194.0-255,2902,26873,15,220406
23702,0.0002,172.31.36.0-255,66,26939,15,220406
23703,0.000205,172.217.194.0-255,4320,31259,15,220406
23704,0.000207,172.31.36.0-255,66,31325,15,220406
23705,0.00024,172.217.194.0-255,1484,32809,15,220406
23706,0.000243,172.31.36.0-255,66,32875,15,220406
23707,0.000267,172.217.194.0-255,4320,37195,15,220406
23708,0.00027,172.31.36.0-255,66,37261,15,220406
23709,0.000281,172.217.194.0-255,2543,39804,15,220406
23710,0.000288,172.31.36.0-255,66,39870,15,220406
23711,0.000698,172.217.194.0-255,1484,41354,15,220406
23712,0.000703,172.31.36.0-255,66,41420,15,220406
23713,0.00071,172.217.194.0-255,2902,44322,15,220406
23714,0.000712,172.31.36.0-255,66,44388,15,220406
23715,0.000723,172.217.194.0-255,5738,50126,15,220406
23716,0.000728,172.217.194.0-255,4320,54446,15,220406
23717,0.000752,172.217.194.0-255,2543,56989,15,220406
23718,0.000787,172.31.36.0-255,66,57055,15,220406
23719,0.000788,172.217.194.0-255,1484,58539,15,220406
23720,0.00079,172.217.194.0-255,1484,60023,15,220406
23721,0.000794,172.31.36.0-255,66,60089,15,220406
23722,0.000823,172.217.194.0-255,1484,61573,15,220406
23723,0.00083,172.217.194.0-255,5738,67311,15,220406
23724,0.000833,172.31.36.0-255,66,67377,15,220406
23725,0.000847,172.31.36.0-255,66,67443,15,220406
23726,0.000878,172.217.194.0-255,2902,70345,15,220406
23727,0.000889,172.31.36.0-255,66,70411,15,220406
23728,0.00094,172.31.36.0-255,66,70477,15,220406
23729,0.000946,172.217.194.0-255,2902,73379,15,220406
23730,0.00095,172.217.194.0-255,573,73952,15,220406
23731,0.000958,172.31.36.0-255,66,74018,15,220406
23732,0.001038,172.217.194.0-255,1484,75502,15,220406
23733,0.001042,172.217.194.0-255,1484,76986,15,220406
23734,0.001045,172.31.36.0-255,66,77052,15,220406
23735,0.001068,172.217.194.0-255,1484,78536,15,220406
23736,0.001074,172.217.194.0-255,5738,84274,15,220406
23737,0.001083,172.31.36.0-255,66,84340,15,220406
23738,0.001121,172.217.194.0-255,4320,88660,15,220406
23739,0.001126,172.31.36.0-255,66,88726,15,220406
23740,0.001133,172.217.194.0-255,2429,91155,15,220406
23741,0.00114,172.31.36.0-255,66,91221,15,220406
23742,0.001168,172.217.194.0-255,197,91418,15,220406
23743,0.001381,172.31.36.0-255,66,91484,15,220406
23744,0.001429,172.217.194.0-255,1484,92968,15,220406
23745,0.001437,172.217.194.0-255,2902,95870,15,220406
23746,0.001459,172.217.194.0-255,2902,98772,15,220406
23747,0.001476,172.217.194.0-255,2902,101674,15,220406
23748,0.001499,172.217.194.0-255,2902,104576,15,220406
23749,0.001527,172.217.194.0-255,1484,106060,15,220406
23750,0.001564,172.217.194.0-255,766,106826,15,220406
23751,0.001777,172.31.36.0-255,66,106892,15,220406
23752,0.001829,172.217.194.0-255,1484,108376,15,220406
23753,0.001833,172.217.194.0-255,1484,109860,15,220406
23754,0.001845,172.31.36.0-255,66,109926,15,220406
23755,0.00185,172.217.194.0-255,1484,111410,15,220406
23756,0.001856,172.217.194.0-255,5738,117148,15,220406
23757,0.00186,172.31.36.0-255,66,117214,15,220406
23758,0.001883,172.217.194.0-255,7156,124370,15,220406
23759,0.001887,172.31.36.0-255,66,124436,15,220406
23760,0.001933,172.31.36.0-255,66,124502,15,220406
23761,0.001941,172.217.194.0-255,2184,126686,15,220406
23762,0.001958,172.31.36.0-255,66,126752,15,220406
23763,0.001982,172.217.194.0-255,2902,129654,15,220406
23764,0.001995,172.217.194.0-255,1484,131138,15,220406
23765,0.002001,172.31.36.0-255,66,131204,15,220406
23766,0.002031,172.217.194.0-255,2902,134106,15,220406
23767,0.002039,172.31.36.0-255,66,134172,15,220406
23768,0.002044,172.31.36.0-255,66,134238,15,220406
23769,0.00209,172.31.36.0-255,66,134304,15,220406
23770,0.002114,172.217.194.0-255,4320,138624,15,220406
23771,0.002128,172.31.36.0-255,66,138690,15,220406
23772,0.002134,172.217.194.0-255,5738,144428,15,220406
23773,0.002141,172.31.36.0-255,66,144494,15,220406
23774,0.002189,172.31.36.0-255,66,144560,15,220406
23775,0.00219,172.217.194.0-255,4320,148880,15,220406
23776,0.002194,172.31.36.0-255,66,148946,15,220406
23777,0.002218,172.217.194.0-255,7156,156102,15,220406
23778,0.002231,172.217.194.0-255,766,156868,15,220406
23779,0.002231,172.31.36.0-255,66,156934,15,220406
23780,0.002264,172.217.194.0-255,1484,158418,15,220406
23781,0.00227,172.217.194.0-255,4320,162738,15,220406
23782,0.002273,172.217.194.0-255,2902,165640,15,220406
23783,0.002274,172.31.36.0-255,66,165706,15,220406
23784,0.002279,172.31.36.0-255,66,165772,15,220406
23785,0.002307,172.217.194.0-255,2902,168674,15,220406
23786,0.002315,172.217.194.0-255,7156,175830,15,220406
23787,0.002325,172.31.36.0-255,66,175896,15,220406
23788,0.002326,172.217.194.0-255,4320,180216,15,220406
23789,0.00233,172.31.36.0-255,66,180282,15,220406
23790,0.002367,172.217.194.0-255,766,181048,15,220406
23791,0.002374,172.31.36.0-255,66,181114,15,220406
23792,0.002452,172.31.36.0-255,66,181180,15,220406
23793,0.002469,172.31.36.0-255,66,181246,15,220406
23794,0.002495,172.31.36.0-255,66,181312,15,220406
23795,0.002533,172.31.36.0-255,66,181378,15,220406
23796,0.002572,172.31.36.0-255,66,181444,15,220406
23797,0.002603,172.217.194.0-255,3602,185046,15,220406
23798,0.00261,172.217.194.0-255,5738,190784,15,220406
23799,0.00261,172.31.36.0-255,66,190850,15,220406
23800,0.002615,172.31.36.0-255,66,190916,15,220406
23801,0.002624,172.217.194.0-255,4320,195236,15,220406
23802,0.002628,172.31.36.0-255,66,195302,15,220406
23803,0.002653,172.217.194.0-255,2902,198204,15,220406
23804,0.002663,172.31.36.0-255,66,198270,15,220406
23805,0.002679,172.31.36.0-255,66,198336,15,220406
23806,0.002713,172.217.194.0-255,5738,204074,15,220406
23807,0.002721,172.217.194.0-255,6438,210512,15,220406
23808,0.002728,172.31.36.0-255,66,210578,15,220406
23809,0.00274,172.217.194.0-255,4320,214898,15,220406
23810,0.002749,172.31.36.0-255,66,214964,15,220406
23811,0.002778,172.217.194.0-255,5003,219967,15,220406
23812,0.002783,172.217.194.0-255,97,220064,15,220406
23813,0.002789,172.31.36.0-255,66,220130,15,220406
23814,0.005349,172.217.194.0-255,105,220235,15,220406
23815,0.009691,172.31.36.0-255,66,220301,15,220406
23816,0.00973,172.31.36.0-255,105,220406,15,220406
23817,0.0,74.125.24.0-255,146,146,15,223548
23818,3.5e-05,172.31.36.0-255,66,212,15,223548
23819,4.3e-05,74.125.24.0-255,1484,1696,15,223548
23820,4.7e-05,172.31.36.0-255,66,1762,15,223548
23821,5.2e-05,74.125.24.0-255,2902,4664,15,223548
23822,5.5e-05,172.31.36.0-255,66,4730,15,223548
23823,6.1e-05,74.125.24.0-255,5738,10468,15,223548
23824,6.5e-05,172.31.36.0-255,66,10534,15,223548
23825,9.7e-05,74.125.24.0-255,3486,14020,15,223548
23826,0.0001,172.31.36.0-255,66,14086,15,223548
23827,0.000261,74.125.24.0-255,1484,15570,15,223548
23828,0.000266,172.31.36.0-255,66,15636,15,223548
23829,0.000272,74.125.24.0-255,2902,18538,15,223548
23830,0.000275,172.31.36.0-255,66,18604,15,223548
23831,0.000279,74.125.24.0-255,2902,21506,15,223548
23832,0.000281,172.31.36.0-255,66,21572,15,223548
23833,0.000305,74.125.24.0-255,2902,24474,15,223548
23834,0.000308,172.31.36.0-255,66,24540,15,223548
23835,0.000315,74.125.24.0-255,6797,31337,15,223548
23836,0.000317,172.31.36.0-255,66,31403,15,223548
23837,0.000345,74.125.24.0-255,1484,32887,15,223548
23838,0.000351,172.31.36.0-255,66,32953,15,223548
23839,0.000374,74.125.24.0-255,5738,38691,15,223548
23840,0.000379,172.31.36.0-255,66,38757,15,223548
23841,0.000386,172.31.36.0-255,66,38823,15,223548
23842,0.000457,74.125.24.0-255,1484,40307,15,223548
23843,0.000462,172.31.36.0-255,66,40373,15,223548
23844,0.000466,74.125.24.0-255,1484,41857,15,223548
23845,0.000468,172.31.36.0-255,66,41923,15,223548
23846,0.000493,74.125.24.0-255,1484,43407,15,223548
23847,0.000496,172.31.36.0-255,66,43473,15,223548
23848,0.000502,74.125.24.0-255,5738,49211,15,223548
23849,0.000507,172.31.36.0-255,66,49277,15,223548
23850,0.000508,74.125.24.0-255,7106,56383,15,223548
23851,0.000511,172.31.36.0-255,66,56449,15,223548
23852,0.000535,74.125.24.0-255,111,56560,15,223548
23853,0.000695,74.125.24.0-255,1484,58044,15,223548
23854,0.0007,172.31.36.0-255,66,58110,15,223548
23855,0.000706,74.125.24.0-255,2902,61012,15,223548
23856,0.000708,172.31.36.0-255,66,61078,15,223548
23857,0.000737,74.125.24.0-255,5738,66816,15,223548
23858,0.000741,172.31.36.0-255,66,66882,15,223548
23859,0.000771,172.31.36.0-255,66,66948,15,223548
23860,0.000784,172.31.36.0-255,66,67014,15,223548
23861,0.000939,74.125.24.0-255,1484,68498,15,223548
23862,0.000945,74.125.24.0-255,2902,71400,15,223548
23863,0.000949,172.31.36.0-255,66,71466,15,223548
23864,0.000953,74.125.24.0-255,2902,74368,15,223548
23865,0.000955,172.31.36.0-255,66,74434,15,223548
23866,0.00097,74.125.24.0-255,2902,77336,15,223548
23867,0.000973,172.31.36.0-255,66,77402,15,223548
23868,0.000988,74.125.24.0-255,5738,83140,15,223548
23869,0.000992,172.31.36.0-255,66,83206,15,223548
23870,0.001006,74.125.24.0-255,7156,90362,15,223548
23871,0.001008,172.31.36.0-255,66,90428,15,223548
23872,0.001019,172.31.36.0-255,66,90494,15,223548
23873,0.001036,74.125.24.0-255,766,91260,15,223548
23874,0.001061,74.125.24.0-255,4320,95580,15,223548
23875,0.001065,172.31.36.0-255,66,95646,15,223548
23876,0.001074,74.125.24.0-255,1484,97130,15,223548
23877,0.001083,74.125.24.0-255,7156,104286,15,223548
23878,0.001085,172.31.36.0-255,66,104352,15,223548
23879,0.001124,172.31.36.0-255,66,104418,15,223548
23880,0.001131,74.125.24.0-255,6438,110856,15,223548
23881,0.001134,172.31.36.0-255,66,110922,15,223548
23882,0.001454,74.125.24.0-255,1484,112406,15,223548
23883,0.00146,74.125.24.0-255,2902,115308,15,223548
23884,0.001463,172.31.36.0-255,66,115374,15,223548
23885,0.001484,74.125.24.0-255,5738,121112,15,223548
23886,0.001486,172.31.36.0-255,66,121178,15,223548
23887,0.001512,172.31.36.0-255,66,121244,15,223548
23888,0.00154,74.125.24.0-255,2902,124146,15,223548
23889,0.001543,172.31.36.0-255,66,124212,15,223548
23890,0.001556,172.31.36.0-255,66,124278,15,223548
23891,0.001831,74.125.24.0-255,1484,125762,15,223548
23892,0.001837,74.125.24.0-255,2902,128664,15,223548
23893,0.00184,172.31.36.0-255,66,128730,15,223548
23894,0.001847,74.125.24.0-255,4320,133050,15,223548
23895,0.001849,172.31.36.0-255,66,133116,15,223548
23896,0.001861,74.125.24.0-255,1484,134600,15,223548
23897,0.001864,74.125.24.0-255,1484,136084,15,223548
23898,0.001867,172.31.36.0-255,66,136150,15,223548
23899,0.001894,172.31.36.0-255,66,136216,15,223548
23900,0.001905,172.31.36.0-255,66,136282,15,223548
23901,0.001917,74.125.24.0-255,1484,137766,15,223548
23902,0.00192,74.125.24.0-255,766,138532,15,223548
23903,0.001922,172.31.36.0-255,66,138598,15,223548
23904,0.001997,74.125.24.0-255,1484,140082,15,223548
23905,0.002001,74.125.24.0-255,2902,142984,15,223548
23906,0.002006,172.31.36.0-255,66,143050,15,223548
23907,0.002018,74.125.24.0-255,5738,148788,15,223548
23908,0.002021,172.31.36.0-255,66,148854,15,223548
23909,0.002045,74.125.24.0-255,4320,153174,15,223548
23910,0.002048,172.31.36.0-255,66,153240,15,223548
23911,0.00208,74.125.24.0-255,1484,154724,15,223548
23912,0.002089,74.125.24.0-255,7156,161880,15,223548
23913,0.002092,172.31.36.0-255,66,161946,15,223548
23914,0.002103,172.31.36.0-255,66,162012,15,223548
23915,0.002146,74.125.24.0-255,1484,163496,15,223548
23916,0.002161,74.125.24.0-255,2902,166398,15,223548
23917,0.002164,172.31.36.0-255,66,166464,15,223548
23918,0.002186,74.125.24.0-255,5738,172202,15,223548
23919,0.002189,172.31.36.0-255,66,172268,15,223548
23920,0.002195,74.125.24.0-255,4320,176588,15,223548
23921,0.002197,172.31.36.0-255,66,176654,15,223548
23922,0.002215,74.125.24.0-255,4320,180974,15,223548
23923,0.002218,172.31.36.0-255,66,181040,15,223548
23924,0.002255,74.125.24.0-255,7156,188196,15,223548
23925,0.002258,172.31.36.0-255,66,188262,15,223548
23926,0.002269,172.31.36.0-255,66,188328,15,223548
23927,0.002284,74.125.24.0-255,1484,189812,15,223548
23928,0.002303,74.125.24.0-255,1484,191296,15,223548
23929,0.002307,172.31.36.0-255,66,191362,15,223548
23930,0.002312,74.125.24.0-255,4320,195682,15,223548
23931,0.002314,172.31.36.0-255,66,195748,15,223548
23932,0.002325,172.31.36.0-255,66,195814,15,223548
23933,0.002344,74.125.24.0-255,1484,197298,15,223548
23934,0.002358,74.125.24.0-255,5738,203036,15,223548
23935,0.002361,172.31.36.0-255,66,203102,15,223548
23936,0.002391,172.31.36.0-255,66,203168,15,223548
23937,0.002411,74.125.24.0-255,2902,206070,15,223548
23938,0.002414,172.31.36.0-255,66,206136,15,223548
23939,0.004743,74.125.24.0-255,5738,211874,15,223548
23940,0.004751,172.31.36.0-255,66,211940,15,223548
23941,0.007144,74.125.24.0-255,5738,217678,15,223548
23942,0.007148,172.31.36.0-255,66,217744,15,223548
23943,0.009499,74.125.24.0-255,5738,223482,15,223548
23944,0.009505,172.31.36.0-255,66,223548,15,223548
23945,0.0,172.217.194.0-255,163,163,15,215432
23946,3.8e-05,172.31.36.0-255,66,229,15,215432
23947,4.6e-05,172.217.194.0-255,1484,1713,15,215432
23948,5e-05,172.31.36.0-255,66,1779,15,215432
23949,5.5e-05,172.217.194.0-255,2902,4681,15,215432
23950,5.8e-05,172.31.36.0-255,66,4747,15,215432
23951,6.6e-05,172.217.194.0-255,7156,11903,15,215432
23952,6.8e-05,172.31.36.0-255,66,11969,15,215432
23953,0.000111,172.31.36.0-255,66,12035,15,215432
23954,0.000116,172.217.194.0-255,2543,14578,15,215432
23955,0.00012,172.31.36.0-255,66,14644,15,215432
23956,0.000136,172.217.194.0-255,1484,16128,15,215432
23957,0.000138,172.31.36.0-255,66,16194,15,215432
23958,0.00016,172.217.194.0-255,2902,19096,15,215432
23959,0.000163,172.31.36.0-255,66,19162,15,215432
23960,0.000167,172.217.194.0-255,1484,20646,15,215432
23961,0.000169,172.31.36.0-255,66,20712,15,215432
23962,0.000188,172.217.194.0-255,4320,25032,15,215432
23963,0.00019,172.31.36.0-255,66,25098,15,215432
23964,0.000196,172.217.194.0-255,4320,29418,15,215432
23965,0.000198,172.31.36.0-255,66,29484,15,215432
23966,0.00022,172.217.194.0-255,6797,36281,15,215432
23967,0.000223,172.31.36.0-255,66,36347,15,215432
23968,0.000265,172.217.194.0-255,1484,37831,15,215432
23969,0.000268,172.31.36.0-255,66,37897,15,215432
23970,0.000299,172.31.36.0-255,66,37963,15,215432
23971,0.000313,172.217.194.0-255,433,38396,15,215432
23972,0.000315,172.31.36.0-255,66,38462,15,215432
23973,0.000418,172.217.194.0-255,1484,39946,15,215432
23974,0.000423,172.31.36.0-255,66,40012,15,215432
23975,0.000429,172.217.194.0-255,2902,42914,15,215432
23976,0.000432,172.31.36.0-255,66,42980,15,215432
23977,0.000438,172.217.194.0-255,4320,47300,15,215432
23978,0.00044,172.31.36.0-255,66,47366,15,215432
23979,0.000473,172.31.36.0-255,66,47432,15,215432
23980,0.000522,172.31.36.0-255,66,47498,15,215432
23981,0.000725,172.217.194.0-255,1484,48982,15,215432
23982,0.000743,172.217.194.0-255,1484,50466,15,215432
23983,0.000746,172.31.36.0-255,66,50532,15,215432
23984,0.000752,172.217.194.0-255,2902,53434,15,215432
23985,0.000754,172.31.36.0-255,66,53500,15,215432
23986,0.00076,172.217.194.0-255,5738,59238,15,215432
23987,0.000762,172.31.36.0-255,66,59304,15,215432
23988,0.000796,172.31.36.0-255,66,59370,15,215432
23989,0.000833,172.217.194.0-255,5738,65108,15,215432
23990,0.000836,172.31.36.0-255,66,65174,15,215432
23991,0.000859,172.217.194.0-255,3602,68776,15,215432
23992,0.000862,172.31.36.0-255,66,68842,15,215432
23993,0.00093,172.217.194.0-255,1484,70326,15,215432
23994,0.000948,172.217.194.0-255,2902,73228,15,215432
23995,0.000952,172.31.36.0-255,66,73294,15,215432
23996,0.000958,172.217.194.0-255,4320,77614,15,215432
23997,0.000961,172.31.36.0-255,66,77680,15,215432
23998,0.000971,172.217.194.0-255,1484,79164,15,215432
23999,0.000974,172.217.194.0-255,1484,80648,15,215432
24000,0.000976,172.31.36.0-255,66,80714,15,215432
24001,0.000998,172.31.36.0-255,66,80780,15,215432
24002,0.001019,172.217.194.0-255,1484,82264,15,215432
24003,0.001031,172.31.36.0-255,66,82330,15,215432
24004,0.001164,172.217.194.0-255,1484,83814,15,215432
24005,0.00117,172.217.194.0-255,2902,86716,15,215432
24006,0.001173,172.31.36.0-255,66,86782,15,215432
24007,0.001187,172.217.194.0-255,5738,92520,15,215432
24008,0.00119,172.31.36.0-255,66,92586,15,215432
24009,0.001228,172.31.36.0-255,66,92652,15,215432
24010,0.001271,172.217.194.0-255,2902,95554,15,215432
24011,0.001274,172.31.36.0-255,66,95620,15,215432
24012,0.0013,172.31.36.0-255,66,95686,15,215432
24013,0.001345,172.217.194.0-255,1484,97170,15,215432
24014,0.00135,172.217.194.0-255,1484,98654,15,215432
24015,0.001353,172.31.36.0-255,66,98720,15,215432
24016,0.001371,172.217.194.0-255,1484,100204,15,215432
24017,0.001377,172.217.194.0-255,5738,105942,15,215432
24018,0.00138,172.31.36.0-255,66,106008,15,215432
24019,0.001397,172.217.194.0-255,5738,111746,15,215432
24020,0.0014,172.31.36.0-255,66,111812,15,215432
24021,0.001418,172.217.194.0-255,7156,118968,15,215432
24022,0.001421,172.31.36.0-255,66,119034,15,215432
24023,0.001433,172.31.36.0-255,66,119100,15,215432
24024,0.001463,172.217.194.0-255,2184,121284,15,215432
24025,0.001466,172.31.36.0-255,66,121350,15,215432
24026,0.001483,172.217.194.0-255,2902,124252,15,215432
24027,0.001485,172.31.36.0-255,66,124318,15,215432
24028,0.001511,172.217.194.0-255,4320,128638,15,215432
24029,0.001515,172.31.36.0-255,66,128704,15,215432
24030,0.001523,172.217.194.0-255,2902,131606,15,215432
24031,0.001525,172.31.36.0-255,66,131672,15,215432
24032,0.001583,172.31.36.0-255,66,131738,15,215432
24033,0.001587,172.217.194.0-255,1484,133222,15,215432
24034,0.001631,172.31.36.0-255,66,133288,15,215432
24035,0.001635,172.217.194.0-255,2184,135472,15,215432
24036,0.001637,172.31.36.0-255,66,135538,15,215432
24037,0.001732,172.217.194.0-255,1484,137022,15,215432
24038,0.001738,172.217.194.0-255,2902,139924,15,215432
24039,0.001741,172.31.36.0-255,66,139990,15,215432
24040,0.001745,172.217.194.0-255,1484,141474,15,215432
24041,0.001766,172.217.194.0-255,4320,145794,15,215432
24042,0.001769,172.31.36.0-255,66,145860,15,215432
24043,0.001775,172.217.194.0-255,5738,151598,15,215432
24044,0.001778,172.31.36.0-255,66,151664,15,215432
24045,0.0018,172.217.194.0-255,4320,155984,15,215432
24046,0.001803,172.31.36.0-255,66,156050,15,215432
24047,0.001832,172.31.36.0-255,66,156116,15,215432
24048,0.001838,172.217.194.0-255,5020,161136,15,215432
24049,0.00184,172.31.36.0-255,66,161202,15,215432
24050,0.001885,172.217.194.0-255,1484,162686,15,215432
24051,0.001901,172.217.194.0-255,2902,165588,15,215432
24052,0.001905,172.31.36.0-255,66,165654,15,215432
24053,0.001911,172.217.194.0-255,5738,171392,15,215432
24054,0.001913,172.31.36.0-255,66,171458,15,215432
24055,0.001956,172.217.194.0-255,2902,174360,15,215432
24056,0.00196,172.31.36.0-255,66,174426,15,215432
24057,0.001981,172.217.194.0-255,2902,177328,15,215432
24058,0.001985,172.31.36.0-255,66,177394,15,215432
24059,0.001998,172.31.36.0-255,66,177460,15,215432
24060,0.002003,172.217.194.0-255,5020,182480,15,215432
24061,0.002005,172.31.36.0-255,66,182546,15,215432
24062,0.002012,172.217.194.0-255,5738,188284,15,215432
24063,0.002014,172.31.36.0-255,66,188350,15,215432
24064,0.002019,172.217.194.0-255,4320,192670,15,215432
24065,0.002022,172.31.36.0-255,66,192736,15,215432
24066,0.002049,172.31.36.0-255,66,192802,15,215432
24067,0.002059,172.31.36.0-255,66,192868,15,215432
24068,0.002065,172.217.194.0-255,6438,199306,15,215432
24069,0.002067,172.31.36.0-255,66,199372,15,215432
24070,0.004056,172.217.194.0-255,4320,203692,15,215432
24071,0.004062,172.31.36.0-255,66,203758,15,215432
24072,0.004077,172.217.194.0-255,1484,205242,15,215432
24073,0.006065,172.217.194.0-255,4320,209562,15,215432
24074,0.006071,172.31.36.0-255,66,209628,15,215432
24075,0.008067,172.217.194.0-255,5738,215366,15,215432
24076,0.008072,172.31.36.0-255,66,215432,15,215432
24077,0.0,74.125.24.0-255,149,149,15,204539
24078,3.5e-05,172.31.36.0-255,66,215,15,204539
24079,4.2e-05,74.125.24.0-255,1484,1699,15,204539
24080,4.7e-05,172.31.36.0-255,66,1765,15,204539
24081,5.1e-05,74.125.24.0-255,2902,4667,15,204539
24082,6.4e-05,172.31.36.0-255,66,4733,15,204539
24083,7.2e-05,74.125.24.0-255,7156,11889,15,204539
24084,7.5e-05,172.31.36.0-255,66,11955,15,204539
24085,8.1e-05,74.125.24.0-255,3472,15427,15,204539
24086,8.3e-05,172.31.36.0-255,66,15493,15,204539
24087,9e-05,74.125.24.0-255,5738,21231,15,204539
24088,9.2e-05,172.31.36.0-255,66,21297,15,204539
24089,0.000127,74.125.24.0-255,7156,28453,15,204539
24090,0.000135,172.31.36.0-255,66,28519,15,204539
24091,0.000139,74.125.24.0-255,2543,31062,15,204539
24092,0.000141,172.31.36.0-255,66,31128,15,204539
24093,0.000276,74.125.24.0-255,1484,32612,15,204539
24094,0.000281,172.31.36.0-255,66,32678,15,204539
24095,0.000284,74.125.24.0-255,1484,34162,15,204539
24096,0.000288,172.31.36.0-255,66,34228,15,204539
24097,0.000308,74.125.24.0-255,1484,35712,15,204539
24098,0.000312,172.31.36.0-255,66,35778,15,204539
24099,0.000323,74.125.24.0-255,5738,41516,15,204539
24100,0.000326,172.31.36.0-255,66,41582,15,204539
24101,0.00033,74.125.24.0-255,2902,44484,15,204539
24102,0.000332,172.31.36.0-255,66,44550,15,204539
24103,0.000405,172.31.36.0-255,66,44616,15,204539
24104,0.000411,74.125.24.0-255,5379,49995,15,204539
24105,0.000414,172.31.36.0-255,66,50061,15,204539
24106,0.000923,74.125.24.0-255,646,50707,15,204539
24107,0.000929,172.31.36.0-255,66,50773,15,204539
24108,0.001755,74.125.24.0-255,1484,52257,15,204539
24109,0.001763,74.125.24.0-255,2902,55159,15,204539
24110,0.001768,172.31.36.0-255,66,55225,15,204539
24111,0.001775,74.125.24.0-255,5738,60963,15,204539
24112,0.001776,172.31.36.0-255,66,61029,15,204539
24113,0.00181,172.31.36.0-255,66,61095,15,204539
24114,0.001844,74.125.24.0-255,5738,66833,15,204539
24115,0.001846,172.31.36.0-255,66,66899,15,204539
24116,0.001879,172.31.36.0-255,66,66965,15,204539
24117,0.002526,74.125.24.0-255,1484,68449,15,204539
24118,0.002539,74.125.24.0-255,2902,71351,15,204539
24119,0.002542,172.31.36.0-255,66,71417,15,204539
24120,0.002546,74.125.24.0-255,2902,74319,15,204539
24121,0.002548,172.31.36.0-255,66,74385,15,204539
24122,0.00257,74.125.24.0-255,2902,77287,15,204539
24123,0.002572,172.31.36.0-255,66,77353,15,204539
24124,0.002574,74.125.24.0-255,1484,78837,15,204539
24125,0.0026,74.125.24.0-255,7156,85993,15,204539
24126,0.002602,172.31.36.0-255,66,86059,15,204539
24127,0.002626,172.31.36.0-255,66,86125,15,204539
24128,0.00263,74.125.24.0-255,2902,89027,15,204539
24129,0.002632,172.31.36.0-255,66,89093,15,204539
24130,0.002655,74.125.24.0-255,3602,92695,15,204539
24131,0.002662,172.31.36.0-255,66,92761,15,204539
24132,0.002665,74.125.24.0-255,1484,94245,15,204539
24133,0.00267,74.125.24.0-255,4320,98565,15,204539
24134,0.002672,172.31.36.0-255,66,98631,15,204539
24135,0.002679,74.125.24.0-255,7156,105787,15,204539
24136,0.002681,172.31.36.0-255,66,105853,15,204539
24137,0.002686,74.125.24.0-255,4320,110173,15,204539
24138,0.002689,172.31.36.0-255,66,110239,15,204539
24139,0.002723,172.31.36.0-255,66,110305,15,204539
24140,0.002734,74.125.24.0-255,7156,117461,15,204539
24141,0.002736,172.31.36.0-255,66,117527,15,204539
24142,0.002739,74.125.24.0-255,766,118293,15,204539
24143,0.002945,74.125.24.0-255,1484,119777,15,204539
24144,0.002948,172.31.36.0-255,66,119843,15,204539
24145,0.002951,74.125.24.0-255,1484,121327,15,204539
24146,0.002972,74.125.24.0-255,1484,122811,15,204539
24147,0.002974,172.31.36.0-255,66,122877,15,204539
24148,0.00298,74.125.24.0-255,5738,128615,15,204539
24149,0.002982,172.31.36.0-255,66,128681,15,204539
24150,0.002994,74.125.24.0-255,5738,134419,15,204539
24151,0.002996,172.31.36.0-255,66,134485,15,204539
24152,0.003031,74.125.24.0-255,7156,141641,15,204539
24153,0.003033,172.31.36.0-255,66,141707,15,204539
24154,0.003043,172.31.36.0-255,66,141773,15,204539
24155,0.003052,74.125.24.0-255,2184,143957,15,204539
24156,0.003055,172.31.36.0-255,66,144023,15,204539
24157,0.003126,74.125.24.0-255,1484,145507,15,204539
24158,0.003129,74.125.24.0-255,1484,146991,15,204539
24159,0.003131,172.31.36.0-255,66,147057,15,204539
24160,0.003156,74.125.24.0-255,1484,148541,15,204539
24161,0.003162,74.125.24.0-255,5738,154279,15,204539
24162,0.003163,172.31.36.0-255,66,154345,15,204539
24163,0.003188,172.31.36.0-255,66,154411,15,204539
24164,0.003248,172.31.36.0-255,66,154477,15,204539
24165,0.00327,74.125.24.0-255,2184,156661,15,204539
24166,0.003271,172.31.36.0-255,66,156727,15,204539
24167,0.003274,74.125.24.0-255,1484,158211,15,204539
24168,0.00329,172.31.36.0-255,66,158277,15,204539
24169,0.003317,172.31.36.0-255,66,158343,15,204539
24170,0.004443,74.125.24.0-255,1484,159827,15,204539
24171,0.00445,74.125.24.0-255,2902,162729,15,204539
24172,0.004453,172.31.36.0-255,66,162795,15,204539
24173,0.004456,74.125.24.0-255,1484,164279,15,204539
24174,0.004482,74.125.24.0-255,4320,168599,15,204539
24175,0.004484,172.31.36.0-255,66,168665,15,204539
24176,0.00449,74.125.24.0-255,7156,175821,15,204539
24177,0.004492,172.31.36.0-255,66,175887,15,204539
24178,0.004495,74.125.24.0-255,1484,177371,15,204539
24179,0.004546,172.31.36.0-255,66,177437,15,204539
24180,0.00455,74.125.24.0-255,2184,179621,15,204539
24181,0.004553,172.31.36.0-255,66,179687,15,204539
24182,0.004573,74.125.24.0-255,2902,182589,15,204539
24183,0.004576,172.31.36.0-255,66,182655,15,204539
24184,0.004601,74.125.24.0-255,4320,186975,15,204539
24185,0.004604,172.31.36.0-255,66,187041,15,204539
24186,0.00461,74.125.24.0-255,4320,191361,15,204539
24187,0.004611,172.31.36.0-255,66,191427,15,204539
24188,0.004648,74.125.24.0-255,4320,195747,15,204539
24189,0.00465,172.31.36.0-255,66,195813,15,204539
24190,0.004664,172.31.36.0-255,66,195879,15,204539
24191,0.004675,74.125.24.0-255,1484,197363,15,204539
24192,0.00471,172.31.36.0-255,66,197429,15,204539
24193,0.004736,74.125.24.0-255,5020,202449,15,204539
24194,0.004738,172.31.36.0-255,66,202515,15,204539
24195,0.00476,172.31.36.0-255,66,202581,15,204539
24196,0.004771,172.31.36.0-255,66,202647,15,204539
24197,0.004802,74.125.24.0-255,1484,204131,15,204539
24198,0.004812,172.31.36.0-255,66,204197,15,204539
24199,0.004815,74.125.24.0-255,105,204302,15,204539
24200,0.005743,172.31.36.0-255,66,204368,15,204539
24201,0.00577,172.31.36.0-255,105,204473,15,204539
24202,0.008033,74.125.24.0-255,66,204539,15,204539
24203,0.0,74.125.24.0-255,143,143,15,123684
24204,3.4e-05,172.31.36.0-255,66,209,15,123684
24205,4.1e-05,74.125.24.0-255,1484,1693,15,123684
24206,4.5e-05,172.31.36.0-255,66,1759,15,123684
24207,4.9e-05,74.125.24.0-255,2902,4661,15,123684
24208,5.3e-05,172.31.36.0-255,66,4727,15,123684
24209,5.6e-05,74.125.24.0-255,1484,6211,15,123684
24210,5.8e-05,172.31.36.0-255,66,6277,15,123684
24211,6.5e-05,74.125.24.0-255,5738,12015,15,123684
24212,6.8e-05,172.31.36.0-255,66,12081,15,123684
24213,0.000105,74.125.24.0-255,2014,14095,15,123684
24214,0.000108,172.31.36.0-255,66,14161,15,123684
24215,0.00018,74.125.24.0-255,1484,15645,15,123684
24216,0.000185,172.31.36.0-255,66,15711,15,123684
24217,0.00019,74.125.24.0-255,2902,18613,15,123684
24218,0.000194,172.31.36.0-255,66,18679,15,123684
24219,0.000203,74.125.24.0-255,5738,24417,15,123684
24220,0.000205,172.31.36.0-255,66,24483,15,123684
24221,0.000245,74.125.24.0-255,6797,31280,15,123684
24222,0.000248,172.31.36.0-255,66,31346,15,123684
24223,0.000285,74.125.24.0-255,1484,32830,15,123684
24224,0.000289,172.31.36.0-255,66,32896,15,123684
24225,0.000294,74.125.24.0-255,2902,35798,15,123684
24226,0.000296,172.31.36.0-255,66,35864,15,123684
24227,0.0003,74.125.24.0-255,1484,37348,15,123684
24228,0.000302,172.31.36.0-255,66,37414,15,123684
24229,0.000326,74.125.24.0-255,4320,41734,15,123684
24230,0.00033,172.31.36.0-255,66,41800,15,123684
24231,0.000333,74.125.24.0-255,1484,43284,15,123684
24232,0.000334,172.31.36.0-255,66,43350,15,123684
24233,0.000362,74.125.24.0-255,5379,48729,15,123684
24234,0.000365,172.31.36.0-255,66,48795,15,123684
24235,0.001686,74.125.24.0-255,1484,50279,15,123684
24236,0.001699,74.125.24.0-255,2902,53181,15,123684
24237,0.001704,172.31.36.0-255,66,53247,15,123684
24238,0.001713,74.125.24.0-255,5738,58985,15,123684
24239,0.001737,74.125.24.0-255,5738,64723,15,123684
24240,0.001752,74.125.24.0-255,1125,65848,15,123684
24241,0.001857,74.125.24.0-255,1484,67332,15,123684
24242,0.001864,74.125.24.0-255,2902,70234,15,123684
24243,0.001904,74.125.24.0-255,5738,75972,15,123684
24244,0.001911,74.125.24.0-255,6797,82769,15,123684
24245,0.001914,74.125.24.0-255,646,83415,15,123684
24246,0.001939,74.125.24.0-255,1484,84899,15,123684
24247,0.001957,74.125.24.0-255,4320,89219,15,123684
24248,0.001977,74.125.24.0-255,4320,93539,15,123684
24249,0.001994,74.125.24.0-255,5738,99277,15,123684
24250,0.001997,74.125.24.0-255,1125,100402,15,123684
24251,0.002262,74.125.24.0-255,1484,101886,15,123684
24252,0.002268,74.125.24.0-255,2902,104788,15,123684
24253,0.002271,74.125.24.0-255,1484,106272,15,123684
24254,0.002298,74.125.24.0-255,4320,110592,15,123684
24255,0.002305,74.125.24.0-255,5738,116330,15,123684
24256,0.002325,74.125.24.0-255,1484,117814,15,123684
24257,0.007036,172.31.36.0-255,66,117880,15,123684
24258,0.009314,74.125.24.0-255,5738,123618,15,123684
24259,0.009321,172.31.36.0-255,66,123684,15,123684
24260,0.0,172.217.194.0-255,219,219,15,116427
24261,3e-05,172.31.36.0-255,66,285,15,116427
24262,3.8e-05,172.217.194.0-255,1484,1769,15,116427
24263,4.2e-05,172.31.36.0-255,66,1835,15,116427
24264,4.8e-05,172.217.194.0-255,4320,6155,15,116427
24265,5e-05,172.31.36.0-255,66,6221,15,116427
24266,6e-05,172.31.36.0-255,66,6287,15,116427
24267,0.0001,172.217.194.0-255,4320,10607,15,116427
24268,0.000103,172.31.36.0-255,66,10673,15,116427
24269,0.000124,172.217.194.0-255,4320,14993,15,116427
24270,0.000127,172.31.36.0-255,66,15059,15,116427
24271,0.000142,172.217.194.0-255,2902,17961,15,116427
24272,0.000144,172.31.36.0-255,66,18027,15,116427
24273,0.000164,172.217.194.0-255,5379,23406,15,116427
24274,0.000166,172.31.36.0-255,66,23472,15,116427
24275,0.000188,172.217.194.0-255,1484,24956,15,116427
24276,0.000193,172.31.36.0-255,66,25022,15,116427
24277,0.000196,172.217.194.0-255,1484,26506,15,116427
24278,0.000198,172.31.36.0-255,66,26572,15,116427
24279,0.000212,172.217.194.0-255,1484,28056,15,116427
24280,0.000215,172.31.36.0-255,66,28122,15,116427
24281,0.000222,172.217.194.0-255,5738,33860,15,116427
24282,0.000224,172.31.36.0-255,66,33926,15,116427
24283,0.000264,172.31.36.0-255,66,33992,15,116427
24284,0.000276,172.31.36.0-255,66,34058,15,116427
24285,0.000278,172.217.194.0-255,392,34450,15,116427
24286,0.000281,172.31.36.0-255,66,34516,15,116427
24287,0.000326,172.217.194.0-255,383,34899,15,116427
24288,0.00033,172.31.36.0-255,66,34965,15,116427
24289,0.000564,172.217.194.0-255,1484,36449,15,116427
24290,0.000571,172.217.194.0-255,2902,39351,15,116427
24291,0.000574,172.31.36.0-255,66,39417,15,116427
24292,0.000577,172.217.194.0-255,1484,40901,15,116427
24293,0.000599,172.217.194.0-255,4320,45221,15,116427
24294,0.000605,172.31.36.0-255,66,45287,15,116427
24295,0.000631,172.217.194.0-255,5738,51025,15,116427
24296,0.000637,172.31.36.0-255,66,51091,15,116427
24297,0.00065,172.217.194.0-255,7156,58247,15,116427
24298,0.000655,172.31.36.0-255,66,58313,15,116427
24299,0.000662,172.217.194.0-255,766,59079,15,116427
24300,0.000677,172.31.36.0-255,66,59145,15,116427
24301,0.000829,172.217.194.0-255,1484,60629,15,116427
24302,0.000835,172.217.194.0-255,2902,63531,15,116427
24303,0.000838,172.31.36.0-255,66,63597,15,116427
24304,0.000856,172.217.194.0-255,5738,69335,15,116427
24305,0.000861,172.31.36.0-255,66,69401,15,116427
24306,0.000872,172.217.194.0-255,2902,72303,15,116427
24307,0.000875,172.31.36.0-255,66,72369,15,116427
24308,0.000903,172.31.36.0-255,66,72435,15,116427
24309,0.000923,172.217.194.0-255,4320,76755,15,116427
24310,0.000929,172.31.36.0-255,66,76821,15,116427
24311,0.000964,172.31.36.0-255,66,76887,15,116427
24312,0.001554,172.217.194.0-255,1484,78371,15,116427
24313,0.001564,172.217.194.0-255,2902,81273,15,116427
24314,0.001568,172.31.36.0-255,66,81339,15,116427
24315,0.001575,172.217.194.0-255,4320,85659,15,116427
24316,0.001576,172.31.36.0-255,66,85725,15,116427
24317,0.001591,172.217.194.0-255,1484,87209,15,116427
24318,0.001606,172.217.194.0-255,2902,90111,15,116427
24319,0.001609,172.31.36.0-255,66,90177,15,116427
24320,0.001632,172.31.36.0-255,66,90243,15,116427
24321,0.002013,172.217.194.0-255,1484,91727,15,116427
24322,0.002021,172.217.194.0-255,2902,94629,15,116427
24323,0.002024,172.217.194.0-255,1484,96113,15,116427
24324,0.00204,172.217.194.0-255,4320,100433,15,116427
24325,0.002043,172.217.194.0-255,1484,101917,15,116427
24326,0.002055,172.217.194.0-255,2902,104819,15,116427
24327,0.002071,172.217.194.0-255,5738,110557,15,116427
24328,0.006331,172.31.36.0-255,66,110623,15,116427
24329,0.008383,172.217.194.0-255,5738,116361,15,116427
24330,0.00839,172.31.36.0-255,66,116427,15,116427
24331,0.0,74.125.130.0-255,150,150,15,285321
24332,8.8e-05,172.31.36.0-255,66,216,15,285321
24333,9.4e-05,74.125.130.0-255,1484,1700,15,285321
24334,9.9e-05,172.31.36.0-255,66,1766,15,285321
24335,0.000103,74.125.130.0-255,2902,4668,15,285321
24336,0.000107,172.31.36.0-255,66,4734,15,285321
24337,0.000112,74.125.130.0-255,5738,10472,15,285321
24338,0.000115,172.31.36.0-255,66,10538,15,285321
24339,0.000119,74.125.130.0-255,2902,13440,15,285321
24340,0.000122,172.31.36.0-255,66,13506,15,285321
24341,0.000127,74.125.130.0-255,3455,16961,15,285321
24342,0.00013,172.31.36.0-255,66,17027,15,285321
24343,0.00014,172.31.36.0-255,66,17093,15,285321
24344,0.000144,74.125.130.0-255,2902,19995,15,285321
24345,0.000146,172.31.36.0-255,66,20061,15,285321
24346,0.000191,74.125.130.0-255,2543,22604,15,285321
24347,0.000196,172.31.36.0-255,66,22670,15,285321
24348,0.000309,74.125.130.0-255,1484,24154,15,285321
24349,0.000312,172.31.36.0-255,66,24220,15,285321
24350,0.000316,74.125.130.0-255,1484,25704,15,285321
24351,0.000318,172.31.36.0-255,66,25770,15,285321
24352,0.000329,74.125.130.0-255,1484,27254,15,285321
24353,0.000332,172.31.36.0-255,66,27320,15,285321
24354,0.000349,74.125.130.0-255,4320,31640,15,285321
24355,0.000352,172.31.36.0-255,66,31706,15,285321
24356,0.000373,74.125.130.0-255,1484,33190,15,285321
24357,0.000376,172.31.36.0-255,66,33256,15,285321
24358,0.000383,74.125.130.0-255,6797,40053,15,285321
24359,0.000386,172.31.36.0-255,66,40119,15,285321
24360,0.00039,74.125.130.0-255,2902,43021,15,285321
24361,0.000392,172.31.36.0-255,66,43087,15,285321
24362,0.000412,74.125.130.0-255,4320,47407,15,285321
24363,0.000416,172.31.36.0-255,66,47473,15,285321
24364,0.000427,172.31.36.0-255,66,47539,15,285321
24365,0.000448,74.125.130.0-255,1414,48953,15,285321
24366,0.000518,74.125.130.0-255,366,49319,15,285321
24367,0.000523,172.31.36.0-255,66,49385,15,285321
24368,0.00067,74.125.130.0-255,1484,50869,15,285321
24369,0.000693,74.125.130.0-255,2902,53771,15,285321
24370,0.000696,172.31.36.0-255,66,53837,15,285321
24371,0.000702,74.125.130.0-255,4320,58157,15,285321
24372,0.000705,172.31.36.0-255,66,58223,15,285321
24373,0.000733,74.125.130.0-255,1484,59707,15,285321
24374,0.00075,74.125.130.0-255,2902,62609,15,285321
24375,0.000753,172.31.36.0-255,66,62675,15,285321
24376,0.000773,74.125.130.0-255,5379,68054,15,285321
24377,0.000777,172.31.36.0-255,66,68120,15,285321
24378,0.000781,74.125.130.0-255,2902,71022,15,285321
24379,0.000784,172.31.36.0-255,66,71088,15,285321
24380,0.000822,172.31.36.0-255,66,71154,15,285321
24381,0.000842,74.125.130.0-255,2543,73697,15,285321
24382,0.000845,172.31.36.0-255,66,73763,15,285321
24383,0.000952,74.125.130.0-255,1484,75247,15,285321
24384,0.000997,74.125.130.0-255,1484,76731,15,285321
24385,0.001001,172.31.36.0-255,66,76797,15,285321
24386,0.001017,74.125.130.0-255,1484,78281,15,285321
24387,0.00102,74.125.130.0-255,1484,79765,15,285321
24388,0.001022,172.31.36.0-255,66,79831,15,285321
24389,0.001044,74.125.130.0-255,4320,84151,15,285321
24390,0.001047,172.31.36.0-255,66,84217,15,285321
24391,0.001059,74.125.130.0-255,1484,85701,15,285321
24392,0.001089,74.125.130.0-255,1484,87185,15,285321
24393,0.001092,172.31.36.0-255,66,87251,15,285321
24394,0.001105,74.125.130.0-255,1484,88735,15,285321
24395,0.001131,74.125.130.0-255,2902,91637,15,285321
24396,0.001134,172.31.36.0-255,66,91703,15,285321
24397,0.001155,74.125.130.0-255,1484,93187,15,285321
24398,0.001171,74.125.130.0-255,4320,97507,15,285321
24399,0.001174,172.31.36.0-255,66,97573,15,285321
24400,0.001178,74.125.130.0-255,1484,99057,15,285321
24401,0.001192,74.125.130.0-255,1484,100541,15,285321
24402,0.001196,172.31.36.0-255,66,100607,15,285321
24403,0.001214,74.125.130.0-255,5738,106345,15,285321
24404,0.001217,172.31.36.0-255,66,106411,15,285321
24405,0.001236,74.125.130.0-255,1484,107895,15,285321
24406,0.001239,74.125.130.0-255,766,108661,15,285321
24407,0.001241,172.31.36.0-255,66,108727,15,285321
24408,0.001258,74.125.130.0-255,1484,110211,15,285321
24409,0.001296,74.125.130.0-255,2902,113113,15,285321
24410,0.001301,172.31.36.0-255,66,113179,15,285321
24411,0.001301,74.125.130.0-255,4320,117499,15,285321
24412,0.001304,172.31.36.0-255,66,117565,15,285321
24413,0.001319,74.125.130.0-255,1484,119049,15,285321
24414,0.001332,74.125.130.0-255,1484,120533,15,285321
24415,0.001336,172.31.36.0-255,66,120599,15,285321
24416,0.001358,74.125.130.0-255,7156,127755,15,285321
24417,0.001361,172.31.36.0-255,66,127821,15,285321
24418,0.001364,74.125.130.0-255,1484,129305,15,285321
24419,0.001389,172.31.36.0-255,66,129371,15,285321
24420,0.001395,74.125.130.0-255,5020,134391,15,285321
24421,0.001397,172.31.36.0-255,66,134457,15,285321
24422,0.001436,74.125.130.0-255,1484,135941,15,285321
24423,0.001451,74.125.130.0-255,1484,137425,15,285321
24424,0.001454,172.31.36.0-255,66,137491,15,285321
24425,0.001465,74.125.130.0-255,1484,138975,15,285321
24426,0.001479,74.125.130.0-255,1484,140459,15,285321
24427,0.001482,172.31.36.0-255,66,140525,15,285321
24428,0.001501,74.125.130.0-255,2902,143427,15,285321
24429,0.001505,172.31.36.0-255,66,143493,15,285321
24430,0.001522,74.125.130.0-255,1484,144977,15,285321
24431,0.001525,74.125.130.0-255,1484,146461,15,285321
24432,0.001528,172.31.36.0-255,66,146527,15,285321
24433,0.001549,74.125.130.0-255,4320,150847,15,285321
24434,0.001552,172.31.36.0-255,66,150913,15,285321
24435,0.001555,74.125.130.0-255,1484,152397,15,285321
24436,0.001592,74.125.130.0-255,5738,158135,15,285321
24437,0.001595,172.31.36.0-255,66,158201,15,285321
24438,0.001628,172.31.36.0-255,66,158267,15,285321
24439,0.001631,74.125.130.0-255,1484,159751,15,285321
24440,0.001635,74.125.130.0-255,2902,162653,15,285321
24441,0.001637,172.31.36.0-255,66,162719,15,285321
24442,0.001642,74.125.130.0-255,2902,165621,15,285321
24443,0.001644,172.31.36.0-255,66,165687,15,285321
24444,0.001678,74.125.130.0-255,2902,168589,15,285321
24445,0.001681,172.31.36.0-255,66,168655,15,285321
24446,0.001694,172.31.36.0-255,66,168721,15,285321
24447,0.001705,172.31.36.0-255,66,168787,15,285321
24448,0.001817,74.125.130.0-255,1484,170271,15,285321
24449,0.001823,74.125.130.0-255,2902,173173,15,285321
24450,0.001826,172.31.36.0-255,66,173239,15,285321
24451,0.001852,74.125.130.0-255,5738,178977,15,285321
24452,0.001855,172.31.36.0-255,66,179043,15,285321
24453,0.001858,74.125.130.0-255,1484,180527,15,285321
24454,0.001881,74.125.130.0-255,4320,184847,15,285321
24455,0.001884,172.31.36.0-255,66,184913,15,285321
24456,0.001892,74.125.130.0-255,7156,192069,15,285321
24457,0.001895,172.31.36.0-255,66,192135,15,285321
24458,0.001923,74.125.130.0-255,5738,197873,15,285321
24459,0.001926,172.31.36.0-255,66,197939,15,285321
24460,0.001948,74.125.130.0-255,5020,202959,15,285321
24461,0.001952,172.31.36.0-255,66,203025,15,285321
24462,0.001954,74.125.130.0-255,5738,208763,15,285321
24463,0.001956,172.31.36.0-255,66,208829,15,285321
24464,0.001979,74.125.130.0-255,5738,214567,15,285321
24465,0.001982,172.31.36.0-255,66,214633,15,285321
24466,0.001987,74.125.130.0-255,2902,217535,15,285321
24467,0.001989,172.31.36.0-255,66,217601,15,285321
24468,0.002006,74.125.130.0-255,4320,221921,15,285321
24469,0.002009,172.31.36.0-255,66,221987,15,285321
24470,0.002032,172.31.36.0-255,66,222053,15,285321
24471,0.002053,74.125.130.0-255,1484,223537,15,285321
24472,0.00206,74.125.130.0-255,3602,227139,15,285321
24473,0.002062,172.31.36.0-255,66,227205,15,285321
24474,0.002067,74.125.130.0-255,2902,230107,15,285321
24475,0.002069,172.31.36.0-255,66,230173,15,285321
24476,0.002095,172.31.36.0-255,66,230239,15,285321
24477,0.00211,74.125.130.0-255,2902,233141,15,285321
24478,0.002114,172.31.36.0-255,66,233207,15,285321
24479,0.002151,172.31.36.0-255,66,233273,15,285321
24480,0.002158,74.125.130.0-255,7156,240429,15,285321
24481,0.00216,172.31.36.0-255,66,240495,15,285321
24482,0.002175,74.125.130.0-255,2184,242679,15,285321
24483,0.002177,172.31.36.0-255,66,242745,15,285321
24484,0.002227,74.125.130.0-255,1484,244229,15,285321
24485,0.002233,74.125.130.0-255,2902,247131,15,285321
24486,0.002236,172.31.36.0-255,66,247197,15,285321
24487,0.00226,74.125.130.0-255,5738,252935,15,285321
24488,0.002263,172.31.36.0-255,66,253001,15,285321
24489,0.0023,172.31.36.0-255,66,253067,15,285321
24490,0.002308,172.31.36.0-255,66,253133,15,285321
24491,0.002319,74.125.130.0-255,1484,254617,15,285321
24492,0.002324,74.125.130.0-255,2902,257519,15,285321
24493,0.002326,172.31.36.0-255,66,257585,15,285321
24494,0.002347,74.125.130.0-255,2184,259769,15,285321
24495,0.00235,172.31.36.0-255,66,259835,15,285321
24496,0.002355,74.125.130.0-255,5738,265573,15,285321
24497,0.002358,172.31.36.0-255,66,265639,15,285321
24498,0.002381,74.125.130.0-255,5738,271377,15,285321
24499,0.002384,172.31.36.0-255,66,271443,15,285321
24500,0.002399,74.125.130.0-255,5738,277181,15,285321
24501,0.002402,172.31.36.0-255,66,277247,15,285321
24502,0.002424,74.125.130.0-255,1484,278731,15,285321
24503,0.002437,74.125.130.0-255,4320,283051,15,285321
24504,0.00244,172.31.36.0-255,66,283117,15,285321
24505,0.002459,74.125.130.0-255,1796,284913,15,285321
24506,0.002461,172.31.36.0-255,66,284979,15,285321
24507,0.002464,74.125.130.0-255,105,285084,15,285321
24508,0.003558,172.31.36.0-255,66,285150,15,285321
24509,0.003584,172.31.36.0-255,105,285255,15,285321
24510,0.006108,74.125.130.0-255,66,285321,15,285321
24511,0.0,172.217.194.0-255,218,218,15,223927
24512,1.8e-05,172.31.36.0-255,66,284,15,223927
24513,2.6e-05,172.217.194.0-255,1484,1768,15,223927
24514,3e-05,172.31.36.0-255,66,1834,15,223927
24515,4.6e-05,172.217.194.0-255,4320,6154,15,223927
24516,5e-05,172.31.36.0-255,66,6220,15,223927
24517,6.2e-05,172.31.36.0-255,66,6286,15,223927
24518,0.000103,172.217.194.0-255,7156,13442,15,223927
24519,0.000107,172.31.36.0-255,66,13508,15,223927
24520,0.000112,172.217.194.0-255,2902,16410,15,223927
24521,0.000114,172.31.36.0-255,66,16476,15,223927
24522,0.000149,172.217.194.0-255,5738,22214,15,223927
24523,0.000152,172.31.36.0-255,66,22280,15,223927
24524,0.000155,172.217.194.0-255,1125,23405,15,223927
24525,0.000157,172.31.36.0-255,66,23471,15,223927
24526,0.000263,172.217.194.0-255,1484,24955,15,223927
24527,0.000266,172.31.36.0-255,66,25021,15,223927
24528,0.000272,172.217.194.0-255,2902,27923,15,223927
24529,0.000274,172.31.36.0-255,66,27989,15,223927
24530,0.000303,172.217.194.0-255,5738,33727,15,223927
24531,0.000305,172.31.36.0-255,66,33793,15,223927
24532,0.000308,172.217.194.0-255,1484,35277,15,223927
24533,0.00031,172.31.36.0-255,66,35343,15,223927
24534,0.000357,172.217.194.0-255,5379,40722,15,223927
24535,0.00036,172.31.36.0-255,66,40788,15,223927
24536,0.000582,172.217.194.0-255,1484,42272,15,223927
24537,0.000587,172.31.36.0-255,66,42338,15,223927
24538,0.000593,172.217.194.0-255,2902,45240,15,223927
24539,0.000594,172.31.36.0-255,66,45306,15,223927
24540,0.000598,172.217.194.0-255,1484,46790,15,223927
24541,0.0006,172.31.36.0-255,66,46856,15,223927
24542,0.000639,172.217.194.0-255,1484,48340,15,223927
24543,0.000648,172.217.194.0-255,7156,55496,15,223927
24544,0.000664,172.217.194.0-255,3123,58619,15,223927
24545,0.000676,172.31.36.0-255,66,58685,15,223927
24546,0.000711,172.217.194.0-255,1484,60169,15,223927
24547,0.000716,172.217.194.0-255,2902,63071,15,223927
24548,0.000737,172.217.194.0-255,5738,68809,15,223927
24549,0.00075,172.31.36.0-255,66,68875,15,223927
24550,0.000757,172.217.194.0-255,7156,76031,15,223927
24551,0.000763,172.31.36.0-255,66,76097,15,223927
24552,0.000792,172.217.194.0-255,5738,81835,15,223927
24553,0.000808,172.31.36.0-255,66,81901,15,223927
24554,0.000819,172.217.194.0-255,2184,84085,15,223927
24555,0.000841,172.31.36.0-255,66,84151,15,223927
24556,0.000867,172.217.194.0-255,1484,85635,15,223927
24557,0.000871,172.217.194.0-255,2902,88537,15,223927
24558,0.000877,172.31.36.0-255,66,88603,15,223927
24559,0.000917,172.217.194.0-255,5738,94341,15,223927
24560,0.000936,172.217.194.0-255,7156,101497,15,223927
24561,0.000948,172.31.36.0-255,66,101563,15,223927
24562,0.000973,172.217.194.0-255,3053,104616,15,223927
24563,0.00099,172.31.36.0-255,66,104682,15,223927
24564,0.001089,172.217.194.0-255,1484,106166,15,223927
24565,0.001094,172.217.194.0-255,2902,109068,15,223927
24566,0.001105,172.31.36.0-255,66,109134,15,223927
24567,0.001118,172.217.194.0-255,5738,114872,15,223927
24568,0.00113,172.217.194.0-255,5738,120610,15,223927
24569,0.00117,172.217.194.0-255,1484,122094,15,223927
24570,0.001178,172.31.36.0-255,66,122160,15,223927
24571,0.001189,172.217.194.0-255,3602,125762,15,223927
24572,0.001194,172.31.36.0-255,66,125828,15,223927
24573,0.001263,172.217.194.0-255,1484,127312,15,223927
24574,0.001268,172.217.194.0-255,1484,128796,15,223927
24575,0.001272,172.31.36.0-255,66,128862,15,223927
24576,0.00129,172.217.194.0-255,1484,130346,15,223927
24577,0.001295,172.217.194.0-255,2902,133248,15,223927
24578,0.001308,172.217.194.0-255,2902,136150,15,223927
24579,0.001317,172.31.36.0-255,66,136216,15,223927
24580,0.00133,172.217.194.0-255,1484,137700,15,223927
24581,0.001372,172.31.36.0-255,66,137766,15,223927
24582,0.001382,172.217.194.0-255,2902,140668,15,223927
24583,0.001424,172.31.36.0-255,66,140734,15,223927
24584,0.001537,172.217.194.0-255,1484,142218,15,223927
24585,0.001542,172.217.194.0-255,2902,145120,15,223927
24586,0.00155,172.31.36.0-255,66,145186,15,223927
24587,0.001571,172.217.194.0-255,5738,150924,15,223927
24588,0.001574,172.217.194.0-255,2902,153826,15,223927
24589,0.001581,172.31.36.0-255,66,153892,15,223927
24590,0.001626,172.217.194.0-255,7156,161048,15,223927
24591,0.001681,172.217.194.0-255,3602,164650,15,223927
24592,0.001692,172.31.36.0-255,66,164716,15,223927
24593,0.002045,172.217.194.0-255,1484,166200,15,223927
24594,0.00205,172.217.194.0-255,1484,167684,15,223927
24595,0.002053,172.31.36.0-255,66,167750,15,223927
24596,0.002084,172.217.194.0-255,1484,169234,15,223927
24597,0.002091,172.217.194.0-255,5738,174972,15,223927
24598,0.00213,172.31.36.0-255,66,175038,15,223927
24599,0.002136,172.217.194.0-255,2902,177940,15,223927
24600,0.002141,172.31.36.0-255,66,178006,15,223927
24601,0.002209,172.217.194.0-255,1484,179490,15,223927
24602,0.002214,172.217.194.0-255,2902,182392,15,223927
24603,0.002218,172.31.36.0-255,66,182458,15,223927
24604,0.002225,172.31.36.0-255,66,182524,15,223927
24605,0.002251,172.217.194.0-255,5738,188262,15,223927
24606,0.002288,172.31.36.0-255,66,188328,15,223927
24607,0.002327,172.217.194.0-255,3602,191930,15,223927
24608,0.002344,172.217.194.0-255,2902,194832,15,223927
24609,0.002363,172.217.194.0-255,4320,199152,15,223927
24610,0.002368,172.217.194.0-255,4320,203472,15,223927
24611,0.002372,172.31.36.0-255,66,203538,15,223927
24612,0.002388,172.31.36.0-255,66,203604,15,223927
24613,0.002394,172.217.194.0-255,4320,207924,15,223927
24614,0.00248,172.217.194.0-255,1484,209408,15,223927
24615,0.002486,172.31.36.0-255,66,209474,15,223927
24616,0.002496,172.217.194.0-255,4320,213794,15,223927
24617,0.002503,172.31.36.0-255,66,213860,15,223927
24618,0.00256,172.217.194.0-255,2902,216762,15,223927
24619,0.00257,172.217.194.0-255,2902,219664,15,223927
24620,0.002583,172.217.194.0-255,4092,223756,15,223927
24621,0.002589,172.31.36.0-255,66,223822,15,223927
24622,0.005103,172.217.194.0-255,105,223927,15,223927
24623,0.0,172.217.24.0-255,146,146,15,156688
24624,2.3e-05,172.31.36.0-255,66,212,15,156688
24625,3.1e-05,172.217.24.0-255,1484,1696,15,156688
24626,3.5e-05,172.31.36.0-255,66,1762,15,156688
24627,4.1e-05,172.217.24.0-255,2902,4664,15,156688
24628,4.3e-05,172.31.36.0-255,66,4730,15,156688
24629,5.1e-05,172.217.24.0-255,7156,11886,15,156688
24630,5.5e-05,172.31.36.0-255,66,11952,15,156688
24631,5.9e-05,172.217.24.0-255,1967,13919,15,156688
24632,6.2e-05,172.31.36.0-255,66,13985,15,156688
24633,8.2e-05,172.217.24.0-255,1484,15469,15,156688
24634,8.5e-05,172.31.36.0-255,66,15535,15,156688
24635,9e-05,172.217.24.0-255,2902,18437,15,156688
24636,9.2e-05,172.31.36.0-255,66,18503,15,156688
24637,0.000113,172.217.24.0-255,5738,24241,15,156688
24638,0.000115,172.31.36.0-255,66,24307,15,156688
24639,0.000135,172.217.24.0-255,4320,28627,15,156688
24640,0.000138,172.31.36.0-255,66,28693,15,156688
24641,0.000154,172.217.24.0-255,2543,31236,15,156688
24642,0.000156,172.31.36.0-255,66,31302,15,156688
24643,0.000557,172.217.24.0-255,1484,32786,15,156688
24644,0.000563,172.31.36.0-255,66,32852,15,156688
24645,0.000569,172.217.24.0-255,2902,35754,15,156688
24646,0.000572,172.31.36.0-255,66,35820,15,156688
24647,0.000577,172.217.24.0-255,2902,38722,15,156688
24648,0.000579,172.31.36.0-255,66,38788,15,156688
24649,0.000596,172.217.24.0-255,2902,41690,15,156688
24650,0.000598,172.31.36.0-255,66,41756,15,156688
24651,0.000602,172.217.24.0-255,1484,43240,15,156688
24652,0.000604,172.31.36.0-255,66,43306,15,156688
24653,0.000609,172.217.24.0-255,2902,46208,15,156688
24654,0.000611,172.31.36.0-255,66,46274,15,156688
24655,0.000637,172.217.24.0-255,2543,48817,15,156688
24656,0.000639,172.31.36.0-255,66,48883,15,156688
24657,0.000788,172.217.24.0-255,1484,50367,15,156688
24658,0.000796,172.217.24.0-255,2902,53269,15,156688
24659,0.000799,172.31.36.0-255,66,53335,15,156688
24660,0.000815,172.217.24.0-255,1484,54819,15,156688
24661,0.00084,172.217.24.0-255,4320,59139,15,156688
24662,0.000842,172.31.36.0-255,66,59205,15,156688
24663,0.000848,172.217.24.0-255,2902,62107,15,156688
24664,0.000849,172.31.36.0-255,66,62173,15,156688
24665,0.000866,172.217.24.0-255,3961,66134,15,156688
24666,0.000868,172.31.36.0-255,66,66200,15,156688
24667,0.000889,172.217.24.0-255,392,66592,15,156688
24668,0.001054,172.31.36.0-255,66,66658,15,156688
24669,0.001222,172.217.24.0-255,353,67011,15,156688
24670,0.001328,172.217.24.0-255,1484,68495,15,156688
24671,0.001334,172.31.36.0-255,66,68561,15,156688
24672,0.001341,172.217.24.0-255,2902,71463,15,156688
24673,0.001343,172.31.36.0-255,66,71529,15,156688
24674,0.001349,172.217.24.0-255,2902,74431,15,156688
24675,0.00135,172.31.36.0-255,66,74497,15,156688
24676,0.00137,172.217.24.0-255,1484,75981,15,156688
24677,0.001401,172.217.24.0-255,5738,81719,15,156688
24678,0.001404,172.31.36.0-255,66,81785,15,156688
24679,0.001423,172.217.24.0-255,2543,84328,15,156688
24680,0.001426,172.31.36.0-255,66,84394,15,156688
24681,0.001432,172.217.24.0-255,5738,90132,15,156688
24682,0.001434,172.31.36.0-255,66,90198,15,156688
24683,0.001449,172.217.24.0-255,2902,93100,15,156688
24684,0.001451,172.31.36.0-255,66,93166,15,156688
24685,0.001463,172.31.36.0-255,66,93232,15,156688
24686,0.001635,172.217.24.0-255,1484,94716,15,156688
24687,0.001642,172.217.24.0-255,2902,97618,15,156688
24688,0.001645,172.31.36.0-255,66,97684,15,156688
24689,0.001664,172.217.24.0-255,4320,102004,15,156688
24690,0.001666,172.31.36.0-255,66,102070,15,156688
24691,0.001682,172.217.24.0-255,4320,106390,15,156688
24692,0.001684,172.31.36.0-255,66,106456,15,156688
24693,0.001704,172.217.24.0-255,4320,110776,15,156688
24694,0.001707,172.31.36.0-255,66,110842,15,156688
24695,0.00172,172.31.36.0-255,66,110908,15,156688
24696,0.00174,172.217.24.0-255,1484,112392,15,156688
24697,0.001754,172.217.24.0-255,5738,118130,15,156688
24698,0.001758,172.31.36.0-255,66,118196,15,156688
24699,0.001781,172.217.24.0-255,6438,124634,15,156688
24700,0.001784,172.31.36.0-255,66,124700,15,156688
24701,0.001822,172.217.24.0-255,7156,131856,15,156688
24702,0.001825,172.31.36.0-255,66,131922,15,156688
24703,0.001845,172.217.24.0-255,1484,133406,15,156688
24704,0.001862,172.31.36.0-255,66,133472,15,156688
24705,0.003813,172.217.24.0-255,5738,139210,15,156688
24706,0.00382,172.31.36.0-255,66,139276,15,156688
24707,0.005769,172.217.24.0-255,5738,145014,15,156688
24708,0.005772,172.31.36.0-255,66,145080,15,156688
24709,0.007735,172.217.24.0-255,5738,150818,15,156688
24710,0.007741,172.31.36.0-255,66,150884,15,156688
24711,0.009702,172.217.24.0-255,5738,156622,15,156688
24712,0.00971,172.31.36.0-255,66,156688,15,156688
24713,0.0,74.125.24.0-255,153,153,15,120514
24714,2.9e-05,172.31.36.0-255,66,219,15,120514
24715,3.5e-05,74.125.24.0-255,1484,1703,15,120514
24716,3.9e-05,172.31.36.0-255,66,1769,15,120514
24717,4.4e-05,74.125.24.0-255,2902,4671,15,120514
24718,4.6e-05,172.31.36.0-255,66,4737,15,120514
24719,6.1e-05,74.125.24.0-255,7156,11893,15,120514
24720,6.5e-05,172.31.36.0-255,66,11959,15,120514
24721,6.9e-05,74.125.24.0-255,2067,14026,15,120514
24722,7.3e-05,172.31.36.0-255,66,14092,15,120514
24723,0.000199,74.125.24.0-255,1484,15576,15,120514
24724,0.000204,172.31.36.0-255,66,15642,15,120514
24725,0.000211,74.125.24.0-255,2902,18544,15,120514
24726,0.000213,172.31.36.0-255,66,18610,15,120514
24727,0.000216,74.125.24.0-255,1484,20094,15,120514
24728,0.000224,172.31.36.0-255,66,20160,15,120514
24729,0.00024,74.125.24.0-255,4320,24480,15,120514
24730,0.000246,172.31.36.0-255,66,24546,15,120514
24731,0.000286,172.31.36.0-255,66,24612,15,120514
24732,0.000298,172.31.36.0-255,66,24678,15,120514
24733,0.000321,74.125.24.0-255,1125,25803,15,120514
24734,0.000324,172.31.36.0-255,66,25869,15,120514
24735,0.00058,74.125.24.0-255,1484,27353,15,120514
24736,0.000584,172.31.36.0-255,66,27419,15,120514
24737,0.00059,74.125.24.0-255,2902,30321,15,120514
24738,0.000593,172.31.36.0-255,66,30387,15,120514
24739,0.000598,74.125.24.0-255,2902,33289,15,120514
24740,0.000606,172.31.36.0-255,66,33355,15,120514
24741,0.000633,74.125.24.0-255,2902,36257,15,120514
24742,0.000636,172.31.36.0-255,66,36323,15,120514
24743,0.000665,74.125.24.0-255,6797,43120,15,120514
24744,0.000668,172.31.36.0-255,66,43186,15,120514
24745,0.000693,74.125.24.0-255,677,43863,15,120514
24746,0.00077,74.125.24.0-255,1484,45347,15,120514
24747,0.000774,172.31.36.0-255,66,45413,15,120514
24748,0.000779,74.125.24.0-255,2902,48315,15,120514
24749,0.000782,172.31.36.0-255,66,48381,15,120514
24750,0.000787,74.125.24.0-255,4320,52701,15,120514
24751,0.000796,172.31.36.0-255,66,52767,15,120514
24752,0.000816,74.125.24.0-255,1484,54251,15,120514
24753,0.000844,74.125.24.0-255,6797,61048,15,120514
24754,0.000848,172.31.36.0-255,66,61114,15,120514
24755,0.000899,74.125.24.0-255,7156,68270,15,120514
24756,0.000902,172.31.36.0-255,66,68336,15,120514
24757,0.000914,172.31.36.0-255,66,68402,15,120514
24758,0.001472,74.125.24.0-255,1484,69886,15,120514
24759,0.001482,74.125.24.0-255,2902,72788,15,120514
24760,0.001486,172.31.36.0-255,66,72854,15,120514
24761,0.001496,74.125.24.0-255,5738,78592,15,120514
24762,0.001497,172.31.36.0-255,66,78658,15,120514
24763,0.001512,74.125.24.0-255,4320,82978,15,120514
24764,0.001514,172.31.36.0-255,66,83044,15,120514
24765,0.00154,74.125.24.0-255,5738,88782,15,120514
24766,0.001543,172.31.36.0-255,66,88848,15,120514
24767,0.001567,74.125.24.0-255,5738,94586,15,120514
24768,0.001571,172.31.36.0-255,66,94652,15,120514
24769,0.001577,74.125.24.0-255,5738,100390,15,120514
24770,0.001579,172.31.36.0-255,66,100456,15,120514
24771,0.001609,74.125.24.0-255,2184,102640,15,120514
24772,0.001613,172.31.36.0-255,66,102706,15,120514
24773,0.003948,74.125.24.0-255,2902,105608,15,120514
24774,0.003952,172.31.36.0-255,66,105674,15,120514
24775,0.003979,74.125.24.0-255,2902,108576,15,120514
24776,0.003981,172.31.36.0-255,66,108642,15,120514
24777,0.006291,74.125.24.0-255,2902,111544,15,120514
24778,0.006295,172.31.36.0-255,66,111610,15,120514
24779,0.006357,74.125.24.0-255,2902,114512,15,120514
24780,0.00636,172.31.36.0-255,66,114578,15,120514
24781,0.008642,74.125.24.0-255,2902,117480,15,120514
24782,0.008649,172.31.36.0-255,66,117546,15,120514
24783,0.008678,74.125.24.0-255,2902,120448,15,120514
24784,0.008681,172.31.36.0-255,66,120514,15,120514
24785,0.0,172.217.194.0-255,153,153,15,130603
24786,1.6e-05,172.31.36.0-255,66,219,15,130603
24787,2.2e-05,172.217.194.0-255,1484,1703,15,130603
24788,2.5e-05,172.31.36.0-255,66,1769,15,130603
24789,3e-05,172.217.194.0-255,2902,4671,15,130603
24790,3.3e-05,172.31.36.0-255,66,4737,15,130603
24791,4.1e-05,172.217.194.0-255,7156,11893,15,130603
24792,4.3e-05,172.31.36.0-255,66,11959,15,130603
24793,6.8e-05,172.217.194.0-255,2066,14025,15,130603
24794,7e-05,172.31.36.0-255,66,14091,15,130603
24795,7.5e-05,172.217.194.0-255,2902,16993,15,130603
24796,7.7e-05,172.31.36.0-255,66,17059,15,130603
24797,9.3e-05,172.217.194.0-255,7156,24215,15,130603
24798,9.5e-05,172.31.36.0-255,66,24281,15,130603
24799,9.8e-05,172.217.194.0-255,1484,25765,15,130603
24800,0.0001,172.31.36.0-255,66,25831,15,130603
24801,0.000124,172.217.194.0-255,5379,31210,15,130603
24802,0.000127,172.31.36.0-255,66,31276,15,130603
24803,0.000204,172.217.194.0-255,1484,32760,15,130603
24804,0.000208,172.31.36.0-255,66,32826,15,130603
24805,0.000213,172.217.194.0-255,2902,35728,15,130603
24806,0.000214,172.31.36.0-255,66,35794,15,130603
24807,0.000219,172.217.194.0-255,4320,40114,15,130603
24808,0.000221,172.31.36.0-255,66,40180,15,130603
24809,0.000241,172.217.194.0-255,1484,41664,15,130603
24810,0.000243,172.31.36.0-255,66,41730,15,130603
24811,0.000262,172.217.194.0-255,6797,48527,15,130603
24812,0.000264,172.31.36.0-255,66,48593,15,130603
24813,0.000296,172.217.194.0-255,7156,55749,15,130603
24814,0.000298,172.31.36.0-255,66,55815,15,130603
24815,0.000317,172.217.194.0-255,4320,60135,15,130603
24816,0.00032,172.31.36.0-255,66,60201,15,130603
24817,0.000335,172.217.194.0-255,5655,65856,15,130603
24818,0.000338,172.31.36.0-255,66,65922,15,130603
24819,0.000342,172.217.194.0-255,118,66040,15,130603
24820,0.000405,172.217.194.0-255,381,66421,15,130603
24821,0.000824,172.217.194.0-255,1484,67905,15,130603
24822,0.000829,172.217.194.0-255,2902,70807,15,130603
24823,0.00084,172.31.36.0-255,66,70873,15,130603
24824,0.000844,172.31.36.0-255,66,70939,15,130603
24825,0.00086,172.217.194.0-255,2902,73841,15,130603
24826,0.000863,172.31.36.0-255,66,73907,15,130603
24827,0.000877,172.217.194.0-255,4320,78227,15,130603
24828,0.000879,172.31.36.0-255,66,78293,15,130603
24829,0.000904,172.217.194.0-255,2902,81195,15,130603
24830,0.000906,172.31.36.0-255,66,81261,15,130603
24831,0.00092,172.31.36.0-255,66,81327,15,130603
24832,0.000925,172.217.194.0-255,3602,84929,15,130603
24833,0.000927,172.31.36.0-255,66,84995,15,130603
24834,0.001228,172.217.194.0-255,1484,86479,15,130603
24835,0.001243,172.217.194.0-255,2902,89381,15,130603
24836,0.001247,172.31.36.0-255,66,89447,15,130603
24837,0.001274,172.217.194.0-255,4320,93767,15,130603
24838,0.001276,172.31.36.0-255,66,93833,15,130603
24839,0.001293,172.217.194.0-255,1484,95317,15,130603
24840,0.001305,172.31.36.0-255,66,95383,15,130603
24841,0.001336,172.217.194.0-255,2902,98285,15,130603
24842,0.001338,172.31.36.0-255,66,98351,15,130603
24843,0.00136,172.31.36.0-255,66,98417,15,130603
24844,0.002366,172.217.194.0-255,1484,99901,15,130603
24845,0.002377,172.217.194.0-255,2902,102803,15,130603
24846,0.002381,172.31.36.0-255,66,102869,15,130603
24847,0.002389,172.217.194.0-255,5738,108607,15,130603
24848,0.002391,172.31.36.0-255,66,108673,15,130603
24849,0.002401,172.31.36.0-255,66,108739,15,130603
24850,0.002424,172.217.194.0-255,4320,113059,15,130603
24851,0.002426,172.31.36.0-255,66,113125,15,130603
24852,0.002458,172.31.36.0-255,66,113191,15,130603
24853,0.004853,172.217.194.0-255,5738,118929,15,130603
24854,0.004857,172.31.36.0-255,66,118995,15,130603
24855,0.007248,172.217.194.0-255,5738,124733,15,130603
24856,0.007255,172.31.36.0-255,66,124799,15,130603
24857,0.009649,172.217.194.0-255,5738,130537,15,130603
24858,0.009656,172.31.36.0-255,66,130603,15,130603
24859,0.0,172.217.194.0-255,153,153,15,169136
24860,2.2e-05,172.31.36.0-255,66,219,15,169136
24861,2.9e-05,172.217.194.0-255,1484,1703,15,169136
24862,3.4e-05,172.31.36.0-255,66,1769,15,169136
24863,4e-05,172.217.194.0-255,2902,4671,15,169136
24864,4.3e-05,172.31.36.0-255,66,4737,15,169136
24865,5.1e-05,172.217.194.0-255,5738,10475,15,169136
24866,6.3e-05,172.31.36.0-255,66,10541,15,169136
24867,8e-05,172.31.36.0-255,66,10607,15,169136
24868,8.7e-05,172.217.194.0-255,6797,17404,15,169136
24869,9.1e-05,172.31.36.0-255,66,17470,15,169136
24870,0.000116,172.217.194.0-255,1484,18954,15,169136
24871,0.000119,172.31.36.0-255,66,19020,15,169136
24872,0.000125,172.217.194.0-255,2902,21922,15,169136
24873,0.000127,172.31.36.0-255,66,21988,15,169136
24874,0.000135,172.217.194.0-255,5738,27726,15,169136
24875,0.000137,172.31.36.0-255,66,27792,15,169136
24876,0.000142,172.217.194.0-255,2902,30694,15,169136
24877,0.000143,172.31.36.0-255,66,30760,15,169136
24878,0.000169,172.31.36.0-255,66,30826,15,169136
24879,0.000175,172.217.194.0-255,5738,36564,15,169136
24880,0.000178,172.31.36.0-255,66,36630,15,169136
24881,0.000215,172.217.194.0-255,2902,39532,15,169136
24882,0.000217,172.31.36.0-255,66,39598,15,169136
24883,0.000236,172.217.194.0-255,2827,42425,15,169136
24884,0.000238,172.31.36.0-255,66,42491,15,169136
24885,0.000309,172.217.194.0-255,1484,43975,15,169136
24886,0.000312,172.31.36.0-255,66,44041,15,169136
24887,0.000318,172.217.194.0-255,2902,46943,15,169136
24888,0.000321,172.31.36.0-255,66,47009,15,169136
24889,0.000325,172.217.194.0-255,2902,49911,15,169136
24890,0.000328,172.31.36.0-255,66,49977,15,169136
24891,0.000351,172.217.194.0-255,2902,52879,15,169136
24892,0.000353,172.31.36.0-255,66,52945,15,169136
24893,0.000375,172.217.194.0-255,7156,60101,15,169136
24894,0.000378,172.31.36.0-255,66,60167,15,169136
24895,0.000393,172.217.194.0-255,2902,63069,15,169136
24896,0.000396,172.31.36.0-255,66,63135,15,169136
24897,0.000409,172.31.36.0-255,66,63201,15,169136
24898,0.000413,172.217.194.0-255,2184,65385,15,169136
24899,0.000416,172.31.36.0-255,66,65451,15,169136
24900,0.000465,172.217.194.0-255,1484,66935,15,169136
24901,0.000471,172.217.194.0-255,2902,69837,15,169136
24902,0.000474,172.31.36.0-255,66,69903,15,169136
24903,0.000478,172.217.194.0-255,1484,71387,15,169136
24904,0.000495,172.217.194.0-255,4320,75707,15,169136
24905,0.000498,172.31.36.0-255,66,75773,15,169136
24906,0.000502,172.217.194.0-255,1484,77257,15,169136
24907,0.000532,172.31.36.0-255,66,77323,15,169136
24908,0.000544,172.31.36.0-255,66,77389,15,169136
24909,0.000581,172.31.36.0-255,66,77455,15,169136
24910,0.000609,172.31.36.0-255,66,77521,15,169136
24911,0.000686,172.31.36.0-255,66,77587,15,169136
24912,0.000707,172.217.194.0-255,6438,84025,15,169136
24913,0.00071,172.31.36.0-255,66,84091,15,169136
24914,0.000714,172.217.194.0-255,1484,85575,15,169136
24915,0.000719,172.217.194.0-255,2902,88477,15,169136
24916,0.000721,172.31.36.0-255,66,88543,15,169136
24917,0.000727,172.217.194.0-255,5738,94281,15,169136
24918,0.000729,172.31.36.0-255,66,94347,15,169136
24919,0.000739,172.31.36.0-255,66,94413,15,169136
24920,0.000751,172.31.36.0-255,66,94479,15,169136
24921,0.000781,172.217.194.0-255,5020,99499,15,169136
24922,0.000784,172.31.36.0-255,66,99565,15,169136
24923,0.00082,172.217.194.0-255,1484,101049,15,169136
24924,0.000854,172.217.194.0-255,2902,103951,15,169136
24925,0.000857,172.31.36.0-255,66,104017,15,169136
24926,0.000874,172.217.194.0-255,5738,109755,15,169136
24927,0.000877,172.31.36.0-255,66,109821,15,169136
24928,0.000901,172.217.194.0-255,7156,116977,15,169136
24929,0.000904,172.31.36.0-255,66,117043,15,169136
24930,0.000917,172.217.194.0-255,1484,118527,15,169136
24931,0.000943,172.31.36.0-255,66,118593,15,169136
24932,0.000946,172.217.194.0-255,1484,120077,15,169136
24933,0.000949,172.217.194.0-255,766,120843,15,169136
24934,0.000951,172.31.36.0-255,66,120909,15,169136
24935,0.001125,172.217.194.0-255,1484,122393,15,169136
24936,0.001129,172.217.194.0-255,1484,123877,15,169136
24937,0.001132,172.31.36.0-255,66,123943,15,169136
24938,0.001152,172.217.194.0-255,1484,125427,15,169136
24939,0.001158,172.217.194.0-255,5738,131165,15,169136
24940,0.001161,172.31.36.0-255,66,131231,15,169136
24941,0.001164,172.217.194.0-255,1484,132715,15,169136
24942,0.00118,172.217.194.0-255,4320,137035,15,169136
24943,0.001182,172.31.36.0-255,66,137101,15,169136
24944,0.001222,172.31.36.0-255,66,137167,15,169136
24945,0.001237,172.217.194.0-255,2902,140069,15,169136
24946,0.001239,172.31.36.0-255,66,140135,15,169136
24947,0.001246,172.217.194.0-255,5020,145155,15,169136
24948,0.001248,172.31.36.0-255,66,145221,15,169136
24949,0.001267,172.217.194.0-255,1484,146705,15,169136
24950,0.001272,172.217.194.0-255,2902,149607,15,169136
24951,0.001275,172.31.36.0-255,66,149673,15,169136
24952,0.001286,172.217.194.0-255,1484,151157,15,169136
24953,0.001304,172.217.194.0-255,4320,155477,15,169136
24954,0.001307,172.31.36.0-255,66,155543,15,169136
24955,0.00131,172.217.194.0-255,1484,157027,15,169136
24956,0.001347,172.31.36.0-255,66,157093,15,169136
24957,0.001359,172.31.36.0-255,66,157159,15,169136
24958,0.001406,172.31.36.0-255,66,157225,15,169136
24959,0.001437,172.217.194.0-255,5738,162963,15,169136
24960,0.00144,172.31.36.0-255,66,163029,15,169136
24961,0.001453,172.31.36.0-255,66,163095,15,169136
24962,0.001492,172.217.194.0-255,5738,168833,15,169136
24963,0.001495,172.31.36.0-255,66,168899,15,169136
24964,0.001572,172.31.36.0-255,66,168965,15,169136
24965,0.001589,172.31.36.0-255,66,169031,15,169136
24966,0.001592,172.217.194.0-255,105,169136,15,169136
24967,0.0,172.217.194.0-255,146,146,15,151397
24968,2.8e-05,172.31.36.0-255,66,212,15,151397
24969,3.5e-05,172.217.194.0-255,1484,1696,15,151397
24970,4e-05,172.31.36.0-255,66,1762,15,151397
24971,4.5e-05,172.217.194.0-255,2902,4664,15,151397
24972,4.8e-05,172.31.36.0-255,66,4730,15,151397
24973,5.5e-05,172.217.194.0-255,5738,10468,15,151397
24974,5.7e-05,172.31.36.0-255,66,10534,15,151397
24975,8.4e-05,172.217.194.0-255,1484,12018,15,151397
24976,8.7e-05,172.31.36.0-255,66,12084,15,151397
24977,0.000104,172.217.194.0-255,2107,14191,15,151397
24978,0.000107,172.31.36.0-255,66,14257,15,151397
24979,0.000277,172.217.194.0-255,1484,15741,15,151397
24980,0.000283,172.31.36.0-255,66,15807,15,151397
24981,0.000288,172.217.194.0-255,2902,18709,15,151397
24982,0.000291,172.31.36.0-255,66,18775,15,151397
24983,0.000294,172.217.194.0-255,1484,20259,15,151397
24984,0.000296,172.31.36.0-255,66,20325,15,151397
24985,0.000313,172.217.194.0-255,4320,24645,15,151397
24986,0.000316,172.31.36.0-255,66,24711,15,151397
24987,0.000337,172.217.194.0-255,1484,26195,15,151397
24988,0.000341,172.31.36.0-255,66,26261,15,151397
24989,0.000356,172.217.194.0-255,5379,31640,15,151397
24990,0.000359,172.31.36.0-255,66,31706,15,151397
24991,0.000402,172.217.194.0-255,1484,33190,15,151397
24992,0.000405,172.31.36.0-255,66,33256,15,151397
24993,0.000422,172.217.194.0-255,5738,38994,15,151397
24994,0.000425,172.31.36.0-255,66,39060,15,151397
24995,0.000428,172.217.194.0-255,1484,40544,15,151397
24996,0.000433,172.31.36.0-255,66,40610,15,151397
24997,0.000454,172.217.194.0-255,7156,47766,15,151397
24998,0.000457,172.31.36.0-255,66,47832,15,151397
24999,0.00046,172.217.194.0-255,1125,48957,15,151397
25000,0.000499,172.217.194.0-255,1484,50441,15,151397
25001,0.000503,172.31.36.0-255,66,50507,15,151397
25002,0.000511,172.217.194.0-255,2902,53409,15,151397
25003,0.000514,172.31.36.0-255,66,53475,15,151397
25004,0.000543,172.217.194.0-255,4320,57795,15,151397
25005,0.000546,172.31.36.0-255,66,57861,15,151397
25006,0.000553,172.217.194.0-255,5738,63599,15,151397
25007,0.000556,172.31.36.0-255,66,63665,15,151397
25008,0.000598,172.217.194.0-255,2795,66460,15,151397
25009,0.000602,172.31.36.0-255,66,66526,15,151397
25010,0.000619,172.217.194.0-255,404,66930,15,151397
25011,0.000653,172.217.194.0-255,1484,68414,15,151397
25012,0.000657,172.31.36.0-255,66,68480,15,151397
25013,0.00068,172.217.194.0-255,4320,72800,15,151397
25014,0.000683,172.31.36.0-255,66,72866,15,151397
25015,0.000687,172.217.194.0-255,2902,75768,15,151397
25016,0.000689,172.31.36.0-255,66,75834,15,151397
25017,0.000739,172.31.36.0-255,66,75900,15,151397
25018,0.000812,172.217.194.0-255,1484,77384,15,151397
25019,0.000815,172.217.194.0-255,1484,78868,15,151397
25020,0.000818,172.31.36.0-255,66,78934,15,151397
25021,0.00083,172.217.194.0-255,1484,80418,15,151397
25022,0.000836,172.217.194.0-255,4320,84738,15,151397
25023,0.000838,172.31.36.0-255,66,84804,15,151397
25024,0.000858,172.217.194.0-255,1484,86288,15,151397
25025,0.000887,172.217.194.0-255,4320,90608,15,151397
25026,0.000891,172.31.36.0-255,66,90674,15,151397
25027,0.0009,172.217.194.0-255,2543,93217,15,151397
25028,0.000902,172.31.36.0-255,66,93283,15,151397
25029,0.001299,172.217.194.0-255,1484,94767,15,151397
25030,0.00131,172.217.194.0-255,2902,97669,15,151397
25031,0.001315,172.31.36.0-255,66,97735,15,151397
25032,0.001321,172.217.194.0-255,2902,100637,15,151397
25033,0.001323,172.31.36.0-255,66,100703,15,151397
25034,0.001338,172.217.194.0-255,2902,103605,15,151397
25035,0.00134,172.31.36.0-255,66,103671,15,151397
25036,0.001345,172.217.194.0-255,2902,106573,15,151397
25037,0.001346,172.31.36.0-255,66,106639,15,151397
25038,0.001371,172.217.194.0-255,5738,112377,15,151397
25039,0.001374,172.31.36.0-255,66,112443,15,151397
25040,0.001406,172.217.194.0-255,4320,116763,15,151397
25041,0.001409,172.31.36.0-255,66,116829,15,151397
25042,0.001448,172.31.36.0-255,66,116895,15,151397
25043,0.002489,172.217.194.0-255,1484,118379,15,151397
25044,0.002497,172.217.194.0-255,2902,121281,15,151397
25045,0.002501,172.31.36.0-255,66,121347,15,151397
25046,0.002513,172.217.194.0-255,1484,122831,15,151397
25047,0.002528,172.217.194.0-255,4320,127151,15,151397
25048,0.00253,172.31.36.0-255,66,127217,15,151397
25049,0.00256,172.217.194.0-255,2902,130119,15,151397
25050,0.002563,172.31.36.0-255,66,130185,15,151397
25051,0.002583,172.31.36.0-255,66,130251,15,151397
25052,0.002589,172.217.194.0-255,5738,135989,15,151397
25053,0.002591,172.31.36.0-255,66,136055,15,151397
25054,0.002597,172.217.194.0-255,5020,141075,15,151397
25055,0.002601,172.31.36.0-255,66,141141,15,151397
25056,0.005134,172.217.194.0-255,4320,145461,15,151397
25057,0.005138,172.31.36.0-255,66,145527,15,151397
25058,0.005155,172.217.194.0-255,1484,147011,15,151397
25059,0.00772,172.217.194.0-255,4320,151331,15,151397
25060,0.007726,172.31.36.0-255,66,151397,15,151397
25061,0.0,172.253.118.0-255,150,150,15,163113
25062,1.4e-05,172.31.36.0-255,66,216,15,163113
25063,4.7e-05,172.253.118.0-255,1484,1700,15,163113
25064,5.2e-05,172.31.36.0-255,66,1766,15,163113
25065,5.8e-05,172.253.118.0-255,2902,4668,15,163113
25066,6.1e-05,172.31.36.0-255,66,4734,15,163113
25067,8.7e-05,172.253.118.0-255,7156,11890,15,163113
25068,9e-05,172.31.36.0-255,66,11956,15,163113
25069,9.5e-05,172.253.118.0-255,2065,14021,15,163113
25070,9.7e-05,172.31.36.0-255,66,14087,15,163113
25071,0.000178,172.253.118.0-255,1484,15571,15,163113
25072,0.000181,172.31.36.0-255,66,15637,15,163113
25073,0.000185,172.253.118.0-255,1484,17121,15,163113
25074,0.000187,172.31.36.0-255,66,17187,15,163113
25075,0.000222,172.253.118.0-255,1484,18671,15,163113
25076,0.000224,172.31.36.0-255,66,18737,15,163113
25077,0.000232,172.253.118.0-255,5738,24475,15,163113
25078,0.000235,172.31.36.0-255,66,24541,15,163113
25079,0.000243,172.253.118.0-255,6797,31338,15,163113
25080,0.000246,172.31.36.0-255,66,31404,15,163113
25081,0.00025,172.253.118.0-255,2902,34306,15,163113
25082,0.000252,172.31.36.0-255,66,34372,15,163113
25083,0.000282,172.253.118.0-255,4320,38692,15,163113
25084,0.000285,172.31.36.0-255,66,38758,15,163113
25085,0.000292,172.253.118.0-255,7156,45914,15,163113
25086,0.000295,172.31.36.0-255,66,45980,15,163113
25087,0.000316,172.253.118.0-255,2543,48523,15,163113
25088,0.000318,172.31.36.0-255,66,48589,15,163113
25089,0.000322,172.253.118.0-255,1484,50073,15,163113
25090,0.000325,172.31.36.0-255,66,50139,15,163113
25091,0.000353,172.253.118.0-255,2902,53041,15,163113
25092,0.000355,172.31.36.0-255,66,53107,15,163113
25093,0.000362,172.253.118.0-255,5738,58845,15,163113
25094,0.000364,172.31.36.0-255,66,58911,15,163113
25095,0.000385,172.253.118.0-255,1484,60395,15,163113
25096,0.000412,172.253.118.0-255,5713,66108,15,163113
25097,0.000414,172.31.36.0-255,66,66174,15,163113
25098,0.000417,172.253.118.0-255,373,66547,15,163113
25099,0.000705,172.253.118.0-255,1484,68031,15,163113
25100,0.00071,172.31.36.0-255,66,68097,15,163113
25101,0.000716,172.253.118.0-255,2902,70999,15,163113
25102,0.000719,172.31.36.0-255,66,71065,15,163113
25103,0.000727,172.253.118.0-255,1484,72549,15,163113
25104,0.000732,172.253.118.0-255,4320,76869,15,163113
25105,0.000735,172.31.36.0-255,66,76935,15,163113
25106,0.000763,172.253.118.0-255,1484,78419,15,163113
25107,0.000776,172.31.36.0-255,66,78485,15,163113
25108,0.000807,172.253.118.0-255,2902,81387,15,163113
25109,0.00085,172.31.36.0-255,66,81453,15,163113
25110,0.000857,172.31.36.0-255,66,81519,15,163113
25111,0.001083,172.253.118.0-255,1484,83003,15,163113
25112,0.00109,172.253.118.0-255,2902,85905,15,163113
25113,0.001093,172.31.36.0-255,66,85971,15,163113
25114,0.001122,172.253.118.0-255,5738,91709,15,163113
25115,0.001124,172.31.36.0-255,66,91775,15,163113
25116,0.00113,172.253.118.0-255,4320,96095,15,163113
25117,0.001133,172.31.36.0-255,66,96161,15,163113
25118,0.00117,172.31.36.0-255,66,96227,15,163113
25119,0.001182,172.31.36.0-255,66,96293,15,163113
25120,0.001743,172.253.118.0-255,1484,97777,15,163113
25121,0.001749,172.253.118.0-255,2902,100679,15,163113
25122,0.001761,172.31.36.0-255,66,100745,15,163113
25123,0.001782,172.253.118.0-255,5738,106483,15,163113
25124,0.001785,172.31.36.0-255,66,106549,15,163113
25125,0.001789,172.253.118.0-255,1484,108033,15,163113
25126,0.001822,172.31.36.0-255,66,108099,15,163113
25127,0.00183,172.253.118.0-255,7156,115255,15,163113
25128,0.001832,172.31.36.0-255,66,115321,15,163113
25129,0.001852,172.253.118.0-255,1484,116805,15,163113
25130,0.001875,172.253.118.0-255,2184,118989,15,163113
25131,0.001878,172.31.36.0-255,66,119055,15,163113
25132,0.002111,172.253.118.0-255,1484,120539,15,163113
25133,0.002118,172.253.118.0-255,2902,123441,15,163113
25134,0.00212,172.31.36.0-255,66,123507,15,163113
25135,0.002127,172.253.118.0-255,4320,127827,15,163113
25136,0.00213,172.31.36.0-255,66,127893,15,163113
25137,0.002163,172.253.118.0-255,1484,129377,15,163113
25138,0.002177,172.31.36.0-255,66,129443,15,163113
25139,0.002185,172.253.118.0-255,7156,136599,15,163113
25140,0.002187,172.31.36.0-255,66,136665,15,163113
25141,0.002229,172.253.118.0-255,7156,143821,15,163113
25142,0.002231,172.31.36.0-255,66,143887,15,163113
25143,0.002276,172.31.36.0-255,66,143953,15,163113
25144,0.002279,172.253.118.0-255,1484,145437,15,163113
25145,0.002282,172.253.118.0-255,1484,146921,15,163113
25146,0.002284,172.31.36.0-255,66,146987,15,163113
25147,0.002327,172.31.36.0-255,66,147053,15,163113
25148,0.004634,172.253.118.0-255,5738,152791,15,163113
25149,0.004641,172.31.36.0-255,66,152857,15,163113
25150,0.006928,172.253.118.0-255,4320,157177,15,163113
25151,0.006932,172.31.36.0-255,66,157243,15,163113
25152,0.006956,172.253.118.0-255,1484,158727,15,163113
25153,0.009222,172.253.118.0-255,4320,163047,15,163113
25154,0.009229,172.31.36.0-255,66,163113,15,163113
25155,0.0,172.217.194.0-255,153,153,15,145453
25156,2.7e-05,172.31.36.0-255,66,219,15,145453
25157,3.5e-05,172.217.194.0-255,1484,1703,15,145453
25158,3.9e-05,172.31.36.0-255,66,1769,15,145453
25159,4.4e-05,172.217.194.0-255,2902,4671,15,145453
25160,4.6e-05,172.31.36.0-255,66,4737,15,145453
25161,6.1e-05,172.217.194.0-255,7156,11893,15,145453
25162,6.4e-05,172.31.36.0-255,66,11959,15,145453
25163,6.8e-05,172.217.194.0-255,2039,13998,15,145453
25164,7.1e-05,172.31.36.0-255,66,14064,15,145453
25165,0.000104,172.31.36.0-255,66,14130,15,145453
25166,0.000131,172.217.194.0-255,2902,17032,15,145453
25167,0.000133,172.31.36.0-255,66,17098,15,145453
25168,0.000136,172.217.194.0-255,1484,18582,15,145453
25169,0.000139,172.31.36.0-255,66,18648,15,145453
25170,0.000169,172.31.36.0-255,66,18714,15,145453
25171,0.000186,172.31.36.0-255,66,18780,15,145453
25172,0.00019,172.217.194.0-255,2543,21323,15,145453
25173,0.000197,172.31.36.0-255,66,21389,15,145453
25174,0.000221,172.217.194.0-255,2902,24291,15,145453
25175,0.000224,172.31.36.0-255,66,24357,15,145453
25176,0.000233,172.217.194.0-255,7156,31513,15,145453
25177,0.000237,172.217.194.0-255,1484,32997,15,145453
25178,0.000242,172.31.36.0-255,66,33063,15,145453
25179,0.000245,172.31.36.0-255,66,33129,15,145453
25180,0.000266,172.217.194.0-255,5379,38508,15,145453
25181,0.00027,172.31.36.0-255,66,38574,15,145453
25182,0.000832,172.217.194.0-255,648,39222,15,145453
25183,0.000836,172.31.36.0-255,66,39288,15,145453
25184,0.000985,172.217.194.0-255,1484,40772,15,145453
25185,0.000993,172.217.194.0-255,2902,43674,15,145453
25186,0.000997,172.31.36.0-255,66,43740,15,145453
25187,0.001004,172.217.194.0-255,5738,49478,15,145453
25188,0.001006,172.31.36.0-255,66,49544,15,145453
25189,0.001049,172.31.36.0-255,66,49610,15,145453
25190,0.001054,172.217.194.0-255,1484,51094,15,145453
25191,0.001089,172.31.36.0-255,66,51160,15,145453
25192,0.001168,172.217.194.0-255,1484,52644,15,145453
25193,0.001174,172.217.194.0-255,2902,55546,15,145453
25194,0.001176,172.31.36.0-255,66,55612,15,145453
25195,0.001182,172.217.194.0-255,2902,58514,15,145453
25196,0.001184,172.31.36.0-255,66,58580,15,145453
25197,0.001204,172.217.194.0-255,2902,61482,15,145453
25198,0.001208,172.31.36.0-255,66,61548,15,145453
25199,0.001222,172.31.36.0-255,66,61614,15,145453
25200,0.001284,172.31.36.0-255,66,61680,15,145453
25201,0.001533,172.217.194.0-255,1484,63164,15,145453
25202,0.001548,172.217.194.0-255,2902,66066,15,145453
25203,0.001552,172.31.36.0-255,66,66132,15,145453
25204,0.001559,172.217.194.0-255,5738,71870,15,145453
25205,0.001561,172.31.36.0-255,66,71936,15,145453
25206,0.001597,172.31.36.0-255,66,72002,15,145453
25207,0.001602,172.217.194.0-255,2902,74904,15,145453
25208,0.001605,172.31.36.0-255,66,74970,15,145453
25209,0.001638,172.31.36.0-255,66,75036,15,145453
25210,0.00166,172.217.194.0-255,1484,76520,15,145453
25211,0.001665,172.217.194.0-255,2902,79422,15,145453
25212,0.001667,172.31.36.0-255,66,79488,15,145453
25213,0.001673,172.217.194.0-255,4320,83808,15,145453
25214,0.001675,172.31.36.0-255,66,83874,15,145453
25215,0.001691,172.217.194.0-255,1484,85358,15,145453
25216,0.001703,172.217.194.0-255,5738,91096,15,145453
25217,0.001706,172.31.36.0-255,66,91162,15,145453
25218,0.001742,172.217.194.0-255,7156,98318,15,145453
25219,0.001746,172.31.36.0-255,66,98384,15,145453
25220,0.001749,172.217.194.0-255,1484,99868,15,145453
25221,0.001762,172.31.36.0-255,66,99934,15,145453
25222,0.001803,172.217.194.0-255,1484,101418,15,145453
25223,0.001808,172.217.194.0-255,2902,104320,15,145453
25224,0.001811,172.31.36.0-255,66,104386,15,145453
25225,0.001814,172.217.194.0-255,1484,105870,15,145453
25226,0.001845,172.217.194.0-255,4320,110190,15,145453
25227,0.001849,172.31.36.0-255,66,110256,15,145453
25228,0.001873,172.31.36.0-255,66,110322,15,145453
25229,0.001885,172.31.36.0-255,66,110388,15,145453
25230,0.001913,172.217.194.0-255,766,111154,15,145453
25231,0.00193,172.217.194.0-255,1484,112638,15,145453
25232,0.001933,172.31.36.0-255,66,112704,15,145453
25233,0.001937,172.217.194.0-255,1484,114188,15,145453
25234,0.00196,172.217.194.0-255,2902,117090,15,145453
25235,0.001963,172.31.36.0-255,66,117156,15,145453
25236,0.001975,172.31.36.0-255,66,117222,15,145453
25237,0.002014,172.31.36.0-255,66,117288,15,145453
25238,0.002062,172.217.194.0-255,4320,121608,15,145453
25239,0.002067,172.31.36.0-255,66,121674,15,145453
25240,0.003968,172.217.194.0-255,1484,123158,15,145453
25241,0.004013,172.217.194.0-255,4320,127478,15,145453
25242,0.00402,172.31.36.0-255,66,127544,15,145453
25243,0.005938,172.217.194.0-255,2902,130446,15,145453
25244,0.005941,172.31.36.0-255,66,130512,15,145453
25245,0.005958,172.217.194.0-255,2902,133414,15,145453
25246,0.005962,172.31.36.0-255,66,133480,15,145453
25247,0.007877,172.217.194.0-255,2902,136382,15,145453
25248,0.007883,172.31.36.0-255,66,136448,15,145453
25249,0.007923,172.217.194.0-255,2902,139350,15,145453
25250,0.007927,172.31.36.0-255,66,139416,15,145453
25251,0.009813,172.217.194.0-255,2902,142318,15,145453
25252,0.00982,172.31.36.0-255,66,142384,15,145453
25253,0.009872,172.217.194.0-255,2902,145286,15,145453
25254,0.009877,172.31.36.0-255,66,145352,15,145453
25255,0.009934,172.31.36.0-255,101,145453,15,145453
25256,0.0,172.217.194.0-255,146,146,15,202232
25257,3.2e-05,172.31.36.0-255,66,212,15,202232
25258,3.8e-05,172.217.194.0-255,1484,1696,15,202232
25259,4.2e-05,172.31.36.0-255,66,1762,15,202232
25260,4.7e-05,172.217.194.0-255,2902,4664,15,202232
25261,5e-05,172.31.36.0-255,66,4730,15,202232
25262,5.7e-05,172.217.194.0-255,7156,11886,15,202232
25263,6e-05,172.31.36.0-255,66,11952,15,202232
25264,6.3e-05,172.217.194.0-255,2066,14018,15,202232
25265,6.6e-05,172.31.36.0-255,66,14084,15,202232
25266,7.1e-05,172.217.194.0-255,1484,15568,15,202232
25267,7.3e-05,172.31.36.0-255,66,15634,15,202232
25268,0.000108,172.31.36.0-255,66,15700,15,202232
25269,0.000122,172.31.36.0-255,66,15766,15,202232
25270,0.00017,172.31.36.0-255,66,15832,15,202232
25271,0.000238,172.217.194.0-255,1484,17316,15,202232
25272,0.00024,172.31.36.0-255,66,17382,15,202232
25273,0.000244,172.217.194.0-255,1484,18866,15,202232
25274,0.000248,172.31.36.0-255,66,18932,15,202232
25275,0.000256,172.217.194.0-255,1484,20416,15,202232
25276,0.000258,172.31.36.0-255,66,20482,15,202232
25277,0.000264,172.217.194.0-255,5738,26220,15,202232
25278,0.000267,172.31.36.0-255,66,26286,15,202232
25279,0.000306,172.217.194.0-255,2902,29188,15,202232
25280,0.00031,172.31.36.0-255,66,29254,15,202232
25281,0.000327,172.217.194.0-255,4249,33503,15,202232
25282,0.000329,172.217.194.0-255,366,33869,15,202232
25283,0.000331,172.31.36.0-255,66,33935,15,202232
25284,0.000334,172.31.36.0-255,66,34001,15,202232
25285,0.00037,172.217.194.0-255,1484,35485,15,202232
25286,0.000374,172.217.194.0-255,1484,36969,15,202232
25287,0.000377,172.31.36.0-255,66,37035,15,202232
25288,0.000395,172.217.194.0-255,2902,39937,15,202232
25289,0.000399,172.217.194.0-255,2902,42839,15,202232
25290,0.000399,172.31.36.0-255,66,42905,15,202232
25291,0.000402,172.31.36.0-255,66,42971,15,202232
25292,0.000429,172.217.194.0-255,7156,50127,15,202232
25293,0.000432,172.31.36.0-255,66,50193,15,202232
25294,0.00045,172.217.194.0-255,7156,57349,15,202232
25295,0.000453,172.31.36.0-255,66,57415,15,202232
25296,0.000479,172.217.194.0-255,3961,61376,15,202232
25297,0.000482,172.31.36.0-255,66,61442,15,202232
25298,0.00049,172.217.194.0-255,6249,67691,15,202232
25299,0.000494,172.31.36.0-255,66,67757,15,202232
25300,0.00055,172.217.194.0-255,1484,69241,15,202232
25301,0.000555,172.217.194.0-255,2902,72143,15,202232
25302,0.000559,172.31.36.0-255,66,72209,15,202232
25303,0.000561,172.217.194.0-255,1484,73693,15,202232
25304,0.00058,172.217.194.0-255,4320,78013,15,202232
25305,0.000583,172.31.36.0-255,66,78079,15,202232
25306,0.000633,172.217.194.0-255,7156,85235,15,202232
25307,0.000637,172.31.36.0-255,66,85301,15,202232
25308,0.000654,172.217.194.0-255,5738,91039,15,202232
25309,0.000658,172.31.36.0-255,66,91105,15,202232
25310,0.00067,172.31.36.0-255,66,91171,15,202232
25311,0.000839,172.217.194.0-255,1484,92655,15,202232
25312,0.000859,172.217.194.0-255,2902,95557,15,202232
25313,0.000863,172.31.36.0-255,66,95623,15,202232
25314,0.000871,172.217.194.0-255,5738,101361,15,202232
25315,0.000873,172.31.36.0-255,66,101427,15,202232
25316,0.000908,172.31.36.0-255,66,101493,15,202232
25317,0.00093,172.217.194.0-255,1484,102977,15,202232
25318,0.000954,172.31.36.0-255,66,103043,15,202232
25319,0.000985,172.31.36.0-255,66,103109,15,202232
25320,0.000992,172.217.194.0-255,7156,110265,15,202232
25321,0.000994,172.31.36.0-255,66,110331,15,202232
25322,0.001039,172.31.36.0-255,66,110397,15,202232
25323,0.001043,172.217.194.0-255,2184,112581,15,202232
25324,0.001046,172.31.36.0-255,66,112647,15,202232
25325,0.001283,172.217.194.0-255,1484,114131,15,202232
25326,0.001299,172.217.194.0-255,2902,117033,15,202232
25327,0.001303,172.31.36.0-255,66,117099,15,202232
25328,0.00131,172.217.194.0-255,5738,122837,15,202232
25329,0.001312,172.31.36.0-255,66,122903,15,202232
25330,0.001344,172.217.194.0-255,7156,130059,15,202232
25331,0.001347,172.31.36.0-255,66,130125,15,202232
25332,0.001367,172.217.194.0-255,5738,135863,15,202232
25333,0.00137,172.31.36.0-255,66,135929,15,202232
25334,0.001396,172.31.36.0-255,66,135995,15,202232
25335,0.001428,172.217.194.0-255,1484,137479,15,202232
25336,0.001432,172.217.194.0-255,1484,138963,15,202232
25337,0.001434,172.31.36.0-255,66,139029,15,202232
25338,0.001454,172.217.194.0-255,1484,140513,15,202232
25339,0.00146,172.217.194.0-255,5738,146251,15,202232
25340,0.001463,172.31.36.0-255,66,146317,15,202232
25341,0.001469,172.217.194.0-255,4320,150637,15,202232
25342,0.001472,172.31.36.0-255,66,150703,15,202232
25343,0.001511,172.31.36.0-255,66,150769,15,202232
25344,0.001524,172.31.36.0-255,66,150835,15,202232
25345,0.001529,172.217.194.0-255,4320,155155,15,202232
25346,0.001531,172.31.36.0-255,66,155221,15,202232
25347,0.001581,172.31.36.0-255,66,155287,15,202232
25348,0.001591,172.31.36.0-255,66,155353,15,202232
25349,0.001659,172.31.36.0-255,66,155419,15,202232
25350,0.001671,172.31.36.0-255,66,155485,15,202232
25351,0.001692,172.217.194.0-255,3602,159087,15,202232
25352,0.001695,172.31.36.0-255,66,159153,15,202232
25353,0.001942,172.217.194.0-255,1484,160637,15,202232
25354,0.001947,172.217.194.0-255,2902,163539,15,202232
25355,0.00195,172.31.36.0-255,66,163605,15,202232
25356,0.001954,172.217.194.0-255,1484,165089,15,202232
25357,0.001973,172.217.194.0-255,4320,169409,15,202232
25358,0.001976,172.31.36.0-255,66,169475,15,202232
25359,0.00199,172.217.194.0-255,4320,173795,15,202232
25360,0.001993,172.31.36.0-255,66,173861,15,202232
25361,0.002016,172.217.194.0-255,7156,181017,15,202232
25362,0.002019,172.31.36.0-255,66,181083,15,202232
25363,0.002022,172.217.194.0-255,1484,182567,15,202232
25364,0.002025,172.217.194.0-255,2902,185469,15,202232
25365,0.002027,172.31.36.0-255,66,185535,15,202232
25366,0.002038,172.31.36.0-255,66,185601,15,202232
25367,0.002041,172.217.194.0-255,1484,187085,15,202232
25368,0.00206,172.217.194.0-255,5738,192823,15,202232
25369,0.002063,172.31.36.0-255,66,192889,15,202232
25370,0.002068,172.217.194.0-255,2902,195791,15,202232
25371,0.002071,172.31.36.0-255,66,195857,15,202232
25372,0.002086,172.217.194.0-255,4320,200177,15,202232
25373,0.002089,172.31.36.0-255,66,200243,15,202232
25374,0.002092,172.217.194.0-255,1484,201727,15,202232
25375,0.002132,172.31.36.0-255,66,201793,15,202232
25376,0.002135,172.217.194.0-255,97,201890,15,202232
25377,0.00217,172.217.194.0-255,105,201995,15,202232
25378,0.00346,172.31.36.0-255,66,202061,15,202232
25379,0.003487,172.31.36.0-255,105,202166,15,202232
25380,0.005473,172.217.194.0-255,66,202232,15,202232
25381,0.0,172.31.36.0-255,66,66,15,66
25382,0.0,74.125.68.0-255,66,66,15,66
25383,0.0,74.125.200.0-255,146,146,15,118990
25384,3e-05,172.31.36.0-255,66,212,15,118990
25385,3.7e-05,74.125.200.0-255,1484,1696,15,118990
25386,4.1e-05,172.31.36.0-255,66,1762,15,118990
25387,4.6e-05,74.125.200.0-255,2902,4664,15,118990
25388,4.8e-05,172.31.36.0-255,66,4730,15,118990
25389,5.1e-05,74.125.200.0-255,1484,6214,15,118990
25390,5.3e-05,172.31.36.0-255,66,6280,15,118990
25391,7.6e-05,74.125.200.0-255,2902,9182,15,118990
25392,7.9e-05,172.31.36.0-255,66,9248,15,118990
25393,0.000108,74.125.200.0-255,4839,14087,15,118990
25394,0.000112,172.31.36.0-255,66,14153,15,118990
25395,0.000204,74.125.200.0-255,1484,15637,15,118990
25396,0.000208,172.31.36.0-255,66,15703,15,118990
25397,0.000222,74.125.200.0-255,2902,18605,15,118990
25398,0.000225,172.31.36.0-255,66,18671,15,118990
25399,0.000248,74.125.200.0-255,4320,22991,15,118990
25400,0.000251,172.31.36.0-255,66,23057,15,118990
25401,0.00027,74.125.200.0-255,1484,24541,15,118990
25402,0.000272,172.31.36.0-255,66,24607,15,118990
25403,0.000277,74.125.200.0-255,2902,27509,15,118990
25404,0.000279,172.31.36.0-255,66,27575,15,118990
25405,0.000284,74.125.200.0-255,3961,31536,15,118990
25406,0.000288,172.31.36.0-255,66,31602,15,118990
25407,0.000352,74.125.200.0-255,1484,33086,15,118990
25408,0.000356,172.31.36.0-255,66,33152,15,118990
25409,0.000377,74.125.200.0-255,2902,36054,15,118990
25410,0.000381,172.31.36.0-255,66,36120,15,118990
25411,0.000385,74.125.200.0-255,2902,39022,15,118990
25412,0.000387,172.31.36.0-255,66,39088,15,118990
25413,0.000401,74.125.200.0-255,2902,41990,15,118990
25414,0.000404,172.31.36.0-255,66,42056,15,118990
25415,0.000406,74.125.200.0-255,1484,43540,15,118990
25416,0.000435,74.125.200.0-255,5379,48919,15,118990
25417,0.000441,172.31.36.0-255,66,48985,15,118990
25418,0.000552,74.125.200.0-255,1484,50469,15,118990
25419,0.000567,74.125.200.0-255,2902,53371,15,118990
25420,0.000571,172.31.36.0-255,66,53437,15,118990
25421,0.00059,74.125.200.0-255,4320,57757,15,118990
25422,0.000593,172.31.36.0-255,66,57823,15,118990
25423,0.000654,74.125.200.0-255,5738,63561,15,118990
25424,0.000658,172.31.36.0-255,66,63627,15,118990
25425,0.000677,74.125.200.0-255,1484,65111,15,118990
25426,0.000681,74.125.200.0-255,1458,66569,15,118990
25427,0.000684,172.31.36.0-255,66,66635,15,118990
25428,0.001211,74.125.200.0-255,109,66744,15,118990
25429,0.001219,74.125.200.0-255,332,67076,15,118990
25430,0.001768,74.125.200.0-255,1484,68560,15,118990
25431,0.001776,172.31.36.0-255,66,68626,15,118990
25432,0.001782,74.125.200.0-255,2902,71528,15,118990
25433,0.001785,172.31.36.0-255,66,71594,15,118990
25434,0.001789,74.125.200.0-255,2902,74496,15,118990
25435,0.001791,172.31.36.0-255,66,74562,15,118990
25436,0.001816,74.125.200.0-255,2902,77464,15,118990
25437,0.001818,172.31.36.0-255,66,77530,15,118990
25438,0.001825,74.125.200.0-255,5738,83268,15,118990
25439,0.001826,172.31.36.0-255,66,83334,15,118990
25440,0.00183,74.125.200.0-255,2902,86236,15,118990
25441,0.001832,172.31.36.0-255,66,86302,15,118990
25442,0.001853,74.125.200.0-255,4320,90622,15,118990
25443,0.001855,172.31.36.0-255,66,90688,15,118990
25444,0.001861,74.125.200.0-255,5738,96426,15,118990
25445,0.001863,172.31.36.0-255,66,96492,15,118990
25446,0.001884,74.125.200.0-255,5020,101512,15,118990
25447,0.001886,172.31.36.0-255,66,101578,15,118990
25448,0.003931,74.125.200.0-255,5738,107316,15,118990
25449,0.003936,172.31.36.0-255,66,107382,15,118990
25450,0.005978,74.125.200.0-255,5738,113120,15,118990
25451,0.005985,172.31.36.0-255,66,113186,15,118990
25452,0.00803,74.125.200.0-255,5738,118924,15,118990
25453,0.008036,172.31.36.0-255,66,118990,15,118990
25454,0.0,74.125.24.0-255,152,152,15,175600
25455,1.6e-05,172.31.36.0-255,66,218,15,175600
25456,2.3e-05,74.125.24.0-255,1484,1702,15,175600
25457,2.7e-05,172.31.36.0-255,66,1768,15,175600
25458,4.1e-05,74.125.24.0-255,2902,4670,15,175600
25459,4.5e-05,172.31.36.0-255,66,4736,15,175600
25460,5.3e-05,74.125.24.0-255,7156,11892,15,175600
25461,5.7e-05,172.31.36.0-255,66,11958,15,175600
25462,6.3e-05,74.125.24.0-255,1968,13926,15,175600
25463,6.6e-05,172.31.36.0-255,66,13992,15,175600
25464,0.000118,74.125.24.0-255,1484,15476,15,175600
25465,0.000122,172.31.36.0-255,66,15542,15,175600
25466,0.000126,74.125.24.0-255,1484,17026,15,175600
25467,0.000129,172.31.36.0-255,66,17092,15,175600
25468,0.000156,74.125.24.0-255,1484,18576,15,175600
25469,0.000158,172.31.36.0-255,66,18642,15,175600
25470,0.000166,74.125.24.0-255,5738,24380,15,175600
25471,0.000168,172.31.36.0-255,66,24446,15,175600
25472,0.0002,74.125.24.0-255,6797,31243,15,175600
25473,0.000202,172.31.36.0-255,66,31309,15,175600
25474,0.000327,74.125.24.0-255,1484,32793,15,175600
25475,0.000332,172.31.36.0-255,66,32859,15,175600
25476,0.000338,74.125.24.0-255,2902,35761,15,175600
25477,0.000341,172.31.36.0-255,66,35827,15,175600
25478,0.000347,74.125.24.0-255,4320,40147,15,175600
25479,0.000354,172.31.36.0-255,66,40213,15,175600
25480,0.000378,74.125.24.0-255,1484,41697,15,175600
25481,0.00038,172.31.36.0-255,66,41763,15,175600
25482,0.000384,74.125.24.0-255,1484,43247,15,175600
25483,0.000386,172.31.36.0-255,66,43313,15,175600
25484,0.000398,172.31.36.0-255,66,43379,15,175600
25485,0.000411,172.31.36.0-255,66,43445,15,175600
25486,0.000441,74.125.24.0-255,1125,44570,15,175600
25487,0.000445,74.125.24.0-255,403,44973,15,175600
25488,0.000478,74.125.24.0-255,343,45316,15,175600
25489,0.00048,172.31.36.0-255,66,45382,15,175600
25490,0.000732,74.125.24.0-255,1484,46866,15,175600
25491,0.000739,74.125.24.0-255,2902,49768,15,175600
25492,0.000743,172.31.36.0-255,66,49834,15,175600
25493,0.00075,74.125.24.0-255,5738,55572,15,175600
25494,0.000752,172.31.36.0-255,66,55638,15,175600
25495,0.000776,74.125.24.0-255,4320,59958,15,175600
25496,0.000778,172.31.36.0-255,66,60024,15,175600
25497,0.000815,172.31.36.0-255,66,60090,15,175600
25498,0.00084,172.31.36.0-255,66,60156,15,175600
25499,0.000886,74.125.24.0-255,766,60922,15,175600
25500,0.001092,74.125.24.0-255,1484,62406,15,175600
25501,0.001098,172.31.36.0-255,66,62472,15,175600
25502,0.001117,74.125.24.0-255,2902,65374,15,175600
25503,0.001121,172.31.36.0-255,66,65440,15,175600
25504,0.001127,74.125.24.0-255,5738,71178,15,175600
25505,0.001129,172.31.36.0-255,66,71244,15,175600
25506,0.001137,74.125.24.0-255,7156,78400,15,175600
25507,0.001139,172.31.36.0-255,66,78466,15,175600
25508,0.001171,74.125.24.0-255,5738,84204,15,175600
25509,0.001175,172.31.36.0-255,66,84270,15,175600
25510,0.001188,172.31.36.0-255,66,84336,15,175600
25511,0.00173,74.125.24.0-255,1484,85820,15,175600
25512,0.001736,74.125.24.0-255,2902,88722,15,175600
25513,0.00174,172.31.36.0-255,66,88788,15,175600
25514,0.001773,74.125.24.0-255,5738,94526,15,175600
25515,0.001776,172.31.36.0-255,66,94592,15,175600
25516,0.00178,74.125.24.0-255,1484,96076,15,175600
25517,0.001814,172.31.36.0-255,66,96142,15,175600
25518,0.001821,74.125.24.0-255,7156,103298,15,175600
25519,0.001823,172.31.36.0-255,66,103364,15,175600
25520,0.001848,74.125.24.0-255,3602,106966,15,175600
25521,0.001851,172.31.36.0-255,66,107032,15,175600
25522,0.001989,74.125.24.0-255,1484,108516,15,175600
25523,0.002007,74.125.24.0-255,2902,111418,15,175600
25524,0.00201,172.31.36.0-255,66,111484,15,175600
25525,0.002017,74.125.24.0-255,5738,117222,15,175600
25526,0.002019,172.31.36.0-255,66,117288,15,175600
25527,0.00208,172.31.36.0-255,66,117354,15,175600
25528,0.002114,172.31.36.0-255,66,117420,15,175600
25529,0.002149,74.125.24.0-255,1484,118904,15,175600
25530,0.002154,74.125.24.0-255,2902,121806,15,175600
25531,0.002156,172.31.36.0-255,66,121872,15,175600
25532,0.002186,74.125.24.0-255,5738,127610,15,175600
25533,0.00219,172.31.36.0-255,66,127676,15,175600
25534,0.002202,172.31.36.0-255,66,127742,15,175600
25535,0.002226,74.125.24.0-255,2902,130644,15,175600
25536,0.002229,172.31.36.0-255,66,130710,15,175600
25537,0.002236,74.125.24.0-255,5738,136448,15,175600
25538,0.002238,172.31.36.0-255,66,136514,15,175600
25539,0.002267,74.125.24.0-255,5020,141534,15,175600
25540,0.00227,172.31.36.0-255,66,141600,15,175600
25541,0.0023,74.125.24.0-255,5738,147338,15,175600
25542,0.002304,172.31.36.0-255,66,147404,15,175600
25543,0.002309,74.125.24.0-255,2902,150306,15,175600
25544,0.00231,172.31.36.0-255,66,150372,15,175600
25545,0.002348,172.31.36.0-255,66,150438,15,175600
25546,0.002398,172.31.36.0-255,66,150504,15,175600
25547,0.002415,74.125.24.0-255,1484,151988,15,175600
25548,0.002434,74.125.24.0-255,2902,154890,15,175600
25549,0.002436,172.31.36.0-255,66,154956,15,175600
25550,0.002444,74.125.24.0-255,5738,160694,15,175600
25551,0.002446,172.31.36.0-255,66,160760,15,175600
25552,0.002455,74.125.24.0-255,2902,163662,15,175600
25553,0.002457,172.31.36.0-255,66,163728,15,175600
25554,0.002496,172.31.36.0-255,66,163794,15,175600
25555,0.002533,172.31.36.0-255,66,163860,15,175600
25556,0.002536,74.125.24.0-255,1484,165344,15,175600
25557,0.005048,74.125.24.0-255,4320,169664,15,175600
25558,0.005055,172.31.36.0-255,66,169730,15,175600
25559,0.007582,74.125.24.0-255,4320,174050,15,175600
25560,0.007587,172.31.36.0-255,66,174116,15,175600
25561,0.00761,74.125.24.0-255,1484,175600,15,175600
25562,0.0,172.217.194.0-255,151,151,15,193331
25563,2e-05,172.31.36.0-255,66,217,15,193331
25564,2.7e-05,172.217.194.0-255,1484,1701,15,193331
25565,3.2e-05,172.31.36.0-255,66,1767,15,193331
25566,3.7e-05,172.217.194.0-255,2902,4669,15,193331
25567,4e-05,172.31.36.0-255,66,4735,15,193331
25568,5.6e-05,172.217.194.0-255,7156,11891,15,193331
25569,6e-05,172.31.36.0-255,66,11957,15,193331
25570,6.5e-05,172.217.194.0-255,1950,13907,15,193331
25571,6.7e-05,172.31.36.0-255,66,13973,15,193331
25572,0.000128,172.217.194.0-255,1484,15457,15,193331
25573,0.000132,172.31.36.0-255,66,15523,15,193331
25574,0.000137,172.217.194.0-255,2902,18425,15,193331
25575,0.00014,172.31.36.0-255,66,18491,15,193331
25576,0.000171,172.217.194.0-255,5738,24229,15,193331
25577,0.000173,172.31.36.0-255,66,24295,15,193331
25578,0.000202,172.217.194.0-255,6797,31092,15,193331
25579,0.000204,172.31.36.0-255,66,31158,15,193331
25580,0.000385,172.217.194.0-255,1484,32642,15,193331
25581,0.00039,172.31.36.0-255,66,32708,15,193331
25582,0.000394,172.217.194.0-255,1484,34192,15,193331
25583,0.000396,172.31.36.0-255,66,34258,15,193331
25584,0.000422,172.217.194.0-255,1484,35742,15,193331
25585,0.000429,172.31.36.0-255,66,35808,15,193331
25586,0.000436,172.217.194.0-255,5738,41546,15,193331
25587,0.000439,172.31.36.0-255,66,41612,15,193331
25588,0.000478,172.31.36.0-255,66,41678,15,193331
25589,0.000484,172.217.194.0-255,4320,45998,15,193331
25590,0.000486,172.31.36.0-255,66,46064,15,193331
25591,0.000509,172.217.194.0-255,4320,50384,15,193331
25592,0.000512,172.31.36.0-255,66,50450,15,193331
25593,0.000515,172.217.194.0-255,1125,51575,15,193331
25594,0.000742,172.217.194.0-255,646,52221,15,193331
25595,0.000748,172.31.36.0-255,66,52287,15,193331
25596,0.000774,172.217.194.0-255,1484,53771,15,193331
25597,0.000782,172.217.194.0-255,4320,58091,15,193331
25598,0.000784,172.31.36.0-255,66,58157,15,193331
25599,0.000788,172.217.194.0-255,1484,59641,15,193331
25600,0.000828,172.31.36.0-255,66,59707,15,193331
25601,0.000835,172.217.194.0-255,7156,66863,15,193331
25602,0.000838,172.31.36.0-255,66,66929,15,193331
25603,0.000909,172.31.36.0-255,66,66995,15,193331
25604,0.001059,172.217.194.0-255,1484,68479,15,193331
25605,0.001081,172.217.194.0-255,2902,71381,15,193331
25606,0.001084,172.31.36.0-255,66,71447,15,193331
25607,0.001092,172.217.194.0-255,5738,77185,15,193331
25608,0.001094,172.31.36.0-255,66,77251,15,193331
25609,0.001103,172.217.194.0-255,1484,78735,15,193331
25610,0.001138,172.31.36.0-255,66,78801,15,193331
25611,0.001142,172.217.194.0-255,1484,80285,15,193331
25612,0.001163,172.217.194.0-255,1484,81769,15,193331
25613,0.001165,172.31.36.0-255,66,81835,15,193331
25614,0.0012,172.31.36.0-255,66,81901,15,193331
25615,0.001226,172.217.194.0-255,4320,86221,15,193331
25616,0.001231,172.31.36.0-255,66,86287,15,193331
25617,0.001259,172.217.194.0-255,5738,92025,15,193331
25618,0.001262,172.31.36.0-255,66,92091,15,193331
25619,0.001302,172.31.36.0-255,66,92157,15,193331
25620,0.001322,172.217.194.0-255,4320,96477,15,193331
25621,0.001324,172.31.36.0-255,66,96543,15,193331
25622,0.001359,172.31.36.0-255,66,96609,15,193331
25623,0.001386,172.217.194.0-255,5738,102347,15,193331
25624,0.001389,172.31.36.0-255,66,102413,15,193331
25625,0.001416,172.217.194.0-255,7156,109569,15,193331
25626,0.001419,172.31.36.0-255,66,109635,15,193331
25627,0.001434,172.31.36.0-255,66,109701,15,193331
25628,0.001442,172.217.194.0-255,6438,116139,15,193331
25629,0.001445,172.31.36.0-255,66,116205,15,193331
25630,0.001451,172.217.194.0-255,7156,123361,15,193331
25631,0.001454,172.31.36.0-255,66,123427,15,193331
25632,0.001457,172.217.194.0-255,1484,124911,15,193331
25633,0.001488,172.217.194.0-255,5738,130649,15,193331
25634,0.001492,172.31.36.0-255,66,130715,15,193331
25635,0.001503,172.31.36.0-255,66,130781,15,193331
25636,0.001544,172.31.36.0-255,66,130847,15,193331
25637,0.001573,172.217.194.0-255,4320,135167,15,193331
25638,0.001575,172.31.36.0-255,66,135233,15,193331
25639,0.001606,172.217.194.0-255,7156,142389,15,193331
25640,0.001609,172.31.36.0-255,66,142455,15,193331
25641,0.001612,172.217.194.0-255,1484,143939,15,193331
25642,0.001632,172.31.36.0-255,66,144005,15,193331
25643,0.001639,172.217.194.0-255,6438,150443,15,193331
25644,0.001642,172.31.36.0-255,66,150509,15,193331
25645,0.001705,172.217.194.0-255,1484,151993,15,193331
25646,0.00175,172.217.194.0-255,2902,154895,15,193331
25647,0.001754,172.31.36.0-255,66,154961,15,193331
25648,0.001761,172.217.194.0-255,5738,160699,15,193331
25649,0.001763,172.31.36.0-255,66,160765,15,193331
25650,0.00178,172.31.36.0-255,66,160831,15,193331
25651,0.001814,172.217.194.0-255,1484,162315,15,193331
25652,0.001828,172.31.36.0-255,66,162381,15,193331
25653,0.001835,172.217.194.0-255,5738,168119,15,193331
25654,0.001837,172.31.36.0-255,66,168185,15,193331
25655,0.001844,172.217.194.0-255,7156,175341,15,193331
25656,0.001846,172.31.36.0-255,66,175407,15,193331
25657,0.001884,172.31.36.0-255,66,175473,15,193331
25658,0.001911,172.217.194.0-255,2902,178375,15,193331
25659,0.001914,172.31.36.0-255,66,178441,15,193331
25660,0.001922,172.217.194.0-255,7156,185597,15,193331
25661,0.001924,172.31.36.0-255,66,185663,15,193331
25662,0.001952,172.217.194.0-255,6438,192101,15,193331
25663,0.001955,172.31.36.0-255,66,192167,15,193331
25664,0.001969,172.31.36.0-255,66,192233,15,193331
25665,0.002009,172.31.36.0-255,66,192299,15,193331
25666,0.002049,172.31.36.0-255,66,192365,15,193331
25667,0.002073,172.31.36.0-255,66,192431,15,193331
25668,0.002075,172.217.194.0-255,795,193226,15,193331
25669,0.002078,172.217.194.0-255,105,193331,15,193331
25670,0.0,172.217.194.0-255,158,158,15,129988
25671,2.2e-05,172.31.36.0-255,66,224,15,129988
25672,3e-05,172.217.194.0-255,1484,1708,15,129988
25673,3.5e-05,172.31.36.0-255,66,1774,15,129988
25674,4.1e-05,172.217.194.0-255,2902,4676,15,129988
25675,5.2e-05,172.31.36.0-255,66,4742,15,129988
25676,6e-05,172.217.194.0-255,7156,11898,15,129988
25677,6.3e-05,172.31.36.0-255,66,11964,15,129988
25678,8.8e-05,172.217.194.0-255,5738,17702,15,129988
25679,9.1e-05,172.31.36.0-255,66,17768,15,129988
25680,0.000133,172.31.36.0-255,66,17834,15,129988
25681,0.000148,172.31.36.0-255,66,17900,15,129988
25682,0.00016,172.217.194.0-255,5738,23638,15,129988
25683,0.000162,172.31.36.0-255,66,23704,15,129988
25684,0.000193,172.217.194.0-255,3602,27306,15,129988
25685,0.0002,172.31.36.0-255,66,27372,15,129988
25686,0.000212,172.31.36.0-255,66,27438,15,129988
25687,0.000241,172.217.194.0-255,1484,28922,15,129988
25688,0.000243,172.31.36.0-255,66,28988,15,129988
25689,0.000254,172.217.194.0-255,5689,34677,15,129988
25690,0.000257,172.31.36.0-255,66,34743,15,129988
25691,0.00026,172.217.194.0-255,367,35110,15,129988
25692,0.000262,172.31.36.0-255,66,35176,15,129988
25693,0.000316,172.217.194.0-255,1484,36660,15,129988
25694,0.000319,172.31.36.0-255,66,36726,15,129988
25695,0.000323,172.217.194.0-255,1484,38210,15,129988
25696,0.000324,172.31.36.0-255,66,38276,15,129988
25697,0.000346,172.217.194.0-255,1484,39760,15,129988
25698,0.000348,172.31.36.0-255,66,39826,15,129988
25699,0.000362,172.217.194.0-255,5738,45564,15,129988
25700,0.000365,172.31.36.0-255,66,45630,15,129988
25701,0.000377,172.31.36.0-255,66,45696,15,129988
25702,0.000403,172.217.194.0-255,1484,47180,15,129988
25703,0.000416,172.217.194.0-255,7156,54336,15,129988
25704,0.000418,172.31.36.0-255,66,54402,15,129988
25705,0.000446,172.217.194.0-255,3602,58004,15,129988
25706,0.000449,172.31.36.0-255,66,58070,15,129988
25707,0.00055,172.217.194.0-255,1484,59554,15,129988
25708,0.000557,172.217.194.0-255,2902,62456,15,129988
25709,0.000561,172.31.36.0-255,66,62522,15,129988
25710,0.000591,172.217.194.0-255,5738,68260,15,129988
25711,0.000595,172.31.36.0-255,66,68326,15,129988
25712,0.000632,172.31.36.0-255,66,68392,15,129988
25713,0.000636,172.217.194.0-255,1484,69876,15,129988
25714,0.000674,172.31.36.0-255,66,69942,15,129988
25715,0.000741,172.217.194.0-255,1484,71426,15,129988
25716,0.000747,172.217.194.0-255,2902,74328,15,129988
25717,0.000749,172.31.36.0-255,66,74394,15,129988
25718,0.000756,172.217.194.0-255,5738,80132,15,129988
25719,0.000758,172.31.36.0-255,66,80198,15,129988
25720,0.000793,172.31.36.0-255,66,80264,15,129988
25721,0.000826,172.217.194.0-255,4320,84584,15,129988
25722,0.000829,172.31.36.0-255,66,84650,15,129988
25723,0.000871,172.31.36.0-255,66,84716,15,129988
25724,0.000877,172.217.194.0-255,4320,89036,15,129988
25725,0.000879,172.31.36.0-255,66,89102,15,129988
25726,0.000922,172.31.36.0-255,66,89168,15,129988
25727,0.000935,172.31.36.0-255,66,89234,15,129988
25728,0.000946,172.217.194.0-255,5738,94972,15,129988
25729,0.000948,172.31.36.0-255,66,95038,15,129988
25730,0.000971,172.217.194.0-255,766,95804,15,129988
25731,0.000984,172.217.194.0-255,7156,102960,15,129988
25732,0.000986,172.31.36.0-255,66,103026,15,129988
25733,0.001001,172.31.36.0-255,66,103092,15,129988
25734,0.001012,172.31.36.0-255,66,103158,15,129988
25735,0.001044,172.217.194.0-255,2184,105342,15,129988
25736,0.001047,172.31.36.0-255,66,105408,15,129988
25737,0.00108,172.31.36.0-255,66,105474,15,129988
25738,0.001104,172.217.194.0-255,2902,108376,15,129988
25739,0.001107,172.31.36.0-255,66,108442,15,129988
25740,0.001113,172.217.194.0-255,5020,113462,15,129988
25741,0.001117,172.31.36.0-255,66,113528,15,129988
25742,0.001119,172.217.194.0-255,1484,115012,15,129988
25743,0.001128,172.217.194.0-255,2902,117914,15,129988
25744,0.00113,172.31.36.0-255,66,117980,15,129988
25745,0.001136,172.217.194.0-255,5738,123718,15,129988
25746,0.001139,172.31.36.0-255,66,123784,15,129988
25747,0.00115,172.31.36.0-255,66,123850,15,129988
25748,0.001178,172.217.194.0-255,5202,129052,15,129988
25749,0.001181,172.31.36.0-255,66,129118,15,129988
25750,0.001192,172.31.36.0-255,66,129184,15,129988
25751,0.001236,172.31.36.0-255,66,129250,15,129988
25752,0.001276,172.31.36.0-255,66,129316,15,129988
25753,0.001346,172.31.36.0-255,66,129382,15,129988
25754,0.001356,172.31.36.0-255,66,129448,15,129988
25755,0.001401,172.31.36.0-255,66,129514,15,129988
25756,0.001416,172.31.36.0-255,66,129580,15,129988
25757,0.001448,172.31.36.0-255,66,129646,15,129988
25758,0.001451,172.217.194.0-255,105,129751,15,129988
25759,0.004378,172.31.36.0-255,66,129817,15,129988
25760,0.004422,172.31.36.0-255,105,129922,15,129988
25761,0.006406,172.217.194.0-255,66,129988,15,129988
25762,0.0,172.217.194.0-255,146,146,15,107223
25763,3.5e-05,172.31.36.0-255,66,212,15,107223
25764,4.3e-05,172.217.194.0-255,1484,1696,15,107223
25765,4.8e-05,172.31.36.0-255,66,1762,15,107223
25766,5.4e-05,172.217.194.0-255,2902,4664,15,107223
25767,5.7e-05,172.31.36.0-255,66,4730,15,107223
25768,6.2e-05,172.217.194.0-255,4320,9050,15,107223
25769,6.6e-05,172.31.36.0-255,66,9116,15,107223
25770,0.000116,172.217.194.0-255,2902,12018,15,107223
25771,0.00012,172.31.36.0-255,66,12084,15,107223
25772,0.000138,172.217.194.0-255,3430,15514,15,107223
25773,0.000141,172.31.36.0-255,66,15580,15,107223
25774,0.000211,172.217.194.0-255,2902,18482,15,107223
25775,0.000214,172.31.36.0-255,66,18548,15,107223
25776,0.000234,172.217.194.0-255,4320,22868,15,107223
25777,0.000236,172.31.36.0-255,66,22934,15,107223
25778,0.00031,172.217.194.0-255,2902,25836,15,107223
25779,0.000314,172.31.36.0-255,66,25902,15,107223
25780,0.000339,172.217.194.0-255,5379,31281,15,107223
25781,0.000342,172.31.36.0-255,66,31347,15,107223
25782,0.000398,172.217.194.0-255,1484,32831,15,107223
25783,0.000401,172.31.36.0-255,66,32897,15,107223
25784,0.000429,172.217.194.0-255,7156,40053,15,107223
25785,0.000432,172.31.36.0-255,66,40119,15,107223
25786,0.000519,172.217.194.0-255,2902,43021,15,107223
25787,0.000523,172.31.36.0-255,66,43087,15,107223
25788,0.000544,172.217.194.0-255,7156,50243,15,107223
25789,0.000548,172.31.36.0-255,66,50309,15,107223
25790,0.000581,172.31.36.0-255,66,50375,15,107223
25791,0.000796,172.217.194.0-255,6797,57172,15,107223
25792,0.000802,172.31.36.0-255,66,57238,15,107223
25793,0.000823,172.217.194.0-255,390,57628,15,107223
25794,0.000827,172.217.194.0-255,385,58013,15,107223
25795,0.000867,172.217.194.0-255,2902,60915,15,107223
25796,0.000882,172.31.36.0-255,66,60981,15,107223
25797,0.000923,172.217.194.0-255,7156,68137,15,107223
25798,0.000933,172.31.36.0-255,66,68203,15,107223
25799,0.000993,172.217.194.0-255,4320,72523,15,107223
25800,0.001001,172.31.36.0-255,66,72589,15,107223
25801,0.001026,172.31.36.0-255,66,72655,15,107223
25802,0.001213,172.31.36.0-255,66,72721,15,107223
25803,0.001346,172.31.36.0-255,66,72787,15,107223
25804,0.001374,172.31.36.0-255,66,72853,15,107223
25805,0.00167,172.31.36.0-255,66,72919,15,107223
25806,0.001767,172.217.194.0-255,7156,80075,15,107223
25807,0.001849,172.31.36.0-255,66,80141,15,107223
25808,0.001854,172.217.194.0-255,2184,82325,15,107223
25809,0.001867,172.31.36.0-255,66,82391,15,107223
25810,0.002229,172.31.36.0-255,66,82457,15,107223
25811,0.002384,172.31.36.0-255,66,82523,15,107223
25812,0.002465,172.31.36.0-255,66,82589,15,107223
25813,0.003118,172.217.194.0-255,5738,88327,15,107223
25814,0.003122,172.31.36.0-255,66,88393,15,107223
25815,0.00322,172.217.194.0-255,7156,95549,15,107223
25816,0.00324,172.31.36.0-255,66,95615,15,107223
25817,0.005543,172.217.194.0-255,5738,101353,15,107223
25818,0.005555,172.31.36.0-255,66,101419,15,107223
25819,0.007873,172.217.194.0-255,5738,107157,15,107223
25820,0.007884,172.31.36.0-255,66,107223,15,107223
25821,0.0,172.217.194.0-255,150,150,15,143331
25822,2.3e-05,172.31.36.0-255,66,216,15,143331
25823,3e-05,172.217.194.0-255,1484,1700,15,143331
25824,3.3e-05,172.31.36.0-255,66,1766,15,143331
25825,4e-05,172.217.194.0-255,2902,4668,15,143331
25826,5.4e-05,172.31.36.0-255,66,4734,15,143331
25827,6e-05,172.217.194.0-255,4320,9054,15,143331
25828,6.2e-05,172.31.36.0-255,66,9120,15,143331
25829,0.000106,172.31.36.0-255,66,9186,15,143331
25830,0.000119,172.31.36.0-255,66,9252,15,143331
25831,0.000143,172.217.194.0-255,1125,10377,15,143331
25832,0.000146,172.31.36.0-255,66,10443,15,143331
25833,0.000231,172.217.194.0-255,1484,11927,15,143331
25834,0.000234,172.31.36.0-255,66,11993,15,143331
25835,0.000239,172.217.194.0-255,2902,14895,15,143331
25836,0.000241,172.31.36.0-255,66,14961,15,143331
25837,0.000259,172.217.194.0-255,2902,17863,15,143331
25838,0.000263,172.31.36.0-255,66,17929,15,143331
25839,0.000275,172.217.194.0-255,7156,25085,15,143331
25840,0.000278,172.31.36.0-255,66,25151,15,143331
25841,0.000316,172.31.36.0-255,66,25217,15,143331
25842,0.000338,172.217.194.0-255,5379,30596,15,143331
25843,0.00036,172.31.36.0-255,66,30662,15,143331
25844,0.000366,172.217.194.0-255,2834,33496,15,143331
25845,0.000369,172.31.36.0-255,66,33562,15,143331
25846,0.000372,172.217.194.0-255,366,33928,15,143331
25847,0.000375,172.31.36.0-255,66,33994,15,143331
25848,0.000476,172.217.194.0-255,1484,35478,15,143331
25849,0.000479,172.31.36.0-255,66,35544,15,143331
25850,0.000484,172.217.194.0-255,2902,38446,15,143331
25851,0.000487,172.31.36.0-255,66,38512,15,143331
25852,0.000495,172.217.194.0-255,1484,39996,15,143331
25853,0.000518,172.217.194.0-255,4320,44316,15,143331
25854,0.000521,172.31.36.0-255,66,44382,15,143331
25855,0.000528,172.217.194.0-255,6797,51179,15,143331
25856,0.000531,172.31.36.0-255,66,51245,15,143331
25857,0.00057,172.217.194.0-255,4320,55565,15,143331
25858,0.000572,172.31.36.0-255,66,55631,15,143331
25859,0.000609,172.31.36.0-255,66,55697,15,143331
25860,0.000613,172.217.194.0-255,2543,58240,15,143331
25861,0.000616,172.31.36.0-255,66,58306,15,143331
25862,0.000733,172.217.194.0-255,1484,59790,15,143331
25863,0.000751,172.217.194.0-255,2902,62692,15,143331
25864,0.000755,172.31.36.0-255,66,62758,15,143331
25865,0.000783,172.217.194.0-255,5738,68496,15,143331
25866,0.000786,172.31.36.0-255,66,68562,15,143331
25867,0.000798,172.31.36.0-255,66,68628,15,143331
25868,0.000842,172.31.36.0-255,66,68694,15,143331
25869,0.000874,172.217.194.0-255,1484,70178,15,143331
25870,0.000877,172.217.194.0-255,1484,71662,15,143331
25871,0.000879,172.31.36.0-255,66,71728,15,143331
25872,0.000902,172.217.194.0-255,1484,73212,15,143331
25873,0.000908,172.217.194.0-255,5738,78950,15,143331
25874,0.000911,172.31.36.0-255,66,79016,15,143331
25875,0.000914,172.217.194.0-255,1484,80500,15,143331
25876,0.000944,172.31.36.0-255,66,80566,15,143331
25877,0.000972,172.31.36.0-255,66,80632,15,143331
25878,0.000975,172.217.194.0-255,1484,82116,15,143331
25879,0.001051,172.31.36.0-255,66,82182,15,143331
25880,0.001055,172.217.194.0-255,1484,83666,15,143331
25881,0.001087,172.31.36.0-255,66,83732,15,143331
25882,0.001101,172.31.36.0-255,66,83798,15,143331
25883,0.001212,172.217.194.0-255,1484,85282,15,143331
25884,0.001231,172.217.194.0-255,2902,88184,15,143331
25885,0.001235,172.31.36.0-255,66,88250,15,143331
25886,0.001242,172.217.194.0-255,5738,93988,15,143331
25887,0.001244,172.31.36.0-255,66,94054,15,143331
25888,0.001288,172.31.36.0-255,66,94120,15,143331
25889,0.001296,172.217.194.0-255,7156,101276,15,143331
25890,0.001299,172.31.36.0-255,66,101342,15,143331
25891,0.001323,172.217.194.0-255,2902,104244,15,143331
25892,0.001325,172.31.36.0-255,66,104310,15,143331
25893,0.001328,172.217.194.0-255,766,105076,15,143331
25894,0.001371,172.217.194.0-255,1484,106560,15,143331
25895,0.001374,172.31.36.0-255,66,106626,15,143331
25896,0.001408,172.217.194.0-255,2902,109528,15,143331
25897,0.001411,172.31.36.0-255,66,109594,15,143331
25898,0.001417,172.217.194.0-255,5738,115332,15,143331
25899,0.00142,172.31.36.0-255,66,115398,15,143331
25900,0.001438,172.31.36.0-255,66,115464,15,143331
25901,0.001468,172.217.194.0-255,1484,116948,15,143331
25902,0.001482,172.31.36.0-255,66,117014,15,143331
25903,0.001487,172.217.194.0-255,2902,119916,15,143331
25904,0.001489,172.31.36.0-255,66,119982,15,143331
25905,0.001527,172.31.36.0-255,66,120048,15,143331
25906,0.001543,172.31.36.0-255,66,120114,15,143331
25907,0.001582,172.217.194.0-255,6438,126552,15,143331
25908,0.0016,172.31.36.0-255,66,126618,15,143331
25909,0.001607,172.31.36.0-255,66,126684,15,143331
25910,0.001668,172.31.36.0-255,66,126750,15,143331
25911,0.001705,172.217.194.0-255,6438,133188,15,143331
25912,0.001709,172.31.36.0-255,66,133254,15,143331
25913,0.001724,172.31.36.0-255,66,133320,15,143331
25914,0.00174,172.31.36.0-255,66,133386,15,143331
25915,0.001747,172.217.194.0-255,7156,140542,15,143331
25916,0.001749,172.31.36.0-255,66,140608,15,143331
25917,0.001754,172.217.194.0-255,2486,143094,15,143331
25918,0.001756,172.31.36.0-255,66,143160,15,143331
25919,0.001782,172.217.194.0-255,105,143265,15,143331
25920,0.009982,172.31.36.0-255,66,143331,15,143331
25921,0.0,216.58.221.0-255,153,153,15,108550
25922,1.4e-05,172.31.36.0-255,66,219,15,108550
25923,2e-05,216.58.221.0-255,1484,1703,15,108550
25924,2.5e-05,172.31.36.0-255,66,1769,15,108550
25925,3e-05,216.58.221.0-255,2902,4671,15,108550
25926,4.1e-05,172.31.36.0-255,66,4737,15,108550
25927,4.6e-05,216.58.221.0-255,2902,7639,15,108550
25928,5e-05,172.31.36.0-255,66,7705,15,108550
25929,5.7e-05,216.58.221.0-255,4320,12025,15,108550
25930,6e-05,172.31.36.0-255,66,12091,15,108550
25931,7.2e-05,172.31.36.0-255,66,12157,15,108550
25932,8.5e-05,172.31.36.0-255,66,12223,15,108550
25933,0.000134,216.58.221.0-255,1484,13707,15,108550
25934,0.000137,172.31.36.0-255,66,13773,15,108550
25935,0.000143,216.58.221.0-255,2902,16675,15,108550
25936,0.000145,172.31.36.0-255,66,16741,15,108550
25937,0.000167,216.58.221.0-255,4320,21061,15,108550
25938,0.00017,172.31.36.0-255,66,21127,15,108550
25939,0.000193,216.58.221.0-255,1484,22611,15,108550
25940,0.000196,172.31.36.0-255,66,22677,15,108550
25941,0.000205,216.58.221.0-255,6797,29474,15,108550
25942,0.000211,172.31.36.0-255,66,29540,15,108550
25943,0.000252,216.58.221.0-255,1484,31024,15,108550
25944,0.000255,172.31.36.0-255,66,31090,15,108550
25945,0.00026,216.58.221.0-255,2902,33992,15,108550
25946,0.000262,172.31.36.0-255,66,34058,15,108550
25947,0.000266,216.58.221.0-255,1484,35542,15,108550
25948,0.000272,172.31.36.0-255,66,35608,15,108550
25949,0.000311,216.58.221.0-255,4320,39928,15,108550
25950,0.000314,172.31.36.0-255,66,39994,15,108550
25951,0.000322,216.58.221.0-255,6797,46791,15,108550
25952,0.000324,172.31.36.0-255,66,46857,15,108550
25953,0.000413,216.58.221.0-255,393,47250,15,108550
25954,0.00094,216.58.221.0-255,350,47600,15,108550
25955,0.001045,216.58.221.0-255,1484,49084,15,108550
25956,0.001051,172.31.36.0-255,66,49150,15,108550
25957,0.001055,216.58.221.0-255,1484,50634,15,108550
25958,0.001086,216.58.221.0-255,1484,52118,15,108550
25959,0.001089,172.31.36.0-255,66,52184,15,108550
25960,0.001096,216.58.221.0-255,5738,57922,15,108550
25961,0.001099,172.31.36.0-255,66,57988,15,108550
25962,0.00111,216.58.221.0-255,6797,64785,15,108550
25963,0.001112,172.31.36.0-255,66,64851,15,108550
25964,0.00115,216.58.221.0-255,1484,66335,15,108550
25965,0.001155,216.58.221.0-255,2902,69237,15,108550
25966,0.001157,172.31.36.0-255,66,69303,15,108550
25967,0.00116,216.58.221.0-255,1484,70787,15,108550
25968,0.001185,216.58.221.0-255,4320,75107,15,108550
25969,0.001188,172.31.36.0-255,66,75173,15,108550
25970,0.001214,216.58.221.0-255,4320,79493,15,108550
25971,0.001216,172.31.36.0-255,66,79559,15,108550
25972,0.001243,216.58.221.0-255,2543,82102,15,108550
25973,0.001246,172.31.36.0-255,66,82168,15,108550
25974,0.001955,216.58.221.0-255,1484,83652,15,108550
25975,0.001966,216.58.221.0-255,2902,86554,15,108550
25976,0.001971,172.31.36.0-255,66,86620,15,108550
25977,0.001976,216.58.221.0-255,1484,88104,15,108550
25978,0.002002,216.58.221.0-255,2902,91006,15,108550
25979,0.002005,172.31.36.0-255,66,91072,15,108550
25980,0.003949,216.58.221.0-255,1484,92556,15,108550
25981,0.00397,216.58.221.0-255,4320,96876,15,108550
25982,0.003974,172.31.36.0-255,66,96942,15,108550
25983,0.006106,216.58.221.0-255,5738,102680,15,108550
25984,0.006109,172.31.36.0-255,66,102746,15,108550
25985,0.008082,216.58.221.0-255,5738,108484,15,108550
25986,0.008089,172.31.36.0-255,66,108550,15,108550
25987,0.0,74.125.24.0-255,152,152,15,186226
25988,2.2e-05,172.31.36.0-255,66,218,15,186226
25989,2.8e-05,74.125.24.0-255,1484,1702,15,186226
25990,3.2e-05,172.31.36.0-255,66,1768,15,186226
25991,3.5e-05,74.125.24.0-255,1484,3252,15,186226
25992,3.8e-05,172.31.36.0-255,66,3318,15,186226
25993,5.3e-05,74.125.24.0-255,2902,6220,15,186226
25994,5.6e-05,172.31.36.0-255,66,6286,15,186226
25995,6.3e-05,74.125.24.0-255,5738,12024,15,186226
25996,6.5e-05,172.31.36.0-255,66,12090,15,186226
25997,6.9e-05,74.125.24.0-255,2047,14137,15,186226
25998,7.1e-05,172.31.36.0-255,66,14203,15,186226
25999,0.000189,74.125.24.0-255,1484,15687,15,186226
26000,0.000194,172.31.36.0-255,66,15753,15,186226
26001,0.000198,74.125.24.0-255,2902,18655,15,186226
26002,0.000201,172.31.36.0-255,66,18721,15,186226
26003,0.000239,74.125.24.0-255,5738,24459,15,186226
26004,0.000242,172.31.36.0-255,66,24525,15,186226
26005,0.000246,74.125.24.0-255,4320,28845,15,186226
26006,0.000248,172.31.36.0-255,66,28911,15,186226
26007,0.00029,172.31.36.0-255,66,28977,15,186226
26008,0.000325,74.125.24.0-255,1484,30461,15,186226
26009,0.000327,172.31.36.0-255,66,30527,15,186226
26010,0.000354,74.125.24.0-255,6797,37324,15,186226
26011,0.000356,172.31.36.0-255,66,37390,15,186226
26012,0.000361,74.125.24.0-255,4320,41710,15,186226
26013,0.000363,172.31.36.0-255,66,41776,15,186226
26014,0.000392,74.125.24.0-255,4320,46096,15,186226
26015,0.000394,172.31.36.0-255,66,46162,15,186226
26016,0.000398,74.125.24.0-255,2902,49064,15,186226
26017,0.000399,172.31.36.0-255,66,49130,15,186226
26018,0.000437,74.125.24.0-255,5648,54778,15,186226
26019,0.00044,172.31.36.0-255,66,54844,15,186226
26020,0.000495,74.125.24.0-255,137,54981,15,186226
26021,0.000559,74.125.24.0-255,1484,56465,15,186226
26022,0.000563,172.31.36.0-255,66,56531,15,186226
26023,0.000575,74.125.24.0-255,2902,59433,15,186226
26024,0.000581,172.31.36.0-255,66,59499,15,186226
26025,0.000587,74.125.24.0-255,5738,65237,15,186226
26026,0.000589,172.31.36.0-255,66,65303,15,186226
26027,0.000633,74.125.24.0-255,6797,72100,15,186226
26028,0.000637,172.31.36.0-255,66,72166,15,186226
26029,0.001099,74.125.24.0-255,1484,73650,15,186226
26030,0.001118,74.125.24.0-255,2902,76552,15,186226
26031,0.001121,172.31.36.0-255,66,76618,15,186226
26032,0.001127,74.125.24.0-255,4320,80938,15,186226
26033,0.001129,172.31.36.0-255,66,81004,15,186226
26034,0.001148,74.125.24.0-255,1484,82488,15,186226
26035,0.001163,172.31.36.0-255,66,82554,15,186226
26036,0.001185,74.125.24.0-255,2902,85456,15,186226
26037,0.001187,172.31.36.0-255,66,85522,15,186226
26038,0.001224,172.31.36.0-255,66,85588,15,186226
26039,0.001228,74.125.24.0-255,2902,88490,15,186226
26040,0.00123,172.31.36.0-255,66,88556,15,186226
26041,0.001261,74.125.24.0-255,4320,92876,15,186226
26042,0.001264,172.31.36.0-255,66,92942,15,186226
26043,0.001273,172.31.36.0-255,66,93008,15,186226
26044,0.001279,74.125.24.0-255,5738,98746,15,186226
26045,0.001281,172.31.36.0-255,66,98812,15,186226
26046,0.00132,172.31.36.0-255,66,98878,15,186226
26047,0.001323,74.125.24.0-255,766,99644,15,186226
26048,0.001384,172.31.36.0-255,66,99710,15,186226
26049,0.001395,74.125.24.0-255,2902,102612,15,186226
26050,0.0014,172.31.36.0-255,66,102678,15,186226
26051,0.001406,74.125.24.0-255,4320,106998,15,186226
26052,0.001408,172.31.36.0-255,66,107064,15,186226
26053,0.001418,172.31.36.0-255,66,107130,15,186226
26054,0.001449,172.31.36.0-255,66,107196,15,186226
26055,0.001461,172.31.36.0-255,66,107262,15,186226
26056,0.0015,74.125.24.0-255,4320,111582,15,186226
26057,0.001503,172.31.36.0-255,66,111648,15,186226
26058,0.001546,172.31.36.0-255,66,111714,15,186226
26059,0.001553,74.125.24.0-255,7156,118870,15,186226
26060,0.001555,172.31.36.0-255,66,118936,15,186226
26061,0.001564,172.31.36.0-255,66,119002,15,186226
26062,0.001617,172.31.36.0-255,66,119068,15,186226
26063,0.001629,172.31.36.0-255,66,119134,15,186226
26064,0.001666,172.31.36.0-255,66,119200,15,186226
26065,0.001697,74.125.24.0-255,2902,122102,15,186226
26066,0.001701,172.31.36.0-255,66,122168,15,186226
26067,0.001719,172.31.36.0-255,66,122234,15,186226
26068,0.001731,172.31.36.0-255,66,122300,15,186226
26069,0.001759,74.125.24.0-255,1484,123784,15,186226
26070,0.001778,74.125.24.0-255,2902,126686,15,186226
26071,0.001782,172.31.36.0-255,66,126752,15,186226
26072,0.001797,74.125.24.0-255,5738,132490,15,186226
26073,0.001804,172.31.36.0-255,66,132556,15,186226
26074,0.001809,74.125.24.0-255,2902,135458,15,186226
26075,0.00181,172.31.36.0-255,66,135524,15,186226
26076,0.001818,74.125.24.0-255,5738,141262,15,186226
26077,0.00182,172.31.36.0-255,66,141328,15,186226
26078,0.001852,74.125.24.0-255,4320,145648,15,186226
26079,0.001856,172.31.36.0-255,66,145714,15,186226
26080,0.001863,74.125.24.0-255,5738,151452,15,186226
26081,0.001865,172.31.36.0-255,66,151518,15,186226
26082,0.001892,74.125.24.0-255,5020,156538,15,186226
26083,0.001909,172.31.36.0-255,66,156604,15,186226
26084,0.001964,74.125.24.0-255,1484,158088,15,186226
26085,0.001971,74.125.24.0-255,2902,160990,15,186226
26086,0.001974,172.31.36.0-255,66,161056,15,186226
26087,0.001977,74.125.24.0-255,1484,162540,15,186226
26088,0.002006,74.125.24.0-255,4320,166860,15,186226
26089,0.002073,74.125.24.0-255,1484,168344,15,186226
26090,0.002122,74.125.24.0-255,2902,171246,15,186226
26091,0.002129,74.125.24.0-255,7156,178402,15,186226
26092,0.002162,74.125.24.0-255,5738,184140,15,186226
26093,0.002178,74.125.24.0-255,1981,186121,15,186226
26094,0.002182,74.125.24.0-255,105,186226,15,186226
26095,0.0,172.217.194.0-255,153,153,15,124390
26096,3.2e-05,172.31.36.0-255,66,219,15,124390
26097,3.9e-05,172.217.194.0-255,1484,1703,15,124390
26098,4.4e-05,172.31.36.0-255,66,1769,15,124390
26099,4.9e-05,172.217.194.0-255,2902,4671,15,124390
26100,5.1e-05,172.31.36.0-255,66,4737,15,124390
26101,5.8e-05,172.217.194.0-255,7156,11893,15,124390
26102,6e-05,172.31.36.0-255,66,11959,15,124390
26103,6.3e-05,172.217.194.0-255,2086,14045,15,124390
26104,6.6e-05,172.31.36.0-255,66,14111,15,124390
26105,0.000135,172.217.194.0-255,1484,15595,15,124390
26106,0.000138,172.31.36.0-255,66,15661,15,124390
26107,0.000142,172.217.194.0-255,1484,17145,15,124390
26108,0.000144,172.31.36.0-255,66,17211,15,124390
26109,0.00016,172.217.194.0-255,1484,18695,15,124390
26110,0.000162,172.31.36.0-255,66,18761,15,124390
26111,0.00017,172.217.194.0-255,5738,24499,15,124390
26112,0.000174,172.31.36.0-255,66,24565,15,124390
26113,0.000211,172.217.194.0-255,6797,31362,15,124390
26114,0.000214,172.31.36.0-255,66,31428,15,124390
26115,0.000221,172.217.194.0-255,7156,38584,15,124390
26116,0.000223,172.31.36.0-255,66,38650,15,124390
26117,0.000258,172.217.194.0-255,5738,44388,15,124390
26118,0.000262,172.31.36.0-255,66,44454,15,124390
26119,0.000281,172.217.194.0-255,3961,48415,15,124390
26120,0.000285,172.31.36.0-255,66,48481,15,124390
26121,0.000685,172.217.194.0-255,1484,49965,15,124390
26122,0.000691,172.31.36.0-255,66,50031,15,124390
26123,0.0007,172.217.194.0-255,2902,52933,15,124390
26124,0.000702,172.31.36.0-255,66,52999,15,124390
26125,0.000708,172.217.194.0-255,4320,57319,15,124390
26126,0.000709,172.31.36.0-255,66,57385,15,124390
26127,0.00073,172.217.194.0-255,1484,58869,15,124390
26128,0.000737,172.217.194.0-255,5738,64607,15,124390
26129,0.000739,172.31.36.0-255,66,64673,15,124390
26130,0.000775,172.217.194.0-255,1416,66089,15,124390
26131,0.000905,172.217.194.0-255,385,66474,15,124390
26132,0.000911,172.31.36.0-255,66,66540,15,124390
26133,0.001251,172.217.194.0-255,1484,68024,15,124390
26134,0.00126,172.217.194.0-255,2902,70926,15,124390
26135,0.001265,172.31.36.0-255,66,70992,15,124390
26136,0.001272,172.217.194.0-255,5738,76730,15,124390
26137,0.001274,172.31.36.0-255,66,76796,15,124390
26138,0.001293,172.217.194.0-255,4320,81116,15,124390
26139,0.001296,172.31.36.0-255,66,81182,15,124390
26140,0.001335,172.31.36.0-255,66,81248,15,124390
26141,0.001347,172.31.36.0-255,66,81314,15,124390
26142,0.001591,172.217.194.0-255,1484,82798,15,124390
26143,0.001598,172.217.194.0-255,2902,85700,15,124390
26144,0.001601,172.31.36.0-255,66,85766,15,124390
26145,0.001607,172.217.194.0-255,4320,90086,15,124390
26146,0.001609,172.31.36.0-255,66,90152,15,124390
26147,0.001622,172.217.194.0-255,1484,91636,15,124390
26148,0.001632,172.31.36.0-255,66,91702,15,124390
26149,0.001646,172.217.194.0-255,4320,96022,15,124390
26150,0.001648,172.31.36.0-255,66,96088,15,124390
26151,0.001685,172.217.194.0-255,7156,103244,15,124390
26152,0.001688,172.31.36.0-255,66,103310,15,124390
26153,0.001707,172.217.194.0-255,3602,106912,15,124390
26154,0.001711,172.31.36.0-255,66,106978,15,124390
26155,0.004042,172.217.194.0-255,5738,112716,15,124390
26156,0.004047,172.31.36.0-255,66,112782,15,124390
26157,0.006413,172.217.194.0-255,5738,118520,15,124390
26158,0.006419,172.31.36.0-255,66,118586,15,124390
26159,0.008791,172.217.194.0-255,5738,124324,15,124390
26160,0.0088,172.31.36.0-255,66,124390,15,124390
26161,0.0,172.217.194.0-255,298,298,15,150039
26162,3.3e-05,172.31.36.0-255,66,364,15,150039
26163,4e-05,172.217.194.0-255,1484,1848,15,150039
26164,4.3e-05,172.31.36.0-255,66,1914,15,150039
26165,5e-05,172.217.194.0-255,4320,6234,15,150039
26166,5.3e-05,172.31.36.0-255,66,6300,15,150039
26167,6.6e-05,172.31.36.0-255,66,6366,15,150039
26168,8.9e-05,172.217.194.0-255,1484,7850,15,150039
26169,9.1e-05,172.31.36.0-255,66,7916,15,150039
26170,0.00011,172.217.194.0-255,2902,10818,15,150039
26171,0.000113,172.31.36.0-255,66,10884,15,150039
26172,0.000142,172.217.194.0-255,5738,16622,15,150039
26173,0.000145,172.31.36.0-255,66,16688,15,150039
26174,0.000152,172.217.194.0-255,6797,23485,15,150039
26175,0.000156,172.31.36.0-255,66,23551,15,150039
26176,0.00018,172.217.194.0-255,5738,29289,15,150039
26177,0.000183,172.31.36.0-255,66,29355,15,150039
26178,0.000201,172.217.194.0-255,1484,30839,15,150039
26179,0.000206,172.31.36.0-255,66,30905,15,150039
26180,0.000211,172.217.194.0-255,4320,35225,15,150039
26181,0.000214,172.31.36.0-255,66,35291,15,150039
26182,0.000235,172.217.194.0-255,1484,36775,15,150039
26183,0.000237,172.31.36.0-255,66,36841,15,150039
26184,0.000257,172.217.194.0-255,3961,40802,15,150039
26185,0.000261,172.31.36.0-255,66,40868,15,150039
26186,0.000266,172.217.194.0-255,4320,45188,15,150039
26187,0.000268,172.31.36.0-255,66,45254,15,150039
26188,0.000283,172.217.194.0-255,1484,46738,15,150039
26189,0.000286,172.31.36.0-255,66,46804,15,150039
26190,0.000291,172.217.194.0-255,2902,49706,15,150039
26191,0.000293,172.31.36.0-255,66,49772,15,150039
26192,0.000319,172.217.194.0-255,5738,55510,15,150039
26193,0.000323,172.31.36.0-255,66,55576,15,150039
26194,0.000337,172.217.194.0-255,2821,58397,15,150039
26195,0.00034,172.31.36.0-255,66,58463,15,150039
26196,0.000388,172.217.194.0-255,378,58841,15,150039
26197,0.000766,172.217.194.0-255,1484,60325,15,150039
26198,0.000769,172.31.36.0-255,66,60391,15,150039
26199,0.000774,172.217.194.0-255,2902,63293,15,150039
26200,0.000776,172.31.36.0-255,66,63359,15,150039
26201,0.00079,172.217.194.0-255,2902,66261,15,150039
26202,0.000792,172.31.36.0-255,66,66327,15,150039
26203,0.00081,172.217.194.0-255,2902,69229,15,150039
26204,0.000813,172.31.36.0-255,66,69295,15,150039
26205,0.000818,172.217.194.0-255,4320,73615,15,150039
26206,0.000819,172.31.36.0-255,66,73681,15,150039
26207,0.000833,172.217.194.0-255,4320,78001,15,150039
26208,0.000835,172.31.36.0-255,66,78067,15,150039
26209,0.000866,172.217.194.0-255,7156,85223,15,150039
26210,0.000871,172.31.36.0-255,66,85289,15,150039
26211,0.000874,172.31.36.0-255,66,85355,15,150039
26212,0.000987,172.217.194.0-255,1484,86839,15,150039
26213,0.001,172.217.194.0-255,2902,89741,15,150039
26214,0.001002,172.31.36.0-255,66,89807,15,150039
26215,0.001021,172.217.194.0-255,4320,94127,15,150039
26216,0.001023,172.31.36.0-255,66,94193,15,150039
26217,0.001037,172.217.194.0-255,1484,95677,15,150039
26218,0.00104,172.217.194.0-255,1484,97161,15,150039
26219,0.001042,172.31.36.0-255,66,97227,15,150039
26220,0.001085,172.31.36.0-255,66,97293,15,150039
26221,0.001087,172.217.194.0-255,7156,104449,15,150039
26222,0.001089,172.31.36.0-255,66,104515,15,150039
26223,0.001103,172.217.194.0-255,3602,108117,15,150039
26224,0.001105,172.31.36.0-255,66,108183,15,150039
26225,0.002182,172.217.194.0-255,1484,109667,15,150039
26226,0.002192,172.217.194.0-255,2902,112569,15,150039
26227,0.002195,172.31.36.0-255,66,112635,15,150039
26228,0.002217,172.217.194.0-255,5738,118373,15,150039
26229,0.002218,172.31.36.0-255,66,118439,15,150039
26230,0.002221,172.217.194.0-255,1484,119923,15,150039
26231,0.00224,172.31.36.0-255,66,119989,15,150039
26232,0.002261,172.217.194.0-255,2902,122891,15,150039
26233,0.002263,172.31.36.0-255,66,122957,15,150039
26234,0.002268,172.217.194.0-255,5738,128695,15,150039
26235,0.00227,172.31.36.0-255,66,128761,15,150039
26236,0.002286,172.217.194.0-255,2902,131663,15,150039
26237,0.002288,172.31.36.0-255,66,131729,15,150039
26238,0.002291,172.217.194.0-255,2184,133913,15,150039
26239,0.002293,172.31.36.0-255,66,133979,15,150039
26240,0.004636,172.217.194.0-255,4320,138299,15,150039
26241,0.004638,172.31.36.0-255,66,138365,15,150039
26242,0.00465,172.217.194.0-255,1484,139849,15,150039
26243,0.006963,172.217.194.0-255,4320,144169,15,150039
26244,0.006969,172.31.36.0-255,66,144235,15,150039
26245,0.00932,172.217.194.0-255,5738,149973,15,150039
26246,0.009328,172.31.36.0-255,66,150039,15,150039
26247,0.0,74.125.24.0-255,146,146,15,153990
26248,1.8e-05,172.31.36.0-255,66,212,15,153990
26249,2.5e-05,74.125.24.0-255,1484,1696,15,153990
26250,3.1e-05,172.31.36.0-255,66,1762,15,153990
26251,4.6e-05,74.125.24.0-255,2902,4664,15,153990
26252,4.9e-05,172.31.36.0-255,66,4730,15,153990
26253,5.8e-05,74.125.24.0-255,7156,11886,15,153990
26254,6.1e-05,172.31.36.0-255,66,11952,15,153990
26255,6.5e-05,74.125.24.0-255,2002,13954,15,153990
26256,6.8e-05,172.31.36.0-255,66,14020,15,153990
26257,0.000136,74.125.24.0-255,1484,15504,15,153990
26258,0.000139,172.31.36.0-255,66,15570,15,153990
26259,0.000167,74.125.24.0-255,2902,18472,15,153990
26260,0.00017,172.31.36.0-255,66,18538,15,153990
26261,0.000176,74.125.24.0-255,4320,22858,15,153990
26262,0.000178,172.31.36.0-255,66,22924,15,153990
26263,0.000199,74.125.24.0-255,1484,24408,15,153990
26264,0.000202,172.31.36.0-255,66,24474,15,153990
26265,0.00021,74.125.24.0-255,6797,31271,15,153990
26266,0.000213,172.31.36.0-255,66,31337,15,153990
26267,0.000455,74.125.24.0-255,1484,32821,15,153990
26268,0.00046,172.31.36.0-255,66,32887,15,153990
26269,0.000468,74.125.24.0-255,2902,35789,15,153990
26270,0.000471,172.31.36.0-255,66,35855,15,153990
26271,0.000482,74.125.24.0-255,5738,41593,15,153990
26272,0.000485,172.31.36.0-255,66,41659,15,153990
26273,0.000501,74.125.24.0-255,4320,45979,15,153990
26274,0.000503,172.31.36.0-255,66,46045,15,153990
26275,0.000524,74.125.24.0-255,2543,48588,15,153990
26276,0.000527,172.31.36.0-255,66,48654,15,153990
26277,0.000579,74.125.24.0-255,1484,50138,15,153990
26278,0.000583,172.31.36.0-255,66,50204,15,153990
26279,0.000588,74.125.24.0-255,2902,53106,15,153990
26280,0.00059,172.31.36.0-255,66,53172,15,153990
26281,0.000594,74.125.24.0-255,1484,54656,15,153990
26282,0.000601,172.31.36.0-255,66,54722,15,153990
26283,0.000632,74.125.24.0-255,1484,56206,15,153990
26284,0.000636,172.31.36.0-255,66,56272,15,153990
26285,0.000644,74.125.24.0-255,7156,63428,15,153990
26286,0.000646,172.31.36.0-255,66,63494,15,153990
26287,0.000651,74.125.24.0-255,2878,66372,15,153990
26288,0.000653,172.31.36.0-255,66,66438,15,153990
26289,0.000755,74.125.24.0-255,344,66782,15,153990
26290,0.00076,172.31.36.0-255,66,66848,15,153990
26291,0.000933,74.125.24.0-255,1484,68332,15,153990
26292,0.000937,172.31.36.0-255,66,68398,15,153990
26293,0.000955,74.125.24.0-255,1484,69882,15,153990
26294,0.000957,172.31.36.0-255,66,69948,15,153990
26295,0.000962,74.125.24.0-255,2902,72850,15,153990
26296,0.000964,172.31.36.0-255,66,72916,15,153990
26297,0.000969,74.125.24.0-255,2902,75818,15,153990
26298,0.000971,172.31.36.0-255,66,75884,15,153990
26299,0.000996,74.125.24.0-255,2902,78786,15,153990
26300,0.000998,172.31.36.0-255,66,78852,15,153990
26301,0.001003,74.125.24.0-255,2902,81754,15,153990
26302,0.001006,172.31.36.0-255,66,81820,15,153990
26303,0.001032,74.125.24.0-255,2543,84363,15,153990
26304,0.001035,172.31.36.0-255,66,84429,15,153990
26305,0.001041,74.125.24.0-255,5738,90167,15,153990
26306,0.001043,172.31.36.0-255,66,90233,15,153990
26307,0.001067,74.125.24.0-255,7156,97389,15,153990
26308,0.00107,172.31.36.0-255,66,97455,15,153990
26309,0.001094,74.125.24.0-255,3961,101416,15,153990
26310,0.001096,172.31.36.0-255,66,101482,15,153990
26311,0.001661,74.125.24.0-255,1484,102966,15,153990
26312,0.001666,172.31.36.0-255,66,103032,15,153990
26313,0.001675,74.125.24.0-255,2902,105934,15,153990
26314,0.001677,172.31.36.0-255,66,106000,15,153990
26315,0.001688,74.125.24.0-255,4320,110320,15,153990
26316,0.00169,172.31.36.0-255,66,110386,15,153990
26317,0.001718,74.125.24.0-255,1484,111870,15,153990
26318,0.00172,172.31.36.0-255,66,111936,15,153990
26319,0.001725,74.125.24.0-255,2902,114838,15,153990
26320,0.001727,172.31.36.0-255,66,114904,15,153990
26321,0.001759,172.31.36.0-255,66,114970,15,153990
26322,0.00178,74.125.24.0-255,1484,116454,15,153990
26323,0.001782,172.31.36.0-255,66,116520,15,153990
26324,0.001825,172.31.36.0-255,66,116586,15,153990
26325,0.00214,74.125.24.0-255,1484,118070,15,153990
26326,0.002146,172.31.36.0-255,66,118136,15,153990
26327,0.002152,74.125.24.0-255,2902,121038,15,153990
26328,0.002155,172.31.36.0-255,66,121104,15,153990
26329,0.002159,74.125.24.0-255,1484,122588,15,153990
26330,0.002166,172.31.36.0-255,66,122654,15,153990
26331,0.002196,74.125.24.0-255,4320,126974,15,153990
26332,0.002198,172.31.36.0-255,66,127040,15,153990
26333,0.002206,74.125.24.0-255,7156,134196,15,153990
26334,0.002209,172.31.36.0-255,66,134262,15,153990
26335,0.002219,172.31.36.0-255,66,134328,15,153990
26336,0.002222,74.125.24.0-255,1484,135812,15,153990
26337,0.002224,172.31.36.0-255,66,135878,15,153990
26338,0.002261,74.125.24.0-255,6438,142316,15,153990
26339,0.002264,172.31.36.0-255,66,142382,15,153990
26340,0.004817,74.125.24.0-255,5738,148120,15,153990
26341,0.004825,172.31.36.0-255,66,148186,15,153990
26342,0.007418,74.125.24.0-255,5738,153924,15,153990
26343,0.007426,172.31.36.0-255,66,153990,15,153990
26344,0.0,74.125.24.0-255,152,152,15,223428
26345,2.8e-05,172.31.36.0-255,66,218,15,223428
26346,3.4e-05,74.125.24.0-255,1484,1702,15,223428
26347,3.9e-05,172.31.36.0-255,66,1768,15,223428
26348,4.4e-05,74.125.24.0-255,2902,4670,15,223428
26349,4.7e-05,172.31.36.0-255,66,4736,15,223428
26350,5.4e-05,74.125.24.0-255,7156,11892,15,223428
26351,5.6e-05,172.31.36.0-255,66,11958,15,223428
26352,6.1e-05,74.125.24.0-255,2902,14860,15,223428
26353,6.3e-05,172.31.36.0-255,66,14926,15,223428
26354,0.00011,172.31.36.0-255,66,14992,15,223428
26355,0.000114,74.125.24.0-255,2543,17535,15,223428
26356,0.000116,172.31.36.0-255,66,17601,15,223428
26357,0.00015,74.125.24.0-255,1484,19085,15,223428
26358,0.000153,172.31.36.0-255,66,19151,15,223428
26359,0.000158,74.125.24.0-255,2902,22053,15,223428
26360,0.000161,172.31.36.0-255,66,22119,15,223428
26361,0.000183,74.125.24.0-255,4320,26439,15,223428
26362,0.000186,172.31.36.0-255,66,26505,15,223428
26363,0.000207,74.125.24.0-255,1484,27989,15,223428
26364,0.000209,172.31.36.0-255,66,28055,15,223428
26365,0.000216,74.125.24.0-255,5738,33793,15,223428
26366,0.000218,172.31.36.0-255,66,33859,15,223428
26367,0.000221,74.125.24.0-255,1125,34984,15,223428
26368,0.000223,172.31.36.0-255,66,35050,15,223428
26369,0.000239,74.125.24.0-255,1484,36534,15,223428
26370,0.000242,172.31.36.0-255,66,36600,15,223428
26371,0.000246,74.125.24.0-255,2902,39502,15,223428
26372,0.000248,172.31.36.0-255,66,39568,15,223428
26373,0.000275,74.125.24.0-255,1484,41052,15,223428
26374,0.00028,172.31.36.0-255,66,41118,15,223428
26375,0.000288,74.125.24.0-255,1452,42570,15,223428
26376,0.000297,172.31.36.0-255,66,42636,15,223428
26377,0.0003,74.125.24.0-255,116,42752,15,223428
26378,0.000328,74.125.24.0-255,332,43084,15,223428
26379,0.000616,74.125.24.0-255,1484,44568,15,223428
26380,0.000621,172.31.36.0-255,66,44634,15,223428
26381,0.000626,74.125.24.0-255,2902,47536,15,223428
26382,0.000629,74.125.24.0-255,1484,49020,15,223428
26383,0.000629,172.31.36.0-255,66,49086,15,223428
26384,0.000645,74.125.24.0-255,4320,53406,15,223428
26385,0.000649,74.125.24.0-255,1484,54890,15,223428
26386,0.000655,172.31.36.0-255,66,54956,15,223428
26387,0.000685,74.125.24.0-255,2902,57858,15,223428
26388,0.000685,172.31.36.0-255,66,57924,15,223428
26389,0.00069,172.31.36.0-255,66,57990,15,223428
26390,0.000716,172.31.36.0-255,66,58056,15,223428
26391,0.000965,74.125.24.0-255,1484,59540,15,223428
26392,0.00097,74.125.24.0-255,1484,61024,15,223428
26393,0.000973,172.31.36.0-255,66,61090,15,223428
26394,0.000992,74.125.24.0-255,1484,62574,15,223428
26395,0.000998,74.125.24.0-255,5738,68312,15,223428
26396,0.001003,74.125.24.0-255,4320,72632,15,223428
26397,0.00101,172.31.36.0-255,66,72698,15,223428
26398,0.001038,172.31.36.0-255,66,72764,15,223428
26399,0.001059,74.125.24.0-255,4320,77084,15,223428
26400,0.001064,172.31.36.0-255,66,77150,15,223428
26401,0.001074,74.125.24.0-255,6438,83588,15,223428
26402,0.00108,172.31.36.0-255,66,83654,15,223428
26403,0.001366,74.125.24.0-255,1484,85138,15,223428
26404,0.001371,74.125.24.0-255,2902,88040,15,223428
26405,0.001375,172.31.36.0-255,66,88106,15,223428
26406,0.00138,74.125.24.0-255,2902,91008,15,223428
26407,0.001383,172.31.36.0-255,66,91074,15,223428
26408,0.001397,74.125.24.0-255,2902,93976,15,223428
26409,0.001403,74.125.24.0-255,4320,98296,15,223428
26410,0.00141,172.31.36.0-255,66,98362,15,223428
26411,0.001445,172.31.36.0-255,66,98428,15,223428
26412,0.00148,172.31.36.0-255,66,98494,15,223428
26413,0.001584,74.125.24.0-255,1484,99978,15,223428
26414,0.00159,74.125.24.0-255,2902,102880,15,223428
26415,0.001594,172.31.36.0-255,66,102946,15,223428
26416,0.001607,74.125.24.0-255,5738,108684,15,223428
26417,0.001612,172.31.36.0-255,66,108750,15,223428
26418,0.001621,74.125.24.0-255,4320,113070,15,223428
26419,0.001626,172.31.36.0-255,66,113136,15,223428
26420,0.001637,74.125.24.0-255,2902,116038,15,223428
26421,0.001641,172.31.36.0-255,66,116104,15,223428
26422,0.001659,74.125.24.0-255,5738,121842,15,223428
26423,0.001662,74.125.24.0-255,1484,123326,15,223428
26424,0.001668,172.31.36.0-255,66,123392,15,223428
26425,0.001677,74.125.24.0-255,4320,127712,15,223428
26426,0.001681,172.31.36.0-255,66,127778,15,223428
26427,0.001697,74.125.24.0-255,5020,132798,15,223428
26428,0.001701,172.31.36.0-255,66,132864,15,223428
26429,0.001776,74.125.24.0-255,1484,134348,15,223428
26430,0.001798,74.125.24.0-255,2902,137250,15,223428
26431,0.001804,74.125.24.0-255,5738,142988,15,223428
26432,0.00181,172.31.36.0-255,66,143054,15,223428
26433,0.00183,74.125.24.0-255,5738,148792,15,223428
26434,0.001835,172.31.36.0-255,66,148858,15,223428
26435,0.001854,74.125.24.0-255,4320,153178,15,223428
26436,0.001865,172.31.36.0-255,66,153244,15,223428
26437,0.001912,172.31.36.0-255,66,153310,15,223428
26438,0.001914,74.125.24.0-255,2184,155494,15,223428
26439,0.001916,74.125.24.0-255,1484,156978,15,223428
26440,0.001921,74.125.24.0-255,2902,159880,15,223428
26441,0.001929,172.31.36.0-255,66,159946,15,223428
26442,0.00194,74.125.24.0-255,5738,165684,15,223428
26443,0.001943,172.31.36.0-255,66,165750,15,223428
26444,0.001982,172.31.36.0-255,66,165816,15,223428
26445,0.002014,74.125.24.0-255,5738,171554,15,223428
26446,0.002019,172.31.36.0-255,66,171620,15,223428
26447,0.002065,172.31.36.0-255,66,171686,15,223428
26448,0.002081,74.125.24.0-255,1484,173170,15,223428
26449,0.002087,74.125.24.0-255,2902,176072,15,223428
26450,0.0021,172.31.36.0-255,66,176138,15,223428
26451,0.002111,74.125.24.0-255,5738,181876,15,223428
26452,0.002119,172.31.36.0-255,66,181942,15,223428
26453,0.002122,74.125.24.0-255,1484,183426,15,223428
26454,0.002126,74.125.24.0-255,1484,184910,15,223428
26455,0.002132,172.31.36.0-255,66,184976,15,223428
26456,0.002144,74.125.24.0-255,7156,192132,15,223428
26457,0.002149,172.31.36.0-255,66,192198,15,223428
26458,0.002187,172.31.36.0-255,66,192264,15,223428
26459,0.002243,74.125.24.0-255,1484,193748,15,223428
26460,0.002247,74.125.24.0-255,1484,195232,15,223428
26461,0.002258,172.31.36.0-255,66,195298,15,223428
26462,0.002258,74.125.24.0-255,1484,196782,15,223428
26463,0.00229,74.125.24.0-255,1484,198266,15,223428
26464,0.002294,172.31.36.0-255,66,198332,15,223428
26465,0.002311,74.125.24.0-255,4320,202652,15,223428
26466,0.002319,172.31.36.0-255,66,202718,15,223428
26467,0.002323,172.31.36.0-255,66,202784,15,223428
26468,0.002345,74.125.24.0-255,2902,205686,15,223428
26469,0.002348,172.31.36.0-255,66,205752,15,223428
26470,0.002354,74.125.24.0-255,5738,211490,15,223428
26471,0.002364,172.31.36.0-255,66,211556,15,223428
26472,0.002369,172.31.36.0-255,66,211622,15,223428
26473,0.002426,172.31.36.0-255,66,211688,15,223428
26474,0.00243,172.31.36.0-255,66,211754,15,223428
26475,0.004794,74.125.24.0-255,5738,217492,15,223428
26476,0.0048,172.31.36.0-255,66,217558,15,223428
26477,0.007161,74.125.24.0-255,4320,221878,15,223428
26478,0.007172,74.125.24.0-255,1484,223362,15,223428
26479,0.009639,172.31.36.0-255,66,223428,15,223428
26480,0.0,172.217.194.0-255,219,219,15,138224
26481,2.6e-05,172.31.36.0-255,66,285,15,138224
26482,3.3e-05,172.217.194.0-255,1484,1769,15,138224
26483,3.8e-05,172.31.36.0-255,66,1835,15,138224
26484,6.7e-05,172.217.194.0-255,4320,6155,15,138224
26485,7.5e-05,172.31.36.0-255,66,6221,15,138224
26486,8e-05,172.217.194.0-255,2902,9123,15,138224
26487,8.2e-05,172.31.36.0-255,66,9189,15,138224
26488,0.000104,172.217.194.0-255,2902,12091,15,138224
26489,0.000111,172.31.36.0-255,66,12157,15,138224
26490,0.000115,172.217.194.0-255,1905,14062,15,138224
26491,0.000117,172.31.36.0-255,66,14128,15,138224
26492,0.000176,172.217.194.0-255,1484,15612,15,138224
26493,0.00018,172.31.36.0-255,66,15678,15,138224
26494,0.000205,172.217.194.0-255,2902,18580,15,138224
26495,0.000208,172.31.36.0-255,66,18646,15,138224
26496,0.000214,172.217.194.0-255,5738,24384,15,138224
26497,0.000216,172.31.36.0-255,66,24450,15,138224
26498,0.000269,172.217.194.0-255,6797,31247,15,138224
26499,0.000273,172.31.36.0-255,66,31313,15,138224
26500,0.000868,172.217.194.0-255,1484,32797,15,138224
26501,0.000873,172.31.36.0-255,66,32863,15,138224
26502,0.000884,172.217.194.0-255,2902,35765,15,138224
26503,0.000886,172.31.36.0-255,66,35831,15,138224
26504,0.000919,172.217.194.0-255,5738,41569,15,138224
26505,0.000922,172.31.36.0-255,66,41635,15,138224
26506,0.000926,172.217.194.0-255,1484,43119,15,138224
26507,0.000928,172.31.36.0-255,66,43185,15,138224
26508,0.000955,172.217.194.0-255,4320,47505,15,138224
26509,0.000962,172.31.36.0-255,66,47571,15,138224
26510,0.000989,172.217.194.0-255,3961,51532,15,138224
26511,0.000992,172.31.36.0-255,66,51598,15,138224
26512,0.00102,172.217.194.0-255,4320,55918,15,138224
26513,0.001025,172.31.36.0-255,66,55984,15,138224
26514,0.001043,172.217.194.0-255,2902,58886,15,138224
26515,0.001045,172.31.36.0-255,66,58952,15,138224
26516,0.001077,172.217.194.0-255,5738,64690,15,138224
26517,0.001081,172.31.36.0-255,66,64756,15,138224
26518,0.001085,172.217.194.0-255,1378,66134,15,138224
26519,0.001252,172.217.194.0-255,118,66252,15,138224
26520,0.001299,172.31.36.0-255,66,66318,15,138224
26521,0.00142,172.217.194.0-255,1484,67802,15,138224
26522,0.001428,172.217.194.0-255,2902,70704,15,138224
26523,0.001432,172.31.36.0-255,66,70770,15,138224
26524,0.001467,172.217.194.0-255,4320,75090,15,138224
26525,0.001471,172.31.36.0-255,66,75156,15,138224
26526,0.001503,172.31.36.0-255,66,75222,15,138224
26527,0.001552,172.31.36.0-255,66,75288,15,138224
26528,0.001557,172.217.194.0-255,4320,79608,15,138224
26529,0.001559,172.31.36.0-255,66,79674,15,138224
26530,0.001592,172.217.194.0-255,2184,81858,15,138224
26531,0.001595,172.31.36.0-255,66,81924,15,138224
26532,0.001691,172.217.194.0-255,1484,83408,15,138224
26533,0.001707,172.217.194.0-255,2902,86310,15,138224
26534,0.00171,172.31.36.0-255,66,86376,15,138224
26535,0.001745,172.217.194.0-255,5738,92114,15,138224
26536,0.001749,172.31.36.0-255,66,92180,15,138224
26537,0.001754,172.217.194.0-255,4320,96500,15,138224
26538,0.001757,172.31.36.0-255,66,96566,15,138224
26539,0.001787,172.217.194.0-255,5738,102304,15,138224
26540,0.001791,172.31.36.0-255,66,102370,15,138224
26541,0.001805,172.217.194.0-255,4320,106690,15,138224
26542,0.001812,172.31.36.0-255,66,106756,15,138224
26543,0.00185,172.31.36.0-255,66,106822,15,138224
26544,0.001919,172.31.36.0-255,66,106888,15,138224
26545,0.001924,172.217.194.0-255,4320,111208,15,138224
26546,0.001926,172.31.36.0-255,66,111274,15,138224
26547,0.001966,172.31.36.0-255,66,111340,15,138224
26548,0.001972,172.217.194.0-255,3602,114942,15,138224
26549,0.001974,172.31.36.0-255,66,115008,15,138224
26550,0.003949,172.217.194.0-255,5738,120746,15,138224
26551,0.003957,172.31.36.0-255,66,120812,15,138224
26552,0.00595,172.217.194.0-255,5738,126550,15,138224
26553,0.005955,172.31.36.0-255,66,126616,15,138224
26554,0.007921,172.217.194.0-255,5738,132354,15,138224
26555,0.007927,172.31.36.0-255,66,132420,15,138224
26556,0.009922,172.217.194.0-255,5738,138158,15,138224
26557,0.009928,172.31.36.0-255,66,138224,15,138224
26558,0.0,74.125.24.0-255,154,154,15,247255
26559,1.5e-05,172.31.36.0-255,66,220,15,247255
26560,2.2e-05,74.125.24.0-255,1484,1704,15,247255
26561,2.7e-05,172.31.36.0-255,66,1770,15,247255
26562,3.4e-05,74.125.24.0-255,2902,4672,15,247255
26563,3.8e-05,172.31.36.0-255,66,4738,15,247255
26564,4.6e-05,74.125.24.0-255,7156,11894,15,247255
26565,4.9e-05,172.31.36.0-255,66,11960,15,247255
26566,5.4e-05,74.125.24.0-255,2049,14009,15,247255
26567,5.7e-05,172.31.36.0-255,66,14075,15,247255
26568,0.000141,74.125.24.0-255,1484,15559,15,247255
26569,0.000145,172.31.36.0-255,66,15625,15,247255
26570,0.000151,74.125.24.0-255,2902,18527,15,247255
26571,0.000154,172.31.36.0-255,66,18593,15,247255
26572,0.000175,74.125.24.0-255,5738,24331,15,247255
26573,0.000178,172.31.36.0-255,66,24397,15,247255
26574,0.0002,74.125.24.0-255,7156,31553,15,247255
26575,0.000203,172.31.36.0-255,66,31619,15,247255
26576,0.000225,74.125.24.0-255,6797,38416,15,247255
26577,0.000229,172.31.36.0-255,66,38482,15,247255
26578,0.000243,172.31.36.0-255,66,38548,15,247255
26579,0.000249,74.125.24.0-255,5738,44286,15,247255
26580,0.000252,172.31.36.0-255,66,44352,15,247255
26581,0.000281,74.125.24.0-255,6438,50790,15,247255
26582,0.000284,172.31.36.0-255,66,50856,15,247255
26583,0.000287,74.125.24.0-255,400,51256,15,247255
26584,0.000289,172.31.36.0-255,66,51322,15,247255
26585,0.000311,74.125.24.0-255,110,51432,15,247255
26586,0.000313,172.31.36.0-255,66,51498,15,247255
26587,0.000478,74.125.24.0-255,1484,52982,15,247255
26588,0.000483,172.31.36.0-255,66,53048,15,247255
26589,0.000489,74.125.24.0-255,2902,55950,15,247255
26590,0.000492,172.31.36.0-255,66,56016,15,247255
26591,0.000499,74.125.24.0-255,5738,61754,15,247255
26592,0.000501,172.31.36.0-255,66,61820,15,247255
26593,0.000505,74.125.24.0-255,2902,64722,15,247255
26594,0.000508,172.31.36.0-255,66,64788,15,247255
26595,0.000537,74.125.24.0-255,4320,69108,15,247255
26596,0.000552,74.125.24.0-255,2184,71292,15,247255
26597,0.000557,172.31.36.0-255,66,71358,15,247255
26598,0.000565,172.31.36.0-255,66,71424,15,247255
26599,0.000567,172.31.36.0-255,66,71490,15,247255
26600,0.000679,74.125.24.0-255,1484,72974,15,247255
26601,0.000684,74.125.24.0-255,1484,74458,15,247255
26602,0.000688,172.31.36.0-255,66,74524,15,247255
26603,0.0007,74.125.24.0-255,1484,76008,15,247255
26604,0.000719,74.125.24.0-255,5738,81746,15,247255
26605,0.000722,172.31.36.0-255,66,81812,15,247255
26606,0.000725,74.125.24.0-255,1484,83296,15,247255
26607,0.000756,172.31.36.0-255,66,83362,15,247255
26608,0.000767,172.31.36.0-255,66,83428,15,247255
26609,0.000841,74.125.24.0-255,1484,84912,15,247255
26610,0.000845,74.125.24.0-255,1484,86396,15,247255
26611,0.000847,172.31.36.0-255,66,86462,15,247255
26612,0.000865,74.125.24.0-255,1484,87946,15,247255
26613,0.000872,74.125.24.0-255,5738,93684,15,247255
26614,0.000874,172.31.36.0-255,66,93750,15,247255
26615,0.000881,74.125.24.0-255,5738,99488,15,247255
26616,0.000883,172.31.36.0-255,66,99554,15,247255
26617,0.000912,74.125.24.0-255,7156,106710,15,247255
26618,0.000915,172.31.36.0-255,66,106776,15,247255
26619,0.000929,172.31.36.0-255,66,106842,15,247255
26620,0.001,74.125.24.0-255,1484,108326,15,247255
26621,0.001005,74.125.24.0-255,2902,111228,15,247255
26622,0.001008,172.31.36.0-255,66,111294,15,247255
26623,0.001029,74.125.24.0-255,5738,117032,15,247255
26624,0.001032,172.31.36.0-255,66,117098,15,247255
26625,0.001035,74.125.24.0-255,1484,118582,15,247255
26626,0.001065,172.31.36.0-255,66,118648,15,247255
26627,0.001078,172.31.36.0-255,66,118714,15,247255
26628,0.001235,74.125.24.0-255,1484,120198,15,247255
26629,0.001241,74.125.24.0-255,2902,123100,15,247255
26630,0.001244,172.31.36.0-255,66,123166,15,247255
26631,0.001262,74.125.24.0-255,5738,128904,15,247255
26632,0.001265,172.31.36.0-255,66,128970,15,247255
26633,0.001272,74.125.24.0-255,7156,136126,15,247255
26634,0.001275,172.31.36.0-255,66,136192,15,247255
26635,0.001298,74.125.24.0-255,7156,143348,15,247255
26636,0.001301,172.31.36.0-255,66,143414,15,247255
26637,0.001327,74.125.24.0-255,7156,150570,15,247255
26638,0.00133,172.31.36.0-255,66,150636,15,247255
26639,0.001334,74.125.24.0-255,2184,152820,15,247255
26640,0.001336,172.31.36.0-255,66,152886,15,247255
26641,0.001592,74.125.24.0-255,1484,154370,15,247255
26642,0.001599,74.125.24.0-255,2902,157272,15,247255
26643,0.001602,172.31.36.0-255,66,157338,15,247255
26644,0.001608,74.125.24.0-255,2902,160240,15,247255
26645,0.00161,172.31.36.0-255,66,160306,15,247255
26646,0.001624,74.125.24.0-255,2902,163208,15,247255
26647,0.001631,74.125.24.0-255,7156,170364,15,247255
26648,0.001642,172.31.36.0-255,66,170430,15,247255
26649,0.001646,172.31.36.0-255,66,170496,15,247255
26650,0.00165,74.125.24.0-255,1484,171980,15,247255
26651,0.001682,74.125.24.0-255,5738,177718,15,247255
26652,0.001685,172.31.36.0-255,66,177784,15,247255
26653,0.001712,172.31.36.0-255,66,177850,15,247255
26654,0.001844,74.125.24.0-255,1484,179334,15,247255
26655,0.00185,74.125.24.0-255,2902,182236,15,247255
26656,0.001853,172.31.36.0-255,66,182302,15,247255
26657,0.001858,74.125.24.0-255,2902,185204,15,247255
26658,0.00186,172.31.36.0-255,66,185270,15,247255
26659,0.001877,74.125.24.0-255,2902,188172,15,247255
26660,0.00188,172.31.36.0-255,66,188238,15,247255
26661,0.001884,74.125.24.0-255,2902,191140,15,247255
26662,0.001886,172.31.36.0-255,66,191206,15,247255
26663,0.001892,74.125.24.0-255,4320,195526,15,247255
26664,0.001895,172.31.36.0-255,66,195592,15,247255
26665,0.001898,74.125.24.0-255,1484,197076,15,247255
26666,0.001926,74.125.24.0-255,7156,204232,15,247255
26667,0.001937,172.31.36.0-255,66,204298,15,247255
26668,0.00194,172.31.36.0-255,66,204364,15,247255
26669,0.001982,74.125.24.0-255,5738,210102,15,247255
26670,0.001986,172.31.36.0-255,66,210168,15,247255
26671,0.002006,74.125.24.0-255,2902,213070,15,247255
26672,0.002009,172.31.36.0-255,66,213136,15,247255
26673,0.00202,172.31.36.0-255,66,213202,15,247255
26674,0.002059,172.31.36.0-255,66,213268,15,247255
26675,0.002077,74.125.24.0-255,1484,214752,15,247255
26676,0.002081,74.125.24.0-255,2902,217654,15,247255
26677,0.002084,172.31.36.0-255,66,217720,15,247255
26678,0.002108,74.125.24.0-255,5738,223458,15,247255
26679,0.002111,172.31.36.0-255,66,223524,15,247255
26680,0.002148,74.125.24.0-255,4320,227844,15,247255
26681,0.002151,172.31.36.0-255,66,227910,15,247255
26682,0.002176,172.31.36.0-255,66,227976,15,247255
26683,0.002188,172.31.36.0-255,66,228042,15,247255
26684,0.002199,172.31.36.0-255,66,228108,15,247255
26685,0.002224,74.125.24.0-255,7156,235264,15,247255
26686,0.002226,172.31.36.0-255,66,235330,15,247255
26687,0.002243,74.125.24.0-255,7156,242486,15,247255
26688,0.002246,172.31.36.0-255,66,242552,15,247255
26689,0.002272,74.125.24.0-255,4326,246878,15,247255
26690,0.002276,172.31.36.0-255,66,246944,15,247255
26691,0.002279,74.125.24.0-255,105,247049,15,247255
26692,0.009142,172.31.36.0-255,101,247150,15,247255
26693,0.009462,172.31.36.0-255,105,247255,15,247255
26694,0.0,74.125.24.0-255,156,156,15,151125
26695,3.4e-05,172.31.36.0-255,66,222,15,151125
26696,4.2e-05,74.125.24.0-255,1484,1706,15,151125
26697,4.6e-05,172.31.36.0-255,66,1772,15,151125
26698,5.9e-05,74.125.24.0-255,2902,4674,15,151125
26699,6.3e-05,172.31.36.0-255,66,4740,15,151125
26700,6.8e-05,74.125.24.0-255,4320,9060,15,151125
26701,7.1e-05,172.31.36.0-255,66,9126,15,151125
26702,0.000105,74.125.24.0-255,4885,14011,15,151125
26703,0.000114,172.31.36.0-255,66,14077,15,151125
26704,0.000144,74.125.24.0-255,5738,19815,15,151125
26705,0.000147,172.31.36.0-255,66,19881,15,151125
26706,0.00015,74.125.24.0-255,1484,21365,15,151125
26707,0.000153,172.31.36.0-255,66,21431,15,151125
26708,0.000189,74.125.24.0-255,5738,27169,15,151125
26709,0.000192,172.31.36.0-255,66,27235,15,151125
26710,0.000199,74.125.24.0-255,3961,31196,15,151125
26711,0.000201,172.31.36.0-255,66,31262,15,151125
26712,0.000204,74.125.24.0-255,1484,32746,15,151125
26713,0.000206,172.31.36.0-255,66,32812,15,151125
26714,0.000238,74.125.24.0-255,2902,35714,15,151125
26715,0.000241,172.31.36.0-255,66,35780,15,151125
26716,0.00026,172.31.36.0-255,66,35846,15,151125
26717,0.000264,74.125.24.0-255,2543,38389,15,151125
26718,0.000267,172.31.36.0-255,66,38455,15,151125
26719,0.000377,74.125.24.0-255,1484,39939,15,151125
26720,0.000382,172.31.36.0-255,66,40005,15,151125
26721,0.000387,74.125.24.0-255,2902,42907,15,151125
26722,0.00039,172.31.36.0-255,66,42973,15,151125
26723,0.000413,74.125.24.0-255,5738,48711,15,151125
26724,0.000422,172.31.36.0-255,66,48777,15,151125
26725,0.000475,74.125.24.0-255,7142,55919,15,151125
26726,0.000479,172.31.36.0-255,66,55985,15,151125
26727,0.000778,74.125.24.0-255,332,56317,15,151125
26728,0.000802,172.31.36.0-255,66,56383,15,151125
26729,0.001053,74.125.24.0-255,1484,57867,15,151125
26730,0.001063,74.125.24.0-255,2902,60769,15,151125
26731,0.001067,172.31.36.0-255,66,60835,15,151125
26732,0.001074,74.125.24.0-255,4320,65155,15,151125
26733,0.001077,172.31.36.0-255,66,65221,15,151125
26734,0.0011,74.125.24.0-255,1484,66705,15,151125
26735,0.001117,172.31.36.0-255,66,66771,15,151125
26736,0.001128,172.31.36.0-255,66,66837,15,151125
26737,0.001159,74.125.24.0-255,5020,71857,15,151125
26738,0.001163,172.31.36.0-255,66,71923,15,151125
26739,0.001478,74.125.24.0-255,1484,73407,15,151125
26740,0.001488,74.125.24.0-255,2902,76309,15,151125
26741,0.001493,172.31.36.0-255,66,76375,15,151125
26742,0.001521,74.125.24.0-255,5738,82113,15,151125
26743,0.001524,172.31.36.0-255,66,82179,15,151125
26744,0.001528,74.125.24.0-255,2902,85081,15,151125
26745,0.00153,172.31.36.0-255,66,85147,15,151125
26746,0.001536,74.125.24.0-255,4320,89467,15,151125
26747,0.001544,172.31.36.0-255,66,89533,15,151125
26748,0.001579,172.31.36.0-255,66,89599,15,151125
26749,0.001586,74.125.24.0-255,5738,95337,15,151125
26750,0.001588,172.31.36.0-255,66,95403,15,151125
26751,0.001614,74.125.24.0-255,1484,96887,15,151125
26752,0.001632,74.125.24.0-255,766,97653,15,151125
26753,0.001635,172.31.36.0-255,66,97719,15,151125
26754,0.001714,74.125.24.0-255,1484,99203,15,151125
26755,0.001724,74.125.24.0-255,1484,100687,15,151125
26756,0.001726,172.31.36.0-255,66,100753,15,151125
26757,0.001753,74.125.24.0-255,1484,102237,15,151125
26758,0.001759,74.125.24.0-255,5738,107975,15,151125
26759,0.001762,172.31.36.0-255,66,108041,15,151125
26760,0.001781,74.125.24.0-255,2902,110943,15,151125
26761,0.001783,172.31.36.0-255,66,111009,15,151125
26762,0.001808,172.31.36.0-255,66,111075,15,151125
26763,0.001814,74.125.24.0-255,5738,116813,15,151125
26764,0.001816,172.31.36.0-255,66,116879,15,151125
26765,0.001846,74.125.24.0-255,5020,121899,15,151125
26766,0.001849,172.31.36.0-255,66,121965,15,151125
26767,0.001884,74.125.24.0-255,1484,123449,15,151125
26768,0.00192,74.125.24.0-255,2902,126351,15,151125
26769,0.001923,172.31.36.0-255,66,126417,15,151125
26770,0.001929,74.125.24.0-255,5738,132155,15,151125
26771,0.001932,172.31.36.0-255,66,132221,15,151125
26772,0.001983,172.31.36.0-255,66,132287,15,151125
26773,0.002002,172.31.36.0-255,66,132353,15,151125
26774,0.002005,74.125.24.0-255,766,133119,15,151125
26775,0.003486,172.31.36.0-255,66,133185,15,151125
26776,0.004018,74.125.24.0-255,2902,136087,15,151125
26777,0.004024,172.31.36.0-255,66,136153,15,151125
26778,0.004051,74.125.24.0-255,1484,137637,15,151125
26779,0.00556,74.125.24.0-255,1484,139121,15,151125
26780,0.005564,172.31.36.0-255,66,139187,15,151125
26781,0.00607,74.125.24.0-255,1484,140671,15,151125
26782,0.006081,74.125.24.0-255,1484,142155,15,151125
26783,0.006083,172.31.36.0-255,66,142221,15,151125
26784,0.007633,74.125.24.0-255,2902,145123,15,151125
26785,0.007636,172.31.36.0-255,66,145189,15,151125
26786,0.008122,74.125.24.0-255,2902,148091,15,151125
26787,0.008128,172.31.36.0-255,66,148157,15,151125
26788,0.009691,74.125.24.0-255,2902,151059,15,151125
26789,0.009697,172.31.36.0-255,66,151125,15,151125
26790,0.0,172.31.36.0-255,66,66,15,66
26791,0.0,74.125.130.0-255,150,150,15,182212
26792,3.4e-05,172.31.36.0-255,66,216,15,182212
26793,4.2e-05,74.125.130.0-255,1484,1700,15,182212
26794,4.6e-05,172.31.36.0-255,66,1766,15,182212
26795,5.1e-05,74.125.130.0-255,2902,4668,15,182212
26796,6.1e-05,172.31.36.0-255,66,4734,15,182212
26797,6.8e-05,74.125.130.0-255,5738,10472,15,182212
26798,7.1e-05,172.31.36.0-255,66,10538,15,182212
26799,7.5e-05,74.125.130.0-255,2902,13440,15,182212
26800,7.7e-05,172.31.36.0-255,66,13506,15,182212
26801,0.000109,74.125.130.0-255,646,14152,15,182212
26802,0.000111,172.31.36.0-255,66,14218,15,182212
26803,0.000257,74.125.130.0-255,1484,15702,15,182212
26804,0.000263,172.31.36.0-255,66,15768,15,182212
26805,0.000301,74.125.130.0-255,2902,18670,15,182212
26806,0.000305,172.31.36.0-255,66,18736,15,182212
26807,0.000311,74.125.130.0-255,4320,23056,15,182212
26808,0.000314,172.31.36.0-255,66,23122,15,182212
26809,0.000376,172.31.36.0-255,66,23188,15,182212
26810,0.000387,172.31.36.0-255,66,23254,15,182212
26811,0.000405,172.31.36.0-255,66,23320,15,182212
26812,0.000415,172.31.36.0-255,66,23386,15,182212
26813,0.000449,74.125.130.0-255,2902,26288,15,182212
26814,0.000453,172.31.36.0-255,66,26354,15,182212
26815,0.000458,74.125.130.0-255,3602,29956,15,182212
26816,0.00046,172.31.36.0-255,66,30022,15,182212
26817,0.000463,74.125.130.0-255,411,30433,15,182212
26818,0.000466,172.31.36.0-255,66,30499,15,182212
26819,0.000604,74.125.130.0-255,1484,31983,15,182212
26820,0.00061,74.125.130.0-255,1484,33467,15,182212
26821,0.000613,172.31.36.0-255,66,33533,15,182212
26822,0.000642,74.125.130.0-255,1484,35017,15,182212
26823,0.000645,74.125.130.0-255,1484,36501,15,182212
26824,0.000649,74.125.130.0-255,2902,39403,15,182212
26825,0.00065,172.31.36.0-255,66,39469,15,182212
26826,0.000654,172.31.36.0-255,66,39535,15,182212
26827,0.000685,74.125.130.0-255,5738,45273,15,182212
26828,0.000689,172.31.36.0-255,66,45339,15,182212
26829,0.000692,74.125.130.0-255,1484,46823,15,182212
26830,0.000694,74.125.130.0-255,1484,48307,15,182212
26831,0.000696,172.31.36.0-255,66,48373,15,182212
26832,0.000719,74.125.130.0-255,1400,49773,15,182212
26833,0.000726,74.125.130.0-255,5738,55511,15,182212
26834,0.000728,172.31.36.0-255,66,55577,15,182212
26835,0.000734,74.125.130.0-255,4320,59897,15,182212
26836,0.000736,172.31.36.0-255,66,59963,15,182212
26837,0.00074,74.125.130.0-255,2902,62865,15,182212
26838,0.000742,172.31.36.0-255,66,62931,15,182212
26839,0.000778,74.125.130.0-255,2543,65474,15,182212
26840,0.000781,172.31.36.0-255,66,65540,15,182212
26841,0.001487,74.125.130.0-255,1484,67024,15,182212
26842,0.001496,74.125.130.0-255,1484,68508,15,182212
26843,0.001501,172.31.36.0-255,66,68574,15,182212
26844,0.001539,74.125.130.0-255,1484,70058,15,182212
26845,0.001559,74.125.130.0-255,5738,75796,15,182212
26846,0.001563,172.31.36.0-255,66,75862,15,182212
26847,0.001569,74.125.130.0-255,4320,80182,15,182212
26848,0.001571,172.31.36.0-255,66,80248,15,182212
26849,0.001583,74.125.130.0-255,5738,85986,15,182212
26850,0.001586,172.31.36.0-255,66,86052,15,182212
26851,0.001598,172.31.36.0-255,66,86118,15,182212
26852,0.001601,74.125.130.0-255,2184,88302,15,182212
26853,0.001603,172.31.36.0-255,66,88368,15,182212
26854,0.001709,74.125.130.0-255,1484,89852,15,182212
26855,0.001714,74.125.130.0-255,1484,91336,15,182212
26856,0.001717,172.31.36.0-255,66,91402,15,182212
26857,0.001742,74.125.130.0-255,1484,92886,15,182212
26858,0.00175,74.125.130.0-255,5738,98624,15,182212
26859,0.001753,172.31.36.0-255,66,98690,15,182212
26860,0.001758,74.125.130.0-255,2902,101592,15,182212
26861,0.00176,172.31.36.0-255,66,101658,15,182212
26862,0.001801,172.31.36.0-255,66,101724,15,182212
26863,0.001827,74.125.130.0-255,4320,106044,15,182212
26864,0.00183,172.31.36.0-255,66,106110,15,182212
26865,0.001858,74.125.130.0-255,4320,110430,15,182212
26866,0.001861,172.31.36.0-255,66,110496,15,182212
26867,0.001867,74.125.130.0-255,2184,112680,15,182212
26868,0.00187,172.31.36.0-255,66,112746,15,182212
26869,0.001943,74.125.130.0-255,1484,114230,15,182212
26870,0.001962,74.125.130.0-255,2902,117132,15,182212
26871,0.001965,172.31.36.0-255,66,117198,15,182212
26872,0.001996,74.125.130.0-255,2902,120100,15,182212
26873,0.001998,172.31.36.0-255,66,120166,15,182212
26874,0.002015,74.125.130.0-255,2902,123068,15,182212
26875,0.002017,172.31.36.0-255,66,123134,15,182212
26876,0.002038,74.125.130.0-255,2902,126036,15,182212
26877,0.002041,172.31.36.0-255,66,126102,15,182212
26878,0.002058,74.125.130.0-255,4320,130422,15,182212
26879,0.002061,172.31.36.0-255,66,130488,15,182212
26880,0.00209,74.125.130.0-255,4320,134808,15,182212
26881,0.002092,172.31.36.0-255,66,134874,15,182212
26882,0.002097,74.125.130.0-255,2902,137776,15,182212
26883,0.002098,172.31.36.0-255,66,137842,15,182212
26884,0.002119,74.125.130.0-255,2902,140744,15,182212
26885,0.002126,172.31.36.0-255,66,140810,15,182212
26886,0.002129,74.125.130.0-255,1484,142294,15,182212
26887,0.002133,74.125.130.0-255,2902,145196,15,182212
26888,0.002135,172.31.36.0-255,66,145262,15,182212
26889,0.002155,74.125.130.0-255,2184,147446,15,182212
26890,0.002157,172.31.36.0-255,66,147512,15,182212
26891,0.002365,74.125.130.0-255,1484,148996,15,182212
26892,0.002384,74.125.130.0-255,2902,151898,15,182212
26893,0.002386,172.31.36.0-255,66,151964,15,182212
26894,0.002442,74.125.130.0-255,4320,156284,15,182212
26895,0.002445,172.31.36.0-255,66,156350,15,182212
26896,0.002451,74.125.130.0-255,5738,162088,15,182212
26897,0.002453,172.31.36.0-255,66,162154,15,182212
26898,0.002469,172.31.36.0-255,66,162220,15,182212
26899,0.002473,74.125.130.0-255,2902,165122,15,182212
26900,0.002475,172.31.36.0-255,66,165188,15,182212
26901,0.002494,74.125.130.0-255,1484,166672,15,182212
26902,0.002515,74.125.130.0-255,3602,170274,15,182212
26903,0.002517,172.31.36.0-255,66,170340,15,182212
26904,0.005157,74.125.130.0-255,2902,173242,15,182212
26905,0.005161,172.31.36.0-255,66,173308,15,182212
26906,0.005185,74.125.130.0-255,2902,176210,15,182212
26907,0.005187,172.31.36.0-255,66,176276,15,182212
26908,0.007785,74.125.130.0-255,2902,179178,15,182212
26909,0.007791,172.31.36.0-255,66,179244,15,182212
26910,0.007824,74.125.130.0-255,2902,182146,15,182212
26911,0.007828,172.31.36.0-255,66,182212,15,182212
26912,0.0,74.125.24.0-255,146,146,15,222009
26913,3.4e-05,172.31.36.0-255,66,212,15,222009
26914,4.2e-05,74.125.24.0-255,1484,1696,15,222009
26915,4.7e-05,172.31.36.0-255,66,1762,15,222009
26916,5.2e-05,74.125.24.0-255,2902,4664,15,222009
26917,5.4e-05,172.31.36.0-255,66,4730,15,222009
26918,6e-05,74.125.24.0-255,5738,10468,15,222009
26919,6.2e-05,172.31.36.0-255,66,10534,15,222009
26920,9.6e-05,74.125.24.0-255,3448,13982,15,222009
26921,9.9e-05,172.31.36.0-255,66,14048,15,222009
26922,0.000406,74.125.24.0-255,1484,15532,15,222009
26923,0.000412,172.31.36.0-255,66,15598,15,222009
26924,0.000417,74.125.24.0-255,2902,18500,15,222009
26925,0.000419,172.31.36.0-255,66,18566,15,222009
26926,0.000448,74.125.24.0-255,5738,24304,15,222009
26927,0.000451,172.31.36.0-255,66,24370,15,222009
26928,0.00046,74.125.24.0-255,6797,31167,15,222009
26929,0.000463,172.31.36.0-255,66,31233,15,222009
26930,0.000633,74.125.24.0-255,1484,32717,15,222009
26931,0.000638,172.31.36.0-255,66,32783,15,222009
26932,0.000647,74.125.24.0-255,2902,35685,15,222009
26933,0.00065,172.31.36.0-255,66,35751,15,222009
26934,0.000655,74.125.24.0-255,2902,38653,15,222009
26935,0.000656,172.31.36.0-255,66,38719,15,222009
26936,0.000681,74.125.24.0-255,2902,41621,15,222009
26937,0.000684,172.31.36.0-255,66,41687,15,222009
26938,0.0007,172.31.36.0-255,66,41753,15,222009
26939,0.000707,74.125.24.0-255,5738,47491,15,222009
26940,0.000709,172.31.36.0-255,66,47557,15,222009
26941,0.000733,74.125.24.0-255,3961,51518,15,222009
26942,0.000736,172.31.36.0-255,66,51584,15,222009
26943,0.000739,74.125.24.0-255,396,51980,15,222009
26944,0.000741,172.31.36.0-255,66,52046,15,222009
26945,0.000858,74.125.24.0-255,111,52157,15,222009
26946,0.000862,172.31.36.0-255,66,52223,15,222009
26947,0.000999,74.125.24.0-255,1484,53707,15,222009
26948,0.001005,172.31.36.0-255,66,53773,15,222009
26949,0.001019,74.125.24.0-255,2902,56675,15,222009
26950,0.001023,172.31.36.0-255,66,56741,15,222009
26951,0.001029,74.125.24.0-255,5738,62479,15,222009
26952,0.001032,172.31.36.0-255,66,62545,15,222009
26953,0.001077,74.125.24.0-255,2902,65447,15,222009
26954,0.001081,172.31.36.0-255,66,65513,15,222009
26955,0.001103,74.125.24.0-255,3961,69474,15,222009
26956,0.00111,172.31.36.0-255,66,69540,15,222009
26957,0.001111,74.125.24.0-255,7156,76696,15,222009
26958,0.001117,74.125.24.0-255,5738,82434,15,222009
26959,0.001126,172.31.36.0-255,66,82500,15,222009
26960,0.001135,74.125.24.0-255,3961,86461,15,222009
26961,0.001141,172.31.36.0-255,66,86527,15,222009
26962,0.002351,74.125.24.0-255,1484,88011,15,222009
26963,0.002373,74.125.24.0-255,2902,90913,15,222009
26964,0.002378,172.31.36.0-255,66,90979,15,222009
26965,0.002384,74.125.24.0-255,5738,96717,15,222009
26966,0.002386,172.31.36.0-255,66,96783,15,222009
26967,0.002393,74.125.24.0-255,7156,103939,15,222009
26968,0.002413,74.125.24.0-255,7156,111095,15,222009
26969,0.002418,172.31.36.0-255,66,111161,15,222009
26970,0.002419,74.125.24.0-255,5738,116899,15,222009
26971,0.002424,172.31.36.0-255,66,116965,15,222009
26972,0.002437,74.125.24.0-255,1484,118449,15,222009
26973,0.002441,74.125.24.0-255,2184,120633,15,222009
26974,0.002459,172.31.36.0-255,66,120699,15,222009
26975,0.00281,74.125.24.0-255,1484,122183,15,222009
26976,0.00283,74.125.24.0-255,2902,125085,15,222009
26977,0.002834,172.31.36.0-255,66,125151,15,222009
26978,0.002838,74.125.24.0-255,1484,126635,15,222009
26979,0.002843,74.125.24.0-255,4320,130955,15,222009
26980,0.002845,172.31.36.0-255,66,131021,15,222009
26981,0.002859,74.125.24.0-255,4320,135341,15,222009
26982,0.002862,172.31.36.0-255,66,135407,15,222009
26983,0.002905,74.125.24.0-255,766,136173,15,222009
26984,0.002909,172.31.36.0-255,66,136239,15,222009
26985,0.002959,74.125.24.0-255,1484,137723,15,222009
26986,0.002962,74.125.24.0-255,1484,139207,15,222009
26987,0.002967,172.31.36.0-255,66,139273,15,222009
26988,0.002976,74.125.24.0-255,1484,140757,15,222009
26989,0.00298,74.125.24.0-255,2902,143659,15,222009
26990,0.002992,74.125.24.0-255,2902,146561,15,222009
26991,0.002992,172.31.36.0-255,66,146627,15,222009
26992,0.002995,74.125.24.0-255,1484,148111,15,222009
26993,0.002997,172.31.36.0-255,66,148177,15,222009
26994,0.003027,172.31.36.0-255,66,148243,15,222009
26995,0.003036,74.125.24.0-255,2902,151145,15,222009
26996,0.00304,74.125.24.0-255,2902,154047,15,222009
26997,0.003044,172.31.36.0-255,66,154113,15,222009
26998,0.003068,74.125.24.0-255,5020,159133,15,222009
26999,0.003084,172.31.36.0-255,66,159199,15,222009
27000,0.00329,74.125.24.0-255,1484,160683,15,222009
27001,0.003307,74.125.24.0-255,2902,163585,15,222009
27002,0.00331,172.31.36.0-255,66,163651,15,222009
27003,0.003315,74.125.24.0-255,2902,166553,15,222009
27004,0.003319,172.31.36.0-255,66,166619,15,222009
27005,0.003337,74.125.24.0-255,1484,168103,15,222009
27006,0.003368,74.125.24.0-255,7156,175259,15,222009
27007,0.003378,172.31.36.0-255,66,175325,15,222009
27008,0.003383,74.125.24.0-255,5020,180345,15,222009
27009,0.003383,172.31.36.0-255,66,180411,15,222009
27010,0.003397,172.31.36.0-255,66,180477,15,222009
27011,0.003487,74.125.24.0-255,1484,181961,15,222009
27012,0.003502,74.125.24.0-255,2902,184863,15,222009
27013,0.003505,172.31.36.0-255,66,184929,15,222009
27014,0.00351,74.125.24.0-255,4320,189249,15,222009
27015,0.00352,172.31.36.0-255,66,189315,15,222009
27016,0.003524,74.125.24.0-255,1484,190799,15,222009
27017,0.003527,74.125.24.0-255,1484,192283,15,222009
27018,0.003533,172.31.36.0-255,66,192349,15,222009
27019,0.00356,172.31.36.0-255,66,192415,15,222009
27020,0.003581,74.125.24.0-255,1484,193899,15,222009
27021,0.003595,172.31.36.0-255,66,193965,15,222009
27022,0.003628,74.125.24.0-255,1484,195449,15,222009
27023,0.003666,172.31.36.0-255,66,195515,15,222009
27024,0.003677,172.31.36.0-255,66,195581,15,222009
27025,0.003723,172.31.36.0-255,66,195647,15,222009
27026,0.003732,74.125.24.0-255,4320,199967,15,222009
27027,0.003737,74.125.24.0-255,2902,202869,15,222009
27028,0.003738,172.31.36.0-255,66,202935,15,222009
27029,0.003742,172.31.36.0-255,66,203001,15,222009
27030,0.003786,74.125.24.0-255,3602,206603,15,222009
27031,0.003792,172.31.36.0-255,66,206669,15,222009
27032,0.003812,74.125.24.0-255,4320,210989,15,222009
27033,0.003817,172.31.36.0-255,66,211055,15,222009
27034,0.003851,172.31.36.0-255,66,211121,15,222009
27035,0.003889,172.31.36.0-255,66,211187,15,222009
27036,0.003916,74.125.24.0-255,5738,216925,15,222009
27037,0.003921,172.31.36.0-255,66,216991,15,222009
27038,0.003957,74.125.24.0-255,2902,219893,15,222009
27039,0.003957,172.31.36.0-255,66,219959,15,222009
27040,0.003962,172.31.36.0-255,66,220025,15,222009
27041,0.003981,74.125.24.0-255,1545,221570,15,222009
27042,0.003984,74.125.24.0-255,97,221667,15,222009
27043,0.003986,74.125.24.0-255,105,221772,15,222009
27044,0.003992,172.31.36.0-255,66,221838,15,222009
27045,0.005135,172.31.36.0-255,105,221943,15,222009
27046,0.007425,74.125.24.0-255,66,222009,15,222009
27047,0.0,172.217.194.0-255,155,155,15,142202
27048,3.3e-05,172.31.36.0-255,66,221,15,142202
27049,4e-05,172.217.194.0-255,1484,1705,15,142202
27050,4.4e-05,172.31.36.0-255,66,1771,15,142202
27051,4.9e-05,172.217.194.0-255,2902,4673,15,142202
27052,5.2e-05,172.31.36.0-255,66,4739,15,142202
27053,6e-05,172.217.194.0-255,7156,11895,15,142202
27054,6.3e-05,172.31.36.0-255,66,11961,15,142202
27055,6.6e-05,172.217.194.0-255,1484,13445,15,142202
27056,6.8e-05,172.31.36.0-255,66,13511,15,142202
27057,8.4e-05,172.31.36.0-255,66,13577,15,142202
27058,8.8e-05,172.217.194.0-255,2543,16120,15,142202
27059,9e-05,172.31.36.0-255,66,16186,15,142202
27060,0.000145,172.217.194.0-255,1484,17670,15,142202
27061,0.000148,172.31.36.0-255,66,17736,15,142202
27062,0.000152,172.217.194.0-255,1484,19220,15,142202
27063,0.000154,172.31.36.0-255,66,19286,15,142202
27064,0.000166,172.217.194.0-255,1484,20770,15,142202
27065,0.000168,172.31.36.0-255,66,20836,15,142202
27066,0.000201,172.217.194.0-255,5738,26574,15,142202
27067,0.000204,172.31.36.0-255,66,26640,15,142202
27068,0.000212,172.217.194.0-255,6797,33437,15,142202
27069,0.000214,172.31.36.0-255,66,33503,15,142202
27070,0.000227,172.31.36.0-255,66,33569,15,142202
27071,0.000251,172.217.194.0-255,1484,35053,15,142202
27072,0.000253,172.31.36.0-255,66,35119,15,142202
27073,0.000258,172.217.194.0-255,2849,37968,15,142202
27074,0.00026,172.31.36.0-255,66,38034,15,142202
27075,0.000272,172.217.194.0-255,380,38414,15,142202
27076,0.000274,172.31.36.0-255,66,38480,15,142202
27077,0.000527,172.217.194.0-255,1484,39964,15,142202
27078,0.000535,172.217.194.0-255,2902,42866,15,142202
27079,0.000539,172.31.36.0-255,66,42932,15,142202
27080,0.00056,172.217.194.0-255,4320,47252,15,142202
27081,0.000563,172.31.36.0-255,66,47318,15,142202
27082,0.000568,172.217.194.0-255,4320,51638,15,142202
27083,0.000573,172.31.36.0-255,66,51704,15,142202
27084,0.000588,172.217.194.0-255,4320,56024,15,142202
27085,0.000593,172.31.36.0-255,66,56090,15,142202
27086,0.000617,172.217.194.0-255,2902,58992,15,142202
27087,0.00062,172.31.36.0-255,66,59058,15,142202
27088,0.000657,172.31.36.0-255,66,59124,15,142202
27089,0.001072,172.217.194.0-255,1484,60608,15,142202
27090,0.00108,172.217.194.0-255,2902,63510,15,142202
27091,0.001083,172.31.36.0-255,66,63576,15,142202
27092,0.00111,172.217.194.0-255,2902,66478,15,142202
27093,0.001113,172.31.36.0-255,66,66544,15,142202
27094,0.001142,172.217.194.0-255,2902,69446,15,142202
27095,0.001144,172.31.36.0-255,66,69512,15,142202
27096,0.001158,172.31.36.0-255,66,69578,15,142202
27097,0.001169,172.31.36.0-255,66,69644,15,142202
27098,0.001779,172.217.194.0-255,1484,71128,15,142202
27099,0.00179,172.217.194.0-255,2902,74030,15,142202
27100,0.001795,172.31.36.0-255,66,74096,15,142202
27101,0.001803,172.217.194.0-255,5738,79834,15,142202
27102,0.001804,172.31.36.0-255,66,79900,15,142202
27103,0.001829,172.217.194.0-255,4320,84220,15,142202
27104,0.001832,172.31.36.0-255,66,84286,15,142202
27105,0.001855,172.31.36.0-255,66,84352,15,142202
27106,0.001868,172.31.36.0-255,66,84418,15,142202
27107,0.001921,172.217.194.0-255,1484,85902,15,142202
27108,0.001942,172.217.194.0-255,2902,88804,15,142202
27109,0.001946,172.31.36.0-255,66,88870,15,142202
27110,0.001972,172.217.194.0-255,5738,94608,15,142202
27111,0.001975,172.31.36.0-255,66,94674,15,142202
27112,0.001981,172.217.194.0-255,5738,100412,15,142202
27113,0.001983,172.31.36.0-255,66,100478,15,142202
27114,0.002013,172.217.194.0-255,7156,107634,15,142202
27115,0.002016,172.31.36.0-255,66,107700,15,142202
27116,0.002023,172.217.194.0-255,7156,114856,15,142202
27117,0.002025,172.31.36.0-255,66,114922,15,142202
27118,0.002038,172.217.194.0-255,1484,116406,15,142202
27119,0.002041,172.217.194.0-255,2184,118590,15,142202
27120,0.002044,172.31.36.0-255,66,118656,15,142202
27121,0.003987,172.217.194.0-255,1484,120140,15,142202
27122,0.004004,172.217.194.0-255,4320,124460,15,142202
27123,0.004008,172.31.36.0-255,66,124526,15,142202
27124,0.005978,172.217.194.0-255,5738,130264,15,142202
27125,0.005987,172.31.36.0-255,66,130330,15,142202
27126,0.007936,172.217.194.0-255,2902,133232,15,142202
27127,0.007943,172.31.36.0-255,66,133298,15,142202
27128,0.007978,172.217.194.0-255,2902,136200,15,142202
27129,0.007981,172.31.36.0-255,66,136266,15,142202
27130,0.00992,172.217.194.0-255,2902,139168,15,142202
27131,0.009928,172.31.36.0-255,66,139234,15,142202
27132,0.009948,172.217.194.0-255,2902,142136,15,142202
27133,0.009951,172.31.36.0-255,66,142202,15,142202
27134,0.0,74.125.24.0-255,153,153,15,128767
27135,1.8e-05,172.31.36.0-255,66,219,15,128767
27136,2.6e-05,74.125.24.0-255,1484,1703,15,128767
27137,3.1e-05,172.31.36.0-255,66,1769,15,128767
27138,3.7e-05,74.125.24.0-255,2902,4671,15,128767
27139,4e-05,172.31.36.0-255,66,4737,15,128767
27140,4.8e-05,74.125.24.0-255,7156,11893,15,128767
27141,5.1e-05,172.31.36.0-255,66,11959,15,128767
27142,0.00011,74.125.24.0-255,1948,13907,15,128767
27143,0.000113,172.31.36.0-255,66,13973,15,128767
27144,0.000147,74.125.24.0-255,1484,15457,15,128767
27145,0.00015,172.31.36.0-255,66,15523,15,128767
27146,0.000167,74.125.24.0-255,2902,18425,15,128767
27147,0.00017,172.31.36.0-255,66,18491,15,128767
27148,0.00019,74.125.24.0-255,5738,24229,15,128767
27149,0.000195,74.125.24.0-255,4320,28549,15,128767
27150,0.0002,172.31.36.0-255,66,28615,15,128767
27151,0.000203,172.31.36.0-255,66,28681,15,128767
27152,0.000213,74.125.24.0-255,2543,31224,15,128767
27153,0.000215,172.31.36.0-255,66,31290,15,128767
27154,0.000259,74.125.24.0-255,1484,32774,15,128767
27155,0.000262,172.31.36.0-255,66,32840,15,128767
27156,0.000265,74.125.24.0-255,1484,34324,15,128767
27157,0.000268,172.31.36.0-255,66,34390,15,128767
27158,0.000282,74.125.24.0-255,1484,35874,15,128767
27159,0.000284,172.31.36.0-255,66,35940,15,128767
27160,0.000291,74.125.24.0-255,5738,41678,15,128767
27161,0.000293,172.31.36.0-255,66,41744,15,128767
27162,0.000297,74.125.24.0-255,1484,43228,15,128767
27163,0.000299,172.31.36.0-255,66,43294,15,128767
27164,0.000324,74.125.24.0-255,5379,48673,15,128767
27165,0.000327,172.31.36.0-255,66,48739,15,128767
27166,0.000927,74.125.24.0-255,1484,50223,15,128767
27167,0.000935,74.125.24.0-255,2902,53125,15,128767
27168,0.000939,172.31.36.0-255,66,53191,15,128767
27169,0.000947,74.125.24.0-255,5738,58929,15,128767
27170,0.000949,172.31.36.0-255,66,58995,15,128767
27171,0.001002,74.125.24.0-255,6797,65792,15,128767
27172,0.001005,172.31.36.0-255,66,65858,15,128767
27173,0.001083,74.125.24.0-255,1484,67342,15,128767
27174,0.001089,74.125.24.0-255,2902,70244,15,128767
27175,0.001092,172.31.36.0-255,66,70310,15,128767
27176,0.001097,74.125.24.0-255,2902,73212,15,128767
27177,0.001099,172.31.36.0-255,66,73278,15,128767
27178,0.001113,74.125.24.0-255,2902,76180,15,128767
27179,0.001115,172.31.36.0-255,66,76246,15,128767
27180,0.001132,74.125.24.0-255,2902,79148,15,128767
27181,0.001135,172.31.36.0-255,66,79214,15,128767
27182,0.001165,172.31.36.0-255,66,79280,15,128767
27183,0.001177,172.31.36.0-255,66,79346,15,128767
27184,0.001218,74.125.24.0-255,647,79993,15,128767
27185,0.001501,172.31.36.0-255,66,80059,15,128767
27186,0.001638,74.125.24.0-255,1484,81543,15,128767
27187,0.001647,74.125.24.0-255,2902,84445,15,128767
27188,0.001652,172.31.36.0-255,66,84511,15,128767
27189,0.001659,74.125.24.0-255,4320,88831,15,128767
27190,0.001661,172.31.36.0-255,66,88897,15,128767
27191,0.001677,74.125.24.0-255,1484,90381,15,128767
27192,0.001691,74.125.24.0-255,1484,91865,15,128767
27193,0.001694,172.31.36.0-255,66,91931,15,128767
27194,0.001721,172.31.36.0-255,66,91997,15,128767
27195,0.00174,74.125.24.0-255,2902,94899,15,128767
27196,0.001743,172.31.36.0-255,66,94965,15,128767
27197,0.001746,74.125.24.0-255,1484,96449,15,128767
27198,0.001774,172.31.36.0-255,66,96515,15,128767
27199,0.002039,74.125.24.0-255,1484,97999,15,128767
27200,0.002047,74.125.24.0-255,2902,100901,15,128767
27201,0.002051,172.31.36.0-255,66,100967,15,128767
27202,0.002059,74.125.24.0-255,4320,105287,15,128767
27203,0.002061,172.31.36.0-255,66,105353,15,128767
27204,0.002078,74.125.24.0-255,1484,106837,15,128767
27205,0.002083,74.125.24.0-255,4320,111157,15,128767
27206,0.002085,172.31.36.0-255,66,111223,15,128767
27207,0.002122,172.31.36.0-255,66,111289,15,128767
27208,0.002135,172.31.36.0-255,66,111355,15,128767
27209,0.004543,74.125.24.0-255,5738,117093,15,128767
27210,0.00455,172.31.36.0-255,66,117159,15,128767
27211,0.006933,74.125.24.0-255,5738,122897,15,128767
27212,0.006939,172.31.36.0-255,66,122963,15,128767
27213,0.009371,74.125.24.0-255,5738,128701,15,128767
27214,0.009378,172.31.36.0-255,66,128767,15,128767
27215,0.0,172.217.194.0-255,147,147,15,188214
27216,3.3e-05,172.31.36.0-255,66,213,15,188214
27217,3.9e-05,172.217.194.0-255,1484,1697,15,188214
27218,4.3e-05,172.31.36.0-255,66,1763,15,188214
27219,4.7e-05,172.217.194.0-255,2902,4665,15,188214
27220,4.9e-05,172.31.36.0-255,66,4731,15,188214
27221,6.2e-05,172.217.194.0-255,7156,11887,15,188214
27222,6.5e-05,172.31.36.0-255,66,11953,15,188214
27223,6.9e-05,172.217.194.0-255,2037,13990,15,188214
27224,7.1e-05,172.31.36.0-255,66,14056,15,188214
27225,0.000103,172.217.194.0-255,5738,19794,15,188214
27226,0.000106,172.31.36.0-255,66,19860,15,188214
27227,0.000132,172.217.194.0-255,5738,25598,15,188214
27228,0.000135,172.31.36.0-255,66,25664,15,188214
27229,0.00014,172.217.194.0-255,5379,31043,15,188214
27230,0.000142,172.31.36.0-255,66,31109,15,188214
27231,0.000265,172.217.194.0-255,1484,32593,15,188214
27232,0.000269,172.31.36.0-255,66,32659,15,188214
27233,0.000294,172.217.194.0-255,2902,35561,15,188214
27234,0.000299,172.217.194.0-255,5738,41299,15,188214
27235,0.000299,172.31.36.0-255,66,41365,15,188214
27236,0.000303,172.31.36.0-255,66,41431,15,188214
27237,0.000332,172.217.194.0-255,6797,48228,15,188214
27238,0.000335,172.31.36.0-255,66,48294,15,188214
27239,0.000342,172.217.194.0-255,7156,55450,15,188214
27240,0.000344,172.31.36.0-255,66,55516,15,188214
27241,0.000379,172.31.36.0-255,66,55582,15,188214
27242,0.000402,172.217.194.0-255,118,55700,15,188214
27243,0.000405,172.31.36.0-255,66,55766,15,188214
27244,0.000429,172.217.194.0-255,377,56143,15,188214
27245,0.000432,172.31.36.0-255,66,56209,15,188214
27246,0.00052,172.217.194.0-255,1484,57693,15,188214
27247,0.000522,172.217.194.0-255,1484,59177,15,188214
27248,0.000536,172.217.194.0-255,1484,60661,15,188214
27249,0.000538,172.217.194.0-255,1484,62145,15,188214
27250,0.000542,172.31.36.0-255,66,62211,15,188214
27251,0.00057,172.217.194.0-255,4320,66531,15,188214
27252,0.000576,172.217.194.0-255,6247,72778,15,188214
27253,0.000579,172.31.36.0-255,66,72844,15,188214
27254,0.000585,172.31.36.0-255,66,72910,15,188214
27255,0.000841,172.217.194.0-255,1484,74394,15,188214
27256,0.000846,172.217.194.0-255,2902,77296,15,188214
27257,0.00085,172.31.36.0-255,66,77362,15,188214
27258,0.000895,172.217.194.0-255,5738,83100,15,188214
27259,0.000899,172.31.36.0-255,66,83166,15,188214
27260,0.000901,172.217.194.0-255,7156,90322,15,188214
27261,0.000913,172.31.36.0-255,66,90388,15,188214
27262,0.000932,172.217.194.0-255,4320,94708,15,188214
27263,0.000936,172.217.194.0-255,2184,96892,15,188214
27264,0.000943,172.31.36.0-255,66,96958,15,188214
27265,0.001135,172.217.194.0-255,1484,98442,15,188214
27266,0.001148,172.217.194.0-255,2902,101344,15,188214
27267,0.001151,172.31.36.0-255,66,101410,15,188214
27268,0.001157,172.217.194.0-255,5738,107148,15,188214
27269,0.001163,172.31.36.0-255,66,107214,15,188214
27270,0.001176,172.217.194.0-255,4320,111534,15,188214
27271,0.001189,172.31.36.0-255,66,111600,15,188214
27272,0.001198,172.217.194.0-255,7156,118756,15,188214
27273,0.001213,172.31.36.0-255,66,118822,15,188214
27274,0.001239,172.217.194.0-255,2902,121724,15,188214
27275,0.001248,172.31.36.0-255,66,121790,15,188214
27276,0.001265,172.31.36.0-255,66,121856,15,188214
27277,0.001753,172.217.194.0-255,1484,123340,15,188214
27278,0.001765,172.217.194.0-255,2902,126242,15,188214
27279,0.001769,172.31.36.0-255,66,126308,15,188214
27280,0.001805,172.217.194.0-255,5738,132046,15,188214
27281,0.001833,172.217.194.0-255,1484,133530,15,188214
27282,0.001847,172.31.36.0-255,66,133596,15,188214
27283,0.001879,172.31.36.0-255,66,133662,15,188214
27284,0.001887,172.217.194.0-255,1484,135146,15,188214
27285,0.001943,172.217.194.0-255,5738,140884,15,188214
27286,0.001949,172.217.194.0-255,4320,145204,15,188214
27287,0.001972,172.217.194.0-255,7156,152360,15,188214
27288,0.002018,172.31.36.0-255,66,152426,15,188214
27289,0.002027,172.31.36.0-255,66,152492,15,188214
27290,0.002048,172.217.194.0-255,2902,155394,15,188214
27291,0.00205,172.217.194.0-255,766,156160,15,188214
27292,0.002075,172.217.194.0-255,1484,157644,15,188214
27293,0.002102,172.217.194.0-255,2902,160546,15,188214
27294,0.002108,172.217.194.0-255,5738,166284,15,188214
27295,0.002111,172.217.194.0-255,1484,167768,15,188214
27296,0.002179,172.217.194.0-255,2902,170670,15,188214
27297,0.002185,172.31.36.0-255,66,170736,15,188214
27298,0.00222,172.31.36.0-255,66,170802,15,188214
27299,0.004437,172.217.194.0-255,5738,176540,15,188214
27300,0.004443,172.31.36.0-255,66,176606,15,188214
27301,0.006676,172.217.194.0-255,5738,182344,15,188214
27302,0.006681,172.31.36.0-255,66,182410,15,188214
27303,0.008954,172.217.194.0-255,5738,188148,15,188214
27304,0.008961,172.31.36.0-255,66,188214,15,188214
27305,0.0,172.217.194.0-255,153,153,15,116635
27306,2.8e-05,172.31.36.0-255,66,219,15,116635
27307,3.5e-05,172.217.194.0-255,1484,1703,15,116635
27308,3.9e-05,172.31.36.0-255,66,1769,15,116635
27309,4.2e-05,172.217.194.0-255,1484,3253,15,116635
27310,4.4e-05,172.31.36.0-255,66,3319,15,116635
27311,5.9e-05,172.217.194.0-255,4320,7639,15,116635
27312,6.2e-05,172.31.36.0-255,66,7705,15,116635
27313,0.000103,172.31.36.0-255,66,7771,15,116635
27314,0.00011,172.217.194.0-255,5738,13509,15,116635
27315,0.000113,172.31.36.0-255,66,13575,15,116635
27316,0.000145,172.217.194.0-255,5738,19313,15,116635
27317,0.000149,172.31.36.0-255,66,19379,15,116635
27318,0.000152,172.217.194.0-255,1125,20504,15,116635
27319,0.000155,172.31.36.0-255,66,20570,15,116635
27320,0.000541,172.217.194.0-255,1484,22054,15,116635
27321,0.000548,172.31.36.0-255,66,22120,15,116635
27322,0.000555,172.217.194.0-255,2902,25022,15,116635
27323,0.000557,172.31.36.0-255,66,25088,15,116635
27324,0.000566,172.217.194.0-255,1484,26572,15,116635
27325,0.000571,172.31.36.0-255,66,26638,15,116635
27326,0.000597,172.217.194.0-255,4320,30958,15,116635
27327,0.000605,172.31.36.0-255,66,31024,15,116635
27328,0.000611,172.217.194.0-255,4320,35344,15,116635
27329,0.000614,172.31.36.0-255,66,35410,15,116635
27330,0.000651,172.31.36.0-255,66,35476,15,116635
27331,0.000665,172.217.194.0-255,7156,42632,15,116635
27332,0.000667,172.31.36.0-255,66,42698,15,116635
27333,0.000671,172.217.194.0-255,766,43464,15,116635
27334,0.000673,172.31.36.0-255,66,43530,15,116635
27335,0.00071,172.217.194.0-255,375,43905,15,116635
27336,0.000899,172.31.36.0-255,66,43971,15,116635
27337,0.001351,172.217.194.0-255,98,44069,15,116635
27338,0.001564,172.217.194.0-255,1484,45553,15,116635
27339,0.001571,172.31.36.0-255,66,45619,15,116635
27340,0.001577,172.217.194.0-255,2902,48521,15,116635
27341,0.001579,172.31.36.0-255,66,48587,15,116635
27342,0.001616,172.217.194.0-255,5738,54325,15,116635
27343,0.001618,172.31.36.0-255,66,54391,15,116635
27344,0.001625,172.217.194.0-255,5738,60129,15,116635
27345,0.001627,172.31.36.0-255,66,60195,15,116635
27346,0.00165,172.217.194.0-255,1484,61679,15,116635
27347,0.001674,172.31.36.0-255,66,61745,15,116635
27348,0.001681,172.217.194.0-255,5020,66765,15,116635
27349,0.001683,172.31.36.0-255,66,66831,15,116635
27350,0.001755,172.217.194.0-255,1484,68315,15,116635
27351,0.001767,172.217.194.0-255,1484,69799,15,116635
27352,0.001771,172.31.36.0-255,66,69865,15,116635
27353,0.001794,172.217.194.0-255,1484,71349,15,116635
27354,0.0018,172.217.194.0-255,5738,77087,15,116635
27355,0.001802,172.31.36.0-255,66,77153,15,116635
27356,0.001825,172.217.194.0-255,4320,81473,15,116635
27357,0.001828,172.31.36.0-255,66,81539,15,116635
27358,0.001861,172.31.36.0-255,66,81605,15,116635
27359,0.001896,172.31.36.0-255,66,81671,15,116635
27360,0.002005,172.217.194.0-255,1484,83155,15,116635
27361,0.002025,172.217.194.0-255,2902,86057,15,116635
27362,0.002028,172.31.36.0-255,66,86123,15,116635
27363,0.002034,172.217.194.0-255,5738,91861,15,116635
27364,0.002037,172.31.36.0-255,66,91927,15,116635
27365,0.002059,172.217.194.0-255,2902,94829,15,116635
27366,0.002061,172.31.36.0-255,66,94895,15,116635
27367,0.002088,172.31.36.0-255,66,94961,15,116635
27368,0.002122,172.217.194.0-255,1484,96445,15,116635
27369,0.002148,172.31.36.0-255,66,96511,15,116635
27370,0.002151,172.217.194.0-255,766,97277,15,116635
27371,0.002254,172.217.194.0-255,1484,98761,15,116635
27372,0.002256,172.31.36.0-255,66,98827,15,116635
27373,0.004381,172.217.194.0-255,2902,101729,15,116635
27374,0.004385,172.31.36.0-255,66,101795,15,116635
27375,0.004527,172.217.194.0-255,2902,104697,15,116635
27376,0.004529,172.31.36.0-255,66,104763,15,116635
27377,0.006658,172.217.194.0-255,2902,107665,15,116635
27378,0.006668,172.31.36.0-255,66,107731,15,116635
27379,0.006767,172.217.194.0-255,2902,110633,15,116635
27380,0.006772,172.31.36.0-255,66,110699,15,116635
27381,0.008935,172.217.194.0-255,2902,113601,15,116635
27382,0.008946,172.31.36.0-255,66,113667,15,116635
27383,0.008998,172.217.194.0-255,2902,116569,15,116635
27384,0.009001,172.31.36.0-255,66,116635,15,116635
27385,0.0,74.125.24.0-255,153,153,15,188003
27386,2.7e-05,172.31.36.0-255,66,219,15,188003
27387,3.3e-05,74.125.24.0-255,1484,1703,15,188003
27388,3.7e-05,172.31.36.0-255,66,1769,15,188003
27389,4.1e-05,74.125.24.0-255,2902,4671,15,188003
27390,4.3e-05,172.31.36.0-255,66,4737,15,188003
27391,5e-05,74.125.24.0-255,7156,11893,15,188003
27392,6e-05,172.31.36.0-255,66,11959,15,188003
27393,6.4e-05,74.125.24.0-255,2074,14033,15,188003
27394,6.7e-05,172.31.36.0-255,66,14099,15,188003
27395,7.4e-05,74.125.24.0-255,7156,21255,15,188003
27396,7.7e-05,172.31.36.0-255,66,21321,15,188003
27397,0.000107,74.125.24.0-255,4320,25641,15,188003
27398,0.00011,172.31.36.0-255,66,25707,15,188003
27399,0.000116,74.125.24.0-255,5379,31086,15,188003
27400,0.000117,172.31.36.0-255,66,31152,15,188003
27401,0.000164,74.125.24.0-255,1484,32636,15,188003
27402,0.000169,172.31.36.0-255,66,32702,15,188003
27403,0.000174,74.125.24.0-255,2902,35604,15,188003
27404,0.000176,172.31.36.0-255,66,35670,15,188003
27405,0.00018,74.125.24.0-255,1484,37154,15,188003
27406,0.000182,172.31.36.0-255,66,37220,15,188003
27407,0.000215,74.125.24.0-255,4320,41540,15,188003
27408,0.000218,172.31.36.0-255,66,41606,15,188003
27409,0.000225,74.125.24.0-255,6797,48403,15,188003
27410,0.000228,172.31.36.0-255,66,48469,15,188003
27411,0.000273,172.31.36.0-255,66,48535,15,188003
27412,0.000301,74.125.24.0-255,2885,51420,15,188003
27413,0.000305,172.31.36.0-255,66,51486,15,188003
27414,0.000343,74.125.24.0-255,1484,52970,15,188003
27415,0.000348,172.31.36.0-255,66,53036,15,188003
27416,0.000356,74.125.24.0-255,2902,55938,15,188003
27417,0.000359,172.31.36.0-255,66,56004,15,188003
27418,0.000372,74.125.24.0-255,5738,61742,15,188003
27419,0.000374,172.31.36.0-255,66,61808,15,188003
27420,0.000405,74.125.24.0-255,5738,67546,15,188003
27421,0.00041,172.31.36.0-255,66,67612,15,188003
27422,0.000444,74.125.24.0-255,5379,72991,15,188003
27423,0.000449,172.31.36.0-255,66,73057,15,188003
27424,0.000456,172.31.36.0-255,66,73123,15,188003
27425,0.000459,74.125.24.0-255,1405,74528,15,188003
27426,0.000508,74.125.24.0-255,1484,76012,15,188003
27427,0.000512,172.31.36.0-255,66,76078,15,188003
27428,0.000517,74.125.24.0-255,2902,78980,15,188003
27429,0.00052,172.31.36.0-255,66,79046,15,188003
27430,0.00053,74.125.24.0-255,2902,81948,15,188003
27431,0.000533,172.31.36.0-255,66,82014,15,188003
27432,0.000552,74.125.24.0-255,2902,84916,15,188003
27433,0.000555,172.31.36.0-255,66,84982,15,188003
27434,0.000568,172.31.36.0-255,66,85048,15,188003
27435,0.000642,172.31.36.0-255,66,85114,15,188003
27436,0.00066,172.31.36.0-255,66,85180,15,188003
27437,0.000673,74.125.24.0-255,1484,86664,15,188003
27438,0.00068,74.125.24.0-255,7156,93820,15,188003
27439,0.000683,172.31.36.0-255,66,93886,15,188003
27440,0.000734,172.31.36.0-255,66,93952,15,188003
27441,0.00074,74.125.24.0-255,3602,97554,15,188003
27442,0.000753,172.31.36.0-255,66,97620,15,188003
27443,0.000759,74.125.24.0-255,1484,99104,15,188003
27444,0.000763,74.125.24.0-255,2902,102006,15,188003
27445,0.000766,74.125.24.0-255,1484,103490,15,188003
27446,0.000767,172.31.36.0-255,66,103556,15,188003
27447,0.000797,74.125.24.0-255,4320,107876,15,188003
27448,0.000806,172.31.36.0-255,66,107942,15,188003
27449,0.000811,172.31.36.0-255,66,108008,15,188003
27450,0.000828,172.31.36.0-255,66,108074,15,188003
27451,0.000849,74.125.24.0-255,2184,110258,15,188003
27452,0.000858,74.125.24.0-255,2902,113160,15,188003
27453,0.000866,172.31.36.0-255,66,113226,15,188003
27454,0.000877,74.125.24.0-255,5738,118964,15,188003
27455,0.000885,172.31.36.0-255,66,119030,15,188003
27456,0.00091,74.125.24.0-255,1484,120514,15,188003
27457,0.000928,74.125.24.0-255,5738,126252,15,188003
27458,0.000932,172.31.36.0-255,66,126318,15,188003
27459,0.000956,74.125.24.0-255,2184,128502,15,188003
27460,0.000975,172.31.36.0-255,66,128568,15,188003
27461,0.000982,74.125.24.0-255,2902,131470,15,188003
27462,0.00099,172.31.36.0-255,66,131536,15,188003
27463,0.001008,74.125.24.0-255,7156,138692,15,188003
27464,0.001018,172.31.36.0-255,66,138758,15,188003
27465,0.001019,74.125.24.0-255,5738,144496,15,188003
27466,0.001022,172.31.36.0-255,66,144562,15,188003
27467,0.001072,74.125.24.0-255,3602,148164,15,188003
27468,0.001073,172.31.36.0-255,66,148230,15,188003
27469,0.001077,172.31.36.0-255,66,148296,15,188003
27470,0.001101,74.125.24.0-255,4320,152616,15,188003
27471,0.001107,172.31.36.0-255,66,152682,15,188003
27472,0.001126,172.31.36.0-255,66,152748,15,188003
27473,0.001129,74.125.24.0-255,7156,159904,15,188003
27474,0.00114,172.31.36.0-255,66,159970,15,188003
27475,0.001195,172.31.36.0-255,66,160036,15,188003
27476,0.001268,74.125.24.0-255,1484,161520,15,188003
27477,0.001272,74.125.24.0-255,2902,164422,15,188003
27478,0.001283,172.31.36.0-255,66,164488,15,188003
27479,0.001329,74.125.24.0-255,5738,170226,15,188003
27480,0.001336,172.31.36.0-255,66,170292,15,188003
27481,0.00135,172.31.36.0-255,66,170358,15,188003
27482,0.001411,172.31.36.0-255,66,170424,15,188003
27483,0.001413,74.125.24.0-255,4320,174744,15,188003
27484,0.001433,172.31.36.0-255,66,174810,15,188003
27485,0.001444,74.125.24.0-255,7156,181966,15,188003
27486,0.001448,172.31.36.0-255,66,182032,15,188003
27487,0.001458,74.125.24.0-255,2902,184934,15,188003
27488,0.001467,172.31.36.0-255,66,185000,15,188003
27489,0.001503,172.31.36.0-255,66,185066,15,188003
27490,0.001517,172.31.36.0-255,66,185132,15,188003
27491,0.001529,74.125.24.0-255,2529,187661,15,188003
27492,0.001542,172.31.36.0-255,66,187727,15,188003
27493,0.001552,74.125.24.0-255,105,187832,15,188003
27494,0.008347,172.31.36.0-255,66,187898,15,188003
27495,0.008375,172.31.36.0-255,105,188003,15,188003
27496,0.0,74.125.200.0-255,153,153,15,157155
27497,3e-05,172.31.36.0-255,66,219,15,157155
27498,5.3e-05,74.125.200.0-255,1484,1703,15,157155
27499,5.7e-05,172.31.36.0-255,66,1769,15,157155
27500,6.2e-05,74.125.200.0-255,2902,4671,15,157155
27501,6.5e-05,172.31.36.0-255,66,4737,15,157155
27502,6.9e-05,74.125.200.0-255,2902,7639,15,157155
27503,7.1e-05,172.31.36.0-255,66,7705,15,157155
27504,9.6e-05,74.125.200.0-255,2902,10607,15,157155
27505,0.0001,172.31.36.0-255,66,10673,15,157155
27506,0.000105,74.125.200.0-255,3439,14112,15,157155
27507,0.000107,172.31.36.0-255,66,14178,15,157155
27508,0.000132,74.125.200.0-255,1484,15662,15,157155
27509,0.000134,172.31.36.0-255,66,15728,15,157155
27510,0.000153,74.125.200.0-255,2902,18630,15,157155
27511,0.000156,172.31.36.0-255,66,18696,15,157155
27512,0.000179,74.125.200.0-255,5738,24434,15,157155
27513,0.000182,172.31.36.0-255,66,24500,15,157155
27514,0.000189,74.125.200.0-255,5738,30238,15,157155
27515,0.000191,172.31.36.0-255,66,30304,15,157155
27516,0.000221,74.125.200.0-255,1125,31429,15,157155
27517,0.000224,172.31.36.0-255,66,31495,15,157155
27518,0.0003,74.125.200.0-255,1484,32979,15,157155
27519,0.000304,172.31.36.0-255,66,33045,15,157155
27520,0.000309,74.125.200.0-255,2902,35947,15,157155
27521,0.00031,172.31.36.0-255,66,36013,15,157155
27522,0.000332,74.125.200.0-255,2902,38915,15,157155
27523,0.000335,172.31.36.0-255,66,38981,15,157155
27524,0.00035,74.125.200.0-255,2902,41883,15,157155
27525,0.000353,172.31.36.0-255,66,41949,15,157155
27526,0.000357,74.125.200.0-255,2902,44851,15,157155
27527,0.000359,172.31.36.0-255,66,44917,15,157155
27528,0.000364,74.125.200.0-255,3961,48878,15,157155
27529,0.000366,172.31.36.0-255,66,48944,15,157155
27530,0.000899,74.125.200.0-255,1484,50428,15,157155
27531,0.00091,74.125.200.0-255,2902,53330,15,157155
27532,0.000914,172.31.36.0-255,66,53396,15,157155
27533,0.000936,74.125.200.0-255,5738,59134,15,157155
27534,0.00094,172.31.36.0-255,66,59200,15,157155
27535,0.000948,74.125.200.0-255,5738,64938,15,157155
27536,0.00095,172.31.36.0-255,66,65004,15,157155
27537,0.000967,74.125.200.0-255,1125,66129,15,157155
27538,0.000973,74.125.200.0-255,7156,73285,15,157155
27539,0.000976,172.31.36.0-255,66,73351,15,157155
27540,0.001012,172.31.36.0-255,66,73417,15,157155
27541,0.001053,74.125.200.0-255,7156,80573,15,157155
27542,0.001057,172.31.36.0-255,66,80639,15,157155
27543,0.001071,74.125.200.0-255,5020,85659,15,157155
27544,0.001075,172.31.36.0-255,66,85725,15,157155
27545,0.00113,74.125.200.0-255,647,86372,15,157155
27546,0.001158,74.125.200.0-255,1484,87856,15,157155
27547,0.001161,172.31.36.0-255,66,87922,15,157155
27548,0.001166,74.125.200.0-255,2902,90824,15,157155
27549,0.001168,172.31.36.0-255,66,90890,15,157155
27550,0.001181,74.125.200.0-255,1484,92374,15,157155
27551,0.001215,172.31.36.0-255,66,92440,15,157155
27552,0.001233,74.125.200.0-255,455,92895,15,157155
27553,0.001349,74.125.200.0-255,1484,94379,15,157155
27554,0.001354,172.31.36.0-255,66,94445,15,157155
27555,0.001361,74.125.200.0-255,2902,97347,15,157155
27556,0.001364,172.31.36.0-255,66,97413,15,157155
27557,0.001368,74.125.200.0-255,2902,100315,15,157155
27558,0.00137,172.31.36.0-255,66,100381,15,157155
27559,0.001394,74.125.200.0-255,2902,103283,15,157155
27560,0.001396,172.31.36.0-255,66,103349,15,157155
27561,0.001401,74.125.200.0-255,4320,107669,15,157155
27562,0.001403,172.31.36.0-255,66,107735,15,157155
27563,0.001417,74.125.200.0-255,3244,110979,15,157155
27564,0.001419,172.31.36.0-255,66,111045,15,157155
27565,0.001466,74.125.200.0-255,1484,112529,15,157155
27566,0.001479,74.125.200.0-255,2902,115431,15,157155
27567,0.001481,172.31.36.0-255,66,115497,15,157155
27568,0.001501,74.125.200.0-255,4320,119817,15,157155
27569,0.001503,172.31.36.0-255,66,119883,15,157155
27570,0.001518,74.125.200.0-255,1484,121367,15,157155
27571,0.001538,74.125.200.0-255,4320,125687,15,157155
27572,0.00154,172.31.36.0-255,66,125753,15,157155
27573,0.001552,172.31.36.0-255,66,125819,15,157155
27574,0.001557,74.125.200.0-255,4320,130139,15,157155
27575,0.001559,172.31.36.0-255,66,130205,15,157155
27576,0.001601,74.125.200.0-255,3602,133807,15,157155
27577,0.001604,172.31.36.0-255,66,133873,15,157155
27578,0.003547,74.125.200.0-255,1484,135357,15,157155
27579,0.003568,74.125.200.0-255,4320,139677,15,157155
27580,0.003573,172.31.36.0-255,66,139743,15,157155
27581,0.005526,74.125.200.0-255,5738,145481,15,157155
27582,0.005531,172.31.36.0-255,66,145547,15,157155
27583,0.007491,74.125.200.0-255,5738,151285,15,157155
27584,0.007498,172.31.36.0-255,66,151351,15,157155
27585,0.009468,74.125.200.0-255,5738,157089,15,157155
27586,0.009474,172.31.36.0-255,66,157155,15,157155
27587,0.0,74.125.130.0-255,152,152,15,203034
27588,2.2e-05,172.31.36.0-255,66,218,15,203034
27589,3e-05,74.125.130.0-255,1484,1702,15,203034
27590,3.4e-05,172.31.36.0-255,66,1768,15,203034
27591,4.8e-05,74.125.130.0-255,2902,4670,15,203034
27592,5.2e-05,172.31.36.0-255,66,4736,15,203034
27593,5.6e-05,74.125.130.0-255,1484,6220,15,203034
27594,5.8e-05,172.31.36.0-255,66,6286,15,203034
27595,6.5e-05,74.125.130.0-255,5738,12024,15,203034
27596,6.9e-05,172.31.36.0-255,66,12090,15,203034
27597,7.3e-05,74.125.130.0-255,1978,14068,15,203034
27598,7.5e-05,172.31.36.0-255,66,14134,15,203034
27599,0.000424,74.125.130.0-255,1484,15618,15,203034
27600,0.00043,172.31.36.0-255,66,15684,15,203034
27601,0.000437,74.125.130.0-255,2902,18586,15,203034
27602,0.000439,172.31.36.0-255,66,18652,15,203034
27603,0.000445,74.125.130.0-255,4320,22972,15,203034
27604,0.000453,172.31.36.0-255,66,23038,15,203034
27605,0.000476,74.125.130.0-255,1484,24522,15,203034
27606,0.000478,172.31.36.0-255,66,24588,15,203034
27607,0.000487,74.125.130.0-255,6797,31385,15,203034
27608,0.000489,172.31.36.0-255,66,31451,15,203034
27609,0.000552,74.125.130.0-255,1484,32935,15,203034
27610,0.000556,172.31.36.0-255,66,33001,15,203034
27611,0.000561,74.125.130.0-255,2902,35903,15,203034
27612,0.000564,172.31.36.0-255,66,35969,15,203034
27613,0.000575,74.125.130.0-255,5738,41707,15,203034
27614,0.000578,172.31.36.0-255,66,41773,15,203034
27615,0.000584,74.125.130.0-255,4320,46093,15,203034
27616,0.000586,172.31.36.0-255,66,46159,15,203034
27617,0.000618,74.125.130.0-255,2543,48702,15,203034
27618,0.00062,172.31.36.0-255,66,48768,15,203034
27619,0.000777,74.125.130.0-255,1484,50252,15,203034
27620,0.000782,74.125.130.0-255,1484,51736,15,203034
27621,0.000786,172.31.36.0-255,66,51802,15,203034
27622,0.00081,74.125.130.0-255,1484,53286,15,203034
27623,0.000817,74.125.130.0-255,5738,59024,15,203034
27624,0.00082,172.31.36.0-255,66,59090,15,203034
27625,0.000828,74.125.130.0-255,6797,65887,15,203034
27626,0.00083,172.31.36.0-255,66,65953,15,203034
27627,0.00086,74.125.130.0-255,1484,67437,15,203034
27628,0.000898,172.31.36.0-255,66,67503,15,203034
27629,0.000903,74.125.130.0-255,2543,70046,15,203034
27630,0.000906,172.31.36.0-255,66,70112,15,203034
27631,0.000935,74.125.130.0-255,4320,74432,15,203034
27632,0.000937,172.31.36.0-255,66,74498,15,203034
27633,0.000944,74.125.130.0-255,5738,80236,15,203034
27634,0.000946,172.31.36.0-255,66,80302,15,203034
27635,0.001006,172.31.36.0-255,66,80368,15,203034
27636,0.001314,74.125.130.0-255,1484,81852,15,203034
27637,0.001321,74.125.130.0-255,2902,84754,15,203034
27638,0.001324,172.31.36.0-255,66,84820,15,203034
27639,0.001351,74.125.130.0-255,5738,90558,15,203034
27640,0.001354,172.31.36.0-255,66,90624,15,203034
27641,0.00136,74.125.130.0-255,5738,96362,15,203034
27642,0.001362,172.31.36.0-255,66,96428,15,203034
27643,0.001395,74.125.130.0-255,7156,103584,15,203034
27644,0.001398,172.31.36.0-255,66,103650,15,203034
27645,0.001405,74.125.130.0-255,5738,109388,15,203034
27646,0.001407,172.31.36.0-255,66,109454,15,203034
27647,0.001415,74.125.130.0-255,1484,110938,15,203034
27648,0.001444,74.125.130.0-255,3602,114540,15,203034
27649,0.001447,172.31.36.0-255,66,114606,15,203034
27650,0.001453,74.125.130.0-255,5738,120344,15,203034
27651,0.001456,172.31.36.0-255,66,120410,15,203034
27652,0.001485,172.31.36.0-255,66,120476,15,203034
27653,0.001496,172.31.36.0-255,66,120542,15,203034
27654,0.001535,172.31.36.0-255,66,120608,15,203034
27655,0.001576,74.125.130.0-255,2902,123510,15,203034
27656,0.001579,172.31.36.0-255,66,123576,15,203034
27657,0.001585,74.125.130.0-255,4320,127896,15,203034
27658,0.001587,172.31.36.0-255,66,127962,15,203034
27659,0.001623,172.31.36.0-255,66,128028,15,203034
27660,0.001652,172.31.36.0-255,66,128094,15,203034
27661,0.00169,172.31.36.0-255,66,128160,15,203034
27662,0.001693,74.125.130.0-255,766,128926,15,203034
27663,0.001762,74.125.130.0-255,1484,130410,15,203034
27664,0.001766,172.31.36.0-255,66,130476,15,203034
27665,0.001772,74.125.130.0-255,2902,133378,15,203034
27666,0.001774,172.31.36.0-255,66,133444,15,203034
27667,0.001777,74.125.130.0-255,1484,134928,15,203034
27668,0.001801,74.125.130.0-255,2902,137830,15,203034
27669,0.001804,172.31.36.0-255,66,137896,15,203034
27670,0.001811,74.125.130.0-255,5738,143634,15,203034
27671,0.001813,172.31.36.0-255,66,143700,15,203034
27672,0.001829,172.31.36.0-255,66,143766,15,203034
27673,0.001836,74.125.130.0-255,5738,149504,15,203034
27674,0.001838,172.31.36.0-255,66,149570,15,203034
27675,0.001851,74.125.130.0-255,2184,151754,15,203034
27676,0.001853,172.31.36.0-255,66,151820,15,203034
27677,0.002064,74.125.130.0-255,1484,153304,15,203034
27678,0.00207,74.125.130.0-255,2902,156206,15,203034
27679,0.002073,172.31.36.0-255,66,156272,15,203034
27680,0.002081,74.125.130.0-255,5738,162010,15,203034
27681,0.002083,172.31.36.0-255,66,162076,15,203034
27682,0.002107,172.31.36.0-255,66,162142,15,203034
27683,0.002119,172.31.36.0-255,66,162208,15,203034
27684,0.00218,74.125.130.0-255,1484,163692,15,203034
27685,0.002184,74.125.130.0-255,1484,165176,15,203034
27686,0.002187,172.31.36.0-255,66,165242,15,203034
27687,0.002211,74.125.130.0-255,1484,166726,15,203034
27688,0.002218,74.125.130.0-255,5738,172464,15,203034
27689,0.00222,172.31.36.0-255,66,172530,15,203034
27690,0.002263,74.125.130.0-255,7156,179686,15,203034
27691,0.002265,172.31.36.0-255,66,179752,15,203034
27692,0.002278,74.125.130.0-255,5738,185490,15,203034
27693,0.002285,172.31.36.0-255,66,185556,15,203034
27694,0.002297,172.31.36.0-255,66,185622,15,203034
27695,0.004559,74.125.130.0-255,5738,191360,15,203034
27696,0.004566,172.31.36.0-255,66,191426,15,203034
27697,0.006823,74.125.130.0-255,5738,197164,15,203034
27698,0.006834,172.31.36.0-255,66,197230,15,203034
27699,0.009091,74.125.130.0-255,5738,202968,15,203034
27700,0.00911,172.31.36.0-255,66,203034,15,203034
27701,0.0,74.125.24.0-255,218,218,15,200985
27702,2.3e-05,172.31.36.0-255,66,284,15,200985
27703,3.2e-05,74.125.24.0-255,1484,1768,15,200985
27704,3.7e-05,172.31.36.0-255,66,1834,15,200985
27705,4.5e-05,74.125.24.0-255,4320,6154,15,200985
27706,5.6e-05,172.31.36.0-255,66,6220,15,200985
27707,6.8e-05,172.31.36.0-255,66,6286,15,200985
27708,0.000304,74.125.24.0-255,1484,7770,15,200985
27709,0.00031,172.31.36.0-255,66,7836,15,200985
27710,0.000316,74.125.24.0-255,2902,10738,15,200985
27711,0.000318,172.31.36.0-255,66,10804,15,200985
27712,0.000329,74.125.24.0-255,2902,13706,15,200985
27713,0.000332,172.31.36.0-255,66,13772,15,200985
27714,0.000366,74.125.24.0-255,2902,16674,15,200985
27715,0.000369,172.31.36.0-255,66,16740,15,200985
27716,0.000377,74.125.24.0-255,6797,23537,15,200985
27717,0.000379,172.31.36.0-255,66,23603,15,200985
27718,0.000428,74.125.24.0-255,1484,25087,15,200985
27719,0.000431,172.31.36.0-255,66,25153,15,200985
27720,0.000436,74.125.24.0-255,2902,28055,15,200985
27721,0.000438,172.31.36.0-255,66,28121,15,200985
27722,0.000475,74.125.24.0-255,5738,33859,15,200985
27723,0.000478,172.31.36.0-255,66,33925,15,200985
27724,0.000507,172.31.36.0-255,66,33991,15,200985
27725,0.000521,172.31.36.0-255,66,34057,15,200985
27726,0.000551,74.125.24.0-255,1455,35512,15,200985
27727,0.000554,172.31.36.0-255,66,35578,15,200985
27728,0.000578,74.125.24.0-255,348,35926,15,200985
27729,0.000582,172.31.36.0-255,66,35992,15,200985
27730,0.000791,74.125.24.0-255,1484,37476,15,200985
27731,0.000816,74.125.24.0-255,1484,38960,15,200985
27732,0.000822,172.31.36.0-255,66,39026,15,200985
27733,0.000832,74.125.24.0-255,1484,40510,15,200985
27734,0.000843,74.125.24.0-255,5738,46248,15,200985
27735,0.000846,172.31.36.0-255,66,46314,15,200985
27736,0.000859,172.31.36.0-255,66,46380,15,200985
27737,0.000866,74.125.24.0-255,5738,52118,15,200985
27738,0.000869,172.31.36.0-255,66,52184,15,200985
27739,0.000901,74.125.24.0-255,5020,57204,15,200985
27740,0.000904,172.31.36.0-255,66,57270,15,200985
27741,0.000931,74.125.24.0-255,5738,63008,15,200985
27742,0.000936,172.31.36.0-255,66,63074,15,200985
27743,0.000946,74.125.24.0-255,2902,65976,15,200985
27744,0.000964,74.125.24.0-255,7156,73132,15,200985
27745,0.000968,172.31.36.0-255,66,73198,15,200985
27746,0.000971,172.31.36.0-255,66,73264,15,200985
27747,0.001004,74.125.24.0-255,2902,76166,15,200985
27748,0.001007,172.31.36.0-255,66,76232,15,200985
27749,0.001022,172.31.36.0-255,66,76298,15,200985
27750,0.001029,74.125.24.0-255,6438,82736,15,200985
27751,0.001032,172.31.36.0-255,66,82802,15,200985
27752,0.00106,74.125.24.0-255,2902,85704,15,200985
27753,0.001062,172.31.36.0-255,66,85770,15,200985
27754,0.001097,74.125.24.0-255,4320,90090,15,200985
27755,0.0011,172.31.36.0-255,66,90156,15,200985
27756,0.001111,172.31.36.0-255,66,90222,15,200985
27757,0.00113,172.31.36.0-255,66,90288,15,200985
27758,0.001175,74.125.24.0-255,2902,93190,15,200985
27759,0.001178,172.31.36.0-255,66,93256,15,200985
27760,0.001197,74.125.24.0-255,2184,95440,15,200985
27761,0.001199,172.31.36.0-255,66,95506,15,200985
27762,0.001227,74.125.24.0-255,4320,99826,15,200985
27763,0.00123,172.31.36.0-255,66,99892,15,200985
27764,0.001237,74.125.24.0-255,5738,105630,15,200985
27765,0.001239,172.31.36.0-255,66,105696,15,200985
27766,0.001257,172.31.36.0-255,66,105762,15,200985
27767,0.001264,74.125.24.0-255,7156,112918,15,200985
27768,0.001267,172.31.36.0-255,66,112984,15,200985
27769,0.001291,74.125.24.0-255,2902,115886,15,200985
27770,0.001299,172.31.36.0-255,66,115952,15,200985
27771,0.001303,74.125.24.0-255,2184,118136,15,200985
27772,0.001306,172.31.36.0-255,66,118202,15,200985
27773,0.001335,74.125.24.0-255,2902,121104,15,200985
27774,0.001338,172.31.36.0-255,66,121170,15,200985
27775,0.001346,74.125.24.0-255,7156,128326,15,200985
27776,0.001348,172.31.36.0-255,66,128392,15,200985
27777,0.001358,74.125.24.0-255,4320,132712,15,200985
27778,0.001361,172.31.36.0-255,66,132778,15,200985
27779,0.001395,74.125.24.0-255,4320,137098,15,200985
27780,0.001399,172.31.36.0-255,66,137164,15,200985
27781,0.00144,74.125.24.0-255,5738,142902,15,200985
27782,0.001444,172.31.36.0-255,66,142968,15,200985
27783,0.001479,172.31.36.0-255,66,143034,15,200985
27784,0.00157,74.125.24.0-255,1484,144518,15,200985
27785,0.001575,74.125.24.0-255,2902,147420,15,200985
27786,0.001585,172.31.36.0-255,66,147486,15,200985
27787,0.001615,74.125.24.0-255,5738,153224,15,200985
27788,0.001618,172.31.36.0-255,66,153290,15,200985
27789,0.001625,74.125.24.0-255,5738,159028,15,200985
27790,0.001628,172.31.36.0-255,66,159094,15,200985
27791,0.001646,74.125.24.0-255,7156,166250,15,200985
27792,0.001649,172.31.36.0-255,66,166316,15,200985
27793,0.001718,172.31.36.0-255,66,166382,15,200985
27794,0.001823,74.125.24.0-255,1484,167866,15,200985
27795,0.001829,74.125.24.0-255,2902,170768,15,200985
27796,0.001832,172.31.36.0-255,66,170834,15,200985
27797,0.001863,74.125.24.0-255,5738,176572,15,200985
27798,0.001866,172.31.36.0-255,66,176638,15,200985
27799,0.001873,74.125.24.0-255,5738,182376,15,200985
27800,0.001876,172.31.36.0-255,66,182442,15,200985
27801,0.001899,74.125.24.0-255,4320,186762,15,200985
27802,0.001903,74.125.24.0-255,1484,188246,15,200985
27803,0.001918,172.31.36.0-255,66,188312,15,200985
27804,0.001995,172.31.36.0-255,66,188378,15,200985
27805,0.002047,172.31.36.0-255,66,188444,15,200985
27806,0.002082,74.125.24.0-255,5738,194182,15,200985
27807,0.002084,74.125.24.0-255,766,194948,15,200985
27808,0.002087,74.125.24.0-255,1484,196432,15,200985
27809,0.002107,74.125.24.0-255,4316,200748,15,200985
27810,0.002116,172.31.36.0-255,66,200814,15,200985
27811,0.002142,74.125.24.0-255,105,200919,15,200985
27812,0.004744,172.31.36.0-255,66,200985,15,200985
27813,0.0,172.217.194.0-255,153,153,15,205530
27814,3.5e-05,172.31.36.0-255,66,219,15,205530
27815,4.4e-05,172.217.194.0-255,1484,1703,15,205530
27816,4.8e-05,172.31.36.0-255,66,1769,15,205530
27817,6.2e-05,172.217.194.0-255,2902,4671,15,205530
27818,6.6e-05,172.31.36.0-255,66,4737,15,205530
27819,7.2e-05,172.217.194.0-255,5738,10475,15,205530
27820,7.6e-05,172.31.36.0-255,66,10541,15,205530
27821,0.000102,172.217.194.0-255,3436,13977,15,205530
27822,0.000111,172.31.36.0-255,66,14043,15,205530
27823,0.000178,172.217.194.0-255,1484,15527,15,205530
27824,0.000182,172.31.36.0-255,66,15593,15,205530
27825,0.000186,172.217.194.0-255,2902,18495,15,205530
27826,0.000189,172.31.36.0-255,66,18561,15,205530
27827,0.000201,172.217.194.0-255,2902,21463,15,205530
27828,0.000204,172.31.36.0-255,66,21529,15,205530
27829,0.000239,172.217.194.0-255,2902,24431,15,205530
27830,0.000243,172.31.36.0-255,66,24497,15,205530
27831,0.000249,172.217.194.0-255,4320,28817,15,205530
27832,0.000252,172.31.36.0-255,66,28883,15,205530
27833,0.000294,172.31.36.0-255,66,28949,15,205530
27834,0.000322,172.217.194.0-255,1125,30074,15,205530
27835,0.000325,172.31.36.0-255,66,30140,15,205530
27836,0.000345,172.31.36.0-255,66,30206,15,205530
27837,0.000363,172.217.194.0-255,1484,31690,15,205530
27838,0.000366,172.31.36.0-255,66,31756,15,205530
27839,0.00041,172.217.194.0-255,5738,37494,15,205530
27840,0.000415,172.31.36.0-255,66,37560,15,205530
27841,0.000446,172.217.194.0-255,7050,44610,15,205530
27842,0.000449,172.31.36.0-255,66,44676,15,205530
27843,0.000564,172.217.194.0-255,1484,46160,15,205530
27844,0.00057,172.217.194.0-255,1484,47644,15,205530
27845,0.000572,172.31.36.0-255,66,47710,15,205530
27846,0.000599,172.217.194.0-255,1484,49194,15,205530
27847,0.000606,172.217.194.0-255,4320,53514,15,205530
27848,0.000609,172.31.36.0-255,66,53580,15,205530
27849,0.000623,172.217.194.0-255,1484,55064,15,205530
27850,0.000634,172.217.194.0-255,4320,59384,15,205530
27851,0.000636,172.31.36.0-255,66,59450,15,205530
27852,0.000673,172.31.36.0-255,66,59516,15,205530
27853,0.000703,172.217.194.0-255,2902,62418,15,205530
27854,0.000707,172.31.36.0-255,66,62484,15,205530
27855,0.000743,172.31.36.0-255,66,62550,15,205530
27856,0.000919,172.217.194.0-255,1484,64034,15,205530
27857,0.000925,172.217.194.0-255,2902,66936,15,205530
27858,0.000929,172.31.36.0-255,66,67002,15,205530
27859,0.000937,172.217.194.0-255,5738,72740,15,205530
27860,0.000939,172.31.36.0-255,66,72806,15,205530
27861,0.000944,172.217.194.0-255,2902,75708,15,205530
27862,0.000946,172.31.36.0-255,66,75774,15,205530
27863,0.000975,172.217.194.0-255,5738,81512,15,205530
27864,0.000979,172.31.36.0-255,66,81578,15,205530
27865,0.001021,172.217.194.0-255,2902,84480,15,205530
27866,0.001024,172.31.36.0-255,66,84546,15,205530
27867,0.001065,172.31.36.0-255,66,84612,15,205530
27868,0.001068,172.217.194.0-255,1484,86096,15,205530
27869,0.001073,172.217.194.0-255,2902,88998,15,205530
27870,0.001075,172.31.36.0-255,66,89064,15,205530
27871,0.001087,172.217.194.0-255,5738,94802,15,205530
27872,0.001089,172.31.36.0-255,66,94868,15,205530
27873,0.001096,172.217.194.0-255,5738,100606,15,205530
27874,0.001099,172.31.36.0-255,66,100672,15,205530
27875,0.001139,172.217.194.0-255,5738,106410,15,205530
27876,0.001143,172.31.36.0-255,66,106476,15,205530
27877,0.001163,172.31.36.0-255,66,106542,15,205530
27878,0.001427,172.217.194.0-255,1484,108026,15,205530
27879,0.001434,172.217.194.0-255,2902,110928,15,205530
27880,0.001437,172.31.36.0-255,66,110994,15,205530
27881,0.001445,172.217.194.0-255,5738,116732,15,205530
27882,0.001447,172.31.36.0-255,66,116798,15,205530
27883,0.00149,172.31.36.0-255,66,116864,15,205530
27884,0.001518,172.217.194.0-255,1484,118348,15,205530
27885,0.001525,172.217.194.0-255,7156,125504,15,205530
27886,0.001528,172.31.36.0-255,66,125570,15,205530
27887,0.00156,172.217.194.0-255,3602,129172,15,205530
27888,0.001563,172.31.36.0-255,66,129238,15,205530
27889,0.001837,172.217.194.0-255,1484,130722,15,205530
27890,0.001865,172.217.194.0-255,1484,132206,15,205530
27891,0.001869,172.31.36.0-255,66,132272,15,205530
27892,0.001896,172.217.194.0-255,2902,135174,15,205530
27893,0.001899,172.31.36.0-255,66,135240,15,205530
27894,0.001906,172.217.194.0-255,5738,140978,15,205530
27895,0.001908,172.31.36.0-255,66,141044,15,205530
27896,0.001949,172.217.194.0-255,5738,146782,15,205530
27897,0.001952,172.31.36.0-255,66,146848,15,205530
27898,0.001957,172.217.194.0-255,2902,149750,15,205530
27899,0.001959,172.31.36.0-255,66,149816,15,205530
27900,0.001998,172.31.36.0-255,66,149882,15,205530
27901,0.002002,172.217.194.0-255,1484,151366,15,205530
27902,0.002006,172.217.194.0-255,2184,153550,15,205530
27903,0.002008,172.31.36.0-255,66,153616,15,205530
27904,0.002093,172.217.194.0-255,1484,155100,15,205530
27905,0.002098,172.217.194.0-255,2902,158002,15,205530
27906,0.002101,172.31.36.0-255,66,158068,15,205530
27907,0.002135,172.217.194.0-255,5738,163806,15,205530
27908,0.002138,172.31.36.0-255,66,163872,15,205530
27909,0.002182,172.217.194.0-255,2902,166774,15,205530
27910,0.002186,172.31.36.0-255,66,166840,15,205530
27911,0.002228,172.217.194.0-255,2902,169742,15,205530
27912,0.002233,172.31.36.0-255,66,169808,15,205530
27913,0.002252,172.31.36.0-255,66,169874,15,205530
27914,0.002258,172.217.194.0-255,5020,174894,15,205530
27915,0.00226,172.31.36.0-255,66,174960,15,205530
27916,0.002264,172.217.194.0-255,2902,177862,15,205530
27917,0.002266,172.31.36.0-255,66,177928,15,205530
27918,0.002271,172.217.194.0-255,4320,182248,15,205530
27919,0.002273,172.31.36.0-255,66,182314,15,205530
27920,0.002279,172.217.194.0-255,5738,188052,15,205530
27921,0.002282,172.31.36.0-255,66,188118,15,205530
27922,0.004513,172.217.194.0-255,5738,193856,15,205530
27923,0.004525,172.31.36.0-255,66,193922,15,205530
27924,0.006757,172.217.194.0-255,5738,199660,15,205530
27925,0.006766,172.31.36.0-255,66,199726,15,205530
27926,0.009033,172.217.194.0-255,5738,205464,15,205530
27927,0.00904,172.31.36.0-255,66,205530,15,205530
27928,0.0,74.125.24.0-255,153,153,15,188713
27929,3.1e-05,172.31.36.0-255,66,219,15,188713
27930,3.7e-05,74.125.24.0-255,1484,1703,15,188713
27931,4.1e-05,172.31.36.0-255,66,1769,15,188713
27932,4.6e-05,74.125.24.0-255,2902,4671,15,188713
27933,4.9e-05,172.31.36.0-255,66,4737,15,188713
27934,5.7e-05,74.125.24.0-255,7156,11893,15,188713
27935,5.9e-05,172.31.36.0-255,66,11959,15,188713
27936,0.000104,74.125.24.0-255,2042,14001,15,188713
27937,0.000108,172.31.36.0-255,66,14067,15,188713
27938,0.000248,74.125.24.0-255,1484,15551,15,188713
27939,0.000252,172.31.36.0-255,66,15617,15,188713
27940,0.000257,74.125.24.0-255,2902,18519,15,188713
27941,0.00026,172.31.36.0-255,66,18585,15,188713
27942,0.000263,74.125.24.0-255,1484,20069,15,188713
27943,0.000265,172.31.36.0-255,66,20135,15,188713
27944,0.000291,74.125.24.0-255,4320,24455,15,188713
27945,0.000294,172.31.36.0-255,66,24521,15,188713
27946,0.000322,172.31.36.0-255,66,24587,15,188713
27947,0.00034,74.125.24.0-255,3961,28548,15,188713
27948,0.000343,172.31.36.0-255,66,28614,15,188713
27949,0.000375,172.31.36.0-255,66,28680,15,188713
27950,0.000961,74.125.24.0-255,1484,30164,15,188713
27951,0.000967,172.31.36.0-255,66,30230,15,188713
27952,0.000976,74.125.24.0-255,2902,33132,15,188713
27953,0.000978,172.31.36.0-255,66,33198,15,188713
27954,0.000985,74.125.24.0-255,5738,38936,15,188713
27955,0.000986,172.31.36.0-255,66,39002,15,188713
27956,0.00101,74.125.24.0-255,1484,40486,15,188713
27957,0.001013,172.31.36.0-255,66,40552,15,188713
27958,0.001045,172.31.36.0-255,66,40618,15,188713
27959,0.001071,74.125.24.0-255,4320,44938,15,188713
27960,0.001074,172.31.36.0-255,66,45004,15,188713
27961,0.001091,74.125.24.0-255,5379,50383,15,188713
27962,0.001094,172.31.36.0-255,66,50449,15,188713
27963,0.001105,172.31.36.0-255,66,50515,15,188713
27964,0.001139,172.31.36.0-255,66,50581,15,188713
27965,0.001288,74.125.24.0-255,1484,52065,15,188713
27966,0.001295,74.125.24.0-255,2902,54967,15,188713
27967,0.001299,172.31.36.0-255,66,55033,15,188713
27968,0.001304,74.125.24.0-255,2902,57935,15,188713
27969,0.001306,172.31.36.0-255,66,58001,15,188713
27970,0.001322,74.125.24.0-255,2902,60903,15,188713
27971,0.001324,172.31.36.0-255,66,60969,15,188713
27972,0.001331,74.125.24.0-255,7156,68125,15,188713
27973,0.001333,172.31.36.0-255,66,68191,15,188713
27974,0.001349,74.125.24.0-255,1484,69675,15,188713
27975,0.001376,74.125.24.0-255,4320,73995,15,188713
27976,0.001379,172.31.36.0-255,66,74061,15,188713
27977,0.001406,172.31.36.0-255,66,74127,15,188713
27978,0.001475,74.125.24.0-255,1484,75611,15,188713
27979,0.001508,74.125.24.0-255,2902,78513,15,188713
27980,0.00151,172.31.36.0-255,66,78579,15,188713
27981,0.001513,74.125.24.0-255,1484,80063,15,188713
27982,0.001531,74.125.24.0-255,4320,84383,15,188713
27983,0.001533,172.31.36.0-255,66,84449,15,188713
27984,0.001537,74.125.24.0-255,2902,87351,15,188713
27985,0.001539,172.31.36.0-255,66,87417,15,188713
27986,0.001556,74.125.24.0-255,5738,93155,15,188713
27987,0.001558,172.31.36.0-255,66,93221,15,188713
27988,0.001596,74.125.24.0-255,7156,100377,15,188713
27989,0.001598,172.31.36.0-255,66,100443,15,188713
27990,0.001622,172.31.36.0-255,66,100509,15,188713
27991,0.001636,74.125.24.0-255,2902,103411,15,188713
27992,0.001638,172.31.36.0-255,66,103477,15,188713
27993,0.001665,74.125.24.0-255,4320,107797,15,188713
27994,0.001667,172.31.36.0-255,66,107863,15,188713
27995,0.001676,172.31.36.0-255,66,107929,15,188713
27996,0.001698,74.125.24.0-255,7156,115085,15,188713
27997,0.0017,172.31.36.0-255,66,115151,15,188713
27998,0.001712,74.125.24.0-255,5738,120889,15,188713
27999,0.001714,172.31.36.0-255,66,120955,15,188713
28000,0.001768,74.125.24.0-255,5020,125975,15,188713
28001,0.00177,172.31.36.0-255,66,126041,15,188713
28002,0.001935,74.125.24.0-255,1484,127525,15,188713
28003,0.001939,74.125.24.0-255,2902,130427,15,188713
28004,0.001941,172.31.36.0-255,66,130493,15,188713
28005,0.001963,74.125.24.0-255,5738,136231,15,188713
28006,0.001966,172.31.36.0-255,66,136297,15,188713
28007,0.00198,74.125.24.0-255,5738,142035,15,188713
28008,0.001982,172.31.36.0-255,66,142101,15,188713
28009,0.002007,74.125.24.0-255,7156,149257,15,188713
28010,0.002009,172.31.36.0-255,66,149323,15,188713
28011,0.002054,74.125.24.0-255,2184,151507,15,188713
28012,0.002069,74.125.24.0-255,2902,154409,15,188713
28013,0.002101,74.125.24.0-255,4320,158729,15,188713
28014,0.002119,74.125.24.0-255,2902,161631,15,188713
28015,0.002168,74.125.24.0-255,1484,163115,15,188713
28016,0.00219,74.125.24.0-255,766,163881,15,188713
28017,0.002303,74.125.24.0-255,1484,165365,15,188713
28018,0.002315,74.125.24.0-255,2902,168267,15,188713
28019,0.002317,74.125.24.0-255,1484,169751,15,188713
28020,0.002334,74.125.24.0-255,4320,174071,15,188713
28021,0.002344,74.125.24.0-255,1484,175555,15,188713
28022,0.002389,74.125.24.0-255,1484,177039,15,188713
28023,0.005122,172.31.36.0-255,66,177105,15,188713
28024,0.007461,74.125.24.0-255,5738,182843,15,188713
28025,0.007467,172.31.36.0-255,66,182909,15,188713
28026,0.009831,74.125.24.0-255,5738,188647,15,188713
28027,0.009838,172.31.36.0-255,66,188713,15,188713
28028,0.0,74.125.24.0-255,146,146,15,127638
28029,2.2e-05,172.31.36.0-255,66,212,15,127638
28030,2.8e-05,74.125.24.0-255,1484,1696,15,127638
28031,3.3e-05,172.31.36.0-255,66,1762,15,127638
28032,3.8e-05,74.125.24.0-255,2902,4664,15,127638
28033,4.1e-05,172.31.36.0-255,66,4730,15,127638
28034,8.7e-05,74.125.24.0-255,7156,11886,15,127638
28035,9.2e-05,172.31.36.0-255,66,11952,15,127638
28036,0.000191,74.125.24.0-255,1976,13928,15,127638
28037,0.000195,172.31.36.0-255,66,13994,15,127638
28038,0.000231,74.125.24.0-255,2902,16896,15,127638
28039,0.000234,172.31.36.0-255,66,16962,15,127638
28040,0.00028,74.125.24.0-255,2902,19864,15,127638
28041,0.000282,172.31.36.0-255,66,19930,15,127638
28042,0.000303,74.125.24.0-255,4320,24250,15,127638
28043,0.000306,172.31.36.0-255,66,24316,15,127638
28044,0.000408,74.125.24.0-255,6797,31113,15,127638
28045,0.000412,172.31.36.0-255,66,31179,15,127638
28046,0.000518,74.125.24.0-255,5738,36917,15,127638
28047,0.000522,172.31.36.0-255,66,36983,15,127638
28048,0.000541,74.125.24.0-255,4320,41303,15,127638
28049,0.000543,172.31.36.0-255,66,41369,15,127638
28050,0.000704,74.125.24.0-255,6797,48166,15,127638
28051,0.000708,172.31.36.0-255,66,48232,15,127638
28052,0.000916,74.125.24.0-255,1484,49716,15,127638
28053,0.000919,172.31.36.0-255,66,49782,15,127638
28054,0.000932,74.125.24.0-255,2902,52684,15,127638
28055,0.000935,172.31.36.0-255,66,52750,15,127638
28056,0.000957,74.125.24.0-255,1484,54234,15,127638
28057,0.000959,172.31.36.0-255,66,54300,15,127638
28058,0.000976,74.125.24.0-255,1484,55784,15,127638
28059,0.000979,172.31.36.0-255,66,55850,15,127638
28060,0.000989,74.125.24.0-255,1484,57334,15,127638
28061,0.00103,74.125.24.0-255,4320,61654,15,127638
28062,0.001033,172.31.36.0-255,66,61720,15,127638
28063,0.001049,74.125.24.0-255,1484,63204,15,127638
28064,0.001133,74.125.24.0-255,2543,65747,15,127638
28065,0.001136,172.31.36.0-255,66,65813,15,127638
28066,0.001184,74.125.24.0-255,5738,71551,15,127638
28067,0.001187,172.31.36.0-255,66,71617,15,127638
28068,0.001206,74.125.24.0-255,4320,75937,15,127638
28069,0.001209,172.31.36.0-255,66,76003,15,127638
28070,0.00135,74.125.24.0-255,4320,80323,15,127638
28071,0.001353,172.31.36.0-255,66,80389,15,127638
28072,0.001431,74.125.24.0-255,5738,86127,15,127638
28073,0.001434,172.31.36.0-255,66,86193,15,127638
28074,0.001467,172.31.36.0-255,66,86259,15,127638
28075,0.001761,74.125.24.0-255,289,86548,15,127638
28076,0.001777,74.125.24.0-255,1484,88032,15,127638
28077,0.001781,172.31.36.0-255,66,88098,15,127638
28078,0.001809,74.125.24.0-255,4320,92418,15,127638
28079,0.001812,172.31.36.0-255,66,92484,15,127638
28080,0.001881,74.125.24.0-255,5738,98222,15,127638
28081,0.001886,172.31.36.0-255,66,98288,15,127638
28082,0.001906,74.125.24.0-255,2902,101190,15,127638
28083,0.001909,172.31.36.0-255,66,101256,15,127638
28084,0.002033,74.125.24.0-255,7156,108412,15,127638
28085,0.002039,172.31.36.0-255,66,108478,15,127638
28086,0.00207,172.31.36.0-255,66,108544,15,127638
28087,0.002415,172.31.36.0-255,66,108610,15,127638
28088,0.002452,172.31.36.0-255,66,108676,15,127638
28089,0.002962,74.125.24.0-255,7156,115832,15,127638
28090,0.002967,172.31.36.0-255,66,115898,15,127638
28091,0.002988,172.31.36.0-255,66,115964,15,127638
28092,0.003036,172.31.36.0-255,66,116030,15,127638
28093,0.005611,74.125.24.0-255,5738,121768,15,127638
28094,0.005619,172.31.36.0-255,66,121834,15,127638
28095,0.008175,74.125.24.0-255,5738,127572,15,127638
28096,0.008183,172.31.36.0-255,66,127638,15,127638
28097,0.0,74.125.24.0-255,152,152,15,125802
28098,3e-05,172.31.36.0-255,66,218,15,125802
28099,3.7e-05,74.125.24.0-255,1484,1702,15,125802
28100,4.1e-05,172.31.36.0-255,66,1768,15,125802
28101,4.7e-05,74.125.24.0-255,2902,4670,15,125802
28102,5e-05,172.31.36.0-255,66,4736,15,125802
28103,5.8e-05,74.125.24.0-255,7156,11892,15,125802
28104,6e-05,172.31.36.0-255,66,11958,15,125802
28105,8.4e-05,74.125.24.0-255,1984,13942,15,125802
28106,0.000106,172.31.36.0-255,66,14008,15,125802
28107,0.000256,74.125.24.0-255,1484,15492,15,125802
28108,0.000261,172.31.36.0-255,66,15558,15,125802
28109,0.000268,74.125.24.0-255,2902,18460,15,125802
28110,0.000271,172.31.36.0-255,66,18526,15,125802
28111,0.000277,74.125.24.0-255,5738,24264,15,125802
28112,0.00028,172.31.36.0-255,66,24330,15,125802
28113,0.000322,74.125.24.0-255,5738,30068,15,125802
28114,0.000327,172.31.36.0-255,66,30134,15,125802
28115,0.00036,74.125.24.0-255,5738,35872,15,125802
28116,0.000364,172.31.36.0-255,66,35938,15,125802
28117,0.000389,172.31.36.0-255,66,36004,15,125802
28118,0.000457,74.125.24.0-255,5738,41742,15,125802
28119,0.000461,172.31.36.0-255,66,41808,15,125802
28120,0.000483,74.125.24.0-255,7156,48964,15,125802
28121,0.000487,172.31.36.0-255,66,49030,15,125802
28122,0.000556,74.125.24.0-255,4320,53350,15,125802
28123,0.00056,172.31.36.0-255,66,53416,15,125802
28124,0.000579,74.125.24.0-255,3936,57352,15,125802
28125,0.000582,172.31.36.0-255,66,57418,15,125802
28126,0.000596,74.125.24.0-255,344,57762,15,125802
28127,0.0006,172.31.36.0-255,66,57828,15,125802
28128,0.00073,74.125.24.0-255,1484,59312,15,125802
28129,0.000736,74.125.24.0-255,2902,62214,15,125802
28130,0.000739,172.31.36.0-255,66,62280,15,125802
28131,0.000743,74.125.24.0-255,1484,63764,15,125802
28132,0.000759,74.125.24.0-255,4320,68084,15,125802
28133,0.000763,172.31.36.0-255,66,68150,15,125802
28134,0.000795,74.125.24.0-255,4320,72470,15,125802
28135,0.000799,172.31.36.0-255,66,72536,15,125802
28136,0.000823,172.31.36.0-255,66,72602,15,125802
28137,0.000885,74.125.24.0-255,4320,76922,15,125802
28138,0.000889,172.31.36.0-255,66,76988,15,125802
28139,0.000908,74.125.24.0-255,1484,78472,15,125802
28140,0.000936,74.125.24.0-255,5020,83492,15,125802
28141,0.000939,172.31.36.0-255,66,83558,15,125802
28142,0.001362,74.125.24.0-255,1484,85042,15,125802
28143,0.001373,74.125.24.0-255,2902,87944,15,125802
28144,0.001377,172.31.36.0-255,66,88010,15,125802
28145,0.001386,74.125.24.0-255,5738,93748,15,125802
28146,0.001388,172.31.36.0-255,66,93814,15,125802
28147,0.00142,74.125.24.0-255,1484,95298,15,125802
28148,0.00144,74.125.24.0-255,7156,102454,15,125802
28149,0.001444,172.31.36.0-255,66,102520,15,125802
28150,0.00148,74.125.24.0-255,5738,108258,15,125802
28151,0.001484,172.31.36.0-255,66,108324,15,125802
28152,0.001516,172.31.36.0-255,66,108390,15,125802
28153,0.003821,74.125.24.0-255,5738,114128,15,125802
28154,0.003829,172.31.36.0-255,66,114194,15,125802
28155,0.006158,74.125.24.0-255,5738,119932,15,125802
28156,0.006164,172.31.36.0-255,66,119998,15,125802
28157,0.008431,74.125.24.0-255,5738,125736,15,125802
28158,0.00844,172.31.36.0-255,66,125802,15,125802
28159,0.0,172.217.194.0-255,153,153,15,207654
28160,3.2e-05,172.31.36.0-255,66,219,15,207654
28161,3.9e-05,172.217.194.0-255,1484,1703,15,207654
28162,4.4e-05,172.31.36.0-255,66,1769,15,207654
28163,5e-05,172.217.194.0-255,2902,4671,15,207654
28164,5.2e-05,172.31.36.0-255,66,4737,15,207654
28165,5.8e-05,172.217.194.0-255,4320,9057,15,207654
28166,6e-05,172.31.36.0-255,66,9123,15,207654
28167,9.7e-05,172.31.36.0-255,66,9189,15,207654
28168,0.000104,172.217.194.0-255,7156,16345,15,207654
28169,0.000106,172.31.36.0-255,66,16411,15,207654
28170,0.000121,172.217.194.0-255,5379,21790,15,207654
28171,0.000124,172.31.36.0-255,66,21856,15,207654
28172,0.000158,172.217.194.0-255,1484,23340,15,207654
28173,0.000161,172.31.36.0-255,66,23406,15,207654
28174,0.000166,172.217.194.0-255,1484,24890,15,207654
28175,0.000168,172.31.36.0-255,66,24956,15,207654
28176,0.00018,172.217.194.0-255,1484,26440,15,207654
28177,0.000182,172.31.36.0-255,66,26506,15,207654
28178,0.000188,172.217.194.0-255,4320,30826,15,207654
28179,0.00019,172.31.36.0-255,66,30892,15,207654
28180,0.000215,172.217.194.0-255,1484,32376,15,207654
28181,0.000218,172.31.36.0-255,66,32442,15,207654
28182,0.000224,172.217.194.0-255,5738,38180,15,207654
28183,0.000227,172.31.36.0-255,66,38246,15,207654
28184,0.000235,172.217.194.0-255,7156,45402,15,207654
28185,0.000238,172.31.36.0-255,66,45468,15,207654
28186,0.000266,172.217.194.0-255,6797,52265,15,207654
28187,0.00027,172.31.36.0-255,66,52331,15,207654
28188,0.000275,172.217.194.0-255,4251,56582,15,207654
28189,0.000277,172.31.36.0-255,66,56648,15,207654
28190,0.000279,172.217.194.0-255,366,57014,15,207654
28191,0.000416,172.217.194.0-255,1484,58498,15,207654
28192,0.000422,172.31.36.0-255,66,58564,15,207654
28193,0.000434,172.217.194.0-255,2902,61466,15,207654
28194,0.000437,172.31.36.0-255,66,61532,15,207654
28195,0.000441,172.217.194.0-255,1484,63016,15,207654
28196,0.000468,172.217.194.0-255,4320,67336,15,207654
28197,0.000471,172.31.36.0-255,66,67402,15,207654
28198,0.000483,172.31.36.0-255,66,67468,15,207654
28199,0.000502,172.217.194.0-255,2902,70370,15,207654
28200,0.000507,172.31.36.0-255,66,70436,15,207654
28201,0.000538,172.31.36.0-255,66,70502,15,207654
28202,0.000736,172.217.194.0-255,1484,71986,15,207654
28203,0.000742,172.217.194.0-255,2902,74888,15,207654
28204,0.000745,172.31.36.0-255,66,74954,15,207654
28205,0.000768,172.217.194.0-255,5738,80692,15,207654
28206,0.000771,172.31.36.0-255,66,80758,15,207654
28207,0.000776,172.217.194.0-255,2902,83660,15,207654
28208,0.000778,172.31.36.0-255,66,83726,15,207654
28209,0.00081,172.31.36.0-255,66,83792,15,207654
28210,0.000822,172.31.36.0-255,66,83858,15,207654
28211,0.001015,172.217.194.0-255,1484,85342,15,207654
28212,0.001021,172.217.194.0-255,2902,88244,15,207654
28213,0.001024,172.31.36.0-255,66,88310,15,207654
28214,0.001045,172.217.194.0-255,5738,94048,15,207654
28215,0.001048,172.31.36.0-255,66,94114,15,207654
28216,0.001051,172.217.194.0-255,1484,95598,15,207654
28217,0.001075,172.31.36.0-255,66,95664,15,207654
28218,0.00111,172.217.194.0-255,4320,99984,15,207654
28219,0.001114,172.31.36.0-255,66,100050,15,207654
28220,0.001142,172.31.36.0-255,66,100116,15,207654
28221,0.001146,172.217.194.0-255,1484,101600,15,207654
28222,0.001176,172.31.36.0-255,66,101666,15,207654
28223,0.001186,172.31.36.0-255,66,101732,15,207654
28224,0.001217,172.217.194.0-255,4320,106052,15,207654
28225,0.00122,172.31.36.0-255,66,106118,15,207654
28226,0.001248,172.31.36.0-255,66,106184,15,207654
28227,0.001261,172.217.194.0-255,2902,109086,15,207654
28228,0.001264,172.31.36.0-255,66,109152,15,207654
28229,0.001282,172.217.194.0-255,7156,116308,15,207654
28230,0.001285,172.31.36.0-255,66,116374,15,207654
28231,0.001311,172.217.194.0-255,2902,119276,15,207654
28232,0.001314,172.31.36.0-255,66,119342,15,207654
28233,0.001324,172.31.36.0-255,66,119408,15,207654
28234,0.00133,172.217.194.0-255,5738,125146,15,207654
28235,0.001333,172.31.36.0-255,66,125212,15,207654
28236,0.001356,172.217.194.0-255,6438,131650,15,207654
28237,0.001359,172.31.36.0-255,66,131716,15,207654
28238,0.001375,172.217.194.0-255,4320,136036,15,207654
28239,0.001378,172.31.36.0-255,66,136102,15,207654
28240,0.001399,172.217.194.0-255,1484,137586,15,207654
28241,0.001406,172.217.194.0-255,7156,144742,15,207654
28242,0.001411,172.31.36.0-255,66,144808,15,207654
28243,0.001456,172.31.36.0-255,66,144874,15,207654
28244,0.001472,172.217.194.0-255,4320,149194,15,207654
28245,0.001475,172.31.36.0-255,66,149260,15,207654
28246,0.001482,172.217.194.0-255,6438,155698,15,207654
28247,0.001485,172.31.36.0-255,66,155764,15,207654
28248,0.001528,172.217.194.0-255,1484,157248,15,207654
28249,0.001532,172.217.194.0-255,1484,158732,15,207654
28250,0.001535,172.31.36.0-255,66,158798,15,207654
28251,0.001551,172.217.194.0-255,1484,160282,15,207654
28252,0.001558,172.217.194.0-255,5738,166020,15,207654
28253,0.00156,172.31.36.0-255,66,166086,15,207654
28254,0.001575,172.217.194.0-255,4320,170406,15,207654
28255,0.001578,172.31.36.0-255,66,170472,15,207654
28256,0.001608,172.31.36.0-255,66,170538,15,207654
28257,0.00162,172.31.36.0-255,66,170604,15,207654
28258,0.001622,172.217.194.0-255,766,171370,15,207654
28259,0.00164,172.217.194.0-255,1484,172854,15,207654
28260,0.001643,172.31.36.0-255,66,172920,15,207654
28261,0.001665,172.217.194.0-255,4320,177240,15,207654
28262,0.001672,172.217.194.0-255,7156,184396,15,207654
28263,0.001672,172.31.36.0-255,66,184462,15,207654
28264,0.001675,172.31.36.0-255,66,184528,15,207654
28265,0.001698,172.217.194.0-255,2902,187430,15,207654
28266,0.001702,172.31.36.0-255,66,187496,15,207654
28267,0.001717,172.31.36.0-255,66,187562,15,207654
28268,0.00175,172.217.194.0-255,5738,193300,15,207654
28269,0.001753,172.31.36.0-255,66,193366,15,207654
28270,0.001783,172.31.36.0-255,66,193432,15,207654
28271,0.001821,172.31.36.0-255,66,193498,15,207654
28272,0.001847,172.31.36.0-255,66,193564,15,207654
28273,0.001853,172.217.194.0-255,5738,199302,15,207654
28274,0.001855,172.31.36.0-255,66,199368,15,207654
28275,0.001884,172.217.194.0-255,2902,202270,15,207654
28276,0.001887,172.31.36.0-255,66,202336,15,207654
28277,0.001893,172.217.194.0-255,4910,207246,15,207654
28278,0.001895,172.31.36.0-255,66,207312,15,207654
28279,0.001898,172.217.194.0-255,105,207417,15,207654
28280,0.003324,172.31.36.0-255,66,207483,15,207654
28281,0.003351,172.31.36.0-255,105,207588,15,207654
28282,0.005587,172.217.194.0-255,66,207654,15,207654
28283,0.0,74.125.130.0-255,153,153,15,172376
28284,3.5e-05,172.31.36.0-255,66,219,15,172376
28285,4.3e-05,74.125.130.0-255,1484,1703,15,172376
28286,4.7e-05,172.31.36.0-255,66,1769,15,172376
28287,5.2e-05,74.125.130.0-255,2902,4671,15,172376
28288,6.5e-05,172.31.36.0-255,66,4737,15,172376
28289,7.2e-05,74.125.130.0-255,7156,11893,15,172376
28290,7.5e-05,172.31.36.0-255,66,11959,15,172376
28291,7.9e-05,74.125.130.0-255,2099,14058,15,172376
28292,8.2e-05,172.31.36.0-255,66,14124,15,172376
28293,0.000423,74.125.130.0-255,1484,15608,15,172376
28294,0.000429,172.31.36.0-255,66,15674,15,172376
28295,0.000455,74.125.130.0-255,2902,18576,15,172376
28296,0.000457,172.31.36.0-255,66,18642,15,172376
28297,0.000464,74.125.130.0-255,5738,24380,15,172376
28298,0.000466,172.31.36.0-255,66,24446,15,172376
28299,0.000506,74.125.130.0-255,6797,31243,15,172376
28300,0.000511,172.31.36.0-255,66,31309,15,172376
28301,0.000619,74.125.130.0-255,1484,32793,15,172376
28302,0.000622,172.31.36.0-255,66,32859,15,172376
28303,0.000627,74.125.130.0-255,2902,35761,15,172376
28304,0.00063,172.31.36.0-255,66,35827,15,172376
28305,0.000663,74.125.130.0-255,5738,41565,15,172376
28306,0.000666,172.31.36.0-255,66,41631,15,172376
28307,0.000673,74.125.130.0-255,4320,45951,15,172376
28308,0.000675,172.31.36.0-255,66,46017,15,172376
28309,0.000709,74.125.130.0-255,3961,49978,15,172376
28310,0.000713,172.31.36.0-255,66,50044,15,172376
28311,0.000724,172.31.36.0-255,66,50110,15,172376
28312,0.000731,74.125.130.0-255,6797,56907,15,172376
28313,0.000733,172.31.36.0-255,66,56973,15,172376
28314,0.000791,74.125.130.0-255,379,57352,15,172376
28315,0.000796,74.125.130.0-255,364,57716,15,172376
28316,0.000946,172.31.36.0-255,66,57782,15,172376
28317,0.001037,74.125.130.0-255,1484,59266,15,172376
28318,0.001058,74.125.130.0-255,2902,62168,15,172376
28319,0.001063,172.31.36.0-255,66,62234,15,172376
28320,0.00107,74.125.130.0-255,5738,67972,15,172376
28321,0.001072,172.31.36.0-255,66,68038,15,172376
28322,0.001085,74.125.130.0-255,7156,75194,15,172376
28323,0.001087,172.31.36.0-255,66,75260,15,172376
28324,0.001098,172.31.36.0-255,66,75326,15,172376
28325,0.001146,74.125.130.0-255,5738,81064,15,172376
28326,0.00115,172.31.36.0-255,66,81130,15,172376
28327,0.001164,74.125.130.0-255,2184,83314,15,172376
28328,0.001171,172.31.36.0-255,66,83380,15,172376
28329,0.001589,74.125.130.0-255,1484,84864,15,172376
28330,0.001609,74.125.130.0-255,1484,86348,15,172376
28331,0.001614,172.31.36.0-255,66,86414,15,172376
28332,0.001619,74.125.130.0-255,2902,89316,15,172376
28333,0.001621,172.31.36.0-255,66,89382,15,172376
28334,0.001666,74.125.130.0-255,4320,93702,15,172376
28335,0.00167,172.31.36.0-255,66,93768,15,172376
28336,0.001677,74.125.130.0-255,5738,99506,15,172376
28337,0.001679,172.31.36.0-255,66,99572,15,172376
28338,0.001683,74.125.130.0-255,1484,101056,15,172376
28339,0.001719,74.125.130.0-255,2902,103958,15,172376
28340,0.001719,172.31.36.0-255,66,104024,15,172376
28341,0.001723,172.31.36.0-255,66,104090,15,172376
28342,0.001754,74.125.130.0-255,3602,107692,15,172376
28343,0.001764,172.31.36.0-255,66,107758,15,172376
28344,0.001805,74.125.130.0-255,1484,109242,15,172376
28345,0.00181,74.125.130.0-255,2902,112144,15,172376
28346,0.001813,172.31.36.0-255,66,112210,15,172376
28347,0.001819,74.125.130.0-255,4320,116530,15,172376
28348,0.001821,172.31.36.0-255,66,116596,15,172376
28349,0.001837,172.31.36.0-255,66,116662,15,172376
28350,0.001882,172.31.36.0-255,66,116728,15,172376
28351,0.001913,74.125.130.0-255,5020,121748,15,172376
28352,0.001916,172.31.36.0-255,66,121814,15,172376
28353,0.002013,74.125.130.0-255,1484,123298,15,172376
28354,0.002029,74.125.130.0-255,2902,126200,15,172376
28355,0.002032,172.31.36.0-255,66,126266,15,172376
28356,0.002064,74.125.130.0-255,5738,132004,15,172376
28357,0.002068,172.31.36.0-255,66,132070,15,172376
28358,0.002114,74.125.130.0-255,5738,137808,15,172376
28359,0.002118,172.31.36.0-255,66,137874,15,172376
28360,0.002134,74.125.130.0-255,1484,139358,15,172376
28361,0.002149,74.125.130.0-255,4320,143678,15,172376
28362,0.002151,172.31.36.0-255,66,143744,15,172376
28363,0.002163,74.125.130.0-255,4320,148064,15,172376
28364,0.00217,172.31.36.0-255,66,148130,15,172376
28365,0.002174,74.125.130.0-255,2902,151032,15,172376
28366,0.002177,172.31.36.0-255,66,151098,15,172376
28367,0.002196,74.125.130.0-255,4320,155418,15,172376
28368,0.002198,172.31.36.0-255,66,155484,15,172376
28369,0.002219,74.125.130.0-255,766,156250,15,172376
28370,0.002461,172.31.36.0-255,66,156316,15,172376
28371,0.004734,74.125.130.0-255,4320,160636,15,172376
28372,0.00474,172.31.36.0-255,66,160702,15,172376
28373,0.004987,74.125.130.0-255,1484,162186,15,172376
28374,0.00728,74.125.130.0-255,4320,166506,15,172376
28375,0.007286,172.31.36.0-255,66,166572,15,172376
28376,0.009833,74.125.130.0-255,5738,172310,15,172376
28377,0.009844,172.31.36.0-255,66,172376,15,172376
28378,0.0,74.125.24.0-255,153,153,15,84209
28379,2.3e-05,172.31.36.0-255,66,219,15,84209
28380,3.1e-05,74.125.24.0-255,1484,1703,15,84209
28381,3.5e-05,172.31.36.0-255,66,1769,15,84209
28382,5.3e-05,74.125.24.0-255,2902,4671,15,84209
28383,5.7e-05,172.31.36.0-255,66,4737,15,84209
28384,6.5e-05,74.125.24.0-255,7156,11893,15,84209
28385,6.8e-05,172.31.36.0-255,66,11959,15,84209
28386,7.2e-05,74.125.24.0-255,2047,14006,15,84209
28387,7.5e-05,172.31.36.0-255,66,14072,15,84209
28388,0.000202,74.125.24.0-255,1484,15556,15,84209
28389,0.000207,172.31.36.0-255,66,15622,15,84209
28390,0.000212,74.125.24.0-255,2902,18524,15,84209
28391,0.000215,172.31.36.0-255,66,18590,15,84209
28392,0.000244,74.125.24.0-255,5738,24328,15,84209
28393,0.000247,172.31.36.0-255,66,24394,15,84209
28394,0.00029,74.125.24.0-255,6797,31191,15,84209
28395,0.000294,172.31.36.0-255,66,31257,15,84209
28396,0.000398,74.125.24.0-255,1484,32741,15,84209
28397,0.000402,172.31.36.0-255,66,32807,15,84209
28398,0.000408,74.125.24.0-255,2902,35709,15,84209
28399,0.00041,172.31.36.0-255,66,35775,15,84209
28400,0.000417,74.125.24.0-255,5738,41513,15,84209
28401,0.000425,172.31.36.0-255,66,41579,15,84209
28402,0.000431,74.125.24.0-255,4320,45899,15,84209
28403,0.000433,172.31.36.0-255,66,45965,15,84209
28404,0.00046,74.125.24.0-255,1484,47449,15,84209
28405,0.000463,172.31.36.0-255,66,47515,15,84209
28406,0.000471,74.125.24.0-255,6797,54312,15,84209
28407,0.000474,172.31.36.0-255,66,54378,15,84209
28408,0.000477,74.125.24.0-255,1484,55862,15,84209
28409,0.000479,172.31.36.0-255,66,55928,15,84209
28410,0.000519,172.31.36.0-255,66,55994,15,84209
28411,0.000522,74.125.24.0-255,400,56394,15,84209
28412,0.000896,74.125.24.0-255,110,56504,15,84209
28413,0.001029,172.31.36.0-255,66,56570,15,84209
28414,0.001094,74.125.24.0-255,1484,58054,15,84209
28415,0.001099,74.125.24.0-255,2902,60956,15,84209
28416,0.001102,172.31.36.0-255,66,61022,15,84209
28417,0.00111,74.125.24.0-255,5738,66760,15,84209
28418,0.001112,172.31.36.0-255,66,66826,15,84209
28419,0.001181,172.31.36.0-255,66,66892,15,84209
28420,0.001193,172.31.36.0-255,66,66958,15,84209
28421,0.001196,74.125.24.0-255,1125,68083,15,84209
28422,0.001464,172.31.36.0-255,66,68149,15,84209
28423,0.003518,74.125.24.0-255,4320,72469,15,84209
28424,0.003525,172.31.36.0-255,66,72535,15,84209
28425,0.003775,74.125.24.0-255,1484,74019,15,84209
28426,0.005878,74.125.24.0-255,4320,78339,15,84209
28427,0.005881,172.31.36.0-255,66,78405,15,84209
28428,0.008239,74.125.24.0-255,5738,84143,15,84209
28429,0.008245,172.31.36.0-255,66,84209,15,84209
28430,0.0,172.217.194.0-255,219,219,15,110965
28431,3.5e-05,172.31.36.0-255,66,285,15,110965
28432,4.2e-05,172.217.194.0-255,1484,1769,15,110965
28433,4.7e-05,172.31.36.0-255,66,1835,15,110965
28434,6e-05,172.217.194.0-255,4320,6155,15,110965
28435,6.3e-05,172.31.36.0-255,66,6221,15,110965
28436,0.000102,172.31.36.0-255,66,6287,15,110965
28437,0.000159,172.217.194.0-255,1484,7771,15,110965
28438,0.000163,172.31.36.0-255,66,7837,15,110965
28439,0.000168,172.217.194.0-255,2902,10739,15,110965
28440,0.00017,172.31.36.0-255,66,10805,15,110965
28441,0.000192,172.217.194.0-255,5738,16543,15,110965
28442,0.000202,172.31.36.0-255,66,16609,15,110965
28443,0.000266,172.31.36.0-255,66,16675,15,110965
28444,0.000272,172.217.194.0-255,5738,22413,15,110965
28445,0.000274,172.31.36.0-255,66,22479,15,110965
28446,0.000306,172.217.194.0-255,2902,25381,15,110965
28447,0.000309,172.31.36.0-255,66,25447,15,110965
28448,0.000317,172.217.194.0-255,6797,32244,15,110965
28449,0.000319,172.31.36.0-255,66,32310,15,110965
28450,0.001174,172.217.194.0-255,1484,33794,15,110965
28451,0.001179,172.31.36.0-255,66,33860,15,110965
28452,0.001186,172.217.194.0-255,2902,36762,15,110965
28453,0.001188,172.31.36.0-255,66,36828,15,110965
28454,0.001191,172.217.194.0-255,1484,38312,15,110965
28455,0.001192,172.31.36.0-255,66,38378,15,110965
28456,0.00123,172.217.194.0-255,4320,42698,15,110965
28457,0.001236,172.31.36.0-255,66,42764,15,110965
28458,0.001243,172.217.194.0-255,6797,49561,15,110965
28459,0.001245,172.31.36.0-255,66,49627,15,110965
28460,0.001268,172.217.194.0-255,1484,51111,15,110965
28461,0.001273,172.217.194.0-255,2902,54013,15,110965
28462,0.00128,172.31.36.0-255,66,54079,15,110965
28463,0.001287,172.217.194.0-255,5738,59817,15,110965
28464,0.001289,172.31.36.0-255,66,59883,15,110965
28465,0.001327,172.31.36.0-255,66,59949,15,110965
28466,0.001339,172.31.36.0-255,66,60015,15,110965
28467,0.001485,172.217.194.0-255,1484,61499,15,110965
28468,0.001508,172.217.194.0-255,2902,64401,15,110965
28469,0.001511,172.31.36.0-255,66,64467,15,110965
28470,0.001517,172.217.194.0-255,5738,70205,15,110965
28471,0.001519,172.31.36.0-255,66,70271,15,110965
28472,0.001553,172.217.194.0-255,4320,74591,15,110965
28473,0.001574,172.217.194.0-255,4320,78911,15,110965
28474,0.001579,172.217.194.0-255,4320,83231,15,110965
28475,0.002019,172.217.194.0-255,1484,84715,15,110965
28476,0.002033,172.217.194.0-255,2902,87617,15,110965
28477,0.002052,172.217.194.0-255,2902,90519,15,110965
28478,0.002068,172.217.194.0-255,2902,93421,15,110965
28479,0.002086,172.217.194.0-255,1484,94905,15,110965
28480,0.002122,172.217.194.0-255,1484,96389,15,110965
28481,0.002147,172.217.194.0-255,2902,99291,15,110965
28482,0.003588,172.31.36.0-255,66,99357,15,110965
28483,0.005877,172.217.194.0-255,5738,105095,15,110965
28484,0.005884,172.31.36.0-255,66,105161,15,110965
28485,0.008185,172.217.194.0-255,5738,110899,15,110965
28486,0.008192,172.31.36.0-255,66,110965,15,110965
28487,0.0,74.125.68.0-255,157,157,15,122690
28488,2.4e-05,172.31.36.0-255,66,223,15,122690
28489,3.2e-05,74.125.68.0-255,1484,1707,15,122690
28490,3.6e-05,172.31.36.0-255,66,1773,15,122690
28491,4.2e-05,74.125.68.0-255,2902,4675,15,122690
28492,4.5e-05,172.31.36.0-255,66,4741,15,122690
28493,4.9e-05,74.125.68.0-255,1484,6225,15,122690
28494,5.2e-05,172.31.36.0-255,66,6291,15,122690
28495,5.7e-05,74.125.68.0-255,2902,9193,15,122690
28496,6e-05,172.31.36.0-255,66,9259,15,122690
28497,7.8e-05,74.125.68.0-255,1484,10743,15,122690
28498,8e-05,172.31.36.0-255,66,10809,15,122690
28499,0.00011,74.125.68.0-255,3436,14245,15,122690
28500,0.000112,172.31.36.0-255,66,14311,15,122690
28501,0.000142,74.125.68.0-255,1484,15795,15,122690
28502,0.000144,172.31.36.0-255,66,15861,15,122690
28503,0.000147,74.125.68.0-255,1484,17345,15,122690
28504,0.000149,172.31.36.0-255,66,17411,15,122690
28505,0.000163,74.125.68.0-255,1484,18895,15,122690
28506,0.000165,172.31.36.0-255,66,18961,15,122690
28507,0.000193,74.125.68.0-255,2902,21863,15,122690
28508,0.000195,172.31.36.0-255,66,21929,15,122690
28509,0.000214,74.125.68.0-255,2902,24831,15,122690
28510,0.000216,172.31.36.0-255,66,24897,15,122690
28511,0.000224,74.125.68.0-255,6797,31694,15,122690
28512,0.000226,172.31.36.0-255,66,31760,15,122690
28513,0.000449,74.125.68.0-255,1484,33244,15,122690
28514,0.000454,172.31.36.0-255,66,33310,15,122690
28515,0.000459,74.125.68.0-255,1484,34794,15,122690
28516,0.000462,172.31.36.0-255,66,34860,15,122690
28517,0.000477,74.125.68.0-255,2902,37762,15,122690
28518,0.00048,172.31.36.0-255,66,37828,15,122690
28519,0.000508,74.125.68.0-255,5738,43566,15,122690
28520,0.000511,172.31.36.0-255,66,43632,15,122690
28521,0.000531,74.125.68.0-255,5379,49011,15,122690
28522,0.000534,172.31.36.0-255,66,49077,15,122690
28523,0.000541,74.125.68.0-255,5738,54815,15,122690
28524,0.000543,172.31.36.0-255,66,54881,15,122690
28525,0.000591,172.31.36.0-255,66,54947,15,122690
28526,0.000611,74.125.68.0-255,2543,57490,15,122690
28527,0.000614,172.31.36.0-255,66,57556,15,122690
28528,0.000921,74.125.68.0-255,648,58204,15,122690
28529,0.001113,74.125.68.0-255,1484,59688,15,122690
28530,0.001118,172.31.36.0-255,66,59754,15,122690
28531,0.001123,74.125.68.0-255,2902,62656,15,122690
28532,0.001125,172.31.36.0-255,66,62722,15,122690
28533,0.001128,74.125.68.0-255,1484,64206,15,122690
28534,0.001146,74.125.68.0-255,2902,67108,15,122690
28535,0.001148,172.31.36.0-255,66,67174,15,122690
28536,0.00117,74.125.68.0-255,5738,72912,15,122690
28537,0.001173,172.31.36.0-255,66,72978,15,122690
28538,0.001208,172.31.36.0-255,66,73044,15,122690
28539,0.001237,74.125.68.0-255,1484,74528,15,122690
28540,0.001253,74.125.68.0-255,6438,80966,15,122690
28541,0.001256,172.31.36.0-255,66,81032,15,122690
28542,0.002049,74.125.68.0-255,1484,82516,15,122690
28543,0.00206,74.125.68.0-255,2902,85418,15,122690
28544,0.002064,172.31.36.0-255,66,85484,15,122690
28545,0.002072,74.125.68.0-255,4320,89804,15,122690
28546,0.002074,172.31.36.0-255,66,89870,15,122690
28547,0.002089,74.125.68.0-255,1484,91354,15,122690
28548,0.002095,74.125.68.0-255,4320,95674,15,122690
28549,0.002097,172.31.36.0-255,66,95740,15,122690
28550,0.002116,74.125.68.0-255,4320,100060,15,122690
28551,0.002119,172.31.36.0-255,66,100126,15,122690
28552,0.00213,172.31.36.0-255,66,100192,15,122690
28553,0.002159,74.125.68.0-255,5020,105212,15,122690
28554,0.002161,172.31.36.0-255,66,105278,15,122690
28555,0.004391,74.125.68.0-255,5738,111016,15,122690
28556,0.004398,172.31.36.0-255,66,111082,15,122690
28557,0.006615,74.125.68.0-255,5738,116820,15,122690
28558,0.006622,172.31.36.0-255,66,116886,15,122690
28559,0.008849,74.125.68.0-255,5738,122624,15,122690
28560,0.008857,172.31.36.0-255,66,122690,15,122690
28561,0.0,74.125.200.0-255,209,209,15,104670
28562,2e-05,172.31.36.0-255,66,275,15,104670
28563,2.7e-05,74.125.200.0-255,1484,1759,15,104670
28564,3.3e-05,172.31.36.0-255,66,1825,15,104670
28565,6.2e-05,74.125.200.0-255,2902,4727,15,104670
28566,6.5e-05,172.31.36.0-255,66,4793,15,104670
28567,9.9e-05,74.125.200.0-255,4320,9113,15,104670
28568,0.000102,172.31.36.0-255,66,9179,15,104670
28569,0.000105,74.125.200.0-255,1484,10663,15,104670
28570,0.000108,172.31.36.0-255,66,10729,15,104670
28571,0.000113,74.125.200.0-255,2902,13631,15,104670
28572,0.000121,172.31.36.0-255,66,13697,15,104670
28573,0.000149,74.125.200.0-255,412,14109,15,104670
28574,0.000156,172.31.36.0-255,66,14175,15,104670
28575,0.000268,74.125.200.0-255,1484,15659,15,104670
28576,0.000271,172.31.36.0-255,66,15725,15,104670
28577,0.000299,74.125.200.0-255,2902,18627,15,104670
28578,0.000303,172.31.36.0-255,66,18693,15,104670
28579,0.000345,74.125.200.0-255,5738,24431,15,104670
28580,0.00035,172.31.36.0-255,66,24497,15,104670
28581,0.000357,74.125.200.0-255,5738,30235,15,104670
28582,0.000359,172.31.36.0-255,66,30301,15,104670
28583,0.000409,172.31.36.0-255,66,30367,15,104670
28584,0.000442,172.31.36.0-255,66,30433,15,104670
28585,0.000518,74.125.200.0-255,1484,31917,15,104670
28586,0.000521,172.31.36.0-255,66,31983,15,104670
28587,0.000526,74.125.200.0-255,2902,34885,15,104670
28588,0.000529,172.31.36.0-255,66,34951,15,104670
28589,0.000549,74.125.200.0-255,5738,40689,15,104670
28590,0.000558,172.31.36.0-255,66,40755,15,104670
28591,0.000561,74.125.200.0-255,1484,42239,15,104670
28592,0.000587,74.125.200.0-255,4320,46559,15,104670
28593,0.00059,172.31.36.0-255,66,46625,15,104670
28594,0.000621,74.125.200.0-255,1432,48057,15,104670
28595,0.000943,74.125.200.0-255,117,48174,15,104670
28596,0.001127,74.125.200.0-255,328,48502,15,104670
28597,0.00113,172.31.36.0-255,66,48568,15,104670
28598,0.001649,74.125.200.0-255,1484,50052,15,104670
28599,0.001672,74.125.200.0-255,2902,52954,15,104670
28600,0.001675,172.31.36.0-255,66,53020,15,104670
28601,0.001682,74.125.200.0-255,5738,58758,15,104670
28602,0.001684,172.31.36.0-255,66,58824,15,104670
28603,0.001713,74.125.200.0-255,7156,65980,15,104670
28604,0.001716,172.31.36.0-255,66,66046,15,104670
28605,0.00174,74.125.200.0-255,4320,70366,15,104670
28606,0.001743,172.31.36.0-255,66,70432,15,104670
28607,0.001771,74.125.200.0-255,1484,71916,15,104670
28608,0.001782,74.125.200.0-255,7156,79072,15,104670
28609,0.001785,172.31.36.0-255,66,79138,15,104670
28610,0.00179,74.125.200.0-255,3602,82740,15,104670
28611,0.001793,172.31.36.0-255,66,82806,15,104670
28612,0.003776,74.125.200.0-255,5738,88544,15,104670
28613,0.003786,172.31.36.0-255,66,88610,15,104670
28614,0.005796,74.125.200.0-255,5738,94348,15,104670
28615,0.00581,172.31.36.0-255,66,94414,15,104670
28616,0.007781,74.125.200.0-255,4320,98734,15,104670
28617,0.007785,172.31.36.0-255,66,98800,15,104670
28618,0.007815,74.125.200.0-255,1484,100284,15,104670
28619,0.009776,74.125.200.0-255,4320,104604,15,104670
28620,0.00979,172.31.36.0-255,66,104670,15,104670
28621,0.0,74.125.24.0-255,153,153,15,72945
28622,2.9e-05,172.31.36.0-255,66,219,15,72945
28623,3.6e-05,74.125.24.0-255,1484,1703,15,72945
28624,4e-05,172.31.36.0-255,66,1769,15,72945
28625,5.2e-05,74.125.24.0-255,2902,4671,15,72945
28626,5.5e-05,172.31.36.0-255,66,4737,15,72945
28627,9.5e-05,74.125.24.0-255,4320,9057,15,72945
28628,9.9e-05,172.31.36.0-255,66,9123,15,72945
28629,0.000173,74.125.24.0-255,4913,14036,15,72945
28630,0.000177,172.31.36.0-255,66,14102,15,72945
28631,0.000272,74.125.24.0-255,5738,19840,15,72945
28632,0.000276,172.31.36.0-255,66,19906,15,72945
28633,0.000386,74.125.24.0-255,2902,22808,15,72945
28634,0.00039,172.31.36.0-255,66,22874,15,72945
28635,0.000425,172.31.36.0-255,66,22940,15,72945
28636,0.000642,172.31.36.0-255,66,23006,15,72945
28637,0.000666,74.125.24.0-255,1484,24490,15,72945
28638,0.000669,172.31.36.0-255,66,24556,15,72945
28639,0.000828,74.125.24.0-255,4320,28876,15,72945
28640,0.000832,172.31.36.0-255,66,28942,15,72945
28641,0.000861,74.125.24.0-255,1125,30067,15,72945
28642,0.000865,172.31.36.0-255,66,30133,15,72945
28643,0.000943,172.31.36.0-255,66,30199,15,72945
28644,0.000967,172.31.36.0-255,66,30265,15,72945
28645,0.001294,172.31.36.0-255,66,30331,15,72945
28646,0.001348,172.31.36.0-255,66,30397,15,72945
28647,0.001951,74.125.24.0-255,7156,37553,15,72945
28648,0.001968,74.125.24.0-255,4320,41873,15,72945
28649,0.002179,74.125.24.0-255,5738,47611,15,72945
28650,0.002196,74.125.24.0-255,7156,54767,15,72945
28651,0.002433,74.125.24.0-255,4320,59087,15,72945
28652,0.002514,74.125.24.0-255,2184,61271,15,72945
28653,0.003237,172.31.36.0-255,66,61337,15,72945
28654,0.005537,74.125.24.0-255,5738,67075,15,72945
28655,0.005544,172.31.36.0-255,66,67141,15,72945
28656,0.007845,74.125.24.0-255,5738,72879,15,72945
28657,0.007852,172.31.36.0-255,66,72945,15,72945
28658,0.0,172.217.194.0-255,152,152,15,153527
28659,2.2e-05,172.31.36.0-255,66,218,15,153527
28660,2.9e-05,172.217.194.0-255,1484,1702,15,153527
28661,3.3e-05,172.31.36.0-255,66,1768,15,153527
28662,4.6e-05,172.217.194.0-255,2902,4670,15,153527
28663,4.9e-05,172.31.36.0-255,66,4736,15,153527
28664,5.6e-05,172.217.194.0-255,7156,11892,15,153527
28665,5.9e-05,172.31.36.0-255,66,11958,15,153527
28666,6.3e-05,172.217.194.0-255,2047,14005,15,153527
28667,6.6e-05,172.31.36.0-255,66,14071,15,153527
28668,0.000102,172.217.194.0-255,2902,16973,15,153527
28669,0.000105,172.31.36.0-255,66,17039,15,153527
28670,0.000131,172.217.194.0-255,4320,21359,15,153527
28671,0.000134,172.31.36.0-255,66,21425,15,153527
28672,0.000144,172.31.36.0-255,66,21491,15,153527
28673,0.000147,172.217.194.0-255,1125,22616,15,153527
28674,0.000148,172.31.36.0-255,66,22682,15,153527
28675,0.000198,172.217.194.0-255,1484,24166,15,153527
28676,0.0002,172.31.36.0-255,66,24232,15,153527
28677,0.000205,172.217.194.0-255,2902,27134,15,153527
28678,0.000206,172.31.36.0-255,66,27200,15,153527
28679,0.000228,172.217.194.0-255,5738,32938,15,153527
28680,0.000231,172.31.36.0-255,66,33004,15,153527
28681,0.000248,172.217.194.0-255,1484,34488,15,153527
28682,0.000253,172.31.36.0-255,66,34554,15,153527
28683,0.00027,172.31.36.0-255,66,34620,15,153527
28684,0.000285,172.31.36.0-255,66,34686,15,153527
28685,0.000309,172.217.194.0-255,1415,36101,15,153527
28686,0.000311,172.31.36.0-255,66,36167,15,153527
28687,0.000344,172.217.194.0-255,367,36534,15,153527
28688,0.000491,172.217.194.0-255,1484,38018,15,153527
28689,0.000495,172.31.36.0-255,66,38084,15,153527
28690,0.000501,172.217.194.0-255,2902,40986,15,153527
28691,0.000503,172.31.36.0-255,66,41052,15,153527
28692,0.000508,172.217.194.0-255,4320,45372,15,153527
28693,0.00051,172.31.36.0-255,66,45438,15,153527
28694,0.000543,172.217.194.0-255,1484,46922,15,153527
28695,0.000551,172.217.194.0-255,7156,54078,15,153527
28696,0.000553,172.31.36.0-255,66,54144,15,153527
28697,0.000579,172.217.194.0-255,4320,58464,15,153527
28698,0.000582,172.31.36.0-255,66,58530,15,153527
28699,0.000608,172.31.36.0-255,66,58596,15,153527
28700,0.00099,172.217.194.0-255,1484,60080,15,153527
28701,0.000995,172.217.194.0-255,1484,61564,15,153527
28702,0.000998,172.31.36.0-255,66,61630,15,153527
28703,0.00103,172.217.194.0-255,1484,63114,15,153527
28704,0.001037,172.217.194.0-255,5738,68852,15,153527
28705,0.00104,172.31.36.0-255,66,68918,15,153527
28706,0.001054,172.31.36.0-255,66,68984,15,153527
28707,0.00111,172.31.36.0-255,66,69050,15,153527
28708,0.001285,172.217.194.0-255,1484,70534,15,153527
28709,0.001301,172.217.194.0-255,2902,73436,15,153527
28710,0.001321,172.31.36.0-255,66,73502,15,153527
28711,0.001328,172.217.194.0-255,5738,79240,15,153527
28712,0.001331,172.31.36.0-255,66,79306,15,153527
28713,0.001334,172.217.194.0-255,1484,80790,15,153527
28714,0.001369,172.31.36.0-255,66,80856,15,153527
28715,0.001433,172.31.36.0-255,66,80922,15,153527
28716,0.001467,172.217.194.0-255,1484,82406,15,153527
28717,0.001496,172.217.194.0-255,2902,85308,15,153527
28718,0.001499,172.31.36.0-255,66,85374,15,153527
28719,0.001506,172.217.194.0-255,5738,91112,15,153527
28720,0.001509,172.31.36.0-255,66,91178,15,153527
28721,0.001548,172.31.36.0-255,66,91244,15,153527
28722,0.001591,172.31.36.0-255,66,91310,15,153527
28723,0.001606,172.31.36.0-255,66,91376,15,153527
28724,0.001625,172.31.36.0-255,66,91442,15,153527
28725,0.001657,172.217.194.0-255,5738,97180,15,153527
28726,0.00166,172.31.36.0-255,66,97246,15,153527
28727,0.001687,172.217.194.0-255,2184,99430,15,153527
28728,0.00169,172.31.36.0-255,66,99496,15,153527
28729,0.001758,172.217.194.0-255,1484,100980,15,153527
28730,0.001763,172.217.194.0-255,2902,103882,15,153527
28731,0.001766,172.31.36.0-255,66,103948,15,153527
28732,0.001773,172.217.194.0-255,4320,108268,15,153527
28733,0.001775,172.31.36.0-255,66,108334,15,153527
28734,0.001795,172.217.194.0-255,1484,109818,15,153527
28735,0.001809,172.217.194.0-255,4320,114138,15,153527
28736,0.001811,172.31.36.0-255,66,114204,15,153527
28737,0.001863,172.31.36.0-255,66,114270,15,153527
28738,0.001869,172.217.194.0-255,7156,121426,15,153527
28739,0.001872,172.31.36.0-255,66,121492,15,153527
28740,0.001895,172.217.194.0-255,3602,125094,15,153527
28741,0.001902,172.31.36.0-255,66,125160,15,153527
28742,0.001905,172.217.194.0-255,1484,126644,15,153527
28743,0.001909,172.217.194.0-255,2902,129546,15,153527
28744,0.001912,172.31.36.0-255,66,129612,15,153527
28745,0.001942,172.217.194.0-255,5738,135350,15,153527
28746,0.001946,172.31.36.0-255,66,135416,15,153527
28747,0.001995,172.31.36.0-255,66,135482,15,153527
28748,0.002,172.217.194.0-255,2902,138384,15,153527
28749,0.002002,172.31.36.0-255,66,138450,15,153527
28750,0.002007,172.217.194.0-255,2902,141352,15,153527
28751,0.002009,172.31.36.0-255,66,141418,15,153527
28752,0.002066,172.31.36.0-255,66,141484,15,153527
28753,0.002078,172.31.36.0-255,66,141550,15,153527
28754,0.002083,172.217.194.0-255,4320,145870,15,153527
28755,0.002086,172.31.36.0-255,66,145936,15,153527
28756,0.002138,172.31.36.0-255,66,146002,15,153527
28757,0.002156,172.31.36.0-255,66,146068,15,153527
28758,0.002163,172.217.194.0-255,7156,153224,15,153527
28759,0.002166,172.31.36.0-255,66,153290,15,153527
28760,0.002243,172.31.36.0-255,66,153356,15,153527
28761,0.002253,172.31.36.0-255,66,153422,15,153527
28762,0.002278,172.217.194.0-255,105,153527,15,153527
28763,0.0,74.125.200.0-255,152,152,15,196281
28764,3.3e-05,172.31.36.0-255,66,218,15,196281
28765,4.1e-05,74.125.200.0-255,1484,1702,15,196281
28766,4.6e-05,172.31.36.0-255,66,1768,15,196281
28767,5.6e-05,74.125.200.0-255,1484,3252,15,196281
28768,5.8e-05,172.31.36.0-255,66,3318,15,196281
28769,6.4e-05,74.125.200.0-255,2902,6220,15,196281
28770,6.7e-05,172.31.36.0-255,66,6286,15,196281
28771,7.3e-05,74.125.200.0-255,5738,12024,15,196281
28772,7.6e-05,172.31.36.0-255,66,12090,15,196281
28773,7.9e-05,74.125.200.0-255,1484,13574,15,196281
28774,8.1e-05,172.31.36.0-255,66,13640,15,196281
28775,0.000116,74.125.200.0-255,4846,18486,15,196281
28776,0.00012,172.31.36.0-255,66,18552,15,196281
28777,0.000144,74.125.200.0-255,4320,22872,15,196281
28778,0.000147,172.31.36.0-255,66,22938,15,196281
28779,0.000168,74.125.200.0-255,1484,24422,15,196281
28780,0.00017,172.31.36.0-255,66,24488,15,196281
28781,0.000207,74.125.200.0-255,6797,31285,15,196281
28782,0.00021,172.31.36.0-255,66,31351,15,196281
28783,0.000267,74.125.200.0-255,1484,32835,15,196281
28784,0.00027,172.31.36.0-255,66,32901,15,196281
28785,0.000295,74.125.200.0-255,2902,35803,15,196281
28786,0.000299,172.31.36.0-255,66,35869,15,196281
28787,0.000305,74.125.200.0-255,4320,40189,15,196281
28788,0.00031,172.31.36.0-255,66,40255,15,196281
28789,0.000346,74.125.200.0-255,5738,45993,15,196281
28790,0.000349,172.31.36.0-255,66,46059,15,196281
28791,0.000377,74.125.200.0-255,3961,50020,15,196281
28792,0.000381,172.31.36.0-255,66,50086,15,196281
28793,0.000395,172.31.36.0-255,66,50152,15,196281
28794,0.000399,74.125.200.0-255,2902,53054,15,196281
28795,0.000403,172.31.36.0-255,66,53120,15,196281
28796,0.000446,74.125.200.0-255,2820,55940,15,196281
28797,0.000451,172.31.36.0-255,66,56006,15,196281
28798,0.000467,74.125.200.0-255,132,56138,15,196281
28799,0.000583,74.125.200.0-255,1484,57622,15,196281
28800,0.000589,172.31.36.0-255,66,57688,15,196281
28801,0.000593,74.125.200.0-255,1484,59172,15,196281
28802,0.000619,74.125.200.0-255,1484,60656,15,196281
28803,0.000622,172.31.36.0-255,66,60722,15,196281
28804,0.000629,74.125.200.0-255,5738,66460,15,196281
28805,0.000632,172.31.36.0-255,66,66526,15,196281
28806,0.000641,74.125.200.0-255,1484,68010,15,196281
28807,0.00067,74.125.200.0-255,5738,73748,15,196281
28808,0.000676,172.31.36.0-255,66,73814,15,196281
28809,0.000695,74.125.200.0-255,2902,76716,15,196281
28810,0.000698,172.31.36.0-255,66,76782,15,196281
28811,0.000727,74.125.200.0-255,4320,81102,15,196281
28812,0.000731,172.31.36.0-255,66,81168,15,196281
28813,0.000761,74.125.200.0-255,5738,86906,15,196281
28814,0.000764,172.31.36.0-255,66,86972,15,196281
28815,0.000794,74.125.200.0-255,1484,88456,15,196281
28816,0.000798,74.125.200.0-255,2184,90640,15,196281
28817,0.000801,172.31.36.0-255,66,90706,15,196281
28818,0.000851,74.125.200.0-255,344,91050,15,196281
28819,0.001099,172.31.36.0-255,66,91116,15,196281
28820,0.001255,74.125.200.0-255,1484,92600,15,196281
28821,0.00128,74.125.200.0-255,2902,95502,15,196281
28822,0.001285,172.31.36.0-255,66,95568,15,196281
28823,0.001292,74.125.200.0-255,4320,99888,15,196281
28824,0.001294,172.31.36.0-255,66,99954,15,196281
28825,0.001327,74.125.200.0-255,1484,101438,15,196281
28826,0.001332,74.125.200.0-255,2902,104340,15,196281
28827,0.001336,172.31.36.0-255,66,104406,15,196281
28828,0.001342,74.125.200.0-255,4320,108726,15,196281
28829,0.001344,172.31.36.0-255,66,108792,15,196281
28830,0.001354,172.31.36.0-255,66,108858,15,196281
28831,0.00136,74.125.200.0-255,5738,114596,15,196281
28832,0.001363,172.31.36.0-255,66,114662,15,196281
28833,0.001384,74.125.200.0-255,1484,116146,15,196281
28834,0.001391,74.125.200.0-255,766,116912,15,196281
28835,0.001395,172.31.36.0-255,66,116978,15,196281
28836,0.001611,74.125.200.0-255,1484,118462,15,196281
28837,0.001619,74.125.200.0-255,2902,121364,15,196281
28838,0.001623,172.31.36.0-255,66,121430,15,196281
28839,0.001657,74.125.200.0-255,5738,127168,15,196281
28840,0.001661,172.31.36.0-255,66,127234,15,196281
28841,0.001672,172.31.36.0-255,66,127300,15,196281
28842,0.001721,172.31.36.0-255,66,127366,15,196281
28843,0.001728,74.125.200.0-255,5020,132386,15,196281
28844,0.00173,172.31.36.0-255,66,132452,15,196281
28845,0.002076,74.125.200.0-255,1484,133936,15,196281
28846,0.002083,74.125.200.0-255,2902,136838,15,196281
28847,0.002088,172.31.36.0-255,66,136904,15,196281
28848,0.002093,74.125.200.0-255,2902,139806,15,196281
28849,0.002096,172.31.36.0-255,66,139872,15,196281
28850,0.002115,74.125.200.0-255,2902,142774,15,196281
28851,0.002119,172.31.36.0-255,66,142840,15,196281
28852,0.002124,74.125.200.0-255,4320,147160,15,196281
28853,0.002126,172.31.36.0-255,66,147226,15,196281
28854,0.002131,74.125.200.0-255,5738,152964,15,196281
28855,0.002134,172.31.36.0-255,66,153030,15,196281
28856,0.002172,172.31.36.0-255,66,153096,15,196281
28857,0.002177,74.125.200.0-255,2184,155280,15,196281
28858,0.002179,172.31.36.0-255,66,155346,15,196281
28859,0.002241,74.125.200.0-255,1484,156830,15,196281
28860,0.002244,74.125.200.0-255,1484,158314,15,196281
28861,0.002246,172.31.36.0-255,66,158380,15,196281
28862,0.00226,74.125.200.0-255,1484,159864,15,196281
28863,0.00227,74.125.200.0-255,4320,164184,15,196281
28864,0.002272,172.31.36.0-255,66,164250,15,196281
28865,0.002275,74.125.200.0-255,1484,165734,15,196281
28866,0.002299,74.125.200.0-255,4320,170054,15,196281
28867,0.002301,172.31.36.0-255,66,170120,15,196281
28868,0.002313,172.31.36.0-255,66,170186,15,196281
28869,0.002323,74.125.200.0-255,5738,175924,15,196281
28870,0.002326,172.31.36.0-255,66,175990,15,196281
28871,0.002352,74.125.200.0-255,1484,177474,15,196281
28872,0.002363,74.125.200.0-255,766,178240,15,196281
28873,0.002365,172.31.36.0-255,66,178306,15,196281
28874,0.004349,172.31.36.0-255,101,178407,15,196281
28875,0.004641,74.125.200.0-255,2902,181309,15,196281
28876,0.004648,172.31.36.0-255,66,181375,15,196281
28877,0.004681,74.125.200.0-255,2902,184277,15,196281
28878,0.004685,172.31.36.0-255,66,184343,15,196281
28879,0.006659,74.125.200.0-255,66,184409,15,196281
28880,0.006967,74.125.200.0-255,2902,187311,15,196281
28881,0.006971,172.31.36.0-255,66,187377,15,196281
28882,0.007004,74.125.200.0-255,2902,190279,15,196281
28883,0.007007,172.31.36.0-255,66,190345,15,196281
28884,0.009311,74.125.200.0-255,2902,193247,15,196281
28885,0.009318,172.31.36.0-255,66,193313,15,196281
28886,0.009347,74.125.200.0-255,2902,196215,15,196281
28887,0.009351,172.31.36.0-255,66,196281,15,196281
28888,0.0,172.217.194.0-255,66,66,15,66
28889,0.0,172.217.160.0-255,66,66,15,66
28890,0.0,74.125.24.0-255,220,220,15,304230
28891,2.4e-05,172.31.36.0-255,66,286,15,304230
28892,3.2e-05,74.125.24.0-255,1484,1770,15,304230
28893,3.6e-05,172.31.36.0-255,66,1836,15,304230
28894,4.2e-05,74.125.24.0-255,2902,4738,15,304230
28895,4.6e-05,172.31.36.0-255,66,4804,15,304230
28896,7.5e-05,74.125.24.0-255,2902,7706,15,304230
28897,7.7e-05,172.31.36.0-255,66,7772,15,304230
28898,0.000103,74.125.24.0-255,2902,10674,15,304230
28899,0.000106,172.31.36.0-255,66,10740,15,304230
28900,0.000112,74.125.24.0-255,3296,14036,15,304230
28901,0.000114,172.31.36.0-255,66,14102,15,304230
28902,0.000119,74.125.24.0-255,4320,18422,15,304230
28903,0.000121,172.31.36.0-255,66,18488,15,304230
28904,0.000133,172.31.36.0-255,66,18554,15,304230
28905,0.000137,74.125.24.0-255,2543,21097,15,304230
28906,0.00014,172.31.36.0-255,66,21163,15,304230
28907,0.000282,74.125.24.0-255,1484,22647,15,304230
28908,0.000286,172.31.36.0-255,66,22713,15,304230
28909,0.000294,74.125.24.0-255,2902,25615,15,304230
28910,0.000296,172.31.36.0-255,66,25681,15,304230
28911,0.000301,74.125.24.0-255,2902,28583,15,304230
28912,0.000303,172.31.36.0-255,66,28649,15,304230
28913,0.000317,74.125.24.0-255,2902,31551,15,304230
28914,0.000319,172.31.36.0-255,66,31617,15,304230
28915,0.000323,74.125.24.0-255,1484,33101,15,304230
28916,0.000324,172.31.36.0-255,66,33167,15,304230
28917,0.00035,74.125.24.0-255,5379,38546,15,304230
28918,0.000353,172.31.36.0-255,66,38612,15,304230
28919,0.000359,74.125.24.0-255,7156,45768,15,304230
28920,0.000362,172.31.36.0-255,66,45834,15,304230
28921,0.000395,74.125.24.0-255,7156,52990,15,304230
28922,0.000399,172.31.36.0-255,66,53056,15,304230
28923,0.000432,74.125.24.0-255,2813,55869,15,304230
28924,0.000434,172.31.36.0-255,66,55935,15,304230
28925,0.000454,74.125.24.0-255,135,56070,15,304230
28926,0.00052,74.125.24.0-255,1484,57554,15,304230
28927,0.000524,172.31.36.0-255,66,57620,15,304230
28928,0.000528,74.125.24.0-255,1484,59104,15,304230
28929,0.000543,74.125.24.0-255,1484,60588,15,304230
28930,0.000545,172.31.36.0-255,66,60654,15,304230
28931,0.000568,74.125.24.0-255,5738,66392,15,304230
28932,0.000571,172.31.36.0-255,66,66458,15,304230
28933,0.00059,74.125.24.0-255,7156,73614,15,304230
28934,0.000592,172.31.36.0-255,66,73680,15,304230
28935,0.00062,74.125.24.0-255,5738,79418,15,304230
28936,0.000623,172.31.36.0-255,66,79484,15,304230
28937,0.00065,74.125.24.0-255,4320,83804,15,304230
28938,0.000652,172.31.36.0-255,66,83870,15,304230
28939,0.000675,74.125.24.0-255,6438,90308,15,304230
28940,0.000678,172.31.36.0-255,66,90374,15,304230
28941,0.00073,74.125.24.0-255,1484,91858,15,304230
28942,0.000736,74.125.24.0-255,2902,94760,15,304230
28943,0.000739,172.31.36.0-255,66,94826,15,304230
28944,0.000764,74.125.24.0-255,5738,100564,15,304230
28945,0.000767,172.31.36.0-255,66,100630,15,304230
28946,0.000775,74.125.24.0-255,7156,107786,15,304230
28947,0.000777,172.31.36.0-255,66,107852,15,304230
28948,0.000796,74.125.24.0-255,2902,110754,15,304230
28949,0.000799,172.31.36.0-255,66,110820,15,304230
28950,0.000804,74.125.24.0-255,4320,115140,15,304230
28951,0.000807,172.31.36.0-255,66,115206,15,304230
28952,0.000836,74.125.24.0-255,5738,120944,15,304230
28953,0.00084,172.31.36.0-255,66,121010,15,304230
28954,0.000845,74.125.24.0-255,3602,124612,15,304230
28955,0.000847,172.31.36.0-255,66,124678,15,304230
28956,0.001257,74.125.24.0-255,1484,126162,15,304230
28957,0.001262,74.125.24.0-255,1484,127646,15,304230
28958,0.001265,172.31.36.0-255,66,127712,15,304230
28959,0.001286,74.125.24.0-255,1484,129196,15,304230
28960,0.001292,74.125.24.0-255,5738,134934,15,304230
28961,0.001295,172.31.36.0-255,66,135000,15,304230
28962,0.001299,74.125.24.0-255,2902,137902,15,304230
28963,0.001301,172.31.36.0-255,66,137968,15,304230
28964,0.001329,74.125.24.0-255,7156,145124,15,304230
28965,0.001331,172.31.36.0-255,66,145190,15,304230
28966,0.001354,74.125.24.0-255,2902,148092,15,304230
28967,0.001356,172.31.36.0-255,66,148158,15,304230
28968,0.001369,172.31.36.0-255,66,148224,15,304230
28969,0.001372,74.125.24.0-255,467,148691,15,304230
28970,0.001794,74.125.24.0-255,1484,150175,15,304230
28971,0.001798,172.31.36.0-255,66,150241,15,304230
28972,0.001817,74.125.24.0-255,1484,151725,15,304230
28973,0.001833,74.125.24.0-255,1484,153209,15,304230
28974,0.001835,172.31.36.0-255,66,153275,15,304230
28975,0.001842,74.125.24.0-255,4320,157595,15,304230
28976,0.001844,172.31.36.0-255,66,157661,15,304230
28977,0.001861,74.125.24.0-255,1484,159145,15,304230
28978,0.001865,74.125.24.0-255,2902,162047,15,304230
28979,0.00187,172.31.36.0-255,66,162113,15,304230
28980,0.001893,172.31.36.0-255,66,162179,15,304230
28981,0.00195,172.31.36.0-255,66,162245,15,304230
28982,0.00206,74.125.24.0-255,1484,163729,15,304230
28983,0.002081,74.125.24.0-255,2902,166631,15,304230
28984,0.002085,172.31.36.0-255,66,166697,15,304230
28985,0.00209,74.125.24.0-255,4320,171017,15,304230
28986,0.002093,172.31.36.0-255,66,171083,15,304230
28987,0.002118,74.125.24.0-255,1484,172567,15,304230
28988,0.002126,74.125.24.0-255,7156,179723,15,304230
28989,0.002128,172.31.36.0-255,66,179789,15,304230
28990,0.002135,74.125.24.0-255,5738,185527,15,304230
28991,0.002137,172.31.36.0-255,66,185593,15,304230
28992,0.00214,74.125.24.0-255,1484,187077,15,304230
28993,0.002155,74.125.24.0-255,2902,189979,15,304230
28994,0.002158,172.31.36.0-255,66,190045,15,304230
28995,0.002178,74.125.24.0-255,1484,191529,15,304230
28996,0.002182,74.125.24.0-255,1484,193013,15,304230
28997,0.002184,172.31.36.0-255,66,193079,15,304230
28998,0.00219,74.125.24.0-255,3602,196681,15,304230
28999,0.002192,172.31.36.0-255,66,196747,15,304230
29000,0.002221,74.125.24.0-255,1484,198231,15,304230
29001,0.002226,74.125.24.0-255,2902,201133,15,304230
29002,0.002228,172.31.36.0-255,66,201199,15,304230
29003,0.002245,74.125.24.0-255,4320,205519,15,304230
29004,0.002247,172.31.36.0-255,66,205585,15,304230
29005,0.002269,74.125.24.0-255,1484,207069,15,304230
29006,0.002272,74.125.24.0-255,1484,208553,15,304230
29007,0.002274,172.31.36.0-255,66,208619,15,304230
29008,0.002301,74.125.24.0-255,5738,214357,15,304230
29009,0.002304,172.31.36.0-255,66,214423,15,304230
29010,0.002322,74.125.24.0-255,2902,217325,15,304230
29011,0.002325,172.31.36.0-255,66,217391,15,304230
29012,0.002329,74.125.24.0-255,2902,220293,15,304230
29013,0.002331,172.31.36.0-255,66,220359,15,304230
29014,0.002362,172.31.36.0-255,66,220425,15,304230
29015,0.00238,74.125.24.0-255,1484,221909,15,304230
29016,0.002403,74.125.24.0-255,2902,224811,15,304230
29017,0.002406,172.31.36.0-255,66,224877,15,304230
29018,0.002409,74.125.24.0-255,1484,226361,15,304230
29019,0.00243,74.125.24.0-255,1484,227845,15,304230
29020,0.002432,172.31.36.0-255,66,227911,15,304230
29021,0.002459,74.125.24.0-255,7156,235067,15,304230
29022,0.002462,172.31.36.0-255,66,235133,15,304230
29023,0.002473,172.31.36.0-255,66,235199,15,304230
29024,0.002488,74.125.24.0-255,1484,236683,15,304230
29025,0.00249,74.125.24.0-255,1484,238167,15,304230
29026,0.002492,172.31.36.0-255,66,238233,15,304230
29027,0.002535,172.31.36.0-255,66,238299,15,304230
29028,0.002552,74.125.24.0-255,5738,244037,15,304230
29029,0.002555,172.31.36.0-255,66,244103,15,304230
29030,0.002567,74.125.24.0-255,2902,247005,15,304230
29031,0.00257,172.31.36.0-255,66,247071,15,304230
29032,0.002575,74.125.24.0-255,4320,251391,15,304230
29033,0.002578,172.31.36.0-255,66,251457,15,304230
29034,0.00258,74.125.24.0-255,1484,252941,15,304230
29035,0.002635,74.125.24.0-255,5738,258679,15,304230
29036,0.002639,172.31.36.0-255,66,258745,15,304230
29037,0.002643,74.125.24.0-255,2902,261647,15,304230
29038,0.002645,172.31.36.0-255,66,261713,15,304230
29039,0.002648,74.125.24.0-255,1484,263197,15,304230
29040,0.002679,172.31.36.0-255,66,263263,15,304230
29041,0.002682,74.125.24.0-255,1484,264747,15,304230
29042,0.002705,172.31.36.0-255,66,264813,15,304230
29043,0.002709,74.125.24.0-255,2902,267715,15,304230
29044,0.002712,172.31.36.0-255,66,267781,15,304230
29045,0.002733,74.125.24.0-255,5738,273519,15,304230
29046,0.002735,172.31.36.0-255,66,273585,15,304230
29047,0.002751,74.125.24.0-255,1484,275069,15,304230
29048,0.002772,74.125.24.0-255,2902,277971,15,304230
29049,0.002774,172.31.36.0-255,66,278037,15,304230
29050,0.002777,74.125.24.0-255,1484,279521,15,304230
29051,0.002797,74.125.24.0-255,4320,283841,15,304230
29052,0.0028,172.31.36.0-255,66,283907,15,304230
29053,0.002803,74.125.24.0-255,1484,285391,15,304230
29054,0.002805,74.125.24.0-255,1484,286875,15,304230
29055,0.002807,172.31.36.0-255,66,286941,15,304230
29056,0.00281,74.125.24.0-255,1484,288425,15,304230
29057,0.002829,74.125.24.0-255,766,289191,15,304230
29058,0.002831,172.31.36.0-255,66,289257,15,304230
29059,0.002848,74.125.24.0-255,1484,290741,15,304230
29060,0.002903,74.125.24.0-255,4320,295061,15,304230
29061,0.002906,172.31.36.0-255,66,295127,15,304230
29062,0.002914,74.125.24.0-255,7156,302283,15,304230
29063,0.002916,172.31.36.0-255,66,302349,15,304230
29064,0.002919,74.125.24.0-255,1484,303833,15,304230
29065,0.002931,172.31.36.0-255,66,303899,15,304230
29066,0.002934,74.125.24.0-255,97,303996,15,304230
29067,0.002964,74.125.24.0-255,105,304101,15,304230
29068,0.002988,74.125.24.0-255,129,304230,15,304230
29069,0.0,74.125.24.0-255,153,153,15,155268
29070,2.5e-05,172.31.36.0-255,66,219,15,155268
29071,3.2e-05,74.125.24.0-255,1484,1703,15,155268
29072,3.6e-05,172.31.36.0-255,66,1769,15,155268
29073,4.1e-05,74.125.24.0-255,2902,4671,15,155268
29074,4.4e-05,172.31.36.0-255,66,4737,15,155268
29075,5e-05,74.125.24.0-255,5738,10475,15,155268
29076,5.2e-05,172.31.36.0-255,66,10541,15,155268
29077,9.9e-05,74.125.24.0-255,3417,13958,15,155268
29078,0.000103,172.31.36.0-255,66,14024,15,155268
29079,0.000201,74.125.24.0-255,1484,15508,15,155268
29080,0.000207,172.31.36.0-255,66,15574,15,155268
29081,0.000212,74.125.24.0-255,2902,18476,15,155268
29082,0.000214,172.31.36.0-255,66,18542,15,155268
29083,0.000218,74.125.24.0-255,2902,21444,15,155268
29084,0.00022,172.31.36.0-255,66,21510,15,155268
29085,0.000244,74.125.24.0-255,2902,24412,15,155268
29086,0.000247,172.31.36.0-255,66,24478,15,155268
29087,0.000251,74.125.24.0-255,2902,27380,15,155268
29088,0.000253,172.31.36.0-255,66,27446,15,155268
29089,0.000277,74.125.24.0-255,1484,28930,15,155268
29090,0.000281,172.31.36.0-255,66,28996,15,155268
29091,0.000307,172.31.36.0-255,66,29062,15,155268
29092,0.00032,172.31.36.0-255,66,29128,15,155268
29093,0.000349,74.125.24.0-255,4320,33448,15,155268
29094,0.000352,172.31.36.0-255,66,33514,15,155268
29095,0.000387,172.31.36.0-255,66,33580,15,155268
29096,0.000389,74.125.24.0-255,402,33982,15,155268
29097,0.000391,172.31.36.0-255,66,34048,15,155268
29098,0.000412,74.125.24.0-255,342,34390,15,155268
29099,0.000808,172.31.36.0-255,66,34456,15,155268
29100,0.000875,74.125.24.0-255,1484,35940,15,155268
29101,0.000882,74.125.24.0-255,1484,37424,15,155268
29102,0.000885,172.31.36.0-255,66,37490,15,155268
29103,0.000905,74.125.24.0-255,1484,38974,15,155268
29104,0.000911,74.125.24.0-255,5738,44712,15,155268
29105,0.000913,172.31.36.0-255,66,44778,15,155268
29106,0.000919,74.125.24.0-255,4320,49098,15,155268
29107,0.00092,172.31.36.0-255,66,49164,15,155268
29108,0.000948,172.31.36.0-255,66,49230,15,155268
29109,0.000954,74.125.24.0-255,5738,54968,15,155268
29110,0.000956,172.31.36.0-255,66,55034,15,155268
29111,0.000981,74.125.24.0-255,2184,57218,15,155268
29112,0.000984,172.31.36.0-255,66,57284,15,155268
29113,0.001002,74.125.24.0-255,5738,63022,15,155268
29114,0.001006,172.31.36.0-255,66,63088,15,155268
29115,0.001023,74.125.24.0-255,2902,65990,15,155268
29116,0.001025,172.31.36.0-255,66,66056,15,155268
29117,0.001036,172.31.36.0-255,66,66122,15,155268
29118,0.001053,74.125.24.0-255,1484,67606,15,155268
29119,0.001065,172.31.36.0-255,66,67672,15,155268
29120,0.001085,74.125.24.0-255,6438,74110,15,155268
29121,0.001089,172.31.36.0-255,66,74176,15,155268
29122,0.00116,74.125.24.0-255,1484,75660,15,155268
29123,0.001166,74.125.24.0-255,2902,78562,15,155268
29124,0.00117,172.31.36.0-255,66,78628,15,155268
29125,0.001185,74.125.24.0-255,4320,82948,15,155268
29126,0.001187,172.31.36.0-255,66,83014,15,155268
29127,0.001208,74.125.24.0-255,1484,84498,15,155268
29128,0.001215,74.125.24.0-255,5738,90236,15,155268
29129,0.001217,172.31.36.0-255,66,90302,15,155268
29130,0.001244,74.125.24.0-255,5738,96040,15,155268
29131,0.001247,172.31.36.0-255,66,96106,15,155268
29132,0.001261,172.31.36.0-255,66,96172,15,155268
29133,0.001541,74.125.24.0-255,1484,97656,15,155268
29134,0.001549,74.125.24.0-255,2902,100558,15,155268
29135,0.001553,172.31.36.0-255,66,100624,15,155268
29136,0.001579,74.125.24.0-255,5738,106362,15,155268
29137,0.001582,172.31.36.0-255,66,106428,15,155268
29138,0.001631,172.31.36.0-255,66,106494,15,155268
29139,0.001645,74.125.24.0-255,1484,107978,15,155268
29140,0.001657,172.31.36.0-255,66,108044,15,155268
29141,0.001925,74.125.24.0-255,1484,109528,15,155268
29142,0.001939,74.125.24.0-255,2902,112430,15,155268
29143,0.001942,172.31.36.0-255,66,112496,15,155268
29144,0.001946,74.125.24.0-255,2902,115398,15,155268
29145,0.001949,172.31.36.0-255,66,115464,15,155268
29146,0.001962,74.125.24.0-255,2902,118366,15,155268
29147,0.001964,172.31.36.0-255,66,118432,15,155268
29148,0.001968,74.125.24.0-255,2902,121334,15,155268
29149,0.00197,172.31.36.0-255,66,121400,15,155268
29150,0.002001,74.125.24.0-255,7156,128556,15,155268
29151,0.002004,172.31.36.0-255,66,128622,15,155268
29152,0.002022,74.125.24.0-255,2902,131524,15,155268
29153,0.002024,172.31.36.0-255,66,131590,15,155268
29154,0.002027,74.125.24.0-255,1484,133074,15,155268
29155,0.003968,74.125.24.0-255,1484,134558,15,155268
29156,0.003972,172.31.36.0-255,66,134624,15,155268
29157,0.003997,74.125.24.0-255,2902,137526,15,155268
29158,0.004,172.31.36.0-255,66,137592,15,155268
29159,0.00593,74.125.24.0-255,2902,140494,15,155268
29160,0.005936,172.31.36.0-255,66,140560,15,155268
29161,0.005971,74.125.24.0-255,2902,143462,15,155268
29162,0.005974,172.31.36.0-255,66,143528,15,155268
29163,0.007924,74.125.24.0-255,2902,146430,15,155268
29164,0.007931,172.31.36.0-255,66,146496,15,155268
29165,0.007952,74.125.24.0-255,2902,149398,15,155268
29166,0.007954,172.31.36.0-255,66,149464,15,155268
29167,0.009906,74.125.24.0-255,5738,155202,15,155268
29168,0.009913,172.31.36.0-255,66,155268,15,155268
29169,0.0,74.125.130.0-255,146,146,15,152983
29170,3.5e-05,172.31.36.0-255,66,212,15,152983
29171,4.2e-05,74.125.130.0-255,1484,1696,15,152983
29172,4.8e-05,172.31.36.0-255,66,1762,15,152983
29173,6.1e-05,74.125.130.0-255,2902,4664,15,152983
29174,6.3e-05,172.31.36.0-255,66,4730,15,152983
29175,6.6e-05,74.125.130.0-255,1484,6214,15,152983
29176,6.8e-05,172.31.36.0-255,66,6280,15,152983
29177,0.000108,74.125.130.0-255,4320,10600,15,152983
29178,0.000111,172.31.36.0-255,66,10666,15,152983
29179,0.000115,74.125.130.0-255,2902,13568,15,152983
29180,0.000117,172.31.36.0-255,66,13634,15,152983
29181,0.000123,74.125.130.0-255,3465,17099,15,152983
29182,0.000131,172.31.36.0-255,66,17165,15,152983
29183,0.000141,74.125.130.0-255,1484,18649,15,152983
29184,0.000143,172.31.36.0-255,66,18715,15,152983
29185,0.000166,74.125.130.0-255,2902,21617,15,152983
29186,0.000175,172.31.36.0-255,66,21683,15,152983
29187,0.000216,74.125.130.0-255,5738,27421,15,152983
29188,0.000219,172.31.36.0-255,66,27487,15,152983
29189,0.000249,74.125.130.0-255,3961,31448,15,152983
29190,0.000252,172.31.36.0-255,66,31514,15,152983
29191,0.000401,74.125.130.0-255,1484,32998,15,152983
29192,0.000405,172.31.36.0-255,66,33064,15,152983
29193,0.000425,74.125.130.0-255,2902,35966,15,152983
29194,0.000428,172.31.36.0-255,66,36032,15,152983
29195,0.000461,74.125.130.0-255,4320,40352,15,152983
29196,0.000465,172.31.36.0-255,66,40418,15,152983
29197,0.000471,74.125.130.0-255,5738,46156,15,152983
29198,0.000479,172.31.36.0-255,66,46222,15,152983
29199,0.000493,74.125.130.0-255,2543,48765,15,152983
29200,0.000495,172.31.36.0-255,66,48831,15,152983
29201,0.000516,74.125.130.0-255,2902,51733,15,152983
29202,0.000519,172.31.36.0-255,66,51799,15,152983
29203,0.000553,74.125.130.0-255,7156,58955,15,152983
29204,0.000556,172.31.36.0-255,66,59021,15,152983
29205,0.000598,74.125.130.0-255,4320,63341,15,152983
29206,0.000602,172.31.36.0-255,66,63407,15,152983
29207,0.000627,74.125.130.0-255,2837,66244,15,152983
29208,0.000631,172.31.36.0-255,66,66310,15,152983
29209,0.000633,74.125.130.0-255,363,66673,15,152983
29210,0.000795,74.125.130.0-255,1484,68157,15,152983
29211,0.000799,172.31.36.0-255,66,68223,15,152983
29212,0.000803,74.125.130.0-255,1484,69707,15,152983
29213,0.000828,74.125.130.0-255,1484,71191,15,152983
29214,0.000831,172.31.36.0-255,66,71257,15,152983
29215,0.000837,74.125.130.0-255,5738,76995,15,152983
29216,0.00084,172.31.36.0-255,66,77061,15,152983
29217,0.000851,74.125.130.0-255,4320,81381,15,152983
29218,0.000855,172.31.36.0-255,66,81447,15,152983
29219,0.000893,74.125.130.0-255,1484,82931,15,152983
29220,0.000911,74.125.130.0-255,3961,86892,15,152983
29221,0.000915,172.31.36.0-255,66,86958,15,152983
29222,0.000921,74.125.130.0-255,4320,91278,15,152983
29223,0.000923,172.31.36.0-255,66,91344,15,152983
29224,0.000952,74.125.130.0-255,1484,92828,15,152983
29225,0.000958,74.125.130.0-255,4320,97148,15,152983
29226,0.00096,172.31.36.0-255,66,97214,15,152983
29227,0.00099,74.125.130.0-255,1484,98698,15,152983
29228,0.001008,74.125.130.0-255,2543,101241,15,152983
29229,0.001011,172.31.36.0-255,66,101307,15,152983
29230,0.001443,74.125.130.0-255,1484,102791,15,152983
29231,0.001453,74.125.130.0-255,2902,105693,15,152983
29232,0.001457,172.31.36.0-255,66,105759,15,152983
29233,0.001461,74.125.130.0-255,1484,107243,15,152983
29234,0.001493,74.125.130.0-255,4320,111563,15,152983
29235,0.001496,172.31.36.0-255,66,111629,15,152983
29236,0.0015,74.125.130.0-255,2902,114531,15,152983
29237,0.001502,172.31.36.0-255,66,114597,15,152983
29238,0.001559,172.31.36.0-255,66,114663,15,152983
29239,0.001571,172.31.36.0-255,66,114729,15,152983
29240,0.002074,74.125.130.0-255,1484,116213,15,152983
29241,0.002082,74.125.130.0-255,2902,119115,15,152983
29242,0.002086,172.31.36.0-255,66,119181,15,152983
29243,0.002115,74.125.130.0-255,5738,124919,15,152983
29244,0.002118,172.31.36.0-255,66,124985,15,152983
29245,0.002122,74.125.130.0-255,2902,127887,15,152983
29246,0.002125,172.31.36.0-255,66,127953,15,152983
29247,0.002164,172.31.36.0-255,66,128019,15,152983
29248,0.002167,74.125.130.0-255,1484,129503,15,152983
29249,0.002242,172.31.36.0-255,66,129569,15,152983
29250,0.002245,74.125.130.0-255,1484,131053,15,152983
29251,0.002274,172.31.36.0-255,66,131119,15,152983
29252,0.002279,74.125.130.0-255,4320,135439,15,152983
29253,0.002281,172.31.36.0-255,66,135505,15,152983
29254,0.002284,74.125.130.0-255,1484,136989,15,152983
29255,0.004511,74.125.130.0-255,4320,141309,15,152983
29256,0.004519,172.31.36.0-255,66,141375,15,152983
29257,0.006754,74.125.130.0-255,5738,147113,15,152983
29258,0.00676,172.31.36.0-255,66,147179,15,152983
29259,0.009,74.125.130.0-255,5738,152917,15,152983
29260,0.009006,172.31.36.0-255,66,152983,15,152983
29261,0.0,74.125.24.0-255,153,153,15,95723
29262,1.9e-05,172.31.36.0-255,66,219,15,95723
29263,2.6e-05,74.125.24.0-255,1484,1703,15,95723
29264,3.1e-05,172.31.36.0-255,66,1769,15,95723
29265,6.5e-05,74.125.24.0-255,2902,4671,15,95723
29266,7.3e-05,172.31.36.0-255,66,4737,15,95723
29267,8e-05,74.125.24.0-255,5738,10475,15,95723
29268,8.3e-05,172.31.36.0-255,66,10541,15,95723
29269,8.6e-05,74.125.24.0-255,1484,12025,15,95723
29270,8.9e-05,172.31.36.0-255,66,12091,15,95723
29271,0.000117,74.125.24.0-255,2070,14161,15,95723
29272,0.00012,172.31.36.0-255,66,14227,15,95723
29273,0.000126,74.125.24.0-255,4320,18547,15,95723
29274,0.000129,172.31.36.0-255,66,18613,15,95723
29275,0.000142,74.125.24.0-255,2902,21515,15,95723
29276,0.000145,172.31.36.0-255,66,21581,15,95723
29277,0.000171,74.125.24.0-255,5738,27319,15,95723
29278,0.000174,172.31.36.0-255,66,27385,15,95723
29279,0.000196,74.125.24.0-255,3961,31346,15,95723
29280,0.000199,172.31.36.0-255,66,31412,15,95723
29281,0.000321,74.125.24.0-255,1484,32896,15,95723
29282,0.000328,172.31.36.0-255,66,32962,15,95723
29283,0.000334,74.125.24.0-255,2902,35864,15,95723
29284,0.000336,172.31.36.0-255,66,35930,15,95723
29285,0.000348,74.125.24.0-255,5738,41668,15,95723
29286,0.000351,172.31.36.0-255,66,41734,15,95723
29287,0.000358,74.125.24.0-255,5738,47472,15,95723
29288,0.00036,172.31.36.0-255,66,47538,15,95723
29289,0.00041,172.31.36.0-255,66,47604,15,95723
29290,0.000416,74.125.24.0-255,4240,51844,15,95723
29291,0.000418,172.31.36.0-255,66,51910,15,95723
29292,0.000477,74.125.24.0-255,128,52038,15,95723
29293,0.000545,74.125.24.0-255,345,52383,15,95723
29294,0.00077,74.125.24.0-255,1484,53867,15,95723
29295,0.000788,74.125.24.0-255,2902,56769,15,95723
29296,0.000795,74.125.24.0-255,4320,61089,15,95723
29297,0.000811,74.125.24.0-255,1484,62573,15,95723
29298,0.000843,74.125.24.0-255,766,63339,15,95723
29299,0.000864,172.31.36.0-255,66,63405,15,95723
29300,0.001278,74.125.24.0-255,1484,64889,15,95723
29301,0.001283,74.125.24.0-255,1484,66373,15,95723
29302,0.001286,172.31.36.0-255,66,66439,15,95723
29303,0.001319,74.125.24.0-255,1484,67923,15,95723
29304,0.001326,74.125.24.0-255,5738,73661,15,95723
29305,0.001332,74.125.24.0-255,4320,77981,15,95723
29306,0.001334,74.125.24.0-255,1484,79465,15,95723
29307,0.001354,172.31.36.0-255,66,79531,15,95723
29308,0.001416,172.31.36.0-255,66,79597,15,95723
29309,0.00208,74.125.24.0-255,1484,81081,15,95723
29310,0.002088,74.125.24.0-255,2902,83983,15,95723
29311,0.002092,172.31.36.0-255,66,84049,15,95723
29312,0.002101,74.125.24.0-255,4320,88369,15,95723
29313,0.002126,74.125.24.0-255,1484,89853,15,95723
29314,0.005919,172.31.36.0-255,66,89919,15,95723
29315,0.007991,74.125.24.0-255,5738,95657,15,95723
29316,0.007998,172.31.36.0-255,66,95723,15,95723
29317,0.0,74.125.68.0-255,153,153,15,175368
29318,3.7e-05,172.31.36.0-255,66,219,15,175368
29319,4.4e-05,74.125.68.0-255,1484,1703,15,175368
29320,4.8e-05,172.31.36.0-255,66,1769,15,175368
29321,5.4e-05,74.125.68.0-255,2902,4671,15,175368
29322,5.6e-05,172.31.36.0-255,66,4737,15,175368
29323,6.3e-05,74.125.68.0-255,5738,10475,15,175368
29324,6.6e-05,172.31.36.0-255,66,10541,15,175368
29325,7.1e-05,74.125.68.0-255,3473,14014,15,175368
29326,7.4e-05,172.31.36.0-255,66,14080,15,175368
29327,0.000129,74.125.68.0-255,1484,15564,15,175368
29328,0.000134,172.31.36.0-255,66,15630,15,175368
29329,0.00017,74.125.68.0-255,2902,18532,15,175368
29330,0.000174,172.31.36.0-255,66,18598,15,175368
29331,0.000176,74.125.68.0-255,1484,20082,15,175368
29332,0.000178,172.31.36.0-255,66,20148,15,175368
29333,0.000204,74.125.68.0-255,2902,23050,15,175368
29334,0.000207,172.31.36.0-255,66,23116,15,175368
29335,0.000228,74.125.68.0-255,4320,27436,15,175368
29336,0.00023,172.31.36.0-255,66,27502,15,175368
29337,0.000245,74.125.68.0-255,1484,28986,15,175368
29338,0.000247,172.31.36.0-255,66,29052,15,175368
29339,0.000285,74.125.68.0-255,2543,31595,15,175368
29340,0.000288,172.31.36.0-255,66,31661,15,175368
29341,0.000353,74.125.68.0-255,1484,33145,15,175368
29342,0.000357,172.31.36.0-255,66,33211,15,175368
29343,0.000362,74.125.68.0-255,2902,36113,15,175368
29344,0.000364,172.31.36.0-255,66,36179,15,175368
29345,0.000367,74.125.68.0-255,1484,37663,15,175368
29346,0.000369,172.31.36.0-255,66,37729,15,175368
29347,0.00039,74.125.68.0-255,2902,40631,15,175368
29348,0.000393,172.31.36.0-255,66,40697,15,175368
29349,0.0004,74.125.68.0-255,5738,46435,15,175368
29350,0.000409,172.31.36.0-255,66,46501,15,175368
29351,0.000435,74.125.68.0-255,6797,53298,15,175368
29352,0.000439,172.31.36.0-255,66,53364,15,175368
29353,0.000462,74.125.68.0-255,7156,60520,15,175368
29354,0.000469,172.31.36.0-255,66,60586,15,175368
29355,0.000476,74.125.68.0-255,2902,63488,15,175368
29356,0.000483,172.31.36.0-255,66,63554,15,175368
29357,0.000489,74.125.68.0-255,2855,66409,15,175368
29358,0.000492,74.125.68.0-255,112,66521,15,175368
29359,0.000498,172.31.36.0-255,66,66587,15,175368
29360,0.000503,74.125.68.0-255,329,66916,15,175368
29361,0.000774,172.31.36.0-255,66,66982,15,175368
29362,0.000814,74.125.68.0-255,1484,68466,15,175368
29363,0.000829,74.125.68.0-255,2902,71368,15,175368
29364,0.000834,172.31.36.0-255,66,71434,15,175368
29365,0.000852,74.125.68.0-255,4320,75754,15,175368
29366,0.000855,74.125.68.0-255,1484,77238,15,175368
29367,0.000857,172.31.36.0-255,66,77304,15,175368
29368,0.000868,74.125.68.0-255,4320,81624,15,175368
29369,0.000879,172.31.36.0-255,66,81690,15,175368
29370,0.000885,74.125.68.0-255,7156,88846,15,175368
29371,0.000894,172.31.36.0-255,66,88912,15,175368
29372,0.000903,74.125.68.0-255,4320,93232,15,175368
29373,0.000909,74.125.68.0-255,4320,97552,15,175368
29374,0.000909,172.31.36.0-255,66,97618,15,175368
29375,0.000913,172.31.36.0-255,66,97684,15,175368
29376,0.000946,74.125.68.0-255,3602,101286,15,175368
29377,0.000955,172.31.36.0-255,66,101352,15,175368
29378,0.00211,74.125.68.0-255,1484,102836,15,175368
29379,0.002119,74.125.68.0-255,2902,105738,15,175368
29380,0.002124,172.31.36.0-255,66,105804,15,175368
29381,0.002159,74.125.68.0-255,1484,107288,15,175368
29382,0.002175,74.125.68.0-255,1484,108772,15,175368
29383,0.002199,74.125.68.0-255,1484,110256,15,175368
29384,0.002214,74.125.68.0-255,2902,113158,15,175368
29385,0.002218,74.125.68.0-255,2902,116060,15,175368
29386,0.00222,74.125.68.0-255,1484,117544,15,175368
29387,0.002234,74.125.68.0-255,2902,120446,15,175368
29388,0.002247,74.125.68.0-255,7156,127602,15,175368
29389,0.002257,74.125.68.0-255,1484,129086,15,175368
29390,0.002269,74.125.68.0-255,2902,131988,15,175368
29391,0.002286,74.125.68.0-255,2902,134890,15,175368
29392,0.002298,74.125.68.0-255,766,135656,15,175368
29393,0.002516,74.125.68.0-255,1484,137140,15,175368
29394,0.002531,74.125.68.0-255,2902,140042,15,175368
29395,0.002559,74.125.68.0-255,5738,145780,15,175368
29396,0.002564,74.125.68.0-255,4320,150100,15,175368
29397,0.002583,74.125.68.0-255,1484,151584,15,175368
29398,0.00259,74.125.68.0-255,7156,158740,15,175368
29399,0.002652,74.125.68.0-255,7156,165896,15,175368
29400,0.002667,74.125.68.0-255,3602,169498,15,175368
29401,0.006763,172.31.36.0-255,66,169564,15,175368
29402,0.009363,74.125.68.0-255,5738,175302,15,175368
29403,0.009379,172.31.36.0-255,66,175368,15,175368
29404,0.0,172.217.194.0-255,222,222,15,101563
29405,2.4e-05,172.31.36.0-255,66,288,15,101563
29406,3.1e-05,172.217.194.0-255,1484,1772,15,101563
29407,3.5e-05,172.31.36.0-255,66,1838,15,101563
29408,5e-05,172.217.194.0-255,4320,6158,15,101563
29409,5.4e-05,172.31.36.0-255,66,6224,15,101563
29410,6e-05,172.217.194.0-255,5738,11962,15,101563
29411,6.3e-05,172.31.36.0-255,66,12028,15,101563
29412,6.8e-05,172.217.194.0-255,1879,13907,15,101563
29413,7.1e-05,172.31.36.0-255,66,13973,15,101563
29414,0.000155,172.217.194.0-255,1484,15457,15,101563
29415,0.000158,172.31.36.0-255,66,15523,15,101563
29416,0.00018,172.217.194.0-255,2902,18425,15,101563
29417,0.000183,172.31.36.0-255,66,18491,15,101563
29418,0.000189,172.217.194.0-255,5738,24229,15,101563
29419,0.000191,172.31.36.0-255,66,24295,15,101563
29420,0.000241,172.31.36.0-255,66,24361,15,101563
29421,0.000271,172.217.194.0-255,2543,26904,15,101563
29422,0.000273,172.31.36.0-255,66,26970,15,101563
29423,0.000288,172.31.36.0-255,66,27036,15,101563
29424,0.0003,172.31.36.0-255,66,27102,15,101563
29425,0.00033,172.217.194.0-255,3877,30979,15,101563
29426,0.000332,172.31.36.0-255,66,31045,15,101563
29427,0.000336,172.217.194.0-255,113,31158,15,101563
29428,0.000339,172.31.36.0-255,66,31224,15,101563
29429,0.0004,172.217.194.0-255,385,31609,15,101563
29430,0.000404,172.31.36.0-255,66,31675,15,101563
29431,0.000699,172.217.194.0-255,1484,33159,15,101563
29432,0.000704,172.31.36.0-255,66,33225,15,101563
29433,0.000711,172.217.194.0-255,2902,36127,15,101563
29434,0.000714,172.31.36.0-255,66,36193,15,101563
29435,0.000719,172.217.194.0-255,2902,39095,15,101563
29436,0.000721,172.31.36.0-255,66,39161,15,101563
29437,0.000757,172.217.194.0-255,2902,42063,15,101563
29438,0.00076,172.31.36.0-255,66,42129,15,101563
29439,0.000779,172.31.36.0-255,66,42195,15,101563
29440,0.000783,172.217.194.0-255,1484,43679,15,101563
29441,0.000819,172.31.36.0-255,66,43745,15,101563
29442,0.001516,172.217.194.0-255,1484,45229,15,101563
29443,0.001522,172.217.194.0-255,2902,48131,15,101563
29444,0.001526,172.31.36.0-255,66,48197,15,101563
29445,0.001561,172.217.194.0-255,5738,53935,15,101563
29446,0.001564,172.31.36.0-255,66,54001,15,101563
29447,0.001576,172.31.36.0-255,66,54067,15,101563
29448,0.001593,172.217.194.0-255,1484,55551,15,101563
29449,0.001627,172.31.36.0-255,66,55617,15,101563
29450,0.00163,172.217.194.0-255,766,56383,15,101563
29451,0.001697,172.217.194.0-255,1484,57867,15,101563
29452,0.001701,172.31.36.0-255,66,57933,15,101563
29453,0.001707,172.217.194.0-255,2902,60835,15,101563
29454,0.001709,172.31.36.0-255,66,60901,15,101563
29455,0.001712,172.217.194.0-255,1484,62385,15,101563
29456,0.001737,172.217.194.0-255,4320,66705,15,101563
29457,0.001742,172.217.194.0-255,4320,71025,15,101563
29458,0.001751,172.31.36.0-255,66,71091,15,101563
29459,0.001754,172.31.36.0-255,66,71157,15,101563
29460,0.001774,172.31.36.0-255,66,71223,15,101563
29461,0.001841,172.31.36.0-255,66,71289,15,101563
29462,0.001869,172.217.194.0-255,2902,74191,15,101563
29463,0.001871,172.31.36.0-255,66,74257,15,101563
29464,0.001916,172.31.36.0-255,66,74323,15,101563
29465,0.001942,172.31.36.0-255,66,74389,15,101563
29466,0.001953,172.31.36.0-255,66,74455,15,101563
29467,0.00196,172.217.194.0-255,5738,80193,15,101563
29468,0.001963,172.31.36.0-255,66,80259,15,101563
29469,0.002085,172.31.36.0-255,66,80325,15,101563
29470,0.002094,172.31.36.0-255,66,80391,15,101563
29471,0.002098,172.31.36.0-255,66,80457,15,101563
29472,0.002101,172.31.36.0-255,66,80523,15,101563
29473,0.002117,172.31.36.0-255,66,80589,15,101563
29474,0.002161,172.31.36.0-255,66,80655,15,101563
29475,0.002316,172.217.194.0-255,1484,82139,15,101563
29476,0.002321,172.217.194.0-255,1484,83623,15,101563
29477,0.002324,172.31.36.0-255,66,83689,15,101563
29478,0.002341,172.217.194.0-255,1484,85173,15,101563
29479,0.004432,172.217.194.0-255,1484,86657,15,101563
29480,0.004439,172.31.36.0-255,66,86723,15,101563
29481,0.004619,172.217.194.0-255,2902,89625,15,101563
29482,0.004625,172.31.36.0-255,66,89691,15,101563
29483,0.006721,172.217.194.0-255,2902,92593,15,101563
29484,0.006725,172.31.36.0-255,66,92659,15,101563
29485,0.006917,172.217.194.0-255,2902,95561,15,101563
29486,0.006919,172.31.36.0-255,66,95627,15,101563
29487,0.008984,172.217.194.0-255,2902,98529,15,101563
29488,0.00899,172.31.36.0-255,66,98595,15,101563
29489,0.0092,172.217.194.0-255,2902,101497,15,101563
29490,0.009204,172.31.36.0-255,66,101563,15,101563
29491,0.0,172.217.194.0-255,66,66,15,66
29492,0.0,172.217.194.0-255,152,152,15,251987
29493,2.4e-05,172.31.36.0-255,66,218,15,251987
29494,3.1e-05,172.217.194.0-255,1484,1702,15,251987
29495,3.6e-05,172.31.36.0-255,66,1768,15,251987
29496,4.1e-05,172.217.194.0-255,2902,4670,15,251987
29497,4.5e-05,172.31.36.0-255,66,4736,15,251987
29498,5.3e-05,172.217.194.0-255,7156,11892,15,251987
29499,5.6e-05,172.31.36.0-255,66,11958,15,251987
29500,8.2e-05,172.217.194.0-255,2099,14057,15,251987
29501,8.5e-05,172.31.36.0-255,66,14123,15,251987
29502,0.000207,172.217.194.0-255,1484,15607,15,251987
29503,0.000211,172.31.36.0-255,66,15673,15,251987
29504,0.000217,172.217.194.0-255,2902,18575,15,251987
29505,0.000219,172.31.36.0-255,66,18641,15,251987
29506,0.000225,172.217.194.0-255,4320,22961,15,251987
29507,0.000228,172.31.36.0-255,66,23027,15,251987
29508,0.000249,172.217.194.0-255,1484,24511,15,251987
29509,0.000252,172.31.36.0-255,66,24577,15,251987
29510,0.000278,172.217.194.0-255,6797,31374,15,251987
29511,0.000282,172.31.36.0-255,66,31440,15,251987
29512,0.00029,172.217.194.0-255,7156,38596,15,251987
29513,0.000293,172.31.36.0-255,66,38662,15,251987
29514,0.000325,172.217.194.0-255,4320,42982,15,251987
29515,0.000329,172.31.36.0-255,66,43048,15,251987
29516,0.000349,172.217.194.0-255,5379,48427,15,251987
29517,0.000352,172.31.36.0-255,66,48493,15,251987
29518,0.000357,172.217.194.0-255,2902,51395,15,251987
29519,0.000359,172.31.36.0-255,66,51461,15,251987
29520,0.000387,172.217.194.0-255,7156,58617,15,251987
29521,0.00039,172.31.36.0-255,66,58683,15,251987
29522,0.000398,172.217.194.0-255,6797,65480,15,251987
29523,0.000401,172.31.36.0-255,66,65546,15,251987
29524,0.000404,172.217.194.0-255,345,65891,15,251987
29525,0.000442,172.217.194.0-255,430,66321,15,251987
29526,0.000586,172.217.194.0-255,1484,67805,15,251987
29527,0.00059,172.31.36.0-255,66,67871,15,251987
29528,0.000596,172.217.194.0-255,2902,70773,15,251987
29529,0.000598,172.31.36.0-255,66,70839,15,251987
29530,0.000603,172.217.194.0-255,2902,73741,15,251987
29531,0.000605,172.31.36.0-255,66,73807,15,251987
29532,0.000628,172.217.194.0-255,2902,76709,15,251987
29533,0.000632,172.31.36.0-255,66,76775,15,251987
29534,0.000646,172.31.36.0-255,66,76841,15,251987
29535,0.000659,172.31.36.0-255,66,76907,15,251987
29536,0.000678,172.217.194.0-255,766,77673,15,251987
29537,0.000902,172.217.194.0-255,1484,79157,15,251987
29538,0.000906,172.31.36.0-255,66,79223,15,251987
29539,0.000912,172.217.194.0-255,2902,82125,15,251987
29540,0.000916,172.31.36.0-255,66,82191,15,251987
29541,0.000958,172.217.194.0-255,5738,87929,15,251987
29542,0.000961,172.31.36.0-255,66,87995,15,251987
29543,0.000968,172.217.194.0-255,7156,95151,15,251987
29544,0.00097,172.31.36.0-255,66,95217,15,251987
29545,0.000974,172.217.194.0-255,2902,98119,15,251987
29546,0.000977,172.31.36.0-255,66,98185,15,251987
29547,0.001012,172.31.36.0-255,66,98251,15,251987
29548,0.00103,172.217.194.0-255,2184,100435,15,251987
29549,0.001032,172.31.36.0-255,66,100501,15,251987
29550,0.001035,172.217.194.0-255,1484,101985,15,251987
29551,0.001047,172.217.194.0-255,1484,103469,15,251987
29552,0.00105,172.31.36.0-255,66,103535,15,251987
29553,0.001055,172.217.194.0-255,4320,107855,15,251987
29554,0.001057,172.31.36.0-255,66,107921,15,251987
29555,0.001078,172.217.194.0-255,2902,110823,15,251987
29556,0.001081,172.31.36.0-255,66,110889,15,251987
29557,0.001087,172.217.194.0-255,7156,118045,15,251987
29558,0.00109,172.31.36.0-255,66,118111,15,251987
29559,0.001122,172.31.36.0-255,66,118177,15,251987
29560,0.001125,172.217.194.0-255,1484,119661,15,251987
29561,0.001141,172.217.194.0-255,2902,122563,15,251987
29562,0.001144,172.31.36.0-255,66,122629,15,251987
29563,0.001164,172.217.194.0-255,3602,126231,15,251987
29564,0.001168,172.31.36.0-255,66,126297,15,251987
29565,0.001171,172.217.194.0-255,2902,129199,15,251987
29566,0.001173,172.31.36.0-255,66,129265,15,251987
29567,0.001176,172.217.194.0-255,1484,130749,15,251987
29568,0.001189,172.217.194.0-255,2902,133651,15,251987
29569,0.001192,172.31.36.0-255,66,133717,15,251987
29570,0.001197,172.217.194.0-255,4320,138037,15,251987
29571,0.0012,172.31.36.0-255,66,138103,15,251987
29572,0.001221,172.217.194.0-255,4320,142423,15,251987
29573,0.001223,172.31.36.0-255,66,142489,15,251987
29574,0.00124,172.217.194.0-255,5738,148227,15,251987
29575,0.001242,172.31.36.0-255,66,148293,15,251987
29576,0.001267,172.31.36.0-255,66,148359,15,251987
29577,0.001306,172.217.194.0-255,1484,149843,15,251987
29578,0.001318,172.217.194.0-255,2902,152745,15,251987
29579,0.001328,172.217.194.0-255,1484,154229,15,251987
29580,0.001345,172.217.194.0-255,4320,158549,15,251987
29581,0.001351,172.217.194.0-255,5738,164287,15,251987
29582,0.001367,172.217.194.0-255,5020,169307,15,251987
29583,0.001381,172.217.194.0-255,1484,170791,15,251987
29584,0.001385,172.217.194.0-255,2902,173693,15,251987
29585,0.001407,172.217.194.0-255,5738,179431,15,251987
29586,0.001421,172.217.194.0-255,5738,185169,15,251987
29587,0.001447,172.217.194.0-255,7156,192325,15,251987
29588,0.001453,172.217.194.0-255,5738,198063,15,251987
29589,0.001481,172.217.194.0-255,4320,202383,15,251987
29590,0.00151,172.217.194.0-255,3602,205985,15,251987
29591,0.001522,172.217.194.0-255,2902,208887,15,251987
29592,0.001619,172.217.194.0-255,2902,211789,15,251987
29593,0.001624,172.217.194.0-255,3602,215391,15,251987
29594,0.00166,172.217.194.0-255,1484,216875,15,251987
29595,0.001679,172.31.36.0-255,66,216941,15,251987
29596,0.00171,172.217.194.0-255,1484,218425,15,251987
29597,0.001714,172.217.194.0-255,1484,219909,15,251987
29598,0.001727,172.217.194.0-255,1484,221393,15,251987
29599,0.001734,172.217.194.0-255,5738,227131,15,251987
29600,0.001753,172.217.194.0-255,5738,232869,15,251987
29601,0.001767,172.217.194.0-255,1484,234353,15,251987
29602,0.001773,172.217.194.0-255,5738,240091,15,251987
29603,0.00181,172.217.194.0-255,2184,242275,15,251987
29604,0.001828,172.217.194.0-255,2902,245177,15,251987
29605,0.001877,172.217.194.0-255,6305,251482,15,251987
29606,0.00188,172.217.194.0-255,97,251579,15,251987
29607,0.001897,172.31.36.0-255,66,251645,15,251987
29608,0.001906,172.217.194.0-255,105,251750,15,251987
29609,0.004972,172.31.36.0-255,66,251816,15,251987
29610,0.005001,172.31.36.0-255,105,251921,15,251987
29611,0.007572,172.217.194.0-255,66,251987,15,251987
29612,0.0,172.217.194.0-255,152,152,15,154295
29613,2.3e-05,172.31.36.0-255,66,218,15,154295
29614,2.9e-05,172.217.194.0-255,1484,1702,15,154295
29615,3.3e-05,172.31.36.0-255,66,1768,15,154295
29616,3.9e-05,172.217.194.0-255,2902,4670,15,154295
29617,4.3e-05,172.31.36.0-255,66,4736,15,154295
29618,4.8e-05,172.217.194.0-255,4320,9056,15,154295
29619,5.2e-05,172.31.36.0-255,66,9122,15,154295
29620,0.000101,172.31.36.0-255,66,9188,15,154295
29621,0.000108,172.217.194.0-255,7156,16344,15,154295
29622,0.000111,172.31.36.0-255,66,16410,15,154295
29623,0.000137,172.217.194.0-255,5379,21789,15,154295
29624,0.00014,172.31.36.0-255,66,21855,15,154295
29625,0.00023,172.217.194.0-255,1484,23339,15,154295
29626,0.000233,172.31.36.0-255,66,23405,15,154295
29627,0.000238,172.217.194.0-255,2902,26307,15,154295
29628,0.000241,172.31.36.0-255,66,26373,15,154295
29629,0.000268,172.217.194.0-255,5738,32111,15,154295
29630,0.00027,172.31.36.0-255,66,32177,15,154295
29631,0.00031,172.217.194.0-255,6797,38974,15,154295
29632,0.000313,172.31.36.0-255,66,39040,15,154295
29633,0.000911,172.217.194.0-255,1484,40524,15,154295
29634,0.000917,172.31.36.0-255,66,40590,15,154295
29635,0.000926,172.217.194.0-255,2902,43492,15,154295
29636,0.000929,172.31.36.0-255,66,43558,15,154295
29637,0.000935,172.217.194.0-255,5738,49296,15,154295
29638,0.000937,172.31.36.0-255,66,49362,15,154295
29639,0.000941,172.217.194.0-255,1484,50846,15,154295
29640,0.000943,172.31.36.0-255,66,50912,15,154295
29641,0.000971,172.217.194.0-255,5379,56291,15,154295
29642,0.000974,172.31.36.0-255,66,56357,15,154295
29643,0.001004,172.217.194.0-255,2902,59259,15,154295
29644,0.001011,172.217.194.0-255,5738,64997,15,154295
29645,0.001058,172.217.194.0-255,2763,67760,15,154295
29646,0.001147,172.217.194.0-255,1484,69244,15,154295
29647,0.001151,172.217.194.0-255,1484,70728,15,154295
29648,0.001168,172.217.194.0-255,1484,72212,15,154295
29649,0.001174,172.217.194.0-255,5738,77950,15,154295
29650,0.00122,172.217.194.0-255,6235,84185,15,154295
29651,0.001339,172.217.194.0-255,1484,85669,15,154295
29652,0.001346,172.217.194.0-255,2902,88571,15,154295
29653,0.001366,172.217.194.0-255,5738,94309,15,154295
29654,0.00137,172.217.194.0-255,1484,95793,15,154295
29655,0.001389,172.217.194.0-255,7156,102949,15,154295
29656,0.00141,172.217.194.0-255,4320,107269,15,154295
29657,0.00157,172.31.36.0-255,66,107335,15,154295
29658,0.001631,172.217.194.0-255,1484,108819,15,154295
29659,0.00164,172.217.194.0-255,2902,111721,15,154295
29660,0.001651,172.217.194.0-255,2902,114623,15,154295
29661,0.001662,172.217.194.0-255,2902,117525,15,154295
29662,0.001671,172.31.36.0-255,66,117591,15,154295
29663,0.001692,172.31.36.0-255,66,117657,15,154295
29664,0.001714,172.217.194.0-255,1484,119141,15,154295
29665,0.001757,172.31.36.0-255,66,119207,15,154295
29666,0.001844,172.217.194.0-255,1484,120691,15,154295
29667,0.001859,172.217.194.0-255,2902,123593,15,154295
29668,0.001862,172.217.194.0-255,1484,125077,15,154295
29669,0.001871,172.31.36.0-255,66,125143,15,154295
29670,0.00188,172.217.194.0-255,2902,128045,15,154295
29671,0.001884,172.217.194.0-255,2902,130947,15,154295
29672,0.00189,172.31.36.0-255,66,131013,15,154295
29673,0.001901,172.217.194.0-255,5738,136751,15,154295
29674,0.001937,172.31.36.0-255,66,136817,15,154295
29675,0.002024,172.31.36.0-255,66,136883,15,154295
29676,0.004361,172.217.194.0-255,5738,142621,15,154295
29677,0.004367,172.31.36.0-255,66,142687,15,154295
29678,0.006733,172.217.194.0-255,5738,148425,15,154295
29679,0.00674,172.31.36.0-255,66,148491,15,154295
29680,0.00907,172.217.194.0-255,5738,154229,15,154295
29681,0.009077,172.31.36.0-255,66,154295,15,154295
29682,0.0,74.125.24.0-255,150,150,15,214691
29683,3.6e-05,172.31.36.0-255,66,216,15,214691
29684,4.2e-05,74.125.24.0-255,1484,1700,15,214691
29685,4.6e-05,172.31.36.0-255,66,1766,15,214691
29686,5.1e-05,74.125.24.0-255,2902,4668,15,214691
29687,5.4e-05,172.31.36.0-255,66,4734,15,214691
29688,6e-05,74.125.24.0-255,7156,11890,15,214691
29689,6.2e-05,172.31.36.0-255,66,11956,15,214691
29690,6.5e-05,74.125.24.0-255,1484,13440,15,214691
29691,6.7e-05,172.31.36.0-255,66,13506,15,214691
29692,0.000107,172.31.36.0-255,66,13572,15,214691
29693,0.00011,74.125.24.0-255,1484,15056,15,214691
29694,0.000112,172.31.36.0-255,66,15122,15,214691
29695,0.000138,74.125.24.0-255,3961,19083,15,214691
29696,0.000142,172.31.36.0-255,66,19149,15,214691
29697,0.000175,74.125.24.0-255,1484,20633,15,214691
29698,0.000178,172.31.36.0-255,66,20699,15,214691
29699,0.000183,74.125.24.0-255,2902,23601,15,214691
29700,0.000185,172.31.36.0-255,66,23667,15,214691
29701,0.000191,74.125.24.0-255,5738,29405,15,214691
29702,0.000194,172.31.36.0-255,66,29471,15,214691
29703,0.00022,74.125.24.0-255,7156,36627,15,214691
29704,0.000223,172.31.36.0-255,66,36693,15,214691
29705,0.00025,74.125.24.0-255,6797,43490,15,214691
29706,0.000253,172.31.36.0-255,66,43556,15,214691
29707,0.000284,172.31.36.0-255,66,43622,15,214691
29708,0.000301,74.125.24.0-255,130,43752,15,214691
29709,0.000306,172.31.36.0-255,66,43818,15,214691
29710,0.000363,74.125.24.0-255,348,44166,15,214691
29711,0.000369,172.31.36.0-255,66,44232,15,214691
29712,0.000496,74.125.24.0-255,1484,45716,15,214691
29713,0.000504,74.125.24.0-255,2902,48618,15,214691
29714,0.000508,172.31.36.0-255,66,48684,15,214691
29715,0.000515,74.125.24.0-255,5738,54422,15,214691
29716,0.000518,172.31.36.0-255,66,54488,15,214691
29717,0.000521,74.125.24.0-255,2902,57390,15,214691
29718,0.000524,172.31.36.0-255,66,57456,15,214691
29719,0.00058,74.125.24.0-255,3411,60867,15,214691
29720,0.000586,172.31.36.0-255,66,60933,15,214691
29721,0.00073,74.125.24.0-255,1484,62417,15,214691
29722,0.000737,74.125.24.0-255,2902,65319,15,214691
29723,0.000741,172.31.36.0-255,66,65385,15,214691
29724,0.000749,74.125.24.0-255,5738,71123,15,214691
29725,0.000751,172.31.36.0-255,66,71189,15,214691
29726,0.000798,172.31.36.0-255,66,71255,15,214691
29727,0.000805,74.125.24.0-255,7156,78411,15,214691
29728,0.000808,172.31.36.0-255,66,78477,15,214691
29729,0.000829,74.125.24.0-255,3602,82079,15,214691
29730,0.000832,172.31.36.0-255,66,82145,15,214691
29731,0.000938,74.125.24.0-255,1484,83629,15,214691
29732,0.000945,74.125.24.0-255,2902,86531,15,214691
29733,0.000948,172.31.36.0-255,66,86597,15,214691
29734,0.000977,74.125.24.0-255,5738,92335,15,214691
29735,0.00098,172.31.36.0-255,66,92401,15,214691
29736,0.000984,74.125.24.0-255,1484,93885,15,214691
29737,0.001009,172.31.36.0-255,66,93951,15,214691
29738,0.001026,74.125.24.0-255,2902,96853,15,214691
29739,0.00103,172.31.36.0-255,66,96919,15,214691
29740,0.001054,74.125.24.0-255,5738,102657,15,214691
29741,0.001058,172.31.36.0-255,66,102723,15,214691
29742,0.001086,74.125.24.0-255,5020,107743,15,214691
29743,0.001092,172.31.36.0-255,66,107809,15,214691
29744,0.001099,172.31.36.0-255,66,107875,15,214691
29745,0.001104,74.125.24.0-255,4320,112195,15,214691
29746,0.001106,172.31.36.0-255,66,112261,15,214691
29747,0.001156,172.31.36.0-255,66,112327,15,214691
29748,0.00116,172.31.36.0-255,66,112393,15,214691
29749,0.001176,172.31.36.0-255,66,112459,15,214691
29750,0.001244,172.31.36.0-255,66,112525,15,214691
29751,0.001248,74.125.24.0-255,2184,114709,15,214691
29752,0.001251,172.31.36.0-255,66,114775,15,214691
29753,0.001264,172.31.36.0-255,66,114841,15,214691
29754,0.001277,172.31.36.0-255,66,114907,15,214691
29755,0.001305,74.125.24.0-255,4320,119227,15,214691
29756,0.00131,172.31.36.0-255,66,119293,15,214691
29757,0.001317,74.125.24.0-255,6438,125731,15,214691
29758,0.00132,172.31.36.0-255,66,125797,15,214691
29759,0.001356,74.125.24.0-255,1484,127281,15,214691
29760,0.001374,74.125.24.0-255,2902,130183,15,214691
29761,0.001378,172.31.36.0-255,66,130249,15,214691
29762,0.001385,74.125.24.0-255,4320,134569,15,214691
29763,0.001387,172.31.36.0-255,66,134635,15,214691
29764,0.001407,74.125.24.0-255,1484,136119,15,214691
29765,0.001415,74.125.24.0-255,5738,141857,15,214691
29766,0.001417,172.31.36.0-255,66,141923,15,214691
29767,0.00143,74.125.24.0-255,4320,146243,15,214691
29768,0.001433,172.31.36.0-255,66,146309,15,214691
29769,0.001441,74.125.24.0-255,5738,152047,15,214691
29770,0.001444,172.31.36.0-255,66,152113,15,214691
29771,0.001475,172.31.36.0-255,66,152179,15,214691
29772,0.001886,74.125.24.0-255,1484,153663,15,214691
29773,0.001893,74.125.24.0-255,2902,156565,15,214691
29774,0.001897,172.31.36.0-255,66,156631,15,214691
29775,0.001903,74.125.24.0-255,2902,159533,15,214691
29776,0.001905,172.31.36.0-255,66,159599,15,214691
29777,0.001926,74.125.24.0-255,2902,162501,15,214691
29778,0.001929,172.31.36.0-255,66,162567,15,214691
29779,0.001943,74.125.24.0-255,2902,165469,15,214691
29780,0.001944,172.31.36.0-255,66,165535,15,214691
29781,0.001947,172.31.36.0-255,66,165601,15,214691
29782,0.001971,172.31.36.0-255,66,165667,15,214691
29783,0.00201,74.125.24.0-255,1484,167151,15,214691
29784,0.002014,74.125.24.0-255,1484,168635,15,214691
29785,0.002017,172.31.36.0-255,66,168701,15,214691
29786,0.002038,74.125.24.0-255,1484,170185,15,214691
29787,0.002046,74.125.24.0-255,5738,175923,15,214691
29788,0.00205,172.31.36.0-255,66,175989,15,214691
29789,0.00205,74.125.24.0-255,4320,180309,15,214691
29790,0.002054,74.125.24.0-255,2902,183211,15,214691
29791,0.002053,172.31.36.0-255,66,183277,15,214691
29792,0.002056,172.31.36.0-255,66,183343,15,214691
29793,0.002081,172.31.36.0-255,66,183409,15,214691
29794,0.002119,172.31.36.0-255,66,183475,15,214691
29795,0.002159,74.125.24.0-255,1484,184959,15,214691
29796,0.002163,74.125.24.0-255,1484,186443,15,214691
29797,0.002166,172.31.36.0-255,66,186509,15,214691
29798,0.002185,74.125.24.0-255,1484,187993,15,214691
29799,0.002192,74.125.24.0-255,5738,193731,15,214691
29800,0.002195,172.31.36.0-255,66,193797,15,214691
29801,0.002201,74.125.24.0-255,7156,200953,15,214691
29802,0.002204,172.31.36.0-255,66,201019,15,214691
29803,0.002245,172.31.36.0-255,66,201085,15,214691
29804,0.002285,74.125.24.0-255,4320,205405,15,214691
29805,0.002288,172.31.36.0-255,66,205471,15,214691
29806,0.002313,74.125.24.0-255,2184,207655,15,214691
29807,0.002316,172.31.36.0-255,66,207721,15,214691
29808,0.002323,74.125.24.0-255,6465,214186,15,214691
29809,0.002326,172.31.36.0-255,66,214252,15,214691
29810,0.002329,74.125.24.0-255,97,214349,15,214691
29811,0.002331,74.125.24.0-255,105,214454,15,214691
29812,0.003683,172.31.36.0-255,66,214520,15,214691
29813,0.003709,172.31.36.0-255,105,214625,15,214691
29814,0.006285,74.125.24.0-255,66,214691,15,214691
29815,0.0,172.217.194.0-255,153,153,15,212191
29816,2.2e-05,172.31.36.0-255,66,219,15,212191
29817,2.8e-05,172.217.194.0-255,1484,1703,15,212191
29818,3.2e-05,172.31.36.0-255,66,1769,15,212191
29819,3.7e-05,172.217.194.0-255,2902,4671,15,212191
29820,4e-05,172.31.36.0-255,66,4737,15,212191
29821,4.7e-05,172.217.194.0-255,7156,11893,15,212191
29822,5e-05,172.31.36.0-255,66,11959,15,212191
29823,5.6e-05,172.217.194.0-255,4910,16869,15,212191
29824,5.9e-05,172.31.36.0-255,66,16935,15,212191
29825,0.000102,172.31.36.0-255,66,17001,15,212191
29826,0.000139,172.217.194.0-255,1484,18485,15,212191
29827,0.000142,172.31.36.0-255,66,18551,15,212191
29828,0.000146,172.217.194.0-255,2902,21453,15,212191
29829,0.000148,172.31.36.0-255,66,21519,15,212191
29830,0.000161,172.217.194.0-255,2902,24421,15,212191
29831,0.000163,172.31.36.0-255,66,24487,15,212191
29832,0.000186,172.217.194.0-255,2902,27389,15,212191
29833,0.000188,172.31.36.0-255,66,27455,15,212191
29834,0.000192,172.217.194.0-255,4320,31775,15,212191
29835,0.000194,172.31.36.0-255,66,31841,15,212191
29836,0.00022,172.31.36.0-255,66,31907,15,212191
29837,0.000223,172.217.194.0-255,1484,33391,15,212191
29838,0.000224,172.31.36.0-255,66,33457,15,212191
29839,0.000246,172.217.194.0-255,5738,39195,15,212191
29840,0.000249,172.31.36.0-255,66,39261,15,212191
29841,0.000267,172.217.194.0-255,2796,42057,15,212191
29842,0.000269,172.31.36.0-255,66,42123,15,212191
29843,0.000271,172.217.194.0-255,433,42556,15,212191
29844,0.000273,172.31.36.0-255,66,42622,15,212191
29845,0.000598,172.217.194.0-255,1484,44106,15,212191
29846,0.000605,172.217.194.0-255,2902,47008,15,212191
29847,0.00061,172.217.194.0-255,5738,52746,15,212191
29848,0.000634,172.217.194.0-255,2902,55648,15,212191
29849,0.000639,172.31.36.0-255,66,55714,15,212191
29850,0.000672,172.217.194.0-255,7156,62870,15,212191
29851,0.000684,172.217.194.0-255,2902,65772,15,212191
29852,0.000687,172.217.194.0-255,766,66538,15,212191
29853,0.000704,172.31.36.0-255,66,66604,15,212191
29854,0.000734,172.217.194.0-255,1484,68088,15,212191
29855,0.000739,172.217.194.0-255,2902,70990,15,212191
29856,0.00075,172.217.194.0-255,1484,72474,15,212191
29857,0.000755,172.31.36.0-255,66,72540,15,212191
29858,0.000765,172.217.194.0-255,5738,78278,15,212191
29859,0.000774,172.31.36.0-255,66,78344,15,212191
29860,0.000777,172.217.194.0-255,1484,79828,15,212191
29861,0.000781,172.217.194.0-255,2902,82730,15,212191
29862,0.000812,172.31.36.0-255,66,82796,15,212191
29863,0.000822,172.217.194.0-255,4320,87116,15,212191
29864,0.000827,172.217.194.0-255,5020,92136,15,212191
29865,0.000838,172.31.36.0-255,66,92202,15,212191
29866,0.000864,172.217.194.0-255,1484,93686,15,212191
29867,0.00088,172.217.194.0-255,2902,96588,15,212191
29868,0.000884,172.217.194.0-255,2902,99490,15,212191
29869,0.000889,172.31.36.0-255,66,99556,15,212191
29870,0.000899,172.217.194.0-255,2902,102458,15,212191
29871,0.000912,172.217.194.0-255,4320,106778,15,212191
29872,0.000938,172.31.36.0-255,66,106844,15,212191
29873,0.000956,172.217.194.0-255,1484,108328,15,212191
29874,0.000979,172.31.36.0-255,66,108394,15,212191
29875,0.001226,172.217.194.0-255,1484,109878,15,212191
29876,0.001246,172.217.194.0-255,2902,112780,15,212191
29877,0.00125,172.31.36.0-255,66,112846,15,212191
29878,0.001256,172.217.194.0-255,5738,118584,15,212191
29879,0.001294,172.31.36.0-255,66,118650,15,212191
29880,0.001322,172.217.194.0-255,4320,122970,15,212191
29881,0.001331,172.31.36.0-255,66,123036,15,212191
29882,0.001372,172.217.194.0-255,2902,125938,15,212191
29883,0.00138,172.31.36.0-255,66,126004,15,212191
29884,0.00141,172.217.194.0-255,1484,127488,15,212191
29885,0.00144,172.217.194.0-255,4320,131808,15,212191
29886,0.001445,172.31.36.0-255,66,131874,15,212191
29887,0.001494,172.217.194.0-255,6438,138312,15,212191
29888,0.001499,172.31.36.0-255,66,138378,15,212191
29889,0.00152,172.217.194.0-255,1484,139862,15,212191
29890,0.001523,172.217.194.0-255,1484,141346,15,212191
29891,0.001539,172.217.194.0-255,1484,142830,15,212191
29892,0.001568,172.217.194.0-255,5738,148568,15,212191
29893,0.00159,172.31.36.0-255,66,148634,15,212191
29894,0.001612,172.217.194.0-255,1484,150118,15,212191
29895,0.001639,172.31.36.0-255,66,150184,15,212191
29896,0.001821,172.217.194.0-255,1484,151668,15,212191
29897,0.001826,172.217.194.0-255,2902,154570,15,212191
29898,0.001829,172.217.194.0-255,1484,156054,15,212191
29899,0.001842,172.31.36.0-255,66,156120,15,212191
29900,0.001848,172.217.194.0-255,4320,160440,15,212191
29901,0.001853,172.31.36.0-255,66,160506,15,212191
29902,0.001869,172.217.194.0-255,7156,167662,15,212191
29903,0.001886,172.217.194.0-255,5738,173400,15,212191
29904,0.001892,172.217.194.0-255,5738,179138,15,212191
29905,0.001898,172.31.36.0-255,66,179204,15,212191
29906,0.00191,172.217.194.0-255,5020,184224,15,212191
29907,0.001937,172.31.36.0-255,66,184290,15,212191
29908,0.002017,172.217.194.0-255,1484,185774,15,212191
29909,0.00203,172.217.194.0-255,2902,188676,15,212191
29910,0.002039,172.31.36.0-255,66,188742,15,212191
29911,0.002051,172.217.194.0-255,5738,194480,15,212191
29912,0.00207,172.31.36.0-255,66,194546,15,212191
29913,0.002088,172.31.36.0-255,66,194612,15,212191
29914,0.002094,172.217.194.0-255,4320,198932,15,212191
29915,0.002096,172.217.194.0-255,1484,200416,15,212191
29916,0.002152,172.31.36.0-255,66,200482,15,212191
29917,0.003364,172.31.36.0-255,101,200583,15,212191
29918,0.004178,172.217.194.0-255,5738,206321,15,212191
29919,0.004186,172.31.36.0-255,66,206387,15,212191
29920,0.005367,172.217.194.0-255,66,206453,15,212191
29921,0.006222,172.217.194.0-255,5738,212191,15,212191
29922,0.0,172.253.118.0-255,143,143,15,112548
29923,2.3e-05,172.31.36.0-255,66,209,15,112548
29924,3.1e-05,172.253.118.0-255,1484,1693,15,112548
29925,3.6e-05,172.31.36.0-255,66,1759,15,112548
29926,4.9e-05,172.253.118.0-255,2902,4661,15,112548
29927,5.3e-05,172.31.36.0-255,66,4727,15,112548
29928,6.1e-05,172.253.118.0-255,7156,11883,15,112548
29929,6.5e-05,172.31.36.0-255,66,11949,15,112548
29930,6.8e-05,172.253.118.0-255,2021,13970,15,112548
29931,7.1e-05,172.31.36.0-255,66,14036,15,112548
29932,0.000144,172.253.118.0-255,1484,15520,15,112548
29933,0.000147,172.31.36.0-255,66,15586,15,112548
29934,0.000152,172.253.118.0-255,2902,18488,15,112548
29935,0.000155,172.31.36.0-255,66,18554,15,112548
29936,0.000192,172.253.118.0-255,5738,24292,15,112548
29937,0.000195,172.31.36.0-255,66,24358,15,112548
29938,0.000229,172.31.36.0-255,66,24424,15,112548
29939,0.00024,172.31.36.0-255,66,24490,15,112548
29940,0.000268,172.253.118.0-255,6797,31287,15,112548
29941,0.000271,172.31.36.0-255,66,31353,15,112548
29942,0.000318,172.253.118.0-255,1484,32837,15,112548
29943,0.000321,172.31.36.0-255,66,32903,15,112548
29944,0.000348,172.253.118.0-255,2902,35805,15,112548
29945,0.00035,172.31.36.0-255,66,35871,15,112548
29946,0.000355,172.253.118.0-255,2902,38773,15,112548
29947,0.000357,172.31.36.0-255,66,38839,15,112548
29948,0.000389,172.253.118.0-255,2902,41741,15,112548
29949,0.000392,172.31.36.0-255,66,41807,15,112548
29950,0.000399,172.253.118.0-255,6797,48604,15,112548
29951,0.000402,172.31.36.0-255,66,48670,15,112548
29952,0.00104,172.253.118.0-255,395,49065,15,112548
29953,0.001081,172.253.118.0-255,1484,50549,15,112548
29954,0.001086,172.31.36.0-255,66,50615,15,112548
29955,0.001091,172.253.118.0-255,1484,52099,15,112548
29956,0.001115,172.253.118.0-255,2902,55001,15,112548
29957,0.001118,172.253.118.0-255,1484,56485,15,112548
29958,0.001123,172.31.36.0-255,66,56551,15,112548
29959,0.001136,172.253.118.0-255,5738,62289,15,112548
29960,0.001143,172.31.36.0-255,66,62355,15,112548
29961,0.00117,172.253.118.0-255,1484,63839,15,112548
29962,0.001182,172.31.36.0-255,66,63905,15,112548
29963,0.001226,172.253.118.0-255,4320,68225,15,112548
29964,0.001229,172.31.36.0-255,66,68291,15,112548
29965,0.001259,172.253.118.0-255,5020,73311,15,112548
29966,0.001262,172.31.36.0-255,66,73377,15,112548
29967,0.001335,172.253.118.0-255,349,73726,15,112548
29968,0.001371,172.253.118.0-255,1484,75210,15,112548
29969,0.001374,172.31.36.0-255,66,75276,15,112548
29970,0.001378,172.253.118.0-255,1484,76760,15,112548
29971,0.001417,172.253.118.0-255,2902,79662,15,112548
29972,0.001419,172.31.36.0-255,66,79728,15,112548
29973,0.001432,172.31.36.0-255,66,79794,15,112548
29974,0.001448,172.31.36.0-255,66,79860,15,112548
29975,0.00148,172.253.118.0-255,2902,82762,15,112548
29976,0.001482,172.31.36.0-255,66,82828,15,112548
29977,0.001504,172.253.118.0-255,6438,89266,15,112548
29978,0.001507,172.31.36.0-255,66,89332,15,112548
29979,0.003501,172.253.118.0-255,5738,95070,15,112548
29980,0.00351,172.31.36.0-255,66,95136,15,112548
29981,0.005508,172.253.118.0-255,5738,100874,15,112548
29982,0.005513,172.31.36.0-255,66,100940,15,112548
29983,0.007526,172.253.118.0-255,5738,106678,15,112548
29984,0.007535,172.31.36.0-255,66,106744,15,112548
29985,0.009533,172.253.118.0-255,5738,112482,15,112548
29986,0.009543,172.31.36.0-255,66,112548,15,112548
29987,0.0,74.125.24.0-255,147,147,15,53516
29988,2.8e-05,172.31.36.0-255,66,213,15,53516
29989,3.5e-05,74.125.24.0-255,1484,1697,15,53516
29990,3.9e-05,172.31.36.0-255,66,1763,15,53516
29991,4.3e-05,74.125.24.0-255,2902,4665,15,53516
29992,4.6e-05,172.31.36.0-255,66,4731,15,53516
29993,6.6e-05,74.125.24.0-255,7156,11887,15,53516
29994,6.8e-05,172.31.36.0-255,66,11953,15,53516
29995,0.000167,172.31.36.0-255,66,12019,15,53516
29996,0.000374,74.125.24.0-255,2543,14562,15,53516
29997,0.000379,172.31.36.0-255,66,14628,15,53516
29998,0.000407,74.125.24.0-255,4320,18948,15,53516
29999,0.000411,172.31.36.0-255,66,19014,15,53516
30000,0.000447,172.31.36.0-255,66,19080,15,53516
30001,0.000643,172.31.36.0-255,66,19146,15,53516
30002,0.000669,172.31.36.0-255,66,19212,15,53516
30003,0.000937,172.31.36.0-255,66,19278,15,53516
30004,0.001111,172.31.36.0-255,66,19344,15,53516
30005,0.001149,172.31.36.0-255,66,19410,15,53516
30006,0.001578,172.31.36.0-255,66,19476,15,53516
30007,0.001761,74.125.24.0-255,5738,25214,15,53516
30008,0.001767,172.31.36.0-255,66,25280,15,53516
30009,0.001813,172.31.36.0-255,66,25346,15,53516
30010,0.002208,74.125.24.0-255,5738,31084,15,53516
30011,0.002257,74.125.24.0-255,6438,37522,15,53516
30012,0.003109,74.125.24.0-255,4320,41842,15,53516
30013,0.003645,172.31.36.0-255,66,41908,15,53516
30014,0.005952,74.125.24.0-255,5738,47646,15,53516
30015,0.005957,172.31.36.0-255,66,47712,15,53516
30016,0.008265,74.125.24.0-255,5738,53450,15,53516
30017,0.008992,172.31.36.0-255,66,53516,15,53516
30018,0.0,74.125.130.0-255,153,153,15,118506
30019,3.5e-05,172.31.36.0-255,66,219,15,118506
30020,4.2e-05,74.125.130.0-255,1484,1703,15,118506
30021,4.5e-05,172.31.36.0-255,66,1769,15,118506
30022,5e-05,74.125.130.0-255,2902,4671,15,118506
30023,5.4e-05,172.31.36.0-255,66,4737,15,118506
30024,6e-05,74.125.130.0-255,5738,10475,15,118506
30025,6.3e-05,172.31.36.0-255,66,10541,15,118506
30026,6.6e-05,74.125.130.0-255,1484,12025,15,118506
30027,6.9e-05,172.31.36.0-255,66,12091,15,118506
30028,7.4e-05,74.125.130.0-255,2087,14178,15,118506
30029,7.6e-05,172.31.36.0-255,66,14244,15,118506
30030,0.000722,74.125.130.0-255,1484,15728,15,118506
30031,0.000729,172.31.36.0-255,66,15794,15,118506
30032,0.000739,74.125.130.0-255,2902,18696,15,118506
30033,0.000742,172.31.36.0-255,66,18762,15,118506
30034,0.000747,74.125.130.0-255,2902,21664,15,118506
30035,0.000749,172.31.36.0-255,66,21730,15,118506
30036,0.000773,74.125.130.0-255,2902,24632,15,118506
30037,0.000776,172.31.36.0-255,66,24698,15,118506
30038,0.000783,74.125.130.0-255,6797,31495,15,118506
30039,0.000786,172.31.36.0-255,66,31561,15,118506
30040,0.000789,74.125.130.0-255,1484,33045,15,118506
30041,0.000791,172.31.36.0-255,66,33111,15,118506
30042,0.000818,74.125.130.0-255,5738,38849,15,118506
30043,0.000821,172.31.36.0-255,66,38915,15,118506
30044,0.000826,74.125.130.0-255,2902,41817,15,118506
30045,0.000828,172.31.36.0-255,66,41883,15,118506
30046,0.000843,74.125.130.0-255,5738,47621,15,118506
30047,0.000846,172.31.36.0-255,66,47687,15,118506
30048,0.000872,74.125.130.0-255,2902,50589,15,118506
30049,0.000875,172.31.36.0-255,66,50655,15,118506
30050,0.000898,74.125.130.0-255,7156,57811,15,118506
30051,0.000901,172.31.36.0-255,66,57877,15,118506
30052,0.000919,74.125.130.0-255,1484,59361,15,118506
30053,0.000941,74.125.130.0-255,6438,65799,15,118506
30054,0.000945,172.31.36.0-255,66,65865,15,118506
30055,0.001152,74.125.130.0-255,346,66211,15,118506
30056,0.001198,74.125.130.0-255,117,66328,15,118506
30057,0.001544,74.125.130.0-255,1484,67812,15,118506
30058,0.00155,172.31.36.0-255,66,67878,15,118506
30059,0.001572,74.125.130.0-255,2902,70780,15,118506
30060,0.001575,172.31.36.0-255,66,70846,15,118506
30061,0.001579,74.125.130.0-255,2902,73748,15,118506
30062,0.00158,172.31.36.0-255,66,73814,15,118506
30063,0.001583,74.125.130.0-255,1484,75298,15,118506
30064,0.0016,74.125.130.0-255,2902,78200,15,118506
30065,0.001603,172.31.36.0-255,66,78266,15,118506
30066,0.001627,74.125.130.0-255,1484,79750,15,118506
30067,0.00164,74.125.130.0-255,2902,82652,15,118506
30068,0.001642,172.31.36.0-255,66,82718,15,118506
30069,0.001665,74.125.130.0-255,4320,87038,15,118506
30070,0.001667,172.31.36.0-255,66,87104,15,118506
30071,0.001684,74.125.130.0-255,1484,88588,15,118506
30072,0.001688,74.125.130.0-255,2902,91490,15,118506
30073,0.001689,172.31.36.0-255,66,91556,15,118506
30074,0.001692,74.125.130.0-255,1484,93040,15,118506
30075,0.001711,74.125.130.0-255,2902,95942,15,118506
30076,0.001714,172.31.36.0-255,66,96008,15,118506
30077,0.001748,74.125.130.0-255,5020,101028,15,118506
30078,0.00175,172.31.36.0-255,66,101094,15,118506
30079,0.003818,74.125.130.0-255,5738,106832,15,118506
30080,0.003824,172.31.36.0-255,66,106898,15,118506
30081,0.005902,74.125.130.0-255,5738,112636,15,118506
30082,0.005909,172.31.36.0-255,66,112702,15,118506
30083,0.007982,74.125.130.0-255,5738,118440,15,118506
30084,0.007991,172.31.36.0-255,66,118506,15,118506
30085,0.0,74.125.24.0-255,152,152,15,105438
30086,2.2e-05,172.31.36.0-255,66,218,15,105438
30087,2.9e-05,74.125.24.0-255,1484,1702,15,105438
30088,3.4e-05,172.31.36.0-255,66,1768,15,105438
30089,4e-05,74.125.24.0-255,2902,4670,15,105438
30090,4.4e-05,172.31.36.0-255,66,4736,15,105438
30091,5.1e-05,74.125.24.0-255,5738,10474,15,105438
30092,5.5e-05,172.31.36.0-255,66,10540,15,105438
30093,5.8e-05,74.125.24.0-255,1484,12024,15,105438
30094,6.1e-05,172.31.36.0-255,66,12090,15,105438
30095,8.9e-05,74.125.24.0-255,4984,17074,15,105438
30096,9.3e-05,172.31.36.0-255,66,17140,15,105438
30097,0.000109,172.31.36.0-255,66,17206,15,105438
30098,0.000163,74.125.24.0-255,2902,20108,15,105438
30099,0.000166,172.31.36.0-255,66,20174,15,105438
30100,0.000171,74.125.24.0-255,2902,23076,15,105438
30101,0.000173,172.31.36.0-255,66,23142,15,105438
30102,0.000186,74.125.24.0-255,1484,24626,15,105438
30103,0.000191,74.125.24.0-255,4320,28946,15,105438
30104,0.000196,172.31.36.0-255,66,29012,15,105438
30105,0.000199,172.31.36.0-255,66,29078,15,105438
30106,0.00021,74.125.24.0-255,4320,33398,15,105438
30107,0.000213,172.31.36.0-255,66,33464,15,105438
30108,0.000216,74.125.24.0-255,1125,34589,15,105438
30109,0.000218,172.31.36.0-255,66,34655,15,105438
30110,0.000284,74.125.24.0-255,1484,36139,15,105438
30111,0.000287,172.31.36.0-255,66,36205,15,105438
30112,0.000292,74.125.24.0-255,2902,39107,15,105438
30113,0.000295,172.31.36.0-255,66,39173,15,105438
30114,0.000301,74.125.24.0-255,5738,44911,15,105438
30115,0.000303,172.31.36.0-255,66,44977,15,105438
30116,0.000308,74.125.24.0-255,2902,47879,15,105438
30117,0.000311,172.31.36.0-255,66,47945,15,105438
30118,0.000333,74.125.24.0-255,3961,51906,15,105438
30119,0.000336,172.31.36.0-255,66,51972,15,105438
30120,0.000339,74.125.24.0-255,647,52619,15,105438
30121,0.000398,74.125.24.0-255,1484,54103,15,105438
30122,0.000401,172.31.36.0-255,66,54169,15,105438
30123,0.000405,74.125.24.0-255,1484,55653,15,105438
30124,0.000418,74.125.24.0-255,1484,57137,15,105438
30125,0.00042,172.31.36.0-255,66,57203,15,105438
30126,0.000427,74.125.24.0-255,5738,62941,15,105438
30127,0.000429,172.31.36.0-255,66,63007,15,105438
30128,0.000474,172.31.36.0-255,66,63073,15,105438
30129,0.000485,172.31.36.0-255,66,63139,15,105438
30130,0.000502,74.125.24.0-255,575,63714,15,105438
30131,0.00082,74.125.24.0-255,1484,65198,15,105438
30132,0.000826,172.31.36.0-255,66,65264,15,105438
30133,0.000832,74.125.24.0-255,2902,68166,15,105438
30134,0.000834,172.31.36.0-255,66,68232,15,105438
30135,0.00084,74.125.24.0-255,5738,73970,15,105438
30136,0.000843,172.31.36.0-255,66,74036,15,105438
30137,0.000876,172.31.36.0-255,66,74102,15,105438
30138,0.0009,74.125.24.0-255,4320,78422,15,105438
30139,0.000904,172.31.36.0-255,66,78488,15,105438
30140,0.000912,74.125.24.0-255,7156,85644,15,105438
30141,0.000923,172.31.36.0-255,66,85710,15,105438
30142,0.000941,74.125.24.0-255,3602,89312,15,105438
30143,0.000957,172.31.36.0-255,66,89378,15,105438
30144,0.003476,74.125.24.0-255,5738,95116,15,105438
30145,0.003484,172.31.36.0-255,66,95182,15,105438
30146,0.006016,74.125.24.0-255,4320,99502,15,105438
30147,0.00602,172.31.36.0-255,66,99568,15,105438
30148,0.006032,74.125.24.0-255,1484,101052,15,105438
30149,0.008552,74.125.24.0-255,4320,105372,15,105438
30150,0.00856,172.31.36.0-255,66,105438,15,105438
30151,0.0,172.217.194.0-255,219,219,15,149059
30152,3.8e-05,172.31.36.0-255,66,285,15,149059
30153,4.7e-05,172.217.194.0-255,1484,1769,15,149059
30154,5.1e-05,172.31.36.0-255,66,1835,15,149059
30155,6.5e-05,172.217.194.0-255,4320,6155,15,149059
30156,7e-05,172.31.36.0-255,66,6221,15,149059
30157,8.1e-05,172.31.36.0-255,66,6287,15,149059
30158,0.000217,172.217.194.0-255,1484,7771,15,149059
30159,0.000221,172.31.36.0-255,66,7837,15,149059
30160,0.000229,172.217.194.0-255,2902,10739,15,149059
30161,0.000232,172.31.36.0-255,66,10805,15,149059
30162,0.000249,172.217.194.0-255,5738,16543,15,149059
30163,0.000253,172.31.36.0-255,66,16609,15,149059
30164,0.0003,172.217.194.0-255,6797,23406,15,149059
30165,0.000303,172.31.36.0-255,66,23472,15,149059
30166,0.00045,172.217.194.0-255,1484,24956,15,149059
30167,0.000455,172.31.36.0-255,66,25022,15,149059
30168,0.000462,172.217.194.0-255,2902,27924,15,149059
30169,0.000464,172.31.36.0-255,66,27990,15,149059
30170,0.000495,172.217.194.0-255,5738,33728,15,149059
30171,0.000499,172.31.36.0-255,66,33794,15,149059
30172,0.000526,172.217.194.0-255,6797,40591,15,149059
30173,0.00053,172.31.36.0-255,66,40657,15,149059
30174,0.001027,172.217.194.0-255,1484,42141,15,149059
30175,0.001033,172.31.36.0-255,66,42207,15,149059
30176,0.001043,172.217.194.0-255,2902,45109,15,149059
30177,0.001046,172.31.36.0-255,66,45175,15,149059
30178,0.00106,172.217.194.0-255,5738,50913,15,149059
30179,0.001063,172.31.36.0-255,66,50979,15,149059
30180,0.001096,172.217.194.0-255,6797,57776,15,149059
30181,0.001099,172.31.36.0-255,66,57842,15,149059
30182,0.001128,172.217.194.0-255,2902,60744,15,149059
30183,0.001132,172.31.36.0-255,66,60810,15,149059
30184,0.001163,172.217.194.0-255,4320,65130,15,149059
30185,0.001167,172.31.36.0-255,66,65196,15,149059
30186,0.001175,172.217.194.0-255,7156,72352,15,149059
30187,0.001178,172.31.36.0-255,66,72418,15,149059
30188,0.001203,172.31.36.0-255,66,72484,15,149059
30189,0.001208,172.217.194.0-255,3124,75608,15,149059
30190,0.001211,172.31.36.0-255,66,75674,15,149059
30191,0.001458,172.217.194.0-255,1484,77158,15,149059
30192,0.001469,172.217.194.0-255,2902,80060,15,149059
30193,0.001474,172.31.36.0-255,66,80126,15,149059
30194,0.001482,172.217.194.0-255,5738,85864,15,149059
30195,0.001485,172.31.36.0-255,66,85930,15,149059
30196,0.001533,172.31.36.0-255,66,85996,15,149059
30197,0.001553,172.31.36.0-255,66,86062,15,149059
30198,0.001577,172.217.194.0-255,1484,87546,15,149059
30199,0.001582,172.217.194.0-255,2902,90448,15,149059
30200,0.001585,172.31.36.0-255,66,90514,15,149059
30201,0.00159,172.217.194.0-255,1484,91998,15,149059
30202,0.001618,172.217.194.0-255,4320,96318,15,149059
30203,0.001623,172.31.36.0-255,66,96384,15,149059
30204,0.001637,172.31.36.0-255,66,96450,15,149059
30205,0.00168,172.31.36.0-255,66,96516,15,149059
30206,0.001867,172.217.194.0-255,1484,98000,15,149059
30207,0.001875,172.217.194.0-255,2902,100902,15,149059
30208,0.001878,172.31.36.0-255,66,100968,15,149059
30209,0.001886,172.217.194.0-255,5738,106706,15,149059
30210,0.001889,172.31.36.0-255,66,106772,15,149059
30211,0.001933,172.31.36.0-255,66,106838,15,149059
30212,0.001938,172.217.194.0-255,4320,111158,15,149059
30213,0.001941,172.31.36.0-255,66,111224,15,149059
30214,0.001961,172.217.194.0-255,6438,117662,15,149059
30215,0.001969,172.31.36.0-255,66,117728,15,149059
30216,0.001993,172.217.194.0-255,2902,120630,15,149059
30217,0.001996,172.31.36.0-255,66,120696,15,149059
30218,0.002,172.217.194.0-255,4320,125016,15,149059
30219,0.002002,172.31.36.0-255,66,125082,15,149059
30220,0.002039,172.31.36.0-255,66,125148,15,149059
30221,0.002082,172.217.194.0-255,1484,126632,15,149059
30222,0.002122,172.31.36.0-255,66,126698,15,149059
30223,0.002138,172.31.36.0-255,66,126764,15,149059
30224,0.002155,172.31.36.0-255,66,126830,15,149059
30225,0.002168,172.31.36.0-255,66,126896,15,149059
30226,0.002202,172.31.36.0-255,66,126962,15,149059
30227,0.00222,172.217.194.0-255,2902,129864,15,149059
30228,0.002223,172.31.36.0-255,66,129930,15,149059
30229,0.002234,172.31.36.0-255,66,129996,15,149059
30230,0.002262,172.217.194.0-255,1484,131480,15,149059
30231,0.002274,172.31.36.0-255,66,131546,15,149059
30232,0.004542,172.217.194.0-255,5738,137284,15,149059
30233,0.004546,172.31.36.0-255,66,137350,15,149059
30234,0.006796,172.217.194.0-255,5738,143088,15,149059
30235,0.00681,172.31.36.0-255,66,143154,15,149059
30236,0.008783,172.31.36.0-255,101,143255,15,149059
30237,0.0091,172.217.194.0-255,5738,148993,15,149059
30238,0.009108,172.31.36.0-255,66,149059,15,149059
30239,0.0,172.217.194.0-255,149,149,15,207447
30240,2.4e-05,172.31.36.0-255,66,215,15,207447
30241,3.2e-05,172.217.194.0-255,1484,1699,15,207447
30242,3.7e-05,172.31.36.0-255,66,1765,15,207447
30243,4.2e-05,172.217.194.0-255,2902,4667,15,207447
30244,4.4e-05,172.31.36.0-255,66,4733,15,207447
30245,5.1e-05,172.217.194.0-255,7156,11889,15,207447
30246,5.4e-05,172.31.36.0-255,66,11955,15,207447
30247,7.7e-05,172.217.194.0-255,2057,14012,15,207447
30248,8.1e-05,172.31.36.0-255,66,14078,15,207447
30249,0.000112,172.217.194.0-255,2902,16980,15,207447
30250,0.000116,172.31.36.0-255,66,17046,15,207447
30251,0.000125,172.217.194.0-255,7156,24202,15,207447
30252,0.00013,172.31.36.0-255,66,24268,15,207447
30253,0.000135,172.217.194.0-255,5738,30006,15,207447
30254,0.000137,172.31.36.0-255,66,30072,15,207447
30255,0.000158,172.217.194.0-255,1125,31197,15,207447
30256,0.000161,172.31.36.0-255,66,31263,15,207447
30257,0.000198,172.217.194.0-255,1484,32747,15,207447
30258,0.000202,172.31.36.0-255,66,32813,15,207447
30259,0.000206,172.217.194.0-255,1484,34297,15,207447
30260,0.000208,172.31.36.0-255,66,34363,15,207447
30261,0.000226,172.217.194.0-255,2902,37265,15,207447
30262,0.00023,172.31.36.0-255,66,37331,15,207447
30263,0.000237,172.217.194.0-255,7156,44487,15,207447
30264,0.000239,172.31.36.0-255,66,44553,15,207447
30265,0.00028,172.31.36.0-255,66,44619,15,207447
30266,0.000288,172.217.194.0-255,6797,51416,15,207447
30267,0.00029,172.31.36.0-255,66,51482,15,207447
30268,0.000315,172.217.194.0-255,678,52160,15,207447
30269,0.000319,172.31.36.0-255,66,52226,15,207447
30270,0.000528,172.217.194.0-255,1484,53710,15,207447
30271,0.000536,172.217.194.0-255,2902,56612,15,207447
30272,0.000542,172.217.194.0-255,5738,62350,15,207447
30273,0.000564,172.217.194.0-255,2902,65252,15,207447
30274,0.000594,172.31.36.0-255,66,65318,15,207447
30275,0.000615,172.31.36.0-255,66,65384,15,207447
30276,0.000624,172.217.194.0-255,2184,67568,15,207447
30277,0.000658,172.31.36.0-255,66,67634,15,207447
30278,0.000712,172.217.194.0-255,1484,69118,15,207447
30279,0.000718,172.217.194.0-255,2902,72020,15,207447
30280,0.000723,172.217.194.0-255,2902,74922,15,207447
30281,0.000738,172.217.194.0-255,2902,77824,15,207447
30282,0.000755,172.217.194.0-255,7156,84980,15,207447
30283,0.000776,172.31.36.0-255,66,85046,15,207447
30284,0.000783,172.217.194.0-255,5738,90784,15,207447
30285,0.000789,172.217.194.0-255,5738,96522,15,207447
30286,0.000802,172.31.36.0-255,66,96588,15,207447
30287,0.000808,172.217.194.0-255,5020,101608,15,207447
30288,0.000836,172.217.194.0-255,4320,105928,15,207447
30289,0.000861,172.217.194.0-255,7156,113084,15,207447
30290,0.000865,172.217.194.0-255,1484,114568,15,207447
30291,0.000916,172.217.194.0-255,2902,117470,15,207447
30292,0.000928,172.31.36.0-255,66,117536,15,207447
30293,0.000941,172.217.194.0-255,3602,121138,15,207447
30294,0.000948,172.217.194.0-255,7156,128294,15,207447
30295,0.000968,172.31.36.0-255,66,128360,15,207447
30296,0.000981,172.217.194.0-255,1484,129844,15,207447
30297,0.001012,172.217.194.0-255,1484,131328,15,207447
30298,0.001053,172.217.194.0-255,7156,138484,15,207447
30299,0.001068,172.217.194.0-255,5020,143504,15,207447
30300,0.001071,172.31.36.0-255,66,143570,15,207447
30301,0.001077,172.31.36.0-255,66,143636,15,207447
30302,0.001115,172.217.194.0-255,7156,150792,15,207447
30303,0.001146,172.31.36.0-255,66,150858,15,207447
30304,0.001162,172.217.194.0-255,5020,155878,15,207447
30305,0.001167,172.217.194.0-255,4320,160198,15,207447
30306,0.001182,172.217.194.0-255,1484,161682,15,207447
30307,0.001184,172.217.194.0-255,1484,163166,15,207447
30308,0.001197,172.31.36.0-255,66,163232,15,207447
30309,0.001226,172.31.36.0-255,66,163298,15,207447
30310,0.001248,172.217.194.0-255,1484,164782,15,207447
30311,0.001271,172.217.194.0-255,5020,169802,15,207447
30312,0.001277,172.217.194.0-255,7156,176958,15,207447
30313,0.00128,172.217.194.0-255,1484,178442,15,207447
30314,0.00129,172.31.36.0-255,66,178508,15,207447
30315,0.001321,172.217.194.0-255,4320,182828,15,207447
30316,0.001329,172.31.36.0-255,66,182894,15,207447
30317,0.001343,172.217.194.0-255,5020,187914,15,207447
30318,0.001359,172.217.194.0-255,1484,189398,15,207447
30319,0.001362,172.217.194.0-255,1484,190882,15,207447
30320,0.001366,172.31.36.0-255,66,190948,15,207447
30321,0.001384,172.217.194.0-255,1484,192432,15,207447
30322,0.00139,172.217.194.0-255,5738,198170,15,207447
30323,0.001432,172.217.194.0-255,4320,202490,15,207447
30324,0.001442,172.31.36.0-255,66,202556,15,207447
30325,0.001474,172.31.36.0-255,66,202622,15,207447
30326,0.001502,172.217.194.0-255,1484,204106,15,207447
30327,0.001518,172.217.194.0-255,2933,207039,15,207447
30328,0.001529,172.217.194.0-255,105,207144,15,207447
30329,0.001532,172.31.36.0-255,66,207210,15,207447
30330,0.004367,172.31.36.0-255,66,207276,15,207447
30331,0.004411,172.31.36.0-255,105,207381,15,207447
30332,0.006672,172.217.194.0-255,66,207447,15,207447
30333,0.0,74.125.24.0-255,153,153,15,105236
30334,2.3e-05,172.31.36.0-255,66,219,15,105236
30335,3e-05,74.125.24.0-255,1484,1703,15,105236
30336,3.4e-05,172.31.36.0-255,66,1769,15,105236
30337,4e-05,74.125.24.0-255,2902,4671,15,105236
30338,4.4e-05,172.31.36.0-255,66,4737,15,105236
30339,5e-05,74.125.24.0-255,7156,11893,15,105236
30340,5.4e-05,172.31.36.0-255,66,11959,15,105236
30341,5.7e-05,74.125.24.0-255,2036,13995,15,105236
30342,6e-05,172.31.36.0-255,66,14061,15,105236
30343,0.000269,74.125.24.0-255,1484,15545,15,105236
30344,0.000275,172.31.36.0-255,66,15611,15,105236
30345,0.000282,74.125.24.0-255,2902,18513,15,105236
30346,0.000285,172.31.36.0-255,66,18579,15,105236
30347,0.000291,74.125.24.0-255,5738,24317,15,105236
30348,0.000293,172.31.36.0-255,66,24383,15,105236
30349,0.000315,74.125.24.0-255,6797,31180,15,105236
30350,0.000318,172.31.36.0-255,66,31246,15,105236
30351,0.000499,74.125.24.0-255,1484,32730,15,105236
30352,0.000503,172.31.36.0-255,66,32796,15,105236
30353,0.000508,74.125.24.0-255,2902,35698,15,105236
30354,0.00051,172.31.36.0-255,66,35764,15,105236
30355,0.000514,74.125.24.0-255,2902,38666,15,105236
30356,0.000517,172.31.36.0-255,66,38732,15,105236
30357,0.000535,74.125.24.0-255,2902,41634,15,105236
30358,0.000538,172.31.36.0-255,66,41700,15,105236
30359,0.000542,74.125.24.0-255,2902,44602,15,105236
30360,0.000544,172.31.36.0-255,66,44668,15,105236
30361,0.000576,172.31.36.0-255,66,44734,15,105236
30362,0.000581,74.125.24.0-255,2902,47636,15,105236
30363,0.000582,172.31.36.0-255,66,47702,15,105236
30364,0.000605,74.125.24.0-255,6797,54499,15,105236
30365,0.000608,172.31.36.0-255,66,54565,15,105236
30366,0.000727,74.125.24.0-255,397,54962,15,105236
30367,0.000814,74.125.24.0-255,346,55308,15,105236
30368,0.000936,172.31.36.0-255,66,55374,15,105236
30369,0.001006,74.125.24.0-255,1484,56858,15,105236
30370,0.001012,74.125.24.0-255,2902,59760,15,105236
30371,0.001015,172.31.36.0-255,66,59826,15,105236
30372,0.001037,74.125.24.0-255,5738,65564,15,105236
30373,0.00104,172.31.36.0-255,66,65630,15,105236
30374,0.001044,74.125.24.0-255,2902,68532,15,105236
30375,0.001046,172.31.36.0-255,66,68598,15,105236
30376,0.001083,172.31.36.0-255,66,68664,15,105236
30377,0.001094,172.31.36.0-255,66,68730,15,105236
30378,0.002034,74.125.24.0-255,1484,70214,15,105236
30379,0.002042,74.125.24.0-255,2902,73116,15,105236
30380,0.002045,172.31.36.0-255,66,73182,15,105236
30381,0.002049,74.125.24.0-255,1484,74666,15,105236
30382,0.002068,74.125.24.0-255,4320,78986,15,105236
30383,0.00207,172.31.36.0-255,66,79052,15,105236
30384,0.002072,74.125.24.0-255,1484,80536,15,105236
30385,0.002092,74.125.24.0-255,7156,87692,15,105236
30386,0.002094,172.31.36.0-255,66,87758,15,105236
30387,0.004081,74.125.24.0-255,5738,93496,15,105236
30388,0.004088,172.31.36.0-255,66,93562,15,105236
30389,0.006089,74.125.24.0-255,5738,99300,15,105236
30390,0.006094,172.31.36.0-255,66,99366,15,105236
30391,0.008071,74.125.24.0-255,4320,103686,15,105236
30392,0.008075,172.31.36.0-255,66,103752,15,105236
30393,0.008094,74.125.24.0-255,1484,105236,15,105236
30394,0.0,74.125.24.0-255,219,219,15,195542
30395,2.7e-05,172.31.36.0-255,66,285,15,195542
30396,3.4e-05,74.125.24.0-255,1484,1769,15,195542
30397,3.9e-05,172.31.36.0-255,66,1835,15,195542
30398,4.5e-05,74.125.24.0-255,4320,6155,15,195542
30399,5.5e-05,172.31.36.0-255,66,6221,15,195542
30400,6.2e-05,74.125.24.0-255,5738,11959,15,195542
30401,6.5e-05,172.31.36.0-255,66,12025,15,195542
30402,0.000104,172.31.36.0-255,66,12091,15,195542
30403,0.000122,74.125.24.0-255,3261,15352,15,195542
30404,0.000125,172.31.36.0-255,66,15418,15,195542
30405,0.000136,74.125.24.0-255,5738,21156,15,195542
30406,0.000138,172.31.36.0-255,66,21222,15,195542
30407,0.000141,74.125.24.0-255,1125,22347,15,195542
30408,0.000143,172.31.36.0-255,66,22413,15,195542
30409,0.000312,74.125.24.0-255,1484,23897,15,195542
30410,0.000317,74.125.24.0-255,1484,25381,15,195542
30411,0.00032,172.31.36.0-255,66,25447,15,195542
30412,0.000325,172.31.36.0-255,66,25513,15,195542
30413,0.000355,74.125.24.0-255,1484,26997,15,195542
30414,0.000359,172.31.36.0-255,66,27063,15,195542
30415,0.000368,74.125.24.0-255,5738,32801,15,195542
30416,0.000371,172.31.36.0-255,66,32867,15,195542
30417,0.000387,172.31.36.0-255,66,32933,15,195542
30418,0.000398,172.31.36.0-255,66,32999,15,195542
30419,0.00042,74.125.24.0-255,1484,34483,15,195542
30420,0.000423,172.31.36.0-255,66,34549,15,195542
30421,0.000453,74.125.24.0-255,5690,40239,15,195542
30422,0.000462,172.31.36.0-255,66,40305,15,195542
30423,0.000465,74.125.24.0-255,110,40415,15,195542
30424,0.000603,74.125.24.0-255,1484,41899,15,195542
30425,0.00061,172.31.36.0-255,66,41965,15,195542
30426,0.000627,74.125.24.0-255,2902,44867,15,195542
30427,0.000632,172.31.36.0-255,66,44933,15,195542
30428,0.000639,74.125.24.0-255,5738,50671,15,195542
30429,0.000641,172.31.36.0-255,66,50737,15,195542
30430,0.00065,74.125.24.0-255,6797,57534,15,195542
30431,0.000653,172.31.36.0-255,66,57600,15,195542
30432,0.0007,74.125.24.0-255,2902,60502,15,195542
30433,0.000705,172.31.36.0-255,66,60568,15,195542
30434,0.000746,172.31.36.0-255,66,60634,15,195542
30435,0.001075,74.125.24.0-255,1484,62118,15,195542
30436,0.001083,74.125.24.0-255,2902,65020,15,195542
30437,0.001087,172.31.36.0-255,66,65086,15,195542
30438,0.001094,74.125.24.0-255,4320,69406,15,195542
30439,0.0011,172.31.36.0-255,66,69472,15,195542
30440,0.00112,74.125.24.0-255,1484,70956,15,195542
30441,0.001128,74.125.24.0-255,1484,72440,15,195542
30442,0.001131,172.31.36.0-255,66,72506,15,195542
30443,0.001162,172.31.36.0-255,66,72572,15,195542
30444,0.001174,172.31.36.0-255,66,72638,15,195542
30445,0.001419,74.125.24.0-255,1484,74122,15,195542
30446,0.001427,74.125.24.0-255,2902,77024,15,195542
30447,0.001431,172.31.36.0-255,66,77090,15,195542
30448,0.001438,74.125.24.0-255,5738,82828,15,195542
30449,0.00144,172.31.36.0-255,66,82894,15,195542
30450,0.001455,74.125.24.0-255,7156,90050,15,195542
30451,0.001458,172.31.36.0-255,66,90116,15,195542
30452,0.0015,74.125.24.0-255,5738,95854,15,195542
30453,0.001505,172.31.36.0-255,66,95920,15,195542
30454,0.001515,172.31.36.0-255,66,95986,15,195542
30455,0.001525,74.125.24.0-255,2184,98170,15,195542
30456,0.001527,172.31.36.0-255,66,98236,15,195542
30457,0.001695,74.125.24.0-255,1484,99720,15,195542
30458,0.001702,74.125.24.0-255,2902,102622,15,195542
30459,0.001706,172.31.36.0-255,66,102688,15,195542
30460,0.001738,74.125.24.0-255,2902,105590,15,195542
30461,0.001741,172.31.36.0-255,66,105656,15,195542
30462,0.001748,74.125.24.0-255,7156,112812,15,195542
30463,0.001751,172.31.36.0-255,66,112878,15,195542
30464,0.001779,74.125.24.0-255,5738,118616,15,195542
30465,0.001783,172.31.36.0-255,66,118682,15,195542
30466,0.001815,74.125.24.0-255,7156,125838,15,195542
30467,0.001819,172.31.36.0-255,66,125904,15,195542
30468,0.001854,74.125.24.0-255,6438,132342,15,195542
30469,0.001857,172.31.36.0-255,66,132408,15,195542
30470,0.00198,74.125.24.0-255,1484,133892,15,195542
30471,0.001987,74.125.24.0-255,2902,136794,15,195542
30472,0.001992,172.31.36.0-255,66,136860,15,195542
30473,0.001996,74.125.24.0-255,1484,138344,15,195542
30474,0.002028,74.125.24.0-255,4320,142664,15,195542
30475,0.002031,172.31.36.0-255,66,142730,15,195542
30476,0.002038,74.125.24.0-255,5738,148468,15,195542
30477,0.002041,172.31.36.0-255,66,148534,15,195542
30478,0.002081,74.125.24.0-255,7156,155690,15,195542
30479,0.002085,172.31.36.0-255,66,155756,15,195542
30480,0.002092,74.125.24.0-255,7156,162912,15,195542
30481,0.002095,172.31.36.0-255,66,162978,15,195542
30482,0.00212,74.125.24.0-255,6438,169416,15,195542
30483,0.002123,172.31.36.0-255,66,169482,15,195542
30484,0.002135,172.31.36.0-255,66,169548,15,195542
30485,0.002193,74.125.24.0-255,4320,173868,15,195542
30486,0.002197,172.31.36.0-255,66,173934,15,195542
30487,0.002245,172.31.36.0-255,66,174000,15,195542
30488,0.002268,172.31.36.0-255,66,174066,15,195542
30489,0.002284,172.31.36.0-255,66,174132,15,195542
30490,0.002289,74.125.24.0-255,3602,177734,15,195542
30491,0.002291,172.31.36.0-255,66,177800,15,195542
30492,0.002295,74.125.24.0-255,1484,179284,15,195542
30493,0.002358,172.31.36.0-255,66,179350,15,195542
30494,0.002374,172.31.36.0-255,66,179416,15,195542
30495,0.002414,172.31.36.0-255,66,179482,15,195542
30496,0.00475,74.125.24.0-255,5738,185220,15,195542
30497,0.004757,172.31.36.0-255,66,185286,15,195542
30498,0.007079,74.125.24.0-255,4320,189606,15,195542
30499,0.007083,172.31.36.0-255,66,189672,15,195542
30500,0.007109,74.125.24.0-255,1484,191156,15,195542
30501,0.009422,74.125.24.0-255,4320,195476,15,195542
30502,0.009433,172.31.36.0-255,66,195542,15,195542
30503,0.0,74.125.24.0-255,153,153,15,104950
30504,3.5e-05,172.31.36.0-255,66,219,15,104950
30505,4.3e-05,74.125.24.0-255,1484,1703,15,104950
30506,4.8e-05,172.31.36.0-255,66,1769,15,104950
30507,6.2e-05,74.125.24.0-255,2902,4671,15,104950
30508,6.5e-05,172.31.36.0-255,66,4737,15,104950
30509,7.2e-05,74.125.24.0-255,7156,11893,15,104950
30510,7.5e-05,172.31.36.0-255,66,11959,15,104950
30511,7.9e-05,74.125.24.0-255,2093,14052,15,104950
30512,8.2e-05,172.31.36.0-255,66,14118,15,104950
30513,0.000132,172.31.36.0-255,66,14184,15,104950
30514,0.000139,74.125.24.0-255,5379,19563,15,104950
30515,0.000142,172.31.36.0-255,66,19629,15,104950
30516,0.000444,74.125.24.0-255,1484,21113,15,104950
30517,0.000449,172.31.36.0-255,66,21179,15,104950
30518,0.000455,74.125.24.0-255,2902,24081,15,104950
30519,0.00046,172.31.36.0-255,66,24147,15,104950
30520,0.000492,74.125.24.0-255,5738,29885,15,104950
30521,0.000497,172.31.36.0-255,66,29951,15,104950
30522,0.000531,172.31.36.0-255,66,30017,15,104950
30523,0.000563,74.125.24.0-255,2543,32560,15,104950
30524,0.000567,172.31.36.0-255,66,32626,15,104950
30525,0.000574,74.125.24.0-255,5738,38364,15,104950
30526,0.000577,172.31.36.0-255,66,38430,15,104950
30527,0.00059,74.125.24.0-255,6797,45227,15,104950
30528,0.000592,172.31.36.0-255,66,45293,15,104950
30529,0.000939,74.125.24.0-255,645,45938,15,104950
30530,0.000944,172.31.36.0-255,66,46004,15,104950
30531,0.000972,74.125.24.0-255,1484,47488,15,104950
30532,0.000975,172.31.36.0-255,66,47554,15,104950
30533,0.000982,74.125.24.0-255,4320,51874,15,104950
30534,0.000985,172.31.36.0-255,66,51940,15,104950
30535,0.001036,172.31.36.0-255,66,52006,15,104950
30536,0.001047,172.31.36.0-255,66,52072,15,104950
30537,0.001097,172.31.36.0-255,66,52138,15,104950
30538,0.001413,74.125.24.0-255,1484,53622,15,104950
30539,0.001422,74.125.24.0-255,2902,56524,15,104950
30540,0.001427,172.31.36.0-255,66,56590,15,104950
30541,0.001435,74.125.24.0-255,5738,62328,15,104950
30542,0.001437,172.31.36.0-255,66,62394,15,104950
30543,0.00149,172.31.36.0-255,66,62460,15,104950
30544,0.001497,74.125.24.0-255,5738,68198,15,104950
30545,0.001499,172.31.36.0-255,66,68264,15,104950
30546,0.001527,74.125.24.0-255,6438,74702,15,104950
30547,0.001529,172.31.36.0-255,66,74768,15,104950
30548,0.001818,74.125.24.0-255,1484,76252,15,104950
30549,0.001822,74.125.24.0-255,2902,79154,15,104950
30550,0.001824,172.31.36.0-255,66,79220,15,104950
30551,0.001839,74.125.24.0-255,4320,83540,15,104950
30552,0.001845,172.31.36.0-255,66,83606,15,104950
30553,0.001867,74.125.24.0-255,1484,85090,15,104950
30554,0.001877,172.31.36.0-255,66,85156,15,104950
30555,0.001901,74.125.24.0-255,2902,88058,15,104950
30556,0.001904,172.31.36.0-255,66,88124,15,104950
30557,0.001919,172.31.36.0-255,66,88190,15,104950
30558,0.001922,74.125.24.0-255,766,88956,15,104950
30559,0.004201,74.125.24.0-255,4320,93276,15,104950
30560,0.004206,172.31.36.0-255,66,93342,15,104950
30561,0.006521,74.125.24.0-255,5738,99080,15,104950
30562,0.006528,172.31.36.0-255,66,99146,15,104950
30563,0.008878,74.125.24.0-255,5738,104884,15,104950
30564,0.008886,172.31.36.0-255,66,104950,15,104950
30565,0.0,74.125.24.0-255,243,243,15,83790
30566,1.4e-05,172.31.36.0-255,66,309,15,83790
30567,2.1e-05,74.125.24.0-255,1484,1793,15,83790
30568,2.5e-05,172.31.36.0-255,66,1859,15,83790
30569,3.2e-05,74.125.24.0-255,4320,6179,15,83790
30570,3.5e-05,172.31.36.0-255,66,6245,15,83790
30571,5.1e-05,74.125.24.0-255,7156,13401,15,83790
30572,5.4e-05,172.31.36.0-255,66,13467,15,83790
30573,9.8e-05,172.31.36.0-255,66,13533,15,83790
30574,0.000113,172.31.36.0-255,66,13599,15,83790
30575,0.000138,74.125.24.0-255,1484,15083,15,83790
30576,0.00014,172.31.36.0-255,66,15149,15,83790
30577,0.000176,172.31.36.0-255,66,15215,15,83790
30578,0.000208,74.125.24.0-255,7143,22358,15,83790
30579,0.000211,172.31.36.0-255,66,22424,15,83790
30580,0.000239,74.125.24.0-255,1484,23908,15,83790
30581,0.000242,172.31.36.0-255,66,23974,15,83790
30582,0.000245,74.125.24.0-255,1484,25458,15,83790
30583,0.000247,172.31.36.0-255,66,25524,15,83790
30584,0.00027,74.125.24.0-255,1484,27008,15,83790
30585,0.000273,172.31.36.0-255,66,27074,15,83790
30586,0.000284,74.125.24.0-255,5738,32812,15,83790
30587,0.000288,172.31.36.0-255,66,32878,15,83790
30588,0.0003,172.31.36.0-255,66,32944,15,83790
30589,0.000334,74.125.24.0-255,4320,37264,15,83790
30590,0.000337,172.31.36.0-255,66,37330,15,83790
30591,0.000348,172.31.36.0-255,66,37396,15,83790
30592,0.000351,74.125.24.0-255,766,38162,15,83790
30593,0.000377,74.125.24.0-255,1484,39646,15,83790
30594,0.00038,172.31.36.0-255,66,39712,15,83790
30595,0.000407,74.125.24.0-255,4320,44032,15,83790
30596,0.000411,172.31.36.0-255,66,44098,15,83790
30597,0.000418,74.125.24.0-255,7156,51254,15,83790
30598,0.00042,172.31.36.0-255,66,51320,15,83790
30599,0.000464,172.31.36.0-255,66,51386,15,83790
30600,0.00047,74.125.24.0-255,5020,56406,15,83790
30601,0.000472,172.31.36.0-255,66,56472,15,83790
30602,0.000765,74.125.24.0-255,1484,57956,15,83790
30603,0.000772,74.125.24.0-255,2902,60858,15,83790
30604,0.000776,172.31.36.0-255,66,60924,15,83790
30605,0.000783,74.125.24.0-255,5738,66662,15,83790
30606,0.000785,172.31.36.0-255,66,66728,15,83790
30607,0.000823,172.31.36.0-255,66,66794,15,83790
30608,0.000828,74.125.24.0-255,4320,71114,15,83790
30609,0.00083,172.31.36.0-255,66,71180,15,83790
30610,0.000859,74.125.24.0-255,4320,75500,15,83790
30611,0.000862,172.31.36.0-255,66,75566,15,83790
30612,0.000901,172.31.36.0-255,66,75632,15,83790
30613,0.000914,172.31.36.0-255,66,75698,15,83790
30614,0.001005,172.31.36.0-255,66,75764,15,83790
30615,0.001013,74.125.24.0-255,7156,82920,15,83790
30616,0.001032,172.31.36.0-255,66,82986,15,83790
30617,0.001075,172.31.36.0-255,66,83052,15,83790
30618,0.00111,172.31.36.0-255,66,83118,15,83790
30619,0.001131,172.31.36.0-255,66,83184,15,83790
30620,0.001174,172.31.36.0-255,66,83250,15,83790
30621,0.001194,172.31.36.0-255,66,83316,15,83790
30622,0.001245,172.31.36.0-255,66,83382,15,83790
30623,0.001274,172.31.36.0-255,66,83448,15,83790
30624,0.001292,172.31.36.0-255,66,83514,15,83790
30625,0.001295,74.125.24.0-255,105,83619,15,83790
30626,0.008795,172.31.36.0-255,66,83685,15,83790
30627,0.008835,172.31.36.0-255,105,83790,15,83790
30628,0.0,172.217.194.0-255,153,153,15,91546
30629,2.9e-05,172.31.36.0-255,66,219,15,91546
30630,3.5e-05,172.217.194.0-255,1484,1703,15,91546
30631,3.9e-05,172.31.36.0-255,66,1769,15,91546
30632,4.4e-05,172.217.194.0-255,2902,4671,15,91546
30633,4.6e-05,172.31.36.0-255,66,4737,15,91546
30634,6.2e-05,172.217.194.0-255,7156,11893,15,91546
30635,6.5e-05,172.31.36.0-255,66,11959,15,91546
30636,7.8e-05,172.31.36.0-255,66,12025,15,91546
30637,0.000136,172.31.36.0-255,66,12091,15,91546
30638,0.000149,172.31.36.0-255,66,12157,15,91546
30639,0.000178,172.31.36.0-255,66,12223,15,91546
30640,0.000216,172.31.36.0-255,66,12289,15,91546
30641,0.00024,172.217.194.0-255,1484,13773,15,91546
30642,0.000243,172.31.36.0-255,66,13839,15,91546
30643,0.000263,172.217.194.0-255,2902,16741,15,91546
30644,0.000265,172.31.36.0-255,66,16807,15,91546
30645,0.00027,172.217.194.0-255,4320,21127,15,91546
30646,0.000273,172.31.36.0-255,66,21193,15,91546
30647,0.000296,172.217.194.0-255,1484,22677,15,91546
30648,0.000299,172.31.36.0-255,66,22743,15,91546
30649,0.000313,172.31.36.0-255,66,22809,15,91546
30650,0.000368,172.31.36.0-255,66,22875,15,91546
30651,0.000385,172.31.36.0-255,66,22941,15,91546
30652,0.000398,172.31.36.0-255,66,23007,15,91546
30653,0.000461,172.31.36.0-255,66,23073,15,91546
30654,0.001038,172.217.194.0-255,1484,24557,15,91546
30655,0.001057,172.217.194.0-255,2902,27459,15,91546
30656,0.001062,172.31.36.0-255,66,27525,15,91546
30657,0.001074,172.217.194.0-255,2902,30427,15,91546
30658,0.001077,172.31.36.0-255,66,30493,15,91546
30659,0.001112,172.217.194.0-255,2902,33395,15,91546
30660,0.001115,172.31.36.0-255,66,33461,15,91546
30661,0.001123,172.217.194.0-255,6797,40258,15,91546
30662,0.001125,172.31.36.0-255,66,40324,15,91546
30663,0.001135,172.31.36.0-255,66,40390,15,91546
30664,0.001167,172.217.194.0-255,5738,46128,15,91546
30665,0.00117,172.31.36.0-255,66,46194,15,91546
30666,0.00118,172.31.36.0-255,66,46260,15,91546
30667,0.001216,172.31.36.0-255,66,46326,15,91546
30668,0.001799,172.217.194.0-255,1484,47810,15,91546
30669,0.001804,172.217.194.0-255,1484,49294,15,91546
30670,0.001808,172.31.36.0-255,66,49360,15,91546
30671,0.001837,172.217.194.0-255,1484,50844,15,91546
30672,0.001843,172.217.194.0-255,5738,56582,15,91546
30673,0.001845,172.31.36.0-255,66,56648,15,91546
30674,0.00185,172.217.194.0-255,2902,59550,15,91546
30675,0.001852,172.31.36.0-255,66,59616,15,91546
30676,0.001894,172.31.36.0-255,66,59682,15,91546
30677,0.001897,172.217.194.0-255,1484,61166,15,91546
30678,0.001928,172.31.36.0-255,66,61232,15,91546
30679,0.002122,172.217.194.0-255,1484,62716,15,91546
30680,0.002127,172.217.194.0-255,2902,65618,15,91546
30681,0.00213,172.31.36.0-255,66,65684,15,91546
30682,0.002135,172.217.194.0-255,2902,68586,15,91546
30683,0.002137,172.31.36.0-255,66,68652,15,91546
30684,0.002158,172.217.194.0-255,2902,71554,15,91546
30685,0.002161,172.31.36.0-255,66,71620,15,91546
30686,0.002176,172.31.36.0-255,66,71686,15,91546
30687,0.002242,172.31.36.0-255,66,71752,15,91546
30688,0.002268,172.217.194.0-255,2184,73936,15,91546
30689,0.00227,172.31.36.0-255,66,74002,15,91546
30690,0.002285,172.31.36.0-255,66,74068,15,91546
30691,0.002294,172.31.36.0-255,66,74134,15,91546
30692,0.004499,172.217.194.0-255,5738,79872,15,91546
30693,0.004506,172.31.36.0-255,66,79938,15,91546
30694,0.006734,172.217.194.0-255,5738,85676,15,91546
30695,0.00674,172.31.36.0-255,66,85742,15,91546
30696,0.008966,172.217.194.0-255,5738,91480,15,91546
30697,0.008973,172.31.36.0-255,66,91546,15,91546
30698,0.0,74.125.24.0-255,153,153,15,106972
30699,3e-05,172.31.36.0-255,66,219,15,106972
30700,3.7e-05,74.125.24.0-255,1484,1703,15,106972
30701,4.3e-05,172.31.36.0-255,66,1769,15,106972
30702,4.9e-05,74.125.24.0-255,2902,4671,15,106972
30703,5.1e-05,172.31.36.0-255,66,4737,15,106972
30704,5.7e-05,74.125.24.0-255,5738,10475,15,106972
30705,6e-05,172.31.36.0-255,66,10541,15,106972
30706,7.6e-05,74.125.24.0-255,1484,12025,15,106972
30707,7.8e-05,172.31.36.0-255,66,12091,15,106972
30708,8.3e-05,74.125.24.0-255,2078,14169,15,106972
30709,8.5e-05,172.31.36.0-255,66,14235,15,106972
30710,0.00017,74.125.24.0-255,1484,15719,15,106972
30711,0.000176,172.31.36.0-255,66,15785,15,106972
30712,0.000182,74.125.24.0-255,1484,17269,15,106972
30713,0.000184,172.31.36.0-255,66,17335,15,106972
30714,0.000197,74.125.24.0-255,1484,18819,15,106972
30715,0.0002,172.31.36.0-255,66,18885,15,106972
30716,0.000206,74.125.24.0-255,4320,23205,15,106972
30717,0.000208,172.31.36.0-255,66,23271,15,106972
30718,0.000224,74.125.24.0-255,1484,24755,15,106972
30719,0.000226,172.31.36.0-255,66,24821,15,106972
30720,0.00023,74.125.24.0-255,1484,26305,15,106972
30721,0.000232,172.31.36.0-255,66,26371,15,106972
30722,0.000257,74.125.24.0-255,5379,31750,15,106972
30723,0.00026,172.31.36.0-255,66,31816,15,106972
30724,0.000267,74.125.24.0-255,7156,38972,15,106972
30725,0.00027,172.31.36.0-255,66,39038,15,106972
30726,0.00029,74.125.24.0-255,2902,41940,15,106972
30727,0.000293,172.31.36.0-255,66,42006,15,106972
30728,0.000314,74.125.24.0-255,6797,48803,15,106972
30729,0.000317,172.31.36.0-255,66,48869,15,106972
30730,0.001256,74.125.24.0-255,1484,50353,15,106972
30731,0.001279,74.125.24.0-255,2902,53255,15,106972
30732,0.001284,172.31.36.0-255,66,53321,15,106972
30733,0.001292,74.125.24.0-255,5738,59059,15,106972
30734,0.001295,74.125.24.0-255,1484,60543,15,106972
30735,0.001303,172.31.36.0-255,66,60609,15,106972
30736,0.001353,74.125.24.0-255,4320,64929,15,106972
30737,0.00136,172.31.36.0-255,66,64995,15,106972
30738,0.001367,74.125.24.0-255,1737,66732,15,106972
30739,0.001376,172.31.36.0-255,66,66798,15,106972
30740,0.001877,74.125.24.0-255,1484,68282,15,106972
30741,0.001888,74.125.24.0-255,2902,71184,15,106972
30742,0.001892,172.31.36.0-255,66,71250,15,106972
30743,0.001912,74.125.24.0-255,2902,74152,15,106972
30744,0.001927,74.125.24.0-255,2902,77054,15,106972
30745,0.001938,172.31.36.0-255,66,77120,15,106972
30746,0.001955,74.125.24.0-255,1484,78604,15,106972
30747,0.001992,172.31.36.0-255,66,78670,15,106972
30748,0.002008,74.125.24.0-255,5738,84408,15,106972
30749,0.002028,74.125.24.0-255,6438,90846,15,106972
30750,0.002049,172.31.36.0-255,66,90912,15,106972
30751,0.004215,74.125.24.0-255,4320,95232,15,106972
30752,0.00422,172.31.36.0-255,66,95298,15,106972
30753,0.004235,74.125.24.0-255,1484,96782,15,106972
30754,0.006381,74.125.24.0-255,4320,101102,15,106972
30755,0.006387,172.31.36.0-255,66,101168,15,106972
30756,0.008479,74.125.24.0-255,5738,106906,15,106972
30757,0.008486,172.31.36.0-255,66,106972,15,106972
30758,0.0,74.125.200.0-255,146,146,15,193580
30759,1.9e-05,172.31.36.0-255,66,212,15,193580
30760,2.6e-05,74.125.200.0-255,1484,1696,15,193580
30761,3.1e-05,172.31.36.0-255,66,1762,15,193580
30762,3.7e-05,74.125.200.0-255,2902,4664,15,193580
30763,4.1e-05,172.31.36.0-255,66,4730,15,193580
30764,4.8e-05,74.125.200.0-255,4320,9050,15,193580
30765,5e-05,172.31.36.0-255,66,9116,15,193580
30766,0.000104,74.125.200.0-255,4926,14042,15,193580
30767,0.000107,172.31.36.0-255,66,14108,15,193580
30768,0.000154,74.125.200.0-255,1484,15592,15,193580
30769,0.000157,172.31.36.0-255,66,15658,15,193580
30770,0.000162,74.125.200.0-255,2902,18560,15,193580
30771,0.000165,172.31.36.0-255,66,18626,15,193580
30772,0.000184,74.125.200.0-255,2902,21528,15,193580
30773,0.000187,172.31.36.0-255,66,21594,15,193580
30774,0.000216,74.125.200.0-255,2902,24496,15,193580
30775,0.000218,172.31.36.0-255,66,24562,15,193580
30776,0.000226,74.125.200.0-255,6797,31359,15,193580
30777,0.000229,172.31.36.0-255,66,31425,15,193580
30778,0.0003,74.125.200.0-255,1484,32909,15,193580
30779,0.000304,172.31.36.0-255,66,32975,15,193580
30780,0.000339,74.125.200.0-255,1484,34459,15,193580
30781,0.000343,172.31.36.0-255,66,34525,15,193580
30782,0.000359,74.125.200.0-255,2902,37427,15,193580
30783,0.000361,172.31.36.0-255,66,37493,15,193580
30784,0.000387,74.125.200.0-255,5738,43231,15,193580
30785,0.000389,172.31.36.0-255,66,43297,15,193580
30786,0.000413,74.125.200.0-255,4320,47617,15,193580
30787,0.000416,172.31.36.0-255,66,47683,15,193580
30788,0.000449,74.125.200.0-255,2543,50226,15,193580
30789,0.000453,172.31.36.0-255,66,50292,15,193580
30790,0.000466,172.31.36.0-255,66,50358,15,193580
30791,0.000491,74.125.200.0-255,4300,54658,15,193580
30792,0.000495,172.31.36.0-255,66,54724,15,193580
30793,0.000514,74.125.200.0-255,346,55070,15,193580
30794,0.000695,74.125.200.0-255,1484,56554,15,193580
30795,0.000701,172.31.36.0-255,66,56620,15,193580
30796,0.000707,74.125.200.0-255,2902,59522,15,193580
30797,0.00071,172.31.36.0-255,66,59588,15,193580
30798,0.000713,74.125.200.0-255,1484,61072,15,193580
30799,0.00073,74.125.200.0-255,4320,65392,15,193580
30800,0.000734,172.31.36.0-255,66,65458,15,193580
30801,0.000737,74.125.200.0-255,1484,66942,15,193580
30802,0.000759,74.125.200.0-255,7156,74098,15,193580
30803,0.000763,172.31.36.0-255,66,74164,15,193580
30804,0.000776,172.31.36.0-255,66,74230,15,193580
30805,0.000803,74.125.200.0-255,5020,79250,15,193580
30806,0.000806,172.31.36.0-255,66,79316,15,193580
30807,0.00107,74.125.200.0-255,1484,80800,15,193580
30808,0.001078,74.125.200.0-255,2902,83702,15,193580
30809,0.001083,172.31.36.0-255,66,83768,15,193580
30810,0.001089,74.125.200.0-255,2902,86670,15,193580
30811,0.001091,172.31.36.0-255,66,86736,15,193580
30812,0.001107,74.125.200.0-255,2902,89638,15,193580
30813,0.001109,172.31.36.0-255,66,89704,15,193580
30814,0.001116,74.125.200.0-255,7156,96860,15,193580
30815,0.001118,172.31.36.0-255,66,96926,15,193580
30816,0.001138,74.125.200.0-255,1484,98410,15,193580
30817,0.001169,172.31.36.0-255,66,98476,15,193580
30818,0.001184,74.125.200.0-255,2902,101378,15,193580
30819,0.001187,172.31.36.0-255,66,101444,15,193580
30820,0.001217,74.125.200.0-255,3602,105046,15,193580
30821,0.001222,172.31.36.0-255,66,105112,15,193580
30822,0.001301,74.125.200.0-255,1484,106596,15,193580
30823,0.001308,74.125.200.0-255,2902,109498,15,193580
30824,0.001312,172.31.36.0-255,66,109564,15,193580
30825,0.00132,74.125.200.0-255,4320,113884,15,193580
30826,0.001322,172.31.36.0-255,66,113950,15,193580
30827,0.001344,74.125.200.0-255,1484,115434,15,193580
30828,0.001352,74.125.200.0-255,5738,121172,15,193580
30829,0.001355,172.31.36.0-255,66,121238,15,193580
30830,0.001382,74.125.200.0-255,7156,128394,15,193580
30831,0.001386,172.31.36.0-255,66,128460,15,193580
30832,0.001407,74.125.200.0-255,4320,132780,15,193580
30833,0.00141,172.31.36.0-255,66,132846,15,193580
30834,0.001426,74.125.200.0-255,1484,134330,15,193580
30835,0.00146,74.125.200.0-255,5020,139350,15,193580
30836,0.001464,172.31.36.0-255,66,139416,15,193580
30837,0.001674,74.125.200.0-255,1484,140900,15,193580
30838,0.00168,74.125.200.0-255,2902,143802,15,193580
30839,0.001683,172.31.36.0-255,66,143868,15,193580
30840,0.001734,74.125.200.0-255,5738,149606,15,193580
30841,0.001737,172.31.36.0-255,66,149672,15,193580
30842,0.001744,74.125.200.0-255,7156,156828,15,193580
30843,0.001746,172.31.36.0-255,66,156894,15,193580
30844,0.001787,172.31.36.0-255,66,156960,15,193580
30845,0.001806,74.125.200.0-255,2184,159144,15,193580
30846,0.001808,172.31.36.0-255,66,159210,15,193580
30847,0.002159,74.125.200.0-255,1484,160694,15,193580
30848,0.002166,74.125.200.0-255,2902,163596,15,193580
30849,0.00217,172.31.36.0-255,66,163662,15,193580
30850,0.00219,74.125.200.0-255,5738,169400,15,193580
30851,0.002192,172.31.36.0-255,66,169466,15,193580
30852,0.002222,172.31.36.0-255,66,169532,15,193580
30853,0.002246,172.31.36.0-255,66,169598,15,193580
30854,0.00226,74.125.200.0-255,1484,171082,15,193580
30855,0.002266,74.125.200.0-255,5020,176102,15,193580
30856,0.002268,172.31.36.0-255,66,176168,15,193580
30857,0.004592,74.125.200.0-255,5738,181906,15,193580
30858,0.004599,172.31.36.0-255,66,181972,15,193580
30859,0.006921,74.125.200.0-255,5738,187710,15,193580
30860,0.006929,172.31.36.0-255,66,187776,15,193580
30861,0.009261,74.125.200.0-255,5738,193514,15,193580
30862,0.009268,172.31.36.0-255,66,193580,15,193580
30863,0.0,74.125.24.0-255,219,219,15,154261
30864,2.3e-05,172.31.36.0-255,66,285,15,154261
30865,3e-05,74.125.24.0-255,1484,1769,15,154261
30866,3.4e-05,172.31.36.0-255,66,1835,15,154261
30867,4.1e-05,74.125.24.0-255,4320,6155,15,154261
30868,4.4e-05,172.31.36.0-255,66,6221,15,154261
30869,5.9e-05,74.125.24.0-255,5738,11959,15,154261
30870,6.2e-05,172.31.36.0-255,66,12025,15,154261
30871,6.6e-05,74.125.24.0-255,1484,13509,15,154261
30872,6.8e-05,172.31.36.0-255,66,13575,15,154261
30873,9.5e-05,74.125.24.0-255,463,14038,15,154261
30874,9.7e-05,172.31.36.0-255,66,14104,15,154261
30875,0.000102,74.125.24.0-255,2902,17006,15,154261
30876,0.000105,172.31.36.0-255,66,17072,15,154261
30877,0.000112,74.125.24.0-255,7156,24228,15,154261
30878,0.000114,172.31.36.0-255,66,24294,15,154261
30879,0.000117,74.125.24.0-255,1484,25778,15,154261
30880,0.00012,172.31.36.0-255,66,25844,15,154261
30881,0.000167,74.125.24.0-255,7156,33000,15,154261
30882,0.000171,172.31.36.0-255,66,33066,15,154261
30883,0.000189,74.125.24.0-255,2543,35609,15,154261
30884,0.000191,172.31.36.0-255,66,35675,15,154261
30885,0.000195,74.125.24.0-255,1484,37159,15,154261
30886,0.000197,172.31.36.0-255,66,37225,15,154261
30887,0.000221,172.31.36.0-255,66,37291,15,154261
30888,0.000226,74.125.24.0-255,2543,39834,15,154261
30889,0.000228,172.31.36.0-255,66,39900,15,154261
30890,0.000859,74.125.24.0-255,1484,41384,15,154261
30891,0.000865,172.31.36.0-255,66,41450,15,154261
30892,0.000871,74.125.24.0-255,2902,44352,15,154261
30893,0.000874,172.31.36.0-255,66,44418,15,154261
30894,0.000886,74.125.24.0-255,5738,50156,15,154261
30895,0.000889,172.31.36.0-255,66,50222,15,154261
30896,0.000915,74.125.24.0-255,4320,54542,15,154261
30897,0.000918,172.31.36.0-255,66,54608,15,154261
30898,0.000943,74.125.24.0-255,2543,57151,15,154261
30899,0.000946,172.31.36.0-255,66,57217,15,154261
30900,0.000984,74.125.24.0-255,1484,58701,15,154261
30901,0.000991,74.125.24.0-255,2902,61603,15,154261
30902,0.000993,172.31.36.0-255,66,61669,15,154261
30903,0.001,74.125.24.0-255,5738,67407,15,154261
30904,0.001002,172.31.36.0-255,66,67473,15,154261
30905,0.001022,74.125.24.0-255,4320,71793,15,154261
30906,0.001025,172.31.36.0-255,66,71859,15,154261
30907,0.001062,172.31.36.0-255,66,71925,15,154261
30908,0.001086,74.125.24.0-255,4320,76245,15,154261
30909,0.001089,172.31.36.0-255,66,76311,15,154261
30910,0.001127,74.125.24.0-255,6797,83108,15,154261
30911,0.00113,172.31.36.0-255,66,83174,15,154261
30912,0.001133,74.125.24.0-255,647,83821,15,154261
30913,0.001215,74.125.24.0-255,1484,85305,15,154261
30914,0.001218,172.31.36.0-255,66,85371,15,154261
30915,0.001234,74.125.24.0-255,2902,88273,15,154261
30916,0.001241,172.31.36.0-255,66,88339,15,154261
30917,0.001248,74.125.24.0-255,5738,94077,15,154261
30918,0.001251,172.31.36.0-255,66,94143,15,154261
30919,0.001263,172.31.36.0-255,66,94209,15,154261
30920,0.001288,74.125.24.0-255,4320,98529,15,154261
30921,0.001291,172.31.36.0-255,66,98595,15,154261
30922,0.001303,172.31.36.0-255,66,98661,15,154261
30923,0.001474,74.125.24.0-255,1484,100145,15,154261
30924,0.00148,74.125.24.0-255,2902,103047,15,154261
30925,0.001483,172.31.36.0-255,66,103113,15,154261
30926,0.001487,74.125.24.0-255,1484,104597,15,154261
30927,0.001514,74.125.24.0-255,4320,108917,15,154261
30928,0.001516,172.31.36.0-255,66,108983,15,154261
30929,0.001525,74.125.24.0-255,7156,116139,15,154261
30930,0.001526,172.31.36.0-255,66,116205,15,154261
30931,0.001567,74.125.24.0-255,5738,121943,15,154261
30932,0.001569,172.31.36.0-255,66,122009,15,154261
30933,0.001582,172.31.36.0-255,66,122075,15,154261
30934,0.001863,74.125.24.0-255,1484,123559,15,154261
30935,0.001879,74.125.24.0-255,2902,126461,15,154261
30936,0.001883,172.31.36.0-255,66,126527,15,154261
30937,0.001889,74.125.24.0-255,5738,132265,15,154261
30938,0.001892,172.31.36.0-255,66,132331,15,154261
30939,0.001919,172.31.36.0-255,66,132397,15,154261
30940,0.001944,74.125.24.0-255,4320,136717,15,154261
30941,0.001946,172.31.36.0-255,66,136783,15,154261
30942,0.001983,172.31.36.0-255,66,136849,15,154261
30943,0.004212,74.125.24.0-255,5738,142587,15,154261
30944,0.00422,172.31.36.0-255,66,142653,15,154261
30945,0.006498,74.125.24.0-255,5738,148391,15,154261
30946,0.006505,172.31.36.0-255,66,148457,15,154261
30947,0.008803,74.125.24.0-255,5738,154195,15,154261
30948,0.00881,172.31.36.0-255,66,154261,15,154261
30949,0.0,172.217.194.0-255,143,143,15,118547
30950,3.9e-05,172.31.36.0-255,66,209,15,118547
30951,4.7e-05,172.217.194.0-255,1484,1693,15,118547
30952,5.1e-05,172.31.36.0-255,66,1759,15,118547
30953,6.5e-05,172.217.194.0-255,2902,4661,15,118547
30954,6.9e-05,172.31.36.0-255,66,4727,15,118547
30955,7.7e-05,172.217.194.0-255,7156,11883,15,118547
30956,8.1e-05,172.31.36.0-255,66,11949,15,118547
30957,8.6e-05,172.217.194.0-255,3420,15369,15,118547
30958,8.8e-05,172.31.36.0-255,66,15435,15,118547
30959,9.3e-05,172.217.194.0-255,4320,19755,15,118547
30960,9.6e-05,172.31.36.0-255,66,19821,15,118547
30961,0.000107,172.31.36.0-255,66,19887,15,118547
30962,0.000109,172.217.194.0-255,1125,21012,15,118547
30963,0.000111,172.31.36.0-255,66,21078,15,118547
30964,0.00016,172.217.194.0-255,1484,22562,15,118547
30965,0.000163,172.31.36.0-255,66,22628,15,118547
30966,0.000169,172.217.194.0-255,4320,26948,15,118547
30967,0.000174,172.31.36.0-255,66,27014,15,118547
30968,0.000185,172.217.194.0-255,4320,31334,15,118547
30969,0.000188,172.31.36.0-255,66,31400,15,118547
30970,0.000201,172.31.36.0-255,66,31466,15,118547
30971,0.000244,172.31.36.0-255,66,31532,15,118547
30972,0.000247,172.217.194.0-255,99,31631,15,118547
30973,0.000249,172.31.36.0-255,66,31697,15,118547
30974,0.000348,172.217.194.0-255,1484,33181,15,118547
30975,0.000352,172.31.36.0-255,66,33247,15,118547
30976,0.000357,172.217.194.0-255,2902,36149,15,118547
30977,0.000359,172.31.36.0-255,66,36215,15,118547
30978,0.000385,172.217.194.0-255,5738,41953,15,118547
30979,0.000389,172.31.36.0-255,66,42019,15,118547
30980,0.000395,172.217.194.0-255,4320,46339,15,118547
30981,0.000398,172.31.36.0-255,66,46405,15,118547
30982,0.000436,172.31.36.0-255,66,46471,15,118547
30983,0.000447,172.31.36.0-255,66,46537,15,118547
30984,0.000491,172.217.194.0-255,1484,48021,15,118547
30985,0.000498,172.217.194.0-255,2902,50923,15,118547
30986,0.000501,172.31.36.0-255,66,50989,15,118547
30987,0.000508,172.217.194.0-255,5738,56727,15,118547
30988,0.000513,172.31.36.0-255,66,56793,15,118547
30989,0.000545,172.31.36.0-255,66,56859,15,118547
30990,0.000597,172.31.36.0-255,66,56925,15,118547
30991,0.000626,172.217.194.0-255,2184,59109,15,118547
30992,0.000629,172.31.36.0-255,66,59175,15,118547
30993,0.000633,172.217.194.0-255,1484,60659,15,118547
30994,0.000637,172.217.194.0-255,2902,63561,15,118547
30995,0.000639,172.31.36.0-255,66,63627,15,118547
30996,0.000674,172.217.194.0-255,5738,69365,15,118547
30997,0.000679,172.31.36.0-255,66,69431,15,118547
30998,0.000691,172.31.36.0-255,66,69497,15,118547
30999,0.000709,172.31.36.0-255,66,69563,15,118547
31000,0.000737,172.217.194.0-255,1484,71047,15,118547
31001,0.000753,172.31.36.0-255,66,71113,15,118547
31002,0.000779,172.217.194.0-255,4320,75433,15,118547
31003,0.000784,172.31.36.0-255,66,75499,15,118547
31004,0.000796,172.31.36.0-255,66,75565,15,118547
31005,0.00083,172.31.36.0-255,66,75631,15,118547
31006,0.000861,172.217.194.0-255,1484,77115,15,118547
31007,0.000866,172.217.194.0-255,2902,80017,15,118547
31008,0.000868,172.31.36.0-255,66,80083,15,118547
31009,0.000897,172.217.194.0-255,1484,81567,15,118547
31010,0.000901,172.217.194.0-255,2902,84469,15,118547
31011,0.000903,172.31.36.0-255,66,84535,15,118547
31012,0.000909,172.217.194.0-255,5738,90273,15,118547
31013,0.000911,172.31.36.0-255,66,90339,15,118547
31014,0.000993,172.31.36.0-255,66,90405,15,118547
31015,0.001014,172.31.36.0-255,66,90471,15,118547
31016,0.001028,172.31.36.0-255,66,90537,15,118547
31017,0.001054,172.217.194.0-255,4320,94857,15,118547
31018,0.001062,172.31.36.0-255,66,94923,15,118547
31019,0.001076,172.31.36.0-255,66,94989,15,118547
31020,0.001121,172.31.36.0-255,66,95055,15,118547
31021,0.001144,172.31.36.0-255,66,95121,15,118547
31022,0.001146,172.217.194.0-255,766,95887,15,118547
31023,0.001179,172.217.194.0-255,2902,98789,15,118547
31024,0.001182,172.31.36.0-255,66,98855,15,118547
31025,0.001221,172.31.36.0-255,66,98921,15,118547
31026,0.001226,172.217.194.0-255,4320,103241,15,118547
31027,0.00123,172.31.36.0-255,66,103307,15,118547
31028,0.00124,172.217.194.0-255,1484,104791,15,118547
31029,0.00128,172.31.36.0-255,66,104857,15,118547
31030,0.001286,172.217.194.0-255,5738,110595,15,118547
31031,0.001288,172.31.36.0-255,66,110661,15,118547
31032,0.001318,172.217.194.0-255,4320,114981,15,118547
31033,0.001322,172.31.36.0-255,66,115047,15,118547
31034,0.001344,172.31.36.0-255,66,115113,15,118547
31035,0.001356,172.31.36.0-255,66,115179,15,118547
31036,0.001393,172.31.36.0-255,66,115245,15,118547
31037,0.00142,172.217.194.0-255,2902,118147,15,118547
31038,0.001422,172.31.36.0-255,66,118213,15,118547
31039,0.001439,172.31.36.0-255,66,118279,15,118547
31040,0.001717,172.217.194.0-255,97,118376,15,118547
31041,0.001803,172.217.194.0-255,105,118481,15,118547
31042,0.00603,172.31.36.0-255,66,118547,15,118547
31043,0.0,74.125.24.0-255,150,150,15,206198
31044,2.3e-05,172.31.36.0-255,66,216,15,206198
31045,2.8e-05,74.125.24.0-255,1484,1700,15,206198
31046,3.1e-05,172.31.36.0-255,66,1766,15,206198
31047,3.7e-05,74.125.24.0-255,2902,4668,15,206198
31048,4.3e-05,172.31.36.0-255,66,4734,15,206198
31049,4.6e-05,74.125.24.0-255,1484,6218,15,206198
31050,4.9e-05,172.31.36.0-255,66,6284,15,206198
31051,7.1e-05,74.125.24.0-255,1484,7768,15,206198
31052,7.3e-05,172.31.36.0-255,66,7834,15,206198
31053,0.000102,74.125.24.0-255,4320,12154,15,206198
31054,0.000104,172.31.36.0-255,66,12220,15,206198
31055,0.00012,74.125.24.0-255,2002,14222,15,206198
31056,0.000123,172.31.36.0-255,66,14288,15,206198
31057,0.000145,74.125.24.0-255,1484,15772,15,206198
31058,0.000147,172.31.36.0-255,66,15838,15,206198
31059,0.000151,74.125.24.0-255,2902,18740,15,206198
31060,0.000153,172.31.36.0-255,66,18806,15,206198
31061,0.000201,74.125.24.0-255,5738,24544,15,206198
31062,0.000204,172.31.36.0-255,66,24610,15,206198
31063,0.000211,74.125.24.0-255,6797,31407,15,206198
31064,0.000214,172.31.36.0-255,66,31473,15,206198
31065,0.000221,74.125.24.0-255,7156,38629,15,206198
31066,0.000223,172.31.36.0-255,66,38695,15,206198
31067,0.000249,74.125.24.0-255,1484,40179,15,206198
31068,0.000252,172.31.36.0-255,66,40245,15,206198
31069,0.000283,172.31.36.0-255,66,40311,15,206198
31070,0.000286,74.125.24.0-255,1484,41795,15,206198
31071,0.000287,172.31.36.0-255,66,41861,15,206198
31072,0.000325,172.31.36.0-255,66,41927,15,206198
31073,0.00033,74.125.24.0-255,4320,46247,15,206198
31074,0.000335,172.31.36.0-255,66,46313,15,206198
31075,0.000361,74.125.24.0-255,3156,49469,15,206198
31076,0.000373,172.31.36.0-255,66,49535,15,206198
31077,0.000577,74.125.24.0-255,1484,51019,15,206198
31078,0.00059,74.125.24.0-255,2902,53921,15,206198
31079,0.000592,172.31.36.0-255,66,53987,15,206198
31080,0.000596,74.125.24.0-255,1484,55471,15,206198
31081,0.000622,74.125.24.0-255,4320,59791,15,206198
31082,0.000628,172.31.36.0-255,66,59857,15,206198
31083,0.000657,172.31.36.0-255,66,59923,15,206198
31084,0.000685,74.125.24.0-255,2543,62466,15,206198
31085,0.000694,172.31.36.0-255,66,62532,15,206198
31086,0.000696,74.125.24.0-255,1125,63657,15,206198
31087,0.000699,172.31.36.0-255,66,63723,15,206198
31088,0.000884,74.125.24.0-255,1484,65207,15,206198
31089,0.00089,74.125.24.0-255,2902,68109,15,206198
31090,0.000893,172.31.36.0-255,66,68175,15,206198
31091,0.000915,74.125.24.0-255,5738,73913,15,206198
31092,0.000928,172.31.36.0-255,66,73979,15,206198
31093,0.000929,74.125.24.0-255,4320,78299,15,206198
31094,0.000933,172.31.36.0-255,66,78365,15,206198
31095,0.000964,172.31.36.0-255,66,78431,15,206198
31096,0.000977,172.31.36.0-255,66,78497,15,206198
31097,0.000995,74.125.24.0-255,1633,80130,15,206198
31098,0.000999,172.31.36.0-255,66,80196,15,206198
31099,0.001021,172.31.36.0-255,66,80262,15,206198
31100,0.001032,74.125.24.0-255,4320,84582,15,206198
31101,0.001043,172.31.36.0-255,66,84648,15,206198
31102,0.001074,74.125.24.0-255,1484,86132,15,206198
31103,0.001078,172.31.36.0-255,66,86198,15,206198
31104,0.001084,74.125.24.0-255,2902,89100,15,206198
31105,0.001094,172.31.36.0-255,66,89166,15,206198
31106,0.001107,74.125.24.0-255,5738,94904,15,206198
31107,0.001115,172.31.36.0-255,66,94970,15,206198
31108,0.001129,74.125.24.0-255,2902,97872,15,206198
31109,0.001142,172.31.36.0-255,66,97938,15,206198
31110,0.001175,74.125.24.0-255,5738,103676,15,206198
31111,0.001178,172.31.36.0-255,66,103742,15,206198
31112,0.001189,74.125.24.0-255,5020,108762,15,206198
31113,0.001194,172.31.36.0-255,66,108828,15,206198
31114,0.001244,74.125.24.0-255,5738,114566,15,206198
31115,0.001253,172.31.36.0-255,66,114632,15,206198
31116,0.001259,172.31.36.0-255,66,114698,15,206198
31117,0.00126,74.125.24.0-255,7156,121854,15,206198
31118,0.001272,172.31.36.0-255,66,121920,15,206198
31119,0.001309,172.31.36.0-255,66,121986,15,206198
31120,0.00132,74.125.24.0-255,7156,129142,15,206198
31121,0.00133,172.31.36.0-255,66,129208,15,206198
31122,0.001334,74.125.24.0-255,1484,130692,15,206198
31123,0.001338,74.125.24.0-255,2902,133594,15,206198
31124,0.001342,172.31.36.0-255,66,133660,15,206198
31125,0.001371,172.31.36.0-255,66,133726,15,206198
31126,0.001425,172.31.36.0-255,66,133792,15,206198
31127,0.001451,74.125.24.0-255,1484,135276,15,206198
31128,0.001455,74.125.24.0-255,2902,138178,15,206198
31129,0.001459,74.125.24.0-255,2902,141080,15,206198
31130,0.001464,172.31.36.0-255,66,141146,15,206198
31131,0.00147,74.125.24.0-255,2902,144048,15,206198
31132,0.001475,172.31.36.0-255,66,144114,15,206198
31133,0.001488,74.125.24.0-255,4320,148434,15,206198
31134,0.001497,172.31.36.0-255,66,148500,15,206198
31135,0.001517,74.125.24.0-255,2902,151402,15,206198
31136,0.001518,172.31.36.0-255,66,151468,15,206198
31137,0.001522,172.31.36.0-255,66,151534,15,206198
31138,0.001569,172.31.36.0-255,66,151600,15,206198
31139,0.001798,74.125.24.0-255,1484,153084,15,206198
31140,0.001802,74.125.24.0-255,1484,154568,15,206198
31141,0.001805,172.31.36.0-255,66,154634,15,206198
31142,0.001834,74.125.24.0-255,1484,156118,15,206198
31143,0.00184,74.125.24.0-255,5738,161856,15,206198
31144,0.001849,172.31.36.0-255,66,161922,15,206198
31145,0.001855,172.31.36.0-255,66,161988,15,206198
31146,0.001874,74.125.24.0-255,2902,164890,15,206198
31147,0.001879,74.125.24.0-255,5738,170628,15,206198
31148,0.001885,172.31.36.0-255,66,170694,15,206198
31149,0.001911,74.125.24.0-255,5020,175714,15,206198
31150,0.001915,172.31.36.0-255,66,175780,15,206198
31151,0.001928,74.125.24.0-255,4320,180100,15,206198
31152,0.001934,172.31.36.0-255,66,180166,15,206198
31153,0.001945,74.125.24.0-255,1484,181650,15,206198
31154,0.001956,74.125.24.0-255,7156,188806,15,206198
31155,0.001969,172.31.36.0-255,66,188872,15,206198
31156,0.001975,74.125.24.0-255,5738,194610,15,206198
31157,0.001979,74.125.24.0-255,4320,198930,15,206198
31158,0.00198,172.31.36.0-255,66,198996,15,206198
31159,0.001986,172.31.36.0-255,66,199062,15,206198
31160,0.002026,172.31.36.0-255,66,199128,15,206198
31161,0.002039,172.31.36.0-255,66,199194,15,206198
31162,0.002079,172.31.36.0-255,66,199260,15,206198
31163,0.00208,74.125.24.0-255,1484,200744,15,206198
31164,0.002089,74.125.24.0-255,5046,205790,15,206198
31165,0.002092,74.125.24.0-255,105,205895,15,206198
31166,0.002093,172.31.36.0-255,66,205961,15,206198
31167,0.003086,172.31.36.0-255,66,206027,15,206198
31168,0.003112,172.31.36.0-255,105,206132,15,206198
31169,0.005154,74.125.24.0-255,66,206198,15,206198
31170,0.0,74.125.68.0-255,153,153,15,107109
31171,2.7e-05,172.31.36.0-255,66,219,15,107109
31172,3.2e-05,74.125.68.0-255,1484,1703,15,107109
31173,3.7e-05,172.31.36.0-255,66,1769,15,107109
31174,4.2e-05,74.125.68.0-255,2902,4671,15,107109
31175,4.4e-05,172.31.36.0-255,66,4737,15,107109
31176,5e-05,74.125.68.0-255,5738,10475,15,107109
31177,5.2e-05,172.31.36.0-255,66,10541,15,107109
31178,6.7e-05,74.125.68.0-255,1484,12025,15,107109
31179,6.9e-05,172.31.36.0-255,66,12091,15,107109
31180,9.2e-05,74.125.68.0-255,2048,14139,15,107109
31181,9.5e-05,172.31.36.0-255,66,14205,15,107109
31182,0.000111,74.125.68.0-255,1484,15689,15,107109
31183,0.000114,172.31.36.0-255,66,15755,15,107109
31184,0.000127,74.125.68.0-255,2902,18657,15,107109
31185,0.000129,172.31.36.0-255,66,18723,15,107109
31186,0.000153,74.125.68.0-255,2902,21625,15,107109
31187,0.000156,172.31.36.0-255,66,21691,15,107109
31188,0.000175,74.125.68.0-255,2902,24593,15,107109
31189,0.000177,172.31.36.0-255,66,24659,15,107109
31190,0.000185,74.125.68.0-255,6797,31456,15,107109
31191,0.000187,172.31.36.0-255,66,31522,15,107109
31192,0.000246,74.125.68.0-255,1484,33006,15,107109
31193,0.000249,172.31.36.0-255,66,33072,15,107109
31194,0.000252,74.125.68.0-255,1484,34556,15,107109
31195,0.000253,172.31.36.0-255,66,34622,15,107109
31196,0.000268,74.125.68.0-255,1484,36106,15,107109
31197,0.000271,172.31.36.0-255,66,36172,15,107109
31198,0.000275,74.125.68.0-255,2902,39074,15,107109
31199,0.000276,172.31.36.0-255,66,39140,15,107109
31200,0.000304,74.125.68.0-255,4320,43460,15,107109
31201,0.000307,172.31.36.0-255,66,43526,15,107109
31202,0.00036,74.125.68.0-255,2902,46428,15,107109
31203,0.000373,172.31.36.0-255,66,46494,15,107109
31204,0.000375,74.125.68.0-255,2543,49037,15,107109
31205,0.00039,172.31.36.0-255,66,49103,15,107109
31206,0.001112,74.125.68.0-255,1484,50587,15,107109
31207,0.00112,74.125.68.0-255,2902,53489,15,107109
31208,0.001124,172.31.36.0-255,66,53555,15,107109
31209,0.001128,74.125.68.0-255,1484,55039,15,107109
31210,0.001145,74.125.68.0-255,2902,57941,15,107109
31211,0.001149,74.125.68.0-255,2902,60843,15,107109
31212,0.001162,74.125.68.0-255,2902,63745,15,107109
31213,0.001181,74.125.68.0-255,2543,66288,15,107109
31214,0.001226,74.125.68.0-255,1484,67772,15,107109
31215,0.001243,74.125.68.0-255,2902,70674,15,107109
31216,0.001261,74.125.68.0-255,1484,72158,15,107109
31217,0.001272,74.125.68.0-255,4320,76478,15,107109
31218,0.001274,74.125.68.0-255,1484,77962,15,107109
31219,0.001288,74.125.68.0-255,1484,79446,15,107109
31220,0.001297,74.125.68.0-255,1484,80930,15,107109
31221,0.001309,74.125.68.0-255,2543,83473,15,107109
31222,0.001311,74.125.68.0-255,647,84120,15,107109
31223,0.001368,74.125.68.0-255,1484,85604,15,107109
31224,0.001396,74.125.68.0-255,1484,87088,15,107109
31225,0.00141,74.125.68.0-255,1484,88572,15,107109
31226,0.001423,74.125.68.0-255,5738,94310,15,107109
31227,0.001443,74.125.68.0-255,2902,97212,15,107109
31228,0.001453,74.125.68.0-255,1484,98696,15,107109
31229,0.001463,74.125.68.0-255,2543,101239,15,107109
31230,0.006109,172.31.36.0-255,66,101305,15,107109
31231,0.008201,74.125.68.0-255,5738,107043,15,107109
31232,0.008208,172.31.36.0-255,66,107109,15,107109
31233,0.0,74.125.24.0-255,226,226,15,40362
31234,2.7e-05,172.31.36.0-255,66,292,15,40362
31235,3.4e-05,74.125.24.0-255,1484,1776,15,40362
31236,3.9e-05,172.31.36.0-255,66,1842,15,40362
31237,7.3e-05,74.125.24.0-255,4320,6162,15,40362
31238,7.5e-05,172.31.36.0-255,66,6228,15,40362
31239,0.000251,172.31.36.0-255,66,6294,15,40362
31240,0.000266,74.125.24.0-255,675,6969,15,40362
31241,0.000269,172.31.36.0-255,66,7035,15,40362
31242,0.000626,74.125.24.0-255,5738,12773,15,40362
31243,0.000632,172.31.36.0-255,66,12839,15,40362
31244,0.000655,74.125.24.0-255,2902,15741,15,40362
31245,0.000659,172.31.36.0-255,66,15807,15,40362
31246,0.000975,74.125.24.0-255,6945,22752,15,40362
31247,0.00098,172.31.36.0-255,66,22818,15,40362
31248,0.003498,74.125.24.0-255,5738,28556,15,40362
31249,0.003505,172.31.36.0-255,66,28622,15,40362
31250,0.006052,74.125.24.0-255,5738,34360,15,40362
31251,0.006064,172.31.36.0-255,66,34426,15,40362
31252,0.00861,74.125.24.0-255,2902,37328,15,40362
31253,0.008626,172.31.36.0-255,66,37394,15,40362
31254,0.008654,74.125.24.0-255,2902,40296,15,40362
31255,0.008658,172.31.36.0-255,66,40362,15,40362
31256,0.0,74.125.24.0-255,219,219,15,190665
31257,3.5e-05,172.31.36.0-255,66,285,15,190665
31258,4.2e-05,74.125.24.0-255,1484,1769,15,190665
31259,4.6e-05,172.31.36.0-255,66,1835,15,190665
31260,6e-05,74.125.24.0-255,4320,6155,15,190665
31261,6.4e-05,172.31.36.0-255,66,6221,15,190665
31262,6.8e-05,74.125.24.0-255,2902,9123,15,190665
31263,7.1e-05,172.31.36.0-255,66,9189,15,190665
31264,8.3e-05,172.31.36.0-255,66,9255,15,190665
31265,0.000115,172.31.36.0-255,66,9321,15,190665
31266,0.00013,74.125.24.0-255,1484,10805,15,190665
31267,0.000133,172.31.36.0-255,66,10871,15,190665
31268,0.000143,74.125.24.0-255,2543,13414,15,190665
31269,0.000146,172.31.36.0-255,66,13480,15,190665
31270,0.000179,74.125.24.0-255,2902,16382,15,190665
31271,0.000181,172.31.36.0-255,66,16448,15,190665
31272,0.000184,74.125.24.0-255,1484,17932,15,190665
31273,0.000187,172.31.36.0-255,66,17998,15,190665
31274,0.000217,74.125.24.0-255,5738,23736,15,190665
31275,0.00022,172.31.36.0-255,66,23802,15,190665
31276,0.000224,74.125.24.0-255,1484,25286,15,190665
31277,0.000226,172.31.36.0-255,66,25352,15,190665
31278,0.000275,172.31.36.0-255,66,25418,15,190665
31279,0.000294,172.31.36.0-255,66,25484,15,190665
31280,0.000297,74.125.24.0-255,131,25615,15,190665
31281,0.000301,172.31.36.0-255,66,25681,15,190665
31282,0.000406,74.125.24.0-255,1484,27165,15,190665
31283,0.000415,172.31.36.0-255,66,27231,15,190665
31284,0.000419,74.125.24.0-255,2902,30133,15,190665
31285,0.000422,172.31.36.0-255,66,30199,15,190665
31286,0.000426,74.125.24.0-255,2902,33101,15,190665
31287,0.000429,172.31.36.0-255,66,33167,15,190665
31288,0.000462,74.125.24.0-255,2902,36069,15,190665
31289,0.000466,172.31.36.0-255,66,36135,15,190665
31290,0.00047,74.125.24.0-255,2902,39037,15,190665
31291,0.000472,172.31.36.0-255,66,39103,15,190665
31292,0.000477,74.125.24.0-255,2902,42005,15,190665
31293,0.000479,172.31.36.0-255,66,42071,15,190665
31294,0.000527,172.31.36.0-255,66,42137,15,190665
31295,0.000543,172.31.36.0-255,66,42203,15,190665
31296,0.001147,74.125.24.0-255,1484,43687,15,190665
31297,0.001159,74.125.24.0-255,2902,46589,15,190665
31298,0.001163,172.31.36.0-255,66,46655,15,190665
31299,0.00117,74.125.24.0-255,4320,50975,15,190665
31300,0.001171,172.31.36.0-255,66,51041,15,190665
31301,0.001197,74.125.24.0-255,1484,52525,15,190665
31302,0.001201,74.125.24.0-255,1484,54009,15,190665
31303,0.001203,172.31.36.0-255,66,54075,15,190665
31304,0.001242,172.31.36.0-255,66,54141,15,190665
31305,0.001253,172.31.36.0-255,66,54207,15,190665
31306,0.001257,74.125.24.0-255,2184,56391,15,190665
31307,0.001259,172.31.36.0-255,66,56457,15,190665
31308,0.001432,74.125.24.0-255,1484,57941,15,190665
31309,0.001439,74.125.24.0-255,2902,60843,15,190665
31310,0.001443,172.31.36.0-255,66,60909,15,190665
31311,0.001448,74.125.24.0-255,2902,63811,15,190665
31312,0.00145,172.31.36.0-255,66,63877,15,190665
31313,0.001474,74.125.24.0-255,2902,66779,15,190665
31314,0.001483,172.31.36.0-255,66,66845,15,190665
31315,0.001505,74.125.24.0-255,7156,74001,15,190665
31316,0.001508,172.31.36.0-255,66,74067,15,190665
31317,0.001514,74.125.24.0-255,4320,78387,15,190665
31318,0.001516,172.31.36.0-255,66,78453,15,190665
31319,0.001562,74.125.24.0-255,2902,81355,15,190665
31320,0.001566,172.31.36.0-255,66,81421,15,190665
31321,0.001607,172.31.36.0-255,66,81487,15,190665
31322,0.001639,74.125.24.0-255,5738,87225,15,190665
31323,0.001643,172.31.36.0-255,66,87291,15,190665
31324,0.001651,74.125.24.0-255,7156,94447,15,190665
31325,0.001653,172.31.36.0-255,66,94513,15,190665
31326,0.001658,74.125.24.0-255,4320,98833,15,190665
31327,0.001665,172.31.36.0-255,66,98899,15,190665
31328,0.0017,74.125.24.0-255,7156,106055,15,190665
31329,0.001704,172.31.36.0-255,66,106121,15,190665
31330,0.001708,74.125.24.0-255,2902,109023,15,190665
31331,0.00171,172.31.36.0-255,66,109089,15,190665
31332,0.001737,74.125.24.0-255,6438,115527,15,190665
31333,0.001746,172.31.36.0-255,66,115593,15,190665
31334,0.001773,74.125.24.0-255,1484,117077,15,190665
31335,0.001778,74.125.24.0-255,2902,119979,15,190665
31336,0.001781,172.31.36.0-255,66,120045,15,190665
31337,0.001828,74.125.24.0-255,4320,124365,15,190665
31338,0.001833,172.31.36.0-255,66,124431,15,190665
31339,0.001863,74.125.24.0-255,1484,125915,15,190665
31340,0.00188,172.31.36.0-255,66,125981,15,190665
31341,0.001887,74.125.24.0-255,7156,133137,15,190665
31342,0.001889,172.31.36.0-255,66,133203,15,190665
31343,0.0019,74.125.24.0-255,3602,136805,15,190665
31344,0.001903,172.31.36.0-255,66,136871,15,190665
31345,0.002042,74.125.24.0-255,1484,138355,15,190665
31346,0.002049,74.125.24.0-255,2902,141257,15,190665
31347,0.002053,172.31.36.0-255,66,141323,15,190665
31348,0.00206,74.125.24.0-255,4320,145643,15,190665
31349,0.002063,172.31.36.0-255,66,145709,15,190665
31350,0.002097,74.125.24.0-255,1484,147193,15,190665
31351,0.002109,74.125.24.0-255,7156,154349,15,190665
31352,0.002113,172.31.36.0-255,66,154415,15,190665
31353,0.002123,172.31.36.0-255,66,154481,15,190665
31354,0.002159,74.125.24.0-255,5738,160219,15,190665
31355,0.002164,74.125.24.0-255,2184,162403,15,190665
31356,0.002176,172.31.36.0-255,66,162469,15,190665
31357,0.002208,74.125.24.0-255,1484,163953,15,190665
31358,0.002213,74.125.24.0-255,2902,166855,15,190665
31359,0.002216,172.31.36.0-255,66,166921,15,190665
31360,0.002221,74.125.24.0-255,2902,169823,15,190665
31361,0.002224,172.31.36.0-255,66,169889,15,190665
31362,0.002249,74.125.24.0-255,2902,172791,15,190665
31363,0.002257,172.31.36.0-255,66,172857,15,190665
31364,0.004437,74.125.24.0-255,2902,175759,15,190665
31365,0.004442,172.31.36.0-255,66,175825,15,190665
31366,0.004475,74.125.24.0-255,2902,178727,15,190665
31367,0.004478,172.31.36.0-255,66,178793,15,190665
31368,0.006649,74.125.24.0-255,2902,181695,15,190665
31369,0.006654,172.31.36.0-255,66,181761,15,190665
31370,0.006684,74.125.24.0-255,2902,184663,15,190665
31371,0.006687,172.31.36.0-255,66,184729,15,190665
31372,0.008854,74.125.24.0-255,2902,187631,15,190665
31373,0.00886,172.31.36.0-255,66,187697,15,190665
31374,0.008899,74.125.24.0-255,2902,190599,15,190665
31375,0.008902,172.31.36.0-255,66,190665,15,190665
31376,0.0,172.217.194.0-255,218,218,15,177898
31377,2.9e-05,172.31.36.0-255,66,284,15,177898
31378,3.6e-05,172.217.194.0-255,1484,1768,15,177898
31379,4e-05,172.31.36.0-255,66,1834,15,177898
31380,4.5e-05,172.217.194.0-255,4320,6154,15,177898
31381,5.7e-05,172.31.36.0-255,66,6220,15,177898
31382,6.1e-05,172.217.194.0-255,2902,9122,15,177898
31383,6.4e-05,172.31.36.0-255,66,9188,15,177898
31384,0.000106,172.217.194.0-255,4705,13893,15,177898
31385,0.00011,172.31.36.0-255,66,13959,15,177898
31386,0.000216,172.217.194.0-255,1484,15443,15,177898
31387,0.000221,172.31.36.0-255,66,15509,15,177898
31388,0.000243,172.217.194.0-255,2902,18411,15,177898
31389,0.000246,172.31.36.0-255,66,18477,15,177898
31390,0.000253,172.217.194.0-255,5738,24215,15,177898
31391,0.000255,172.31.36.0-255,66,24281,15,177898
31392,0.000288,172.217.194.0-255,6797,31078,15,177898
31393,0.000291,172.31.36.0-255,66,31144,15,177898
31394,0.00034,172.217.194.0-255,1484,32628,15,177898
31395,0.000343,172.31.36.0-255,66,32694,15,177898
31396,0.000349,172.217.194.0-255,2902,35596,15,177898
31397,0.000351,172.31.36.0-255,66,35662,15,177898
31398,0.000362,172.217.194.0-255,2902,38564,15,177898
31399,0.000366,172.31.36.0-255,66,38630,15,177898
31400,0.000402,172.217.194.0-255,2902,41532,15,177898
31401,0.000406,172.31.36.0-255,66,41598,15,177898
31402,0.000413,172.217.194.0-255,6797,48395,15,177898
31403,0.000418,172.31.36.0-255,66,48461,15,177898
31404,0.00121,172.217.194.0-255,1484,49945,15,177898
31405,0.001217,172.31.36.0-255,66,50011,15,177898
31406,0.001248,172.217.194.0-255,2902,52913,15,177898
31407,0.001252,172.31.36.0-255,66,52979,15,177898
31408,0.001259,172.217.194.0-255,5738,58717,15,177898
31409,0.001261,172.31.36.0-255,66,58783,15,177898
31410,0.001269,172.217.194.0-255,6797,65580,15,177898
31411,0.001271,172.31.36.0-255,66,65646,15,177898
31412,0.001315,172.31.36.0-255,66,65712,15,177898
31413,0.001346,172.217.194.0-255,1484,67196,15,177898
31414,0.001366,172.31.36.0-255,66,67262,15,177898
31415,0.001371,172.217.194.0-255,3602,70864,15,177898
31416,0.001374,172.31.36.0-255,66,70930,15,177898
31417,0.001419,172.217.194.0-255,7156,78086,15,177898
31418,0.001424,172.31.36.0-255,66,78152,15,177898
31419,0.001463,172.31.36.0-255,66,78218,15,177898
31420,0.001466,172.217.194.0-255,195,78413,15,177898
31421,0.001491,172.217.194.0-255,1484,79897,15,177898
31422,0.001494,172.31.36.0-255,66,79963,15,177898
31423,0.001499,172.217.194.0-255,2902,82865,15,177898
31424,0.001502,172.31.36.0-255,66,82931,15,177898
31425,0.00151,172.217.194.0-255,5738,88669,15,177898
31426,0.001513,172.31.36.0-255,66,88735,15,177898
31427,0.001589,172.31.36.0-255,66,88801,15,177898
31428,0.001597,172.217.194.0-255,7156,95957,15,177898
31429,0.001599,172.31.36.0-255,66,96023,15,177898
31430,0.001603,172.217.194.0-255,3602,99625,15,177898
31431,0.001605,172.31.36.0-255,66,99691,15,177898
31432,0.00165,172.217.194.0-255,4320,104011,15,177898
31433,0.001653,172.31.36.0-255,66,104077,15,177898
31434,0.001659,172.217.194.0-255,5738,109815,15,177898
31435,0.001661,172.31.36.0-255,66,109881,15,177898
31436,0.001666,172.217.194.0-255,4320,114201,15,177898
31437,0.001668,172.31.36.0-255,66,114267,15,177898
31438,0.001699,172.217.194.0-255,7156,121423,15,177898
31439,0.001702,172.31.36.0-255,66,121489,15,177898
31440,0.001705,172.217.194.0-255,1484,122973,15,177898
31441,0.001747,172.31.36.0-255,66,123039,15,177898
31442,0.00177,172.217.194.0-255,1484,124523,15,177898
31443,0.001775,172.217.194.0-255,2902,127425,15,177898
31444,0.001777,172.31.36.0-255,66,127491,15,177898
31445,0.001784,172.217.194.0-255,5738,133229,15,177898
31446,0.001786,172.31.36.0-255,66,133295,15,177898
31447,0.001818,172.217.194.0-255,5738,139033,15,177898
31448,0.001821,172.31.36.0-255,66,139099,15,177898
31449,0.001825,172.217.194.0-255,2902,142001,15,177898
31450,0.001827,172.31.36.0-255,66,142067,15,177898
31451,0.001873,172.31.36.0-255,66,142133,15,177898
31452,0.001879,172.217.194.0-255,5020,147153,15,177898
31453,0.001881,172.31.36.0-255,66,147219,15,177898
31454,0.001924,172.217.194.0-255,1484,148703,15,177898
31455,0.001927,172.217.194.0-255,1484,150187,15,177898
31456,0.001929,172.31.36.0-255,66,150253,15,177898
31457,0.001945,172.217.194.0-255,1484,151737,15,177898
31458,0.001949,172.217.194.0-255,2902,154639,15,177898
31459,0.001952,172.31.36.0-255,66,154705,15,177898
31460,0.001982,172.217.194.0-255,2902,157607,15,177898
31461,0.001985,172.31.36.0-255,66,157673,15,177898
31462,0.002001,172.31.36.0-255,66,157739,15,177898
31463,0.002012,172.31.36.0-255,66,157805,15,177898
31464,0.002041,172.217.194.0-255,2184,159989,15,177898
31465,0.002043,172.31.36.0-255,66,160055,15,177898
31466,0.002077,172.31.36.0-255,66,160121,15,177898
31467,0.00209,172.31.36.0-255,66,160187,15,177898
31468,0.00213,172.31.36.0-255,66,160253,15,177898
31469,0.00264,172.31.36.0-255,101,160354,15,177898
31470,0.004224,172.217.194.0-255,5738,166092,15,177898
31471,0.004229,172.31.36.0-255,66,166158,15,177898
31472,0.004704,172.217.194.0-255,66,166224,15,177898
31473,0.006302,172.217.194.0-255,1484,167708,15,177898
31474,0.00632,172.217.194.0-255,4320,172028,15,177898
31475,0.006323,172.31.36.0-255,66,172094,15,177898
31476,0.008377,172.217.194.0-255,5738,177832,15,177898
31477,0.008385,172.31.36.0-255,66,177898,15,177898
31478,0.0,74.125.130.0-255,153,153,15,186610
31479,3e-05,172.31.36.0-255,66,219,15,186610
31480,3.7e-05,74.125.130.0-255,1484,1703,15,186610
31481,4e-05,172.31.36.0-255,66,1769,15,186610
31482,4.5e-05,74.125.130.0-255,2902,4671,15,186610
31483,4.7e-05,172.31.36.0-255,66,4737,15,186610
31484,5.1e-05,74.125.130.0-255,2902,7639,15,186610
31485,5.4e-05,172.31.36.0-255,66,7705,15,186610
31486,5.9e-05,74.125.130.0-255,4320,12025,15,186610
31487,6.1e-05,172.31.36.0-255,66,12091,15,186610
31488,8.4e-05,74.125.130.0-255,1995,14086,15,186610
31489,8.7e-05,172.31.36.0-255,66,14152,15,186610
31490,0.000202,74.125.130.0-255,1484,15636,15,186610
31491,0.000205,172.31.36.0-255,66,15702,15,186610
31492,0.00021,74.125.130.0-255,2902,18604,15,186610
31493,0.000212,172.31.36.0-255,66,18670,15,186610
31494,0.000225,74.125.130.0-255,1484,20154,15,186610
31495,0.000226,172.31.36.0-255,66,20220,15,186610
31496,0.000245,74.125.130.0-255,4320,24540,15,186610
31497,0.000248,172.31.36.0-255,66,24606,15,186610
31498,0.000253,74.125.130.0-255,4320,28926,15,186610
31499,0.000255,172.31.36.0-255,66,28992,15,186610
31500,0.00026,74.125.130.0-255,4320,33312,15,186610
31501,0.000264,172.31.36.0-255,66,33378,15,186610
31502,0.000271,74.125.130.0-255,1125,34503,15,186610
31503,0.000273,172.31.36.0-255,66,34569,15,186610
31504,0.000284,172.31.36.0-255,66,34635,15,186610
31505,0.000296,74.125.130.0-255,1484,36119,15,186610
31506,0.000298,172.31.36.0-255,66,36185,15,186610
31507,0.000303,74.125.130.0-255,2902,39087,15,186610
31508,0.000305,172.31.36.0-255,66,39153,15,186610
31509,0.00034,172.31.36.0-255,66,39219,15,186610
31510,0.000345,74.125.130.0-255,7156,46375,15,186610
31511,0.000347,74.125.130.0-255,766,47141,15,186610
31512,0.000356,172.31.36.0-255,66,47207,15,186610
31513,0.000473,74.125.130.0-255,375,47582,15,186610
31514,0.000513,74.125.130.0-255,368,47950,15,186610
31515,0.000696,172.31.36.0-255,66,48016,15,186610
31516,0.000778,74.125.130.0-255,1484,49500,15,186610
31517,0.000798,74.125.130.0-255,2902,52402,15,186610
31518,0.00082,74.125.130.0-255,4320,56722,15,186610
31519,0.000842,74.125.130.0-255,1484,58206,15,186610
31520,0.000857,74.125.130.0-255,5738,63944,15,186610
31521,0.000862,172.31.36.0-255,66,64010,15,186610
31522,0.000894,74.125.130.0-255,2902,66912,15,186610
31523,0.000907,74.125.130.0-255,2184,69096,15,186610
31524,0.000923,172.31.36.0-255,66,69162,15,186610
31525,0.001484,74.125.130.0-255,1484,70646,15,186610
31526,0.001492,74.125.130.0-255,2902,73548,15,186610
31527,0.001495,172.31.36.0-255,66,73614,15,186610
31528,0.001502,74.125.130.0-255,4320,77934,15,186610
31529,0.001504,74.125.130.0-255,1484,79418,15,186610
31530,0.001519,74.125.130.0-255,4320,83738,15,186610
31531,0.001535,74.125.130.0-255,2902,86640,15,186610
31532,0.001551,74.125.130.0-255,1484,88124,15,186610
31533,0.001555,172.31.36.0-255,66,88190,15,186610
31534,0.001565,74.125.130.0-255,6438,94628,15,186610
31535,0.001569,172.31.36.0-255,66,94694,15,186610
31536,0.001617,74.125.130.0-255,1484,96178,15,186610
31537,0.00162,74.125.130.0-255,1484,97662,15,186610
31538,0.001631,74.125.130.0-255,1484,99146,15,186610
31539,0.001634,74.125.130.0-255,1484,100630,15,186610
31540,0.001645,74.125.130.0-255,4320,104950,15,186610
31541,0.001649,74.125.130.0-255,2902,107852,15,186610
31542,0.001655,172.31.36.0-255,66,107918,15,186610
31543,0.001663,74.125.130.0-255,1484,109402,15,186610
31544,0.001675,74.125.130.0-255,5738,115140,15,186610
31545,0.001685,172.31.36.0-255,66,115206,15,186610
31546,0.001695,74.125.130.0-255,5738,120944,15,186610
31547,0.001699,172.31.36.0-255,66,121010,15,186610
31548,0.001731,172.31.36.0-255,66,121076,15,186610
31549,0.00175,74.125.130.0-255,1484,122560,15,186610
31550,0.001771,74.125.130.0-255,2902,125462,15,186610
31551,0.001776,74.125.130.0-255,4320,129782,15,186610
31552,0.001783,172.31.36.0-255,66,129848,15,186610
31553,0.001793,74.125.130.0-255,1484,131332,15,186610
31554,0.001805,74.125.130.0-255,2902,134234,15,186610
31555,0.00181,172.31.36.0-255,66,134300,15,186610
31556,0.001825,172.31.36.0-255,66,134366,15,186610
31557,0.001832,74.125.130.0-255,1484,135850,15,186610
31558,0.001857,172.31.36.0-255,66,135916,15,186610
31559,0.001958,74.125.130.0-255,1484,137400,15,186610
31560,0.001973,74.125.130.0-255,2902,140302,15,186610
31561,0.001975,74.125.130.0-255,1484,141786,15,186610
31562,0.001985,172.31.36.0-255,66,141852,15,186610
31563,0.001994,74.125.130.0-255,4320,146172,15,186610
31564,0.001998,172.31.36.0-255,66,146238,15,186610
31565,0.00201,74.125.130.0-255,4320,150558,15,186610
31566,0.00202,172.31.36.0-255,66,150624,15,186610
31567,0.00205,74.125.130.0-255,1484,152108,15,186610
31568,0.002077,172.31.36.0-255,66,152174,15,186610
31569,0.002437,74.125.130.0-255,1484,153658,15,186610
31570,0.002442,74.125.130.0-255,2902,156560,15,186610
31571,0.002445,172.31.36.0-255,66,156626,15,186610
31572,0.00245,74.125.130.0-255,2902,159528,15,186610
31573,0.002459,172.31.36.0-255,66,159594,15,186610
31574,0.002468,74.125.130.0-255,2902,162496,15,186610
31575,0.002471,74.125.130.0-255,2902,165398,15,186610
31576,0.002476,172.31.36.0-255,66,165464,15,186610
31577,0.002505,74.125.130.0-255,4320,169784,15,186610
31578,0.002563,74.125.130.0-255,4320,174104,15,186610
31579,0.002566,74.125.130.0-255,2184,176288,15,186610
31580,0.002901,172.31.36.0-255,66,176354,15,186610
31581,0.00546,74.125.130.0-255,4320,180674,15,186610
31582,0.005465,172.31.36.0-255,66,180740,15,186610
31583,0.005484,74.125.130.0-255,1484,182224,15,186610
31584,0.008024,74.125.130.0-255,4320,186544,15,186610
31585,0.008031,172.31.36.0-255,66,186610,15,186610
31586,0.0,74.125.24.0-255,147,147,15,230565
31587,2.1e-05,172.31.36.0-255,66,213,15,230565
31588,2.8e-05,74.125.24.0-255,1484,1697,15,230565
31589,3.2e-05,172.31.36.0-255,66,1763,15,230565
31590,3.8e-05,74.125.24.0-255,2902,4665,15,230565
31591,4.8e-05,172.31.36.0-255,66,4731,15,230565
31592,5.4e-05,74.125.24.0-255,4320,9051,15,230565
31593,5.7e-05,172.31.36.0-255,66,9117,15,230565
31594,9.7e-05,74.125.24.0-255,4828,13945,15,230565
31595,0.0001,172.31.36.0-255,66,14011,15,230565
31596,0.000263,74.125.24.0-255,1484,15495,15,230565
31597,0.000269,172.31.36.0-255,66,15561,15,230565
31598,0.000275,74.125.24.0-255,2902,18463,15,230565
31599,0.000278,172.31.36.0-255,66,18529,15,230565
31600,0.00029,74.125.24.0-255,5738,24267,15,230565
31601,0.000293,172.31.36.0-255,66,24333,15,230565
31602,0.000321,74.125.24.0-255,6797,31130,15,230565
31603,0.000324,172.31.36.0-255,66,31196,15,230565
31604,0.000471,74.125.24.0-255,1484,32680,15,230565
31605,0.000476,172.31.36.0-255,66,32746,15,230565
31606,0.000482,74.125.24.0-255,2902,35648,15,230565
31607,0.000485,172.31.36.0-255,66,35714,15,230565
31608,0.000495,74.125.24.0-255,2902,38616,15,230565
31609,0.000498,172.31.36.0-255,66,38682,15,230565
31610,0.000529,74.125.24.0-255,2902,41584,15,230565
31611,0.000532,172.31.36.0-255,66,41650,15,230565
31612,0.000539,74.125.24.0-255,4320,45970,15,230565
31613,0.000542,172.31.36.0-255,66,46036,15,230565
31614,0.000557,172.31.36.0-255,66,46102,15,230565
31615,0.000564,74.125.24.0-255,6797,52899,15,230565
31616,0.000568,172.31.36.0-255,66,52965,15,230565
31617,0.00059,74.125.24.0-255,400,53365,15,230565
31618,0.001146,172.31.36.0-255,66,53431,15,230565
31619,0.001278,74.125.24.0-255,344,53775,15,230565
31620,0.001737,74.125.24.0-255,1484,55259,15,230565
31621,0.001744,172.31.36.0-255,66,55325,15,230565
31622,0.001752,74.125.24.0-255,2902,58227,15,230565
31623,0.001754,172.31.36.0-255,66,58293,15,230565
31624,0.001766,74.125.24.0-255,5738,64031,15,230565
31625,0.001768,172.31.36.0-255,66,64097,15,230565
31626,0.001798,172.31.36.0-255,66,64163,15,230565
31627,0.001824,74.125.24.0-255,1484,65647,15,230565
31628,0.001837,172.31.36.0-255,66,65713,15,230565
31629,0.002408,74.125.24.0-255,1484,67197,15,230565
31630,0.002417,74.125.24.0-255,2902,70099,15,230565
31631,0.002421,172.31.36.0-255,66,70165,15,230565
31632,0.002426,74.125.24.0-255,2902,73067,15,230565
31633,0.002429,172.31.36.0-255,66,73133,15,230565
31634,0.002449,74.125.24.0-255,2902,76035,15,230565
31635,0.002455,172.31.36.0-255,66,76101,15,230565
31636,0.002462,74.125.24.0-255,5738,81839,15,230565
31637,0.002465,172.31.36.0-255,66,81905,15,230565
31638,0.002493,74.125.24.0-255,7156,89061,15,230565
31639,0.002495,172.31.36.0-255,66,89127,15,230565
31640,0.002508,172.31.36.0-255,66,89193,15,230565
31641,0.002534,74.125.24.0-255,7156,96349,15,230565
31642,0.002538,172.31.36.0-255,66,96415,15,230565
31643,0.00256,74.125.24.0-255,4320,100735,15,230565
31644,0.002563,172.31.36.0-255,66,100801,15,230565
31645,0.002577,172.31.36.0-255,66,100867,15,230565
31646,0.002616,172.31.36.0-255,66,100933,15,230565
31647,0.002619,74.125.24.0-255,1484,102417,15,230565
31648,0.002627,74.125.24.0-255,5738,108155,15,230565
31649,0.002629,172.31.36.0-255,66,108221,15,230565
31650,0.002671,172.31.36.0-255,66,108287,15,230565
31651,0.002682,172.31.36.0-255,66,108353,15,230565
31652,0.002708,74.125.24.0-255,1484,109837,15,230565
31653,0.002713,74.125.24.0-255,2902,112739,15,230565
31654,0.002715,172.31.36.0-255,66,112805,15,230565
31655,0.00274,74.125.24.0-255,5738,118543,15,230565
31656,0.002743,172.31.36.0-255,66,118609,15,230565
31657,0.002784,172.31.36.0-255,66,118675,15,230565
31658,0.00279,74.125.24.0-255,5738,124413,15,230565
31659,0.002792,172.31.36.0-255,66,124479,15,230565
31660,0.0028,74.125.24.0-255,1484,125963,15,230565
31661,0.002803,74.125.24.0-255,1484,127447,15,230565
31662,0.002805,172.31.36.0-255,66,127513,15,230565
31663,0.002828,74.125.24.0-255,2184,129697,15,230565
31664,0.002831,172.31.36.0-255,66,129763,15,230565
31665,0.002895,74.125.24.0-255,2902,132665,15,230565
31666,0.002898,172.31.36.0-255,66,132731,15,230565
31667,0.002925,74.125.24.0-255,4320,137051,15,230565
31668,0.002928,172.31.36.0-255,66,137117,15,230565
31669,0.002936,74.125.24.0-255,7156,144273,15,230565
31670,0.002938,172.31.36.0-255,66,144339,15,230565
31671,0.002963,74.125.24.0-255,1484,145823,15,230565
31672,0.002974,74.125.24.0-255,4320,150143,15,230565
31673,0.002977,172.31.36.0-255,66,150209,15,230565
31674,0.003012,172.31.36.0-255,66,150275,15,230565
31675,0.003034,74.125.24.0-255,2184,152459,15,230565
31676,0.003037,172.31.36.0-255,66,152525,15,230565
31677,0.003041,74.125.24.0-255,2902,155427,15,230565
31678,0.003044,172.31.36.0-255,66,155493,15,230565
31679,0.003108,74.125.24.0-255,4320,159813,15,230565
31680,0.003111,172.31.36.0-255,66,159879,15,230565
31681,0.003121,172.31.36.0-255,66,159945,15,230565
31682,0.003135,172.31.36.0-255,66,160011,15,230565
31683,0.003141,74.125.24.0-255,5738,165749,15,230565
31684,0.003144,172.31.36.0-255,66,165815,15,230565
31685,0.003198,74.125.24.0-255,2902,168717,15,230565
31686,0.003215,74.125.24.0-255,4320,173037,15,230565
31687,0.003281,74.125.24.0-255,1484,174521,15,230565
31688,0.003294,74.125.24.0-255,2902,177423,15,230565
31689,0.003323,74.125.24.0-255,2902,180325,15,230565
31690,0.003336,74.125.24.0-255,2902,183227,15,230565
31691,0.003368,74.125.24.0-255,4320,187547,15,230565
31692,0.003385,74.125.24.0-255,4320,191867,15,230565
31693,0.003419,74.125.24.0-255,1484,193351,15,230565
31694,0.003423,74.125.24.0-255,1484,194835,15,230565
31695,0.003437,74.125.24.0-255,5738,200573,15,230565
31696,0.003458,74.125.24.0-255,6438,207011,15,230565
31697,0.00349,74.125.24.0-255,1484,208495,15,230565
31698,0.003507,74.125.24.0-255,2902,211397,15,230565
31699,0.00351,74.125.24.0-255,1484,212881,15,230565
31700,0.003526,74.125.24.0-255,5738,218619,15,230565
31701,0.003547,74.125.24.0-255,2902,221521,15,230565
31702,0.003551,74.125.24.0-255,2902,224423,15,230565
31703,0.003578,74.125.24.0-255,4320,228743,15,230565
31704,0.003595,74.125.24.0-255,1480,230223,15,230565
31705,0.003641,74.125.24.0-255,105,230328,15,230565
31706,0.0039,172.31.36.0-255,66,230394,15,230565
31707,0.006407,172.31.36.0-255,105,230499,15,230565
31708,0.008683,74.125.24.0-255,66,230565,15,230565
31709,0.0,172.217.194.0-255,153,153,15,164153
31710,2.8e-05,172.31.36.0-255,66,219,15,164153
31711,3.6e-05,172.217.194.0-255,1484,1703,15,164153
31712,4.1e-05,172.31.36.0-255,66,1769,15,164153
31713,4.6e-05,172.217.194.0-255,2902,4671,15,164153
31714,5.7e-05,172.31.36.0-255,66,4737,15,164153
31715,6.4e-05,172.217.194.0-255,7156,11893,15,164153
31716,6.7e-05,172.31.36.0-255,66,11959,15,164153
31717,7.1e-05,172.217.194.0-255,2001,13960,15,164153
31718,7.4e-05,172.31.36.0-255,66,14026,15,164153
31719,8.9e-05,172.31.36.0-255,66,14092,15,164153
31720,0.000115,172.217.194.0-255,5379,19471,15,164153
31721,0.000118,172.31.36.0-255,66,19537,15,164153
31722,0.000227,172.217.194.0-255,1484,21021,15,164153
31723,0.000231,172.31.36.0-255,66,21087,15,164153
31724,0.000236,172.217.194.0-255,2902,23989,15,164153
31725,0.000238,172.31.36.0-255,66,24055,15,164153
31726,0.000259,172.217.194.0-255,4320,28375,15,164153
31727,0.000261,172.31.36.0-255,66,28441,15,164153
31728,0.000303,172.31.36.0-255,66,28507,15,164153
31729,0.000308,172.217.194.0-255,4320,32827,15,164153
31730,0.000311,172.31.36.0-255,66,32893,15,164153
31731,0.000337,172.217.194.0-255,7156,40049,15,164153
31732,0.000341,172.31.36.0-255,66,40115,15,164153
31733,0.000344,172.217.194.0-255,1484,41599,15,164153
31734,0.000346,172.31.36.0-255,66,41665,15,164153
31735,0.000392,172.217.194.0-255,3134,44799,15,164153
31736,0.000396,172.31.36.0-255,66,44865,15,164153
31737,0.000403,172.217.194.0-255,5738,50603,15,164153
31738,0.000405,172.31.36.0-255,66,50669,15,164153
31739,0.000446,172.217.194.0-255,7156,57825,15,164153
31740,0.00045,172.31.36.0-255,66,57891,15,164153
31741,0.000455,172.217.194.0-255,3410,61301,15,164153
31742,0.000458,172.31.36.0-255,66,61367,15,164153
31743,0.000898,172.217.194.0-255,1484,62851,15,164153
31744,0.000902,172.217.194.0-255,1484,64335,15,164153
31745,0.000906,172.31.36.0-255,66,64401,15,164153
31746,0.000919,172.217.194.0-255,1484,65885,15,164153
31747,0.000929,172.217.194.0-255,5738,71623,15,164153
31748,0.000933,172.31.36.0-255,66,71689,15,164153
31749,0.000967,172.31.36.0-255,66,71755,15,164153
31750,0.000992,172.217.194.0-255,4320,76075,15,164153
31751,0.000995,172.31.36.0-255,66,76141,15,164153
31752,0.001027,172.31.36.0-255,66,76207,15,164153
31753,0.001115,172.217.194.0-255,1484,77691,15,164153
31754,0.00112,172.217.194.0-255,2902,80593,15,164153
31755,0.001123,172.31.36.0-255,66,80659,15,164153
31756,0.001127,172.217.194.0-255,1484,82143,15,164153
31757,0.00115,172.217.194.0-255,4320,86463,15,164153
31758,0.001153,172.31.36.0-255,66,86529,15,164153
31759,0.001196,172.31.36.0-255,66,86595,15,164153
31760,0.001213,172.31.36.0-255,66,86661,15,164153
31761,0.001237,172.217.194.0-255,1484,88145,15,164153
31762,0.001242,172.217.194.0-255,2902,91047,15,164153
31763,0.001245,172.31.36.0-255,66,91113,15,164153
31764,0.001252,172.217.194.0-255,5738,96851,15,164153
31765,0.001255,172.31.36.0-255,66,96917,15,164153
31766,0.001289,172.31.36.0-255,66,96983,15,164153
31767,0.001314,172.217.194.0-255,1484,98467,15,164153
31768,0.001327,172.31.36.0-255,66,98533,15,164153
31769,0.001364,172.217.194.0-255,1484,100017,15,164153
31770,0.001369,172.217.194.0-255,2902,102919,15,164153
31771,0.001373,172.31.36.0-255,66,102985,15,164153
31772,0.001398,172.217.194.0-255,5738,108723,15,164153
31773,0.001401,172.31.36.0-255,66,108789,15,164153
31774,0.001411,172.31.36.0-255,66,108855,15,164153
31775,0.001427,172.217.194.0-255,1484,110339,15,164153
31776,0.00143,172.217.194.0-255,1484,111823,15,164153
31777,0.001437,172.31.36.0-255,66,111889,15,164153
31778,0.001477,172.31.36.0-255,66,111955,15,164153
31779,0.001505,172.217.194.0-255,1484,113439,15,164153
31780,0.001524,172.217.194.0-255,2902,116341,15,164153
31781,0.001527,172.31.36.0-255,66,116407,15,164153
31782,0.001534,172.217.194.0-255,5738,122145,15,164153
31783,0.001536,172.31.36.0-255,66,122211,15,164153
31784,0.001539,172.217.194.0-255,1484,123695,15,164153
31785,0.001581,172.31.36.0-255,66,123761,15,164153
31786,0.001601,172.217.194.0-255,5738,129499,15,164153
31787,0.001604,172.31.36.0-255,66,129565,15,164153
31788,0.001638,172.31.36.0-255,66,129631,15,164153
31789,0.001774,172.217.194.0-255,1484,131115,15,164153
31790,0.00178,172.217.194.0-255,2902,134017,15,164153
31791,0.001784,172.31.36.0-255,66,134083,15,164153
31792,0.001785,172.217.194.0-255,4320,138403,15,164153
31793,0.001788,172.31.36.0-255,66,138469,15,164153
31794,0.001814,172.217.194.0-255,1484,139953,15,164153
31795,0.001827,172.217.194.0-255,7156,147109,15,164153
31796,0.00183,172.31.36.0-255,66,147175,15,164153
31797,0.001844,172.31.36.0-255,66,147241,15,164153
31798,0.001869,172.217.194.0-255,2902,150143,15,164153
31799,0.001872,172.31.36.0-255,66,150209,15,164153
31800,0.001877,172.217.194.0-255,2184,152393,15,164153
31801,0.00188,172.31.36.0-255,66,152459,15,164153
31802,0.001904,172.217.194.0-255,7156,159615,15,164153
31803,0.001908,172.31.36.0-255,66,159681,15,164153
31804,0.001919,172.31.36.0-255,66,159747,15,164153
31805,0.001999,172.31.36.0-255,66,159813,15,164153
31806,0.002004,172.217.194.0-255,3602,163415,15,164153
31807,0.002007,172.31.36.0-255,66,163481,15,164153
31808,0.002029,172.31.36.0-255,66,163547,15,164153
31809,0.002039,172.31.36.0-255,66,163613,15,164153
31810,0.002096,172.31.36.0-255,66,163679,15,164153
31811,0.002136,172.31.36.0-255,66,163745,15,164153
31812,0.002144,172.31.36.0-255,66,163811,15,164153
31813,0.002164,172.217.194.0-255,105,163916,15,164153
31814,0.003455,172.31.36.0-255,66,163982,15,164153
31815,0.003484,172.31.36.0-255,105,164087,15,164153
31816,0.005679,172.217.194.0-255,66,164153,15,164153
31817,0.0,74.125.68.0-255,147,147,15,97914
31818,2.3e-05,172.31.36.0-255,66,213,15,97914
31819,4.8e-05,74.125.68.0-255,1484,1697,15,97914
31820,5.3e-05,172.31.36.0-255,66,1763,15,97914
31821,6e-05,74.125.68.0-255,2902,4665,15,97914
31822,6.2e-05,172.31.36.0-255,66,4731,15,97914
31823,9e-05,74.125.68.0-255,1484,6215,15,97914
31824,9.2e-05,172.31.36.0-255,66,6281,15,97914
31825,9.7e-05,74.125.68.0-255,2902,9183,15,97914
31826,9.9e-05,172.31.36.0-255,66,9249,15,97914
31827,0.000142,74.125.68.0-255,2902,12151,15,97914
31828,0.000145,172.31.36.0-255,66,12217,15,97914
31829,0.000167,74.125.68.0-255,3464,15681,15,97914
31830,0.00017,172.31.36.0-255,66,15747,15,97914
31831,0.000227,74.125.68.0-255,2902,18649,15,97914
31832,0.00023,172.31.36.0-255,66,18715,15,97914
31833,0.000261,172.31.36.0-255,66,18781,15,97914
31834,0.000388,74.125.68.0-255,3961,22742,15,97914
31835,0.000393,172.31.36.0-255,66,22808,15,97914
31836,0.000442,74.125.68.0-255,2902,25710,15,97914
31837,0.000447,172.31.36.0-255,66,25776,15,97914
31838,0.000466,74.125.68.0-255,1484,27260,15,97914
31839,0.000469,172.31.36.0-255,66,27326,15,97914
31840,0.0005,74.125.68.0-255,2902,30228,15,97914
31841,0.000503,172.31.36.0-255,66,30294,15,97914
31842,0.000528,74.125.68.0-255,7156,37450,15,97914
31843,0.000531,172.31.36.0-255,66,37516,15,97914
31844,0.000662,172.31.36.0-255,66,37582,15,97914
31845,0.000668,74.125.68.0-255,2543,40125,15,97914
31846,0.00067,172.31.36.0-255,66,40191,15,97914
31847,0.000819,74.125.68.0-255,5738,45929,15,97914
31848,0.000823,172.31.36.0-255,66,45995,15,97914
31849,0.000841,74.125.68.0-255,1437,47432,15,97914
31850,0.000873,74.125.68.0-255,110,47542,15,97914
31851,0.00092,74.125.68.0-255,5738,53280,15,97914
31852,0.000924,172.31.36.0-255,66,53346,15,97914
31853,0.001005,74.125.68.0-255,4320,57666,15,97914
31854,0.001009,172.31.36.0-255,66,57732,15,97914
31855,0.001048,172.31.36.0-255,66,57798,15,97914
31856,0.001218,74.125.68.0-255,2902,60700,15,97914
31857,0.001223,172.31.36.0-255,66,60766,15,97914
31858,0.001267,172.31.36.0-255,66,60832,15,97914
31859,0.001624,172.31.36.0-255,66,60898,15,97914
31860,0.001675,172.31.36.0-255,66,60964,15,97914
31861,0.001926,172.31.36.0-255,66,61030,15,97914
31862,0.001949,74.125.68.0-255,4320,65350,15,97914
31863,0.001951,172.31.36.0-255,66,65416,15,97914
31864,0.002123,74.125.68.0-255,4320,69736,15,97914
31865,0.002128,172.31.36.0-255,66,69802,15,97914
31866,0.002152,172.31.36.0-255,66,69868,15,97914
31867,0.002327,74.125.68.0-255,4320,74188,15,97914
31868,0.002335,172.31.36.0-255,66,74254,15,97914
31869,0.002403,172.31.36.0-255,66,74320,15,97914
31870,0.002428,172.31.36.0-255,66,74386,15,97914
31871,0.002809,74.125.68.0-255,7156,81542,15,97914
31872,0.002816,172.31.36.0-255,66,81608,15,97914
31873,0.002862,172.31.36.0-255,66,81674,15,97914
31874,0.00288,74.125.68.0-255,766,82440,15,97914
31875,0.003281,172.31.36.0-255,66,82506,15,97914
31876,0.003331,172.31.36.0-255,66,82572,15,97914
31877,0.003734,74.125.68.0-255,4320,86892,15,97914
31878,0.003737,172.31.36.0-255,66,86958,15,97914
31879,0.003776,172.31.36.0-255,66,87024,15,97914
31880,0.003795,74.125.68.0-255,6438,93462,15,97914
31881,0.003797,172.31.36.0-255,66,93528,15,97914
31882,0.004961,74.125.68.0-255,4320,97848,15,97914
31883,0.009819,172.31.36.0-255,66,97914,15,97914
31884,0.0,172.217.194.0-255,219,219,15,128189
31885,1.6e-05,172.31.36.0-255,66,285,15,128189
31886,2.3e-05,172.217.194.0-255,1484,1769,15,128189
31887,2.8e-05,172.31.36.0-255,66,1835,15,128189
31888,3.5e-05,172.217.194.0-255,4320,6155,15,128189
31889,3.8e-05,172.31.36.0-255,66,6221,15,128189
31890,5.1e-05,172.31.36.0-255,66,6287,15,128189
31891,5.6e-05,172.217.194.0-255,2902,9189,15,128189
31892,6e-05,172.31.36.0-255,66,9255,15,128189
31893,8.5e-05,172.217.194.0-255,5738,14993,15,128189
31894,8.7e-05,172.31.36.0-255,66,15059,15,128189
31895,9.9e-05,172.31.36.0-255,66,15125,15,128189
31896,0.000255,172.217.194.0-255,1484,16609,15,128189
31897,0.00026,172.31.36.0-255,66,16675,15,128189
31898,0.000266,172.217.194.0-255,2902,19577,15,128189
31899,0.000268,172.31.36.0-255,66,19643,15,128189
31900,0.000289,172.217.194.0-255,5738,25381,15,128189
31901,0.000292,172.31.36.0-255,66,25447,15,128189
31902,0.000296,172.217.194.0-255,2902,28349,15,128189
31903,0.000299,172.31.36.0-255,66,28415,15,128189
31904,0.000315,172.217.194.0-255,1484,29899,15,128189
31905,0.000317,172.31.36.0-255,66,29965,15,128189
31906,0.000361,172.31.36.0-255,66,30031,15,128189
31907,0.000367,172.217.194.0-255,6797,36828,15,128189
31908,0.00037,172.31.36.0-255,66,36894,15,128189
31909,0.000836,172.217.194.0-255,645,37539,15,128189
31910,0.000841,172.31.36.0-255,66,37605,15,128189
31911,0.000926,172.217.194.0-255,1484,39089,15,128189
31912,0.00093,172.31.36.0-255,66,39155,15,128189
31913,0.000935,172.217.194.0-255,2902,42057,15,128189
31914,0.000937,172.31.36.0-255,66,42123,15,128189
31915,0.000943,172.217.194.0-255,4320,46443,15,128189
31916,0.000945,172.31.36.0-255,66,46509,15,128189
31917,0.00097,172.217.194.0-255,1484,47993,15,128189
31918,0.000986,172.31.36.0-255,66,48059,15,128189
31919,0.000995,172.217.194.0-255,2902,50961,15,128189
31920,0.000997,172.31.36.0-255,66,51027,15,128189
31921,0.001003,172.217.194.0-255,4320,55347,15,128189
31922,0.001004,172.31.36.0-255,66,55413,15,128189
31923,0.001035,172.217.194.0-255,6438,61851,15,128189
31924,0.001038,172.31.36.0-255,66,61917,15,128189
31925,0.001238,172.217.194.0-255,1484,63401,15,128189
31926,0.001245,172.217.194.0-255,2902,66303,15,128189
31927,0.001249,172.31.36.0-255,66,66369,15,128189
31928,0.001269,172.217.194.0-255,5738,72107,15,128189
31929,0.001272,172.31.36.0-255,66,72173,15,128189
31930,0.001276,172.217.194.0-255,1484,73657,15,128189
31931,0.001313,172.31.36.0-255,66,73723,15,128189
31932,0.001344,172.31.36.0-255,66,73789,15,128189
31933,0.001833,172.217.194.0-255,1484,75273,15,128189
31934,0.00184,172.217.194.0-255,2902,78175,15,128189
31935,0.001844,172.31.36.0-255,66,78241,15,128189
31936,0.001853,172.217.194.0-255,5738,83979,15,128189
31937,0.001855,172.31.36.0-255,66,84045,15,128189
31938,0.001916,172.31.36.0-255,66,84111,15,128189
31939,0.00195,172.31.36.0-255,66,84177,15,128189
31940,0.002064,172.217.194.0-255,1484,85661,15,128189
31941,0.00207,172.217.194.0-255,2902,88563,15,128189
31942,0.002073,172.31.36.0-255,66,88629,15,128189
31943,0.002096,172.217.194.0-255,5738,94367,15,128189
31944,0.002099,172.31.36.0-255,66,94433,15,128189
31945,0.002145,172.31.36.0-255,66,94499,15,128189
31946,0.002157,172.31.36.0-255,66,94565,15,128189
31947,0.002206,172.31.36.0-255,66,94631,15,128189
31948,0.002217,172.31.36.0-255,66,94697,15,128189
31949,0.002253,172.217.194.0-255,5738,100435,15,128189
31950,0.002256,172.31.36.0-255,66,100501,15,128189
31951,0.002263,172.217.194.0-255,7156,107657,15,128189
31952,0.002266,172.31.36.0-255,66,107723,15,128189
31953,0.002273,172.217.194.0-255,5738,113461,15,128189
31954,0.002275,172.31.36.0-255,66,113527,15,128189
31955,0.00231,172.31.36.0-255,66,113593,15,128189
31956,0.002318,172.217.194.0-255,6438,120031,15,128189
31957,0.002321,172.31.36.0-255,66,120097,15,128189
31958,0.002347,172.217.194.0-255,5738,125835,15,128189
31959,0.002349,172.31.36.0-255,66,125901,15,128189
31960,0.002382,172.31.36.0-255,66,125967,15,128189
31961,0.002395,172.31.36.0-255,66,126033,15,128189
31962,0.002436,172.31.36.0-255,66,126099,15,128189
31963,0.002451,172.31.36.0-255,66,126165,15,128189
31964,0.002454,172.217.194.0-255,1484,127649,15,128189
31965,0.002511,172.31.36.0-255,66,127715,15,128189
31966,0.00255,172.31.36.0-255,66,127781,15,128189
31967,0.002568,172.31.36.0-255,66,127847,15,128189
31968,0.002587,172.31.36.0-255,66,127913,15,128189
31969,0.00259,172.217.194.0-255,105,128018,15,128189
31970,0.009078,172.31.36.0-255,66,128084,15,128189
31971,0.00912,172.31.36.0-255,105,128189,15,128189
31972,0.0,172.217.194.0-255,218,218,15,142142
31973,4.7e-05,172.31.36.0-255,66,284,15,142142
31974,5.5e-05,172.217.194.0-255,1484,1768,15,142142
31975,5.9e-05,172.31.36.0-255,66,1834,15,142142
31976,7.3e-05,172.217.194.0-255,4320,6154,15,142142
31977,7.6e-05,172.31.36.0-255,66,6220,15,142142
31978,8.2e-05,172.217.194.0-255,5738,11958,15,142142
31979,8.5e-05,172.31.36.0-255,66,12024,15,142142
31980,0.000111,172.217.194.0-255,1834,13858,15,142142
31981,0.00012,172.31.36.0-255,66,13924,15,142142
31982,0.00051,172.217.194.0-255,1484,15408,15,142142
31983,0.000515,172.31.36.0-255,66,15474,15,142142
31984,0.000522,172.217.194.0-255,2902,18376,15,142142
31985,0.000524,172.31.36.0-255,66,18442,15,142142
31986,0.000562,172.217.194.0-255,5738,24180,15,142142
31987,0.000567,172.31.36.0-255,66,24246,15,142142
31988,0.000572,172.217.194.0-255,1484,25730,15,142142
31989,0.000574,172.31.36.0-255,66,25796,15,142142
31990,0.000602,172.217.194.0-255,5379,31175,15,142142
31991,0.000608,172.31.36.0-255,66,31241,15,142142
31992,0.000614,172.217.194.0-255,5738,36979,15,142142
31993,0.000617,172.31.36.0-255,66,37045,15,142142
31994,0.000667,172.31.36.0-255,66,37111,15,142142
31995,0.001467,172.217.194.0-255,1484,38595,15,142142
31996,0.001474,172.31.36.0-255,66,38661,15,142142
31997,0.001483,172.217.194.0-255,2902,41563,15,142142
31998,0.001485,172.31.36.0-255,66,41629,15,142142
31999,0.001498,172.217.194.0-255,5738,47367,15,142142
32000,0.0015,172.31.36.0-255,66,47433,15,142142
32001,0.001507,172.217.194.0-255,5738,53171,15,142142
32002,0.001509,172.31.36.0-255,66,53237,15,142142
32003,0.001567,172.217.194.0-255,1705,54942,15,142142
32004,0.001569,172.31.36.0-255,66,55008,15,142142
32005,0.00161,172.217.194.0-255,1484,56492,15,142142
32006,0.001625,172.217.194.0-255,1484,57976,15,142142
32007,0.001628,172.31.36.0-255,66,58042,15,142142
32008,0.001664,172.217.194.0-255,1484,59526,15,142142
32009,0.001671,172.217.194.0-255,5738,65264,15,142142
32010,0.001674,172.31.36.0-255,66,65330,15,142142
32011,0.001681,172.217.194.0-255,7156,72486,15,142142
32012,0.001683,172.31.36.0-255,66,72552,15,142142
32013,0.001735,172.217.194.0-255,2184,74736,15,142142
32014,0.001743,172.31.36.0-255,66,74802,15,142142
32015,0.002024,172.217.194.0-255,1484,76286,15,142142
32016,0.00203,172.217.194.0-255,2902,79188,15,142142
32017,0.002032,172.31.36.0-255,66,79254,15,142142
32018,0.002038,172.217.194.0-255,2902,82156,15,142142
32019,0.00204,172.31.36.0-255,66,82222,15,142142
32020,0.002064,172.217.194.0-255,2902,85124,15,142142
32021,0.002066,172.31.36.0-255,66,85190,15,142142
32022,0.002082,172.31.36.0-255,66,85256,15,142142
32023,0.002104,172.217.194.0-255,4320,89576,15,142142
32024,0.002117,172.31.36.0-255,66,89642,15,142142
32025,0.002163,172.31.36.0-255,66,89708,15,142142
32026,0.002212,172.217.194.0-255,1484,91192,15,142142
32027,0.002217,172.217.194.0-255,2902,94094,15,142142
32028,0.002232,172.217.194.0-255,5738,99832,15,142142
32029,0.002239,172.31.36.0-255,66,99898,15,142142
32030,0.002263,172.217.194.0-255,7156,107054,15,142142
32031,0.002274,172.31.36.0-255,66,107120,15,142142
32032,0.002297,172.217.194.0-255,5738,112858,15,142142
32033,0.002321,172.217.194.0-255,1484,114342,15,142142
32034,0.00233,172.31.36.0-255,66,114408,15,142142
32035,0.002337,172.217.194.0-255,2902,117310,15,142142
32036,0.002343,172.31.36.0-255,66,117376,15,142142
32037,0.002372,172.217.194.0-255,5738,123114,15,142142
32038,0.002408,172.31.36.0-255,66,123180,15,142142
32039,0.002452,172.217.194.0-255,1484,124664,15,142142
32040,0.002533,172.31.36.0-255,66,124730,15,142142
32041,0.004955,172.217.194.0-255,5738,130468,15,142142
32042,0.004963,172.31.36.0-255,66,130534,15,142142
32043,0.007357,172.217.194.0-255,5738,136272,15,142142
32044,0.007364,172.31.36.0-255,66,136338,15,142142
32045,0.009796,172.217.194.0-255,5738,142076,15,142142
32046,0.009803,172.31.36.0-255,66,142142,15,142142
32047,0.0,74.125.24.0-255,154,154,15,176980
32048,3.6e-05,172.31.36.0-255,66,220,15,176980
32049,4.4e-05,74.125.24.0-255,1484,1704,15,176980
32050,4.8e-05,172.31.36.0-255,66,1770,15,176980
32051,5.3e-05,74.125.24.0-255,2902,4672,15,176980
32052,5.6e-05,172.31.36.0-255,66,4738,15,176980
32053,6.5e-05,74.125.24.0-255,7156,11894,15,176980
32054,6.9e-05,172.31.36.0-255,66,11960,15,176980
32055,7.3e-05,74.125.24.0-255,2103,14063,15,176980
32056,7.5e-05,172.31.36.0-255,66,14129,15,176980
32057,9.5e-05,74.125.24.0-255,2902,17031,15,176980
32058,9.8e-05,172.31.36.0-255,66,17097,15,176980
32059,0.000103,74.125.24.0-255,4320,21417,15,176980
32060,0.000105,172.31.36.0-255,66,21483,15,176980
32061,0.000123,74.125.24.0-255,2902,24385,15,176980
32062,0.000125,172.31.36.0-255,66,24451,15,176980
32063,0.000139,74.125.24.0-255,1484,25935,15,176980
32064,0.000141,172.31.36.0-255,66,26001,15,176980
32065,0.000163,74.125.24.0-255,5379,31380,15,176980
32066,0.000166,172.31.36.0-255,66,31446,15,176980
32067,0.000285,74.125.24.0-255,1484,32930,15,176980
32068,0.000289,172.31.36.0-255,66,32996,15,176980
32069,0.000301,74.125.24.0-255,2902,35898,15,176980
32070,0.000304,172.31.36.0-255,66,35964,15,176980
32071,0.000327,74.125.24.0-255,5738,41702,15,176980
32072,0.000331,172.31.36.0-255,66,41768,15,176980
32073,0.00035,74.125.24.0-255,5738,47506,15,176980
32074,0.000352,172.31.36.0-255,66,47572,15,176980
32075,0.000381,172.31.36.0-255,66,47638,15,176980
32076,0.000399,74.125.24.0-255,4320,51958,15,176980
32077,0.000402,172.31.36.0-255,66,52024,15,176980
32078,0.000423,74.125.24.0-255,5379,57403,15,176980
32079,0.000426,172.31.36.0-255,66,57469,15,176980
32080,0.000463,74.125.24.0-255,645,58114,15,176980
32081,0.000859,172.31.36.0-255,66,58180,15,176980
32082,0.000967,74.125.24.0-255,1484,59664,15,176980
32083,0.000976,74.125.24.0-255,2902,62566,15,176980
32084,0.000979,172.31.36.0-255,66,62632,15,176980
32085,0.001,74.125.24.0-255,5738,68370,15,176980
32086,0.001003,172.31.36.0-255,66,68436,15,176980
32087,0.001006,74.125.24.0-255,1484,69920,15,176980
32088,0.00105,74.125.24.0-255,7156,77076,15,176980
32089,0.001054,172.31.36.0-255,66,77142,15,176980
32090,0.001073,74.125.24.0-255,2543,79685,15,176980
32091,0.001077,172.31.36.0-255,66,79751,15,176980
32092,0.001087,172.31.36.0-255,66,79817,15,176980
32093,0.001107,74.125.24.0-255,1484,81301,15,176980
32094,0.001126,74.125.24.0-255,2543,83844,15,176980
32095,0.00113,172.31.36.0-255,66,83910,15,176980
32096,0.001261,74.125.24.0-255,1484,85394,15,176980
32097,0.001276,74.125.24.0-255,2902,88296,15,176980
32098,0.00128,172.31.36.0-255,66,88362,15,176980
32099,0.001285,74.125.24.0-255,2902,91264,15,176980
32100,0.001288,172.31.36.0-255,66,91330,15,176980
32101,0.0013,74.125.24.0-255,2902,94232,15,176980
32102,0.001303,172.31.36.0-255,66,94298,15,176980
32103,0.001309,74.125.24.0-255,4320,98618,15,176980
32104,0.001312,172.31.36.0-255,66,98684,15,176980
32105,0.00135,172.31.36.0-255,66,98750,15,176980
32106,0.001361,172.31.36.0-255,66,98816,15,176980
32107,0.002138,74.125.24.0-255,1484,100300,15,176980
32108,0.002146,74.125.24.0-255,2902,103202,15,176980
32109,0.002151,172.31.36.0-255,66,103268,15,176980
32110,0.002158,74.125.24.0-255,5738,109006,15,176980
32111,0.00216,172.31.36.0-255,66,109072,15,176980
32112,0.002203,74.125.24.0-255,2902,111974,15,176980
32113,0.002205,172.31.36.0-255,66,112040,15,176980
32114,0.002222,74.125.24.0-255,2902,114942,15,176980
32115,0.002224,172.31.36.0-255,66,115008,15,176980
32116,0.002243,74.125.24.0-255,7156,122164,15,176980
32117,0.002246,172.31.36.0-255,66,122230,15,176980
32118,0.002248,74.125.24.0-255,1484,123714,15,176980
32119,0.002288,74.125.24.0-255,4320,128034,15,176980
32120,0.00229,172.31.36.0-255,66,128100,15,176980
32121,0.00231,74.125.24.0-255,5020,133120,15,176980
32122,0.002312,172.31.36.0-255,66,133186,15,176980
32123,0.002337,74.125.24.0-255,1484,134670,15,176980
32124,0.002356,74.125.24.0-255,2902,137572,15,176980
32125,0.002358,172.31.36.0-255,66,137638,15,176980
32126,0.002364,74.125.24.0-255,5738,143376,15,176980
32127,0.002366,172.31.36.0-255,66,143442,15,176980
32128,0.002369,74.125.24.0-255,1484,144926,15,176980
32129,0.002389,74.125.24.0-255,2902,147828,15,176980
32130,0.002391,172.31.36.0-255,66,147894,15,176980
32131,0.00241,74.125.24.0-255,5738,153632,15,176980
32132,0.002412,172.31.36.0-255,66,153698,15,176980
32133,0.002418,74.125.24.0-255,5738,159436,15,176980
32134,0.00242,172.31.36.0-255,66,159502,15,176980
32135,0.002447,172.31.36.0-255,66,159568,15,176980
32136,0.004778,74.125.24.0-255,5738,165306,15,176980
32137,0.004783,172.31.36.0-255,66,165372,15,176980
32138,0.007096,74.125.24.0-255,5738,171110,15,176980
32139,0.007103,172.31.36.0-255,66,171176,15,176980
32140,0.009474,74.125.24.0-255,5738,176914,15,176980
32141,0.009481,172.31.36.0-255,66,176980,15,176980
32142,0.0,74.125.200.0-255,146,146,15,111510
32143,3.3e-05,172.31.36.0-255,66,212,15,111510
32144,4.1e-05,74.125.200.0-255,1484,1696,15,111510
32145,4.7e-05,172.31.36.0-255,66,1762,15,111510
32146,5.2e-05,74.125.200.0-255,2902,4664,15,111510
32147,6.2e-05,172.31.36.0-255,66,4730,15,111510
32148,6.7e-05,74.125.200.0-255,2902,7632,15,111510
32149,7e-05,172.31.36.0-255,66,7698,15,111510
32150,7.6e-05,74.125.200.0-255,4320,12018,15,111510
32151,7.8e-05,172.31.36.0-255,66,12084,15,111510
32152,0.000113,74.125.200.0-255,2001,14085,15,111510
32153,0.000116,172.31.36.0-255,66,14151,15,111510
32154,0.00012,74.125.200.0-255,1484,15635,15,111510
32155,0.000121,172.31.36.0-255,66,15701,15,111510
32156,0.000152,74.125.200.0-255,1484,17185,15,111510
32157,0.000155,172.31.36.0-255,66,17251,15,111510
32158,0.000163,74.125.200.0-255,7156,24407,15,111510
32159,0.000165,172.31.36.0-255,66,24473,15,111510
32160,0.000175,74.125.200.0-255,2902,27375,15,111510
32161,0.000178,172.31.36.0-255,66,27441,15,111510
32162,0.000226,74.125.200.0-255,3961,31402,15,111510
32163,0.00023,172.31.36.0-255,66,31468,15,111510
32164,0.000431,74.125.200.0-255,1484,32952,15,111510
32165,0.000435,172.31.36.0-255,66,33018,15,111510
32166,0.00044,74.125.200.0-255,2902,35920,15,111510
32167,0.000443,172.31.36.0-255,66,35986,15,111510
32168,0.000447,74.125.200.0-255,1484,37470,15,111510
32169,0.000454,172.31.36.0-255,66,37536,15,111510
32170,0.000489,74.125.200.0-255,1484,39020,15,111510
32171,0.000492,172.31.36.0-255,66,39086,15,111510
32172,0.000498,74.125.200.0-255,4320,43406,15,111510
32173,0.0005,172.31.36.0-255,66,43472,15,111510
32174,0.000512,74.125.200.0-255,5379,48851,15,111510
32175,0.000514,172.31.36.0-255,66,48917,15,111510
32176,0.000547,74.125.200.0-255,5738,54655,15,111510
32177,0.000551,172.31.36.0-255,66,54721,15,111510
32178,0.000555,74.125.200.0-255,2902,57623,15,111510
32179,0.000557,172.31.36.0-255,66,57689,15,111510
32180,0.000583,74.125.200.0-255,4320,62009,15,111510
32181,0.00059,172.31.36.0-255,66,62075,15,111510
32182,0.000622,74.125.200.0-255,3961,66036,15,111510
32183,0.000626,172.31.36.0-255,66,66102,15,111510
32184,0.002192,74.125.200.0-255,650,66752,15,111510
32185,0.002358,74.125.200.0-255,1484,68236,15,111510
32186,0.002362,172.31.36.0-255,66,68302,15,111510
32187,0.002367,74.125.200.0-255,1484,69786,15,111510
32188,0.00239,74.125.200.0-255,1484,71270,15,111510
32189,0.002393,172.31.36.0-255,66,71336,15,111510
32190,0.002398,74.125.200.0-255,4320,75656,15,111510
32191,0.0024,172.31.36.0-255,66,75722,15,111510
32192,0.002437,74.125.200.0-255,4320,80042,15,111510
32193,0.002439,172.31.36.0-255,66,80108,15,111510
32194,0.002468,74.125.200.0-255,4320,84428,15,111510
32195,0.00247,172.31.36.0-255,66,84494,15,111510
32196,0.002481,74.125.200.0-255,5738,90232,15,111510
32197,0.002482,172.31.36.0-255,66,90298,15,111510
32198,0.002489,74.125.200.0-255,7156,97454,15,111510
32199,0.002491,172.31.36.0-255,66,97520,15,111510
32200,0.002496,74.125.200.0-255,3602,101122,15,111510
32201,0.002498,172.31.36.0-255,66,101188,15,111510
32202,0.00501,74.125.200.0-255,1484,102672,15,111510
32203,0.005032,74.125.200.0-255,2902,105574,15,111510
32204,0.005035,172.31.36.0-255,66,105640,15,111510
32205,0.005058,74.125.200.0-255,1484,107124,15,111510
32206,0.007559,74.125.200.0-255,4320,111444,15,111510
32207,0.007566,172.31.36.0-255,66,111510,15,111510
32208,0.0,74.125.24.0-255,152,152,15,190360
32209,3.3e-05,172.31.36.0-255,66,218,15,190360
32210,4.1e-05,74.125.24.0-255,1484,1702,15,190360
32211,4.6e-05,172.31.36.0-255,66,1768,15,190360
32212,5.2e-05,74.125.24.0-255,2902,4670,15,190360
32213,5.5e-05,172.31.36.0-255,66,4736,15,190360
32214,6.2e-05,74.125.24.0-255,7156,11892,15,190360
32215,6.5e-05,172.31.36.0-255,66,11958,15,190360
32216,6.9e-05,74.125.24.0-255,2902,14860,15,190360
32217,7.2e-05,172.31.36.0-255,66,14926,15,190360
32218,0.000113,172.31.36.0-255,66,14992,15,190360
32219,0.000118,74.125.24.0-255,2543,17535,15,190360
32220,0.00012,172.31.36.0-255,66,17601,15,190360
32221,0.000138,74.125.24.0-255,2902,20503,15,190360
32222,0.00014,172.31.36.0-255,66,20569,15,190360
32223,0.000166,74.125.24.0-255,7156,27725,15,190360
32224,0.000169,172.31.36.0-255,66,27791,15,190360
32225,0.000175,74.125.24.0-255,7156,34947,15,190360
32226,0.000177,172.31.36.0-255,66,35013,15,190360
32227,0.00022,172.31.36.0-255,66,35079,15,190360
32228,0.000224,74.125.24.0-255,1065,36144,15,190360
32229,0.000226,172.31.36.0-255,66,36210,15,190360
32230,0.000258,74.125.24.0-255,132,36342,15,190360
32231,0.000261,172.31.36.0-255,66,36408,15,190360
32232,0.000513,74.125.24.0-255,1484,37892,15,190360
32233,0.000518,172.31.36.0-255,66,37958,15,190360
32234,0.000524,74.125.24.0-255,2902,40860,15,190360
32235,0.000527,172.31.36.0-255,66,40926,15,190360
32236,0.000534,74.125.24.0-255,5738,46664,15,190360
32237,0.000539,172.31.36.0-255,66,46730,15,190360
32238,0.000547,74.125.24.0-255,1484,48214,15,190360
32239,0.000572,74.125.24.0-255,7156,55370,15,190360
32240,0.000575,172.31.36.0-255,66,55436,15,190360
32241,0.00059,172.31.36.0-255,66,55502,15,190360
32242,0.00061,74.125.24.0-255,4717,60219,15,190360
32243,0.000613,172.31.36.0-255,66,60285,15,190360
32244,0.000656,74.125.24.0-255,5738,66023,15,190360
32245,0.00066,172.31.36.0-255,66,66089,15,190360
32246,0.000663,74.125.24.0-255,1484,67573,15,190360
32247,0.000684,74.125.24.0-255,5738,73311,15,190360
32248,0.000687,172.31.36.0-255,66,73377,15,190360
32249,0.000723,74.125.24.0-255,4320,77697,15,190360
32250,0.000726,172.31.36.0-255,66,77763,15,190360
32251,0.000749,172.31.36.0-255,66,77829,15,190360
32252,0.000757,74.125.24.0-255,6438,84267,15,190360
32253,0.00076,172.31.36.0-255,66,84333,15,190360
32254,0.000767,172.31.36.0-255,101,84434,15,190360
32255,0.000787,74.125.24.0-255,1484,85918,15,190360
32256,0.000792,74.125.24.0-255,2902,88820,15,190360
32257,0.000796,172.31.36.0-255,66,88886,15,190360
32258,0.000801,74.125.24.0-255,5738,94624,15,190360
32259,0.000804,172.31.36.0-255,66,94690,15,190360
32260,0.000807,74.125.24.0-255,1484,96174,15,190360
32261,0.000827,74.125.24.0-255,5738,101912,15,190360
32262,0.000831,172.31.36.0-255,66,101978,15,190360
32263,0.000836,74.125.24.0-255,4320,106298,15,190360
32264,0.00084,172.31.36.0-255,66,106364,15,190360
32265,0.000865,74.125.24.0-255,4320,110684,15,190360
32266,0.000869,172.31.36.0-255,66,110750,15,190360
32267,0.00088,172.31.36.0-255,66,110816,15,190360
32268,0.000913,74.125.24.0-255,1484,112300,15,190360
32269,0.000932,74.125.24.0-255,2902,115202,15,190360
32270,0.000936,172.31.36.0-255,66,115268,15,190360
32271,0.000942,74.125.24.0-255,5738,121006,15,190360
32272,0.000945,172.31.36.0-255,66,121072,15,190360
32273,0.000959,74.125.24.0-255,2902,123974,15,190360
32274,0.000962,172.31.36.0-255,66,124040,15,190360
32275,0.000985,172.31.36.0-255,66,124106,15,190360
32276,0.001032,172.31.36.0-255,66,124172,15,190360
32277,0.001058,74.125.24.0-255,1484,125656,15,190360
32278,0.001065,74.125.24.0-255,2902,128558,15,190360
32279,0.001068,172.31.36.0-255,66,128624,15,190360
32280,0.001073,74.125.24.0-255,2902,131526,15,190360
32281,0.001076,172.31.36.0-255,66,131592,15,190360
32282,0.00109,74.125.24.0-255,2902,134494,15,190360
32283,0.001094,172.31.36.0-255,66,134560,15,190360
32284,0.001097,74.125.24.0-255,1484,136044,15,190360
32285,0.001126,172.31.36.0-255,66,136110,15,190360
32286,0.001138,172.31.36.0-255,66,136176,15,190360
32287,0.001156,74.125.24.0-255,766,136942,15,190360
32288,0.001508,74.125.24.0-255,1484,138426,15,190360
32289,0.001514,172.31.36.0-255,66,138492,15,190360
32290,0.001519,74.125.24.0-255,2902,141394,15,190360
32291,0.001521,172.31.36.0-255,66,141460,15,190360
32292,0.001551,74.125.24.0-255,5738,147198,15,190360
32293,0.001555,172.31.36.0-255,66,147264,15,190360
32294,0.001574,172.31.36.0-255,66,147330,15,190360
32295,0.001586,172.31.36.0-255,66,147396,15,190360
32296,0.001647,74.125.24.0-255,1484,148880,15,190360
32297,0.001652,74.125.24.0-255,2902,151782,15,190360
32298,0.001661,172.31.36.0-255,66,151848,15,190360
32299,0.001683,74.125.24.0-255,5738,157586,15,190360
32300,0.001686,172.31.36.0-255,66,157652,15,190360
32301,0.001692,74.125.24.0-255,5738,163390,15,190360
32302,0.001694,172.31.36.0-255,66,163456,15,190360
32303,0.001701,74.125.24.0-255,7156,170612,15,190360
32304,0.001703,172.31.36.0-255,66,170678,15,190360
32305,0.001725,74.125.24.0-255,5738,176416,15,190360
32306,0.001728,172.31.36.0-255,66,176482,15,190360
32307,0.001764,74.125.24.0-255,4320,180802,15,190360
32308,0.001767,172.31.36.0-255,66,180868,15,190360
32309,0.001787,74.125.24.0-255,5020,185888,15,190360
32310,0.00179,172.31.36.0-255,66,185954,15,190360
32311,0.001801,172.31.36.0-255,66,186020,15,190360
32312,0.001818,172.31.36.0-255,66,186086,15,190360
32313,0.001839,74.125.24.0-255,3602,189688,15,190360
32314,0.001842,172.31.36.0-255,66,189754,15,190360
32315,0.001861,172.31.36.0-255,66,189820,15,190360
32316,0.001874,172.31.36.0-255,66,189886,15,190360
32317,0.001911,172.31.36.0-255,66,189952,15,190360
32318,0.001942,172.31.36.0-255,66,190018,15,190360
32319,0.001945,74.125.24.0-255,105,190123,15,190360
32320,0.002973,74.125.24.0-255,66,190189,15,190360
32321,0.003491,172.31.36.0-255,105,190294,15,190360
32322,0.005728,74.125.24.0-255,66,190360,15,190360
32323,0.0,74.125.200.0-255,153,153,15,74902
32324,2.8e-05,172.31.36.0-255,66,219,15,74902
32325,3.6e-05,74.125.200.0-255,1484,1703,15,74902
32326,4e-05,172.31.36.0-255,66,1769,15,74902
32327,4.7e-05,74.125.200.0-255,2902,4671,15,74902
32328,4.9e-05,172.31.36.0-255,66,4737,15,74902
32329,5.5e-05,74.125.200.0-255,2902,7639,15,74902
32330,5.7e-05,172.31.36.0-255,66,7705,15,74902
32331,9.8e-05,74.125.200.0-255,4320,12025,15,74902
32332,0.000101,172.31.36.0-255,66,12091,15,74902
32333,0.00014,74.125.200.0-255,4320,16411,15,74902
32334,0.000143,172.31.36.0-255,66,16477,15,74902
32335,0.000165,74.125.200.0-255,4872,21349,15,74902
32336,0.000168,172.31.36.0-255,66,21415,15,74902
32337,0.000263,74.125.200.0-255,5738,27153,15,74902
32338,0.000266,172.31.36.0-255,66,27219,15,74902
32339,0.000285,74.125.200.0-255,3961,31180,15,74902
32340,0.000288,172.31.36.0-255,66,31246,15,74902
32341,0.001645,74.125.200.0-255,1484,32730,15,74902
32342,0.001653,172.31.36.0-255,66,32796,15,74902
32343,0.001663,74.125.200.0-255,2902,35698,15,74902
32344,0.001666,172.31.36.0-255,66,35764,15,74902
32345,0.001669,74.125.200.0-255,1484,37248,15,74902
32346,0.001671,172.31.36.0-255,66,37314,15,74902
32347,0.001695,74.125.200.0-255,2902,40216,15,74902
32348,0.001697,172.31.36.0-255,66,40282,15,74902
32349,0.00172,74.125.200.0-255,2902,43184,15,74902
32350,0.001722,172.31.36.0-255,66,43250,15,74902
32351,0.00174,74.125.200.0-255,2902,46152,15,74902
32352,0.001743,172.31.36.0-255,66,46218,15,74902
32353,0.001793,74.125.200.0-255,4320,50538,15,74902
32354,0.001796,172.31.36.0-255,66,50604,15,74902
32355,0.00181,74.125.200.0-255,2543,53147,15,74902
32356,0.001875,74.125.200.0-255,2902,56049,15,74902
32357,0.001909,74.125.200.0-255,1441,57490,15,74902
32358,0.003955,172.31.36.0-255,66,57556,15,74902
32359,0.005872,74.125.200.0-255,5738,63294,15,74902
32360,0.005878,172.31.36.0-255,66,63360,15,74902
32361,0.007799,74.125.200.0-255,5738,69098,15,74902
32362,0.007806,172.31.36.0-255,66,69164,15,74902
32363,0.009731,74.125.200.0-255,5738,74902,15,74902
