,TIME,SRC,PACKET_SIZE,CUMULATIVE_PACKET_SIZE,PAGE_NUMBER,TOTAL_PACKET_SIZE
0,0.0,172.217.27.0-255,151,151,41,88171
1,2.5e-05,172.31.46.0-255,66,217,41,88171
2,3.2e-05,172.217.27.0-255,1484,1701,41,88171
3,3.7e-05,172.31.46.0-255,66,1767,41,88171
4,4.9e-05,172.217.27.0-255,2902,4669,41,88171
5,5.3e-05,172.31.46.0-255,66,4735,41,88171
6,6.3e-05,172.31.46.0-255,66,4801,41,88171
7,8.5e-05,172.217.27.0-255,1939,6740,41,88171
8,9.2e-05,172.31.46.0-255,66,6806,41,88171
9,0.000241,172.217.27.0-255,1484,8290,41,88171
10,0.000245,172.31.46.0-255,66,8356,41,88171
11,0.00025,172.217.27.0-255,2902,11258,41,88171
12,0.000252,172.31.46.0-255,66,11324,41,88171
13,0.000287,172.217.27.0-255,5738,17062,41,88171
14,0.00029,172.31.46.0-255,66,17128,41,88171
15,0.000308,172.217.27.0-255,2902,20030,41,88171
16,0.00031,172.31.46.0-255,66,20096,41,88171
17,0.000336,172.217.27.0-255,3961,24057,41,88171
18,0.000339,172.31.46.0-255,66,24123,41,88171
19,0.000533,172.217.27.0-255,1484,25607,41,88171
20,0.000538,172.31.46.0-255,66,25673,41,88171
21,0.000543,172.217.27.0-255,2902,28575,41,88171
22,0.000546,172.31.46.0-255,66,28641,41,88171
23,0.000585,172.217.27.0-255,5738,34379,41,88171
24,0.000588,172.31.46.0-255,66,34445,41,88171
25,0.000594,172.217.27.0-255,5738,40183,41,88171
26,0.000597,172.31.46.0-255,66,40249,41,88171
27,0.000599,172.217.27.0-255,1125,41374,41,88171
28,0.000601,172.31.46.0-255,66,41440,41,88171
29,0.000647,172.217.27.0-255,1484,42924,41,88171
30,0.00065,172.31.46.0-255,66,42990,41,88171
31,0.000657,172.217.27.0-255,4320,47310,41,88171
32,0.00066,172.31.46.0-255,66,47376,41,88171
33,0.00067,172.217.27.0-255,4320,51696,41,88171
34,0.000672,172.31.46.0-255,66,51762,41,88171
35,0.000683,172.217.27.0-255,1484,53246,41,88171
36,0.000719,172.217.27.0-255,5707,58953,41,88171
37,0.000722,172.31.46.0-255,66,59019,41,88171
38,0.002359,172.217.27.0-255,5738,64757,41,88171
39,0.002367,172.31.46.0-255,66,64823,41,88171
40,0.004005,172.217.27.0-255,2902,67725,41,88171
41,0.004008,172.31.46.0-255,66,67791,41,88171
42,0.004029,172.217.27.0-255,2902,70693,41,88171
43,0.004031,172.31.46.0-255,66,70759,41,88171
44,0.005641,172.217.27.0-255,5738,76497,41,88171
45,0.005644,172.31.46.0-255,66,76563,41,88171
46,0.007295,172.217.27.0-255,5738,82301,41,88171
47,0.007301,172.31.46.0-255,66,82367,41,88171
48,0.008937,172.217.27.0-255,5738,88105,41,88171
49,0.008943,172.31.46.0-255,66,88171,41,88171
50,0.0,74.125.68.0-255,143,143,41,126821
51,1.3e-05,172.31.46.0-255,66,209,41,126821
52,2e-05,74.125.68.0-255,1484,1693,41,126821
53,2.4e-05,172.31.46.0-255,66,1759,41,126821
54,3e-05,74.125.68.0-255,2902,4661,41,126821
55,3.5e-05,172.31.46.0-255,66,4727,41,126821
56,6.1e-05,172.31.46.0-255,66,4793,41,126821
57,0.000116,172.31.46.0-255,66,4859,41,126821
58,0.000121,74.125.68.0-255,2902,7761,41,126821
59,0.000124,172.31.46.0-255,66,7827,41,126821
60,0.000129,74.125.68.0-255,4320,12147,41,126821
61,0.000132,172.31.46.0-255,66,12213,41,126821
62,0.000157,74.125.68.0-255,3961,16174,41,126821
63,0.00016,172.31.46.0-255,66,16240,41,126821
64,0.000238,74.125.68.0-255,1484,17724,41,126821
65,0.000242,172.31.46.0-255,66,17790,41,126821
66,0.000247,74.125.68.0-255,2902,20692,41,126821
67,0.000249,172.31.46.0-255,66,20758,41,126821
68,0.000255,74.125.68.0-255,4320,25078,41,126821
69,0.000257,172.31.46.0-255,66,25144,41,126821
70,0.000269,74.125.68.0-255,1484,26628,41,126821
71,0.000271,172.31.46.0-255,66,26694,41,126821
72,0.000274,74.125.68.0-255,1484,28178,41,126821
73,0.000276,172.31.46.0-255,66,28244,41,126821
74,0.000304,74.125.68.0-255,5379,33623,41,126821
75,0.000307,172.31.46.0-255,66,33689,41,126821
76,0.00032,74.125.68.0-255,4320,38009,41,126821
77,0.000322,172.31.46.0-255,66,38075,41,126821
78,0.000359,172.31.46.0-255,66,38141,41,126821
79,0.000378,74.125.68.0-255,5668,43809,41,126821
80,0.00038,172.31.46.0-255,66,43875,41,126821
81,0.000407,74.125.68.0-255,388,44263,41,126821
82,0.000976,172.31.46.0-255,66,44329,41,126821
83,0.001137,74.125.68.0-255,1484,45813,41,126821
84,0.001155,74.125.68.0-255,1484,47297,41,126821
85,0.001159,172.31.46.0-255,66,47363,41,126821
86,0.001165,74.125.68.0-255,2902,50265,41,126821
87,0.001167,172.31.46.0-255,66,50331,41,126821
88,0.001173,74.125.68.0-255,4320,54651,41,126821
89,0.001175,172.31.46.0-255,66,54717,41,126821
90,0.001193,74.125.68.0-255,1484,56201,41,126821
91,0.001198,74.125.68.0-255,4320,60521,41,126821
92,0.0012,172.31.46.0-255,66,60587,41,126821
93,0.001226,74.125.68.0-255,4320,64907,41,126821
94,0.001229,172.31.46.0-255,66,64973,41,126821
95,0.001241,172.31.46.0-255,66,65039,41,126821
96,0.001244,74.125.68.0-255,1484,66523,41,126821
97,0.00126,74.125.68.0-255,2184,68707,41,126821
98,0.001262,172.31.46.0-255,66,68773,41,126821
99,0.001936,74.125.68.0-255,1484,70257,41,126821
100,0.001944,74.125.68.0-255,2902,73159,41,126821
101,0.001949,172.31.46.0-255,66,73225,41,126821
102,0.001967,74.125.68.0-255,1484,74709,41,126821
103,0.001979,74.125.68.0-255,2902,77611,41,126821
104,0.001981,172.31.46.0-255,66,77677,41,126821
105,0.002001,74.125.68.0-255,2902,80579,41,126821
106,0.002003,172.31.46.0-255,66,80645,41,126821
107,0.002023,74.125.68.0-255,5738,86383,41,126821
108,0.002025,172.31.46.0-255,66,86449,41,126821
109,0.002102,172.31.46.0-255,66,86515,41,126821
110,0.002108,74.125.68.0-255,4320,90835,41,126821
111,0.00211,172.31.46.0-255,66,90901,41,126821
112,0.002114,74.125.68.0-255,2184,93085,41,126821
113,0.002117,172.31.46.0-255,66,93151,41,126821
114,0.002208,74.125.68.0-255,1484,94635,41,126821
115,0.002226,74.125.68.0-255,2902,97537,41,126821
116,0.002229,172.31.46.0-255,66,97603,41,126821
117,0.002236,74.125.68.0-255,5738,103341,41,126821
118,0.002238,172.31.46.0-255,66,103407,41,126821
119,0.002267,74.125.68.0-255,4320,107727,41,126821
120,0.00227,172.31.46.0-255,66,107793,41,126821
121,0.002286,74.125.68.0-255,1484,109277,41,126821
122,0.002296,172.31.46.0-255,66,109343,41,126821
123,0.002341,172.31.46.0-255,66,109409,41,126821
124,0.004655,74.125.68.0-255,5738,115147,41,126821
125,0.004662,172.31.46.0-255,66,115213,41,126821
126,0.006999,74.125.68.0-255,5738,120951,41,126821
127,0.007006,172.31.46.0-255,66,121017,41,126821
128,0.009327,74.125.68.0-255,5738,126755,41,126821
129,0.009333,172.31.46.0-255,66,126821,41,126821
130,0.0,172.217.194.0-255,149,149,41,113944
131,2.3e-05,172.31.46.0-255,66,215,41,113944
132,3.1e-05,172.217.194.0-255,1484,1699,41,113944
133,3.6e-05,172.31.46.0-255,66,1765,41,113944
134,4.2e-05,172.217.194.0-255,2902,4667,41,113944
135,4.5e-05,172.31.46.0-255,66,4733,41,113944
136,5.1e-05,172.217.194.0-255,5738,10471,41,113944
137,5.4e-05,172.31.46.0-255,66,10537,41,113944
138,7.6e-05,172.217.194.0-255,1484,12021,41,113944
139,7.9e-05,172.31.46.0-255,66,12087,41,113944
140,8.4e-05,172.217.194.0-255,2111,14198,41,113944
141,8.6e-05,172.31.46.0-255,66,14264,41,113944
142,0.000101,172.217.194.0-255,4320,18584,41,113944
143,0.000104,172.31.46.0-255,66,18650,41,113944
144,0.000136,172.31.46.0-255,66,18716,41,113944
145,0.00014,172.217.194.0-255,1484,20200,41,113944
146,0.000142,172.31.46.0-255,66,20266,41,113944
147,0.000155,172.217.194.0-255,1484,21750,41,113944
148,0.000157,172.31.46.0-255,66,21816,41,113944
149,0.00017,172.217.194.0-255,2543,24359,41,113944
150,0.000173,172.31.46.0-255,66,24425,41,113944
151,0.000224,172.217.194.0-255,1484,25909,41,113944
152,0.000227,172.31.46.0-255,66,25975,41,113944
153,0.000231,172.217.194.0-255,2902,28877,41,113944
154,0.000234,172.31.46.0-255,66,28943,41,113944
155,0.000259,172.217.194.0-255,2902,31845,41,113944
156,0.000262,172.31.46.0-255,66,31911,41,113944
157,0.000285,172.217.194.0-255,2902,34813,41,113944
158,0.000288,172.31.46.0-255,66,34879,41,113944
159,0.000298,172.31.46.0-255,66,34945,41,113944
160,0.000345,172.217.194.0-255,1484,36429,41,113944
161,0.000351,172.217.194.0-255,2902,39331,41,113944
162,0.000353,172.31.46.0-255,66,39397,41,113944
163,0.000359,172.217.194.0-255,5738,45135,41,113944
164,0.000361,172.31.46.0-255,66,45201,41,113944
165,0.000371,172.31.46.0-255,66,45267,41,113944
166,0.000383,172.217.194.0-255,677,45944,41,113944
167,0.000521,172.217.194.0-255,1484,47428,41,113944
168,0.000527,172.217.194.0-255,2902,50330,41,113944
169,0.000532,172.217.194.0-255,4320,54650,41,113944
170,0.000542,172.31.46.0-255,66,54716,41,113944
171,0.000546,172.31.46.0-255,66,54782,41,113944
172,0.000549,172.31.46.0-255,66,54848,41,113944
173,0.000553,172.217.194.0-255,1484,56332,41,113944
174,0.000559,172.217.194.0-255,4320,60652,41,113944
175,0.000561,172.31.46.0-255,66,60718,41,113944
176,0.000588,172.31.46.0-255,66,60784,41,113944
177,0.000626,172.31.46.0-255,66,60850,41,113944
178,0.000652,172.31.46.0-255,66,60916,41,113944
179,0.000673,172.217.194.0-255,1484,62400,41,113944
180,0.000687,172.31.46.0-255,66,62466,41,113944
181,0.000725,172.31.46.0-255,66,62532,41,113944
182,0.001094,172.217.194.0-255,1484,64016,41,113944
183,0.001099,172.217.194.0-255,2902,66918,41,113944
184,0.0011,172.217.194.0-255,1484,68402,41,113944
185,0.001105,172.31.46.0-255,66,68468,41,113944
186,0.001125,172.217.194.0-255,4320,72788,41,113944
187,0.001128,172.31.46.0-255,66,72854,41,113944
188,0.001137,172.31.46.0-255,66,72920,41,113944
189,0.00119,172.217.194.0-255,4320,77240,41,113944
190,0.001193,172.31.46.0-255,66,77306,41,113944
191,0.001221,172.31.46.0-255,66,77372,41,113944
192,0.001249,172.217.194.0-255,1484,78856,41,113944
193,0.001253,172.217.194.0-255,2902,81758,41,113944
194,0.001256,172.31.46.0-255,66,81824,41,113944
195,0.001278,172.217.194.0-255,5738,87562,41,113944
196,0.00128,172.31.46.0-255,66,87628,41,113944
197,0.001283,172.217.194.0-255,1484,89112,41,113944
198,0.001305,172.31.46.0-255,66,89178,41,113944
199,0.001328,172.217.194.0-255,1484,90662,41,113944
200,0.001357,172.31.46.0-255,66,90728,41,113944
201,0.00337,172.217.194.0-255,5738,96466,41,113944
202,0.003377,172.31.46.0-255,66,96532,41,113944
203,0.005385,172.217.194.0-255,5738,102270,41,113944
204,0.00539,172.31.46.0-255,66,102336,41,113944
205,0.007408,172.217.194.0-255,5738,108074,41,113944
206,0.007413,172.31.46.0-255,66,108140,41,113944
207,0.009447,172.217.194.0-255,5738,113878,41,113944
208,0.009454,172.31.46.0-255,66,113944,41,113944
209,0.0,172.217.194.0-255,145,145,41,174719
210,2.4e-05,172.31.46.0-255,66,211,41,174719
211,3.2e-05,172.217.194.0-255,1484,1695,41,174719
212,3.7e-05,172.31.46.0-255,66,1761,41,174719
213,5e-05,172.217.194.0-255,2902,4663,41,174719
214,5.4e-05,172.31.46.0-255,66,4729,41,174719
215,6.1e-05,172.217.194.0-255,5738,10467,41,174719
216,6.5e-05,172.31.46.0-255,66,10533,41,174719
217,7.4e-05,172.217.194.0-255,6226,16759,41,174719
218,7.8e-05,172.31.46.0-255,66,16825,41,174719
219,8.3e-05,172.217.194.0-255,4320,21145,41,174719
220,8.6e-05,172.31.46.0-255,66,21211,41,174719
221,0.000134,172.31.46.0-255,66,21277,41,174719
222,0.000139,172.217.194.0-255,4320,25597,41,174719
223,0.000142,172.31.46.0-255,66,25663,41,174719
224,0.000176,172.31.46.0-255,66,25729,41,174719
225,0.000184,172.217.194.0-255,2543,28272,41,174719
226,0.000186,172.31.46.0-255,66,28338,41,174719
227,0.000327,172.217.194.0-255,1484,29822,41,174719
228,0.000331,172.31.46.0-255,66,29888,41,174719
229,0.00035,172.217.194.0-255,2902,32790,41,174719
230,0.000353,172.31.46.0-255,66,32856,41,174719
231,0.00036,172.217.194.0-255,5738,38594,41,174719
232,0.000362,172.31.46.0-255,66,38660,41,174719
233,0.000372,172.31.46.0-255,66,38726,41,174719
234,0.000402,172.217.194.0-255,4320,43046,41,174719
235,0.000405,172.31.46.0-255,66,43112,41,174719
236,0.000408,172.217.194.0-255,1484,44596,41,174719
237,0.00041,172.31.46.0-255,66,44662,41,174719
238,0.00044,172.217.194.0-255,4320,48982,41,174719
239,0.000443,172.31.46.0-255,66,49048,41,174719
240,0.000468,172.31.46.0-255,66,49114,41,174719
241,0.000472,172.217.194.0-255,2902,52016,41,174719
242,0.000474,172.31.46.0-255,66,52082,41,174719
243,0.000508,172.217.194.0-255,5738,57820,41,174719
244,0.000511,172.31.46.0-255,66,57886,41,174719
245,0.000517,172.217.194.0-255,4320,62206,41,174719
246,0.000518,172.31.46.0-255,66,62272,41,174719
247,0.000549,172.217.194.0-255,3961,66233,41,174719
248,0.000552,172.31.46.0-255,66,66299,41,174719
249,0.000898,172.217.194.0-255,1484,67783,41,174719
250,0.000904,172.217.194.0-255,1484,69267,41,174719
251,0.000908,172.31.46.0-255,66,69333,41,174719
252,0.000932,172.217.194.0-255,1484,70817,41,174719
253,0.000939,172.217.194.0-255,5738,76555,41,174719
254,0.000942,172.31.46.0-255,66,76621,41,174719
255,0.00099,172.31.46.0-255,66,76687,41,174719
256,0.000997,172.217.194.0-255,5738,82425,41,174719
257,0.000999,172.31.46.0-255,66,82491,41,174719
258,0.001028,172.217.194.0-255,4471,86962,41,174719
259,0.001031,172.31.46.0-255,66,87028,41,174719
260,0.001063,172.217.194.0-255,5738,92766,41,174719
261,0.001067,172.31.46.0-255,66,92832,41,174719
262,0.001097,172.31.46.0-255,66,92898,41,174719
263,0.001131,172.217.194.0-255,1484,94382,41,174719
264,0.001158,172.31.46.0-255,66,94448,41,174719
265,0.001176,172.217.194.0-255,2184,96632,41,174719
266,0.00118,172.31.46.0-255,66,96698,41,174719
267,0.001322,172.217.194.0-255,1484,98182,41,174719
268,0.001328,172.217.194.0-255,2902,101084,41,174719
269,0.001331,172.31.46.0-255,66,101150,41,174719
270,0.001336,172.217.194.0-255,2902,104052,41,174719
271,0.001338,172.31.46.0-255,66,104118,41,174719
272,0.001369,172.217.194.0-255,2902,107020,41,174719
273,0.001372,172.31.46.0-255,66,107086,41,174719
274,0.001412,172.217.194.0-255,5738,112824,41,174719
275,0.001414,172.31.46.0-255,66,112890,41,174719
276,0.001441,172.31.46.0-255,66,112956,41,174719
277,0.001453,172.31.46.0-255,66,113022,41,174719
278,0.001455,172.217.194.0-255,766,113788,41,174719
279,0.001665,172.217.194.0-255,1484,115272,41,174719
280,0.00167,172.31.46.0-255,66,115338,41,174719
281,0.001676,172.217.194.0-255,2902,118240,41,174719
282,0.001678,172.31.46.0-255,66,118306,41,174719
283,0.001689,172.217.194.0-255,5738,124044,41,174719
284,0.001693,172.31.46.0-255,66,124110,41,174719
285,0.001703,172.31.46.0-255,66,124176,41,174719
286,0.001743,172.217.194.0-255,2184,126360,41,174719
287,0.001748,172.31.46.0-255,66,126426,41,174719
288,0.001763,172.31.46.0-255,66,126492,41,174719
289,0.001933,172.217.194.0-255,1484,127976,41,174719
290,0.00194,172.217.194.0-255,2902,130878,41,174719
291,0.001944,172.31.46.0-255,66,130944,41,174719
292,0.001981,172.217.194.0-255,5738,136682,41,174719
293,0.001984,172.31.46.0-255,66,136748,41,174719
294,0.001988,172.217.194.0-255,2902,139650,41,174719
295,0.00199,172.31.46.0-255,66,139716,41,174719
296,0.002048,172.31.46.0-255,66,139782,41,174719
297,0.002061,172.31.46.0-255,66,139848,41,174719
298,0.002077,172.31.46.0-255,66,139914,41,174719
299,0.002128,172.31.46.0-255,66,139980,41,174719
300,0.002134,172.217.194.0-255,3602,143582,41,174719
301,0.002136,172.31.46.0-255,66,143648,41,174719
302,0.002208,172.217.194.0-255,1484,145132,41,174719
303,0.002224,172.217.194.0-255,2902,148034,41,174719
304,0.002226,172.217.194.0-255,1484,149518,41,174719
305,0.00223,172.31.46.0-255,66,149584,41,174719
306,0.002256,172.217.194.0-255,4320,153904,41,174719
307,0.002258,172.31.46.0-255,66,153970,41,174719
308,0.002272,172.31.46.0-255,66,154036,41,174719
309,0.002285,172.31.46.0-255,66,154102,41,174719
310,0.002329,172.217.194.0-255,1484,155586,41,174719
311,0.002334,172.217.194.0-255,2902,158488,41,174719
312,0.002336,172.31.46.0-255,66,158554,41,174719
313,0.002365,172.217.194.0-255,5738,164292,41,174719
314,0.002388,172.217.194.0-255,1484,165776,41,174719
315,0.002394,172.31.46.0-255,66,165842,41,174719
316,0.002415,172.217.194.0-255,5738,171580,41,174719
317,0.002494,172.31.46.0-255,66,171646,41,174719
318,0.00252,172.217.194.0-255,2902,174548,41,174719
319,0.002557,172.31.46.0-255,66,174614,41,174719
320,0.005035,172.217.194.0-255,105,174719,41,174719
321,0.0,172.253.118.0-255,153,153,41,116315
322,2e-05,172.31.46.0-255,66,219,41,116315
323,2.7e-05,172.253.118.0-255,1484,1703,41,116315
324,3.1e-05,172.31.46.0-255,66,1769,41,116315
325,3.7e-05,172.253.118.0-255,2902,4671,41,116315
326,4e-05,172.31.46.0-255,66,4737,41,116315
327,4.7e-05,172.253.118.0-255,5738,10475,41,116315
328,5.1e-05,172.31.46.0-255,66,10541,41,116315
329,8e-05,172.253.118.0-255,3506,14047,41,116315
330,8.3e-05,172.31.46.0-255,66,14113,41,116315
331,0.000147,172.253.118.0-255,1484,15597,41,116315
332,0.00015,172.31.46.0-255,66,15663,41,116315
333,0.00017,172.253.118.0-255,2902,18565,41,116315
334,0.000173,172.31.46.0-255,66,18631,41,116315
335,0.00018,172.253.118.0-255,5738,24369,41,116315
336,0.000183,172.31.46.0-255,66,24435,41,116315
337,0.00021,172.253.118.0-255,1484,25919,41,116315
338,0.000213,172.31.46.0-255,66,25985,41,116315
339,0.00024,172.253.118.0-255,5379,31364,41,116315
340,0.000243,172.31.46.0-255,66,31430,41,116315
341,0.000319,172.253.118.0-255,1484,32914,41,116315
342,0.000323,172.31.46.0-255,66,32980,41,116315
343,0.000328,172.253.118.0-255,2902,35882,41,116315
344,0.00033,172.31.46.0-255,66,35948,41,116315
345,0.000335,172.253.118.0-255,2902,38850,41,116315
346,0.000337,172.31.46.0-255,66,38916,41,116315
347,0.00036,172.253.118.0-255,2902,41818,41,116315
348,0.000363,172.31.46.0-255,66,41884,41,116315
349,0.000374,172.31.46.0-255,66,41950,41,116315
350,0.000407,172.31.46.0-255,66,42016,41,116315
351,0.00043,172.31.46.0-255,66,42082,41,116315
352,0.000455,172.253.118.0-255,2543,44625,41,116315
353,0.000457,172.31.46.0-255,66,44691,41,116315
354,0.000928,172.253.118.0-255,645,45336,41,116315
355,0.001094,172.253.118.0-255,1484,46820,41,116315
356,0.001098,172.31.46.0-255,66,46886,41,116315
357,0.001104,172.253.118.0-255,2902,49788,41,116315
358,0.001107,172.31.46.0-255,66,49854,41,116315
359,0.001131,172.253.118.0-255,4320,54174,41,116315
360,0.001134,172.31.46.0-255,66,54240,41,116315
361,0.001156,172.253.118.0-255,4320,58560,41,116315
362,0.001159,172.31.46.0-255,66,58626,41,116315
363,0.001184,172.253.118.0-255,5379,64005,41,116315
364,0.001187,172.31.46.0-255,66,64071,41,116315
365,0.001194,172.253.118.0-255,4320,68391,41,116315
366,0.001196,172.31.46.0-255,66,68457,41,116315
367,0.001233,172.253.118.0-255,1484,69941,41,116315
368,0.001265,172.31.46.0-255,66,70007,41,116315
369,0.002401,172.253.118.0-255,1484,71491,41,116315
370,0.00241,172.253.118.0-255,2902,74393,41,116315
371,0.002415,172.31.46.0-255,66,74459,41,116315
372,0.002424,172.253.118.0-255,5738,80197,41,116315
373,0.002427,172.31.46.0-255,66,80263,41,116315
374,0.002442,172.253.118.0-255,2902,83165,41,116315
375,0.002444,172.31.46.0-255,66,83231,41,116315
376,0.002462,172.253.118.0-255,5738,88969,41,116315
377,0.002465,172.31.46.0-255,66,89035,41,116315
378,0.00247,172.253.118.0-255,4320,93355,41,116315
379,0.002472,172.31.46.0-255,66,93421,41,116315
380,0.002493,172.253.118.0-255,5738,99159,41,116315
381,0.002495,172.31.46.0-255,66,99225,41,116315
382,0.002499,172.253.118.0-255,2902,102127,41,116315
383,0.002501,172.31.46.0-255,66,102193,41,116315
384,0.002516,172.253.118.0-255,2184,104377,41,116315
385,0.002518,172.31.46.0-255,66,104443,41,116315
386,0.005035,172.253.118.0-255,2902,107345,41,116315
387,0.005039,172.31.46.0-255,66,107411,41,116315
388,0.005057,172.253.118.0-255,2902,110313,41,116315
389,0.005059,172.31.46.0-255,66,110379,41,116315
390,0.007581,172.253.118.0-255,2902,113281,41,116315
391,0.007592,172.31.46.0-255,66,113347,41,116315
392,0.007614,172.253.118.0-255,2902,116249,41,116315
393,0.007616,172.31.46.0-255,66,116315,41,116315
394,0.0,172.217.194.0-255,145,145,41,85974
395,1.1e-05,172.31.46.0-255,66,211,41,85974
396,1.6e-05,172.217.194.0-255,1484,1695,41,85974
397,2.1e-05,172.31.46.0-255,66,1761,41,85974
398,2.7e-05,172.217.194.0-255,2902,4663,41,85974
399,3e-05,172.31.46.0-255,66,4729,41,85974
400,4.6e-05,172.217.194.0-255,2902,7631,41,85974
401,4.9e-05,172.31.46.0-255,66,7697,41,85974
402,7.1e-05,172.217.194.0-255,2902,10599,41,85974
403,7.3e-05,172.31.46.0-255,66,10665,41,85974
404,0.0001,172.217.194.0-255,3509,14174,41,85974
405,0.000102,172.31.46.0-255,66,14240,41,85974
406,0.000134,172.217.194.0-255,1484,15724,41,85974
407,0.000137,172.31.46.0-255,66,15790,41,85974
408,0.000142,172.217.194.0-255,2902,18692,41,85974
409,0.000144,172.31.46.0-255,66,18758,41,85974
410,0.000147,172.217.194.0-255,1484,20242,41,85974
411,0.000149,172.31.46.0-255,66,20308,41,85974
412,0.000173,172.217.194.0-255,4320,24628,41,85974
413,0.000175,172.31.46.0-255,66,24694,41,85974
414,0.000191,172.217.194.0-255,4320,29014,41,85974
415,0.000195,172.31.46.0-255,66,29080,41,85974
416,0.000225,172.217.194.0-255,5379,34459,41,85974
417,0.000228,172.31.46.0-255,66,34525,41,85974
418,0.000232,172.217.194.0-255,2902,37427,41,85974
419,0.000234,172.31.46.0-255,66,37493,41,85974
420,0.000253,172.31.46.0-255,66,37559,41,85974
421,0.000258,172.217.194.0-255,3961,41520,41,85974
422,0.00026,172.31.46.0-255,66,41586,41,85974
423,0.000266,172.217.194.0-255,4320,45906,41,85974
424,0.000268,172.31.46.0-255,66,45972,41,85974
425,0.000306,172.217.194.0-255,2543,48515,41,85974
426,0.000323,172.217.194.0-255,340,48855,41,85974
427,0.000413,172.217.194.0-255,119,48974,41,85974
428,0.000487,172.31.46.0-255,66,49040,41,85974
429,0.001005,172.217.194.0-255,380,49420,41,85974
430,0.001073,172.31.46.0-255,66,49486,41,85974
431,0.001152,172.217.194.0-255,1484,50970,41,85974
432,0.001159,172.217.194.0-255,1484,52454,41,85974
433,0.001174,172.217.194.0-255,1484,53938,41,85974
434,0.0012,172.217.194.0-255,5738,59676,41,85974
435,0.001269,172.217.194.0-255,766,60442,41,85974
436,0.001899,172.217.194.0-255,1484,61926,41,85974
437,0.001919,172.217.194.0-255,2902,64828,41,85974
438,0.001925,172.217.194.0-255,5738,70566,41,85974
439,0.00195,172.217.194.0-255,2902,73468,41,85974
440,0.001982,172.217.194.0-255,766,74234,41,85974
441,0.003935,172.31.46.0-255,66,74300,41,85974
442,0.006554,172.217.194.0-255,5738,80038,41,85974
443,0.00656,172.31.46.0-255,66,80104,41,85974
444,0.00912,172.217.194.0-255,4320,84424,41,85974
445,0.009127,172.31.46.0-255,66,84490,41,85974
446,0.009144,172.217.194.0-255,1484,85974,41,85974
447,0.0,172.31.46.0-255,74,74,41,4909
448,0.00207,74.125.130.0-255,74,148,41,4909
449,0.002088,172.31.46.0-255,66,214,41,4909
450,0.00344,172.31.46.0-255,583,797,41,4909
451,0.005509,74.125.130.0-255,66,863,41,4909
452,0.005951,74.125.130.0-255,1484,2347,41,4909
453,0.005961,172.31.46.0-255,66,2413,41,4909
454,0.005978,74.125.130.0-255,2430,4843,41,4909
455,0.005983,172.31.46.0-255,66,4909,41,4909
456,0.0,74.125.200.0-255,152,152,41,148210
457,2.3e-05,172.31.46.0-255,66,218,41,148210
458,3e-05,74.125.200.0-255,1484,1702,41,148210
459,3.5e-05,172.31.46.0-255,66,1768,41,148210
460,5e-05,74.125.200.0-255,2902,4670,41,148210
461,5.4e-05,172.31.46.0-255,66,4736,41,148210
462,5.9e-05,74.125.200.0-255,2902,7638,41,148210
463,6.2e-05,172.31.46.0-255,66,7704,41,148210
464,6.8e-05,74.125.200.0-255,4320,12024,41,148210
465,7.1e-05,172.31.46.0-255,66,12090,41,148210
466,9.2e-05,74.125.200.0-255,1484,13574,41,148210
467,9.5e-05,172.31.46.0-255,66,13640,41,148210
468,0.000116,74.125.200.0-255,663,14303,41,148210
469,0.000119,172.31.46.0-255,66,14369,41,148210
470,0.000167,74.125.200.0-255,1484,15853,41,148210
471,0.000169,172.31.46.0-255,66,15919,41,148210
472,0.000195,74.125.200.0-255,4320,20239,41,148210
473,0.000198,172.31.46.0-255,66,20305,41,148210
474,0.000203,74.125.200.0-255,2902,23207,41,148210
475,0.000205,172.31.46.0-255,66,23273,41,148210
476,0.000226,74.125.200.0-255,2902,26175,41,148210
477,0.000229,172.31.46.0-255,66,26241,41,148210
478,0.000233,74.125.200.0-255,2902,29143,41,148210
479,0.000239,172.31.46.0-255,66,29209,41,148210
480,0.000273,74.125.200.0-255,3961,33170,41,148210
481,0.000276,172.31.46.0-255,66,33236,41,148210
482,0.000285,172.31.46.0-255,66,33302,41,148210
483,0.00029,74.125.200.0-255,4320,37622,41,148210
484,0.0003,172.31.46.0-255,66,37688,41,148210
485,0.000331,74.125.200.0-255,3961,41649,41,148210
486,0.000334,172.31.46.0-255,66,41715,41,148210
487,0.000462,74.125.200.0-255,1484,43199,41,148210
488,0.000479,74.125.200.0-255,2902,46101,41,148210
489,0.000483,172.31.46.0-255,66,46167,41,148210
490,0.000487,74.125.200.0-255,1484,47651,41,148210
491,0.00051,74.125.200.0-255,5738,53389,41,148210
492,0.000513,172.31.46.0-255,66,53455,41,148210
493,0.000537,74.125.200.0-255,2902,56357,41,148210
494,0.00054,172.31.46.0-255,66,56423,41,148210
495,0.000568,74.125.200.0-255,3124,59547,41,148210
496,0.000571,172.31.46.0-255,66,59613,41,148210
497,0.000682,74.125.200.0-255,1484,61097,41,148210
498,0.000688,74.125.200.0-255,2902,63999,41,148210
499,0.000691,172.31.46.0-255,66,64065,41,148210
500,0.00072,74.125.200.0-255,5738,69803,41,148210
501,0.000726,172.31.46.0-255,66,69869,41,148210
502,0.000762,74.125.200.0-255,2902,72771,41,148210
503,0.000765,172.31.46.0-255,66,72837,41,148210
504,0.000785,74.125.200.0-255,5379,78216,41,148210
505,0.000788,172.31.46.0-255,66,78282,41,148210
506,0.000798,172.31.46.0-255,66,78348,41,148210
507,0.000808,172.31.46.0-255,66,78414,41,148210
508,0.000965,74.125.200.0-255,1484,79898,41,148210
509,0.000972,74.125.200.0-255,2902,82800,41,148210
510,0.000975,172.31.46.0-255,66,82866,41,148210
511,0.000979,74.125.200.0-255,1484,84350,41,148210
512,0.001001,74.125.200.0-255,2902,87252,41,148210
513,0.001004,172.31.46.0-255,66,87318,41,148210
514,0.00103,74.125.200.0-255,5738,93056,41,148210
515,0.001033,172.31.46.0-255,66,93122,41,148210
516,0.00106,172.31.46.0-255,66,93188,41,148210
517,0.001065,74.125.200.0-255,2902,96090,41,148210
518,0.001066,172.31.46.0-255,66,96156,41,148210
519,0.001105,172.31.46.0-255,66,96222,41,148210
520,0.001108,74.125.200.0-255,766,96988,41,148210
521,0.001911,172.31.46.0-255,66,97054,41,148210
522,0.001941,74.125.200.0-255,1484,98538,41,148210
523,0.001996,74.125.200.0-255,1484,100022,41,148210
524,0.001998,172.31.46.0-255,66,100088,41,148210
525,0.002028,74.125.200.0-255,2902,102990,41,148210
526,0.002031,172.31.46.0-255,66,103056,41,148210
527,0.00207,74.125.200.0-255,1484,104540,41,148210
528,0.002093,74.125.200.0-255,1484,106024,41,148210
529,0.002096,172.31.46.0-255,66,106090,41,148210
530,0.002117,74.125.200.0-255,1484,107574,41,148210
531,0.002119,74.125.200.0-255,1484,109058,41,148210
532,0.002121,172.31.46.0-255,66,109124,41,148210
533,0.002126,74.125.200.0-255,2902,112026,41,148210
534,0.002128,172.31.46.0-255,66,112092,41,148210
535,0.002147,74.125.200.0-255,5738,117830,41,148210
536,0.002149,172.31.46.0-255,66,117896,41,148210
537,0.002166,74.125.200.0-255,2902,120798,41,148210
538,0.002168,172.31.46.0-255,66,120864,41,148210
539,0.002188,74.125.200.0-255,1484,122348,41,148210
540,0.002208,74.125.200.0-255,2902,125250,41,148210
541,0.002211,172.31.46.0-255,66,125316,41,148210
542,0.002214,74.125.200.0-255,1484,126800,41,148210
543,0.002236,74.125.200.0-255,2902,129702,41,148210
544,0.002238,172.31.46.0-255,66,129768,41,148210
545,0.002265,74.125.200.0-255,2184,131952,41,148210
546,0.002269,172.31.46.0-255,66,132018,41,148210
547,0.004556,74.125.200.0-255,2902,134920,41,148210
548,0.004563,172.31.46.0-255,66,134986,41,148210
549,0.00459,74.125.200.0-255,2902,137888,41,148210
550,0.004593,172.31.46.0-255,66,137954,41,148210
551,0.006884,74.125.200.0-255,4320,142274,41,148210
552,0.006887,172.31.46.0-255,66,142340,41,148210
553,0.00691,74.125.200.0-255,1484,143824,41,148210
554,0.009204,74.125.200.0-255,4320,148144,41,148210
555,0.009214,172.31.46.0-255,66,148210,41,148210
556,0.0,74.125.68.0-255,155,155,41,261573
557,2.6e-05,172.31.46.0-255,66,221,41,261573
558,3.4e-05,74.125.68.0-255,1484,1705,41,261573
559,3.9e-05,172.31.46.0-255,66,1771,41,261573
560,4.5e-05,74.125.68.0-255,2902,4673,41,261573
561,5e-05,172.31.46.0-255,66,4739,41,261573
562,8.5e-05,74.125.68.0-255,5738,10477,41,261573
563,8.8e-05,172.31.46.0-255,66,10543,41,261573
564,0.000114,74.125.68.0-255,3450,13993,41,261573
565,0.000117,172.31.46.0-255,66,14059,41,261573
566,0.000508,74.125.68.0-255,1484,15543,41,261573
567,0.000516,172.31.46.0-255,66,15609,41,261573
568,0.000522,74.125.68.0-255,2902,18511,41,261573
569,0.000525,172.31.46.0-255,66,18577,41,261573
570,0.000548,74.125.68.0-255,1484,20061,41,261573
571,0.000551,172.31.46.0-255,66,20127,41,261573
572,0.000573,74.125.68.0-255,2902,23029,41,261573
573,0.000576,172.31.46.0-255,66,23095,41,261573
574,0.000582,74.125.68.0-255,5738,28833,41,261573
575,0.000585,172.31.46.0-255,66,28899,41,261573
576,0.000618,74.125.68.0-255,2543,31442,41,261573
577,0.000621,172.31.46.0-255,66,31508,41,261573
578,0.000678,74.125.68.0-255,1484,32992,41,261573
579,0.000682,172.31.46.0-255,66,33058,41,261573
580,0.000698,74.125.68.0-255,1484,34542,41,261573
581,0.000701,172.31.46.0-255,66,34608,41,261573
582,0.000721,74.125.68.0-255,2902,37510,41,261573
583,0.000724,172.31.46.0-255,66,37576,41,261573
584,0.000764,74.125.68.0-255,5738,43314,41,261573
585,0.000769,172.31.46.0-255,66,43380,41,261573
586,0.0008,74.125.68.0-255,2902,46282,41,261573
587,0.000804,172.31.46.0-255,66,46348,41,261573
588,0.000814,74.125.68.0-255,2543,48891,41,261573
589,0.000817,172.31.46.0-255,66,48957,41,261573
590,0.002506,74.125.68.0-255,1484,50441,41,261573
591,0.002524,74.125.68.0-255,2902,53343,41,261573
592,0.002534,172.31.46.0-255,66,53409,41,261573
593,0.002543,74.125.68.0-255,4320,57729,41,261573
594,0.002545,172.31.46.0-255,66,57795,41,261573
595,0.002552,74.125.68.0-255,5738,63533,41,261573
596,0.002555,172.31.46.0-255,66,63599,41,261573
597,0.002579,74.125.68.0-255,4320,67919,41,261573
598,0.002582,172.31.46.0-255,66,67985,41,261573
599,0.002604,74.125.68.0-255,2543,70528,41,261573
600,0.002607,172.31.46.0-255,66,70594,41,261573
601,0.002617,172.31.46.0-255,66,70660,41,261573
602,0.002652,172.31.46.0-255,66,70726,41,261573
603,0.002664,74.125.68.0-255,1484,72210,41,261573
604,0.002687,172.31.46.0-255,66,72276,41,261573
605,0.002721,74.125.68.0-255,2902,75178,41,261573
606,0.002723,172.31.46.0-255,66,75244,41,261573
607,0.002726,74.125.68.0-255,1484,76728,41,261573
608,0.002744,74.125.68.0-255,2902,79630,41,261573
609,0.002747,172.31.46.0-255,66,79696,41,261573
610,0.002777,74.125.68.0-255,5738,85434,41,261573
611,0.00278,172.31.46.0-255,66,85500,41,261573
612,0.002817,74.125.68.0-255,1484,86984,41,261573
613,0.002838,74.125.68.0-255,1484,88468,41,261573
614,0.00284,172.31.46.0-255,66,88534,41,261573
615,0.002858,74.125.68.0-255,1013,89547,41,261573
616,0.003333,74.125.68.0-255,209,89756,41,261573
617,0.003398,74.125.68.0-255,1484,91240,41,261573
618,0.003402,172.31.46.0-255,66,91306,41,261573
619,0.003405,74.125.68.0-255,1484,92790,41,261573
620,0.003421,74.125.68.0-255,1484,94274,41,261573
621,0.003423,172.31.46.0-255,66,94340,41,261573
622,0.003443,74.125.68.0-255,5738,100078,41,261573
623,0.003445,172.31.46.0-255,66,100144,41,261573
624,0.003448,74.125.68.0-255,1484,101628,41,261573
625,0.003468,74.125.68.0-255,2902,104530,41,261573
626,0.003471,172.31.46.0-255,66,104596,41,261573
627,0.003494,74.125.68.0-255,5738,110334,41,261573
628,0.003497,172.31.46.0-255,66,110400,41,261573
629,0.003502,74.125.68.0-255,2902,113302,41,261573
630,0.003504,172.31.46.0-255,66,113368,41,261573
631,0.003524,74.125.68.0-255,4320,117688,41,261573
632,0.003527,172.31.46.0-255,66,117754,41,261573
633,0.003554,74.125.68.0-255,4320,122074,41,261573
634,0.003557,172.31.46.0-255,66,122140,41,261573
635,0.003573,74.125.68.0-255,2184,124324,41,261573
636,0.003576,172.31.46.0-255,66,124390,41,261573
637,0.003702,74.125.68.0-255,1484,125874,41,261573
638,0.003706,74.125.68.0-255,1484,127358,41,261573
639,0.003708,172.31.46.0-255,66,127424,41,261573
640,0.003724,74.125.68.0-255,1484,128908,41,261573
641,0.003731,74.125.68.0-255,4320,133228,41,261573
642,0.003733,172.31.46.0-255,66,133294,41,261573
643,0.003752,74.125.68.0-255,1484,134778,41,261573
644,0.003762,172.31.46.0-255,66,134844,41,261573
645,0.003783,172.31.46.0-255,66,134910,41,261573
646,0.003801,74.125.68.0-255,1484,136394,41,261573
647,0.003845,172.31.46.0-255,66,136460,41,261573
648,0.003851,74.125.68.0-255,5738,142198,41,261573
649,0.003853,172.31.46.0-255,66,142264,41,261573
650,0.003869,74.125.68.0-255,2902,145166,41,261573
651,0.003872,172.31.46.0-255,66,145232,41,261573
652,0.003882,172.31.46.0-255,66,145298,41,261573
653,0.003887,74.125.68.0-255,4320,149618,41,261573
654,0.003892,172.31.46.0-255,66,149684,41,261573
655,0.003919,74.125.68.0-255,4320,154004,41,261573
656,0.003922,172.31.46.0-255,66,154070,41,261573
657,0.003932,172.31.46.0-255,66,154136,41,261573
658,0.003935,74.125.68.0-255,766,154902,41,261573
659,0.004025,74.125.68.0-255,1484,156386,41,261573
660,0.004028,172.31.46.0-255,66,156452,41,261573
661,0.004042,74.125.68.0-255,2902,159354,41,261573
662,0.004044,172.31.46.0-255,66,159420,41,261573
663,0.004047,74.125.68.0-255,1484,160904,41,261573
664,0.004071,74.125.68.0-255,1484,162388,41,261573
665,0.004073,172.31.46.0-255,66,162454,41,261573
666,0.004079,74.125.68.0-255,4320,166774,41,261573
667,0.004081,172.31.46.0-255,66,166840,41,261573
668,0.0041,74.125.68.0-255,2902,169742,41,261573
669,0.004103,172.31.46.0-255,66,169808,41,261573
670,0.004129,74.125.68.0-255,5738,175546,41,261573
671,0.004132,172.31.46.0-255,66,175612,41,261573
672,0.004136,74.125.68.0-255,2902,178514,41,261573
673,0.004138,172.31.46.0-255,66,178580,41,261573
674,0.004144,74.125.68.0-255,4320,182900,41,261573
675,0.004146,172.31.46.0-255,66,182966,41,261573
676,0.004176,74.125.68.0-255,1484,184450,41,261573
677,0.004201,74.125.68.0-255,5020,189470,41,261573
678,0.004204,172.31.46.0-255,66,189536,41,261573
679,0.004223,74.125.68.0-255,1484,191020,41,261573
680,0.00424,74.125.68.0-255,2902,193922,41,261573
681,0.004243,172.31.46.0-255,66,193988,41,261573
682,0.004263,74.125.68.0-255,4320,198308,41,261573
683,0.004265,172.31.46.0-255,66,198374,41,261573
684,0.004306,74.125.68.0-255,1484,199858,41,261573
685,0.004317,172.31.46.0-255,66,199924,41,261573
686,0.004327,172.31.46.0-255,66,199990,41,261573
687,0.004352,74.125.68.0-255,5738,205728,41,261573
688,0.004355,172.31.46.0-255,66,205794,41,261573
689,0.004359,74.125.68.0-255,1484,207278,41,261573
690,0.004387,172.31.46.0-255,66,207344,41,261573
691,0.004416,172.31.46.0-255,66,207410,41,261573
692,0.00442,74.125.68.0-255,2902,210312,41,261573
693,0.004422,172.31.46.0-255,66,210378,41,261573
694,0.004437,74.125.68.0-255,1484,211862,41,261573
695,0.004445,74.125.68.0-255,5738,217600,41,261573
696,0.004448,172.31.46.0-255,66,217666,41,261573
697,0.004467,74.125.68.0-255,1484,219150,41,261573
698,0.004501,172.31.46.0-255,66,219216,41,261573
699,0.00455,172.31.46.0-255,66,219282,41,261573
700,0.004562,172.31.46.0-255,66,219348,41,261573
701,0.004584,74.125.68.0-255,2902,222250,41,261573
702,0.004586,172.31.46.0-255,66,222316,41,261573
703,0.004592,74.125.68.0-255,4320,226636,41,261573
704,0.004594,172.31.46.0-255,66,226702,41,261573
705,0.004597,74.125.68.0-255,1484,228186,41,261573
706,0.004626,74.125.68.0-255,4320,232506,41,261573
707,0.004629,172.31.46.0-255,66,232572,41,261573
708,0.004634,74.125.68.0-255,2184,234756,41,261573
709,0.004636,172.31.46.0-255,66,234822,41,261573
710,0.00464,74.125.68.0-255,2902,237724,41,261573
711,0.004643,172.31.46.0-255,66,237790,41,261573
712,0.004647,74.125.68.0-255,2902,240692,41,261573
713,0.00465,172.31.46.0-255,66,240758,41,261573
714,0.004704,74.125.68.0-255,4320,245078,41,261573
715,0.004708,172.31.46.0-255,66,245144,41,261573
716,0.004715,74.125.68.0-255,5738,250882,41,261573
717,0.004717,172.31.46.0-255,66,250948,41,261573
718,0.004727,172.31.46.0-255,66,251014,41,261573
719,0.004734,74.125.68.0-255,4320,255334,41,261573
720,0.004736,172.31.46.0-255,66,255400,41,261573
721,0.004765,172.31.46.0-255,66,255466,41,261573
722,0.004778,172.31.46.0-255,66,255532,41,261573
723,0.004806,74.125.68.0-255,1484,257016,41,261573
724,0.004812,74.125.68.0-255,4320,261336,41,261573
725,0.004815,172.31.46.0-255,66,261402,41,261573
726,0.004878,172.31.46.0-255,66,261468,41,261573
727,0.004881,74.125.68.0-255,105,261573,41,261573
728,0.0,172.217.194.0-255,153,153,41,83759
729,2.4e-05,172.31.46.0-255,66,219,41,83759
730,3.2e-05,172.217.194.0-255,1484,1703,41,83759
731,3.7e-05,172.31.46.0-255,66,1769,41,83759
732,4.3e-05,172.217.194.0-255,2902,4671,41,83759
733,4.6e-05,172.31.46.0-255,66,4737,41,83759
734,6.1e-05,172.31.46.0-255,66,4803,41,83759
735,6.5e-05,172.217.194.0-255,2113,6916,41,83759
736,6.8e-05,172.31.46.0-255,66,6982,41,83759
737,0.000126,172.31.46.0-255,66,7048,41,83759
738,0.000131,172.217.194.0-255,2902,9950,41,83759
739,0.000133,172.31.46.0-255,66,10016,41,83759
740,0.000161,172.31.46.0-255,66,10082,41,83759
741,0.00018,172.31.46.0-255,66,10148,41,83759
742,0.000218,172.217.194.0-255,4320,14468,41,83759
743,0.000221,172.31.46.0-255,66,14534,41,83759
744,0.000241,172.217.194.0-255,2797,17331,41,83759
745,0.000243,172.31.46.0-255,66,17397,41,83759
746,0.000246,172.217.194.0-255,119,17516,41,83759
747,0.000248,172.31.46.0-255,66,17582,41,83759
748,0.000406,172.217.194.0-255,1484,19066,41,83759
749,0.000412,172.31.46.0-255,66,19132,41,83759
750,0.000417,172.217.194.0-255,2902,22034,41,83759
751,0.00042,172.31.46.0-255,66,22100,41,83759
752,0.000436,172.217.194.0-255,5738,27838,41,83759
753,0.000439,172.31.46.0-255,66,27904,41,83759
754,0.000449,172.31.46.0-255,66,27970,41,83759
755,0.000473,172.217.194.0-255,5738,33708,41,83759
756,0.000475,172.31.46.0-255,66,33774,41,83759
757,0.000488,172.31.46.0-255,66,33840,41,83759
758,0.000491,172.217.194.0-255,766,34606,41,83759
759,0.001287,172.217.194.0-255,379,34985,41,83759
760,0.001338,172.31.46.0-255,66,35051,41,83759
761,0.001462,172.217.194.0-255,1484,36535,41,83759
762,0.00147,172.217.194.0-255,2902,39437,41,83759
763,0.001473,172.31.46.0-255,66,39503,41,83759
764,0.001479,172.217.194.0-255,2902,42405,41,83759
765,0.00148,172.31.46.0-255,66,42471,41,83759
766,0.001495,172.217.194.0-255,2902,45373,41,83759
767,0.001497,172.31.46.0-255,66,45439,41,83759
768,0.001509,172.31.46.0-255,66,45505,41,83759
769,0.001542,172.217.194.0-255,4320,49825,41,83759
770,0.001544,172.31.46.0-255,66,49891,41,83759
771,0.001557,172.31.46.0-255,66,49957,41,83759
772,0.001961,172.217.194.0-255,1484,51441,41,83759
773,0.001975,172.217.194.0-255,2902,54343,41,83759
774,0.001977,172.31.46.0-255,66,54409,41,83759
775,0.001982,172.217.194.0-255,2902,57311,41,83759
776,0.001984,172.31.46.0-255,66,57377,41,83759
777,0.001997,172.217.194.0-255,2902,60279,41,83759
778,0.001999,172.31.46.0-255,66,60345,41,83759
779,0.002002,172.217.194.0-255,1484,61829,41,83759
780,0.002029,172.31.46.0-255,66,61895,41,83759
781,0.002053,172.217.194.0-255,4320,66215,41,83759
782,0.002055,172.31.46.0-255,66,66281,41,83759
783,0.002068,172.31.46.0-255,66,66347,41,83759
784,0.004077,172.217.194.0-255,5738,72085,41,83759
785,0.004085,172.31.46.0-255,66,72151,41,83759
786,0.006095,172.217.194.0-255,5738,77889,41,83759
787,0.006098,172.31.46.0-255,66,77955,41,83759
788,0.008134,172.217.194.0-255,5738,83693,41,83759
789,0.008141,172.31.46.0-255,66,83759,41,83759
790,0.0,74.125.24.0-255,291,291,41,81115
791,1.3e-05,172.31.46.0-255,66,357,41,81115
792,1.9e-05,74.125.24.0-255,1484,1841,41,81115
793,2.2e-05,172.31.46.0-255,66,1907,41,81115
794,3.6e-05,74.125.24.0-255,4320,6227,41,81115
795,4e-05,172.31.46.0-255,66,6293,41,81115
796,7.5e-05,74.125.24.0-255,4320,10613,41,81115
797,7.8e-05,172.31.46.0-255,66,10679,41,81115
798,0.000106,74.125.24.0-255,3264,13943,41,81115
799,0.000109,172.31.46.0-255,66,14009,41,81115
800,0.000203,172.31.46.0-255,66,14075,41,81115
801,0.000308,74.125.24.0-255,2902,16977,41,81115
802,0.000313,172.31.46.0-255,66,17043,41,81115
803,0.000333,74.125.24.0-255,5738,22781,41,81115
804,0.000336,172.31.46.0-255,66,22847,41,81115
805,0.000428,74.125.24.0-255,1125,23972,41,81115
806,0.000432,172.31.46.0-255,66,24038,41,81115
807,0.000469,172.31.46.0-255,66,24104,41,81115
808,0.000495,74.125.24.0-255,1484,25588,41,81115
809,0.000498,172.31.46.0-255,66,25654,41,81115
810,0.000657,172.31.46.0-255,66,25720,41,81115
811,0.000705,172.31.46.0-255,66,25786,41,81115
812,0.000951,74.125.24.0-255,381,26167,41,81115
813,0.000955,172.31.46.0-255,66,26233,41,81115
814,0.000983,74.125.24.0-255,1484,27717,41,81115
815,0.000986,172.31.46.0-255,66,27783,41,81115
816,0.000993,74.125.24.0-255,4320,32103,41,81115
817,0.000996,172.31.46.0-255,66,32169,41,81115
818,0.001069,172.31.46.0-255,66,32235,41,81115
819,0.001097,74.125.24.0-255,2902,35137,41,81115
820,0.001102,172.31.46.0-255,66,35203,41,81115
821,0.001219,74.125.24.0-255,5738,40941,41,81115
822,0.001254,74.125.24.0-255,5020,45961,41,81115
823,0.00126,172.31.46.0-255,66,46027,41,81115
824,0.00149,74.125.24.0-255,1484,47511,41,81115
825,0.001513,74.125.24.0-255,2902,50413,41,81115
826,0.001517,172.31.46.0-255,66,50479,41,81115
827,0.001556,74.125.24.0-255,5738,56217,41,81115
828,0.001561,172.31.46.0-255,66,56283,41,81115
829,0.001643,74.125.24.0-255,4320,60603,41,81115
830,0.001667,172.31.46.0-255,66,60669,41,81115
831,0.001676,172.31.46.0-255,66,60735,41,81115
832,0.001855,172.31.46.0-255,66,60801,41,81115
833,0.002003,74.125.24.0-255,5738,66539,41,81115
834,0.002007,172.31.46.0-255,66,66605,41,81115
835,0.003054,74.125.24.0-255,2902,69507,41,81115
836,0.003198,74.125.24.0-255,5738,75245,41,81115
837,0.005449,172.31.46.0-255,66,75311,41,81115
838,0.007739,74.125.24.0-255,5738,81049,41,81115
839,0.007746,172.31.46.0-255,66,81115,41,81115
840,0.0,74.125.200.0-255,145,145,41,140608
841,2.2e-05,172.31.46.0-255,66,211,41,140608
842,2.9e-05,74.125.200.0-255,1484,1695,41,140608
843,3.4e-05,172.31.46.0-255,66,1761,41,140608
844,4.7e-05,74.125.200.0-255,2902,4663,41,140608
845,5.1e-05,172.31.46.0-255,66,4729,41,140608
846,9.7e-05,74.125.200.0-255,4320,9049,41,140608
847,0.000101,172.31.46.0-255,66,9115,41,140608
848,0.000108,74.125.200.0-255,4950,14065,41,140608
849,0.000111,172.31.46.0-255,66,14131,41,140608
850,0.000136,74.125.200.0-255,4320,18451,41,140608
851,0.000138,172.31.46.0-255,66,18517,41,140608
852,0.000165,74.125.200.0-255,5738,24255,41,140608
853,0.000168,172.31.46.0-255,66,24321,41,140608
854,0.0002,172.31.46.0-255,66,24387,41,140608
855,0.000278,74.125.200.0-255,1484,25871,41,140608
856,0.000281,172.31.46.0-255,66,25937,41,140608
857,0.0003,74.125.200.0-255,2902,28839,41,140608
858,0.000303,172.31.46.0-255,66,28905,41,140608
859,0.000334,74.125.200.0-255,5738,34643,41,140608
860,0.000337,172.31.46.0-255,66,34709,41,140608
861,0.000368,172.31.46.0-255,66,34775,41,140608
862,0.000397,74.125.200.0-255,4320,39095,41,140608
863,0.0004,172.31.46.0-255,66,39161,41,140608
864,0.000453,74.125.200.0-255,5738,44899,41,140608
865,0.000456,172.31.46.0-255,66,44965,41,140608
866,0.000459,74.125.200.0-255,1484,46449,41,140608
867,0.000461,172.31.46.0-255,66,46515,41,140608
868,0.000467,74.125.200.0-255,2902,49417,41,140608
869,0.000469,172.31.46.0-255,66,49483,41,140608
870,0.000491,74.125.200.0-255,1484,50967,41,140608
871,0.00055,74.125.200.0-255,1396,52363,41,140608
872,0.000554,172.31.46.0-255,66,52429,41,140608
873,0.001134,74.125.200.0-255,385,52814,41,140608
874,0.001162,172.31.46.0-255,66,52880,41,140608
875,0.001518,74.125.200.0-255,1484,54364,41,140608
876,0.001529,74.125.200.0-255,2902,57266,41,140608
877,0.001546,172.31.46.0-255,66,57332,41,140608
878,0.001554,74.125.200.0-255,5738,63070,41,140608
879,0.001557,172.31.46.0-255,66,63136,41,140608
880,0.001598,172.31.46.0-255,66,63202,41,140608
881,0.001635,172.31.46.0-255,66,63268,41,140608
882,0.001665,172.31.46.0-255,66,63334,41,140608
883,0.001905,74.125.200.0-255,1484,64818,41,140608
884,0.001914,74.125.200.0-255,2902,67720,41,140608
885,0.001918,172.31.46.0-255,66,67786,41,140608
886,0.001947,74.125.200.0-255,5738,73524,41,140608
887,0.00195,172.31.46.0-255,66,73590,41,140608
888,0.001955,74.125.200.0-255,2902,76492,41,140608
889,0.001957,172.31.46.0-255,66,76558,41,140608
890,0.001998,74.125.200.0-255,4320,80878,41,140608
891,0.002,172.31.46.0-255,66,80944,41,140608
892,0.002011,172.31.46.0-255,66,81010,41,140608
893,0.002023,172.31.46.0-255,66,81076,41,140608
894,0.002057,172.31.46.0-255,66,81142,41,140608
895,0.002095,74.125.200.0-255,5738,86880,41,140608
896,0.002097,172.31.46.0-255,66,86946,41,140608
897,0.002129,74.125.200.0-255,4320,91266,41,140608
898,0.002131,172.31.46.0-255,66,91332,41,140608
899,0.002146,172.31.46.0-255,66,91398,41,140608
900,0.002156,172.31.46.0-255,66,91464,41,140608
901,0.002202,74.125.200.0-255,1484,92948,41,140608
902,0.002216,74.125.200.0-255,2902,95850,41,140608
903,0.002219,172.31.46.0-255,66,95916,41,140608
904,0.002249,74.125.200.0-255,5738,101654,41,140608
905,0.002251,172.31.46.0-255,66,101720,41,140608
906,0.002256,74.125.200.0-255,4320,106040,41,140608
907,0.002259,172.31.46.0-255,66,106106,41,140608
908,0.002262,74.125.200.0-255,1484,107590,41,140608
909,0.002292,74.125.200.0-255,4320,111910,41,140608
910,0.002294,172.31.46.0-255,66,111976,41,140608
911,0.002305,172.31.46.0-255,66,112042,41,140608
912,0.002331,74.125.200.0-255,4320,116362,41,140608
913,0.002333,172.31.46.0-255,66,116428,41,140608
914,0.002337,74.125.200.0-255,2184,118612,41,140608
915,0.00234,172.31.46.0-255,66,118678,41,140608
916,0.00237,74.125.200.0-255,5738,124416,41,140608
917,0.002373,172.31.46.0-255,66,124482,41,140608
918,0.002397,172.31.46.0-255,66,124548,41,140608
919,0.004743,74.125.200.0-255,4320,128868,41,140608
920,0.004746,172.31.46.0-255,66,128934,41,140608
921,0.004771,74.125.200.0-255,1484,130418,41,140608
922,0.0071,74.125.200.0-255,4320,134738,41,140608
923,0.007108,172.31.46.0-255,66,134804,41,140608
924,0.009473,74.125.200.0-255,5738,140542,41,140608
925,0.00948,172.31.46.0-255,66,140608,41,140608
926,0.0,74.125.130.0-255,152,152,41,183538
927,2.2e-05,172.31.46.0-255,66,218,41,183538
928,2.9e-05,74.125.130.0-255,1484,1702,41,183538
929,3.4e-05,172.31.46.0-255,66,1768,41,183538
930,5.6e-05,74.125.130.0-255,2902,4670,41,183538
931,6.3e-05,172.31.46.0-255,66,4736,41,183538
932,6.7e-05,74.125.130.0-255,1484,6220,41,183538
933,7.1e-05,172.31.46.0-255,66,6286,41,183538
934,0.0001,74.125.130.0-255,2902,9188,41,183538
935,0.000103,172.31.46.0-255,66,9254,41,183538
936,0.000133,74.125.130.0-255,4813,14067,41,183538
937,0.000137,172.31.46.0-255,66,14133,41,183538
938,0.000167,74.125.130.0-255,5738,19871,41,183538
939,0.00017,172.31.46.0-255,66,19937,41,183538
940,0.000174,74.125.130.0-255,2902,22839,41,183538
941,0.000177,172.31.46.0-255,66,22905,41,183538
942,0.000219,74.125.130.0-255,2902,25807,41,183538
943,0.000221,172.31.46.0-255,66,25873,41,183538
944,0.000249,74.125.130.0-255,5379,31252,41,183538
945,0.000252,172.31.46.0-255,66,31318,41,183538
946,0.000342,74.125.130.0-255,1484,32802,41,183538
947,0.000345,172.31.46.0-255,66,32868,41,183538
948,0.00035,74.125.130.0-255,2902,35770,41,183538
949,0.000353,172.31.46.0-255,66,35836,41,183538
950,0.000387,74.125.130.0-255,5738,41574,41,183538
951,0.000389,172.31.46.0-255,66,41640,41,183538
952,0.000399,172.31.46.0-255,66,41706,41,183538
953,0.000438,74.125.130.0-255,5738,47444,41,183538
954,0.000442,172.31.46.0-255,66,47510,41,183538
955,0.00045,74.125.130.0-255,1484,48994,41,183538
956,0.000452,172.31.46.0-255,66,49060,41,183538
957,0.000489,172.31.46.0-255,66,49126,41,183538
958,0.000492,74.125.130.0-255,1377,50503,41,183538
959,0.000496,74.125.130.0-255,119,50622,41,183538
960,0.000532,74.125.130.0-255,382,51004,41,183538
961,0.000535,172.31.46.0-255,66,51070,41,183538
962,0.000738,74.125.130.0-255,1484,52554,41,183538
963,0.000754,74.125.130.0-255,2902,55456,41,183538
964,0.000758,172.31.46.0-255,66,55522,41,183538
965,0.000786,74.125.130.0-255,4320,59842,41,183538
966,0.000789,172.31.46.0-255,66,59908,41,183538
967,0.000803,74.125.130.0-255,1484,61392,41,183538
968,0.000819,74.125.130.0-255,4320,65712,41,183538
969,0.000821,172.31.46.0-255,66,65778,41,183538
970,0.000826,74.125.130.0-255,2543,68321,41,183538
971,0.000828,172.31.46.0-255,66,68387,41,183538
972,0.000869,74.125.130.0-255,2902,71289,41,183538
973,0.000874,172.31.46.0-255,66,71355,41,183538
974,0.000884,74.125.130.0-255,4320,75675,41,183538
975,0.000887,172.31.46.0-255,66,75741,41,183538
976,0.000904,74.125.130.0-255,1484,77225,41,183538
977,0.000923,74.125.130.0-255,4320,81545,41,183538
978,0.000926,172.31.46.0-255,66,81611,41,183538
979,0.000931,74.125.130.0-255,2902,84513,41,183538
980,0.000933,172.31.46.0-255,66,84579,41,183538
981,0.00095,74.125.130.0-255,1125,85704,41,183538
982,0.001448,74.125.130.0-255,1484,87188,41,183538
983,0.001453,172.31.46.0-255,66,87254,41,183538
984,0.001459,74.125.130.0-255,2902,90156,41,183538
985,0.001461,172.31.46.0-255,66,90222,41,183538
986,0.001502,74.125.130.0-255,5738,95960,41,183538
987,0.001505,172.31.46.0-255,66,96026,41,183538
988,0.00151,74.125.130.0-255,2902,98928,41,183538
989,0.001512,172.31.46.0-255,66,98994,41,183538
990,0.001516,74.125.130.0-255,2902,101896,41,183538
991,0.001519,172.31.46.0-255,66,101962,41,183538
992,0.001555,172.31.46.0-255,66,102028,41,183538
993,0.001566,74.125.130.0-255,4320,106348,41,183538
994,0.001568,172.31.46.0-255,66,106414,41,183538
995,0.001574,74.125.130.0-255,5738,112152,41,183538
996,0.001576,172.31.46.0-255,66,112218,41,183538
997,0.001579,74.125.130.0-255,766,112984,41,183538
998,0.0019,74.125.130.0-255,1484,114468,41,183538
999,0.001905,172.31.46.0-255,66,114534,41,183538
1000,0.001909,74.125.130.0-255,1484,116018,41,183538
1001,0.001938,74.125.130.0-255,1484,117502,41,183538
1002,0.001941,172.31.46.0-255,66,117568,41,183538
1003,0.001944,74.125.130.0-255,1484,119052,41,183538
1004,0.001975,74.125.130.0-255,4320,123372,41,183538
1005,0.001978,172.31.46.0-255,66,123438,41,183538
1006,0.001985,74.125.130.0-255,5738,129176,41,183538
1007,0.001986,172.31.46.0-255,66,129242,41,183538
1008,0.002029,74.125.130.0-255,5738,134980,41,183538
1009,0.002031,172.31.46.0-255,66,135046,41,183538
1010,0.002041,172.31.46.0-255,66,135112,41,183538
1011,0.002052,74.125.130.0-255,5020,140132,41,183538
1012,0.002054,172.31.46.0-255,66,140198,41,183538
1013,0.002118,74.125.130.0-255,1484,141682,41,183538
1014,0.002134,74.125.130.0-255,2902,144584,41,183538
1015,0.00214,172.31.46.0-255,66,144650,41,183538
1016,0.002158,74.125.130.0-255,2902,147552,41,183538
1017,0.00216,172.31.46.0-255,66,147618,41,183538
1018,0.002166,74.125.130.0-255,4320,151938,41,183538
1019,0.002168,172.31.46.0-255,66,152004,41,183538
1020,0.002222,74.125.130.0-255,2902,154906,41,183538
1021,0.002225,172.31.46.0-255,66,154972,41,183538
1022,0.002252,74.125.130.0-255,4320,159292,41,183538
1023,0.002254,172.31.46.0-255,66,159358,41,183538
1024,0.002265,172.31.46.0-255,66,159424,41,183538
1025,0.002273,74.125.130.0-255,1484,160908,41,183538
1026,0.002302,74.125.130.0-255,2902,163810,41,183538
1027,0.002304,172.31.46.0-255,66,163876,41,183538
1028,0.002309,74.125.130.0-255,2184,166060,41,183538
1029,0.002311,172.31.46.0-255,66,166126,41,183538
1030,0.004603,74.125.130.0-255,5738,171864,41,183538
1031,0.004611,172.31.46.0-255,66,171930,41,183538
1032,0.006929,74.125.130.0-255,5738,177668,41,183538
1033,0.006933,172.31.46.0-255,66,177734,41,183538
1034,0.009247,74.125.130.0-255,5738,183472,41,183538
1035,0.009252,172.31.46.0-255,66,183538,41,183538
1036,0.0,172.217.194.0-255,152,152,41,115033
1037,1.3e-05,172.31.46.0-255,66,218,41,115033
1038,2e-05,172.217.194.0-255,1484,1702,41,115033
1039,2.4e-05,172.31.46.0-255,66,1768,41,115033
1040,3e-05,172.217.194.0-255,2902,4670,41,115033
1041,3.4e-05,172.31.46.0-255,66,4736,41,115033
1042,3.9e-05,172.217.194.0-255,2902,7638,41,115033
1043,4.2e-05,172.31.46.0-255,66,7704,41,115033
1044,6.4e-05,172.217.194.0-255,4320,12024,41,115033
1045,6.7e-05,172.31.46.0-255,66,12090,41,115033
1046,7.8e-05,172.31.46.0-255,66,12156,41,115033
1047,0.000111,172.31.46.0-255,66,12222,41,115033
1048,0.000115,172.217.194.0-255,2543,14765,41,115033
1049,0.000117,172.31.46.0-255,66,14831,41,115033
1050,0.000157,172.217.194.0-255,1484,16315,41,115033
1051,0.000159,172.31.46.0-255,66,16381,41,115033
1052,0.000179,172.217.194.0-255,2902,19283,41,115033
1053,0.000182,172.31.46.0-255,66,19349,41,115033
1054,0.000188,172.217.194.0-255,5738,25087,41,115033
1055,0.000191,172.31.46.0-255,66,25153,41,115033
1056,0.000221,172.31.46.0-255,66,25219,41,115033
1057,0.000241,172.217.194.0-255,1125,26344,41,115033
1058,0.000243,172.31.46.0-255,66,26410,41,115033
1059,0.000256,172.31.46.0-255,66,26476,41,115033
1060,0.000305,172.217.194.0-255,4269,30745,41,115033
1061,0.000308,172.31.46.0-255,66,30811,41,115033
1062,0.000353,172.217.194.0-255,378,31189,41,115033
1063,0.000356,172.31.46.0-255,66,31255,41,115033
1064,0.000406,172.217.194.0-255,1484,32739,41,115033
1065,0.00041,172.217.194.0-255,1484,34223,41,115033
1066,0.000421,172.217.194.0-255,1484,35707,41,115033
1067,0.000426,172.217.194.0-255,4320,40027,41,115033
1068,0.000436,172.217.194.0-255,1484,41511,41,115033
1069,0.000505,172.31.46.0-255,66,41577,41,115033
1070,0.00052,172.217.194.0-255,4320,45897,41,115033
1071,0.000533,172.217.194.0-255,2902,48799,41,115033
1072,0.000536,172.217.194.0-255,1484,50283,41,115033
1073,0.000557,172.217.194.0-255,5738,56021,41,115033
1074,0.000569,172.31.46.0-255,66,56087,41,115033
1075,0.000585,172.217.194.0-255,1994,58081,41,115033
1076,0.000603,172.31.46.0-255,66,58147,41,115033
1077,0.00087,172.217.194.0-255,1484,59631,41,115033
1078,0.000876,172.217.194.0-255,2902,62533,41,115033
1079,0.000891,172.217.194.0-255,5738,68271,41,115033
1080,0.000908,172.217.194.0-255,4320,72591,41,115033
1081,0.000919,172.31.46.0-255,66,72657,41,115033
1082,0.000926,172.217.194.0-255,5738,78395,41,115033
1083,0.000937,172.31.46.0-255,66,78461,41,115033
1084,0.000949,172.217.194.0-255,5738,84199,41,115033
1085,0.001003,172.31.46.0-255,66,84265,41,115033
1086,0.001614,172.217.194.0-255,1484,85749,41,115033
1087,0.001618,172.217.194.0-255,1484,87233,41,115033
1088,0.001622,172.31.46.0-255,66,87299,41,115033
1089,0.001643,172.217.194.0-255,1484,88783,41,115033
1090,0.001649,172.217.194.0-255,5738,94521,41,115033
1091,0.001653,172.217.194.0-255,2902,97423,41,115033
1092,0.001658,172.31.46.0-255,66,97489,41,115033
1093,0.001714,172.31.46.0-255,66,97555,41,115033
1094,0.001752,172.31.46.0-255,66,97621,41,115033
1095,0.004017,172.217.194.0-255,5738,103359,41,115033
1096,0.004025,172.31.46.0-255,66,103425,41,115033
1097,0.006288,172.217.194.0-255,5738,109163,41,115033
1098,0.006294,172.31.46.0-255,66,109229,41,115033
1099,0.008543,172.217.194.0-255,5738,114967,41,115033
1100,0.008552,172.31.46.0-255,66,115033,41,115033
1101,0.0,172.217.194.0-255,152,152,41,137953
1102,2.3e-05,172.31.46.0-255,66,218,41,137953
1103,3e-05,172.217.194.0-255,1484,1702,41,137953
1104,3.4e-05,172.31.46.0-255,66,1768,41,137953
1105,3.9e-05,172.217.194.0-255,2902,4670,41,137953
1106,4.3e-05,172.31.46.0-255,66,4736,41,137953
1107,5e-05,172.217.194.0-255,5738,10474,41,137953
1108,5.3e-05,172.31.46.0-255,66,10540,41,137953
1109,5.8e-05,172.217.194.0-255,2902,13442,41,137953
1110,6e-05,172.31.46.0-255,66,13508,41,137953
1111,8.6e-05,172.217.194.0-255,3480,16988,41,137953
1112,8.9e-05,172.31.46.0-255,66,17054,41,137953
1113,0.000104,172.31.46.0-255,66,17120,41,137953
1114,0.000107,172.217.194.0-255,1484,18604,41,137953
1115,0.000109,172.31.46.0-255,66,18670,41,137953
1116,0.000147,172.217.194.0-255,2902,21572,41,137953
1117,0.000149,172.31.46.0-255,66,21638,41,137953
1118,0.000182,172.31.46.0-255,66,21704,41,137953
1119,0.000198,172.31.46.0-255,66,21770,41,137953
1120,0.000213,172.217.194.0-255,1484,23254,41,137953
1121,0.000215,172.31.46.0-255,66,23320,41,137953
1122,0.000219,172.217.194.0-255,1704,25024,41,137953
1123,0.000221,172.31.46.0-255,66,25090,41,137953
1124,0.000502,172.217.194.0-255,1484,26574,41,137953
1125,0.000507,172.31.46.0-255,66,26640,41,137953
1126,0.000513,172.217.194.0-255,2902,29542,41,137953
1127,0.000516,172.31.46.0-255,66,29608,41,137953
1128,0.000537,172.217.194.0-255,2902,32510,41,137953
1129,0.00054,172.31.46.0-255,66,32576,41,137953
1130,0.000585,172.217.194.0-255,2902,35478,41,137953
1131,0.000589,172.31.46.0-255,66,35544,41,137953
1132,0.0006,172.31.46.0-255,66,35610,41,137953
1133,0.000615,172.31.46.0-255,66,35676,41,137953
1134,0.000618,172.217.194.0-255,2184,37860,41,137953
1135,0.000621,172.31.46.0-255,66,37926,41,137953
1136,0.000832,172.217.194.0-255,1484,39410,41,137953
1137,0.00084,172.217.194.0-255,2902,42312,41,137953
1138,0.000843,172.31.46.0-255,66,42378,41,137953
1139,0.00085,172.217.194.0-255,5738,48116,41,137953
1140,0.000852,172.31.46.0-255,66,48182,41,137953
1141,0.000891,172.31.46.0-255,66,48248,41,137953
1142,0.000916,172.217.194.0-255,1484,49732,41,137953
1143,0.000932,172.31.46.0-255,66,49798,41,137953
1144,0.001405,172.217.194.0-255,1484,51282,41,137953
1145,0.001433,172.217.194.0-255,1484,52766,41,137953
1146,0.001437,172.31.46.0-255,66,52832,41,137953
1147,0.001442,172.217.194.0-255,2902,55734,41,137953
1148,0.001444,172.31.46.0-255,66,55800,41,137953
1149,0.00145,172.217.194.0-255,5738,61538,41,137953
1150,0.001453,172.31.46.0-255,66,61604,41,137953
1151,0.001458,172.217.194.0-255,4320,65924,41,137953
1152,0.00146,172.31.46.0-255,66,65990,41,137953
1153,0.001522,172.31.46.0-255,66,66056,41,137953
1154,0.001531,172.31.46.0-255,66,66122,41,137953
1155,0.001581,172.217.194.0-255,1484,67606,41,137953
1156,0.001586,172.217.194.0-255,2902,70508,41,137953
1157,0.001588,172.31.46.0-255,66,70574,41,137953
1158,0.001595,172.217.194.0-255,5738,76312,41,137953
1159,0.001598,172.31.46.0-255,66,76378,41,137953
1160,0.001614,172.217.194.0-255,4320,80698,41,137953
1161,0.001616,172.31.46.0-255,66,80764,41,137953
1162,0.001663,172.31.46.0-255,66,80830,41,137953
1163,0.001665,172.31.46.0-255,66,80896,41,137953
1164,0.001674,172.217.194.0-255,2184,83080,41,137953
1165,0.001676,172.31.46.0-255,66,83146,41,137953
1166,0.001681,172.217.194.0-255,2902,86048,41,137953
1167,0.001683,172.31.46.0-255,66,86114,41,137953
1168,0.001686,172.217.194.0-255,1484,87598,41,137953
1169,0.00171,172.217.194.0-255,5738,93336,41,137953
1170,0.001713,172.31.46.0-255,66,93402,41,137953
1171,0.001716,172.217.194.0-255,1484,94886,41,137953
1172,0.001751,172.31.46.0-255,66,94952,41,137953
1173,0.001762,172.31.46.0-255,66,95018,41,137953
1174,0.001828,172.31.46.0-255,66,95084,41,137953
1175,0.001839,172.31.46.0-255,66,95150,41,137953
1176,0.001929,172.217.194.0-255,1484,96634,41,137953
1177,0.001934,172.217.194.0-255,2902,99536,41,137953
1178,0.001938,172.31.46.0-255,66,99602,41,137953
1179,0.001941,172.217.194.0-255,1484,101086,41,137953
1180,0.001965,172.217.194.0-255,4320,105406,41,137953
1181,0.001968,172.31.46.0-255,66,105472,41,137953
1182,0.001996,172.31.46.0-255,66,105538,41,137953
1183,0.002019,172.217.194.0-255,1484,107022,41,137953
1184,0.002032,172.31.46.0-255,66,107088,41,137953
1185,0.002048,172.217.194.0-255,2184,109272,41,137953
1186,0.002051,172.31.46.0-255,66,109338,41,137953
1187,0.002099,172.217.194.0-255,1484,110822,41,137953
1188,0.002105,172.217.194.0-255,2902,113724,41,137953
1189,0.002108,172.31.46.0-255,66,113790,41,137953
1190,0.002113,172.217.194.0-255,2902,116692,41,137953
1191,0.002115,172.31.46.0-255,66,116758,41,137953
1192,0.002141,172.217.194.0-255,2902,119660,41,137953
1193,0.002144,172.31.46.0-255,66,119726,41,137953
1194,0.002148,172.217.194.0-255,2902,122628,41,137953
1195,0.00215,172.31.46.0-255,66,122694,41,137953
1196,0.002177,172.31.46.0-255,66,122760,41,137953
1197,0.002189,172.31.46.0-255,66,122826,41,137953
1198,0.002261,172.217.194.0-255,2902,125728,41,137953
1199,0.002264,172.31.46.0-255,66,125794,41,137953
1200,0.00227,172.217.194.0-255,4320,130114,41,137953
1201,0.002273,172.31.46.0-255,66,130180,41,137953
1202,0.002282,172.31.46.0-255,66,130246,41,137953
1203,0.002301,172.31.46.0-255,66,130312,41,137953
1204,0.002314,172.31.46.0-255,66,130378,41,137953
1205,0.002345,172.217.194.0-255,4320,134698,41,137953
1206,0.002348,172.31.46.0-255,66,134764,41,137953
1207,0.002362,172.31.46.0-255,66,134830,41,137953
1208,0.002373,172.31.46.0-255,66,134896,41,137953
1209,0.002395,172.217.194.0-255,2757,137653,41,137953
1210,0.002397,172.31.46.0-255,66,137719,41,137953
1211,0.0024,172.217.194.0-255,105,137824,41,137953
1212,0.002403,172.217.194.0-255,129,137953,41,137953
1213,0.0,172.31.46.0-255,105,105,41,459
1214,0.000254,172.31.46.0-255,90,195,41,459
1215,0.000265,172.31.46.0-255,66,261,41,459
1216,0.002866,74.125.24.0-255,66,327,41,459
1217,0.002897,74.125.24.0-255,66,393,41,459
1218,0.00292,172.31.46.0-255,66,459,41,459
1219,0.0,172.217.194.0-255,146,146,41,197958
1220,1.4e-05,172.31.46.0-255,66,212,41,197958
1221,2.1e-05,172.217.194.0-255,1484,1696,41,197958
1222,2.5e-05,172.31.46.0-255,66,1762,41,197958
1223,4.4e-05,172.217.194.0-255,2902,4664,41,197958
1224,4.6e-05,172.31.46.0-255,66,4730,41,197958
1225,5e-05,172.217.194.0-255,1484,6214,41,197958
1226,5.2e-05,172.31.46.0-255,66,6280,41,197958
1227,8.5e-05,172.217.194.0-255,5738,12018,41,197958
1228,8.8e-05,172.31.46.0-255,66,12084,41,197958
1229,9.3e-05,172.217.194.0-255,2099,14183,41,197958
1230,9.5e-05,172.31.46.0-255,66,14249,41,197958
1231,0.000145,172.217.194.0-255,1484,15733,41,197958
1232,0.000147,172.31.46.0-255,66,15799,41,197958
1233,0.000161,172.217.194.0-255,2902,18701,41,197958
1234,0.000163,172.31.46.0-255,66,18767,41,197958
1235,0.000168,172.217.194.0-255,2902,21669,41,197958
1236,0.00017,172.31.46.0-255,66,21735,41,197958
1237,0.000192,172.217.194.0-255,2902,24637,41,197958
1238,0.000194,172.31.46.0-255,66,24703,41,197958
1239,0.000213,172.217.194.0-255,2902,27605,41,197958
1240,0.000216,172.31.46.0-255,66,27671,41,197958
1241,0.000233,172.217.194.0-255,3961,31632,41,197958
1242,0.000235,172.31.46.0-255,66,31698,41,197958
1243,0.000241,172.217.194.0-255,5738,37436,41,197958
1244,0.000243,172.31.46.0-255,66,37502,41,197958
1245,0.000259,172.217.194.0-255,1484,38986,41,197958
1246,0.000262,172.31.46.0-255,66,39052,41,197958
1247,0.000268,172.217.194.0-255,5738,44790,41,197958
1248,0.000271,172.31.46.0-255,66,44856,41,197958
1249,0.000297,172.217.194.0-255,3961,48817,41,197958
1250,0.000299,172.31.46.0-255,66,48883,41,197958
1251,0.000316,172.217.194.0-255,1484,50367,41,197958
1252,0.000339,172.217.194.0-255,2902,53269,41,197958
1253,0.000346,172.217.194.0-255,5738,59007,41,197958
1254,0.000371,172.217.194.0-255,5738,64745,41,197958
1255,0.000387,172.217.194.0-255,1415,66160,41,197958
1256,0.000389,172.217.194.0-255,365,66525,41,197958
1257,0.000488,172.31.46.0-255,66,66591,41,197958
1258,0.000842,172.217.194.0-255,1484,68075,41,197958
1259,0.000857,172.217.194.0-255,2902,70977,41,197958
1260,0.000862,172.31.46.0-255,66,71043,41,197958
1261,0.000886,172.217.194.0-255,5738,76781,41,197958
1262,0.000891,172.217.194.0-255,4320,81101,41,197958
1263,0.000926,172.217.194.0-255,1484,82585,41,197958
1264,0.000929,172.31.46.0-255,66,82651,41,197958
1265,0.000949,172.217.194.0-255,5379,88030,41,197958
1266,0.000971,172.31.46.0-255,66,88096,41,197958
1267,0.000984,172.217.194.0-255,4320,92416,41,197958
1268,0.001001,172.217.194.0-255,1125,93541,41,197958
1269,0.001003,172.31.46.0-255,66,93607,41,197958
1270,0.001316,172.217.194.0-255,1484,95091,41,197958
1271,0.001321,172.31.46.0-255,66,95157,41,197958
1272,0.001326,172.217.194.0-255,2902,98059,41,197958
1273,0.001339,172.217.194.0-255,1484,99543,41,197958
1274,0.001344,172.31.46.0-255,66,99609,41,197958
1275,0.001355,172.217.194.0-255,4320,103929,41,197958
1276,0.001375,172.217.194.0-255,2902,106831,41,197958
1277,0.001397,172.217.194.0-255,4320,111151,41,197958
1278,0.001413,172.217.194.0-255,2902,114053,41,197958
1279,0.001418,172.31.46.0-255,66,114119,41,197958
1280,0.001446,172.217.194.0-255,3602,117721,41,197958
1281,0.001464,172.31.46.0-255,66,117787,41,197958
1282,0.00156,172.217.194.0-255,1484,119271,41,197958
1283,0.001563,172.217.194.0-255,1484,120755,41,197958
1284,0.001568,172.31.46.0-255,66,120821,41,197958
1285,0.001576,172.217.194.0-255,1484,122305,41,197958
1286,0.001595,172.217.194.0-255,5738,128043,41,197958
1287,0.0016,172.217.194.0-255,4320,132363,41,197958
1288,0.001613,172.217.194.0-255,2902,135265,41,197958
1289,0.001619,172.31.46.0-255,66,135331,41,197958
1290,0.001651,172.217.194.0-255,4320,139651,41,197958
1291,0.001663,172.217.194.0-255,3602,143253,41,197958
1292,0.001673,172.31.46.0-255,66,143319,41,197958
1293,0.001774,172.217.194.0-255,1484,144803,41,197958
1294,0.001779,172.217.194.0-255,2902,147705,41,197958
1295,0.001782,172.31.46.0-255,66,147771,41,197958
1296,0.001801,172.217.194.0-255,5738,153509,41,197958
1297,0.001816,172.31.46.0-255,66,153575,41,197958
1298,0.001849,172.217.194.0-255,2902,156477,41,197958
1299,0.001855,172.217.194.0-255,4320,160797,41,197958
1300,0.00188,172.31.46.0-255,66,160863,41,197958
1301,0.001931,172.217.194.0-255,1484,162347,41,197958
1302,0.001934,172.217.194.0-255,1484,163831,41,197958
1303,0.001949,172.217.194.0-255,1484,165315,41,197958
1304,0.001954,172.217.194.0-255,4320,169635,41,197958
1305,0.001959,172.217.194.0-255,4320,173955,41,197958
1306,0.001965,172.31.46.0-255,66,174021,41,197958
1307,0.001974,172.217.194.0-255,4320,178341,41,197958
1308,0.001978,172.31.46.0-255,66,178407,41,197958
1309,0.002,172.217.194.0-255,1484,179891,41,197958
1310,0.002054,172.31.46.0-255,66,179957,41,197958
1311,0.002242,172.217.194.0-255,2184,182141,41,197958
1312,0.002265,172.217.194.0-255,5738,187879,41,197958
1313,0.002313,172.217.194.0-255,5020,192899,41,197958
1314,0.002383,172.217.194.0-255,4320,197219,41,197958
1315,0.002402,172.217.194.0-255,463,197682,41,197958
1316,0.002454,172.217.194.0-255,105,197787,41,197958
1317,0.007509,172.31.46.0-255,66,197853,41,197958
1318,0.00944,172.31.46.0-255,105,197958,41,197958
1319,0.0,74.125.24.0-255,149,149,41,201247
1320,2.4e-05,172.31.46.0-255,66,215,41,201247
1321,3.2e-05,74.125.24.0-255,1484,1699,41,201247
1322,3.7e-05,172.31.46.0-255,66,1765,41,201247
1323,4.3e-05,74.125.24.0-255,2902,4667,41,201247
1324,4.6e-05,172.31.46.0-255,66,4733,41,201247
1325,5.7e-05,172.31.46.0-255,66,4799,41,201247
1326,6e-05,74.125.24.0-255,1484,6283,41,201247
1327,6.3e-05,172.31.46.0-255,66,6349,41,201247
1328,9e-05,74.125.24.0-255,560,6909,41,201247
1329,9.2e-05,172.31.46.0-255,66,6975,41,201247
1330,0.000143,74.125.24.0-255,1484,8459,41,201247
1331,0.000146,172.31.46.0-255,66,8525,41,201247
1332,0.000152,74.125.24.0-255,2902,11427,41,201247
1333,0.000155,172.31.46.0-255,66,11493,41,201247
1334,0.000174,74.125.24.0-255,1484,12977,41,201247
1335,0.000176,172.31.46.0-255,66,13043,41,201247
1336,0.000194,74.125.24.0-255,4320,17363,41,201247
1337,0.000197,172.31.46.0-255,66,17429,41,201247
1338,0.000208,172.31.46.0-255,66,17495,41,201247
1339,0.000241,172.31.46.0-255,66,17561,41,201247
1340,0.000247,74.125.24.0-255,4320,21881,41,201247
1341,0.000249,172.31.46.0-255,66,21947,41,201247
1342,0.000269,74.125.24.0-255,5379,27326,41,201247
1343,0.000272,172.31.46.0-255,66,27392,41,201247
1344,0.000321,74.125.24.0-255,1484,28876,41,201247
1345,0.000323,172.31.46.0-255,66,28942,41,201247
1346,0.000328,74.125.24.0-255,2902,31844,41,201247
1347,0.000331,172.31.46.0-255,66,31910,41,201247
1348,0.000344,74.125.24.0-255,2902,34812,41,201247
1349,0.000367,74.125.24.0-255,1484,36296,41,201247
1350,0.000375,74.125.24.0-255,5738,42034,41,201247
1351,0.000391,74.125.24.0-255,1484,43518,41,201247
1352,0.000402,74.125.24.0-255,1401,44919,41,201247
1353,0.000446,74.125.24.0-255,127,45046,41,201247
1354,0.000501,74.125.24.0-255,1484,46530,41,201247
1355,0.000506,74.125.24.0-255,2902,49432,41,201247
1356,0.000533,74.125.24.0-255,5738,55170,41,201247
1357,0.000546,74.125.24.0-255,1484,56654,41,201247
1358,0.00055,74.125.24.0-255,2902,59556,41,201247
1359,0.000599,74.125.24.0-255,766,60322,41,201247
1360,0.000601,172.31.46.0-255,66,60388,41,201247
1361,0.000608,172.31.46.0-255,66,60454,41,201247
1362,0.000634,74.125.24.0-255,351,60805,41,201247
1363,0.000795,74.125.24.0-255,1484,62289,41,201247
1364,0.0008,74.125.24.0-255,1484,63773,41,201247
1365,0.000814,74.125.24.0-255,1484,65257,41,201247
1366,0.000821,74.125.24.0-255,5738,70995,41,201247
1367,0.000902,74.125.24.0-255,2184,73179,41,201247
1368,0.000926,74.125.24.0-255,2902,76081,41,201247
1369,0.000947,74.125.24.0-255,5738,81819,41,201247
1370,0.000954,172.31.46.0-255,66,81885,41,201247
1371,0.000971,74.125.24.0-255,1484,83369,41,201247
1372,0.000979,74.125.24.0-255,5738,89107,41,201247
1373,0.00101,74.125.24.0-255,5738,94845,41,201247
1374,0.001015,74.125.24.0-255,3602,98447,41,201247
1375,0.001024,172.31.46.0-255,66,98513,41,201247
1376,0.001032,74.125.24.0-255,1484,99997,41,201247
1377,0.001047,74.125.24.0-255,2902,102899,41,201247
1378,0.001059,74.125.24.0-255,2902,105801,41,201247
1379,0.001072,172.31.46.0-255,66,105867,41,201247
1380,0.001098,172.31.46.0-255,66,105933,41,201247
1381,0.001126,74.125.24.0-255,3602,109535,41,201247
1382,0.00119,74.125.24.0-255,4320,113855,41,201247
1383,0.001196,74.125.24.0-255,5738,119593,41,201247
1384,0.001208,74.125.24.0-255,1484,121077,41,201247
1385,0.00121,172.31.46.0-255,66,121143,41,201247
1386,0.001216,172.31.46.0-255,66,121209,41,201247
1387,0.001256,172.31.46.0-255,66,121275,41,201247
1388,0.001534,74.125.24.0-255,1484,122759,41,201247
1389,0.001554,74.125.24.0-255,2902,125661,41,201247
1390,0.001561,74.125.24.0-255,5738,131399,41,201247
1391,0.001579,172.31.46.0-255,66,131465,41,201247
1392,0.001616,74.125.24.0-255,2902,134367,41,201247
1393,0.001622,74.125.24.0-255,5738,140105,41,201247
1394,0.001634,172.31.46.0-255,66,140171,41,201247
1395,0.001669,74.125.24.0-255,5738,145909,41,201247
1396,0.001681,74.125.24.0-255,2184,148093,41,201247
1397,0.001689,172.31.46.0-255,66,148159,41,201247
1398,0.001886,74.125.24.0-255,1484,149643,41,201247
1399,0.001892,74.125.24.0-255,2902,152545,41,201247
1400,0.001899,74.125.24.0-255,5738,158283,41,201247
1401,0.001914,172.31.46.0-255,66,158349,41,201247
1402,0.00193,172.31.46.0-255,66,158415,41,201247
1403,0.001945,74.125.24.0-255,2902,161317,41,201247
1404,0.001968,74.125.24.0-255,2184,163501,41,201247
1405,0.001972,74.125.24.0-255,2902,166403,41,201247
1406,0.001978,172.31.46.0-255,66,166469,41,201247
1407,0.002057,74.125.24.0-255,4320,170789,41,201247
1408,0.002074,172.31.46.0-255,66,170855,41,201247
1409,0.00209,172.31.46.0-255,66,170921,41,201247
1410,0.00218,74.125.24.0-255,1484,172405,41,201247
1411,0.002198,74.125.24.0-255,2902,175307,41,201247
1412,0.002222,74.125.24.0-255,5738,181045,41,201247
1413,0.002254,172.31.46.0-255,66,181111,41,201247
1414,0.00226,74.125.24.0-255,4320,185431,41,201247
1415,0.002273,172.31.46.0-255,66,185497,41,201247
1416,0.002282,74.125.24.0-255,2902,188399,41,201247
1417,0.002294,74.125.24.0-255,766,189165,41,201247
1418,0.002299,74.125.24.0-255,4320,193485,41,201247
1419,0.002316,172.31.46.0-255,66,193551,41,201247
1420,0.002358,74.125.24.0-255,1484,195035,41,201247
1421,0.002367,172.31.46.0-255,66,195101,41,201247
1422,0.002391,74.125.24.0-255,5738,200839,41,201247
1423,0.002408,172.31.46.0-255,66,200905,41,201247
1424,0.002425,74.125.24.0-255,105,201010,41,201247
1425,0.002432,172.31.46.0-255,66,201076,41,201247
1426,0.004989,172.31.46.0-255,105,201181,41,201247
1427,0.007562,74.125.24.0-255,66,201247,41,201247
1428,0.0,172.217.194.0-255,156,156,41,145812
1429,1.3e-05,172.31.46.0-255,66,222,41,145812
1430,2e-05,172.217.194.0-255,1484,1706,41,145812
1431,2.5e-05,172.31.46.0-255,66,1772,41,145812
1432,3.1e-05,172.217.194.0-255,2902,4674,41,145812
1433,3.4e-05,172.31.46.0-255,66,4740,41,145812
1434,4.1e-05,172.217.194.0-255,5738,10478,41,145812
1435,4.4e-05,172.31.46.0-255,66,10544,41,145812
1436,8.1e-05,172.217.194.0-255,1484,12028,41,145812
1437,8.3e-05,172.31.46.0-255,66,12094,41,145812
1438,9.9e-05,172.31.46.0-255,66,12160,41,145812
1439,0.000133,172.217.194.0-255,5379,17539,41,145812
1440,0.000136,172.31.46.0-255,66,17605,41,145812
1441,0.000157,172.217.194.0-255,5738,23343,41,145812
1442,0.00016,172.31.46.0-255,66,23409,41,145812
1443,0.000165,172.217.194.0-255,2902,26311,41,145812
1444,0.000167,172.31.46.0-255,66,26377,41,145812
1445,0.000183,172.217.194.0-255,2902,29279,41,145812
1446,0.000186,172.31.46.0-255,66,29345,41,145812
1447,0.000218,172.217.194.0-255,1484,30829,41,145812
1448,0.00022,172.31.46.0-255,66,30895,41,145812
1449,0.000237,172.217.194.0-255,3961,34856,41,145812
1450,0.00024,172.31.46.0-255,66,34922,41,145812
1451,0.000304,172.217.194.0-255,1484,36406,41,145812
1452,0.000307,172.31.46.0-255,66,36472,41,145812
1453,0.000312,172.217.194.0-255,2902,39374,41,145812
1454,0.000314,172.31.46.0-255,66,39440,41,145812
1455,0.000365,172.217.194.0-255,5738,45178,41,145812
1456,0.000369,172.31.46.0-255,66,45244,41,145812
1457,0.000373,172.217.194.0-255,1484,46728,41,145812
1458,0.000375,172.31.46.0-255,66,46794,41,145812
1459,0.000402,172.217.194.0-255,5958,52752,41,145812
1460,0.000404,172.31.46.0-255,66,52818,41,145812
1461,0.000804,172.217.194.0-255,1484,54302,41,145812
1462,0.000812,172.217.194.0-255,2902,57204,41,145812
1463,0.000816,172.31.46.0-255,66,57270,41,145812
1464,0.000823,172.217.194.0-255,5738,63008,41,145812
1465,0.000825,172.31.46.0-255,66,63074,41,145812
1466,0.00083,172.217.194.0-255,2902,65976,41,145812
1467,0.000832,172.31.46.0-255,66,66042,41,145812
1468,0.000848,172.217.194.0-255,2902,68944,41,145812
1469,0.000851,172.31.46.0-255,66,69010,41,145812
1470,0.000869,172.31.46.0-255,66,69076,41,145812
1471,0.000893,172.217.194.0-255,1484,70560,41,145812
1472,0.0009,172.217.194.0-255,5020,75580,41,145812
1473,0.000903,172.31.46.0-255,66,75646,41,145812
1474,0.001243,172.217.194.0-255,1484,77130,41,145812
1475,0.001247,172.217.194.0-255,2902,80032,41,145812
1476,0.001253,172.31.46.0-255,66,80098,41,145812
1477,0.001266,172.217.194.0-255,5738,85836,41,145812
1478,0.00127,172.31.46.0-255,66,85902,41,145812
1479,0.00129,172.217.194.0-255,4320,90222,41,145812
1480,0.001293,172.31.46.0-255,66,90288,41,145812
1481,0.001318,172.31.46.0-255,66,90354,41,145812
1482,0.001322,172.217.194.0-255,2902,93256,41,145812
1483,0.001324,172.31.46.0-255,66,93322,41,145812
1484,0.001348,172.217.194.0-255,5738,99060,41,145812
1485,0.001351,172.31.46.0-255,66,99126,41,145812
1486,0.001372,172.217.194.0-255,2184,101310,41,145812
1487,0.001374,172.31.46.0-255,66,101376,41,145812
1488,0.001961,172.217.194.0-255,1484,102860,41,145812
1489,0.001967,172.217.194.0-255,2902,105762,41,145812
1490,0.001971,172.31.46.0-255,66,105828,41,145812
1491,0.001977,172.217.194.0-255,4320,110148,41,145812
1492,0.001979,172.31.46.0-255,66,110214,41,145812
1493,0.001992,172.217.194.0-255,1484,111698,41,145812
1494,0.001995,172.217.194.0-255,1484,113182,41,145812
1495,0.001997,172.31.46.0-255,66,113248,41,145812
1496,0.002031,172.31.46.0-255,66,113314,41,145812
1497,0.002044,172.31.46.0-255,66,113380,41,145812
1498,0.002048,172.217.194.0-255,2184,115564,41,145812
1499,0.00205,172.31.46.0-255,66,115630,41,145812
1500,0.002438,172.217.194.0-255,1484,117114,41,145812
1501,0.002448,172.217.194.0-255,2902,120016,41,145812
1502,0.002452,172.31.46.0-255,66,120082,41,145812
1503,0.00246,172.217.194.0-255,4320,124402,41,145812
1504,0.002462,172.31.46.0-255,66,124468,41,145812
1505,0.002474,172.217.194.0-255,1484,125952,41,145812
1506,0.002481,172.217.194.0-255,4320,130272,41,145812
1507,0.002483,172.31.46.0-255,66,130338,41,145812
1508,0.002514,172.31.46.0-255,66,130404,41,145812
1509,0.002524,172.31.46.0-255,66,130470,41,145812
1510,0.002552,172.217.194.0-255,3602,134072,41,145812
1511,0.002555,172.31.46.0-255,66,134138,41,145812
1512,0.005168,172.217.194.0-255,1484,135622,41,145812
1513,0.005288,172.217.194.0-255,4320,139942,41,145812
1514,0.005293,172.31.46.0-255,66,140008,41,145812
1515,0.007946,172.217.194.0-255,5738,145746,41,145812
1516,0.007952,172.31.46.0-255,66,145812,41,145812
1517,0.0,172.217.160.0-255,150,150,41,124545
1518,2.3e-05,172.31.46.0-255,66,216,41,124545
1519,3e-05,172.217.160.0-255,1484,1700,41,124545
1520,3.5e-05,172.31.46.0-255,66,1766,41,124545
1521,4.1e-05,172.217.160.0-255,2902,4668,41,124545
1522,4.5e-05,172.31.46.0-255,66,4734,41,124545
1523,5e-05,172.217.160.0-255,2902,7636,41,124545
1524,5.3e-05,172.31.46.0-255,66,7702,41,124545
1525,6e-05,172.217.160.0-255,5738,13440,41,124545
1526,6.3e-05,172.31.46.0-255,66,13506,41,124545
1527,8.7e-05,172.217.160.0-255,4812,18318,41,124545
1528,9e-05,172.31.46.0-255,66,18384,41,124545
1529,0.000105,172.31.46.0-255,66,18450,41,124545
1530,0.000148,172.217.160.0-255,2902,21352,41,124545
1531,0.000151,172.31.46.0-255,66,21418,41,124545
1532,0.000157,172.217.160.0-255,4320,25738,41,124545
1533,0.000159,172.31.46.0-255,66,25804,41,124545
1534,0.00017,172.31.46.0-255,66,25870,41,124545
1535,0.000173,172.217.160.0-255,1125,26995,41,124545
1536,0.000175,172.31.46.0-255,66,27061,41,124545
1537,0.000592,172.217.160.0-255,1484,28545,41,124545
1538,0.000599,172.31.46.0-255,66,28611,41,124545
1539,0.000605,172.217.160.0-255,2902,31513,41,124545
1540,0.000608,172.31.46.0-255,66,31579,41,124545
1541,0.000615,172.217.160.0-255,5738,37317,41,124545
1542,0.000617,172.31.46.0-255,66,37383,41,124545
1543,0.000655,172.217.160.0-255,4320,41703,41,124545
1544,0.000658,172.31.46.0-255,66,41769,41,124545
1545,0.000675,172.217.160.0-255,2812,44581,41,124545
1546,0.000678,172.31.46.0-255,66,44647,41,124545
1547,0.000872,172.217.160.0-255,125,44772,41,124545
1548,0.000959,172.217.160.0-255,1484,46256,41,124545
1549,0.000964,172.31.46.0-255,66,46322,41,124545
1550,0.000968,172.217.160.0-255,1484,47806,41,124545
1551,0.000987,172.217.160.0-255,1484,49290,41,124545
1552,0.000989,172.31.46.0-255,66,49356,41,124545
1553,0.000997,172.217.160.0-255,5738,55094,41,124545
1554,0.000999,172.31.46.0-255,66,55160,41,124545
1555,0.001008,172.31.46.0-255,66,55226,41,124545
1556,0.001032,172.217.160.0-255,1484,56710,41,124545
1557,0.001067,172.31.46.0-255,66,56776,41,124545
1558,0.001072,172.217.160.0-255,2543,59319,41,124545
1559,0.001075,172.31.46.0-255,66,59385,41,124545
1560,0.001243,172.217.160.0-255,1484,60869,41,124545
1561,0.00126,172.217.160.0-255,2902,63771,41,124545
1562,0.001263,172.31.46.0-255,66,63837,41,124545
1563,0.001267,172.217.160.0-255,1484,65321,41,124545
1564,0.00127,172.217.160.0-255,1484,66805,41,124545
1565,0.001272,172.31.46.0-255,66,66871,41,124545
1566,0.001294,172.217.160.0-255,4320,71191,41,124545
1567,0.001296,172.31.46.0-255,66,71257,41,124545
1568,0.001315,172.217.160.0-255,4996,76253,41,124545
1569,0.001318,172.31.46.0-255,66,76319,41,124545
1570,0.001321,172.217.160.0-255,1484,77803,41,124545
1571,0.001334,172.217.160.0-255,4320,82123,41,124545
1572,0.001337,172.31.46.0-255,66,82189,41,124545
1573,0.001365,172.31.46.0-255,66,82255,41,124545
1574,0.001388,172.217.160.0-255,4688,86943,41,124545
1575,0.001391,172.31.46.0-255,66,87009,41,124545
1576,0.00161,172.217.160.0-255,1484,88493,41,124545
1577,0.001614,172.217.160.0-255,1484,89977,41,124545
1578,0.001617,172.31.46.0-255,66,90043,41,124545
1579,0.001633,172.217.160.0-255,1484,91527,41,124545
1580,0.001639,172.217.160.0-255,5738,97265,41,124545
1581,0.001641,172.31.46.0-255,66,97331,41,124545
1582,0.001645,172.217.160.0-255,1484,98815,41,124545
1583,0.001667,172.31.46.0-255,66,98881,41,124545
1584,0.001677,172.31.46.0-255,66,98947,41,124545
1585,0.001707,172.217.160.0-255,3602,102549,41,124545
1586,0.00171,172.31.46.0-255,66,102615,41,124545
1587,0.003553,172.217.160.0-255,1484,104099,41,124545
1588,0.003609,172.217.160.0-255,2902,107001,41,124545
1589,0.003614,172.31.46.0-255,66,107067,41,124545
1590,0.003634,172.217.160.0-255,1484,108551,41,124545
1591,0.00549,172.217.160.0-255,4320,112871,41,124545
1592,0.005495,172.31.46.0-255,66,112937,41,124545
1593,0.007375,172.217.160.0-255,5738,118675,41,124545
1594,0.007381,172.31.46.0-255,66,118741,41,124545
1595,0.009286,172.217.160.0-255,5738,124479,41,124545
1596,0.009294,172.31.46.0-255,66,124545,41,124545
1597,0.0,74.125.24.0-255,150,150,41,176137
1598,2.3e-05,172.31.46.0-255,66,216,41,176137
1599,3e-05,74.125.24.0-255,1484,1700,41,176137
1600,3.4e-05,172.31.46.0-255,66,1766,41,176137
1601,4.7e-05,74.125.24.0-255,2902,4668,41,176137
1602,5e-05,172.31.46.0-255,66,4734,41,176137
1603,6e-05,172.31.46.0-255,66,4800,41,176137
1604,6.4e-05,74.125.24.0-255,2100,6900,41,176137
1605,6.7e-05,172.31.46.0-255,66,6966,41,176137
1606,8e-05,172.31.46.0-255,66,7032,41,176137
1607,0.000125,172.31.46.0-255,66,7098,41,176137
1608,0.000155,172.31.46.0-255,66,7164,41,176137
1609,0.000474,74.125.24.0-255,1484,8648,41,176137
1610,0.00048,172.31.46.0-255,66,8714,41,176137
1611,0.000486,74.125.24.0-255,2902,11616,41,176137
1612,0.000488,172.31.46.0-255,66,11682,41,176137
1613,0.00051,74.125.24.0-255,5738,17420,41,176137
1614,0.000513,172.31.46.0-255,66,17486,41,176137
1615,0.000541,74.125.24.0-255,1484,18970,41,176137
1616,0.000544,172.31.46.0-255,66,19036,41,176137
1617,0.000563,74.125.24.0-255,5687,24723,41,176137
1618,0.000565,172.31.46.0-255,66,24789,41,176137
1619,0.000569,74.125.24.0-255,114,24903,41,176137
1620,0.000571,172.31.46.0-255,66,24969,41,176137
1621,0.000619,74.125.24.0-255,1484,26453,41,176137
1622,0.000623,172.31.46.0-255,66,26519,41,176137
1623,0.000628,74.125.24.0-255,2902,29421,41,176137
1624,0.00063,172.31.46.0-255,66,29487,41,176137
1625,0.000651,74.125.24.0-255,1484,30971,41,176137
1626,0.000664,74.125.24.0-255,2902,33873,41,176137
1627,0.000667,172.31.46.0-255,66,33939,41,176137
1628,0.00069,74.125.24.0-255,1484,35423,41,176137
1629,0.000701,172.31.46.0-255,66,35489,41,176137
1630,0.000708,74.125.24.0-255,5738,41227,41,176137
1631,0.00071,172.31.46.0-255,66,41293,41,176137
1632,0.000745,172.31.46.0-255,66,41359,41,176137
1633,0.00075,74.125.24.0-255,3602,44961,41,176137
1634,0.000752,172.31.46.0-255,66,45027,41,176137
1635,0.000826,74.125.24.0-255,1484,46511,41,176137
1636,0.000846,74.125.24.0-255,2902,49413,41,176137
1637,0.00085,172.31.46.0-255,66,49479,41,176137
1638,0.000853,74.125.24.0-255,1484,50963,41,176137
1639,0.00086,74.125.24.0-255,5738,56701,41,176137
1640,0.000868,172.31.46.0-255,66,56767,41,176137
1641,0.000896,172.31.46.0-255,66,56833,41,176137
1642,0.000925,74.125.24.0-255,2902,59735,41,176137
1643,0.000928,172.31.46.0-255,66,59801,41,176137
1644,0.000944,172.31.46.0-255,66,59867,41,176137
1645,0.001166,74.125.24.0-255,1484,61351,41,176137
1646,0.001171,74.125.24.0-255,2902,64253,41,176137
1647,0.001174,172.31.46.0-255,66,64319,41,176137
1648,0.001206,74.125.24.0-255,5738,70057,41,176137
1649,0.001208,172.31.46.0-255,66,70123,41,176137
1650,0.001212,74.125.24.0-255,1484,71607,41,176137
1651,0.001234,74.125.24.0-255,4320,75927,41,176137
1652,0.001238,172.31.46.0-255,66,75993,41,176137
1653,0.001257,74.125.24.0-255,4320,80313,41,176137
1654,0.001263,172.31.46.0-255,66,80379,41,176137
1655,0.001283,74.125.24.0-255,5738,86117,41,176137
1656,0.001286,172.31.46.0-255,66,86183,41,176137
1657,0.001311,172.31.46.0-255,66,86249,41,176137
1658,0.001485,74.125.24.0-255,1484,87733,41,176137
1659,0.00149,74.125.24.0-255,1484,89217,41,176137
1660,0.001492,172.31.46.0-255,66,89283,41,176137
1661,0.001518,74.125.24.0-255,1484,90767,41,176137
1662,0.001523,74.125.24.0-255,4320,95087,41,176137
1663,0.001526,172.31.46.0-255,66,95153,41,176137
1664,0.001532,74.125.24.0-255,5738,100891,41,176137
1665,0.001535,172.31.46.0-255,66,100957,41,176137
1666,0.001574,172.31.46.0-255,66,101023,41,176137
1667,0.001579,74.125.24.0-255,4320,105343,41,176137
1668,0.001582,172.31.46.0-255,66,105409,41,176137
1669,0.001611,74.125.24.0-255,1484,106893,41,176137
1670,0.001653,172.31.46.0-255,66,106959,41,176137
1671,0.001674,172.31.46.0-255,66,107025,41,176137
1672,0.001684,172.31.46.0-255,66,107091,41,176137
1673,0.001723,74.125.24.0-255,5738,112829,41,176137
1674,0.001725,172.31.46.0-255,66,112895,41,176137
1675,0.001759,172.31.46.0-255,66,112961,41,176137
1676,0.001808,172.31.46.0-255,66,113027,41,176137
1677,0.001835,74.125.24.0-255,4320,117347,41,176137
1678,0.001838,172.31.46.0-255,66,117413,41,176137
1679,0.001843,74.125.24.0-255,5020,122433,41,176137
1680,0.001846,172.31.46.0-255,66,122499,41,176137
1681,0.001884,74.125.24.0-255,5738,128237,41,176137
1682,0.001889,172.31.46.0-255,66,128303,41,176137
1683,0.001899,172.31.46.0-255,66,128369,41,176137
1684,0.001933,74.125.24.0-255,5738,134107,41,176137
1685,0.001937,172.31.46.0-255,66,134173,41,176137
1686,0.001942,74.125.24.0-255,4320,138493,41,176137
1687,0.001946,172.31.46.0-255,66,138559,41,176137
1688,0.001999,172.31.46.0-255,66,138625,41,176137
1689,0.002006,74.125.24.0-255,5738,144363,41,176137
1690,0.002008,172.31.46.0-255,66,144429,41,176137
1691,0.002057,74.125.24.0-255,5738,150167,41,176137
1692,0.002093,74.125.24.0-255,5738,155905,41,176137
1693,0.0021,172.31.46.0-255,66,155971,41,176137
1694,0.00211,172.31.46.0-255,66,156037,41,176137
1695,0.002117,172.31.46.0-255,66,156103,41,176137
1696,0.002124,74.125.24.0-255,5020,161123,41,176137
1697,0.002127,172.31.46.0-255,66,161189,41,176137
1698,0.00214,172.31.46.0-255,66,161255,41,176137
1699,0.002152,172.31.46.0-255,66,161321,41,176137
1700,0.002158,74.125.24.0-255,5738,167059,41,176137
1701,0.00216,172.31.46.0-255,66,167125,41,176137
1702,0.002204,74.125.24.0-255,5020,172145,41,176137
1703,0.002209,172.31.46.0-255,66,172211,41,176137
1704,0.002223,172.31.46.0-255,66,172277,41,176137
1705,0.002234,172.31.46.0-255,66,172343,41,176137
1706,0.002251,172.31.46.0-255,66,172409,41,176137
1707,0.002277,74.125.24.0-255,2184,174593,41,176137
1708,0.002279,172.31.46.0-255,66,174659,41,176137
1709,0.002282,74.125.24.0-255,1136,175795,41,176137
1710,0.004491,74.125.24.0-255,105,175900,41,176137
1711,0.004784,172.31.46.0-255,66,175966,41,176137
1712,0.004816,172.31.46.0-255,105,176071,41,176137
1713,0.007025,74.125.24.0-255,66,176137,41,176137
1714,0.0,74.125.24.0-255,153,153,41,105333
1715,2.3e-05,172.31.46.0-255,66,219,41,105333
1716,3e-05,74.125.24.0-255,1484,1703,41,105333
1717,3.6e-05,172.31.46.0-255,66,1769,41,105333
1718,4.2e-05,74.125.24.0-255,2902,4671,41,105333
1719,4.5e-05,172.31.46.0-255,66,4737,41,105333
1720,5e-05,74.125.24.0-255,2902,7639,41,105333
1721,5.3e-05,172.31.46.0-255,66,7705,41,105333
1722,8.1e-05,74.125.24.0-255,4320,12025,41,105333
1723,8.4e-05,172.31.46.0-255,66,12091,41,105333
1724,8.7e-05,74.125.24.0-255,1484,13575,41,105333
1725,8.9e-05,172.31.46.0-255,66,13641,41,105333
1726,0.00012,172.31.46.0-255,66,13707,41,105333
1727,0.000138,172.31.46.0-255,66,13773,41,105333
1728,0.000142,74.125.24.0-255,2543,16316,41,105333
1729,0.000145,172.31.46.0-255,66,16382,41,105333
1730,0.000257,74.125.24.0-255,1484,17866,41,105333
1731,0.000262,172.31.46.0-255,66,17932,41,105333
1732,0.000283,74.125.24.0-255,2902,20834,41,105333
1733,0.000285,172.31.46.0-255,66,20900,41,105333
1734,0.000303,74.125.24.0-255,4320,25220,41,105333
1735,0.000306,172.31.46.0-255,66,25286,41,105333
1736,0.00033,74.125.24.0-255,1484,26770,41,105333
1737,0.000332,172.31.46.0-255,66,26836,41,105333
1738,0.000363,172.31.46.0-255,66,26902,41,105333
1739,0.000374,74.125.24.0-255,1484,28386,41,105333
1740,0.000376,172.31.46.0-255,66,28452,41,105333
1741,0.000392,74.125.24.0-255,4320,32772,41,105333
1742,0.000394,172.31.46.0-255,66,32838,41,105333
1743,0.000425,172.31.46.0-255,66,32904,41,105333
1744,0.000429,74.125.24.0-255,2543,35447,41,105333
1745,0.000431,172.31.46.0-255,66,35513,41,105333
1746,0.000444,74.125.24.0-255,412,35925,41,105333
1747,0.00054,74.125.24.0-255,330,36255,41,105333
1748,0.000869,74.125.24.0-255,1484,37739,41,105333
1749,0.000874,172.31.46.0-255,66,37805,41,105333
1750,0.000879,74.125.24.0-255,2902,40707,41,105333
1751,0.000881,172.31.46.0-255,66,40773,41,105333
1752,0.000906,74.125.24.0-255,5738,46511,41,105333
1753,0.000908,172.31.46.0-255,66,46577,41,105333
1754,0.00092,74.125.24.0-255,2902,49479,41,105333
1755,0.000922,172.31.46.0-255,66,49545,41,105333
1756,0.000949,172.31.46.0-255,66,49611,41,105333
1757,0.000952,74.125.24.0-255,1484,51095,41,105333
1758,0.000972,74.125.24.0-255,5738,56833,41,105333
1759,0.000974,172.31.46.0-255,66,56899,41,105333
1760,0.000994,74.125.24.0-255,3602,60501,41,105333
1761,0.000996,172.31.46.0-255,66,60567,41,105333
1762,0.001751,74.125.24.0-255,1484,62051,41,105333
1763,0.001761,74.125.24.0-255,2902,64953,41,105333
1764,0.001765,172.31.46.0-255,66,65019,41,105333
1765,0.001769,74.125.24.0-255,1484,66503,41,105333
1766,0.001789,74.125.24.0-255,4320,70823,41,105333
1767,0.001791,172.31.46.0-255,66,70889,41,105333
1768,0.001795,74.125.24.0-255,2902,73791,41,105333
1769,0.001797,172.31.46.0-255,66,73857,41,105333
1770,0.001826,74.125.24.0-255,1484,75341,41,105333
1771,0.001847,172.31.46.0-255,66,75407,41,105333
1772,0.001857,172.31.46.0-255,66,75473,41,105333
1773,0.001867,74.125.24.0-255,766,76239,41,105333
1774,0.002062,74.125.24.0-255,1484,77723,41,105333
1775,0.002067,172.31.46.0-255,66,77789,41,105333
1776,0.002081,74.125.24.0-255,2902,80691,41,105333
1777,0.002083,172.31.46.0-255,66,80757,41,105333
1778,0.002087,74.125.24.0-255,2902,83659,41,105333
1779,0.002089,172.31.46.0-255,66,83725,41,105333
1780,0.002105,74.125.24.0-255,1484,85209,41,105333
1781,0.002108,74.125.24.0-255,1484,86693,41,105333
1782,0.002109,172.31.46.0-255,66,86759,41,105333
1783,0.002139,172.31.46.0-255,66,86825,41,105333
1784,0.002142,74.125.24.0-255,1484,88309,41,105333
1785,0.002169,172.31.46.0-255,66,88375,41,105333
1786,0.002191,172.31.46.0-255,66,88441,41,105333
1787,0.00221,172.31.46.0-255,66,88507,41,105333
1788,0.002247,172.31.46.0-255,66,88573,41,105333
1789,0.002249,74.125.24.0-255,766,89339,41,105333
1790,0.004608,74.125.24.0-255,4320,93659,41,105333
1791,0.004611,172.31.46.0-255,66,93725,41,105333
1792,0.006972,74.125.24.0-255,5738,99463,41,105333
1793,0.006978,172.31.46.0-255,66,99529,41,105333
1794,0.009327,74.125.24.0-255,5738,105267,41,105333
1795,0.009334,172.31.46.0-255,66,105333,41,105333
1796,0.0,74.125.24.0-255,148,148,41,59272
1797,2.1e-05,172.31.46.0-255,66,214,41,59272
1798,2.8e-05,74.125.24.0-255,1484,1698,41,59272
1799,3.3e-05,172.31.46.0-255,66,1764,41,59272
1800,4.6e-05,74.125.24.0-255,2902,4666,41,59272
1801,4.9e-05,172.31.46.0-255,66,4732,41,59272
1802,5.9e-05,172.31.46.0-255,66,4798,41,59272
1803,6.3e-05,74.125.24.0-255,1910,6708,41,59272
1804,6.5e-05,172.31.46.0-255,66,6774,41,59272
1805,0.000703,74.125.24.0-255,1484,8258,41,59272
1806,0.000709,172.31.46.0-255,66,8324,41,59272
1807,0.000739,74.125.24.0-255,2902,11226,41,59272
1808,0.000741,172.31.46.0-255,66,11292,41,59272
1809,0.000749,74.125.24.0-255,5738,17030,41,59272
1810,0.000751,172.31.46.0-255,66,17096,41,59272
1811,0.000788,74.125.24.0-255,5738,22834,41,59272
1812,0.000791,172.31.46.0-255,66,22900,41,59272
1813,0.000796,74.125.24.0-255,2902,25802,41,59272
1814,0.000799,172.31.46.0-255,66,25868,41,59272
1815,0.000842,172.31.46.0-255,66,25934,41,59272
1816,0.000852,172.31.46.0-255,66,26000,41,59272
1817,0.000885,172.31.46.0-255,66,26066,41,59272
1818,0.000914,74.125.24.0-255,3602,29668,41,59272
1819,0.000917,172.31.46.0-255,66,29734,41,59272
1820,0.00092,74.125.24.0-255,401,30135,41,59272
1821,0.000922,172.31.46.0-255,66,30201,41,59272
1822,0.001466,74.125.24.0-255,109,30310,41,59272
1823,0.001473,172.31.46.0-255,66,30376,41,59272
1824,0.001497,74.125.24.0-255,1484,31860,41,59272
1825,0.001517,74.125.24.0-255,2902,34762,41,59272
1826,0.00152,172.31.46.0-255,66,34828,41,59272
1827,0.001525,74.125.24.0-255,2902,37730,41,59272
1828,0.001527,172.31.46.0-255,66,37796,41,59272
1829,0.001573,172.31.46.0-255,66,37862,41,59272
1830,0.001579,74.125.24.0-255,4320,42182,41,59272
1831,0.001581,172.31.46.0-255,66,42248,41,59272
1832,0.001616,172.31.46.0-255,66,42314,41,59272
1833,0.001619,74.125.24.0-255,766,43080,41,59272
1834,0.004162,172.31.46.0-255,66,43146,41,59272
1835,0.004255,74.125.24.0-255,1484,44630,41,59272
1836,0.004264,74.125.24.0-255,2902,47532,41,59272
1837,0.004267,172.31.46.0-255,66,47598,41,59272
1838,0.00651,74.125.24.0-255,1484,49082,41,59272
1839,0.006625,74.125.24.0-255,4320,53402,41,59272
1840,0.006632,172.31.46.0-255,66,53468,41,59272
1841,0.009001,74.125.24.0-255,5738,59206,41,59272
1842,0.009009,172.31.46.0-255,66,59272,41,59272
1843,0.0,74.125.24.0-255,152,152,41,165660
1844,1.7e-05,172.31.46.0-255,66,218,41,165660
1845,2.4e-05,74.125.24.0-255,1484,1702,41,165660
1846,2.8e-05,172.31.46.0-255,66,1768,41,165660
1847,3.2e-05,74.125.24.0-255,2902,4670,41,165660
1848,3.6e-05,172.31.46.0-255,66,4736,41,165660
1849,3.8e-05,74.125.24.0-255,1484,6220,41,165660
1850,4.1e-05,172.31.46.0-255,66,6286,41,165660
1851,4.6e-05,74.125.24.0-255,2902,9188,41,165660
1852,4.8e-05,172.31.46.0-255,66,9254,41,165660
1853,9.4e-05,74.125.24.0-255,4893,14147,41,165660
1854,9.7e-05,172.31.46.0-255,66,14213,41,165660
1855,0.00028,74.125.24.0-255,1484,15697,41,165660
1856,0.000285,172.31.46.0-255,66,15763,41,165660
1857,0.000289,74.125.24.0-255,1484,17247,41,165660
1858,0.00029,172.31.46.0-255,66,17313,41,165660
1859,0.000302,74.125.24.0-255,1484,18797,41,165660
1860,0.000304,172.31.46.0-255,66,18863,41,165660
1861,0.000315,74.125.24.0-255,1484,20347,41,165660
1862,0.000318,172.31.46.0-255,66,20413,41,165660
1863,0.000335,74.125.24.0-255,4320,24733,41,165660
1864,0.000337,172.31.46.0-255,66,24799,41,165660
1865,0.000366,74.125.24.0-255,4320,29119,41,165660
1866,0.000368,172.31.46.0-255,66,29185,41,165660
1867,0.000386,74.125.24.0-255,2543,31728,41,165660
1868,0.000388,172.31.46.0-255,66,31794,41,165660
1869,0.000494,74.125.24.0-255,1484,33278,41,165660
1870,0.000498,172.31.46.0-255,66,33344,41,165660
1871,0.000515,74.125.24.0-255,2902,36246,41,165660
1872,0.000518,172.31.46.0-255,66,36312,41,165660
1873,0.000521,74.125.24.0-255,1484,37796,41,165660
1874,0.000522,172.31.46.0-255,66,37862,41,165660
1875,0.000537,74.125.24.0-255,4320,42182,41,165660
1876,0.00054,172.31.46.0-255,66,42248,41,165660
1877,0.000566,74.125.24.0-255,4320,46568,41,165660
1878,0.000569,172.31.46.0-255,66,46634,41,165660
1879,0.000587,74.125.24.0-255,5379,52013,41,165660
1880,0.000589,172.31.46.0-255,66,52079,41,165660
1881,0.0006,172.31.46.0-255,66,52145,41,165660
1882,0.000617,74.125.24.0-255,2902,55047,41,165660
1883,0.000618,172.31.46.0-255,66,55113,41,165660
1884,0.000637,74.125.24.0-255,1434,56547,41,165660
1885,0.000641,74.125.24.0-255,110,56657,41,165660
1886,0.000707,74.125.24.0-255,332,56989,41,165660
1887,0.00071,172.31.46.0-255,66,57055,41,165660
1888,0.000979,74.125.24.0-255,1484,58539,41,165660
1889,0.000993,74.125.24.0-255,2902,61441,41,165660
1890,0.000996,172.31.46.0-255,66,61507,41,165660
1891,0.001,74.125.24.0-255,1484,62991,41,165660
1892,0.00102,74.125.24.0-255,4320,67311,41,165660
1893,0.001023,172.31.46.0-255,66,67377,41,165660
1894,0.001027,74.125.24.0-255,2902,70279,41,165660
1895,0.001029,172.31.46.0-255,66,70345,41,165660
1896,0.001045,74.125.24.0-255,5738,76083,41,165660
1897,0.001047,172.31.46.0-255,66,76149,41,165660
1898,0.001115,74.125.24.0-255,2902,79051,41,165660
1899,0.001119,172.31.46.0-255,66,79117,41,165660
1900,0.001153,172.31.46.0-255,66,79183,41,165660
1901,0.001269,74.125.24.0-255,1484,80667,41,165660
1902,0.001275,74.125.24.0-255,2902,83569,41,165660
1903,0.001278,172.31.46.0-255,66,83635,41,165660
1904,0.001304,74.125.24.0-255,5738,89373,41,165660
1905,0.001309,74.125.24.0-255,5738,95111,41,165660
1906,0.001313,172.31.46.0-255,66,95177,41,165660
1907,0.001316,172.31.46.0-255,66,95243,41,165660
1908,0.001331,74.125.24.0-255,4320,99563,41,165660
1909,0.001333,172.31.46.0-255,66,99629,41,165660
1910,0.001359,172.31.46.0-255,66,99695,41,165660
1911,0.001365,74.125.24.0-255,5020,104715,41,165660
1912,0.001367,172.31.46.0-255,66,104781,41,165660
1913,0.001399,74.125.24.0-255,1484,106265,41,165660
1914,0.001419,74.125.24.0-255,2902,109167,41,165660
1915,0.001426,74.125.24.0-255,5738,114905,41,165660
1916,0.001434,172.31.46.0-255,66,114971,41,165660
1917,0.001438,172.31.46.0-255,66,115037,41,165660
1918,0.001441,74.125.24.0-255,1484,116521,41,165660
1919,0.001467,172.31.46.0-255,66,116587,41,165660
1920,0.001478,172.31.46.0-255,66,116653,41,165660
1921,0.001552,74.125.24.0-255,2902,119555,41,165660
1922,0.001558,172.31.46.0-255,66,119621,41,165660
1923,0.001582,172.31.46.0-255,66,119687,41,165660
1924,0.001594,172.31.46.0-255,66,119753,41,165660
1925,0.001617,74.125.24.0-255,4320,124073,41,165660
1926,0.001621,172.31.46.0-255,66,124139,41,165660
1927,0.001631,74.125.24.0-255,4320,128459,41,165660
1928,0.001634,172.31.46.0-255,66,128525,41,165660
1929,0.001639,74.125.24.0-255,2902,131427,41,165660
1930,0.001641,172.31.46.0-255,66,131493,41,165660
1931,0.001673,172.31.46.0-255,66,131559,41,165660
1932,0.00171,172.31.46.0-255,66,131625,41,165660
1933,0.001897,172.31.46.0-255,101,131726,41,165660
1934,0.001932,74.125.24.0-255,1484,133210,41,165660
1935,0.001949,74.125.24.0-255,2902,136112,41,165660
1936,0.001952,172.31.46.0-255,66,136178,41,165660
1937,0.001956,74.125.24.0-255,1484,137662,41,165660
1938,0.001973,74.125.24.0-255,4320,141982,41,165660
1939,0.001975,172.31.46.0-255,66,142048,41,165660
1940,0.001981,74.125.24.0-255,4320,146368,41,165660
1941,0.001983,172.31.46.0-255,66,146434,41,165660
1942,0.001991,74.125.24.0-255,1484,147918,41,165660
1943,0.002027,172.31.46.0-255,66,147984,41,165660
1944,0.00204,172.31.46.0-255,66,148050,41,165660
1945,0.003891,74.125.24.0-255,66,148116,41,165660
1946,0.004086,74.125.24.0-255,5738,153854,41,165660
1947,0.004091,172.31.46.0-255,66,153920,41,165660
1948,0.006133,74.125.24.0-255,1484,155404,41,165660
1949,0.006156,74.125.24.0-255,4320,159724,41,165660
1950,0.00616,172.31.46.0-255,66,159790,41,165660
1951,0.00817,74.125.24.0-255,4320,164110,41,165660
1952,0.008177,172.31.46.0-255,66,164176,41,165660
1953,0.008199,74.125.24.0-255,1484,165660,41,165660
1954,0.0,172.253.118.0-255,153,153,41,186163
1955,2.4e-05,172.31.46.0-255,66,219,41,186163
1956,3.4e-05,172.253.118.0-255,1484,1703,41,186163
1957,4e-05,172.31.46.0-255,66,1769,41,186163
1958,5.5e-05,172.253.118.0-255,2902,4671,41,186163
1959,5.8e-05,172.31.46.0-255,66,4737,41,186163
1960,6.6e-05,172.253.118.0-255,5738,10475,41,186163
1961,6.8e-05,172.31.46.0-255,66,10541,41,186163
1962,8e-05,172.31.46.0-255,66,10607,41,186163
1963,0.000118,172.253.118.0-255,3358,13965,41,186163
1964,0.000121,172.31.46.0-255,66,14031,41,186163
1965,0.000132,172.31.46.0-255,66,14097,41,186163
1966,0.000187,172.253.118.0-255,1484,15581,41,186163
1967,0.000189,172.31.46.0-255,66,15647,41,186163
1968,0.000193,172.253.118.0-255,1484,17131,41,186163
1969,0.000195,172.31.46.0-255,66,17197,41,186163
1970,0.000229,172.253.118.0-255,1484,18681,41,186163
1971,0.000232,172.31.46.0-255,66,18747,41,186163
1972,0.000239,172.253.118.0-255,5738,24485,41,186163
1973,0.000241,172.31.46.0-255,66,24551,41,186163
1974,0.000246,172.253.118.0-255,4320,28871,41,186163
1975,0.000248,172.31.46.0-255,66,28937,41,186163
1976,0.000253,172.253.118.0-255,2902,31839,41,186163
1977,0.000255,172.31.46.0-255,66,31905,41,186163
1978,0.000304,172.31.46.0-255,66,31971,41,186163
1979,0.000315,172.31.46.0-255,66,32037,41,186163
1980,0.000317,172.253.118.0-255,677,32714,41,186163
1981,0.000319,172.31.46.0-255,66,32780,41,186163
1982,0.000756,172.253.118.0-255,1484,34264,41,186163
1983,0.000765,172.253.118.0-255,2902,37166,41,186163
1984,0.000769,172.31.46.0-255,66,37232,41,186163
1985,0.000775,172.253.118.0-255,2902,40134,41,186163
1986,0.000777,172.31.46.0-255,66,40200,41,186163
1987,0.000797,172.253.118.0-255,2902,43102,41,186163
1988,0.0008,172.31.46.0-255,66,43168,41,186163
1989,0.000811,172.253.118.0-255,5738,48906,41,186163
1990,0.000813,172.31.46.0-255,66,48972,41,186163
1991,0.00083,172.31.46.0-255,66,49038,41,186163
1992,0.000833,172.253.118.0-255,1484,50522,41,186163
1993,0.000859,172.253.118.0-255,3602,54124,41,186163
1994,0.000862,172.31.46.0-255,66,54190,41,186163
1995,0.001403,172.253.118.0-255,1484,55674,41,186163
1996,0.001408,172.253.118.0-255,1484,57158,41,186163
1997,0.001411,172.31.46.0-255,66,57224,41,186163
1998,0.00144,172.253.118.0-255,1484,58708,41,186163
1999,0.001446,172.253.118.0-255,4320,63028,41,186163
2000,0.001448,172.31.46.0-255,66,63094,41,186163
2001,0.001458,172.31.46.0-255,66,63160,41,186163
2002,0.001484,172.253.118.0-255,1484,64644,41,186163
2003,0.001514,172.31.46.0-255,66,64710,41,186163
2004,0.001577,172.253.118.0-255,1484,66194,41,186163
2005,0.001598,172.253.118.0-255,2902,69096,41,186163
2006,0.001601,172.31.46.0-255,66,69162,41,186163
2007,0.001608,172.253.118.0-255,5738,74900,41,186163
2008,0.00161,172.31.46.0-255,66,74966,41,186163
2009,0.001641,172.31.46.0-255,66,75032,41,186163
2010,0.001666,172.253.118.0-255,4320,79352,41,186163
2011,0.001668,172.31.46.0-255,66,79418,41,186163
2012,0.001674,172.253.118.0-255,4320,83738,41,186163
2013,0.001676,172.31.46.0-255,66,83804,41,186163
2014,0.001715,172.31.46.0-255,66,83870,41,186163
2015,0.001882,172.253.118.0-255,1484,85354,41,186163
2016,0.001915,172.253.118.0-255,1484,86838,41,186163
2017,0.001918,172.31.46.0-255,66,86904,41,186163
2018,0.001922,172.253.118.0-255,1484,88388,41,186163
2019,0.001943,172.253.118.0-255,1484,89872,41,186163
2020,0.001945,172.31.46.0-255,66,89938,41,186163
2021,0.001952,172.253.118.0-255,5738,95676,41,186163
2022,0.001955,172.31.46.0-255,66,95742,41,186163
2023,0.00196,172.253.118.0-255,4320,100062,41,186163
2024,0.001962,172.31.46.0-255,66,100128,41,186163
2025,0.001999,172.31.46.0-255,66,100194,41,186163
2026,0.002003,172.253.118.0-255,1484,101678,41,186163
2027,0.00203,172.253.118.0-255,5020,106698,41,186163
2028,0.002034,172.31.46.0-255,66,106764,41,186163
2029,0.00234,172.253.118.0-255,1484,108248,41,186163
2030,0.002353,172.253.118.0-255,1484,109732,41,186163
2031,0.002356,172.31.46.0-255,66,109798,41,186163
2032,0.00239,172.253.118.0-255,4320,114118,41,186163
2033,0.002393,172.31.46.0-255,66,114184,41,186163
2034,0.002397,172.253.118.0-255,2902,117086,41,186163
2035,0.002398,172.31.46.0-255,66,117152,41,186163
2036,0.002402,172.253.118.0-255,1484,118636,41,186163
2037,0.002431,172.253.118.0-255,5738,124374,41,186163
2038,0.002434,172.31.46.0-255,66,124440,41,186163
2039,0.002439,172.253.118.0-255,4320,128760,41,186163
2040,0.002441,172.31.46.0-255,66,128826,41,186163
2041,0.002472,172.31.46.0-255,66,128892,41,186163
2042,0.002475,172.253.118.0-255,1484,130376,41,186163
2043,0.002506,172.253.118.0-255,3602,133978,41,186163
2044,0.002508,172.31.46.0-255,66,134044,41,186163
2045,0.002512,172.253.118.0-255,1484,135528,41,186163
2046,0.002531,172.253.118.0-255,1484,137012,41,186163
2047,0.002534,172.31.46.0-255,66,137078,41,186163
2048,0.002537,172.253.118.0-255,1484,138562,41,186163
2049,0.002565,172.31.46.0-255,66,138628,41,186163
2050,0.002591,172.253.118.0-255,2902,141530,41,186163
2051,0.002593,172.31.46.0-255,66,141596,41,186163
2052,0.00262,172.253.118.0-255,5738,147334,41,186163
2053,0.002624,172.31.46.0-255,66,147400,41,186163
2054,0.002627,172.253.118.0-255,1484,148884,41,186163
2055,0.002664,172.31.46.0-255,66,148950,41,186163
2056,0.002667,172.253.118.0-255,766,149716,41,186163
2057,0.00272,172.253.118.0-255,1484,151200,41,186163
2058,0.002723,172.31.46.0-255,66,151266,41,186163
2059,0.002749,172.253.118.0-255,2902,154168,41,186163
2060,0.002752,172.31.46.0-255,66,154234,41,186163
2061,0.002759,172.253.118.0-255,5738,159972,41,186163
2062,0.002762,172.31.46.0-255,66,160038,41,186163
2063,0.002777,172.31.46.0-255,66,160104,41,186163
2064,0.002826,172.31.46.0-255,66,160170,41,186163
2065,0.002871,172.31.46.0-255,66,160236,41,186163
2066,0.002891,172.31.46.0-255,66,160302,41,186163
2067,0.002902,172.31.46.0-255,66,160368,41,186163
2068,0.002982,172.31.46.0-255,66,160434,41,186163
2069,0.002999,172.31.46.0-255,66,160500,41,186163
2070,0.003004,172.253.118.0-255,3602,164102,41,186163
2071,0.003006,172.31.46.0-255,66,164168,41,186163
2072,0.003009,172.253.118.0-255,1484,165652,41,186163
2073,0.003059,172.31.46.0-255,66,165718,41,186163
2074,0.003064,172.253.118.0-255,4320,170038,41,186163
2075,0.003066,172.31.46.0-255,66,170104,41,186163
2076,0.003071,172.253.118.0-255,5020,175124,41,186163
2077,0.003074,172.31.46.0-255,66,175190,41,186163
2078,0.00308,172.253.118.0-255,5738,180928,41,186163
2079,0.003083,172.31.46.0-255,66,180994,41,186163
2080,0.003115,172.253.118.0-255,4320,185314,41,186163
2081,0.003118,172.31.46.0-255,66,185380,41,186163
2082,0.003121,172.253.118.0-255,515,185895,41,186163
2083,0.003124,172.253.118.0-255,97,185992,41,186163
2084,0.00315,172.253.118.0-255,105,186097,41,186163
2085,0.009971,172.31.46.0-255,66,186163,41,186163
2086,0.0,172.217.27.0-255,297,297,41,80531
2087,2.6e-05,172.31.46.0-255,66,363,41,80531
2088,3.3e-05,172.217.27.0-255,1484,1847,41,80531
2089,3.7e-05,172.31.46.0-255,66,1913,41,80531
2090,6.7e-05,172.217.27.0-255,4320,6233,41,80531
2091,7.2e-05,172.31.46.0-255,66,6299,41,80531
2092,8.3e-05,172.31.46.0-255,66,6365,41,80531
2093,8.5e-05,172.217.27.0-255,424,6789,41,80531
2094,8.8e-05,172.31.46.0-255,66,6855,41,80531
2095,9.1e-05,172.217.27.0-255,1484,8339,41,80531
2096,9.3e-05,172.31.46.0-255,66,8405,41,80531
2097,0.000128,172.217.27.0-255,4320,12725,41,80531
2098,0.000131,172.31.46.0-255,66,12791,41,80531
2099,0.000145,172.31.46.0-255,66,12857,41,80531
2100,0.000148,172.217.27.0-255,1125,13982,41,80531
2101,0.00015,172.31.46.0-255,66,14048,41,80531
2102,0.000521,172.217.27.0-255,1484,15532,41,80531
2103,0.000528,172.31.46.0-255,66,15598,41,80531
2104,0.000536,172.217.27.0-255,2902,18500,41,80531
2105,0.000539,172.31.46.0-255,66,18566,41,80531
2106,0.000551,172.217.27.0-255,5738,24304,41,80531
2107,0.000554,172.31.46.0-255,66,24370,41,80531
2108,0.000559,172.217.27.0-255,4320,28690,41,80531
2109,0.000561,172.31.46.0-255,66,28756,41,80531
2110,0.000568,172.217.27.0-255,5379,34135,41,80531
2111,0.000571,172.31.46.0-255,66,34201,41,80531
2112,0.000635,172.31.46.0-255,66,34267,41,80531
2113,0.000639,172.217.27.0-255,2543,36810,41,80531
2114,0.000641,172.31.46.0-255,66,36876,41,80531
2115,0.001183,172.217.27.0-255,645,37521,41,80531
2116,0.001294,172.217.27.0-255,1484,39005,41,80531
2117,0.001299,172.217.27.0-255,1484,40489,41,80531
2118,0.00131,172.31.46.0-255,66,40555,41,80531
2119,0.001327,172.217.27.0-255,1484,42039,41,80531
2120,0.001332,172.217.27.0-255,4320,46359,41,80531
2121,0.001347,172.31.46.0-255,66,46425,41,80531
2122,0.001358,172.217.27.0-255,4320,50745,41,80531
2123,0.001367,172.31.46.0-255,66,50811,41,80531
2124,0.001394,172.217.27.0-255,3961,54772,41,80531
2125,0.001409,172.217.27.0-255,5738,60510,41,80531
2126,0.001421,172.217.27.0-255,2543,63053,41,80531
2127,0.001433,172.31.46.0-255,66,63119,41,80531
2128,0.00306,172.217.27.0-255,5738,68857,41,80531
2129,0.003067,172.31.46.0-255,66,68923,41,80531
2130,0.004703,172.217.27.0-255,5738,74661,41,80531
2131,0.007411,172.31.46.0-255,66,74727,41,80531
2132,0.009046,172.217.27.0-255,5738,80465,41,80531
2133,0.009052,172.31.46.0-255,66,80531,41,80531
2134,0.0,74.125.68.0-255,153,153,41,200791
2135,2.4e-05,172.31.46.0-255,66,219,41,200791
2136,3.1e-05,74.125.68.0-255,1484,1703,41,200791
2137,3.5e-05,172.31.46.0-255,66,1769,41,200791
2138,4e-05,74.125.68.0-255,2902,4671,41,200791
2139,4.4e-05,172.31.46.0-255,66,4737,41,200791
2140,4.9e-05,74.125.68.0-255,2902,7639,41,200791
2141,5.3e-05,172.31.46.0-255,66,7705,41,200791
2142,7.8e-05,74.125.68.0-255,1484,9189,41,200791
2143,8.1e-05,172.31.46.0-255,66,9255,41,200791
2144,9.7e-05,74.125.68.0-255,4974,14229,41,200791
2145,0.0001,172.31.46.0-255,66,14295,41,200791
2146,0.000213,74.125.68.0-255,1484,15779,41,200791
2147,0.000217,172.31.46.0-255,66,15845,41,200791
2148,0.000222,74.125.68.0-255,1484,17329,41,200791
2149,0.000224,172.31.46.0-255,66,17395,41,200791
2150,0.000238,74.125.68.0-255,1484,18879,41,200791
2151,0.000241,172.31.46.0-255,66,18945,41,200791
2152,0.000245,74.125.68.0-255,2902,21847,41,200791
2153,0.000247,172.31.46.0-255,66,21913,41,200791
2154,0.000253,74.125.68.0-255,4320,26233,41,200791
2155,0.000255,172.31.46.0-255,66,26299,41,200791
2156,0.000291,74.125.68.0-255,1484,27783,41,200791
2157,0.000293,172.31.46.0-255,66,27849,41,200791
2158,0.000314,74.125.68.0-255,3961,31810,41,200791
2159,0.000317,172.31.46.0-255,66,31876,41,200791
2160,0.000537,74.125.68.0-255,1484,33360,41,200791
2161,0.000542,172.31.46.0-255,66,33426,41,200791
2162,0.000546,74.125.68.0-255,1484,34910,41,200791
2163,0.000549,172.31.46.0-255,66,34976,41,200791
2164,0.000561,74.125.68.0-255,1484,36460,41,200791
2165,0.000563,172.31.46.0-255,66,36526,41,200791
2166,0.000571,74.125.68.0-255,5738,42264,41,200791
2167,0.000614,74.125.68.0-255,2902,45166,41,200791
2168,0.000636,74.125.68.0-255,3961,49127,41,200791
2169,0.000648,74.125.68.0-255,2902,52029,41,200791
2170,0.000664,74.125.68.0-255,4320,56349,41,200791
2171,0.000692,74.125.68.0-255,2811,59160,41,200791
2172,0.000716,74.125.68.0-255,135,59295,41,200791
2173,0.000758,74.125.68.0-255,348,59643,41,200791
2174,0.000887,74.125.68.0-255,1484,61127,41,200791
2175,0.000899,74.125.68.0-255,1484,62611,41,200791
2176,0.000909,74.125.68.0-255,1484,64095,41,200791
2177,0.000936,74.125.68.0-255,5738,69833,41,200791
2178,0.000942,74.125.68.0-255,2902,72735,41,200791
2179,0.000977,74.125.68.0-255,5738,78473,41,200791
2180,0.001012,74.125.68.0-255,5020,83493,41,200791
2181,0.001049,172.31.46.0-255,66,83559,41,200791
2182,0.001245,74.125.68.0-255,1484,85043,41,200791
2183,0.001265,74.125.68.0-255,1484,86527,41,200791
2184,0.00127,74.125.68.0-255,2902,89429,41,200791
2185,0.001287,74.125.68.0-255,1484,90913,41,200791
2186,0.00129,172.31.46.0-255,66,90979,41,200791
2187,0.001302,74.125.68.0-255,4320,95299,41,200791
2188,0.001304,74.125.68.0-255,1484,96783,41,200791
2189,0.001316,172.31.46.0-255,66,96849,41,200791
2190,0.001363,74.125.68.0-255,1484,98333,41,200791
2191,0.001378,172.31.46.0-255,66,98399,41,200791
2192,0.001424,172.31.46.0-255,66,98465,41,200791
2193,0.001435,74.125.68.0-255,3602,102067,41,200791
2194,0.001462,172.31.46.0-255,66,102133,41,200791
2195,0.001494,74.125.68.0-255,1484,103617,41,200791
2196,0.001499,74.125.68.0-255,2902,106519,41,200791
2197,0.001505,172.31.46.0-255,66,106585,41,200791
2198,0.001515,74.125.68.0-255,1484,108069,41,200791
2199,0.001528,74.125.68.0-255,2902,110971,41,200791
2200,0.001539,74.125.68.0-255,1484,112455,41,200791
2201,0.001553,74.125.68.0-255,4320,116775,41,200791
2202,0.001556,74.125.68.0-255,1484,118259,41,200791
2203,0.001566,172.31.46.0-255,66,118325,41,200791
2204,0.001609,172.31.46.0-255,66,118391,41,200791
2205,0.00162,74.125.68.0-255,1484,119875,41,200791
2206,0.001623,74.125.68.0-255,766,120641,41,200791
2207,0.00164,172.31.46.0-255,66,120707,41,200791
2208,0.001723,74.125.68.0-255,1484,122191,41,200791
2209,0.001727,74.125.68.0-255,1484,123675,41,200791
2210,0.001743,74.125.68.0-255,1484,125159,41,200791
2211,0.00175,74.125.68.0-255,5738,130897,41,200791
2212,0.001762,172.31.46.0-255,66,130963,41,200791
2213,0.001766,74.125.68.0-255,2902,133865,41,200791
2214,0.001771,172.31.46.0-255,66,133931,41,200791
2215,0.001781,74.125.68.0-255,1484,135415,41,200791
2216,0.001805,74.125.68.0-255,5738,141153,41,200791
2217,0.001811,172.31.46.0-255,66,141219,41,200791
2218,0.001833,74.125.68.0-255,5738,146957,41,200791
2219,0.001853,74.125.68.0-255,4320,151277,41,200791
2220,0.001863,172.31.46.0-255,66,151343,41,200791
2221,0.001875,74.125.68.0-255,3602,154945,41,200791
2222,0.00189,74.125.68.0-255,2902,157847,41,200791
2223,0.0019,74.125.68.0-255,1484,159331,41,200791
2224,0.001907,172.31.46.0-255,66,159397,41,200791
2225,0.001927,74.125.68.0-255,4320,163717,41,200791
2226,0.001947,74.125.68.0-255,5738,169455,41,200791
2227,0.00195,172.31.46.0-255,66,169521,41,200791
2228,0.001959,172.31.46.0-255,66,169587,41,200791
2229,0.001968,74.125.68.0-255,2902,172489,41,200791
2230,0.001991,74.125.68.0-255,5738,178227,41,200791
2231,0.002008,74.125.68.0-255,2902,181129,41,200791
2232,0.002013,74.125.68.0-255,4320,185449,41,200791
2233,0.002027,74.125.68.0-255,3602,189051,41,200791
2234,0.002031,172.31.46.0-255,66,189117,41,200791
2235,0.002036,172.31.46.0-255,66,189183,41,200791
2236,0.004067,74.125.68.0-255,5738,194921,41,200791
2237,0.004074,172.31.46.0-255,66,194987,41,200791
2238,0.006103,74.125.68.0-255,5738,200725,41,200791
2239,0.008666,172.31.46.0-255,66,200791,41,200791
2240,0.0,172.217.194.0-255,146,146,41,130577
2241,2.3e-05,172.31.46.0-255,66,212,41,130577
2242,3e-05,172.217.194.0-255,1484,1696,41,130577
2243,3.5e-05,172.31.46.0-255,66,1762,41,130577
2244,4.9e-05,172.217.194.0-255,2902,4664,41,130577
2245,5.3e-05,172.31.46.0-255,66,4730,41,130577
2246,6.4e-05,172.31.46.0-255,66,4796,41,130577
2247,6.9e-05,172.217.194.0-255,2050,6846,41,130577
2248,7.2e-05,172.31.46.0-255,66,6912,41,130577
2249,0.000143,172.217.194.0-255,1484,8396,41,130577
2250,0.000147,172.31.46.0-255,66,8462,41,130577
2251,0.000152,172.217.194.0-255,2902,11364,41,130577
2252,0.000155,172.31.46.0-255,66,11430,41,130577
2253,0.000191,172.217.194.0-255,5738,17168,41,130577
2254,0.000194,172.31.46.0-255,66,17234,41,130577
2255,0.000201,172.217.194.0-255,5738,22972,41,130577
2256,0.000204,172.31.46.0-255,66,23038,41,130577
2257,0.000227,172.217.194.0-255,1125,24163,41,130577
2258,0.000237,172.31.46.0-255,66,24229,41,130577
2259,0.000245,172.31.46.0-255,66,24295,41,130577
2260,0.000254,172.217.194.0-255,2902,27197,41,130577
2261,0.000257,172.31.46.0-255,66,27263,41,130577
2262,0.000291,172.31.46.0-255,66,27329,41,130577
2263,0.000333,172.217.194.0-255,1484,28813,41,130577
2264,0.000336,172.31.46.0-255,66,28879,41,130577
2265,0.000341,172.217.194.0-255,2902,31781,41,130577
2266,0.000344,172.31.46.0-255,66,31847,41,130577
2267,0.000373,172.217.194.0-255,5738,37585,41,130577
2268,0.000376,172.31.46.0-255,66,37651,41,130577
2269,0.000402,172.217.194.0-255,2902,40553,41,130577
2270,0.000405,172.31.46.0-255,66,40619,41,130577
2271,0.000428,172.217.194.0-255,4256,44875,41,130577
2272,0.000431,172.31.46.0-255,66,44941,41,130577
2273,0.000448,172.217.194.0-255,385,45326,41,130577
2274,0.000615,172.217.194.0-255,1484,46810,41,130577
2275,0.000621,172.31.46.0-255,66,46876,41,130577
2276,0.000627,172.217.194.0-255,2902,49778,41,130577
2277,0.00063,172.31.46.0-255,66,49844,41,130577
2278,0.000638,172.217.194.0-255,1484,51328,41,130577
2279,0.000665,172.217.194.0-255,4320,55648,41,130577
2280,0.000676,172.31.46.0-255,66,55714,41,130577
2281,0.000679,172.31.46.0-255,66,55780,41,130577
2282,0.000725,172.31.46.0-255,66,55846,41,130577
2283,0.000751,172.217.194.0-255,3961,59807,41,130577
2284,0.000754,172.31.46.0-255,66,59873,41,130577
2285,0.001198,172.217.194.0-255,1484,61357,41,130577
2286,0.001205,172.217.194.0-255,2902,64259,41,130577
2287,0.001208,172.31.46.0-255,66,64325,41,130577
2288,0.001243,172.217.194.0-255,5738,70063,41,130577
2289,0.001245,172.31.46.0-255,66,70129,41,130577
2290,0.001249,172.217.194.0-255,1484,71613,41,130577
2291,0.001286,172.31.46.0-255,66,71679,41,130577
2292,0.001304,172.31.46.0-255,66,71745,41,130577
2293,0.001374,172.217.194.0-255,1484,73229,41,130577
2294,0.001379,172.217.194.0-255,2902,76131,41,130577
2295,0.001382,172.31.46.0-255,66,76197,41,130577
2296,0.001402,172.217.194.0-255,5738,81935,41,130577
2297,0.001404,172.31.46.0-255,66,82001,41,130577
2298,0.001408,172.217.194.0-255,1484,83485,41,130577
2299,0.001446,172.31.46.0-255,66,83551,41,130577
2300,0.00148,172.31.46.0-255,66,83617,41,130577
2301,0.001853,172.217.194.0-255,1484,85101,41,130577
2302,0.00186,172.217.194.0-255,2902,88003,41,130577
2303,0.001864,172.31.46.0-255,66,88069,41,130577
2304,0.001871,172.217.194.0-255,5738,93807,41,130577
2305,0.001873,172.31.46.0-255,66,93873,41,130577
2306,0.00191,172.31.46.0-255,66,93939,41,130577
2307,0.001927,172.217.194.0-255,4320,98259,41,130577
2308,0.00193,172.31.46.0-255,66,98325,41,130577
2309,0.001943,172.31.46.0-255,66,98391,41,130577
2310,0.00213,172.217.194.0-255,1484,99875,41,130577
2311,0.002136,172.217.194.0-255,2902,102777,41,130577
2312,0.002139,172.31.46.0-255,66,102843,41,130577
2313,0.002146,172.217.194.0-255,5738,108581,41,130577
2314,0.002148,172.31.46.0-255,66,108647,41,130577
2315,0.002165,172.217.194.0-255,4320,112967,41,130577
2316,0.002168,172.31.46.0-255,66,113033,41,130577
2317,0.002202,172.31.46.0-255,66,113099,41,130577
2318,0.002215,172.31.46.0-255,66,113165,41,130577
2319,0.004489,172.217.194.0-255,5738,118903,41,130577
2320,0.004497,172.31.46.0-255,66,118969,41,130577
2321,0.006774,172.217.194.0-255,5738,124707,41,130577
2322,0.00678,172.31.46.0-255,66,124773,41,130577
2323,0.00905,172.217.194.0-255,5738,130511,41,130577
2324,0.009055,172.31.46.0-255,66,130577,41,130577
2325,0.0,172.217.194.0-255,146,146,41,88700
2326,2.4e-05,172.31.46.0-255,66,212,41,88700
2327,3.1e-05,172.217.194.0-255,1484,1696,41,88700
2328,3.6e-05,172.31.46.0-255,66,1762,41,88700
2329,4.2e-05,172.217.194.0-255,2902,4664,41,88700
2330,4.6e-05,172.31.46.0-255,66,4730,41,88700
2331,5.1e-05,172.217.194.0-255,2902,7632,41,88700
2332,5.4e-05,172.31.46.0-255,66,7698,41,88700
2333,6e-05,172.217.194.0-255,4320,12018,41,88700
2334,6.3e-05,172.31.46.0-255,66,12084,41,88700
2335,9.7e-05,172.217.194.0-255,2072,14156,41,88700
2336,0.0001,172.31.46.0-255,66,14222,41,88700
2337,0.000121,172.217.194.0-255,2902,17124,41,88700
2338,0.000123,172.31.46.0-255,66,17190,41,88700
2339,0.000129,172.217.194.0-255,4320,21510,41,88700
2340,0.000132,172.31.46.0-255,66,21576,41,88700
2341,0.000153,172.217.194.0-255,2902,24478,41,88700
2342,0.000156,172.31.46.0-255,66,24544,41,88700
2343,0.000162,172.217.194.0-255,5738,30282,41,88700
2344,0.000164,172.31.46.0-255,66,30348,41,88700
2345,0.000191,172.217.194.0-255,4320,34668,41,88700
2346,0.000194,172.31.46.0-255,66,34734,41,88700
2347,0.000221,172.31.46.0-255,66,34800,41,88700
2348,0.00024,172.217.194.0-255,2543,37343,41,88700
2349,0.000243,172.31.46.0-255,66,37409,41,88700
2350,0.000247,172.217.194.0-255,2543,39952,41,88700
2351,0.000249,172.31.46.0-255,66,40018,41,88700
2352,0.001137,172.217.194.0-255,1484,41502,41,88700
2353,0.001145,172.31.46.0-255,66,41568,41,88700
2354,0.001155,172.217.194.0-255,2902,44470,41,88700
2355,0.001157,172.31.46.0-255,66,44536,41,88700
2356,0.001164,172.217.194.0-255,5738,50274,41,88700
2357,0.001193,172.217.194.0-255,4320,54594,41,88700
2358,0.001237,172.217.194.0-255,5738,60332,41,88700
2359,0.001264,172.217.194.0-255,5738,66070,41,88700
2360,0.001895,172.217.194.0-255,1484,67554,41,88700
2361,0.001904,172.217.194.0-255,2902,70456,41,88700
2362,0.001907,172.217.194.0-255,1484,71940,41,88700
2363,0.001929,172.217.194.0-255,4320,76260,41,88700
2364,0.001933,172.217.194.0-255,1484,77744,41,88700
2365,0.001936,172.217.194.0-255,1484,79228,41,88700
2366,0.002,172.217.194.0-255,3602,82830,41,88700
2367,0.007065,172.31.46.0-255,66,82896,41,88700
2368,0.009377,172.217.194.0-255,5738,88634,41,88700
2369,0.009385,172.31.46.0-255,66,88700,41,88700
2370,0.0,74.125.24.0-255,152,152,41,123385
2371,2.3e-05,172.31.46.0-255,66,218,41,123385
2372,3e-05,74.125.24.0-255,1484,1702,41,123385
2373,3.5e-05,172.31.46.0-255,66,1768,41,123385
2374,4.9e-05,74.125.24.0-255,2902,4670,41,123385
2375,5.3e-05,172.31.46.0-255,66,4736,41,123385
2376,6.4e-05,172.31.46.0-255,66,4802,41,123385
2377,6.8e-05,74.125.24.0-255,1939,6741,41,123385
2378,7.1e-05,172.31.46.0-255,66,6807,41,123385
2379,9.5e-05,74.125.24.0-255,1484,8291,41,123385
2380,9.8e-05,172.31.46.0-255,66,8357,41,123385
2381,0.000106,74.125.24.0-255,1484,9841,41,123385
2382,0.000109,172.31.46.0-255,66,9907,41,123385
2383,0.000133,74.125.24.0-255,1484,11391,41,123385
2384,0.000135,172.31.46.0-255,66,11457,41,123385
2385,0.000143,74.125.24.0-255,5738,17195,41,123385
2386,0.000146,172.31.46.0-255,66,17261,41,123385
2387,0.000161,172.31.46.0-255,66,17327,41,123385
2388,0.000221,74.125.24.0-255,1484,18811,41,123385
2389,0.000224,172.31.46.0-255,66,18877,41,123385
2390,0.000229,74.125.24.0-255,2902,21779,41,123385
2391,0.000231,172.31.46.0-255,66,21845,41,123385
2392,0.000264,74.125.24.0-255,5738,27583,41,123385
2393,0.000266,172.31.46.0-255,66,27649,41,123385
2394,0.000273,74.125.24.0-255,5738,33387,41,123385
2395,0.000275,172.31.46.0-255,66,33453,41,123385
2396,0.000313,172.31.46.0-255,66,33519,41,123385
2397,0.00033,172.31.46.0-255,66,33585,41,123385
2398,0.000333,74.125.24.0-255,375,33960,41,123385
2399,0.000636,74.125.24.0-255,1484,35444,41,123385
2400,0.000641,172.31.46.0-255,66,35510,41,123385
2401,0.000646,74.125.24.0-255,2902,38412,41,123385
2402,0.000648,172.31.46.0-255,66,38478,41,123385
2403,0.000653,74.125.24.0-255,4320,42798,41,123385
2404,0.000656,172.31.46.0-255,66,42864,41,123385
2405,0.000669,74.125.24.0-255,1484,44348,41,123385
2406,0.000679,172.31.46.0-255,66,44414,41,123385
2407,0.000704,74.125.24.0-255,5738,50152,41,123385
2408,0.00071,172.31.46.0-255,66,50218,41,123385
2409,0.000721,172.31.46.0-255,66,50284,41,123385
2410,0.001382,74.125.24.0-255,1484,51768,41,123385
2411,0.00139,74.125.24.0-255,2902,54670,41,123385
2412,0.001393,172.31.46.0-255,66,54736,41,123385
2413,0.001397,74.125.24.0-255,1484,56220,41,123385
2414,0.001423,74.125.24.0-255,4320,60540,41,123385
2415,0.001425,172.31.46.0-255,66,60606,41,123385
2416,0.001429,74.125.24.0-255,2902,63508,41,123385
2417,0.001431,172.31.46.0-255,66,63574,41,123385
2418,0.001462,172.31.46.0-255,66,63640,41,123385
2419,0.001468,74.125.24.0-255,4320,67960,41,123385
2420,0.001469,172.31.46.0-255,66,68026,41,123385
2421,0.001504,172.31.46.0-255,66,68092,41,123385
2422,0.001533,74.125.24.0-255,1484,69576,41,123385
2423,0.001551,74.125.24.0-255,2902,72478,41,123385
2424,0.001553,172.31.46.0-255,66,72544,41,123385
2425,0.001559,74.125.24.0-255,5738,78282,41,123385
2426,0.001561,172.31.46.0-255,66,78348,41,123385
2427,0.001597,172.31.46.0-255,66,78414,41,123385
2428,0.001601,74.125.24.0-255,2902,81316,41,123385
2429,0.001603,172.31.46.0-255,66,81382,41,123385
2430,0.001631,172.31.46.0-255,66,81448,41,123385
2431,0.001707,74.125.24.0-255,1484,82932,41,123385
2432,0.001712,74.125.24.0-255,2902,85834,41,123385
2433,0.001715,172.31.46.0-255,66,85900,41,123385
2434,0.001742,74.125.24.0-255,5738,91638,41,123385
2435,0.001744,172.31.46.0-255,66,91704,41,123385
2436,0.001775,172.31.46.0-255,66,91770,41,123385
2437,0.001804,74.125.24.0-255,4320,96090,41,123385
2438,0.001806,172.31.46.0-255,66,96156,41,123385
2439,0.001815,172.31.46.0-255,66,96222,41,123385
2440,0.001833,172.31.46.0-255,66,96288,41,123385
2441,0.001882,172.31.46.0-255,66,96354,41,123385
2442,0.001897,172.31.46.0-255,66,96420,41,123385
2443,0.001899,74.125.24.0-255,766,97186,41,123385
2444,0.001902,74.125.24.0-255,1484,98670,41,123385
2445,0.001904,172.31.46.0-255,66,98736,41,123385
2446,0.001937,74.125.24.0-255,4320,103056,41,123385
2447,0.00194,172.31.46.0-255,66,103122,41,123385
2448,0.001945,74.125.24.0-255,4320,107442,41,123385
2449,0.001947,172.31.46.0-255,66,107508,41,123385
2450,0.001965,172.31.46.0-255,66,107574,41,123385
2451,0.001995,74.125.24.0-255,1484,109058,41,123385
2452,0.002022,172.31.46.0-255,66,109124,41,123385
2453,0.002025,74.125.24.0-255,1484,110608,41,123385
2454,0.002048,74.125.24.0-255,2902,113510,41,123385
2455,0.002051,172.31.46.0-255,66,113576,41,123385
2456,0.002056,74.125.24.0-255,5738,119314,41,123385
2457,0.002059,172.31.46.0-255,66,119380,41,123385
2458,0.002085,172.31.46.0-255,66,119446,41,123385
2459,0.002094,172.31.46.0-255,66,119512,41,123385
2460,0.002134,172.31.46.0-255,66,119578,41,123385
2461,0.002165,172.31.46.0-255,66,119644,41,123385
2462,0.002175,172.31.46.0-255,66,119710,41,123385
2463,0.002206,172.31.46.0-255,66,119776,41,123385
2464,0.00225,172.31.46.0-255,66,119842,41,123385
2465,0.002268,172.31.46.0-255,66,119908,41,123385
2466,0.002282,172.31.46.0-255,66,119974,41,123385
2467,0.002328,172.31.46.0-255,66,120040,41,123385
2468,0.00235,74.125.24.0-255,2902,122942,41,123385
2469,0.002352,172.31.46.0-255,66,123008,41,123385
2470,0.002381,172.31.46.0-255,66,123074,41,123385
2471,0.002383,74.125.24.0-255,105,123179,41,123385
2472,0.008337,172.31.46.0-255,101,123280,41,123385
2473,0.009497,172.31.46.0-255,105,123385,41,123385
2474,0.0,172.217.194.0-255,152,152,41,187353
2475,2.3e-05,172.31.46.0-255,66,218,41,187353
2476,3e-05,172.217.194.0-255,1484,1702,41,187353
2477,3.4e-05,172.31.46.0-255,66,1768,41,187353
2478,4.8e-05,172.217.194.0-255,2902,4670,41,187353
2479,5.2e-05,172.31.46.0-255,66,4736,41,187353
2480,5.8e-05,172.217.194.0-255,4320,9056,41,187353
2481,6.2e-05,172.31.46.0-255,66,9122,41,187353
2482,8.2e-05,172.217.194.0-255,4808,13930,41,187353
2483,8.9e-05,172.31.46.0-255,66,13996,41,187353
2484,0.000121,172.217.194.0-255,5738,19734,41,187353
2485,0.000124,172.31.46.0-255,66,19800,41,187353
2486,0.000156,172.217.194.0-255,4320,24120,41,187353
2487,0.00016,172.31.46.0-255,66,24186,41,187353
2488,0.00019,172.217.194.0-255,4320,28506,41,187353
2489,0.000193,172.31.46.0-255,66,28572,41,187353
2490,0.00021,172.31.46.0-255,66,28638,41,187353
2491,0.000222,172.31.46.0-255,66,28704,41,187353
2492,0.000809,172.217.194.0-255,1484,30188,41,187353
2493,0.000816,172.31.46.0-255,66,30254,41,187353
2494,0.000823,172.217.194.0-255,2902,33156,41,187353
2495,0.000825,172.31.46.0-255,66,33222,41,187353
2496,0.000828,172.217.194.0-255,1484,34706,41,187353
2497,0.00083,172.31.46.0-255,66,34772,41,187353
2498,0.000867,172.217.194.0-255,4320,39092,41,187353
2499,0.00087,172.31.46.0-255,66,39158,41,187353
2500,0.000889,172.217.194.0-255,5738,44896,41,187353
2501,0.000891,172.31.46.0-255,66,44962,41,187353
2502,0.000916,172.217.194.0-255,1125,46087,41,187353
2503,0.000918,172.31.46.0-255,66,46153,41,187353
2504,0.000943,172.217.194.0-255,4320,50473,41,187353
2505,0.000946,172.31.46.0-255,66,50539,41,187353
2506,0.000972,172.217.194.0-255,2902,53441,41,187353
2507,0.000975,172.31.46.0-255,66,53507,41,187353
2508,0.000987,172.31.46.0-255,66,53573,41,187353
2509,0.000991,172.217.194.0-255,1706,55279,41,187353
2510,0.000993,172.31.46.0-255,66,55345,41,187353
2511,0.000997,172.217.194.0-255,2902,58247,41,187353
2512,0.000999,172.31.46.0-255,66,58313,41,187353
2513,0.001042,172.31.46.0-255,66,58379,41,187353
2514,0.001052,172.31.46.0-255,66,58445,41,187353
2515,0.001291,172.217.194.0-255,1484,59929,41,187353
2516,0.001298,172.217.194.0-255,2902,62831,41,187353
2517,0.001301,172.31.46.0-255,66,62897,41,187353
2518,0.001305,172.217.194.0-255,1484,64381,41,187353
2519,0.001334,172.217.194.0-255,4320,68701,41,187353
2520,0.001337,172.31.46.0-255,66,68767,41,187353
2521,0.001351,172.31.46.0-255,66,68833,41,187353
2522,0.001367,172.31.46.0-255,66,68899,41,187353
2523,0.001397,172.217.194.0-255,766,69665,41,187353
2524,0.001412,172.217.194.0-255,1484,71149,41,187353
2525,0.001414,172.31.46.0-255,66,71215,41,187353
2526,0.001433,172.217.194.0-255,4320,75535,41,187353
2527,0.001435,172.31.46.0-255,66,75601,41,187353
2528,0.001474,172.217.194.0-255,1484,77085,41,187353
2529,0.001488,172.31.46.0-255,66,77151,41,187353
2530,0.001492,172.31.46.0-255,66,77217,41,187353
2531,0.001516,172.217.194.0-255,1484,78701,41,187353
2532,0.001525,172.217.194.0-255,3602,82303,41,187353
2533,0.001528,172.31.46.0-255,66,82369,41,187353
2534,0.001567,172.217.194.0-255,1484,83853,41,187353
2535,0.001573,172.217.194.0-255,2902,86755,41,187353
2536,0.001575,172.31.46.0-255,66,86821,41,187353
2537,0.001613,172.217.194.0-255,5738,92559,41,187353
2538,0.001617,172.31.46.0-255,66,92625,41,187353
2539,0.001621,172.217.194.0-255,2902,95527,41,187353
2540,0.001623,172.31.46.0-255,66,95593,41,187353
2541,0.001639,172.31.46.0-255,66,95659,41,187353
2542,0.001676,172.217.194.0-255,1484,97143,41,187353
2543,0.00169,172.31.46.0-255,66,97209,41,187353
2544,0.00204,172.217.194.0-255,1484,98693,41,187353
2545,0.002045,172.217.194.0-255,2902,101595,41,187353
2546,0.00208,172.217.194.0-255,1484,103079,41,187353
2547,0.002086,172.31.46.0-255,66,103145,41,187353
2548,0.002114,172.217.194.0-255,4320,107465,41,187353
2549,0.002117,172.31.46.0-255,66,107531,41,187353
2550,0.002135,172.31.46.0-255,66,107597,41,187353
2551,0.002148,172.31.46.0-255,66,107663,41,187353
2552,0.002354,172.217.194.0-255,1484,109147,41,187353
2553,0.00236,172.217.194.0-255,1484,110631,41,187353
2554,0.002363,172.31.46.0-255,66,110697,41,187353
2555,0.002393,172.217.194.0-255,1484,112181,41,187353
2556,0.0024,172.217.194.0-255,5738,117919,41,187353
2557,0.002402,172.31.46.0-255,66,117985,41,187353
2558,0.002409,172.217.194.0-255,5738,123723,41,187353
2559,0.002411,172.31.46.0-255,66,123789,41,187353
2560,0.002429,172.217.194.0-255,5738,129527,41,187353
2561,0.002432,172.31.46.0-255,66,129593,41,187353
2562,0.002471,172.217.194.0-255,5738,135331,41,187353
2563,0.002474,172.31.46.0-255,66,135397,41,187353
2564,0.002483,172.31.46.0-255,66,135463,41,187353
2565,0.002584,172.217.194.0-255,1484,136947,41,187353
2566,0.00259,172.217.194.0-255,2902,139849,41,187353
2567,0.002593,172.31.46.0-255,66,139915,41,187353
2568,0.00263,172.217.194.0-255,5738,145653,41,187353
2569,0.002633,172.31.46.0-255,66,145719,41,187353
2570,0.002645,172.31.46.0-255,66,145785,41,187353
2571,0.002664,172.31.46.0-255,66,145851,41,187353
2572,0.002684,172.217.194.0-255,1484,147335,41,187353
2573,0.002692,172.217.194.0-255,2184,149519,41,187353
2574,0.002695,172.31.46.0-255,66,149585,41,187353
2575,0.0027,172.217.194.0-255,2902,152487,41,187353
2576,0.002702,172.31.46.0-255,66,152553,41,187353
2577,0.002712,172.31.46.0-255,66,152619,41,187353
2578,0.002717,172.217.194.0-255,4320,156939,41,187353
2579,0.002721,172.31.46.0-255,66,157005,41,187353
2580,0.002755,172.217.194.0-255,2902,159907,41,187353
2581,0.002759,172.31.46.0-255,66,159973,41,187353
2582,0.002781,172.31.46.0-255,66,160039,41,187353
2583,0.002784,172.217.194.0-255,766,160805,41,187353
2584,0.002827,172.217.194.0-255,1484,162289,41,187353
2585,0.00283,172.31.46.0-255,66,162355,41,187353
2586,0.002836,172.217.194.0-255,2902,165257,41,187353
2587,0.002838,172.31.46.0-255,66,165323,41,187353
2588,0.002841,172.217.194.0-255,1484,166807,41,187353
2589,0.002866,172.217.194.0-255,4320,171127,41,187353
2590,0.002868,172.31.46.0-255,66,171193,41,187353
2591,0.002879,172.31.46.0-255,66,171259,41,187353
2592,0.002905,172.217.194.0-255,5738,176997,41,187353
2593,0.002912,172.31.46.0-255,66,177063,41,187353
2594,0.002915,172.217.194.0-255,1484,178547,41,187353
2595,0.002939,172.217.194.0-255,4320,182867,41,187353
2596,0.002943,172.31.46.0-255,66,182933,41,187353
2597,0.002989,172.31.46.0-255,66,182999,41,187353
2598,0.003012,172.31.46.0-255,66,183065,41,187353
2599,0.003024,172.31.46.0-255,66,183131,41,187353
2600,0.00303,172.217.194.0-255,4051,187182,41,187353
2601,0.003033,172.31.46.0-255,66,187248,41,187353
2602,0.003036,172.217.194.0-255,105,187353,41,187353
2603,0.0,74.125.130.0-255,147,147,41,322995
2604,2.1e-05,172.31.46.0-255,66,213,41,322995
2605,2.7e-05,74.125.130.0-255,1484,1697,41,322995
2606,3.1e-05,172.31.46.0-255,66,1763,41,322995
2607,4.5e-05,74.125.130.0-255,2902,4665,41,322995
2608,4.8e-05,172.31.46.0-255,66,4731,41,322995
2609,8.1e-05,74.125.130.0-255,5738,10469,41,322995
2610,8.4e-05,172.31.46.0-255,66,10535,41,322995
2611,0.000115,74.125.130.0-255,3475,14010,41,322995
2612,0.000117,172.31.46.0-255,66,14076,41,322995
2613,0.00035,74.125.130.0-255,1484,15560,41,322995
2614,0.000356,172.31.46.0-255,66,15626,41,322995
2615,0.000361,74.125.130.0-255,2902,18528,41,322995
2616,0.000364,172.31.46.0-255,66,18594,41,322995
2617,0.000366,74.125.130.0-255,1484,20078,41,322995
2618,0.000373,172.31.46.0-255,66,20144,41,322995
2619,0.000376,74.125.130.0-255,1484,21628,41,322995
2620,0.000379,172.31.46.0-255,66,21694,41,322995
2621,0.000413,74.125.130.0-255,1484,23178,41,322995
2622,0.000416,172.31.46.0-255,66,23244,41,322995
2623,0.000422,74.125.130.0-255,5738,28982,41,322995
2624,0.000424,172.31.46.0-255,66,29048,41,322995
2625,0.000427,74.125.130.0-255,1484,30532,41,322995
2626,0.000429,172.31.46.0-255,66,30598,41,322995
2627,0.000464,74.125.130.0-255,1125,31723,41,322995
2628,0.000467,172.31.46.0-255,66,31789,41,322995
2629,0.000531,74.125.130.0-255,1484,33273,41,322995
2630,0.000534,172.31.46.0-255,66,33339,41,322995
2631,0.000547,74.125.130.0-255,2902,36241,41,322995
2632,0.000553,172.31.46.0-255,66,36307,41,322995
2633,0.000581,74.125.130.0-255,1484,37791,41,322995
2634,0.000584,172.31.46.0-255,66,37857,41,322995
2635,0.000619,74.125.130.0-255,2902,40759,41,322995
2636,0.000626,74.125.130.0-255,5738,46497,41,322995
2637,0.00063,74.125.130.0-255,2543,49040,41,322995
2638,0.000636,172.31.46.0-255,66,49106,41,322995
2639,0.001179,74.125.130.0-255,1484,50590,41,322995
2640,0.001226,74.125.130.0-255,2902,53492,41,322995
2641,0.00123,172.31.46.0-255,66,53558,41,322995
2642,0.001238,74.125.130.0-255,5738,59296,41,322995
2643,0.00124,172.31.46.0-255,66,59362,41,322995
2644,0.001252,172.31.46.0-255,66,59428,41,322995
2645,0.001255,74.125.130.0-255,378,59806,41,322995
2646,0.001571,74.125.130.0-255,98,59904,41,322995
2647,0.001618,74.125.130.0-255,1484,61388,41,322995
2648,0.001633,74.125.130.0-255,2902,64290,41,322995
2649,0.001651,74.125.130.0-255,1484,65774,41,322995
2650,0.00167,74.125.130.0-255,4320,70094,41,322995
2651,0.001718,74.125.130.0-255,4320,74414,41,322995
2652,0.001735,74.125.130.0-255,2184,76598,41,322995
2653,0.002318,74.125.130.0-255,1484,78082,41,322995
2654,0.002385,74.125.130.0-255,1484,79566,41,322995
2655,0.002403,74.125.130.0-255,2902,82468,41,322995
2656,0.002451,74.125.130.0-255,1484,83952,41,322995
2657,0.002467,74.125.130.0-255,2902,86854,41,322995
2658,0.002469,74.125.130.0-255,1484,88338,41,322995
2659,0.002489,74.125.130.0-255,4320,92658,41,322995
2660,0.002491,74.125.130.0-255,1484,94142,41,322995
2661,0.002503,74.125.130.0-255,1484,95626,41,322995
2662,0.002514,74.125.130.0-255,1484,97110,41,322995
2663,0.002527,74.125.130.0-255,4320,101430,41,322995
2664,0.002541,74.125.130.0-255,1484,102914,41,322995
2665,0.002543,74.125.130.0-255,1484,104398,41,322995
2666,0.002572,74.125.130.0-255,2902,107300,41,322995
2667,0.00259,74.125.130.0-255,1484,108784,41,322995
2668,0.002603,74.125.130.0-255,1484,110268,41,322995
2669,0.002606,74.125.130.0-255,766,111034,41,322995
2670,0.002703,74.125.130.0-255,1484,112518,41,322995
2671,0.00272,74.125.130.0-255,2902,115420,41,322995
2672,0.002744,74.125.130.0-255,2902,118322,41,322995
2673,0.002765,74.125.130.0-255,4320,122642,41,322995
2674,0.002796,74.125.130.0-255,2902,125544,41,322995
2675,0.002829,74.125.130.0-255,2902,128446,41,322995
2676,0.002832,74.125.130.0-255,1484,129930,41,322995
2677,0.00285,74.125.130.0-255,5738,135668,41,322995
2678,0.002854,74.125.130.0-255,2902,138570,41,322995
2679,0.002891,74.125.130.0-255,1484,140054,41,322995
2680,0.00291,74.125.130.0-255,2902,142956,41,322995
2681,0.002944,74.125.130.0-255,2184,145140,41,322995
2682,0.003238,74.125.130.0-255,1484,146624,41,322995
2683,0.003262,74.125.130.0-255,1484,148108,41,322995
2684,0.003305,74.125.130.0-255,2902,151010,41,322995
2685,0.003328,74.125.130.0-255,4320,155330,41,322995
2686,0.00335,74.125.130.0-255,1484,156814,41,322995
2687,0.003364,74.125.130.0-255,5738,162552,41,322995
2688,0.003376,74.125.130.0-255,1484,164036,41,322995
2689,0.00339,74.125.130.0-255,5738,169774,41,322995
2690,0.003401,74.125.130.0-255,4320,174094,41,322995
2691,0.003407,74.125.130.0-255,5020,179114,41,322995
2692,0.004002,74.125.130.0-255,1484,180598,41,322995
2693,0.004007,74.125.130.0-255,2902,183500,41,322995
2694,0.004032,74.125.130.0-255,5738,189238,41,322995
2695,0.004036,74.125.130.0-255,1484,190722,41,322995
2696,0.004042,74.125.130.0-255,5738,196460,41,322995
2697,0.00406,74.125.130.0-255,2902,199362,41,322995
2698,0.004066,74.125.130.0-255,5738,205100,41,322995
2699,0.004086,74.125.130.0-255,4320,209420,41,322995
2700,0.004116,74.125.130.0-255,3602,213022,41,322995
2701,0.004642,74.125.130.0-255,1484,214506,41,322995
2702,0.00465,74.125.130.0-255,2902,217408,41,322995
2703,0.004671,74.125.130.0-255,5738,223146,41,322995
2704,0.004726,74.125.130.0-255,2902,226048,41,322995
2705,0.00481,74.125.130.0-255,5020,231068,41,322995
2706,0.004816,74.125.130.0-255,2902,233970,41,322995
2707,0.00483,74.125.130.0-255,2902,236872,41,322995
2708,0.004833,74.125.130.0-255,1484,238356,41,322995
2709,0.004836,74.125.130.0-255,1484,239840,41,322995
2710,0.004851,74.125.130.0-255,1484,241324,41,322995
2711,0.004858,74.125.130.0-255,5738,247062,41,322995
2712,0.004863,74.125.130.0-255,2902,249964,41,322995
2713,0.004892,74.125.130.0-255,1484,251448,41,322995
2714,0.004929,74.125.130.0-255,5020,256468,41,322995
2715,0.005587,172.31.46.0-255,66,256534,41,322995
2716,0.007152,74.125.130.0-255,1484,258018,41,322995
2717,0.007162,74.125.130.0-255,2902,260920,41,322995
2718,0.007166,172.31.46.0-255,66,260986,41,322995
2719,0.007172,74.125.130.0-255,2902,263888,41,322995
2720,0.007177,74.125.130.0-255,4320,268208,41,322995
2721,0.007194,74.125.130.0-255,2902,271110,41,322995
2722,0.007199,74.125.130.0-255,4320,275430,41,322995
2723,0.007225,172.31.46.0-255,66,275496,41,322995
2724,0.007267,172.31.46.0-255,66,275562,41,322995
2725,0.008538,74.125.130.0-255,1484,277046,41,322995
2726,0.008546,74.125.130.0-255,2902,279948,41,322995
2727,0.00855,172.31.46.0-255,66,280014,41,322995
2728,0.00858,74.125.130.0-255,4320,284334,41,322995
2729,0.008583,172.31.46.0-255,66,284400,41,322995
2730,0.008587,74.125.130.0-255,1484,285884,41,322995
2731,0.00861,74.125.130.0-255,4320,290204,41,322995
2732,0.008612,172.31.46.0-255,66,290270,41,322995
2733,0.008639,74.125.130.0-255,2902,293172,41,322995
2734,0.008641,172.31.46.0-255,66,293238,41,322995
2735,0.008648,74.125.130.0-255,5738,298976,41,322995
2736,0.00866,74.125.130.0-255,2902,301878,41,322995
2737,0.008682,74.125.130.0-255,3602,305480,41,322995
2738,0.008707,74.125.130.0-255,2902,308382,41,322995
2739,0.00876,74.125.130.0-255,2902,311284,41,322995
2740,0.00903,74.125.130.0-255,1484,312768,41,322995
2741,0.009059,74.125.130.0-255,2902,315670,41,322995
2742,0.009077,74.125.130.0-255,4320,319990,41,322995
2743,0.009113,74.125.130.0-255,2900,322890,41,322995
2744,0.009178,74.125.130.0-255,105,322995,41,322995
2745,0.0,74.125.24.0-255,150,150,41,120991
2746,1.8e-05,172.31.46.0-255,66,216,41,120991
2747,2.4e-05,74.125.24.0-255,1484,1700,41,120991
2748,2.8e-05,172.31.46.0-255,66,1766,41,120991
2749,3.4e-05,74.125.24.0-255,2902,4668,41,120991
2750,3.7e-05,172.31.46.0-255,66,4734,41,120991
2751,5.3e-05,172.31.46.0-255,66,4800,41,120991
2752,5.7e-05,74.125.24.0-255,1978,6778,41,120991
2753,5.9e-05,172.31.46.0-255,66,6844,41,120991
2754,0.000289,74.125.24.0-255,1484,8328,41,120991
2755,0.000294,172.31.46.0-255,66,8394,41,120991
2756,0.0003,74.125.24.0-255,2902,11296,41,120991
2757,0.000302,172.31.46.0-255,66,11362,41,120991
2758,0.000305,74.125.24.0-255,1484,12846,41,120991
2759,0.000306,172.31.46.0-255,66,12912,41,120991
2760,0.000341,74.125.24.0-255,4320,17232,41,120991
2761,0.000345,172.31.46.0-255,66,17298,41,120991
2762,0.000368,74.125.24.0-255,5738,23036,41,120991
2763,0.00037,172.31.46.0-255,66,23102,41,120991
2764,0.000398,172.31.46.0-255,66,23168,41,120991
2765,0.000401,74.125.24.0-255,1484,24652,41,120991
2766,0.000402,172.31.46.0-255,66,24718,41,120991
2767,0.000421,74.125.24.0-255,5738,30456,41,120991
2768,0.000424,172.31.46.0-255,66,30522,41,120991
2769,0.000446,74.125.24.0-255,2543,33065,41,120991
2770,0.000448,172.31.46.0-255,66,33131,41,120991
2771,0.00122,74.125.24.0-255,1484,34615,41,120991
2772,0.001226,172.31.46.0-255,66,34681,41,120991
2773,0.001234,74.125.24.0-255,2902,37583,41,120991
2774,0.001236,172.31.46.0-255,66,37649,41,120991
2775,0.001242,74.125.24.0-255,4320,41969,41,120991
2776,0.001244,172.31.46.0-255,66,42035,41,120991
2777,0.001272,74.125.24.0-255,1484,43519,41,120991
2778,0.001282,172.31.46.0-255,66,43585,41,120991
2779,0.001319,74.125.24.0-255,4320,47905,41,120991
2780,0.001321,172.31.46.0-255,66,47971,41,120991
2781,0.001326,74.125.24.0-255,5738,53709,41,120991
2782,0.001328,172.31.46.0-255,66,53775,41,120991
2783,0.00136,74.125.24.0-255,2902,56677,41,120991
2784,0.001363,172.31.46.0-255,66,56743,41,120991
2785,0.001386,74.125.24.0-255,3961,60704,41,120991
2786,0.001389,172.31.46.0-255,66,60770,41,120991
2787,0.001409,74.125.24.0-255,2902,63672,41,120991
2788,0.001411,172.31.46.0-255,66,63738,41,120991
2789,0.001437,74.125.24.0-255,4320,68058,41,120991
2790,0.001439,172.31.46.0-255,66,68124,41,120991
2791,0.001443,74.125.24.0-255,2902,71026,41,120991
2792,0.001445,172.31.46.0-255,66,71092,41,120991
2793,0.001464,74.125.24.0-255,5738,76830,41,120991
2794,0.001467,172.31.46.0-255,66,76896,41,120991
2795,0.001469,74.125.24.0-255,1125,78021,41,120991
2796,0.00195,74.125.24.0-255,1484,79505,41,120991
2797,0.001965,172.31.46.0-255,66,79571,41,120991
2798,0.001972,74.125.24.0-255,2902,82473,41,120991
2799,0.001974,172.31.46.0-255,66,82539,41,120991
2800,0.001977,74.125.24.0-255,1484,84023,41,120991
2801,0.001989,74.125.24.0-255,4320,88343,41,120991
2802,0.001992,172.31.46.0-255,66,88409,41,120991
2803,0.002003,74.125.24.0-255,1484,89893,41,120991
2804,0.002008,74.125.24.0-255,2902,92795,41,120991
2805,0.002011,172.31.46.0-255,66,92861,41,120991
2806,0.002051,172.31.46.0-255,66,92927,41,120991
2807,0.002063,172.31.46.0-255,66,92993,41,120991
2808,0.002127,74.125.24.0-255,1484,94477,41,120991
2809,0.002142,74.125.24.0-255,2902,97379,41,120991
2810,0.002144,172.31.46.0-255,66,97445,41,120991
2811,0.00215,74.125.24.0-255,4320,101765,41,120991
2812,0.002153,172.31.46.0-255,66,101831,41,120991
2813,0.002179,74.125.24.0-255,1484,103315,41,120991
2814,0.002194,172.31.46.0-255,66,103381,41,120991
2815,0.00221,74.125.24.0-255,1484,104865,41,120991
2816,0.002227,172.31.46.0-255,66,104931,41,120991
2817,0.004602,74.125.24.0-255,5738,110669,41,120991
2818,0.004606,172.31.46.0-255,66,110735,41,120991
2819,0.007007,74.125.24.0-255,4320,115055,41,120991
2820,0.007013,172.31.46.0-255,66,115121,41,120991
2821,0.007042,74.125.24.0-255,1484,116605,41,120991
2822,0.009412,74.125.24.0-255,4320,120925,41,120991
2823,0.00942,172.31.46.0-255,66,120991,41,120991
2824,0.0,74.125.68.0-255,153,153,41,124966
2825,2.4e-05,172.31.46.0-255,66,219,41,124966
2826,3.2e-05,74.125.68.0-255,1484,1703,41,124966
2827,3.7e-05,172.31.46.0-255,66,1769,41,124966
2828,4e-05,74.125.68.0-255,1484,3253,41,124966
2829,4.3e-05,172.31.46.0-255,66,3319,41,124966
2830,6.8e-05,74.125.68.0-255,1484,4803,41,124966
2831,7.1e-05,172.31.46.0-255,66,4869,41,124966
2832,7.9e-05,74.125.68.0-255,5738,10607,41,124966
2833,8.2e-05,172.31.46.0-255,66,10673,41,124966
2834,8.5e-05,74.125.68.0-255,1484,12157,41,124966
2835,8.7e-05,172.31.46.0-255,66,12223,41,124966
2836,9.2e-05,74.125.68.0-255,2013,14236,41,124966
2837,9.5e-05,172.31.46.0-255,66,14302,41,124966
2838,0.00013,74.125.68.0-255,2902,17204,41,124966
2839,0.000133,172.31.46.0-255,66,17270,41,124966
2840,0.000152,74.125.68.0-255,4320,21590,41,124966
2841,0.000155,172.31.46.0-255,66,21656,41,124966
2842,0.000169,74.125.68.0-255,1484,23140,41,124966
2843,0.000172,172.31.46.0-255,66,23206,41,124966
2844,0.000193,172.31.46.0-255,66,23272,41,124966
2845,0.000236,74.125.68.0-255,4320,27592,41,124966
2846,0.000239,172.31.46.0-255,66,27658,41,124966
2847,0.000257,74.125.68.0-255,1484,29142,41,124966
2848,0.000259,172.31.46.0-255,66,29208,41,124966
2849,0.000269,172.31.46.0-255,66,29274,41,124966
2850,0.000298,74.125.68.0-255,5020,34294,41,124966
2851,0.000301,172.31.46.0-255,66,34360,41,124966
2852,0.00032,74.125.68.0-255,2902,37262,41,124966
2853,0.000323,172.31.46.0-255,66,37328,41,124966
2854,0.000342,74.125.68.0-255,2902,40230,41,124966
2855,0.000363,74.125.68.0-255,1484,41714,41,124966
2856,0.000447,172.31.46.0-255,66,41780,41,124966
2857,0.000936,74.125.68.0-255,646,42426,41,124966
2858,0.00109,74.125.68.0-255,1484,43910,41,124966
2859,0.001096,74.125.68.0-255,2902,46812,41,124966
2860,0.001101,172.31.46.0-255,66,46878,41,124966
2861,0.001127,74.125.68.0-255,5738,52616,41,124966
2862,0.001131,172.31.46.0-255,66,52682,41,124966
2863,0.001136,172.31.46.0-255,66,52748,41,124966
2864,0.001146,74.125.68.0-255,4320,57068,41,124966
2865,0.001168,74.125.68.0-255,4320,61388,41,124966
2866,0.001177,172.31.46.0-255,66,61454,41,124966
2867,0.001196,74.125.68.0-255,2902,64356,41,124966
2868,0.001204,172.31.46.0-255,66,64422,41,124966
2869,0.001239,172.31.46.0-255,66,64488,41,124966
2870,0.001257,74.125.68.0-255,1484,65972,41,124966
2871,0.00128,74.125.68.0-255,3602,69574,41,124966
2872,0.001288,172.31.46.0-255,66,69640,41,124966
2873,0.001511,74.125.68.0-255,1484,71124,41,124966
2874,0.001532,74.125.68.0-255,2902,74026,41,124966
2875,0.001536,172.31.46.0-255,66,74092,41,124966
2876,0.001561,74.125.68.0-255,5738,79830,41,124966
2877,0.001567,74.125.68.0-255,5738,85568,41,124966
2878,0.001579,172.31.46.0-255,66,85634,41,124966
2879,0.001582,74.125.68.0-255,1484,87118,41,124966
2880,0.001608,74.125.68.0-255,4320,91438,41,124966
2881,0.001616,172.31.46.0-255,66,91504,41,124966
2882,0.001651,172.31.46.0-255,66,91570,41,124966
2883,0.001698,74.125.68.0-255,2184,93754,41,124966
2884,0.001707,172.31.46.0-255,66,93820,41,124966
2885,0.001725,74.125.68.0-255,2902,96722,41,124966
2886,0.001737,74.125.68.0-255,1484,98206,41,124966
2887,0.001754,74.125.68.0-255,5738,103944,41,124966
2888,0.00176,172.31.46.0-255,66,104010,41,124966
2889,0.001795,172.31.46.0-255,66,104076,41,124966
2890,0.001839,74.125.68.0-255,4320,108396,41,124966
2891,0.001856,172.31.46.0-255,66,108462,41,124966
2892,0.001871,172.31.46.0-255,66,108528,41,124966
2893,0.001904,74.125.68.0-255,766,109294,41,124966
2894,0.001918,74.125.68.0-255,1484,110778,41,124966
2895,0.001925,74.125.68.0-255,4320,115098,41,124966
2896,0.001933,172.31.46.0-255,66,115164,41,124966
2897,0.001994,172.31.46.0-255,66,115230,41,124966
2898,0.002013,74.125.68.0-255,1484,116714,41,124966
2899,0.002027,74.125.68.0-255,1484,118198,41,124966
2900,0.00207,172.31.46.0-255,66,118264,41,124966
2901,0.002114,74.125.68.0-255,766,119030,41,124966
2902,0.002747,172.31.46.0-255,66,119096,41,124966
2903,0.004085,74.125.68.0-255,4320,123416,41,124966
2904,0.004761,74.125.68.0-255,1484,124900,41,124966
2905,0.008164,172.31.46.0-255,66,124966,41,124966
2906,0.0,74.125.68.0-255,155,155,41,130455
2907,1.2e-05,172.31.46.0-255,66,221,41,130455
2908,2.7e-05,74.125.68.0-255,1484,1705,41,130455
2909,3.1e-05,172.31.46.0-255,66,1771,41,130455
2910,3.6e-05,74.125.68.0-255,2902,4673,41,130455
2911,3.8e-05,172.31.46.0-255,66,4739,41,130455
2912,5.6e-05,74.125.68.0-255,5738,10477,41,130455
2913,5.8e-05,172.31.46.0-255,66,10543,41,130455
2914,8.2e-05,74.125.68.0-255,3501,14044,41,130455
2915,8.4e-05,172.31.46.0-255,66,14110,41,130455
2916,8.8e-05,74.125.68.0-255,2902,17012,41,130455
2917,9e-05,172.31.46.0-255,66,17078,41,130455
2918,0.000101,74.125.68.0-255,1484,18562,41,130455
2919,0.000103,172.31.46.0-255,66,18628,41,130455
2920,0.000115,74.125.68.0-255,2902,21530,41,130455
2921,0.000118,172.31.46.0-255,66,21596,41,130455
2922,0.000142,172.31.46.0-255,66,21662,41,130455
2923,0.000147,74.125.68.0-255,2543,24205,41,130455
2924,0.000149,172.31.46.0-255,66,24271,41,130455
2925,0.000231,74.125.68.0-255,1484,25755,41,130455
2926,0.000235,172.31.46.0-255,66,25821,41,130455
2927,0.000252,74.125.68.0-255,2902,28723,41,130455
2928,0.000254,172.31.46.0-255,66,28789,41,130455
2929,0.000258,74.125.68.0-255,2902,31691,41,130455
2930,0.00026,172.31.46.0-255,66,31757,41,130455
2931,0.000284,74.125.68.0-255,2902,34659,41,130455
2932,0.000286,172.31.46.0-255,66,34725,41,130455
2933,0.000292,74.125.68.0-255,5738,40463,41,130455
2934,0.000293,172.31.46.0-255,66,40529,41,130455
2935,0.000331,172.31.46.0-255,66,40595,41,130455
2936,0.00039,74.125.68.0-255,2884,43479,41,130455
2937,0.000415,74.125.68.0-255,2902,46381,41,130455
2938,0.000417,74.125.68.0-255,1484,47865,41,130455
2939,0.000423,172.31.46.0-255,66,47931,41,130455
2940,0.000431,74.125.68.0-255,2902,50833,41,130455
2941,0.000437,172.31.46.0-255,66,50899,41,130455
2942,0.000456,74.125.68.0-255,2902,53801,41,130455
2943,0.00047,74.125.68.0-255,2902,56703,41,130455
2944,0.000486,172.31.46.0-255,66,56769,41,130455
2945,0.000491,74.125.68.0-255,3660,60429,41,130455
2946,0.000495,172.31.46.0-255,66,60495,41,130455
2947,0.000688,74.125.68.0-255,1484,61979,41,130455
2948,0.000705,74.125.68.0-255,2902,64881,41,130455
2949,0.000713,172.31.46.0-255,66,64947,41,130455
2950,0.000728,74.125.68.0-255,5738,70685,41,130455
2951,0.000739,172.31.46.0-255,66,70751,41,130455
2952,0.000751,74.125.68.0-255,5738,76489,41,130455
2953,0.000761,172.31.46.0-255,66,76555,41,130455
2954,0.000784,74.125.68.0-255,4320,80875,41,130455
2955,0.000789,172.31.46.0-255,66,80941,41,130455
2956,0.000823,74.125.68.0-255,4320,85261,41,130455
2957,0.000834,74.125.68.0-255,2184,87445,41,130455
2958,0.000843,172.31.46.0-255,66,87511,41,130455
2959,0.00127,74.125.68.0-255,1484,88995,41,130455
2960,0.00129,74.125.68.0-255,2902,91897,41,130455
2961,0.001294,172.31.46.0-255,66,91963,41,130455
2962,0.001315,74.125.68.0-255,5738,97701,41,130455
2963,0.001344,172.31.46.0-255,66,97767,41,130455
2964,0.001361,74.125.68.0-255,4320,102087,41,130455
2965,0.001366,172.31.46.0-255,66,102153,41,130455
2966,0.00139,74.125.68.0-255,5738,107891,41,130455
2967,0.001396,74.125.68.0-255,5020,112911,41,130455
2968,0.001406,172.31.46.0-255,66,112977,41,130455
2969,0.003653,74.125.68.0-255,5738,118715,41,130455
2970,0.003659,172.31.46.0-255,66,118781,41,130455
2971,0.005894,74.125.68.0-255,4320,123101,41,130455
2972,0.005912,74.125.68.0-255,1484,124585,41,130455
2973,0.00668,172.31.46.0-255,66,124651,41,130455
2974,0.008927,74.125.68.0-255,5738,130389,41,130455
2975,0.008937,172.31.46.0-255,66,130455,41,130455
2976,0.0,172.217.194.0-255,146,146,41,165788
2977,2e-05,172.31.46.0-255,66,212,41,165788
2978,2.7e-05,172.217.194.0-255,1484,1696,41,165788
2979,3.2e-05,172.31.46.0-255,66,1762,41,165788
2980,4.6e-05,172.217.194.0-255,2902,4664,41,165788
2981,5e-05,172.31.46.0-255,66,4730,41,165788
2982,5.2e-05,172.217.194.0-255,1484,6214,41,165788
2983,5.5e-05,172.31.46.0-255,66,6280,41,165788
2984,6.3e-05,172.217.194.0-255,5738,12018,41,165788
2985,6.6e-05,172.31.46.0-255,66,12084,41,165788
2986,7.1e-05,172.217.194.0-255,2032,14116,41,165788
2987,7.4e-05,172.31.46.0-255,66,14182,41,165788
2988,0.000114,172.217.194.0-255,2902,17084,41,165788
2989,0.000117,172.31.46.0-255,66,17150,41,165788
2990,0.000121,172.217.194.0-255,1484,18634,41,165788
2991,0.000123,172.31.46.0-255,66,18700,41,165788
2992,0.000159,172.217.194.0-255,2902,21602,41,165788
2993,0.000162,172.31.46.0-255,66,21668,41,165788
2994,0.000172,172.31.46.0-255,66,21734,41,165788
2995,0.000175,172.217.194.0-255,1125,22859,41,165788
2996,0.000177,172.31.46.0-255,66,22925,41,165788
2997,0.000315,172.217.194.0-255,1484,24409,41,165788
2998,0.000319,172.31.46.0-255,66,24475,41,165788
2999,0.000325,172.217.194.0-255,2902,27377,41,165788
3000,0.000327,172.31.46.0-255,66,27443,41,165788
3001,0.000333,172.217.194.0-255,4320,31763,41,165788
3002,0.00034,172.31.46.0-255,66,31829,41,165788
3003,0.00035,172.217.194.0-255,1484,33313,41,165788
3004,0.000353,172.31.46.0-255,66,33379,41,165788
3005,0.000403,172.217.194.0-255,5738,39117,41,165788
3006,0.000406,172.31.46.0-255,66,39183,41,165788
3007,0.000428,172.217.194.0-255,1125,40308,41,165788
3008,0.000638,172.217.194.0-255,1484,41792,41,165788
3009,0.000649,172.31.46.0-255,66,41858,41,165788
3010,0.000656,172.217.194.0-255,2902,44760,41,165788
3011,0.000659,172.31.46.0-255,66,44826,41,165788
3012,0.00067,172.217.194.0-255,5738,50564,41,165788
3013,0.000673,172.31.46.0-255,66,50630,41,165788
3014,0.000677,172.217.194.0-255,2902,53532,41,165788
3015,0.00068,172.31.46.0-255,66,53598,41,165788
3016,0.000707,172.217.194.0-255,3961,57559,41,165788
3017,0.00071,172.31.46.0-255,66,57625,41,165788
3018,0.000713,172.217.194.0-255,362,57987,41,165788
3019,0.000738,172.217.194.0-255,1484,59471,41,165788
3020,0.00074,172.31.46.0-255,66,59537,41,165788
3021,0.000746,172.217.194.0-255,4320,63857,41,165788
3022,0.000748,172.31.46.0-255,66,63923,41,165788
3023,0.000794,172.31.46.0-255,66,63989,41,165788
3024,0.000799,172.217.194.0-255,4320,68309,41,165788
3025,0.000801,172.31.46.0-255,66,68375,41,165788
3026,0.000829,172.217.194.0-255,4320,72695,41,165788
3027,0.000855,172.31.46.0-255,66,72761,41,165788
3028,0.000885,172.217.194.0-255,5145,77906,41,165788
3029,0.000887,172.217.194.0-255,1484,79390,41,165788
3030,0.000909,172.217.194.0-255,2902,82292,41,165788
3031,0.000916,172.217.194.0-255,5738,88030,41,165788
3032,0.000959,172.217.194.0-255,1484,89514,41,165788
3033,0.000962,172.31.46.0-255,66,89580,41,165788
3034,0.000993,172.217.194.0-255,2184,91764,41,165788
3035,0.001018,172.31.46.0-255,66,91830,41,165788
3036,0.001712,172.217.194.0-255,1484,93314,41,165788
3037,0.001719,172.217.194.0-255,2902,96216,41,165788
3038,0.001722,172.31.46.0-255,66,96282,41,165788
3039,0.001728,172.217.194.0-255,2902,99184,41,165788
3040,0.00173,172.31.46.0-255,66,99250,41,165788
3041,0.001763,172.217.194.0-255,2902,102152,41,165788
3042,0.001766,172.31.46.0-255,66,102218,41,165788
3043,0.00178,172.31.46.0-255,66,102284,41,165788
3044,0.001819,172.31.46.0-255,66,102350,41,165788
3045,0.001832,172.217.194.0-255,3602,105952,41,165788
3046,0.001864,172.31.46.0-255,66,106018,41,165788
3047,0.001899,172.31.46.0-255,66,106084,41,165788
3048,0.001906,172.217.194.0-255,5020,111104,41,165788
3049,0.001927,172.31.46.0-255,66,111170,41,165788
3050,0.002011,172.217.194.0-255,1484,112654,41,165788
3051,0.002028,172.217.194.0-255,2902,115556,41,165788
3052,0.002033,172.31.46.0-255,66,115622,41,165788
3053,0.002061,172.217.194.0-255,5738,121360,41,165788
3054,0.002097,172.217.194.0-255,1484,122844,41,165788
3055,0.002118,172.217.194.0-255,5738,128582,41,165788
3056,0.002131,172.31.46.0-255,66,128648,41,165788
3057,0.002136,172.31.46.0-255,66,128714,41,165788
3058,0.002159,172.217.194.0-255,2902,131616,41,165788
3059,0.002168,172.217.194.0-255,2184,133800,41,165788
3060,0.002181,172.31.46.0-255,66,133866,41,165788
3061,0.002215,172.217.194.0-255,1484,135350,41,165788
3062,0.002219,172.217.194.0-255,1484,136834,41,165788
3063,0.00224,172.217.194.0-255,1484,138318,41,165788
3064,0.002247,172.217.194.0-255,5738,144056,41,165788
3065,0.002261,172.217.194.0-255,1484,145540,41,165788
3066,0.002279,172.217.194.0-255,5738,151278,41,165788
3067,0.002285,172.217.194.0-255,4320,155598,41,165788
3068,0.002301,172.217.194.0-255,4320,159918,41,165788
3069,0.006784,172.31.46.0-255,66,159984,41,165788
3070,0.009069,172.217.194.0-255,5738,165722,41,165788
3071,0.009081,172.31.46.0-255,66,165788,41,165788
3072,0.0,172.217.194.0-255,153,153,41,64423
3073,2.5e-05,172.31.46.0-255,66,219,41,64423
3074,3.3e-05,172.217.194.0-255,1484,1703,41,64423
3075,3.7e-05,172.31.46.0-255,66,1769,41,64423
3076,4.3e-05,172.217.194.0-255,2902,4671,41,64423
3077,4.6e-05,172.31.46.0-255,66,4737,41,64423
3078,5.6e-05,172.31.46.0-255,66,4803,41,64423
3079,6e-05,172.217.194.0-255,2110,6913,41,64423
3080,6.2e-05,172.31.46.0-255,66,6979,41,64423
3081,8.3e-05,172.217.194.0-255,2902,9881,41,64423
3082,8.6e-05,172.31.46.0-255,66,9947,41,64423
3083,9.1e-05,172.217.194.0-255,2902,12849,41,64423
3084,9.3e-05,172.31.46.0-255,66,12915,41,64423
3085,0.000122,172.217.194.0-255,1484,14399,41,64423
3086,0.000124,172.31.46.0-255,66,14465,41,64423
3087,0.000135,172.31.46.0-255,66,14531,41,64423
3088,0.000138,172.217.194.0-255,1125,15656,41,64423
3089,0.00014,172.31.46.0-255,66,15722,41,64423
3090,0.000177,172.217.194.0-255,1484,17206,41,64423
3091,0.000179,172.31.46.0-255,66,17272,41,64423
3092,0.000185,172.217.194.0-255,4320,21592,41,64423
3093,0.000187,172.31.46.0-255,66,21658,41,64423
3094,0.000213,172.31.46.0-255,66,21724,41,64423
3095,0.000258,172.217.194.0-255,3961,25685,41,64423
3096,0.000261,172.31.46.0-255,66,25751,41,64423
3097,0.001251,172.217.194.0-255,1484,27235,41,64423
3098,0.001258,172.31.46.0-255,66,27301,41,64423
3099,0.001268,172.217.194.0-255,2902,30203,41,64423
3100,0.00127,172.31.46.0-255,66,30269,41,64423
3101,0.001277,172.217.194.0-255,5738,36007,41,64423
3102,0.001278,172.31.46.0-255,66,36073,41,64423
3103,0.001309,172.31.46.0-255,66,36139,41,64423
3104,0.001336,172.217.194.0-255,1484,37623,41,64423
3105,0.001361,172.31.46.0-255,66,37689,41,64423
3106,0.001399,172.31.46.0-255,66,37755,41,64423
3107,0.001418,172.217.194.0-255,4540,42295,41,64423
3108,0.001421,172.31.46.0-255,66,42361,41,64423
3109,0.00146,172.31.46.0-255,66,42427,41,64423
3110,0.002199,172.217.194.0-255,1484,43911,41,64423
3111,0.002208,172.217.194.0-255,2902,46813,41,64423
3112,0.002212,172.31.46.0-255,66,46879,41,64423
3113,0.00222,172.217.194.0-255,5738,52617,41,64423
3114,0.002223,172.31.46.0-255,66,52683,41,64423
3115,0.00227,172.31.46.0-255,66,52749,41,64423
3116,0.002312,172.31.46.0-255,66,52815,41,64423
3117,0.004924,172.217.194.0-255,5738,58553,41,64423
3118,0.004929,172.31.46.0-255,66,58619,41,64423
3119,0.007542,172.217.194.0-255,5738,64357,41,64423
3120,0.007549,172.31.46.0-255,66,64423,41,64423
3121,0.0,74.125.24.0-255,291,291,41,158641
3122,2.3e-05,172.31.46.0-255,66,357,41,158641
3123,3e-05,74.125.24.0-255,1484,1841,41,158641
3124,3.5e-05,172.31.46.0-255,66,1907,41,158641
3125,5e-05,74.125.24.0-255,4320,6227,41,158641
3126,5.3e-05,172.31.46.0-255,66,6293,41,158641
3127,5.6e-05,74.125.24.0-255,1484,7777,41,158641
3128,5.9e-05,172.31.46.0-255,66,7843,41,158641
3129,9.4e-05,74.125.24.0-255,6161,14004,41,158641
3130,9.8e-05,172.31.46.0-255,66,14070,41,158641
3131,0.000109,172.31.46.0-255,66,14136,41,158641
3132,0.000121,172.31.46.0-255,66,14202,41,158641
3133,0.000194,74.125.24.0-255,1484,15686,41,158641
3134,0.000196,172.31.46.0-255,66,15752,41,158641
3135,0.000201,74.125.24.0-255,1484,17236,41,158641
3136,0.000203,172.31.46.0-255,66,17302,41,158641
3137,0.00024,74.125.24.0-255,1484,18786,41,158641
3138,0.000242,172.31.46.0-255,66,18852,41,158641
3139,0.00025,74.125.24.0-255,5738,24590,41,158641
3140,0.000252,172.31.46.0-255,66,24656,41,158641
3141,0.000256,74.125.24.0-255,1484,26140,41,158641
3142,0.000258,172.31.46.0-255,66,26206,41,158641
3143,0.00029,74.125.24.0-255,5379,31585,41,158641
3144,0.000293,172.31.46.0-255,66,31651,41,158641
3145,0.000415,74.125.24.0-255,1484,33135,41,158641
3146,0.000419,172.31.46.0-255,66,33201,41,158641
3147,0.000426,74.125.24.0-255,2902,36103,41,158641
3148,0.000429,172.31.46.0-255,66,36169,41,158641
3149,0.00044,74.125.24.0-255,5738,41907,41,158641
3150,0.000443,172.31.46.0-255,66,41973,41,158641
3151,0.000472,172.31.46.0-255,66,42039,41,158641
3152,0.00082,74.125.24.0-255,129,42168,41,158641
3153,0.000826,74.125.24.0-255,349,42517,41,158641
3154,0.00093,74.125.24.0-255,1484,44001,41,158641
3155,0.000935,172.31.46.0-255,66,44067,41,158641
3156,0.000941,74.125.24.0-255,2902,46969,41,158641
3157,0.000943,172.31.46.0-255,66,47035,41,158641
3158,0.000946,74.125.24.0-255,1484,48519,41,158641
3159,0.000976,74.125.24.0-255,4320,52839,41,158641
3160,0.000978,172.31.46.0-255,66,52905,41,158641
3161,0.000985,74.125.24.0-255,5738,58643,41,158641
3162,0.000987,172.31.46.0-255,66,58709,41,158641
3163,0.000997,172.31.46.0-255,66,58775,41,158641
3164,0.001064,172.31.46.0-255,66,58841,41,158641
3165,0.00176,74.125.24.0-255,1484,60325,41,158641
3166,0.00177,74.125.24.0-255,2902,63227,41,158641
3167,0.001775,172.31.46.0-255,66,63293,41,158641
3168,0.001782,74.125.24.0-255,5738,69031,41,158641
3169,0.001784,172.31.46.0-255,66,69097,41,158641
3170,0.001795,74.125.24.0-255,5738,74835,41,158641
3171,0.001797,172.31.46.0-255,66,74901,41,158641
3172,0.001832,172.31.46.0-255,66,74967,41,158641
3173,0.001868,74.125.24.0-255,2902,77869,41,158641
3174,0.00187,172.31.46.0-255,66,77935,41,158641
3175,0.001879,172.31.46.0-255,66,78001,41,158641
3176,0.001893,172.31.46.0-255,66,78067,41,158641
3177,0.001909,172.31.46.0-255,66,78133,41,158641
3178,0.001915,74.125.24.0-255,5020,83153,41,158641
3179,0.001917,172.31.46.0-255,66,83219,41,158641
3180,0.001966,172.31.46.0-255,66,83285,41,158641
3181,0.001974,172.31.46.0-255,66,83351,41,158641
3182,0.001997,74.125.24.0-255,4320,87671,41,158641
3183,0.001999,172.31.46.0-255,66,87737,41,158641
3184,0.002033,74.125.24.0-255,4320,92057,41,158641
3185,0.002035,172.31.46.0-255,66,92123,41,158641
3186,0.002046,172.31.46.0-255,66,92189,41,158641
3187,0.002096,172.31.46.0-255,66,92255,41,158641
3188,0.002099,74.125.24.0-255,766,93021,41,158641
3189,0.003419,74.125.24.0-255,1484,94505,41,158641
3190,0.003428,172.31.46.0-255,66,94571,41,158641
3191,0.003434,74.125.24.0-255,2902,97473,41,158641
3192,0.003437,172.31.46.0-255,66,97539,41,158641
3193,0.003465,74.125.24.0-255,5738,103277,41,158641
3194,0.003467,172.31.46.0-255,66,103343,41,158641
3195,0.003473,74.125.24.0-255,5738,109081,41,158641
3196,0.003475,172.31.46.0-255,66,109147,41,158641
3197,0.003483,74.125.24.0-255,1484,110631,41,158641
3198,0.003524,172.31.46.0-255,66,110697,41,158641
3199,0.003531,74.125.24.0-255,5020,115717,41,158641
3200,0.003533,172.31.46.0-255,66,115783,41,158641
3201,0.003702,74.125.24.0-255,1484,117267,41,158641
3202,0.003751,74.125.24.0-255,2902,120169,41,158641
3203,0.003755,172.31.46.0-255,66,120235,41,158641
3204,0.003761,74.125.24.0-255,5738,125973,41,158641
3205,0.003763,172.31.46.0-255,66,126039,41,158641
3206,0.003782,172.31.46.0-255,66,126105,41,158641
3207,0.003789,74.125.24.0-255,5738,131843,41,158641
3208,0.003791,172.31.46.0-255,66,131909,41,158641
3209,0.003864,74.125.24.0-255,4320,136229,41,158641
3210,0.003868,172.31.46.0-255,66,136295,41,158641
3211,0.003924,172.31.46.0-255,66,136361,41,158641
3212,0.003947,172.31.46.0-255,66,136427,41,158641
3213,0.004178,74.125.24.0-255,1484,137911,41,158641
3214,0.004194,74.125.24.0-255,2902,140813,41,158641
3215,0.004199,172.31.46.0-255,66,140879,41,158641
3216,0.004202,74.125.24.0-255,1484,142363,41,158641
3217,0.004227,74.125.24.0-255,4320,146683,41,158641
3218,0.00423,172.31.46.0-255,66,146749,41,158641
3219,0.004241,172.31.46.0-255,66,146815,41,158641
3220,0.004243,74.125.24.0-255,1484,148299,41,158641
3221,0.004284,172.31.46.0-255,66,148365,41,158641
3222,0.004289,74.125.24.0-255,2184,150549,41,158641
3223,0.004291,172.31.46.0-255,66,150615,41,158641
3224,0.004323,74.125.24.0-255,1484,152099,41,158641
3225,0.00433,74.125.24.0-255,1484,153583,41,158641
3226,0.004333,172.31.46.0-255,66,153649,41,158641
3227,0.004357,74.125.24.0-255,4320,157969,41,158641
3228,0.00436,172.31.46.0-255,66,158035,41,158641
3229,0.00437,172.31.46.0-255,66,158101,41,158641
3230,0.004398,172.31.46.0-255,66,158167,41,158641
3231,0.004434,172.31.46.0-255,66,158233,41,158641
3232,0.004475,172.31.46.0-255,66,158299,41,158641
3233,0.004478,74.125.24.0-255,105,158404,41,158641
3234,0.007672,172.31.46.0-255,66,158470,41,158641
3235,0.007709,172.31.46.0-255,105,158575,41,158641
3236,0.009943,74.125.24.0-255,66,158641,41,158641
3237,0.0,172.217.194.0-255,150,150,41,138175
3238,2.3e-05,172.31.46.0-255,66,216,41,138175
3239,3e-05,172.217.194.0-255,1484,1700,41,138175
3240,3.5e-05,172.31.46.0-255,66,1766,41,138175
3241,4e-05,172.217.194.0-255,2902,4668,41,138175
3242,4.3e-05,172.31.46.0-255,66,4734,41,138175
3243,6.3e-05,172.31.46.0-255,66,4800,41,138175
3244,7.4e-05,172.31.46.0-255,66,4866,41,138175
3245,0.000123,172.31.46.0-255,66,4932,41,138175
3246,0.00014,172.217.194.0-255,5738,10670,41,138175
3247,0.000143,172.31.46.0-255,66,10736,41,138175
3248,0.000175,172.217.194.0-255,5738,16474,41,138175
3249,0.000177,172.31.46.0-255,66,16540,41,138175
3250,0.000184,172.217.194.0-255,5379,21919,41,138175
3251,0.000187,172.31.46.0-255,66,21985,41,138175
3252,0.000202,172.217.194.0-255,1484,23469,41,138175
3253,0.000208,172.31.46.0-255,66,23535,41,138175
3254,0.000232,172.217.194.0-255,2902,26437,41,138175
3255,0.000234,172.31.46.0-255,66,26503,41,138175
3256,0.000241,172.217.194.0-255,5738,32241,41,138175
3257,0.000243,172.31.46.0-255,66,32307,41,138175
3258,0.000284,172.31.46.0-255,66,32373,41,138175
3259,0.000287,172.217.194.0-255,648,33021,41,138175
3260,0.000288,172.31.46.0-255,66,33087,41,138175
3261,0.000379,172.217.194.0-255,1484,34571,41,138175
3262,0.000382,172.31.46.0-255,66,34637,41,138175
3263,0.000387,172.217.194.0-255,2902,37539,41,138175
3264,0.00039,172.31.46.0-255,66,37605,41,138175
3265,0.000394,172.217.194.0-255,2902,40507,41,138175
3266,0.000396,172.31.46.0-255,66,40573,41,138175
3267,0.000426,172.217.194.0-255,2902,43475,41,138175
3268,0.000428,172.31.46.0-255,66,43541,41,138175
3269,0.000438,172.31.46.0-255,66,43607,41,138175
3270,0.000487,172.31.46.0-255,66,43673,41,138175
3271,0.000492,172.217.194.0-255,1992,45665,41,138175
3272,0.000493,172.31.46.0-255,66,45731,41,138175
3273,0.000733,172.217.194.0-255,1484,47215,41,138175
3274,0.00074,172.217.194.0-255,1484,48699,41,138175
3275,0.000744,172.31.46.0-255,66,48765,41,138175
3276,0.000772,172.217.194.0-255,1484,50249,41,138175
3277,0.000779,172.217.194.0-255,5738,55987,41,138175
3278,0.000782,172.31.46.0-255,66,56053,41,138175
3279,0.000792,172.31.46.0-255,66,56119,41,138175
3280,0.000796,172.217.194.0-255,2902,59021,41,138175
3281,0.000798,172.31.46.0-255,66,59087,41,138175
3282,0.000852,172.31.46.0-255,66,59153,41,138175
3283,0.000856,172.217.194.0-255,2184,61337,41,138175
3284,0.000858,172.31.46.0-255,66,61403,41,138175
3285,0.001032,172.217.194.0-255,1484,62887,41,138175
3286,0.001038,172.217.194.0-255,2902,65789,41,138175
3287,0.001042,172.31.46.0-255,66,65855,41,138175
3288,0.001074,172.217.194.0-255,5738,71593,41,138175
3289,0.001077,172.31.46.0-255,66,71659,41,138175
3290,0.001091,172.31.46.0-255,66,71725,41,138175
3291,0.001122,172.217.194.0-255,1484,73209,41,138175
3292,0.001136,172.31.46.0-255,66,73275,41,138175
3293,0.001579,172.217.194.0-255,1484,74759,41,138175
3294,0.001585,172.217.194.0-255,2902,77661,41,138175
3295,0.001588,172.31.46.0-255,66,77727,41,138175
3296,0.001604,172.217.194.0-255,2902,80629,41,138175
3297,0.001611,172.31.46.0-255,66,80695,41,138175
3298,0.001643,172.217.194.0-255,2902,83597,41,138175
3299,0.001646,172.31.46.0-255,66,83663,41,138175
3300,0.001665,172.31.46.0-255,66,83729,41,138175
3301,0.001678,172.31.46.0-255,66,83795,41,138175
3302,0.001763,172.217.194.0-255,1484,85279,41,138175
3303,0.001768,172.217.194.0-255,2902,88181,41,138175
3304,0.001771,172.31.46.0-255,66,88247,41,138175
3305,0.001777,172.217.194.0-255,5738,93985,41,138175
3306,0.001779,172.31.46.0-255,66,94051,41,138175
3307,0.001793,172.31.46.0-255,66,94117,41,138175
3308,0.001806,172.31.46.0-255,66,94183,41,138175
3309,0.00211,172.217.194.0-255,1484,95667,41,138175
3310,0.002119,172.217.194.0-255,2902,98569,41,138175
3311,0.002123,172.31.46.0-255,66,98635,41,138175
3312,0.00213,172.217.194.0-255,4320,102955,41,138175
3313,0.002133,172.31.46.0-255,66,103021,41,138175
3314,0.002185,172.217.194.0-255,1484,104505,41,138175
3315,0.002205,172.31.46.0-255,66,104571,41,138175
3316,0.002217,172.31.46.0-255,66,104637,41,138175
3317,0.002256,172.217.194.0-255,1484,106121,41,138175
3318,0.002261,172.217.194.0-255,2902,109023,41,138175
3319,0.002263,172.31.46.0-255,66,109089,41,138175
3320,0.00227,172.217.194.0-255,5738,114827,41,138175
3321,0.002272,172.31.46.0-255,66,114893,41,138175
3322,0.002275,172.217.194.0-255,1484,116377,41,138175
3323,0.002303,172.217.194.0-255,4320,120697,41,138175
3324,0.002306,172.31.46.0-255,66,120763,41,138175
3325,0.004584,172.217.194.0-255,5738,126501,41,138175
3326,0.004595,172.31.46.0-255,66,126567,41,138175
3327,0.006886,172.217.194.0-255,5738,132305,41,138175
3328,0.006906,172.31.46.0-255,66,132371,41,138175
3329,0.009183,172.217.194.0-255,5738,138109,41,138175
3330,0.009191,172.31.46.0-255,66,138175,41,138175
3331,0.0,74.125.68.0-255,150,150,41,111673
3332,2.3e-05,172.31.46.0-255,66,216,41,111673
3333,2.9e-05,74.125.68.0-255,1484,1700,41,111673
3334,3.5e-05,172.31.46.0-255,66,1766,41,111673
3335,4.1e-05,74.125.68.0-255,2902,4668,41,111673
3336,4.4e-05,172.31.46.0-255,66,4734,41,111673
3337,5.1e-05,74.125.68.0-255,5738,10472,41,111673
3338,5.4e-05,172.31.46.0-255,66,10538,41,111673
3339,8.1e-05,74.125.68.0-255,3456,13994,41,111673
3340,8.5e-05,172.31.46.0-255,66,14060,41,111673
3341,0.000184,74.125.68.0-255,1484,15544,41,111673
3342,0.000188,172.31.46.0-255,66,15610,41,111673
3343,0.000204,74.125.68.0-255,2902,18512,41,111673
3344,0.000207,172.31.46.0-255,66,18578,41,111673
3345,0.000213,74.125.68.0-255,5738,24316,41,111673
3346,0.000216,172.31.46.0-255,66,24382,41,111673
3347,0.000221,74.125.68.0-255,2902,27284,41,111673
3348,0.000223,172.31.46.0-255,66,27350,41,111673
3349,0.000255,74.125.68.0-255,3961,31311,41,111673
3350,0.000258,172.31.46.0-255,66,31377,41,111673
3351,0.000286,74.125.68.0-255,2902,34279,41,111673
3352,0.000289,172.31.46.0-255,66,34345,41,111673
3353,0.000306,74.125.68.0-255,2902,37247,41,111673
3354,0.000308,172.31.46.0-255,66,37313,41,111673
3355,0.000313,74.125.68.0-255,2902,40215,41,111673
3356,0.000315,172.31.46.0-255,66,40281,41,111673
3357,0.000334,74.125.68.0-255,4320,44601,41,111673
3358,0.000337,172.31.46.0-255,66,44667,41,111673
3359,0.000358,74.125.68.0-255,3961,48628,41,111673
3360,0.00036,172.31.46.0-255,66,48694,41,111673
3361,0.000397,74.125.68.0-255,4320,53014,41,111673
3362,0.0004,172.31.46.0-255,66,53080,41,111673
3363,0.000405,74.125.68.0-255,2902,55982,41,111673
3364,0.00042,74.125.68.0-255,2902,58884,41,111673
3365,0.00047,74.125.68.0-255,363,59247,41,111673
3366,0.000521,172.31.46.0-255,66,59313,41,111673
3367,0.000659,74.125.68.0-255,380,59693,41,111673
3368,0.000742,74.125.68.0-255,1484,61177,41,111673
3369,0.000745,74.125.68.0-255,1484,62661,41,111673
3370,0.000756,74.125.68.0-255,1484,64145,41,111673
3371,0.000784,74.125.68.0-255,5738,69883,41,111673
3372,0.000789,74.125.68.0-255,4320,74203,41,111673
3373,0.000792,172.31.46.0-255,66,74269,41,111673
3374,0.000797,172.31.46.0-255,66,74335,41,111673
3375,0.000814,74.125.68.0-255,5379,79714,41,111673
3376,0.000828,172.31.46.0-255,66,79780,41,111673
3377,0.000836,74.125.68.0-255,5738,85518,41,111673
3378,0.00084,172.31.46.0-255,66,85584,41,111673
3379,0.000848,74.125.68.0-255,1484,87068,41,111673
3380,0.000883,74.125.68.0-255,4320,91388,41,111673
3381,0.0009,74.125.68.0-255,2543,93931,41,111673
3382,0.000905,172.31.46.0-255,66,93997,41,111673
3383,0.002136,74.125.68.0-255,1484,95481,41,111673
3384,0.002198,74.125.68.0-255,1484,96965,41,111673
3385,0.002203,172.31.46.0-255,66,97031,41,111673
3386,0.002237,74.125.68.0-255,1484,98515,41,111673
3387,0.002241,74.125.68.0-255,1484,99999,41,111673
3388,0.002255,74.125.68.0-255,1484,101483,41,111673
3389,0.002271,74.125.68.0-255,4320,105803,41,111673
3390,0.007204,172.31.46.0-255,66,105869,41,111673
3391,0.009464,74.125.68.0-255,5738,111607,41,111673
3392,0.009474,172.31.46.0-255,66,111673,41,111673
3393,0.0,74.125.130.0-255,149,149,41,283734
3394,1.6e-05,172.31.46.0-255,66,215,41,283734
3395,2.3e-05,74.125.130.0-255,1484,1699,41,283734
3396,2.8e-05,172.31.46.0-255,66,1765,41,283734
3397,3.3e-05,74.125.130.0-255,2902,4667,41,283734
3398,4.4e-05,172.31.46.0-255,66,4733,41,283734
3399,5e-05,74.125.130.0-255,4320,9053,41,283734
3400,5.4e-05,172.31.46.0-255,66,9119,41,283734
3401,7.2e-05,74.125.130.0-255,4320,13439,41,283734
3402,7.5e-05,172.31.46.0-255,66,13505,41,283734
3403,0.000109,74.125.130.0-255,3350,16855,41,283734
3404,0.000112,172.31.46.0-255,66,16921,41,283734
3405,0.000123,172.31.46.0-255,66,16987,41,283734
3406,0.000133,74.125.130.0-255,5379,22366,41,283734
3407,0.000137,172.31.46.0-255,66,22432,41,283734
3408,0.000216,74.125.130.0-255,1484,23916,41,283734
3409,0.00022,172.31.46.0-255,66,23982,41,283734
3410,0.000225,74.125.130.0-255,2902,26884,41,283734
3411,0.000227,172.31.46.0-255,66,26950,41,283734
3412,0.000272,74.125.130.0-255,5738,32688,41,283734
3413,0.000276,172.31.46.0-255,66,32754,41,283734
3414,0.000282,74.125.130.0-255,5738,38492,41,283734
3415,0.000284,172.31.46.0-255,66,38558,41,283734
3416,0.000324,74.125.130.0-255,1125,39683,41,283734
3417,0.000326,172.31.46.0-255,66,39749,41,283734
3418,0.001241,74.125.130.0-255,1484,41233,41,283734
3419,0.001247,172.31.46.0-255,66,41299,41,283734
3420,0.001257,74.125.130.0-255,2902,44201,41,283734
3421,0.001259,172.31.46.0-255,66,44267,41,283734
3422,0.0013,74.125.130.0-255,5738,50005,41,283734
3423,0.001303,172.31.46.0-255,66,50071,41,283734
3424,0.001312,172.31.46.0-255,66,50137,41,283734
3425,0.001359,74.125.130.0-255,5738,55875,41,283734
3426,0.001361,172.31.46.0-255,66,55941,41,283734
3427,0.00138,74.125.130.0-255,4320,60261,41,283734
3428,0.001382,172.31.46.0-255,66,60327,41,283734
3429,0.001392,172.31.46.0-255,66,60393,41,283734
3430,0.001476,74.125.130.0-255,1484,61877,41,283734
3431,0.001495,74.125.130.0-255,2902,64779,41,283734
3432,0.001498,172.31.46.0-255,66,64845,41,283734
3433,0.001501,74.125.130.0-255,1484,66329,41,283734
3434,0.001532,74.125.130.0-255,4320,70649,41,283734
3435,0.001535,172.31.46.0-255,66,70715,41,283734
3436,0.001543,74.125.130.0-255,5738,76453,41,283734
3437,0.001545,172.31.46.0-255,66,76519,41,283734
3438,0.001572,74.125.130.0-255,1125,77644,41,283734
3439,0.001783,74.125.130.0-255,1484,79128,41,283734
3440,0.001789,172.31.46.0-255,66,79194,41,283734
3441,0.001797,74.125.130.0-255,2902,82096,41,283734
3442,0.0018,172.31.46.0-255,66,82162,41,283734
3443,0.001812,74.125.130.0-255,5738,87900,41,283734
3444,0.001814,172.31.46.0-255,66,87966,41,283734
3445,0.001846,172.31.46.0-255,66,88032,41,283734
3446,0.00187,74.125.130.0-255,1484,89516,41,283734
3447,0.001883,172.31.46.0-255,66,89582,41,283734
3448,0.001916,74.125.130.0-255,3974,93556,41,283734
3449,0.001919,172.31.46.0-255,66,93622,41,283734
3450,0.001924,74.125.130.0-255,4320,97942,41,283734
3451,0.001926,172.31.46.0-255,66,98008,41,283734
3452,0.001932,74.125.130.0-255,2902,100910,41,283734
3453,0.001939,172.31.46.0-255,66,100976,41,283734
3454,0.001968,74.125.130.0-255,4320,105296,41,283734
3455,0.001971,172.31.46.0-255,66,105362,41,283734
3456,0.001982,172.31.46.0-255,66,105428,41,283734
3457,0.001989,74.125.130.0-255,5738,111166,41,283734
3458,0.001991,172.31.46.0-255,66,111232,41,283734
3459,0.002024,74.125.130.0-255,5738,116970,41,283734
3460,0.002026,172.31.46.0-255,66,117036,41,283734
3461,0.002031,74.125.130.0-255,2184,119220,41,283734
3462,0.002033,172.31.46.0-255,66,119286,41,283734
3463,0.002191,74.125.130.0-255,1484,120770,41,283734
3464,0.002195,74.125.130.0-255,1484,122254,41,283734
3465,0.002202,172.31.46.0-255,66,122320,41,283734
3466,0.002224,74.125.130.0-255,1484,123804,41,283734
3467,0.002231,74.125.130.0-255,5738,129542,41,283734
3468,0.002233,172.31.46.0-255,66,129608,41,283734
3469,0.00224,74.125.130.0-255,5738,135346,41,283734
3470,0.002243,172.31.46.0-255,66,135412,41,283734
3471,0.002282,172.31.46.0-255,66,135478,41,283734
3472,0.002285,74.125.130.0-255,1484,136962,41,283734
3473,0.00232,172.31.46.0-255,66,137028,41,283734
3474,0.002358,172.31.46.0-255,66,137094,41,283734
3475,0.002386,74.125.130.0-255,1484,138578,41,283734
3476,0.002399,172.31.46.0-255,66,138644,41,283734
3477,0.002406,74.125.130.0-255,5738,144382,41,283734
3478,0.002409,172.31.46.0-255,66,144448,41,283734
3479,0.002424,172.31.46.0-255,66,144514,41,283734
3480,0.002551,74.125.130.0-255,1484,145998,41,283734
3481,0.002571,74.125.130.0-255,2902,148900,41,283734
3482,0.002574,172.31.46.0-255,66,148966,41,283734
3483,0.002596,74.125.130.0-255,2902,151868,41,283734
3484,0.002599,172.31.46.0-255,66,151934,41,283734
3485,0.002625,74.125.130.0-255,2902,154836,41,283734
3486,0.002628,172.31.46.0-255,66,154902,41,283734
3487,0.00265,74.125.130.0-255,1484,156386,41,283734
3488,0.002653,74.125.130.0-255,1484,157870,41,283734
3489,0.002659,172.31.46.0-255,66,157936,41,283734
3490,0.002722,74.125.130.0-255,1484,159420,41,283734
3491,0.002738,74.125.130.0-255,1484,160904,41,283734
3492,0.002742,172.31.46.0-255,66,160970,41,283734
3493,0.002774,74.125.130.0-255,2902,163872,41,283734
3494,0.002777,172.31.46.0-255,66,163938,41,283734
3495,0.00282,74.125.130.0-255,2902,166840,41,283734
3496,0.002822,172.31.46.0-255,66,166906,41,283734
3497,0.002847,74.125.130.0-255,2902,169808,41,283734
3498,0.00285,172.31.46.0-255,66,169874,41,283734
3499,0.00286,172.31.46.0-255,66,169940,41,283734
3500,0.002868,74.125.130.0-255,2184,172124,41,283734
3501,0.00287,172.31.46.0-255,66,172190,41,283734
3502,0.003105,74.125.130.0-255,1484,173674,41,283734
3503,0.003121,74.125.130.0-255,2902,176576,41,283734
3504,0.003125,172.31.46.0-255,66,176642,41,283734
3505,0.003129,74.125.130.0-255,1484,178126,41,283734
3506,0.003157,74.125.130.0-255,4320,182446,41,283734
3507,0.00316,172.31.46.0-255,66,182512,41,283734
3508,0.003164,74.125.130.0-255,2902,185414,41,283734
3509,0.003167,172.31.46.0-255,66,185480,41,283734
3510,0.003177,74.125.130.0-255,4320,189800,41,283734
3511,0.003179,172.31.46.0-255,66,189866,41,283734
3512,0.003185,74.125.130.0-255,4320,194186,41,283734
3513,0.003187,172.31.46.0-255,66,194252,41,283734
3514,0.003214,74.125.130.0-255,4320,198572,41,283734
3515,0.003218,172.31.46.0-255,66,198638,41,283734
3516,0.003231,172.31.46.0-255,66,198704,41,283734
3517,0.003234,74.125.130.0-255,766,199470,41,283734
3518,0.003271,74.125.130.0-255,1484,200954,41,283734
3519,0.003274,172.31.46.0-255,66,201020,41,283734
3520,0.003304,74.125.130.0-255,4320,205340,41,283734
3521,0.003307,172.31.46.0-255,66,205406,41,283734
3522,0.003336,74.125.130.0-255,5738,211144,41,283734
3523,0.003339,172.31.46.0-255,66,211210,41,283734
3524,0.003342,74.125.130.0-255,1484,212694,41,283734
3525,0.003366,74.125.130.0-255,2902,215596,41,283734
3526,0.003368,172.31.46.0-255,66,215662,41,283734
3527,0.003394,74.125.130.0-255,5738,221400,41,283734
3528,0.003397,172.31.46.0-255,66,221466,41,283734
3529,0.0034,74.125.130.0-255,1484,222950,41,283734
3530,0.003404,74.125.130.0-255,2902,225852,41,283734
3531,0.003407,172.31.46.0-255,66,225918,41,283734
3532,0.003435,74.125.130.0-255,4320,230238,41,283734
3533,0.003438,172.31.46.0-255,66,230304,41,283734
3534,0.003462,74.125.130.0-255,1484,231788,41,283734
3535,0.003466,74.125.130.0-255,2184,233972,41,283734
3536,0.003468,172.31.46.0-255,66,234038,41,283734
3537,0.003473,74.125.130.0-255,2902,236940,41,283734
3538,0.003476,172.31.46.0-255,66,237006,41,283734
3539,0.003503,74.125.130.0-255,2902,239908,41,283734
3540,0.003506,172.31.46.0-255,66,239974,41,283734
3541,0.003531,74.125.130.0-255,4320,244294,41,283734
3542,0.003534,172.31.46.0-255,66,244360,41,283734
3543,0.003544,172.31.46.0-255,66,244426,41,283734
3544,0.003552,74.125.130.0-255,1484,245910,41,283734
3545,0.003578,74.125.130.0-255,5738,251648,41,283734
3546,0.003581,172.31.46.0-255,66,251714,41,283734
3547,0.003591,172.31.46.0-255,66,251780,41,283734
3548,0.003619,74.125.130.0-255,1484,253264,41,283734
3549,0.003623,74.125.130.0-255,2902,256166,41,283734
3550,0.003627,172.31.46.0-255,66,256232,41,283734
3551,0.003658,74.125.130.0-255,5738,261970,41,283734
3552,0.003661,172.31.46.0-255,66,262036,41,283734
3553,0.003665,74.125.130.0-255,2902,264938,41,283734
3554,0.003667,172.31.46.0-255,66,265004,41,283734
3555,0.003673,74.125.130.0-255,4320,269324,41,283734
3556,0.003679,172.31.46.0-255,66,269390,41,283734
3557,0.003726,172.31.46.0-255,66,269456,41,283734
3558,0.003733,74.125.130.0-255,5738,275194,41,283734
3559,0.003735,172.31.46.0-255,66,275260,41,283734
3560,0.003749,172.31.46.0-255,66,275326,41,283734
3561,0.003752,74.125.130.0-255,1484,276810,41,283734
3562,0.003779,74.125.130.0-255,5738,282548,41,283734
3563,0.003787,172.31.46.0-255,66,282614,41,283734
3564,0.003789,74.125.130.0-255,778,283392,41,283734
3565,0.003843,74.125.130.0-255,105,283497,41,283734
3566,0.006046,172.31.46.0-255,66,283563,41,283734
3567,0.006079,172.31.46.0-255,105,283668,41,283734
3568,0.008641,74.125.130.0-255,66,283734,41,283734
3569,0.0,74.125.24.0-255,156,156,41,105690
3570,2.2e-05,172.31.46.0-255,66,222,41,105690
3571,2.9e-05,74.125.24.0-255,1484,1706,41,105690
3572,3.3e-05,172.31.46.0-255,66,1772,41,105690
3573,3.9e-05,74.125.24.0-255,2902,4674,41,105690
3574,5e-05,172.31.46.0-255,66,4740,41,105690
3575,6.2e-05,172.31.46.0-255,66,4806,41,105690
3576,6.6e-05,74.125.24.0-255,2081,6887,41,105690
3577,6.9e-05,172.31.46.0-255,66,6953,41,105690
3578,0.00038,74.125.24.0-255,1484,8437,41,105690
3579,0.000383,172.31.46.0-255,66,8503,41,105690
3580,0.000387,74.125.24.0-255,1484,9987,41,105690
3581,0.00039,172.31.46.0-255,66,10053,41,105690
3582,0.000408,74.125.24.0-255,1484,11537,41,105690
3583,0.00041,172.31.46.0-255,66,11603,41,105690
3584,0.000422,74.125.24.0-255,5738,17341,41,105690
3585,0.000424,172.31.46.0-255,66,17407,41,105690
3586,0.000435,172.31.46.0-255,66,17473,41,105690
3587,0.000469,74.125.24.0-255,5379,22852,41,105690
3588,0.000473,172.31.46.0-255,66,22918,41,105690
3589,0.000487,172.31.46.0-255,66,22984,41,105690
3590,0.000546,172.31.46.0-255,66,23050,41,105690
3591,0.000549,74.125.24.0-255,395,23445,41,105690
3592,0.000551,172.31.46.0-255,66,23511,41,105690
3593,0.000554,74.125.24.0-255,115,23626,41,105690
3594,0.000556,172.31.46.0-255,66,23692,41,105690
3595,0.001352,74.125.24.0-255,1484,25176,41,105690
3596,0.001358,172.31.46.0-255,66,25242,41,105690
3597,0.001365,74.125.24.0-255,2902,28144,41,105690
3598,0.001367,172.31.46.0-255,66,28210,41,105690
3599,0.001379,74.125.24.0-255,5738,33948,41,105690
3600,0.001382,172.31.46.0-255,66,34014,41,105690
3601,0.001417,74.125.24.0-255,5738,39752,41,105690
3602,0.00142,172.31.46.0-255,66,39818,41,105690
3603,0.001434,172.31.46.0-255,66,39884,41,105690
3604,0.001464,74.125.24.0-255,1484,41368,41,105690
3605,0.00147,74.125.24.0-255,5020,46388,41,105690
3606,0.001477,172.31.46.0-255,66,46454,41,105690
3607,0.001551,74.125.24.0-255,330,46784,41,105690
3608,0.00158,74.125.24.0-255,1484,48268,41,105690
3609,0.001583,172.31.46.0-255,66,48334,41,105690
3610,0.00159,74.125.24.0-255,4320,52654,41,105690
3611,0.001592,172.31.46.0-255,66,52720,41,105690
3612,0.001611,74.125.24.0-255,4320,57040,41,105690
3613,0.001614,172.31.46.0-255,66,57106,41,105690
3614,0.001636,74.125.24.0-255,4320,61426,41,105690
3615,0.001639,172.31.46.0-255,66,61492,41,105690
3616,0.001653,172.31.46.0-255,66,61558,41,105690
3617,0.001672,172.31.46.0-255,66,61624,41,105690
3618,0.001678,74.125.24.0-255,766,62390,41,105690
3619,0.001823,74.125.24.0-255,1484,63874,41,105690
3620,0.001827,172.31.46.0-255,66,63940,41,105690
3621,0.001842,74.125.24.0-255,2902,66842,41,105690
3622,0.001845,172.31.46.0-255,66,66908,41,105690
3623,0.001856,74.125.24.0-255,5738,72646,41,105690
3624,0.001858,172.31.46.0-255,66,72712,41,105690
3625,0.001862,74.125.24.0-255,2902,75614,41,105690
3626,0.001864,172.31.46.0-255,66,75680,41,105690
3627,0.001903,172.31.46.0-255,66,75746,41,105690
3628,0.001917,172.31.46.0-255,66,75812,41,105690
3629,0.001963,74.125.24.0-255,1484,77296,41,105690
3630,0.001979,74.125.24.0-255,2902,80198,41,105690
3631,0.001982,172.31.46.0-255,66,80264,41,105690
3632,0.001987,74.125.24.0-255,4320,84584,41,105690
3633,0.00199,172.31.46.0-255,66,84650,41,105690
3634,0.002018,74.125.24.0-255,1484,86134,41,105690
3635,0.002022,74.125.24.0-255,2902,89036,41,105690
3636,0.002025,172.31.46.0-255,66,89102,41,105690
3637,0.002036,172.31.46.0-255,66,89168,41,105690
3638,0.002082,172.31.46.0-255,66,89234,41,105690
3639,0.002095,172.31.46.0-255,66,89300,41,105690
3640,0.002148,172.31.46.0-255,66,89366,41,105690
3641,0.002217,172.31.46.0-255,66,89432,41,105690
3642,0.002262,172.31.46.0-255,66,89498,41,105690
3643,0.002272,172.31.46.0-255,66,89564,41,105690
3644,0.002275,74.125.24.0-255,1484,91048,41,105690
3645,0.004505,74.125.24.0-255,4320,95368,41,105690
3646,0.004512,172.31.46.0-255,66,95434,41,105690
3647,0.00677,74.125.24.0-255,4320,99754,41,105690
3648,0.006774,172.31.46.0-255,66,99820,41,105690
3649,0.006798,74.125.24.0-255,1484,101304,41,105690
3650,0.009013,74.125.24.0-255,4320,105624,41,105690
3651,0.009019,172.31.46.0-255,66,105690,41,105690
3652,0.0,74.125.130.0-255,151,151,41,183799
3653,2.4e-05,172.31.46.0-255,66,217,41,183799
3654,3.1e-05,74.125.130.0-255,1484,1701,41,183799
3655,3.6e-05,172.31.46.0-255,66,1767,41,183799
3656,6.2e-05,74.125.130.0-255,2902,4669,41,183799
3657,6.5e-05,172.31.46.0-255,66,4735,41,183799
3658,7.1e-05,74.125.130.0-255,4320,9055,41,183799
3659,7.4e-05,172.31.46.0-255,66,9121,41,183799
3660,0.000126,74.125.130.0-255,4917,14038,41,183799
3661,0.00013,172.31.46.0-255,66,14104,41,183799
3662,0.000605,74.125.130.0-255,1484,15588,41,183799
3663,0.000611,172.31.46.0-255,66,15654,41,183799
3664,0.00062,74.125.130.0-255,2902,18556,41,183799
3665,0.000623,172.31.46.0-255,66,18622,41,183799
3666,0.000629,74.125.130.0-255,4320,22942,41,183799
3667,0.000632,172.31.46.0-255,66,23008,41,183799
3668,0.000652,74.125.130.0-255,1484,24492,41,183799
3669,0.000655,172.31.46.0-255,66,24558,41,183799
3670,0.000665,172.31.46.0-255,66,24624,41,183799
3671,0.000698,172.31.46.0-255,66,24690,41,183799
3672,0.000719,74.125.130.0-255,5738,30428,41,183799
3673,0.000722,172.31.46.0-255,66,30494,41,183799
3674,0.000742,74.125.130.0-255,4320,34814,41,183799
3675,0.000745,172.31.46.0-255,66,34880,41,183799
3676,0.000757,172.31.46.0-255,66,34946,41,183799
3677,0.000784,74.125.130.0-255,2902,37848,41,183799
3678,0.000787,172.31.46.0-255,66,37914,41,183799
3679,0.000793,74.125.130.0-255,5020,42934,41,183799
3680,0.000796,172.31.46.0-255,66,43000,41,183799
3681,0.000798,74.125.130.0-255,646,43646,41,183799
3682,0.001152,74.125.130.0-255,1484,45130,41,183799
3683,0.00116,172.31.46.0-255,66,45196,41,183799
3684,0.001166,74.125.130.0-255,2902,48098,41,183799
3685,0.001168,172.31.46.0-255,66,48164,41,183799
3686,0.001196,74.125.130.0-255,5738,53902,41,183799
3687,0.001199,172.31.46.0-255,66,53968,41,183799
3688,0.001225,74.125.130.0-255,2902,56870,41,183799
3689,0.001227,172.31.46.0-255,66,56936,41,183799
3690,0.001247,74.125.130.0-255,2902,59838,41,183799
3691,0.00125,172.31.46.0-255,66,59904,41,183799
3692,0.00126,172.31.46.0-255,66,59970,41,183799
3693,0.001264,74.125.130.0-255,2902,62872,41,183799
3694,0.001266,172.31.46.0-255,66,62938,41,183799
3695,0.001281,74.125.130.0-255,2902,65840,41,183799
3696,0.001284,172.31.46.0-255,66,65906,41,183799
3697,0.001298,74.125.130.0-255,5020,70926,41,183799
3698,0.001301,172.31.46.0-255,66,70992,41,183799
3699,0.00144,74.125.130.0-255,1484,72476,41,183799
3700,0.001448,74.125.130.0-255,2902,75378,41,183799
3701,0.001452,172.31.46.0-255,66,75444,41,183799
3702,0.001469,74.125.130.0-255,2902,78346,41,183799
3703,0.001473,74.125.130.0-255,2902,81248,41,183799
3704,0.001492,74.125.130.0-255,1484,82732,41,183799
3705,0.001495,74.125.130.0-255,1484,84216,41,183799
3706,0.001523,74.125.130.0-255,2902,87118,41,183799
3707,0.00154,74.125.130.0-255,5738,92856,41,183799
3708,0.001555,74.125.130.0-255,1484,94340,41,183799
3709,0.001586,74.125.130.0-255,2902,97242,41,183799
3710,0.001606,74.125.130.0-255,1484,98726,41,183799
3711,0.001651,74.125.130.0-255,2902,101628,41,183799
3712,0.001656,74.125.130.0-255,4320,105948,41,183799
3713,0.001678,74.125.130.0-255,2902,108850,41,183799
3714,0.001696,74.125.130.0-255,5020,113870,41,183799
3715,0.001826,74.125.130.0-255,1484,115354,41,183799
3716,0.00183,74.125.130.0-255,1484,116838,41,183799
3717,0.001847,74.125.130.0-255,1484,118322,41,183799
3718,0.001854,74.125.130.0-255,5738,124060,41,183799
3719,0.001881,74.125.130.0-255,2902,126962,41,183799
3720,0.001893,74.125.130.0-255,2902,129864,41,183799
3721,0.001944,74.125.130.0-255,2902,132766,41,183799
3722,0.001966,74.125.130.0-255,5738,138504,41,183799
3723,0.001984,74.125.130.0-255,2184,140688,41,183799
3724,0.002013,74.125.130.0-255,2902,143590,41,183799
3725,0.002034,74.125.130.0-255,5738,149328,41,183799
3726,0.002058,74.125.130.0-255,2902,152230,41,183799
3727,0.002093,74.125.130.0-255,2184,154414,41,183799
3728,0.002247,74.125.130.0-255,1484,155898,41,183799
3729,0.002263,74.125.130.0-255,2902,158800,41,183799
3730,0.002288,74.125.130.0-255,1484,160284,41,183799
3731,0.002299,74.125.130.0-255,1484,161768,41,183799
3732,0.002324,74.125.130.0-255,2902,164670,41,183799
3733,0.00234,74.125.130.0-255,2902,167572,41,183799
3734,0.002357,74.125.130.0-255,5738,173310,41,183799
3735,0.003312,172.31.46.0-255,66,173376,41,183799
3736,0.00502,172.31.46.0-255,101,173477,41,183799
3737,0.005665,74.125.130.0-255,4320,177797,41,183799
3738,0.005672,172.31.46.0-255,66,177863,41,183799
3739,0.005689,74.125.130.0-255,1484,179347,41,183799
3740,0.007291,74.125.130.0-255,66,179413,41,183799
3741,0.007995,74.125.130.0-255,4320,183733,41,183799
3742,0.008001,172.31.46.0-255,66,183799,41,183799
3743,0.0,172.217.194.0-255,153,153,41,135616
3744,1.8e-05,172.31.46.0-255,66,219,41,135616
3745,2.5e-05,172.217.194.0-255,1484,1703,41,135616
3746,2.9e-05,172.31.46.0-255,66,1769,41,135616
3747,3.4e-05,172.217.194.0-255,2902,4671,41,135616
3748,4.5e-05,172.31.46.0-255,66,4737,41,135616
3749,5e-05,172.217.194.0-255,2902,7639,41,135616
3750,5.2e-05,172.31.46.0-255,66,7705,41,135616
3751,8.9e-05,172.217.194.0-255,4320,12025,41,135616
3752,9.4e-05,172.31.46.0-255,66,12091,41,135616
3753,9.8e-05,172.217.194.0-255,2081,14172,41,135616
3754,0.0001,172.31.46.0-255,66,14238,41,135616
3755,0.000118,172.31.46.0-255,66,14304,41,135616
3756,0.000124,172.217.194.0-255,5379,19683,41,135616
3757,0.000126,172.31.46.0-255,66,19749,41,135616
3758,0.000155,172.217.194.0-255,1484,21233,41,135616
3759,0.000158,172.31.46.0-255,66,21299,41,135616
3760,0.000161,172.217.194.0-255,1484,22783,41,135616
3761,0.000163,172.31.46.0-255,66,22849,41,135616
3762,0.000196,172.217.194.0-255,1484,24333,41,135616
3763,0.000199,172.31.46.0-255,66,24399,41,135616
3764,0.000205,172.217.194.0-255,5738,30137,41,135616
3765,0.000207,172.31.46.0-255,66,30203,41,135616
3766,0.000225,172.31.46.0-255,66,30269,41,135616
3767,0.000261,172.217.194.0-255,4320,34589,41,135616
3768,0.000263,172.31.46.0-255,66,34655,41,135616
3769,0.000294,172.31.46.0-255,66,34721,41,135616
3770,0.000592,172.217.194.0-255,645,35366,41,135616
3771,0.0006,172.31.46.0-255,66,35432,41,135616
3772,0.000731,172.217.194.0-255,1484,36916,41,135616
3773,0.000738,172.217.194.0-255,2902,39818,41,135616
3774,0.000741,172.31.46.0-255,66,39884,41,135616
3775,0.000747,172.217.194.0-255,4320,44204,41,135616
3776,0.00075,172.31.46.0-255,66,44270,41,135616
3777,0.000775,172.217.194.0-255,1484,45754,41,135616
3778,0.000785,172.31.46.0-255,66,45820,41,135616
3779,0.00079,172.217.194.0-255,4320,50140,41,135616
3780,0.000793,172.31.46.0-255,66,50206,41,135616
3781,0.000837,172.31.46.0-255,66,50272,41,135616
3782,0.000842,172.217.194.0-255,2184,52456,41,135616
3783,0.000844,172.31.46.0-255,66,52522,41,135616
3784,0.000853,172.217.194.0-255,2902,55424,41,135616
3785,0.000856,172.31.46.0-255,66,55490,41,135616
3786,0.000859,172.217.194.0-255,1484,56974,41,135616
3787,0.000891,172.217.194.0-255,5738,62712,41,135616
3788,0.000894,172.31.46.0-255,66,62778,41,135616
3789,0.000903,172.31.46.0-255,66,62844,41,135616
3790,0.000924,172.31.46.0-255,66,62910,41,135616
3791,0.000939,172.31.46.0-255,66,62976,41,135616
3792,0.000992,172.31.46.0-255,66,63042,41,135616
3793,0.001024,172.31.46.0-255,66,63108,41,135616
3794,0.001253,172.217.194.0-255,1484,64592,41,135616
3795,0.001277,172.217.194.0-255,2902,67494,41,135616
3796,0.001282,172.31.46.0-255,66,67560,41,135616
3797,0.001289,172.217.194.0-255,5738,73298,41,135616
3798,0.001291,172.31.46.0-255,66,73364,41,135616
3799,0.001324,172.31.46.0-255,66,73430,41,135616
3800,0.001356,172.217.194.0-255,4320,77750,41,135616
3801,0.001359,172.31.46.0-255,66,77816,41,135616
3802,0.001377,172.31.46.0-255,66,77882,41,135616
3803,0.001379,172.217.194.0-255,1484,79366,41,135616
3804,0.001403,172.217.194.0-255,2902,82268,41,135616
3805,0.001405,172.31.46.0-255,66,82334,41,135616
3806,0.001412,172.217.194.0-255,5738,88072,41,135616
3807,0.001414,172.31.46.0-255,66,88138,41,135616
3808,0.001449,172.31.46.0-255,66,88204,41,135616
3809,0.001475,172.217.194.0-255,2902,91106,41,135616
3810,0.001477,172.31.46.0-255,66,91172,41,135616
3811,0.001508,172.31.46.0-255,66,91238,41,135616
3812,0.001614,172.217.194.0-255,1484,92722,41,135616
3813,0.00162,172.217.194.0-255,2902,95624,41,135616
3814,0.001623,172.31.46.0-255,66,95690,41,135616
3815,0.001652,172.217.194.0-255,5738,101428,41,135616
3816,0.001654,172.31.46.0-255,66,101494,41,135616
3817,0.001695,172.31.46.0-255,66,101560,41,135616
3818,0.00171,172.31.46.0-255,66,101626,41,135616
3819,0.001773,172.217.194.0-255,2184,103810,41,135616
3820,0.001776,172.31.46.0-255,66,103876,41,135616
3821,0.00178,172.217.194.0-255,2902,106778,41,135616
3822,0.001783,172.31.46.0-255,66,106844,41,135616
3823,0.001787,172.217.194.0-255,2902,109746,41,135616
3824,0.001794,172.31.46.0-255,66,109812,41,135616
3825,0.001799,172.217.194.0-255,4320,114132,41,135616
3826,0.001802,172.31.46.0-255,66,114198,41,135616
3827,0.001833,172.217.194.0-255,2902,117100,41,135616
3828,0.001847,172.31.46.0-255,66,117166,41,135616
3829,0.001851,172.31.46.0-255,66,117232,41,135616
3830,0.00188,172.217.194.0-255,2902,120134,41,135616
3831,0.0019,172.31.46.0-255,66,120200,41,135616
3832,0.001907,172.217.194.0-255,5020,125220,41,135616
3833,0.00191,172.31.46.0-255,66,125286,41,135616
3834,0.002044,172.217.194.0-255,766,126052,41,135616
3835,0.002051,172.217.194.0-255,5738,131790,41,135616
3836,0.002116,172.217.194.0-255,1484,133274,41,135616
3837,0.00212,172.31.46.0-255,78,133352,41,135616
3838,0.002142,172.217.194.0-255,1891,135243,41,135616
3839,0.002144,172.217.194.0-255,97,135340,41,135616
3840,0.002173,172.217.194.0-255,105,135445,41,135616
3841,0.005937,172.31.46.0-255,66,135511,41,135616
3842,0.008676,172.31.46.0-255,105,135616,41,135616
3843,0.0,172.217.194.0-255,156,156,41,147097
3844,2.4e-05,172.31.46.0-255,66,222,41,147097
3845,3.2e-05,172.217.194.0-255,1484,1706,41,147097
3846,3.7e-05,172.31.46.0-255,66,1772,41,147097
3847,4.3e-05,172.217.194.0-255,2902,4674,41,147097
3848,4.7e-05,172.31.46.0-255,66,4740,41,147097
3849,5.4e-05,172.217.194.0-255,5738,10478,41,147097
3850,5.8e-05,172.31.46.0-255,66,10544,41,147097
3851,7.2e-05,172.31.46.0-255,66,10610,41,147097
3852,0.000159,172.31.46.0-255,66,10676,41,147097
3853,0.00017,172.31.46.0-255,66,10742,41,147097
3854,0.000191,172.31.46.0-255,66,10808,41,147097
3855,0.000204,172.31.46.0-255,66,10874,41,147097
3856,0.000265,172.217.194.0-255,4618,15492,41,147097
3857,0.000268,172.31.46.0-255,66,15558,41,147097
3858,0.000274,172.217.194.0-255,5738,21296,41,147097
3859,0.000277,172.31.46.0-255,66,21362,41,147097
3860,0.000286,172.31.46.0-255,66,21428,41,147097
3861,0.000722,172.217.194.0-255,1484,22912,41,147097
3862,0.000735,172.31.46.0-255,66,22978,41,147097
3863,0.000742,172.217.194.0-255,2902,25880,41,147097
3864,0.000744,172.31.46.0-255,66,25946,41,147097
3865,0.000751,172.217.194.0-255,5738,31684,41,147097
3866,0.000754,172.31.46.0-255,66,31750,41,147097
3867,0.000797,172.31.46.0-255,66,31816,41,147097
3868,0.000801,172.217.194.0-255,2902,34718,41,147097
3869,0.000827,172.31.46.0-255,66,34784,41,147097
3870,0.000838,172.217.194.0-255,4320,39104,41,147097
3871,0.000844,172.31.46.0-255,66,39170,41,147097
3872,0.000854,172.217.194.0-255,3588,42758,41,147097
3873,0.000877,172.31.46.0-255,66,42824,41,147097
3874,0.000895,172.217.194.0-255,1484,44308,41,147097
3875,0.000918,172.217.194.0-255,2902,47210,41,147097
3876,0.000924,172.217.194.0-255,5738,52948,41,147097
3877,0.000945,172.217.194.0-255,1484,54432,41,147097
3878,0.00095,172.217.194.0-255,4320,58752,41,147097
3879,0.000963,172.31.46.0-255,66,58818,41,147097
3880,0.001003,172.31.46.0-255,66,58884,41,147097
3881,0.001041,172.217.194.0-255,4320,63204,41,147097
3882,0.001047,172.217.194.0-255,4320,67524,41,147097
3883,0.00106,172.217.194.0-255,1484,69008,41,147097
3884,0.001065,172.31.46.0-255,66,69074,41,147097
3885,0.001094,172.217.194.0-255,4320,73394,41,147097
3886,0.001107,172.217.194.0-255,1533,74927,41,147097
3887,0.001117,172.31.46.0-255,66,74993,41,147097
3888,0.001185,172.31.46.0-255,66,75059,41,147097
3889,0.001191,172.31.46.0-255,66,75125,41,147097
3890,0.001207,172.217.194.0-255,4320,79445,41,147097
3891,0.00121,172.217.194.0-255,766,80211,41,147097
3892,0.001228,172.31.46.0-255,66,80277,41,147097
3893,0.001237,172.217.194.0-255,2902,83179,41,147097
3894,0.001241,172.31.46.0-255,66,83245,41,147097
3895,0.001297,172.31.46.0-255,66,83311,41,147097
3896,0.001309,172.31.46.0-255,66,83377,41,147097
3897,0.001315,172.217.194.0-255,5738,89115,41,147097
3898,0.001438,172.31.46.0-255,66,89181,41,147097
3899,0.001451,172.31.46.0-255,66,89247,41,147097
3900,0.001459,172.217.194.0-255,1484,90731,41,147097
3901,0.001496,172.31.46.0-255,66,90797,41,147097
3902,0.00157,172.217.194.0-255,1484,92281,41,147097
3903,0.001575,172.217.194.0-255,2902,95183,41,147097
3904,0.001583,172.31.46.0-255,66,95249,41,147097
3905,0.001595,172.217.194.0-255,5738,100987,41,147097
3906,0.001637,172.217.194.0-255,2902,103889,41,147097
3907,0.001644,172.31.46.0-255,66,103955,41,147097
3908,0.001684,172.217.194.0-255,4320,108275,41,147097
3909,0.001698,172.217.194.0-255,5738,114013,41,147097
3910,0.001702,172.31.46.0-255,66,114079,41,147097
3911,0.001707,172.31.46.0-255,66,114145,41,147097
3912,0.001743,172.217.194.0-255,4320,118465,41,147097
3913,0.00176,172.31.46.0-255,66,118531,41,147097
3914,0.001774,172.217.194.0-255,3602,122133,41,147097
3915,0.001823,172.31.46.0-255,66,122199,41,147097
3916,0.001832,172.217.194.0-255,2902,125101,41,147097
3917,0.001848,172.31.46.0-255,66,125167,41,147097
3918,0.0019,172.31.46.0-255,66,125233,41,147097
3919,0.001932,172.217.194.0-255,1484,126717,41,147097
3920,0.001937,172.217.194.0-255,2902,129619,41,147097
3921,0.00195,172.31.46.0-255,66,129685,41,147097
3922,0.001965,172.217.194.0-255,5738,135423,41,147097
3923,0.001989,172.31.46.0-255,66,135489,41,147097
3924,0.001995,172.31.46.0-255,66,135555,41,147097
3925,0.004345,172.217.194.0-255,5738,141293,41,147097
3926,0.00436,172.31.46.0-255,66,141359,41,147097
3927,0.00669,172.217.194.0-255,5738,147097,41,147097
3928,0.0,74.125.200.0-255,146,146,41,211213
3929,3.3e-05,172.31.46.0-255,66,212,41,211213
3930,4e-05,74.125.200.0-255,1484,1696,41,211213
3931,4.6e-05,172.31.46.0-255,66,1762,41,211213
3932,5.8e-05,74.125.200.0-255,2902,4664,41,211213
3933,6.2e-05,172.31.46.0-255,66,4730,41,211213
3934,6.6e-05,74.125.200.0-255,2902,7632,41,211213
3935,7e-05,172.31.46.0-255,66,7698,41,211213
3936,7.7e-05,74.125.200.0-255,4320,12018,41,211213
3937,8e-05,172.31.46.0-255,66,12084,41,211213
3938,0.000111,74.125.200.0-255,2058,14142,41,211213
3939,0.000115,172.31.46.0-255,66,14208,41,211213
3940,0.000311,74.125.200.0-255,1484,15692,41,211213
3941,0.000317,172.31.46.0-255,66,15758,41,211213
3942,0.00034,74.125.200.0-255,1484,17242,41,211213
3943,0.000343,172.31.46.0-255,66,17308,41,211213
3944,0.00036,74.125.200.0-255,2902,20210,41,211213
3945,0.000363,172.31.46.0-255,66,20276,41,211213
3946,0.000368,74.125.200.0-255,2902,23178,41,211213
3947,0.000371,172.31.46.0-255,66,23244,41,211213
3948,0.000409,74.125.200.0-255,2902,26146,41,211213
3949,0.000416,172.31.46.0-255,66,26212,41,211213
3950,0.000439,74.125.200.0-255,5379,31591,41,211213
3951,0.000442,172.31.46.0-255,66,31657,41,211213
3952,0.000533,74.125.200.0-255,1484,33141,41,211213
3953,0.000537,172.31.46.0-255,66,33207,41,211213
3954,0.000544,74.125.200.0-255,2902,36109,41,211213
3955,0.000546,172.31.46.0-255,66,36175,41,211213
3956,0.000553,74.125.200.0-255,5738,41913,41,211213
3957,0.000561,172.31.46.0-255,66,41979,41,211213
3958,0.000573,172.31.46.0-255,66,42045,41,211213
3959,0.000578,74.125.200.0-255,2902,44947,41,211213
3960,0.000581,172.31.46.0-255,66,45013,41,211213
3961,0.000618,74.125.200.0-255,5738,50751,41,211213
3962,0.000621,172.31.46.0-255,66,50817,41,211213
3963,0.000638,74.125.200.0-255,1484,52301,41,211213
3964,0.000665,74.125.200.0-255,4320,56621,41,211213
3965,0.000668,172.31.46.0-255,66,56687,41,211213
3966,0.000695,74.125.200.0-255,1484,58171,41,211213
3967,0.00073,74.125.200.0-255,766,58937,41,211213
3968,0.000733,172.31.46.0-255,66,59003,41,211213
3969,0.000814,74.125.200.0-255,399,59402,41,211213
3970,0.000852,74.125.200.0-255,109,59511,41,211213
3971,0.000925,74.125.200.0-255,1484,60995,41,211213
3972,0.000931,172.31.46.0-255,66,61061,41,211213
3973,0.000949,74.125.200.0-255,1484,62545,41,211213
3974,0.000994,74.125.200.0-255,1484,64029,41,211213
3975,0.000998,172.31.46.0-255,66,64095,41,211213
3976,0.001002,74.125.200.0-255,1484,65579,41,211213
3977,0.001031,74.125.200.0-255,1484,67063,41,211213
3978,0.001034,172.31.46.0-255,66,67129,41,211213
3979,0.001037,74.125.200.0-255,1484,68613,41,211213
3980,0.001059,74.125.200.0-255,2902,71515,41,211213
3981,0.001062,172.31.46.0-255,66,71581,41,211213
3982,0.001086,74.125.200.0-255,1484,73065,41,211213
3983,0.001126,74.125.200.0-255,2902,75967,41,211213
3984,0.00113,172.31.46.0-255,66,76033,41,211213
3985,0.001151,74.125.200.0-255,2902,78935,41,211213
3986,0.001154,172.31.46.0-255,66,79001,41,211213
3987,0.001181,74.125.200.0-255,1484,80485,41,211213
3988,0.001184,74.125.200.0-255,1484,81969,41,211213
3989,0.001187,172.31.46.0-255,66,82035,41,211213
3990,0.001206,74.125.200.0-255,4320,86355,41,211213
3991,0.001209,172.31.46.0-255,66,86421,41,211213
3992,0.001234,172.31.46.0-255,66,86487,41,211213
3993,0.001236,74.125.200.0-255,766,87253,41,211213
3994,0.001336,74.125.200.0-255,1484,88737,41,211213
3995,0.001342,172.31.46.0-255,66,88803,41,211213
3996,0.001348,74.125.200.0-255,2902,91705,41,211213
3997,0.00135,172.31.46.0-255,66,91771,41,211213
3998,0.00136,74.125.200.0-255,4320,96091,41,211213
3999,0.001363,172.31.46.0-255,66,96157,41,211213
4000,0.001386,74.125.200.0-255,1484,97641,41,211213
4001,0.001413,172.31.46.0-255,66,97707,41,211213
4002,0.00144,74.125.200.0-255,5738,103445,41,211213
4003,0.001443,172.31.46.0-255,66,103511,41,211213
4004,0.001449,74.125.200.0-255,4320,107831,41,211213
4005,0.001451,172.31.46.0-255,66,107897,41,211213
4006,0.001495,172.31.46.0-255,66,107963,41,211213
4007,0.001548,172.31.46.0-255,66,108029,41,211213
4008,0.001576,74.125.200.0-255,2902,110931,41,211213
4009,0.001579,172.31.46.0-255,66,110997,41,211213
4010,0.001585,74.125.200.0-255,4320,115317,41,211213
4011,0.001587,172.31.46.0-255,66,115383,41,211213
4012,0.001609,172.31.46.0-255,66,115449,41,211213
4013,0.001612,74.125.200.0-255,766,116215,41,211213
4014,0.001699,74.125.200.0-255,1484,117699,41,211213
4015,0.001703,172.31.46.0-255,66,117765,41,211213
4016,0.001709,74.125.200.0-255,2902,120667,41,211213
4017,0.001711,172.31.46.0-255,66,120733,41,211213
4018,0.001743,74.125.200.0-255,5738,126471,41,211213
4019,0.001746,172.31.46.0-255,66,126537,41,211213
4020,0.00178,172.31.46.0-255,66,126603,41,211213
4021,0.001785,74.125.200.0-255,2902,129505,41,211213
4022,0.001787,172.31.46.0-255,66,129571,41,211213
4023,0.001823,172.31.46.0-255,66,129637,41,211213
4024,0.001829,74.125.200.0-255,4320,133957,41,211213
4025,0.001832,172.31.46.0-255,66,134023,41,211213
4026,0.001834,74.125.200.0-255,766,134789,41,211213
4027,0.001887,74.125.200.0-255,1484,136273,41,211213
4028,0.001889,172.31.46.0-255,66,136339,41,211213
4029,0.001893,74.125.200.0-255,1484,137823,41,211213
4030,0.001916,74.125.200.0-255,2902,140725,41,211213
4031,0.001919,172.31.46.0-255,66,140791,41,211213
4032,0.001926,74.125.200.0-255,5738,146529,41,211213
4033,0.001928,172.31.46.0-255,66,146595,41,211213
4034,0.001952,74.125.200.0-255,1484,148079,41,211213
4035,0.001978,172.31.46.0-255,66,148145,41,211213
4036,0.002006,74.125.200.0-255,4320,152465,41,211213
4037,0.002009,172.31.46.0-255,66,152531,41,211213
4038,0.002044,172.31.46.0-255,66,152597,41,211213
4039,0.002121,74.125.200.0-255,1484,154081,41,211213
4040,0.002127,74.125.200.0-255,2902,156983,41,211213
4041,0.00213,172.31.46.0-255,66,157049,41,211213
4042,0.002161,74.125.200.0-255,5738,162787,41,211213
4043,0.002164,172.31.46.0-255,66,162853,41,211213
4044,0.002175,74.125.200.0-255,4320,167173,41,211213
4045,0.002182,172.31.46.0-255,66,167239,41,211213
4046,0.002205,74.125.200.0-255,2902,170141,41,211213
4047,0.002208,172.31.46.0-255,66,170207,41,211213
4048,0.002213,74.125.200.0-255,2902,173109,41,211213
4049,0.002216,172.31.46.0-255,66,173175,41,211213
4050,0.002259,172.31.46.0-255,66,173241,41,211213
4051,0.002265,74.125.200.0-255,3602,176843,41,211213
4052,0.002267,172.31.46.0-255,66,176909,41,211213
4053,0.002453,74.125.200.0-255,1484,178393,41,211213
4054,0.00246,74.125.200.0-255,2902,181295,41,211213
4055,0.002463,172.31.46.0-255,66,181361,41,211213
4056,0.002492,74.125.200.0-255,5738,187099,41,211213
4057,0.002496,172.31.46.0-255,66,187165,41,211213
4058,0.002499,74.125.200.0-255,1484,188649,41,211213
4059,0.002537,172.31.46.0-255,66,188715,41,211213
4060,0.002544,74.125.200.0-255,5738,194453,41,211213
4061,0.002547,172.31.46.0-255,66,194519,41,211213
4062,0.002572,74.125.200.0-255,5020,199539,41,211213
4063,0.002575,172.31.46.0-255,66,199605,41,211213
4064,0.005083,74.125.200.0-255,5738,205343,41,211213
4065,0.005092,172.31.46.0-255,66,205409,41,211213
4066,0.007583,74.125.200.0-255,5738,211147,41,211213
4067,0.007588,172.31.46.0-255,66,211213,41,211213
4068,0.0,74.125.24.0-255,153,153,41,93853
4069,2.4e-05,172.31.46.0-255,66,219,41,93853
4070,3.1e-05,74.125.24.0-255,1484,1703,41,93853
4071,3.6e-05,172.31.46.0-255,66,1769,41,93853
4072,5e-05,74.125.24.0-255,2902,4671,41,93853
4073,5.4e-05,172.31.46.0-255,66,4737,41,93853
4074,6.1e-05,74.125.24.0-255,5738,10475,41,93853
4075,6.4e-05,172.31.46.0-255,66,10541,41,93853
4076,6.9e-05,74.125.24.0-255,2902,13443,41,93853
4077,7.1e-05,172.31.46.0-255,66,13509,41,93853
4078,0.000131,172.31.46.0-255,66,13575,41,93853
4079,0.000136,74.125.24.0-255,4320,17895,41,93853
4080,0.000139,172.31.46.0-255,66,17961,41,93853
4081,0.000166,74.125.24.0-255,2543,20504,41,93853
4082,0.000169,172.31.46.0-255,66,20570,41,93853
4083,0.000801,74.125.24.0-255,1484,22054,41,93853
4084,0.000807,172.31.46.0-255,66,22120,41,93853
4085,0.000817,74.125.24.0-255,2902,25022,41,93853
4086,0.00082,172.31.46.0-255,66,25088,41,93853
4087,0.000833,74.125.24.0-255,5738,30826,41,93853
4088,0.000835,172.31.46.0-255,66,30892,41,93853
4089,0.000847,172.31.46.0-255,66,30958,41,93853
4090,0.000887,172.31.46.0-255,66,31024,41,93853
4091,0.000914,74.125.24.0-255,2184,33208,41,93853
4092,0.000917,172.31.46.0-255,66,33274,41,93853
4093,0.001023,74.125.24.0-255,411,33685,41,93853
4094,0.001027,172.31.46.0-255,66,33751,41,93853
4095,0.001055,74.125.24.0-255,1484,35235,41,93853
4096,0.001058,172.31.46.0-255,66,35301,41,93853
4097,0.001078,74.125.24.0-255,4320,39621,41,93853
4098,0.001084,74.125.24.0-255,1484,41105,41,93853
4099,0.001108,74.125.24.0-255,5738,46843,41,93853
4100,0.001111,74.125.24.0-255,1484,48327,41,93853
4101,0.001146,74.125.24.0-255,2902,51229,41,93853
4102,0.001189,74.125.24.0-255,4320,55549,41,93853
4103,0.001263,74.125.24.0-255,1484,57033,41,93853
4104,0.001267,74.125.24.0-255,2450,59483,41,93853
4105,0.001295,74.125.24.0-255,1484,60967,41,93853
4106,0.001298,74.125.24.0-255,1484,62451,41,93853
4107,0.001314,74.125.24.0-255,1484,63935,41,93853
4108,0.001341,74.125.24.0-255,5738,69673,41,93853
4109,0.001346,74.125.24.0-255,4320,73993,41,93853
4110,0.001404,74.125.24.0-255,2902,76895,41,93853
4111,0.001444,74.125.24.0-255,1484,78379,41,93853
4112,0.001458,74.125.24.0-255,2902,81281,41,93853
4113,0.00146,74.125.24.0-255,1484,82765,41,93853
4114,0.001463,172.31.46.0-255,66,82831,41,93853
4115,0.001477,172.31.46.0-255,66,82897,41,93853
4116,0.001489,74.125.24.0-255,4320,87217,41,93853
4117,0.001578,74.125.24.0-255,766,87983,41,93853
4118,0.006615,172.31.46.0-255,66,88049,41,93853
4119,0.008984,74.125.24.0-255,5738,93787,41,93853
4120,0.008992,172.31.46.0-255,66,93853,41,93853
4121,0.0,74.125.68.0-255,146,146,41,132981
4122,1.9e-05,172.31.46.0-255,66,212,41,132981
4123,4.3e-05,74.125.68.0-255,1484,1696,41,132981
4124,4.8e-05,172.31.46.0-255,66,1762,41,132981
4125,7.2e-05,74.125.68.0-255,2902,4664,41,132981
4126,7.5e-05,172.31.46.0-255,66,4730,41,132981
4127,7.8e-05,74.125.68.0-255,1484,6214,41,132981
4128,8.1e-05,172.31.46.0-255,66,6280,41,132981
4129,0.000113,74.125.68.0-255,2902,9182,41,132981
4130,0.000116,172.31.46.0-255,66,9248,41,132981
4131,0.000146,172.31.46.0-255,66,9314,41,132981
4132,0.000149,74.125.68.0-255,1484,10798,41,132981
4133,0.000151,172.31.46.0-255,66,10864,41,132981
4134,0.000202,172.31.46.0-255,66,10930,41,132981
4135,0.000207,74.125.68.0-255,2902,13832,41,132981
4136,0.00021,172.31.46.0-255,66,13898,41,132981
4137,0.00024,74.125.68.0-255,1125,15023,41,132981
4138,0.000242,172.31.46.0-255,66,15089,41,132981
4139,0.000341,74.125.68.0-255,1484,16573,41,132981
4140,0.000346,172.31.46.0-255,66,16639,41,132981
4141,0.000363,74.125.68.0-255,2902,19541,41,132981
4142,0.000366,172.31.46.0-255,66,19607,41,132981
4143,0.000395,74.125.68.0-255,4320,23927,41,132981
4144,0.000399,172.31.46.0-255,66,23993,41,132981
4145,0.000431,74.125.68.0-255,5738,29731,41,132981
4146,0.000434,172.31.46.0-255,66,29797,41,132981
4147,0.000468,172.31.46.0-255,66,29863,41,132981
4148,0.000491,172.31.46.0-255,66,29929,41,132981
4149,0.000494,74.125.68.0-255,1484,31413,41,132981
4150,0.000519,74.125.68.0-255,3961,35374,41,132981
4151,0.000522,172.31.46.0-255,66,35440,41,132981
4152,0.000989,74.125.68.0-255,645,36085,41,132981
4153,0.001175,172.31.46.0-255,66,36151,41,132981
4154,0.001493,74.125.68.0-255,1484,37635,41,132981
4155,0.001503,74.125.68.0-255,2902,40537,41,132981
4156,0.001508,172.31.46.0-255,66,40603,41,132981
4157,0.001512,74.125.68.0-255,1484,42087,41,132981
4158,0.001531,74.125.68.0-255,4320,46407,41,132981
4159,0.001533,172.31.46.0-255,66,46473,41,132981
4160,0.001538,74.125.68.0-255,2902,49375,41,132981
4161,0.001541,172.31.46.0-255,66,49441,41,132981
4162,0.001571,74.125.68.0-255,4320,53761,41,132981
4163,0.001574,172.31.46.0-255,66,53827,41,132981
4164,0.00159,172.31.46.0-255,66,53893,41,132981
4165,0.001593,74.125.68.0-255,1484,55377,41,132981
4166,0.001627,172.31.46.0-255,66,55443,41,132981
4167,0.001649,74.125.68.0-255,1484,56927,41,132981
4168,0.001663,74.125.68.0-255,2902,59829,41,132981
4169,0.001665,172.31.46.0-255,66,59895,41,132981
4170,0.00167,74.125.68.0-255,2902,62797,41,132981
4171,0.001672,172.31.46.0-255,66,62863,41,132981
4172,0.001693,74.125.68.0-255,2902,65765,41,132981
4173,0.001696,172.31.46.0-255,66,65831,41,132981
4174,0.001701,74.125.68.0-255,4320,70151,41,132981
4175,0.001704,172.31.46.0-255,66,70217,41,132981
4176,0.001712,74.125.68.0-255,5738,75955,41,132981
4177,0.001714,172.31.46.0-255,66,76021,41,132981
4178,0.001771,172.31.46.0-255,66,76087,41,132981
4179,0.001793,74.125.68.0-255,2902,78989,41,132981
4180,0.001796,172.31.46.0-255,66,79055,41,132981
4181,0.001801,74.125.68.0-255,3602,82657,41,132981
4182,0.001803,172.31.46.0-255,66,82723,41,132981
4183,0.001854,74.125.68.0-255,1484,84207,41,132981
4184,0.00186,74.125.68.0-255,2902,87109,41,132981
4185,0.001863,172.31.46.0-255,66,87175,41,132981
4186,0.001898,74.125.68.0-255,5738,92913,41,132981
4187,0.001901,172.31.46.0-255,66,92979,41,132981
4188,0.001911,172.31.46.0-255,66,93045,41,132981
4189,0.001917,74.125.68.0-255,4320,97365,41,132981
4190,0.001919,172.31.46.0-255,66,97431,41,132981
4191,0.001947,74.125.68.0-255,4320,101751,41,132981
4192,0.001955,172.31.46.0-255,66,101817,41,132981
4193,0.001966,172.31.46.0-255,66,101883,41,132981
4194,0.002238,74.125.68.0-255,1484,103367,41,132981
4195,0.00226,74.125.68.0-255,2902,106269,41,132981
4196,0.002265,172.31.46.0-255,66,106335,41,132981
4197,0.002272,74.125.68.0-255,5738,112073,41,132981
4198,0.002275,172.31.46.0-255,66,112139,41,132981
4199,0.002313,172.31.46.0-255,66,112205,41,132981
4200,0.002342,74.125.68.0-255,2902,115107,41,132981
4201,0.002344,172.31.46.0-255,66,115173,41,132981
4202,0.004606,74.125.68.0-255,2902,118075,41,132981
4203,0.004612,172.31.46.0-255,66,118141,41,132981
4204,0.00464,74.125.68.0-255,2902,121043,41,132981
4205,0.004644,172.31.46.0-255,66,121109,41,132981
4206,0.006902,74.125.68.0-255,2902,124011,41,132981
4207,0.006909,172.31.46.0-255,66,124077,41,132981
4208,0.006945,74.125.68.0-255,2902,126979,41,132981
4209,0.006948,172.31.46.0-255,66,127045,41,132981
4210,0.009195,74.125.68.0-255,2902,129947,41,132981
4211,0.009202,172.31.46.0-255,66,130013,41,132981
4212,0.009235,74.125.68.0-255,2902,132915,41,132981
4213,0.009237,172.31.46.0-255,66,132981,41,132981
4214,0.0,74.125.24.0-255,153,153,41,206196
4215,1.6e-05,172.31.46.0-255,66,219,41,206196
4216,0.000199,74.125.24.0-255,1484,1703,41,206196
4217,0.000205,172.31.46.0-255,66,1769,41,206196
4218,0.000212,74.125.24.0-255,2902,4671,41,206196
4219,0.000216,172.31.46.0-255,66,4737,41,206196
4220,0.00022,74.125.24.0-255,1484,6221,41,206196
4221,0.000222,172.31.46.0-255,66,6287,41,206196
4222,0.000243,74.125.24.0-255,4320,10607,41,206196
4223,0.000246,172.31.46.0-255,66,10673,41,206196
4224,0.000252,74.125.24.0-255,3519,14192,41,206196
4225,0.000254,172.31.46.0-255,66,14258,41,206196
4226,0.000387,74.125.24.0-255,1484,15742,41,206196
4227,0.000392,172.31.46.0-255,66,15808,41,206196
4228,0.000398,74.125.24.0-255,2902,18710,41,206196
4229,0.0004,172.31.46.0-255,66,18776,41,206196
4230,0.000424,74.125.24.0-255,5738,24514,41,206196
4231,0.000429,172.31.46.0-255,66,24580,41,206196
4232,0.00046,172.31.46.0-255,66,24646,41,206196
4233,0.000489,172.31.46.0-255,66,24712,41,206196
4234,0.000502,172.31.46.0-255,66,24778,41,206196
4235,0.000828,74.125.24.0-255,1484,26262,41,206196
4236,0.000834,172.31.46.0-255,66,26328,41,206196
4237,0.000839,74.125.24.0-255,2902,29230,41,206196
4238,0.000841,172.31.46.0-255,66,29296,41,206196
4239,0.000847,74.125.24.0-255,5738,35034,41,206196
4240,0.000849,172.31.46.0-255,66,35100,41,206196
4241,0.000908,74.125.24.0-255,5738,40838,41,206196
4242,0.000914,172.31.46.0-255,66,40904,41,206196
4243,0.000922,74.125.24.0-255,1125,42029,41,206196
4244,0.00095,74.125.24.0-255,4320,46349,41,206196
4245,0.000953,172.31.46.0-255,66,46415,41,206196
4246,0.000972,74.125.24.0-255,2902,49317,41,206196
4247,0.000975,172.31.46.0-255,66,49383,41,206196
4248,0.000985,172.31.46.0-255,66,49449,41,206196
4249,0.000987,74.125.24.0-255,1484,50933,41,206196
4250,0.00103,172.31.46.0-255,66,50999,41,206196
4251,0.001033,74.125.24.0-255,647,51646,41,206196
4252,0.001397,172.31.46.0-255,66,51712,41,206196
4253,0.001478,74.125.24.0-255,1484,53196,41,206196
4254,0.001487,74.125.24.0-255,2902,56098,41,206196
4255,0.00149,172.31.46.0-255,66,56164,41,206196
4256,0.001498,74.125.24.0-255,5738,61902,41,206196
4257,0.001499,172.31.46.0-255,66,61968,41,206196
4258,0.001523,74.125.24.0-255,1484,63452,41,206196
4259,0.001544,74.125.24.0-255,5738,69190,41,206196
4260,0.001546,172.31.46.0-255,66,69256,41,206196
4261,0.00156,172.31.46.0-255,66,69322,41,206196
4262,0.001565,74.125.24.0-255,2184,71506,41,206196
4263,0.001567,172.31.46.0-255,66,71572,41,206196
4264,0.001677,74.125.24.0-255,1484,73056,41,206196
4265,0.001683,74.125.24.0-255,2902,75958,41,206196
4266,0.001686,172.31.46.0-255,66,76024,41,206196
4267,0.001692,74.125.24.0-255,4320,80344,41,206196
4268,0.001695,172.31.46.0-255,66,80410,41,206196
4269,0.001709,74.125.24.0-255,1484,81894,41,206196
4270,0.001719,172.31.46.0-255,66,81960,41,206196
4271,0.001735,74.125.24.0-255,4320,86280,41,206196
4272,0.001738,172.31.46.0-255,66,86346,41,206196
4273,0.001761,74.125.24.0-255,1484,87830,41,206196
4274,0.001787,172.31.46.0-255,66,87896,41,206196
4275,0.001792,74.125.24.0-255,2902,90798,41,206196
4276,0.001795,172.31.46.0-255,66,90864,41,206196
4277,0.00182,172.31.46.0-255,66,90930,41,206196
4278,0.001833,172.31.46.0-255,66,90996,41,206196
4279,0.001873,172.31.46.0-255,66,91062,41,206196
4280,0.001893,74.125.24.0-255,766,91828,41,206196
4281,0.001905,172.31.46.0-255,66,91894,41,206196
4282,0.00194,172.31.46.0-255,66,91960,41,206196
4283,0.001958,74.125.24.0-255,2902,94862,41,206196
4284,0.001961,172.31.46.0-255,66,94928,41,206196
4285,0.001966,74.125.24.0-255,3602,98530,41,206196
4286,0.001969,172.31.46.0-255,66,98596,41,206196
4287,0.00209,74.125.24.0-255,1484,100080,41,206196
4288,0.002097,74.125.24.0-255,2902,102982,41,206196
4289,0.002101,172.31.46.0-255,66,103048,41,206196
4290,0.002108,74.125.24.0-255,5738,108786,41,206196
4291,0.002111,172.31.46.0-255,66,108852,41,206196
4292,0.002116,74.125.24.0-255,4320,113172,41,206196
4293,0.002118,172.31.46.0-255,66,113238,41,206196
4294,0.002149,172.31.46.0-255,66,113304,41,206196
4295,0.002164,74.125.24.0-255,4320,117624,41,206196
4296,0.002167,172.31.46.0-255,66,117690,41,206196
4297,0.002177,172.31.46.0-255,66,117756,41,206196
4298,0.00223,74.125.24.0-255,1484,119240,41,206196
4299,0.002246,74.125.24.0-255,2902,122142,41,206196
4300,0.002249,172.31.46.0-255,66,122208,41,206196
4301,0.002254,74.125.24.0-255,2902,125110,41,206196
4302,0.002256,172.31.46.0-255,66,125176,41,206196
4303,0.002269,74.125.24.0-255,2902,128078,41,206196
4304,0.002271,172.31.46.0-255,66,128144,41,206196
4305,0.002276,74.125.24.0-255,4320,132464,41,206196
4306,0.002278,172.31.46.0-255,66,132530,41,206196
4307,0.002282,74.125.24.0-255,2902,135432,41,206196
4308,0.002285,172.31.46.0-255,66,135498,41,206196
4309,0.00231,172.31.46.0-255,66,135564,41,206196
4310,0.002376,172.31.46.0-255,66,135630,41,206196
4311,0.002379,74.125.24.0-255,1484,137114,41,206196
4312,0.002394,74.125.24.0-255,2902,140016,41,206196
4313,0.002397,172.31.46.0-255,66,140082,41,206196
4314,0.002401,74.125.24.0-255,2902,142984,41,206196
4315,0.002403,172.31.46.0-255,66,143050,41,206196
4316,0.002417,74.125.24.0-255,2902,145952,41,206196
4317,0.002419,172.31.46.0-255,66,146018,41,206196
4318,0.002423,74.125.24.0-255,2902,148920,41,206196
4319,0.002426,172.31.46.0-255,66,148986,41,206196
4320,0.002459,172.31.46.0-255,66,149052,41,206196
4321,0.002477,74.125.24.0-255,4320,153372,41,206196
4322,0.00248,172.31.46.0-255,66,153438,41,206196
4323,0.002504,172.31.46.0-255,66,153504,41,206196
4324,0.002526,74.125.24.0-255,1484,154988,41,206196
4325,0.002541,74.125.24.0-255,2902,157890,41,206196
4326,0.002543,172.31.46.0-255,66,157956,41,206196
4327,0.00255,74.125.24.0-255,5738,163694,41,206196
4328,0.002552,172.31.46.0-255,66,163760,41,206196
4329,0.002571,172.31.46.0-255,66,163826,41,206196
4330,0.002593,74.125.24.0-255,5738,169564,41,206196
4331,0.002596,172.31.46.0-255,66,169630,41,206196
4332,0.002598,74.125.24.0-255,1484,171114,41,206196
4333,0.002622,74.125.24.0-255,1484,172598,41,206196
4334,0.002624,172.31.46.0-255,66,172664,41,206196
4335,0.002651,172.31.46.0-255,66,172730,41,206196
4336,0.002707,74.125.24.0-255,5738,178468,41,206196
4337,0.002726,74.125.24.0-255,5738,184206,41,206196
4338,0.002731,74.125.24.0-255,4320,188526,41,206196
4339,0.002734,74.125.24.0-255,1484,190010,41,206196
4340,0.002748,74.125.24.0-255,2902,192912,41,206196
4341,0.002751,74.125.24.0-255,1484,194396,41,206196
4342,0.002777,74.125.24.0-255,2184,196580,41,206196
4343,0.002791,74.125.24.0-255,2902,199482,41,206196
4344,0.002805,74.125.24.0-255,2902,202384,41,206196
4345,0.002824,74.125.24.0-255,3641,206025,41,206196
4346,0.002861,74.125.24.0-255,105,206130,41,206196
4347,0.00467,172.31.46.0-255,66,206196,41,206196
4348,0.0,74.125.24.0-255,153,153,41,142181
4349,2.3e-05,172.31.46.0-255,66,219,41,142181
4350,2.9e-05,74.125.24.0-255,1484,1703,41,142181
4351,3.4e-05,172.31.46.0-255,66,1769,41,142181
4352,4e-05,74.125.24.0-255,2902,4671,41,142181
4353,4.5e-05,172.31.46.0-255,66,4737,41,142181
4354,4.8e-05,74.125.24.0-255,1484,6221,41,142181
4355,5.1e-05,172.31.46.0-255,66,6287,41,142181
4356,8.3e-05,74.125.24.0-255,5738,12025,41,142181
4357,8.6e-05,172.31.46.0-255,66,12091,41,142181
4358,9.7e-05,172.31.46.0-255,66,12157,41,142181
4359,0.000107,172.31.46.0-255,66,12223,41,142181
4360,0.000131,74.125.24.0-255,3961,16184,41,142181
4361,0.000134,172.31.46.0-255,66,16250,41,142181
4362,0.000287,74.125.24.0-255,1484,17734,41,142181
4363,0.000291,172.31.46.0-255,66,17800,41,142181
4364,0.000297,74.125.24.0-255,2902,20702,41,142181
4365,0.0003,172.31.46.0-255,66,20768,41,142181
4366,0.000333,74.125.24.0-255,5738,26506,41,142181
4367,0.000336,172.31.46.0-255,66,26572,41,142181
4368,0.000365,172.31.46.0-255,66,26638,41,142181
4369,0.000386,74.125.24.0-255,3961,30599,41,142181
4370,0.000389,172.31.46.0-255,66,30665,41,142181
4371,0.000399,172.31.46.0-255,66,30731,41,142181
4372,0.000431,74.125.24.0-255,1427,32158,41,142181
4373,0.000434,172.31.46.0-255,66,32224,41,142181
4374,0.000507,74.125.24.0-255,375,32599,41,142181
4375,0.000511,172.31.46.0-255,66,32665,41,142181
4376,0.00067,74.125.24.0-255,1484,34149,41,142181
4377,0.000678,74.125.24.0-255,2902,37051,41,142181
4378,0.000682,172.31.46.0-255,66,37117,41,142181
4379,0.000689,74.125.24.0-255,5738,42855,41,142181
4380,0.000692,172.31.46.0-255,66,42921,41,142181
4381,0.000727,172.31.46.0-255,66,42987,41,142181
4382,0.000775,74.125.24.0-255,1484,44471,41,142181
4383,0.000779,74.125.24.0-255,1484,45955,41,142181
4384,0.000782,172.31.46.0-255,66,46021,41,142181
4385,0.000802,74.125.24.0-255,1484,47505,41,142181
4386,0.000808,74.125.24.0-255,5738,53243,41,142181
4387,0.000813,172.31.46.0-255,66,53309,41,142181
4388,0.000837,172.31.46.0-255,66,53375,41,142181
4389,0.001478,74.125.24.0-255,1484,54859,41,142181
4390,0.001485,74.125.24.0-255,2902,57761,41,142181
4391,0.00149,172.31.46.0-255,66,57827,41,142181
4392,0.001495,74.125.24.0-255,2902,60729,41,142181
4393,0.001497,172.31.46.0-255,66,60795,41,142181
4394,0.001513,74.125.24.0-255,2902,63697,41,142181
4395,0.001516,172.31.46.0-255,66,63763,41,142181
4396,0.00153,74.125.24.0-255,4320,68083,41,142181
4397,0.001532,172.31.46.0-255,66,68149,41,142181
4398,0.001558,172.31.46.0-255,66,68215,41,142181
4399,0.001568,172.31.46.0-255,66,68281,41,142181
4400,0.001591,74.125.24.0-255,2184,70465,41,142181
4401,0.001593,172.31.46.0-255,66,70531,41,142181
4402,0.001645,74.125.24.0-255,2902,73433,41,142181
4403,0.001648,172.31.46.0-255,66,73499,41,142181
4404,0.001655,74.125.24.0-255,4320,77819,41,142181
4405,0.001657,172.31.46.0-255,66,77885,41,142181
4406,0.001679,74.125.24.0-255,4320,82205,41,142181
4407,0.001682,172.31.46.0-255,66,82271,41,142181
4408,0.001704,74.125.24.0-255,4320,86591,41,142181
4409,0.001706,172.31.46.0-255,66,86657,41,142181
4410,0.001711,74.125.24.0-255,2902,89559,41,142181
4411,0.001713,172.31.46.0-255,66,89625,41,142181
4412,0.00174,172.31.46.0-255,66,89691,41,142181
4413,0.001758,74.125.24.0-255,1484,91175,41,142181
4414,0.001761,74.125.24.0-255,766,91941,41,142181
4415,0.001765,172.31.46.0-255,66,92007,41,142181
4416,0.00179,74.125.24.0-255,1484,93491,41,142181
4417,0.001804,74.125.24.0-255,2902,96393,41,142181
4418,0.001807,172.31.46.0-255,66,96459,41,142181
4419,0.001825,74.125.24.0-255,1484,97943,41,142181
4420,0.001835,172.31.46.0-255,66,98009,41,142181
4421,0.001841,74.125.24.0-255,4320,102329,41,142181
4422,0.001843,172.31.46.0-255,66,102395,41,142181
4423,0.001871,172.31.46.0-255,66,102461,41,142181
4424,0.001877,74.125.24.0-255,5020,107481,41,142181
4425,0.00188,172.31.46.0-255,66,107547,41,142181
4426,0.001905,74.125.24.0-255,1484,109031,41,142181
4427,0.001972,172.31.46.0-255,66,109097,41,142181
4428,0.001992,74.125.24.0-255,4320,113417,41,142181
4429,0.001995,172.31.46.0-255,66,113483,41,142181
4430,0.002007,172.31.46.0-255,66,113549,41,142181
4431,0.002009,74.125.24.0-255,766,114315,41,142181
4432,0.00203,74.125.24.0-255,1484,115799,41,142181
4433,0.002032,172.31.46.0-255,66,115865,41,142181
4434,0.002052,74.125.24.0-255,2902,118767,41,142181
4435,0.002054,172.31.46.0-255,66,118833,41,142181
4436,0.002089,74.125.24.0-255,5738,124571,41,142181
4437,0.002093,172.31.46.0-255,66,124637,41,142181
4438,0.002109,172.31.46.0-255,66,124703,41,142181
4439,0.002153,172.31.46.0-255,66,124769,41,142181
4440,0.004254,74.125.24.0-255,5738,130507,41,142181
4441,0.004262,172.31.46.0-255,66,130573,41,142181
4442,0.006344,74.125.24.0-255,5738,136311,41,142181
4443,0.006349,172.31.46.0-255,66,136377,41,142181
4444,0.008478,74.125.24.0-255,5738,142115,41,142181
4445,0.008485,172.31.46.0-255,66,142181,41,142181
4446,0.0,172.217.194.0-255,146,146,41,118036
4447,1.8e-05,172.31.46.0-255,66,212,41,118036
4448,2.4e-05,172.217.194.0-255,1484,1696,41,118036
4449,2.9e-05,172.31.46.0-255,66,1762,41,118036
4450,4.4e-05,172.217.194.0-255,2902,4664,41,118036
4451,4.9e-05,172.31.46.0-255,66,4730,41,118036
4452,5.6e-05,172.217.194.0-255,5738,10468,41,118036
4453,5.8e-05,172.31.46.0-255,66,10534,41,118036
4454,7.9e-05,172.217.194.0-255,2902,13436,41,118036
4455,8.2e-05,172.31.46.0-255,66,13502,41,118036
4456,0.000113,172.217.194.0-255,2037,15539,41,118036
4457,0.000116,172.31.46.0-255,66,15605,41,118036
4458,0.000127,172.217.194.0-255,5738,21343,41,118036
4459,0.00013,172.31.46.0-255,66,21409,41,118036
4460,0.000187,172.31.46.0-255,66,21475,41,118036
4461,0.000206,172.217.194.0-255,1484,22959,41,118036
4462,0.000212,172.31.46.0-255,66,23025,41,118036
4463,0.000217,172.217.194.0-255,2902,25927,41,118036
4464,0.000219,172.31.46.0-255,66,25993,41,118036
4465,0.000223,172.217.194.0-255,2902,28895,41,118036
4466,0.000226,172.31.46.0-255,66,28961,41,118036
4467,0.000264,172.217.194.0-255,2902,31863,41,118036
4468,0.000266,172.31.46.0-255,66,31929,41,118036
4469,0.000273,172.217.194.0-255,5738,37667,41,118036
4470,0.000275,172.31.46.0-255,66,37733,41,118036
4471,0.000313,172.217.194.0-255,2902,40635,41,118036
4472,0.000316,172.31.46.0-255,66,40701,41,118036
4473,0.000352,172.31.46.0-255,66,40767,41,118036
4474,0.000358,172.217.194.0-255,3961,44728,41,118036
4475,0.00036,172.31.46.0-255,66,44794,41,118036
4476,0.000362,172.217.194.0-255,376,45170,41,118036
4477,0.000382,172.217.194.0-255,366,45536,41,118036
4478,0.000459,172.217.194.0-255,1484,47020,41,118036
4479,0.000462,172.31.46.0-255,66,47086,41,118036
4480,0.000466,172.217.194.0-255,2902,49988,41,118036
4481,0.000469,172.31.46.0-255,66,50054,41,118036
4482,0.000498,172.217.194.0-255,5738,55792,41,118036
4483,0.000501,172.31.46.0-255,66,55858,41,118036
4484,0.000507,172.217.194.0-255,5738,61596,41,118036
4485,0.000509,172.31.46.0-255,66,61662,41,118036
4486,0.000528,172.217.194.0-255,1125,62787,41,118036
4487,0.000551,172.217.194.0-255,4320,67107,41,118036
4488,0.000554,172.31.46.0-255,66,67173,41,118036
4489,0.000588,172.31.46.0-255,66,67239,41,118036
4490,0.00061,172.217.194.0-255,5379,72618,41,118036
4491,0.000613,172.31.46.0-255,66,72684,41,118036
4492,0.001694,172.217.194.0-255,1484,74168,41,118036
4493,0.001704,172.217.194.0-255,1484,75652,41,118036
4494,0.001709,172.31.46.0-255,66,75718,41,118036
4495,0.001737,172.217.194.0-255,1484,77202,41,118036
4496,0.001743,172.217.194.0-255,4320,81522,41,118036
4497,0.001746,172.31.46.0-255,66,81588,41,118036
4498,0.001751,172.217.194.0-255,4320,85908,41,118036
4499,0.001753,172.31.46.0-255,66,85974,41,118036
4500,0.001777,172.217.194.0-255,4320,90294,41,118036
4501,0.00178,172.31.46.0-255,66,90360,41,118036
4502,0.001793,172.31.46.0-255,66,90426,41,118036
4503,0.001832,172.31.46.0-255,66,90492,41,118036
4504,0.001952,172.217.194.0-255,1484,91976,41,118036
4505,0.001985,172.217.194.0-255,2902,94878,41,118036
4506,0.001989,172.31.46.0-255,66,94944,41,118036
4507,0.001995,172.217.194.0-255,2902,97846,41,118036
4508,0.001996,172.31.46.0-255,66,97912,41,118036
4509,0.002015,172.217.194.0-255,2902,100814,41,118036
4510,0.002018,172.31.46.0-255,66,100880,41,118036
4511,0.002028,172.31.46.0-255,66,100946,41,118036
4512,0.002038,172.31.46.0-255,66,101012,41,118036
4513,0.002074,172.31.46.0-255,66,101078,41,118036
4514,0.00209,172.31.46.0-255,66,101144,41,118036
4515,0.002129,172.31.46.0-255,66,101210,41,118036
4516,0.002161,172.31.46.0-255,66,101276,41,118036
4517,0.002164,172.217.194.0-255,766,102042,41,118036
4518,0.004255,172.217.194.0-255,4320,106362,41,118036
4519,0.004265,172.31.46.0-255,66,106428,41,118036
4520,0.006373,172.217.194.0-255,5738,112166,41,118036
4521,0.006379,172.31.46.0-255,66,112232,41,118036
4522,0.008485,172.217.194.0-255,5738,117970,41,118036
4523,0.008491,172.31.46.0-255,66,118036,41,118036
4524,0.0,74.125.68.0-255,152,152,41,209839
4525,2.4e-05,172.31.46.0-255,66,218,41,209839
4526,3.1e-05,74.125.68.0-255,1484,1702,41,209839
4527,3.6e-05,172.31.46.0-255,66,1768,41,209839
4528,4.9e-05,74.125.68.0-255,2902,4670,41,209839
4529,5.3e-05,172.31.46.0-255,66,4736,41,209839
4530,6e-05,74.125.68.0-255,5738,10474,41,209839
4531,6.3e-05,172.31.46.0-255,66,10540,41,209839
4532,9e-05,74.125.68.0-255,3528,14068,41,209839
4533,9.4e-05,172.31.46.0-255,66,14134,41,209839
4534,9.9e-05,74.125.68.0-255,2902,17036,41,209839
4535,0.000102,172.31.46.0-255,66,17102,41,209839
4536,0.00013,74.125.68.0-255,1484,18586,41,209839
4537,0.000132,172.31.46.0-255,66,18652,41,209839
4538,0.000144,172.31.46.0-255,66,18718,41,209839
4539,0.000189,74.125.68.0-255,3961,22679,41,209839
4540,0.000193,172.31.46.0-255,66,22745,41,209839
4541,0.000247,74.125.68.0-255,1484,24229,41,209839
4542,0.00025,172.31.46.0-255,66,24295,41,209839
4543,0.000274,74.125.68.0-255,2902,27197,41,209839
4544,0.000277,172.31.46.0-255,66,27263,41,209839
4545,0.000282,74.125.68.0-255,2902,30165,41,209839
4546,0.000284,172.31.46.0-255,66,30231,41,209839
4547,0.000319,74.125.68.0-255,4320,34551,41,209839
4548,0.000322,172.31.46.0-255,66,34617,41,209839
4549,0.000351,74.125.68.0-255,5379,39996,41,209839
4550,0.000355,172.31.46.0-255,66,40062,41,209839
4551,0.000381,74.125.68.0-255,5738,45800,41,209839
4552,0.000384,172.31.46.0-255,66,45866,41,209839
4553,0.000388,74.125.68.0-255,2902,48768,41,209839
4554,0.00039,172.31.46.0-255,66,48834,41,209839
4555,0.000395,74.125.68.0-255,4320,53154,41,209839
4556,0.000402,172.31.46.0-255,66,53220,41,209839
4557,0.000437,74.125.68.0-255,4234,57454,41,209839
4558,0.00044,172.31.46.0-255,66,57520,41,209839
4559,0.000463,74.125.68.0-255,131,57651,41,209839
4560,0.000723,74.125.68.0-255,1484,59135,41,209839
4561,0.00073,172.31.46.0-255,66,59201,41,209839
4562,0.000744,74.125.68.0-255,2902,62103,41,209839
4563,0.000751,172.31.46.0-255,66,62169,41,209839
4564,0.000757,74.125.68.0-255,4320,66489,41,209839
4565,0.000759,172.31.46.0-255,66,66555,41,209839
4566,0.00078,74.125.68.0-255,1484,68039,41,209839
4567,0.000791,172.31.46.0-255,66,68105,41,209839
4568,0.000818,74.125.68.0-255,5738,73843,41,209839
4569,0.000821,172.31.46.0-255,66,73909,41,209839
4570,0.000856,74.125.68.0-255,1484,75393,41,209839
4571,0.000879,74.125.68.0-255,1384,76777,41,209839
4572,0.000884,172.31.46.0-255,66,76843,41,209839
4573,0.000938,74.125.68.0-255,1484,78327,41,209839
4574,0.000942,172.31.46.0-255,66,78393,41,209839
4575,0.000971,74.125.68.0-255,2902,81295,41,209839
4576,0.000974,172.31.46.0-255,66,81361,41,209839
4577,0.00098,74.125.68.0-255,5738,87099,41,209839
4578,0.000982,172.31.46.0-255,66,87165,41,209839
4579,0.000992,74.125.68.0-255,4320,91485,41,209839
4580,0.000994,172.31.46.0-255,66,91551,41,209839
4581,0.000999,74.125.68.0-255,2902,94453,41,209839
4582,0.001002,172.31.46.0-255,66,94519,41,209839
4583,0.001028,74.125.68.0-255,2902,97421,41,209839
4584,0.001031,172.31.46.0-255,66,97487,41,209839
4585,0.001044,172.31.46.0-255,66,97553,41,209839
4586,0.001048,74.125.68.0-255,2184,99737,41,209839
4587,0.00105,172.31.46.0-255,66,99803,41,209839
4588,0.001252,74.125.68.0-255,1484,101287,41,209839
4589,0.001284,74.125.68.0-255,1484,102771,41,209839
4590,0.001287,172.31.46.0-255,66,102837,41,209839
4591,0.001303,74.125.68.0-255,1484,104321,41,209839
4592,0.00131,74.125.68.0-255,5738,110059,41,209839
4593,0.001312,172.31.46.0-255,66,110125,41,209839
4594,0.001317,74.125.68.0-255,4320,114445,41,209839
4595,0.001319,172.31.46.0-255,66,114511,41,209839
4596,0.001325,74.125.68.0-255,5738,120249,41,209839
4597,0.001327,172.31.46.0-255,66,120315,41,209839
4598,0.00133,74.125.68.0-255,1484,121799,41,209839
4599,0.001361,172.31.46.0-255,66,121865,41,209839
4600,0.001366,74.125.68.0-255,2184,124049,41,209839
4601,0.001367,172.31.46.0-255,66,124115,41,209839
4602,0.001408,74.125.68.0-255,1484,125599,41,209839
4603,0.001421,74.125.68.0-255,2902,128501,41,209839
4604,0.001424,172.31.46.0-255,66,128567,41,209839
4605,0.001451,74.125.68.0-255,5738,134305,41,209839
4606,0.001453,172.31.46.0-255,66,134371,41,209839
4607,0.001494,172.31.46.0-255,66,134437,41,209839
4608,0.001497,74.125.68.0-255,1484,135921,41,209839
4609,0.001535,172.31.46.0-255,66,135987,41,209839
4610,0.001564,74.125.68.0-255,5738,141725,41,209839
4611,0.001567,172.31.46.0-255,66,141791,41,209839
4612,0.001599,172.31.46.0-255,66,141857,41,209839
4613,0.00164,172.31.46.0-255,66,141923,41,209839
4614,0.001677,172.31.46.0-255,66,141989,41,209839
4615,0.001699,74.125.68.0-255,1484,143473,41,209839
4616,0.001702,74.125.68.0-255,766,144239,41,209839
4617,0.001704,172.31.46.0-255,66,144305,41,209839
4618,0.001754,74.125.68.0-255,1484,145789,41,209839
4619,0.001771,74.125.68.0-255,2902,148691,41,209839
4620,0.001774,172.31.46.0-255,66,148757,41,209839
4621,0.001805,74.125.68.0-255,5738,154495,41,209839
4622,0.001809,172.31.46.0-255,66,154561,41,209839
4623,0.00182,74.125.68.0-255,5738,160299,41,209839
4624,0.001826,172.31.46.0-255,66,160365,41,209839
4625,0.001837,172.31.46.0-255,66,160431,41,209839
4626,0.001875,172.31.46.0-255,66,160497,41,209839
4627,0.001904,74.125.68.0-255,1484,161981,41,209839
4628,0.00192,74.125.68.0-255,2902,164883,41,209839
4629,0.001923,172.31.46.0-255,66,164949,41,209839
4630,0.001954,74.125.68.0-255,5738,170687,41,209839
4631,0.001957,172.31.46.0-255,66,170753,41,209839
4632,0.00196,74.125.68.0-255,1484,172237,41,209839
4633,0.001998,172.31.46.0-255,66,172303,41,209839
4634,0.002037,74.125.68.0-255,1484,173787,41,209839
4635,0.002044,74.125.68.0-255,5738,179525,41,209839
4636,0.002048,172.31.46.0-255,66,179591,41,209839
4637,0.002058,172.31.46.0-255,66,179657,41,209839
4638,0.00206,74.125.68.0-255,766,180423,41,209839
4639,0.002063,74.125.68.0-255,1484,181907,41,209839
4640,0.002065,172.31.46.0-255,66,181973,41,209839
4641,0.0021,74.125.68.0-255,4320,186293,41,209839
4642,0.002103,172.31.46.0-255,66,186359,41,209839
4643,0.002109,74.125.68.0-255,4320,190679,41,209839
4644,0.002111,172.31.46.0-255,66,190745,41,209839
4645,0.002135,74.125.68.0-255,2902,193647,41,209839
4646,0.002137,172.31.46.0-255,66,193713,41,209839
4647,0.002151,172.31.46.0-255,66,193779,41,209839
4648,0.00426,74.125.68.0-255,4320,198099,41,209839
4649,0.004269,172.31.46.0-255,66,198165,41,209839
4650,0.004294,74.125.68.0-255,1484,199649,41,209839
4651,0.006372,74.125.68.0-255,4320,203969,41,209839
4652,0.006378,172.31.46.0-255,66,204035,41,209839
4653,0.008477,74.125.68.0-255,5738,209773,41,209839
4654,0.008484,172.31.46.0-255,66,209839,41,209839
4655,0.0,172.31.46.0-255,66,66,41,66
4656,0.0,74.125.200.0-255,152,152,41,145492
4657,1.6e-05,172.31.46.0-255,66,218,41,145492
4658,2.1e-05,74.125.200.0-255,1484,1702,41,145492
4659,2.5e-05,172.31.46.0-255,66,1768,41,145492
4660,3e-05,74.125.200.0-255,2902,4670,41,145492
4661,3.2e-05,172.31.46.0-255,66,4736,41,145492
4662,3.5e-05,74.125.200.0-255,1484,6220,41,145492
4663,3.8e-05,172.31.46.0-255,66,6286,41,145492
4664,6.5e-05,74.125.200.0-255,2902,9188,41,145492
4665,6.8e-05,172.31.46.0-255,66,9254,41,145492
4666,9.9e-05,74.125.200.0-255,4878,14132,41,145492
4667,0.000102,172.31.46.0-255,66,14198,41,145492
4668,0.000206,74.125.200.0-255,1484,15682,41,145492
4669,0.00021,172.31.46.0-255,66,15748,41,145492
4670,0.000214,74.125.200.0-255,1484,17232,41,145492
4671,0.000216,172.31.46.0-255,66,17298,41,145492
4672,0.000233,74.125.200.0-255,1484,18782,41,145492
4673,0.000236,172.31.46.0-255,66,18848,41,145492
4674,0.00024,74.125.200.0-255,2902,21750,41,145492
4675,0.000243,172.31.46.0-255,66,21816,41,145492
4676,0.000268,74.125.200.0-255,4320,26136,41,145492
4677,0.000271,172.31.46.0-255,66,26202,41,145492
4678,0.000306,74.125.200.0-255,5379,31581,41,145492
4679,0.000309,172.31.46.0-255,66,31647,41,145492
4680,0.000375,74.125.200.0-255,1484,33131,41,145492
4681,0.000379,172.31.46.0-255,66,33197,41,145492
4682,0.000383,74.125.200.0-255,1484,34681,41,145492
4683,0.000385,172.31.46.0-255,66,34747,41,145492
4684,0.0004,74.125.200.0-255,2902,37649,41,145492
4685,0.000402,172.31.46.0-255,66,37715,41,145492
4686,0.000425,74.125.200.0-255,5738,43453,41,145492
4687,0.000427,172.31.46.0-255,66,43519,41,145492
4688,0.000453,172.31.46.0-255,66,43585,41,145492
4689,0.000457,74.125.200.0-255,2902,46487,41,145492
4690,0.000459,172.31.46.0-255,66,46553,41,145492
4691,0.000482,74.125.200.0-255,5738,52291,41,145492
4692,0.000484,172.31.46.0-255,66,52357,41,145492
4693,0.000498,74.125.200.0-255,5379,57736,41,145492
4694,0.0005,172.31.46.0-255,66,57802,41,145492
4695,0.000529,74.125.200.0-255,680,58482,41,145492
4696,0.000857,74.125.200.0-255,1484,59966,41,145492
4697,0.000862,172.31.46.0-255,66,60032,41,145492
4698,0.000868,74.125.200.0-255,2902,62934,41,145492
4699,0.00087,172.31.46.0-255,66,63000,41,145492
4700,0.000893,74.125.200.0-255,2902,65902,41,145492
4701,0.000895,172.31.46.0-255,66,65968,41,145492
4702,0.000914,74.125.200.0-255,2902,68870,41,145492
4703,0.000916,172.31.46.0-255,66,68936,41,145492
4704,0.000923,74.125.200.0-255,5738,74674,41,145492
4705,0.000925,172.31.46.0-255,66,74740,41,145492
4706,0.000938,74.125.200.0-255,1484,76224,41,145492
4707,0.000942,74.125.200.0-255,2902,79126,41,145492
4708,0.000947,172.31.46.0-255,66,79192,41,145492
4709,0.000961,172.31.46.0-255,66,79258,41,145492
4710,0.001005,172.31.46.0-255,66,79324,41,145492
4711,0.001641,74.125.200.0-255,1484,80808,41,145492
4712,0.001664,74.125.200.0-255,2902,83710,41,145492
4713,0.001668,172.31.46.0-255,66,83776,41,145492
4714,0.001674,74.125.200.0-255,4320,88096,41,145492
4715,0.001676,172.31.46.0-255,66,88162,41,145492
4716,0.001693,74.125.200.0-255,5738,93900,41,145492
4717,0.001695,172.31.46.0-255,66,93966,41,145492
4718,0.001718,74.125.200.0-255,2902,96868,41,145492
4719,0.00172,172.31.46.0-255,66,96934,41,145492
4720,0.001725,74.125.200.0-255,2902,99836,41,145492
4721,0.001726,172.31.46.0-255,66,99902,41,145492
4722,0.001731,74.125.200.0-255,4320,104222,41,145492
4723,0.001733,172.31.46.0-255,66,104288,41,145492
4724,0.001736,74.125.200.0-255,1484,105772,41,145492
4725,0.001769,172.31.46.0-255,66,105838,41,145492
4726,0.001772,74.125.200.0-255,766,106604,41,145492
4727,0.002127,74.125.200.0-255,1484,108088,41,145492
4728,0.002133,172.31.46.0-255,66,108154,41,145492
4729,0.002139,74.125.200.0-255,2902,111056,41,145492
4730,0.002141,172.31.46.0-255,66,111122,41,145492
4731,0.002158,74.125.200.0-255,5738,116860,41,145492
4732,0.00216,172.31.46.0-255,66,116926,41,145492
4733,0.002182,74.125.200.0-255,5738,122664,41,145492
4734,0.002184,172.31.46.0-255,66,122730,41,145492
4735,0.002198,74.125.200.0-255,1484,124214,41,145492
4736,0.00223,172.31.46.0-255,66,124280,41,145492
4737,0.002254,74.125.200.0-255,1484,125764,41,145492
4738,0.002271,74.125.200.0-255,2184,127948,41,145492
4739,0.002273,172.31.46.0-255,66,128014,41,145492
4740,0.004532,74.125.200.0-255,1484,129498,41,145492
4741,0.004587,74.125.200.0-255,4320,133818,41,145492
4742,0.00459,172.31.46.0-255,66,133884,41,145492
4743,0.006939,74.125.200.0-255,5738,139622,41,145492
4744,0.006947,172.31.46.0-255,66,139688,41,145492
4745,0.009274,74.125.200.0-255,5738,145426,41,145492
4746,0.00928,172.31.46.0-255,66,145492,41,145492
4747,0.0,104.244.42.0-255,66,66,41,66
4748,0.0,172.217.194.0-255,150,150,41,113111
4749,1.6e-05,172.31.46.0-255,66,216,41,113111
4750,2.3e-05,172.217.194.0-255,1484,1700,41,113111
4751,2.7e-05,172.31.46.0-255,66,1766,41,113111
4752,4.1e-05,172.217.194.0-255,2902,4668,41,113111
4753,4.4e-05,172.31.46.0-255,66,4734,41,113111
4754,4.9e-05,172.217.194.0-255,2902,7636,41,113111
4755,5.2e-05,172.31.46.0-255,66,7702,41,113111
4756,5.7e-05,172.217.194.0-255,2902,10604,41,113111
4757,5.9e-05,172.31.46.0-255,66,10670,41,113111
4758,0.000104,172.217.194.0-255,4774,15444,41,113111
4759,0.000108,172.31.46.0-255,66,15510,41,113111
4760,0.000124,172.31.46.0-255,66,15576,41,113111
4761,0.00013,172.217.194.0-255,5379,20955,41,113111
4762,0.000133,172.31.46.0-255,66,21021,41,113111
4763,0.000173,172.217.194.0-255,5738,26759,41,113111
4764,0.000176,172.31.46.0-255,66,26825,41,113111
4765,0.000182,172.217.194.0-255,5738,32563,41,113111
4766,0.000184,172.31.46.0-255,66,32629,41,113111
4767,0.000218,172.217.194.0-255,5379,38008,41,113111
4768,0.000221,172.31.46.0-255,66,38074,41,113111
4769,0.00025,172.31.46.0-255,66,38140,41,113111
4770,0.000283,172.217.194.0-255,99,38239,41,113111
4771,0.000285,172.217.194.0-255,364,38603,41,113111
4772,0.000311,172.31.46.0-255,66,38669,41,113111
4773,0.000315,172.31.46.0-255,66,38735,41,113111
4774,0.000322,172.31.46.0-255,66,38801,41,113111
4775,0.000581,172.217.194.0-255,1484,40285,41,113111
4776,0.000587,172.31.46.0-255,66,40351,41,113111
4777,0.000593,172.217.194.0-255,2902,43253,41,113111
4778,0.0006,172.217.194.0-255,5738,48991,41,113111
4779,0.000614,172.31.46.0-255,66,49057,41,113111
4780,0.000648,172.31.46.0-255,66,49123,41,113111
4781,0.000657,172.217.194.0-255,2184,51307,41,113111
4782,0.00068,172.31.46.0-255,66,51373,41,113111
4783,0.000915,172.217.194.0-255,1484,52857,41,113111
4784,0.000922,172.217.194.0-255,2902,55759,41,113111
4785,0.000932,172.31.46.0-255,66,55825,41,113111
4786,0.000936,172.217.194.0-255,1484,57309,41,113111
4787,0.000961,172.217.194.0-255,4320,61629,41,113111
4788,0.000986,172.217.194.0-255,2902,64531,41,113111
4789,0.00099,172.217.194.0-255,1484,66015,41,113111
4790,0.001,172.31.46.0-255,66,66081,41,113111
4791,0.001037,172.31.46.0-255,66,66147,41,113111
4792,0.001142,172.217.194.0-255,1484,67631,41,113111
4793,0.001162,172.217.194.0-255,2902,70533,41,113111
4794,0.001166,172.217.194.0-255,2902,73435,41,113111
4795,0.001181,172.217.194.0-255,2902,76337,41,113111
4796,0.001185,172.31.46.0-255,66,76403,41,113111
4797,0.00119,172.31.46.0-255,66,76469,41,113111
4798,0.001228,172.217.194.0-255,5738,82207,41,113111
4799,0.001254,172.31.46.0-255,66,82273,41,113111
4800,0.001738,172.217.194.0-255,1484,83757,41,113111
4801,0.001744,172.217.194.0-255,2902,86659,41,113111
4802,0.001747,172.31.46.0-255,66,86725,41,113111
4803,0.001753,172.217.194.0-255,2902,89627,41,113111
4804,0.00176,172.31.46.0-255,66,89693,41,113111
4805,0.00178,172.217.194.0-255,2902,92595,41,113111
4806,0.001784,172.31.46.0-255,66,92661,41,113111
4807,0.001845,172.31.46.0-255,66,92727,41,113111
4808,0.001946,172.217.194.0-255,1484,94211,41,113111
4809,0.001951,172.217.194.0-255,2902,97113,41,113111
4810,0.001954,172.31.46.0-255,66,97179,41,113111
4811,0.001959,172.217.194.0-255,2902,100081,41,113111
4812,0.001982,172.217.194.0-255,2902,102983,41,113111
4813,0.001987,172.217.194.0-255,4320,107303,41,113111
4814,0.002,172.31.46.0-255,66,107369,41,113111
4815,0.002024,172.31.46.0-255,66,107435,41,113111
4816,0.002128,172.31.46.0-255,66,107501,41,113111
4817,0.002213,172.31.46.0-255,66,107567,41,113111
4818,0.002277,172.31.46.0-255,66,107633,41,113111
4819,0.002329,172.31.46.0-255,66,107699,41,113111
4820,0.002383,172.217.194.0-255,5070,112769,41,113111
4821,0.002402,172.217.194.0-255,105,112874,41,113111
4822,0.00241,172.31.46.0-255,66,112940,41,113111
4823,0.004515,172.31.46.0-255,105,113045,41,113111
4824,0.007034,172.217.194.0-255,66,113111,41,113111
4825,0.0,74.125.68.0-255,146,146,41,187978
4826,2.2e-05,172.31.46.0-255,66,212,41,187978
4827,2.9e-05,74.125.68.0-255,1484,1696,41,187978
4828,3.4e-05,172.31.46.0-255,66,1762,41,187978
4829,5.5e-05,74.125.68.0-255,2902,4664,41,187978
4830,5.9e-05,172.31.46.0-255,66,4730,41,187978
4831,6.2e-05,74.125.68.0-255,1484,6214,41,187978
4832,6.4e-05,172.31.46.0-255,66,6280,41,187978
4833,8.4e-05,74.125.68.0-255,2902,9182,41,187978
4834,8.6e-05,172.31.46.0-255,66,9248,41,187978
4835,0.000116,74.125.68.0-255,4882,14130,41,187978
4836,0.000119,172.31.46.0-255,66,14196,41,187978
4837,0.000279,74.125.68.0-255,1484,15680,41,187978
4838,0.000283,172.31.46.0-255,66,15746,41,187978
4839,0.000289,74.125.68.0-255,2902,18648,41,187978
4840,0.000291,172.31.46.0-255,66,18714,41,187978
4841,0.000318,74.125.68.0-255,5738,24452,41,187978
4842,0.000321,172.31.46.0-255,66,24518,41,187978
4843,0.000324,74.125.68.0-255,1484,26002,41,187978
4844,0.000325,172.31.46.0-255,66,26068,41,187978
4845,0.000329,74.125.68.0-255,2902,28970,41,187978
4846,0.000332,172.31.46.0-255,66,29036,41,187978
4847,0.000368,74.125.68.0-255,3961,32997,41,187978
4848,0.000372,172.31.46.0-255,66,33063,41,187978
4849,0.000377,74.125.68.0-255,4320,37383,41,187978
4850,0.000379,172.31.46.0-255,66,37449,41,187978
4851,0.000409,74.125.68.0-255,5738,43187,41,187978
4852,0.000411,172.31.46.0-255,66,43253,41,187978
4853,0.000432,74.125.68.0-255,4320,47573,41,187978
4854,0.000435,172.31.46.0-255,66,47639,41,187978
4855,0.000439,74.125.68.0-255,2902,50541,41,187978
4856,0.000441,172.31.46.0-255,66,50607,41,187978
4857,0.000493,172.31.46.0-255,66,50673,41,187978
4858,0.000518,172.31.46.0-255,66,50739,41,187978
4859,0.000521,74.125.68.0-255,766,51505,41,187978
4860,0.000552,74.125.68.0-255,443,51948,41,187978
4861,0.000642,74.125.68.0-255,330,52278,41,187978
4862,0.000687,74.125.68.0-255,1484,53762,41,187978
4863,0.000691,172.31.46.0-255,66,53828,41,187978
4864,0.000709,74.125.68.0-255,1484,55312,41,187978
4865,0.000725,74.125.68.0-255,2902,58214,41,187978
4866,0.000728,172.31.46.0-255,66,58280,41,187978
4867,0.000731,74.125.68.0-255,1484,59764,41,187978
4868,0.000744,74.125.68.0-255,1484,61248,41,187978
4869,0.000746,172.31.46.0-255,66,61314,41,187978
4870,0.000773,74.125.68.0-255,5738,67052,41,187978
4871,0.000776,172.31.46.0-255,66,67118,41,187978
4872,0.00078,74.125.68.0-255,2902,70020,41,187978
4873,0.000781,172.31.46.0-255,66,70086,41,187978
4874,0.000797,74.125.68.0-255,4320,74406,41,187978
4875,0.000799,172.31.46.0-255,66,74472,41,187978
4876,0.000813,74.125.68.0-255,1484,75956,41,187978
4877,0.000844,172.31.46.0-255,66,76022,41,187978
4878,0.000848,74.125.68.0-255,2902,78924,41,187978
4879,0.00085,172.31.46.0-255,66,78990,41,187978
4880,0.000861,74.125.68.0-255,766,79756,41,187978
4881,0.001346,74.125.68.0-255,1484,81240,41,187978
4882,0.001352,172.31.46.0-255,66,81306,41,187978
4883,0.001372,74.125.68.0-255,2902,84208,41,187978
4884,0.001374,172.31.46.0-255,66,84274,41,187978
4885,0.001393,74.125.68.0-255,1484,85758,41,187978
4886,0.001413,74.125.68.0-255,4320,90078,41,187978
4887,0.001415,172.31.46.0-255,66,90144,41,187978
4888,0.001453,172.31.46.0-255,66,90210,41,187978
4889,0.001458,74.125.68.0-255,2902,93112,41,187978
4890,0.00146,172.31.46.0-255,66,93178,41,187978
4891,0.001483,74.125.68.0-255,4320,97498,41,187978
4892,0.001486,172.31.46.0-255,66,97564,41,187978
4893,0.00153,74.125.68.0-255,4320,101884,41,187978
4894,0.001533,172.31.46.0-255,66,101950,41,187978
4895,0.001548,74.125.68.0-255,2902,104852,41,187978
4896,0.00155,172.31.46.0-255,66,104918,41,187978
4897,0.00157,74.125.68.0-255,2184,107102,41,187978
4898,0.001573,172.31.46.0-255,66,107168,41,187978
4899,0.001785,74.125.68.0-255,1484,108652,41,187978
4900,0.001789,74.125.68.0-255,1484,110136,41,187978
4901,0.001792,172.31.46.0-255,66,110202,41,187978
4902,0.00181,74.125.68.0-255,1484,111686,41,187978
4903,0.001813,74.125.68.0-255,1484,113170,41,187978
4904,0.001815,172.31.46.0-255,66,113236,41,187978
4905,0.001837,74.125.68.0-255,4320,117556,41,187978
4906,0.001839,172.31.46.0-255,66,117622,41,187978
4907,0.001858,74.125.68.0-255,5738,123360,41,187978
4908,0.001862,172.31.46.0-255,66,123426,41,187978
4909,0.001891,74.125.68.0-255,2902,126328,41,187978
4910,0.001894,172.31.46.0-255,66,126394,41,187978
4911,0.001915,74.125.68.0-255,4320,130714,41,187978
4912,0.001918,172.31.46.0-255,66,130780,41,187978
4913,0.001922,74.125.68.0-255,2902,133682,41,187978
4914,0.001924,172.31.46.0-255,66,133748,41,187978
4915,0.001982,74.125.68.0-255,4320,138068,41,187978
4916,0.001985,172.31.46.0-255,66,138134,41,187978
4917,0.002003,74.125.68.0-255,3602,141736,41,187978
4918,0.002005,172.31.46.0-255,66,141802,41,187978
4919,0.002183,74.125.68.0-255,1484,143286,41,187978
4920,0.002209,74.125.68.0-255,2902,146188,41,187978
4921,0.002212,172.31.46.0-255,66,146254,41,187978
4922,0.002231,74.125.68.0-255,4320,150574,41,187978
4923,0.002233,172.31.46.0-255,66,150640,41,187978
4924,0.002257,74.125.68.0-255,1484,152124,41,187978
4925,0.002263,74.125.68.0-255,4320,156444,41,187978
4926,0.002265,172.31.46.0-255,66,156510,41,187978
4927,0.002288,74.125.68.0-255,4320,160830,41,187978
4928,0.002291,172.31.46.0-255,66,160896,41,187978
4929,0.002314,74.125.68.0-255,1484,162380,41,187978
4930,0.00232,74.125.68.0-255,4320,166700,41,187978
4931,0.002322,172.31.46.0-255,66,166766,41,187978
4932,0.002329,74.125.68.0-255,5738,172504,41,187978
4933,0.002331,172.31.46.0-255,66,172570,41,187978
4934,0.002353,74.125.68.0-255,1484,174054,41,187978
4935,0.002367,74.125.68.0-255,2184,176238,41,187978
4936,0.002371,172.31.46.0-255,66,176304,41,187978
4937,0.004902,74.125.68.0-255,1484,177788,41,187978
4938,0.004932,74.125.68.0-255,4320,182108,41,187978
4939,0.004937,172.31.46.0-255,66,182174,41,187978
4940,0.007523,74.125.68.0-255,5738,187912,41,187978
4941,0.007527,172.31.46.0-255,66,187978,41,187978
4942,0.0,172.217.194.0-255,149,149,41,168998
4943,2.3e-05,172.31.46.0-255,66,215,41,168998
4944,3e-05,172.217.194.0-255,1484,1699,41,168998
4945,3.4e-05,172.31.46.0-255,66,1765,41,168998
4946,4.7e-05,172.217.194.0-255,2902,4667,41,168998
4947,5.1e-05,172.31.46.0-255,66,4733,41,168998
4948,5.8e-05,172.217.194.0-255,4320,9053,41,168998
4949,6.2e-05,172.31.46.0-255,66,9119,41,168998
4950,9.7e-05,172.217.194.0-255,4884,14003,41,168998
4951,0.000101,172.31.46.0-255,66,14069,41,168998
4952,0.000135,172.217.194.0-255,1484,15553,41,168998
4953,0.000137,172.31.46.0-255,66,15619,41,168998
4954,0.000141,172.217.194.0-255,1484,17103,41,168998
4955,0.000143,172.31.46.0-255,66,17169,41,168998
4956,0.000174,172.217.194.0-255,1484,18653,41,168998
4957,0.000177,172.31.46.0-255,66,18719,41,168998
4958,0.000184,172.217.194.0-255,5738,24457,41,168998
4959,0.000186,172.31.46.0-255,66,24523,41,168998
4960,0.000197,172.31.46.0-255,66,24589,41,168998
4961,0.000207,172.31.46.0-255,66,24655,41,168998
4962,0.000246,172.31.46.0-255,66,24721,41,168998
4963,0.000274,172.217.194.0-255,2902,27623,41,168998
4964,0.000276,172.31.46.0-255,66,27689,41,168998
4965,0.000282,172.217.194.0-255,5020,32709,41,168998
4966,0.000285,172.31.46.0-255,66,32775,41,168998
4967,0.000326,172.31.46.0-255,66,32841,41,168998
4968,0.000351,172.217.194.0-255,3684,36525,41,168998
4969,0.000353,172.31.46.0-255,66,36591,41,168998
4970,0.000356,172.217.194.0-255,1484,38075,41,168998
4971,0.000384,172.217.194.0-255,2902,40977,41,168998
4972,0.000387,172.31.46.0-255,66,41043,41,168998
4973,0.0004,172.31.46.0-255,66,41109,41,168998
4974,0.00043,172.217.194.0-255,1484,42593,41,168998
4975,0.000435,172.217.194.0-255,2543,45136,41,168998
4976,0.000437,172.31.46.0-255,66,45202,41,168998
4977,0.000634,172.217.194.0-255,1484,46686,41,168998
4978,0.000639,172.217.194.0-255,1484,48170,41,168998
4979,0.000643,172.31.46.0-255,66,48236,41,168998
4980,0.000678,172.217.194.0-255,1484,49720,41,168998
4981,0.000685,172.217.194.0-255,5738,55458,41,168998
4982,0.000688,172.31.46.0-255,66,55524,41,168998
4983,0.000703,172.31.46.0-255,66,55590,41,168998
4984,0.000706,172.217.194.0-255,1484,57074,41,168998
4985,0.000746,172.31.46.0-255,66,57140,41,168998
4986,0.000749,172.217.194.0-255,766,57906,41,168998
4987,0.000813,172.217.194.0-255,1484,59390,41,168998
4988,0.000816,172.31.46.0-255,66,59456,41,168998
4989,0.000821,172.217.194.0-255,2902,62358,41,168998
4990,0.000824,172.31.46.0-255,66,62424,41,168998
4991,0.000839,172.217.194.0-255,1484,63908,41,168998
4992,0.000865,172.217.194.0-255,4320,68228,41,168998
4993,0.000868,172.31.46.0-255,66,68294,41,168998
4994,0.00088,172.31.46.0-255,66,68360,41,168998
4995,0.000949,172.31.46.0-255,66,68426,41,168998
4996,0.001021,172.217.194.0-255,1484,69910,41,168998
4997,0.001025,172.217.194.0-255,1484,71394,41,168998
4998,0.00103,172.31.46.0-255,66,71460,41,168998
4999,0.001043,172.217.194.0-255,1484,72944,41,168998
5000,0.001054,172.217.194.0-255,5738,78682,41,168998
5001,0.001058,172.31.46.0-255,66,78748,41,168998
5002,0.001061,172.217.194.0-255,1484,80232,41,168998
5003,0.001082,172.217.194.0-255,4320,84552,41,168998
5004,0.001085,172.31.46.0-255,66,84618,41,168998
5005,0.001099,172.31.46.0-255,66,84684,41,168998
5006,0.001102,172.217.194.0-255,1484,86168,41,168998
5007,0.001132,172.217.194.0-255,3602,89770,41,168998
5008,0.001135,172.31.46.0-255,66,89836,41,168998
5009,0.001141,172.217.194.0-255,5738,95574,41,168998
5010,0.001143,172.31.46.0-255,66,95640,41,168998
5011,0.001146,172.217.194.0-255,1484,97124,41,168998
5012,0.001202,172.31.46.0-255,66,97190,41,168998
5013,0.001205,172.31.46.0-255,66,97256,41,168998
5014,0.001234,172.217.194.0-255,3602,100858,41,168998
5015,0.00124,172.31.46.0-255,66,100924,41,168998
5016,0.0017,172.217.194.0-255,1484,102408,41,168998
5017,0.001717,172.217.194.0-255,2902,105310,41,168998
5018,0.001721,172.31.46.0-255,66,105376,41,168998
5019,0.001728,172.217.194.0-255,5738,111114,41,168998
5020,0.001731,172.31.46.0-255,66,111180,41,168998
5021,0.001734,172.217.194.0-255,1484,112664,41,168998
5022,0.001776,172.31.46.0-255,66,112730,41,168998
5023,0.001788,172.31.46.0-255,66,112796,41,168998
5024,0.001816,172.217.194.0-255,766,113562,41,168998
5025,0.001988,172.217.194.0-255,1484,115046,41,168998
5026,0.001992,172.31.46.0-255,66,115112,41,168998
5027,0.001998,172.217.194.0-255,2902,118014,41,168998
5028,0.002,172.31.46.0-255,66,118080,41,168998
5029,0.002003,172.217.194.0-255,1484,119564,41,168998
5030,0.002034,172.217.194.0-255,4320,123884,41,168998
5031,0.002037,172.31.46.0-255,66,123950,41,168998
5032,0.002043,172.217.194.0-255,4320,128270,41,168998
5033,0.002045,172.31.46.0-255,66,128336,41,168998
5034,0.002085,172.31.46.0-255,66,128402,41,168998
5035,0.002098,172.31.46.0-255,66,128468,41,168998
5036,0.002141,172.31.46.0-255,66,128534,41,168998
5037,0.002156,172.31.46.0-255,66,128600,41,168998
5038,0.002167,172.31.46.0-255,66,128666,41,168998
5039,0.002302,172.217.194.0-255,1484,130150,41,168998
5040,0.002321,172.217.194.0-255,2902,133052,41,168998
5041,0.002324,172.31.46.0-255,66,133118,41,168998
5042,0.002328,172.217.194.0-255,1484,134602,41,168998
5043,0.002354,172.217.194.0-255,4320,138922,41,168998
5044,0.002357,172.31.46.0-255,66,138988,41,168998
5045,0.002363,172.217.194.0-255,5738,144726,41,168998
5046,0.002365,172.31.46.0-255,66,144792,41,168998
5047,0.002406,172.31.46.0-255,66,144858,41,168998
5048,0.002413,172.217.194.0-255,5020,149878,41,168998
5049,0.002415,172.31.46.0-255,66,149944,41,168998
5050,0.002801,172.217.194.0-255,1484,151428,41,168998
5051,0.002806,172.217.194.0-255,2902,154330,41,168998
5052,0.002812,172.31.46.0-255,66,154396,41,168998
5053,0.002843,172.217.194.0-255,5738,160134,41,168998
5054,0.002846,172.31.46.0-255,66,160200,41,168998
5055,0.002858,172.31.46.0-255,66,160266,41,168998
5056,0.002888,172.31.46.0-255,66,160332,41,168998
5057,0.002894,172.217.194.0-255,4320,164652,41,168998
5058,0.002896,172.31.46.0-255,66,164718,41,168998
5059,0.002935,172.31.46.0-255,66,164784,41,168998
5060,0.00294,172.217.194.0-255,3977,168761,41,168998
5061,0.002942,172.31.46.0-255,66,168827,41,168998
5062,0.002945,172.217.194.0-255,105,168932,41,168998
5063,0.009998,172.31.46.0-255,66,168998,41,168998
5064,0.0,172.217.194.0-255,156,156,41,107775
5065,2.3e-05,172.31.46.0-255,66,222,41,107775
5066,2.9e-05,172.217.194.0-255,1484,1706,41,107775
5067,3.4e-05,172.31.46.0-255,66,1772,41,107775
5068,3.9e-05,172.217.194.0-255,2902,4674,41,107775
5069,5.2e-05,172.31.46.0-255,66,4740,41,107775
5070,6.1e-05,172.31.46.0-255,66,4806,41,107775
5071,7.2e-05,172.31.46.0-255,66,4872,41,107775
5072,0.000107,172.31.46.0-255,66,4938,41,107775
5073,0.000133,172.217.194.0-255,3961,8899,41,107775
5074,0.000135,172.31.46.0-255,66,8965,41,107775
5075,0.000183,172.31.46.0-255,66,9031,41,107775
5076,0.000193,172.31.46.0-255,66,9097,41,107775
5077,0.000221,172.31.46.0-255,66,9163,41,107775
5078,0.000247,172.217.194.0-255,2184,11347,41,107775
5079,0.000249,172.31.46.0-255,66,11413,41,107775
5080,0.000251,172.217.194.0-255,339,11752,41,107775
5081,0.000252,172.31.46.0-255,66,11818,41,107775
5082,0.000295,172.217.194.0-255,120,11938,41,107775
5083,0.000297,172.31.46.0-255,66,12004,41,107775
5084,0.000456,172.217.194.0-255,1484,13488,41,107775
5085,0.00046,172.31.46.0-255,66,13554,41,107775
5086,0.000465,172.217.194.0-255,2902,16456,41,107775
5087,0.000467,172.31.46.0-255,66,16522,41,107775
5088,0.000496,172.217.194.0-255,5738,22260,41,107775
5089,0.000499,172.31.46.0-255,66,22326,41,107775
5090,0.000504,172.217.194.0-255,4320,26646,41,107775
5091,0.000505,172.31.46.0-255,66,26712,41,107775
5092,0.000537,172.31.46.0-255,66,26778,41,107775
5093,0.000551,172.31.46.0-255,66,26844,41,107775
5094,0.000553,172.217.194.0-255,766,27610,41,107775
5095,0.000778,172.217.194.0-255,1484,29094,41,107775
5096,0.000781,172.31.46.0-255,66,29160,41,107775
5097,0.000786,172.217.194.0-255,2902,32062,41,107775
5098,0.000788,172.31.46.0-255,66,32128,41,107775
5099,0.00079,172.217.194.0-255,1484,33612,41,107775
5100,0.000807,172.217.194.0-255,4320,37932,41,107775
5101,0.000809,172.31.46.0-255,66,37998,41,107775
5102,0.000824,172.217.194.0-255,2902,40900,41,107775
5103,0.000829,172.31.46.0-255,66,40966,41,107775
5104,0.000871,172.31.46.0-255,66,41032,41,107775
5105,0.000874,172.31.46.0-255,66,41098,41,107775
5106,0.000904,172.217.194.0-255,1484,42582,41,107775
5107,0.000924,172.217.194.0-255,2902,45484,41,107775
5108,0.000927,172.31.46.0-255,66,45550,41,107775
5109,0.00093,172.31.46.0-255,66,45616,41,107775
5110,0.000956,172.217.194.0-255,5738,51354,41,107775
5111,0.000958,172.31.46.0-255,66,51420,41,107775
5112,0.000976,172.217.194.0-255,766,52186,41,107775
5113,0.00098,172.31.46.0-255,66,52252,41,107775
5114,0.001515,172.217.194.0-255,1484,53736,41,107775
5115,0.001519,172.31.46.0-255,66,53802,41,107775
5116,0.001524,172.217.194.0-255,2902,56704,41,107775
5117,0.001526,172.31.46.0-255,66,56770,41,107775
5118,0.001555,172.217.194.0-255,4320,61090,41,107775
5119,0.001558,172.31.46.0-255,66,61156,41,107775
5120,0.001564,172.217.194.0-255,5738,66894,41,107775
5121,0.001565,172.31.46.0-255,66,66960,41,107775
5122,0.001571,172.217.194.0-255,5738,72698,41,107775
5123,0.001573,172.31.46.0-255,66,72764,41,107775
5124,0.0016,172.217.194.0-255,5738,78502,41,107775
5125,0.001603,172.31.46.0-255,66,78568,41,107775
5126,0.001612,172.31.46.0-255,66,78634,41,107775
5127,0.001704,172.217.194.0-255,1484,80118,41,107775
5128,0.001726,172.217.194.0-255,2902,83020,41,107775
5129,0.001729,172.31.46.0-255,66,83086,41,107775
5130,0.001736,172.217.194.0-255,5738,88824,41,107775
5131,0.001737,172.31.46.0-255,66,88890,41,107775
5132,0.001742,172.217.194.0-255,4320,93210,41,107775
5133,0.001744,172.31.46.0-255,66,93276,41,107775
5134,0.001814,172.31.46.0-255,66,93342,41,107775
5135,0.001823,172.31.46.0-255,66,93408,41,107775
5136,0.001831,172.31.46.0-255,66,93474,41,107775
5137,0.001836,172.217.194.0-255,2902,96376,41,107775
5138,0.001837,172.31.46.0-255,66,96442,41,107775
5139,0.001886,172.31.46.0-255,66,96508,41,107775
5140,0.001895,172.31.46.0-255,66,96574,41,107775
5141,0.00193,172.31.46.0-255,66,96640,41,107775
5142,0.001965,172.31.46.0-255,66,96706,41,107775
5143,0.002012,172.31.46.0-255,66,96772,41,107775
5144,0.002023,172.217.194.0-255,2184,98956,41,107775
5145,0.002029,172.31.46.0-255,66,99022,41,107775
5146,0.002049,172.31.46.0-255,66,99088,41,107775
5147,0.002096,172.217.194.0-255,5020,104108,41,107775
5148,0.0021,172.31.46.0-255,66,104174,41,107775
5149,0.002115,172.31.46.0-255,66,104240,41,107775
5150,0.00214,172.31.46.0-255,66,104306,41,107775
5151,0.002188,172.31.46.0-255,66,104372,41,107775
5152,0.002215,172.217.194.0-255,2995,107367,41,107775
5153,0.002217,172.31.46.0-255,66,107433,41,107775
5154,0.002219,172.217.194.0-255,105,107538,41,107775
5155,0.004597,172.31.46.0-255,66,107604,41,107775
5156,0.00463,172.31.46.0-255,105,107709,41,107775
5157,0.007131,172.217.194.0-255,66,107775,41,107775
5158,0.0,172.217.160.0-255,299,299,41,164397
5159,1.4e-05,172.31.46.0-255,66,365,41,164397
5160,2e-05,172.217.160.0-255,1484,1849,41,164397
5161,2.4e-05,172.31.46.0-255,66,1915,41,164397
5162,3.1e-05,172.217.160.0-255,4320,6235,41,164397
5163,3.4e-05,172.31.46.0-255,66,6301,41,164397
5164,4.4e-05,172.31.46.0-255,66,6367,41,164397
5165,9.3e-05,172.31.46.0-255,66,6433,41,164397
5166,9.6e-05,172.217.160.0-255,1125,7558,41,164397
5167,9.8e-05,172.31.46.0-255,66,7624,41,164397
5168,0.000129,172.31.46.0-255,66,7690,41,164397
5169,0.000158,172.31.46.0-255,66,7756,41,164397
5170,0.000433,172.217.160.0-255,1484,9240,41,164397
5171,0.000438,172.31.46.0-255,66,9306,41,164397
5172,0.000444,172.217.160.0-255,2902,12208,41,164397
5173,0.000446,172.31.46.0-255,66,12274,41,164397
5174,0.000453,172.217.160.0-255,5738,18012,41,164397
5175,0.000456,172.31.46.0-255,66,18078,41,164397
5176,0.000481,172.217.160.0-255,2902,20980,41,164397
5177,0.000484,172.31.46.0-255,66,21046,41,164397
5178,0.000501,172.217.160.0-255,4232,25278,41,164397
5179,0.000504,172.31.46.0-255,66,25344,41,164397
5180,0.000553,172.217.160.0-255,125,25469,41,164397
5181,0.000556,172.31.46.0-255,66,25535,41,164397
5182,0.000559,172.217.160.0-255,380,25915,41,164397
5183,0.000561,172.31.46.0-255,66,25981,41,164397
5184,0.000733,172.217.160.0-255,1484,27465,41,164397
5185,0.000737,172.31.46.0-255,66,27531,41,164397
5186,0.00074,172.217.160.0-255,1484,29015,41,164397
5187,0.000758,172.217.160.0-255,1484,30499,41,164397
5188,0.000761,172.31.46.0-255,66,30565,41,164397
5189,0.000766,172.217.160.0-255,5738,36303,41,164397
5190,0.000768,172.31.46.0-255,66,36369,41,164397
5191,0.000774,172.217.160.0-255,4320,40689,41,164397
5192,0.000776,172.31.46.0-255,66,40755,41,164397
5193,0.000801,172.217.160.0-255,2543,43298,41,164397
5194,0.000805,172.31.46.0-255,66,43364,41,164397
5195,0.00082,172.217.160.0-255,1484,44848,41,164397
5196,0.000824,172.217.160.0-255,2902,47750,41,164397
5197,0.000829,172.31.46.0-255,66,47816,41,164397
5198,0.000843,172.217.160.0-255,5738,53554,41,164397
5199,0.000846,172.31.46.0-255,66,53620,41,164397
5200,0.000885,172.31.46.0-255,66,53686,41,164397
5201,0.001555,172.217.160.0-255,1484,55170,41,164397
5202,0.001563,172.217.160.0-255,2902,58072,41,164397
5203,0.001569,172.217.160.0-255,4320,62392,41,164397
5204,0.001587,172.217.160.0-255,1484,63876,41,164397
5205,0.001592,172.217.160.0-255,2902,66778,41,164397
5206,0.001606,172.217.160.0-255,1484,68262,41,164397
5207,0.001631,172.217.160.0-255,1484,69746,41,164397
5208,0.002282,172.217.160.0-255,1484,71230,41,164397
5209,0.00229,172.217.160.0-255,2902,74132,41,164397
5210,0.002296,172.217.160.0-255,4320,78452,41,164397
5211,0.00232,172.217.160.0-255,1484,79936,41,164397
5212,0.002373,172.217.160.0-255,5738,85674,41,164397
5213,0.002403,172.217.160.0-255,1484,87158,41,164397
5214,0.002406,172.217.160.0-255,1484,88642,41,164397
5215,0.002411,172.217.160.0-255,5738,94380,41,164397
5216,0.002434,172.217.160.0-255,5738,100118,41,164397
5217,0.002468,172.217.160.0-255,1484,101602,41,164397
5218,0.002473,172.31.46.0-255,78,101680,41,164397
5219,0.002487,172.31.46.0-255,78,101758,41,164397
5220,0.002571,172.217.160.0-255,3602,105360,41,164397
5221,0.0026,172.217.160.0-255,1484,106844,41,164397
5222,0.002603,172.217.160.0-255,2902,109746,41,164397
5223,0.002617,172.217.160.0-255,2902,112648,41,164397
5224,0.00263,172.217.160.0-255,2902,115550,41,164397
5225,0.002671,172.217.160.0-255,2902,118452,41,164397
5226,0.002738,172.217.160.0-255,2902,121354,41,164397
5227,0.002749,172.217.160.0-255,2902,124256,41,164397
5228,0.002847,172.217.160.0-255,1484,125740,41,164397
5229,0.002863,172.217.160.0-255,1484,127224,41,164397
5230,0.002881,172.217.160.0-255,1484,128708,41,164397
5231,0.002888,172.217.160.0-255,5738,134446,41,164397
5232,0.002902,172.217.160.0-255,2902,137348,41,164397
5233,0.002923,172.217.160.0-255,4320,141668,41,164397
5234,0.002936,172.217.160.0-255,3602,145270,41,164397
5235,0.002972,172.217.160.0-255,2902,148172,41,164397
5236,0.002975,172.217.160.0-255,1484,149656,41,164397
5237,0.002988,172.217.160.0-255,2902,152558,41,164397
5238,0.002991,172.217.160.0-255,1484,154042,41,164397
5239,0.003032,172.217.160.0-255,2902,156944,41,164397
5240,0.003076,172.217.160.0-255,766,157710,41,164397
5241,0.003119,172.217.160.0-255,3602,161312,41,164397
5242,0.003134,172.217.160.0-255,2902,164214,41,164397
5243,0.003164,172.217.160.0-255,105,164319,41,164397
5244,0.006923,172.31.46.0-255,78,164397,41,164397
5245,0.0,172.217.194.0-255,148,148,41,171893
5246,2.1e-05,172.31.46.0-255,66,214,41,171893
5247,2.8e-05,172.217.194.0-255,1484,1698,41,171893
5248,3.1e-05,172.31.46.0-255,66,1764,41,171893
5249,4.5e-05,172.217.194.0-255,2902,4666,41,171893
5250,4.7e-05,172.31.46.0-255,66,4732,41,171893
5251,7.9e-05,172.217.194.0-255,5738,10470,41,171893
5252,8.2e-05,172.31.46.0-255,66,10536,41,171893
5253,8.8e-05,172.217.194.0-255,3506,14042,41,171893
5254,9e-05,172.31.46.0-255,66,14108,41,171893
5255,0.000133,172.217.194.0-255,1484,15592,41,171893
5256,0.000136,172.31.46.0-255,66,15658,41,171893
5257,0.000165,172.217.194.0-255,2902,18560,41,171893
5258,0.000168,172.31.46.0-255,66,18626,41,171893
5259,0.000174,172.217.194.0-255,5738,24364,41,171893
5260,0.000176,172.31.46.0-255,66,24430,41,171893
5261,0.000181,172.217.194.0-255,4320,28750,41,171893
5262,0.000184,172.31.46.0-255,66,28816,41,171893
5263,0.000232,172.217.194.0-255,2543,31359,41,171893
5264,0.000234,172.31.46.0-255,66,31425,41,171893
5265,0.000515,172.217.194.0-255,1484,32909,41,171893
5266,0.00052,172.31.46.0-255,66,32975,41,171893
5267,0.000526,172.217.194.0-255,2902,35877,41,171893
5268,0.000529,172.31.46.0-255,66,35943,41,171893
5269,0.000533,172.217.194.0-255,2902,38845,41,171893
5270,0.000541,172.31.46.0-255,66,38911,41,171893
5271,0.000572,172.31.46.0-255,66,38977,41,171893
5272,0.000583,172.217.194.0-255,1484,40461,41,171893
5273,0.000585,172.31.46.0-255,66,40527,41,171893
5274,0.00062,172.31.46.0-255,66,40593,41,171893
5275,0.000653,172.31.46.0-255,66,40659,41,171893
5276,0.000672,172.217.194.0-255,365,41024,41,171893
5277,0.000714,172.217.194.0-255,377,41401,41,171893
5278,0.000811,172.217.194.0-255,1484,42885,41,171893
5279,0.000815,172.31.46.0-255,66,42951,41,171893
5280,0.000839,172.217.194.0-255,2902,45853,41,171893
5281,0.000841,172.31.46.0-255,66,45919,41,171893
5282,0.000848,172.217.194.0-255,5738,51657,41,171893
5283,0.000849,172.31.46.0-255,66,51723,41,171893
5284,0.000887,172.31.46.0-255,66,51789,41,171893
5285,0.000909,172.217.194.0-255,4320,56109,41,171893
5286,0.000911,172.31.46.0-255,66,56175,41,171893
5287,0.000917,172.217.194.0-255,5738,61913,41,171893
5288,0.000919,172.31.46.0-255,66,61979,41,171893
5289,0.00094,172.217.194.0-255,5020,66999,41,171893
5290,0.000942,172.31.46.0-255,66,67065,41,171893
5291,0.00218,172.217.194.0-255,1484,68549,41,171893
5292,0.002188,172.217.194.0-255,1484,70033,41,171893
5293,0.002192,172.31.46.0-255,66,70099,41,171893
5294,0.002215,172.217.194.0-255,1484,71583,41,171893
5295,0.002221,172.217.194.0-255,5738,77321,41,171893
5296,0.002223,172.31.46.0-255,66,77387,41,171893
5297,0.002226,172.217.194.0-255,1484,78871,41,171893
5298,0.002235,172.31.46.0-255,66,78937,41,171893
5299,0.002241,172.217.194.0-255,1484,80421,41,171893
5300,0.002257,172.217.194.0-255,2902,83323,41,171893
5301,0.002259,172.31.46.0-255,66,83389,41,171893
5302,0.002295,172.31.46.0-255,66,83455,41,171893
5303,0.002363,172.217.194.0-255,1484,84939,41,171893
5304,0.002367,172.217.194.0-255,1484,86423,41,171893
5305,0.002369,172.31.46.0-255,66,86489,41,171893
5306,0.002395,172.217.194.0-255,4320,90809,41,171893
5307,0.002397,172.31.46.0-255,66,90875,41,171893
5308,0.002407,172.31.46.0-255,66,90941,41,171893
5309,0.002412,172.217.194.0-255,4320,95261,41,171893
5310,0.002414,172.31.46.0-255,66,95327,41,171893
5311,0.002435,172.217.194.0-255,2902,98229,41,171893
5312,0.002437,172.31.46.0-255,66,98295,41,171893
5313,0.00244,172.217.194.0-255,1484,99779,41,171893
5314,0.002489,172.217.194.0-255,2902,102681,41,171893
5315,0.002491,172.31.46.0-255,66,102747,41,171893
5316,0.002513,172.217.194.0-255,5020,107767,41,171893
5317,0.002515,172.31.46.0-255,66,107833,41,171893
5318,0.002549,172.217.194.0-255,1484,109317,41,171893
5319,0.002553,172.217.194.0-255,1484,110801,41,171893
5320,0.002555,172.31.46.0-255,66,110867,41,171893
5321,0.002567,172.217.194.0-255,1484,112351,41,171893
5322,0.002574,172.217.194.0-255,1484,113835,41,171893
5323,0.002576,172.31.46.0-255,66,113901,41,171893
5324,0.002605,172.217.194.0-255,4320,118221,41,171893
5325,0.002607,172.31.46.0-255,66,118287,41,171893
5326,0.002623,172.31.46.0-255,66,118353,41,171893
5327,0.002633,172.31.46.0-255,66,118419,41,171893
5328,0.002657,172.217.194.0-255,1484,119903,41,171893
5329,0.002659,172.217.194.0-255,766,120669,41,171893
5330,0.002661,172.31.46.0-255,66,120735,41,171893
5331,0.002883,172.217.194.0-255,1484,122219,41,171893
5332,0.0029,172.217.194.0-255,2902,125121,41,171893
5333,0.002903,172.31.46.0-255,66,125187,41,171893
5334,0.002932,172.217.194.0-255,5738,130925,41,171893
5335,0.002935,172.31.46.0-255,66,130991,41,171893
5336,0.002943,172.31.46.0-255,66,131057,41,171893
5337,0.002976,172.31.46.0-255,66,131123,41,171893
5338,0.003007,172.217.194.0-255,5738,136861,41,171893
5339,0.00301,172.31.46.0-255,66,136927,41,171893
5340,0.003016,172.217.194.0-255,3602,140529,41,171893
5341,0.003019,172.31.46.0-255,66,140595,41,171893
5342,0.00303,172.31.46.0-255,66,140661,41,171893
5343,0.003067,172.31.46.0-255,66,140727,41,171893
5344,0.00307,172.217.194.0-255,1484,142211,41,171893
5345,0.003095,172.217.194.0-255,1484,143695,41,171893
5346,0.003098,172.31.46.0-255,66,143761,41,171893
5347,0.003124,172.31.46.0-255,66,143827,41,171893
5348,0.003165,172.31.46.0-255,66,143893,41,171893
5349,0.003189,172.217.194.0-255,1484,145377,41,171893
5350,0.003195,172.217.194.0-255,4320,149697,41,171893
5351,0.003198,172.31.46.0-255,66,149763,41,171893
5352,0.003224,172.31.46.0-255,66,149829,41,171893
5353,0.003253,172.217.194.0-255,5738,155567,41,171893
5354,0.003256,172.31.46.0-255,66,155633,41,171893
5355,0.003261,172.217.194.0-255,3602,159235,41,171893
5356,0.003263,172.31.46.0-255,66,159301,41,171893
5357,0.003277,172.217.194.0-255,1484,160785,41,171893
5358,0.003321,172.31.46.0-255,66,160851,41,171893
5359,0.003336,172.31.46.0-255,66,160917,41,171893
5360,0.003402,172.31.46.0-255,66,160983,41,171893
5361,0.003424,172.217.194.0-255,2184,163167,41,171893
5362,0.003427,172.31.46.0-255,66,163233,41,171893
5363,0.003443,172.31.46.0-255,66,163299,41,171893
5364,0.003447,172.217.194.0-255,2184,165483,41,171893
5365,0.00345,172.31.46.0-255,66,165549,41,171893
5366,0.003479,172.217.194.0-255,5738,171287,41,171893
5367,0.003482,172.31.46.0-255,66,171353,41,171893
5368,0.003518,172.31.46.0-255,66,171419,41,171893
5369,0.00353,172.31.46.0-255,66,171485,41,171893
5370,0.003558,172.31.46.0-255,66,171551,41,171893
5371,0.003571,172.31.46.0-255,66,171617,41,171893
5372,0.003619,172.217.194.0-255,105,171722,41,171893
5373,0.009787,172.31.46.0-255,66,171788,41,171893
5374,0.009825,172.31.46.0-255,105,171893,41,171893
5375,0.0,74.125.68.0-255,152,152,41,74268
5376,2.5e-05,172.31.46.0-255,66,218,41,74268
5377,3.2e-05,74.125.68.0-255,1484,1702,41,74268
5378,3.6e-05,172.31.46.0-255,66,1768,41,74268
5379,4.3e-05,74.125.68.0-255,2902,4670,41,74268
5380,4.6e-05,172.31.46.0-255,66,4736,41,74268
5381,5.6e-05,172.31.46.0-255,66,4802,41,74268
5382,8.7e-05,172.31.46.0-255,66,4868,41,74268
5383,9.7e-05,172.31.46.0-255,66,4934,41,74268
5384,0.000136,74.125.68.0-255,3961,8895,41,74268
5385,0.000139,172.31.46.0-255,66,8961,41,74268
5386,0.000185,74.125.68.0-255,4320,13281,41,74268
5387,0.000188,172.31.46.0-255,66,13347,41,74268
5388,0.000213,74.125.68.0-255,5738,19085,41,74268
5389,0.000216,172.31.46.0-255,66,19151,41,74268
5390,0.000238,74.125.68.0-255,4320,23471,41,74268
5391,0.00024,172.31.46.0-255,66,23537,41,74268
5392,0.000258,74.125.68.0-255,2543,26080,41,74268
5393,0.000261,172.31.46.0-255,66,26146,41,74268
5394,0.000613,74.125.68.0-255,1484,27630,41,74268
5395,0.000619,172.31.46.0-255,66,27696,41,74268
5396,0.000625,74.125.68.0-255,2902,30598,41,74268
5397,0.000628,172.31.46.0-255,66,30664,41,74268
5398,0.000633,74.125.68.0-255,2902,33566,41,74268
5399,0.000636,172.31.46.0-255,66,33632,41,74268
5400,0.000658,74.125.68.0-255,2902,36534,41,74268
5401,0.000661,172.31.46.0-255,66,36600,41,74268
5402,0.000671,172.31.46.0-255,66,36666,41,74268
5403,0.00069,74.125.68.0-255,1484,38150,41,74268
5404,0.000716,172.31.46.0-255,66,38216,41,74268
5405,0.000741,74.125.68.0-255,2902,41118,41,74268
5406,0.000744,172.31.46.0-255,66,41184,41,74268
5407,0.000767,74.125.68.0-255,2543,43727,41,74268
5408,0.000769,172.31.46.0-255,66,43793,41,74268
5409,0.000784,74.125.68.0-255,5738,49531,41,74268
5410,0.000788,172.31.46.0-255,66,49597,41,74268
5411,0.000791,74.125.68.0-255,1484,51081,41,74268
5412,0.000828,172.31.46.0-255,66,51147,41,74268
5413,0.000847,74.125.68.0-255,1125,52272,41,74268
5414,0.001427,172.31.46.0-255,66,52338,41,74268
5415,0.00223,74.125.68.0-255,1484,53822,41,74268
5416,0.002241,74.125.68.0-255,2902,56724,41,74268
5417,0.002247,172.31.46.0-255,66,56790,41,74268
5418,0.002251,74.125.68.0-255,1484,58274,41,74268
5419,0.004469,74.125.68.0-255,4320,62594,41,74268
5420,0.004474,172.31.46.0-255,66,62660,41,74268
5421,0.006705,74.125.68.0-255,5738,68398,41,74268
5422,0.006712,172.31.46.0-255,66,68464,41,74268
5423,0.008937,74.125.68.0-255,5738,74202,41,74268
5424,0.008944,172.31.46.0-255,66,74268,41,74268
5425,0.0,172.217.194.0-255,153,153,41,235884
5426,2e-05,172.31.46.0-255,66,219,41,235884
5427,2.7e-05,172.217.194.0-255,1484,1703,41,235884
5428,3e-05,172.31.46.0-255,66,1769,41,235884
5429,3.5e-05,172.217.194.0-255,2902,4671,41,235884
5430,3.9e-05,172.31.46.0-255,66,4737,41,235884
5431,5.6e-05,172.31.46.0-255,66,4803,41,235884
5432,7.4e-05,172.217.194.0-255,2902,7705,41,235884
5433,7.7e-05,172.31.46.0-255,66,7771,41,235884
5434,9.8e-05,172.217.194.0-255,3508,11279,41,235884
5435,0.000101,172.31.46.0-255,66,11345,41,235884
5436,0.000139,172.31.46.0-255,66,11411,41,235884
5437,0.000163,172.217.194.0-255,3961,15372,41,235884
5438,0.000165,172.31.46.0-255,66,15438,41,235884
5439,0.000201,172.217.194.0-255,2902,18340,41,235884
5440,0.000204,172.31.46.0-255,66,18406,41,235884
5441,0.000233,172.31.46.0-255,66,18472,41,235884
5442,0.000238,172.217.194.0-255,3961,22433,41,235884
5443,0.00024,172.31.46.0-255,66,22499,41,235884
5444,0.000578,172.217.194.0-255,1484,23983,41,235884
5445,0.000583,172.31.46.0-255,66,24049,41,235884
5446,0.000587,172.217.194.0-255,1484,25533,41,235884
5447,0.000589,172.31.46.0-255,66,25599,41,235884
5448,0.000607,172.217.194.0-255,1484,27083,41,235884
5449,0.000609,172.31.46.0-255,66,27149,41,235884
5450,0.000612,172.217.194.0-255,1484,28633,41,235884
5451,0.000614,172.31.46.0-255,66,28699,41,235884
5452,0.000637,172.217.194.0-255,4320,33019,41,235884
5453,0.000639,172.31.46.0-255,66,33085,41,235884
5454,0.000643,172.217.194.0-255,2902,35987,41,235884
5455,0.000644,172.31.46.0-255,66,36053,41,235884
5456,0.00067,172.217.194.0-255,3961,40014,41,235884
5457,0.000672,172.31.46.0-255,66,40080,41,235884
5458,0.000719,172.217.194.0-255,1797,41877,41,235884
5459,0.000721,172.31.46.0-255,66,41943,41,235884
5460,0.000726,172.217.194.0-255,2902,44845,41,235884
5461,0.000728,172.31.46.0-255,66,44911,41,235884
5462,0.000746,172.217.194.0-255,4320,49231,41,235884
5463,0.000749,172.31.46.0-255,66,49297,41,235884
5464,0.000768,172.217.194.0-255,2902,52199,41,235884
5465,0.00077,172.31.46.0-255,66,52265,41,235884
5466,0.000776,172.217.194.0-255,5379,57644,41,235884
5467,0.000778,172.31.46.0-255,66,57710,41,235884
5468,0.000805,172.217.194.0-255,5738,63448,41,235884
5469,0.000808,172.31.46.0-255,66,63514,41,235884
5470,0.000833,172.217.194.0-255,5738,69252,41,235884
5471,0.000837,172.31.46.0-255,66,69318,41,235884
5472,0.000864,172.217.194.0-255,5097,74415,41,235884
5473,0.000866,172.31.46.0-255,66,74481,41,235884
5474,0.000869,172.217.194.0-255,646,75127,41,235884
5475,0.001278,172.31.46.0-255,66,75193,41,235884
5476,0.001436,172.217.194.0-255,1484,76677,41,235884
5477,0.001445,172.217.194.0-255,2902,79579,41,235884
5478,0.001448,172.31.46.0-255,66,79645,41,235884
5479,0.001476,172.217.194.0-255,5738,85383,41,235884
5480,0.001478,172.31.46.0-255,66,85449,41,235884
5481,0.001519,172.31.46.0-255,66,85515,41,235884
5482,0.001529,172.31.46.0-255,66,85581,41,235884
5483,0.001546,172.217.194.0-255,766,86347,41,235884
5484,0.001966,172.217.194.0-255,1484,87831,41,235884
5485,0.001971,172.31.46.0-255,66,87897,41,235884
5486,0.001978,172.217.194.0-255,2902,90799,41,235884
5487,0.00198,172.31.46.0-255,66,90865,41,235884
5488,0.002007,172.217.194.0-255,5738,96603,41,235884
5489,0.002009,172.31.46.0-255,66,96669,41,235884
5490,0.002014,172.217.194.0-255,2902,99571,41,235884
5491,0.002015,172.31.46.0-255,66,99637,41,235884
5492,0.002052,172.31.46.0-255,66,99703,41,235884
5493,0.002061,172.31.46.0-255,66,99769,41,235884
5494,0.002086,172.217.194.0-255,2184,101953,41,235884
5495,0.002088,172.31.46.0-255,66,102019,41,235884
5496,0.002383,172.217.194.0-255,1484,103503,41,235884
5497,0.002397,172.217.194.0-255,2902,106405,41,235884
5498,0.002399,172.31.46.0-255,66,106471,41,235884
5499,0.002423,172.217.194.0-255,5738,112209,41,235884
5500,0.002425,172.31.46.0-255,66,112275,41,235884
5501,0.00243,172.217.194.0-255,4320,116595,41,235884
5502,0.002431,172.31.46.0-255,66,116661,41,235884
5503,0.002473,172.31.46.0-255,66,116727,41,235884
5504,0.002501,172.217.194.0-255,4320,121047,41,235884
5505,0.002504,172.31.46.0-255,66,121113,41,235884
5506,0.002507,172.217.194.0-255,2902,124015,41,235884
5507,0.002509,172.31.46.0-255,66,124081,41,235884
5508,0.002534,172.217.194.0-255,2902,126983,41,235884
5509,0.002536,172.31.46.0-255,66,127049,41,235884
5510,0.002557,172.217.194.0-255,2184,129233,41,235884
5511,0.002559,172.31.46.0-255,66,129299,41,235884
5512,0.002585,172.217.194.0-255,2902,132201,41,235884
5513,0.002587,172.31.46.0-255,66,132267,41,235884
5514,0.002609,172.217.194.0-255,2902,135169,41,235884
5515,0.002611,172.31.46.0-255,66,135235,41,235884
5516,0.002615,172.217.194.0-255,4320,139555,41,235884
5517,0.002617,172.31.46.0-255,66,139621,41,235884
5518,0.002671,172.31.46.0-255,66,139687,41,235884
5519,0.002693,172.217.194.0-255,4320,144007,41,235884
5520,0.002695,172.31.46.0-255,66,144073,41,235884
5521,0.0027,172.217.194.0-255,5738,149811,41,235884
5522,0.002703,172.31.46.0-255,66,149877,41,235884
5523,0.002705,172.217.194.0-255,1484,151361,41,235884
5524,0.002715,172.217.194.0-255,5020,156381,41,235884
5525,0.002717,172.31.46.0-255,66,156447,41,235884
5526,0.00272,172.217.194.0-255,1484,157931,41,235884
5527,0.002768,172.31.46.0-255,66,157997,41,235884
5528,0.002779,172.31.46.0-255,66,158063,41,235884
5529,0.002781,172.217.194.0-255,1484,159547,41,235884
5530,0.002811,172.217.194.0-255,5020,164567,41,235884
5531,0.002814,172.31.46.0-255,66,164633,41,235884
5532,0.002885,172.217.194.0-255,1484,166117,41,235884
5533,0.002888,172.217.194.0-255,1484,167601,41,235884
5534,0.002889,172.31.46.0-255,66,167667,41,235884
5535,0.00291,172.217.194.0-255,1484,169151,41,235884
5536,0.002917,172.217.194.0-255,5738,174889,41,235884
5537,0.002919,172.31.46.0-255,66,174955,41,235884
5538,0.002945,172.217.194.0-255,4320,179275,41,235884
5539,0.002947,172.31.46.0-255,66,179341,41,235884
5540,0.002978,172.31.46.0-255,66,179407,41,235884
5541,0.003011,172.217.194.0-255,5738,185145,41,235884
5542,0.003013,172.31.46.0-255,66,185211,41,235884
5543,0.003038,172.217.194.0-255,5020,190231,41,235884
5544,0.00304,172.31.46.0-255,66,190297,41,235884
5545,0.00309,172.217.194.0-255,1484,191781,41,235884
5546,0.003094,172.217.194.0-255,2902,194683,41,235884
5547,0.003096,172.31.46.0-255,66,194749,41,235884
5548,0.00312,172.217.194.0-255,5738,200487,41,235884
5549,0.003123,172.31.46.0-255,66,200553,41,235884
5550,0.003176,172.217.194.0-255,1484,202037,41,235884
5551,0.003185,172.217.194.0-255,766,202803,41,235884
5552,0.003506,172.217.194.0-255,1484,204287,41,235884
5553,0.003526,172.217.194.0-255,2902,207189,41,235884
5554,0.003529,172.217.194.0-255,1484,208673,41,235884
5555,0.003551,172.217.194.0-255,1484,210157,41,235884
5556,0.003574,172.217.194.0-255,4320,214477,41,235884
5557,0.003601,172.217.194.0-255,5738,220215,41,235884
5558,0.003626,172.217.194.0-255,766,220981,41,235884
5559,0.003652,172.217.194.0-255,1484,222465,41,235884
5560,0.003686,172.217.194.0-255,5738,228203,41,235884
5561,0.003698,172.217.194.0-255,1484,229687,41,235884
5562,0.003726,172.217.194.0-255,2902,232589,41,235884
5563,0.003741,172.217.194.0-255,3124,235713,41,235884
5564,0.003784,172.217.194.0-255,105,235818,41,235884
5565,0.004074,172.31.46.0-255,66,235884,41,235884
5566,0.0,172.217.194.0-255,150,150,41,194654
5567,1.5e-05,172.31.46.0-255,66,216,41,194654
5568,2.2e-05,172.217.194.0-255,1484,1700,41,194654
5569,2.7e-05,172.31.46.0-255,66,1766,41,194654
5570,3.3e-05,172.217.194.0-255,2902,4668,41,194654
5571,3.6e-05,172.31.46.0-255,66,4734,41,194654
5572,4.3e-05,172.217.194.0-255,5738,10472,41,194654
5573,4.6e-05,172.31.46.0-255,66,10538,41,194654
5574,6.5e-05,172.217.194.0-255,1484,12022,41,194654
5575,6.8e-05,172.31.46.0-255,66,12088,41,194654
5576,7.2e-05,172.217.194.0-255,2092,14180,41,194654
5577,7.4e-05,172.31.46.0-255,66,14246,41,194654
5578,8e-05,172.217.194.0-255,4320,18566,41,194654
5579,8.3e-05,172.31.46.0-255,66,18632,41,194654
5580,0.000109,172.31.46.0-255,66,18698,41,194654
5581,0.000115,172.217.194.0-255,5379,24077,41,194654
5582,0.000117,172.31.46.0-255,66,24143,41,194654
5583,0.00024,172.217.194.0-255,1484,25627,41,194654
5584,0.000244,172.31.46.0-255,66,25693,41,194654
5585,0.000258,172.217.194.0-255,2902,28595,41,194654
5586,0.000261,172.31.46.0-255,66,28661,41,194654
5587,0.000264,172.217.194.0-255,1484,30145,41,194654
5588,0.000266,172.31.46.0-255,66,30211,41,194654
5589,0.000291,172.217.194.0-255,4320,34531,41,194654
5590,0.000294,172.31.46.0-255,66,34597,41,194654
5591,0.000305,172.31.46.0-255,66,34663,41,194654
5592,0.000311,172.217.194.0-255,5738,40401,41,194654
5593,0.000313,172.31.46.0-255,66,40467,41,194654
5594,0.000338,172.217.194.0-255,2902,43369,41,194654
5595,0.000341,172.31.46.0-255,66,43435,41,194654
5596,0.000345,172.217.194.0-255,2902,46337,41,194654
5597,0.000361,172.217.194.0-255,4213,50550,41,194654
5598,0.00039,172.217.194.0-255,118,50668,41,194654
5599,0.000402,172.217.194.0-255,381,51049,41,194654
5600,0.000457,172.31.46.0-255,66,51115,41,194654
5601,0.000534,172.217.194.0-255,1484,52599,41,194654
5602,0.00054,172.217.194.0-255,2902,55501,41,194654
5603,0.000553,172.31.46.0-255,66,55567,41,194654
5604,0.000564,172.217.194.0-255,5738,61305,41,194654
5605,0.000575,172.31.46.0-255,66,61371,41,194654
5606,0.000592,172.217.194.0-255,1484,62855,41,194654
5607,0.000611,172.217.194.0-255,4831,67686,41,194654
5608,0.000628,172.31.46.0-255,66,67752,41,194654
5609,0.000808,172.217.194.0-255,1484,69236,41,194654
5610,0.000815,172.217.194.0-255,2902,72138,41,194654
5611,0.000817,172.217.194.0-255,1484,73622,41,194654
5612,0.000828,172.31.46.0-255,66,73688,41,194654
5613,0.000841,172.217.194.0-255,4320,78008,41,194654
5614,0.000852,172.31.46.0-255,66,78074,41,194654
5615,0.000858,172.217.194.0-255,4320,82394,41,194654
5616,0.00086,172.217.194.0-255,1484,83878,41,194654
5617,0.000878,172.217.194.0-255,4320,88198,41,194654
5618,0.000883,172.217.194.0-255,2902,91100,41,194654
5619,0.000897,172.31.46.0-255,66,91166,41,194654
5620,0.000915,172.217.194.0-255,2184,93350,41,194654
5621,0.000919,172.31.46.0-255,66,93416,41,194654
5622,0.001209,172.217.194.0-255,1484,94900,41,194654
5623,0.001225,172.217.194.0-255,2902,97802,41,194654
5624,0.001228,172.31.46.0-255,66,97868,41,194654
5625,0.001256,172.217.194.0-255,2902,100770,41,194654
5626,0.001279,172.217.194.0-255,2902,103672,41,194654
5627,0.001303,172.31.46.0-255,66,103738,41,194654
5628,0.001313,172.217.194.0-255,1484,105222,41,194654
5629,0.001331,172.217.194.0-255,3602,108824,41,194654
5630,0.00134,172.31.46.0-255,66,108890,41,194654
5631,0.001426,172.217.194.0-255,1484,110374,41,194654
5632,0.001431,172.217.194.0-255,2902,113276,41,194654
5633,0.001434,172.217.194.0-255,1484,114760,41,194654
5634,0.001441,172.31.46.0-255,66,114826,41,194654
5635,0.00145,172.217.194.0-255,4320,119146,41,194654
5636,0.001455,172.217.194.0-255,5738,124884,41,194654
5637,0.001461,172.31.46.0-255,66,124950,41,194654
5638,0.00148,172.217.194.0-255,5738,130688,41,194654
5639,0.001485,172.31.46.0-255,66,130754,41,194654
5640,0.001499,172.217.194.0-255,4320,135074,41,194654
5641,0.001508,172.217.194.0-255,766,135840,41,194654
5642,0.001511,172.31.46.0-255,66,135906,41,194654
5643,0.001554,172.217.194.0-255,1484,137390,41,194654
5644,0.001566,172.217.194.0-255,2902,140292,41,194654
5645,0.00157,172.217.194.0-255,2902,143194,41,194654
5646,0.001579,172.31.46.0-255,66,143260,41,194654
5647,0.001588,172.217.194.0-255,2902,146162,41,194654
5648,0.00159,172.217.194.0-255,1484,147646,41,194654
5649,0.001642,172.31.46.0-255,66,147712,41,194654
5650,0.00167,172.217.194.0-255,4320,152032,41,194654
5651,0.001676,172.31.46.0-255,66,152098,41,194654
5652,0.001724,172.31.46.0-255,66,152164,41,194654
5653,0.001744,172.217.194.0-255,4320,156484,41,194654
5654,0.001749,172.31.46.0-255,66,156550,41,194654
5655,0.00177,172.217.194.0-255,3602,160152,41,194654
5656,0.001794,172.31.46.0-255,66,160218,41,194654
5657,0.001837,172.217.194.0-255,1484,161702,41,194654
5658,0.00185,172.217.194.0-255,4320,166022,41,194654
5659,0.001859,172.31.46.0-255,66,166088,41,194654
5660,0.001866,172.217.194.0-255,2184,168272,41,194654
5661,0.001875,172.31.46.0-255,66,168338,41,194654
5662,0.002112,172.217.194.0-255,1484,169822,41,194654
5663,0.002118,172.217.194.0-255,2902,172724,41,194654
5664,0.002121,172.31.46.0-255,66,172790,41,194654
5665,0.002124,172.217.194.0-255,1484,174274,41,194654
5666,0.002145,172.217.194.0-255,4320,178594,41,194654
5667,0.00215,172.217.194.0-255,4320,182914,41,194654
5668,0.002154,172.31.46.0-255,66,182980,41,194654
5669,0.004233,172.217.194.0-255,5738,188718,41,194654
5670,0.004239,172.31.46.0-255,66,188784,41,194654
5671,0.006279,172.217.194.0-255,1484,190268,41,194654
5672,0.006294,172.217.194.0-255,4320,194588,41,194654
5673,0.008501,172.31.46.0-255,66,194654,41,194654
5674,0.0,172.217.194.0-255,146,146,41,83598
5675,2.3e-05,172.31.46.0-255,66,212,41,83598
5676,3.1e-05,172.217.194.0-255,1484,1696,41,83598
5677,3.6e-05,172.31.46.0-255,66,1762,41,83598
5678,4.1e-05,172.217.194.0-255,2902,4664,41,83598
5679,4.5e-05,172.31.46.0-255,66,4730,41,83598
5680,5.1e-05,172.217.194.0-255,4320,9050,41,83598
5681,5.4e-05,172.31.46.0-255,66,9116,41,83598
5682,6e-05,172.217.194.0-255,4877,13993,41,83598
5683,6.4e-05,172.31.46.0-255,66,14059,41,83598
5684,0.000242,172.217.194.0-255,1484,15543,41,83598
5685,0.000247,172.31.46.0-255,66,15609,41,83598
5686,0.000253,172.217.194.0-255,2902,18511,41,83598
5687,0.000256,172.31.46.0-255,66,18577,41,83598
5688,0.000263,172.217.194.0-255,5738,24315,41,83598
5689,0.000265,172.31.46.0-255,66,24381,41,83598
5690,0.000301,172.217.194.0-255,1484,25865,41,83598
5691,0.000303,172.31.46.0-255,66,25931,41,83598
5692,0.000349,172.31.46.0-255,66,25997,41,83598
5693,0.000363,172.31.46.0-255,66,26063,41,83598
5694,0.000379,172.31.46.0-255,66,26129,41,83598
5695,0.000381,172.217.194.0-255,394,26523,41,83598
5696,0.000383,172.31.46.0-255,66,26589,41,83598
5697,0.000918,172.217.194.0-255,379,26968,41,83598
5698,0.000924,172.31.46.0-255,66,27034,41,83598
5699,0.000996,172.217.194.0-255,1484,28518,41,83598
5700,0.001,172.31.46.0-255,66,28584,41,83598
5701,0.001019,172.217.194.0-255,2902,31486,41,83598
5702,0.001021,172.31.46.0-255,66,31552,41,83598
5703,0.001028,172.217.194.0-255,5738,37290,41,83598
5704,0.00103,172.31.46.0-255,66,37356,41,83598
5705,0.001056,172.31.46.0-255,66,37422,41,83598
5706,0.001075,172.217.194.0-255,5738,43160,41,83598
5707,0.001078,172.31.46.0-255,66,43226,41,83598
5708,0.00109,172.31.46.0-255,66,43292,41,83598
5709,0.00111,172.217.194.0-255,2184,45476,41,83598
5710,0.001112,172.31.46.0-255,66,45542,41,83598
5711,0.001291,172.217.194.0-255,1484,47026,41,83598
5712,0.001298,172.217.194.0-255,2902,49928,41,83598
5713,0.001301,172.31.46.0-255,66,49994,41,83598
5714,0.001305,172.217.194.0-255,1484,51478,41,83598
5715,0.001327,172.217.194.0-255,4320,55798,41,83598
5716,0.00133,172.31.46.0-255,66,55864,41,83598
5717,0.00134,172.31.46.0-255,66,55930,41,83598
5718,0.001358,172.217.194.0-255,5738,61668,41,83598
5719,0.00136,172.31.46.0-255,66,61734,41,83598
5720,0.001365,172.217.194.0-255,4320,66054,41,83598
5721,0.001367,172.31.46.0-255,66,66120,41,83598
5722,0.001388,172.31.46.0-255,66,66186,41,83598
5723,0.00365,172.217.194.0-255,5738,71924,41,83598
5724,0.003668,172.31.46.0-255,66,71990,41,83598
5725,0.005953,172.217.194.0-255,5738,77728,41,83598
5726,0.005962,172.31.46.0-255,66,77794,41,83598
5727,0.008199,172.217.194.0-255,5738,83532,41,83598
5728,0.008203,172.31.46.0-255,66,83598,41,83598
5729,0.0,216.58.203.0-255,152,152,41,112314
5730,3.3e-05,172.31.46.0-255,66,218,41,112314
5731,4e-05,216.58.203.0-255,1484,1702,41,112314
5732,4.6e-05,172.31.46.0-255,66,1768,41,112314
5733,5.6e-05,216.58.203.0-255,1484,3252,41,112314
5734,5.9e-05,172.31.46.0-255,66,3318,41,112314
5735,6.5e-05,216.58.203.0-255,2902,6220,41,112314
5736,6.8e-05,172.31.46.0-255,66,6286,41,112314
5737,7.5e-05,216.58.203.0-255,5738,12024,41,112314
5738,7.8e-05,172.31.46.0-255,66,12090,41,112314
5739,8.2e-05,216.58.203.0-255,1960,14050,41,112314
5740,8.5e-05,172.31.46.0-255,66,14116,41,112314
5741,0.000115,216.58.203.0-255,1484,15600,41,112314
5742,0.000118,172.31.46.0-255,66,15666,41,112314
5743,0.000123,216.58.203.0-255,2902,18568,41,112314
5744,0.000125,172.31.46.0-255,66,18634,41,112314
5745,0.000132,216.58.203.0-255,5738,24372,41,112314
5746,0.000139,172.31.46.0-255,66,24438,41,112314
5747,0.000169,172.31.46.0-255,66,24504,41,112314
5748,0.000241,216.58.203.0-255,1484,25988,41,112314
5749,0.000243,172.31.46.0-255,66,26054,41,112314
5750,0.000247,216.58.203.0-255,1484,27538,41,112314
5751,0.000249,172.31.46.0-255,66,27604,41,112314
5752,0.000275,216.58.203.0-255,1484,29088,41,112314
5753,0.000277,172.31.46.0-255,66,29154,41,112314
5754,0.000282,216.58.203.0-255,2902,32056,41,112314
5755,0.000284,172.31.46.0-255,66,32122,41,112314
5756,0.000294,216.58.203.0-255,4320,36442,41,112314
5757,0.000297,172.31.46.0-255,66,36508,41,112314
5758,0.000331,172.31.46.0-255,66,36574,41,112314
5759,0.000342,172.31.46.0-255,66,36640,41,112314
5760,0.000369,216.58.203.0-255,4287,40927,41,112314
5761,0.000371,172.31.46.0-255,66,40993,41,112314
5762,0.000897,216.58.203.0-255,115,41108,41,112314
5763,0.001068,216.58.203.0-255,1484,42592,41,112314
5764,0.001073,172.31.46.0-255,66,42658,41,112314
5765,0.001079,216.58.203.0-255,2902,45560,41,112314
5766,0.001082,172.31.46.0-255,66,45626,41,112314
5767,0.001086,216.58.203.0-255,2902,48528,41,112314
5768,0.001093,172.31.46.0-255,66,48594,41,112314
5769,0.001122,216.58.203.0-255,2902,51496,41,112314
5770,0.001124,172.31.46.0-255,66,51562,41,112314
5771,0.001159,216.58.203.0-255,5738,57300,41,112314
5772,0.001161,172.31.46.0-255,66,57366,41,112314
5773,0.001185,172.31.46.0-255,66,57432,41,112314
5774,0.001196,172.31.46.0-255,66,57498,41,112314
5775,0.001503,216.58.203.0-255,1484,58982,41,112314
5776,0.001509,216.58.203.0-255,2902,61884,41,112314
5777,0.001511,216.58.203.0-255,1484,63368,41,112314
5778,0.001522,172.31.46.0-255,66,63434,41,112314
5779,0.00153,216.58.203.0-255,4320,67754,41,112314
5780,0.001532,172.31.46.0-255,66,67820,41,112314
5781,0.001542,216.58.203.0-255,4320,72140,41,112314
5782,0.001544,172.31.46.0-255,66,72206,41,112314
5783,0.00155,216.58.203.0-255,5738,77944,41,112314
5784,0.001552,172.31.46.0-255,66,78010,41,112314
5785,0.001557,216.58.203.0-255,2902,80912,41,112314
5786,0.001559,172.31.46.0-255,66,80978,41,112314
5787,0.001604,172.31.46.0-255,66,81044,41,112314
5788,0.001609,216.58.203.0-255,2184,83228,41,112314
5789,0.001611,172.31.46.0-255,66,83294,41,112314
5790,0.003259,216.58.203.0-255,5738,89032,41,112314
5791,0.003266,172.31.46.0-255,66,89098,41,112314
5792,0.004894,216.58.203.0-255,5738,94836,41,112314
5793,0.0049,172.31.46.0-255,66,94902,41,112314
5794,0.006513,216.58.203.0-255,5738,100640,41,112314
5795,0.006517,172.31.46.0-255,66,100706,41,112314
5796,0.008138,216.58.203.0-255,5738,106444,41,112314
5797,0.008146,172.31.46.0-255,66,106510,41,112314
5798,0.009772,216.58.203.0-255,5738,112248,41,112314
5799,0.00978,172.31.46.0-255,66,112314,41,112314
5800,0.0,172.217.194.0-255,152,152,41,141579
5801,1.8e-05,172.31.46.0-255,66,218,41,141579
5802,2.5e-05,172.217.194.0-255,1484,1702,41,141579
5803,2.9e-05,172.31.46.0-255,66,1768,41,141579
5804,3.5e-05,172.217.194.0-255,2902,4670,41,141579
5805,3.7e-05,172.31.46.0-255,66,4736,41,141579
5806,4.3e-05,172.217.194.0-255,4320,9056,41,141579
5807,4.6e-05,172.31.46.0-255,66,9122,41,141579
5808,9.2e-05,172.31.46.0-255,66,9188,41,141579
5809,9.7e-05,172.217.194.0-255,2902,12090,41,141579
5810,9.9e-05,172.31.46.0-255,66,12156,41,141579
5811,0.000121,172.31.46.0-255,66,12222,41,141579
5812,0.000164,172.217.194.0-255,1484,13706,41,141579
5813,0.000167,172.31.46.0-255,66,13772,41,141579
5814,0.000172,172.217.194.0-255,2902,16674,41,141579
5815,0.000174,172.31.46.0-255,66,16740,41,141579
5816,0.00018,172.217.194.0-255,5738,22478,41,141579
5817,0.000182,172.31.46.0-255,66,22544,41,141579
5818,0.000189,172.217.194.0-255,5738,28282,41,141579
5819,0.000192,172.31.46.0-255,66,28348,41,141579
5820,0.000212,172.217.194.0-255,3961,32309,41,141579
5821,0.000214,172.31.46.0-255,66,32375,41,141579
5822,0.000226,172.31.46.0-255,66,32441,41,141579
5823,0.000231,172.217.194.0-255,4252,36693,41,141579
5824,0.000233,172.31.46.0-255,66,36759,41,141579
5825,0.000615,172.217.194.0-255,366,37125,41,141579
5826,0.000622,172.31.46.0-255,66,37191,41,141579
5827,0.000641,172.217.194.0-255,1484,38675,41,141579
5828,0.000645,172.31.46.0-255,66,38741,41,141579
5829,0.000648,172.217.194.0-255,1484,40225,41,141579
5830,0.000669,172.217.194.0-255,2902,43127,41,141579
5831,0.000672,172.31.46.0-255,66,43193,41,141579
5832,0.000685,172.31.46.0-255,66,43259,41,141579
5833,0.000687,172.217.194.0-255,574,43833,41,141579
5834,0.000765,172.217.194.0-255,1484,45317,41,141579
5835,0.000769,172.31.46.0-255,66,45383,41,141579
5836,0.000774,172.217.194.0-255,2902,48285,41,141579
5837,0.000776,172.31.46.0-255,66,48351,41,141579
5838,0.000782,172.217.194.0-255,5738,54089,41,141579
5839,0.000785,172.31.46.0-255,66,54155,41,141579
5840,0.000835,172.31.46.0-255,66,54221,41,141579
5841,0.000843,172.31.46.0-255,66,54287,41,141579
5842,0.001266,172.217.194.0-255,1484,55771,41,141579
5843,0.001273,172.217.194.0-255,2902,58673,41,141579
5844,0.001278,172.31.46.0-255,66,58739,41,141579
5845,0.001286,172.217.194.0-255,5738,64477,41,141579
5846,0.001289,172.31.46.0-255,66,64543,41,141579
5847,0.001335,172.31.46.0-255,66,64609,41,141579
5848,0.001349,172.31.46.0-255,66,64675,41,141579
5849,0.001507,172.217.194.0-255,1484,66159,41,141579
5850,0.001515,172.217.194.0-255,2902,69061,41,141579
5851,0.001518,172.31.46.0-255,66,69127,41,141579
5852,0.001525,172.217.194.0-255,5738,74865,41,141579
5853,0.001528,172.31.46.0-255,66,74931,41,141579
5854,0.001566,172.31.46.0-255,66,74997,41,141579
5855,0.001581,172.217.194.0-255,2902,77899,41,141579
5856,0.001584,172.31.46.0-255,66,77965,41,141579
5857,0.001619,172.31.46.0-255,66,78031,41,141579
5858,0.001754,172.217.194.0-255,1484,79515,41,141579
5859,0.001761,172.217.194.0-255,2902,82417,41,141579
5860,0.001766,172.31.46.0-255,66,82483,41,141579
5861,0.00177,172.217.194.0-255,1484,83967,41,141579
5862,0.001791,172.217.194.0-255,4320,88287,41,141579
5863,0.001794,172.31.46.0-255,66,88353,41,141579
5864,0.001805,172.31.46.0-255,66,88419,41,141579
5865,0.00182,172.217.194.0-255,4320,92739,41,141579
5866,0.001822,172.31.46.0-255,66,92805,41,141579
5867,0.001827,172.217.194.0-255,2902,95707,41,141579
5868,0.001829,172.31.46.0-255,66,95773,41,141579
5869,0.001859,172.31.46.0-255,66,95839,41,141579
5870,0.001959,172.217.194.0-255,1484,97323,41,141579
5871,0.001964,172.217.194.0-255,2902,100225,41,141579
5872,0.001966,172.31.46.0-255,66,100291,41,141579
5873,0.001991,172.217.194.0-255,4320,104611,41,141579
5874,0.001993,172.31.46.0-255,66,104677,41,141579
5875,0.002003,172.217.194.0-255,1484,106161,41,141579
5876,0.002007,172.217.194.0-255,2902,109063,41,141579
5877,0.002009,172.31.46.0-255,66,109129,41,141579
5878,0.002036,172.31.46.0-255,66,109195,41,141579
5879,0.002049,172.31.46.0-255,66,109261,41,141579
5880,0.002159,172.217.194.0-255,1484,110745,41,141579
5881,0.002164,172.217.194.0-255,2902,113647,41,141579
5882,0.002166,172.31.46.0-255,66,113713,41,141579
5883,0.002172,172.217.194.0-255,4320,118033,41,141579
5884,0.002175,172.31.46.0-255,66,118099,41,141579
5885,0.00219,172.217.194.0-255,1484,119583,41,141579
5886,0.002204,172.31.46.0-255,66,119649,41,141579
5887,0.002245,172.217.194.0-255,5738,125387,41,141579
5888,0.002248,172.31.46.0-255,66,125453,41,141579
5889,0.002272,172.31.46.0-255,66,125519,41,141579
5890,0.004564,172.217.194.0-255,4320,129839,41,141579
5891,0.004569,172.31.46.0-255,66,129905,41,141579
5892,0.004587,172.217.194.0-255,1484,131389,41,141579
5893,0.00684,172.217.194.0-255,4320,135709,41,141579
5894,0.006851,172.31.46.0-255,66,135775,41,141579
5895,0.009138,172.217.194.0-255,5738,141513,41,141579
5896,0.009148,172.31.46.0-255,66,141579,41,141579
5897,0.0,74.125.130.0-255,297,297,41,178867
5898,1.9e-05,172.31.46.0-255,66,363,41,178867
5899,2.5e-05,74.125.130.0-255,1484,1847,41,178867
5900,3e-05,172.31.46.0-255,66,1913,41,178867
5901,3.5e-05,74.125.130.0-255,2902,4815,41,178867
5902,3.9e-05,172.31.46.0-255,66,4881,41,178867
5903,4.3e-05,74.125.130.0-255,2902,7783,41,178867
5904,4.6e-05,172.31.46.0-255,66,7849,41,178867
5905,6.5e-05,74.125.130.0-255,2902,10751,41,178867
5906,6.8e-05,172.31.46.0-255,66,10817,41,178867
5907,7.3e-05,74.125.130.0-255,3308,14125,41,178867
5908,7.5e-05,172.31.46.0-255,66,14191,41,178867
5909,0.000127,74.125.130.0-255,1484,15675,41,178867
5910,0.00013,172.31.46.0-255,66,15741,41,178867
5911,0.000152,74.125.130.0-255,2902,18643,41,178867
5912,0.000154,172.31.46.0-255,66,18709,41,178867
5913,0.000159,74.125.130.0-255,4320,23029,41,178867
5914,0.000161,172.31.46.0-255,66,23095,41,178867
5915,0.000172,74.125.130.0-255,1484,24579,41,178867
5916,0.000174,172.31.46.0-255,66,24645,41,178867
5917,0.000178,74.125.130.0-255,2902,27547,41,178867
5918,0.00018,172.31.46.0-255,66,27613,41,178867
5919,0.00022,74.125.130.0-255,1484,29097,41,178867
5920,0.000223,172.31.46.0-255,66,29163,41,178867
5921,0.000241,74.125.130.0-255,2543,31706,41,178867
5922,0.000243,172.31.46.0-255,66,31772,41,178867
5923,0.00035,74.125.130.0-255,1484,33256,41,178867
5924,0.000353,172.31.46.0-255,66,33322,41,178867
5925,0.000367,74.125.130.0-255,2902,36224,41,178867
5926,0.00037,172.31.46.0-255,66,36290,41,178867
5927,0.000404,74.125.130.0-255,4320,40610,41,178867
5928,0.000407,172.31.46.0-255,66,40676,41,178867
5929,0.000423,74.125.130.0-255,1484,42160,41,178867
5930,0.000443,172.31.46.0-255,66,42226,41,178867
5931,0.000447,74.125.130.0-255,2902,45128,41,178867
5932,0.000449,172.31.46.0-255,66,45194,41,178867
5933,0.000481,74.125.130.0-255,2902,48096,41,178867
5934,0.000484,172.31.46.0-255,66,48162,41,178867
5935,0.000512,172.31.46.0-255,66,48228,41,178867
5936,0.000515,74.125.130.0-255,344,48572,41,178867
5937,0.000545,74.125.130.0-255,399,48971,41,178867
5938,0.000869,74.125.130.0-255,1484,50455,41,178867
5939,0.000873,172.31.46.0-255,66,50521,41,178867
5940,0.000892,74.125.130.0-255,2902,53423,41,178867
5941,0.000895,172.31.46.0-255,66,53489,41,178867
5942,0.000899,74.125.130.0-255,2902,56391,41,178867
5943,0.000901,172.31.46.0-255,66,56457,41,178867
5944,0.000918,74.125.130.0-255,2902,59359,41,178867
5945,0.00092,172.31.46.0-255,66,59425,41,178867
5946,0.000955,172.31.46.0-255,66,59491,41,178867
5947,0.000987,74.125.130.0-255,2902,62393,41,178867
5948,0.000989,172.31.46.0-255,66,62459,41,178867
5949,0.00101,172.31.46.0-255,66,62525,41,178867
5950,0.001046,74.125.130.0-255,1484,64009,41,178867
5951,0.001049,74.125.130.0-255,1484,65493,41,178867
5952,0.001051,172.31.46.0-255,66,65559,41,178867
5953,0.001067,74.125.130.0-255,1484,67043,41,178867
5954,0.00107,74.125.130.0-255,1484,68527,41,178867
5955,0.001072,172.31.46.0-255,66,68593,41,178867
5956,0.001092,74.125.130.0-255,4320,72913,41,178867
5957,0.001094,172.31.46.0-255,66,72979,41,178867
5958,0.0011,74.125.130.0-255,4320,77299,41,178867
5959,0.001101,172.31.46.0-255,66,77365,41,178867
5960,0.001122,74.125.130.0-255,2902,80267,41,178867
5961,0.001125,172.31.46.0-255,66,80333,41,178867
5962,0.001127,74.125.130.0-255,1484,81817,41,178867
5963,0.001155,172.31.46.0-255,66,81883,41,178867
5964,0.001179,74.125.130.0-255,3602,85485,41,178867
5965,0.001183,172.31.46.0-255,66,85551,41,178867
5966,0.001226,74.125.130.0-255,1484,87035,41,178867
5967,0.001241,74.125.130.0-255,2902,89937,41,178867
5968,0.001244,172.31.46.0-255,66,90003,41,178867
5969,0.001255,74.125.130.0-255,1484,91487,41,178867
5970,0.001273,74.125.130.0-255,4320,95807,41,178867
5971,0.001275,172.31.46.0-255,66,95873,41,178867
5972,0.001278,74.125.130.0-255,1484,97357,41,178867
5973,0.001302,172.31.46.0-255,66,97423,41,178867
5974,0.001336,74.125.130.0-255,4320,101743,41,178867
5975,0.001338,172.31.46.0-255,66,101809,41,178867
5976,0.001359,74.125.130.0-255,5738,107547,41,178867
5977,0.001362,172.31.46.0-255,66,107613,41,178867
5978,0.001367,74.125.130.0-255,5020,112633,41,178867
5979,0.001369,172.31.46.0-255,66,112699,41,178867
5980,0.001533,74.125.130.0-255,1484,114183,41,178867
5981,0.001537,74.125.130.0-255,1484,115667,41,178867
5982,0.00154,172.31.46.0-255,66,115733,41,178867
5983,0.001557,74.125.130.0-255,1484,117217,41,178867
5984,0.001564,74.125.130.0-255,5738,122955,41,178867
5985,0.001566,172.31.46.0-255,66,123021,41,178867
5986,0.001603,172.31.46.0-255,66,123087,41,178867
5987,0.001623,74.125.130.0-255,4320,127407,41,178867
5988,0.001626,172.31.46.0-255,66,127473,41,178867
5989,0.001645,172.31.46.0-255,66,127539,41,178867
5990,0.001648,74.125.130.0-255,2184,129723,41,178867
5991,0.001651,172.31.46.0-255,66,129789,41,178867
5992,0.001737,74.125.130.0-255,1484,131273,41,178867
5993,0.00175,74.125.130.0-255,2902,134175,41,178867
5994,0.001753,172.31.46.0-255,66,134241,41,178867
5995,0.001767,74.125.130.0-255,4320,138561,41,178867
5996,0.001769,172.31.46.0-255,66,138627,41,178867
5997,0.001786,74.125.130.0-255,1484,140111,41,178867
5998,0.001796,172.31.46.0-255,66,140177,41,178867
5999,0.001811,74.125.130.0-255,4320,144497,41,178867
6000,0.001814,172.31.46.0-255,66,144563,41,178867
6001,0.001834,74.125.130.0-255,4320,148883,41,178867
6002,0.001837,172.31.46.0-255,66,148949,41,178867
6003,0.001841,74.125.130.0-255,4320,153269,41,178867
6004,0.001844,172.31.46.0-255,66,153335,41,178867
6005,0.001861,74.125.130.0-255,3602,156937,41,178867
6006,0.001864,172.31.46.0-255,66,157003,41,178867
6007,0.003806,74.125.130.0-255,4320,161323,41,178867
6008,0.003811,172.31.46.0-255,66,161389,41,178867
6009,0.003828,74.125.130.0-255,1484,162873,41,178867
6010,0.005771,74.125.130.0-255,4320,167193,41,178867
6011,0.005774,172.31.46.0-255,66,167259,41,178867
6012,0.007734,74.125.130.0-255,5738,172997,41,178867
6013,0.007742,172.31.46.0-255,66,173063,41,178867
6014,0.009697,74.125.130.0-255,5738,178801,41,178867
6015,0.009703,172.31.46.0-255,66,178867,41,178867
6016,0.0,74.125.24.0-255,146,146,41,119909
6017,2.4e-05,172.31.46.0-255,66,212,41,119909
6018,3.1e-05,74.125.24.0-255,1484,1696,41,119909
6019,3.5e-05,172.31.46.0-255,66,1762,41,119909
6020,4.2e-05,74.125.24.0-255,2902,4664,41,119909
6021,4.6e-05,172.31.46.0-255,66,4730,41,119909
6022,5.8e-05,172.31.46.0-255,66,4796,41,119909
6023,9.3e-05,74.125.24.0-255,1904,6700,41,119909
6024,9.6e-05,172.31.46.0-255,66,6766,41,119909
6025,0.000125,74.125.24.0-255,2902,9668,41,119909
6026,0.000128,172.31.46.0-255,66,9734,41,119909
6027,0.000131,74.125.24.0-255,1484,11218,41,119909
6028,0.000133,172.31.46.0-255,66,11284,41,119909
6029,0.00015,74.125.24.0-255,4320,15604,41,119909
6030,0.000153,172.31.46.0-255,66,15670,41,119909
6031,0.000197,172.31.46.0-255,66,15736,41,119909
6032,0.000299,74.125.24.0-255,1484,17220,41,119909
6033,0.000303,172.31.46.0-255,66,17286,41,119909
6034,0.000308,74.125.24.0-255,2902,20188,41,119909
6035,0.00031,172.31.46.0-255,66,20254,41,119909
6036,0.000336,74.125.24.0-255,5738,25992,41,119909
6037,0.000339,172.31.46.0-255,66,26058,41,119909
6038,0.000344,74.125.24.0-255,4320,30378,41,119909
6039,0.000347,172.31.46.0-255,66,30444,41,119909
6040,0.000381,74.125.24.0-255,4320,34764,41,119909
6041,0.000384,172.31.46.0-255,66,34830,41,119909
6042,0.000414,172.31.46.0-255,66,34896,41,119909
6043,0.000419,74.125.24.0-255,4320,39216,41,119909
6044,0.000422,172.31.46.0-255,66,39282,41,119909
6045,0.000435,74.125.24.0-255,2543,41825,41,119909
6046,0.000473,74.125.24.0-255,410,42235,41,119909
6047,0.000533,172.31.46.0-255,66,42301,41,119909
6048,0.000704,74.125.24.0-255,334,42635,41,119909
6049,0.001025,74.125.24.0-255,1484,44119,41,119909
6050,0.00103,172.31.46.0-255,66,44185,41,119909
6051,0.001036,74.125.24.0-255,2902,47087,41,119909
6052,0.001039,74.125.24.0-255,1484,48571,41,119909
6053,0.001056,74.125.24.0-255,4320,52891,41,119909
6054,0.00106,74.125.24.0-255,2902,55793,41,119909
6055,0.001062,172.31.46.0-255,66,55859,41,119909
6056,0.001068,172.31.46.0-255,66,55925,41,119909
6057,0.00111,172.31.46.0-255,66,55991,41,119909
6058,0.001123,172.31.46.0-255,66,56057,41,119909
6059,0.001157,172.31.46.0-255,66,56123,41,119909
6060,0.001209,74.125.24.0-255,1484,57607,41,119909
6061,0.001215,74.125.24.0-255,2902,60509,41,119909
6062,0.001255,172.31.46.0-255,66,60575,41,119909
6063,0.001274,74.125.24.0-255,5738,66313,41,119909
6064,0.001277,172.31.46.0-255,66,66379,41,119909
6065,0.001308,74.125.24.0-255,5738,72117,41,119909
6066,0.001312,172.31.46.0-255,66,72183,41,119909
6067,0.001347,172.31.46.0-255,66,72249,41,119909
6068,0.001828,74.125.24.0-255,1484,73733,41,119909
6069,0.001834,74.125.24.0-255,2902,76635,41,119909
6070,0.001838,172.31.46.0-255,66,76701,41,119909
6071,0.001863,74.125.24.0-255,1484,78185,41,119909
6072,0.001868,74.125.24.0-255,2902,81087,41,119909
6073,0.001888,74.125.24.0-255,5738,86825,41,119909
6074,0.001901,74.125.24.0-255,1484,88309,41,119909
6075,0.001942,172.31.46.0-255,66,88375,41,119909
6076,0.001958,74.125.24.0-255,2902,91277,41,119909
6077,0.001973,172.31.46.0-255,66,91343,41,119909
6078,0.001992,172.31.46.0-255,66,91409,41,119909
6079,0.002067,74.125.24.0-255,1484,92893,41,119909
6080,0.002086,74.125.24.0-255,2902,95795,41,119909
6081,0.002091,74.125.24.0-255,2902,98697,41,119909
6082,0.002098,172.31.46.0-255,66,98763,41,119909
6083,0.002109,74.125.24.0-255,2902,101665,41,119909
6084,0.002114,74.125.24.0-255,2902,104567,41,119909
6085,0.002155,172.31.46.0-255,66,104633,41,119909
6086,0.00219,74.125.24.0-255,3602,108235,41,119909
6087,0.002195,172.31.46.0-255,66,108301,41,119909
6088,0.004468,74.125.24.0-255,5738,114039,41,119909
6089,0.004479,172.31.46.0-255,66,114105,41,119909
6090,0.006732,74.125.24.0-255,5738,119843,41,119909
6091,0.008253,172.31.46.0-255,66,119909,41,119909
6092,0.0,74.125.200.0-255,156,156,41,122553
6093,2.9e-05,172.31.46.0-255,66,222,41,122553
6094,3.6e-05,74.125.200.0-255,1484,1706,41,122553
6095,4.2e-05,172.31.46.0-255,66,1772,41,122553
6096,4.8e-05,74.125.200.0-255,2902,4674,41,122553
6097,5.2e-05,172.31.46.0-255,66,4740,41,122553
6098,5.5e-05,74.125.200.0-255,1484,6224,41,122553
6099,5.8e-05,172.31.46.0-255,66,6290,41,122553
6100,6.2e-05,74.125.200.0-255,1484,7774,41,122553
6101,6.4e-05,172.31.46.0-255,66,7840,41,122553
6102,8.6e-05,74.125.200.0-255,1484,9324,41,122553
6103,8.8e-05,172.31.46.0-255,66,9390,41,122553
6104,9.5e-05,74.125.200.0-255,4320,13710,41,122553
6105,9.7e-05,172.31.46.0-255,66,13776,41,122553
6106,0.000121,74.125.200.0-255,2005,15781,41,122553
6107,0.000123,172.31.46.0-255,66,15847,41,122553
6108,0.000127,74.125.200.0-255,2902,18749,41,122553
6109,0.00013,172.31.46.0-255,66,18815,41,122553
6110,0.000143,172.31.46.0-255,66,18881,41,122553
6111,0.000177,74.125.200.0-255,1125,20006,41,122553
6112,0.00018,172.31.46.0-255,66,20072,41,122553
6113,0.000226,74.125.200.0-255,1484,21556,41,122553
6114,0.000228,172.31.46.0-255,66,21622,41,122553
6115,0.000246,74.125.200.0-255,2902,24524,41,122553
6116,0.000248,172.31.46.0-255,66,24590,41,122553
6117,0.000294,74.125.200.0-255,5738,30328,41,122553
6118,0.000296,172.31.46.0-255,66,30394,41,122553
6119,0.000301,74.125.200.0-255,4320,34714,41,122553
6120,0.000304,172.31.46.0-255,66,34780,41,122553
6121,0.000322,74.125.200.0-255,5738,40518,41,122553
6122,0.000325,172.31.46.0-255,66,40584,41,122553
6123,0.000362,74.125.200.0-255,5738,46322,41,122553
6124,0.000387,74.125.200.0-255,5738,52060,41,122553
6125,0.000438,74.125.200.0-255,2184,54244,41,122553
6126,0.000609,172.31.46.0-255,66,54310,41,122553
6127,0.001644,74.125.200.0-255,646,54956,41,122553
6128,0.001653,74.125.200.0-255,1484,56440,41,122553
6129,0.001658,172.31.46.0-255,66,56506,41,122553
6130,0.001665,74.125.200.0-255,2902,59408,41,122553
6131,0.001672,74.125.200.0-255,5738,65146,41,122553
6132,0.001691,74.125.200.0-255,2902,68048,41,122553
6133,0.001707,74.125.200.0-255,1484,69532,41,122553
6134,0.001728,74.125.200.0-255,4320,73852,41,122553
6135,0.001737,74.125.200.0-255,1484,75336,41,122553
6136,0.00177,74.125.200.0-255,5738,81074,41,122553
6137,0.001793,74.125.200.0-255,5738,86812,41,122553
6138,0.00184,74.125.200.0-255,1635,88447,41,122553
6139,0.001921,74.125.200.0-255,1484,89931,41,122553
6140,0.001936,74.125.200.0-255,2902,92833,41,122553
6141,0.001957,74.125.200.0-255,2902,95735,41,122553
6142,0.001962,74.125.200.0-255,4320,100055,41,122553
6143,0.001999,74.125.200.0-255,1484,101539,41,122553
6144,0.002043,74.125.200.0-255,4320,105859,41,122553
6145,0.002115,74.125.200.0-255,2184,108043,41,122553
6146,0.002127,74.125.200.0-255,2902,110945,41,122553
6147,0.002242,74.125.200.0-255,5738,116683,41,122553
6148,0.002369,74.125.200.0-255,2902,119585,41,122553
6149,0.00241,74.125.200.0-255,2902,122487,41,122553
6150,0.00821,172.31.46.0-255,66,122553,41,122553
6151,0.0,74.125.130.0-255,156,156,41,338911
6152,1.4e-05,172.31.46.0-255,66,222,41,338911
6153,3.8e-05,74.125.130.0-255,1484,1706,41,338911
6154,4.4e-05,172.31.46.0-255,66,1772,41,338911
6155,5e-05,74.125.130.0-255,2902,4674,41,338911
6156,5.3e-05,172.31.46.0-255,66,4740,41,338911
6157,7.1e-05,74.125.130.0-255,2902,7642,41,338911
6158,7.9e-05,172.31.46.0-255,66,7708,41,338911
6159,9.7e-05,74.125.130.0-255,2902,10610,41,338911
6160,0.0001,172.31.46.0-255,66,10676,41,338911
6161,0.00013,74.125.130.0-255,3395,14071,41,338911
6162,0.000133,172.31.46.0-255,66,14137,41,338911
6163,0.0002,74.125.130.0-255,1484,15621,41,338911
6164,0.000202,172.31.46.0-255,66,15687,41,338911
6165,0.00023,74.125.130.0-255,1484,17171,41,338911
6166,0.000232,172.31.46.0-255,66,17237,41,338911
6167,0.000237,74.125.130.0-255,2902,20139,41,338911
6168,0.00024,172.31.46.0-255,66,20205,41,338911
6169,0.000245,74.125.130.0-255,4320,24525,41,338911
6170,0.000253,172.31.46.0-255,66,24591,41,338911
6171,0.000286,74.125.130.0-255,1484,26075,41,338911
6172,0.000288,172.31.46.0-255,66,26141,41,338911
6173,0.000295,74.125.130.0-255,5379,31520,41,338911
6174,0.000298,172.31.46.0-255,66,31586,41,338911
6175,0.000323,74.125.130.0-255,2902,34488,41,338911
6176,0.000325,172.31.46.0-255,66,34554,41,338911
6177,0.000357,74.125.130.0-255,4320,38874,41,338911
6178,0.000361,172.31.46.0-255,66,38940,41,338911
6179,0.000382,172.31.46.0-255,66,39006,41,338911
6180,0.000419,74.125.130.0-255,2543,41549,41,338911
6181,0.000422,172.31.46.0-255,66,41615,41,338911
6182,0.000541,74.125.130.0-255,1484,43099,41,338911
6183,0.000558,74.125.130.0-255,2902,46001,41,338911
6184,0.000561,172.31.46.0-255,66,46067,41,338911
6185,0.00059,74.125.130.0-255,2902,48969,41,338911
6186,0.000593,172.31.46.0-255,66,49035,41,338911
6187,0.000598,74.125.130.0-255,4320,53355,41,338911
6188,0.0006,172.31.46.0-255,66,53421,41,338911
6189,0.000631,74.125.130.0-255,5379,58800,41,338911
6190,0.000638,172.31.46.0-255,66,58866,41,338911
6191,0.000765,74.125.130.0-255,358,59224,41,338911
6192,0.000769,74.125.130.0-255,385,59609,41,338911
6193,0.000949,74.125.130.0-255,1484,61093,41,338911
6194,0.000954,172.31.46.0-255,66,61159,41,338911
6195,0.000961,74.125.130.0-255,2902,64061,41,338911
6196,0.000963,172.31.46.0-255,66,64127,41,338911
6197,0.000991,74.125.130.0-255,5738,69865,41,338911
6198,0.000993,172.31.46.0-255,66,69931,41,338911
6199,0.001004,172.31.46.0-255,66,69997,41,338911
6200,0.001029,74.125.130.0-255,2902,72899,41,338911
6201,0.001036,172.31.46.0-255,66,72965,41,338911
6202,0.001069,172.31.46.0-255,66,73031,41,338911
6203,0.001102,172.31.46.0-255,66,73097,41,338911
6204,0.001847,74.125.130.0-255,1484,74581,41,338911
6205,0.001877,74.125.130.0-255,1484,76065,41,338911
6206,0.001882,172.31.46.0-255,66,76131,41,338911
6207,0.001911,74.125.130.0-255,1484,77615,41,338911
6208,0.001916,74.125.130.0-255,2902,80517,41,338911
6209,0.001918,172.31.46.0-255,66,80583,41,338911
6210,0.001924,74.125.130.0-255,4320,84903,41,338911
6211,0.001926,172.31.46.0-255,66,84969,41,338911
6212,0.00195,74.125.130.0-255,4320,89289,41,338911
6213,0.001953,172.31.46.0-255,66,89355,41,338911
6214,0.001982,74.125.130.0-255,5738,95093,41,338911
6215,0.001985,172.31.46.0-255,66,95159,41,338911
6216,0.001988,74.125.130.0-255,1484,96643,41,338911
6217,0.002014,74.125.130.0-255,2902,99545,41,338911
6218,0.002016,172.31.46.0-255,66,99611,41,338911
6219,0.002023,74.125.130.0-255,5738,105349,41,338911
6220,0.002025,172.31.46.0-255,66,105415,41,338911
6221,0.002034,74.125.130.0-255,2184,107599,41,338911
6222,0.002036,172.31.46.0-255,66,107665,41,338911
6223,0.002293,74.125.130.0-255,1484,109149,41,338911
6224,0.0023,74.125.130.0-255,1484,110633,41,338911
6225,0.002304,172.31.46.0-255,66,110699,41,338911
6226,0.002309,74.125.130.0-255,1484,112183,41,338911
6227,0.002336,74.125.130.0-255,2902,115085,41,338911
6228,0.002338,172.31.46.0-255,66,115151,41,338911
6229,0.002345,74.125.130.0-255,5738,120889,41,338911
6230,0.002347,172.31.46.0-255,66,120955,41,338911
6231,0.002364,74.125.130.0-255,1484,122439,41,338911
6232,0.002373,74.125.130.0-255,2902,125341,41,338911
6233,0.002375,172.31.46.0-255,66,125407,41,338911
6234,0.00238,74.125.130.0-255,2902,128309,41,338911
6235,0.002383,172.31.46.0-255,66,128375,41,338911
6236,0.002425,172.31.46.0-255,66,128441,41,338911
6237,0.00243,74.125.130.0-255,2902,131343,41,338911
6238,0.002431,172.31.46.0-255,66,131409,41,338911
6239,0.002434,74.125.130.0-255,1484,132893,41,338911
6240,0.002468,172.31.46.0-255,66,132959,41,338911
6241,0.002471,74.125.130.0-255,1484,134443,41,338911
6242,0.002505,172.31.46.0-255,66,134509,41,338911
6243,0.00251,74.125.130.0-255,4320,138829,41,338911
6244,0.002512,172.31.46.0-255,66,138895,41,338911
6245,0.002539,74.125.130.0-255,5738,144633,41,338911
6246,0.002541,172.31.46.0-255,66,144699,41,338911
6247,0.002556,172.31.46.0-255,66,144765,41,338911
6248,0.002579,74.125.130.0-255,1484,146249,41,338911
6249,0.002602,74.125.130.0-255,2902,149151,41,338911
6250,0.002605,172.31.46.0-255,66,149217,41,338911
6251,0.002634,74.125.130.0-255,1484,150701,41,338911
6252,0.002647,74.125.130.0-255,2902,153603,41,338911
6253,0.00265,172.31.46.0-255,66,153669,41,338911
6254,0.002681,74.125.130.0-255,5738,159407,41,338911
6255,0.002684,172.31.46.0-255,66,159473,41,338911
6256,0.002725,74.125.130.0-255,4320,163793,41,338911
6257,0.002728,172.31.46.0-255,66,163859,41,338911
6258,0.002754,74.125.130.0-255,2902,166761,41,338911
6259,0.002757,172.31.46.0-255,66,166827,41,338911
6260,0.002762,74.125.130.0-255,2902,169729,41,338911
6261,0.002765,172.31.46.0-255,66,169795,41,338911
6262,0.002774,74.125.130.0-255,4320,174115,41,338911
6263,0.002777,172.31.46.0-255,66,174181,41,338911
6264,0.002781,74.125.130.0-255,2902,177083,41,338911
6265,0.002783,172.31.46.0-255,66,177149,41,338911
6266,0.002807,74.125.130.0-255,2184,179333,41,338911
6267,0.00281,172.31.46.0-255,66,179399,41,338911
6268,0.002817,74.125.130.0-255,1484,180883,41,338911
6269,0.002821,74.125.130.0-255,1484,182367,41,338911
6270,0.002823,172.31.46.0-255,66,182433,41,338911
6271,0.002833,74.125.130.0-255,1484,183917,41,338911
6272,0.00286,74.125.130.0-255,2902,186819,41,338911
6273,0.002863,172.31.46.0-255,66,186885,41,338911
6274,0.002886,74.125.130.0-255,1484,188369,41,338911
6275,0.002895,74.125.130.0-255,2902,191271,41,338911
6276,0.002898,172.31.46.0-255,66,191337,41,338911
6277,0.002911,74.125.130.0-255,2902,194239,41,338911
6278,0.002917,172.31.46.0-255,66,194305,41,338911
6279,0.002935,74.125.130.0-255,4320,198625,41,338911
6280,0.002938,172.31.46.0-255,66,198691,41,338911
6281,0.002941,74.125.130.0-255,1484,200175,41,338911
6282,0.00297,74.125.130.0-255,5738,205913,41,338911
6283,0.002973,172.31.46.0-255,66,205979,41,338911
6284,0.002977,74.125.130.0-255,2902,208881,41,338911
6285,0.00298,172.31.46.0-255,66,208947,41,338911
6286,0.003009,74.125.130.0-255,1484,210431,41,338911
6287,0.003029,74.125.130.0-255,3602,214033,41,338911
6288,0.003032,172.31.46.0-255,66,214099,41,338911
6289,0.003071,74.125.130.0-255,1484,215583,41,338911
6290,0.003115,74.125.130.0-255,2902,218485,41,338911
6291,0.003119,172.31.46.0-255,66,218551,41,338911
6292,0.00315,74.125.130.0-255,2902,221453,41,338911
6293,0.003153,172.31.46.0-255,66,221519,41,338911
6294,0.00316,74.125.130.0-255,5738,227257,41,338911
6295,0.003162,172.31.46.0-255,66,227323,41,338911
6296,0.003176,74.125.130.0-255,1484,228807,41,338911
6297,0.0032,74.125.130.0-255,4320,233127,41,338911
6298,0.003202,172.31.46.0-255,66,233193,41,338911
6299,0.003209,74.125.130.0-255,5738,238931,41,338911
6300,0.003211,172.31.46.0-255,66,238997,41,338911
6301,0.003225,172.31.46.0-255,66,239063,41,338911
6302,0.003231,74.125.130.0-255,5020,244083,41,338911
6303,0.003233,172.31.46.0-255,66,244149,41,338911
6304,0.00324,74.125.130.0-255,5738,249887,41,338911
6305,0.003242,172.31.46.0-255,66,249953,41,338911
6306,0.003324,172.31.46.0-255,66,250019,41,338911
6307,0.003334,172.31.46.0-255,66,250085,41,338911
6308,0.003342,74.125.130.0-255,2902,252987,41,338911
6309,0.003347,74.125.130.0-255,4320,257307,41,338911
6310,0.00335,74.125.130.0-255,1484,258791,41,338911
6311,0.00336,74.125.130.0-255,766,259557,41,338911
6312,0.003383,74.125.130.0-255,2902,262459,41,338911
6313,0.003408,74.125.130.0-255,1484,263943,41,338911
6314,0.003424,74.125.130.0-255,2902,266845,41,338911
6315,0.00343,74.125.130.0-255,4320,271165,41,338911
6316,0.003443,74.125.130.0-255,1484,272649,41,338911
6317,0.003469,74.125.130.0-255,2902,275551,41,338911
6318,0.003493,74.125.130.0-255,4320,279871,41,338911
6319,0.003519,74.125.130.0-255,4320,284191,41,338911
6320,0.003538,74.125.130.0-255,4320,288511,41,338911
6321,0.003543,74.125.130.0-255,2902,291413,41,338911
6322,0.003548,74.125.130.0-255,3602,295015,41,338911
6323,0.003566,74.125.130.0-255,1484,296499,41,338911
6324,0.003578,74.125.130.0-255,2902,299401,41,338911
6325,0.0036,74.125.130.0-255,2902,302303,41,338911
6326,0.003611,74.125.130.0-255,2902,305205,41,338911
6327,0.003614,74.125.130.0-255,1484,306689,41,338911
6328,0.00363,74.125.130.0-255,2902,309591,41,338911
6329,0.003666,74.125.130.0-255,5738,315329,41,338911
6330,0.003668,74.125.130.0-255,1484,316813,41,338911
6331,0.0037,74.125.130.0-255,2902,319715,41,338911
6332,0.003721,74.125.130.0-255,5738,325453,41,338911
6333,0.003725,74.125.130.0-255,2184,327637,41,338911
6334,0.003769,74.125.130.0-255,4320,331957,41,338911
6335,0.00379,74.125.130.0-255,5738,337695,41,338911
6336,0.003804,74.125.130.0-255,874,338569,41,338911
6337,0.003881,74.125.130.0-255,105,338674,41,338911
6338,0.005178,172.31.46.0-255,66,338740,41,338911
6339,0.007562,172.31.46.0-255,105,338845,41,338911
6340,0.009506,74.125.130.0-255,66,338911,41,338911
6341,0.0,216.58.203.0-255,152,152,41,96127
6342,1.4e-05,172.31.46.0-255,66,218,41,96127
6343,2.1e-05,216.58.203.0-255,1484,1702,41,96127
6344,2.5e-05,172.31.46.0-255,66,1768,41,96127
6345,3.1e-05,216.58.203.0-255,2902,4670,41,96127
6346,4.2e-05,172.31.46.0-255,66,4736,41,96127
6347,5.4e-05,172.31.46.0-255,66,4802,41,96127
6348,5.8e-05,216.58.203.0-255,2031,6833,41,96127
6349,6.2e-05,172.31.46.0-255,66,6899,41,96127
6350,0.000195,216.58.203.0-255,1484,8383,41,96127
6351,0.0002,172.31.46.0-255,66,8449,41,96127
6352,0.000206,216.58.203.0-255,2902,11351,41,96127
6353,0.000208,172.31.46.0-255,66,11417,41,96127
6354,0.000218,216.58.203.0-255,2902,14319,41,96127
6355,0.00022,172.31.46.0-255,66,14385,41,96127
6356,0.00025,216.58.203.0-255,2902,17287,41,96127
6357,0.000252,172.31.46.0-255,66,17353,41,96127
6358,0.000263,172.31.46.0-255,66,17419,41,96127
6359,0.000546,216.58.203.0-255,1484,18903,41,96127
6360,0.000551,172.31.46.0-255,66,18969,41,96127
6361,0.000557,216.58.203.0-255,2902,21871,41,96127
6362,0.000559,172.31.46.0-255,66,21937,41,96127
6363,0.000563,216.58.203.0-255,1484,23421,41,96127
6364,0.00057,172.31.46.0-255,66,23487,41,96127
6365,0.000606,216.58.203.0-255,4320,27807,41,96127
6366,0.00061,172.31.46.0-255,66,27873,41,96127
6367,0.00062,172.31.46.0-255,66,27939,41,96127
6368,0.000947,216.58.203.0-255,1484,29423,41,96127
6369,0.000952,172.31.46.0-255,66,29489,41,96127
6370,0.000981,216.58.203.0-255,2902,32391,41,96127
6371,0.000984,172.31.46.0-255,66,32457,41,96127
6372,0.000987,216.58.203.0-255,1484,33941,41,96127
6373,0.001005,216.58.203.0-255,2902,36843,41,96127
6374,0.001007,172.31.46.0-255,66,36909,41,96127
6375,0.001034,216.58.203.0-255,5738,42647,41,96127
6376,0.001037,172.31.46.0-255,66,42713,41,96127
6377,0.001067,216.58.203.0-255,2543,45256,41,96127
6378,0.00107,172.31.46.0-255,66,45322,41,96127
6379,0.001105,216.58.203.0-255,679,46001,41,96127
6380,0.001245,216.58.203.0-255,1484,47485,41,96127
6381,0.00125,172.31.46.0-255,66,47551,41,96127
6382,0.001257,216.58.203.0-255,2902,50453,41,96127
6383,0.001259,172.31.46.0-255,66,50519,41,96127
6384,0.001264,216.58.203.0-255,2902,53421,41,96127
6385,0.001271,172.31.46.0-255,66,53487,41,96127
6386,0.001305,216.58.203.0-255,2902,56389,41,96127
6387,0.001308,172.31.46.0-255,66,56455,41,96127
6388,0.001319,172.31.46.0-255,66,56521,41,96127
6389,0.001545,216.58.203.0-255,1484,58005,41,96127
6390,0.001554,216.58.203.0-255,2902,60907,41,96127
6391,0.001558,172.31.46.0-255,66,60973,41,96127
6392,0.001564,216.58.203.0-255,2902,63875,41,96127
6393,0.001566,172.31.46.0-255,66,63941,41,96127
6394,0.001605,216.58.203.0-255,2902,66843,41,96127
6395,0.001608,172.31.46.0-255,66,66909,41,96127
6396,0.001619,172.31.46.0-255,66,66975,41,96127
6397,0.003277,216.58.203.0-255,5738,72713,41,96127
6398,0.003282,172.31.46.0-255,66,72779,41,96127
6399,0.004937,216.58.203.0-255,5738,78517,41,96127
6400,0.00494,172.31.46.0-255,66,78583,41,96127
6401,0.006597,216.58.203.0-255,5738,84321,41,96127
6402,0.006604,172.31.46.0-255,66,84387,41,96127
6403,0.008261,216.58.203.0-255,5738,90125,41,96127
6404,0.008268,172.31.46.0-255,66,90191,41,96127
6405,0.009922,216.58.203.0-255,2902,93093,41,96127
6406,0.009928,172.31.46.0-255,66,93159,41,96127
6407,0.009957,216.58.203.0-255,2902,96061,41,96127
6408,0.009959,172.31.46.0-255,66,96127,41,96127
6409,0.0,172.217.194.0-255,152,152,41,114124
6410,1.7e-05,172.31.46.0-255,66,218,41,114124
6411,2.4e-05,172.217.194.0-255,1484,1702,41,114124
6412,2.8e-05,172.31.46.0-255,66,1768,41,114124
6413,4.4e-05,172.217.194.0-255,2902,4670,41,114124
6414,4.7e-05,172.31.46.0-255,66,4736,41,114124
6415,5.5e-05,172.217.194.0-255,5738,10474,41,114124
6416,5.8e-05,172.31.46.0-255,66,10540,41,114124
6417,9.7e-05,172.217.194.0-255,3356,13896,41,114124
6418,0.0001,172.31.46.0-255,66,13962,41,114124
6419,0.000107,172.217.194.0-255,4320,18282,41,114124
6420,0.000109,172.31.46.0-255,66,18348,41,114124
6421,0.000133,172.217.194.0-255,1484,19832,41,114124
6422,0.000136,172.31.46.0-255,66,19898,41,114124
6423,0.000171,172.31.46.0-255,66,19964,41,114124
6424,0.000174,172.217.194.0-255,1484,21448,41,114124
6425,0.000176,172.31.46.0-255,66,21514,41,114124
6426,0.000179,172.217.194.0-255,1125,22639,41,114124
6427,0.000182,172.31.46.0-255,66,22705,41,114124
6428,0.00033,172.217.194.0-255,1484,24189,41,114124
6429,0.000334,172.31.46.0-255,66,24255,41,114124
6430,0.00034,172.217.194.0-255,2902,27157,41,114124
6431,0.000343,172.31.46.0-255,66,27223,41,114124
6432,0.000355,172.217.194.0-255,5738,32961,41,114124
6433,0.000358,172.31.46.0-255,66,33027,41,114124
6434,0.0004,172.31.46.0-255,66,33093,41,114124
6435,0.000413,172.31.46.0-255,66,33159,41,114124
6436,0.000443,172.217.194.0-255,3961,37120,41,114124
6437,0.000446,172.31.46.0-255,66,37186,41,114124
6438,0.001056,172.217.194.0-255,379,37565,41,114124
6439,0.001084,172.31.46.0-255,66,37631,41,114124
6440,0.00121,172.217.194.0-255,1484,39115,41,114124
6441,0.001218,172.217.194.0-255,2902,42017,41,114124
6442,0.001222,172.31.46.0-255,66,42083,41,114124
6443,0.001228,172.217.194.0-255,2902,44985,41,114124
6444,0.00123,172.31.46.0-255,66,45051,41,114124
6445,0.001251,172.217.194.0-255,2902,47953,41,114124
6446,0.001253,172.31.46.0-255,66,48019,41,114124
6447,0.00126,172.217.194.0-255,5738,53757,41,114124
6448,0.001267,172.31.46.0-255,66,53823,41,114124
6449,0.001281,172.31.46.0-255,66,53889,41,114124
6450,0.001285,172.217.194.0-255,2902,56791,41,114124
6451,0.001287,172.31.46.0-255,66,56857,41,114124
6452,0.00132,172.217.194.0-255,2482,59339,41,114124
6453,0.001323,172.31.46.0-255,66,59405,41,114124
6454,0.001606,172.217.194.0-255,1484,60889,41,114124
6455,0.001613,172.217.194.0-255,2902,63791,41,114124
6456,0.001617,172.31.46.0-255,66,63857,41,114124
6457,0.001625,172.217.194.0-255,5738,69595,41,114124
6458,0.001627,172.31.46.0-255,66,69661,41,114124
6459,0.001661,172.217.194.0-255,5738,75399,41,114124
6460,0.001664,172.31.46.0-255,66,75465,41,114124
6461,0.001696,172.217.194.0-255,4320,79785,41,114124
6462,0.001737,172.217.194.0-255,2184,81969,41,114124
6463,0.001974,172.217.194.0-255,1484,83453,41,114124
6464,0.001981,172.217.194.0-255,2902,86355,41,114124
6465,0.002008,172.217.194.0-255,5738,92093,41,114124
6466,0.002011,172.217.194.0-255,1484,93577,41,114124
6467,0.002046,172.217.194.0-255,2902,96479,41,114124
6468,0.002273,172.31.46.0-255,66,96545,41,114124
6469,0.004776,172.217.194.0-255,5738,102283,41,114124
6470,0.004782,172.31.46.0-255,66,102349,41,114124
6471,0.006283,172.31.46.0-255,101,102450,41,114124
6472,0.007296,172.217.194.0-255,5738,108188,41,114124
6473,0.007301,172.31.46.0-255,66,108254,41,114124
6474,0.008741,172.217.194.0-255,66,108320,41,114124
6475,0.009835,172.217.194.0-255,5738,114058,41,114124
6476,0.009843,172.31.46.0-255,66,114124,41,114124
6477,0.0,172.217.194.0-255,146,146,41,123413
6478,2.3e-05,172.31.46.0-255,66,212,41,123413
6479,3.1e-05,172.217.194.0-255,1484,1696,41,123413
6480,3.5e-05,172.31.46.0-255,66,1762,41,123413
6481,4.1e-05,172.217.194.0-255,2902,4664,41,123413
6482,5.2e-05,172.31.46.0-255,66,4730,41,123413
6483,6.3e-05,172.31.46.0-255,66,4796,41,123413
6484,6.6e-05,172.217.194.0-255,2082,6878,41,123413
6485,7e-05,172.31.46.0-255,66,6944,41,123413
6486,0.000107,172.31.46.0-255,66,7010,41,123413
6487,0.000125,172.217.194.0-255,4320,11330,41,123413
6488,0.000128,172.31.46.0-255,66,11396,41,123413
6489,0.000156,172.217.194.0-255,5379,16775,41,123413
6490,0.000159,172.31.46.0-255,66,16841,41,123413
6491,0.000225,172.217.194.0-255,1484,18325,41,123413
6492,0.000228,172.31.46.0-255,66,18391,41,123413
6493,0.000234,172.217.194.0-255,2902,21293,41,123413
6494,0.000236,172.31.46.0-255,66,21359,41,123413
6495,0.000246,172.217.194.0-255,5738,27097,41,123413
6496,0.000249,172.31.46.0-255,66,27163,41,123413
6497,0.000252,172.217.194.0-255,1484,28647,41,123413
6498,0.000254,172.31.46.0-255,66,28713,41,123413
6499,0.000295,172.31.46.0-255,66,28779,41,123413
6500,0.000335,172.31.46.0-255,66,28845,41,123413
6501,0.000686,172.217.194.0-255,365,29210,41,123413
6502,0.000694,172.31.46.0-255,66,29276,41,123413
6503,0.000809,172.217.194.0-255,1484,30760,41,123413
6504,0.000813,172.31.46.0-255,66,30826,41,123413
6505,0.000818,172.217.194.0-255,2902,33728,41,123413
6506,0.000821,172.31.46.0-255,66,33794,41,123413
6507,0.000828,172.217.194.0-255,5738,39532,41,123413
6508,0.000835,172.31.46.0-255,66,39598,41,123413
6509,0.000858,172.217.194.0-255,1484,41082,41,123413
6510,0.000872,172.217.194.0-255,4320,45402,41,123413
6511,0.000875,172.31.46.0-255,66,45468,41,123413
6512,0.000902,172.31.46.0-255,66,45534,41,123413
6513,0.000905,172.217.194.0-255,1484,47018,41,123413
6514,0.000909,172.217.194.0-255,2902,49920,41,123413
6515,0.000911,172.31.46.0-255,66,49986,41,123413
6516,0.00094,172.31.46.0-255,66,50052,41,123413
6517,0.001736,172.217.194.0-255,1484,51536,41,123413
6518,0.001744,172.217.194.0-255,2902,54438,41,123413
6519,0.001748,172.31.46.0-255,66,54504,41,123413
6520,0.001756,172.217.194.0-255,5738,60242,41,123413
6521,0.001758,172.31.46.0-255,66,60308,41,123413
6522,0.001801,172.217.194.0-255,4320,64628,41,123413
6523,0.001804,172.31.46.0-255,66,64694,41,123413
6524,0.001841,172.31.46.0-255,66,64760,41,123413
6525,0.001847,172.217.194.0-255,4320,69080,41,123413
6526,0.001849,172.31.46.0-255,66,69146,41,123413
6527,0.001859,172.31.46.0-255,66,69212,41,123413
6528,0.001952,172.217.194.0-255,1484,70696,41,123413
6529,0.001957,172.217.194.0-255,1484,72180,41,123413
6530,0.00196,172.31.46.0-255,66,72246,41,123413
6531,0.001974,172.217.194.0-255,1484,73730,41,123413
6532,0.001984,172.217.194.0-255,5738,79468,41,123413
6533,0.001987,172.31.46.0-255,66,79534,41,123413
6534,0.001996,172.31.46.0-255,66,79600,41,123413
6535,0.002064,172.31.46.0-255,66,79666,41,123413
6536,0.002103,172.31.46.0-255,66,79732,41,123413
6537,0.002126,172.217.194.0-255,1484,81216,41,123413
6538,0.002129,172.217.194.0-255,1484,82700,41,123413
6539,0.002135,172.31.46.0-255,66,82766,41,123413
6540,0.002175,172.31.46.0-255,66,82832,41,123413
6541,0.002198,172.217.194.0-255,1484,84316,41,123413
6542,0.002203,172.217.194.0-255,2902,87218,41,123413
6543,0.002205,172.31.46.0-255,66,87284,41,123413
6544,0.002233,172.217.194.0-255,5738,93022,41,123413
6545,0.002238,172.217.194.0-255,4320,97342,41,123413
6546,0.002243,172.31.46.0-255,66,97408,41,123413
6547,0.002246,172.31.46.0-255,66,97474,41,123413
6548,0.002278,172.31.46.0-255,66,97540,41,123413
6549,0.002281,172.217.194.0-255,1484,99024,41,123413
6550,0.002326,172.31.46.0-255,66,99090,41,123413
6551,0.002378,172.217.194.0-255,1484,100574,41,123413
6552,0.002384,172.217.194.0-255,2902,103476,41,123413
6553,0.002386,172.31.46.0-255,66,103542,41,123413
6554,0.00239,172.217.194.0-255,1484,105026,41,123413
6555,0.002413,172.217.194.0-255,4320,109346,41,123413
6556,0.002416,172.217.194.0-255,1484,110830,41,123413
6557,0.002419,172.31.46.0-255,66,110896,41,123413
6558,0.002477,172.217.194.0-255,1484,112380,41,123413
6559,0.002486,172.31.46.0-255,66,112446,41,123413
6560,0.002533,172.31.46.0-255,66,112512,41,123413
6561,0.002569,172.217.194.0-255,1484,113996,41,123413
6562,0.002617,172.217.194.0-255,2184,116180,41,123413
6563,0.002654,172.31.46.0-255,66,116246,41,123413
6564,0.002659,172.31.46.0-255,66,116312,41,123413
6565,0.002743,172.31.46.0-255,66,116378,41,123413
6566,0.002748,172.31.46.0-255,66,116444,41,123413
6567,0.002802,172.217.194.0-255,1484,117928,41,123413
6568,0.002834,172.217.194.0-255,4976,122904,41,123413
6569,0.002856,172.217.194.0-255,105,123009,41,123413
6570,0.002861,172.31.46.0-255,66,123075,41,123413
6571,0.004323,172.31.46.0-255,101,123176,41,123413
6572,0.005121,172.31.46.0-255,105,123281,41,123413
6573,0.006628,172.217.194.0-255,66,123347,41,123413
6574,0.007386,172.217.194.0-255,66,123413,41,123413
6575,0.0,74.125.68.0-255,153,153,41,141556
6576,1.5e-05,172.31.46.0-255,66,219,41,141556
6577,6.3e-05,74.125.68.0-255,1484,1703,41,141556
6578,6.7e-05,172.31.46.0-255,66,1769,41,141556
6579,7.3e-05,74.125.68.0-255,2902,4671,41,141556
6580,7.6e-05,172.31.46.0-255,66,4737,41,141556
6581,8.3e-05,74.125.68.0-255,5738,10475,41,141556
6582,8.6e-05,172.31.46.0-255,66,10541,41,141556
6583,9.2e-05,74.125.68.0-255,2902,13443,41,141556
6584,9.5e-05,172.31.46.0-255,66,13509,41,141556
6585,0.000128,74.125.68.0-255,664,14173,41,141556
6586,0.000132,172.31.46.0-255,66,14239,41,141556
6587,0.000165,74.125.68.0-255,1484,15723,41,141556
6588,0.000169,172.31.46.0-255,66,15789,41,141556
6589,0.000182,74.125.68.0-255,1484,17273,41,141556
6590,0.000185,172.31.46.0-255,66,17339,41,141556
6591,0.000199,74.125.68.0-255,2902,20241,41,141556
6592,0.000201,172.31.46.0-255,66,20307,41,141556
6593,0.000204,74.125.68.0-255,1484,21791,41,141556
6594,0.000206,172.31.46.0-255,66,21857,41,141556
6595,0.00021,74.125.68.0-255,2902,24759,41,141556
6596,0.000213,172.31.46.0-255,66,24825,41,141556
6597,0.000219,74.125.68.0-255,5738,30563,41,141556
6598,0.000221,172.31.46.0-255,66,30629,41,141556
6599,0.000243,74.125.68.0-255,1125,31754,41,141556
6600,0.000245,172.31.46.0-255,66,31820,41,141556
6601,0.000367,74.125.68.0-255,1484,33304,41,141556
6602,0.000372,172.31.46.0-255,66,33370,41,141556
6603,0.000378,74.125.68.0-255,2902,36272,41,141556
6604,0.00038,172.31.46.0-255,66,36338,41,141556
6605,0.000397,74.125.68.0-255,5738,42076,41,141556
6606,0.0004,172.31.46.0-255,66,42142,41,141556
6607,0.000404,74.125.68.0-255,2902,45044,41,141556
6608,0.000418,74.125.68.0-255,1484,46528,41,141556
6609,0.000428,74.125.68.0-255,1484,48012,41,141556
6610,0.000444,74.125.68.0-255,3961,51973,41,141556
6611,0.000527,172.31.46.0-255,66,52039,41,141556
6612,0.000746,74.125.68.0-255,331,52370,41,141556
6613,0.001018,74.125.68.0-255,1484,53854,41,141556
6614,0.001022,172.31.46.0-255,66,53920,41,141556
6615,0.001026,74.125.68.0-255,1484,55404,41,141556
6616,0.001042,74.125.68.0-255,1484,56888,41,141556
6617,0.001047,74.125.68.0-255,4320,61208,41,141556
6618,0.001054,172.31.46.0-255,66,61274,41,141556
6619,0.00107,74.125.68.0-255,1484,62758,41,141556
6620,0.001075,74.125.68.0-255,4320,67078,41,141556
6621,0.001079,74.125.68.0-255,4320,71398,41,141556
6622,0.00109,74.125.68.0-255,1484,72882,41,141556
6623,0.001097,172.31.46.0-255,66,72948,41,141556
6624,0.001104,74.125.68.0-255,1484,74432,41,141556
6625,0.001135,172.31.46.0-255,66,74498,41,141556
6626,0.001138,74.125.68.0-255,1484,75982,41,141556
6627,0.001141,74.125.68.0-255,2184,78166,41,141556
6628,0.001146,172.31.46.0-255,66,78232,41,141556
6629,0.001531,74.125.68.0-255,1484,79716,41,141556
6630,0.001539,74.125.68.0-255,2902,82618,41,141556
6631,0.001542,172.31.46.0-255,66,82684,41,141556
6632,0.001566,74.125.68.0-255,5738,88422,41,141556
6633,0.001571,74.125.68.0-255,2902,91324,41,141556
6634,0.001595,74.125.68.0-255,5738,97062,41,141556
6635,0.001607,74.125.68.0-255,4320,101382,41,141556
6636,0.00161,74.125.68.0-255,1484,102866,41,141556
6637,0.002237,74.125.68.0-255,1484,104350,41,141556
6638,0.00225,74.125.68.0-255,2902,107252,41,141556
6639,0.00227,74.125.68.0-255,5738,112990,41,141556
6640,0.002289,74.125.68.0-255,4320,117310,41,141556
6641,0.002293,74.125.68.0-255,2902,120212,41,141556
6642,0.002308,74.125.68.0-255,2902,123114,41,141556
6643,0.002323,74.125.68.0-255,4320,127434,41,141556
6644,0.002349,74.125.68.0-255,2184,129618,41,141556
6645,0.003049,172.31.46.0-255,66,129684,41,141556
6646,0.005387,74.125.68.0-255,2902,132586,41,141556
6647,0.005392,172.31.46.0-255,66,132652,41,141556
6648,0.005411,74.125.68.0-255,2902,135554,41,141556
6649,0.006663,172.31.46.0-255,66,135620,41,141556
6650,0.007721,74.125.68.0-255,2902,138522,41,141556
6651,0.007727,172.31.46.0-255,66,138588,41,141556
6652,0.008993,74.125.68.0-255,2902,141490,41,141556
6653,0.009511,172.31.46.0-255,66,141556,41,141556
6654,0.0,74.125.24.0-255,153,153,41,145755
6655,2.2e-05,172.31.46.0-255,66,219,41,145755
6656,2.9e-05,74.125.24.0-255,1484,1703,41,145755
6657,3.3e-05,172.31.46.0-255,66,1769,41,145755
6658,3.9e-05,74.125.24.0-255,2902,4671,41,145755
6659,4.2e-05,172.31.46.0-255,66,4737,41,145755
6660,4.8e-05,74.125.24.0-255,4320,9057,41,145755
6661,5.1e-05,172.31.46.0-255,66,9123,41,145755
6662,7.3e-05,74.125.24.0-255,4894,14017,41,145755
6663,7.6e-05,172.31.46.0-255,66,14083,41,145755
6664,0.000125,74.125.24.0-255,1484,15567,41,145755
6665,0.000128,172.31.46.0-255,66,15633,41,145755
6666,0.000131,74.125.24.0-255,1484,17117,41,145755
6667,0.000133,172.31.46.0-255,66,17183,41,145755
6668,0.000145,74.125.24.0-255,1484,18667,41,145755
6669,0.000147,172.31.46.0-255,66,18733,41,145755
6670,0.000154,74.125.24.0-255,5738,24471,41,145755
6671,0.000156,172.31.46.0-255,66,24537,41,145755
6672,0.000179,172.31.46.0-255,66,24603,41,145755
6673,0.000272,74.125.24.0-255,1484,26087,41,145755
6674,0.000276,172.31.46.0-255,66,26153,41,145755
6675,0.000282,74.125.24.0-255,2902,29055,41,145755
6676,0.000284,172.31.46.0-255,66,29121,41,145755
6677,0.000288,74.125.24.0-255,2902,32023,41,145755
6678,0.000291,172.31.46.0-255,66,32089,41,145755
6679,0.000314,74.125.24.0-255,2902,34991,41,145755
6680,0.000317,172.31.46.0-255,66,35057,41,145755
6681,0.000328,172.31.46.0-255,66,35123,41,145755
6682,0.000355,74.125.24.0-255,5379,40502,41,145755
6683,0.000358,172.31.46.0-255,66,40568,41,145755
6684,0.000369,172.31.46.0-255,66,40634,41,145755
6685,0.000389,74.125.24.0-255,1438,42072,41,145755
6686,0.000435,74.125.24.0-255,344,42416,41,145755
6687,0.000439,172.31.46.0-255,66,42482,41,145755
6688,0.000521,74.125.24.0-255,1484,43966,41,145755
6689,0.000536,74.125.24.0-255,2902,46868,41,145755
6690,0.00054,172.31.46.0-255,66,46934,41,145755
6691,0.000547,74.125.24.0-255,5738,52672,41,145755
6692,0.000549,172.31.46.0-255,66,52738,41,145755
6693,0.000583,172.31.46.0-255,66,52804,41,145755
6694,0.000596,74.125.24.0-255,1125,53929,41,145755
6695,0.000608,172.31.46.0-255,66,53995,41,145755
6696,0.000681,74.125.24.0-255,1484,55479,41,145755
6697,0.000686,74.125.24.0-255,2902,58381,41,145755
6698,0.000691,172.31.46.0-255,66,58447,41,145755
6699,0.000715,74.125.24.0-255,5738,64185,41,145755
6700,0.000718,172.31.46.0-255,66,64251,41,145755
6701,0.00074,74.125.24.0-255,5738,69989,41,145755
6702,0.000742,172.31.46.0-255,66,70055,41,145755
6703,0.000768,172.31.46.0-255,66,70121,41,145755
6704,0.000797,74.125.24.0-255,4320,74441,41,145755
6705,0.0008,172.31.46.0-255,66,74507,41,145755
6706,0.000825,172.31.46.0-255,66,74573,41,145755
6707,0.000838,172.31.46.0-255,66,74639,41,145755
6708,0.000852,172.31.46.0-255,66,74705,41,145755
6709,0.000873,74.125.24.0-255,1484,76189,41,145755
6710,0.000891,74.125.24.0-255,2902,79091,41,145755
6711,0.000894,172.31.46.0-255,66,79157,41,145755
6712,0.000917,172.31.46.0-255,66,79223,41,145755
6713,0.001072,74.125.24.0-255,1484,80707,41,145755
6714,0.001076,74.125.24.0-255,1484,82191,41,145755
6715,0.001079,172.31.46.0-255,66,82257,41,145755
6716,0.001094,74.125.24.0-255,1484,83741,41,145755
6717,0.001101,74.125.24.0-255,5738,89479,41,145755
6718,0.001102,172.31.46.0-255,66,89545,41,145755
6719,0.001165,172.31.46.0-255,66,89611,41,145755
6720,0.001176,172.31.46.0-255,66,89677,41,145755
6721,0.001372,74.125.24.0-255,1484,91161,41,145755
6722,0.001385,74.125.24.0-255,2902,94063,41,145755
6723,0.001388,172.31.46.0-255,66,94129,41,145755
6724,0.001408,74.125.24.0-255,2902,97031,41,145755
6725,0.00141,172.31.46.0-255,66,97097,41,145755
6726,0.001437,74.125.24.0-255,4320,101417,41,145755
6727,0.001439,172.31.46.0-255,66,101483,41,145755
6728,0.001454,74.125.24.0-255,2902,104385,41,145755
6729,0.001456,172.31.46.0-255,66,104451,41,145755
6730,0.001461,74.125.24.0-255,4320,108771,41,145755
6731,0.001462,172.31.46.0-255,66,108837,41,145755
6732,0.001481,74.125.24.0-255,2902,111739,41,145755
6733,0.001483,172.31.46.0-255,66,111805,41,145755
6734,0.001513,172.31.46.0-255,66,111871,41,145755
6735,0.001516,74.125.24.0-255,2184,114055,41,145755
6736,0.001519,172.31.46.0-255,66,114121,41,145755
6737,0.001655,74.125.24.0-255,1484,115605,41,145755
6738,0.001659,74.125.24.0-255,2902,118507,41,145755
6739,0.001662,172.31.46.0-255,66,118573,41,145755
6740,0.001684,74.125.24.0-255,5738,124311,41,145755
6741,0.001686,172.31.46.0-255,66,124377,41,145755
6742,0.001719,172.31.46.0-255,66,124443,41,145755
6743,0.001729,172.31.46.0-255,66,124509,41,145755
6744,0.001763,74.125.24.0-255,5738,130247,41,145755
6745,0.001765,172.31.46.0-255,66,130313,41,145755
6746,0.001801,172.31.46.0-255,66,130379,41,145755
6747,0.001813,172.31.46.0-255,66,130445,41,145755
6748,0.001835,74.125.24.0-255,4320,134765,41,145755
6749,0.00184,74.125.24.0-255,5738,140503,41,145755
6750,0.001844,172.31.46.0-255,66,140569,41,145755
6751,0.001846,172.31.46.0-255,66,140635,41,145755
6752,0.001874,172.31.46.0-255,66,140701,41,145755
6753,0.001892,74.125.24.0-255,4320,145021,41,145755
6754,0.001906,172.31.46.0-255,66,145087,41,145755
6755,0.001909,172.31.46.0-255,66,145153,41,145755
6756,0.001963,172.31.46.0-255,66,145219,41,145755
6757,0.002014,172.31.46.0-255,66,145285,41,145755
6758,0.002046,172.31.46.0-255,66,145351,41,145755
6759,0.00206,172.31.46.0-255,66,145417,41,145755
6760,0.002075,172.31.46.0-255,66,145483,41,145755
6761,0.002078,74.125.24.0-255,105,145588,41,145755
6762,0.007179,172.31.46.0-255,101,145689,41,145755
6763,0.009749,74.125.24.0-255,66,145755,41,145755
6764,0.0,74.125.130.0-255,302,302,41,187666
6765,2.5e-05,172.31.46.0-255,66,368,41,187666
6766,3.1e-05,74.125.130.0-255,1484,1852,41,187666
6767,3.5e-05,172.31.46.0-255,66,1918,41,187666
6768,4.1e-05,74.125.130.0-255,2902,4820,41,187666
6769,4.5e-05,172.31.46.0-255,66,4886,41,187666
6770,5.2e-05,74.125.130.0-255,5738,10624,41,187666
6771,5.5e-05,172.31.46.0-255,66,10690,41,187666
6772,5.9e-05,74.125.130.0-255,2902,13592,41,187666
6773,6.1e-05,172.31.46.0-255,66,13658,41,187666
6774,9.6e-05,172.31.46.0-255,66,13724,41,187666
6775,0.000106,172.31.46.0-255,66,13790,41,187666
6776,0.000191,74.125.130.0-255,1484,15274,41,187666
6777,0.000193,172.31.46.0-255,66,15340,41,187666
6778,0.000199,74.125.130.0-255,2902,18242,41,187666
6779,0.000201,172.31.46.0-255,66,18308,41,187666
6780,0.000204,74.125.130.0-255,1484,19792,41,187666
6781,0.000206,172.31.46.0-255,66,19858,41,187666
6782,0.000225,74.125.130.0-255,4320,24178,41,187666
6783,0.000227,172.31.46.0-255,66,24244,41,187666
6784,0.000238,172.31.46.0-255,66,24310,41,187666
6785,0.000248,172.31.46.0-255,66,24376,41,187666
6786,0.000283,74.125.130.0-255,5738,30114,41,187666
6787,0.000286,172.31.46.0-255,66,30180,41,187666
6788,0.000303,74.125.130.0-255,4283,34463,41,187666
6789,0.000306,172.31.46.0-255,66,34529,41,187666
6790,0.000411,74.125.130.0-255,1484,36013,41,187666
6791,0.000415,172.31.46.0-255,66,36079,41,187666
6792,0.000419,74.125.130.0-255,2902,38981,41,187666
6793,0.000421,172.31.46.0-255,66,39047,41,187666
6794,0.000425,74.125.130.0-255,2902,41949,41,187666
6795,0.000427,172.31.46.0-255,66,42015,41,187666
6796,0.00043,74.125.130.0-255,1484,43499,41,187666
6797,0.000448,74.125.130.0-255,2902,46401,41,187666
6798,0.00045,172.31.46.0-255,66,46467,41,187666
6799,0.000455,74.125.130.0-255,2902,49369,41,187666
6800,0.000457,172.31.46.0-255,66,49435,41,187666
6801,0.000481,172.31.46.0-255,66,49501,41,187666
6802,0.000492,172.31.46.0-255,66,49567,41,187666
6803,0.000512,74.125.130.0-255,3961,53528,41,187666
6804,0.000514,172.31.46.0-255,66,53594,41,187666
6805,0.000517,74.125.130.0-255,364,53958,41,187666
6806,0.000604,74.125.130.0-255,1484,55442,41,187666
6807,0.000607,172.31.46.0-255,66,55508,41,187666
6808,0.00062,74.125.130.0-255,2902,58410,41,187666
6809,0.000623,172.31.46.0-255,66,58476,41,187666
6810,0.000629,74.125.130.0-255,5738,64214,41,187666
6811,0.000632,172.31.46.0-255,66,64280,41,187666
6812,0.000663,172.31.46.0-255,66,64346,41,187666
6813,0.000703,172.31.46.0-255,66,64412,41,187666
6814,0.000727,74.125.130.0-255,4320,68732,41,187666
6815,0.00073,172.31.46.0-255,66,68798,41,187666
6816,0.000735,74.125.130.0-255,2184,70982,41,187666
6817,0.000737,172.31.46.0-255,66,71048,41,187666
6818,0.000773,74.125.130.0-255,1484,72532,41,187666
6819,0.000787,74.125.130.0-255,2902,75434,41,187666
6820,0.00079,172.31.46.0-255,66,75500,41,187666
6821,0.000795,74.125.130.0-255,2902,78402,41,187666
6822,0.000797,172.31.46.0-255,66,78468,41,187666
6823,0.00081,74.125.130.0-255,2902,81370,41,187666
6824,0.000812,172.31.46.0-255,66,81436,41,187666
6825,0.000815,74.125.130.0-255,1484,82920,41,187666
6826,0.000862,172.31.46.0-255,66,82986,41,187666
6827,0.000873,172.31.46.0-255,66,83052,41,187666
6828,0.000897,74.125.130.0-255,2184,85236,41,187666
6829,0.0009,172.31.46.0-255,66,85302,41,187666
6830,0.000922,74.125.130.0-255,2902,88204,41,187666
6831,0.000926,74.125.130.0-255,2902,91106,41,187666
6832,0.000931,172.31.46.0-255,66,91172,41,187666
6833,0.000934,172.31.46.0-255,66,91238,41,187666
6834,0.000955,74.125.130.0-255,4320,95558,41,187666
6835,0.000958,172.31.46.0-255,66,95624,41,187666
6836,0.000964,74.125.130.0-255,5738,101362,41,187666
6837,0.000966,172.31.46.0-255,66,101428,41,187666
6838,0.000983,172.31.46.0-255,66,101494,41,187666
6839,0.001005,74.125.130.0-255,5738,107232,41,187666
6840,0.001011,74.125.130.0-255,3602,110834,41,187666
6841,0.001017,172.31.46.0-255,66,110900,41,187666
6842,0.001038,74.125.130.0-255,4320,115220,41,187666
6843,0.00104,172.31.46.0-255,66,115286,41,187666
6844,0.001066,74.125.130.0-255,2902,118188,41,187666
6845,0.001079,172.31.46.0-255,66,118254,41,187666
6846,0.001084,74.125.130.0-255,2902,121156,41,187666
6847,0.001096,172.31.46.0-255,66,121222,41,187666
6848,0.001121,74.125.130.0-255,4320,125542,41,187666
6849,0.001134,172.31.46.0-255,66,125608,41,187666
6850,0.001152,74.125.130.0-255,5020,130628,41,187666
6851,0.001171,172.31.46.0-255,66,130694,41,187666
6852,0.001261,74.125.130.0-255,1484,132178,41,187666
6853,0.001276,74.125.130.0-255,2902,135080,41,187666
6854,0.001278,74.125.130.0-255,1484,136564,41,187666
6855,0.001286,172.31.46.0-255,66,136630,41,187666
6856,0.001297,74.125.130.0-255,4320,140950,41,187666
6857,0.001301,74.125.130.0-255,2902,143852,41,187666
6858,0.001307,172.31.46.0-255,66,143918,41,187666
6859,0.001326,74.125.130.0-255,4320,148238,41,187666
6860,0.001369,172.31.46.0-255,66,148304,41,187666
6861,0.001483,74.125.130.0-255,1484,149788,41,187666
6862,0.001487,74.125.130.0-255,1484,151272,41,187666
6863,0.001498,172.31.46.0-255,66,151338,41,187666
6864,0.001509,74.125.130.0-255,1484,152822,41,187666
6865,0.001516,74.125.130.0-255,5738,158560,41,187666
6866,0.00153,74.125.130.0-255,5738,164298,41,187666
6867,0.00154,74.125.130.0-255,1484,165782,41,187666
6868,0.001573,74.125.130.0-255,4320,170102,41,187666
6869,0.001578,172.31.46.0-255,66,170168,41,187666
6870,0.001592,74.125.130.0-255,2902,173070,41,187666
6871,0.001597,74.125.130.0-255,2184,175254,41,187666
6872,0.001615,172.31.46.0-255,66,175320,41,187666
6873,0.001646,74.125.130.0-255,2902,178222,41,187666
6874,0.001667,74.125.130.0-255,4320,182542,41,187666
6875,0.001701,172.31.46.0-255,66,182608,41,187666
6876,0.001707,172.31.46.0-255,66,182674,41,187666
6877,0.001776,74.125.130.0-255,2902,185576,41,187666
6878,0.001789,172.31.46.0-255,66,185642,41,187666
6879,0.001808,74.125.130.0-255,1484,187126,41,187666
6880,0.001869,172.31.46.0-255,66,187192,41,187666
6881,0.00189,172.31.46.0-255,66,187258,41,187666
6882,0.001929,172.31.46.0-255,66,187324,41,187666
6883,0.001947,74.125.130.0-255,105,187429,41,187666
6884,0.001971,172.31.46.0-255,66,187495,41,187666
6885,0.004686,172.31.46.0-255,105,187600,41,187666
6886,0.00689,74.125.130.0-255,66,187666,41,187666
6887,0.0,74.125.24.0-255,153,153,41,129266
6888,1.7e-05,172.31.46.0-255,66,219,41,129266
6889,2.4e-05,74.125.24.0-255,1484,1703,41,129266
6890,2.9e-05,172.31.46.0-255,66,1769,41,129266
6891,4.2e-05,74.125.24.0-255,2902,4671,41,129266
6892,4.6e-05,172.31.46.0-255,66,4737,41,129266
6893,5.7e-05,172.31.46.0-255,66,4803,41,129266
6894,0.000101,172.31.46.0-255,66,4869,41,129266
6895,0.000122,172.31.46.0-255,66,4935,41,129266
6896,0.000157,74.125.24.0-255,1484,6419,41,129266
6897,0.00016,172.31.46.0-255,66,6485,41,129266
6898,0.000165,74.125.24.0-255,2902,9387,41,129266
6899,0.000167,172.31.46.0-255,66,9453,41,129266
6900,0.000173,74.125.24.0-255,2902,12355,41,129266
6901,0.000179,172.31.46.0-255,66,12421,41,129266
6902,0.000203,74.125.24.0-255,2902,15323,41,129266
6903,0.000206,172.31.46.0-255,66,15389,41,129266
6904,0.00022,172.31.46.0-255,66,15455,41,129266
6905,0.000239,74.125.24.0-255,1125,16580,41,129266
6906,0.000242,172.31.46.0-255,66,16646,41,129266
6907,0.000266,74.125.24.0-255,4320,20966,41,129266
6908,0.000268,172.31.46.0-255,66,21032,41,129266
6909,0.000305,172.31.46.0-255,66,21098,41,129266
6910,0.000307,74.125.24.0-255,383,21481,41,129266
6911,0.00031,172.31.46.0-255,66,21547,41,129266
6912,0.000375,74.125.24.0-255,1484,23031,41,129266
6913,0.000378,172.31.46.0-255,66,23097,41,129266
6914,0.000383,74.125.24.0-255,2902,25999,41,129266
6915,0.000386,172.31.46.0-255,66,26065,41,129266
6916,0.000397,74.125.24.0-255,5738,31803,41,129266
6917,0.0004,172.31.46.0-255,66,31869,41,129266
6918,0.000417,172.31.46.0-255,66,31935,41,129266
6919,0.000468,172.31.46.0-255,66,32001,41,129266
6920,0.000625,74.125.24.0-255,1484,33485,41,129266
6921,0.000632,74.125.24.0-255,2902,36387,41,129266
6922,0.000636,172.31.46.0-255,66,36453,41,129266
6923,0.000642,74.125.24.0-255,4320,40773,41,129266
6924,0.000645,172.31.46.0-255,66,40839,41,129266
6925,0.000672,74.125.24.0-255,1484,42323,41,129266
6926,0.000685,172.31.46.0-255,66,42389,41,129266
6927,0.000696,172.31.46.0-255,66,42455,41,129266
6928,0.00074,74.125.24.0-255,5889,48344,41,129266
6929,0.000744,172.31.46.0-255,66,48410,41,129266
6930,0.00075,74.125.24.0-255,4320,52730,41,129266
6931,0.000752,172.31.46.0-255,66,52796,41,129266
6932,0.000763,74.125.24.0-255,5738,58534,41,129266
6933,0.000766,172.31.46.0-255,66,58600,41,129266
6934,0.000779,172.31.46.0-255,66,58666,41,129266
6935,0.000781,74.125.24.0-255,1484,60150,41,129266
6936,0.000854,172.31.46.0-255,66,60216,41,129266
6937,0.000873,74.125.24.0-255,2184,62400,41,129266
6938,0.000875,172.31.46.0-255,66,62466,41,129266
6939,0.000881,74.125.24.0-255,2902,65368,41,129266
6940,0.000883,172.31.46.0-255,66,65434,41,129266
6941,0.000889,74.125.24.0-255,4320,69754,41,129266
6942,0.000891,172.31.46.0-255,66,69820,41,129266
6943,0.000902,172.31.46.0-255,66,69886,41,129266
6944,0.000943,172.31.46.0-255,66,69952,41,129266
6945,0.000982,172.31.46.0-255,66,70018,41,129266
6946,0.001001,74.125.24.0-255,4320,74338,41,129266
6947,0.001003,172.31.46.0-255,66,74404,41,129266
6948,0.001026,74.125.24.0-255,1484,75888,41,129266
6949,0.001037,172.31.46.0-255,66,75954,41,129266
6950,0.001057,74.125.24.0-255,5738,81692,41,129266
6951,0.001059,172.31.46.0-255,66,81758,41,129266
6952,0.001101,172.31.46.0-255,66,81824,41,129266
6953,0.00111,172.31.46.0-255,66,81890,41,129266
6954,0.001127,74.125.24.0-255,1484,83374,41,129266
6955,0.001135,74.125.24.0-255,2902,86276,41,129266
6956,0.001137,172.31.46.0-255,66,86342,41,129266
6957,0.001142,74.125.24.0-255,2902,89244,41,129266
6958,0.001144,172.31.46.0-255,66,89310,41,129266
6959,0.001163,74.125.24.0-255,2902,92212,41,129266
6960,0.001166,172.31.46.0-255,66,92278,41,129266
6961,0.001181,74.125.24.0-255,4320,96598,41,129266
6962,0.001183,172.31.46.0-255,66,96664,41,129266
6963,0.001194,74.125.24.0-255,5738,102402,41,129266
6964,0.001197,172.31.46.0-255,66,102468,41,129266
6965,0.00124,172.31.46.0-255,66,102534,41,129266
6966,0.001243,74.125.24.0-255,1484,104018,41,129266
6967,0.001267,74.125.24.0-255,1484,105502,41,129266
6968,0.001269,172.31.46.0-255,66,105568,41,129266
6969,0.001302,74.125.24.0-255,4320,109888,41,129266
6970,0.001307,172.31.46.0-255,66,109954,41,129266
6971,0.00131,172.31.46.0-255,66,110020,41,129266
6972,0.00135,172.31.46.0-255,66,110086,41,129266
6973,0.001356,74.125.24.0-255,3602,113688,41,129266
6974,0.001358,172.31.46.0-255,66,113754,41,129266
6975,0.001383,74.125.24.0-255,1484,115238,41,129266
6976,0.001389,74.125.24.0-255,2902,118140,41,129266
6977,0.001391,172.31.46.0-255,66,118206,41,129266
6978,0.001402,74.125.24.0-255,5738,123944,41,129266
6979,0.001404,172.31.46.0-255,66,124010,41,129266
6980,0.001444,172.31.46.0-255,66,124076,41,129266
6981,0.001493,172.31.46.0-255,66,124142,41,129266
6982,0.001522,74.125.24.0-255,4320,128462,41,129266
6983,0.001524,172.31.46.0-255,66,128528,41,129266
6984,0.00156,172.31.46.0-255,66,128594,41,129266
6985,0.001579,172.31.46.0-255,66,128660,41,129266
6986,0.001624,172.31.46.0-255,66,128726,41,129266
6987,0.001674,172.31.46.0-255,66,128792,41,129266
6988,0.001694,172.31.46.0-255,66,128858,41,129266
6989,0.001711,172.31.46.0-255,66,128924,41,129266
6990,0.001724,172.31.46.0-255,66,128990,41,129266
6991,0.001726,74.125.24.0-255,105,129095,41,129266
6992,0.008954,172.31.46.0-255,66,129161,41,129266
6993,0.009002,172.31.46.0-255,105,129266,41,129266
6994,0.0,172.217.194.0-255,153,153,41,167725
6995,1.9e-05,172.31.46.0-255,66,219,41,167725
6996,2.6e-05,172.217.194.0-255,1484,1703,41,167725
6997,3e-05,172.31.46.0-255,66,1769,41,167725
6998,3.5e-05,172.217.194.0-255,2902,4671,41,167725
6999,4.5e-05,172.31.46.0-255,66,4737,41,167725
7000,5.5e-05,172.31.46.0-255,66,4803,41,167725
7001,5.9e-05,172.217.194.0-255,2095,6898,41,167725
7002,6.1e-05,172.31.46.0-255,66,6964,41,167725
7003,0.000251,172.217.194.0-255,1484,8448,41,167725
7004,0.000255,172.31.46.0-255,66,8514,41,167725
7005,0.00026,172.217.194.0-255,2902,11416,41,167725
7006,0.000263,172.31.46.0-255,66,11482,41,167725
7007,0.000278,172.217.194.0-255,5738,17220,41,167725
7008,0.000284,172.31.46.0-255,66,17286,41,167725
7009,0.000314,172.31.46.0-255,66,17352,41,167725
7010,0.000343,172.31.46.0-255,66,17418,41,167725
7011,0.000373,172.31.46.0-255,66,17484,41,167725
7012,0.000398,172.217.194.0-255,5738,23222,41,167725
7013,0.0004,172.31.46.0-255,66,23288,41,167725
7014,0.000428,172.31.46.0-255,66,23354,41,167725
7015,0.000432,172.217.194.0-255,2184,25538,41,167725
7016,0.000434,172.31.46.0-255,66,25604,41,167725
7017,0.000469,172.217.194.0-255,361,25965,41,167725
7018,0.000472,172.31.46.0-255,66,26031,41,167725
7019,0.000583,172.217.194.0-255,383,26414,41,167725
7020,0.000588,172.31.46.0-255,66,26480,41,167725
7021,0.000764,172.217.194.0-255,1484,27964,41,167725
7022,0.000769,172.217.194.0-255,1484,29448,41,167725
7023,0.000772,172.31.46.0-255,66,29514,41,167725
7024,0.000794,172.217.194.0-255,1484,30998,41,167725
7025,0.0008,172.217.194.0-255,5738,36736,41,167725
7026,0.000801,172.31.46.0-255,66,36802,41,167725
7027,0.00083,172.31.46.0-255,66,36868,41,167725
7028,0.000866,172.217.194.0-255,2902,39770,41,167725
7029,0.000868,172.31.46.0-255,66,39836,41,167725
7030,0.0009,172.31.46.0-255,66,39902,41,167725
7031,0.000929,172.217.194.0-255,2902,42804,41,167725
7032,0.000931,172.31.46.0-255,66,42870,41,167725
7033,0.000954,172.217.194.0-255,3411,46281,41,167725
7034,0.000956,172.31.46.0-255,66,46347,41,167725
7035,0.001198,172.217.194.0-255,1484,47831,41,167725
7036,0.00121,172.217.194.0-255,1484,49315,41,167725
7037,0.001213,172.31.46.0-255,66,49381,41,167725
7038,0.001239,172.217.194.0-255,1484,50865,41,167725
7039,0.001245,172.217.194.0-255,5738,56603,41,167725
7040,0.001247,172.31.46.0-255,66,56669,41,167725
7041,0.001251,172.217.194.0-255,2902,59571,41,167725
7042,0.001253,172.31.46.0-255,66,59637,41,167725
7043,0.001279,172.31.46.0-255,66,59703,41,167725
7044,0.001291,172.31.46.0-255,66,59769,41,167725
7045,0.001336,172.217.194.0-255,2184,61953,41,167725
7046,0.001338,172.31.46.0-255,66,62019,41,167725
7047,0.001621,172.217.194.0-255,1484,63503,41,167725
7048,0.001636,172.217.194.0-255,2902,66405,41,167725
7049,0.001639,172.31.46.0-255,66,66471,41,167725
7050,0.001644,172.217.194.0-255,4320,70791,41,167725
7051,0.001646,172.31.46.0-255,66,70857,41,167725
7052,0.001662,172.217.194.0-255,1484,72341,41,167725
7053,0.001688,172.31.46.0-255,66,72407,41,167725
7054,0.001705,172.217.194.0-255,1484,73891,41,167725
7055,0.001716,172.31.46.0-255,66,73957,41,167725
7056,0.001786,172.217.194.0-255,1484,75441,41,167725
7057,0.001791,172.217.194.0-255,2902,78343,41,167725
7058,0.001793,172.31.46.0-255,66,78409,41,167725
7059,0.001825,172.217.194.0-255,5738,84147,41,167725
7060,0.001827,172.31.46.0-255,66,84213,41,167725
7061,0.001831,172.217.194.0-255,2902,87115,41,167725
7062,0.001832,172.31.46.0-255,66,87181,41,167725
7063,0.001863,172.31.46.0-255,66,87247,41,167725
7064,0.001884,172.217.194.0-255,1484,88731,41,167725
7065,0.001906,172.31.46.0-255,66,88797,41,167725
7066,0.002203,172.217.194.0-255,1484,90281,41,167725
7067,0.002209,172.217.194.0-255,2902,93183,41,167725
7068,0.002211,172.31.46.0-255,66,93249,41,167725
7069,0.002241,172.217.194.0-255,5738,98987,41,167725
7070,0.002243,172.31.46.0-255,66,99053,41,167725
7071,0.002251,172.31.46.0-255,66,99119,41,167725
7072,0.002278,172.217.194.0-255,2902,102021,41,167725
7073,0.00228,172.31.46.0-255,66,102087,41,167725
7074,0.002283,172.217.194.0-255,1484,103571,41,167725
7075,0.002317,172.31.46.0-255,66,103637,41,167725
7076,0.002421,172.217.194.0-255,1484,105121,41,167725
7077,0.002448,172.217.194.0-255,2902,108023,41,167725
7078,0.002451,172.31.46.0-255,66,108089,41,167725
7079,0.002491,172.217.194.0-255,5738,113827,41,167725
7080,0.002495,172.31.46.0-255,66,113893,41,167725
7081,0.002511,172.31.46.0-255,66,113959,41,167725
7082,0.002548,172.31.46.0-255,66,114025,41,167725
7083,0.002972,172.217.194.0-255,1484,115509,41,167725
7084,0.00298,172.217.194.0-255,2902,118411,41,167725
7085,0.002984,172.31.46.0-255,66,118477,41,167725
7086,0.002988,172.217.194.0-255,1484,119961,41,167725
7087,0.003016,172.217.194.0-255,4320,124281,41,167725
7088,0.003019,172.31.46.0-255,66,124347,41,167725
7089,0.00303,172.31.46.0-255,66,124413,41,167725
7090,0.00306,172.217.194.0-255,4320,128733,41,167725
7091,0.003064,172.31.46.0-255,66,128799,41,167725
7092,0.003079,172.31.46.0-255,66,128865,41,167725
7093,0.003083,172.217.194.0-255,2184,131049,41,167725
7094,0.003086,172.31.46.0-255,66,131115,41,167725
7095,0.003172,172.217.194.0-255,1484,132599,41,167725
7096,0.003177,172.217.194.0-255,1484,134083,41,167725
7097,0.00318,172.31.46.0-255,66,134149,41,167725
7098,0.003205,172.217.194.0-255,1484,135633,41,167725
7099,0.003212,172.217.194.0-255,5738,141371,41,167725
7100,0.003214,172.31.46.0-255,66,141437,41,167725
7101,0.003218,172.217.194.0-255,1484,142921,41,167725
7102,0.003282,172.31.46.0-255,66,142987,41,167725
7103,0.003285,172.217.194.0-255,1484,144471,41,167725
7104,0.003302,172.31.46.0-255,66,144537,41,167725
7105,0.00333,172.217.194.0-255,4320,148857,41,167725
7106,0.003333,172.31.46.0-255,66,148923,41,167725
7107,0.003367,172.31.46.0-255,66,148989,41,167725
7108,0.00337,172.217.194.0-255,1484,150473,41,167725
7109,0.003374,172.217.194.0-255,2902,153375,41,167725
7110,0.003376,172.31.46.0-255,66,153441,41,167725
7111,0.003417,172.31.46.0-255,66,153507,41,167725
7112,0.003428,172.31.46.0-255,66,153573,41,167725
7113,0.003443,172.31.46.0-255,66,153639,41,167725
7114,0.003456,172.31.46.0-255,66,153705,41,167725
7115,0.003497,172.31.46.0-255,66,153771,41,167725
7116,0.003501,172.217.194.0-255,2902,156673,41,167725
7117,0.003503,172.31.46.0-255,66,156739,41,167725
7118,0.003524,172.217.194.0-255,5738,162477,41,167725
7119,0.003531,172.31.46.0-255,66,162543,41,167725
7120,0.003555,172.217.194.0-255,5011,167554,41,167725
7121,0.003559,172.31.46.0-255,66,167620,41,167725
7122,0.003623,172.217.194.0-255,105,167725,41,167725
7123,0.0,74.125.24.0-255,152,152,41,146232
7124,2.6e-05,172.31.46.0-255,66,218,41,146232
7125,3.3e-05,74.125.24.0-255,1484,1702,41,146232
7126,3.8e-05,172.31.46.0-255,66,1768,41,146232
7127,5.2e-05,74.125.24.0-255,2902,4670,41,146232
7128,5.5e-05,172.31.46.0-255,66,4736,41,146232
7129,5.9e-05,74.125.24.0-255,2902,7638,41,146232
7130,6.2e-05,172.31.46.0-255,66,7704,41,146232
7131,0.000104,172.31.46.0-255,66,7770,41,146232
7132,0.000363,74.125.24.0-255,1484,9254,41,146232
7133,0.000368,172.31.46.0-255,66,9320,41,146232
7134,0.000375,74.125.24.0-255,2902,12222,41,146232
7135,0.000378,172.31.46.0-255,66,12288,41,146232
7136,0.0004,74.125.24.0-255,5738,18026,41,146232
7137,0.000402,172.31.46.0-255,66,18092,41,146232
7138,0.000412,74.125.24.0-255,5738,23830,41,146232
7139,0.000415,172.31.46.0-255,66,23896,41,146232
7140,0.000452,74.125.24.0-255,1125,25021,41,146232
7141,0.000454,172.31.46.0-255,66,25087,41,146232
7142,0.000505,74.125.24.0-255,1484,26571,41,146232
7143,0.000509,172.31.46.0-255,66,26637,41,146232
7144,0.000514,74.125.24.0-255,2902,29539,41,146232
7145,0.000516,172.31.46.0-255,66,29605,41,146232
7146,0.000548,74.125.24.0-255,5738,35343,41,146232
7147,0.000551,172.31.46.0-255,66,35409,41,146232
7148,0.000561,172.31.46.0-255,66,35475,41,146232
7149,0.000587,74.125.24.0-255,2543,38018,41,146232
7150,0.00059,172.31.46.0-255,66,38084,41,146232
7151,0.000625,172.31.46.0-255,66,38150,41,146232
7152,0.000675,74.125.24.0-255,4232,42382,41,146232
7153,0.000679,172.31.46.0-255,66,42448,41,146232
7154,0.000682,74.125.24.0-255,134,42582,41,146232
7155,0.000685,74.125.24.0-255,347,42929,41,146232
7156,0.000899,74.125.24.0-255,1484,44413,41,146232
7157,0.000904,172.31.46.0-255,66,44479,41,146232
7158,0.000923,74.125.24.0-255,2902,47381,41,146232
7159,0.000925,172.31.46.0-255,66,47447,41,146232
7160,0.00093,74.125.24.0-255,4320,51767,41,146232
7161,0.000933,172.31.46.0-255,66,51833,41,146232
7162,0.000957,74.125.24.0-255,1484,53317,41,146232
7163,0.000969,172.31.46.0-255,66,53383,41,146232
7164,0.000998,74.125.24.0-255,4320,57703,41,146232
7165,0.001001,172.31.46.0-255,66,57769,41,146232
7166,0.001027,74.125.24.0-255,4320,62089,41,146232
7167,0.001031,172.31.46.0-255,66,62155,41,146232
7168,0.001057,74.125.24.0-255,2902,65057,41,146232
7169,0.00106,172.31.46.0-255,66,65123,41,146232
7170,0.001065,74.125.24.0-255,3602,68725,41,146232
7171,0.001068,172.31.46.0-255,66,68791,41,146232
7172,0.001358,74.125.24.0-255,1484,70275,41,146232
7173,0.001381,74.125.24.0-255,2902,73177,41,146232
7174,0.001385,172.31.46.0-255,66,73243,41,146232
7175,0.001391,74.125.24.0-255,4320,77563,41,146232
7176,0.001393,172.31.46.0-255,66,77629,41,146232
7177,0.001409,74.125.24.0-255,1484,79113,41,146232
7178,0.001413,74.125.24.0-255,1484,80597,41,146232
7179,0.001415,172.31.46.0-255,66,80663,41,146232
7180,0.001456,172.31.46.0-255,66,80729,41,146232
7181,0.001513,172.31.46.0-255,66,80795,41,146232
7182,0.001557,74.125.24.0-255,1484,82279,41,146232
7183,0.001593,172.31.46.0-255,66,82345,41,146232
7184,0.001636,74.125.24.0-255,5738,88083,41,146232
7185,0.00164,172.31.46.0-255,66,88149,41,146232
7186,0.001664,74.125.24.0-255,1484,89633,41,146232
7187,0.00167,74.125.24.0-255,5738,95371,41,146232
7188,0.001673,172.31.46.0-255,66,95437,41,146232
7189,0.001712,172.31.46.0-255,66,95503,41,146232
7190,0.001802,172.31.46.0-255,66,95569,41,146232
7191,0.00183,74.125.24.0-255,5738,101307,41,146232
7192,0.001834,172.31.46.0-255,66,101373,41,146232
7193,0.001865,74.125.24.0-255,5738,107111,41,146232
7194,0.001868,172.31.46.0-255,66,107177,41,146232
7195,0.001903,172.31.46.0-255,66,107243,41,146232
7196,0.001956,74.125.24.0-255,4320,111563,41,146232
7197,0.00196,172.31.46.0-255,66,111629,41,146232
7198,0.002005,172.31.46.0-255,66,111695,41,146232
7199,0.002082,74.125.24.0-255,5738,117433,41,146232
7200,0.002091,172.31.46.0-255,66,117499,41,146232
7201,0.002099,74.125.24.0-255,5738,123237,41,146232
7202,0.002101,172.31.46.0-255,66,123303,41,146232
7203,0.00213,74.125.24.0-255,2184,125487,41,146232
7204,0.002132,172.31.46.0-255,66,125553,41,146232
7205,0.002162,172.31.46.0-255,66,125619,41,146232
7206,0.002196,172.31.46.0-255,66,125685,41,146232
7207,0.002248,74.125.24.0-255,2902,128587,41,146232
7208,0.002252,172.31.46.0-255,66,128653,41,146232
7209,0.002289,172.31.46.0-255,66,128719,41,146232
7210,0.004292,74.125.24.0-255,5738,134457,41,146232
7211,0.0043,172.31.46.0-255,66,134523,41,146232
7212,0.006291,74.125.24.0-255,5738,140261,41,146232
7213,0.006298,172.31.46.0-255,66,140327,41,146232
7214,0.008289,74.125.24.0-255,5738,146065,41,146232
7215,0.008294,172.31.46.0-255,66,146131,41,146232
7216,0.008903,172.31.46.0-255,101,146232,41,146232
7217,0.0,172.217.27.0-255,151,151,41,98918
7218,1.7e-05,172.31.46.0-255,66,217,41,98918
7219,2.5e-05,172.217.27.0-255,1484,1701,41,98918
7220,2.9e-05,172.31.46.0-255,66,1767,41,98918
7221,3.4e-05,172.217.27.0-255,2902,4669,41,98918
7222,3.7e-05,172.31.46.0-255,66,4735,41,98918
7223,4.8e-05,172.31.46.0-255,66,4801,41,98918
7224,5.2e-05,172.217.27.0-255,2074,6875,41,98918
7225,5.4e-05,172.31.46.0-255,66,6941,41,98918
7226,0.00015,172.217.27.0-255,1484,8425,41,98918
7227,0.000153,172.31.46.0-255,66,8491,41,98918
7228,0.000159,172.217.27.0-255,2902,11393,41,98918
7229,0.000161,172.31.46.0-255,66,11459,41,98918
7230,0.000165,172.217.27.0-255,2902,14361,41,98918
7231,0.000167,172.31.46.0-255,66,14427,41,98918
7232,0.000183,172.217.27.0-255,2902,17329,41,98918
7233,0.000185,172.31.46.0-255,66,17395,41,98918
7234,0.000202,172.217.27.0-255,5738,23133,41,98918
7235,0.000204,172.31.46.0-255,66,23199,41,98918
7236,0.000221,172.217.27.0-255,1125,24324,41,98918
7237,0.000223,172.31.46.0-255,66,24390,41,98918
7238,0.00037,172.217.27.0-255,1484,25874,41,98918
7239,0.000375,172.31.46.0-255,66,25940,41,98918
7240,0.00038,172.217.27.0-255,2902,28842,41,98918
7241,0.000383,172.31.46.0-255,66,28908,41,98918
7242,0.000411,172.217.27.0-255,5738,34646,41,98918
7243,0.000414,172.31.46.0-255,66,34712,41,98918
7244,0.00042,172.217.27.0-255,2902,37614,41,98918
7245,0.000421,172.31.46.0-255,66,37680,41,98918
7246,0.000437,172.217.27.0-255,3961,41641,41,98918
7247,0.00044,172.31.46.0-255,66,41707,41,98918
7248,0.000462,172.217.27.0-255,2902,44609,41,98918
7249,0.000464,172.31.46.0-255,66,44675,41,98918
7250,0.000498,172.31.46.0-255,66,44741,41,98918
7251,0.000503,172.217.27.0-255,2833,47574,41,98918
7252,0.000505,172.31.46.0-255,66,47640,41,98918
7253,0.000823,172.217.27.0-255,386,48026,41,98918
7254,0.000996,172.217.27.0-255,1484,49510,41,98918
7255,0.001,172.31.46.0-255,66,49576,41,98918
7256,0.001006,172.217.27.0-255,2902,52478,41,98918
7257,0.001008,172.31.46.0-255,66,52544,41,98918
7258,0.001013,172.217.27.0-255,2902,55446,41,98918
7259,0.001014,172.31.46.0-255,66,55512,41,98918
7260,0.001036,172.217.27.0-255,1484,56996,41,98918
7261,0.001043,172.217.27.0-255,5738,62734,41,98918
7262,0.001046,172.31.46.0-255,66,62800,41,98918
7263,0.001067,172.217.27.0-255,3961,66761,41,98918
7264,0.001069,172.31.46.0-255,66,66827,41,98918
7265,0.001083,172.31.46.0-255,66,66893,41,98918
7266,0.001104,172.217.27.0-255,2543,69436,41,98918
7267,0.001106,172.31.46.0-255,66,69502,41,98918
7268,0.002709,172.217.27.0-255,2902,72404,41,98918
7269,0.002716,172.31.46.0-255,66,72470,41,98918
7270,0.002742,172.217.27.0-255,2902,75372,41,98918
7271,0.002744,172.31.46.0-255,66,75438,41,98918
7272,0.004354,172.217.27.0-255,2902,78340,41,98918
7273,0.00436,172.31.46.0-255,66,78406,41,98918
7274,0.004381,172.217.27.0-255,2902,81308,41,98918
7275,0.004384,172.31.46.0-255,66,81374,41,98918
7276,0.006,172.217.27.0-255,2902,84276,41,98918
7277,0.006003,172.31.46.0-255,66,84342,41,98918
7278,0.006018,172.217.27.0-255,2902,87244,41,98918
7279,0.00602,172.31.46.0-255,66,87310,41,98918
7280,0.00768,172.217.27.0-255,5738,93048,41,98918
7281,0.007687,172.31.46.0-255,66,93114,41,98918
7282,0.009317,172.217.27.0-255,5738,98852,41,98918
7283,0.009324,172.31.46.0-255,66,98918,41,98918
7284,0.0,74.125.24.0-255,150,150,41,150220
7285,2.3e-05,172.31.46.0-255,66,216,41,150220
7286,3e-05,74.125.24.0-255,1484,1700,41,150220
7287,3.4e-05,172.31.46.0-255,66,1766,41,150220
7288,4e-05,74.125.24.0-255,2902,4668,41,150220
7289,5e-05,172.31.46.0-255,66,4734,41,150220
7290,6.1e-05,172.31.46.0-255,66,4800,41,150220
7291,6.7e-05,74.125.24.0-255,4320,9120,41,150220
7292,7.1e-05,172.31.46.0-255,66,9186,41,150220
7293,0.000105,172.31.46.0-255,66,9252,41,150220
7294,0.000132,74.125.24.0-255,2543,11795,41,150220
7295,0.000135,172.31.46.0-255,66,11861,41,150220
7296,0.000187,74.125.24.0-255,1484,13345,41,150220
7297,0.00019,172.31.46.0-255,66,13411,41,150220
7298,0.000195,74.125.24.0-255,2902,16313,41,150220
7299,0.000197,172.31.46.0-255,66,16379,41,150220
7300,0.000212,74.125.24.0-255,1484,17863,41,150220
7301,0.000214,172.31.46.0-255,66,17929,41,150220
7302,0.000238,74.125.24.0-255,4320,22249,41,150220
7303,0.000257,172.31.46.0-255,66,22315,41,150220
7304,0.000261,172.31.46.0-255,66,22381,41,150220
7305,0.000265,74.125.24.0-255,2902,25283,41,150220
7306,0.000267,172.31.46.0-255,66,25349,41,150220
7307,0.000315,74.125.24.0-255,5738,31087,41,150220
7308,0.000318,172.31.46.0-255,66,31153,41,150220
7309,0.000329,172.31.46.0-255,66,31219,41,150220
7310,0.000357,74.125.24.0-255,1465,32684,41,150220
7311,0.00036,172.31.46.0-255,66,32750,41,150220
7312,0.000482,74.125.24.0-255,1484,34234,41,150220
7313,0.00049,74.125.24.0-255,2902,37136,41,150220
7314,0.000494,172.31.46.0-255,66,37202,41,150220
7315,0.000529,74.125.24.0-255,5738,42940,41,150220
7316,0.000533,172.31.46.0-255,66,43006,41,150220
7317,0.000566,172.31.46.0-255,66,43072,41,150220
7318,0.000598,74.125.24.0-255,4320,47392,41,150220
7319,0.000601,172.31.46.0-255,66,47458,41,150220
7320,0.000633,74.125.24.0-255,5738,53196,41,150220
7321,0.000635,172.31.46.0-255,66,53262,41,150220
7322,0.000639,74.125.24.0-255,1125,54387,41,150220
7323,0.000729,74.125.24.0-255,1484,55871,41,150220
7324,0.000733,172.31.46.0-255,66,55937,41,150220
7325,0.00075,74.125.24.0-255,2902,58839,41,150220
7326,0.000756,172.31.46.0-255,66,58905,41,150220
7327,0.000769,74.125.24.0-255,5738,64643,41,150220
7328,0.000775,172.31.46.0-255,66,64709,41,150220
7329,0.000815,74.125.24.0-255,5738,70447,41,150220
7330,0.000819,172.31.46.0-255,66,70513,41,150220
7331,0.000838,74.125.24.0-255,5738,76251,41,150220
7332,0.000841,172.31.46.0-255,66,76317,41,150220
7333,0.000848,74.125.24.0-255,5738,82055,41,150220
7334,0.000851,172.31.46.0-255,66,82121,41,150220
7335,0.000891,172.31.46.0-255,66,82187,41,150220
7336,0.000967,74.125.24.0-255,1484,83671,41,150220
7337,0.000973,74.125.24.0-255,2902,86573,41,150220
7338,0.000976,172.31.46.0-255,66,86639,41,150220
7339,0.001001,74.125.24.0-255,5738,92377,41,150220
7340,0.001004,172.31.46.0-255,66,92443,41,150220
7341,0.00101,74.125.24.0-255,4320,96763,41,150220
7342,0.001012,172.31.46.0-255,66,96829,41,150220
7343,0.001052,172.31.46.0-255,66,96895,41,150220
7344,0.001095,74.125.24.0-255,2902,99797,41,150220
7345,0.001098,172.31.46.0-255,66,99863,41,150220
7346,0.001126,74.125.24.0-255,5020,104883,41,150220
7347,0.001129,172.31.46.0-255,66,104949,41,150220
7348,0.00121,74.125.24.0-255,1484,106433,41,150220
7349,0.001214,74.125.24.0-255,1484,107917,41,150220
7350,0.001218,172.31.46.0-255,66,107983,41,150220
7351,0.001242,74.125.24.0-255,1484,109467,41,150220
7352,0.001249,74.125.24.0-255,5738,115205,41,150220
7353,0.001251,172.31.46.0-255,66,115271,41,150220
7354,0.001255,74.125.24.0-255,2902,118173,41,150220
7355,0.001257,172.31.46.0-255,66,118239,41,150220
7356,0.00128,74.125.24.0-255,2902,121141,41,150220
7357,0.001282,172.31.46.0-255,66,121207,41,150220
7358,0.001296,172.31.46.0-255,66,121273,41,150220
7359,0.0013,74.125.24.0-255,1484,122757,41,150220
7360,0.001333,74.125.24.0-255,2902,125659,41,150220
7361,0.001335,172.31.46.0-255,66,125725,41,150220
7362,0.001342,74.125.24.0-255,4320,130045,41,150220
7363,0.001345,172.31.46.0-255,66,130111,41,150220
7364,0.001375,74.125.24.0-255,1484,131595,41,150220
7365,0.001378,74.125.24.0-255,766,132361,41,150220
7366,0.001381,172.31.46.0-255,66,132427,41,150220
7367,0.001595,74.125.24.0-255,1484,133911,41,150220
7368,0.001602,74.125.24.0-255,2902,136813,41,150220
7369,0.001605,172.31.46.0-255,66,136879,41,150220
7370,0.00161,74.125.24.0-255,2902,139781,41,150220
7371,0.001612,172.31.46.0-255,66,139847,41,150220
7372,0.001632,74.125.24.0-255,2902,142749,41,150220
7373,0.001635,172.31.46.0-255,66,142815,41,150220
7374,0.001652,172.31.46.0-255,66,142881,41,150220
7375,0.001688,74.125.24.0-255,2902,145783,41,150220
7376,0.001691,172.31.46.0-255,66,145849,41,150220
7377,0.001709,172.31.46.0-255,66,145915,41,150220
7378,0.001721,172.31.46.0-255,66,145981,41,150220
7379,0.001743,172.31.46.0-255,66,146047,41,150220
7380,0.001798,172.31.46.0-255,66,146113,41,150220
7381,0.001817,172.31.46.0-255,66,146179,41,150220
7382,0.001833,172.31.46.0-255,66,146245,41,150220
7383,0.001871,172.31.46.0-255,66,146311,41,150220
7384,0.001902,74.125.24.0-255,2902,149213,41,150220
7385,0.001906,172.31.46.0-255,66,149279,41,150220
7386,0.001925,172.31.46.0-255,66,149345,41,150220
7387,0.001938,172.31.46.0-255,66,149411,41,150220
7388,0.001989,172.31.46.0-255,66,149477,41,150220
7389,0.002046,172.31.46.0-255,66,149543,41,150220
7390,0.002082,172.31.46.0-255,66,149609,41,150220
7391,0.002111,172.31.46.0-255,66,149675,41,150220
7392,0.002114,74.125.24.0-255,203,149878,41,150220
7393,0.002117,74.125.24.0-255,105,149983,41,150220
7394,0.004804,172.31.46.0-255,66,150049,41,150220
7395,0.004841,172.31.46.0-255,105,150154,41,150220
7396,0.007098,74.125.24.0-255,66,150220,41,150220
7397,0.0,172.217.194.0-255,146,146,41,159192
7398,2.5e-05,172.31.46.0-255,66,212,41,159192
7399,3.2e-05,172.217.194.0-255,1484,1696,41,159192
7400,3.7e-05,172.31.46.0-255,66,1762,41,159192
7401,4.2e-05,172.217.194.0-255,2902,4664,41,159192
7402,4.6e-05,172.31.46.0-255,66,4730,41,159192
7403,5.2e-05,172.217.194.0-255,5738,10468,41,159192
7404,5.5e-05,172.31.46.0-255,66,10534,41,159192
7405,8.9e-05,172.217.194.0-255,1484,12018,41,159192
7406,9.2e-05,172.31.46.0-255,66,12084,41,159192
7407,0.000115,172.217.194.0-255,2008,14092,41,159192
7408,0.000117,172.31.46.0-255,66,14158,41,159192
7409,0.000134,172.217.194.0-255,1484,15642,41,159192
7410,0.000137,172.31.46.0-255,66,15708,41,159192
7411,0.000156,172.217.194.0-255,2902,18610,41,159192
7412,0.000158,172.31.46.0-255,66,18676,41,159192
7413,0.000162,172.217.194.0-255,1484,20160,41,159192
7414,0.000164,172.31.46.0-255,66,20226,41,159192
7415,0.000189,172.217.194.0-255,4320,24546,41,159192
7416,0.000192,172.31.46.0-255,66,24612,41,159192
7417,0.000201,172.31.46.0-255,66,24678,41,159192
7418,0.000228,172.217.194.0-255,4320,28998,41,159192
7419,0.00023,172.31.46.0-255,66,29064,41,159192
7420,0.000256,172.31.46.0-255,66,29130,41,159192
7421,0.00026,172.217.194.0-255,2543,31673,41,159192
7422,0.000262,172.31.46.0-255,66,31739,41,159192
7423,0.000315,172.217.194.0-255,1484,33223,41,159192
7424,0.000318,172.31.46.0-255,66,33289,41,159192
7425,0.000342,172.217.194.0-255,2902,36191,41,159192
7426,0.000345,172.31.46.0-255,66,36257,41,159192
7427,0.000351,172.217.194.0-255,5738,41995,41,159192
7428,0.000353,172.31.46.0-255,66,42061,41,159192
7429,0.000402,172.31.46.0-255,66,42127,41,159192
7430,0.00046,172.217.194.0-255,119,42246,41,159192
7431,0.000537,172.217.194.0-255,1484,43730,41,159192
7432,0.000541,172.31.46.0-255,66,43796,41,159192
7433,0.000547,172.217.194.0-255,2902,46698,41,159192
7434,0.000549,172.31.46.0-255,66,46764,41,159192
7435,0.000564,172.217.194.0-255,1484,48248,41,159192
7436,0.00058,172.217.194.0-255,4320,52568,41,159192
7437,0.000582,172.31.46.0-255,66,52634,41,159192
7438,0.000608,172.31.46.0-255,66,52700,41,159192
7439,0.000653,172.31.46.0-255,66,52766,41,159192
7440,0.000658,172.217.194.0-255,4320,57086,41,159192
7441,0.00066,172.31.46.0-255,66,57152,41,159192
7442,0.000687,172.217.194.0-255,1484,58636,41,159192
7443,0.000704,172.217.194.0-255,4272,62908,41,159192
7444,0.000718,172.31.46.0-255,66,62974,41,159192
7445,0.000772,172.217.194.0-255,1484,64458,41,159192
7446,0.000786,172.217.194.0-255,2902,67360,41,159192
7447,0.00079,172.31.46.0-255,66,67426,41,159192
7448,0.000794,172.217.194.0-255,1484,68910,41,159192
7449,0.00081,172.217.194.0-255,4320,73230,41,159192
7450,0.000812,172.31.46.0-255,66,73296,41,159192
7451,0.00085,172.31.46.0-255,66,73362,41,159192
7452,0.000867,172.31.46.0-255,66,73428,41,159192
7453,0.000872,172.217.194.0-255,2184,75612,41,159192
7454,0.000875,172.31.46.0-255,66,75678,41,159192
7455,0.001047,172.217.194.0-255,1484,77162,41,159192
7456,0.001053,172.217.194.0-255,2902,80064,41,159192
7457,0.001057,172.31.46.0-255,66,80130,41,159192
7458,0.001081,172.217.194.0-255,5738,85868,41,159192
7459,0.001084,172.31.46.0-255,66,85934,41,159192
7460,0.001097,172.31.46.0-255,66,86000,41,159192
7461,0.001116,172.217.194.0-255,1484,87484,41,159192
7462,0.001123,172.217.194.0-255,5738,93222,41,159192
7463,0.001126,172.31.46.0-255,66,93288,41,159192
7464,0.00114,172.217.194.0-255,5020,98308,41,159192
7465,0.001143,172.31.46.0-255,66,98374,41,159192
7466,0.00137,172.217.194.0-255,1484,99858,41,159192
7467,0.001377,172.217.194.0-255,2902,102760,41,159192
7468,0.00138,172.31.46.0-255,66,102826,41,159192
7469,0.001388,172.217.194.0-255,5738,108564,41,159192
7470,0.00139,172.31.46.0-255,66,108630,41,159192
7471,0.001413,172.217.194.0-255,2902,111532,41,159192
7472,0.001416,172.31.46.0-255,66,111598,41,159192
7473,0.001444,172.31.46.0-255,66,111664,41,159192
7474,0.001456,172.31.46.0-255,66,111730,41,159192
7475,0.001473,172.217.194.0-255,1484,113214,41,159192
7476,0.001476,172.217.194.0-255,766,113980,41,159192
7477,0.001479,172.31.46.0-255,66,114046,41,159192
7478,0.001496,172.217.194.0-255,1484,115530,41,159192
7479,0.001501,172.217.194.0-255,4320,119850,41,159192
7480,0.001504,172.31.46.0-255,66,119916,41,159192
7481,0.001529,172.217.194.0-255,4320,124236,41,159192
7482,0.001533,172.31.46.0-255,66,124302,41,159192
7483,0.001553,172.217.194.0-255,5738,130040,41,159192
7484,0.001556,172.31.46.0-255,66,130106,41,159192
7485,0.001563,172.217.194.0-255,5738,135844,41,159192
7486,0.001565,172.31.46.0-255,66,135910,41,159192
7487,0.001587,172.217.194.0-255,5738,141648,41,159192
7488,0.00159,172.31.46.0-255,66,141714,41,159192
7489,0.0016,172.31.46.0-255,66,141780,41,159192
7490,0.003728,172.217.194.0-255,5738,147518,41,159192
7491,0.003735,172.31.46.0-255,66,147584,41,159192
7492,0.005853,172.217.194.0-255,5738,153322,41,159192
7493,0.005857,172.31.46.0-255,66,153388,41,159192
7494,0.007987,172.217.194.0-255,5738,159126,41,159192
7495,0.007993,172.31.46.0-255,66,159192,41,159192
7496,0.0,74.125.68.0-255,152,152,41,241211
7497,3e-05,172.31.46.0-255,66,218,41,241211
7498,3.7e-05,74.125.68.0-255,1484,1702,41,241211
7499,4.1e-05,172.31.46.0-255,66,1768,41,241211
7500,4.8e-05,74.125.68.0-255,2902,4670,41,241211
7501,5.9e-05,172.31.46.0-255,66,4736,41,241211
7502,0.0001,74.125.68.0-255,1484,6220,41,241211
7503,0.000103,172.31.46.0-255,66,6286,41,241211
7504,0.000109,74.125.68.0-255,2902,9188,41,241211
7505,0.000111,172.31.46.0-255,66,9254,41,241211
7506,0.000114,74.125.68.0-255,1484,10738,41,241211
7507,0.000116,172.31.46.0-255,66,10804,41,241211
7508,0.000149,74.125.68.0-255,3511,14315,41,241211
7509,0.000153,172.31.46.0-255,66,14381,41,241211
7510,0.000182,74.125.68.0-255,1484,15865,41,241211
7511,0.000187,172.31.46.0-255,66,15931,41,241211
7512,0.00019,74.125.68.0-255,1484,17415,41,241211
7513,0.000192,172.31.46.0-255,66,17481,41,241211
7514,0.000222,74.125.68.0-255,1484,18965,41,241211
7515,0.000225,172.31.46.0-255,66,19031,41,241211
7516,0.000232,74.125.68.0-255,5738,24769,41,241211
7517,0.000234,172.31.46.0-255,66,24835,41,241211
7518,0.000239,74.125.68.0-255,2902,27737,41,241211
7519,0.000241,172.31.46.0-255,66,27803,41,241211
7520,0.000267,74.125.68.0-255,3961,31764,41,241211
7521,0.000271,172.31.46.0-255,66,31830,41,241211
7522,0.000276,74.125.68.0-255,4320,36150,41,241211
7523,0.000278,172.31.46.0-255,66,36216,41,241211
7524,0.000283,74.125.68.0-255,4320,40536,41,241211
7525,0.000286,172.31.46.0-255,66,40602,41,241211
7526,0.000309,74.125.68.0-255,1484,42086,41,241211
7527,0.000312,172.31.46.0-255,66,42152,41,241211
7528,0.000317,74.125.68.0-255,2902,45054,41,241211
7529,0.000325,172.31.46.0-255,66,45120,41,241211
7530,0.000346,74.125.68.0-255,3961,49081,41,241211
7531,0.000351,172.31.46.0-255,66,49147,41,241211
7532,0.000943,74.125.68.0-255,1484,50631,41,241211
7533,0.000954,74.125.68.0-255,2902,53533,41,241211
7534,0.000958,172.31.46.0-255,66,53599,41,241211
7535,0.000993,74.125.68.0-255,5738,59337,41,241211
7536,0.001024,74.125.68.0-255,2902,62239,41,241211
7537,0.001042,74.125.68.0-255,5738,67977,41,241211
7538,0.001044,74.125.68.0-255,1484,69461,41,241211
7539,0.001049,172.31.46.0-255,66,69527,41,241211
7540,0.001054,172.31.46.0-255,66,69593,41,241211
7541,0.001096,74.125.68.0-255,1484,71077,41,241211
7542,0.001101,74.125.68.0-255,2902,73979,41,241211
7543,0.00113,74.125.68.0-255,4320,78299,41,241211
7544,0.001177,74.125.68.0-255,5738,84037,41,241211
7545,0.001181,74.125.68.0-255,2543,86580,41,241211
7546,0.001189,172.31.46.0-255,66,86646,41,241211
7547,0.001309,74.125.68.0-255,1484,88130,41,241211
7548,0.001316,74.125.68.0-255,2902,91032,41,241211
7549,0.001333,172.31.46.0-255,66,91098,41,241211
7550,0.00134,74.125.68.0-255,1484,92582,41,241211
7551,0.001344,74.125.68.0-255,2902,95484,41,241211
7552,0.001353,172.31.46.0-255,66,95550,41,241211
7553,0.001361,74.125.68.0-255,1484,97034,41,241211
7554,0.001379,74.125.68.0-255,4320,101354,41,241211
7555,0.001381,74.125.68.0-255,1484,102838,41,241211
7556,0.001397,172.31.46.0-255,66,102904,41,241211
7557,0.001402,74.125.68.0-255,2902,105806,41,241211
7558,0.001407,172.31.46.0-255,66,105872,41,241211
7559,0.001426,74.125.68.0-255,5738,111610,41,241211
7560,0.001432,74.125.68.0-255,4320,115930,41,241211
7561,0.001455,172.31.46.0-255,66,115996,41,241211
7562,0.001484,74.125.68.0-255,2902,118898,41,241211
7563,0.001499,172.31.46.0-255,66,118964,41,241211
7564,0.001532,74.125.68.0-255,2184,121148,41,241211
7565,0.001546,172.31.46.0-255,66,121214,41,241211
7566,0.001557,74.125.68.0-255,2902,124116,41,241211
7567,0.00157,74.125.68.0-255,1484,125600,41,241211
7568,0.001577,172.31.46.0-255,66,125666,41,241211
7569,0.001601,74.125.68.0-255,5738,131404,41,241211
7570,0.001605,74.125.68.0-255,2902,134306,41,241211
7571,0.001609,74.125.68.0-255,4320,138626,41,241211
7572,0.001611,74.125.68.0-255,1484,140110,41,241211
7573,0.001636,74.125.68.0-255,4320,144430,41,241211
7574,0.001645,172.31.46.0-255,66,144496,41,241211
7575,0.001681,74.125.68.0-255,1484,145980,41,241211
7576,0.001699,74.125.68.0-255,2184,148164,41,241211
7577,0.001707,172.31.46.0-255,66,148230,41,241211
7578,0.00183,74.125.68.0-255,1484,149714,41,241211
7579,0.001846,74.125.68.0-255,2902,152616,41,241211
7580,0.001849,172.31.46.0-255,66,152682,41,241211
7581,0.00188,74.125.68.0-255,2902,155584,41,241211
7582,0.001888,172.31.46.0-255,66,155650,41,241211
7583,0.001912,74.125.68.0-255,4320,159970,41,241211
7584,0.001915,74.125.68.0-255,1484,161454,41,241211
7585,0.001926,172.31.46.0-255,66,161520,41,241211
7586,0.001939,74.125.68.0-255,2902,164422,41,241211
7587,0.001955,74.125.68.0-255,1484,165906,41,241211
7588,0.001959,74.125.68.0-255,5738,171644,41,241211
7589,0.001962,172.31.46.0-255,66,171710,41,241211
7590,0.001986,172.31.46.0-255,66,171776,41,241211
7591,0.001991,74.125.68.0-255,3602,175378,41,241211
7592,0.001995,172.31.46.0-255,66,175444,41,241211
7593,0.002071,74.125.68.0-255,1484,176928,41,241211
7594,0.002086,74.125.68.0-255,1484,178412,41,241211
7595,0.002089,172.31.46.0-255,66,178478,41,241211
7596,0.002102,74.125.68.0-255,1484,179962,41,241211
7597,0.00211,74.125.68.0-255,4320,184282,41,241211
7598,0.00213,172.31.46.0-255,66,184348,41,241211
7599,0.002142,74.125.68.0-255,5738,190086,41,241211
7600,0.002151,172.31.46.0-255,66,190152,41,241211
7601,0.002195,172.31.46.0-255,66,190218,41,241211
7602,0.002205,74.125.68.0-255,3602,193820,41,241211
7603,0.002209,172.31.46.0-255,66,193886,41,241211
7604,0.002235,74.125.68.0-255,4320,198206,41,241211
7605,0.002242,172.31.46.0-255,66,198272,41,241211
7606,0.002261,74.125.68.0-255,5738,204010,41,241211
7607,0.002271,172.31.46.0-255,66,204076,41,241211
7608,0.002279,74.125.68.0-255,1484,205560,41,241211
7609,0.002321,172.31.46.0-255,66,205626,41,241211
7610,0.00235,74.125.68.0-255,5738,211364,41,241211
7611,0.002361,172.31.46.0-255,66,211430,41,241211
7612,0.002393,172.31.46.0-255,66,211496,41,241211
7613,0.002404,74.125.68.0-255,1484,212980,41,241211
7614,0.00245,74.125.68.0-255,2902,215882,41,241211
7615,0.002486,172.31.46.0-255,66,215948,41,241211
7616,0.002494,74.125.68.0-255,1484,217432,41,241211
7617,0.002504,74.125.68.0-255,2902,220334,41,241211
7618,0.00251,74.125.68.0-255,5738,226072,41,241211
7619,0.002527,172.31.46.0-255,66,226138,41,241211
7620,0.002549,172.31.46.0-255,66,226204,41,241211
7621,0.002556,74.125.68.0-255,2902,229106,41,241211
7622,0.002592,172.31.46.0-255,66,229172,41,241211
7623,0.002927,172.31.46.0-255,101,229273,41,241211
7624,0.00505,74.125.68.0-255,2902,232175,41,241211
7625,0.005055,172.31.46.0-255,66,232241,41,241211
7626,0.005104,74.125.68.0-255,2902,235143,41,241211
7627,0.005113,172.31.46.0-255,66,235209,41,241211
7628,0.005408,74.125.68.0-255,66,235275,41,241211
7629,0.007587,74.125.68.0-255,2902,238177,41,241211
7630,0.007596,172.31.46.0-255,66,238243,41,241211
7631,0.007631,74.125.68.0-255,2902,241145,41,241211
7632,0.007663,172.31.46.0-255,66,241211,41,241211
7633,0.0,74.125.24.0-255,153,153,41,78916
7634,2.3e-05,172.31.46.0-255,66,219,41,78916
7635,3e-05,74.125.24.0-255,1484,1703,41,78916
7636,3.7e-05,172.31.46.0-255,66,1769,41,78916
7637,4.4e-05,74.125.24.0-255,2902,4671,41,78916
7638,4.8e-05,172.31.46.0-255,66,4737,41,78916
7639,5.9e-05,172.31.46.0-255,66,4803,41,78916
7640,6.4e-05,74.125.24.0-255,2038,6841,41,78916
7641,6.7e-05,172.31.46.0-255,66,6907,41,78916
7642,0.000131,74.125.24.0-255,1484,8391,41,78916
7643,0.000134,172.31.46.0-255,66,8457,41,78916
7644,0.000139,74.125.24.0-255,2902,11359,41,78916
7645,0.000141,172.31.46.0-255,66,11425,41,78916
7646,0.000164,74.125.24.0-255,5738,17163,41,78916
7647,0.000166,172.31.46.0-255,66,17229,41,78916
7648,0.000192,172.31.46.0-255,66,17295,41,78916
7649,0.000256,74.125.24.0-255,1484,18779,41,78916
7650,0.00026,172.31.46.0-255,66,18845,41,78916
7651,0.000265,74.125.24.0-255,2902,21747,41,78916
7652,0.000267,172.31.46.0-255,66,21813,41,78916
7653,0.00027,74.125.24.0-255,1484,23297,41,78916
7654,0.000273,172.31.46.0-255,66,23363,41,78916
7655,0.000292,74.125.24.0-255,4320,27683,41,78916
7656,0.000294,172.31.46.0-255,66,27749,41,78916
7657,0.000317,74.125.24.0-255,4320,32069,41,78916
7658,0.00032,172.31.46.0-255,66,32135,41,78916
7659,0.000341,74.125.24.0-255,2543,34678,41,78916
7660,0.000344,172.31.46.0-255,66,34744,41,78916
7661,0.001462,74.125.24.0-255,1484,36228,41,78916
7662,0.00147,172.31.46.0-255,66,36294,41,78916
7663,0.001501,74.125.24.0-255,2902,39196,41,78916
7664,0.001503,172.31.46.0-255,66,39262,41,78916
7665,0.00151,74.125.24.0-255,4320,43582,41,78916
7666,0.001512,172.31.46.0-255,66,43648,41,78916
7667,0.001555,172.31.46.0-255,66,43714,41,78916
7668,0.001558,74.125.24.0-255,366,44080,41,78916
7669,0.001693,74.125.24.0-255,131,44211,41,78916
7670,0.001731,74.125.24.0-255,1484,45695,41,78916
7671,0.001736,172.31.46.0-255,66,45761,41,78916
7672,0.001741,74.125.24.0-255,2902,48663,41,78916
7673,0.001744,172.31.46.0-255,66,48729,41,78916
7674,0.00178,172.31.46.0-255,66,48795,41,78916
7675,0.001785,74.125.24.0-255,2902,51697,41,78916
7676,0.001787,172.31.46.0-255,66,51763,41,78916
7677,0.001808,172.31.46.0-255,66,51829,41,78916
7678,0.001833,74.125.24.0-255,4320,56149,41,78916
7679,0.001835,172.31.46.0-255,66,56215,41,78916
7680,0.001847,172.31.46.0-255,66,56281,41,78916
7681,0.001851,74.125.24.0-255,2902,59183,41,78916
7682,0.001853,172.31.46.0-255,66,59249,41,78916
7683,0.00189,172.31.46.0-255,66,59315,41,78916
7684,0.001895,74.125.24.0-255,2123,61438,41,78916
7685,0.001897,172.31.46.0-255,66,61504,41,78916
7686,0.004257,74.125.24.0-255,5738,67242,41,78916
7687,0.004265,172.31.46.0-255,66,67308,41,78916
7688,0.006584,74.125.24.0-255,5738,73046,41,78916
7689,0.00659,172.31.46.0-255,66,73112,41,78916
7690,0.008906,74.125.24.0-255,5738,78850,41,78916
7691,0.008913,172.31.46.0-255,66,78916,41,78916
7692,0.0,172.217.194.0-255,152,152,41,189508
7693,1.9e-05,172.31.46.0-255,66,218,41,189508
7694,2.5e-05,172.217.194.0-255,1484,1702,41,189508
7695,3e-05,172.31.46.0-255,66,1768,41,189508
7696,3.5e-05,172.217.194.0-255,2902,4670,41,189508
7697,3.9e-05,172.31.46.0-255,66,4736,41,189508
7698,4.5e-05,172.217.194.0-255,5738,10474,41,189508
7699,4.8e-05,172.31.46.0-255,66,10540,41,189508
7700,7.8e-05,172.217.194.0-255,5738,16278,41,189508
7701,8.1e-05,172.31.46.0-255,66,16344,41,189508
7702,0.000103,172.217.194.0-255,2086,18430,41,189508
7703,0.000105,172.31.46.0-255,66,18496,41,189508
7704,0.000115,172.31.46.0-255,66,18562,41,189508
7705,0.000119,172.217.194.0-255,3961,22523,41,189508
7706,0.000121,172.31.46.0-255,66,22589,41,189508
7707,0.000175,172.217.194.0-255,1484,24073,41,189508
7708,0.000178,172.31.46.0-255,66,24139,41,189508
7709,0.000183,172.217.194.0-255,2902,27041,41,189508
7710,0.000185,172.31.46.0-255,66,27107,41,189508
7711,0.000188,172.217.194.0-255,1484,28591,41,189508
7712,0.000189,172.31.46.0-255,66,28657,41,189508
7713,0.000205,172.217.194.0-255,4320,32977,41,189508
7714,0.000207,172.31.46.0-255,66,33043,41,189508
7715,0.000228,172.217.194.0-255,2902,35945,41,189508
7716,0.00023,172.31.46.0-255,66,36011,41,189508
7717,0.000256,172.31.46.0-255,66,36077,41,189508
7718,0.000303,172.31.46.0-255,66,36143,41,189508
7719,0.00032,172.217.194.0-255,3163,39306,41,189508
7720,0.000322,172.31.46.0-255,66,39372,41,189508
7721,0.00039,172.217.194.0-255,1484,40856,41,189508
7722,0.000398,172.217.194.0-255,2902,43758,41,189508
7723,0.000401,172.31.46.0-255,66,43824,41,189508
7724,0.000426,172.217.194.0-255,5738,49562,41,189508
7725,0.00043,172.31.46.0-255,66,49628,41,189508
7726,0.00044,172.31.46.0-255,66,49694,41,189508
7727,0.000454,172.217.194.0-255,4320,54014,41,189508
7728,0.000456,172.31.46.0-255,66,54080,41,189508
7729,0.000485,172.217.194.0-255,4320,58400,41,189508
7730,0.000488,172.31.46.0-255,66,58466,41,189508
7731,0.000527,172.31.46.0-255,66,58532,41,189508
7732,0.000541,172.31.46.0-255,66,58598,41,189508
7733,0.000546,172.217.194.0-255,3961,62559,41,189508
7734,0.000548,172.31.46.0-255,66,62625,41,189508
7735,0.000655,172.217.194.0-255,1484,64109,41,189508
7736,0.000661,172.217.194.0-255,2902,67011,41,189508
7737,0.000664,172.31.46.0-255,66,67077,41,189508
7738,0.00069,172.217.194.0-255,5738,72815,41,189508
7739,0.000693,172.31.46.0-255,66,72881,41,189508
7740,0.000703,172.31.46.0-255,66,72947,41,189508
7741,0.000731,172.31.46.0-255,66,73013,41,189508
7742,0.000735,172.217.194.0-255,2184,75197,41,189508
7743,0.000737,172.31.46.0-255,66,75263,41,189508
7744,0.001025,172.217.194.0-255,1484,76747,41,189508
7745,0.001031,172.217.194.0-255,2902,79649,41,189508
7746,0.001035,172.31.46.0-255,66,79715,41,189508
7747,0.001057,172.217.194.0-255,5738,85453,41,189508
7748,0.001059,172.31.46.0-255,66,85519,41,189508
7749,0.001078,172.217.194.0-255,5738,91257,41,189508
7750,0.00108,172.31.46.0-255,66,91323,41,189508
7751,0.001107,172.31.46.0-255,66,91389,41,189508
7752,0.001114,172.217.194.0-255,5738,97127,41,189508
7753,0.001116,172.31.46.0-255,66,97193,41,189508
7754,0.001141,172.217.194.0-255,5020,102213,41,189508
7755,0.001143,172.31.46.0-255,66,102279,41,189508
7756,0.00126,172.217.194.0-255,1484,103763,41,189508
7757,0.001277,172.217.194.0-255,2902,106665,41,189508
7758,0.00128,172.31.46.0-255,66,106731,41,189508
7759,0.001287,172.217.194.0-255,5738,112469,41,189508
7760,0.00129,172.31.46.0-255,66,112535,41,189508
7761,0.001296,172.217.194.0-255,5738,118273,41,189508
7762,0.001298,172.31.46.0-255,66,118339,41,189508
7763,0.001327,172.31.46.0-255,66,118405,41,189508
7764,0.001345,172.217.194.0-255,5020,123425,41,189508
7765,0.001348,172.31.46.0-255,66,123491,41,189508
7766,0.001443,172.217.194.0-255,1484,124975,41,189508
7767,0.001449,172.217.194.0-255,2902,127877,41,189508
7768,0.001451,172.31.46.0-255,66,127943,41,189508
7769,0.001458,172.217.194.0-255,5738,133681,41,189508
7770,0.00146,172.31.46.0-255,66,133747,41,189508
7771,0.001481,172.217.194.0-255,1484,135231,41,189508
7772,0.001502,172.31.46.0-255,66,135297,41,189508
7773,0.001512,172.31.46.0-255,66,135363,41,189508
7774,0.001528,172.217.194.0-255,2184,137547,41,189508
7775,0.001531,172.31.46.0-255,66,137613,41,189508
7776,0.001593,172.217.194.0-255,1484,139097,41,189508
7777,0.001599,172.217.194.0-255,2902,141999,41,189508
7778,0.001601,172.31.46.0-255,66,142065,41,189508
7779,0.001622,172.217.194.0-255,2902,144967,41,189508
7780,0.001624,172.31.46.0-255,66,145033,41,189508
7781,0.001663,172.217.194.0-255,2902,147935,41,189508
7782,0.001667,172.31.46.0-255,66,148001,41,189508
7783,0.001681,172.31.46.0-255,66,148067,41,189508
7784,0.001693,172.31.46.0-255,66,148133,41,189508
7785,0.001718,172.217.194.0-255,5738,153871,41,189508
7786,0.001721,172.31.46.0-255,66,153937,41,189508
7787,0.00173,172.31.46.0-255,66,154003,41,189508
7788,0.001801,172.31.46.0-255,66,154069,41,189508
7789,0.001817,172.217.194.0-255,5738,159807,41,189508
7790,0.001821,172.31.46.0-255,66,159873,41,189508
7791,0.001833,172.217.194.0-255,766,160639,41,189508
7792,0.00185,172.217.194.0-255,1484,162123,41,189508
7793,0.001852,172.31.46.0-255,66,162189,41,189508
7794,0.001869,172.217.194.0-255,5738,167927,41,189508
7795,0.001871,172.31.46.0-255,66,167993,41,189508
7796,0.001877,172.217.194.0-255,5738,173731,41,189508
7797,0.00188,172.31.46.0-255,66,173797,41,189508
7798,0.001901,172.217.194.0-255,2902,176699,41,189508
7799,0.001903,172.31.46.0-255,66,176765,41,189508
7800,0.001915,172.31.46.0-255,66,176831,41,189508
7801,0.001937,172.217.194.0-255,5738,182569,41,189508
7802,0.00194,172.31.46.0-255,66,182635,41,189508
7803,0.001943,172.217.194.0-255,766,183401,41,189508
7804,0.001974,172.217.194.0-255,5738,189139,41,189508
7805,0.001977,172.31.46.0-255,66,189205,41,189508
7806,0.002014,172.31.46.0-255,66,189271,41,189508
7807,0.002025,172.31.46.0-255,66,189337,41,189508
7808,0.002107,172.217.194.0-255,105,189442,41,189508
7809,0.007788,172.31.46.0-255,66,189508,41,189508
7810,0.0,74.125.68.0-255,155,155,41,129681
7811,1.6e-05,172.31.46.0-255,66,221,41,129681
7812,3.4e-05,74.125.68.0-255,1484,1705,41,129681
7813,3.8e-05,172.31.46.0-255,66,1771,41,129681
7814,4.5e-05,74.125.68.0-255,2902,4673,41,129681
7815,4.9e-05,172.31.46.0-255,66,4739,41,129681
7816,8.1e-05,172.31.46.0-255,66,4805,41,129681
7817,8.6e-05,74.125.68.0-255,2085,6890,41,129681
7818,8.8e-05,172.31.46.0-255,66,6956,41,129681
7819,0.000104,74.125.68.0-255,2902,9858,41,129681
7820,0.000107,172.31.46.0-255,66,9924,41,129681
7821,0.000125,74.125.68.0-255,1484,11408,41,129681
7822,0.000127,172.31.46.0-255,66,11474,41,129681
7823,0.000141,74.125.68.0-255,4320,15794,41,129681
7824,0.000144,172.31.46.0-255,66,15860,41,129681
7825,0.000148,74.125.68.0-255,2902,18762,41,129681
7826,0.000151,172.31.46.0-255,66,18828,41,129681
7827,0.00018,74.125.68.0-255,4320,23148,41,129681
7828,0.000183,172.31.46.0-255,66,23214,41,129681
7829,0.000186,74.125.68.0-255,1125,24339,41,129681
7830,0.000188,172.31.46.0-255,66,24405,41,129681
7831,0.000273,74.125.68.0-255,1484,25889,41,129681
7832,0.000278,172.31.46.0-255,66,25955,41,129681
7833,0.000293,74.125.68.0-255,2902,28857,41,129681
7834,0.000296,172.31.46.0-255,66,28923,41,129681
7835,0.00032,74.125.68.0-255,1484,30407,41,129681
7836,0.000322,172.31.46.0-255,66,30473,41,129681
7837,0.000339,74.125.68.0-255,4320,34793,41,129681
7838,0.000342,172.31.46.0-255,66,34859,41,129681
7839,0.000345,74.125.68.0-255,1484,36343,41,129681
7840,0.000347,172.31.46.0-255,66,36409,41,129681
7841,0.000351,74.125.68.0-255,2902,39311,41,129681
7842,0.000387,74.125.68.0-255,2543,41854,41,129681
7843,0.00039,74.125.68.0-255,1484,43338,41,129681
7844,0.000406,74.125.68.0-255,1484,44822,41,129681
7845,0.000419,74.125.68.0-255,1484,46306,41,129681
7846,0.000443,74.125.68.0-255,5738,52044,41,129681
7847,0.000447,74.125.68.0-255,2902,54946,41,129681
7848,0.000489,74.125.68.0-255,2902,57848,41,129681
7849,0.0005,74.125.68.0-255,1434,59282,41,129681
7850,0.000503,74.125.68.0-255,112,59394,41,129681
7851,0.000597,74.125.68.0-255,332,59726,41,129681
7852,0.000616,172.31.46.0-255,66,59792,41,129681
7853,0.000773,172.31.46.0-255,101,59893,41,129681
7854,0.001073,74.125.68.0-255,1484,61377,41,129681
7855,0.00108,74.125.68.0-255,2902,64279,41,129681
7856,0.001084,172.31.46.0-255,66,64345,41,129681
7857,0.001106,74.125.68.0-255,4320,68665,41,129681
7858,0.001123,172.31.46.0-255,66,68731,41,129681
7859,0.001154,74.125.68.0-255,1484,70215,41,129681
7860,0.001159,172.31.46.0-255,66,70281,41,129681
7861,0.001183,74.125.68.0-255,4320,74601,41,129681
7862,0.001194,74.125.68.0-255,3602,78203,41,129681
7863,0.001201,172.31.46.0-255,66,78269,41,129681
7864,0.0016,74.125.68.0-255,1484,79753,41,129681
7865,0.001606,74.125.68.0-255,2902,82655,41,129681
7866,0.00161,172.31.46.0-255,66,82721,41,129681
7867,0.001637,74.125.68.0-255,5738,88459,41,129681
7868,0.001649,172.31.46.0-255,66,88525,41,129681
7869,0.001665,172.31.46.0-255,66,88591,41,129681
7870,0.001703,74.125.68.0-255,1484,90075,41,129681
7871,0.001709,172.31.46.0-255,66,90141,41,129681
7872,0.00176,172.31.46.0-255,66,90207,41,129681
7873,0.00223,74.125.68.0-255,1484,91691,41,129681
7874,0.00224,74.125.68.0-255,2902,94593,41,129681
7875,0.002245,172.31.46.0-255,66,94659,41,129681
7876,0.002253,74.125.68.0-255,4320,98979,41,129681
7877,0.002267,74.125.68.0-255,1484,100463,41,129681
7878,0.002274,74.125.68.0-255,4320,104783,41,129681
7879,0.002293,74.125.68.0-255,2902,107685,41,129681
7880,0.002309,74.125.68.0-255,4320,112005,41,129681
7881,0.002329,74.125.68.0-255,1484,113489,41,129681
7882,0.00289,172.31.46.0-255,66,113555,41,129681
7883,0.003041,74.125.68.0-255,66,113621,41,129681
7884,0.005198,74.125.68.0-255,4320,117941,41,129681
7885,0.005204,172.31.46.0-255,66,118007,41,129681
7886,0.005224,74.125.68.0-255,1484,119491,41,129681
7887,0.007505,74.125.68.0-255,4320,123811,41,129681
7888,0.007512,172.31.46.0-255,66,123877,41,129681
7889,0.009827,74.125.68.0-255,5738,129615,41,129681
7890,0.009868,172.31.46.0-255,66,129681,41,129681
7891,0.0,74.125.24.0-255,152,152,41,143871
7892,1.4e-05,172.31.46.0-255,66,218,41,143871
7893,2.1e-05,74.125.24.0-255,1484,1702,41,143871
7894,2.6e-05,172.31.46.0-255,66,1768,41,143871
7895,3.8e-05,74.125.24.0-255,2902,4670,41,143871
7896,4.1e-05,172.31.46.0-255,66,4736,41,143871
7897,5.2e-05,172.31.46.0-255,66,4802,41,143871
7898,5.5e-05,74.125.24.0-255,1484,6286,41,143871
7899,5.7e-05,172.31.46.0-255,66,6352,41,143871
7900,7.4e-05,74.125.24.0-255,626,6978,41,143871
7901,8e-05,172.31.46.0-255,66,7044,41,143871
7902,0.000228,74.125.24.0-255,1484,8528,41,143871
7903,0.000232,172.31.46.0-255,66,8594,41,143871
7904,0.000256,74.125.24.0-255,2902,11496,41,143871
7905,0.000259,172.31.46.0-255,66,11562,41,143871
7906,0.000265,74.125.24.0-255,5738,17300,41,143871
7907,0.000268,172.31.46.0-255,66,17366,41,143871
7908,0.000305,172.31.46.0-255,66,17432,41,143871
7909,0.000356,74.125.24.0-255,1484,18916,41,143871
7910,0.000359,172.31.46.0-255,66,18982,41,143871
7911,0.000363,74.125.24.0-255,2902,21884,41,143871
7912,0.000365,172.31.46.0-255,66,21950,41,143871
7913,0.000368,74.125.24.0-255,1484,23434,41,143871
7914,0.00037,172.31.46.0-255,66,23500,41,143871
7915,0.000407,74.125.24.0-255,4320,27820,41,143871
7916,0.00041,172.31.46.0-255,66,27886,41,143871
7917,0.00042,172.31.46.0-255,66,27952,41,143871
7918,0.000435,172.31.46.0-255,66,28018,41,143871
7919,0.000463,74.125.24.0-255,4269,32287,41,143871
7920,0.000465,172.31.46.0-255,66,32353,41,143871
7921,0.000468,74.125.24.0-255,115,32468,41,143871
7922,0.000497,74.125.24.0-255,329,32797,41,143871
7923,0.000775,74.125.24.0-255,1484,34281,41,143871
7924,0.000779,172.31.46.0-255,66,34347,41,143871
7925,0.000785,74.125.24.0-255,2902,37249,41,143871
7926,0.000787,172.31.46.0-255,66,37315,41,143871
7927,0.000792,74.125.24.0-255,4320,41635,41,143871
7928,0.000798,172.31.46.0-255,66,41701,41,143871
7929,0.000829,74.125.24.0-255,1484,43185,41,143871
7930,0.000833,74.125.24.0-255,1484,44669,41,143871
7931,0.000835,172.31.46.0-255,66,44735,41,143871
7932,0.00085,172.31.46.0-255,66,44801,41,143871
7933,0.000877,172.31.46.0-255,66,44867,41,143871
7934,0.0009,74.125.24.0-255,2184,47051,41,143871
7935,0.000902,172.31.46.0-255,66,47117,41,143871
7936,0.001317,74.125.24.0-255,1484,48601,41,143871
7937,0.001323,74.125.24.0-255,2902,51503,41,143871
7938,0.001326,172.31.46.0-255,66,51569,41,143871
7939,0.001352,74.125.24.0-255,2902,54471,41,143871
7940,0.001354,172.31.46.0-255,66,54537,41,143871
7941,0.001385,74.125.24.0-255,2902,57439,41,143871
7942,0.001387,172.31.46.0-255,66,57505,41,143871
7943,0.001395,172.31.46.0-255,66,57571,41,143871
7944,0.001408,172.31.46.0-255,66,57637,41,143871
7945,0.001414,74.125.24.0-255,5020,62657,41,143871
7946,0.001416,172.31.46.0-255,66,62723,41,143871
7947,0.001472,74.125.24.0-255,1484,64207,41,143871
7948,0.001477,74.125.24.0-255,2902,67109,41,143871
7949,0.001479,172.31.46.0-255,66,67175,41,143871
7950,0.00151,74.125.24.0-255,5738,72913,41,143871
7951,0.001512,172.31.46.0-255,66,72979,41,143871
7952,0.001521,172.31.46.0-255,66,73045,41,143871
7953,0.001548,172.31.46.0-255,66,73111,41,143871
7954,0.001582,172.31.46.0-255,66,73177,41,143871
7955,0.001585,74.125.24.0-255,2184,75361,41,143871
7956,0.001587,172.31.46.0-255,66,75427,41,143871
7957,0.001694,74.125.24.0-255,1484,76911,41,143871
7958,0.001698,74.125.24.0-255,1484,78395,41,143871
7959,0.0017,172.31.46.0-255,66,78461,41,143871
7960,0.001724,74.125.24.0-255,1484,79945,41,143871
7961,0.001731,74.125.24.0-255,5738,85683,41,143871
7962,0.001733,172.31.46.0-255,66,85749,41,143871
7963,0.00177,172.31.46.0-255,66,85815,41,143871
7964,0.001785,172.31.46.0-255,66,85881,41,143871
7965,0.001808,74.125.24.0-255,766,86647,41,143871
7966,0.001839,74.125.24.0-255,1484,88131,41,143871
7967,0.001842,172.31.46.0-255,66,88197,41,143871
7968,0.001867,74.125.24.0-255,4320,92517,41,143871
7969,0.00187,172.31.46.0-255,66,92583,41,143871
7970,0.001875,74.125.24.0-255,4320,96903,41,143871
7971,0.001877,172.31.46.0-255,66,96969,41,143871
7972,0.001905,74.125.24.0-255,1484,98453,41,143871
7973,0.001917,172.31.46.0-255,66,98519,41,143871
7974,0.00192,74.125.24.0-255,1484,100003,41,143871
7975,0.001951,172.31.46.0-255,66,100069,41,143871
7976,0.001999,172.31.46.0-255,66,100135,41,143871
7977,0.002035,172.31.46.0-255,66,100201,41,143871
7978,0.002051,172.31.46.0-255,66,100267,41,143871
7979,0.002078,172.31.46.0-255,66,100333,41,143871
7980,0.002127,172.31.46.0-255,66,100399,41,143871
7981,0.00213,74.125.24.0-255,1484,101883,41,143871
7982,0.002155,74.125.24.0-255,4320,106203,41,143871
7983,0.002157,172.31.46.0-255,66,106269,41,143871
7984,0.00216,74.125.24.0-255,1484,107753,41,143871
7985,0.002199,172.31.46.0-255,66,107819,41,143871
7986,0.002208,172.31.46.0-255,66,107885,41,143871
7987,0.002276,74.125.24.0-255,1484,109369,41,143871
7988,0.002288,74.125.24.0-255,2902,112271,41,143871
7989,0.002291,172.31.46.0-255,66,112337,41,143871
7990,0.002295,74.125.24.0-255,2902,115239,41,143871
7991,0.002297,172.31.46.0-255,66,115305,41,143871
7992,0.002316,74.125.24.0-255,2902,118207,41,143871
7993,0.002318,172.31.46.0-255,66,118273,41,143871
7994,0.002326,172.31.46.0-255,66,118339,41,143871
7995,0.002347,74.125.24.0-255,5738,124077,41,143871
7996,0.002349,172.31.46.0-255,66,124143,41,143871
7997,0.002363,172.31.46.0-255,66,124209,41,143871
7998,0.002366,74.125.24.0-255,2184,126393,41,143871
7999,0.002368,172.31.46.0-255,66,126459,41,143871
8000,0.00469,74.125.24.0-255,5738,132197,41,143871
8001,0.004697,172.31.46.0-255,66,132263,41,143871
8002,0.007017,74.125.24.0-255,5738,138001,41,143871
8003,0.007023,172.31.46.0-255,66,138067,41,143871
8004,0.009348,74.125.24.0-255,5738,143805,41,143871
8005,0.009355,172.31.46.0-255,66,143871,41,143871
8006,0.0,172.217.194.0-255,153,153,41,136416
8007,3.8e-05,172.31.46.0-255,66,219,41,136416
8008,4.5e-05,172.217.194.0-255,1484,1703,41,136416
8009,4.8e-05,172.31.46.0-255,66,1769,41,136416
8010,6.1e-05,172.217.194.0-255,2902,4671,41,136416
8011,6.5e-05,172.31.46.0-255,66,4737,41,136416
8012,6.9e-05,172.217.194.0-255,2902,7639,41,136416
8013,7.2e-05,172.31.46.0-255,66,7705,41,136416
8014,8.1e-05,172.31.46.0-255,66,7771,41,136416
8015,0.000116,172.217.194.0-255,3395,11166,41,136416
8016,0.000121,172.31.46.0-255,66,11232,41,136416
8017,0.000133,172.31.46.0-255,66,11298,41,136416
8018,0.000333,172.217.194.0-255,1484,12782,41,136416
8019,0.000338,172.31.46.0-255,66,12848,41,136416
8020,0.000344,172.217.194.0-255,2902,15750,41,136416
8021,0.000346,172.31.46.0-255,66,15816,41,136416
8022,0.000374,172.217.194.0-255,5738,21554,41,136416
8023,0.000377,172.31.46.0-255,66,21620,41,136416
8024,0.000381,172.217.194.0-255,1484,23104,41,136416
8025,0.000383,172.31.46.0-255,66,23170,41,136416
8026,0.000436,172.31.46.0-255,66,23236,41,136416
8027,0.000442,172.217.194.0-255,4320,27556,41,136416
8028,0.000444,172.31.46.0-255,66,27622,41,136416
8029,0.000449,172.217.194.0-255,2902,30524,41,136416
8030,0.000456,172.31.46.0-255,66,30590,41,136416
8031,0.00049,172.217.194.0-255,3602,34192,41,136416
8032,0.000494,172.31.46.0-255,66,34258,41,136416
8033,0.000497,172.217.194.0-255,412,34670,41,136416
8034,0.000499,172.31.46.0-255,66,34736,41,136416
8035,0.00052,172.217.194.0-255,1484,36220,41,136416
8036,0.000541,172.217.194.0-255,4320,40540,41,136416
8037,0.000545,172.31.46.0-255,66,40606,41,136416
8038,0.000549,172.217.194.0-255,2902,43508,41,136416
8039,0.000552,172.31.46.0-255,66,43574,41,136416
8040,0.000573,172.217.194.0-255,1484,45058,41,136416
8041,0.000595,172.31.46.0-255,66,45124,41,136416
8042,0.000621,172.217.194.0-255,1484,46608,41,136416
8043,0.00066,172.31.46.0-255,66,46674,41,136416
8044,0.001021,172.217.194.0-255,1484,48158,41,136416
8045,0.001025,172.217.194.0-255,1484,49642,41,136416
8046,0.001029,172.31.46.0-255,66,49708,41,136416
8047,0.001056,172.217.194.0-255,1484,51192,41,136416
8048,0.001063,172.217.194.0-255,5738,56930,41,136416
8049,0.001066,172.31.46.0-255,66,56996,41,136416
8050,0.001069,172.217.194.0-255,1484,58480,41,136416
8051,0.001098,172.31.46.0-255,66,58546,41,136416
8052,0.00113,172.31.46.0-255,66,58612,41,136416
8053,0.001157,172.217.194.0-255,3602,62214,41,136416
8054,0.00116,172.31.46.0-255,66,62280,41,136416
8055,0.001298,172.217.194.0-255,1484,63764,41,136416
8056,0.001302,172.217.194.0-255,1484,65248,41,136416
8057,0.001305,172.31.46.0-255,66,65314,41,136416
8058,0.001334,172.217.194.0-255,1484,66798,41,136416
8059,0.00134,172.217.194.0-255,5738,72536,41,136416
8060,0.001343,172.31.46.0-255,66,72602,41,136416
8061,0.001349,172.217.194.0-255,4320,76922,41,136416
8062,0.001352,172.31.46.0-255,66,76988,41,136416
8063,0.001383,172.31.46.0-255,66,77054,41,136416
8064,0.001396,172.31.46.0-255,66,77120,41,136416
8065,0.001412,172.217.194.0-255,3602,80722,41,136416
8066,0.001419,172.31.46.0-255,66,80788,41,136416
8067,0.001422,172.217.194.0-255,1484,82272,41,136416
8068,0.001456,172.217.194.0-255,2902,85174,41,136416
8069,0.001459,172.31.46.0-255,66,85240,41,136416
8070,0.001465,172.217.194.0-255,5738,90978,41,136416
8071,0.001468,172.31.46.0-255,66,91044,41,136416
8072,0.001487,172.31.46.0-255,66,91110,41,136416
8073,0.001493,172.217.194.0-255,5738,96848,41,136416
8074,0.001496,172.31.46.0-255,66,96914,41,136416
8075,0.001534,172.31.46.0-255,66,96980,41,136416
8076,0.001579,172.31.46.0-255,66,97046,41,136416
8077,0.001592,172.31.46.0-255,66,97112,41,136416
8078,0.001604,172.217.194.0-255,5020,102132,41,136416
8079,0.001607,172.31.46.0-255,66,102198,41,136416
8080,0.001725,172.217.194.0-255,1484,103682,41,136416
8081,0.00173,172.217.194.0-255,1484,105166,41,136416
8082,0.001733,172.31.46.0-255,66,105232,41,136416
8083,0.001752,172.217.194.0-255,1484,106716,41,136416
8084,0.001758,172.217.194.0-255,5738,112454,41,136416
8085,0.001763,172.31.46.0-255,66,112520,41,136416
8086,0.001768,172.217.194.0-255,1484,114004,41,136416
8087,0.001829,172.31.46.0-255,66,114070,41,136416
8088,0.001836,172.31.46.0-255,66,114136,41,136416
8089,0.001931,172.217.194.0-255,1484,115620,41,136416
8090,0.001938,172.217.194.0-255,2902,118522,41,136416
8091,0.001942,172.31.46.0-255,66,118588,41,136416
8092,0.001949,172.217.194.0-255,5738,124326,41,136416
8093,0.001951,172.31.46.0-255,66,124392,41,136416
8094,0.001975,172.217.194.0-255,5738,130130,41,136416
8095,0.001978,172.31.46.0-255,66,130196,41,136416
8096,0.002014,172.31.46.0-255,66,130262,41,136416
8097,0.002034,172.31.46.0-255,66,130328,41,136416
8098,0.002076,172.31.46.0-255,66,130394,41,136416
8099,0.00211,172.217.194.0-255,2902,133296,41,136416
8100,0.002114,172.31.46.0-255,66,133362,41,136416
8101,0.002126,172.31.46.0-255,66,133428,41,136416
8102,0.002145,172.31.46.0-255,66,133494,41,136416
8103,0.002201,172.31.46.0-255,66,133560,41,136416
8104,0.002244,172.217.194.0-255,1484,135044,41,136416
8105,0.002262,172.31.46.0-255,66,135110,41,136416
8106,0.002272,172.31.46.0-255,66,135176,41,136416
8107,0.002289,172.31.46.0-255,66,135242,41,136416
8108,0.002304,172.31.46.0-255,66,135308,41,136416
8109,0.002307,172.217.194.0-255,766,136074,41,136416
8110,0.002349,172.31.46.0-255,66,136140,41,136416
8111,0.004653,172.217.194.0-255,105,136245,41,136416
8112,0.009105,172.31.46.0-255,66,136311,41,136416
8113,0.009156,172.31.46.0-255,105,136416,41,136416
8114,0.0,74.125.24.0-255,145,145,41,74183
8115,3.1e-05,172.31.46.0-255,66,211,41,74183
8116,3.8e-05,74.125.24.0-255,1484,1695,41,74183
8117,4.2e-05,172.31.46.0-255,66,1761,41,74183
8118,4.7e-05,74.125.24.0-255,2902,4663,41,74183
8119,4.9e-05,172.31.46.0-255,66,4729,41,74183
8120,5.2e-05,74.125.24.0-255,1484,6213,41,74183
8121,5.4e-05,172.31.46.0-255,66,6279,41,74183
8122,8.3e-05,74.125.24.0-255,5738,12017,41,74183
8123,8.6e-05,172.31.46.0-255,66,12083,41,74183
8124,0.000168,74.125.24.0-255,2073,14156,41,74183
8125,0.000171,172.31.46.0-255,66,14222,41,74183
8126,0.000282,74.125.24.0-255,1484,15706,41,74183
8127,0.000286,172.31.46.0-255,66,15772,41,74183
8128,0.000291,74.125.24.0-255,2902,18674,41,74183
8129,0.000295,172.31.46.0-255,66,18740,41,74183
8130,0.000297,74.125.24.0-255,5738,24478,41,74183
8131,0.000299,172.31.46.0-255,66,24544,41,74183
8132,0.000326,172.31.46.0-255,66,24610,41,74183
8133,0.000627,74.125.24.0-255,1484,26094,41,74183
8134,0.000634,172.31.46.0-255,66,26160,41,74183
8135,0.000646,74.125.24.0-255,2902,29062,41,74183
8136,0.000649,172.31.46.0-255,66,29128,41,74183
8137,0.000653,74.125.24.0-255,1484,30612,41,74183
8138,0.000655,172.31.46.0-255,66,30678,41,74183
8139,0.000672,74.125.24.0-255,4320,34998,41,74183
8140,0.000675,172.31.46.0-255,66,35064,41,74183
8141,0.000688,74.125.24.0-255,1484,36548,41,74183
8142,0.000691,172.31.46.0-255,66,36614,41,74183
8143,0.00071,74.125.24.0-255,5379,41993,41,74183
8144,0.000713,172.31.46.0-255,66,42059,41,74183
8145,0.000724,172.31.46.0-255,66,42125,41,74183
8146,0.000762,172.31.46.0-255,66,42191,41,74183
8147,0.000779,74.125.24.0-255,2848,45039,41,74183
8148,0.000782,172.31.46.0-255,66,45105,41,74183
8149,0.001087,74.125.24.0-255,115,45220,41,74183
8150,0.00112,172.31.46.0-255,66,45286,41,74183
8151,0.001305,74.125.24.0-255,331,45617,41,74183
8152,0.001338,74.125.24.0-255,1484,47101,41,74183
8153,0.001342,172.31.46.0-255,66,47167,41,74183
8154,0.001349,74.125.24.0-255,4320,51487,41,74183
8155,0.001351,172.31.46.0-255,66,51553,41,74183
8156,0.001372,172.31.46.0-255,66,51619,41,74183
8157,0.001415,172.31.46.0-255,66,51685,41,74183
8158,0.001421,74.125.24.0-255,5020,56705,41,74183
8159,0.001423,172.31.46.0-255,66,56771,41,74183
8160,0.003682,74.125.24.0-255,5738,62509,41,74183
8161,0.003687,172.31.46.0-255,66,62575,41,74183
8162,0.005986,74.125.24.0-255,5738,68313,41,74183
8163,0.00599,172.31.46.0-255,66,68379,41,74183
8164,0.008257,74.125.24.0-255,5738,74117,41,74183
8165,0.008265,172.31.46.0-255,66,74183,41,74183
8166,0.0,172.217.194.0-255,146,146,41,151956
8167,1.4e-05,172.31.46.0-255,66,212,41,151956
8168,4.7e-05,172.217.194.0-255,1484,1696,41,151956
8169,5.1e-05,172.31.46.0-255,66,1762,41,151956
8170,5.7e-05,172.217.194.0-255,2902,4664,41,151956
8171,6e-05,172.31.46.0-255,66,4730,41,151956
8172,7.1e-05,172.217.194.0-255,4320,9050,41,151956
8173,7.4e-05,172.31.46.0-255,66,9116,41,151956
8174,9.4e-05,172.217.194.0-255,1484,10600,41,151956
8175,9.7e-05,172.31.46.0-255,66,10666,41,151956
8176,0.000127,172.217.194.0-255,3556,14222,41,151956
8177,0.00013,172.31.46.0-255,66,14288,41,151956
8178,0.000142,172.217.194.0-255,2902,17190,41,151956
8179,0.000145,172.31.46.0-255,66,17256,41,151956
8180,0.000175,172.217.194.0-255,2902,20158,41,151956
8181,0.000178,172.31.46.0-255,66,20224,41,151956
8182,0.000187,172.31.46.0-255,66,20290,41,151956
8183,0.000232,172.31.46.0-255,66,20356,41,151956
8184,0.000238,172.217.194.0-255,5379,25735,41,151956
8185,0.000241,172.31.46.0-255,66,25801,41,151956
8186,0.000379,172.217.194.0-255,1484,27285,41,151956
8187,0.000384,172.31.46.0-255,66,27351,41,151956
8188,0.00039,172.217.194.0-255,2902,30253,41,151956
8189,0.000392,172.31.46.0-255,66,30319,41,151956
8190,0.000422,172.217.194.0-255,5738,36057,41,151956
8191,0.000425,172.31.46.0-255,66,36123,41,151956
8192,0.000432,172.217.194.0-255,5738,41861,41,151956
8193,0.000435,172.31.46.0-255,66,41927,41,151956
8194,0.000469,172.217.194.0-255,1705,43632,41,151956
8195,0.000472,172.31.46.0-255,66,43698,41,151956
8196,0.000638,172.217.194.0-255,1484,45182,41,151956
8197,0.000643,172.217.194.0-255,1484,46666,41,151956
8198,0.000648,172.31.46.0-255,66,46732,41,151956
8199,0.00066,172.217.194.0-255,1484,48216,41,151956
8200,0.00067,172.217.194.0-255,4320,52536,41,151956
8201,0.000673,172.31.46.0-255,66,52602,41,151956
8202,0.000704,172.217.194.0-255,1484,54086,41,151956
8203,0.000714,172.31.46.0-255,66,54152,41,151956
8204,0.000717,172.217.194.0-255,1484,55636,41,151956
8205,0.000748,172.217.194.0-255,5738,61374,41,151956
8206,0.000752,172.31.46.0-255,66,61440,41,151956
8207,0.000757,172.217.194.0-255,2902,64342,41,151956
8208,0.000759,172.31.46.0-255,66,64408,41,151956
8209,0.000793,172.31.46.0-255,66,64474,41,151956
8210,0.001472,172.217.194.0-255,1484,65958,41,151956
8211,0.001489,172.217.194.0-255,2902,68860,41,151956
8212,0.001493,172.31.46.0-255,66,68926,41,151956
8213,0.001501,172.217.194.0-255,5738,74664,41,151956
8214,0.001503,172.31.46.0-255,66,74730,41,151956
8215,0.001534,172.31.46.0-255,66,74796,41,151956
8216,0.001565,172.217.194.0-255,4320,79116,41,151956
8217,0.001567,172.31.46.0-255,66,79182,41,151956
8218,0.001584,172.31.46.0-255,66,79248,41,151956
8219,0.002644,172.217.194.0-255,1484,80732,41,151956
8220,0.002656,172.217.194.0-255,2902,83634,41,151956
8221,0.002661,172.31.46.0-255,66,83700,41,151956
8222,0.002669,172.217.194.0-255,5738,89438,41,151956
8223,0.002671,172.31.46.0-255,66,89504,41,151956
8224,0.00268,172.217.194.0-255,1484,90988,41,151956
8225,0.002734,172.31.46.0-255,66,91054,41,151956
8226,0.002739,172.217.194.0-255,2902,93956,41,151956
8227,0.002742,172.31.46.0-255,66,94022,41,151956
8228,0.002745,172.217.194.0-255,1484,95506,41,151956
8229,0.002774,172.217.194.0-255,2184,97690,41,151956
8230,0.002776,172.31.46.0-255,66,97756,41,151956
8231,0.00291,172.217.194.0-255,1484,99240,41,151956
8232,0.002916,172.217.194.0-255,2902,102142,41,151956
8233,0.00292,172.31.46.0-255,66,102208,41,151956
8234,0.002945,172.217.194.0-255,5738,107946,41,151956
8235,0.002948,172.31.46.0-255,66,108012,41,151956
8236,0.002953,172.217.194.0-255,2902,110914,41,151956
8237,0.002955,172.31.46.0-255,66,110980,41,151956
8238,0.003028,172.31.46.0-255,66,111046,41,151956
8239,0.003033,172.217.194.0-255,3602,114648,41,151956
8240,0.003035,172.31.46.0-255,66,114714,41,151956
8241,0.003212,172.217.194.0-255,1484,116198,41,151956
8242,0.003218,172.217.194.0-255,2902,119100,41,151956
8243,0.00322,172.31.46.0-255,66,119166,41,151956
8244,0.003224,172.217.194.0-255,1484,120650,41,151956
8245,0.003251,172.217.194.0-255,4320,124970,41,151956
8246,0.003253,172.31.46.0-255,66,125036,41,151956
8247,0.00329,172.217.194.0-255,2902,127938,41,151956
8248,0.003293,172.31.46.0-255,66,128004,41,151956
8249,0.003318,172.31.46.0-255,66,128070,41,151956
8250,0.003331,172.31.46.0-255,66,128136,41,151956
8251,0.003418,172.217.194.0-255,1484,129620,41,151956
8252,0.003424,172.217.194.0-255,2902,132522,41,151956
8253,0.003427,172.31.46.0-255,66,132588,41,151956
8254,0.003433,172.217.194.0-255,2902,135490,41,151956
8255,0.003435,172.31.46.0-255,66,135556,41,151956
8256,0.003458,172.217.194.0-255,2902,138458,41,151956
8257,0.00346,172.31.46.0-255,66,138524,41,151956
8258,0.003484,172.31.46.0-255,66,138590,41,151956
8259,0.003524,172.31.46.0-255,66,138656,41,151956
8260,0.003528,172.217.194.0-255,1484,140140,41,151956
8261,0.003568,172.31.46.0-255,66,140206,41,151956
8262,0.003591,172.31.46.0-255,66,140272,41,151956
8263,0.003636,172.31.46.0-255,66,140338,41,151956
8264,0.003673,172.31.46.0-255,66,140404,41,151956
8265,0.003692,172.31.46.0-255,66,140470,41,151956
8266,0.003707,172.31.46.0-255,66,140536,41,151956
8267,0.003713,172.217.194.0-255,5738,146274,41,151956
8268,0.003715,172.31.46.0-255,66,146340,41,151956
8269,0.003725,172.31.46.0-255,66,146406,41,151956
8270,0.0038,172.31.46.0-255,66,146472,41,151956
8271,0.003813,172.31.46.0-255,66,146538,41,151956
8272,0.003834,172.31.46.0-255,66,146604,41,151956
8273,0.003838,172.217.194.0-255,2902,149506,41,151956
8274,0.00384,172.31.46.0-255,66,149572,41,151956
8275,0.003866,172.217.194.0-255,2042,151614,41,151956
8276,0.003872,172.31.46.0-255,66,151680,41,151956
8277,0.003876,172.217.194.0-255,105,151785,41,151956
8278,0.007638,172.31.46.0-255,66,151851,41,151956
8279,0.007681,172.31.46.0-255,105,151956,41,151956
8280,0.0,74.125.24.0-255,153,153,41,219669
8281,1.6e-05,172.31.46.0-255,66,219,41,219669
8282,2.2e-05,74.125.24.0-255,1484,1703,41,219669
8283,2.7e-05,172.31.46.0-255,66,1769,41,219669
8284,3.3e-05,74.125.24.0-255,2902,4671,41,219669
8285,3.7e-05,172.31.46.0-255,66,4737,41,219669
8286,5.8e-05,172.31.46.0-255,66,4803,41,219669
8287,6.2e-05,74.125.24.0-255,2130,6933,41,219669
8288,6.5e-05,172.31.46.0-255,66,6999,41,219669
8289,0.000117,74.125.24.0-255,1484,8483,41,219669
8290,0.000119,172.31.46.0-255,66,8549,41,219669
8291,0.000124,74.125.24.0-255,2902,11451,41,219669
8292,0.000127,172.31.46.0-255,66,11517,41,219669
8293,0.000129,74.125.24.0-255,1484,13001,41,219669
8294,0.000131,172.31.46.0-255,66,13067,41,219669
8295,0.000149,74.125.24.0-255,4320,17387,41,219669
8296,0.000151,172.31.46.0-255,66,17453,41,219669
8297,0.000155,74.125.24.0-255,2902,20355,41,219669
8298,0.000157,172.31.46.0-255,66,20421,41,219669
8299,0.00018,74.125.24.0-255,3961,24382,41,219669
8300,0.000182,172.31.46.0-255,66,24448,41,219669
8301,0.000518,74.125.24.0-255,1484,25932,41,219669
8302,0.000523,172.31.46.0-255,66,25998,41,219669
8303,0.000528,74.125.24.0-255,2902,28900,41,219669
8304,0.00053,172.31.46.0-255,66,28966,41,219669
8305,0.000547,74.125.24.0-255,5738,34704,41,219669
8306,0.000549,172.31.46.0-255,66,34770,41,219669
8307,0.000553,74.125.24.0-255,2902,37672,41,219669
8308,0.000555,172.31.46.0-255,66,37738,41,219669
8309,0.000575,74.125.24.0-255,2902,40640,41,219669
8310,0.000579,172.31.46.0-255,66,40706,41,219669
8311,0.000597,74.125.24.0-255,1125,41831,41,219669
8312,0.00071,172.31.46.0-255,66,41897,41,219669
8313,0.000714,74.125.24.0-255,1484,43381,41,219669
8314,0.000718,74.125.24.0-255,2902,46283,41,219669
8315,0.000721,172.31.46.0-255,66,46349,41,219669
8316,0.000729,74.125.24.0-255,2902,49251,41,219669
8317,0.000731,172.31.46.0-255,66,49317,41,219669
8318,0.000745,74.125.24.0-255,2902,52219,41,219669
8319,0.000747,172.31.46.0-255,66,52285,41,219669
8320,0.00077,74.125.24.0-255,2902,55187,41,219669
8321,0.000772,172.31.46.0-255,66,55253,41,219669
8322,0.000787,74.125.24.0-255,3961,59214,41,219669
8323,0.00079,172.31.46.0-255,66,59280,41,219669
8324,0.001302,74.125.24.0-255,646,59926,41,219669
8325,0.00165,74.125.24.0-255,1484,61410,41,219669
8326,0.001655,172.31.46.0-255,66,61476,41,219669
8327,0.001661,74.125.24.0-255,2902,64378,41,219669
8328,0.001663,172.31.46.0-255,66,64444,41,219669
8329,0.0017,74.125.24.0-255,5738,70182,41,219669
8330,0.001702,172.31.46.0-255,66,70248,41,219669
8331,0.001711,172.31.46.0-255,66,70314,41,219669
8332,0.001721,172.31.46.0-255,66,70380,41,219669
8333,0.001742,74.125.24.0-255,4320,74700,41,219669
8334,0.001744,172.31.46.0-255,66,74766,41,219669
8335,0.001748,74.125.24.0-255,2184,76950,41,219669
8336,0.001749,172.31.46.0-255,66,77016,41,219669
8337,0.001943,74.125.24.0-255,1484,78500,41,219669
8338,0.001948,74.125.24.0-255,2902,81402,41,219669
8339,0.00195,172.31.46.0-255,66,81468,41,219669
8340,0.001968,74.125.24.0-255,5738,87206,41,219669
8341,0.00197,172.31.46.0-255,66,87272,41,219669
8342,0.002,172.31.46.0-255,66,87338,41,219669
8343,0.002057,74.125.24.0-255,5738,93076,41,219669
8344,0.002059,172.31.46.0-255,66,93142,41,219669
8345,0.002082,172.31.46.0-255,66,93208,41,219669
8346,0.002127,74.125.24.0-255,1484,94692,41,219669
8347,0.002139,74.125.24.0-255,2902,97594,41,219669
8348,0.002141,172.31.46.0-255,66,97660,41,219669
8349,0.002145,74.125.24.0-255,2902,100562,41,219669
8350,0.002147,172.31.46.0-255,66,100628,41,219669
8351,0.002159,74.125.24.0-255,2902,103530,41,219669
8352,0.002161,172.31.46.0-255,66,103596,41,219669
8353,0.002179,74.125.24.0-255,2902,106498,41,219669
8354,0.002181,172.31.46.0-255,66,106564,41,219669
8355,0.002211,172.31.46.0-255,66,106630,41,219669
8356,0.002231,74.125.24.0-255,2902,109532,41,219669
8357,0.002233,172.31.46.0-255,66,109598,41,219669
8358,0.002263,172.31.46.0-255,66,109664,41,219669
8359,0.002294,172.31.46.0-255,66,109730,41,219669
8360,0.002305,172.31.46.0-255,66,109796,41,219669
8361,0.00234,74.125.24.0-255,5738,115534,41,219669
8362,0.002343,172.31.46.0-255,66,115600,41,219669
8363,0.002372,172.31.46.0-255,66,115666,41,219669
8364,0.002435,74.125.24.0-255,1484,117150,41,219669
8365,0.002447,74.125.24.0-255,1484,118634,41,219669
8366,0.00245,172.31.46.0-255,66,118700,41,219669
8367,0.002453,74.125.24.0-255,1484,120184,41,219669
8368,0.002476,74.125.24.0-255,2902,123086,41,219669
8369,0.002479,172.31.46.0-255,66,123152,41,219669
8370,0.002503,74.125.24.0-255,4320,127472,41,219669
8371,0.002505,172.31.46.0-255,66,127538,41,219669
8372,0.00251,74.125.24.0-255,4320,131858,41,219669
8373,0.002513,172.31.46.0-255,66,131924,41,219669
8374,0.002524,172.31.46.0-255,66,131990,41,219669
8375,0.002526,74.125.24.0-255,1484,133474,41,219669
8376,0.002562,172.31.46.0-255,66,133540,41,219669
8377,0.004117,74.125.24.0-255,1484,135024,41,219669
8378,0.004137,74.125.24.0-255,2902,137926,41,219669
8379,0.00414,172.31.46.0-255,66,137992,41,219669
8380,0.004163,74.125.24.0-255,5738,143730,41,219669
8381,0.004167,74.125.24.0-255,2902,146632,41,219669
8382,0.004171,172.31.46.0-255,66,146698,41,219669
8383,0.004177,172.31.46.0-255,66,146764,41,219669
8384,0.004209,172.31.46.0-255,66,146830,41,219669
8385,0.004267,172.31.46.0-255,66,146896,41,219669
8386,0.004269,74.125.24.0-255,766,147662,41,219669
8387,0.004403,74.125.24.0-255,1484,149146,41,219669
8388,0.004406,74.125.24.0-255,1484,150630,41,219669
8389,0.00441,172.31.46.0-255,66,150696,41,219669
8390,0.004427,74.125.24.0-255,1484,152180,41,219669
8391,0.004429,172.31.46.0-255,66,152246,41,219669
8392,0.004435,74.125.24.0-255,5738,157984,41,219669
8393,0.004437,172.31.46.0-255,66,158050,41,219669
8394,0.004479,74.125.24.0-255,2902,160952,41,219669
8395,0.004482,172.31.46.0-255,66,161018,41,219669
8396,0.004511,172.31.46.0-255,66,161084,41,219669
8397,0.004514,74.125.24.0-255,1484,162568,41,219669
8398,0.004519,74.125.24.0-255,4320,166888,41,219669
8399,0.004521,172.31.46.0-255,66,166954,41,219669
8400,0.004524,74.125.24.0-255,1484,168438,41,219669
8401,0.004526,74.125.24.0-255,1484,169922,41,219669
8402,0.004528,172.31.46.0-255,66,169988,41,219669
8403,0.004531,74.125.24.0-255,1484,171472,41,219669
8404,0.00455,74.125.24.0-255,2902,174374,41,219669
8405,0.004553,172.31.46.0-255,66,174440,41,219669
8406,0.004555,74.125.24.0-255,766,175206,41,219669
8407,0.004582,74.125.24.0-255,1484,176690,41,219669
8408,0.004585,172.31.46.0-255,66,176756,41,219669
8409,0.004606,74.125.24.0-255,2902,179658,41,219669
8410,0.004609,172.31.46.0-255,66,179724,41,219669
8411,0.004615,74.125.24.0-255,5738,185462,41,219669
8412,0.004617,172.31.46.0-255,66,185528,41,219669
8413,0.00462,74.125.24.0-255,2902,188430,41,219669
8414,0.004622,172.31.46.0-255,66,188496,41,219669
8415,0.004636,74.125.24.0-255,1484,189980,41,219669
8416,0.004656,74.125.24.0-255,5738,195718,41,219669
8417,0.004658,172.31.46.0-255,66,195784,41,219669
8418,0.004661,74.125.24.0-255,1484,197268,41,219669
8419,0.00468,172.31.46.0-255,66,197334,41,219669
8420,0.004702,74.125.24.0-255,5020,202354,41,219669
8421,0.004705,172.31.46.0-255,66,202420,41,219669
8422,0.004709,74.125.24.0-255,2902,205322,41,219669
8423,0.004711,172.31.46.0-255,66,205388,41,219669
8424,0.004734,172.31.46.0-255,66,205454,41,219669
8425,0.004739,74.125.24.0-255,5738,211192,41,219669
8426,0.004742,172.31.46.0-255,66,211258,41,219669
8427,0.004791,172.31.46.0-255,66,211324,41,219669
8428,0.004816,172.31.46.0-255,66,211390,41,219669
8429,0.004849,172.31.46.0-255,66,211456,41,219669
8430,0.004876,172.31.46.0-255,66,211522,41,219669
8431,0.004881,74.125.24.0-255,2902,214424,41,219669
8432,0.004883,172.31.46.0-255,66,214490,41,219669
8433,0.004888,74.125.24.0-255,4670,219160,41,219669
8434,0.00489,172.31.46.0-255,66,219226,41,219669
8435,0.004905,74.125.24.0-255,105,219331,41,219669
8436,0.006323,172.31.46.0-255,101,219432,41,219669
8437,0.006856,172.31.46.0-255,105,219537,41,219669
8438,0.00863,74.125.24.0-255,66,219603,41,219669
8439,0.009161,74.125.24.0-255,66,219669,41,219669
8440,0.0,172.253.118.0-255,146,146,41,97435
8441,8e-06,172.31.46.0-255,66,212,41,97435
8442,3.3e-05,172.253.118.0-255,1484,1696,41,97435
8443,3.7e-05,172.31.46.0-255,66,1762,41,97435
8444,4.2e-05,172.253.118.0-255,2902,4664,41,97435
8445,4.5e-05,172.31.46.0-255,66,4730,41,97435
8446,8.1e-05,172.31.46.0-255,66,4796,41,97435
8447,0.000104,172.253.118.0-255,5738,10534,41,97435
8448,0.000106,172.31.46.0-255,66,10600,41,97435
8449,0.000118,172.253.118.0-255,2109,12709,41,97435
8450,0.000124,172.31.46.0-255,66,12775,41,97435
8451,0.000133,172.31.46.0-255,66,12841,41,97435
8452,0.000171,172.253.118.0-255,3961,16802,41,97435
8453,0.000173,172.31.46.0-255,66,16868,41,97435
8454,0.00053,172.253.118.0-255,1484,18352,41,97435
8455,0.000535,172.31.46.0-255,66,18418,41,97435
8456,0.00054,172.253.118.0-255,2902,21320,41,97435
8457,0.000542,172.31.46.0-255,66,21386,41,97435
8458,0.000547,172.253.118.0-255,2902,24288,41,97435
8459,0.000553,172.31.46.0-255,66,24354,41,97435
8460,0.000584,172.253.118.0-255,2902,27256,41,97435
8461,0.000586,172.31.46.0-255,66,27322,41,97435
8462,0.000595,172.31.46.0-255,66,27388,41,97435
8463,0.000609,172.31.46.0-255,66,27454,41,97435
8464,0.000644,172.253.118.0-255,5738,33192,41,97435
8465,0.000647,172.31.46.0-255,66,33258,41,97435
8466,0.000651,172.253.118.0-255,2543,35801,41,97435
8467,0.000653,172.31.46.0-255,66,35867,41,97435
8468,0.000656,172.253.118.0-255,362,36229,41,97435
8469,0.000964,172.31.46.0-255,66,36295,41,97435
8470,0.001404,172.253.118.0-255,380,36675,41,97435
8471,0.001442,172.253.118.0-255,1484,38159,41,97435
8472,0.001449,172.31.46.0-255,66,38225,41,97435
8473,0.001457,172.253.118.0-255,4320,42545,41,97435
8474,0.001459,172.31.46.0-255,66,42611,41,97435
8475,0.001497,172.31.46.0-255,66,42677,41,97435
8476,0.0015,172.253.118.0-255,1125,43802,41,97435
8477,0.001574,172.253.118.0-255,1484,45286,41,97435
8478,0.001578,172.31.46.0-255,66,45352,41,97435
8479,0.001582,172.253.118.0-255,1484,46836,41,97435
8480,0.001602,172.253.118.0-255,1484,48320,41,97435
8481,0.001604,172.31.46.0-255,66,48386,41,97435
8482,0.001608,172.253.118.0-255,1484,49870,41,97435
8483,0.001637,172.253.118.0-255,4320,54190,41,97435
8484,0.001639,172.31.46.0-255,66,54256,41,97435
8485,0.001643,172.253.118.0-255,1484,55740,41,97435
8486,0.001667,172.253.118.0-255,2902,58642,41,97435
8487,0.00167,172.31.46.0-255,66,58708,41,97435
8488,0.001694,172.253.118.0-255,2543,61251,41,97435
8489,0.001696,172.31.46.0-255,66,61317,41,97435
8490,0.002054,172.253.118.0-255,1484,62801,41,97435
8491,0.002067,172.253.118.0-255,2902,65703,41,97435
8492,0.002069,172.31.46.0-255,66,65769,41,97435
8493,0.002089,172.253.118.0-255,5738,71507,41,97435
8494,0.002091,172.31.46.0-255,66,71573,41,97435
8495,0.002095,172.253.118.0-255,1484,73057,41,97435
8496,0.002117,172.253.118.0-255,1484,74541,41,97435
8497,0.002119,172.31.46.0-255,66,74607,41,97435
8498,0.002123,172.253.118.0-255,1484,76091,41,97435
8499,0.002156,172.31.46.0-255,66,76157,41,97435
8500,0.002166,172.31.46.0-255,66,76223,41,97435
8501,0.002192,172.253.118.0-255,1484,77707,41,97435
8502,0.002206,172.253.118.0-255,2184,79891,41,97435
8503,0.002208,172.31.46.0-255,66,79957,41,97435
8504,0.004481,172.253.118.0-255,1484,81441,41,97435
8505,0.004533,172.253.118.0-255,4320,85761,41,97435
8506,0.004536,172.31.46.0-255,66,85827,41,97435
8507,0.006866,172.253.118.0-255,5738,91565,41,97435
8508,0.006871,172.31.46.0-255,66,91631,41,97435
8509,0.009219,172.253.118.0-255,5738,97369,41,97435
8510,0.009226,172.31.46.0-255,66,97435,41,97435
8511,0.0,74.125.130.0-255,156,156,41,166364
8512,1.8e-05,172.31.46.0-255,66,222,41,166364
8513,2.4e-05,74.125.130.0-255,1484,1706,41,166364
8514,2.8e-05,172.31.46.0-255,66,1772,41,166364
8515,3.4e-05,74.125.130.0-255,2902,4674,41,166364
8516,3.7e-05,172.31.46.0-255,66,4740,41,166364
8517,4.2e-05,74.125.130.0-255,2902,7642,41,166364
8518,4.5e-05,172.31.46.0-255,66,7708,41,166364
8519,6.9e-05,74.125.130.0-255,1484,9192,41,166364
8520,7.2e-05,172.31.46.0-255,66,9258,41,166364
8521,8.5e-05,74.125.130.0-255,1484,10742,41,166364
8522,8.7e-05,172.31.46.0-255,66,10808,41,166364
8523,0.000112,74.125.130.0-255,3532,14340,41,166364
8524,0.000116,172.31.46.0-255,66,14406,41,166364
8525,0.000122,74.125.130.0-255,5738,20144,41,166364
8526,0.000125,172.31.46.0-255,66,20210,41,166364
8527,0.000162,172.31.46.0-255,66,20276,41,166364
8528,0.000203,74.125.130.0-255,2902,23178,41,166364
8529,0.000205,172.31.46.0-255,66,23244,41,166364
8530,0.000232,172.31.46.0-255,66,23310,41,166364
8531,0.000238,74.125.130.0-255,5738,29048,41,166364
8532,0.000241,172.31.46.0-255,66,29114,41,166364
8533,0.000266,74.125.130.0-255,3602,32716,41,166364
8534,0.000269,172.31.46.0-255,66,32782,41,166364
8535,0.000287,74.125.130.0-255,1484,34266,41,166364
8536,0.000289,172.31.46.0-255,66,34332,41,166364
8537,0.000306,74.125.130.0-255,1484,35816,41,166364
8538,0.000308,172.31.46.0-255,66,35882,41,166364
8539,0.000314,74.125.130.0-255,4320,40202,41,166364
8540,0.000316,172.31.46.0-255,66,40268,41,166364
8541,0.000341,74.125.130.0-255,1484,41752,41,166364
8542,0.000364,172.31.46.0-255,66,41818,41,166364
8543,0.000378,74.125.130.0-255,1383,43201,41,166364
8544,0.000441,74.125.130.0-255,1484,44685,41,166364
8545,0.000445,172.31.46.0-255,66,44751,41,166364
8546,0.000458,74.125.130.0-255,2902,47653,41,166364
8547,0.00046,172.31.46.0-255,66,47719,41,166364
8548,0.000489,74.125.130.0-255,5738,53457,41,166364
8549,0.000492,172.31.46.0-255,66,53523,41,166364
8550,0.000495,74.125.130.0-255,1484,55007,41,166364
8551,0.00051,74.125.130.0-255,5688,60695,41,166364
8552,0.000513,172.31.46.0-255,66,60761,41,166364
8553,0.000541,172.31.46.0-255,66,60827,41,166364
8554,0.000573,74.125.130.0-255,5738,66565,41,166364
8555,0.000575,172.31.46.0-255,66,66631,41,166364
8556,0.000594,74.125.130.0-255,2902,69533,41,166364
8557,0.000597,172.31.46.0-255,66,69599,41,166364
8558,0.0006,74.125.130.0-255,1125,70724,41,166364
8559,0.000649,74.125.130.0-255,1484,72208,41,166364
8560,0.000653,172.31.46.0-255,66,72274,41,166364
8561,0.000673,74.125.130.0-255,2902,75176,41,166364
8562,0.000675,172.31.46.0-255,66,75242,41,166364
8563,0.000679,74.125.130.0-255,1484,76726,41,166364
8564,0.000698,74.125.130.0-255,4320,81046,41,166364
8565,0.0007,172.31.46.0-255,66,81112,41,166364
8566,0.000706,74.125.130.0-255,4320,85432,41,166364
8567,0.000708,172.31.46.0-255,66,85498,41,166364
8568,0.00072,74.125.130.0-255,1484,86982,41,166364
8569,0.000731,74.125.130.0-255,576,87558,41,166364
8570,0.000733,172.31.46.0-255,66,87624,41,166364
8571,0.000973,74.125.130.0-255,1484,89108,41,166364
8572,0.000979,74.125.130.0-255,2902,92010,41,166364
8573,0.000983,172.31.46.0-255,66,92076,41,166364
8574,0.001008,74.125.130.0-255,4320,96396,41,166364
8575,0.001011,172.31.46.0-255,66,96462,41,166364
8576,0.001017,74.125.130.0-255,5738,102200,41,166364
8577,0.001019,172.31.46.0-255,66,102266,41,166364
8578,0.001079,172.31.46.0-255,66,102332,41,166364
8579,0.001105,74.125.130.0-255,4320,106652,41,166364
8580,0.001107,172.31.46.0-255,66,106718,41,166364
8581,0.001128,74.125.130.0-255,3602,110320,41,166364
8582,0.001131,172.31.46.0-255,66,110386,41,166364
8583,0.001181,74.125.130.0-255,1484,111870,41,166364
8584,0.001203,74.125.130.0-255,2902,114772,41,166364
8585,0.001206,172.31.46.0-255,66,114838,41,166364
8586,0.001213,74.125.130.0-255,4320,119158,41,166364
8587,0.001215,172.31.46.0-255,66,119224,41,166364
8588,0.001252,172.31.46.0-255,66,119290,41,166364
8589,0.001276,74.125.130.0-255,2902,122192,41,166364
8590,0.001279,172.31.46.0-255,66,122258,41,166364
8591,0.001299,74.125.130.0-255,2902,125160,41,166364
8592,0.001305,74.125.130.0-255,5738,130898,41,166364
8593,0.001309,172.31.46.0-255,66,130964,41,166364
8594,0.001319,74.125.130.0-255,1484,132448,41,166364
8595,0.001322,172.31.46.0-255,66,132514,41,166364
8596,0.00133,74.125.130.0-255,1484,133998,41,166364
8597,0.001344,74.125.130.0-255,3602,137600,41,166364
8598,0.001363,172.31.46.0-255,66,137666,41,166364
8599,0.001372,74.125.130.0-255,2902,140568,41,166364
8600,0.001378,172.31.46.0-255,66,140634,41,166364
8601,0.00142,172.31.46.0-255,66,140700,41,166364
8602,0.001457,74.125.130.0-255,4320,145020,41,166364
8603,0.00146,172.31.46.0-255,66,145086,41,166364
8604,0.001478,74.125.130.0-255,1484,146570,41,166364
8605,0.001544,172.31.46.0-255,66,146636,41,166364
8606,0.001552,74.125.130.0-255,2184,148820,41,166364
8607,0.001557,172.31.46.0-255,66,148886,41,166364
8608,0.004099,74.125.130.0-255,5738,154624,41,166364
8609,0.004114,172.31.46.0-255,66,154690,41,166364
8610,0.006658,74.125.130.0-255,1484,156174,41,166364
8611,0.00668,74.125.130.0-255,4320,160494,41,166364
8612,0.006683,172.31.46.0-255,66,160560,41,166364
8613,0.009238,74.125.130.0-255,5738,166298,41,166364
8614,0.009247,172.31.46.0-255,66,166364,41,166364
8615,0.0,74.125.24.0-255,146,146,41,86137
8616,1.5e-05,172.31.46.0-255,66,212,41,86137
8617,2.3e-05,74.125.24.0-255,1484,1696,41,86137
8618,2.7e-05,172.31.46.0-255,66,1762,41,86137
8619,3.3e-05,74.125.24.0-255,2902,4664,41,86137
8620,3.7e-05,172.31.46.0-255,66,4730,41,86137
8621,7.1e-05,74.125.24.0-255,2902,7632,41,86137
8622,7.4e-05,172.31.46.0-255,66,7698,41,86137
8623,9.7e-05,172.31.46.0-255,66,7764,41,86137
8624,0.00049,74.125.24.0-255,1484,9248,41,86137
8625,0.000496,172.31.46.0-255,66,9314,41,86137
8626,0.000502,74.125.24.0-255,2902,12216,41,86137
8627,0.000505,172.31.46.0-255,66,12282,41,86137
8628,0.000525,74.125.24.0-255,5738,18020,41,86137
8629,0.000528,172.31.46.0-255,66,18086,41,86137
8630,0.000596,74.125.24.0-255,5738,23824,41,86137
8631,0.000599,172.31.46.0-255,66,23890,41,86137
8632,0.00063,172.31.46.0-255,66,23956,41,86137
8633,0.000769,74.125.24.0-255,1484,25440,41,86137
8634,0.000773,172.31.46.0-255,66,25506,41,86137
8635,0.000793,74.125.24.0-255,2902,28408,41,86137
8636,0.000796,172.31.46.0-255,66,28474,41,86137
8637,0.000831,172.31.46.0-255,66,28540,41,86137
8638,0.000852,74.125.24.0-255,2902,31442,41,86137
8639,0.000855,172.31.46.0-255,66,31508,41,86137
8640,0.001099,74.125.24.0-255,1099,32607,41,86137
8641,0.001104,172.31.46.0-255,66,32673,41,86137
8642,0.00111,74.125.24.0-255,111,32784,41,86137
8643,0.001112,172.31.46.0-255,66,32850,41,86137
8644,0.001142,74.125.24.0-255,2902,35752,41,86137
8645,0.001334,74.125.24.0-255,5738,41490,41,86137
8646,0.001659,74.125.24.0-255,3602,45092,41,86137
8647,0.001965,74.125.24.0-255,4320,49412,41,86137
8648,0.002378,74.125.24.0-255,1484,50896,41,86137
8649,0.002399,74.125.24.0-255,2902,53798,41,86137
8650,0.002441,74.125.24.0-255,2902,56700,41,86137
8651,0.002456,74.125.24.0-255,2902,59602,41,86137
8652,0.002505,74.125.24.0-255,4320,63922,41,86137
8653,0.002669,74.125.24.0-255,1484,65406,41,86137
8654,0.003022,74.125.24.0-255,5738,71144,41,86137
8655,0.003189,74.125.24.0-255,3602,74746,41,86137
8656,0.003235,74.125.24.0-255,1484,76230,41,86137
8657,0.003251,74.125.24.0-255,1484,77714,41,86137
8658,0.003268,74.125.24.0-255,5738,83452,41,86137
8659,0.003743,74.125.24.0-255,2184,85636,41,86137
8660,0.003824,172.31.46.0-255,66,85702,41,86137
8661,0.004458,172.31.46.0-255,66,85768,41,86137
8662,0.004483,172.31.46.0-255,66,85834,41,86137
8663,0.0052,172.31.46.0-255,66,85900,41,86137
8664,0.005245,172.31.46.0-255,66,85966,41,86137
8665,0.00661,172.31.46.0-255,105,86071,41,86137
8666,0.009105,74.125.24.0-255,66,86137,41,86137
8667,0.0,172.217.194.0-255,150,150,41,151326
8668,1.6e-05,172.31.46.0-255,66,216,41,151326
8669,2.3e-05,172.217.194.0-255,1484,1700,41,151326
8670,2.7e-05,172.31.46.0-255,66,1766,41,151326
8671,3.3e-05,172.217.194.0-255,2902,4668,41,151326
8672,3.7e-05,172.31.46.0-255,66,4734,41,151326
8673,4.3e-05,172.217.194.0-255,4320,9054,41,151326
8674,4.6e-05,172.31.46.0-255,66,9120,41,151326
8675,7.3e-05,172.217.194.0-255,2902,12022,41,151326
8676,7.5e-05,172.31.46.0-255,66,12088,41,151326
8677,8.2e-05,172.217.194.0-255,4945,17033,41,151326
8678,8.5e-05,172.31.46.0-255,66,17099,41,151326
8679,9.2e-05,172.217.194.0-255,5738,22837,41,151326
8680,9.4e-05,172.31.46.0-255,66,22903,41,151326
8681,0.00013,172.31.46.0-255,66,22969,41,151326
8682,0.000134,172.217.194.0-255,1484,24453,41,151326
8683,0.000136,172.31.46.0-255,66,24519,41,151326
8684,0.000155,172.31.46.0-255,66,24585,41,151326
8685,0.000189,172.31.46.0-255,66,24651,41,151326
8686,0.000323,172.217.194.0-255,1484,26135,41,151326
8687,0.000327,172.31.46.0-255,66,26201,41,151326
8688,0.000333,172.217.194.0-255,2902,29103,41,151326
8689,0.000335,172.31.46.0-255,66,29169,41,151326
8690,0.000342,172.217.194.0-255,5738,34907,41,151326
8691,0.000345,172.31.46.0-255,66,34973,41,151326
8692,0.000391,172.31.46.0-255,66,35039,41,151326
8693,0.000425,172.217.194.0-255,1484,36523,41,151326
8694,0.000428,172.31.46.0-255,66,36589,41,151326
8695,0.000433,172.217.194.0-255,2902,39491,41,151326
8696,0.000435,172.31.46.0-255,66,39557,41,151326
8697,0.000459,172.217.194.0-255,5738,45295,41,151326
8698,0.000463,172.31.46.0-255,66,45361,41,151326
8699,0.000485,172.217.194.0-255,5738,51099,41,151326
8700,0.000488,172.31.46.0-255,66,51165,41,151326
8701,0.000506,172.217.194.0-255,1704,52869,41,151326
8702,0.000509,172.31.46.0-255,66,52935,41,151326
8703,0.000524,172.217.194.0-255,4320,57255,41,151326
8704,0.000527,172.31.46.0-255,66,57321,41,151326
8705,0.000563,172.31.46.0-255,66,57387,41,151326
8706,0.000566,172.217.194.0-255,1125,58512,41,151326
8707,0.00111,172.217.194.0-255,1484,59996,41,151326
8708,0.001115,172.31.46.0-255,66,60062,41,151326
8709,0.00112,172.217.194.0-255,2902,62964,41,151326
8710,0.001123,172.31.46.0-255,66,63030,41,151326
8711,0.001147,172.217.194.0-255,5738,68768,41,151326
8712,0.001149,172.31.46.0-255,66,68834,41,151326
8713,0.0012,172.31.46.0-255,66,68900,41,151326
8714,0.001218,172.217.194.0-255,2902,71802,41,151326
8715,0.001221,172.31.46.0-255,66,71868,41,151326
8716,0.001233,172.31.46.0-255,66,71934,41,151326
8717,0.00135,172.217.194.0-255,1484,73418,41,151326
8718,0.001366,172.217.194.0-255,2902,76320,41,151326
8719,0.001369,172.31.46.0-255,66,76386,41,151326
8720,0.001375,172.217.194.0-255,5738,82124,41,151326
8721,0.001377,172.31.46.0-255,66,82190,41,151326
8722,0.00138,172.217.194.0-255,1484,83674,41,151326
8723,0.001396,172.217.194.0-255,4320,87994,41,151326
8724,0.001398,172.31.46.0-255,66,88060,41,151326
8725,0.001429,172.31.46.0-255,66,88126,41,151326
8726,0.001443,172.217.194.0-255,2902,91028,41,151326
8727,0.001444,172.31.46.0-255,66,91094,41,151326
8728,0.001475,172.31.46.0-255,66,91160,41,151326
8729,0.001687,172.217.194.0-255,1484,92644,41,151326
8730,0.001693,172.217.194.0-255,2902,95546,41,151326
8731,0.001697,172.31.46.0-255,66,95612,41,151326
8732,0.001721,172.217.194.0-255,5738,101350,41,151326
8733,0.001724,172.31.46.0-255,66,101416,41,151326
8734,0.00173,172.217.194.0-255,5738,107154,41,151326
8735,0.001731,172.31.46.0-255,66,107220,41,151326
8736,0.001753,172.31.46.0-255,66,107286,41,151326
8737,0.001784,172.31.46.0-255,66,107352,41,151326
8738,0.001806,172.217.194.0-255,3602,110954,41,151326
8739,0.001809,172.31.46.0-255,66,111020,41,151326
8740,0.001924,172.217.194.0-255,1484,112504,41,151326
8741,0.00193,172.217.194.0-255,2902,115406,41,151326
8742,0.001932,172.31.46.0-255,66,115472,41,151326
8743,0.001938,172.217.194.0-255,4320,119792,41,151326
8744,0.00194,172.31.46.0-255,66,119858,41,151326
8745,0.00195,172.217.194.0-255,1484,121342,41,151326
8746,0.001956,172.217.194.0-255,5738,127080,41,151326
8747,0.001957,172.31.46.0-255,66,127146,41,151326
8748,0.001973,172.217.194.0-255,1484,128630,41,151326
8749,0.00199,172.217.194.0-255,2902,131532,41,151326
8750,0.001993,172.31.46.0-255,66,131598,41,151326
8751,0.002021,172.217.194.0-255,2184,133782,41,151326
8752,0.002024,172.31.46.0-255,66,133848,41,151326
8753,0.002026,172.31.46.0-255,66,133914,41,151326
8754,0.00415,172.217.194.0-255,5738,139652,41,151326
8755,0.004156,172.31.46.0-255,66,139718,41,151326
8756,0.006237,172.217.194.0-255,5738,145456,41,151326
8757,0.006242,172.31.46.0-255,66,145522,41,151326
8758,0.008347,172.217.194.0-255,5738,151260,41,151326
8759,0.008353,172.31.46.0-255,66,151326,41,151326
8760,0.0,172.217.194.0-255,156,156,41,114612
8761,2.2e-05,172.31.46.0-255,66,222,41,114612
8762,3e-05,172.217.194.0-255,1484,1706,41,114612
8763,3.5e-05,172.31.46.0-255,66,1772,41,114612
8764,4.2e-05,172.217.194.0-255,2902,4674,41,114612
8765,5.4e-05,172.31.46.0-255,66,4740,41,114612
8766,6.4e-05,172.31.46.0-255,66,4806,41,114612
8767,6.9e-05,172.217.194.0-255,2084,6890,41,114612
8768,7.1e-05,172.31.46.0-255,66,6956,41,114612
8769,0.00011,172.31.46.0-255,66,7022,41,114612
8770,0.000135,172.217.194.0-255,2902,9924,41,114612
8771,0.000137,172.31.46.0-255,66,9990,41,114612
8772,0.000143,172.217.194.0-255,5738,15728,41,114612
8773,0.000146,172.31.46.0-255,66,15794,41,114612
8774,0.000178,172.217.194.0-255,2902,18696,41,114612
8775,0.000181,172.31.46.0-255,66,18762,41,114612
8776,0.000198,172.217.194.0-255,5738,24500,41,114612
8777,0.0002,172.31.46.0-255,66,24566,41,114612
8778,0.000238,172.31.46.0-255,66,24632,41,114612
8779,0.000288,172.217.194.0-255,1484,26116,41,114612
8780,0.000291,172.31.46.0-255,66,26182,41,114612
8781,0.000313,172.217.194.0-255,2902,29084,41,114612
8782,0.000316,172.31.46.0-255,66,29150,41,114612
8783,0.000322,172.217.194.0-255,5738,34888,41,114612
8784,0.000325,172.31.46.0-255,66,34954,41,114612
8785,0.000375,172.217.194.0-255,2902,37856,41,114612
8786,0.000377,172.31.46.0-255,66,37922,41,114612
8787,0.000404,172.217.194.0-255,4543,42465,41,114612
8788,0.000407,172.31.46.0-255,66,42531,41,114612
8789,0.00056,172.217.194.0-255,1484,44015,41,114612
8790,0.000566,172.217.194.0-255,1484,45499,41,114612
8791,0.000569,172.31.46.0-255,66,45565,41,114612
8792,0.000596,172.217.194.0-255,1484,47049,41,114612
8793,0.000602,172.217.194.0-255,5738,52787,41,114612
8794,0.000605,172.31.46.0-255,66,52853,41,114612
8795,0.000642,172.31.46.0-255,66,52919,41,114612
8796,0.00067,172.217.194.0-255,2902,55821,41,114612
8797,0.000672,172.31.46.0-255,66,55887,41,114612
8798,0.000695,172.31.46.0-255,66,55953,41,114612
8799,0.000702,172.217.194.0-255,3051,59004,41,114612
8800,0.000704,172.31.46.0-255,66,59070,41,114612
8801,0.001139,172.217.194.0-255,1484,60554,41,114612
8802,0.001148,172.217.194.0-255,2902,63456,41,114612
8803,0.001153,172.31.46.0-255,66,63522,41,114612
8804,0.001159,172.217.194.0-255,2902,66424,41,114612
8805,0.001161,172.31.46.0-255,66,66490,41,114612
8806,0.001194,172.217.194.0-255,2902,69392,41,114612
8807,0.001197,172.31.46.0-255,66,69458,41,114612
8808,0.001212,172.31.46.0-255,66,69524,41,114612
8809,0.001222,172.31.46.0-255,66,69590,41,114612
8810,0.001252,172.217.194.0-255,2184,71774,41,114612
8811,0.001254,172.31.46.0-255,66,71840,41,114612
8812,0.00195,172.217.194.0-255,1484,73324,41,114612
8813,0.001959,172.217.194.0-255,2902,76226,41,114612
8814,0.001964,172.31.46.0-255,66,76292,41,114612
8815,0.002,172.217.194.0-255,5738,82030,41,114612
8816,0.002003,172.31.46.0-255,66,82096,41,114612
8817,0.002007,172.217.194.0-255,2902,84998,41,114612
8818,0.00201,172.31.46.0-255,66,85064,41,114612
8819,0.002051,172.31.46.0-255,66,85130,41,114612
8820,0.002064,172.31.46.0-255,66,85196,41,114612
8821,0.002067,172.217.194.0-255,1484,86680,41,114612
8822,0.002071,172.217.194.0-255,2902,89582,41,114612
8823,0.002074,172.31.46.0-255,66,89648,41,114612
8824,0.002078,172.217.194.0-255,2902,92550,41,114612
8825,0.00208,172.31.46.0-255,66,92616,41,114612
8826,0.002107,172.217.194.0-255,2902,95518,41,114612
8827,0.00216,172.31.46.0-255,66,95584,41,114612
8828,0.002175,172.31.46.0-255,66,95650,41,114612
8829,0.002178,172.217.194.0-255,1484,97134,41,114612
8830,0.002191,172.31.46.0-255,66,97200,41,114612
8831,0.004493,172.217.194.0-255,5738,102938,41,114612
8832,0.004499,172.31.46.0-255,66,103004,41,114612
8833,0.006752,172.217.194.0-255,5738,108742,41,114612
8834,0.006756,172.31.46.0-255,66,108808,41,114612
8835,0.009049,172.217.194.0-255,5738,114546,41,114612
8836,0.009057,172.31.46.0-255,66,114612,41,114612
8837,0.0,74.125.24.0-255,146,146,41,113606
8838,2.4e-05,172.31.46.0-255,66,212,41,113606
8839,3.2e-05,74.125.24.0-255,1484,1696,41,113606
8840,3.6e-05,172.31.46.0-255,66,1762,41,113606
8841,5e-05,74.125.24.0-255,2902,4664,41,113606
8842,5.4e-05,172.31.46.0-255,66,4730,41,113606
8843,6.6e-05,172.31.46.0-255,66,4796,41,113606
8844,6.9e-05,74.125.24.0-255,2066,6862,41,113606
8845,7.2e-05,172.31.46.0-255,66,6928,41,113606
8846,0.000262,74.125.24.0-255,1484,8412,41,113606
8847,0.000268,172.31.46.0-255,66,8478,41,113606
8848,0.000275,74.125.24.0-255,2902,11380,41,113606
8849,0.000278,172.31.46.0-255,66,11446,41,113606
8850,0.000289,74.125.24.0-255,5738,17184,41,113606
8851,0.000292,172.31.46.0-255,66,17250,41,113606
8852,0.000342,172.31.46.0-255,66,17316,41,113606
8853,0.000454,74.125.24.0-255,1484,18800,41,113606
8854,0.000458,172.31.46.0-255,66,18866,41,113606
8855,0.000464,74.125.24.0-255,2902,21768,41,113606
8856,0.000466,172.31.46.0-255,66,21834,41,113606
8857,0.00047,74.125.24.0-255,1484,23318,41,113606
8858,0.000472,172.31.46.0-255,66,23384,41,113606
8859,0.000505,74.125.24.0-255,4320,27704,41,113606
8860,0.000512,172.31.46.0-255,66,27770,41,113606
8861,0.000523,172.31.46.0-255,66,27836,41,113606
8862,0.001354,74.125.24.0-255,1484,29320,41,113606
8863,0.001361,172.31.46.0-255,66,29386,41,113606
8864,0.001371,74.125.24.0-255,2902,32288,41,113606
8865,0.001374,172.31.46.0-255,66,32354,41,113606
8866,0.001386,74.125.24.0-255,5738,38092,41,113606
8867,0.001389,172.31.46.0-255,66,38158,41,113606
8868,0.001453,172.31.46.0-255,66,38224,41,113606
8869,0.001477,74.125.24.0-255,1484,39708,41,113606
8870,0.001484,74.125.24.0-255,2902,42610,41,113606
8871,0.001486,172.31.46.0-255,66,42676,41,113606
8872,0.001521,74.125.24.0-255,5738,48414,41,113606
8873,0.001524,172.31.46.0-255,66,48480,41,113606
8874,0.001528,74.125.24.0-255,2902,51382,41,113606
8875,0.001531,172.31.46.0-255,66,51448,41,113606
8876,0.001556,74.125.24.0-255,3961,55409,41,113606
8877,0.001559,172.31.46.0-255,66,55475,41,113606
8878,0.001562,74.125.24.0-255,647,56122,41,113606
8879,0.00164,74.125.24.0-255,1484,57606,41,113606
8880,0.001644,172.31.46.0-255,66,57672,41,113606
8881,0.00165,74.125.24.0-255,2902,60574,41,113606
8882,0.001653,172.31.46.0-255,66,60640,41,113606
8883,0.001659,74.125.24.0-255,5738,66378,41,113606
8884,0.001666,172.31.46.0-255,66,66444,41,113606
8885,0.00167,74.125.24.0-255,1484,67928,41,113606
8886,0.001699,74.125.24.0-255,5379,73307,41,113606
8887,0.001702,172.31.46.0-255,66,73373,41,113606
8888,0.001955,74.125.24.0-255,1484,74857,41,113606
8889,0.001963,74.125.24.0-255,2902,77759,41,113606
8890,0.001967,172.31.46.0-255,66,77825,41,113606
8891,0.001974,74.125.24.0-255,5738,83563,41,113606
8892,0.001977,172.31.46.0-255,66,83629,41,113606
8893,0.001982,74.125.24.0-255,4320,87949,41,113606
8894,0.001984,172.31.46.0-255,66,88015,41,113606
8895,0.002012,74.125.24.0-255,1979,89994,41,113606
8896,0.002015,172.31.46.0-255,66,90060,41,113606
8897,0.003958,74.125.24.0-255,2902,92962,41,113606
8898,0.003962,172.31.46.0-255,66,93028,41,113606
8899,0.003998,74.125.24.0-255,1484,94512,41,113606
8900,0.004013,74.125.24.0-255,1484,95996,41,113606
8901,0.004015,172.31.46.0-255,66,96062,41,113606
8902,0.005945,74.125.24.0-255,2902,98964,41,113606
8903,0.005952,172.31.46.0-255,66,99030,41,113606
8904,0.005979,74.125.24.0-255,2902,101932,41,113606
8905,0.005982,172.31.46.0-255,66,101998,41,113606
8906,0.007945,74.125.24.0-255,5738,107736,41,113606
8907,0.007954,172.31.46.0-255,66,107802,41,113606
8908,0.009929,74.125.24.0-255,5738,113540,41,113606
8909,0.009944,172.31.46.0-255,66,113606,41,113606
8910,0.0,74.125.130.0-255,152,152,41,167094
8911,2.4e-05,172.31.46.0-255,66,218,41,167094
8912,3.1e-05,74.125.130.0-255,1484,1702,41,167094
8913,3.6e-05,172.31.46.0-255,66,1768,41,167094
8914,3.9e-05,74.125.130.0-255,1484,3252,41,167094
8915,4.2e-05,172.31.46.0-255,66,3318,41,167094
8916,4.8e-05,74.125.130.0-255,2902,6220,41,167094
8917,5.1e-05,172.31.46.0-255,66,6286,41,167094
8918,5.8e-05,74.125.130.0-255,5738,12024,41,167094
8919,6.1e-05,172.31.46.0-255,66,12090,41,167094
8920,6.6e-05,74.125.130.0-255,1975,14065,41,167094
8921,6.8e-05,172.31.46.0-255,66,14131,41,167094
8922,0.000127,74.125.130.0-255,1484,15615,41,167094
8923,0.000131,172.31.46.0-255,66,15681,41,167094
8924,0.000136,74.125.130.0-255,2902,18583,41,167094
8925,0.000138,172.31.46.0-255,66,18649,41,167094
8926,0.00017,74.125.130.0-255,5738,24387,41,167094
8927,0.000173,172.31.46.0-255,66,24453,41,167094
8928,0.000179,74.125.130.0-255,4320,28773,41,167094
8929,0.000181,172.31.46.0-255,66,28839,41,167094
8930,0.000198,74.125.130.0-255,2543,31382,41,167094
8931,0.000204,74.125.130.0-255,4320,35702,41,167094
8932,0.000207,172.31.46.0-255,66,35768,41,167094
8933,0.000215,172.31.46.0-255,66,35834,41,167094
8934,0.00022,74.125.130.0-255,2902,38736,41,167094
8935,0.000222,172.31.46.0-255,66,38802,41,167094
8936,0.000226,74.125.130.0-255,1484,40286,41,167094
8937,0.000228,172.31.46.0-255,66,40352,41,167094
8938,0.000251,172.31.46.0-255,66,40418,41,167094
8939,0.000269,74.125.130.0-255,1484,41902,41,167094
8940,0.000272,172.31.46.0-255,66,41968,41,167094
8941,0.000302,74.125.130.0-255,2902,44870,41,167094
8942,0.000304,172.31.46.0-255,66,44936,41,167094
8943,0.000311,74.125.130.0-255,5738,50674,41,167094
8944,0.000313,172.31.46.0-255,66,50740,41,167094
8945,0.000337,172.31.46.0-255,66,50806,41,167094
8946,0.00044,74.125.130.0-255,368,51174,41,167094
8947,0.000609,74.125.130.0-255,1484,52658,41,167094
8948,0.000615,172.31.46.0-255,66,52724,41,167094
8949,0.000621,74.125.130.0-255,2902,55626,41,167094
8950,0.000623,172.31.46.0-255,66,55692,41,167094
8951,0.000626,74.125.130.0-255,1484,57176,41,167094
8952,0.000645,74.125.130.0-255,4320,61496,41,167094
8953,0.000648,172.31.46.0-255,66,61562,41,167094
8954,0.000658,172.31.46.0-255,66,61628,41,167094
8955,0.000686,172.31.46.0-255,66,61694,41,167094
8956,0.000708,74.125.130.0-255,5738,67432,41,167094
8957,0.000711,172.31.46.0-255,66,67498,41,167094
8958,0.000715,74.125.130.0-255,2543,70041,41,167094
8959,0.000717,172.31.46.0-255,66,70107,41,167094
8960,0.001071,74.125.130.0-255,1484,71591,41,167094
8961,0.001078,74.125.130.0-255,2902,74493,41,167094
8962,0.001082,172.31.46.0-255,66,74559,41,167094
8963,0.001087,74.125.130.0-255,2902,77461,41,167094
8964,0.001089,172.31.46.0-255,66,77527,41,167094
8965,0.001107,74.125.130.0-255,4320,81847,41,167094
8966,0.001109,172.31.46.0-255,66,81913,41,167094
8967,0.00117,172.31.46.0-255,66,81979,41,167094
8968,0.001184,172.31.46.0-255,66,82045,41,167094
8969,0.001376,74.125.130.0-255,1484,83529,41,167094
8970,0.001405,74.125.130.0-255,2902,86431,41,167094
8971,0.001409,172.31.46.0-255,66,86497,41,167094
8972,0.001431,74.125.130.0-255,5738,92235,41,167094
8973,0.001434,172.31.46.0-255,66,92301,41,167094
8974,0.001444,172.31.46.0-255,66,92367,41,167094
8975,0.001457,172.31.46.0-255,66,92433,41,167094
8976,0.001475,74.125.130.0-255,2902,95335,41,167094
8977,0.001478,172.31.46.0-255,66,95401,41,167094
8978,0.001483,74.125.130.0-255,2184,97585,41,167094
8979,0.001486,172.31.46.0-255,66,97651,41,167094
8980,0.00149,74.125.130.0-255,2902,100553,41,167094
8981,0.001492,172.31.46.0-255,66,100619,41,167094
8982,0.001502,172.31.46.0-255,66,100685,41,167094
8983,0.001515,172.31.46.0-255,66,100751,41,167094
8984,0.00154,74.125.130.0-255,5738,106489,41,167094
8985,0.001543,172.31.46.0-255,66,106555,41,167094
8986,0.001553,172.31.46.0-255,66,106621,41,167094
8987,0.001555,74.125.130.0-255,766,107387,41,167094
8988,0.001669,74.125.130.0-255,1484,108871,41,167094
8989,0.001673,172.31.46.0-255,66,108937,41,167094
8990,0.001678,74.125.130.0-255,2902,111839,41,167094
8991,0.00168,172.31.46.0-255,66,111905,41,167094
8992,0.0017,74.125.130.0-255,5738,117643,41,167094
8993,0.001703,172.31.46.0-255,66,117709,41,167094
8994,0.001706,74.125.130.0-255,1484,119193,41,167094
8995,0.001731,172.31.46.0-255,66,119259,41,167094
8996,0.001758,74.125.130.0-255,2902,122161,41,167094
8997,0.001767,74.125.130.0-255,1484,123645,41,167094
8998,0.001771,172.31.46.0-255,66,123711,41,167094
8999,0.001774,172.31.46.0-255,66,123777,41,167094
9000,0.001789,74.125.130.0-255,2184,125961,41,167094
9001,0.001791,172.31.46.0-255,66,126027,41,167094
9002,0.001966,74.125.130.0-255,1484,127511,41,167094
9003,0.001979,74.125.130.0-255,1484,128995,41,167094
9004,0.001982,172.31.46.0-255,66,129061,41,167094
9005,0.002004,74.125.130.0-255,1484,130545,41,167094
9006,0.002011,74.125.130.0-255,5738,136283,41,167094
9007,0.002014,172.31.46.0-255,66,136349,41,167094
9008,0.002027,74.125.130.0-255,5738,142087,41,167094
9009,0.002029,172.31.46.0-255,66,142153,41,167094
9010,0.002052,172.31.46.0-255,66,142219,41,167094
9011,0.002062,172.31.46.0-255,66,142285,41,167094
9012,0.002112,172.31.46.0-255,66,142351,41,167094
9013,0.002141,172.31.46.0-255,66,142417,41,167094
9014,0.002185,172.31.46.0-255,66,142483,41,167094
9015,0.002223,172.31.46.0-255,66,142549,41,167094
9016,0.002244,172.31.46.0-255,66,142615,41,167094
9017,0.002248,74.125.130.0-255,2184,144799,41,167094
9018,0.00225,172.31.46.0-255,66,144865,41,167094
9019,0.002273,172.31.46.0-255,66,144931,41,167094
9020,0.002308,74.125.130.0-255,4320,149251,41,167094
9021,0.002311,172.31.46.0-255,66,149317,41,167094
9022,0.002323,172.31.46.0-255,66,149383,41,167094
9023,0.002339,172.31.46.0-255,66,149449,41,167094
9024,0.004283,172.31.46.0-255,101,149550,41,167094
9025,0.004579,74.125.130.0-255,5738,155288,41,167094
9026,0.004586,172.31.46.0-255,66,155354,41,167094
9027,0.006495,74.125.130.0-255,66,155420,41,167094
9028,0.00683,74.125.130.0-255,5738,161158,41,167094
9029,0.006836,172.31.46.0-255,66,161224,41,167094
9030,0.009081,74.125.130.0-255,4320,165544,41,167094
9031,0.009086,172.31.46.0-255,66,165610,41,167094
9032,0.009104,74.125.130.0-255,1484,167094,41,167094
9033,0.0,74.125.24.0-255,297,297,41,146264
9034,1.3e-05,172.31.46.0-255,66,363,41,146264
9035,1.9e-05,74.125.24.0-255,1484,1847,41,146264
9036,2.2e-05,172.31.46.0-255,66,1913,41,146264
9037,2.9e-05,74.125.24.0-255,4320,6233,41,146264
9038,3.1e-05,172.31.46.0-255,66,6299,41,146264
9039,3.5e-05,74.125.24.0-255,2902,9201,41,146264
9040,3.7e-05,172.31.46.0-255,66,9267,41,146264
9041,6e-05,74.125.24.0-255,2902,12169,41,146264
9042,6.3e-05,172.31.46.0-255,66,12235,41,146264
9043,8.2e-05,74.125.24.0-255,1809,14044,41,146264
9044,8.4e-05,172.31.46.0-255,66,14110,41,146264
9045,0.000189,74.125.24.0-255,1484,15594,41,146264
9046,0.000193,172.31.46.0-255,66,15660,41,146264
9047,0.000196,74.125.24.0-255,1484,17144,41,146264
9048,0.000198,172.31.46.0-255,66,17210,41,146264
9049,0.000211,74.125.24.0-255,1484,18694,41,146264
9050,0.000213,172.31.46.0-255,66,18760,41,146264
9051,0.000218,74.125.24.0-255,4320,23080,41,146264
9052,0.00022,172.31.46.0-255,66,23146,41,146264
9053,0.000233,74.125.24.0-255,1484,24630,41,146264
9054,0.000235,172.31.46.0-255,66,24696,41,146264
9055,0.000239,74.125.24.0-255,2902,27598,41,146264
9056,0.000241,172.31.46.0-255,66,27664,41,146264
9057,0.000263,74.125.24.0-255,2902,30566,41,146264
9058,0.000265,172.31.46.0-255,66,30632,41,146264
9059,0.000282,74.125.24.0-255,2902,33534,41,146264
9060,0.000284,172.31.46.0-255,66,33600,41,146264
9061,0.000307,74.125.24.0-255,3961,37561,41,146264
9062,0.00031,172.31.46.0-255,66,37627,41,146264
9063,0.000315,74.125.24.0-255,5738,43365,41,146264
9064,0.000317,172.31.46.0-255,66,43431,41,146264
9065,0.000345,74.125.24.0-255,5738,49169,41,146264
9066,0.000347,172.31.46.0-255,66,49235,41,146264
9067,0.000378,172.31.46.0-255,66,49301,41,146264
9068,0.000387,172.31.46.0-255,66,49367,41,146264
9069,0.000437,74.125.24.0-255,401,49768,41,146264
9070,0.000494,74.125.24.0-255,344,50112,41,146264
9071,0.000593,74.125.24.0-255,1484,51596,41,146264
9072,0.000596,172.31.46.0-255,66,51662,41,146264
9073,0.000601,74.125.24.0-255,2902,54564,41,146264
9074,0.000603,172.31.46.0-255,66,54630,41,146264
9075,0.000623,74.125.24.0-255,5738,60368,41,146264
9076,0.000625,172.31.46.0-255,66,60434,41,146264
9077,0.000653,172.31.46.0-255,66,60500,41,146264
9078,0.000658,74.125.24.0-255,5738,66238,41,146264
9079,0.00066,172.31.46.0-255,66,66304,41,146264
9080,0.000704,74.125.24.0-255,5020,71324,41,146264
9081,0.000707,172.31.46.0-255,66,71390,41,146264
9082,0.001222,74.125.24.0-255,1484,72874,41,146264
9083,0.001228,74.125.24.0-255,2902,75776,41,146264
9084,0.001232,172.31.46.0-255,66,75842,41,146264
9085,0.00125,74.125.24.0-255,1484,77326,41,146264
9086,0.001274,74.125.24.0-255,5738,83064,41,146264
9087,0.001277,172.31.46.0-255,66,83130,41,146264
9088,0.001312,172.31.46.0-255,66,83196,41,146264
9089,0.001325,172.31.46.0-255,66,83262,41,146264
9090,0.001485,74.125.24.0-255,1484,84746,41,146264
9091,0.00149,74.125.24.0-255,2902,87648,41,146264
9092,0.001492,172.31.46.0-255,66,87714,41,146264
9093,0.001514,74.125.24.0-255,5738,93452,41,146264
9094,0.001516,172.31.46.0-255,66,93518,41,146264
9095,0.001566,74.125.24.0-255,5738,99256,41,146264
9096,0.001568,172.31.46.0-255,66,99322,41,146264
9097,0.001585,172.31.46.0-255,66,99388,41,146264
9098,0.001591,74.125.24.0-255,5738,105126,41,146264
9099,0.001593,172.31.46.0-255,66,105192,41,146264
9100,0.001609,74.125.24.0-255,5020,110212,41,146264
9101,0.00161,172.31.46.0-255,66,110278,41,146264
9102,0.001816,74.125.24.0-255,1484,111762,41,146264
9103,0.001821,74.125.24.0-255,2902,114664,41,146264
9104,0.001824,172.31.46.0-255,66,114730,41,146264
9105,0.001829,74.125.24.0-255,4320,119050,41,146264
9106,0.001831,172.31.46.0-255,66,119116,41,146264
9107,0.001843,74.125.24.0-255,1484,120600,41,146264
9108,0.001856,74.125.24.0-255,4320,124920,41,146264
9109,0.001858,172.31.46.0-255,66,124986,41,146264
9110,0.001891,172.31.46.0-255,66,125052,41,146264
9111,0.001899,172.31.46.0-255,66,125118,41,146264
9112,0.001926,74.125.24.0-255,3602,128720,41,146264
9113,0.001929,172.31.46.0-255,66,128786,41,146264
9114,0.003941,74.125.24.0-255,1484,130270,41,146264
9115,0.003964,74.125.24.0-255,4320,134590,41,146264
9116,0.003968,172.31.46.0-255,66,134656,41,146264
9117,0.006025,74.125.24.0-255,5738,140394,41,146264
9118,0.00603,172.31.46.0-255,66,140460,41,146264
9119,0.008083,74.125.24.0-255,5738,146198,41,146264
9120,0.00809,172.31.46.0-255,66,146264,41,146264
9121,0.0,74.125.68.0-255,154,154,41,179100
9122,2.3e-05,172.31.46.0-255,66,220,41,179100
9123,3.1e-05,74.125.68.0-255,1484,1704,41,179100
9124,3.5e-05,172.31.46.0-255,66,1770,41,179100
9125,4.9e-05,74.125.68.0-255,2902,4672,41,179100
9126,5.3e-05,172.31.46.0-255,66,4738,41,179100
9127,7.8e-05,74.125.68.0-255,1484,6222,41,179100
9128,8.1e-05,172.31.46.0-255,66,6288,41,179100
9129,0.0001,74.125.68.0-255,4320,10608,41,179100
9130,0.000108,172.31.46.0-255,66,10674,41,179100
9131,0.000113,74.125.68.0-255,3459,14133,41,179100
9132,0.000116,172.31.46.0-255,66,14199,41,179100
9133,0.000121,74.125.68.0-255,4320,18519,41,179100
9134,0.000123,172.31.46.0-255,66,18585,41,179100
9135,0.00013,74.125.68.0-255,5738,24323,41,179100
9136,0.000133,172.31.46.0-255,66,24389,41,179100
9137,0.000173,74.125.68.0-255,4320,28709,41,179100
9138,0.000177,172.31.46.0-255,66,28775,41,179100
9139,0.00018,74.125.68.0-255,2543,31318,41,179100
9140,0.000182,172.31.46.0-255,66,31384,41,179100
9141,0.000365,74.125.68.0-255,1484,32868,41,179100
9142,0.000371,172.31.46.0-255,66,32934,41,179100
9143,0.000377,74.125.68.0-255,2902,35836,41,179100
9144,0.000379,172.31.46.0-255,66,35902,41,179100
9145,0.000409,74.125.68.0-255,1484,37386,41,179100
9146,0.000412,172.31.46.0-255,66,37452,41,179100
9147,0.000416,74.125.68.0-255,2902,40354,41,179100
9148,0.000418,172.31.46.0-255,66,40420,41,179100
9149,0.000424,74.125.68.0-255,5738,46158,41,179100
9150,0.000431,172.31.46.0-255,66,46224,41,179100
9151,0.000437,74.125.68.0-255,5738,51962,41,179100
9152,0.000439,172.31.46.0-255,66,52028,41,179100
9153,0.000476,172.31.46.0-255,66,52094,41,179100
9154,0.000481,74.125.68.0-255,2902,54996,41,179100
9155,0.000483,172.31.46.0-255,66,55062,41,179100
9156,0.000515,74.125.68.0-255,3602,58664,41,179100
9157,0.000518,172.31.46.0-255,66,58730,41,179100
9158,0.000521,74.125.68.0-255,363,59093,41,179100
9159,0.000589,74.125.68.0-255,1551,60644,41,179100
9160,0.000592,172.31.46.0-255,66,60710,41,179100
9161,0.000597,74.125.68.0-255,2902,63612,41,179100
9162,0.000599,172.31.46.0-255,66,63678,41,179100
9163,0.000618,74.125.68.0-255,4320,67998,41,179100
9164,0.000621,172.31.46.0-255,66,68064,41,179100
9165,0.000642,74.125.68.0-255,1484,69548,41,179100
9166,0.000652,172.31.46.0-255,66,69614,41,179100
9167,0.000679,74.125.68.0-255,1484,71098,41,179100
9168,0.000691,74.125.68.0-255,1484,72582,41,179100
9169,0.000693,172.31.46.0-255,66,72648,41,179100
9170,0.000716,74.125.68.0-255,1484,74132,41,179100
9171,0.000722,74.125.68.0-255,5738,79870,41,179100
9172,0.000725,172.31.46.0-255,66,79936,41,179100
9173,0.000778,172.31.46.0-255,66,80002,41,179100
9174,0.000988,74.125.68.0-255,1484,81486,41,179100
9175,0.001006,74.125.68.0-255,2902,84388,41,179100
9176,0.00101,172.31.46.0-255,66,84454,41,179100
9177,0.001038,74.125.68.0-255,5738,90192,41,179100
9178,0.001041,172.31.46.0-255,66,90258,41,179100
9179,0.001082,172.31.46.0-255,66,90324,41,179100
9180,0.00111,74.125.68.0-255,4320,94644,41,179100
9181,0.001112,172.31.46.0-255,66,94710,41,179100
9182,0.001118,74.125.68.0-255,4320,99030,41,179100
9183,0.00112,172.31.46.0-255,66,99096,41,179100
9184,0.001147,74.125.68.0-255,1484,100580,41,179100
9185,0.001157,172.31.46.0-255,66,100646,41,179100
9186,0.001777,74.125.68.0-255,1484,102130,41,179100
9187,0.001792,74.125.68.0-255,2902,105032,41,179100
9188,0.001794,172.31.46.0-255,66,105098,41,179100
9189,0.001823,74.125.68.0-255,4320,109418,41,179100
9190,0.001825,172.31.46.0-255,66,109484,41,179100
9191,0.001828,74.125.68.0-255,1484,110968,41,179100
9192,0.001861,172.31.46.0-255,66,111034,41,179100
9193,0.001867,74.125.68.0-255,4320,115354,41,179100
9194,0.001869,172.31.46.0-255,66,115420,41,179100
9195,0.001899,74.125.68.0-255,2902,118322,41,179100
9196,0.001905,172.31.46.0-255,66,118388,41,179100
9197,0.001942,172.31.46.0-255,66,118454,41,179100
9198,0.001946,74.125.68.0-255,2902,121356,41,179100
9199,0.001948,172.31.46.0-255,66,121422,41,179100
9200,0.001952,74.125.68.0-255,1484,122906,41,179100
9201,0.00198,74.125.68.0-255,2902,125808,41,179100
9202,0.001986,172.31.46.0-255,66,125874,41,179100
9203,0.001992,74.125.68.0-255,5738,131612,41,179100
9204,0.001994,172.31.46.0-255,66,131678,41,179100
9205,0.002028,74.125.68.0-255,2902,134580,41,179100
9206,0.00203,172.31.46.0-255,66,134646,41,179100
9207,0.002036,74.125.68.0-255,4320,138966,41,179100
9208,0.002038,172.31.46.0-255,66,139032,41,179100
9209,0.002048,74.125.68.0-255,5738,144770,41,179100
9210,0.002051,172.31.46.0-255,66,144836,41,179100
9211,0.002092,74.125.68.0-255,1484,146320,41,179100
9212,0.002124,172.31.46.0-255,66,146386,41,179100
9213,0.002127,74.125.68.0-255,1484,147870,41,179100
9214,0.002131,74.125.68.0-255,2902,150772,41,179100
9215,0.002133,172.31.46.0-255,66,150838,41,179100
9216,0.002144,74.125.68.0-255,5738,156576,41,179100
9217,0.002147,172.31.46.0-255,66,156642,41,179100
9218,0.002156,172.31.46.0-255,66,156708,41,179100
9219,0.002194,172.31.46.0-255,66,156774,41,179100
9220,0.002197,74.125.68.0-255,1484,158258,41,179100
9221,0.002229,172.31.46.0-255,66,158324,41,179100
9222,0.002253,74.125.68.0-255,2902,161226,41,179100
9223,0.002255,172.31.46.0-255,66,161292,41,179100
9224,0.004468,74.125.68.0-255,2902,164194,41,179100
9225,0.004475,172.31.46.0-255,66,164260,41,179100
9226,0.004496,74.125.68.0-255,2902,167162,41,179100
9227,0.004499,172.31.46.0-255,66,167228,41,179100
9228,0.006706,74.125.68.0-255,2902,170130,41,179100
9229,0.006716,172.31.46.0-255,66,170196,41,179100
9230,0.006751,74.125.68.0-255,2902,173098,41,179100
9231,0.006754,172.31.46.0-255,66,173164,41,179100
9232,0.008951,74.125.68.0-255,2902,176066,41,179100
9233,0.008958,172.31.46.0-255,66,176132,41,179100
9234,0.008988,74.125.68.0-255,2902,179034,41,179100
9235,0.008991,172.31.46.0-255,66,179100,41,179100
9236,0.0,74.125.24.0-255,150,150,41,141209
9237,2.3e-05,172.31.46.0-255,66,216,41,141209
9238,3e-05,74.125.24.0-255,1484,1700,41,141209
9239,3.4e-05,172.31.46.0-255,66,1766,41,141209
9240,4.1e-05,74.125.24.0-255,2902,4668,41,141209
9241,4.5e-05,172.31.46.0-255,66,4734,41,141209
9242,5.6e-05,172.31.46.0-255,66,4800,41,141209
9243,8.2e-05,74.125.24.0-255,2089,6889,41,141209
9244,8.5e-05,172.31.46.0-255,66,6955,41,141209
9245,9e-05,74.125.24.0-255,2902,9857,41,141209
9246,9.2e-05,172.31.46.0-255,66,9923,41,141209
9247,0.000103,172.31.46.0-255,66,9989,41,141209
9248,0.000109,74.125.24.0-255,5738,15727,41,141209
9249,0.000112,172.31.46.0-255,66,15793,41,141209
9250,0.00013,74.125.24.0-255,1125,16918,41,141209
9251,0.000132,172.31.46.0-255,66,16984,41,141209
9252,0.00125,74.125.24.0-255,1484,18468,41,141209
9253,0.001257,172.31.46.0-255,66,18534,41,141209
9254,0.001269,74.125.24.0-255,2902,21436,41,141209
9255,0.001272,172.31.46.0-255,66,21502,41,141209
9256,0.001279,74.125.24.0-255,5738,27240,41,141209
9257,0.001281,172.31.46.0-255,66,27306,41,141209
9258,0.00129,172.31.46.0-255,66,27372,41,141209
9259,0.001321,172.31.46.0-255,66,27438,41,141209
9260,0.001325,74.125.24.0-255,2820,30258,41,141209
9261,0.001327,172.31.46.0-255,66,30324,41,141209
9262,0.001404,74.125.24.0-255,379,30703,41,141209
9263,0.001406,172.31.46.0-255,66,30769,41,141209
9264,0.001498,74.125.24.0-255,1484,32253,41,141209
9265,0.001504,74.125.24.0-255,2902,35155,41,141209
9266,0.001506,172.31.46.0-255,66,35221,41,141209
9267,0.001519,74.125.24.0-255,5738,40959,41,141209
9268,0.001521,172.31.46.0-255,66,41025,41,141209
9269,0.001541,74.125.24.0-255,1484,42509,41,141209
9270,0.001562,74.125.24.0-255,4320,46829,41,141209
9271,0.001565,172.31.46.0-255,66,46895,41,141209
9272,0.001577,172.31.46.0-255,66,46961,41,141209
9273,0.00158,74.125.24.0-255,1484,48445,41,141209
9274,0.001599,74.125.24.0-255,3602,52047,41,141209
9275,0.001601,172.31.46.0-255,66,52113,41,141209
9276,0.001721,74.125.24.0-255,1484,53597,41,141209
9277,0.001725,74.125.24.0-255,2902,56499,41,141209
9278,0.001727,172.31.46.0-255,66,56565,41,141209
9279,0.00173,74.125.24.0-255,1484,58049,41,141209
9280,0.001746,74.125.24.0-255,4320,62369,41,141209
9281,0.001748,172.31.46.0-255,66,62435,41,141209
9282,0.001762,74.125.24.0-255,4320,66755,41,141209
9283,0.001764,172.31.46.0-255,66,66821,41,141209
9284,0.001788,172.31.46.0-255,66,66887,41,141209
9285,0.001798,74.125.24.0-255,1484,68371,41,141209
9286,0.001829,172.31.46.0-255,66,68437,41,141209
9287,0.001844,172.31.46.0-255,66,68503,41,141209
9288,0.001856,172.31.46.0-255,66,68569,41,141209
9289,0.001906,74.125.24.0-255,1484,70053,41,141209
9290,0.001918,74.125.24.0-255,2902,72955,41,141209
9291,0.00192,172.31.46.0-255,66,73021,41,141209
9292,0.00194,74.125.24.0-255,5738,78759,41,141209
9293,0.001942,172.31.46.0-255,66,78825,41,141209
9294,0.001945,74.125.24.0-255,1484,80309,41,141209
9295,0.00196,74.125.24.0-255,5738,86047,41,141209
9296,0.001962,172.31.46.0-255,66,86113,41,141209
9297,0.001989,172.31.46.0-255,66,86179,41,141209
9298,0.002009,74.125.24.0-255,4320,90499,41,141209
9299,0.002011,172.31.46.0-255,66,90565,41,141209
9300,0.002014,74.125.24.0-255,2184,92749,41,141209
9301,0.002016,172.31.46.0-255,66,92815,41,141209
9302,0.002063,74.125.24.0-255,1484,94299,41,141209
9303,0.002074,74.125.24.0-255,2902,97201,41,141209
9304,0.002076,172.31.46.0-255,66,97267,41,141209
9305,0.002079,74.125.24.0-255,1484,98751,41,141209
9306,0.002094,74.125.24.0-255,4320,103071,41,141209
9307,0.002096,172.31.46.0-255,66,103137,41,141209
9308,0.0021,74.125.24.0-255,2902,106039,41,141209
9309,0.002102,172.31.46.0-255,66,106105,41,141209
9310,0.002125,74.125.24.0-255,5738,111843,41,141209
9311,0.002128,172.31.46.0-255,66,111909,41,141209
9312,0.002133,74.125.24.0-255,5738,117647,41,141209
9313,0.002135,172.31.46.0-255,66,117713,41,141209
9314,0.002168,172.31.46.0-255,66,117779,41,141209
9315,0.002182,172.31.46.0-255,66,117845,41,141209
9316,0.002212,74.125.24.0-255,4320,122165,41,141209
9317,0.002215,172.31.46.0-255,66,122231,41,141209
9318,0.002245,172.31.46.0-255,66,122297,41,141209
9319,0.002309,172.31.46.0-255,66,122363,41,141209
9320,0.002328,172.31.46.0-255,66,122429,41,141209
9321,0.00234,172.31.46.0-255,66,122495,41,141209
9322,0.002355,74.125.24.0-255,4320,126815,41,141209
9323,0.002357,172.31.46.0-255,66,126881,41,141209
9324,0.002373,74.125.24.0-255,2902,129783,41,141209
9325,0.002375,172.31.46.0-255,66,129849,41,141209
9326,0.002408,172.31.46.0-255,66,129915,41,141209
9327,0.002431,74.125.24.0-255,3602,133517,41,141209
9328,0.002434,172.31.46.0-255,66,133583,41,141209
9329,0.002451,172.31.46.0-255,66,133649,41,141209
9330,0.002467,74.125.24.0-255,3602,137251,41,141209
9331,0.002469,172.31.46.0-255,66,137317,41,141209
9332,0.002482,172.31.46.0-255,66,137383,41,141209
9333,0.00252,172.31.46.0-255,66,137449,41,141209
9334,0.002524,74.125.24.0-255,3352,140801,41,141209
9335,0.002526,172.31.46.0-255,66,140867,41,141209
9336,0.002529,74.125.24.0-255,105,140972,41,141209
9337,0.004806,172.31.46.0-255,66,141038,41,141209
9338,0.004838,172.31.46.0-255,105,141143,41,141209
9339,0.007398,74.125.24.0-255,66,141209,41,141209
9340,0.0,172.217.24.0-255,153,153,41,100836
9341,1.4e-05,172.31.46.0-255,66,219,41,100836
9342,2e-05,172.217.24.0-255,1484,1703,41,100836
9343,2.5e-05,172.31.46.0-255,66,1769,41,100836
9344,3e-05,172.217.24.0-255,2902,4671,41,100836
9345,3.3e-05,172.31.46.0-255,66,4737,41,100836
9346,3.6e-05,172.217.24.0-255,1484,6221,41,100836
9347,3.8e-05,172.31.46.0-255,66,6287,41,100836
9348,4.5e-05,172.217.24.0-255,5738,12025,41,100836
9349,4.7e-05,172.31.46.0-255,66,12091,41,100836
9350,7.6e-05,172.217.24.0-255,2012,14103,41,100836
9351,7.8e-05,172.31.46.0-255,66,14169,41,100836
9352,0.000132,172.217.24.0-255,1484,15653,41,100836
9353,0.000135,172.31.46.0-255,66,15719,41,100836
9354,0.000138,172.217.24.0-255,1484,17203,41,100836
9355,0.00014,172.31.46.0-255,66,17269,41,100836
9356,0.000151,172.217.24.0-255,1484,18753,41,100836
9357,0.000153,172.31.46.0-255,66,18819,41,100836
9358,0.000157,172.217.24.0-255,2902,21721,41,100836
9359,0.000159,172.31.46.0-255,66,21787,41,100836
9360,0.000189,172.217.24.0-255,2902,24689,41,100836
9361,0.000191,172.31.46.0-255,66,24755,41,100836
9362,0.000195,172.217.24.0-255,2902,27657,41,100836
9363,0.000197,172.31.46.0-255,66,27723,41,100836
9364,0.000202,172.217.24.0-255,3961,31684,41,100836
9365,0.000204,172.31.46.0-255,66,31750,41,100836
9366,0.000369,172.217.24.0-255,1484,33234,41,100836
9367,0.000373,172.31.46.0-255,66,33300,41,100836
9368,0.000379,172.217.24.0-255,2902,36202,41,100836
9369,0.000381,172.31.46.0-255,66,36268,41,100836
9370,0.000385,172.217.24.0-255,2902,39170,41,100836
9371,0.000387,172.31.46.0-255,66,39236,41,100836
9372,0.00041,172.217.24.0-255,2902,42138,41,100836
9373,0.000412,172.31.46.0-255,66,42204,41,100836
9374,0.000415,172.217.24.0-255,1484,43688,41,100836
9375,0.000434,172.217.24.0-255,5379,49067,41,100836
9376,0.000437,172.31.46.0-255,66,49133,41,100836
9377,0.000474,172.31.46.0-255,66,49199,41,100836
9378,0.000478,172.217.24.0-255,2902,52101,41,100836
9379,0.00048,172.31.46.0-255,66,52167,41,100836
9380,0.000495,172.217.24.0-255,5738,57905,41,100836
9381,0.000498,172.31.46.0-255,66,57971,41,100836
9382,0.000509,172.217.24.0-255,1125,59096,41,100836
9383,0.000557,172.217.24.0-255,396,59492,41,100836
9384,0.000938,172.31.46.0-255,66,59558,41,100836
9385,0.001252,172.217.24.0-255,349,59907,41,100836
9386,0.001344,172.217.24.0-255,1484,61391,41,100836
9387,0.00135,172.31.46.0-255,66,61457,41,100836
9388,0.001356,172.217.24.0-255,2902,64359,41,100836
9389,0.001358,172.31.46.0-255,66,64425,41,100836
9390,0.001362,172.217.24.0-255,1484,65909,41,100836
9391,0.001387,172.217.24.0-255,4320,70229,41,100836
9392,0.00139,172.31.46.0-255,66,70295,41,100836
9393,0.001401,172.31.46.0-255,66,70361,41,100836
9394,0.001425,172.217.24.0-255,4320,74681,41,100836
9395,0.001429,172.31.46.0-255,66,74747,41,100836
9396,0.001449,172.217.24.0-255,2902,77649,41,100836
9397,0.001452,172.31.46.0-255,66,77715,41,100836
9398,0.001463,172.31.46.0-255,66,77781,41,100836
9399,0.001485,172.217.24.0-255,1125,78906,41,100836
9400,0.002829,172.31.46.0-255,66,78972,41,100836
9401,0.003363,172.217.24.0-255,4320,83292,41,100836
9402,0.00337,172.31.46.0-255,66,83358,41,100836
9403,0.004726,172.217.24.0-255,1484,84842,41,100836
9404,0.005282,172.217.24.0-255,4320,89162,41,100836
9405,0.005287,172.31.46.0-255,66,89228,41,100836
9406,0.007184,172.217.24.0-255,5738,94966,41,100836
9407,0.007192,172.31.46.0-255,66,95032,41,100836
9408,0.0091,172.217.24.0-255,5738,100770,41,100836
9409,0.009111,172.31.46.0-255,66,100836,41,100836
9410,0.0,74.125.24.0-255,150,150,41,187461
9411,2.3e-05,172.31.46.0-255,66,216,41,187461
9412,3e-05,74.125.24.0-255,1484,1700,41,187461
9413,3.4e-05,172.31.46.0-255,66,1766,41,187461
9414,4.8e-05,74.125.24.0-255,2902,4668,41,187461
9415,5.2e-05,172.31.46.0-255,66,4734,41,187461
9416,5.9e-05,74.125.24.0-255,5738,10472,41,187461
9417,6.2e-05,172.31.46.0-255,66,10538,41,187461
9418,6.6e-05,74.125.24.0-255,1484,12022,41,187461
9419,6.8e-05,172.31.46.0-255,66,12088,41,187461
9420,0.000116,74.125.24.0-255,4938,17026,41,187461
9421,0.00012,172.31.46.0-255,66,17092,41,187461
9422,0.000131,172.31.46.0-255,66,17158,41,187461
9423,0.000147,172.31.46.0-255,66,17224,41,187461
9424,0.000158,172.31.46.0-255,66,17290,41,187461
9425,0.000194,74.125.24.0-255,2902,20192,41,187461
9426,0.000201,172.31.46.0-255,66,20258,41,187461
9427,0.000207,74.125.24.0-255,4320,24578,41,187461
9428,0.000209,172.31.46.0-255,66,24644,41,187461
9429,0.00025,172.31.46.0-255,66,24710,41,187461
9430,0.000253,74.125.24.0-255,1392,26102,41,187461
9431,0.000255,172.31.46.0-255,66,26168,41,187461
9432,0.000318,74.125.24.0-255,136,26304,41,187461
9433,0.000321,172.31.46.0-255,66,26370,41,187461
9434,0.000373,74.125.24.0-255,1484,27854,41,187461
9435,0.000376,172.31.46.0-255,66,27920,41,187461
9436,0.000381,74.125.24.0-255,2902,30822,41,187461
9437,0.000383,172.31.46.0-255,66,30888,41,187461
9438,0.000423,74.125.24.0-255,5738,36626,41,187461
9439,0.000441,74.125.24.0-255,2902,39528,41,187461
9440,0.000454,74.125.24.0-255,4320,43848,41,187461
9441,0.000484,74.125.24.0-255,348,44196,41,187461
9442,0.00061,172.31.46.0-255,66,44262,41,187461
9443,0.000748,74.125.24.0-255,1484,45746,41,187461
9444,0.000766,74.125.24.0-255,2902,48648,41,187461
9445,0.00078,74.125.24.0-255,4320,52968,41,187461
9446,0.000786,172.31.46.0-255,66,53034,41,187461
9447,0.000802,74.125.24.0-255,1484,54518,41,187461
9448,0.000833,172.31.46.0-255,66,54584,41,187461
9449,0.00084,74.125.24.0-255,1484,56068,41,187461
9450,0.000883,74.125.24.0-255,2184,58252,41,187461
9451,0.000892,172.31.46.0-255,66,58318,41,187461
9452,0.00097,74.125.24.0-255,1484,59802,41,187461
9453,0.000975,74.125.24.0-255,2902,62704,41,187461
9454,0.000987,172.31.46.0-255,66,62770,41,187461
9455,0.000994,74.125.24.0-255,5738,68508,41,187461
9456,0.000999,172.31.46.0-255,66,68574,41,187461
9457,0.001057,172.31.46.0-255,66,68640,41,187461
9458,0.001064,74.125.24.0-255,2902,71542,41,187461
9459,0.001068,172.31.46.0-255,66,71608,41,187461
9460,0.001113,172.31.46.0-255,66,71674,41,187461
9461,0.001151,74.125.24.0-255,1484,73158,41,187461
9462,0.001165,74.125.24.0-255,2902,76060,41,187461
9463,0.001168,74.125.24.0-255,1484,77544,41,187461
9464,0.001173,172.31.46.0-255,66,77610,41,187461
9465,0.001212,74.125.24.0-255,4320,81930,41,187461
9466,0.001218,74.125.24.0-255,5738,87668,41,187461
9467,0.001232,74.125.24.0-255,1484,89152,41,187461
9468,0.001248,74.125.24.0-255,3602,92754,41,187461
9469,0.001273,172.31.46.0-255,66,92820,41,187461
9470,0.001413,74.125.24.0-255,1484,94304,41,187461
9471,0.001426,74.125.24.0-255,2902,97206,41,187461
9472,0.001433,172.31.46.0-255,66,97272,41,187461
9473,0.001464,74.125.24.0-255,5738,103010,41,187461
9474,0.001467,74.125.24.0-255,1484,104494,41,187461
9475,0.001478,172.31.46.0-255,66,104560,41,187461
9476,0.00154,172.31.46.0-255,66,104626,41,187461
9477,0.001564,74.125.24.0-255,1484,106110,41,187461
9478,0.001592,172.31.46.0-255,66,106176,41,187461
9479,0.001601,74.125.24.0-255,4320,110496,41,187461
9480,0.001605,172.31.46.0-255,66,110562,41,187461
9481,0.001658,172.31.46.0-255,66,110628,41,187461
9482,0.00168,74.125.24.0-255,5738,116366,41,187461
9483,0.001703,74.125.24.0-255,4320,120686,41,187461
9484,0.001706,172.31.46.0-255,66,120752,41,187461
9485,0.00171,172.31.46.0-255,66,120818,41,187461
9486,0.001724,74.125.24.0-255,3602,124420,41,187461
9487,0.001749,172.31.46.0-255,66,124486,41,187461
9488,0.001847,74.125.24.0-255,1484,125970,41,187461
9489,0.001851,74.125.24.0-255,1484,127454,41,187461
9490,0.001859,172.31.46.0-255,66,127520,41,187461
9491,0.001867,74.125.24.0-255,1484,129004,41,187461
9492,0.001872,74.125.24.0-255,5738,134742,41,187461
9493,0.001907,172.31.46.0-255,66,134808,41,187461
9494,0.001912,74.125.24.0-255,5738,140546,41,187461
9495,0.001929,172.31.46.0-255,66,140612,41,187461
9496,0.001954,74.125.24.0-255,3602,144214,41,187461
9497,0.001959,172.31.46.0-255,66,144280,41,187461
9498,0.002013,74.125.24.0-255,1484,145764,41,187461
9499,0.002026,74.125.24.0-255,4320,150084,41,187461
9500,0.002028,172.31.46.0-255,66,150150,41,187461
9501,0.002038,74.125.24.0-255,4320,154470,41,187461
9502,0.002041,172.31.46.0-255,66,154536,41,187461
9503,0.002063,74.125.24.0-255,3602,158138,41,187461
9504,0.002069,74.125.24.0-255,1484,159622,41,187461
9505,0.002073,74.125.24.0-255,2902,162524,41,187461
9506,0.002075,74.125.24.0-255,1484,164008,41,187461
9507,0.002085,172.31.46.0-255,66,164074,41,187461
9508,0.002099,74.125.24.0-255,4320,168394,41,187461
9509,0.002107,74.125.24.0-255,2902,171296,41,187461
9510,0.002125,74.125.24.0-255,5738,177034,41,187461
9511,0.00213,172.31.46.0-255,66,177100,41,187461
9512,0.002157,74.125.24.0-255,4320,181420,41,187461
9513,0.002167,74.125.24.0-255,1484,182904,41,187461
9514,0.002178,172.31.46.0-255,66,182970,41,187461
9515,0.002188,74.125.24.0-255,4320,187290,41,187461
9516,0.002221,74.125.24.0-255,105,187395,41,187461
9517,0.002254,172.31.46.0-255,66,187461,41,187461
9518,0.0,74.125.24.0-255,152,152,41,148454
9519,1.2e-05,172.31.46.0-255,66,218,41,148454
9520,3e-05,74.125.24.0-255,1484,1702,41,148454
9521,3.4e-05,172.31.46.0-255,66,1768,41,148454
9522,3.9e-05,74.125.24.0-255,2902,4670,41,148454
9523,4.3e-05,172.31.46.0-255,66,4736,41,148454
9524,4.8e-05,74.125.24.0-255,4320,9056,41,148454
9525,5.1e-05,172.31.46.0-255,66,9122,41,148454
9526,7.7e-05,74.125.24.0-255,2902,12024,41,148454
9527,7.9e-05,172.31.46.0-255,66,12090,41,148454
9528,9.4e-05,74.125.24.0-255,4320,16410,41,148454
9529,9.6e-05,172.31.46.0-255,66,16476,41,148454
9530,0.000127,172.31.46.0-255,66,16542,41,148454
9531,0.000174,74.125.24.0-255,2902,19444,41,148454
9532,0.000177,172.31.46.0-255,66,19510,41,148454
9533,0.000198,74.125.24.0-255,2543,22053,41,148454
9534,0.000201,172.31.46.0-255,66,22119,41,148454
9535,0.00063,74.125.24.0-255,1484,23603,41,148454
9536,0.000635,172.31.46.0-255,66,23669,41,148454
9537,0.000644,74.125.24.0-255,2902,26571,41,148454
9538,0.000647,172.31.46.0-255,66,26637,41,148454
9539,0.000678,74.125.24.0-255,5738,32375,41,148454
9540,0.000681,172.31.46.0-255,66,32441,41,148454
9541,0.000687,74.125.24.0-255,5738,38179,41,148454
9542,0.00069,172.31.46.0-255,66,38245,41,148454
9543,0.000706,74.125.24.0-255,1125,39370,41,148454
9544,0.000709,172.31.46.0-255,66,39436,41,148454
9545,0.000732,74.125.24.0-255,4320,43756,41,148454
9546,0.000734,172.31.46.0-255,66,43822,41,148454
9547,0.000745,74.125.24.0-255,2902,46724,41,148454
9548,0.000748,172.31.46.0-255,66,46790,41,148454
9549,0.000783,74.125.24.0-255,5738,52528,41,148454
9550,0.000786,172.31.46.0-255,66,52594,41,148454
9551,0.000802,74.125.24.0-255,4230,56824,41,148454
9552,0.000804,172.31.46.0-255,66,56890,41,148454
9553,0.001335,74.125.24.0-255,386,57276,41,148454
9554,0.001741,74.125.24.0-255,1484,58760,41,148454
9555,0.001746,172.31.46.0-255,66,58826,41,148454
9556,0.001752,74.125.24.0-255,2902,61728,41,148454
9557,0.001754,172.31.46.0-255,66,61794,41,148454
9558,0.001773,74.125.24.0-255,5738,67532,41,148454
9559,0.001776,172.31.46.0-255,66,67598,41,148454
9560,0.001815,172.31.46.0-255,66,67664,41,148454
9561,0.00187,74.125.24.0-255,2902,70566,41,148454
9562,0.001872,172.31.46.0-255,66,70632,41,148454
9563,0.001888,74.125.24.0-255,1484,72116,41,148454
9564,0.001907,172.31.46.0-255,66,72182,41,148454
9565,0.002009,74.125.24.0-255,1484,73666,41,148454
9566,0.002019,74.125.24.0-255,2902,76568,41,148454
9567,0.002022,172.31.46.0-255,66,76634,41,148454
9568,0.002043,74.125.24.0-255,5738,82372,41,148454
9569,0.002045,172.31.46.0-255,66,82438,41,148454
9570,0.002062,74.125.24.0-255,1484,83922,41,148454
9571,0.002081,74.125.24.0-255,5738,89660,41,148454
9572,0.002083,172.31.46.0-255,66,89726,41,148454
9573,0.0021,74.125.24.0-255,1484,91210,41,148454
9574,0.002132,172.31.46.0-255,66,91276,41,148454
9575,0.002151,74.125.24.0-255,2902,94178,41,148454
9576,0.002153,172.31.46.0-255,66,94244,41,148454
9577,0.002187,74.125.24.0-255,2902,97146,41,148454
9578,0.002188,172.31.46.0-255,66,97212,41,148454
9579,0.002209,74.125.24.0-255,5020,102232,41,148454
9580,0.002211,172.31.46.0-255,66,102298,41,148454
9581,0.002264,74.125.24.0-255,1484,103782,41,148454
9582,0.002291,172.31.46.0-255,66,103848,41,148454
9583,0.002385,74.125.24.0-255,4320,108168,41,148454
9584,0.002387,172.31.46.0-255,66,108234,41,148454
9585,0.002412,172.31.46.0-255,66,108300,41,148454
9586,0.002456,172.31.46.0-255,66,108366,41,148454
9587,0.002528,74.125.24.0-255,4320,112686,41,148454
9588,0.00253,172.31.46.0-255,66,112752,41,148454
9589,0.00256,172.31.46.0-255,66,112818,41,148454
9590,0.00258,74.125.24.0-255,3602,116420,41,148454
9591,0.002582,172.31.46.0-255,66,116486,41,148454
9592,0.002707,74.125.24.0-255,1484,117970,41,148454
9593,0.002712,74.125.24.0-255,1484,119454,41,148454
9594,0.002714,172.31.46.0-255,66,119520,41,148454
9595,0.002734,74.125.24.0-255,1484,121004,41,148454
9596,0.002739,74.125.24.0-255,4320,125324,41,148454
9597,0.002742,172.31.46.0-255,66,125390,41,148454
9598,0.002753,74.125.24.0-255,1484,126874,41,148454
9599,0.002798,74.125.24.0-255,4320,131194,41,148454
9600,0.002801,172.31.46.0-255,66,131260,41,148454
9601,0.00283,172.31.46.0-255,66,131326,41,148454
9602,0.002881,74.125.24.0-255,2902,134228,41,148454
9603,0.00289,172.31.46.0-255,66,134294,41,148454
9604,0.00294,172.31.46.0-255,66,134360,41,148454
9605,0.00304,74.125.24.0-255,2902,137262,41,148454
9606,0.003043,172.31.46.0-255,66,137328,41,148454
9607,0.003084,172.31.46.0-255,66,137394,41,148454
9608,0.003106,172.31.46.0-255,66,137460,41,148454
9609,0.003134,172.31.46.0-255,66,137526,41,148454
9610,0.003366,74.125.24.0-255,5738,143264,41,148454
9611,0.00337,172.31.46.0-255,66,143330,41,148454
9612,0.003447,172.31.46.0-255,66,143396,41,148454
9613,0.003488,172.31.46.0-255,66,143462,41,148454
9614,0.00381,74.125.24.0-255,4320,147782,41,148454
9615,0.003814,172.31.46.0-255,66,147848,41,148454
9616,0.003857,172.31.46.0-255,66,147914,41,148454
9617,0.00387,172.31.46.0-255,66,147980,41,148454
9618,0.003999,172.31.46.0-255,66,148046,41,148454
9619,0.004037,172.31.46.0-255,66,148112,41,148454
9620,0.004064,74.125.24.0-255,105,148217,41,148454
9621,0.005868,172.31.46.0-255,66,148283,41,148454
9622,0.005898,172.31.46.0-255,105,148388,41,148454
9623,0.008191,74.125.24.0-255,66,148454,41,148454
9624,0.0,74.125.24.0-255,146,146,41,115670
9625,2.3e-05,172.31.46.0-255,66,212,41,115670
9626,3e-05,74.125.24.0-255,1484,1696,41,115670
9627,3.6e-05,172.31.46.0-255,66,1762,41,115670
9628,4.2e-05,74.125.24.0-255,2902,4664,41,115670
9629,5.4e-05,172.31.46.0-255,66,4730,41,115670
9630,6.1e-05,74.125.24.0-255,5738,10468,41,115670
9631,6.4e-05,172.31.46.0-255,66,10534,41,115670
9632,9.4e-05,74.125.24.0-255,1484,12018,41,115670
9633,9.7e-05,172.31.46.0-255,66,12084,41,115670
9634,0.000141,172.31.46.0-255,66,12150,41,115670
9635,0.000273,74.125.24.0-255,1484,13634,41,115670
9636,0.000276,172.31.46.0-255,66,13700,41,115670
9637,0.00031,74.125.24.0-255,5379,19079,41,115670
9638,0.000313,172.31.46.0-255,66,19145,41,115670
9639,0.000365,74.125.24.0-255,2902,22047,41,115670
9640,0.000367,172.31.46.0-255,66,22113,41,115670
9641,0.000387,74.125.24.0-255,5738,27851,41,115670
9642,0.00039,172.31.46.0-255,66,27917,41,115670
9643,0.000472,74.125.24.0-255,4320,32237,41,115670
9644,0.000475,172.31.46.0-255,66,32303,41,115670
9645,0.000518,172.31.46.0-255,66,32369,41,115670
9646,0.000707,74.125.24.0-255,5738,38107,41,115670
9647,0.00071,172.31.46.0-255,66,38173,41,115670
9648,0.000734,74.125.24.0-255,1395,39568,41,115670
9649,0.000737,172.31.46.0-255,66,39634,41,115670
9650,0.000766,74.125.24.0-255,132,39766,41,115670
9651,0.000769,172.31.46.0-255,66,39832,41,115670
9652,0.000801,172.31.46.0-255,66,39898,41,115670
9653,0.000899,74.125.24.0-255,5738,45636,41,115670
9654,0.001143,74.125.24.0-255,5640,51276,41,115670
9655,0.00121,74.125.24.0-255,4320,55596,41,115670
9656,0.001629,74.125.24.0-255,1484,57080,41,115670
9657,0.001659,74.125.24.0-255,2902,59982,41,115670
9658,0.001683,74.125.24.0-255,1484,61466,41,115670
9659,0.001701,74.125.24.0-255,4320,65786,41,115670
9660,0.001766,74.125.24.0-255,5738,71524,41,115670
9661,0.001929,74.125.24.0-255,5738,77262,41,115670
9662,0.001945,74.125.24.0-255,5020,82282,41,115670
9663,0.002069,74.125.24.0-255,2902,85184,41,115670
9664,0.002209,74.125.24.0-255,4320,89504,41,115670
9665,0.002262,74.125.24.0-255,766,90270,41,115670
9666,0.002485,74.125.24.0-255,4320,94590,41,115670
9667,0.002535,74.125.24.0-255,5020,99610,41,115670
9668,0.002904,74.125.24.0-255,4320,103930,41,115670
9669,0.003415,172.31.46.0-255,66,103996,41,115670
9670,0.005728,74.125.24.0-255,5738,109734,41,115670
9671,0.005741,172.31.46.0-255,66,109800,41,115670
9672,0.007987,74.125.24.0-255,4320,114120,41,115670
9673,0.007996,172.31.46.0-255,66,114186,41,115670
9674,0.008021,74.125.24.0-255,1484,115670,41,115670
9675,0.0,172.217.194.0-255,151,151,41,96326
9676,2.5e-05,172.31.46.0-255,66,217,41,96326
9677,3.3e-05,172.217.194.0-255,1484,1701,41,96326
9678,3.7e-05,172.31.46.0-255,66,1767,41,96326
9679,4.3e-05,172.217.194.0-255,2902,4669,41,96326
9680,4.6e-05,172.31.46.0-255,66,4735,41,96326
9681,5.6e-05,172.31.46.0-255,66,4801,41,96326
9682,6e-05,172.217.194.0-255,2121,6922,41,96326
9683,6.3e-05,172.31.46.0-255,66,6988,41,96326
9684,0.000206,172.217.194.0-255,1484,8472,41,96326
9685,0.000211,172.31.46.0-255,66,8538,41,96326
9686,0.000217,172.217.194.0-255,2902,11440,41,96326
9687,0.00022,172.31.46.0-255,66,11506,41,96326
9688,0.000228,172.217.194.0-255,5738,17244,41,96326
9689,0.000231,172.31.46.0-255,66,17310,41,96326
9690,0.000234,172.217.194.0-255,1484,18794,41,96326
9691,0.000236,172.31.46.0-255,66,18860,41,96326
9692,0.000257,172.217.194.0-255,2902,21762,41,96326
9693,0.00026,172.31.46.0-255,66,21828,41,96326
9694,0.000279,172.217.194.0-255,4320,26148,41,96326
9695,0.000281,172.31.46.0-255,66,26214,41,96326
9696,0.000304,172.31.46.0-255,66,26280,41,96326
9697,0.000313,172.31.46.0-255,66,26346,41,96326
9698,0.000422,172.217.194.0-255,1484,27830,41,96326
9699,0.000426,172.31.46.0-255,66,27896,41,96326
9700,0.000431,172.217.194.0-255,2902,30798,41,96326
9701,0.000433,172.31.46.0-255,66,30864,41,96326
9702,0.000439,172.217.194.0-255,4320,35184,41,96326
9703,0.000442,172.31.46.0-255,66,35250,41,96326
9704,0.000457,172.217.194.0-255,1484,36734,41,96326
9705,0.000468,172.31.46.0-255,66,36800,41,96326
9706,0.001011,172.217.194.0-255,646,37446,41,96326
9707,0.001033,172.217.194.0-255,1484,38930,41,96326
9708,0.001036,172.217.194.0-255,1484,40414,41,96326
9709,0.001041,172.31.46.0-255,66,40480,41,96326
9710,0.001057,172.217.194.0-255,2902,43382,41,96326
9711,0.00106,172.31.46.0-255,66,43448,41,96326
9712,0.001067,172.217.194.0-255,5738,49186,41,96326
9713,0.001069,172.31.46.0-255,66,49252,41,96326
9714,0.001116,172.217.194.0-255,2902,52154,41,96326
9715,0.001119,172.31.46.0-255,66,52220,41,96326
9716,0.001138,172.217.194.0-255,2543,54763,41,96326
9717,0.001141,172.31.46.0-255,66,54829,41,96326
9718,0.001161,172.217.194.0-255,5738,60567,41,96326
9719,0.001164,172.31.46.0-255,66,60633,41,96326
9720,0.001193,172.31.46.0-255,66,60699,41,96326
9721,0.00122,172.217.194.0-255,3961,64660,41,96326
9722,0.001222,172.31.46.0-255,66,64726,41,96326
9723,0.001858,172.217.194.0-255,1484,66210,41,96326
9724,0.001869,172.217.194.0-255,2902,69112,41,96326
9725,0.001873,172.31.46.0-255,66,69178,41,96326
9726,0.001882,172.217.194.0-255,5738,74916,41,96326
9727,0.001884,172.31.46.0-255,66,74982,41,96326
9728,0.001889,172.217.194.0-255,4320,79302,41,96326
9729,0.001891,172.31.46.0-255,66,79368,41,96326
9730,0.001933,172.31.46.0-255,66,79434,41,96326
9731,0.001943,172.31.46.0-255,66,79500,41,96326
9732,0.001954,172.217.194.0-255,766,80266,41,96326
9733,0.00422,172.217.194.0-255,4320,84586,41,96326
9734,0.004226,172.31.46.0-255,66,84652,41,96326
9735,0.006509,172.217.194.0-255,1484,86136,41,96326
9736,0.006531,172.217.194.0-255,4320,90456,41,96326
9737,0.006533,172.31.46.0-255,66,90522,41,96326
9738,0.008825,172.217.194.0-255,5738,96260,41,96326
9739,0.008834,172.31.46.0-255,66,96326,41,96326
9740,0.0,172.217.160.0-255,146,146,41,134701
9741,2e-05,172.31.46.0-255,66,212,41,134701
9742,2.6e-05,172.217.160.0-255,1484,1696,41,134701
9743,3e-05,172.31.46.0-255,66,1762,41,134701
9744,4.3e-05,172.217.160.0-255,2902,4664,41,134701
9745,4.7e-05,172.31.46.0-255,66,4730,41,134701
9746,5.1e-05,172.217.160.0-255,2902,7632,41,134701
9747,5.4e-05,172.31.46.0-255,66,7698,41,134701
9748,9.2e-05,172.31.46.0-255,66,7764,41,134701
9749,0.000223,172.217.160.0-255,1484,9248,41,134701
9750,0.000227,172.31.46.0-255,66,9314,41,134701
9751,0.000232,172.217.160.0-255,2902,12216,41,134701
9752,0.000235,172.31.46.0-255,66,12282,41,134701
9753,0.000269,172.217.160.0-255,5738,18020,41,134701
9754,0.000271,172.31.46.0-255,66,18086,41,134701
9755,0.000274,172.217.160.0-255,1484,19570,41,134701
9756,0.000275,172.31.46.0-255,66,19636,41,134701
9757,0.000313,172.217.160.0-255,5379,25015,41,134701
9758,0.000316,172.31.46.0-255,66,25081,41,134701
9759,0.000347,172.217.160.0-255,1484,26565,41,134701
9760,0.000349,172.31.46.0-255,66,26631,41,134701
9761,0.000352,172.217.160.0-255,1484,28115,41,134701
9762,0.000354,172.31.46.0-255,66,28181,41,134701
9763,0.000372,172.217.160.0-255,1484,29665,41,134701
9764,0.000375,172.31.46.0-255,66,29731,41,134701
9765,0.00038,172.217.160.0-255,5738,35469,41,134701
9766,0.000383,172.31.46.0-255,66,35535,41,134701
9767,0.00042,172.31.46.0-255,66,35601,41,134701
9768,0.000662,172.217.160.0-255,1484,37085,41,134701
9769,0.000666,172.31.46.0-255,66,37151,41,134701
9770,0.00067,172.217.160.0-255,1484,38635,41,134701
9771,0.000692,172.217.160.0-255,1484,40119,41,134701
9772,0.000695,172.31.46.0-255,66,40185,41,134701
9773,0.000702,172.217.160.0-255,5738,45923,41,134701
9774,0.000704,172.31.46.0-255,66,45989,41,134701
9775,0.000723,172.217.160.0-255,1484,47473,41,134701
9776,0.000751,172.217.160.0-255,5379,52852,41,134701
9777,0.000782,172.31.46.0-255,66,52918,41,134701
9778,0.000789,172.217.160.0-255,374,53292,41,134701
9779,0.001013,172.31.46.0-255,66,53358,41,134701
9780,0.001095,172.217.160.0-255,103,53461,41,134701
9781,0.001193,172.217.160.0-255,1484,54945,41,134701
9782,0.001197,172.31.46.0-255,66,55011,41,134701
9783,0.001202,172.217.160.0-255,2902,57913,41,134701
9784,0.001204,172.31.46.0-255,66,57979,41,134701
9785,0.00121,172.217.160.0-255,5738,63717,41,134701
9786,0.001216,172.31.46.0-255,66,63783,41,134701
9787,0.00122,172.217.160.0-255,1484,65267,41,134701
9788,0.001253,172.217.160.0-255,5379,70646,41,134701
9789,0.001255,172.31.46.0-255,66,70712,41,134701
9790,0.001284,172.31.46.0-255,66,70778,41,134701
9791,0.00131,172.217.160.0-255,2902,73680,41,134701
9792,0.001312,172.31.46.0-255,66,73746,41,134701
9793,0.001315,172.217.160.0-255,1484,75230,41,134701
9794,0.001341,172.217.160.0-255,5379,80609,41,134701
9795,0.001343,172.31.46.0-255,66,80675,41,134701
9796,0.001366,172.217.160.0-255,364,81039,41,134701
9797,0.001666,172.217.160.0-255,1484,82523,41,134701
9798,0.001671,172.31.46.0-255,66,82589,41,134701
9799,0.0017,172.217.160.0-255,2902,85491,41,134701
9800,0.001702,172.31.46.0-255,66,85557,41,134701
9801,0.001727,172.217.160.0-255,5738,91295,41,134701
9802,0.001729,172.31.46.0-255,66,91361,41,134701
9803,0.001738,172.31.46.0-255,66,91427,41,134701
9804,0.001771,172.217.160.0-255,5738,97165,41,134701
9805,0.001774,172.31.46.0-255,66,97231,41,134701
9806,0.001785,172.31.46.0-255,66,97297,41,134701
9807,0.001788,172.217.160.0-255,1484,98781,41,134701
9808,0.001792,172.217.160.0-255,2902,101683,41,134701
9809,0.001796,172.217.160.0-255,1484,103167,41,134701
9810,0.001799,172.31.46.0-255,66,103233,41,134701
9811,0.001824,172.217.160.0-255,4320,107553,41,134701
9812,0.001827,172.31.46.0-255,66,107619,41,134701
9813,0.001849,172.31.46.0-255,66,107685,41,134701
9814,0.001851,172.31.46.0-255,66,107751,41,134701
9815,0.001893,172.217.160.0-255,3602,111353,41,134701
9816,0.001896,172.31.46.0-255,66,111419,41,134701
9817,0.00374,172.217.160.0-255,1484,112903,41,134701
9818,0.003787,172.217.160.0-255,4320,117223,41,134701
9819,0.00379,172.31.46.0-255,66,117289,41,134701
9820,0.0057,172.217.160.0-255,5738,123027,41,134701
9821,0.005703,172.31.46.0-255,66,123093,41,134701
9822,0.007629,172.217.160.0-255,5738,128831,41,134701
9823,0.007637,172.31.46.0-255,66,128897,41,134701
9824,0.009547,172.217.160.0-255,5738,134635,41,134701
9825,0.009557,172.31.46.0-255,66,134701,41,134701
9826,0.0,74.125.24.0-255,153,153,41,153423
9827,2.1e-05,172.31.46.0-255,66,219,41,153423
9828,2.8e-05,74.125.24.0-255,1484,1703,41,153423
9829,3.2e-05,172.31.46.0-255,66,1769,41,153423
9830,4.8e-05,74.125.24.0-255,2902,4671,41,153423
9831,5.2e-05,172.31.46.0-255,66,4737,41,153423
9832,5.8e-05,74.125.24.0-255,4320,9057,41,153423
9833,6.1e-05,172.31.46.0-255,66,9123,41,153423
9834,9.6e-05,74.125.24.0-255,4848,13971,41,153423
9835,0.0001,172.31.46.0-255,66,14037,41,153423
9836,0.000107,74.125.24.0-255,5738,19775,41,153423
9837,0.000109,172.31.46.0-255,66,19841,41,153423
9838,0.000144,172.31.46.0-255,66,19907,41,153423
9839,0.000175,74.125.24.0-255,3961,23868,41,153423
9840,0.000178,172.31.46.0-255,66,23934,41,153423
9841,0.000247,74.125.24.0-255,1484,25418,41,153423
9842,0.000251,172.31.46.0-255,66,25484,41,153423
9843,0.000256,74.125.24.0-255,2902,28386,41,153423
9844,0.000259,172.31.46.0-255,66,28452,41,153423
9845,0.000263,74.125.24.0-255,2902,31354,41,153423
9846,0.00027,172.31.46.0-255,66,31420,41,153423
9847,0.000293,74.125.24.0-255,2902,34322,41,153423
9848,0.000296,172.31.46.0-255,66,34388,41,153423
9849,0.000313,172.31.46.0-255,66,34454,41,153423
9850,0.000325,172.31.46.0-255,66,34520,41,153423
9851,0.000328,74.125.24.0-255,1416,35936,41,153423
9852,0.000331,172.31.46.0-255,66,36002,41,153423
9853,0.000358,74.125.24.0-255,136,36138,41,153423
9854,0.000361,172.31.46.0-255,66,36204,41,153423
9855,0.000384,74.125.24.0-255,349,36553,41,153423
9856,0.000585,74.125.24.0-255,1484,38037,41,153423
9857,0.000591,172.31.46.0-255,66,38103,41,153423
9858,0.000597,74.125.24.0-255,2902,41005,41,153423
9859,0.0006,172.31.46.0-255,66,41071,41,153423
9860,0.000611,74.125.24.0-255,5738,46809,41,153423
9861,0.000614,172.31.46.0-255,66,46875,41,153423
9862,0.000664,172.31.46.0-255,66,46941,41,153423
9863,0.000677,172.31.46.0-255,66,47007,41,153423
9864,0.001029,74.125.24.0-255,1484,48491,41,153423
9865,0.001036,74.125.24.0-255,2902,51393,41,153423
9866,0.001039,172.31.46.0-255,66,51459,41,153423
9867,0.001043,74.125.24.0-255,1484,52943,41,153423
9868,0.001069,74.125.24.0-255,4320,57263,41,153423
9869,0.001072,172.31.46.0-255,66,57329,41,153423
9870,0.00109,172.31.46.0-255,66,57395,41,153423
9871,0.001128,172.31.46.0-255,66,57461,41,153423
9872,0.001277,74.125.24.0-255,1484,58945,41,153423
9873,0.001283,74.125.24.0-255,2902,61847,41,153423
9874,0.001286,172.31.46.0-255,66,61913,41,153423
9875,0.001292,74.125.24.0-255,2902,64815,41,153423
9876,0.001294,172.31.46.0-255,66,64881,41,153423
9877,0.001324,74.125.24.0-255,2902,67783,41,153423
9878,0.001327,172.31.46.0-255,66,67849,41,153423
9879,0.001334,74.125.24.0-255,5738,73587,41,153423
9880,0.001337,172.31.46.0-255,66,73653,41,153423
9881,0.00135,172.31.46.0-255,66,73719,41,153423
9882,0.001386,74.125.24.0-255,5020,78739,41,153423
9883,0.001389,172.31.46.0-255,66,78805,41,153423
9884,0.001487,74.125.24.0-255,1484,80289,41,153423
9885,0.001502,74.125.24.0-255,2902,83191,41,153423
9886,0.001505,172.31.46.0-255,66,83257,41,153423
9887,0.00151,74.125.24.0-255,2902,86159,41,153423
9888,0.001512,172.31.46.0-255,66,86225,41,153423
9889,0.001545,172.31.46.0-255,66,86291,41,153423
9890,0.001582,172.31.46.0-255,66,86357,41,153423
9891,0.001608,74.125.24.0-255,3602,89959,41,153423
9892,0.001611,172.31.46.0-255,66,90025,41,153423
9893,0.001677,74.125.24.0-255,1484,91509,41,153423
9894,0.001681,74.125.24.0-255,1484,92993,41,153423
9895,0.001684,172.31.46.0-255,66,93059,41,153423
9896,0.001703,74.125.24.0-255,1484,94543,41,153423
9897,0.00171,74.125.24.0-255,5738,100281,41,153423
9898,0.001713,172.31.46.0-255,66,100347,41,153423
9899,0.001718,74.125.24.0-255,2902,103249,41,153423
9900,0.00172,172.31.46.0-255,66,103315,41,153423
9901,0.001742,74.125.24.0-255,1484,104799,41,153423
9902,0.001767,172.31.46.0-255,66,104865,41,153423
9903,0.0018,74.125.24.0-255,1484,106349,41,153423
9904,0.001813,172.31.46.0-255,66,106415,41,153423
9905,0.001816,74.125.24.0-255,766,107181,41,153423
9906,0.001952,74.125.24.0-255,1484,108665,41,153423
9907,0.001958,172.31.46.0-255,66,108731,41,153423
9908,0.001969,74.125.24.0-255,2902,111633,41,153423
9909,0.001971,172.31.46.0-255,66,111699,41,153423
9910,0.001982,74.125.24.0-255,5738,117437,41,153423
9911,0.001984,172.31.46.0-255,66,117503,41,153423
9912,0.002039,172.31.46.0-255,66,117569,41,153423
9913,0.002058,172.31.46.0-255,66,117635,41,153423
9914,0.002139,74.125.24.0-255,1484,119119,41,153423
9915,0.002145,74.125.24.0-255,2902,122021,41,153423
9916,0.002149,172.31.46.0-255,66,122087,41,153423
9917,0.002156,74.125.24.0-255,5738,127825,41,153423
9918,0.002159,172.31.46.0-255,66,127891,41,153423
9919,0.002199,74.125.24.0-255,4320,132211,41,153423
9920,0.00224,74.125.24.0-255,2184,134395,41,153423
9921,0.002244,74.125.24.0-255,2902,137297,41,153423
9922,0.002881,172.31.46.0-255,66,137363,41,153423
9923,0.005178,74.125.24.0-255,5738,143101,41,153423
9924,0.005185,172.31.46.0-255,66,143167,41,153423
9925,0.007463,74.125.24.0-255,4320,147487,41,153423
9926,0.007467,172.31.46.0-255,66,147553,41,153423
9927,0.007478,74.125.24.0-255,1484,149037,41,153423
9928,0.009744,74.125.24.0-255,4320,153357,41,153423
9929,0.009749,172.31.46.0-255,66,153423,41,153423
9930,0.0,172.217.194.0-255,149,149,41,130469
9931,2.2e-05,172.31.46.0-255,66,215,41,130469
9932,2.8e-05,172.217.194.0-255,1484,1699,41,130469
9933,3.2e-05,172.31.46.0-255,66,1765,41,130469
9934,3.7e-05,172.217.194.0-255,2902,4667,41,130469
9935,4.6e-05,172.31.46.0-255,66,4733,41,130469
9936,5.1e-05,172.217.194.0-255,5738,10471,41,130469
9937,5.4e-05,172.31.46.0-255,66,10537,41,130469
9938,8.6e-05,172.217.194.0-255,1484,12021,41,130469
9939,8.9e-05,172.31.46.0-255,66,12087,41,130469
9940,9.3e-05,172.217.194.0-255,2138,14225,41,130469
9941,9.5e-05,172.31.46.0-255,66,14291,41,130469
9942,0.00029,172.217.194.0-255,1484,15775,41,130469
9943,0.000297,172.31.46.0-255,66,15841,41,130469
9944,0.000302,172.217.194.0-255,2902,18743,41,130469
9945,0.000304,172.31.46.0-255,66,18809,41,130469
9946,0.000335,172.217.194.0-255,5738,24547,41,130469
9947,0.000338,172.31.46.0-255,66,24613,41,130469
9948,0.000341,172.217.194.0-255,2902,27515,41,130469
9949,0.000343,172.31.46.0-255,66,27581,41,130469
9950,0.000384,172.217.194.0-255,3961,31542,41,130469
9951,0.000387,172.31.46.0-255,66,31608,41,130469
9952,0.00039,172.217.194.0-255,1484,33092,41,130469
9953,0.000392,172.31.46.0-255,66,33158,41,130469
9954,0.000415,172.217.194.0-255,2902,36060,41,130469
9955,0.000418,172.31.46.0-255,66,36126,41,130469
9956,0.000441,172.217.194.0-255,4320,40446,41,130469
9957,0.000444,172.31.46.0-255,66,40512,41,130469
9958,0.000472,172.217.194.0-255,5738,46250,41,130469
9959,0.000474,172.31.46.0-255,66,46316,41,130469
9960,0.000478,172.217.194.0-255,2543,48859,41,130469
9961,0.00048,172.31.46.0-255,66,48925,41,130469
9962,0.000635,172.217.194.0-255,1484,50409,41,130469
9963,0.00065,172.217.194.0-255,2902,53311,41,130469
9964,0.000654,172.31.46.0-255,66,53377,41,130469
9965,0.000681,172.217.194.0-255,2902,56279,41,130469
9966,0.000683,172.31.46.0-255,66,56345,41,130469
9967,0.000712,172.217.194.0-255,2902,59247,41,130469
9968,0.000715,172.31.46.0-255,66,59313,41,130469
9969,0.000719,172.217.194.0-255,2902,62215,41,130469
9970,0.00072,172.31.46.0-255,66,62281,41,130469
9971,0.000743,172.217.194.0-255,4233,66514,41,130469
9972,0.000745,172.31.46.0-255,66,66580,41,130469
9973,0.0008,172.217.194.0-255,1484,68064,41,130469
9974,0.000805,172.217.194.0-255,2902,70966,41,130469
9975,0.000807,172.31.46.0-255,66,71032,41,130469
9976,0.00083,172.217.194.0-255,5738,76770,41,130469
9977,0.000832,172.31.46.0-255,66,76836,41,130469
9978,0.000868,172.31.46.0-255,66,76902,41,130469
9979,0.000874,172.217.194.0-255,5738,82640,41,130469
9980,0.000876,172.31.46.0-255,66,82706,41,130469
9981,0.000903,172.217.194.0-255,5738,88444,41,130469
9982,0.000905,172.31.46.0-255,66,88510,41,130469
9983,0.000908,172.217.194.0-255,1125,89635,41,130469
9984,0.001427,172.31.46.0-255,66,89701,41,130469
9985,0.001784,172.217.194.0-255,1484,91185,41,130469
9986,0.001807,172.217.194.0-255,2902,94087,41,130469
9987,0.001811,172.31.46.0-255,66,94153,41,130469
9988,0.001816,172.217.194.0-255,1484,95637,41,130469
9989,0.001835,172.217.194.0-255,4320,99957,41,130469
9990,0.001837,172.31.46.0-255,66,100023,41,130469
9991,0.001841,172.217.194.0-255,2902,102925,41,130469
9992,0.001843,172.31.46.0-255,66,102991,41,130469
9993,0.001873,172.31.46.0-255,66,103057,41,130469
9994,0.001889,172.31.46.0-255,66,103123,41,130469
9995,0.001915,172.217.194.0-255,766,103889,41,130469
9996,0.001922,172.217.194.0-255,1484,105373,41,130469
9997,0.001925,172.31.46.0-255,66,105439,41,130469
9998,0.001932,172.217.194.0-255,4320,109759,41,130469
9999,0.001934,172.31.46.0-255,66,109825,41,130469
10000,0.002001,172.31.46.0-255,66,109891,41,130469
10001,0.002007,172.217.194.0-255,5738,115629,41,130469
10002,0.002009,172.31.46.0-255,66,115695,41,130469
10003,0.002043,172.217.194.0-255,4320,120015,41,130469
10004,0.002046,172.31.46.0-255,66,120081,41,130469
10005,0.002078,172.31.46.0-255,66,120147,41,130469
10006,0.005532,172.217.194.0-255,1484,121631,41,130469
10007,0.005542,172.217.194.0-255,2902,124533,41,130469
10008,0.005547,172.31.46.0-255,66,124599,41,130469
10009,0.005552,172.217.194.0-255,1484,126083,41,130469
10010,0.007954,172.217.194.0-255,4320,130403,41,130469
10011,0.007962,172.31.46.0-255,66,130469,41,130469
10012,0.0,74.125.24.0-255,146,146,41,119436
10013,2.2e-05,172.31.46.0-255,66,212,41,119436
10014,2.8e-05,74.125.24.0-255,1484,1696,41,119436
10015,3.3e-05,172.31.46.0-255,66,1762,41,119436
10016,4.3e-05,74.125.24.0-255,2902,4664,41,119436
10017,4.7e-05,172.31.46.0-255,66,4730,41,119436
10018,5.8e-05,172.31.46.0-255,66,4796,41,119436
10019,6.1e-05,74.125.24.0-255,2121,6917,41,119436
10020,6.4e-05,172.31.46.0-255,66,6983,41,119436
10021,6.9e-05,74.125.24.0-255,2902,9885,41,119436
10022,7.1e-05,172.31.46.0-255,66,9951,41,119436
10023,9.6e-05,172.31.46.0-255,66,10017,41,119436
10024,0.000119,74.125.24.0-255,2902,12919,41,119436
10025,0.000121,172.31.46.0-255,66,12985,41,119436
10026,0.000153,74.125.24.0-255,1484,14469,41,119436
10027,0.000155,172.31.46.0-255,66,14535,41,119436
10028,0.000181,74.125.24.0-255,2543,17078,41,119436
10029,0.000184,172.31.46.0-255,66,17144,41,119436
10030,0.000432,74.125.24.0-255,1484,18628,41,119436
10031,0.000437,172.31.46.0-255,66,18694,41,119436
10032,0.000442,74.125.24.0-255,2902,21596,41,119436
10033,0.000445,172.31.46.0-255,66,21662,41,119436
10034,0.000474,74.125.24.0-255,2902,24564,41,119436
10035,0.000477,172.31.46.0-255,66,24630,41,119436
10036,0.000482,74.125.24.0-255,4320,28950,41,119436
10037,0.000484,172.31.46.0-255,66,29016,41,119436
10038,0.00054,172.31.46.0-255,66,29082,41,119436
10039,0.000549,172.31.46.0-255,66,29148,41,119436
10040,0.000582,74.125.24.0-255,2902,32050,41,119436
10041,0.000598,172.31.46.0-255,66,32116,41,119436
10042,0.000602,74.125.24.0-255,2814,34930,41,119436
10043,0.000606,172.31.46.0-255,66,34996,41,119436
10044,0.000867,74.125.24.0-255,384,35380,41,119436
10045,0.000912,74.125.24.0-255,1484,36864,41,119436
10046,0.000915,172.31.46.0-255,66,36930,41,119436
10047,0.000921,74.125.24.0-255,4320,41250,41,119436
10048,0.001012,74.125.24.0-255,2902,44152,41,119436
10049,0.001027,74.125.24.0-255,3602,47754,41,119436
10050,0.0012,74.125.24.0-255,1484,49238,41,119436
10051,0.001205,74.125.24.0-255,2902,52140,41,119436
10052,0.001225,74.125.24.0-255,5738,57878,41,119436
10053,0.001245,74.125.24.0-255,4320,62198,41,119436
10054,0.001264,74.125.24.0-255,4320,66518,41,119436
10055,0.001299,74.125.24.0-255,2902,69420,41,119436
10056,0.001325,74.125.24.0-255,2184,71604,41,119436
10057,0.001512,74.125.24.0-255,1484,73088,41,119436
10058,0.00152,74.125.24.0-255,2902,75990,41,119436
10059,0.001544,74.125.24.0-255,5738,81728,41,119436
10060,0.00158,74.125.24.0-255,1484,83212,41,119436
10061,0.001629,74.125.24.0-255,5738,88950,41,119436
10062,0.001649,74.125.24.0-255,5020,93970,41,119436
10063,0.002279,74.125.24.0-255,1484,95454,41,119436
10064,0.002292,74.125.24.0-255,2902,98356,41,119436
10065,0.002306,74.125.24.0-255,4320,102676,41,119436
10066,0.002318,74.125.24.0-255,1484,104160,41,119436
10067,0.002339,74.125.24.0-255,4320,108480,41,119436
10068,0.002354,74.125.24.0-255,2902,111382,41,119436
10069,0.002387,74.125.24.0-255,2184,113566,41,119436
10070,0.006595,172.31.46.0-255,66,113632,41,119436
10071,0.009165,74.125.24.0-255,5738,119370,41,119436
10072,0.009171,172.31.46.0-255,66,119436,41,119436
10073,0.0,74.125.24.0-255,150,150,41,160163
10074,2e-05,172.31.46.0-255,66,216,41,160163
10075,2.7e-05,74.125.24.0-255,1484,1700,41,160163
10076,3.3e-05,172.31.46.0-255,66,1766,41,160163
10077,4.5e-05,74.125.24.0-255,2902,4668,41,160163
10078,4.8e-05,172.31.46.0-255,66,4734,41,160163
10079,6e-05,172.31.46.0-255,66,4800,41,160163
10080,6.4e-05,74.125.24.0-255,2133,6933,41,160163
10081,6.6e-05,172.31.46.0-255,66,6999,41,160163
10082,0.000106,172.31.46.0-255,66,7065,41,160163
10083,0.000135,74.125.24.0-255,5379,12444,41,160163
10084,0.000139,172.31.46.0-255,66,12510,41,160163
10085,0.00042,74.125.24.0-255,1484,13994,41,160163
10086,0.000426,74.125.24.0-255,2902,16896,41,160163
10087,0.000435,172.31.46.0-255,66,16962,41,160163
10088,0.00044,172.31.46.0-255,66,17028,41,160163
10089,0.000446,74.125.24.0-255,4320,21348,41,160163
10090,0.000449,172.31.46.0-255,66,21414,41,160163
10091,0.000474,74.125.24.0-255,1484,22898,41,160163
10092,0.000476,172.31.46.0-255,66,22964,41,160163
10093,0.000481,74.125.24.0-255,2902,25866,41,160163
10094,0.000482,172.31.46.0-255,66,25932,41,160163
10095,0.000496,172.31.46.0-255,66,25998,41,160163
10096,0.000499,74.125.24.0-255,1484,27482,41,160163
10097,0.0005,172.31.46.0-255,66,27548,41,160163
10098,0.000532,74.125.24.0-255,2902,30450,41,160163
10099,0.000535,172.31.46.0-255,66,30516,41,160163
10100,0.00054,74.125.24.0-255,5738,36254,41,160163
10101,0.000542,172.31.46.0-255,66,36320,41,160163
10102,0.000564,74.125.24.0-255,766,37086,41,160163
10103,0.000593,74.125.24.0-255,362,37448,41,160163
10104,0.000604,74.125.24.0-255,382,37830,41,160163
10105,0.00075,74.125.24.0-255,1484,39314,41,160163
10106,0.000753,172.31.46.0-255,66,39380,41,160163
10107,0.000758,74.125.24.0-255,2902,42282,41,160163
10108,0.000759,172.31.46.0-255,66,42348,41,160163
10109,0.000786,74.125.24.0-255,5738,48086,41,160163
10110,0.000788,172.31.46.0-255,66,48152,41,160163
10111,0.000829,172.31.46.0-255,66,48218,41,160163
10112,0.000838,172.31.46.0-255,66,48284,41,160163
10113,0.000893,74.125.24.0-255,1484,49768,41,160163
10114,0.000922,172.31.46.0-255,66,49834,41,160163
10115,0.000949,74.125.24.0-255,2693,52527,41,160163
10116,0.000951,172.31.46.0-255,66,52593,41,160163
10117,0.001012,74.125.24.0-255,1484,54077,41,160163
10118,0.001016,74.125.24.0-255,2902,56979,41,160163
10119,0.001019,172.31.46.0-255,66,57045,41,160163
10120,0.001046,74.125.24.0-255,5738,62783,41,160163
10121,0.001049,172.31.46.0-255,66,62849,41,160163
10122,0.001051,74.125.24.0-255,1484,64333,41,160163
10123,0.001084,172.31.46.0-255,66,64399,41,160163
10124,0.001092,172.31.46.0-255,66,64465,41,160163
10125,0.00113,74.125.24.0-255,3602,68067,41,160163
10126,0.001132,172.31.46.0-255,66,68133,41,160163
10127,0.001165,74.125.24.0-255,4320,72453,41,160163
10128,0.001169,172.31.46.0-255,66,72519,41,160163
10129,0.001197,74.125.24.0-255,5738,78257,41,160163
10130,0.001199,172.31.46.0-255,66,78323,41,160163
10131,0.001234,172.31.46.0-255,66,78389,41,160163
10132,0.001243,172.31.46.0-255,66,78455,41,160163
10133,0.00128,74.125.24.0-255,5020,83475,41,160163
10134,0.001284,172.31.46.0-255,66,83541,41,160163
10135,0.001377,74.125.24.0-255,1484,85025,41,160163
10136,0.001394,74.125.24.0-255,2902,87927,41,160163
10137,0.001398,172.31.46.0-255,66,87993,41,160163
10138,0.001418,74.125.24.0-255,5738,93731,41,160163
10139,0.001421,172.31.46.0-255,66,93797,41,160163
10140,0.001451,74.125.24.0-255,5738,99535,41,160163
10141,0.001453,172.31.46.0-255,66,99601,41,160163
10142,0.001457,74.125.24.0-255,2902,102503,41,160163
10143,0.001459,172.31.46.0-255,66,102569,41,160163
10144,0.001493,172.31.46.0-255,66,102635,41,160163
10145,0.001497,74.125.24.0-255,1484,104119,41,160163
10146,0.001542,74.125.24.0-255,3602,107721,41,160163
10147,0.001545,172.31.46.0-255,66,107787,41,160163
10148,0.00162,74.125.24.0-255,1484,109271,41,160163
10149,0.001642,74.125.24.0-255,2902,112173,41,160163
10150,0.001645,172.31.46.0-255,66,112239,41,160163
10151,0.00168,74.125.24.0-255,4320,116559,41,160163
10152,0.001683,172.31.46.0-255,66,116625,41,160163
10153,0.001687,74.125.24.0-255,2902,119527,41,160163
10154,0.001689,172.31.46.0-255,66,119593,41,160163
10155,0.001717,74.125.24.0-255,2902,122495,41,160163
10156,0.001719,172.31.46.0-255,66,122561,41,160163
10157,0.001736,74.125.24.0-255,4320,126881,41,160163
10158,0.001738,172.31.46.0-255,66,126947,41,160163
10159,0.001763,74.125.24.0-255,2902,129849,41,160163
10160,0.001765,172.31.46.0-255,66,129915,41,160163
10161,0.001775,172.31.46.0-255,66,129981,41,160163
10162,0.001781,74.125.24.0-255,1484,131465,41,160163
10163,0.001804,74.125.24.0-255,2184,133649,41,160163
10164,0.001807,172.31.46.0-255,66,133715,41,160163
10165,0.001876,74.125.24.0-255,1484,135199,41,160163
10166,0.001902,74.125.24.0-255,2902,138101,41,160163
10167,0.001905,172.31.46.0-255,66,138167,41,160163
10168,0.001911,74.125.24.0-255,5738,143905,41,160163
10169,0.001913,172.31.46.0-255,66,143971,41,160163
10170,0.001966,172.31.46.0-255,66,144037,41,160163
10171,0.001979,172.31.46.0-255,66,144103,41,160163
10172,0.004072,74.125.24.0-255,5738,149841,41,160163
10173,0.004081,172.31.46.0-255,66,149907,41,160163
10174,0.006203,74.125.24.0-255,4320,154227,41,160163
10175,0.00621,172.31.46.0-255,66,154293,41,160163
10176,0.006239,74.125.24.0-255,1484,155777,41,160163
10177,0.008342,74.125.24.0-255,4320,160097,41,160163
10178,0.008349,172.31.46.0-255,66,160163,41,160163
10179,0.0,74.125.24.0-255,152,152,41,146528
10180,1.6e-05,172.31.46.0-255,66,218,41,146528
10181,2.3e-05,74.125.24.0-255,1484,1702,41,146528
10182,2.9e-05,172.31.46.0-255,66,1768,41,146528
10183,4.3e-05,74.125.24.0-255,2902,4670,41,146528
10184,4.7e-05,172.31.46.0-255,66,4736,41,146528
10185,5.4e-05,74.125.24.0-255,5738,10474,41,146528
10186,5.7e-05,172.31.46.0-255,66,10540,41,146528
10187,7.1e-05,172.31.46.0-255,66,10606,41,146528
10188,7.8e-05,74.125.24.0-255,5738,16344,41,146528
10189,8.2e-05,172.31.46.0-255,66,16410,41,146528
10190,0.000107,74.125.24.0-255,4320,20730,41,146528
10191,0.00011,172.31.46.0-255,66,20796,41,146528
10192,0.000126,172.31.46.0-255,66,20862,41,146528
10193,0.000172,172.31.46.0-255,66,20928,41,146528
10194,0.000219,74.125.24.0-255,1484,22412,41,146528
10195,0.000222,172.31.46.0-255,66,22478,41,146528
10196,0.000227,74.125.24.0-255,2902,25380,41,146528
10197,0.00023,172.31.46.0-255,66,25446,41,146528
10198,0.000262,74.125.24.0-255,5738,31184,41,146528
10199,0.000265,172.31.46.0-255,66,31250,41,146528
10200,0.000271,74.125.24.0-255,4320,35570,41,146528
10201,0.000273,172.31.46.0-255,66,35636,41,146528
10202,0.000324,74.125.24.0-255,2839,38475,41,146528
10203,0.000327,172.31.46.0-255,66,38541,41,146528
10204,0.000413,74.125.24.0-255,1484,40025,41,146528
10205,0.000416,172.31.46.0-255,66,40091,41,146528
10206,0.000422,74.125.24.0-255,2902,42993,41,146528
10207,0.000425,172.31.46.0-255,66,43059,41,146528
10208,0.000453,74.125.24.0-255,5738,48797,41,146528
10209,0.00048,74.125.24.0-255,4320,53117,41,146528
10210,0.000522,74.125.24.0-255,2543,55660,41,146528
10211,0.000765,172.31.46.0-255,66,55726,41,146528
10212,0.001413,74.125.24.0-255,1484,57210,41,146528
10213,0.001422,74.125.24.0-255,2902,60112,41,146528
10214,0.001426,172.31.46.0-255,66,60178,41,146528
10215,0.001433,74.125.24.0-255,5738,65916,41,146528
10216,0.001453,172.31.46.0-255,66,65982,41,146528
10217,0.001481,74.125.24.0-255,5738,71720,41,146528
10218,0.001483,172.31.46.0-255,66,71786,41,146528
10219,0.001512,74.125.24.0-255,1484,73270,41,146528
10220,0.001524,74.125.24.0-255,1484,74754,41,146528
10221,0.001531,172.31.46.0-255,66,74820,41,146528
10222,0.001558,74.125.24.0-255,4320,79140,41,146528
10223,0.001573,74.125.24.0-255,2184,81324,41,146528
10224,0.001579,172.31.46.0-255,66,81390,41,146528
10225,0.001605,74.125.24.0-255,1484,82874,41,146528
10226,0.00162,74.125.24.0-255,2902,85776,41,146528
10227,0.001636,172.31.46.0-255,66,85842,41,146528
10228,0.001653,74.125.24.0-255,5738,91580,41,146528
10229,0.001659,74.125.24.0-255,4320,95900,41,146528
10230,0.001693,172.31.46.0-255,66,95966,41,146528
10231,0.001722,74.125.24.0-255,4320,100286,41,146528
10232,0.00173,172.31.46.0-255,66,100352,41,146528
10233,0.001766,172.31.46.0-255,66,100418,41,146528
10234,0.001975,74.125.24.0-255,1484,101902,41,146528
10235,0.001991,74.125.24.0-255,2902,104804,41,146528
10236,0.001996,172.31.46.0-255,66,104870,41,146528
10237,0.002017,74.125.24.0-255,5738,110608,41,146528
10238,0.002021,74.125.24.0-255,2902,113510,41,146528
10239,0.002038,172.31.46.0-255,66,113576,41,146528
10240,0.002082,74.125.24.0-255,5738,119314,41,146528
10241,0.002097,74.125.24.0-255,4320,123634,41,146528
10242,0.002103,172.31.46.0-255,66,123700,41,146528
10243,0.002135,74.125.24.0-255,5738,129438,41,146528
10244,0.002141,172.31.46.0-255,66,129504,41,146528
10245,0.002186,74.125.24.0-255,5020,134524,41,146528
10246,0.002189,172.31.46.0-255,66,134590,41,146528
10247,0.002256,74.125.24.0-255,1484,136074,41,146528
10248,0.002277,74.125.24.0-255,1484,137558,41,146528
10249,0.002287,172.31.46.0-255,66,137624,41,146528
10250,0.004476,74.125.24.0-255,2902,140526,41,146528
10251,0.004486,172.31.46.0-255,66,140592,41,146528
10252,0.00453,74.125.24.0-255,1484,142076,41,146528
10253,0.004555,74.125.24.0-255,1484,143560,41,146528
10254,0.006722,74.125.24.0-255,2902,146462,41,146528
10255,0.008448,172.31.46.0-255,66,146528,41,146528
10256,0.0,172.217.194.0-255,152,152,41,119048
10257,1.5e-05,172.31.46.0-255,66,218,41,119048
10258,2.2e-05,172.217.194.0-255,1484,1702,41,119048
10259,2.6e-05,172.31.46.0-255,66,1768,41,119048
10260,3.1e-05,172.217.194.0-255,2902,4670,41,119048
10261,3.5e-05,172.31.46.0-255,66,4736,41,119048
10262,5.2e-05,172.31.46.0-255,66,4802,41,119048
10263,6.3e-05,172.31.46.0-255,66,4868,41,119048
10264,0.000114,172.31.46.0-255,66,4934,41,119048
10265,0.000147,172.217.194.0-255,5379,10313,41,119048
10266,0.00015,172.31.46.0-255,66,10379,41,119048
10267,0.00018,172.217.194.0-255,1484,11863,41,119048
10268,0.000182,172.31.46.0-255,66,11929,41,119048
10269,0.000207,172.217.194.0-255,2902,14831,41,119048
10270,0.00021,172.31.46.0-255,66,14897,41,119048
10271,0.000217,172.217.194.0-255,5738,20635,41,119048
10272,0.000219,172.31.46.0-255,66,20701,41,119048
10273,0.000235,172.31.46.0-255,66,20767,41,119048
10274,0.000291,172.31.46.0-255,66,20833,41,119048
10275,0.000294,172.217.194.0-255,392,21225,41,119048
10276,0.000296,172.31.46.0-255,66,21291,41,119048
10277,0.000353,172.217.194.0-255,1484,22775,41,119048
10278,0.000356,172.31.46.0-255,66,22841,41,119048
10279,0.000361,172.217.194.0-255,2902,25743,41,119048
10280,0.000363,172.31.46.0-255,66,25809,41,119048
10281,0.000397,172.217.194.0-255,5738,31547,41,119048
10282,0.0004,172.31.46.0-255,66,31613,41,119048
10283,0.000433,172.31.46.0-255,66,31679,41,119048
10284,0.000436,172.217.194.0-255,1484,33163,41,119048
10285,0.000496,172.31.46.0-255,66,33229,41,119048
10286,0.000966,172.217.194.0-255,382,33611,41,119048
10287,0.001,172.217.194.0-255,1484,35095,41,119048
10288,0.001003,172.31.46.0-255,66,35161,41,119048
10289,0.001009,172.217.194.0-255,2902,38063,41,119048
10290,0.001011,172.31.46.0-255,66,38129,41,119048
10291,0.00105,172.217.194.0-255,1484,39613,41,119048
10292,0.001057,172.217.194.0-255,5738,45351,41,119048
10293,0.001059,172.31.46.0-255,66,45417,41,119048
10294,0.001068,172.31.46.0-255,66,45483,41,119048
10295,0.001087,172.31.46.0-255,66,45549,41,119048
10296,0.001089,172.217.194.0-255,766,46315,41,119048
10297,0.001297,172.217.194.0-255,1484,47799,41,119048
10298,0.001301,172.31.46.0-255,66,47865,41,119048
10299,0.001306,172.217.194.0-255,2902,50767,41,119048
10300,0.001308,172.31.46.0-255,66,50833,41,119048
10301,0.001311,172.217.194.0-255,1484,52317,41,119048
10302,0.001339,172.217.194.0-255,4320,56637,41,119048
10303,0.001342,172.31.46.0-255,66,56703,41,119048
10304,0.001348,172.217.194.0-255,5738,62441,41,119048
10305,0.00135,172.31.46.0-255,66,62507,41,119048
10306,0.00136,172.31.46.0-255,66,62573,41,119048
10307,0.001393,172.217.194.0-255,5738,68311,41,119048
10308,0.001396,172.31.46.0-255,66,68377,41,119048
10309,0.001402,172.217.194.0-255,5020,73397,41,119048
10310,0.001404,172.31.46.0-255,66,73463,41,119048
10311,0.001629,172.217.194.0-255,1484,74947,41,119048
10312,0.001635,172.217.194.0-255,2902,77849,41,119048
10313,0.001638,172.31.46.0-255,66,77915,41,119048
10314,0.001642,172.217.194.0-255,1484,79399,41,119048
10315,0.001672,172.217.194.0-255,4320,83719,41,119048
10316,0.001675,172.31.46.0-255,66,83785,41,119048
10317,0.001688,172.31.46.0-255,66,83851,41,119048
10318,0.001707,172.31.46.0-255,66,83917,41,119048
10319,0.001756,172.31.46.0-255,66,83983,41,119048
10320,0.001801,172.31.46.0-255,66,84049,41,119048
10321,0.001811,172.31.46.0-255,66,84115,41,119048
10322,0.001829,172.31.46.0-255,66,84181,41,119048
10323,0.001849,172.31.46.0-255,66,84247,41,119048
10324,0.001854,172.217.194.0-255,4320,88567,41,119048
10325,0.001857,172.31.46.0-255,66,88633,41,119048
10326,0.001889,172.217.194.0-255,2184,90817,41,119048
10327,0.001892,172.31.46.0-255,66,90883,41,119048
10328,0.001901,172.217.194.0-255,1484,92367,41,119048
10329,0.001904,172.217.194.0-255,2902,95269,41,119048
10330,0.001943,172.31.46.0-255,66,95335,41,119048
10331,0.001975,172.217.194.0-255,5738,101073,41,119048
10332,0.001978,172.31.46.0-255,66,101139,41,119048
10333,0.001996,172.31.46.0-255,66,101205,41,119048
10334,0.002009,172.31.46.0-255,66,101271,41,119048
10335,0.002026,172.31.46.0-255,66,101337,41,119048
10336,0.002068,172.31.46.0-255,66,101403,41,119048
10337,0.002079,172.31.46.0-255,66,101469,41,119048
10338,0.003097,172.31.46.0-255,101,101570,41,119048
10339,0.004083,172.217.194.0-255,5738,107308,41,119048
10340,0.00409,172.31.46.0-255,66,107374,41,119048
10341,0.005057,172.217.194.0-255,66,107440,41,119048
10342,0.006111,172.217.194.0-255,5738,113178,41,119048
10343,0.006116,172.31.46.0-255,66,113244,41,119048
10344,0.008125,172.217.194.0-255,5738,118982,41,119048
10345,0.008129,172.31.46.0-255,66,119048,41,119048
10346,0.0,74.125.200.0-255,153,153,41,158047
10347,1.5e-05,172.31.46.0-255,66,219,41,158047
10348,2.2e-05,74.125.200.0-255,1484,1703,41,158047
10349,2.6e-05,172.31.46.0-255,66,1769,41,158047
10350,3.2e-05,74.125.200.0-255,2902,4671,41,158047
10351,4.3e-05,172.31.46.0-255,66,4737,41,158047
10352,5.3e-05,172.31.46.0-255,66,4803,41,158047
10353,5.7e-05,74.125.200.0-255,2055,6858,41,158047
10354,6.1e-05,172.31.46.0-255,66,6924,41,158047
10355,0.000252,74.125.200.0-255,1484,8408,41,158047
10356,0.000258,172.31.46.0-255,66,8474,41,158047
10357,0.000265,74.125.200.0-255,2902,11376,41,158047
10358,0.000268,172.31.46.0-255,66,11442,41,158047
10359,0.000285,74.125.200.0-255,1484,12926,41,158047
10360,0.000287,172.31.46.0-255,66,12992,41,158047
10361,0.000315,74.125.200.0-255,4320,17312,41,158047
10362,0.000319,172.31.46.0-255,66,17378,41,158047
10363,0.000322,74.125.200.0-255,1484,18862,41,158047
10364,0.000324,172.31.46.0-255,66,18928,41,158047
10365,0.000328,74.125.200.0-255,2902,21830,41,158047
10366,0.000335,172.31.46.0-255,66,21896,41,158047
10367,0.000364,74.125.200.0-255,2543,24439,41,158047
10368,0.000371,172.31.46.0-255,66,24505,41,158047
10369,0.000804,74.125.200.0-255,1484,25989,41,158047
10370,0.00081,172.31.46.0-255,66,26055,41,158047
10371,0.000819,74.125.200.0-255,2902,28957,41,158047
10372,0.000827,172.31.46.0-255,66,29023,41,158047
10373,0.000844,74.125.200.0-255,1484,30507,41,158047
10374,0.000847,172.31.46.0-255,66,30573,41,158047
10375,0.000881,74.125.200.0-255,4320,34893,41,158047
10376,0.000884,172.31.46.0-255,66,34959,41,158047
10377,0.00089,74.125.200.0-255,4320,39279,41,158047
10378,0.000892,172.31.46.0-255,66,39345,41,158047
10379,0.000916,74.125.200.0-255,5379,44724,41,158047
10380,0.000918,172.31.46.0-255,66,44790,41,158047
10381,0.000945,74.125.200.0-255,1484,46274,41,158047
10382,0.000958,74.125.200.0-255,1484,47758,41,158047
10383,0.000961,172.31.46.0-255,66,47824,41,158047
10384,0.000987,74.125.200.0-255,1484,49308,41,158047
10385,0.000994,74.125.200.0-255,5738,55046,41,158047
10386,0.000996,172.31.46.0-255,66,55112,41,158047
10387,0.000999,74.125.200.0-255,1484,56596,41,158047
10388,0.001028,74.125.200.0-255,2543,59139,41,158047
10389,0.00103,172.31.46.0-255,66,59205,41,158047
10390,0.001048,74.125.200.0-255,401,59606,41,158047
10391,0.001115,74.125.200.0-255,1484,61090,41,158047
10392,0.00112,172.31.46.0-255,66,61156,41,158047
10393,0.001126,74.125.200.0-255,2902,64058,41,158047
10394,0.001129,172.31.46.0-255,66,64124,41,158047
10395,0.00114,74.125.200.0-255,5738,69862,41,158047
10396,0.001142,172.31.46.0-255,66,69928,41,158047
10397,0.001175,172.31.46.0-255,66,69994,41,158047
10398,0.001205,74.125.200.0-255,1484,71478,41,158047
10399,0.001219,172.31.46.0-255,66,71544,41,158047
10400,0.001224,74.125.200.0-255,2184,73728,41,158047
10401,0.001226,172.31.46.0-255,66,73794,41,158047
10402,0.001242,74.125.200.0-255,343,74137,41,158047
10403,0.001323,74.125.200.0-255,1484,75621,41,158047
10404,0.001328,172.31.46.0-255,66,75687,41,158047
10405,0.001354,74.125.200.0-255,2902,78589,41,158047
10406,0.001357,172.31.46.0-255,66,78655,41,158047
10407,0.001364,74.125.200.0-255,5738,84393,41,158047
10408,0.001367,172.31.46.0-255,66,84459,41,158047
10409,0.00137,74.125.200.0-255,1484,85943,41,158047
10410,0.001398,74.125.200.0-255,5738,91681,41,158047
10411,0.001405,172.31.46.0-255,66,91747,41,158047
10412,0.00141,74.125.200.0-255,2902,94649,41,158047
10413,0.001412,172.31.46.0-255,66,94715,41,158047
10414,0.001459,172.31.46.0-255,66,94781,41,158047
10415,0.001487,74.125.200.0-255,2184,96965,41,158047
10416,0.00149,172.31.46.0-255,66,97031,41,158047
10417,0.001714,74.125.200.0-255,1484,98515,41,158047
10418,0.001723,74.125.200.0-255,2902,101417,41,158047
10419,0.001728,172.31.46.0-255,66,101483,41,158047
10420,0.001732,74.125.200.0-255,1484,102967,41,158047
10421,0.001763,74.125.200.0-255,4320,107287,41,158047
10422,0.001766,172.31.46.0-255,66,107353,41,158047
10423,0.00177,74.125.200.0-255,2902,110255,41,158047
10424,0.001784,172.31.46.0-255,66,110321,41,158047
10425,0.001815,74.125.200.0-255,5738,116059,41,158047
10426,0.001818,172.31.46.0-255,66,116125,41,158047
10427,0.001836,172.31.46.0-255,66,116191,41,158047
10428,0.001842,74.125.200.0-255,5020,121211,41,158047
10429,0.001844,172.31.46.0-255,66,121277,41,158047
10430,0.002134,74.125.200.0-255,1484,122761,41,158047
10431,0.002141,74.125.200.0-255,2902,125663,41,158047
10432,0.002146,172.31.46.0-255,66,125729,41,158047
10433,0.00219,74.125.200.0-255,1484,127213,41,158047
10434,0.002219,74.125.200.0-255,2902,130115,41,158047
10435,0.002222,172.31.46.0-255,66,130181,41,158047
10436,0.002226,74.125.200.0-255,2902,133083,41,158047
10437,0.002228,172.31.46.0-255,66,133149,41,158047
10438,0.002256,74.125.200.0-255,2902,136051,41,158047
10439,0.002259,172.31.46.0-255,66,136117,41,158047
10440,0.002268,172.31.46.0-255,66,136183,41,158047
10441,0.002278,74.125.200.0-255,4320,140503,41,158047
10442,0.002281,172.31.46.0-255,66,140569,41,158047
10443,0.002321,172.31.46.0-255,66,140635,41,158047
10444,0.004594,74.125.200.0-255,5738,146373,41,158047
10445,0.004599,172.31.46.0-255,66,146439,41,158047
10446,0.006885,74.125.200.0-255,5738,152177,41,158047
10447,0.006893,172.31.46.0-255,66,152243,41,158047
10448,0.0092,74.125.200.0-255,5738,157981,41,158047
10449,0.009207,172.31.46.0-255,66,158047,41,158047
10450,0.0,172.217.194.0-255,811,811,41,35606
10451,1.8e-05,172.217.194.0-255,1484,2295,41,35606
10452,2.9e-05,172.31.46.0-255,66,2361,41,35606
10453,3.8e-05,172.217.194.0-255,4320,6681,41,35606
10454,4.1e-05,172.31.46.0-255,66,6747,41,35606
10455,0.000169,172.217.194.0-255,4320,11067,41,35606
10456,0.000175,172.31.46.0-255,66,11133,41,35606
10457,0.000378,172.31.46.0-255,66,11199,41,35606
10458,0.000412,172.31.46.0-255,66,11265,41,35606
10459,0.000882,172.217.194.0-255,5379,16644,41,35606
10460,0.000888,172.31.46.0-255,66,16710,41,35606
10461,0.00212,172.31.46.0-255,66,16776,41,35606
10462,0.00215,172.217.194.0-255,2902,19678,41,35606
10463,0.002359,172.217.194.0-255,2902,22580,41,35606
10464,0.002373,172.217.194.0-255,1484,24064,41,35606
10465,0.002555,172.217.194.0-255,4320,28384,41,35606
10466,0.003291,172.217.194.0-255,2902,31286,41,35606
10467,0.004178,172.217.194.0-255,4320,35606,41,35606
10468,0.0,172.217.194.0-255,66,66,41,66
10469,0.0,172.217.27.0-255,146,146,41,117167
10470,1.5e-05,172.31.46.0-255,66,212,41,117167
10471,2.1e-05,172.217.27.0-255,1484,1696,41,117167
10472,2.5e-05,172.31.46.0-255,66,1762,41,117167
10473,3.2e-05,172.217.27.0-255,2902,4664,41,117167
10474,3.5e-05,172.31.46.0-255,66,4730,41,117167
10475,4.2e-05,172.217.27.0-255,5738,10468,41,117167
10476,4.4e-05,172.31.46.0-255,66,10534,41,117167
10477,7.4e-05,172.31.46.0-255,66,10600,41,117167
10478,0.000101,172.217.27.0-255,3539,14139,41,117167
10479,0.000103,172.31.46.0-255,66,14205,41,117167
10480,0.000113,172.31.46.0-255,66,14271,41,117167
10481,0.000237,172.217.27.0-255,1484,15755,41,117167
10482,0.000242,172.31.46.0-255,66,15821,41,117167
10483,0.000273,172.217.27.0-255,2902,18723,41,117167
10484,0.000276,172.31.46.0-255,66,18789,41,117167
10485,0.000282,172.217.27.0-255,5738,24527,41,117167
10486,0.000285,172.31.46.0-255,66,24593,41,117167
10487,0.000291,172.217.27.0-255,4320,28913,41,117167
10488,0.000294,172.31.46.0-255,66,28979,41,117167
10489,0.0003,172.217.27.0-255,5379,34358,41,117167
10490,0.000303,172.31.46.0-255,66,34424,41,117167
10491,0.000315,172.31.46.0-255,66,34490,41,117167
10492,0.000319,172.217.27.0-255,2543,37033,41,117167
10493,0.000322,172.31.46.0-255,66,37099,41,117167
10494,0.000343,172.217.27.0-255,353,37452,41,117167
10495,0.000346,172.31.46.0-255,66,37518,41,117167
10496,0.001114,172.217.27.0-255,389,37907,41,117167
10497,0.00112,172.31.46.0-255,66,37973,41,117167
10498,0.001151,172.217.27.0-255,1484,39457,41,117167
10499,0.00117,172.217.27.0-255,2902,42359,41,117167
10500,0.001173,172.31.46.0-255,66,42425,41,117167
10501,0.001191,172.217.27.0-255,1484,43909,41,117167
10502,0.001204,172.217.27.0-255,2902,46811,41,117167
10503,0.001206,172.31.46.0-255,66,46877,41,117167
10504,0.001212,172.217.27.0-255,4320,51197,41,117167
10505,0.001214,172.31.46.0-255,66,51263,41,117167
10506,0.001229,172.217.27.0-255,5738,57001,41,117167
10507,0.001232,172.31.46.0-255,66,57067,41,117167
10508,0.001257,172.217.27.0-255,5738,62805,41,117167
10509,0.00126,172.31.46.0-255,66,62871,41,117167
10510,0.001282,172.217.27.0-255,5738,68609,41,117167
10511,0.001285,172.31.46.0-255,66,68675,41,117167
10512,0.001299,172.217.27.0-255,3602,72277,41,117167
10513,0.001301,172.31.46.0-255,66,72343,41,117167
10514,0.001438,172.217.27.0-255,1484,73827,41,117167
10515,0.001445,172.217.27.0-255,2902,76729,41,117167
10516,0.001448,172.31.46.0-255,66,76795,41,117167
10517,0.00146,172.217.27.0-255,1484,78279,41,117167
10518,0.001475,172.217.27.0-255,4320,82599,41,117167
10519,0.001477,172.31.46.0-255,66,82665,41,117167
10520,0.001504,172.31.46.0-255,66,82731,41,117167
10521,0.001535,172.31.46.0-255,66,82797,41,117167
10522,0.001555,172.217.27.0-255,4320,87117,41,117167
10523,0.001557,172.31.46.0-255,66,87183,41,117167
10524,0.001573,172.217.27.0-255,2184,89367,41,117167
10525,0.001576,172.31.46.0-255,66,89433,41,117167
10526,0.001664,172.217.27.0-255,1484,90917,41,117167
10527,0.00167,172.217.27.0-255,2902,93819,41,117167
10528,0.001673,172.31.46.0-255,66,93885,41,117167
10529,0.001677,172.217.27.0-255,1484,95369,41,117167
10530,0.003344,172.217.27.0-255,4320,99689,41,117167
10531,0.003352,172.31.46.0-255,66,99755,41,117167
10532,0.00502,172.217.27.0-255,5738,105493,41,117167
10533,0.005026,172.31.46.0-255,66,105559,41,117167
10534,0.006678,172.217.27.0-255,5738,111297,41,117167
10535,0.006682,172.31.46.0-255,66,111363,41,117167
10536,0.008357,172.217.27.0-255,5738,117101,41,117167
10537,0.008363,172.31.46.0-255,66,117167,41,117167
10538,0.0,172.217.194.0-255,163,163,41,137382
10539,2.2e-05,172.31.46.0-255,66,229,41,137382
10540,2.8e-05,172.217.194.0-255,1484,1713,41,137382
10541,3.3e-05,172.31.46.0-255,66,1779,41,137382
10542,3.8e-05,172.217.194.0-255,2902,4681,41,137382
10543,4.1e-05,172.31.46.0-255,66,4747,41,137382
10544,4.6e-05,172.217.194.0-255,2902,7649,41,137382
10545,4.8e-05,172.31.46.0-255,66,7715,41,137382
10546,7e-05,172.217.194.0-255,4320,12035,41,137382
10547,7.3e-05,172.31.46.0-255,66,12101,41,137382
10548,7.9e-05,172.217.194.0-255,2075,14176,41,137382
10549,8.2e-05,172.31.46.0-255,66,14242,41,137382
10550,9.4e-05,172.31.46.0-255,66,14308,41,137382
10551,0.000113,172.217.194.0-255,5379,19687,41,137382
10552,0.000115,172.31.46.0-255,66,19753,41,137382
10553,0.0003,172.217.194.0-255,1484,21237,41,137382
10554,0.000304,172.31.46.0-255,66,21303,41,137382
10555,0.000309,172.217.194.0-255,2902,24205,41,137382
10556,0.000311,172.31.46.0-255,66,24271,41,137382
10557,0.000316,172.217.194.0-255,2902,27173,41,137382
10558,0.000318,172.31.46.0-255,66,27239,41,137382
10559,0.00034,172.217.194.0-255,2902,30141,41,137382
10560,0.000342,172.31.46.0-255,66,30207,41,137382
10561,0.00036,172.217.194.0-255,4320,34527,41,137382
10562,0.000362,172.31.46.0-255,66,34593,41,137382
10563,0.000399,172.31.46.0-255,66,34659,41,137382
10564,0.00041,172.31.46.0-255,66,34725,41,137382
10565,0.000412,172.217.194.0-255,1412,36137,41,137382
10566,0.000414,172.31.46.0-255,66,36203,41,137382
10567,0.000439,172.217.194.0-255,99,36302,41,137382
10568,0.000529,172.217.194.0-255,1484,37786,41,137382
10569,0.000532,172.31.46.0-255,66,37852,41,137382
10570,0.000537,172.217.194.0-255,2902,40754,41,137382
10571,0.000539,172.31.46.0-255,66,40820,41,137382
10572,0.000545,172.217.194.0-255,5738,46558,41,137382
10573,0.000547,172.31.46.0-255,66,46624,41,137382
10574,0.000571,172.217.194.0-255,1484,48108,41,137382
10575,0.000592,172.217.194.0-255,5379,53487,41,137382
10576,0.000594,172.31.46.0-255,66,53553,41,137382
10577,0.000602,172.31.46.0-255,66,53619,41,137382
10578,0.000626,172.217.194.0-255,5738,59357,41,137382
10579,0.000629,172.31.46.0-255,66,59423,41,137382
10580,0.00065,172.217.194.0-255,3961,63384,41,137382
10581,0.000653,172.31.46.0-255,66,63450,41,137382
10582,0.000743,172.217.194.0-255,1484,64934,41,137382
10583,0.000759,172.217.194.0-255,2902,67836,41,137382
10584,0.000761,172.217.194.0-255,1484,69320,41,137382
10585,0.000765,172.31.46.0-255,66,69386,41,137382
10586,0.000777,172.217.194.0-255,1484,70870,41,137382
10587,0.00078,172.31.46.0-255,66,70936,41,137382
10588,0.000803,172.31.46.0-255,66,71002,41,137382
10589,0.000827,172.31.46.0-255,66,71068,41,137382
10590,0.000871,172.217.194.0-255,5738,76806,41,137382
10591,0.000874,172.31.46.0-255,66,76872,41,137382
10592,0.0009,172.31.46.0-255,66,76938,41,137382
10593,0.001118,172.217.194.0-255,1484,78422,41,137382
10594,0.001141,172.217.194.0-255,2902,81324,41,137382
10595,0.001145,172.31.46.0-255,66,81390,41,137382
10596,0.001148,172.217.194.0-255,1484,82874,41,137382
10597,0.001166,172.217.194.0-255,4320,87194,41,137382
10598,0.001168,172.31.46.0-255,66,87260,41,137382
10599,0.001187,172.217.194.0-255,2902,90162,41,137382
10600,0.00119,172.31.46.0-255,66,90228,41,137382
10601,0.001195,172.217.194.0-255,4320,94548,41,137382
10602,0.001196,172.31.46.0-255,66,94614,41,137382
10603,0.00122,172.217.194.0-255,5738,100352,41,137382
10604,0.00123,172.31.46.0-255,66,100418,41,137382
10605,0.001233,172.31.46.0-255,66,100484,41,137382
10606,0.001248,172.217.194.0-255,3602,104086,41,137382
10607,0.00125,172.31.46.0-255,66,104152,41,137382
10608,0.00126,172.31.46.0-255,66,104218,41,137382
10609,0.001282,172.217.194.0-255,2902,107120,41,137382
10610,0.001285,172.31.46.0-255,66,107186,41,137382
10611,0.001293,172.31.46.0-255,66,107252,41,137382
10612,0.001317,172.217.194.0-255,5738,112990,41,137382
10613,0.00132,172.31.46.0-255,66,113056,41,137382
10614,0.001341,172.217.194.0-255,5738,118794,41,137382
10615,0.001343,172.31.46.0-255,66,118860,41,137382
10616,0.001359,172.31.46.0-255,66,118926,41,137382
10617,0.0014,172.31.46.0-255,66,118992,41,137382
10618,0.001405,172.217.194.0-255,4320,123312,41,137382
10619,0.001418,172.31.46.0-255,66,123378,41,137382
10620,0.001447,172.217.194.0-255,5020,128398,41,137382
10621,0.001449,172.31.46.0-255,66,128464,41,137382
10622,0.001528,172.217.194.0-255,3602,132066,41,137382
10623,0.001719,172.217.194.0-255,1484,133550,41,137382
10624,0.001735,172.217.194.0-255,3556,137106,41,137382
10625,0.001738,172.217.194.0-255,105,137211,41,137382
10626,0.006423,172.31.46.0-255,66,137277,41,137382
10627,0.008996,172.31.46.0-255,105,137382,41,137382
10628,0.0,172.217.194.0-255,153,153,41,76427
10629,2.2e-05,172.31.46.0-255,66,219,41,76427
10630,2.9e-05,172.217.194.0-255,1484,1703,41,76427
10631,3.4e-05,172.31.46.0-255,66,1769,41,76427
10632,4.8e-05,172.217.194.0-255,2902,4671,41,76427
10633,5.3e-05,172.31.46.0-255,66,4737,41,76427
10634,5.6e-05,172.217.194.0-255,1484,6221,41,76427
10635,5.8e-05,172.31.46.0-255,66,6287,41,76427
10636,9.6e-05,172.217.194.0-255,5738,12025,41,76427
10637,9.9e-05,172.31.46.0-255,66,12091,41,76427
10638,0.000109,172.31.46.0-255,66,12157,41,76427
10639,0.00015,172.31.46.0-255,66,12223,41,76427
10640,0.000388,172.217.194.0-255,1484,13707,41,76427
10641,0.000393,172.31.46.0-255,66,13773,41,76427
10642,0.000399,172.217.194.0-255,2902,16675,41,76427
10643,0.000401,172.31.46.0-255,66,16741,41,76427
10644,0.000414,172.217.194.0-255,5738,22479,41,76427
10645,0.000417,172.31.46.0-255,66,22545,41,76427
10646,0.000472,172.31.46.0-255,66,22611,41,76427
10647,0.000483,172.31.46.0-255,66,22677,41,76427
10648,0.000502,172.217.194.0-255,1125,23802,41,76427
10649,0.000505,172.31.46.0-255,66,23868,41,76427
10650,0.000939,172.217.194.0-255,645,24513,41,76427
10651,0.000944,172.31.46.0-255,66,24579,41,76427
10652,0.001135,172.217.194.0-255,1484,26063,41,76427
10653,0.00114,172.31.46.0-255,66,26129,41,76427
10654,0.001169,172.217.194.0-255,2902,29031,41,76427
10655,0.001172,172.31.46.0-255,66,29097,41,76427
10656,0.001175,172.217.194.0-255,1484,30581,41,76427
10657,0.00118,172.217.194.0-255,2902,33483,41,76427
10658,0.001183,172.31.46.0-255,66,33549,41,76427
10659,0.001206,172.217.194.0-255,2902,36451,41,76427
10660,0.001209,172.31.46.0-255,66,36517,41,76427
10661,0.001232,172.217.194.0-255,5379,41896,41,76427
10662,0.001235,172.31.46.0-255,66,41962,41,76427
10663,0.001242,172.217.194.0-255,5738,47700,41,76427
10664,0.001244,172.31.46.0-255,66,47766,41,76427
10665,0.001281,172.217.194.0-255,5738,53504,41,76427
10666,0.001284,172.31.46.0-255,66,53570,41,76427
10667,0.001324,172.217.194.0-255,5379,58949,41,76427
10668,0.001326,172.31.46.0-255,66,59015,41,76427
10669,0.003645,172.217.194.0-255,5738,64753,41,76427
10670,0.003657,172.31.46.0-255,66,64819,41,76427
10671,0.005948,172.217.194.0-255,5738,70557,41,76427
10672,0.005953,172.31.46.0-255,66,70623,41,76427
10673,0.008288,172.217.194.0-255,5738,76361,41,76427
10674,0.008294,172.31.46.0-255,66,76427,41,76427
10675,0.0,172.217.27.0-255,150,150,41,133100
10676,2.2e-05,172.31.46.0-255,66,216,41,133100
10677,2.9e-05,172.217.27.0-255,1484,1700,41,133100
10678,3.3e-05,172.31.46.0-255,66,1766,41,133100
10679,3.8e-05,172.217.27.0-255,2902,4668,41,133100
10680,4.2e-05,172.31.46.0-255,66,4734,41,133100
10681,5.2e-05,172.31.46.0-255,66,4800,41,133100
10682,5.6e-05,172.217.27.0-255,2111,6911,41,133100
10683,5.8e-05,172.31.46.0-255,66,6977,41,133100
10684,6.2e-05,172.217.27.0-255,2902,9879,41,133100
10685,6.4e-05,172.31.46.0-255,66,9945,41,133100
10686,9.5e-05,172.31.46.0-255,66,10011,41,133100
10687,0.000108,172.217.27.0-255,4320,14331,41,133100
10688,0.00011,172.31.46.0-255,66,14397,41,133100
10689,0.000129,172.217.27.0-255,2543,16940,41,133100
10690,0.000132,172.31.46.0-255,66,17006,41,133100
10691,0.00017,172.217.27.0-255,1484,18490,41,133100
10692,0.000173,172.31.46.0-255,66,18556,41,133100
10693,0.000177,172.217.27.0-255,2902,21458,41,133100
10694,0.00018,172.31.46.0-255,66,21524,41,133100
10695,0.000213,172.217.27.0-255,5738,27262,41,133100
10696,0.000215,172.31.46.0-255,66,27328,41,133100
10697,0.000221,172.217.27.0-255,5738,33066,41,133100
10698,0.000223,172.31.46.0-255,66,33132,41,133100
10699,0.000246,172.217.27.0-255,1125,34257,41,133100
10700,0.000248,172.31.46.0-255,66,34323,41,133100
10701,0.000366,172.217.27.0-255,1484,35807,41,133100
10702,0.00037,172.31.46.0-255,66,35873,41,133100
10703,0.000375,172.217.27.0-255,2902,38775,41,133100
10704,0.000377,172.31.46.0-255,66,38841,41,133100
10705,0.000381,172.217.27.0-255,2902,41743,41,133100
10706,0.000383,172.31.46.0-255,66,41809,41,133100
10707,0.000403,172.217.27.0-255,2902,44711,41,133100
10708,0.000405,172.31.46.0-255,66,44777,41,133100
10709,0.000414,172.31.46.0-255,66,44843,41,133100
10710,0.000428,172.217.27.0-255,352,45195,41,133100
10711,0.00063,172.217.27.0-255,140,45335,41,133100
10712,0.000752,172.217.27.0-255,1484,46819,41,133100
10713,0.000759,172.31.46.0-255,66,46885,41,133100
10714,0.000765,172.217.27.0-255,2902,49787,41,133100
10715,0.000767,172.31.46.0-255,66,49853,41,133100
10716,0.000773,172.217.27.0-255,5738,55591,41,133100
10717,0.000775,172.31.46.0-255,66,55657,41,133100
10718,0.000793,172.217.27.0-255,2902,58559,41,133100
10719,0.000796,172.31.46.0-255,66,58625,41,133100
10720,0.000838,172.31.46.0-255,66,58691,41,133100
10721,0.000847,172.31.46.0-255,66,58757,41,133100
10722,0.00086,172.217.27.0-255,2543,61300,41,133100
10723,0.000862,172.31.46.0-255,66,61366,41,133100
10724,0.001032,172.217.27.0-255,1484,62850,41,133100
10725,0.00104,172.217.27.0-255,2902,65752,41,133100
10726,0.001044,172.31.46.0-255,66,65818,41,133100
10727,0.00107,172.217.27.0-255,5738,71556,41,133100
10728,0.001073,172.31.46.0-255,66,71622,41,133100
10729,0.00108,172.217.27.0-255,5738,77360,41,133100
10730,0.001082,172.31.46.0-255,66,77426,41,133100
10731,0.001092,172.31.46.0-255,66,77492,41,133100
10732,0.00114,172.31.46.0-255,66,77558,41,133100
10733,0.001144,172.217.27.0-255,1484,79042,41,133100
10734,0.001169,172.31.46.0-255,66,79108,41,133100
10735,0.001214,172.31.46.0-255,66,79174,41,133100
10736,0.001238,172.31.46.0-255,66,79240,41,133100
10737,0.001241,172.217.27.0-255,1484,80724,41,133100
10738,0.001246,172.217.27.0-255,2902,83626,41,133100
10739,0.001248,172.31.46.0-255,66,83692,41,133100
10740,0.001252,172.217.27.0-255,2902,86594,41,133100
10741,0.001255,172.31.46.0-255,66,86660,41,133100
10742,0.001276,172.217.27.0-255,2902,89562,41,133100
10743,0.001279,172.31.46.0-255,66,89628,41,133100
10744,0.001293,172.31.46.0-255,66,89694,41,133100
10745,0.001325,172.217.27.0-255,2902,92596,41,133100
10746,0.001328,172.31.46.0-255,66,92662,41,133100
10747,0.001356,172.31.46.0-255,66,92728,41,133100
10748,0.001404,172.217.27.0-255,1484,94212,41,133100
10749,0.001407,172.217.27.0-255,1484,95696,41,133100
10750,0.00141,172.31.46.0-255,66,95762,41,133100
10751,0.00143,172.217.27.0-255,1484,97246,41,133100
10752,0.001437,172.217.27.0-255,5738,102984,41,133100
10753,0.001439,172.31.46.0-255,66,103050,41,133100
10754,0.001469,172.31.46.0-255,66,103116,41,133100
10755,0.001519,172.31.46.0-255,66,103182,41,133100
10756,0.001532,172.217.27.0-255,2184,105366,41,133100
10757,0.001535,172.31.46.0-255,66,105432,41,133100
10758,0.003157,172.217.27.0-255,5738,111170,41,133100
10759,0.003164,172.31.46.0-255,66,111236,41,133100
10760,0.004807,172.217.27.0-255,5738,116974,41,133100
10761,0.004815,172.31.46.0-255,66,117040,41,133100
10762,0.006446,172.217.27.0-255,4320,121360,41,133100
10763,0.006449,172.31.46.0-255,66,121426,41,133100
10764,0.006471,172.217.27.0-255,1484,122910,41,133100
10765,0.00808,172.217.27.0-255,4320,127230,41,133100
10766,0.008089,172.31.46.0-255,66,127296,41,133100
10767,0.009732,172.217.27.0-255,5738,133034,41,133100
10768,0.00974,172.31.46.0-255,66,133100,41,133100
10769,0.0,74.125.200.0-255,145,145,41,103009
10770,1.4e-05,172.31.46.0-255,66,211,41,103009
10771,2.1e-05,74.125.200.0-255,1484,1695,41,103009
10772,2.5e-05,172.31.46.0-255,66,1761,41,103009
10773,2.9e-05,74.125.200.0-255,2902,4663,41,103009
10774,3.9e-05,172.31.46.0-255,66,4729,41,103009
10775,4.5e-05,74.125.200.0-255,5738,10467,41,103009
10776,4.7e-05,172.31.46.0-255,66,10533,41,103009
10777,8.5e-05,172.31.46.0-255,66,10599,41,103009
10778,9.4e-05,172.31.46.0-255,66,10665,41,103009
10779,0.000151,172.31.46.0-255,66,10731,41,103009
10780,0.000195,74.125.200.0-255,1484,12215,41,103009
10781,0.000198,172.31.46.0-255,66,12281,41,103009
10782,0.000225,74.125.200.0-255,2902,15183,41,103009
10783,0.000227,172.31.46.0-255,66,15249,41,103009
10784,0.00023,74.125.200.0-255,2902,18151,41,103009
10785,0.000232,172.31.46.0-255,66,18217,41,103009
10786,0.000236,74.125.200.0-255,2902,21119,41,103009
10787,0.000238,172.31.46.0-255,66,21185,41,103009
10788,0.000264,74.125.200.0-255,1484,22669,41,103009
10789,0.000266,172.31.46.0-255,66,22735,41,103009
10790,0.000276,172.31.46.0-255,66,22801,41,103009
10791,0.000279,74.125.200.0-255,1484,24285,41,103009
10792,0.000282,172.31.46.0-255,66,24351,41,103009
10793,0.000322,172.31.46.0-255,66,24417,41,103009
10794,0.000328,74.125.200.0-255,5384,29801,41,103009
10795,0.00033,172.31.46.0-255,66,29867,41,103009
10796,0.000355,74.125.200.0-255,346,30213,41,103009
10797,0.000795,74.125.200.0-255,1484,31697,41,103009
10798,0.0008,172.31.46.0-255,66,31763,41,103009
10799,0.000804,74.125.200.0-255,2902,34665,41,103009
10800,0.000817,172.31.46.0-255,66,34731,41,103009
10801,0.000827,74.125.200.0-255,5738,40469,41,103009
10802,0.000831,172.31.46.0-255,66,40535,41,103009
10803,0.000853,74.125.200.0-255,2902,43437,41,103009
10804,0.000873,74.125.200.0-255,4320,47757,41,103009
10805,0.000876,74.125.200.0-255,2902,50659,41,103009
10806,0.000882,172.31.46.0-255,66,50725,41,103009
10807,0.000892,74.125.200.0-255,1484,52209,41,103009
10808,0.000902,74.125.200.0-255,5738,57947,41,103009
10809,0.000917,172.31.46.0-255,66,58013,41,103009
10810,0.000928,74.125.200.0-255,4320,62333,41,103009
10811,0.000946,74.125.200.0-255,2184,64517,41,103009
10812,0.000954,172.31.46.0-255,66,64583,41,103009
10813,0.001451,74.125.200.0-255,1484,66067,41,103009
10814,0.001468,74.125.200.0-255,2902,68969,41,103009
10815,0.001472,172.31.46.0-255,66,69035,41,103009
10816,0.001495,74.125.200.0-255,5738,74773,41,103009
10817,0.001509,74.125.200.0-255,2902,77675,41,103009
10818,0.001523,74.125.200.0-255,4320,81995,41,103009
10819,0.001544,74.125.200.0-255,5738,87733,41,103009
10820,0.001589,74.125.200.0-255,3602,91335,41,103009
10821,0.005162,172.31.46.0-255,66,91401,41,103009
10822,0.007085,74.125.200.0-255,5738,97139,41,103009
10823,0.007092,172.31.46.0-255,66,97205,41,103009
10824,0.009019,74.125.200.0-255,5738,102943,41,103009
10825,0.009219,172.31.46.0-255,66,103009,41,103009
10826,0.0,74.125.24.0-255,150,150,41,30437
10827,1.7e-05,172.31.46.0-255,66,216,41,30437
10828,2.4e-05,74.125.24.0-255,1484,1700,41,30437
10829,2.8e-05,172.31.46.0-255,66,1766,41,30437
10830,4.2e-05,74.125.24.0-255,2902,4668,41,30437
10831,4.7e-05,172.31.46.0-255,66,4734,41,30437
10832,0.000156,172.31.46.0-255,66,4800,41,30437
10833,0.000422,172.31.46.0-255,66,4866,41,30437
10834,0.000439,74.125.24.0-255,3472,8338,41,30437
10835,0.000441,172.31.46.0-255,66,8404,41,30437
10836,0.000891,172.31.46.0-255,66,8470,41,30437
10837,0.000919,172.31.46.0-255,66,8536,41,30437
10838,0.001683,74.125.24.0-255,2543,11079,41,30437
10839,0.00169,172.31.46.0-255,66,11145,41,30437
10840,0.001779,74.125.24.0-255,4320,15465,41,30437
10841,0.001782,172.31.46.0-255,66,15531,41,30437
10842,0.001815,172.31.46.0-255,66,15597,41,30437
10843,0.00242,74.125.24.0-255,4320,19917,41,30437
10844,0.002423,172.31.46.0-255,66,19983,41,30437
10845,0.002464,172.31.46.0-255,66,20049,41,30437
10846,0.003264,172.31.46.0-255,66,20115,41,30437
10847,0.003313,172.31.46.0-255,66,20181,41,30437
10848,0.005856,74.125.24.0-255,4320,24501,41,30437
10849,0.005863,172.31.46.0-255,66,24567,41,30437
10850,0.005888,74.125.24.0-255,1484,26051,41,30437
10851,0.008384,74.125.24.0-255,4320,30371,41,30437
10852,0.00839,172.31.46.0-255,66,30437,41,30437
10853,0.0,74.125.130.0-255,294,294,41,151661
10854,1.9e-05,172.31.46.0-255,66,360,41,151661
10855,2.5e-05,74.125.130.0-255,1484,1844,41,151661
10856,3e-05,172.31.46.0-255,66,1910,41,151661
10857,5.9e-05,74.125.130.0-255,4320,6230,41,151661
10858,6.2e-05,172.31.46.0-255,66,6296,41,151661
10859,6.6e-05,74.125.130.0-255,2902,9198,41,151661
10860,6.9e-05,172.31.46.0-255,66,9264,41,151661
10861,7.2e-05,74.125.130.0-255,1484,10748,41,151661
10862,7.4e-05,172.31.46.0-255,66,10814,41,151661
10863,8.7e-05,74.125.130.0-255,2902,13716,41,151661
10864,9e-05,172.31.46.0-255,66,13782,41,151661
10865,0.000129,172.31.46.0-255,66,13848,41,151661
10866,0.000181,74.125.130.0-255,5738,19586,41,151661
10867,0.000184,172.31.46.0-255,66,19652,41,151661
10868,0.000206,74.125.130.0-255,2543,22195,41,151661
10869,0.000209,172.31.46.0-255,66,22261,41,151661
10870,0.000252,74.125.130.0-255,1484,23745,41,151661
10871,0.000254,172.31.46.0-255,66,23811,41,151661
10872,0.000273,74.125.130.0-255,2902,26713,41,151661
10873,0.000276,172.31.46.0-255,66,26779,41,151661
10874,0.000281,74.125.130.0-255,5738,32517,41,151661
10875,0.000283,172.31.46.0-255,66,32583,41,151661
10876,0.000322,74.125.130.0-255,2902,35485,41,151661
10877,0.000325,172.31.46.0-255,66,35551,41,151661
10878,0.000343,74.125.130.0-255,3961,39512,41,151661
10879,0.000346,172.31.46.0-255,66,39578,41,151661
10880,0.000361,74.125.130.0-255,1484,41062,41,151661
10881,0.000363,172.31.46.0-255,66,41128,41,151661
10882,0.000384,74.125.130.0-255,5738,46866,41,151661
10883,0.000386,172.31.46.0-255,66,46932,41,151661
10884,0.000421,74.125.130.0-255,1484,48416,41,151661
10885,0.000475,74.125.130.0-255,365,48781,41,151661
10886,0.000481,172.31.46.0-255,66,48847,41,151661
10887,0.000542,74.125.130.0-255,1484,50331,41,151661
10888,0.000552,74.125.130.0-255,1484,51815,41,151661
10889,0.000557,172.31.46.0-255,66,51881,41,151661
10890,0.00057,74.125.130.0-255,2902,54783,41,151661
10891,0.000575,74.125.130.0-255,2902,57685,41,151661
10892,0.000585,172.31.46.0-255,66,57751,41,151661
10893,0.000593,74.125.130.0-255,2902,60653,41,151661
10894,0.000597,172.31.46.0-255,66,60719,41,151661
10895,0.000616,74.125.130.0-255,1484,62203,41,151661
10896,0.000638,172.31.46.0-255,66,62269,41,151661
10897,0.000699,74.125.130.0-255,2902,65171,41,151661
10898,0.000728,172.31.46.0-255,66,65237,41,151661
10899,0.000766,74.125.130.0-255,766,66003,41,151661
10900,0.00089,74.125.130.0-255,1484,67487,41,151661
10901,0.000902,74.125.130.0-255,1484,68971,41,151661
10902,0.000905,74.125.130.0-255,1484,70455,41,151661
10903,0.000912,172.31.46.0-255,66,70521,41,151661
10904,0.000919,74.125.130.0-255,1484,72005,41,151661
10905,0.000921,74.125.130.0-255,1484,73489,41,151661
10906,0.000925,172.31.46.0-255,66,73555,41,151661
10907,0.000936,74.125.130.0-255,4320,77875,41,151661
10908,0.000984,172.31.46.0-255,66,77941,41,151661
10909,0.000988,74.125.130.0-255,2902,80843,41,151661
10910,0.000992,172.31.46.0-255,66,80909,41,151661
10911,0.001058,74.125.130.0-255,5738,86647,41,151661
10912,0.001067,172.31.46.0-255,66,86713,41,151661
10913,0.001077,74.125.130.0-255,5020,91733,41,151661
10914,0.001095,172.31.46.0-255,66,91799,41,151661
10915,0.001154,172.31.46.0-255,66,91865,41,151661
10916,0.001166,74.125.130.0-255,4320,96185,41,151661
10917,0.001175,172.31.46.0-255,66,96251,41,151661
10918,0.001236,74.125.130.0-255,5738,101989,41,151661
10919,0.001244,172.31.46.0-255,66,102055,41,151661
10920,0.001273,172.31.46.0-255,66,102121,41,151661
10921,0.001332,74.125.130.0-255,2902,105023,41,151661
10922,0.001335,172.31.46.0-255,66,105089,41,151661
10923,0.001378,172.31.46.0-255,66,105155,41,151661
10924,0.001416,172.31.46.0-255,66,105221,41,151661
10925,0.001425,74.125.130.0-255,1484,106705,41,151661
10926,0.001496,172.31.46.0-255,66,106771,41,151661
10927,0.001537,172.31.46.0-255,66,106837,41,151661
10928,0.001651,74.125.130.0-255,2184,109021,41,151661
10929,0.001655,172.31.46.0-255,66,109087,41,151661
10930,0.001682,172.31.46.0-255,66,109153,41,151661
10931,0.001711,172.31.46.0-255,66,109219,41,151661
10932,0.001853,74.125.130.0-255,2902,112121,41,151661
10933,0.001857,172.31.46.0-255,66,112187,41,151661
10934,0.001896,172.31.46.0-255,66,112253,41,151661
10935,0.001925,74.125.130.0-255,5738,117991,41,151661
10936,0.001929,172.31.46.0-255,66,118057,41,151661
10937,0.001962,172.31.46.0-255,66,118123,41,151661
10938,0.002044,74.125.130.0-255,4320,122443,41,151661
10939,0.002047,172.31.46.0-255,66,122509,41,151661
10940,0.002182,74.125.130.0-255,5738,128247,41,151661
10941,0.002198,74.125.130.0-255,4320,132567,41,151661
10942,0.002538,172.31.46.0-255,66,132633,41,151661
10943,0.002636,74.125.130.0-255,4320,136953,41,151661
10944,0.002649,172.31.46.0-255,66,137019,41,151661
10945,0.002689,172.31.46.0-255,66,137085,41,151661
10946,0.00283,74.125.130.0-255,2902,139987,41,151661
10947,0.00284,172.31.46.0-255,66,140053,41,151661
10948,0.002881,172.31.46.0-255,66,140119,41,151661
10949,0.005444,74.125.130.0-255,5738,145857,41,151661
10950,0.005452,172.31.46.0-255,66,145923,41,151661
10951,0.008016,74.125.130.0-255,5738,151661,41,151661
10952,0.0,172.217.194.0-255,152,152,41,95628
10953,2.2e-05,172.31.46.0-255,66,218,41,95628
10954,2.9e-05,172.217.194.0-255,1484,1702,41,95628
10955,3.4e-05,172.31.46.0-255,66,1768,41,95628
10956,4e-05,172.217.194.0-255,2902,4670,41,95628
10957,4.3e-05,172.31.46.0-255,66,4736,41,95628
10958,5.3e-05,172.31.46.0-255,66,4802,41,95628
10959,6.4e-05,172.31.46.0-255,66,4868,41,95628
10960,9.4e-05,172.217.194.0-255,4955,9823,41,95628
10961,9.7e-05,172.31.46.0-255,66,9889,41,95628
10962,0.000108,172.31.46.0-255,66,9955,41,95628
10963,0.000131,172.217.194.0-255,2902,12857,41,95628
10964,0.000134,172.31.46.0-255,66,12923,41,95628
10965,0.000139,172.217.194.0-255,4320,17243,41,95628
10966,0.000142,172.31.46.0-255,66,17309,41,95628
10967,0.000166,172.31.46.0-255,66,17375,41,95628
10968,0.000187,172.217.194.0-255,1484,18859,41,95628
10969,0.000189,172.31.46.0-255,66,18925,41,95628
10970,0.000193,172.217.194.0-255,1125,20050,41,95628
10971,0.000195,172.31.46.0-255,66,20116,41,95628
10972,0.000243,172.217.194.0-255,1484,21600,41,95628
10973,0.000246,172.31.46.0-255,66,21666,41,95628
10974,0.000249,172.217.194.0-255,1484,23150,41,95628
10975,0.000251,172.31.46.0-255,66,23216,41,95628
10976,0.00027,172.217.194.0-255,1484,24700,41,95628
10977,0.000273,172.31.46.0-255,66,24766,41,95628
10978,0.00028,172.217.194.0-255,5738,30504,41,95628
10979,0.000282,172.31.46.0-255,66,30570,41,95628
10980,0.000308,172.217.194.0-255,366,30936,41,95628
10981,0.00048,172.31.46.0-255,66,31002,41,95628
10982,0.000648,172.217.194.0-255,378,31380,41,95628
10983,0.000772,172.217.194.0-255,1484,32864,41,95628
10984,0.000777,172.31.46.0-255,66,32930,41,95628
10985,0.000782,172.217.194.0-255,2902,35832,41,95628
10986,0.000784,172.31.46.0-255,66,35898,41,95628
10987,0.000813,172.217.194.0-255,5738,41636,41,95628
10988,0.000816,172.31.46.0-255,66,41702,41,95628
10989,0.00084,172.31.46.0-255,66,41768,41,95628
10990,0.000854,172.217.194.0-255,2902,44670,41,95628
10991,0.000896,172.31.46.0-255,66,44736,41,95628
10992,0.001106,172.217.194.0-255,1484,46220,41,95628
10993,0.001114,172.217.194.0-255,2902,49122,41,95628
10994,0.001117,172.31.46.0-255,66,49188,41,95628
10995,0.001122,172.217.194.0-255,2902,52090,41,95628
10996,0.00114,172.217.194.0-255,2902,54992,41,95628
10997,0.001145,172.217.194.0-255,2902,57894,41,95628
10998,0.001152,172.31.46.0-255,66,57960,41,95628
10999,0.001211,172.31.46.0-255,66,58026,41,95628
11000,0.001252,172.31.46.0-255,66,58092,41,95628
11001,0.001733,172.217.194.0-255,1484,59576,41,95628
11002,0.00174,172.217.194.0-255,2902,62478,41,95628
11003,0.001744,172.31.46.0-255,66,62544,41,95628
11004,0.001749,172.217.194.0-255,4320,66864,41,95628
11005,0.001752,172.31.46.0-255,66,66930,41,95628
11006,0.001763,172.217.194.0-255,1484,68414,41,95628
11007,0.00179,172.31.46.0-255,66,68480,41,95628
11008,0.001807,172.217.194.0-255,1484,69964,41,95628
11009,0.001837,172.31.46.0-255,66,70030,41,95628
11010,0.001861,172.217.194.0-255,2184,72214,41,95628
11011,0.001865,172.31.46.0-255,66,72280,41,95628
11012,0.00378,172.217.194.0-255,2902,75182,41,95628
11013,0.003788,172.31.46.0-255,66,75248,41,95628
11014,0.00381,172.217.194.0-255,2902,78150,41,95628
11015,0.003813,172.31.46.0-255,66,78216,41,95628
11016,0.005744,172.217.194.0-255,5738,83954,41,95628
11017,0.005749,172.31.46.0-255,66,84020,41,95628
11018,0.007714,172.217.194.0-255,5738,89758,41,95628
11019,0.007721,172.31.46.0-255,66,89824,41,95628
11020,0.009678,172.217.194.0-255,5738,95562,41,95628
11021,0.009688,172.31.46.0-255,66,95628,41,95628
11022,0.0,74.125.130.0-255,153,153,41,140632
11023,2.4e-05,172.31.46.0-255,66,219,41,140632
11024,3.1e-05,74.125.130.0-255,1484,1703,41,140632
11025,3.6e-05,172.31.46.0-255,66,1769,41,140632
11026,4.2e-05,74.125.130.0-255,2902,4671,41,140632
11027,4.6e-05,172.31.46.0-255,66,4737,41,140632
11028,5.3e-05,74.125.130.0-255,5738,10475,41,140632
11029,5.6e-05,172.31.46.0-255,66,10541,41,140632
11030,8.4e-05,74.125.130.0-255,3446,13987,41,140632
11031,8.7e-05,172.31.46.0-255,66,14053,41,140632
11032,0.000123,74.125.130.0-255,1484,15537,41,140632
11033,0.000126,172.31.46.0-255,66,15603,41,140632
11034,0.000138,74.125.130.0-255,2902,18505,41,140632
11035,0.00014,172.31.46.0-255,66,18571,41,140632
11036,0.000143,74.125.130.0-255,1484,20055,41,140632
11037,0.000145,172.31.46.0-255,66,20121,41,140632
11038,0.000168,74.125.130.0-255,2902,23023,41,140632
11039,0.000171,172.31.46.0-255,66,23089,41,140632
11040,0.000175,74.125.130.0-255,2902,25991,41,140632
11041,0.000177,172.31.46.0-255,66,26057,41,140632
11042,0.00019,74.125.130.0-255,2902,28959,41,140632
11043,0.000192,172.31.46.0-255,66,29025,41,140632
11044,0.000195,74.125.130.0-255,1484,30509,41,140632
11045,0.000197,172.31.46.0-255,66,30575,41,140632
11046,0.000226,74.125.130.0-255,5738,36313,41,140632
11047,0.000229,172.31.46.0-255,66,36379,41,140632
11048,0.000234,74.125.130.0-255,4320,40699,41,140632
11049,0.000236,172.31.46.0-255,66,40765,41,140632
11050,0.000247,74.125.130.0-255,1484,42249,41,140632
11051,0.000249,172.31.46.0-255,66,42315,41,140632
11052,0.000252,74.125.130.0-255,1484,43799,41,140632
11053,0.000254,172.31.46.0-255,66,43865,41,140632
11054,0.000278,74.125.130.0-255,5020,48885,41,140632
11055,0.00028,172.31.46.0-255,66,48951,41,140632
11056,0.000981,74.125.130.0-255,1484,50435,41,140632
11057,0.000992,74.125.130.0-255,2902,53337,41,140632
11058,0.000996,172.31.46.0-255,66,53403,41,140632
11059,0.001018,74.125.130.0-255,4320,57723,41,140632
11060,0.001021,172.31.46.0-255,66,57789,41,140632
11061,0.001025,74.125.130.0-255,2902,60691,41,140632
11062,0.001028,172.31.46.0-255,66,60757,41,140632
11063,0.001058,74.125.130.0-255,5635,66392,41,140632
11064,0.001061,172.31.46.0-255,66,66458,41,140632
11065,0.001822,74.125.130.0-255,1484,67942,41,140632
11066,0.001831,74.125.130.0-255,2902,70844,41,140632
11067,0.001835,172.31.46.0-255,66,70910,41,140632
11068,0.001843,74.125.130.0-255,5738,76648,41,140632
11069,0.001845,172.31.46.0-255,66,76714,41,140632
11070,0.00185,74.125.130.0-255,2902,79616,41,140632
11071,0.001853,172.31.46.0-255,66,79682,41,140632
11072,0.001879,74.125.130.0-255,1484,81166,41,140632
11073,0.001886,74.125.130.0-255,5738,86904,41,140632
11074,0.001888,172.31.46.0-255,66,86970,41,140632
11075,0.001903,74.125.130.0-255,4320,91290,41,140632
11076,0.001905,172.31.46.0-255,66,91356,41,140632
11077,0.001932,74.125.130.0-255,4320,95676,41,140632
11078,0.001934,172.31.46.0-255,66,95742,41,140632
11079,0.001951,74.125.130.0-255,1484,97226,41,140632
11080,0.00197,74.125.130.0-255,3602,100828,41,140632
11081,0.001973,172.31.46.0-255,66,100894,41,140632
11082,0.002415,74.125.130.0-255,1484,102378,41,140632
11083,0.002431,74.125.130.0-255,2902,105280,41,140632
11084,0.002434,172.31.46.0-255,66,105346,41,140632
11085,0.002454,74.125.130.0-255,1484,106830,41,140632
11086,0.002473,74.125.130.0-255,1484,108314,41,140632
11087,0.002475,172.31.46.0-255,66,108380,41,140632
11088,0.002478,74.125.130.0-255,1484,109864,41,140632
11089,0.002497,74.125.130.0-255,2902,112766,41,140632
11090,0.0025,172.31.46.0-255,66,112832,41,140632
11091,0.002505,74.125.130.0-255,4320,117152,41,140632
11092,0.002508,172.31.46.0-255,66,117218,41,140632
11093,0.002519,74.125.130.0-255,1484,118702,41,140632
11094,0.002544,74.125.130.0-255,4320,123022,41,140632
11095,0.002547,172.31.46.0-255,66,123088,41,140632
11096,0.002565,74.125.130.0-255,2902,125990,41,140632
11097,0.002567,172.31.46.0-255,66,126056,41,140632
11098,0.002571,74.125.130.0-255,2902,128958,41,140632
11099,0.002573,172.31.46.0-255,66,129024,41,140632
11100,0.005117,74.125.130.0-255,5738,134762,41,140632
11101,0.005124,172.31.46.0-255,66,134828,41,140632
11102,0.007685,74.125.130.0-255,5738,140566,41,140632
11103,0.007689,172.31.46.0-255,66,140632,41,140632
11104,0.0,74.125.130.0-255,290,290,41,79885
11105,1.9e-05,172.31.46.0-255,66,356,41,79885
11106,2.6e-05,74.125.130.0-255,1484,1840,41,79885
11107,3e-05,172.31.46.0-255,66,1906,41,79885
11108,3.6e-05,74.125.130.0-255,2902,4808,41,79885
11109,4.1e-05,172.31.46.0-255,66,4874,41,79885
11110,4.8e-05,74.125.130.0-255,5738,10612,41,79885
11111,5.1e-05,172.31.46.0-255,66,10678,41,79885
11112,5.6e-05,74.125.130.0-255,3327,14005,41,79885
11113,6e-05,172.31.46.0-255,66,14071,41,79885
11114,0.000253,74.125.130.0-255,1484,15555,41,79885
11115,0.000258,172.31.46.0-255,66,15621,41,79885
11116,0.000264,74.125.130.0-255,2902,18523,41,79885
11117,0.000267,172.31.46.0-255,66,18589,41,79885
11118,0.000289,74.125.130.0-255,5738,24327,41,79885
11119,0.000292,172.31.46.0-255,66,24393,41,79885
11120,0.000308,74.125.130.0-255,1484,25877,41,79885
11121,0.00031,172.31.46.0-255,66,25943,41,79885
11122,0.000315,74.125.130.0-255,2902,28845,41,79885
11123,0.000317,172.31.46.0-255,66,28911,41,79885
11124,0.000361,74.125.130.0-255,2543,31454,41,79885
11125,0.000364,172.31.46.0-255,66,31520,41,79885
11126,0.001525,74.125.130.0-255,1484,33004,41,79885
11127,0.001533,172.31.46.0-255,66,33070,41,79885
11128,0.001542,74.125.130.0-255,2902,35972,41,79885
11129,0.001545,172.31.46.0-255,66,36038,41,79885
11130,0.001553,74.125.130.0-255,5738,41776,41,79885
11131,0.001555,172.31.46.0-255,66,41842,41,79885
11132,0.001573,74.125.130.0-255,5738,47580,41,79885
11133,0.001575,172.31.46.0-255,66,47646,41,79885
11134,0.001596,74.125.130.0-255,2902,50548,41,79885
11135,0.001598,172.31.46.0-255,66,50614,41,79885
11136,0.001617,74.125.130.0-255,3961,54575,41,79885
11137,0.001619,172.31.46.0-255,66,54641,41,79885
11138,0.001626,74.125.130.0-255,5738,60379,41,79885
11139,0.001628,172.31.46.0-255,66,60445,41,79885
11140,0.001677,74.125.130.0-255,4320,64765,41,79885
11141,0.001679,172.31.46.0-255,66,64831,41,79885
11142,0.001697,74.125.130.0-255,1380,66211,41,79885
11143,0.003906,172.31.46.0-255,66,66277,41,79885
11144,0.004631,74.125.130.0-255,120,66397,41,79885
11145,0.004672,74.125.130.0-255,1484,67881,41,79885
11146,0.004678,172.31.46.0-255,66,67947,41,79885
11147,0.005224,74.125.130.0-255,1484,69431,41,79885
11148,0.006489,74.125.130.0-255,1484,70915,41,79885
11149,0.006495,172.31.46.0-255,66,70981,41,79885
11150,0.007266,74.125.130.0-255,2902,73883,41,79885
11151,0.007271,172.31.46.0-255,66,73949,41,79885
11152,0.009104,74.125.130.0-255,2902,76851,41,79885
11153,0.009117,172.31.46.0-255,66,76917,41,79885
11154,0.009874,74.125.130.0-255,2902,79819,41,79885
11155,0.009883,172.31.46.0-255,66,79885,41,79885
11156,0.0,172.217.194.0-255,295,295,41,134959
11157,1.4e-05,172.31.46.0-255,66,361,41,134959
11158,2.1e-05,172.217.194.0-255,1484,1845,41,134959
11159,2.5e-05,172.31.46.0-255,66,1911,41,134959
11160,3.4e-05,172.217.194.0-255,4320,6231,41,134959
11161,3.8e-05,172.31.46.0-255,66,6297,41,134959
11162,7.1e-05,172.31.46.0-255,66,6363,41,134959
11163,0.000102,172.217.194.0-255,1808,8171,41,134959
11164,0.000105,172.31.46.0-255,66,8237,41,134959
11165,0.000116,172.31.46.0-255,66,8303,41,134959
11166,0.000134,172.31.46.0-255,66,8369,41,134959
11167,0.00014,172.217.194.0-255,3602,11971,41,134959
11168,0.000142,172.31.46.0-255,66,12037,41,134959
11169,0.000193,172.217.194.0-255,1484,13521,41,134959
11170,0.000197,172.31.46.0-255,66,13587,41,134959
11171,0.000201,172.217.194.0-255,2902,16489,41,134959
11172,0.000204,172.31.46.0-255,66,16555,41,134959
11173,0.000207,172.217.194.0-255,1484,18039,41,134959
11174,0.000209,172.31.46.0-255,66,18105,41,134959
11175,0.000229,172.217.194.0-255,4320,22425,41,134959
11176,0.000232,172.31.46.0-255,66,22491,41,134959
11177,0.000274,172.31.46.0-255,66,22557,41,134959
11178,0.000374,172.217.194.0-255,1484,24041,41,134959
11179,0.000377,172.31.46.0-255,66,24107,41,134959
11180,0.000383,172.217.194.0-255,2902,27009,41,134959
11181,0.000385,172.31.46.0-255,66,27075,41,134959
11182,0.00039,172.217.194.0-255,2902,29977,41,134959
11183,0.000392,172.31.46.0-255,66,30043,41,134959
11184,0.00042,172.217.194.0-255,2902,32945,41,134959
11185,0.000472,172.217.194.0-255,5738,38683,41,134959
11186,0.000545,172.31.46.0-255,66,38749,41,134959
11187,0.001157,172.217.194.0-255,1484,40233,41,134959
11188,0.001164,172.217.194.0-255,2902,43135,41,134959
11189,0.001168,172.31.46.0-255,66,43201,41,134959
11190,0.001173,172.217.194.0-255,2902,46103,41,134959
11191,0.00119,172.217.194.0-255,2902,49005,41,134959
11192,0.001197,172.217.194.0-255,5738,54743,41,134959
11193,0.001207,172.31.46.0-255,66,54809,41,134959
11194,0.001222,172.217.194.0-255,1484,56293,41,134959
11195,0.001227,172.31.46.0-255,66,56359,41,134959
11196,0.001266,172.31.46.0-255,66,56425,41,134959
11197,0.001442,172.217.194.0-255,1484,57909,41,134959
11198,0.001446,172.217.194.0-255,1484,59393,41,134959
11199,0.001449,172.31.46.0-255,66,59459,41,134959
11200,0.001466,172.217.194.0-255,1484,60943,41,134959
11201,0.001472,172.217.194.0-255,5738,66681,41,134959
11202,0.001478,172.31.46.0-255,66,66747,41,134959
11203,0.001511,172.31.46.0-255,66,66813,41,134959
11204,0.001542,172.217.194.0-255,2184,68997,41,134959
11205,0.001545,172.217.194.0-255,2902,71899,41,134959
11206,0.001547,172.217.194.0-255,1484,73383,41,134959
11207,0.001553,172.31.46.0-255,66,73449,41,134959
11208,0.001566,172.217.194.0-255,5738,79187,41,134959
11209,0.001689,172.217.194.0-255,4320,83507,41,134959
11210,0.001741,172.217.194.0-255,1484,84991,41,134959
11211,0.001746,172.217.194.0-255,2902,87893,41,134959
11212,0.001751,172.217.194.0-255,5738,93631,41,134959
11213,0.001761,172.217.194.0-255,1484,95115,41,134959
11214,0.001797,172.217.194.0-255,2902,98017,41,134959
11215,0.001837,172.217.194.0-255,4320,102337,41,134959
11216,0.001877,172.217.194.0-255,1484,103821,41,134959
11217,0.001934,172.217.194.0-255,2902,106723,41,134959
11218,0.001981,172.217.194.0-255,5738,112461,41,134959
11219,0.001993,172.217.194.0-255,766,113227,41,134959
11220,0.002025,172.217.194.0-255,4320,117547,41,134959
11221,0.002103,172.217.194.0-255,4320,121867,41,134959
11222,0.002122,172.217.194.0-255,5738,127605,41,134959
11223,0.002125,172.217.194.0-255,1484,129089,41,134959
11224,0.006327,172.31.46.0-255,66,129155,41,134959
11225,0.008444,172.217.194.0-255,5738,134893,41,134959
11226,0.008451,172.31.46.0-255,66,134959,41,134959
11227,0.0,172.31.46.0-255,105,105,41,459
11228,0.000245,172.31.46.0-255,90,195,41,459
11229,0.000257,172.31.46.0-255,66,261,41,459
11230,0.001859,172.217.27.0-255,66,327,41,459
11231,0.001892,172.217.27.0-255,66,393,41,459
11232,0.001915,172.31.46.0-255,66,459,41,459
11233,0.0,172.217.27.0-255,146,146,41,43900
11234,2.2e-05,172.31.46.0-255,66,212,41,43900
11235,2.9e-05,172.217.27.0-255,1484,1696,41,43900
11236,3.4e-05,172.31.46.0-255,66,1762,41,43900
11237,4.7e-05,172.217.27.0-255,2902,4664,41,43900
11238,5.1e-05,172.31.46.0-255,66,4730,41,43900
11239,9e-05,172.217.27.0-255,5738,10468,41,43900
11240,9.4e-05,172.31.46.0-255,66,10534,41,43900
11241,0.000208,172.31.46.0-255,66,10600,41,43900
11242,0.000237,172.217.27.0-255,4926,15526,41,43900
11243,0.000239,172.31.46.0-255,66,15592,41,43900
11244,0.000489,172.31.46.0-255,66,15658,41,43900
11245,0.000616,172.217.27.0-255,1484,17142,41,43900
11246,0.00062,172.31.46.0-255,66,17208,41,43900
11247,0.00065,172.217.27.0-255,4320,21528,41,43900
11248,0.000654,172.31.46.0-255,66,21594,41,43900
11249,0.000687,172.217.27.0-255,5738,27332,41,43900
11250,0.00069,172.31.46.0-255,66,27398,41,43900
11251,0.000873,172.31.46.0-255,66,27464,41,43900
11252,0.000918,172.31.46.0-255,66,27530,41,43900
11253,0.001328,172.217.27.0-255,1395,28925,41,43900
11254,0.001334,172.31.46.0-255,66,28991,41,43900
11255,0.001339,172.217.27.0-255,135,29126,41,43900
11256,0.001341,172.31.46.0-255,66,29192,41,43900
11257,0.001371,172.31.46.0-255,66,29258,41,43900
11258,0.001899,172.31.46.0-255,66,29324,41,43900
11259,0.00205,172.217.27.0-255,2902,32226,41,43900
11260,0.00599,172.31.46.0-255,66,32292,41,43900
11261,0.007637,172.217.27.0-255,5738,38030,41,43900
11262,0.007644,172.31.46.0-255,66,38096,41,43900
11263,0.009322,172.217.27.0-255,5738,43834,41,43900
11264,0.009329,172.31.46.0-255,66,43900,41,43900
11265,0.0,172.217.194.0-255,150,150,41,129306
11266,1.4e-05,172.31.46.0-255,66,216,41,129306
11267,2.1e-05,172.217.194.0-255,1484,1700,41,129306
11268,2.7e-05,172.31.46.0-255,66,1766,41,129306
11269,3.2e-05,172.217.194.0-255,2902,4668,41,129306
11270,3.5e-05,172.31.46.0-255,66,4734,41,129306
11271,4.7e-05,172.31.46.0-255,66,4800,41,129306
11272,5.2e-05,172.217.194.0-255,3506,8306,41,129306
11273,5.4e-05,172.31.46.0-255,66,8372,41,129306
11274,8.8e-05,172.217.194.0-255,4320,12692,41,129306
11275,9.1e-05,172.31.46.0-255,66,12758,41,129306
11276,0.000118,172.31.46.0-255,66,12824,41,129306
11277,0.000123,172.217.194.0-255,2543,15367,41,129306
11278,0.000125,172.31.46.0-255,66,15433,41,129306
11279,0.000164,172.217.194.0-255,1484,16917,41,129306
11280,0.000167,172.31.46.0-255,66,16983,41,129306
11281,0.000171,172.217.194.0-255,2902,19885,41,129306
11282,0.000174,172.31.46.0-255,66,19951,41,129306
11283,0.00018,172.217.194.0-255,5738,25689,41,129306
11284,0.000182,172.31.46.0-255,66,25755,41,129306
11285,0.000217,172.31.46.0-255,66,25821,41,129306
11286,0.000234,172.217.194.0-255,2543,28364,41,129306
11287,0.000237,172.31.46.0-255,66,28430,41,129306
11288,0.00024,172.217.194.0-255,1484,29914,41,129306
11289,0.000242,172.31.46.0-255,66,29980,41,129306
11290,0.000254,172.217.194.0-255,1484,31464,41,129306
11291,0.000256,172.31.46.0-255,66,31530,41,129306
11292,0.000285,172.31.46.0-255,66,31596,41,129306
11293,0.000417,172.217.194.0-255,378,31974,41,129306
11294,0.000689,172.217.194.0-255,1484,33458,41,129306
11295,0.000693,172.31.46.0-255,66,33524,41,129306
11296,0.000698,172.217.194.0-255,2902,36426,41,129306
11297,0.0007,172.31.46.0-255,66,36492,41,129306
11298,0.000708,172.217.194.0-255,5738,42230,41,129306
11299,0.00071,172.31.46.0-255,66,42296,41,129306
11300,0.000718,172.217.194.0-255,5738,48034,41,129306
11301,0.00072,172.31.46.0-255,66,48100,41,129306
11302,0.00076,172.31.46.0-255,66,48166,41,129306
11303,0.000793,172.31.46.0-255,66,48232,41,129306
11304,0.001095,172.217.194.0-255,1484,49716,41,129306
11305,0.001103,172.217.194.0-255,2902,52618,41,129306
11306,0.001107,172.31.46.0-255,66,52684,41,129306
11307,0.001114,172.217.194.0-255,5738,58422,41,129306
11308,0.001116,172.31.46.0-255,66,58488,41,129306
11309,0.00112,172.217.194.0-255,2902,61390,41,129306
11310,0.001123,172.31.46.0-255,66,61456,41,129306
11311,0.00114,172.217.194.0-255,4320,65776,41,129306
11312,0.001142,172.31.46.0-255,66,65842,41,129306
11313,0.001188,172.217.194.0-255,5738,71580,41,129306
11314,0.001191,172.31.46.0-255,66,71646,41,129306
11315,0.001216,172.31.46.0-255,66,71712,41,129306
11316,0.00122,172.217.194.0-255,2184,73896,41,129306
11317,0.001222,172.31.46.0-255,66,73962,41,129306
11318,0.001282,172.31.46.0-255,66,74028,41,129306
11319,0.001296,172.31.46.0-255,66,74094,41,129306
11320,0.001313,172.217.194.0-255,3602,77696,41,129306
11321,0.001316,172.31.46.0-255,66,77762,41,129306
11322,0.002307,172.217.194.0-255,1484,79246,41,129306
11323,0.002315,172.217.194.0-255,2902,82148,41,129306
11324,0.002319,172.31.46.0-255,66,82214,41,129306
11325,0.002326,172.217.194.0-255,5738,87952,41,129306
11326,0.002329,172.31.46.0-255,66,88018,41,129306
11327,0.002362,172.31.46.0-255,66,88084,41,129306
11328,0.002397,172.217.194.0-255,4320,92404,41,129306
11329,0.002399,172.31.46.0-255,66,92470,41,129306
11330,0.002427,172.31.46.0-255,66,92536,41,129306
11331,0.002444,172.217.194.0-255,1484,94020,41,129306
11332,0.002447,172.217.194.0-255,1484,95504,41,129306
11333,0.002449,172.31.46.0-255,66,95570,41,129306
11334,0.002471,172.217.194.0-255,1484,97054,41,129306
11335,0.002477,172.217.194.0-255,5738,102792,41,129306
11336,0.002479,172.31.46.0-255,66,102858,41,129306
11337,0.002483,172.217.194.0-255,1484,104342,41,129306
11338,0.0025,172.217.194.0-255,5738,110080,41,129306
11339,0.002502,172.31.46.0-255,66,110146,41,129306
11340,0.002519,172.217.194.0-255,5738,115884,41,129306
11341,0.002522,172.31.46.0-255,66,115950,41,129306
11342,0.002525,172.217.194.0-255,1484,117434,41,129306
11343,0.002559,172.31.46.0-255,66,117500,41,129306
11344,0.00259,172.31.46.0-255,66,117566,41,129306
11345,0.002609,172.31.46.0-255,66,117632,41,129306
11346,0.00262,172.31.46.0-255,66,117698,41,129306
11347,0.005192,172.217.194.0-255,5738,123436,41,129306
11348,0.005199,172.31.46.0-255,66,123502,41,129306
11349,0.007763,172.217.194.0-255,5738,129240,41,129306
11350,0.00777,172.31.46.0-255,66,129306,41,129306
11351,0.0,172.217.194.0-255,147,147,41,103158
11352,2.1e-05,172.31.46.0-255,66,213,41,103158
11353,2.8e-05,172.217.194.0-255,1484,1697,41,103158
11354,3.2e-05,172.31.46.0-255,66,1763,41,103158
11355,3.7e-05,172.217.194.0-255,2902,4665,41,103158
11356,4e-05,172.31.46.0-255,66,4731,41,103158
11357,4.5e-05,172.217.194.0-255,5738,10469,41,103158
11358,4.8e-05,172.31.46.0-255,66,10535,41,103158
11359,7.9e-05,172.217.194.0-255,1484,12019,41,103158
11360,8.2e-05,172.31.46.0-255,66,12085,41,103158
11361,9.4e-05,172.217.194.0-255,2105,14190,41,103158
11362,9.6e-05,172.31.46.0-255,66,14256,41,103158
11363,0.0001,172.217.194.0-255,2902,17158,41,103158
11364,0.000102,172.31.46.0-255,66,17224,41,103158
11365,0.000133,172.217.194.0-255,1484,18708,41,103158
11366,0.000134,172.31.46.0-255,66,18774,41,103158
11367,0.000145,172.31.46.0-255,66,18840,41,103158
11368,0.00017,172.217.194.0-255,2543,21383,41,103158
11369,0.000173,172.31.46.0-255,66,21449,41,103158
11370,0.000202,172.217.194.0-255,1484,22933,41,103158
11371,0.000204,172.31.46.0-255,66,22999,41,103158
11372,0.000208,172.217.194.0-255,2902,25901,41,103158
11373,0.000209,172.31.46.0-255,66,25967,41,103158
11374,0.000238,172.217.194.0-255,5738,31705,41,103158
11375,0.00024,172.31.46.0-255,66,31771,41,103158
11376,0.000269,172.31.46.0-255,66,31837,41,103158
11377,0.000272,172.217.194.0-255,1484,33321,41,103158
11378,0.000273,172.31.46.0-255,66,33387,41,103158
11379,0.0003,172.31.46.0-255,66,33453,41,103158
11380,0.000339,172.217.194.0-255,2543,35996,41,103158
11381,0.000341,172.31.46.0-255,66,36062,41,103158
11382,0.000606,172.217.194.0-255,362,36424,41,103158
11383,0.000612,172.217.194.0-255,382,36806,41,103158
11384,0.000788,172.217.194.0-255,1484,38290,41,103158
11385,0.000792,172.31.46.0-255,66,38356,41,103158
11386,0.000798,172.217.194.0-255,2902,41258,41,103158
11387,0.000799,172.31.46.0-255,66,41324,41,103158
11388,0.000814,172.217.194.0-255,4320,45644,41,103158
11389,0.000816,172.31.46.0-255,66,45710,41,103158
11390,0.000831,172.217.194.0-255,1484,47194,41,103158
11391,0.000852,172.31.46.0-255,66,47260,41,103158
11392,0.00087,172.217.194.0-255,4320,51580,41,103158
11393,0.000872,172.31.46.0-255,66,51646,41,103158
11394,0.000908,172.31.46.0-255,66,51712,41,103158
11395,0.001165,172.217.194.0-255,1484,53196,41,103158
11396,0.001169,172.217.194.0-255,1484,54680,41,103158
11397,0.001172,172.31.46.0-255,66,54746,41,103158
11398,0.001189,172.217.194.0-255,1484,56230,41,103158
11399,0.001195,172.217.194.0-255,5738,61968,41,103158
11400,0.001197,172.31.46.0-255,66,62034,41,103158
11401,0.001242,172.31.46.0-255,66,62100,41,103158
11402,0.001281,172.217.194.0-255,5738,67838,41,103158
11403,0.001283,172.31.46.0-255,66,67904,41,103158
11404,0.001304,172.217.194.0-255,5020,72924,41,103158
11405,0.001306,172.31.46.0-255,66,72990,41,103158
11406,0.001309,172.217.194.0-255,1484,74474,41,103158
11407,0.001336,172.31.46.0-255,66,74540,41,103158
11408,0.001377,172.31.46.0-255,66,74606,41,103158
11409,0.001402,172.31.46.0-255,66,74672,41,103158
11410,0.001465,172.217.194.0-255,1484,76156,41,103158
11411,0.001509,172.31.46.0-255,66,76222,41,103158
11412,0.001587,172.217.194.0-255,2902,79124,41,103158
11413,0.00159,172.31.46.0-255,66,79190,41,103158
11414,0.001615,172.31.46.0-255,66,79256,41,103158
11415,0.00163,172.217.194.0-255,4320,83576,41,103158
11416,0.001631,172.31.46.0-255,66,83642,41,103158
11417,0.001654,172.31.46.0-255,66,83708,41,103158
11418,0.001676,172.31.46.0-255,66,83774,41,103158
11419,0.00169,172.217.194.0-255,5020,88794,41,103158
11420,0.001693,172.31.46.0-255,66,88860,41,103158
11421,0.001835,172.31.46.0-255,66,88926,41,103158
11422,0.001873,172.31.46.0-255,66,88992,41,103158
11423,0.001919,172.217.194.0-255,5738,94730,41,103158
11424,0.001922,172.31.46.0-255,66,94796,41,103158
11425,0.001961,172.31.46.0-255,66,94862,41,103158
11426,0.00199,172.31.46.0-255,66,94928,41,103158
11427,0.00209,172.217.194.0-255,3602,98530,41,103158
11428,0.002093,172.31.46.0-255,66,98596,41,103158
11429,0.002157,172.31.46.0-255,66,98662,41,103158
11430,0.002203,172.31.46.0-255,66,98728,41,103158
11431,0.002569,172.217.194.0-255,2902,101630,41,103158
11432,0.002624,172.217.194.0-255,1120,102750,41,103158
11433,0.00548,172.31.46.0-255,66,102816,41,103158
11434,0.007443,172.217.194.0-255,105,102921,41,103158
11435,0.007475,172.31.46.0-255,66,102987,41,103158
11436,0.007508,172.31.46.0-255,105,103092,41,103158
11437,0.009423,172.217.194.0-255,66,103158,41,103158
11438,0.0,74.125.24.0-255,153,153,41,99921
11439,2.4e-05,172.31.46.0-255,66,219,41,99921
11440,3.1e-05,74.125.24.0-255,1484,1703,41,99921
11441,3.5e-05,172.31.46.0-255,66,1769,41,99921
11442,4.1e-05,74.125.24.0-255,2902,4671,41,99921
11443,5.2e-05,172.31.46.0-255,66,4737,41,99921
11444,6.3e-05,172.31.46.0-255,66,4803,41,99921
11445,0.000109,172.31.46.0-255,66,4869,41,99921
11446,0.000113,74.125.24.0-255,2543,7412,41,99921
11447,0.000116,172.31.46.0-255,66,7478,41,99921
11448,0.000175,74.125.24.0-255,1484,8962,41,99921
11449,0.000178,172.31.46.0-255,66,9028,41,99921
11450,0.000182,74.125.24.0-255,1484,10512,41,99921
11451,0.000184,172.31.46.0-255,66,10578,41,99921
11452,0.000217,74.125.24.0-255,1484,12062,41,99921
11453,0.00022,172.31.46.0-255,66,12128,41,99921
11454,0.000226,74.125.24.0-255,5738,17866,41,99921
11455,0.000229,172.31.46.0-255,66,17932,41,99921
11456,0.000243,172.31.46.0-255,66,17998,41,99921
11457,0.000249,74.125.24.0-255,5738,23736,41,99921
11458,0.000251,172.31.46.0-255,66,23802,41,99921
11459,0.000299,74.125.24.0-255,2543,26345,41,99921
11460,0.0003,74.125.24.0-255,368,26713,41,99921
11461,0.000304,172.31.46.0-255,66,26779,41,99921
11462,0.000312,172.31.46.0-255,66,26845,41,99921
11463,0.000315,172.31.46.0-255,66,26911,41,99921
11464,0.00034,74.125.24.0-255,130,27041,41,99921
11465,0.000342,172.31.46.0-255,66,27107,41,99921
11466,0.000406,74.125.24.0-255,342,27449,41,99921
11467,0.000838,74.125.24.0-255,1484,28933,41,99921
11468,0.000843,172.31.46.0-255,66,28999,41,99921
11469,0.000849,74.125.24.0-255,2902,31901,41,99921
11470,0.000851,172.31.46.0-255,66,31967,41,99921
11471,0.000863,74.125.24.0-255,5738,37705,41,99921
11472,0.000865,172.31.46.0-255,66,37771,41,99921
11473,0.000869,74.125.24.0-255,1484,39255,41,99921
11474,0.000893,74.125.24.0-255,1484,40739,41,99921
11475,0.000896,172.31.46.0-255,66,40805,41,99921
11476,0.000902,74.125.24.0-255,4320,45125,41,99921
11477,0.000904,172.31.46.0-255,66,45191,41,99921
11478,0.000919,172.31.46.0-255,66,45257,41,99921
11479,0.000922,74.125.24.0-255,1484,46741,41,99921
11480,0.000962,172.31.46.0-255,66,46807,41,99921
11481,0.001231,74.125.24.0-255,1484,48291,41,99921
11482,0.001238,74.125.24.0-255,2902,51193,41,99921
11483,0.001243,172.31.46.0-255,66,51259,41,99921
11484,0.001251,74.125.24.0-255,5738,56997,41,99921
11485,0.001253,172.31.46.0-255,66,57063,41,99921
11486,0.001322,172.31.46.0-255,66,57129,41,99921
11487,0.001328,74.125.24.0-255,2902,60031,41,99921
11488,0.00133,172.31.46.0-255,66,60097,41,99921
11489,0.001344,172.31.46.0-255,66,60163,41,99921
11490,0.001371,74.125.24.0-255,5020,65183,41,99921
11491,0.001374,172.31.46.0-255,66,65249,41,99921
11492,0.00139,172.31.46.0-255,66,65315,41,99921
11493,0.001397,74.125.24.0-255,5738,71053,41,99921
11494,0.001399,172.31.46.0-255,66,71119,41,99921
11495,0.001436,172.31.46.0-255,66,71185,41,99921
11496,0.001558,74.125.24.0-255,1484,72669,41,99921
11497,0.001564,74.125.24.0-255,2902,75571,41,99921
11498,0.001568,172.31.46.0-255,66,75637,41,99921
11499,0.001572,74.125.24.0-255,1484,77121,41,99921
11500,0.001602,74.125.24.0-255,4320,81441,41,99921
11501,0.001605,172.31.46.0-255,66,81507,41,99921
11502,0.001622,172.31.46.0-255,66,81573,41,99921
11503,0.001668,172.31.46.0-255,66,81639,41,99921
11504,0.001751,74.125.24.0-255,1484,83123,41,99921
11505,0.001757,74.125.24.0-255,2902,86025,41,99921
11506,0.00176,172.31.46.0-255,66,86091,41,99921
11507,0.001765,74.125.24.0-255,2902,88993,41,99921
11508,0.001767,172.31.46.0-255,66,89059,41,99921
11509,0.001788,74.125.24.0-255,2902,91961,41,99921
11510,0.001791,172.31.46.0-255,66,92027,41,99921
11511,0.001804,172.31.46.0-255,66,92093,41,99921
11512,0.001829,74.125.24.0-255,1484,93577,41,99921
11513,0.001846,172.31.46.0-255,66,93643,41,99921
11514,0.001878,172.31.46.0-255,66,93709,41,99921
11515,0.001928,172.31.46.0-255,66,93775,41,99921
11516,0.001931,74.125.24.0-255,1484,95259,41,99921
11517,0.001954,172.31.46.0-255,66,95325,41,99921
11518,0.002088,74.125.24.0-255,4320,99645,41,99921
11519,0.002222,74.125.24.0-255,105,99750,41,99921
11520,0.005579,172.31.46.0-255,66,99816,41,99921
11521,0.008652,172.31.46.0-255,105,99921,41,99921
11522,0.0,172.217.24.0-255,146,146,41,70054
11523,2.6e-05,172.31.46.0-255,66,212,41,70054
11524,3.3e-05,172.217.24.0-255,1484,1696,41,70054
11525,3.8e-05,172.31.46.0-255,66,1762,41,70054
11526,4.5e-05,172.217.24.0-255,2902,4664,41,70054
11527,4.8e-05,172.31.46.0-255,66,4730,41,70054
11528,6e-05,172.31.46.0-255,66,4796,41,70054
11529,7.3e-05,172.31.46.0-255,66,4862,41,70054
11530,8.5e-05,172.31.46.0-255,66,4928,41,70054
11531,0.000293,172.217.24.0-255,1484,6412,41,70054
11532,0.000298,172.31.46.0-255,66,6478,41,70054
11533,0.000304,172.217.24.0-255,2902,9380,41,70054
11534,0.000307,172.31.46.0-255,66,9446,41,70054
11535,0.000314,172.217.24.0-255,5738,15184,41,70054
11536,0.000317,172.31.46.0-255,66,15250,41,70054
11537,0.000347,172.217.24.0-255,4320,19570,41,70054
11538,0.00035,172.31.46.0-255,66,19636,41,70054
11539,0.000369,172.217.24.0-255,2543,22179,41,70054
11540,0.000371,172.31.46.0-255,66,22245,41,70054
11541,0.000505,172.217.24.0-255,1484,23729,41,70054
11542,0.000511,172.217.24.0-255,2902,26631,41,70054
11543,0.000516,172.31.46.0-255,66,26697,41,70054
11544,0.000521,172.31.46.0-255,66,26763,41,70054
11545,0.000542,172.217.24.0-255,5738,32501,41,70054
11546,0.000546,172.31.46.0-255,66,32567,41,70054
11547,0.000579,172.31.46.0-255,66,32633,41,70054
11548,0.001081,172.217.24.0-255,112,32745,41,70054
11549,0.001087,172.31.46.0-255,66,32811,41,70054
11550,0.001278,172.217.24.0-255,1484,34295,41,70054
11551,0.001284,172.31.46.0-255,66,34361,41,70054
11552,0.001291,172.217.24.0-255,2902,37263,41,70054
11553,0.001293,172.31.46.0-255,66,37329,41,70054
11554,0.0013,172.217.24.0-255,5738,43067,41,70054
11555,0.001302,172.31.46.0-255,66,43133,41,70054
11556,0.00134,172.31.46.0-255,66,43199,41,70054
11557,0.001351,172.31.46.0-255,66,43265,41,70054
11558,0.001368,172.217.24.0-255,1484,44749,41,70054
11559,0.001371,172.31.46.0-255,66,44815,41,70054
11560,0.001375,172.217.24.0-255,1484,46299,41,70054
11561,0.001377,172.31.46.0-255,66,46365,41,70054
11562,0.0014,172.217.24.0-255,5379,51744,41,70054
11563,0.001403,172.31.46.0-255,66,51810,41,70054
11564,0.001861,172.217.24.0-255,1484,53294,41,70054
11565,0.001872,172.217.24.0-255,2902,56196,41,70054
11566,0.001877,172.217.24.0-255,2902,59098,41,70054
11567,0.001882,172.217.24.0-255,4320,63418,41,70054
11568,0.001958,172.217.24.0-255,766,64184,41,70054
11569,0.007064,172.31.46.0-255,66,64250,41,70054
11570,0.009024,172.217.24.0-255,5738,69988,41,70054
11571,0.00904,172.31.46.0-255,66,70054,41,70054
11572,0.0,74.125.24.0-255,152,152,41,180649
11573,1.5e-05,172.31.46.0-255,66,218,41,180649
11574,2.2e-05,74.125.24.0-255,1484,1702,41,180649
11575,2.7e-05,172.31.46.0-255,66,1768,41,180649
11576,3.2e-05,74.125.24.0-255,2902,4670,41,180649
11577,3.6e-05,172.31.46.0-255,66,4736,41,180649
11578,4.7e-05,172.31.46.0-255,66,4802,41,180649
11579,5.1e-05,74.125.24.0-255,2094,6896,41,180649
11580,5.3e-05,172.31.46.0-255,66,6962,41,180649
11581,7.9e-05,74.125.24.0-255,2902,9864,41,180649
11582,8.1e-05,172.31.46.0-255,66,9930,41,180649
11583,0.000108,172.31.46.0-255,66,9996,41,180649
11584,0.000112,74.125.24.0-255,4320,14316,41,180649
11585,0.000115,172.31.46.0-255,66,14382,41,180649
11586,0.000157,74.125.24.0-255,2543,16925,41,180649
11587,0.00016,172.31.46.0-255,66,16991,41,180649
11588,0.000344,74.125.24.0-255,1484,18475,41,180649
11589,0.000349,172.31.46.0-255,66,18541,41,180649
11590,0.000356,74.125.24.0-255,2902,21443,41,180649
11591,0.000358,172.31.46.0-255,66,21509,41,180649
11592,0.000374,74.125.24.0-255,4320,25829,41,180649
11593,0.000376,172.31.46.0-255,66,25895,41,180649
11594,0.000397,74.125.24.0-255,1484,27379,41,180649
11595,0.000399,172.31.46.0-255,66,27445,41,180649
11596,0.000419,172.31.46.0-255,66,27511,41,180649
11597,0.000444,74.125.24.0-255,3961,31472,41,180649
11598,0.000448,172.31.46.0-255,66,31538,41,180649
11599,0.000461,172.31.46.0-255,66,31604,41,180649
11600,0.000463,74.125.24.0-255,1125,32729,41,180649
11601,0.000492,74.125.24.0-255,677,33406,41,180649
11602,0.000495,172.31.46.0-255,66,33472,41,180649
11603,0.000572,74.125.24.0-255,1484,34956,41,180649
11604,0.000576,74.125.24.0-255,1484,36440,41,180649
11605,0.000579,172.31.46.0-255,66,36506,41,180649
11606,0.000595,74.125.24.0-255,1484,37990,41,180649
11607,0.000622,74.125.24.0-255,5738,43728,41,180649
11608,0.000625,172.31.46.0-255,66,43794,41,180649
11609,0.000629,74.125.24.0-255,2902,46696,41,180649
11610,0.000631,172.31.46.0-255,66,46762,41,180649
11611,0.000671,74.125.24.0-255,2902,49664,41,180649
11612,0.000674,172.31.46.0-255,66,49730,41,180649
11613,0.000696,74.125.24.0-255,2543,52273,41,180649
11614,0.0007,172.31.46.0-255,66,52339,41,180649
11615,0.000706,74.125.24.0-255,5738,58077,41,180649
11616,0.000708,172.31.46.0-255,66,58143,41,180649
11617,0.000712,74.125.24.0-255,2902,61045,41,180649
11618,0.000714,172.31.46.0-255,66,61111,41,180649
11619,0.000751,172.31.46.0-255,66,61177,41,180649
11620,0.001326,74.125.24.0-255,1484,62661,41,180649
11621,0.001334,74.125.24.0-255,2902,65563,41,180649
11622,0.001338,172.31.46.0-255,66,65629,41,180649
11623,0.001345,74.125.24.0-255,5738,71367,41,180649
11624,0.001347,172.31.46.0-255,66,71433,41,180649
11625,0.00135,74.125.24.0-255,1484,72917,41,180649
11626,0.001382,172.31.46.0-255,66,72983,41,180649
11627,0.0014,74.125.24.0-255,1484,74467,41,180649
11628,0.001413,172.31.46.0-255,66,74533,41,180649
11629,0.001781,74.125.24.0-255,1484,76017,41,180649
11630,0.001788,74.125.24.0-255,2902,78919,41,180649
11631,0.001793,172.31.46.0-255,66,78985,41,180649
11632,0.001799,74.125.24.0-255,4320,83305,41,180649
11633,0.001802,172.31.46.0-255,66,83371,41,180649
11634,0.001814,74.125.24.0-255,1484,84855,41,180649
11635,0.001824,172.31.46.0-255,66,84921,41,180649
11636,0.00185,74.125.24.0-255,5738,90659,41,180649
11637,0.001852,172.31.46.0-255,66,90725,41,180649
11638,0.001864,172.31.46.0-255,66,90791,41,180649
11639,0.001866,74.125.24.0-255,766,91557,41,180649
11640,0.001934,74.125.24.0-255,1484,93041,41,180649
11641,0.001937,172.31.46.0-255,66,93107,41,180649
11642,0.001942,74.125.24.0-255,2902,96009,41,180649
11643,0.001944,172.31.46.0-255,66,96075,41,180649
11644,0.001955,74.125.24.0-255,1484,97559,41,180649
11645,0.001977,74.125.24.0-255,4320,101879,41,180649
11646,0.00198,172.31.46.0-255,66,101945,41,180649
11647,0.001994,172.31.46.0-255,66,102011,41,180649
11648,0.002019,74.125.24.0-255,1484,103495,41,180649
11649,0.002028,172.31.46.0-255,66,103561,41,180649
11650,0.002031,74.125.24.0-255,1484,105045,41,180649
11651,0.00205,74.125.24.0-255,5738,110783,41,180649
11652,0.002052,172.31.46.0-255,66,110849,41,180649
11653,0.002073,74.125.24.0-255,2184,113033,41,180649
11654,0.002075,172.31.46.0-255,66,113099,41,180649
11655,0.002087,172.31.46.0-255,66,113165,41,180649
11656,0.002097,172.31.46.0-255,66,113231,41,180649
11657,0.002135,172.31.46.0-255,66,113297,41,180649
11658,0.002481,74.125.24.0-255,1484,114781,41,180649
11659,0.002486,74.125.24.0-255,1484,116265,41,180649
11660,0.002489,172.31.46.0-255,66,116331,41,180649
11661,0.00251,74.125.24.0-255,1484,117815,41,180649
11662,0.002517,74.125.24.0-255,5738,123553,41,180649
11663,0.002519,172.31.46.0-255,66,123619,41,180649
11664,0.002523,74.125.24.0-255,2902,126521,41,180649
11665,0.002526,172.31.46.0-255,66,126587,41,180649
11666,0.002555,172.31.46.0-255,66,126653,41,180649
11667,0.002569,74.125.24.0-255,4320,130973,41,180649
11668,0.002572,172.31.46.0-255,66,131039,41,180649
11669,0.002599,172.31.46.0-255,66,131105,41,180649
11670,0.002608,172.31.46.0-255,66,131171,41,180649
11671,0.002635,74.125.24.0-255,4320,135491,41,180649
11672,0.002667,74.125.24.0-255,2902,138393,41,180649
11673,0.002681,74.125.24.0-255,2902,141295,41,180649
11674,0.002683,74.125.24.0-255,1484,142779,41,180649
11675,0.002689,74.125.24.0-255,4320,147099,41,180649
11676,0.002709,74.125.24.0-255,4320,151419,41,180649
11677,0.00272,74.125.24.0-255,2902,154321,41,180649
11678,0.002784,74.125.24.0-255,2902,157223,41,180649
11679,0.002812,74.125.24.0-255,5738,162961,41,180649
11680,0.002903,74.125.24.0-255,1484,164445,41,180649
11681,0.002907,74.125.24.0-255,2902,167347,41,180649
11682,0.002913,74.125.24.0-255,5738,173085,41,180649
11683,0.002941,74.125.24.0-255,4320,177405,41,180649
11684,0.002985,74.125.24.0-255,2902,180307,41,180649
11685,0.003026,74.125.24.0-255,105,180412,41,180649
11686,0.003985,172.31.46.0-255,66,180478,41,180649
11687,0.007081,172.31.46.0-255,105,180583,41,180649
11688,0.009321,74.125.24.0-255,66,180649,41,180649
11689,0.0,172.217.194.0-255,146,146,41,107710
11690,2.2e-05,172.31.46.0-255,66,212,41,107710
11691,2.8e-05,172.217.194.0-255,1484,1696,41,107710
11692,3.2e-05,172.31.46.0-255,66,1762,41,107710
11693,3.8e-05,172.217.194.0-255,2902,4664,41,107710
11694,4.1e-05,172.31.46.0-255,66,4730,41,107710
11695,5.2e-05,172.31.46.0-255,66,4796,41,107710
11696,7.7e-05,172.217.194.0-255,2122,6918,41,107710
11697,7.9e-05,172.31.46.0-255,66,6984,41,107710
11698,8.3e-05,172.217.194.0-255,1484,8468,41,107710
11699,8.5e-05,172.31.46.0-255,66,8534,41,107710
11700,9.7e-05,172.217.194.0-255,1484,10018,41,107710
11701,9.9e-05,172.31.46.0-255,66,10084,41,107710
11702,0.000105,172.217.194.0-255,5738,15822,41,107710
11703,0.000107,172.31.46.0-255,66,15888,41,107710
11704,0.000123,172.217.194.0-255,1484,17372,41,107710
11705,0.000125,172.31.46.0-255,66,17438,41,107710
11706,0.00013,172.217.194.0-255,4320,21758,41,107710
11707,0.000132,172.31.46.0-255,66,21824,41,107710
11708,0.00015,172.217.194.0-255,2543,24367,41,107710
11709,0.000152,172.31.46.0-255,66,24433,41,107710
11710,0.000204,172.217.194.0-255,1484,25917,41,107710
11711,0.000207,172.31.46.0-255,66,25983,41,107710
11712,0.00021,172.217.194.0-255,1484,27467,41,107710
11713,0.000212,172.31.46.0-255,66,27533,41,107710
11714,0.000227,172.217.194.0-255,1484,29017,41,107710
11715,0.00023,172.31.46.0-255,66,29083,41,107710
11716,0.000235,172.217.194.0-255,4320,33403,41,107710
11717,0.000237,172.31.46.0-255,66,33469,41,107710
11718,0.000273,172.31.46.0-255,66,33535,41,107710
11719,0.000291,172.217.194.0-255,2902,36437,41,107710
11720,0.000293,172.31.46.0-255,66,36503,41,107710
11721,0.000329,172.31.46.0-255,66,36569,41,107710
11722,0.000331,172.217.194.0-255,342,36911,41,107710
11723,0.000593,172.217.194.0-255,122,37033,41,107710
11724,0.000615,172.217.194.0-255,379,37412,41,107710
11725,0.000897,172.31.46.0-255,66,37478,41,107710
11726,0.000967,172.217.194.0-255,1484,38962,41,107710
11727,0.000974,172.217.194.0-255,2902,41864,41,107710
11728,0.000976,172.31.46.0-255,66,41930,41,107710
11729,0.000997,172.217.194.0-255,5738,47668,41,107710
11730,0.000999,172.31.46.0-255,66,47734,41,107710
11731,0.001023,172.31.46.0-255,66,47800,41,107710
11732,0.001039,172.217.194.0-255,1484,49284,41,107710
11733,0.001063,172.31.46.0-255,66,49350,41,107710
11734,0.001085,172.217.194.0-255,2184,51534,41,107710
11735,0.001087,172.31.46.0-255,66,51600,41,107710
11736,0.001691,172.217.194.0-255,1484,53084,41,107710
11737,0.001699,172.217.194.0-255,2902,55986,41,107710
11738,0.001702,172.31.46.0-255,66,56052,41,107710
11739,0.001708,172.217.194.0-255,4320,60372,41,107710
11740,0.00171,172.31.46.0-255,66,60438,41,107710
11741,0.001721,172.217.194.0-255,1484,61922,41,107710
11742,0.001738,172.217.194.0-255,2902,64824,41,107710
11743,0.001739,172.31.46.0-255,66,64890,41,107710
11744,0.001766,172.31.46.0-255,66,64956,41,107710
11745,0.001776,172.31.46.0-255,66,65022,41,107710
11746,0.001779,172.217.194.0-255,766,65788,41,107710
11747,0.002401,172.217.194.0-255,1484,67272,41,107710
11748,0.002404,172.31.46.0-255,66,67338,41,107710
11749,0.002409,172.217.194.0-255,2902,70240,41,107710
11750,0.002411,172.31.46.0-255,66,70306,41,107710
11751,0.002437,172.217.194.0-255,5738,76044,41,107710
11752,0.002439,172.31.46.0-255,66,76110,41,107710
11753,0.002468,172.31.46.0-255,66,76176,41,107710
11754,0.002473,172.217.194.0-255,5738,81914,41,107710
11755,0.002475,172.31.46.0-255,66,81980,41,107710
11756,0.00252,172.217.194.0-255,5738,87718,41,107710
11757,0.002522,172.31.46.0-255,66,87784,41,107710
11758,0.002549,172.31.46.0-255,66,87850,41,107710
11759,0.002554,172.217.194.0-255,5738,93588,41,107710
11760,0.002556,172.31.46.0-255,66,93654,41,107710
11761,0.00258,172.31.46.0-255,66,93720,41,107710
11762,0.002583,172.217.194.0-255,2184,95904,41,107710
11763,0.002585,172.31.46.0-255,66,95970,41,107710
11764,0.0051,172.217.194.0-255,2902,98872,41,107710
11765,0.005103,172.31.46.0-255,66,98938,41,107710
11766,0.005121,172.217.194.0-255,2902,101840,41,107710
11767,0.005123,172.31.46.0-255,66,101906,41,107710
11768,0.007664,172.217.194.0-255,5738,107644,41,107710
11769,0.007671,172.31.46.0-255,66,107710,41,107710
11770,0.0,74.125.68.0-255,146,146,41,233117
11771,2.3e-05,172.31.46.0-255,66,212,41,233117
11772,3e-05,74.125.68.0-255,1484,1696,41,233117
11773,3.5e-05,172.31.46.0-255,66,1762,41,233117
11774,4e-05,74.125.68.0-255,2902,4664,41,233117
11775,5e-05,172.31.46.0-255,66,4730,41,233117
11776,6.1e-05,172.31.46.0-255,66,4796,41,233117
11777,9.9e-05,74.125.68.0-255,2005,6801,41,233117
11778,0.000102,172.31.46.0-255,66,6867,41,233117
11779,0.000107,74.125.68.0-255,2902,9769,41,233117
11780,0.00011,172.31.46.0-255,66,9835,41,233117
11781,0.00014,172.31.46.0-255,66,9901,41,233117
11782,0.000146,74.125.68.0-255,4320,14221,41,233117
11783,0.000148,172.31.46.0-255,66,14287,41,233117
11784,0.000199,74.125.68.0-255,2543,16830,41,233117
11785,0.000202,172.31.46.0-255,66,16896,41,233117
11786,0.000248,74.125.68.0-255,1484,18380,41,233117
11787,0.000251,172.31.46.0-255,66,18446,41,233117
11788,0.000256,74.125.68.0-255,2902,21348,41,233117
11789,0.000258,172.31.46.0-255,66,21414,41,233117
11790,0.000282,74.125.68.0-255,5738,27152,41,233117
11791,0.000285,172.31.46.0-255,66,27218,41,233117
11792,0.000289,74.125.68.0-255,2902,30120,41,233117
11793,0.000291,172.31.46.0-255,66,30186,41,233117
11794,0.000323,74.125.68.0-255,3961,34147,41,233117
11795,0.000325,172.31.46.0-255,66,34213,41,233117
11796,0.000334,172.31.46.0-255,66,34279,41,233117
11797,0.000397,172.31.46.0-255,66,34345,41,233117
11798,0.000399,74.125.68.0-255,412,34757,41,233117
11799,0.000422,74.125.68.0-255,330,35087,41,233117
11800,0.00051,74.125.68.0-255,1484,36571,41,233117
11801,0.000514,172.31.46.0-255,66,36637,41,233117
11802,0.00052,74.125.68.0-255,2902,39539,41,233117
11803,0.000522,172.31.46.0-255,66,39605,41,233117
11804,0.000558,74.125.68.0-255,5738,45343,41,233117
11805,0.000561,172.31.46.0-255,66,45409,41,233117
11806,0.000566,74.125.68.0-255,4320,49729,41,233117
11807,0.000568,172.31.46.0-255,66,49795,41,233117
11808,0.000575,74.125.68.0-255,5379,55174,41,233117
11809,0.000577,172.31.46.0-255,66,55240,41,233117
11810,0.0006,74.125.68.0-255,4320,59560,41,233117
11811,0.000602,172.31.46.0-255,66,59626,41,233117
11812,0.000639,172.31.46.0-255,66,59692,41,233117
11813,0.000643,74.125.68.0-255,1995,61687,41,233117
11814,0.000645,172.31.46.0-255,66,61753,41,233117
11815,0.00122,74.125.68.0-255,1484,63237,41,233117
11816,0.001234,74.125.68.0-255,2902,66139,41,233117
11817,0.001239,172.31.46.0-255,66,66205,41,233117
11818,0.00125,74.125.68.0-255,5738,71943,41,233117
11819,0.001252,172.31.46.0-255,66,72009,41,233117
11820,0.001261,74.125.68.0-255,2902,74911,41,233117
11821,0.001264,172.31.46.0-255,66,74977,41,233117
11822,0.001269,74.125.68.0-255,4320,79297,41,233117
11823,0.001271,172.31.46.0-255,66,79363,41,233117
11824,0.001302,172.31.46.0-255,66,79429,41,233117
11825,0.001305,74.125.68.0-255,1484,80913,41,233117
11826,0.001339,172.31.46.0-255,66,80979,41,233117
11827,0.001476,74.125.68.0-255,1484,82463,41,233117
11828,0.00148,74.125.68.0-255,1484,83947,41,233117
11829,0.001483,172.31.46.0-255,66,84013,41,233117
11830,0.001514,74.125.68.0-255,1484,85497,41,233117
11831,0.001519,74.125.68.0-255,2902,88399,41,233117
11832,0.001522,172.31.46.0-255,66,88465,41,233117
11833,0.001528,74.125.68.0-255,4320,92785,41,233117
11834,0.00153,172.31.46.0-255,66,92851,41,233117
11835,0.001533,74.125.68.0-255,1484,94335,41,233117
11836,0.001585,172.31.46.0-255,66,94401,41,233117
11837,0.001591,74.125.68.0-255,5738,100139,41,233117
11838,0.001593,172.31.46.0-255,66,100205,41,233117
11839,0.001636,172.31.46.0-255,66,100271,41,233117
11840,0.001671,172.31.46.0-255,66,100337,41,233117
11841,0.001705,172.31.46.0-255,66,100403,41,233117
11842,0.001715,172.31.46.0-255,66,100469,41,233117
11843,0.001748,74.125.68.0-255,5738,106207,41,233117
11844,0.001751,172.31.46.0-255,66,106273,41,233117
11845,0.001755,74.125.68.0-255,2184,108457,41,233117
11846,0.001757,172.31.46.0-255,66,108523,41,233117
11847,0.001797,74.125.68.0-255,2902,111425,41,233117
11848,0.0018,172.31.46.0-255,66,111491,41,233117
11849,0.001819,74.125.68.0-255,4320,115811,41,233117
11850,0.001824,172.31.46.0-255,66,115877,41,233117
11851,0.001838,74.125.68.0-255,4320,120197,41,233117
11852,0.001847,172.31.46.0-255,66,120263,41,233117
11853,0.001876,74.125.68.0-255,4320,124583,41,233117
11854,0.001879,172.31.46.0-255,66,124649,41,233117
11855,0.001888,172.31.46.0-255,66,124715,41,233117
11856,0.001898,172.31.46.0-255,66,124781,41,233117
11857,0.001926,74.125.68.0-255,2184,126965,41,233117
11858,0.001928,172.31.46.0-255,66,127031,41,233117
11859,0.00198,74.125.68.0-255,1484,128515,41,233117
11860,0.002002,74.125.68.0-255,2902,131417,41,233117
11861,0.002005,172.31.46.0-255,66,131483,41,233117
11862,0.002033,74.125.68.0-255,4320,135803,41,233117
11863,0.002037,172.31.46.0-255,66,135869,41,233117
11864,0.002043,74.125.68.0-255,5738,141607,41,233117
11865,0.002045,172.31.46.0-255,66,141673,41,233117
11866,0.002093,74.125.68.0-255,5738,147411,41,233117
11867,0.002096,172.31.46.0-255,66,147477,41,233117
11868,0.002101,74.125.68.0-255,2902,150379,41,233117
11869,0.002103,172.31.46.0-255,66,150445,41,233117
11870,0.002114,172.31.46.0-255,66,150511,41,233117
11871,0.002143,74.125.68.0-255,1484,151995,41,233117
11872,0.002147,74.125.68.0-255,766,152761,41,233117
11873,0.002149,172.31.46.0-255,66,152827,41,233117
11874,0.002153,74.125.68.0-255,1484,154311,41,233117
11875,0.002158,74.125.68.0-255,4320,158631,41,233117
11876,0.00216,172.31.46.0-255,66,158697,41,233117
11877,0.002166,74.125.68.0-255,4320,163017,41,233117
11878,0.002168,172.31.46.0-255,66,163083,41,233117
11879,0.002172,74.125.68.0-255,2902,165985,41,233117
11880,0.002176,172.31.46.0-255,66,166051,41,233117
11881,0.0022,74.125.68.0-255,5738,171789,41,233117
11882,0.002203,172.31.46.0-255,66,171855,41,233117
11883,0.002244,74.125.68.0-255,2902,174757,41,233117
11884,0.002247,172.31.46.0-255,66,174823,41,233117
11885,0.002258,172.31.46.0-255,66,174889,41,233117
11886,0.002262,74.125.68.0-255,2902,177791,41,233117
11887,0.002264,172.31.46.0-255,66,177857,41,233117
11888,0.002267,74.125.68.0-255,766,178623,41,233117
11889,0.002292,74.125.68.0-255,1484,180107,41,233117
11890,0.002294,172.31.46.0-255,66,180173,41,233117
11891,0.002298,74.125.68.0-255,1484,181657,41,233117
11892,0.002322,74.125.68.0-255,2902,184559,41,233117
11893,0.002324,172.31.46.0-255,66,184625,41,233117
11894,0.002327,74.125.68.0-255,1484,186109,41,233117
11895,0.002331,74.125.68.0-255,2902,189011,41,233117
11896,0.002333,172.31.46.0-255,66,189077,41,233117
11897,0.002343,74.125.68.0-255,4320,193397,41,233117
11898,0.002345,172.31.46.0-255,66,193463,41,233117
11899,0.002366,74.125.68.0-255,1484,194947,41,233117
11900,0.002371,74.125.68.0-255,2902,197849,41,233117
11901,0.002374,172.31.46.0-255,66,197915,41,233117
11902,0.00243,172.31.46.0-255,66,197981,41,233117
11903,0.002436,74.125.68.0-255,5020,203001,41,233117
11904,0.002438,172.31.46.0-255,66,203067,41,233117
11905,0.002441,74.125.68.0-255,1484,204551,41,233117
11906,0.002476,74.125.68.0-255,2902,207453,41,233117
11907,0.002479,172.31.46.0-255,66,207519,41,233117
11908,0.002486,74.125.68.0-255,5738,213257,41,233117
11909,0.002488,172.31.46.0-255,66,213323,41,233117
11910,0.002527,172.31.46.0-255,66,213389,41,233117
11911,0.002537,172.31.46.0-255,66,213455,41,233117
11912,0.002574,74.125.68.0-255,5738,219193,41,233117
11913,0.002577,172.31.46.0-255,66,219259,41,233117
11914,0.002581,74.125.68.0-255,2184,221443,41,233117
11915,0.002584,172.31.46.0-255,66,221509,41,233117
11916,0.00511,74.125.68.0-255,5738,227247,41,233117
11917,0.005129,172.31.46.0-255,66,227313,41,233117
11918,0.007677,74.125.68.0-255,5738,233051,41,233117
11919,0.007686,172.31.46.0-255,66,233117,41,233117
11920,0.0,74.125.24.0-255,147,147,41,226862
11921,2.4e-05,172.31.46.0-255,66,213,41,226862
11922,3.2e-05,74.125.24.0-255,1484,1697,41,226862
11923,3.6e-05,172.31.46.0-255,66,1763,41,226862
11924,4.2e-05,74.125.24.0-255,2902,4665,41,226862
11925,4.5e-05,172.31.46.0-255,66,4731,41,226862
11926,6.3e-05,172.31.46.0-255,66,4797,41,226862
11927,6.7e-05,74.125.24.0-255,1912,6709,41,226862
11928,7e-05,172.31.46.0-255,66,6775,41,226862
11929,0.000244,74.125.24.0-255,1484,8259,41,226862
11930,0.000248,172.31.46.0-255,66,8325,41,226862
11931,0.000254,74.125.24.0-255,2902,11227,41,226862
11932,0.000257,172.31.46.0-255,66,11293,41,226862
11933,0.000275,74.125.24.0-255,1484,12777,41,226862
11934,0.000277,172.31.46.0-255,66,12843,41,226862
11935,0.000281,74.125.24.0-255,1484,14327,41,226862
11936,0.000287,172.31.46.0-255,66,14393,41,226862
11937,0.00031,74.125.24.0-255,4320,18713,41,226862
11938,0.000312,172.31.46.0-255,66,18779,41,226862
11939,0.000324,74.125.24.0-255,5379,24158,41,226862
11940,0.000326,172.31.46.0-255,66,24224,41,226862
11941,0.000363,74.125.24.0-255,5738,29962,41,226862
11942,0.000365,172.31.46.0-255,66,30028,41,226862
11943,0.000378,172.31.46.0-255,66,30094,41,226862
11944,0.000391,172.31.46.0-255,66,30160,41,226862
11945,0.000417,74.125.24.0-255,2902,33062,41,226862
11946,0.000419,172.31.46.0-255,66,33128,41,226862
11947,0.000458,74.125.24.0-255,5354,38482,41,226862
11948,0.000466,172.31.46.0-255,66,38548,41,226862
11949,0.000496,74.125.24.0-255,2902,41450,41,226862
11950,0.000503,74.125.24.0-255,4320,45770,41,226862
11951,0.000506,74.125.24.0-255,1484,47254,41,226862
11952,0.000531,74.125.24.0-255,1380,48634,41,226862
11953,0.000572,74.125.24.0-255,2902,51536,41,226862
11954,0.000595,74.125.24.0-255,4320,55856,41,226862
11955,0.000607,74.125.24.0-255,1125,56981,41,226862
11956,0.000731,74.125.24.0-255,1484,58465,41,226862
11957,0.00075,74.125.24.0-255,2902,61367,41,226862
11958,0.000756,74.125.24.0-255,5738,67105,41,226862
11959,0.000798,74.125.24.0-255,5738,72843,41,226862
11960,0.000802,74.125.24.0-255,2902,75745,41,226862
11961,0.00083,74.125.24.0-255,4320,80065,41,226862
11962,0.00084,74.125.24.0-255,766,80831,41,226862
11963,0.001718,172.31.46.0-255,66,80897,41,226862
11964,0.002294,74.125.24.0-255,1484,82381,41,226862
11965,0.002317,74.125.24.0-255,2902,85283,41,226862
11966,0.00232,172.31.46.0-255,66,85349,41,226862
11967,0.002325,74.125.24.0-255,2902,88251,41,226862
11968,0.002331,172.31.46.0-255,66,88317,41,226862
11969,0.002347,74.125.24.0-255,1484,89801,41,226862
11970,0.002349,74.125.24.0-255,1484,91285,41,226862
11971,0.002356,172.31.46.0-255,66,91351,41,226862
11972,0.002391,74.125.24.0-255,4320,95671,41,226862
11973,0.002422,172.31.46.0-255,66,95737,41,226862
11974,0.002433,74.125.24.0-255,1484,97221,41,226862
11975,0.002456,74.125.24.0-255,2184,99405,41,226862
11976,0.002463,172.31.46.0-255,66,99471,41,226862
11977,0.002536,74.125.24.0-255,1484,100955,41,226862
11978,0.002542,74.125.24.0-255,2902,103857,41,226862
11979,0.002557,74.125.24.0-255,5738,109595,41,226862
11980,0.00256,74.125.24.0-255,1484,111079,41,226862
11981,0.002571,172.31.46.0-255,66,111145,41,226862
11982,0.002581,74.125.24.0-255,1484,112629,41,226862
11983,0.002603,74.125.24.0-255,4320,116949,41,226862
11984,0.00261,172.31.46.0-255,66,117015,41,226862
11985,0.002619,74.125.24.0-255,1484,118499,41,226862
11986,0.002621,74.125.24.0-255,1484,119983,41,226862
11987,0.002628,74.125.24.0-255,1484,121467,41,226862
11988,0.00264,172.31.46.0-255,66,121533,41,226862
11989,0.002647,74.125.24.0-255,5738,127271,41,226862
11990,0.002669,74.125.24.0-255,1484,128755,41,226862
11991,0.002675,74.125.24.0-255,4320,133075,41,226862
11992,0.002701,74.125.24.0-255,4320,137395,41,226862
11993,0.002715,74.125.24.0-255,3602,140997,41,226862
11994,0.002718,74.125.24.0-255,1484,142481,41,226862
11995,0.002724,74.125.24.0-255,5738,148219,41,226862
11996,0.002734,172.31.46.0-255,66,148285,41,226862
11997,0.002737,74.125.24.0-255,1484,149769,41,226862
11998,0.002742,74.125.24.0-255,2902,152671,41,226862
11999,0.002747,172.31.46.0-255,66,152737,41,226862
12000,0.002799,74.125.24.0-255,5738,158475,41,226862
12001,0.002838,74.125.24.0-255,5020,163495,41,226862
12002,0.002848,172.31.46.0-255,66,163561,41,226862
12003,0.002886,74.125.24.0-255,1484,165045,41,226862
12004,0.002899,74.125.24.0-255,2902,167947,41,226862
12005,0.002907,172.31.46.0-255,66,168013,41,226862
12006,0.002921,74.125.24.0-255,4320,172333,41,226862
12007,0.002938,172.31.46.0-255,66,172399,41,226862
12008,0.00295,74.125.24.0-255,1484,173883,41,226862
12009,0.002967,74.125.24.0-255,4320,178203,41,226862
12010,0.002987,74.125.24.0-255,4320,182523,41,226862
12011,0.003025,74.125.24.0-255,5738,188261,41,226862
12012,0.003033,172.31.46.0-255,66,188327,41,226862
12013,0.003052,74.125.24.0-255,2184,190511,41,226862
12014,0.003066,74.125.24.0-255,4320,194831,41,226862
12015,0.003069,74.125.24.0-255,1484,196315,41,226862
12016,0.003086,172.31.46.0-255,66,196381,41,226862
12017,0.003119,172.31.46.0-255,66,196447,41,226862
12018,0.003157,74.125.24.0-255,1484,197931,41,226862
12019,0.003162,74.125.24.0-255,2902,200833,41,226862
12020,0.003169,172.31.46.0-255,66,200899,41,226862
12021,0.003197,74.125.24.0-255,5738,206637,41,226862
12022,0.003202,74.125.24.0-255,2902,209539,41,226862
12023,0.003214,172.31.46.0-255,66,209605,41,226862
12024,0.003257,172.31.46.0-255,66,209671,41,226862
12025,0.003267,74.125.24.0-255,3602,213273,41,226862
12026,0.003286,172.31.46.0-255,66,213339,41,226862
12027,0.00334,74.125.24.0-255,4320,217659,41,226862
12028,0.003346,172.31.46.0-255,66,217725,41,226862
12029,0.003389,74.125.24.0-255,5020,222745,41,226862
12030,0.003395,74.125.24.0-255,3775,226520,41,226862
12031,0.003398,74.125.24.0-255,105,226625,41,226862
12032,0.003403,172.31.46.0-255,66,226691,41,226862
12033,0.005813,172.31.46.0-255,105,226796,41,226862
12034,0.008033,74.125.24.0-255,66,226862,41,226862
12035,0.0,74.125.68.0-255,147,147,41,112828
12036,2.2e-05,172.31.46.0-255,66,213,41,112828
12037,2.9e-05,74.125.68.0-255,1484,1697,41,112828
12038,3.4e-05,172.31.46.0-255,66,1763,41,112828
12039,4.1e-05,74.125.68.0-255,2902,4665,41,112828
12040,4.4e-05,172.31.46.0-255,66,4731,41,112828
12041,7.3e-05,74.125.68.0-255,2902,7633,41,112828
12042,7.6e-05,172.31.46.0-255,66,7699,41,112828
12043,0.00011,74.125.68.0-255,1484,9183,41,112828
12044,0.000113,172.31.46.0-255,66,9249,41,112828
12045,0.000136,74.125.68.0-255,2902,12151,41,112828
12046,0.000138,172.31.46.0-255,66,12217,41,112828
12047,0.00016,74.125.68.0-255,2072,14289,41,112828
12048,0.000162,172.31.46.0-255,66,14355,41,112828
12049,0.000236,74.125.68.0-255,1484,15839,41,112828
12050,0.000241,172.31.46.0-255,66,15905,41,112828
12051,0.000259,74.125.68.0-255,1484,17389,41,112828
12052,0.000261,172.31.46.0-255,66,17455,41,112828
12053,0.000277,74.125.68.0-255,1484,18939,41,112828
12054,0.000279,172.31.46.0-255,66,19005,41,112828
12055,0.0003,74.125.68.0-255,1484,20489,41,112828
12056,0.000302,172.31.46.0-255,66,20555,41,112828
12057,0.000309,74.125.68.0-255,5738,26293,41,112828
12058,0.000312,172.31.46.0-255,66,26359,41,112828
12059,0.000316,74.125.68.0-255,2902,29261,41,112828
12060,0.00032,172.31.46.0-255,66,29327,41,112828
12061,0.000367,74.125.68.0-255,2543,31870,41,112828
12062,0.00037,172.31.46.0-255,66,31936,41,112828
12063,0.000398,74.125.68.0-255,2902,34838,41,112828
12064,0.000401,172.31.46.0-255,66,34904,41,112828
12065,0.000423,74.125.68.0-255,4320,39224,41,112828
12066,0.000426,172.31.46.0-255,66,39290,41,112828
12067,0.000432,74.125.68.0-255,5738,45028,41,112828
12068,0.000469,74.125.68.0-255,3961,48989,41,112828
12069,0.000502,172.31.46.0-255,66,49055,41,112828
12070,0.000613,74.125.68.0-255,1484,50539,41,112828
12071,0.000633,74.125.68.0-255,2902,53441,41,112828
12072,0.000651,74.125.68.0-255,4320,57761,41,112828
12073,0.000654,172.31.46.0-255,66,57827,41,112828
12074,0.00066,172.31.46.0-255,66,57893,41,112828
12075,0.000675,74.125.68.0-255,1484,59377,41,112828
12076,0.000681,74.125.68.0-255,4320,63697,41,112828
12077,0.000694,172.31.46.0-255,66,63763,41,112828
12078,0.000713,74.125.68.0-255,1484,65247,41,112828
12079,0.000725,74.125.68.0-255,1470,66717,41,112828
12080,0.000733,172.31.46.0-255,66,66783,41,112828
12081,0.00125,74.125.68.0-255,331,67114,41,112828
12082,0.001479,74.125.68.0-255,1484,68598,41,112828
12083,0.001485,172.31.46.0-255,66,68664,41,112828
12084,0.001491,74.125.68.0-255,2902,71566,41,112828
12085,0.001511,74.125.68.0-255,5738,77304,41,112828
12086,0.001521,74.125.68.0-255,1484,78788,41,112828
12087,0.001546,74.125.68.0-255,5379,84167,41,112828
12088,0.001574,74.125.68.0-255,5738,89905,41,112828
12089,0.00159,74.125.68.0-255,1484,91389,41,112828
12090,0.001594,74.125.68.0-255,2902,94291,41,112828
12091,0.001631,74.125.68.0-255,2902,97193,41,112828
12092,0.001651,74.125.68.0-255,3961,101154,41,112828
12093,0.005439,172.31.46.0-255,66,101220,41,112828
12094,0.007441,74.125.68.0-255,5738,106958,41,112828
12095,0.007447,172.31.46.0-255,66,107024,41,112828
12096,0.009426,74.125.68.0-255,5738,112762,41,112828
12097,0.009433,172.31.46.0-255,66,112828,41,112828
12098,0.0,74.125.24.0-255,303,303,41,182528
12099,2.4e-05,172.31.46.0-255,66,369,41,182528
12100,3.1e-05,74.125.24.0-255,1484,1853,41,182528
12101,3.6e-05,172.31.46.0-255,66,1919,41,182528
12102,4.4e-05,74.125.24.0-255,4320,6239,41,182528
12103,5.6e-05,172.31.46.0-255,66,6305,41,182528
12104,6.8e-05,172.31.46.0-255,66,6371,41,182528
12105,0.000111,172.31.46.0-255,66,6437,41,182528
12106,0.000114,74.125.24.0-255,1125,7562,41,182528
12107,0.000116,172.31.46.0-255,66,7628,41,182528
12108,0.00017,74.125.24.0-255,1484,9112,41,182528
12109,0.000173,172.31.46.0-255,66,9178,41,182528
12110,0.000199,74.125.24.0-255,2902,12080,41,182528
12111,0.000201,172.31.46.0-255,66,12146,41,182528
12112,0.000207,74.125.24.0-255,5738,17884,41,182528
12113,0.00021,172.31.46.0-255,66,17950,41,182528
12114,0.000248,172.31.46.0-255,66,18016,41,182528
12115,0.000252,74.125.24.0-255,2902,20918,41,182528
12116,0.000255,172.31.46.0-255,66,20984,41,182528
12117,0.0003,172.31.46.0-255,66,21050,41,182528
12118,0.000327,74.125.24.0-255,330,21380,41,182528
12119,0.00033,172.31.46.0-255,66,21446,41,182528
12120,0.000603,74.125.24.0-255,1484,22930,41,182528
12121,0.000608,172.31.46.0-255,66,22996,41,182528
12122,0.000614,74.125.24.0-255,2902,25898,41,182528
12123,0.000617,172.31.46.0-255,66,25964,41,182528
12124,0.000628,74.125.24.0-255,5738,31702,41,182528
12125,0.000631,172.31.46.0-255,66,31768,41,182528
12126,0.000634,74.125.24.0-255,1484,33252,41,182528
12127,0.000682,172.31.46.0-255,66,33318,41,182528
12128,0.000698,172.31.46.0-255,66,33384,41,182528
12129,0.000701,74.125.24.0-255,766,34150,41,182528
12130,0.001169,74.125.24.0-255,1484,35634,41,182528
12131,0.001174,172.31.46.0-255,66,35700,41,182528
12132,0.001194,74.125.24.0-255,2902,38602,41,182528
12133,0.001196,172.31.46.0-255,66,38668,41,182528
12134,0.001202,74.125.24.0-255,5738,44406,41,182528
12135,0.001205,172.31.46.0-255,66,44472,41,182528
12136,0.001254,172.31.46.0-255,66,44538,41,182528
12137,0.001282,74.125.24.0-255,2902,47440,41,182528
12138,0.001284,172.31.46.0-255,66,47506,41,182528
12139,0.001302,172.31.46.0-255,66,47572,41,182528
12140,0.001389,74.125.24.0-255,1484,49056,41,182528
12141,0.001396,74.125.24.0-255,2902,51958,41,182528
12142,0.001398,172.31.46.0-255,66,52024,41,182528
12143,0.001405,74.125.24.0-255,5738,57762,41,182528
12144,0.001408,172.31.46.0-255,66,57828,41,182528
12145,0.001448,172.31.46.0-255,66,57894,41,182528
12146,0.001483,74.125.24.0-255,2902,60796,41,182528
12147,0.001486,172.31.46.0-255,66,60862,41,182528
12148,0.001493,74.125.24.0-255,5738,66600,41,182528
12149,0.001495,172.31.46.0-255,66,66666,41,182528
12150,0.001525,74.125.24.0-255,5020,71686,41,182528
12151,0.001529,172.31.46.0-255,66,71752,41,182528
12152,0.001566,74.125.24.0-255,1484,73236,41,182528
12153,0.001583,74.125.24.0-255,2902,76138,41,182528
12154,0.001587,172.31.46.0-255,66,76204,41,182528
12155,0.001591,74.125.24.0-255,2902,79106,41,182528
12156,0.001594,172.31.46.0-255,66,79172,41,182528
12157,0.001613,74.125.24.0-255,1484,80656,41,182528
12158,0.001629,172.31.46.0-255,66,80722,41,182528
12159,0.001677,172.31.46.0-255,66,80788,41,182528
12160,0.00168,74.125.24.0-255,766,81554,41,182528
12161,0.001741,74.125.24.0-255,1484,83038,41,182528
12162,0.001745,172.31.46.0-255,66,83104,41,182528
12163,0.00175,74.125.24.0-255,2902,86006,41,182528
12164,0.001752,172.31.46.0-255,66,86072,41,182528
12165,0.001791,74.125.24.0-255,5738,91810,41,182528
12166,0.001794,172.31.46.0-255,66,91876,41,182528
12167,0.001801,74.125.24.0-255,5738,97614,41,182528
12168,0.001803,172.31.46.0-255,66,97680,41,182528
12169,0.001812,74.125.24.0-255,2902,100582,41,182528
12170,0.001814,172.31.46.0-255,66,100648,41,182528
12171,0.001854,172.31.46.0-255,66,100714,41,182528
12172,0.00186,74.125.24.0-255,5020,105734,41,182528
12173,0.001862,172.31.46.0-255,66,105800,41,182528
12174,0.001873,74.125.24.0-255,5738,111538,41,182528
12175,0.001876,172.31.46.0-255,66,111604,41,182528
12176,0.001903,74.125.24.0-255,4320,115924,41,182528
12177,0.001925,172.31.46.0-255,66,115990,41,182528
12178,0.001957,74.125.24.0-255,5020,121010,41,182528
12179,0.001967,172.31.46.0-255,66,121076,41,182528
12180,0.002052,74.125.24.0-255,1484,122560,41,182528
12181,0.002072,74.125.24.0-255,2902,125462,41,182528
12182,0.002077,172.31.46.0-255,66,125528,41,182528
12183,0.002091,74.125.24.0-255,4320,129848,41,182528
12184,0.002113,172.31.46.0-255,66,129914,41,182528
12185,0.002141,74.125.24.0-255,2902,132816,41,182528
12186,0.002147,74.125.24.0-255,4320,137136,41,182528
12187,0.002156,172.31.46.0-255,66,137202,41,182528
12188,0.002164,74.125.24.0-255,1484,138686,41,182528
12189,0.002193,74.125.24.0-255,2902,141588,41,182528
12190,0.002203,74.125.24.0-255,1484,143072,41,182528
12191,0.00221,74.125.24.0-255,5020,148092,41,182528
12192,0.002218,172.31.46.0-255,66,148158,41,182528
12193,0.00235,74.125.24.0-255,1484,149642,41,182528
12194,0.002356,74.125.24.0-255,2902,152544,41,182528
12195,0.002359,172.31.46.0-255,66,152610,41,182528
12196,0.002367,74.125.24.0-255,5738,158348,41,182528
12197,0.002426,74.125.24.0-255,4320,162668,41,182528
12198,0.002455,74.125.24.0-255,2184,164852,41,182528
12199,0.002472,172.31.46.0-255,66,164918,41,182528
12200,0.002483,74.125.24.0-255,2902,167820,41,182528
12201,0.002517,172.31.46.0-255,66,167886,41,182528
12202,0.002551,172.31.46.0-255,66,167952,41,182528
12203,0.00256,74.125.24.0-255,2902,170854,41,182528
12204,0.002582,172.31.46.0-255,66,170920,41,182528
12205,0.005115,74.125.24.0-255,5738,176658,41,182528
12206,0.005122,172.31.46.0-255,66,176724,41,182528
12207,0.007648,74.125.24.0-255,5738,182462,41,182528
12208,0.007656,172.31.46.0-255,66,182528,41,182528
12209,0.0,74.125.68.0-255,153,153,41,243462
12210,2.6e-05,172.31.46.0-255,66,219,41,243462
12211,3.3e-05,74.125.68.0-255,1484,1703,41,243462
12212,3.8e-05,172.31.46.0-255,66,1769,41,243462
12213,4.5e-05,74.125.68.0-255,2902,4671,41,243462
12214,4.9e-05,172.31.46.0-255,66,4737,41,243462
12215,5.7e-05,74.125.68.0-255,5738,10475,41,243462
12216,5.9e-05,172.31.46.0-255,66,10541,41,243462
12217,6.3e-05,74.125.68.0-255,2902,13443,41,243462
12218,6.7e-05,172.31.46.0-255,66,13509,41,243462
12219,9.3e-05,74.125.68.0-255,3502,17011,41,243462
12220,9.6e-05,172.31.46.0-255,66,17077,41,243462
12221,0.000102,74.125.68.0-255,2902,19979,41,243462
12222,0.000104,172.31.46.0-255,66,20045,41,243462
12223,0.000123,74.125.68.0-255,5738,25783,41,243462
12224,0.000125,172.31.46.0-255,66,25849,41,243462
12225,0.000132,74.125.68.0-255,2902,28751,41,243462
12226,0.000135,172.31.46.0-255,66,28817,41,243462
12227,0.000167,74.125.68.0-255,2543,31360,41,243462
12228,0.000169,172.31.46.0-255,66,31426,41,243462
12229,0.000272,74.125.68.0-255,1484,32910,41,243462
12230,0.000276,172.31.46.0-255,66,32976,41,243462
12231,0.000279,74.125.68.0-255,1484,34460,41,243462
12232,0.000281,172.31.46.0-255,66,34526,41,243462
12233,0.000295,74.125.68.0-255,1484,36010,41,243462
12234,0.000298,172.31.46.0-255,66,36076,41,243462
12235,0.000305,74.125.68.0-255,5738,41814,41,243462
12236,0.000307,172.31.46.0-255,66,41880,41,243462
12237,0.000311,74.125.68.0-255,2902,44782,41,243462
12238,0.000313,172.31.46.0-255,66,44848,41,243462
12239,0.000335,74.125.68.0-255,1484,46332,41,243462
12240,0.000338,172.31.46.0-255,66,46398,41,243462
12241,0.000344,74.125.68.0-255,5379,51777,41,243462
12242,0.000347,172.31.46.0-255,66,51843,41,243462
12243,0.00036,74.125.68.0-255,1484,53327,41,243462
12244,0.000376,74.125.68.0-255,4320,57647,41,243462
12245,0.000379,172.31.46.0-255,66,57713,41,243462
12246,0.000389,172.31.46.0-255,66,57779,41,243462
12247,0.000434,74.125.68.0-255,1399,59178,41,243462
12248,0.000491,74.125.68.0-255,126,59304,41,243462
12249,0.000576,74.125.68.0-255,1484,60788,41,243462
12250,0.000579,172.31.46.0-255,66,60854,41,243462
12251,0.000584,74.125.68.0-255,1484,62338,41,243462
12252,0.000597,74.125.68.0-255,1484,63822,41,243462
12253,0.000599,172.31.46.0-255,66,63888,41,243462
12254,0.000604,74.125.68.0-255,2902,66790,41,243462
12255,0.000606,172.31.46.0-255,66,66856,41,243462
12256,0.00062,74.125.68.0-255,2902,69758,41,243462
12257,0.000623,172.31.46.0-255,66,69824,41,243462
12258,0.000628,74.125.68.0-255,4320,74144,41,243462
12259,0.000631,172.31.46.0-255,66,74210,41,243462
12260,0.000672,74.125.68.0-255,5738,79948,41,243462
12261,0.000675,172.31.46.0-255,66,80014,41,243462
12262,0.000677,74.125.68.0-255,1484,81498,41,243462
12263,0.000728,74.125.68.0-255,1484,82982,41,243462
12264,0.000732,172.31.46.0-255,66,83048,41,243462
12265,0.000737,74.125.68.0-255,2902,85950,41,243462
12266,0.000739,172.31.46.0-255,66,86016,41,243462
12267,0.00079,74.125.68.0-255,5738,91754,41,243462
12268,0.000794,172.31.46.0-255,66,91820,41,243462
12269,0.000799,74.125.68.0-255,2184,94004,41,243462
12270,0.000801,172.31.46.0-255,66,94070,41,243462
12271,0.000886,74.125.68.0-255,352,94422,41,243462
12272,0.000929,74.125.68.0-255,1484,95906,41,243462
12273,0.000933,172.31.46.0-255,66,95972,41,243462
12274,0.000939,74.125.68.0-255,2902,98874,41,243462
12275,0.000942,172.31.46.0-255,66,98940,41,243462
12276,0.000968,74.125.68.0-255,5738,104678,41,243462
12277,0.000972,172.31.46.0-255,66,104744,41,243462
12278,0.000978,74.125.68.0-255,4320,109064,41,243462
12279,0.00098,172.31.46.0-255,66,109130,41,243462
12280,0.000996,74.125.68.0-255,4320,113450,41,243462
12281,0.000998,172.31.46.0-255,66,113516,41,243462
12282,0.001004,74.125.68.0-255,4320,117836,41,243462
12283,0.001007,172.31.46.0-255,66,117902,41,243462
12284,0.001036,74.125.68.0-255,5738,123640,41,243462
12285,0.001038,172.31.46.0-255,66,123706,41,243462
12286,0.001043,74.125.68.0-255,2902,126608,41,243462
12287,0.001044,172.31.46.0-255,66,126674,41,243462
12288,0.001081,74.125.68.0-255,2184,128858,41,243462
12289,0.001084,172.31.46.0-255,66,128924,41,243462
12290,0.001211,74.125.68.0-255,1484,130408,41,243462
12291,0.001268,74.125.68.0-255,1484,131892,41,243462
12292,0.001273,172.31.46.0-255,66,131958,41,243462
12293,0.001318,74.125.68.0-255,1484,133442,41,243462
12294,0.001339,74.125.68.0-255,1484,134926,41,243462
12295,0.001342,172.31.46.0-255,66,134992,41,243462
12296,0.001346,74.125.68.0-255,1484,136476,41,243462
12297,0.001358,74.125.68.0-255,1484,137960,41,243462
12298,0.00136,172.31.46.0-255,66,138026,41,243462
12299,0.001386,74.125.68.0-255,2902,140928,41,243462
12300,0.001389,172.31.46.0-255,66,140994,41,243462
12301,0.001394,74.125.68.0-255,2902,143896,41,243462
12302,0.001396,172.31.46.0-255,66,143962,41,243462
12303,0.001407,74.125.68.0-255,1484,145446,41,243462
12304,0.001443,74.125.68.0-255,5738,151184,41,243462
12305,0.001448,172.31.46.0-255,66,151250,41,243462
12306,0.001462,172.31.46.0-255,66,151316,41,243462
12307,0.001495,74.125.68.0-255,5020,156336,41,243462
12308,0.001498,172.31.46.0-255,66,156402,41,243462
12309,0.001723,74.125.68.0-255,1484,157886,41,243462
12310,0.001738,74.125.68.0-255,2902,160788,41,243462
12311,0.001741,172.31.46.0-255,66,160854,41,243462
12312,0.001746,74.125.68.0-255,2902,163756,41,243462
12313,0.001748,172.31.46.0-255,66,163822,41,243462
12314,0.00176,74.125.68.0-255,1484,165306,41,243462
12315,0.001792,172.31.46.0-255,66,165372,41,243462
12316,0.001799,74.125.68.0-255,5738,171110,41,243462
12317,0.001801,172.31.46.0-255,66,171176,41,243462
12318,0.001808,74.125.68.0-255,5738,176914,41,243462
12319,0.001812,172.31.46.0-255,66,176980,41,243462
12320,0.001826,74.125.68.0-255,1484,178464,41,243462
12321,0.001845,74.125.68.0-255,5020,183484,41,243462
12322,0.001848,172.31.46.0-255,66,183550,41,243462
12323,0.001855,74.125.68.0-255,5738,189288,41,243462
12324,0.001857,172.31.46.0-255,66,189354,41,243462
12325,0.001885,74.125.68.0-255,2902,192256,41,243462
12326,0.001888,172.31.46.0-255,66,192322,41,243462
12327,0.001919,172.31.46.0-255,66,192388,41,243462
12328,0.001934,172.31.46.0-255,66,192454,41,243462
12329,0.001937,74.125.68.0-255,1484,193938,41,243462
12330,0.00196,74.125.68.0-255,2902,196840,41,243462
12331,0.001963,172.31.46.0-255,66,196906,41,243462
12332,0.001969,74.125.68.0-255,4320,201226,41,243462
12333,0.001971,172.31.46.0-255,66,201292,41,243462
12334,0.001983,74.125.68.0-255,1484,202776,41,243462
12335,0.002029,172.31.46.0-255,66,202842,41,243462
12336,0.002043,172.31.46.0-255,66,202908,41,243462
12337,0.002047,74.125.68.0-255,2184,205092,41,243462
12338,0.002051,172.31.46.0-255,66,205158,41,243462
12339,0.002055,74.125.68.0-255,2902,208060,41,243462
12340,0.002058,172.31.46.0-255,66,208126,41,243462
12341,0.002123,172.31.46.0-255,66,208192,41,243462
12342,0.002132,172.31.46.0-255,66,208258,41,243462
12343,0.002142,172.31.46.0-255,66,208324,41,243462
12344,0.002159,74.125.68.0-255,5738,214062,41,243462
12345,0.002161,172.31.46.0-255,66,214128,41,243462
12346,0.002174,74.125.68.0-255,2184,216312,41,243462
12347,0.002177,172.31.46.0-255,66,216378,41,243462
12348,0.002247,74.125.68.0-255,2902,219280,41,243462
12349,0.002283,74.125.68.0-255,4320,223600,41,243462
12350,0.00232,74.125.68.0-255,1484,225084,41,243462
12351,0.002358,74.125.68.0-255,2184,227268,41,243462
12352,0.002362,74.125.68.0-255,2902,230170,41,243462
12353,0.002399,74.125.68.0-255,2902,233072,41,243462
12354,0.002424,74.125.68.0-255,5738,238810,41,243462
12355,0.002501,74.125.68.0-255,4209,243019,41,243462
12356,0.005124,172.31.46.0-255,66,243085,41,243462
12357,0.006232,172.31.46.0-255,101,243186,41,243462
12358,0.007664,74.125.68.0-255,105,243291,41,243462
12359,0.007839,172.31.46.0-255,105,243396,41,243462
12360,0.008749,74.125.68.0-255,66,243462,41,243462
12361,0.0,172.217.194.0-255,144,144,41,247900
12362,1.5e-05,172.31.46.0-255,66,210,41,247900
12363,3.7e-05,172.217.194.0-255,1484,1694,41,247900
12364,4.1e-05,172.31.46.0-255,66,1760,41,247900
12365,4.8e-05,172.217.194.0-255,2902,4662,41,247900
12366,5.1e-05,172.31.46.0-255,66,4728,41,247900
12367,8.3e-05,172.31.46.0-255,66,4794,41,247900
12368,8.6e-05,172.217.194.0-255,1484,6278,41,247900
12369,8.8e-05,172.31.46.0-255,66,6344,41,247900
12370,0.000118,172.217.194.0-255,4320,10664,41,247900
12371,0.000121,172.31.46.0-255,66,10730,41,247900
12372,0.000147,172.31.46.0-255,66,10796,41,247900
12373,0.000151,172.217.194.0-255,2543,13339,41,247900
12374,0.000154,172.31.46.0-255,66,13405,41,247900
12375,0.000238,172.217.194.0-255,1484,14889,41,247900
12376,0.000242,172.31.46.0-255,66,14955,41,247900
12377,0.000248,172.217.194.0-255,2902,17857,41,247900
12378,0.00025,172.31.46.0-255,66,17923,41,247900
12379,0.000257,172.217.194.0-255,5738,23661,41,247900
12380,0.000259,172.31.46.0-255,66,23727,41,247900
12381,0.000288,172.217.194.0-255,4320,28047,41,247900
12382,0.000291,172.31.46.0-255,66,28113,41,247900
12383,0.000307,172.217.194.0-255,2543,30656,41,247900
12384,0.00031,172.31.46.0-255,66,30722,41,247900
12385,0.000596,172.217.194.0-255,1484,32206,41,247900
12386,0.000602,172.31.46.0-255,66,32272,41,247900
12387,0.000608,172.217.194.0-255,2902,35174,41,247900
12388,0.00061,172.31.46.0-255,66,35240,41,247900
12389,0.000639,172.217.194.0-255,5738,40978,41,247900
12390,0.000645,172.217.194.0-255,5738,46716,41,247900
12391,0.000649,172.31.46.0-255,66,46782,41,247900
12392,0.00068,172.217.194.0-255,1125,47907,41,247900
12393,0.000683,172.31.46.0-255,66,47973,41,247900
12394,0.000812,172.217.194.0-255,1484,49457,41,247900
12395,0.000816,172.217.194.0-255,1484,50941,41,247900
12396,0.000828,172.217.194.0-255,1484,52425,41,247900
12397,0.000844,172.31.46.0-255,66,52491,41,247900
12398,0.000851,172.217.194.0-255,4320,56811,41,247900
12399,0.000862,172.31.46.0-255,66,56877,41,247900
12400,0.00088,172.217.194.0-255,2902,59779,41,247900
12401,0.000888,172.31.46.0-255,66,59845,41,247900
12402,0.000899,172.217.194.0-255,4320,64165,41,247900
12403,0.000904,172.31.46.0-255,66,64231,41,247900
12404,0.000917,172.217.194.0-255,2543,66774,41,247900
12405,0.000923,172.217.194.0-255,4320,71094,41,247900
12406,0.000928,172.217.194.0-255,4320,75414,41,247900
12407,0.000958,172.31.46.0-255,66,75480,41,247900
12408,0.000976,172.31.46.0-255,66,75546,41,247900
12409,0.001001,172.217.194.0-255,3588,79134,41,247900
12410,0.001017,172.31.46.0-255,66,79200,41,247900
12411,0.00146,172.31.46.0-255,101,79301,41,247900
12412,0.002218,172.217.194.0-255,1484,80785,41,247900
12413,0.002229,172.217.194.0-255,2902,83687,41,247900
12414,0.002233,172.31.46.0-255,66,83753,41,247900
12415,0.002259,172.217.194.0-255,2902,86655,41,247900
12416,0.002272,172.217.194.0-255,2902,89557,41,247900
12417,0.002317,172.217.194.0-255,2902,92459,41,247900
12418,0.002322,172.217.194.0-255,4320,96779,41,247900
12419,0.002345,172.217.194.0-255,4320,101099,41,247900
12420,0.00236,172.217.194.0-255,2184,103283,41,247900
12421,0.003133,172.217.194.0-255,1484,104767,41,247900
12422,0.003147,172.217.194.0-255,2902,107669,41,247900
12423,0.00317,172.217.194.0-255,5738,113407,41,247900
12424,0.003214,172.217.194.0-255,5738,119145,41,247900
12425,0.003218,172.217.194.0-255,2902,122047,41,247900
12426,0.003277,172.217.194.0-255,1484,123531,41,247900
12427,0.003296,172.217.194.0-255,5020,128551,41,247900
12428,0.003413,172.217.194.0-255,1484,130035,41,247900
12429,0.003424,172.217.194.0-255,2902,132937,41,247900
12430,0.003445,172.217.194.0-255,1484,134421,41,247900
12431,0.003473,172.217.194.0-255,4320,138741,41,247900
12432,0.003505,172.217.194.0-255,1484,140225,41,247900
12433,0.003508,172.217.194.0-255,1484,141709,41,247900
12434,0.003553,172.217.194.0-255,2902,144611,41,247900
12435,0.003575,172.217.194.0-255,5738,150349,41,247900
12436,0.003581,172.217.194.0-255,5738,156087,41,247900
12437,0.003599,172.217.194.0-255,4320,160407,41,247900
12438,0.003634,172.217.194.0-255,1484,161891,41,247900
12439,0.003639,172.217.194.0-255,3602,165493,41,247900
12440,0.003768,172.217.194.0-255,1484,166977,41,247900
12441,0.003784,172.217.194.0-255,2902,169879,41,247900
12442,0.00379,172.217.194.0-255,4320,174199,41,247900
12443,0.003804,172.217.194.0-255,1484,175683,41,247900
12444,0.003864,172.217.194.0-255,2902,178585,41,247900
12445,0.003866,172.217.194.0-255,1484,180069,41,247900
12446,0.003874,172.217.194.0-255,2902,182971,41,247900
12447,0.004128,172.217.194.0-255,1484,184455,41,247900
12448,0.004134,172.217.194.0-255,2902,187357,41,247900
12449,0.004161,172.217.194.0-255,5738,193095,41,247900
12450,0.0042,172.217.194.0-255,5738,198833,41,247900
12451,0.004223,172.217.194.0-255,4320,203153,41,247900
12452,0.004299,172.217.194.0-255,5738,208891,41,247900
12453,0.004338,172.217.194.0-255,5020,213911,41,247900
12454,0.004345,172.217.194.0-255,5738,219649,41,247900
12455,0.00436,172.217.194.0-255,5738,225387,41,247900
12456,0.004398,172.217.194.0-255,2902,228289,41,247900
12457,0.004455,172.217.194.0-255,1484,229773,41,247900
12458,0.004471,172.217.194.0-255,2902,232675,41,247900
12459,0.004489,172.217.194.0-255,5738,238413,41,247900
12460,0.004513,172.217.194.0-255,1484,239897,41,247900
12461,0.004524,172.31.46.0-255,66,239963,41,247900
12462,0.004539,172.31.46.0-255,66,240029,41,247900
12463,0.004549,172.217.194.0-255,4320,244349,41,247900
12464,0.004566,172.217.194.0-255,3275,247624,41,247900
12465,0.004569,172.217.194.0-255,105,247729,41,247900
12466,0.004616,172.31.46.0-255,66,247795,41,247900
12467,0.006756,172.31.46.0-255,105,247900,41,247900
12468,0.0,74.125.130.0-255,156,156,41,361168
12469,1.9e-05,172.31.46.0-255,66,222,41,361168
12470,2.7e-05,74.125.130.0-255,1484,1706,41,361168
12471,3.2e-05,172.31.46.0-255,66,1772,41,361168
12472,3.7e-05,74.125.130.0-255,2902,4674,41,361168
12473,4.1e-05,172.31.46.0-255,66,4740,41,361168
12474,4.7e-05,74.125.130.0-255,4320,9060,41,361168
12475,5.1e-05,172.31.46.0-255,66,9126,41,361168
12476,7.4e-05,74.125.130.0-255,1484,10610,41,361168
12477,7.7e-05,172.31.46.0-255,66,10676,41,361168
12478,8.2e-05,74.125.130.0-255,3422,14098,41,361168
12479,8.5e-05,172.31.46.0-255,66,14164,41,361168
12480,0.000108,74.125.130.0-255,4320,18484,41,361168
12481,0.00011,172.31.46.0-255,66,18550,41,361168
12482,0.000133,172.31.46.0-255,66,18616,41,361168
12483,0.000151,74.125.130.0-255,1484,20100,41,361168
12484,0.000154,172.31.46.0-255,66,20166,41,361168
12485,0.000178,74.125.130.0-255,2543,22709,41,361168
12486,0.000181,172.31.46.0-255,66,22775,41,361168
12487,0.000342,74.125.130.0-255,1484,24259,41,361168
12488,0.000348,172.31.46.0-255,66,24325,41,361168
12489,0.000354,74.125.130.0-255,2902,27227,41,361168
12490,0.000357,172.31.46.0-255,66,27293,41,361168
12491,0.000386,74.125.130.0-255,5738,33031,41,361168
12492,0.000389,172.31.46.0-255,66,33097,41,361168
12493,0.000399,172.31.46.0-255,66,33163,41,361168
12494,0.000428,74.125.130.0-255,2902,36065,41,361168
12495,0.00043,172.31.46.0-255,66,36131,41,361168
12496,0.000452,74.125.130.0-255,5738,41869,41,361168
12497,0.000455,172.31.46.0-255,66,41935,41,361168
12498,0.000474,74.125.130.0-255,4320,46255,41,361168
12499,0.000477,172.31.46.0-255,66,46321,41,361168
12500,0.000497,74.125.130.0-255,4252,50573,41,361168
12501,0.000499,172.31.46.0-255,66,50639,41,361168
12502,0.000502,74.125.130.0-255,363,51002,41,361168
12503,0.000621,74.125.130.0-255,1484,52486,41,361168
12504,0.000626,172.31.46.0-255,66,52552,41,361168
12505,0.00064,74.125.130.0-255,2902,55454,41,361168
12506,0.000643,172.31.46.0-255,66,55520,41,361168
12507,0.00067,74.125.130.0-255,5738,61258,41,361168
12508,0.000673,172.31.46.0-255,66,61324,41,361168
12509,0.000677,74.125.130.0-255,2902,64226,41,361168
12510,0.000679,172.31.46.0-255,66,64292,41,361168
12511,0.000704,74.125.130.0-255,3961,68253,41,361168
12512,0.000707,172.31.46.0-255,66,68319,41,361168
12513,0.000728,74.125.130.0-255,2902,71221,41,361168
12514,0.00073,172.31.46.0-255,66,71287,41,361168
12515,0.000753,74.125.130.0-255,2902,74189,41,361168
12516,0.000756,172.31.46.0-255,66,74255,41,361168
12517,0.000759,74.125.130.0-255,1484,75739,41,361168
12518,0.000776,74.125.130.0-255,5738,81477,41,361168
12519,0.000779,172.31.46.0-255,66,81543,41,361168
12520,0.000784,74.125.130.0-255,2902,84445,41,361168
12521,0.000787,172.31.46.0-255,66,84511,41,361168
12522,0.000822,74.125.130.0-255,1125,85636,41,361168
12523,0.000913,74.125.130.0-255,1484,87120,41,361168
12524,0.000917,172.31.46.0-255,66,87186,41,361168
12525,0.000933,74.125.130.0-255,2902,90088,41,361168
12526,0.000936,172.31.46.0-255,66,90154,41,361168
12527,0.000962,74.125.130.0-255,5738,95892,41,361168
12528,0.000964,172.31.46.0-255,66,95958,41,361168
12529,0.000995,74.125.130.0-255,4320,100278,41,361168
12530,0.000997,172.31.46.0-255,66,100344,41,361168
12531,0.001,74.125.130.0-255,1484,101828,41,361168
12532,0.001017,74.125.130.0-255,4320,106148,41,361168
12533,0.00102,172.31.46.0-255,66,106214,41,361168
12534,0.001041,74.125.130.0-255,5738,111952,41,361168
12535,0.001044,172.31.46.0-255,66,112018,41,361168
12536,0.001062,74.125.130.0-255,2902,114920,41,361168
12537,0.001065,172.31.46.0-255,66,114986,41,361168
12538,0.001089,74.125.130.0-255,4320,119306,41,361168
12539,0.001092,172.31.46.0-255,66,119372,41,361168
12540,0.001094,74.125.130.0-255,766,120138,41,361168
12541,0.001286,74.125.130.0-255,1484,121622,41,361168
12542,0.00129,172.31.46.0-255,66,121688,41,361168
12543,0.001296,74.125.130.0-255,2902,124590,41,361168
12544,0.001298,172.31.46.0-255,66,124656,41,361168
12545,0.001324,74.125.130.0-255,2902,127558,41,361168
12546,0.001328,172.31.46.0-255,66,127624,41,361168
12547,0.001337,74.125.130.0-255,2902,130526,41,361168
12548,0.00134,172.31.46.0-255,66,130592,41,361168
12549,0.001395,172.31.46.0-255,66,130658,41,361168
12550,0.001401,74.125.130.0-255,5738,136396,41,361168
12551,0.001403,172.31.46.0-255,66,136462,41,361168
12552,0.001445,74.125.130.0-255,2902,139364,41,361168
12553,0.00145,172.31.46.0-255,66,139430,41,361168
12554,0.001466,74.125.130.0-255,766,140196,41,361168
12555,0.002228,172.31.46.0-255,66,140262,41,361168
12556,0.002392,74.125.130.0-255,1484,141746,41,361168
12557,0.002419,74.125.130.0-255,2902,144648,41,361168
12558,0.002423,172.31.46.0-255,66,144714,41,361168
12559,0.00243,74.125.130.0-255,5738,150452,41,361168
12560,0.002432,172.31.46.0-255,66,150518,41,361168
12561,0.002436,74.125.130.0-255,1484,152002,41,361168
12562,0.002458,74.125.130.0-255,1484,153486,41,361168
12563,0.00246,172.31.46.0-255,66,153552,41,361168
12564,0.002463,74.125.130.0-255,1484,155036,41,361168
12565,0.002466,74.125.130.0-255,1484,156520,41,361168
12566,0.002468,172.31.46.0-255,66,156586,41,361168
12567,0.002483,74.125.130.0-255,4320,160906,41,361168
12568,0.002485,172.31.46.0-255,66,160972,41,361168
12569,0.00249,74.125.130.0-255,2902,163874,41,361168
12570,0.002492,172.31.46.0-255,66,163940,41,361168
12571,0.002514,74.125.130.0-255,1484,165424,41,361168
12572,0.002532,74.125.130.0-255,4320,169744,41,361168
12573,0.002535,172.31.46.0-255,66,169810,41,361168
12574,0.002559,74.125.130.0-255,1484,171294,41,361168
12575,0.002562,74.125.130.0-255,1484,172778,41,361168
12576,0.002564,172.31.46.0-255,66,172844,41,361168
12577,0.002569,74.125.130.0-255,2184,175028,41,361168
12578,0.002571,172.31.46.0-255,66,175094,41,361168
12579,0.003619,74.125.130.0-255,1484,176578,41,361168
12580,0.003628,74.125.130.0-255,2902,179480,41,361168
12581,0.003633,172.31.46.0-255,66,179546,41,361168
12582,0.003647,74.125.130.0-255,1484,181030,41,361168
12583,0.003664,74.125.130.0-255,4320,185350,41,361168
12584,0.003666,172.31.46.0-255,66,185416,41,361168
12585,0.003669,74.125.130.0-255,1484,186900,41,361168
12586,0.003686,74.125.130.0-255,2902,189802,41,361168
12587,0.003688,172.31.46.0-255,66,189868,41,361168
12588,0.003711,74.125.130.0-255,2902,192770,41,361168
12589,0.003713,172.31.46.0-255,66,192836,41,361168
12590,0.003731,74.125.130.0-255,2902,195738,41,361168
12591,0.003734,172.31.46.0-255,66,195804,41,361168
12592,0.003737,74.125.130.0-255,1484,197288,41,361168
12593,0.003741,74.125.130.0-255,2902,200190,41,361168
12594,0.003743,172.31.46.0-255,66,200256,41,361168
12595,0.00377,74.125.130.0-255,5738,205994,41,361168
12596,0.003772,172.31.46.0-255,66,206060,41,361168
12597,0.003778,74.125.130.0-255,2902,208962,41,361168
12598,0.00378,172.31.46.0-255,66,209028,41,361168
12599,0.003808,74.125.130.0-255,3602,212630,41,361168
12600,0.00381,172.31.46.0-255,66,212696,41,361168
12601,0.00383,74.125.130.0-255,2902,215598,41,361168
12602,0.003832,172.31.46.0-255,66,215664,41,361168
12603,0.003837,74.125.130.0-255,4320,219984,41,361168
12604,0.003845,172.31.46.0-255,66,220050,41,361168
12605,0.003879,172.31.46.0-255,66,220116,41,361168
12606,0.003902,74.125.130.0-255,4320,224436,41,361168
12607,0.003904,172.31.46.0-255,66,224502,41,361168
12608,0.003921,74.125.130.0-255,2902,227404,41,361168
12609,0.003923,172.31.46.0-255,66,227470,41,361168
12610,0.00394,74.125.130.0-255,2902,230372,41,361168
12611,0.003942,172.31.46.0-255,66,230438,41,361168
12612,0.003947,74.125.130.0-255,2902,233340,41,361168
12613,0.003949,172.31.46.0-255,66,233406,41,361168
12614,0.003968,74.125.130.0-255,2184,235590,41,361168
12615,0.00397,172.31.46.0-255,66,235656,41,361168
12616,0.003977,74.125.130.0-255,5738,241394,41,361168
12617,0.00398,172.31.46.0-255,66,241460,41,361168
12618,0.004005,74.125.130.0-255,5738,247198,41,361168
12619,0.004007,172.31.46.0-255,66,247264,41,361168
12620,0.004024,74.125.130.0-255,1484,248748,41,361168
12621,0.00405,74.125.130.0-255,2902,251650,41,361168
12622,0.004052,172.31.46.0-255,66,251716,41,361168
12623,0.00407,74.125.130.0-255,5738,257454,41,361168
12624,0.004091,74.125.130.0-255,1484,258938,41,361168
12625,0.004145,74.125.130.0-255,2184,261122,41,361168
12626,0.004383,74.125.130.0-255,1484,262606,41,361168
12627,0.004394,74.125.130.0-255,2902,265508,41,361168
12628,0.004414,74.125.130.0-255,1484,266992,41,361168
12629,0.004438,74.125.130.0-255,4320,271312,41,361168
12630,0.004441,74.125.130.0-255,1484,272796,41,361168
12631,0.004458,74.125.130.0-255,2902,275698,41,361168
12632,0.004479,74.125.130.0-255,2902,278600,41,361168
12633,0.004502,74.125.130.0-255,1484,280084,41,361168
12634,0.004522,74.125.130.0-255,2902,282986,41,361168
12635,0.004527,74.125.130.0-255,4320,287306,41,361168
12636,0.004576,74.125.130.0-255,5738,293044,41,361168
12637,0.00458,74.125.130.0-255,2184,295228,41,361168
12638,0.00459,74.125.130.0-255,1484,296712,41,361168
12639,0.004602,74.125.130.0-255,1484,298196,41,361168
12640,0.00463,74.125.130.0-255,4320,302516,41,361168
12641,0.004648,74.125.130.0-255,1484,304000,41,361168
12642,0.004662,74.125.130.0-255,1484,305484,41,361168
12643,0.004682,74.125.130.0-255,5738,311222,41,361168
12644,0.004698,74.125.130.0-255,4320,315542,41,361168
12645,0.004813,74.125.130.0-255,1484,317026,41,361168
12646,0.004832,74.125.130.0-255,2902,319928,41,361168
12647,0.004835,74.125.130.0-255,1484,321412,41,361168
12648,0.004859,74.125.130.0-255,2902,324314,41,361168
12649,0.004884,74.125.130.0-255,5738,330052,41,361168
12650,0.004887,74.125.130.0-255,1484,331536,41,361168
12651,0.004898,74.125.130.0-255,1484,333020,41,361168
12652,0.004922,74.125.130.0-255,1484,334504,41,361168
12653,0.004929,74.125.130.0-255,4320,338824,41,361168
12654,0.004944,74.125.130.0-255,1484,340308,41,361168
12655,0.004947,74.125.130.0-255,1484,341792,41,361168
12656,0.00495,74.125.130.0-255,1484,343276,41,361168
12657,0.004963,74.125.130.0-255,1484,344760,41,361168
12658,0.004995,74.125.130.0-255,5020,349780,41,361168
12659,0.005102,74.125.130.0-255,1484,351264,41,361168
12660,0.005121,74.125.130.0-255,2902,354166,41,361168
12661,0.005145,74.125.130.0-255,2902,357068,41,361168
12662,0.005163,74.125.130.0-255,2902,359970,41,361168
12663,0.005175,74.125.130.0-255,922,360892,41,361168
12664,0.005316,74.125.130.0-255,105,360997,41,361168
12665,0.006364,172.31.46.0-255,66,361063,41,361168
12666,0.008196,172.31.46.0-255,105,361168,41,361168
12667,0.0,74.125.68.0-255,155,155,41,186995
12668,2.3e-05,172.31.46.0-255,66,221,41,186995
12669,3e-05,74.125.68.0-255,1484,1705,41,186995
12670,3.4e-05,172.31.46.0-255,66,1771,41,186995
12671,4.8e-05,74.125.68.0-255,2902,4673,41,186995
12672,5.2e-05,172.31.46.0-255,66,4739,41,186995
12673,8e-05,74.125.68.0-255,4320,9059,41,186995
12674,8.3e-05,172.31.46.0-255,66,9125,41,186995
12675,8.6e-05,74.125.68.0-255,1484,10609,41,186995
12676,8.8e-05,172.31.46.0-255,66,10675,41,186995
12677,0.000118,74.125.68.0-255,3451,14126,41,186995
12678,0.000121,172.31.46.0-255,66,14192,41,186995
12679,0.000139,172.31.46.0-255,66,14258,41,186995
12680,0.000169,74.125.68.0-255,5379,19637,41,186995
12681,0.000176,172.31.46.0-255,66,19703,41,186995
12682,0.000514,74.125.68.0-255,1484,21187,41,186995
12683,0.000521,172.31.46.0-255,66,21253,41,186995
12684,0.000549,74.125.68.0-255,2902,24155,41,186995
12685,0.000552,172.31.46.0-255,66,24221,41,186995
12686,0.000559,74.125.68.0-255,5738,29959,41,186995
12687,0.000575,172.31.46.0-255,66,30025,41,186995
12688,0.00058,74.125.68.0-255,2902,32927,41,186995
12689,0.000582,172.31.46.0-255,66,32993,41,186995
12690,0.000624,74.125.68.0-255,3961,36954,41,186995
12691,0.000628,172.31.46.0-255,66,37020,41,186995
12692,0.000677,74.125.68.0-255,1484,38504,41,186995
12693,0.00068,172.31.46.0-255,66,38570,41,186995
12694,0.000712,74.125.68.0-255,2902,41472,41,186995
12695,0.000714,172.31.46.0-255,66,41538,41,186995
12696,0.000717,74.125.68.0-255,1484,43022,41,186995
12697,0.000719,172.31.46.0-255,66,43088,41,186995
12698,0.000743,74.125.68.0-255,5738,48826,41,186995
12699,0.000749,172.31.46.0-255,66,48892,41,186995
12700,0.000775,74.125.68.0-255,1484,50376,41,186995
12701,0.000793,74.125.68.0-255,2902,53278,41,186995
12702,0.000796,172.31.46.0-255,66,53344,41,186995
12703,0.000799,74.125.68.0-255,1125,54469,41,186995
12704,0.000837,74.125.68.0-255,362,54831,41,186995
12705,0.00099,74.125.68.0-255,1484,56315,41,186995
12706,0.000995,172.31.46.0-255,66,56381,41,186995
12707,0.001026,74.125.68.0-255,2902,59283,41,186995
12708,0.001029,172.31.46.0-255,66,59349,41,186995
12709,0.001032,74.125.68.0-255,1484,60833,41,186995
12710,0.001035,74.125.68.0-255,1484,62317,41,186995
12711,0.001037,172.31.46.0-255,66,62383,41,186995
12712,0.001064,74.125.68.0-255,1484,63867,41,186995
12713,0.001071,74.125.68.0-255,5738,69605,41,186995
12714,0.001074,172.31.46.0-255,66,69671,41,186995
12715,0.001128,172.31.46.0-255,66,69737,41,186995
12716,0.001134,74.125.68.0-255,4320,74057,41,186995
12717,0.001137,172.31.46.0-255,66,74123,41,186995
12718,0.001163,74.125.68.0-255,2902,77025,41,186995
12719,0.001165,172.31.46.0-255,66,77091,41,186995
12720,0.001169,74.125.68.0-255,2902,79993,41,186995
12721,0.001172,172.31.46.0-255,66,80059,41,186995
12722,0.001199,74.125.68.0-255,2836,82895,41,186995
12723,0.001201,172.31.46.0-255,66,82961,41,186995
12724,0.001227,74.125.68.0-255,1484,84445,41,186995
12725,0.001249,74.125.68.0-255,2902,87347,41,186995
12726,0.001252,172.31.46.0-255,66,87413,41,186995
12727,0.001282,74.125.68.0-255,4320,91733,41,186995
12728,0.001284,172.31.46.0-255,66,91799,41,186995
12729,0.00129,74.125.68.0-255,5738,97537,41,186995
12730,0.001293,172.31.46.0-255,66,97603,41,186995
12731,0.001327,172.31.46.0-255,66,97669,41,186995
12732,0.001333,74.125.68.0-255,5738,103407,41,186995
12733,0.001336,172.31.46.0-255,66,103473,41,186995
12734,0.001402,74.125.68.0-255,2184,105657,41,186995
12735,0.001405,172.31.46.0-255,66,105723,41,186995
12736,0.00168,74.125.68.0-255,1484,107207,41,186995
12737,0.001688,74.125.68.0-255,2902,110109,41,186995
12738,0.001693,172.31.46.0-255,66,110175,41,186995
12739,0.001724,74.125.68.0-255,5738,115913,41,186995
12740,0.001727,172.31.46.0-255,66,115979,41,186995
12741,0.001768,172.31.46.0-255,66,116045,41,186995
12742,0.001778,172.31.46.0-255,66,116111,41,186995
12743,0.00179,172.31.46.0-255,66,116177,41,186995
12744,0.001995,74.125.68.0-255,1484,117661,41,186995
12745,0.00201,74.125.68.0-255,2902,120563,41,186995
12746,0.002012,172.31.46.0-255,66,120629,41,186995
12747,0.002038,74.125.68.0-255,5738,126367,41,186995
12748,0.002041,172.31.46.0-255,66,126433,41,186995
12749,0.002046,74.125.68.0-255,4320,130753,41,186995
12750,0.002049,172.31.46.0-255,66,130819,41,186995
12751,0.002076,74.125.68.0-255,2902,133721,41,186995
12752,0.002079,172.31.46.0-255,66,133787,41,186995
12753,0.002093,172.31.46.0-255,66,133853,41,186995
12754,0.002102,74.125.68.0-255,2184,136037,41,186995
12755,0.002104,172.31.46.0-255,66,136103,41,186995
12756,0.002266,74.125.68.0-255,1484,137587,41,186995
12757,0.002271,74.125.68.0-255,2902,140489,41,186995
12758,0.002273,172.31.46.0-255,66,140555,41,186995
12759,0.002301,74.125.68.0-255,2902,143457,41,186995
12760,0.002304,172.31.46.0-255,66,143523,41,186995
12761,0.002309,74.125.68.0-255,4320,147843,41,186995
12762,0.002311,172.31.46.0-255,66,147909,41,186995
12763,0.002316,74.125.68.0-255,2902,150811,41,186995
12764,0.002318,172.31.46.0-255,66,150877,41,186995
12765,0.002348,74.125.68.0-255,5738,156615,41,186995
12766,0.002355,172.31.46.0-255,66,156681,41,186995
12767,0.002367,172.31.46.0-255,66,156747,41,186995
12768,0.002401,74.125.68.0-255,3602,160349,41,186995
12769,0.002403,172.31.46.0-255,66,160415,41,186995
12770,0.002493,74.125.68.0-255,1484,161899,41,186995
12771,0.002505,74.125.68.0-255,1484,163383,41,186995
12772,0.002508,172.31.46.0-255,66,163449,41,186995
12773,0.002519,74.125.68.0-255,1484,164933,41,186995
12774,0.002523,74.125.68.0-255,1484,166417,41,186995
12775,0.002525,172.31.46.0-255,66,166483,41,186995
12776,0.002556,74.125.68.0-255,4320,170803,41,186995
12777,0.002558,172.31.46.0-255,66,170869,41,186995
12778,0.002561,74.125.68.0-255,1484,172353,41,186995
12779,0.002591,74.125.68.0-255,4320,176673,41,186995
12780,0.002594,172.31.46.0-255,66,176739,41,186995
12781,0.005108,74.125.68.0-255,4320,181059,41,186995
12782,0.005114,172.31.46.0-255,66,181125,41,186995
12783,0.00514,74.125.68.0-255,1484,182609,41,186995
12784,0.007645,74.125.68.0-255,4320,186929,41,186995
12785,0.007652,172.31.46.0-255,66,186995,41,186995
12786,0.0,74.125.130.0-255,150,150,41,139978
12787,2.6e-05,172.31.46.0-255,66,216,41,139978
12788,3.4e-05,74.125.130.0-255,1484,1700,41,139978
12789,3.8e-05,172.31.46.0-255,66,1766,41,139978
12790,4.4e-05,74.125.130.0-255,2902,4668,41,139978
12791,4.6e-05,172.31.46.0-255,66,4734,41,139978
12792,7.2e-05,74.125.130.0-255,5738,10472,41,139978
12793,7.6e-05,172.31.46.0-255,66,10538,41,139978
12794,8e-05,74.125.130.0-255,1484,12022,41,139978
12795,8.2e-05,172.31.46.0-255,66,12088,41,139978
12796,8.6e-05,74.125.130.0-255,1972,14060,41,139978
12797,8.8e-05,172.31.46.0-255,66,14126,41,139978
12798,0.000146,74.125.130.0-255,1484,15610,41,139978
12799,0.000149,172.31.46.0-255,66,15676,41,139978
12800,0.000154,74.125.130.0-255,2902,18578,41,139978
12801,0.000156,172.31.46.0-255,66,18644,41,139978
12802,0.000159,74.125.130.0-255,1484,20128,41,139978
12803,0.000161,172.31.46.0-255,66,20194,41,139978
12804,0.000187,74.125.130.0-255,4320,24514,41,139978
12805,0.00019,172.31.46.0-255,66,24580,41,139978
12806,0.000194,74.125.130.0-255,2902,27482,41,139978
12807,0.000196,172.31.46.0-255,66,27548,41,139978
12808,0.000222,74.125.130.0-255,1484,29032,41,139978
12809,0.000225,172.31.46.0-255,66,29098,41,139978
12810,0.000244,74.125.130.0-255,2543,31641,41,139978
12811,0.000247,172.31.46.0-255,66,31707,41,139978
12812,0.000289,74.125.130.0-255,1484,33191,41,139978
12813,0.000292,172.31.46.0-255,66,33257,41,139978
12814,0.000312,74.125.130.0-255,2902,36159,41,139978
12815,0.000314,172.31.46.0-255,66,36225,41,139978
12816,0.000339,74.125.130.0-255,5738,41963,41,139978
12817,0.000342,172.31.46.0-255,66,42029,41,139978
12818,0.000352,172.31.46.0-255,66,42095,41,139978
12819,0.000872,74.125.130.0-255,1484,43579,41,139978
12820,0.0009,74.125.130.0-255,2902,46481,41,139978
12821,0.000905,172.31.46.0-255,66,46547,41,139978
12822,0.000909,74.125.130.0-255,1484,48031,41,139978
12823,0.000929,74.125.130.0-255,4320,52351,41,139978
12824,0.000932,172.31.46.0-255,66,52417,41,139978
12825,0.000935,74.125.130.0-255,1484,53901,41,139978
12826,0.000951,74.125.130.0-255,2902,56803,41,139978
12827,0.000954,172.31.46.0-255,66,56869,41,139978
12828,0.00099,74.125.130.0-255,2543,59412,41,139978
12829,0.000993,172.31.46.0-255,66,59478,41,139978
12830,0.000997,74.125.130.0-255,1484,60962,41,139978
12831,0.001011,74.125.130.0-255,1484,62446,41,139978
12832,0.001013,172.31.46.0-255,66,62512,41,139978
12833,0.001041,74.125.130.0-255,1484,63996,41,139978
12834,0.001043,74.125.130.0-255,1484,65480,41,139978
12835,0.001047,172.31.46.0-255,66,65546,41,139978
12836,0.001051,172.31.46.0-255,66,65612,41,139978
12837,0.001062,74.125.130.0-255,1484,67096,41,139978
12838,0.001089,74.125.130.0-255,3123,70219,41,139978
12839,0.001092,172.31.46.0-255,66,70285,41,139978
12840,0.001182,74.125.130.0-255,1484,71769,41,139978
12841,0.0012,74.125.130.0-255,2902,74671,41,139978
12842,0.001203,172.31.46.0-255,66,74737,41,139978
12843,0.001232,74.125.130.0-255,5738,80475,41,139978
12844,0.001234,172.31.46.0-255,66,80541,41,139978
12845,0.001254,74.125.130.0-255,2902,83443,41,139978
12846,0.001256,172.31.46.0-255,66,83509,41,139978
12847,0.001277,74.125.130.0-255,3961,87470,41,139978
12848,0.00128,172.31.46.0-255,66,87536,41,139978
12849,0.002091,74.125.130.0-255,1484,89020,41,139978
12850,0.0021,74.125.130.0-255,2902,91922,41,139978
12851,0.002105,172.31.46.0-255,66,91988,41,139978
12852,0.002109,74.125.130.0-255,1484,93472,41,139978
12853,0.002127,74.125.130.0-255,2902,96374,41,139978
12854,0.002129,172.31.46.0-255,66,96440,41,139978
12855,0.002151,74.125.130.0-255,4320,100760,41,139978
12856,0.002153,172.31.46.0-255,66,100826,41,139978
12857,0.00217,74.125.130.0-255,1484,102310,41,139978
12858,0.002184,74.125.130.0-255,4320,106630,41,139978
12859,0.002186,172.31.46.0-255,66,106696,41,139978
12860,0.002204,74.125.130.0-255,2902,109598,41,139978
12861,0.002207,172.31.46.0-255,66,109664,41,139978
12862,0.002211,74.125.130.0-255,2902,112566,41,139978
12863,0.002213,172.31.46.0-255,66,112632,41,139978
12864,0.002226,74.125.130.0-255,1484,114116,41,139978
12865,0.002239,74.125.130.0-255,2902,117018,41,139978
12866,0.002241,172.31.46.0-255,66,117084,41,139978
12867,0.002259,74.125.130.0-255,2902,119986,41,139978
12868,0.002261,172.31.46.0-255,66,120052,41,139978
12869,0.002266,74.125.130.0-255,2184,122236,41,139978
12870,0.002268,172.31.46.0-255,66,122302,41,139978
12871,0.00455,74.125.130.0-255,2902,125204,41,139978
12872,0.004554,172.31.46.0-255,66,125270,41,139978
12873,0.004603,74.125.130.0-255,2902,128172,41,139978
12874,0.004605,172.31.46.0-255,66,128238,41,139978
12875,0.006868,74.125.130.0-255,2902,131140,41,139978
12876,0.006875,172.31.46.0-255,66,131206,41,139978
12877,0.006897,74.125.130.0-255,2902,134108,41,139978
12878,0.0069,172.31.46.0-255,66,134174,41,139978
12879,0.009195,74.125.130.0-255,5738,139912,41,139978
12880,0.009205,172.31.46.0-255,66,139978,41,139978
12881,0.0,74.125.24.0-255,156,156,41,149842
12882,1.9e-05,172.31.46.0-255,66,222,41,149842
12883,2.5e-05,74.125.24.0-255,1484,1706,41,149842
12884,2.9e-05,172.31.46.0-255,66,1772,41,149842
12885,3.3e-05,74.125.24.0-255,2902,4674,41,149842
12886,3.6e-05,172.31.46.0-255,66,4740,41,149842
12887,4.5e-05,172.31.46.0-255,66,4806,41,149842
12888,9.2e-05,74.125.24.0-255,2101,6907,41,149842
12889,9.5e-05,172.31.46.0-255,66,6973,41,149842
12890,0.000161,74.125.24.0-255,1484,8457,41,149842
12891,0.000164,172.31.46.0-255,66,8523,41,149842
12892,0.000168,74.125.24.0-255,2902,11425,41,149842
12893,0.00017,172.31.46.0-255,66,11491,41,149842
12894,0.000187,74.125.24.0-255,4320,15811,41,149842
12895,0.000189,172.31.46.0-255,66,15877,41,149842
12896,0.0002,74.125.24.0-255,1484,17361,41,149842
12897,0.000202,172.31.46.0-255,66,17427,41,149842
12898,0.000234,74.125.24.0-255,4320,21747,41,149842
12899,0.000236,172.31.46.0-255,66,21813,41,149842
12900,0.000254,74.125.24.0-255,2543,24356,41,149842
12901,0.000256,172.31.46.0-255,66,24422,41,149842
12902,0.000316,74.125.24.0-255,1484,25906,41,149842
12903,0.000319,172.31.46.0-255,66,25972,41,149842
12904,0.000324,74.125.24.0-255,2902,28874,41,149842
12905,0.000326,172.31.46.0-255,66,28940,41,149842
12906,0.000349,74.125.24.0-255,5738,34678,41,149842
12907,0.000351,172.31.46.0-255,66,34744,41,149842
12908,0.000376,172.31.46.0-255,66,34810,41,149842
12909,0.000401,172.31.46.0-255,66,34876,41,149842
12910,0.00042,74.125.24.0-255,2902,37778,41,149842
12911,0.000452,172.31.46.0-255,66,37844,41,149842
12912,0.000747,74.125.24.0-255,646,38490,41,149842
12913,0.000784,74.125.24.0-255,1484,39974,41,149842
12914,0.00079,172.31.46.0-255,66,40040,41,149842
12915,0.000809,74.125.24.0-255,4320,44360,41,149842
12916,0.000815,172.31.46.0-255,66,44426,41,149842
12917,0.000841,74.125.24.0-255,5738,50164,41,149842
12918,0.000852,172.31.46.0-255,66,50230,41,149842
12919,0.000858,74.125.24.0-255,1484,51714,41,149842
12920,0.000882,74.125.24.0-255,766,52480,41,149842
12921,0.000896,172.31.46.0-255,66,52546,41,149842
12922,0.000974,74.125.24.0-255,1484,54030,41,149842
12923,0.000978,74.125.24.0-255,1484,55514,41,149842
12924,0.000983,172.31.46.0-255,66,55580,41,149842
12925,0.000994,74.125.24.0-255,1484,57064,41,149842
12926,0.000997,74.125.24.0-255,2902,59966,41,149842
12927,0.001011,74.125.24.0-255,2902,62868,41,149842
12928,0.001014,74.125.24.0-255,2902,65770,41,149842
12929,0.001019,172.31.46.0-255,66,65836,41,149842
12930,0.001071,172.31.46.0-255,66,65902,41,149842
12931,0.001078,74.125.24.0-255,2184,68086,41,149842
12932,0.001082,172.31.46.0-255,66,68152,41,149842
12933,0.001128,74.125.24.0-255,1484,69636,41,149842
12934,0.001145,74.125.24.0-255,1484,71120,41,149842
12935,0.001149,74.125.24.0-255,4320,75440,41,149842
12936,0.001163,74.125.24.0-255,5738,81178,41,149842
12937,0.001167,172.31.46.0-255,66,81244,41,149842
12938,0.001183,74.125.24.0-255,2902,84146,41,149842
12939,0.001186,74.125.24.0-255,2902,87048,41,149842
12940,0.001202,74.125.24.0-255,1994,89042,41,149842
12941,0.001207,74.125.24.0-255,5738,94780,41,149842
12942,0.001213,172.31.46.0-255,66,94846,41,149842
12943,0.001246,74.125.24.0-255,4320,99166,41,149842
12944,0.00125,172.31.46.0-255,66,99232,41,149842
12945,0.001292,172.31.46.0-255,66,99298,41,149842
12946,0.001339,74.125.24.0-255,3602,102900,41,149842
12947,0.001346,172.31.46.0-255,66,102966,41,149842
12948,0.00166,74.125.24.0-255,1484,104450,41,149842
12949,0.001673,74.125.24.0-255,2902,107352,41,149842
12950,0.001676,172.31.46.0-255,66,107418,41,149842
12951,0.00168,74.125.24.0-255,1484,108902,41,149842
12952,0.001703,74.125.24.0-255,4320,113222,41,149842
12953,0.001708,74.125.24.0-255,5738,118960,41,149842
12954,0.001711,172.31.46.0-255,66,119026,41,149842
12955,0.001724,172.31.46.0-255,66,119092,41,149842
12956,0.001777,74.125.24.0-255,2902,121994,41,149842
12957,0.001793,74.125.24.0-255,2184,124178,41,149842
12958,0.001799,172.31.46.0-255,66,124244,41,149842
12959,0.001994,74.125.24.0-255,1484,125728,41,149842
12960,0.001999,74.125.24.0-255,2902,128630,41,149842
12961,0.002001,172.31.46.0-255,66,128696,41,149842
12962,0.002021,74.125.24.0-255,4320,133016,41,149842
12963,0.002027,172.31.46.0-255,66,133082,41,149842
12964,0.002034,74.125.24.0-255,1484,134566,41,149842
12965,0.002072,74.125.24.0-255,4320,138886,41,149842
12966,0.002077,74.125.24.0-255,5738,144624,41,149842
12967,0.002079,172.31.46.0-255,66,144690,41,149842
12968,0.002084,172.31.46.0-255,66,144756,41,149842
12969,0.002118,74.125.24.0-255,5020,149776,41,149842
12970,0.009303,172.31.46.0-255,66,149842,41,149842
12971,0.0,172.217.194.0-255,155,155,41,102797
12972,1.7e-05,172.31.46.0-255,66,221,41,102797
12973,2.4e-05,172.217.194.0-255,1484,1705,41,102797
12974,2.8e-05,172.31.46.0-255,66,1771,41,102797
12975,4.2e-05,172.217.194.0-255,2902,4673,41,102797
12976,4.6e-05,172.31.46.0-255,66,4739,41,102797
12977,7.4e-05,172.31.46.0-255,66,4805,41,102797
12978,0.000114,172.217.194.0-255,2107,6912,41,102797
12979,0.000117,172.31.46.0-255,66,6978,41,102797
12980,0.000146,172.217.194.0-255,2902,9880,41,102797
12981,0.000149,172.31.46.0-255,66,9946,41,102797
12982,0.000163,172.217.194.0-255,2902,12848,41,102797
12983,0.000165,172.31.46.0-255,66,12914,41,102797
12984,0.000193,172.217.194.0-255,4320,17234,41,102797
12985,0.000196,172.31.46.0-255,66,17300,41,102797
12986,0.000206,172.31.46.0-255,66,17366,41,102797
12987,0.000233,172.217.194.0-255,1484,18850,41,102797
12988,0.000236,172.31.46.0-255,66,18916,41,102797
12989,0.000254,172.217.194.0-255,2902,21818,41,102797
12990,0.000256,172.31.46.0-255,66,21884,41,102797
12991,0.000262,172.217.194.0-255,5738,27622,41,102797
12992,0.000264,172.31.46.0-255,66,27688,41,102797
12993,0.000268,172.217.194.0-255,2902,30590,41,102797
12994,0.000271,172.31.46.0-255,66,30656,41,102797
12995,0.000305,172.217.194.0-255,3961,34617,41,102797
12996,0.000308,172.31.46.0-255,66,34683,41,102797
12997,0.00078,172.217.194.0-255,1484,36167,41,102797
12998,0.000786,172.31.46.0-255,66,36233,41,102797
12999,0.000792,172.217.194.0-255,2902,39135,41,102797
13000,0.000795,172.31.46.0-255,66,39201,41,102797
13001,0.000806,172.217.194.0-255,5738,44939,41,102797
13002,0.000808,172.31.46.0-255,66,45005,41,102797
13003,0.000842,172.217.194.0-255,4320,49325,41,102797
13004,0.000845,172.31.46.0-255,66,49391,41,102797
13005,0.00087,172.217.194.0-255,2543,51934,41,102797
13006,0.000874,172.31.46.0-255,66,52000,41,102797
13007,0.000906,172.31.46.0-255,66,52066,41,102797
13008,0.000912,172.217.194.0-255,5738,57804,41,102797
13009,0.000915,172.31.46.0-255,66,57870,41,102797
13010,0.000935,172.217.194.0-255,2902,60772,41,102797
13011,0.000938,172.31.46.0-255,66,60838,41,102797
13012,0.000941,172.217.194.0-255,1125,61963,41,102797
13013,0.001159,172.217.194.0-255,1484,63447,41,102797
13014,0.001164,172.31.46.0-255,66,63513,41,102797
13015,0.00117,172.217.194.0-255,2902,66415,41,102797
13016,0.001172,172.31.46.0-255,66,66481,41,102797
13017,0.001182,172.217.194.0-255,2902,69383,41,102797
13018,0.001184,172.31.46.0-255,66,69449,41,102797
13019,0.001211,172.217.194.0-255,2902,72351,41,102797
13020,0.001214,172.31.46.0-255,66,72417,41,102797
13021,0.001248,172.31.46.0-255,66,72483,41,102797
13022,0.001282,172.31.46.0-255,66,72549,41,102797
13023,0.001321,172.31.46.0-255,66,72615,41,102797
13024,0.001744,172.217.194.0-255,1484,74099,41,102797
13025,0.001752,172.217.194.0-255,2902,77001,41,102797
13026,0.001755,172.31.46.0-255,66,77067,41,102797
13027,0.001761,172.217.194.0-255,2902,79969,41,102797
13028,0.001763,172.31.46.0-255,66,80035,41,102797
13029,0.001794,172.217.194.0-255,2902,82937,41,102797
13030,0.001797,172.31.46.0-255,66,83003,41,102797
13031,0.001809,172.31.46.0-255,66,83069,41,102797
13032,0.001854,172.31.46.0-255,66,83135,41,102797
13033,0.001877,172.217.194.0-255,2184,85319,41,102797
13034,0.001879,172.31.46.0-255,66,85385,41,102797
13035,0.004128,172.217.194.0-255,5738,91123,41,102797
13036,0.004136,172.31.46.0-255,66,91189,41,102797
13037,0.006422,172.217.194.0-255,5738,96927,41,102797
13038,0.006426,172.31.46.0-255,66,96993,41,102797
13039,0.008705,172.217.194.0-255,5738,102731,41,102797
13040,0.008711,172.31.46.0-255,66,102797,41,102797
13041,0.0,74.125.200.0-255,151,151,41,236541
13042,2.1e-05,172.31.46.0-255,66,217,41,236541
13043,2.7e-05,74.125.200.0-255,1484,1701,41,236541
13044,3.2e-05,172.31.46.0-255,66,1767,41,236541
13045,3.7e-05,74.125.200.0-255,2902,4669,41,236541
13046,4e-05,172.31.46.0-255,66,4735,41,236541
13047,4.5e-05,74.125.200.0-255,4320,9055,41,236541
13048,4.8e-05,172.31.46.0-255,66,9121,41,236541
13049,6.9e-05,74.125.200.0-255,1484,10605,41,236541
13050,7.1e-05,172.31.46.0-255,66,10671,41,236541
13051,7.6e-05,74.125.200.0-255,3414,14085,41,236541
13052,7.9e-05,172.31.46.0-255,66,14151,41,236541
13053,0.000189,74.125.200.0-255,1484,15635,41,236541
13054,0.000193,172.31.46.0-255,66,15701,41,236541
13055,0.000214,74.125.200.0-255,2902,18603,41,236541
13056,0.000216,172.31.46.0-255,66,18669,41,236541
13057,0.00022,74.125.200.0-255,2902,21571,41,236541
13058,0.000223,172.31.46.0-255,66,21637,41,236541
13059,0.000235,74.125.200.0-255,1484,23121,41,236541
13060,0.000236,172.31.46.0-255,66,23187,41,236541
13061,0.000269,74.125.200.0-255,2902,26089,41,236541
13062,0.000272,172.31.46.0-255,66,26155,41,236541
13063,0.000294,74.125.200.0-255,5379,31534,41,236541
13064,0.000297,172.31.46.0-255,66,31600,41,236541
13065,0.000336,172.31.46.0-255,66,31666,41,236541
13066,0.000341,74.125.200.0-255,4320,35986,41,236541
13067,0.000344,172.31.46.0-255,66,36052,41,236541
13068,0.000349,74.125.200.0-255,5738,41790,41,236541
13069,0.000351,172.31.46.0-255,66,41856,41,236541
13070,0.0004,172.31.46.0-255,66,41922,41,236541
13071,0.000411,74.125.200.0-255,394,42316,41,236541
13072,0.000471,74.125.200.0-255,349,42665,41,236541
13073,0.000542,74.125.200.0-255,1484,44149,41,236541
13074,0.000557,74.125.200.0-255,2902,47051,41,236541
13075,0.000581,74.125.200.0-255,4320,51371,41,236541
13076,0.000584,74.125.200.0-255,1484,52855,41,236541
13077,0.000614,74.125.200.0-255,2902,55757,41,236541
13078,0.000631,74.125.200.0-255,5738,61495,41,236541
13079,0.000752,74.125.200.0-255,1484,62979,41,236541
13080,0.000772,74.125.200.0-255,1484,64463,41,236541
13081,0.000783,74.125.200.0-255,1484,65947,41,236541
13082,0.000803,74.125.200.0-255,5738,71685,41,236541
13083,0.000816,74.125.200.0-255,1484,73169,41,236541
13084,0.000831,74.125.200.0-255,2902,76071,41,236541
13085,0.000864,74.125.200.0-255,5738,81809,41,236541
13086,0.0009,74.125.200.0-255,4320,86129,41,236541
13087,0.000904,74.125.200.0-255,1635,87764,41,236541
13088,0.000963,172.31.46.0-255,66,87830,41,236541
13089,0.00111,74.125.200.0-255,1484,89314,41,236541
13090,0.001117,74.125.200.0-255,2902,92216,41,236541
13091,0.00115,74.125.200.0-255,4320,96536,41,236541
13092,0.001154,74.125.200.0-255,1484,98020,41,236541
13093,0.00123,74.125.200.0-255,4320,102340,41,236541
13094,0.001243,74.125.200.0-255,3602,105942,41,236541
13095,0.001277,172.31.46.0-255,66,106008,41,236541
13096,0.00132,74.125.200.0-255,1484,107492,41,236541
13097,0.001326,74.125.200.0-255,2902,110394,41,236541
13098,0.00134,74.125.200.0-255,1484,111878,41,236541
13099,0.001354,74.125.200.0-255,4320,116198,41,236541
13100,0.001358,172.31.46.0-255,66,116264,41,236541
13101,0.001363,172.31.46.0-255,66,116330,41,236541
13102,0.001377,74.125.200.0-255,4320,120650,41,236541
13103,0.001414,74.125.200.0-255,5738,126388,41,236541
13104,0.001417,172.31.46.0-255,66,126454,41,236541
13105,0.001423,172.31.46.0-255,66,126520,41,236541
13106,0.00145,74.125.200.0-255,4320,130840,41,236541
13107,0.00146,172.31.46.0-255,66,130906,41,236541
13108,0.001498,74.125.200.0-255,5738,136644,41,236541
13109,0.001509,172.31.46.0-255,66,136710,41,236541
13110,0.001564,172.31.46.0-255,66,136776,41,236541
13111,0.001578,74.125.200.0-255,5020,141796,41,236541
13112,0.001606,74.125.200.0-255,1484,143280,41,236541
13113,0.001613,172.31.46.0-255,66,143346,41,236541
13114,0.001632,74.125.200.0-255,2902,146248,41,236541
13115,0.001639,74.125.200.0-255,5738,151986,41,236541
13116,0.001644,74.125.200.0-255,4320,156306,41,236541
13117,0.001653,172.31.46.0-255,66,156372,41,236541
13118,0.001674,74.125.200.0-255,5738,162110,41,236541
13119,0.001702,74.125.200.0-255,2902,165012,41,236541
13120,0.001705,74.125.200.0-255,1484,166496,41,236541
13121,0.001709,172.31.46.0-255,66,166562,41,236541
13122,0.001728,74.125.200.0-255,766,167328,41,236541
13123,0.001772,74.125.200.0-255,1484,168812,41,236541
13124,0.001788,74.125.200.0-255,4320,173132,41,236541
13125,0.001797,172.31.46.0-255,66,173198,41,236541
13126,0.001805,74.125.200.0-255,2902,176100,41,236541
13127,0.001824,74.125.200.0-255,2902,179002,41,236541
13128,0.001826,172.31.46.0-255,66,179068,41,236541
13129,0.001837,74.125.200.0-255,4320,183388,41,236541
13130,0.001859,74.125.200.0-255,4320,187708,41,236541
13131,0.001878,172.31.46.0-255,66,187774,41,236541
13132,0.001896,74.125.200.0-255,1484,189258,41,236541
13133,0.001928,74.125.200.0-255,1484,190742,41,236541
13134,0.001931,172.31.46.0-255,66,190808,41,236541
13135,0.001948,74.125.200.0-255,1484,192292,41,236541
13136,0.001968,74.125.200.0-255,2902,195194,41,236541
13137,0.001971,74.125.200.0-255,1484,196678,41,236541
13138,0.001976,172.31.46.0-255,66,196744,41,236541
13139,0.001991,74.125.200.0-255,4320,201064,41,236541
13140,0.002008,172.31.46.0-255,66,201130,41,236541
13141,0.002034,172.31.46.0-255,66,201196,41,236541
13142,0.002066,74.125.200.0-255,2184,203380,41,236541
13143,0.002071,74.125.200.0-255,4320,207700,41,236541
13144,0.00208,172.31.46.0-255,66,207766,41,236541
13145,0.002092,74.125.200.0-255,2902,210668,41,236541
13146,0.00212,74.125.200.0-255,5738,216406,41,236541
13147,0.002137,172.31.46.0-255,66,216472,41,236541
13148,0.002157,74.125.200.0-255,3602,220074,41,236541
13149,0.002165,172.31.46.0-255,66,220140,41,236541
13150,0.002182,74.125.200.0-255,4320,224460,41,236541
13151,0.002195,74.125.200.0-255,1484,225944,41,236541
13152,0.002209,172.31.46.0-255,66,226010,41,236541
13153,0.002224,74.125.200.0-255,4320,230330,41,236541
13154,0.002235,172.31.46.0-255,66,230396,41,236541
13155,0.002274,74.125.200.0-255,5738,236134,41,236541
13156,0.002312,172.31.46.0-255,66,236200,41,236541
13157,0.00234,74.125.200.0-255,170,236370,41,236541
13158,0.002388,74.125.200.0-255,105,236475,41,236541
13159,0.002398,172.31.46.0-255,66,236541,41,236541
13160,0.0,74.125.24.0-255,153,153,41,173928
13161,2.2e-05,172.31.46.0-255,66,219,41,173928
13162,2.9e-05,74.125.24.0-255,1484,1703,41,173928
13163,3.4e-05,172.31.46.0-255,66,1769,41,173928
13164,3.9e-05,74.125.24.0-255,2902,4671,41,173928
13165,4.2e-05,172.31.46.0-255,66,4737,41,173928
13166,4.7e-05,74.125.24.0-255,2902,7639,41,173928
13167,5e-05,172.31.46.0-255,66,7705,41,173928
13168,5.6e-05,74.125.24.0-255,5738,13443,41,173928
13169,5.9e-05,172.31.46.0-255,66,13509,41,173928
13170,8.4e-05,74.125.24.0-255,2115,15624,41,173928
13171,8.8e-05,172.31.46.0-255,66,15690,41,173928
13172,0.000102,172.31.46.0-255,66,15756,41,173928
13173,0.000149,74.125.24.0-255,1484,17240,41,173928
13174,0.000151,172.31.46.0-255,66,17306,41,173928
13175,0.000154,74.125.24.0-255,1484,18790,41,173928
13176,0.000156,172.31.46.0-255,66,18856,41,173928
13177,0.000171,74.125.24.0-255,1484,20340,41,173928
13178,0.000173,172.31.46.0-255,66,20406,41,173928
13179,0.000176,74.125.24.0-255,2902,23308,41,173928
13180,0.000179,172.31.46.0-255,66,23374,41,173928
13181,0.000184,74.125.24.0-255,5738,29112,41,173928
13182,0.000186,172.31.46.0-255,66,29178,41,173928
13183,0.000201,74.125.24.0-255,1484,30662,41,173928
13184,0.000203,172.31.46.0-255,66,30728,41,173928
13185,0.00022,74.125.24.0-255,4320,35048,41,173928
13186,0.000222,172.31.46.0-255,66,35114,41,173928
13187,0.000241,172.31.46.0-255,66,35180,41,173928
13188,0.000262,74.125.24.0-255,2543,37723,41,173928
13189,0.000264,172.31.46.0-255,66,37789,41,173928
13190,0.000268,74.125.24.0-255,2543,40332,41,173928
13191,0.00027,172.31.46.0-255,66,40398,41,173928
13192,0.000496,74.125.24.0-255,648,41046,41,173928
13193,0.000699,74.125.24.0-255,1484,42530,41,173928
13194,0.000705,172.31.46.0-255,66,42596,41,173928
13195,0.00071,74.125.24.0-255,2902,45498,41,173928
13196,0.000712,172.31.46.0-255,66,45564,41,173928
13197,0.000716,74.125.24.0-255,2902,48466,41,173928
13198,0.000717,172.31.46.0-255,66,48532,41,173928
13199,0.000743,74.125.24.0-255,2902,51434,41,173928
13200,0.000746,172.31.46.0-255,66,51500,41,173928
13201,0.000752,74.125.24.0-255,5738,57238,41,173928
13202,0.000754,172.31.46.0-255,66,57304,41,173928
13203,0.000765,172.31.46.0-255,66,57370,41,173928
13204,0.000791,74.125.24.0-255,2902,60272,41,173928
13205,0.000793,172.31.46.0-255,66,60338,41,173928
13206,0.000806,172.31.46.0-255,66,60404,41,173928
13207,0.000858,172.31.46.0-255,66,60470,41,173928
13208,0.001288,74.125.24.0-255,1484,61954,41,173928
13209,0.001295,74.125.24.0-255,2902,64856,41,173928
13210,0.001299,172.31.46.0-255,66,64922,41,173928
13211,0.001305,74.125.24.0-255,4320,69242,41,173928
13212,0.001307,172.31.46.0-255,66,69308,41,173928
13213,0.00132,74.125.24.0-255,1484,70792,41,173928
13214,0.001335,74.125.24.0-255,5738,76530,41,173928
13215,0.001337,172.31.46.0-255,66,76596,41,173928
13216,0.001356,172.31.46.0-255,66,76662,41,173928
13217,0.001359,74.125.24.0-255,1484,78146,41,173928
13218,0.001401,74.125.24.0-255,4320,82466,41,173928
13219,0.001404,172.31.46.0-255,66,82532,41,173928
13220,0.001423,74.125.24.0-255,5020,87552,41,173928
13221,0.001425,172.31.46.0-255,66,87618,41,173928
13222,0.001482,74.125.24.0-255,1484,89102,41,173928
13223,0.001488,74.125.24.0-255,2902,92004,41,173928
13224,0.001491,172.31.46.0-255,66,92070,41,173928
13225,0.001515,74.125.24.0-255,5738,97808,41,173928
13226,0.001517,172.31.46.0-255,66,97874,41,173928
13227,0.001538,74.125.24.0-255,5738,103612,41,173928
13228,0.00154,172.31.46.0-255,66,103678,41,173928
13229,0.001571,172.31.46.0-255,66,103744,41,173928
13230,0.001575,74.125.24.0-255,1484,105228,41,173928
13231,0.00158,74.125.24.0-255,2902,108130,41,173928
13232,0.001581,172.31.46.0-255,66,108196,41,173928
13233,0.00161,172.31.46.0-255,66,108262,41,173928
13234,0.001621,172.31.46.0-255,66,108328,41,173928
13235,0.001654,74.125.24.0-255,5738,114066,41,173928
13236,0.001657,172.31.46.0-255,66,114132,41,173928
13237,0.001691,172.31.46.0-255,66,114198,41,173928
13238,0.001694,74.125.24.0-255,1484,115682,41,173928
13239,0.001698,74.125.24.0-255,2902,118584,41,173928
13240,0.001701,172.31.46.0-255,66,118650,41,173928
13241,0.001704,74.125.24.0-255,1484,120134,41,173928
13242,0.001719,74.125.24.0-255,4320,124454,41,173928
13243,0.001722,172.31.46.0-255,66,124520,41,173928
13244,0.001725,74.125.24.0-255,1484,126004,41,173928
13245,0.001761,172.31.46.0-255,66,126070,41,173928
13246,0.00177,172.31.46.0-255,66,126136,41,173928
13247,0.001797,74.125.24.0-255,3602,129738,41,173928
13248,0.0018,172.31.46.0-255,66,129804,41,173928
13249,0.001835,74.125.24.0-255,4320,134124,41,173928
13250,0.001839,172.31.46.0-255,66,134190,41,173928
13251,0.001842,74.125.24.0-255,1484,135674,41,173928
13252,0.001871,172.31.46.0-255,66,135740,41,173928
13253,0.001876,74.125.24.0-255,5738,141478,41,173928
13254,0.001879,172.31.46.0-255,66,141544,41,173928
13255,0.001915,172.31.46.0-255,66,141610,41,173928
13256,0.001945,172.31.46.0-255,66,141676,41,173928
13257,0.001983,74.125.24.0-255,4320,145996,41,173928
13258,0.001985,172.31.46.0-255,66,146062,41,173928
13259,0.002011,74.125.24.0-255,4320,150382,41,173928
13260,0.002014,172.31.46.0-255,66,150448,41,173928
13261,0.002039,172.31.46.0-255,66,150514,41,173928
13262,0.002048,172.31.46.0-255,66,150580,41,173928
13263,0.003999,74.125.24.0-255,5738,156318,41,173928
13264,0.004006,172.31.46.0-255,66,156384,41,173928
13265,0.005957,74.125.24.0-255,5738,162122,41,173928
13266,0.005965,172.31.46.0-255,66,162188,41,173928
13267,0.007915,74.125.24.0-255,2902,165090,41,173928
13268,0.007918,172.31.46.0-255,66,165156,41,173928
13269,0.007937,74.125.24.0-255,2902,168058,41,173928
13270,0.00794,172.31.46.0-255,66,168124,41,173928
13271,0.009877,74.125.24.0-255,5738,173862,41,173928
13272,0.009885,172.31.46.0-255,66,173928,41,173928
13273,0.0,74.125.200.0-255,151,151,41,117785
13274,2.3e-05,172.31.46.0-255,66,217,41,117785
13275,3.1e-05,74.125.200.0-255,1484,1701,41,117785
13276,3.5e-05,172.31.46.0-255,66,1767,41,117785
13277,5.4e-05,74.125.200.0-255,2902,4669,41,117785
13278,5.7e-05,172.31.46.0-255,66,4735,41,117785
13279,8.5e-05,74.125.200.0-255,4320,9055,41,117785
13280,8.7e-05,172.31.46.0-255,66,9121,41,117785
13281,9.2e-05,74.125.200.0-255,2902,12023,41,117785
13282,9.4e-05,172.31.46.0-255,66,12089,41,117785
13283,0.00011,74.125.200.0-255,2041,14130,41,117785
13284,0.000112,172.31.46.0-255,66,14196,41,117785
13285,0.000129,74.125.200.0-255,1484,15680,41,117785
13286,0.000131,172.31.46.0-255,66,15746,41,117785
13287,0.000135,74.125.200.0-255,1484,17230,41,117785
13288,0.000137,172.31.46.0-255,66,17296,41,117785
13289,0.000157,74.125.200.0-255,1484,18780,41,117785
13290,0.000159,172.31.46.0-255,66,18846,41,117785
13291,0.000166,74.125.200.0-255,5738,24584,41,117785
13292,0.000168,172.31.46.0-255,66,24650,41,117785
13293,0.000172,74.125.200.0-255,2902,27552,41,117785
13294,0.000176,172.31.46.0-255,66,27618,41,117785
13295,0.000221,74.125.200.0-255,3961,31579,41,117785
13296,0.000224,172.31.46.0-255,66,31645,41,117785
13297,0.000571,74.125.200.0-255,1484,33129,41,117785
13298,0.000577,172.31.46.0-255,66,33195,41,117785
13299,0.0006,74.125.200.0-255,2902,36097,41,117785
13300,0.000603,172.31.46.0-255,66,36163,41,117785
13301,0.000616,74.125.200.0-255,2902,39065,41,117785
13302,0.000619,172.31.46.0-255,66,39131,41,117785
13303,0.000645,74.125.200.0-255,2902,42033,41,117785
13304,0.000647,172.31.46.0-255,66,42099,41,117785
13305,0.000654,74.125.200.0-255,5738,47837,41,117785
13306,0.000658,74.125.200.0-255,1484,49321,41,117785
13307,0.000676,74.125.200.0-255,5379,54700,41,117785
13308,0.000681,74.125.200.0-255,4320,59020,41,117785
13309,0.000701,74.125.200.0-255,5738,64758,41,117785
13310,0.000703,172.31.46.0-255,66,64824,41,117785
13311,0.000708,172.31.46.0-255,66,64890,41,117785
13312,0.000723,74.125.200.0-255,1398,66288,41,117785
13313,0.001045,74.125.200.0-255,134,66422,41,117785
13314,0.001132,172.31.46.0-255,66,66488,41,117785
13315,0.001153,74.125.200.0-255,1484,67972,41,117785
13316,0.001178,74.125.200.0-255,2902,70874,41,117785
13317,0.001183,74.125.200.0-255,2902,73776,41,117785
13318,0.001203,74.125.200.0-255,1484,75260,41,117785
13319,0.001218,74.125.200.0-255,2902,78162,41,117785
13320,0.001223,74.125.200.0-255,4320,82482,41,117785
13321,0.001243,74.125.200.0-255,5379,87861,41,117785
13322,0.001247,74.125.200.0-255,2902,90763,41,117785
13323,0.001304,172.31.46.0-255,66,90829,41,117785
13324,0.001313,172.31.46.0-255,66,90895,41,117785
13325,0.001318,74.125.200.0-255,2543,93438,41,117785
13326,0.001346,172.31.46.0-255,66,93504,41,117785
13327,0.002199,74.125.200.0-255,1484,94988,41,117785
13328,0.002211,74.125.200.0-255,2902,97890,41,117785
13329,0.002216,172.31.46.0-255,66,97956,41,117785
13330,0.002224,74.125.200.0-255,5738,103694,41,117785
13331,0.002228,74.125.200.0-255,2902,106596,41,117785
13332,0.002262,74.125.200.0-255,1484,108080,41,117785
13333,0.002295,74.125.200.0-255,1484,109564,41,117785
13334,0.002323,74.125.200.0-255,2184,111748,41,117785
13335,0.007354,172.31.46.0-255,66,111814,41,117785
13336,0.007571,172.31.46.0-255,101,111915,41,117785
13337,0.009675,74.125.200.0-255,5738,117653,41,117785
13338,0.009688,172.31.46.0-255,66,117719,41,117785
13339,0.009858,74.125.200.0-255,66,117785,41,117785
13340,0.0,74.125.200.0-255,152,152,41,207091
13341,1.4e-05,172.31.46.0-255,66,218,41,207091
13342,3e-05,74.125.200.0-255,1484,1702,41,207091
13343,3.5e-05,172.31.46.0-255,66,1768,41,207091
13344,4e-05,74.125.200.0-255,2902,4670,41,207091
13345,4.4e-05,172.31.46.0-255,66,4736,41,207091
13346,6.9e-05,74.125.200.0-255,5738,10474,41,207091
13347,7.2e-05,172.31.46.0-255,66,10540,41,207091
13348,7.7e-05,74.125.200.0-255,3464,14004,41,207091
13349,8e-05,172.31.46.0-255,66,14070,41,207091
13350,0.000104,74.125.200.0-255,4320,18390,41,207091
13351,0.000107,172.31.46.0-255,66,18456,41,207091
13352,0.000131,172.31.46.0-255,66,18522,41,207091
13353,0.000149,74.125.200.0-255,2902,21424,41,207091
13354,0.000151,172.31.46.0-255,66,21490,41,207091
13355,0.000156,74.125.200.0-255,2543,24033,41,207091
13356,0.000158,172.31.46.0-255,66,24099,41,207091
13357,0.000194,74.125.200.0-255,1484,25583,41,207091
13358,0.000197,172.31.46.0-255,66,25649,41,207091
13359,0.000213,74.125.200.0-255,2902,28551,41,207091
13360,0.000216,172.31.46.0-255,66,28617,41,207091
13361,0.000236,74.125.200.0-255,4320,32937,41,207091
13362,0.00024,172.31.46.0-255,66,33003,41,207091
13363,0.000259,74.125.200.0-255,5738,38741,41,207091
13364,0.000262,172.31.46.0-255,66,38807,41,207091
13365,0.000288,172.31.46.0-255,66,38873,41,207091
13366,0.000311,74.125.200.0-255,2902,41775,41,207091
13367,0.000314,172.31.46.0-255,66,41841,41,207091
13368,0.00032,74.125.200.0-255,4320,46161,41,207091
13369,0.000322,172.31.46.0-255,66,46227,41,207091
13370,0.00034,74.125.200.0-255,3602,49829,41,207091
13371,0.000343,172.31.46.0-255,66,49895,41,207091
13372,0.000366,74.125.200.0-255,441,50336,41,207091
13373,0.000444,74.125.200.0-255,1484,51820,41,207091
13374,0.000449,172.31.46.0-255,66,51886,41,207091
13375,0.000454,74.125.200.0-255,2902,54788,41,207091
13376,0.000456,172.31.46.0-255,66,54854,41,207091
13377,0.000487,74.125.200.0-255,5738,60592,41,207091
13378,0.000494,172.31.46.0-255,66,60658,41,207091
13379,0.000528,172.31.46.0-255,66,60724,41,207091
13380,0.000551,74.125.200.0-255,2902,63626,41,207091
13381,0.000553,172.31.46.0-255,66,63692,41,207091
13382,0.00056,74.125.200.0-255,5738,69430,41,207091
13383,0.000562,172.31.46.0-255,66,69496,41,207091
13384,0.000565,74.125.200.0-255,1484,70980,41,207091
13385,0.000584,74.125.200.0-255,5738,76718,41,207091
13386,0.000586,172.31.46.0-255,66,76784,41,207091
13387,0.000589,74.125.200.0-255,766,77550,41,207091
13388,0.000698,74.125.200.0-255,333,77883,41,207091
13389,0.00076,74.125.200.0-255,1484,79367,41,207091
13390,0.000764,172.31.46.0-255,66,79433,41,207091
13391,0.00077,74.125.200.0-255,2902,82335,41,207091
13392,0.000772,172.31.46.0-255,66,82401,41,207091
13393,0.000804,74.125.200.0-255,5738,88139,41,207091
13394,0.000808,172.31.46.0-255,66,88205,41,207091
13395,0.000812,74.125.200.0-255,2902,91107,41,207091
13396,0.000814,74.125.200.0-255,1484,92591,41,207091
13397,0.000827,74.125.200.0-255,2902,95493,41,207091
13398,0.000832,172.31.46.0-255,66,95559,41,207091
13399,0.000851,74.125.200.0-255,2902,98461,41,207091
13400,0.000866,74.125.200.0-255,4320,102781,41,207091
13401,0.000884,172.31.46.0-255,66,102847,41,207091
13402,0.000909,74.125.200.0-255,1484,104331,41,207091
13403,0.000912,74.125.200.0-255,766,105097,41,207091
13404,0.000925,172.31.46.0-255,66,105163,41,207091
13405,0.001019,74.125.200.0-255,1484,106647,41,207091
13406,0.001042,74.125.200.0-255,2902,109549,41,207091
13407,0.001045,172.31.46.0-255,66,109615,41,207091
13408,0.00105,74.125.200.0-255,2902,112517,41,207091
13409,0.001056,172.31.46.0-255,66,112583,41,207091
13410,0.001089,74.125.200.0-255,4320,116903,41,207091
13411,0.001092,74.125.200.0-255,1484,118387,41,207091
13412,0.001121,74.125.200.0-255,2902,121289,41,207091
13413,0.001133,172.31.46.0-255,66,121355,41,207091
13414,0.001167,74.125.200.0-255,4320,125675,41,207091
13415,0.001171,74.125.200.0-255,1484,127159,41,207091
13416,0.001185,74.125.200.0-255,4320,131479,41,207091
13417,0.001198,74.125.200.0-255,1484,132963,41,207091
13418,0.001203,172.31.46.0-255,66,133029,41,207091
13419,0.001214,74.125.200.0-255,4320,137349,41,207091
13420,0.001249,74.125.200.0-255,2184,139533,41,207091
13421,0.001256,172.31.46.0-255,66,139599,41,207091
13422,0.001434,74.125.200.0-255,1484,141083,41,207091
13423,0.001438,74.125.200.0-255,1484,142567,41,207091
13424,0.001441,172.31.46.0-255,66,142633,41,207091
13425,0.001461,74.125.200.0-255,1484,144117,41,207091
13426,0.001465,74.125.200.0-255,2902,147019,41,207091
13427,0.001469,74.125.200.0-255,4320,151339,41,207091
13428,0.001519,74.125.200.0-255,1484,152823,41,207091
13429,0.001549,172.31.46.0-255,66,152889,41,207091
13430,0.001575,172.31.46.0-255,66,152955,41,207091
13431,0.001647,74.125.200.0-255,1484,154439,41,207091
13432,0.001663,74.125.200.0-255,2902,157341,41,207091
13433,0.001668,172.31.46.0-255,66,157407,41,207091
13434,0.001679,74.125.200.0-255,5738,163145,41,207091
13435,0.001702,172.31.46.0-255,66,163211,41,207091
13436,0.001709,74.125.200.0-255,1484,164695,41,207091
13437,0.001745,172.31.46.0-255,66,164761,41,207091
13438,0.001764,74.125.200.0-255,2902,167663,41,207091
13439,0.001794,172.31.46.0-255,66,167729,41,207091
13440,0.001832,74.125.200.0-255,4320,172049,41,207091
13441,0.001845,172.31.46.0-255,66,172115,41,207091
13442,0.001872,74.125.200.0-255,2902,175017,41,207091
13443,0.001895,172.31.46.0-255,66,175083,41,207091
13444,0.001956,172.31.46.0-255,66,175149,41,207091
13445,0.001971,74.125.200.0-255,4320,179469,41,207091
13446,0.001975,74.125.200.0-255,4320,183789,41,207091
13447,0.00198,74.125.200.0-255,2902,186691,41,207091
13448,0.001993,172.31.46.0-255,66,186757,41,207091
13449,0.002035,74.125.200.0-255,4320,191077,41,207091
13450,0.002044,172.31.46.0-255,66,191143,41,207091
13451,0.002079,172.31.46.0-255,66,191209,41,207091
13452,0.00211,172.31.46.0-255,66,191275,41,207091
13453,0.002121,74.125.200.0-255,5020,196295,41,207091
13454,0.00213,172.31.46.0-255,66,196361,41,207091
13455,0.002133,74.125.200.0-255,1484,197845,41,207091
13456,0.002174,74.125.200.0-255,5738,203583,41,207091
13457,0.002183,172.31.46.0-255,66,203649,41,207091
13458,0.0022,74.125.200.0-255,1484,205133,41,207091
13459,0.002204,172.31.46.0-255,66,205199,41,207091
13460,0.002255,172.31.46.0-255,66,205265,41,207091
13461,0.00229,74.125.200.0-255,1484,206749,41,207091
13462,0.002328,172.31.46.0-255,66,206815,41,207091
13463,0.00458,74.125.200.0-255,105,206920,41,207091
13464,0.008906,172.31.46.0-255,66,206986,41,207091
13465,0.008945,172.31.46.0-255,105,207091,41,207091
13466,0.0,74.125.24.0-255,143,143,41,126911
13467,2.2e-05,172.31.46.0-255,66,209,41,126911
13468,3e-05,74.125.24.0-255,1484,1693,41,126911
13469,3.4e-05,172.31.46.0-255,66,1759,41,126911
13470,6.3e-05,74.125.24.0-255,1484,3243,41,126911
13471,7e-05,172.31.46.0-255,66,3309,41,126911
13472,7.7e-05,74.125.24.0-255,2902,6211,41,126911
13473,8e-05,172.31.46.0-255,66,6277,41,126911
13474,8.7e-05,74.125.24.0-255,5738,12015,41,126911
13475,9e-05,172.31.46.0-255,66,12081,41,126911
13476,9.4e-05,74.125.24.0-255,1969,14050,41,126911
13477,9.7e-05,172.31.46.0-255,66,14116,41,126911
13478,0.000195,74.125.24.0-255,1484,15600,41,126911
13479,0.000199,172.31.46.0-255,66,15666,41,126911
13480,0.000204,74.125.24.0-255,2902,18568,41,126911
13481,0.000207,172.31.46.0-255,66,18634,41,126911
13482,0.000236,74.125.24.0-255,5738,24372,41,126911
13483,0.000239,172.31.46.0-255,66,24438,41,126911
13484,0.000251,74.125.24.0-255,2902,27340,41,126911
13485,0.000258,172.31.46.0-255,66,27406,41,126911
13486,0.000282,74.125.24.0-255,3961,31367,41,126911
13487,0.000285,172.31.46.0-255,66,31433,41,126911
13488,0.000295,172.31.46.0-255,66,31499,41,126911
13489,0.000305,74.125.24.0-255,4320,35819,41,126911
13490,0.000307,172.31.46.0-255,66,35885,41,126911
13491,0.00031,74.125.24.0-255,1484,37369,41,126911
13492,0.000313,172.31.46.0-255,66,37435,41,126911
13493,0.000337,74.125.24.0-255,3961,41396,41,126911
13494,0.000344,172.31.46.0-255,66,41462,41,126911
13495,0.000467,74.125.24.0-255,1484,42946,41,126911
13496,0.000471,172.31.46.0-255,66,43012,41,126911
13497,0.000478,74.125.24.0-255,2902,45914,41,126911
13498,0.000502,74.125.24.0-255,4320,50234,41,126911
13499,0.000524,74.125.24.0-255,4320,54554,41,126911
13500,0.000537,74.125.24.0-255,4291,58845,41,126911
13501,0.000607,172.31.46.0-255,66,58911,41,126911
13502,0.001146,74.125.24.0-255,348,59259,41,126911
13503,0.00117,172.31.46.0-255,66,59325,41,126911
13504,0.001199,74.125.24.0-255,1484,60809,41,126911
13505,0.001205,74.125.24.0-255,4320,65129,41,126911
13506,0.001208,172.31.46.0-255,66,65195,41,126911
13507,0.001213,74.125.24.0-255,2902,68097,41,126911
13508,0.001215,172.31.46.0-255,66,68163,41,126911
13509,0.001237,74.125.24.0-255,4320,72483,41,126911
13510,0.001239,172.31.46.0-255,66,72549,41,126911
13511,0.001244,74.125.24.0-255,2902,75451,41,126911
13512,0.00125,172.31.46.0-255,66,75517,41,126911
13513,0.001288,172.31.46.0-255,66,75583,41,126911
13514,0.001294,74.125.24.0-255,5020,80603,41,126911
13515,0.001344,172.31.46.0-255,66,80669,41,126911
13516,0.001834,74.125.24.0-255,1484,82153,41,126911
13517,0.001843,74.125.24.0-255,2902,85055,41,126911
13518,0.001848,172.31.46.0-255,66,85121,41,126911
13519,0.001852,74.125.24.0-255,1484,86605,41,126911
13520,0.001883,74.125.24.0-255,5738,92343,41,126911
13521,0.001887,172.31.46.0-255,66,92409,41,126911
13522,0.001928,74.125.24.0-255,2902,95311,41,126911
13523,0.001932,172.31.46.0-255,66,95377,41,126911
13524,0.001957,74.125.24.0-255,2902,98279,41,126911
13525,0.00196,172.31.46.0-255,66,98345,41,126911
13526,0.001971,172.31.46.0-255,66,98411,41,126911
13527,0.002051,74.125.24.0-255,1484,99895,41,126911
13528,0.002056,74.125.24.0-255,1484,101379,41,126911
13529,0.002074,74.125.24.0-255,1484,102863,41,126911
13530,0.002077,74.125.24.0-255,1484,104347,41,126911
13531,0.002096,74.125.24.0-255,4320,108667,41,126911
13532,0.002101,74.125.24.0-255,4320,112987,41,126911
13533,0.002165,74.125.24.0-255,2184,115171,41,126911
13534,0.002571,74.125.24.0-255,1484,116655,41,126911
13535,0.002579,74.125.24.0-255,2902,119557,41,126911
13536,0.002591,74.125.24.0-255,1484,121041,41,126911
13537,0.005775,172.31.46.0-255,66,121107,41,126911
13538,0.008397,74.125.24.0-255,5738,126845,41,126911
13539,0.008404,172.31.46.0-255,66,126911,41,126911
13540,0.0,172.217.194.0-255,147,147,41,72572
13541,1.6e-05,172.31.46.0-255,66,213,41,72572
13542,2.3e-05,172.217.194.0-255,1484,1697,41,72572
13543,2.8e-05,172.31.46.0-255,66,1763,41,72572
13544,5.4e-05,172.217.194.0-255,2902,4665,41,72572
13545,5.9e-05,172.31.46.0-255,66,4731,41,72572
13546,6.5e-05,172.217.194.0-255,4320,9051,41,72572
13547,6.9e-05,172.31.46.0-255,66,9117,41,72572
13548,7.5e-05,172.217.194.0-255,4875,13992,41,72572
13549,7.8e-05,172.31.46.0-255,66,14058,41,72572
13550,9.8e-05,172.217.194.0-255,1484,15542,41,72572
13551,0.000101,172.31.46.0-255,66,15608,41,72572
13552,0.000111,172.217.194.0-255,2902,18510,41,72572
13553,0.000113,172.31.46.0-255,66,18576,41,72572
13554,0.00012,172.217.194.0-255,5738,24314,41,72572
13555,0.000122,172.31.46.0-255,66,24380,41,72572
13556,0.000386,172.217.194.0-255,5738,30118,41,72572
13557,0.000391,172.31.46.0-255,66,30184,41,72572
13558,0.000425,172.31.46.0-255,66,30250,41,72572
13559,0.000444,172.217.194.0-255,5379,35629,41,72572
13560,0.000446,172.31.46.0-255,66,35695,41,72572
13561,0.000481,172.31.46.0-255,66,35761,41,72572
13562,0.000518,172.31.46.0-255,66,35827,41,72572
13563,0.000521,172.217.194.0-255,118,35945,41,72572
13564,0.000523,172.31.46.0-255,66,36011,41,72572
13565,0.000617,172.217.194.0-255,377,36388,41,72572
13566,0.000621,172.31.46.0-255,66,36454,41,72572
13567,0.000864,172.217.194.0-255,1484,37938,41,72572
13568,0.00087,172.31.46.0-255,66,38004,41,72572
13569,0.000875,172.217.194.0-255,2902,40906,41,72572
13570,0.000877,172.31.46.0-255,66,40972,41,72572
13571,0.000884,172.217.194.0-255,5738,46710,41,72572
13572,0.000891,172.31.46.0-255,66,46776,41,72572
13573,0.000894,172.217.194.0-255,1484,48260,41,72572
13574,0.000934,172.31.46.0-255,66,48326,41,72572
13575,0.000947,172.31.46.0-255,66,48392,41,72572
13576,0.000952,172.217.194.0-255,2184,50576,41,72572
13577,0.000954,172.31.46.0-255,66,50642,41,72572
13578,0.003026,172.217.194.0-255,4320,54962,41,72572
13579,0.003033,172.31.46.0-255,66,55028,41,72572
13580,0.003062,172.217.194.0-255,1484,56512,41,72572
13581,0.005059,172.217.194.0-255,4320,60832,41,72572
13582,0.005065,172.31.46.0-255,66,60898,41,72572
13583,0.007096,172.217.194.0-255,5738,66636,41,72572
13584,0.007099,172.31.46.0-255,66,66702,41,72572
13585,0.009158,172.217.194.0-255,4320,71022,41,72572
13586,0.009165,172.31.46.0-255,66,71088,41,72572
13587,0.009191,172.217.194.0-255,1484,72572,41,72572
13588,0.0,172.217.194.0-255,146,146,41,142572
13589,2.4e-05,172.31.46.0-255,66,212,41,142572
13590,3.2e-05,172.217.194.0-255,1484,1696,41,142572
13591,3.7e-05,172.31.46.0-255,66,1762,41,142572
13592,4.2e-05,172.217.194.0-255,2902,4664,41,142572
13593,4.6e-05,172.31.46.0-255,66,4730,41,142572
13594,5.8e-05,172.31.46.0-255,66,4796,41,142572
13595,6.5e-05,172.217.194.0-255,5738,10534,41,142572
13596,6.7e-05,172.31.46.0-255,66,10600,41,142572
13597,8.6e-05,172.217.194.0-255,2119,12719,41,142572
13598,8.9e-05,172.31.46.0-255,66,12785,41,142572
13599,9.2e-05,172.217.194.0-255,1484,14269,41,142572
13600,9.4e-05,172.31.46.0-255,66,14335,41,142572
13601,0.000134,172.31.46.0-255,66,14401,41,142572
13602,0.000215,172.217.194.0-255,1484,15885,41,142572
13603,0.000218,172.31.46.0-255,66,15951,41,142572
13604,0.000223,172.217.194.0-255,2902,18853,41,142572
13605,0.000226,172.31.46.0-255,66,18919,41,142572
13606,0.000239,172.217.194.0-255,2902,21821,41,142572
13607,0.000241,172.31.46.0-255,66,21887,41,142572
13608,0.000254,172.217.194.0-255,1484,23371,41,142572
13609,0.000257,172.31.46.0-255,66,23437,41,142572
13610,0.000263,172.217.194.0-255,4320,27757,41,142572
13611,0.000265,172.31.46.0-255,66,27823,41,142572
13612,0.000283,172.217.194.0-255,1484,29307,41,142572
13613,0.000285,172.31.46.0-255,66,29373,41,142572
13614,0.000305,172.217.194.0-255,4320,33693,41,142572
13615,0.000309,172.31.46.0-255,66,33759,41,142572
13616,0.000328,172.31.46.0-255,66,33825,41,142572
13617,0.000363,172.31.46.0-255,66,33891,41,142572
13618,0.000463,172.217.194.0-255,119,34010,41,142572
13619,0.000662,172.217.194.0-255,1484,35494,41,142572
13620,0.000667,172.31.46.0-255,66,35560,41,142572
13621,0.000673,172.217.194.0-255,2902,38462,41,142572
13622,0.000675,172.31.46.0-255,66,38528,41,142572
13623,0.0007,172.217.194.0-255,4320,42848,41,142572
13624,0.000703,172.31.46.0-255,66,42914,41,142572
13625,0.000722,172.217.194.0-255,1484,44398,41,142572
13626,0.000733,172.31.46.0-255,66,44464,41,142572
13627,0.000773,172.31.46.0-255,66,44530,41,142572
13628,0.000777,172.217.194.0-255,2184,46714,41,142572
13629,0.00078,172.31.46.0-255,66,46780,41,142572
13630,0.000783,172.217.194.0-255,380,47160,41,142572
13631,0.000918,172.217.194.0-255,1484,48644,41,142572
13632,0.000924,172.217.194.0-255,2902,51546,41,142572
13633,0.000946,172.217.194.0-255,5738,57284,41,142572
13634,0.000955,172.31.46.0-255,66,57350,41,142572
13635,0.00096,172.31.46.0-255,66,57416,41,142572
13636,0.000962,172.31.46.0-255,66,57482,41,142572
13637,0.000977,172.31.46.0-255,66,57548,41,142572
13638,0.001017,172.217.194.0-255,4320,61868,41,142572
13639,0.00102,172.31.46.0-255,66,61934,41,142572
13640,0.001048,172.31.46.0-255,66,62000,41,142572
13641,0.001857,172.217.194.0-255,1484,63484,41,142572
13642,0.001866,172.217.194.0-255,2902,66386,41,142572
13643,0.001869,172.31.46.0-255,66,66452,41,142572
13644,0.001877,172.217.194.0-255,5738,72190,41,142572
13645,0.001879,172.31.46.0-255,66,72256,41,142572
13646,0.00194,172.31.46.0-255,66,72322,41,142572
13647,0.001953,172.31.46.0-255,66,72388,41,142572
13648,0.001985,172.217.194.0-255,1484,73872,41,142572
13649,0.002004,172.217.194.0-255,2902,76774,41,142572
13650,0.002007,172.31.46.0-255,66,76840,41,142572
13651,0.002012,172.217.194.0-255,2902,79742,41,142572
13652,0.002014,172.31.46.0-255,66,79808,41,142572
13653,0.002032,172.217.194.0-255,2902,82710,41,142572
13654,0.002035,172.31.46.0-255,66,82776,41,142572
13655,0.002041,172.217.194.0-255,5738,88514,41,142572
13656,0.002044,172.31.46.0-255,66,88580,41,142572
13657,0.002054,172.31.46.0-255,66,88646,41,142572
13658,0.002081,172.217.194.0-255,4320,92966,41,142572
13659,0.002084,172.31.46.0-255,66,93032,41,142572
13660,0.00209,172.217.194.0-255,5020,98052,41,142572
13661,0.002092,172.31.46.0-255,66,98118,41,142572
13662,0.002139,172.217.194.0-255,1484,99602,41,142572
13663,0.002144,172.217.194.0-255,2902,102504,41,142572
13664,0.002146,172.31.46.0-255,66,102570,41,142572
13665,0.00215,172.217.194.0-255,1484,104054,41,142572
13666,0.002163,172.217.194.0-255,2902,106956,41,142572
13667,0.002165,172.31.46.0-255,66,107022,41,142572
13668,0.002189,172.217.194.0-255,1484,108506,41,142572
13669,0.002196,172.217.194.0-255,4320,112826,41,142572
13670,0.002199,172.31.46.0-255,66,112892,41,142572
13671,0.002211,172.31.46.0-255,66,112958,41,142572
13672,0.002237,172.31.46.0-255,66,113024,41,142572
13673,0.002269,172.217.194.0-255,1484,114508,41,142572
13674,0.002274,172.217.194.0-255,2902,117410,41,142572
13675,0.002276,172.31.46.0-255,66,117476,41,142572
13676,0.002291,172.217.194.0-255,4320,121796,41,142572
13677,0.002293,172.31.46.0-255,66,121862,41,142572
13678,0.002304,172.217.194.0-255,1484,123346,41,142572
13679,0.002307,172.217.194.0-255,1484,124830,41,142572
13680,0.002309,172.31.46.0-255,66,124896,41,142572
13681,0.002338,172.31.46.0-255,66,124962,41,142572
13682,0.00235,172.31.46.0-255,66,125028,41,142572
13683,0.002396,172.31.46.0-255,66,125094,41,142572
13684,0.002439,172.31.46.0-255,66,125160,41,142572
13685,0.00477,172.217.194.0-255,5738,130898,41,142572
13686,0.004778,172.31.46.0-255,66,130964,41,142572
13687,0.007133,172.217.194.0-255,5738,136702,41,142572
13688,0.007139,172.31.46.0-255,66,136768,41,142572
13689,0.009485,172.217.194.0-255,5738,142506,41,142572
13690,0.009492,172.31.46.0-255,66,142572,41,142572
13691,0.0,74.125.200.0-255,295,295,41,172768
13692,2.8e-05,172.31.46.0-255,66,361,41,172768
13693,3.5e-05,74.125.200.0-255,1484,1845,41,172768
13694,4e-05,172.31.46.0-255,66,1911,41,172768
13695,4.3e-05,74.125.200.0-255,1484,3395,41,172768
13696,4.7e-05,172.31.46.0-255,66,3461,41,172768
13697,7.8e-05,74.125.200.0-255,2902,6363,41,172768
13698,8.1e-05,172.31.46.0-255,66,6429,41,172768
13699,8.6e-05,74.125.200.0-255,2902,9331,41,172768
13700,8.8e-05,172.31.46.0-255,66,9397,41,172768
13701,9.4e-05,74.125.200.0-255,4320,13717,41,172768
13702,9.6e-05,172.31.46.0-255,66,13783,41,172768
13703,0.0001,74.125.200.0-255,1864,15647,41,172768
13704,0.000103,172.31.46.0-255,66,15713,41,172768
13705,0.000128,74.125.200.0-255,2902,18615,41,172768
13706,0.000131,172.31.46.0-255,66,18681,41,172768
13707,0.000135,74.125.200.0-255,1484,20165,41,172768
13708,0.000137,172.31.46.0-255,66,20231,41,172768
13709,0.000159,74.125.200.0-255,5738,25969,41,172768
13710,0.000162,172.31.46.0-255,66,26035,41,172768
13711,0.000168,74.125.200.0-255,4320,30355,41,172768
13712,0.00017,172.31.46.0-255,66,30421,41,172768
13713,0.000199,74.125.200.0-255,1125,31546,41,172768
13714,0.000201,172.31.46.0-255,66,31612,41,172768
13715,0.000319,74.125.200.0-255,1484,33096,41,172768
13716,0.000323,172.31.46.0-255,66,33162,41,172768
13717,0.000346,74.125.200.0-255,2902,36064,41,172768
13718,0.000349,172.31.46.0-255,66,36130,41,172768
13719,0.000356,74.125.200.0-255,5738,41868,41,172768
13720,0.000358,172.31.46.0-255,66,41934,41,172768
13721,0.000361,74.125.200.0-255,1484,43418,41,172768
13722,0.000363,172.31.46.0-255,66,43484,41,172768
13723,0.000389,74.125.200.0-255,2902,46386,41,172768
13724,0.000392,172.31.46.0-255,66,46452,41,172768
13725,0.000419,172.31.46.0-255,66,46518,41,172768
13726,0.000431,172.31.46.0-255,66,46584,41,172768
13727,0.000456,74.125.200.0-255,2902,49486,41,172768
13728,0.000459,172.31.46.0-255,66,49552,41,172768
13729,0.000475,74.125.200.0-255,1439,50991,41,172768
13730,0.000479,74.125.200.0-255,341,51332,41,172768
13731,0.000482,172.31.46.0-255,66,51398,41,172768
13732,0.000733,74.125.200.0-255,1484,52882,41,172768
13733,0.000749,74.125.200.0-255,2902,55784,41,172768
13734,0.00076,172.31.46.0-255,66,55850,41,172768
13735,0.000766,74.125.200.0-255,4320,60170,41,172768
13736,0.000769,172.31.46.0-255,66,60236,41,172768
13737,0.000782,74.125.200.0-255,1484,61720,41,172768
13738,0.00079,74.125.200.0-255,4320,66040,41,172768
13739,0.000792,172.31.46.0-255,66,66106,41,172768
13740,0.000812,74.125.200.0-255,2902,69008,41,172768
13741,0.000814,172.31.46.0-255,66,69074,41,172768
13742,0.000825,172.31.46.0-255,66,69140,41,172768
13743,0.000852,172.31.46.0-255,66,69206,41,172768
13744,0.000875,74.125.200.0-255,2184,71390,41,172768
13745,0.000878,172.31.46.0-255,66,71456,41,172768
13746,0.001068,74.125.200.0-255,1484,72940,41,172768
13747,0.001099,74.125.200.0-255,2902,75842,41,172768
13748,0.001103,172.31.46.0-255,66,75908,41,172768
13749,0.001109,74.125.200.0-255,2902,78810,41,172768
13750,0.001111,172.31.46.0-255,66,78876,41,172768
13751,0.001126,74.125.200.0-255,2902,81778,41,172768
13752,0.001137,172.31.46.0-255,66,81844,41,172768
13753,0.001147,172.31.46.0-255,66,81910,41,172768
13754,0.001188,172.31.46.0-255,66,81976,41,172768
13755,0.00122,74.125.200.0-255,2902,84878,41,172768
13756,0.001222,172.31.46.0-255,66,84944,41,172768
13757,0.001243,74.125.200.0-255,5738,90682,41,172768
13758,0.001246,172.31.46.0-255,66,90748,41,172768
13759,0.001251,74.125.200.0-255,2184,92932,41,172768
13760,0.001253,172.31.46.0-255,66,92998,41,172768
13761,0.001257,74.125.200.0-255,2902,95900,41,172768
13762,0.00126,172.31.46.0-255,66,95966,41,172768
13763,0.00127,172.31.46.0-255,66,96032,41,172768
13764,0.001276,74.125.200.0-255,4320,100352,41,172768
13765,0.001279,172.31.46.0-255,66,100418,41,172768
13766,0.001299,74.125.200.0-255,5738,106156,41,172768
13767,0.001303,172.31.46.0-255,66,106222,41,172768
13768,0.001346,172.31.46.0-255,66,106288,41,172768
13769,0.001363,74.125.200.0-255,2184,108472,41,172768
13770,0.001366,172.31.46.0-255,66,108538,41,172768
13771,0.001411,74.125.200.0-255,2902,111440,41,172768
13772,0.001415,172.31.46.0-255,66,111506,41,172768
13773,0.001423,74.125.200.0-255,1484,112990,41,172768
13774,0.001437,74.125.200.0-255,2902,115892,41,172768
13775,0.00144,172.31.46.0-255,66,115958,41,172768
13776,0.001479,172.31.46.0-255,66,116024,41,172768
13777,0.001485,74.125.200.0-255,5738,121762,41,172768
13778,0.001488,172.31.46.0-255,66,121828,41,172768
13779,0.001498,172.31.46.0-255,66,121894,41,172768
13780,0.001517,74.125.200.0-255,2902,124796,41,172768
13781,0.001521,172.31.46.0-255,66,124862,41,172768
13782,0.001538,74.125.200.0-255,2184,127046,41,172768
13783,0.001541,172.31.46.0-255,66,127112,41,172768
13784,0.001568,74.125.200.0-255,1484,128596,41,172768
13785,0.001572,74.125.200.0-255,1484,130080,41,172768
13786,0.001574,172.31.46.0-255,66,130146,41,172768
13787,0.001592,74.125.200.0-255,1484,131630,41,172768
13788,0.001599,74.125.200.0-255,5738,137368,41,172768
13789,0.001602,172.31.46.0-255,66,137434,41,172768
13790,0.001629,74.125.200.0-255,4320,141754,41,172768
13791,0.001632,172.31.46.0-255,66,141820,41,172768
13792,0.001658,74.125.200.0-255,2902,144722,41,172768
13793,0.001662,172.31.46.0-255,66,144788,41,172768
13794,0.001672,172.31.46.0-255,66,144854,41,172768
13795,0.001682,172.31.46.0-255,66,144920,41,172768
13796,0.001715,74.125.200.0-255,766,145686,41,172768
13797,0.001727,172.31.46.0-255,66,145752,41,172768
13798,0.001742,172.31.46.0-255,66,145818,41,172768
13799,0.001752,172.31.46.0-255,66,145884,41,172768
13800,0.001784,74.125.200.0-255,4320,150204,41,172768
13801,0.001787,172.31.46.0-255,66,150270,41,172768
13802,0.001793,74.125.200.0-255,5020,155290,41,172768
13803,0.001796,172.31.46.0-255,66,155356,41,172768
13804,0.00436,74.125.200.0-255,5738,161094,41,172768
13805,0.004369,172.31.46.0-255,66,161160,41,172768
13806,0.006922,74.125.200.0-255,5738,166898,41,172768
13807,0.006932,172.31.46.0-255,66,166964,41,172768
13808,0.009499,74.125.200.0-255,5738,172702,41,172768
13809,0.009507,172.31.46.0-255,66,172768,41,172768
13810,0.0,74.125.24.0-255,148,148,41,60085
13811,2.4e-05,172.31.46.0-255,66,214,41,60085
13812,3.1e-05,74.125.24.0-255,1484,1698,41,60085
13813,3.6e-05,172.31.46.0-255,66,1764,41,60085
13814,5.3e-05,74.125.24.0-255,2902,4666,41,60085
13815,5.7e-05,172.31.46.0-255,66,4732,41,60085
13816,6.2e-05,74.125.24.0-255,2902,7634,41,60085
13817,6.4e-05,172.31.46.0-255,66,7700,41,60085
13818,6.8e-05,74.125.24.0-255,1484,9184,41,60085
13819,7.1e-05,172.31.46.0-255,66,9250,41,60085
13820,0.000106,172.31.46.0-255,66,9316,41,60085
13821,0.000117,172.31.46.0-255,66,9382,41,60085
13822,0.000151,74.125.24.0-255,5738,15120,41,60085
13823,0.000154,172.31.46.0-255,66,15186,41,60085
13824,0.000193,172.31.46.0-255,66,15252,41,60085
13825,0.000203,172.31.46.0-255,66,15318,41,60085
13826,0.00023,74.125.24.0-255,1484,16802,41,60085
13827,0.000233,172.31.46.0-255,66,16868,41,60085
13828,0.000238,74.125.24.0-255,2902,19770,41,60085
13829,0.000241,172.31.46.0-255,66,19836,41,60085
13830,0.000244,74.125.24.0-255,1484,21320,41,60085
13831,0.000246,172.31.46.0-255,66,21386,41,60085
13832,0.000274,74.125.24.0-255,4320,25706,41,60085
13833,0.00028,172.31.46.0-255,66,25772,41,60085
13834,0.000313,172.31.46.0-255,66,25838,41,60085
13835,0.000641,74.125.24.0-255,342,26180,41,60085
13836,0.000647,172.31.46.0-255,66,26246,41,60085
13837,0.001175,74.125.24.0-255,1484,27730,41,60085
13838,0.001185,74.125.24.0-255,2902,30632,41,60085
13839,0.001189,172.31.46.0-255,66,30698,41,60085
13840,0.001195,74.125.24.0-255,2902,33600,41,60085
13841,0.001197,172.31.46.0-255,66,33666,41,60085
13842,0.001222,74.125.24.0-255,2902,36568,41,60085
13843,0.001228,172.31.46.0-255,66,36634,41,60085
13844,0.001238,172.31.46.0-255,66,36700,41,60085
13845,0.001279,172.31.46.0-255,66,36766,41,60085
13846,0.001306,74.125.24.0-255,2902,39668,41,60085
13847,0.001309,172.31.46.0-255,66,39734,41,60085
13848,0.001336,74.125.24.0-255,2543,42277,41,60085
13849,0.001339,172.31.46.0-255,66,42343,41,60085
13850,0.003652,74.125.24.0-255,2902,45245,41,60085
13851,0.003661,172.31.46.0-255,66,45311,41,60085
13852,0.00371,74.125.24.0-255,1484,46795,41,60085
13853,0.003724,74.125.24.0-255,1484,48279,41,60085
13854,0.003726,172.31.46.0-255,66,48345,41,60085
13855,0.006028,74.125.24.0-255,2902,51247,41,60085
13856,0.006033,172.31.46.0-255,66,51313,41,60085
13857,0.006081,74.125.24.0-255,2902,54215,41,60085
13858,0.006085,172.31.46.0-255,66,54281,41,60085
13859,0.008433,74.125.24.0-255,5738,60019,41,60085
13860,0.008441,172.31.46.0-255,66,60085,41,60085
13861,0.0,74.125.68.0-255,297,297,41,153210
13862,1.6e-05,172.31.46.0-255,66,363,41,153210
13863,2.2e-05,74.125.68.0-255,1484,1847,41,153210
13864,2.7e-05,172.31.46.0-255,66,1913,41,153210
13865,3.1e-05,74.125.68.0-255,1484,3397,41,153210
13866,4.1e-05,172.31.46.0-255,66,3463,41,153210
13867,4.8e-05,74.125.68.0-255,2902,6365,41,153210
13868,5.1e-05,172.31.46.0-255,66,6431,41,153210
13869,5.7e-05,74.125.68.0-255,2902,9333,41,153210
13870,6e-05,172.31.46.0-255,66,9399,41,153210
13871,9.6e-05,74.125.68.0-255,2902,12301,41,153210
13872,9.9e-05,172.31.46.0-255,66,12367,41,153210
13873,0.000103,74.125.68.0-255,1715,14082,41,153210
13874,0.000107,172.31.46.0-255,66,14148,41,153210
13875,0.000177,74.125.68.0-255,1484,15632,41,153210
13876,0.00018,172.31.46.0-255,66,15698,41,153210
13877,0.000208,74.125.68.0-255,2902,18600,41,153210
13878,0.000211,172.31.46.0-255,66,18666,41,153210
13879,0.000218,74.125.68.0-255,5738,24404,41,153210
13880,0.00022,172.31.46.0-255,66,24470,41,153210
13881,0.000223,74.125.68.0-255,1484,25954,41,153210
13882,0.000225,172.31.46.0-255,66,26020,41,153210
13883,0.00026,74.125.68.0-255,5379,31399,41,153210
13884,0.000262,172.31.46.0-255,66,31465,41,153210
13885,0.000273,172.31.46.0-255,66,31531,41,153210
13886,0.000283,74.125.68.0-255,4320,35851,41,153210
13887,0.000285,172.31.46.0-255,66,35917,41,153210
13888,0.000311,74.125.68.0-255,4320,40237,41,153210
13889,0.000313,172.31.46.0-255,66,40303,41,153210
13890,0.00033,172.31.46.0-255,66,40369,41,153210
13891,0.000341,172.31.46.0-255,66,40435,41,153210
13892,0.000371,74.125.68.0-255,401,40836,41,153210
13893,0.000525,74.125.68.0-255,109,40945,41,153210
13894,0.000661,74.125.68.0-255,1484,42429,41,153210
13895,0.000666,172.31.46.0-255,66,42495,41,153210
13896,0.000672,74.125.68.0-255,2902,45397,41,153210
13897,0.000675,172.31.46.0-255,66,45463,41,153210
13898,0.000683,74.125.68.0-255,1484,46947,41,153210
13899,0.000705,74.125.68.0-255,1484,48431,41,153210
13900,0.000708,172.31.46.0-255,66,48497,41,153210
13901,0.000714,74.125.68.0-255,4320,52817,41,153210
13902,0.000716,172.31.46.0-255,66,52883,41,153210
13903,0.000754,172.31.46.0-255,66,52949,41,153210
13904,0.00076,74.125.68.0-255,5738,58687,41,153210
13905,0.000762,172.31.46.0-255,66,58753,41,153210
13906,0.000777,172.31.46.0-255,66,58819,41,153210
13907,0.000779,74.125.68.0-255,1032,59851,41,153210
13908,0.000907,74.125.68.0-255,1484,61335,41,153210
13909,0.000912,172.31.46.0-255,66,61401,41,153210
13910,0.000917,74.125.68.0-255,2902,64303,41,153210
13911,0.000919,172.31.46.0-255,66,64369,41,153210
13912,0.000951,74.125.68.0-255,5738,70107,41,153210
13913,0.000954,172.31.46.0-255,66,70173,41,153210
13914,0.000959,74.125.68.0-255,2902,73075,41,153210
13915,0.000962,172.31.46.0-255,66,73141,41,153210
13916,0.000992,74.125.68.0-255,4320,77461,41,153210
13917,0.000995,172.31.46.0-255,66,77527,41,153210
13918,0.001008,172.31.46.0-255,66,77593,41,153210
13919,0.001037,74.125.68.0-255,1484,79077,41,153210
13920,0.001051,172.31.46.0-255,66,79143,41,153210
13921,0.001082,74.125.68.0-255,1633,80776,41,153210
13922,0.001085,172.31.46.0-255,66,80842,41,153210
13923,0.001091,74.125.68.0-255,4320,85162,41,153210
13924,0.001093,172.31.46.0-255,66,85228,41,153210
13925,0.001139,74.125.68.0-255,5738,90966,41,153210
13926,0.001142,172.31.46.0-255,66,91032,41,153210
13927,0.001182,172.31.46.0-255,66,91098,41,153210
13928,0.001212,74.125.68.0-255,1484,92582,41,153210
13929,0.001218,74.125.68.0-255,2902,95484,41,153210
13930,0.00122,172.31.46.0-255,66,95550,41,153210
13931,0.001253,74.125.68.0-255,5738,101288,41,153210
13932,0.001255,74.125.68.0-255,1484,102772,41,153210
13933,0.00126,172.31.46.0-255,66,102838,41,153210
13934,0.001272,74.125.68.0-255,4320,107158,41,153210
13935,0.001275,172.31.46.0-255,66,107224,41,153210
13936,0.001305,74.125.68.0-255,2902,110126,41,153210
13937,0.001308,172.31.46.0-255,66,110192,41,153210
13938,0.001326,172.31.46.0-255,66,110258,41,153210
13939,0.001332,74.125.68.0-255,5020,115278,41,153210
13940,0.001334,172.31.46.0-255,66,115344,41,153210
13941,0.002366,74.125.68.0-255,1484,116828,41,153210
13942,0.002374,74.125.68.0-255,2902,119730,41,153210
13943,0.00238,172.31.46.0-255,66,119796,41,153210
13944,0.002386,74.125.68.0-255,4320,124116,41,153210
13945,0.002389,172.31.46.0-255,66,124182,41,153210
13946,0.002419,74.125.68.0-255,5738,129920,41,153210
13947,0.002422,172.31.46.0-255,66,129986,41,153210
13948,0.002436,74.125.68.0-255,2902,132888,41,153210
13949,0.002439,172.31.46.0-255,66,132954,41,153210
13950,0.002453,172.31.46.0-255,66,133020,41,153210
13951,0.002462,172.31.46.0-255,66,133086,41,153210
13952,0.002493,74.125.68.0-255,1484,134570,41,153210
13953,0.002501,74.125.68.0-255,766,135336,41,153210
13954,0.002504,172.31.46.0-255,66,135402,41,153210
13955,0.004933,74.125.68.0-255,2902,138304,41,153210
13956,0.004942,172.31.46.0-255,66,138370,41,153210
13957,0.004972,74.125.68.0-255,2902,141272,41,153210
13958,0.004975,172.31.46.0-255,66,141338,41,153210
13959,0.00741,74.125.68.0-255,2902,144240,41,153210
13960,0.007422,172.31.46.0-255,66,144306,41,153210
13961,0.007451,74.125.68.0-255,2902,147208,41,153210
13962,0.007454,172.31.46.0-255,66,147274,41,153210
13963,0.009915,74.125.68.0-255,2902,150176,41,153210
13964,0.009927,172.31.46.0-255,66,150242,41,153210
13965,0.009958,74.125.68.0-255,2902,153144,41,153210
13966,0.009961,172.31.46.0-255,66,153210,41,153210
13967,0.0,74.125.24.0-255,146,146,41,103596
13968,2.5e-05,172.31.46.0-255,66,212,41,103596
13969,3.2e-05,74.125.24.0-255,1484,1696,41,103596
13970,3.7e-05,172.31.46.0-255,66,1762,41,103596
13971,4.3e-05,74.125.24.0-255,2902,4664,41,103596
13972,5.6e-05,172.31.46.0-255,66,4730,41,103596
13973,5.9e-05,74.125.24.0-255,1484,6214,41,103596
13974,6.2e-05,172.31.46.0-255,66,6280,41,103596
13975,7.1e-05,74.125.24.0-255,5738,12018,41,103596
13976,7.3e-05,172.31.46.0-255,66,12084,41,103596
13977,7.7e-05,74.125.24.0-255,1484,13568,41,103596
13978,7.9e-05,172.31.46.0-255,66,13634,41,103596
13979,0.00013,172.31.46.0-255,66,13700,41,103596
13980,0.000136,74.125.24.0-255,5379,19079,41,103596
13981,0.000139,172.31.46.0-255,66,19145,41,103596
13982,0.000203,74.125.24.0-255,1484,20629,41,103596
13983,0.000206,172.31.46.0-255,66,20695,41,103596
13984,0.000236,74.125.24.0-255,2902,23597,41,103596
13985,0.000238,172.31.46.0-255,66,23663,41,103596
13986,0.000245,74.125.24.0-255,5738,29401,41,103596
13987,0.000247,172.31.46.0-255,66,29467,41,103596
13988,0.000255,74.125.24.0-255,1484,30951,41,103596
13989,0.000257,172.31.46.0-255,66,31017,41,103596
13990,0.000294,172.31.46.0-255,66,31083,41,103596
13991,0.000297,74.125.24.0-255,1484,32567,41,103596
13992,0.000299,172.31.46.0-255,66,32633,41,103596
13993,0.000324,74.125.24.0-255,5738,38371,41,103596
13994,0.000331,172.31.46.0-255,66,38437,41,103596
13995,0.000347,74.125.24.0-255,5688,44125,41,103596
13996,0.000354,172.31.46.0-255,66,44191,41,103596
13997,0.000358,74.125.24.0-255,111,44302,41,103596
13998,0.000491,74.125.24.0-255,1484,45786,41,103596
13999,0.000496,172.31.46.0-255,66,45852,41,103596
14000,0.000501,74.125.24.0-255,2902,48754,41,103596
14001,0.000504,172.31.46.0-255,66,48820,41,103596
14002,0.000543,74.125.24.0-255,2902,51722,41,103596
14003,0.000546,172.31.46.0-255,66,51788,41,103596
14004,0.000575,74.125.24.0-255,2902,54690,41,103596
14005,0.000577,172.31.46.0-255,66,54756,41,103596
14006,0.000597,172.31.46.0-255,66,54822,41,103596
14007,0.000609,172.31.46.0-255,66,54888,41,103596
14008,0.001437,74.125.24.0-255,1484,56372,41,103596
14009,0.001444,74.125.24.0-255,2902,59274,41,103596
14010,0.001448,172.31.46.0-255,66,59340,41,103596
14011,0.001452,74.125.24.0-255,1484,60824,41,103596
14012,0.001477,74.125.24.0-255,4320,65144,41,103596
14013,0.00148,172.31.46.0-255,66,65210,41,103596
14014,0.001494,172.31.46.0-255,66,65276,41,103596
14015,0.001526,74.125.24.0-255,4320,69596,41,103596
14016,0.001529,172.31.46.0-255,66,69662,41,103596
14017,0.001558,172.31.46.0-255,66,69728,41,103596
14018,0.00215,74.125.24.0-255,1484,71212,41,103596
14019,0.002162,74.125.24.0-255,2902,74114,41,103596
14020,0.002167,172.31.46.0-255,66,74180,41,103596
14021,0.002175,74.125.24.0-255,5738,79918,41,103596
14022,0.002177,172.31.46.0-255,66,79984,41,103596
14023,0.00219,74.125.24.0-255,5738,85722,41,103596
14024,0.002192,172.31.46.0-255,66,85788,41,103596
14025,0.002233,172.31.46.0-255,66,85854,41,103596
14026,0.002243,172.31.46.0-255,66,85920,41,103596
14027,0.002285,172.31.46.0-255,66,85986,41,103596
14028,0.002297,172.31.46.0-255,66,86052,41,103596
14029,0.002315,172.31.46.0-255,66,86118,41,103596
14030,0.002354,172.31.46.0-255,66,86184,41,103596
14031,0.004639,74.125.24.0-255,5738,91922,41,103596
14032,0.004657,172.31.46.0-255,66,91988,41,103596
14033,0.006929,74.125.24.0-255,5738,97726,41,103596
14034,0.006935,172.31.46.0-255,66,97792,41,103596
14035,0.009199,74.125.24.0-255,5738,103530,41,103596
14036,0.009208,172.31.46.0-255,66,103596,41,103596
14037,0.0,172.31.46.0-255,105,105,41,459
14038,0.000202,172.31.46.0-255,90,195,41,459
14039,0.000211,172.31.46.0-255,66,261,41,459
14040,0.002481,74.125.68.0-255,66,327,41,459
14041,0.002513,74.125.68.0-255,66,393,41,459
14042,0.002548,172.31.46.0-255,66,459,41,459
14043,0.0,74.125.24.0-255,146,146,41,132441
14044,2e-05,172.31.46.0-255,66,212,41,132441
14045,2.6e-05,74.125.24.0-255,1484,1696,41,132441
14046,3e-05,172.31.46.0-255,66,1762,41,132441
14047,3.3e-05,74.125.24.0-255,1484,3246,41,132441
14048,3.4e-05,172.31.46.0-255,66,3312,41,132441
14049,3.9e-05,74.125.24.0-255,2902,6214,41,132441
14050,4.2e-05,172.31.46.0-255,66,6280,41,132441
14051,5.4e-05,74.125.24.0-255,5738,12018,41,132441
14052,5.8e-05,172.31.46.0-255,66,12084,41,132441
14053,7.9e-05,74.125.24.0-255,1975,14059,41,132441
14054,8.5e-05,172.31.46.0-255,66,14125,41,132441
14055,0.000154,74.125.24.0-255,1484,15609,41,132441
14056,0.000157,172.31.46.0-255,66,15675,41,132441
14057,0.000174,74.125.24.0-255,2902,18577,41,132441
14058,0.000176,172.31.46.0-255,66,18643,41,132441
14059,0.000202,74.125.24.0-255,4320,22963,41,132441
14060,0.000204,172.31.46.0-255,66,23029,41,132441
14061,0.000231,74.125.24.0-255,1484,24513,41,132441
14062,0.000233,172.31.46.0-255,66,24579,41,132441
14063,0.000242,172.31.46.0-255,66,24645,41,132441
14064,0.000265,74.125.24.0-255,1484,26129,41,132441
14065,0.000267,172.31.46.0-255,66,26195,41,132441
14066,0.000294,74.125.24.0-255,5738,31933,41,132441
14067,0.000296,172.31.46.0-255,66,31999,41,132441
14068,0.000332,172.31.46.0-255,66,32065,41,132441
14069,0.000334,74.125.24.0-255,1125,33190,41,132441
14070,0.000336,172.31.46.0-255,66,33256,41,132441
14071,0.000399,74.125.24.0-255,1484,34740,41,132441
14072,0.000402,172.31.46.0-255,66,34806,41,132441
14073,0.000406,74.125.24.0-255,2902,37708,41,132441
14074,0.000428,74.125.24.0-255,5738,43446,41,132441
14075,0.000462,74.125.24.0-255,5738,49184,41,132441
14076,0.000473,74.125.24.0-255,1125,50309,41,132441
14077,0.000536,172.31.46.0-255,66,50375,41,132441
14078,0.000779,74.125.24.0-255,359,50734,41,132441
14079,0.000783,74.125.24.0-255,385,51119,41,132441
14080,0.000904,74.125.24.0-255,1484,52603,41,132441
14081,0.000908,172.31.46.0-255,66,52669,41,132441
14082,0.000912,74.125.24.0-255,1484,54153,41,132441
14083,0.000934,74.125.24.0-255,1484,55637,41,132441
14084,0.00094,172.31.46.0-255,66,55703,41,132441
14085,0.000966,74.125.24.0-255,5738,61441,41,132441
14086,0.000973,172.31.46.0-255,66,61507,41,132441
14087,0.000984,74.125.24.0-255,5738,67245,41,132441
14088,0.001005,74.125.24.0-255,5738,72983,41,132441
14089,0.001019,172.31.46.0-255,66,73049,41,132441
14090,0.001415,74.125.24.0-255,1484,74533,41,132441
14091,0.001422,74.125.24.0-255,2902,77435,41,132441
14092,0.001425,172.31.46.0-255,66,77501,41,132441
14093,0.001445,74.125.24.0-255,5738,83239,41,132441
14094,0.001449,74.125.24.0-255,4320,87559,41,132441
14095,0.001478,74.125.24.0-255,4320,91879,41,132441
14096,0.001845,74.125.24.0-255,1484,93363,41,132441
14097,0.001852,74.125.24.0-255,2902,96265,41,132441
14098,0.001873,74.125.24.0-255,5738,102003,41,132441
14099,0.001886,74.125.24.0-255,2902,104905,41,132441
14100,0.001928,74.125.24.0-255,2902,107807,41,132441
14101,0.00196,74.125.24.0-255,5738,113545,41,132441
14102,0.002005,74.125.24.0-255,5738,119283,41,132441
14103,0.002017,74.125.24.0-255,1484,120767,41,132441
14104,0.002035,74.125.24.0-255,2902,123669,41,132441
14105,0.002051,74.125.24.0-255,2902,126571,41,132441
14106,0.007089,172.31.46.0-255,66,126637,41,132441
14107,0.009123,74.125.24.0-255,5738,132375,41,132441
14108,0.009131,172.31.46.0-255,66,132441,41,132441
14109,0.0,74.125.24.0-255,145,145,41,149160
14110,1.8e-05,172.31.46.0-255,66,211,41,149160
14111,2.6e-05,74.125.24.0-255,1484,1695,41,149160
14112,3.1e-05,172.31.46.0-255,66,1761,41,149160
14113,3.7e-05,74.125.24.0-255,2902,4663,41,149160
14114,4.1e-05,172.31.46.0-255,66,4729,41,149160
14115,4.8e-05,74.125.24.0-255,5738,10467,41,149160
14116,5.2e-05,172.31.46.0-255,66,10533,41,149160
14117,7.4e-05,74.125.24.0-255,3491,14024,41,149160
14118,7.7e-05,172.31.46.0-255,66,14090,41,149160
14119,0.00012,74.125.24.0-255,1484,15574,41,149160
14120,0.000123,172.31.46.0-255,66,15640,41,149160
14121,0.000149,74.125.24.0-255,1484,17124,41,149160
14122,0.000152,172.31.46.0-255,66,17190,41,149160
14123,0.000163,74.125.24.0-255,1484,18674,41,149160
14124,0.000165,172.31.46.0-255,66,18740,41,149160
14125,0.000182,74.125.24.0-255,1484,20224,41,149160
14126,0.000185,172.31.46.0-255,66,20290,41,149160
14127,0.000213,74.125.24.0-255,2902,23192,41,149160
14128,0.000216,172.31.46.0-255,66,23258,41,149160
14129,0.000222,74.125.24.0-255,5738,28996,41,149160
14130,0.000224,172.31.46.0-255,66,29062,41,149160
14131,0.000229,74.125.24.0-255,2543,31605,41,149160
14132,0.000231,172.31.46.0-255,66,31671,41,149160
14133,0.000873,74.125.24.0-255,1484,33155,41,149160
14134,0.000879,172.31.46.0-255,66,33221,41,149160
14135,0.000889,74.125.24.0-255,2902,36123,41,149160
14136,0.000892,172.31.46.0-255,66,36189,41,149160
14137,0.000898,74.125.24.0-255,2902,39091,41,149160
14138,0.0009,172.31.46.0-255,66,39157,41,149160
14139,0.000924,74.125.24.0-255,2902,42059,41,149160
14140,0.000926,172.31.46.0-255,66,42125,41,149160
14141,0.000959,74.125.24.0-255,4320,46445,41,149160
14142,0.000961,172.31.46.0-255,66,46511,41,149160
14143,0.000982,74.125.24.0-255,2543,49054,41,149160
14144,0.000984,172.31.46.0-255,66,49120,41,149160
14145,0.000993,172.31.46.0-255,66,49186,41,149160
14146,0.001005,172.31.46.0-255,66,49252,41,149160
14147,0.001054,74.125.24.0-255,1436,50688,41,149160
14148,0.001087,74.125.24.0-255,108,50796,41,149160
14149,0.001308,172.31.46.0-255,66,50862,41,149160
14150,0.001653,74.125.24.0-255,1484,52346,41,149160
14151,0.001665,74.125.24.0-255,2902,55248,41,149160
14152,0.00167,172.31.46.0-255,66,55314,41,149160
14153,0.001677,74.125.24.0-255,2902,58216,41,149160
14154,0.001679,172.31.46.0-255,66,58282,41,149160
14155,0.001695,74.125.24.0-255,2902,61184,41,149160
14156,0.001698,172.31.46.0-255,66,61250,41,149160
14157,0.001703,74.125.24.0-255,4320,65570,41,149160
14158,0.001705,172.31.46.0-255,66,65636,41,149160
14159,0.00175,172.31.46.0-255,66,65702,41,149160
14160,0.001771,74.125.24.0-255,1484,67186,41,149160
14161,0.001782,172.31.46.0-255,66,67252,41,149160
14162,0.001796,74.125.24.0-255,1484,68736,41,149160
14163,0.00181,74.125.24.0-255,2902,71638,41,149160
14164,0.001813,74.125.24.0-255,1484,73122,41,149160
14165,0.001817,172.31.46.0-255,66,73188,41,149160
14166,0.001836,74.125.24.0-255,4320,77508,41,149160
14167,0.001839,172.31.46.0-255,66,77574,41,149160
14168,0.001845,74.125.24.0-255,4320,81894,41,149160
14169,0.001847,172.31.46.0-255,66,81960,41,149160
14170,0.001878,172.31.46.0-255,66,82026,41,149160
14171,0.001884,74.125.24.0-255,5738,87764,41,149160
14172,0.001886,172.31.46.0-255,66,87830,41,149160
14173,0.001915,74.125.24.0-255,5286,93116,41,149160
14174,0.001919,172.31.46.0-255,66,93182,41,149160
14175,0.001971,74.125.24.0-255,1484,94666,41,149160
14176,0.001977,74.125.24.0-255,2902,97568,41,149160
14177,0.00198,172.31.46.0-255,66,97634,41,149160
14178,0.001983,74.125.24.0-255,1484,99118,41,149160
14179,0.002005,74.125.24.0-255,4320,103438,41,149160
14180,0.002008,172.31.46.0-255,66,103504,41,149160
14181,0.002023,74.125.24.0-255,2902,106406,41,149160
14182,0.002026,172.31.46.0-255,66,106472,41,149160
14183,0.002063,172.31.46.0-255,66,106538,41,149160
14184,0.002073,172.31.46.0-255,66,106604,41,149160
14185,0.002105,74.125.24.0-255,2184,108788,41,149160
14186,0.002108,172.31.46.0-255,66,108854,41,149160
14187,0.00223,74.125.24.0-255,1484,110338,41,149160
14188,0.002244,74.125.24.0-255,2902,113240,41,149160
14189,0.002247,172.31.46.0-255,66,113306,41,149160
14190,0.00225,74.125.24.0-255,1484,114790,41,149160
14191,0.002269,74.125.24.0-255,4320,119110,41,149160
14192,0.002274,74.125.24.0-255,5738,124848,41,149160
14193,0.002278,172.31.46.0-255,66,124914,41,149160
14194,0.002285,172.31.46.0-255,66,124980,41,149160
14195,0.00229,74.125.24.0-255,2902,127882,41,149160
14196,0.002293,172.31.46.0-255,66,127948,41,149160
14197,0.002323,172.31.46.0-255,66,128014,41,149160
14198,0.002329,74.125.24.0-255,5020,133034,41,149160
14199,0.00233,172.31.46.0-255,66,133100,41,149160
14200,0.004694,74.125.24.0-255,5738,138838,41,149160
14201,0.0047,172.31.46.0-255,66,138904,41,149160
14202,0.007007,74.125.24.0-255,4320,143224,41,149160
14203,0.007013,172.31.46.0-255,66,143290,41,149160
14204,0.007034,74.125.24.0-255,1484,144774,41,149160
14205,0.009341,74.125.24.0-255,4320,149094,41,149160
14206,0.009348,172.31.46.0-255,66,149160,41,149160
14207,0.0,172.217.194.0-255,146,146,41,188886
14208,2.7e-05,172.31.46.0-255,66,212,41,188886
14209,3.4e-05,172.217.194.0-255,1484,1696,41,188886
14210,3.9e-05,172.31.46.0-255,66,1762,41,188886
14211,4.5e-05,172.217.194.0-255,2902,4664,41,188886
14212,4.9e-05,172.31.46.0-255,66,4730,41,188886
14213,5.6e-05,172.217.194.0-255,4320,9050,41,188886
14214,5.9e-05,172.31.46.0-255,66,9116,41,188886
14215,9.2e-05,172.31.46.0-255,66,9182,41,188886
14216,0.000117,172.217.194.0-255,2076,11258,41,188886
14217,0.000119,172.31.46.0-255,66,11324,41,188886
14218,0.000123,172.217.194.0-255,2902,14226,41,188886
14219,0.000125,172.31.46.0-255,66,14292,41,188886
14220,0.000157,172.217.194.0-255,4320,18612,41,188886
14221,0.00016,172.31.46.0-255,66,18678,41,188886
14222,0.000179,172.217.194.0-255,5379,24057,41,188886
14223,0.000182,172.31.46.0-255,66,24123,41,188886
14224,0.000199,172.217.194.0-255,1484,25607,41,188886
14225,0.000201,172.31.46.0-255,66,25673,41,188886
14226,0.000215,172.217.194.0-255,2902,28575,41,188886
14227,0.000218,172.31.46.0-255,66,28641,41,188886
14228,0.000244,172.217.194.0-255,5738,34379,41,188886
14229,0.000247,172.31.46.0-255,66,34445,41,188886
14230,0.000254,172.217.194.0-255,5738,40183,41,188886
14231,0.000256,172.31.46.0-255,66,40249,41,188886
14232,0.000301,172.31.46.0-255,66,40315,41,188886
14233,0.000325,172.217.194.0-255,5379,45694,41,188886
14234,0.000327,172.31.46.0-255,66,45760,41,188886
14235,0.000333,172.217.194.0-255,4250,50010,41,188886
14236,0.000335,172.31.46.0-255,66,50076,41,188886
14237,0.000338,172.217.194.0-255,366,50442,41,188886
14238,0.000454,172.217.194.0-255,1484,51926,41,188886
14239,0.00046,172.217.194.0-255,2902,54828,41,188886
14240,0.000479,172.217.194.0-255,5738,60566,41,188886
14241,0.000537,172.217.194.0-255,5738,66304,41,188886
14242,0.000595,172.217.194.0-255,2184,68488,41,188886
14243,0.000637,172.31.46.0-255,66,68554,41,188886
14244,0.000916,172.217.194.0-255,1484,70038,41,188886
14245,0.000942,172.217.194.0-255,2902,72940,41,188886
14246,0.000968,172.217.194.0-255,5738,78678,41,188886
14247,0.000975,172.217.194.0-255,5738,84416,41,188886
14248,0.000997,172.217.194.0-255,5738,90154,41,188886
14249,0.001001,172.31.46.0-255,66,90220,41,188886
14250,0.00101,172.31.46.0-255,66,90286,41,188886
14251,0.001035,172.217.194.0-255,5020,95306,41,188886
14252,0.001054,172.31.46.0-255,66,95372,41,188886
14253,0.001104,172.217.194.0-255,1484,96856,41,188886
14254,0.001124,172.217.194.0-255,2902,99758,41,188886
14255,0.001131,172.217.194.0-255,5738,105496,41,188886
14256,0.001136,172.31.46.0-255,66,105562,41,188886
14257,0.001146,172.217.194.0-255,2902,108464,41,188886
14258,0.001151,172.31.46.0-255,66,108530,41,188886
14259,0.001177,172.217.194.0-255,5738,114268,41,188886
14260,0.001192,172.217.194.0-255,5020,119288,41,188886
14261,0.001202,172.31.46.0-255,66,119354,41,188886
14262,0.001338,172.217.194.0-255,1484,120838,41,188886
14263,0.001356,172.217.194.0-255,2902,123740,41,188886
14264,0.001369,172.217.194.0-255,1484,125224,41,188886
14265,0.001371,172.31.46.0-255,66,125290,41,188886
14266,0.00138,172.217.194.0-255,2902,128192,41,188886
14267,0.001393,172.31.46.0-255,66,128258,41,188886
14268,0.001417,172.217.194.0-255,5738,133996,41,188886
14269,0.00142,172.217.194.0-255,1484,135480,41,188886
14270,0.001462,172.31.46.0-255,66,135546,41,188886
14271,0.001491,172.31.46.0-255,66,135612,41,188886
14272,0.001502,172.217.194.0-255,3602,139214,41,188886
14273,0.001506,172.31.46.0-255,66,139280,41,188886
14274,0.001606,172.217.194.0-255,1484,140764,41,188886
14275,0.001633,172.217.194.0-255,2902,143666,41,188886
14276,0.001638,172.217.194.0-255,2902,146568,41,188886
14277,0.001648,172.217.194.0-255,1484,148052,41,188886
14278,0.001663,172.31.46.0-255,66,148118,41,188886
14279,0.001677,172.31.46.0-255,66,148184,41,188886
14280,0.001715,172.31.46.0-255,66,148250,41,188886
14281,0.001723,172.217.194.0-255,1484,149734,41,188886
14282,0.001725,172.217.194.0-255,766,150500,41,188886
14283,0.00173,172.31.46.0-255,66,150566,41,188886
14284,0.001884,172.217.194.0-255,1484,152050,41,188886
14285,0.001906,172.217.194.0-255,2902,154952,41,188886
14286,0.00191,172.31.46.0-255,66,155018,41,188886
14287,0.001915,172.217.194.0-255,2902,157920,41,188886
14288,0.00194,172.217.194.0-255,2902,160822,41,188886
14289,0.001946,172.217.194.0-255,4320,165142,41,188886
14290,0.001955,172.217.194.0-255,2902,168044,41,188886
14291,0.001963,172.31.46.0-255,66,168110,41,188886
14292,0.002011,172.31.46.0-255,66,168176,41,188886
14293,0.002098,172.217.194.0-255,1484,169660,41,188886
14294,0.002118,172.217.194.0-255,2902,172562,41,188886
14295,0.002121,172.31.46.0-255,66,172628,41,188886
14296,0.002127,172.217.194.0-255,2902,175530,41,188886
14297,0.002135,172.31.46.0-255,66,175596,41,188886
14298,0.002144,172.217.194.0-255,2902,178498,41,188886
14299,0.002148,172.217.194.0-255,2902,181400,41,188886
14300,0.002239,172.31.46.0-255,66,181466,41,188886
14301,0.00228,172.217.194.0-255,1484,182950,41,188886
14302,0.002284,172.217.194.0-255,1484,184434,41,188886
14303,0.002301,172.217.194.0-255,1484,185918,41,188886
14304,0.002304,172.217.194.0-255,1484,187402,41,188886
14305,0.002346,172.217.194.0-255,1484,188886,41,188886
14306,0.0,172.217.27.0-255,156,156,41,166722
14307,2.3e-05,172.31.46.0-255,66,222,41,166722
14308,3e-05,172.217.27.0-255,1484,1706,41,166722
14309,3.4e-05,172.31.46.0-255,66,1772,41,166722
14310,4e-05,172.217.27.0-255,2902,4674,41,166722
14311,4.3e-05,172.31.46.0-255,66,4740,41,166722
14312,5.9e-05,172.217.27.0-255,2902,7642,41,166722
14313,6.2e-05,172.31.46.0-255,66,7708,41,166722
14314,9.2e-05,172.217.27.0-255,1484,9192,41,166722
14315,9.5e-05,172.31.46.0-255,66,9258,41,166722
14316,0.000102,172.217.27.0-255,4930,14188,41,166722
14317,0.000105,172.31.46.0-255,66,14254,41,166722
14318,0.000111,172.217.27.0-255,5738,19992,41,166722
14319,0.000113,172.31.46.0-255,66,20058,41,166722
14320,0.000123,172.31.46.0-255,66,20124,41,166722
14321,0.000128,172.217.27.0-255,3961,24085,41,166722
14322,0.000131,172.31.46.0-255,66,24151,41,166722
14323,0.000171,172.217.27.0-255,1484,25635,41,166722
14324,0.000174,172.31.46.0-255,66,25701,41,166722
14325,0.000177,172.217.27.0-255,1484,27185,41,166722
14326,0.000192,172.31.46.0-255,66,27251,41,166722
14327,0.000207,172.217.27.0-255,1484,28735,41,166722
14328,0.00021,172.31.46.0-255,66,28801,41,166722
14329,0.000216,172.217.27.0-255,5738,34539,41,166722
14330,0.000219,172.31.46.0-255,66,34605,41,166722
14331,0.000252,172.31.46.0-255,66,34671,41,166722
14332,0.000255,172.217.27.0-255,1484,36155,41,166722
14333,0.000257,172.31.46.0-255,66,36221,41,166722
14334,0.000273,172.217.27.0-255,4320,40541,41,166722
14335,0.000275,172.31.46.0-255,66,40607,41,166722
14336,0.000304,172.217.27.0-255,393,41000,41,166722
14337,0.000473,172.31.46.0-255,66,41066,41,166722
14338,0.000598,172.217.27.0-255,114,41180,41,166722
14339,0.000811,172.217.27.0-255,1484,42664,41,166722
14340,0.000815,172.217.27.0-255,1484,44148,41,166722
14341,0.000818,172.217.27.0-255,1484,45632,41,166722
14342,0.000836,172.31.46.0-255,66,45698,41,166722
14343,0.00084,172.217.27.0-255,1484,47182,41,166722
14344,0.000846,172.217.27.0-255,5738,52920,41,166722
14345,0.000852,172.31.46.0-255,66,52986,41,166722
14346,0.000887,172.217.27.0-255,5738,58724,41,166722
14347,0.000913,172.31.46.0-255,66,58790,41,166722
14348,0.000995,172.217.27.0-255,1484,60274,41,166722
14349,0.001001,172.217.27.0-255,2902,63176,41,166722
14350,0.001004,172.31.46.0-255,66,63242,41,166722
14351,0.001029,172.217.27.0-255,5738,68980,41,166722
14352,0.001037,172.217.27.0-255,5738,74718,41,166722
14353,0.001039,172.217.27.0-255,1484,76202,41,166722
14354,0.001067,172.217.27.0-255,1484,77686,41,166722
14355,0.001073,172.31.46.0-255,66,77752,41,166722
14356,0.001093,172.217.27.0-255,3602,81354,41,166722
14357,0.001105,172.31.46.0-255,66,81420,41,166722
14358,0.00112,172.217.27.0-255,5738,87158,41,166722
14359,0.001124,172.217.27.0-255,2902,90060,41,166722
14360,0.001142,172.217.27.0-255,2902,92962,41,166722
14361,0.00115,172.31.46.0-255,66,93028,41,166722
14362,0.001171,172.217.27.0-255,4320,97348,41,166722
14363,0.001178,172.31.46.0-255,66,97414,41,166722
14364,0.001187,172.217.27.0-255,2902,100316,41,166722
14365,0.001193,172.217.27.0-255,2902,103218,41,166722
14366,0.001216,172.217.27.0-255,5738,108956,41,166722
14367,0.001221,172.217.27.0-255,4320,113276,41,166722
14368,0.001224,172.31.46.0-255,66,113342,41,166722
14369,0.001235,172.217.27.0-255,2184,115526,41,166722
14370,0.001238,172.31.46.0-255,66,115592,41,166722
14371,0.001266,172.31.46.0-255,66,115658,41,166722
14372,0.00128,172.217.27.0-255,1484,117142,41,166722
14373,0.001286,172.217.27.0-255,2902,120044,41,166722
14374,0.001295,172.31.46.0-255,66,120110,41,166722
14375,0.00131,172.217.27.0-255,5738,125848,41,166722
14376,0.001315,172.217.27.0-255,2902,128750,41,166722
14377,0.001398,172.217.27.0-255,3602,132352,41,166722
14378,0.001401,172.31.46.0-255,66,132418,41,166722
14379,0.001406,172.31.46.0-255,66,132484,41,166722
14380,0.001575,172.217.27.0-255,1484,133968,41,166722
14381,0.001582,172.217.27.0-255,2902,136870,41,166722
14382,0.001588,172.31.46.0-255,66,136936,41,166722
14383,0.001601,172.217.27.0-255,5738,142674,41,166722
14384,0.001625,172.217.27.0-255,4320,146994,41,166722
14385,0.001632,172.31.46.0-255,66,147060,41,166722
14386,0.00167,172.217.27.0-255,2184,149244,41,166722
14387,0.001691,172.31.46.0-255,66,149310,41,166722
14388,0.003361,172.217.27.0-255,5738,155048,41,166722
14389,0.003368,172.31.46.0-255,66,155114,41,166722
14390,0.005032,172.217.27.0-255,5738,160852,41,166722
14391,0.007297,172.31.46.0-255,66,160918,41,166722
14392,0.008958,172.217.27.0-255,5738,166656,41,166722
14393,0.008964,172.31.46.0-255,66,166722,41,166722
14394,0.0,172.217.194.0-255,298,298,41,92108
14395,2.3e-05,172.31.46.0-255,66,364,41,92108
14396,3e-05,172.217.194.0-255,1484,1848,41,92108
14397,3.4e-05,172.31.46.0-255,66,1914,41,92108
14398,4.9e-05,172.217.194.0-255,4320,6234,41,92108
14399,5.3e-05,172.31.46.0-255,66,6300,41,92108
14400,6.4e-05,172.31.46.0-255,66,6366,41,92108
14401,7.5e-05,172.31.46.0-255,66,6432,41,92108
14402,0.000124,172.31.46.0-255,66,6498,41,92108
14403,0.000127,172.217.194.0-255,1125,7623,41,92108
14404,0.00013,172.31.46.0-255,66,7689,41,92108
14405,0.00018,172.217.194.0-255,1484,9173,41,92108
14406,0.000183,172.31.46.0-255,66,9239,41,92108
14407,0.000188,172.217.194.0-255,2902,12141,41,92108
14408,0.00019,172.31.46.0-255,66,12207,41,92108
14409,0.000222,172.217.194.0-255,5738,17945,41,92108
14410,0.000225,172.31.46.0-255,66,18011,41,92108
14411,0.000243,172.31.46.0-255,66,18077,41,92108
14412,0.000295,172.31.46.0-255,66,18143,41,92108
14413,0.000383,172.217.194.0-255,1484,19627,41,92108
14414,0.000387,172.31.46.0-255,66,19693,41,92108
14415,0.000392,172.217.194.0-255,2902,22595,41,92108
14416,0.000395,172.31.46.0-255,66,22661,41,92108
14417,0.000399,172.217.194.0-255,2902,25563,41,92108
14418,0.000407,172.31.46.0-255,66,25629,41,92108
14419,0.00044,172.217.194.0-255,2902,28531,41,92108
14420,0.000443,172.31.46.0-255,66,28597,41,92108
14421,0.000461,172.31.46.0-255,66,28663,41,92108
14422,0.000472,172.31.46.0-255,66,28729,41,92108
14423,0.000476,172.217.194.0-255,2184,30913,41,92108
14424,0.000478,172.31.46.0-255,66,30979,41,92108
14425,0.000579,172.217.194.0-255,1484,32463,41,92108
14426,0.000586,172.217.194.0-255,2902,35365,41,92108
14427,0.00059,172.31.46.0-255,66,35431,41,92108
14428,0.000596,172.217.194.0-255,5738,41169,41,92108
14429,0.000598,172.31.46.0-255,66,41235,41,92108
14430,0.000629,172.31.46.0-255,66,41301,41,92108
14431,0.000642,172.217.194.0-255,2902,44203,41,92108
14432,0.000649,172.31.46.0-255,66,44269,41,92108
14433,0.000659,172.31.46.0-255,66,44335,41,92108
14434,0.000688,172.217.194.0-255,2902,47237,41,92108
14435,0.00069,172.31.46.0-255,66,47303,41,92108
14436,0.000718,172.217.194.0-255,766,48069,41,92108
14437,0.000724,172.217.194.0-255,4320,52389,41,92108
14438,0.000726,172.31.46.0-255,66,52455,41,92108
14439,0.000738,172.31.46.0-255,66,52521,41,92108
14440,0.000756,172.31.46.0-255,66,52587,41,92108
14441,0.000831,172.31.46.0-255,66,52653,41,92108
14442,0.000842,172.31.46.0-255,66,52719,41,92108
14443,0.000864,172.31.46.0-255,66,52785,41,92108
14444,0.000873,172.31.46.0-255,66,52851,41,92108
14445,0.000917,172.31.46.0-255,66,52917,41,92108
14446,0.000929,172.31.46.0-255,66,52983,41,92108
14447,0.00097,172.31.46.0-255,66,53049,41,92108
14448,0.000997,172.217.194.0-255,3602,56651,41,92108
14449,0.001,172.31.46.0-255,66,56717,41,92108
14450,0.001003,172.217.194.0-255,1484,58201,41,92108
14451,0.001006,172.217.194.0-255,1484,59685,41,92108
14452,0.001008,172.31.46.0-255,66,59751,41,92108
14453,0.001033,172.217.194.0-255,1484,61235,41,92108
14454,0.00104,172.217.194.0-255,5738,66973,41,92108
14455,0.001046,172.217.194.0-255,5738,72711,41,92108
14456,0.00105,172.31.46.0-255,66,72777,41,92108
14457,0.001107,172.31.46.0-255,66,72843,41,92108
14458,0.001307,172.217.194.0-255,1484,74327,41,92108
14459,0.001324,172.217.194.0-255,2902,77229,41,92108
14460,0.001327,172.31.46.0-255,66,77295,41,92108
14461,0.001331,172.217.194.0-255,1484,78779,41,92108
14462,0.001362,172.217.194.0-255,4320,83099,41,92108
14463,0.001369,172.217.194.0-255,5738,88837,41,92108
14464,0.001382,172.31.46.0-255,66,88903,41,92108
14465,0.001493,172.31.46.0-255,66,88969,41,92108
14466,0.001571,172.217.194.0-255,2902,91871,41,92108
14467,0.001579,172.31.46.0-255,66,91937,41,92108
14468,0.00161,172.217.194.0-255,105,92042,41,92108
14469,0.001624,172.31.46.0-255,66,92108,41,92108
14470,0.0,74.125.24.0-255,290,290,41,127734
14471,2.4e-05,172.31.46.0-255,66,356,41,127734
14472,3.1e-05,74.125.24.0-255,1484,1840,41,127734
14473,3.6e-05,172.31.46.0-255,66,1906,41,127734
14474,3.9e-05,74.125.24.0-255,1484,3390,41,127734
14475,5.2e-05,172.31.46.0-255,66,3456,41,127734
14476,5.9e-05,74.125.24.0-255,4320,7776,41,127734
14477,6.3e-05,172.31.46.0-255,66,7842,41,127734
14478,9.1e-05,74.125.24.0-255,6133,13975,41,127734
14479,9.4e-05,172.31.46.0-255,66,14041,41,127734
14480,0.000121,74.125.24.0-255,5738,19779,41,127734
14481,0.000124,172.31.46.0-255,66,19845,41,127734
14482,0.000148,74.125.24.0-255,1484,21329,41,127734
14483,0.00015,172.31.46.0-255,66,21395,41,127734
14484,0.000162,172.31.46.0-255,66,21461,41,127734
14485,0.000168,74.125.24.0-255,1125,22586,41,127734
14486,0.000171,172.31.46.0-255,66,22652,41,127734
14487,0.001204,74.125.24.0-255,1484,24136,41,127734
14488,0.001213,172.31.46.0-255,66,24202,41,127734
14489,0.001221,74.125.24.0-255,2902,27104,41,127734
14490,0.001224,172.31.46.0-255,66,27170,41,127734
14491,0.001236,74.125.24.0-255,5738,32908,41,127734
14492,0.001239,172.31.46.0-255,66,32974,41,127734
14493,0.001243,74.125.24.0-255,2902,35876,41,127734
14494,0.001245,172.31.46.0-255,66,35942,41,127734
14495,0.00129,172.31.46.0-255,66,36008,41,127734
14496,0.001302,172.31.46.0-255,66,36074,41,127734
14497,0.001329,74.125.24.0-255,766,36840,41,127734
14498,0.001332,172.31.46.0-255,66,36906,41,127734
14499,0.001422,74.125.24.0-255,396,37302,41,127734
14500,0.001463,74.125.24.0-255,1484,38786,41,127734
14501,0.001468,172.31.46.0-255,66,38852,41,127734
14502,0.001476,74.125.24.0-255,4320,43172,41,127734
14503,0.001479,172.31.46.0-255,66,43238,41,127734
14504,0.001505,74.125.24.0-255,1484,44722,41,127734
14505,0.001511,74.125.24.0-255,2902,47624,41,127734
14506,0.001513,172.31.46.0-255,66,47690,41,127734
14507,0.00152,74.125.24.0-255,5738,53428,41,127734
14508,0.001522,172.31.46.0-255,66,53494,41,127734
14509,0.001547,74.125.24.0-255,5738,59232,41,127734
14510,0.00155,172.31.46.0-255,66,59298,41,127734
14511,0.00158,74.125.24.0-255,2902,62200,41,127734
14512,0.001582,172.31.46.0-255,66,62266,41,127734
14513,0.001599,172.31.46.0-255,66,62332,41,127734
14514,0.001924,74.125.24.0-255,1484,63816,41,127734
14515,0.001931,74.125.24.0-255,2902,66718,41,127734
14516,0.001936,172.31.46.0-255,66,66784,41,127734
14517,0.00194,74.125.24.0-255,1484,68268,41,127734
14518,0.001965,74.125.24.0-255,1484,69752,41,127734
14519,0.001968,172.31.46.0-255,66,69818,41,127734
14520,0.001974,74.125.24.0-255,2902,72720,41,127734
14521,0.001978,172.31.46.0-255,66,72786,41,127734
14522,0.002006,74.125.24.0-255,4320,77106,41,127734
14523,0.002008,172.31.46.0-255,66,77172,41,127734
14524,0.002014,74.125.24.0-255,5738,82910,41,127734
14525,0.002017,172.31.46.0-255,66,82976,41,127734
14526,0.002031,172.31.46.0-255,66,83042,41,127734
14527,0.002062,172.31.46.0-255,66,83108,41,127734
14528,0.0021,74.125.24.0-255,2902,86010,41,127734
14529,0.002102,172.31.46.0-255,66,86076,41,127734
14530,0.002125,74.125.24.0-255,4320,90396,41,127734
14531,0.002127,172.31.46.0-255,66,90462,41,127734
14532,0.002148,74.125.24.0-255,1484,91946,41,127734
14533,0.002167,74.125.24.0-255,2902,94848,41,127734
14534,0.00217,172.31.46.0-255,66,94914,41,127734
14535,0.002176,74.125.24.0-255,5738,100652,41,127734
14536,0.002179,172.31.46.0-255,66,100718,41,127734
14537,0.002209,172.31.46.0-255,66,100784,41,127734
14538,0.002233,74.125.24.0-255,1484,102268,41,127734
14539,0.002249,74.125.24.0-255,2902,105170,41,127734
14540,0.002252,172.31.46.0-255,66,105236,41,127734
14541,0.00227,74.125.24.0-255,5020,110256,41,127734
14542,0.002272,172.31.46.0-255,66,110322,41,127734
14543,0.004549,74.125.24.0-255,5738,116060,41,127734
14544,0.004557,172.31.46.0-255,66,116126,41,127734
14545,0.006845,74.125.24.0-255,5738,121864,41,127734
14546,0.006852,172.31.46.0-255,66,121930,41,127734
14547,0.009116,74.125.24.0-255,5738,127668,41,127734
14548,0.009126,172.31.46.0-255,66,127734,41,127734
14549,0.0,74.125.68.0-255,156,156,41,122034
14550,1.2e-05,172.31.46.0-255,66,222,41,122034
14551,4.5e-05,74.125.68.0-255,1484,1706,41,122034
14552,5e-05,172.31.46.0-255,66,1772,41,122034
14553,5.5e-05,74.125.68.0-255,2902,4674,41,122034
14554,5.7e-05,172.31.46.0-255,66,4740,41,122034
14555,6e-05,74.125.68.0-255,1484,6224,41,122034
14556,6.2e-05,172.31.46.0-255,66,6290,41,122034
14557,0.0001,74.125.68.0-255,2902,9192,41,122034
14558,0.000102,172.31.46.0-255,66,9258,41,122034
14559,0.000132,74.125.68.0-255,4821,14079,41,122034
14560,0.000134,172.31.46.0-255,66,14145,41,122034
14561,0.00021,74.125.68.0-255,1484,15629,41,122034
14562,0.000213,172.31.46.0-255,66,15695,41,122034
14563,0.000231,74.125.68.0-255,2902,18597,41,122034
14564,0.000233,172.31.46.0-255,66,18663,41,122034
14565,0.000264,74.125.68.0-255,5738,24401,41,122034
14566,0.000266,172.31.46.0-255,66,24467,41,122034
14567,0.000298,172.31.46.0-255,66,24533,41,122034
14568,0.000318,74.125.68.0-255,2902,27435,41,122034
14569,0.00032,172.31.46.0-255,66,27501,41,122034
14570,0.000347,74.125.68.0-255,4320,31821,41,122034
14571,0.000349,172.31.46.0-255,66,31887,41,122034
14572,0.000352,74.125.68.0-255,1484,33371,41,122034
14573,0.000354,172.31.46.0-255,66,33437,41,122034
14574,0.000386,172.31.46.0-255,66,33503,41,122034
14575,0.000401,74.125.68.0-255,1125,34628,41,122034
14576,0.000403,172.31.46.0-255,66,34694,41,122034
14577,0.001197,74.125.68.0-255,1484,36178,41,122034
14578,0.001203,172.31.46.0-255,66,36244,41,122034
14579,0.00121,74.125.68.0-255,1484,37728,41,122034
14580,0.001228,74.125.68.0-255,1484,39212,41,122034
14581,0.00123,172.31.46.0-255,66,39278,41,122034
14582,0.001245,74.125.68.0-255,1484,40762,41,122034
14583,0.001248,74.125.68.0-255,1484,42246,41,122034
14584,0.00125,172.31.46.0-255,66,42312,41,122034
14585,0.001277,74.125.68.0-255,4320,46632,41,122034
14586,0.001279,172.31.46.0-255,66,46698,41,122034
14587,0.001282,74.125.68.0-255,1484,48182,41,122034
14588,0.001286,74.125.68.0-255,2902,51084,41,122034
14589,0.001287,172.31.46.0-255,66,51150,41,122034
14590,0.001311,74.125.68.0-255,1125,52275,41,122034
14591,0.001702,74.125.68.0-255,1484,53759,41,122034
14592,0.001707,172.31.46.0-255,66,53825,41,122034
14593,0.00173,74.125.68.0-255,2902,56727,41,122034
14594,0.001732,172.31.46.0-255,66,56793,41,122034
14595,0.001753,74.125.68.0-255,1484,58277,41,122034
14596,0.001767,74.125.68.0-255,2902,61179,41,122034
14597,0.001769,172.31.46.0-255,66,61245,41,122034
14598,0.001774,74.125.68.0-255,4320,65565,41,122034
14599,0.001776,172.31.46.0-255,66,65631,41,122034
14600,0.001818,74.125.68.0-255,1484,67115,41,122034
14601,0.001836,74.125.68.0-255,3961,71076,41,122034
14602,0.001838,172.31.46.0-255,66,71142,41,122034
14603,0.001862,74.125.68.0-255,1484,72626,41,122034
14604,0.001878,74.125.68.0-255,4320,76946,41,122034
14605,0.00188,172.31.46.0-255,66,77012,41,122034
14606,0.001884,74.125.68.0-255,2902,79914,41,122034
14607,0.001885,172.31.46.0-255,66,79980,41,122034
14608,0.001909,74.125.68.0-255,4320,84300,41,122034
14609,0.001911,172.31.46.0-255,66,84366,41,122034
14610,0.001935,74.125.68.0-255,2902,87268,41,122034
14611,0.001937,172.31.46.0-255,66,87334,41,122034
14612,0.001962,74.125.68.0-255,4320,91654,41,122034
14613,0.001965,172.31.46.0-255,66,91720,41,122034
14614,0.001981,74.125.68.0-255,1484,93204,41,122034
14615,0.001998,74.125.68.0-255,4320,97524,41,122034
14616,0.002001,172.31.46.0-255,66,97590,41,122034
14617,0.002022,74.125.68.0-255,4320,101910,41,122034
14618,0.002024,172.31.46.0-255,66,101976,41,122034
14619,0.00205,74.125.68.0-255,2184,104160,41,122034
14620,0.002052,172.31.46.0-255,66,104226,41,122034
14621,0.004021,74.125.68.0-255,2902,107128,41,122034
14622,0.004027,172.31.46.0-255,66,107194,41,122034
14623,0.004056,74.125.68.0-255,2902,110096,41,122034
14624,0.004058,172.31.46.0-255,66,110162,41,122034
14625,0.006028,74.125.68.0-255,2902,113064,41,122034
14626,0.006031,172.31.46.0-255,66,113130,41,122034
14627,0.00606,74.125.68.0-255,2902,116032,41,122034
14628,0.006061,172.31.46.0-255,66,116098,41,122034
14629,0.008041,74.125.68.0-255,2902,119000,41,122034
14630,0.008048,172.31.46.0-255,66,119066,41,122034
14631,0.008075,74.125.68.0-255,2902,121968,41,122034
14632,0.008078,172.31.46.0-255,66,122034,41,122034
14633,0.0,172.217.194.0-255,298,298,41,179497
14634,2.3e-05,172.31.46.0-255,66,364,41,179497
14635,2.9e-05,172.217.194.0-255,1484,1848,41,179497
14636,3.3e-05,172.31.46.0-255,66,1914,41,179497
14637,4e-05,172.217.194.0-255,4320,6234,41,179497
14638,4.4e-05,172.31.46.0-255,66,6300,41,179497
14639,5.6e-05,172.31.46.0-255,66,6366,41,179497
14640,7.6e-05,172.217.194.0-255,1484,7850,41,179497
14641,7.9e-05,172.31.46.0-255,66,7916,41,179497
14642,0.000109,172.31.46.0-255,66,7982,41,179497
14643,0.000111,172.217.194.0-255,1125,9107,41,179497
14644,0.000113,172.31.46.0-255,66,9173,41,179497
14645,0.000513,172.217.194.0-255,1484,10657,41,179497
14646,0.000518,172.31.46.0-255,66,10723,41,179497
14647,0.000524,172.217.194.0-255,2902,13625,41,179497
14648,0.000526,172.31.46.0-255,66,13691,41,179497
14649,0.000529,172.217.194.0-255,1484,15175,41,179497
14650,0.000531,172.31.46.0-255,66,15241,41,179497
14651,0.000553,172.217.194.0-255,4320,19561,41,179497
14652,0.000556,172.31.46.0-255,66,19627,41,179497
14653,0.000564,172.31.46.0-255,66,19693,41,179497
14654,0.000592,172.31.46.0-255,66,19759,41,179497
14655,0.000602,172.31.46.0-255,66,19825,41,179497
14656,0.000636,172.217.194.0-255,1415,21240,41,179497
14657,0.000639,172.31.46.0-255,66,21306,41,179497
14658,0.000806,172.217.194.0-255,366,21672,41,179497
14659,0.00081,172.31.46.0-255,66,21738,41,179497
14660,0.000909,172.217.194.0-255,1484,23222,41,179497
14661,0.000916,172.217.194.0-255,2902,26124,41,179497
14662,0.000918,172.31.46.0-255,66,26190,41,179497
14663,0.000923,172.217.194.0-255,2902,29092,41,179497
14664,0.000925,172.31.46.0-255,66,29158,41,179497
14665,0.000938,172.217.194.0-255,2902,32060,41,179497
14666,0.00094,172.31.46.0-255,66,32126,41,179497
14667,0.000969,172.31.46.0-255,66,32192,41,179497
14668,0.000981,172.217.194.0-255,2543,34735,41,179497
14669,0.000986,172.217.194.0-255,5738,40473,41,179497
14670,0.000989,172.31.46.0-255,66,40539,41,179497
14671,0.000997,172.31.46.0-255,66,40605,41,179497
14672,0.001002,172.217.194.0-255,3961,44566,41,179497
14673,0.001004,172.31.46.0-255,66,44632,41,179497
14674,0.001299,172.217.194.0-255,1484,46116,41,179497
14675,0.001304,172.217.194.0-255,2902,49018,41,179497
14676,0.001307,172.31.46.0-255,66,49084,41,179497
14677,0.00131,172.217.194.0-255,1484,50568,41,179497
14678,0.00133,172.217.194.0-255,4320,54888,41,179497
14679,0.001332,172.31.46.0-255,66,54954,41,179497
14680,0.001346,172.217.194.0-255,4320,59274,41,179497
14681,0.001348,172.31.46.0-255,66,59340,41,179497
14682,0.00138,172.31.46.0-255,66,59406,41,179497
14683,0.001401,172.217.194.0-255,2902,62308,41,179497
14684,0.001403,172.31.46.0-255,66,62374,41,179497
14685,0.001431,172.31.46.0-255,66,62440,41,179497
14686,0.00148,172.217.194.0-255,1484,63924,41,179497
14687,0.001485,172.217.194.0-255,2902,66826,41,179497
14688,0.001487,172.31.46.0-255,66,66892,41,179497
14689,0.001491,172.217.194.0-255,2902,69794,41,179497
14690,0.001493,172.31.46.0-255,66,69860,41,179497
14691,0.001505,172.217.194.0-255,2902,72762,41,179497
14692,0.001508,172.31.46.0-255,66,72828,41,179497
14693,0.001518,172.217.194.0-255,4320,77148,41,179497
14694,0.001519,172.31.46.0-255,66,77214,41,179497
14695,0.001548,172.31.46.0-255,66,77280,41,179497
14696,0.001561,172.31.46.0-255,66,77346,41,179497
14697,0.001575,172.217.194.0-255,3602,80948,41,179497
14698,0.001577,172.31.46.0-255,66,81014,41,179497
14699,0.001948,172.217.194.0-255,1484,82498,41,179497
14700,0.001954,172.217.194.0-255,2902,85400,41,179497
14701,0.001957,172.31.46.0-255,66,85466,41,179497
14702,0.001964,172.217.194.0-255,5738,91204,41,179497
14703,0.001966,172.31.46.0-255,66,91270,41,179497
14704,0.002,172.31.46.0-255,66,91336,41,179497
14705,0.002017,172.217.194.0-255,1484,92820,41,179497
14706,0.002023,172.217.194.0-255,5738,98558,41,179497
14707,0.002025,172.31.46.0-255,66,98624,41,179497
14708,0.002045,172.217.194.0-255,5020,103644,41,179497
14709,0.002047,172.31.46.0-255,66,103710,41,179497
14710,0.002107,172.217.194.0-255,1484,105194,41,179497
14711,0.002129,172.217.194.0-255,2902,108096,41,179497
14712,0.002132,172.31.46.0-255,66,108162,41,179497
14713,0.002138,172.217.194.0-255,5738,113900,41,179497
14714,0.002139,172.31.46.0-255,66,113966,41,179497
14715,0.002144,172.217.194.0-255,4320,118286,41,179497
14716,0.002146,172.31.46.0-255,66,118352,41,179497
14717,0.002184,172.31.46.0-255,66,118418,41,179497
14718,0.002195,172.31.46.0-255,66,118484,41,179497
14719,0.002363,172.217.194.0-255,1484,119968,41,179497
14720,0.002378,172.217.194.0-255,2902,122870,41,179497
14721,0.002381,172.31.46.0-255,66,122936,41,179497
14722,0.002386,172.217.194.0-255,4320,127256,41,179497
14723,0.002388,172.31.46.0-255,66,127322,41,179497
14724,0.002398,172.217.194.0-255,1484,128806,41,179497
14725,0.002472,172.31.46.0-255,66,128872,41,179497
14726,0.002483,172.31.46.0-255,66,128938,41,179497
14727,0.002485,172.217.194.0-255,766,129704,41,179497
14728,0.002508,172.217.194.0-255,1484,131188,41,179497
14729,0.002511,172.31.46.0-255,66,131254,41,179497
14730,0.002516,172.217.194.0-255,4320,135574,41,179497
14731,0.002518,172.31.46.0-255,66,135640,41,179497
14732,0.002521,172.217.194.0-255,2902,138542,41,179497
14733,0.002523,172.31.46.0-255,66,138608,41,179497
14734,0.002543,172.217.194.0-255,1484,140092,41,179497
14735,0.002557,172.31.46.0-255,66,140158,41,179497
14736,0.002583,172.217.194.0-255,2902,143060,41,179497
14737,0.002586,172.31.46.0-255,66,143126,41,179497
14738,0.002617,172.31.46.0-255,66,143192,41,179497
14739,0.002626,172.217.194.0-255,1484,144676,41,179497
14740,0.002629,172.217.194.0-255,1484,146160,41,179497
14741,0.002631,172.31.46.0-255,66,146226,41,179497
14742,0.002648,172.217.194.0-255,1484,147710,41,179497
14743,0.002656,172.217.194.0-255,5738,153448,41,179497
14744,0.002659,172.31.46.0-255,66,153514,41,179497
14745,0.002708,172.31.46.0-255,66,153580,41,179497
14746,0.00272,172.31.46.0-255,66,153646,41,179497
14747,0.002723,172.217.194.0-255,766,154412,41,179497
14748,0.00276,172.217.194.0-255,1484,155896,41,179497
14749,0.002764,172.31.46.0-255,66,155962,41,179497
14750,0.00277,172.217.194.0-255,4320,160282,41,179497
14751,0.002773,172.31.46.0-255,66,160348,41,179497
14752,0.002817,172.31.46.0-255,66,160414,41,179497
14753,0.002821,172.217.194.0-255,1484,161898,41,179497
14754,0.002835,172.31.46.0-255,66,161964,41,179497
14755,0.002838,172.217.194.0-255,1484,163448,41,179497
14756,0.002842,172.217.194.0-255,2184,165632,41,179497
14757,0.002844,172.31.46.0-255,66,165698,41,179497
14758,0.002888,172.217.194.0-255,5738,171436,41,179497
14759,0.002892,172.31.46.0-255,66,171502,41,179497
14760,0.002926,172.31.46.0-255,66,171568,41,179497
14761,0.00293,172.217.194.0-255,2902,174470,41,179497
14762,0.002932,172.31.46.0-255,66,174536,41,179497
14763,0.002938,172.217.194.0-255,4320,178856,41,179497
14764,0.002941,172.31.46.0-255,66,178922,41,179497
14765,0.002975,172.31.46.0-255,66,178988,41,179497
14766,0.003009,172.31.46.0-255,66,179054,41,179497
14767,0.003012,172.217.194.0-255,105,179159,41,179497
14768,0.00314,172.31.46.0-255,101,179260,41,179497
14769,0.004518,172.31.46.0-255,105,179365,41,179497
14770,0.00536,172.217.194.0-255,66,179431,41,179497
14771,0.006745,172.217.194.0-255,66,179497,41,179497
14772,0.0,74.125.24.0-255,146,146,41,189726
14773,1.1e-05,172.31.46.0-255,66,212,41,189726
14774,3.4e-05,74.125.24.0-255,1484,1696,41,189726
14775,3.8e-05,172.31.46.0-255,66,1762,41,189726
14776,4.2e-05,74.125.24.0-255,2902,4664,41,189726
14777,4.5e-05,172.31.46.0-255,66,4730,41,189726
14778,8e-05,172.31.46.0-255,66,4796,41,189726
14779,9.6e-05,74.125.24.0-255,1967,6763,41,189726
14780,9.8e-05,172.31.46.0-255,66,6829,41,189726
14781,0.000163,74.125.24.0-255,1484,8313,41,189726
14782,0.000166,172.31.46.0-255,66,8379,41,189726
14783,0.000182,74.125.24.0-255,2902,11281,41,189726
14784,0.000184,172.31.46.0-255,66,11347,41,189726
14785,0.00019,74.125.24.0-255,5738,17085,41,189726
14786,0.000192,172.31.46.0-255,66,17151,41,189726
14787,0.000248,74.125.24.0-255,4320,21471,41,189726
14788,0.000251,172.31.46.0-255,66,21537,41,189726
14789,0.000263,74.125.24.0-255,2543,24080,41,189726
14790,0.000265,172.31.46.0-255,66,24146,41,189726
14791,0.000349,74.125.24.0-255,1484,25630,41,189726
14792,0.000352,172.31.46.0-255,66,25696,41,189726
14793,0.000356,74.125.24.0-255,2902,28598,41,189726
14794,0.000358,172.31.46.0-255,66,28664,41,189726
14795,0.000361,74.125.24.0-255,1484,30148,41,189726
14796,0.000363,172.31.46.0-255,66,30214,41,189726
14797,0.000377,74.125.24.0-255,4320,34534,41,189726
14798,0.000379,172.31.46.0-255,66,34600,41,189726
14799,0.000404,172.31.46.0-255,66,34666,41,189726
14800,0.000406,74.125.24.0-255,1484,36150,41,189726
14801,0.000408,172.31.46.0-255,66,36216,41,189726
14802,0.000433,172.31.46.0-255,66,36282,41,189726
14803,0.000437,74.125.24.0-255,4232,40514,41,189726
14804,0.000439,172.31.46.0-255,66,40580,41,189726
14805,0.000472,74.125.24.0-255,417,40997,41,189726
14806,0.000475,172.31.46.0-255,66,41063,41,189726
14807,0.000676,74.125.24.0-255,1484,42547,41,189726
14808,0.00068,172.31.46.0-255,66,42613,41,189726
14809,0.000702,74.125.24.0-255,2902,45515,41,189726
14810,0.000704,172.31.46.0-255,66,45581,41,189726
14811,0.000709,74.125.24.0-255,4320,49901,41,189726
14812,0.000711,172.31.46.0-255,66,49967,41,189726
14813,0.000723,74.125.24.0-255,1484,51451,41,189726
14814,0.000725,172.31.46.0-255,66,51517,41,189726
14815,0.000764,172.31.46.0-255,66,51583,41,189726
14816,0.000767,74.125.24.0-255,2902,54485,41,189726
14817,0.000769,172.31.46.0-255,66,54551,41,189726
14818,0.000807,74.125.24.0-255,4320,58871,41,189726
14819,0.00081,172.31.46.0-255,66,58937,41,189726
14820,0.000829,74.125.24.0-255,3602,62539,41,189726
14821,0.000831,172.31.46.0-255,66,62605,41,189726
14822,0.000887,74.125.24.0-255,1484,64089,41,189726
14823,0.00089,172.31.46.0-255,66,64155,41,189726
14824,0.000909,74.125.24.0-255,2902,67057,41,189726
14825,0.000912,172.31.46.0-255,66,67123,41,189726
14826,0.000938,74.125.24.0-255,2902,70025,41,189726
14827,0.00094,172.31.46.0-255,66,70091,41,189726
14828,0.000963,74.125.24.0-255,2902,72993,41,189726
14829,0.000966,172.31.46.0-255,66,73059,41,189726
14830,0.000977,172.31.46.0-255,66,73125,41,189726
14831,0.000985,172.31.46.0-255,66,73191,41,189726
14832,0.001016,74.125.24.0-255,3602,76793,41,189726
14833,0.001019,172.31.46.0-255,66,76859,41,189726
14834,0.001478,74.125.24.0-255,1484,78343,41,189726
14835,0.001482,172.31.46.0-255,66,78409,41,189726
14836,0.001487,74.125.24.0-255,2902,81311,41,189726
14837,0.001489,172.31.46.0-255,66,81377,41,189726
14838,0.001525,74.125.24.0-255,5738,87115,41,189726
14839,0.001528,172.31.46.0-255,66,87181,41,189726
14840,0.001558,172.31.46.0-255,66,87247,41,189726
14841,0.00159,172.31.46.0-255,66,87313,41,189726
14842,0.001617,74.125.24.0-255,3602,90915,41,189726
14843,0.001619,172.31.46.0-255,66,90981,41,189726
14844,0.001735,74.125.24.0-255,1484,92465,41,189726
14845,0.001739,172.31.46.0-255,66,92531,41,189726
14846,0.001744,74.125.24.0-255,2902,95433,41,189726
14847,0.001746,172.31.46.0-255,66,95499,41,189726
14848,0.001751,74.125.24.0-255,2902,98401,41,189726
14849,0.001752,172.31.46.0-255,66,98467,41,189726
14850,0.001768,74.125.24.0-255,2902,101369,41,189726
14851,0.00177,172.31.46.0-255,66,101435,41,189726
14852,0.001775,74.125.24.0-255,4320,105755,41,189726
14853,0.001777,172.31.46.0-255,66,105821,41,189726
14854,0.001805,172.31.46.0-255,66,105887,41,189726
14855,0.001837,172.31.46.0-255,66,105953,41,189726
14856,0.001874,74.125.24.0-255,1484,107437,41,189726
14857,0.001877,172.31.46.0-255,66,107503,41,189726
14858,0.00188,74.125.24.0-255,1484,108987,41,189726
14859,0.001882,172.31.46.0-255,66,109053,41,189726
14860,0.001895,74.125.24.0-255,1484,110537,41,189726
14861,0.001897,172.31.46.0-255,66,110603,41,189726
14862,0.001903,74.125.24.0-255,5738,116341,41,189726
14863,0.001905,172.31.46.0-255,66,116407,41,189726
14864,0.001908,74.125.24.0-255,2902,119309,41,189726
14865,0.00191,172.31.46.0-255,66,119375,41,189726
14866,0.001942,172.31.46.0-255,66,119441,41,189726
14867,0.001952,172.31.46.0-255,66,119507,41,189726
14868,0.001973,74.125.24.0-255,2184,121691,41,189726
14869,0.001975,172.31.46.0-255,66,121757,41,189726
14870,0.002046,74.125.24.0-255,1484,123241,41,189726
14871,0.00205,172.31.46.0-255,66,123307,41,189726
14872,0.002055,74.125.24.0-255,2902,126209,41,189726
14873,0.002057,172.31.46.0-255,66,126275,41,189726
14874,0.002061,74.125.24.0-255,2902,129177,41,189726
14875,0.002063,172.31.46.0-255,66,129243,41,189726
14876,0.002083,74.125.24.0-255,2902,132145,41,189726
14877,0.002086,172.31.46.0-255,66,132211,41,189726
14878,0.002089,74.125.24.0-255,2902,135113,41,189726
14879,0.002091,172.31.46.0-255,66,135179,41,189726
14880,0.0021,74.125.24.0-255,4320,139499,41,189726
14881,0.002102,172.31.46.0-255,66,139565,41,189726
14882,0.002126,74.125.24.0-255,5738,145303,41,189726
14883,0.002129,172.31.46.0-255,66,145369,41,189726
14884,0.002134,74.125.24.0-255,5738,151107,41,189726
14885,0.002136,172.31.46.0-255,66,151173,41,189726
14886,0.002149,74.125.24.0-255,5020,156193,41,189726
14887,0.002152,172.31.46.0-255,66,156259,41,189726
14888,0.002228,74.125.24.0-255,1484,157743,41,189726
14889,0.002231,172.31.46.0-255,66,157809,41,189726
14890,0.00225,74.125.24.0-255,2902,160711,41,189726
14891,0.002252,172.31.46.0-255,66,160777,41,189726
14892,0.002258,74.125.24.0-255,5738,166515,41,189726
14893,0.00226,172.31.46.0-255,66,166581,41,189726
14894,0.002262,74.125.24.0-255,1484,168065,41,189726
14895,0.00231,172.31.46.0-255,66,168131,41,189726
14896,0.002319,172.31.46.0-255,66,168197,41,189726
14897,0.002368,74.125.24.0-255,2184,170381,41,189726
14898,0.00237,172.31.46.0-255,66,170447,41,189726
14899,0.002374,74.125.24.0-255,2902,173349,41,189726
14900,0.002376,172.31.46.0-255,66,173415,41,189726
14901,0.002384,172.31.46.0-255,66,173481,41,189726
14902,0.002393,172.31.46.0-255,66,173547,41,189726
14903,0.002426,172.31.46.0-255,66,173613,41,189726
14904,0.00244,172.31.46.0-255,66,173679,41,189726
14905,0.002449,172.31.46.0-255,66,173745,41,189726
14906,0.002489,74.125.24.0-255,2902,176647,41,189726
14907,0.002491,172.31.46.0-255,66,176713,41,189726
14908,0.002524,172.31.46.0-255,66,176779,41,189726
14909,0.002544,74.125.24.0-255,2184,178963,41,189726
14910,0.002547,172.31.46.0-255,66,179029,41,189726
14911,0.002565,172.31.46.0-255,66,179095,41,189726
14912,0.002584,74.125.24.0-255,5020,184115,41,189726
14913,0.002586,172.31.46.0-255,66,184181,41,189726
14914,0.002592,74.125.24.0-255,5106,189287,41,189726
14915,0.002594,172.31.46.0-255,66,189353,41,189726
14916,0.002596,74.125.24.0-255,97,189450,41,189726
14917,0.002622,74.125.24.0-255,105,189555,41,189726
14918,0.008627,172.31.46.0-255,66,189621,41,189726
14919,0.00867,172.31.46.0-255,105,189726,41,189726
14920,0.0,172.217.194.0-255,153,153,41,175190
14921,1.3e-05,172.31.46.0-255,66,219,41,175190
14922,1.9e-05,172.217.194.0-255,1484,1703,41,175190
14923,2.3e-05,172.31.46.0-255,66,1769,41,175190
14924,2.8e-05,172.217.194.0-255,2902,4671,41,175190
14925,3.1e-05,172.31.46.0-255,66,4737,41,175190
14926,4e-05,172.31.46.0-255,66,4803,41,175190
14927,4.4e-05,172.217.194.0-255,2097,6900,41,175190
14928,4.7e-05,172.31.46.0-255,66,6966,41,175190
14929,7.3e-05,172.217.194.0-255,5738,12704,41,175190
14930,7.6e-05,172.31.46.0-255,66,12770,41,175190
14931,0.0001,172.217.194.0-255,5738,18508,41,175190
14932,0.000103,172.31.46.0-255,66,18574,41,175190
14933,0.000109,172.217.194.0-255,5379,23953,41,175190
14934,0.000112,172.31.46.0-255,66,24019,41,175190
14935,0.000152,172.217.194.0-255,2902,26921,41,175190
14936,0.000155,172.31.46.0-255,66,26987,41,175190
14937,0.00016,172.217.194.0-255,4320,31307,41,175190
14938,0.000162,172.31.46.0-255,66,31373,41,175190
14939,0.000169,172.217.194.0-255,5738,37111,41,175190
14940,0.000171,172.31.46.0-255,66,37177,41,175190
14941,0.000191,172.217.194.0-255,2902,40079,41,175190
14942,0.000194,172.31.46.0-255,66,40145,41,175190
14943,0.000198,172.217.194.0-255,2902,43047,41,175190
14944,0.0002,172.31.46.0-255,66,43113,41,175190
14945,0.000232,172.31.46.0-255,66,43179,41,175190
14946,0.000235,172.217.194.0-255,1125,44304,41,175190
14947,0.000237,172.31.46.0-255,66,44370,41,175190
14948,0.000274,172.217.194.0-255,648,45018,41,175190
14949,0.000277,172.31.46.0-255,66,45084,41,175190
14950,0.000505,172.217.194.0-255,1484,46568,41,175190
14951,0.00051,172.31.46.0-255,66,46634,41,175190
14952,0.000516,172.217.194.0-255,2902,49536,41,175190
14953,0.000519,172.31.46.0-255,66,49602,41,175190
14954,0.000524,172.217.194.0-255,5738,55340,41,175190
14955,0.000527,172.31.46.0-255,66,55406,41,175190
14956,0.000566,172.31.46.0-255,66,55472,41,175190
14957,0.000614,172.31.46.0-255,66,55538,41,175190
14958,0.000633,172.217.194.0-255,2184,57722,41,175190
14959,0.000636,172.31.46.0-255,66,57788,41,175190
14960,0.000697,172.217.194.0-255,1484,59272,41,175190
14961,0.0007,172.31.46.0-255,66,59338,41,175190
14962,0.000706,172.217.194.0-255,2902,62240,41,175190
14963,0.000708,172.31.46.0-255,66,62306,41,175190
14964,0.000713,172.217.194.0-255,2902,65208,41,175190
14965,0.000715,172.31.46.0-255,66,65274,41,175190
14966,0.000735,172.217.194.0-255,2902,68176,41,175190
14967,0.000737,172.31.46.0-255,66,68242,41,175190
14968,0.00075,172.31.46.0-255,66,68308,41,175190
14969,0.000769,172.217.194.0-255,2902,71210,41,175190
14970,0.000772,172.31.46.0-255,66,71276,41,175190
14971,0.000776,172.217.194.0-255,2902,74178,41,175190
14972,0.000778,172.31.46.0-255,66,74244,41,175190
14973,0.000816,172.31.46.0-255,66,74310,41,175190
14974,0.001028,172.217.194.0-255,1484,75794,41,175190
14975,0.001034,172.217.194.0-255,2902,78696,41,175190
14976,0.001038,172.31.46.0-255,66,78762,41,175190
14977,0.001065,172.217.194.0-255,5738,84500,41,175190
14978,0.001068,172.217.194.0-255,1484,85984,41,175190
14979,0.001072,172.31.46.0-255,66,86050,41,175190
14980,0.001083,172.217.194.0-255,5738,91788,41,175190
14981,0.001086,172.31.46.0-255,66,91854,41,175190
14982,0.001108,172.217.194.0-255,5738,97592,41,175190
14983,0.001111,172.31.46.0-255,66,97658,41,175190
14984,0.00117,172.31.46.0-255,66,97724,41,175190
14985,0.001293,172.217.194.0-255,1484,99208,41,175190
14986,0.001298,172.217.194.0-255,2902,102110,41,175190
14987,0.001302,172.217.194.0-255,2902,105012,41,175190
14988,0.001308,172.31.46.0-255,66,105078,41,175190
14989,0.001317,172.217.194.0-255,2902,107980,41,175190
14990,0.001346,172.217.194.0-255,5738,113718,41,175190
14991,0.001352,172.217.194.0-255,4320,118038,41,175190
14992,0.001363,172.31.46.0-255,66,118104,41,175190
14993,0.001407,172.31.46.0-255,66,118170,41,175190
14994,0.001511,172.217.194.0-255,1484,119654,41,175190
14995,0.001516,172.217.194.0-255,2902,122556,41,175190
14996,0.00152,172.31.46.0-255,66,122622,41,175190
14997,0.001523,172.217.194.0-255,1484,124106,41,175190
14998,0.001543,172.217.194.0-255,4320,128426,41,175190
14999,0.001547,172.217.194.0-255,2902,131328,41,175190
15000,0.001555,172.31.46.0-255,66,131394,41,175190
15001,0.001565,172.217.194.0-255,4320,135714,41,175190
15002,0.001571,172.31.46.0-255,66,135780,41,175190
15003,0.001604,172.217.194.0-255,2902,138682,41,175190
15004,0.001608,172.217.194.0-255,2184,140866,41,175190
15005,0.001623,172.31.46.0-255,66,140932,41,175190
15006,0.001641,172.217.194.0-255,2902,143834,41,175190
15007,0.001645,172.217.194.0-255,1484,145318,41,175190
15008,0.001655,172.31.46.0-255,66,145384,41,175190
15009,0.001666,172.217.194.0-255,5738,151122,41,175190
15010,0.001684,172.31.46.0-255,66,151188,41,175190
15011,0.001704,172.217.194.0-255,4320,155508,41,175190
15012,0.001717,172.31.46.0-255,66,155574,41,175190
15013,0.001738,172.217.194.0-255,2902,158476,41,175190
15014,0.001743,172.31.46.0-255,66,158542,41,175190
15015,0.001768,172.217.194.0-255,1484,160026,41,175190
15016,0.001794,172.31.46.0-255,66,160092,41,175190
15017,0.001812,172.217.194.0-255,5020,165112,41,175190
15018,0.001857,172.31.46.0-255,66,165178,41,175190
15019,0.001897,172.31.46.0-255,66,165244,41,175190
15020,0.001929,172.31.46.0-255,66,165310,41,175190
15021,0.001944,172.217.194.0-255,4320,169630,41,175190
15022,0.001959,172.31.46.0-255,66,169696,41,175190
15023,0.002029,172.31.46.0-255,66,169762,41,175190
15024,0.002076,172.217.194.0-255,5020,174782,41,175190
15025,0.002093,172.31.46.0-255,66,174848,41,175190
15026,0.002155,172.31.46.0-255,66,174914,41,175190
15027,0.002186,172.217.194.0-255,105,175019,41,175190
15028,0.002198,172.31.46.0-255,66,175085,41,175190
15029,0.008955,172.31.46.0-255,105,175190,41,175190
15030,0.0,74.125.200.0-255,297,297,41,158008
15031,2.4e-05,172.31.46.0-255,66,363,41,158008
15032,2.9e-05,74.125.200.0-255,1484,1847,41,158008
15033,3.3e-05,172.31.46.0-255,66,1913,41,158008
15034,3.9e-05,74.125.200.0-255,4320,6233,41,158008
15035,5.2e-05,172.31.46.0-255,66,6299,41,158008
15036,5.7e-05,74.125.200.0-255,4320,10619,41,158008
15037,6e-05,172.31.46.0-255,66,10685,41,158008
15038,6.3e-05,74.125.200.0-255,1484,12169,41,158008
15039,6.6e-05,172.31.46.0-255,66,12235,41,158008
15040,9.6e-05,74.125.200.0-255,1875,14110,41,158008
15041,9.9e-05,172.31.46.0-255,66,14176,41,158008
15042,0.000284,74.125.200.0-255,1484,15660,41,158008
15043,0.000289,172.31.46.0-255,66,15726,41,158008
15044,0.000294,74.125.200.0-255,2902,18628,41,158008
15045,0.000296,172.31.46.0-255,66,18694,41,158008
15046,0.000317,74.125.200.0-255,5738,24432,41,158008
15047,0.000319,172.31.46.0-255,66,24498,41,158008
15048,0.000323,74.125.200.0-255,2902,27400,41,158008
15049,0.000325,172.31.46.0-255,66,27466,41,158008
15050,0.00033,74.125.200.0-255,3961,31427,41,158008
15051,0.000332,172.31.46.0-255,66,31493,41,158008
15052,0.000541,74.125.200.0-255,1484,32977,41,158008
15053,0.000547,172.31.46.0-255,66,33043,41,158008
15054,0.000556,74.125.200.0-255,2902,35945,41,158008
15055,0.000558,172.31.46.0-255,66,36011,41,158008
15056,0.000565,74.125.200.0-255,1484,37495,41,158008
15057,0.000566,172.31.46.0-255,66,37561,41,158008
15058,0.000585,74.125.200.0-255,2902,40463,41,158008
15059,0.000587,172.31.46.0-255,66,40529,41,158008
15060,0.000614,74.125.200.0-255,1484,42013,41,158008
15061,0.000617,172.31.46.0-255,66,42079,41,158008
15062,0.000652,172.31.46.0-255,66,42145,41,158008
15063,0.001223,74.125.200.0-255,1484,43629,41,158008
15064,0.001233,74.125.200.0-255,1484,45113,41,158008
15065,0.001237,172.31.46.0-255,66,45179,41,158008
15066,0.001243,74.125.200.0-255,2902,48081,41,158008
15067,0.001245,172.31.46.0-255,66,48147,41,158008
15068,0.001269,74.125.200.0-255,1484,49631,41,158008
15069,0.001304,74.125.200.0-255,4320,53951,41,158008
15070,0.001306,172.31.46.0-255,66,54017,41,158008
15071,0.001313,74.125.200.0-255,5379,59396,41,158008
15072,0.001315,172.31.46.0-255,66,59462,41,158008
15073,0.001393,74.125.200.0-255,1484,60946,41,158008
15074,0.001398,74.125.200.0-255,1484,62430,41,158008
15075,0.0014,172.31.46.0-255,66,62496,41,158008
15076,0.001424,74.125.200.0-255,1484,63980,41,158008
15077,0.00143,74.125.200.0-255,5738,69718,41,158008
15078,0.001432,172.31.46.0-255,66,69784,41,158008
15079,0.001456,74.125.200.0-255,4320,74104,41,158008
15080,0.001458,172.31.46.0-255,66,74170,41,158008
15081,0.00148,74.125.200.0-255,2543,76713,41,158008
15082,0.001482,172.31.46.0-255,66,76779,41,158008
15083,0.001485,74.125.200.0-255,646,77425,41,158008
15084,0.001876,74.125.200.0-255,1484,78909,41,158008
15085,0.001883,172.31.46.0-255,66,78975,41,158008
15086,0.001888,74.125.200.0-255,2902,81877,41,158008
15087,0.00189,172.31.46.0-255,66,81943,41,158008
15088,0.001893,74.125.200.0-255,1484,83427,41,158008
15089,0.001909,74.125.200.0-255,2902,86329,41,158008
15090,0.001911,172.31.46.0-255,66,86395,41,158008
15091,0.001938,74.125.200.0-255,5738,92133,41,158008
15092,0.001941,172.31.46.0-255,66,92199,41,158008
15093,0.001945,74.125.200.0-255,2543,94742,41,158008
15094,0.001947,172.31.46.0-255,66,94808,41,158008
15095,0.00195,74.125.200.0-255,1484,96292,41,158008
15096,0.00197,74.125.200.0-255,1484,97776,41,158008
15097,0.001973,172.31.46.0-255,66,97842,41,158008
15098,0.001996,74.125.200.0-255,2902,100744,41,158008
15099,0.001998,172.31.46.0-255,66,100810,41,158008
15100,0.002015,74.125.200.0-255,2902,103712,41,158008
15101,0.00202,172.31.46.0-255,66,103778,41,158008
15102,0.002029,172.31.46.0-255,66,103844,41,158008
15103,0.00204,74.125.200.0-255,2902,106746,41,158008
15104,0.002042,172.31.46.0-255,66,106812,41,158008
15105,0.002073,172.31.46.0-255,66,106878,41,158008
15106,0.002095,74.125.200.0-255,5738,112616,41,158008
15107,0.002097,172.31.46.0-255,66,112682,41,158008
15108,0.00212,74.125.200.0-255,2184,114866,41,158008
15109,0.002121,172.31.46.0-255,66,114932,41,158008
15110,0.002136,74.125.200.0-255,5738,120670,41,158008
15111,0.002138,172.31.46.0-255,66,120736,41,158008
15112,0.002156,74.125.200.0-255,2902,123638,41,158008
15113,0.002158,172.31.46.0-255,66,123704,41,158008
15114,0.002163,74.125.200.0-255,4320,128024,41,158008
15115,0.002165,172.31.46.0-255,66,128090,41,158008
15116,0.002215,172.31.46.0-255,66,128156,41,158008
15117,0.00222,74.125.200.0-255,4320,132476,41,158008
15118,0.002222,172.31.46.0-255,66,132542,41,158008
15119,0.002242,74.125.200.0-255,5738,138280,41,158008
15120,0.002244,172.31.46.0-255,66,138346,41,158008
15121,0.002248,74.125.200.0-255,2184,140530,41,158008
15122,0.00225,172.31.46.0-255,66,140596,41,158008
15123,0.004487,74.125.200.0-255,5738,146334,41,158008
15124,0.004492,172.31.46.0-255,66,146400,41,158008
15125,0.006741,74.125.200.0-255,5738,152138,41,158008
15126,0.006748,172.31.46.0-255,66,152204,41,158008
15127,0.008996,74.125.200.0-255,5738,157942,41,158008
15128,0.009001,172.31.46.0-255,66,158008,41,158008
15129,0.0,74.125.68.0-255,146,146,41,172364
15130,2.3e-05,172.31.46.0-255,66,212,41,172364
15131,3.1e-05,74.125.68.0-255,1484,1696,41,172364
15132,3.5e-05,172.31.46.0-255,66,1762,41,172364
15133,3.8e-05,74.125.68.0-255,1484,3246,41,172364
15134,4.1e-05,172.31.46.0-255,66,3312,41,172364
15135,4.6e-05,74.125.68.0-255,2902,6214,41,172364
15136,4.9e-05,172.31.46.0-255,66,6280,41,172364
15137,5.7e-05,74.125.68.0-255,5738,12018,41,172364
15138,6e-05,172.31.46.0-255,66,12084,41,172364
15139,6.3e-05,74.125.68.0-255,1484,13568,41,172364
15140,6.5e-05,172.31.46.0-255,66,13634,41,172364
15141,8.7e-05,74.125.68.0-255,585,14219,41,172364
15142,9e-05,172.31.46.0-255,66,14285,41,172364
15143,9.4e-05,74.125.68.0-255,2902,17187,41,172364
15144,9.6e-05,172.31.46.0-255,66,17253,41,172364
15145,9.9e-05,74.125.68.0-255,1484,18737,41,172364
15146,0.000101,172.31.46.0-255,66,18803,41,172364
15147,0.000134,74.125.68.0-255,5738,24541,41,172364
15148,0.000137,172.31.46.0-255,66,24607,41,172364
15149,0.000144,74.125.68.0-255,5738,30345,41,172364
15150,0.000146,172.31.46.0-255,66,30411,41,172364
15151,0.000149,74.125.68.0-255,1125,31536,41,172364
15152,0.00015,172.31.46.0-255,66,31602,41,172364
15153,0.000439,74.125.68.0-255,1484,33086,41,172364
15154,0.000445,172.31.46.0-255,66,33152,41,172364
15155,0.000451,74.125.68.0-255,2902,36054,41,172364
15156,0.000454,172.31.46.0-255,66,36120,41,172364
15157,0.000501,74.125.68.0-255,5738,41858,41,172364
15158,0.000504,172.31.46.0-255,66,41924,41,172364
15159,0.000535,74.125.68.0-255,2902,44826,41,172364
15160,0.000538,172.31.46.0-255,66,44892,41,172364
15161,0.000543,74.125.68.0-255,3961,48853,41,172364
15162,0.000545,172.31.46.0-255,66,48919,41,172364
15163,0.000579,74.125.68.0-255,1484,50403,41,172364
15164,0.000585,74.125.68.0-255,2902,53305,41,172364
15165,0.000588,172.31.46.0-255,66,53371,41,172364
15166,0.000612,74.125.68.0-255,5738,59109,41,172364
15167,0.000615,172.31.46.0-255,66,59175,41,172364
15168,0.000621,74.125.68.0-255,4320,63495,41,172364
15169,0.000623,172.31.46.0-255,66,63561,41,172364
15170,0.000644,74.125.68.0-255,1484,65045,41,172364
15171,0.000677,74.125.68.0-255,1433,66478,41,172364
15172,0.00068,172.31.46.0-255,66,66544,41,172364
15173,0.00078,74.125.68.0-255,112,66656,41,172364
15174,0.00088,74.125.68.0-255,1484,68140,41,172364
15175,0.000884,172.31.46.0-255,66,68206,41,172364
15176,0.000902,74.125.68.0-255,1484,69690,41,172364
15177,0.000914,74.125.68.0-255,1484,71174,41,172364
15178,0.000916,172.31.46.0-255,66,71240,41,172364
15179,0.00092,74.125.68.0-255,1484,72724,41,172364
15180,0.000935,74.125.68.0-255,2902,75626,41,172364
15181,0.000937,172.31.46.0-255,66,75692,41,172364
15182,0.000952,74.125.68.0-255,5738,81430,41,172364
15183,0.000954,172.31.46.0-255,66,81496,41,172364
15184,0.000972,74.125.68.0-255,2902,84398,41,172364
15185,0.000974,172.31.46.0-255,66,84464,41,172364
15186,0.001002,74.125.68.0-255,4320,88784,41,172364
15187,0.001005,172.31.46.0-255,66,88850,41,172364
15188,0.001016,172.31.46.0-255,66,88916,41,172364
15189,0.001039,74.125.68.0-255,3602,92518,41,172364
15190,0.001041,172.31.46.0-255,66,92584,41,172364
15191,0.001722,74.125.68.0-255,1484,94068,41,172364
15192,0.001732,74.125.68.0-255,2902,96970,41,172364
15193,0.001737,172.31.46.0-255,66,97036,41,172364
15194,0.001762,74.125.68.0-255,5738,102774,41,172364
15195,0.001764,172.31.46.0-255,66,102840,41,172364
15196,0.00181,74.125.68.0-255,5738,108578,41,172364
15197,0.001814,172.31.46.0-255,66,108644,41,172364
15198,0.001818,74.125.68.0-255,1484,110128,41,172364
15199,0.001835,74.125.68.0-255,5738,115866,41,172364
15200,0.001837,172.31.46.0-255,66,115932,41,172364
15201,0.001841,74.125.68.0-255,2902,118834,41,172364
15202,0.001843,172.31.46.0-255,66,118900,41,172364
15203,0.001849,74.125.68.0-255,4320,123220,41,172364
15204,0.001851,172.31.46.0-255,66,123286,41,172364
15205,0.001888,74.125.68.0-255,3602,126888,41,172364
15206,0.001891,172.31.46.0-255,66,126954,41,172364
15207,0.001979,74.125.68.0-255,1484,128438,41,172364
15208,0.001985,74.125.68.0-255,1484,129922,41,172364
15209,0.001988,172.31.46.0-255,66,129988,41,172364
15210,0.002005,74.125.68.0-255,1484,131472,41,172364
15211,0.002008,74.125.68.0-255,1484,132956,41,172364
15212,0.002011,172.31.46.0-255,66,133022,41,172364
15213,0.00203,74.125.68.0-255,4320,137342,41,172364
15214,0.002032,172.31.46.0-255,66,137408,41,172364
15215,0.002036,74.125.68.0-255,1484,138892,41,172364
15216,0.002056,74.125.68.0-255,5738,144630,41,172364
15217,0.002058,172.31.46.0-255,66,144696,41,172364
15218,0.002084,74.125.68.0-255,5738,150434,41,172364
15219,0.002086,172.31.46.0-255,66,150500,41,172364
15220,0.002092,74.125.68.0-255,4320,154820,41,172364
15221,0.002094,172.31.46.0-255,66,154886,41,172364
15222,0.002113,172.31.46.0-255,66,154952,41,172364
15223,0.004382,74.125.68.0-255,5738,160690,41,172364
15224,0.004389,172.31.46.0-255,66,160756,41,172364
15225,0.006659,74.125.68.0-255,5738,166494,41,172364
15226,0.006667,172.31.46.0-255,66,166560,41,172364
15227,0.008946,74.125.68.0-255,5738,172298,41,172364
15228,0.008958,172.31.46.0-255,66,172364,41,172364
15229,0.0,172.217.194.0-255,153,153,41,52949
15230,2.3e-05,172.31.46.0-255,66,219,41,52949
15231,3e-05,172.217.194.0-255,1484,1703,41,52949
15232,3.3e-05,172.31.46.0-255,66,1769,41,52949
15233,3.9e-05,172.217.194.0-255,2902,4671,41,52949
15234,4.2e-05,172.31.46.0-255,66,4737,41,52949
15235,7.2e-05,172.217.194.0-255,5738,10475,41,52949
15236,7.5e-05,172.31.46.0-255,66,10541,41,52949
15237,0.000161,172.217.194.0-255,3506,14047,41,52949
15238,0.000165,172.31.46.0-255,66,14113,41,52949
15239,0.000221,172.217.194.0-255,4320,18433,41,52949
15240,0.000225,172.31.46.0-255,66,18499,41,52949
15241,0.000292,172.217.194.0-255,1484,19983,41,52949
15242,0.000295,172.31.46.0-255,66,20049,41,52949
15243,0.000319,172.31.46.0-255,66,20115,41,52949
15244,0.000439,172.217.194.0-255,3961,24076,41,52949
15245,0.000443,172.31.46.0-255,66,24142,41,52949
15246,0.000515,172.217.194.0-255,2902,27044,41,52949
15247,0.000518,172.31.46.0-255,66,27110,41,52949
15248,0.00053,172.217.194.0-255,1484,28594,41,52949
15249,0.000532,172.31.46.0-255,66,28660,41,52949
15250,0.000576,172.217.194.0-255,2902,31562,41,52949
15251,0.000578,172.31.46.0-255,66,31628,41,52949
15252,0.000602,172.31.46.0-255,66,31694,41,52949
15253,0.000774,172.217.194.0-255,5738,37432,41,52949
15254,0.000777,172.31.46.0-255,66,37498,41,52949
15255,0.000806,172.31.46.0-255,66,37564,41,52949
15256,0.001053,172.217.194.0-255,364,37928,41,52949
15257,0.001058,172.31.46.0-255,66,37994,41,52949
15258,0.001063,172.217.194.0-255,379,38373,41,52949
15259,0.001078,172.217.194.0-255,2902,41275,41,52949
15260,0.001676,172.217.194.0-255,1484,42759,41,52949
15261,0.001795,172.217.194.0-255,4320,47079,41,52949
15262,0.00689,172.31.46.0-255,66,47145,41,52949
15263,0.009119,172.217.194.0-255,5738,52883,41,52949
15264,0.009127,172.31.46.0-255,66,52949,41,52949
15265,0.0,172.217.194.0-255,152,152,41,68601
15266,3.6e-05,172.31.46.0-255,66,218,41,68601
15267,4.4e-05,172.217.194.0-255,1484,1702,41,68601
15268,5e-05,172.31.46.0-255,66,1768,41,68601
15269,5.5e-05,172.217.194.0-255,2902,4670,41,68601
15270,6.8e-05,172.31.46.0-255,66,4736,41,68601
15271,7.9e-05,172.31.46.0-255,66,4802,41,68601
15272,9e-05,172.31.46.0-255,66,4868,41,68601
15273,0.000102,172.31.46.0-255,66,4934,41,68601
15274,0.00013,172.217.194.0-255,3961,8895,41,68601
15275,0.000132,172.31.46.0-255,66,8961,41,68601
15276,0.000189,172.217.194.0-255,1484,10445,41,68601
15277,0.000194,172.31.46.0-255,66,10511,41,68601
15278,0.000223,172.217.194.0-255,2902,13413,41,68601
15279,0.000226,172.31.46.0-255,66,13479,41,68601
15280,0.000232,172.217.194.0-255,5738,19217,41,68601
15281,0.000235,172.31.46.0-255,66,19283,41,68601
15282,0.000296,172.31.46.0-255,66,19349,41,68601
15283,0.000301,172.217.194.0-255,4320,23669,41,68601
15284,0.000303,172.31.46.0-255,66,23735,41,68601
15285,0.000339,172.31.46.0-255,66,23801,41,68601
15286,0.000342,172.217.194.0-255,98,23899,41,68601
15287,0.000345,172.31.46.0-255,66,23965,41,68601
15288,0.000473,172.217.194.0-255,363,24328,41,68601
15289,0.000478,172.31.46.0-255,66,24394,41,68601
15290,0.000709,172.217.194.0-255,1484,25878,41,68601
15291,0.000714,172.31.46.0-255,66,25944,41,68601
15292,0.00072,172.217.194.0-255,2902,28846,41,68601
15293,0.000722,172.31.46.0-255,66,28912,41,68601
15294,0.000735,172.217.194.0-255,5738,34650,41,68601
15295,0.000737,172.31.46.0-255,66,34716,41,68601
15296,0.000783,172.31.46.0-255,66,34782,41,68601
15297,0.000812,172.31.46.0-255,66,34848,41,68601
15298,0.000844,172.217.194.0-255,5887,40735,41,68601
15299,0.000847,172.31.46.0-255,66,40801,41,68601
15300,0.001557,172.217.194.0-255,1484,42285,41,68601
15301,0.001571,172.217.194.0-255,2902,45187,41,68601
15302,0.001576,172.31.46.0-255,66,45253,41,68601
15303,0.001584,172.217.194.0-255,5738,50991,41,68601
15304,0.001586,172.31.46.0-255,66,51057,41,68601
15305,0.001626,172.31.46.0-255,66,51123,41,68601
15306,0.001646,172.31.46.0-255,66,51189,41,68601
15307,0.003738,172.217.194.0-255,5738,56927,41,68601
15308,0.003747,172.31.46.0-255,66,56993,41,68601
15309,0.00583,172.217.194.0-255,5738,62731,41,68601
15310,0.005836,172.31.46.0-255,66,62797,41,68601
15311,0.007919,172.217.194.0-255,5738,68535,41,68601
15312,0.007929,172.31.46.0-255,66,68601,41,68601
15313,0.0,74.125.24.0-255,153,153,41,99999
15314,1.6e-05,172.31.46.0-255,66,219,41,99999
15315,2.3e-05,74.125.24.0-255,1484,1703,41,99999
15316,2.9e-05,172.31.46.0-255,66,1769,41,99999
15317,3.5e-05,74.125.24.0-255,2902,4671,41,99999
15318,3.8e-05,172.31.46.0-255,66,4737,41,99999
15319,4.8e-05,172.31.46.0-255,66,4803,41,99999
15320,8.7e-05,74.125.24.0-255,4320,9123,41,99999
15321,9e-05,172.31.46.0-255,66,9189,41,99999
15322,0.000121,172.31.46.0-255,66,9255,41,99999
15323,0.000124,74.125.24.0-255,1484,10739,41,99999
15324,0.000126,172.31.46.0-255,66,10805,41,99999
15325,0.000143,74.125.24.0-255,2543,13348,41,99999
15326,0.000145,172.31.46.0-255,66,13414,41,99999
15327,0.00046,74.125.24.0-255,1484,14898,41,99999
15328,0.000465,172.31.46.0-255,66,14964,41,99999
15329,0.000472,74.125.24.0-255,2902,17866,41,99999
15330,0.000475,172.31.46.0-255,66,17932,41,99999
15331,0.000479,74.125.24.0-255,2902,20834,41,99999
15332,0.000481,172.31.46.0-255,66,20900,41,99999
15333,0.000512,172.31.46.0-255,66,20966,41,99999
15334,0.000531,74.125.24.0-255,2543,23509,41,99999
15335,0.000534,172.31.46.0-255,66,23575,41,99999
15336,0.001386,74.125.24.0-255,1484,25059,41,99999
15337,0.001394,172.31.46.0-255,66,25125,41,99999
15338,0.001405,74.125.24.0-255,2902,28027,41,99999
15339,0.001408,172.31.46.0-255,66,28093,41,99999
15340,0.001415,74.125.24.0-255,5738,33831,41,99999
15341,0.001417,172.31.46.0-255,66,33897,41,99999
15342,0.001457,74.125.24.0-255,4320,38217,41,99999
15343,0.001459,172.31.46.0-255,66,38283,41,99999
15344,0.001476,74.125.24.0-255,2543,40826,41,99999
15345,0.001478,172.31.46.0-255,66,40892,41,99999
15346,0.001488,172.31.46.0-255,66,40958,41,99999
15347,0.001524,172.31.46.0-255,66,41024,41,99999
15348,0.001551,74.125.24.0-255,4320,45344,41,99999
15349,0.001554,172.31.46.0-255,66,45410,41,99999
15350,0.001573,74.125.24.0-255,4320,49730,41,99999
15351,0.001575,172.31.46.0-255,66,49796,41,99999
15352,0.001605,74.125.24.0-255,4320,54116,41,99999
15353,0.001608,172.31.46.0-255,66,54182,41,99999
15354,0.001619,74.125.24.0-255,3961,58143,41,99999
15355,0.001623,172.31.46.0-255,66,58209,41,99999
15356,0.001844,74.125.24.0-255,1484,59693,41,99999
15357,0.00185,74.125.24.0-255,2902,62595,41,99999
15358,0.001852,172.31.46.0-255,66,62661,41,99999
15359,0.001874,74.125.24.0-255,5738,68399,41,99999
15360,0.001877,172.31.46.0-255,66,68465,41,99999
15361,0.001895,74.125.24.0-255,1484,69949,41,99999
15362,0.001924,172.31.46.0-255,66,70015,41,99999
15363,0.001936,172.31.46.0-255,66,70081,41,99999
15364,0.001956,74.125.24.0-255,1484,71565,41,99999
15365,0.00197,74.125.24.0-255,2184,73749,41,99999
15366,0.001973,172.31.46.0-255,66,73815,41,99999
15367,0.001977,74.125.24.0-255,2902,76717,41,99999
15368,0.00198,172.31.46.0-255,66,76783,41,99999
15369,0.003927,74.125.24.0-255,5738,82521,41,99999
15370,0.003931,172.31.46.0-255,66,82587,41,99999
15371,0.005884,74.125.24.0-255,5738,88325,41,99999
15372,0.005888,172.31.46.0-255,66,88391,41,99999
15373,0.007879,74.125.24.0-255,5738,94129,41,99999
15374,0.007886,172.31.46.0-255,66,94195,41,99999
15375,0.009888,74.125.24.0-255,5738,99933,41,99999
15376,0.009895,172.31.46.0-255,66,99999,41,99999
15377,0.0,74.125.200.0-255,150,150,41,145887
15378,2.2e-05,172.31.46.0-255,66,216,41,145887
15379,2.8e-05,74.125.200.0-255,1484,1700,41,145887
15380,3.2e-05,172.31.46.0-255,66,1766,41,145887
15381,3.8e-05,74.125.200.0-255,2902,4668,41,145887
15382,4.1e-05,172.31.46.0-255,66,4734,41,145887
15383,4.5e-05,74.125.200.0-255,2902,7636,41,145887
15384,4.7e-05,172.31.46.0-255,66,7702,41,145887
15385,6.4e-05,74.125.200.0-255,1484,9186,41,145887
15386,6.6e-05,172.31.46.0-255,66,9252,41,145887
15387,7.9e-05,74.125.200.0-255,1484,10736,41,145887
15388,8.1e-05,172.31.46.0-255,66,10802,41,145887
15389,0.000108,172.31.46.0-255,66,10868,41,145887
15390,0.000113,74.125.200.0-255,5738,16606,41,145887
15391,0.000116,172.31.46.0-255,66,16672,41,145887
15392,0.000149,74.125.200.0-255,4320,20992,41,145887
15393,0.000152,172.31.46.0-255,66,21058,41,145887
15394,0.000166,74.125.200.0-255,2543,23601,41,145887
15395,0.000168,172.31.46.0-255,66,23667,41,145887
15396,0.000209,74.125.200.0-255,1484,25151,41,145887
15397,0.000211,172.31.46.0-255,66,25217,41,145887
15398,0.000223,74.125.200.0-255,1484,26701,41,145887
15399,0.000225,172.31.46.0-255,66,26767,41,145887
15400,0.000239,74.125.200.0-255,1484,28251,41,145887
15401,0.00024,172.31.46.0-255,66,28317,41,145887
15402,0.000245,74.125.200.0-255,2902,31219,41,145887
15403,0.000247,172.31.46.0-255,66,31285,41,145887
15404,0.00027,74.125.200.0-255,1484,32769,41,145887
15405,0.000272,172.31.46.0-255,66,32835,41,145887
15406,0.000278,74.125.200.0-255,5738,38573,41,145887
15407,0.00028,172.31.46.0-255,66,38639,41,145887
15408,0.000304,74.125.200.0-255,2543,41182,41,145887
15409,0.000306,172.31.46.0-255,66,41248,41,145887
15410,0.000419,74.125.200.0-255,1484,42732,41,145887
15411,0.000426,74.125.200.0-255,2902,45634,41,145887
15412,0.000429,172.31.46.0-255,66,45700,41,145887
15413,0.000452,74.125.200.0-255,5738,51438,41,145887
15414,0.000454,172.31.46.0-255,66,51504,41,145887
15415,0.000479,172.31.46.0-255,66,51570,41,145887
15416,0.000555,74.125.200.0-255,1484,53054,41,145887
15417,0.000559,74.125.200.0-255,1484,54538,41,145887
15418,0.000562,172.31.46.0-255,66,54604,41,145887
15419,0.000587,74.125.200.0-255,1484,56088,41,145887
15420,0.000594,74.125.200.0-255,5738,61826,41,145887
15421,0.000597,172.31.46.0-255,66,61892,41,145887
15422,0.000601,74.125.200.0-255,2902,64794,41,145887
15423,0.000604,172.31.46.0-255,66,64860,41,145887
15424,0.000628,74.125.200.0-255,4541,69401,41,145887
15425,0.000631,172.31.46.0-255,66,69467,41,145887
15426,0.000673,74.125.200.0-255,1484,70951,41,145887
15427,0.000692,74.125.200.0-255,2902,73853,41,145887
15428,0.000695,172.31.46.0-255,66,73919,41,145887
15429,0.0007,74.125.200.0-255,2902,76821,41,145887
15430,0.000702,172.31.46.0-255,66,76887,41,145887
15431,0.000715,74.125.200.0-255,2902,79789,41,145887
15432,0.000718,172.31.46.0-255,66,79855,41,145887
15433,0.000722,74.125.200.0-255,2902,82757,41,145887
15434,0.000724,172.31.46.0-255,66,82823,41,145887
15435,0.000749,74.125.200.0-255,3961,86784,41,145887
15436,0.000752,172.31.46.0-255,66,86850,41,145887
15437,0.00077,74.125.200.0-255,1484,88334,41,145887
15438,0.00079,172.31.46.0-255,66,88400,41,145887
15439,0.000809,74.125.200.0-255,2902,91302,41,145887
15440,0.000812,172.31.46.0-255,66,91368,41,145887
15441,0.000817,74.125.200.0-255,4715,96083,41,145887
15442,0.00082,172.31.46.0-255,66,96149,41,145887
15443,0.000868,74.125.200.0-255,198,96347,41,145887
15444,0.001222,74.125.200.0-255,1484,97831,41,145887
15445,0.001227,172.31.46.0-255,66,97897,41,145887
15446,0.001248,74.125.200.0-255,2902,100799,41,145887
15447,0.00125,172.31.46.0-255,66,100865,41,145887
15448,0.001257,74.125.200.0-255,5738,106603,41,145887
15449,0.001259,172.31.46.0-255,66,106669,41,145887
15450,0.001263,74.125.200.0-255,2902,109571,41,145887
15451,0.001266,172.31.46.0-255,66,109637,41,145887
15452,0.001304,172.31.46.0-255,66,109703,41,145887
15453,0.001375,172.31.46.0-255,66,109769,41,145887
15454,0.00191,74.125.200.0-255,1484,111253,41,145887
15455,0.001919,74.125.200.0-255,2902,114155,41,145887
15456,0.001923,172.31.46.0-255,66,114221,41,145887
15457,0.001929,74.125.200.0-255,2902,117123,41,145887
15458,0.001931,172.31.46.0-255,66,117189,41,145887
15459,0.001936,74.125.200.0-255,2902,120091,41,145887
15460,0.001938,172.31.46.0-255,66,120157,41,145887
15461,0.001959,74.125.200.0-255,1484,121641,41,145887
15462,0.00197,172.31.46.0-255,66,121707,41,145887
15463,0.002002,172.31.46.0-255,66,121773,41,145887
15464,0.002038,74.125.200.0-255,2902,124675,41,145887
15465,0.002041,172.31.46.0-255,66,124741,41,145887
15466,0.00206,74.125.200.0-255,3602,128343,41,145887
15467,0.002062,172.31.46.0-255,66,128409,41,145887
15468,0.004337,74.125.200.0-255,1484,129893,41,145887
15469,0.004364,74.125.200.0-255,4320,134213,41,145887
15470,0.00437,172.31.46.0-255,66,134279,41,145887
15471,0.006664,74.125.200.0-255,5738,140017,41,145887
15472,0.006672,172.31.46.0-255,66,140083,41,145887
15473,0.008977,74.125.200.0-255,5738,145821,41,145887
15474,0.008985,172.31.46.0-255,66,145887,41,145887
15475,0.0,172.217.194.0-255,152,152,41,35832
15476,2.4e-05,172.31.46.0-255,66,218,41,35832
15477,3.1e-05,172.217.194.0-255,1484,1702,41,35832
15478,3.5e-05,172.31.46.0-255,66,1768,41,35832
15479,4.1e-05,172.217.194.0-255,2902,4670,41,35832
15480,4.5e-05,172.31.46.0-255,66,4736,41,35832
15481,5.6e-05,172.31.46.0-255,66,4802,41,35832
15482,8.3e-05,172.217.194.0-255,2039,6841,41,35832
15483,8.6e-05,172.31.46.0-255,66,6907,41,35832
15484,0.002305,172.217.194.0-255,1484,8391,41,35832
15485,0.002312,172.31.46.0-255,66,8457,41,35832
15486,0.002321,172.217.194.0-255,2902,11359,41,35832
15487,0.002323,172.31.46.0-255,66,11425,41,35832
15488,0.002331,172.217.194.0-255,5738,17163,41,35832
15489,0.002334,172.31.46.0-255,66,17229,41,35832
15490,0.002351,172.217.194.0-255,1484,18713,41,35832
15491,0.002353,172.31.46.0-255,66,18779,41,35832
15492,0.002377,172.217.194.0-255,5379,24158,41,35832
15493,0.00238,172.31.46.0-255,66,24224,41,35832
15494,0.004974,172.217.194.0-255,5738,29962,41,35832
15495,0.004981,172.31.46.0-255,66,30028,41,35832
15496,0.007579,172.217.194.0-255,5738,35766,41,35832
15497,0.007588,172.31.46.0-255,66,35832,41,35832
15498,0.0,172.31.46.0-255,180,180,41,593
15499,3.2e-05,172.31.46.0-255,281,461,41,593
15500,0.001515,104.244.42.0-255,66,527,41,593
15501,0.001525,104.244.42.0-255,66,593,41,593
15502,0.0,172.217.194.0-255,153,153,41,196950
15503,2.2e-05,172.31.46.0-255,66,219,41,196950
15504,3e-05,172.217.194.0-255,1484,1703,41,196950
15505,3.4e-05,172.31.46.0-255,66,1769,41,196950
15506,4e-05,172.217.194.0-255,2902,4671,41,196950
15507,5.4e-05,172.31.46.0-255,66,4737,41,196950
15508,6.5e-05,172.31.46.0-255,66,4803,41,196950
15509,6.9e-05,172.217.194.0-255,1921,6724,41,196950
15510,7.3e-05,172.31.46.0-255,66,6790,41,196950
15511,8.8e-05,172.31.46.0-255,66,6856,41,196950
15512,0.000156,172.217.194.0-255,5379,12235,41,196950
15513,0.000159,172.31.46.0-255,66,12301,41,196950
15514,0.000185,172.217.194.0-255,1484,13785,41,196950
15515,0.000188,172.31.46.0-255,66,13851,41,196950
15516,0.000216,172.217.194.0-255,2902,16753,41,196950
15517,0.000219,172.31.46.0-255,66,16819,41,196950
15518,0.000226,172.217.194.0-255,5738,22557,41,196950
15519,0.000229,172.31.46.0-255,66,22623,41,196950
15520,0.000271,172.31.46.0-255,66,22689,41,196950
15521,0.000318,172.31.46.0-255,66,22755,41,196950
15522,0.000345,172.217.194.0-255,2857,25612,41,196950
15523,0.000347,172.31.46.0-255,66,25678,41,196950
15524,0.00035,172.217.194.0-255,366,26044,41,196950
15525,0.000353,172.31.46.0-255,66,26110,41,196950
15526,0.000502,172.217.194.0-255,1484,27594,41,196950
15527,0.000506,172.31.46.0-255,66,27660,41,196950
15528,0.000512,172.217.194.0-255,2902,30562,41,196950
15529,0.000515,172.31.46.0-255,66,30628,41,196950
15530,0.000525,172.217.194.0-255,2902,33530,41,196950
15531,0.000552,172.217.194.0-255,2902,36432,41,196950
15532,0.000604,172.217.194.0-255,2184,38616,41,196950
15533,0.000656,172.31.46.0-255,66,38682,41,196950
15534,0.000897,172.217.194.0-255,1484,40166,41,196950
15535,0.000903,172.217.194.0-255,2902,43068,41,196950
15536,0.000907,172.217.194.0-255,1484,44552,41,196950
15537,0.000924,172.217.194.0-255,2902,47454,41,196950
15538,0.000929,172.217.194.0-255,4320,51774,41,196950
15539,0.000939,172.31.46.0-255,66,51840,41,196950
15540,0.000945,172.217.194.0-255,4320,56160,41,196950
15541,0.000965,172.31.46.0-255,66,56226,41,196950
15542,0.00097,172.217.194.0-255,1484,57710,41,196950
15543,0.001017,172.31.46.0-255,66,57776,41,196950
15544,0.001166,172.217.194.0-255,1484,59260,41,196950
15545,0.001172,172.217.194.0-255,2902,62162,41,196950
15546,0.00118,172.31.46.0-255,66,62228,41,196950
15547,0.001202,172.217.194.0-255,5738,67966,41,196950
15548,0.001205,172.217.194.0-255,1484,69450,41,196950
15549,0.001221,172.31.46.0-255,66,69516,41,196950
15550,0.001273,172.31.46.0-255,66,69582,41,196950
15551,0.001353,172.217.194.0-255,1484,71066,41,196950
15552,0.001359,172.217.194.0-255,2902,73968,41,196950
15553,0.001364,172.217.194.0-255,4320,78288,41,196950
15554,0.001378,172.31.46.0-255,66,78354,41,196950
15555,0.001381,172.217.194.0-255,1484,79838,41,196950
15556,0.001387,172.217.194.0-255,5738,85576,41,196950
15557,0.001413,172.31.46.0-255,66,85642,41,196950
15558,0.001427,172.217.194.0-255,5738,91380,41,196950
15559,0.001433,172.217.194.0-255,5020,96400,41,196950
15560,0.001458,172.31.46.0-255,66,96466,41,196950
15561,0.001544,172.217.194.0-255,1484,97950,41,196950
15562,0.001575,172.217.194.0-255,2902,100852,41,196950
15563,0.001581,172.217.194.0-255,4320,105172,41,196950
15564,0.001618,172.31.46.0-255,66,105238,41,196950
15565,0.001634,172.217.194.0-255,5738,110976,41,196950
15566,0.001638,172.217.194.0-255,1484,112460,41,196950
15567,0.001653,172.217.194.0-255,2902,115362,41,196950
15568,0.001659,172.217.194.0-255,5738,121100,41,196950
15569,0.001677,172.31.46.0-255,66,121166,41,196950
15570,0.001699,172.217.194.0-255,5738,126904,41,196950
15571,0.001718,172.31.46.0-255,66,126970,41,196950
15572,0.001775,172.217.194.0-255,3602,130572,41,196950
15573,0.001787,172.31.46.0-255,66,130638,41,196950
15574,0.001893,172.217.194.0-255,1484,132122,41,196950
15575,0.001898,172.217.194.0-255,2902,135024,41,196950
15576,0.001921,172.217.194.0-255,5738,140762,41,196950
15577,0.001937,172.217.194.0-255,4320,145082,41,196950
15578,0.00194,172.31.46.0-255,66,145148,41,196950
15579,0.001945,172.31.46.0-255,66,145214,41,196950
15580,0.001983,172.31.46.0-255,66,145280,41,196950
15581,0.001992,172.217.194.0-255,2902,148182,41,196950
15582,0.001997,172.31.46.0-255,66,148248,41,196950
15583,0.002074,172.31.46.0-255,66,148314,41,196950
15584,0.002154,172.217.194.0-255,1484,149798,41,196950
15585,0.002158,172.217.194.0-255,1484,151282,41,196950
15586,0.002169,172.217.194.0-255,1484,152766,41,196950
15587,0.002173,172.217.194.0-255,1484,154250,41,196950
15588,0.002191,172.217.194.0-255,4320,158570,41,196950
15589,0.002198,172.217.194.0-255,5738,164308,41,196950
15590,0.002205,172.31.46.0-255,66,164374,41,196950
15591,0.002222,172.217.194.0-255,1484,165858,41,196950
15592,0.002241,172.217.194.0-255,1484,167342,41,196950
15593,0.002257,172.31.46.0-255,66,167408,41,196950
15594,0.002279,172.31.46.0-255,66,167474,41,196950
15595,0.002299,172.217.194.0-255,5020,172494,41,196950
15596,0.002326,172.31.46.0-255,66,172560,41,196950
15597,0.002339,172.217.194.0-255,5738,178298,41,196950
15598,0.00235,172.217.194.0-255,5020,183318,41,196950
15599,0.002352,172.217.194.0-255,1484,184802,41,196950
15600,0.002359,172.31.46.0-255,66,184868,41,196950
15601,0.00238,172.217.194.0-255,2902,187770,41,196950
15602,0.002387,172.217.194.0-255,5738,193508,41,196950
15603,0.002405,172.31.46.0-255,66,193574,41,196950
15604,0.002414,172.217.194.0-255,2902,196476,41,196950
15605,0.002419,172.31.46.0-255,66,196542,41,196950
15606,0.002586,172.217.194.0-255,105,196647,41,196950
15607,0.002589,172.31.46.0-255,66,196713,41,196950
15608,0.002605,172.31.46.0-255,66,196779,41,196950
15609,0.005,172.31.46.0-255,105,196884,41,196950
15610,0.007655,172.217.194.0-255,66,196950,41,196950
15611,0.0,172.217.194.0-255,153,153,41,134997
15612,1.7e-05,172.31.46.0-255,66,219,41,134997
15613,2.4e-05,172.217.194.0-255,1484,1703,41,134997
15614,2.9e-05,172.31.46.0-255,66,1769,41,134997
15615,4.2e-05,172.217.194.0-255,2902,4671,41,134997
15616,4.6e-05,172.31.46.0-255,66,4737,41,134997
15617,5.3e-05,172.217.194.0-255,4320,9057,41,134997
15618,5.7e-05,172.31.46.0-255,66,9123,41,134997
15619,9.5e-05,172.217.194.0-255,2902,12025,41,134997
15620,9.8e-05,172.31.46.0-255,66,12091,41,134997
15621,0.000104,172.217.194.0-255,3500,15591,41,134997
15622,0.000106,172.31.46.0-255,66,15657,41,134997
15623,0.000112,172.217.194.0-255,4320,19977,41,134997
15624,0.000114,172.31.46.0-255,66,20043,41,134997
15625,0.000126,172.31.46.0-255,66,20109,41,134997
15626,0.000128,172.217.194.0-255,1125,21234,41,134997
15627,0.000131,172.31.46.0-255,66,21300,41,134997
15628,0.000171,172.217.194.0-255,1484,22784,41,134997
15629,0.000178,172.31.46.0-255,66,22850,41,134997
15630,0.000183,172.217.194.0-255,2902,25752,41,134997
15631,0.000185,172.31.46.0-255,66,25818,41,134997
15632,0.000189,172.217.194.0-255,2902,28720,41,134997
15633,0.000191,172.31.46.0-255,66,28786,41,134997
15634,0.00022,172.217.194.0-255,2902,31688,41,134997
15635,0.000222,172.31.46.0-255,66,31754,41,134997
15636,0.000236,172.31.46.0-255,66,31820,41,134997
15637,0.000273,172.217.194.0-255,5738,37558,41,134997
15638,0.000276,172.31.46.0-255,66,37624,41,134997
15639,0.000297,172.217.194.0-255,5631,43255,41,134997
15640,0.0003,172.31.46.0-255,66,43321,41,134997
15641,0.000361,172.217.194.0-255,1484,44805,41,134997
15642,0.000367,172.217.194.0-255,2902,47707,41,134997
15643,0.00037,172.31.46.0-255,66,47773,41,134997
15644,0.000373,172.217.194.0-255,1484,49257,41,134997
15645,0.000401,172.217.194.0-255,4320,53577,41,134997
15646,0.000404,172.31.46.0-255,66,53643,41,134997
15647,0.00041,172.217.194.0-255,5738,59381,41,134997
15648,0.000412,172.31.46.0-255,66,59447,41,134997
15649,0.000456,172.31.46.0-255,66,59513,41,134997
15650,0.000469,172.31.46.0-255,66,59579,41,134997
15651,0.000527,172.217.194.0-255,1484,61063,41,134997
15652,0.000533,172.217.194.0-255,2902,63965,41,134997
15653,0.000536,172.31.46.0-255,66,64031,41,134997
15654,0.000543,172.217.194.0-255,5738,69769,41,134997
15655,0.000545,172.31.46.0-255,66,69835,41,134997
15656,0.000575,172.217.194.0-255,5738,75573,41,134997
15657,0.000578,172.31.46.0-255,66,75639,41,134997
15658,0.000608,172.31.46.0-255,66,75705,41,134997
15659,0.000677,172.31.46.0-255,66,75771,41,134997
15660,0.000689,172.31.46.0-255,66,75837,41,134997
15661,0.000709,172.31.46.0-255,66,75903,41,134997
15662,0.000712,172.217.194.0-255,766,76669,41,134997
15663,0.001087,172.217.194.0-255,1484,78153,41,134997
15664,0.001092,172.31.46.0-255,66,78219,41,134997
15665,0.001099,172.217.194.0-255,2902,81121,41,134997
15666,0.001101,172.31.46.0-255,66,81187,41,134997
15667,0.00113,172.217.194.0-255,5738,86925,41,134997
15668,0.001133,172.31.46.0-255,66,86991,41,134997
15669,0.001139,172.217.194.0-255,5738,92729,41,134997
15670,0.001142,172.31.46.0-255,66,92795,41,134997
15671,0.001194,172.31.46.0-255,66,92861,41,134997
15672,0.0012,172.217.194.0-255,5020,97881,41,134997
15673,0.001202,172.31.46.0-255,66,97947,41,134997
15674,0.001287,172.217.194.0-255,1484,99431,41,134997
15675,0.001293,172.217.194.0-255,2902,102333,41,134997
15676,0.001295,172.31.46.0-255,66,102399,41,134997
15677,0.001323,172.217.194.0-255,5738,108137,41,134997
15678,0.001326,172.31.46.0-255,66,108203,41,134997
15679,0.001362,172.31.46.0-255,66,108269,41,134997
15680,0.001373,172.31.46.0-255,66,108335,41,134997
15681,0.001394,172.217.194.0-255,1484,109819,41,134997
15682,0.001429,172.31.46.0-255,66,109885,41,134997
15683,0.001443,172.31.46.0-255,66,109951,41,134997
15684,0.00149,172.31.46.0-255,66,110017,41,134997
15685,0.001493,172.217.194.0-255,1484,111501,41,134997
15686,0.001498,172.217.194.0-255,2902,114403,41,134997
15687,0.0015,172.31.46.0-255,66,114469,41,134997
15688,0.001506,172.217.194.0-255,2902,117371,41,134997
15689,0.001508,172.31.46.0-255,66,117437,41,134997
15690,0.001533,172.217.194.0-255,2902,120339,41,134997
15691,0.001557,172.31.46.0-255,66,120405,41,134997
15692,0.00156,172.31.46.0-255,66,120471,41,134997
15693,0.001563,172.31.46.0-255,66,120537,41,134997
15694,0.001599,172.31.46.0-255,66,120603,41,134997
15695,0.001619,172.31.46.0-255,66,120669,41,134997
15696,0.00166,172.217.194.0-255,2902,123571,41,134997
15697,0.001662,172.31.46.0-255,66,123637,41,134997
15698,0.001688,172.31.46.0-255,66,123703,41,134997
15699,0.001694,172.217.194.0-255,5020,128723,41,134997
15700,0.001696,172.31.46.0-255,66,128789,41,134997
15701,0.001776,172.31.46.0-255,66,128855,41,134997
15702,0.001793,172.217.194.0-255,5738,134593,41,134997
15703,0.001798,172.31.46.0-255,66,134659,41,134997
15704,0.001838,172.217.194.0-255,105,134764,41,134997
15705,0.001857,172.31.46.0-255,66,134830,41,134997
15706,0.003883,172.31.46.0-255,101,134931,41,134997
15707,0.006076,172.217.194.0-255,66,134997,41,134997
15708,0.0,74.125.200.0-255,146,146,41,44196
15709,1.6e-05,172.31.46.0-255,66,212,41,44196
15710,2.3e-05,74.125.200.0-255,1484,1696,41,44196
15711,2.8e-05,172.31.46.0-255,66,1762,41,44196
15712,3.4e-05,74.125.200.0-255,2902,4664,41,44196
15713,4.5e-05,172.31.46.0-255,66,4730,41,44196
15714,8.5e-05,74.125.200.0-255,4320,9050,41,44196
15715,8.8e-05,172.31.46.0-255,66,9116,41,44196
15716,0.000165,74.125.200.0-255,2902,12018,41,44196
15717,0.000168,172.31.46.0-255,66,12084,41,44196
15718,0.000186,74.125.200.0-255,2092,14176,41,44196
15719,0.000189,172.31.46.0-255,66,14242,41,44196
15720,0.000272,172.31.46.0-255,66,14308,41,44196
15721,0.000298,74.125.200.0-255,2902,17210,41,44196
15722,0.000301,172.31.46.0-255,66,17276,41,44196
15723,0.000502,74.125.200.0-255,5379,22655,41,44196
15724,0.000508,172.31.46.0-255,66,22721,41,44196
15725,0.000612,172.31.46.0-255,66,22787,41,44196
15726,0.000652,172.31.46.0-255,66,22853,41,44196
15727,0.000958,172.31.46.0-255,66,22919,41,44196
15728,0.001009,172.31.46.0-255,66,22985,41,44196
15729,0.001433,172.31.46.0-255,66,23051,41,44196
15730,0.001623,172.31.46.0-255,66,23117,41,44196
15731,0.001649,172.31.46.0-255,66,23183,41,44196
15732,0.00195,74.125.200.0-255,4320,27503,41,44196
15733,0.001956,172.31.46.0-255,66,27569,41,44196
15734,0.001995,172.31.46.0-255,66,27635,41,44196
15735,0.002532,74.125.200.0-255,2902,30537,41,44196
15736,0.002535,172.31.46.0-255,66,30603,41,44196
15737,0.002574,172.31.46.0-255,66,30669,41,44196
15738,0.002945,74.125.200.0-255,4320,34989,41,44196
15739,0.002948,172.31.46.0-255,66,35055,41,44196
15740,0.002996,172.31.46.0-255,66,35121,41,44196
15741,0.003644,172.31.46.0-255,66,35187,41,44196
15742,0.0037,172.31.46.0-255,66,35253,41,44196
15743,0.004625,172.31.46.0-255,66,35319,41,44196
15744,0.005583,74.125.200.0-255,2902,38221,41,44196
15745,0.006574,74.125.200.0-255,5738,43959,41,44196
15746,0.00711,172.31.46.0-255,66,44025,41,44196
15747,0.007623,172.31.46.0-255,66,44091,41,44196
15748,0.00878,172.31.46.0-255,105,44196,41,44196
15749,0.0,172.217.27.0-255,154,154,41,98896
15750,1.5e-05,172.31.46.0-255,66,220,41,98896
15751,2.1e-05,172.217.27.0-255,1484,1704,41,98896
15752,2.6e-05,172.31.46.0-255,66,1770,41,98896
15753,3.4e-05,172.217.27.0-255,2902,4672,41,98896
15754,4.5e-05,172.31.46.0-255,66,4738,41,98896
15755,5.5e-05,172.31.46.0-255,66,4804,41,98896
15756,8.9e-05,172.217.27.0-255,2037,6841,41,98896
15757,9.2e-05,172.31.46.0-255,66,6907,41,98896
15758,9.7e-05,172.217.27.0-255,2902,9809,41,98896
15759,9.9e-05,172.31.46.0-255,66,9875,41,98896
15760,0.000105,172.217.27.0-255,4320,14195,41,98896
15761,0.000107,172.31.46.0-255,66,14261,41,98896
15762,0.000131,172.217.27.0-255,2902,17163,41,98896
15763,0.000133,172.31.46.0-255,66,17229,41,98896
15764,0.000148,172.217.27.0-255,4320,21549,41,98896
15765,0.000155,172.31.46.0-255,66,21615,41,98896
15766,0.000172,172.217.27.0-255,2543,24158,41,98896
15767,0.000175,172.31.46.0-255,66,24224,41,98896
15768,0.000197,172.217.27.0-255,1484,25708,41,98896
15769,0.000199,172.31.46.0-255,66,25774,41,98896
15770,0.000204,172.217.27.0-255,2902,28676,41,98896
15771,0.000206,172.31.46.0-255,66,28742,41,98896
15772,0.00024,172.217.27.0-255,5738,34480,41,98896
15773,0.000242,172.31.46.0-255,66,34546,41,98896
15774,0.000277,172.31.46.0-255,66,34612,41,98896
15775,0.000353,172.217.27.0-255,5738,40350,41,98896
15776,0.000357,172.31.46.0-255,66,40416,41,98896
15777,0.000379,172.217.27.0-255,1484,41900,41,98896
15778,0.000382,172.31.46.0-255,66,41966,41,98896
15779,0.000387,172.217.27.0-255,2839,44805,41,98896
15780,0.000389,172.31.46.0-255,66,44871,41,98896
15781,0.000642,172.217.27.0-255,136,45007,41,98896
15782,0.000813,172.217.27.0-255,1484,46491,41,98896
15783,0.000818,172.31.46.0-255,66,46557,41,98896
15784,0.000824,172.217.27.0-255,2902,49459,41,98896
15785,0.000826,172.31.46.0-255,66,49525,41,98896
15786,0.000829,172.217.27.0-255,1484,51009,41,98896
15787,0.000865,172.217.27.0-255,4320,55329,41,98896
15788,0.000867,172.31.46.0-255,66,55395,41,98896
15789,0.000879,172.31.46.0-255,66,55461,41,98896
15790,0.000924,172.217.27.0-255,5738,61199,41,98896
15791,0.000927,172.31.46.0-255,66,61265,41,98896
15792,0.000953,172.217.27.0-255,4320,65585,41,98896
15793,0.000956,172.31.46.0-255,66,65651,41,98896
15794,0.000986,172.217.27.0-255,3961,69612,41,98896
15795,0.00099,172.31.46.0-255,66,69678,41,98896
15796,0.002574,172.217.27.0-255,1484,71162,41,98896
15797,0.002599,172.217.27.0-255,4320,75482,41,98896
15798,0.002604,172.31.46.0-255,66,75548,41,98896
15799,0.004225,172.217.27.0-255,5738,81286,41,98896
15800,0.004228,172.31.46.0-255,66,81352,41,98896
15801,0.005841,172.217.27.0-255,2902,84254,41,98896
15802,0.005844,172.31.46.0-255,66,84320,41,98896
15803,0.005861,172.217.27.0-255,2902,87222,41,98896
15804,0.005863,172.31.46.0-255,66,87288,41,98896
15805,0.007479,172.217.27.0-255,5738,93026,41,98896
15806,0.007485,172.31.46.0-255,66,93092,41,98896
15807,0.009133,172.217.27.0-255,5738,98830,41,98896
15808,0.009143,172.31.46.0-255,66,98896,41,98896
15809,0.0,74.125.68.0-255,152,152,41,170569
15810,2.3e-05,172.31.46.0-255,66,218,41,170569
15811,3e-05,74.125.68.0-255,1484,1702,41,170569
15812,3.4e-05,172.31.46.0-255,66,1768,41,170569
15813,4.8e-05,74.125.68.0-255,2902,4670,41,170569
15814,5.2e-05,172.31.46.0-255,66,4736,41,170569
15815,5.5e-05,74.125.68.0-255,1484,6220,41,170569
15816,5.8e-05,172.31.46.0-255,66,6286,41,170569
15817,6.3e-05,74.125.68.0-255,2902,9188,41,170569
15818,6.6e-05,172.31.46.0-255,66,9254,41,170569
15819,8.9e-05,74.125.68.0-255,4786,14040,41,170569
15820,9.8e-05,172.31.46.0-255,66,14106,41,170569
15821,0.000172,74.125.68.0-255,1484,15590,41,170569
15822,0.000175,172.31.46.0-255,66,15656,41,170569
15823,0.000201,74.125.68.0-255,2902,18558,41,170569
15824,0.000204,172.31.46.0-255,66,18624,41,170569
15825,0.000211,74.125.68.0-255,5738,24362,41,170569
15826,0.000214,172.31.46.0-255,66,24428,41,170569
15827,0.000236,74.125.68.0-255,1484,25912,41,170569
15828,0.000238,172.31.46.0-255,66,25978,41,170569
15829,0.000271,74.125.68.0-255,1484,27462,41,170569
15830,0.000273,172.31.46.0-255,66,27528,41,170569
15831,0.000297,74.125.68.0-255,1484,29012,41,170569
15832,0.000299,172.31.46.0-255,66,29078,41,170569
15833,0.000303,74.125.68.0-255,2543,31621,41,170569
15834,0.000306,172.31.46.0-255,66,31687,41,170569
15835,0.000327,74.125.68.0-255,2902,34589,41,170569
15836,0.000329,172.31.46.0-255,66,34655,41,170569
15837,0.000332,74.125.68.0-255,1484,36139,41,170569
15838,0.000334,172.31.46.0-255,66,36205,41,170569
15839,0.000338,74.125.68.0-255,2902,39107,41,170569
15840,0.00034,172.31.46.0-255,66,39173,41,170569
15841,0.000373,74.125.68.0-255,2902,42075,41,170569
15842,0.000375,172.31.46.0-255,66,42141,41,170569
15843,0.000409,172.31.46.0-255,66,42207,41,170569
15844,0.000908,74.125.68.0-255,1484,43691,41,170569
15845,0.000915,74.125.68.0-255,2902,46593,41,170569
15846,0.000919,172.31.46.0-255,66,46659,41,170569
15847,0.000951,74.125.68.0-255,4320,50979,41,170569
15848,0.000954,172.31.46.0-255,66,51045,41,170569
15849,0.00096,74.125.68.0-255,5738,56783,41,170569
15850,0.000962,172.31.46.0-255,66,56849,41,170569
15851,0.000994,74.125.68.0-255,4320,61169,41,170569
15852,0.000996,172.31.46.0-255,66,61235,41,170569
15853,0.001021,74.125.68.0-255,1125,62360,41,170569
15854,0.001028,74.125.68.0-255,5738,68098,41,170569
15855,0.00103,172.31.46.0-255,66,68164,41,170569
15856,0.001035,74.125.68.0-255,4320,72484,41,170569
15857,0.001038,172.31.46.0-255,66,72550,41,170569
15858,0.001082,74.125.68.0-255,4542,77092,41,170569
15859,0.001086,172.31.46.0-255,66,77158,41,170569
15860,0.00114,74.125.68.0-255,1484,78642,41,170569
15861,0.001159,74.125.68.0-255,2902,81544,41,170569
15862,0.001162,172.31.46.0-255,66,81610,41,170569
15863,0.001196,74.125.68.0-255,5738,87348,41,170569
15864,0.001199,172.31.46.0-255,66,87414,41,170569
15865,0.001205,74.125.68.0-255,5738,93152,41,170569
15866,0.001207,172.31.46.0-255,66,93218,41,170569
15867,0.001232,74.125.68.0-255,1125,94343,41,170569
15868,0.001401,74.125.68.0-255,1484,95827,41,170569
15869,0.001407,172.31.46.0-255,66,95893,41,170569
15870,0.001412,74.125.68.0-255,1484,97377,41,170569
15871,0.001434,74.125.68.0-255,1484,98861,41,170569
15872,0.001437,172.31.46.0-255,66,98927,41,170569
15873,0.001468,74.125.68.0-255,5738,104665,41,170569
15874,0.00147,172.31.46.0-255,66,104731,41,170569
15875,0.001475,74.125.68.0-255,2902,107633,41,170569
15876,0.001477,172.31.46.0-255,66,107699,41,170569
15877,0.001482,74.125.68.0-255,4320,112019,41,170569
15878,0.001484,172.31.46.0-255,66,112085,41,170569
15879,0.0015,172.31.46.0-255,66,112151,41,170569
15880,0.001507,74.125.68.0-255,5738,117889,41,170569
15881,0.001509,172.31.46.0-255,66,117955,41,170569
15882,0.001538,74.125.68.0-255,2184,120139,41,170569
15883,0.00154,172.31.46.0-255,66,120205,41,170569
15884,0.001572,74.125.68.0-255,2902,123107,41,170569
15885,0.001575,172.31.46.0-255,66,123173,41,170569
15886,0.001581,74.125.68.0-255,5738,128911,41,170569
15887,0.001584,172.31.46.0-255,66,128977,41,170569
15888,0.001598,74.125.68.0-255,1484,130461,41,170569
15889,0.001605,74.125.68.0-255,4320,134781,41,170569
15890,0.001611,172.31.46.0-255,66,134847,41,170569
15891,0.001617,74.125.68.0-255,4320,139167,41,170569
15892,0.001619,172.31.46.0-255,66,139233,41,170569
15893,0.00165,74.125.68.0-255,1484,140717,41,170569
15894,0.001661,172.31.46.0-255,66,140783,41,170569
15895,0.001684,74.125.68.0-255,1484,142267,41,170569
15896,0.001705,74.125.68.0-255,5020,147287,41,170569
15897,0.001708,172.31.46.0-255,66,147353,41,170569
15898,0.003683,74.125.68.0-255,5738,153091,41,170569
15899,0.003691,172.31.46.0-255,66,153157,41,170569
15900,0.005662,74.125.68.0-255,5738,158895,41,170569
15901,0.005667,172.31.46.0-255,66,158961,41,170569
15902,0.007649,74.125.68.0-255,5738,164699,41,170569
15903,0.007656,172.31.46.0-255,66,164765,41,170569
15904,0.009647,74.125.68.0-255,5738,170503,41,170569
15905,0.009654,172.31.46.0-255,66,170569,41,170569
15906,0.0,74.125.24.0-255,809,809,41,76154
15907,2e-05,74.125.24.0-255,1484,2293,41,76154
15908,3.2e-05,172.31.46.0-255,66,2359,41,76154
15909,4.1e-05,74.125.24.0-255,4320,6679,41,76154
15910,4.5e-05,172.31.46.0-255,66,6745,41,76154
15911,0.00013,74.125.24.0-255,4320,11065,41,76154
15912,0.000134,172.31.46.0-255,66,11131,41,76154
15913,0.000154,74.125.24.0-255,2827,13958,41,76154
15914,0.000156,172.31.46.0-255,66,14024,41,76154
15915,0.000376,74.125.24.0-255,1484,15508,41,76154
15916,0.000434,74.125.24.0-255,2902,18410,41,76154
15917,0.000439,172.31.46.0-255,66,18476,41,76154
15918,0.000526,74.125.24.0-255,5738,24214,41,76154
15919,0.00053,172.31.46.0-255,66,24280,41,76154
15920,0.000715,74.125.24.0-255,4320,28600,41,76154
15921,0.00072,172.31.46.0-255,66,28666,41,76154
15922,0.00074,74.125.24.0-255,2902,31568,41,76154
15923,0.000743,172.31.46.0-255,66,31634,41,76154
15924,0.002295,74.125.24.0-255,5738,37372,41,76154
15925,0.002311,172.31.46.0-255,66,37438,41,76154
15926,0.002365,74.125.24.0-255,2902,40340,41,76154
15927,0.002812,74.125.24.0-255,2902,43242,41,76154
15928,0.002825,74.125.24.0-255,1484,44726,41,76154
15929,0.003469,74.125.24.0-255,2902,47628,41,76154
15930,0.004097,74.125.24.0-255,2902,50530,41,76154
15931,0.004119,74.125.24.0-255,4320,54850,41,76154
15932,0.005377,172.31.46.0-255,66,54916,41,76154
15933,0.005924,172.31.46.0-255,66,54982,41,76154
15934,0.007655,172.31.46.0-255,66,55048,41,76154
15935,0.007697,172.31.46.0-255,66,55114,41,76154
15936,0.007749,172.31.46.0-255,66,55180,41,76154
15937,0.007777,172.31.46.0-255,66,55246,41,76154
15938,0.008028,74.125.24.0-255,3518,58764,41,76154
15939,0.008033,172.31.46.0-255,66,58830,41,76154
15940,0.008246,74.125.24.0-255,2902,61732,41,76154
15941,0.00825,172.31.46.0-255,66,61798,41,76154
15942,0.008326,172.31.46.0-255,66,61864,41,76154
15943,0.00835,74.125.24.0-255,2286,64150,41,76154
15944,0.008352,172.31.46.0-255,66,64216,41,76154
15945,0.008367,74.125.24.0-255,1484,65700,41,76154
15946,0.008398,172.31.46.0-255,66,65766,41,76154
15947,0.008427,74.125.24.0-255,4320,70086,41,76154
15948,0.008431,172.31.46.0-255,66,70152,41,76154
15949,0.008622,74.125.24.0-255,5738,75890,41,76154
15950,0.008627,172.31.46.0-255,66,75956,41,76154
15951,0.008669,172.31.46.0-255,66,76022,41,76154
15952,0.008921,172.31.46.0-255,66,76088,41,76154
15953,0.009913,172.31.46.0-255,66,76154,41,76154
15954,0.0,74.125.24.0-255,153,153,41,156510
15955,2.1e-05,172.31.46.0-255,66,219,41,156510
15956,3.8e-05,74.125.24.0-255,1484,1703,41,156510
15957,5e-05,172.31.46.0-255,66,1769,41,156510
15958,5.5e-05,74.125.24.0-255,2902,4671,41,156510
15959,5.9e-05,172.31.46.0-255,66,4737,41,156510
15960,6.5e-05,74.125.24.0-255,5738,10475,41,156510
15961,6.8e-05,172.31.46.0-255,66,10541,41,156510
15962,9.1e-05,74.125.24.0-255,5738,16279,41,156510
15963,9.4e-05,172.31.46.0-255,66,16345,41,156510
15964,0.000123,172.31.46.0-255,66,16411,41,156510
15965,0.000136,172.31.46.0-255,66,16477,41,156510
15966,0.00057,74.125.24.0-255,1484,17961,41,156510
15967,0.000574,172.31.46.0-255,66,18027,41,156510
15968,0.00058,74.125.24.0-255,2902,20929,41,156510
15969,0.000582,172.31.46.0-255,66,20995,41,156510
15970,0.000588,74.125.24.0-255,5738,26733,41,156510
15971,0.000595,172.31.46.0-255,66,26799,41,156510
15972,0.000598,74.125.24.0-255,1484,28283,41,156510
15973,0.000599,172.31.46.0-255,66,28349,41,156510
15974,0.000626,74.125.24.0-255,5379,33728,41,156510
15975,0.000628,172.31.46.0-255,66,33794,41,156510
15976,0.000642,172.31.46.0-255,66,33860,41,156510
15977,0.000667,74.125.24.0-255,4320,38180,41,156510
15978,0.000669,172.31.46.0-255,66,38246,41,156510
15979,0.000677,74.125.24.0-255,2543,40789,41,156510
15980,0.000679,172.31.46.0-255,66,40855,41,156510
15981,0.000681,74.125.24.0-255,647,41502,41,156510
15982,0.000683,172.31.46.0-255,66,41568,41,156510
15983,0.000779,74.125.24.0-255,1484,43052,41,156510
15984,0.000786,74.125.24.0-255,2902,45954,41,156510
15985,0.000789,172.31.46.0-255,66,46020,41,156510
15986,0.000793,74.125.24.0-255,2902,48922,41,156510
15987,0.000795,172.31.46.0-255,66,48988,41,156510
15988,0.000816,74.125.24.0-255,2902,51890,41,156510
15989,0.000824,172.31.46.0-255,66,51956,41,156510
15990,0.000827,74.125.24.0-255,1484,53440,41,156510
15991,0.000847,74.125.24.0-255,5738,59178,41,156510
15992,0.00085,172.31.46.0-255,66,59244,41,156510
15993,0.000878,74.125.24.0-255,2902,62146,41,156510
15994,0.000881,172.31.46.0-255,66,62212,41,156510
15995,0.000902,172.31.46.0-255,66,62278,41,156510
15996,0.000943,74.125.24.0-255,1484,63762,41,156510
15997,0.000949,74.125.24.0-255,2902,66664,41,156510
15998,0.000952,172.31.46.0-255,66,66730,41,156510
15999,0.000959,74.125.24.0-255,5738,72468,41,156510
16000,0.000961,172.31.46.0-255,66,72534,41,156510
16001,0.00097,74.125.24.0-255,4320,76854,41,156510
16002,0.000973,172.31.46.0-255,66,76920,41,156510
16003,0.001003,74.125.24.0-255,2902,79822,41,156510
16004,0.001006,172.31.46.0-255,66,79888,41,156510
16005,0.001042,172.31.46.0-255,66,79954,41,156510
16006,0.001052,172.31.46.0-255,66,80020,41,156510
16007,0.001181,74.125.24.0-255,1484,81504,41,156510
16008,0.001188,74.125.24.0-255,2902,84406,41,156510
16009,0.001191,172.31.46.0-255,66,84472,41,156510
16010,0.001225,74.125.24.0-255,5738,90210,41,156510
16011,0.001228,172.31.46.0-255,66,90276,41,156510
16012,0.001234,74.125.24.0-255,4320,94596,41,156510
16013,0.001236,172.31.46.0-255,66,94662,41,156510
16014,0.001239,74.125.24.0-255,1484,96146,41,156510
16015,0.001277,172.31.46.0-255,66,96212,41,156510
16016,0.001286,172.31.46.0-255,66,96278,41,156510
16017,0.001314,74.125.24.0-255,766,97044,41,156510
16018,0.001746,74.125.24.0-255,1484,98528,41,156510
16019,0.001751,172.31.46.0-255,66,98594,41,156510
16020,0.001758,74.125.24.0-255,2902,101496,41,156510
16021,0.00176,172.31.46.0-255,66,101562,41,156510
16022,0.001766,74.125.24.0-255,5738,107300,41,156510
16023,0.001774,172.31.46.0-255,66,107366,41,156510
16024,0.001779,74.125.24.0-255,4320,111686,41,156510
16025,0.001782,172.31.46.0-255,66,111752,41,156510
16026,0.001822,172.31.46.0-255,66,111818,41,156510
16027,0.001827,74.125.24.0-255,2902,114720,41,156510
16028,0.001829,172.31.46.0-255,66,114786,41,156510
16029,0.001858,74.125.24.0-255,5020,119806,41,156510
16030,0.001861,172.31.46.0-255,66,119872,41,156510
16031,0.002012,74.125.24.0-255,1484,121356,41,156510
16032,0.002026,74.125.24.0-255,2902,124258,41,156510
16033,0.002029,172.31.46.0-255,66,124324,41,156510
16034,0.002057,74.125.24.0-255,4320,128644,41,156510
16035,0.00206,172.31.46.0-255,66,128710,41,156510
16036,0.002086,74.125.24.0-255,1484,130194,41,156510
16037,0.00209,74.125.24.0-255,2902,133096,41,156510
16038,0.002093,172.31.46.0-255,66,133162,41,156510
16039,0.002124,172.31.46.0-255,66,133228,41,156510
16040,0.002175,74.125.24.0-255,5738,138966,41,156510
16041,0.002178,172.31.46.0-255,66,139032,41,156510
16042,0.002207,172.31.46.0-255,66,139098,41,156510
16043,0.004436,74.125.24.0-255,5738,144836,41,156510
16044,0.004443,172.31.46.0-255,66,144902,41,156510
16045,0.006695,74.125.24.0-255,5738,150640,41,156510
16046,0.006698,172.31.46.0-255,66,150706,41,156510
16047,0.008928,74.125.24.0-255,5738,156444,41,156510
16048,0.008931,172.31.46.0-255,66,156510,41,156510
16049,0.0,74.125.24.0-255,152,152,41,149850
16050,1.5e-05,172.31.46.0-255,66,218,41,149850
16051,2.2e-05,74.125.24.0-255,1484,1702,41,149850
16052,2.6e-05,172.31.46.0-255,66,1768,41,149850
16053,3.1e-05,74.125.24.0-255,2902,4670,41,149850
16054,4.1e-05,172.31.46.0-255,66,4736,41,149850
16055,4.8e-05,74.125.24.0-255,5738,10474,41,149850
16056,5e-05,172.31.46.0-255,66,10540,41,149850
16057,8.2e-05,74.125.24.0-255,1484,12024,41,149850
16058,8.5e-05,172.31.46.0-255,66,12090,41,149850
16059,9e-05,74.125.24.0-255,2003,14093,41,149850
16060,9.2e-05,172.31.46.0-255,66,14159,41,149850
16061,0.000121,74.125.24.0-255,2902,17061,41,149850
16062,0.000124,172.31.46.0-255,66,17127,41,149850
16063,0.000129,74.125.24.0-255,4320,21447,41,149850
16064,0.000131,172.31.46.0-255,66,21513,41,149850
16065,0.000155,74.125.24.0-255,2902,24415,41,149850
16066,0.000158,172.31.46.0-255,66,24481,41,149850
16067,0.000184,74.125.24.0-255,5738,30219,41,149850
16068,0.000187,172.31.46.0-255,66,30285,41,149850
16069,0.00019,74.125.24.0-255,1125,31410,41,149850
16070,0.000192,172.31.46.0-255,66,31476,41,149850
16071,0.000256,74.125.24.0-255,1484,32960,41,149850
16072,0.000259,172.31.46.0-255,66,33026,41,149850
16073,0.000274,74.125.24.0-255,2902,35928,41,149850
16074,0.000281,172.31.46.0-255,66,35994,41,149850
16075,0.000284,74.125.24.0-255,1484,37478,41,149850
16076,0.000285,172.31.46.0-255,66,37544,41,149850
16077,0.000292,74.125.24.0-255,5738,43282,41,149850
16078,0.000294,172.31.46.0-255,66,43348,41,149850
16079,0.000342,172.31.46.0-255,66,43414,41,149850
16080,0.000352,172.31.46.0-255,66,43480,41,149850
16081,0.00046,74.125.24.0-255,646,44126,41,149850
16082,0.00083,74.125.24.0-255,1484,45610,41,149850
16083,0.000835,172.31.46.0-255,66,45676,41,149850
16084,0.000841,74.125.24.0-255,2902,48578,41,149850
16085,0.000843,172.31.46.0-255,66,48644,41,149850
16086,0.000847,74.125.24.0-255,1484,50128,41,149850
16087,0.000879,74.125.24.0-255,4320,54448,41,149850
16088,0.000884,172.31.46.0-255,66,54514,41,149850
16089,0.000917,74.125.24.0-255,2902,57416,41,149850
16090,0.000919,172.31.46.0-255,66,57482,41,149850
16091,0.000946,74.125.24.0-255,3412,60894,41,149850
16092,0.000951,172.31.46.0-255,66,60960,41,149850
16093,0.000973,74.125.24.0-255,1484,62444,41,149850
16094,0.000978,74.125.24.0-255,2902,65346,41,149850
16095,0.00098,172.31.46.0-255,66,65412,41,149850
16096,0.001009,74.125.24.0-255,5738,71150,41,149850
16097,0.001012,172.31.46.0-255,66,71216,41,149850
16098,0.001016,74.125.24.0-255,2902,74118,41,149850
16099,0.001018,172.31.46.0-255,66,74184,41,149850
16100,0.00105,172.31.46.0-255,66,74250,41,149850
16101,0.001077,74.125.24.0-255,1484,75734,41,149850
16102,0.00111,172.31.46.0-255,66,75800,41,149850
16103,0.00138,74.125.24.0-255,1484,77284,41,149850
16104,0.001384,74.125.24.0-255,1484,78768,41,149850
16105,0.001389,172.31.46.0-255,66,78834,41,149850
16106,0.001399,74.125.24.0-255,1484,80318,41,149850
16107,0.001422,74.125.24.0-255,5738,86056,41,149850
16108,0.001424,172.31.46.0-255,66,86122,41,149850
16109,0.001453,172.31.46.0-255,66,86188,41,149850
16110,0.001481,74.125.24.0-255,1484,87672,41,149850
16111,0.001493,172.31.46.0-255,66,87738,41,149850
16112,0.001497,74.125.24.0-255,2184,89922,41,149850
16113,0.001499,172.31.46.0-255,66,89988,41,149850
16114,0.001951,74.125.24.0-255,1484,91472,41,149850
16115,0.001957,74.125.24.0-255,2902,94374,41,149850
16116,0.001961,172.31.46.0-255,66,94440,41,149850
16117,0.00199,74.125.24.0-255,5738,100178,41,149850
16118,0.001993,172.31.46.0-255,66,100244,41,149850
16119,0.002005,74.125.24.0-255,1484,101728,41,149850
16120,0.002036,172.31.46.0-255,66,101794,41,149850
16121,0.002048,172.31.46.0-255,66,101860,41,149850
16122,0.002055,74.125.24.0-255,766,102626,41,149850
16123,0.002086,74.125.24.0-255,1484,104110,41,149850
16124,0.002089,172.31.46.0-255,66,104176,41,149850
16125,0.002109,74.125.24.0-255,4320,108496,41,149850
16126,0.002111,172.31.46.0-255,66,108562,41,149850
16127,0.002115,74.125.24.0-255,2902,111464,41,149850
16128,0.002117,172.31.46.0-255,66,111530,41,149850
16129,0.00214,74.125.24.0-255,1484,113014,41,149850
16130,0.00215,172.31.46.0-255,66,113080,41,149850
16131,0.00218,74.125.24.0-255,2902,115982,41,149850
16132,0.002182,172.31.46.0-255,66,116048,41,149850
16133,0.002201,172.31.46.0-255,66,116114,41,149850
16134,0.002249,74.125.24.0-255,1484,117598,41,149850
16135,0.00227,74.125.24.0-255,2902,120500,41,149850
16136,0.002273,172.31.46.0-255,66,120566,41,149850
16137,0.002276,74.125.24.0-255,1484,122050,41,149850
16138,0.002303,74.125.24.0-255,4320,126370,41,149850
16139,0.002305,172.31.46.0-255,66,126436,41,149850
16140,0.002308,74.125.24.0-255,1484,127920,41,149850
16141,0.002341,172.31.46.0-255,66,127986,41,149850
16142,0.002346,74.125.24.0-255,4320,132306,41,149850
16143,0.002348,172.31.46.0-255,66,132372,41,149850
16144,0.002387,172.31.46.0-255,66,132438,41,149850
16145,0.004728,74.125.24.0-255,5738,138176,41,149850
16146,0.004736,172.31.46.0-255,66,138242,41,149850
16147,0.007079,74.125.24.0-255,5738,143980,41,149850
16148,0.007085,172.31.46.0-255,66,144046,41,149850
16149,0.009443,74.125.24.0-255,5738,149784,41,149850
16150,0.00945,172.31.46.0-255,66,149850,41,149850
16151,0.0,172.217.194.0-255,153,153,41,87304
16152,2.3e-05,172.31.46.0-255,66,219,41,87304
16153,3e-05,172.217.194.0-255,1484,1703,41,87304
16154,3.7e-05,172.31.46.0-255,66,1769,41,87304
16155,4.9e-05,172.217.194.0-255,2902,4671,41,87304
16156,5.3e-05,172.31.46.0-255,66,4737,41,87304
16157,6.5e-05,172.31.46.0-255,66,4803,41,87304
16158,8.2e-05,172.31.46.0-255,66,4869,41,87304
16159,0.000124,172.217.194.0-255,3961,8830,41,87304
16160,0.000127,172.31.46.0-255,66,8896,41,87304
16161,0.000131,172.217.194.0-255,1484,10380,41,87304
16162,0.000133,172.31.46.0-255,66,10446,41,87304
16163,0.000156,172.217.194.0-255,2902,13348,41,87304
16164,0.000159,172.31.46.0-255,66,13414,41,87304
16165,0.000176,172.31.46.0-255,66,13480,41,87304
16166,0.000179,172.217.194.0-255,1484,14964,41,87304
16167,0.000181,172.31.46.0-255,66,15030,41,87304
16168,0.000234,172.217.194.0-255,5738,20768,41,87304
16169,0.000237,172.31.46.0-255,66,20834,41,87304
16170,0.000277,172.31.46.0-255,66,20900,41,87304
16171,0.000645,172.217.194.0-255,646,21546,41,87304
16172,0.000651,172.31.46.0-255,66,21612,41,87304
16173,0.000932,172.217.194.0-255,1484,23096,41,87304
16174,0.000938,172.31.46.0-255,66,23162,41,87304
16175,0.000944,172.217.194.0-255,2902,26064,41,87304
16176,0.000947,172.31.46.0-255,66,26130,41,87304
16177,0.000954,172.217.194.0-255,5738,31868,41,87304
16178,0.000961,172.31.46.0-255,66,31934,41,87304
16179,0.000966,172.217.194.0-255,2902,34836,41,87304
16180,0.000968,172.31.46.0-255,66,34902,41,87304
16181,0.001024,172.31.46.0-255,66,34968,41,87304
16182,0.001041,172.31.46.0-255,66,35034,41,87304
16183,0.001137,172.217.194.0-255,1484,36518,41,87304
16184,0.001143,172.217.194.0-255,2902,39420,41,87304
16185,0.001146,172.31.46.0-255,66,39486,41,87304
16186,0.00118,172.217.194.0-255,5738,45224,41,87304
16187,0.001183,172.31.46.0-255,66,45290,41,87304
16188,0.001202,172.31.46.0-255,66,45356,41,87304
16189,0.001207,172.217.194.0-255,2902,48258,41,87304
16190,0.001209,172.31.46.0-255,66,48324,41,87304
16191,0.001253,172.31.46.0-255,66,48390,41,87304
16192,0.001335,172.31.46.0-255,66,48456,41,87304
16193,0.001362,172.217.194.0-255,2902,51358,41,87304
16194,0.001364,172.31.46.0-255,66,51424,41,87304
16195,0.00138,172.31.46.0-255,66,51490,41,87304
16196,0.002048,172.217.194.0-255,1484,52974,41,87304
16197,0.002056,172.217.194.0-255,2902,55876,41,87304
16198,0.002061,172.31.46.0-255,66,55942,41,87304
16199,0.002068,172.217.194.0-255,5738,61680,41,87304
16200,0.00207,172.31.46.0-255,66,61746,41,87304
16201,0.002073,172.217.194.0-255,1484,63230,41,87304
16202,0.002088,172.217.194.0-255,1484,64714,41,87304
16203,0.00209,172.31.46.0-255,66,64780,41,87304
16204,0.002123,172.31.46.0-255,66,64846,41,87304
16205,0.002126,172.217.194.0-255,1484,66330,41,87304
16206,0.002166,172.31.46.0-255,66,66396,41,87304
16207,0.002285,172.217.194.0-255,1484,67880,41,87304
16208,0.002301,172.217.194.0-255,1484,69364,41,87304
16209,0.002305,172.31.46.0-255,66,69430,41,87304
16210,0.004442,172.217.194.0-255,2902,72332,41,87304
16211,0.004449,172.31.46.0-255,66,72398,41,87304
16212,0.004567,172.217.194.0-255,2902,75300,41,87304
16213,0.004571,172.31.46.0-255,66,75366,41,87304
16214,0.006735,172.217.194.0-255,2902,78268,41,87304
16215,0.006742,172.31.46.0-255,66,78334,41,87304
16216,0.006846,172.217.194.0-255,1484,79818,41,87304
16217,0.006858,172.217.194.0-255,1484,81302,41,87304
16218,0.00686,172.31.46.0-255,66,81368,41,87304
16219,0.009044,172.217.194.0-255,2902,84270,41,87304
16220,0.009051,172.31.46.0-255,66,84336,41,87304
16221,0.009127,172.217.194.0-255,2902,87238,41,87304
16222,0.00913,172.31.46.0-255,66,87304,41,87304
16223,0.0,172.217.194.0-255,152,152,41,190880
16224,2.1e-05,172.31.46.0-255,66,218,41,190880
16225,2.8e-05,172.217.194.0-255,1484,1702,41,190880
16226,3.3e-05,172.31.46.0-255,66,1768,41,190880
16227,3.8e-05,172.217.194.0-255,2902,4670,41,190880
16228,4.2e-05,172.31.46.0-255,66,4736,41,190880
16229,5.4e-05,172.31.46.0-255,66,4802,41,190880
16230,5.8e-05,172.217.194.0-255,2044,6846,41,190880
16231,6.1e-05,172.31.46.0-255,66,6912,41,190880
16232,9e-05,172.31.46.0-255,66,6978,41,190880
16233,0.000107,172.217.194.0-255,4320,11298,41,190880
16234,0.00011,172.31.46.0-255,66,11364,41,190880
16235,0.000116,172.217.194.0-255,5379,16743,41,190880
16236,0.000118,172.31.46.0-255,66,16809,41,190880
16237,0.000183,172.217.194.0-255,1484,18293,41,190880
16238,0.000186,172.31.46.0-255,66,18359,41,190880
16239,0.00019,172.217.194.0-255,1484,19843,41,190880
16240,0.000192,172.31.46.0-255,66,19909,41,190880
16241,0.000207,172.217.194.0-255,1484,21393,41,190880
16242,0.000209,172.31.46.0-255,66,21459,41,190880
16243,0.000216,172.217.194.0-255,5738,27197,41,190880
16244,0.000218,172.31.46.0-255,66,27263,41,190880
16245,0.000221,172.217.194.0-255,1484,28747,41,190880
16246,0.000223,172.31.46.0-255,66,28813,41,190880
16247,0.000254,172.31.46.0-255,66,28879,41,190880
16248,0.000259,172.217.194.0-255,2902,31781,41,190880
16249,0.000261,172.31.46.0-255,66,31847,41,190880
16250,0.000295,172.31.46.0-255,66,31913,41,190880
16251,0.000298,172.217.194.0-255,119,32032,41,190880
16252,0.000363,172.217.194.0-255,1484,33516,41,190880
16253,0.000367,172.31.46.0-255,66,33582,41,190880
16254,0.000372,172.217.194.0-255,2902,36484,41,190880
16255,0.000374,172.31.46.0-255,66,36550,41,190880
16256,0.000381,172.217.194.0-255,4320,40870,41,190880
16257,0.000384,172.31.46.0-255,66,40936,41,190880
16258,0.000397,172.217.194.0-255,1484,42420,41,190880
16259,0.000435,172.31.46.0-255,66,42486,41,190880
16260,0.000448,172.31.46.0-255,66,42552,41,190880
16261,0.00045,172.217.194.0-255,1080,43632,41,190880
16262,0.000527,172.217.194.0-255,1484,45116,41,190880
16263,0.000531,172.31.46.0-255,66,45182,41,190880
16264,0.000537,172.217.194.0-255,2902,48084,41,190880
16265,0.000539,172.31.46.0-255,66,48150,41,190880
16266,0.000547,172.217.194.0-255,4320,52470,41,190880
16267,0.000549,172.31.46.0-255,66,52536,41,190880
16268,0.000573,172.217.194.0-255,1484,54020,41,190880
16269,0.000587,172.31.46.0-255,66,54086,41,190880
16270,0.000589,172.217.194.0-255,1484,55570,41,190880
16271,0.000624,172.217.194.0-255,5738,61308,41,190880
16272,0.000627,172.31.46.0-255,66,61374,41,190880
16273,0.000646,172.217.194.0-255,3053,64427,41,190880
16274,0.00065,172.31.46.0-255,66,64493,41,190880
16275,0.000803,172.217.194.0-255,1484,65977,41,190880
16276,0.000809,172.217.194.0-255,2902,68879,41,190880
16277,0.000813,172.31.46.0-255,66,68945,41,190880
16278,0.000819,172.217.194.0-255,5738,74683,41,190880
16279,0.000822,172.31.46.0-255,66,74749,41,190880
16280,0.000855,172.31.46.0-255,66,74815,41,190880
16281,0.000885,172.217.194.0-255,2902,77717,41,190880
16282,0.000888,172.31.46.0-255,66,77783,41,190880
16283,0.000907,172.31.46.0-255,66,77849,41,190880
16284,0.000926,172.217.194.0-255,766,78615,41,190880
16285,0.001538,172.217.194.0-255,1484,80099,41,190880
16286,0.001544,172.31.46.0-255,66,80165,41,190880
16287,0.001549,172.217.194.0-255,2902,83067,41,190880
16288,0.001552,172.31.46.0-255,66,83133,41,190880
16289,0.001558,172.217.194.0-255,5738,88871,41,190880
16290,0.00156,172.31.46.0-255,66,88937,41,190880
16291,0.001591,172.217.194.0-255,5738,94675,41,190880
16292,0.001594,172.31.46.0-255,66,94741,41,190880
16293,0.001615,172.31.46.0-255,66,94807,41,190880
16294,0.001628,172.31.46.0-255,66,94873,41,190880
16295,0.001657,172.217.194.0-255,5738,100611,41,190880
16296,0.001661,172.31.46.0-255,66,100677,41,190880
16297,0.00167,172.217.194.0-255,2902,103579,41,190880
16298,0.001673,172.31.46.0-255,66,103645,41,190880
16299,0.001679,172.217.194.0-255,4320,107965,41,190880
16300,0.001681,172.31.46.0-255,66,108031,41,190880
16301,0.001707,172.217.194.0-255,5738,113769,41,190880
16302,0.001709,172.31.46.0-255,66,113835,41,190880
16303,0.001716,172.217.194.0-255,5738,119573,41,190880
16304,0.001718,172.31.46.0-255,66,119639,41,190880
16305,0.001739,172.31.46.0-255,66,119705,41,190880
16306,0.001895,172.217.194.0-255,1484,121189,41,190880
16307,0.001901,172.217.194.0-255,2902,124091,41,190880
16308,0.001904,172.31.46.0-255,66,124157,41,190880
16309,0.001937,172.217.194.0-255,5738,129895,41,190880
16310,0.00194,172.31.46.0-255,66,129961,41,190880
16311,0.001957,172.217.194.0-255,5738,135699,41,190880
16312,0.00196,172.31.46.0-255,66,135765,41,190880
16313,0.001992,172.31.46.0-255,66,135831,41,190880
16314,0.001999,172.217.194.0-255,5738,141569,41,190880
16315,0.002001,172.31.46.0-255,66,141635,41,190880
16316,0.002017,172.217.194.0-255,1484,143119,41,190880
16317,0.002032,172.217.194.0-255,3602,146721,41,190880
16318,0.002035,172.31.46.0-255,66,146787,41,190880
16319,0.002065,172.31.46.0-255,101,146888,41,190880
16320,0.002142,172.217.194.0-255,1484,148372,41,190880
16321,0.002156,172.217.194.0-255,2902,151274,41,190880
16322,0.00216,172.31.46.0-255,66,151340,41,190880
16323,0.002177,172.217.194.0-255,4320,155660,41,190880
16324,0.002179,172.31.46.0-255,66,155726,41,190880
16325,0.002185,172.217.194.0-255,4320,160046,41,190880
16326,0.002189,172.31.46.0-255,66,160112,41,190880
16327,0.00221,172.217.194.0-255,4320,164432,41,190880
16328,0.002214,172.31.46.0-255,66,164498,41,190880
16329,0.002251,172.31.46.0-255,66,164564,41,190880
16330,0.002283,172.217.194.0-255,5738,170302,41,190880
16331,0.002286,172.31.46.0-255,66,170368,41,190880
16332,0.00232,172.31.46.0-255,66,170434,41,190880
16333,0.002324,172.217.194.0-255,2902,173336,41,190880
16334,0.002326,172.31.46.0-255,66,173402,41,190880
16335,0.004304,172.217.194.0-255,66,173468,41,190880
16336,0.004574,172.217.194.0-255,5738,179206,41,190880
16337,0.004581,172.31.46.0-255,66,179272,41,190880
16338,0.006885,172.217.194.0-255,5738,185010,41,190880
16339,0.006893,172.31.46.0-255,66,185076,41,190880
16340,0.009184,172.217.194.0-255,5738,190814,41,190880
16341,0.009193,172.31.46.0-255,66,190880,41,190880
16342,0.0,172.217.194.0-255,153,153,41,131938
16343,2.1e-05,172.31.46.0-255,66,219,41,131938
16344,2.8e-05,172.217.194.0-255,1484,1703,41,131938
16345,3.3e-05,172.31.46.0-255,66,1769,41,131938
16346,3.9e-05,172.217.194.0-255,2902,4671,41,131938
16347,4.2e-05,172.31.46.0-255,66,4737,41,131938
16348,4.8e-05,172.217.194.0-255,4320,9057,41,131938
16349,5.1e-05,172.31.46.0-255,66,9123,41,131938
16350,8.6e-05,172.31.46.0-255,66,9189,41,131938
16351,9.6e-05,172.31.46.0-255,66,9255,41,131938
16352,0.000137,172.217.194.0-255,5379,14634,41,131938
16353,0.000139,172.31.46.0-255,66,14700,41,131938
16354,0.00025,172.217.194.0-255,1484,16184,41,131938
16355,0.000254,172.31.46.0-255,66,16250,41,131938
16356,0.000272,172.217.194.0-255,2902,19152,41,131938
16357,0.000275,172.31.46.0-255,66,19218,41,131938
16358,0.000278,172.217.194.0-255,1484,20702,41,131938
16359,0.00028,172.31.46.0-255,66,20768,41,131938
16360,0.000305,172.217.194.0-255,4320,25088,41,131938
16361,0.000307,172.31.46.0-255,66,25154,41,131938
16362,0.000313,172.217.194.0-255,4320,29474,41,131938
16363,0.000315,172.31.46.0-255,66,29540,41,131938
16364,0.000342,172.31.46.0-255,66,29606,41,131938
16365,0.000355,172.31.46.0-255,66,29672,41,131938
16366,0.000407,172.217.194.0-255,1454,31126,41,131938
16367,0.00041,172.31.46.0-255,66,31192,41,131938
16368,0.000673,172.217.194.0-255,380,31572,41,131938
16369,0.000678,172.31.46.0-255,66,31638,41,131938
16370,0.000816,172.217.194.0-255,1484,33122,41,131938
16371,0.000823,172.217.194.0-255,2902,36024,41,131938
16372,0.000826,172.31.46.0-255,66,36090,41,131938
16373,0.00083,172.217.194.0-255,1484,37574,41,131938
16374,0.000852,172.217.194.0-255,4320,41894,41,131938
16375,0.000855,172.31.46.0-255,66,41960,41,131938
16376,0.000861,172.217.194.0-255,5738,47698,41,131938
16377,0.000863,172.31.46.0-255,66,47764,41,131938
16378,0.000905,172.31.46.0-255,66,47830,41,131938
16379,0.000918,172.31.46.0-255,66,47896,41,131938
16380,0.001567,172.217.194.0-255,1484,49380,41,131938
16381,0.001577,172.217.194.0-255,2902,52282,41,131938
16382,0.001581,172.31.46.0-255,66,52348,41,131938
16383,0.001587,172.217.194.0-255,2902,55250,41,131938
16384,0.001589,172.31.46.0-255,66,55316,41,131938
16385,0.001606,172.217.194.0-255,2902,58218,41,131938
16386,0.001608,172.31.46.0-255,66,58284,41,131938
16387,0.001615,172.217.194.0-255,5738,64022,41,131938
16388,0.001617,172.31.46.0-255,66,64088,41,131938
16389,0.001643,172.31.46.0-255,66,64154,41,131938
16390,0.001656,172.31.46.0-255,66,64220,41,131938
16391,0.001966,172.217.194.0-255,1484,65704,41,131938
16392,0.001975,172.217.194.0-255,2902,68606,41,131938
16393,0.001979,172.31.46.0-255,66,68672,41,131938
16394,0.001986,172.217.194.0-255,5738,74410,41,131938
16395,0.001988,172.31.46.0-255,66,74476,41,131938
16396,0.002001,172.31.46.0-255,66,74542,41,131938
16397,0.002007,172.217.194.0-255,5738,80280,41,131938
16398,0.002009,172.31.46.0-255,66,80346,41,131938
16399,0.002043,172.217.194.0-255,5020,85366,41,131938
16400,0.002045,172.31.46.0-255,66,85432,41,131938
16401,0.002111,172.217.194.0-255,1484,86916,41,131938
16402,0.002116,172.217.194.0-255,2902,89818,41,131938
16403,0.002119,172.31.46.0-255,66,89884,41,131938
16404,0.002142,172.217.194.0-255,5738,95622,41,131938
16405,0.002144,172.31.46.0-255,66,95688,41,131938
16406,0.002155,172.31.46.0-255,66,95754,41,131938
16407,0.002169,172.217.194.0-255,1484,97238,41,131938
16408,0.002211,172.31.46.0-255,66,97304,41,131938
16409,0.002232,172.217.194.0-255,5020,102324,41,131938
16410,0.002235,172.31.46.0-255,66,102390,41,131938
16411,0.002497,172.217.194.0-255,1484,103874,41,131938
16412,0.002504,172.217.194.0-255,2902,106776,41,131938
16413,0.002508,172.31.46.0-255,66,106842,41,131938
16414,0.002539,172.217.194.0-255,5738,112580,41,131938
16415,0.002542,172.31.46.0-255,66,112646,41,131938
16416,0.0026,172.31.46.0-255,66,112712,41,131938
16417,0.002604,172.217.194.0-255,1484,114196,41,131938
16418,0.002634,172.31.46.0-255,66,114262,41,131938
16419,0.002638,172.217.194.0-255,2902,117164,41,131938
16420,0.00264,172.31.46.0-255,66,117230,41,131938
16421,0.002663,172.31.46.0-255,66,117296,41,131938
16422,0.00269,172.217.194.0-255,2902,120198,41,131938
16423,0.002692,172.31.46.0-255,66,120264,41,131938
16424,0.00271,172.31.46.0-255,66,120330,41,131938
16425,0.005323,172.217.194.0-255,5738,126068,41,131938
16426,0.005327,172.31.46.0-255,66,126134,41,131938
16427,0.007946,172.217.194.0-255,5738,131872,41,131938
16428,0.007953,172.31.46.0-255,66,131938,41,131938
16429,0.0,74.125.24.0-255,148,148,41,127051
16430,1.3e-05,172.31.46.0-255,66,214,41,127051
16431,1.9e-05,74.125.24.0-255,1484,1698,41,127051
16432,2.3e-05,172.31.46.0-255,66,1764,41,127051
16433,2.9e-05,74.125.24.0-255,2902,4666,41,127051
16434,3.1e-05,172.31.46.0-255,66,4732,41,127051
16435,4.8e-05,172.31.46.0-255,66,4798,41,127051
16436,8.1e-05,74.125.24.0-255,2012,6810,41,127051
16437,8.4e-05,172.31.46.0-255,66,6876,41,127051
16438,8.8e-05,74.125.24.0-255,2902,9778,41,127051
16439,9e-05,172.31.46.0-255,66,9844,41,127051
16440,0.000124,74.125.24.0-255,2902,12746,41,127051
16441,0.000126,172.31.46.0-255,66,12812,41,127051
16442,0.000138,74.125.24.0-255,4320,17132,41,127051
16443,0.00014,172.31.46.0-255,66,17198,41,127051
16444,0.000152,172.31.46.0-255,66,17264,41,127051
16445,0.000179,74.125.24.0-255,1484,18748,41,127051
16446,0.00018,172.31.46.0-255,66,18814,41,127051
16447,0.000185,74.125.24.0-255,2902,21716,41,127051
16448,0.000187,172.31.46.0-255,66,21782,41,127051
16449,0.000189,74.125.24.0-255,1484,23266,41,127051
16450,0.000191,172.31.46.0-255,66,23332,41,127051
16451,0.000214,74.125.24.0-255,4320,27652,41,127051
16452,0.000217,172.31.46.0-255,66,27718,41,127051
16453,0.000253,172.31.46.0-255,66,27784,41,127051
16454,0.000646,74.125.24.0-255,1484,29268,41,127051
16455,0.000651,172.31.46.0-255,66,29334,41,127051
16456,0.000656,74.125.24.0-255,1484,30818,41,127051
16457,0.000659,172.31.46.0-255,66,30884,41,127051
16458,0.000697,74.125.24.0-255,2902,33786,41,127051
16459,0.000704,74.125.24.0-255,5738,39524,41,127051
16460,0.000719,172.31.46.0-255,66,39590,41,127051
16461,0.00073,74.125.24.0-255,5379,44969,41,127051
16462,0.000748,172.31.46.0-255,66,45035,41,127051
16463,0.000959,74.125.24.0-255,1484,46519,41,127051
16464,0.000965,74.125.24.0-255,2902,49421,41,127051
16465,0.000969,172.31.46.0-255,66,49487,41,127051
16466,0.000976,74.125.24.0-255,5738,55225,41,127051
16467,0.000983,74.125.24.0-255,5738,60963,41,127051
16468,0.001001,172.31.46.0-255,66,61029,41,127051
16469,0.001013,74.125.24.0-255,5738,66767,41,127051
16470,0.001018,172.31.46.0-255,66,66833,41,127051
16471,0.001051,74.125.24.0-255,3961,70794,41,127051
16472,0.001075,172.31.46.0-255,66,70860,41,127051
16473,0.001624,74.125.24.0-255,1484,72344,41,127051
16474,0.001634,74.125.24.0-255,2902,75246,41,127051
16475,0.001638,172.31.46.0-255,66,75312,41,127051
16476,0.001644,74.125.24.0-255,2902,78214,41,127051
16477,0.001645,172.31.46.0-255,66,78280,41,127051
16478,0.001652,74.125.24.0-255,4320,82600,41,127051
16479,0.001653,172.31.46.0-255,66,82666,41,127051
16480,0.001672,74.125.24.0-255,2902,85568,41,127051
16481,0.001674,172.31.46.0-255,66,85634,41,127051
16482,0.001705,74.125.24.0-255,2529,88163,41,127051
16483,0.001707,172.31.46.0-255,66,88229,41,127051
16484,0.001736,74.125.24.0-255,2902,91131,41,127051
16485,0.001738,172.31.46.0-255,66,91197,41,127051
16486,0.001744,74.125.24.0-255,2902,94099,41,127051
16487,0.001746,172.31.46.0-255,66,94165,41,127051
16488,0.001749,74.125.24.0-255,1484,95649,41,127051
16489,0.001781,74.125.24.0-255,5738,101387,41,127051
16490,0.001784,172.31.46.0-255,66,101453,41,127051
16491,0.001789,74.125.24.0-255,4320,105773,41,127051
16492,0.001791,172.31.46.0-255,66,105839,41,127051
16493,0.001832,172.31.46.0-255,66,105905,41,127051
16494,0.001839,74.125.24.0-255,5020,110925,41,127051
16495,0.00342,172.31.46.0-255,66,110991,41,127051
16496,0.005494,74.125.24.0-255,4320,115311,41,127051
16497,0.0055,172.31.46.0-255,66,115377,41,127051
16498,0.005522,74.125.24.0-255,1484,116861,41,127051
16499,0.007554,74.125.24.0-255,4320,121181,41,127051
16500,0.00756,172.31.46.0-255,66,121247,41,127051
16501,0.009655,74.125.24.0-255,5738,126985,41,127051
16502,0.009662,172.31.46.0-255,66,127051,41,127051
16503,0.0,172.31.46.0-255,66,66,41,66
16504,0.0,172.217.194.0-255,153,153,41,117100
16505,2.4e-05,172.31.46.0-255,66,219,41,117100
16506,3.1e-05,172.217.194.0-255,1484,1703,41,117100
16507,3.7e-05,172.31.46.0-255,66,1769,41,117100
16508,4.3e-05,172.217.194.0-255,2902,4671,41,117100
16509,4.6e-05,172.31.46.0-255,66,4737,41,117100
16510,5.3e-05,172.217.194.0-255,5738,10475,41,117100
16511,5.6e-05,172.31.46.0-255,66,10541,41,117100
16512,8.9e-05,172.217.194.0-255,3523,14064,41,117100
16513,9.2e-05,172.31.46.0-255,66,14130,41,117100
16514,0.000156,172.217.194.0-255,1484,15614,41,117100
16515,0.00016,172.31.46.0-255,66,15680,41,117100
16516,0.000178,172.217.194.0-255,2902,18582,41,117100
16517,0.000181,172.31.46.0-255,66,18648,41,117100
16518,0.000187,172.217.194.0-255,5738,24386,41,117100
16519,0.00019,172.31.46.0-255,66,24452,41,117100
16520,0.000228,172.217.194.0-255,4320,28772,41,117100
16521,0.000231,172.31.46.0-255,66,28838,41,117100
16522,0.000247,172.217.194.0-255,2543,31381,41,117100
16523,0.00025,172.31.46.0-255,66,31447,41,117100
16524,0.000363,172.217.194.0-255,1484,32931,41,117100
16525,0.000367,172.31.46.0-255,66,32997,41,117100
16526,0.000373,172.217.194.0-255,2902,35899,41,117100
16527,0.000376,172.31.46.0-255,66,35965,41,117100
16528,0.000383,172.217.194.0-255,5738,41703,41,117100
16529,0.000385,172.31.46.0-255,66,41769,41,117100
16530,0.000428,172.217.194.0-255,1484,43253,41,117100
16531,0.00043,172.31.46.0-255,66,43319,41,117100
16532,0.000446,172.217.194.0-255,5379,48698,41,117100
16533,0.000449,172.31.46.0-255,66,48764,41,117100
16534,0.000458,172.31.46.0-255,66,48830,41,117100
16535,0.000476,172.217.194.0-255,1484,50314,41,117100
16536,0.000498,172.31.46.0-255,66,50380,41,117100
16537,0.000558,172.217.194.0-255,402,50782,41,117100
16538,0.000727,172.217.194.0-255,1484,52266,41,117100
16539,0.000731,172.31.46.0-255,66,52332,41,117100
16540,0.000737,172.217.194.0-255,2902,55234,41,117100
16541,0.000739,172.31.46.0-255,66,55300,41,117100
16542,0.000757,172.217.194.0-255,5738,61038,41,117100
16543,0.000759,172.31.46.0-255,66,61104,41,117100
16544,0.000795,172.31.46.0-255,66,61170,41,117100
16545,0.000807,172.31.46.0-255,66,61236,41,117100
16546,0.00158,172.217.194.0-255,1484,62720,41,117100
16547,0.00159,172.217.194.0-255,2902,65622,41,117100
16548,0.001593,172.31.46.0-255,66,65688,41,117100
16549,0.001598,172.217.194.0-255,1484,67172,41,117100
16550,0.001623,172.217.194.0-255,4320,71492,41,117100
16551,0.001625,172.31.46.0-255,66,71558,41,117100
16552,0.001648,172.217.194.0-255,1484,73042,41,117100
16553,0.001669,172.31.46.0-255,66,73108,41,117100
16554,0.001676,172.217.194.0-255,4320,77428,41,117100
16555,0.001678,172.31.46.0-255,66,77494,41,117100
16556,0.001697,172.31.46.0-255,66,77560,41,117100
16557,0.002185,172.217.194.0-255,1484,79044,41,117100
16558,0.002193,172.217.194.0-255,2902,81946,41,117100
16559,0.002197,172.31.46.0-255,66,82012,41,117100
16560,0.002205,172.217.194.0-255,5738,87750,41,117100
16561,0.002207,172.31.46.0-255,66,87816,41,117100
16562,0.002211,172.217.194.0-255,2902,90718,41,117100
16563,0.002213,172.31.46.0-255,66,90784,41,117100
16564,0.00224,172.217.194.0-255,4320,95104,41,117100
16565,0.002242,172.31.46.0-255,66,95170,41,117100
16566,0.002262,172.217.194.0-255,5738,100908,41,117100
16567,0.002264,172.31.46.0-255,66,100974,41,117100
16568,0.002294,172.31.46.0-255,66,101040,41,117100
16569,0.004651,172.217.194.0-255,5738,106778,41,117100
16570,0.004657,172.31.46.0-255,66,106844,41,117100
16571,0.007035,172.217.194.0-255,4320,111164,41,117100
16572,0.007038,172.31.46.0-255,66,111230,41,117100
16573,0.007056,172.217.194.0-255,1484,112714,41,117100
16574,0.009446,172.217.194.0-255,4320,117034,41,117100
16575,0.009453,172.31.46.0-255,66,117100,41,117100
16576,0.0,74.125.130.0-255,153,153,41,87760
16577,2.6e-05,172.31.46.0-255,66,219,41,87760
16578,3.4e-05,74.125.130.0-255,1484,1703,41,87760
16579,3.9e-05,172.31.46.0-255,66,1769,41,87760
16580,4.5e-05,74.125.130.0-255,2902,4671,41,87760
16581,5e-05,172.31.46.0-255,66,4737,41,87760
16582,6.1e-05,172.31.46.0-255,66,4803,41,87760
16583,8.3e-05,74.125.130.0-255,1971,6774,41,87760
16584,8.6e-05,172.31.46.0-255,66,6840,41,87760
16585,0.000122,74.125.130.0-255,2902,9742,41,87760
16586,0.000126,172.31.46.0-255,66,9808,41,87760
16587,0.000131,74.125.130.0-255,2902,12710,41,87760
16588,0.000133,172.31.46.0-255,66,12776,41,87760
16589,0.000149,74.125.130.0-255,4320,17096,41,87760
16590,0.000153,172.31.46.0-255,66,17162,41,87760
16591,0.000194,172.31.46.0-255,66,17228,41,87760
16592,0.000395,74.125.130.0-255,1484,18712,41,87760
16593,0.000401,172.31.46.0-255,66,18778,41,87760
16594,0.000407,74.125.130.0-255,2902,21680,41,87760
16595,0.00041,172.31.46.0-255,66,21746,41,87760
16596,0.000418,74.125.130.0-255,5738,27484,41,87760
16597,0.00042,172.31.46.0-255,66,27550,41,87760
16598,0.000446,172.31.46.0-255,66,27616,41,87760
16599,0.000453,74.125.130.0-255,5738,33354,41,87760
16600,0.000455,172.31.46.0-255,66,33420,41,87760
16601,0.000476,74.125.130.0-255,1484,34904,41,87760
16602,0.000478,172.31.46.0-255,66,34970,41,87760
16603,0.000482,74.125.130.0-255,1484,36454,41,87760
16604,0.000484,172.31.46.0-255,66,36520,41,87760
16605,0.00052,74.125.130.0-255,366,36886,41,87760
16606,0.000556,172.31.46.0-255,66,36952,41,87760
16607,0.00096,74.125.130.0-255,378,37330,41,87760
16608,0.00111,172.31.46.0-255,66,37396,41,87760
16609,0.001326,74.125.130.0-255,1484,38880,41,87760
16610,0.001336,74.125.130.0-255,2902,41782,41,87760
16611,0.001341,172.31.46.0-255,66,41848,41,87760
16612,0.001345,74.125.130.0-255,1484,43332,41,87760
16613,0.001374,74.125.130.0-255,2902,46234,41,87760
16614,0.001378,172.31.46.0-255,66,46300,41,87760
16615,0.001391,74.125.130.0-255,2902,49202,41,87760
16616,0.001441,74.125.130.0-255,3602,52804,41,87760
16617,0.001481,74.125.130.0-255,4320,57124,41,87760
16618,0.001486,74.125.130.0-255,2902,60026,41,87760
16619,0.001509,74.125.130.0-255,4320,64346,41,87760
16620,0.001512,74.125.130.0-255,1484,65830,41,87760
16621,0.001545,74.125.130.0-255,1484,67314,41,87760
16622,0.002195,74.125.130.0-255,1484,68798,41,87760
16623,0.002202,74.125.130.0-255,1484,70282,41,87760
16624,0.002219,74.125.130.0-255,1484,71766,41,87760
16625,0.002226,74.125.130.0-255,4320,76086,41,87760
16626,0.002265,74.125.130.0-255,1484,77570,41,87760
16627,0.002296,74.125.130.0-255,4320,81890,41,87760
16628,0.007675,172.31.46.0-255,66,81956,41,87760
16629,0.009933,74.125.130.0-255,5738,87694,41,87760
16630,0.009945,172.31.46.0-255,66,87760,41,87760
16631,0.0,74.125.24.0-255,152,152,41,101223
16632,2.3e-05,172.31.46.0-255,66,218,41,101223
16633,3e-05,74.125.24.0-255,1484,1702,41,101223
16634,3.4e-05,172.31.46.0-255,66,1768,41,101223
16635,4.7e-05,74.125.24.0-255,2902,4670,41,101223
16636,5.1e-05,172.31.46.0-255,66,4736,41,101223
16637,5.8e-05,74.125.24.0-255,5738,10474,41,101223
16638,6.3e-05,172.31.46.0-255,66,10540,41,101223
16639,9.2e-05,74.125.24.0-255,3549,14089,41,101223
16640,9.5e-05,172.31.46.0-255,66,14155,41,101223
16641,9.9e-05,74.125.24.0-255,1484,15639,41,101223
16642,0.000101,172.31.46.0-255,66,15705,41,101223
16643,0.000124,74.125.24.0-255,2902,18607,41,101223
16644,0.000127,172.31.46.0-255,66,18673,41,101223
16645,0.000145,172.31.46.0-255,66,18739,41,101223
16646,0.000148,74.125.24.0-255,2543,21282,41,101223
16647,0.000151,172.31.46.0-255,66,21348,41,101223
16648,0.00019,74.125.24.0-255,2902,24250,41,101223
16649,0.000193,172.31.46.0-255,66,24316,41,101223
16650,0.000198,74.125.24.0-255,4320,28636,41,101223
16651,0.000201,172.31.46.0-255,66,28702,41,101223
16652,0.000211,172.31.46.0-255,66,28768,41,101223
16653,0.000236,74.125.24.0-255,1125,29893,41,101223
16654,0.000238,172.31.46.0-255,66,29959,41,101223
16655,0.001138,74.125.24.0-255,1484,31443,41,101223
16656,0.001145,172.31.46.0-255,66,31509,41,101223
16657,0.001155,74.125.24.0-255,2902,34411,41,101223
16658,0.001157,172.31.46.0-255,66,34477,41,101223
16659,0.00117,74.125.24.0-255,5738,40215,41,101223
16660,0.001172,172.31.46.0-255,66,40281,41,101223
16661,0.001176,74.125.24.0-255,1484,41765,41,101223
16662,0.001226,172.31.46.0-255,66,41831,41,101223
16663,0.00126,74.125.24.0-255,1484,43315,41,101223
16664,0.001265,74.125.24.0-255,2902,46217,41,101223
16665,0.00132,74.125.24.0-255,5738,51955,41,101223
16666,0.00193,74.125.24.0-255,1484,53439,41,101223
16667,0.001938,74.125.24.0-255,2902,56341,41,101223
16668,0.001952,74.125.24.0-255,5738,62079,41,101223
16669,0.002007,74.125.24.0-255,2902,64981,41,101223
16670,0.002082,74.125.24.0-255,1484,66465,41,101223
16671,0.002088,74.125.24.0-255,2902,69367,41,101223
16672,0.002109,74.125.24.0-255,5738,75105,41,101223
16673,0.002127,74.125.24.0-255,2902,78007,41,101223
16674,0.002161,74.125.24.0-255,4320,82327,41,101223
16675,0.002201,74.125.24.0-255,1484,83811,41,101223
16676,0.002215,74.125.24.0-255,2902,86713,41,101223
16677,0.002235,74.125.24.0-255,5738,92451,41,101223
16678,0.002261,74.125.24.0-255,2902,95353,41,101223
16679,0.00669,172.31.46.0-255,66,95419,41,101223
16680,0.008973,74.125.24.0-255,5738,101157,41,101223
16681,0.008985,172.31.46.0-255,66,101223,41,101223
16682,0.0,172.31.46.0-255,105,105,41,459
16683,0.000243,172.31.46.0-255,90,195,41,459
16684,0.00025,172.31.46.0-255,66,261,41,459
16685,0.002231,74.125.24.0-255,66,327,41,459
16686,0.002255,74.125.24.0-255,66,393,41,459
16687,0.002272,172.31.46.0-255,66,459,41,459
16688,0.0,172.253.118.0-255,153,153,41,204954
16689,2.6e-05,172.31.46.0-255,66,219,41,204954
16690,3.4e-05,172.253.118.0-255,1484,1703,41,204954
16691,3.9e-05,172.31.46.0-255,66,1769,41,204954
16692,5.1e-05,172.253.118.0-255,2902,4671,41,204954
16693,5.5e-05,172.31.46.0-255,66,4737,41,204954
16694,8.5e-05,172.253.118.0-255,5738,10475,41,204954
16695,8.9e-05,172.31.46.0-255,66,10541,41,204954
16696,0.000125,172.31.46.0-255,66,10607,41,204954
16697,0.000172,172.31.46.0-255,66,10673,41,204954
16698,0.000274,172.253.118.0-255,1484,12157,41,204954
16699,0.000278,172.31.46.0-255,66,12223,41,204954
16700,0.000283,172.253.118.0-255,2902,15125,41,204954
16701,0.000285,172.31.46.0-255,66,15191,41,204954
16702,0.000288,172.253.118.0-255,1484,16675,41,204954
16703,0.00029,172.31.46.0-255,66,16741,41,204954
16704,0.000325,172.253.118.0-255,4320,21061,41,204954
16705,0.000328,172.31.46.0-255,66,21127,41,204954
16706,0.000333,172.253.118.0-255,4320,25447,41,204954
16707,0.000336,172.31.46.0-255,66,25513,41,204954
16708,0.000339,172.253.118.0-255,1484,26997,41,204954
16709,0.000341,172.31.46.0-255,66,27063,41,204954
16710,0.000384,172.31.46.0-255,66,27129,41,204954
16711,0.000394,172.31.46.0-255,66,27195,41,204954
16712,0.000397,172.253.118.0-255,382,27577,41,204954
16713,0.000399,172.31.46.0-255,66,27643,41,204954
16714,0.000572,172.253.118.0-255,1484,29127,41,204954
16715,0.000577,172.31.46.0-255,66,29193,41,204954
16716,0.000582,172.253.118.0-255,2902,32095,41,204954
16717,0.000584,172.31.46.0-255,66,32161,41,204954
16718,0.000597,172.253.118.0-255,5738,37899,41,204954
16719,0.000599,172.31.46.0-255,66,37965,41,204954
16720,0.000631,172.31.46.0-255,66,38031,41,204954
16721,0.000658,172.253.118.0-255,1125,39156,41,204954
16722,0.000686,172.31.46.0-255,66,39222,41,204954
16723,0.000715,172.253.118.0-255,4320,43542,41,204954
16724,0.000718,172.31.46.0-255,66,43608,41,204954
16725,0.000721,172.253.118.0-255,1125,44733,41,204954
16726,0.001186,172.253.118.0-255,1484,46217,41,204954
16727,0.001191,172.31.46.0-255,66,46283,41,204954
16728,0.001197,172.253.118.0-255,2902,49185,41,204954
16729,0.0012,172.31.46.0-255,66,49251,41,204954
16730,0.001214,172.253.118.0-255,5738,54989,41,204954
16731,0.001216,172.31.46.0-255,66,55055,41,204954
16732,0.001265,172.31.46.0-255,66,55121,41,204954
16733,0.001278,172.253.118.0-255,2902,58023,41,204954
16734,0.001284,172.31.46.0-255,66,58089,41,204954
16735,0.001324,172.31.46.0-255,66,58155,41,204954
16736,0.001353,172.253.118.0-255,1484,59639,41,204954
16737,0.001367,172.253.118.0-255,2902,62541,41,204954
16738,0.00137,172.31.46.0-255,66,62607,41,204954
16739,0.001375,172.253.118.0-255,2902,65509,41,204954
16740,0.001377,172.31.46.0-255,66,65575,41,204954
16741,0.001397,172.253.118.0-255,2902,68477,41,204954
16742,0.001399,172.31.46.0-255,66,68543,41,204954
16743,0.001417,172.31.46.0-255,66,68609,41,204954
16744,0.001447,172.253.118.0-255,1484,70093,41,204954
16745,0.001462,172.31.46.0-255,66,70159,41,204954
16746,0.001769,172.253.118.0-255,1484,71643,41,204954
16747,0.001793,172.253.118.0-255,1484,73127,41,204954
16748,0.001797,172.31.46.0-255,66,73193,41,204954
16749,0.001824,172.253.118.0-255,1484,74677,41,204954
16750,0.00183,172.253.118.0-255,5738,80415,41,204954
16751,0.001836,172.31.46.0-255,66,80481,41,204954
16752,0.001845,172.253.118.0-255,1484,81965,41,204954
16753,0.001863,172.253.118.0-255,4320,86285,41,204954
16754,0.001865,172.31.46.0-255,66,86351,41,204954
16755,0.001897,172.31.46.0-255,66,86417,41,204954
16756,0.001927,172.31.46.0-255,66,86483,41,204954
16757,0.001952,172.253.118.0-255,2184,88667,41,204954
16758,0.001955,172.31.46.0-255,66,88733,41,204954
16759,0.002235,172.253.118.0-255,1484,90217,41,204954
16760,0.002241,172.253.118.0-255,2902,93119,41,204954
16761,0.002244,172.31.46.0-255,66,93185,41,204954
16762,0.002282,172.253.118.0-255,2902,96087,41,204954
16763,0.002285,172.31.46.0-255,66,96153,41,204954
16764,0.002318,172.253.118.0-255,2902,99055,41,204954
16765,0.002321,172.31.46.0-255,66,99121,41,204954
16766,0.002338,172.31.46.0-255,66,99187,41,204954
16767,0.002348,172.31.46.0-255,66,99253,41,204954
16768,0.002353,172.253.118.0-255,4320,103573,41,204954
16769,0.002355,172.31.46.0-255,66,103639,41,204954
16770,0.002407,172.31.46.0-255,66,103705,41,204954
16771,0.002423,172.31.46.0-255,66,103771,41,204954
16772,0.002426,172.253.118.0-255,1484,105255,41,204954
16773,0.002437,172.31.46.0-255,66,105321,41,204954
16774,0.002948,172.253.118.0-255,1484,106805,41,204954
16775,0.002954,172.253.118.0-255,1484,108289,41,204954
16776,0.002959,172.31.46.0-255,66,108355,41,204954
16777,0.002971,172.253.118.0-255,1484,109839,41,204954
16778,0.002978,172.253.118.0-255,1484,111323,41,204954
16779,0.002981,172.31.46.0-255,66,111389,41,204954
16780,0.003008,172.253.118.0-255,2902,114291,41,204954
16781,0.003026,172.253.118.0-255,1484,115775,41,204954
16782,0.003084,172.253.118.0-255,2902,118677,41,204954
16783,0.003093,172.253.118.0-255,5738,124415,41,204954
16784,0.003108,172.253.118.0-255,2902,127317,41,204954
16785,0.003128,172.253.118.0-255,5738,133055,41,204954
16786,0.003153,172.253.118.0-255,4320,137375,41,204954
16787,0.003158,172.253.118.0-255,2184,139559,41,204954
16788,0.003354,172.253.118.0-255,1484,141043,41,204954
16789,0.003362,172.253.118.0-255,2902,143945,41,204954
16790,0.00339,172.253.118.0-255,4320,148265,41,204954
16791,0.003424,172.253.118.0-255,1484,149749,41,204954
16792,0.003428,172.253.118.0-255,2902,152651,41,204954
16793,0.003481,172.253.118.0-255,1484,154135,41,204954
16794,0.003523,172.253.118.0-255,2902,157037,41,204954
16795,0.00355,172.253.118.0-255,766,157803,41,204954
16796,0.003557,172.253.118.0-255,5738,163541,41,204954
16797,0.00358,172.253.118.0-255,5738,169279,41,204954
16798,0.003583,172.253.118.0-255,1484,170763,41,204954
16799,0.003587,172.253.118.0-255,2902,173665,41,204954
16800,0.003596,172.253.118.0-255,766,174431,41,204954
16801,0.00518,172.253.118.0-255,1484,175915,41,204954
16802,0.005199,172.253.118.0-255,2902,178817,41,204954
16803,0.005204,172.253.118.0-255,1484,180301,41,204954
16804,0.005221,172.253.118.0-255,4320,184621,41,204954
16805,0.005238,172.253.118.0-255,2902,187523,41,204954
16806,0.005301,172.253.118.0-255,4320,191843,41,204954
16807,0.005323,172.253.118.0-255,2184,194027,41,204954
16808,0.006089,172.253.118.0-255,1484,195511,41,204954
16809,0.006107,172.253.118.0-255,2902,198413,41,204954
16810,0.006114,172.253.118.0-255,5738,204151,41,204954
16811,0.006117,172.253.118.0-255,527,204678,41,204954
16812,0.0062,172.253.118.0-255,105,204783,41,204954
16813,0.007296,172.31.46.0-255,66,204849,41,204954
16814,0.009376,172.31.46.0-255,105,204954,41,204954
16815,0.0,74.125.24.0-255,297,297,41,193110
16816,2.4e-05,172.31.46.0-255,66,363,41,193110
16817,3e-05,74.125.24.0-255,1484,1847,41,193110
16818,3.5e-05,172.31.46.0-255,66,1913,41,193110
16819,4.2e-05,74.125.24.0-255,4320,6233,41,193110
16820,4.5e-05,172.31.46.0-255,66,6299,41,193110
16821,8.3e-05,172.31.46.0-255,66,6365,41,193110
16822,8.9e-05,74.125.24.0-255,5738,12103,41,193110
16823,9.2e-05,172.31.46.0-255,66,12169,41,193110
16824,0.000134,172.31.46.0-255,66,12235,41,193110
16825,0.00041,74.125.24.0-255,1484,13719,41,193110
16826,0.000416,172.31.46.0-255,66,13785,41,193110
16827,0.000422,74.125.24.0-255,2902,16687,41,193110
16828,0.000424,172.31.46.0-255,66,16753,41,193110
16829,0.000437,74.125.24.0-255,1484,18237,41,193110
16830,0.000439,172.31.46.0-255,66,18303,41,193110
16831,0.000443,74.125.24.0-255,1484,19787,41,193110
16832,0.000445,172.31.46.0-255,66,19853,41,193110
16833,0.000467,74.125.24.0-255,4320,24173,41,193110
16834,0.000469,172.31.46.0-255,66,24239,41,193110
16835,0.000484,74.125.24.0-255,2902,27141,41,193110
16836,0.000487,172.31.46.0-255,66,27207,41,193110
16837,0.000506,74.125.24.0-255,5379,32586,41,193110
16838,0.000508,172.31.46.0-255,66,32652,41,193110
16839,0.000519,172.31.46.0-255,66,32718,41,193110
16840,0.000531,74.125.24.0-255,1484,34202,41,193110
16841,0.000534,172.31.46.0-255,66,34268,41,193110
16842,0.00055,74.125.24.0-255,2902,37170,41,193110
16843,0.000553,172.31.46.0-255,66,37236,41,193110
16844,0.000576,74.125.24.0-255,1125,38361,41,193110
16845,0.000617,74.125.24.0-255,645,39006,41,193110
16846,0.000621,172.31.46.0-255,66,39072,41,193110
16847,0.000677,74.125.24.0-255,1484,40556,41,193110
16848,0.000691,74.125.24.0-255,4320,44876,41,193110
16849,0.000694,172.31.46.0-255,66,44942,41,193110
16850,0.000719,74.125.24.0-255,5738,50680,41,193110
16851,0.000722,172.31.46.0-255,66,50746,41,193110
16852,0.000734,172.31.46.0-255,66,50812,41,193110
16853,0.000749,74.125.24.0-255,5738,56550,41,193110
16854,0.000752,172.31.46.0-255,66,56616,41,193110
16855,0.000763,172.31.46.0-255,66,56682,41,193110
16856,0.000926,74.125.24.0-255,1484,58166,41,193110
16857,0.000931,74.125.24.0-255,1484,59650,41,193110
16858,0.000934,172.31.46.0-255,66,59716,41,193110
16859,0.000953,74.125.24.0-255,1484,61200,41,193110
16860,0.000959,74.125.24.0-255,4320,65520,41,193110
16861,0.000961,172.31.46.0-255,66,65586,41,193110
16862,0.000973,74.125.24.0-255,1484,67070,41,193110
16863,0.00098,74.125.24.0-255,5738,72808,41,193110
16864,0.000982,172.31.46.0-255,66,72874,41,193110
16865,0.001041,172.31.46.0-255,66,72940,41,193110
16866,0.001049,172.31.46.0-255,66,73006,41,193110
16867,0.001054,74.125.24.0-255,2184,75190,41,193110
16868,0.001056,172.31.46.0-255,66,75256,41,193110
16869,0.001072,74.125.24.0-255,2902,78158,41,193110
16870,0.001074,172.31.46.0-255,66,78224,41,193110
16871,0.001097,172.31.46.0-255,66,78290,41,193110
16872,0.001132,172.31.46.0-255,66,78356,41,193110
16873,0.001145,172.31.46.0-255,66,78422,41,193110
16874,0.001173,74.125.24.0-255,2902,81324,41,193110
16875,0.001176,172.31.46.0-255,66,81390,41,193110
16876,0.001179,74.125.24.0-255,766,82156,41,193110
16877,0.001337,74.125.24.0-255,1484,83640,41,193110
16878,0.001342,172.31.46.0-255,66,83706,41,193110
16879,0.001361,74.125.24.0-255,2902,86608,41,193110
16880,0.001364,172.31.46.0-255,66,86674,41,193110
16881,0.00137,74.125.24.0-255,4320,90994,41,193110
16882,0.001373,172.31.46.0-255,66,91060,41,193110
16883,0.001394,74.125.24.0-255,1484,92544,41,193110
16884,0.001405,172.31.46.0-255,66,92610,41,193110
16885,0.001427,74.125.24.0-255,5738,98348,41,193110
16886,0.001429,172.31.46.0-255,66,98414,41,193110
16887,0.001434,74.125.24.0-255,4320,102734,41,193110
16888,0.001436,172.31.46.0-255,66,102800,41,193110
16889,0.001453,74.125.24.0-255,1484,104284,41,193110
16890,0.001471,74.125.24.0-255,5020,109304,41,193110
16891,0.001474,172.31.46.0-255,66,109370,41,193110
16892,0.001535,74.125.24.0-255,1484,110854,41,193110
16893,0.001553,74.125.24.0-255,2902,113756,41,193110
16894,0.001556,172.31.46.0-255,66,113822,41,193110
16895,0.001561,74.125.24.0-255,2902,116724,41,193110
16896,0.001563,172.31.46.0-255,66,116790,41,193110
16897,0.001579,74.125.24.0-255,2902,119692,41,193110
16898,0.001582,172.31.46.0-255,66,119758,41,193110
16899,0.001599,74.125.24.0-255,4320,124078,41,193110
16900,0.001602,172.31.46.0-255,66,124144,41,193110
16901,0.001624,172.31.46.0-255,66,124210,41,193110
16902,0.001627,74.125.24.0-255,1484,125694,41,193110
16903,0.00167,74.125.24.0-255,4320,130014,41,193110
16904,0.001674,172.31.46.0-255,66,130080,41,193110
16905,0.001696,172.31.46.0-255,66,130146,41,193110
16906,0.001701,74.125.24.0-255,4320,134466,41,193110
16907,0.001704,172.31.46.0-255,66,134532,41,193110
16908,0.001742,172.31.46.0-255,66,134598,41,193110
16909,0.001756,172.31.46.0-255,66,134664,41,193110
16910,0.001823,74.125.24.0-255,1484,136148,41,193110
16911,0.00184,74.125.24.0-255,2902,139050,41,193110
16912,0.001843,172.31.46.0-255,66,139116,41,193110
16913,0.001851,74.125.24.0-255,5738,144854,41,193110
16914,0.001854,172.31.46.0-255,66,144920,41,193110
16915,0.001884,172.31.46.0-255,66,144986,41,193110
16916,0.001907,74.125.24.0-255,5738,150724,41,193110
16917,0.00191,172.31.46.0-255,66,150790,41,193110
16918,0.001914,74.125.24.0-255,2902,153692,41,193110
16919,0.001916,172.31.46.0-255,66,153758,41,193110
16920,0.001948,172.31.46.0-255,66,153824,41,193110
16921,0.002032,74.125.24.0-255,1484,155308,41,193110
16922,0.002036,74.125.24.0-255,1484,156792,41,193110
16923,0.002039,172.31.46.0-255,66,156858,41,193110
16924,0.002051,74.125.24.0-255,1484,158342,41,193110
16925,0.002058,74.125.24.0-255,5738,164080,41,193110
16926,0.002061,172.31.46.0-255,66,164146,41,193110
16927,0.002121,172.31.46.0-255,66,164212,41,193110
16928,0.002152,74.125.24.0-255,5020,169232,41,193110
16929,0.002174,74.125.24.0-255,4320,173552,41,193110
16930,0.002259,74.125.24.0-255,4320,177872,41,193110
16931,0.002287,74.125.24.0-255,4320,182192,41,193110
16932,0.004273,172.31.46.0-255,66,182258,41,193110
16933,0.006814,74.125.24.0-255,5738,187996,41,193110
16934,0.006822,172.31.46.0-255,66,188062,41,193110
16935,0.009391,74.125.24.0-255,4982,193044,41,193110
16936,0.009398,172.31.46.0-255,66,193110,41,193110
16937,0.0,74.125.24.0-255,300,300,41,154463
16938,2.3e-05,172.31.46.0-255,66,366,41,154463
16939,2.9e-05,74.125.24.0-255,1484,1850,41,154463
16940,3.3e-05,172.31.46.0-255,66,1916,41,154463
16941,4e-05,74.125.24.0-255,4320,6236,41,154463
16942,4.4e-05,172.31.46.0-255,66,6302,41,154463
16943,4.9e-05,74.125.24.0-255,2902,9204,41,154463
16944,5.3e-05,172.31.46.0-255,66,9270,41,154463
16945,8.4e-05,74.125.24.0-255,6146,15416,41,154463
16946,8.6e-05,172.31.46.0-255,66,15482,41,154463
16947,9.3e-05,74.125.24.0-255,5738,21220,41,154463
16948,9.6e-05,172.31.46.0-255,66,21286,41,154463
16949,0.000128,74.125.24.0-255,4320,25606,41,154463
16950,0.00013,172.31.46.0-255,66,25672,41,154463
16951,0.000152,74.125.24.0-255,5379,31051,41,154463
16952,0.000155,172.31.46.0-255,66,31117,41,154463
16953,0.000186,74.125.24.0-255,1484,32601,41,154463
16954,0.000188,172.31.46.0-255,66,32667,41,154463
16955,0.000192,74.125.24.0-255,2902,35569,41,154463
16956,0.000194,172.31.46.0-255,66,35635,41,154463
16957,0.0002,74.125.24.0-255,4320,39955,41,154463
16958,0.000203,172.31.46.0-255,66,40021,41,154463
16959,0.000221,74.125.24.0-255,1484,41505,41,154463
16960,0.000223,172.31.46.0-255,66,41571,41,154463
16961,0.000233,172.31.46.0-255,66,41637,41,154463
16962,0.000265,172.31.46.0-255,66,41703,41,154463
16963,0.000303,74.125.24.0-255,2817,44520,41,154463
16964,0.000305,172.31.46.0-255,66,44586,41,154463
16965,0.000471,74.125.24.0-255,380,44966,41,154463
16966,0.000476,172.31.46.0-255,66,45032,41,154463
16967,0.000647,74.125.24.0-255,1484,46516,41,154463
16968,0.000671,74.125.24.0-255,2902,49418,41,154463
16969,0.000675,172.31.46.0-255,66,49484,41,154463
16970,0.000681,74.125.24.0-255,4320,53804,41,154463
16971,0.000684,172.31.46.0-255,66,53870,41,154463
16972,0.000695,74.125.24.0-255,1484,55354,41,154463
16973,0.000707,74.125.24.0-255,1484,56838,41,154463
16974,0.000709,172.31.46.0-255,66,56904,41,154463
16975,0.000741,172.31.46.0-255,66,56970,41,154463
16976,0.000751,172.31.46.0-255,66,57036,41,154463
16977,0.000779,74.125.24.0-255,3961,60997,41,154463
16978,0.000782,172.31.46.0-255,66,61063,41,154463
16979,0.001591,74.125.24.0-255,1484,62547,41,154463
16980,0.0016,74.125.24.0-255,2902,65449,41,154463
16981,0.001604,172.31.46.0-255,66,65515,41,154463
16982,0.001613,74.125.24.0-255,5738,71253,41,154463
16983,0.001615,172.31.46.0-255,66,71319,41,154463
16984,0.001653,74.125.24.0-255,5738,77057,41,154463
16985,0.001656,172.31.46.0-255,66,77123,41,154463
16986,0.001681,172.31.46.0-255,66,77189,41,154463
16987,0.001703,74.125.24.0-255,2902,80091,41,154463
16988,0.001705,172.31.46.0-255,66,80157,41,154463
16989,0.001736,172.31.46.0-255,66,80223,41,154463
16990,0.001871,74.125.24.0-255,1484,81707,41,154463
16991,0.001888,74.125.24.0-255,2902,84609,41,154463
16992,0.001892,172.31.46.0-255,66,84675,41,154463
16993,0.001899,74.125.24.0-255,5738,90413,41,154463
16994,0.001901,172.31.46.0-255,66,90479,41,154463
16995,0.00193,74.125.24.0-255,5738,96217,41,154463
16996,0.001932,172.31.46.0-255,66,96283,41,154463
16997,0.001951,74.125.24.0-255,4320,100603,41,154463
16998,0.001952,172.31.46.0-255,66,100669,41,154463
16999,0.001955,74.125.24.0-255,1484,102153,41,154463
17000,0.001981,172.31.46.0-255,66,102219,41,154463
17001,0.001999,74.125.24.0-255,2184,104403,41,154463
17002,0.002001,172.31.46.0-255,66,104469,41,154463
17003,0.002011,172.31.46.0-255,66,104535,41,154463
17004,0.002035,74.125.24.0-255,4320,108855,41,154463
17005,0.002037,172.31.46.0-255,66,108921,41,154463
17006,0.002045,172.31.46.0-255,66,108987,41,154463
17007,0.002065,74.125.24.0-255,4320,113307,41,154463
17008,0.002067,172.31.46.0-255,66,113373,41,154463
17009,0.002092,172.31.46.0-255,66,113439,41,154463
17010,0.00221,74.125.24.0-255,1484,114923,41,154463
17011,0.002229,74.125.24.0-255,2902,117825,41,154463
17012,0.002232,172.31.46.0-255,66,117891,41,154463
17013,0.002238,74.125.24.0-255,5738,123629,41,154463
17014,0.002241,172.31.46.0-255,66,123695,41,154463
17015,0.002299,74.125.24.0-255,1484,125179,41,154463
17016,0.002319,172.31.46.0-255,66,125245,41,154463
17017,0.002325,74.125.24.0-255,5738,130983,41,154463
17018,0.002327,172.31.46.0-255,66,131049,41,154463
17019,0.002347,74.125.24.0-255,5738,136787,41,154463
17020,0.00235,172.31.46.0-255,66,136853,41,154463
17021,0.002372,172.31.46.0-255,66,136919,41,154463
17022,0.004725,74.125.24.0-255,5738,142657,41,154463
17023,0.004731,172.31.46.0-255,66,142723,41,154463
17024,0.007022,74.125.24.0-255,2902,145625,41,154463
17025,0.00703,172.31.46.0-255,66,145691,41,154463
17026,0.007051,74.125.24.0-255,2902,148593,41,154463
17027,0.007054,172.31.46.0-255,66,148659,41,154463
17028,0.009332,74.125.24.0-255,5738,154397,41,154463
17029,0.009337,172.31.46.0-255,66,154463,41,154463
17030,0.0,74.125.24.0-255,150,150,41,116838
17031,2.4e-05,172.31.46.0-255,66,216,41,116838
17032,3.2e-05,74.125.24.0-255,1484,1700,41,116838
17033,3.6e-05,172.31.46.0-255,66,1766,41,116838
17034,4.2e-05,74.125.24.0-255,2902,4668,41,116838
17035,4.5e-05,172.31.46.0-255,66,4734,41,116838
17036,5.5e-05,172.31.46.0-255,66,4800,41,116838
17037,5.9e-05,74.125.24.0-255,1484,6284,41,116838
17038,6.3e-05,172.31.46.0-255,66,6350,41,116838
17039,7.9e-05,74.125.24.0-255,655,7005,41,116838
17040,8.2e-05,172.31.46.0-255,66,7071,41,116838
17041,0.000113,74.125.24.0-255,1484,8555,41,116838
17042,0.000116,172.31.46.0-255,66,8621,41,116838
17043,0.00012,74.125.24.0-255,1484,10105,41,116838
17044,0.000123,172.31.46.0-255,66,10171,41,116838
17045,0.000136,74.125.24.0-255,2902,13073,41,116838
17046,0.000139,172.31.46.0-255,66,13139,41,116838
17047,0.000144,74.125.24.0-255,4320,17459,41,116838
17048,0.000147,172.31.46.0-255,66,17525,41,116838
17049,0.000178,74.125.24.0-255,5738,23263,41,116838
17050,0.00018,172.31.46.0-255,66,23329,41,116838
17051,0.000183,74.125.24.0-255,1125,24454,41,116838
17052,0.000185,172.31.46.0-255,66,24520,41,116838
17053,0.000648,74.125.24.0-255,1484,26004,41,116838
17054,0.000655,172.31.46.0-255,66,26070,41,116838
17055,0.000661,74.125.24.0-255,1484,27554,41,116838
17056,0.000663,172.31.46.0-255,66,27620,41,116838
17057,0.000679,74.125.24.0-255,1484,29104,41,116838
17058,0.000681,172.31.46.0-255,66,29170,41,116838
17059,0.000688,74.125.24.0-255,5738,34908,41,116838
17060,0.000691,172.31.46.0-255,66,34974,41,116838
17061,0.000717,172.31.46.0-255,66,35040,41,116838
17062,0.000741,74.125.24.0-255,1125,36165,41,116838
17063,0.000757,172.31.46.0-255,66,36231,41,116838
17064,0.000762,74.125.24.0-255,3961,40192,41,116838
17065,0.000765,172.31.46.0-255,66,40258,41,116838
17066,0.000779,74.125.24.0-255,411,40669,41,116838
17067,0.000851,74.125.24.0-255,331,41000,41,116838
17068,0.000877,74.125.24.0-255,1484,42484,41,116838
17069,0.000881,172.31.46.0-255,66,42550,41,116838
17070,0.000892,74.125.24.0-255,4320,46870,41,116838
17071,0.000895,172.31.46.0-255,66,46936,41,116838
17072,0.000927,172.31.46.0-255,66,47002,41,116838
17073,0.000931,74.125.24.0-255,2543,49545,41,116838
17074,0.000933,172.31.46.0-255,66,49611,41,116838
17075,0.00099,74.125.24.0-255,1484,51095,41,116838
17076,0.000996,74.125.24.0-255,2902,53997,41,116838
17077,0.000998,172.31.46.0-255,66,54063,41,116838
17078,0.001006,74.125.24.0-255,5738,59801,41,116838
17079,0.001009,172.31.46.0-255,66,59867,41,116838
17080,0.001013,74.125.24.0-255,2902,62769,41,116838
17081,0.001015,172.31.46.0-255,66,62835,41,116838
17082,0.00103,74.125.24.0-255,3961,66796,41,116838
17083,0.001032,172.31.46.0-255,66,66862,41,116838
17084,0.001637,74.125.24.0-255,1484,68346,41,116838
17085,0.001644,74.125.24.0-255,1484,69830,41,116838
17086,0.001648,172.31.46.0-255,66,69896,41,116838
17087,0.001664,74.125.24.0-255,1484,71380,41,116838
17088,0.001671,74.125.24.0-255,5738,77118,41,116838
17089,0.001674,172.31.46.0-255,66,77184,41,116838
17090,0.00171,172.31.46.0-255,66,77250,41,116838
17091,0.001764,74.125.24.0-255,5738,82988,41,116838
17092,0.001767,172.31.46.0-255,66,83054,41,116838
17093,0.001785,74.125.24.0-255,5020,88074,41,116838
17094,0.001788,172.31.46.0-255,66,88140,41,116838
17095,0.001969,74.125.24.0-255,1484,89624,41,116838
17096,0.001976,74.125.24.0-255,2902,92526,41,116838
17097,0.001979,172.31.46.0-255,66,92592,41,116838
17098,0.001983,74.125.24.0-255,1484,94076,41,116838
17099,0.002004,74.125.24.0-255,4320,98396,41,116838
17100,0.002007,172.31.46.0-255,66,98462,41,116838
17101,0.00201,74.125.24.0-255,1484,99946,41,116838
17102,0.002034,172.31.46.0-255,66,100012,41,116838
17103,0.002114,172.31.46.0-255,66,100078,41,116838
17104,0.002131,74.125.24.0-255,766,100844,41,116838
17105,0.004164,74.125.24.0-255,4320,105164,41,116838
17106,0.004171,172.31.46.0-255,66,105230,41,116838
17107,0.006227,74.125.24.0-255,5738,110968,41,116838
17108,0.00623,172.31.46.0-255,66,111034,41,116838
17109,0.008301,74.125.24.0-255,5738,116772,41,116838
17110,0.008308,172.31.46.0-255,66,116838,41,116838
17111,0.0,74.125.68.0-255,153,153,41,172256
17112,2.4e-05,172.31.46.0-255,66,219,41,172256
17113,3.1e-05,74.125.68.0-255,1484,1703,41,172256
17114,3.6e-05,172.31.46.0-255,66,1769,41,172256
17115,4.2e-05,74.125.68.0-255,2902,4671,41,172256
17116,4.5e-05,172.31.46.0-255,66,4737,41,172256
17117,5.1e-05,74.125.68.0-255,5738,10475,41,172256
17118,5.5e-05,172.31.46.0-255,66,10541,41,172256
17119,6e-05,74.125.68.0-255,3503,14044,41,172256
17120,6.4e-05,172.31.46.0-255,66,14110,41,172256
17121,9.2e-05,74.125.68.0-255,4320,18430,41,172256
17122,9.6e-05,172.31.46.0-255,66,18496,41,172256
17123,0.000123,172.31.46.0-255,66,18562,41,172256
17124,0.000145,74.125.68.0-255,2902,21464,41,172256
17125,0.000147,172.31.46.0-255,66,21530,41,172256
17126,0.000161,74.125.68.0-255,2543,24073,41,172256
17127,0.000163,172.31.46.0-255,66,24139,41,172256
17128,0.000229,74.125.68.0-255,1484,25623,41,172256
17129,0.000233,172.31.46.0-255,66,25689,41,172256
17130,0.000243,74.125.68.0-255,2902,28591,41,172256
17131,0.000245,172.31.46.0-255,66,28657,41,172256
17132,0.000248,74.125.68.0-255,1484,30141,41,172256
17133,0.00025,172.31.46.0-255,66,30207,41,172256
17134,0.000271,74.125.68.0-255,4320,34527,41,172256
17135,0.000274,172.31.46.0-255,66,34593,41,172256
17136,0.000278,74.125.68.0-255,2902,37495,41,172256
17137,0.00028,172.31.46.0-255,66,37561,41,172256
17138,0.000286,74.125.68.0-255,3961,41522,41,172256
17139,0.000288,172.31.46.0-255,66,41588,41,172256
17140,0.000312,74.125.68.0-255,2902,44490,41,172256
17141,0.000314,172.31.46.0-255,66,44556,41,172256
17142,0.000339,74.125.68.0-255,5738,50294,41,172256
17143,0.000341,172.31.46.0-255,66,50360,41,172256
17144,0.000346,74.125.68.0-255,2902,53262,41,172256
17145,0.000348,172.31.46.0-255,66,53328,41,172256
17146,0.000388,74.125.68.0-255,5379,58707,41,172256
17147,0.000391,172.31.46.0-255,66,58773,41,172256
17148,0.000394,74.125.68.0-255,396,59169,41,172256
17149,0.001085,172.31.46.0-255,66,59235,41,172256
17150,0.001091,74.125.68.0-255,347,59582,41,172256
17151,0.001117,172.31.46.0-255,66,59648,41,172256
17152,0.001136,74.125.68.0-255,1484,61132,41,172256
17153,0.001164,74.125.68.0-255,2902,64034,41,172256
17154,0.001167,172.31.46.0-255,66,64100,41,172256
17155,0.001172,74.125.68.0-255,2902,67002,41,172256
17156,0.001174,172.31.46.0-255,66,67068,41,172256
17157,0.001188,74.125.68.0-255,2902,69970,41,172256
17158,0.001191,172.31.46.0-255,66,70036,41,172256
17159,0.001207,74.125.68.0-255,5738,75774,41,172256
17160,0.001209,172.31.46.0-255,66,75840,41,172256
17161,0.001222,74.125.68.0-255,1484,77324,41,172256
17162,0.001238,74.125.68.0-255,2902,80226,41,172256
17163,0.001241,172.31.46.0-255,66,80292,41,172256
17164,0.001273,172.31.46.0-255,66,80358,41,172256
17165,0.0013,74.125.68.0-255,1484,81842,41,172256
17166,0.001332,74.125.68.0-255,3602,85444,41,172256
17167,0.001335,172.31.46.0-255,66,85510,41,172256
17168,0.001342,74.125.68.0-255,5738,91248,41,172256
17169,0.001344,172.31.46.0-255,66,91314,41,172256
17170,0.00135,74.125.68.0-255,5738,97052,41,172256
17171,0.001352,172.31.46.0-255,66,97118,41,172256
17172,0.001384,74.125.68.0-255,4320,101438,41,172256
17173,0.001386,172.31.46.0-255,66,101504,41,172256
17174,0.001399,172.31.46.0-255,66,101570,41,172256
17175,0.001404,74.125.68.0-255,4320,105890,41,172256
17176,0.001406,172.31.46.0-255,66,105956,41,172256
17177,0.001442,74.125.68.0-255,2184,108140,41,172256
17178,0.001445,172.31.46.0-255,66,108206,41,172256
17179,0.002128,74.125.68.0-255,1484,109690,41,172256
17180,0.002138,74.125.68.0-255,2902,112592,41,172256
17181,0.002142,172.31.46.0-255,66,112658,41,172256
17182,0.002149,74.125.68.0-255,2902,115560,41,172256
17183,0.002151,172.31.46.0-255,66,115626,41,172256
17184,0.00217,74.125.68.0-255,4320,119946,41,172256
17185,0.002173,172.31.46.0-255,66,120012,41,172256
17186,0.002188,74.125.68.0-255,4320,124332,41,172256
17187,0.00219,172.31.46.0-255,66,124398,41,172256
17188,0.002212,74.125.68.0-255,4320,128718,41,172256
17189,0.002214,172.31.46.0-255,66,128784,41,172256
17190,0.002219,74.125.68.0-255,2902,131686,41,172256
17191,0.002221,172.31.46.0-255,66,131752,41,172256
17192,0.002262,74.125.68.0-255,2902,134654,41,172256
17193,0.002265,172.31.46.0-255,66,134720,41,172256
17194,0.002296,172.31.46.0-255,66,134786,41,172256
17195,0.002299,74.125.68.0-255,1484,136270,41,172256
17196,0.002322,74.125.68.0-255,2902,139172,41,172256
17197,0.002324,172.31.46.0-255,66,139238,41,172256
17198,0.002336,74.125.68.0-255,1484,140722,41,172256
17199,0.002362,74.125.68.0-255,4320,145042,41,172256
17200,0.002366,172.31.46.0-255,66,145108,41,172256
17201,0.00237,74.125.68.0-255,1484,146592,41,172256
17202,0.002376,74.125.68.0-255,4320,150912,41,172256
17203,0.002378,172.31.46.0-255,66,150978,41,172256
17204,0.002396,74.125.68.0-255,4320,155298,41,172256
17205,0.002399,172.31.46.0-255,66,155364,41,172256
17206,0.002416,74.125.68.0-255,5738,161102,41,172256
17207,0.002418,172.31.46.0-255,66,161168,41,172256
17208,0.002443,172.31.46.0-255,66,161234,41,172256
17209,0.002446,74.125.68.0-255,766,162000,41,172256
17210,0.004984,74.125.68.0-255,4320,166320,41,172256
17211,0.004993,172.31.46.0-255,66,166386,41,172256
17212,0.007543,74.125.68.0-255,4320,170706,41,172256
17213,0.007548,172.31.46.0-255,66,170772,41,172256
17214,0.007566,74.125.68.0-255,1484,172256,41,172256
17215,0.0,172.217.194.0-255,152,152,41,133265
17216,2.2e-05,172.31.46.0-255,66,218,41,133265
17217,2.9e-05,172.217.194.0-255,1484,1702,41,133265
17218,3.3e-05,172.31.46.0-255,66,1768,41,133265
17219,3.9e-05,172.217.194.0-255,2902,4670,41,133265
17220,4.9e-05,172.31.46.0-255,66,4736,41,133265
17221,6.2e-05,172.31.46.0-255,66,4802,41,133265
17222,8.5e-05,172.217.194.0-255,1938,6740,41,133265
17223,9.2e-05,172.31.46.0-255,66,6806,41,133265
17224,0.000334,172.217.194.0-255,1484,8290,41,133265
17225,0.00034,172.31.46.0-255,66,8356,41,133265
17226,0.000346,172.217.194.0-255,2902,11258,41,133265
17227,0.000349,172.31.46.0-255,66,11324,41,133265
17228,0.000356,172.217.194.0-255,5738,17062,41,133265
17229,0.000363,172.31.46.0-255,66,17128,41,133265
17230,0.000399,172.31.46.0-255,66,17194,41,133265
17231,0.000432,172.217.194.0-255,1125,18319,41,133265
17232,0.000434,172.31.46.0-255,66,18385,41,133265
17233,0.000445,172.31.46.0-255,66,18451,41,133265
17234,0.000461,172.31.46.0-255,66,18517,41,133265
17235,0.000474,172.31.46.0-255,66,18583,41,133265
17236,0.000477,172.217.194.0-255,393,18976,41,133265
17237,0.00048,172.31.46.0-255,66,19042,41,133265
17238,0.00054,172.217.194.0-255,1484,20526,41,133265
17239,0.000543,172.31.46.0-255,66,20592,41,133265
17240,0.000557,172.217.194.0-255,2902,23494,41,133265
17241,0.00058,172.31.46.0-255,66,23560,41,133265
17242,0.000587,172.217.194.0-255,5738,29298,41,133265
17243,0.000591,172.31.46.0-255,66,29364,41,133265
17244,0.000605,172.31.46.0-255,66,29430,41,133265
17245,0.000649,172.31.46.0-255,66,29496,41,133265
17246,0.000672,172.217.194.0-255,1484,30980,41,133265
17247,0.000682,172.217.194.0-255,501,31481,41,133265
17248,0.000684,172.31.46.0-255,66,31547,41,133265
17249,0.000698,172.217.194.0-255,1484,33031,41,133265
17250,0.000707,172.217.194.0-255,2902,35933,41,133265
17251,0.00071,172.31.46.0-255,66,35999,41,133265
17252,0.000744,172.217.194.0-255,5738,41737,41,133265
17253,0.000747,172.31.46.0-255,66,41803,41,133265
17254,0.000796,172.31.46.0-255,66,41869,41,133265
17255,0.000806,172.217.194.0-255,5738,47607,41,133265
17256,0.000809,172.31.46.0-255,66,47673,41,133265
17257,0.000824,172.31.46.0-255,66,47739,41,133265
17258,0.000853,172.217.194.0-255,3961,51700,41,133265
17259,0.000856,172.31.46.0-255,66,51766,41,133265
17260,0.000971,172.217.194.0-255,1484,53250,41,133265
17261,0.000978,172.217.194.0-255,2902,56152,41,133265
17262,0.000982,172.31.46.0-255,66,56218,41,133265
17263,0.001015,172.217.194.0-255,5738,61956,41,133265
17264,0.001019,172.31.46.0-255,66,62022,41,133265
17265,0.001028,172.31.46.0-255,66,62088,41,133265
17266,0.00105,172.217.194.0-255,1484,63572,41,133265
17267,0.001072,172.31.46.0-255,66,63638,41,133265
17268,0.001108,172.217.194.0-255,2902,66540,41,133265
17269,0.001112,172.31.46.0-255,66,66606,41,133265
17270,0.001132,172.217.194.0-255,5379,71985,41,133265
17271,0.001135,172.31.46.0-255,66,72051,41,133265
17272,0.001381,172.217.194.0-255,1484,73535,41,133265
17273,0.001386,172.217.194.0-255,2902,76437,41,133265
17274,0.001389,172.217.194.0-255,1484,77921,41,133265
17275,0.001396,172.31.46.0-255,66,77987,41,133265
17276,0.001448,172.217.194.0-255,4320,82307,41,133265
17277,0.001452,172.31.46.0-255,66,82373,41,133265
17278,0.001463,172.31.46.0-255,66,82439,41,133265
17279,0.00149,172.217.194.0-255,1484,83923,41,133265
17280,0.001495,172.217.194.0-255,2902,86825,41,133265
17281,0.001497,172.31.46.0-255,66,86891,41,133265
17282,0.001504,172.217.194.0-255,5738,92629,41,133265
17283,0.001506,172.31.46.0-255,66,92695,41,133265
17284,0.001521,172.31.46.0-255,66,92761,41,133265
17285,0.001631,172.217.194.0-255,1484,94245,41,133265
17286,0.001634,172.217.194.0-255,1484,95729,41,133265
17287,0.001639,172.31.46.0-255,66,95795,41,133265
17288,0.001647,172.217.194.0-255,1484,97279,41,133265
17289,0.001653,172.217.194.0-255,4320,101599,41,133265
17290,0.00166,172.31.46.0-255,66,101665,41,133265
17291,0.001674,172.217.194.0-255,1484,103149,41,133265
17292,0.001688,172.31.46.0-255,66,103215,41,133265
17293,0.002199,172.217.194.0-255,1484,104699,41,133265
17294,0.002204,172.217.194.0-255,2902,107601,41,133265
17295,0.002208,172.31.46.0-255,66,107667,41,133265
17296,0.002215,172.217.194.0-255,5738,113405,41,133265
17297,0.002217,172.31.46.0-255,66,113471,41,133265
17298,0.002253,172.31.46.0-255,66,113537,41,133265
17299,0.002272,172.31.46.0-255,66,113603,41,133265
17300,0.002281,172.217.194.0-255,2184,115787,41,133265
17301,0.002283,172.31.46.0-255,66,115853,41,133265
17302,0.004627,172.217.194.0-255,5738,121591,41,133265
17303,0.004636,172.31.46.0-255,66,121657,41,133265
17304,0.006976,172.217.194.0-255,5738,127395,41,133265
17305,0.006981,172.31.46.0-255,66,127461,41,133265
17306,0.009344,172.217.194.0-255,5738,133199,41,133265
17307,0.00935,172.31.46.0-255,66,133265,41,133265
17308,0.0,172.253.118.0-255,153,153,41,189659
17309,2e-05,172.31.46.0-255,66,219,41,189659
17310,2.7e-05,172.253.118.0-255,1484,1703,41,189659
17311,3.2e-05,172.31.46.0-255,66,1769,41,189659
17312,3.8e-05,172.253.118.0-255,2902,4671,41,189659
17313,4.2e-05,172.31.46.0-255,66,4737,41,189659
17314,5.2e-05,172.31.46.0-255,66,4803,41,189659
17315,6.3e-05,172.31.46.0-255,66,4869,41,189659
17316,7.6e-05,172.31.46.0-255,66,4935,41,189659
17317,0.000143,172.253.118.0-255,1484,6419,41,189659
17318,0.000146,172.31.46.0-255,66,6485,41,189659
17319,0.000151,172.253.118.0-255,2902,9387,41,189659
17320,0.000153,172.31.46.0-255,66,9453,41,189659
17321,0.000174,172.253.118.0-255,5738,15191,41,189659
17322,0.000177,172.31.46.0-255,66,15257,41,189659
17323,0.000199,172.253.118.0-255,1484,16741,41,189659
17324,0.000202,172.31.46.0-255,66,16807,41,189659
17325,0.00024,172.31.46.0-255,66,16873,41,189659
17326,0.000245,172.253.118.0-255,4320,21193,41,189659
17327,0.000247,172.31.46.0-255,66,21259,41,189659
17328,0.000275,172.253.118.0-255,5654,26913,41,189659
17329,0.000277,172.31.46.0-255,66,26979,41,189659
17330,0.000305,172.253.118.0-255,131,27110,41,189659
17331,0.000308,172.31.46.0-255,66,27176,41,189659
17332,0.000386,172.253.118.0-255,1484,28660,41,189659
17333,0.000389,172.31.46.0-255,66,28726,41,189659
17334,0.000392,172.253.118.0-255,1484,30210,41,189659
17335,0.000394,172.31.46.0-255,66,30276,41,189659
17336,0.000418,172.253.118.0-255,1484,31760,41,189659
17337,0.000426,172.253.118.0-255,5738,37498,41,189659
17338,0.000428,172.31.46.0-255,66,37564,41,189659
17339,0.000435,172.253.118.0-255,5738,43302,41,189659
17340,0.000437,172.31.46.0-255,66,43368,41,189659
17341,0.000464,172.253.118.0-255,1405,44773,41,189659
17342,0.000822,172.253.118.0-255,1484,46257,41,189659
17343,0.000827,172.31.46.0-255,66,46323,41,189659
17344,0.000833,172.253.118.0-255,2902,49225,41,189659
17345,0.000835,172.31.46.0-255,66,49291,41,189659
17346,0.00086,172.253.118.0-255,1484,50775,41,189659
17347,0.000877,172.253.118.0-255,4320,55095,41,189659
17348,0.000879,172.31.46.0-255,66,55161,41,189659
17349,0.000888,172.31.46.0-255,66,55227,41,189659
17350,0.001018,172.253.118.0-255,1484,56711,41,189659
17351,0.001036,172.253.118.0-255,2902,59613,41,189659
17352,0.001039,172.31.46.0-255,66,59679,41,189659
17353,0.001062,172.253.118.0-255,4320,63999,41,189659
17354,0.001065,172.31.46.0-255,66,64065,41,189659
17355,0.001082,172.253.118.0-255,5738,69803,41,189659
17356,0.001084,172.31.46.0-255,66,69869,41,189659
17357,0.001109,172.253.118.0-255,2902,72771,41,189659
17358,0.001112,172.31.46.0-255,66,72837,41,189659
17359,0.001122,172.31.46.0-255,66,72903,41,189659
17360,0.001152,172.253.118.0-255,4320,77223,41,189659
17361,0.001155,172.31.46.0-255,66,77289,41,189659
17362,0.001175,172.253.118.0-255,3602,80891,41,189659
17363,0.001177,172.31.46.0-255,66,80957,41,189659
17364,0.001212,172.253.118.0-255,1484,82441,41,189659
17365,0.001217,172.253.118.0-255,1484,83925,41,189659
17366,0.001219,172.31.46.0-255,66,83991,41,189659
17367,0.001243,172.253.118.0-255,1484,85475,41,189659
17368,0.00125,172.253.118.0-255,5738,91213,41,189659
17369,0.001252,172.31.46.0-255,66,91279,41,189659
17370,0.001262,172.31.46.0-255,66,91345,41,189659
17371,0.001274,172.253.118.0-255,1484,92829,41,189659
17372,0.001316,172.31.46.0-255,66,92895,41,189659
17373,0.001345,172.31.46.0-255,66,92961,41,189659
17374,0.001403,172.253.118.0-255,1484,94445,41,189659
17375,0.001408,172.253.118.0-255,2902,97347,41,189659
17376,0.001411,172.31.46.0-255,66,97413,41,189659
17377,0.001415,172.253.118.0-255,1484,98897,41,189659
17378,0.001429,172.253.118.0-255,4320,103217,41,189659
17379,0.001431,172.31.46.0-255,66,103283,41,189659
17380,0.001464,172.31.46.0-255,66,103349,41,189659
17381,0.001475,172.31.46.0-255,66,103415,41,189659
17382,0.001526,172.253.118.0-255,4320,107735,41,189659
17383,0.001528,172.31.46.0-255,66,107801,41,189659
17384,0.001565,172.31.46.0-255,66,107867,41,189659
17385,0.001574,172.31.46.0-255,66,107933,41,189659
17386,0.001597,172.31.46.0-255,66,107999,41,189659
17387,0.001708,172.253.118.0-255,1484,109483,41,189659
17388,0.001729,172.253.118.0-255,2902,112385,41,189659
17389,0.001731,172.31.46.0-255,66,112451,41,189659
17390,0.001737,172.253.118.0-255,5738,118189,41,189659
17391,0.001739,172.31.46.0-255,66,118255,41,189659
17392,0.00177,172.31.46.0-255,66,118321,41,189659
17393,0.00179,172.253.118.0-255,5738,124059,41,189659
17394,0.001792,172.31.46.0-255,66,124125,41,189659
17395,0.001811,172.253.118.0-255,4320,128445,41,189659
17396,0.001813,172.31.46.0-255,66,128511,41,189659
17397,0.001842,172.31.46.0-255,66,128577,41,189659
17398,0.001961,172.253.118.0-255,1484,130061,41,189659
17399,0.001967,172.253.118.0-255,2902,132963,41,189659
17400,0.001969,172.31.46.0-255,66,133029,41,189659
17401,0.002023,172.253.118.0-255,5738,138767,41,189659
17402,0.002026,172.31.46.0-255,66,138833,41,189659
17403,0.002039,172.31.46.0-255,66,138899,41,189659
17404,0.002047,172.31.46.0-255,66,138965,41,189659
17405,0.002071,172.253.118.0-255,3602,142567,41,189659
17406,0.002073,172.31.46.0-255,66,142633,41,189659
17407,0.002108,172.253.118.0-255,4320,146953,41,189659
17408,0.002112,172.31.46.0-255,66,147019,41,189659
17409,0.002115,172.253.118.0-255,1484,148503,41,189659
17410,0.002141,172.31.46.0-255,66,148569,41,189659
17411,0.002149,172.31.46.0-255,66,148635,41,189659
17412,0.002186,172.253.118.0-255,5738,154373,41,189659
17413,0.002188,172.31.46.0-255,66,154439,41,189659
17414,0.00221,172.31.46.0-255,66,154505,41,189659
17415,0.002253,172.253.118.0-255,1484,155989,41,189659
17416,0.002265,172.253.118.0-255,2902,158891,41,189659
17417,0.002267,172.31.46.0-255,66,158957,41,189659
17418,0.002288,172.253.118.0-255,4320,163277,41,189659
17419,0.00229,172.31.46.0-255,66,163343,41,189659
17420,0.002294,172.253.118.0-255,2902,166245,41,189659
17421,0.002296,172.31.46.0-255,66,166311,41,189659
17422,0.002318,172.253.118.0-255,5738,172049,41,189659
17423,0.00232,172.31.46.0-255,66,172115,41,189659
17424,0.002344,172.31.46.0-255,66,172181,41,189659
17425,0.002372,172.31.46.0-255,66,172247,41,189659
17426,0.004901,172.253.118.0-255,5738,177985,41,189659
17427,0.004908,172.31.46.0-255,66,178051,41,189659
17428,0.007429,172.253.118.0-255,5738,183789,41,189659
17429,0.007437,172.31.46.0-255,66,183855,41,189659
17430,0.009966,172.253.118.0-255,5738,189593,41,189659
17431,0.009974,172.31.46.0-255,66,189659,41,189659
17432,0.0,74.125.200.0-255,148,148,41,207244
17433,1.9e-05,172.31.46.0-255,66,214,41,207244
17434,4.4e-05,74.125.200.0-255,1484,1698,41,207244
17435,4.9e-05,172.31.46.0-255,66,1764,41,207244
17436,5.6e-05,74.125.200.0-255,2902,4666,41,207244
17437,6.1e-05,172.31.46.0-255,66,4732,41,207244
17438,6.7e-05,74.125.200.0-255,5738,10470,41,207244
17439,7.1e-05,172.31.46.0-255,66,10536,41,207244
17440,9.5e-05,74.125.200.0-255,4924,15460,41,207244
17441,0.000103,172.31.46.0-255,66,15526,41,207244
17442,0.000109,74.125.200.0-255,5738,21264,41,207244
17443,0.000112,172.31.46.0-255,66,21330,41,207244
17444,0.000144,74.125.200.0-255,5738,27068,41,207244
17445,0.000147,172.31.46.0-255,66,27134,41,207244
17446,0.000173,74.125.200.0-255,3961,31095,41,207244
17447,0.000176,172.31.46.0-255,66,31161,41,207244
17448,0.000265,74.125.200.0-255,1484,32645,41,207244
17449,0.000269,172.31.46.0-255,66,32711,41,207244
17450,0.000293,74.125.200.0-255,2902,35613,41,207244
17451,0.000296,172.31.46.0-255,66,35679,41,207244
17452,0.000323,74.125.200.0-255,4320,39999,41,207244
17453,0.000325,172.31.46.0-255,66,40065,41,207244
17454,0.00035,74.125.200.0-255,2902,42967,41,207244
17455,0.000353,172.31.46.0-255,66,43033,41,207244
17456,0.000384,74.125.200.0-255,5379,48412,41,207244
17457,0.000387,172.31.46.0-255,66,48478,41,207244
17458,0.000398,172.31.46.0-255,66,48544,41,207244
17459,0.00041,172.31.46.0-255,66,48610,41,207244
17460,0.000479,74.125.200.0-255,129,48739,41,207244
17461,0.000482,172.31.46.0-255,66,48805,41,207244
17462,0.000525,74.125.200.0-255,347,49152,41,207244
17463,0.000692,74.125.200.0-255,1484,50636,41,207244
17464,0.000696,172.31.46.0-255,66,50702,41,207244
17465,0.000701,74.125.200.0-255,1484,52186,41,207244
17466,0.000723,74.125.200.0-255,1484,53670,41,207244
17467,0.000726,172.31.46.0-255,66,53736,41,207244
17468,0.000733,74.125.200.0-255,5738,59474,41,207244
17469,0.000736,172.31.46.0-255,66,59540,41,207244
17470,0.000739,74.125.200.0-255,1484,61024,41,207244
17471,0.000778,172.31.46.0-255,66,61090,41,207244
17472,0.00079,172.31.46.0-255,66,61156,41,207244
17473,0.000793,74.125.200.0-255,1484,62640,41,207244
17474,0.000828,74.125.200.0-255,3602,66242,41,207244
17475,0.000834,172.31.46.0-255,66,66308,41,207244
17476,0.001315,74.125.200.0-255,1484,67792,41,207244
17477,0.00133,74.125.200.0-255,2902,70694,41,207244
17478,0.001334,172.31.46.0-255,66,70760,41,207244
17479,0.001355,74.125.200.0-255,4320,75080,41,207244
17480,0.001358,172.31.46.0-255,66,75146,41,207244
17481,0.001363,74.125.200.0-255,4320,79466,41,207244
17482,0.001366,172.31.46.0-255,66,79532,41,207244
17483,0.001377,74.125.200.0-255,1484,81016,41,207244
17484,0.001406,172.31.46.0-255,66,81082,41,207244
17485,0.001417,74.125.200.0-255,1484,82566,41,207244
17486,0.001427,74.125.200.0-255,4320,86886,41,207244
17487,0.001429,172.31.46.0-255,66,86952,41,207244
17488,0.001458,74.125.200.0-255,3602,90554,41,207244
17489,0.001462,172.31.46.0-255,66,90620,41,207244
17490,0.001577,74.125.200.0-255,1484,92104,41,207244
17491,0.001595,74.125.200.0-255,2902,95006,41,207244
17492,0.001598,172.31.46.0-255,66,95072,41,207244
17493,0.001602,74.125.200.0-255,2902,97974,41,207244
17494,0.001604,172.31.46.0-255,66,98040,41,207244
17495,0.001629,74.125.200.0-255,2902,100942,41,207244
17496,0.001631,172.31.46.0-255,66,101008,41,207244
17497,0.001635,74.125.200.0-255,1484,102492,41,207244
17498,0.00164,74.125.200.0-255,4320,106812,41,207244
17499,0.001642,172.31.46.0-255,66,106878,41,207244
17500,0.001682,74.125.200.0-255,4320,111198,41,207244
17501,0.001685,172.31.46.0-255,66,111264,41,207244
17502,0.001701,172.31.46.0-255,66,111330,41,207244
17503,0.001763,172.31.46.0-255,66,111396,41,207244
17504,0.001768,74.125.200.0-255,2902,114298,41,207244
17505,0.00177,172.31.46.0-255,66,114364,41,207244
17506,0.001814,74.125.200.0-255,1484,115848,41,207244
17507,0.001871,74.125.200.0-255,1484,117332,41,207244
17508,0.001875,172.31.46.0-255,66,117398,41,207244
17509,0.001899,74.125.200.0-255,1484,118882,41,207244
17510,0.001906,74.125.200.0-255,4320,123202,41,207244
17511,0.001909,172.31.46.0-255,66,123268,41,207244
17512,0.001912,74.125.200.0-255,1484,124752,41,207244
17513,0.001914,74.125.200.0-255,1484,126236,41,207244
17514,0.001917,172.31.46.0-255,66,126302,41,207244
17515,0.001942,74.125.200.0-255,1484,127786,41,207244
17516,0.001949,74.125.200.0-255,5738,133524,41,207244
17517,0.001952,172.31.46.0-255,66,133590,41,207244
17518,0.001991,74.125.200.0-255,2184,135774,41,207244
17519,0.001993,172.31.46.0-255,66,135840,41,207244
17520,0.002184,74.125.200.0-255,1484,137324,41,207244
17521,0.002205,74.125.200.0-255,2902,140226,41,207244
17522,0.002209,172.31.46.0-255,66,140292,41,207244
17523,0.002217,74.125.200.0-255,5738,146030,41,207244
17524,0.002219,172.31.46.0-255,66,146096,41,207244
17525,0.002228,74.125.200.0-255,4320,150416,41,207244
17526,0.002231,172.31.46.0-255,66,150482,41,207244
17527,0.002235,74.125.200.0-255,2902,153384,41,207244
17528,0.002238,172.31.46.0-255,66,153450,41,207244
17529,0.002268,74.125.200.0-255,2902,156352,41,207244
17530,0.002271,172.31.46.0-255,66,156418,41,207244
17531,0.002283,172.31.46.0-255,66,156484,41,207244
17532,0.002287,74.125.200.0-255,2184,158668,41,207244
17533,0.00229,172.31.46.0-255,66,158734,41,207244
17534,0.002348,74.125.200.0-255,1484,160218,41,207244
17535,0.002365,74.125.200.0-255,2902,163120,41,207244
17536,0.002369,172.31.46.0-255,66,163186,41,207244
17537,0.002374,74.125.200.0-255,2902,166088,41,207244
17538,0.002376,172.31.46.0-255,66,166154,41,207244
17539,0.002409,74.125.200.0-255,4320,170474,41,207244
17540,0.002412,172.31.46.0-255,66,170540,41,207244
17541,0.002429,172.31.46.0-255,66,170606,41,207244
17542,0.002436,74.125.200.0-255,5738,176344,41,207244
17543,0.002438,172.31.46.0-255,66,176410,41,207244
17544,0.002463,74.125.200.0-255,2902,179312,41,207244
17545,0.002466,172.31.46.0-255,66,179378,41,207244
17546,0.002478,172.31.46.0-255,66,179444,41,207244
17547,0.002483,74.125.200.0-255,4320,183764,41,207244
17548,0.002487,172.31.46.0-255,66,183830,41,207244
17549,0.002493,74.125.200.0-255,5738,189568,41,207244
17550,0.002496,172.31.46.0-255,66,189634,41,207244
17551,0.002533,172.31.46.0-255,66,189700,41,207244
17552,0.002539,74.125.200.0-255,5738,195438,41,207244
17553,0.002542,172.31.46.0-255,66,195504,41,207244
17554,0.002577,172.31.46.0-255,66,195570,41,207244
17555,0.002584,74.125.200.0-255,5738,201308,41,207244
17556,0.002586,172.31.46.0-255,66,201374,41,207244
17557,0.002617,74.125.200.0-255,4320,205694,41,207244
17558,0.005151,74.125.200.0-255,1484,207178,41,207244
17559,0.008442,172.31.46.0-255,66,207244,41,207244
17560,0.0,172.217.194.0-255,146,146,41,165674
17561,2.3e-05,172.31.46.0-255,66,212,41,165674
17562,3e-05,172.217.194.0-255,1484,1696,41,165674
17563,3.4e-05,172.31.46.0-255,66,1762,41,165674
17564,4e-05,172.217.194.0-255,2902,4664,41,165674
17565,4.3e-05,172.31.46.0-255,66,4730,41,165674
17566,5.3e-05,172.31.46.0-255,66,4796,41,165674
17567,0.000124,172.31.46.0-255,66,4862,41,165674
17568,0.000129,172.217.194.0-255,2543,7405,41,165674
17569,0.000131,172.31.46.0-255,66,7471,41,165674
17570,0.000263,172.217.194.0-255,1484,8955,41,165674
17571,0.000267,172.31.46.0-255,66,9021,41,165674
17572,0.000272,172.217.194.0-255,2902,11923,41,165674
17573,0.000275,172.31.46.0-255,66,11989,41,165674
17574,0.000281,172.217.194.0-255,4320,16309,41,165674
17575,0.000283,172.31.46.0-255,66,16375,41,165674
17576,0.000299,172.217.194.0-255,1484,17859,41,165674
17577,0.000301,172.31.46.0-255,66,17925,41,165674
17578,0.000327,172.31.46.0-255,66,17991,41,165674
17579,0.00035,172.217.194.0-255,2543,20534,41,165674
17580,0.000352,172.31.46.0-255,66,20600,41,165674
17581,0.000364,172.31.46.0-255,66,20666,41,165674
17582,0.00037,172.217.194.0-255,3961,24627,41,165674
17583,0.000373,172.31.46.0-255,66,24693,41,165674
17584,0.000416,172.217.194.0-255,646,25339,41,165674
17585,0.000419,172.31.46.0-255,66,25405,41,165674
17586,0.000888,172.217.194.0-255,1484,26889,41,165674
17587,0.000895,172.31.46.0-255,66,26955,41,165674
17588,0.000901,172.217.194.0-255,2902,29857,41,165674
17589,0.000903,172.31.46.0-255,66,29923,41,165674
17590,0.00091,172.217.194.0-255,5738,35661,41,165674
17591,0.000912,172.31.46.0-255,66,35727,41,165674
17592,0.00094,172.31.46.0-255,66,35793,41,165674
17593,0.000945,172.217.194.0-255,2902,38695,41,165674
17594,0.000946,172.31.46.0-255,66,38761,41,165674
17595,0.000984,172.31.46.0-255,66,38827,41,165674
17596,0.000989,172.217.194.0-255,2184,41011,41,165674
17597,0.000991,172.31.46.0-255,66,41077,41,165674
17598,0.001326,172.217.194.0-255,1484,42561,41,165674
17599,0.001331,172.31.46.0-255,66,42627,41,165674
17600,0.001336,172.217.194.0-255,2902,45529,41,165674
17601,0.001338,172.31.46.0-255,66,45595,41,165674
17602,0.001364,172.217.194.0-255,5738,51333,41,165674
17603,0.001367,172.31.46.0-255,66,51399,41,165674
17604,0.00138,172.31.46.0-255,66,51465,41,165674
17605,0.001385,172.217.194.0-255,2902,54367,41,165674
17606,0.001387,172.31.46.0-255,66,54433,41,165674
17607,0.00142,172.31.46.0-255,66,54499,41,165674
17608,0.001423,172.217.194.0-255,766,55265,41,165674
17609,0.001425,172.31.46.0-255,66,55331,41,165674
17610,0.002154,172.217.194.0-255,1484,56815,41,165674
17611,0.002162,172.31.46.0-255,66,56881,41,165674
17612,0.002169,172.217.194.0-255,2902,59783,41,165674
17613,0.002171,172.31.46.0-255,66,59849,41,165674
17614,0.002174,172.217.194.0-255,1484,61333,41,165674
17615,0.002182,172.217.194.0-255,5738,67071,41,165674
17616,0.002185,172.31.46.0-255,66,67137,41,165674
17617,0.0022,172.217.194.0-255,2902,70039,41,165674
17618,0.002202,172.31.46.0-255,66,70105,41,165674
17619,0.002217,172.31.46.0-255,66,70171,41,165674
17620,0.002235,172.217.194.0-255,5738,75909,41,165674
17621,0.002237,172.31.46.0-255,66,75975,41,165674
17622,0.002252,172.217.194.0-255,2184,78159,41,165674
17623,0.002255,172.31.46.0-255,66,78225,41,165674
17624,0.002315,172.217.194.0-255,1484,79709,41,165674
17625,0.002328,172.217.194.0-255,2902,82611,41,165674
17626,0.00233,172.31.46.0-255,66,82677,41,165674
17627,0.002344,172.217.194.0-255,5738,88415,41,165674
17628,0.002346,172.31.46.0-255,66,88481,41,165674
17629,0.002366,172.217.194.0-255,1484,89965,41,165674
17630,0.002393,172.31.46.0-255,66,90031,41,165674
17631,0.002406,172.31.46.0-255,66,90097,41,165674
17632,0.002465,172.217.194.0-255,1484,91581,41,165674
17633,0.002487,172.31.46.0-255,66,91647,41,165674
17634,0.002511,172.217.194.0-255,2902,94549,41,165674
17635,0.002513,172.31.46.0-255,66,94615,41,165674
17636,0.002523,172.31.46.0-255,66,94681,41,165674
17637,0.002548,172.217.194.0-255,2902,97583,41,165674
17638,0.00255,172.31.46.0-255,66,97649,41,165674
17639,0.002555,172.217.194.0-255,4320,101969,41,165674
17640,0.002558,172.31.46.0-255,66,102035,41,165674
17641,0.002578,172.31.46.0-255,66,102101,41,165674
17642,0.002586,172.217.194.0-255,1484,103585,41,165674
17643,0.002631,172.217.194.0-255,2184,105769,41,165674
17644,0.002658,172.217.194.0-255,2902,108671,41,165674
17645,0.002683,172.217.194.0-255,4320,112991,41,165674
17646,0.0027,172.217.194.0-255,2902,115893,41,165674
17647,0.002705,172.217.194.0-255,4320,120213,41,165674
17648,0.002767,172.217.194.0-255,5020,125233,41,165674
17649,0.002773,172.217.194.0-255,4320,129553,41,165674
17650,0.002825,172.217.194.0-255,2902,132455,41,165674
17651,0.002836,172.217.194.0-255,2902,135357,41,165674
17652,0.002852,172.217.194.0-255,4320,139677,41,165674
17653,0.002855,172.217.194.0-255,1484,141161,41,165674
17654,0.002982,172.217.194.0-255,1484,142645,41,165674
17655,0.003005,172.217.194.0-255,5738,148383,41,165674
17656,0.003009,172.217.194.0-255,1484,149867,41,165674
17657,0.003048,172.217.194.0-255,4320,154187,41,165674
17658,0.003096,172.217.194.0-255,1484,155671,41,165674
17659,0.003102,172.217.194.0-255,4320,159991,41,165674
17660,0.003123,172.217.194.0-255,5407,165398,41,165674
17661,0.003126,172.217.194.0-255,105,165503,41,165674
17662,0.006294,172.31.46.0-255,66,165569,41,165674
17663,0.008942,172.31.46.0-255,105,165674,41,165674
17664,0.0,172.217.194.0-255,148,148,41,158839
17665,1.7e-05,172.31.46.0-255,66,214,41,158839
17666,2.4e-05,172.217.194.0-255,1484,1698,41,158839
17667,2.8e-05,172.31.46.0-255,66,1764,41,158839
17668,3.3e-05,172.217.194.0-255,2902,4666,41,158839
17669,3.6e-05,172.31.46.0-255,66,4732,41,158839
17670,4.6e-05,172.31.46.0-255,66,4798,41,158839
17671,7.2e-05,172.217.194.0-255,2080,6878,41,158839
17672,7.5e-05,172.31.46.0-255,66,6944,41,158839
17673,0.000628,172.217.194.0-255,1484,8428,41,158839
17674,0.000634,172.31.46.0-255,66,8494,41,158839
17675,0.000641,172.217.194.0-255,2902,11396,41,158839
17676,0.000644,172.31.46.0-255,66,11462,41,158839
17677,0.000663,172.217.194.0-255,5738,17200,41,158839
17678,0.000666,172.31.46.0-255,66,17266,41,158839
17679,0.000686,172.217.194.0-255,5738,23004,41,158839
17680,0.000688,172.31.46.0-255,66,23070,41,158839
17681,0.000728,172.217.194.0-255,2902,25972,41,158839
17682,0.000733,172.31.46.0-255,66,26038,41,158839
17683,0.000743,172.217.194.0-255,5738,31776,41,158839
17684,0.000746,172.31.46.0-255,66,31842,41,158839
17685,0.000763,172.217.194.0-255,5379,37221,41,158839
17686,0.000765,172.31.46.0-255,66,37287,41,158839
17687,0.000771,172.217.194.0-255,4320,41607,41,158839
17688,0.000773,172.31.46.0-255,66,41673,41,158839
17689,0.000807,172.31.46.0-255,66,41739,41,158839
17690,0.000816,172.31.46.0-255,66,41805,41,158839
17691,0.00097,172.217.194.0-255,343,42148,41,158839
17692,0.000975,172.31.46.0-255,66,42214,41,158839
17693,0.001,172.217.194.0-255,115,42329,41,158839
17694,0.001152,172.217.194.0-255,1484,43813,41,158839
17695,0.001156,172.31.46.0-255,66,43879,41,158839
17696,0.001162,172.217.194.0-255,2902,46781,41,158839
17697,0.001164,172.31.46.0-255,66,46847,41,158839
17698,0.001192,172.217.194.0-255,5738,52585,41,158839
17699,0.001195,172.31.46.0-255,66,52651,41,158839
17700,0.001202,172.217.194.0-255,5738,58389,41,158839
17701,0.001204,172.31.46.0-255,66,58455,41,158839
17702,0.001233,172.217.194.0-255,4320,62775,41,158839
17703,0.001236,172.31.46.0-255,66,62841,41,158839
17704,0.001263,172.217.194.0-255,2902,65743,41,158839
17705,0.001266,172.31.46.0-255,66,65809,41,158839
17706,0.001295,172.31.46.0-255,66,65875,41,158839
17707,0.001374,172.217.194.0-255,1484,67359,41,158839
17708,0.001379,172.217.194.0-255,2902,70261,41,158839
17709,0.001382,172.31.46.0-255,66,70327,41,158839
17710,0.001403,172.217.194.0-255,5738,76065,41,158839
17711,0.001406,172.31.46.0-255,66,76131,41,158839
17712,0.001446,172.31.46.0-255,66,76197,41,158839
17713,0.001484,172.217.194.0-255,5738,81935,41,158839
17714,0.001488,172.31.46.0-255,66,82001,41,158839
17715,0.001518,172.31.46.0-255,66,82067,41,158839
17716,0.001521,172.217.194.0-255,1484,83551,41,158839
17717,0.001538,172.31.46.0-255,66,83617,41,158839
17718,0.001554,172.217.194.0-255,1484,85101,41,158839
17719,0.001594,172.217.194.0-255,5738,90839,41,158839
17720,0.001598,172.31.46.0-255,66,90905,41,158839
17721,0.001613,172.217.194.0-255,1484,92389,41,158839
17722,0.001615,172.217.194.0-255,1484,93873,41,158839
17723,0.001619,172.31.46.0-255,66,93939,41,158839
17724,0.001622,172.31.46.0-255,66,94005,41,158839
17725,0.001645,172.217.194.0-255,1484,95489,41,158839
17726,0.001652,172.217.194.0-255,5738,101227,41,158839
17727,0.001655,172.31.46.0-255,66,101293,41,158839
17728,0.001661,172.217.194.0-255,4320,105613,41,158839
17729,0.001663,172.31.46.0-255,66,105679,41,158839
17730,0.001692,172.31.46.0-255,66,105745,41,158839
17731,0.001705,172.31.46.0-255,66,105811,41,158839
17732,0.001721,172.217.194.0-255,1484,107295,41,158839
17733,0.001725,172.217.194.0-255,1484,108779,41,158839
17734,0.001727,172.31.46.0-255,66,108845,41,158839
17735,0.001748,172.217.194.0-255,1484,110329,41,158839
17736,0.001755,172.217.194.0-255,5738,116067,41,158839
17737,0.001765,172.31.46.0-255,66,116133,41,158839
17738,0.001783,172.217.194.0-255,2902,119035,41,158839
17739,0.001786,172.31.46.0-255,66,119101,41,158839
17740,0.00181,172.31.46.0-255,66,119167,41,158839
17741,0.001821,172.31.46.0-255,66,119233,41,158839
17742,0.001846,172.217.194.0-255,4320,123553,41,158839
17743,0.001849,172.31.46.0-255,66,123619,41,158839
17744,0.001865,172.31.46.0-255,66,123685,41,158839
17745,0.00189,172.217.194.0-255,1484,125169,41,158839
17746,0.001895,172.217.194.0-255,2902,128071,41,158839
17747,0.001897,172.31.46.0-255,66,128137,41,158839
17748,0.001921,172.217.194.0-255,5738,133875,41,158839
17749,0.001924,172.31.46.0-255,66,133941,41,158839
17750,0.001954,172.31.46.0-255,66,134007,41,158839
17751,0.00198,172.217.194.0-255,1484,135491,41,158839
17752,0.001995,172.217.194.0-255,5738,141229,41,158839
17753,0.001998,172.31.46.0-255,66,141295,41,158839
17754,0.002024,172.31.46.0-255,66,141361,41,158839
17755,0.004026,172.217.194.0-255,5738,147099,41,158839
17756,0.004032,172.31.46.0-255,66,147165,41,158839
17757,0.006024,172.217.194.0-255,5738,152903,41,158839
17758,0.006032,172.31.46.0-255,66,152969,41,158839
17759,0.008074,172.217.194.0-255,4320,157289,41,158839
17760,0.008077,172.31.46.0-255,66,157355,41,158839
17761,0.008094,172.217.194.0-255,1484,158839,41,158839
17762,0.0,74.125.24.0-255,153,153,41,85410
17763,2.5e-05,172.31.46.0-255,66,219,41,85410
17764,3.2e-05,74.125.24.0-255,1484,1703,41,85410
17765,3.7e-05,172.31.46.0-255,66,1769,41,85410
17766,4.2e-05,74.125.24.0-255,2902,4671,41,85410
17767,4.5e-05,172.31.46.0-255,66,4737,41,85410
17768,6.5e-05,172.31.46.0-255,66,4803,41,85410
17769,6.9e-05,74.125.24.0-255,2068,6871,41,85410
17770,7.2e-05,172.31.46.0-255,66,6937,41,85410
17771,0.000119,74.125.24.0-255,1484,8421,41,85410
17772,0.000121,172.31.46.0-255,66,8487,41,85410
17773,0.000127,74.125.24.0-255,2902,11389,41,85410
17774,0.000135,172.31.46.0-255,66,11455,41,85410
17775,0.000141,74.125.24.0-255,5738,17193,41,85410
17776,0.000144,172.31.46.0-255,66,17259,41,85410
17777,0.000147,74.125.24.0-255,1484,18743,41,85410
17778,0.000148,172.31.46.0-255,66,18809,41,85410
17779,0.000184,74.125.24.0-255,5379,24188,41,85410
17780,0.000187,172.31.46.0-255,66,24254,41,85410
17781,0.000279,74.125.24.0-255,1484,25738,41,85410
17782,0.000282,172.31.46.0-255,66,25804,41,85410
17783,0.000288,74.125.24.0-255,2902,28706,41,85410
17784,0.00029,172.31.46.0-255,66,28772,41,85410
17785,0.000293,74.125.24.0-255,1484,30256,41,85410
17786,0.000295,172.31.46.0-255,66,30322,41,85410
17787,0.000339,74.125.24.0-255,4320,34642,41,85410
17788,0.000343,172.31.46.0-255,66,34708,41,85410
17789,0.000347,74.125.24.0-255,2902,37610,41,85410
17790,0.000349,172.31.46.0-255,66,37676,41,85410
17791,0.000367,172.31.46.0-255,66,37742,41,85410
17792,0.000398,74.125.24.0-255,399,38141,41,85410
17793,0.000438,74.125.24.0-255,375,38516,41,85410
17794,0.000581,172.31.46.0-255,66,38582,41,85410
17795,0.000687,74.125.24.0-255,1484,40066,41,85410
17796,0.000695,74.125.24.0-255,2902,42968,41,85410
17797,0.000701,74.125.24.0-255,4320,47288,41,85410
17798,0.000706,172.31.46.0-255,66,47354,41,85410
17799,0.000726,74.125.24.0-255,1484,48838,41,85410
17800,0.000732,74.125.24.0-255,4320,53158,41,85410
17801,0.000755,74.125.24.0-255,4320,57478,41,85410
17802,0.000761,172.31.46.0-255,66,57544,41,85410
17803,0.000805,172.31.46.0-255,66,57610,41,85410
17804,0.001435,74.125.24.0-255,1484,59094,41,85410
17805,0.001442,74.125.24.0-255,2902,61996,41,85410
17806,0.001445,172.31.46.0-255,66,62062,41,85410
17807,0.001453,74.125.24.0-255,5738,67800,41,85410
17808,0.001457,172.31.46.0-255,66,67866,41,85410
17809,0.001506,172.31.46.0-255,66,67932,41,85410
17810,0.001552,172.31.46.0-255,66,67998,41,85410
17811,0.004064,74.125.24.0-255,5738,73736,41,85410
17812,0.004073,172.31.46.0-255,66,73802,41,85410
17813,0.006578,74.125.24.0-255,5738,79540,41,85410
17814,0.006585,172.31.46.0-255,66,79606,41,85410
17815,0.009102,74.125.24.0-255,5738,85344,41,85410
17816,0.00911,172.31.46.0-255,66,85410,41,85410
17817,0.0,172.217.194.0-255,146,146,41,165098
17818,2.6e-05,172.31.46.0-255,66,212,41,165098
17819,3.3e-05,172.217.194.0-255,1484,1696,41,165098
17820,3.8e-05,172.31.46.0-255,66,1762,41,165098
17821,4.4e-05,172.217.194.0-255,2902,4664,41,165098
17822,4.8e-05,172.31.46.0-255,66,4730,41,165098
17823,5.9e-05,172.31.46.0-255,66,4796,41,165098
17824,6.3e-05,172.217.194.0-255,2043,6839,41,165098
17825,6.7e-05,172.31.46.0-255,66,6905,41,165098
17826,9.6e-05,172.217.194.0-255,2902,9807,41,165098
17827,0.0001,172.31.46.0-255,66,9873,41,165098
17828,0.000127,172.31.46.0-255,66,9939,41,165098
17829,0.000164,172.217.194.0-255,2902,12841,41,165098
17830,0.000167,172.31.46.0-255,66,12907,41,165098
17831,0.000185,172.217.194.0-255,3961,16868,41,165098
17832,0.000189,172.31.46.0-255,66,16934,41,165098
17833,0.000849,172.217.194.0-255,1484,18418,41,165098
17834,0.000858,172.31.46.0-255,66,18484,41,165098
17835,0.000866,172.217.194.0-255,2902,21386,41,165098
17836,0.000869,172.31.46.0-255,66,21452,41,165098
17837,0.000876,172.217.194.0-255,5738,27190,41,165098
17838,0.000879,172.31.46.0-255,66,27256,41,165098
17839,0.000883,172.217.194.0-255,2902,30158,41,165098
17840,0.000886,172.31.46.0-255,66,30224,41,165098
17841,0.00091,172.217.194.0-255,1484,31708,41,165098
17842,0.000914,172.31.46.0-255,66,31774,41,165098
17843,0.000955,172.31.46.0-255,66,31840,41,165098
17844,0.000978,172.217.194.0-255,5738,37578,41,165098
17845,0.000982,172.31.46.0-255,66,37644,41,165098
17846,0.000986,172.217.194.0-255,3602,41246,41,165098
17847,0.000989,172.31.46.0-255,66,41312,41,165098
17848,0.001242,172.217.194.0-255,362,41674,41,165098
17849,0.001289,172.217.194.0-255,1484,43158,41,165098
17850,0.001296,172.31.46.0-255,66,43224,41,165098
17851,0.001321,172.217.194.0-255,2902,46126,41,165098
17852,0.001324,172.31.46.0-255,66,46192,41,165098
17853,0.00133,172.217.194.0-255,5738,51930,41,165098
17854,0.001333,172.31.46.0-255,66,51996,41,165098
17855,0.001354,172.217.194.0-255,5738,57734,41,165098
17856,0.001358,172.31.46.0-255,66,57800,41,165098
17857,0.001381,172.217.194.0-255,5738,63538,41,165098
17858,0.001385,172.31.46.0-255,66,63604,41,165098
17859,0.001398,172.31.46.0-255,66,63670,41,165098
17860,0.001553,172.217.194.0-255,1484,65154,41,165098
17861,0.00156,172.217.194.0-255,2902,68056,41,165098
17862,0.001565,172.31.46.0-255,66,68122,41,165098
17863,0.001582,172.217.194.0-255,5738,73860,41,165098
17864,0.001585,172.31.46.0-255,66,73926,41,165098
17865,0.001614,172.31.46.0-255,66,73992,41,165098
17866,0.001642,172.31.46.0-255,66,74058,41,165098
17867,0.001661,172.217.194.0-255,2184,76242,41,165098
17868,0.001664,172.31.46.0-255,66,76308,41,165098
17869,0.001854,172.217.194.0-255,1484,77792,41,165098
17870,0.001873,172.217.194.0-255,2902,80694,41,165098
17871,0.001876,172.31.46.0-255,66,80760,41,165098
17872,0.001896,172.217.194.0-255,5738,86498,41,165098
17873,0.001899,172.31.46.0-255,66,86564,41,165098
17874,0.001919,172.217.194.0-255,5738,92302,41,165098
17875,0.001922,172.31.46.0-255,66,92368,41,165098
17876,0.001938,172.217.194.0-255,4320,96688,41,165098
17877,0.001941,172.31.46.0-255,66,96754,41,165098
17878,0.001965,172.217.194.0-255,1484,98238,41,165098
17879,0.002,172.31.46.0-255,66,98304,41,165098
17880,0.002012,172.31.46.0-255,66,98370,41,165098
17881,0.002032,172.217.194.0-255,5738,104108,41,165098
17882,0.002036,172.31.46.0-255,66,104174,41,165098
17883,0.002049,172.31.46.0-255,66,104240,41,165098
17884,0.002079,172.217.194.0-255,5738,109978,41,165098
17885,0.002083,172.31.46.0-255,66,110044,41,165098
17886,0.0021,172.217.194.0-255,2184,112228,41,165098
17887,0.002102,172.31.46.0-255,66,112294,41,165098
17888,0.002142,172.217.194.0-255,1484,113778,41,165098
17889,0.002158,172.217.194.0-255,2902,116680,41,165098
17890,0.002172,172.217.194.0-255,2902,119582,41,165098
17891,0.002197,172.217.194.0-255,4320,123902,41,165098
17892,0.00221,172.217.194.0-255,2902,126804,41,165098
17893,0.002229,172.217.194.0-255,4320,131124,41,165098
17894,0.002287,172.217.194.0-255,5020,136144,41,165098
17895,0.002344,172.217.194.0-255,5738,141882,41,165098
17896,0.002383,172.217.194.0-255,5738,147620,41,165098
17897,0.002769,172.31.46.0-255,66,147686,41,165098
17898,0.005105,172.217.194.0-255,5738,153424,41,165098
17899,0.005113,172.31.46.0-255,66,153490,41,165098
17900,0.007452,172.217.194.0-255,5738,159228,41,165098
17901,0.007457,172.31.46.0-255,66,159294,41,165098
17902,0.009815,172.217.194.0-255,5738,165032,41,165098
17903,0.009828,172.31.46.0-255,66,165098,41,165098
17904,0.0,172.217.194.0-255,153,153,41,131900
17905,2.2e-05,172.31.46.0-255,66,219,41,131900
17906,2.9e-05,172.217.194.0-255,1484,1703,41,131900
17907,3.4e-05,172.31.46.0-255,66,1769,41,131900
17908,3.9e-05,172.217.194.0-255,2902,4671,41,131900
17909,4.9e-05,172.31.46.0-255,66,4737,41,131900
17910,6e-05,172.31.46.0-255,66,4803,41,131900
17911,6.3e-05,172.217.194.0-255,2054,6857,41,131900
17912,6.6e-05,172.31.46.0-255,66,6923,41,131900
17913,7e-05,172.217.194.0-255,2902,9825,41,131900
17914,7.2e-05,172.31.46.0-255,66,9891,41,131900
17915,0.000113,172.31.46.0-255,66,9957,41,131900
17916,0.000132,172.31.46.0-255,66,10023,41,131900
17917,0.000168,172.217.194.0-255,2902,12925,41,131900
17918,0.00017,172.31.46.0-255,66,12991,41,131900
17919,0.00021,172.31.46.0-255,66,13057,41,131900
17920,0.000215,172.217.194.0-255,3132,16189,41,131900
17921,0.000216,172.31.46.0-255,66,16255,41,131900
17922,0.000261,172.217.194.0-255,1484,17739,41,131900
17923,0.000264,172.31.46.0-255,66,17805,41,131900
17924,0.000268,172.217.194.0-255,2902,20707,41,131900
17925,0.00027,172.31.46.0-255,66,20773,41,131900
17926,0.000279,172.217.194.0-255,5738,26511,41,131900
17927,0.000281,172.31.46.0-255,66,26577,41,131900
17928,0.00029,172.31.46.0-255,66,26643,41,131900
17929,0.00032,172.217.194.0-255,5738,32381,41,131900
17930,0.000322,172.31.46.0-255,66,32447,41,131900
17931,0.000337,172.31.46.0-255,66,32513,41,131900
17932,0.00034,172.217.194.0-255,766,33279,41,131900
17933,0.000473,172.217.194.0-255,1484,34763,41,131900
17934,0.000476,172.31.46.0-255,66,34829,41,131900
17935,0.000482,172.217.194.0-255,2902,37731,41,131900
17936,0.000483,172.31.46.0-255,66,37797,41,131900
17937,0.000489,172.217.194.0-255,5738,43535,41,131900
17938,0.000495,172.31.46.0-255,66,43601,41,131900
17939,0.000498,172.217.194.0-255,1484,45085,41,131900
17940,0.000526,172.217.194.0-255,4320,49405,41,131900
17941,0.000528,172.31.46.0-255,66,49471,41,131900
17942,0.000545,172.31.46.0-255,66,49537,41,131900
17943,0.000547,172.217.194.0-255,1484,51021,41,131900
17944,0.000569,172.217.194.0-255,3602,54623,41,131900
17945,0.000572,172.31.46.0-255,66,54689,41,131900
17946,0.000597,172.217.194.0-255,5738,60427,41,131900
17947,0.000599,172.31.46.0-255,66,60493,41,131900
17948,0.000632,172.31.46.0-255,66,60559,41,131900
17949,0.000635,172.217.194.0-255,2902,63461,41,131900
17950,0.000637,172.31.46.0-255,66,63527,41,131900
17951,0.000671,172.217.194.0-255,4320,67847,41,131900
17952,0.000674,172.31.46.0-255,66,67913,41,131900
17953,0.000703,172.31.46.0-255,66,67979,41,131900
17954,0.000732,172.31.46.0-255,66,68045,41,131900
17955,0.000756,172.217.194.0-255,4320,72365,41,131900
17956,0.000757,172.31.46.0-255,66,72431,41,131900
17957,0.00076,172.217.194.0-255,1484,73915,41,131900
17958,0.000766,172.217.194.0-255,5738,79653,41,131900
17959,0.000768,172.31.46.0-255,66,79719,41,131900
17960,0.000801,172.31.46.0-255,66,79785,41,131900
17961,0.000805,172.217.194.0-255,3602,83387,41,131900
17962,0.000808,172.31.46.0-255,66,83453,41,131900
17963,0.000839,172.31.46.0-255,66,83519,41,131900
17964,0.000841,172.217.194.0-255,1484,85003,41,131900
17965,0.00087,172.31.46.0-255,66,85069,41,131900
17966,0.000873,172.217.194.0-255,1484,86553,41,131900
17967,0.000902,172.31.46.0-255,66,86619,41,131900
17968,0.000924,172.217.194.0-255,5020,91639,41,131900
17969,0.000927,172.31.46.0-255,66,91705,41,131900
17970,0.000977,172.217.194.0-255,1484,93189,41,131900
17971,0.00099,172.217.194.0-255,2902,96091,41,131900
17972,0.000993,172.31.46.0-255,66,96157,41,131900
17973,0.000997,172.217.194.0-255,2902,99059,41,131900
17974,0.000999,172.31.46.0-255,66,99125,41,131900
17975,0.00102,172.217.194.0-255,2902,102027,41,131900
17976,0.001026,172.31.46.0-255,66,102093,41,131900
17977,0.00107,172.31.46.0-255,66,102159,41,131900
17978,0.001096,172.217.194.0-255,1484,103643,41,131900
17979,0.00111,172.31.46.0-255,66,103709,41,131900
17980,0.001121,172.31.46.0-255,66,103775,41,131900
17981,0.001129,172.217.194.0-255,2902,106677,41,131900
17982,0.001131,172.31.46.0-255,66,106743,41,131900
17983,0.001151,172.31.46.0-255,66,106809,41,131900
17984,0.001182,172.31.46.0-255,66,106875,41,131900
17985,0.001186,172.217.194.0-255,2902,109777,41,131900
17986,0.001188,172.31.46.0-255,66,109843,41,131900
17987,0.001192,172.217.194.0-255,2902,112745,41,131900
17988,0.001194,172.31.46.0-255,66,112811,41,131900
17989,0.001227,172.217.194.0-255,1484,114295,41,131900
17990,0.001237,172.31.46.0-255,66,114361,41,131900
17991,0.001252,172.31.46.0-255,66,114427,41,131900
17992,0.001277,172.217.194.0-255,5020,119447,41,131900
17993,0.001279,172.31.46.0-255,66,119513,41,131900
17994,0.001304,172.217.194.0-255,5738,125251,41,131900
17995,0.00131,172.31.46.0-255,66,125317,41,131900
17996,0.001343,172.31.46.0-255,66,125383,41,131900
17997,0.001371,172.217.194.0-255,5738,131121,41,131900
17998,0.001373,172.31.46.0-255,66,131187,41,131900
17999,0.001384,172.31.46.0-255,66,131253,41,131900
18000,0.001421,172.31.46.0-255,66,131319,41,131900
18001,0.001438,172.31.46.0-255,66,131385,41,131900
18002,0.001484,172.31.46.0-255,66,131451,41,131900
18003,0.001507,172.217.194.0-255,181,131632,41,131900
18004,0.00151,172.217.194.0-255,97,131729,41,131900
18005,0.001511,172.217.194.0-255,105,131834,41,131900
18006,0.00999,172.31.46.0-255,66,131900,41,131900
18007,0.0,172.217.194.0-255,153,153,41,161688
18008,2.3e-05,172.31.46.0-255,66,219,41,161688
18009,3.1e-05,172.217.194.0-255,1484,1703,41,161688
18010,3.5e-05,172.31.46.0-255,66,1769,41,161688
18011,4.1e-05,172.217.194.0-255,2902,4671,41,161688
18012,4.4e-05,172.31.46.0-255,66,4737,41,161688
18013,5.4e-05,172.31.46.0-255,66,4803,41,161688
18014,6e-05,172.217.194.0-255,3495,8298,41,161688
18015,6.3e-05,172.31.46.0-255,66,8364,41,161688
18016,0.000116,172.31.46.0-255,66,8430,41,161688
18017,0.000121,172.217.194.0-255,2543,10973,41,161688
18018,0.000123,172.31.46.0-255,66,11039,41,161688
18019,0.000492,172.217.194.0-255,1484,12523,41,161688
18020,0.0005,172.31.46.0-255,66,12589,41,161688
18021,0.000512,172.217.194.0-255,2902,15491,41,161688
18022,0.000515,172.31.46.0-255,66,15557,41,161688
18023,0.000548,172.217.194.0-255,1484,17041,41,161688
18024,0.00055,172.31.46.0-255,66,17107,41,161688
18025,0.000567,172.217.194.0-255,4320,21427,41,161688
18026,0.00057,172.31.46.0-255,66,21493,41,161688
18027,0.00058,172.31.46.0-255,66,21559,41,161688
18028,0.000585,172.217.194.0-255,4320,25879,41,161688
18029,0.000588,172.31.46.0-255,66,25945,41,161688
18030,0.00061,172.217.194.0-255,2902,28847,41,161688
18031,0.000613,172.31.46.0-255,66,28913,41,161688
18032,0.000616,172.217.194.0-255,1484,30397,41,161688
18033,0.000618,172.31.46.0-255,66,30463,41,161688
18034,0.000642,172.31.46.0-255,66,30529,41,161688
18035,0.000664,172.217.194.0-255,117,30646,41,161688
18036,0.000842,172.217.194.0-255,1484,32130,41,161688
18037,0.000846,172.31.46.0-255,66,32196,41,161688
18038,0.000853,172.217.194.0-255,2902,35098,41,161688
18039,0.000855,172.31.46.0-255,66,35164,41,161688
18040,0.000882,172.217.194.0-255,4320,39484,41,161688
18041,0.000884,172.31.46.0-255,66,39550,41,161688
18042,0.000904,172.217.194.0-255,1484,41034,41,161688
18043,0.000918,172.31.46.0-255,66,41100,41,161688
18044,0.000936,172.217.194.0-255,1484,42584,41,161688
18045,0.000969,172.31.46.0-255,66,42650,41,161688
18046,0.000973,172.217.194.0-255,1484,44134,41,161688
18047,0.000986,172.217.194.0-255,2498,46632,41,161688
18048,0.000989,172.31.46.0-255,66,46698,41,161688
18049,0.001178,172.217.194.0-255,1484,48182,41,161688
18050,0.001211,172.217.194.0-255,2902,51084,41,161688
18051,0.001215,172.31.46.0-255,66,51150,41,161688
18052,0.001223,172.217.194.0-255,5738,56888,41,161688
18053,0.001225,172.31.46.0-255,66,56954,41,161688
18054,0.001256,172.31.46.0-255,66,57020,41,161688
18055,0.001276,172.217.194.0-255,4320,61340,41,161688
18056,0.00128,172.217.194.0-255,2902,64242,41,161688
18057,0.001283,172.31.46.0-255,66,64308,41,161688
18058,0.001286,172.31.46.0-255,66,64374,41,161688
18059,0.001312,172.31.46.0-255,66,64440,41,161688
18060,0.001391,172.217.194.0-255,4320,68760,41,161688
18061,0.001394,172.31.46.0-255,66,68826,41,161688
18062,0.001433,172.217.194.0-255,4320,73146,41,161688
18063,0.001436,172.31.46.0-255,66,73212,41,161688
18064,0.001454,172.217.194.0-255,1484,74696,41,161688
18065,0.001466,172.31.46.0-255,66,74762,41,161688
18066,0.001483,172.217.194.0-255,1484,76246,41,161688
18067,0.001488,172.217.194.0-255,2902,79148,41,161688
18068,0.00149,172.31.46.0-255,66,79214,41,161688
18069,0.001505,172.217.194.0-255,4320,83534,41,161688
18070,0.001508,172.31.46.0-255,66,83600,41,161688
18071,0.001532,172.217.194.0-255,4320,87920,41,161688
18072,0.001535,172.31.46.0-255,66,87986,41,161688
18073,0.001539,172.217.194.0-255,2184,90170,41,161688
18074,0.001541,172.31.46.0-255,66,90236,41,161688
18075,0.001552,172.217.194.0-255,1484,91720,41,161688
18076,0.001571,172.217.194.0-255,2902,94622,41,161688
18077,0.001573,172.217.194.0-255,1484,96106,41,161688
18078,0.001577,172.31.46.0-255,66,96172,41,161688
18079,0.001595,172.217.194.0-255,4320,100492,41,161688
18080,0.001598,172.31.46.0-255,66,100558,41,161688
18081,0.001603,172.217.194.0-255,4320,104878,41,161688
18082,0.001605,172.31.46.0-255,66,104944,41,161688
18083,0.001631,172.31.46.0-255,66,105010,41,161688
18084,0.001642,172.31.46.0-255,66,105076,41,161688
18085,0.001665,172.217.194.0-255,1484,106560,41,161688
18086,0.001669,172.217.194.0-255,2184,108744,41,161688
18087,0.001677,172.31.46.0-255,66,108810,41,161688
18088,0.001825,172.217.194.0-255,1484,110294,41,161688
18089,0.001831,172.217.194.0-255,2902,113196,41,161688
18090,0.001834,172.31.46.0-255,66,113262,41,161688
18091,0.001856,172.217.194.0-255,5738,119000,41,161688
18092,0.001858,172.31.46.0-255,66,119066,41,161688
18093,0.001863,172.217.194.0-255,2902,121968,41,161688
18094,0.001865,172.31.46.0-255,66,122034,41,161688
18095,0.001884,172.217.194.0-255,5738,127772,41,161688
18096,0.001941,172.31.46.0-255,66,127838,41,161688
18097,0.001952,172.217.194.0-255,5020,132858,41,161688
18098,0.001962,172.31.46.0-255,66,132924,41,161688
18099,0.002183,172.217.194.0-255,1484,134408,41,161688
18100,0.002212,172.217.194.0-255,2902,137310,41,161688
18101,0.002216,172.31.46.0-255,66,137376,41,161688
18102,0.002238,172.217.194.0-255,4320,141696,41,161688
18103,0.002241,172.31.46.0-255,66,141762,41,161688
18104,0.002247,172.217.194.0-255,4320,146082,41,161688
18105,0.002249,172.31.46.0-255,66,146148,41,161688
18106,0.002272,172.217.194.0-255,4320,150468,41,161688
18107,0.002275,172.31.46.0-255,66,150534,41,161688
18108,0.002279,172.217.194.0-255,1484,152018,41,161688
18109,0.002304,172.31.46.0-255,66,152084,41,161688
18110,0.002309,172.217.194.0-255,4320,156404,41,161688
18111,0.002311,172.31.46.0-255,66,156470,41,161688
18112,0.002324,172.217.194.0-255,2902,159372,41,161688
18113,0.002327,172.217.194.0-255,766,160138,41,161688
18114,0.004609,172.217.194.0-255,1484,161622,41,161688
18115,0.008802,172.31.46.0-255,66,161688,41,161688
18116,0.0,74.125.24.0-255,152,152,41,161035
18117,2e-05,172.31.46.0-255,66,218,41,161035
18118,2.6e-05,74.125.24.0-255,1484,1702,41,161035
18119,3.1e-05,172.31.46.0-255,66,1768,41,161035
18120,3.6e-05,74.125.24.0-255,2902,4670,41,161035
18121,3.9e-05,172.31.46.0-255,66,4736,41,161035
18122,4.8e-05,74.125.24.0-255,1484,6220,41,161035
18123,5.1e-05,172.31.46.0-255,66,6286,41,161035
18124,5.6e-05,74.125.24.0-255,2902,9188,41,161035
18125,5.9e-05,172.31.46.0-255,66,9254,41,161035
18126,8e-05,74.125.24.0-255,6192,15446,41,161035
18127,8.6e-05,172.31.46.0-255,66,15512,41,161035
18128,9.2e-05,74.125.24.0-255,4320,19832,41,161035
18129,9.3e-05,172.31.46.0-255,66,19898,41,161035
18130,0.000121,172.31.46.0-255,66,19964,41,161035
18131,0.000145,74.125.24.0-255,2543,22507,41,161035
18132,0.000147,172.31.46.0-255,66,22573,41,161035
18133,0.000174,74.125.24.0-255,2902,25475,41,161035
18134,0.000176,172.31.46.0-255,66,25541,41,161035
18135,0.000181,74.125.24.0-255,5738,31279,41,161035
18136,0.000184,172.31.46.0-255,66,31345,41,161035
18137,0.000207,74.125.24.0-255,1484,32829,41,161035
18138,0.000209,172.31.46.0-255,66,32895,41,161035
18139,0.000215,74.125.24.0-255,5738,38633,41,161035
18140,0.000217,172.31.46.0-255,66,38699,41,161035
18141,0.000249,74.125.24.0-255,4320,43019,41,161035
18142,0.000251,172.31.46.0-255,66,43085,41,161035
18143,0.000266,172.31.46.0-255,66,43151,41,161035
18144,0.000269,74.125.24.0-255,1484,44635,41,161035
18145,0.000271,172.31.46.0-255,66,44701,41,161035
18146,0.0003,74.125.24.0-255,1097,45798,41,161035
18147,0.0004,74.125.24.0-255,112,45910,41,161035
18148,0.000666,74.125.24.0-255,1484,47394,41,161035
18149,0.00067,74.125.24.0-255,1484,48878,41,161035
18150,0.000674,172.31.46.0-255,66,48944,41,161035
18151,0.000693,74.125.24.0-255,1484,50428,41,161035
18152,0.000695,172.31.46.0-255,66,50494,41,161035
18153,0.000701,74.125.24.0-255,5738,56232,41,161035
18154,0.000703,172.31.46.0-255,66,56298,41,161035
18155,0.000711,172.31.46.0-255,66,56364,41,161035
18156,0.000713,74.125.24.0-255,1484,57848,41,161035
18157,0.000754,172.31.46.0-255,66,57914,41,161035
18158,0.000758,74.125.24.0-255,2184,60098,41,161035
18159,0.000759,172.31.46.0-255,66,60164,41,161035
18160,0.000835,74.125.24.0-255,1484,61648,41,161035
18161,0.00084,74.125.24.0-255,2902,64550,41,161035
18162,0.000845,172.31.46.0-255,66,64616,41,161035
18163,0.000879,74.125.24.0-255,1484,66100,41,161035
18164,0.000895,74.125.24.0-255,4320,70420,41,161035
18165,0.000898,172.31.46.0-255,66,70486,41,161035
18166,0.00092,74.125.24.0-255,1484,71970,41,161035
18167,0.000938,74.125.24.0-255,5738,77708,41,161035
18168,0.000941,172.31.46.0-255,66,77774,41,161035
18169,0.000951,172.31.46.0-255,66,77840,41,161035
18170,0.000955,74.125.24.0-255,2902,80742,41,161035
18171,0.00096,172.31.46.0-255,66,80808,41,161035
18172,0.000982,74.125.24.0-255,1484,82292,41,161035
18173,0.001001,74.125.24.0-255,3602,85894,41,161035
18174,0.001014,172.31.46.0-255,66,85960,41,161035
18175,0.001131,74.125.24.0-255,1484,87444,41,161035
18176,0.001144,74.125.24.0-255,2902,90346,41,161035
18177,0.001146,172.31.46.0-255,66,90412,41,161035
18178,0.001151,74.125.24.0-255,2902,93314,41,161035
18179,0.001152,172.31.46.0-255,66,93380,41,161035
18180,0.00117,74.125.24.0-255,1484,94864,41,161035
18181,0.001185,172.31.46.0-255,66,94930,41,161035
18182,0.001209,74.125.24.0-255,2902,97832,41,161035
18183,0.001211,172.31.46.0-255,66,97898,41,161035
18184,0.001257,172.31.46.0-255,66,97964,41,161035
18185,0.00135,74.125.24.0-255,1484,99448,41,161035
18186,0.001363,74.125.24.0-255,2902,102350,41,161035
18187,0.001366,172.31.46.0-255,66,102416,41,161035
18188,0.0014,74.125.24.0-255,5738,108154,41,161035
18189,0.001405,74.125.24.0-255,5738,113892,41,161035
18190,0.001408,172.31.46.0-255,66,113958,41,161035
18191,0.001413,172.31.46.0-255,66,114024,41,161035
18192,0.001457,172.31.46.0-255,66,114090,41,161035
18193,0.001473,74.125.24.0-255,4320,118410,41,161035
18194,0.001487,172.31.46.0-255,66,118476,41,161035
18195,0.001513,172.31.46.0-255,66,118542,41,161035
18196,0.001517,74.125.24.0-255,2902,121444,41,161035
18197,0.001558,172.31.46.0-255,66,121510,41,161035
18198,0.001565,74.125.24.0-255,2902,124412,41,161035
18199,0.001574,74.125.24.0-255,4320,128732,41,161035
18200,0.00158,172.31.46.0-255,66,128798,41,161035
18201,0.001599,74.125.24.0-255,4320,133118,41,161035
18202,0.001616,74.125.24.0-255,4320,137438,41,161035
18203,0.001622,74.125.24.0-255,1484,138922,41,161035
18204,0.001624,172.31.46.0-255,66,138988,41,161035
18205,0.00163,172.31.46.0-255,66,139054,41,161035
18206,0.00167,74.125.24.0-255,1484,140538,41,161035
18207,0.001675,172.31.46.0-255,66,140604,41,161035
18208,0.001704,74.125.24.0-255,1484,142088,41,161035
18209,0.001712,172.31.46.0-255,66,142154,41,161035
18210,0.001766,74.125.24.0-255,1484,143638,41,161035
18211,0.001777,172.31.46.0-255,66,143704,41,161035
18212,0.001844,74.125.24.0-255,4320,148024,41,161035
18213,0.001875,172.31.46.0-255,66,148090,41,161035
18214,0.001927,74.125.24.0-255,2902,150992,41,161035
18215,0.001932,172.31.46.0-255,66,151058,41,161035
18216,0.001955,74.125.24.0-255,1484,152542,41,161035
18217,0.001973,74.125.24.0-255,5738,158280,41,161035
18218,0.001978,172.31.46.0-255,66,158346,41,161035
18219,0.001994,172.31.46.0-255,66,158412,41,161035
18220,0.002016,74.125.24.0-255,2184,160596,41,161035
18221,0.002026,74.125.24.0-255,97,160693,41,161035
18222,0.002028,74.125.24.0-255,105,160798,41,161035
18223,0.002037,172.31.46.0-255,66,160864,41,161035
18224,0.004062,172.31.46.0-255,105,160969,41,161035
18225,0.006309,74.125.24.0-255,66,161035,41,161035
18226,0.0,216.58.221.0-255,302,302,41,148643
18227,2.1e-05,172.31.46.0-255,66,368,41,148643
18228,2.7e-05,216.58.221.0-255,1484,1852,41,148643
18229,3.1e-05,172.31.46.0-255,66,1918,41,148643
18230,4.3e-05,216.58.221.0-255,2902,4820,41,148643
18231,4.6e-05,172.31.46.0-255,66,4886,41,148643
18232,5.2e-05,216.58.221.0-255,5738,10624,41,148643
18233,5.5e-05,172.31.46.0-255,66,10690,41,148643
18234,5.9e-05,216.58.221.0-255,3358,14048,41,148643
18235,6.1e-05,172.31.46.0-255,66,14114,41,148643
18236,0.000105,216.58.221.0-255,4320,18434,41,148643
18237,0.000111,172.31.46.0-255,66,18500,41,148643
18238,0.000122,172.31.46.0-255,66,18566,41,148643
18239,0.000128,216.58.221.0-255,4320,22886,41,148643
18240,0.00013,172.31.46.0-255,66,22952,41,148643
18241,0.000164,216.58.221.0-255,5738,28690,41,148643
18242,0.000166,172.31.46.0-255,66,28756,41,148643
18243,0.000176,172.31.46.0-255,66,28822,41,148643
18244,0.000213,172.31.46.0-255,66,28888,41,148643
18245,0.000221,172.31.46.0-255,66,28954,41,148643
18246,0.000756,216.58.221.0-255,390,29344,41,148643
18247,0.000762,172.31.46.0-255,66,29410,41,148643
18248,0.000879,216.58.221.0-255,1484,30894,41,148643
18249,0.000884,172.31.46.0-255,66,30960,41,148643
18250,0.00089,216.58.221.0-255,2902,33862,41,148643
18251,0.000892,172.31.46.0-255,66,33928,41,148643
18252,0.000895,216.58.221.0-255,1484,35412,41,148643
18253,0.000902,172.31.46.0-255,66,35478,41,148643
18254,0.000932,216.58.221.0-255,4320,39798,41,148643
18255,0.000935,172.31.46.0-255,66,39864,41,148643
18256,0.000952,172.31.46.0-255,66,39930,41,148643
18257,0.000995,172.31.46.0-255,66,39996,41,148643
18258,0.000998,216.58.221.0-255,1484,41480,41,148643
18259,0.001019,216.58.221.0-255,1125,42605,41,148643
18260,0.001022,172.31.46.0-255,66,42671,41,148643
18261,0.001053,216.58.221.0-255,1484,44155,41,148643
18262,0.001066,216.58.221.0-255,2902,47057,41,148643
18263,0.001069,172.31.46.0-255,66,47123,41,148643
18264,0.001092,216.58.221.0-255,1484,48607,41,148643
18265,0.001118,216.58.221.0-255,1484,50091,41,148643
18266,0.001122,172.31.46.0-255,66,50157,41,148643
18267,0.00115,216.58.221.0-255,2902,53059,41,148643
18268,0.001153,172.31.46.0-255,66,53125,41,148643
18269,0.001159,216.58.221.0-255,5738,58863,41,148643
18270,0.001161,172.31.46.0-255,66,58929,41,148643
18271,0.001196,172.31.46.0-255,66,58995,41,148643
18272,0.001226,216.58.221.0-255,1484,60479,41,148643
18273,0.001232,216.58.221.0-255,5020,65499,41,148643
18274,0.001236,172.31.46.0-255,66,65565,41,148643
18275,0.00129,216.58.221.0-255,1484,67049,41,148643
18276,0.001307,216.58.221.0-255,2902,69951,41,148643
18277,0.00131,172.31.46.0-255,66,70017,41,148643
18278,0.001316,216.58.221.0-255,5738,75755,41,148643
18279,0.001319,172.31.46.0-255,66,75821,41,148643
18280,0.00135,172.31.46.0-255,66,75887,41,148643
18281,0.001378,216.58.221.0-255,2902,78789,41,148643
18282,0.001381,172.31.46.0-255,66,78855,41,148643
18283,0.001398,172.31.46.0-255,66,78921,41,148643
18284,0.001515,216.58.221.0-255,1484,80405,41,148643
18285,0.001522,216.58.221.0-255,2902,83307,41,148643
18286,0.001525,172.31.46.0-255,66,83373,41,148643
18287,0.001532,216.58.221.0-255,5738,89111,41,148643
18288,0.001534,172.31.46.0-255,66,89177,41,148643
18289,0.001545,216.58.221.0-255,4320,93497,41,148643
18290,0.001547,172.31.46.0-255,66,93563,41,148643
18291,0.001553,216.58.221.0-255,5738,99301,41,148643
18292,0.001556,172.31.46.0-255,66,99367,41,148643
18293,0.001593,172.31.46.0-255,66,99433,41,148643
18294,0.001602,216.58.221.0-255,4320,103753,41,148643
18295,0.001605,172.31.46.0-255,66,103819,41,148643
18296,0.001662,216.58.221.0-255,2184,106003,41,148643
18297,0.001665,172.31.46.0-255,66,106069,41,148643
18298,0.001701,216.58.221.0-255,1484,107553,41,148643
18299,0.001733,216.58.221.0-255,2902,110455,41,148643
18300,0.001737,172.31.46.0-255,66,110521,41,148643
18301,0.001742,216.58.221.0-255,4320,114841,41,148643
18302,0.001745,172.31.46.0-255,66,114907,41,148643
18303,0.001782,172.31.46.0-255,66,114973,41,148643
18304,0.001826,172.31.46.0-255,66,115039,41,148643
18305,0.001867,216.58.221.0-255,1484,116523,41,148643
18306,0.001873,216.58.221.0-255,2902,119425,41,148643
18307,0.001876,172.31.46.0-255,66,119491,41,148643
18308,0.001905,216.58.221.0-255,5738,125229,41,148643
18309,0.001908,172.31.46.0-255,66,125295,41,148643
18310,0.001923,172.31.46.0-255,66,125361,41,148643
18311,0.001972,216.58.221.0-255,1484,126845,41,148643
18312,0.003918,216.58.221.0-255,4320,131165,41,148643
18313,0.003932,172.31.46.0-255,66,131231,41,148643
18314,0.005904,216.58.221.0-255,5738,136969,41,148643
18315,0.005912,172.31.46.0-255,66,137035,41,148643
18316,0.007911,216.58.221.0-255,5738,142773,41,148643
18317,0.007921,172.31.46.0-255,66,142839,41,148643
18318,0.009894,216.58.221.0-255,5738,148577,41,148643
18319,0.009901,172.31.46.0-255,66,148643,41,148643
18320,0.0,74.125.200.0-255,156,156,41,164608
18321,2.2e-05,172.31.46.0-255,66,222,41,164608
18322,3e-05,74.125.200.0-255,1484,1706,41,164608
18323,3.4e-05,172.31.46.0-255,66,1772,41,164608
18324,4.6e-05,74.125.200.0-255,2902,4674,41,164608
18325,5e-05,172.31.46.0-255,66,4740,41,164608
18326,5.5e-05,74.125.200.0-255,2902,7642,41,164608
18327,5.9e-05,172.31.46.0-255,66,7708,41,164608
18328,9.1e-05,74.125.200.0-255,2902,10610,41,164608
18329,9.4e-05,172.31.46.0-255,66,10676,41,164608
18330,0.000115,74.125.200.0-255,3513,14189,41,164608
18331,0.000118,172.31.46.0-255,66,14255,41,164608
18332,0.000292,74.125.200.0-255,1484,15739,41,164608
18333,0.000296,172.31.46.0-255,66,15805,41,164608
18334,0.000302,74.125.200.0-255,2902,18707,41,164608
18335,0.000305,172.31.46.0-255,66,18773,41,164608
18336,0.000314,74.125.200.0-255,2902,21675,41,164608
18337,0.000317,172.31.46.0-255,66,21741,41,164608
18338,0.000346,74.125.200.0-255,2902,24643,41,164608
18339,0.000348,172.31.46.0-255,66,24709,41,164608
18340,0.000372,74.125.200.0-255,1484,26193,41,164608
18341,0.000374,172.31.46.0-255,66,26259,41,164608
18342,0.000381,74.125.200.0-255,5379,31638,41,164608
18343,0.000384,172.31.46.0-255,66,31704,41,164608
18344,0.000655,74.125.200.0-255,1484,33188,41,164608
18345,0.000661,172.31.46.0-255,66,33254,41,164608
18346,0.000668,74.125.200.0-255,2902,36156,41,164608
18347,0.000671,172.31.46.0-255,66,36222,41,164608
18348,0.000681,74.125.200.0-255,4320,40542,41,164608
18349,0.000683,172.31.46.0-255,66,40608,41,164608
18350,0.000731,172.31.46.0-255,66,40674,41,164608
18351,0.000794,74.125.200.0-255,1484,42158,41,164608
18352,0.000811,74.125.200.0-255,2902,45060,41,164608
18353,0.000814,172.31.46.0-255,66,45126,41,164608
18354,0.000819,74.125.200.0-255,2902,48028,41,164608
18355,0.000821,172.31.46.0-255,66,48094,41,164608
18356,0.000825,74.125.200.0-255,2902,50996,41,164608
18357,0.000827,172.31.46.0-255,66,51062,41,164608
18358,0.000854,74.125.200.0-255,1484,52546,41,164608
18359,0.000877,74.125.200.0-255,5379,57925,41,164608
18360,0.00088,172.31.46.0-255,66,57991,41,164608
18361,0.000918,74.125.200.0-255,1484,59475,41,164608
18362,0.000922,74.125.200.0-255,1484,60959,41,164608
18363,0.000925,172.31.46.0-255,66,61025,41,164608
18364,0.000957,74.125.200.0-255,1484,62509,41,164608
18365,0.000964,74.125.200.0-255,5738,68247,41,164608
18366,0.000967,172.31.46.0-255,66,68313,41,164608
18367,0.000972,74.125.200.0-255,2902,71215,41,164608
18368,0.000974,172.31.46.0-255,66,71281,41,164608
18369,0.000984,74.125.200.0-255,3961,75242,41,164608
18370,0.000986,172.31.46.0-255,66,75308,41,164608
18371,0.001013,74.125.200.0-255,4320,79628,41,164608
18372,0.001018,172.31.46.0-255,66,79694,41,164608
18373,0.001039,74.125.200.0-255,4320,84014,41,164608
18374,0.001042,172.31.46.0-255,66,84080,41,164608
18375,0.001046,74.125.200.0-255,2902,86982,41,164608
18376,0.001048,172.31.46.0-255,66,87048,41,164608
18377,0.001085,74.125.200.0-255,5958,93006,41,164608
18378,0.001088,172.31.46.0-255,66,93072,41,164608
18379,0.001241,74.125.200.0-255,1484,94556,41,164608
18380,0.001247,74.125.200.0-255,2902,97458,41,164608
18381,0.00125,172.31.46.0-255,66,97524,41,164608
18382,0.001279,74.125.200.0-255,5738,103262,41,164608
18383,0.001282,172.31.46.0-255,66,103328,41,164608
18384,0.001291,172.31.46.0-255,66,103394,41,164608
18385,0.001366,74.125.200.0-255,1484,104878,41,164608
18386,0.001369,74.125.200.0-255,1484,106362,41,164608
18387,0.001372,172.31.46.0-255,66,106428,41,164608
18388,0.001393,74.125.200.0-255,1484,107912,41,164608
18389,0.001399,74.125.200.0-255,5738,113650,41,164608
18390,0.001401,172.31.46.0-255,66,113716,41,164608
18391,0.001431,172.31.46.0-255,66,113782,41,164608
18392,0.001457,74.125.200.0-255,4320,118102,41,164608
18393,0.00146,172.31.46.0-255,66,118168,41,164608
18394,0.001464,74.125.200.0-255,4320,122488,41,164608
18395,0.001466,172.31.46.0-255,66,122554,41,164608
18396,0.001502,172.31.46.0-255,66,122620,41,164608
18397,0.00203,74.125.200.0-255,1484,124104,41,164608
18398,0.002054,74.125.200.0-255,2902,127006,41,164608
18399,0.002059,172.31.46.0-255,66,127072,41,164608
18400,0.002073,74.125.200.0-255,5738,132810,41,164608
18401,0.002082,172.31.46.0-255,66,132876,41,164608
18402,0.002085,74.125.200.0-255,1484,134360,41,164608
18403,0.00211,74.125.200.0-255,4320,138680,41,164608
18404,0.002112,172.31.46.0-255,66,138746,41,164608
18405,0.002121,172.31.46.0-255,66,138812,41,164608
18406,0.002143,74.125.200.0-255,4320,143132,41,164608
18407,0.002146,172.31.46.0-255,66,143198,41,164608
18408,0.002169,74.125.200.0-255,2902,146100,41,164608
18409,0.002173,172.31.46.0-255,66,146166,41,164608
18410,0.0022,74.125.200.0-255,3602,149768,41,164608
18411,0.002203,172.31.46.0-255,66,149834,41,164608
18412,0.004379,74.125.200.0-255,1484,151318,41,164608
18413,0.0044,74.125.200.0-255,2902,154220,41,164608
18414,0.004405,172.31.46.0-255,66,154286,41,164608
18415,0.004429,74.125.200.0-255,1484,155770,41,164608
18416,0.006612,74.125.200.0-255,2902,158672,41,164608
18417,0.006615,172.31.46.0-255,66,158738,41,164608
18418,0.006636,74.125.200.0-255,1484,160222,41,164608
18419,0.008818,74.125.200.0-255,4320,164542,41,164608
18420,0.008824,172.31.46.0-255,66,164608,41,164608
18421,0.0,172.217.194.0-255,146,146,41,142216
18422,2.4e-05,172.31.46.0-255,66,212,41,142216
18423,3.1e-05,172.217.194.0-255,1484,1696,41,142216
18424,3.6e-05,172.31.46.0-255,66,1762,41,142216
18425,5.1e-05,172.217.194.0-255,2902,4664,41,142216
18426,5.6e-05,172.31.46.0-255,66,4730,41,142216
18427,6.7e-05,172.31.46.0-255,66,4796,41,142216
18428,8.5e-05,172.31.46.0-255,66,4862,41,142216
18429,9e-05,172.217.194.0-255,2543,7405,41,142216
18430,9.3e-05,172.31.46.0-255,66,7471,41,142216
18431,0.000137,172.217.194.0-255,2902,10373,41,142216
18432,0.00014,172.31.46.0-255,66,10439,41,142216
18433,0.000143,172.217.194.0-255,1484,11923,41,142216
18434,0.000146,172.31.46.0-255,66,11989,41,142216
18435,0.000175,172.217.194.0-255,5738,17727,41,142216
18436,0.000177,172.31.46.0-255,66,17793,41,142216
18437,0.000196,172.31.46.0-255,66,17859,41,142216
18438,0.0002,172.217.194.0-255,2902,20761,41,142216
18439,0.000202,172.31.46.0-255,66,20827,41,142216
18440,0.000244,172.31.46.0-255,66,20893,41,142216
18441,0.000247,172.217.194.0-255,379,21272,41,142216
18442,0.000249,172.31.46.0-255,66,21338,41,142216
18443,0.000291,172.217.194.0-255,365,21703,41,142216
18444,0.000296,172.31.46.0-255,66,21769,41,142216
18445,0.000319,172.217.194.0-255,1484,23253,41,142216
18446,0.000322,172.31.46.0-255,66,23319,41,142216
18447,0.000362,172.217.194.0-255,1484,24803,41,142216
18448,0.000365,172.31.46.0-255,66,24869,41,142216
18449,0.000369,172.217.194.0-255,2902,27771,41,142216
18450,0.000372,172.31.46.0-255,66,27837,41,142216
18451,0.000403,172.217.194.0-255,5738,33575,41,142216
18452,0.000406,172.31.46.0-255,66,33641,41,142216
18453,0.000409,172.217.194.0-255,1484,35125,41,142216
18454,0.000446,172.217.194.0-255,3961,39086,41,142216
18455,0.000449,172.31.46.0-255,66,39152,41,142216
18456,0.000499,172.217.194.0-255,1484,40636,41,142216
18457,0.000516,172.217.194.0-255,2902,43538,41,142216
18458,0.000518,172.31.46.0-255,66,43604,41,142216
18459,0.000523,172.217.194.0-255,2902,46506,41,142216
18460,0.000526,172.31.46.0-255,66,46572,41,142216
18461,0.000564,172.217.194.0-255,2902,49474,41,142216
18462,0.000567,172.31.46.0-255,66,49540,41,142216
18463,0.000577,172.31.46.0-255,66,49606,41,142216
18464,0.000598,172.31.46.0-255,66,49672,41,142216
18465,0.000603,172.217.194.0-255,2902,52574,41,142216
18466,0.000605,172.31.46.0-255,66,52640,41,142216
18467,0.000656,172.31.46.0-255,66,52706,41,142216
18468,0.000669,172.31.46.0-255,66,52772,41,142216
18469,0.000689,172.31.46.0-255,66,52838,41,142216
18470,0.00072,172.217.194.0-255,4320,57158,41,142216
18471,0.000723,172.31.46.0-255,66,57224,41,142216
18472,0.000742,172.217.194.0-255,5020,62244,41,142216
18473,0.000746,172.31.46.0-255,66,62310,41,142216
18474,0.000749,172.217.194.0-255,1484,63794,41,142216
18475,0.000753,172.217.194.0-255,2902,66696,41,142216
18476,0.000784,172.217.194.0-255,5738,72434,41,142216
18477,0.000859,172.217.194.0-255,2902,75336,41,142216
18478,0.000877,172.217.194.0-255,5020,80356,41,142216
18479,0.000911,172.217.194.0-255,1484,81840,41,142216
18480,0.000915,172.217.194.0-255,1484,83324,41,142216
18481,0.000921,172.31.46.0-255,66,83390,41,142216
18482,0.000942,172.217.194.0-255,1484,84874,41,142216
18483,0.000948,172.217.194.0-255,5738,90612,41,142216
18484,0.000951,172.217.194.0-255,1484,92096,41,142216
18485,0.000964,172.217.194.0-255,2902,94998,41,142216
18486,0.00098,172.217.194.0-255,5738,100736,41,142216
18487,0.001001,172.31.46.0-255,66,100802,41,142216
18488,0.00102,172.31.46.0-255,66,100868,41,142216
18489,0.001072,172.31.46.0-255,66,100934,41,142216
18490,0.00109,172.31.46.0-255,66,101000,41,142216
18491,0.001109,172.217.194.0-255,5738,106738,41,142216
18492,0.001146,172.217.194.0-255,766,107504,41,142216
18493,0.001161,172.217.194.0-255,1484,108988,41,142216
18494,0.001167,172.31.46.0-255,66,109054,41,142216
18495,0.001196,172.217.194.0-255,4320,113374,41,142216
18496,0.001234,172.31.46.0-255,66,113440,41,142216
18497,0.001244,172.31.46.0-255,66,113506,41,142216
18498,0.001326,172.217.194.0-255,1484,114990,41,142216
18499,0.001331,172.217.194.0-255,2902,117892,41,142216
18500,0.001345,172.31.46.0-255,66,117958,41,142216
18501,0.001351,172.217.194.0-255,5738,123696,41,142216
18502,0.001356,172.31.46.0-255,66,123762,41,142216
18503,0.001406,172.31.46.0-255,66,123828,41,142216
18504,0.00144,172.217.194.0-255,4320,128148,41,142216
18505,0.001453,172.217.194.0-255,5738,133886,41,142216
18506,0.001522,172.31.46.0-255,66,133952,41,142216
18507,0.001564,172.31.46.0-255,66,134018,41,142216
18508,0.001583,172.217.194.0-255,2902,136920,41,142216
18509,0.001604,172.217.194.0-255,5020,141940,41,142216
18510,0.001617,172.217.194.0-255,105,142045,41,142216
18511,0.001629,172.31.46.0-255,66,142111,41,142216
18512,0.009537,172.31.46.0-255,105,142216,41,142216
18513,0.0,172.31.46.0-255,66,66,41,66
18514,0.0,172.217.194.0-255,155,155,41,193298
18515,1.9e-05,172.31.46.0-255,66,221,41,193298
18516,2.5e-05,172.217.194.0-255,1484,1705,41,193298
18517,2.9e-05,172.31.46.0-255,66,1771,41,193298
18518,3.4e-05,172.217.194.0-255,2902,4673,41,193298
18519,3.6e-05,172.31.46.0-255,66,4739,41,193298
18520,4.2e-05,172.217.194.0-255,4320,9059,41,193298
18521,4.4e-05,172.31.46.0-255,66,9125,41,193298
18522,6.1e-05,172.217.194.0-255,1484,10609,41,193298
18523,6.3e-05,172.31.46.0-255,66,10675,41,193298
18524,8.1e-05,172.217.194.0-255,3537,14212,41,193298
18525,8.3e-05,172.31.46.0-255,66,14278,41,193298
18526,0.000109,172.217.194.0-255,4320,18598,41,193298
18527,0.000111,172.31.46.0-255,66,18664,41,193298
18528,0.000116,172.217.194.0-255,4320,22984,41,193298
18529,0.000118,172.31.46.0-255,66,23050,41,193298
18530,0.000136,172.217.194.0-255,5738,28788,41,193298
18531,0.000138,172.31.46.0-255,66,28854,41,193298
18532,0.000142,172.217.194.0-255,2543,31397,41,193298
18533,0.000143,172.31.46.0-255,66,31463,41,193298
18534,0.000295,172.217.194.0-255,1484,32947,41,193298
18535,0.0003,172.31.46.0-255,66,33013,41,193298
18536,0.000303,172.217.194.0-255,1484,34497,41,193298
18537,0.000305,172.31.46.0-255,66,34563,41,193298
18538,0.000317,172.217.194.0-255,1484,36047,41,193298
18539,0.00032,172.31.46.0-255,66,36113,41,193298
18540,0.000326,172.217.194.0-255,5738,41851,41,193298
18541,0.000327,172.31.46.0-255,66,41917,41,193298
18542,0.000357,172.217.194.0-255,5738,47655,41,193298
18543,0.000359,172.31.46.0-255,66,47721,41,193298
18544,0.000375,172.217.194.0-255,1125,48846,41,193298
18545,0.000377,172.31.46.0-255,66,48912,41,193298
18546,0.000381,172.217.194.0-255,2902,51814,41,193298
18547,0.000383,172.31.46.0-255,66,51880,41,193298
18548,0.000402,172.31.46.0-255,66,51946,41,193298
18549,0.000418,172.217.194.0-255,2902,54848,41,193298
18550,0.00042,172.31.46.0-255,66,54914,41,193298
18551,0.000424,172.217.194.0-255,2803,57717,41,193298
18552,0.000426,172.31.46.0-255,66,57783,41,193298
18553,0.000428,172.217.194.0-255,428,58211,41,193298
18554,0.000615,172.217.194.0-255,1484,59695,41,193298
18555,0.000619,172.217.194.0-255,2902,62597,41,193298
18556,0.000625,172.31.46.0-255,66,62663,41,193298
18557,0.000632,172.31.46.0-255,66,62729,41,193298
18558,0.000638,172.217.194.0-255,5738,68467,41,193298
18559,0.00064,172.31.46.0-255,66,68533,41,193298
18560,0.000643,172.217.194.0-255,1484,70017,41,193298
18561,0.000666,172.31.46.0-255,66,70083,41,193298
18562,0.000695,172.217.194.0-255,2902,72985,41,193298
18563,0.000698,172.31.46.0-255,66,73051,41,193298
18564,0.000724,172.31.46.0-255,66,73117,41,193298
18565,0.000879,172.217.194.0-255,1484,74601,41,193298
18566,0.000895,172.217.194.0-255,2902,77503,41,193298
18567,0.000898,172.31.46.0-255,66,77569,41,193298
18568,0.000902,172.217.194.0-255,2902,80471,41,193298
18569,0.000904,172.31.46.0-255,66,80537,41,193298
18570,0.000918,172.217.194.0-255,2902,83439,41,193298
18571,0.00092,172.217.194.0-255,1484,84923,41,193298
18572,0.000923,172.31.46.0-255,66,84989,41,193298
18573,0.000942,172.31.46.0-255,66,85055,41,193298
18574,0.000944,172.217.194.0-255,1484,86539,41,193298
18575,0.000983,172.31.46.0-255,66,86605,41,193298
18576,0.001131,172.217.194.0-255,1484,88089,41,193298
18577,0.001134,172.217.194.0-255,1484,89573,41,193298
18578,0.001137,172.31.46.0-255,66,89639,41,193298
18579,0.001157,172.217.194.0-255,1484,91123,41,193298
18580,0.001162,172.217.194.0-255,5738,96861,41,193298
18581,0.001164,172.31.46.0-255,66,96927,41,193298
18582,0.00117,172.217.194.0-255,4320,101247,41,193298
18583,0.001172,172.31.46.0-255,66,101313,41,193298
18584,0.001196,172.31.46.0-255,66,101379,41,193298
18585,0.001198,172.217.194.0-255,1484,102863,41,193298
18586,0.001235,172.31.46.0-255,66,102929,41,193298
18587,0.001255,172.217.194.0-255,5738,108667,41,193298
18588,0.001257,172.31.46.0-255,66,108733,41,193298
18589,0.00127,172.217.194.0-255,2902,111635,41,193298
18590,0.001281,172.31.46.0-255,66,111701,41,193298
18591,0.001288,172.31.46.0-255,66,111767,41,193298
18592,0.00129,172.217.194.0-255,1484,113251,41,193298
18593,0.001319,172.31.46.0-255,66,113317,41,193298
18594,0.001332,172.217.194.0-255,5020,118337,41,193298
18595,0.001334,172.31.46.0-255,66,118403,41,193298
18596,0.001562,172.217.194.0-255,1484,119887,41,193298
18597,0.001587,172.217.194.0-255,2902,122789,41,193298
18598,0.00159,172.31.46.0-255,66,122855,41,193298
18599,0.001594,172.217.194.0-255,1484,124339,41,193298
18600,0.001614,172.217.194.0-255,4320,128659,41,193298
18601,0.001616,172.31.46.0-255,66,128725,41,193298
18602,0.001648,172.217.194.0-255,2902,131627,41,193298
18603,0.00165,172.31.46.0-255,66,131693,41,193298
18604,0.001662,172.217.194.0-255,2902,134595,41,193298
18605,0.001664,172.31.46.0-255,66,134661,41,193298
18606,0.001676,172.31.46.0-255,66,134727,41,193298
18607,0.001681,172.217.194.0-255,5020,139747,41,193298
18608,0.001697,172.31.46.0-255,66,139813,41,193298
18609,0.001709,172.217.194.0-255,5738,145551,41,193298
18610,0.001712,172.31.46.0-255,66,145617,41,193298
18611,0.001745,172.31.46.0-255,66,145683,41,193298
18612,0.001761,172.31.46.0-255,66,145749,41,193298
18613,0.001777,172.217.194.0-255,4320,150069,41,193298
18614,0.001779,172.31.46.0-255,66,150135,41,193298
18615,0.001788,172.31.46.0-255,66,150201,41,193298
18616,0.001808,172.217.194.0-255,2902,153103,41,193298
18617,0.00181,172.31.46.0-255,66,153169,41,193298
18618,0.001827,172.31.46.0-255,66,153235,41,193298
18619,0.001857,172.31.46.0-255,66,153301,41,193298
18620,0.001868,172.31.46.0-255,66,153367,41,193298
18621,0.00187,172.217.194.0-255,1484,154851,41,193298
18622,0.001895,172.31.46.0-255,66,154917,41,193298
18623,0.001901,172.217.194.0-255,5738,160655,41,193298
18624,0.001903,172.31.46.0-255,66,160721,41,193298
18625,0.001944,172.31.46.0-255,66,160787,41,193298
18626,0.001952,172.31.46.0-255,66,160853,41,193298
18627,0.00198,172.217.194.0-255,1484,162337,41,193298
18628,0.001984,172.217.194.0-255,2902,165239,41,193298
18629,0.001987,172.31.46.0-255,66,165305,41,193298
18630,0.002007,172.217.194.0-255,5738,171043,41,193298
18631,0.002009,172.31.46.0-255,66,171109,41,193298
18632,0.002012,172.217.194.0-255,1484,172593,41,193298
18633,0.002049,172.31.46.0-255,66,172659,41,193298
18634,0.002092,172.31.46.0-255,66,172725,41,193298
18635,0.002095,172.217.194.0-255,1484,174209,41,193298
18636,0.002128,172.217.194.0-255,5738,179947,41,193298
18637,0.002151,172.31.46.0-255,66,180013,41,193298
18638,0.002168,172.217.194.0-255,1484,181497,41,193298
18639,0.002228,172.31.46.0-255,66,181563,41,193298
18640,0.00224,172.217.194.0-255,5738,187301,41,193298
18641,0.002254,172.217.194.0-255,5826,193127,41,193298
18642,0.002256,172.217.194.0-255,105,193232,41,193298
18643,0.002276,172.31.46.0-255,66,193298,41,193298
18644,0.0,172.217.194.0-255,152,152,41,140792
18645,1.9e-05,172.31.46.0-255,66,218,41,140792
18646,2.6e-05,172.217.194.0-255,1484,1702,41,140792
18647,3e-05,172.31.46.0-255,66,1768,41,140792
18648,3.6e-05,172.217.194.0-255,2902,4670,41,140792
18649,3.9e-05,172.31.46.0-255,66,4736,41,140792
18650,5.7e-05,172.31.46.0-255,66,4802,41,140792
18651,0.000111,172.217.194.0-255,1484,6286,41,140792
18652,0.000114,172.31.46.0-255,66,6352,41,140792
18653,0.000138,172.217.194.0-255,6196,12548,41,140792
18654,0.000141,172.31.46.0-255,66,12614,41,140792
18655,0.000148,172.217.194.0-255,5738,18352,41,140792
18656,0.000151,172.31.46.0-255,66,18418,41,140792
18657,0.000174,172.217.194.0-255,2902,21320,41,140792
18658,0.000176,172.31.46.0-255,66,21386,41,140792
18659,0.000181,172.217.194.0-255,2543,23929,41,140792
18660,0.000186,172.31.46.0-255,66,23995,41,140792
18661,0.000211,172.217.194.0-255,1484,25479,41,140792
18662,0.000214,172.31.46.0-255,66,25545,41,140792
18663,0.000218,172.217.194.0-255,2902,28447,41,140792
18664,0.000221,172.31.46.0-255,66,28513,41,140792
18665,0.000232,172.217.194.0-255,5738,34251,41,140792
18666,0.000234,172.31.46.0-255,66,34317,41,140792
18667,0.000241,172.217.194.0-255,5738,40055,41,140792
18668,0.000245,172.31.46.0-255,66,40121,41,140792
18669,0.000273,172.217.194.0-255,2543,42664,41,140792
18670,0.000275,172.31.46.0-255,66,42730,41,140792
18671,0.000298,172.31.46.0-255,66,42796,41,140792
18672,0.000661,172.217.194.0-255,98,42894,41,140792
18673,0.000667,172.31.46.0-255,66,42960,41,140792
18674,0.000699,172.217.194.0-255,1484,44444,41,140792
18675,0.000714,172.217.194.0-255,2902,47346,41,140792
18676,0.000717,172.31.46.0-255,66,47412,41,140792
18677,0.000723,172.217.194.0-255,4320,51732,41,140792
18678,0.000726,172.31.46.0-255,66,51798,41,140792
18679,0.000757,172.217.194.0-255,2902,54700,41,140792
18680,0.00076,172.31.46.0-255,66,54766,41,140792
18681,0.000779,172.31.46.0-255,66,54832,41,140792
18682,0.000805,172.217.194.0-255,1484,56316,41,140792
18683,0.00081,172.217.194.0-255,2902,59218,41,140792
18684,0.000813,172.31.46.0-255,66,59284,41,140792
18685,0.000817,172.217.194.0-255,3904,63188,41,140792
18686,0.000819,172.31.46.0-255,66,63254,41,140792
18687,0.000875,172.217.194.0-255,1484,64738,41,140792
18688,0.00088,172.217.194.0-255,2902,67640,41,140792
18689,0.000883,172.31.46.0-255,66,67706,41,140792
18690,0.00089,172.217.194.0-255,5738,73444,41,140792
18691,0.000893,172.31.46.0-255,66,73510,41,140792
18692,0.000904,172.217.194.0-255,5738,79248,41,140792
18693,0.000906,172.31.46.0-255,66,79314,41,140792
18694,0.000932,172.217.194.0-255,1484,80798,41,140792
18695,0.000948,172.31.46.0-255,66,80864,41,140792
18696,0.000953,172.217.194.0-255,2184,83048,41,140792
18697,0.000955,172.31.46.0-255,66,83114,41,140792
18698,0.001647,172.217.194.0-255,1484,84598,41,140792
18699,0.001655,172.217.194.0-255,2902,87500,41,140792
18700,0.001659,172.31.46.0-255,66,87566,41,140792
18701,0.001666,172.217.194.0-255,5738,93304,41,140792
18702,0.001668,172.31.46.0-255,66,93370,41,140792
18703,0.001706,172.31.46.0-255,66,93436,41,140792
18704,0.001744,172.31.46.0-255,66,93502,41,140792
18705,0.001936,172.217.194.0-255,1484,94986,41,140792
18706,0.001942,172.217.194.0-255,2902,97888,41,140792
18707,0.001945,172.31.46.0-255,66,97954,41,140792
18708,0.00195,172.217.194.0-255,2902,100856,41,140792
18709,0.001951,172.31.46.0-255,66,100922,41,140792
18710,0.001989,172.217.194.0-255,2902,103824,41,140792
18711,0.001992,172.31.46.0-255,66,103890,41,140792
18712,0.002009,172.31.46.0-255,66,103956,41,140792
18713,0.002012,172.217.194.0-255,1484,105440,41,140792
18714,0.002041,172.31.46.0-255,66,105506,41,140792
18715,0.002402,172.217.194.0-255,1484,106990,41,140792
18716,0.002408,172.217.194.0-255,2902,109892,41,140792
18717,0.002411,172.31.46.0-255,66,109958,41,140792
18718,0.002442,172.217.194.0-255,5738,115696,41,140792
18719,0.002445,172.31.46.0-255,66,115762,41,140792
18720,0.002456,172.31.46.0-255,66,115828,41,140792
18721,0.002495,172.217.194.0-255,2902,118730,41,140792
18722,0.002499,172.31.46.0-255,66,118796,41,140792
18723,0.002543,172.31.46.0-255,66,118862,41,140792
18724,0.002638,172.217.194.0-255,1484,120346,41,140792
18725,0.002644,172.217.194.0-255,2902,123248,41,140792
18726,0.002647,172.31.46.0-255,66,123314,41,140792
18727,0.002654,172.217.194.0-255,5738,129052,41,140792
18728,0.002656,172.31.46.0-255,66,129118,41,140792
18729,0.002663,172.217.194.0-255,1484,130602,41,140792
18730,0.005285,172.217.194.0-255,4320,134922,41,140792
18731,0.005292,172.31.46.0-255,66,134988,41,140792
18732,0.007925,172.217.194.0-255,5738,140726,41,140792
18733,0.007929,172.31.46.0-255,66,140792,41,140792
18734,0.0,74.125.24.0-255,153,153,41,162945
18735,2.1e-05,172.31.46.0-255,66,219,41,162945
18736,2.8e-05,74.125.24.0-255,1484,1703,41,162945
18737,3.2e-05,172.31.46.0-255,66,1769,41,162945
18738,3.7e-05,74.125.24.0-255,2902,4671,41,162945
18739,4e-05,172.31.46.0-255,66,4737,41,162945
18740,5.1e-05,172.31.46.0-255,66,4803,41,162945
18741,7e-05,74.125.24.0-255,4320,9123,41,162945
18742,7.2e-05,172.31.46.0-255,66,9189,41,162945
18743,9.8e-05,74.125.24.0-255,2111,11300,41,162945
18744,0.0001,172.31.46.0-255,66,11366,41,162945
18745,0.000108,172.31.46.0-255,66,11432,41,162945
18746,0.000122,74.125.24.0-255,1484,12916,41,162945
18747,0.000124,172.31.46.0-255,66,12982,41,162945
18748,0.000146,74.125.24.0-255,3961,16943,41,162945
18749,0.000148,172.31.46.0-255,66,17009,41,162945
18750,0.00016,74.125.24.0-255,1484,18493,41,162945
18751,0.000162,172.31.46.0-255,66,18559,41,162945
18752,0.000173,74.125.24.0-255,2902,21461,41,162945
18753,0.000175,172.31.46.0-255,66,21527,41,162945
18754,0.000204,74.125.24.0-255,4320,25847,41,162945
18755,0.000206,172.31.46.0-255,66,25913,41,162945
18756,0.000224,74.125.24.0-255,1484,27397,41,162945
18757,0.000226,172.31.46.0-255,66,27463,41,162945
18758,0.000232,74.125.24.0-255,5738,33201,41,162945
18759,0.000234,172.31.46.0-255,66,33267,41,162945
18760,0.000259,172.31.46.0-255,66,33333,41,162945
18761,0.000276,74.125.24.0-255,4320,37653,41,162945
18762,0.000278,172.31.46.0-255,66,37719,41,162945
18763,0.000284,74.125.24.0-255,5020,42739,41,162945
18764,0.000286,172.31.46.0-255,66,42805,41,162945
18765,0.000288,74.125.24.0-255,426,43231,41,162945
18766,0.000396,74.125.24.0-255,1484,44715,41,162945
18767,0.000401,172.31.46.0-255,66,44781,41,162945
18768,0.000405,74.125.24.0-255,2902,47683,41,162945
18769,0.000407,172.31.46.0-255,66,47749,41,162945
18770,0.000418,74.125.24.0-255,1484,49233,41,162945
18771,0.000438,74.125.24.0-255,4320,53553,41,162945
18772,0.000441,172.31.46.0-255,66,53619,41,162945
18773,0.000443,74.125.24.0-255,1484,55103,41,162945
18774,0.000446,74.125.24.0-255,1484,56587,41,162945
18775,0.000447,172.31.46.0-255,66,56653,41,162945
18776,0.000464,172.31.46.0-255,66,56719,41,162945
18777,0.000487,74.125.24.0-255,5738,62457,41,162945
18778,0.000489,172.31.46.0-255,66,62523,41,162945
18779,0.000511,172.31.46.0-255,66,62589,41,162945
18780,0.000513,74.125.24.0-255,348,62937,41,162945
18781,0.000803,74.125.24.0-255,1484,64421,41,162945
18782,0.000807,172.31.46.0-255,66,64487,41,162945
18783,0.000826,74.125.24.0-255,2902,67389,41,162945
18784,0.000831,172.31.46.0-255,66,67455,41,162945
18785,0.000846,74.125.24.0-255,5738,73193,41,162945
18786,0.000848,172.31.46.0-255,66,73259,41,162945
18787,0.000878,172.31.46.0-255,66,73325,41,162945
18788,0.000896,74.125.24.0-255,1484,74809,41,162945
18789,0.000902,74.125.24.0-255,5738,80547,41,162945
18790,0.000904,172.31.46.0-255,66,80613,41,162945
18791,0.00093,74.125.24.0-255,5020,85633,41,162945
18792,0.000932,172.31.46.0-255,66,85699,41,162945
18793,0.001058,74.125.24.0-255,1484,87183,41,162945
18794,0.001079,74.125.24.0-255,2902,90085,41,162945
18795,0.001081,172.31.46.0-255,66,90151,41,162945
18796,0.001087,74.125.24.0-255,4320,94471,41,162945
18797,0.001089,172.31.46.0-255,66,94537,41,162945
18798,0.001101,74.125.24.0-255,1484,96021,41,162945
18799,0.001113,74.125.24.0-255,1484,97505,41,162945
18800,0.001115,172.31.46.0-255,66,97571,41,162945
18801,0.001145,172.31.46.0-255,66,97637,41,162945
18802,0.001154,172.31.46.0-255,66,97703,41,162945
18803,0.0012,172.31.46.0-255,66,97769,41,162945
18804,0.001234,172.31.46.0-255,66,97835,41,162945
18805,0.001237,74.125.24.0-255,2902,100737,41,162945
18806,0.001239,172.31.46.0-255,66,100803,41,162945
18807,0.001263,172.31.46.0-255,66,100869,41,162945
18808,0.001344,74.125.24.0-255,1484,102353,41,162945
18809,0.001348,74.125.24.0-255,2902,105255,41,162945
18810,0.001351,172.31.46.0-255,66,105321,41,162945
18811,0.001372,74.125.24.0-255,5738,111059,41,162945
18812,0.001375,172.31.46.0-255,66,111125,41,162945
18813,0.001404,74.125.24.0-255,1484,112609,41,162945
18814,0.001428,172.31.46.0-255,66,112675,41,162945
18815,0.001443,74.125.24.0-255,4320,116995,41,162945
18816,0.001445,172.31.46.0-255,66,117061,41,162945
18817,0.001469,172.31.46.0-255,66,117127,41,162945
18818,0.001502,74.125.24.0-255,1484,118611,41,162945
18819,0.001518,74.125.24.0-255,2902,121513,41,162945
18820,0.00152,172.31.46.0-255,66,121579,41,162945
18821,0.001524,74.125.24.0-255,2902,124481,41,162945
18822,0.001526,172.31.46.0-255,66,124547,41,162945
18823,0.001546,74.125.24.0-255,2902,127449,41,162945
18824,0.001549,172.31.46.0-255,66,127515,41,162945
18825,0.001554,74.125.24.0-255,4320,131835,41,162945
18826,0.001555,172.31.46.0-255,66,131901,41,162945
18827,0.001568,172.31.46.0-255,66,131967,41,162945
18828,0.00159,74.125.24.0-255,4320,136287,41,162945
18829,0.001593,172.31.46.0-255,66,136353,41,162945
18830,0.001605,172.31.46.0-255,66,136419,41,162945
18831,0.001616,74.125.24.0-255,2184,138603,41,162945
18832,0.001618,172.31.46.0-255,66,138669,41,162945
18833,0.00163,172.31.46.0-255,66,138735,41,162945
18834,0.001656,74.125.24.0-255,4320,143055,41,162945
18835,0.001658,172.31.46.0-255,66,143121,41,162945
18836,0.001669,172.31.46.0-255,66,143187,41,162945
18837,0.001696,74.125.24.0-255,4320,147507,41,162945
18838,0.001699,172.31.46.0-255,66,147573,41,162945
18839,0.001737,172.31.46.0-255,66,147639,41,162945
18840,0.001741,74.125.24.0-255,4320,151959,41,162945
18841,0.001744,172.31.46.0-255,66,152025,41,162945
18842,0.001789,172.31.46.0-255,66,152091,41,162945
18843,0.001805,74.125.24.0-255,3602,155693,41,162945
18844,0.001808,172.31.46.0-255,66,155759,41,162945
18845,0.001814,74.125.24.0-255,5738,161497,41,162945
18846,0.001816,172.31.46.0-255,66,161563,41,162945
18847,0.001864,172.31.46.0-255,66,161629,41,162945
18848,0.001915,172.31.46.0-255,66,161695,41,162945
18849,0.001943,74.125.24.0-255,842,162537,41,162945
18850,0.001944,74.125.24.0-255,105,162642,41,162945
18851,0.001948,172.31.46.0-255,66,162708,41,162945
18852,0.004297,172.31.46.0-255,66,162774,41,162945
18853,0.004337,172.31.46.0-255,105,162879,41,162945
18854,0.00666,74.125.24.0-255,66,162945,41,162945
18855,0.0,74.125.24.0-255,153,153,41,129976
18856,1.5e-05,172.31.46.0-255,66,219,41,129976
18857,2.1e-05,74.125.24.0-255,1484,1703,41,129976
18858,2.6e-05,172.31.46.0-255,66,1769,41,129976
18859,3.8e-05,74.125.24.0-255,2902,4671,41,129976
18860,4.2e-05,172.31.46.0-255,66,4737,41,129976
18861,5.4e-05,172.31.46.0-255,66,4803,41,129976
18862,8.2e-05,74.125.24.0-255,5738,10541,41,129976
18863,9e-05,172.31.46.0-255,66,10607,41,129976
18864,0.000125,172.31.46.0-255,66,10673,41,129976
18865,0.000129,74.125.24.0-255,2543,13216,41,129976
18866,0.000132,172.31.46.0-255,66,13282,41,129976
18867,0.000276,74.125.24.0-255,1484,14766,41,129976
18868,0.00028,172.31.46.0-255,66,14832,41,129976
18869,0.000287,74.125.24.0-255,2902,17734,41,129976
18870,0.000289,172.31.46.0-255,66,17800,41,129976
18871,0.000294,74.125.24.0-255,2902,20702,41,129976
18872,0.000301,172.31.46.0-255,66,20768,41,129976
18873,0.000331,74.125.24.0-255,2902,23670,41,129976
18874,0.000334,172.31.46.0-255,66,23736,41,129976
18875,0.000348,172.31.46.0-255,66,23802,41,129976
18876,0.000353,74.125.24.0-255,4320,28122,41,129976
18877,0.000355,172.31.46.0-255,66,28188,41,129976
18878,0.000396,172.31.46.0-255,66,28254,41,129976
18879,0.000892,74.125.24.0-255,356,28610,41,129976
18880,0.000898,172.31.46.0-255,66,28676,41,129976
18881,0.000916,74.125.24.0-255,137,28813,41,129976
18882,0.000918,172.31.46.0-255,66,28879,41,129976
18883,0.001197,74.125.24.0-255,1484,30363,41,129976
18884,0.001206,74.125.24.0-255,2902,33265,41,129976
18885,0.001211,172.31.46.0-255,66,33331,41,129976
18886,0.001216,74.125.24.0-255,1484,34815,41,129976
18887,0.001242,74.125.24.0-255,4320,39135,41,129976
18888,0.001245,172.31.46.0-255,66,39201,41,129976
18889,0.001252,74.125.24.0-255,5738,44939,41,129976
18890,0.001254,172.31.46.0-255,66,45005,41,129976
18891,0.001281,74.125.24.0-255,5738,50743,41,129976
18892,0.001283,172.31.46.0-255,66,50809,41,129976
18893,0.001289,74.125.24.0-255,2902,53711,41,129976
18894,0.00129,172.31.46.0-255,66,53777,41,129976
18895,0.001352,172.31.46.0-255,66,53843,41,129976
18896,0.001366,172.31.46.0-255,66,53909,41,129976
18897,0.001378,172.31.46.0-255,66,53975,41,129976
18898,0.001435,172.31.46.0-255,66,54041,41,129976
18899,0.001454,172.31.46.0-255,66,54107,41,129976
18900,0.001505,172.31.46.0-255,66,54173,41,129976
18901,0.001521,172.31.46.0-255,66,54239,41,129976
18902,0.001562,74.125.24.0-255,4320,58559,41,129976
18903,0.001565,172.31.46.0-255,66,58625,41,129976
18904,0.001607,172.31.46.0-255,66,58691,41,129976
18905,0.00161,74.125.24.0-255,1484,60175,41,129976
18906,0.001615,74.125.24.0-255,2902,63077,41,129976
18907,0.001618,172.31.46.0-255,66,63143,41,129976
18908,0.001623,74.125.24.0-255,4320,67463,41,129976
18909,0.001626,172.31.46.0-255,66,67529,41,129976
18910,0.001659,74.125.24.0-255,1484,69013,41,129976
18911,0.001675,172.31.46.0-255,66,69079,41,129976
18912,0.001685,172.31.46.0-255,66,69145,41,129976
18913,0.001725,74.125.24.0-255,3303,72448,41,129976
18914,0.001729,172.31.46.0-255,66,72514,41,129976
18915,0.001741,172.31.46.0-255,66,72580,41,129976
18916,0.001786,172.31.46.0-255,66,72646,41,129976
18917,0.001795,172.31.46.0-255,66,72712,41,129976
18918,0.001818,74.125.24.0-255,2902,75614,41,129976
18919,0.001821,172.31.46.0-255,66,75680,41,129976
18920,0.001852,74.125.24.0-255,2184,77864,41,129976
18921,0.001855,172.31.46.0-255,66,77930,41,129976
18922,0.00193,74.125.24.0-255,1484,79414,41,129976
18923,0.001935,74.125.24.0-255,1484,80898,41,129976
18924,0.001938,172.31.46.0-255,66,80964,41,129976
18925,0.001966,74.125.24.0-255,1484,82448,41,129976
18926,0.001974,74.125.24.0-255,5738,88186,41,129976
18927,0.001976,172.31.46.0-255,66,88252,41,129976
18928,0.001988,172.31.46.0-255,66,88318,41,129976
18929,0.002021,74.125.24.0-255,2902,91220,41,129976
18930,0.002024,172.31.46.0-255,66,91286,41,129976
18931,0.002027,74.125.24.0-255,1484,92770,41,129976
18932,0.002033,74.125.24.0-255,4320,97090,41,129976
18933,0.002035,172.31.46.0-255,66,97156,41,129976
18934,0.002074,74.125.24.0-255,5020,102176,41,129976
18935,0.002077,172.31.46.0-255,66,102242,41,129976
18936,0.00208,74.125.24.0-255,1484,103726,41,129976
18937,0.002107,74.125.24.0-255,2902,106628,41,129976
18938,0.00211,172.31.46.0-255,66,106694,41,129976
18939,0.002116,74.125.24.0-255,5738,112432,41,129976
18940,0.002118,172.31.46.0-255,66,112498,41,129976
18941,0.004212,74.125.24.0-255,5738,118236,41,129976
18942,0.004222,172.31.46.0-255,66,118302,41,129976
18943,0.006352,74.125.24.0-255,5738,124040,41,129976
18944,0.006359,172.31.46.0-255,66,124106,41,129976
18945,0.008432,74.125.24.0-255,4320,128426,41,129976
18946,0.008437,172.31.46.0-255,66,128492,41,129976
18947,0.008463,74.125.24.0-255,1484,129976,41,129976
18948,0.0,74.125.24.0-255,153,153,41,139065
18949,2e-05,172.31.46.0-255,66,219,41,139065
18950,2.8e-05,74.125.24.0-255,1484,1703,41,139065
18951,3.2e-05,172.31.46.0-255,66,1769,41,139065
18952,3.7e-05,74.125.24.0-255,2902,4671,41,139065
18953,4.7e-05,172.31.46.0-255,66,4737,41,139065
18954,5.7e-05,172.31.46.0-255,66,4803,41,139065
18955,6.1e-05,74.125.24.0-255,2038,6841,41,139065
18956,6.4e-05,172.31.46.0-255,66,6907,41,139065
18957,9.8e-05,74.125.24.0-255,2902,9809,41,139065
18958,0.000101,172.31.46.0-255,66,9875,41,139065
18959,0.000111,172.31.46.0-255,66,9941,41,139065
18960,0.000134,74.125.24.0-255,5738,15679,41,139065
18961,0.000136,172.31.46.0-255,66,15745,41,139065
18962,0.000162,74.125.24.0-255,1125,16870,41,139065
18963,0.000165,172.31.46.0-255,66,16936,41,139065
18964,0.000455,74.125.24.0-255,1484,18420,41,139065
18965,0.000461,172.31.46.0-255,66,18486,41,139065
18966,0.000467,74.125.24.0-255,2902,21388,41,139065
18967,0.000469,172.31.46.0-255,66,21454,41,139065
18968,0.000481,74.125.24.0-255,5738,27192,41,139065
18969,0.000484,172.31.46.0-255,66,27258,41,139065
18970,0.000515,74.125.24.0-255,2902,30160,41,139065
18971,0.000518,172.31.46.0-255,66,30226,41,139065
18972,0.000548,74.125.24.0-255,3961,34187,41,139065
18973,0.000563,74.125.24.0-255,2820,37007,41,139065
18974,0.000568,172.31.46.0-255,66,37073,41,139065
18975,0.000571,172.31.46.0-255,66,37139,41,139065
18976,0.000574,172.31.46.0-255,66,37205,41,139065
18977,0.000586,74.125.24.0-255,377,37582,41,139065
18978,0.000734,74.125.24.0-255,1484,39066,41,139065
18979,0.00074,74.125.24.0-255,2902,41968,41,139065
18980,0.000747,172.31.46.0-255,66,42034,41,139065
18981,0.000772,74.125.24.0-255,5738,47772,41,139065
18982,0.000792,172.31.46.0-255,66,47838,41,139065
18983,0.000811,172.31.46.0-255,66,47904,41,139065
18984,0.00082,74.125.24.0-255,2902,50806,41,139065
18985,0.000843,74.125.24.0-255,4320,55126,41,139065
18986,0.000848,74.125.24.0-255,4320,59446,41,139065
18987,0.000857,172.31.46.0-255,66,59512,41,139065
18988,0.00088,74.125.24.0-255,1484,60996,41,139065
18989,0.000895,74.125.24.0-255,3961,64957,41,139065
18990,0.0009,172.31.46.0-255,66,65023,41,139065
18991,0.001105,74.125.24.0-255,1484,66507,41,139065
18992,0.001112,74.125.24.0-255,2902,69409,41,139065
18993,0.001115,172.31.46.0-255,66,69475,41,139065
18994,0.001122,74.125.24.0-255,5738,75213,41,139065
18995,0.001126,172.31.46.0-255,66,75279,41,139065
18996,0.001182,172.31.46.0-255,66,75345,41,139065
18997,0.001547,74.125.24.0-255,1484,76829,41,139065
18998,0.001554,74.125.24.0-255,2902,79731,41,139065
18999,0.001557,172.31.46.0-255,66,79797,41,139065
19000,0.001562,74.125.24.0-255,4320,84117,41,139065
19001,0.001589,74.125.24.0-255,2902,87019,41,139065
19002,0.001607,74.125.24.0-255,5738,92757,41,139065
19003,0.001611,74.125.24.0-255,2902,95659,41,139065
19004,0.001624,74.125.24.0-255,1484,97143,41,139065
19005,0.001636,172.31.46.0-255,66,97209,41,139065
19006,0.00167,172.31.46.0-255,66,97275,41,139065
19007,0.00169,74.125.24.0-255,4320,101595,41,139065
19008,0.001693,74.125.24.0-255,766,102361,41,139065
19009,0.001707,172.31.46.0-255,66,102427,41,139065
19010,0.00202,74.125.24.0-255,1484,103911,41,139065
19011,0.002026,74.125.24.0-255,2902,106813,41,139065
19012,0.002028,172.31.46.0-255,66,106879,41,139065
19013,0.002034,74.125.24.0-255,2902,109781,41,139065
19014,0.002039,172.31.46.0-255,66,109847,41,139065
19015,0.002057,74.125.24.0-255,2902,112749,41,139065
19016,0.002063,74.125.24.0-255,5738,118487,41,139065
19017,0.002068,172.31.46.0-255,66,118553,41,139065
19018,0.002085,74.125.24.0-255,2902,121455,41,139065
19019,0.00211,172.31.46.0-255,66,121521,41,139065
19020,0.002149,172.31.46.0-255,66,121587,41,139065
19021,0.002173,172.31.46.0-255,66,121653,41,139065
19022,0.004278,74.125.24.0-255,5738,127391,41,139065
19023,0.004285,172.31.46.0-255,66,127457,41,139065
19024,0.006388,74.125.24.0-255,5738,133195,41,139065
19025,0.006404,172.31.46.0-255,66,133261,41,139065
19026,0.008511,74.125.24.0-255,5738,138999,41,139065
19027,0.008517,172.31.46.0-255,66,139065,41,139065
19028,0.0,172.217.194.0-255,152,152,41,94687
19029,1.5e-05,172.31.46.0-255,66,218,41,94687
19030,5.1e-05,172.217.194.0-255,1484,1702,41,94687
19031,5.5e-05,172.31.46.0-255,66,1768,41,94687
19032,6e-05,172.217.194.0-255,2902,4670,41,94687
19033,6.3e-05,172.31.46.0-255,66,4736,41,94687
19034,7.2e-05,172.217.194.0-255,4320,9056,41,94687
19035,7.4e-05,172.31.46.0-255,66,9122,41,94687
19036,8e-05,172.217.194.0-255,5738,14860,41,94687
19037,8.2e-05,172.31.46.0-255,66,14926,41,94687
19038,0.000117,172.217.194.0-255,3511,18437,41,94687
19039,0.000119,172.31.46.0-255,66,18503,41,94687
19040,0.000135,172.31.46.0-255,66,18569,41,94687
19041,0.000459,172.217.194.0-255,1484,20053,41,94687
19042,0.000463,172.31.46.0-255,66,20119,41,94687
19043,0.000469,172.217.194.0-255,2902,23021,41,94687
19044,0.000471,172.31.46.0-255,66,23087,41,94687
19045,0.000476,172.217.194.0-255,5738,28825,41,94687
19046,0.000482,172.31.46.0-255,66,28891,41,94687
19047,0.000509,172.217.194.0-255,1484,30375,41,94687
19048,0.000511,172.31.46.0-255,66,30441,41,94687
19049,0.000532,172.31.46.0-255,66,30507,41,94687
19050,0.000565,172.31.46.0-255,66,30573,41,94687
19051,0.000591,172.217.194.0-255,1484,32057,41,94687
19052,0.000593,172.31.46.0-255,66,32123,41,94687
19053,0.0006,172.217.194.0-255,4216,36339,41,94687
19054,0.000602,172.31.46.0-255,66,36405,41,94687
19055,0.000607,172.217.194.0-255,117,36522,41,94687
19056,0.00061,172.31.46.0-255,66,36588,41,94687
19057,0.000847,172.217.194.0-255,381,36969,41,94687
19058,0.000942,172.31.46.0-255,66,37035,41,94687
19059,0.001229,172.217.194.0-255,1484,38519,41,94687
19060,0.001237,172.217.194.0-255,2902,41421,41,94687
19061,0.001241,172.31.46.0-255,66,41487,41,94687
19062,0.001248,172.217.194.0-255,5738,47225,41,94687
19063,0.001249,172.31.46.0-255,66,47291,41,94687
19064,0.001258,172.217.194.0-255,2902,50193,41,94687
19065,0.00126,172.31.46.0-255,66,50259,41,94687
19066,0.001272,172.217.194.0-255,3961,54220,41,94687
19067,0.001273,172.31.46.0-255,66,54286,41,94687
19068,0.001332,172.217.194.0-255,1484,55770,41,94687
19069,0.001337,172.217.194.0-255,2902,58672,41,94687
19070,0.001339,172.31.46.0-255,66,58738,41,94687
19071,0.00137,172.217.194.0-255,5738,64476,41,94687
19072,0.001372,172.31.46.0-255,66,64542,41,94687
19073,0.001408,172.217.194.0-255,1484,66026,41,94687
19074,0.001431,172.217.194.0-255,5379,71405,41,94687
19075,0.001433,172.31.46.0-255,66,71471,41,94687
19076,0.003428,172.217.194.0-255,5738,77209,41,94687
19077,0.003435,172.31.46.0-255,66,77275,41,94687
19078,0.005402,172.217.194.0-255,5738,83013,41,94687
19079,0.005407,172.31.46.0-255,66,83079,41,94687
19080,0.007421,172.217.194.0-255,5738,88817,41,94687
19081,0.007429,172.31.46.0-255,66,88883,41,94687
19082,0.00942,172.217.194.0-255,5738,94621,41,94687
19083,0.009429,172.31.46.0-255,66,94687,41,94687
19084,0.0,74.125.24.0-255,66,66,41,66
19085,0.0,74.125.130.0-255,153,153,41,171217
19086,1.4e-05,172.31.46.0-255,66,219,41,171217
19087,2.1e-05,74.125.130.0-255,1484,1703,41,171217
19088,2.4e-05,172.31.46.0-255,66,1769,41,171217
19089,4.3e-05,74.125.130.0-255,2902,4671,41,171217
19090,4.6e-05,172.31.46.0-255,66,4737,41,171217
19091,6.4e-05,74.125.130.0-255,5738,10475,41,171217
19092,6.6e-05,172.31.46.0-255,66,10541,41,171217
19093,8.8e-05,74.125.130.0-255,1484,12025,41,171217
19094,9e-05,172.31.46.0-255,66,12091,41,171217
19095,9.9e-05,172.31.46.0-255,66,12157,41,171217
19096,0.000102,74.125.130.0-255,1484,13641,41,171217
19097,0.000104,172.31.46.0-255,66,13707,41,171217
19098,0.000136,172.31.46.0-255,66,13773,41,171217
19099,0.000154,74.125.130.0-255,2543,16316,41,171217
19100,0.000157,172.31.46.0-255,66,16382,41,171217
19101,0.000289,74.125.130.0-255,1484,17866,41,171217
19102,0.000293,172.31.46.0-255,66,17932,41,171217
19103,0.000296,74.125.130.0-255,1484,19416,41,171217
19104,0.000298,172.31.46.0-255,66,19482,41,171217
19105,0.000325,74.125.130.0-255,2902,22384,41,171217
19106,0.000328,172.31.46.0-255,66,22450,41,171217
19107,0.000334,74.125.130.0-255,5738,28188,41,171217
19108,0.000336,172.31.46.0-255,66,28254,41,171217
19109,0.00036,74.125.130.0-255,5379,33633,41,171217
19110,0.000363,172.31.46.0-255,66,33699,41,171217
19111,0.000384,74.125.130.0-255,5738,39437,41,171217
19112,0.000386,172.31.46.0-255,66,39503,41,171217
19113,0.00043,74.125.130.0-255,5738,45241,41,171217
19114,0.000434,172.31.46.0-255,66,45307,41,171217
19115,0.000449,74.125.130.0-255,5636,50943,41,171217
19116,0.000451,172.31.46.0-255,66,51009,41,171217
19117,0.000454,74.125.130.0-255,114,51123,41,171217
19118,0.000671,74.125.130.0-255,1484,52607,41,171217
19119,0.000675,172.31.46.0-255,66,52673,41,171217
19120,0.000715,74.125.130.0-255,2902,55575,41,171217
19121,0.000717,172.31.46.0-255,66,55641,41,171217
19122,0.00073,74.125.130.0-255,1484,57125,41,171217
19123,0.000745,74.125.130.0-255,2902,60027,41,171217
19124,0.000747,172.31.46.0-255,66,60093,41,171217
19125,0.000768,74.125.130.0-255,5738,65831,41,171217
19126,0.000771,172.31.46.0-255,66,65897,41,171217
19127,0.000795,74.125.130.0-255,2902,68799,41,171217
19128,0.000797,172.31.46.0-255,66,68865,41,171217
19129,0.000818,74.125.130.0-255,3961,72826,41,171217
19130,0.00082,172.31.46.0-255,66,72892,41,171217
19131,0.000823,74.125.130.0-255,1484,74376,41,171217
19132,0.000825,74.125.130.0-255,1484,75860,41,171217
19133,0.000827,172.31.46.0-255,66,75926,41,171217
19134,0.000837,74.125.130.0-255,1484,77410,41,171217
19135,0.000851,74.125.130.0-255,1484,78894,41,171217
19136,0.000854,172.31.46.0-255,66,78960,41,171217
19137,0.000876,74.125.130.0-255,4320,83280,41,171217
19138,0.000879,172.31.46.0-255,66,83346,41,171217
19139,0.000881,74.125.130.0-255,1484,84830,41,171217
19140,0.000925,74.125.130.0-255,1125,85955,41,171217
19141,0.000927,172.31.46.0-255,66,86021,41,171217
19142,0.001122,74.125.130.0-255,1484,87505,41,171217
19143,0.001147,74.125.130.0-255,2902,90407,41,171217
19144,0.00115,172.31.46.0-255,66,90473,41,171217
19145,0.001174,74.125.130.0-255,4320,94793,41,171217
19146,0.001177,172.31.46.0-255,66,94859,41,171217
19147,0.001208,74.125.130.0-255,5738,100597,41,171217
19148,0.001211,172.31.46.0-255,66,100663,41,171217
19149,0.001228,74.125.130.0-255,2902,103565,41,171217
19150,0.00123,172.31.46.0-255,66,103631,41,171217
19151,0.001252,74.125.130.0-255,4320,107951,41,171217
19152,0.001255,172.31.46.0-255,66,108017,41,171217
19153,0.001271,74.125.130.0-255,2902,110919,41,171217
19154,0.001273,172.31.46.0-255,66,110985,41,171217
19155,0.001293,74.125.130.0-255,1484,112469,41,171217
19156,0.001298,74.125.130.0-255,4320,116789,41,171217
19157,0.0013,172.31.46.0-255,66,116855,41,171217
19158,0.001315,74.125.130.0-255,1484,118339,41,171217
19159,0.001319,74.125.130.0-255,2184,120523,41,171217
19160,0.001321,172.31.46.0-255,66,120589,41,171217
19161,0.001603,74.125.130.0-255,1484,122073,41,171217
19162,0.001628,74.125.130.0-255,1484,123557,41,171217
19163,0.001633,172.31.46.0-255,66,123623,41,171217
19164,0.001646,74.125.130.0-255,2902,126525,41,171217
19165,0.001648,172.31.46.0-255,66,126591,41,171217
19166,0.001679,74.125.130.0-255,2902,129493,41,171217
19167,0.001682,172.31.46.0-255,66,129559,41,171217
19168,0.0017,74.125.130.0-255,4320,133879,41,171217
19169,0.001702,172.31.46.0-255,66,133945,41,171217
19170,0.001721,74.125.130.0-255,1484,135429,41,171217
19171,0.001734,74.125.130.0-255,2902,138331,41,171217
19172,0.001736,172.31.46.0-255,66,138397,41,171217
19173,0.001753,74.125.130.0-255,4320,142717,41,171217
19174,0.001755,172.31.46.0-255,66,142783,41,171217
19175,0.001769,74.125.130.0-255,1484,144267,41,171217
19176,0.001775,74.125.130.0-255,4320,148587,41,171217
19177,0.001777,172.31.46.0-255,66,148653,41,171217
19178,0.001816,74.125.130.0-255,5738,154391,41,171217
19179,0.001819,172.31.46.0-255,66,154457,41,171217
19180,0.001822,74.125.130.0-255,766,155223,41,171217
19181,0.004431,74.125.130.0-255,4320,159543,41,171217
19182,0.004439,172.31.46.0-255,66,159609,41,171217
19183,0.007025,74.125.130.0-255,5738,165347,41,171217
19184,0.007031,172.31.46.0-255,66,165413,41,171217
19185,0.009605,74.125.130.0-255,5738,171151,41,171217
19186,0.009613,172.31.46.0-255,66,171217,41,171217
19187,0.0,172.217.27.0-255,297,297,41,210031
19188,2.1e-05,172.31.46.0-255,66,363,41,210031
19189,2.8e-05,172.217.27.0-255,1484,1847,41,210031
19190,3.3e-05,172.31.46.0-255,66,1913,41,210031
19191,4e-05,172.217.27.0-255,4320,6233,41,210031
19192,4.4e-05,172.31.46.0-255,66,6299,41,210031
19193,7.4e-05,172.31.46.0-255,66,6365,41,210031
19194,0.000182,172.217.27.0-255,1484,7849,41,210031
19195,0.000186,172.31.46.0-255,66,7915,41,210031
19196,0.00019,172.217.27.0-255,1484,9399,41,210031
19197,0.000192,172.31.46.0-255,66,9465,41,210031
19198,0.000207,172.217.27.0-255,1484,10949,41,210031
19199,0.000209,172.31.46.0-255,66,11015,41,210031
19200,0.000216,172.217.27.0-255,4320,15335,41,210031
19201,0.000218,172.31.46.0-255,66,15401,41,210031
19202,0.000254,172.217.27.0-255,1484,16885,41,210031
19203,0.000256,172.31.46.0-255,66,16951,41,210031
19204,0.000282,172.31.46.0-255,66,17017,41,210031
19205,0.000325,172.217.27.0-255,1484,18501,41,210031
19206,0.000328,172.31.46.0-255,66,18567,41,210031
19207,0.000342,172.217.27.0-255,2902,21469,41,210031
19208,0.000345,172.31.46.0-255,66,21535,41,210031
19209,0.000349,172.217.27.0-255,2902,24437,41,210031
19210,0.000352,172.31.46.0-255,66,24503,41,210031
19211,0.000355,172.217.27.0-255,1484,25987,41,210031
19212,0.000357,172.31.46.0-255,66,26053,41,210031
19213,0.000379,172.217.27.0-255,2902,28955,41,210031
19214,0.000381,172.31.46.0-255,66,29021,41,210031
19215,0.000412,172.217.27.0-255,5379,34400,41,210031
19216,0.000415,172.31.46.0-255,66,34466,41,210031
19217,0.000608,172.217.27.0-255,1484,35950,41,210031
19218,0.000615,172.217.27.0-255,2902,38852,41,210031
19219,0.000618,172.31.46.0-255,66,38918,41,210031
19220,0.000633,172.217.27.0-255,2902,41820,41,210031
19221,0.000636,172.31.46.0-255,66,41886,41,210031
19222,0.00065,172.217.27.0-255,2902,44788,41,210031
19223,0.000655,172.31.46.0-255,66,44854,41,210031
19224,0.000668,172.217.27.0-255,1484,46338,41,210031
19225,0.00068,172.217.27.0-255,1484,47822,41,210031
19226,0.000683,172.31.46.0-255,66,47888,41,210031
19227,0.000689,172.217.27.0-255,3961,51849,41,210031
19228,0.000691,172.31.46.0-255,66,51915,41,210031
19229,0.000723,172.217.27.0-255,355,52270,41,210031
19230,0.000965,172.217.27.0-255,388,52658,41,210031
19231,0.00108,172.217.27.0-255,1484,54142,41,210031
19232,0.001084,172.31.46.0-255,66,54208,41,210031
19233,0.001099,172.217.27.0-255,1484,55692,41,210031
19234,0.001104,172.217.27.0-255,2902,58594,41,210031
19235,0.001106,172.31.46.0-255,66,58660,41,210031
19236,0.00114,172.217.27.0-255,5738,64398,41,210031
19237,0.001142,172.31.46.0-255,66,64464,41,210031
19238,0.001145,172.217.27.0-255,1484,65948,41,210031
19239,0.001186,172.217.27.0-255,3961,69909,41,210031
19240,0.001189,172.31.46.0-255,66,69975,41,210031
19241,0.001195,172.217.27.0-255,2902,72877,41,210031
19242,0.001197,172.31.46.0-255,66,72943,41,210031
19243,0.001212,172.217.27.0-255,1484,74427,41,210031
19244,0.001217,172.217.27.0-255,2902,77329,41,210031
19245,0.001219,172.31.46.0-255,66,77395,41,210031
19246,0.001241,172.31.46.0-255,66,77461,41,210031
19247,0.001276,172.217.27.0-255,2543,80004,41,210031
19248,0.001279,172.31.46.0-255,66,80070,41,210031
19249,0.001463,172.217.27.0-255,1484,81554,41,210031
19250,0.001479,172.217.27.0-255,2902,84456,41,210031
19251,0.001482,172.31.46.0-255,66,84522,41,210031
19252,0.001509,172.217.27.0-255,1484,86006,41,210031
19253,0.001523,172.217.27.0-255,1484,87490,41,210031
19254,0.001525,172.31.46.0-255,66,87556,41,210031
19255,0.001531,172.217.27.0-255,4320,91876,41,210031
19256,0.001533,172.31.46.0-255,66,91942,41,210031
19257,0.001536,172.217.27.0-255,1484,93426,41,210031
19258,0.001551,172.217.27.0-255,4320,97746,41,210031
19259,0.001553,172.31.46.0-255,66,97812,41,210031
19260,0.001591,172.217.27.0-255,4320,102132,41,210031
19261,0.001595,172.31.46.0-255,66,102198,41,210031
19262,0.001618,172.217.27.0-255,2902,105100,41,210031
19263,0.001621,172.31.46.0-255,66,105166,41,210031
19264,0.001633,172.31.46.0-255,66,105232,41,210031
19265,0.001686,172.31.46.0-255,66,105298,41,210031
19266,0.001719,172.217.27.0-255,4320,109618,41,210031
19267,0.001722,172.31.46.0-255,66,109684,41,210031
19268,0.001741,172.217.27.0-255,4320,114004,41,210031
19269,0.001743,172.31.46.0-255,66,114070,41,210031
19270,0.001777,172.31.46.0-255,66,114136,41,210031
19271,0.001795,172.217.27.0-255,1484,115620,41,210031
19272,0.001819,172.31.46.0-255,66,115686,41,210031
19273,0.001849,172.217.27.0-255,766,116452,41,210031
19274,0.002126,172.217.27.0-255,1484,117936,41,210031
19275,0.002131,172.31.46.0-255,66,118002,41,210031
19276,0.002156,172.217.27.0-255,2902,120904,41,210031
19277,0.002159,172.31.46.0-255,66,120970,41,210031
19278,0.002163,172.217.27.0-255,2902,123872,41,210031
19279,0.002165,172.31.46.0-255,66,123938,41,210031
19280,0.00218,172.217.27.0-255,2902,126840,41,210031
19281,0.002183,172.31.46.0-255,66,126906,41,210031
19282,0.002201,172.217.27.0-255,4320,131226,41,210031
19283,0.002204,172.31.46.0-255,66,131292,41,210031
19284,0.002223,172.217.27.0-255,4320,135612,41,210031
19285,0.002225,172.31.46.0-255,66,135678,41,210031
19286,0.002235,172.31.46.0-255,66,135744,41,210031
19287,0.002257,172.217.27.0-255,2902,138646,41,210031
19288,0.00226,172.31.46.0-255,66,138712,41,210031
19289,0.002305,172.31.46.0-255,66,138778,41,210031
19290,0.002322,172.217.27.0-255,766,139544,41,210031
19291,0.002429,172.31.46.0-255,66,139610,41,210031
19292,0.002465,172.31.46.0-255,66,139676,41,210031
19293,0.00261,172.217.27.0-255,1484,141160,41,210031
19294,0.002622,172.217.27.0-255,1484,142644,41,210031
19295,0.002625,172.31.46.0-255,66,142710,41,210031
19296,0.002653,172.217.27.0-255,2902,145612,41,210031
19297,0.002656,172.31.46.0-255,66,145678,41,210031
19298,0.002662,172.217.27.0-255,5738,151416,41,210031
19299,0.002664,172.31.46.0-255,66,151482,41,210031
19300,0.002672,172.217.27.0-255,1484,152966,41,210031
19301,0.0027,172.31.46.0-255,66,153032,41,210031
19302,0.002752,172.217.27.0-255,4320,157352,41,210031
19303,0.002755,172.31.46.0-255,66,157418,41,210031
19304,0.002769,172.217.27.0-255,2902,160320,41,210031
19305,0.002771,172.31.46.0-255,66,160386,41,210031
19306,0.002798,172.217.27.0-255,2184,162570,41,210031
19307,0.002801,172.31.46.0-255,66,162636,41,210031
19308,0.002886,172.217.27.0-255,1484,164120,41,210031
19309,0.002906,172.217.27.0-255,2902,167022,41,210031
19310,0.002909,172.31.46.0-255,66,167088,41,210031
19311,0.002913,172.217.27.0-255,2902,169990,41,210031
19312,0.002915,172.31.46.0-255,66,170056,41,210031
19313,0.002943,172.31.46.0-255,66,170122,41,210031
19314,0.002983,172.217.27.0-255,4320,174442,41,210031
19315,0.002987,172.31.46.0-255,66,174508,41,210031
19316,0.003007,172.217.27.0-255,4320,178828,41,210031
19317,0.00301,172.31.46.0-255,66,178894,41,210031
19318,0.003049,172.31.46.0-255,66,178960,41,210031
19319,0.003115,172.217.27.0-255,5738,184698,41,210031
19320,0.003119,172.31.46.0-255,66,184764,41,210031
19321,0.003138,172.217.27.0-255,2902,187666,41,210031
19322,0.003141,172.31.46.0-255,66,187732,41,210031
19323,0.003177,172.217.27.0-255,1484,189216,41,210031
19324,0.003272,172.217.27.0-255,1484,190700,41,210031
19325,0.003326,172.217.27.0-255,5738,196438,41,210031
19326,0.003589,172.217.27.0-255,4320,200758,41,210031
19327,0.003647,172.217.27.0-255,1484,202242,41,210031
19328,0.003701,172.217.27.0-255,5738,207980,41,210031
19329,0.003718,172.217.27.0-255,1817,209797,41,210031
19330,0.003721,172.217.27.0-255,168,209965,41,210031
19331,0.006504,172.31.46.0-255,66,210031,41,210031
19332,0.0,74.125.24.0-255,146,146,41,97893
19333,2.3e-05,172.31.46.0-255,66,212,41,97893
19334,3e-05,74.125.24.0-255,1484,1696,41,97893
19335,3.5e-05,172.31.46.0-255,66,1762,41,97893
19336,4.1e-05,74.125.24.0-255,2902,4664,41,97893
19337,4.4e-05,172.31.46.0-255,66,4730,41,97893
19338,5.5e-05,172.31.46.0-255,66,4796,41,97893
19339,5.9e-05,74.125.24.0-255,2005,6801,41,97893
19340,6.2e-05,172.31.46.0-255,66,6867,41,97893
19341,6.6e-05,74.125.24.0-255,1484,8351,41,97893
19342,6.9e-05,172.31.46.0-255,66,8417,41,97893
19343,9.8e-05,172.31.46.0-255,66,8483,41,97893
19344,0.000108,172.31.46.0-255,66,8549,41,97893
19345,0.000148,172.31.46.0-255,66,8615,41,97893
19346,0.000174,172.31.46.0-255,66,8681,41,97893
19347,0.000177,74.125.24.0-255,1484,10165,41,97893
19348,0.000179,172.31.46.0-255,66,10231,41,97893
19349,0.000207,172.31.46.0-255,66,10297,41,97893
19350,0.00021,74.125.24.0-255,1434,11731,41,97893
19351,0.000212,172.31.46.0-255,66,11797,41,97893
19352,0.001091,74.125.24.0-255,346,12143,41,97893
19353,0.001098,172.31.46.0-255,66,12209,41,97893
19354,0.00112,74.125.24.0-255,1484,13693,41,97893
19355,0.001123,172.31.46.0-255,66,13759,41,97893
19356,0.001128,74.125.24.0-255,1484,15243,41,97893
19357,0.00113,172.31.46.0-255,66,15309,41,97893
19358,0.001144,74.125.24.0-255,2902,18211,41,97893
19359,0.001147,172.31.46.0-255,66,18277,41,97893
19360,0.00119,172.31.46.0-255,66,18343,41,97893
19361,0.001201,172.31.46.0-255,66,18409,41,97893
19362,0.00122,74.125.24.0-255,1484,19893,41,97893
19363,0.00125,172.31.46.0-255,66,19959,41,97893
19364,0.001405,74.125.24.0-255,1484,21443,41,97893
19365,0.001413,74.125.24.0-255,2902,24345,41,97893
19366,0.001417,172.31.46.0-255,66,24411,41,97893
19367,0.001444,74.125.24.0-255,5738,30149,41,97893
19368,0.001447,172.31.46.0-255,66,30215,41,97893
19369,0.001459,172.31.46.0-255,66,30281,41,97893
19370,0.001499,74.125.24.0-255,5738,36019,41,97893
19371,0.001502,172.31.46.0-255,66,36085,41,97893
19372,0.001515,172.31.46.0-255,66,36151,41,97893
19373,0.001531,74.125.24.0-255,1484,37635,41,97893
19374,0.001583,172.31.46.0-255,66,37701,41,97893
19375,0.001596,172.31.46.0-255,66,37767,41,97893
19376,0.001663,172.31.46.0-255,66,37833,41,97893
19377,0.001673,172.31.46.0-255,66,37899,41,97893
19378,0.001713,172.31.46.0-255,66,37965,41,97893
19379,0.00187,74.125.24.0-255,1484,39449,41,97893
19380,0.001884,74.125.24.0-255,2902,42351,41,97893
19381,0.001886,172.31.46.0-255,66,42417,41,97893
19382,0.001911,74.125.24.0-255,5738,48155,41,97893
19383,0.001914,172.31.46.0-255,66,48221,41,97893
19384,0.001921,74.125.24.0-255,5738,53959,41,97893
19385,0.001923,172.31.46.0-255,66,54025,41,97893
19386,0.001949,172.31.46.0-255,66,54091,41,97893
19387,0.001959,172.31.46.0-255,66,54157,41,97893
19388,0.002016,172.31.46.0-255,66,54223,41,97893
19389,0.002035,172.31.46.0-255,66,54289,41,97893
19390,0.002063,172.31.46.0-255,66,54355,41,97893
19391,0.002072,172.31.46.0-255,66,54421,41,97893
19392,0.002097,74.125.24.0-255,5738,60159,41,97893
19393,0.002099,172.31.46.0-255,66,60225,41,97893
19394,0.002127,172.31.46.0-255,66,60291,41,97893
19395,0.002133,74.125.24.0-255,5738,66029,41,97893
19396,0.002135,172.31.46.0-255,66,66095,41,97893
19397,0.002151,74.125.24.0-255,766,66861,41,97893
19398,0.002167,74.125.24.0-255,1484,68345,41,97893
19399,0.00217,172.31.46.0-255,66,68411,41,97893
19400,0.002175,74.125.24.0-255,4320,72731,41,97893
19401,0.002177,172.31.46.0-255,66,72797,41,97893
19402,0.002202,172.31.46.0-255,66,72863,41,97893
19403,0.002237,172.31.46.0-255,66,72929,41,97893
19404,0.002261,74.125.24.0-255,4320,77249,41,97893
19405,0.002263,172.31.46.0-255,66,77315,41,97893
19406,0.0023,172.31.46.0-255,66,77381,41,97893
19407,0.002346,172.31.46.0-255,66,77447,41,97893
19408,0.002365,74.125.24.0-255,2902,80349,41,97893
19409,0.002367,172.31.46.0-255,66,80415,41,97893
19410,0.002383,172.31.46.0-255,66,80481,41,97893
19411,0.004696,74.125.24.0-255,5738,86219,41,97893
19412,0.004703,172.31.46.0-255,66,86285,41,97893
19413,0.007023,74.125.24.0-255,5738,92023,41,97893
19414,0.007036,172.31.46.0-255,66,92089,41,97893
19415,0.009356,74.125.24.0-255,5738,97827,41,97893
19416,0.009365,172.31.46.0-255,66,97893,41,97893
19417,0.0,172.31.46.0-255,105,105,41,459
19418,0.000371,172.31.46.0-255,90,195,41,459
19419,0.000382,172.31.46.0-255,66,261,41,459
19420,0.002908,172.217.194.0-255,66,327,41,459
19421,0.002922,172.217.194.0-255,66,393,41,459
19422,0.002932,172.31.46.0-255,66,459,41,459
19423,0.0,172.31.46.0-255,105,105,41,276
19424,0.001482,157.240.13.0-255,105,210,41,276
19425,0.001494,172.31.46.0-255,66,276,41,276
19426,0.0,74.125.130.0-255,291,291,41,354789
19427,2.3e-05,172.31.46.0-255,66,357,41,354789
19428,3e-05,74.125.130.0-255,1484,1841,41,354789
19429,3.4e-05,172.31.46.0-255,66,1907,41,354789
19430,3.9e-05,74.125.130.0-255,2902,4809,41,354789
19431,4.3e-05,172.31.46.0-255,66,4875,41,354789
19432,7.2e-05,74.125.130.0-255,5738,10613,41,354789
19433,7.5e-05,172.31.46.0-255,66,10679,41,354789
19434,8.2e-05,74.125.130.0-255,3121,13800,41,354789
19435,8.4e-05,172.31.46.0-255,66,13866,41,354789
19436,8.7e-05,74.125.130.0-255,1484,15350,41,354789
19437,9e-05,172.31.46.0-255,66,15416,41,354789
19438,0.000116,74.125.130.0-255,2902,18318,41,354789
19439,0.00012,172.31.46.0-255,66,18384,41,354789
19440,0.00015,172.31.46.0-255,66,18450,41,354789
19441,0.000154,74.125.130.0-255,2543,20993,41,354789
19442,0.000157,172.31.46.0-255,66,21059,41,354789
19443,0.000318,74.125.130.0-255,1484,22543,41,354789
19444,0.000322,172.31.46.0-255,66,22609,41,354789
19445,0.000336,74.125.130.0-255,1484,24093,41,354789
19446,0.000339,172.31.46.0-255,66,24159,41,354789
19447,0.000359,74.125.130.0-255,1484,25643,41,354789
19448,0.000361,172.31.46.0-255,66,25709,41,354789
19449,0.000372,74.125.130.0-255,1484,27193,41,354789
19450,0.000375,172.31.46.0-255,66,27259,41,354789
19451,0.000378,74.125.130.0-255,1484,28743,41,354789
19452,0.000381,172.31.46.0-255,66,28809,41,354789
19453,0.000395,74.125.130.0-255,1484,30293,41,354789
19454,0.000397,172.31.46.0-255,66,30359,41,354789
19455,0.000417,74.125.130.0-255,2902,33261,41,354789
19456,0.00042,172.31.46.0-255,66,33327,41,354789
19457,0.000443,74.125.130.0-255,4320,37647,41,354789
19458,0.000445,172.31.46.0-255,66,37713,41,354789
19459,0.000472,74.125.130.0-255,1484,39197,41,354789
19460,0.000475,172.31.46.0-255,66,39263,41,354789
19461,0.000497,74.125.130.0-255,3961,43224,41,354789
19462,0.0005,172.31.46.0-255,66,43290,41,354789
19463,0.000504,74.125.130.0-255,2902,46192,41,354789
19464,0.000506,172.31.46.0-255,66,46258,41,354789
19465,0.000512,74.125.130.0-255,4320,50578,41,354789
19466,0.000514,172.31.46.0-255,66,50644,41,354789
19467,0.000549,74.125.130.0-255,5379,56023,41,354789
19468,0.000552,172.31.46.0-255,66,56089,41,354789
19469,0.000606,74.125.130.0-255,646,56735,41,354789
19470,0.000609,172.31.46.0-255,66,56801,41,354789
19471,0.000702,74.125.130.0-255,1484,58285,41,354789
19472,0.000706,172.31.46.0-255,66,58351,41,354789
19473,0.00071,74.125.130.0-255,1484,59835,41,354789
19474,0.000713,172.31.46.0-255,66,59901,41,354789
19475,0.00073,74.125.130.0-255,1484,61385,41,354789
19476,0.000733,172.31.46.0-255,66,61451,41,354789
19477,0.000761,74.125.130.0-255,4320,65771,41,354789
19478,0.000764,172.31.46.0-255,66,65837,41,354789
19479,0.000778,74.125.130.0-255,1484,67321,41,354789
19480,0.000781,172.31.46.0-255,66,67387,41,354789
19481,0.000786,74.125.130.0-255,2902,70289,41,354789
19482,0.000788,172.31.46.0-255,66,70355,41,354789
19483,0.000807,74.125.130.0-255,2902,73257,41,354789
19484,0.000811,172.31.46.0-255,66,73323,41,354789
19485,0.000836,74.125.130.0-255,4320,77643,41,354789
19486,0.000839,172.31.46.0-255,66,77709,41,354789
19487,0.000855,74.125.130.0-255,5738,83447,41,354789
19488,0.000857,172.31.46.0-255,66,83513,41,354789
19489,0.000876,74.125.130.0-255,1484,84997,41,354789
19490,0.00088,172.31.46.0-255,66,85063,41,354789
19491,0.000897,74.125.130.0-255,1484,86547,41,354789
19492,0.000899,172.31.46.0-255,66,86613,41,354789
19493,0.000926,74.125.130.0-255,5020,91633,41,354789
19494,0.000931,172.31.46.0-255,66,91699,41,354789
19495,0.00097,74.125.130.0-255,1484,93183,41,354789
19496,0.000973,172.31.46.0-255,66,93249,41,354789
19497,0.000977,74.125.130.0-255,1484,94733,41,354789
19498,0.000979,172.31.46.0-255,66,94799,41,354789
19499,0.000992,74.125.130.0-255,1484,96283,41,354789
19500,0.000995,172.31.46.0-255,66,96349,41,354789
19501,0.000998,74.125.130.0-255,1484,97833,41,354789
19502,0.001,172.31.46.0-255,66,97899,41,354789
19503,0.001005,74.125.130.0-255,2902,100801,41,354789
19504,0.001008,172.31.46.0-255,66,100867,41,354789
19505,0.001048,74.125.130.0-255,2902,103769,41,354789
19506,0.001052,172.31.46.0-255,66,103835,41,354789
19507,0.001074,74.125.130.0-255,4320,108155,41,354789
19508,0.001077,172.31.46.0-255,66,108221,41,354789
19509,0.001099,172.31.46.0-255,66,108287,41,354789
19510,0.001113,74.125.130.0-255,1484,109771,41,354789
19511,0.001115,172.31.46.0-255,66,109837,41,354789
19512,0.001119,74.125.130.0-255,2902,112739,41,354789
19513,0.001121,172.31.46.0-255,66,112805,41,354789
19514,0.001127,74.125.130.0-255,4320,117125,41,354789
19515,0.00113,172.31.46.0-255,66,117191,41,354789
19516,0.001154,74.125.130.0-255,2184,119375,41,354789
19517,0.001157,172.31.46.0-255,66,119441,41,354789
19518,0.001273,74.125.130.0-255,1484,120925,41,354789
19519,0.001277,172.31.46.0-255,66,120991,41,354789
19520,0.001283,74.125.130.0-255,2902,123893,41,354789
19521,0.001296,74.125.130.0-255,2902,126795,41,354789
19522,0.001309,74.125.130.0-255,2902,129697,41,354789
19523,0.001313,74.125.130.0-255,2902,132599,41,354789
19524,0.001318,74.125.130.0-255,4320,136919,41,354789
19525,0.001331,172.31.46.0-255,66,136985,41,354789
19526,0.001351,74.125.130.0-255,2902,139887,41,354789
19527,0.00136,172.31.46.0-255,66,139953,41,354789
19528,0.001373,74.125.130.0-255,5738,145691,41,354789
19529,0.001391,172.31.46.0-255,66,145757,41,354789
19530,0.00141,74.125.130.0-255,4320,150077,41,354789
19531,0.001413,172.31.46.0-255,66,150143,41,354789
19532,0.001434,74.125.130.0-255,3602,153745,41,354789
19533,0.001453,172.31.46.0-255,66,153811,41,354789
19534,0.001624,74.125.130.0-255,1484,155295,41,354789
19535,0.001653,74.125.130.0-255,2902,158197,41,354789
19536,0.001656,172.31.46.0-255,66,158263,41,354789
19537,0.001662,74.125.130.0-255,2902,161165,41,354789
19538,0.001663,172.31.46.0-255,66,161231,41,354789
19539,0.001679,74.125.130.0-255,4320,165551,41,354789
19540,0.001682,172.31.46.0-255,66,165617,41,354789
19541,0.001719,74.125.130.0-255,1484,167101,41,354789
19542,0.001725,74.125.130.0-255,2902,170003,41,354789
19543,0.001727,172.31.46.0-255,66,170069,41,354789
19544,0.001751,74.125.130.0-255,5738,175807,41,354789
19545,0.001783,74.125.130.0-255,1484,177291,41,354789
19546,0.001786,172.31.46.0-255,66,177357,41,354789
19547,0.001801,74.125.130.0-255,1484,178841,41,354789
19548,0.001816,74.125.130.0-255,1484,180325,41,354789
19549,0.00182,172.31.46.0-255,66,180391,41,354789
19550,0.001834,74.125.130.0-255,2902,183293,41,354789
19551,0.001847,74.125.130.0-255,2902,186195,41,354789
19552,0.001851,74.125.130.0-255,2184,188379,41,354789
19553,0.001859,172.31.46.0-255,66,188445,41,354789
19554,0.002348,74.125.130.0-255,1484,189929,41,354789
19555,0.002376,74.125.130.0-255,2902,192831,41,354789
19556,0.00238,172.31.46.0-255,66,192897,41,354789
19557,0.002401,74.125.130.0-255,1484,194381,41,354789
19558,0.002405,74.125.130.0-255,1484,195865,41,354789
19559,0.002407,172.31.46.0-255,66,195931,41,354789
19560,0.002428,74.125.130.0-255,4320,200251,41,354789
19561,0.00243,172.31.46.0-255,66,200317,41,354789
19562,0.002434,74.125.130.0-255,2902,203219,41,354789
19563,0.002437,172.31.46.0-255,66,203285,41,354789
19564,0.002452,74.125.130.0-255,4320,207605,41,354789
19565,0.002455,172.31.46.0-255,66,207671,41,354789
19566,0.002477,74.125.130.0-255,5738,213409,41,354789
19567,0.00248,172.31.46.0-255,66,213475,41,354789
19568,0.002505,172.31.46.0-255,66,213541,41,354789
19569,0.002524,74.125.130.0-255,2902,216443,41,354789
19570,0.002527,172.31.46.0-255,66,216509,41,354789
19571,0.002549,74.125.130.0-255,2184,218693,41,354789
19572,0.002551,172.31.46.0-255,66,218759,41,354789
19573,0.002563,74.125.130.0-255,5738,224497,41,354789
19574,0.002565,172.31.46.0-255,66,224563,41,354789
19575,0.002571,74.125.130.0-255,4320,228883,41,354789
19576,0.002573,172.31.46.0-255,66,228949,41,354789
19577,0.002594,74.125.130.0-255,1484,230433,41,354789
19578,0.002597,74.125.130.0-255,1484,231917,41,354789
19579,0.002599,74.125.130.0-255,1484,233401,41,354789
19580,0.002603,74.125.130.0-255,2902,236303,41,354789
19581,0.002605,74.125.130.0-255,1484,237787,41,354789
19582,0.002657,74.125.130.0-255,5738,243525,41,354789
19583,0.002703,74.125.130.0-255,1484,245009,41,354789
19584,0.002706,74.125.130.0-255,1484,246493,41,354789
19585,0.002733,74.125.130.0-255,4320,250813,41,354789
19586,0.002738,74.125.130.0-255,2902,253715,41,354789
19587,0.002748,74.125.130.0-255,1484,255199,41,354789
19588,0.002764,74.125.130.0-255,1484,256683,41,354789
19589,0.002793,74.125.130.0-255,2902,259585,41,354789
19590,0.00281,74.125.130.0-255,2902,262487,41,354789
19591,0.002824,74.125.130.0-255,2902,265389,41,354789
19592,0.00288,74.125.130.0-255,2902,268291,41,354789
19593,0.002884,74.125.130.0-255,2184,270475,41,354789
19594,0.002888,74.125.130.0-255,2902,273377,41,354789
19595,0.002917,74.125.130.0-255,1484,274861,41,354789
19596,0.002951,74.125.130.0-255,4320,279181,41,354789
19597,0.002955,74.125.130.0-255,2902,282083,41,354789
19598,0.002975,74.125.130.0-255,2184,284267,41,354789
19599,0.002978,74.125.130.0-255,1484,285751,41,354789
19600,0.003007,74.125.130.0-255,4320,290071,41,354789
19601,0.003027,74.125.130.0-255,1484,291555,41,354789
19602,0.003037,74.125.130.0-255,1484,293039,41,354789
19603,0.003095,74.125.130.0-255,4320,297359,41,354789
19604,0.003117,74.125.130.0-255,4320,301679,41,354789
19605,0.003139,74.125.130.0-255,4320,305999,41,354789
19606,0.003152,74.125.130.0-255,3602,309601,41,354789
19607,0.003189,74.125.130.0-255,4320,313921,41,354789
19608,0.003201,74.125.130.0-255,1484,315405,41,354789
19609,0.003222,74.125.130.0-255,4320,319725,41,354789
19610,0.003225,74.125.130.0-255,1484,321209,41,354789
19611,0.003243,74.125.130.0-255,1484,322693,41,354789
19612,0.003263,74.125.130.0-255,2902,325595,41,354789
19613,0.003286,74.125.130.0-255,5738,331333,41,354789
19614,0.003291,74.125.130.0-255,2902,334235,41,354789
19615,0.003311,74.125.130.0-255,4320,338555,41,354789
19616,0.00333,74.125.130.0-255,5020,343575,41,354789
19617,0.003386,74.125.130.0-255,1484,345059,41,354789
19618,0.003401,74.125.130.0-255,2902,347961,41,354789
19619,0.003418,74.125.130.0-255,5738,353699,41,354789
19620,0.003421,74.125.130.0-255,919,354618,41,354789
19621,0.003528,74.125.130.0-255,105,354723,41,354789
19622,0.008844,172.31.46.0-255,66,354789,41,354789
19623,0.0,74.125.68.0-255,146,146,41,81066
19624,1.5e-05,172.31.46.0-255,66,212,41,81066
19625,2.1e-05,74.125.68.0-255,1484,1696,41,81066
19626,2.7e-05,172.31.46.0-255,66,1762,41,81066
19627,3e-05,74.125.68.0-255,1484,3246,41,81066
19628,4.3e-05,172.31.46.0-255,66,3312,41,81066
19629,4.9e-05,74.125.68.0-255,2902,6214,41,81066
19630,5.2e-05,172.31.46.0-255,66,6280,41,81066
19631,5.9e-05,74.125.68.0-255,5738,12018,41,81066
19632,6.3e-05,172.31.46.0-255,66,12084,41,81066
19633,6.6e-05,74.125.68.0-255,1484,13568,41,81066
19634,6.8e-05,172.31.46.0-255,66,13634,41,81066
19635,7.1e-05,74.125.68.0-255,520,14154,41,81066
19636,7.3e-05,172.31.46.0-255,66,14220,41,81066
19637,0.000171,74.125.68.0-255,1484,15704,41,81066
19638,0.000176,172.31.46.0-255,66,15770,41,81066
19639,0.000181,74.125.68.0-255,2902,18672,41,81066
19640,0.000183,172.31.46.0-255,66,18738,41,81066
19641,0.000219,74.125.68.0-255,5738,24476,41,81066
19642,0.000222,172.31.46.0-255,66,24542,41,81066
19643,0.000227,74.125.68.0-255,2902,27444,41,81066
19644,0.000229,172.31.46.0-255,66,27510,41,81066
19645,0.000259,74.125.68.0-255,3961,31471,41,81066
19646,0.000262,172.31.46.0-255,66,31537,41,81066
19647,0.000292,172.31.46.0-255,66,31603,41,81066
19648,0.000327,172.31.46.0-255,66,31669,41,81066
19649,0.000331,74.125.68.0-255,2902,34571,41,81066
19650,0.000334,172.31.46.0-255,66,34637,41,81066
19651,0.000382,172.31.46.0-255,66,34703,41,81066
19652,0.000388,74.125.68.0-255,3602,38305,41,81066
19653,0.00039,172.31.46.0-255,66,38371,41,81066
19654,0.000662,74.125.68.0-255,398,38769,41,81066
19655,0.000837,74.125.68.0-255,111,38880,41,81066
19656,0.000902,74.125.68.0-255,1484,40364,41,81066
19657,0.000908,172.31.46.0-255,66,40430,41,81066
19658,0.000929,74.125.68.0-255,2902,43332,41,81066
19659,0.000932,172.31.46.0-255,66,43398,41,81066
19660,0.000937,74.125.68.0-255,2902,46300,41,81066
19661,0.000939,172.31.46.0-255,66,46366,41,81066
19662,0.000972,74.125.68.0-255,4320,50686,41,81066
19663,0.000974,172.31.46.0-255,66,50752,41,81066
19664,0.001039,74.125.68.0-255,5738,56490,41,81066
19665,0.00105,74.125.68.0-255,2902,59392,41,81066
19666,0.001054,74.125.68.0-255,2902,62294,41,81066
19667,0.001058,172.31.46.0-255,66,62360,41,81066
19668,0.001066,172.31.46.0-255,66,62426,41,81066
19669,0.001069,172.31.46.0-255,66,62492,41,81066
19670,0.001071,172.31.46.0-255,66,62558,41,81066
19671,0.00108,74.125.68.0-255,1484,64042,41,81066
19672,0.001084,74.125.68.0-255,2184,66226,41,81066
19673,0.001087,172.31.46.0-255,66,66292,41,81066
19674,0.004113,74.125.68.0-255,1484,67776,41,81066
19675,0.004125,74.125.68.0-255,2902,70678,41,81066
19676,0.00413,172.31.46.0-255,66,70744,41,81066
19677,0.004136,74.125.68.0-255,1484,72228,41,81066
19678,0.006376,74.125.68.0-255,2902,75130,41,81066
19679,0.006381,172.31.46.0-255,66,75196,41,81066
19680,0.006409,74.125.68.0-255,1484,76680,41,81066
19681,0.008634,74.125.68.0-255,4320,81000,41,81066
19682,0.008642,172.31.46.0-255,66,81066,41,81066
19683,0.0,74.125.24.0-255,152,152,41,188055
19684,1.3e-05,172.31.46.0-255,66,218,41,188055
19685,1.8e-05,74.125.24.0-255,1484,1702,41,188055
19686,2.2e-05,172.31.46.0-255,66,1768,41,188055
19687,3.4e-05,74.125.24.0-255,2902,4670,41,188055
19688,3.8e-05,172.31.46.0-255,66,4736,41,188055
19689,4.3e-05,74.125.24.0-255,4320,9056,41,188055
19690,4.6e-05,172.31.46.0-255,66,9122,41,188055
19691,8.3e-05,74.125.24.0-255,4972,14094,41,188055
19692,8.9e-05,172.31.46.0-255,66,14160,41,188055
19693,0.000187,74.125.24.0-255,1484,15644,41,188055
19694,0.00019,172.31.46.0-255,66,15710,41,188055
19695,0.000195,74.125.24.0-255,2902,18612,41,188055
19696,0.000197,172.31.46.0-255,66,18678,41,188055
19697,0.000223,74.125.24.0-255,5738,24416,41,188055
19698,0.000226,172.31.46.0-255,66,24482,41,188055
19699,0.000253,172.31.46.0-255,66,24548,41,188055
19700,0.000258,74.125.24.0-255,4320,28868,41,188055
19701,0.000259,172.31.46.0-255,66,28934,41,188055
19702,0.000277,74.125.24.0-255,2902,31836,41,188055
19703,0.000279,172.31.46.0-255,66,31902,41,188055
19704,0.000283,74.125.24.0-255,2902,34804,41,188055
19705,0.000285,172.31.46.0-255,66,34870,41,188055
19706,0.000325,172.31.46.0-255,66,34936,41,188055
19707,0.000338,172.31.46.0-255,66,35002,41,188055
19708,0.00034,74.125.24.0-255,366,35368,41,188055
19709,0.000342,172.31.46.0-255,66,35434,41,188055
19710,0.000364,74.125.24.0-255,132,35566,41,188055
19711,0.000366,172.31.46.0-255,66,35632,41,188055
19712,0.000476,74.125.24.0-255,1484,37116,41,188055
19713,0.000482,74.125.24.0-255,2902,40018,41,188055
19714,0.000485,172.31.46.0-255,66,40084,41,188055
19715,0.000521,74.125.24.0-255,2902,42986,41,188055
19716,0.000523,172.31.46.0-255,66,43052,41,188055
19717,0.000546,74.125.24.0-255,2902,45954,41,188055
19718,0.000548,172.31.46.0-255,66,46020,41,188055
19719,0.000559,172.31.46.0-255,66,46086,41,188055
19720,0.000571,172.31.46.0-255,66,46152,41,188055
19721,0.000573,74.125.24.0-255,343,46495,41,188055
19722,0.000658,74.125.24.0-255,1484,47979,41,188055
19723,0.000662,172.31.46.0-255,66,48045,41,188055
19724,0.000666,74.125.24.0-255,2902,50947,41,188055
19725,0.000668,172.31.46.0-255,66,51013,41,188055
19726,0.000691,74.125.24.0-255,5738,56751,41,188055
19727,0.000693,172.31.46.0-255,66,56817,41,188055
19728,0.000696,74.125.24.0-255,1484,58301,41,188055
19729,0.000721,172.31.46.0-255,66,58367,41,188055
19730,0.000743,74.125.24.0-255,1484,59851,41,188055
19731,0.00075,74.125.24.0-255,5738,65589,41,188055
19732,0.000753,172.31.46.0-255,66,65655,41,188055
19733,0.000781,74.125.24.0-255,5020,70675,41,188055
19734,0.000784,172.31.46.0-255,66,70741,41,188055
19735,0.000815,74.125.24.0-255,1484,72225,41,188055
19736,0.000831,74.125.24.0-255,2902,75127,41,188055
19737,0.000834,172.31.46.0-255,66,75193,41,188055
19738,0.000841,74.125.24.0-255,5738,80931,41,188055
19739,0.000843,172.31.46.0-255,66,80997,41,188055
19740,0.000874,172.31.46.0-255,66,81063,41,188055
19741,0.000899,74.125.24.0-255,4320,85383,41,188055
19742,0.000903,172.31.46.0-255,66,85449,41,188055
19743,0.000916,172.31.46.0-255,66,85515,41,188055
19744,0.000992,74.125.24.0-255,1484,86999,41,188055
19745,0.000997,74.125.24.0-255,2902,89901,41,188055
19746,0.001003,172.31.46.0-255,66,89967,41,188055
19747,0.001021,74.125.24.0-255,5738,95705,41,188055
19748,0.001024,172.31.46.0-255,66,95771,41,188055
19749,0.001027,74.125.24.0-255,1484,97255,41,188055
19750,0.001066,172.31.46.0-255,66,97321,41,188055
19751,0.001073,74.125.24.0-255,5738,103059,41,188055
19752,0.001075,172.31.46.0-255,66,103125,41,188055
19753,0.001103,74.125.24.0-255,5020,108145,41,188055
19754,0.001106,172.31.46.0-255,66,108211,41,188055
19755,0.001112,74.125.24.0-255,4320,112531,41,188055
19756,0.001114,172.31.46.0-255,66,112597,41,188055
19757,0.001132,74.125.24.0-255,1484,114081,41,188055
19758,0.001138,74.125.24.0-255,4320,118401,41,188055
19759,0.001141,172.31.46.0-255,66,118467,41,188055
19760,0.001185,172.31.46.0-255,66,118533,41,188055
19761,0.001195,172.31.46.0-255,66,118599,41,188055
19762,0.001241,172.31.46.0-255,66,118665,41,188055
19763,0.001248,74.125.24.0-255,5738,124403,41,188055
19764,0.00125,172.31.46.0-255,66,124469,41,188055
19765,0.001283,74.125.24.0-255,2902,127371,41,188055
19766,0.001286,172.31.46.0-255,66,127437,41,188055
19767,0.001305,172.31.46.0-255,66,127503,41,188055
19768,0.001356,172.31.46.0-255,66,127569,41,188055
19769,0.001394,74.125.24.0-255,2184,129753,41,188055
19770,0.001399,172.31.46.0-255,66,129819,41,188055
19771,0.001402,74.125.24.0-255,1484,131303,41,188055
19772,0.001406,74.125.24.0-255,2902,134205,41,188055
19773,0.001408,172.31.46.0-255,66,134271,41,188055
19774,0.001414,74.125.24.0-255,5738,140009,41,188055
19775,0.001416,172.31.46.0-255,66,140075,41,188055
19776,0.00143,172.31.46.0-255,66,140141,41,188055
19777,0.001436,74.125.24.0-255,5738,145879,41,188055
19778,0.001438,172.31.46.0-255,66,145945,41,188055
19779,0.00147,74.125.24.0-255,5020,150965,41,188055
19780,0.001485,172.31.46.0-255,66,151031,41,188055
19781,0.001518,74.125.24.0-255,1484,152515,41,188055
19782,0.001523,74.125.24.0-255,2902,155417,41,188055
19783,0.001549,74.125.24.0-255,5738,161155,41,188055
19784,0.001566,172.31.46.0-255,66,161221,41,188055
19785,0.001589,172.31.46.0-255,66,161287,41,188055
19786,0.00162,74.125.24.0-255,2184,163471,41,188055
19787,0.001638,172.31.46.0-255,66,163537,41,188055
19788,0.001725,74.125.24.0-255,1484,165021,41,188055
19789,0.001731,74.125.24.0-255,2902,167923,41,188055
19790,0.001734,172.31.46.0-255,66,167989,41,188055
19791,0.001741,74.125.24.0-255,5738,173727,41,188055
19792,0.001762,74.125.24.0-255,4320,178047,41,188055
19793,0.001773,172.31.46.0-255,66,178113,41,188055
19794,0.001795,172.31.46.0-255,66,178179,41,188055
19795,0.001803,74.125.24.0-255,2902,181081,41,188055
19796,0.001862,172.31.46.0-255,66,181147,41,188055
19797,0.001895,74.125.24.0-255,2902,184049,41,188055
19798,0.001906,172.31.46.0-255,66,184115,41,188055
19799,0.001938,74.125.24.0-255,3563,187678,41,188055
19800,0.001944,172.31.46.0-255,66,187744,41,188055
19801,0.001966,74.125.24.0-255,105,187849,41,188055
19802,0.008449,172.31.46.0-255,101,187950,41,188055
19803,0.009687,172.31.46.0-255,105,188055,41,188055
19804,0.0,172.217.194.0-255,151,151,41,119850
19805,3.1e-05,172.31.46.0-255,66,217,41,119850
19806,3.7e-05,172.217.194.0-255,1484,1701,41,119850
19807,4.1e-05,172.31.46.0-255,66,1767,41,119850
19808,4.6e-05,172.217.194.0-255,2902,4669,41,119850
19809,5.5e-05,172.31.46.0-255,66,4735,41,119850
19810,6.7e-05,172.31.46.0-255,66,4801,41,119850
19811,7.1e-05,172.217.194.0-255,2041,6842,41,119850
19812,7.2e-05,172.31.46.0-255,66,6908,41,119850
19813,0.000125,172.217.194.0-255,1484,8392,41,119850
19814,0.000128,172.31.46.0-255,66,8458,41,119850
19815,0.000161,172.31.46.0-255,66,8524,41,119850
19816,0.000193,172.217.194.0-255,5379,13903,41,119850
19817,0.000197,172.31.46.0-255,66,13969,41,119850
19818,0.000502,172.217.194.0-255,1484,15453,41,119850
19819,0.000507,172.31.46.0-255,66,15519,41,119850
19820,0.000513,172.217.194.0-255,2902,18421,41,119850
19821,0.000515,172.31.46.0-255,66,18487,41,119850
19822,0.000545,172.217.194.0-255,5738,24225,41,119850
19823,0.000556,172.31.46.0-255,66,24291,41,119850
19824,0.000592,172.31.46.0-255,66,24357,41,119850
19825,0.000747,172.217.194.0-255,1484,25841,41,119850
19826,0.000751,172.31.46.0-255,66,25907,41,119850
19827,0.000758,172.217.194.0-255,2902,28809,41,119850
19828,0.000761,172.31.46.0-255,66,28875,41,119850
19829,0.000785,172.217.194.0-255,5738,34613,41,119850
19830,0.000791,172.31.46.0-255,66,34679,41,119850
19831,0.000835,172.31.46.0-255,66,34745,41,119850
19832,0.000845,172.31.46.0-255,66,34811,41,119850
19833,0.000889,172.217.194.0-255,3125,37936,41,119850
19834,0.000894,172.31.46.0-255,66,38002,41,119850
19835,0.00099,172.217.194.0-255,1484,39486,41,119850
19836,0.000996,172.217.194.0-255,2902,42388,41,119850
19837,0.000998,172.31.46.0-255,66,42454,41,119850
19838,0.001002,172.217.194.0-255,1484,43938,41,119850
19839,0.001029,172.217.194.0-255,4320,48258,41,119850
19840,0.001032,172.31.46.0-255,66,48324,41,119850
19841,0.001043,172.31.46.0-255,66,48390,41,119850
19842,0.001094,172.31.46.0-255,66,48456,41,119850
19843,0.00112,172.217.194.0-255,5020,53476,41,119850
19844,0.001123,172.31.46.0-255,66,53542,41,119850
19845,0.001138,172.31.46.0-255,66,53608,41,119850
19846,0.001156,172.31.46.0-255,66,53674,41,119850
19847,0.001189,172.217.194.0-255,1484,55158,41,119850
19848,0.001226,172.31.46.0-255,66,55224,41,119850
19849,0.001261,172.217.194.0-255,5020,60244,41,119850
19850,0.001265,172.31.46.0-255,66,60310,41,119850
19851,0.001274,172.31.46.0-255,66,60376,41,119850
19852,0.001292,172.31.46.0-255,66,60442,41,119850
19853,0.001308,172.31.46.0-255,66,60508,41,119850
19854,0.001311,172.217.194.0-255,766,61274,41,119850
19855,0.001396,172.31.46.0-255,66,61340,41,119850
19856,0.001431,172.31.46.0-255,66,61406,41,119850
19857,0.001463,172.31.46.0-255,66,61472,41,119850
19858,0.001549,172.217.194.0-255,1484,62956,41,119850
19859,0.001556,172.217.194.0-255,2902,65858,41,119850
19860,0.00156,172.31.46.0-255,66,65924,41,119850
19861,0.001567,172.217.194.0-255,4320,70244,41,119850
19862,0.001569,172.31.46.0-255,66,70310,41,119850
19863,0.001592,172.217.194.0-255,1484,71794,41,119850
19864,0.001596,172.217.194.0-255,2902,74696,41,119850
19865,0.001598,172.31.46.0-255,66,74762,41,119850
19866,0.00164,172.31.46.0-255,66,74828,41,119850
19867,0.001651,172.31.46.0-255,66,74894,41,119850
19868,0.001653,172.217.194.0-255,766,75660,41,119850
19869,0.001952,172.217.194.0-255,1484,77144,41,119850
19870,0.001955,172.31.46.0-255,66,77210,41,119850
19871,0.001967,172.217.194.0-255,2902,80112,41,119850
19872,0.001969,172.31.46.0-255,66,80178,41,119850
19873,0.001982,172.217.194.0-255,5738,85916,41,119850
19874,0.001984,172.31.46.0-255,66,85982,41,119850
19875,0.002027,172.31.46.0-255,66,86048,41,119850
19876,0.002043,172.31.46.0-255,66,86114,41,119850
19877,0.002141,172.217.194.0-255,1484,87598,41,119850
19878,0.002147,172.217.194.0-255,2902,90500,41,119850
19879,0.00215,172.31.46.0-255,66,90566,41,119850
19880,0.002157,172.217.194.0-255,5738,96304,41,119850
19881,0.00216,172.31.46.0-255,66,96370,41,119850
19882,0.002194,172.31.46.0-255,66,96436,41,119850
19883,0.002229,172.217.194.0-255,4320,100756,41,119850
19884,0.002231,172.31.46.0-255,66,100822,41,119850
19885,0.002332,172.217.194.0-255,1484,102306,41,119850
19886,0.002887,172.31.46.0-255,66,102372,41,119850
19887,0.005204,172.217.194.0-255,5738,108110,41,119850
19888,0.00521,172.31.46.0-255,66,108176,41,119850
19889,0.007515,172.217.194.0-255,1484,109660,41,119850
19890,0.007535,172.217.194.0-255,4320,113980,41,119850
19891,0.007537,172.31.46.0-255,66,114046,41,119850
19892,0.009854,172.217.194.0-255,5738,119784,41,119850
19893,0.00986,172.31.46.0-255,66,119850,41,119850
19894,0.0,172.31.46.0-255,66,66,41,66
19895,0.0,74.125.130.0-255,146,146,41,178914
19896,2.7e-05,172.31.46.0-255,66,212,41,178914
19897,3.4e-05,74.125.130.0-255,1484,1696,41,178914
19898,3.9e-05,172.31.46.0-255,66,1762,41,178914
19899,7.1e-05,74.125.130.0-255,2902,4664,41,178914
19900,7.8e-05,172.31.46.0-255,66,4730,41,178914
19901,8.1e-05,74.125.130.0-255,1484,6214,41,178914
19902,8.4e-05,172.31.46.0-255,66,6280,41,178914
19903,0.000117,74.125.130.0-255,4320,10600,41,178914
19904,0.000119,172.31.46.0-255,66,10666,41,178914
19905,0.000125,74.125.130.0-255,3423,14089,41,178914
19906,0.000128,172.31.46.0-255,66,14155,41,178914
19907,0.000132,74.125.130.0-255,2902,17057,41,178914
19908,0.000135,172.31.46.0-255,66,17123,41,178914
19909,0.000168,74.125.130.0-255,1484,18607,41,178914
19910,0.000171,172.31.46.0-255,66,18673,41,178914
19911,0.000178,74.125.130.0-255,5738,24411,41,178914
19912,0.00018,172.31.46.0-255,66,24477,41,178914
19913,0.00019,74.125.130.0-255,4320,28797,41,178914
19914,0.000192,172.31.46.0-255,66,28863,41,178914
19915,0.000223,74.125.130.0-255,2543,31406,41,178914
19916,0.000226,172.31.46.0-255,66,31472,41,178914
19917,0.000318,74.125.130.0-255,1484,32956,41,178914
19918,0.000322,172.31.46.0-255,66,33022,41,178914
19919,0.000341,74.125.130.0-255,2902,35924,41,178914
19920,0.000343,172.31.46.0-255,66,35990,41,178914
19921,0.000346,74.125.130.0-255,1484,37474,41,178914
19922,0.000348,172.31.46.0-255,66,37540,41,178914
19923,0.000353,74.125.130.0-255,2902,40442,41,178914
19924,0.000356,172.31.46.0-255,66,40508,41,178914
19925,0.000389,74.125.130.0-255,5738,46246,41,178914
19926,0.000392,172.31.46.0-255,66,46312,41,178914
19927,0.000413,74.125.130.0-255,3961,50273,41,178914
19928,0.000416,172.31.46.0-255,66,50339,41,178914
19929,0.000427,74.125.130.0-255,4320,54659,41,178914
19930,0.00043,172.31.46.0-255,66,54725,41,178914
19931,0.000474,172.31.46.0-255,66,54791,41,178914
19932,0.0005,74.125.130.0-255,2831,57622,41,178914
19933,0.000503,172.31.46.0-255,66,57688,41,178914
19934,0.000526,74.125.130.0-255,366,58054,41,178914
19935,0.000685,74.125.130.0-255,1484,59538,41,178914
19936,0.00069,172.31.46.0-255,66,59604,41,178914
19937,0.000696,74.125.130.0-255,2902,62506,41,178914
19938,0.000699,172.31.46.0-255,66,62572,41,178914
19939,0.000701,74.125.130.0-255,1484,64056,41,178914
19940,0.000711,74.125.130.0-255,2902,66958,41,178914
19941,0.000714,172.31.46.0-255,66,67024,41,178914
19942,0.00075,74.125.130.0-255,5738,72762,41,178914
19943,0.000753,172.31.46.0-255,66,72828,41,178914
19944,0.000759,74.125.130.0-255,2902,75730,41,178914
19945,0.000761,172.31.46.0-255,66,75796,41,178914
19946,0.000783,74.125.130.0-255,5738,81534,41,178914
19947,0.000786,74.125.130.0-255,1484,83018,41,178914
19948,0.000794,172.31.46.0-255,66,83084,41,178914
19949,0.00083,172.31.46.0-255,66,83150,41,178914
19950,0.000833,74.125.130.0-255,766,83916,41,178914
19951,0.000978,74.125.130.0-255,1484,85400,41,178914
19952,0.000982,172.31.46.0-255,66,85466,41,178914
19953,0.000986,74.125.130.0-255,1484,86950,41,178914
19954,0.001013,74.125.130.0-255,1484,88434,41,178914
19955,0.001015,172.31.46.0-255,66,88500,41,178914
19956,0.001019,74.125.130.0-255,1484,89984,41,178914
19957,0.001025,74.125.130.0-255,5738,95722,41,178914
19958,0.001032,172.31.46.0-255,66,95788,41,178914
19959,0.001056,74.125.130.0-255,1484,97272,41,178914
19960,0.001095,172.31.46.0-255,66,97338,41,178914
19961,0.001114,172.31.46.0-255,66,97404,41,178914
19962,0.001117,74.125.130.0-255,766,98170,41,178914
19963,0.00126,74.125.130.0-255,1484,99654,41,178914
19964,0.001264,172.31.46.0-255,66,99720,41,178914
19965,0.001284,74.125.130.0-255,2902,102622,41,178914
19966,0.001287,172.31.46.0-255,66,102688,41,178914
19967,0.001291,74.125.130.0-255,2902,105590,41,178914
19968,0.001293,172.31.46.0-255,66,105656,41,178914
19969,0.001328,74.125.130.0-255,2902,108558,41,178914
19970,0.001332,172.31.46.0-255,66,108624,41,178914
19971,0.001338,74.125.130.0-255,5738,114362,41,178914
19972,0.00134,172.31.46.0-255,66,114428,41,178914
19973,0.001354,172.31.46.0-255,66,114494,41,178914
19974,0.001359,74.125.130.0-255,2902,117396,41,178914
19975,0.001365,172.31.46.0-255,66,117462,41,178914
19976,0.001396,74.125.130.0-255,5738,123200,41,178914
19977,0.001399,172.31.46.0-255,66,123266,41,178914
19978,0.001421,74.125.130.0-255,2184,125450,41,178914
19979,0.001423,172.31.46.0-255,66,125516,41,178914
19980,0.001462,74.125.130.0-255,2902,128418,41,178914
19981,0.001465,172.31.46.0-255,66,128484,41,178914
19982,0.001471,74.125.130.0-255,4320,132804,41,178914
19983,0.001473,172.31.46.0-255,66,132870,41,178914
19984,0.001499,74.125.130.0-255,2902,135772,41,178914
19985,0.001502,172.31.46.0-255,66,135838,41,178914
19986,0.001532,74.125.130.0-255,5738,141576,41,178914
19987,0.001535,172.31.46.0-255,66,141642,41,178914
19988,0.00154,74.125.130.0-255,4320,145962,41,178914
19989,0.001542,172.31.46.0-255,66,146028,41,178914
19990,0.001548,74.125.130.0-255,4320,150348,41,178914
19991,0.001569,172.31.46.0-255,66,150414,41,178914
19992,0.001586,74.125.130.0-255,1484,151898,41,178914
19993,0.001652,74.125.130.0-255,4320,156218,41,178914
19994,0.001665,74.125.130.0-255,2902,159120,41,178914
19995,0.001685,172.31.46.0-255,66,159186,41,178914
19996,0.001702,74.125.130.0-255,2184,161370,41,178914
19997,0.001721,172.31.46.0-255,66,161436,41,178914
19998,0.003828,74.125.130.0-255,5738,167174,41,178914
19999,0.003843,172.31.46.0-255,66,167240,41,178914
20000,0.005941,74.125.130.0-255,5738,172978,41,178914
20001,0.005951,172.31.46.0-255,66,173044,41,178914
20002,0.008037,74.125.130.0-255,4320,177364,41,178914
20003,0.008042,172.31.46.0-255,66,177430,41,178914
20004,0.008072,74.125.130.0-255,1484,178914,41,178914
20005,0.0,74.125.130.0-255,153,153,41,273901
20006,2.3e-05,172.31.46.0-255,66,219,41,273901
20007,3e-05,74.125.130.0-255,1484,1703,41,273901
20008,3.4e-05,172.31.46.0-255,66,1769,41,273901
20009,4.7e-05,74.125.130.0-255,2902,4671,41,273901
20010,5e-05,172.31.46.0-255,66,4737,41,273901
20011,5.6e-05,74.125.130.0-255,4320,9057,41,273901
20012,5.9e-05,172.31.46.0-255,66,9123,41,273901
20013,9.9e-05,74.125.130.0-255,4947,14070,41,273901
20014,0.000103,172.31.46.0-255,66,14136,41,273901
20015,0.000342,74.125.130.0-255,1484,15620,41,273901
20016,0.000345,172.31.46.0-255,66,15686,41,273901
20017,0.000364,74.125.130.0-255,2902,18588,41,273901
20018,0.000367,172.31.46.0-255,66,18654,41,273901
20019,0.000394,74.125.130.0-255,4320,22974,41,273901
20020,0.000397,172.31.46.0-255,66,23040,41,273901
20021,0.000428,172.31.46.0-255,66,23106,41,273901
20022,0.000707,74.125.130.0-255,1484,24590,41,273901
20023,0.000711,172.31.46.0-255,66,24656,41,273901
20024,0.000715,74.125.130.0-255,1484,26140,41,273901
20025,0.000717,172.31.46.0-255,66,26206,41,273901
20026,0.000721,74.125.130.0-255,2902,29108,41,273901
20027,0.000728,172.31.46.0-255,66,29174,41,273901
20028,0.000763,74.125.130.0-255,5738,34912,41,273901
20029,0.000766,172.31.46.0-255,66,34978,41,273901
20030,0.000773,74.125.130.0-255,5379,40357,41,273901
20031,0.000775,172.31.46.0-255,66,40423,41,273901
20032,0.000808,74.125.130.0-255,5738,46161,41,273901
20033,0.000811,172.31.46.0-255,66,46227,41,273901
20034,0.000816,74.125.130.0-255,1484,47711,41,273901
20035,0.000818,172.31.46.0-255,66,47777,41,273901
20036,0.000854,172.31.46.0-255,66,47843,41,273901
20037,0.001552,74.125.130.0-255,645,48488,41,273901
20038,0.001696,172.31.46.0-255,66,48554,41,273901
20039,0.001743,74.125.130.0-255,1484,50038,41,273901
20040,0.00177,74.125.130.0-255,2902,52940,41,273901
20041,0.001773,172.31.46.0-255,66,53006,41,273901
20042,0.001777,74.125.130.0-255,1484,54490,41,273901
20043,0.0018,74.125.130.0-255,2902,57392,41,273901
20044,0.001803,172.31.46.0-255,66,57458,41,273901
20045,0.001839,74.125.130.0-255,4320,61778,41,273901
20046,0.001842,172.31.46.0-255,66,61844,41,273901
20047,0.001871,74.125.130.0-255,1484,63328,41,273901
20048,0.001882,172.31.46.0-255,66,63394,41,273901
20049,0.001892,172.31.46.0-255,66,63460,41,273901
20050,0.001941,74.125.130.0-255,5020,68480,41,273901
20051,0.001944,172.31.46.0-255,66,68546,41,273901
20052,0.002423,74.125.130.0-255,1484,70030,41,273901
20053,0.002434,74.125.130.0-255,2902,72932,41,273901
20054,0.002438,172.31.46.0-255,66,72998,41,273901
20055,0.002445,74.125.130.0-255,4320,77318,41,273901
20056,0.002448,172.31.46.0-255,66,77384,41,273901
20057,0.002472,74.125.130.0-255,1484,78868,41,273901
20058,0.002498,74.125.130.0-255,5738,84606,41,273901
20059,0.0025,172.31.46.0-255,66,84672,41,273901
20060,0.002538,172.31.46.0-255,66,84738,41,273901
20061,0.002548,172.31.46.0-255,66,84804,41,273901
20062,0.002575,74.125.130.0-255,2184,86988,41,273901
20063,0.002577,172.31.46.0-255,66,87054,41,273901
20064,0.002809,74.125.130.0-255,1484,88538,41,273901
20065,0.002828,74.125.130.0-255,2902,91440,41,273901
20066,0.002832,172.31.46.0-255,66,91506,41,273901
20067,0.002838,74.125.130.0-255,2902,94408,41,273901
20068,0.00284,172.31.46.0-255,66,94474,41,273901
20069,0.002851,74.125.130.0-255,4320,98794,41,273901
20070,0.002853,172.31.46.0-255,66,98860,41,273901
20071,0.002859,74.125.130.0-255,2902,101762,41,273901
20072,0.002878,172.31.46.0-255,66,101828,41,273901
20073,0.002901,74.125.130.0-255,5738,107566,41,273901
20074,0.002904,172.31.46.0-255,66,107632,41,273901
20075,0.00293,172.31.46.0-255,66,107698,41,273901
20076,0.002935,74.125.130.0-255,2902,110600,41,273901
20077,0.002937,172.31.46.0-255,66,110666,41,273901
20078,0.002956,74.125.130.0-255,1484,112150,41,273901
20079,0.00296,74.125.130.0-255,1484,113634,41,273901
20080,0.002962,172.31.46.0-255,66,113700,41,273901
20081,0.002965,74.125.130.0-255,766,114466,41,273901
20082,0.002999,74.125.130.0-255,2902,117368,41,273901
20083,0.003003,172.31.46.0-255,66,117434,41,273901
20084,0.003026,172.31.46.0-255,66,117500,41,273901
20085,0.00307,172.31.46.0-255,66,117566,41,273901
20086,0.00309,74.125.130.0-255,1484,119050,41,273901
20087,0.003098,74.125.130.0-255,5738,124788,41,273901
20088,0.0031,172.31.46.0-255,66,124854,41,273901
20089,0.003109,172.31.46.0-255,66,124920,41,273901
20090,0.00318,74.125.130.0-255,1484,126404,41,273901
20091,0.003195,74.125.130.0-255,2902,129306,41,273901
20092,0.003198,172.31.46.0-255,66,129372,41,273901
20093,0.003233,74.125.130.0-255,5738,135110,41,273901
20094,0.003236,172.31.46.0-255,66,135176,41,273901
20095,0.003241,74.125.130.0-255,2902,138078,41,273901
20096,0.003243,172.31.46.0-255,66,138144,41,273901
20097,0.003245,74.125.130.0-255,1484,139628,41,273901
20098,0.003286,74.125.130.0-255,5738,145366,41,273901
20099,0.003289,172.31.46.0-255,66,145432,41,273901
20100,0.003296,74.125.130.0-255,5738,151170,41,273901
20101,0.003298,172.31.46.0-255,66,151236,41,273901
20102,0.003301,74.125.130.0-255,1484,152720,41,273901
20103,0.003328,74.125.130.0-255,1484,154204,41,273901
20104,0.00333,172.31.46.0-255,66,154270,41,273901
20105,0.003336,74.125.130.0-255,4320,158590,41,273901
20106,0.003339,172.31.46.0-255,66,158656,41,273901
20107,0.003341,74.125.130.0-255,766,159422,41,273901
20108,0.003469,74.125.130.0-255,1484,160906,41,273901
20109,0.003472,172.31.46.0-255,66,160972,41,273901
20110,0.003477,74.125.130.0-255,2902,163874,41,273901
20111,0.00348,172.31.46.0-255,66,163940,41,273901
20112,0.003483,74.125.130.0-255,1484,165424,41,273901
20113,0.003512,74.125.130.0-255,2902,168326,41,273901
20114,0.003515,172.31.46.0-255,66,168392,41,273901
20115,0.003527,74.125.130.0-255,5738,174130,41,273901
20116,0.003529,172.31.46.0-255,66,174196,41,273901
20117,0.003568,172.31.46.0-255,66,174262,41,273901
20118,0.003587,74.125.130.0-255,4320,178582,41,273901
20119,0.003589,172.31.46.0-255,66,178648,41,273901
20120,0.003622,172.31.46.0-255,66,178714,41,273901
20121,0.003627,74.125.130.0-255,4320,183034,41,273901
20122,0.003629,172.31.46.0-255,66,183100,41,273901
20123,0.003647,172.31.46.0-255,66,183166,41,273901
20124,0.003686,172.31.46.0-255,66,183232,41,273901
20125,0.003695,172.31.46.0-255,66,183298,41,273901
20126,0.003699,74.125.130.0-255,2902,186200,41,273901
20127,0.003702,172.31.46.0-255,66,186266,41,273901
20128,0.003728,74.125.130.0-255,766,187032,41,273901
20129,0.004188,74.125.130.0-255,1484,188516,41,273901
20130,0.00419,172.31.46.0-255,66,188582,41,273901
20131,0.004219,74.125.130.0-255,2902,191484,41,273901
20132,0.004222,172.31.46.0-255,66,191550,41,273901
20133,0.004226,74.125.130.0-255,2902,194452,41,273901
20134,0.004228,172.31.46.0-255,66,194518,41,273901
20135,0.004231,74.125.130.0-255,1484,196002,41,273901
20136,0.004261,74.125.130.0-255,5738,201740,41,273901
20137,0.004264,172.31.46.0-255,66,201806,41,273901
20138,0.00427,74.125.130.0-255,4320,206126,41,273901
20139,0.004272,172.31.46.0-255,66,206192,41,273901
20140,0.004278,74.125.130.0-255,5738,211930,41,273901
20141,0.004281,172.31.46.0-255,66,211996,41,273901
20142,0.004295,74.125.130.0-255,4320,216316,41,273901
20143,0.004298,172.31.46.0-255,66,216382,41,273901
20144,0.004315,74.125.130.0-255,1484,217866,41,273901
20145,0.004319,74.125.130.0-255,2902,220768,41,273901
20146,0.004322,172.31.46.0-255,66,220834,41,273901
20147,0.004325,74.125.130.0-255,766,221600,41,273901
20148,0.004409,74.125.130.0-255,1484,223084,41,273901
20149,0.004424,74.125.130.0-255,2902,225986,41,273901
20150,0.004443,74.125.130.0-255,5738,231724,41,273901
20151,0.00446,74.125.130.0-255,4320,236044,41,273901
20152,0.00447,74.125.130.0-255,1484,237528,41,273901
20153,0.004484,74.125.130.0-255,1484,239012,41,273901
20154,0.004503,74.125.130.0-255,5738,244750,41,273901
20155,0.004506,74.125.130.0-255,1484,246234,41,273901
20156,0.00453,74.125.130.0-255,5738,251972,41,273901
20157,0.004549,74.125.130.0-255,1484,253456,41,273901
20158,0.004572,74.125.130.0-255,2902,256358,41,273901
20159,0.004644,74.125.130.0-255,5738,262096,41,273901
20160,0.004686,74.125.130.0-255,3602,265698,41,273901
20161,0.004706,74.125.130.0-255,4320,270018,41,273901
20162,0.004719,74.125.130.0-255,2902,272920,41,273901
20163,0.00473,74.125.130.0-255,709,273629,41,273901
20164,0.00477,74.125.130.0-255,105,273734,41,273901
20165,0.007615,172.31.46.0-255,66,273800,41,273901
20166,0.008593,172.31.46.0-255,101,273901,41,273901
20167,0.0,172.217.194.0-255,155,155,41,186663
20168,1.5e-05,172.31.46.0-255,66,221,41,186663
20169,2.1e-05,172.217.194.0-255,1484,1705,41,186663
20170,2.5e-05,172.31.46.0-255,66,1771,41,186663
20171,5.6e-05,172.217.194.0-255,2902,4673,41,186663
20172,6.4e-05,172.31.46.0-255,66,4739,41,186663
20173,6.7e-05,172.217.194.0-255,1484,6223,41,186663
20174,6.9e-05,172.31.46.0-255,66,6289,41,186663
20175,8.8e-05,172.217.194.0-255,1484,7773,41,186663
20176,9.5e-05,172.31.46.0-255,66,7839,41,186663
20177,0.000114,172.217.194.0-255,4320,12159,41,186663
20178,0.000117,172.31.46.0-255,66,12225,41,186663
20179,0.000148,172.217.194.0-255,2054,14279,41,186663
20180,0.000151,172.31.46.0-255,66,14345,41,186663
20181,0.000161,172.31.46.0-255,66,14411,41,186663
20182,0.000191,172.217.194.0-255,1484,15895,41,186663
20183,0.000193,172.31.46.0-255,66,15961,41,186663
20184,0.000199,172.217.194.0-255,4320,20281,41,186663
20185,0.000202,172.31.46.0-255,66,20347,41,186663
20186,0.000233,172.217.194.0-255,3961,24308,41,186663
20187,0.000236,172.31.46.0-255,66,24374,41,186663
20188,0.000782,172.217.194.0-255,1484,25858,41,186663
20189,0.000788,172.31.46.0-255,66,25924,41,186663
20190,0.000797,172.217.194.0-255,2902,28826,41,186663
20191,0.000799,172.31.46.0-255,66,28892,41,186663
20192,0.000841,172.217.194.0-255,5738,34630,41,186663
20193,0.000844,172.31.46.0-255,66,34696,41,186663
20194,0.001342,172.217.194.0-255,1484,36180,41,186663
20195,0.001349,172.31.46.0-255,66,36246,41,186663
20196,0.001356,172.217.194.0-255,2902,39148,41,186663
20197,0.001358,172.31.46.0-255,66,39214,41,186663
20198,0.001399,172.217.194.0-255,2543,41757,41,186663
20199,0.001401,172.31.46.0-255,66,41823,41,186663
20200,0.001406,172.217.194.0-255,2902,44725,41,186663
20201,0.001407,172.31.46.0-255,66,44791,41,186663
20202,0.001467,172.31.46.0-255,66,44857,41,186663
20203,0.001473,172.217.194.0-255,4320,49177,41,186663
20204,0.001475,172.31.46.0-255,66,49243,41,186663
20205,0.001502,172.217.194.0-255,2831,52074,41,186663
20206,0.001505,172.31.46.0-255,66,52140,41,186663
20207,0.002332,172.217.194.0-255,366,52506,41,186663
20208,0.005025,172.217.194.0-255,1484,53990,41,186663
20209,0.00503,172.31.46.0-255,66,54056,41,186663
20210,0.005036,172.217.194.0-255,2902,56958,41,186663
20211,0.005039,172.31.46.0-255,66,57024,41,186663
20212,0.005051,172.217.194.0-255,4320,61344,41,186663
20213,0.005053,172.31.46.0-255,66,61410,41,186663
20214,0.005084,172.217.194.0-255,1484,62894,41,186663
20215,0.005089,172.217.194.0-255,2902,65796,41,186663
20216,0.005091,172.31.46.0-255,66,65862,41,186663
20217,0.005108,172.31.46.0-255,66,65928,41,186663
20218,0.005132,172.217.194.0-255,4320,70248,41,186663
20219,0.005135,172.31.46.0-255,66,70314,41,186663
20220,0.005166,172.31.46.0-255,66,70380,41,186663
20221,0.005869,172.217.194.0-255,1484,71864,41,186663
20222,0.005878,172.217.194.0-255,2902,74766,41,186663
20223,0.005882,172.31.46.0-255,66,74832,41,186663
20224,0.005918,172.217.194.0-255,5738,80570,41,186663
20225,0.005921,172.31.46.0-255,66,80636,41,186663
20226,0.005932,172.31.46.0-255,66,80702,41,186663
20227,0.005956,172.217.194.0-255,1484,82186,41,186663
20228,0.005969,172.31.46.0-255,66,82252,41,186663
20229,0.005995,172.217.194.0-255,1484,83736,41,186663
20230,0.005998,172.217.194.0-255,1484,85220,41,186663
20231,0.006,172.31.46.0-255,66,85286,41,186663
20232,0.00603,172.217.194.0-255,4320,89606,41,186663
20233,0.006032,172.31.46.0-255,66,89672,41,186663
20234,0.006058,172.217.194.0-255,766,90438,41,186663
20235,0.006066,172.217.194.0-255,5738,96176,41,186663
20236,0.006068,172.31.46.0-255,66,96242,41,186663
20237,0.006074,172.217.194.0-255,5738,101980,41,186663
20238,0.006077,172.31.46.0-255,66,102046,41,186663
20239,0.006108,172.31.46.0-255,66,102112,41,186663
20240,0.006113,172.217.194.0-255,2902,105014,41,186663
20241,0.006115,172.31.46.0-255,66,105080,41,186663
20242,0.006148,172.217.194.0-255,1484,106564,41,186663
20243,0.006176,172.31.46.0-255,66,106630,41,186663
20244,0.006207,172.217.194.0-255,5738,112368,41,186663
20245,0.006211,172.31.46.0-255,66,112434,41,186663
20246,0.006244,172.217.194.0-255,2902,115336,41,186663
20247,0.006249,172.31.46.0-255,66,115402,41,186663
20248,0.00626,172.31.46.0-255,66,115468,41,186663
20249,0.006277,172.31.46.0-255,66,115534,41,186663
20250,0.006306,172.217.194.0-255,3602,119136,41,186663
20251,0.006309,172.31.46.0-255,66,119202,41,186663
20252,0.006368,172.217.194.0-255,1484,120686,41,186663
20253,0.006393,172.217.194.0-255,2902,123588,41,186663
20254,0.006396,172.31.46.0-255,66,123654,41,186663
20255,0.006403,172.217.194.0-255,5738,129392,41,186663
20256,0.006406,172.31.46.0-255,66,129458,41,186663
20257,0.006428,172.217.194.0-255,4320,133778,41,186663
20258,0.006431,172.31.46.0-255,66,133844,41,186663
20259,0.006477,172.31.46.0-255,66,133910,41,186663
20260,0.006492,172.31.46.0-255,66,133976,41,186663
20261,0.006549,172.217.194.0-255,5738,139714,41,186663
20262,0.006552,172.31.46.0-255,66,139780,41,186663
20263,0.00659,172.31.46.0-255,66,139846,41,186663
20264,0.006615,172.31.46.0-255,66,139912,41,186663
20265,0.006625,172.31.46.0-255,66,139978,41,186663
20266,0.006638,172.31.46.0-255,66,140044,41,186663
20267,0.006652,172.31.46.0-255,66,140110,41,186663
20268,0.006663,172.31.46.0-255,66,140176,41,186663
20269,0.006723,172.217.194.0-255,5738,145914,41,186663
20270,0.006726,172.31.46.0-255,66,145980,41,186663
20271,0.006757,172.217.194.0-255,4320,150300,41,186663
20272,0.00676,172.31.46.0-255,66,150366,41,186663
20273,0.006763,172.217.194.0-255,1484,151850,41,186663
20274,0.006782,172.31.46.0-255,66,151916,41,186663
20275,0.006852,172.217.194.0-255,3602,155518,41,186663
20276,0.006856,172.217.194.0-255,2902,158420,41,186663
20277,0.006877,172.217.194.0-255,4320,162740,41,186663
20278,0.006883,172.217.194.0-255,4320,167060,41,186663
20279,0.006901,172.217.194.0-255,4320,171380,41,186663
20280,0.006943,172.217.194.0-255,4320,175700,41,186663
20281,0.006973,172.217.194.0-255,766,176466,41,186663
20282,0.006976,172.217.194.0-255,1484,177950,41,186663
20283,0.006997,172.217.194.0-255,4320,182270,41,186663
20284,0.007011,172.217.194.0-255,4117,186387,41,186663
20285,0.007076,172.217.194.0-255,105,186492,41,186663
20286,0.0073,172.31.46.0-255,66,186558,41,186663
20287,0.00959,172.31.46.0-255,105,186663,41,186663
20288,0.0,172.217.194.0-255,153,153,41,115604
20289,2.5e-05,172.31.46.0-255,66,219,41,115604
20290,3.2e-05,172.217.194.0-255,1484,1703,41,115604
20291,3.7e-05,172.31.46.0-255,66,1769,41,115604
20292,5.1e-05,172.217.194.0-255,2902,4671,41,115604
20293,5.5e-05,172.31.46.0-255,66,4737,41,115604
20294,6.5e-05,172.31.46.0-255,66,4803,41,115604
20295,8e-05,172.31.46.0-255,66,4869,41,115604
20296,9.8e-05,172.217.194.0-255,2902,7771,41,115604
20297,0.000101,172.31.46.0-255,66,7837,41,115604
20298,0.000122,172.217.194.0-255,2543,10380,41,115604
20299,0.000129,172.31.46.0-255,66,10446,41,115604
20300,0.000154,172.217.194.0-255,1484,11930,41,115604
20301,0.000157,172.31.46.0-255,66,11996,41,115604
20302,0.000162,172.217.194.0-255,2902,14898,41,115604
20303,0.000164,172.31.46.0-255,66,14964,41,115604
20304,0.000169,172.217.194.0-255,2902,17866,41,115604
20305,0.000171,172.31.46.0-255,66,17932,41,115604
20306,0.000198,172.217.194.0-255,2902,20834,41,115604
20307,0.0002,172.31.46.0-255,66,20900,41,115604
20308,0.000211,172.31.46.0-255,66,20966,41,115604
20309,0.000247,172.217.194.0-255,5379,26345,41,115604
20310,0.00025,172.31.46.0-255,66,26411,41,115604
20311,0.000261,172.31.46.0-255,66,26477,41,115604
20312,0.000286,172.217.194.0-255,1435,27912,41,115604
20313,0.000288,172.31.46.0-255,66,27978,41,115604
20314,0.000291,172.217.194.0-255,376,28354,41,115604
20315,0.000293,172.31.46.0-255,66,28420,41,115604
20316,0.000512,172.217.194.0-255,1484,29904,41,115604
20317,0.000517,172.31.46.0-255,66,29970,41,115604
20318,0.000524,172.217.194.0-255,2902,32872,41,115604
20319,0.000527,172.31.46.0-255,66,32938,41,115604
20320,0.000539,172.217.194.0-255,5738,38676,41,115604
20321,0.000548,172.31.46.0-255,66,38742,41,115604
20322,0.000601,172.217.194.0-255,4320,43062,41,115604
20323,0.000616,172.31.46.0-255,66,43128,41,115604
20324,0.000653,172.31.46.0-255,66,43194,41,115604
20325,0.000858,172.217.194.0-255,1484,44678,41,115604
20326,0.000863,172.217.194.0-255,2902,47580,41,115604
20327,0.000872,172.31.46.0-255,66,47646,41,115604
20328,0.000892,172.217.194.0-255,5738,53384,41,115604
20329,0.00091,172.217.194.0-255,5738,59122,41,115604
20330,0.000928,172.217.194.0-255,2902,62024,41,115604
20331,0.000937,172.31.46.0-255,66,62090,41,115604
20332,0.000966,172.217.194.0-255,2184,64274,41,115604
20333,0.000969,172.217.194.0-255,1484,65758,41,115604
20334,0.000978,172.31.46.0-255,66,65824,41,115604
20335,0.000987,172.217.194.0-255,1484,67308,41,115604
20336,0.00101,172.31.46.0-255,66,67374,41,115604
20337,0.001055,172.31.46.0-255,66,67440,41,115604
20338,0.001066,172.217.194.0-255,4320,71760,41,115604
20339,0.001071,172.31.46.0-255,66,71826,41,115604
20340,0.001091,172.217.194.0-255,3602,75428,41,115604
20341,0.001147,172.31.46.0-255,66,75494,41,115604
20342,0.001175,172.217.194.0-255,5738,81232,41,115604
20343,0.001185,172.31.46.0-255,66,81298,41,115604
20344,0.001257,172.31.46.0-255,66,81364,41,115604
20345,0.001309,172.217.194.0-255,1484,82848,41,115604
20346,0.001357,172.31.46.0-255,66,82914,41,115604
20347,0.00141,172.217.194.0-255,2902,85816,41,115604
20348,0.001427,172.31.46.0-255,66,85882,41,115604
20349,0.00145,172.217.194.0-255,2184,88066,41,115604
20350,0.001457,172.31.46.0-255,66,88132,41,115604
20351,0.001854,172.217.194.0-255,1484,89616,41,115604
20352,0.001861,172.217.194.0-255,2902,92518,41,115604
20353,0.001879,172.31.46.0-255,66,92584,41,115604
20354,0.001887,172.217.194.0-255,5738,98322,41,115604
20355,0.00189,172.217.194.0-255,1484,99806,41,115604
20356,0.001926,172.31.46.0-255,66,99872,41,115604
20357,0.001975,172.31.46.0-255,66,99938,41,115604
20358,0.002014,172.217.194.0-255,1484,101422,41,115604
20359,0.002026,172.31.46.0-255,66,101488,41,115604
20360,0.002052,172.217.194.0-255,5738,107226,41,115604
20361,0.002057,172.31.46.0-255,66,107292,41,115604
20362,0.002144,172.217.194.0-255,2902,110194,41,115604
20363,0.002153,172.31.46.0-255,66,110260,41,115604
20364,0.002176,172.217.194.0-255,5002,115262,41,115604
20365,0.002179,172.217.194.0-255,105,115367,41,115604
20366,0.00219,172.31.46.0-255,66,115433,41,115604
20367,0.004221,172.31.46.0-255,105,115538,41,115604
20368,0.006521,172.217.194.0-255,66,115604,41,115604
20369,0.0,172.217.194.0-255,145,145,41,210461
20370,2.2e-05,172.31.46.0-255,66,211,41,210461
20371,2.9e-05,172.217.194.0-255,1484,1695,41,210461
20372,3.4e-05,172.31.46.0-255,66,1761,41,210461
20373,4e-05,172.217.194.0-255,2902,4663,41,210461
20374,4.4e-05,172.31.46.0-255,66,4729,41,210461
20375,7.9e-05,172.31.46.0-255,66,4795,41,210461
20376,8.3e-05,172.217.194.0-255,2106,6901,41,210461
20377,8.5e-05,172.31.46.0-255,66,6967,41,210461
20378,0.000124,172.217.194.0-255,4320,11287,41,210461
20379,0.000126,172.31.46.0-255,66,11353,41,210461
20380,0.000146,172.217.194.0-255,2902,14255,41,210461
20381,0.000149,172.31.46.0-255,66,14321,41,210461
20382,0.000159,172.31.46.0-255,66,14387,41,210461
20383,0.000203,172.31.46.0-255,66,14453,41,210461
20384,0.000243,172.217.194.0-255,4320,18773,41,210461
20385,0.000246,172.31.46.0-255,66,18839,41,210461
20386,0.00026,172.217.194.0-255,3602,22441,41,210461
20387,0.000262,172.31.46.0-255,66,22507,41,210461
20388,0.000383,172.217.194.0-255,1484,23991,41,210461
20389,0.000388,172.31.46.0-255,66,24057,41,210461
20390,0.000394,172.217.194.0-255,2902,26959,41,210461
20391,0.000396,172.31.46.0-255,66,27025,41,210461
20392,0.000415,172.217.194.0-255,5738,32763,41,210461
20393,0.000418,172.31.46.0-255,66,32829,41,210461
20394,0.000439,172.217.194.0-255,4320,37149,41,210461
20395,0.000442,172.31.46.0-255,66,37215,41,210461
20396,0.000471,172.217.194.0-255,2816,40031,41,210461
20397,0.000474,172.31.46.0-255,66,40097,41,210461
20398,0.000555,172.217.194.0-255,1484,41581,41,210461
20399,0.000574,172.217.194.0-255,2902,44483,41,210461
20400,0.000577,172.31.46.0-255,66,44549,41,210461
20401,0.000593,172.217.194.0-255,5738,50287,41,210461
20402,0.000597,172.31.46.0-255,66,50353,41,210461
20403,0.000648,172.217.194.0-255,2902,53255,41,210461
20404,0.000653,172.31.46.0-255,66,53321,41,210461
20405,0.000656,172.31.46.0-255,66,53387,41,210461
20406,0.000707,172.217.194.0-255,4320,57707,41,210461
20407,0.000711,172.31.46.0-255,66,57773,41,210461
20408,0.000725,172.217.194.0-255,3602,61375,41,210461
20409,0.000727,172.31.46.0-255,66,61441,41,210461
20410,0.000767,172.31.46.0-255,66,61507,41,210461
20411,0.00078,172.31.46.0-255,66,61573,41,210461
20412,0.000802,172.31.46.0-255,66,61639,41,210461
20413,0.000825,172.217.194.0-255,1484,63123,41,210461
20414,0.000844,172.217.194.0-255,4756,67879,41,210461
20415,0.000847,172.31.46.0-255,66,67945,41,210461
20416,0.000979,172.217.194.0-255,1484,69429,41,210461
20417,0.001,172.217.194.0-255,2902,72331,41,210461
20418,0.001003,172.31.46.0-255,66,72397,41,210461
20419,0.001027,172.217.194.0-255,5738,78135,41,210461
20420,0.00103,172.31.46.0-255,66,78201,41,210461
20421,0.001047,172.217.194.0-255,1484,79685,41,210461
20422,0.001071,172.31.46.0-255,66,79751,41,210461
20423,0.001086,172.217.194.0-255,1484,81235,41,210461
20424,0.001099,172.31.46.0-255,66,81301,41,210461
20425,0.00112,172.217.194.0-255,3602,84903,41,210461
20426,0.001123,172.31.46.0-255,66,84969,41,210461
20427,0.001256,172.217.194.0-255,1484,86453,41,210461
20428,0.001286,172.217.194.0-255,2902,89355,41,210461
20429,0.00129,172.31.46.0-255,66,89421,41,210461
20430,0.001296,172.217.194.0-255,5738,95159,41,210461
20431,0.001299,172.31.46.0-255,66,95225,41,210461
20432,0.001357,172.31.46.0-255,66,95291,41,210461
20433,0.001362,172.217.194.0-255,1484,96775,41,210461
20434,0.001367,172.217.194.0-255,2902,99677,41,210461
20435,0.001369,172.31.46.0-255,66,99743,41,210461
20436,0.001374,172.217.194.0-255,4320,104063,41,210461
20437,0.001376,172.31.46.0-255,66,104129,41,210461
20438,0.001411,172.217.194.0-255,1484,105613,41,210461
20439,0.001417,172.217.194.0-255,3602,109215,41,210461
20440,0.00142,172.31.46.0-255,66,109281,41,210461
20441,0.001423,172.217.194.0-255,1484,110765,41,210461
20442,0.001442,172.217.194.0-255,2902,113667,41,210461
20443,0.001445,172.31.46.0-255,66,113733,41,210461
20444,0.00145,172.217.194.0-255,4320,118053,41,210461
20445,0.001452,172.31.46.0-255,66,118119,41,210461
20446,0.001472,172.217.194.0-255,4320,122439,41,210461
20447,0.001475,172.31.46.0-255,66,122505,41,210461
20448,0.001487,172.31.46.0-255,66,122571,41,210461
20449,0.001521,172.31.46.0-255,66,122637,41,210461
20450,0.001539,172.217.194.0-255,2184,124821,41,210461
20451,0.001541,172.31.46.0-255,66,124887,41,210461
20452,0.001631,172.217.194.0-255,1484,126371,41,210461
20453,0.001646,172.217.194.0-255,2902,129273,41,210461
20454,0.001649,172.31.46.0-255,66,129339,41,210461
20455,0.001674,172.217.194.0-255,5738,135077,41,210461
20456,0.001677,172.31.46.0-255,66,135143,41,210461
20457,0.001721,172.31.46.0-255,66,135209,41,210461
20458,0.001731,172.31.46.0-255,66,135275,41,210461
20459,0.001753,172.217.194.0-255,1484,136759,41,210461
20460,0.001757,172.217.194.0-255,2184,138943,41,210461
20461,0.001759,172.31.46.0-255,66,139009,41,210461
20462,0.002116,172.217.194.0-255,1484,140493,41,210461
20463,0.002135,172.217.194.0-255,2902,143395,41,210461
20464,0.002139,172.31.46.0-255,66,143461,41,210461
20465,0.002146,172.217.194.0-255,5738,149199,41,210461
20466,0.002149,172.31.46.0-255,66,149265,41,210461
20467,0.002184,172.31.46.0-255,66,149331,41,210461
20468,0.002205,172.31.46.0-255,66,149397,41,210461
20469,0.002236,172.31.46.0-255,66,149463,41,210461
20470,0.00224,172.217.194.0-255,2184,151647,41,210461
20471,0.002242,172.31.46.0-255,66,151713,41,210461
20472,0.002272,172.217.194.0-255,4320,156033,41,210461
20473,0.002274,172.31.46.0-255,66,156099,41,210461
20474,0.002298,172.31.46.0-255,66,156165,41,210461
20475,0.002339,172.31.46.0-255,66,156231,41,210461
20476,0.002362,172.217.194.0-255,5738,161969,41,210461
20477,0.002365,172.31.46.0-255,66,162035,41,210461
20478,0.002371,172.217.194.0-255,5738,167773,41,210461
20479,0.002373,172.31.46.0-255,66,167839,41,210461
20480,0.002378,172.217.194.0-255,3602,171441,41,210461
20481,0.00238,172.31.46.0-255,66,171507,41,210461
20482,0.002424,172.217.194.0-255,1484,172991,41,210461
20483,0.002445,172.217.194.0-255,2902,175893,41,210461
20484,0.002448,172.31.46.0-255,66,175959,41,210461
20485,0.002454,172.217.194.0-255,4320,180279,41,210461
20486,0.002456,172.31.46.0-255,66,180345,41,210461
20487,0.00247,172.217.194.0-255,1484,181829,41,210461
20488,0.002491,172.217.194.0-255,1484,183313,41,210461
20489,0.002494,172.31.46.0-255,66,183379,41,210461
20490,0.002498,172.217.194.0-255,2902,186281,41,210461
20491,0.0025,172.31.46.0-255,66,186347,41,210461
20492,0.002519,172.217.194.0-255,5738,192085,41,210461
20493,0.002521,172.31.46.0-255,66,192151,41,210461
20494,0.002555,172.31.46.0-255,66,192217,41,210461
20495,0.002575,172.217.194.0-255,4320,196537,41,210461
20496,0.002577,172.31.46.0-255,66,196603,41,210461
20497,0.002596,172.217.194.0-255,2184,198787,41,210461
20498,0.002598,172.31.46.0-255,66,198853,41,210461
20499,0.005123,172.217.194.0-255,5738,204591,41,210461
20500,0.005132,172.31.46.0-255,66,204657,41,210461
20501,0.00768,172.217.194.0-255,5738,210395,41,210461
20502,0.00769,172.31.46.0-255,66,210461,41,210461
20503,0.0,74.125.200.0-255,150,150,41,228863
20504,1.7e-05,172.31.46.0-255,66,216,41,228863
20505,2.3e-05,74.125.200.0-255,1484,1700,41,228863
20506,2.8e-05,172.31.46.0-255,66,1766,41,228863
20507,3.3e-05,74.125.200.0-255,2902,4668,41,228863
20508,3.6e-05,172.31.46.0-255,66,4734,41,228863
20509,5.4e-05,74.125.200.0-255,5738,10472,41,228863
20510,5.7e-05,172.31.46.0-255,66,10538,41,228863
20511,5.9e-05,74.125.200.0-255,1484,12022,41,228863
20512,6.1e-05,172.31.46.0-255,66,12088,41,228863
20513,8.2e-05,74.125.200.0-255,2042,14130,41,228863
20514,8.4e-05,172.31.46.0-255,66,14196,41,228863
20515,8.9e-05,74.125.200.0-255,4320,18516,41,228863
20516,9.1e-05,172.31.46.0-255,66,18582,41,228863
20517,0.000117,74.125.200.0-255,4320,22902,41,228863
20518,0.00012,172.31.46.0-255,66,22968,41,228863
20519,0.000142,74.125.200.0-255,5738,28706,41,228863
20520,0.000144,172.31.46.0-255,66,28772,41,228863
20521,0.000162,74.125.200.0-255,2543,31315,41,228863
20522,0.000164,172.31.46.0-255,66,31381,41,228863
20523,0.000317,74.125.200.0-255,1484,32865,41,228863
20524,0.000321,172.31.46.0-255,66,32931,41,228863
20525,0.000327,74.125.200.0-255,2902,35833,41,228863
20526,0.000329,172.31.46.0-255,66,35899,41,228863
20527,0.000352,74.125.200.0-255,5738,41637,41,228863
20528,0.000355,172.31.46.0-255,66,41703,41,228863
20529,0.000378,172.31.46.0-255,66,41769,41,228863
20530,0.000396,74.125.200.0-255,4320,46089,41,228863
20531,0.000398,172.31.46.0-255,66,46155,41,228863
20532,0.00041,74.125.200.0-255,2902,49057,41,228863
20533,0.000412,172.31.46.0-255,66,49123,41,228863
20534,0.000414,74.125.200.0-255,1484,50607,41,228863
20535,0.000447,172.31.46.0-255,66,50673,41,228863
20536,0.000503,74.125.200.0-255,131,50804,41,228863
20537,0.000595,74.125.200.0-255,1484,52288,41,228863
20538,0.0006,172.31.46.0-255,66,52354,41,228863
20539,0.00062,74.125.200.0-255,2902,55256,41,228863
20540,0.000623,172.31.46.0-255,66,55322,41,228863
20541,0.000628,74.125.200.0-255,2902,58224,41,228863
20542,0.00063,172.31.46.0-255,66,58290,41,228863
20543,0.000635,74.125.200.0-255,4320,62610,41,228863
20544,0.000638,172.31.46.0-255,66,62676,41,228863
20545,0.000674,172.31.46.0-255,66,62742,41,228863
20546,0.000684,172.31.46.0-255,66,62808,41,228863
20547,0.000729,172.31.46.0-255,66,62874,41,228863
20548,0.000753,74.125.200.0-255,346,63220,41,228863
20549,0.000797,74.125.200.0-255,1484,64704,41,228863
20550,0.000801,172.31.46.0-255,66,64770,41,228863
20551,0.000821,74.125.200.0-255,4320,69090,41,228863
20552,0.000824,172.31.46.0-255,66,69156,41,228863
20553,0.000829,74.125.200.0-255,2902,72058,41,228863
20554,0.00083,172.31.46.0-255,66,72124,41,228863
20555,0.000835,74.125.200.0-255,2902,75026,41,228863
20556,0.000837,172.31.46.0-255,66,75092,41,228863
20557,0.000859,74.125.200.0-255,1484,76576,41,228863
20558,0.000869,172.31.46.0-255,66,76642,41,228863
20559,0.000887,74.125.200.0-255,1484,78126,41,228863
20560,0.000892,74.125.200.0-255,4320,82446,41,228863
20561,0.000894,172.31.46.0-255,66,82512,41,228863
20562,0.000923,74.125.200.0-255,2902,85414,41,228863
20563,0.000926,172.31.46.0-255,66,85480,41,228863
20564,0.000947,74.125.200.0-255,5020,90500,41,228863
20565,0.00095,172.31.46.0-255,66,90566,41,228863
20566,0.000996,74.125.200.0-255,1484,92050,41,228863
20567,0.001,74.125.200.0-255,1484,93534,41,228863
20568,0.001002,172.31.46.0-255,66,93600,41,228863
20569,0.001029,74.125.200.0-255,1484,95084,41,228863
20570,0.001037,74.125.200.0-255,5738,100822,41,228863
20571,0.00104,172.31.46.0-255,66,100888,41,228863
20572,0.00105,172.31.46.0-255,66,100954,41,228863
20573,0.001076,74.125.200.0-255,4320,105274,41,228863
20574,0.001079,172.31.46.0-255,66,105340,41,228863
20575,0.001103,172.31.46.0-255,66,105406,41,228863
20576,0.001108,74.125.200.0-255,2184,107590,41,228863
20577,0.00111,172.31.46.0-255,66,107656,41,228863
20578,0.001176,74.125.200.0-255,1484,109140,41,228863
20579,0.001186,74.125.200.0-255,1484,110624,41,228863
20580,0.001189,172.31.46.0-255,66,110690,41,228863
20581,0.001205,74.125.200.0-255,1484,112174,41,228863
20582,0.001218,74.125.200.0-255,2902,115076,41,228863
20583,0.00122,172.31.46.0-255,66,115142,41,228863
20584,0.001239,74.125.200.0-255,2902,118044,41,228863
20585,0.001241,172.31.46.0-255,66,118110,41,228863
20586,0.001248,74.125.200.0-255,5738,123848,41,228863
20587,0.00125,172.31.46.0-255,66,123914,41,228863
20588,0.001257,74.125.200.0-255,5738,129652,41,228863
20589,0.001259,172.31.46.0-255,66,129718,41,228863
20590,0.00129,74.125.200.0-255,1484,131202,41,228863
20591,0.001303,172.31.46.0-255,66,131268,41,228863
20592,0.001316,74.125.200.0-255,2184,133452,41,228863
20593,0.001319,172.31.46.0-255,66,133518,41,228863
20594,0.001434,74.125.200.0-255,1484,135002,41,228863
20595,0.001457,74.125.200.0-255,2902,137904,41,228863
20596,0.001461,172.31.46.0-255,66,137970,41,228863
20597,0.001484,74.125.200.0-255,5738,143708,41,228863
20598,0.001487,172.31.46.0-255,66,143774,41,228863
20599,0.001494,74.125.200.0-255,5738,149512,41,228863
20600,0.001496,172.31.46.0-255,66,149578,41,228863
20601,0.001527,172.31.46.0-255,66,149644,41,228863
20602,0.001536,74.125.200.0-255,1484,151128,41,228863
20603,0.001559,172.31.46.0-255,66,151194,41,228863
20604,0.001688,74.125.200.0-255,1484,152678,41,228863
20605,0.001693,74.125.200.0-255,1484,154162,41,228863
20606,0.001695,172.31.46.0-255,66,154228,41,228863
20607,0.001714,74.125.200.0-255,1484,155712,41,228863
20608,0.001721,74.125.200.0-255,4320,160032,41,228863
20609,0.001723,172.31.46.0-255,66,160098,41,228863
20610,0.001737,74.125.200.0-255,1484,161582,41,228863
20611,0.001775,74.125.200.0-255,2902,164484,41,228863
20612,0.001777,172.31.46.0-255,66,164550,41,228863
20613,0.001808,172.31.46.0-255,66,164616,41,228863
20614,0.001823,172.31.46.0-255,66,164682,41,228863
20615,0.001829,74.125.200.0-255,4320,169002,41,228863
20616,0.001837,172.31.46.0-255,66,169068,41,228863
20617,0.001893,74.125.200.0-255,1484,170552,41,228863
20618,0.001913,74.125.200.0-255,3602,174154,41,228863
20619,0.001917,74.125.200.0-255,2902,177056,41,228863
20620,0.001924,172.31.46.0-255,66,177122,41,228863
20621,0.001934,74.125.200.0-255,2902,180024,41,228863
20622,0.001979,74.125.200.0-255,4320,184344,41,228863
20623,0.001983,172.31.46.0-255,66,184410,41,228863
20624,0.002003,74.125.200.0-255,3602,188012,41,228863
20625,0.002028,172.31.46.0-255,66,188078,41,228863
20626,0.002034,74.125.200.0-255,4320,192398,41,228863
20627,0.002042,172.31.46.0-255,66,192464,41,228863
20628,0.00206,74.125.200.0-255,5738,198202,41,228863
20629,0.002071,172.31.46.0-255,66,198268,41,228863
20630,0.002108,74.125.200.0-255,1484,199752,41,228863
20631,0.002139,172.31.46.0-255,66,199818,41,228863
20632,0.002143,74.125.200.0-255,2902,202720,41,228863
20633,0.002149,74.125.200.0-255,5738,208458,41,228863
20634,0.002154,172.31.46.0-255,66,208524,41,228863
20635,0.002193,172.31.46.0-255,66,208590,41,228863
20636,0.002202,74.125.200.0-255,2902,211492,41,228863
20637,0.002233,74.125.200.0-255,4320,215812,41,228863
20638,0.002255,74.125.200.0-255,3602,219414,41,228863
20639,0.00226,74.125.200.0-255,5738,225152,41,228863
20640,0.002262,172.31.46.0-255,66,225218,41,228863
20641,0.002273,172.31.46.0-255,66,225284,41,228863
20642,0.002306,74.125.200.0-255,3237,228521,41,228863
20643,0.002318,74.125.200.0-255,105,228626,41,228863
20644,0.002327,172.31.46.0-255,66,228692,41,228863
20645,0.00474,172.31.46.0-255,105,228797,41,228863
20646,0.007064,74.125.200.0-255,66,228863,41,228863
20647,0.0,74.125.24.0-255,335,335,41,121509
20648,1.4e-05,172.31.46.0-255,66,401,41,121509
20649,2e-05,74.125.24.0-255,1484,1885,41,121509
20650,2.6e-05,172.31.46.0-255,66,1951,41,121509
20651,4.1e-05,74.125.24.0-255,4320,6271,41,121509
20652,4.5e-05,172.31.46.0-255,66,6337,41,121509
20653,5e-05,74.125.24.0-255,4320,10657,41,121509
20654,5.4e-05,172.31.46.0-255,66,10723,41,121509
20655,5.8e-05,74.125.24.0-255,2902,13625,41,121509
20656,6.1e-05,172.31.46.0-255,66,13691,41,121509
20657,0.000111,172.31.46.0-255,66,13757,41,121509
20658,0.000126,172.31.46.0-255,66,13823,41,121509
20659,0.000167,172.31.46.0-255,66,13889,41,121509
20660,0.000232,172.31.46.0-255,66,13955,41,121509
20661,0.000243,74.125.24.0-255,1484,15439,41,121509
20662,0.000249,172.31.46.0-255,66,15505,41,121509
20663,0.000254,74.125.24.0-255,2882,18387,41,121509
20664,0.000256,172.31.46.0-255,66,18453,41,121509
20665,0.000378,74.125.24.0-255,1484,19937,41,121509
20666,0.000382,172.31.46.0-255,66,20003,41,121509
20667,0.000387,74.125.24.0-255,1484,21487,41,121509
20668,0.000389,172.31.46.0-255,66,21553,41,121509
20669,0.000419,74.125.24.0-255,1484,23037,41,121509
20670,0.000421,172.31.46.0-255,66,23103,41,121509
20671,0.000429,74.125.24.0-255,5738,28841,41,121509
20672,0.000431,172.31.46.0-255,66,28907,41,121509
20673,0.000438,74.125.24.0-255,5738,34645,41,121509
20674,0.00044,172.31.46.0-255,66,34711,41,121509
20675,0.000477,74.125.24.0-255,4320,39031,41,121509
20676,0.000494,74.125.24.0-255,2184,41215,41,121509
20677,0.000546,74.125.24.0-255,1484,42699,41,121509
20678,0.000549,74.125.24.0-255,1484,44183,41,121509
20679,0.000562,74.125.24.0-255,1484,45667,41,121509
20680,0.00057,74.125.24.0-255,5738,51405,41,121509
20681,0.000574,74.125.24.0-255,2902,54307,41,121509
20682,0.000591,74.125.24.0-255,1484,55791,41,121509
20683,0.000596,74.125.24.0-255,2902,58693,41,121509
20684,0.000754,74.125.24.0-255,2902,61595,41,121509
20685,0.000777,172.31.46.0-255,66,61661,41,121509
20686,0.000784,172.31.46.0-255,66,61727,41,121509
20687,0.00093,74.125.24.0-255,1484,63211,41,121509
20688,0.000937,74.125.24.0-255,2902,66113,41,121509
20689,0.00094,74.125.24.0-255,1484,67597,41,121509
20690,0.000956,74.125.24.0-255,4320,71917,41,121509
20691,0.000962,172.31.46.0-255,66,71983,41,121509
20692,0.001029,172.31.46.0-255,66,72049,41,121509
20693,0.00104,74.125.24.0-255,2184,74233,41,121509
20694,0.001069,172.31.46.0-255,66,74299,41,121509
20695,0.00149,74.125.24.0-255,1484,75783,41,121509
20696,0.001506,74.125.24.0-255,2902,78685,41,121509
20697,0.001525,172.31.46.0-255,66,78751,41,121509
20698,0.001532,74.125.24.0-255,5738,84489,41,121509
20699,0.001537,172.31.46.0-255,66,84555,41,121509
20700,0.001596,172.31.46.0-255,66,84621,41,121509
20701,0.001688,74.125.24.0-255,3602,88223,41,121509
20702,0.001709,74.125.24.0-255,5020,93243,41,121509
20703,0.00172,172.31.46.0-255,66,93309,41,121509
20704,0.001732,74.125.24.0-255,1484,94793,41,121509
20705,0.001741,74.125.24.0-255,2902,97695,41,121509
20706,0.001746,74.125.24.0-255,4320,102015,41,121509
20707,0.001758,74.125.24.0-255,1484,103499,41,121509
20708,0.001765,74.125.24.0-255,5738,109237,41,121509
20709,0.001777,172.31.46.0-255,66,109303,41,121509
20710,0.00182,172.31.46.0-255,66,109369,41,121509
20711,0.001882,74.125.24.0-255,2902,112271,41,121509
20712,0.001896,74.125.24.0-255,1484,113755,41,121509
20713,0.001906,172.31.46.0-255,66,113821,41,121509
20714,0.001946,74.125.24.0-255,4320,118141,41,121509
20715,0.00197,172.31.46.0-255,66,118207,41,121509
20716,0.001976,172.31.46.0-255,66,118273,41,121509
20717,0.001998,74.125.24.0-255,2902,121175,41,121509
20718,0.002023,172.31.46.0-255,66,121241,41,121509
20719,0.002083,74.125.24.0-255,97,121338,41,121509
20720,0.002102,172.31.46.0-255,66,121404,41,121509
20721,0.002126,74.125.24.0-255,105,121509,41,121509
20722,0.0,172.31.46.0-255,66,66,41,66
20723,0.0,74.125.24.0-255,153,153,41,98771
20724,2.2e-05,172.31.46.0-255,66,219,41,98771
20725,2.8e-05,74.125.24.0-255,1484,1703,41,98771
20726,3.3e-05,172.31.46.0-255,66,1769,41,98771
20727,3.9e-05,74.125.24.0-255,2902,4671,41,98771
20728,4.1e-05,172.31.46.0-255,66,4737,41,98771
20729,5.3e-05,172.31.46.0-255,66,4803,41,98771
20730,0.00014,74.125.24.0-255,5738,10541,41,98771
20731,0.000144,172.31.46.0-255,66,10607,41,98771
20732,0.00017,172.31.46.0-255,66,10673,41,98771
20733,0.000259,74.125.24.0-255,5738,16411,41,98771
20734,0.000263,172.31.46.0-255,66,16477,41,98771
20735,0.000292,172.31.46.0-255,66,16543,41,98771
20736,0.000399,74.125.24.0-255,5738,22281,41,98771
20737,0.000403,172.31.46.0-255,66,22347,41,98771
20738,0.000458,74.125.24.0-255,2543,24890,41,98771
20739,0.000462,172.31.46.0-255,66,24956,41,98771
20740,0.000989,74.125.24.0-255,1484,26440,41,98771
20741,0.000995,172.31.46.0-255,66,26506,41,98771
20742,0.001003,74.125.24.0-255,2902,29408,41,98771
20743,0.001005,172.31.46.0-255,66,29474,41,98771
20744,0.001025,74.125.24.0-255,5738,35212,41,98771
20745,0.001027,172.31.46.0-255,66,35278,41,98771
20746,0.00108,172.31.46.0-255,66,35344,41,98771
20747,0.001142,74.125.24.0-255,5738,41082,41,98771
20748,0.001146,172.31.46.0-255,66,41148,41,98771
20749,0.001166,74.125.24.0-255,1484,42632,41,98771
20750,0.001169,172.31.46.0-255,66,42698,41,98771
20751,0.001233,172.31.46.0-255,66,42764,41,98771
20752,0.001321,172.31.46.0-255,66,42830,41,98771
20753,0.001337,74.125.24.0-255,3961,46791,41,98771
20754,0.001339,172.31.46.0-255,66,46857,41,98771
20755,0.001479,172.31.46.0-255,66,46923,41,98771
20756,0.001507,172.31.46.0-255,66,46989,41,98771
20757,0.001656,74.125.24.0-255,1484,48473,41,98771
20758,0.001676,74.125.24.0-255,2902,51375,41,98771
20759,0.00168,172.31.46.0-255,66,51441,41,98771
20760,0.001704,74.125.24.0-255,2902,54343,41,98771
20761,0.001707,172.31.46.0-255,66,54409,41,98771
20762,0.001726,74.125.24.0-255,2902,57311,41,98771
20763,0.001728,172.31.46.0-255,66,57377,41,98771
20764,0.00176,74.125.24.0-255,2902,60279,41,98771
20765,0.001763,172.31.46.0-255,66,60345,41,98771
20766,0.001806,74.125.24.0-255,2902,63247,41,98771
20767,0.001891,74.125.24.0-255,1484,64731,41,98771
20768,0.001911,74.125.24.0-255,5738,70469,41,98771
20769,0.00193,74.125.24.0-255,3602,74071,41,98771
20770,0.002008,74.125.24.0-255,1484,75555,41,98771
20771,0.002022,74.125.24.0-255,2902,78457,41,98771
20772,0.002054,74.125.24.0-255,2902,81359,41,98771
20773,0.002072,74.125.24.0-255,2902,84261,41,98771
20774,0.002129,74.125.24.0-255,4320,88581,41,98771
20775,0.002228,74.125.24.0-255,4320,92901,41,98771
20776,0.006236,172.31.46.0-255,66,92967,41,98771
20777,0.008229,74.125.24.0-255,5738,98705,41,98771
20778,0.008236,172.31.46.0-255,66,98771,41,98771
20779,0.0,172.217.194.0-255,148,148,41,135094
20780,2.1e-05,172.31.46.0-255,66,214,41,135094
20781,2.7e-05,172.217.194.0-255,1484,1698,41,135094
20782,3.1e-05,172.31.46.0-255,66,1764,41,135094
20783,3.7e-05,172.217.194.0-255,2902,4666,41,135094
20784,4.9e-05,172.31.46.0-255,66,4732,41,135094
20785,6e-05,172.31.46.0-255,66,4798,41,135094
20786,6.4e-05,172.217.194.0-255,1978,6776,41,135094
20787,6.6e-05,172.31.46.0-255,66,6842,41,135094
20788,0.000123,172.217.194.0-255,1484,8326,41,135094
20789,0.000126,172.31.46.0-255,66,8392,41,135094
20790,0.000131,172.217.194.0-255,2902,11294,41,135094
20791,0.000133,172.31.46.0-255,66,11360,41,135094
20792,0.000167,172.217.194.0-255,5738,17098,41,135094
20793,0.000169,172.31.46.0-255,66,17164,41,135094
20794,0.000208,172.31.46.0-255,66,17230,41,135094
20795,0.000369,172.217.194.0-255,1484,18714,41,135094
20796,0.000374,172.31.46.0-255,66,18780,41,135094
20797,0.000379,172.217.194.0-255,2902,21682,41,135094
20798,0.000381,172.31.46.0-255,66,21748,41,135094
20799,0.000384,172.217.194.0-255,1484,23232,41,135094
20800,0.000387,172.31.46.0-255,66,23298,41,135094
20801,0.000415,172.217.194.0-255,4320,27618,41,135094
20802,0.000421,172.31.46.0-255,66,27684,41,135094
20803,0.00043,172.31.46.0-255,66,27750,41,135094
20804,0.000459,172.217.194.0-255,4320,32070,41,135094
20805,0.000461,172.31.46.0-255,66,32136,41,135094
20806,0.000467,172.217.194.0-255,5738,37874,41,135094
20807,0.000469,172.31.46.0-255,66,37940,41,135094
20808,0.000507,172.217.194.0-255,2902,40842,41,135094
20809,0.00051,172.31.46.0-255,66,40908,41,135094
20810,0.000537,172.217.194.0-255,4287,45195,41,135094
20811,0.00054,172.31.46.0-255,66,45261,41,135094
20812,0.000543,172.217.194.0-255,383,45644,41,135094
20813,0.000838,172.217.194.0-255,1484,47128,41,135094
20814,0.000842,172.31.46.0-255,66,47194,41,135094
20815,0.000847,172.217.194.0-255,2902,50096,41,135094
20816,0.000849,172.31.46.0-255,66,50162,41,135094
20817,0.000852,172.217.194.0-255,1484,51646,41,135094
20818,0.000881,172.217.194.0-255,4320,55966,41,135094
20819,0.000895,172.31.46.0-255,66,56032,41,135094
20820,0.000898,172.31.46.0-255,66,56098,41,135094
20821,0.000928,172.31.46.0-255,66,56164,41,135094
20822,0.001277,172.217.194.0-255,1484,57648,41,135094
20823,0.001296,172.217.194.0-255,2902,60550,41,135094
20824,0.001299,172.31.46.0-255,66,60616,41,135094
20825,0.001305,172.217.194.0-255,5738,66354,41,135094
20826,0.001307,172.31.46.0-255,66,66420,41,135094
20827,0.00131,172.217.194.0-255,1484,67904,41,135094
20828,0.001343,172.31.46.0-255,66,67970,41,135094
20829,0.001373,172.217.194.0-255,4320,72290,41,135094
20830,0.001375,172.31.46.0-255,66,72356,41,135094
20831,0.00141,172.31.46.0-255,66,72422,41,135094
20832,0.001424,172.31.46.0-255,66,72488,41,135094
20833,0.001461,172.31.46.0-255,66,72554,41,135094
20834,0.001489,172.31.46.0-255,66,72620,41,135094
20835,0.001497,172.217.194.0-255,2184,74804,41,135094
20836,0.001498,172.31.46.0-255,66,74870,41,135094
20837,0.001502,172.217.194.0-255,2902,77772,41,135094
20838,0.001504,172.31.46.0-255,66,77838,41,135094
20839,0.001513,172.31.46.0-255,66,77904,41,135094
20840,0.001515,172.217.194.0-255,1484,79388,41,135094
20841,0.001559,172.31.46.0-255,66,79454,41,135094
20842,0.001583,172.31.46.0-255,66,79520,41,135094
20843,0.001608,172.217.194.0-255,766,80286,41,135094
20844,0.001827,172.217.194.0-255,1484,81770,41,135094
20845,0.001831,172.31.46.0-255,66,81836,41,135094
20846,0.001836,172.217.194.0-255,2902,84738,41,135094
20847,0.001837,172.31.46.0-255,66,84804,41,135094
20848,0.001841,172.217.194.0-255,2902,87706,41,135094
20849,0.001843,172.31.46.0-255,66,87772,41,135094
20850,0.001872,172.217.194.0-255,2902,90674,41,135094
20851,0.001875,172.31.46.0-255,66,90740,41,135094
20852,0.001887,172.31.46.0-255,66,90806,41,135094
20853,0.001899,172.31.46.0-255,66,90872,41,135094
20854,0.001919,172.217.194.0-255,1484,92356,41,135094
20855,0.001938,172.217.194.0-255,766,93122,41,135094
20856,0.001941,172.31.46.0-255,66,93188,41,135094
20857,0.001973,172.217.194.0-255,2902,96090,41,135094
20858,0.001975,172.31.46.0-255,66,96156,41,135094
20859,0.001978,172.217.194.0-255,1484,97640,41,135094
20860,0.002,172.217.194.0-255,2902,100542,41,135094
20861,0.002003,172.31.46.0-255,66,100608,41,135094
20862,0.002011,172.31.46.0-255,66,100674,41,135094
20863,0.002043,172.217.194.0-255,1484,102158,41,135094
20864,0.002068,172.31.46.0-255,66,102224,41,135094
20865,0.002104,172.31.46.0-255,66,102290,41,135094
20866,0.00211,172.217.194.0-255,5738,108028,41,135094
20867,0.002128,172.217.194.0-255,2902,110930,41,135094
20868,0.002135,172.31.46.0-255,66,110996,41,135094
20869,0.002145,172.217.194.0-255,5738,116734,41,135094
20870,0.002151,172.217.194.0-255,5738,122472,41,135094
20871,0.002168,172.217.194.0-255,4320,126792,41,135094
20872,0.002185,172.217.194.0-255,2902,129694,41,135094
20873,0.002207,172.31.46.0-255,66,129760,41,135094
20874,0.002215,172.217.194.0-255,3602,133362,41,135094
20875,0.00222,172.31.46.0-255,66,133428,41,135094
20876,0.002315,172.31.46.0-255,66,133494,41,135094
20877,0.002388,172.217.194.0-255,1258,134752,41,135094
20878,0.002397,172.31.46.0-255,66,134818,41,135094
20879,0.004694,172.217.194.0-255,105,134923,41,135094
20880,0.009586,172.31.46.0-255,66,134989,41,135094
20881,0.009629,172.31.46.0-255,105,135094,41,135094
20882,0.0,74.125.24.0-255,150,150,41,92078
20883,2.4e-05,172.31.46.0-255,66,216,41,92078
20884,3.1e-05,74.125.24.0-255,1484,1700,41,92078
20885,3.5e-05,172.31.46.0-255,66,1766,41,92078
20886,4e-05,74.125.24.0-255,2902,4668,41,92078
20887,5.1e-05,172.31.46.0-255,66,4734,41,92078
20888,6.2e-05,172.31.46.0-255,66,4800,41,92078
20889,6.6e-05,74.125.24.0-255,1932,6732,41,92078
20890,7e-05,172.31.46.0-255,66,6798,41,92078
20891,0.000143,74.125.24.0-255,1484,8282,41,92078
20892,0.000146,172.31.46.0-255,66,8348,41,92078
20893,0.000152,74.125.24.0-255,2902,11250,41,92078
20894,0.000155,172.31.46.0-255,66,11316,41,92078
20895,0.000166,74.125.24.0-255,5738,17054,41,92078
20896,0.000168,172.31.46.0-255,66,17120,41,92078
20897,0.00021,74.125.24.0-255,5738,22858,41,92078
20898,0.000213,172.31.46.0-255,66,22924,41,92078
20899,0.000235,74.125.24.0-255,1125,24049,41,92078
20900,0.000237,172.31.46.0-255,66,24115,41,92078
20901,0.000289,74.125.24.0-255,1484,25599,41,92078
20902,0.000292,172.31.46.0-255,66,25665,41,92078
20903,0.000298,74.125.24.0-255,2902,28567,41,92078
20904,0.0003,172.31.46.0-255,66,28633,41,92078
20905,0.000312,74.125.24.0-255,4320,32953,41,92078
20906,0.000314,172.31.46.0-255,66,33019,41,92078
20907,0.000364,172.31.46.0-255,66,33085,41,92078
20908,0.000375,172.31.46.0-255,66,33151,41,92078
20909,0.000417,74.125.24.0-255,5738,38889,41,92078
20910,0.000419,172.31.46.0-255,66,38955,41,92078
20911,0.000436,74.125.24.0-255,1456,40411,41,92078
20912,0.00044,74.125.24.0-255,112,40523,41,92078
20913,0.000443,172.31.46.0-255,66,40589,41,92078
20914,0.00047,74.125.24.0-255,333,40922,41,92078
20915,0.000937,74.125.24.0-255,1484,42406,41,92078
20916,0.000943,172.31.46.0-255,66,42472,41,92078
20917,0.000949,74.125.24.0-255,2902,45374,41,92078
20918,0.000952,172.31.46.0-255,66,45440,41,92078
20919,0.000962,74.125.24.0-255,2902,48342,41,92078
20920,0.000965,172.31.46.0-255,66,48408,41,92078
20921,0.000991,74.125.24.0-255,2902,51310,41,92078
20922,0.000994,172.31.46.0-255,66,51376,41,92078
20923,0.000998,74.125.24.0-255,1484,52860,41,92078
20924,0.001013,172.31.46.0-255,66,52926,41,92078
20925,0.001052,172.31.46.0-255,66,52992,41,92078
20926,0.001416,74.125.24.0-255,1484,54476,41,92078
20927,0.001422,74.125.24.0-255,2902,57378,41,92078
20928,0.001426,172.31.46.0-255,66,57444,41,92078
20929,0.001457,74.125.24.0-255,5738,63182,41,92078
20930,0.001459,172.31.46.0-255,66,63248,41,92078
20931,0.001478,172.31.46.0-255,66,63314,41,92078
20932,0.001489,172.31.46.0-255,66,63380,41,92078
20933,0.001541,74.125.24.0-255,2184,65564,41,92078
20934,0.001545,172.31.46.0-255,66,65630,41,92078
20935,0.001946,74.125.24.0-255,1484,67114,41,92078
20936,0.001951,74.125.24.0-255,2902,70016,41,92078
20937,0.001959,172.31.46.0-255,66,70082,41,92078
20938,0.001975,74.125.24.0-255,5738,75820,41,92078
20939,0.001977,172.31.46.0-255,66,75886,41,92078
20940,0.002018,172.31.46.0-255,66,75952,41,92078
20941,0.002037,172.31.46.0-255,66,76018,41,92078
20942,0.004309,74.125.24.0-255,5738,81756,41,92078
20943,0.004318,172.31.46.0-255,66,81822,41,92078
20944,0.006564,74.125.24.0-255,4320,86142,41,92078
20945,0.00657,172.31.46.0-255,66,86208,41,92078
20946,0.006598,74.125.24.0-255,1484,87692,41,92078
20947,0.008838,74.125.24.0-255,4320,92012,41,92078
20948,0.008844,172.31.46.0-255,66,92078,41,92078
20949,0.0,172.217.194.0-255,151,151,41,102659
20950,2.2e-05,172.31.46.0-255,66,217,41,102659
20951,3e-05,172.217.194.0-255,1484,1701,41,102659
20952,3.4e-05,172.31.46.0-255,66,1767,41,102659
20953,3.9e-05,172.217.194.0-255,2902,4669,41,102659
20954,4.2e-05,172.31.46.0-255,66,4735,41,102659
20955,4.6e-05,172.217.194.0-255,2902,7637,41,102659
20956,5e-05,172.31.46.0-255,66,7703,41,102659
20957,9.9e-05,172.217.194.0-255,6183,13886,41,102659
20958,0.000103,172.31.46.0-255,66,13952,41,102659
20959,0.000164,172.217.194.0-255,1484,15436,41,102659
20960,0.000166,172.31.46.0-255,66,15502,41,102659
20961,0.000173,172.217.194.0-255,2902,18404,41,102659
20962,0.000176,172.31.46.0-255,66,18470,41,102659
20963,0.00018,172.217.194.0-255,2902,21372,41,102659
20964,0.000183,172.31.46.0-255,66,21438,41,102659
20965,0.000199,172.217.194.0-255,2902,24340,41,102659
20966,0.000202,172.31.46.0-255,66,24406,41,102659
20967,0.00025,172.31.46.0-255,66,24472,41,102659
20968,0.000276,172.31.46.0-255,66,24538,41,102659
20969,0.000289,172.31.46.0-255,66,24604,41,102659
20970,0.000303,172.217.194.0-255,4320,28924,41,102659
20971,0.000305,172.31.46.0-255,66,28990,41,102659
20972,0.000333,172.31.46.0-255,66,29056,41,102659
20973,0.00086,172.217.194.0-255,647,29703,41,102659
20974,0.000868,172.31.46.0-255,66,29769,41,102659
20975,0.001056,172.217.194.0-255,1484,31253,41,102659
20976,0.00106,172.31.46.0-255,66,31319,41,102659
20977,0.001065,172.217.194.0-255,2902,34221,41,102659
20978,0.001067,172.31.46.0-255,66,34287,41,102659
20979,0.001086,172.217.194.0-255,5738,40025,41,102659
20980,0.001088,172.31.46.0-255,66,40091,41,102659
20981,0.001093,172.217.194.0-255,4320,44411,41,102659
20982,0.001095,172.31.46.0-255,66,44477,41,102659
20983,0.00112,172.31.46.0-255,66,44543,41,102659
20984,0.001132,172.31.46.0-255,66,44609,41,102659
20985,0.001169,172.217.194.0-255,2184,46793,41,102659
20986,0.001172,172.31.46.0-255,66,46859,41,102659
20987,0.001581,172.217.194.0-255,1484,48343,41,102659
20988,0.001593,172.217.194.0-255,2902,51245,41,102659
20989,0.001597,172.31.46.0-255,66,51311,41,102659
20990,0.001603,172.217.194.0-255,2902,54213,41,102659
20991,0.001605,172.31.46.0-255,66,54279,41,102659
20992,0.001623,172.217.194.0-255,2902,57181,41,102659
20993,0.001625,172.31.46.0-255,66,57247,41,102659
20994,0.001637,172.31.46.0-255,66,57313,41,102659
20995,0.001666,172.217.194.0-255,1484,58797,41,102659
20996,0.00168,172.31.46.0-255,66,58863,41,102659
20997,0.001701,172.217.194.0-255,2184,61047,41,102659
20998,0.001703,172.31.46.0-255,66,61113,41,102659
20999,0.001734,172.217.194.0-255,1484,62597,41,102659
21000,0.001739,172.217.194.0-255,2902,65499,41,102659
21001,0.001741,172.31.46.0-255,66,65565,41,102659
21002,0.001748,172.217.194.0-255,5738,71303,41,102659
21003,0.001751,172.31.46.0-255,66,71369,41,102659
21004,0.001793,172.31.46.0-255,66,71435,41,102659
21005,0.001806,172.31.46.0-255,66,71501,41,102659
21006,0.00181,172.217.194.0-255,766,72267,41,102659
21007,0.001945,172.217.194.0-255,1484,73751,41,102659
21008,0.00195,172.31.46.0-255,66,73817,41,102659
21009,0.001955,172.217.194.0-255,2902,76719,41,102659
21010,0.001958,172.31.46.0-255,66,76785,41,102659
21011,0.001963,172.217.194.0-255,2902,79687,41,102659
21012,0.001965,172.31.46.0-255,66,79753,41,102659
21013,0.001994,172.217.194.0-255,2902,82655,41,102659
21014,0.001998,172.31.46.0-255,66,82721,41,102659
21015,0.002008,172.31.46.0-255,66,82787,41,102659
21016,0.002012,172.217.194.0-255,1484,84271,41,102659
21017,0.002014,172.217.194.0-255,1484,85755,41,102659
21018,0.002017,172.31.46.0-255,78,85833,41,102659
21019,0.002033,172.31.46.0-255,66,85899,41,102659
21020,0.002036,172.217.194.0-255,766,86665,41,102659
21021,0.004051,172.217.194.0-255,4320,90985,41,102659
21022,0.004064,172.31.46.0-255,66,91051,41,102659
21023,0.006115,172.217.194.0-255,5738,96789,41,102659
21024,0.007592,172.31.46.0-255,66,96855,41,102659
21025,0.009642,172.217.194.0-255,5738,102593,41,102659
21026,0.00965,172.31.46.0-255,66,102659,41,102659
21027,0.0,74.125.130.0-255,153,153,41,182995
21028,1.6e-05,172.31.46.0-255,66,219,41,182995
21029,2.3e-05,74.125.130.0-255,1484,1703,41,182995
21030,2.8e-05,172.31.46.0-255,66,1769,41,182995
21031,3.3e-05,74.125.130.0-255,2902,4671,41,182995
21032,3.6e-05,172.31.46.0-255,66,4737,41,182995
21033,4.3e-05,74.125.130.0-255,4320,9057,41,182995
21034,4.7e-05,172.31.46.0-255,66,9123,41,182995
21035,8.2e-05,74.125.130.0-255,4959,14082,41,182995
21036,8.5e-05,172.31.46.0-255,66,14148,41,182995
21037,0.000164,74.125.130.0-255,1484,15632,41,182995
21038,0.000168,172.31.46.0-255,66,15698,41,182995
21039,0.000174,74.125.130.0-255,2902,18600,41,182995
21040,0.000176,172.31.46.0-255,66,18666,41,182995
21041,0.000182,74.125.130.0-255,5738,24404,41,182995
21042,0.000185,172.31.46.0-255,66,24470,41,182995
21043,0.000206,172.31.46.0-255,66,24536,41,182995
21044,0.000612,74.125.130.0-255,1484,26020,41,182995
21045,0.000618,74.125.130.0-255,2902,28922,41,182995
21046,0.000623,74.125.130.0-255,4320,33242,41,182995
21047,0.000631,172.31.46.0-255,66,33308,41,182995
21048,0.00064,172.31.46.0-255,66,33374,41,182995
21049,0.000643,172.31.46.0-255,66,33440,41,182995
21050,0.000661,74.125.130.0-255,1484,34924,41,182995
21051,0.000664,172.31.46.0-255,66,34990,41,182995
21052,0.000671,74.125.130.0-255,5738,40728,41,182995
21053,0.000673,172.31.46.0-255,66,40794,41,182995
21054,0.000683,172.31.46.0-255,66,40860,41,182995
21055,0.00071,74.125.130.0-255,4320,45180,41,182995
21056,0.000713,172.31.46.0-255,66,45246,41,182995
21057,0.00075,172.31.46.0-255,66,45312,41,182995
21058,0.000752,74.125.130.0-255,679,45991,41,182995
21059,0.001032,74.125.130.0-255,1484,47475,41,182995
21060,0.001038,172.31.46.0-255,66,47541,41,182995
21061,0.001044,74.125.130.0-255,2902,50443,41,182995
21062,0.001047,172.31.46.0-255,66,50509,41,182995
21063,0.001052,74.125.130.0-255,2902,53411,41,182995
21064,0.001054,172.31.46.0-255,66,53477,41,182995
21065,0.001059,74.125.130.0-255,4320,57797,41,182995
21066,0.001061,172.31.46.0-255,66,57863,41,182995
21067,0.001068,74.125.130.0-255,5738,63601,41,182995
21068,0.001071,172.31.46.0-255,66,63667,41,182995
21069,0.001095,74.125.130.0-255,2902,66569,41,182995
21070,0.001099,172.31.46.0-255,66,66635,41,182995
21071,0.001113,172.31.46.0-255,66,66701,41,182995
21072,0.00113,74.125.130.0-255,766,67467,41,182995
21073,0.001416,74.125.130.0-255,1484,68951,41,182995
21074,0.001424,172.31.46.0-255,66,69017,41,182995
21075,0.00143,74.125.130.0-255,2902,71919,41,182995
21076,0.001433,172.31.46.0-255,66,71985,41,182995
21077,0.001439,74.125.130.0-255,5738,77723,41,182995
21078,0.001442,172.31.46.0-255,66,77789,41,182995
21079,0.001449,74.125.130.0-255,5738,83527,41,182995
21080,0.001451,172.31.46.0-255,66,83593,41,182995
21081,0.001483,74.125.130.0-255,1484,85077,41,182995
21082,0.001496,172.31.46.0-255,66,85143,41,182995
21083,0.001507,172.31.46.0-255,66,85209,41,182995
21084,0.001591,74.125.130.0-255,1484,86693,41,182995
21085,0.001596,74.125.130.0-255,2902,89595,41,182995
21086,0.001599,172.31.46.0-255,66,89661,41,182995
21087,0.001605,74.125.130.0-255,4320,93981,41,182995
21088,0.001608,172.31.46.0-255,66,94047,41,182995
21089,0.001619,74.125.130.0-255,1484,95531,41,182995
21090,0.001633,74.125.130.0-255,2902,98433,41,182995
21091,0.001637,172.31.46.0-255,66,98499,41,182995
21092,0.001671,172.31.46.0-255,66,98565,41,182995
21093,0.001685,172.31.46.0-255,66,98631,41,182995
21094,0.001698,74.125.130.0-255,1484,100115,41,182995
21095,0.001714,74.125.130.0-255,2902,103017,41,182995
21096,0.001717,172.31.46.0-255,66,103083,41,182995
21097,0.001741,74.125.130.0-255,5738,108821,41,182995
21098,0.001744,172.31.46.0-255,66,108887,41,182995
21099,0.00175,74.125.130.0-255,5738,114625,41,182995
21100,0.001753,172.31.46.0-255,66,114691,41,182995
21101,0.001775,172.31.46.0-255,66,114757,41,182995
21102,0.001778,74.125.130.0-255,1484,116241,41,182995
21103,0.001801,74.125.130.0-255,5738,121979,41,182995
21104,0.001804,172.31.46.0-255,66,122045,41,182995
21105,0.001824,74.125.130.0-255,3602,125647,41,182995
21106,0.001827,172.31.46.0-255,66,125713,41,182995
21107,0.001887,74.125.130.0-255,1484,127197,41,182995
21108,0.001892,74.125.130.0-255,2902,130099,41,182995
21109,0.001895,172.31.46.0-255,66,130165,41,182995
21110,0.0019,74.125.130.0-255,4320,134485,41,182995
21111,0.001903,172.31.46.0-255,66,134551,41,182995
21112,0.001916,74.125.130.0-255,2902,137453,41,182995
21113,0.001918,172.31.46.0-255,66,137519,41,182995
21114,0.001937,74.125.130.0-255,5738,143257,41,182995
21115,0.00194,172.31.46.0-255,66,143323,41,182995
21116,0.001955,74.125.130.0-255,4320,147643,41,182995
21117,0.001958,172.31.46.0-255,66,147709,41,182995
21118,0.001991,172.31.46.0-255,66,147775,41,182995
21119,0.00207,74.125.130.0-255,1484,149259,41,182995
21120,0.002086,74.125.130.0-255,2902,152161,41,182995
21121,0.002088,172.31.46.0-255,66,152227,41,182995
21122,0.002094,74.125.130.0-255,5738,157965,41,182995
21123,0.002097,172.31.46.0-255,66,158031,41,182995
21124,0.002101,74.125.130.0-255,2902,160933,41,182995
21125,0.002103,172.31.46.0-255,66,160999,41,182995
21126,0.00214,74.125.130.0-255,1484,162483,41,182995
21127,0.002161,74.125.130.0-255,2902,165385,41,182995
21128,0.002164,172.31.46.0-255,66,165451,41,182995
21129,0.002175,172.31.46.0-255,66,165517,41,182995
21130,0.002185,172.31.46.0-255,66,165583,41,182995
21131,0.004478,74.125.130.0-255,5738,171321,41,182995
21132,0.004485,172.31.46.0-255,66,171387,41,182995
21133,0.006781,74.125.130.0-255,5738,177125,41,182995
21134,0.006786,172.31.46.0-255,66,177191,41,182995
21135,0.009083,74.125.130.0-255,5738,182929,41,182995
21136,0.00909,172.31.46.0-255,66,182995,41,182995
21137,0.0,172.31.46.0-255,66,66,41,66
21138,0.0,74.125.200.0-255,156,156,41,247898
21139,2.4e-05,172.31.46.0-255,66,222,41,247898
21140,3.1e-05,74.125.200.0-255,1484,1706,41,247898
21141,4.8e-05,172.31.46.0-255,66,1772,41,247898
21142,5.4e-05,74.125.200.0-255,2902,4674,41,247898
21143,5.9e-05,172.31.46.0-255,66,4740,41,247898
21144,6.4e-05,74.125.200.0-255,4320,9060,41,247898
21145,6.8e-05,172.31.46.0-255,66,9126,41,247898
21146,9.6e-05,74.125.200.0-255,2902,12028,41,247898
21147,9.9e-05,172.31.46.0-255,66,12094,41,247898
21148,0.000115,74.125.200.0-255,2107,14201,41,247898
21149,0.000118,172.31.46.0-255,66,14267,41,247898
21150,0.000149,74.125.200.0-255,5738,20005,41,247898
21151,0.000152,172.31.46.0-255,66,20071,41,247898
21152,0.000155,74.125.200.0-255,1484,21555,41,247898
21153,0.000157,172.31.46.0-255,66,21621,41,247898
21154,0.000162,74.125.200.0-255,2902,24523,41,247898
21155,0.000164,172.31.46.0-255,66,24589,41,247898
21156,0.000195,74.125.200.0-255,2902,27491,41,247898
21157,0.000197,172.31.46.0-255,66,27557,41,247898
21158,0.000219,74.125.200.0-255,3961,31518,41,247898
21159,0.000222,172.31.46.0-255,66,31584,41,247898
21160,0.000304,74.125.200.0-255,1484,33068,41,247898
21161,0.000308,172.31.46.0-255,66,33134,41,247898
21162,0.000313,74.125.200.0-255,2902,36036,41,247898
21163,0.000316,172.31.46.0-255,66,36102,41,247898
21164,0.000355,74.125.200.0-255,2902,39004,41,247898
21165,0.000358,172.31.46.0-255,66,39070,41,247898
21166,0.000385,74.125.200.0-255,2902,41972,41,247898
21167,0.000387,172.31.46.0-255,66,42038,41,247898
21168,0.000393,74.125.200.0-255,4320,46358,41,247898
21169,0.000396,172.31.46.0-255,66,46424,41,247898
21170,0.000402,74.125.200.0-255,5379,51803,41,247898
21171,0.000404,172.31.46.0-255,66,51869,41,247898
21172,0.000414,172.31.46.0-255,66,51935,41,247898
21173,0.000442,74.125.200.0-255,1484,53419,41,247898
21174,0.000459,74.125.200.0-255,5379,58798,41,247898
21175,0.000462,172.31.46.0-255,66,58864,41,247898
21176,0.000475,74.125.200.0-255,364,59228,41,247898
21177,0.000595,74.125.200.0-255,1484,60712,41,247898
21178,0.000599,172.31.46.0-255,66,60778,41,247898
21179,0.000603,74.125.200.0-255,1484,62262,41,247898
21180,0.000616,74.125.200.0-255,1484,63746,41,247898
21181,0.000618,172.31.46.0-255,66,63812,41,247898
21182,0.000653,74.125.200.0-255,5738,69550,41,247898
21183,0.000656,172.31.46.0-255,66,69616,41,247898
21184,0.000665,172.31.46.0-255,66,69682,41,247898
21185,0.000681,74.125.200.0-255,1484,71166,41,247898
21186,0.000698,74.125.200.0-255,5738,76904,41,247898
21187,0.0007,172.31.46.0-255,66,76970,41,247898
21188,0.000703,74.125.200.0-255,1484,78454,41,247898
21189,0.000754,74.125.200.0-255,1484,79938,41,247898
21190,0.000757,172.31.46.0-255,66,80004,41,247898
21191,0.000783,172.31.46.0-255,66,80070,41,247898
21192,0.000898,74.125.200.0-255,1484,81554,41,247898
21193,0.000927,74.125.200.0-255,2902,84456,41,247898
21194,0.000931,172.31.46.0-255,66,84522,41,247898
21195,0.000942,74.125.200.0-255,1484,86006,41,247898
21196,0.000956,74.125.200.0-255,1484,87490,41,247898
21197,0.000958,172.31.46.0-255,66,87556,41,247898
21198,0.000964,74.125.200.0-255,4320,91876,41,247898
21199,0.000966,172.31.46.0-255,66,91942,41,247898
21200,0.000989,74.125.200.0-255,1484,93426,41,247898
21201,0.001,74.125.200.0-255,2902,96328,41,247898
21202,0.001003,172.31.46.0-255,66,96394,41,247898
21203,0.001023,74.125.200.0-255,4320,100714,41,247898
21204,0.001026,172.31.46.0-255,66,100780,41,247898
21205,0.001029,74.125.200.0-255,1484,102264,41,247898
21206,0.001052,172.31.46.0-255,66,102330,41,247898
21207,0.001057,74.125.200.0-255,2902,105232,41,247898
21208,0.001059,172.31.46.0-255,66,105298,41,247898
21209,0.0011,74.125.200.0-255,766,106064,41,247898
21210,0.001508,74.125.200.0-255,1484,107548,41,247898
21211,0.001512,172.31.46.0-255,66,107614,41,247898
21212,0.001518,74.125.200.0-255,2902,110516,41,247898
21213,0.00152,172.31.46.0-255,66,110582,41,247898
21214,0.001541,74.125.200.0-255,2902,113484,41,247898
21215,0.001543,172.31.46.0-255,66,113550,41,247898
21216,0.001563,74.125.200.0-255,2902,116452,41,247898
21217,0.001566,172.31.46.0-255,66,116518,41,247898
21218,0.001571,74.125.200.0-255,2902,119420,41,247898
21219,0.001573,172.31.46.0-255,66,119486,41,247898
21220,0.001601,74.125.200.0-255,4320,123806,41,247898
21221,0.001604,172.31.46.0-255,66,123872,41,247898
21222,0.00161,74.125.200.0-255,4320,128192,41,247898
21223,0.001612,172.31.46.0-255,66,128258,41,247898
21224,0.001655,74.125.200.0-255,5738,133996,41,247898
21225,0.001658,172.31.46.0-255,66,134062,41,247898
21226,0.001682,74.125.200.0-255,4320,138382,41,247898
21227,0.001685,172.31.46.0-255,66,138448,41,247898
21228,0.001704,74.125.200.0-255,2184,140632,41,247898
21229,0.001706,172.31.46.0-255,66,140698,41,247898
21230,0.001726,74.125.200.0-255,2902,143600,41,247898
21231,0.001729,172.31.46.0-255,66,143666,41,247898
21232,0.001745,74.125.200.0-255,1484,145150,41,247898
21233,0.001761,74.125.200.0-255,5738,150888,41,247898
21234,0.001764,172.31.46.0-255,66,150954,41,247898
21235,0.001768,74.125.200.0-255,2902,153856,41,247898
21236,0.00177,172.31.46.0-255,66,153922,41,247898
21237,0.001791,74.125.200.0-255,4320,158242,41,247898
21238,0.001793,172.31.46.0-255,66,158308,41,247898
21239,0.001819,172.31.46.0-255,66,158374,41,247898
21240,0.001829,172.31.46.0-255,66,158440,41,247898
21241,0.001848,74.125.200.0-255,1484,159924,41,247898
21242,0.001871,172.31.46.0-255,66,159990,41,247898
21243,0.001876,74.125.200.0-255,4320,164310,41,247898
21244,0.001878,172.31.46.0-255,66,164376,41,247898
21245,0.001884,74.125.200.0-255,5738,170114,41,247898
21246,0.001887,172.31.46.0-255,66,170180,41,247898
21247,0.001949,74.125.200.0-255,3602,173782,41,247898
21248,0.001954,172.31.46.0-255,66,173848,41,247898
21249,0.001956,172.31.46.0-255,66,173914,41,247898
21250,0.00197,74.125.200.0-255,1484,175398,41,247898
21251,0.001987,74.125.200.0-255,2902,178300,41,247898
21252,0.00199,172.31.46.0-255,66,178366,41,247898
21253,0.002014,74.125.200.0-255,5738,184104,41,247898
21254,0.002017,172.31.46.0-255,66,184170,41,247898
21255,0.002027,74.125.200.0-255,2902,187072,41,247898
21256,0.002029,172.31.46.0-255,66,187138,41,247898
21257,0.002047,74.125.200.0-255,1484,188622,41,247898
21258,0.002055,74.125.200.0-255,5738,194360,41,247898
21259,0.002058,172.31.46.0-255,66,194426,41,247898
21260,0.002064,74.125.200.0-255,5738,200164,41,247898
21261,0.002066,172.31.46.0-255,66,200230,41,247898
21262,0.002089,74.125.200.0-255,5738,205968,41,247898
21263,0.002091,172.31.46.0-255,66,206034,41,247898
21264,0.002095,74.125.200.0-255,2184,208218,41,247898
21265,0.002098,172.31.46.0-255,66,208284,41,247898
21266,0.002156,172.31.46.0-255,66,208350,41,247898
21267,0.00216,74.125.200.0-255,1484,209834,41,247898
21268,0.00219,172.31.46.0-255,66,209900,41,247898
21269,0.002211,74.125.200.0-255,4320,214220,41,247898
21270,0.002214,172.31.46.0-255,66,214286,41,247898
21271,0.002219,74.125.200.0-255,3602,217888,41,247898
21272,0.002221,172.31.46.0-255,66,217954,41,247898
21273,0.002254,172.31.46.0-255,66,218020,41,247898
21274,0.002276,172.31.46.0-255,66,218086,41,247898
21275,0.002312,74.125.200.0-255,2902,220988,41,247898
21276,0.002315,172.31.46.0-255,66,221054,41,247898
21277,0.002328,172.31.46.0-255,66,221120,41,247898
21278,0.002335,74.125.200.0-255,5738,226858,41,247898
21279,0.002337,172.31.46.0-255,66,226924,41,247898
21280,0.002361,74.125.200.0-255,2902,229826,41,247898
21281,0.002364,172.31.46.0-255,66,229892,41,247898
21282,0.002367,74.125.200.0-255,1484,231376,41,247898
21283,0.004632,74.125.200.0-255,1484,232860,41,247898
21284,0.00464,172.31.46.0-255,66,232926,41,247898
21285,0.00466,74.125.200.0-255,1484,234410,41,247898
21286,0.004676,74.125.200.0-255,1484,235894,41,247898
21287,0.004678,172.31.46.0-255,66,235960,41,247898
21288,0.006941,74.125.200.0-255,2902,238862,41,247898
21289,0.006948,172.31.46.0-255,66,238928,41,247898
21290,0.00697,74.125.200.0-255,1484,240412,41,247898
21291,0.006981,74.125.200.0-255,1484,241896,41,247898
21292,0.006983,172.31.46.0-255,66,241962,41,247898
21293,0.009261,74.125.200.0-255,2902,244864,41,247898
21294,0.009271,172.31.46.0-255,66,244930,41,247898
21295,0.009294,74.125.200.0-255,2902,247832,41,247898
21296,0.009297,172.31.46.0-255,66,247898,41,247898
21297,0.0,172.217.194.0-255,152,152,41,134611
21298,1.6e-05,172.31.46.0-255,66,218,41,134611
21299,2.2e-05,172.217.194.0-255,1484,1702,41,134611
21300,2.6e-05,172.31.46.0-255,66,1768,41,134611
21301,3.2e-05,172.217.194.0-255,2902,4670,41,134611
21302,3.4e-05,172.31.46.0-255,66,4736,41,134611
21303,6.6e-05,172.31.46.0-255,66,4802,41,134611
21304,0.0001,172.31.46.0-255,66,4868,41,134611
21305,0.000104,172.217.194.0-255,2543,7411,41,134611
21306,0.000105,172.31.46.0-255,66,7477,41,134611
21307,0.000158,172.217.194.0-255,1484,8961,41,134611
21308,0.00016,172.31.46.0-255,66,9027,41,134611
21309,0.000189,172.31.46.0-255,66,9093,41,134611
21310,0.000771,172.217.194.0-255,1484,10577,41,134611
21311,0.000777,172.31.46.0-255,66,10643,41,134611
21312,0.000784,172.217.194.0-255,2902,13545,41,134611
21313,0.000786,172.31.46.0-255,66,13611,41,134611
21314,0.000805,172.217.194.0-255,4320,17931,41,134611
21315,0.000807,172.31.46.0-255,66,17997,41,134611
21316,0.000827,172.217.194.0-255,1484,19481,41,134611
21317,0.000829,172.31.46.0-255,66,19547,41,134611
21318,0.000838,172.31.46.0-255,66,19613,41,134611
21319,0.00085,172.217.194.0-255,1484,21097,41,134611
21320,0.000852,172.31.46.0-255,66,21163,41,134611
21321,0.000856,172.217.194.0-255,2902,24065,41,134611
21322,0.000858,172.31.46.0-255,66,24131,41,134611
21323,0.000887,172.217.194.0-255,5738,29869,41,134611
21324,0.000889,172.31.46.0-255,66,29935,41,134611
21325,0.000906,172.217.194.0-255,1484,31419,41,134611
21326,0.000924,172.217.194.0-255,5379,36798,41,134611
21327,0.000926,172.31.46.0-255,66,36864,41,134611
21328,0.000931,172.217.194.0-255,4320,41184,41,134611
21329,0.000933,172.31.46.0-255,66,41250,41,134611
21330,0.000945,172.217.194.0-255,2902,44152,41,134611
21331,0.000947,172.31.46.0-255,66,44218,41,134611
21332,0.000977,172.217.194.0-255,1484,45702,41,134611
21333,0.001004,172.31.46.0-255,66,45768,41,134611
21334,0.001121,172.217.194.0-255,646,46414,41,134611
21335,0.00118,172.217.194.0-255,1484,47898,41,134611
21336,0.001184,172.31.46.0-255,66,47964,41,134611
21337,0.001189,172.217.194.0-255,2902,50866,41,134611
21338,0.001192,172.31.46.0-255,66,50932,41,134611
21339,0.001206,172.217.194.0-255,1484,52416,41,134611
21340,0.001212,172.217.194.0-255,5738,58154,41,134611
21341,0.001214,172.31.46.0-255,66,58220,41,134611
21342,0.001236,172.217.194.0-255,4320,62540,41,134611
21343,0.001239,172.31.46.0-255,66,62606,41,134611
21344,0.001242,172.217.194.0-255,461,63067,41,134611
21345,0.001324,172.217.194.0-255,198,63265,41,134611
21346,0.001535,172.217.194.0-255,1484,64749,41,134611
21347,0.001543,172.31.46.0-255,66,64815,41,134611
21348,0.001553,172.217.194.0-255,2902,67717,41,134611
21349,0.001555,172.31.46.0-255,66,67783,41,134611
21350,0.00156,172.217.194.0-255,5738,73521,41,134611
21351,0.001562,172.31.46.0-255,66,73587,41,134611
21352,0.001595,172.31.46.0-255,66,73653,41,134611
21353,0.0016,172.217.194.0-255,4320,77973,41,134611
21354,0.001602,172.31.46.0-255,66,78039,41,134611
21355,0.001636,172.31.46.0-255,66,78105,41,134611
21356,0.001709,172.217.194.0-255,1484,79589,41,134611
21357,0.001719,172.217.194.0-255,2902,82491,41,134611
21358,0.001722,172.31.46.0-255,66,82557,41,134611
21359,0.001725,172.217.194.0-255,1484,84041,41,134611
21360,0.001742,172.217.194.0-255,4320,88361,41,134611
21361,0.001744,172.31.46.0-255,66,88427,41,134611
21362,0.001769,172.217.194.0-255,1484,89911,41,134611
21363,0.0018,172.31.46.0-255,66,89977,41,134611
21364,0.001828,172.31.46.0-255,66,90043,41,134611
21365,0.001844,172.217.194.0-255,766,90809,41,134611
21366,0.001939,172.217.194.0-255,1484,92293,41,134611
21367,0.001942,172.31.46.0-255,66,92359,41,134611
21368,0.001946,172.217.194.0-255,2902,95261,41,134611
21369,0.001948,172.31.46.0-255,66,95327,41,134611
21370,0.001964,172.217.194.0-255,5738,101065,41,134611
21371,0.001967,172.31.46.0-255,66,101131,41,134611
21372,0.001996,172.31.46.0-255,66,101197,41,134611
21373,0.002006,172.31.46.0-255,66,101263,41,134611
21374,0.002017,172.217.194.0-255,1484,102747,41,134611
21375,0.002031,172.217.194.0-255,2184,104931,41,134611
21376,0.002033,172.31.46.0-255,66,104997,41,134611
21377,0.002071,172.217.194.0-255,1484,106481,41,134611
21378,0.002091,172.217.194.0-255,2902,109383,41,134611
21379,0.002096,172.217.194.0-255,5738,115121,41,134611
21380,0.002099,172.31.46.0-255,66,115187,41,134611
21381,0.002102,172.31.46.0-255,66,115253,41,134611
21382,0.002112,172.217.194.0-255,1484,116737,41,134611
21383,0.00214,172.31.46.0-255,66,116803,41,134611
21384,0.004253,172.217.194.0-255,2902,119705,41,134611
21385,0.004259,172.31.46.0-255,66,119771,41,134611
21386,0.00428,172.217.194.0-255,2902,122673,41,134611
21387,0.004282,172.31.46.0-255,66,122739,41,134611
21388,0.006339,172.217.194.0-255,2902,125641,41,134611
21389,0.006344,172.31.46.0-255,66,125707,41,134611
21390,0.006368,172.217.194.0-255,2902,128609,41,134611
21391,0.00637,172.31.46.0-255,66,128675,41,134611
21392,0.008451,172.217.194.0-255,2902,131577,41,134611
21393,0.00846,172.31.46.0-255,66,131643,41,134611
21394,0.008491,172.217.194.0-255,2902,134545,41,134611
21395,0.008494,172.31.46.0-255,66,134611,41,134611
21396,0.0,74.125.24.0-255,146,146,41,82689
21397,2.1e-05,172.31.46.0-255,66,212,41,82689
21398,2.8e-05,74.125.24.0-255,1484,1696,41,82689
21399,3.1e-05,172.31.46.0-255,66,1762,41,82689
21400,4.4e-05,74.125.24.0-255,2902,4664,41,82689
21401,4.7e-05,172.31.46.0-255,66,4730,41,82689
21402,5.1e-05,74.125.24.0-255,2902,7632,41,82689
21403,5.3e-05,172.31.46.0-255,66,7698,41,82689
21404,6.7e-05,74.125.24.0-255,1484,9182,41,82689
21405,7e-05,172.31.46.0-255,66,9248,41,82689
21406,9.6e-05,74.125.24.0-255,4775,14023,41,82689
21407,9.9e-05,172.31.46.0-255,66,14089,41,82689
21408,0.000611,74.125.24.0-255,1484,15573,41,82689
21409,0.000616,172.31.46.0-255,66,15639,41,82689
21410,0.000624,74.125.24.0-255,2902,18541,41,82689
21411,0.000627,172.31.46.0-255,66,18607,41,82689
21412,0.000636,74.125.24.0-255,2902,21509,41,82689
21413,0.000637,172.31.46.0-255,66,21575,41,82689
21414,0.000657,74.125.24.0-255,1484,23059,41,82689
21415,0.00066,172.31.46.0-255,66,23125,41,82689
21416,0.000703,172.31.46.0-255,66,23191,41,82689
21417,0.000769,74.125.24.0-255,1484,24675,41,82689
21418,0.000774,172.31.46.0-255,66,24741,41,82689
21419,0.000779,74.125.24.0-255,2902,27643,41,82689
21420,0.000781,172.31.46.0-255,66,27709,41,82689
21421,0.000815,74.125.24.0-255,1484,29193,41,82689
21422,0.000817,172.31.46.0-255,66,29259,41,82689
21423,0.00085,74.125.24.0-255,4320,33579,41,82689
21424,0.000852,172.31.46.0-255,66,33645,41,82689
21425,0.000867,172.31.46.0-255,66,33711,41,82689
21426,0.000875,172.31.46.0-255,66,33777,41,82689
21427,0.000879,74.125.24.0-255,2852,36629,41,82689
21428,0.001405,74.125.24.0-255,346,36975,41,82689
21429,0.001579,74.125.24.0-255,1484,38459,41,82689
21430,0.001594,74.125.24.0-255,1484,39943,41,82689
21431,0.00161,74.125.24.0-255,1484,41427,41,82689
21432,0.001626,74.125.24.0-255,5738,47165,41,82689
21433,0.001639,74.125.24.0-255,1484,48649,41,82689
21434,0.001653,74.125.24.0-255,5379,54028,41,82689
21435,0.001675,74.125.24.0-255,4320,58348,41,82689
21436,0.001688,74.125.24.0-255,2902,61250,41,82689
21437,0.001693,74.125.24.0-255,4320,65570,41,82689
21438,0.001711,74.125.24.0-255,2902,68472,41,82689
21439,0.001748,74.125.24.0-255,2543,71015,41,82689
21440,0.003443,172.31.46.0-255,66,71081,41,82689
21441,0.005692,74.125.24.0-255,5738,76819,41,82689
21442,0.005698,172.31.46.0-255,66,76885,41,82689
21443,0.007941,74.125.24.0-255,5738,82623,41,82689
21444,0.009093,172.31.46.0-255,66,82689,41,82689
21445,0.0,74.125.200.0-255,153,153,41,147698
21446,2.4e-05,172.31.46.0-255,66,219,41,147698
21447,3.2e-05,74.125.200.0-255,1484,1703,41,147698
21448,3.7e-05,172.31.46.0-255,66,1769,41,147698
21449,4e-05,74.125.200.0-255,1484,3253,41,147698
21450,5.1e-05,172.31.46.0-255,66,3319,41,147698
21451,5.8e-05,74.125.200.0-255,2902,6221,41,147698
21452,6.2e-05,172.31.46.0-255,66,6287,41,147698
21453,6.9e-05,74.125.200.0-255,5738,12025,41,147698
21454,7.2e-05,172.31.46.0-255,66,12091,41,147698
21455,7.7e-05,74.125.200.0-255,1995,14086,41,147698
21456,7.9e-05,172.31.46.0-255,66,14152,41,147698
21457,0.000156,74.125.200.0-255,1484,15636,41,147698
21458,0.00016,172.31.46.0-255,66,15702,41,147698
21459,0.000163,74.125.200.0-255,1484,17186,41,147698
21460,0.000166,172.31.46.0-255,66,17252,41,147698
21461,0.000198,74.125.200.0-255,2902,20154,41,147698
21462,0.0002,172.31.46.0-255,66,20220,41,147698
21463,0.000207,74.125.200.0-255,5738,25958,41,147698
21464,0.00021,172.31.46.0-255,66,26024,41,147698
21465,0.000213,74.125.200.0-255,1484,27508,41,147698
21466,0.000215,172.31.46.0-255,66,27574,41,147698
21467,0.000244,74.125.200.0-255,3961,31535,41,147698
21468,0.000247,172.31.46.0-255,66,31601,41,147698
21469,0.000324,74.125.200.0-255,1484,33085,41,147698
21470,0.000327,172.31.46.0-255,66,33151,41,147698
21471,0.000331,74.125.200.0-255,1484,34635,41,147698
21472,0.000333,172.31.46.0-255,66,34701,41,147698
21473,0.000363,74.125.200.0-255,1484,36185,41,147698
21474,0.000366,172.31.46.0-255,66,36251,41,147698
21475,0.000373,74.125.200.0-255,5738,41989,41,147698
21476,0.000375,172.31.46.0-255,66,42055,41,147698
21477,0.000381,74.125.200.0-255,4320,46375,41,147698
21478,0.000383,172.31.46.0-255,66,46441,41,147698
21479,0.000419,74.125.200.0-255,2543,48984,41,147698
21480,0.000422,172.31.46.0-255,66,49050,41,147698
21481,0.000466,74.125.200.0-255,2902,51952,41,147698
21482,0.000469,172.31.46.0-255,66,52018,41,147698
21483,0.000497,74.125.200.0-255,4320,56338,41,147698
21484,0.0005,172.31.46.0-255,66,56404,41,147698
21485,0.000511,172.31.46.0-255,66,56470,41,147698
21486,0.000514,74.125.200.0-255,1125,57595,41,147698
21487,0.000611,74.125.200.0-255,645,58240,41,147698
21488,0.000614,172.31.46.0-255,66,58306,41,147698
21489,0.000992,74.125.200.0-255,1484,59790,41,147698
21490,0.000999,74.125.200.0-255,2902,62692,41,147698
21491,0.001002,172.31.46.0-255,66,62758,41,147698
21492,0.001035,74.125.200.0-255,1484,64242,41,147698
21493,0.001125,74.125.200.0-255,2902,67144,41,147698
21494,0.001131,74.125.200.0-255,5738,72882,41,147698
21495,0.001154,172.31.46.0-255,66,72948,41,147698
21496,0.001157,172.31.46.0-255,66,73014,41,147698
21497,0.001164,172.31.46.0-255,66,73080,41,147698
21498,0.001171,172.31.46.0-255,66,73146,41,147698
21499,0.001198,172.31.46.0-255,66,73212,41,147698
21500,0.00121,172.31.46.0-255,66,73278,41,147698
21501,0.001246,74.125.200.0-255,5738,79016,41,147698
21502,0.00125,172.31.46.0-255,66,79082,41,147698
21503,0.00126,172.31.46.0-255,66,79148,41,147698
21504,0.00131,74.125.200.0-255,5020,84168,41,147698
21505,0.001312,172.31.46.0-255,66,84234,41,147698
21506,0.001967,74.125.200.0-255,1484,85718,41,147698
21507,0.001976,74.125.200.0-255,2902,88620,41,147698
21508,0.00198,172.31.46.0-255,66,88686,41,147698
21509,0.002017,74.125.200.0-255,4320,93006,41,147698
21510,0.002019,172.31.46.0-255,66,93072,41,147698
21511,0.00203,172.31.46.0-255,66,93138,41,147698
21512,0.002033,74.125.200.0-255,1484,94622,41,147698
21513,0.002057,74.125.200.0-255,5738,100360,41,147698
21514,0.002059,172.31.46.0-255,66,100426,41,147698
21515,0.002065,74.125.200.0-255,5738,106164,41,147698
21516,0.002067,172.31.46.0-255,66,106230,41,147698
21517,0.002092,74.125.200.0-255,2902,109132,41,147698
21518,0.002094,172.31.46.0-255,66,109198,41,147698
21519,0.002098,74.125.200.0-255,766,109964,41,147698
21520,0.002195,74.125.200.0-255,1484,111448,41,147698
21521,0.0022,172.31.46.0-255,66,111514,41,147698
21522,0.002207,74.125.200.0-255,2902,114416,41,147698
21523,0.002209,172.31.46.0-255,66,114482,41,147698
21524,0.002212,74.125.200.0-255,1484,115966,41,147698
21525,0.002241,74.125.200.0-255,4320,120286,41,147698
21526,0.002244,172.31.46.0-255,66,120352,41,147698
21527,0.00225,74.125.200.0-255,5738,126090,41,147698
21528,0.002253,172.31.46.0-255,66,126156,41,147698
21529,0.00226,74.125.200.0-255,5738,131894,41,147698
21530,0.002262,172.31.46.0-255,66,131960,41,147698
21531,0.00229,74.125.200.0-255,1484,133444,41,147698
21532,0.002302,172.31.46.0-255,66,133510,41,147698
21533,0.002326,74.125.200.0-255,1484,134994,41,147698
21534,0.002329,74.125.200.0-255,766,135760,41,147698
21535,0.002331,172.31.46.0-255,66,135826,41,147698
21536,0.004878,74.125.200.0-255,2902,138728,41,147698
21537,0.004885,172.31.46.0-255,66,138794,41,147698
21538,0.004907,74.125.200.0-255,2902,141696,41,147698
21539,0.004909,172.31.46.0-255,66,141762,41,147698
21540,0.007461,74.125.200.0-255,2902,144664,41,147698
21541,0.007467,172.31.46.0-255,66,144730,41,147698
21542,0.007486,74.125.200.0-255,2902,147632,41,147698
21543,0.007489,172.31.46.0-255,66,147698,41,147698
21544,0.0,74.125.24.0-255,152,152,41,196993
21545,2.3e-05,172.31.46.0-255,66,218,41,196993
21546,3.1e-05,74.125.24.0-255,1484,1702,41,196993
21547,3.6e-05,172.31.46.0-255,66,1768,41,196993
21548,4.8e-05,74.125.24.0-255,2902,4670,41,196993
21549,5.1e-05,172.31.46.0-255,66,4736,41,196993
21550,5.4e-05,74.125.24.0-255,1484,6220,41,196993
21551,5.7e-05,172.31.46.0-255,66,6286,41,196993
21552,8.9e-05,74.125.24.0-255,5738,12024,41,196993
21553,9.2e-05,172.31.46.0-255,66,12090,41,196993
21554,0.000106,172.31.46.0-255,66,12156,41,196993
21555,0.00013,74.125.24.0-255,3459,15615,41,196993
21556,0.000132,172.31.46.0-255,66,15681,41,196993
21557,0.000136,74.125.24.0-255,2543,18224,41,196993
21558,0.000139,172.31.46.0-255,66,18290,41,196993
21559,0.000173,74.125.24.0-255,1484,19774,41,196993
21560,0.000175,172.31.46.0-255,66,19840,41,196993
21561,0.00018,74.125.24.0-255,2902,22742,41,196993
21562,0.000183,172.31.46.0-255,66,22808,41,196993
21563,0.000216,74.125.24.0-255,4320,27128,41,196993
21564,0.000219,172.31.46.0-255,66,27194,41,196993
21565,0.00025,74.125.24.0-255,1484,28678,41,196993
21566,0.000253,172.31.46.0-255,66,28744,41,196993
21567,0.000258,74.125.24.0-255,4320,33064,41,196993
21568,0.00026,172.31.46.0-255,66,33130,41,196993
21569,0.000272,172.31.46.0-255,66,33196,41,196993
21570,0.000282,172.31.46.0-255,66,33262,41,196993
21571,0.000475,74.125.24.0-255,344,33606,41,196993
21572,0.00048,172.31.46.0-255,66,33672,41,196993
21573,0.000619,74.125.24.0-255,1484,35156,41,196993
21574,0.000625,74.125.24.0-255,1484,36640,41,196993
21575,0.000639,74.125.24.0-255,1484,38124,41,196993
21576,0.000649,74.125.24.0-255,5738,43862,41,196993
21577,0.000658,172.31.46.0-255,66,43928,41,196993
21578,0.000688,74.125.24.0-255,4320,48248,41,196993
21579,0.000693,74.125.24.0-255,4320,52568,41,196993
21580,0.000698,172.31.46.0-255,66,52634,41,196993
21581,0.00074,172.31.46.0-255,66,52700,41,196993
21582,0.001041,74.125.24.0-255,1484,54184,41,196993
21583,0.001048,74.125.24.0-255,2902,57086,41,196993
21584,0.001051,172.31.46.0-255,66,57152,41,196993
21585,0.001055,74.125.24.0-255,1484,58636,41,196993
21586,0.001071,74.125.24.0-255,4320,62956,41,196993
21587,0.0011,172.31.46.0-255,66,63022,41,196993
21588,0.001127,74.125.24.0-255,2902,65924,41,196993
21589,0.001133,74.125.24.0-255,4320,70244,41,196993
21590,0.001139,172.31.46.0-255,66,70310,41,196993
21591,0.00115,74.125.24.0-255,4320,74630,41,196993
21592,0.001169,74.125.24.0-255,2184,76814,41,196993
21593,0.001188,172.31.46.0-255,66,76880,41,196993
21594,0.00126,74.125.24.0-255,1484,78364,41,196993
21595,0.001265,74.125.24.0-255,2902,81266,41,196993
21596,0.001273,172.31.46.0-255,66,81332,41,196993
21597,0.001283,74.125.24.0-255,5738,87070,41,196993
21598,0.001292,74.125.24.0-255,1484,88554,41,196993
21599,0.001308,74.125.24.0-255,5738,94292,41,196993
21600,0.001317,172.31.46.0-255,66,94358,41,196993
21601,0.001334,74.125.24.0-255,4320,98678,41,196993
21602,0.00135,172.31.46.0-255,66,98744,41,196993
21603,0.001391,74.125.24.0-255,2902,101646,41,196993
21604,0.001399,172.31.46.0-255,66,101712,41,196993
21605,0.001462,172.31.46.0-255,66,101778,41,196993
21606,0.001468,172.31.46.0-255,66,101844,41,196993
21607,0.001499,74.125.24.0-255,4320,106164,41,196993
21608,0.001505,74.125.24.0-255,5738,111902,41,196993
21609,0.001535,74.125.24.0-255,2902,114804,41,196993
21610,0.001548,172.31.46.0-255,66,114870,41,196993
21611,0.001607,74.125.24.0-255,5738,120608,41,196993
21612,0.001611,74.125.24.0-255,2184,122792,41,196993
21613,0.001616,172.31.46.0-255,66,122858,41,196993
21614,0.001629,74.125.24.0-255,2902,125760,41,196993
21615,0.001643,172.31.46.0-255,66,125826,41,196993
21616,0.001722,74.125.24.0-255,1484,127310,41,196993
21617,0.001727,74.125.24.0-255,2902,130212,41,196993
21618,0.001739,172.31.46.0-255,66,130278,41,196993
21619,0.001746,74.125.24.0-255,5738,136016,41,196993
21620,0.001749,74.125.24.0-255,1484,137500,41,196993
21621,0.001754,172.31.46.0-255,66,137566,41,196993
21622,0.001781,74.125.24.0-255,4320,141886,41,196993
21623,0.001812,74.125.24.0-255,2902,144788,41,196993
21624,0.001818,74.125.24.0-255,5020,149808,41,196993
21625,0.001827,172.31.46.0-255,66,149874,41,196993
21626,0.00186,74.125.24.0-255,5738,155612,41,196993
21627,0.001863,74.125.24.0-255,1484,157096,41,196993
21628,0.001873,172.31.46.0-255,66,157162,41,196993
21629,0.001877,74.125.24.0-255,1484,158646,41,196993
21630,0.001918,74.125.24.0-255,4320,162966,41,196993
21631,0.001928,172.31.46.0-255,66,163032,41,196993
21632,0.001953,172.31.46.0-255,66,163098,41,196993
21633,0.001964,74.125.24.0-255,2184,165282,41,196993
21634,0.001973,74.125.24.0-255,4320,169602,41,196993
21635,0.001994,74.125.24.0-255,5738,175340,41,196993
21636,0.001998,172.31.46.0-255,66,175406,41,196993
21637,0.002008,74.125.24.0-255,4320,179726,41,196993
21638,0.002013,172.31.46.0-255,66,179792,41,196993
21639,0.00205,74.125.24.0-255,5738,185530,41,196993
21640,0.002056,172.31.46.0-255,66,185596,41,196993
21641,0.002118,74.125.24.0-255,2902,188498,41,196993
21642,0.002134,74.125.24.0-255,5738,194236,41,196993
21643,0.002139,74.125.24.0-255,2415,196651,41,196993
21644,0.002141,74.125.24.0-255,105,196756,41,196993
21645,0.002156,172.31.46.0-255,66,196822,41,196993
21646,0.004574,172.31.46.0-255,105,196927,41,196993
21647,0.00684,74.125.24.0-255,66,196993,41,196993
21648,0.0,74.125.24.0-255,147,147,41,116226
21649,2.2e-05,172.31.46.0-255,66,213,41,116226
21650,2.9e-05,74.125.24.0-255,1484,1697,41,116226
21651,3.4e-05,172.31.46.0-255,66,1763,41,116226
21652,4e-05,74.125.24.0-255,2902,4665,41,116226
21653,5.4e-05,172.31.46.0-255,66,4731,41,116226
21654,5.7e-05,74.125.24.0-255,1484,6215,41,116226
21655,6e-05,172.31.46.0-255,66,6281,41,116226
21656,6.8e-05,74.125.24.0-255,5738,12019,41,116226
21657,7.1e-05,172.31.46.0-255,66,12085,41,116226
21658,0.000111,172.31.46.0-255,66,12151,41,116226
21659,0.000118,74.125.24.0-255,5379,17530,41,116226
21660,0.000121,172.31.46.0-255,66,17596,41,116226
21661,0.000269,74.125.24.0-255,1484,19080,41,116226
21662,0.000273,172.31.46.0-255,66,19146,41,116226
21663,0.000278,74.125.24.0-255,1484,20630,41,116226
21664,0.00028,172.31.46.0-255,66,20696,41,116226
21665,0.000301,74.125.24.0-255,1484,22180,41,116226
21666,0.000304,172.31.46.0-255,66,22246,41,116226
21667,0.000315,74.125.24.0-255,5738,27984,41,116226
21668,0.000318,172.31.46.0-255,66,28050,41,116226
21669,0.000322,74.125.24.0-255,2902,30952,41,116226
21670,0.000324,172.31.46.0-255,66,31018,41,116226
21671,0.000363,172.31.46.0-255,66,31084,41,116226
21672,0.000376,172.31.46.0-255,66,31150,41,116226
21673,0.000379,74.125.24.0-255,412,31562,41,116226
21674,0.000381,172.31.46.0-255,66,31628,41,116226
21675,0.000409,74.125.24.0-255,1484,33112,41,116226
21676,0.000412,172.31.46.0-255,66,33178,41,116226
21677,0.000418,74.125.24.0-255,4320,37498,41,116226
21678,0.00042,172.31.46.0-255,66,37564,41,116226
21679,0.000443,74.125.24.0-255,4320,41884,41,116226
21680,0.000446,172.31.46.0-255,66,41950,41,116226
21681,0.000476,74.125.24.0-255,5738,47688,41,116226
21682,0.000479,172.31.46.0-255,66,47754,41,116226
21683,0.000482,74.125.24.0-255,1369,49123,41,116226
21684,0.000505,74.125.24.0-255,4320,53443,41,116226
21685,0.000507,172.31.46.0-255,66,53509,41,116226
21686,0.000538,172.31.46.0-255,66,53575,41,116226
21687,0.000545,74.125.24.0-255,5379,58954,41,116226
21688,0.000547,172.31.46.0-255,66,59020,41,116226
21689,0.001382,74.125.24.0-255,1484,60504,41,116226
21690,0.001388,74.125.24.0-255,2902,63406,41,116226
21691,0.001393,172.31.46.0-255,66,63472,41,116226
21692,0.001423,74.125.24.0-255,5738,69210,41,116226
21693,0.001425,172.31.46.0-255,66,69276,41,116226
21694,0.001469,172.31.46.0-255,66,69342,41,116226
21695,0.001485,172.31.46.0-255,66,69408,41,116226
21696,0.001516,74.125.24.0-255,3602,73010,41,116226
21697,0.001519,172.31.46.0-255,66,73076,41,116226
21698,0.001615,74.125.24.0-255,1484,74560,41,116226
21699,0.00162,74.125.24.0-255,2902,77462,41,116226
21700,0.001623,172.31.46.0-255,66,77528,41,116226
21701,0.001659,74.125.24.0-255,5738,83266,41,116226
21702,0.001663,172.31.46.0-255,66,83332,41,116226
21703,0.001666,74.125.24.0-255,1484,84816,41,116226
21704,0.001709,172.31.46.0-255,66,84882,41,116226
21705,0.001725,172.31.46.0-255,66,84948,41,116226
21706,0.001731,74.125.24.0-255,5020,89968,41,116226
21707,0.001733,172.31.46.0-255,66,90034,41,116226
21708,0.001858,74.125.24.0-255,1484,91518,41,116226
21709,0.001865,74.125.24.0-255,2902,94420,41,116226
21710,0.001868,172.31.46.0-255,66,94486,41,116226
21711,0.001875,74.125.24.0-255,5738,100224,41,116226
21712,0.001877,172.31.46.0-255,66,100290,41,116226
21713,0.001911,172.31.46.0-255,66,100356,41,116226
21714,0.001941,74.125.24.0-255,2902,103258,41,116226
21715,0.001944,172.31.46.0-255,66,103324,41,116226
21716,0.001955,172.31.46.0-255,66,103390,41,116226
21717,0.001964,74.125.24.0-255,2184,105574,41,116226
21718,0.001966,172.31.46.0-255,66,105640,41,116226
21719,0.002015,74.125.24.0-255,2902,108542,41,116226
21720,0.002018,172.31.46.0-255,66,108608,41,116226
21721,0.002024,74.125.24.0-255,4320,112928,41,116226
21722,0.002026,172.31.46.0-255,66,112994,41,116226
21723,0.00206,172.31.46.0-255,66,113060,41,116226
21724,0.002071,172.31.46.0-255,66,113126,41,116226
21725,0.002112,172.31.46.0-255,66,113192,41,116226
21726,0.002133,172.31.46.0-255,66,113258,41,116226
21727,0.002168,74.125.24.0-255,2902,116160,41,116226
21728,0.007814,172.31.46.0-255,66,116226,41,116226
21729,0.0,74.125.24.0-255,156,156,41,130503
21730,2.3e-05,172.31.46.0-255,66,222,41,130503
21731,3e-05,74.125.24.0-255,1484,1706,41,130503
21732,3.5e-05,172.31.46.0-255,66,1772,41,130503
21733,4.8e-05,74.125.24.0-255,2902,4674,41,130503
21734,5.1e-05,172.31.46.0-255,66,4740,41,130503
21735,6.2e-05,172.31.46.0-255,66,4806,41,130503
21736,7.2e-05,172.31.46.0-255,66,4872,41,130503
21737,8.1e-05,172.31.46.0-255,66,4938,41,130503
21738,0.000133,74.125.24.0-255,5379,10317,41,130503
21739,0.000136,172.31.46.0-255,66,10383,41,130503
21740,0.000144,74.125.24.0-255,5738,16121,41,130503
21741,0.000146,172.31.46.0-255,66,16187,41,130503
21742,0.000177,172.31.46.0-255,66,16253,41,130503
21743,0.000197,74.125.24.0-255,3961,20214,41,130503
21744,0.000199,172.31.46.0-255,66,20280,41,130503
21745,0.000453,74.125.24.0-255,1484,21764,41,130503
21746,0.00046,172.31.46.0-255,66,21830,41,130503
21747,0.000464,74.125.24.0-255,1484,23314,41,130503
21748,0.000466,172.31.46.0-255,66,23380,41,130503
21749,0.000498,74.125.24.0-255,1484,24864,41,130503
21750,0.000504,74.125.24.0-255,5738,30602,41,130503
21751,0.000508,172.31.46.0-255,66,30668,41,130503
21752,0.000511,172.31.46.0-255,66,30734,41,130503
21753,0.000535,172.31.46.0-255,66,30800,41,130503
21754,0.000669,74.125.24.0-255,1484,32284,41,130503
21755,0.000673,74.125.24.0-255,1484,33768,41,130503
21756,0.000677,172.31.46.0-255,66,33834,41,130503
21757,0.000687,74.125.24.0-255,1484,35318,41,130503
21758,0.00069,172.31.46.0-255,66,35384,41,130503
21759,0.000697,74.125.24.0-255,1484,36868,41,130503
21760,0.000723,74.125.24.0-255,4320,41188,41,130503
21761,0.000726,172.31.46.0-255,66,41254,41,130503
21762,0.000729,74.125.24.0-255,1484,42738,41,130503
21763,0.000733,74.125.24.0-255,2902,45640,41,130503
21764,0.000736,172.31.46.0-255,66,45706,41,130503
21765,0.00077,74.125.24.0-255,4320,50026,41,130503
21766,0.000772,172.31.46.0-255,66,50092,41,130503
21767,0.000792,74.125.24.0-255,2543,52635,41,130503
21768,0.000794,172.31.46.0-255,66,52701,41,130503
21769,0.000834,172.31.46.0-255,66,52767,41,130503
21770,0.00088,74.125.24.0-255,1484,54251,41,130503
21771,0.000886,74.125.24.0-255,2902,57153,41,130503
21772,0.000888,172.31.46.0-255,66,57219,41,130503
21773,0.000896,74.125.24.0-255,5738,62957,41,130503
21774,0.000898,172.31.46.0-255,66,63023,41,130503
21775,0.000908,74.125.24.0-255,4320,67343,41,130503
21776,0.00091,172.31.46.0-255,66,67409,41,130503
21777,0.00096,172.31.46.0-255,66,67475,41,130503
21778,0.000978,172.31.46.0-255,66,67541,41,130503
21779,0.00099,172.31.46.0-255,66,67607,41,130503
21780,0.001,172.31.46.0-255,66,67673,41,130503
21781,0.001033,74.125.24.0-255,4320,71993,41,130503
21782,0.001036,172.31.46.0-255,66,72059,41,130503
21783,0.001074,172.31.46.0-255,66,72125,41,130503
21784,0.001161,74.125.24.0-255,1484,73609,41,130503
21785,0.001165,74.125.24.0-255,1484,75093,41,130503
21786,0.00117,172.31.46.0-255,66,75159,41,130503
21787,0.001178,74.125.24.0-255,1484,76643,41,130503
21788,0.001189,74.125.24.0-255,5738,82381,41,130503
21789,0.001194,172.31.46.0-255,66,82447,41,130503
21790,0.001218,172.31.46.0-255,66,82513,41,130503
21791,0.001247,74.125.24.0-255,2902,85415,41,130503
21792,0.001249,172.31.46.0-255,66,85481,41,130503
21793,0.001266,172.31.46.0-255,66,85547,41,130503
21794,0.001823,74.125.24.0-255,1484,87031,41,130503
21795,0.001829,74.125.24.0-255,1484,88515,41,130503
21796,0.001832,172.31.46.0-255,66,88581,41,130503
21797,0.001861,74.125.24.0-255,1484,90065,41,130503
21798,0.001868,74.125.24.0-255,5738,95803,41,130503
21799,0.00187,172.31.46.0-255,66,95869,41,130503
21800,0.001939,172.31.46.0-255,66,95935,41,130503
21801,0.001954,172.31.46.0-255,66,96001,41,130503
21802,0.001958,74.125.24.0-255,2184,98185,41,130503
21803,0.00196,172.31.46.0-255,66,98251,41,130503
21804,0.001998,74.125.24.0-255,2902,101153,41,130503
21805,0.002001,172.31.46.0-255,66,101219,41,130503
21806,0.002004,74.125.24.0-255,1484,102703,41,130503
21807,0.00201,74.125.24.0-255,5738,108441,41,130503
21808,0.002012,172.31.46.0-255,66,108507,41,130503
21809,0.002031,172.31.46.0-255,66,108573,41,130503
21810,0.002068,74.125.24.0-255,5738,114311,41,130503
21811,0.002081,172.31.46.0-255,66,114377,41,130503
21812,0.002084,172.31.46.0-255,66,114443,41,130503
21813,0.004173,74.125.24.0-255,5738,120181,41,130503
21814,0.004183,172.31.46.0-255,66,120247,41,130503
21815,0.006251,74.125.24.0-255,4320,124567,41,130503
21816,0.006254,172.31.46.0-255,66,124633,41,130503
21817,0.00627,74.125.24.0-255,1484,126117,41,130503
21818,0.008326,74.125.24.0-255,4320,130437,41,130503
21819,0.008335,172.31.46.0-255,66,130503,41,130503
21820,0.0,172.31.46.0-255,105,105,41,276
21821,0.001516,157.240.13.0-255,105,210,41,276
21822,0.00153,172.31.46.0-255,66,276,41,276
21823,0.0,172.217.194.0-255,146,146,41,185310
21824,1.8e-05,172.31.46.0-255,66,212,41,185310
21825,2.4e-05,172.217.194.0-255,1484,1696,41,185310
21826,2.9e-05,172.31.46.0-255,66,1762,41,185310
21827,3.4e-05,172.217.194.0-255,2902,4664,41,185310
21828,3.8e-05,172.31.46.0-255,66,4730,41,185310
21829,4.3e-05,172.217.194.0-255,5738,10468,41,185310
21830,4.6e-05,172.31.46.0-255,66,10534,41,185310
21831,9.1e-05,172.217.194.0-255,3513,14047,41,185310
21832,9.3e-05,172.31.46.0-255,66,14113,41,185310
21833,9.8e-05,172.217.194.0-255,4320,18433,41,185310
21834,0.0001,172.31.46.0-255,66,18499,41,185310
21835,0.000127,172.31.46.0-255,66,18565,41,185310
21836,0.000146,172.217.194.0-255,1484,20049,41,185310
21837,0.000148,172.31.46.0-255,66,20115,41,185310
21838,0.000152,172.217.194.0-255,2543,22658,41,185310
21839,0.000154,172.31.46.0-255,66,22724,41,185310
21840,0.000286,172.217.194.0-255,1484,24208,41,185310
21841,0.00029,172.31.46.0-255,66,24274,41,185310
21842,0.000295,172.217.194.0-255,2902,27176,41,185310
21843,0.000297,172.31.46.0-255,66,27242,41,185310
21844,0.0003,172.217.194.0-255,1484,28726,41,185310
21845,0.000302,172.31.46.0-255,66,28792,41,185310
21846,0.000324,172.217.194.0-255,4320,33112,41,185310
21847,0.000326,172.31.46.0-255,66,33178,41,185310
21848,0.00035,172.31.46.0-255,66,33244,41,185310
21849,0.000384,172.31.46.0-255,66,33310,41,185310
21850,0.000394,172.31.46.0-255,66,33376,41,185310
21851,0.000396,172.217.194.0-255,676,34052,41,185310
21852,0.000398,172.31.46.0-255,66,34118,41,185310
21853,0.000587,172.217.194.0-255,1484,35602,41,185310
21854,0.000591,172.31.46.0-255,66,35668,41,185310
21855,0.000597,172.217.194.0-255,2902,38570,41,185310
21856,0.000598,172.31.46.0-255,66,38636,41,185310
21857,0.000615,172.217.194.0-255,5738,44374,41,185310
21858,0.000618,172.31.46.0-255,66,44440,41,185310
21859,0.000621,172.217.194.0-255,1484,45924,41,185310
21860,0.000623,172.31.46.0-255,66,45990,41,185310
21861,0.000656,172.31.46.0-255,66,46056,41,185310
21862,0.000672,172.217.194.0-255,2902,48958,41,185310
21863,0.000674,172.31.46.0-255,66,49024,41,185310
21864,0.000709,172.31.46.0-255,66,49090,41,185310
21865,0.000853,172.217.194.0-255,1484,50574,41,185310
21866,0.000857,172.31.46.0-255,66,50640,41,185310
21867,0.00087,172.217.194.0-255,2902,53542,41,185310
21868,0.000872,172.31.46.0-255,66,53608,41,185310
21869,0.000877,172.217.194.0-255,4320,57928,41,185310
21870,0.000879,172.31.46.0-255,66,57994,41,185310
21871,0.0009,172.217.194.0-255,1484,59478,41,185310
21872,0.000903,172.31.46.0-255,66,59544,41,185310
21873,0.000915,172.31.46.0-255,66,59610,41,185310
21874,0.000928,172.31.46.0-255,66,59676,41,185310
21875,0.001016,172.217.194.0-255,1484,61160,41,185310
21876,0.00102,172.31.46.0-255,66,61226,41,185310
21877,0.001023,172.217.194.0-255,1484,62710,41,185310
21878,0.001025,172.31.46.0-255,66,62776,41,185310
21879,0.001039,172.217.194.0-255,1484,64260,41,185310
21880,0.001042,172.31.46.0-255,66,64326,41,185310
21881,0.001048,172.217.194.0-255,5738,70064,41,185310
21882,0.00105,172.31.46.0-255,66,70130,41,185310
21883,0.001062,172.217.194.0-255,1484,71614,41,185310
21884,0.001064,172.31.46.0-255,66,71680,41,185310
21885,0.001091,172.31.46.0-255,66,71746,41,185310
21886,0.001133,172.217.194.0-255,5738,77484,41,185310
21887,0.001135,172.31.46.0-255,66,77550,41,185310
21888,0.001158,172.217.194.0-255,5020,82570,41,185310
21889,0.001162,172.31.46.0-255,66,82636,41,185310
21890,0.001169,172.217.194.0-255,1484,84120,41,185310
21891,0.001171,172.31.46.0-255,66,84186,41,185310
21892,0.001186,172.217.194.0-255,5738,89924,41,185310
21893,0.001188,172.31.46.0-255,66,89990,41,185310
21894,0.001219,172.217.194.0-255,4320,94310,41,185310
21895,0.001258,172.31.46.0-255,66,94376,41,185310
21896,0.001667,172.217.194.0-255,1484,95860,41,185310
21897,0.001671,172.217.194.0-255,1484,97344,41,185310
21898,0.001674,172.31.46.0-255,66,97410,41,185310
21899,0.001692,172.217.194.0-255,1484,98894,41,185310
21900,0.001699,172.217.194.0-255,5738,104632,41,185310
21901,0.001705,172.31.46.0-255,66,104698,41,185310
21902,0.001737,172.217.194.0-255,2902,107600,41,185310
21903,0.001741,172.31.46.0-255,66,107666,41,185310
21904,0.001792,172.31.46.0-255,66,107732,41,185310
21905,0.001818,172.217.194.0-255,1484,109216,41,185310
21906,0.001823,172.31.46.0-255,66,109282,41,185310
21907,0.001845,172.217.194.0-255,766,110048,41,185310
21908,0.001863,172.31.46.0-255,66,110114,41,185310
21909,0.001975,172.217.194.0-255,1484,111598,41,185310
21910,0.001979,172.217.194.0-255,2902,114500,41,185310
21911,0.001985,172.31.46.0-255,66,114566,41,185310
21912,0.002005,172.217.194.0-255,5738,120304,41,185310
21913,0.00201,172.31.46.0-255,66,120370,41,185310
21914,0.00202,172.217.194.0-255,4320,124690,41,185310
21915,0.002033,172.217.194.0-255,5738,130428,41,185310
21916,0.002042,172.31.46.0-255,66,130494,41,185310
21917,0.002049,172.217.194.0-255,2902,133396,41,185310
21918,0.002054,172.217.194.0-255,4320,137716,41,185310
21919,0.002058,172.31.46.0-255,66,137782,41,185310
21920,0.002068,172.217.194.0-255,5738,143520,41,185310
21921,0.002071,172.217.194.0-255,766,144286,41,185310
21922,0.002089,172.31.46.0-255,66,144352,41,185310
21923,0.002145,172.217.194.0-255,1484,145836,41,185310
21924,0.002149,172.217.194.0-255,2902,148738,41,185310
21925,0.002158,172.31.46.0-255,66,148804,41,185310
21926,0.002168,172.217.194.0-255,5738,154542,41,185310
21927,0.002203,172.31.46.0-255,66,154608,41,185310
21928,0.002206,172.217.194.0-255,2902,157510,41,185310
21929,0.002211,172.31.46.0-255,66,157576,41,185310
21930,0.002228,172.217.194.0-255,4320,161896,41,185310
21931,0.002236,172.31.46.0-255,66,161962,41,185310
21932,0.002283,172.31.46.0-255,66,162028,41,185310
21933,0.002303,172.217.194.0-255,5738,167766,41,185310
21934,0.002312,172.31.46.0-255,66,167832,41,185310
21935,0.002367,172.31.46.0-255,66,167898,41,185310
21936,0.004697,172.217.194.0-255,5738,173636,41,185310
21937,0.004704,172.31.46.0-255,66,173702,41,185310
21938,0.006997,172.217.194.0-255,5738,179440,41,185310
21939,0.007003,172.31.46.0-255,66,179506,41,185310
21940,0.009284,172.217.194.0-255,5738,185244,41,185310
21941,0.009291,172.31.46.0-255,66,185310,41,185310
21942,0.0,74.125.130.0-255,146,146,41,160253
21943,2.3e-05,172.31.46.0-255,66,212,41,160253
21944,3e-05,74.125.130.0-255,1484,1696,41,160253
21945,3.4e-05,172.31.46.0-255,66,1762,41,160253
21946,4e-05,74.125.130.0-255,2902,4664,41,160253
21947,4.3e-05,172.31.46.0-255,66,4730,41,160253
21948,4.9e-05,74.125.130.0-255,4320,9050,41,160253
21949,5.3e-05,172.31.46.0-255,66,9116,41,160253
21950,7.2e-05,74.125.130.0-255,1484,10600,41,160253
21951,7.4e-05,172.31.46.0-255,66,10666,41,160253
21952,9.3e-05,74.125.130.0-255,3329,13995,41,160253
21953,9.6e-05,172.31.46.0-255,66,14061,41,160253
21954,0.000111,74.125.130.0-255,5738,19799,41,160253
21955,0.000114,172.31.46.0-255,66,19865,41,160253
21956,0.000141,74.125.130.0-255,5738,25603,41,160253
21957,0.000143,172.31.46.0-255,66,25669,41,160253
21958,0.00015,74.125.130.0-255,5738,31407,41,160253
21959,0.000152,172.31.46.0-255,66,31473,41,160253
21960,0.000166,74.125.130.0-255,1484,32957,41,160253
21961,0.000168,172.31.46.0-255,66,33023,41,160253
21962,0.000204,172.31.46.0-255,66,33089,41,160253
21963,0.000215,172.31.46.0-255,66,33155,41,160253
21964,0.001067,74.125.130.0-255,1484,34639,41,160253
21965,0.001073,172.31.46.0-255,66,34705,41,160253
21966,0.001099,74.125.130.0-255,2902,37607,41,160253
21967,0.001101,172.31.46.0-255,66,37673,41,160253
21968,0.001106,74.125.130.0-255,2902,40575,41,160253
21969,0.001109,172.31.46.0-255,66,40641,41,160253
21970,0.001115,74.125.130.0-255,4320,44961,41,160253
21971,0.001117,172.31.46.0-255,66,45027,41,160253
21972,0.001137,74.125.130.0-255,1484,46511,41,160253
21973,0.00114,172.31.46.0-255,66,46577,41,160253
21974,0.001158,74.125.130.0-255,4250,50827,41,160253
21975,0.00116,172.31.46.0-255,66,50893,41,160253
21976,0.001165,74.125.130.0-255,2902,53795,41,160253
21977,0.001167,172.31.46.0-255,66,53861,41,160253
21978,0.001185,74.125.130.0-255,2902,56763,41,160253
21979,0.001187,172.31.46.0-255,66,56829,41,160253
21980,0.001197,172.31.46.0-255,66,56895,41,160253
21981,0.001214,74.125.130.0-255,4320,61215,41,160253
21982,0.001216,172.31.46.0-255,66,61281,41,160253
21983,0.001246,74.125.130.0-255,1484,62765,41,160253
21984,0.001249,172.31.46.0-255,66,62831,41,160253
21985,0.001283,172.31.46.0-255,66,62897,41,160253
21986,0.001289,74.125.130.0-255,3322,66219,41,160253
21987,0.001291,172.31.46.0-255,66,66285,41,160253
21988,0.001678,74.125.130.0-255,1484,67769,41,160253
21989,0.001686,172.31.46.0-255,66,67835,41,160253
21990,0.001693,74.125.130.0-255,2902,70737,41,160253
21991,0.001696,172.31.46.0-255,66,70803,41,160253
21992,0.001718,74.125.130.0-255,2902,73705,41,160253
21993,0.00172,172.31.46.0-255,66,73771,41,160253
21994,0.001725,74.125.130.0-255,2902,76673,41,160253
21995,0.001727,172.31.46.0-255,66,76739,41,160253
21996,0.001745,74.125.130.0-255,1484,78223,41,160253
21997,0.001747,172.31.46.0-255,66,78289,41,160253
21998,0.001752,74.125.130.0-255,2902,81191,41,160253
21999,0.001754,172.31.46.0-255,66,81257,41,160253
22000,0.001773,74.125.130.0-255,5738,86995,41,160253
22001,0.001776,172.31.46.0-255,66,87061,41,160253
22002,0.00178,74.125.130.0-255,2902,89963,41,160253
22003,0.001783,172.31.46.0-255,66,90029,41,160253
22004,0.001807,74.125.130.0-255,4320,94349,41,160253
22005,0.00181,172.31.46.0-255,66,94415,41,160253
22006,0.001828,74.125.130.0-255,2902,97317,41,160253
22007,0.001831,172.31.46.0-255,66,97383,41,160253
22008,0.001836,74.125.130.0-255,3602,100985,41,160253
22009,0.001839,172.31.46.0-255,66,101051,41,160253
22010,0.002286,74.125.130.0-255,1484,102535,41,160253
22011,0.002303,74.125.130.0-255,1484,104019,41,160253
22012,0.00232,74.125.130.0-255,2902,106921,41,160253
22013,0.002334,172.31.46.0-255,66,106987,41,160253
22014,0.002347,74.125.130.0-255,5738,112725,41,160253
22015,0.002358,172.31.46.0-255,66,112791,41,160253
22016,0.002375,74.125.130.0-255,4320,117111,41,160253
22017,0.002394,74.125.130.0-255,2902,120013,41,160253
22018,0.002397,172.31.46.0-255,66,120079,41,160253
22019,0.002406,74.125.130.0-255,4320,124399,41,160253
22020,0.002418,74.125.130.0-255,1484,125883,41,160253
22021,0.002421,172.31.46.0-255,66,125949,41,160253
22022,0.002436,74.125.130.0-255,2902,128851,41,160253
22023,0.002462,74.125.130.0-255,4320,133171,41,160253
22024,0.002466,74.125.130.0-255,2184,135355,41,160253
22025,0.002481,74.125.130.0-255,2902,138257,41,160253
22026,0.002484,172.31.46.0-255,66,138323,41,160253
22027,0.002489,172.31.46.0-255,66,138389,41,160253
22028,0.002514,74.125.130.0-255,4320,142709,41,160253
22029,0.002528,74.125.130.0-255,2902,145611,41,160253
22030,0.002533,74.125.130.0-255,2902,148513,41,160253
22031,0.002536,172.31.46.0-255,66,148579,41,160253
22032,0.002542,172.31.46.0-255,66,148645,41,160253
22033,0.005043,74.125.130.0-255,5738,154383,41,160253
22034,0.00505,172.31.46.0-255,66,154449,41,160253
22035,0.007555,74.125.130.0-255,5738,160187,41,160253
22036,0.007562,172.31.46.0-255,66,160253,41,160253
22037,0.0,74.125.68.0-255,153,153,41,186317
22038,2.3e-05,172.31.46.0-255,66,219,41,186317
22039,3e-05,74.125.68.0-255,1484,1703,41,186317
22040,3.5e-05,172.31.46.0-255,66,1769,41,186317
22041,4.7e-05,74.125.68.0-255,2902,4671,41,186317
22042,5e-05,172.31.46.0-255,66,4737,41,186317
22043,5.5e-05,74.125.68.0-255,2902,7639,41,186317
22044,5.9e-05,172.31.46.0-255,66,7705,41,186317
22045,9.2e-05,74.125.68.0-255,4320,12025,41,186317
22046,9.6e-05,172.31.46.0-255,66,12091,41,186317
22047,0.0001,74.125.68.0-255,2080,14171,41,186317
22048,0.000103,172.31.46.0-255,66,14237,41,186317
22049,0.000126,74.125.68.0-255,1484,15721,41,186317
22050,0.000128,172.31.46.0-255,66,15787,41,186317
22051,0.000132,74.125.68.0-255,1484,17271,41,186317
22052,0.000134,172.31.46.0-255,66,17337,41,186317
22053,0.000161,74.125.68.0-255,1484,18821,41,186317
22054,0.000164,172.31.46.0-255,66,18887,41,186317
22055,0.000172,74.125.68.0-255,5738,24625,41,186317
22056,0.000174,172.31.46.0-255,66,24691,41,186317
22057,0.000179,74.125.68.0-255,2902,27593,41,186317
22058,0.000181,172.31.46.0-255,66,27659,41,186317
22059,0.000207,74.125.68.0-255,3961,31620,41,186317
22060,0.00021,172.31.46.0-255,66,31686,41,186317
22061,0.000595,74.125.68.0-255,1484,33170,41,186317
22062,0.000601,172.31.46.0-255,66,33236,41,186317
22063,0.000608,74.125.68.0-255,2902,36138,41,186317
22064,0.00061,172.31.46.0-255,66,36204,41,186317
22065,0.000645,74.125.68.0-255,5738,41942,41,186317
22066,0.000648,172.31.46.0-255,66,42008,41,186317
22067,0.000653,74.125.68.0-255,4320,46328,41,186317
22068,0.000655,172.31.46.0-255,66,46394,41,186317
22069,0.000658,74.125.68.0-255,1484,47878,41,186317
22070,0.000691,74.125.68.0-255,3961,51839,41,186317
22071,0.000693,172.31.46.0-255,66,51905,41,186317
22072,0.0007,74.125.68.0-255,5738,57643,41,186317
22073,0.000703,172.31.46.0-255,66,57709,41,186317
22074,0.000741,74.125.68.0-255,5738,63447,41,186317
22075,0.000746,172.31.46.0-255,66,63513,41,186317
22076,0.000754,74.125.68.0-255,1484,64997,41,186317
22077,0.00079,74.125.68.0-255,1432,66429,41,186317
22078,0.000792,172.31.46.0-255,66,66495,41,186317
22079,0.000811,74.125.68.0-255,118,66613,41,186317
22080,0.000872,74.125.68.0-255,1484,68097,41,186317
22081,0.000876,172.31.46.0-255,66,68163,41,186317
22082,0.00088,74.125.68.0-255,1484,69647,41,186317
22083,0.0009,74.125.68.0-255,1484,71131,41,186317
22084,0.000903,172.31.46.0-255,66,71197,41,186317
22085,0.000909,74.125.68.0-255,4320,75517,41,186317
22086,0.000911,172.31.46.0-255,66,75583,41,186317
22087,0.00093,74.125.68.0-255,4320,79903,41,186317
22088,0.000933,172.31.46.0-255,66,79969,41,186317
22089,0.000961,74.125.68.0-255,4320,84289,41,186317
22090,0.000964,172.31.46.0-255,66,84355,41,186317
22091,0.000969,74.125.68.0-255,4320,88675,41,186317
22092,0.000971,172.31.46.0-255,66,88741,41,186317
22093,0.000978,74.125.68.0-255,5738,94479,41,186317
22094,0.00098,172.31.46.0-255,66,94545,41,186317
22095,0.001021,74.125.68.0-255,2902,97447,41,186317
22096,0.001024,172.31.46.0-255,66,97513,41,186317
22097,0.001055,74.125.68.0-255,3864,101377,41,186317
22098,0.001058,172.31.46.0-255,66,101443,41,186317
22099,0.001239,74.125.68.0-255,1484,102927,41,186317
22100,0.001259,74.125.68.0-255,1484,104411,41,186317
22101,0.001262,172.31.46.0-255,66,104477,41,186317
22102,0.001303,74.125.68.0-255,2902,107379,41,186317
22103,0.001306,172.31.46.0-255,66,107445,41,186317
22104,0.001341,74.125.68.0-255,4320,111765,41,186317
22105,0.001344,172.31.46.0-255,66,111831,41,186317
22106,0.001369,74.125.68.0-255,2902,114733,41,186317
22107,0.001372,172.31.46.0-255,66,114799,41,186317
22108,0.001377,74.125.68.0-255,4320,119119,41,186317
22109,0.00138,172.31.46.0-255,66,119185,41,186317
22110,0.00144,172.31.46.0-255,66,119251,41,186317
22111,0.001446,74.125.68.0-255,4320,123571,41,186317
22112,0.001448,172.31.46.0-255,66,123637,41,186317
22113,0.001451,74.125.68.0-255,1484,125121,41,186317
22114,0.001474,74.125.68.0-255,2184,127305,41,186317
22115,0.001482,172.31.46.0-255,66,127371,41,186317
22116,0.001615,74.125.68.0-255,1484,128855,41,186317
22117,0.001629,74.125.68.0-255,2902,131757,41,186317
22118,0.001634,172.31.46.0-255,66,131823,41,186317
22119,0.001654,74.125.68.0-255,5738,137561,41,186317
22120,0.001656,172.31.46.0-255,66,137627,41,186317
22121,0.001661,74.125.68.0-255,2902,140529,41,186317
22122,0.001663,172.31.46.0-255,66,140595,41,186317
22123,0.001688,74.125.68.0-255,4320,144915,41,186317
22124,0.00169,172.31.46.0-255,66,144981,41,186317
22125,0.001721,74.125.68.0-255,2902,147883,41,186317
22126,0.001724,172.31.46.0-255,66,147949,41,186317
22127,0.001754,74.125.68.0-255,4320,152269,41,186317
22128,0.001757,172.31.46.0-255,66,152335,41,186317
22129,0.001803,74.125.68.0-255,1484,153819,41,186317
22130,0.001817,74.125.68.0-255,2902,156721,41,186317
22131,0.00182,172.31.46.0-255,66,156787,41,186317
22132,0.001867,74.125.68.0-255,5020,161807,41,186317
22133,0.001871,172.31.46.0-255,66,161873,41,186317
22134,0.002015,74.125.68.0-255,1484,163357,41,186317
22135,0.002021,74.125.68.0-255,2902,166259,41,186317
22136,0.002023,172.31.46.0-255,66,166325,41,186317
22137,0.002051,74.125.68.0-255,5738,172063,41,186317
22138,0.002054,172.31.46.0-255,66,172129,41,186317
22139,0.002084,172.31.46.0-255,66,172195,41,186317
22140,0.00213,74.125.68.0-255,2902,175097,41,186317
22141,0.002134,172.31.46.0-255,66,175163,41,186317
22142,0.002145,74.125.68.0-255,4320,179483,41,186317
22143,0.002183,74.125.68.0-255,766,180249,41,186317
22144,0.002198,172.31.46.0-255,66,180315,41,186317
22145,0.00633,172.31.46.0-255,66,180381,41,186317
22146,0.007228,172.31.46.0-255,66,180447,41,186317
22147,0.00856,74.125.68.0-255,4320,184767,41,186317
22148,0.00857,172.31.46.0-255,66,184833,41,186317
22149,0.00944,74.125.68.0-255,1484,186317,41,186317
22150,0.0,172.217.194.0-255,297,297,41,117689
22151,1.9e-05,172.31.46.0-255,66,363,41,117689
22152,2.6e-05,172.217.194.0-255,1484,1847,41,117689
22153,3e-05,172.31.46.0-255,66,1913,41,117689
22154,3.8e-05,172.217.194.0-255,4320,6233,41,117689
22155,4.2e-05,172.31.46.0-255,66,6299,41,117689
22156,5.6e-05,172.217.194.0-255,5738,12037,41,117689
22157,5.9e-05,172.31.46.0-255,66,12103,41,117689
22158,6.5e-05,172.217.194.0-255,6137,18240,41,117689
22159,6.8e-05,172.31.46.0-255,66,18306,41,117689
22160,0.000119,172.31.46.0-255,66,18372,41,117689
22161,0.000145,172.217.194.0-255,4320,22692,41,117689
22162,0.000148,172.31.46.0-255,66,22758,41,117689
22163,0.000153,172.217.194.0-255,2902,25660,41,117689
22164,0.000155,172.31.46.0-255,66,25726,41,117689
22165,0.000179,172.217.194.0-255,2902,28628,41,117689
22166,0.000181,172.31.46.0-255,66,28694,41,117689
22167,0.000194,172.31.46.0-255,66,28760,41,117689
22168,0.000197,172.217.194.0-255,1484,30244,41,117689
22169,0.000199,172.31.46.0-255,66,30310,41,117689
22170,0.000214,172.217.194.0-255,5738,36048,41,117689
22171,0.000217,172.31.46.0-255,66,36114,41,117689
22172,0.000224,172.217.194.0-255,1484,37598,41,117689
22173,0.000226,172.31.46.0-255,66,37664,41,117689
22174,0.000265,172.31.46.0-255,66,37730,41,117689
22175,0.000267,172.217.194.0-255,362,38092,41,117689
22176,0.000269,172.31.46.0-255,66,38158,41,117689
22177,0.000328,172.217.194.0-255,1484,39642,41,117689
22178,0.000332,172.31.46.0-255,66,39708,41,117689
22179,0.000335,172.217.194.0-255,1484,41192,41,117689
22180,0.000356,172.217.194.0-255,1484,42676,41,117689
22181,0.000359,172.31.46.0-255,66,42742,41,117689
22182,0.000366,172.217.194.0-255,5738,48480,41,117689
22183,0.000368,172.31.46.0-255,66,48546,41,117689
22184,0.000405,172.31.46.0-255,66,48612,41,117689
22185,0.000436,172.31.46.0-255,66,48678,41,117689
22186,0.000471,172.31.46.0-255,66,48744,41,117689
22187,0.000491,172.217.194.0-255,1993,50737,41,117689
22188,0.000495,172.31.46.0-255,66,50803,41,117689
22189,0.00051,172.31.46.0-255,66,50869,41,117689
22190,0.000543,172.217.194.0-255,3961,54830,41,117689
22191,0.000545,172.31.46.0-255,66,54896,41,117689
22192,0.000865,172.217.194.0-255,1484,56380,41,117689
22193,0.000873,172.217.194.0-255,2902,59282,41,117689
22194,0.000878,172.31.46.0-255,66,59348,41,117689
22195,0.000885,172.217.194.0-255,5738,65086,41,117689
22196,0.000887,172.31.46.0-255,66,65152,41,117689
22197,0.00089,172.217.194.0-255,1484,66636,41,117689
22198,0.000962,172.31.46.0-255,66,66702,41,117689
22199,0.001003,172.31.46.0-255,66,66768,41,117689
22200,0.00121,172.217.194.0-255,1484,68252,41,117689
22201,0.001217,172.217.194.0-255,2902,71154,41,117689
22202,0.00122,172.31.46.0-255,66,71220,41,117689
22203,0.001252,172.217.194.0-255,5738,76958,41,117689
22204,0.001255,172.31.46.0-255,66,77024,41,117689
22205,0.00126,172.217.194.0-255,4320,81344,41,117689
22206,0.001262,172.31.46.0-255,66,81410,41,117689
22207,0.001299,172.217.194.0-255,2543,83953,41,117689
22208,0.001302,172.31.46.0-255,66,84019,41,117689
22209,0.001343,172.217.194.0-255,2902,86921,41,117689
22210,0.001347,172.31.46.0-255,66,86987,41,117689
22211,0.001352,172.217.194.0-255,2902,89889,41,117689
22212,0.001354,172.31.46.0-255,66,89955,41,117689
22213,0.001385,172.217.194.0-255,4320,94275,41,117689
22214,0.001387,172.31.46.0-255,66,94341,41,117689
22215,0.001398,172.31.46.0-255,66,94407,41,117689
22216,0.001464,172.31.46.0-255,66,94473,41,117689
22217,0.003542,172.217.194.0-255,5738,100211,41,117689
22218,0.00355,172.31.46.0-255,66,100277,41,117689
22219,0.005638,172.217.194.0-255,5738,106015,41,117689
22220,0.005645,172.31.46.0-255,66,106081,41,117689
22221,0.007702,172.217.194.0-255,5738,111819,41,117689
22222,0.007706,172.31.46.0-255,66,111885,41,117689
22223,0.009759,172.217.194.0-255,5738,117623,41,117689
22224,0.009766,172.31.46.0-255,66,117689,41,117689
22225,0.0,74.125.24.0-255,146,146,41,97198
22226,2.2e-05,172.31.46.0-255,66,212,41,97198
22227,2.9e-05,74.125.24.0-255,1484,1696,41,97198
22228,3.3e-05,172.31.46.0-255,66,1762,41,97198
22229,3.8e-05,74.125.24.0-255,2902,4664,41,97198
22230,4.8e-05,172.31.46.0-255,66,4730,41,97198
22231,5.9e-05,172.31.46.0-255,66,4796,41,97198
22232,6.3e-05,74.125.24.0-255,2115,6911,41,97198
22233,6.5e-05,172.31.46.0-255,66,6977,41,97198
22234,0.000162,74.125.24.0-255,1484,8461,41,97198
22235,0.000165,172.31.46.0-255,66,8527,41,97198
22236,0.000194,74.125.24.0-255,2902,11429,41,97198
22237,0.000197,172.31.46.0-255,66,11495,41,97198
22238,0.000201,74.125.24.0-255,2902,14397,41,97198
22239,0.000203,172.31.46.0-255,66,14463,41,97198
22240,0.000215,74.125.24.0-255,5738,20201,41,97198
22241,0.000217,172.31.46.0-255,66,20267,41,97198
22242,0.000242,74.125.24.0-255,1484,21751,41,97198
22243,0.000245,172.31.46.0-255,66,21817,41,97198
22244,0.000253,74.125.24.0-255,2543,24360,41,97198
22245,0.000255,172.31.46.0-255,66,24426,41,97198
22246,0.000327,74.125.24.0-255,1484,25910,41,97198
22247,0.000331,172.31.46.0-255,66,25976,41,97198
22248,0.000336,74.125.24.0-255,2902,28878,41,97198
22249,0.000339,172.31.46.0-255,66,28944,41,97198
22250,0.000345,74.125.24.0-255,5738,34682,41,97198
22251,0.000347,172.31.46.0-255,66,34748,41,97198
22252,0.000357,74.125.24.0-255,4320,39068,41,97198
22253,0.000359,172.31.46.0-255,66,39134,41,97198
22254,0.000401,172.31.46.0-255,66,39200,41,97198
22255,0.000409,172.31.46.0-255,66,39266,41,97198
22256,0.000429,74.125.24.0-255,426,39692,41,97198
22257,0.000714,74.125.24.0-255,348,40040,41,97198
22258,0.001091,172.31.46.0-255,66,40106,41,97198
22259,0.001188,74.125.24.0-255,1484,41590,41,97198
22260,0.001197,74.125.24.0-255,2902,44492,41,97198
22261,0.0012,172.31.46.0-255,66,44558,41,97198
22262,0.001206,74.125.24.0-255,2902,47460,41,97198
22263,0.001208,172.31.46.0-255,66,47526,41,97198
22264,0.001237,74.125.24.0-255,2902,50428,41,97198
22265,0.001239,172.31.46.0-255,66,50494,41,97198
22266,0.001249,74.125.24.0-255,4320,54814,41,97198
22267,0.001251,172.31.46.0-255,66,54880,41,97198
22268,0.001263,172.31.46.0-255,66,54946,41,97198
22269,0.001288,74.125.24.0-255,2902,57848,41,97198
22270,0.00129,172.31.46.0-255,66,57914,41,97198
22271,0.001326,74.125.24.0-255,5020,62934,41,97198
22272,0.001329,172.31.46.0-255,66,63000,41,97198
22273,0.001511,74.125.24.0-255,1484,64484,41,97198
22274,0.001516,74.125.24.0-255,1484,65968,41,97198
22275,0.00152,172.31.46.0-255,66,66034,41,97198
22276,0.001547,74.125.24.0-255,1484,67518,41,97198
22277,0.001554,74.125.24.0-255,5738,73256,41,97198
22278,0.001556,172.31.46.0-255,66,73322,41,97198
22279,0.001559,74.125.24.0-255,1484,74806,41,97198
22280,0.00159,172.31.46.0-255,66,74872,41,97198
22281,0.001618,74.125.24.0-255,1484,76356,41,97198
22282,0.001631,172.31.46.0-255,66,76422,41,97198
22283,0.001634,74.125.24.0-255,1484,77906,41,97198
22284,0.001657,74.125.24.0-255,1484,79390,41,97198
22285,0.001659,172.31.46.0-255,66,79456,41,97198
22286,0.001664,74.125.24.0-255,2902,82358,41,97198
22287,0.001666,172.31.46.0-255,66,82424,41,97198
22288,0.001683,74.125.24.0-255,1484,83908,41,97198
22289,0.001694,172.31.46.0-255,66,83974,41,97198
22290,0.001703,74.125.24.0-255,2902,86876,41,97198
22291,0.001705,172.31.46.0-255,66,86942,41,97198
22292,0.002622,74.125.24.0-255,1484,88426,41,97198
22293,0.002655,74.125.24.0-255,2902,91328,41,97198
22294,0.00604,172.31.46.0-255,66,91394,41,97198
22295,0.008678,74.125.24.0-255,5738,97132,41,97198
22296,0.008685,172.31.46.0-255,66,97198,41,97198
22297,0.0,74.125.68.0-255,146,146,41,122531
22298,2.2e-05,172.31.46.0-255,66,212,41,122531
22299,2.9e-05,74.125.68.0-255,1484,1696,41,122531
22300,3.5e-05,172.31.46.0-255,66,1762,41,122531
22301,4.9e-05,74.125.68.0-255,2902,4664,41,122531
22302,5.4e-05,172.31.46.0-255,66,4730,41,122531
22303,6.1e-05,74.125.68.0-255,5738,10468,41,122531
22304,6.3e-05,172.31.46.0-255,66,10534,41,122531
22305,0.0001,74.125.68.0-255,3463,13997,41,122531
22306,0.000103,172.31.46.0-255,66,14063,41,122531
22307,0.000135,74.125.68.0-255,1484,15547,41,122531
22308,0.000138,172.31.46.0-255,66,15613,41,122531
22309,0.000142,74.125.68.0-255,2902,18515,41,122531
22310,0.000145,172.31.46.0-255,66,18581,41,122531
22311,0.000172,74.125.68.0-255,5738,24319,41,122531
22312,0.000175,172.31.46.0-255,66,24385,41,122531
22313,0.000179,74.125.68.0-255,2902,27287,41,122531
22314,0.000181,172.31.46.0-255,66,27353,41,122531
22315,0.000236,172.31.46.0-255,66,27419,41,122531
22316,0.000268,172.31.46.0-255,66,27485,41,122531
22317,0.000287,74.125.68.0-255,2902,30387,41,122531
22318,0.000289,172.31.46.0-255,66,30453,41,122531
22319,0.000292,74.125.68.0-255,1125,31578,41,122531
22320,0.000294,172.31.46.0-255,66,31644,41,122531
22321,0.00102,74.125.68.0-255,1484,33128,41,122531
22322,0.001026,172.31.46.0-255,66,33194,41,122531
22323,0.001036,74.125.68.0-255,2902,36096,41,122531
22324,0.001038,172.31.46.0-255,66,36162,41,122531
22325,0.00105,74.125.68.0-255,4320,40482,41,122531
22326,0.001052,172.31.46.0-255,66,40548,41,122531
22327,0.001076,74.125.68.0-255,2902,43450,41,122531
22328,0.001079,172.31.46.0-255,66,43516,41,122531
22329,0.001111,172.31.46.0-255,66,43582,41,122531
22330,0.001122,172.31.46.0-255,66,43648,41,122531
22331,0.001126,74.125.68.0-255,1484,45132,41,122531
22332,0.001158,74.125.68.0-255,3961,49093,41,122531
22333,0.001161,172.31.46.0-255,66,49159,41,122531
22334,0.001211,74.125.68.0-255,1484,50643,41,122531
22335,0.00123,74.125.68.0-255,2902,53545,41,122531
22336,0.001233,172.31.46.0-255,66,53611,41,122531
22337,0.001237,74.125.68.0-255,1484,55095,41,122531
22338,0.001242,74.125.68.0-255,2902,57997,41,122531
22339,0.001244,172.31.46.0-255,66,58063,41,122531
22340,0.001255,74.125.68.0-255,5738,63801,41,122531
22341,0.001257,172.31.46.0-255,66,63867,41,122531
22342,0.001294,74.125.68.0-255,2543,66410,41,122531
22343,0.001299,172.31.46.0-255,66,66476,41,122531
22344,0.001651,74.125.68.0-255,645,67121,41,122531
22345,0.001683,74.125.68.0-255,1484,68605,41,122531
22346,0.001689,172.31.46.0-255,66,68671,41,122531
22347,0.001694,74.125.68.0-255,2902,71573,41,122531
22348,0.001697,172.31.46.0-255,66,71639,41,122531
22349,0.00173,74.125.68.0-255,5738,77377,41,122531
22350,0.001733,172.31.46.0-255,66,77443,41,122531
22351,0.001772,172.31.46.0-255,66,77509,41,122531
22352,0.001783,172.31.46.0-255,66,77575,41,122531
22353,0.001793,74.125.68.0-255,2902,80477,41,122531
22354,0.001796,172.31.46.0-255,66,80543,41,122531
22355,0.001819,74.125.68.0-255,2184,82727,41,122531
22356,0.001822,172.31.46.0-255,66,82793,41,122531
22357,0.002165,74.125.68.0-255,1484,84277,41,122531
22358,0.002191,74.125.68.0-255,2902,87179,41,122531
22359,0.002195,172.31.46.0-255,66,87245,41,122531
22360,0.002224,74.125.68.0-255,1484,88729,41,122531
22361,0.002231,74.125.68.0-255,5738,94467,41,122531
22362,0.002237,74.125.68.0-255,5738,100205,41,122531
22363,0.002249,172.31.46.0-255,66,100271,41,122531
22364,0.002252,172.31.46.0-255,66,100337,41,122531
22365,0.002263,172.31.46.0-255,66,100403,41,122531
22366,0.002272,74.125.68.0-255,4320,104723,41,122531
22367,0.002274,172.31.46.0-255,66,104789,41,122531
22368,0.004488,74.125.68.0-255,1484,106273,41,122531
22369,0.004506,74.125.68.0-255,4320,110593,41,122531
22370,0.00451,172.31.46.0-255,66,110659,41,122531
22371,0.006738,74.125.68.0-255,2902,113561,41,122531
22372,0.006742,172.31.46.0-255,66,113627,41,122531
22373,0.006771,74.125.68.0-255,2902,116529,41,122531
22374,0.006773,172.31.46.0-255,66,116595,41,122531
22375,0.008978,74.125.68.0-255,2902,119497,41,122531
22376,0.008985,172.31.46.0-255,66,119563,41,122531
22377,0.009019,74.125.68.0-255,2902,122465,41,122531
22378,0.009022,172.31.46.0-255,66,122531,41,122531
22379,0.0,74.125.68.0-255,146,146,41,229577
22380,2.2e-05,172.31.46.0-255,66,212,41,229577
22381,3e-05,74.125.68.0-255,1484,1696,41,229577
22382,3.4e-05,172.31.46.0-255,66,1762,41,229577
22383,4.7e-05,74.125.68.0-255,2902,4664,41,229577
22384,5.1e-05,172.31.46.0-255,66,4730,41,229577
22385,5.4e-05,74.125.68.0-255,1484,6214,41,229577
22386,5.8e-05,172.31.46.0-255,66,6280,41,229577
22387,6.3e-05,74.125.68.0-255,2902,9182,41,229577
22388,6.6e-05,172.31.46.0-255,66,9248,41,229577
22389,9.4e-05,74.125.68.0-255,1484,10732,41,229577
22390,9.7e-05,172.31.46.0-255,66,10798,41,229577
22391,0.000121,74.125.68.0-255,3518,14316,41,229577
22392,0.000124,172.31.46.0-255,66,14382,41,229577
22393,0.000213,74.125.68.0-255,1484,15866,41,229577
22394,0.000216,172.31.46.0-255,66,15932,41,229577
22395,0.000241,74.125.68.0-255,2902,18834,41,229577
22396,0.000245,172.31.46.0-255,66,18900,41,229577
22397,0.00025,74.125.68.0-255,4320,23220,41,229577
22398,0.000252,172.31.46.0-255,66,23286,41,229577
22399,0.000255,74.125.68.0-255,1484,24770,41,229577
22400,0.000264,172.31.46.0-255,66,24836,41,229577
22401,0.000291,74.125.68.0-255,4320,29156,41,229577
22402,0.000294,172.31.46.0-255,66,29222,41,229577
22403,0.0003,74.125.68.0-255,3961,33183,41,229577
22404,0.000302,172.31.46.0-255,66,33249,41,229577
22405,0.000307,74.125.68.0-255,2902,36151,41,229577
22406,0.000309,172.31.46.0-255,66,36217,41,229577
22407,0.000344,74.125.68.0-255,1484,37701,41,229577
22408,0.000346,172.31.46.0-255,66,37767,41,229577
22409,0.000359,172.31.46.0-255,66,37833,41,229577
22410,0.000362,74.125.68.0-255,1125,38958,41,229577
22411,0.000425,74.125.68.0-255,1484,40442,41,229577
22412,0.000429,172.31.46.0-255,66,40508,41,229577
22413,0.000453,74.125.68.0-255,2902,43410,41,229577
22414,0.000458,74.125.68.0-255,1484,44894,41,229577
22415,0.000471,74.125.68.0-255,2902,47796,41,229577
22416,0.0005,74.125.68.0-255,1484,49280,41,229577
22417,0.000518,74.125.68.0-255,2902,52182,41,229577
22418,0.000548,74.125.68.0-255,3961,56143,41,229577
22419,0.000586,172.31.46.0-255,66,56209,41,229577
22420,0.000673,74.125.68.0-255,646,56855,41,229577
22421,0.000707,74.125.68.0-255,1484,58339,41,229577
22422,0.000721,74.125.68.0-255,4320,62659,41,229577
22423,0.000736,172.31.46.0-255,66,62725,41,229577
22424,0.000775,74.125.68.0-255,4320,67045,41,229577
22425,0.000807,172.31.46.0-255,66,67111,41,229577
22426,0.000825,74.125.68.0-255,5738,72849,41,229577
22427,0.000836,74.125.68.0-255,766,73615,41,229577
22428,0.000858,172.31.46.0-255,66,73681,41,229577
22429,0.000978,74.125.68.0-255,1484,75165,41,229577
22430,0.000998,74.125.68.0-255,2902,78067,41,229577
22431,0.001002,172.31.46.0-255,66,78133,41,229577
22432,0.001008,74.125.68.0-255,4320,82453,41,229577
22433,0.00103,74.125.68.0-255,5738,88191,41,229577
22434,0.001038,172.31.46.0-255,66,88257,41,229577
22435,0.001063,74.125.68.0-255,4320,92577,41,229577
22436,0.001075,172.31.46.0-255,66,92643,41,229577
22437,0.001085,74.125.68.0-255,5738,98381,41,229577
22438,0.001098,172.31.46.0-255,66,98447,41,229577
22439,0.001133,74.125.68.0-255,2184,100631,41,229577
22440,0.001146,172.31.46.0-255,66,100697,41,229577
22441,0.001189,74.125.68.0-255,1484,102181,41,229577
22442,0.001204,74.125.68.0-255,2902,105083,41,229577
22443,0.001219,74.125.68.0-255,1484,106567,41,229577
22444,0.001231,74.125.68.0-255,4320,110887,41,229577
22445,0.001237,74.125.68.0-255,4320,115207,41,229577
22446,0.001242,74.125.68.0-255,5738,120945,41,229577
22447,0.001246,74.125.68.0-255,2902,123847,41,229577
22448,0.001271,74.125.68.0-255,2184,126031,41,229577
22449,0.001275,172.31.46.0-255,66,126097,41,229577
22450,0.001281,172.31.46.0-255,66,126163,41,229577
22451,0.001349,74.125.68.0-255,1484,127647,41,229577
22452,0.001361,74.125.68.0-255,1484,129131,41,229577
22453,0.001365,74.125.68.0-255,2902,132033,41,229577
22454,0.001379,74.125.68.0-255,1484,133517,41,229577
22455,0.001382,172.31.46.0-255,66,133583,41,229577
22456,0.0014,74.125.68.0-255,4320,137903,41,229577
22457,0.001431,74.125.68.0-255,5738,143641,41,229577
22458,0.001438,172.31.46.0-255,66,143707,41,229577
22459,0.001468,74.125.68.0-255,4320,148027,41,229577
22460,0.001479,172.31.46.0-255,66,148093,41,229577
22461,0.001485,74.125.68.0-255,5020,153113,41,229577
22462,0.001494,172.31.46.0-255,66,153179,41,229577
22463,0.001523,74.125.68.0-255,5738,158917,41,229577
22464,0.001526,74.125.68.0-255,1484,160401,41,229577
22465,0.001533,172.31.46.0-255,66,160467,41,229577
22466,0.001553,74.125.68.0-255,5738,166205,41,229577
22467,0.001567,74.125.68.0-255,2902,169107,41,229577
22468,0.001575,172.31.46.0-255,66,169173,41,229577
22469,0.001615,74.125.68.0-255,3602,172775,41,229577
22470,0.001631,172.31.46.0-255,66,172841,41,229577
22471,0.001776,74.125.68.0-255,1484,174325,41,229577
22472,0.001797,74.125.68.0-255,2902,177227,41,229577
22473,0.001803,74.125.68.0-255,5738,182965,41,229577
22474,0.001815,172.31.46.0-255,66,183031,41,229577
22475,0.001848,74.125.68.0-255,5738,188769,41,229577
22476,0.001878,74.125.68.0-255,5738,194507,41,229577
22477,0.001893,74.125.68.0-255,5020,199527,41,229577
22478,0.00193,172.31.46.0-255,66,199593,41,229577
22479,0.002226,74.125.68.0-255,1484,201077,41,229577
22480,0.002239,74.125.68.0-255,2902,203979,41,229577
22481,0.002243,172.31.46.0-255,66,204045,41,229577
22482,0.002287,74.125.68.0-255,5738,209783,41,229577
22483,0.002311,172.31.46.0-255,66,209849,41,229577
22484,0.002321,74.125.68.0-255,2902,212751,41,229577
22485,0.002348,74.125.68.0-255,4320,217071,41,229577
22486,0.002365,74.125.68.0-255,766,217837,41,229577
22487,0.002371,172.31.46.0-255,66,217903,41,229577
22488,0.004886,74.125.68.0-255,5738,223641,41,229577
22489,0.004892,172.31.46.0-255,66,223707,41,229577
22490,0.007403,74.125.68.0-255,1484,225191,41,229577
22491,0.007417,74.125.68.0-255,4320,229511,41,229577
22492,0.00742,172.31.46.0-255,66,229577,41,229577
22493,0.0,74.125.68.0-255,153,153,41,91727
22494,2.3e-05,172.31.46.0-255,66,219,41,91727
22495,3.1e-05,74.125.68.0-255,1484,1703,41,91727
22496,3.5e-05,172.31.46.0-255,66,1769,41,91727
22497,3.9e-05,74.125.68.0-255,1484,3253,41,91727
22498,4.3e-05,172.31.46.0-255,66,3319,41,91727
22499,5.8e-05,74.125.68.0-255,2902,6221,41,91727
22500,6.1e-05,172.31.46.0-255,66,6287,41,91727
22501,6.8e-05,74.125.68.0-255,5738,12025,41,91727
22502,7e-05,172.31.46.0-255,66,12091,41,91727
22503,0.000101,74.125.68.0-255,2072,14163,41,91727
22504,0.000104,172.31.46.0-255,66,14229,41,91727
22505,0.000217,74.125.68.0-255,1484,15713,41,91727
22506,0.000221,172.31.46.0-255,66,15779,41,91727
22507,0.000224,74.125.68.0-255,1484,17263,41,91727
22508,0.000226,172.31.46.0-255,66,17329,41,91727
22509,0.000248,74.125.68.0-255,1484,18813,41,91727
22510,0.00025,172.31.46.0-255,66,18879,41,91727
22511,0.000256,74.125.68.0-255,4320,23199,41,91727
22512,0.000258,172.31.46.0-255,66,23265,41,91727
22513,0.00031,172.31.46.0-255,66,23331,41,91727
22514,0.000331,74.125.68.0-255,2543,25874,41,91727
22515,0.000334,172.31.46.0-255,66,25940,41,91727
22516,0.000338,74.125.68.0-255,4320,30260,41,91727
22517,0.00034,172.31.46.0-255,66,30326,41,91727
22518,0.000343,74.125.68.0-255,1484,31810,41,91727
22519,0.000345,172.31.46.0-255,66,31876,41,91727
22520,0.000384,172.31.46.0-255,66,31942,41,91727
22521,0.000412,172.31.46.0-255,66,32008,41,91727
22522,0.000439,172.31.46.0-255,66,32074,41,91727
22523,0.000442,74.125.68.0-255,766,32840,41,91727
22524,0.000445,74.125.68.0-255,399,33239,41,91727
22525,0.000487,74.125.68.0-255,111,33350,41,91727
22526,0.000508,74.125.68.0-255,329,33679,41,91727
22527,0.000686,74.125.68.0-255,1484,35163,41,91727
22528,0.000691,172.31.46.0-255,66,35229,41,91727
22529,0.000696,74.125.68.0-255,2902,38131,41,91727
22530,0.000699,172.31.46.0-255,66,38197,41,91727
22531,0.000728,74.125.68.0-255,1484,39681,41,91727
22532,0.000732,74.125.68.0-255,2902,42583,41,91727
22533,0.000735,172.31.46.0-255,66,42649,41,91727
22534,0.000741,74.125.68.0-255,5738,48387,41,91727
22535,0.000742,172.31.46.0-255,66,48453,41,91727
22536,0.00078,74.125.68.0-255,4320,52773,41,91727
22537,0.000783,172.31.46.0-255,66,52839,41,91727
22538,0.000813,172.31.46.0-255,66,52905,41,91727
22539,0.000817,74.125.68.0-255,2902,55807,41,91727
22540,0.000819,172.31.46.0-255,66,55873,41,91727
22541,0.000844,74.125.68.0-255,5020,60893,41,91727
22542,0.000849,172.31.46.0-255,66,60959,41,91727
22543,0.001996,74.125.68.0-255,1484,62443,41,91727
22544,0.002017,74.125.68.0-255,2902,65345,41,91727
22545,0.002021,172.31.46.0-255,66,65411,41,91727
22546,0.002028,74.125.68.0-255,5738,71149,41,91727
22547,0.00203,172.31.46.0-255,66,71215,41,91727
22548,0.00206,74.125.68.0-255,2902,74117,41,91727
22549,0.002062,172.31.46.0-255,66,74183,41,91727
22550,0.002093,172.31.46.0-255,66,74249,41,91727
22551,0.002105,172.31.46.0-255,66,74315,41,91727
22552,0.004653,74.125.68.0-255,5738,80053,41,91727
22553,0.004658,172.31.46.0-255,66,80119,41,91727
22554,0.007207,74.125.68.0-255,5738,85857,41,91727
22555,0.007217,172.31.46.0-255,66,85923,41,91727
22556,0.009791,74.125.68.0-255,5738,91661,41,91727
22557,0.009806,172.31.46.0-255,66,91727,41,91727
22558,0.0,172.217.194.0-255,152,152,41,116470
22559,3.3e-05,172.31.46.0-255,66,218,41,116470
22560,4e-05,172.217.194.0-255,1484,1702,41,116470
22561,4.4e-05,172.31.46.0-255,66,1768,41,116470
22562,4.9e-05,172.217.194.0-255,2902,4670,41,116470
22563,5.2e-05,172.31.46.0-255,66,4736,41,116470
22564,5.7e-05,172.217.194.0-255,4320,9056,41,116470
22565,6.1e-05,172.31.46.0-255,66,9122,41,116470
22566,6.4e-05,172.217.194.0-255,1484,10606,41,116470
22567,6.6e-05,172.31.46.0-255,66,10672,41,116470
22568,9.2e-05,172.31.46.0-255,66,10738,41,116470
22569,9.5e-05,172.217.194.0-255,1484,12222,41,116470
22570,9.8e-05,172.31.46.0-255,66,12288,41,116470
22571,0.000136,172.31.46.0-255,66,12354,41,116470
22572,0.000186,172.217.194.0-255,1484,13838,41,116470
22573,0.000188,172.31.46.0-255,66,13904,41,116470
22574,0.000194,172.217.194.0-255,2902,16806,41,116470
22575,0.000197,172.31.46.0-255,66,16872,41,116470
22576,0.000241,172.217.194.0-255,5738,22610,41,116470
22577,0.000244,172.31.46.0-255,66,22676,41,116470
22578,0.000258,172.31.46.0-255,66,22742,41,116470
22579,0.000271,172.31.46.0-255,66,22808,41,116470
22580,0.000273,172.217.194.0-255,342,23150,41,116470
22581,0.000275,172.31.46.0-255,66,23216,41,116470
22582,0.000313,172.217.194.0-255,116,23332,41,116470
22583,0.000317,172.31.46.0-255,66,23398,41,116470
22584,0.00047,172.217.194.0-255,383,23781,41,116470
22585,0.000473,172.31.46.0-255,66,23847,41,116470
22586,0.000639,172.217.194.0-255,1484,25331,41,116470
22587,0.000646,172.217.194.0-255,2902,28233,41,116470
22588,0.000649,172.31.46.0-255,66,28299,41,116470
22589,0.000653,172.217.194.0-255,1484,29783,41,116470
22590,0.000671,172.217.194.0-255,4320,34103,41,116470
22591,0.000674,172.31.46.0-255,66,34169,41,116470
22592,0.00071,172.31.46.0-255,66,34235,41,116470
22593,0.000727,172.217.194.0-255,5738,39973,41,116470
22594,0.00073,172.31.46.0-255,66,40039,41,116470
22595,0.000749,172.217.194.0-255,1484,41523,41,116470
22596,0.000756,172.217.194.0-255,5738,47261,41,116470
22597,0.000758,172.31.46.0-255,66,47327,41,116470
22598,0.000777,172.217.194.0-255,3411,50738,41,116470
22599,0.00078,172.31.46.0-255,66,50804,41,116470
22600,0.001068,172.217.194.0-255,1484,52288,41,116470
22601,0.001074,172.217.194.0-255,2902,55190,41,116470
22602,0.001078,172.31.46.0-255,66,55256,41,116470
22603,0.001085,172.217.194.0-255,4320,59576,41,116470
22604,0.001088,172.31.46.0-255,66,59642,41,116470
22605,0.001099,172.217.194.0-255,1484,61126,41,116470
22606,0.001102,172.217.194.0-255,1484,62610,41,116470
22607,0.001106,172.31.46.0-255,66,62676,41,116470
22608,0.001137,172.31.46.0-255,66,62742,41,116470
22609,0.001156,172.217.194.0-255,1484,64226,41,116470
22610,0.00117,172.31.46.0-255,66,64292,41,116470
22611,0.001764,172.217.194.0-255,1484,65776,41,116470
22612,0.001775,172.217.194.0-255,2902,68678,41,116470
22613,0.001779,172.31.46.0-255,66,68744,41,116470
22614,0.001787,172.217.194.0-255,5738,74482,41,116470
22615,0.001789,172.31.46.0-255,66,74548,41,116470
22616,0.001815,172.217.194.0-255,4320,78868,41,116470
22617,0.001818,172.31.46.0-255,66,78934,41,116470
22618,0.001845,172.31.46.0-255,66,79000,41,116470
22619,0.001851,172.217.194.0-255,5738,84738,41,116470
22620,0.001853,172.31.46.0-255,66,84804,41,116470
22621,0.00187,172.217.194.0-255,2902,87706,41,116470
22622,0.001872,172.31.46.0-255,66,87772,41,116470
22623,0.001896,172.217.194.0-255,2184,89956,41,116470
22624,0.001899,172.31.46.0-255,66,90022,41,116470
22625,0.00197,172.217.194.0-255,1484,91506,41,116470
22626,0.00199,172.217.194.0-255,2902,94408,41,116470
22627,0.001993,172.31.46.0-255,66,94474,41,116470
22628,0.002,172.217.194.0-255,5738,100212,41,116470
22629,0.002002,172.31.46.0-255,66,100278,41,116470
22630,0.002047,172.31.46.0-255,66,100344,41,116470
22631,0.002061,172.31.46.0-255,66,100410,41,116470
22632,0.004117,172.217.194.0-255,5738,106148,41,116470
22633,0.004123,172.31.46.0-255,66,106214,41,116470
22634,0.006161,172.217.194.0-255,4320,110534,41,116470
22635,0.006167,172.31.46.0-255,66,110600,41,116470
22636,0.006195,172.217.194.0-255,1484,112084,41,116470
22637,0.008257,172.217.194.0-255,4320,116404,41,116470
22638,0.008264,172.31.46.0-255,66,116470,41,116470
22639,0.0,74.125.24.0-255,156,156,41,130137
22640,2.8e-05,172.31.46.0-255,66,222,41,130137
22641,3.6e-05,74.125.24.0-255,1484,1706,41,130137
22642,4e-05,172.31.46.0-255,66,1772,41,130137
22643,4.7e-05,74.125.24.0-255,2902,4674,41,130137
22644,5.2e-05,172.31.46.0-255,66,4740,41,130137
22645,6.3e-05,172.31.46.0-255,66,4806,41,130137
22646,8e-05,172.31.46.0-255,66,4872,41,130137
22647,9.7e-05,172.31.46.0-255,66,4938,41,130137
22648,0.000104,74.125.24.0-255,5738,10676,41,130137
22649,0.000106,172.31.46.0-255,66,10742,41,130137
22650,0.000136,74.125.24.0-255,2184,12926,41,130137
22651,0.000139,172.31.46.0-255,66,12992,41,130137
22652,0.000336,74.125.24.0-255,1484,14476,41,130137
22653,0.000341,172.31.46.0-255,66,14542,41,130137
22654,0.000347,74.125.24.0-255,2902,17444,41,130137
22655,0.000349,172.31.46.0-255,66,17510,41,130137
22656,0.000367,74.125.24.0-255,5738,23248,41,130137
22657,0.000369,172.31.46.0-255,66,23314,41,130137
22658,0.0004,74.125.24.0-255,2902,26216,41,130137
22659,0.000403,172.31.46.0-255,66,26282,41,130137
22660,0.000422,74.125.24.0-255,4250,30532,41,130137
22661,0.000424,172.31.46.0-255,66,30598,41,130137
22662,0.000427,74.125.24.0-255,137,30735,41,130137
22663,0.000429,172.31.46.0-255,66,30801,41,130137
22664,0.000464,74.125.24.0-255,1484,32285,41,130137
22665,0.000467,172.31.46.0-255,66,32351,41,130137
22666,0.000471,74.125.24.0-255,2902,35253,41,130137
22667,0.000474,172.31.46.0-255,66,35319,41,130137
22668,0.000477,74.125.24.0-255,1484,36803,41,130137
22669,0.000497,74.125.24.0-255,5738,42541,41,130137
22670,0.000499,172.31.46.0-255,66,42607,41,130137
22671,0.00053,74.125.24.0-255,5738,48345,41,130137
22672,0.000533,172.31.46.0-255,66,48411,41,130137
22673,0.000549,74.125.24.0-255,2902,51313,41,130137
22674,0.000551,172.31.46.0-255,66,51379,41,130137
22675,0.000626,74.125.24.0-255,2902,54281,41,130137
22676,0.000629,172.31.46.0-255,66,54347,41,130137
22677,0.000659,172.31.46.0-255,66,54413,41,130137
22678,0.000662,74.125.24.0-255,1484,55897,41,130137
22679,0.000665,74.125.24.0-255,1484,57381,41,130137
22680,0.000688,172.31.46.0-255,66,57447,41,130137
22681,0.000702,74.125.24.0-255,1484,58931,41,130137
22682,0.000709,74.125.24.0-255,5738,64669,41,130137
22683,0.000722,74.125.24.0-255,4320,68989,41,130137
22684,0.000738,74.125.24.0-255,4320,73309,41,130137
22685,0.000749,74.125.24.0-255,1484,74793,41,130137
22686,0.000756,172.31.46.0-255,66,74859,41,130137
22687,0.000797,172.31.46.0-255,66,74925,41,130137
22688,0.001246,74.125.24.0-255,1484,76409,41,130137
22689,0.001263,74.125.24.0-255,2902,79311,41,130137
22690,0.001269,172.31.46.0-255,66,79377,41,130137
22691,0.001275,74.125.24.0-255,4320,83697,41,130137
22692,0.001277,172.31.46.0-255,66,83763,41,130137
22693,0.001296,74.125.24.0-255,1484,85247,41,130137
22694,0.001308,74.125.24.0-255,1484,86731,41,130137
22695,0.001311,172.31.46.0-255,66,86797,41,130137
22696,0.001349,74.125.24.0-255,5738,92535,41,130137
22697,0.001356,172.31.46.0-255,66,92601,41,130137
22698,0.001374,74.125.24.0-255,1484,94085,41,130137
22699,0.001401,74.125.24.0-255,3602,97687,41,130137
22700,0.001412,172.31.46.0-255,66,97753,41,130137
22701,0.002074,74.125.24.0-255,1484,99237,41,130137
22702,0.002096,74.125.24.0-255,2902,102139,41,130137
22703,0.0021,172.31.46.0-255,66,102205,41,130137
22704,0.002107,74.125.24.0-255,5738,107943,41,130137
22705,0.002109,172.31.46.0-255,66,108009,41,130137
22706,0.002133,74.125.24.0-255,4320,112329,41,130137
22707,0.002135,172.31.46.0-255,66,112395,41,130137
22708,0.002167,172.31.46.0-255,66,112461,41,130137
22709,0.002176,172.31.46.0-255,66,112527,41,130137
22710,0.00221,172.31.46.0-255,66,112593,41,130137
22711,0.002244,172.31.46.0-255,66,112659,41,130137
22712,0.002259,172.31.46.0-255,66,112725,41,130137
22713,0.004661,74.125.24.0-255,5738,118463,41,130137
22714,0.00468,172.31.46.0-255,66,118529,41,130137
22715,0.007081,74.125.24.0-255,5738,124267,41,130137
22716,0.007099,172.31.46.0-255,66,124333,41,130137
22717,0.009518,74.125.24.0-255,5738,130071,41,130137
22718,0.009535,172.31.46.0-255,66,130137,41,130137
22719,0.0,172.217.194.0-255,293,293,41,106555
22720,2.4e-05,172.31.46.0-255,66,359,41,106555
22721,3e-05,172.217.194.0-255,1484,1843,41,106555
22722,3.4e-05,172.31.46.0-255,66,1909,41,106555
22723,4e-05,172.217.194.0-255,4320,6229,41,106555
22724,4.2e-05,172.31.46.0-255,66,6295,41,106555
22725,6e-05,172.31.46.0-255,66,6361,41,106555
22726,0.000121,172.31.46.0-255,66,6427,41,106555
22727,0.000125,172.217.194.0-255,2543,8970,41,106555
22728,0.000127,172.31.46.0-255,66,9036,41,106555
22729,0.000163,172.217.194.0-255,1484,10520,41,106555
22730,0.000165,172.31.46.0-255,66,10586,41,106555
22731,0.000169,172.217.194.0-255,2902,13488,41,106555
22732,0.000171,172.31.46.0-255,66,13554,41,106555
22733,0.000176,172.217.194.0-255,4320,17874,41,106555
22734,0.000183,172.31.46.0-255,66,17940,41,106555
22735,0.000209,172.217.194.0-255,1484,19424,41,106555
22736,0.000211,172.31.46.0-255,66,19490,41,106555
22737,0.00022,172.31.46.0-255,66,19556,41,106555
22738,0.000262,172.31.46.0-255,66,19622,41,106555
22739,0.000266,172.217.194.0-255,2543,22165,41,106555
22740,0.000268,172.31.46.0-255,66,22231,41,106555
22741,0.000558,172.217.194.0-255,380,22611,41,106555
22742,0.000562,172.31.46.0-255,66,22677,41,106555
22743,0.000671,172.217.194.0-255,1484,24161,41,106555
22744,0.000674,172.31.46.0-255,66,24227,41,106555
22745,0.000679,172.217.194.0-255,2902,27129,41,106555
22746,0.000681,172.31.46.0-255,66,27195,41,106555
22747,0.0007,172.217.194.0-255,5738,32933,41,106555
22748,0.000707,172.217.194.0-255,5738,38671,41,106555
22749,0.000728,172.31.46.0-255,66,38737,41,106555
22750,0.000777,172.217.194.0-255,2543,41280,41,106555
22751,0.000781,172.217.194.0-255,3961,45241,41,106555
22752,0.000786,172.31.46.0-255,66,45307,41,106555
22753,0.001508,172.217.194.0-255,364,45671,41,106555
22754,0.001581,172.217.194.0-255,1484,47155,41,106555
22755,0.001586,172.31.46.0-255,66,47221,41,106555
22756,0.001592,172.217.194.0-255,2902,50123,41,106555
22757,0.001594,172.31.46.0-255,66,50189,41,106555
22758,0.001601,172.217.194.0-255,5738,55927,41,106555
22759,0.001603,172.31.46.0-255,66,55993,41,106555
22760,0.001662,172.31.46.0-255,66,56059,41,106555
22761,0.001681,172.217.194.0-255,766,56825,41,106555
22762,0.002139,172.31.46.0-255,66,56891,41,106555
22763,0.00233,172.217.194.0-255,1484,58375,41,106555
22764,0.002338,172.217.194.0-255,2902,61277,41,106555
22765,0.00235,172.217.194.0-255,1484,62761,41,106555
22766,0.002367,172.217.194.0-255,4320,67081,41,106555
22767,0.002372,172.217.194.0-255,4320,71401,41,106555
22768,0.002379,172.31.46.0-255,66,71467,41,106555
22769,0.002429,172.31.46.0-255,66,71533,41,106555
22770,0.00245,172.217.194.0-255,2902,74435,41,106555
22771,0.002454,172.217.194.0-255,4320,78755,41,106555
22772,0.00246,172.217.194.0-255,1484,80239,41,106555
22773,0.002469,172.31.46.0-255,66,80305,41,106555
22774,0.002562,172.217.194.0-255,1484,81789,41,106555
22775,0.002565,172.217.194.0-255,2902,84691,41,106555
22776,0.00257,172.217.194.0-255,5738,90429,41,106555
22777,0.002574,172.31.46.0-255,66,90495,41,106555
22778,0.002585,172.217.194.0-255,4320,94815,41,106555
22779,0.002593,172.31.46.0-255,66,94881,41,106555
22780,0.002622,172.31.46.0-255,66,94947,41,106555
22781,0.005209,172.217.194.0-255,5738,100685,41,106555
22782,0.005222,172.31.46.0-255,66,100751,41,106555
22783,0.007788,172.217.194.0-255,5738,106489,41,106555
22784,0.007793,172.31.46.0-255,66,106555,41,106555
22785,0.0,74.125.68.0-255,151,151,41,146718
22786,2.1e-05,172.31.46.0-255,66,217,41,146718
22787,2.7e-05,74.125.68.0-255,1484,1701,41,146718
22788,3.1e-05,172.31.46.0-255,66,1767,41,146718
22789,4.2e-05,74.125.68.0-255,2902,4669,41,146718
22790,4.5e-05,172.31.46.0-255,66,4735,41,146718
22791,5.8e-05,74.125.68.0-255,2902,7637,41,146718
22792,6e-05,172.31.46.0-255,66,7703,41,146718
22793,8.6e-05,74.125.68.0-255,1484,9187,41,146718
22794,8.9e-05,172.31.46.0-255,66,9253,41,146718
22795,9.5e-05,74.125.68.0-255,4889,14142,41,146718
22796,9.8e-05,172.31.46.0-255,66,14208,41,146718
22797,0.000126,172.31.46.0-255,66,14274,41,146718
22798,0.000165,172.31.46.0-255,66,14340,41,146718
22799,0.000168,74.125.68.0-255,1125,15465,41,146718
22800,0.00017,172.31.46.0-255,66,15531,41,146718
22801,0.00027,74.125.68.0-255,1484,17015,41,146718
22802,0.000273,172.31.46.0-255,66,17081,41,146718
22803,0.0003,74.125.68.0-255,2902,19983,41,146718
22804,0.000303,172.31.46.0-255,66,20049,41,146718
22805,0.000309,74.125.68.0-255,5738,25787,41,146718
22806,0.000311,172.31.46.0-255,66,25853,41,146718
22807,0.000333,74.125.68.0-255,2902,28755,41,146718
22808,0.000335,172.31.46.0-255,66,28821,41,146718
22809,0.00036,74.125.68.0-255,1484,30305,41,146718
22810,0.000362,172.31.46.0-255,66,30371,41,146718
22811,0.000372,74.125.68.0-255,1484,31855,41,146718
22812,0.000374,172.31.46.0-255,66,31921,41,146718
22813,0.000408,172.31.46.0-255,66,31987,41,146718
22814,0.000411,74.125.68.0-255,1484,33471,41,146718
22815,0.000441,172.31.46.0-255,66,33537,41,146718
22816,0.00089,74.125.68.0-255,111,33648,41,146718
22817,0.001034,74.125.68.0-255,1484,35132,41,146718
22818,0.001038,172.31.46.0-255,66,35198,41,146718
22819,0.001042,74.125.68.0-255,1484,36682,41,146718
22820,0.001064,74.125.68.0-255,1484,38166,41,146718
22821,0.001067,172.31.46.0-255,66,38232,41,146718
22822,0.001071,74.125.68.0-255,1484,39716,41,146718
22823,0.001095,74.125.68.0-255,4320,44036,41,146718
22824,0.001098,172.31.46.0-255,66,44102,41,146718
22825,0.001102,74.125.68.0-255,2902,47004,41,146718
22826,0.001104,172.31.46.0-255,66,47070,41,146718
22827,0.001112,74.125.68.0-255,3961,51031,41,146718
22828,0.001114,172.31.46.0-255,66,51097,41,146718
22829,0.001119,74.125.68.0-255,2902,53999,41,146718
22830,0.00112,172.31.46.0-255,66,54065,41,146718
22831,0.001152,74.125.68.0-255,5738,59803,41,146718
22832,0.001155,172.31.46.0-255,66,59869,41,146718
22833,0.001159,74.125.68.0-255,2902,62771,41,146718
22834,0.001161,172.31.46.0-255,66,62837,41,146718
22835,0.001193,74.125.68.0-255,5379,68216,41,146718
22836,0.001196,172.31.46.0-255,66,68282,41,146718
22837,0.001688,74.125.68.0-255,1484,69766,41,146718
22838,0.001697,74.125.68.0-255,2902,72668,41,146718
22839,0.001702,172.31.46.0-255,66,72734,41,146718
22840,0.001708,74.125.68.0-255,1484,74218,41,146718
22841,0.001733,74.125.68.0-255,4320,78538,41,146718
22842,0.001736,172.31.46.0-255,66,78604,41,146718
22843,0.001741,74.125.68.0-255,2902,81506,41,146718
22844,0.001743,172.31.46.0-255,66,81572,41,146718
22845,0.001779,74.125.68.0-255,5738,87310,41,146718
22846,0.001782,172.31.46.0-255,66,87376,41,146718
22847,0.001799,172.31.46.0-255,66,87442,41,146718
22848,0.001825,74.125.68.0-255,2902,90344,41,146718
22849,0.001828,172.31.46.0-255,66,90410,41,146718
22850,0.001854,74.125.68.0-255,2184,92594,41,146718
22851,0.001856,172.31.46.0-255,66,92660,41,146718
22852,0.002208,74.125.68.0-255,1484,94144,41,146718
22853,0.002218,74.125.68.0-255,2902,97046,41,146718
22854,0.002222,172.31.46.0-255,66,97112,41,146718
22855,0.002229,74.125.68.0-255,5738,102850,41,146718
22856,0.002231,172.31.46.0-255,66,102916,41,146718
22857,0.002254,74.125.68.0-255,1484,104400,41,146718
22858,0.002275,74.125.68.0-255,4320,108720,41,146718
22859,0.002277,172.31.46.0-255,66,108786,41,146718
22860,0.002311,172.31.46.0-255,66,108852,41,146718
22861,0.002314,74.125.68.0-255,1484,110336,41,146718
22862,0.002349,74.125.68.0-255,2902,113238,41,146718
22863,0.002352,172.31.46.0-255,66,113304,41,146718
22864,0.002355,74.125.68.0-255,1484,114788,41,146718
22865,0.002375,74.125.68.0-255,2902,117690,41,146718
22866,0.002378,172.31.46.0-255,66,117756,41,146718
22867,0.002412,172.31.46.0-255,66,117822,41,146718
22868,0.002443,74.125.68.0-255,766,118588,41,146718
22869,0.002455,172.31.46.0-255,66,118654,41,146718
22870,0.002462,74.125.68.0-255,5738,124392,41,146718
22871,0.002465,172.31.46.0-255,66,124458,41,146718
22872,0.002513,74.125.68.0-255,2902,127360,41,146718
22873,0.002516,172.31.46.0-255,66,127426,41,146718
22874,0.002539,74.125.68.0-255,1484,128910,41,146718
22875,0.002552,74.125.68.0-255,2902,131812,41,146718
22876,0.002555,172.31.46.0-255,66,131878,41,146718
22877,0.00258,74.125.68.0-255,2902,134780,41,146718
22878,0.002582,172.31.46.0-255,66,134846,41,146718
22879,0.005108,74.125.68.0-255,2902,137748,41,146718
22880,0.005115,172.31.46.0-255,66,137814,41,146718
22881,0.005141,74.125.68.0-255,2902,140716,41,146718
22882,0.005144,172.31.46.0-255,66,140782,41,146718
22883,0.007662,74.125.68.0-255,2902,143684,41,146718
22884,0.007677,172.31.46.0-255,66,143750,41,146718
22885,0.007703,74.125.68.0-255,2902,146652,41,146718
22886,0.007705,172.31.46.0-255,66,146718,41,146718
22887,0.0,74.125.24.0-255,153,153,41,43173
22888,1.4e-05,172.31.46.0-255,66,219,41,43173
22889,2.1e-05,74.125.24.0-255,1484,1703,41,43173
22890,2.6e-05,172.31.46.0-255,66,1769,41,43173
22891,4.1e-05,74.125.24.0-255,2902,4671,41,43173
22892,4.5e-05,172.31.46.0-255,66,4737,41,43173
22893,5.2e-05,74.125.24.0-255,5738,10475,41,43173
22894,5.5e-05,172.31.46.0-255,66,10541,41,43173
22895,8.7e-05,172.31.46.0-255,66,10607,41,43173
22896,0.000116,74.125.24.0-255,2047,12654,41,43173
22897,0.000118,172.31.46.0-255,66,12720,41,43173
22898,0.000128,172.31.46.0-255,66,12786,41,43173
22899,0.000151,74.125.24.0-255,2902,15688,41,43173
22900,0.000153,172.31.46.0-255,66,15754,41,43173
22901,0.000192,172.31.46.0-255,66,15820,41,43173
22902,0.000256,74.125.24.0-255,1484,17304,41,43173
22903,0.000259,172.31.46.0-255,66,17370,41,43173
22904,0.000263,74.125.24.0-255,2902,20272,41,43173
22905,0.000266,172.31.46.0-255,66,20338,41,43173
22906,0.000298,74.125.24.0-255,5738,26076,41,43173
22907,0.000301,172.31.46.0-255,66,26142,41,43173
22908,0.00031,172.31.46.0-255,66,26208,41,43173
22909,0.000317,74.125.24.0-255,398,26606,41,43173
22910,0.000319,172.31.46.0-255,66,26672,41,43173
22911,0.00071,74.125.24.0-255,111,26783,41,43173
22912,0.000717,172.31.46.0-255,66,26849,41,43173
22913,0.00434,74.125.24.0-255,1484,28333,41,43173
22914,0.004347,172.31.46.0-255,66,28399,41,43173
22915,0.004357,74.125.24.0-255,2902,31301,41,43173
22916,0.004365,172.31.46.0-255,66,31367,41,43173
22917,0.004368,74.125.24.0-255,1484,32851,41,43173
22918,0.006609,74.125.24.0-255,1484,34335,41,43173
22919,0.006615,172.31.46.0-255,66,34401,41,43173
22920,0.006649,74.125.24.0-255,2902,37303,41,43173
22921,0.006652,172.31.46.0-255,66,37369,41,43173
22922,0.008935,74.125.24.0-255,5738,43107,41,43173
22923,0.008949,172.31.46.0-255,66,43173,41,43173
22924,0.0,74.125.68.0-255,153,153,41,129600
22925,3.8e-05,172.31.46.0-255,66,219,41,129600
22926,4.5e-05,74.125.68.0-255,1484,1703,41,129600
22927,5.1e-05,172.31.46.0-255,66,1769,41,129600
22928,5.7e-05,74.125.68.0-255,2902,4671,41,129600
22929,6.8e-05,172.31.46.0-255,66,4737,41,129600
22930,8e-05,172.31.46.0-255,66,4803,41,129600
22931,0.00012,74.125.68.0-255,1939,6742,41,129600
22932,0.000122,172.31.46.0-255,66,6808,41,129600
22933,0.000153,74.125.68.0-255,2902,9710,41,129600
22934,0.000156,172.31.46.0-255,66,9776,41,129600
22935,0.000161,74.125.68.0-255,2902,12678,41,129600
22936,0.000163,172.31.46.0-255,66,12744,41,129600
22937,0.000191,74.125.68.0-255,4320,17064,41,129600
22938,0.000194,172.31.46.0-255,66,17130,41,129600
22939,0.000202,74.125.68.0-255,2902,20032,41,129600
22940,0.000205,172.31.46.0-255,66,20098,41,129600
22941,0.000234,74.125.68.0-255,3961,24059,41,129600
22942,0.000237,172.31.46.0-255,66,24125,41,129600
22943,0.000279,74.125.68.0-255,4320,28445,41,129600
22944,0.000282,172.31.46.0-255,66,28511,41,129600
22945,0.000288,74.125.68.0-255,5738,34249,41,129600
22946,0.000291,172.31.46.0-255,66,34315,41,129600
22947,0.000316,74.125.68.0-255,1484,35799,41,129600
22948,0.000318,172.31.46.0-255,66,35865,41,129600
22949,0.000343,74.125.68.0-255,5379,41244,41,129600
22950,0.000345,172.31.46.0-255,66,41310,41,129600
22951,0.000695,74.125.68.0-255,1484,42794,41,129600
22952,0.0007,172.31.46.0-255,66,42860,41,129600
22953,0.000707,74.125.68.0-255,2902,45762,41,129600
22954,0.000711,172.31.46.0-255,66,45828,41,129600
22955,0.000741,74.125.68.0-255,5738,51566,41,129600
22956,0.000743,172.31.46.0-255,66,51632,41,129600
22957,0.000753,172.31.46.0-255,66,51698,41,129600
22958,0.000786,74.125.68.0-255,5738,57436,41,129600
22959,0.000789,172.31.46.0-255,66,57502,41,129600
22960,0.000821,74.125.68.0-255,1484,58986,41,129600
22961,0.000834,172.31.46.0-255,66,59052,41,129600
22962,0.000851,172.31.46.0-255,66,59118,41,129600
22963,0.000874,74.125.68.0-255,1484,60602,41,129600
22964,0.000891,74.125.68.0-255,5600,66202,41,129600
22965,0.000895,172.31.46.0-255,66,66268,41,129600
22966,0.001256,74.125.68.0-255,1484,67752,41,129600
22967,0.001261,74.125.68.0-255,1484,69236,41,129600
22968,0.001264,172.31.46.0-255,66,69302,41,129600
22969,0.001291,74.125.68.0-255,1484,70786,41,129600
22970,0.001297,74.125.68.0-255,5738,76524,41,129600
22971,0.0013,172.31.46.0-255,66,76590,41,129600
22972,0.001305,74.125.68.0-255,2902,79492,41,129600
22973,0.001308,172.31.46.0-255,66,79558,41,129600
22974,0.001343,74.125.68.0-255,4320,83878,41,129600
22975,0.001346,172.31.46.0-255,66,83944,41,129600
22976,0.001362,172.31.46.0-255,66,84010,41,129600
22977,0.001398,74.125.68.0-255,2184,86194,41,129600
22978,0.001401,172.31.46.0-255,66,86260,41,129600
22979,0.002099,74.125.68.0-255,1484,87744,41,129600
22980,0.00211,74.125.68.0-255,2902,90646,41,129600
22981,0.002114,172.31.46.0-255,66,90712,41,129600
22982,0.002146,74.125.68.0-255,5738,96450,41,129600
22983,0.002149,172.31.46.0-255,66,96516,41,129600
22984,0.002154,74.125.68.0-255,2902,99418,41,129600
22985,0.002156,172.31.46.0-255,66,99484,41,129600
22986,0.002161,74.125.68.0-255,4320,103804,41,129600
22987,0.002164,172.31.46.0-255,66,103870,41,129600
22988,0.002168,74.125.68.0-255,1484,105354,41,129600
22989,0.0022,172.31.46.0-255,66,105420,41,129600
22990,0.002206,74.125.68.0-255,4320,109740,41,129600
22991,0.002208,172.31.46.0-255,66,109806,41,129600
22992,0.002257,74.125.68.0-255,3602,113408,41,129600
22993,0.00226,172.31.46.0-255,66,113474,41,129600
22994,0.004464,74.125.68.0-255,1484,114958,41,129600
22995,0.004532,74.125.68.0-255,4320,119278,41,129600
22996,0.004537,172.31.46.0-255,66,119344,41,129600
22997,0.0068,74.125.68.0-255,4320,123664,41,129600
22998,0.006804,172.31.46.0-255,66,123730,41,129600
22999,0.006829,74.125.68.0-255,1484,125214,41,129600
23000,0.009077,74.125.68.0-255,4320,129534,41,129600
23001,0.009084,172.31.46.0-255,66,129600,41,129600
23002,0.0,172.217.194.0-255,152,152,41,161052
23003,2.4e-05,172.31.46.0-255,66,218,41,161052
23004,3.1e-05,172.217.194.0-255,1484,1702,41,161052
23005,3.6e-05,172.31.46.0-255,66,1768,41,161052
23006,4.2e-05,172.217.194.0-255,2902,4670,41,161052
23007,4.5e-05,172.31.46.0-255,66,4736,41,161052
23008,5.6e-05,172.31.46.0-255,66,4802,41,161052
23009,6.1e-05,172.217.194.0-255,4320,9122,41,161052
23010,6.5e-05,172.31.46.0-255,66,9188,41,161052
23011,0.000115,172.31.46.0-255,66,9254,41,161052
23012,0.000151,172.217.194.0-255,2543,11797,41,161052
23013,0.000154,172.31.46.0-255,66,11863,41,161052
23014,0.000182,172.31.46.0-255,66,11929,41,161052
23015,0.000235,172.31.46.0-255,66,11995,41,161052
23016,0.000258,172.217.194.0-255,1125,13120,41,161052
23017,0.00026,172.31.46.0-255,66,13186,41,161052
23018,0.000477,172.217.194.0-255,1484,14670,41,161052
23019,0.000482,172.31.46.0-255,66,14736,41,161052
23020,0.000489,172.217.194.0-255,2902,17638,41,161052
23021,0.000491,172.31.46.0-255,66,17704,41,161052
23022,0.000494,172.217.194.0-255,1484,19188,41,161052
23023,0.000497,172.31.46.0-255,66,19254,41,161052
23024,0.000524,172.217.194.0-255,4320,23574,41,161052
23025,0.000527,172.31.46.0-255,66,23640,41,161052
23026,0.000537,172.31.46.0-255,66,23706,41,161052
23027,0.000592,172.217.194.0-255,1484,25190,41,161052
23028,0.000595,172.31.46.0-255,66,25256,41,161052
23029,0.000601,172.217.194.0-255,2902,28158,41,161052
23030,0.000603,172.31.46.0-255,66,28224,41,161052
23031,0.000621,172.217.194.0-255,5738,33962,41,161052
23032,0.000623,172.31.46.0-255,66,34028,41,161052
23033,0.000656,172.217.194.0-255,4320,38348,41,161052
23034,0.000659,172.31.46.0-255,66,38414,41,161052
23035,0.000675,172.217.194.0-255,2543,40957,41,161052
23036,0.000678,172.31.46.0-255,66,41023,41,161052
23037,0.000716,172.217.194.0-255,2902,43925,41,161052
23038,0.000719,172.31.46.0-255,66,43991,41,161052
23039,0.000736,172.217.194.0-255,2902,46893,41,161052
23040,0.00074,172.31.46.0-255,66,46959,41,161052
23041,0.00075,172.217.194.0-255,1484,48443,41,161052
23042,0.000764,172.31.46.0-255,66,48509,41,161052
23043,0.000811,172.31.46.0-255,66,48575,41,161052
23044,0.000855,172.217.194.0-255,4320,52895,41,161052
23045,0.000859,172.31.46.0-255,66,52961,41,161052
23046,0.000877,172.217.194.0-255,2529,55490,41,161052
23047,0.000881,172.31.46.0-255,66,55556,41,161052
23048,0.000907,172.31.46.0-255,66,55622,41,161052
23049,0.000935,172.217.194.0-255,2902,58524,41,161052
23050,0.000938,172.31.46.0-255,66,58590,41,161052
23051,0.000963,172.217.194.0-255,5738,64328,41,161052
23052,0.000966,172.31.46.0-255,66,64394,41,161052
23053,0.000993,172.217.194.0-255,2902,67296,41,161052
23054,0.000997,172.31.46.0-255,66,67362,41,161052
23055,0.001017,172.31.46.0-255,66,67428,41,161052
23056,0.001036,172.217.194.0-255,5738,73166,41,161052
23057,0.001039,172.31.46.0-255,66,73232,41,161052
23058,0.001054,172.217.194.0-255,2184,75416,41,161052
23059,0.001057,172.31.46.0-255,66,75482,41,161052
23060,0.001149,172.217.194.0-255,1484,76966,41,161052
23061,0.001153,172.217.194.0-255,1484,78450,41,161052
23062,0.001156,172.31.46.0-255,66,78516,41,161052
23063,0.001174,172.217.194.0-255,1484,80000,41,161052
23064,0.001182,172.217.194.0-255,5738,85738,41,161052
23065,0.001185,172.31.46.0-255,66,85804,41,161052
23066,0.001202,172.217.194.0-255,2902,88706,41,161052
23067,0.001205,172.217.194.0-255,1484,90190,41,161052
23068,0.001209,172.31.46.0-255,66,90256,41,161052
23069,0.001251,172.31.46.0-255,66,90322,41,161052
23070,0.001264,172.217.194.0-255,1484,91806,41,161052
23071,0.001279,172.217.194.0-255,4320,96126,41,161052
23072,0.001282,172.31.46.0-255,66,96192,41,161052
23073,0.001308,172.217.194.0-255,5020,101212,41,161052
23074,0.001312,172.31.46.0-255,66,101278,41,161052
23075,0.001389,172.217.194.0-255,1484,102762,41,161052
23076,0.001393,172.217.194.0-255,1484,104246,41,161052
23077,0.001396,172.31.46.0-255,66,104312,41,161052
23078,0.001415,172.217.194.0-255,1484,105796,41,161052
23079,0.001422,172.217.194.0-255,5738,111534,41,161052
23080,0.001425,172.31.46.0-255,66,111600,41,161052
23081,0.001442,172.217.194.0-255,1484,113084,41,161052
23082,0.001467,172.31.46.0-255,66,113150,41,161052
23083,0.001547,172.217.194.0-255,4320,117470,41,161052
23084,0.001551,172.31.46.0-255,66,117536,41,161052
23085,0.001569,172.31.46.0-255,66,117602,41,161052
23086,0.001608,172.31.46.0-255,66,117668,41,161052
23087,0.001652,172.217.194.0-255,5738,123406,41,161052
23088,0.001656,172.31.46.0-255,66,123472,41,161052
23089,0.001717,172.31.46.0-255,66,123538,41,161052
23090,0.001782,172.217.194.0-255,5738,129276,41,161052
23091,0.001786,172.31.46.0-255,66,129342,41,161052
23092,0.001816,172.31.46.0-255,66,129408,41,161052
23093,0.001854,172.217.194.0-255,4320,133728,41,161052
23094,0.001857,172.31.46.0-255,66,133794,41,161052
23095,0.001889,172.31.46.0-255,66,133860,41,161052
23096,0.001933,172.217.194.0-255,4320,138180,41,161052
23097,0.001936,172.31.46.0-255,66,138246,41,161052
23098,0.001954,172.217.194.0-255,2184,140430,41,161052
23099,0.001956,172.31.46.0-255,66,140496,41,161052
23100,0.00197,172.217.194.0-255,2902,143398,41,161052
23101,0.001975,172.31.46.0-255,66,143464,41,161052
23102,0.00199,172.217.194.0-255,4320,147784,41,161052
23103,0.002003,172.217.194.0-255,1484,149268,41,161052
23104,0.002009,172.31.46.0-255,66,149334,41,161052
23105,0.002056,172.31.46.0-255,66,149400,41,161052
23106,0.002111,172.31.46.0-255,66,149466,41,161052
23107,0.002126,172.217.194.0-255,3602,153068,41,161052
23108,0.002136,172.31.46.0-255,66,153134,41,161052
23109,0.002207,172.31.46.0-255,66,153200,41,161052
23110,0.002235,172.217.194.0-255,4320,157520,41,161052
23111,0.00224,172.31.46.0-255,66,157586,41,161052
23112,0.002297,172.31.46.0-255,66,157652,41,161052
23113,0.002399,172.31.46.0-255,66,157718,41,161052
23114,0.002404,172.31.46.0-255,66,157784,41,161052
23115,0.002441,172.31.46.0-255,66,157850,41,161052
23116,0.002564,172.217.194.0-255,2902,160752,41,161052
23117,0.002574,172.31.46.0-255,66,160818,41,161052
23118,0.002657,172.31.46.0-255,66,160884,41,161052
23119,0.002716,172.217.194.0-255,168,161052,41,161052
23120,0.0,172.217.194.0-255,152,152,41,111767
23121,1.8e-05,172.31.46.0-255,66,218,41,111767
23122,2.4e-05,172.217.194.0-255,1484,1702,41,111767
23123,2.8e-05,172.31.46.0-255,66,1768,41,111767
23124,3.4e-05,172.217.194.0-255,2902,4670,41,111767
23125,4.5e-05,172.31.46.0-255,66,4736,41,111767
23126,5.7e-05,172.31.46.0-255,66,4802,41,111767
23127,6.2e-05,172.217.194.0-255,4320,9122,41,111767
23128,6.6e-05,172.31.46.0-255,66,9188,41,111767
23129,0.000109,172.31.46.0-255,66,9254,41,111767
23130,0.000113,172.217.194.0-255,2543,11797,41,111767
23131,0.000116,172.31.46.0-255,66,11863,41,111767
23132,0.000138,172.217.194.0-255,2902,14765,41,111767
23133,0.00014,172.31.46.0-255,66,14831,41,111767
23134,0.000147,172.217.194.0-255,5738,20569,41,111767
23135,0.00015,172.31.46.0-255,66,20635,41,111767
23136,0.00018,172.217.194.0-255,1484,22119,41,111767
23137,0.000182,172.31.46.0-255,66,22185,41,111767
23138,0.000197,172.31.46.0-255,66,22251,41,111767
23139,0.000214,172.31.46.0-255,66,22317,41,111767
23140,0.000216,172.217.194.0-255,1411,23728,41,111767
23141,0.000218,172.31.46.0-255,66,23794,41,111767
23142,0.000292,172.217.194.0-255,102,23896,41,111767
23143,0.000295,172.31.46.0-255,66,23962,41,111767
23144,0.000357,172.217.194.0-255,1484,25446,41,111767
23145,0.000361,172.31.46.0-255,66,25512,41,111767
23146,0.000366,172.217.194.0-255,2902,28414,41,111767
23147,0.000368,172.31.46.0-255,66,28480,41,111767
23148,0.000373,172.217.194.0-255,2902,31382,41,111767
23149,0.000378,172.31.46.0-255,66,31448,41,111767
23150,0.000408,172.217.194.0-255,2902,34350,41,111767
23151,0.000411,172.31.46.0-255,66,34416,41,111767
23152,0.00042,172.31.46.0-255,66,34482,41,111767
23153,0.000464,172.217.194.0-255,5738,40220,41,111767
23154,0.000467,172.31.46.0-255,66,40286,41,111767
23155,0.000479,172.217.194.0-255,1484,41770,41,111767
23156,0.000495,172.31.46.0-255,66,41836,41,111767
23157,0.000534,172.31.46.0-255,66,41902,41,111767
23158,0.00067,172.217.194.0-255,1484,43386,41,111767
23159,0.000685,172.217.194.0-255,2902,46288,41,111767
23160,0.000688,172.31.46.0-255,66,46354,41,111767
23161,0.000695,172.217.194.0-255,4320,50674,41,111767
23162,0.000697,172.31.46.0-255,66,50740,41,111767
23163,0.000726,172.217.194.0-255,1484,52224,41,111767
23164,0.00074,172.31.46.0-255,66,52290,41,111767
23165,0.000769,172.217.194.0-255,1484,53774,41,111767
23166,0.000784,172.31.46.0-255,66,53840,41,111767
23167,0.000991,172.217.194.0-255,1484,55324,41,111767
23168,0.000997,172.217.194.0-255,2902,58226,41,111767
23169,0.001,172.31.46.0-255,66,58292,41,111767
23170,0.001029,172.217.194.0-255,5738,64030,41,111767
23171,0.001032,172.31.46.0-255,66,64096,41,111767
23172,0.001042,172.31.46.0-255,66,64162,41,111767
23173,0.001065,172.217.194.0-255,1484,65646,41,111767
23174,0.001122,172.31.46.0-255,66,65712,41,111767
23175,0.001145,172.217.194.0-255,766,66478,41,111767
23176,0.001299,172.217.194.0-255,1484,67962,41,111767
23177,0.001304,172.31.46.0-255,66,68028,41,111767
23178,0.00131,172.217.194.0-255,2902,70930,41,111767
23179,0.001313,172.31.46.0-255,66,70996,41,111767
23180,0.001325,172.217.194.0-255,5738,76734,41,111767
23181,0.001328,172.31.46.0-255,66,76800,41,111767
23182,0.001375,172.31.46.0-255,66,76866,41,111767
23183,0.001378,172.217.194.0-255,1484,78350,41,111767
23184,0.001412,172.31.46.0-255,66,78416,41,111767
23185,0.001419,172.217.194.0-255,5738,84154,41,111767
23186,0.001421,172.31.46.0-255,66,84220,41,111767
23187,0.001443,172.217.194.0-255,5738,89958,41,111767
23188,0.00145,172.31.46.0-255,66,90024,41,111767
23189,0.001461,172.31.46.0-255,66,90090,41,111767
23190,0.00152,172.31.46.0-255,66,90156,41,111767
23191,0.001549,172.31.46.0-255,66,90222,41,111767
23192,0.001597,172.217.194.0-255,5738,95960,41,111767
23193,0.0016,172.31.46.0-255,66,96026,41,111767
23194,0.00164,172.31.46.0-255,66,96092,41,111767
23195,0.001655,172.31.46.0-255,66,96158,41,111767
23196,0.001678,172.31.46.0-255,66,96224,41,111767
23197,0.001706,172.217.194.0-255,1484,97708,41,111767
23198,0.001711,172.217.194.0-255,2902,100610,41,111767
23199,0.001713,172.31.46.0-255,66,100676,41,111767
23200,0.001719,172.217.194.0-255,5738,106414,41,111767
23201,0.001722,172.31.46.0-255,66,106480,41,111767
23202,0.001739,172.31.46.0-255,66,106546,41,111767
23203,0.001775,172.217.194.0-255,4320,110866,41,111767
23204,0.001777,172.31.46.0-255,66,110932,41,111767
23205,0.001798,172.31.46.0-255,66,110998,41,111767
23206,0.001813,172.31.46.0-255,66,111064,41,111767
23207,0.00186,172.31.46.0-255,66,111130,41,111767
23208,0.001871,172.31.46.0-255,66,111196,41,111767
23209,0.001903,172.31.46.0-255,66,111262,41,111767
23210,0.001914,172.31.46.0-255,66,111328,41,111767
23211,0.00196,172.31.46.0-255,66,111394,41,111767
23212,0.001962,172.217.194.0-255,97,111491,41,111767
23213,0.001965,172.217.194.0-255,105,111596,41,111767
23214,0.008144,172.31.46.0-255,66,111662,41,111767
23215,0.008187,172.31.46.0-255,105,111767,41,111767
23216,0.0,74.125.24.0-255,152,152,41,124814
23217,1.6e-05,172.31.46.0-255,66,218,41,124814
23218,2.3e-05,74.125.24.0-255,1484,1702,41,124814
23219,2.8e-05,172.31.46.0-255,66,1768,41,124814
23220,4.4e-05,74.125.24.0-255,2902,4670,41,124814
23221,4.8e-05,172.31.46.0-255,66,4736,41,124814
23222,5.4e-05,74.125.24.0-255,4320,9056,41,124814
23223,5.7e-05,172.31.46.0-255,66,9122,41,124814
23224,7.4e-05,74.125.24.0-255,2902,12024,41,124814
23225,7.6e-05,172.31.46.0-255,66,12090,41,124814
23226,8.5e-05,74.125.24.0-255,2005,14095,41,124814
23227,8.8e-05,172.31.46.0-255,66,14161,41,124814
23228,0.000155,172.31.46.0-255,66,14227,41,124814
23229,0.000177,74.125.24.0-255,1484,15711,41,124814
23230,0.000179,172.31.46.0-255,66,15777,41,124814
23231,0.000186,74.125.24.0-255,5379,21156,41,124814
23232,0.000188,172.31.46.0-255,66,21222,41,124814
23233,0.000231,74.125.24.0-255,1484,22706,41,124814
23234,0.000234,172.31.46.0-255,66,22772,41,124814
23235,0.000238,74.125.24.0-255,2902,25674,41,124814
23236,0.00024,172.31.46.0-255,66,25740,41,124814
23237,0.000263,74.125.24.0-255,5738,31478,41,124814
23238,0.000265,172.31.46.0-255,66,31544,41,124814
23239,0.00027,74.125.24.0-255,4320,35864,41,124814
23240,0.000272,172.31.46.0-255,66,35930,41,124814
23241,0.000323,74.125.24.0-255,2543,38473,41,124814
23242,0.000326,172.31.46.0-255,66,38539,41,124814
23243,0.000447,74.125.24.0-255,1484,40023,41,124814
23244,0.000452,172.31.46.0-255,66,40089,41,124814
23245,0.000472,74.125.24.0-255,2902,42991,41,124814
23246,0.000476,172.31.46.0-255,66,43057,41,124814
23247,0.000479,74.125.24.0-255,1484,44541,41,124814
23248,0.000507,74.125.24.0-255,2902,47443,41,124814
23249,0.00051,172.31.46.0-255,66,47509,41,124814
23250,0.000544,172.31.46.0-255,66,47575,41,124814
23251,0.00057,74.125.24.0-255,1484,49059,41,124814
23252,0.000587,74.125.24.0-255,2902,51961,41,124814
23253,0.00059,172.31.46.0-255,66,52027,41,124814
23254,0.000593,74.125.24.0-255,1484,53511,41,124814
23255,0.000625,74.125.24.0-255,4320,57831,41,124814
23256,0.000627,172.31.46.0-255,66,57897,41,124814
23257,0.00063,74.125.24.0-255,1484,59381,41,124814
23258,0.000662,172.31.46.0-255,66,59447,41,124814
23259,0.000674,172.31.46.0-255,66,59513,41,124814
23260,0.000678,74.125.24.0-255,2902,62415,41,124814
23261,0.000681,172.31.46.0-255,66,62481,41,124814
23262,0.00071,74.125.24.0-255,1705,64186,41,124814
23263,0.000713,172.31.46.0-255,66,64252,41,124814
23264,0.001429,74.125.24.0-255,1484,65736,41,124814
23265,0.001444,74.125.24.0-255,2902,68638,41,124814
23266,0.001448,172.31.46.0-255,66,68704,41,124814
23267,0.001452,74.125.24.0-255,1484,70188,41,124814
23268,0.00147,74.125.24.0-255,4320,74508,41,124814
23269,0.001473,172.31.46.0-255,66,74574,41,124814
23270,0.001505,74.125.24.0-255,2902,77476,41,124814
23271,0.001511,172.31.46.0-255,66,77542,41,124814
23272,0.001517,172.31.46.0-255,66,77608,41,124814
23273,0.001532,172.31.46.0-255,66,77674,41,124814
23274,0.001771,74.125.24.0-255,1484,79158,41,124814
23275,0.001775,74.125.24.0-255,1484,80642,41,124814
23276,0.001778,172.31.46.0-255,66,80708,41,124814
23277,0.001794,74.125.24.0-255,1484,82192,41,124814
23278,0.0018,74.125.24.0-255,5738,87930,41,124814
23279,0.001802,172.31.46.0-255,66,87996,41,124814
23280,0.001832,172.31.46.0-255,66,88062,41,124814
23281,0.001857,172.31.46.0-255,66,88128,41,124814
23282,0.00188,74.125.24.0-255,5020,93148,41,124814
23283,0.001883,172.31.46.0-255,66,93214,41,124814
23284,0.001938,74.125.24.0-255,1484,94698,41,124814
23285,0.001943,74.125.24.0-255,2902,97600,41,124814
23286,0.001946,172.31.46.0-255,66,97666,41,124814
23287,0.001962,74.125.24.0-255,1484,99150,41,124814
23288,0.001976,74.125.24.0-255,4320,103470,41,124814
23289,0.001978,172.31.46.0-255,66,103536,41,124814
23290,0.001981,74.125.24.0-255,1484,105020,41,124814
23291,0.002014,172.31.46.0-255,66,105086,41,124814
23292,0.002029,172.31.46.0-255,66,105152,41,124814
23293,0.002034,74.125.24.0-255,2184,107336,41,124814
23294,0.002036,172.31.46.0-255,66,107402,41,124814
23295,0.004105,74.125.24.0-255,5738,113140,41,124814
23296,0.004113,172.31.46.0-255,66,113206,41,124814
23297,0.006119,74.125.24.0-255,5738,118944,41,124814
23298,0.006122,172.31.46.0-255,66,119010,41,124814
23299,0.008147,74.125.24.0-255,5738,124748,41,124814
23300,0.008153,172.31.46.0-255,66,124814,41,124814
23301,0.0,172.217.194.0-255,156,156,41,143737
23302,1.5e-05,172.31.46.0-255,66,222,41,143737
23303,2.2e-05,172.217.194.0-255,1484,1706,41,143737
23304,2.7e-05,172.31.46.0-255,66,1772,41,143737
23305,4e-05,172.217.194.0-255,2902,4674,41,143737
23306,4.4e-05,172.31.46.0-255,66,4740,41,143737
23307,5.1e-05,172.217.194.0-255,5738,10478,41,143737
23308,5.4e-05,172.31.46.0-255,66,10544,41,143737
23309,7.4e-05,172.217.194.0-255,3430,13974,41,143737
23310,7.7e-05,172.31.46.0-255,66,14040,41,143737
23311,8.9e-05,172.217.194.0-255,4320,18360,41,143737
23312,9.2e-05,172.31.46.0-255,66,18426,41,143737
23313,9.9e-05,172.217.194.0-255,5738,24164,41,143737
23314,0.000102,172.31.46.0-255,66,24230,41,143737
23315,0.000131,172.217.194.0-255,4320,28550,41,143737
23316,0.000135,172.31.46.0-255,66,28616,41,143737
23317,0.000139,172.217.194.0-255,2543,31159,41,143737
23318,0.000142,172.31.46.0-255,66,31225,41,143737
23319,0.00019,172.217.194.0-255,1484,32709,41,143737
23320,0.000193,172.31.46.0-255,66,32775,41,143737
23321,0.000198,172.217.194.0-255,2902,35677,41,143737
23322,0.000201,172.31.46.0-255,66,35743,41,143737
23323,0.000212,172.217.194.0-255,5738,41481,41,143737
23324,0.000215,172.31.46.0-255,66,41547,41,143737
23325,0.000222,172.217.194.0-255,5738,47285,41,143737
23326,0.000224,172.31.46.0-255,66,47351,41,143737
23327,0.000248,172.217.194.0-255,1484,48835,41,143737
23328,0.000251,172.31.46.0-255,66,48901,41,143737
23329,0.00029,172.31.46.0-255,66,48967,41,143737
23330,0.000296,172.217.194.0-255,4236,53203,41,143737
23331,0.000298,172.31.46.0-255,66,53269,41,143737
23332,0.000345,172.217.194.0-255,119,53388,41,143737
23333,0.000348,172.217.194.0-255,382,53770,41,143737
23334,0.000604,172.217.194.0-255,1484,55254,41,143737
23335,0.000611,172.31.46.0-255,66,55320,41,143737
23336,0.000616,172.217.194.0-255,2902,58222,41,143737
23337,0.000619,172.31.46.0-255,66,58288,41,143737
23338,0.000625,172.217.194.0-255,5738,64026,41,143737
23339,0.000632,172.31.46.0-255,66,64092,41,143737
23340,0.000668,172.31.46.0-255,66,64158,41,143737
23341,0.000672,172.217.194.0-255,1484,65642,41,143737
23342,0.000709,172.31.46.0-255,66,65708,41,143737
23343,0.000731,172.217.194.0-255,1484,67192,41,143737
23344,0.000754,172.217.194.0-255,2902,70094,41,143737
23345,0.000757,172.31.46.0-255,66,70160,41,143737
23346,0.000764,172.217.194.0-255,5738,75898,41,143737
23347,0.000767,172.31.46.0-255,66,75964,41,143737
23348,0.000785,172.217.194.0-255,1484,77448,41,143737
23349,0.000818,172.31.46.0-255,66,77514,41,143737
23350,0.000856,172.31.46.0-255,66,77580,41,143737
23351,0.000896,172.31.46.0-255,66,77646,41,143737
23352,0.000911,172.31.46.0-255,66,77712,41,143737
23353,0.000965,172.31.46.0-255,66,77778,41,143737
23354,0.000997,172.217.194.0-255,1484,79262,41,143737
23355,0.001001,172.217.194.0-255,1484,80746,41,143737
23356,0.001003,172.31.46.0-255,66,80812,41,143737
23357,0.001025,172.217.194.0-255,1484,82296,41,143737
23358,0.001032,172.217.194.0-255,5738,88034,41,143737
23359,0.001035,172.31.46.0-255,66,88100,41,143737
23360,0.001047,172.31.46.0-255,66,88166,41,143737
23361,0.001086,172.217.194.0-255,4320,92486,41,143737
23362,0.001089,172.31.46.0-255,66,92552,41,143737
23363,0.001124,172.31.46.0-255,66,92618,41,143737
23364,0.001193,172.217.194.0-255,1484,94102,41,143737
23365,0.001197,172.217.194.0-255,1484,95586,41,143737
23366,0.0012,172.31.46.0-255,66,95652,41,143737
23367,0.00123,172.217.194.0-255,1484,97136,41,143737
23368,0.001238,172.217.194.0-255,5738,102874,41,143737
23369,0.00124,172.31.46.0-255,66,102940,41,143737
23370,0.001261,172.31.46.0-255,66,103006,41,143737
23371,0.001319,172.31.46.0-255,66,103072,41,143737
23372,0.001551,172.217.194.0-255,1484,104556,41,143737
23373,0.001557,172.217.194.0-255,2902,107458,41,143737
23374,0.001561,172.31.46.0-255,66,107524,41,143737
23375,0.001566,172.217.194.0-255,2902,110426,41,143737
23376,0.001568,172.31.46.0-255,66,110492,41,143737
23377,0.001601,172.217.194.0-255,2902,113394,41,143737
23378,0.001604,172.31.46.0-255,66,113460,41,143737
23379,0.001624,172.31.46.0-255,66,113526,41,143737
23380,0.001701,172.31.46.0-255,66,113592,41,143737
23381,0.001704,172.217.194.0-255,1484,115076,41,143737
23382,0.001709,172.217.194.0-255,2902,117978,41,143737
23383,0.001711,172.31.46.0-255,66,118044,41,143737
23384,0.001715,172.217.194.0-255,2902,120946,41,143737
23385,0.001717,172.31.46.0-255,66,121012,41,143737
23386,0.001755,172.217.194.0-255,2902,123914,41,143737
23387,0.001759,172.31.46.0-255,66,123980,41,143737
23388,0.001774,172.31.46.0-255,66,124046,41,143737
23389,0.001785,172.31.46.0-255,66,124112,41,143737
23390,0.001815,172.217.194.0-255,2184,126296,41,143737
23391,0.001818,172.31.46.0-255,66,126362,41,143737
23392,0.001844,172.217.194.0-255,2902,129264,41,143737
23393,0.001847,172.31.46.0-255,66,129330,41,143737
23394,0.001871,172.31.46.0-255,66,129396,41,143737
23395,0.001886,172.31.46.0-255,66,129462,41,143737
23396,0.001924,172.31.46.0-255,66,129528,41,143737
23397,0.001959,172.31.46.0-255,66,129594,41,143737
23398,0.001962,172.217.194.0-255,1484,131078,41,143737
23399,0.001999,172.31.46.0-255,66,131144,41,143737
23400,0.002031,172.31.46.0-255,66,131210,41,143737
23401,0.002062,172.31.46.0-255,66,131276,41,143737
23402,0.002082,172.31.46.0-255,66,131342,41,143737
23403,0.002086,172.217.194.0-255,2184,133526,41,143737
23404,0.002089,172.31.46.0-255,66,133592,41,143737
23405,0.002119,172.217.194.0-255,5738,139330,41,143737
23406,0.002122,172.31.46.0-255,66,139396,41,143737
23407,0.002125,172.217.194.0-255,1484,140880,41,143737
23408,0.002128,172.217.194.0-255,1484,142364,41,143737
23409,0.00213,172.31.46.0-255,66,142430,41,143737
23410,0.002133,172.217.194.0-255,934,143364,41,143737
23411,0.002136,172.217.194.0-255,97,143461,41,143737
23412,0.002215,172.217.194.0-255,105,143566,41,143737
23413,0.009407,172.31.46.0-255,66,143632,41,143737
23414,0.009452,172.31.46.0-255,105,143737,41,143737
23415,0.0,172.31.46.0-255,180,180,41,695
23416,2.5e-05,172.31.46.0-255,383,563,41,695
23417,0.001519,104.244.42.0-255,66,629,41,695
23418,0.00158,104.244.42.0-255,66,695,41,695
23419,0.0,172.217.194.0-255,151,151,41,60657
23420,2.4e-05,172.31.46.0-255,66,217,41,60657
23421,3e-05,172.217.194.0-255,1484,1701,41,60657
23422,3.5e-05,172.31.46.0-255,66,1767,41,60657
23423,4.8e-05,172.217.194.0-255,2902,4669,41,60657
23424,5.2e-05,172.31.46.0-255,66,4735,41,60657
23425,6.3e-05,172.31.46.0-255,66,4801,41,60657
23426,9.1e-05,172.217.194.0-255,2004,6805,41,60657
23427,9.5e-05,172.31.46.0-255,66,6871,41,60657
23428,0.000439,172.217.194.0-255,1484,8355,41,60657
23429,0.000445,172.31.46.0-255,66,8421,41,60657
23430,0.000452,172.217.194.0-255,2902,11323,41,60657
23431,0.000455,172.31.46.0-255,66,11389,41,60657
23432,0.000483,172.217.194.0-255,5738,17127,41,60657
23433,0.000486,172.31.46.0-255,66,17193,41,60657
23434,0.000496,172.31.46.0-255,66,17259,41,60657
23435,0.000749,172.217.194.0-255,1484,18743,41,60657
23436,0.000754,172.31.46.0-255,66,18809,41,60657
23437,0.000779,172.217.194.0-255,1484,20293,41,60657
23438,0.000782,172.31.46.0-255,66,20359,41,60657
23439,0.0008,172.217.194.0-255,1484,21843,41,60657
23440,0.000802,172.31.46.0-255,66,21909,41,60657
23441,0.000806,172.217.194.0-255,1484,23393,41,60657
23442,0.000808,172.31.46.0-255,66,23459,41,60657
23443,0.000814,172.217.194.0-255,2902,26361,41,60657
23444,0.000816,172.31.46.0-255,66,26427,41,60657
23445,0.000822,172.217.194.0-255,4320,30747,41,60657
23446,0.000824,172.31.46.0-255,66,30813,41,60657
23447,0.000866,172.217.194.0-255,1484,32297,41,60657
23448,0.000869,172.31.46.0-255,66,32363,41,60657
23449,0.000889,172.31.46.0-255,66,32429,41,60657
23450,0.000898,172.31.46.0-255,66,32495,41,60657
23451,0.000983,172.217.194.0-255,98,32593,41,60657
23452,0.001207,172.31.46.0-255,66,32659,41,60657
23453,0.002164,172.217.194.0-255,1484,34143,41,60657
23454,0.002196,172.217.194.0-255,2902,37045,41,60657
23455,0.002201,172.31.46.0-255,66,37111,41,60657
23456,0.002209,172.217.194.0-255,5738,42849,41,60657
23457,0.002212,172.31.46.0-255,66,42915,41,60657
23458,0.002256,172.31.46.0-255,66,42981,41,60657
23459,0.00226,172.217.194.0-255,1484,44465,41,60657
23460,0.002292,172.31.46.0-255,66,44531,41,60657
23461,0.002325,172.31.46.0-255,66,44597,41,60657
23462,0.004651,172.217.194.0-255,5738,50335,41,60657
23463,0.004656,172.31.46.0-255,66,50401,41,60657
23464,0.006982,172.217.194.0-255,4320,54721,41,60657
23465,0.00699,172.31.46.0-255,66,54787,41,60657
23466,0.007016,172.217.194.0-255,1484,56271,41,60657
23467,0.009315,172.217.194.0-255,4320,60591,41,60657
23468,0.009322,172.31.46.0-255,66,60657,41,60657
23469,0.0,172.31.46.0-255,105,105,41,459
23470,0.000259,172.31.46.0-255,90,195,41,459
23471,0.00027,172.31.46.0-255,66,261,41,459
23472,0.002757,74.125.130.0-255,66,327,41,459
23473,0.002789,74.125.130.0-255,66,393,41,459
23474,0.002813,172.31.46.0-255,66,459,41,459
23475,0.0,74.125.200.0-255,153,153,41,159314
23476,2.2e-05,172.31.46.0-255,66,219,41,159314
23477,2.9e-05,74.125.200.0-255,1484,1703,41,159314
23478,3.5e-05,172.31.46.0-255,66,1769,41,159314
23479,4.9e-05,74.125.200.0-255,2902,4671,41,159314
23480,5.3e-05,172.31.46.0-255,66,4737,41,159314
23481,5.8e-05,74.125.200.0-255,2902,7639,41,159314
23482,6.1e-05,172.31.46.0-255,66,7705,41,159314
23483,6.8e-05,74.125.200.0-255,4320,12025,41,159314
23484,7.2e-05,172.31.46.0-255,66,12091,41,159314
23485,7.6e-05,74.125.200.0-255,2902,14993,41,159314
23486,7.9e-05,172.31.46.0-255,66,15059,41,159314
23487,0.000124,172.31.46.0-255,66,15125,41,159314
23488,0.00013,74.125.200.0-255,4320,19445,41,159314
23489,0.000131,172.31.46.0-255,66,19511,41,159314
23490,0.000139,74.125.200.0-255,5379,24890,41,159314
23491,0.000141,172.31.46.0-255,66,24956,41,159314
23492,0.00042,74.125.200.0-255,1484,26440,41,159314
23493,0.000426,172.31.46.0-255,66,26506,41,159314
23494,0.000432,74.125.200.0-255,2902,29408,41,159314
23495,0.000435,172.31.46.0-255,66,29474,41,159314
23496,0.000439,74.125.200.0-255,2902,32376,41,159314
23497,0.000447,172.31.46.0-255,66,32442,41,159314
23498,0.00045,74.125.200.0-255,1484,33926,41,159314
23499,0.000453,172.31.46.0-255,66,33992,41,159314
23500,0.000484,74.125.200.0-255,2902,36894,41,159314
23501,0.000486,172.31.46.0-255,66,36960,41,159314
23502,0.000492,74.125.200.0-255,4320,41280,41,159314
23503,0.000499,172.31.46.0-255,66,41346,41,159314
23504,0.000527,74.125.200.0-255,5379,46725,41,159314
23505,0.000532,74.125.200.0-255,4320,51045,41,159314
23506,0.000538,172.31.46.0-255,66,51111,41,159314
23507,0.000541,172.31.46.0-255,66,51177,41,159314
23508,0.000552,74.125.200.0-255,1484,52661,41,159314
23509,0.000589,172.31.46.0-255,66,52727,41,159314
23510,0.000984,74.125.200.0-255,107,52834,41,159314
23511,0.001117,172.31.46.0-255,66,52900,41,159314
23512,0.001326,74.125.200.0-255,1484,54384,41,159314
23513,0.001334,74.125.200.0-255,2902,57286,41,159314
23514,0.001338,172.31.46.0-255,66,57352,41,159314
23515,0.001372,74.125.200.0-255,5738,63090,41,159314
23516,0.001375,172.31.46.0-255,66,63156,41,159314
23517,0.001425,74.125.200.0-255,1484,64640,41,159314
23518,0.001431,74.125.200.0-255,2902,67542,41,159314
23519,0.001434,172.31.46.0-255,66,67608,41,159314
23520,0.001439,74.125.200.0-255,2543,70151,41,159314
23521,0.001441,172.31.46.0-255,66,70217,41,159314
23522,0.001445,74.125.200.0-255,2902,73119,41,159314
23523,0.001452,172.31.46.0-255,66,73185,41,159314
23524,0.001462,172.31.46.0-255,66,73251,41,159314
23525,0.001465,74.125.200.0-255,1484,74735,41,159314
23526,0.001499,74.125.200.0-255,5623,80358,41,159314
23527,0.001502,172.31.46.0-255,66,80424,41,159314
23528,0.001642,74.125.200.0-255,1484,81908,41,159314
23529,0.00165,74.125.200.0-255,2902,84810,41,159314
23530,0.001653,172.31.46.0-255,66,84876,41,159314
23531,0.001695,74.125.200.0-255,1484,86360,41,159314
23532,0.001699,74.125.200.0-255,1484,87844,41,159314
23533,0.001701,172.31.46.0-255,66,87910,41,159314
23534,0.00173,74.125.200.0-255,1484,89394,41,159314
23535,0.001735,74.125.200.0-255,2902,92296,41,159314
23536,0.001738,172.31.46.0-255,66,92362,41,159314
23537,0.001744,74.125.200.0-255,4320,96682,41,159314
23538,0.001747,172.31.46.0-255,66,96748,41,159314
23539,0.00175,74.125.200.0-255,1484,98232,41,159314
23540,0.001786,172.31.46.0-255,66,98298,41,159314
23541,0.001792,74.125.200.0-255,4320,102618,41,159314
23542,0.001794,172.31.46.0-255,66,102684,41,159314
23543,0.001806,74.125.200.0-255,5020,107704,41,159314
23544,0.00181,172.31.46.0-255,66,107770,41,159314
23545,0.001876,74.125.200.0-255,1484,109254,41,159314
23546,0.001881,74.125.200.0-255,1484,110738,41,159314
23547,0.001884,172.31.46.0-255,66,110804,41,159314
23548,0.001895,74.125.200.0-255,1484,112288,41,159314
23549,0.001906,74.125.200.0-255,5738,118026,41,159314
23550,0.00191,172.31.46.0-255,66,118092,41,159314
23551,0.001913,74.125.200.0-255,1484,119576,41,159314
23552,0.001946,74.125.200.0-255,5738,125314,41,159314
23553,0.00195,172.31.46.0-255,66,125380,41,159314
23554,0.001966,172.31.46.0-255,66,125446,41,159314
23555,0.001969,74.125.200.0-255,1484,126930,41,159314
23556,0.002002,172.31.46.0-255,66,126996,41,159314
23557,0.002226,74.125.200.0-255,1484,128480,41,159314
23558,0.002234,74.125.200.0-255,2902,131382,41,159314
23559,0.002238,172.31.46.0-255,66,131448,41,159314
23560,0.002273,74.125.200.0-255,5738,137186,41,159314
23561,0.002276,172.31.46.0-255,66,137252,41,159314
23562,0.002281,74.125.200.0-255,2902,140154,41,159314
23563,0.002283,172.31.46.0-255,66,140220,41,159314
23564,0.002317,172.31.46.0-255,66,140286,41,159314
23565,0.002321,74.125.200.0-255,2902,143188,41,159314
23566,0.002323,172.31.46.0-255,66,143254,41,159314
23567,0.004588,74.125.200.0-255,4320,147574,41,159314
23568,0.004595,172.31.46.0-255,66,147640,41,159314
23569,0.00463,74.125.200.0-255,1484,149124,41,159314
23570,0.006869,74.125.200.0-255,4320,153444,41,159314
23571,0.006877,172.31.46.0-255,66,153510,41,159314
23572,0.009157,74.125.200.0-255,5738,159248,41,159314
23573,0.009167,172.31.46.0-255,66,159314,41,159314
23574,0.0,74.125.24.0-255,153,153,41,178665
23575,2.1e-05,172.31.46.0-255,66,219,41,178665
23576,2.8e-05,74.125.24.0-255,1484,1703,41,178665
23577,3.3e-05,172.31.46.0-255,66,1769,41,178665
23578,3.8e-05,74.125.24.0-255,2902,4671,41,178665
23579,4.1e-05,172.31.46.0-255,66,4737,41,178665
23580,6e-05,172.31.46.0-255,66,4803,41,178665
23581,0.000102,172.31.46.0-255,66,4869,41,178665
23582,0.000112,172.31.46.0-255,66,4935,41,178665
23583,0.000117,74.125.24.0-255,5379,10314,41,178665
23584,0.00012,172.31.46.0-255,66,10380,41,178665
23585,0.000226,74.125.24.0-255,1484,11864,41,178665
23586,0.00023,172.31.46.0-255,66,11930,41,178665
23587,0.000234,74.125.24.0-255,1484,13414,41,178665
23588,0.000236,172.31.46.0-255,66,13480,41,178665
23589,0.000259,74.125.24.0-255,1484,14964,41,178665
23590,0.000262,172.31.46.0-255,66,15030,41,178665
23591,0.000273,74.125.24.0-255,5738,20768,41,178665
23592,0.000275,172.31.46.0-255,66,20834,41,178665
23593,0.000285,172.31.46.0-255,66,20900,41,178665
23594,0.00033,172.31.46.0-255,66,20966,41,178665
23595,0.000334,74.125.24.0-255,2852,23818,41,178665
23596,0.000336,172.31.46.0-255,66,23884,41,178665
23597,0.000386,74.125.24.0-255,347,24231,41,178665
23598,0.000389,172.31.46.0-255,66,24297,41,178665
23599,0.000456,74.125.24.0-255,1484,25781,41,178665
23600,0.000459,172.31.46.0-255,66,25847,41,178665
23601,0.000464,74.125.24.0-255,2902,28749,41,178665
23602,0.000467,172.31.46.0-255,66,28815,41,178665
23603,0.000498,74.125.24.0-255,5738,34553,41,178665
23604,0.0005,172.31.46.0-255,66,34619,41,178665
23605,0.000535,172.31.46.0-255,66,34685,41,178665
23606,0.000546,172.31.46.0-255,66,34751,41,178665
23607,0.000567,74.125.24.0-255,2902,37653,41,178665
23608,0.000569,172.31.46.0-255,66,37719,41,178665
23609,0.000575,74.125.24.0-255,3411,41130,41,178665
23610,0.000578,172.31.46.0-255,66,41196,41,178665
23611,0.000761,74.125.24.0-255,1484,42680,41,178665
23612,0.000776,74.125.24.0-255,2902,45582,41,178665
23613,0.00078,172.31.46.0-255,66,45648,41,178665
23614,0.000786,74.125.24.0-255,2902,48550,41,178665
23615,0.000788,172.31.46.0-255,66,48616,41,178665
23616,0.000808,74.125.24.0-255,2902,51518,41,178665
23617,0.000815,172.31.46.0-255,66,51584,41,178665
23618,0.000842,172.31.46.0-255,66,51650,41,178665
23619,0.000874,74.125.24.0-255,5738,57388,41,178665
23620,0.000877,172.31.46.0-255,66,57454,41,178665
23621,0.0009,74.125.24.0-255,5738,63192,41,178665
23622,0.000903,172.31.46.0-255,66,63258,41,178665
23623,0.000957,74.125.24.0-255,5020,68278,41,178665
23624,0.000962,172.31.46.0-255,66,68344,41,178665
23625,0.000966,74.125.24.0-255,1484,69828,41,178665
23626,0.000971,74.125.24.0-255,2902,72730,41,178665
23627,0.000973,172.31.46.0-255,66,72796,41,178665
23628,0.000979,74.125.24.0-255,5738,78534,41,178665
23629,0.000981,172.31.46.0-255,66,78600,41,178665
23630,0.000986,74.125.24.0-255,2902,81502,41,178665
23631,0.000988,172.31.46.0-255,66,81568,41,178665
23632,0.000991,74.125.24.0-255,1484,83052,41,178665
23633,0.001031,172.31.46.0-255,66,83118,41,178665
23634,0.001036,74.125.24.0-255,4320,87438,41,178665
23635,0.001038,172.31.46.0-255,66,87504,41,178665
23636,0.001089,172.31.46.0-255,66,87570,41,178665
23637,0.001108,172.31.46.0-255,66,87636,41,178665
23638,0.001123,172.31.46.0-255,66,87702,41,178665
23639,0.001152,74.125.24.0-255,1484,89186,41,178665
23640,0.001156,74.125.24.0-255,2902,92088,41,178665
23641,0.001158,172.31.46.0-255,66,92154,41,178665
23642,0.001165,74.125.24.0-255,5738,97892,41,178665
23643,0.001167,172.31.46.0-255,66,97958,41,178665
23644,0.001176,172.31.46.0-255,66,98024,41,178665
23645,0.001198,74.125.24.0-255,5738,103762,41,178665
23646,0.001201,172.31.46.0-255,66,103828,41,178665
23647,0.001204,74.125.24.0-255,1484,105312,41,178665
23648,0.001254,172.31.46.0-255,66,105378,41,178665
23649,0.001281,74.125.24.0-255,1484,106862,41,178665
23650,0.001304,172.31.46.0-255,66,106928,41,178665
23651,0.00135,172.31.46.0-255,66,106994,41,178665
23652,0.001396,74.125.24.0-255,4320,111314,41,178665
23653,0.001543,74.125.24.0-255,1484,112798,41,178665
23654,0.001558,74.125.24.0-255,2902,115700,41,178665
23655,0.001591,74.125.24.0-255,4320,120020,41,178665
23656,0.001606,74.125.24.0-255,1484,121504,41,178665
23657,0.001609,74.125.24.0-255,1484,122988,41,178665
23658,0.001639,74.125.24.0-255,5738,128726,41,178665
23659,0.001654,74.125.24.0-255,4320,133046,41,178665
23660,0.001701,74.125.24.0-255,2184,135230,41,178665
23661,0.001873,74.125.24.0-255,1484,136714,41,178665
23662,0.00189,74.125.24.0-255,2902,139616,41,178665
23663,0.001893,74.125.24.0-255,1484,141100,41,178665
23664,0.001917,74.125.24.0-255,4320,145420,41,178665
23665,0.00192,74.125.24.0-255,1484,146904,41,178665
23666,0.001956,74.125.24.0-255,5379,152283,41,178665
23667,0.002142,172.31.46.0-255,66,152349,41,178665
23668,0.002262,74.125.24.0-255,1484,153833,41,178665
23669,0.002278,74.125.24.0-255,2902,156735,41,178665
23670,0.002298,172.31.46.0-255,66,156801,41,178665
23671,0.002304,74.125.24.0-255,4320,161121,41,178665
23672,0.002334,172.31.46.0-255,66,161187,41,178665
23673,0.004554,74.125.24.0-255,1484,162671,41,178665
23674,0.004583,74.125.24.0-255,4320,166991,41,178665
23675,0.004587,172.31.46.0-255,66,167057,41,178665
23676,0.006855,74.125.24.0-255,5738,172795,41,178665
23677,0.006861,172.31.46.0-255,66,172861,41,178665
23678,0.009113,74.125.24.0-255,5738,178599,41,178665
23679,0.009118,172.31.46.0-255,66,178665,41,178665
23680,0.0,74.125.24.0-255,153,153,41,126214
23681,2.3e-05,172.31.46.0-255,66,219,41,126214
23682,3e-05,74.125.24.0-255,1484,1703,41,126214
23683,3.6e-05,172.31.46.0-255,66,1769,41,126214
23684,4.2e-05,74.125.24.0-255,2902,4671,41,126214
23685,5.4e-05,172.31.46.0-255,66,4737,41,126214
23686,6.5e-05,172.31.46.0-255,66,4803,41,126214
23687,6.9e-05,74.125.24.0-255,1977,6780,41,126214
23688,7.2e-05,172.31.46.0-255,66,6846,41,126214
23689,0.000144,74.125.24.0-255,1484,8330,41,126214
23690,0.000147,172.31.46.0-255,66,8396,41,126214
23691,0.000152,74.125.24.0-255,2902,11298,41,126214
23692,0.000155,172.31.46.0-255,66,11364,41,126214
23693,0.000158,74.125.24.0-255,1484,12848,41,126214
23694,0.00016,172.31.46.0-255,66,12914,41,126214
23695,0.000192,74.125.24.0-255,4320,17234,41,126214
23696,0.000195,172.31.46.0-255,66,17300,41,126214
23697,0.00021,172.31.46.0-255,66,17366,41,126214
23698,0.000306,74.125.24.0-255,1484,18850,41,126214
23699,0.000309,172.31.46.0-255,66,18916,41,126214
23700,0.000313,74.125.24.0-255,1484,20400,41,126214
23701,0.000315,172.31.46.0-255,66,20466,41,126214
23702,0.000336,74.125.24.0-255,1484,21950,41,126214
23703,0.000338,172.31.46.0-255,66,22016,41,126214
23704,0.000349,74.125.24.0-255,5738,27754,41,126214
23705,0.000352,172.31.46.0-255,66,27820,41,126214
23706,0.000362,172.31.46.0-255,66,27886,41,126214
23707,0.0004,172.31.46.0-255,66,27952,41,126214
23708,0.000403,74.125.24.0-255,646,28598,41,126214
23709,0.000539,74.125.24.0-255,1484,30082,41,126214
23710,0.000544,172.31.46.0-255,66,30148,41,126214
23711,0.000549,74.125.24.0-255,2902,33050,41,126214
23712,0.000551,172.31.46.0-255,66,33116,41,126214
23713,0.000588,74.125.24.0-255,5738,38854,41,126214
23714,0.000591,172.31.46.0-255,66,38920,41,126214
23715,0.000597,74.125.24.0-255,5738,44658,41,126214
23716,0.0006,172.31.46.0-255,66,44724,41,126214
23717,0.000604,74.125.24.0-255,576,45300,41,126214
23718,0.000923,74.125.24.0-255,1484,46784,41,126214
23719,0.000928,172.31.46.0-255,66,46850,41,126214
23720,0.000934,74.125.24.0-255,2902,49752,41,126214
23721,0.000936,172.31.46.0-255,66,49818,41,126214
23722,0.000974,74.125.24.0-255,5738,55556,41,126214
23723,0.000977,172.31.46.0-255,66,55622,41,126214
23724,0.001012,172.31.46.0-255,66,55688,41,126214
23725,0.001021,172.31.46.0-255,66,55754,41,126214
23726,0.001041,74.125.24.0-255,1484,57238,41,126214
23727,0.001081,172.31.46.0-255,66,57304,41,126214
23728,0.001182,74.125.24.0-255,1484,58788,41,126214
23729,0.001187,74.125.24.0-255,2902,61690,41,126214
23730,0.00119,172.31.46.0-255,66,61756,41,126214
23731,0.001246,74.125.24.0-255,5738,67494,41,126214
23732,0.001249,172.31.46.0-255,66,67560,41,126214
23733,0.001263,172.31.46.0-255,66,67626,41,126214
23734,0.001273,74.125.24.0-255,5738,73364,41,126214
23735,0.001276,172.31.46.0-255,66,73430,41,126214
23736,0.001297,74.125.24.0-255,1484,74914,41,126214
23737,0.001311,74.125.24.0-255,3602,78516,41,126214
23738,0.001318,172.31.46.0-255,66,78582,41,126214
23739,0.001398,74.125.24.0-255,1484,80066,41,126214
23740,0.001422,74.125.24.0-255,2902,82968,41,126214
23741,0.001426,172.31.46.0-255,66,83034,41,126214
23742,0.001433,74.125.24.0-255,5738,88772,41,126214
23743,0.001435,172.31.46.0-255,66,88838,41,126214
23744,0.001467,74.125.24.0-255,2902,91740,41,126214
23745,0.001471,172.31.46.0-255,66,91806,41,126214
23746,0.001505,172.31.46.0-255,66,91872,41,126214
23747,0.001509,74.125.24.0-255,2902,94774,41,126214
23748,0.001512,172.31.46.0-255,66,94840,41,126214
23749,0.001556,172.31.46.0-255,66,94906,41,126214
23750,0.001561,74.125.24.0-255,2184,97090,41,126214
23751,0.001563,172.31.46.0-255,66,97156,41,126214
23752,0.001741,74.125.24.0-255,1484,98640,41,126214
23753,0.001763,74.125.24.0-255,2902,101542,41,126214
23754,0.001767,172.31.46.0-255,66,101608,41,126214
23755,0.001774,74.125.24.0-255,5738,107346,41,126214
23756,0.001776,172.31.46.0-255,66,107412,41,126214
23757,0.001796,74.125.24.0-255,4320,111732,41,126214
23758,0.001803,172.31.46.0-255,66,111798,41,126214
23759,0.001844,172.31.46.0-255,66,111864,41,126214
23760,0.001856,172.31.46.0-255,66,111930,41,126214
23761,0.001868,172.31.46.0-255,66,111996,41,126214
23762,0.001913,172.31.46.0-255,66,112062,41,126214
23763,0.001949,172.31.46.0-255,66,112128,41,126214
23764,0.001966,172.31.46.0-255,66,112194,41,126214
23765,0.002016,74.125.24.0-255,5738,117932,41,126214
23766,0.002022,172.31.46.0-255,66,117998,41,126214
23767,0.002025,172.31.46.0-255,66,118064,41,126214
23768,0.002028,172.31.46.0-255,66,118130,41,126214
23769,0.002065,172.31.46.0-255,66,118196,41,126214
23770,0.002091,172.31.46.0-255,66,118262,41,126214
23771,0.002157,172.31.46.0-255,66,118328,41,126214
23772,0.0022,172.31.46.0-255,66,118394,41,126214
23773,0.002215,172.31.46.0-255,66,118460,41,126214
23774,0.002217,74.125.24.0-255,1484,119944,41,126214
23775,0.002221,172.31.46.0-255,78,120022,41,126214
23776,0.002243,172.31.46.0-255,66,120088,41,126214
23777,0.00225,74.125.24.0-255,5718,125806,41,126214
23778,0.002253,172.31.46.0-255,66,125872,41,126214
23779,0.002256,74.125.24.0-255,105,125977,41,126214
23780,0.004705,172.31.46.0-255,66,126043,41,126214
23781,0.004741,172.31.46.0-255,105,126148,41,126214
23782,0.006804,74.125.24.0-255,66,126214,41,126214
23783,0.0,172.217.194.0-255,145,145,41,202867
23784,3.6e-05,172.31.46.0-255,66,211,41,202867
23785,4.4e-05,172.217.194.0-255,1484,1695,41,202867
23786,4.8e-05,172.31.46.0-255,66,1761,41,202867
23787,6.3e-05,172.217.194.0-255,2902,4663,41,202867
23788,6.8e-05,172.31.46.0-255,66,4729,41,202867
23789,7.3e-05,172.217.194.0-255,2902,7631,41,202867
23790,7.6e-05,172.31.46.0-255,66,7697,41,202867
23791,0.000115,172.31.46.0-255,66,7763,41,202867
23792,0.000126,172.31.46.0-255,66,7829,41,202867
23793,0.00013,172.217.194.0-255,2902,10731,41,202867
23794,0.000132,172.31.46.0-255,66,10797,41,202867
23795,0.000173,172.31.46.0-255,66,10863,41,202867
23796,0.000199,172.217.194.0-255,1484,12347,41,202867
23797,0.000202,172.31.46.0-255,66,12413,41,202867
23798,0.000207,172.217.194.0-255,2902,15315,41,202867
23799,0.00021,172.31.46.0-255,66,15381,41,202867
23800,0.000215,172.217.194.0-255,4320,19701,41,202867
23801,0.000218,172.31.46.0-255,66,19767,41,202867
23802,0.000254,172.217.194.0-255,1484,21251,41,202867
23803,0.000256,172.31.46.0-255,66,21317,41,202867
23804,0.000267,172.31.46.0-255,66,21383,41,202867
23805,0.00029,172.217.194.0-255,2902,24285,41,202867
23806,0.000292,172.31.46.0-255,66,24351,41,202867
23807,0.000296,172.217.194.0-255,2902,27253,41,202867
23808,0.000298,172.31.46.0-255,66,27319,41,202867
23809,0.00033,172.217.194.0-255,1484,28803,41,202867
23810,0.000332,172.31.46.0-255,66,28869,41,202867
23811,0.000345,172.217.194.0-255,1421,30290,41,202867
23812,0.000558,172.31.46.0-255,66,30356,41,202867
23813,0.00093,172.217.194.0-255,383,30739,41,202867
23814,0.001107,172.31.46.0-255,66,30805,41,202867
23815,0.001136,172.217.194.0-255,1484,32289,41,202867
23816,0.001142,172.217.194.0-255,2902,35191,41,202867
23817,0.001147,172.217.194.0-255,2902,38093,41,202867
23818,0.001153,172.31.46.0-255,66,38159,41,202867
23819,0.001173,172.217.194.0-255,2902,41061,41,202867
23820,0.001178,172.217.194.0-255,2902,43963,41,202867
23821,0.001193,172.31.46.0-255,66,44029,41,202867
23822,0.001258,172.31.46.0-255,66,44095,41,202867
23823,0.001345,172.217.194.0-255,1484,45579,41,202867
23824,0.00136,172.217.194.0-255,2902,48481,41,202867
23825,0.001386,172.217.194.0-255,5738,54219,41,202867
23826,0.00139,172.31.46.0-255,66,54285,41,202867
23827,0.001401,172.217.194.0-255,5738,60023,41,202867
23828,0.001412,172.31.46.0-255,66,60089,41,202867
23829,0.001473,172.31.46.0-255,66,60155,41,202867
23830,0.001767,172.217.194.0-255,1484,61639,41,202867
23831,0.001771,172.217.194.0-255,1484,63123,41,202867
23832,0.001774,172.31.46.0-255,66,63189,41,202867
23833,0.001802,172.217.194.0-255,1484,64673,41,202867
23834,0.00181,172.217.194.0-255,5738,70411,41,202867
23835,0.001831,172.31.46.0-255,66,70477,41,202867
23836,0.001853,172.217.194.0-255,5738,76215,41,202867
23837,0.001864,172.31.46.0-255,66,76281,41,202867
23838,0.00191,172.31.46.0-255,66,76347,41,202867
23839,0.002016,172.217.194.0-255,1484,77831,41,202867
23840,0.00202,172.217.194.0-255,1484,79315,41,202867
23841,0.002023,172.31.46.0-255,66,79381,41,202867
23842,0.002048,172.217.194.0-255,1484,80865,41,202867
23843,0.002055,172.217.194.0-255,5738,86603,41,202867
23844,0.002099,172.217.194.0-255,4320,90923,41,202867
23845,0.002102,172.217.194.0-255,1484,92407,41,202867
23846,0.002122,172.217.194.0-255,4320,96727,41,202867
23847,0.00214,172.217.194.0-255,1484,98211,41,202867
23848,0.002143,172.217.194.0-255,1484,99695,41,202867
23849,0.002166,172.217.194.0-255,4320,104015,41,202867
23850,0.002184,172.217.194.0-255,4320,108335,41,202867
23851,0.002187,172.217.194.0-255,1484,109819,41,202867
23852,0.002189,172.217.194.0-255,766,110585,41,202867
23853,0.002401,172.217.194.0-255,1484,112069,41,202867
23854,0.002417,172.217.194.0-255,2902,114971,41,202867
23855,0.002432,172.217.194.0-255,2902,117873,41,202867
23856,0.002451,172.217.194.0-255,2902,120775,41,202867
23857,0.002509,172.217.194.0-255,2902,123677,41,202867
23858,0.00253,172.217.194.0-255,4320,127997,41,202867
23859,0.002554,172.217.194.0-255,766,128763,41,202867
23860,0.002652,172.217.194.0-255,1484,130247,41,202867
23861,0.002656,172.217.194.0-255,1484,131731,41,202867
23862,0.002668,172.217.194.0-255,1484,133215,41,202867
23863,0.002673,172.217.194.0-255,2902,136117,41,202867
23864,0.002742,172.217.194.0-255,2902,139019,41,202867
23865,0.002789,172.217.194.0-255,5738,144757,41,202867
23866,0.002803,172.217.194.0-255,5738,150495,41,202867
23867,0.002806,172.217.194.0-255,1484,151979,41,202867
23868,0.002821,172.217.194.0-255,1484,153463,41,202867
23869,0.002841,172.217.194.0-255,2184,155647,41,202867
23870,0.002868,172.217.194.0-255,2902,158549,41,202867
23871,0.002947,172.217.194.0-255,2902,161451,41,202867
23872,0.002964,172.217.194.0-255,4320,165771,41,202867
23873,0.003003,172.217.194.0-255,2902,168673,41,202867
23874,0.003044,172.217.194.0-255,2184,170857,41,202867
23875,0.003049,172.217.194.0-255,2902,173759,41,202867
23876,0.003103,172.217.194.0-255,2902,176661,41,202867
23877,0.003128,172.217.194.0-255,5738,182399,41,202867
23878,0.003149,172.217.194.0-255,5738,188137,41,202867
23879,0.003213,172.217.194.0-255,5738,193875,41,202867
23880,0.003226,172.217.194.0-255,1484,195359,41,202867
23881,0.00326,172.217.194.0-255,1484,196843,41,202867
23882,0.003324,172.217.194.0-255,2184,199027,41,202867
23883,0.003326,172.217.194.0-255,1484,200511,41,202867
23884,0.003343,172.217.194.0-255,2080,202591,41,202867
23885,0.003346,172.217.194.0-255,105,202696,41,202867
23886,0.006824,172.31.46.0-255,66,202762,41,202867
23887,0.008997,172.31.46.0-255,105,202867,41,202867
23888,0.0,74.125.68.0-255,152,152,41,147236
23889,1.3e-05,172.31.46.0-255,66,218,41,147236
23890,2e-05,74.125.68.0-255,1484,1702,41,147236
23891,2.4e-05,172.31.46.0-255,66,1768,41,147236
23892,3e-05,74.125.68.0-255,2902,4670,41,147236
23893,3.3e-05,172.31.46.0-255,66,4736,41,147236
23894,7.3e-05,172.31.46.0-255,66,4802,41,147236
23895,7.7e-05,74.125.68.0-255,1939,6741,41,147236
23896,7.9e-05,172.31.46.0-255,66,6807,41,147236
23897,0.000411,74.125.68.0-255,1484,8291,41,147236
23898,0.000418,172.31.46.0-255,66,8357,41,147236
23899,0.000424,74.125.68.0-255,2902,11259,41,147236
23900,0.000426,172.31.46.0-255,66,11325,41,147236
23901,0.000444,74.125.68.0-255,5738,17063,41,147236
23902,0.000447,172.31.46.0-255,66,17129,41,147236
23903,0.000477,172.31.46.0-255,66,17195,41,147236
23904,0.000546,74.125.68.0-255,1484,18679,41,147236
23905,0.000549,172.31.46.0-255,66,18745,41,147236
23906,0.000554,74.125.68.0-255,2902,21647,41,147236
23907,0.000556,172.31.46.0-255,66,21713,41,147236
23908,0.000559,74.125.68.0-255,1484,23197,41,147236
23909,0.000561,172.31.46.0-255,66,23263,41,147236
23910,0.000586,74.125.68.0-255,2902,26165,41,147236
23911,0.000589,172.31.46.0-255,66,26231,41,147236
23912,0.000592,74.125.68.0-255,1484,27715,41,147236
23913,0.000594,172.31.46.0-255,66,27781,41,147236
23914,0.000615,74.125.68.0-255,4320,32101,41,147236
23915,0.000618,172.31.46.0-255,66,32167,41,147236
23916,0.000622,74.125.68.0-255,2543,34710,41,147236
23917,0.000625,172.31.46.0-255,66,34776,41,147236
23918,0.000876,74.125.68.0-255,1484,36260,41,147236
23919,0.000881,74.125.68.0-255,1484,37744,41,147236
23920,0.000885,172.31.46.0-255,66,37810,41,147236
23921,0.000906,74.125.68.0-255,1484,39294,41,147236
23922,0.000909,74.125.68.0-255,1484,40778,41,147236
23923,0.000911,172.31.46.0-255,66,40844,41,147236
23924,0.000942,74.125.68.0-255,1484,42328,41,147236
23925,0.000955,74.125.68.0-255,1484,43812,41,147236
23926,0.000957,172.31.46.0-255,66,43878,41,147236
23927,0.000975,74.125.68.0-255,1484,45362,41,147236
23928,0.000979,74.125.68.0-255,2902,48264,41,147236
23929,0.000981,172.31.46.0-255,66,48330,41,147236
23930,0.001012,74.125.68.0-255,4542,52872,41,147236
23931,0.001015,172.31.46.0-255,66,52938,41,147236
23932,0.001076,74.125.68.0-255,1484,54422,41,147236
23933,0.001081,74.125.68.0-255,2902,57324,41,147236
23934,0.001084,172.31.46.0-255,66,57390,41,147236
23935,0.001101,74.125.68.0-255,1484,58874,41,147236
23936,0.001117,74.125.68.0-255,4320,63194,41,147236
23937,0.00112,172.31.46.0-255,66,63260,41,147236
23938,0.001136,74.125.68.0-255,4320,67580,41,147236
23939,0.001139,172.31.46.0-255,66,67646,41,147236
23940,0.001151,74.125.68.0-255,2543,70189,41,147236
23941,0.001154,172.31.46.0-255,66,70255,41,147236
23942,0.001188,172.31.46.0-255,66,70321,41,147236
23943,0.001191,74.125.68.0-255,1484,71805,41,147236
23944,0.001206,74.125.68.0-255,1484,73289,41,147236
23945,0.001209,172.31.46.0-255,66,73355,41,147236
23946,0.001222,74.125.68.0-255,1484,74839,41,147236
23947,0.001227,74.125.68.0-255,2902,77741,41,147236
23948,0.00123,172.31.46.0-255,66,77807,41,147236
23949,0.001248,74.125.68.0-255,2543,80350,41,147236
23950,0.00125,172.31.46.0-255,66,80416,41,147236
23951,0.00173,74.125.68.0-255,1484,81900,41,147236
23952,0.001738,74.125.68.0-255,1484,83384,41,147236
23953,0.001742,172.31.46.0-255,66,83450,41,147236
23954,0.001766,74.125.68.0-255,1484,84934,41,147236
23955,0.001774,74.125.68.0-255,5738,90672,41,147236
23956,0.001777,172.31.46.0-255,66,90738,41,147236
23957,0.001799,74.125.68.0-255,4320,95058,41,147236
23958,0.001801,172.31.46.0-255,66,95124,41,147236
23959,0.001817,74.125.68.0-255,5738,100862,41,147236
23960,0.00182,172.31.46.0-255,66,100928,41,147236
23961,0.001824,74.125.68.0-255,2902,103830,41,147236
23962,0.001826,172.31.46.0-255,66,103896,41,147236
23963,0.001858,172.31.46.0-255,66,103962,41,147236
23964,0.001863,74.125.68.0-255,2184,106146,41,147236
23965,0.001865,172.31.46.0-255,66,106212,41,147236
23966,0.002031,74.125.68.0-255,1484,107696,41,147236
23967,0.002036,74.125.68.0-255,1484,109180,41,147236
23968,0.00204,172.31.46.0-255,66,109246,41,147236
23969,0.002046,74.125.68.0-255,2902,112148,41,147236
23970,0.002048,172.31.46.0-255,66,112214,41,147236
23971,0.002078,74.125.68.0-255,5738,117952,41,147236
23972,0.002081,172.31.46.0-255,66,118018,41,147236
23973,0.002103,74.125.68.0-255,2902,120920,41,147236
23974,0.002105,172.31.46.0-255,66,120986,41,147236
23975,0.002125,74.125.68.0-255,4320,125306,41,147236
23976,0.002128,172.31.46.0-255,66,125372,41,147236
23977,0.002233,74.125.68.0-255,1484,126856,41,147236
23978,0.002236,74.125.68.0-255,1484,128340,41,147236
23979,0.002257,74.125.68.0-255,2902,131242,41,147236
23980,0.002274,74.125.68.0-255,4320,135562,41,147236
23981,0.004109,172.31.46.0-255,66,135628,41,147236
23982,0.006383,74.125.68.0-255,5738,141366,41,147236
23983,0.006389,172.31.46.0-255,66,141432,41,147236
23984,0.008655,74.125.68.0-255,5738,147170,41,147236
23985,0.008662,172.31.46.0-255,66,147236,41,147236
23986,0.0,74.125.24.0-255,152,152,41,80373
23987,2.4e-05,172.31.46.0-255,66,218,41,80373
23988,3.1e-05,74.125.24.0-255,1484,1702,41,80373
23989,3.6e-05,172.31.46.0-255,66,1768,41,80373
23990,4.9e-05,74.125.24.0-255,2902,4670,41,80373
23991,5.3e-05,172.31.46.0-255,66,4736,41,80373
23992,6.5e-05,172.31.46.0-255,66,4802,41,80373
23993,6.9e-05,74.125.24.0-255,2005,6807,41,80373
23994,7.2e-05,172.31.46.0-255,66,6873,41,80373
23995,0.000117,172.31.46.0-255,66,6939,41,80373
23996,0.000138,74.125.24.0-255,4320,11259,41,80373
23997,0.00014,172.31.46.0-255,66,11325,41,80373
23998,0.000143,74.125.24.0-255,1484,12809,41,80373
23999,0.000145,172.31.46.0-255,66,12875,41,80373
24000,0.000151,74.125.24.0-255,3961,16836,41,80373
24001,0.000153,172.31.46.0-255,66,16902,41,80373
24002,0.000436,74.125.24.0-255,1484,18386,41,80373
24003,0.000443,172.31.46.0-255,66,18452,41,80373
24004,0.000449,74.125.24.0-255,2902,21354,41,80373
24005,0.000451,172.31.46.0-255,66,21420,41,80373
24006,0.000471,74.125.24.0-255,5738,27158,41,80373
24007,0.000479,172.31.46.0-255,66,27224,41,80373
24008,0.000514,74.125.24.0-255,5738,32962,41,80373
24009,0.000517,172.31.46.0-255,66,33028,41,80373
24010,0.000564,172.31.46.0-255,66,33094,41,80373
24011,0.000592,74.125.24.0-255,5379,38473,41,80373
24012,0.000594,172.31.46.0-255,66,38539,41,80373
24013,0.0006,74.125.24.0-255,3961,42500,41,80373
24014,0.000602,172.31.46.0-255,66,42566,41,80373
24015,0.000605,74.125.24.0-255,396,42962,41,80373
24016,0.001068,74.125.24.0-255,112,43074,41,80373
24017,0.001084,74.125.24.0-255,331,43405,41,80373
24018,0.001185,172.31.46.0-255,66,43471,41,80373
24019,0.001529,74.125.24.0-255,1484,44955,41,80373
24020,0.00154,74.125.24.0-255,2902,47857,41,80373
24021,0.001544,172.31.46.0-255,66,47923,41,80373
24022,0.001553,74.125.24.0-255,5738,53661,41,80373
24023,0.001554,172.31.46.0-255,66,53727,41,80373
24024,0.001572,172.31.46.0-255,66,53793,41,80373
24025,0.001612,74.125.24.0-255,4320,58113,41,80373
24026,0.001614,172.31.46.0-255,66,58179,41,80373
24027,0.001631,172.31.46.0-255,66,58245,41,80373
24028,0.002302,74.125.24.0-255,1484,59729,41,80373
24029,0.00231,74.125.24.0-255,2902,62631,41,80373
24030,0.002314,172.31.46.0-255,66,62697,41,80373
24031,0.002321,74.125.24.0-255,2902,65599,41,80373
24032,0.002322,172.31.46.0-255,66,65665,41,80373
24033,0.002349,74.125.24.0-255,2902,68567,41,80373
24034,0.002351,172.31.46.0-255,66,68633,41,80373
24035,0.00237,172.31.46.0-255,66,68699,41,80373
24036,0.002423,172.31.46.0-255,66,68765,41,80373
24037,0.005079,74.125.24.0-255,5738,74503,41,80373
24038,0.005083,172.31.46.0-255,66,74569,41,80373
24039,0.00777,74.125.24.0-255,5738,80307,41,80373
24040,0.007778,172.31.46.0-255,66,80373,41,80373
24041,0.0,172.217.194.0-255,156,156,41,106813
24042,1.7e-05,172.31.46.0-255,66,222,41,106813
24043,2.3e-05,172.217.194.0-255,1484,1706,41,106813
24044,2.7e-05,172.31.46.0-255,66,1772,41,106813
24045,3.2e-05,172.217.194.0-255,2902,4674,41,106813
24046,3.6e-05,172.31.46.0-255,66,4740,41,106813
24047,5.3e-05,172.31.46.0-255,66,4806,41,106813
24048,5.7e-05,172.217.194.0-255,2003,6809,41,106813
24049,6e-05,172.31.46.0-255,66,6875,41,106813
24050,6.5e-05,172.217.194.0-255,2902,9777,41,106813
24051,6.8e-05,172.31.46.0-255,66,9843,41,106813
24052,0.000111,172.31.46.0-255,66,9909,41,106813
24053,0.00012,172.31.46.0-255,66,9975,41,106813
24054,0.000152,172.31.46.0-255,66,10041,41,106813
24055,0.000191,172.31.46.0-255,66,10107,41,106813
24056,0.000217,172.31.46.0-255,66,10173,41,106813
24057,0.000238,172.217.194.0-255,2902,13075,41,106813
24058,0.000241,172.31.46.0-255,66,13141,41,106813
24059,0.000251,172.31.46.0-255,66,13207,41,106813
24060,0.000253,172.217.194.0-255,100,13307,41,106813
24061,0.000256,172.31.46.0-255,66,13373,41,106813
24062,0.00033,172.217.194.0-255,362,13735,41,106813
24063,0.000334,172.31.46.0-255,66,13801,41,106813
24064,0.00053,172.217.194.0-255,1484,15285,41,106813
24065,0.000535,172.31.46.0-255,66,15351,41,106813
24066,0.000541,172.217.194.0-255,2902,18253,41,106813
24067,0.000543,172.31.46.0-255,66,18319,41,106813
24068,0.000577,172.217.194.0-255,5738,24057,41,106813
24069,0.00058,172.31.46.0-255,66,24123,41,106813
24070,0.000583,172.217.194.0-255,1484,25607,41,106813
24071,0.000621,172.31.46.0-255,66,25673,41,106813
24072,0.000633,172.31.46.0-255,66,25739,41,106813
24073,0.00064,172.217.194.0-255,766,26505,41,106813
24074,0.000884,172.217.194.0-255,1484,27989,41,106813
24075,0.000889,172.31.46.0-255,66,28055,41,106813
24076,0.000893,172.217.194.0-255,2902,30957,41,106813
24077,0.000895,172.31.46.0-255,66,31023,41,106813
24078,0.000919,172.217.194.0-255,2902,33925,41,106813
24079,0.000921,172.31.46.0-255,66,33991,41,106813
24080,0.000947,172.217.194.0-255,2902,36893,41,106813
24081,0.000949,172.31.46.0-255,66,36959,41,106813
24082,0.000955,172.217.194.0-255,4320,41279,41,106813
24083,0.000957,172.31.46.0-255,66,41345,41,106813
24084,0.000989,172.31.46.0-255,66,41411,41,106813
24085,0.000996,172.217.194.0-255,5738,47149,41,106813
24086,0.000998,172.31.46.0-255,66,47215,41,106813
24087,0.001033,172.217.194.0-255,5020,52235,41,106813
24088,0.001035,172.31.46.0-255,66,52301,41,106813
24089,0.001039,172.217.194.0-255,1484,53785,41,106813
24090,0.001044,172.217.194.0-255,2902,56687,41,106813
24091,0.001046,172.31.46.0-255,66,56753,41,106813
24092,0.001057,172.217.194.0-255,5738,62491,41,106813
24093,0.00106,172.31.46.0-255,66,62557,41,106813
24094,0.001063,172.217.194.0-255,1484,64041,41,106813
24095,0.001109,172.31.46.0-255,66,64107,41,106813
24096,0.001136,172.217.194.0-255,1484,65591,41,106813
24097,0.001169,172.31.46.0-255,66,65657,41,106813
24098,0.001195,172.217.194.0-255,1484,67141,41,106813
24099,0.001199,172.217.194.0-255,2902,70043,41,106813
24100,0.001202,172.31.46.0-255,66,70109,41,106813
24101,0.001208,172.217.194.0-255,5738,75847,41,106813
24102,0.001211,172.31.46.0-255,66,75913,41,106813
24103,0.001226,172.31.46.0-255,66,75979,41,106813
24104,0.001256,172.217.194.0-255,2902,78881,41,106813
24105,0.001259,172.31.46.0-255,66,78947,41,106813
24106,0.001289,172.31.46.0-255,66,79013,41,106813
24107,0.001301,172.31.46.0-255,66,79079,41,106813
24108,0.00132,172.217.194.0-255,4320,83399,41,106813
24109,0.001326,172.31.46.0-255,66,83465,41,106813
24110,0.001358,172.31.46.0-255,66,83531,41,106813
24111,0.001394,172.31.46.0-255,66,83597,41,106813
24112,0.003475,172.217.194.0-255,5738,89335,41,106813
24113,0.003484,172.31.46.0-255,66,89401,41,106813
24114,0.005588,172.217.194.0-255,5738,95139,41,106813
24115,0.005592,172.31.46.0-255,66,95205,41,106813
24116,0.007682,172.217.194.0-255,5738,100943,41,106813
24117,0.007689,172.31.46.0-255,66,101009,41,106813
24118,0.009785,172.217.194.0-255,5738,106747,41,106813
24119,0.009792,172.31.46.0-255,66,106813,41,106813
24120,0.0,172.217.194.0-255,152,152,41,131274
24121,2.5e-05,172.31.46.0-255,66,218,41,131274
24122,3.3e-05,172.217.194.0-255,1484,1702,41,131274
24123,3.8e-05,172.31.46.0-255,66,1768,41,131274
24124,5.1e-05,172.217.194.0-255,2902,4670,41,131274
24125,5.5e-05,172.31.46.0-255,66,4736,41,131274
24126,6.5e-05,172.31.46.0-255,66,4802,41,131274
24127,7.8e-05,172.31.46.0-255,66,4868,41,131274
24128,0.000128,172.31.46.0-255,66,4934,41,131274
24129,0.000158,172.217.194.0-255,4320,9254,41,131274
24130,0.000161,172.31.46.0-255,66,9320,41,131274
24131,0.000193,172.217.194.0-255,5738,15058,41,131274
24132,0.000196,172.31.46.0-255,66,15124,41,131274
24133,0.000206,172.31.46.0-255,66,15190,41,131274
24134,0.000235,172.31.46.0-255,66,15256,41,131274
24135,0.000264,172.217.194.0-255,4320,19576,41,131274
24136,0.000266,172.31.46.0-255,66,19642,41,131274
24137,0.00027,172.217.194.0-255,2842,22484,41,131274
24138,0.000272,172.31.46.0-255,66,22550,41,131274
24139,0.000375,172.217.194.0-255,378,22928,41,131274
24140,0.000378,172.31.46.0-255,66,22994,41,131274
24141,0.000709,172.217.194.0-255,1484,24478,41,131274
24142,0.000715,172.31.46.0-255,66,24544,41,131274
24143,0.000749,172.217.194.0-255,2902,27446,41,131274
24144,0.000752,172.31.46.0-255,66,27512,41,131274
24145,0.000759,172.217.194.0-255,5738,33250,41,131274
24146,0.000761,172.31.46.0-255,66,33316,41,131274
24147,0.000782,172.31.46.0-255,66,33382,41,131274
24148,0.000801,172.217.194.0-255,2902,36284,41,131274
24149,0.000804,172.217.194.0-255,1484,37768,41,131274
24150,0.000832,172.31.46.0-255,66,37834,41,131274
24151,0.000862,172.31.46.0-255,66,37900,41,131274
24152,0.001273,172.217.194.0-255,1484,39384,41,131274
24153,0.001289,172.217.194.0-255,2902,42286,41,131274
24154,0.001292,172.31.46.0-255,66,42352,41,131274
24155,0.001299,172.217.194.0-255,4320,46672,41,131274
24156,0.001307,172.31.46.0-255,66,46738,41,131274
24157,0.001335,172.217.194.0-255,1484,48222,41,131274
24158,0.001366,172.217.194.0-255,1484,49706,41,131274
24159,0.001371,172.217.194.0-255,2184,51890,41,131274
24160,0.001377,172.31.46.0-255,66,51956,41,131274
24161,0.001417,172.217.194.0-255,1484,53440,41,131274
24162,0.001432,172.217.194.0-255,2902,56342,41,131274
24163,0.001437,172.31.46.0-255,66,56408,41,131274
24164,0.001444,172.217.194.0-255,1484,57892,41,131274
24165,0.001471,172.217.194.0-255,4320,62212,41,131274
24166,0.001475,172.217.194.0-255,2902,65114,41,131274
24167,0.001484,172.31.46.0-255,66,65180,41,131274
24168,0.001542,172.217.194.0-255,5738,70918,41,131274
24169,0.001589,172.31.46.0-255,66,70984,41,131274
24170,0.001658,172.217.194.0-255,1484,72468,41,131274
24171,0.001687,172.217.194.0-255,2902,75370,41,131274
24172,0.001692,172.217.194.0-255,4320,79690,41,131274
24173,0.001708,172.217.194.0-255,1484,81174,41,131274
24174,0.001725,172.217.194.0-255,2902,84076,41,131274
24175,0.001756,172.217.194.0-255,1484,85560,41,131274
24176,0.001797,172.217.194.0-255,2902,88462,41,131274
24177,0.001912,172.217.194.0-255,1484,89946,41,131274
24178,0.00193,172.217.194.0-255,2902,92848,41,131274
24179,0.001933,172.217.194.0-255,1484,94332,41,131274
24180,0.001951,172.217.194.0-255,4320,98652,41,131274
24181,0.001974,172.217.194.0-255,5738,104390,41,131274
24182,0.002077,172.217.194.0-255,2184,106574,41,131274
24183,0.002118,172.217.194.0-255,1484,108058,41,131274
24184,0.002123,172.217.194.0-255,2902,110960,41,131274
24185,0.002146,172.217.194.0-255,5738,116698,41,131274
24186,0.002171,172.217.194.0-255,4320,121018,41,131274
24187,0.002187,172.217.194.0-255,2902,123920,41,131274
24188,0.002252,172.217.194.0-255,1484,125404,41,131274
24189,0.006075,172.31.46.0-255,66,125470,41,131274
24190,0.008439,172.217.194.0-255,5738,131208,41,131274
24191,0.00845,172.31.46.0-255,66,131274,41,131274
24192,0.0,172.217.194.0-255,153,153,41,110078
24193,2.1e-05,172.31.46.0-255,66,219,41,110078
24194,2.8e-05,172.217.194.0-255,1484,1703,41,110078
24195,3.2e-05,172.31.46.0-255,66,1769,41,110078
24196,3.9e-05,172.217.194.0-255,2902,4671,41,110078
24197,4.2e-05,172.31.46.0-255,66,4737,41,110078
24198,5.3e-05,172.31.46.0-255,66,4803,41,110078
24199,5.6e-05,172.217.194.0-255,1484,6287,41,110078
24200,5.9e-05,172.31.46.0-255,66,6353,41,110078
24201,7.6e-05,172.31.46.0-255,66,6419,41,110078
24202,9.6e-05,172.217.194.0-255,639,7058,41,110078
24203,9.9e-05,172.31.46.0-255,66,7124,41,110078
24204,0.000104,172.217.194.0-255,2543,9667,41,110078
24205,0.000106,172.31.46.0-255,66,9733,41,110078
24206,0.000136,172.217.194.0-255,1484,11217,41,110078
24207,0.000139,172.31.46.0-255,66,11283,41,110078
24208,0.000144,172.217.194.0-255,2902,14185,41,110078
24209,0.000146,172.31.46.0-255,66,14251,41,110078
24210,0.000149,172.217.194.0-255,1484,15735,41,110078
24211,0.000151,172.31.46.0-255,66,15801,41,110078
24212,0.000173,172.217.194.0-255,4320,20121,41,110078
24213,0.000175,172.31.46.0-255,66,20187,41,110078
24214,0.000181,172.217.194.0-255,4320,24507,41,110078
24215,0.000183,172.31.46.0-255,66,24573,41,110078
24216,0.000204,172.217.194.0-255,2543,27116,41,110078
24217,0.000206,172.31.46.0-255,66,27182,41,110078
24218,0.000215,172.31.46.0-255,66,27248,41,110078
24219,0.000274,172.217.194.0-255,99,27347,41,110078
24220,0.000276,172.217.194.0-255,363,27710,41,110078
24221,0.000281,172.31.46.0-255,66,27776,41,110078
24222,0.000479,172.217.194.0-255,1484,29260,41,110078
24223,0.000485,172.31.46.0-255,66,29326,41,110078
24224,0.000492,172.217.194.0-255,2902,32228,41,110078
24225,0.000495,172.31.46.0-255,66,32294,41,110078
24226,0.0005,172.217.194.0-255,4320,36614,41,110078
24227,0.000502,172.31.46.0-255,66,36680,41,110078
24228,0.000527,172.217.194.0-255,1484,38164,41,110078
24229,0.000538,172.31.46.0-255,66,38230,41,110078
24230,0.000543,172.217.194.0-255,4320,42550,41,110078
24231,0.000546,172.31.46.0-255,66,42616,41,110078
24232,0.000582,172.31.46.0-255,66,42682,41,110078
24233,0.000586,172.217.194.0-255,2184,44866,41,110078
24234,0.000589,172.31.46.0-255,66,44932,41,110078
24235,0.001158,172.217.194.0-255,1484,46416,41,110078
24236,0.001165,172.217.194.0-255,2902,49318,41,110078
24237,0.00117,172.31.46.0-255,66,49384,41,110078
24238,0.001178,172.217.194.0-255,5738,55122,41,110078
24239,0.00118,172.31.46.0-255,66,55188,41,110078
24240,0.001218,172.31.46.0-255,66,55254,41,110078
24241,0.001247,172.217.194.0-255,4320,59574,41,110078
24242,0.00125,172.31.46.0-255,66,59640,41,110078
24243,0.001277,172.31.46.0-255,66,59706,41,110078
24244,0.001691,172.217.194.0-255,1484,61190,41,110078
24245,0.001697,172.217.194.0-255,2902,64092,41,110078
24246,0.001701,172.31.46.0-255,66,64158,41,110078
24247,0.001708,172.217.194.0-255,4320,68478,41,110078
24248,0.00171,172.31.46.0-255,66,68544,41,110078
24249,0.001725,172.217.194.0-255,1484,70028,41,110078
24250,0.001735,172.31.46.0-255,66,70094,41,110078
24251,0.001767,172.31.46.0-255,66,70160,41,110078
24252,0.00177,172.217.194.0-255,1484,71644,41,110078
24253,0.001789,172.217.194.0-255,3602,75246,41,110078
24254,0.001792,172.31.46.0-255,66,75312,41,110078
24255,0.002009,172.217.194.0-255,1484,76796,41,110078
24256,0.002015,172.217.194.0-255,2902,79698,41,110078
24257,0.002018,172.31.46.0-255,66,79764,41,110078
24258,0.002043,172.217.194.0-255,4320,84084,41,110078
24259,0.002046,172.31.46.0-255,66,84150,41,110078
24260,0.002057,172.31.46.0-255,66,84216,41,110078
24261,0.002107,172.31.46.0-255,66,84282,41,110078
24262,0.002127,172.217.194.0-255,4320,88602,41,110078
24263,0.002129,172.31.46.0-255,66,88668,41,110078
24264,0.002143,172.31.46.0-255,66,88734,41,110078
24265,0.002174,172.217.194.0-255,3602,92336,41,110078
24266,0.002176,172.31.46.0-255,66,92402,41,110078
24267,0.002188,172.31.46.0-255,66,92468,41,110078
24268,0.002227,172.31.46.0-255,66,92534,41,110078
24269,0.002239,172.31.46.0-255,66,92600,41,110078
24270,0.002255,172.31.46.0-255,66,92666,41,110078
24271,0.004507,172.217.194.0-255,5738,98404,41,110078
24272,0.004518,172.31.46.0-255,66,98470,41,110078
24273,0.006743,172.217.194.0-255,5738,104208,41,110078
24274,0.006749,172.31.46.0-255,66,104274,41,110078
24275,0.00899,172.217.194.0-255,5738,110012,41,110078
24276,0.008996,172.31.46.0-255,66,110078,41,110078
24277,0.0,172.217.194.0-255,153,153,41,104431
24278,3.5e-05,172.31.46.0-255,66,219,41,104431
24279,4.2e-05,172.217.194.0-255,1484,1703,41,104431
24280,4.7e-05,172.31.46.0-255,66,1769,41,104431
24281,5.3e-05,172.217.194.0-255,2902,4671,41,104431
24282,5.7e-05,172.31.46.0-255,66,4737,41,104431
24283,6.7e-05,172.31.46.0-255,66,4803,41,104431
24284,0.000115,172.31.46.0-255,66,4869,41,104431
24285,0.000139,172.31.46.0-255,66,4935,41,104431
24286,0.000152,172.31.46.0-255,66,5001,41,104431
24287,0.000173,172.217.194.0-255,4320,9321,41,104431
24288,0.000176,172.31.46.0-255,66,9387,41,104431
24289,0.00018,172.217.194.0-255,2184,11571,41,104431
24290,0.000183,172.31.46.0-255,66,11637,41,104431
24291,0.000301,172.217.194.0-255,1484,13121,41,104431
24292,0.000304,172.31.46.0-255,66,13187,41,104431
24293,0.000309,172.217.194.0-255,2902,16089,41,104431
24294,0.000311,172.31.46.0-255,66,16155,41,104431
24295,0.00033,172.217.194.0-255,5738,21893,41,104431
24296,0.000333,172.31.46.0-255,66,21959,41,104431
24297,0.000363,172.31.46.0-255,66,22025,41,104431
24298,0.000519,172.217.194.0-255,1484,23509,41,104431
24299,0.000524,172.31.46.0-255,66,23575,41,104431
24300,0.000528,172.217.194.0-255,1484,25059,41,104431
24301,0.000533,172.31.46.0-255,66,25125,41,104431
24302,0.000544,172.217.194.0-255,1484,26609,41,104431
24303,0.000546,172.31.46.0-255,66,26675,41,104431
24304,0.000569,172.217.194.0-255,5738,32413,41,104431
24305,0.000572,172.31.46.0-255,66,32479,41,104431
24306,0.000576,172.217.194.0-255,2902,35381,41,104431
24307,0.000578,172.31.46.0-255,66,35447,41,104431
24308,0.00059,172.31.46.0-255,66,35513,41,104431
24309,0.000643,172.217.194.0-255,5738,41251,41,104431
24310,0.000647,172.31.46.0-255,66,41317,41,104431
24311,0.000666,172.217.194.0-255,5020,46337,41,104431
24312,0.00067,172.31.46.0-255,66,46403,41,104431
24313,0.000686,172.31.46.0-255,66,46469,41,104431
24314,0.000691,172.31.46.0-255,66,46535,41,104431
24315,0.000746,172.31.46.0-255,66,46601,41,104431
24316,0.000763,172.31.46.0-255,66,46667,41,104431
24317,0.000778,172.217.194.0-255,1484,48151,41,104431
24318,0.00079,172.31.46.0-255,66,48217,41,104431
24319,0.000801,172.31.46.0-255,66,48283,41,104431
24320,0.000829,172.31.46.0-255,66,48349,41,104431
24321,0.000866,172.31.46.0-255,66,48415,41,104431
24322,0.000877,172.31.46.0-255,66,48481,41,104431
24323,0.000893,172.217.194.0-255,5738,54219,41,104431
24324,0.000895,172.31.46.0-255,66,54285,41,104431
24325,0.000906,172.217.194.0-255,2184,56469,41,104431
24326,0.00091,172.31.46.0-255,66,56535,41,104431
24327,0.00123,172.217.194.0-255,1484,58019,41,104431
24328,0.001235,172.217.194.0-255,1484,59503,41,104431
24329,0.001238,172.31.46.0-255,66,59569,41,104431
24330,0.00125,172.217.194.0-255,1484,61053,41,104431
24331,0.001257,172.217.194.0-255,5738,66791,41,104431
24332,0.00126,172.31.46.0-255,66,66857,41,104431
24333,0.001373,172.217.194.0-255,4320,71177,41,104431
24334,0.001377,172.31.46.0-255,66,71243,41,104431
24335,0.001416,172.217.194.0-255,4320,75563,41,104431
24336,0.001416,172.31.46.0-255,66,75629,41,104431
24337,0.00142,172.31.46.0-255,66,75695,41,104431
24338,0.001454,172.31.46.0-255,66,75761,41,104431
24339,0.001574,172.217.194.0-255,1484,77245,41,104431
24340,0.001586,172.217.194.0-255,2902,80147,41,104431
24341,0.001589,172.31.46.0-255,66,80213,41,104431
24342,0.001596,172.217.194.0-255,5738,85951,41,104431
24343,0.001598,172.31.46.0-255,66,86017,41,104431
24344,0.001612,172.31.46.0-255,66,86083,41,104431
24345,0.001652,172.217.194.0-255,5738,91821,41,104431
24346,0.001655,172.31.46.0-255,66,91887,41,104431
24347,0.001695,172.31.46.0-255,66,91953,41,104431
24348,0.0017,172.217.194.0-255,2902,94855,41,104431
24349,0.001702,172.31.46.0-255,66,94921,41,104431
24350,0.001717,172.31.46.0-255,66,94987,41,104431
24351,0.001732,172.31.46.0-255,66,95053,41,104431
24352,0.001747,172.31.46.0-255,66,95119,41,104431
24353,0.00176,172.31.46.0-255,66,95185,41,104431
24354,0.001796,172.217.194.0-255,4320,99505,41,104431
24355,0.001799,172.31.46.0-255,66,99571,41,104431
24356,0.001817,172.31.46.0-255,66,99637,41,104431
24357,0.001822,172.217.194.0-255,4320,103957,41,104431
24358,0.001823,172.31.46.0-255,66,104023,41,104431
24359,0.001866,172.31.46.0-255,66,104089,41,104431
24360,0.001869,172.217.194.0-255,105,104194,41,104431
24361,0.007767,172.31.46.0-255,66,104260,41,104431
24362,0.007796,172.31.46.0-255,105,104365,41,104431
24363,0.009768,172.217.194.0-255,66,104431,41,104431
24364,0.0,74.125.130.0-255,145,145,41,165323
24365,2.2e-05,172.31.46.0-255,66,211,41,165323
24366,2.9e-05,74.125.130.0-255,1484,1695,41,165323
24367,3.4e-05,172.31.46.0-255,66,1761,41,165323
24368,3.9e-05,74.125.130.0-255,2902,4663,41,165323
24369,4.3e-05,172.31.46.0-255,66,4729,41,165323
24370,4.8e-05,74.125.130.0-255,4320,9049,41,165323
24371,5.3e-05,172.31.46.0-255,66,9115,41,165323
24372,8.4e-05,172.31.46.0-255,66,9181,41,165323
24373,9e-05,74.125.130.0-255,4320,13501,41,165323
24374,9.2e-05,172.31.46.0-255,66,13567,41,165323
24375,0.000138,172.31.46.0-255,66,13633,41,165323
24376,0.000156,74.125.130.0-255,1125,14758,41,165323
24377,0.000159,172.31.46.0-255,66,14824,41,165323
24378,0.000253,74.125.130.0-255,1484,16308,41,165323
24379,0.000257,172.31.46.0-255,66,16374,41,165323
24380,0.000263,74.125.130.0-255,2902,19276,41,165323
24381,0.000266,172.31.46.0-255,66,19342,41,165323
24382,0.000271,74.125.130.0-255,2902,22244,41,165323
24383,0.000273,172.31.46.0-255,66,22310,41,165323
24384,0.000296,74.125.130.0-255,2902,25212,41,165323
24385,0.000298,172.31.46.0-255,66,25278,41,165323
24386,0.000303,74.125.130.0-255,2902,28180,41,165323
24387,0.000305,172.31.46.0-255,66,28246,41,165323
24388,0.000311,74.125.130.0-255,4320,32566,41,165323
24389,0.000314,172.31.46.0-255,66,32632,41,165323
24390,0.000317,74.125.130.0-255,1484,34116,41,165323
24391,0.000319,172.31.46.0-255,66,34182,41,165323
24392,0.000351,172.31.46.0-255,66,34248,41,165323
24393,0.000355,74.125.130.0-255,2902,37150,41,165323
24394,0.000357,172.31.46.0-255,66,37216,41,165323
24395,0.000383,74.125.130.0-255,1484,38700,41,165323
24396,0.000399,74.125.130.0-255,3602,42302,41,165323
24397,0.000402,172.31.46.0-255,66,42368,41,165323
24398,0.000418,74.125.130.0-255,677,43045,41,165323
24399,0.000586,74.125.130.0-255,1484,44529,41,165323
24400,0.000591,172.31.46.0-255,66,44595,41,165323
24401,0.000596,74.125.130.0-255,2902,47497,41,165323
24402,0.000599,172.31.46.0-255,66,47563,41,165323
24403,0.000602,74.125.130.0-255,1484,49047,41,165323
24404,0.000622,74.125.130.0-255,4320,53367,41,165323
24405,0.000624,172.31.46.0-255,66,53433,41,165323
24406,0.000654,172.31.46.0-255,66,53499,41,165323
24407,0.000693,74.125.130.0-255,4320,57819,41,165323
24408,0.000696,172.31.46.0-255,66,57885,41,165323
24409,0.000712,74.125.130.0-255,5738,63623,41,165323
24410,0.000715,172.31.46.0-255,66,63689,41,165323
24411,0.000749,74.125.130.0-255,5020,68709,41,165323
24412,0.000752,172.31.46.0-255,66,68775,41,165323
24413,0.0013,74.125.130.0-255,1484,70259,41,165323
24414,0.001324,74.125.130.0-255,2902,73161,41,165323
24415,0.001334,172.31.46.0-255,66,73227,41,165323
24416,0.001342,74.125.130.0-255,5738,78965,41,165323
24417,0.001345,172.31.46.0-255,66,79031,41,165323
24418,0.001373,74.125.130.0-255,4320,83351,41,165323
24419,0.001376,172.31.46.0-255,66,83417,41,165323
24420,0.001382,74.125.130.0-255,5738,89155,41,165323
24421,0.001385,172.31.46.0-255,66,89221,41,165323
24422,0.001413,74.125.130.0-255,1484,90705,41,165323
24423,0.001434,74.125.130.0-255,2902,93607,41,165323
24424,0.001439,172.31.46.0-255,66,93673,41,165323
24425,0.001452,74.125.130.0-255,5738,99411,41,165323
24426,0.001455,172.31.46.0-255,66,99477,41,165323
24427,0.001476,74.125.130.0-255,2902,102379,41,165323
24428,0.00148,172.31.46.0-255,66,102445,41,165323
24429,0.001487,74.125.130.0-255,766,103211,41,165323
24430,0.001746,74.125.130.0-255,1484,104695,41,165323
24431,0.001751,172.31.46.0-255,66,104761,41,165323
24432,0.001754,74.125.130.0-255,1484,106245,41,165323
24433,0.001768,74.125.130.0-255,1484,107729,41,165323
24434,0.001771,172.31.46.0-255,66,107795,41,165323
24435,0.001777,74.125.130.0-255,4320,112115,41,165323
24436,0.001779,172.31.46.0-255,66,112181,41,165323
24437,0.001809,74.125.130.0-255,4320,116501,41,165323
24438,0.001813,172.31.46.0-255,66,116567,41,165323
24439,0.001824,74.125.130.0-255,4320,120887,41,165323
24440,0.001827,172.31.46.0-255,66,120953,41,165323
24441,0.001848,74.125.130.0-255,2902,123855,41,165323
24442,0.001851,172.31.46.0-255,66,123921,41,165323
24443,0.001868,172.31.46.0-255,66,123987,41,165323
24444,0.001873,74.125.130.0-255,4320,128307,41,165323
24445,0.001875,172.31.46.0-255,66,128373,41,165323
24446,0.001893,74.125.130.0-255,5020,133393,41,165323
24447,0.001896,172.31.46.0-255,66,133459,41,165323
24448,0.001926,74.125.130.0-255,5738,139197,41,165323
24449,0.00193,172.31.46.0-255,66,139263,41,165323
24450,0.001954,172.31.46.0-255,66,139329,41,165323
24451,0.002013,172.31.46.0-255,66,139395,41,165323
24452,0.00202,74.125.130.0-255,5020,144415,41,165323
24453,0.002022,172.31.46.0-255,66,144481,41,165323
24454,0.002294,74.125.130.0-255,1484,145965,41,165323
24455,0.002334,74.125.130.0-255,1484,147449,41,165323
24456,0.002339,172.31.46.0-255,66,147515,41,165323
24457,0.004319,74.125.130.0-255,2902,150417,41,165323
24458,0.004326,172.31.46.0-255,66,150483,41,165323
24459,0.00463,74.125.130.0-255,2902,153385,41,165323
24460,0.004632,172.31.46.0-255,66,153451,41,165323
24461,0.006643,74.125.130.0-255,2902,156353,41,165323
24462,0.006646,172.31.46.0-255,66,156419,41,165323
24463,0.006913,74.125.130.0-255,2902,159321,41,165323
24464,0.006915,172.31.46.0-255,66,159387,41,165323
24465,0.008933,74.125.130.0-255,2902,162289,41,165323
24466,0.00894,172.31.46.0-255,66,162355,41,165323
24467,0.009212,74.125.130.0-255,2902,165257,41,165323
24468,0.009218,172.31.46.0-255,66,165323,41,165323
24469,0.0,74.125.68.0-255,153,153,41,106347
24470,1.8e-05,172.31.46.0-255,66,219,41,106347
24471,2.4e-05,74.125.68.0-255,1484,1703,41,106347
24472,2.8e-05,172.31.46.0-255,66,1769,41,106347
24473,4e-05,74.125.68.0-255,2902,4671,41,106347
24474,4.3e-05,172.31.46.0-255,66,4737,41,106347
24475,6.9e-05,74.125.68.0-255,5738,10475,41,106347
24476,7.2e-05,172.31.46.0-255,66,10541,41,106347
24477,0.000102,74.125.68.0-255,3422,13963,41,106347
24478,0.000105,172.31.46.0-255,66,14029,41,106347
24479,0.000214,74.125.68.0-255,1484,15513,41,106347
24480,0.000219,172.31.46.0-255,66,15579,41,106347
24481,0.000252,74.125.68.0-255,2902,18481,41,106347
24482,0.000255,172.31.46.0-255,66,18547,41,106347
24483,0.00026,74.125.68.0-255,4320,22867,41,106347
24484,0.000262,172.31.46.0-255,66,22933,41,106347
24485,0.00029,74.125.68.0-255,5738,28671,41,106347
24486,0.000292,172.31.46.0-255,66,28737,41,106347
24487,0.000317,74.125.68.0-255,2543,31280,41,106347
24488,0.000319,172.31.46.0-255,66,31346,41,106347
24489,0.00033,172.31.46.0-255,66,31412,41,106347
24490,0.000361,74.125.68.0-255,4320,35732,41,106347
24491,0.000364,172.31.46.0-255,66,35798,41,106347
24492,0.000409,74.125.68.0-255,3961,39759,41,106347
24493,0.000412,172.31.46.0-255,66,39825,41,106347
24494,0.00044,74.125.68.0-255,4320,44145,41,106347
24495,0.000442,172.31.46.0-255,66,44211,41,106347
24496,0.000447,74.125.68.0-255,2902,47113,41,106347
24497,0.000449,172.31.46.0-255,66,47179,41,106347
24498,0.000456,74.125.68.0-255,4320,51499,41,106347
24499,0.000459,172.31.46.0-255,66,51565,41,106347
24500,0.000495,74.125.68.0-255,1484,53049,41,106347
24501,0.000515,74.125.68.0-255,4286,57335,41,106347
24502,0.000518,74.125.68.0-255,330,57665,41,106347
24503,0.00058,172.31.46.0-255,66,57731,41,106347
24504,0.001199,74.125.68.0-255,1484,59215,41,106347
24505,0.001208,74.125.68.0-255,2902,62117,41,106347
24506,0.001212,172.31.46.0-255,66,62183,41,106347
24507,0.001252,74.125.68.0-255,5738,67921,41,106347
24508,0.001254,172.31.46.0-255,66,67987,41,106347
24509,0.001261,74.125.68.0-255,5738,73725,41,106347
24510,0.001278,74.125.68.0-255,1484,75209,41,106347
24511,0.001373,74.125.68.0-255,1484,76693,41,106347
24512,0.001394,74.125.68.0-255,2902,79595,41,106347
24513,0.0014,74.125.68.0-255,4320,83915,41,106347
24514,0.001417,74.125.68.0-255,5738,89653,41,106347
24515,0.001461,74.125.68.0-255,2902,92555,41,106347
24516,0.001466,74.125.68.0-255,4320,96875,41,106347
24517,0.001507,74.125.68.0-255,3602,100477,41,106347
24518,0.006821,172.31.46.0-255,66,100543,41,106347
24519,0.009115,74.125.68.0-255,5738,106281,41,106347
24520,0.009122,172.31.46.0-255,66,106347,41,106347
24521,0.0,74.125.24.0-255,152,152,41,169674
24522,2.1e-05,172.31.46.0-255,66,218,41,169674
24523,2.8e-05,74.125.24.0-255,1484,1702,41,169674
24524,3.3e-05,172.31.46.0-255,66,1768,41,169674
24525,3.8e-05,74.125.24.0-255,2902,4670,41,169674
24526,4.2e-05,172.31.46.0-255,66,4736,41,169674
24527,4.8e-05,74.125.24.0-255,5738,10474,41,169674
24528,5.2e-05,172.31.46.0-255,66,10540,41,169674
24529,7.5e-05,172.31.46.0-255,66,10606,41,169674
24530,0.000101,74.125.24.0-255,2110,12716,41,169674
24531,0.000103,172.31.46.0-255,66,12782,41,169674
24532,0.000116,172.31.46.0-255,66,12848,41,169674
24533,0.000175,74.125.24.0-255,1484,14332,41,169674
24534,0.000178,172.31.46.0-255,66,14398,41,169674
24535,0.000182,74.125.24.0-255,1484,15882,41,169674
24536,0.000184,172.31.46.0-255,66,15948,41,169674
24537,0.000196,74.125.24.0-255,1484,17432,41,169674
24538,0.000198,172.31.46.0-255,66,17498,41,169674
24539,0.000206,74.125.24.0-255,5738,23236,41,169674
24540,0.000208,172.31.46.0-255,66,23302,41,169674
24541,0.000242,172.31.46.0-255,66,23368,41,169674
24542,0.000252,172.31.46.0-255,66,23434,41,169674
24543,0.000288,74.125.24.0-255,2880,26314,41,169674
24544,0.00029,172.31.46.0-255,66,26380,41,169674
24545,0.000339,74.125.24.0-255,1484,27864,41,169674
24546,0.000342,172.31.46.0-255,66,27930,41,169674
24547,0.000347,74.125.24.0-255,2902,30832,41,169674
24548,0.000349,172.31.46.0-255,66,30898,41,169674
24549,0.000356,74.125.24.0-255,4320,35218,41,169674
24550,0.000358,172.31.46.0-255,66,35284,41,169674
24551,0.000378,74.125.24.0-255,1484,36768,41,169674
24552,0.000406,172.31.46.0-255,66,36834,41,169674
24553,0.000416,172.31.46.0-255,66,36900,41,169674
24554,0.000455,74.125.24.0-255,4320,41220,41,169674
24555,0.000458,172.31.46.0-255,66,41286,41,169674
24556,0.000478,74.125.24.0-255,5379,46665,41,169674
24557,0.000481,172.31.46.0-255,66,46731,41,169674
24558,0.000756,74.125.24.0-255,1484,48215,41,169674
24559,0.000762,74.125.24.0-255,2902,51117,41,169674
24560,0.000765,74.125.24.0-255,1484,52601,41,169674
24561,0.00077,172.31.46.0-255,66,52667,41,169674
24562,0.000789,74.125.24.0-255,4320,56987,41,169674
24563,0.000792,172.31.46.0-255,66,57053,41,169674
24564,0.000796,74.125.24.0-255,2902,59955,41,169674
24565,0.000798,172.31.46.0-255,66,60021,41,169674
24566,0.000821,172.31.46.0-255,66,60087,41,169674
24567,0.000844,74.125.24.0-255,2902,62989,41,169674
24568,0.000847,172.31.46.0-255,66,63055,41,169674
24569,0.00087,172.31.46.0-255,66,63121,41,169674
24570,0.000968,74.125.24.0-255,1484,64605,41,169674
24571,0.000972,74.125.24.0-255,1484,66089,41,169674
24572,0.000975,172.31.46.0-255,66,66155,41,169674
24573,0.000993,74.125.24.0-255,1484,67639,41,169674
24574,0.001001,74.125.24.0-255,5738,73377,41,169674
24575,0.001004,172.31.46.0-255,66,73443,41,169674
24576,0.001007,74.125.24.0-255,1484,74927,41,169674
24577,0.00104,74.125.24.0-255,2902,77829,41,169674
24578,0.001043,172.31.46.0-255,66,77895,41,169674
24579,0.001059,74.125.24.0-255,2543,80438,41,169674
24580,0.001061,172.31.46.0-255,66,80504,41,169674
24581,0.00122,74.125.24.0-255,1484,81988,41,169674
24582,0.001239,74.125.24.0-255,2902,84890,41,169674
24583,0.001243,172.31.46.0-255,66,84956,41,169674
24584,0.00125,74.125.24.0-255,5738,90694,41,169674
24585,0.001252,172.31.46.0-255,66,90760,41,169674
24586,0.001257,74.125.24.0-255,2902,93662,41,169674
24587,0.001259,172.31.46.0-255,66,93728,41,169674
24588,0.001263,74.125.24.0-255,2902,96630,41,169674
24589,0.001266,172.31.46.0-255,66,96696,41,169674
24590,0.001294,172.31.46.0-255,66,96762,41,169674
24591,0.001298,74.125.24.0-255,1484,98246,41,169674
24592,0.001329,172.31.46.0-255,66,98312,41,169674
24593,0.001545,74.125.24.0-255,1484,99796,41,169674
24594,0.001551,74.125.24.0-255,2902,102698,41,169674
24595,0.001554,172.31.46.0-255,66,102764,41,169674
24596,0.001559,74.125.24.0-255,2902,105666,41,169674
24597,0.001561,172.31.46.0-255,66,105732,41,169674
24598,0.001577,74.125.24.0-255,2902,108634,41,169674
24599,0.001579,172.31.46.0-255,66,108700,41,169674
24600,0.001584,74.125.24.0-255,4320,113020,41,169674
24601,0.001586,172.31.46.0-255,66,113086,41,169674
24602,0.001621,172.31.46.0-255,66,113152,41,169674
24603,0.001633,172.31.46.0-255,66,113218,41,169674
24604,0.001694,74.125.24.0-255,5738,118956,41,169674
24605,0.001697,172.31.46.0-255,66,119022,41,169674
24606,0.001707,172.31.46.0-255,66,119088,41,169674
24607,0.001721,172.31.46.0-255,66,119154,41,169674
24608,0.001736,172.31.46.0-255,66,119220,41,169674
24609,0.00176,74.125.24.0-255,2902,122122,41,169674
24610,0.001763,172.31.46.0-255,66,122188,41,169674
24611,0.001785,74.125.24.0-255,4320,126508,41,169674
24612,0.001788,172.31.46.0-255,66,126574,41,169674
24613,0.001798,172.31.46.0-255,66,126640,41,169674
24614,0.001836,172.31.46.0-255,66,126706,41,169674
24615,0.001872,74.125.24.0-255,3602,130308,41,169674
24616,0.001875,172.31.46.0-255,66,130374,41,169674
24617,0.001881,74.125.24.0-255,4320,134694,41,169674
24618,0.001883,172.31.46.0-255,66,134760,41,169674
24619,0.001916,172.31.46.0-255,66,134826,41,169674
24620,0.001937,74.125.24.0-255,2902,137728,41,169674
24621,0.00194,172.31.46.0-255,66,137794,41,169674
24622,0.001952,172.31.46.0-255,66,137860,41,169674
24623,0.001956,74.125.24.0-255,2902,140762,41,169674
24624,0.001959,172.31.46.0-255,66,140828,41,169674
24625,0.001981,74.125.24.0-255,5020,145848,41,169674
24626,0.001984,172.31.46.0-255,66,145914,41,169674
24627,0.00202,74.125.24.0-255,1484,147398,41,169674
24628,0.002034,74.125.24.0-255,2902,150300,41,169674
24629,0.002037,172.31.46.0-255,66,150366,41,169674
24630,0.002041,74.125.24.0-255,2902,153268,41,169674
24631,0.002043,172.31.46.0-255,66,153334,41,169674
24632,0.00206,74.125.24.0-255,2902,156236,41,169674
24633,0.002062,172.31.46.0-255,66,156302,41,169674
24634,0.002073,172.31.46.0-255,66,156368,41,169674
24635,0.002123,172.31.46.0-255,66,156434,41,169674
24636,0.002146,74.125.24.0-255,3602,160036,41,169674
24637,0.002149,172.31.46.0-255,66,160102,41,169674
24638,0.002164,172.31.46.0-255,66,160168,41,169674
24639,0.002174,172.31.46.0-255,66,160234,41,169674
24640,0.002217,172.31.46.0-255,66,160300,41,169674
24641,0.00224,74.125.24.0-255,3602,163902,41,169674
24642,0.002242,172.31.46.0-255,66,163968,41,169674
24643,0.002255,172.31.46.0-255,66,164034,41,169674
24644,0.002292,74.125.24.0-255,2902,166936,41,169674
24645,0.002295,172.31.46.0-255,66,167002,41,169674
24646,0.00232,172.31.46.0-255,66,167068,41,169674
24647,0.002324,74.125.24.0-255,2435,169503,41,169674
24648,0.002327,172.31.46.0-255,66,169569,41,169674
24649,0.00233,74.125.24.0-255,105,169674,41,169674
24650,0.0,74.125.200.0-255,296,296,41,164718
24651,2.1e-05,172.31.46.0-255,66,362,41,164718
24652,2.8e-05,74.125.200.0-255,1484,1846,41,164718
24653,3.2e-05,172.31.46.0-255,66,1912,41,164718
24654,3.9e-05,74.125.200.0-255,2902,4814,41,164718
24655,4.2e-05,172.31.46.0-255,66,4880,41,164718
24656,5e-05,74.125.200.0-255,5738,10618,41,164718
24657,5.4e-05,172.31.46.0-255,66,10684,41,164718
24658,7.1e-05,74.125.200.0-255,3264,13948,41,164718
24659,7.3e-05,172.31.46.0-255,66,14014,41,164718
24660,9.9e-05,74.125.200.0-255,4320,18334,41,164718
24661,0.000102,172.31.46.0-255,66,18400,41,164718
24662,0.000137,74.125.200.0-255,5738,24138,41,164718
24663,0.000139,172.31.46.0-255,66,24204,41,164718
24664,0.00016,74.125.200.0-255,4320,28524,41,164718
24665,0.000162,172.31.46.0-255,66,28590,41,164718
24666,0.000169,74.125.200.0-255,5738,34328,41,164718
24667,0.000171,172.31.46.0-255,66,34394,41,164718
24668,0.00019,74.125.200.0-255,5738,40132,41,164718
24669,0.000192,172.31.46.0-255,66,40198,41,164718
24670,0.000258,172.31.46.0-255,66,40264,41,164718
24671,0.000269,74.125.200.0-255,766,41030,41,164718
24672,0.000271,172.31.46.0-255,66,41096,41,164718
24673,0.000293,74.125.200.0-255,1484,42580,41,164718
24674,0.000295,172.31.46.0-255,66,42646,41,164718
24675,0.000316,74.125.200.0-255,2902,45548,41,164718
24676,0.000318,172.31.46.0-255,66,45614,41,164718
24677,0.000334,74.125.200.0-255,5738,51352,41,164718
24678,0.000336,172.31.46.0-255,66,51418,41,164718
24679,0.000339,74.125.200.0-255,1484,52902,41,164718
24680,0.000342,172.31.46.0-255,66,52968,41,164718
24681,0.000359,74.125.200.0-255,5692,58660,41,164718
24682,0.000362,172.31.46.0-255,66,58726,41,164718
24683,0.000364,74.125.200.0-255,342,59068,41,164718
24684,0.000688,74.125.200.0-255,1484,60552,41,164718
24685,0.000694,172.31.46.0-255,66,60618,41,164718
24686,0.000712,74.125.200.0-255,2902,63520,41,164718
24687,0.000716,172.31.46.0-255,66,63586,41,164718
24688,0.000734,74.125.200.0-255,5738,69324,41,164718
24689,0.000737,172.31.46.0-255,66,69390,41,164718
24690,0.000742,74.125.200.0-255,2902,72292,41,164718
24691,0.000743,172.31.46.0-255,66,72358,41,164718
24692,0.000773,172.31.46.0-255,66,72424,41,164718
24693,0.000793,74.125.200.0-255,2902,75326,41,164718
24694,0.000796,172.31.46.0-255,66,75392,41,164718
24695,0.000806,172.31.46.0-255,66,75458,41,164718
24696,0.000825,74.125.200.0-255,2184,77642,41,164718
24697,0.000827,172.31.46.0-255,66,77708,41,164718
24698,0.000979,74.125.200.0-255,1484,79192,41,164718
24699,0.000983,74.125.200.0-255,1484,80676,41,164718
24700,0.000986,172.31.46.0-255,66,80742,41,164718
24701,0.000999,74.125.200.0-255,1484,82226,41,164718
24702,0.001016,74.125.200.0-255,4320,86546,41,164718
24703,0.001018,172.31.46.0-255,66,86612,41,164718
24704,0.001024,74.125.200.0-255,5738,92350,41,164718
24705,0.001026,172.31.46.0-255,66,92416,41,164718
24706,0.001052,74.125.200.0-255,4320,96736,41,164718
24707,0.001055,172.31.46.0-255,66,96802,41,164718
24708,0.001081,172.31.46.0-255,66,96868,41,164718
24709,0.001085,74.125.200.0-255,2902,99770,41,164718
24710,0.001087,172.31.46.0-255,66,99836,41,164718
24711,0.001111,74.125.200.0-255,1484,101320,41,164718
24712,0.001124,74.125.200.0-255,3602,104922,41,164718
24713,0.001127,172.31.46.0-255,66,104988,41,164718
24714,0.001661,74.125.200.0-255,1484,106472,41,164718
24715,0.001691,74.125.200.0-255,1484,107956,41,164718
24716,0.001695,172.31.46.0-255,66,108022,41,164718
24717,0.001711,74.125.200.0-255,2902,110924,41,164718
24718,0.001714,172.31.46.0-255,66,110990,41,164718
24719,0.001742,74.125.200.0-255,1484,112474,41,164718
24720,0.001763,74.125.200.0-255,2902,115376,41,164718
24721,0.001766,172.31.46.0-255,66,115442,41,164718
24722,0.001808,74.125.200.0-255,1484,116926,41,164718
24723,0.001831,74.125.200.0-255,2902,119828,41,164718
24724,0.001834,172.31.46.0-255,66,119894,41,164718
24725,0.001864,74.125.200.0-255,2902,122796,41,164718
24726,0.001867,172.31.46.0-255,66,122862,41,164718
24727,0.001892,74.125.200.0-255,4320,127182,41,164718
24728,0.001895,172.31.46.0-255,66,127248,41,164718
24729,0.001905,172.31.46.0-255,66,127314,41,164718
24730,0.00191,74.125.200.0-255,3602,130916,41,164718
24731,0.001912,172.31.46.0-255,66,130982,41,164718
24732,0.002193,74.125.200.0-255,1484,132466,41,164718
24733,0.002202,74.125.200.0-255,2902,135368,41,164718
24734,0.002206,172.31.46.0-255,66,135434,41,164718
24735,0.00221,74.125.200.0-255,1484,136918,41,164718
24736,0.002215,74.125.200.0-255,2902,139820,41,164718
24737,0.002217,172.31.46.0-255,66,139886,41,164718
24738,0.002245,74.125.200.0-255,5738,145624,41,164718
24739,0.002247,172.31.46.0-255,66,145690,41,164718
24740,0.002301,172.31.46.0-255,66,145756,41,164718
24741,0.002304,74.125.200.0-255,1484,147240,41,164718
24742,0.002327,172.31.46.0-255,66,147306,41,164718
24743,0.0046,74.125.200.0-255,5738,153044,41,164718
24744,0.004607,172.31.46.0-255,66,153110,41,164718
24745,0.006891,74.125.200.0-255,5738,158848,41,164718
24746,0.006898,172.31.46.0-255,66,158914,41,164718
24747,0.009176,74.125.200.0-255,5738,164652,41,164718
24748,0.009182,172.31.46.0-255,66,164718,41,164718
24749,0.0,172.217.194.0-255,150,150,41,118917
24750,1.1e-05,172.31.46.0-255,66,216,41,118917
24751,3.9e-05,172.217.194.0-255,1484,1700,41,118917
24752,4.3e-05,172.31.46.0-255,66,1766,41,118917
24753,4.8e-05,172.217.194.0-255,2902,4668,41,118917
24754,5.1e-05,172.31.46.0-255,66,4734,41,118917
24755,6.6e-05,172.31.46.0-255,66,4800,41,118917
24756,7e-05,172.217.194.0-255,1997,6797,41,118917
24757,7.3e-05,172.31.46.0-255,66,6863,41,118917
24758,0.000102,172.217.194.0-255,1484,8347,41,118917
24759,0.000104,172.31.46.0-255,66,8413,41,118917
24760,0.000127,172.217.194.0-255,1484,9897,41,118917
24761,0.00013,172.31.46.0-255,66,9963,41,118917
24762,0.000139,172.31.46.0-255,66,10029,41,118917
24763,0.000141,172.217.194.0-255,1484,11513,41,118917
24764,0.000143,172.31.46.0-255,66,11579,41,118917
24765,0.00017,172.217.194.0-255,5379,16958,41,118917
24766,0.000176,172.31.46.0-255,66,17024,41,118917
24767,0.000182,172.217.194.0-255,5738,22762,41,118917
24768,0.000184,172.31.46.0-255,66,22828,41,118917
24769,0.000223,172.31.46.0-255,66,22894,41,118917
24770,0.000251,172.217.194.0-255,3961,26855,41,118917
24771,0.000253,172.31.46.0-255,66,26921,41,118917
24772,0.000339,172.217.194.0-255,1484,28405,41,118917
24773,0.000342,172.31.46.0-255,66,28471,41,118917
24774,0.000354,172.217.194.0-255,2902,31373,41,118917
24775,0.000361,172.31.46.0-255,66,31439,41,118917
24776,0.000367,172.217.194.0-255,5738,37177,41,118917
24777,0.000369,172.31.46.0-255,66,37243,41,118917
24778,0.000396,172.217.194.0-255,1484,38727,41,118917
24779,0.000414,172.217.194.0-255,5673,44400,41,118917
24780,0.000417,172.31.46.0-255,66,44466,41,118917
24781,0.000471,172.217.194.0-255,383,44849,41,118917
24782,0.000678,172.217.194.0-255,1484,46333,41,118917
24783,0.000682,172.31.46.0-255,66,46399,41,118917
24784,0.000687,172.217.194.0-255,2902,49301,41,118917
24785,0.000689,172.31.46.0-255,66,49367,41,118917
24786,0.000695,172.217.194.0-255,5738,55105,41,118917
24787,0.000697,172.31.46.0-255,66,55171,41,118917
24788,0.000739,172.31.46.0-255,66,55237,41,118917
24789,0.000788,172.217.194.0-255,1484,56721,41,118917
24790,0.000803,172.217.194.0-255,2902,59623,41,118917
24791,0.000806,172.31.46.0-255,66,59689,41,118917
24792,0.000811,172.217.194.0-255,2902,62591,41,118917
24793,0.000813,172.31.46.0-255,66,62657,41,118917
24794,0.000828,172.217.194.0-255,2902,65559,41,118917
24795,0.000831,172.31.46.0-255,66,65625,41,118917
24796,0.000871,172.31.46.0-255,66,65691,41,118917
24797,0.001589,172.217.194.0-255,1484,67175,41,118917
24798,0.001597,172.217.194.0-255,2902,70077,41,118917
24799,0.001601,172.31.46.0-255,66,70143,41,118917
24800,0.001608,172.217.194.0-255,4320,74463,41,118917
24801,0.00161,172.31.46.0-255,66,74529,41,118917
24802,0.001644,172.217.194.0-255,1484,76013,41,118917
24803,0.001656,172.31.46.0-255,66,76079,41,118917
24804,0.001681,172.217.194.0-255,4320,80399,41,118917
24805,0.001683,172.31.46.0-255,66,80465,41,118917
24806,0.001716,172.31.46.0-255,66,80531,41,118917
24807,0.001779,172.217.194.0-255,1484,82015,41,118917
24808,0.001784,172.217.194.0-255,2902,84917,41,118917
24809,0.001786,172.31.46.0-255,66,84983,41,118917
24810,0.00183,172.217.194.0-255,5738,90721,41,118917
24811,0.001832,172.31.46.0-255,66,90787,41,118917
24812,0.00185,172.31.46.0-255,66,90853,41,118917
24813,0.001872,172.217.194.0-255,2902,93755,41,118917
24814,0.001874,172.31.46.0-255,66,93821,41,118917
24815,0.001907,172.31.46.0-255,66,93887,41,118917
24816,0.001919,172.31.46.0-255,66,93953,41,118917
24817,0.001958,172.217.194.0-255,2902,96855,41,118917
24818,0.00196,172.31.46.0-255,66,96921,41,118917
24819,0.001999,172.31.46.0-255,66,96987,41,118917
24820,0.002004,172.217.194.0-255,4320,101307,41,118917
24821,0.002006,172.31.46.0-255,66,101373,41,118917
24822,0.002039,172.31.46.0-255,66,101439,41,118917
24823,0.002051,172.31.46.0-255,66,101505,41,118917
24824,0.004055,172.217.194.0-255,5738,107243,41,118917
24825,0.004061,172.31.46.0-255,66,107309,41,118917
24826,0.006099,172.217.194.0-255,5738,113047,41,118917
24827,0.006103,172.31.46.0-255,66,113113,41,118917
24828,0.008119,172.217.194.0-255,5738,118851,41,118917
24829,0.008126,172.31.46.0-255,66,118917,41,118917
24830,0.0,74.125.24.0-255,151,151,41,152234
24831,1.4e-05,172.31.46.0-255,66,217,41,152234
24832,2.1e-05,74.125.24.0-255,1484,1701,41,152234
24833,2.5e-05,172.31.46.0-255,66,1767,41,152234
24834,3e-05,74.125.24.0-255,2902,4669,41,152234
24835,3.3e-05,172.31.46.0-255,66,4735,41,152234
24836,3.8e-05,74.125.24.0-255,2902,7637,41,152234
24837,4.1e-05,172.31.46.0-255,66,7703,41,152234
24838,6.3e-05,74.125.24.0-255,2902,10605,41,152234
24839,6.6e-05,172.31.46.0-255,66,10671,41,152234
24840,9.3e-05,74.125.24.0-255,3502,14173,41,152234
24841,9.6e-05,172.31.46.0-255,66,14239,41,152234
24842,0.000114,74.125.24.0-255,4320,18559,41,152234
24843,0.000116,172.31.46.0-255,66,18625,41,152234
24844,0.000142,172.31.46.0-255,66,18691,41,152234
24845,0.00018,74.125.24.0-255,3961,22652,41,152234
24846,0.000182,172.31.46.0-255,66,22718,41,152234
24847,0.000203,74.125.24.0-255,4320,27038,41,152234
24848,0.000205,172.31.46.0-255,66,27104,41,152234
24849,0.000237,172.31.46.0-255,66,27170,41,152234
24850,0.000241,74.125.24.0-255,2543,29713,41,152234
24851,0.000243,172.31.46.0-255,66,29779,41,152234
24852,0.000305,74.125.24.0-255,1484,31263,41,152234
24853,0.000307,172.31.46.0-255,66,31329,41,152234
24854,0.000333,172.31.46.0-255,66,31395,41,152234
24855,0.000339,74.125.24.0-255,4293,35688,41,152234
24856,0.000341,172.31.46.0-255,66,35754,41,152234
24857,0.000358,74.125.24.0-255,378,36132,41,152234
24858,0.00036,172.31.46.0-255,66,36198,41,152234
24859,0.000605,74.125.24.0-255,1484,37682,41,152234
24860,0.000611,74.125.24.0-255,2902,40584,41,152234
24861,0.000614,172.31.46.0-255,66,40650,41,152234
24862,0.000621,74.125.24.0-255,5738,46388,41,152234
24863,0.000623,172.31.46.0-255,66,46454,41,152234
24864,0.000629,74.125.24.0-255,4320,50774,41,152234
24865,0.000631,172.31.46.0-255,66,50840,41,152234
24866,0.000671,172.31.46.0-255,66,50906,41,152234
24867,0.000684,74.125.24.0-255,4320,55226,41,152234
24868,0.000686,172.31.46.0-255,66,55292,41,152234
24869,0.000706,74.125.24.0-255,3602,58894,41,152234
24870,0.000708,172.31.46.0-255,66,58960,41,152234
24871,0.000766,74.125.24.0-255,1484,60444,41,152234
24872,0.000785,74.125.24.0-255,2902,63346,41,152234
24873,0.000788,172.31.46.0-255,66,63412,41,152234
24874,0.000794,74.125.24.0-255,5738,69150,41,152234
24875,0.000796,172.31.46.0-255,66,69216,41,152234
24876,0.000817,74.125.24.0-255,5738,74954,41,152234
24877,0.000819,172.31.46.0-255,66,75020,41,152234
24878,0.000842,172.31.46.0-255,66,75086,41,152234
24879,0.000854,172.31.46.0-255,66,75152,41,152234
24880,0.000879,74.125.24.0-255,4320,79472,41,152234
24881,0.000881,172.31.46.0-255,66,79538,41,152234
24882,0.000884,74.125.24.0-255,1484,81022,41,152234
24883,0.000905,74.125.24.0-255,4320,85342,41,152234
24884,0.000907,172.31.46.0-255,66,85408,41,152234
24885,0.000912,74.125.24.0-255,5738,91146,41,152234
24886,0.000914,172.31.46.0-255,66,91212,41,152234
24887,0.000929,74.125.24.0-255,5738,96950,41,152234
24888,0.000931,172.31.46.0-255,66,97016,41,152234
24889,0.000937,74.125.24.0-255,5738,102754,41,152234
24890,0.000939,172.31.46.0-255,66,102820,41,152234
24891,0.000961,172.31.46.0-255,66,102886,41,152234
24892,0.000966,74.125.24.0-255,4320,107206,41,152234
24893,0.000967,172.31.46.0-255,66,107272,41,152234
24894,0.000993,172.31.46.0-255,66,107338,41,152234
24895,0.000997,74.125.24.0-255,3410,110748,41,152234
24896,0.000999,172.31.46.0-255,66,110814,41,152234
24897,0.00112,74.125.24.0-255,1484,112298,41,152234
24898,0.001125,74.125.24.0-255,2902,115200,41,152234
24899,0.001128,172.31.46.0-255,66,115266,41,152234
24900,0.001142,74.125.24.0-255,2902,118168,41,152234
24901,0.001145,172.31.46.0-255,66,118234,41,152234
24902,0.001161,74.125.24.0-255,2902,121136,41,152234
24903,0.001163,172.31.46.0-255,66,121202,41,152234
24904,0.001171,172.31.46.0-255,66,121268,41,152234
24905,0.001931,74.125.24.0-255,1484,122752,41,152234
24906,0.001938,74.125.24.0-255,2902,125654,41,152234
24907,0.001942,172.31.46.0-255,66,125720,41,152234
24908,0.001947,74.125.24.0-255,2902,128622,41,152234
24909,0.001949,172.31.46.0-255,66,128688,41,152234
24910,0.001966,74.125.24.0-255,2902,131590,41,152234
24911,0.001969,172.31.46.0-255,66,131656,41,152234
24912,0.001974,74.125.24.0-255,2902,134558,41,152234
24913,0.001976,172.31.46.0-255,66,134624,41,152234
24914,0.002057,172.31.46.0-255,66,134690,41,152234
24915,0.00206,172.31.46.0-255,66,134756,41,152234
24916,0.00409,74.125.24.0-255,5738,140494,41,152234
24917,0.004097,172.31.46.0-255,66,140560,41,152234
24918,0.006118,74.125.24.0-255,5738,146298,41,152234
24919,0.006123,172.31.46.0-255,66,146364,41,152234
24920,0.00813,74.125.24.0-255,4320,150684,41,152234
24921,0.008134,172.31.46.0-255,66,150750,41,152234
24922,0.008153,74.125.24.0-255,1484,152234,41,152234
24923,0.0,74.125.24.0-255,153,153,41,160766
24924,1.5e-05,172.31.46.0-255,66,219,41,160766
24925,2.2e-05,74.125.24.0-255,1484,1703,41,160766
24926,2.5e-05,172.31.46.0-255,66,1769,41,160766
24927,3e-05,74.125.24.0-255,2902,4671,41,160766
24928,4.1e-05,172.31.46.0-255,66,4737,41,160766
24929,4.7e-05,74.125.24.0-255,5738,10475,41,160766
24930,5.1e-05,172.31.46.0-255,66,10541,41,160766
24931,6.8e-05,74.125.24.0-255,1484,12025,41,160766
24932,7.4e-05,172.31.46.0-255,66,12091,41,160766
24933,0.000113,74.125.24.0-255,2073,14164,41,160766
24934,0.000115,172.31.46.0-255,66,14230,41,160766
24935,0.000156,74.125.24.0-255,1484,15714,41,160766
24936,0.000159,172.31.46.0-255,66,15780,41,160766
24937,0.000163,74.125.24.0-255,2902,18682,41,160766
24938,0.000164,172.31.46.0-255,66,18748,41,160766
24939,0.000196,74.125.24.0-255,5738,24486,41,160766
24940,0.000199,172.31.46.0-255,66,24552,41,160766
24941,0.000231,172.31.46.0-255,66,24618,41,160766
24942,0.000356,74.125.24.0-255,1484,26102,41,160766
24943,0.000359,172.31.46.0-255,66,26168,41,160766
24944,0.000364,74.125.24.0-255,2902,29070,41,160766
24945,0.000367,172.31.46.0-255,66,29136,41,160766
24946,0.000395,74.125.24.0-255,5738,34874,41,160766
24947,0.000397,172.31.46.0-255,66,34940,41,160766
24948,0.000401,74.125.24.0-255,2902,37842,41,160766
24949,0.000403,172.31.46.0-255,66,37908,41,160766
24950,0.000431,172.31.46.0-255,66,37974,41,160766
24951,0.000443,172.31.46.0-255,66,38040,41,160766
24952,0.000464,74.125.24.0-255,2902,40942,41,160766
24953,0.000466,172.31.46.0-255,66,41008,41,160766
24954,0.000469,74.125.24.0-255,1454,42462,41,160766
24955,0.000623,74.125.24.0-255,113,42575,41,160766
24956,0.000627,172.31.46.0-255,66,42641,41,160766
24957,0.000642,74.125.24.0-255,332,42973,41,160766
24958,0.000938,172.31.46.0-255,66,43039,41,160766
24959,0.001042,74.125.24.0-255,1484,44523,41,160766
24960,0.00105,74.125.24.0-255,2902,47425,41,160766
24961,0.001053,172.31.46.0-255,66,47491,41,160766
24962,0.001087,74.125.24.0-255,5738,53229,41,160766
24963,0.001089,172.31.46.0-255,66,53295,41,160766
24964,0.001097,172.31.46.0-255,66,53361,41,160766
24965,0.001126,74.125.24.0-255,5738,59099,41,160766
24966,0.001129,172.31.46.0-255,66,59165,41,160766
24967,0.001144,172.31.46.0-255,66,59231,41,160766
24968,0.001189,74.125.24.0-255,1484,60715,41,160766
24969,0.001202,74.125.24.0-255,2902,63617,41,160766
24970,0.001204,172.31.46.0-255,66,63683,41,160766
24971,0.00121,74.125.24.0-255,2902,66585,41,160766
24972,0.001211,172.31.46.0-255,66,66651,41,160766
24973,0.001239,74.125.24.0-255,2902,69553,41,160766
24974,0.001241,172.31.46.0-255,66,69619,41,160766
24975,0.001251,172.31.46.0-255,66,69685,41,160766
24976,0.001283,172.31.46.0-255,66,69751,41,160766
24977,0.001307,74.125.24.0-255,3602,73353,41,160766
24978,0.001309,172.31.46.0-255,66,73419,41,160766
24979,0.001323,74.125.24.0-255,5738,79157,41,160766
24980,0.001326,172.31.46.0-255,66,79223,41,160766
24981,0.001367,172.31.46.0-255,66,79289,41,160766
24982,0.001384,172.31.46.0-255,66,79355,41,160766
24983,0.001392,172.31.46.0-255,66,79421,41,160766
24984,0.00152,74.125.24.0-255,1484,80905,41,160766
24985,0.001539,74.125.24.0-255,2902,83807,41,160766
24986,0.001542,172.31.46.0-255,66,83873,41,160766
24987,0.001548,74.125.24.0-255,5738,89611,41,160766
24988,0.001551,172.31.46.0-255,66,89677,41,160766
24989,0.001581,172.31.46.0-255,66,89743,41,160766
24990,0.001591,172.31.46.0-255,66,89809,41,160766
24991,0.001623,74.125.24.0-255,2184,91993,41,160766
24992,0.001626,172.31.46.0-255,66,92059,41,160766
24993,0.001705,74.125.24.0-255,1484,93543,41,160766
24994,0.001719,74.125.24.0-255,2902,96445,41,160766
24995,0.001722,172.31.46.0-255,66,96511,41,160766
24996,0.001727,74.125.24.0-255,4320,100831,41,160766
24997,0.00173,172.31.46.0-255,66,100897,41,160766
24998,0.001746,74.125.24.0-255,1484,102381,41,160766
24999,0.001758,172.31.46.0-255,66,102447,41,160766
25000,0.001782,74.125.24.0-255,5738,108185,41,160766
25001,0.001785,172.31.46.0-255,66,108251,41,160766
25002,0.001822,172.31.46.0-255,66,108317,41,160766
25003,0.002265,74.125.24.0-255,1484,109801,41,160766
25004,0.002288,74.125.24.0-255,1484,111285,41,160766
25005,0.002292,172.31.46.0-255,66,111351,41,160766
25006,0.002305,74.125.24.0-255,1484,112835,41,160766
25007,0.002315,74.125.24.0-255,5738,118573,41,160766
25008,0.002317,172.31.46.0-255,66,118639,41,160766
25009,0.002357,172.31.46.0-255,66,118705,41,160766
25010,0.002361,74.125.24.0-255,2902,121607,41,160766
25011,0.002363,172.31.46.0-255,66,121673,41,160766
25012,0.002399,172.31.46.0-255,66,121739,41,160766
25013,0.003017,74.125.24.0-255,1484,123223,41,160766
25014,0.003029,74.125.24.0-255,2902,126125,41,160766
25015,0.003031,172.31.46.0-255,66,126191,41,160766
25016,0.003051,74.125.24.0-255,5738,131929,41,160766
25017,0.003054,172.31.46.0-255,66,131995,41,160766
25018,0.003056,74.125.24.0-255,1484,133479,41,160766
25019,0.003061,74.125.24.0-255,4320,137799,41,160766
25020,0.003062,172.31.46.0-255,66,137865,41,160766
25021,0.003084,74.125.24.0-255,4320,142185,41,160766
25022,0.003086,172.31.46.0-255,66,142251,41,160766
25023,0.003103,74.125.24.0-255,5738,147989,41,160766
25024,0.003111,172.31.46.0-255,66,148055,41,160766
25025,0.003145,172.31.46.0-255,66,148121,41,160766
25026,0.003158,172.31.46.0-255,66,148187,41,160766
25027,0.003174,172.31.46.0-255,66,148253,41,160766
25028,0.003194,74.125.24.0-255,1484,149737,41,160766
25029,0.003221,172.31.46.0-255,66,149803,41,160766
25030,0.003224,74.125.24.0-255,1484,151287,41,160766
25031,0.003244,74.125.24.0-255,4320,155607,41,160766
25032,0.003246,172.31.46.0-255,66,155673,41,160766
25033,0.003278,172.31.46.0-255,66,155739,41,160766
25034,0.003283,74.125.24.0-255,4320,160059,41,160766
25035,0.003285,172.31.46.0-255,66,160125,41,160766
25036,0.003356,172.31.46.0-255,66,160191,41,160766
25037,0.003368,172.31.46.0-255,66,160257,41,160766
25038,0.003383,172.31.46.0-255,66,160323,41,160766
25039,0.00342,172.31.46.0-255,66,160389,41,160766
25040,0.003454,172.31.46.0-255,66,160455,41,160766
25041,0.003457,74.125.24.0-255,105,160560,41,160766
25042,0.007839,172.31.46.0-255,101,160661,41,160766
25043,0.009535,172.31.46.0-255,105,160766,41,160766
25044,0.0,74.125.24.0-255,150,150,41,123400
25045,2e-05,172.31.46.0-255,66,216,41,123400
25046,2.7e-05,74.125.24.0-255,1484,1700,41,123400
25047,3.1e-05,172.31.46.0-255,66,1766,41,123400
25048,3.7e-05,74.125.24.0-255,2902,4668,41,123400
25049,4e-05,172.31.46.0-255,66,4734,41,123400
25050,4.6e-05,74.125.24.0-255,5738,10472,41,123400
25051,5e-05,172.31.46.0-255,66,10538,41,123400
25052,7.5e-05,74.125.24.0-255,3496,14034,41,123400
25053,7.8e-05,172.31.46.0-255,66,14100,41,123400
25054,0.000118,74.125.24.0-255,2902,17002,41,123400
25055,0.00012,172.31.46.0-255,66,17068,41,123400
25056,0.000124,74.125.24.0-255,2902,19970,41,123400
25057,0.000127,172.31.46.0-255,66,20036,41,123400
25058,0.000138,74.125.24.0-255,1484,21520,41,123400
25059,0.00014,172.31.46.0-255,66,21586,41,123400
25060,0.000171,172.31.46.0-255,66,21652,41,123400
25061,0.000174,74.125.24.0-255,1125,22777,41,123400
25062,0.000176,172.31.46.0-255,66,22843,41,123400
25063,0.000331,74.125.24.0-255,1484,24327,41,123400
25064,0.000336,172.31.46.0-255,66,24393,41,123400
25065,0.000342,74.125.24.0-255,2902,27295,41,123400
25066,0.000345,172.31.46.0-255,66,27361,41,123400
25067,0.00035,74.125.24.0-255,2902,30263,41,123400
25068,0.000352,172.31.46.0-255,66,30329,41,123400
25069,0.000369,74.125.24.0-255,2902,33231,41,123400
25070,0.000372,172.31.46.0-255,66,33297,41,123400
25071,0.000395,172.31.46.0-255,66,33363,41,123400
25072,0.000425,74.125.24.0-255,2543,35906,41,123400
25073,0.000428,172.31.46.0-255,66,35972,41,123400
25074,0.000439,172.31.46.0-255,66,36038,41,123400
25075,0.000444,74.125.24.0-255,3961,39999,41,123400
25076,0.000447,172.31.46.0-255,66,40065,41,123400
25077,0.00062,74.125.24.0-255,645,40710,41,123400
25078,0.000953,74.125.24.0-255,1484,42194,41,123400
25079,0.000959,172.31.46.0-255,66,42260,41,123400
25080,0.000966,74.125.24.0-255,2902,45162,41,123400
25081,0.000968,172.31.46.0-255,66,45228,41,123400
25082,0.000989,74.125.24.0-255,5738,50966,41,123400
25083,0.000991,172.31.46.0-255,66,51032,41,123400
25084,0.001041,172.31.46.0-255,66,51098,41,123400
25085,0.001343,74.125.24.0-255,1484,52582,41,123400
25086,0.001352,74.125.24.0-255,2902,55484,41,123400
25087,0.001355,172.31.46.0-255,66,55550,41,123400
25088,0.001361,74.125.24.0-255,2902,58452,41,123400
25089,0.001363,172.31.46.0-255,66,58518,41,123400
25090,0.001378,74.125.24.0-255,2902,61420,41,123400
25091,0.00138,172.31.46.0-255,66,61486,41,123400
25092,0.001396,74.125.24.0-255,5738,67224,41,123400
25093,0.001398,172.31.46.0-255,66,67290,41,123400
25094,0.001426,172.31.46.0-255,66,67356,41,123400
25095,0.001439,172.31.46.0-255,66,67422,41,123400
25096,0.001729,74.125.24.0-255,1484,68906,41,123400
25097,0.001737,74.125.24.0-255,2902,71808,41,123400
25098,0.001741,172.31.46.0-255,66,71874,41,123400
25099,0.001747,74.125.24.0-255,2902,74776,41,123400
25100,0.001749,172.31.46.0-255,66,74842,41,123400
25101,0.001764,74.125.24.0-255,2902,77744,41,123400
25102,0.001766,172.31.46.0-255,66,77810,41,123400
25103,0.001769,74.125.24.0-255,1484,79294,41,123400
25104,0.001799,172.31.46.0-255,66,79360,41,123400
25105,0.001804,74.125.24.0-255,4320,83680,41,123400
25106,0.001806,172.31.46.0-255,66,83746,41,123400
25107,0.001821,74.125.24.0-255,4320,88066,41,123400
25108,0.001824,172.31.46.0-255,66,88132,41,123400
25109,0.001828,74.125.24.0-255,2184,90316,41,123400
25110,0.00183,172.31.46.0-255,66,90382,41,123400
25111,0.001845,74.125.24.0-255,2902,93284,41,123400
25112,0.001848,172.31.46.0-255,66,93350,41,123400
25113,0.001859,172.31.46.0-255,66,93416,41,123400
25114,0.001879,74.125.24.0-255,5738,99154,41,123400
25115,0.001882,172.31.46.0-255,66,99220,41,123400
25116,0.001903,172.31.46.0-255,66,99286,41,123400
25117,0.001951,74.125.24.0-255,5738,105024,41,123400
25118,0.001954,172.31.46.0-255,66,105090,41,123400
25119,0.00197,74.125.24.0-255,2184,107274,41,123400
25120,0.001972,172.31.46.0-255,66,107340,41,123400
25121,0.004005,74.125.24.0-255,4320,111660,41,123400
25122,0.004012,172.31.46.0-255,66,111726,41,123400
25123,0.004031,74.125.24.0-255,1484,113210,41,123400
25124,0.006061,74.125.24.0-255,4320,117530,41,123400
25125,0.006068,172.31.46.0-255,66,117596,41,123400
25126,0.008128,74.125.24.0-255,5738,123334,41,123400
25127,0.008132,172.31.46.0-255,66,123400,41,123400
25128,0.0,74.125.24.0-255,152,152,41,170764
25129,2e-05,172.31.46.0-255,66,218,41,170764
25130,2.6e-05,74.125.24.0-255,1484,1702,41,170764
25131,3e-05,172.31.46.0-255,66,1768,41,170764
25132,3.5e-05,74.125.24.0-255,2902,4670,41,170764
25133,3.8e-05,172.31.46.0-255,66,4736,41,170764
25134,6.7e-05,172.31.46.0-255,66,4802,41,170764
25135,0.000108,172.31.46.0-255,66,4868,41,170764
25136,0.000117,172.31.46.0-255,66,4934,41,170764
25137,0.000139,74.125.24.0-255,1125,6059,41,170764
25138,0.000142,172.31.46.0-255,66,6125,41,170764
25139,0.000211,74.125.24.0-255,1484,7609,41,170764
25140,0.000214,172.31.46.0-255,66,7675,41,170764
25141,0.000218,74.125.24.0-255,2902,10577,41,170764
25142,0.00022,172.31.46.0-255,66,10643,41,170764
25143,0.00023,74.125.24.0-255,1484,12127,41,170764
25144,0.000231,172.31.46.0-255,66,12193,41,170764
25145,0.000251,74.125.24.0-255,4320,16513,41,170764
25146,0.000253,172.31.46.0-255,66,16579,41,170764
25147,0.00026,74.125.24.0-255,5738,22317,41,170764
25148,0.000261,172.31.46.0-255,66,22383,41,170764
25149,0.000296,74.125.24.0-255,4320,26703,41,170764
25150,0.000298,172.31.46.0-255,66,26769,41,170764
25151,0.00032,172.31.46.0-255,66,26835,41,170764
25152,0.000325,74.125.24.0-255,4234,31069,41,170764
25153,0.000327,172.31.46.0-255,66,31135,41,170764
25154,0.000377,74.125.24.0-255,126,31261,41,170764
25155,0.000379,172.31.46.0-255,66,31327,41,170764
25156,0.000535,74.125.24.0-255,1484,32811,41,170764
25157,0.00055,74.125.24.0-255,2902,35713,41,170764
25158,0.000553,172.31.46.0-255,66,35779,41,170764
25159,0.000557,74.125.24.0-255,2902,38681,41,170764
25160,0.000559,172.31.46.0-255,66,38747,41,170764
25161,0.000585,172.31.46.0-255,66,38813,41,170764
25162,0.000624,172.31.46.0-255,66,38879,41,170764
25163,0.000642,74.125.24.0-255,3961,42840,41,170764
25164,0.000644,172.31.46.0-255,66,42906,41,170764
25165,0.000658,74.125.24.0-255,1484,44390,41,170764
25166,0.000675,74.125.24.0-255,5379,49769,41,170764
25167,0.000677,172.31.46.0-255,66,49835,41,170764
25168,0.000915,74.125.24.0-255,353,50188,41,170764
25169,0.001019,74.125.24.0-255,1484,51672,41,170764
25170,0.001023,172.31.46.0-255,66,51738,41,170764
25171,0.001027,74.125.24.0-255,2902,54640,41,170764
25172,0.001029,172.31.46.0-255,66,54706,41,170764
25173,0.001032,74.125.24.0-255,1484,56190,41,170764
25174,0.001045,74.125.24.0-255,4320,60510,41,170764
25175,0.001047,172.31.46.0-255,66,60576,41,170764
25176,0.001057,74.125.24.0-255,1484,62060,41,170764
25177,0.001088,172.31.46.0-255,66,62126,41,170764
25178,0.00109,172.31.46.0-255,66,62192,41,170764
25179,0.001104,74.125.24.0-255,1484,63676,41,170764
25180,0.001128,74.125.24.0-255,2184,65860,41,170764
25181,0.00113,172.31.46.0-255,66,65926,41,170764
25182,0.001152,74.125.24.0-255,2902,68828,41,170764
25183,0.001154,172.31.46.0-255,66,68894,41,170764
25184,0.001191,172.31.46.0-255,66,68960,41,170764
25185,0.001197,74.125.24.0-255,5738,74698,41,170764
25186,0.001199,172.31.46.0-255,66,74764,41,170764
25187,0.001215,74.125.24.0-255,4320,79084,41,170764
25188,0.001218,172.31.46.0-255,66,79150,41,170764
25189,0.00124,172.31.46.0-255,66,79216,41,170764
25190,0.001245,74.125.24.0-255,3602,82818,41,170764
25191,0.001247,172.31.46.0-255,66,82884,41,170764
25192,0.001279,74.125.24.0-255,1484,84368,41,170764
25193,0.001292,74.125.24.0-255,2902,87270,41,170764
25194,0.001294,172.31.46.0-255,66,87336,41,170764
25195,0.001298,74.125.24.0-255,2902,90238,41,170764
25196,0.0013,172.31.46.0-255,66,90304,41,170764
25197,0.001314,74.125.24.0-255,2902,93206,41,170764
25198,0.001317,172.31.46.0-255,66,93272,41,170764
25199,0.001325,74.125.24.0-255,1484,94756,41,170764
25200,0.001354,172.31.46.0-255,66,94822,41,170764
25201,0.001365,172.31.46.0-255,66,94888,41,170764
25202,0.001522,74.125.24.0-255,1484,96372,41,170764
25203,0.001538,74.125.24.0-255,1484,97856,41,170764
25204,0.001541,172.31.46.0-255,66,97922,41,170764
25205,0.001546,74.125.24.0-255,2902,100824,41,170764
25206,0.001548,172.31.46.0-255,66,100890,41,170764
25207,0.001577,74.125.24.0-255,5738,106628,41,170764
25208,0.00158,172.31.46.0-255,66,106694,41,170764
25209,0.001583,74.125.24.0-255,1484,108178,41,170764
25210,0.001608,172.31.46.0-255,66,108244,41,170764
25211,0.001614,74.125.24.0-255,5738,113982,41,170764
25212,0.001615,172.31.46.0-255,66,114048,41,170764
25213,0.00165,74.125.24.0-255,3602,117650,41,170764
25214,0.001653,172.31.46.0-255,66,117716,41,170764
25215,0.001707,74.125.24.0-255,1484,119200,41,170764
25216,0.001712,74.125.24.0-255,2902,122102,41,170764
25217,0.001714,172.31.46.0-255,66,122168,41,170764
25218,0.001733,74.125.24.0-255,5738,127906,41,170764
25219,0.001736,172.31.46.0-255,66,127972,41,170764
25220,0.001751,74.125.24.0-255,2902,130874,41,170764
25221,0.001754,172.31.46.0-255,66,130940,41,170764
25222,0.001783,172.31.46.0-255,66,131006,41,170764
25223,0.001788,74.125.24.0-255,4320,135326,41,170764
25224,0.00179,172.31.46.0-255,66,135392,41,170764
25225,0.001802,74.125.24.0-255,1484,136876,41,170764
25226,0.001815,74.125.24.0-255,5020,141896,41,170764
25227,0.001818,172.31.46.0-255,66,141962,41,170764
25228,0.001883,74.125.24.0-255,1484,143446,41,170764
25229,0.001894,74.125.24.0-255,2902,146348,41,170764
25230,0.001897,172.31.46.0-255,66,146414,41,170764
25231,0.001918,74.125.24.0-255,5738,152152,41,170764
25232,0.001921,172.31.46.0-255,66,152218,41,170764
25233,0.00195,172.31.46.0-255,66,152284,41,170764
25234,0.001984,172.31.46.0-255,66,152350,41,170764
25235,0.002023,74.125.24.0-255,1484,153834,41,170764
25236,0.002028,74.125.24.0-255,2902,156736,41,170764
25237,0.00203,172.31.46.0-255,66,156802,41,170764
25238,0.002053,74.125.24.0-255,5738,162540,41,170764
25239,0.002056,172.31.46.0-255,66,162606,41,170764
25240,0.00206,74.125.24.0-255,2902,165508,41,170764
25241,0.002062,172.31.46.0-255,66,165574,41,170764
25242,0.002104,172.31.46.0-255,66,165640,41,170764
25243,0.002116,172.31.46.0-255,66,165706,41,170764
25244,0.002126,172.31.46.0-255,66,165772,41,170764
25245,0.002145,172.31.46.0-255,66,165838,41,170764
25246,0.00215,74.125.24.0-255,4320,170158,41,170764
25247,0.002152,172.31.46.0-255,66,170224,41,170764
25248,0.002192,172.31.46.0-255,66,170290,41,170764
25249,0.002205,172.31.46.0-255,66,170356,41,170764
25250,0.002285,172.31.46.0-255,66,170422,41,170764
25251,0.002287,74.125.24.0-255,105,170527,41,170764
25252,0.00719,172.31.46.0-255,66,170593,41,170764
25253,0.007224,172.31.46.0-255,105,170698,41,170764
25254,0.009527,74.125.24.0-255,66,170764,41,170764
25255,0.0,172.217.194.0-255,156,156,41,100060
25256,1.6e-05,172.31.46.0-255,66,222,41,100060
25257,2.2e-05,172.217.194.0-255,1484,1706,41,100060
25258,2.7e-05,172.31.46.0-255,66,1772,41,100060
25259,4e-05,172.217.194.0-255,2902,4674,41,100060
25260,4.4e-05,172.31.46.0-255,66,4740,41,100060
25261,5e-05,172.217.194.0-255,5738,10478,41,100060
25262,5.4e-05,172.31.46.0-255,66,10544,41,100060
25263,8.7e-05,172.217.194.0-255,3459,14003,41,100060
25264,9e-05,172.31.46.0-255,66,14069,41,100060
25265,0.000135,172.217.194.0-255,1484,15553,41,100060
25266,0.000137,172.31.46.0-255,66,15619,41,100060
25267,0.000142,172.217.194.0-255,2902,18521,41,100060
25268,0.000145,172.31.46.0-255,66,18587,41,100060
25269,0.00018,172.217.194.0-255,5738,24325,41,100060
25270,0.000184,172.31.46.0-255,66,24391,41,100060
25271,0.0002,172.31.46.0-255,66,24457,41,100060
25272,0.000239,172.217.194.0-255,4320,28777,41,100060
25273,0.000241,172.31.46.0-255,66,28843,41,100060
25274,0.000275,172.31.46.0-255,66,28909,41,100060
25275,0.000282,172.217.194.0-255,5379,34288,41,100060
25276,0.000284,172.31.46.0-255,66,34354,41,100060
25277,0.000332,172.217.194.0-255,1484,35838,41,100060
25278,0.000334,172.31.46.0-255,66,35904,41,100060
25279,0.000355,172.217.194.0-255,2902,38806,41,100060
25280,0.000357,172.31.46.0-255,66,38872,41,100060
25281,0.000391,172.217.194.0-255,5738,44610,41,100060
25282,0.000394,172.31.46.0-255,66,44676,41,100060
25283,0.000398,172.217.194.0-255,2902,47578,41,100060
25284,0.000401,172.31.46.0-255,66,47644,41,100060
25285,0.00043,172.217.194.0-255,3961,51605,41,100060
25286,0.000504,172.217.194.0-255,1484,53089,41,100060
25287,0.000522,172.217.194.0-255,2902,55991,41,100060
25288,0.000541,172.217.194.0-255,2902,58893,41,100060
25289,0.000579,172.217.194.0-255,4320,63213,41,100060
25290,0.000601,172.217.194.0-255,2902,66115,41,100060
25291,0.000606,172.217.194.0-255,2902,69017,41,100060
25292,0.000624,172.217.194.0-255,2902,71919,41,100060
25293,0.000664,172.217.194.0-255,5379,77298,41,100060
25294,0.000672,172.31.46.0-255,66,77364,41,100060
25295,0.000945,172.217.194.0-255,1484,78848,41,100060
25296,0.000951,172.217.194.0-255,1484,80332,41,100060
25297,0.000966,172.217.194.0-255,1484,81816,41,100060
25298,0.00097,172.31.46.0-255,66,81882,41,100060
25299,0.001,172.217.194.0-255,5738,87620,41,100060
25300,0.00104,172.217.194.0-255,766,88386,41,100060
25301,0.003958,172.31.46.0-255,66,88452,41,100060
25302,0.006081,172.217.194.0-255,5738,94190,41,100060
25303,0.006092,172.31.46.0-255,66,94256,41,100060
25304,0.008185,172.217.194.0-255,5738,99994,41,100060
25305,0.009163,172.31.46.0-255,66,100060,41,100060
25306,0.0,172.217.194.0-255,152,152,41,127738
25307,1.8e-05,172.31.46.0-255,66,218,41,127738
25308,2.5e-05,172.217.194.0-255,1484,1702,41,127738
25309,3e-05,172.31.46.0-255,66,1768,41,127738
25310,3.7e-05,172.217.194.0-255,2902,4670,41,127738
25311,4.2e-05,172.31.46.0-255,66,4736,41,127738
25312,6.1e-05,172.31.46.0-255,66,4802,41,127738
25313,6.5e-05,172.217.194.0-255,1938,6740,41,127738
25314,6.8e-05,172.31.46.0-255,66,6806,41,127738
25315,7.3e-05,172.217.194.0-255,2902,9708,41,127738
25316,7.6e-05,172.31.46.0-255,66,9774,41,127738
25317,0.00012,172.31.46.0-255,66,9840,41,127738
25318,0.000144,172.217.194.0-255,1484,11324,41,127738
25319,0.000147,172.31.46.0-255,66,11390,41,127738
25320,0.000175,172.217.194.0-255,5379,16769,41,127738
25321,0.000178,172.31.46.0-255,66,16835,41,127738
25322,0.00019,172.31.46.0-255,66,16901,41,127738
25323,0.000231,172.31.46.0-255,66,16967,41,127738
25324,0.001159,172.217.194.0-255,1484,18451,41,127738
25325,0.001166,172.31.46.0-255,66,18517,41,127738
25326,0.001176,172.217.194.0-255,2902,21419,41,127738
25327,0.001179,172.31.46.0-255,66,21485,41,127738
25328,0.001191,172.217.194.0-255,5738,27223,41,127738
25329,0.001194,172.31.46.0-255,66,27289,41,127738
25330,0.001231,172.31.46.0-255,66,27355,41,127738
25331,0.001234,172.217.194.0-255,646,28001,41,127738
25332,0.001235,172.31.46.0-255,66,28067,41,127738
25333,0.001281,172.217.194.0-255,1484,29551,41,127738
25334,0.001295,172.217.194.0-255,4320,33871,41,127738
25335,0.001297,172.31.46.0-255,66,33937,41,127738
25336,0.001303,172.217.194.0-255,4320,38257,41,127738
25337,0.001306,172.31.46.0-255,66,38323,41,127738
25338,0.001345,172.217.194.0-255,1484,39807,41,127738
25339,0.001378,172.31.46.0-255,66,39873,41,127738
25340,0.001384,172.217.194.0-255,5738,45611,41,127738
25341,0.001387,172.31.46.0-255,66,45677,41,127738
25342,0.001419,172.217.194.0-255,4320,49997,41,127738
25343,0.001422,172.31.46.0-255,66,50063,41,127738
25344,0.001426,172.217.194.0-255,2543,52606,41,127738
25345,0.001428,172.31.46.0-255,66,52672,41,127738
25346,0.001731,172.217.194.0-255,1484,54156,41,127738
25347,0.001739,172.217.194.0-255,2902,57058,41,127738
25348,0.001744,172.31.46.0-255,66,57124,41,127738
25349,0.001751,172.217.194.0-255,5738,62862,41,127738
25350,0.001753,172.31.46.0-255,66,62928,41,127738
25351,0.001769,172.217.194.0-255,2902,65830,41,127738
25352,0.001771,172.31.46.0-255,66,65896,41,127738
25353,0.001794,172.217.194.0-255,3398,69294,41,127738
25354,0.001799,172.31.46.0-255,66,69360,41,127738
25355,0.001855,172.217.194.0-255,1484,70844,41,127738
25356,0.00186,172.217.194.0-255,2902,73746,41,127738
25357,0.001862,172.31.46.0-255,66,73812,41,127738
25358,0.00188,172.217.194.0-255,5738,79550,41,127738
25359,0.001883,172.31.46.0-255,66,79616,41,127738
25360,0.001914,172.31.46.0-255,66,79682,41,127738
25361,0.00194,172.217.194.0-255,2902,82584,41,127738
25362,0.001942,172.31.46.0-255,66,82650,41,127738
25363,0.001951,172.31.46.0-255,66,82716,41,127738
25364,0.002002,172.217.194.0-255,2184,84900,41,127738
25365,0.002004,172.31.46.0-255,66,84966,41,127738
25366,0.00208,172.217.194.0-255,1484,86450,41,127738
25367,0.002092,172.217.194.0-255,2902,89352,41,127738
25368,0.002094,172.31.46.0-255,66,89418,41,127738
25369,0.002097,172.217.194.0-255,1484,90902,41,127738
25370,0.002121,172.217.194.0-255,4320,95222,41,127738
25371,0.002124,172.31.46.0-255,66,95288,41,127738
25372,0.002129,172.217.194.0-255,5738,101026,41,127738
25373,0.002131,172.31.46.0-255,66,101092,41,127738
25374,0.002159,172.217.194.0-255,2902,103994,41,127738
25375,0.002161,172.31.46.0-255,66,104060,41,127738
25376,0.002185,172.217.194.0-255,5738,109798,41,127738
25377,0.002187,172.31.46.0-255,66,109864,41,127738
25378,0.002224,172.31.46.0-255,66,109930,41,127738
25379,0.004465,172.217.194.0-255,2902,112832,41,127738
25380,0.004468,172.31.46.0-255,66,112898,41,127738
25381,0.004498,172.217.194.0-255,2902,115800,41,127738
25382,0.004501,172.31.46.0-255,66,115866,41,127738
25383,0.006699,172.217.194.0-255,2902,118768,41,127738
25384,0.006705,172.31.46.0-255,66,118834,41,127738
25385,0.006737,172.217.194.0-255,2902,121736,41,127738
25386,0.006741,172.31.46.0-255,66,121802,41,127738
25387,0.008961,172.217.194.0-255,2902,124704,41,127738
25388,0.008967,172.31.46.0-255,66,124770,41,127738
25389,0.008995,172.217.194.0-255,2902,127672,41,127738
25390,0.008997,172.31.46.0-255,66,127738,41,127738
25391,0.0,74.125.24.0-255,151,151,41,202418
25392,1.4e-05,172.31.46.0-255,66,217,41,202418
25393,2.1e-05,74.125.24.0-255,1484,1701,41,202418
25394,2.5e-05,172.31.46.0-255,66,1767,41,202418
25395,3e-05,74.125.24.0-255,2902,4669,41,202418
25396,3.3e-05,172.31.46.0-255,66,4735,41,202418
25397,3.9e-05,74.125.24.0-255,4320,9055,41,202418
25398,4.3e-05,172.31.46.0-255,66,9121,41,202418
25399,5e-05,74.125.24.0-255,4811,13932,41,202418
25400,5.3e-05,172.31.46.0-255,66,13998,41,202418
25401,5.9e-05,74.125.24.0-255,5738,19736,41,202418
25402,6.2e-05,172.31.46.0-255,66,19802,41,202418
25403,8.6e-05,74.125.24.0-255,5738,25540,41,202418
25404,8.9e-05,172.31.46.0-255,66,25606,41,202418
25405,9.6e-05,74.125.24.0-255,5379,30985,41,202418
25406,9.8e-05,172.31.46.0-255,66,31051,41,202418
25407,0.00017,74.125.24.0-255,1484,32535,41,202418
25408,0.000172,172.31.46.0-255,66,32601,41,202418
25409,0.000177,74.125.24.0-255,2902,35503,41,202418
25410,0.00018,172.31.46.0-255,66,35569,41,202418
25411,0.000183,74.125.24.0-255,1484,37053,41,202418
25412,0.000185,172.31.46.0-255,66,37119,41,202418
25413,0.000213,74.125.24.0-255,4320,41439,41,202418
25414,0.000216,172.31.46.0-255,66,41505,41,202418
25415,0.000222,74.125.24.0-255,5738,47243,41,202418
25416,0.000224,172.31.46.0-255,66,47309,41,202418
25417,0.000272,172.31.46.0-255,66,47375,41,202418
25418,0.000278,74.125.24.0-255,5738,53113,41,202418
25419,0.00028,172.31.46.0-255,66,53179,41,202418
25420,0.000286,74.125.24.0-255,3961,57140,41,202418
25421,0.000288,172.31.46.0-255,66,57206,41,202418
25422,0.000314,74.125.24.0-255,708,57914,41,202418
25423,0.00051,74.125.24.0-255,1484,59398,41,202418
25424,0.000516,74.125.24.0-255,2902,62300,41,202418
25425,0.000538,172.31.46.0-255,66,62366,41,202418
25426,0.000545,74.125.24.0-255,5738,68104,41,202418
25427,0.000561,74.125.24.0-255,5738,73842,41,202418
25428,0.000563,172.31.46.0-255,66,73908,41,202418
25429,0.00058,74.125.24.0-255,4320,78228,41,202418
25430,0.000613,172.31.46.0-255,66,78294,41,202418
25431,0.000623,172.31.46.0-255,66,78360,41,202418
25432,0.000678,74.125.24.0-255,1484,79844,41,202418
25433,0.000683,74.125.24.0-255,2902,82746,41,202418
25434,0.000694,172.31.46.0-255,66,82812,41,202418
25435,0.000706,74.125.24.0-255,5738,88550,41,202418
25436,0.00071,172.31.46.0-255,66,88616,41,202418
25437,0.000728,74.125.24.0-255,1484,90100,41,202418
25438,0.000767,74.125.24.0-255,2902,93002,41,202418
25439,0.000781,172.31.46.0-255,66,93068,41,202418
25440,0.000802,74.125.24.0-255,5738,98806,41,202418
25441,0.000808,172.31.46.0-255,66,98872,41,202418
25442,0.000827,74.125.24.0-255,2184,101056,41,202418
25443,0.000837,172.31.46.0-255,66,101122,41,202418
25444,0.001308,74.125.24.0-255,1484,102606,41,202418
25445,0.00133,74.125.24.0-255,2902,105508,41,202418
25446,0.001334,172.31.46.0-255,66,105574,41,202418
25447,0.001341,74.125.24.0-255,5738,111312,41,202418
25448,0.001352,74.125.24.0-255,1484,112796,41,202418
25449,0.00136,172.31.46.0-255,66,112862,41,202418
25450,0.001398,172.31.46.0-255,66,112928,41,202418
25451,0.001431,74.125.24.0-255,2902,115830,41,202418
25452,0.001437,74.125.24.0-255,5020,120850,41,202418
25453,0.001454,172.31.46.0-255,66,120916,41,202418
25454,0.001618,74.125.24.0-255,1484,122400,41,202418
25455,0.001641,74.125.24.0-255,2902,125302,41,202418
25456,0.001647,74.125.24.0-255,5738,131040,41,202418
25457,0.001655,172.31.46.0-255,66,131106,41,202418
25458,0.001665,74.125.24.0-255,4320,135426,41,202418
25459,0.0017,172.31.46.0-255,66,135492,41,202418
25460,0.001752,74.125.24.0-255,5738,141230,41,202418
25461,0.001767,74.125.24.0-255,5020,146250,41,202418
25462,0.001772,172.31.46.0-255,66,146316,41,202418
25463,0.002039,74.125.24.0-255,1484,147800,41,202418
25464,0.002045,74.125.24.0-255,2902,150702,41,202418
25465,0.002048,172.31.46.0-255,66,150768,41,202418
25466,0.002072,74.125.24.0-255,5738,156506,41,202418
25467,0.002084,74.125.24.0-255,1484,157990,41,202418
25468,0.002094,172.31.46.0-255,66,158056,41,202418
25469,0.002107,172.31.46.0-255,66,158122,41,202418
25470,0.002118,74.125.24.0-255,5738,163860,41,202418
25471,0.002121,74.125.24.0-255,2184,166044,41,202418
25472,0.002142,172.31.46.0-255,66,166110,41,202418
25473,0.002248,74.125.24.0-255,1484,167594,41,202418
25474,0.002255,74.125.24.0-255,2902,170496,41,202418
25475,0.002261,74.125.24.0-255,5738,176234,41,202418
25476,0.002265,74.125.24.0-255,2902,179136,41,202418
25477,0.002281,74.125.24.0-255,1484,180620,41,202418
25478,0.002304,74.125.24.0-255,4320,184940,41,202418
25479,0.002931,172.31.46.0-255,66,185006,41,202418
25480,0.00525,74.125.24.0-255,5738,190744,41,202418
25481,0.005266,172.31.46.0-255,66,190810,41,202418
25482,0.00756,74.125.24.0-255,5738,196548,41,202418
25483,0.007565,172.31.46.0-255,66,196614,41,202418
25484,0.009837,74.125.24.0-255,5738,202352,41,202418
25485,0.009919,172.31.46.0-255,66,202418,41,202418
25486,0.0,172.217.194.0-255,812,812,41,63325
25487,1.8e-05,172.217.194.0-255,1484,2296,41,63325
25488,3e-05,172.31.46.0-255,66,2362,41,63325
25489,4.1e-05,172.217.194.0-255,4320,6682,41,63325
25490,4.4e-05,172.31.46.0-255,66,6748,41,63325
25491,0.000177,172.217.194.0-255,1484,8232,41,63325
25492,0.000238,172.217.194.0-255,2902,11134,41,63325
25493,0.000242,172.31.46.0-255,66,11200,41,63325
25494,0.000379,172.217.194.0-255,2841,14041,41,63325
25495,0.000383,172.31.46.0-255,66,14107,41,63325
25496,0.000501,172.217.194.0-255,1484,15591,41,63325
25497,0.000577,172.217.194.0-255,2902,18493,41,63325
25498,0.000581,172.31.46.0-255,66,18559,41,63325
25499,0.000708,172.217.194.0-255,5738,24297,41,63325
25500,0.000712,172.31.46.0-255,66,24363,41,63325
25501,0.000987,172.31.46.0-255,66,24429,41,63325
25502,0.002432,172.217.194.0-255,5738,30167,41,63325
25503,0.002626,172.217.194.0-255,2902,33069,41,63325
25504,0.003161,172.217.194.0-255,5738,38807,41,63325
25505,0.004897,172.31.46.0-255,66,38873,41,63325
25506,0.005459,172.31.46.0-255,66,38939,41,63325
25507,0.007288,172.31.46.0-255,66,39005,41,63325
25508,0.007353,172.217.194.0-255,5738,44743,41,63325
25509,0.007415,172.31.46.0-255,66,44809,41,63325
25510,0.007768,172.31.46.0-255,66,44875,41,63325
25511,0.007919,172.31.46.0-255,66,44941,41,63325
25512,0.007941,172.217.194.0-255,4580,49521,41,63325
25513,0.007944,172.31.46.0-255,66,49587,41,63325
25514,0.00815,172.217.194.0-255,1484,51071,41,63325
25515,0.008181,172.31.46.0-255,66,51137,41,63325
25516,0.008197,172.217.194.0-255,1484,52621,41,63325
25517,0.008581,172.31.46.0-255,66,52687,41,63325
25518,0.00861,172.31.46.0-255,66,52753,41,63325
25519,0.008964,172.217.194.0-255,5738,58491,41,63325
25520,0.008968,172.31.46.0-255,66,58557,41,63325
25521,0.008998,172.31.46.0-255,66,58623,41,63325
25522,0.009658,172.217.194.0-255,4636,63259,41,63325
25523,0.009666,172.31.46.0-255,66,63325,41,63325
25524,0.0,172.31.46.0-255,105,105,41,276
25525,0.001768,157.240.13.0-255,105,210,41,276
25526,0.001786,172.31.46.0-255,66,276,41,276
25527,0.0,172.217.194.0-255,296,296,41,180264
25528,2.5e-05,172.31.46.0-255,66,362,41,180264
25529,3.1e-05,172.217.194.0-255,1484,1846,41,180264
25530,3.5e-05,172.31.46.0-255,66,1912,41,180264
25531,5.2e-05,172.217.194.0-255,4320,6232,41,180264
25532,5.5e-05,172.31.46.0-255,66,6298,41,180264
25533,6.6e-05,172.31.46.0-255,66,6364,41,180264
25534,6.9e-05,172.217.194.0-255,495,6859,41,180264
25535,7.2e-05,172.31.46.0-255,66,6925,41,180264
25536,0.000157,172.217.194.0-255,1484,8409,41,180264
25537,0.000161,172.31.46.0-255,66,8475,41,180264
25538,0.000165,172.217.194.0-255,2902,11377,41,180264
25539,0.000168,172.31.46.0-255,66,11443,41,180264
25540,0.000179,172.217.194.0-255,4320,15763,41,180264
25541,0.000182,172.31.46.0-255,66,15829,41,180264
25542,0.000216,172.217.194.0-255,1484,17313,41,180264
25543,0.000218,172.31.46.0-255,66,17379,41,180264
25544,0.000224,172.217.194.0-255,4320,21699,41,180264
25545,0.000226,172.31.46.0-255,66,21765,41,180264
25546,0.000277,172.217.194.0-255,2543,24308,41,180264
25547,0.000279,172.31.46.0-255,66,24374,41,180264
25548,0.000354,172.217.194.0-255,1484,25858,41,180264
25549,0.000358,172.31.46.0-255,66,25924,41,180264
25550,0.000362,172.217.194.0-255,1484,27408,41,180264
25551,0.000365,172.31.46.0-255,66,27474,41,180264
25552,0.000383,172.217.194.0-255,1484,28958,41,180264
25553,0.00039,172.31.46.0-255,66,29024,41,180264
25554,0.000398,172.217.194.0-255,5738,34762,41,180264
25555,0.0004,172.31.46.0-255,66,34828,41,180264
25556,0.00041,172.31.46.0-255,66,34894,41,180264
25557,0.000451,172.217.194.0-255,1484,36378,41,180264
25558,0.000481,172.31.46.0-255,66,36444,41,180264
25559,0.000504,172.217.194.0-255,3961,40405,41,180264
25560,0.000507,172.31.46.0-255,66,40471,41,180264
25561,0.000673,172.217.194.0-255,645,41116,41,180264
25562,0.000789,172.217.194.0-255,1484,42600,41,180264
25563,0.000793,172.31.46.0-255,66,42666,41,180264
25564,0.000799,172.217.194.0-255,2902,45568,41,180264
25565,0.000801,172.31.46.0-255,66,45634,41,180264
25566,0.000804,172.217.194.0-255,1484,47118,41,180264
25567,0.000828,172.217.194.0-255,4320,51438,41,180264
25568,0.00083,172.31.46.0-255,66,51504,41,180264
25569,0.000835,172.217.194.0-255,2902,54406,41,180264
25570,0.000836,172.31.46.0-255,66,54472,41,180264
25571,0.000871,172.31.46.0-255,66,54538,41,180264
25572,0.000886,172.31.46.0-255,66,54604,41,180264
25573,0.001292,172.217.194.0-255,1484,56088,41,180264
25574,0.001297,172.217.194.0-255,2902,58990,41,180264
25575,0.0013,172.31.46.0-255,66,59056,41,180264
25576,0.001303,172.217.194.0-255,1484,60540,41,180264
25577,0.001322,172.217.194.0-255,4320,64860,41,180264
25578,0.001325,172.217.194.0-255,2902,67762,41,180264
25579,0.001329,172.31.46.0-255,66,67828,41,180264
25580,0.001332,172.31.46.0-255,66,67894,41,180264
25581,0.001344,172.31.46.0-255,66,67960,41,180264
25582,0.001361,172.217.194.0-255,2902,70862,41,180264
25583,0.001364,172.31.46.0-255,66,70928,41,180264
25584,0.001368,172.217.194.0-255,2902,73830,41,180264
25585,0.00137,172.31.46.0-255,66,73896,41,180264
25586,0.001408,172.31.46.0-255,66,73962,41,180264
25587,0.00143,172.217.194.0-255,1484,75446,41,180264
25588,0.001433,172.217.194.0-255,1484,76930,41,180264
25589,0.001434,172.31.46.0-255,66,76996,41,180264
25590,0.001455,172.217.194.0-255,1484,78480,41,180264
25591,0.001461,172.217.194.0-255,5738,84218,41,180264
25592,0.001463,172.31.46.0-255,66,84284,41,180264
25593,0.001466,172.217.194.0-255,1484,85768,41,180264
25594,0.001494,172.31.46.0-255,66,85834,41,180264
25595,0.001518,172.217.194.0-255,2902,88736,41,180264
25596,0.00152,172.31.46.0-255,66,88802,41,180264
25597,0.00155,172.31.46.0-255,66,88868,41,180264
25598,0.001579,172.31.46.0-255,66,88934,41,180264
25599,0.001605,172.217.194.0-255,4320,93254,41,180264
25600,0.001607,172.31.46.0-255,66,93320,41,180264
25601,0.001617,172.31.46.0-255,66,93386,41,180264
25602,0.001625,172.217.194.0-255,4320,97706,41,180264
25603,0.001628,172.31.46.0-255,66,97772,41,180264
25604,0.001675,172.31.46.0-255,66,97838,41,180264
25605,0.001689,172.31.46.0-255,66,97904,41,180264
25606,0.001701,172.31.46.0-255,66,97970,41,180264
25607,0.001768,172.31.46.0-255,66,98036,41,180264
25608,0.001789,172.217.194.0-255,1484,99520,41,180264
25609,0.001794,172.217.194.0-255,2902,102422,41,180264
25610,0.001797,172.31.46.0-255,66,102488,41,180264
25611,0.001825,172.217.194.0-255,5738,108226,41,180264
25612,0.001829,172.31.46.0-255,66,108292,41,180264
25613,0.001839,172.217.194.0-255,1484,109776,41,180264
25614,0.001866,172.217.194.0-255,5738,115514,41,180264
25615,0.001869,172.31.46.0-255,66,115580,41,180264
25616,0.001882,172.217.194.0-255,2902,118482,41,180264
25617,0.001889,172.31.46.0-255,66,118548,41,180264
25618,0.001919,172.217.194.0-255,5738,124286,41,180264
25619,0.001922,172.31.46.0-255,66,124352,41,180264
25620,0.001954,172.31.46.0-255,66,124418,41,180264
25621,0.001994,172.217.194.0-255,1484,125902,41,180264
25622,0.00201,172.217.194.0-255,2902,128804,41,180264
25623,0.002013,172.31.46.0-255,66,128870,41,180264
25624,0.002042,172.217.194.0-255,5738,134608,41,180264
25625,0.002046,172.31.46.0-255,66,134674,41,180264
25626,0.002056,172.31.46.0-255,66,134740,41,180264
25627,0.002101,172.31.46.0-255,66,134806,41,180264
25628,0.002129,172.217.194.0-255,2184,136990,41,180264
25629,0.002131,172.31.46.0-255,66,137056,41,180264
25630,0.002173,172.217.194.0-255,2902,139958,41,180264
25631,0.002176,172.31.46.0-255,66,140024,41,180264
25632,0.002182,172.217.194.0-255,2902,142926,41,180264
25633,0.002184,172.31.46.0-255,66,142992,41,180264
25634,0.002203,172.217.194.0-255,1484,144476,41,180264
25635,0.002219,172.31.46.0-255,66,144542,41,180264
25636,0.00223,172.217.194.0-255,1484,146026,41,180264
25637,0.002253,172.217.194.0-255,5738,151764,41,180264
25638,0.00226,172.217.194.0-255,5738,157502,41,180264
25639,0.002265,172.31.46.0-255,66,157568,41,180264
25640,0.002273,172.31.46.0-255,66,157634,41,180264
25641,0.002281,172.217.194.0-255,2902,160536,41,180264
25642,0.002284,172.31.46.0-255,66,160602,41,180264
25643,0.002288,172.217.194.0-255,2184,162786,41,180264
25644,0.002291,172.31.46.0-255,66,162852,41,180264
25645,0.00455,172.217.194.0-255,5738,168590,41,180264
25646,0.004558,172.31.46.0-255,66,168656,41,180264
25647,0.006835,172.217.194.0-255,5738,174394,41,180264
25648,0.006848,172.31.46.0-255,66,174460,41,180264
25649,0.009127,172.217.194.0-255,5738,180198,41,180264
25650,0.00914,172.31.46.0-255,66,180264,41,180264
25651,0.0,74.125.24.0-255,151,151,41,124110
25652,1.3e-05,172.31.46.0-255,66,217,41,124110
25653,3.3e-05,74.125.24.0-255,1484,1701,41,124110
25654,3.7e-05,172.31.46.0-255,66,1767,41,124110
25655,5.5e-05,74.125.24.0-255,1484,3251,41,124110
25656,5.8e-05,172.31.46.0-255,66,3317,41,124110
25657,7.9e-05,74.125.24.0-255,1484,4801,41,124110
25658,8.1e-05,172.31.46.0-255,66,4867,41,124110
25659,9e-05,172.31.46.0-255,66,4933,41,124110
25660,9.7e-05,74.125.24.0-255,2094,7027,41,124110
25661,0.0001,172.31.46.0-255,66,7093,41,124110
25662,0.000215,74.125.24.0-255,1484,8577,41,124110
25663,0.000222,172.31.46.0-255,66,8643,41,124110
25664,0.000227,74.125.24.0-255,2902,11545,41,124110
25665,0.00023,172.31.46.0-255,66,11611,41,124110
25666,0.000241,74.125.24.0-255,5738,17349,41,124110
25667,0.000244,172.31.46.0-255,66,17415,41,124110
25668,0.000277,172.31.46.0-255,66,17481,41,124110
25669,0.00046,74.125.24.0-255,1484,18965,41,124110
25670,0.000465,172.31.46.0-255,66,19031,41,124110
25671,0.000471,74.125.24.0-255,2902,21933,41,124110
25672,0.000474,172.31.46.0-255,66,21999,41,124110
25673,0.000504,74.125.24.0-255,5738,27737,41,124110
25674,0.000508,172.31.46.0-255,66,27803,41,124110
25675,0.000521,74.125.24.0-255,1484,29287,41,124110
25676,0.000527,172.31.46.0-255,66,29353,41,124110
25677,0.000571,172.31.46.0-255,66,29419,41,124110
25678,0.000587,172.31.46.0-255,66,29485,41,124110
25679,0.000591,74.125.24.0-255,3961,33446,41,124110
25680,0.000595,172.31.46.0-255,66,33512,41,124110
25681,0.000617,74.125.24.0-255,410,33922,41,124110
25682,0.000649,74.125.24.0-255,334,34256,41,124110
25683,0.000951,74.125.24.0-255,1484,35740,41,124110
25684,0.000956,172.31.46.0-255,66,35806,41,124110
25685,0.000961,74.125.24.0-255,2902,38708,41,124110
25686,0.000964,172.31.46.0-255,66,38774,41,124110
25687,0.000975,74.125.24.0-255,5738,44512,41,124110
25688,0.000978,172.31.46.0-255,66,44578,41,124110
25689,0.001029,172.31.46.0-255,66,44644,41,124110
25690,0.00105,172.31.46.0-255,66,44710,41,124110
25691,0.001233,74.125.24.0-255,1484,46194,41,124110
25692,0.001249,74.125.24.0-255,2902,49096,41,124110
25693,0.001252,172.31.46.0-255,66,49162,41,124110
25694,0.001258,74.125.24.0-255,4320,53482,41,124110
25695,0.00126,172.31.46.0-255,66,53548,41,124110
25696,0.001281,74.125.24.0-255,1484,55032,41,124110
25697,0.001294,172.31.46.0-255,66,55098,41,124110
25698,0.001299,74.125.24.0-255,2902,58000,41,124110
25699,0.001302,172.31.46.0-255,66,58066,41,124110
25700,0.001344,172.31.46.0-255,66,58132,41,124110
25701,0.001566,74.125.24.0-255,1484,59616,41,124110
25702,0.001582,74.125.24.0-255,2902,62518,41,124110
25703,0.00159,172.31.46.0-255,66,62584,41,124110
25704,0.001603,74.125.24.0-255,2902,65486,41,124110
25705,0.00161,172.31.46.0-255,66,65552,41,124110
25706,0.001626,74.125.24.0-255,2902,68454,41,124110
25707,0.001628,172.31.46.0-255,66,68520,41,124110
25708,0.001646,172.31.46.0-255,66,68586,41,124110
25709,0.001652,74.125.24.0-255,5738,74324,41,124110
25710,0.001655,172.31.46.0-255,66,74390,41,124110
25711,0.001695,74.125.24.0-255,5020,79410,41,124110
25712,0.001699,172.31.46.0-255,66,79476,41,124110
25713,0.001838,74.125.24.0-255,1484,80960,41,124110
25714,0.001844,74.125.24.0-255,2902,83862,41,124110
25715,0.001847,172.31.46.0-255,66,83928,41,124110
25716,0.001888,74.125.24.0-255,2902,86830,41,124110
25717,0.001891,172.31.46.0-255,66,86896,41,124110
25718,0.001922,74.125.24.0-255,2902,89798,41,124110
25719,0.001924,172.31.46.0-255,66,89864,41,124110
25720,0.001938,172.31.46.0-255,66,89930,41,124110
25721,0.001951,172.31.46.0-255,66,89996,41,124110
25722,0.001968,172.31.46.0-255,66,90062,41,124110
25723,0.002016,74.125.24.0-255,5020,95082,41,124110
25724,0.00202,172.31.46.0-255,66,95148,41,124110
25725,0.002038,172.31.46.0-255,66,95214,41,124110
25726,0.002043,74.125.24.0-255,3602,98816,41,124110
25727,0.002045,172.31.46.0-255,66,98882,41,124110
25728,0.00205,74.125.24.0-255,4320,103202,41,124110
25729,0.002052,172.31.46.0-255,66,103268,41,124110
25730,0.002064,172.31.46.0-255,66,103334,41,124110
25731,0.002073,74.125.24.0-255,2902,106236,41,124110
25732,0.002076,172.31.46.0-255,66,106302,41,124110
25733,0.004078,74.125.24.0-255,2902,109204,41,124110
25734,0.004085,172.31.46.0-255,66,109270,41,124110
25735,0.004113,74.125.24.0-255,2902,112172,41,124110
25736,0.004116,172.31.46.0-255,66,112238,41,124110
25737,0.006108,74.125.24.0-255,2902,115140,41,124110
25738,0.006117,172.31.46.0-255,66,115206,41,124110
25739,0.006143,74.125.24.0-255,2902,118108,41,124110
25740,0.006145,172.31.46.0-255,66,118174,41,124110
25741,0.008161,74.125.24.0-255,2902,121076,41,124110
25742,0.008167,172.31.46.0-255,66,121142,41,124110
25743,0.0082,74.125.24.0-255,2902,124044,41,124110
25744,0.008203,172.31.46.0-255,66,124110,41,124110
25745,0.0,172.31.46.0-255,105,105,41,276
25746,0.002095,157.240.13.0-255,105,210,41,276
25747,0.00211,172.31.46.0-255,66,276,41,276
25748,0.0,172.217.160.0-255,153,153,41,94756
25749,2.4e-05,172.31.46.0-255,66,219,41,94756
25750,3.1e-05,172.217.160.0-255,1484,1703,41,94756
25751,3.6e-05,172.31.46.0-255,66,1769,41,94756
25752,4.1e-05,172.217.160.0-255,2902,4671,41,94756
25753,4.4e-05,172.31.46.0-255,66,4737,41,94756
25754,5.6e-05,172.31.46.0-255,66,4803,41,94756
25755,6.1e-05,172.217.160.0-255,1937,6740,41,94756
25756,6.3e-05,172.31.46.0-255,66,6806,41,94756
25757,0.000285,172.217.160.0-255,1484,8290,41,94756
25758,0.000291,172.31.46.0-255,66,8356,41,94756
25759,0.000298,172.217.160.0-255,2902,11258,41,94756
25760,0.000302,172.31.46.0-255,66,11324,41,94756
25761,0.000309,172.217.160.0-255,5738,17062,41,94756
25762,0.000312,172.31.46.0-255,66,17128,41,94756
25763,0.000317,172.217.160.0-255,4320,21448,41,94756
25764,0.000319,172.31.46.0-255,66,21514,41,94756
25765,0.000359,172.217.160.0-255,2543,24057,41,94756
25766,0.000361,172.31.46.0-255,66,24123,41,94756
25767,0.000537,172.217.160.0-255,1484,25607,41,94756
25768,0.000542,172.217.160.0-255,2902,28509,41,94756
25769,0.000546,172.217.160.0-255,2902,31411,41,94756
25770,0.00055,172.31.46.0-255,66,31477,41,94756
25771,0.000554,172.31.46.0-255,66,31543,41,94756
25772,0.00056,172.31.46.0-255,66,31609,41,94756
25773,0.000563,172.217.160.0-255,2902,34511,41,94756
25774,0.000565,172.31.46.0-255,66,34577,41,94756
25775,0.000574,172.31.46.0-255,66,34643,41,94756
25776,0.001679,172.217.160.0-255,1484,36127,41,94756
25777,0.001685,172.31.46.0-255,66,36193,41,94756
25778,0.001694,172.217.160.0-255,2902,39095,41,94756
25779,0.001696,172.31.46.0-255,66,39161,41,94756
25780,0.001702,172.217.160.0-255,5738,44899,41,94756
25781,0.001704,172.31.46.0-255,66,44965,41,94756
25782,0.001709,172.217.160.0-255,4320,49285,41,94756
25783,0.001711,172.31.46.0-255,66,49351,41,94756
25784,0.001736,172.217.160.0-255,3124,52475,41,94756
25785,0.001738,172.31.46.0-255,66,52541,41,94756
25786,0.001768,172.217.160.0-255,1484,54025,41,94756
25787,0.001784,172.217.160.0-255,2902,56927,41,94756
25788,0.001786,172.31.46.0-255,66,56993,41,94756
25789,0.00179,172.217.160.0-255,2902,59895,41,94756
25790,0.001792,172.31.46.0-255,66,59961,41,94756
25791,0.001813,172.217.160.0-255,2902,62863,41,94756
25792,0.001815,172.31.46.0-255,66,62929,41,94756
25793,0.00182,172.217.160.0-255,4320,67249,41,94756
25794,0.001821,172.31.46.0-255,66,67315,41,94756
25795,0.001851,172.217.160.0-255,2543,69858,41,94756
25796,0.001853,172.31.46.0-255,66,69924,41,94756
25797,0.001861,172.31.46.0-255,66,69990,41,94756
25798,0.001863,172.217.160.0-255,1484,71474,41,94756
25799,0.001901,172.31.46.0-255,66,71540,41,94756
25800,0.003817,172.217.160.0-255,5738,77278,41,94756
25801,0.003821,172.31.46.0-255,66,77344,41,94756
25802,0.005739,172.217.160.0-255,5738,83082,41,94756
25803,0.005745,172.31.46.0-255,66,83148,41,94756
25804,0.007659,172.217.160.0-255,5738,88886,41,94756
25805,0.007665,172.31.46.0-255,66,88952,41,94756
25806,0.009582,172.217.160.0-255,5738,94690,41,94756
25807,0.009591,172.31.46.0-255,66,94756,41,94756
25808,0.0,74.125.24.0-255,152,152,41,109286
25809,2e-05,172.31.46.0-255,66,218,41,109286
25810,2.6e-05,74.125.24.0-255,1484,1702,41,109286
25811,3.1e-05,172.31.46.0-255,66,1768,41,109286
25812,3.6e-05,74.125.24.0-255,2902,4670,41,109286
25813,3.9e-05,172.31.46.0-255,66,4736,41,109286
25814,4.9e-05,172.31.46.0-255,66,4802,41,109286
25815,5.2e-05,74.125.24.0-255,1484,6286,41,109286
25816,5.4e-05,172.31.46.0-255,66,6352,41,109286
25817,5.9e-05,74.125.24.0-255,2902,9254,41,109286
25818,6.1e-05,172.31.46.0-255,66,9320,41,109286
25819,9.1e-05,172.31.46.0-255,66,9386,41,109286
25820,9.9e-05,172.31.46.0-255,66,9452,41,109286
25821,0.000174,74.125.24.0-255,1484,10936,41,109286
25822,0.000177,172.31.46.0-255,66,11002,41,109286
25823,0.000181,74.125.24.0-255,2902,13904,41,109286
25824,0.000183,172.31.46.0-255,66,13970,41,109286
25825,0.000201,74.125.24.0-255,5738,19708,41,109286
25826,0.000203,172.31.46.0-255,66,19774,41,109286
25827,0.000237,172.31.46.0-255,66,19840,41,109286
25828,0.00025,74.125.24.0-255,3961,23801,41,109286
25829,0.000252,172.31.46.0-255,66,23867,41,109286
25830,0.000254,74.125.24.0-255,1484,25351,41,109286
25831,0.000256,172.31.46.0-255,66,25417,41,109286
25832,0.000299,74.125.24.0-255,4320,29737,41,109286
25833,0.000301,172.31.46.0-255,66,29803,41,109286
25834,0.00032,74.125.24.0-255,4270,34073,41,109286
25835,0.000322,172.31.46.0-255,66,34139,41,109286
25836,0.000324,74.125.24.0-255,379,34518,41,109286
25837,0.000684,74.125.24.0-255,1484,36002,41,109286
25838,0.000689,172.31.46.0-255,66,36068,41,109286
25839,0.000694,74.125.24.0-255,2902,38970,41,109286
25840,0.000696,172.31.46.0-255,66,39036,41,109286
25841,0.000701,74.125.24.0-255,4320,43356,41,109286
25842,0.000703,172.31.46.0-255,66,43422,41,109286
25843,0.000719,74.125.24.0-255,1484,44906,41,109286
25844,0.000722,74.125.24.0-255,1484,46390,41,109286
25845,0.000733,172.31.46.0-255,66,46456,41,109286
25846,0.000735,172.31.46.0-255,66,46522,41,109286
25847,0.000765,74.125.24.0-255,2902,49424,41,109286
25848,0.000768,172.31.46.0-255,66,49490,41,109286
25849,0.000794,172.31.46.0-255,66,49556,41,109286
25850,0.000929,74.125.24.0-255,1484,51040,41,109286
25851,0.000942,74.125.24.0-255,2902,53942,41,109286
25852,0.000945,172.31.46.0-255,66,54008,41,109286
25853,0.000968,74.125.24.0-255,5738,59746,41,109286
25854,0.000971,172.31.46.0-255,66,59812,41,109286
25855,0.000975,74.125.24.0-255,4320,64132,41,109286
25856,0.000977,172.31.46.0-255,66,64198,41,109286
25857,0.001006,74.125.24.0-255,5738,69936,41,109286
25858,0.001008,172.31.46.0-255,66,70002,41,109286
25859,0.001034,74.125.24.0-255,5738,75740,41,109286
25860,0.001037,172.31.46.0-255,66,75806,41,109286
25861,0.001046,172.31.46.0-255,66,75872,41,109286
25862,0.001162,74.125.24.0-255,1484,77356,41,109286
25863,0.001167,74.125.24.0-255,2902,80258,41,109286
25864,0.00117,172.31.46.0-255,66,80324,41,109286
25865,0.001191,74.125.24.0-255,5738,86062,41,109286
25866,0.001194,172.31.46.0-255,66,86128,41,109286
25867,0.00121,74.125.24.0-255,1484,87612,41,109286
25868,0.001231,172.31.46.0-255,66,87678,41,109286
25869,0.001257,74.125.24.0-255,1484,89162,41,109286
25870,0.001283,172.31.46.0-255,66,89228,41,109286
25871,0.001314,74.125.24.0-255,2184,91412,41,109286
25872,0.001316,172.31.46.0-255,66,91478,41,109286
25873,0.00355,74.125.24.0-255,2902,94380,41,109286
25874,0.003556,172.31.46.0-255,66,94446,41,109286
25875,0.003584,74.125.24.0-255,2902,97348,41,109286
25876,0.003586,172.31.46.0-255,66,97414,41,109286
25877,0.005833,74.125.24.0-255,2902,100316,41,109286
25878,0.00584,172.31.46.0-255,66,100382,41,109286
25879,0.005874,74.125.24.0-255,2902,103284,41,109286
25880,0.005877,172.31.46.0-255,66,103350,41,109286
25881,0.008122,74.125.24.0-255,2902,106252,41,109286
25882,0.00813,172.31.46.0-255,66,106318,41,109286
25883,0.008173,74.125.24.0-255,2902,109220,41,109286
25884,0.008176,172.31.46.0-255,66,109286,41,109286
25885,0.0,74.125.24.0-255,152,152,41,46216
25886,3.6e-05,172.31.46.0-255,66,218,41,46216
25887,4.3e-05,74.125.24.0-255,1484,1702,41,46216
25888,4.7e-05,172.31.46.0-255,66,1768,41,46216
25889,5.2e-05,74.125.24.0-255,2902,4670,41,46216
25890,5.5e-05,172.31.46.0-255,66,4736,41,46216
25891,6e-05,74.125.24.0-255,2902,7638,41,46216
25892,6.2e-05,172.31.46.0-255,66,7704,41,46216
25893,7.3e-05,172.31.46.0-255,66,7770,41,46216
25894,0.000111,172.31.46.0-255,66,7836,41,46216
25895,0.000127,74.125.24.0-255,2543,10379,41,46216
25896,0.000129,172.31.46.0-255,66,10445,41,46216
25897,0.000275,74.125.24.0-255,1484,11929,41,46216
25898,0.00028,172.31.46.0-255,66,11995,41,46216
25899,0.000285,74.125.24.0-255,2902,14897,41,46216
25900,0.000287,172.31.46.0-255,66,14963,41,46216
25901,0.000298,74.125.24.0-255,5738,20701,41,46216
25902,0.0003,172.31.46.0-255,66,20767,41,46216
25903,0.000325,74.125.24.0-255,5738,26505,41,46216
25904,0.000329,172.31.46.0-255,66,26571,41,46216
25905,0.000355,172.31.46.0-255,66,26637,41,46216
25906,0.000387,172.31.46.0-255,66,26703,41,46216
25907,0.000407,74.125.24.0-255,2543,29246,41,46216
25908,0.00041,172.31.46.0-255,66,29312,41,46216
25909,0.003306,74.125.24.0-255,646,29958,41,46216
25910,0.00332,172.31.46.0-255,66,30024,41,46216
25911,0.00342,74.125.24.0-255,1484,31508,41,46216
25912,0.003426,172.31.46.0-255,66,31574,41,46216
25913,0.003432,74.125.24.0-255,2902,34476,41,46216
25914,0.003434,172.31.46.0-255,66,34542,41,46216
25915,0.005911,74.125.24.0-255,1484,36026,41,46216
25916,0.006027,74.125.24.0-255,4320,40346,41,46216
25917,0.006032,172.31.46.0-255,66,40412,41,46216
25918,0.008634,74.125.24.0-255,5738,46150,41,46216
25919,0.008642,172.31.46.0-255,66,46216,41,46216
25920,0.0,74.125.200.0-255,292,292,41,141518
25921,2.3e-05,172.31.46.0-255,66,358,41,141518
25922,3e-05,74.125.200.0-255,1484,1842,41,141518
25923,3.5e-05,172.31.46.0-255,66,1908,41,141518
25924,4e-05,74.125.200.0-255,2902,4810,41,141518
25925,4.4e-05,172.31.46.0-255,66,4876,41,141518
25926,6.7e-05,74.125.200.0-255,1484,6360,41,141518
25927,6.9e-05,172.31.46.0-255,66,6426,41,141518
25928,7.4e-05,74.125.200.0-255,2902,9328,41,141518
25929,7.7e-05,172.31.46.0-255,66,9394,41,141518
25930,0.000121,74.125.200.0-255,4320,13714,41,141518
25931,0.000124,172.31.46.0-255,66,13780,41,141518
25932,0.000142,74.125.200.0-255,2006,15786,41,141518
25933,0.000144,172.31.46.0-255,66,15852,41,141518
25934,0.000154,172.31.46.0-255,66,15918,41,141518
25935,0.000176,74.125.200.0-255,2902,18820,41,141518
25936,0.000178,172.31.46.0-255,66,18886,41,141518
25937,0.000183,74.125.200.0-255,4320,23206,41,141518
25938,0.000186,172.31.46.0-255,66,23272,41,141518
25939,0.000211,74.125.200.0-255,1125,24397,41,141518
25940,0.000213,172.31.46.0-255,66,24463,41,141518
25941,0.000492,74.125.200.0-255,1484,25947,41,141518
25942,0.000498,172.31.46.0-255,66,26013,41,141518
25943,0.000523,74.125.200.0-255,2902,28915,41,141518
25944,0.000526,172.31.46.0-255,66,28981,41,141518
25945,0.000531,74.125.200.0-255,4320,33301,41,141518
25946,0.000534,172.31.46.0-255,66,33367,41,141518
25947,0.000539,74.125.200.0-255,2902,36269,41,141518
25948,0.000541,172.31.46.0-255,66,36335,41,141518
25949,0.000565,74.125.200.0-255,2902,39237,41,141518
25950,0.000569,172.31.46.0-255,66,39303,41,141518
25951,0.000575,74.125.200.0-255,5379,44682,41,141518
25952,0.000581,74.125.200.0-255,2902,47584,41,141518
25953,0.000593,74.125.200.0-255,2902,50486,41,141518
25954,0.0006,172.31.46.0-255,66,50552,41,141518
25955,0.000619,74.125.200.0-255,4320,54872,41,141518
25956,0.00063,172.31.46.0-255,66,54938,41,141518
25957,0.000641,74.125.200.0-255,4286,59224,41,141518
25958,0.000643,74.125.200.0-255,330,59554,41,141518
25959,0.00067,172.31.46.0-255,66,59620,41,141518
25960,0.000911,74.125.200.0-255,1484,61104,41,141518
25961,0.000918,74.125.200.0-255,2902,64006,41,141518
25962,0.000932,172.31.46.0-255,66,64072,41,141518
25963,0.000943,74.125.200.0-255,5738,69810,41,141518
25964,0.000954,172.31.46.0-255,66,69876,41,141518
25965,0.000976,74.125.200.0-255,4320,74196,41,141518
25966,0.000987,172.31.46.0-255,66,74262,41,141518
25967,0.001,172.31.46.0-255,66,74328,41,141518
25968,0.001007,74.125.200.0-255,1484,75812,41,141518
25969,0.001013,74.125.200.0-255,5738,81550,41,141518
25970,0.001028,74.125.200.0-255,1484,83034,41,141518
25971,0.001044,74.125.200.0-255,3602,86636,41,141518
25972,0.001054,172.31.46.0-255,66,86702,41,141518
25973,0.001499,74.125.200.0-255,1484,88186,41,141518
25974,0.001515,74.125.200.0-255,2902,91088,41,141518
25975,0.001518,172.31.46.0-255,66,91154,41,141518
25976,0.001542,74.125.200.0-255,1484,92638,41,141518
25977,0.001568,74.125.200.0-255,4320,96958,41,141518
25978,0.001572,74.125.200.0-255,2902,99860,41,141518
25979,0.001577,74.125.200.0-255,4320,104180,41,141518
25980,0.001579,74.125.200.0-255,1484,105664,41,141518
25981,0.001592,74.125.200.0-255,1484,107148,41,141518
25982,0.001597,74.125.200.0-255,4320,111468,41,141518
25983,0.001621,74.125.200.0-255,4320,115788,41,141518
25984,0.00164,74.125.200.0-255,4320,120108,41,141518
25985,0.001643,74.125.200.0-255,766,120874,41,141518
25986,0.001652,172.31.46.0-255,66,120940,41,141518
25987,0.002034,74.125.200.0-255,1484,122424,41,141518
25988,0.002053,74.125.200.0-255,2902,125326,41,141518
25989,0.002057,172.31.46.0-255,66,125392,41,141518
25990,0.003729,74.125.200.0-255,1484,126876,41,141518
25991,0.004099,74.125.200.0-255,4320,131196,41,141518
25992,0.005162,172.31.46.0-255,66,131262,41,141518
25993,0.007198,74.125.200.0-255,4320,135582,41,141518
25994,0.007204,172.31.46.0-255,66,135648,41,141518
25995,0.007224,74.125.200.0-255,1484,137132,41,141518
25996,0.009253,74.125.200.0-255,4320,141452,41,141518
25997,0.00926,172.31.46.0-255,66,141518,41,141518
25998,0.0,172.253.118.0-255,810,810,41,61434
25999,8e-06,172.253.118.0-255,1484,2294,41,61434
26000,1.3e-05,172.31.46.0-255,66,2360,41,61434
26001,2e-05,172.253.118.0-255,4320,6680,41,61434
26002,2.3e-05,172.31.46.0-255,66,6746,41,61434
26003,0.000179,172.253.118.0-255,2902,9648,41,61434
26004,0.000184,172.31.46.0-255,66,9714,41,61434
26005,0.000212,172.253.118.0-255,4368,14082,41,61434
26006,0.000216,172.31.46.0-255,66,14148,41,61434
26007,0.000476,172.31.46.0-255,66,14214,41,61434
26008,0.00082,172.31.46.0-255,66,14280,41,61434
26009,0.002306,172.253.118.0-255,5738,20018,41,61434
26010,0.002313,172.31.46.0-255,66,20084,41,61434
26011,0.002451,172.253.118.0-255,4320,24404,41,61434
26012,0.002913,172.253.118.0-255,4320,28724,41,61434
26013,0.003657,172.253.118.0-255,1484,30208,41,61434
26014,0.004598,172.253.118.0-255,2902,33110,41,61434
26015,0.005052,172.31.46.0-255,66,33176,41,61434
26016,0.005444,172.31.46.0-255,66,33242,41,61434
26017,0.007329,172.253.118.0-255,5738,38980,41,61434
26018,0.007336,172.31.46.0-255,66,39046,41,61434
26019,0.007425,172.253.118.0-255,2902,41948,41,61434
26020,0.007713,172.253.118.0-255,5830,47778,41,61434
26021,0.007732,172.253.118.0-255,1484,49262,41,61434
26022,0.008021,172.253.118.0-255,2048,51310,41,61434
26023,0.009652,172.253.118.0-255,4320,55630,41,61434
26024,0.009664,172.253.118.0-255,2902,58532,41,61434
26025,0.009676,172.253.118.0-255,2902,61434,41,61434
26026,0.0,172.217.27.0-255,145,145,41,94237
26027,2.3e-05,172.31.46.0-255,66,211,41,94237
26028,3.1e-05,172.217.27.0-255,1484,1695,41,94237
26029,3.5e-05,172.31.46.0-255,66,1761,41,94237
26030,4.9e-05,172.217.27.0-255,2902,4663,41,94237
26031,5.2e-05,172.31.46.0-255,66,4729,41,94237
26032,6.5e-05,172.31.46.0-255,66,4795,41,94237
26033,8e-05,172.31.46.0-255,66,4861,41,94237
26034,0.000114,172.31.46.0-255,66,4927,41,94237
26035,0.000409,172.217.27.0-255,1484,6411,41,94237
26036,0.000416,172.31.46.0-255,66,6477,41,94237
26037,0.000423,172.217.27.0-255,2902,9379,41,94237
26038,0.000425,172.31.46.0-255,66,9445,41,94237
26039,0.000431,172.217.27.0-255,4320,13765,41,94237
26040,0.000439,172.31.46.0-255,66,13831,41,94237
26041,0.000474,172.217.27.0-255,1484,15315,41,94237
26042,0.000477,172.31.46.0-255,66,15381,41,94237
26043,0.000482,172.217.27.0-255,2902,18283,41,94237
26044,0.000484,172.31.46.0-255,66,18349,41,94237
26045,0.00049,172.217.27.0-255,3961,22310,41,94237
26046,0.000497,172.31.46.0-255,66,22376,41,94237
26047,0.000509,172.31.46.0-255,66,22442,41,94237
26048,0.000514,172.217.27.0-255,4320,26762,41,94237
26049,0.000517,172.31.46.0-255,66,26828,41,94237
26050,0.000557,172.217.27.0-255,4269,31097,41,94237
26051,0.00056,172.31.46.0-255,66,31163,41,94237
26052,0.00122,172.217.27.0-255,347,31510,41,94237
26053,0.001225,172.31.46.0-255,66,31576,41,94237
26054,0.001417,172.217.27.0-255,1484,33060,41,94237
26055,0.001423,172.217.27.0-255,1484,34544,41,94237
26056,0.001426,172.31.46.0-255,66,34610,41,94237
26057,0.001455,172.217.27.0-255,1484,36094,41,94237
26058,0.001463,172.217.27.0-255,5738,41832,41,94237
26059,0.001465,172.31.46.0-255,66,41898,41,94237
26060,0.001472,172.217.27.0-255,4320,46218,41,94237
26061,0.001474,172.31.46.0-255,66,46284,41,94237
26062,0.00151,172.31.46.0-255,66,46350,41,94237
26063,0.001516,172.217.27.0-255,4320,50670,41,94237
26064,0.001519,172.31.46.0-255,66,50736,41,94237
26065,0.00155,172.217.27.0-255,5379,56115,41,94237
26066,0.001552,172.31.46.0-255,66,56181,41,94237
26067,0.001615,172.217.27.0-255,1484,57665,41,94237
26068,0.001619,172.217.27.0-255,1484,59149,41,94237
26069,0.001622,172.31.46.0-255,66,59215,41,94237
26070,0.00165,172.217.27.0-255,1484,60699,41,94237
26071,0.00166,172.217.27.0-255,5738,66437,41,94237
26072,0.001663,172.31.46.0-255,66,66503,41,94237
26073,0.001673,172.31.46.0-255,66,66569,41,94237
26074,0.001706,172.217.27.0-255,5738,72307,41,94237
26075,0.001709,172.31.46.0-255,66,72373,41,94237
26076,0.003357,172.217.27.0-255,5738,78111,41,94237
26077,0.003364,172.31.46.0-255,66,78177,41,94237
26078,0.005036,172.217.27.0-255,4320,82497,41,94237
26079,0.005041,172.31.46.0-255,66,82563,41,94237
26080,0.005064,172.217.27.0-255,1484,84047,41,94237
26081,0.006693,172.217.27.0-255,4320,88367,41,94237
26082,0.006701,172.31.46.0-255,66,88433,41,94237
26083,0.008349,172.217.27.0-255,5738,94171,41,94237
26084,0.008356,172.31.46.0-255,66,94237,41,94237
26085,0.0,172.31.46.0-255,66,66,41,66
26086,0.0,74.125.130.0-255,146,146,41,123016
26087,2.1e-05,172.31.46.0-255,66,212,41,123016
26088,2.8e-05,74.125.130.0-255,1484,1696,41,123016
26089,3.4e-05,172.31.46.0-255,66,1762,41,123016
26090,4e-05,74.125.130.0-255,2902,4664,41,123016
26091,4.4e-05,172.31.46.0-255,66,4730,41,123016
26092,4.7e-05,74.125.130.0-255,1484,6214,41,123016
26093,5e-05,172.31.46.0-255,66,6280,41,123016
26094,5.5e-05,74.125.130.0-255,2902,9182,41,123016
26095,5.8e-05,172.31.46.0-255,66,9248,41,123016
26096,9.8e-05,74.125.130.0-255,4883,14131,41,123016
26097,0.000101,172.31.46.0-255,66,14197,41,123016
26098,0.000141,74.125.130.0-255,5738,19935,41,123016
26099,0.000144,172.31.46.0-255,66,20001,41,123016
26100,0.000196,74.125.130.0-255,2902,22903,41,123016
26101,0.000199,172.31.46.0-255,66,22969,41,123016
26102,0.000235,74.125.130.0-255,5738,28707,41,123016
26103,0.000239,172.31.46.0-255,66,28773,41,123016
26104,0.000257,74.125.130.0-255,2543,31316,41,123016
26105,0.000259,172.31.46.0-255,66,31382,41,123016
26106,0.000322,74.125.130.0-255,5738,37120,41,123016
26107,0.000326,172.31.46.0-255,66,37186,41,123016
26108,0.00034,74.125.130.0-255,2902,40088,41,123016
26109,0.000342,172.31.46.0-255,66,40154,41,123016
26110,0.000434,74.125.130.0-255,4320,44474,41,123016
26111,0.000438,172.31.46.0-255,66,44540,41,123016
26112,0.000458,74.125.130.0-255,3961,48501,41,123016
26113,0.000461,172.31.46.0-255,66,48567,41,123016
26114,0.000637,74.125.130.0-255,1484,50051,41,123016
26115,0.000643,172.31.46.0-255,66,50117,41,123016
26116,0.000653,74.125.130.0-255,2902,53019,41,123016
26117,0.000656,172.31.46.0-255,66,53085,41,123016
26118,0.000659,74.125.130.0-255,1484,54569,41,123016
26119,0.000684,74.125.130.0-255,4320,58889,41,123016
26120,0.000687,172.31.46.0-255,66,58955,41,123016
26121,0.000734,172.31.46.0-255,66,59021,41,123016
26122,0.000814,74.125.130.0-255,645,59666,41,123016
26123,0.001568,74.125.130.0-255,1484,61150,41,123016
26124,0.001576,172.31.46.0-255,66,61216,41,123016
26125,0.001583,74.125.130.0-255,2902,64118,41,123016
26126,0.001586,172.31.46.0-255,66,64184,41,123016
26127,0.001592,74.125.130.0-255,5738,69922,41,123016
26128,0.001595,172.31.46.0-255,66,69988,41,123016
26129,0.001644,74.125.130.0-255,1484,71472,41,123016
26130,0.001656,74.125.130.0-255,1484,72956,41,123016
26131,0.001658,172.31.46.0-255,66,73022,41,123016
26132,0.00168,74.125.130.0-255,4320,77342,41,123016
26133,0.001682,172.31.46.0-255,66,77408,41,123016
26134,0.001736,172.31.46.0-255,66,77474,41,123016
26135,0.001752,74.125.130.0-255,1484,78958,41,123016
26136,0.001817,74.125.130.0-255,1484,80442,41,123016
26137,0.001819,172.31.46.0-255,66,80508,41,123016
26138,0.001846,172.31.46.0-255,66,80574,41,123016
26139,0.001905,74.125.130.0-255,1484,82058,41,123016
26140,0.001923,74.125.130.0-255,2902,84960,41,123016
26141,0.001925,172.31.46.0-255,66,85026,41,123016
26142,0.001966,74.125.130.0-255,5738,90764,41,123016
26143,0.001969,172.31.46.0-255,66,90830,41,123016
26144,0.002014,74.125.130.0-255,1484,92314,41,123016
26145,0.002034,74.125.130.0-255,5738,98052,41,123016
26146,0.002036,172.31.46.0-255,66,98118,41,123016
26147,0.002049,74.125.130.0-255,2902,101020,41,123016
26148,0.002052,172.31.46.0-255,66,101086,41,123016
26149,0.002116,74.125.130.0-255,1484,102570,41,123016
26150,0.002141,74.125.130.0-255,2902,105472,41,123016
26151,0.002144,172.31.46.0-255,66,105538,41,123016
26152,0.002174,172.31.46.0-255,66,105604,41,123016
26153,0.004393,74.125.130.0-255,5738,111342,41,123016
26154,0.004401,172.31.46.0-255,66,111408,41,123016
26155,0.006632,74.125.130.0-255,5738,117146,41,123016
26156,0.00664,172.31.46.0-255,66,117212,41,123016
26157,0.008865,74.125.130.0-255,5738,122950,41,123016
26158,0.008874,172.31.46.0-255,66,123016,41,123016
26159,0.0,172.217.194.0-255,146,146,41,163800
26160,2.3e-05,172.31.46.0-255,66,212,41,163800
26161,3e-05,172.217.194.0-255,1484,1696,41,163800
26162,3.6e-05,172.31.46.0-255,66,1762,41,163800
26163,4.1e-05,172.217.194.0-255,2902,4664,41,163800
26164,4.5e-05,172.31.46.0-255,66,4730,41,163800
26165,4.8e-05,172.217.194.0-255,1484,6214,41,163800
26166,5.1e-05,172.31.46.0-255,66,6280,41,163800
26167,5.9e-05,172.217.194.0-255,5738,12018,41,163800
26168,6.2e-05,172.31.46.0-255,66,12084,41,163800
26169,8.8e-05,172.217.194.0-255,2040,14124,41,163800
26170,9e-05,172.31.46.0-255,66,14190,41,163800
26171,0.000123,172.217.194.0-255,1484,15674,41,163800
26172,0.000126,172.31.46.0-255,66,15740,41,163800
26173,0.000145,172.217.194.0-255,1484,17224,41,163800
26174,0.000147,172.31.46.0-255,66,17290,41,163800
26175,0.00015,172.217.194.0-255,1484,18774,41,163800
26176,0.000153,172.31.46.0-255,66,18840,41,163800
26177,0.000159,172.217.194.0-255,5738,24578,41,163800
26178,0.000162,172.31.46.0-255,66,24644,41,163800
26179,0.000202,172.31.46.0-255,66,24710,41,163800
26180,0.000224,172.217.194.0-255,3961,28671,41,163800
26181,0.000226,172.31.46.0-255,66,28737,41,163800
26182,0.000236,172.31.46.0-255,66,28803,41,163800
26183,0.000277,172.217.194.0-255,2543,31346,41,163800
26184,0.00028,172.31.46.0-255,66,31412,41,163800
26185,0.000283,172.217.194.0-255,1484,32896,41,163800
26186,0.000285,172.31.46.0-255,66,32962,41,163800
26187,0.000292,172.217.194.0-255,2902,35864,41,163800
26188,0.000294,172.31.46.0-255,66,35930,41,163800
26189,0.000301,172.217.194.0-255,5738,41668,41,163800
26190,0.000304,172.31.46.0-255,66,41734,41,163800
26191,0.000314,172.31.46.0-255,66,41800,41,163800
26192,0.000341,172.217.194.0-255,676,42476,41,163800
26193,0.000687,172.217.194.0-255,1484,43960,41,163800
26194,0.000692,172.217.194.0-255,2902,46862,41,163800
26195,0.000698,172.31.46.0-255,66,46928,41,163800
26196,0.000702,172.31.46.0-255,66,46994,41,163800
26197,0.000716,172.217.194.0-255,1484,48478,41,163800
26198,0.000722,172.217.194.0-255,5738,54216,41,163800
26199,0.000725,172.31.46.0-255,66,54282,41,163800
26200,0.000764,172.31.46.0-255,66,54348,41,163800
26201,0.000776,172.31.46.0-255,66,54414,41,163800
26202,0.000861,172.217.194.0-255,1484,55898,41,163800
26203,0.000868,172.217.194.0-255,2902,58800,41,163800
26204,0.00087,172.31.46.0-255,66,58866,41,163800
26205,0.000876,172.217.194.0-255,4320,63186,41,163800
26206,0.000879,172.31.46.0-255,66,63252,41,163800
26207,0.000893,172.217.194.0-255,1484,64736,41,163800
26208,0.000901,172.217.194.0-255,5738,70474,41,163800
26209,0.000903,172.31.46.0-255,66,70540,41,163800
26210,0.000942,172.31.46.0-255,66,70606,41,163800
26211,0.000955,172.31.46.0-255,66,70672,41,163800
26212,0.000959,172.217.194.0-255,2902,73574,41,163800
26213,0.000961,172.31.46.0-255,66,73640,41,163800
26214,0.000995,172.217.194.0-255,5020,78660,41,163800
26215,0.000998,172.31.46.0-255,66,78726,41,163800
26216,0.00101,172.31.46.0-255,66,78792,41,163800
26217,0.001019,172.31.46.0-255,66,78858,41,163800
26218,0.001053,172.31.46.0-255,66,78924,41,163800
26219,0.001166,172.217.194.0-255,1484,80408,41,163800
26220,0.00118,172.217.194.0-255,2902,83310,41,163800
26221,0.001183,172.31.46.0-255,66,83376,41,163800
26222,0.001188,172.217.194.0-255,2902,86278,41,163800
26223,0.00119,172.31.46.0-255,66,86344,41,163800
26224,0.001204,172.217.194.0-255,2902,89246,41,163800
26225,0.001207,172.31.46.0-255,66,89312,41,163800
26226,0.001245,172.217.194.0-255,4320,93632,41,163800
26227,0.001248,172.31.46.0-255,66,93698,41,163800
26228,0.001269,172.31.46.0-255,66,93764,41,163800
26229,0.00128,172.31.46.0-255,66,93830,41,163800
26230,0.001283,172.217.194.0-255,766,94596,41,163800
26231,0.001447,172.217.194.0-255,1484,96080,41,163800
26232,0.001451,172.31.46.0-255,66,96146,41,163800
26233,0.001456,172.217.194.0-255,2902,99048,41,163800
26234,0.001459,172.31.46.0-255,66,99114,41,163800
26235,0.001475,172.217.194.0-255,5738,104852,41,163800
26236,0.001478,172.31.46.0-255,66,104918,41,163800
26237,0.001505,172.217.194.0-255,5738,110656,41,163800
26238,0.001508,172.31.46.0-255,66,110722,41,163800
26239,0.001511,172.217.194.0-255,1484,112206,41,163800
26240,0.001538,172.31.46.0-255,66,112272,41,163800
26241,0.001543,172.217.194.0-255,5020,117292,41,163800
26242,0.001546,172.31.46.0-255,66,117358,41,163800
26243,0.001585,172.31.46.0-255,66,117424,41,163800
26244,0.001649,172.217.194.0-255,4320,121744,41,163800
26245,0.001653,172.31.46.0-255,66,121810,41,163800
26246,0.001657,172.31.46.0-255,66,121876,41,163800
26247,0.00166,172.31.46.0-255,66,121942,41,163800
26248,0.001672,172.217.194.0-255,2184,124126,41,163800
26249,0.001674,172.31.46.0-255,66,124192,41,163800
26250,0.001758,172.217.194.0-255,1484,125676,41,163800
26251,0.001764,172.217.194.0-255,2902,128578,41,163800
26252,0.001767,172.31.46.0-255,66,128644,41,163800
26253,0.001774,172.217.194.0-255,5738,134382,41,163800
26254,0.001777,172.31.46.0-255,66,134448,41,163800
26255,0.001781,172.217.194.0-255,1484,135932,41,163800
26256,0.001798,172.217.194.0-255,4320,140252,41,163800
26257,0.001801,172.31.46.0-255,66,140318,41,163800
26258,0.001827,172.31.46.0-255,66,140384,41,163800
26259,0.001849,172.217.194.0-255,4320,144704,41,163800
26260,0.001852,172.31.46.0-255,66,144770,41,163800
26261,0.001858,172.217.194.0-255,5020,149790,41,163800
26262,0.001861,172.31.46.0-255,66,149856,41,163800
26263,0.00191,172.217.194.0-255,1484,151340,41,163800
26264,0.001945,172.217.194.0-255,4320,155660,41,163800
26265,0.001949,172.31.46.0-255,66,155726,41,163800
26266,0.001953,172.31.46.0-255,66,155792,41,163800
26267,0.002008,172.31.46.0-255,66,155858,41,163800
26268,0.002012,172.31.46.0-255,66,155924,41,163800
26269,0.002015,172.31.46.0-255,66,155990,41,163800
26270,0.00207,172.31.46.0-255,66,156056,41,163800
26271,0.002093,172.217.194.0-255,3602,159658,41,163800
26272,0.002096,172.31.46.0-255,66,159724,41,163800
26273,0.002115,172.31.46.0-255,66,159790,41,163800
26274,0.002133,172.31.46.0-255,66,159856,41,163800
26275,0.002143,172.217.194.0-255,2184,162040,41,163800
26276,0.002154,172.217.194.0-255,1484,163524,41,163800
26277,0.002177,172.217.194.0-255,105,163629,41,163800
26278,0.002192,172.31.46.0-255,66,163695,41,163800
26279,0.008296,172.31.46.0-255,105,163800,41,163800
26280,0.0,74.125.200.0-255,301,301,41,152568
26281,1.9e-05,172.31.46.0-255,66,367,41,152568
26282,2.5e-05,74.125.200.0-255,1484,1851,41,152568
26283,2.9e-05,172.31.46.0-255,66,1917,41,152568
26284,3.8e-05,74.125.200.0-255,4320,6237,41,152568
26285,4.1e-05,172.31.46.0-255,66,6303,41,152568
26286,4.6e-05,74.125.200.0-255,2902,9205,41,152568
26287,4.9e-05,172.31.46.0-255,66,9271,41,152568
26288,7.6e-05,74.125.200.0-255,4320,13591,41,152568
26289,7.9e-05,172.31.46.0-255,66,13657,41,152568
26290,8.2e-05,74.125.200.0-255,427,14084,41,152568
26291,8.4e-05,172.31.46.0-255,66,14150,41,152568
26292,0.000117,74.125.200.0-255,1484,15634,41,152568
26293,0.00012,172.31.46.0-255,66,15700,41,152568
26294,0.000127,74.125.200.0-255,4320,20020,41,152568
26295,0.000129,172.31.46.0-255,66,20086,41,152568
26296,0.000166,74.125.200.0-255,2902,22988,41,152568
26297,0.000169,172.31.46.0-255,66,23054,41,152568
26298,0.000191,74.125.200.0-255,5738,28792,41,152568
26299,0.000194,172.31.46.0-255,66,28858,41,152568
26300,0.000233,74.125.200.0-255,1484,30342,41,152568
26301,0.000236,172.31.46.0-255,66,30408,41,152568
26302,0.000266,172.31.46.0-255,66,30474,41,152568
26303,0.000331,74.125.200.0-255,5738,36212,41,152568
26304,0.000335,172.31.46.0-255,66,36278,41,152568
26305,0.000373,74.125.200.0-255,3602,39880,41,152568
26306,0.000376,172.31.46.0-255,66,39946,41,152568
26307,0.000417,172.31.46.0-255,66,40012,41,152568
26308,0.000439,74.125.200.0-255,4320,44332,41,152568
26309,0.000442,172.31.46.0-255,66,44398,41,152568
26310,0.000512,74.125.200.0-255,5687,50085,41,152568
26311,0.000516,172.31.46.0-255,66,50151,41,152568
26312,0.000569,74.125.200.0-255,5738,55889,41,152568
26313,0.000572,172.31.46.0-255,66,55955,41,152568
26314,0.000612,74.125.200.0-255,2902,58857,41,152568
26315,0.000615,172.31.46.0-255,66,58923,41,152568
26316,0.000646,172.31.46.0-255,66,58989,41,152568
26317,0.000741,74.125.200.0-255,1484,60473,41,152568
26318,0.000775,74.125.200.0-255,1484,61957,41,152568
26319,0.000779,172.31.46.0-255,66,62023,41,152568
26320,0.000809,172.31.46.0-255,66,62089,41,152568
26321,0.000846,74.125.200.0-255,5020,67109,41,152568
26322,0.000849,172.31.46.0-255,66,67175,41,152568
26323,0.000873,74.125.200.0-255,1765,68940,41,152568
26324,0.000876,172.31.46.0-255,66,69006,41,152568
26325,0.00088,74.125.200.0-255,2902,71908,41,152568
26326,0.000883,172.31.46.0-255,66,71974,41,152568
26327,0.00093,172.31.46.0-255,66,72040,41,152568
26328,0.000961,74.125.200.0-255,1484,73524,41,152568
26329,0.00098,74.125.200.0-255,2902,76426,41,152568
26330,0.000986,172.31.46.0-255,66,76492,41,152568
26331,0.001012,172.31.46.0-255,66,76558,41,152568
26332,0.001077,74.125.200.0-255,4320,80878,41,152568
26333,0.00108,172.31.46.0-255,66,80944,41,152568
26334,0.001113,74.125.200.0-255,4320,85264,41,152568
26335,0.001133,74.125.200.0-255,2184,87448,41,152568
26336,0.001137,172.31.46.0-255,66,87514,41,152568
26337,0.001142,172.31.46.0-255,66,87580,41,152568
26338,0.001229,172.31.46.0-255,66,87646,41,152568
26339,0.001275,74.125.200.0-255,5738,93384,41,152568
26340,0.001282,172.31.46.0-255,66,93450,41,152568
26341,0.001332,172.31.46.0-255,66,93516,41,152568
26342,0.001441,74.125.200.0-255,3602,97118,41,152568
26343,0.001445,172.31.46.0-255,66,97184,41,152568
26344,0.001469,74.125.200.0-255,2902,100086,41,152568
26345,0.001486,172.31.46.0-255,66,100152,41,152568
26346,0.001526,172.31.46.0-255,66,100218,41,152568
26347,0.001533,74.125.200.0-255,4320,104538,41,152568
26348,0.001539,172.31.46.0-255,66,104604,41,152568
26349,0.001753,172.31.46.0-255,66,104670,41,152568
26350,0.001929,74.125.200.0-255,2902,107572,41,152568
26351,0.001935,172.31.46.0-255,66,107638,41,152568
26352,0.001956,74.125.200.0-255,4320,111958,41,152568
26353,0.001973,74.125.200.0-255,5738,117696,41,152568
26354,0.001979,172.31.46.0-255,66,117762,41,152568
26355,0.002022,172.31.46.0-255,66,117828,41,152568
26356,0.002225,74.125.200.0-255,5738,123566,41,152568
26357,0.002229,172.31.46.0-255,66,123632,41,152568
26358,0.002249,74.125.200.0-255,1484,125116,41,152568
26359,0.002291,74.125.200.0-255,5738,130854,41,152568
26360,0.002665,74.125.200.0-255,3602,134456,41,152568
26361,0.00268,74.125.200.0-255,2902,137358,41,152568
26362,0.002702,74.125.200.0-255,5738,143096,41,152568
26363,0.003239,74.125.200.0-255,3602,146698,41,152568
26364,0.006355,172.31.46.0-255,66,146764,41,152568
26365,0.008655,74.125.200.0-255,5738,152502,41,152568
26366,0.008662,172.31.46.0-255,66,152568,41,152568
26367,0.0,74.125.130.0-255,301,301,41,196623
26368,2.6e-05,172.31.46.0-255,66,367,41,196623
26369,3.3e-05,74.125.130.0-255,1484,1851,41,196623
26370,3.7e-05,172.31.46.0-255,66,1917,41,196623
26371,5.1e-05,74.125.130.0-255,4320,6237,41,196623
26372,5.5e-05,172.31.46.0-255,66,6303,41,196623
26373,6e-05,74.125.130.0-255,4320,10623,41,196623
26374,6.3e-05,172.31.46.0-255,66,10689,41,196623
26375,6.8e-05,74.125.130.0-255,4632,15321,41,196623
26376,7.1e-05,172.31.46.0-255,66,15387,41,196623
26377,9.5e-05,74.125.130.0-255,2902,18289,41,196623
26378,9.7e-05,172.31.46.0-255,66,18355,41,196623
26379,0.00011,74.125.130.0-255,2902,21257,41,196623
26380,0.000115,172.31.46.0-255,66,21323,41,196623
26381,0.000124,172.31.46.0-255,66,21389,41,196623
26382,0.000147,74.125.130.0-255,2543,23932,41,196623
26383,0.000149,172.31.46.0-255,66,23998,41,196623
26384,0.000284,74.125.130.0-255,1484,25482,41,196623
26385,0.000287,172.31.46.0-255,66,25548,41,196623
26386,0.000314,74.125.130.0-255,1484,27032,41,196623
26387,0.000317,172.31.46.0-255,66,27098,41,196623
26388,0.000332,74.125.130.0-255,1484,28582,41,196623
26389,0.000334,172.31.46.0-255,66,28648,41,196623
26390,0.000339,74.125.130.0-255,4320,32968,41,196623
26391,0.000341,172.31.46.0-255,66,33034,41,196623
26392,0.000367,74.125.130.0-255,1484,34518,41,196623
26393,0.000369,172.31.46.0-255,66,34584,41,196623
26394,0.000377,74.125.130.0-255,2902,37486,41,196623
26395,0.000379,172.31.46.0-255,66,37552,41,196623
26396,0.00041,74.125.130.0-255,3961,41513,41,196623
26397,0.000413,172.31.46.0-255,66,41579,41,196623
26398,0.000628,74.125.130.0-255,1484,43063,41,196623
26399,0.000644,74.125.130.0-255,2902,45965,41,196623
26400,0.000655,172.31.46.0-255,66,46031,41,196623
26401,0.000664,74.125.130.0-255,4320,50351,41,196623
26402,0.000669,172.31.46.0-255,66,50417,41,196623
26403,0.000706,74.125.130.0-255,2902,53319,41,196623
26404,0.000714,172.31.46.0-255,66,53385,41,196623
26405,0.000761,172.31.46.0-255,66,53451,41,196623
26406,0.000769,74.125.130.0-255,1484,54935,41,196623
26407,0.000776,74.125.130.0-255,1484,56419,41,196623
26408,0.000796,172.31.46.0-255,66,56485,41,196623
26409,0.000805,74.125.130.0-255,2902,59387,41,196623
26410,0.000818,74.125.130.0-255,1705,61092,41,196623
26411,0.000822,172.31.46.0-255,66,61158,41,196623
26412,0.001004,74.125.130.0-255,1484,62642,41,196623
26413,0.001016,74.125.130.0-255,2902,65544,41,196623
26414,0.001025,172.31.46.0-255,66,65610,41,196623
26415,0.001034,74.125.130.0-255,2902,68512,41,196623
26416,0.001038,172.31.46.0-255,66,68578,41,196623
26417,0.001057,74.125.130.0-255,2902,71480,41,196623
26418,0.001059,74.125.130.0-255,1484,72964,41,196623
26419,0.001079,74.125.130.0-255,5738,78702,41,196623
26420,0.001084,74.125.130.0-255,5738,84440,41,196623
26421,0.001096,74.125.130.0-255,2902,87342,41,196623
26422,0.001102,172.31.46.0-255,66,87408,41,196623
26423,0.001127,74.125.130.0-255,2902,90310,41,196623
26424,0.001138,172.31.46.0-255,66,90376,41,196623
26425,0.001147,74.125.130.0-255,2902,93278,41,196623
26426,0.00116,172.31.46.0-255,66,93344,41,196623
26427,0.001163,74.125.130.0-255,2184,95528,41,196623
26428,0.001191,172.31.46.0-255,66,95594,41,196623
26429,0.001325,74.125.130.0-255,1484,97078,41,196623
26430,0.00134,74.125.130.0-255,2902,99980,41,196623
26431,0.001349,172.31.46.0-255,66,100046,41,196623
26432,0.001357,74.125.130.0-255,1484,101530,41,196623
26433,0.001372,74.125.130.0-255,2902,104432,41,196623
26434,0.001374,172.31.46.0-255,66,104498,41,196623
26435,0.001402,74.125.130.0-255,1484,105982,41,196623
26436,0.001407,74.125.130.0-255,4320,110302,41,196623
26437,0.001414,172.31.46.0-255,66,110368,41,196623
26438,0.001422,74.125.130.0-255,2543,112911,41,196623
26439,0.001426,172.31.46.0-255,66,112977,41,196623
26440,0.001446,74.125.130.0-255,1484,114461,41,196623
26441,0.00145,74.125.130.0-255,2902,117363,41,196623
26442,0.001458,172.31.46.0-255,66,117429,41,196623
26443,0.001467,74.125.130.0-255,2902,120331,41,196623
26444,0.001471,74.125.130.0-255,2902,123233,41,196623
26445,0.001483,74.125.130.0-255,1484,124717,41,196623
26446,0.001541,74.125.130.0-255,4320,129037,41,196623
26447,0.001546,74.125.130.0-255,5738,134775,41,196623
26448,0.001554,172.31.46.0-255,66,134841,41,196623
26449,0.001565,74.125.130.0-255,3602,138443,41,196623
26450,0.001587,172.31.46.0-255,66,138509,41,196623
26451,0.001617,74.125.130.0-255,1484,139993,41,196623
26452,0.001628,74.125.130.0-255,1484,141477,41,196623
26453,0.001635,172.31.46.0-255,66,141543,41,196623
26454,0.001643,74.125.130.0-255,1484,143027,41,196623
26455,0.001662,74.125.130.0-255,2902,145929,41,196623
26456,0.001665,74.125.130.0-255,1484,147413,41,196623
26457,0.001676,74.125.130.0-255,1484,148897,41,196623
26458,0.001683,172.31.46.0-255,66,148963,41,196623
26459,0.001695,74.125.130.0-255,1484,150447,41,196623
26460,0.001705,74.125.130.0-255,5738,156185,41,196623
26461,0.001721,172.31.46.0-255,66,156251,41,196623
26462,0.001727,74.125.130.0-255,1484,157735,41,196623
26463,0.001758,172.31.46.0-255,66,157801,41,196623
26464,0.001764,74.125.130.0-255,1484,159285,41,196623
26465,0.001793,172.31.46.0-255,66,159351,41,196623
26466,0.001975,74.125.130.0-255,1484,160835,41,196623
26467,0.001994,74.125.130.0-255,2902,163737,41,196623
26468,0.002008,172.31.46.0-255,66,163803,41,196623
26469,0.002016,74.125.130.0-255,5738,169541,41,196623
26470,0.00202,74.125.130.0-255,2902,172443,41,196623
26471,0.002031,172.31.46.0-255,66,172509,41,196623
26472,0.002057,74.125.130.0-255,4320,176829,41,196623
26473,0.002066,172.31.46.0-255,66,176895,41,196623
26474,0.002075,74.125.130.0-255,2902,179797,41,196623
26475,0.002087,172.31.46.0-255,66,179863,41,196623
26476,0.002097,74.125.130.0-255,4320,184183,41,196623
26477,0.002123,74.125.130.0-255,766,184949,41,196623
26478,0.00215,172.31.46.0-255,66,185015,41,196623
26479,0.004484,74.125.130.0-255,5738,190753,41,196623
26480,0.004496,172.31.46.0-255,66,190819,41,196623
26481,0.006823,74.125.130.0-255,5738,196557,41,196623
26482,0.00866,172.31.46.0-255,66,196623,41,196623
26483,0.0,172.217.194.0-255,152,152,41,147704
26484,2.2e-05,172.31.46.0-255,66,218,41,147704
26485,2.9e-05,172.217.194.0-255,1484,1702,41,147704
26486,3.4e-05,172.31.46.0-255,66,1768,41,147704
26487,3.8e-05,172.217.194.0-255,1484,3252,41,147704
26488,6.5e-05,172.31.46.0-255,66,3318,41,147704
26489,7.3e-05,172.217.194.0-255,2902,6220,41,147704
26490,7.6e-05,172.31.46.0-255,66,6286,41,147704
26491,8.2e-05,172.217.194.0-255,5738,12024,41,147704
26492,8.6e-05,172.31.46.0-255,66,12090,41,147704
26493,0.00012,172.217.194.0-255,2042,14132,41,147704
26494,0.000122,172.31.46.0-255,66,14198,41,147704
26495,0.000169,172.217.194.0-255,1484,15682,41,147704
26496,0.000173,172.31.46.0-255,66,15748,41,147704
26497,0.000177,172.217.194.0-255,2902,18650,41,147704
26498,0.00018,172.31.46.0-255,66,18716,41,147704
26499,0.000211,172.217.194.0-255,5738,24454,41,147704
26500,0.000213,172.31.46.0-255,66,24520,41,147704
26501,0.000219,172.217.194.0-255,5738,30258,41,147704
26502,0.000222,172.31.46.0-255,66,30324,41,147704
26503,0.000276,172.31.46.0-255,66,30390,41,147704
26504,0.000308,172.217.194.0-255,1125,31515,41,147704
26505,0.000312,172.31.46.0-255,66,31581,41,147704
26506,0.000328,172.31.46.0-255,66,31647,41,147704
26507,0.000331,172.217.194.0-255,1125,32772,41,147704
26508,0.000333,172.31.46.0-255,66,32838,41,147704
26509,0.000337,172.217.194.0-255,1484,34322,41,147704
26510,0.000339,172.31.46.0-255,66,34388,41,147704
26511,0.000372,172.217.194.0-255,4320,38708,41,147704
26512,0.000376,172.31.46.0-255,66,38774,41,147704
26513,0.000386,172.31.46.0-255,66,38840,41,147704
26514,0.00041,172.217.194.0-255,3961,42801,41,147704
26515,0.000414,172.31.46.0-255,66,42867,41,147704
26516,0.000454,172.217.194.0-255,361,43228,41,147704
26517,0.000674,172.217.194.0-255,381,43609,41,147704
26518,0.000747,172.217.194.0-255,1484,45093,41,147704
26519,0.000752,172.31.46.0-255,66,45159,41,147704
26520,0.000757,172.217.194.0-255,2902,48061,41,147704
26521,0.000759,172.31.46.0-255,66,48127,41,147704
26522,0.000787,172.217.194.0-255,5738,53865,41,147704
26523,0.000791,172.31.46.0-255,66,53931,41,147704
26524,0.000818,172.217.194.0-255,4320,58251,41,147704
26525,0.000821,172.31.46.0-255,66,58317,41,147704
26526,0.00085,172.217.194.0-255,2543,60860,41,147704
26527,0.000853,172.31.46.0-255,66,60926,41,147704
26528,0.000863,172.31.46.0-255,66,60992,41,147704
26529,0.000895,172.31.46.0-255,66,61058,41,147704
26530,0.000907,172.217.194.0-255,1125,62183,41,147704
26531,0.001111,172.31.46.0-255,66,62249,41,147704
26532,0.001242,172.217.194.0-255,1484,63733,41,147704
26533,0.00125,172.217.194.0-255,2902,66635,41,147704
26534,0.001253,172.31.46.0-255,66,66701,41,147704
26535,0.00128,172.217.194.0-255,5738,72439,41,147704
26536,0.001283,172.31.46.0-255,66,72505,41,147704
26537,0.001286,172.217.194.0-255,1484,73989,41,147704
26538,0.001292,172.217.194.0-255,4320,78309,41,147704
26539,0.001294,172.31.46.0-255,66,78375,41,147704
26540,0.001339,172.31.46.0-255,66,78441,41,147704
26541,0.001351,172.31.46.0-255,66,78507,41,147704
26542,0.001696,172.217.194.0-255,1484,79991,41,147704
26543,0.001703,172.217.194.0-255,2902,82893,41,147704
26544,0.001707,172.31.46.0-255,66,82959,41,147704
26545,0.001735,172.217.194.0-255,5738,88697,41,147704
26546,0.001738,172.31.46.0-255,66,88763,41,147704
26547,0.001765,172.217.194.0-255,5738,94501,41,147704
26548,0.001768,172.31.46.0-255,66,94567,41,147704
26549,0.001798,172.217.194.0-255,4320,98887,41,147704
26550,0.001802,172.31.46.0-255,66,98953,41,147704
26551,0.001817,172.31.46.0-255,66,99019,41,147704
26552,0.001866,172.31.46.0-255,66,99085,41,147704
26553,0.001878,172.31.46.0-255,66,99151,41,147704
26554,0.001908,172.31.46.0-255,66,99217,41,147704
26555,0.001918,172.217.194.0-255,1484,100701,41,147704
26556,0.001954,172.31.46.0-255,66,100767,41,147704
26557,0.001965,172.31.46.0-255,66,100833,41,147704
26558,0.002051,172.31.46.0-255,66,100899,41,147704
26559,0.002063,172.31.46.0-255,66,100965,41,147704
26560,0.002084,172.31.46.0-255,66,101031,41,147704
26561,0.00212,172.217.194.0-255,5020,106051,41,147704
26562,0.002122,172.31.46.0-255,66,106117,41,147704
26563,0.002128,172.217.194.0-255,5738,111855,41,147704
26564,0.002131,172.31.46.0-255,66,111921,41,147704
26565,0.002137,172.217.194.0-255,5738,117659,41,147704
26566,0.002139,172.31.46.0-255,66,117725,41,147704
26567,0.002177,172.31.46.0-255,66,117791,41,147704
26568,0.002189,172.31.46.0-255,66,117857,41,147704
26569,0.002482,172.217.194.0-255,1484,119341,41,147704
26570,0.002486,172.217.194.0-255,1484,120825,41,147704
26571,0.002488,172.31.46.0-255,66,120891,41,147704
26572,0.00251,172.217.194.0-255,1484,122375,41,147704
26573,0.002516,172.217.194.0-255,5738,128113,41,147704
26574,0.002518,172.31.46.0-255,66,128179,41,147704
26575,0.002521,172.217.194.0-255,1484,129663,41,147704
26576,0.00255,172.31.46.0-255,66,129729,41,147704
26577,0.002552,172.217.194.0-255,1484,131213,41,147704
26578,0.002584,172.31.46.0-255,66,131279,41,147704
26579,0.002608,172.217.194.0-255,4320,135599,41,147704
26580,0.00261,172.31.46.0-255,66,135665,41,147704
26581,0.002648,172.31.46.0-255,66,135731,41,147704
26582,0.002659,172.31.46.0-255,66,135797,41,147704
26583,0.004999,172.31.46.0-255,101,135898,41,147704
26584,0.005226,172.217.194.0-255,5738,141636,41,147704
26585,0.005232,172.31.46.0-255,66,141702,41,147704
26586,0.007543,172.217.194.0-255,66,141768,41,147704
26587,0.007775,172.217.194.0-255,2902,144670,41,147704
26588,0.00778,172.31.46.0-255,66,144736,41,147704
26589,0.007805,172.217.194.0-255,2902,147638,41,147704
26590,0.007807,172.31.46.0-255,66,147704,41,147704
26591,0.0,74.125.24.0-255,153,153,41,77472
26592,2.6e-05,172.31.46.0-255,66,219,41,77472
26593,3.3e-05,74.125.24.0-255,1484,1703,41,77472
26594,3.7e-05,172.31.46.0-255,66,1769,41,77472
26595,5.1e-05,74.125.24.0-255,2902,4671,41,77472
26596,5.5e-05,172.31.46.0-255,66,4737,41,77472
26597,6.7e-05,172.31.46.0-255,66,4803,41,77472
26598,0.000113,74.125.24.0-255,1939,6742,41,77472
26599,0.000121,172.31.46.0-255,66,6808,41,77472
26600,0.000263,74.125.24.0-255,1484,8292,41,77472
26601,0.000268,172.31.46.0-255,66,8358,41,77472
26602,0.000273,74.125.24.0-255,2902,11260,41,77472
26603,0.000276,172.31.46.0-255,66,11326,41,77472
26604,0.000281,74.125.24.0-255,2902,14228,41,77472
26605,0.000283,172.31.46.0-255,66,14294,41,77472
26606,0.000316,74.125.24.0-255,2902,17196,41,77472
26607,0.000319,172.31.46.0-255,66,17262,41,77472
26608,0.000332,172.31.46.0-255,66,17328,41,77472
26609,0.000356,74.125.24.0-255,2543,19871,41,77472
26610,0.000363,172.31.46.0-255,66,19937,41,77472
26611,0.000376,172.31.46.0-255,66,20003,41,77472
26612,0.000381,74.125.24.0-255,4320,24323,41,77472
26613,0.000383,172.31.46.0-255,66,24389,41,77472
26614,0.000426,172.31.46.0-255,66,24455,41,77472
26615,0.000429,74.125.24.0-255,398,24853,41,77472
26616,0.000431,172.31.46.0-255,66,24919,41,77472
26617,0.000466,74.125.24.0-255,375,25294,41,77472
26618,0.000469,172.31.46.0-255,66,25360,41,77472
26619,0.00063,74.125.24.0-255,1484,26844,41,77472
26620,0.000638,74.125.24.0-255,2902,29746,41,77472
26621,0.000641,172.31.46.0-255,66,29812,41,77472
26622,0.000648,74.125.24.0-255,5738,35550,41,77472
26623,0.00065,172.31.46.0-255,66,35616,41,77472
26624,0.000684,74.125.24.0-255,5738,41354,41,77472
26625,0.000686,172.31.46.0-255,66,41420,41,77472
26626,0.000702,74.125.24.0-255,1125,42545,41,77472
26627,0.000812,74.125.24.0-255,1484,44029,41,77472
26628,0.000816,172.31.46.0-255,66,44095,41,77472
26629,0.000821,74.125.24.0-255,2902,46997,41,77472
26630,0.000824,172.31.46.0-255,66,47063,41,77472
26631,0.000846,74.125.24.0-255,5738,52801,41,77472
26632,0.000852,172.31.46.0-255,66,52867,41,77472
26633,0.000889,74.125.24.0-255,1484,54351,41,77472
26634,0.000911,74.125.24.0-255,5379,59730,41,77472
26635,0.000914,172.31.46.0-255,66,59796,41,77472
26636,0.003457,74.125.24.0-255,5738,65534,41,77472
26637,0.003469,172.31.46.0-255,66,65600,41,77472
26638,0.006012,74.125.24.0-255,2902,68502,41,77472
26639,0.006016,172.31.46.0-255,66,68568,41,77472
26640,0.006055,74.125.24.0-255,2902,71470,41,77472
26641,0.006059,172.31.46.0-255,66,71536,41,77472
26642,0.008599,74.125.24.0-255,2902,74438,41,77472
26643,0.00861,172.31.46.0-255,66,74504,41,77472
26644,0.008645,74.125.24.0-255,2902,77406,41,77472
26645,0.008648,172.31.46.0-255,66,77472,41,77472
26646,0.0,172.217.194.0-255,297,297,41,102965
26647,1.5e-05,172.31.46.0-255,66,363,41,102965
26648,2e-05,172.217.194.0-255,1484,1847,41,102965
26649,2.5e-05,172.31.46.0-255,66,1913,41,102965
26650,3.8e-05,172.217.194.0-255,4320,6233,41,102965
26651,4.2e-05,172.31.46.0-255,66,6299,41,102965
26652,4.6e-05,172.217.194.0-255,2902,9201,41,102965
26653,4.8e-05,172.31.46.0-255,66,9267,41,102965
26654,8e-05,172.217.194.0-255,4719,13986,41,102965
26655,8.3e-05,172.31.46.0-255,66,14052,41,102965
26656,0.000432,172.217.194.0-255,1484,15536,41,102965
26657,0.000438,172.31.46.0-255,66,15602,41,102965
26658,0.000444,172.217.194.0-255,2902,18504,41,102965
26659,0.000447,172.31.46.0-255,66,18570,41,102965
26660,0.000459,172.217.194.0-255,5738,24308,41,102965
26661,0.000461,172.31.46.0-255,66,24374,41,102965
26662,0.000494,172.217.194.0-255,2902,27276,41,102965
26663,0.000497,172.31.46.0-255,66,27342,41,102965
26664,0.000535,172.31.46.0-255,66,27408,41,102965
26665,0.000551,172.31.46.0-255,66,27474,41,102965
26666,0.001311,172.217.194.0-255,1484,28958,41,102965
26667,0.001318,172.31.46.0-255,66,29024,41,102965
26668,0.001328,172.217.194.0-255,2902,31926,41,102965
26669,0.00133,172.31.46.0-255,66,31992,41,102965
26670,0.001343,172.217.194.0-255,5738,37730,41,102965
26671,0.001345,172.31.46.0-255,66,37796,41,102965
26672,0.00138,172.217.194.0-255,4320,42116,41,102965
26673,0.001382,172.31.46.0-255,66,42182,41,102965
26674,0.001412,172.217.194.0-255,3123,45305,41,102965
26675,0.001414,172.31.46.0-255,66,45371,41,102965
26676,0.001425,172.31.46.0-255,66,45437,41,102965
26677,0.001437,172.217.194.0-255,5738,51175,41,102965
26678,0.001439,172.31.46.0-255,66,51241,41,102965
26679,0.001486,172.31.46.0-255,66,51307,41,102965
26680,0.001497,172.31.46.0-255,66,51373,41,102965
26681,0.001821,172.217.194.0-255,1484,52857,41,102965
26682,0.001831,172.217.194.0-255,2902,55759,41,102965
26683,0.001836,172.31.46.0-255,66,55825,41,102965
26684,0.001842,172.217.194.0-255,2902,58727,41,102965
26685,0.001844,172.31.46.0-255,66,58793,41,102965
26686,0.001872,172.217.194.0-255,2902,61695,41,102965
26687,0.001875,172.31.46.0-255,66,61761,41,102965
26688,0.001894,172.31.46.0-255,66,61827,41,102965
26689,0.0019,172.217.194.0-255,5738,67565,41,102965
26690,0.001902,172.31.46.0-255,66,67631,41,102965
26691,0.001927,172.217.194.0-255,2902,70533,41,102965
26692,0.001934,172.31.46.0-255,66,70599,41,102965
26693,0.001946,172.217.194.0-255,2184,72783,41,102965
26694,0.001953,172.31.46.0-255,66,72849,41,102965
26695,0.002177,172.217.194.0-255,1484,74333,41,102965
26696,0.002191,172.217.194.0-255,2902,77235,41,102965
26697,0.002195,172.31.46.0-255,66,77301,41,102965
26698,0.002201,172.217.194.0-255,4320,81621,41,102965
26699,0.002203,172.31.46.0-255,66,81687,41,102965
26700,0.002222,172.217.194.0-255,1484,83171,41,102965
26701,0.002242,172.31.46.0-255,66,83237,41,102965
26702,0.002254,172.31.46.0-255,66,83303,41,102965
26703,0.002273,172.217.194.0-255,2184,85487,41,102965
26704,0.002276,172.31.46.0-255,66,85553,41,102965
26705,0.004617,172.217.194.0-255,5738,91291,41,102965
26706,0.004623,172.31.46.0-255,66,91357,41,102965
26707,0.007017,172.217.194.0-255,5738,97095,41,102965
26708,0.007022,172.31.46.0-255,66,97161,41,102965
26709,0.009349,172.217.194.0-255,5738,102899,41,102965
26710,0.009354,172.31.46.0-255,66,102965,41,102965
26711,0.0,172.31.46.0-255,74,74,41,74
26712,0.0,74.125.68.0-255,152,152,41,219649
26713,1.3e-05,172.31.46.0-255,66,218,41,219649
26714,1.8e-05,74.125.68.0-255,1484,1702,41,219649
26715,2.2e-05,172.31.46.0-255,66,1768,41,219649
26716,5.7e-05,74.125.68.0-255,2902,4670,41,219649
26717,6e-05,172.31.46.0-255,66,4736,41,219649
26718,6.4e-05,74.125.68.0-255,1484,6220,41,219649
26719,6.6e-05,172.31.46.0-255,66,6286,41,219649
26720,7.1e-05,74.125.68.0-255,2902,9188,41,219649
26721,7.9e-05,172.31.46.0-255,66,9254,41,219649
26722,0.000103,74.125.68.0-255,6222,15476,41,219649
26723,0.000111,172.31.46.0-255,66,15542,41,219649
26724,0.000116,74.125.68.0-255,4320,19862,41,219649
26725,0.000118,172.31.46.0-255,66,19928,41,219649
26726,0.000123,74.125.68.0-255,2902,22830,41,219649
26727,0.000126,172.31.46.0-255,66,22896,41,219649
26728,0.000159,74.125.68.0-255,2902,25798,41,219649
26729,0.000167,172.31.46.0-255,66,25864,41,219649
26730,0.000173,74.125.68.0-255,5379,31243,41,219649
26731,0.000176,172.31.46.0-255,66,31309,41,219649
26732,0.000232,74.125.68.0-255,1484,32793,41,219649
26733,0.000234,172.31.46.0-255,66,32859,41,219649
26734,0.000263,74.125.68.0-255,2902,35761,41,219649
26735,0.000266,172.31.46.0-255,66,35827,41,219649
26736,0.00027,74.125.68.0-255,2902,38729,41,219649
26737,0.000273,172.31.46.0-255,66,38795,41,219649
26738,0.000283,74.125.68.0-255,4320,43115,41,219649
26739,0.000285,172.31.46.0-255,66,43181,41,219649
26740,0.000315,74.125.68.0-255,2902,46083,41,219649
26741,0.000318,172.31.46.0-255,66,46149,41,219649
26742,0.00035,74.125.68.0-255,5738,51887,41,219649
26743,0.000353,172.31.46.0-255,66,51953,41,219649
26744,0.000359,74.125.68.0-255,4320,56273,41,219649
26745,0.000361,172.31.46.0-255,66,56339,41,219649
26746,0.000367,74.125.68.0-255,5738,62077,41,219649
26747,0.000369,172.31.46.0-255,66,62143,41,219649
26748,0.000374,74.125.68.0-255,3602,65745,41,219649
26749,0.000377,172.31.46.0-255,66,65811,41,219649
26750,0.000379,74.125.68.0-255,424,66235,41,219649
26751,0.000455,74.125.68.0-255,1484,67719,41,219649
26752,0.000459,172.31.46.0-255,66,67785,41,219649
26753,0.000478,74.125.68.0-255,2902,70687,41,219649
26754,0.000481,172.31.46.0-255,66,70753,41,219649
26755,0.000488,74.125.68.0-255,5738,76491,41,219649
26756,0.000491,172.31.46.0-255,66,76557,41,219649
26757,0.00053,172.31.46.0-255,66,76623,41,219649
26758,0.000537,74.125.68.0-255,5738,82361,41,219649
26759,0.000539,172.31.46.0-255,66,82427,41,219649
26760,0.000567,74.125.68.0-255,4320,86747,41,219649
26761,0.000569,172.31.46.0-255,66,86813,41,219649
26762,0.000575,74.125.68.0-255,5020,91833,41,219649
26763,0.000578,172.31.46.0-255,66,91899,41,219649
26764,0.000608,74.125.68.0-255,352,92251,41,219649
26765,0.000642,74.125.68.0-255,1484,93735,41,219649
26766,0.000645,172.31.46.0-255,66,93801,41,219649
26767,0.000664,74.125.68.0-255,2902,96703,41,219649
26768,0.000667,172.31.46.0-255,66,96769,41,219649
26769,0.000673,74.125.68.0-255,4320,101089,41,219649
26770,0.000675,172.31.46.0-255,66,101155,41,219649
26771,0.000708,172.31.46.0-255,66,101221,41,219649
26772,0.000713,74.125.68.0-255,2902,104123,41,219649
26773,0.000716,172.31.46.0-255,66,104189,41,219649
26774,0.000721,74.125.68.0-255,2902,107091,41,219649
26775,0.000723,172.31.46.0-255,66,107157,41,219649
26776,0.000753,74.125.68.0-255,1484,108641,41,219649
26777,0.000765,172.31.46.0-255,66,108707,41,219649
26778,0.000768,74.125.68.0-255,766,109473,41,219649
26779,0.000961,74.125.68.0-255,1484,110957,41,219649
26780,0.000965,172.31.46.0-255,66,111023,41,219649
26781,0.000971,74.125.68.0-255,2902,113925,41,219649
26782,0.000974,172.31.46.0-255,66,113991,41,219649
26783,0.000984,74.125.68.0-255,4320,118311,41,219649
26784,0.000987,172.31.46.0-255,66,118377,41,219649
26785,0.001011,74.125.68.0-255,1484,119861,41,219649
26786,0.001028,172.31.46.0-255,66,119927,41,219649
26787,0.001055,74.125.68.0-255,4320,124247,41,219649
26788,0.001059,172.31.46.0-255,66,124313,41,219649
26789,0.00109,172.31.46.0-255,66,124379,41,219649
26790,0.001356,74.125.68.0-255,1484,125863,41,219649
26791,0.00136,74.125.68.0-255,1484,127347,41,219649
26792,0.001364,172.31.46.0-255,66,127413,41,219649
26793,0.001394,74.125.68.0-255,2902,130315,41,219649
26794,0.001396,172.31.46.0-255,66,130381,41,219649
26795,0.001403,74.125.68.0-255,5738,136119,41,219649
26796,0.001405,172.31.46.0-255,66,136185,41,219649
26797,0.001439,172.31.46.0-255,66,136251,41,219649
26798,0.001467,172.31.46.0-255,66,136317,41,219649
26799,0.001473,74.125.68.0-255,2902,139219,41,219649
26800,0.001475,172.31.46.0-255,66,139285,41,219649
26801,0.001478,74.125.68.0-255,766,140051,41,219649
26802,0.001701,74.125.68.0-255,1484,141535,41,219649
26803,0.001708,172.31.46.0-255,66,141601,41,219649
26804,0.001714,74.125.68.0-255,2902,144503,41,219649
26805,0.001716,172.31.46.0-255,66,144569,41,219649
26806,0.001719,74.125.68.0-255,1484,146053,41,219649
26807,0.00175,74.125.68.0-255,2902,148955,41,219649
26808,0.001753,172.31.46.0-255,66,149021,41,219649
26809,0.001759,74.125.68.0-255,5738,154759,41,219649
26810,0.001761,172.31.46.0-255,66,154825,41,219649
26811,0.00177,74.125.68.0-255,2902,157727,41,219649
26812,0.001773,172.31.46.0-255,66,157793,41,219649
26813,0.001804,172.31.46.0-255,66,157859,41,219649
26814,0.001867,172.31.46.0-255,66,157925,41,219649
26815,0.002052,74.125.68.0-255,1484,159409,41,219649
26816,0.002059,74.125.68.0-255,2902,162311,41,219649
26817,0.002063,172.31.46.0-255,66,162377,41,219649
26818,0.002068,74.125.68.0-255,1484,163861,41,219649
26819,0.002094,74.125.68.0-255,2902,166763,41,219649
26820,0.002097,172.31.46.0-255,66,166829,41,219649
26821,0.002113,74.125.68.0-255,5738,172567,41,219649
26822,0.002116,172.31.46.0-255,66,172633,41,219649
26823,0.00212,74.125.68.0-255,2902,175535,41,219649
26824,0.002122,172.31.46.0-255,66,175601,41,219649
26825,0.002164,172.31.46.0-255,66,175667,41,219649
26826,0.002169,74.125.68.0-255,4320,179987,41,219649
26827,0.002172,172.31.46.0-255,66,180053,41,219649
26828,0.002206,172.31.46.0-255,66,180119,41,219649
26829,0.002232,74.125.68.0-255,2184,182303,41,219649
26830,0.002235,172.31.46.0-255,66,182369,41,219649
26831,0.00224,74.125.68.0-255,2902,185271,41,219649
26832,0.002242,172.31.46.0-255,66,185337,41,219649
26833,0.002284,172.31.46.0-255,66,185403,41,219649
26834,0.002295,172.31.46.0-255,66,185469,41,219649
26835,0.002324,74.125.68.0-255,766,186235,41,219649
26836,0.002327,74.125.68.0-255,1484,187719,41,219649
26837,0.00233,172.31.46.0-255,66,187785,41,219649
26838,0.002364,172.31.46.0-255,66,187851,41,219649
26839,0.002369,74.125.68.0-255,2902,190753,41,219649
26840,0.002371,172.31.46.0-255,66,190819,41,219649
26841,0.002374,74.125.68.0-255,1484,192303,41,219649
26842,0.002412,172.31.46.0-255,66,192369,41,219649
26843,0.002422,172.31.46.0-255,66,192435,41,219649
26844,0.002446,74.125.68.0-255,2184,194619,41,219649
26845,0.002449,172.31.46.0-255,66,194685,41,219649
26846,0.002489,74.125.68.0-255,2902,197587,41,219649
26847,0.002492,172.31.46.0-255,66,197653,41,219649
26848,0.002522,74.125.68.0-255,4320,201973,41,219649
26849,0.002526,172.31.46.0-255,66,202039,41,219649
26850,0.002536,172.31.46.0-255,66,202105,41,219649
26851,0.00257,74.125.68.0-255,5738,207843,41,219649
26852,0.002572,172.31.46.0-255,66,207909,41,219649
26853,0.002583,172.31.46.0-255,66,207975,41,219649
26854,0.002585,74.125.68.0-255,1484,209459,41,219649
26855,0.005143,74.125.68.0-255,4320,213779,41,219649
26856,0.00515,172.31.46.0-255,66,213845,41,219649
26857,0.007723,74.125.68.0-255,5738,219583,41,219649
26858,0.00773,172.31.46.0-255,66,219649,41,219649
26859,0.0,74.125.24.0-255,150,150,41,122372
26860,1.4e-05,172.31.46.0-255,66,216,41,122372
26861,2.1e-05,74.125.24.0-255,1484,1700,41,122372
26862,2.5e-05,172.31.46.0-255,66,1766,41,122372
26863,3e-05,74.125.24.0-255,2902,4668,41,122372
26864,3.9e-05,172.31.46.0-255,66,4734,41,122372
26865,7.7e-05,172.31.46.0-255,66,4800,41,122372
26866,8.1e-05,74.125.24.0-255,2042,6842,41,122372
26867,8.3e-05,172.31.46.0-255,66,6908,41,122372
26868,0.000188,74.125.24.0-255,1484,8392,41,122372
26869,0.000191,172.31.46.0-255,66,8458,41,122372
26870,0.000206,74.125.24.0-255,2902,11360,41,122372
26871,0.000209,172.31.46.0-255,66,11426,41,122372
26872,0.000215,74.125.24.0-255,5738,17164,41,122372
26873,0.000217,172.31.46.0-255,66,17230,41,122372
26874,0.00025,74.125.24.0-255,5738,22968,41,122372
26875,0.000253,172.31.46.0-255,66,23034,41,122372
26876,0.00029,172.31.46.0-255,66,23100,41,122372
26877,0.000302,172.31.46.0-255,66,23166,41,122372
26878,0.000328,74.125.24.0-255,1484,24650,41,122372
26879,0.00033,172.31.46.0-255,66,24716,41,122372
26880,0.000333,74.125.24.0-255,1484,26200,41,122372
26881,0.000335,172.31.46.0-255,66,26266,41,122372
26882,0.000364,172.31.46.0-255,66,26332,41,122372
26883,0.000366,74.125.24.0-255,383,26715,41,122372
26884,0.000368,172.31.46.0-255,66,26781,41,122372
26885,0.000523,74.125.24.0-255,1484,28265,41,122372
26886,0.000527,172.31.46.0-255,66,28331,41,122372
26887,0.000532,74.125.24.0-255,2902,31233,41,122372
26888,0.000534,172.31.46.0-255,66,31299,41,122372
26889,0.000559,74.125.24.0-255,5738,37037,41,122372
26890,0.000562,172.31.46.0-255,66,37103,41,122372
26891,0.000565,74.125.24.0-255,1484,38587,41,122372
26892,0.000599,172.31.46.0-255,66,38653,41,122372
26893,0.00061,172.31.46.0-255,66,38719,41,122372
26894,0.000616,74.125.24.0-255,766,39485,41,122372
26895,0.000683,74.125.24.0-255,1484,40969,41,122372
26896,0.000687,172.31.46.0-255,66,41035,41,122372
26897,0.000691,74.125.24.0-255,2902,43937,41,122372
26898,0.000694,172.31.46.0-255,66,44003,41,122372
26899,0.000697,74.125.24.0-255,1484,45487,41,122372
26900,0.000732,74.125.24.0-255,4320,49807,41,122372
26901,0.000735,172.31.46.0-255,66,49873,41,122372
26902,0.000749,172.31.46.0-255,66,49939,41,122372
26903,0.000763,172.31.46.0-255,66,50005,41,122372
26904,0.000792,74.125.24.0-255,1635,51640,41,122372
26905,0.000795,172.31.46.0-255,66,51706,41,122372
26906,0.000839,74.125.24.0-255,2902,54608,41,122372
26907,0.000842,172.31.46.0-255,66,54674,41,122372
26908,0.000869,74.125.24.0-255,4320,58994,41,122372
26909,0.000871,172.31.46.0-255,66,59060,41,122372
26910,0.000906,172.31.46.0-255,66,59126,41,122372
26911,0.000911,74.125.24.0-255,4320,63446,41,122372
26912,0.000913,172.31.46.0-255,66,63512,41,122372
26913,0.00096,74.125.24.0-255,5738,69250,41,122372
26914,0.000964,172.31.46.0-255,66,69316,41,122372
26915,0.000998,172.31.46.0-255,66,69382,41,122372
26916,0.001001,74.125.24.0-255,1484,70866,41,122372
26917,0.001023,172.31.46.0-255,66,70932,41,122372
26918,0.001037,172.31.46.0-255,66,70998,41,122372
26919,0.001113,74.125.24.0-255,1484,72482,41,122372
26920,0.001118,74.125.24.0-255,2902,75384,41,122372
26921,0.00112,172.31.46.0-255,66,75450,41,122372
26922,0.001127,74.125.24.0-255,5738,81188,41,122372
26923,0.001129,172.31.46.0-255,66,81254,41,122372
26924,0.001147,172.31.46.0-255,66,81320,41,122372
26925,0.001157,172.31.46.0-255,66,81386,41,122372
26926,0.001161,74.125.24.0-255,2184,83570,41,122372
26927,0.001164,172.31.46.0-255,66,83636,41,122372
26928,0.001389,74.125.24.0-255,1484,85120,41,122372
26929,0.001394,74.125.24.0-255,1484,86604,41,122372
26930,0.001398,172.31.46.0-255,66,86670,41,122372
26931,0.001426,74.125.24.0-255,1484,88154,41,122372
26932,0.001433,74.125.24.0-255,5738,93892,41,122372
26933,0.001436,172.31.46.0-255,66,93958,41,122372
26934,0.001463,172.31.46.0-255,66,94024,41,122372
26935,0.001507,172.31.46.0-255,66,94090,41,122372
26936,0.001751,74.125.24.0-255,1484,95574,41,122372
26937,0.001757,74.125.24.0-255,2902,98476,41,122372
26938,0.00176,172.31.46.0-255,66,98542,41,122372
26939,0.001764,74.125.24.0-255,1484,100026,41,122372
26940,0.001791,74.125.24.0-255,4320,104346,41,122372
26941,0.001793,172.31.46.0-255,66,104412,41,122372
26942,0.001804,172.31.46.0-255,66,104478,41,122372
26943,0.001818,172.31.46.0-255,66,104544,41,122372
26944,0.001854,172.31.46.0-255,66,104610,41,122372
26945,0.001858,74.125.24.0-255,2184,106794,41,122372
26946,0.001861,172.31.46.0-255,66,106860,41,122372
26947,0.001934,74.125.24.0-255,1484,108344,41,122372
26948,0.001939,74.125.24.0-255,2902,111246,41,122372
26949,0.001942,172.31.46.0-255,66,111312,41,122372
26950,0.001946,74.125.24.0-255,1484,112796,41,122372
26951,0.001973,74.125.24.0-255,4320,117116,41,122372
26952,0.001976,172.31.46.0-255,66,117182,41,122372
26953,0.00199,172.31.46.0-255,66,117248,41,122372
26954,0.002005,172.31.46.0-255,66,117314,41,122372
26955,0.002048,74.125.24.0-255,4320,121634,41,122372
26956,0.002052,172.31.46.0-255,66,121700,41,122372
26957,0.002095,172.31.46.0-255,66,121766,41,122372
26958,0.002106,172.31.46.0-255,66,121832,41,122372
26959,0.002188,172.31.46.0-255,66,121898,41,122372
26960,0.002191,172.31.46.0-255,66,121964,41,122372
26961,0.002235,172.31.46.0-255,66,122030,41,122372
26962,0.002246,172.31.46.0-255,66,122096,41,122372
26963,0.002248,74.125.24.0-255,105,122201,41,122372
26964,0.009782,172.31.46.0-255,66,122267,41,122372
26965,0.009845,172.31.46.0-255,105,122372,41,122372
26966,0.0,74.125.24.0-255,147,147,41,133671
26967,2.2e-05,172.31.46.0-255,66,213,41,133671
26968,2.9e-05,74.125.24.0-255,1484,1697,41,133671
26969,3.4e-05,172.31.46.0-255,66,1763,41,133671
26970,6.4e-05,74.125.24.0-255,2902,4665,41,133671
26971,6.7e-05,172.31.46.0-255,66,4731,41,133671
26972,7.4e-05,74.125.24.0-255,5738,10469,41,133671
26973,7.8e-05,172.31.46.0-255,66,10535,41,133671
26974,8.3e-05,74.125.24.0-255,3357,13892,41,133671
26975,8.6e-05,172.31.46.0-255,66,13958,41,133671
26976,0.000114,74.125.24.0-255,1484,15442,41,133671
26977,0.000117,172.31.46.0-255,66,15508,41,133671
26978,0.000122,74.125.24.0-255,2902,18410,41,133671
26979,0.000125,172.31.46.0-255,66,18476,41,133671
26980,0.000128,74.125.24.0-255,1484,19960,41,133671
26981,0.00013,172.31.46.0-255,66,20026,41,133671
26982,0.000182,74.125.24.0-255,4320,24346,41,133671
26983,0.000185,172.31.46.0-255,66,24412,41,133671
26984,0.000194,172.31.46.0-255,66,24478,41,133671
26985,0.000208,172.31.46.0-255,66,24544,41,133671
26986,0.000251,172.31.46.0-255,66,24610,41,133671
26987,0.000254,74.125.24.0-255,1484,26094,41,133671
26988,0.000257,172.31.46.0-255,66,26160,41,133671
26989,0.000284,172.31.46.0-255,66,26226,41,133671
26990,0.000291,74.125.24.0-255,5738,31964,41,133671
26991,0.000293,172.31.46.0-255,66,32030,41,133671
26992,0.00032,74.125.24.0-255,1737,33767,41,133671
26993,0.000326,172.31.46.0-255,66,33833,41,133671
26994,0.000452,74.125.24.0-255,1484,35317,41,133671
26995,0.000459,74.125.24.0-255,2902,38219,41,133671
26996,0.000462,172.31.46.0-255,66,38285,41,133671
26997,0.000466,74.125.24.0-255,1484,39769,41,133671
26998,0.000488,74.125.24.0-255,2902,42671,41,133671
26999,0.000491,172.31.46.0-255,66,42737,41,133671
27000,0.000497,74.125.24.0-255,5738,48475,41,133671
27001,0.000499,172.31.46.0-255,66,48541,41,133671
27002,0.000523,74.125.24.0-255,2543,51084,41,133671
27003,0.000525,172.31.46.0-255,66,51150,41,133671
27004,0.000551,74.125.24.0-255,2902,54052,41,133671
27005,0.000554,172.31.46.0-255,66,54118,41,133671
27006,0.000585,172.31.46.0-255,66,54184,41,133671
27007,0.000588,74.125.24.0-255,1484,55668,41,133671
27008,0.000625,74.125.24.0-255,5379,61047,41,133671
27009,0.000628,172.31.46.0-255,66,61113,41,133671
27010,0.001017,74.125.24.0-255,1484,62597,41,133671
27011,0.001024,74.125.24.0-255,2902,65499,41,133671
27012,0.001028,172.31.46.0-255,66,65565,41,133671
27013,0.001034,74.125.24.0-255,4320,69885,41,133671
27014,0.001036,172.31.46.0-255,66,69951,41,133671
27015,0.001054,74.125.24.0-255,1484,71435,41,133671
27016,0.00106,74.125.24.0-255,5738,77173,41,133671
27017,0.001062,172.31.46.0-255,66,77239,41,133671
27018,0.00111,172.31.46.0-255,66,77305,41,133671
27019,0.001118,172.31.46.0-255,66,77371,41,133671
27020,0.001502,74.125.24.0-255,1484,78855,41,133671
27021,0.001509,74.125.24.0-255,2902,81757,41,133671
27022,0.001512,172.31.46.0-255,66,81823,41,133671
27023,0.001519,74.125.24.0-255,5738,87561,41,133671
27024,0.001522,172.31.46.0-255,66,87627,41,133671
27025,0.001584,172.31.46.0-255,66,87693,41,133671
27026,0.001617,74.125.24.0-255,1484,89177,41,133671
27027,0.001631,172.31.46.0-255,66,89243,41,133671
27028,0.001717,74.125.24.0-255,1484,90727,41,133671
27029,0.001723,74.125.24.0-255,2902,93629,41,133671
27030,0.001726,172.31.46.0-255,66,93695,41,133671
27031,0.001733,74.125.24.0-255,5738,99433,41,133671
27032,0.001734,172.31.46.0-255,66,99499,41,133671
27033,0.001746,74.125.24.0-255,5738,105237,41,133671
27034,0.001748,172.31.46.0-255,66,105303,41,133671
27035,0.001793,172.31.46.0-255,66,105369,41,133671
27036,0.001801,74.125.24.0-255,5020,110389,41,133671
27037,0.001802,172.31.46.0-255,66,110455,41,133671
27038,0.003774,74.125.24.0-255,5738,116193,41,133671
27039,0.003784,172.31.46.0-255,66,116259,41,133671
27040,0.005721,74.125.24.0-255,5738,121997,41,133671
27041,0.005725,172.31.46.0-255,66,122063,41,133671
27042,0.007703,74.125.24.0-255,5738,127801,41,133671
27043,0.00771,172.31.46.0-255,66,127867,41,133671
27044,0.00971,74.125.24.0-255,5738,133605,41,133671
27045,0.009723,172.31.46.0-255,66,133671,41,133671
27046,0.0,172.217.194.0-255,298,298,41,154818
27047,2.3e-05,172.31.46.0-255,66,364,41,154818
27048,3e-05,172.217.194.0-255,1484,1848,41,154818
27049,3.5e-05,172.31.46.0-255,66,1914,41,154818
27050,4.2e-05,172.217.194.0-255,4320,6234,41,154818
27051,4.6e-05,172.31.46.0-255,66,6300,41,154818
27052,6.1e-05,172.217.194.0-255,1484,7784,41,154818
27053,6.3e-05,172.31.46.0-255,66,7850,41,154818
27054,9.2e-05,172.217.194.0-255,6034,13884,41,154818
27055,9.5e-05,172.31.46.0-255,66,13950,41,154818
27056,0.000353,172.217.194.0-255,1484,15434,41,154818
27057,0.000358,172.31.46.0-255,66,15500,41,154818
27058,0.000365,172.217.194.0-255,2902,18402,41,154818
27059,0.000368,172.31.46.0-255,66,18468,41,154818
27060,0.000374,172.217.194.0-255,5738,24206,41,154818
27061,0.000377,172.31.46.0-255,66,24272,41,154818
27062,0.000406,172.31.46.0-255,66,24338,41,154818
27063,0.000456,172.217.194.0-255,4320,28658,41,154818
27064,0.000459,172.31.46.0-255,66,28724,41,154818
27065,0.000465,172.217.194.0-255,5738,34462,41,154818
27066,0.000468,172.31.46.0-255,66,34528,41,154818
27067,0.000483,172.217.194.0-255,4320,38848,41,154818
27068,0.000487,172.31.46.0-255,66,38914,41,154818
27069,0.000505,172.31.46.0-255,66,38980,41,154818
27070,0.00051,172.217.194.0-255,4320,43300,41,154818
27071,0.000512,172.31.46.0-255,66,43366,41,154818
27072,0.000544,172.31.46.0-255,66,43432,41,154818
27073,0.000546,172.217.194.0-255,337,43769,41,154818
27074,0.000548,172.31.46.0-255,66,43835,41,154818
27075,0.000754,172.217.194.0-255,119,43954,41,154818
27076,0.00077,172.217.194.0-255,384,44338,41,154818
27077,0.001056,172.217.194.0-255,1484,45822,41,154818
27078,0.00106,172.31.46.0-255,66,45888,41,154818
27079,0.001067,172.217.194.0-255,2902,48790,41,154818
27080,0.001069,172.31.46.0-255,66,48856,41,154818
27081,0.001086,172.217.194.0-255,2902,51758,41,154818
27082,0.00109,172.31.46.0-255,66,51824,41,154818
27083,0.0011,172.217.194.0-255,2902,54726,41,154818
27084,0.001102,172.31.46.0-255,66,54792,41,154818
27085,0.001114,172.31.46.0-255,66,54858,41,154818
27086,0.001137,172.217.194.0-255,2902,57760,41,154818
27087,0.001139,172.31.46.0-255,66,57826,41,154818
27088,0.001177,172.31.46.0-255,66,57892,41,154818
27089,0.001195,172.217.194.0-255,766,58658,41,154818
27090,0.001242,172.217.194.0-255,1484,60142,41,154818
27091,0.001247,172.217.194.0-255,2902,63044,41,154818
27092,0.001249,172.217.194.0-255,1484,64528,41,154818
27093,0.001253,172.31.46.0-255,66,64594,41,154818
27094,0.001256,172.31.46.0-255,66,64660,41,154818
27095,0.001274,172.217.194.0-255,4320,68980,41,154818
27096,0.001277,172.31.46.0-255,66,69046,41,154818
27097,0.00128,172.217.194.0-255,1484,70530,41,154818
27098,0.001314,172.31.46.0-255,66,70596,41,154818
27099,0.00133,172.217.194.0-255,1484,72080,41,154818
27100,0.00135,172.31.46.0-255,66,72146,41,154818
27101,0.001368,172.217.194.0-255,2184,74330,41,154818
27102,0.001371,172.31.46.0-255,66,74396,41,154818
27103,0.001625,172.217.194.0-255,1484,75880,41,154818
27104,0.001639,172.217.194.0-255,2902,78782,41,154818
27105,0.001642,172.31.46.0-255,66,78848,41,154818
27106,0.001646,172.217.194.0-255,1484,80332,41,154818
27107,0.001663,172.217.194.0-255,4320,84652,41,154818
27108,0.001665,172.31.46.0-255,66,84718,41,154818
27109,0.00169,172.31.46.0-255,66,84784,41,154818
27110,0.001718,172.217.194.0-255,5738,90522,41,154818
27111,0.001721,172.31.46.0-255,66,90588,41,154818
27112,0.001735,172.31.46.0-255,66,90654,41,154818
27113,0.001778,172.217.194.0-255,1484,92138,41,154818
27114,0.001799,172.217.194.0-255,2902,95040,41,154818
27115,0.001802,172.31.46.0-255,66,95106,41,154818
27116,0.001809,172.217.194.0-255,5738,100844,41,154818
27117,0.001811,172.31.46.0-255,66,100910,41,154818
27118,0.001824,172.217.194.0-255,1484,102394,41,154818
27119,0.001846,172.31.46.0-255,66,102460,41,154818
27120,0.001866,172.217.194.0-255,2902,105362,41,154818
27121,0.001868,172.31.46.0-255,66,105428,41,154818
27122,0.001871,172.217.194.0-255,1484,106912,41,154818
27123,0.00189,172.217.194.0-255,5738,112650,41,154818
27124,0.001893,172.31.46.0-255,66,112716,41,154818
27125,0.001913,172.217.194.0-255,3602,116318,41,154818
27126,0.001916,172.31.46.0-255,66,116384,41,154818
27127,0.00192,172.217.194.0-255,1484,117868,41,154818
27128,0.001937,172.217.194.0-255,4320,122188,41,154818
27129,0.00194,172.31.46.0-255,66,122254,41,154818
27130,0.001968,172.31.46.0-255,66,122320,41,154818
27131,0.002016,172.31.46.0-255,66,122386,41,154818
27132,0.002019,172.31.46.0-255,66,122452,41,154818
27133,0.002033,172.217.194.0-255,1484,123936,41,154818
27134,0.00208,172.31.46.0-255,66,124002,41,154818
27135,0.002104,172.217.194.0-255,4320,128322,41,154818
27136,0.002107,172.31.46.0-255,66,128388,41,154818
27137,0.002169,172.31.46.0-255,66,128454,41,154818
27138,0.002185,172.217.194.0-255,2184,130638,41,154818
27139,0.002187,172.31.46.0-255,66,130704,41,154818
27140,0.002216,172.31.46.0-255,66,130770,41,154818
27141,0.002222,172.217.194.0-255,4320,135090,41,154818
27142,0.002225,172.31.46.0-255,66,135156,41,154818
27143,0.002229,172.217.194.0-255,2184,137340,41,154818
27144,0.002232,172.31.46.0-255,66,137406,41,154818
27145,0.004288,172.217.194.0-255,5738,143144,41,154818
27146,0.004296,172.31.46.0-255,66,143210,41,154818
27147,0.006363,172.217.194.0-255,5738,148948,41,154818
27148,0.006372,172.31.46.0-255,66,149014,41,154818
27149,0.00844,172.217.194.0-255,5738,154752,41,154818
27150,0.008447,172.31.46.0-255,66,154818,41,154818
27151,0.0,74.125.24.0-255,150,150,41,215333
27152,2.2e-05,172.31.46.0-255,66,216,41,215333
27153,2.9e-05,74.125.24.0-255,1484,1700,41,215333
27154,3.4e-05,172.31.46.0-255,66,1766,41,215333
27155,4.1e-05,74.125.24.0-255,2902,4668,41,215333
27156,5.2e-05,172.31.46.0-255,66,4734,41,215333
27157,6.4e-05,172.31.46.0-255,66,4800,41,215333
27158,6.8e-05,74.125.24.0-255,2011,6811,41,215333
27159,7.1e-05,172.31.46.0-255,66,6877,41,215333
27160,0.000219,74.125.24.0-255,1484,8361,41,215333
27161,0.000224,172.31.46.0-255,66,8427,41,215333
27162,0.00023,74.125.24.0-255,2902,11329,41,215333
27163,0.000233,172.31.46.0-255,66,11395,41,215333
27164,0.000241,74.125.24.0-255,1484,12879,41,215333
27165,0.000244,172.31.46.0-255,66,12945,41,215333
27166,0.000277,74.125.24.0-255,4320,17265,41,215333
27167,0.000281,172.31.46.0-255,66,17331,41,215333
27168,0.000284,74.125.24.0-255,1484,18815,41,215333
27169,0.000285,172.31.46.0-255,66,18881,41,215333
27170,0.000317,74.125.24.0-255,2902,21783,41,215333
27171,0.00032,172.31.46.0-255,66,21849,41,215333
27172,0.000374,74.125.24.0-255,1484,23333,41,215333
27173,0.000377,172.31.46.0-255,66,23399,41,215333
27174,0.000405,74.125.24.0-255,5379,28778,41,215333
27175,0.000408,172.31.46.0-255,66,28844,41,215333
27176,0.000412,74.125.24.0-255,2902,31746,41,215333
27177,0.000414,172.31.46.0-255,66,31812,41,215333
27178,0.000495,74.125.24.0-255,2902,34714,41,215333
27179,0.000498,172.31.46.0-255,66,34780,41,215333
27180,0.000532,172.31.46.0-255,66,34846,41,215333
27181,0.000535,74.125.24.0-255,1484,36330,41,215333
27182,0.000571,172.31.46.0-255,66,36396,41,215333
27183,0.000626,74.125.24.0-255,4320,40716,41,215333
27184,0.000629,172.31.46.0-255,66,40782,41,215333
27185,0.000646,74.125.24.0-255,1113,41895,41,215333
27186,0.000884,74.125.24.0-255,1484,43379,41,215333
27187,0.000891,172.31.46.0-255,66,43445,41,215333
27188,0.000913,74.125.24.0-255,2902,46347,41,215333
27189,0.000917,172.31.46.0-255,66,46413,41,215333
27190,0.000922,74.125.24.0-255,2902,49315,41,215333
27191,0.000924,172.31.46.0-255,66,49381,41,215333
27192,0.000959,74.125.24.0-255,5738,55119,41,215333
27193,0.000962,172.31.46.0-255,66,55185,41,215333
27194,0.000987,74.125.24.0-255,1484,56669,41,215333
27195,0.000999,74.125.24.0-255,1484,58153,41,215333
27196,0.001002,172.31.46.0-255,66,58219,41,215333
27197,0.001037,172.31.46.0-255,66,58285,41,215333
27198,0.001109,74.125.24.0-255,4320,62605,41,215333
27199,0.001112,172.31.46.0-255,66,62671,41,215333
27200,0.001141,74.125.24.0-255,3867,66538,41,215333
27201,0.001144,172.31.46.0-255,66,66604,41,215333
27202,0.001168,74.125.24.0-255,1484,68088,41,215333
27203,0.001174,74.125.24.0-255,2902,70990,41,215333
27204,0.001176,172.31.46.0-255,66,71056,41,215333
27205,0.001183,74.125.24.0-255,5738,76794,41,215333
27206,0.001186,172.31.46.0-255,66,76860,41,215333
27207,0.001202,172.31.46.0-255,66,76926,41,215333
27208,0.001216,172.31.46.0-255,66,76992,41,215333
27209,0.00122,74.125.24.0-255,2184,79176,41,215333
27210,0.001222,172.31.46.0-255,66,79242,41,215333
27211,0.001257,74.125.24.0-255,1484,80726,41,215333
27212,0.001262,74.125.24.0-255,2902,83628,41,215333
27213,0.001265,172.31.46.0-255,66,83694,41,215333
27214,0.001271,74.125.24.0-255,5738,89432,41,215333
27215,0.001273,172.31.46.0-255,66,89498,41,215333
27216,0.001284,74.125.24.0-255,4320,93818,41,215333
27217,0.001286,172.31.46.0-255,66,93884,41,215333
27218,0.001324,172.31.46.0-255,66,93950,41,215333
27219,0.001329,74.125.24.0-255,4320,98270,41,215333
27220,0.001331,172.31.46.0-255,66,98336,41,215333
27221,0.001365,74.125.24.0-255,5020,103356,41,215333
27222,0.001368,172.31.46.0-255,66,103422,41,215333
27223,0.00137,74.125.24.0-255,1484,104906,41,215333
27224,0.001397,74.125.24.0-255,2902,107808,41,215333
27225,0.0014,172.31.46.0-255,66,107874,41,215333
27226,0.001406,74.125.24.0-255,5738,113612,41,215333
27227,0.001408,172.31.46.0-255,66,113678,41,215333
27228,0.001418,74.125.24.0-255,2902,116580,41,215333
27229,0.00142,172.31.46.0-255,66,116646,41,215333
27230,0.001462,172.31.46.0-255,66,116712,41,215333
27231,0.00148,172.31.46.0-255,66,116778,41,215333
27232,0.001484,74.125.24.0-255,2184,118962,41,215333
27233,0.001486,172.31.46.0-255,66,119028,41,215333
27234,0.001531,74.125.24.0-255,1484,120512,41,215333
27235,0.001536,74.125.24.0-255,2902,123414,41,215333
27236,0.001539,172.31.46.0-255,66,123480,41,215333
27237,0.001563,74.125.24.0-255,5738,129218,41,215333
27238,0.001565,172.31.46.0-255,66,129284,41,215333
27239,0.001572,74.125.24.0-255,4320,133604,41,215333
27240,0.001574,172.31.46.0-255,66,133670,41,215333
27241,0.001611,172.31.46.0-255,66,133736,41,215333
27242,0.001621,172.31.46.0-255,66,133802,41,215333
27243,0.001626,74.125.24.0-255,3602,137404,41,215333
27244,0.001629,172.31.46.0-255,66,137470,41,215333
27245,0.001903,74.125.24.0-255,1484,138954,41,215333
27246,0.001909,74.125.24.0-255,2902,141856,41,215333
27247,0.001914,172.31.46.0-255,66,141922,41,215333
27248,0.001918,74.125.24.0-255,1484,143406,41,215333
27249,0.001941,74.125.24.0-255,2902,146308,41,215333
27250,0.001944,172.31.46.0-255,66,146374,41,215333
27251,0.00197,74.125.24.0-255,4320,150694,41,215333
27252,0.001973,172.31.46.0-255,66,150760,41,215333
27253,0.002,74.125.24.0-255,1484,152244,41,215333
27254,0.002004,74.125.24.0-255,1484,153728,41,215333
27255,0.002006,172.31.46.0-255,66,153794,41,215333
27256,0.002027,74.125.24.0-255,5738,159532,41,215333
27257,0.00203,172.31.46.0-255,66,159598,41,215333
27258,0.002058,74.125.24.0-255,5738,165336,41,215333
27259,0.002061,172.31.46.0-255,66,165402,41,215333
27260,0.002071,172.31.46.0-255,66,165468,41,215333
27261,0.002095,172.31.46.0-255,66,165534,41,215333
27262,0.002107,172.31.46.0-255,66,165600,41,215333
27263,0.002117,172.31.46.0-255,66,165666,41,215333
27264,0.002126,172.31.46.0-255,66,165732,41,215333
27265,0.00213,74.125.24.0-255,2902,168634,41,215333
27266,0.002132,172.31.46.0-255,66,168700,41,215333
27267,0.002156,172.31.46.0-255,66,168766,41,215333
27268,0.002196,172.31.46.0-255,66,168832,41,215333
27269,0.00222,74.125.24.0-255,766,169598,41,215333
27270,0.002232,74.125.24.0-255,1484,171082,41,215333
27271,0.002234,172.31.46.0-255,66,171148,41,215333
27272,0.002258,74.125.24.0-255,2902,174050,41,215333
27273,0.002261,172.31.46.0-255,66,174116,41,215333
27274,0.002289,74.125.24.0-255,5738,179854,41,215333
27275,0.002291,172.31.46.0-255,66,179920,41,215333
27276,0.002297,74.125.24.0-255,4320,184240,41,215333
27277,0.002299,172.31.46.0-255,66,184306,41,215333
27278,0.00233,172.31.46.0-255,66,184372,41,215333
27279,0.002355,74.125.24.0-255,1484,185856,41,215333
27280,0.002361,74.125.24.0-255,5738,191594,41,215333
27281,0.002364,172.31.46.0-255,66,191660,41,215333
27282,0.002367,74.125.24.0-255,1484,193144,41,215333
27283,0.002398,172.31.46.0-255,66,193210,41,215333
27284,0.002403,74.125.24.0-255,2902,196112,41,215333
27285,0.002405,172.31.46.0-255,66,196178,41,215333
27286,0.002428,74.125.24.0-255,4320,200498,41,215333
27287,0.002431,172.31.46.0-255,66,200564,41,215333
27288,0.002441,172.31.46.0-255,66,200630,41,215333
27289,0.002479,74.125.24.0-255,1484,202114,41,215333
27290,0.002493,172.31.46.0-255,66,202180,41,215333
27291,0.002496,74.125.24.0-255,1484,203664,41,215333
27292,0.002498,74.125.24.0-255,1484,205148,41,215333
27293,0.0025,172.31.46.0-255,66,205214,41,215333
27294,0.00251,74.125.24.0-255,4320,209534,41,215333
27295,0.002513,172.31.46.0-255,66,209600,41,215333
27296,0.002545,74.125.24.0-255,4737,214337,41,215333
27297,0.002548,172.31.46.0-255,66,214403,41,215333
27298,0.002605,74.125.24.0-255,105,214508,41,215333
27299,0.002628,74.125.24.0-255,129,214637,41,215333
27300,0.006704,172.31.46.0-255,105,214742,41,215333
27301,0.006767,172.31.46.0-255,105,214847,41,215333
27302,0.007014,172.31.46.0-255,90,214937,41,215333
27303,0.007034,172.31.46.0-255,66,215003,41,215333
27304,0.008993,74.125.24.0-255,66,215069,41,215333
27305,0.009009,74.125.24.0-255,66,215135,41,215333
27306,0.009242,74.125.24.0-255,66,215201,41,215333
27307,0.009298,74.125.24.0-255,66,215267,41,215333
27308,0.009308,172.31.46.0-255,66,215333,41,215333
27309,0.0,74.125.130.0-255,153,153,41,172898
27310,2.3e-05,172.31.46.0-255,66,219,41,172898
27311,3e-05,74.125.130.0-255,1484,1703,41,172898
27312,3.6e-05,172.31.46.0-255,66,1769,41,172898
27313,6.7e-05,74.125.130.0-255,2902,4671,41,172898
27314,7e-05,172.31.46.0-255,66,4737,41,172898
27315,7.3e-05,74.125.130.0-255,1484,6221,41,172898
27316,7.6e-05,172.31.46.0-255,66,6287,41,172898
27317,8.2e-05,74.125.130.0-255,2902,9189,41,172898
27318,8.5e-05,172.31.46.0-255,66,9255,41,172898
27319,0.000124,74.125.130.0-255,4739,13994,41,172898
27320,0.000127,172.31.46.0-255,66,14060,41,172898
27321,0.000338,74.125.130.0-255,1484,15544,41,172898
27322,0.000343,172.31.46.0-255,66,15610,41,172898
27323,0.000349,74.125.130.0-255,2902,18512,41,172898
27324,0.000351,172.31.46.0-255,66,18578,41,172898
27325,0.000355,74.125.130.0-255,1484,20062,41,172898
27326,0.000358,172.31.46.0-255,66,20128,41,172898
27327,0.000397,74.125.130.0-255,4320,24448,41,172898
27328,0.0004,172.31.46.0-255,66,24514,41,172898
27329,0.000407,74.125.130.0-255,5738,30252,41,172898
27330,0.000409,172.31.46.0-255,66,30318,41,172898
27331,0.000428,74.125.130.0-255,1125,31443,41,172898
27332,0.00043,172.31.46.0-255,66,31509,41,172898
27333,0.00046,74.125.130.0-255,2902,34411,41,172898
27334,0.000463,172.31.46.0-255,66,34477,41,172898
27335,0.000484,74.125.130.0-255,5738,40215,41,172898
27336,0.000487,172.31.46.0-255,66,40281,41,172898
27337,0.000523,74.125.130.0-255,4320,44601,41,172898
27338,0.000529,172.31.46.0-255,66,44667,41,172898
27339,0.000546,74.125.130.0-255,5738,50405,41,172898
27340,0.000549,172.31.46.0-255,66,50471,41,172898
27341,0.000604,74.125.130.0-255,1484,51955,41,172898
27342,0.000646,172.31.46.0-255,66,52021,41,172898
27343,0.00068,74.125.130.0-255,4320,56341,41,172898
27344,0.000693,74.125.130.0-255,1377,57718,41,172898
27345,0.000702,172.31.46.0-255,66,57784,41,172898
27346,0.00072,74.125.130.0-255,2902,60686,41,172898
27347,0.00074,172.31.46.0-255,66,60752,41,172898
27348,0.000745,74.125.130.0-255,2902,63654,41,172898
27349,0.00075,172.31.46.0-255,66,63720,41,172898
27350,0.000766,74.125.130.0-255,1484,65204,41,172898
27351,0.000787,74.125.130.0-255,5738,70942,41,172898
27352,0.000793,172.31.46.0-255,66,71008,41,172898
27353,0.000809,74.125.130.0-255,2902,73910,41,172898
27354,0.000824,172.31.46.0-255,66,73976,41,172898
27355,0.000859,74.125.130.0-255,1484,75460,41,172898
27356,0.000864,74.125.130.0-255,1484,76944,41,172898
27357,0.000896,172.31.46.0-255,66,77010,41,172898
27358,0.000907,74.125.130.0-255,4320,81330,41,172898
27359,0.000932,172.31.46.0-255,66,81396,41,172898
27360,0.000973,74.125.130.0-255,2184,83580,41,172898
27361,0.000995,74.125.130.0-255,4320,87900,41,172898
27362,0.000998,172.31.46.0-255,66,87966,41,172898
27363,0.001004,172.31.46.0-255,66,88032,41,172898
27364,0.001041,74.125.130.0-255,1484,89516,41,172898
27365,0.001048,172.31.46.0-255,66,89582,41,172898
27366,0.001097,74.125.130.0-255,5738,95320,41,172898
27367,0.001124,172.31.46.0-255,66,95386,41,172898
27368,0.001129,172.31.46.0-255,66,95452,41,172898
27369,0.001246,74.125.130.0-255,4320,99772,41,172898
27370,0.001309,172.31.46.0-255,66,99838,41,172898
27371,0.001318,74.125.130.0-255,2184,102022,41,172898
27372,0.001324,172.31.46.0-255,66,102088,41,172898
27373,0.001597,74.125.130.0-255,1484,103572,41,172898
27374,0.001612,74.125.130.0-255,2902,106474,41,172898
27375,0.001615,172.31.46.0-255,66,106540,41,172898
27376,0.001622,74.125.130.0-255,5738,112278,41,172898
27377,0.001649,172.31.46.0-255,66,112344,41,172898
27378,0.001653,74.125.130.0-255,1484,113828,41,172898
27379,0.001667,74.125.130.0-255,2902,116730,41,172898
27380,0.001679,74.125.130.0-255,1484,118214,41,172898
27381,0.001691,74.125.130.0-255,4320,122534,41,172898
27382,0.001703,172.31.46.0-255,66,122600,41,172898
27383,0.001732,74.125.130.0-255,1484,124084,41,172898
27384,0.001749,74.125.130.0-255,1484,125568,41,172898
27385,0.001756,172.31.46.0-255,66,125634,41,172898
27386,0.001804,74.125.130.0-255,1484,127118,41,172898
27387,0.001812,172.31.46.0-255,66,127184,41,172898
27388,0.001831,74.125.130.0-255,2184,129368,41,172898
27389,0.001878,172.31.46.0-255,66,129434,41,172898
27390,0.001926,74.125.130.0-255,1484,130918,41,172898
27391,0.001941,74.125.130.0-255,2902,133820,41,172898
27392,0.001965,74.125.130.0-255,5738,139558,41,172898
27393,0.002003,74.125.130.0-255,5738,145296,41,172898
27394,0.002027,74.125.130.0-255,5738,151034,41,172898
27395,0.002042,74.125.130.0-255,1484,152518,41,172898
27396,0.002102,74.125.130.0-255,2902,155420,41,172898
27397,0.002115,74.125.130.0-255,1484,156904,41,172898
27398,0.002181,74.125.130.0-255,1484,158388,41,172898
27399,0.002286,74.125.130.0-255,2902,161290,41,172898
27400,0.002312,74.125.130.0-255,5738,167028,41,172898
27401,0.00704,172.31.46.0-255,66,167094,41,172898
27402,0.009289,74.125.130.0-255,5738,172832,41,172898
27403,0.009303,172.31.46.0-255,66,172898,41,172898
27404,0.0,172.217.194.0-255,301,301,41,127760
27405,2.1e-05,172.31.46.0-255,66,367,41,127760
27406,2.7e-05,172.217.194.0-255,1484,1851,41,127760
27407,3.1e-05,172.31.46.0-255,66,1917,41,127760
27408,3.7e-05,172.217.194.0-255,4320,6237,41,127760
27409,4.6e-05,172.31.46.0-255,66,6303,41,127760
27410,5.1e-05,172.217.194.0-255,4320,10623,41,127760
27411,5.4e-05,172.31.46.0-255,66,10689,41,127760
27412,8e-05,172.217.194.0-255,3323,14012,41,127760
27413,8.2e-05,172.31.46.0-255,66,14078,41,127760
27414,0.000202,172.217.194.0-255,1484,15562,41,127760
27415,0.000206,172.31.46.0-255,66,15628,41,127760
27416,0.00021,172.217.194.0-255,1484,17112,41,127760
27417,0.000211,172.31.46.0-255,66,17178,41,127760
27418,0.000232,172.217.194.0-255,1484,18662,41,127760
27419,0.000234,172.31.46.0-255,66,18728,41,127760
27420,0.000243,172.217.194.0-255,5738,24466,41,127760
27421,0.000246,172.31.46.0-255,66,24532,41,127760
27422,0.000272,172.217.194.0-255,2902,27434,41,127760
27423,0.000277,172.31.46.0-255,66,27500,41,127760
27424,0.000312,172.31.46.0-255,66,27566,41,127760
27425,0.00032,172.31.46.0-255,66,27632,41,127760
27426,0.000349,172.217.194.0-255,2543,30175,41,127760
27427,0.000351,172.31.46.0-255,66,30241,41,127760
27428,0.000815,172.217.194.0-255,1484,31725,41,127760
27429,0.00082,172.31.46.0-255,66,31791,41,127760
27430,0.000826,172.217.194.0-255,1484,33275,41,127760
27431,0.000828,172.31.46.0-255,66,33341,41,127760
27432,0.000844,172.217.194.0-255,1484,34825,41,127760
27433,0.000846,172.31.46.0-255,66,34891,41,127760
27434,0.000852,172.217.194.0-255,5738,40629,41,127760
27435,0.000853,172.31.46.0-255,66,40695,41,127760
27436,0.000858,172.217.194.0-255,4320,45015,41,127760
27437,0.000887,172.217.194.0-255,2543,47558,41,127760
27438,0.000983,172.217.194.0-255,1484,49042,41,127760
27439,0.000989,172.217.194.0-255,2902,51944,41,127760
27440,0.001007,172.217.194.0-255,5738,57682,41,127760
27441,0.001047,172.217.194.0-255,2902,60584,41,127760
27442,0.001062,172.217.194.0-255,4541,65125,41,127760
27443,0.001228,172.217.194.0-255,1484,66609,41,127760
27444,0.001234,172.217.194.0-255,2902,69511,41,127760
27445,0.001237,172.217.194.0-255,1484,70995,41,127760
27446,0.001256,172.217.194.0-255,4320,75315,41,127760
27447,0.001294,172.217.194.0-255,1484,76799,41,127760
27448,0.001312,172.217.194.0-255,5379,82178,41,127760
27449,0.001751,172.217.194.0-255,1484,83662,41,127760
27450,0.001758,172.217.194.0-255,2902,86564,41,127760
27451,0.001769,172.217.194.0-255,1484,88048,41,127760
27452,0.001788,172.217.194.0-255,4320,92368,41,127760
27453,0.001792,172.217.194.0-255,4320,96688,41,127760
27454,0.001808,172.217.194.0-255,5738,102426,41,127760
27455,0.001828,172.217.194.0-255,5738,108164,41,127760
27456,0.001846,172.217.194.0-255,5738,113902,41,127760
27457,0.001857,172.217.194.0-255,2184,116086,41,127760
27458,0.004222,172.31.46.0-255,66,116152,41,127760
27459,0.006494,172.217.194.0-255,5738,121890,41,127760
27460,0.0065,172.31.46.0-255,66,121956,41,127760
27461,0.008758,172.217.194.0-255,5738,127694,41,127760
27462,0.008765,172.31.46.0-255,66,127760,41,127760
27463,0.0,74.125.24.0-255,152,152,41,218267
27464,1.4e-05,172.31.46.0-255,66,218,41,218267
27465,2.1e-05,74.125.24.0-255,1484,1702,41,218267
27466,2.6e-05,172.31.46.0-255,66,1768,41,218267
27467,3.1e-05,74.125.24.0-255,2902,4670,41,218267
27468,3.4e-05,172.31.46.0-255,66,4736,41,218267
27469,3.7e-05,74.125.24.0-255,1484,6220,41,218267
27470,3.9e-05,172.31.46.0-255,66,6286,41,218267
27471,6.8e-05,74.125.24.0-255,5738,12024,41,218267
27472,7.1e-05,172.31.46.0-255,66,12090,41,218267
27473,7.5e-05,74.125.24.0-255,2007,14097,41,218267
27474,7.7e-05,172.31.46.0-255,66,14163,41,218267
27475,9.8e-05,74.125.24.0-255,2902,17065,41,218267
27476,0.000101,172.31.46.0-255,66,17131,41,218267
27477,0.000118,74.125.24.0-255,2902,20033,41,218267
27478,0.00012,172.31.46.0-255,66,20099,41,218267
27479,0.000145,74.125.24.0-255,4320,24419,41,218267
27480,0.000147,172.31.46.0-255,66,24485,41,218267
27481,0.000154,74.125.24.0-255,5738,30223,41,218267
27482,0.000156,172.31.46.0-255,66,30289,41,218267
27483,0.000171,74.125.24.0-255,5738,36027,41,218267
27484,0.000173,172.31.46.0-255,66,36093,41,218267
27485,0.00018,74.125.24.0-255,5738,41831,41,218267
27486,0.000182,172.31.46.0-255,66,41897,41,218267
27487,0.000214,172.31.46.0-255,66,41963,41,218267
27488,0.000264,74.125.24.0-255,5738,47701,41,218267
27489,0.000267,172.31.46.0-255,66,47767,41,218267
27490,0.000297,172.31.46.0-255,66,47833,41,218267
27491,0.0003,74.125.24.0-255,1484,49317,41,218267
27492,0.000302,172.31.46.0-255,66,49383,41,218267
27493,0.000307,74.125.24.0-255,3122,52505,41,218267
27494,0.000309,172.31.46.0-255,66,52571,41,218267
27495,0.000978,74.125.24.0-255,1484,54055,41,218267
27496,0.000986,74.125.24.0-255,2902,56957,41,218267
27497,0.000989,172.31.46.0-255,66,57023,41,218267
27498,0.001016,74.125.24.0-255,4320,61343,41,218267
27499,0.001019,172.31.46.0-255,66,61409,41,218267
27500,0.001035,74.125.24.0-255,1484,62893,41,218267
27501,0.001059,74.125.24.0-255,2902,65795,41,218267
27502,0.001061,172.31.46.0-255,66,65861,41,218267
27503,0.001088,172.31.46.0-255,66,65927,41,218267
27504,0.001098,172.31.46.0-255,66,65993,41,218267
27505,0.001123,74.125.24.0-255,3602,69595,41,218267
27506,0.001125,172.31.46.0-255,66,69661,41,218267
27507,0.001289,74.125.24.0-255,1484,71145,41,218267
27508,0.001294,74.125.24.0-255,2902,74047,41,218267
27509,0.0013,172.31.46.0-255,66,74113,41,218267
27510,0.001327,74.125.24.0-255,4320,78433,41,218267
27511,0.00133,172.31.46.0-255,66,78499,41,218267
27512,0.001351,74.125.24.0-255,1484,79983,41,218267
27513,0.001354,74.125.24.0-255,1484,81467,41,218267
27514,0.001357,172.31.46.0-255,66,81533,41,218267
27515,0.001384,172.31.46.0-255,66,81599,41,218267
27516,0.001429,172.31.46.0-255,66,81665,41,218267
27517,0.00145,74.125.24.0-255,2184,83849,41,218267
27518,0.001452,172.31.46.0-255,66,83915,41,218267
27519,0.001463,172.31.46.0-255,66,83981,41,218267
27520,0.001486,172.31.46.0-255,66,84047,41,218267
27521,0.001518,172.31.46.0-255,66,84113,41,218267
27522,0.001646,74.125.24.0-255,1484,85597,41,218267
27523,0.001652,74.125.24.0-255,2902,88499,41,218267
27524,0.001656,172.31.46.0-255,66,88565,41,218267
27525,0.001663,74.125.24.0-255,5738,94303,41,218267
27526,0.001666,172.31.46.0-255,66,94369,41,218267
27527,0.001671,74.125.24.0-255,4320,98689,41,218267
27528,0.001673,172.31.46.0-255,66,98755,41,218267
27529,0.001706,172.31.46.0-255,66,98821,41,218267
27530,0.001723,74.125.24.0-255,4320,103141,41,218267
27531,0.001726,172.31.46.0-255,66,103207,41,218267
27532,0.001758,172.31.46.0-255,66,103273,41,218267
27533,0.001761,74.125.24.0-255,1484,104757,41,218267
27534,0.001773,74.125.24.0-255,1484,106241,41,218267
27535,0.001776,172.31.46.0-255,66,106307,41,218267
27536,0.001797,74.125.24.0-255,1484,107791,41,218267
27537,0.001813,74.125.24.0-255,4320,112111,41,218267
27538,0.001816,172.31.46.0-255,66,112177,41,218267
27539,0.001834,74.125.24.0-255,1484,113661,41,218267
27540,0.001839,74.125.24.0-255,5738,119399,41,218267
27541,0.001841,74.125.24.0-255,1484,120883,41,218267
27542,0.001845,172.31.46.0-255,66,120949,41,218267
27543,0.001868,172.31.46.0-255,66,121015,41,218267
27544,0.001874,74.125.24.0-255,4320,125335,41,218267
27545,0.001876,172.31.46.0-255,66,125401,41,218267
27546,0.001901,74.125.24.0-255,5020,130421,41,218267
27547,0.001903,172.31.46.0-255,66,130487,41,218267
27548,0.001919,74.125.24.0-255,2902,133389,41,218267
27549,0.001922,172.31.46.0-255,66,133455,41,218267
27550,0.001959,74.125.24.0-255,5020,138475,41,218267
27551,0.001964,172.31.46.0-255,66,138541,41,218267
27552,0.001971,172.31.46.0-255,66,138607,41,218267
27553,0.002087,74.125.24.0-255,1484,140091,41,218267
27554,0.002104,74.125.24.0-255,2902,142993,41,218267
27555,0.002108,172.31.46.0-255,66,143059,41,218267
27556,0.002115,74.125.24.0-255,5738,148797,41,218267
27557,0.002117,172.31.46.0-255,66,148863,41,218267
27558,0.00215,74.125.24.0-255,1484,150347,41,218267
27559,0.002172,74.125.24.0-255,2902,153249,41,218267
27560,0.002175,172.31.46.0-255,66,153315,41,218267
27561,0.00218,74.125.24.0-255,2902,156217,41,218267
27562,0.002182,172.31.46.0-255,66,156283,41,218267
27563,0.002198,74.125.24.0-255,2902,159185,41,218267
27564,0.0022,172.31.46.0-255,66,159251,41,218267
27565,0.002204,74.125.24.0-255,2902,162153,41,218267
27566,0.002206,172.31.46.0-255,66,162219,41,218267
27567,0.002225,74.125.24.0-255,1484,163703,41,218267
27568,0.002245,172.31.46.0-255,66,163769,41,218267
27569,0.002248,74.125.24.0-255,766,164535,41,218267
27570,0.002357,74.125.24.0-255,1484,166019,41,218267
27571,0.002361,172.31.46.0-255,66,166085,41,218267
27572,0.002365,74.125.24.0-255,2902,168987,41,218267
27573,0.002368,172.31.46.0-255,66,169053,41,218267
27574,0.002404,74.125.24.0-255,1484,170537,41,218267
27575,0.002421,74.125.24.0-255,4320,174857,41,218267
27576,0.002424,172.31.46.0-255,66,174923,41,218267
27577,0.002429,74.125.24.0-255,5738,180661,41,218267
27578,0.002432,172.31.46.0-255,66,180727,41,218267
27579,0.002444,172.31.46.0-255,66,180793,41,218267
27580,0.002466,74.125.24.0-255,1484,182277,41,218267
27581,0.002472,74.125.24.0-255,5020,187297,41,218267
27582,0.002474,172.31.46.0-255,66,187363,41,218267
27583,0.002743,74.125.24.0-255,1484,188847,41,218267
27584,0.002762,74.125.24.0-255,2902,191749,41,218267
27585,0.002766,172.31.46.0-255,66,191815,41,218267
27586,0.00277,74.125.24.0-255,2902,194717,41,218267
27587,0.002772,172.31.46.0-255,66,194783,41,218267
27588,0.002787,74.125.24.0-255,2902,197685,41,218267
27589,0.002789,172.31.46.0-255,66,197751,41,218267
27590,0.002794,74.125.24.0-255,2902,200653,41,218267
27591,0.002795,172.31.46.0-255,66,200719,41,218267
27592,0.002825,172.31.46.0-255,66,200785,41,218267
27593,0.002836,172.31.46.0-255,66,200851,41,218267
27594,0.002879,74.125.24.0-255,5738,206589,41,218267
27595,0.002882,172.31.46.0-255,66,206655,41,218267
27596,0.002923,172.31.46.0-255,66,206721,41,218267
27597,0.002942,74.125.24.0-255,2184,208905,41,218267
27598,0.002947,74.125.24.0-255,4320,213225,41,218267
27599,0.00295,172.31.46.0-255,66,213291,41,218267
27600,0.002953,172.31.46.0-255,66,213357,41,218267
27601,0.002992,172.31.46.0-255,66,213423,41,218267
27602,0.002999,74.125.24.0-255,4436,217859,41,218267
27603,0.003001,172.31.46.0-255,66,217925,41,218267
27604,0.003005,74.125.24.0-255,105,218030,41,218267
27605,0.005187,172.31.46.0-255,66,218096,41,218267
27606,0.005225,172.31.46.0-255,105,218201,41,218267
27607,0.007273,74.125.24.0-255,66,218267,41,218267
27608,0.0,172.217.160.0-255,145,145,41,218697
27609,1.6e-05,172.31.46.0-255,66,211,41,218697
27610,2.3e-05,172.217.160.0-255,1484,1695,41,218697
27611,2.8e-05,172.31.46.0-255,66,1761,41,218697
27612,3.4e-05,172.217.160.0-255,2902,4663,41,218697
27613,3.8e-05,172.31.46.0-255,66,4729,41,218697
27614,4.9e-05,172.31.46.0-255,66,4795,41,218697
27615,7.3e-05,172.217.160.0-255,2083,6878,41,218697
27616,7.6e-05,172.31.46.0-255,66,6944,41,218697
27617,8e-05,172.217.160.0-255,2902,9846,41,218697
27618,8.3e-05,172.31.46.0-255,66,9912,41,218697
27619,8.6e-05,172.217.160.0-255,1484,11396,41,218697
27620,8.8e-05,172.31.46.0-255,66,11462,41,218697
27621,0.000116,172.217.160.0-255,5738,17200,41,218697
27622,0.000118,172.31.46.0-255,66,17266,41,218697
27623,0.000128,172.31.46.0-255,66,17332,41,218697
27624,0.000192,172.217.160.0-255,1484,18816,41,218697
27625,0.000195,172.31.46.0-255,66,18882,41,218697
27626,0.000199,172.217.160.0-255,1484,20366,41,218697
27627,0.000201,172.31.46.0-255,66,20432,41,218697
27628,0.000213,172.217.160.0-255,1484,21916,41,218697
27629,0.000215,172.31.46.0-255,66,21982,41,218697
27630,0.000222,172.217.160.0-255,5738,27720,41,218697
27631,0.000225,172.31.46.0-255,66,27786,41,218697
27632,0.00027,172.217.160.0-255,2902,30688,41,218697
27633,0.000274,172.31.46.0-255,66,30754,41,218697
27634,0.000295,172.217.160.0-255,3961,34715,41,218697
27635,0.000298,172.31.46.0-255,66,34781,41,218697
27636,0.000609,172.217.160.0-255,1484,36265,41,218697
27637,0.000614,172.31.46.0-255,66,36331,41,218697
27638,0.00062,172.217.160.0-255,2902,39233,41,218697
27639,0.000622,172.31.46.0-255,66,39299,41,218697
27640,0.000627,172.217.160.0-255,2902,42201,41,218697
27641,0.00063,172.31.46.0-255,66,42267,41,218697
27642,0.00065,172.217.160.0-255,2902,45169,41,218697
27643,0.000653,172.31.46.0-255,66,45235,41,218697
27644,0.00066,172.217.160.0-255,5738,50973,41,218697
27645,0.000662,172.31.46.0-255,66,51039,41,218697
27646,0.000688,172.217.160.0-255,1433,52472,41,218697
27647,0.000993,172.217.160.0-255,369,52841,41,218697
27648,0.000997,172.31.46.0-255,66,52907,41,218697
27649,0.001079,172.217.160.0-255,1484,54391,41,218697
27650,0.001085,172.217.160.0-255,2902,57293,41,218697
27651,0.001088,172.31.46.0-255,66,57359,41,218697
27652,0.001106,172.217.160.0-255,1484,58843,41,218697
27653,0.001118,172.217.160.0-255,1484,60327,41,218697
27654,0.00112,172.31.46.0-255,66,60393,41,218697
27655,0.001138,172.217.160.0-255,1484,61877,41,218697
27656,0.001146,172.217.160.0-255,5738,67615,41,218697
27657,0.001148,172.31.46.0-255,66,67681,41,218697
27658,0.001152,172.217.160.0-255,2543,70224,41,218697
27659,0.001154,172.31.46.0-255,66,70290,41,218697
27660,0.0012,172.31.46.0-255,66,70356,41,218697
27661,0.001209,172.31.46.0-255,66,70422,41,218697
27662,0.002429,172.217.160.0-255,1484,71906,41,218697
27663,0.002438,172.217.160.0-255,2902,74808,41,218697
27664,0.002443,172.31.46.0-255,66,74874,41,218697
27665,0.002451,172.217.160.0-255,5738,80612,41,218697
27666,0.002453,172.31.46.0-255,66,80678,41,218697
27667,0.002483,172.217.160.0-255,2902,83580,41,218697
27668,0.002485,172.31.46.0-255,66,83646,41,218697
27669,0.00251,172.31.46.0-255,66,83712,41,218697
27670,0.00252,172.31.46.0-255,66,83778,41,218697
27671,0.002524,172.217.160.0-255,2184,85962,41,218697
27672,0.002527,172.31.46.0-255,66,86028,41,218697
27673,0.002599,172.217.160.0-255,1484,87512,41,218697
27674,0.002604,172.217.160.0-255,2902,90414,41,218697
27675,0.002607,172.31.46.0-255,66,90480,41,218697
27676,0.002627,172.217.160.0-255,5738,96218,41,218697
27677,0.00263,172.31.46.0-255,66,96284,41,218697
27678,0.002684,172.31.46.0-255,66,96350,41,218697
27679,0.00269,172.217.160.0-255,4320,100670,41,218697
27680,0.002692,172.31.46.0-255,66,100736,41,218697
27681,0.002713,172.31.46.0-255,66,100802,41,218697
27682,0.002725,172.31.46.0-255,66,100868,41,218697
27683,0.002753,172.217.160.0-255,2902,103770,41,218697
27684,0.002756,172.31.46.0-255,66,103836,41,218697
27685,0.002776,172.31.46.0-255,66,103902,41,218697
27686,0.00279,172.217.160.0-255,1484,105386,41,218697
27687,0.002793,172.217.160.0-255,1484,106870,41,218697
27688,0.002795,172.31.46.0-255,66,106936,41,218697
27689,0.002818,172.217.160.0-255,1484,108420,41,218697
27690,0.002824,172.217.160.0-255,5738,114158,41,218697
27691,0.002826,172.31.46.0-255,66,114224,41,218697
27692,0.002831,172.217.160.0-255,2902,117126,41,218697
27693,0.002833,172.31.46.0-255,66,117192,41,218697
27694,0.002855,172.31.46.0-255,66,117258,41,218697
27695,0.00286,172.217.160.0-255,2902,120160,41,218697
27696,0.002862,172.31.46.0-255,66,120226,41,218697
27697,0.002877,172.217.160.0-255,5738,125964,41,218697
27698,0.00288,172.31.46.0-255,66,126030,41,218697
27699,0.002907,172.217.160.0-255,2184,128214,41,218697
27700,0.002909,172.31.46.0-255,66,128280,41,218697
27701,0.003038,172.217.160.0-255,1484,129764,41,218697
27702,0.003052,172.217.160.0-255,1484,131248,41,218697
27703,0.003054,172.31.46.0-255,66,131314,41,218697
27704,0.00307,172.217.160.0-255,1484,132798,41,218697
27705,0.003076,172.217.160.0-255,5738,138536,41,218697
27706,0.003079,172.31.46.0-255,66,138602,41,218697
27707,0.003105,172.217.160.0-255,5738,144340,41,218697
27708,0.003107,172.31.46.0-255,66,144406,41,218697
27709,0.003117,172.31.46.0-255,66,144472,41,218697
27710,0.00312,172.217.160.0-255,1484,145956,41,218697
27711,0.003146,172.217.160.0-255,2902,148858,41,218697
27712,0.003148,172.31.46.0-255,66,148924,41,218697
27713,0.003158,172.31.46.0-255,66,148990,41,218697
27714,0.003225,172.217.160.0-255,1484,150474,41,218697
27715,0.003237,172.217.160.0-255,2902,153376,41,218697
27716,0.003239,172.31.46.0-255,66,153442,41,218697
27717,0.003242,172.217.160.0-255,1484,154926,41,218697
27718,0.003261,172.217.160.0-255,4320,159246,41,218697
27719,0.003263,172.31.46.0-255,66,159312,41,218697
27720,0.003266,172.217.160.0-255,1484,160796,41,218697
27721,0.003295,172.31.46.0-255,66,160862,41,218697
27722,0.003353,172.217.160.0-255,4320,165182,41,218697
27723,0.003356,172.31.46.0-255,66,165248,41,218697
27724,0.003374,172.217.160.0-255,2902,168150,41,218697
27725,0.003376,172.31.46.0-255,66,168216,41,218697
27726,0.003383,172.217.160.0-255,3602,171818,41,218697
27727,0.003385,172.31.46.0-255,66,171884,41,218697
27728,0.00339,172.217.160.0-255,4320,176204,41,218697
27729,0.003392,172.31.46.0-255,66,176270,41,218697
27730,0.003427,172.31.46.0-255,66,176336,41,218697
27731,0.00344,172.217.160.0-255,2902,179238,41,218697
27732,0.003442,172.31.46.0-255,66,179304,41,218697
27733,0.003464,172.217.160.0-255,4320,183624,41,218697
27734,0.003466,172.31.46.0-255,66,183690,41,218697
27735,0.003472,172.217.160.0-255,5738,189428,41,218697
27736,0.003474,172.31.46.0-255,66,189494,41,218697
27737,0.003525,172.217.160.0-255,4320,193814,41,218697
27738,0.003527,172.31.46.0-255,66,193880,41,218697
27739,0.003538,172.217.160.0-255,2184,196064,41,218697
27740,0.003541,172.31.46.0-255,66,196130,41,218697
27741,0.003605,172.217.160.0-255,1484,197614,41,218697
27742,0.003619,172.217.160.0-255,2902,200516,41,218697
27743,0.003622,172.31.46.0-255,66,200582,41,218697
27744,0.003626,172.217.160.0-255,2902,203484,41,218697
27745,0.003628,172.31.46.0-255,66,203550,41,218697
27746,0.003648,172.217.160.0-255,2902,206452,41,218697
27747,0.00365,172.31.46.0-255,66,206518,41,218697
27748,0.003663,172.31.46.0-255,66,206584,41,218697
27749,0.003678,172.217.160.0-255,1484,208068,41,218697
27750,0.003689,172.31.46.0-255,66,208134,41,218697
27751,0.003711,172.217.160.0-255,1484,209618,41,218697
27752,0.003723,172.217.160.0-255,2902,212520,41,218697
27753,0.003725,172.31.46.0-255,66,212586,41,218697
27754,0.003744,172.217.160.0-255,5738,218324,41,218697
27755,0.003834,172.217.160.0-255,97,218421,41,218697
27756,0.003836,172.217.160.0-255,105,218526,41,218697
27757,0.005659,172.31.46.0-255,66,218592,41,218697
27758,0.008208,172.31.46.0-255,105,218697,41,218697
27759,0.0,172.217.194.0-255,153,153,41,116383
27760,2.7e-05,172.31.46.0-255,66,219,41,116383
27761,3.5e-05,172.217.194.0-255,1484,1703,41,116383
27762,4e-05,172.31.46.0-255,66,1769,41,116383
27763,4.7e-05,172.217.194.0-255,2902,4671,41,116383
27764,5e-05,172.31.46.0-255,66,4737,41,116383
27765,6.2e-05,172.31.46.0-255,66,4803,41,116383
27766,7.9e-05,172.31.46.0-255,66,4869,41,116383
27767,8.5e-05,172.217.194.0-255,4320,9189,41,116383
27768,8.9e-05,172.31.46.0-255,66,9255,41,116383
27769,0.000114,172.217.194.0-255,2543,11798,41,116383
27770,0.000118,172.31.46.0-255,66,11864,41,116383
27771,0.000213,172.217.194.0-255,1484,13348,41,116383
27772,0.000216,172.31.46.0-255,66,13414,41,116383
27773,0.000221,172.217.194.0-255,2902,16316,41,116383
27774,0.000224,172.31.46.0-255,66,16382,41,116383
27775,0.000257,172.217.194.0-255,5738,22120,41,116383
27776,0.00026,172.31.46.0-255,66,22186,41,116383
27777,0.000285,172.31.46.0-255,66,22252,41,116383
27778,0.00034,172.31.46.0-255,66,22318,41,116383
27779,0.000366,172.217.194.0-255,1484,23802,41,116383
27780,0.000368,172.31.46.0-255,66,23868,41,116383
27781,0.000391,172.217.194.0-255,2867,26735,41,116383
27782,0.000393,172.31.46.0-255,66,26801,41,116383
27783,0.000396,172.217.194.0-255,362,27163,41,116383
27784,0.000398,172.31.46.0-255,66,27229,41,116383
27785,0.000542,172.217.194.0-255,1484,28713,41,116383
27786,0.000546,172.31.46.0-255,66,28779,41,116383
27787,0.00055,172.217.194.0-255,1484,30263,41,116383
27788,0.000563,172.217.194.0-255,1484,31747,41,116383
27789,0.000565,172.31.46.0-255,66,31813,41,116383
27790,0.000573,172.217.194.0-255,5738,37551,41,116383
27791,0.000575,172.31.46.0-255,66,37617,41,116383
27792,0.000601,172.217.194.0-255,2902,40519,41,116383
27793,0.000604,172.31.46.0-255,66,40585,41,116383
27794,0.000634,172.31.46.0-255,66,40651,41,116383
27795,0.000648,172.31.46.0-255,66,40717,41,116383
27796,0.001215,172.217.194.0-255,1484,42201,41,116383
27797,0.00122,172.217.194.0-255,1484,43685,41,116383
27798,0.001224,172.31.46.0-255,66,43751,41,116383
27799,0.001245,172.217.194.0-255,1484,45235,41,116383
27800,0.001252,172.217.194.0-255,5738,50973,41,116383
27801,0.001254,172.31.46.0-255,66,51039,41,116383
27802,0.001267,172.217.194.0-255,2902,53941,41,116383
27803,0.001269,172.31.46.0-255,66,54007,41,116383
27804,0.001275,172.217.194.0-255,4320,58327,41,116383
27805,0.001277,172.31.46.0-255,66,58393,41,116383
27806,0.001302,172.31.46.0-255,66,58459,41,116383
27807,0.00135,172.217.194.0-255,5738,64197,41,116383
27808,0.001354,172.31.46.0-255,66,64263,41,116383
27809,0.001372,172.217.194.0-255,2184,66447,41,116383
27810,0.001375,172.31.46.0-255,66,66513,41,116383
27811,0.001852,172.217.194.0-255,1484,67997,41,116383
27812,0.001875,172.217.194.0-255,2902,70899,41,116383
27813,0.00188,172.31.46.0-255,66,70965,41,116383
27814,0.001886,172.217.194.0-255,4320,75285,41,116383
27815,0.001888,172.31.46.0-255,66,75351,41,116383
27816,0.001918,172.31.46.0-255,66,75417,41,116383
27817,0.001949,172.31.46.0-255,66,75483,41,116383
27818,0.001967,172.217.194.0-255,2184,77667,41,116383
27819,0.001969,172.31.46.0-255,66,77733,41,116383
27820,0.001985,172.217.194.0-255,1484,79217,41,116383
27821,0.001999,172.217.194.0-255,2902,82119,41,116383
27822,0.002001,172.31.46.0-255,66,82185,41,116383
27823,0.002007,172.217.194.0-255,5738,87923,41,116383
27824,0.002009,172.31.46.0-255,66,87989,41,116383
27825,0.002039,172.217.194.0-255,5738,93727,41,116383
27826,0.002041,172.31.46.0-255,66,93793,41,116383
27827,0.002069,172.31.46.0-255,66,93859,41,116383
27828,0.002081,172.31.46.0-255,66,93925,41,116383
27829,0.002122,172.31.46.0-255,66,93991,41,116383
27830,0.002159,172.31.46.0-255,66,94057,41,116383
27831,0.002169,172.31.46.0-255,66,94123,41,116383
27832,0.00226,172.31.46.0-255,66,94189,41,116383
27833,0.002276,172.31.46.0-255,66,94255,41,116383
27834,0.002292,172.31.46.0-255,66,94321,41,116383
27835,0.002307,172.31.46.0-255,66,94387,41,116383
27836,0.002326,172.217.194.0-255,4320,98707,41,116383
27837,0.002328,172.31.46.0-255,66,98773,41,116383
27838,0.0024,172.31.46.0-255,66,98839,41,116383
27839,0.002413,172.31.46.0-255,66,98905,41,116383
27840,0.002427,172.31.46.0-255,66,98971,41,116383
27841,0.0048,172.217.194.0-255,5738,104709,41,116383
27842,0.004809,172.31.46.0-255,66,104775,41,116383
27843,0.007213,172.217.194.0-255,5738,110513,41,116383
27844,0.007222,172.31.46.0-255,66,110579,41,116383
27845,0.009574,172.217.194.0-255,5738,116317,41,116383
27846,0.009584,172.31.46.0-255,66,116383,41,116383
27847,0.0,172.217.194.0-255,146,146,41,128414
27848,1.8e-05,172.31.46.0-255,66,212,41,128414
27849,2.6e-05,172.217.194.0-255,1484,1696,41,128414
27850,3e-05,172.31.46.0-255,66,1762,41,128414
27851,3.6e-05,172.217.194.0-255,2902,4664,41,128414
27852,3.9e-05,172.31.46.0-255,66,4730,41,128414
27853,5e-05,172.31.46.0-255,66,4796,41,128414
27854,5.4e-05,172.217.194.0-255,2039,6835,41,128414
27855,5.8e-05,172.31.46.0-255,66,6901,41,128414
27856,0.000208,172.217.194.0-255,1484,8385,41,128414
27857,0.000213,172.31.46.0-255,66,8451,41,128414
27858,0.000217,172.217.194.0-255,1484,9935,41,128414
27859,0.00022,172.31.46.0-255,66,10001,41,128414
27860,0.000234,172.217.194.0-255,1484,11485,41,128414
27861,0.000236,172.31.46.0-255,66,11551,41,128414
27862,0.000243,172.217.194.0-255,5738,17289,41,128414
27863,0.000245,172.31.46.0-255,66,17355,41,128414
27864,0.000248,172.217.194.0-255,1484,18839,41,128414
27865,0.00025,172.31.46.0-255,66,18905,41,128414
27866,0.000294,172.217.194.0-255,5738,24643,41,128414
27867,0.000297,172.31.46.0-255,66,24709,41,128414
27868,0.000335,172.217.194.0-255,3961,28670,41,128414
27869,0.000339,172.31.46.0-255,66,28736,41,128414
27870,0.000353,172.31.46.0-255,66,28802,41,128414
27871,0.000357,172.217.194.0-255,2543,31345,41,128414
27872,0.000359,172.31.46.0-255,66,31411,41,128414
27873,0.000867,172.217.194.0-255,1484,32895,41,128414
27874,0.000872,172.31.46.0-255,66,32961,41,128414
27875,0.000878,172.217.194.0-255,2902,35863,41,128414
27876,0.00088,172.31.46.0-255,66,35929,41,128414
27877,0.000909,172.217.194.0-255,1484,37413,41,128414
27878,0.00094,172.217.194.0-255,4320,41733,41,128414
27879,0.000943,172.31.46.0-255,66,41799,41,128414
27880,0.000949,172.217.194.0-255,5738,47537,41,128414
27881,0.000951,172.31.46.0-255,66,47603,41,128414
27882,0.000966,172.217.194.0-255,4320,51923,41,128414
27883,0.000968,172.31.46.0-255,66,51989,41,128414
27884,0.00101,172.217.194.0-255,4540,56529,41,128414
27885,0.001014,172.217.194.0-255,4320,60849,41,128414
27886,0.001018,172.31.46.0-255,66,60915,41,128414
27887,0.001026,172.31.46.0-255,66,60981,41,128414
27888,0.001028,172.31.46.0-255,66,61047,41,128414
27889,0.00104,172.31.46.0-255,66,61113,41,128414
27890,0.001069,172.217.194.0-255,2543,63656,41,128414
27891,0.001074,172.31.46.0-255,66,63722,41,128414
27892,0.001105,172.217.194.0-255,1484,65206,41,128414
27893,0.00112,172.217.194.0-255,2902,68108,41,128414
27894,0.001123,172.31.46.0-255,66,68174,41,128414
27895,0.001127,172.217.194.0-255,1484,69658,41,128414
27896,0.001146,172.217.194.0-255,4320,73978,41,128414
27897,0.001149,172.31.46.0-255,66,74044,41,128414
27898,0.001181,172.31.46.0-255,66,74110,41,128414
27899,0.001184,172.217.194.0-255,1484,75594,41,128414
27900,0.001209,172.31.46.0-255,66,75660,41,128414
27901,0.001273,172.217.194.0-255,1484,77144,41,128414
27902,0.001276,172.217.194.0-255,1484,78628,41,128414
27903,0.001279,172.31.46.0-255,66,78694,41,128414
27904,0.001291,172.217.194.0-255,1484,80178,41,128414
27905,0.001294,172.217.194.0-255,1484,81662,41,128414
27906,0.001296,172.31.46.0-255,66,81728,41,128414
27907,0.001326,172.217.194.0-255,4320,86048,41,128414
27908,0.001342,172.31.46.0-255,66,86114,41,128414
27909,0.001346,172.31.46.0-255,66,86180,41,128414
27910,0.001357,172.31.46.0-255,66,86246,41,128414
27911,0.001373,172.217.194.0-255,5738,91984,41,128414
27912,0.001376,172.31.46.0-255,66,92050,41,128414
27913,0.001381,172.217.194.0-255,3602,95652,41,128414
27914,0.001383,172.31.46.0-255,66,95718,41,128414
27915,0.001445,172.31.46.0-255,66,95784,41,128414
27916,0.001457,172.31.46.0-255,66,95850,41,128414
27917,0.001486,172.217.194.0-255,3602,99452,41,128414
27918,0.00149,172.31.46.0-255,66,99518,41,128414
27919,0.001494,172.217.194.0-255,4320,103838,41,128414
27920,0.001496,172.31.46.0-255,66,103904,41,128414
27921,0.001508,172.31.46.0-255,66,103970,41,128414
27922,0.001548,172.31.46.0-255,66,104036,41,128414
27923,0.001622,172.31.46.0-255,66,104102,41,128414
27924,0.001643,172.31.46.0-255,66,104168,41,128414
27925,0.001655,172.31.46.0-255,66,104234,41,128414
27926,0.001687,172.217.194.0-255,5738,109972,41,128414
27927,0.00169,172.31.46.0-255,66,110038,41,128414
27928,0.001726,172.31.46.0-255,66,110104,41,128414
27929,0.001746,172.217.194.0-255,766,110870,41,128414
27930,0.001782,172.31.46.0-255,66,110936,41,128414
27931,0.001795,172.31.46.0-255,66,111002,41,128414
27932,0.004111,172.217.194.0-255,5738,116740,41,128414
27933,0.004122,172.31.46.0-255,66,116806,41,128414
27934,0.006438,172.217.194.0-255,5738,122544,41,128414
27935,0.006447,172.31.46.0-255,66,122610,41,128414
27936,0.008745,172.217.194.0-255,5738,128348,41,128414
27937,0.008752,172.31.46.0-255,66,128414,41,128414
27938,0.0,74.125.130.0-255,153,153,41,172734
27939,2.1e-05,172.31.46.0-255,66,219,41,172734
27940,2.8e-05,74.125.130.0-255,1484,1703,41,172734
27941,3.2e-05,172.31.46.0-255,66,1769,41,172734
27942,3.7e-05,74.125.130.0-255,2902,4671,41,172734
27943,4e-05,172.31.46.0-255,66,4737,41,172734
27944,4.5e-05,74.125.130.0-255,4320,9057,41,172734
27945,4.8e-05,172.31.46.0-255,66,9123,41,172734
27946,9.1e-05,74.125.130.0-255,4956,14079,41,172734
27947,9.5e-05,172.31.46.0-255,66,14145,41,172734
27948,9.8e-05,74.125.130.0-255,1484,15629,41,172734
27949,0.0001,172.31.46.0-255,66,15695,41,172734
27950,0.000105,74.125.130.0-255,2902,18597,41,172734
27951,0.000107,172.31.46.0-255,66,18663,41,172734
27952,0.000129,74.125.130.0-255,5738,24401,41,172734
27953,0.000132,172.31.46.0-255,66,24467,41,172734
27954,0.000135,74.125.130.0-255,1484,25951,41,172734
27955,0.000136,172.31.46.0-255,66,26017,41,172734
27956,0.000159,74.125.130.0-255,5379,31396,41,172734
27957,0.000162,172.31.46.0-255,66,31462,41,172734
27958,0.000387,74.125.130.0-255,1484,32946,41,172734
27959,0.000391,74.125.130.0-255,1484,34430,41,172734
27960,0.0004,172.31.46.0-255,66,34496,41,172734
27961,0.000405,172.31.46.0-255,66,34562,41,172734
27962,0.000409,74.125.130.0-255,1484,36046,41,172734
27963,0.000411,172.31.46.0-255,66,36112,41,172734
27964,0.000416,74.125.130.0-255,4320,40432,41,172734
27965,0.000418,172.31.46.0-255,66,40498,41,172734
27966,0.000434,74.125.130.0-255,1484,41982,41,172734
27967,0.000436,172.31.46.0-255,66,42048,41,172734
27968,0.000442,74.125.130.0-255,5738,47786,41,172734
27969,0.000445,172.31.46.0-255,66,47852,41,172734
27970,0.000463,74.125.130.0-255,4320,52172,41,172734
27971,0.000471,172.31.46.0-255,66,52238,41,172734
27972,0.000485,74.125.130.0-255,2543,54781,41,172734
27973,0.000492,74.125.130.0-255,5738,60519,41,172734
27974,0.000509,172.31.46.0-255,66,60585,41,172734
27975,0.000546,74.125.130.0-255,5669,66254,41,172734
27976,0.000556,172.31.46.0-255,66,66320,41,172734
27977,0.000564,74.125.130.0-255,365,66685,41,172734
27978,0.000732,74.125.130.0-255,1484,68169,41,172734
27979,0.000753,74.125.130.0-255,2902,71071,41,172734
27980,0.000759,74.125.130.0-255,4320,75391,41,172734
27981,0.000764,172.31.46.0-255,66,75457,41,172734
27982,0.000772,74.125.130.0-255,1484,76941,41,172734
27983,0.000823,74.125.130.0-255,4320,81261,41,172734
27984,0.000828,172.31.46.0-255,66,81327,41,172734
27985,0.000848,74.125.130.0-255,2902,84229,41,172734
27986,0.000853,74.125.130.0-255,4320,88549,41,172734
27987,0.000859,74.125.130.0-255,5738,94287,41,172734
27988,0.000874,172.31.46.0-255,66,94353,41,172734
27989,0.00088,74.125.130.0-255,1484,95837,41,172734
27990,0.000904,74.125.130.0-255,4320,100157,41,172734
27991,0.00092,74.125.130.0-255,217,100374,41,172734
27992,0.000926,172.31.46.0-255,66,100440,41,172734
27993,0.001047,74.125.130.0-255,1484,101924,41,172734
27994,0.001053,74.125.130.0-255,2902,104826,41,172734
27995,0.001056,172.31.46.0-255,66,104892,41,172734
27996,0.001077,74.125.130.0-255,5738,110630,41,172734
27997,0.001082,172.31.46.0-255,66,110696,41,172734
27998,0.001101,74.125.130.0-255,5738,116434,41,172734
27999,0.001113,74.125.130.0-255,1484,117918,41,172734
28000,0.001119,74.125.130.0-255,4320,122238,41,172734
28001,0.001125,172.31.46.0-255,66,122304,41,172734
28002,0.00114,74.125.130.0-255,4320,126624,41,172734
28003,0.001147,74.125.130.0-255,4320,130944,41,172734
28004,0.001157,172.31.46.0-255,66,131010,41,172734
28005,0.001167,74.125.130.0-255,3602,134612,41,172734
28006,0.001202,172.31.46.0-255,66,134678,41,172734
28007,0.001655,74.125.130.0-255,1484,136162,41,172734
28008,0.001688,74.125.130.0-255,2902,139064,41,172734
28009,0.001691,74.125.130.0-255,1484,140548,41,172734
28010,0.001695,74.125.130.0-255,2902,143450,41,172734
28011,0.001701,172.31.46.0-255,66,143516,41,172734
28012,0.001722,74.125.130.0-255,4320,147836,41,172734
28013,0.001737,74.125.130.0-255,1484,149320,41,172734
28014,0.001742,74.125.130.0-255,4320,153640,41,172734
28015,0.001754,172.31.46.0-255,66,153706,41,172734
28016,0.00176,74.125.130.0-255,5738,159444,41,172734
28017,0.001764,172.31.46.0-255,66,159510,41,172734
28018,0.00178,74.125.130.0-255,1484,160994,41,172734
28019,0.001807,172.31.46.0-255,66,161060,41,172734
28020,0.003796,74.125.130.0-255,5738,166798,41,172734
28021,0.003803,172.31.46.0-255,66,166864,41,172734
28022,0.005801,74.125.130.0-255,2902,169766,41,172734
28023,0.005816,74.125.130.0-255,2902,172668,41,172734
28024,0.008369,172.31.46.0-255,66,172734,41,172734
28025,0.0,172.217.194.0-255,158,158,41,116066
28026,2.3e-05,172.31.46.0-255,66,224,41,116066
28027,3e-05,172.217.194.0-255,1484,1708,41,116066
28028,3.5e-05,172.31.46.0-255,66,1774,41,116066
28029,4.1e-05,172.217.194.0-255,2902,4676,41,116066
28030,4.5e-05,172.31.46.0-255,66,4742,41,116066
28031,5.6e-05,172.31.46.0-255,66,4808,41,116066
28032,6.2e-05,172.217.194.0-255,4882,9690,41,116066
28033,6.5e-05,172.31.46.0-255,66,9756,41,116066
28034,9.4e-05,172.31.46.0-255,66,9822,41,116066
28035,0.000118,172.217.194.0-255,5379,15201,41,116066
28036,0.000121,172.31.46.0-255,66,15267,41,116066
28037,0.000147,172.217.194.0-255,1484,16751,41,116066
28038,0.000149,172.31.46.0-255,66,16817,41,116066
28039,0.000153,172.217.194.0-255,1484,18301,41,116066
28040,0.000155,172.31.46.0-255,66,18367,41,116066
28041,0.00017,172.217.194.0-255,1484,19851,41,116066
28042,0.000172,172.31.46.0-255,66,19917,41,116066
28043,0.000179,172.217.194.0-255,5738,25655,41,116066
28044,0.000182,172.31.46.0-255,66,25721,41,116066
28045,0.000228,172.31.46.0-255,66,25787,41,116066
28046,0.000261,172.217.194.0-255,2902,28689,41,116066
28047,0.000264,172.31.46.0-255,66,28755,41,116066
28048,0.000292,172.31.46.0-255,66,28821,41,116066
28049,0.000792,172.217.194.0-255,379,29200,41,116066
28050,0.000799,172.31.46.0-255,66,29266,41,116066
28051,0.000828,172.217.194.0-255,1484,30750,41,116066
28052,0.000831,172.31.46.0-255,66,30816,41,116066
28053,0.000837,172.217.194.0-255,2902,33718,41,116066
28054,0.000839,172.31.46.0-255,66,33784,41,116066
28055,0.000854,172.217.194.0-255,1484,35268,41,116066
28056,0.000859,172.217.194.0-255,1484,36752,41,116066
28057,0.000861,172.31.46.0-255,66,36818,41,116066
28058,0.000895,172.31.46.0-255,66,36884,41,116066
28059,0.000904,172.31.46.0-255,66,36950,41,116066
28060,0.000938,172.217.194.0-255,2902,39852,41,116066
28061,0.00094,172.31.46.0-255,66,39918,41,116066
28062,0.000971,172.31.46.0-255,66,39984,41,116066
28063,0.001322,172.217.194.0-255,1484,41468,41,116066
28064,0.001328,172.217.194.0-255,1484,42952,41,116066
28065,0.001331,172.31.46.0-255,66,43018,41,116066
28066,0.001352,172.217.194.0-255,1484,44502,41,116066
28067,0.001358,172.217.194.0-255,5738,50240,41,116066
28068,0.001361,172.31.46.0-255,66,50306,41,116066
28069,0.001373,172.31.46.0-255,66,50372,41,116066
28070,0.001407,172.217.194.0-255,4320,54692,41,116066
28071,0.00141,172.31.46.0-255,66,54758,41,116066
28072,0.001423,172.31.46.0-255,66,54824,41,116066
28073,0.00149,172.217.194.0-255,1484,56308,41,116066
28074,0.001495,172.217.194.0-255,2902,59210,41,116066
28075,0.001497,172.31.46.0-255,66,59276,41,116066
28076,0.001501,172.217.194.0-255,1484,60760,41,116066
28077,0.00152,172.217.194.0-255,4320,65080,41,116066
28078,0.001523,172.31.46.0-255,66,65146,41,116066
28079,0.001534,172.31.46.0-255,66,65212,41,116066
28080,0.001557,172.217.194.0-255,4320,69532,41,116066
28081,0.001561,172.31.46.0-255,66,69598,41,116066
28082,0.001571,172.31.46.0-255,66,69664,41,116066
28083,0.001588,172.217.194.0-255,2184,71848,41,116066
28084,0.00159,172.31.46.0-255,66,71914,41,116066
28085,0.001633,172.217.194.0-255,1484,73398,41,116066
28086,0.001646,172.217.194.0-255,1484,74882,41,116066
28087,0.00165,172.31.46.0-255,66,74948,41,116066
28088,0.001655,172.217.194.0-255,4320,79268,41,116066
28089,0.001657,172.31.46.0-255,66,79334,41,116066
28090,0.00166,172.217.194.0-255,1484,80818,41,116066
28091,0.001688,172.31.46.0-255,66,80884,41,116066
28092,0.001711,172.31.46.0-255,66,80950,41,116066
28093,0.001742,172.31.46.0-255,66,81016,41,116066
28094,0.001755,172.31.46.0-255,66,81082,41,116066
28095,0.001779,172.31.46.0-255,66,81148,41,116066
28096,0.001788,172.31.46.0-255,66,81214,41,116066
28097,0.00182,172.31.46.0-255,66,81280,41,116066
28098,0.001826,172.217.194.0-255,5738,87018,41,116066
28099,0.001829,172.31.46.0-255,66,87084,41,116066
28100,0.001858,172.217.194.0-255,4320,91404,41,116066
28101,0.001861,172.31.46.0-255,66,91470,41,116066
28102,0.001879,172.31.46.0-255,66,91536,41,116066
28103,0.001883,172.217.194.0-255,1484,93020,41,116066
28104,0.00191,172.31.46.0-255,66,93086,41,116066
28105,0.00193,172.217.194.0-255,2184,95270,41,116066
28106,0.001933,172.31.46.0-255,66,95336,41,116066
28107,0.002003,172.217.194.0-255,1484,96820,41,116066
28108,0.002054,172.217.194.0-255,2902,99722,41,116066
28109,0.002057,172.31.46.0-255,66,99788,41,116066
28110,0.002064,172.217.194.0-255,5738,105526,41,116066
28111,0.002067,172.31.46.0-255,66,105592,41,116066
28112,0.002079,172.31.46.0-255,66,105658,41,116066
28113,0.002094,172.217.194.0-255,2902,108560,41,116066
28114,0.002097,172.31.46.0-255,66,108626,41,116066
28115,0.002129,172.31.46.0-255,66,108692,41,116066
28116,0.002141,172.31.46.0-255,66,108758,41,116066
28117,0.00217,172.217.194.0-255,2902,111660,41,116066
28118,0.002173,172.31.46.0-255,66,111726,41,116066
28119,0.002204,172.31.46.0-255,66,111792,41,116066
28120,0.002225,172.217.194.0-255,2184,113976,41,116066
28121,0.002228,172.31.46.0-255,66,114042,41,116066
28122,0.002265,172.31.46.0-255,66,114108,41,116066
28123,0.002284,172.217.194.0-255,1484,115592,41,116066
28124,0.002334,172.31.46.0-255,66,115658,41,116066
28125,0.002394,172.31.46.0-255,66,115724,41,116066
28126,0.002401,172.217.194.0-255,105,115829,41,116066
28127,0.00457,172.31.46.0-255,66,115895,41,116066
28128,0.004608,172.31.46.0-255,105,116000,41,116066
28129,0.007187,172.217.194.0-255,66,116066,41,116066
28130,0.0,74.125.130.0-255,153,153,41,125703
28131,2.2e-05,172.31.46.0-255,66,219,41,125703
28132,3e-05,74.125.130.0-255,1484,1703,41,125703
28133,3.6e-05,172.31.46.0-255,66,1769,41,125703
28134,4.1e-05,74.125.130.0-255,2902,4671,41,125703
28135,4.5e-05,172.31.46.0-255,66,4737,41,125703
28136,5.2e-05,74.125.130.0-255,5738,10475,41,125703
28137,5.6e-05,172.31.46.0-255,66,10541,41,125703
28138,6.1e-05,74.125.130.0-255,3394,13935,41,125703
28139,6.4e-05,172.31.46.0-255,66,14001,41,125703
28140,8.5e-05,74.125.130.0-255,4320,18321,41,125703
28141,8.8e-05,172.31.46.0-255,66,18387,41,125703
28142,0.000129,172.31.46.0-255,66,18453,41,125703
28143,0.000133,74.125.130.0-255,2543,20996,41,125703
28144,0.000136,172.31.46.0-255,66,21062,41,125703
28145,0.000257,74.125.130.0-255,1484,22546,41,125703
28146,0.000262,172.31.46.0-255,66,22612,41,125703
28147,0.000277,74.125.130.0-255,1484,24096,41,125703
28148,0.000279,172.31.46.0-255,66,24162,41,125703
28149,0.000284,74.125.130.0-255,2902,27064,41,125703
28150,0.000286,172.31.46.0-255,66,27130,41,125703
28151,0.000307,74.125.130.0-255,4320,31450,41,125703
28152,0.00031,172.31.46.0-255,66,31516,41,125703
28153,0.000328,74.125.130.0-255,1484,33000,41,125703
28154,0.000333,74.125.130.0-255,4320,37320,41,125703
28155,0.000336,172.31.46.0-255,66,37386,41,125703
28156,0.000339,172.31.46.0-255,66,37452,41,125703
28157,0.000359,74.125.130.0-255,1125,38577,41,125703
28158,0.000361,172.31.46.0-255,66,38643,41,125703
28159,0.000367,74.125.130.0-255,5738,44381,41,125703
28160,0.00037,172.31.46.0-255,66,44447,41,125703
28161,0.000406,172.31.46.0-255,66,44513,41,125703
28162,0.000427,74.125.130.0-255,4213,48726,41,125703
28163,0.000429,172.31.46.0-255,66,48792,41,125703
28164,0.000447,74.125.130.0-255,120,48912,41,125703
28165,0.000862,74.125.130.0-255,1484,50396,41,125703
28166,0.000868,172.31.46.0-255,66,50462,41,125703
28167,0.000874,74.125.130.0-255,2902,53364,41,125703
28168,0.000876,172.31.46.0-255,66,53430,41,125703
28169,0.00088,74.125.130.0-255,1484,54914,41,125703
28170,0.000883,74.125.130.0-255,1484,56398,41,125703
28171,0.000885,172.31.46.0-255,66,56464,41,125703
28172,0.000904,74.125.130.0-255,1484,57948,41,125703
28173,0.00091,74.125.130.0-255,4320,62268,41,125703
28174,0.000913,172.31.46.0-255,66,62334,41,125703
28175,0.000928,74.125.130.0-255,1484,63818,41,125703
28176,0.000933,74.125.130.0-255,3961,67779,41,125703
28177,0.000938,172.31.46.0-255,66,67845,41,125703
28178,0.000956,74.125.130.0-255,4320,72165,41,125703
28179,0.000959,172.31.46.0-255,66,72231,41,125703
28180,0.000992,172.31.46.0-255,66,72297,41,125703
28181,0.001014,74.125.130.0-255,2902,75199,41,125703
28182,0.001017,172.31.46.0-255,66,75265,41,125703
28183,0.001052,172.31.46.0-255,66,75331,41,125703
28184,0.001073,74.125.130.0-255,1484,76815,41,125703
28185,0.001077,74.125.130.0-255,766,77581,41,125703
28186,0.001079,172.31.46.0-255,66,77647,41,125703
28187,0.001103,172.31.46.0-255,66,77713,41,125703
28188,0.00113,172.31.46.0-255,66,77779,41,125703
28189,0.00174,74.125.130.0-255,1484,79263,41,125703
28190,0.001757,74.125.130.0-255,2902,82165,41,125703
28191,0.00176,172.31.46.0-255,66,82231,41,125703
28192,0.001766,74.125.130.0-255,2902,85133,41,125703
28193,0.001768,172.31.46.0-255,66,85199,41,125703
28194,0.001782,74.125.130.0-255,2902,88101,41,125703
28195,0.001784,172.31.46.0-255,66,88167,41,125703
28196,0.001803,74.125.130.0-255,5738,93905,41,125703
28197,0.001806,172.31.46.0-255,66,93971,41,125703
28198,0.001826,74.125.130.0-255,2902,96873,41,125703
28199,0.001829,172.31.46.0-255,66,96939,41,125703
28200,0.001841,172.31.46.0-255,66,97005,41,125703
28201,0.001845,74.125.130.0-255,2902,99907,41,125703
28202,0.001847,172.31.46.0-255,66,99973,41,125703
28203,0.001868,74.125.130.0-255,2184,102157,41,125703
28204,0.00187,172.31.46.0-255,66,102223,41,125703
28205,0.003818,74.125.130.0-255,2902,105125,41,125703
28206,0.003842,172.31.46.0-255,66,105191,41,125703
28207,0.003867,74.125.130.0-255,2902,108093,41,125703
28208,0.003871,172.31.46.0-255,66,108159,41,125703
28209,0.005826,74.125.130.0-255,2902,111061,41,125703
28210,0.005837,172.31.46.0-255,66,111127,41,125703
28211,0.005845,74.125.130.0-255,2902,114029,41,125703
28212,0.005847,172.31.46.0-255,66,114095,41,125703
28213,0.007819,74.125.130.0-255,5738,119833,41,125703
28214,0.007847,172.31.46.0-255,66,119899,41,125703
28215,0.00982,74.125.130.0-255,5738,125637,41,125703
28216,0.009825,172.31.46.0-255,66,125703,41,125703
28217,0.0,74.125.24.0-255,152,152,41,170321
28218,2.3e-05,172.31.46.0-255,66,218,41,170321
28219,3e-05,74.125.24.0-255,1484,1702,41,170321
28220,3.5e-05,172.31.46.0-255,66,1768,41,170321
28221,4.2e-05,74.125.24.0-255,2902,4670,41,170321
28222,4.6e-05,172.31.46.0-255,66,4736,41,170321
28223,5.7e-05,172.31.46.0-255,66,4802,41,170321
28224,6e-05,74.125.24.0-255,1484,6286,41,170321
28225,6.3e-05,172.31.46.0-255,66,6352,41,170321
28226,0.000102,172.31.46.0-255,66,6418,41,170321
28227,0.000105,74.125.24.0-255,1484,7902,41,170321
28228,0.000108,172.31.46.0-255,66,7968,41,170321
28229,0.000134,74.125.24.0-255,5379,13347,41,170321
28230,0.000137,172.31.46.0-255,66,13413,41,170321
28231,0.000299,74.125.24.0-255,1484,14897,41,170321
28232,0.000303,172.31.46.0-255,66,14963,41,170321
28233,0.000309,74.125.24.0-255,2902,17865,41,170321
28234,0.000311,172.31.46.0-255,66,17931,41,170321
28235,0.000317,74.125.24.0-255,4320,22251,41,170321
28236,0.000321,172.31.46.0-255,66,22317,41,170321
28237,0.000327,74.125.24.0-255,5738,28055,41,170321
28238,0.000329,172.31.46.0-255,66,28121,41,170321
28239,0.000367,172.31.46.0-255,66,28187,41,170321
28240,0.000374,74.125.24.0-255,5738,33925,41,170321
28241,0.000377,172.31.46.0-255,66,33991,41,170321
28242,0.000393,74.125.24.0-255,1403,35394,41,170321
28243,0.000396,172.31.46.0-255,66,35460,41,170321
28244,0.000561,74.125.24.0-255,132,35592,41,170321
28245,0.000567,172.31.46.0-255,66,35658,41,170321
28246,0.000687,74.125.24.0-255,1484,37142,41,170321
28247,0.000694,74.125.24.0-255,2902,40044,41,170321
28248,0.000698,172.31.46.0-255,66,40110,41,170321
28249,0.000705,74.125.24.0-255,5738,45848,41,170321
28250,0.000707,172.31.46.0-255,66,45914,41,170321
28251,0.000778,172.31.46.0-255,66,45980,41,170321
28252,0.000798,172.31.46.0-255,66,46046,41,170321
28253,0.000823,172.31.46.0-255,66,46112,41,170321
28254,0.001072,74.125.24.0-255,1484,47596,41,170321
28255,0.001092,74.125.24.0-255,1484,49080,41,170321
28256,0.001097,172.31.46.0-255,66,49146,41,170321
28257,0.001117,74.125.24.0-255,1484,50630,41,170321
28258,0.001124,74.125.24.0-255,5738,56368,41,170321
28259,0.001127,172.31.46.0-255,66,56434,41,170321
28260,0.001137,172.31.46.0-255,66,56500,41,170321
28261,0.00117,74.125.24.0-255,5738,62238,41,170321
28262,0.001173,172.31.46.0-255,66,62304,41,170321
28263,0.001185,172.31.46.0-255,66,62370,41,170321
28264,0.00119,74.125.24.0-255,2184,64554,41,170321
28265,0.001192,172.31.46.0-255,66,64620,41,170321
28266,0.001334,74.125.24.0-255,1484,66104,41,170321
28267,0.001341,74.125.24.0-255,2902,69006,41,170321
28268,0.001344,172.31.46.0-255,66,69072,41,170321
28269,0.001347,74.125.24.0-255,1484,70556,41,170321
28270,0.001369,74.125.24.0-255,4320,74876,41,170321
28271,0.001373,172.31.46.0-255,66,74942,41,170321
28272,0.0014,172.31.46.0-255,66,75008,41,170321
28273,0.001428,74.125.24.0-255,4320,79328,41,170321
28274,0.001432,172.31.46.0-255,66,79394,41,170321
28275,0.001444,172.31.46.0-255,66,79460,41,170321
28276,0.001455,74.125.24.0-255,1484,80944,41,170321
28277,0.00149,172.31.46.0-255,66,81010,41,170321
28278,0.001509,74.125.24.0-255,766,81776,41,170321
28279,0.001521,172.31.46.0-255,66,81842,41,170321
28280,0.00159,74.125.24.0-255,1484,83326,41,170321
28281,0.001596,74.125.24.0-255,2902,86228,41,170321
28282,0.001599,172.31.46.0-255,66,86294,41,170321
28283,0.001603,74.125.24.0-255,1484,87778,41,170321
28284,0.001622,74.125.24.0-255,4320,92098,41,170321
28285,0.001625,172.31.46.0-255,66,92164,41,170321
28286,0.001639,74.125.24.0-255,2902,95066,41,170321
28287,0.001642,172.31.46.0-255,66,95132,41,170321
28288,0.001664,172.31.46.0-255,66,95198,41,170321
28289,0.00167,74.125.24.0-255,4320,99518,41,170321
28290,0.001673,172.31.46.0-255,66,99584,41,170321
28291,0.001697,172.31.46.0-255,66,99650,41,170321
28292,0.001731,74.125.24.0-255,1484,101134,41,170321
28293,0.001746,74.125.24.0-255,2902,104036,41,170321
28294,0.001748,172.31.46.0-255,66,104102,41,170321
28295,0.001755,74.125.24.0-255,5738,109840,41,170321
28296,0.001759,172.31.46.0-255,66,109906,41,170321
28297,0.001763,74.125.24.0-255,2902,112808,41,170321
28298,0.001765,172.31.46.0-255,66,112874,41,170321
28299,0.001792,74.125.24.0-255,2902,115776,41,170321
28300,0.001796,172.31.46.0-255,66,115842,41,170321
28301,0.001805,74.125.24.0-255,2902,118744,41,170321
28302,0.001808,172.31.46.0-255,66,118810,41,170321
28303,0.00186,172.31.46.0-255,66,118876,41,170321
28304,0.001889,172.31.46.0-255,66,118942,41,170321
28305,0.001903,172.31.46.0-255,66,119008,41,170321
28306,0.001916,172.31.46.0-255,66,119074,41,170321
28307,0.002041,74.125.24.0-255,1484,120558,41,170321
28308,0.002055,74.125.24.0-255,1484,122042,41,170321
28309,0.002059,172.31.46.0-255,66,122108,41,170321
28310,0.002064,74.125.24.0-255,4320,126428,41,170321
28311,0.002067,172.31.46.0-255,66,126494,41,170321
28312,0.00207,74.125.24.0-255,1484,127978,41,170321
28313,0.002089,74.125.24.0-255,2902,130880,41,170321
28314,0.002091,172.31.46.0-255,66,130946,41,170321
28315,0.0021,172.31.46.0-255,66,131012,41,170321
28316,0.002118,74.125.24.0-255,2902,133914,41,170321
28317,0.00212,172.31.46.0-255,66,133980,41,170321
28318,0.002124,74.125.24.0-255,2902,136882,41,170321
28319,0.002126,172.31.46.0-255,66,136948,41,170321
28320,0.002153,172.31.46.0-255,66,137014,41,170321
28321,0.00217,74.125.24.0-255,766,137780,41,170321
28322,0.002192,74.125.24.0-255,5738,143518,41,170321
28323,0.002195,172.31.46.0-255,66,143584,41,170321
28324,0.002198,74.125.24.0-255,1484,145068,41,170321
28325,0.002213,74.125.24.0-255,5738,150806,41,170321
28326,0.002216,172.31.46.0-255,66,150872,41,170321
28327,0.002219,74.125.24.0-255,1484,152356,41,170321
28328,0.002262,172.31.46.0-255,66,152422,41,170321
28329,0.002265,172.31.46.0-255,66,152488,41,170321
28330,0.002277,74.125.24.0-255,4320,156808,41,170321
28331,0.00228,172.31.46.0-255,66,156874,41,170321
28332,0.002311,74.125.24.0-255,1484,158358,41,170321
28333,0.002313,74.125.24.0-255,1484,159842,41,170321
28334,0.002333,172.31.46.0-255,66,159908,41,170321
28335,0.002361,172.31.46.0-255,66,159974,41,170321
28336,0.00238,74.125.24.0-255,766,160740,41,170321
28337,0.002384,74.125.24.0-255,1484,162224,41,170321
28338,0.002386,74.125.24.0-255,1484,163708,41,170321
28339,0.002392,74.125.24.0-255,5738,169446,41,170321
28340,0.002395,74.125.24.0-255,436,169882,41,170321
28341,0.002397,74.125.24.0-255,97,169979,41,170321
28342,0.002411,172.31.46.0-255,66,170045,41,170321
28343,0.002424,74.125.24.0-255,105,170150,41,170321
28344,0.009698,172.31.46.0-255,66,170216,41,170321
28345,0.009763,172.31.46.0-255,105,170321,41,170321
28346,0.0,172.31.46.0-255,105,105,41,459
28347,0.000212,172.31.46.0-255,90,195,41,459
28348,0.000221,172.31.46.0-255,66,261,41,459
28349,0.002575,74.125.24.0-255,66,327,41,459
28350,0.002602,74.125.24.0-255,66,393,41,459
28351,0.002621,172.31.46.0-255,66,459,41,459
28352,0.0,74.125.68.0-255,146,146,41,202788
28353,2.1e-05,172.31.46.0-255,66,212,41,202788
28354,2.7e-05,74.125.68.0-255,1484,1696,41,202788
28355,3.1e-05,172.31.46.0-255,66,1762,41,202788
28356,3.6e-05,74.125.68.0-255,2902,4664,41,202788
28357,3.9e-05,172.31.46.0-255,66,4730,41,202788
28358,4.3e-05,74.125.68.0-255,1484,6214,41,202788
28359,4.5e-05,172.31.46.0-255,66,6280,41,202788
28360,7.4e-05,74.125.68.0-255,4320,10600,41,202788
28361,7.7e-05,172.31.46.0-255,66,10666,41,202788
28362,8.1e-05,74.125.68.0-255,3459,14125,41,202788
28363,8.4e-05,172.31.46.0-255,66,14191,41,202788
28364,0.000228,74.125.68.0-255,1484,15675,41,202788
28365,0.000231,172.31.46.0-255,66,15741,41,202788
28366,0.000234,74.125.68.0-255,1484,17225,41,202788
28367,0.000236,172.31.46.0-255,66,17291,41,202788
28368,0.000249,74.125.68.0-255,1484,18775,41,202788
28369,0.000251,172.31.46.0-255,66,18841,41,202788
28370,0.000254,74.125.68.0-255,1484,20325,41,202788
28371,0.000256,172.31.46.0-255,66,20391,41,202788
28372,0.000284,74.125.68.0-255,4320,24711,41,202788
28373,0.000286,172.31.46.0-255,66,24777,41,202788
28374,0.000289,74.125.68.0-255,1484,26261,41,202788
28375,0.00029,172.31.46.0-255,66,26327,41,202788
28376,0.000294,74.125.68.0-255,2902,29229,41,202788
28377,0.000296,172.31.46.0-255,66,29295,41,202788
28378,0.000326,172.31.46.0-255,66,29361,41,202788
28379,0.00034,74.125.68.0-255,1484,30845,41,202788
28380,0.000342,172.31.46.0-255,66,30911,41,202788
28381,0.000367,74.125.68.0-255,5738,36649,41,202788
28382,0.00037,172.31.46.0-255,66,36715,41,202788
28383,0.000386,74.125.68.0-255,1484,38199,41,202788
28384,0.000388,172.31.46.0-255,66,38265,41,202788
28385,0.000422,172.31.46.0-255,66,38331,41,202788
28386,0.000432,172.31.46.0-255,66,38397,41,202788
28387,0.00045,74.125.68.0-255,421,38818,41,202788
28388,0.000452,172.31.46.0-255,66,38884,41,202788
28389,0.000544,74.125.68.0-255,1484,40368,41,202788
28390,0.000547,172.31.46.0-255,66,40434,41,202788
28391,0.000559,74.125.68.0-255,2902,43336,41,202788
28392,0.000561,172.31.46.0-255,66,43402,41,202788
28393,0.000585,74.125.68.0-255,5738,49140,41,202788
28394,0.000588,172.31.46.0-255,66,49206,41,202788
28395,0.000597,172.31.46.0-255,66,49272,41,202788
28396,0.000641,172.31.46.0-255,66,49338,41,202788
28397,0.000676,74.125.68.0-255,3602,52940,41,202788
28398,0.000679,172.31.46.0-255,66,53006,41,202788
28399,0.001197,74.125.68.0-255,1484,54490,41,202788
28400,0.001202,172.31.46.0-255,66,54556,41,202788
28401,0.001207,74.125.68.0-255,2902,57458,41,202788
28402,0.001209,172.31.46.0-255,66,57524,41,202788
28403,0.001222,74.125.68.0-255,1484,59008,41,202788
28404,0.001223,172.31.46.0-255,66,59074,41,202788
28405,0.00124,74.125.68.0-255,4320,63394,41,202788
28406,0.001242,172.31.46.0-255,66,63460,41,202788
28407,0.001245,74.125.68.0-255,1484,64944,41,202788
28408,0.001246,172.31.46.0-255,66,65010,41,202788
28409,0.00127,74.125.68.0-255,5738,70748,41,202788
28410,0.001273,172.31.46.0-255,66,70814,41,202788
28411,0.001299,172.31.46.0-255,66,70880,41,202788
28412,0.001317,74.125.68.0-255,1484,72364,41,202788
28413,0.001319,172.31.46.0-255,66,72430,41,202788
28414,0.00134,172.31.46.0-255,66,72496,41,202788
28415,0.001405,74.125.68.0-255,1484,73980,41,202788
28416,0.001408,172.31.46.0-255,66,74046,41,202788
28417,0.001412,74.125.68.0-255,1484,75530,41,202788
28418,0.001413,172.31.46.0-255,66,75596,41,202788
28419,0.00143,74.125.68.0-255,1484,77080,41,202788
28420,0.001432,172.31.46.0-255,66,77146,41,202788
28421,0.001436,74.125.68.0-255,2902,80048,41,202788
28422,0.001438,172.31.46.0-255,66,80114,41,202788
28423,0.001442,74.125.68.0-255,4320,84434,41,202788
28424,0.001444,172.31.46.0-255,66,84500,41,202788
28425,0.001478,172.31.46.0-255,66,84566,41,202788
28426,0.001483,74.125.68.0-255,5738,90304,41,202788
28427,0.001485,172.31.46.0-255,66,90370,41,202788
28428,0.001507,74.125.68.0-255,2902,93272,41,202788
28429,0.001509,172.31.46.0-255,66,93338,41,202788
28430,0.001531,74.125.68.0-255,4320,97658,41,202788
28431,0.001533,172.31.46.0-255,66,97724,41,202788
28432,0.001536,74.125.68.0-255,766,98490,41,202788
28433,0.001537,172.31.46.0-255,66,98556,41,202788
28434,0.00164,74.125.68.0-255,1484,100040,41,202788
28435,0.001643,172.31.46.0-255,66,100106,41,202788
28436,0.001648,74.125.68.0-255,1484,101590,41,202788
28437,0.001649,172.31.46.0-255,66,101656,41,202788
28438,0.001662,74.125.68.0-255,1484,103140,41,202788
28439,0.001664,172.31.46.0-255,66,103206,41,202788
28440,0.00167,74.125.68.0-255,5738,108944,41,202788
28441,0.001672,172.31.46.0-255,66,109010,41,202788
28442,0.001716,74.125.68.0-255,5738,114748,41,202788
28443,0.001718,172.31.46.0-255,66,114814,41,202788
28444,0.001726,172.31.46.0-255,66,114880,41,202788
28445,0.001746,172.31.46.0-255,66,114946,41,202788
28446,0.001764,74.125.68.0-255,3602,118548,41,202788
28447,0.001778,172.31.46.0-255,66,118614,41,202788
28448,0.001865,74.125.68.0-255,1484,120098,41,202788
28449,0.001869,172.31.46.0-255,66,120164,41,202788
28450,0.001873,74.125.68.0-255,2902,123066,41,202788
28451,0.001875,172.31.46.0-255,66,123132,41,202788
28452,0.001895,74.125.68.0-255,4320,127452,41,202788
28453,0.001897,172.31.46.0-255,66,127518,41,202788
28454,0.001918,74.125.68.0-255,5738,133256,41,202788
28455,0.00192,172.31.46.0-255,66,133322,41,202788
28456,0.001941,74.125.68.0-255,2902,136224,41,202788
28457,0.001943,172.31.46.0-255,66,136290,41,202788
28458,0.001951,172.31.46.0-255,66,136356,41,202788
28459,0.001956,74.125.68.0-255,5738,142094,41,202788
28460,0.001958,172.31.46.0-255,66,142160,41,202788
28461,0.001977,74.125.68.0-255,2902,145062,41,202788
28462,0.001979,172.31.46.0-255,66,145128,41,202788
28463,0.001981,74.125.68.0-255,766,145894,41,202788
28464,0.001983,172.31.46.0-255,66,145960,41,202788
28465,0.002006,74.125.68.0-255,1484,147444,41,202788
28466,0.002008,172.31.46.0-255,66,147510,41,202788
28467,0.002028,74.125.68.0-255,4320,151830,41,202788
28468,0.002031,172.31.46.0-255,66,151896,41,202788
28469,0.002042,74.125.68.0-255,2902,154798,41,202788
28470,0.002044,74.125.68.0-255,1484,156282,41,202788
28471,0.002047,172.31.46.0-255,66,156348,41,202788
28472,0.002052,172.31.46.0-255,66,156414,41,202788
28473,0.002061,74.125.68.0-255,2902,159316,41,202788
28474,0.002063,172.31.46.0-255,66,159382,41,202788
28475,0.002096,172.31.46.0-255,66,159448,41,202788
28476,0.002101,74.125.68.0-255,4320,163768,41,202788
28477,0.002103,172.31.46.0-255,66,163834,41,202788
28478,0.002108,74.125.68.0-255,4320,168154,41,202788
28479,0.00211,172.31.46.0-255,66,168220,41,202788
28480,0.002126,74.125.68.0-255,1484,169704,41,202788
28481,0.002129,172.31.46.0-255,66,169770,41,202788
28482,0.002144,172.31.46.0-255,66,169836,41,202788
28483,0.002177,172.31.46.0-255,66,169902,41,202788
28484,0.002196,74.125.68.0-255,4320,174222,41,202788
28485,0.002198,172.31.46.0-255,66,174288,41,202788
28486,0.002221,172.31.46.0-255,66,174354,41,202788
28487,0.002245,74.125.68.0-255,4320,178674,41,202788
28488,0.002248,172.31.46.0-255,66,178740,41,202788
28489,0.002271,74.125.68.0-255,5020,183760,41,202788
28490,0.002274,172.31.46.0-255,66,183826,41,202788
28491,0.00229,74.125.68.0-255,1484,185310,41,202788
28492,0.002292,172.31.46.0-255,66,185376,41,202788
28493,0.004547,74.125.68.0-255,5738,191114,41,202788
28494,0.004553,172.31.46.0-255,66,191180,41,202788
28495,0.006831,74.125.68.0-255,5738,196918,41,202788
28496,0.006834,172.31.46.0-255,66,196984,41,202788
28497,0.009118,74.125.68.0-255,5738,202722,41,202788
28498,0.009124,172.31.46.0-255,66,202788,41,202788
28499,0.0,172.217.194.0-255,152,152,41,200423
28500,1.4e-05,172.31.46.0-255,66,218,41,200423
28501,2e-05,172.217.194.0-255,1484,1702,41,200423
28502,2.5e-05,172.31.46.0-255,66,1768,41,200423
28503,3.1e-05,172.217.194.0-255,2902,4670,41,200423
28504,3.6e-05,172.31.46.0-255,66,4736,41,200423
28505,4.7e-05,172.31.46.0-255,66,4802,41,200423
28506,7e-05,172.217.194.0-255,1976,6778,41,200423
28507,7.2e-05,172.31.46.0-255,66,6844,41,200423
28508,9.3e-05,172.217.194.0-255,2902,9746,41,200423
28509,9.6e-05,172.31.46.0-255,66,9812,41,200423
28510,0.000125,172.31.46.0-255,66,9878,41,200423
28511,0.000158,172.217.194.0-255,4320,14198,41,200423
28512,0.00016,172.31.46.0-255,66,14264,41,200423
28513,0.000174,172.217.194.0-255,2543,16807,41,200423
28514,0.000177,172.31.46.0-255,66,16873,41,200423
28515,0.000225,172.217.194.0-255,4320,21193,41,200423
28516,0.00023,172.31.46.0-255,66,21259,41,200423
28517,0.000238,172.217.194.0-255,5738,26997,41,200423
28518,0.00024,172.31.46.0-255,66,27063,41,200423
28519,0.000303,172.31.46.0-255,66,27129,41,200423
28520,0.000311,172.217.194.0-255,5738,32867,41,200423
28521,0.000313,172.31.46.0-255,66,32933,41,200423
28522,0.000392,172.217.194.0-255,2902,35835,41,200423
28523,0.000396,172.31.46.0-255,66,35901,41,200423
28524,0.000415,172.217.194.0-255,2819,38720,41,200423
28525,0.000418,172.31.46.0-255,66,38786,41,200423
28526,0.000421,172.217.194.0-255,433,39219,41,200423
28527,0.000423,172.31.46.0-255,66,39285,41,200423
28528,0.000552,172.217.194.0-255,1484,40769,41,200423
28529,0.000559,172.217.194.0-255,2902,43671,41,200423
28530,0.000562,172.31.46.0-255,66,43737,41,200423
28531,0.000588,172.217.194.0-255,5738,49475,41,200423
28532,0.000591,172.31.46.0-255,66,49541,41,200423
28533,0.000598,172.217.194.0-255,5738,55279,41,200423
28534,0.0006,172.31.46.0-255,66,55345,41,200423
28535,0.000619,172.31.46.0-255,66,55411,41,200423
28536,0.000622,172.217.194.0-255,1484,56895,41,200423
28537,0.000664,172.31.46.0-255,66,56961,41,200423
28538,0.000824,172.217.194.0-255,1484,58445,41,200423
28539,0.000831,172.217.194.0-255,2902,61347,41,200423
28540,0.000834,172.31.46.0-255,66,61413,41,200423
28541,0.000858,172.217.194.0-255,5738,67151,41,200423
28542,0.000861,172.31.46.0-255,66,67217,41,200423
28543,0.000864,172.217.194.0-255,1484,68701,41,200423
28544,0.000895,172.31.46.0-255,66,68767,41,200423
28545,0.000899,172.217.194.0-255,2902,71669,41,200423
28546,0.000902,172.31.46.0-255,66,71735,41,200423
28547,0.00093,172.217.194.0-255,5738,77473,41,200423
28548,0.000933,172.31.46.0-255,66,77539,41,200423
28549,0.000937,172.217.194.0-255,2184,79723,41,200423
28550,0.000939,172.31.46.0-255,66,79789,41,200423
28551,0.000973,172.217.194.0-255,2902,82691,41,200423
28552,0.000976,172.31.46.0-255,66,82757,41,200423
28553,0.000981,172.217.194.0-255,2902,85659,41,200423
28554,0.000983,172.31.46.0-255,66,85725,41,200423
28555,0.000999,172.217.194.0-255,4320,90045,41,200423
28556,0.001005,172.217.194.0-255,4320,94365,41,200423
28557,0.001009,172.31.46.0-255,66,94431,41,200423
28558,0.001011,172.31.46.0-255,66,94497,41,200423
28559,0.001028,172.31.46.0-255,66,94563,41,200423
28560,0.001073,172.31.46.0-255,66,94629,41,200423
28561,0.001098,172.217.194.0-255,5738,100367,41,200423
28562,0.001102,172.31.46.0-255,66,100433,41,200423
28563,0.00111,172.31.46.0-255,66,100499,41,200423
28564,0.001149,172.31.46.0-255,66,100565,41,200423
28565,0.001158,172.31.46.0-255,66,100631,41,200423
28566,0.001275,172.217.194.0-255,1484,102115,41,200423
28567,0.001304,172.217.194.0-255,2902,105017,41,200423
28568,0.001308,172.31.46.0-255,66,105083,41,200423
28569,0.001314,172.217.194.0-255,5738,110821,41,200423
28570,0.001316,172.31.46.0-255,66,110887,41,200423
28571,0.001319,172.217.194.0-255,1484,112371,41,200423
28572,0.001355,172.31.46.0-255,66,112437,41,200423
28573,0.001361,172.217.194.0-255,4320,116757,41,200423
28574,0.001363,172.31.46.0-255,66,116823,41,200423
28575,0.001416,172.217.194.0-255,4320,121143,41,200423
28576,0.001419,172.31.46.0-255,66,121209,41,200423
28577,0.001437,172.217.194.0-255,2184,123393,41,200423
28578,0.00144,172.31.46.0-255,66,123459,41,200423
28579,0.001463,172.217.194.0-255,1484,124943,41,200423
28580,0.001483,172.217.194.0-255,2902,127845,41,200423
28581,0.001486,172.31.46.0-255,66,127911,41,200423
28582,0.00149,172.217.194.0-255,2902,130813,41,200423
28583,0.001493,172.31.46.0-255,66,130879,41,200423
28584,0.001496,172.217.194.0-255,1484,132363,41,200423
28585,0.00151,172.217.194.0-255,2902,135265,41,200423
28586,0.001512,172.31.46.0-255,66,135331,41,200423
28587,0.001525,172.217.194.0-255,5738,141069,41,200423
28588,0.001527,172.31.46.0-255,66,141135,41,200423
28589,0.001557,172.217.194.0-255,2902,144037,41,200423
28590,0.001588,172.31.46.0-255,66,144103,41,200423
28591,0.001607,172.217.194.0-255,1484,145587,41,200423
28592,0.001622,172.217.194.0-255,2902,148489,41,200423
28593,0.001629,172.217.194.0-255,5738,154227,41,200423
28594,0.001633,172.31.46.0-255,66,154293,41,200423
28595,0.001667,172.31.46.0-255,66,154359,41,200423
28596,0.001675,172.217.194.0-255,2902,157261,41,200423
28597,0.00168,172.31.46.0-255,66,157327,41,200423
28598,0.001698,172.217.194.0-255,1484,158811,41,200423
28599,0.00174,172.217.194.0-255,3602,162413,41,200423
28600,0.00175,172.31.46.0-255,66,162479,41,200423
28601,0.001837,172.217.194.0-255,1484,163963,41,200423
28602,0.001841,172.217.194.0-255,1484,165447,41,200423
28603,0.001844,172.31.46.0-255,66,165513,41,200423
28604,0.001859,172.217.194.0-255,1484,166997,41,200423
28605,0.001864,172.217.194.0-255,4320,171317,41,200423
28606,0.001869,172.31.46.0-255,66,171383,41,200423
28607,0.001886,172.217.194.0-255,1484,172867,41,200423
28608,0.001901,172.31.46.0-255,66,172933,41,200423
28609,0.001926,172.217.194.0-255,2902,175835,41,200423
28610,0.001947,172.31.46.0-255,66,175901,41,200423
28611,0.001956,172.217.194.0-255,2184,178085,41,200423
28612,0.00196,172.31.46.0-255,66,178151,41,200423
28613,0.00198,172.217.194.0-255,1484,179635,41,200423
28614,0.001996,172.217.194.0-255,1484,181119,41,200423
28615,0.002,172.217.194.0-255,1484,182603,41,200423
28616,0.002014,172.217.194.0-255,5738,188341,41,200423
28617,0.002017,172.31.46.0-255,66,188407,41,200423
28618,0.002027,172.31.46.0-255,66,188473,41,200423
28619,0.002042,172.217.194.0-255,5738,194211,41,200423
28620,0.00208,172.31.46.0-255,66,194277,41,200423
28621,0.002115,172.217.194.0-255,5738,200015,41,200423
28622,0.002152,172.31.46.0-255,66,200081,41,200423
28623,0.002184,172.31.46.0-255,66,200147,41,200423
28624,0.002209,172.217.194.0-255,105,200252,41,200423
28625,0.002262,172.31.46.0-255,66,200318,41,200423
28626,0.0081,172.31.46.0-255,105,200423,41,200423
28627,0.0,74.125.24.0-255,146,146,41,101855
28628,2.2e-05,172.31.46.0-255,66,212,41,101855
28629,2.9e-05,74.125.24.0-255,1484,1696,41,101855
28630,3.3e-05,172.31.46.0-255,66,1762,41,101855
28631,3.7e-05,74.125.24.0-255,1484,3246,41,101855
28632,4e-05,172.31.46.0-255,66,3312,41,101855
28633,6.4e-05,74.125.24.0-255,1484,4796,41,101855
28634,6.7e-05,172.31.46.0-255,66,4862,41,101855
28635,8e-05,172.31.46.0-255,66,4928,41,101855
28636,0.000124,74.125.24.0-255,3538,8466,41,101855
28637,0.000127,172.31.46.0-255,66,8532,41,101855
28638,0.00015,74.125.24.0-255,4320,12852,41,101855
28639,0.000152,172.31.46.0-255,66,12918,41,101855
28640,0.000163,172.31.46.0-255,66,12984,41,101855
28641,0.000182,74.125.24.0-255,2902,15886,41,101855
28642,0.000185,172.31.46.0-255,66,15952,41,101855
28643,0.000188,74.125.24.0-255,1125,17077,41,101855
28644,0.000191,172.31.46.0-255,66,17143,41,101855
28645,0.000324,74.125.24.0-255,1484,18627,41,101855
28646,0.00033,172.31.46.0-255,66,18693,41,101855
28647,0.000335,74.125.24.0-255,2902,21595,41,101855
28648,0.000338,172.31.46.0-255,66,21661,41,101855
28649,0.000344,74.125.24.0-255,5738,27399,41,101855
28650,0.000347,172.31.46.0-255,66,27465,41,101855
28651,0.00038,172.31.46.0-255,66,27531,41,101855
28652,0.00039,172.31.46.0-255,66,27597,41,101855
28653,0.000431,172.31.46.0-255,66,27663,41,101855
28654,0.000491,74.125.24.0-255,398,28061,41,101855
28655,0.000552,74.125.24.0-255,346,28407,41,101855
28656,0.000874,74.125.24.0-255,1484,29891,41,101855
28657,0.000879,172.31.46.0-255,66,29957,41,101855
28658,0.000885,74.125.24.0-255,2902,32859,41,101855
28659,0.000922,74.125.24.0-255,2902,35761,41,101855
28660,0.000931,172.31.46.0-255,66,35827,41,101855
28661,0.000949,74.125.24.0-255,2902,38729,41,101855
28662,0.000964,74.125.24.0-255,5738,44467,41,101855
28663,0.000978,172.31.46.0-255,66,44533,41,101855
28664,0.001005,74.125.24.0-255,5020,49553,41,101855
28665,0.00102,172.31.46.0-255,66,49619,41,101855
28666,0.001753,74.125.24.0-255,1484,51103,41,101855
28667,0.001761,74.125.24.0-255,2902,54005,41,101855
28668,0.001766,172.31.46.0-255,66,54071,41,101855
28669,0.001773,74.125.24.0-255,4320,58391,41,101855
28670,0.001787,74.125.24.0-255,1484,59875,41,101855
28671,0.001892,74.125.24.0-255,2902,62777,41,101855
28672,0.001937,74.125.24.0-255,2902,65679,41,101855
28673,0.001942,74.125.24.0-255,4320,69999,41,101855
28674,0.001945,74.125.24.0-255,1484,71483,41,101855
28675,0.001967,74.125.24.0-255,4320,75803,41,101855
28676,0.001985,74.125.24.0-255,5738,81541,41,101855
28677,0.002029,74.125.24.0-255,5738,87279,41,101855
28678,0.002058,74.125.24.0-255,2902,90181,41,101855
28679,0.003909,172.31.46.0-255,66,90247,41,101855
28680,0.006231,74.125.24.0-255,5738,95985,41,101855
28681,0.006237,172.31.46.0-255,66,96051,41,101855
28682,0.008543,74.125.24.0-255,5738,101789,41,101855
28683,0.008551,172.31.46.0-255,66,101855,41,101855
28684,0.0,74.125.24.0-255,152,152,41,93022
28685,1.5e-05,172.31.46.0-255,66,218,41,93022
28686,2.2e-05,74.125.24.0-255,1484,1702,41,93022
28687,2.7e-05,172.31.46.0-255,66,1768,41,93022
28688,3.4e-05,74.125.24.0-255,2902,4670,41,93022
28689,3.8e-05,172.31.46.0-255,66,4736,41,93022
28690,4.4e-05,74.125.24.0-255,4320,9056,41,93022
28691,4.7e-05,172.31.46.0-255,66,9122,41,93022
28692,8.9e-05,74.125.24.0-255,4777,13899,41,93022
28693,9.2e-05,172.31.46.0-255,66,13965,41,93022
28694,0.000115,74.125.24.0-255,4320,18285,41,93022
28695,0.000117,172.31.46.0-255,66,18351,41,93022
28696,0.000129,74.125.24.0-255,1484,19835,41,93022
28697,0.000131,172.31.46.0-255,66,19901,41,93022
28698,0.000142,172.31.46.0-255,66,19967,41,93022
28699,0.000185,74.125.24.0-255,3961,23928,41,93022
28700,0.000188,172.31.46.0-255,66,23994,41,93022
28701,0.000227,74.125.24.0-255,1484,25478,41,93022
28702,0.000229,172.31.46.0-255,66,25544,41,93022
28703,0.000242,74.125.24.0-255,2902,28446,41,93022
28704,0.000245,172.31.46.0-255,66,28512,41,93022
28705,0.00027,74.125.24.0-255,5738,34250,41,93022
28706,0.000273,172.31.46.0-255,66,34316,41,93022
28707,0.000278,74.125.24.0-255,4320,38636,41,93022
28708,0.00028,172.31.46.0-255,66,38702,41,93022
28709,0.000331,172.31.46.0-255,66,38768,41,93022
28710,0.000338,74.125.24.0-255,5738,44506,41,93022
28711,0.00034,172.31.46.0-255,66,44572,41,93022
28712,0.000379,74.125.24.0-255,1480,46052,41,93022
28713,0.000382,172.31.46.0-255,66,46118,41,93022
28714,0.000414,74.125.24.0-255,332,46450,41,93022
28715,0.000582,74.125.24.0-255,1484,47934,41,93022
28716,0.000588,172.31.46.0-255,66,48000,41,93022
28717,0.000601,74.125.24.0-255,2902,50902,41,93022
28718,0.000604,172.31.46.0-255,66,50968,41,93022
28719,0.000607,74.125.24.0-255,1484,52452,41,93022
28720,0.000631,74.125.24.0-255,4320,56772,41,93022
28721,0.000634,172.31.46.0-255,66,56838,41,93022
28722,0.000647,172.31.46.0-255,66,56904,41,93022
28723,0.000665,74.125.24.0-255,4320,61224,41,93022
28724,0.000668,172.31.46.0-255,66,61290,41,93022
28725,0.000677,172.31.46.0-255,66,61356,41,93022
28726,0.000681,74.125.24.0-255,1484,62840,41,93022
28727,0.000708,74.125.24.0-255,2184,65024,41,93022
28728,0.000712,172.31.46.0-255,66,65090,41,93022
28729,0.001473,74.125.24.0-255,1484,66574,41,93022
28730,0.001494,74.125.24.0-255,2902,69476,41,93022
28731,0.001498,172.31.46.0-255,66,69542,41,93022
28732,0.001506,74.125.24.0-255,5738,75280,41,93022
28733,0.001508,172.31.46.0-255,66,75346,41,93022
28734,0.001511,74.125.24.0-255,1484,76830,41,93022
28735,0.001549,172.31.46.0-255,66,76896,41,93022
28736,0.001605,172.31.46.0-255,66,76962,41,93022
28737,0.003734,74.125.24.0-255,5738,82700,41,93022
28738,0.003743,172.31.46.0-255,66,82766,41,93022
28739,0.005896,74.125.24.0-255,4320,87086,41,93022
28740,0.005901,172.31.46.0-255,66,87152,41,93022
28741,0.005918,74.125.24.0-255,1484,88636,41,93022
28742,0.008004,74.125.24.0-255,4320,92956,41,93022
28743,0.008012,172.31.46.0-255,66,93022,41,93022
28744,0.0,18.236.49.0-255,66,66,41,66
28745,0.0,74.125.200.0-255,155,155,41,152387
28746,1.5e-05,172.31.46.0-255,66,221,41,152387
28747,2.1e-05,74.125.200.0-255,1484,1705,41,152387
28748,2.6e-05,172.31.46.0-255,66,1771,41,152387
28749,3e-05,74.125.200.0-255,1484,3255,41,152387
28750,3.3e-05,172.31.46.0-255,66,3321,41,152387
28751,4.9e-05,74.125.200.0-255,1484,4805,41,152387
28752,5.3e-05,172.31.46.0-255,66,4871,41,152387
28753,8e-05,74.125.200.0-255,4320,9191,41,152387
28754,8.3e-05,172.31.46.0-255,66,9257,41,152387
28755,8.9e-05,74.125.200.0-255,4320,13577,41,152387
28756,9.1e-05,172.31.46.0-255,66,13643,41,152387
28757,0.000115,74.125.200.0-255,554,14197,41,152387
28758,0.000118,172.31.46.0-255,66,14263,41,152387
28759,0.000163,74.125.200.0-255,1484,15747,41,152387
28760,0.000165,172.31.46.0-255,66,15813,41,152387
28761,0.000186,74.125.200.0-255,2902,18715,41,152387
28762,0.000188,172.31.46.0-255,66,18781,41,152387
28763,0.000231,74.125.200.0-255,1484,20265,41,152387
28764,0.000235,172.31.46.0-255,66,20331,41,152387
28765,0.000239,74.125.200.0-255,1484,21815,41,152387
28766,0.000241,172.31.46.0-255,66,21881,41,152387
28767,0.000247,74.125.200.0-255,2902,24783,41,152387
28768,0.000249,172.31.46.0-255,66,24849,41,152387
28769,0.000255,74.125.200.0-255,5738,30587,41,152387
28770,0.000259,172.31.46.0-255,66,30653,41,152387
28771,0.000262,74.125.200.0-255,1125,31778,41,152387
28772,0.000266,172.31.46.0-255,66,31844,41,152387
28773,0.000374,74.125.200.0-255,1484,33328,41,152387
28774,0.000378,172.31.46.0-255,66,33394,41,152387
28775,0.000397,74.125.200.0-255,1484,34878,41,152387
28776,0.0004,172.31.46.0-255,66,34944,41,152387
28777,0.000419,74.125.200.0-255,1484,36428,41,152387
28778,0.000426,74.125.200.0-255,4320,40748,41,152387
28779,0.000428,172.31.46.0-255,66,40814,41,152387
28780,0.00045,74.125.200.0-255,1484,42298,41,152387
28781,0.000468,172.31.46.0-255,66,42364,41,152387
28782,0.00097,74.125.200.0-255,1484,43848,41,152387
28783,0.000977,74.125.200.0-255,2902,46750,41,152387
28784,0.000981,172.31.46.0-255,66,46816,41,152387
28785,0.000985,74.125.200.0-255,1484,48300,41,152387
28786,0.001001,74.125.200.0-255,4320,52620,41,152387
28787,0.001003,172.31.46.0-255,66,52686,41,152387
28788,0.001008,74.125.200.0-255,2902,55588,41,152387
28789,0.00101,172.31.46.0-255,66,55654,41,152387
28790,0.001015,74.125.200.0-255,3961,59615,41,152387
28791,0.001017,172.31.46.0-255,66,59681,41,152387
28792,0.001224,74.125.200.0-255,1484,61165,41,152387
28793,0.001243,74.125.200.0-255,2902,64067,41,152387
28794,0.001247,172.31.46.0-255,66,64133,41,152387
28795,0.001253,74.125.200.0-255,4320,68453,41,152387
28796,0.001255,172.31.46.0-255,66,68519,41,152387
28797,0.001266,74.125.200.0-255,1484,70003,41,152387
28798,0.001276,172.31.46.0-255,66,70069,41,152387
28799,0.001301,74.125.200.0-255,1484,71553,41,152387
28800,0.001333,172.31.46.0-255,66,71619,41,152387
28801,0.001382,74.125.200.0-255,5960,77579,41,152387
28802,0.001385,172.31.46.0-255,66,77645,41,152387
28803,0.001407,74.125.200.0-255,2902,80547,41,152387
28804,0.001409,172.31.46.0-255,66,80613,41,152387
28805,0.001413,74.125.200.0-255,1484,82097,41,152387
28806,0.00143,74.125.200.0-255,2902,84999,41,152387
28807,0.001432,172.31.46.0-255,66,85065,41,152387
28808,0.001437,74.125.200.0-255,2902,87967,41,152387
28809,0.001439,172.31.46.0-255,66,88033,41,152387
28810,0.00146,74.125.200.0-255,5738,93771,41,152387
28811,0.001463,172.31.46.0-255,66,93837,41,152387
28812,0.001469,74.125.200.0-255,5738,99575,41,152387
28813,0.001472,172.31.46.0-255,66,99641,41,152387
28814,0.001476,74.125.200.0-255,2902,102543,41,152387
28815,0.001479,172.31.46.0-255,66,102609,41,152387
28816,0.001497,74.125.200.0-255,4320,106929,41,152387
28817,0.0015,172.31.46.0-255,66,106995,41,152387
28818,0.001533,74.125.200.0-255,5020,112015,41,152387
28819,0.001536,172.31.46.0-255,66,112081,41,152387
28820,0.001861,74.125.200.0-255,1484,113565,41,152387
28821,0.001882,74.125.200.0-255,2902,116467,41,152387
28822,0.001888,172.31.46.0-255,66,116533,41,152387
28823,0.001892,74.125.200.0-255,1484,118017,41,152387
28824,0.001911,74.125.200.0-255,4320,122337,41,152387
28825,0.001914,172.31.46.0-255,66,122403,41,152387
28826,0.001934,74.125.200.0-255,4320,126723,41,152387
28827,0.001937,172.31.46.0-255,66,126789,41,152387
28828,0.001942,74.125.200.0-255,4320,131109,41,152387
28829,0.001945,172.31.46.0-255,66,131175,41,152387
28830,0.001963,74.125.200.0-255,1484,132659,41,152387
28831,0.001977,172.31.46.0-255,66,132725,41,152387
28832,0.001981,74.125.200.0-255,2184,134909,41,152387
28833,0.001983,172.31.46.0-255,66,134975,41,152387
28834,0.004067,74.125.200.0-255,5738,140713,41,152387
28835,0.004075,172.31.46.0-255,66,140779,41,152387
28836,0.006177,74.125.200.0-255,5738,146517,41,152387
28837,0.006183,172.31.46.0-255,66,146583,41,152387
28838,0.008284,74.125.200.0-255,5738,152321,41,152387
28839,0.008289,172.31.46.0-255,66,152387,41,152387
28840,0.0,74.125.68.0-255,146,146,41,251374
28841,2.3e-05,172.31.46.0-255,66,212,41,251374
28842,3e-05,74.125.68.0-255,1484,1696,41,251374
28843,3.4e-05,172.31.46.0-255,66,1762,41,251374
28844,3.7e-05,74.125.68.0-255,1484,3246,41,251374
28845,4e-05,172.31.46.0-255,66,3312,41,251374
28846,4.5e-05,74.125.68.0-255,2902,6214,41,251374
28847,4.9e-05,172.31.46.0-255,66,6280,41,251374
28848,5.5e-05,74.125.68.0-255,5738,12018,41,251374
28849,5.9e-05,172.31.46.0-255,66,12084,41,251374
28850,7.9e-05,74.125.68.0-255,2082,14166,41,251374
28851,8.2e-05,172.31.46.0-255,66,14232,41,251374
28852,0.000109,74.125.68.0-255,2902,17134,41,251374
28853,0.000113,172.31.46.0-255,66,17200,41,251374
28854,0.000132,74.125.68.0-255,4320,21520,41,251374
28855,0.000135,172.31.46.0-255,66,21586,41,251374
28856,0.000159,74.125.68.0-255,5738,27324,41,251374
28857,0.000162,172.31.46.0-255,66,27390,41,251374
28858,0.000187,74.125.68.0-255,3961,31351,41,251374
28859,0.000189,172.31.46.0-255,66,31417,41,251374
28860,0.000272,74.125.68.0-255,1484,32901,41,251374
28861,0.000276,172.31.46.0-255,66,32967,41,251374
28862,0.00028,74.125.68.0-255,1484,34451,41,251374
28863,0.000282,172.31.46.0-255,66,34517,41,251374
28864,0.000296,74.125.68.0-255,1484,36001,41,251374
28865,0.000298,172.31.46.0-255,66,36067,41,251374
28866,0.00033,74.125.68.0-255,5738,41805,41,251374
28867,0.000333,172.31.46.0-255,66,41871,41,251374
28868,0.000359,172.31.46.0-255,66,41937,41,251374
28869,0.000378,74.125.68.0-255,2902,44839,41,251374
28870,0.00038,172.31.46.0-255,66,44905,41,251374
28871,0.000405,172.31.46.0-255,66,44971,41,251374
28872,0.000427,74.125.68.0-255,1484,46455,41,251374
28873,0.000445,74.125.68.0-255,5692,52147,41,251374
28874,0.000448,172.31.46.0-255,66,52213,41,251374
28875,0.000451,74.125.68.0-255,110,52323,41,251374
28876,0.000623,74.125.68.0-255,1484,53807,41,251374
28877,0.000628,172.31.46.0-255,66,53873,41,251374
28878,0.000634,74.125.68.0-255,2902,56775,41,251374
28879,0.000637,172.31.46.0-255,66,56841,41,251374
28880,0.000656,74.125.68.0-255,5738,62579,41,251374
28881,0.000659,172.31.46.0-255,66,62645,41,251374
28882,0.000677,74.125.68.0-255,2902,65547,41,251374
28883,0.00068,172.31.46.0-255,66,65613,41,251374
28884,0.000693,74.125.68.0-255,3961,69574,41,251374
28885,0.000696,172.31.46.0-255,66,69640,41,251374
28886,0.000731,74.125.68.0-255,5738,75378,41,251374
28887,0.000733,172.31.46.0-255,66,75444,41,251374
28888,0.000756,74.125.68.0-255,1484,76928,41,251374
28889,0.000769,172.31.46.0-255,66,76994,41,251374
28890,0.000961,74.125.68.0-255,1484,78478,41,251374
28891,0.000979,74.125.68.0-255,2902,81380,41,251374
28892,0.000983,172.31.46.0-255,66,81446,41,251374
28893,0.001004,74.125.68.0-255,4320,85766,41,251374
28894,0.001007,172.31.46.0-255,66,85832,41,251374
28895,0.00101,74.125.68.0-255,1484,87316,41,251374
28896,0.001034,172.31.46.0-255,66,87382,41,251374
28897,0.00104,74.125.68.0-255,5738,93120,41,251374
28898,0.001042,172.31.46.0-255,66,93186,41,251374
28899,0.001047,74.125.68.0-255,2902,96088,41,251374
28900,0.00105,172.31.46.0-255,66,96154,41,251374
28901,0.001078,74.125.68.0-255,4320,100474,41,251374
28902,0.001081,172.31.46.0-255,66,100540,41,251374
28903,0.001105,74.125.68.0-255,3602,104142,41,251374
28904,0.001107,172.31.46.0-255,66,104208,41,251374
28905,0.00123,74.125.68.0-255,1484,105692,41,251374
28906,0.001244,74.125.68.0-255,2902,108594,41,251374
28907,0.001247,172.31.46.0-255,66,108660,41,251374
28908,0.001259,74.125.68.0-255,1484,110144,41,251374
28909,0.001279,74.125.68.0-255,4320,114464,41,251374
28910,0.001282,172.31.46.0-255,66,114530,41,251374
28911,0.001286,74.125.68.0-255,2902,117432,41,251374
28912,0.001288,172.31.46.0-255,66,117498,41,251374
28913,0.001294,74.125.68.0-255,4320,121818,41,251374
28914,0.001296,172.31.46.0-255,66,121884,41,251374
28915,0.001322,172.31.46.0-255,66,121950,41,251374
28916,0.001342,74.125.68.0-255,1484,123434,41,251374
28917,0.001347,74.125.68.0-255,2902,126336,41,251374
28918,0.001349,172.31.46.0-255,66,126402,41,251374
28919,0.00138,74.125.68.0-255,5020,131422,41,251374
28920,0.001383,172.31.46.0-255,66,131488,41,251374
28921,0.001421,74.125.68.0-255,5738,137226,41,251374
28922,0.001424,172.31.46.0-255,66,137292,41,251374
28923,0.001427,74.125.68.0-255,1484,138776,41,251374
28924,0.001432,74.125.68.0-255,2902,141678,41,251374
28925,0.001435,172.31.46.0-255,66,141744,41,251374
28926,0.001465,74.125.68.0-255,5738,147482,41,251374
28927,0.001468,172.31.46.0-255,66,147548,41,251374
28928,0.001473,74.125.68.0-255,2902,150450,41,251374
28929,0.001475,172.31.46.0-255,66,150516,41,251374
28930,0.001502,172.31.46.0-255,66,150582,41,251374
28931,0.001528,74.125.68.0-255,2902,153484,41,251374
28932,0.00153,172.31.46.0-255,66,153550,41,251374
28933,0.001548,74.125.68.0-255,5020,158570,41,251374
28934,0.001551,172.31.46.0-255,66,158636,41,251374
28935,0.001579,172.31.46.0-255,66,158702,41,251374
28936,0.001583,74.125.68.0-255,2902,161604,41,251374
28937,0.001585,172.31.46.0-255,66,161670,41,251374
28938,0.001611,74.125.68.0-255,2902,164572,41,251374
28939,0.001614,172.31.46.0-255,66,164638,41,251374
28940,0.001634,172.31.46.0-255,66,164704,41,251374
28941,0.00164,74.125.68.0-255,4320,169024,41,251374
28942,0.001642,172.31.46.0-255,66,169090,41,251374
28943,0.001665,74.125.68.0-255,4320,173410,41,251374
28944,0.001668,172.31.46.0-255,66,173476,41,251374
28945,0.00167,74.125.68.0-255,766,174242,41,251374
28946,0.001697,74.125.68.0-255,1484,175726,41,251374
28947,0.0017,172.31.46.0-255,66,175792,41,251374
28948,0.001721,74.125.68.0-255,4320,180112,41,251374
28949,0.001724,172.31.46.0-255,66,180178,41,251374
28950,0.001745,74.125.68.0-255,1484,181662,41,251374
28951,0.00178,172.31.46.0-255,66,181728,41,251374
28952,0.001785,74.125.68.0-255,2902,184630,41,251374
28953,0.001787,172.31.46.0-255,66,184696,41,251374
28954,0.001797,172.31.46.0-255,66,184762,41,251374
28955,0.001821,74.125.68.0-255,5738,190500,41,251374
28956,0.001824,172.31.46.0-255,66,190566,41,251374
28957,0.001827,74.125.68.0-255,766,191332,41,251374
28958,0.001842,74.125.68.0-255,1484,192816,41,251374
28959,0.001845,172.31.46.0-255,66,192882,41,251374
28960,0.001879,74.125.68.0-255,1484,194366,41,251374
28961,0.001903,74.125.68.0-255,1484,195850,41,251374
28962,0.001907,172.31.46.0-255,66,195916,41,251374
28963,0.001913,74.125.68.0-255,5738,201654,41,251374
28964,0.001916,172.31.46.0-255,66,201720,41,251374
28965,0.001927,172.31.46.0-255,66,201786,41,251374
28966,0.001938,172.31.46.0-255,66,201852,41,251374
28967,0.00194,74.125.68.0-255,1484,203336,41,251374
28968,0.001966,74.125.68.0-255,3602,206938,41,251374
28969,0.001968,172.31.46.0-255,66,207004,41,251374
28970,0.002028,74.125.68.0-255,1484,208488,41,251374
28971,0.002032,74.125.68.0-255,1484,209972,41,251374
28972,0.002036,172.31.46.0-255,66,210038,41,251374
28973,0.002058,74.125.68.0-255,1484,211522,41,251374
28974,0.002064,74.125.68.0-255,4320,215842,41,251374
28975,0.002067,172.31.46.0-255,66,215908,41,251374
28976,0.002093,172.31.46.0-255,66,215974,41,251374
28977,0.002121,74.125.68.0-255,1484,217458,41,251374
28978,0.002135,172.31.46.0-255,66,217524,41,251374
28979,0.002156,74.125.68.0-255,4320,221844,41,251374
28980,0.002162,172.31.46.0-255,66,221910,41,251374
28981,0.002171,74.125.68.0-255,2184,224094,41,251374
28982,0.002176,172.31.46.0-255,66,224160,41,251374
28983,0.002196,74.125.68.0-255,1484,225644,41,251374
28984,0.002215,74.125.68.0-255,1484,227128,41,251374
28985,0.002221,74.125.68.0-255,4320,231448,41,251374
28986,0.002233,172.31.46.0-255,66,231514,41,251374
28987,0.002265,74.125.68.0-255,1484,232998,41,251374
28988,0.002286,172.31.46.0-255,66,233064,41,251374
28989,0.002296,74.125.68.0-255,2184,235248,41,251374
28990,0.002319,172.31.46.0-255,66,235314,41,251374
28991,0.004564,74.125.68.0-255,5738,241052,41,251374
28992,0.00457,172.31.46.0-255,66,241118,41,251374
28993,0.006833,74.125.68.0-255,4320,245438,41,251374
28994,0.006839,172.31.46.0-255,66,245504,41,251374
28995,0.006853,74.125.68.0-255,1484,246988,41,251374
28996,0.009092,74.125.68.0-255,4320,251308,41,251374
28997,0.009095,172.31.46.0-255,66,251374,41,251374
28998,0.0,172.217.194.0-255,152,152,41,113921
28999,2.5e-05,172.31.46.0-255,66,218,41,113921
29000,3.2e-05,172.217.194.0-255,1484,1702,41,113921
29001,3.7e-05,172.31.46.0-255,66,1768,41,113921
29002,4.3e-05,172.217.194.0-255,2902,4670,41,113921
29003,4.7e-05,172.31.46.0-255,66,4736,41,113921
29004,5.8e-05,172.31.46.0-255,66,4802,41,113921
29005,6.3e-05,172.217.194.0-255,2040,6842,41,113921
29006,6.5e-05,172.31.46.0-255,66,6908,41,113921
29007,0.000251,172.217.194.0-255,1484,8392,41,113921
29008,0.000256,172.31.46.0-255,66,8458,41,113921
29009,0.000263,172.217.194.0-255,2902,11360,41,113921
29010,0.000266,172.31.46.0-255,66,11426,41,113921
29011,0.000272,172.217.194.0-255,5738,17164,41,113921
29012,0.000274,172.31.46.0-255,66,17230,41,113921
29013,0.000307,172.217.194.0-255,2902,20132,41,113921
29014,0.00031,172.31.46.0-255,66,20198,41,113921
29015,0.00033,172.217.194.0-255,3961,24159,41,113921
29016,0.000333,172.31.46.0-255,66,24225,41,113921
29017,0.000568,172.217.194.0-255,1484,25709,41,113921
29018,0.000572,172.31.46.0-255,66,25775,41,113921
29019,0.000579,172.217.194.0-255,2902,28677,41,113921
29020,0.000582,172.31.46.0-255,66,28743,41,113921
29021,0.000587,172.217.194.0-255,2902,31645,41,113921
29022,0.000589,172.31.46.0-255,66,31711,41,113921
29023,0.000608,172.217.194.0-255,2902,34613,41,113921
29024,0.000611,172.31.46.0-255,66,34679,41,113921
29025,0.000621,172.31.46.0-255,66,34745,41,113921
29026,0.000655,172.217.194.0-255,2902,37647,41,113921
29027,0.000658,172.31.46.0-255,66,37713,41,113921
29028,0.000664,172.217.194.0-255,4320,42033,41,113921
29029,0.000666,172.31.46.0-255,66,42099,41,113921
29030,0.000709,172.31.46.0-255,66,42165,41,113921
29031,0.000712,172.217.194.0-255,1125,43290,41,113921
29032,0.001045,172.31.46.0-255,66,43356,41,113921
29033,0.001843,172.217.194.0-255,645,44001,41,113921
29034,0.001976,172.217.194.0-255,1484,45485,41,113921
29035,0.001981,172.31.46.0-255,66,45551,41,113921
29036,0.001988,172.217.194.0-255,2902,48453,41,113921
29037,0.00199,172.31.46.0-255,66,48519,41,113921
29038,0.001994,172.217.194.0-255,1484,50003,41,113921
29039,0.002012,172.217.194.0-255,4320,54323,41,113921
29040,0.002014,172.31.46.0-255,66,54389,41,113921
29041,0.002018,172.217.194.0-255,1484,55873,41,113921
29042,0.002042,172.31.46.0-255,66,55939,41,113921
29043,0.002048,172.217.194.0-255,4320,60259,41,113921
29044,0.00205,172.31.46.0-255,66,60325,41,113921
29045,0.002073,172.31.46.0-255,66,60391,41,113921
29046,0.002236,172.217.194.0-255,1484,61875,41,113921
29047,0.00224,172.217.194.0-255,2902,64777,41,113921
29048,0.002242,172.31.46.0-255,66,64843,41,113921
29049,0.002246,172.217.194.0-255,1484,66327,41,113921
29050,0.002267,172.217.194.0-255,4320,70647,41,113921
29051,0.002269,172.31.46.0-255,66,70713,41,113921
29052,0.002276,172.217.194.0-255,5738,76451,41,113921
29053,0.002278,172.31.46.0-255,66,76517,41,113921
29054,0.002298,172.31.46.0-255,66,76583,41,113921
29055,0.002305,172.217.194.0-255,5738,82321,41,113921
29056,0.002307,172.31.46.0-255,66,82387,41,113921
29057,0.002328,172.217.194.0-255,5020,87407,41,113921
29058,0.00233,172.31.46.0-255,66,87473,41,113921
29059,0.002586,172.217.194.0-255,1484,88957,41,113921
29060,0.00259,172.217.194.0-255,2902,91859,41,113921
29061,0.002593,172.31.46.0-255,66,91925,41,113921
29062,0.002614,172.217.194.0-255,5738,97663,41,113921
29063,0.002617,172.31.46.0-255,66,97729,41,113921
29064,0.002621,172.217.194.0-255,2902,100631,41,113921
29065,0.002623,172.31.46.0-255,66,100697,41,113921
29066,0.002646,172.31.46.0-255,66,100763,41,113921
29067,0.002648,172.217.194.0-255,1484,102247,41,113921
29068,0.002679,172.31.46.0-255,66,102313,41,113921
29069,0.0053,172.217.194.0-255,5738,108051,41,113921
29070,0.005306,172.31.46.0-255,66,108117,41,113921
29071,0.007929,172.217.194.0-255,5738,113855,41,113921
29072,0.007952,172.31.46.0-255,66,113921,41,113921
29073,0.0,74.125.68.0-255,152,152,41,180527
29074,2.2e-05,172.31.46.0-255,66,218,41,180527
29075,3e-05,74.125.68.0-255,1484,1702,41,180527
29076,3.6e-05,172.31.46.0-255,66,1768,41,180527
29077,4.2e-05,74.125.68.0-255,2902,4670,41,180527
29078,4.5e-05,172.31.46.0-255,66,4736,41,180527
29079,5.7e-05,172.31.46.0-255,66,4802,41,180527
29080,6.1e-05,74.125.68.0-255,2056,6858,41,180527
29081,6.4e-05,172.31.46.0-255,66,6924,41,180527
29082,0.00085,74.125.68.0-255,1484,8408,41,180527
29083,0.000857,172.31.46.0-255,66,8474,41,180527
29084,0.000865,74.125.68.0-255,2902,11376,41,180527
29085,0.000867,172.31.46.0-255,66,11442,41,180527
29086,0.000883,74.125.68.0-255,4320,15762,41,180527
29087,0.000885,172.31.46.0-255,66,15828,41,180527
29088,0.00089,74.125.68.0-255,4320,20148,41,180527
29089,0.000892,172.31.46.0-255,66,20214,41,180527
29090,0.000914,74.125.68.0-255,1484,21698,41,180527
29091,0.000915,172.31.46.0-255,66,21764,41,180527
29092,0.00093,74.125.68.0-255,4320,26084,41,180527
29093,0.000932,172.31.46.0-255,66,26150,41,180527
29094,0.000959,74.125.68.0-255,3961,30111,41,180527
29095,0.000962,172.31.46.0-255,66,30177,41,180527
29096,0.000971,172.31.46.0-255,66,30243,41,180527
29097,0.001,172.31.46.0-255,66,30309,41,180527
29098,0.001006,74.125.68.0-255,5738,36047,41,180527
29099,0.001007,172.31.46.0-255,66,36113,41,180527
29100,0.001031,74.125.68.0-255,4320,40433,41,180527
29101,0.001033,172.31.46.0-255,66,40499,41,180527
29102,0.001035,74.125.68.0-255,766,41265,41,180527
29103,0.001072,74.125.68.0-255,399,41664,41,180527
29104,0.001105,74.125.68.0-255,109,41773,41,180527
29105,0.001169,74.125.68.0-255,1484,43257,41,180527
29106,0.001174,172.31.46.0-255,66,43323,41,180527
29107,0.001194,74.125.68.0-255,2902,46225,41,180527
29108,0.001197,172.31.46.0-255,66,46291,41,180527
29109,0.001202,74.125.68.0-255,5738,52029,41,180527
29110,0.001204,172.31.46.0-255,66,52095,41,180527
29111,0.001237,74.125.68.0-255,4320,56415,41,180527
29112,0.00124,172.31.46.0-255,66,56481,41,180527
29113,0.001252,74.125.68.0-255,1484,57965,41,180527
29114,0.001265,74.125.68.0-255,2902,60867,41,180527
29115,0.001267,172.31.46.0-255,66,60933,41,180527
29116,0.001285,74.125.68.0-255,4320,65253,41,180527
29117,0.001288,172.31.46.0-255,66,65319,41,180527
29118,0.001292,74.125.68.0-255,2902,68221,41,180527
29119,0.001294,172.31.46.0-255,66,68287,41,180527
29120,0.001332,74.125.68.0-255,4320,72607,41,180527
29121,0.001334,172.31.46.0-255,66,72673,41,180527
29122,0.001346,74.125.68.0-255,3602,76275,41,180527
29123,0.001348,172.31.46.0-255,66,76341,41,180527
29124,0.001393,74.125.68.0-255,4320,80661,41,180527
29125,0.001395,172.31.46.0-255,66,80727,41,180527
29126,0.001416,74.125.68.0-255,3168,83895,41,180527
29127,0.001418,172.31.46.0-255,66,83961,41,180527
29128,0.001427,172.31.46.0-255,66,84027,41,180527
29129,0.001431,74.125.68.0-255,2902,86929,41,180527
29130,0.001433,172.31.46.0-255,66,86995,41,180527
29131,0.001457,74.125.68.0-255,5738,92733,41,180527
29132,0.001459,172.31.46.0-255,66,92799,41,180527
29133,0.001477,74.125.68.0-255,2902,95701,41,180527
29134,0.001479,172.31.46.0-255,66,95767,41,180527
29135,0.001504,172.31.46.0-255,66,95833,41,180527
29136,0.001629,74.125.68.0-255,1484,97317,41,180527
29137,0.001648,74.125.68.0-255,2902,100219,41,180527
29138,0.00165,172.31.46.0-255,66,100285,41,180527
29139,0.001653,74.125.68.0-255,1484,101769,41,180527
29140,0.001669,74.125.68.0-255,4320,106089,41,180527
29141,0.001671,172.31.46.0-255,66,106155,41,180527
29142,0.001686,74.125.68.0-255,2902,109057,41,180527
29143,0.001688,172.31.46.0-255,66,109123,41,180527
29144,0.001712,74.125.68.0-255,5738,114861,41,180527
29145,0.001714,172.31.46.0-255,66,114927,41,180527
29146,0.001738,74.125.68.0-255,2902,117829,41,180527
29147,0.00174,172.31.46.0-255,66,117895,41,180527
29148,0.001757,74.125.68.0-255,4320,122215,41,180527
29149,0.001759,172.31.46.0-255,66,122281,41,180527
29150,0.001783,74.125.68.0-255,4320,126601,41,180527
29151,0.001785,172.31.46.0-255,66,126667,41,180527
29152,0.001804,74.125.68.0-255,3602,130269,41,180527
29153,0.001806,172.31.46.0-255,66,130335,41,180527
29154,0.001835,74.125.68.0-255,1484,131819,41,180527
29155,0.001838,74.125.68.0-255,1484,133303,41,180527
29156,0.00184,172.31.46.0-255,66,133369,41,180527
29157,0.00185,74.125.68.0-255,1484,134853,41,180527
29158,0.001878,74.125.68.0-255,1484,136337,41,180527
29159,0.00188,172.31.46.0-255,66,136403,41,180527
29160,0.001901,74.125.68.0-255,4320,140723,41,180527
29161,0.001903,172.31.46.0-255,66,140789,41,180527
29162,0.001912,172.31.46.0-255,66,140855,41,180527
29163,0.001917,74.125.68.0-255,4320,145175,41,180527
29164,0.001918,172.31.46.0-255,66,145241,41,180527
29165,0.001948,74.125.68.0-255,4320,149561,41,180527
29166,0.00195,172.31.46.0-255,66,149627,41,180527
29167,0.001959,172.31.46.0-255,66,149693,41,180527
29168,0.002175,74.125.68.0-255,1484,151177,41,180527
29169,0.002191,74.125.68.0-255,2902,154079,41,180527
29170,0.002194,172.31.46.0-255,66,154145,41,180527
29171,0.002213,74.125.68.0-255,5738,159883,41,180527
29172,0.002215,172.31.46.0-255,66,159949,41,180527
29173,0.002236,74.125.68.0-255,2902,162851,41,180527
29174,0.002238,172.31.46.0-255,66,162917,41,180527
29175,0.002259,74.125.68.0-255,1484,164401,41,180527
29176,0.004456,74.125.68.0-255,1484,165885,41,180527
29177,0.004462,172.31.46.0-255,66,165951,41,180527
29178,0.00448,74.125.68.0-255,2902,168853,41,180527
29179,0.004482,172.31.46.0-255,66,168919,41,180527
29180,0.006727,74.125.68.0-255,5738,174657,41,180527
29181,0.006734,172.31.46.0-255,66,174723,41,180527
29182,0.008983,74.125.68.0-255,5738,180461,41,180527
29183,0.008991,172.31.46.0-255,66,180527,41,180527
29184,0.0,172.217.194.0-255,156,156,41,135322
29185,2.1e-05,172.31.46.0-255,66,222,41,135322
29186,2.8e-05,172.217.194.0-255,1484,1706,41,135322
29187,3.2e-05,172.31.46.0-255,66,1772,41,135322
29188,3.8e-05,172.217.194.0-255,2902,4674,41,135322
29189,4.9e-05,172.31.46.0-255,66,4740,41,135322
29190,5.5e-05,172.217.194.0-255,4320,9060,41,135322
29191,5.8e-05,172.31.46.0-255,66,9126,41,135322
29192,6.4e-05,172.217.194.0-255,4891,14017,41,135322
29193,6.7e-05,172.31.46.0-255,66,14083,41,135322
29194,0.000161,172.217.194.0-255,1484,15567,41,135322
29195,0.000165,172.31.46.0-255,66,15633,41,135322
29196,0.00017,172.217.194.0-255,2902,18535,41,135322
29197,0.000172,172.31.46.0-255,66,18601,41,135322
29198,0.000184,172.217.194.0-255,5738,24339,41,135322
29199,0.000187,172.31.46.0-255,66,24405,41,135322
29200,0.000226,172.31.46.0-255,66,24471,41,135322
29201,0.000435,172.217.194.0-255,1484,25955,41,135322
29202,0.00044,172.31.46.0-255,66,26021,41,135322
29203,0.000444,172.217.194.0-255,1484,27505,41,135322
29204,0.000447,172.31.46.0-255,66,27571,41,135322
29205,0.000471,172.217.194.0-255,1484,29055,41,135322
29206,0.000473,172.31.46.0-255,66,29121,41,135322
29207,0.000485,172.217.194.0-255,4320,33441,41,135322
29208,0.000487,172.31.46.0-255,66,33507,41,135322
29209,0.000502,172.217.194.0-255,5738,39245,41,135322
29210,0.000504,172.31.46.0-255,66,39311,41,135322
29211,0.000528,172.217.194.0-255,3961,43272,41,135322
29212,0.00053,172.31.46.0-255,66,43338,41,135322
29213,0.000536,172.217.194.0-255,5738,49076,41,135322
29214,0.000539,172.31.46.0-255,66,49142,41,135322
29215,0.000582,172.31.46.0-255,66,49208,41,135322
29216,0.000688,172.217.194.0-255,646,49854,41,135322
29217,0.000777,172.217.194.0-255,1484,51338,41,135322
29218,0.000781,172.31.46.0-255,66,51404,41,135322
29219,0.000787,172.217.194.0-255,2902,54306,41,135322
29220,0.000789,172.31.46.0-255,66,54372,41,135322
29221,0.000792,172.217.194.0-255,1484,55856,41,135322
29222,0.00082,172.217.194.0-255,4320,60176,41,135322
29223,0.000823,172.31.46.0-255,66,60242,41,135322
29224,0.000827,172.217.194.0-255,2902,63144,41,135322
29225,0.00083,172.31.46.0-255,66,63210,41,135322
29226,0.000859,172.217.194.0-255,1484,64694,41,135322
29227,0.000878,172.217.194.0-255,2543,67237,41,135322
29228,0.000881,172.31.46.0-255,66,67303,41,135322
29229,0.000944,172.217.194.0-255,1484,68787,41,135322
29230,0.000958,172.217.194.0-255,2902,71689,41,135322
29231,0.000961,172.31.46.0-255,66,71755,41,135322
29232,0.000989,172.217.194.0-255,5738,77493,41,135322
29233,0.000992,172.31.46.0-255,66,77559,41,135322
29234,0.001032,172.31.46.0-255,66,77625,41,135322
29235,0.001068,172.217.194.0-255,5379,83004,41,135322
29236,0.001071,172.31.46.0-255,66,83070,41,135322
29237,0.001086,172.31.46.0-255,66,83136,41,135322
29238,0.0011,172.31.46.0-255,66,83202,41,135322
29239,0.001256,172.217.194.0-255,1484,84686,41,135322
29240,0.001263,172.217.194.0-255,2902,87588,41,135322
29241,0.001266,172.31.46.0-255,66,87654,41,135322
29242,0.001271,172.217.194.0-255,2902,90556,41,135322
29243,0.001273,172.31.46.0-255,66,90622,41,135322
29244,0.001295,172.217.194.0-255,2902,93524,41,135322
29245,0.001298,172.31.46.0-255,66,93590,41,135322
29246,0.001317,172.31.46.0-255,66,93656,41,135322
29247,0.001368,172.31.46.0-255,66,93722,41,135322
29248,0.001537,172.217.194.0-255,1484,95206,41,135322
29249,0.001542,172.217.194.0-255,2902,98108,41,135322
29250,0.001546,172.31.46.0-255,66,98174,41,135322
29251,0.00155,172.217.194.0-255,1484,99658,41,135322
29252,0.001578,172.217.194.0-255,4320,103978,41,135322
29253,0.001581,172.31.46.0-255,66,104044,41,135322
29254,0.001586,172.217.194.0-255,4320,108364,41,135322
29255,0.001589,172.31.46.0-255,66,108430,41,135322
29256,0.001622,172.31.46.0-255,66,108496,41,135322
29257,0.001647,172.31.46.0-255,66,108562,41,135322
29258,0.001672,172.217.194.0-255,2184,110746,41,135322
29259,0.001675,172.31.46.0-255,66,110812,41,135322
29260,0.001709,172.31.46.0-255,66,110878,41,135322
29261,0.001758,172.31.46.0-255,66,110944,41,135322
29262,0.001791,172.217.194.0-255,2902,113846,41,135322
29263,0.001794,172.31.46.0-255,66,113912,41,135322
29264,0.00181,172.31.46.0-255,66,113978,41,135322
29265,0.001813,172.217.194.0-255,766,114744,41,135322
29266,0.003142,172.31.46.0-255,66,114810,41,135322
29267,0.003858,172.217.194.0-255,4320,119130,41,135322
29268,0.003867,172.31.46.0-255,66,119196,41,135322
29269,0.005187,172.217.194.0-255,1484,120680,41,135322
29270,0.005852,172.217.194.0-255,4320,125000,41,135322
29271,0.005862,172.31.46.0-255,66,125066,41,135322
29272,0.007927,172.217.194.0-255,4320,129386,41,135322
29273,0.00793,172.31.46.0-255,66,129452,41,135322
29274,0.007949,172.217.194.0-255,1484,130936,41,135322
29275,0.009965,172.217.194.0-255,4320,135256,41,135322
29276,0.009971,172.31.46.0-255,66,135322,41,135322
29277,0.0,74.125.24.0-255,150,150,41,147688
29278,1.8e-05,172.31.46.0-255,66,216,41,147688
29279,2.6e-05,74.125.24.0-255,1484,1700,41,147688
29280,2.9e-05,172.31.46.0-255,66,1766,41,147688
29281,3.5e-05,74.125.24.0-255,2902,4668,41,147688
29282,3.7e-05,172.31.46.0-255,66,4734,41,147688
29283,5.6e-05,172.31.46.0-255,66,4800,41,147688
29284,0.000102,172.31.46.0-255,66,4866,41,147688
29285,0.000129,74.125.24.0-255,2043,6909,41,147688
29286,0.000131,172.31.46.0-255,66,6975,41,147688
29287,0.000136,74.125.24.0-255,2543,9518,41,147688
29288,0.000138,172.31.46.0-255,66,9584,41,147688
29289,0.000144,74.125.24.0-255,2902,12486,41,147688
29290,0.000152,172.31.46.0-255,66,12552,41,147688
29291,0.000157,74.125.24.0-255,4320,16872,41,147688
29292,0.00016,172.31.46.0-255,66,16938,41,147688
29293,0.000185,74.125.24.0-255,2902,19840,41,147688
29294,0.000187,172.31.46.0-255,66,19906,41,147688
29295,0.000202,172.31.46.0-255,66,19972,41,147688
29296,0.000228,74.125.24.0-255,1484,21456,41,147688
29297,0.00023,172.31.46.0-255,66,21522,41,147688
29298,0.00026,74.125.24.0-255,2902,24424,41,147688
29299,0.000262,172.31.46.0-255,66,24490,41,147688
29300,0.000268,74.125.24.0-255,5738,30228,41,147688
29301,0.00027,172.31.46.0-255,66,30294,41,147688
29302,0.000273,74.125.24.0-255,1484,31778,41,147688
29303,0.00028,172.31.46.0-255,66,31844,41,147688
29304,0.000313,74.125.24.0-255,5673,37517,41,147688
29305,0.000316,172.31.46.0-255,66,37583,41,147688
29306,0.000347,74.125.24.0-255,383,37966,41,147688
29307,0.000476,74.125.24.0-255,1484,39450,41,147688
29308,0.000484,172.31.46.0-255,66,39516,41,147688
29309,0.000491,74.125.24.0-255,2902,42418,41,147688
29310,0.000493,172.31.46.0-255,66,42484,41,147688
29311,0.000496,74.125.24.0-255,1484,43968,41,147688
29312,0.000521,74.125.24.0-255,4320,48288,41,147688
29313,0.000523,172.31.46.0-255,66,48354,41,147688
29314,0.000533,172.31.46.0-255,66,48420,41,147688
29315,0.00056,74.125.24.0-255,1484,49904,41,147688
29316,0.000585,74.125.24.0-255,5738,55642,41,147688
29317,0.000588,172.31.46.0-255,66,55708,41,147688
29318,0.000599,172.31.46.0-255,66,55774,41,147688
29319,0.000625,74.125.24.0-255,1125,56899,41,147688
29320,0.001253,74.125.24.0-255,1484,58383,41,147688
29321,0.001258,172.31.46.0-255,66,58449,41,147688
29322,0.001263,74.125.24.0-255,2902,61351,41,147688
29323,0.001265,172.31.46.0-255,66,61417,41,147688
29324,0.001277,74.125.24.0-255,5738,67155,41,147688
29325,0.001279,172.31.46.0-255,66,67221,41,147688
29326,0.001316,172.31.46.0-255,66,67287,41,147688
29327,0.001323,74.125.24.0-255,5738,73025,41,147688
29328,0.001325,172.31.46.0-255,66,73091,41,147688
29329,0.00136,74.125.24.0-255,4320,77411,41,147688
29330,0.001363,172.31.46.0-255,66,77477,41,147688
29331,0.001366,74.125.24.0-255,766,78243,41,147688
29332,0.001369,74.125.24.0-255,1484,79727,41,147688
29333,0.001371,172.31.46.0-255,66,79793,41,147688
29334,0.001381,74.125.24.0-255,4320,84113,41,147688
29335,0.001384,172.31.46.0-255,66,84179,41,147688
29336,0.001396,172.31.46.0-255,66,84245,41,147688
29337,0.001457,172.31.46.0-255,66,84311,41,147688
29338,0.001468,172.31.46.0-255,66,84377,41,147688
29339,0.00147,74.125.24.0-255,1484,85861,41,147688
29340,0.001492,74.125.24.0-255,5738,91599,41,147688
29341,0.001494,172.31.46.0-255,66,91665,41,147688
29342,0.001499,74.125.24.0-255,4320,95985,41,147688
29343,0.001501,172.31.46.0-255,66,96051,41,147688
29344,0.001559,172.31.46.0-255,66,96117,41,147688
29345,0.001561,172.31.46.0-255,66,96183,41,147688
29346,0.001569,74.125.24.0-255,1484,97667,41,147688
29347,0.001591,74.125.24.0-255,2902,100569,41,147688
29348,0.001593,172.31.46.0-255,66,100635,41,147688
29349,0.001599,74.125.24.0-255,5738,106373,41,147688
29350,0.0016,172.31.46.0-255,66,106439,41,147688
29351,0.001637,172.31.46.0-255,66,106505,41,147688
29352,0.001684,172.31.46.0-255,66,106571,41,147688
29353,0.00172,74.125.24.0-255,4320,110891,41,147688
29354,0.001723,172.31.46.0-255,66,110957,41,147688
29355,0.001757,172.31.46.0-255,66,111023,41,147688
29356,0.001774,172.31.46.0-255,66,111089,41,147688
29357,0.001787,172.31.46.0-255,66,111155,41,147688
29358,0.001884,74.125.24.0-255,1484,112639,41,147688
29359,0.00189,74.125.24.0-255,2902,115541,41,147688
29360,0.001892,172.31.46.0-255,66,115607,41,147688
29361,0.001896,74.125.24.0-255,1484,117091,41,147688
29362,0.00192,74.125.24.0-255,4320,121411,41,147688
29363,0.001926,74.125.24.0-255,5738,127149,41,147688
29364,0.001928,74.125.24.0-255,1484,128633,41,147688
29365,0.001931,172.31.46.0-255,66,128699,41,147688
29366,0.001934,172.31.46.0-255,66,128765,41,147688
29367,0.001972,74.125.24.0-255,1484,130249,41,147688
29368,0.001976,172.31.46.0-255,66,130315,41,147688
29369,0.002015,172.31.46.0-255,66,130381,41,147688
29370,0.002025,172.31.46.0-255,66,130447,41,147688
29371,0.002105,74.125.24.0-255,4320,134767,41,147688
29372,0.00211,172.31.46.0-255,66,134833,41,147688
29373,0.002139,74.125.24.0-255,2902,137735,41,147688
29374,0.002151,74.125.24.0-255,1484,139219,41,147688
29375,0.002165,74.125.24.0-255,5738,144957,41,147688
29376,0.002201,74.125.24.0-255,1484,146441,41,147688
29377,0.002203,74.125.24.0-255,905,147346,41,147688
29378,0.002212,172.31.46.0-255,66,147412,41,147688
29379,0.002249,74.125.24.0-255,105,147517,41,147688
29380,0.008621,172.31.46.0-255,66,147583,41,147688
29381,0.008659,172.31.46.0-255,105,147688,41,147688
29382,0.0,74.125.24.0-255,156,156,41,109327
29383,2.1e-05,172.31.46.0-255,66,222,41,109327
29384,2.8e-05,74.125.24.0-255,1484,1706,41,109327
29385,3.3e-05,172.31.46.0-255,66,1772,41,109327
29386,3.9e-05,74.125.24.0-255,2902,4674,41,109327
29387,4.2e-05,172.31.46.0-255,66,4740,41,109327
29388,5.3e-05,172.31.46.0-255,66,4806,41,109327
29389,0.000121,172.31.46.0-255,66,4872,41,109327
29390,0.000131,172.31.46.0-255,66,4938,41,109327
29391,0.000158,74.125.24.0-255,1484,6422,41,109327
29392,0.000161,172.31.46.0-255,66,6488,41,109327
29393,0.000165,74.125.24.0-255,2902,9390,41,109327
29394,0.000167,172.31.46.0-255,66,9456,41,109327
29395,0.000178,74.125.24.0-255,1484,10940,41,109327
29396,0.00018,172.31.46.0-255,66,11006,41,109327
29397,0.000201,74.125.24.0-255,4320,15326,41,109327
29398,0.000204,172.31.46.0-255,66,15392,41,109327
29399,0.00021,74.125.24.0-255,5738,21130,41,109327
29400,0.000212,172.31.46.0-255,66,21196,41,109327
29401,0.000248,172.31.46.0-255,66,21262,41,109327
29402,0.00026,172.31.46.0-255,66,21328,41,109327
29403,0.000397,74.125.24.0-255,394,21722,41,109327
29404,0.000401,172.31.46.0-255,66,21788,41,109327
29405,0.000526,74.125.24.0-255,1484,23272,41,109327
29406,0.00053,172.31.46.0-255,66,23338,41,109327
29407,0.000536,74.125.24.0-255,2902,26240,41,109327
29408,0.000539,172.31.46.0-255,66,26306,41,109327
29409,0.000542,74.125.24.0-255,1484,27790,41,109327
29410,0.000571,74.125.24.0-255,4320,32110,41,109327
29411,0.000575,172.31.46.0-255,66,32176,41,109327
29412,0.00058,74.125.24.0-255,4320,36496,41,109327
29413,0.000582,172.31.46.0-255,66,36562,41,109327
29414,0.000611,172.31.46.0-255,66,36628,41,109327
29415,0.000618,172.31.46.0-255,66,36694,41,109327
29416,0.000624,74.125.24.0-255,3602,40296,41,109327
29417,0.000626,172.31.46.0-255,66,40362,41,109327
29418,0.000629,74.125.24.0-255,349,40711,41,109327
29419,0.001563,74.125.24.0-255,1484,42195,41,109327
29420,0.00157,172.31.46.0-255,66,42261,41,109327
29421,0.001577,74.125.24.0-255,2902,45163,41,109327
29422,0.001579,172.31.46.0-255,66,45229,41,109327
29423,0.001586,74.125.24.0-255,5738,50967,41,109327
29424,0.001588,172.31.46.0-255,66,51033,41,109327
29425,0.0016,74.125.24.0-255,1484,52517,41,109327
29426,0.00163,172.31.46.0-255,66,52583,41,109327
29427,0.001658,172.31.46.0-255,66,52649,41,109327
29428,0.001681,74.125.24.0-255,5020,57669,41,109327
29429,0.001684,172.31.46.0-255,66,57735,41,109327
29430,0.002133,74.125.24.0-255,1484,59219,41,109327
29431,0.002141,74.125.24.0-255,2902,62121,41,109327
29432,0.002144,172.31.46.0-255,66,62187,41,109327
29433,0.002152,74.125.24.0-255,5738,67925,41,109327
29434,0.002155,172.31.46.0-255,66,67991,41,109327
29435,0.002183,74.125.24.0-255,5738,73729,41,109327
29436,0.002186,172.31.46.0-255,66,73795,41,109327
29437,0.0022,172.31.46.0-255,66,73861,41,109327
29438,0.002205,74.125.24.0-255,2902,76763,41,109327
29439,0.002207,172.31.46.0-255,66,76829,41,109327
29440,0.002229,74.125.24.0-255,2184,79013,41,109327
29441,0.002232,172.31.46.0-255,66,79079,41,109327
29442,0.00225,74.125.24.0-255,1484,80563,41,109327
29443,0.002254,74.125.24.0-255,1484,82047,41,109327
29444,0.002256,172.31.46.0-255,66,82113,41,109327
29445,0.002269,74.125.24.0-255,1484,83597,41,109327
29446,0.002274,74.125.24.0-255,4320,87917,41,109327
29447,0.002277,172.31.46.0-255,66,87983,41,109327
29448,0.002299,74.125.24.0-255,1484,89467,41,109327
29449,0.002313,172.31.46.0-255,66,89533,41,109327
29450,0.002357,172.31.46.0-255,66,89599,41,109327
29451,0.002372,74.125.24.0-255,1484,91083,41,109327
29452,0.002376,74.125.24.0-255,766,91849,41,109327
29453,0.002378,172.31.46.0-255,66,91915,41,109327
29454,0.004687,74.125.24.0-255,5738,97653,41,109327
29455,0.004691,172.31.46.0-255,66,97719,41,109327
29456,0.007048,74.125.24.0-255,5738,103457,41,109327
29457,0.007056,172.31.46.0-255,66,103523,41,109327
29458,0.0094,74.125.24.0-255,5738,109261,41,109327
29459,0.009407,172.31.46.0-255,66,109327,41,109327
29460,0.0,74.125.24.0-255,152,152,41,87605
29461,2.2e-05,172.31.46.0-255,66,218,41,87605
29462,2.8e-05,74.125.24.0-255,1484,1702,41,87605
29463,3.3e-05,172.31.46.0-255,66,1768,41,87605
29464,4e-05,74.125.24.0-255,2902,4670,41,87605
29465,5e-05,172.31.46.0-255,66,4736,41,87605
29466,6.1e-05,172.31.46.0-255,66,4802,41,87605
29467,6.5e-05,74.125.24.0-255,2045,6847,41,87605
29468,6.7e-05,172.31.46.0-255,66,6913,41,87605
29469,0.000141,74.125.24.0-255,1484,8397,41,87605
29470,0.000144,172.31.46.0-255,66,8463,41,87605
29471,0.000149,74.125.24.0-255,2902,11365,41,87605
29472,0.000151,172.31.46.0-255,66,11431,41,87605
29473,0.000194,74.125.24.0-255,5738,17169,41,87605
29474,0.000196,172.31.46.0-255,66,17235,41,87605
29475,0.000221,74.125.24.0-255,4320,21555,41,87605
29476,0.000224,172.31.46.0-255,66,21621,41,87605
29477,0.00025,74.125.24.0-255,2543,24164,41,87605
29478,0.000252,172.31.46.0-255,66,24230,41,87605
29479,0.000626,74.125.24.0-255,1484,25714,41,87605
29480,0.000632,172.31.46.0-255,66,25780,41,87605
29481,0.000638,74.125.24.0-255,2902,28682,41,87605
29482,0.000641,172.31.46.0-255,66,28748,41,87605
29483,0.000671,74.125.24.0-255,5738,34486,41,87605
29484,0.000674,172.31.46.0-255,66,34552,41,87605
29485,0.000679,74.125.24.0-255,4320,38872,41,87605
29486,0.000681,172.31.46.0-255,66,38938,41,87605
29487,0.00071,74.125.24.0-255,5738,44676,41,87605
29488,0.000713,172.31.46.0-255,66,44742,41,87605
29489,0.000738,172.31.46.0-255,66,44808,41,87605
29490,0.000748,172.31.46.0-255,66,44874,41,87605
29491,0.000776,74.125.24.0-255,677,45551,41,87605
29492,0.001018,74.125.24.0-255,1484,47035,41,87605
29493,0.001022,172.31.46.0-255,66,47101,41,87605
29494,0.001028,74.125.24.0-255,2902,50003,41,87605
29495,0.00103,172.31.46.0-255,66,50069,41,87605
29496,0.001059,74.125.24.0-255,5738,55807,41,87605
29497,0.001061,172.31.46.0-255,66,55873,41,87605
29498,0.001075,172.31.46.0-255,66,55939,41,87605
29499,0.001104,172.31.46.0-255,66,56005,41,87605
29500,0.001742,74.125.24.0-255,1484,57489,41,87605
29501,0.001752,74.125.24.0-255,2902,60391,41,87605
29502,0.001756,172.31.46.0-255,66,60457,41,87605
29503,0.001764,74.125.24.0-255,5738,66195,41,87605
29504,0.001767,172.31.46.0-255,66,66261,41,87605
29505,0.00182,172.31.46.0-255,66,66327,41,87605
29506,0.001837,172.31.46.0-255,66,66393,41,87605
29507,0.00184,74.125.24.0-255,766,67159,41,87605
29508,0.003808,74.125.24.0-255,4320,71479,41,87605
29509,0.003815,172.31.46.0-255,66,71545,41,87605
29510,0.005783,74.125.24.0-255,4320,75865,41,87605
29511,0.005786,172.31.46.0-255,66,75931,41,87605
29512,0.005796,74.125.24.0-255,1484,77415,41,87605
29513,0.007765,74.125.24.0-255,4320,81735,41,87605
29514,0.007773,172.31.46.0-255,66,81801,41,87605
29515,0.009758,74.125.24.0-255,5738,87539,41,87605
29516,0.009768,172.31.46.0-255,66,87605,41,87605
29517,0.0,172.217.194.0-255,151,151,41,82324
29518,3.1e-05,172.31.46.0-255,66,217,41,82324
29519,3.9e-05,172.217.194.0-255,1484,1701,41,82324
29520,4.4e-05,172.31.46.0-255,66,1767,41,82324
29521,5e-05,172.217.194.0-255,2902,4669,41,82324
29522,5.4e-05,172.31.46.0-255,66,4735,41,82324
29523,6.6e-05,172.31.46.0-255,66,4801,41,82324
29524,7.1e-05,172.217.194.0-255,4320,9121,41,82324
29525,7.5e-05,172.31.46.0-255,66,9187,41,82324
29526,0.000115,172.31.46.0-255,66,9253,41,82324
29527,0.000125,172.31.46.0-255,66,9319,41,82324
29528,0.000831,172.217.194.0-255,1484,10803,41,82324
29529,0.000838,172.31.46.0-255,66,10869,41,82324
29530,0.000846,172.217.194.0-255,2902,13771,41,82324
29531,0.000849,172.31.46.0-255,66,13837,41,82324
29532,0.00088,172.217.194.0-255,4320,18157,41,82324
29533,0.000884,172.31.46.0-255,66,18223,41,82324
29534,0.000904,172.31.46.0-255,66,18289,41,82324
29535,0.000924,172.217.194.0-255,2543,20832,41,82324
29536,0.000927,172.31.46.0-255,66,20898,41,82324
29537,0.000933,172.217.194.0-255,5738,26636,41,82324
29538,0.000936,172.31.46.0-255,66,26702,41,82324
29539,0.000988,172.31.46.0-255,66,26768,41,82324
29540,0.001128,172.217.194.0-255,402,27170,41,82324
29541,0.001137,172.31.46.0-255,66,27236,41,82324
29542,0.001409,172.217.194.0-255,1484,28720,41,82324
29543,0.001415,172.31.46.0-255,66,28786,41,82324
29544,0.00142,172.217.194.0-255,2902,31688,41,82324
29545,0.001422,172.31.46.0-255,66,31754,41,82324
29546,0.001428,172.217.194.0-255,4320,36074,41,82324
29547,0.00143,172.31.46.0-255,66,36140,41,82324
29548,0.001457,172.217.194.0-255,1484,37624,41,82324
29549,0.001473,172.31.46.0-255,66,37690,41,82324
29550,0.001487,172.31.46.0-255,66,37756,41,82324
29551,0.001767,172.217.194.0-255,1484,39240,41,82324
29552,0.001773,172.217.194.0-255,2902,42142,41,82324
29553,0.001776,172.31.46.0-255,66,42208,41,82324
29554,0.001799,172.217.194.0-255,5738,47946,41,82324
29555,0.001801,172.31.46.0-255,66,48012,41,82324
29556,0.001806,172.217.194.0-255,2902,50914,41,82324
29557,0.001808,172.31.46.0-255,66,50980,41,82324
29558,0.001843,172.31.46.0-255,66,51046,41,82324
29559,0.001856,172.31.46.0-255,66,51112,41,82324
29560,0.001859,172.217.194.0-255,766,51878,41,82324
29561,0.002124,172.217.194.0-255,1484,53362,41,82324
29562,0.002129,172.31.46.0-255,66,53428,41,82324
29563,0.002134,172.217.194.0-255,2902,56330,41,82324
29564,0.002136,172.31.46.0-255,66,56396,41,82324
29565,0.002139,172.217.194.0-255,1484,57880,41,82324
29566,0.002161,172.217.194.0-255,4320,62200,41,82324
29567,0.002164,172.31.46.0-255,66,62266,41,82324
29568,0.002207,172.31.46.0-255,66,62332,41,82324
29569,0.002218,172.31.46.0-255,66,62398,41,82324
29570,0.002244,172.217.194.0-255,2184,64582,41,82324
29571,0.002247,172.31.46.0-255,66,64648,41,82324
29572,0.00458,172.217.194.0-255,2902,67550,41,82324
29573,0.004593,172.31.46.0-255,66,67616,41,82324
29574,0.004616,172.217.194.0-255,2902,70518,41,82324
29575,0.004619,172.31.46.0-255,66,70584,41,82324
29576,0.006956,172.217.194.0-255,2902,73486,41,82324
29577,0.006959,172.31.46.0-255,66,73552,41,82324
29578,0.006982,172.217.194.0-255,2902,76454,41,82324
29579,0.006984,172.31.46.0-255,66,76520,41,82324
29580,0.009338,172.217.194.0-255,5738,82258,41,82324
29581,0.009346,172.31.46.0-255,66,82324,41,82324
29582,0.0,74.125.68.0-255,150,150,41,150430
29583,2.3e-05,172.31.46.0-255,66,216,41,150430
29584,3.1e-05,74.125.68.0-255,1484,1700,41,150430
29585,3.5e-05,172.31.46.0-255,66,1766,41,150430
29586,4.1e-05,74.125.68.0-255,2902,4668,41,150430
29587,4.5e-05,172.31.46.0-255,66,4734,41,150430
29588,6.5e-05,172.31.46.0-255,66,4800,41,150430
29589,7.2e-05,74.125.68.0-255,4320,9120,41,150430
29590,7.5e-05,172.31.46.0-255,66,9186,41,150430
29591,0.000112,74.125.68.0-255,3353,12539,41,150430
29592,0.000115,172.31.46.0-255,66,12605,41,150430
29593,0.000126,172.31.46.0-255,66,12671,41,150430
29594,0.000157,74.125.68.0-255,3961,16632,41,150430
29595,0.000159,172.31.46.0-255,66,16698,41,150430
29596,0.000267,74.125.68.0-255,1484,18182,41,150430
29597,0.00027,172.31.46.0-255,66,18248,41,150430
29598,0.000276,74.125.68.0-255,2902,21150,41,150430
29599,0.000278,172.31.46.0-255,66,21216,41,150430
29600,0.000307,74.125.68.0-255,5738,26954,41,150430
29601,0.000311,172.31.46.0-255,66,27020,41,150430
29602,0.000316,74.125.68.0-255,4320,31340,41,150430
29603,0.000318,172.31.46.0-255,66,31406,41,150430
29604,0.000339,74.125.68.0-255,2543,33949,41,150430
29605,0.000341,172.31.46.0-255,66,34015,41,150430
29606,0.000353,74.125.68.0-255,5738,39753,41,150430
29607,0.000355,172.31.46.0-255,66,39819,41,150430
29608,0.00038,74.125.68.0-255,4320,44139,41,150430
29609,0.000383,172.31.46.0-255,66,44205,41,150430
29610,0.000444,172.31.46.0-255,66,44271,41,150430
29611,0.000447,74.125.68.0-255,130,44401,41,150430
29612,0.000511,74.125.68.0-255,1484,45885,41,150430
29613,0.000514,172.31.46.0-255,66,45951,41,150430
29614,0.00052,74.125.68.0-255,2902,48853,41,150430
29615,0.000523,172.31.46.0-255,66,48919,41,150430
29616,0.000557,74.125.68.0-255,5738,54657,41,150430
29617,0.00056,172.31.46.0-255,66,54723,41,150430
29618,0.000565,74.125.68.0-255,2902,57625,41,150430
29619,0.000567,172.31.46.0-255,66,57691,41,150430
29620,0.000573,74.125.68.0-255,3961,61652,41,150430
29621,0.000575,172.31.46.0-255,66,61718,41,150430
29622,0.00061,172.31.46.0-255,66,61784,41,150430
29623,0.000616,74.125.68.0-255,5738,67522,41,150430
29624,0.00062,172.31.46.0-255,66,67588,41,150430
29625,0.000658,74.125.68.0-255,2798,70386,41,150430
29626,0.000661,172.31.46.0-255,66,70452,41,150430
29627,0.001334,74.125.68.0-255,1484,71936,41,150430
29628,0.001354,74.125.68.0-255,2902,74838,41,150430
29629,0.001358,172.31.46.0-255,66,74904,41,150430
29630,0.001366,74.125.68.0-255,5738,80642,41,150430
29631,0.001369,172.31.46.0-255,66,80708,41,150430
29632,0.001378,74.125.68.0-255,2902,83610,41,150430
29633,0.00138,172.31.46.0-255,66,83676,41,150430
29634,0.001385,74.125.68.0-255,4320,87996,41,150430
29635,0.001387,172.31.46.0-255,66,88062,41,150430
29636,0.00142,74.125.68.0-255,5738,93800,41,150430
29637,0.001424,172.31.46.0-255,66,93866,41,150430
29638,0.001457,74.125.68.0-255,2902,96768,41,150430
29639,0.001461,74.125.68.0-255,4320,101088,41,150430
29640,0.001466,172.31.46.0-255,66,101154,41,150430
29641,0.001469,172.31.46.0-255,66,101220,41,150430
29642,0.001487,74.125.68.0-255,3602,104822,41,150430
29643,0.001489,172.31.46.0-255,66,104888,41,150430
29644,0.001888,74.125.68.0-255,1484,106372,41,150430
29645,0.001894,74.125.68.0-255,2902,109274,41,150430
29646,0.001897,172.31.46.0-255,66,109340,41,150430
29647,0.001928,74.125.68.0-255,5738,115078,41,150430
29648,0.001931,172.31.46.0-255,66,115144,41,150430
29649,0.001934,74.125.68.0-255,1484,116628,41,150430
29650,0.001963,74.125.68.0-255,5738,122366,41,150430
29651,0.001966,172.31.46.0-255,66,122432,41,150430
29652,0.001977,172.31.46.0-255,66,122498,41,150430
29653,0.001987,74.125.68.0-255,4320,126818,41,150430
29654,0.00199,172.31.46.0-255,66,126884,41,150430
29655,0.003918,74.125.68.0-255,1484,128368,41,150430
29656,0.003942,74.125.68.0-255,4320,132688,41,150430
29657,0.003947,172.31.46.0-255,66,132754,41,150430
29658,0.005885,74.125.68.0-255,2902,135656,41,150430
29659,0.005888,172.31.46.0-255,66,135722,41,150430
29660,0.005914,74.125.68.0-255,2902,138624,41,150430
29661,0.005917,172.31.46.0-255,66,138690,41,150430
29662,0.007831,74.125.68.0-255,2902,141592,41,150430
29663,0.007835,172.31.46.0-255,66,141658,41,150430
29664,0.007861,74.125.68.0-255,2902,144560,41,150430
29665,0.007864,172.31.46.0-255,66,144626,41,150430
29666,0.009796,74.125.68.0-255,5738,150364,41,150430
29667,0.009805,172.31.46.0-255,66,150430,41,150430
29668,0.0,74.125.24.0-255,156,156,41,190589
29669,1.4e-05,172.31.46.0-255,66,222,41,190589
29670,2e-05,74.125.24.0-255,1484,1706,41,190589
29671,2.4e-05,172.31.46.0-255,66,1772,41,190589
29672,2.9e-05,74.125.24.0-255,2902,4674,41,190589
29673,3.2e-05,172.31.46.0-255,66,4740,41,190589
29674,3.7e-05,74.125.24.0-255,4320,9060,41,190589
29675,4e-05,172.31.46.0-255,66,9126,41,190589
29676,6.7e-05,74.125.24.0-255,2902,12028,41,190589
29677,6.9e-05,172.31.46.0-255,66,12094,41,190589
29678,7.3e-05,74.125.24.0-255,2092,14186,41,190589
29679,7.5e-05,172.31.46.0-255,66,14252,41,190589
29680,0.000116,172.31.46.0-255,66,14318,41,190589
29681,0.000121,74.125.24.0-255,5379,19697,41,190589
29682,0.000123,172.31.46.0-255,66,19763,41,190589
29683,0.000267,74.125.24.0-255,1484,21247,41,190589
29684,0.000271,172.31.46.0-255,66,21313,41,190589
29685,0.000291,74.125.24.0-255,2902,24215,41,190589
29686,0.000293,172.31.46.0-255,66,24281,41,190589
29687,0.000296,74.125.24.0-255,1484,25765,41,190589
29688,0.000298,172.31.46.0-255,66,25831,41,190589
29689,0.000316,74.125.24.0-255,4320,30151,41,190589
29690,0.000319,172.31.46.0-255,66,30217,41,190589
29691,0.000328,172.31.46.0-255,66,30283,41,190589
29692,0.000765,74.125.24.0-255,1484,31767,41,190589
29693,0.00077,172.31.46.0-255,66,31833,41,190589
29694,0.000778,74.125.24.0-255,2902,34735,41,190589
29695,0.000779,172.31.46.0-255,66,34801,41,190589
29696,0.000786,74.125.24.0-255,5738,40539,41,190589
29697,0.000788,172.31.46.0-255,66,40605,41,190589
29698,0.00082,74.125.24.0-255,1484,42089,41,190589
29699,0.000847,74.125.24.0-255,5704,47793,41,190589
29700,0.000849,172.31.46.0-255,66,47859,41,190589
29701,0.001198,74.125.24.0-255,1484,49343,41,190589
29702,0.001205,74.125.24.0-255,2902,52245,41,190589
29703,0.001208,172.31.46.0-255,66,52311,41,190589
29704,0.001214,74.125.24.0-255,4320,56631,41,190589
29705,0.001216,172.31.46.0-255,66,56697,41,190589
29706,0.001228,74.125.24.0-255,1484,58181,41,190589
29707,0.001233,74.125.24.0-255,4320,62501,41,190589
29708,0.001236,172.31.46.0-255,66,62567,41,190589
29709,0.001251,74.125.24.0-255,2543,65110,41,190589
29710,0.001253,172.31.46.0-255,66,65176,41,190589
29711,0.001266,74.125.24.0-255,4320,69496,41,190589
29712,0.001268,172.31.46.0-255,66,69562,41,190589
29713,0.001296,172.31.46.0-255,66,69628,41,190589
29714,0.001318,172.31.46.0-255,66,69694,41,190589
29715,0.001335,74.125.24.0-255,5738,75432,41,190589
29716,0.001337,172.31.46.0-255,66,75498,41,190589
29717,0.00135,74.125.24.0-255,1484,76982,41,190589
29718,0.001367,74.125.24.0-255,3602,80584,41,190589
29719,0.00137,172.31.46.0-255,66,80650,41,190589
29720,0.001523,74.125.24.0-255,1484,82134,41,190589
29721,0.001528,74.125.24.0-255,2902,85036,41,190589
29722,0.001531,172.31.46.0-255,66,85102,41,190589
29723,0.001537,74.125.24.0-255,4320,89422,41,190589
29724,0.001538,172.31.46.0-255,66,89488,41,190589
29725,0.001551,74.125.24.0-255,1484,90972,41,190589
29726,0.001556,74.125.24.0-255,5738,96710,41,190589
29727,0.001558,172.31.46.0-255,66,96776,41,190589
29728,0.001597,172.31.46.0-255,66,96842,41,190589
29729,0.0016,74.125.24.0-255,1484,98326,41,190589
29730,0.00163,172.31.46.0-255,66,98392,41,190589
29731,0.00167,74.125.24.0-255,3602,101994,41,190589
29732,0.001672,172.31.46.0-255,66,102060,41,190589
29733,0.001702,74.125.24.0-255,351,102411,41,190589
29734,0.001741,74.125.24.0-255,1484,103895,41,190589
29735,0.001744,172.31.46.0-255,66,103961,41,190589
29736,0.001748,74.125.24.0-255,2902,106863,41,190589
29737,0.00175,172.31.46.0-255,66,106929,41,190589
29738,0.001762,74.125.24.0-255,1484,108413,41,190589
29739,0.001764,74.125.24.0-255,1484,109897,41,190589
29740,0.001766,172.31.46.0-255,66,109963,41,190589
29741,0.001791,172.31.46.0-255,66,110029,41,190589
29742,0.001805,74.125.24.0-255,2902,112931,41,190589
29743,0.001807,172.31.46.0-255,66,112997,41,190589
29744,0.00184,172.31.46.0-255,66,113063,41,190589
29745,0.001912,74.125.24.0-255,1484,114547,41,190589
29746,0.001923,74.125.24.0-255,2902,117449,41,190589
29747,0.001926,172.31.46.0-255,66,117515,41,190589
29748,0.001947,74.125.24.0-255,5738,123253,41,190589
29749,0.00195,172.31.46.0-255,66,123319,41,190589
29750,0.001973,172.31.46.0-255,66,123385,41,190589
29751,0.001996,74.125.24.0-255,4320,127705,41,190589
29752,0.001998,172.31.46.0-255,66,127771,41,190589
29753,0.002004,74.125.24.0-255,5738,133509,41,190589
29754,0.002006,172.31.46.0-255,66,133575,41,190589
29755,0.002023,74.125.24.0-255,5738,139313,41,190589
29756,0.002025,172.31.46.0-255,66,139379,41,190589
29757,0.00206,172.31.46.0-255,66,139445,41,190589
29758,0.00207,172.31.46.0-255,66,139511,41,190589
29759,0.002095,74.125.24.0-255,2902,142413,41,190589
29760,0.002098,172.31.46.0-255,66,142479,41,190589
29761,0.002134,172.31.46.0-255,66,142545,41,190589
29762,0.002154,74.125.24.0-255,5020,147565,41,190589
29763,0.002156,172.31.46.0-255,66,147631,41,190589
29764,0.002166,172.31.46.0-255,66,147697,41,190589
29765,0.002186,172.31.46.0-255,66,147763,41,190589
29766,0.002229,172.31.46.0-255,66,147829,41,190589
29767,0.002239,172.31.46.0-255,66,147895,41,190589
29768,0.002256,74.125.24.0-255,2902,150797,41,190589
29769,0.002258,172.31.46.0-255,66,150863,41,190589
29770,0.002274,74.125.24.0-255,5738,156601,41,190589
29771,0.002276,172.31.46.0-255,66,156667,41,190589
29772,0.002325,172.31.46.0-255,66,156733,41,190589
29773,0.002347,74.125.24.0-255,766,157499,41,190589
29774,0.002379,74.125.24.0-255,4320,161819,41,190589
29775,0.002382,172.31.46.0-255,66,161885,41,190589
29776,0.002418,172.31.46.0-255,66,161951,41,190589
29777,0.002423,74.125.24.0-255,5738,167689,41,190589
29778,0.002425,172.31.46.0-255,66,167755,41,190589
29779,0.002428,74.125.24.0-255,1484,169239,41,190589
29780,0.002431,74.125.24.0-255,1484,170723,41,190589
29781,0.002432,172.31.46.0-255,66,170789,41,190589
29782,0.002438,74.125.24.0-255,5738,176527,41,190589
29783,0.00244,172.31.46.0-255,66,176593,41,190589
29784,0.002445,74.125.24.0-255,4320,180913,41,190589
29785,0.002447,172.31.46.0-255,66,180979,41,190589
29786,0.002473,74.125.24.0-255,4320,185299,41,190589
29787,0.002475,172.31.46.0-255,66,185365,41,190589
29788,0.00248,74.125.24.0-255,2902,188267,41,190589
29789,0.002481,172.31.46.0-255,66,188333,41,190589
29790,0.002501,172.31.46.0-255,66,188399,41,190589
29791,0.002526,172.31.46.0-255,66,188465,41,190589
29792,0.002528,74.125.24.0-255,1484,189949,41,190589
29793,0.002531,74.125.24.0-255,232,190181,41,190589
29794,0.002533,172.31.46.0-255,66,190247,41,190589
29795,0.002535,74.125.24.0-255,105,190352,41,190589
29796,0.005656,172.31.46.0-255,66,190418,41,190589
29797,0.005688,172.31.46.0-255,105,190523,41,190589
29798,0.007895,74.125.24.0-255,66,190589,41,190589
29799,0.0,74.125.130.0-255,153,153,41,144426
29800,2.4e-05,172.31.46.0-255,66,219,41,144426
29801,3.2e-05,74.125.130.0-255,1484,1703,41,144426
29802,3.7e-05,172.31.46.0-255,66,1769,41,144426
29803,3.9e-05,74.125.130.0-255,1484,3253,41,144426
29804,4.2e-05,172.31.46.0-255,66,3319,41,144426
29805,4.8e-05,74.125.130.0-255,2902,6221,41,144426
29806,5.1e-05,172.31.46.0-255,66,6287,41,144426
29807,5.9e-05,74.125.130.0-255,5738,12025,41,144426
29808,6.1e-05,172.31.46.0-255,66,12091,41,144426
29809,8.9e-05,74.125.130.0-255,2031,14122,41,144426
29810,9.2e-05,172.31.46.0-255,66,14188,41,144426
29811,9.7e-05,74.125.130.0-255,2902,17090,41,144426
29812,9.9e-05,172.31.46.0-255,66,17156,41,144426
29813,0.000119,74.125.130.0-255,5738,22894,41,144426
29814,0.000122,172.31.46.0-255,66,22960,41,144426
29815,0.000144,74.125.130.0-255,1484,24444,41,144426
29816,0.000146,172.31.46.0-255,66,24510,41,144426
29817,0.000179,172.31.46.0-255,66,24576,41,144426
29818,0.000235,74.125.130.0-255,1484,26060,41,144426
29819,0.000238,172.31.46.0-255,66,26126,41,144426
29820,0.000274,74.125.130.0-255,1484,27610,41,144426
29821,0.000276,172.31.46.0-255,66,27676,41,144426
29822,0.000301,74.125.130.0-255,2902,30578,41,144426
29823,0.000304,172.31.46.0-255,66,30644,41,144426
29824,0.00033,74.125.130.0-255,2902,33546,41,144426
29825,0.000332,172.31.46.0-255,66,33612,41,144426
29826,0.000338,74.125.130.0-255,4320,37932,41,144426
29827,0.00034,172.31.46.0-255,66,37998,41,144426
29828,0.000382,74.125.130.0-255,3961,41959,41,144426
29829,0.000384,172.31.46.0-255,66,42025,41,144426
29830,0.000922,74.125.130.0-255,1484,43509,41,144426
29831,0.00093,74.125.130.0-255,1484,44993,41,144426
29832,0.000934,172.31.46.0-255,66,45059,41,144426
29833,0.000952,74.125.130.0-255,1484,46543,41,144426
29834,0.000965,74.125.130.0-255,1484,48027,41,144426
29835,0.000968,172.31.46.0-255,66,48093,41,144426
29836,0.000989,74.125.130.0-255,4320,52413,41,144426
29837,0.000991,172.31.46.0-255,66,52479,41,144426
29838,0.000993,74.125.130.0-255,1484,53963,41,144426
29839,0.00101,74.125.130.0-255,5379,59342,41,144426
29840,0.001012,172.31.46.0-255,66,59408,41,144426
29841,0.001494,74.125.130.0-255,1484,60892,41,144426
29842,0.001502,74.125.130.0-255,2902,63794,41,144426
29843,0.001507,172.31.46.0-255,66,63860,41,144426
29844,0.001533,74.125.130.0-255,2902,66762,41,144426
29845,0.001535,172.31.46.0-255,66,66828,41,144426
29846,0.001552,74.125.130.0-255,1484,68312,41,144426
29847,0.001558,74.125.130.0-255,5738,74050,41,144426
29848,0.00156,172.31.46.0-255,66,74116,41,144426
29849,0.001566,74.125.130.0-255,3123,77239,41,144426
29850,0.001568,172.31.46.0-255,66,77305,41,144426
29851,0.00217,74.125.130.0-255,1484,78789,41,144426
29852,0.002176,74.125.130.0-255,2902,81691,41,144426
29853,0.002179,172.31.46.0-255,66,81757,41,144426
29854,0.002198,74.125.130.0-255,4320,86077,41,144426
29855,0.0022,172.31.46.0-255,66,86143,41,144426
29856,0.00222,74.125.130.0-255,1484,87627,41,144426
29857,0.002228,74.125.130.0-255,5738,93365,41,144426
29858,0.002231,172.31.46.0-255,66,93431,41,144426
29859,0.002245,74.125.130.0-255,1125,94556,41,144426
29860,0.002255,172.31.46.0-255,66,94622,41,144426
29861,0.002258,74.125.130.0-255,1484,96106,41,144426
29862,0.002287,172.31.46.0-255,66,96172,41,144426
29863,0.002305,74.125.130.0-255,2902,99074,41,144426
29864,0.002307,172.31.46.0-255,66,99140,41,144426
29865,0.002321,172.31.46.0-255,66,99206,41,144426
29866,0.002428,74.125.130.0-255,1484,100690,41,144426
29867,0.002443,74.125.130.0-255,2902,103592,41,144426
29868,0.002446,172.31.46.0-255,66,103658,41,144426
29869,0.00245,74.125.130.0-255,2902,106560,41,144426
29870,0.002453,172.31.46.0-255,66,106626,41,144426
29871,0.002464,74.125.130.0-255,1484,108110,41,144426
29872,0.002482,74.125.130.0-255,2902,111012,41,144426
29873,0.002485,172.31.46.0-255,66,111078,41,144426
29874,0.002509,172.31.46.0-255,66,111144,41,144426
29875,0.002515,74.125.130.0-255,5738,116882,41,144426
29876,0.002517,172.31.46.0-255,66,116948,41,144426
29877,0.002522,74.125.130.0-255,2902,119850,41,144426
29878,0.002524,172.31.46.0-255,66,119916,41,144426
29879,0.002543,74.125.130.0-255,4320,124236,41,144426
29880,0.002545,172.31.46.0-255,66,124302,41,144426
29881,0.002549,74.125.130.0-255,2902,127204,41,144426
29882,0.002552,172.31.46.0-255,66,127270,41,144426
29883,0.002579,172.31.46.0-255,66,127336,41,144426
29884,0.002584,74.125.130.0-255,2902,130238,41,144426
29885,0.002586,172.31.46.0-255,66,130304,41,144426
29886,0.002609,74.125.130.0-255,2184,132488,41,144426
29887,0.002612,172.31.46.0-255,66,132554,41,144426
29888,0.00513,74.125.130.0-255,2902,135456,41,144426
29889,0.005135,172.31.46.0-255,66,135522,41,144426
29890,0.005155,74.125.130.0-255,2902,138424,41,144426
29891,0.005158,172.31.46.0-255,66,138490,41,144426
29892,0.007701,74.125.130.0-255,2902,141392,41,144426
29893,0.007711,172.31.46.0-255,66,141458,41,144426
29894,0.007733,74.125.130.0-255,2902,144360,41,144426
29895,0.007736,172.31.46.0-255,66,144426,41,144426
29896,0.0,172.217.194.0-255,153,153,41,119781
29897,1.5e-05,172.31.46.0-255,66,219,41,119781
29898,2.2e-05,172.217.194.0-255,1484,1703,41,119781
29899,2.6e-05,172.31.46.0-255,66,1769,41,119781
29900,3.1e-05,172.217.194.0-255,2902,4671,41,119781
29901,3.3e-05,172.31.46.0-255,66,4737,41,119781
29902,5.1e-05,172.31.46.0-255,66,4803,41,119781
29903,5.5e-05,172.217.194.0-255,2100,6903,41,119781
29904,5.7e-05,172.31.46.0-255,66,6969,41,119781
29905,8.8e-05,172.217.194.0-255,4320,11289,41,119781
29906,9.2e-05,172.31.46.0-255,66,11355,41,119781
29907,0.000123,172.31.46.0-255,66,11421,41,119781
29908,0.000149,172.217.194.0-255,5379,16800,41,119781
29909,0.000152,172.31.46.0-255,66,16866,41,119781
29910,0.000203,172.217.194.0-255,1484,18350,41,119781
29911,0.000206,172.31.46.0-255,66,18416,41,119781
29912,0.000209,172.217.194.0-255,1484,19900,41,119781
29913,0.000211,172.31.46.0-255,66,19966,41,119781
29914,0.00023,172.217.194.0-255,1484,21450,41,119781
29915,0.000232,172.31.46.0-255,66,21516,41,119781
29916,0.000239,172.217.194.0-255,5738,27254,41,119781
29917,0.000241,172.31.46.0-255,66,27320,41,119781
29918,0.00025,172.31.46.0-255,66,27386,41,119781
29919,0.000316,172.31.46.0-255,66,27452,41,119781
29920,0.00032,172.217.194.0-255,2856,30308,41,119781
29921,0.000321,172.31.46.0-255,66,30374,41,119781
29922,0.000323,172.217.194.0-255,365,30739,41,119781
29923,0.000325,172.31.46.0-255,66,30805,41,119781
29924,0.000488,172.217.194.0-255,1484,32289,41,119781
29925,0.000495,172.217.194.0-255,2902,35191,41,119781
29926,0.000498,172.31.46.0-255,66,35257,41,119781
29927,0.000505,172.217.194.0-255,5738,40995,41,119781
29928,0.000507,172.31.46.0-255,66,41061,41,119781
29929,0.000541,172.31.46.0-255,66,41127,41,119781
29930,0.000569,172.31.46.0-255,66,41193,41,119781
29931,0.000595,172.217.194.0-255,3602,44795,41,119781
29932,0.000598,172.31.46.0-255,66,44861,41,119781
29933,0.000752,172.217.194.0-255,1484,46345,41,119781
29934,0.000755,172.217.194.0-255,1484,47829,41,119781
29935,0.00076,172.31.46.0-255,66,47895,41,119781
29936,0.000793,172.217.194.0-255,1484,49379,41,119781
29937,0.000799,172.217.194.0-255,5738,55117,41,119781
29938,0.000802,172.31.46.0-255,66,55183,41,119781
29939,0.000815,172.31.46.0-255,66,55249,41,119781
29940,0.000825,172.31.46.0-255,66,55315,41,119781
29941,0.000851,172.217.194.0-255,1484,56799,41,119781
29942,0.000854,172.217.194.0-255,766,57565,41,119781
29943,0.000856,172.31.46.0-255,66,57631,41,119781
29944,0.001222,172.217.194.0-255,1484,59115,41,119781
29945,0.001228,172.217.194.0-255,2902,62017,41,119781
29946,0.001232,172.31.46.0-255,66,62083,41,119781
29947,0.001239,172.217.194.0-255,5738,67821,41,119781
29948,0.001242,172.31.46.0-255,66,67887,41,119781
29949,0.001293,172.31.46.0-255,66,67953,41,119781
29950,0.001321,172.31.46.0-255,66,68019,41,119781
29951,0.001361,172.31.46.0-255,66,68085,41,119781
29952,0.001374,172.217.194.0-255,1484,69569,41,119781
29953,0.001389,172.31.46.0-255,66,69635,41,119781
29954,0.001427,172.217.194.0-255,5738,75373,41,119781
29955,0.001431,172.31.46.0-255,66,75439,41,119781
29956,0.00147,172.31.46.0-255,66,75505,41,119781
29957,0.001489,172.31.46.0-255,66,75571,41,119781
29958,0.001507,172.31.46.0-255,66,75637,41,119781
29959,0.001562,172.217.194.0-255,1484,77121,41,119781
29960,0.001567,172.217.194.0-255,2902,80023,41,119781
29961,0.001569,172.31.46.0-255,66,80089,41,119781
29962,0.001574,172.217.194.0-255,2902,82991,41,119781
29963,0.001576,172.31.46.0-255,66,83057,41,119781
29964,0.001605,172.217.194.0-255,2902,85959,41,119781
29965,0.001609,172.31.46.0-255,66,86025,41,119781
29966,0.001627,172.31.46.0-255,66,86091,41,119781
29967,0.001659,172.217.194.0-255,1484,87575,41,119781
29968,0.001673,172.31.46.0-255,66,87641,41,119781
29969,0.00169,172.217.194.0-255,1484,89125,41,119781
29970,0.001695,172.217.194.0-255,2902,92027,41,119781
29971,0.001697,172.31.46.0-255,66,92093,41,119781
29972,0.001727,172.217.194.0-255,5738,97831,41,119781
29973,0.001731,172.31.46.0-255,66,97897,41,119781
29974,0.00174,172.31.46.0-255,66,97963,41,119781
29975,0.001756,172.31.46.0-255,66,98029,41,119781
29976,0.001782,172.217.194.0-255,5738,103767,41,119781
29977,0.001785,172.31.46.0-255,66,103833,41,119781
29978,0.001789,172.217.194.0-255,2184,106017,41,119781
29979,0.001791,172.31.46.0-255,66,106083,41,119781
29980,0.001829,172.217.194.0-255,2902,108985,41,119781
29981,0.001835,172.217.194.0-255,5738,114723,41,119781
29982,0.001841,172.31.46.0-255,66,114789,41,119781
29983,0.001844,172.31.46.0-255,66,114855,41,119781
29984,0.001876,172.31.46.0-255,66,114921,41,119781
29985,0.001882,172.217.194.0-255,4320,119241,41,119781
29986,0.001884,172.31.46.0-255,66,119307,41,119781
29987,0.001943,172.31.46.0-255,66,119373,41,119781
29988,0.00196,172.31.46.0-255,66,119439,41,119781
29989,0.001977,172.31.46.0-255,66,119505,41,119781
29990,0.002054,172.217.194.0-255,105,119610,41,119781
29991,0.002097,172.31.46.0-255,66,119676,41,119781
29992,0.008393,172.31.46.0-255,105,119781,41,119781
29993,0.0,172.217.160.0-255,153,153,41,85544
29994,2.5e-05,172.31.46.0-255,66,219,41,85544
29995,3.3e-05,172.217.160.0-255,1484,1703,41,85544
29996,3.8e-05,172.31.46.0-255,66,1769,41,85544
29997,5.1e-05,172.217.160.0-255,2902,4671,41,85544
29998,5.5e-05,172.31.46.0-255,66,4737,41,85544
29999,6.1e-05,172.217.160.0-255,2902,7639,41,85544
30000,6.3e-05,172.31.46.0-255,66,7705,41,85544
30001,9.9e-05,172.217.160.0-255,4320,12025,41,85544
30002,0.000103,172.31.46.0-255,66,12091,41,85544
30003,0.000114,172.31.46.0-255,66,12157,41,85544
30004,0.00012,172.217.160.0-255,5738,17895,41,85544
30005,0.000123,172.31.46.0-255,66,17961,41,85544
30006,0.000129,172.217.160.0-255,5379,23340,41,85544
30007,0.000132,172.31.46.0-255,66,23406,41,85544
30008,0.00041,172.217.160.0-255,1484,24890,41,85544
30009,0.000415,172.31.46.0-255,66,24956,41,85544
30010,0.000422,172.217.160.0-255,2902,27858,41,85544
30011,0.000424,172.31.46.0-255,66,27924,41,85544
30012,0.000436,172.217.160.0-255,5738,33662,41,85544
30013,0.000439,172.31.46.0-255,66,33728,41,85544
30014,0.000482,172.31.46.0-255,66,33794,41,85544
30015,0.000485,172.217.160.0-255,1484,35278,41,85544
30016,0.000487,172.31.46.0-255,66,35344,41,85544
30017,0.000547,172.31.46.0-255,66,35410,41,85544
30018,0.001094,172.217.160.0-255,103,35513,41,85544
30019,0.001099,172.31.46.0-255,66,35579,41,85544
30020,0.001227,172.217.160.0-255,1484,37063,41,85544
30021,0.001232,172.31.46.0-255,66,37129,41,85544
30022,0.001238,172.217.160.0-255,2902,40031,41,85544
30023,0.00124,172.31.46.0-255,66,40097,41,85544
30024,0.001252,172.217.160.0-255,5738,45835,41,85544
30025,0.001253,172.31.46.0-255,66,45901,41,85544
30026,0.001302,172.31.46.0-255,66,45967,41,85544
30027,0.001305,172.217.160.0-255,1484,47451,41,85544
30028,0.001314,172.217.160.0-255,5738,53189,41,85544
30029,0.001316,172.31.46.0-255,66,53255,41,85544
30030,0.001344,172.217.160.0-255,2543,55798,41,85544
30031,0.001347,172.31.46.0-255,66,55864,41,85544
30032,0.002997,172.217.160.0-255,2902,58766,41,85544
30033,0.003006,172.31.46.0-255,66,58832,41,85544
30034,0.003031,172.217.160.0-255,2902,61734,41,85544
30035,0.003034,172.31.46.0-255,66,61800,41,85544
30036,0.004685,172.217.160.0-255,2902,64702,41,85544
30037,0.004693,172.31.46.0-255,66,64768,41,85544
30038,0.004725,172.217.160.0-255,2902,67670,41,85544
30039,0.004728,172.31.46.0-255,66,67736,41,85544
30040,0.006363,172.217.160.0-255,2902,70638,41,85544
30041,0.006367,172.31.46.0-255,66,70704,41,85544
30042,0.006405,172.217.160.0-255,2902,73606,41,85544
30043,0.006408,172.31.46.0-255,66,73672,41,85544
30044,0.00804,172.217.160.0-255,2902,76574,41,85544
30045,0.008045,172.31.46.0-255,66,76640,41,85544
30046,0.008071,172.217.160.0-255,2902,79542,41,85544
30047,0.008074,172.31.46.0-255,66,79608,41,85544
30048,0.009738,172.217.160.0-255,2902,82510,41,85544
30049,0.009749,172.31.46.0-255,66,82576,41,85544
30050,0.009781,172.217.160.0-255,2902,85478,41,85544
30051,0.009784,172.31.46.0-255,66,85544,41,85544
30052,0.0,74.125.24.0-255,153,153,41,160290
30053,1e-05,172.31.46.0-255,66,219,41,160290
30054,3.7e-05,74.125.24.0-255,1484,1703,41,160290
30055,4.2e-05,172.31.46.0-255,66,1769,41,160290
30056,4.7e-05,74.125.24.0-255,2902,4671,41,160290
30057,5e-05,172.31.46.0-255,66,4737,41,160290
30058,5.5e-05,74.125.24.0-255,4320,9057,41,160290
30059,5.8e-05,172.31.46.0-255,66,9123,41,160290
30060,8.3e-05,74.125.24.0-255,2902,12025,41,160290
30061,8.5e-05,172.31.46.0-255,66,12091,41,160290
30062,9.2e-05,74.125.24.0-255,2135,14226,41,160290
30063,9.4e-05,172.31.46.0-255,66,14292,41,160290
30064,0.000131,172.31.46.0-255,66,14358,41,160290
30065,0.000136,74.125.24.0-255,4320,18678,41,160290
30066,0.000138,172.31.46.0-255,66,18744,41,160290
30067,0.000159,74.125.24.0-255,2902,21646,41,160290
30068,0.000161,172.31.46.0-255,66,21712,41,160290
30069,0.000176,74.125.24.0-255,5738,27450,41,160290
30070,0.000178,172.31.46.0-255,66,27516,41,160290
30071,0.000204,172.31.46.0-255,66,27582,41,160290
30072,0.000253,74.125.24.0-255,1484,29066,41,160290
30073,0.000255,172.31.46.0-255,66,29132,41,160290
30074,0.00026,74.125.24.0-255,2902,32034,41,160290
30075,0.000261,172.31.46.0-255,66,32100,41,160290
30076,0.000275,74.125.24.0-255,1484,33584,41,160290
30077,0.000281,172.31.46.0-255,66,33650,41,160290
30078,0.00031,74.125.24.0-255,4320,37970,41,160290
30079,0.000312,172.31.46.0-255,66,38036,41,160290
30080,0.000321,172.31.46.0-255,66,38102,41,160290
30081,0.000327,74.125.24.0-255,132,38234,41,160290
30082,0.000359,74.125.24.0-255,1484,39718,41,160290
30083,0.000361,172.31.46.0-255,66,39784,41,160290
30084,0.000365,74.125.24.0-255,1484,41268,41,160290
30085,0.000384,74.125.24.0-255,1484,42752,41,160290
30086,0.000387,172.31.46.0-255,66,42818,41,160290
30087,0.000389,74.125.24.0-255,1484,44302,41,160290
30088,0.000393,74.125.24.0-255,2902,47204,41,160290
30089,0.000395,172.31.46.0-255,66,47270,41,160290
30090,0.000422,74.125.24.0-255,5738,53008,41,160290
30091,0.000425,172.31.46.0-255,66,53074,41,160290
30092,0.000429,74.125.24.0-255,2543,55617,41,160290
30093,0.00043,172.31.46.0-255,66,55683,41,160290
30094,0.000548,74.125.24.0-255,1484,57167,41,160290
30095,0.000554,74.125.24.0-255,2902,60069,41,160290
30096,0.000557,172.31.46.0-255,66,60135,41,160290
30097,0.000561,74.125.24.0-255,2902,63037,41,160290
30098,0.000563,172.31.46.0-255,66,63103,41,160290
30099,0.000591,74.125.24.0-255,2902,66005,41,160290
30100,0.000594,172.31.46.0-255,66,66071,41,160290
30101,0.000599,74.125.24.0-255,5738,71809,41,160290
30102,0.000601,172.31.46.0-255,66,71875,41,160290
30103,0.000606,74.125.24.0-255,4320,76195,41,160290
30104,0.000607,172.31.46.0-255,66,76261,41,160290
30105,0.000633,172.31.46.0-255,66,76327,41,160290
30106,0.000648,172.31.46.0-255,66,76393,41,160290
30107,0.000679,172.31.46.0-255,66,76459,41,160290
30108,0.000683,74.125.24.0-255,2902,79361,41,160290
30109,0.000685,172.31.46.0-255,66,79427,41,160290
30110,0.000713,172.31.46.0-255,66,79493,41,160290
30111,0.000758,172.31.46.0-255,66,79559,41,160290
30112,0.000783,74.125.24.0-255,3602,83161,41,160290
30113,0.000785,172.31.46.0-255,66,83227,41,160290
30114,0.0008,172.31.46.0-255,66,83293,41,160290
30115,0.000803,74.125.24.0-255,1381,84674,41,160290
30116,0.001405,74.125.24.0-255,1484,86158,41,160290
30117,0.001411,172.31.46.0-255,66,86224,41,160290
30118,0.001416,74.125.24.0-255,2902,89126,41,160290
30119,0.001418,172.31.46.0-255,66,89192,41,160290
30120,0.001462,74.125.24.0-255,5738,94930,41,160290
30121,0.001465,172.31.46.0-255,66,94996,41,160290
30122,0.001475,172.31.46.0-255,66,95062,41,160290
30123,0.001506,74.125.24.0-255,5738,100800,41,160290
30124,0.001508,172.31.46.0-255,66,100866,41,160290
30125,0.001535,74.125.24.0-255,2902,103768,41,160290
30126,0.001538,172.31.46.0-255,66,103834,41,160290
30127,0.001553,74.125.24.0-255,4320,108154,41,160290
30128,0.00156,172.31.46.0-255,66,108220,41,160290
30129,0.001586,74.125.24.0-255,3602,111822,41,160290
30130,0.00159,172.31.46.0-255,66,111888,41,160290
30131,0.001681,74.125.24.0-255,1484,113372,41,160290
30132,0.001687,74.125.24.0-255,2902,116274,41,160290
30133,0.00169,172.31.46.0-255,66,116340,41,160290
30134,0.001712,74.125.24.0-255,5738,122078,41,160290
30135,0.001716,172.31.46.0-255,66,122144,41,160290
30136,0.001753,74.125.24.0-255,1484,123628,41,160290
30137,0.001772,172.31.46.0-255,66,123694,41,160290
30138,0.001775,74.125.24.0-255,1484,125178,41,160290
30139,0.001799,172.31.46.0-255,66,125244,41,160290
30140,0.001803,74.125.24.0-255,2184,127428,41,160290
30141,0.001805,172.31.46.0-255,66,127494,41,160290
30142,0.001844,172.31.46.0-255,66,127560,41,160290
30143,0.001889,172.31.46.0-255,66,127626,41,160290
30144,0.0019,172.31.46.0-255,66,127692,41,160290
30145,0.001905,74.125.24.0-255,4320,132012,41,160290
30146,0.001907,172.31.46.0-255,66,132078,41,160290
30147,0.001948,172.31.46.0-255,66,132144,41,160290
30148,0.002197,74.125.24.0-255,1484,133628,41,160290
30149,0.002213,74.125.24.0-255,2902,136530,41,160290
30150,0.002217,172.31.46.0-255,66,136596,41,160290
30151,0.002221,74.125.24.0-255,1484,138080,41,160290
30152,0.002252,74.125.24.0-255,4320,142400,41,160290
30153,0.002254,172.31.46.0-255,66,142466,41,160290
30154,0.002267,172.31.46.0-255,66,142532,41,160290
30155,0.002272,74.125.24.0-255,4320,146852,41,160290
30156,0.002279,172.31.46.0-255,66,146918,41,160290
30157,0.002301,74.125.24.0-255,1484,148402,41,160290
30158,0.002318,74.125.24.0-255,2902,151304,41,160290
30159,0.002321,172.31.46.0-255,66,151370,41,160290
30160,0.002349,74.125.24.0-255,2184,153554,41,160290
30161,0.002352,172.31.46.0-255,66,153620,41,160290
30162,0.002366,74.125.24.0-255,5738,159358,41,160290
30163,0.002368,172.31.46.0-255,66,159424,41,160290
30164,0.002383,172.31.46.0-255,66,159490,41,160290
30165,0.002428,172.31.46.0-255,66,159556,41,160290
30166,0.002437,172.31.46.0-255,66,159622,41,160290
30167,0.002513,172.31.46.0-255,66,159688,41,160290
30168,0.002529,172.31.46.0-255,66,159754,41,160290
30169,0.002569,172.31.46.0-255,66,159820,41,160290
30170,0.002592,172.31.46.0-255,66,159886,41,160290
30171,0.002602,172.31.46.0-255,66,159952,41,160290
30172,0.00265,172.31.46.0-255,66,160018,41,160290
30173,0.00332,172.31.46.0-255,101,160119,41,160290
30174,0.005159,74.125.24.0-255,105,160224,41,160290
30175,0.005832,74.125.24.0-255,66,160290,41,160290
30176,0.0,74.125.68.0-255,151,151,41,91357
30177,2.2e-05,172.31.46.0-255,66,217,41,91357
30178,3e-05,74.125.68.0-255,1484,1701,41,91357
30179,3.4e-05,172.31.46.0-255,66,1767,41,91357
30180,4.5e-05,74.125.68.0-255,2902,4669,41,91357
30181,4.9e-05,172.31.46.0-255,66,4735,41,91357
30182,5.9e-05,172.31.46.0-255,66,4801,41,91357
30183,0.000129,172.31.46.0-255,66,4867,41,91357
30184,0.000198,74.125.68.0-255,2902,7769,41,91357
30185,0.000201,172.31.46.0-255,66,7835,41,91357
30186,0.000226,74.125.68.0-255,1484,9319,41,91357
30187,0.000228,172.31.46.0-255,66,9385,41,91357
30188,0.000265,172.31.46.0-255,66,9451,41,91357
30189,0.000372,172.31.46.0-255,66,9517,41,91357
30190,0.000453,74.125.68.0-255,5020,14537,41,91357
30191,0.000457,172.31.46.0-255,66,14603,41,91357
30192,0.00053,74.125.68.0-255,2902,17505,41,91357
30193,0.000533,172.31.46.0-255,66,17571,41,91357
30194,0.000572,172.31.46.0-255,66,17637,41,91357
30195,0.000671,74.125.68.0-255,5738,23375,41,91357
30196,0.000675,172.31.46.0-255,66,23441,41,91357
30197,0.000721,172.31.46.0-255,66,23507,41,91357
30198,0.000929,172.31.46.0-255,66,23573,41,91357
30199,0.000967,172.31.46.0-255,66,23639,41,91357
30200,0.001186,74.125.68.0-255,4320,27959,41,91357
30201,0.001191,172.31.46.0-255,66,28025,41,91357
30202,0.001217,74.125.68.0-255,2902,30927,41,91357
30203,0.00122,172.31.46.0-255,66,30993,41,91357
30204,0.001258,74.125.68.0-255,4320,35313,41,91357
30205,0.001261,172.31.46.0-255,66,35379,41,91357
30206,0.001322,74.125.68.0-255,3602,38981,41,91357
30207,0.001325,172.31.46.0-255,66,39047,41,91357
30208,0.00133,172.31.46.0-255,66,39113,41,91357
30209,0.00157,74.125.68.0-255,1484,40597,41,91357
30210,0.001594,74.125.68.0-255,2902,43499,41,91357
30211,0.001598,172.31.46.0-255,66,43565,41,91357
30212,0.001631,74.125.68.0-255,4320,47885,41,91357
30213,0.001633,172.31.46.0-255,66,47951,41,91357
30214,0.001665,74.125.68.0-255,5738,53689,41,91357
30215,0.001668,172.31.46.0-255,66,53755,41,91357
30216,0.001698,74.125.68.0-255,1484,55239,41,91357
30217,0.001726,172.31.46.0-255,66,55305,41,91357
30218,0.001845,172.31.46.0-255,66,55371,41,91357
30219,0.001902,74.125.68.0-255,5738,61109,41,91357
30220,0.001905,172.31.46.0-255,66,61175,41,91357
30221,0.001931,74.125.68.0-255,2902,64077,41,91357
30222,0.001934,172.31.46.0-255,66,64143,41,91357
30223,0.00199,74.125.68.0-255,4320,68463,41,91357
30224,0.001997,172.31.46.0-255,66,68529,41,91357
30225,0.002049,172.31.46.0-255,66,68595,41,91357
30226,0.002178,74.125.68.0-255,1484,70079,41,91357
30227,0.002195,74.125.68.0-255,5020,75099,41,91357
30228,0.002199,172.31.46.0-255,66,75165,41,91357
30229,0.00225,74.125.68.0-255,4320,79485,41,91357
30230,0.002254,172.31.46.0-255,66,79551,41,91357
30231,0.002315,172.31.46.0-255,66,79617,41,91357
30232,0.002423,172.31.46.0-255,66,79683,41,91357
30233,0.002473,172.31.46.0-255,66,79749,41,91357
30234,0.004479,74.125.68.0-255,5738,85487,41,91357
30235,0.007246,172.31.46.0-255,66,85553,41,91357
30236,0.009262,74.125.68.0-255,5738,91291,41,91357
30237,0.009267,172.31.46.0-255,66,91357,41,91357
30238,0.0,74.125.200.0-255,145,145,41,111275
30239,1.9e-05,172.31.46.0-255,66,211,41,111275
30240,2.7e-05,74.125.200.0-255,1484,1695,41,111275
30241,3.1e-05,172.31.46.0-255,66,1761,41,111275
30242,3.7e-05,74.125.200.0-255,2902,4663,41,111275
30243,4e-05,172.31.46.0-255,66,4729,41,111275
30244,4.7e-05,74.125.200.0-255,5738,10467,41,111275
30245,5.1e-05,172.31.46.0-255,66,10533,41,111275
30246,9.5e-05,74.125.200.0-255,3356,13889,41,111275
30247,9.8e-05,172.31.46.0-255,66,13955,41,111275
30248,0.000182,74.125.200.0-255,1484,15439,41,111275
30249,0.000186,172.31.46.0-255,66,15505,41,111275
30250,0.000191,74.125.200.0-255,2902,18407,41,111275
30251,0.000193,172.31.46.0-255,66,18473,41,111275
30252,0.000208,74.125.200.0-255,2902,21375,41,111275
30253,0.00021,172.31.46.0-255,66,21441,41,111275
30254,0.000232,74.125.200.0-255,2902,24343,41,111275
30255,0.000235,172.31.46.0-255,66,24409,41,111275
30256,0.000262,74.125.200.0-255,1484,25893,41,111275
30257,0.000264,172.31.46.0-255,66,25959,41,111275
30258,0.000288,74.125.200.0-255,5379,31338,41,111275
30259,0.000291,172.31.46.0-255,66,31404,41,111275
30260,0.000369,74.125.200.0-255,1484,32888,41,111275
30261,0.000373,172.31.46.0-255,66,32954,41,111275
30262,0.000379,74.125.200.0-255,2902,35856,41,111275
30263,0.000382,172.31.46.0-255,66,35922,41,111275
30264,0.000399,74.125.200.0-255,2902,38824,41,111275
30265,0.000402,172.31.46.0-255,66,38890,41,111275
30266,0.000407,74.125.200.0-255,2902,41792,41,111275
30267,0.000409,172.31.46.0-255,66,41858,41,111275
30268,0.000424,74.125.200.0-255,1484,43342,41,111275
30269,0.000426,172.31.46.0-255,66,43408,41,111275
30270,0.000458,74.125.200.0-255,5379,48787,41,111275
30271,0.000719,172.31.46.0-255,66,48853,41,111275
30272,0.00081,74.125.200.0-255,1484,50337,41,111275
30273,0.000827,74.125.200.0-255,2902,53239,41,111275
30274,0.000834,74.125.200.0-255,2902,56141,41,111275
30275,0.000848,74.125.200.0-255,2902,59043,41,111275
30276,0.000856,172.31.46.0-255,66,59109,41,111275
30277,0.00088,74.125.200.0-255,5738,64847,41,111275
30278,0.000892,74.125.200.0-255,1125,65972,41,111275
30279,0.0009,172.31.46.0-255,66,66038,41,111275
30280,0.000915,74.125.200.0-255,413,66451,41,111275
30281,0.001353,172.31.46.0-255,66,66517,41,111275
30282,0.001433,74.125.200.0-255,330,66847,41,111275
30283,0.001696,74.125.200.0-255,1484,68331,41,111275
30284,0.001719,74.125.200.0-255,1484,69815,41,111275
30285,0.001736,74.125.200.0-255,2902,72717,41,111275
30286,0.001749,74.125.200.0-255,1484,74201,41,111275
30287,0.001763,74.125.200.0-255,2902,77103,41,111275
30288,0.001811,74.125.200.0-255,5738,82841,41,111275
30289,0.001814,74.125.200.0-255,1484,84325,41,111275
30290,0.001838,74.125.200.0-255,1484,85809,41,111275
30291,0.001891,74.125.200.0-255,2902,88711,41,111275
30292,0.001909,74.125.200.0-255,4320,93031,41,111275
30293,0.001926,74.125.200.0-255,766,93797,41,111275
30294,0.004002,172.31.46.0-255,66,93863,41,111275
30295,0.005977,74.125.200.0-255,5738,99601,41,111275
30296,0.005983,172.31.46.0-255,66,99667,41,111275
30297,0.007944,74.125.200.0-255,5738,105405,41,111275
30298,0.00795,172.31.46.0-255,66,105471,41,111275
30299,0.009921,74.125.200.0-255,5738,111209,41,111275
30300,0.009929,172.31.46.0-255,66,111275,41,111275
30301,0.0,74.125.130.0-255,152,152,41,174513
30302,1.4e-05,172.31.46.0-255,66,218,41,174513
30303,2e-05,74.125.130.0-255,1484,1702,41,174513
30304,2.4e-05,172.31.46.0-255,66,1768,41,174513
30305,6.1e-05,74.125.130.0-255,2902,4670,41,174513
30306,6.4e-05,172.31.46.0-255,66,4736,41,174513
30307,7e-05,74.125.130.0-255,4320,9056,41,174513
30308,7.3e-05,172.31.46.0-255,66,9122,41,174513
30309,0.000135,74.125.130.0-255,4739,13861,41,174513
30310,0.000139,172.31.46.0-255,66,13927,41,174513
30311,0.000151,74.125.130.0-255,1484,15411,41,174513
30312,0.000158,172.31.46.0-255,66,15477,41,174513
30313,0.000184,74.125.130.0-255,2902,18379,41,174513
30314,0.000187,172.31.46.0-255,66,18445,41,174513
30315,0.00019,74.125.130.0-255,1484,19929,41,174513
30316,0.000192,172.31.46.0-255,66,19995,41,174513
30317,0.000218,74.125.130.0-255,4320,24315,41,174513
30318,0.00022,172.31.46.0-255,66,24381,41,174513
30319,0.000254,172.31.46.0-255,66,24447,41,174513
30320,0.000544,74.125.130.0-255,1484,25931,41,174513
30321,0.00055,172.31.46.0-255,66,25997,41,174513
30322,0.000554,74.125.130.0-255,1484,27481,41,174513
30323,0.000556,172.31.46.0-255,66,27547,41,174513
30324,0.000562,74.125.130.0-255,2902,30449,41,174513
30325,0.000571,172.31.46.0-255,66,30515,41,174513
30326,0.000574,74.125.130.0-255,1484,31999,41,174513
30327,0.000576,172.31.46.0-255,66,32065,41,174513
30328,0.000609,74.125.130.0-255,4320,36385,41,174513
30329,0.000613,172.31.46.0-255,66,36451,41,174513
30330,0.000618,74.125.130.0-255,2902,39353,41,174513
30331,0.00062,172.31.46.0-255,66,39419,41,174513
30332,0.000648,74.125.130.0-255,2543,41962,41,174513
30333,0.000665,172.31.46.0-255,66,42028,41,174513
30334,0.000965,74.125.130.0-255,1484,43512,41,174513
30335,0.000983,74.125.130.0-255,2902,46414,41,174513
30336,0.000986,172.31.46.0-255,66,46480,41,174513
30337,0.000993,74.125.130.0-255,4320,50800,41,174513
30338,0.000996,172.31.46.0-255,66,50866,41,174513
30339,0.001029,74.125.130.0-255,1484,52350,41,174513
30340,0.001035,74.125.130.0-255,4320,56670,41,174513
30341,0.001037,172.31.46.0-255,66,56736,41,174513
30342,0.001062,74.125.130.0-255,3125,59861,41,174513
30343,0.001065,172.31.46.0-255,66,59927,41,174513
30344,0.001268,74.125.130.0-255,1484,61411,41,174513
30345,0.001276,74.125.130.0-255,1484,62895,41,174513
30346,0.001279,172.31.46.0-255,66,62961,41,174513
30347,0.001324,74.125.130.0-255,1484,64445,41,174513
30348,0.001329,74.125.130.0-255,1484,65929,41,174513
30349,0.001332,172.31.46.0-255,66,65995,41,174513
30350,0.001337,74.125.130.0-255,2902,68897,41,174513
30351,0.00134,172.31.46.0-255,66,68963,41,174513
30352,0.001347,74.125.130.0-255,5738,74701,41,174513
30353,0.001349,172.31.46.0-255,66,74767,41,174513
30354,0.001356,74.125.130.0-255,5738,80505,41,174513
30355,0.001359,172.31.46.0-255,66,80571,41,174513
30356,0.001373,74.125.130.0-255,4320,84891,41,174513
30357,0.00138,172.31.46.0-255,66,84957,41,174513
30358,0.001418,172.31.46.0-255,66,85023,41,174513
30359,0.001453,74.125.130.0-255,1484,86507,41,174513
30360,0.00147,74.125.130.0-255,2902,89409,41,174513
30361,0.001473,172.31.46.0-255,66,89475,41,174513
30362,0.001483,74.125.130.0-255,1484,90959,41,174513
30363,0.001504,74.125.130.0-255,4320,95279,41,174513
30364,0.001506,172.31.46.0-255,66,95345,41,174513
30365,0.001511,74.125.130.0-255,2902,98247,41,174513
30366,0.001547,74.125.130.0-255,2902,101149,41,174513
30367,0.001579,74.125.130.0-255,766,101915,41,174513
30368,0.001684,74.125.130.0-255,1484,103399,41,174513
30369,0.001698,74.125.130.0-255,1484,104883,41,174513
30370,0.001713,74.125.130.0-255,1484,106367,41,174513
30371,0.001722,74.125.130.0-255,1484,107851,41,174513
30372,0.001745,74.125.130.0-255,5738,113589,41,174513
30373,0.001803,74.125.130.0-255,2902,116491,41,174513
30374,0.001807,74.125.130.0-255,2902,119393,41,174513
30375,0.00182,74.125.130.0-255,1484,120877,41,174513
30376,0.001858,74.125.130.0-255,5738,126615,41,174513
30377,0.001873,74.125.130.0-255,2184,128799,41,174513
30378,0.001958,74.125.130.0-255,1484,130283,41,174513
30379,0.001963,74.125.130.0-255,1484,131767,41,174513
30380,0.001987,74.125.130.0-255,1484,133251,41,174513
30381,0.001994,74.125.130.0-255,5738,138989,41,174513
30382,0.00202,74.125.130.0-255,5738,144727,41,174513
30383,0.002026,74.125.130.0-255,4320,149047,41,174513
30384,0.002043,74.125.130.0-255,2902,151949,41,174513
30385,0.002046,74.125.130.0-255,1484,153433,41,174513
30386,0.002063,74.125.130.0-255,4320,157753,41,174513
30387,0.00208,74.125.130.0-255,2902,160655,41,174513
30388,0.0021,74.125.130.0-255,2184,162839,41,174513
30389,0.005435,172.31.46.0-255,66,162905,41,174513
30390,0.007538,74.125.130.0-255,5738,168643,41,174513
30391,0.007545,172.31.46.0-255,66,168709,41,174513
30392,0.009629,74.125.130.0-255,5738,174447,41,174513
30393,0.009635,172.31.46.0-255,66,174513,41,174513
30394,0.0,74.125.200.0-255,153,153,41,338418
30395,1.7e-05,172.31.46.0-255,66,219,41,338418
30396,2.4e-05,74.125.200.0-255,1484,1703,41,338418
30397,2.8e-05,172.31.46.0-255,66,1769,41,338418
30398,3.2e-05,74.125.200.0-255,1484,3253,41,338418
30399,3.5e-05,172.31.46.0-255,66,3319,41,338418
30400,5.4e-05,74.125.200.0-255,1484,4803,41,338418
30401,5.7e-05,172.31.46.0-255,66,4869,41,338418
30402,6.8e-05,172.31.46.0-255,66,4935,41,338418
30403,0.000103,74.125.200.0-255,2037,6972,41,338418
30404,0.000106,172.31.46.0-255,66,7038,41,338418
30405,0.000127,74.125.200.0-255,2902,9940,41,338418
30406,0.00013,172.31.46.0-255,66,10006,41,338418
30407,0.000133,74.125.200.0-255,1484,11490,41,338418
30408,0.000134,172.31.46.0-255,66,11556,41,338418
30409,0.000158,74.125.200.0-255,5738,17294,41,338418
30410,0.000162,172.31.46.0-255,66,17360,41,338418
30411,0.000167,74.125.200.0-255,4320,21680,41,338418
30412,0.000169,172.31.46.0-255,66,21746,41,338418
30413,0.000203,74.125.200.0-255,2543,24289,41,338418
30414,0.000205,172.31.46.0-255,66,24355,41,338418
30415,0.000258,74.125.200.0-255,1484,25839,41,338418
30416,0.000261,172.31.46.0-255,66,25905,41,338418
30417,0.000279,74.125.200.0-255,1484,27389,41,338418
30418,0.000281,172.31.46.0-255,66,27455,41,338418
30419,0.000298,74.125.200.0-255,1484,28939,41,338418
30420,0.000301,172.31.46.0-255,66,29005,41,338418
30421,0.000307,74.125.200.0-255,5738,34743,41,338418
30422,0.000309,172.31.46.0-255,66,34809,41,338418
30423,0.000314,74.125.200.0-255,2902,37711,41,338418
30424,0.000317,172.31.46.0-255,66,37777,41,338418
30425,0.000323,74.125.200.0-255,3961,41738,41,338418
30426,0.000326,172.31.46.0-255,66,41804,41,338418
30427,0.000352,74.125.200.0-255,2902,44706,41,338418
30428,0.000355,172.31.46.0-255,66,44772,41,338418
30429,0.000378,74.125.200.0-255,5738,50510,41,338418
30430,0.000381,172.31.46.0-255,66,50576,41,338418
30431,0.000385,74.125.200.0-255,2902,53478,41,338418
30432,0.000387,172.31.46.0-255,66,53544,41,338418
30433,0.000401,74.125.200.0-255,1484,55028,41,338418
30434,0.000415,74.125.200.0-255,3961,58989,41,338418
30435,0.000418,172.31.46.0-255,66,59055,41,338418
30436,0.000449,74.125.200.0-255,400,59455,41,338418
30437,0.000483,74.125.200.0-255,342,59797,41,338418
30438,0.000708,74.125.200.0-255,1484,61281,41,338418
30439,0.000713,172.31.46.0-255,66,61347,41,338418
30440,0.000719,74.125.200.0-255,2902,64249,41,338418
30441,0.000722,172.31.46.0-255,66,64315,41,338418
30442,0.000745,74.125.200.0-255,5738,70053,41,338418
30443,0.000748,172.31.46.0-255,66,70119,41,338418
30444,0.000769,74.125.200.0-255,4320,74439,41,338418
30445,0.000771,172.31.46.0-255,66,74505,41,338418
30446,0.000788,74.125.200.0-255,4320,78825,41,338418
30447,0.000791,172.31.46.0-255,66,78891,41,338418
30448,0.000834,172.31.46.0-255,66,78957,41,338418
30449,0.000846,74.125.200.0-255,1484,80441,41,338418
30450,0.00087,74.125.200.0-255,1484,81925,41,338418
30451,0.000872,172.31.46.0-255,66,81991,41,338418
30452,0.000892,74.125.200.0-255,5020,87011,41,338418
30453,0.000895,172.31.46.0-255,66,87077,41,338418
30454,0.001254,74.125.200.0-255,1484,88561,41,338418
30455,0.001274,74.125.200.0-255,2902,91463,41,338418
30456,0.001277,172.31.46.0-255,66,91529,41,338418
30457,0.001282,74.125.200.0-255,2902,94431,41,338418
30458,0.001284,172.31.46.0-255,66,94497,41,338418
30459,0.001296,74.125.200.0-255,1484,95981,41,338418
30460,0.00132,74.125.200.0-255,2902,98883,41,338418
30461,0.001326,172.31.46.0-255,66,98949,41,338418
30462,0.001342,74.125.200.0-255,5738,104687,41,338418
30463,0.001344,172.31.46.0-255,66,104753,41,338418
30464,0.00135,74.125.200.0-255,4320,109073,41,338418
30465,0.001353,172.31.46.0-255,66,109139,41,338418
30466,0.001357,74.125.200.0-255,2902,112041,41,338418
30467,0.00136,172.31.46.0-255,66,112107,41,338418
30468,0.001389,74.125.200.0-255,2902,115009,41,338418
30469,0.001392,172.31.46.0-255,66,115075,41,338418
30470,0.001402,172.31.46.0-255,66,115141,41,338418
30471,0.001442,74.125.200.0-255,1484,116625,41,338418
30472,0.001455,74.125.200.0-255,2902,119527,41,338418
30473,0.001458,172.31.46.0-255,66,119593,41,338418
30474,0.00151,74.125.200.0-255,1484,121077,41,338418
30475,0.001528,74.125.200.0-255,4320,125397,41,338418
30476,0.001531,172.31.46.0-255,66,125463,41,338418
30477,0.001537,74.125.200.0-255,4320,129783,41,338418
30478,0.001539,172.31.46.0-255,66,129849,41,338418
30479,0.001543,74.125.200.0-255,2902,132751,41,338418
30480,0.001546,172.31.46.0-255,66,132817,41,338418
30481,0.001567,74.125.200.0-255,2902,135719,41,338418
30482,0.00157,172.31.46.0-255,66,135785,41,338418
30483,0.001606,172.31.46.0-255,66,135851,41,338418
30484,0.001611,74.125.200.0-255,2184,138035,41,338418
30485,0.001613,172.31.46.0-255,66,138101,41,338418
30486,0.002112,74.125.200.0-255,1484,139585,41,338418
30487,0.002131,74.125.200.0-255,2902,142487,41,338418
30488,0.002134,172.31.46.0-255,66,142553,41,338418
30489,0.002141,74.125.200.0-255,4320,146873,41,338418
30490,0.002143,172.31.46.0-255,66,146939,41,338418
30491,0.002158,74.125.200.0-255,1484,148423,41,338418
30492,0.002164,74.125.200.0-255,5738,154161,41,338418
30493,0.002166,172.31.46.0-255,66,154227,41,338418
30494,0.002181,74.125.200.0-255,1484,155711,41,338418
30495,0.002204,74.125.200.0-255,5738,161449,41,338418
30496,0.002206,172.31.46.0-255,66,161515,41,338418
30497,0.00224,172.31.46.0-255,66,161581,41,338418
30498,0.002259,74.125.200.0-255,2184,163765,41,338418
30499,0.002261,172.31.46.0-255,66,163831,41,338418
30500,0.002659,74.125.200.0-255,1484,165315,41,338418
30501,0.002672,74.125.200.0-255,2902,168217,41,338418
30502,0.002676,172.31.46.0-255,66,168283,41,338418
30503,0.002691,74.125.200.0-255,2902,171185,41,338418
30504,0.002693,172.31.46.0-255,66,171251,41,338418
30505,0.002715,74.125.200.0-255,2902,174153,41,338418
30506,0.002717,172.31.46.0-255,66,174219,41,338418
30507,0.002728,172.31.46.0-255,66,174285,41,338418
30508,0.002763,172.31.46.0-255,66,174351,41,338418
30509,0.00277,74.125.200.0-255,5020,179371,41,338418
30510,0.002772,172.31.46.0-255,66,179437,41,338418
30511,0.002817,74.125.200.0-255,5738,185175,41,338418
30512,0.00282,172.31.46.0-255,66,185241,41,338418
30513,0.002853,172.31.46.0-255,66,185307,41,338418
30514,0.002877,74.125.200.0-255,5738,191045,41,338418
30515,0.002879,172.31.46.0-255,66,191111,41,338418
30516,0.002903,172.31.46.0-255,66,191177,41,338418
30517,0.002907,74.125.200.0-255,1484,192661,41,338418
30518,0.00294,172.31.46.0-255,66,192727,41,338418
30519,0.002967,74.125.200.0-255,1484,194211,41,338418
30520,0.002986,74.125.200.0-255,2902,197113,41,338418
30521,0.002988,172.31.46.0-255,66,197179,41,338418
30522,0.003007,74.125.200.0-255,1484,198663,41,338418
30523,0.003021,74.125.200.0-255,2902,201565,41,338418
30524,0.003023,172.31.46.0-255,66,201631,41,338418
30525,0.003026,74.125.200.0-255,1484,203115,41,338418
30526,0.003042,74.125.200.0-255,2902,206017,41,338418
30527,0.003044,172.31.46.0-255,66,206083,41,338418
30528,0.003069,74.125.200.0-255,4320,210403,41,338418
30529,0.003071,172.31.46.0-255,66,210469,41,338418
30530,0.003078,74.125.200.0-255,5738,216207,41,338418
30531,0.00308,172.31.46.0-255,66,216273,41,338418
30532,0.003084,74.125.200.0-255,2902,219175,41,338418
30533,0.003087,172.31.46.0-255,66,219241,41,338418
30534,0.003114,74.125.200.0-255,4320,223561,41,338418
30535,0.003117,172.31.46.0-255,66,223627,41,338418
30536,0.003122,74.125.200.0-255,3602,227229,41,338418
30537,0.003125,172.31.46.0-255,66,227295,41,338418
30538,0.003229,74.125.200.0-255,1484,228779,41,338418
30539,0.003247,74.125.200.0-255,2902,231681,41,338418
30540,0.003251,172.31.46.0-255,66,231747,41,338418
30541,0.003274,74.125.200.0-255,4320,236067,41,338418
30542,0.003278,172.31.46.0-255,66,236133,41,338418
30543,0.003301,74.125.200.0-255,5738,241871,41,338418
30544,0.003304,172.31.46.0-255,66,241937,41,338418
30545,0.003331,74.125.200.0-255,5738,247675,41,338418
30546,0.003334,172.31.46.0-255,66,247741,41,338418
30547,0.003388,172.31.46.0-255,66,247807,41,338418
30548,0.003392,74.125.200.0-255,2902,250709,41,338418
30549,0.003394,172.31.46.0-255,66,250775,41,338418
30550,0.003399,74.125.200.0-255,3602,254377,41,338418
30551,0.003402,172.31.46.0-255,66,254443,41,338418
30552,0.003418,74.125.200.0-255,1484,255927,41,338418
30553,0.003435,74.125.200.0-255,2902,258829,41,338418
30554,0.003439,172.31.46.0-255,66,258895,41,338418
30555,0.00346,74.125.200.0-255,5738,264633,41,338418
30556,0.003463,172.31.46.0-255,66,264699,41,338418
30557,0.003466,74.125.200.0-255,1484,266183,41,338418
30558,0.003498,74.125.200.0-255,2902,269085,41,338418
30559,0.003501,172.31.46.0-255,66,269151,41,338418
30560,0.003504,74.125.200.0-255,1484,270635,41,338418
30561,0.003527,74.125.200.0-255,4320,274955,41,338418
30562,0.00353,172.31.46.0-255,66,275021,41,338418
30563,0.003533,74.125.200.0-255,1484,276505,41,338418
30564,0.003545,74.125.200.0-255,1484,277989,41,338418
30565,0.003548,172.31.46.0-255,66,278055,41,338418
30566,0.003551,74.125.200.0-255,1484,279539,41,338418
30567,0.003568,74.125.200.0-255,1484,281023,41,338418
30568,0.003571,172.31.46.0-255,66,281089,41,338418
30569,0.003574,74.125.200.0-255,1484,282573,41,338418
30570,0.00361,74.125.200.0-255,4320,286893,41,338418
30571,0.003614,172.31.46.0-255,66,286959,41,338418
30572,0.003617,74.125.200.0-255,1484,288443,41,338418
30573,0.003619,74.125.200.0-255,766,289209,41,338418
30574,0.003621,172.31.46.0-255,66,289275,41,338418
30575,0.003654,74.125.200.0-255,1484,290759,41,338418
30576,0.00367,74.125.200.0-255,1484,292243,41,338418
30577,0.003673,172.31.46.0-255,66,292309,41,338418
30578,0.003686,74.125.200.0-255,2902,295211,41,338418
30579,0.003688,172.31.46.0-255,66,295277,41,338418
30580,0.003711,74.125.200.0-255,2902,298179,41,338418
30581,0.003714,172.31.46.0-255,66,298245,41,338418
30582,0.003734,74.125.200.0-255,2902,301147,41,338418
30583,0.003736,172.31.46.0-255,66,301213,41,338418
30584,0.003739,74.125.200.0-255,1484,302697,41,338418
30585,0.003742,74.125.200.0-255,1484,304181,41,338418
30586,0.003744,172.31.46.0-255,66,304247,41,338418
30587,0.003763,74.125.200.0-255,2902,307149,41,338418
30588,0.003766,172.31.46.0-255,66,307215,41,338418
30589,0.003768,74.125.200.0-255,1484,308699,41,338418
30590,0.003771,74.125.200.0-255,1484,310183,41,338418
30591,0.003773,172.31.46.0-255,66,310249,41,338418
30592,0.003777,74.125.200.0-255,2902,313151,41,338418
30593,0.00378,172.31.46.0-255,66,313217,41,338418
30594,0.003797,74.125.200.0-255,1484,314701,41,338418
30595,0.003831,74.125.200.0-255,2902,317603,41,338418
30596,0.003834,172.31.46.0-255,66,317669,41,338418
30597,0.003838,74.125.200.0-255,1484,319153,41,338418
30598,0.003875,74.125.200.0-255,2902,322055,41,338418
30599,0.003879,172.31.46.0-255,66,322121,41,338418
30600,0.003894,74.125.200.0-255,2184,324305,41,338418
30601,0.003897,172.31.46.0-255,66,324371,41,338418
30602,0.003955,74.125.200.0-255,1484,325855,41,338418
30603,0.003983,74.125.200.0-255,1484,327339,41,338418
30604,0.003986,172.31.46.0-255,66,327405,41,338418
30605,0.003991,74.125.200.0-255,2902,330307,41,338418
30606,0.003993,172.31.46.0-255,66,330373,41,338418
30607,0.004013,74.125.200.0-255,1484,331857,41,338418
30608,0.004028,74.125.200.0-255,4320,336177,41,338418
30609,0.004033,74.125.200.0-255,1973,338150,41,338418
30610,0.004057,74.125.200.0-255,97,338247,41,338418
30611,0.004106,74.125.200.0-255,105,338352,41,338418
30612,0.009535,172.31.46.0-255,66,338418,41,338418
30613,0.0,172.217.194.0-255,155,155,41,119927
30614,2.2e-05,172.31.46.0-255,66,221,41,119927
30615,2.9e-05,172.217.194.0-255,1484,1705,41,119927
30616,3.4e-05,172.31.46.0-255,66,1771,41,119927
30617,4e-05,172.217.194.0-255,2902,4673,41,119927
30618,4.3e-05,172.31.46.0-255,66,4739,41,119927
30619,5.4e-05,172.31.46.0-255,66,4805,41,119927
30620,9.7e-05,172.31.46.0-255,66,4871,41,119927
30621,0.000107,172.31.46.0-255,66,4937,41,119927
30622,0.000164,172.217.194.0-255,1484,6421,41,119927
30623,0.000168,172.217.194.0-255,2902,9323,41,119927
30624,0.000173,172.217.194.0-255,2902,12225,41,119927
30625,0.000177,172.31.46.0-255,66,12291,41,119927
30626,0.000184,172.31.46.0-255,66,12357,41,119927
30627,0.000187,172.31.46.0-255,66,12423,41,119927
30628,0.000192,172.217.194.0-255,2902,15325,41,119927
30629,0.000195,172.31.46.0-255,66,15391,41,119927
30630,0.000205,172.31.46.0-255,66,15457,41,119927
30631,0.000241,172.31.46.0-255,66,15523,41,119927
30632,0.000245,172.217.194.0-255,2864,18387,41,119927
30633,0.000248,172.31.46.0-255,66,18453,41,119927
30634,0.000272,172.217.194.0-255,365,18818,41,119927
30635,0.000275,172.31.46.0-255,66,18884,41,119927
30636,0.00042,172.217.194.0-255,1484,20368,41,119927
30637,0.000425,172.31.46.0-255,66,20434,41,119927
30638,0.000432,172.217.194.0-255,2902,23336,41,119927
30639,0.000435,172.31.46.0-255,66,23402,41,119927
30640,0.000442,172.217.194.0-255,5738,29140,41,119927
30641,0.000472,172.217.194.0-255,2902,32042,41,119927
30642,0.000565,172.31.46.0-255,66,32108,41,119927
30643,0.000791,172.217.194.0-255,1484,33592,41,119927
30644,0.000797,172.217.194.0-255,2902,36494,41,119927
30645,0.00082,172.217.194.0-255,5738,42232,41,119927
30646,0.000836,172.217.194.0-255,4320,46552,41,119927
30647,0.00084,172.31.46.0-255,66,46618,41,119927
30648,0.000845,172.31.46.0-255,66,46684,41,119927
30649,0.000869,172.217.194.0-255,1484,48168,41,119927
30650,0.000878,172.31.46.0-255,66,48234,41,119927
30651,0.000896,172.217.194.0-255,1484,49718,41,119927
30652,0.00091,172.217.194.0-255,2902,52620,41,119927
30653,0.000928,172.31.46.0-255,66,52686,41,119927
30654,0.000934,172.217.194.0-255,5738,58424,41,119927
30655,0.000937,172.217.194.0-255,1484,59908,41,119927
30656,0.000943,172.31.46.0-255,66,59974,41,119927
30657,0.000963,172.217.194.0-255,2902,62876,41,119927
30658,0.001005,172.31.46.0-255,66,62942,41,119927
30659,0.001072,172.217.194.0-255,1484,64426,41,119927
30660,0.00108,172.217.194.0-255,2902,67328,41,119927
30661,0.001085,172.217.194.0-255,5738,73066,41,119927
30662,0.00109,172.217.194.0-255,2902,75968,41,119927
30663,0.001178,172.217.194.0-255,1484,77452,41,119927
30664,0.001393,172.217.194.0-255,1484,78936,41,119927
30665,0.0014,172.217.194.0-255,2902,81838,41,119927
30666,0.001425,172.217.194.0-255,5738,87576,41,119927
30667,0.001521,172.217.194.0-255,3602,91178,41,119927
30668,0.001605,172.217.194.0-255,1484,92662,41,119927
30669,0.001612,172.217.194.0-255,2902,95564,41,119927
30670,0.001616,172.217.194.0-255,1484,97048,41,119927
30671,0.001631,172.217.194.0-255,4320,101368,41,119927
30672,0.001653,172.217.194.0-255,5738,107106,41,119927
30673,0.001697,172.217.194.0-255,2184,109290,41,119927
30674,0.001718,172.217.194.0-255,5738,115028,41,119927
30675,0.001961,172.217.194.0-255,4623,119651,41,119927
30676,0.001964,172.217.194.0-255,105,119756,41,119927
30677,0.005357,172.31.46.0-255,66,119822,41,119927
30678,0.008009,172.31.46.0-255,105,119927,41,119927
30679,0.0,74.125.24.0-255,149,149,41,191080
30680,2.2e-05,172.31.46.0-255,66,215,41,191080
30681,2.9e-05,74.125.24.0-255,1484,1699,41,191080
30682,3.4e-05,172.31.46.0-255,66,1765,41,191080
30683,5.1e-05,74.125.24.0-255,2902,4667,41,191080
30684,5.5e-05,172.31.46.0-255,66,4733,41,191080
30685,6.6e-05,172.31.46.0-255,66,4799,41,191080
30686,7e-05,74.125.24.0-255,2075,6874,41,191080
30687,7.4e-05,172.31.46.0-255,66,6940,41,191080
30688,0.000117,74.125.24.0-255,1484,8424,41,191080
30689,0.00012,172.31.46.0-255,66,8490,41,191080
30690,0.000124,74.125.24.0-255,1484,9974,41,191080
30691,0.000127,172.31.46.0-255,66,10040,41,191080
30692,0.000143,74.125.24.0-255,1484,11524,41,191080
30693,0.000145,172.31.46.0-255,66,11590,41,191080
30694,0.000157,74.125.24.0-255,5738,17328,41,191080
30695,0.00016,172.31.46.0-255,66,17394,41,191080
30696,0.0002,172.31.46.0-255,66,17460,41,191080
30697,0.000338,74.125.24.0-255,1484,18944,41,191080
30698,0.000342,172.31.46.0-255,66,19010,41,191080
30699,0.000347,74.125.24.0-255,1484,20494,41,191080
30700,0.000348,172.31.46.0-255,66,20560,41,191080
30701,0.000366,74.125.24.0-255,1484,22044,41,191080
30702,0.000369,172.31.46.0-255,66,22110,41,191080
30703,0.000376,74.125.24.0-255,1484,23594,41,191080
30704,0.000379,172.31.46.0-255,66,23660,41,191080
30705,0.000398,74.125.24.0-255,2902,26562,41,191080
30706,0.000401,172.31.46.0-255,66,26628,41,191080
30707,0.000407,74.125.24.0-255,5738,32366,41,191080
30708,0.00041,172.31.46.0-255,66,32432,41,191080
30709,0.000414,74.125.24.0-255,2543,34975,41,191080
30710,0.000416,172.31.46.0-255,66,35041,41,191080
30711,0.000444,74.125.24.0-255,1484,36525,41,191080
30712,0.000474,172.31.46.0-255,66,36591,41,191080
30713,0.000481,74.125.24.0-255,5738,42329,41,191080
30714,0.000484,172.31.46.0-255,66,42395,41,191080
30715,0.000528,74.125.24.0-255,1478,43873,41,191080
30716,0.00054,74.125.24.0-255,333,44206,41,191080
30717,0.000543,172.31.46.0-255,66,44272,41,191080
30718,0.000909,74.125.24.0-255,1484,45756,41,191080
30719,0.000916,74.125.24.0-255,2902,48658,41,191080
30720,0.00092,172.31.46.0-255,66,48724,41,191080
30721,0.000941,74.125.24.0-255,4320,53044,41,191080
30722,0.000943,172.31.46.0-255,66,53110,41,191080
30723,0.000968,74.125.24.0-255,1484,54594,41,191080
30724,0.000971,74.125.24.0-255,1484,56078,41,191080
30725,0.000975,172.31.46.0-255,66,56144,41,191080
30726,0.00101,172.31.46.0-255,66,56210,41,191080
30727,0.001017,74.125.24.0-255,5738,61948,41,191080
30728,0.00102,172.31.46.0-255,66,62014,41,191080
30729,0.001047,172.31.46.0-255,66,62080,41,191080
30730,0.00204,74.125.24.0-255,1484,63564,41,191080
30731,0.002051,74.125.24.0-255,2902,66466,41,191080
30732,0.002056,172.31.46.0-255,66,66532,41,191080
30733,0.002061,74.125.24.0-255,1484,68016,41,191080
30734,0.002085,74.125.24.0-255,4320,72336,41,191080
30735,0.002088,172.31.46.0-255,66,72402,41,191080
30736,0.002098,172.31.46.0-255,66,72468,41,191080
30737,0.002133,172.31.46.0-255,66,72534,41,191080
30738,0.002167,74.125.24.0-255,2184,74718,41,191080
30739,0.002169,172.31.46.0-255,66,74784,41,191080
30740,0.002231,74.125.24.0-255,1484,76268,41,191080
30741,0.002253,74.125.24.0-255,2902,79170,41,191080
30742,0.002256,172.31.46.0-255,66,79236,41,191080
30743,0.00229,74.125.24.0-255,5738,84974,41,191080
30744,0.002293,172.31.46.0-255,66,85040,41,191080
30745,0.0023,74.125.24.0-255,4320,89360,41,191080
30746,0.002302,172.31.46.0-255,66,89426,41,191080
30747,0.002318,74.125.24.0-255,2902,92328,41,191080
30748,0.00232,172.31.46.0-255,66,92394,41,191080
30749,0.002339,172.31.46.0-255,66,92460,41,191080
30750,0.002343,74.125.24.0-255,2184,94644,41,191080
30751,0.002346,172.31.46.0-255,66,94710,41,191080
30752,0.002416,74.125.24.0-255,1484,96194,41,191080
30753,0.002422,74.125.24.0-255,2902,99096,41,191080
30754,0.002426,172.31.46.0-255,66,99162,41,191080
30755,0.002432,74.125.24.0-255,4320,103482,41,191080
30756,0.002434,172.31.46.0-255,66,103548,41,191080
30757,0.002448,74.125.24.0-255,1484,105032,41,191080
30758,0.002485,172.31.46.0-255,66,105098,41,191080
30759,0.002518,74.125.24.0-255,5738,110836,41,191080
30760,0.00252,172.31.46.0-255,66,110902,41,191080
30761,0.002537,172.31.46.0-255,66,110968,41,191080
30762,0.002611,74.125.24.0-255,1484,112452,41,191080
30763,0.002624,74.125.24.0-255,2902,115354,41,191080
30764,0.002627,172.31.46.0-255,66,115420,41,191080
30765,0.002632,74.125.24.0-255,4320,119740,41,191080
30766,0.002634,172.31.46.0-255,66,119806,41,191080
30767,0.002666,74.125.24.0-255,1484,121290,41,191080
30768,0.00268,172.31.46.0-255,66,121356,41,191080
30769,0.002723,74.125.24.0-255,5738,127094,41,191080
30770,0.002726,172.31.46.0-255,66,127160,41,191080
30771,0.002751,74.125.24.0-255,5020,132180,41,191080
30772,0.002754,172.31.46.0-255,66,132246,41,191080
30773,0.002771,172.31.46.0-255,66,132312,41,191080
30774,0.002788,172.31.46.0-255,66,132378,41,191080
30775,0.0028,172.31.46.0-255,66,132444,41,191080
30776,0.002822,74.125.24.0-255,766,133210,41,191080
30777,0.002904,74.125.24.0-255,1484,134694,41,191080
30778,0.002906,172.31.46.0-255,66,134760,41,191080
30779,0.002923,74.125.24.0-255,2902,137662,41,191080
30780,0.002925,172.31.46.0-255,66,137728,41,191080
30781,0.00293,74.125.24.0-255,2902,140630,41,191080
30782,0.002932,172.31.46.0-255,66,140696,41,191080
30783,0.002967,74.125.24.0-255,1484,142180,41,191080
30784,0.002978,172.31.46.0-255,66,142246,41,191080
30785,0.003004,74.125.24.0-255,5738,147984,41,191080
30786,0.003007,172.31.46.0-255,66,148050,41,191080
30787,0.003041,172.31.46.0-255,66,148116,41,191080
30788,0.003045,74.125.24.0-255,2184,150300,41,191080
30789,0.003047,172.31.46.0-255,66,150366,41,191080
30790,0.003086,74.125.24.0-255,1484,151850,41,191080
30791,0.003102,74.125.24.0-255,1484,153334,41,191080
30792,0.003104,172.31.46.0-255,66,153400,41,191080
30793,0.00311,74.125.24.0-255,4320,157720,41,191080
30794,0.003113,172.31.46.0-255,66,157786,41,191080
30795,0.003136,74.125.24.0-255,4320,162106,41,191080
30796,0.003139,172.31.46.0-255,66,162172,41,191080
30797,0.00317,74.125.24.0-255,5738,167910,41,191080
30798,0.003173,172.31.46.0-255,66,167976,41,191080
30799,0.003185,172.31.46.0-255,66,168042,41,191080
30800,0.003189,74.125.24.0-255,2902,170944,41,191080
30801,0.003193,172.31.46.0-255,66,171010,41,191080
30802,0.003226,74.125.24.0-255,3602,174612,41,191080
30803,0.003229,172.31.46.0-255,66,174678,41,191080
30804,0.003255,74.125.24.0-255,4320,178998,41,191080
30805,0.003258,172.31.46.0-255,66,179064,41,191080
30806,0.003293,172.31.46.0-255,66,179130,41,191080
30807,0.003324,172.31.46.0-255,66,179196,41,191080
30808,0.00336,74.125.24.0-255,4320,183516,41,191080
30809,0.003404,74.125.24.0-255,2902,186418,41,191080
30810,0.003439,74.125.24.0-255,4320,190738,41,191080
30811,0.003506,74.125.24.0-255,105,190843,41,191080
30812,0.004803,172.31.46.0-255,66,190909,41,191080
30813,0.007132,172.31.46.0-255,105,191014,41,191080
30814,0.009728,74.125.24.0-255,66,191080,41,191080
30815,0.0,172.217.194.0-255,146,146,41,148534
30816,1.4e-05,172.31.46.0-255,66,212,41,148534
30817,2.1e-05,172.217.194.0-255,1484,1696,41,148534
30818,2.6e-05,172.31.46.0-255,66,1762,41,148534
30819,3.3e-05,172.217.194.0-255,2902,4664,41,148534
30820,3.7e-05,172.31.46.0-255,66,4730,41,148534
30821,4.3e-05,172.217.194.0-255,4320,9050,41,148534
30822,4.7e-05,172.31.46.0-255,66,9116,41,148534
30823,8.5e-05,172.217.194.0-255,4942,14058,41,148534
30824,8.9e-05,172.31.46.0-255,66,14124,41,148534
30825,0.000142,172.217.194.0-255,1484,15608,41,148534
30826,0.000144,172.31.46.0-255,66,15674,41,148534
30827,0.000149,172.217.194.0-255,2902,18576,41,148534
30828,0.000151,172.31.46.0-255,66,18642,41,148534
30829,0.000154,172.217.194.0-255,1484,20126,41,148534
30830,0.000156,172.31.46.0-255,66,20192,41,148534
30831,0.000181,172.217.194.0-255,4320,24512,41,148534
30832,0.000192,172.31.46.0-255,66,24578,41,148534
30833,0.000199,172.31.46.0-255,66,24644,41,148534
30834,0.000211,172.217.194.0-255,1484,26128,41,148534
30835,0.000213,172.31.46.0-255,66,26194,41,148534
30836,0.000256,172.31.46.0-255,66,26260,41,148534
30837,0.00027,172.31.46.0-255,66,26326,41,148534
30838,0.000304,172.31.46.0-255,66,26392,41,148534
30839,0.000306,172.217.194.0-255,707,27099,41,148534
30840,0.000308,172.31.46.0-255,66,27165,41,148534
30841,0.000632,172.217.194.0-255,1484,28649,41,148534
30842,0.000638,172.217.194.0-255,2902,31551,41,148534
30843,0.000643,172.31.46.0-255,66,31617,41,148534
30844,0.000651,172.31.46.0-255,66,31683,41,148534
30845,0.000658,172.217.194.0-255,5738,37421,41,148534
30846,0.000661,172.31.46.0-255,66,37487,41,148534
30847,0.000709,172.217.194.0-255,4320,41807,41,148534
30848,0.000713,172.31.46.0-255,66,41873,41,148534
30849,0.000742,172.31.46.0-255,66,41939,41,148534
30850,0.000749,172.217.194.0-255,5738,47677,41,148534
30851,0.000751,172.31.46.0-255,66,47743,41,148534
30852,0.000778,172.217.194.0-255,5020,52763,41,148534
30853,0.000781,172.31.46.0-255,66,52829,41,148534
30854,0.001405,172.217.194.0-255,1484,54313,41,148534
30855,0.001411,172.217.194.0-255,2902,57215,41,148534
30856,0.001415,172.31.46.0-255,66,57281,41,148534
30857,0.00144,172.217.194.0-255,5738,63019,41,148534
30858,0.001443,172.31.46.0-255,66,63085,41,148534
30859,0.001453,172.31.46.0-255,66,63151,41,148534
30860,0.001479,172.217.194.0-255,5738,68889,41,148534
30861,0.001482,172.31.46.0-255,66,68955,41,148534
30862,0.001493,172.31.46.0-255,66,69021,41,148534
30863,0.001495,172.217.194.0-255,766,69787,41,148534
30864,0.001535,172.217.194.0-255,1484,71271,41,148534
30865,0.001538,172.31.46.0-255,66,71337,41,148534
30866,0.001544,172.217.194.0-255,4320,75657,41,148534
30867,0.001546,172.31.46.0-255,66,75723,41,148534
30868,0.001571,172.31.46.0-255,66,75789,41,148534
30869,0.001576,172.217.194.0-255,4320,80109,41,148534
30870,0.001578,172.31.46.0-255,66,80175,41,148534
30871,0.0016,172.217.194.0-255,5738,85913,41,148534
30872,0.001602,172.31.46.0-255,66,85979,41,148534
30873,0.00162,172.217.194.0-255,4320,90299,41,148534
30874,0.001623,172.31.46.0-255,66,90365,41,148534
30875,0.001664,172.31.46.0-255,66,90431,41,148534
30876,0.001708,172.31.46.0-255,66,90497,41,148534
30877,0.001742,172.31.46.0-255,66,90563,41,148534
30878,0.001745,172.217.194.0-255,766,91329,41,148534
30879,0.001747,172.217.194.0-255,1484,92813,41,148534
30880,0.00175,172.31.46.0-255,66,92879,41,148534
30881,0.001755,172.217.194.0-255,2902,95781,41,148534
30882,0.001757,172.31.46.0-255,66,95847,41,148534
30883,0.001763,172.217.194.0-255,5738,101585,41,148534
30884,0.001765,172.31.46.0-255,66,101651,41,148534
30885,0.001798,172.31.46.0-255,66,101717,41,148534
30886,0.001807,172.217.194.0-255,766,102483,41,148534
30887,0.001872,172.217.194.0-255,1484,103967,41,148534
30888,0.001879,172.31.46.0-255,66,104033,41,148534
30889,0.001891,172.217.194.0-255,2902,106935,41,148534
30890,0.001894,172.217.194.0-255,1484,108419,41,148534
30891,0.001915,172.217.194.0-255,4320,112739,41,148534
30892,0.001919,172.217.194.0-255,1484,114223,41,148534
30893,0.001925,172.31.46.0-255,66,114289,41,148534
30894,0.001951,172.31.46.0-255,66,114355,41,148534
30895,0.00196,172.217.194.0-255,2902,117257,41,148534
30896,0.002,172.31.46.0-255,66,117323,41,148534
30897,0.002028,172.217.194.0-255,1484,118807,41,148534
30898,0.002033,172.31.46.0-255,66,118873,41,148534
30899,0.00206,172.217.194.0-255,2902,121775,41,148534
30900,0.002072,172.31.46.0-255,66,121841,41,148534
30901,0.002122,172.31.46.0-255,66,121907,41,148534
30902,0.002133,172.217.194.0-255,4320,126227,41,148534
30903,0.002153,172.31.46.0-255,66,126293,41,148534
30904,0.002172,172.31.46.0-255,66,126359,41,148534
30905,0.002183,172.217.194.0-255,5738,132097,41,148534
30906,0.002199,172.217.194.0-255,2902,134999,41,148534
30907,0.002217,172.31.46.0-255,66,135065,41,148534
30908,0.002267,172.217.194.0-255,1484,136549,41,148534
30909,0.002316,172.217.194.0-255,5738,142287,41,148534
30910,0.002322,172.31.46.0-255,66,142353,41,148534
30911,0.002351,172.217.194.0-255,5738,148091,41,148534
30912,0.002357,172.31.46.0-255,66,148157,41,148534
30913,0.002375,172.217.194.0-255,105,148262,41,148534
30914,0.002396,172.31.46.0-255,66,148328,41,148534
30915,0.008256,172.31.46.0-255,101,148429,41,148534
30916,0.009097,172.31.46.0-255,105,148534,41,148534
30917,0.0,172.31.46.0-255,105,105,41,459
30918,0.000293,172.31.46.0-255,90,195,41,459
30919,0.000305,172.31.46.0-255,66,261,41,459
30920,0.00286,74.125.24.0-255,66,327,41,459
30921,0.002885,74.125.24.0-255,66,393,41,459
30922,0.002904,172.31.46.0-255,66,459,41,459
30923,0.0,74.125.24.0-255,146,146,41,108295
30924,1.4e-05,172.31.46.0-255,66,212,41,108295
30925,2.1e-05,74.125.24.0-255,1484,1696,41,108295
30926,2.6e-05,172.31.46.0-255,66,1762,41,108295
30927,3.2e-05,74.125.24.0-255,2902,4664,41,108295
30928,3.7e-05,172.31.46.0-255,66,4730,41,108295
30929,7.5e-05,74.125.24.0-255,5738,10468,41,108295
30930,7.9e-05,172.31.46.0-255,66,10534,41,108295
30931,9.5e-05,74.125.24.0-255,1484,12018,41,108295
30932,9.7e-05,172.31.46.0-255,66,12084,41,108295
30933,0.000112,74.125.24.0-255,2055,14139,41,108295
30934,0.000114,172.31.46.0-255,66,14205,41,108295
30935,0.00041,74.125.24.0-255,1484,15689,41,108295
30936,0.000416,172.31.46.0-255,66,15755,41,108295
30937,0.000422,74.125.24.0-255,2902,18657,41,108295
30938,0.000425,172.31.46.0-255,66,18723,41,108295
30939,0.000455,74.125.24.0-255,5738,24461,41,108295
30940,0.000459,172.31.46.0-255,66,24527,41,108295
30941,0.000469,172.31.46.0-255,66,24593,41,108295
30942,0.000498,172.31.46.0-255,66,24659,41,108295
30943,0.000501,74.125.24.0-255,1484,26143,41,108295
30944,0.000503,172.31.46.0-255,66,26209,41,108295
30945,0.000533,172.31.46.0-255,66,26275,41,108295
30946,0.001066,74.125.24.0-255,1484,27759,41,108295
30947,0.001073,172.31.46.0-255,66,27825,41,108295
30948,0.001083,74.125.24.0-255,2902,30727,41,108295
30949,0.001085,172.31.46.0-255,66,30793,41,108295
30950,0.001092,74.125.24.0-255,5738,36531,41,108295
30951,0.001095,172.31.46.0-255,66,36597,41,108295
30952,0.001122,172.31.46.0-255,66,36663,41,108295
30953,0.001145,74.125.24.0-255,1125,37788,41,108295
30954,0.001157,172.31.46.0-255,66,37854,41,108295
30955,0.001187,172.31.46.0-255,66,37920,41,108295
30956,0.001216,172.31.46.0-255,66,37986,41,108295
30957,0.001223,74.125.24.0-255,5020,43006,41,108295
30958,0.001225,172.31.46.0-255,66,43072,41,108295
30959,0.001228,74.125.24.0-255,646,43718,41,108295
30960,0.001319,74.125.24.0-255,1484,45202,41,108295
30961,0.001323,172.31.46.0-255,66,45268,41,108295
30962,0.001329,74.125.24.0-255,2902,48170,41,108295
30963,0.001331,172.31.46.0-255,66,48236,41,108295
30964,0.001336,74.125.24.0-255,2902,51138,41,108295
30965,0.001338,172.31.46.0-255,66,51204,41,108295
30966,0.001352,74.125.24.0-255,2902,54106,41,108295
30967,0.001354,172.31.46.0-255,66,54172,41,108295
30968,0.001379,74.125.24.0-255,2902,57074,41,108295
30969,0.001381,172.31.46.0-255,66,57140,41,108295
30970,0.001403,74.125.24.0-255,3297,60437,41,108295
30971,0.001406,172.31.46.0-255,66,60503,41,108295
30972,0.001475,74.125.24.0-255,1484,61987,41,108295
30973,0.001498,74.125.24.0-255,2902,64889,41,108295
30974,0.001501,172.31.46.0-255,66,64955,41,108295
30975,0.001508,74.125.24.0-255,5738,70693,41,108295
30976,0.001511,172.31.46.0-255,66,70759,41,108295
30977,0.001551,172.31.46.0-255,66,70825,41,108295
30978,0.0019,74.125.24.0-255,1484,72309,41,108295
30979,0.001906,74.125.24.0-255,1484,73793,41,108295
30980,0.001909,172.31.46.0-255,66,73859,41,108295
30981,0.001928,74.125.24.0-255,1484,75343,41,108295
30982,0.001935,74.125.24.0-255,5738,81081,41,108295
30983,0.001938,172.31.46.0-255,66,81147,41,108295
30984,0.001959,74.125.24.0-255,5738,86885,41,108295
30985,0.001961,172.31.46.0-255,66,86951,41,108295
30986,0.001986,172.31.46.0-255,66,87017,41,108295
30987,0.001989,74.125.24.0-255,1484,88501,41,108295
30988,0.002,172.31.46.0-255,66,88567,41,108295
30989,0.00202,74.125.24.0-255,2184,90751,41,108295
30990,0.002022,172.31.46.0-255,66,90817,41,108295
30991,0.004294,74.125.24.0-255,5738,96555,41,108295
30992,0.0043,172.31.46.0-255,66,96621,41,108295
30993,0.006548,74.125.24.0-255,1484,98105,41,108295
30994,0.006596,74.125.24.0-255,4320,102425,41,108295
30995,0.0066,172.31.46.0-255,66,102491,41,108295
30996,0.008895,74.125.24.0-255,5738,108229,41,108295
30997,0.008901,172.31.46.0-255,66,108295,41,108295
30998,0.0,172.217.194.0-255,153,153,41,232761
30999,1.5e-05,172.31.46.0-255,66,219,41,232761
31000,2.1e-05,172.217.194.0-255,1484,1703,41,232761
31001,2.6e-05,172.31.46.0-255,66,1769,41,232761
31002,3.1e-05,172.217.194.0-255,2902,4671,41,232761
31003,3.4e-05,172.31.46.0-255,66,4737,41,232761
31004,6.4e-05,172.31.46.0-255,66,4803,41,232761
31005,6.7e-05,172.217.194.0-255,1978,6781,41,232761
31006,7e-05,172.31.46.0-255,66,6847,41,232761
31007,0.000134,172.217.194.0-255,1484,8331,41,232761
31008,0.000138,172.217.194.0-255,2902,11233,41,232761
31009,0.000142,172.217.194.0-255,2902,14135,41,232761
31010,0.000149,172.31.46.0-255,66,14201,41,232761
31011,0.000153,172.31.46.0-255,66,14267,41,232761
31012,0.000157,172.31.46.0-255,66,14333,41,232761
31013,0.000162,172.217.194.0-255,2902,17235,41,232761
31014,0.000164,172.31.46.0-255,66,17301,41,232761
31015,0.00017,172.217.194.0-255,5738,23039,41,232761
31016,0.000173,172.31.46.0-255,66,23105,41,232761
31017,0.000212,172.217.194.0-255,1484,24589,41,232761
31018,0.000214,172.31.46.0-255,66,24655,41,232761
31019,0.000251,172.31.46.0-255,66,24721,41,232761
31020,0.000279,172.217.194.0-255,2902,27623,41,232761
31021,0.000281,172.31.46.0-255,66,27689,41,232761
31022,0.000302,172.217.194.0-255,2543,30232,41,232761
31023,0.000305,172.31.46.0-255,66,30298,41,232761
31024,0.000311,172.217.194.0-255,5738,36036,41,232761
31025,0.000313,172.31.46.0-255,66,36102,41,232761
31026,0.000326,172.31.46.0-255,66,36168,41,232761
31027,0.000351,172.217.194.0-255,677,36845,41,232761
31028,0.000572,172.217.194.0-255,1484,38329,41,232761
31029,0.000578,172.31.46.0-255,66,38395,41,232761
31030,0.000583,172.217.194.0-255,2902,41297,41,232761
31031,0.000587,172.31.46.0-255,66,41363,41,232761
31032,0.000593,172.217.194.0-255,5738,47101,41,232761
31033,0.000595,172.31.46.0-255,66,47167,41,232761
31034,0.000639,172.217.194.0-255,4320,51487,41,232761
31035,0.000643,172.31.46.0-255,66,51553,41,232761
31036,0.000663,172.217.194.0-255,2543,54096,41,232761
31037,0.000665,172.31.46.0-255,66,54162,41,232761
31038,0.000672,172.217.194.0-255,5738,59900,41,232761
31039,0.000674,172.31.46.0-255,66,59966,41,232761
31040,0.000701,172.217.194.0-255,1484,61450,41,232761
31041,0.000708,172.217.194.0-255,5738,67188,41,232761
31042,0.00071,172.31.46.0-255,66,67254,41,232761
31043,0.000714,172.217.194.0-255,1484,68738,41,232761
31044,0.00073,172.217.194.0-255,2543,71281,41,232761
31045,0.000733,172.31.46.0-255,66,71347,41,232761
31046,0.000873,172.217.194.0-255,1484,72831,41,232761
31047,0.000886,172.217.194.0-255,1484,74315,41,232761
31048,0.000889,172.31.46.0-255,66,74381,41,232761
31049,0.000902,172.217.194.0-255,1484,75865,41,232761
31050,0.000908,172.217.194.0-255,5738,81603,41,232761
31051,0.00091,172.31.46.0-255,66,81669,41,232761
31052,0.000931,172.217.194.0-255,5738,87407,41,232761
31053,0.000933,172.31.46.0-255,66,87473,41,232761
31054,0.000954,172.217.194.0-255,1484,88957,41,232761
31055,0.000957,172.217.194.0-255,1484,90441,41,232761
31056,0.000959,172.31.46.0-255,66,90507,41,232761
31057,0.000981,172.217.194.0-255,5738,96245,41,232761
31058,0.000983,172.31.46.0-255,66,96311,41,232761
31059,0.00101,172.31.46.0-255,66,96377,41,232761
31060,0.001013,172.217.194.0-255,2184,98561,41,232761
31061,0.001015,172.31.46.0-255,66,98627,41,232761
31062,0.001019,172.217.194.0-255,2902,101529,41,232761
31063,0.001021,172.31.46.0-255,66,101595,41,232761
31064,0.001047,172.31.46.0-255,66,101661,41,232761
31065,0.001064,172.217.194.0-255,2902,104563,41,232761
31066,0.001066,172.31.46.0-255,66,104629,41,232761
31067,0.001076,172.31.46.0-255,66,104695,41,232761
31068,0.001099,172.217.194.0-255,1484,106179,41,232761
31069,0.001104,172.217.194.0-255,3602,109781,41,232761
31070,0.001106,172.31.46.0-255,66,109847,41,232761
31071,0.001111,172.217.194.0-255,4320,114167,41,232761
31072,0.001113,172.31.46.0-255,66,114233,41,232761
31073,0.001116,172.217.194.0-255,1484,115717,41,232761
31074,0.001153,172.31.46.0-255,66,115783,41,232761
31075,0.001158,172.217.194.0-255,4320,120103,41,232761
31076,0.00116,172.31.46.0-255,66,120169,41,232761
31077,0.001195,172.217.194.0-255,2902,123071,41,232761
31078,0.001197,172.31.46.0-255,66,123137,41,232761
31079,0.001222,172.31.46.0-255,66,123203,41,232761
31080,0.001378,172.217.194.0-255,1484,124687,41,232761
31081,0.001402,172.217.194.0-255,2902,127589,41,232761
31082,0.001407,172.217.194.0-255,5738,133327,41,232761
31083,0.00141,172.31.46.0-255,66,133393,41,232761
31084,0.001417,172.31.46.0-255,66,133459,41,232761
31085,0.001419,172.217.194.0-255,1484,134943,41,232761
31086,0.001438,172.31.46.0-255,66,135009,41,232761
31087,0.001465,172.217.194.0-255,4320,139329,41,232761
31088,0.001468,172.31.46.0-255,66,139395,41,232761
31089,0.001477,172.31.46.0-255,66,139461,41,232761
31090,0.001481,172.217.194.0-255,2184,141645,41,232761
31091,0.001483,172.31.46.0-255,66,141711,41,232761
31092,0.00164,172.217.194.0-255,1484,143195,41,232761
31093,0.001646,172.217.194.0-255,2902,146097,41,232761
31094,0.001649,172.31.46.0-255,66,146163,41,232761
31095,0.001652,172.217.194.0-255,1484,147647,41,232761
31096,0.001672,172.217.194.0-255,4320,151967,41,232761
31097,0.001674,172.31.46.0-255,66,152033,41,232761
31098,0.001679,172.217.194.0-255,2902,154935,41,232761
31099,0.00168,172.31.46.0-255,66,155001,41,232761
31100,0.001706,172.31.46.0-255,66,155067,41,232761
31101,0.001729,172.217.194.0-255,2902,157969,41,232761
31102,0.001731,172.31.46.0-255,66,158035,41,232761
31103,0.00174,172.31.46.0-255,66,158101,41,232761
31104,0.001742,172.217.194.0-255,766,158867,41,232761
31105,0.0019,172.217.194.0-255,1484,160351,41,232761
31106,0.001904,172.31.46.0-255,66,160417,41,232761
31107,0.001909,172.217.194.0-255,2902,163319,41,232761
31108,0.001911,172.31.46.0-255,66,163385,41,232761
31109,0.001934,172.217.194.0-255,5738,169123,41,232761
31110,0.001937,172.31.46.0-255,66,169189,41,232761
31111,0.00196,172.31.46.0-255,66,169255,41,232761
31112,0.00198,172.217.194.0-255,4320,173575,41,232761
31113,0.001982,172.31.46.0-255,66,173641,41,232761
31114,0.001992,172.31.46.0-255,66,173707,41,232761
31115,0.002014,172.217.194.0-255,5020,178727,41,232761
31116,0.002017,172.31.46.0-255,66,178793,41,232761
31117,0.00202,172.217.194.0-255,1484,180277,41,232761
31118,0.002038,172.217.194.0-255,4320,184597,41,232761
31119,0.002041,172.31.46.0-255,66,184663,41,232761
31120,0.002047,172.217.194.0-255,4320,188983,41,232761
31121,0.002049,172.31.46.0-255,66,189049,41,232761
31122,0.002082,172.31.46.0-255,66,189115,41,232761
31123,0.002096,172.31.46.0-255,66,189181,41,232761
31124,0.002119,172.217.194.0-255,1484,190665,41,232761
31125,0.002124,172.217.194.0-255,2902,193567,41,232761
31126,0.002127,172.31.46.0-255,66,193633,41,232761
31127,0.002151,172.217.194.0-255,5738,199371,41,232761
31128,0.002154,172.31.46.0-255,66,199437,41,232761
31129,0.002159,172.217.194.0-255,2902,202339,41,232761
31130,0.002161,172.31.46.0-255,66,202405,41,232761
31131,0.002184,172.31.46.0-255,66,202471,41,232761
31132,0.002188,172.217.194.0-255,2902,205373,41,232761
31133,0.00219,172.31.46.0-255,66,205439,41,232761
31134,0.002224,172.31.46.0-255,66,205505,41,232761
31135,0.002229,172.217.194.0-255,4320,209825,41,232761
31136,0.002231,172.31.46.0-255,66,209891,41,232761
31137,0.002249,172.217.194.0-255,4320,214211,41,232761
31138,0.002252,172.31.46.0-255,66,214277,41,232761
31139,0.002264,172.31.46.0-255,66,214343,41,232761
31140,0.002268,172.217.194.0-255,2902,217245,41,232761
31141,0.00227,172.31.46.0-255,66,217311,41,232761
31142,0.002275,172.217.194.0-255,4320,221631,41,232761
31143,0.002277,172.31.46.0-255,66,221697,41,232761
31144,0.002317,172.31.46.0-255,66,221763,41,232761
31145,0.004574,172.217.194.0-255,5738,227501,41,232761
31146,0.004581,172.31.46.0-255,66,227567,41,232761
31147,0.006835,172.217.194.0-255,5128,232695,41,232761
31148,0.006842,172.31.46.0-255,66,232761,41,232761
31149,0.0,172.217.194.0-255,153,153,41,295829
31150,1.3e-05,172.31.46.0-255,66,219,41,295829
31151,1.8e-05,172.217.194.0-255,1484,1703,41,295829
31152,2.2e-05,172.31.46.0-255,66,1769,41,295829
31153,3.8e-05,172.217.194.0-255,2902,4671,41,295829
31154,4.1e-05,172.31.46.0-255,66,4737,41,295829
31155,4.5e-05,172.217.194.0-255,2902,7639,41,295829
31156,4.7e-05,172.31.46.0-255,66,7705,41,295829
31157,6.4e-05,172.217.194.0-255,2902,10607,41,295829
31158,6.6e-05,172.31.46.0-255,66,10673,41,295829
31159,8.8e-05,172.217.194.0-255,4804,15477,41,295829
31160,9e-05,172.31.46.0-255,66,15543,41,295829
31161,9.6e-05,172.217.194.0-255,5738,21281,41,295829
31162,9.8e-05,172.31.46.0-255,66,21347,41,295829
31163,0.000146,172.31.46.0-255,66,21413,41,295829
31164,0.000166,172.217.194.0-255,2902,24315,41,295829
31165,0.000168,172.31.46.0-255,66,24381,41,295829
31166,0.000175,172.217.194.0-255,5738,30119,41,295829
31167,0.000178,172.31.46.0-255,66,30185,41,295829
31168,0.000206,172.31.46.0-255,66,30251,41,295829
31169,0.000257,172.217.194.0-255,1484,31735,41,295829
31170,0.000261,172.31.46.0-255,66,31801,41,295829
31171,0.000281,172.217.194.0-255,2902,34703,41,295829
31172,0.000284,172.31.46.0-255,66,34769,41,295829
31173,0.000288,172.217.194.0-255,2902,37671,41,295829
31174,0.000291,172.31.46.0-255,66,37737,41,295829
31175,0.000306,172.217.194.0-255,4320,42057,41,295829
31176,0.000309,172.31.46.0-255,66,42123,41,295829
31177,0.000321,172.217.194.0-255,2902,45025,41,295829
31178,0.000323,172.31.46.0-255,66,45091,41,295829
31179,0.000339,172.217.194.0-255,2848,47939,41,295829
31180,0.000342,172.31.46.0-255,66,48005,41,295829
31181,0.000478,172.217.194.0-255,383,48388,41,295829
31182,0.000515,172.217.194.0-255,1484,49872,41,295829
31183,0.000521,172.31.46.0-255,66,49938,41,295829
31184,0.000539,172.217.194.0-255,4320,54258,41,295829
31185,0.000542,172.31.46.0-255,66,54324,41,295829
31186,0.000568,172.217.194.0-255,5738,60062,41,295829
31187,0.000571,172.31.46.0-255,66,60128,41,295829
31188,0.000602,172.31.46.0-255,66,60194,41,295829
31189,0.000668,172.217.194.0-255,5738,65932,41,295829
31190,0.000672,172.31.46.0-255,66,65998,41,295829
31191,0.000678,172.217.194.0-255,5020,71018,41,295829
31192,0.000681,172.31.46.0-255,66,71084,41,295829
31193,0.001373,172.217.194.0-255,1484,72568,41,295829
31194,0.00138,172.217.194.0-255,2902,75470,41,295829
31195,0.001383,172.31.46.0-255,66,75536,41,295829
31196,0.001388,172.217.194.0-255,2902,78438,41,295829
31197,0.001391,172.31.46.0-255,66,78504,41,295829
31198,0.001406,172.217.194.0-255,2902,81406,41,295829
31199,0.001408,172.31.46.0-255,66,81472,41,295829
31200,0.001428,172.217.194.0-255,5738,87210,41,295829
31201,0.001431,172.31.46.0-255,66,87276,41,295829
31202,0.001457,172.31.46.0-255,66,87342,41,295829
31203,0.001489,172.217.194.0-255,4320,91662,41,295829
31204,0.001492,172.31.46.0-255,66,91728,41,295829
31205,0.001513,172.31.46.0-255,66,91794,41,295829
31206,0.001665,172.217.194.0-255,1484,93278,41,295829
31207,0.001672,172.217.194.0-255,2902,96180,41,295829
31208,0.001675,172.31.46.0-255,66,96246,41,295829
31209,0.001695,172.217.194.0-255,2902,99148,41,295829
31210,0.001698,172.31.46.0-255,66,99214,41,295829
31211,0.00172,172.217.194.0-255,2902,102116,41,295829
31212,0.001723,172.31.46.0-255,66,102182,41,295829
31213,0.001755,172.217.194.0-255,5738,107920,41,295829
31214,0.001758,172.31.46.0-255,66,107986,41,295829
31215,0.001777,172.217.194.0-255,2902,110888,41,295829
31216,0.001779,172.31.46.0-255,66,110954,41,295829
31217,0.001789,172.31.46.0-255,66,111020,41,295829
31218,0.001808,172.217.194.0-255,2902,113922,41,295829
31219,0.001811,172.31.46.0-255,66,113988,41,295829
31220,0.001814,172.217.194.0-255,1484,115472,41,295829
31221,0.001828,172.217.194.0-255,1484,116956,41,295829
31222,0.001831,172.31.46.0-255,66,117022,41,295829
31223,0.00185,172.217.194.0-255,2184,119206,41,295829
31224,0.001853,172.31.46.0-255,66,119272,41,295829
31225,0.001964,172.217.194.0-255,1484,120756,41,295829
31226,0.002006,172.217.194.0-255,2902,123658,41,295829
31227,0.00201,172.31.46.0-255,66,123724,41,295829
31228,0.002031,172.217.194.0-255,5738,129462,41,295829
31229,0.002034,172.31.46.0-255,66,129528,41,295829
31230,0.002054,172.217.194.0-255,2902,132430,41,295829
31231,0.002057,172.31.46.0-255,66,132496,41,295829
31232,0.002082,172.217.194.0-255,2902,135398,41,295829
31233,0.002085,172.31.46.0-255,66,135464,41,295829
31234,0.002103,172.31.46.0-255,66,135530,41,295829
31235,0.00213,172.31.46.0-255,66,135596,41,295829
31236,0.002173,172.217.194.0-255,4320,139916,41,295829
31237,0.002176,172.31.46.0-255,66,139982,41,295829
31238,0.002204,172.31.46.0-255,66,140048,41,295829
31239,0.002259,172.31.46.0-255,66,140114,41,295829
31240,0.002265,172.217.194.0-255,4320,144434,41,295829
31241,0.002267,172.31.46.0-255,66,144500,41,295829
31242,0.002332,172.31.46.0-255,66,144566,41,295829
31243,0.002352,172.217.194.0-255,4320,148886,41,295829
31244,0.002355,172.31.46.0-255,66,148952,41,295829
31245,0.002373,172.217.194.0-255,766,149718,41,295829
31246,0.002473,172.217.194.0-255,1484,151202,41,295829
31247,0.002477,172.31.46.0-255,66,151268,41,295829
31248,0.002506,172.217.194.0-255,2902,154170,41,295829
31249,0.002521,172.31.46.0-255,66,154236,41,295829
31250,0.002526,172.217.194.0-255,4320,158556,41,295829
31251,0.002528,172.31.46.0-255,66,158622,41,295829
31252,0.002555,172.217.194.0-255,1484,160106,41,295829
31253,0.002574,172.217.194.0-255,2902,163008,41,295829
31254,0.002577,172.31.46.0-255,66,163074,41,295829
31255,0.002609,172.217.194.0-255,5738,168812,41,295829
31256,0.002612,172.31.46.0-255,66,168878,41,295829
31257,0.002631,172.217.194.0-255,1484,170362,41,295829
31258,0.002636,172.217.194.0-255,2902,173264,41,295829
31259,0.002638,172.31.46.0-255,66,173330,41,295829
31260,0.00266,172.217.194.0-255,5738,179068,41,295829
31261,0.002662,172.31.46.0-255,66,179134,41,295829
31262,0.002692,172.217.194.0-255,2902,182036,41,295829
31263,0.002695,172.31.46.0-255,66,182102,41,295829
31264,0.002715,172.217.194.0-255,2184,184286,41,295829
31265,0.002717,172.31.46.0-255,66,184352,41,295829
31266,0.00285,172.217.194.0-255,1484,185836,41,295829
31267,0.002895,172.217.194.0-255,2902,188738,41,295829
31268,0.002899,172.31.46.0-255,66,188804,41,295829
31269,0.002904,172.217.194.0-255,4320,193124,41,295829
31270,0.002907,172.31.46.0-255,66,193190,41,295829
31271,0.002927,172.217.194.0-255,1484,194674,41,295829
31272,0.00295,172.217.194.0-255,4320,198994,41,295829
31273,0.002955,172.31.46.0-255,66,199060,41,295829
31274,0.002973,172.217.194.0-255,5738,204798,41,295829
31275,0.002975,172.31.46.0-255,66,204864,41,295829
31276,0.003001,172.217.194.0-255,5738,210602,41,295829
31277,0.003004,172.31.46.0-255,66,210668,41,295829
31278,0.003009,172.217.194.0-255,4320,214988,41,295829
31279,0.003012,172.31.46.0-255,66,215054,41,295829
31280,0.003022,172.217.194.0-255,1484,216538,41,295829
31281,0.003039,172.217.194.0-255,2184,218722,41,295829
31282,0.003041,172.31.46.0-255,66,218788,41,295829
31283,0.003059,172.217.194.0-255,4320,223108,41,295829
31284,0.003061,172.31.46.0-255,66,223174,41,295829
31285,0.003098,172.31.46.0-255,66,223240,41,295829
31286,0.003101,172.217.194.0-255,1484,224724,41,295829
31287,0.00312,172.31.46.0-255,66,224790,41,295829
31288,0.003135,172.217.194.0-255,1484,226274,41,295829
31289,0.003192,172.217.194.0-255,1484,227758,41,295829
31290,0.003195,172.31.46.0-255,66,227824,41,295829
31291,0.003201,172.217.194.0-255,2902,230726,41,295829
31292,0.003203,172.31.46.0-255,66,230792,41,295829
31293,0.003254,172.217.194.0-255,1484,232276,41,295829
31294,0.00326,172.217.194.0-255,2902,235178,41,295829
31295,0.003264,172.31.46.0-255,66,235244,41,295829
31296,0.003267,172.217.194.0-255,1484,236728,41,295829
31297,0.003351,172.217.194.0-255,1484,238212,41,295829
31298,0.003354,172.31.46.0-255,66,238278,41,295829
31299,0.003368,172.217.194.0-255,766,239044,41,295829
31300,0.003877,172.217.194.0-255,1484,240528,41,295829
31301,0.003886,172.31.46.0-255,66,240594,41,295829
31302,0.003903,172.217.194.0-255,2902,243496,41,295829
31303,0.003906,172.31.46.0-255,66,243562,41,295829
31304,0.003909,172.217.194.0-255,1484,245046,41,295829
31305,0.003933,172.217.194.0-255,4320,249366,41,295829
31306,0.003937,172.31.46.0-255,66,249432,41,295829
31307,0.003957,172.217.194.0-255,2902,252334,41,295829
31308,0.00396,172.31.46.0-255,66,252400,41,295829
31309,0.003988,172.31.46.0-255,66,252466,41,295829
31310,0.003996,172.31.46.0-255,66,252532,41,295829
31311,0.00401,172.217.194.0-255,1484,254016,41,295829
31312,0.004047,172.217.194.0-255,2184,256200,41,295829
31313,0.00405,172.31.46.0-255,66,256266,41,295829
31314,0.005303,172.217.194.0-255,1484,257750,41,295829
31315,0.005316,172.217.194.0-255,2902,260652,41,295829
31316,0.005321,172.31.46.0-255,66,260718,41,295829
31317,0.005325,172.217.194.0-255,1484,262202,41,295829
31318,0.005339,172.217.194.0-255,4320,266522,41,295829
31319,0.005341,172.31.46.0-255,66,266588,41,295829
31320,0.005369,172.217.194.0-255,1484,268072,41,295829
31321,0.005373,172.217.194.0-255,2902,270974,41,295829
31322,0.005375,172.31.46.0-255,66,271040,41,295829
31323,0.005396,172.217.194.0-255,1484,272524,41,295829
31324,0.005399,172.217.194.0-255,1484,274008,41,295829
31325,0.0054,172.31.46.0-255,66,274074,41,295829
31326,0.005409,172.217.194.0-255,1484,275558,41,295829
31327,0.005425,172.217.194.0-255,4320,279878,41,295829
31328,0.005427,172.31.46.0-255,66,279944,41,295829
31329,0.005442,172.217.194.0-255,1484,281428,41,295829
31330,0.005459,172.217.194.0-255,2902,284330,41,295829
31331,0.005461,172.31.46.0-255,66,284396,41,295829
31332,0.005477,172.31.46.0-255,66,284462,41,295829
31333,0.005501,172.217.194.0-255,1484,285946,41,295829
31334,0.005505,172.217.194.0-255,2902,288848,41,295829
31335,0.005507,172.31.46.0-255,66,288914,41,295829
31336,0.005529,172.217.194.0-255,5738,294652,41,295829
31337,0.005532,172.31.46.0-255,66,294718,41,295829
31338,0.005534,172.217.194.0-255,738,295456,41,295829
31339,0.005536,172.217.194.0-255,97,295553,41,295829
31340,0.005635,172.217.194.0-255,105,295658,41,295829
31341,0.008984,172.31.46.0-255,66,295724,41,295829
31342,0.009023,172.31.46.0-255,105,295829,41,295829
31343,0.0,74.125.24.0-255,156,156,41,113810
31344,2.3e-05,172.31.46.0-255,66,222,41,113810
31345,3e-05,74.125.24.0-255,1484,1706,41,113810
31346,3.4e-05,172.31.46.0-255,66,1772,41,113810
31347,4.1e-05,74.125.24.0-255,2902,4674,41,113810
31348,5.1e-05,172.31.46.0-255,66,4740,41,113810
31349,6.4e-05,172.31.46.0-255,66,4806,41,113810
31350,6.9e-05,74.125.24.0-255,1966,6772,41,113810
31351,7.2e-05,172.31.46.0-255,66,6838,41,113810
31352,9.6e-05,74.125.24.0-255,1484,8322,41,113810
31353,9.9e-05,172.31.46.0-255,66,8388,41,113810
31354,0.000139,172.31.46.0-255,66,8454,41,113810
31355,0.000157,172.31.46.0-255,66,8520,41,113810
31356,0.000162,74.125.24.0-255,3602,12122,41,113810
31357,0.000165,172.31.46.0-255,66,12188,41,113810
31358,0.000225,74.125.24.0-255,1484,13672,41,113810
31359,0.000228,172.31.46.0-255,66,13738,41,113810
31360,0.000231,74.125.24.0-255,1484,15222,41,113810
31361,0.000233,172.31.46.0-255,66,15288,41,113810
31362,0.000266,74.125.24.0-255,1484,16772,41,113810
31363,0.000268,172.31.46.0-255,66,16838,41,113810
31364,0.000275,74.125.24.0-255,5738,22576,41,113810
31365,0.000278,172.31.46.0-255,66,22642,41,113810
31366,0.00032,172.31.46.0-255,66,22708,41,113810
31367,0.000453,74.125.24.0-255,384,23092,41,113810
31368,0.000457,172.31.46.0-255,66,23158,41,113810
31369,0.000549,74.125.24.0-255,1484,24642,41,113810
31370,0.000553,172.31.46.0-255,66,24708,41,113810
31371,0.000558,74.125.24.0-255,2902,27610,41,113810
31372,0.000561,172.31.46.0-255,66,27676,41,113810
31373,0.000572,74.125.24.0-255,4320,31996,41,113810
31374,0.000575,172.31.46.0-255,66,32062,41,113810
31375,0.000604,74.125.24.0-255,1484,33546,41,113810
31376,0.000621,172.31.46.0-255,66,33612,41,113810
31377,0.00063,172.31.46.0-255,66,33678,41,113810
31378,0.000662,74.125.24.0-255,3602,37280,41,113810
31379,0.000664,172.31.46.0-255,66,37346,41,113810
31380,0.00082,74.125.24.0-255,1484,38830,41,113810
31381,0.000826,74.125.24.0-255,2902,41732,41,113810
31382,0.000829,172.31.46.0-255,66,41798,41,113810
31383,0.000834,74.125.24.0-255,1484,43282,41,113810
31384,0.000865,74.125.24.0-255,4320,47602,41,113810
31385,0.000867,172.31.46.0-255,66,47668,41,113810
31386,0.000884,172.31.46.0-255,66,47734,41,113810
31387,0.000918,172.31.46.0-255,66,47800,41,113810
31388,0.000947,74.125.24.0-255,5020,52820,41,113810
31389,0.00095,172.31.46.0-255,66,52886,41,113810
31390,0.001057,74.125.24.0-255,1484,54370,41,113810
31391,0.001078,74.125.24.0-255,2902,57272,41,113810
31392,0.001081,172.31.46.0-255,66,57338,41,113810
31393,0.001089,74.125.24.0-255,5738,63076,41,113810
31394,0.001091,172.31.46.0-255,66,63142,41,113810
31395,0.001099,74.125.24.0-255,1484,64626,41,113810
31396,0.001129,172.31.46.0-255,66,64692,41,113810
31397,0.00116,172.31.46.0-255,66,64758,41,113810
31398,0.001194,172.31.46.0-255,66,64824,41,113810
31399,0.001212,172.31.46.0-255,66,64890,41,113810
31400,0.001219,74.125.24.0-255,5738,70628,41,113810
31401,0.001221,172.31.46.0-255,66,70694,41,113810
31402,0.001259,172.31.46.0-255,66,70760,41,113810
31403,0.001262,74.125.24.0-255,1484,72244,41,113810
31404,0.001266,74.125.24.0-255,2902,75146,41,113810
31405,0.001268,172.31.46.0-255,66,75212,41,113810
31406,0.001339,74.125.24.0-255,5738,80950,41,113810
31407,0.001342,172.31.46.0-255,66,81016,41,113810
31408,0.001361,172.31.46.0-255,66,81082,41,113810
31409,0.00137,172.31.46.0-255,66,81148,41,113810
31410,0.001375,74.125.24.0-255,3602,84750,41,113810
31411,0.001377,172.31.46.0-255,66,84816,41,113810
31412,0.001713,74.125.24.0-255,1484,86300,41,113810
31413,0.001719,74.125.24.0-255,2902,89202,41,113810
31414,0.001723,172.31.46.0-255,66,89268,41,113810
31415,0.00173,74.125.24.0-255,5738,95006,41,113810
31416,0.001732,172.31.46.0-255,66,95072,41,113810
31417,0.001774,172.31.46.0-255,66,95138,41,113810
31418,0.00178,74.125.24.0-255,4320,99458,41,113810
31419,0.001782,172.31.46.0-255,66,99524,41,113810
31420,0.001822,172.31.46.0-255,66,99590,41,113810
31421,0.001846,172.31.46.0-255,66,99656,41,113810
31422,0.001893,74.125.24.0-255,4320,103976,41,113810
31423,0.001906,172.31.46.0-255,66,104042,41,113810
31424,0.00195,74.125.24.0-255,4320,108362,41,113810
31425,0.001979,172.31.46.0-255,66,108428,41,113810
31426,0.001988,74.125.24.0-255,4320,112748,41,113810
31427,0.001994,172.31.46.0-255,66,112814,41,113810
31428,0.002115,74.125.24.0-255,105,112919,41,113810
31429,0.002129,172.31.46.0-255,66,112985,41,113810
31430,0.002132,74.125.24.0-255,129,113114,41,113810
31431,0.004748,172.31.46.0-255,105,113219,41,113810
31432,0.004785,172.31.46.0-255,105,113324,41,113810
31433,0.005058,172.31.46.0-255,90,113414,41,113810
31434,0.005069,172.31.46.0-255,66,113480,41,113810
31435,0.007055,74.125.24.0-255,66,113546,41,113810
31436,0.007075,74.125.24.0-255,66,113612,41,113810
31437,0.00736,74.125.24.0-255,66,113678,41,113810
31438,0.007392,74.125.24.0-255,66,113744,41,113810
31439,0.007398,172.31.46.0-255,66,113810,41,113810
31440,0.0,172.31.46.0-255,105,105,41,459
31441,0.000451,172.31.46.0-255,90,195,41,459
31442,0.000461,172.31.46.0-255,66,261,41,459
31443,0.002994,74.125.24.0-255,66,327,41,459
31444,0.003022,74.125.24.0-255,66,393,41,459
31445,0.003041,172.31.46.0-255,66,459,41,459
31446,0.0,74.125.68.0-255,152,152,41,109136
31447,2.4e-05,172.31.46.0-255,66,218,41,109136
31448,3.2e-05,74.125.68.0-255,1484,1702,41,109136
31449,3.7e-05,172.31.46.0-255,66,1768,41,109136
31450,4.9e-05,74.125.68.0-255,2902,4670,41,109136
31451,5.3e-05,172.31.46.0-255,66,4736,41,109136
31452,5.6e-05,74.125.68.0-255,1484,6220,41,109136
31453,5.9e-05,172.31.46.0-255,66,6286,41,109136
31454,7.9e-05,74.125.68.0-255,2902,9188,41,109136
31455,8.5e-05,172.31.46.0-255,66,9254,41,109136
31456,9.1e-05,74.125.68.0-255,2902,12156,41,109136
31457,9.3e-05,172.31.46.0-255,66,12222,41,109136
31458,0.000117,74.125.68.0-255,2092,14314,41,109136
31459,0.00012,172.31.46.0-255,66,14380,41,109136
31460,0.000255,74.125.68.0-255,1484,15864,41,109136
31461,0.000259,172.31.46.0-255,66,15930,41,109136
31462,0.000264,74.125.68.0-255,1484,17414,41,109136
31463,0.000266,172.31.46.0-255,66,17480,41,109136
31464,0.000291,74.125.68.0-255,1484,18964,41,109136
31465,0.000297,172.31.46.0-255,66,19030,41,109136
31466,0.000305,74.125.68.0-255,5738,24768,41,109136
31467,0.000307,172.31.46.0-255,66,24834,41,109136
31468,0.000312,74.125.68.0-255,2902,27736,41,109136
31469,0.000314,172.31.46.0-255,66,27802,41,109136
31470,0.000369,74.125.68.0-255,3961,31763,41,109136
31471,0.000372,172.31.46.0-255,66,31829,41,109136
31472,0.000652,74.125.68.0-255,1484,33313,41,109136
31473,0.000659,172.31.46.0-255,66,33379,41,109136
31474,0.000689,74.125.68.0-255,2902,36281,41,109136
31475,0.000692,172.31.46.0-255,66,36347,41,109136
31476,0.000699,74.125.68.0-255,5738,42085,41,109136
31477,0.000701,172.31.46.0-255,66,42151,41,109136
31478,0.000706,74.125.68.0-255,2902,45053,41,109136
31479,0.000713,172.31.46.0-255,66,45119,41,109136
31480,0.000718,74.125.68.0-255,3961,49080,41,109136
31481,0.000721,172.31.46.0-255,66,49146,41,109136
31482,0.00075,74.125.68.0-255,5738,54884,41,109136
31483,0.000753,172.31.46.0-255,66,54950,41,109136
31484,0.000779,74.125.68.0-255,2902,57852,41,109136
31485,0.000781,172.31.46.0-255,66,57918,41,109136
31486,0.000786,74.125.68.0-255,2902,60820,41,109136
31487,0.000788,172.31.46.0-255,66,60886,41,109136
31488,0.000822,74.125.68.0-255,5653,66539,41,109136
31489,0.000826,172.31.46.0-255,66,66605,41,109136
31490,0.00108,74.125.68.0-255,130,66735,41,109136
31491,0.001174,172.31.46.0-255,66,66801,41,109136
31492,0.001215,74.125.68.0-255,1484,68285,41,109136
31493,0.001228,74.125.68.0-255,2902,71187,41,109136
31494,0.001231,172.31.46.0-255,66,71253,41,109136
31495,0.00126,74.125.68.0-255,5738,76991,41,109136
31496,0.001262,172.31.46.0-255,66,77057,41,109136
31497,0.001267,74.125.68.0-255,2902,79959,41,109136
31498,0.001269,172.31.46.0-255,66,80025,41,109136
31499,0.001274,74.125.68.0-255,2902,82927,41,109136
31500,0.001276,172.31.46.0-255,66,82993,41,109136
31501,0.001301,74.125.68.0-255,1484,84477,41,109136
31502,0.001311,172.31.46.0-255,66,84543,41,109136
31503,0.001337,74.125.68.0-255,4320,88863,41,109136
31504,0.001339,172.31.46.0-255,66,88929,41,109136
31505,0.001364,74.125.68.0-255,2902,91831,41,109136
31506,0.001367,172.31.46.0-255,66,91897,41,109136
31507,0.00137,74.125.68.0-255,1047,92944,41,109136
31508,0.001645,172.31.46.0-255,66,93010,41,109136
31509,0.003656,74.125.68.0-255,1484,94494,41,109136
31510,0.003679,74.125.68.0-255,2902,97396,41,109136
31511,0.003684,172.31.46.0-255,66,97462,41,109136
31512,0.003965,74.125.68.0-255,1484,98946,41,109136
31513,0.005999,74.125.68.0-255,4320,103266,41,109136
31514,0.006006,172.31.46.0-255,66,103332,41,109136
31515,0.008329,74.125.68.0-255,5738,109070,41,109136
31516,0.008335,172.31.46.0-255,66,109136,41,109136
31517,0.0,172.217.194.0-255,153,153,41,97374
31518,2.2e-05,172.31.46.0-255,66,219,41,97374
31519,3e-05,172.217.194.0-255,1484,1703,41,97374
31520,3.5e-05,172.31.46.0-255,66,1769,41,97374
31521,4.1e-05,172.217.194.0-255,2902,4671,41,97374
31522,5.3e-05,172.31.46.0-255,66,4737,41,97374
31523,6e-05,172.217.194.0-255,5738,10475,41,97374
31524,6.3e-05,172.31.46.0-255,66,10541,41,97374
31525,7.6e-05,172.31.46.0-255,66,10607,41,97374
31526,0.000115,172.217.194.0-255,3495,14102,41,97374
31527,0.000118,172.31.46.0-255,66,14168,41,97374
31528,0.000128,172.31.46.0-255,66,14234,41,97374
31529,0.000207,172.217.194.0-255,1484,15718,41,97374
31530,0.000209,172.31.46.0-255,66,15784,41,97374
31531,0.000214,172.217.194.0-255,2902,18686,41,97374
31532,0.000217,172.31.46.0-255,66,18752,41,97374
31533,0.000266,172.217.194.0-255,5738,24490,41,97374
31534,0.000269,172.31.46.0-255,66,24556,41,97374
31535,0.000278,172.31.46.0-255,66,24622,41,97374
31536,0.000288,172.217.194.0-255,4320,28942,41,97374
31537,0.00029,172.31.46.0-255,66,29008,41,97374
31538,0.000329,172.31.46.0-255,66,29074,41,97374
31539,0.000338,172.217.194.0-255,2543,31617,41,97374
31540,0.00034,172.31.46.0-255,66,31683,41,97374
31541,0.000361,172.217.194.0-255,378,32061,41,97374
31542,0.000363,172.31.46.0-255,66,32127,41,97374
31543,0.000455,172.217.194.0-255,365,32492,41,97374
31544,0.000458,172.31.46.0-255,66,32558,41,97374
31545,0.000753,172.217.194.0-255,1484,34042,41,97374
31546,0.00076,172.217.194.0-255,2902,36944,41,97374
31547,0.000763,172.31.46.0-255,66,37010,41,97374
31548,0.000768,172.217.194.0-255,2902,39912,41,97374
31549,0.00077,172.31.46.0-255,66,39978,41,97374
31550,0.000805,172.217.194.0-255,2902,42880,41,97374
31551,0.000808,172.31.46.0-255,66,42946,41,97374
31552,0.000821,172.217.194.0-255,1484,44430,41,97374
31553,0.000832,172.31.46.0-255,66,44496,41,97374
31554,0.000873,172.31.46.0-255,66,44562,41,97374
31555,0.001227,172.217.194.0-255,1484,46046,41,97374
31556,0.001232,172.217.194.0-255,2902,48948,41,97374
31557,0.001236,172.31.46.0-255,66,49014,41,97374
31558,0.001239,172.217.194.0-255,1484,50498,41,97374
31559,0.001272,172.217.194.0-255,4320,54818,41,97374
31560,0.001278,172.217.194.0-255,4320,59138,41,97374
31561,0.001309,172.31.46.0-255,66,59204,41,97374
31562,0.001346,172.31.46.0-255,66,59270,41,97374
31563,0.001374,172.217.194.0-255,3602,62872,41,97374
31564,0.001384,172.31.46.0-255,66,62938,41,97374
31565,0.001406,172.217.194.0-255,1484,64422,41,97374
31566,0.00141,172.217.194.0-255,2902,67324,41,97374
31567,0.00142,172.31.46.0-255,66,67390,41,97374
31568,0.001433,172.217.194.0-255,5738,73128,41,97374
31569,0.001458,172.217.194.0-255,5738,78866,41,97374
31570,0.001463,172.31.46.0-255,66,78932,41,97374
31571,0.001519,172.217.194.0-255,2184,81116,41,97374
31572,0.001535,172.31.46.0-255,66,81182,41,97374
31573,0.003869,172.217.194.0-255,1484,82666,41,97374
31574,0.003901,172.217.194.0-255,4320,86986,41,97374
31575,0.003906,172.31.46.0-255,66,87052,41,97374
31576,0.006282,172.217.194.0-255,4320,91372,41,97374
31577,0.006285,172.31.46.0-255,66,91438,41,97374
31578,0.006303,172.217.194.0-255,1484,92922,41,97374
31579,0.008659,172.217.194.0-255,2902,95824,41,97374
31580,0.008666,172.31.46.0-255,66,95890,41,97374
31581,0.008699,172.217.194.0-255,1484,97374,41,97374
31582,0.0,172.217.194.0-255,145,145,41,174810
31583,2.7e-05,172.31.46.0-255,66,211,41,174810
31584,3.4e-05,172.217.194.0-255,1484,1695,41,174810
31585,3.8e-05,172.31.46.0-255,66,1761,41,174810
31586,5.7e-05,172.217.194.0-255,2902,4663,41,174810
31587,6.1e-05,172.31.46.0-255,66,4729,41,174810
31588,6.6e-05,172.217.194.0-255,2902,7631,41,174810
31589,6.9e-05,172.31.46.0-255,66,7697,41,174810
31590,8.2e-05,172.31.46.0-255,66,7763,41,174810
31591,0.00013,172.31.46.0-255,66,7829,41,174810
31592,0.000138,172.217.194.0-255,5379,13208,41,174810
31593,0.00014,172.31.46.0-255,66,13274,41,174810
31594,0.000186,172.217.194.0-255,2902,16176,41,174810
31595,0.000189,172.31.46.0-255,66,16242,41,174810
31596,0.000194,172.217.194.0-255,2902,19144,41,174810
31597,0.000196,172.31.46.0-255,66,19210,41,174810
31598,0.000221,172.217.194.0-255,1484,20694,41,174810
31599,0.000223,172.31.46.0-255,66,20760,41,174810
31600,0.000238,172.31.46.0-255,66,20826,41,174810
31601,0.000245,172.217.194.0-255,5738,26564,41,174810
31602,0.000247,172.31.46.0-255,66,26630,41,174810
31603,0.000273,172.217.194.0-255,4320,30950,41,174810
31604,0.000276,172.31.46.0-255,66,31016,41,174810
31605,0.000304,172.31.46.0-255,66,31082,41,174810
31606,0.000331,172.217.194.0-255,2902,33984,41,174810
31607,0.000335,172.31.46.0-255,66,34050,41,174810
31608,0.000358,172.217.194.0-255,5738,39788,41,174810
31609,0.000361,172.31.46.0-255,66,39854,41,174810
31610,0.000367,172.217.194.0-255,5738,45592,41,174810
31611,0.000369,172.31.46.0-255,66,45658,41,174810
31612,0.00039,172.217.194.0-255,2262,47920,41,174810
31613,0.000393,172.31.46.0-255,66,47986,41,174810
31614,0.000609,172.217.194.0-255,1484,49470,41,174810
31615,0.000615,172.31.46.0-255,66,49536,41,174810
31616,0.000621,172.217.194.0-255,2902,52438,41,174810
31617,0.000624,172.31.46.0-255,66,52504,41,174810
31618,0.000633,172.217.194.0-255,2902,55406,41,174810
31619,0.000636,172.31.46.0-255,66,55472,41,174810
31620,0.000664,172.217.194.0-255,2902,58374,41,174810
31621,0.000666,172.31.46.0-255,66,58440,41,174810
31622,0.000677,172.31.46.0-255,66,58506,41,174810
31623,0.000729,172.31.46.0-255,66,58572,41,174810
31624,0.00076,172.217.194.0-255,2184,60756,41,174810
31625,0.000762,172.31.46.0-255,66,60822,41,174810
31626,0.000779,172.217.194.0-255,1484,62306,41,174810
31627,0.000784,172.217.194.0-255,1484,63790,41,174810
31628,0.0008,172.217.194.0-255,1484,65274,41,174810
31629,0.000806,172.217.194.0-255,5738,71012,41,174810
31630,0.000809,172.31.46.0-255,66,71078,41,174810
31631,0.000814,172.31.46.0-255,66,71144,41,174810
31632,0.000856,172.217.194.0-255,5738,76882,41,174810
31633,0.000886,172.217.194.0-255,2184,79066,41,174810
31634,0.000891,172.31.46.0-255,66,79132,41,174810
31635,0.000942,172.217.194.0-255,1484,80616,41,174810
31636,0.000948,172.217.194.0-255,2902,83518,41,174810
31637,0.000965,172.31.46.0-255,66,83584,41,174810
31638,0.000976,172.217.194.0-255,5738,89322,41,174810
31639,0.001008,172.31.46.0-255,66,89388,41,174810
31640,0.001106,172.217.194.0-255,1484,90872,41,174810
31641,0.00111,172.217.194.0-255,2902,93774,41,174810
31642,0.001127,172.217.194.0-255,5738,99512,41,174810
31643,0.001131,172.217.194.0-255,2902,102414,41,174810
31644,0.001136,172.31.46.0-255,66,102480,41,174810
31645,0.001145,172.217.194.0-255,1484,103964,41,174810
31646,0.001162,172.217.194.0-255,4320,108284,41,174810
31647,0.001192,172.217.194.0-255,5738,114022,41,174810
31648,0.0012,172.31.46.0-255,66,114088,41,174810
31649,0.00121,172.217.194.0-255,3602,117690,41,174810
31650,0.001234,172.31.46.0-255,66,117756,41,174810
31651,0.001243,172.217.194.0-255,4320,122076,41,174810
31652,0.001295,172.217.194.0-255,5020,127096,41,174810
31653,0.001298,172.31.46.0-255,66,127162,41,174810
31654,0.001303,172.31.46.0-255,66,127228,41,174810
31655,0.001364,172.217.194.0-255,1484,128712,41,174810
31656,0.001373,172.217.194.0-255,1484,130196,41,174810
31657,0.001395,172.217.194.0-255,1484,131680,41,174810
31658,0.001401,172.217.194.0-255,5738,137418,41,174810
31659,0.001405,172.217.194.0-255,4320,141738,41,174810
31660,0.001408,172.31.46.0-255,66,141804,41,174810
31661,0.001415,172.31.46.0-255,66,141870,41,174810
31662,0.001448,172.217.194.0-255,5738,147608,41,174810
31663,0.001476,172.217.194.0-255,5020,152628,41,174810
31664,0.001482,172.31.46.0-255,66,152694,41,174810
31665,0.00149,172.217.194.0-255,1484,154178,41,174810
31666,0.001523,172.217.194.0-255,4320,158498,41,174810
31667,0.00154,172.217.194.0-255,5738,164236,41,174810
31668,0.001546,172.31.46.0-255,66,164302,41,174810
31669,0.001561,172.217.194.0-255,2902,167204,41,174810
31670,0.001579,172.217.194.0-255,1484,168688,41,174810
31671,0.001591,172.31.46.0-255,66,168754,41,174810
31672,0.001635,172.217.194.0-255,4320,173074,41,174810
31673,0.001658,172.31.46.0-255,66,173140,41,174810
31674,0.001732,172.31.46.0-255,66,173206,41,174810
31675,0.001786,172.217.194.0-255,1196,174402,41,174810
31676,0.001807,172.31.46.0-255,66,174468,41,174810
31677,0.001818,172.217.194.0-255,105,174573,41,174810
31678,0.004669,172.31.46.0-255,66,174639,41,174810
31679,0.004707,172.31.46.0-255,105,174744,41,174810
31680,0.00695,172.217.194.0-255,66,174810,41,174810
31681,0.0,74.125.24.0-255,146,146,41,73849
31682,2e-05,172.31.46.0-255,66,212,41,73849
31683,2.7e-05,74.125.24.0-255,1484,1696,41,73849
31684,3.1e-05,172.31.46.0-255,66,1762,41,73849
31685,3.6e-05,74.125.24.0-255,2902,4664,41,73849
31686,4e-05,172.31.46.0-255,66,4730,41,73849
31687,5e-05,172.31.46.0-255,66,4796,41,73849
31688,6.5e-05,74.125.24.0-255,1977,6773,41,73849
31689,6.7e-05,172.31.46.0-255,66,6839,41,73849
31690,0.00017,74.125.24.0-255,1484,8323,41,73849
31691,0.000173,172.31.46.0-255,66,8389,41,73849
31692,0.000178,74.125.24.0-255,2902,11291,41,73849
31693,0.000181,172.31.46.0-255,66,11357,41,73849
31694,0.000183,74.125.24.0-255,1484,12841,41,73849
31695,0.000185,172.31.46.0-255,66,12907,41,73849
31696,0.000201,74.125.24.0-255,4320,17227,41,73849
31697,0.000203,172.31.46.0-255,66,17293,41,73849
31698,0.00023,172.31.46.0-255,66,17359,41,73849
31699,0.00024,172.31.46.0-255,66,17425,41,73849
31700,0.000262,74.125.24.0-255,2902,20327,41,73849
31701,0.000265,172.31.46.0-255,66,20393,41,73849
31702,0.000281,172.31.46.0-255,66,20459,41,73849
31703,0.000306,172.31.46.0-255,66,20525,41,73849
31704,0.000309,74.125.24.0-255,441,20966,41,73849
31705,0.000311,172.31.46.0-255,66,21032,41,73849
31706,0.000383,74.125.24.0-255,335,21367,41,73849
31707,0.000386,172.31.46.0-255,66,21433,41,73849
31708,0.000819,74.125.24.0-255,1484,22917,41,73849
31709,0.00084,74.125.24.0-255,2902,25819,41,73849
31710,0.000845,172.31.46.0-255,66,25885,41,73849
31711,0.000853,74.125.24.0-255,5738,31623,41,73849
31712,0.000859,74.125.24.0-255,5738,37361,41,73849
31713,0.000904,172.31.46.0-255,66,37427,41,73849
31714,0.000919,74.125.24.0-255,2184,39611,41,73849
31715,0.000936,172.31.46.0-255,66,39677,41,73849
31716,0.001955,74.125.24.0-255,1484,41161,41,73849
31717,0.001966,74.125.24.0-255,2902,44063,41,73849
31718,0.001971,172.31.46.0-255,66,44129,41,73849
31719,0.001979,74.125.24.0-255,5738,49867,41,73849
31720,0.001984,74.125.24.0-255,2902,52769,41,73849
31721,0.001999,74.125.24.0-255,4320,57089,41,73849
31722,0.002003,74.125.24.0-255,2902,59991,41,73849
31723,0.002035,74.125.24.0-255,2184,62175,41,73849
31724,0.004434,172.31.46.0-255,66,62241,41,73849
31725,0.006793,74.125.24.0-255,5738,67979,41,73849
31726,0.006797,172.31.46.0-255,66,68045,41,73849
31727,0.009154,74.125.24.0-255,5738,73783,41,73849
31728,0.009161,172.31.46.0-255,66,73849,41,73849
31729,0.0,74.125.68.0-255,293,293,41,216907
31730,2.3e-05,172.31.46.0-255,66,359,41,216907
31731,3e-05,74.125.68.0-255,1484,1843,41,216907
31732,4.2e-05,172.31.46.0-255,66,1909,41,216907
31733,5.6e-05,74.125.68.0-255,4320,6229,41,216907
31734,5.9e-05,172.31.46.0-255,66,6295,41,216907
31735,6.5e-05,74.125.68.0-255,4320,10615,41,216907
31736,6.8e-05,172.31.46.0-255,66,10681,41,216907
31737,0.00011,74.125.68.0-255,4731,15412,41,216907
31738,0.000125,172.31.46.0-255,66,15478,41,216907
31739,0.000128,74.125.68.0-255,1484,16962,41,216907
31740,0.000131,172.31.46.0-255,66,17028,41,216907
31741,0.000148,74.125.68.0-255,2902,19930,41,216907
31742,0.000151,172.31.46.0-255,66,19996,41,216907
31743,0.000156,74.125.68.0-255,2902,22898,41,216907
31744,0.000159,172.31.46.0-255,66,22964,41,216907
31745,0.000165,74.125.68.0-255,4320,27284,41,216907
31746,0.000168,172.31.46.0-255,66,27350,41,216907
31747,0.000203,74.125.68.0-255,3961,31311,41,216907
31748,0.000206,172.31.46.0-255,66,31377,41,216907
31749,0.000323,74.125.68.0-255,1484,32861,41,216907
31750,0.000327,172.31.46.0-255,66,32927,41,216907
31751,0.000335,74.125.68.0-255,2902,35829,41,216907
31752,0.000338,172.31.46.0-255,66,35895,41,216907
31753,0.000376,74.125.68.0-255,1484,37379,41,216907
31754,0.000378,172.31.46.0-255,66,37445,41,216907
31755,0.000384,74.125.68.0-255,2902,40347,41,216907
31756,0.000386,172.31.46.0-255,66,40413,41,216907
31757,0.000397,74.125.68.0-255,5738,46151,41,216907
31758,0.0004,172.31.46.0-255,66,46217,41,216907
31759,0.000431,74.125.68.0-255,5379,51596,41,216907
31760,0.000433,172.31.46.0-255,66,51662,41,216907
31761,0.000456,74.125.68.0-255,5738,57400,41,216907
31762,0.000459,172.31.46.0-255,66,57466,41,216907
31763,0.000491,74.125.68.0-255,4320,61786,41,216907
31764,0.000493,172.31.46.0-255,66,61852,41,216907
31765,0.000523,74.125.68.0-255,4271,66123,41,216907
31766,0.000526,172.31.46.0-255,66,66189,41,216907
31767,0.000529,74.125.68.0-255,108,66297,41,216907
31768,0.000568,74.125.68.0-255,334,66631,41,216907
31769,0.000901,74.125.68.0-255,1484,68115,41,216907
31770,0.000906,74.125.68.0-255,1484,69599,41,216907
31771,0.000911,172.31.46.0-255,66,69665,41,216907
31772,0.000921,74.125.68.0-255,1484,71149,41,216907
31773,0.000923,172.31.46.0-255,66,71215,41,216907
31774,0.000926,74.125.68.0-255,1484,72699,41,216907
31775,0.000956,74.125.68.0-255,4320,77019,41,216907
31776,0.000959,172.31.46.0-255,66,77085,41,216907
31777,0.001,172.31.46.0-255,66,77151,41,216907
31778,0.00102,172.31.46.0-255,66,77217,41,216907
31779,0.001373,74.125.68.0-255,1484,78701,41,216907
31780,0.001381,74.125.68.0-255,2902,81603,41,216907
31781,0.001385,172.31.46.0-255,66,81669,41,216907
31782,0.001418,74.125.68.0-255,5738,87407,41,216907
31783,0.001421,172.31.46.0-255,66,87473,41,216907
31784,0.001427,74.125.68.0-255,2902,90375,41,216907
31785,0.001429,172.31.46.0-255,66,90441,41,216907
31786,0.00146,74.125.68.0-255,4320,94761,41,216907
31787,0.001463,172.31.46.0-255,66,94827,41,216907
31788,0.001468,74.125.68.0-255,2902,97729,41,216907
31789,0.00147,172.31.46.0-255,66,97795,41,216907
31790,0.001491,74.125.68.0-255,2902,100697,41,216907
31791,0.001493,172.31.46.0-255,66,100763,41,216907
31792,0.00152,74.125.68.0-255,5738,106501,41,216907
31793,0.001528,172.31.46.0-255,66,106567,41,216907
31794,0.001552,74.125.68.0-255,1484,108051,41,216907
31795,0.001568,74.125.68.0-255,3602,111653,41,216907
31796,0.001571,172.31.46.0-255,66,111719,41,216907
31797,0.001654,74.125.68.0-255,1484,113203,41,216907
31798,0.001657,74.125.68.0-255,1484,114687,41,216907
31799,0.00166,172.31.46.0-255,66,114753,41,216907
31800,0.001693,74.125.68.0-255,2902,117655,41,216907
31801,0.001696,172.31.46.0-255,66,117721,41,216907
31802,0.001704,74.125.68.0-255,5738,123459,41,216907
31803,0.001706,172.31.46.0-255,66,123525,41,216907
31804,0.001724,74.125.68.0-255,5738,129263,41,216907
31805,0.001731,172.31.46.0-255,66,129329,41,216907
31806,0.001744,74.125.68.0-255,2902,132231,41,216907
31807,0.001746,172.31.46.0-255,66,132297,41,216907
31808,0.001763,172.31.46.0-255,66,132363,41,216907
31809,0.001768,74.125.68.0-255,3602,135965,41,216907
31810,0.001771,172.31.46.0-255,66,136031,41,216907
31811,0.001898,74.125.68.0-255,1484,137515,41,216907
31812,0.001924,74.125.68.0-255,2902,140417,41,216907
31813,0.001929,74.125.68.0-255,4320,144737,41,216907
31814,0.001934,172.31.46.0-255,66,144803,41,216907
31815,0.001941,172.31.46.0-255,66,144869,41,216907
31816,0.001955,74.125.68.0-255,2902,147771,41,216907
31817,0.001957,172.31.46.0-255,66,147837,41,216907
31818,0.00199,74.125.68.0-255,5738,153575,41,216907
31819,0.001992,172.31.46.0-255,66,153641,41,216907
31820,0.002005,74.125.68.0-255,5738,159379,41,216907
31821,0.002007,172.31.46.0-255,66,159445,41,216907
31822,0.002017,172.31.46.0-255,66,159511,41,216907
31823,0.002022,74.125.68.0-255,3602,163113,41,216907
31824,0.002025,172.31.46.0-255,66,163179,41,216907
31825,0.002145,74.125.68.0-255,1484,164663,41,216907
31826,0.00215,74.125.68.0-255,1484,166147,41,216907
31827,0.002153,172.31.46.0-255,66,166213,41,216907
31828,0.002179,74.125.68.0-255,1484,167697,41,216907
31829,0.002182,74.125.68.0-255,1484,169181,41,216907
31830,0.002185,172.31.46.0-255,66,169247,41,216907
31831,0.002192,74.125.68.0-255,2902,172149,41,216907
31832,0.002194,172.31.46.0-255,66,172215,41,216907
31833,0.002205,74.125.68.0-255,5738,177953,41,216907
31834,0.002207,172.31.46.0-255,66,178019,41,216907
31835,0.002252,172.31.46.0-255,66,178085,41,216907
31836,0.002257,74.125.68.0-255,4320,182405,41,216907
31837,0.002259,172.31.46.0-255,66,182471,41,216907
31838,0.002283,74.125.68.0-255,5738,188209,41,216907
31839,0.00229,172.31.46.0-255,66,188275,41,216907
31840,0.002294,74.125.68.0-255,2184,190459,41,216907
31841,0.002297,172.31.46.0-255,66,190525,41,216907
31842,0.002301,74.125.68.0-255,2902,193427,41,216907
31843,0.002304,172.31.46.0-255,66,193493,41,216907
31844,0.002315,172.31.46.0-255,66,193559,41,216907
31845,0.00233,74.125.68.0-255,5738,199297,41,216907
31846,0.002333,172.31.46.0-255,66,199363,41,216907
31847,0.004647,74.125.68.0-255,5738,205101,41,216907
31848,0.004661,172.31.46.0-255,66,205167,41,216907
31849,0.006978,74.125.68.0-255,5738,210905,41,216907
31850,0.006986,172.31.46.0-255,66,210971,41,216907
31851,0.0093,74.125.68.0-255,2902,213873,41,216907
31852,0.009307,172.31.46.0-255,66,213939,41,216907
31853,0.00934,74.125.68.0-255,2902,216841,41,216907
31854,0.009344,172.31.46.0-255,66,216907,41,216907
31855,0.0,172.217.194.0-255,156,156,41,157568
31856,2.2e-05,172.31.46.0-255,66,222,41,157568
31857,2.8e-05,172.217.194.0-255,1484,1706,41,157568
31858,3.4e-05,172.31.46.0-255,66,1772,41,157568
31859,4.7e-05,172.217.194.0-255,2902,4674,41,157568
31860,5e-05,172.31.46.0-255,66,4740,41,157568
31861,6.2e-05,172.31.46.0-255,66,4806,41,157568
31862,6.4e-05,172.217.194.0-255,1484,6290,41,157568
31863,6.7e-05,172.31.46.0-255,66,6356,41,157568
31864,9.6e-05,172.217.194.0-255,701,7057,41,157568
31865,9.8e-05,172.31.46.0-255,66,7123,41,157568
31866,0.00012,172.217.194.0-255,1484,8607,41,157568
31867,0.000122,172.31.46.0-255,66,8673,41,157568
31868,0.000126,172.217.194.0-255,1484,10157,41,157568
31869,0.000128,172.31.46.0-255,66,10223,41,157568
31870,0.000161,172.217.194.0-255,2902,13125,41,157568
31871,0.000163,172.31.46.0-255,66,13191,41,157568
31872,0.000175,172.31.46.0-255,66,13257,41,157568
31873,0.000177,172.217.194.0-255,1125,14382,41,157568
31874,0.000179,172.31.46.0-255,66,14448,41,157568
31875,0.000227,172.31.46.0-255,66,14514,41,157568
31876,0.000232,172.217.194.0-255,3961,18475,41,157568
31877,0.000235,172.31.46.0-255,66,18541,41,157568
31878,0.000273,172.217.194.0-255,1484,20025,41,157568
31879,0.000276,172.31.46.0-255,66,20091,41,157568
31880,0.00028,172.217.194.0-255,2902,22993,41,157568
31881,0.000282,172.31.46.0-255,66,23059,41,157568
31882,0.000288,172.217.194.0-255,4320,27379,41,157568
31883,0.000291,172.31.46.0-255,66,27445,41,157568
31884,0.000313,172.217.194.0-255,1484,28929,41,157568
31885,0.000344,172.217.194.0-255,677,29606,41,157568
31886,0.000508,172.217.194.0-255,1484,31090,41,157568
31887,0.000513,172.217.194.0-255,1484,32574,41,157568
31888,0.000524,172.217.194.0-255,1484,34058,41,157568
31889,0.000532,172.217.194.0-255,5738,39796,41,157568
31890,0.000555,172.217.194.0-255,2902,42698,41,157568
31891,0.000573,172.217.194.0-255,5738,48436,41,157568
31892,0.000586,172.217.194.0-255,4320,52756,41,157568
31893,0.000597,172.217.194.0-255,766,53522,41,157568
31894,0.000623,172.31.46.0-255,66,53588,41,157568
31895,0.000735,172.217.194.0-255,1484,55072,41,157568
31896,0.000741,172.217.194.0-255,2902,57974,41,157568
31897,0.000757,172.31.46.0-255,66,58040,41,157568
31898,0.000764,172.217.194.0-255,5738,63778,41,157568
31899,0.000779,172.217.194.0-255,1484,65262,41,157568
31900,0.000781,172.31.46.0-255,66,65328,41,157568
31901,0.000792,172.217.194.0-255,1484,66812,41,157568
31902,0.000801,172.217.194.0-255,4320,71132,41,157568
31903,0.000826,172.31.46.0-255,66,71198,41,157568
31904,0.000851,172.31.46.0-255,66,71264,41,157568
31905,0.000931,172.217.194.0-255,1484,72748,41,157568
31906,0.000935,172.217.194.0-255,2902,75650,41,157568
31907,0.000942,172.31.46.0-255,66,75716,41,157568
31908,0.000958,172.217.194.0-255,5738,81454,41,157568
31909,0.000961,172.217.194.0-255,1484,82938,41,157568
31910,0.000967,172.31.46.0-255,66,83004,41,157568
31911,0.001027,172.217.194.0-255,766,83770,41,157568
31912,0.00103,172.217.194.0-255,1484,85254,41,157568
31913,0.001033,172.31.46.0-255,66,85320,41,157568
31914,0.001038,172.31.46.0-255,66,85386,41,157568
31915,0.001061,172.217.194.0-255,4320,89706,41,157568
31916,0.001066,172.217.194.0-255,2902,92608,41,157568
31917,0.001078,172.31.46.0-255,66,92674,41,157568
31918,0.001111,172.31.46.0-255,66,92740,41,157568
31919,0.001139,172.217.194.0-255,2902,95642,41,157568
31920,0.001175,172.31.46.0-255,66,95708,41,157568
31921,0.001178,172.217.194.0-255,1484,97192,41,157568
31922,0.0012,172.217.194.0-255,2902,100094,41,157568
31923,0.001207,172.217.194.0-255,5738,105832,41,157568
31924,0.001226,172.31.46.0-255,66,105898,41,157568
31925,0.001259,172.31.46.0-255,66,105964,41,157568
31926,0.001296,172.217.194.0-255,2902,108866,41,157568
31927,0.001322,172.31.46.0-255,66,108932,41,157568
31928,0.00135,172.217.194.0-255,1484,110416,41,157568
31929,0.001356,172.217.194.0-255,2902,113318,41,157568
31930,0.001362,172.217.194.0-255,5738,119056,41,157568
31931,0.001375,172.217.194.0-255,1484,120540,41,157568
31932,0.00138,172.31.46.0-255,66,120606,41,157568
31933,0.001451,172.217.194.0-255,3602,124208,41,157568
31934,0.001455,172.31.46.0-255,66,124274,41,157568
31935,0.001465,172.31.46.0-255,66,124340,41,157568
31936,0.001476,172.217.194.0-255,1484,125824,41,157568
31937,0.001525,172.31.46.0-255,66,125890,41,157568
31938,0.001531,172.217.194.0-255,5738,131628,41,157568
31939,0.001627,172.217.194.0-255,5738,137366,41,157568
31940,0.001633,172.217.194.0-255,5738,143104,41,157568
31941,0.001638,172.217.194.0-255,3602,146706,41,157568
31942,0.001657,172.217.194.0-255,4320,151026,41,157568
31943,0.001659,172.31.46.0-255,66,151092,41,157568
31944,0.001664,172.31.46.0-255,66,151158,41,157568
31945,0.001701,172.217.194.0-255,1484,152642,41,157568
31946,0.001733,172.31.46.0-255,66,152708,41,157568
31947,0.001797,172.217.194.0-255,1484,154192,41,157568
31948,0.001803,172.31.46.0-255,66,154258,41,157568
31949,0.001848,172.217.194.0-255,2902,157160,41,157568
31950,0.001857,172.31.46.0-255,66,157226,41,157568
31951,0.001881,172.217.194.0-255,105,157331,41,157568
31952,0.001909,172.31.46.0-255,66,157397,41,157568
31953,0.004748,172.31.46.0-255,105,157502,41,157568
31954,0.007033,172.217.194.0-255,66,157568,41,157568
31955,0.0,74.125.68.0-255,146,146,41,188558
31956,2.3e-05,172.31.46.0-255,66,212,41,188558
31957,5.6e-05,74.125.68.0-255,1484,1696,41,188558
31958,6e-05,172.31.46.0-255,66,1762,41,188558
31959,6.7e-05,74.125.68.0-255,2902,4664,41,188558
31960,7.1e-05,172.31.46.0-255,66,4730,41,188558
31961,8.3e-05,74.125.68.0-255,5738,10468,41,188558
31962,8.6e-05,172.31.46.0-255,66,10534,41,188558
31963,9e-05,74.125.68.0-255,2902,13436,41,188558
31964,9.2e-05,172.31.46.0-255,66,13502,41,188558
31965,0.000131,74.125.68.0-255,667,14169,41,188558
31966,0.000133,172.31.46.0-255,66,14235,41,188558
31967,0.000286,74.125.68.0-255,1484,15719,41,188558
31968,0.000291,172.31.46.0-255,66,15785,41,188558
31969,0.000295,74.125.68.0-255,1484,17269,41,188558
31970,0.000297,172.31.46.0-255,66,17335,41,188558
31971,0.000325,74.125.68.0-255,1484,18819,41,188558
31972,0.000328,172.31.46.0-255,66,18885,41,188558
31973,0.000335,74.125.68.0-255,5738,24623,41,188558
31974,0.000337,172.31.46.0-255,66,24689,41,188558
31975,0.000353,172.31.46.0-255,66,24755,41,188558
31976,0.000391,172.31.46.0-255,66,24821,41,188558
31977,0.000394,74.125.68.0-255,1484,26305,41,188558
31978,0.000396,172.31.46.0-255,66,26371,41,188558
31979,0.00043,74.125.68.0-255,2902,29273,41,188558
31980,0.000432,172.31.46.0-255,66,29339,41,188558
31981,0.00044,74.125.68.0-255,5738,35077,41,188558
31982,0.000442,172.31.46.0-255,66,35143,41,188558
31983,0.000451,74.125.68.0-255,4320,39463,41,188558
31984,0.000454,172.31.46.0-255,66,39529,41,188558
31985,0.000485,74.125.68.0-255,4320,43849,41,188558
31986,0.000489,74.125.68.0-255,1484,45333,41,188558
31987,0.000517,74.125.68.0-255,425,45758,41,188558
31988,0.00058,172.31.46.0-255,66,45824,41,188558
31989,0.000766,74.125.68.0-255,1484,47308,41,188558
31990,0.000785,74.125.68.0-255,2902,50210,41,188558
31991,0.000788,74.125.68.0-255,1484,51694,41,188558
31992,0.000807,74.125.68.0-255,4320,56014,41,188558
31993,0.000811,172.31.46.0-255,66,56080,41,188558
31994,0.000816,172.31.46.0-255,66,56146,41,188558
31995,0.000872,74.125.68.0-255,4320,60466,41,188558
31996,0.000874,172.31.46.0-255,66,60532,41,188558
31997,0.000883,172.31.46.0-255,66,60598,41,188558
31998,0.000886,74.125.68.0-255,1484,62082,41,188558
31999,0.000902,74.125.68.0-255,3602,65684,41,188558
32000,0.000929,74.125.68.0-255,4320,70004,41,188558
32001,0.000956,74.125.68.0-255,4320,74324,41,188558
32002,0.00096,172.31.46.0-255,66,74390,41,188558
32003,0.000968,172.31.46.0-255,66,74456,41,188558
32004,0.000994,74.125.68.0-255,5738,80194,41,188558
32005,0.000999,74.125.68.0-255,4320,84514,41,188558
32006,0.001045,172.31.46.0-255,66,84580,41,188558
32007,0.001072,74.125.68.0-255,1484,86064,41,188558
32008,0.001086,74.125.68.0-255,5738,91802,41,188558
32009,0.001114,74.125.68.0-255,1484,93286,41,188558
32010,0.001163,172.31.46.0-255,66,93352,41,188558
32011,0.001174,74.125.68.0-255,4320,97672,41,188558
32012,0.001188,74.125.68.0-255,348,98020,41,188558
32013,0.001194,172.31.46.0-255,66,98086,41,188558
32014,0.001221,74.125.68.0-255,1484,99570,41,188558
32015,0.001225,74.125.68.0-255,1484,101054,41,188558
32016,0.001232,172.31.46.0-255,66,101120,41,188558
32017,0.001241,74.125.68.0-255,2902,104022,41,188558
32018,0.001256,74.125.68.0-255,4320,108342,41,188558
32019,0.00126,172.31.46.0-255,66,108408,41,188558
32020,0.001291,74.125.68.0-255,5738,114146,41,188558
32021,0.001297,74.125.68.0-255,4320,118466,41,188558
32022,0.001304,172.31.46.0-255,66,118532,41,188558
32023,0.001333,74.125.68.0-255,4320,122852,41,188558
32024,0.001365,172.31.46.0-255,66,122918,41,188558
32025,0.001456,74.125.68.0-255,1484,124402,41,188558
32026,0.001476,74.125.68.0-255,1484,125886,41,188558
32027,0.00149,74.125.68.0-255,1484,127370,41,188558
32028,0.001497,74.125.68.0-255,5738,133108,41,188558
32029,0.001511,172.31.46.0-255,66,133174,41,188558
32030,0.001561,172.31.46.0-255,66,133240,41,188558
32031,0.001598,74.125.68.0-255,3602,136842,41,188558
32032,0.001609,172.31.46.0-255,66,136908,41,188558
32033,0.001916,74.125.68.0-255,1484,138392,41,188558
32034,0.001921,74.125.68.0-255,1484,139876,41,188558
32035,0.001926,172.31.46.0-255,66,139942,41,188558
32036,0.001936,74.125.68.0-255,2902,142844,41,188558
32037,0.001958,74.125.68.0-255,5738,148582,41,188558
32038,0.001979,74.125.68.0-255,4320,152902,41,188558
32039,0.002,74.125.68.0-255,4320,157222,41,188558
32040,0.002012,74.125.68.0-255,1484,158706,41,188558
32041,0.002018,74.125.68.0-255,5738,164444,41,188558
32042,0.002033,172.31.46.0-255,66,164510,41,188558
32043,0.00204,74.125.68.0-255,5738,170248,41,188558
32044,0.002042,74.125.68.0-255,766,171014,41,188558
32045,0.002064,172.31.46.0-255,66,171080,41,188558
32046,0.004063,74.125.68.0-255,5738,176818,41,188558
32047,0.004072,172.31.46.0-255,66,176884,41,188558
32048,0.006063,74.125.68.0-255,5738,182622,41,188558
32049,0.006895,172.31.46.0-255,66,182688,41,188558
32050,0.008903,74.125.68.0-255,2902,185590,41,188558
32051,0.00891,172.31.46.0-255,66,185656,41,188558
32052,0.008939,74.125.68.0-255,2902,188558,41,188558
32053,0.0,74.125.68.0-255,155,155,41,99429
32054,1.5e-05,172.31.46.0-255,66,221,41,99429
32055,2.1e-05,74.125.68.0-255,1484,1705,41,99429
32056,2.5e-05,172.31.46.0-255,66,1771,41,99429
32057,2.8e-05,74.125.68.0-255,1484,3255,41,99429
32058,3.1e-05,172.31.46.0-255,66,3321,41,99429
32059,5.3e-05,74.125.68.0-255,1484,4805,41,99429
32060,5.6e-05,172.31.46.0-255,66,4871,41,99429
32061,6.3e-05,74.125.68.0-255,5738,10609,41,99429
32062,6.5e-05,172.31.46.0-255,66,10675,41,99429
32063,7e-05,74.125.68.0-255,3472,14147,41,99429
32064,7.2e-05,172.31.46.0-255,66,14213,41,99429
32065,0.000203,74.125.68.0-255,1484,15697,41,99429
32066,0.000207,172.31.46.0-255,66,15763,41,99429
32067,0.000222,74.125.68.0-255,2902,18665,41,99429
32068,0.000224,172.31.46.0-255,66,18731,41,99429
32069,0.000265,74.125.68.0-255,4320,23051,41,99429
32070,0.000268,172.31.46.0-255,66,23117,41,99429
32071,0.000284,74.125.68.0-255,1484,24601,41,99429
32072,0.000286,172.31.46.0-255,66,24667,41,99429
32073,0.000295,172.31.46.0-255,66,24733,41,99429
32074,0.00037,74.125.68.0-255,1484,26217,41,99429
32075,0.000373,172.31.46.0-255,66,26283,41,99429
32076,0.000377,74.125.68.0-255,1484,27767,41,99429
32077,0.000379,172.31.46.0-255,66,27833,41,99429
32078,0.000393,74.125.68.0-255,1484,29317,41,99429
32079,0.000395,172.31.46.0-255,66,29383,41,99429
32080,0.000402,74.125.68.0-255,5738,35121,41,99429
32081,0.000404,172.31.46.0-255,66,35187,41,99429
32082,0.000428,74.125.68.0-255,4320,39507,41,99429
32083,0.000432,172.31.46.0-255,66,39573,41,99429
32084,0.000469,74.125.68.0-255,2543,42116,41,99429
32085,0.000472,172.31.46.0-255,66,42182,41,99429
32086,0.00205,74.125.68.0-255,1484,43666,41,99429
32087,0.002059,74.125.68.0-255,1484,45150,41,99429
32088,0.002063,172.31.46.0-255,66,45216,41,99429
32089,0.002075,74.125.68.0-255,1484,46700,41,99429
32090,0.002081,74.125.68.0-255,4320,51020,41,99429
32091,0.002083,172.31.46.0-255,66,51086,41,99429
32092,0.002102,74.125.68.0-255,1484,52570,41,99429
32093,0.002105,74.125.68.0-255,1484,54054,41,99429
32094,0.002107,172.31.46.0-255,66,54120,41,99429
32095,0.002126,74.125.68.0-255,5379,59499,41,99429
32096,0.002127,172.31.46.0-255,66,59565,41,99429
32097,0.002152,172.31.46.0-255,66,59631,41,99429
32098,0.00219,172.31.46.0-255,66,59697,41,99429
32099,0.002215,74.125.68.0-255,1484,61181,41,99429
32100,0.002226,172.31.46.0-255,66,61247,41,99429
32101,0.00223,74.125.68.0-255,4320,65567,41,99429
32102,0.002233,172.31.46.0-255,66,65633,41,99429
32103,0.002252,74.125.68.0-255,766,66399,41,99429
32104,0.002305,74.125.68.0-255,646,67045,41,99429
32105,0.002324,74.125.68.0-255,1484,68529,41,99429
32106,0.002326,172.31.46.0-255,66,68595,41,99429
32107,0.002351,74.125.68.0-255,2902,71497,41,99429
32108,0.002353,172.31.46.0-255,66,71563,41,99429
32109,0.002371,74.125.68.0-255,1484,73047,41,99429
32110,0.002375,74.125.68.0-255,2902,75949,41,99429
32111,0.002377,172.31.46.0-255,66,76015,41,99429
32112,0.002381,74.125.68.0-255,4320,80335,41,99429
32113,0.002383,172.31.46.0-255,66,80401,41,99429
32114,0.002406,172.31.46.0-255,66,80467,41,99429
32115,0.002432,74.125.68.0-255,1484,81951,41,99429
32116,0.002438,74.125.68.0-255,5738,87689,41,99429
32117,0.00244,172.31.46.0-255,66,87755,41,99429
32118,0.002448,172.31.46.0-255,66,87821,41,99429
32119,0.004965,74.125.68.0-255,5738,93559,41,99429
32120,0.004969,172.31.46.0-255,66,93625,41,99429
32121,0.007504,74.125.68.0-255,5738,99363,41,99429
32122,0.00751,172.31.46.0-255,66,99429,41,99429
32123,0.0,172.217.194.0-255,150,150,41,166443
32124,2.8e-05,172.31.46.0-255,66,216,41,166443
32125,3.6e-05,172.217.194.0-255,1484,1700,41,166443
32126,4.2e-05,172.31.46.0-255,66,1766,41,166443
32127,5.6e-05,172.217.194.0-255,2902,4668,41,166443
32128,5.9e-05,172.31.46.0-255,66,4734,41,166443
32129,7.2e-05,172.31.46.0-255,66,4800,41,166443
32130,7.7e-05,172.217.194.0-255,1975,6775,41,166443
32131,8e-05,172.31.46.0-255,66,6841,41,166443
32132,8.4e-05,172.217.194.0-255,1484,8325,41,166443
32133,8.7e-05,172.31.46.0-255,66,8391,41,166443
32134,9.1e-05,172.217.194.0-255,2902,11293,41,166443
32135,9.5e-05,172.31.46.0-255,66,11359,41,166443
32136,0.000102,172.217.194.0-255,5738,17097,41,166443
32137,0.000105,172.31.46.0-255,66,17163,41,166443
32138,0.000112,172.217.194.0-255,5738,22901,41,166443
32139,0.000115,172.31.46.0-255,66,22967,41,166443
32140,0.000158,172.31.46.0-255,66,23033,41,166443
32141,0.000161,172.217.194.0-255,1484,24517,41,166443
32142,0.000163,172.31.46.0-255,66,24583,41,166443
32143,0.000181,172.31.46.0-255,66,24649,41,166443
32144,0.000205,172.217.194.0-255,1484,26133,41,166443
32145,0.000207,172.31.46.0-255,66,26199,41,166443
32146,0.000223,172.31.46.0-255,66,26265,41,166443
32147,0.000226,172.217.194.0-255,411,26676,41,166443
32148,0.000227,172.31.46.0-255,66,26742,41,166443
32149,0.000255,172.217.194.0-255,1484,28226,41,166443
32150,0.000262,172.31.46.0-255,66,28292,41,166443
32151,0.000266,172.217.194.0-255,1484,29776,41,166443
32152,0.000287,172.217.194.0-255,2902,32678,41,166443
32153,0.00029,172.31.46.0-255,66,32744,41,166443
32154,0.000293,172.217.194.0-255,1484,34228,41,166443
32155,0.000299,172.217.194.0-255,4320,38548,41,166443
32156,0.000301,172.31.46.0-255,66,38614,41,166443
32157,0.000325,172.217.194.0-255,5738,44352,41,166443
32158,0.000335,172.31.46.0-255,66,44418,41,166443
32159,0.00034,172.217.194.0-255,4320,48738,41,166443
32160,0.000342,172.31.46.0-255,66,48804,41,166443
32161,0.000387,172.31.46.0-255,66,48870,41,166443
32162,0.000499,172.217.194.0-255,1484,50354,41,166443
32163,0.000505,172.217.194.0-255,2902,53256,41,166443
32164,0.000508,172.31.46.0-255,66,53322,41,166443
32165,0.000513,172.217.194.0-255,2902,56224,41,166443
32166,0.000515,172.31.46.0-255,66,56290,41,166443
32167,0.000541,172.217.194.0-255,2902,59192,41,166443
32168,0.000543,172.31.46.0-255,66,59258,41,166443
32169,0.00055,172.217.194.0-255,5738,64996,41,166443
32170,0.000552,172.31.46.0-255,66,65062,41,166443
32171,0.000629,172.31.46.0-255,66,65128,41,166443
32172,0.000647,172.217.194.0-255,5738,70866,41,166443
32173,0.00065,172.31.46.0-255,66,70932,41,166443
32174,0.000656,172.217.194.0-255,5020,75952,41,166443
32175,0.000659,172.31.46.0-255,66,76018,41,166443
32176,0.000785,172.217.194.0-255,1484,77502,41,166443
32177,0.000791,172.217.194.0-255,2902,80404,41,166443
32178,0.000794,172.31.46.0-255,66,80470,41,166443
32179,0.000799,172.217.194.0-255,2902,83372,41,166443
32180,0.000802,172.31.46.0-255,66,83438,41,166443
32181,0.000825,172.217.194.0-255,2902,86340,41,166443
32182,0.000828,172.31.46.0-255,66,86406,41,166443
32183,0.000842,172.31.46.0-255,66,86472,41,166443
32184,0.000856,172.31.46.0-255,66,86538,41,166443
32185,0.000923,172.217.194.0-255,3602,90140,41,166443
32186,0.000927,172.31.46.0-255,66,90206,41,166443
32187,0.000985,172.217.194.0-255,1484,91690,41,166443
32188,0.001006,172.217.194.0-255,2902,94592,41,166443
32189,0.001011,172.31.46.0-255,66,94658,41,166443
32190,0.001041,172.217.194.0-255,5738,100396,41,166443
32191,0.001044,172.31.46.0-255,66,100462,41,166443
32192,0.001084,172.31.46.0-255,66,100528,41,166443
32193,0.001116,172.217.194.0-255,4320,104848,41,166443
32194,0.001119,172.31.46.0-255,66,104914,41,166443
32195,0.001136,172.31.46.0-255,66,104980,41,166443
32196,0.001197,172.217.194.0-255,1484,106464,41,166443
32197,0.001222,172.217.194.0-255,2902,109366,41,166443
32198,0.001225,172.31.46.0-255,66,109432,41,166443
32199,0.001261,172.217.194.0-255,5738,115170,41,166443
32200,0.001265,172.31.46.0-255,66,115236,41,166443
32201,0.001283,172.31.46.0-255,66,115302,41,166443
32202,0.001289,172.217.194.0-255,5738,121040,41,166443
32203,0.001292,172.31.46.0-255,66,121106,41,166443
32204,0.001318,172.217.194.0-255,5020,126126,41,166443
32205,0.001321,172.31.46.0-255,66,126192,41,166443
32206,0.001388,172.217.194.0-255,1484,127676,41,166443
32207,0.001402,172.217.194.0-255,2902,130578,41,166443
32208,0.001406,172.31.46.0-255,66,130644,41,166443
32209,0.001413,172.217.194.0-255,4320,134964,41,166443
32210,0.001415,172.31.46.0-255,66,135030,41,166443
32211,0.001434,172.217.194.0-255,1484,136514,41,166443
32212,0.00146,172.31.46.0-255,66,136580,41,166443
32213,0.001476,172.31.46.0-255,66,136646,41,166443
32214,0.00148,172.217.194.0-255,2184,138830,41,166443
32215,0.001483,172.31.46.0-255,66,138896,41,166443
32216,0.001549,172.217.194.0-255,1484,140380,41,166443
32217,0.001554,172.217.194.0-255,2902,143282,41,166443
32218,0.001557,172.31.46.0-255,66,143348,41,166443
32219,0.001587,172.217.194.0-255,5738,149086,41,166443
32220,0.00159,172.31.46.0-255,66,149152,41,166443
32221,0.001593,172.217.194.0-255,1484,150636,41,166443
32222,0.001613,172.31.46.0-255,66,150702,41,166443
32223,0.001653,172.31.46.0-255,66,150768,41,166443
32224,0.001688,172.217.194.0-255,2902,153670,41,166443
32225,0.001691,172.31.46.0-255,66,153736,41,166443
32226,0.001697,172.217.194.0-255,4320,158056,41,166443
32227,0.001699,172.31.46.0-255,66,158122,41,166443
32228,0.001772,172.31.46.0-255,66,158188,41,166443
32229,0.001783,172.31.46.0-255,66,158254,41,166443
32230,0.001806,172.31.46.0-255,66,158320,41,166443
32231,0.001822,172.31.46.0-255,66,158386,41,166443
32232,0.001851,172.217.194.0-255,2902,161288,41,166443
32233,0.001854,172.31.46.0-255,66,161354,41,166443
32234,0.001921,172.31.46.0-255,66,161420,41,166443
32235,0.001927,172.217.194.0-255,4615,166035,41,166443
32236,0.001929,172.31.46.0-255,66,166101,41,166443
32237,0.001937,172.217.194.0-255,105,166206,41,166443
32238,0.004866,172.31.46.0-255,66,166272,41,166443
32239,0.004917,172.31.46.0-255,105,166377,41,166443
32240,0.007513,172.217.194.0-255,66,166443,41,166443
32241,0.0,74.125.24.0-255,153,153,41,118152
32242,1.8e-05,172.31.46.0-255,66,219,41,118152
32243,2.5e-05,74.125.24.0-255,1484,1703,41,118152
32244,2.9e-05,172.31.46.0-255,66,1769,41,118152
32245,3.4e-05,74.125.24.0-255,2902,4671,41,118152
32246,3.7e-05,172.31.46.0-255,66,4737,41,118152
32247,4e-05,74.125.24.0-255,1484,6221,41,118152
32248,4.3e-05,172.31.46.0-255,66,6287,41,118152
32249,4.8e-05,74.125.24.0-255,2902,9189,41,118152
32250,5.2e-05,172.31.46.0-255,66,9255,41,118152
32251,8e-05,74.125.24.0-255,2902,12157,41,118152
32252,8.3e-05,172.31.46.0-255,66,12223,41,118152
32253,0.000105,74.125.24.0-255,3461,15684,41,118152
32254,0.000108,172.31.46.0-255,66,15750,41,118152
32255,0.000117,172.31.46.0-255,66,15816,41,118152
32256,0.000119,74.125.24.0-255,1484,17300,41,118152
32257,0.000121,172.31.46.0-255,66,17366,41,118152
32258,0.000161,172.31.46.0-255,66,17432,41,118152
32259,0.000172,172.31.46.0-255,66,17498,41,118152
32260,0.000198,74.125.24.0-255,4320,21818,41,118152
32261,0.000201,172.31.46.0-255,66,21884,41,118152
32262,0.000229,172.31.46.0-255,66,21950,41,118152
32263,0.000232,74.125.24.0-255,129,22079,41,118152
32264,0.000234,172.31.46.0-255,66,22145,41,118152
32265,0.000659,74.125.24.0-255,349,22494,41,118152
32266,0.000665,172.31.46.0-255,66,22560,41,118152
32267,0.000685,74.125.24.0-255,1484,24044,41,118152
32268,0.000688,172.31.46.0-255,66,24110,41,118152
32269,0.000709,74.125.24.0-255,2902,27012,41,118152
32270,0.000712,172.31.46.0-255,66,27078,41,118152
32271,0.000718,74.125.24.0-255,5738,32816,41,118152
32272,0.000721,172.31.46.0-255,66,32882,41,118152
32273,0.000724,74.125.24.0-255,1484,34366,41,118152
32274,0.000762,172.31.46.0-255,66,34432,41,118152
32275,0.000776,172.31.46.0-255,66,34498,41,118152
32276,0.001081,74.125.24.0-255,1484,35982,41,118152
32277,0.001087,74.125.24.0-255,2902,38884,41,118152
32278,0.001091,172.31.46.0-255,66,38950,41,118152
32279,0.001109,74.125.24.0-255,5738,44688,41,118152
32280,0.001111,172.31.46.0-255,66,44754,41,118152
32281,0.001128,74.125.24.0-255,1484,46238,41,118152
32282,0.00116,172.31.46.0-255,66,46304,41,118152
32283,0.001172,172.31.46.0-255,66,46370,41,118152
32284,0.001225,74.125.24.0-255,2184,48554,41,118152
32285,0.001228,172.31.46.0-255,66,48620,41,118152
32286,0.001277,74.125.24.0-255,2902,51522,41,118152
32287,0.001282,74.125.24.0-255,4320,55842,41,118152
32288,0.001283,172.31.46.0-255,66,55908,41,118152
32289,0.001286,172.31.46.0-255,66,55974,41,118152
32290,0.001313,172.31.46.0-255,66,56040,41,118152
32291,0.001339,74.125.24.0-255,1484,57524,41,118152
32292,0.001368,172.31.46.0-255,66,57590,41,118152
32293,0.001383,74.125.24.0-255,766,58356,41,118152
32294,0.001702,74.125.24.0-255,1484,59840,41,118152
32295,0.001706,172.31.46.0-255,66,59906,41,118152
32296,0.001712,74.125.24.0-255,2902,62808,41,118152
32297,0.001714,172.31.46.0-255,66,62874,41,118152
32298,0.001718,74.125.24.0-255,2902,65776,41,118152
32299,0.00172,172.31.46.0-255,66,65842,41,118152
32300,0.00174,74.125.24.0-255,2902,68744,41,118152
32301,0.001743,172.31.46.0-255,66,68810,41,118152
32302,0.001753,172.31.46.0-255,66,68876,41,118152
32303,0.001777,74.125.24.0-255,4320,73196,41,118152
32304,0.00178,172.31.46.0-255,66,73262,41,118152
32305,0.001796,74.125.24.0-255,4320,77582,41,118152
32306,0.001799,172.31.46.0-255,66,77648,41,118152
32307,0.001832,172.31.46.0-255,66,77714,41,118152
32308,0.002151,74.125.24.0-255,1484,79198,41,118152
32309,0.00216,74.125.24.0-255,2902,82100,41,118152
32310,0.002163,172.31.46.0-255,66,82166,41,118152
32311,0.00219,74.125.24.0-255,5738,87904,41,118152
32312,0.002193,172.31.46.0-255,66,87970,41,118152
32313,0.002218,172.31.46.0-255,66,88036,41,118152
32314,0.002242,74.125.24.0-255,4320,92356,41,118152
32315,0.002244,172.31.46.0-255,66,92422,41,118152
32316,0.002247,74.125.24.0-255,1484,93906,41,118152
32317,0.002263,74.125.24.0-255,5738,99644,41,118152
32318,0.002266,172.31.46.0-255,66,99710,41,118152
32319,0.002285,74.125.24.0-255,3602,103312,41,118152
32320,0.002288,172.31.46.0-255,66,103378,41,118152
32321,0.004528,74.125.24.0-255,1484,104862,41,118152
32322,0.00458,74.125.24.0-255,2902,107764,41,118152
32323,0.004584,172.31.46.0-255,66,107830,41,118152
32324,0.004601,74.125.24.0-255,1484,109314,41,118152
32325,0.006841,74.125.24.0-255,2902,112216,41,118152
32326,0.006843,172.31.46.0-255,66,112282,41,118152
32327,0.00686,74.125.24.0-255,1484,113766,41,118152
32328,0.009143,74.125.24.0-255,4320,118086,41,118152
32329,0.00915,172.31.46.0-255,66,118152,41,118152
32330,0.0,74.125.24.0-255,146,146,41,140035
32331,2.4e-05,172.31.46.0-255,66,212,41,140035
32332,3.2e-05,74.125.24.0-255,1484,1696,41,140035
32333,3.6e-05,172.31.46.0-255,66,1762,41,140035
32334,5e-05,74.125.24.0-255,2902,4664,41,140035
32335,5.6e-05,172.31.46.0-255,66,4730,41,140035
32336,6.6e-05,172.31.46.0-255,66,4796,41,140035
32337,7.2e-05,74.125.24.0-255,3357,8153,41,140035
32338,7.4e-05,172.31.46.0-255,66,8219,41,140035
32339,0.000126,172.31.46.0-255,66,8285,41,140035
32340,0.00015,74.125.24.0-255,2543,10828,41,140035
32341,0.000153,172.31.46.0-255,66,10894,41,140035
32342,0.000193,74.125.24.0-255,1484,12378,41,140035
32343,0.000196,172.31.46.0-255,66,12444,41,140035
32344,0.00022,74.125.24.0-255,1484,13928,41,140035
32345,0.000222,172.31.46.0-255,66,13994,41,140035
32346,0.000228,74.125.24.0-255,4320,18314,41,140035
32347,0.000231,172.31.46.0-255,66,18380,41,140035
32348,0.000266,172.31.46.0-255,66,18446,41,140035
32349,0.000287,74.125.24.0-255,5738,24184,41,140035
32350,0.00029,172.31.46.0-255,66,24250,41,140035
32351,0.000328,172.31.46.0-255,66,24316,41,140035
32352,0.000373,74.125.24.0-255,2878,27194,41,140035
32353,0.000375,172.31.46.0-255,66,27260,41,140035
32354,0.000455,74.125.24.0-255,1484,28744,41,140035
32355,0.000459,172.31.46.0-255,66,28810,41,140035
32356,0.000464,74.125.24.0-255,2902,31712,41,140035
32357,0.000467,172.31.46.0-255,66,31778,41,140035
32358,0.000475,74.125.24.0-255,1484,33262,41,140035
32359,0.000499,74.125.24.0-255,4320,37582,41,140035
32360,0.000502,172.31.46.0-255,66,37648,41,140035
32361,0.000508,74.125.24.0-255,5738,43386,41,140035
32362,0.00051,172.31.46.0-255,66,43452,41,140035
32363,0.000553,172.31.46.0-255,66,43518,41,140035
32364,0.000584,74.125.24.0-255,4320,47838,41,140035
32365,0.000587,172.31.46.0-255,66,47904,41,140035
32366,0.000604,74.125.24.0-255,4320,52224,41,140035
32367,0.000607,172.31.46.0-255,66,52290,41,140035
32368,0.000631,74.125.24.0-255,1125,53415,41,140035
32369,0.000646,74.125.24.0-255,1484,54899,41,140035
32370,0.000649,172.31.46.0-255,66,54965,41,140035
32371,0.000656,74.125.24.0-255,4320,59285,41,140035
32372,0.000658,172.31.46.0-255,66,59351,41,140035
32373,0.000677,74.125.24.0-255,4320,63671,41,140035
32374,0.00068,172.31.46.0-255,66,63737,41,140035
32375,0.000703,74.125.24.0-255,5738,69475,41,140035
32376,0.000706,172.31.46.0-255,66,69541,41,140035
32377,0.000751,172.31.46.0-255,66,69607,41,140035
32378,0.000782,74.125.24.0-255,4320,73927,41,140035
32379,0.000785,172.31.46.0-255,66,73993,41,140035
32380,0.00083,74.125.24.0-255,4320,78313,41,140035
32381,0.000834,172.31.46.0-255,66,78379,41,140035
32382,0.00087,172.31.46.0-255,66,78445,41,140035
32383,0.000906,74.125.24.0-255,2902,81347,41,140035
32384,0.000908,172.31.46.0-255,66,81413,41,140035
32385,0.000938,74.125.24.0-255,3961,85374,41,140035
32386,0.000941,172.31.46.0-255,66,85440,41,140035
32387,0.000944,74.125.24.0-255,1484,86924,41,140035
32388,0.000986,172.31.46.0-255,66,86990,41,140035
32389,0.001574,74.125.24.0-255,1484,88474,41,140035
32390,0.001581,74.125.24.0-255,2902,91376,41,140035
32391,0.001585,172.31.46.0-255,66,91442,41,140035
32392,0.001589,74.125.24.0-255,1484,92926,41,140035
32393,0.001614,74.125.24.0-255,4320,97246,41,140035
32394,0.001617,172.31.46.0-255,66,97312,41,140035
32395,0.001654,172.31.46.0-255,66,97378,41,140035
32396,0.001699,74.125.24.0-255,2902,100280,41,140035
32397,0.001701,172.31.46.0-255,66,100346,41,140035
32398,0.00174,172.31.46.0-255,66,100412,41,140035
32399,0.001744,74.125.24.0-255,766,101178,41,140035
32400,0.001886,74.125.24.0-255,1484,102662,41,140035
32401,0.00189,172.31.46.0-255,66,102728,41,140035
32402,0.001897,74.125.24.0-255,2902,105630,41,140035
32403,0.001899,172.31.46.0-255,66,105696,41,140035
32404,0.001947,74.125.24.0-255,5738,111434,41,140035
32405,0.001951,172.31.46.0-255,66,111500,41,140035
32406,0.00197,172.31.46.0-255,66,111566,41,140035
32407,0.002015,74.125.24.0-255,5738,117304,41,140035
32408,0.002018,172.31.46.0-255,66,117370,41,140035
32409,0.002058,74.125.24.0-255,5020,122390,41,140035
32410,0.002061,172.31.46.0-255,66,122456,41,140035
32411,0.004372,74.125.24.0-255,5738,128194,41,140035
32412,0.004379,172.31.46.0-255,66,128260,41,140035
32413,0.00615,172.31.46.0-255,101,128361,41,140035
32414,0.006712,74.125.24.0-255,5738,134099,41,140035
32415,0.006719,172.31.46.0-255,66,134165,41,140035
32416,0.008424,74.125.24.0-255,66,134231,41,140035
32417,0.009047,74.125.24.0-255,5738,139969,41,140035
32418,0.009051,172.31.46.0-255,66,140035,41,140035
32419,0.0,172.217.194.0-255,296,296,41,159490
32420,2.3e-05,172.31.46.0-255,66,362,41,159490
32421,2.9e-05,172.217.194.0-255,1484,1846,41,159490
32422,3.3e-05,172.31.46.0-255,66,1912,41,159490
32423,4.1e-05,172.217.194.0-255,4320,6232,41,159490
32424,4.6e-05,172.31.46.0-255,66,6298,41,159490
32425,8.5e-05,172.31.46.0-255,66,6364,41,159490
32426,9.9e-05,172.31.46.0-255,66,6430,41,159490
32427,0.00012,172.217.194.0-255,2902,9332,41,159490
32428,0.000136,172.31.46.0-255,66,9398,41,159490
32429,0.00016,172.217.194.0-255,2543,11941,41,159490
32430,0.000163,172.31.46.0-255,66,12007,41,159490
32431,0.000169,172.217.194.0-255,5738,17745,41,159490
32432,0.000172,172.31.46.0-255,66,17811,41,159490
32433,0.000183,172.31.46.0-255,66,17877,41,159490
32434,0.000207,172.31.46.0-255,66,17943,41,159490
32435,0.000239,172.31.46.0-255,66,18009,41,159490
32436,0.000244,172.217.194.0-255,3916,21925,41,159490
32437,0.000246,172.31.46.0-255,66,21991,41,159490
32438,0.00027,172.217.194.0-255,4617,26608,41,159490
32439,0.000275,172.31.46.0-255,66,26674,41,159490
32440,0.000289,172.217.194.0-255,5738,32412,41,159490
32441,0.000291,172.31.46.0-255,66,32478,41,159490
32442,0.000331,172.31.46.0-255,66,32544,41,159490
32443,0.000401,172.217.194.0-255,1484,34028,41,159490
32444,0.000404,172.31.46.0-255,66,34094,41,159490
32445,0.000409,172.217.194.0-255,2902,36996,41,159490
32446,0.000412,172.31.46.0-255,66,37062,41,159490
32447,0.000435,172.217.194.0-255,5738,42800,41,159490
32448,0.000439,172.31.46.0-255,66,42866,41,159490
32449,0.000443,172.217.194.0-255,2902,45768,41,159490
32450,0.000445,172.31.46.0-255,66,45834,41,159490
32451,0.000462,172.217.194.0-255,3961,49795,41,159490
32452,0.000465,172.31.46.0-255,66,49861,41,159490
32453,0.000622,172.217.194.0-255,1484,51345,41,159490
32454,0.00063,172.217.194.0-255,2902,54247,41,159490
32455,0.000633,172.31.46.0-255,66,54313,41,159490
32456,0.000655,172.217.194.0-255,4320,58633,41,159490
32457,0.000658,172.31.46.0-255,66,58699,41,159490
32458,0.000663,172.217.194.0-255,5738,64437,41,159490
32459,0.000666,172.31.46.0-255,66,64503,41,159490
32460,0.000697,172.217.194.0-255,2902,67405,41,159490
32461,0.000699,172.31.46.0-255,66,67471,41,159490
32462,0.000725,172.31.46.0-255,66,67537,41,159490
32463,0.000731,172.217.194.0-255,5738,73275,41,159490
32464,0.000734,172.31.46.0-255,66,73341,41,159490
32465,0.00077,172.217.194.0-255,2184,75525,41,159490
32466,0.000773,172.31.46.0-255,66,75591,41,159490
32467,0.001095,172.217.194.0-255,1484,77075,41,159490
32468,0.0011,172.217.194.0-255,2902,79977,41,159490
32469,0.001104,172.31.46.0-255,66,80043,41,159490
32470,0.001129,172.217.194.0-255,5738,85781,41,159490
32471,0.001131,172.31.46.0-255,66,85847,41,159490
32472,0.001159,172.31.46.0-255,66,85913,41,159490
32473,0.001182,172.217.194.0-255,2902,88815,41,159490
32474,0.001184,172.31.46.0-255,66,88881,41,159490
32475,0.001195,172.31.46.0-255,66,88947,41,159490
32476,0.001211,172.217.194.0-255,2184,91131,41,159490
32477,0.001213,172.31.46.0-255,66,91197,41,159490
32478,0.001281,172.217.194.0-255,1484,92681,41,159490
32479,0.001303,172.217.194.0-255,2902,95583,41,159490
32480,0.001306,172.31.46.0-255,66,95649,41,159490
32481,0.001348,172.217.194.0-255,4320,99969,41,159490
32482,0.001351,172.31.46.0-255,66,100035,41,159490
32483,0.001373,172.217.194.0-255,1484,101519,41,159490
32484,0.001386,172.31.46.0-255,66,101585,41,159490
32485,0.001396,172.31.46.0-255,66,101651,41,159490
32486,0.00141,172.217.194.0-255,1484,103135,41,159490
32487,0.001425,172.217.194.0-255,3602,106737,41,159490
32488,0.001428,172.31.46.0-255,66,106803,41,159490
32489,0.00149,172.217.194.0-255,1484,108287,41,159490
32490,0.001496,172.217.194.0-255,2902,111189,41,159490
32491,0.001499,172.31.46.0-255,66,111255,41,159490
32492,0.001521,172.217.194.0-255,4320,115575,41,159490
32493,0.001524,172.31.46.0-255,66,115641,41,159490
32494,0.001542,172.217.194.0-255,1484,117125,41,159490
32495,0.001552,172.31.46.0-255,66,117191,41,159490
32496,0.001573,172.217.194.0-255,5738,122929,41,159490
32497,0.001576,172.31.46.0-255,66,122995,41,159490
32498,0.001605,172.31.46.0-255,66,123061,41,159490
32499,0.001609,172.217.194.0-255,2184,125245,41,159490
32500,0.001611,172.31.46.0-255,66,125311,41,159490
32501,0.001667,172.217.194.0-255,1484,126795,41,159490
32502,0.001673,172.217.194.0-255,2902,129697,41,159490
32503,0.001675,172.31.46.0-255,66,129763,41,159490
32504,0.001699,172.217.194.0-255,1484,131247,41,159490
32505,0.001713,172.217.194.0-255,4320,135567,41,159490
32506,0.001716,172.31.46.0-255,66,135633,41,159490
32507,0.001738,172.217.194.0-255,5738,141371,41,159490
32508,0.00174,172.31.46.0-255,66,141437,41,159490
32509,0.001777,172.31.46.0-255,66,141503,41,159490
32510,0.001787,172.31.46.0-255,66,141569,41,159490
32511,0.00181,172.217.194.0-255,2184,143753,41,159490
32512,0.001812,172.31.46.0-255,66,143819,41,159490
32513,0.001816,172.217.194.0-255,1484,145303,41,159490
32514,0.001831,172.217.194.0-255,1484,146787,41,159490
32515,0.001834,172.31.46.0-255,66,146853,41,159490
32516,0.001844,172.31.46.0-255,66,146919,41,159490
32517,0.001877,172.31.46.0-255,66,146985,41,159490
32518,0.001902,172.217.194.0-255,2902,149887,41,159490
32519,0.001905,172.31.46.0-255,66,149953,41,159490
32520,0.001917,172.31.46.0-255,66,150019,41,159490
32521,0.001922,172.217.194.0-255,4320,154339,41,159490
32522,0.001925,172.31.46.0-255,66,154405,41,159490
32523,0.001957,172.31.46.0-255,66,154471,41,159490
32524,0.00197,172.31.46.0-255,66,154537,41,159490
32525,0.002009,172.31.46.0-255,66,154603,41,159490
32526,0.002021,172.31.46.0-255,66,154669,41,159490
32527,0.002045,172.217.194.0-255,4320,158989,41,159490
32528,0.002047,172.31.46.0-255,66,159055,41,159490
32529,0.002065,172.31.46.0-255,66,159121,41,159490
32530,0.002113,172.31.46.0-255,66,159187,41,159490
32531,0.002167,172.217.194.0-255,105,159292,41,159490
32532,0.002175,172.31.46.0-255,66,159358,41,159490
32533,0.002179,172.31.46.0-255,66,159424,41,159490
32534,0.002181,172.31.46.0-255,66,159490,41,159490
32535,0.0,74.125.24.0-255,150,150,41,133579
32536,2.2e-05,172.31.46.0-255,66,216,41,133579
32537,3e-05,74.125.24.0-255,1484,1700,41,133579
32538,3.5e-05,172.31.46.0-255,66,1766,41,133579
32539,4.9e-05,74.125.24.0-255,2902,4668,41,133579
32540,5.3e-05,172.31.46.0-255,66,4734,41,133579
32541,6e-05,74.125.24.0-255,5738,10472,41,133579
32542,6.4e-05,172.31.46.0-255,66,10538,41,133579
32543,0.000106,172.31.46.0-255,66,10604,41,133579
32544,0.00013,74.125.24.0-255,608,11212,41,133579
32545,0.000133,172.31.46.0-255,66,11278,41,133579
32546,0.000143,172.31.46.0-255,66,11344,41,133579
32547,0.000158,74.125.24.0-255,1484,12828,41,133579
32548,0.000165,172.31.46.0-255,66,12894,41,133579
32549,0.00021,172.31.46.0-255,66,12960,41,133579
32550,0.000235,74.125.24.0-255,1484,14444,41,133579
32551,0.000238,172.31.46.0-255,66,14510,41,133579
32552,0.000268,74.125.24.0-255,2902,17412,41,133579
32553,0.00027,172.31.46.0-255,66,17478,41,133579
32554,0.000275,74.125.24.0-255,4320,21798,41,133579
32555,0.000278,172.31.46.0-255,66,21864,41,133579
32556,0.000281,74.125.24.0-255,1484,23348,41,133579
32557,0.000288,172.31.46.0-255,66,23414,41,133579
32558,0.000324,172.31.46.0-255,66,23480,41,133579
32559,0.000743,74.125.24.0-255,128,23608,41,133579
32560,0.00075,172.31.46.0-255,66,23674,41,133579
32561,0.000782,74.125.24.0-255,1484,25158,41,133579
32562,0.000785,172.31.46.0-255,66,25224,41,133579
32563,0.000789,74.125.24.0-255,1484,26708,41,133579
32564,0.000812,74.125.24.0-255,1484,28192,41,133579
32565,0.000823,172.31.46.0-255,66,28258,41,133579
32566,0.000827,172.31.46.0-255,66,28324,41,133579
32567,0.000861,172.31.46.0-255,66,28390,41,133579
32568,0.000898,74.125.24.0-255,5738,34128,41,133579
32569,0.0009,172.31.46.0-255,66,34194,41,133579
32570,0.000933,172.31.46.0-255,66,34260,41,133579
32571,0.001049,74.125.24.0-255,1484,35744,41,133579
32572,0.001055,74.125.24.0-255,2902,38646,41,133579
32573,0.001058,172.31.46.0-255,66,38712,41,133579
32574,0.001061,74.125.24.0-255,1484,40196,41,133579
32575,0.001094,74.125.24.0-255,4320,44516,41,133579
32576,0.001097,172.31.46.0-255,66,44582,41,133579
32577,0.001114,172.31.46.0-255,66,44648,41,133579
32578,0.001127,74.125.24.0-255,4320,48968,41,133579
32579,0.001133,172.31.46.0-255,66,49034,41,133579
32580,0.001172,172.31.46.0-255,66,49100,41,133579
32581,0.00121,74.125.24.0-255,1484,50584,41,133579
32582,0.001226,74.125.24.0-255,2902,53486,41,133579
32583,0.001229,172.31.46.0-255,66,53552,41,133579
32584,0.00125,74.125.24.0-255,5738,59290,41,133579
32585,0.001252,172.31.46.0-255,66,59356,41,133579
32586,0.001284,172.31.46.0-255,66,59422,41,133579
32587,0.001308,74.125.24.0-255,1484,60906,41,133579
32588,0.001315,74.125.24.0-255,5738,66644,41,133579
32589,0.001318,172.31.46.0-255,66,66710,41,133579
32590,0.001348,74.125.24.0-255,5020,71730,41,133579
32591,0.001351,172.31.46.0-255,66,71796,41,133579
32592,0.001462,74.125.24.0-255,1484,73280,41,133579
32593,0.001467,74.125.24.0-255,1484,74764,41,133579
32594,0.00147,172.31.46.0-255,66,74830,41,133579
32595,0.001501,74.125.24.0-255,1484,76314,41,133579
32596,0.001509,74.125.24.0-255,5738,82052,41,133579
32597,0.001539,172.31.46.0-255,66,82118,41,133579
32598,0.001543,74.125.24.0-255,1484,83602,41,133579
32599,0.001564,172.31.46.0-255,66,83668,41,133579
32600,0.001627,74.125.24.0-255,1484,85152,41,133579
32601,0.001642,74.125.24.0-255,2902,88054,41,133579
32602,0.001645,172.31.46.0-255,66,88120,41,133579
32603,0.001653,74.125.24.0-255,5738,93858,41,133579
32604,0.001676,74.125.24.0-255,4320,98178,41,133579
32605,0.001681,172.31.46.0-255,66,98244,41,133579
32606,0.001717,172.31.46.0-255,66,98310,41,133579
32607,0.001721,74.125.24.0-255,1484,99794,41,133579
32608,0.001739,74.125.24.0-255,5738,105532,41,133579
32609,0.001786,74.125.24.0-255,766,106298,41,133579
32610,0.001817,172.31.46.0-255,66,106364,41,133579
32611,0.001825,74.125.24.0-255,1484,107848,41,133579
32612,0.001832,74.125.24.0-255,4320,112168,41,133579
32613,0.001878,172.31.46.0-255,66,112234,41,133579
32614,0.001915,74.125.24.0-255,2184,114418,41,133579
32615,0.001919,74.125.24.0-255,2902,117320,41,133579
32616,0.001982,172.31.46.0-255,66,117386,41,133579
32617,0.001987,172.31.46.0-255,66,117452,41,133579
32618,0.002045,74.125.24.0-255,2902,120354,41,133579
32619,0.002088,172.31.46.0-255,66,120420,41,133579
32620,0.002097,74.125.24.0-255,2902,123322,41,133579
32621,0.002106,74.125.24.0-255,4320,127642,41,133579
32622,0.002115,172.31.46.0-255,66,127708,41,133579
32623,0.002179,74.125.24.0-255,5529,133237,41,133579
32624,0.002182,74.125.24.0-255,105,133342,41,133579
32625,0.002203,172.31.46.0-255,66,133408,41,133579
32626,0.004435,172.31.46.0-255,105,133513,41,133579
32627,0.007001,74.125.24.0-255,66,133579,41,133579
