,TIME,SRC,PACKET_SIZE,CUMULATIVE_PACKET_SIZE,PAGE_NUMBER,TOTAL_PACKET_SIZE
0,0.0,74.125.68.0-255,297,297,18,277680
1,2.9e-05,172.31.36.0-255,66,363,18,277680
2,0.000102,74.125.68.0-255,1484,1847,18,277680
3,0.000105,172.31.36.0-255,66,1913,18,277680
4,0.000111,74.125.68.0-255,2902,4815,18,277680
5,0.000114,172.31.36.0-255,66,4881,18,277680
6,0.00012,74.125.68.0-255,5738,10619,18,277680
7,0.000122,172.31.36.0-255,66,10685,18,277680
8,0.000127,74.125.68.0-255,3257,13942,18,277680
9,0.00013,172.31.36.0-255,66,14008,18,277680
10,0.000145,74.125.68.0-255,1484,15492,18,277680
11,0.000147,172.31.36.0-255,66,15558,18,277680
12,0.000159,74.125.68.0-255,2902,18460,18,277680
13,0.000161,172.31.36.0-255,66,18526,18,277680
14,0.000196,172.31.36.0-255,66,18592,18,277680
15,0.000223,74.125.68.0-255,2543,21135,18,277680
16,0.000226,172.31.36.0-255,66,21201,18,277680
17,0.000406,74.125.68.0-255,1484,22685,18,277680
18,0.00041,172.31.36.0-255,66,22751,18,277680
19,0.000416,74.125.68.0-255,2902,25653,18,277680
20,0.000418,172.31.36.0-255,66,25719,18,277680
21,0.000441,74.125.68.0-255,1484,27203,18,277680
22,0.000444,172.31.36.0-255,66,27269,18,277680
23,0.00045,74.125.68.0-255,2902,30171,18,277680
24,0.000452,172.31.36.0-255,66,30237,18,277680
25,0.000459,74.125.68.0-255,5738,35975,18,277680
26,0.000463,172.31.36.0-255,66,36041,18,277680
27,0.000481,74.125.68.0-255,2543,38584,18,277680
28,0.000484,172.31.36.0-255,66,38650,18,277680
29,0.000507,74.125.68.0-255,2902,41552,18,277680
30,0.00051,172.31.36.0-255,66,41618,18,277680
31,0.000538,74.125.68.0-255,4320,45938,18,277680
32,0.000544,172.31.36.0-255,66,46004,18,277680
33,0.000558,74.125.68.0-255,2902,48906,18,277680
34,0.000561,172.31.36.0-255,66,48972,18,277680
35,0.000596,74.125.68.0-255,2902,51874,18,277680
36,0.000602,172.31.36.0-255,66,51940,18,277680
37,0.000619,74.125.68.0-255,4269,56209,18,277680
38,0.000623,172.31.36.0-255,66,56275,18,277680
39,0.000662,74.125.68.0-255,111,56386,18,277680
40,0.000759,74.125.68.0-255,1484,57870,18,277680
41,0.000763,172.31.36.0-255,66,57936,18,277680
42,0.000767,74.125.68.0-255,1484,59420,18,277680
43,0.000783,74.125.68.0-255,1484,60904,18,277680
44,0.000785,172.31.36.0-255,66,60970,18,277680
45,0.000789,74.125.68.0-255,1484,62454,18,277680
46,0.000792,74.125.68.0-255,1484,63938,18,277680
47,0.000793,172.31.36.0-255,66,64004,18,277680
48,0.000806,74.125.68.0-255,1484,65488,18,277680
49,0.000819,74.125.68.0-255,2902,68390,18,277680
50,0.000821,172.31.36.0-255,66,68456,18,277680
51,0.000839,74.125.68.0-255,2902,71358,18,277680
52,0.000842,172.31.36.0-255,66,71424,18,277680
53,0.000847,74.125.68.0-255,4320,75744,18,277680
54,0.00085,172.31.36.0-255,66,75810,18,277680
55,0.000871,74.125.68.0-255,1484,77294,18,277680
56,0.000878,74.125.68.0-255,7156,84450,18,277680
57,0.000881,172.31.36.0-255,66,84516,18,277680
58,0.000885,74.125.68.0-255,2902,87418,18,277680
59,0.000887,172.31.36.0-255,66,87484,18,277680
60,0.000937,74.125.68.0-255,3602,91086,18,277680
61,0.00094,172.31.36.0-255,66,91152,18,277680
62,0.000976,74.125.68.0-255,332,91484,18,277680
63,0.001022,74.125.68.0-255,1484,92968,18,277680
64,0.001025,172.31.36.0-255,66,93034,18,277680
65,0.001028,74.125.68.0-255,1484,94518,18,277680
66,0.001055,74.125.68.0-255,1484,96002,18,277680
67,0.001058,172.31.36.0-255,66,96068,18,277680
68,0.001077,74.125.68.0-255,1484,97552,18,277680
69,0.001084,74.125.68.0-255,5738,103290,18,277680
70,0.001087,172.31.36.0-255,66,103356,18,277680
71,0.00109,74.125.68.0-255,1484,104840,18,277680
72,0.001105,74.125.68.0-255,2902,107742,18,277680
73,0.001108,172.31.36.0-255,66,107808,18,277680
74,0.001111,74.125.68.0-255,1484,109292,18,277680
75,0.001127,74.125.68.0-255,4320,113612,18,277680
76,0.001129,172.31.36.0-255,66,113678,18,277680
77,0.001155,74.125.68.0-255,7156,120834,18,277680
78,0.001158,172.31.36.0-255,66,120900,18,277680
79,0.001203,74.125.68.0-255,1484,122384,18,277680
80,0.001218,74.125.68.0-255,3602,125986,18,277680
81,0.001221,172.31.36.0-255,66,126052,18,277680
82,0.001648,74.125.68.0-255,1484,127536,18,277680
83,0.001657,74.125.68.0-255,2902,130438,18,277680
84,0.001662,172.31.36.0-255,66,130504,18,277680
85,0.001669,74.125.68.0-255,2902,133406,18,277680
86,0.001671,172.31.36.0-255,66,133472,18,277680
87,0.001693,74.125.68.0-255,2902,136374,18,277680
88,0.001695,172.31.36.0-255,66,136440,18,277680
89,0.001704,74.125.68.0-255,7156,143596,18,277680
90,0.001707,172.31.36.0-255,66,143662,18,277680
91,0.001738,172.31.36.0-255,66,143728,18,277680
92,0.001752,74.125.68.0-255,1484,145212,18,277680
93,0.001764,74.125.68.0-255,1484,146696,18,277680
94,0.001766,172.31.36.0-255,66,146762,18,277680
95,0.00178,74.125.68.0-255,2902,149664,18,277680
96,0.001783,172.31.36.0-255,66,149730,18,277680
97,0.001796,74.125.68.0-255,1484,151214,18,277680
98,0.001799,74.125.68.0-255,766,151980,18,277680
99,0.001801,172.31.36.0-255,66,152046,18,277680
100,0.002037,74.125.68.0-255,1484,153530,18,277680
101,0.002054,74.125.68.0-255,1484,155014,18,277680
102,0.002058,172.31.36.0-255,66,155080,18,277680
103,0.002064,74.125.68.0-255,2902,157982,18,277680
104,0.002066,172.31.36.0-255,66,158048,18,277680
105,0.002079,74.125.68.0-255,1484,159532,18,277680
106,0.002097,74.125.68.0-255,4320,163852,18,277680
107,0.002101,172.31.36.0-255,66,163918,18,277680
108,0.002152,74.125.68.0-255,1484,165402,18,277680
109,0.00217,74.125.68.0-255,7156,172558,18,277680
110,0.002174,172.31.36.0-255,66,172624,18,277680
111,0.002186,172.31.36.0-255,66,172690,18,277680
112,0.002191,74.125.68.0-255,3602,176292,18,277680
113,0.002194,172.31.36.0-255,66,176358,18,277680
114,0.002199,74.125.68.0-255,4320,180678,18,277680
115,0.002201,172.31.36.0-255,66,180744,18,277680
116,0.002204,74.125.68.0-255,1484,182228,18,277680
117,0.00224,172.31.36.0-255,66,182294,18,277680
118,0.002245,74.125.68.0-255,4320,186614,18,277680
119,0.002247,172.31.36.0-255,66,186680,18,277680
120,0.002269,74.125.68.0-255,5738,192418,18,277680
121,0.002272,172.31.36.0-255,66,192484,18,277680
122,0.002305,172.31.36.0-255,66,192550,18,277680
123,0.00232,74.125.68.0-255,1484,194034,18,277680
124,0.002341,74.125.68.0-255,2902,196936,18,277680
125,0.002344,172.31.36.0-255,66,197002,18,277680
126,0.002365,74.125.68.0-255,5738,202740,18,277680
127,0.002368,172.31.36.0-255,66,202806,18,277680
128,0.002378,74.125.68.0-255,2902,205708,18,277680
129,0.00238,172.31.36.0-255,66,205774,18,277680
130,0.002398,74.125.68.0-255,5738,211512,18,277680
131,0.002401,172.31.36.0-255,66,211578,18,277680
132,0.002414,172.31.36.0-255,66,211644,18,277680
133,0.002418,74.125.68.0-255,2902,214546,18,277680
134,0.00242,172.31.36.0-255,66,214612,18,277680
135,0.002435,74.125.68.0-255,2184,216796,18,277680
136,0.002437,172.31.36.0-255,66,216862,18,277680
137,0.002443,74.125.68.0-255,4320,221182,18,277680
138,0.002446,172.31.36.0-255,66,221248,18,277680
139,0.002467,74.125.68.0-255,1484,222732,18,277680
140,0.002478,172.31.36.0-255,66,222798,18,277680
141,0.002483,74.125.68.0-255,4320,227118,18,277680
142,0.002489,172.31.36.0-255,66,227184,18,277680
143,0.002498,74.125.68.0-255,2902,230086,18,277680
144,0.0025,172.31.36.0-255,66,230152,18,277680
145,0.002528,172.31.36.0-255,66,230218,18,277680
146,0.002548,74.125.68.0-255,4320,234538,18,277680
147,0.00255,172.31.36.0-255,66,234604,18,277680
148,0.002577,74.125.68.0-255,3602,238206,18,277680
149,0.00258,172.31.36.0-255,66,238272,18,277680
150,0.002585,74.125.68.0-255,4320,242592,18,277680
151,0.002588,172.31.36.0-255,66,242658,18,277680
152,0.005021,74.125.68.0-255,1484,244142,18,277680
153,0.005043,74.125.68.0-255,4320,248462,18,277680
154,0.005048,172.31.36.0-255,66,248528,18,277680
155,0.007515,74.125.68.0-255,2902,251430,18,277680
156,0.007518,172.31.36.0-255,66,251496,18,277680
157,0.007535,74.125.68.0-255,2902,254398,18,277680
158,0.007536,172.31.36.0-255,66,254464,18,277680
159,0.00997,74.125.68.0-255,5738,260202,18,277680
160,0.009975,172.31.36.0-255,66,260268,18,277680
161,0.012442,74.125.68.0-255,5738,266006,18,277680
162,0.012449,172.31.36.0-255,66,266072,18,277680
163,0.015072,74.125.68.0-255,5738,271810,18,277680
164,0.015079,172.31.36.0-255,66,271876,18,277680
165,0.017532,74.125.68.0-255,5738,277614,18,277680
166,0.017541,172.31.36.0-255,66,277680,18,277680
167,0.0,74.125.24.0-255,153,153,18,261985
168,3e-05,74.125.24.0-255,1484,1637,18,261985
169,4.1e-05,172.31.36.0-255,66,1703,18,261985
170,4.9e-05,74.125.24.0-255,2902,4605,18,261985
171,5.2e-05,172.31.36.0-255,66,4671,18,261985
172,5.9e-05,74.125.24.0-255,7156,11827,18,261985
173,6.2e-05,172.31.36.0-255,66,11893,18,261985
174,6.6e-05,74.125.24.0-255,1484,13377,18,261985
175,0.000107,172.31.36.0-255,66,13443,18,261985
176,0.00011,74.125.24.0-255,1484,14927,18,261985
177,0.000128,74.125.24.0-255,3961,18888,18,261985
178,0.000131,172.31.36.0-255,66,18954,18,261985
179,0.000172,74.125.24.0-255,1484,20438,18,261985
180,0.000177,74.125.24.0-255,2902,23340,18,261985
181,0.00018,172.31.36.0-255,66,23406,18,261985
182,0.000201,74.125.24.0-255,5738,29144,18,261985
183,0.000204,172.31.36.0-255,66,29210,18,261985
184,0.000223,74.125.24.0-255,7156,36366,18,261985
185,0.000226,172.31.36.0-255,66,36432,18,261985
186,0.000238,74.125.24.0-255,4320,40752,18,261985
187,0.000241,172.31.36.0-255,66,40818,18,261985
188,0.000268,74.125.24.0-255,4320,45138,18,261985
189,0.000271,172.31.36.0-255,66,45204,18,261985
190,0.000293,172.31.36.0-255,66,45270,18,261985
191,0.000341,74.125.24.0-255,129,45399,18,261985
192,0.000825,74.125.24.0-255,342,45741,18,261985
193,0.000856,172.31.36.0-255,66,45807,18,261985
194,0.000928,74.125.24.0-255,1484,47291,18,261985
195,0.000937,74.125.24.0-255,2902,50193,18,261985
196,0.00094,172.31.36.0-255,66,50259,18,261985
197,0.000945,74.125.24.0-255,2902,53161,18,261985
198,0.000948,172.31.36.0-255,66,53227,18,261985
199,0.000962,74.125.24.0-255,2902,56129,18,261985
200,0.000965,172.31.36.0-255,66,56195,18,261985
201,0.000976,74.125.24.0-255,1484,57679,18,261985
202,0.001007,172.31.36.0-255,66,57745,18,261985
203,0.001048,74.125.24.0-255,2902,60647,18,261985
204,0.001051,172.31.36.0-255,66,60713,18,261985
205,0.001084,172.31.36.0-255,66,60779,18,261985
206,0.001313,74.125.24.0-255,1484,62263,18,261985
207,0.001321,74.125.24.0-255,2902,65165,18,261985
208,0.001326,172.31.36.0-255,66,65231,18,261985
209,0.001346,74.125.24.0-255,1484,66715,18,261985
210,0.001366,74.125.24.0-255,4320,71035,18,261985
211,0.00137,172.31.36.0-255,66,71101,18,261985
212,0.001383,74.125.24.0-255,1484,72585,18,261985
213,0.001389,74.125.24.0-255,2902,75487,18,261985
214,0.001391,172.31.36.0-255,66,75553,18,261985
215,0.001419,74.125.24.0-255,4320,79873,18,261985
216,0.001422,172.31.36.0-255,66,79939,18,261985
217,0.001431,74.125.24.0-255,7156,87095,18,261985
218,0.001433,172.31.36.0-255,66,87161,18,261985
219,0.001456,74.125.24.0-255,1484,88645,18,261985
220,0.001461,74.125.24.0-255,4320,92965,18,261985
221,0.001464,172.31.36.0-255,66,93031,18,261985
222,0.001489,74.125.24.0-255,2184,95215,18,261985
223,0.001492,172.31.36.0-255,66,95281,18,261985
224,0.001812,74.125.24.0-255,1484,96765,18,261985
225,0.00182,74.125.24.0-255,2902,99667,18,261985
226,0.001825,172.31.36.0-255,66,99733,18,261985
227,0.001832,74.125.24.0-255,5738,105471,18,261985
228,0.001835,172.31.36.0-255,66,105537,18,261985
229,0.001854,74.125.24.0-255,5738,111275,18,261985
230,0.001857,172.31.36.0-255,66,111341,18,261985
231,0.001879,74.125.24.0-255,7156,118497,18,261985
232,0.001881,172.31.36.0-255,66,118563,18,261985
233,0.001904,74.125.24.0-255,4320,122883,18,261985
234,0.001906,172.31.36.0-255,66,122949,18,261985
235,0.001946,74.125.24.0-255,4320,127269,18,261985
236,0.001949,172.31.36.0-255,66,127335,18,261985
237,0.001966,74.125.24.0-255,2184,129519,18,261985
238,0.001968,172.31.36.0-255,66,129585,18,261985
239,0.002243,74.125.24.0-255,1484,131069,18,261985
240,0.002254,74.125.24.0-255,1484,132553,18,261985
241,0.002256,172.31.36.0-255,66,132619,18,261985
242,0.002276,74.125.24.0-255,1484,134103,18,261985
243,0.002283,74.125.24.0-255,5738,139841,18,261985
244,0.002286,172.31.36.0-255,66,139907,18,261985
245,0.00229,74.125.24.0-255,2902,142809,18,261985
246,0.002292,172.31.36.0-255,66,142875,18,261985
247,0.002308,74.125.24.0-255,5738,148613,18,261985
248,0.00231,172.31.36.0-255,66,148679,18,261985
249,0.002328,74.125.24.0-255,4320,152999,18,261985
250,0.00233,172.31.36.0-255,66,153065,18,261985
251,0.002336,74.125.24.0-255,5738,158803,18,261985
252,0.002338,172.31.36.0-255,66,158869,18,261985
253,0.002362,74.125.24.0-255,2902,161771,18,261985
254,0.002364,172.31.36.0-255,66,161837,18,261985
255,0.002375,74.125.24.0-255,5738,167575,18,261985
256,0.002378,172.31.36.0-255,66,167641,18,261985
257,0.002408,172.31.36.0-255,66,167707,18,261985
258,0.002412,74.125.24.0-255,2902,170609,18,261985
259,0.002414,172.31.36.0-255,66,170675,18,261985
260,0.002439,172.31.36.0-255,66,170741,18,261985
261,0.002472,74.125.24.0-255,2184,172925,18,261985
262,0.002474,172.31.36.0-255,66,172991,18,261985
263,0.002514,74.125.24.0-255,1484,174475,18,261985
264,0.002527,74.125.24.0-255,3602,178077,18,261985
265,0.002901,74.125.24.0-255,1484,179561,18,261985
266,0.002936,74.125.24.0-255,2902,182463,18,261985
267,0.002942,74.125.24.0-255,5738,188201,18,261985
268,0.003012,74.125.24.0-255,7156,195357,18,261985
269,0.003014,74.125.24.0-255,1484,196841,18,261985
270,0.003028,74.125.24.0-255,2902,199743,18,261985
271,0.003032,172.31.36.0-255,78,199821,18,261985
272,0.003034,74.125.24.0-255,1484,201305,18,261985
273,0.003037,172.31.36.0-255,78,201383,18,261985
274,0.003065,172.31.36.0-255,78,201461,18,261985
275,0.003081,74.125.24.0-255,5020,206481,18,261985
276,0.003217,74.125.24.0-255,1484,207965,18,261985
277,0.003241,74.125.24.0-255,2902,210867,18,261985
278,0.003243,74.125.24.0-255,1484,212351,18,261985
279,0.003266,74.125.24.0-255,4320,216671,18,261985
280,0.003285,74.125.24.0-255,2902,219573,18,261985
281,0.003292,74.125.24.0-255,7156,226729,18,261985
282,0.003307,74.125.24.0-255,1484,228213,18,261985
283,0.00333,74.125.24.0-255,2184,230397,18,261985
284,0.004532,74.125.24.0-255,1484,231881,18,261985
285,0.004545,74.125.24.0-255,2902,234783,18,261985
286,0.004574,74.125.24.0-255,4320,239103,18,261985
287,0.004583,74.125.24.0-255,1484,240587,18,261985
288,0.0046,74.125.24.0-255,5738,246325,18,261985
289,0.00462,74.125.24.0-255,7156,253481,18,261985
290,0.004623,74.125.24.0-255,1484,254965,18,261985
291,0.004685,74.125.24.0-255,6581,261546,18,261985
292,0.004688,74.125.24.0-255,97,261643,18,261985
293,0.004699,74.125.24.0-255,105,261748,18,261985
294,0.005964,172.31.36.0-255,66,261814,18,261985
295,0.008562,172.31.36.0-255,105,261919,18,261985
296,0.010587,74.125.24.0-255,66,261985,18,261985
297,0.0,172.217.194.0-255,630,630,18,1022
298,0.001254,172.217.194.0-255,97,727,18,1022
299,0.001265,172.31.36.0-255,66,793,18,1022
300,0.003712,172.217.194.0-255,66,859,18,1022
301,0.008202,172.31.36.0-255,97,956,18,1022
302,0.015052,172.217.194.0-255,66,1022,18,1022
303,0.0,172.217.24.0-255,146,146,18,316927
304,2.4e-05,172.31.36.0-255,66,212,18,316927
305,3.2e-05,172.217.24.0-255,1484,1696,18,316927
306,3.8e-05,172.31.36.0-255,66,1762,18,316927
307,5.3e-05,172.217.24.0-255,2902,4664,18,316927
308,5.7e-05,172.31.36.0-255,66,4730,18,316927
309,6.4e-05,172.217.24.0-255,5738,10468,18,316927
310,6.8e-05,172.31.36.0-255,66,10534,18,316927
311,0.000101,172.217.24.0-255,3492,14026,18,316927
312,0.000104,172.31.36.0-255,66,14092,18,316927
313,0.000135,172.217.24.0-255,1484,15576,18,316927
314,0.000138,172.31.36.0-255,66,15642,18,316927
315,0.000144,172.217.24.0-255,2902,18544,18,316927
316,0.000146,172.31.36.0-255,66,18610,18,316927
317,0.000152,172.217.24.0-255,4320,22930,18,316927
318,0.000155,172.31.36.0-255,66,22996,18,316927
319,0.000191,172.31.36.0-255,66,23062,18,316927
320,0.000256,172.217.24.0-255,1484,24546,18,316927
321,0.000259,172.31.36.0-255,66,24612,18,316927
322,0.000264,172.217.24.0-255,2902,27514,18,316927
323,0.000266,172.31.36.0-255,66,27580,18,316927
324,0.000284,172.217.24.0-255,1484,29064,18,316927
325,0.000288,172.31.36.0-255,66,29130,18,316927
326,0.000307,172.217.24.0-255,2902,32032,18,316927
327,0.00031,172.31.36.0-255,66,32098,18,316927
328,0.000314,172.217.24.0-255,2902,35000,18,316927
329,0.000317,172.31.36.0-255,66,35066,18,316927
330,0.000347,172.217.24.0-255,4320,39386,18,316927
331,0.00035,172.31.36.0-255,66,39452,18,316927
332,0.000353,172.217.24.0-255,1125,40577,18,316927
333,0.000355,172.31.36.0-255,66,40643,18,316927
334,0.000408,172.217.24.0-255,1484,42127,18,316927
335,0.000414,172.217.24.0-255,1484,43611,18,316927
336,0.000416,172.31.36.0-255,66,43677,18,316927
337,0.000446,172.217.24.0-255,1484,45161,18,316927
338,0.000453,172.217.24.0-255,5738,50899,18,316927
339,0.000456,172.31.36.0-255,66,50965,18,316927
340,0.000478,172.217.24.0-255,7087,58052,18,316927
341,0.000481,172.31.36.0-255,66,58118,18,316927
342,0.000899,172.217.24.0-255,136,58254,18,316927
343,0.001074,172.217.24.0-255,1484,59738,18,316927
344,0.001079,172.31.36.0-255,66,59804,18,316927
345,0.001086,172.217.24.0-255,2902,62706,18,316927
346,0.001088,172.31.36.0-255,66,62772,18,316927
347,0.001117,172.217.24.0-255,5738,68510,18,316927
348,0.001119,172.31.36.0-255,66,68576,18,316927
349,0.00115,172.217.24.0-255,7156,75732,18,316927
350,0.001153,172.31.36.0-255,66,75798,18,316927
351,0.001173,172.217.24.0-255,2543,78341,18,316927
352,0.001176,172.31.36.0-255,66,78407,18,316927
353,0.001182,172.217.24.0-255,5738,84145,18,316927
354,0.001185,172.31.36.0-255,66,84211,18,316927
355,0.001217,172.217.24.0-255,1484,85695,18,316927
356,0.001221,172.217.24.0-255,1484,87179,18,316927
357,0.001223,172.31.36.0-255,66,87245,18,316927
358,0.001228,172.217.24.0-255,2902,90147,18,316927
359,0.00123,172.31.36.0-255,66,90213,18,316927
360,0.001235,172.217.24.0-255,2543,92756,18,316927
361,0.001237,172.31.36.0-255,66,92822,18,316927
362,0.001309,172.217.24.0-255,2902,95724,18,316927
363,0.001312,172.31.36.0-255,66,95790,18,316927
364,0.00132,172.217.24.0-255,4320,100110,18,316927
365,0.001322,172.31.36.0-255,66,100176,18,316927
366,0.001355,172.31.36.0-255,66,100242,18,316927
367,0.001405,172.217.24.0-255,2902,103144,18,316927
368,0.001409,172.31.36.0-255,66,103210,18,316927
369,0.001449,172.31.36.0-255,66,103276,18,316927
370,0.001474,172.217.24.0-255,1886,105162,18,316927
371,0.001478,172.31.36.0-255,66,105228,18,316927
372,0.001582,172.217.24.0-255,1484,106712,18,316927
373,0.001599,172.217.24.0-255,2902,109614,18,316927
374,0.001602,172.31.36.0-255,66,109680,18,316927
375,0.00163,172.217.24.0-255,5738,115418,18,316927
376,0.001643,172.31.36.0-255,66,115484,18,316927
377,0.00165,172.31.36.0-255,66,115550,18,316927
378,0.00166,172.217.24.0-255,4320,119870,18,316927
379,0.001663,172.31.36.0-255,66,119936,18,316927
380,0.001674,172.31.36.0-255,66,120002,18,316927
381,0.0017,172.217.24.0-255,2184,122186,18,316927
382,0.001702,172.31.36.0-255,66,122252,18,316927
383,0.001818,172.217.24.0-255,1484,123736,18,316927
384,0.001822,172.217.24.0-255,1484,125220,18,316927
385,0.001827,172.31.36.0-255,66,125286,18,316927
386,0.00184,172.217.24.0-255,1484,126770,18,316927
387,0.001852,172.217.24.0-255,5738,132508,18,316927
388,0.001854,172.31.36.0-255,66,132574,18,316927
389,0.00186,172.217.24.0-255,4320,136894,18,316927
390,0.001862,172.31.36.0-255,66,136960,18,316927
391,0.001865,172.217.24.0-255,1484,138444,18,316927
392,0.001896,172.217.24.0-255,4320,142764,18,316927
393,0.0019,172.31.36.0-255,66,142830,18,316927
394,0.001914,172.31.36.0-255,66,142896,18,316927
395,0.001917,172.217.24.0-255,2184,145080,18,316927
396,0.00192,172.31.36.0-255,66,145146,18,316927
397,0.002093,172.217.24.0-255,1484,146630,18,316927
398,0.002098,172.217.24.0-255,1484,148114,18,316927
399,0.002101,172.31.36.0-255,66,148180,18,316927
400,0.002125,172.217.24.0-255,1484,149664,18,316927
401,0.002132,172.217.24.0-255,5738,155402,18,316927
402,0.002135,172.31.36.0-255,66,155468,18,316927
403,0.002163,172.31.36.0-255,66,155534,18,316927
404,0.002174,172.31.36.0-255,66,155600,18,316927
405,0.002208,172.217.24.0-255,5020,160620,18,316927
406,0.002211,172.31.36.0-255,66,160686,18,316927
407,0.002291,172.217.24.0-255,1484,162170,18,316927
408,0.002305,172.217.24.0-255,2902,165072,18,316927
409,0.002308,172.31.36.0-255,66,165138,18,316927
410,0.002337,172.217.24.0-255,5738,170876,18,316927
411,0.002341,172.31.36.0-255,66,170942,18,316927
412,0.002353,172.217.24.0-255,5738,176680,18,316927
413,0.002355,172.31.36.0-255,66,176746,18,316927
414,0.002383,172.217.24.0-255,4320,181066,18,316927
415,0.002386,172.31.36.0-255,66,181132,18,316927
416,0.00239,172.217.24.0-255,1484,182616,18,316927
417,0.002396,172.217.24.0-255,4320,186936,18,316927
418,0.002398,172.31.36.0-255,66,187002,18,316927
419,0.002428,172.31.36.0-255,66,187068,18,316927
420,0.002769,172.217.24.0-255,1484,188552,18,316927
421,0.002809,172.217.24.0-255,1484,190036,18,316927
422,0.002813,172.31.36.0-255,66,190102,18,316927
423,0.002841,172.217.24.0-255,1484,191586,18,316927
424,0.002846,172.217.24.0-255,2902,194488,18,316927
425,0.002849,172.31.36.0-255,66,194554,18,316927
426,0.002855,172.217.24.0-255,5738,200292,18,316927
427,0.002858,172.31.36.0-255,66,200358,18,316927
428,0.002884,172.217.24.0-255,2902,203260,18,316927
429,0.002887,172.31.36.0-255,66,203326,18,316927
430,0.002933,172.31.36.0-255,66,203392,18,316927
431,0.002941,172.217.24.0-255,7156,210548,18,316927
432,0.002948,172.31.36.0-255,66,210614,18,316927
433,0.00295,172.217.24.0-255,766,211380,18,316927
434,0.002979,172.217.24.0-255,1484,212864,18,316927
435,0.002981,172.31.36.0-255,66,212930,18,316927
436,0.003009,172.217.24.0-255,2902,215832,18,316927
437,0.003012,172.31.36.0-255,66,215898,18,316927
438,0.003017,172.217.24.0-255,2902,218800,18,316927
439,0.003019,172.31.36.0-255,66,218866,18,316927
440,0.003059,172.217.24.0-255,1484,220350,18,316927
441,0.003073,172.217.24.0-255,1484,221834,18,316927
442,0.003075,172.31.36.0-255,66,221900,18,316927
443,0.00308,172.217.24.0-255,2902,224802,18,316927
444,0.003083,172.31.36.0-255,66,224868,18,316927
445,0.003112,172.217.24.0-255,5738,230606,18,316927
446,0.003115,172.31.36.0-255,66,230672,18,316927
447,0.003119,172.217.24.0-255,1484,232156,18,316927
448,0.00315,172.217.24.0-255,7156,239312,18,316927
449,0.003153,172.31.36.0-255,66,239378,18,316927
450,0.003156,172.217.24.0-255,1484,240862,18,316927
451,0.003177,172.217.24.0-255,1484,242346,18,316927
452,0.00318,172.31.36.0-255,66,242412,18,316927
453,0.003213,172.217.24.0-255,3602,246014,18,316927
454,0.003216,172.31.36.0-255,66,246080,18,316927
455,0.003292,172.217.24.0-255,1484,247564,18,316927
456,0.003299,172.217.24.0-255,2902,250466,18,316927
457,0.003301,172.31.36.0-255,66,250532,18,316927
458,0.003332,172.217.24.0-255,5738,256270,18,316927
459,0.003335,172.31.36.0-255,66,256336,18,316927
460,0.003339,172.217.24.0-255,2902,259238,18,316927
461,0.003341,172.31.36.0-255,66,259304,18,316927
462,0.003348,172.217.24.0-255,4320,263624,18,316927
463,0.00335,172.31.36.0-255,66,263690,18,316927
464,0.003353,172.217.24.0-255,1484,265174,18,316927
465,0.003382,172.217.24.0-255,4320,269494,18,316927
466,0.003385,172.31.36.0-255,66,269560,18,316927
467,0.003413,172.217.24.0-255,7156,276716,18,316927
468,0.003416,172.31.36.0-255,66,276782,18,316927
469,0.003422,172.217.24.0-255,3602,280384,18,316927
470,0.003424,172.31.36.0-255,66,280450,18,316927
471,0.003519,172.217.24.0-255,1484,281934,18,316927
472,0.003524,172.217.24.0-255,1484,283418,18,316927
473,0.003526,172.31.36.0-255,66,283484,18,316927
474,0.003551,172.217.24.0-255,1484,284968,18,316927
475,0.003556,172.217.24.0-255,2902,287870,18,316927
476,0.003559,172.31.36.0-255,66,287936,18,316927
477,0.003586,172.217.24.0-255,2902,290838,18,316927
478,0.003588,172.31.36.0-255,66,290904,18,316927
479,0.003591,172.217.24.0-255,1484,292388,18,316927
480,0.003594,172.217.24.0-255,1484,293872,18,316927
481,0.003596,172.31.36.0-255,66,293938,18,316927
482,0.0036,172.217.24.0-255,1484,295422,18,316927
483,0.003608,172.217.24.0-255,1484,296906,18,316927
484,0.00361,172.31.36.0-255,66,296972,18,316927
485,0.003613,172.217.24.0-255,1484,298456,18,316927
486,0.003621,172.217.24.0-255,7156,305612,18,316927
487,0.003624,172.31.36.0-255,66,305678,18,316927
488,0.003665,172.217.24.0-255,4320,309998,18,316927
489,0.003667,172.31.36.0-255,66,310064,18,316927
490,0.003689,172.217.24.0-255,1484,311548,18,316927
491,0.003694,172.217.24.0-255,3602,315150,18,316927
492,0.003697,172.31.36.0-255,66,315216,18,316927
493,0.003699,172.217.24.0-255,1252,316468,18,316927
494,0.003723,172.217.24.0-255,105,316573,18,316927
495,0.010825,172.217.24.0-255,105,316678,18,316927
496,0.010848,172.31.36.0-255,78,316756,18,316927
497,0.013702,172.31.36.0-255,105,316861,18,316927
498,0.015623,172.217.24.0-255,66,316927,18,316927
499,0.0,172.31.36.0-255,105,105,18,105
500,0.0,74.125.24.0-255,146,146,18,164563
501,2.5e-05,172.31.36.0-255,66,212,18,164563
502,3.2e-05,74.125.24.0-255,1484,1696,18,164563
503,3.6e-05,172.31.36.0-255,66,1762,18,164563
504,4.2e-05,74.125.24.0-255,2902,4664,18,164563
505,4.5e-05,172.31.36.0-255,66,4730,18,164563
506,5.7e-05,74.125.24.0-255,4320,9050,18,164563
507,6e-05,172.31.36.0-255,66,9116,18,164563
508,0.000104,172.31.36.0-255,66,9182,18,164563
509,0.00013,74.125.24.0-255,2051,11233,18,164563
510,0.000133,172.31.36.0-255,66,11299,18,164563
511,0.000147,172.31.36.0-255,66,11365,18,164563
512,0.000191,74.125.24.0-255,7156,18521,18,164563
513,0.000196,172.31.36.0-255,66,18587,18,164563
514,0.000243,172.31.36.0-255,66,18653,18,164563
515,0.000309,74.125.24.0-255,4320,22973,18,164563
516,0.000313,172.31.36.0-255,66,23039,18,164563
517,0.00034,74.125.24.0-255,4297,27336,18,164563
518,0.000346,172.31.36.0-255,66,27402,18,164563
519,0.000382,172.31.36.0-255,66,27468,18,164563
520,0.000424,172.31.36.0-255,66,27534,18,164563
521,0.000455,74.125.24.0-255,5738,33272,18,164563
522,0.00046,172.31.36.0-255,66,33338,18,164563
523,0.000503,74.125.24.0-255,2902,36240,18,164563
524,0.000507,172.31.36.0-255,66,36306,18,164563
525,0.000529,74.125.24.0-255,5306,41612,18,164563
526,0.000534,172.31.36.0-255,66,41678,18,164563
527,0.000546,172.31.36.0-255,66,41744,18,164563
528,0.000571,74.125.24.0-255,1484,43228,18,164563
529,0.000579,172.31.36.0-255,66,43294,18,164563
530,0.000609,172.31.36.0-255,66,43360,18,164563
531,0.000642,74.125.24.0-255,7156,50516,18,164563
532,0.000646,172.31.36.0-255,66,50582,18,164563
533,0.000675,74.125.24.0-255,1484,52066,18,164563
534,0.000679,172.31.36.0-255,66,52132,18,164563
535,0.000714,74.125.24.0-255,5020,57152,18,164563
536,0.000717,172.31.36.0-255,66,57218,18,164563
537,0.000724,74.125.24.0-255,7156,64374,18,164563
538,0.000726,172.31.36.0-255,66,64440,18,164563
539,0.000753,74.125.24.0-255,1484,65924,18,164563
540,0.00077,74.125.24.0-255,4320,70244,18,164563
541,0.000781,172.31.36.0-255,66,70310,18,164563
542,0.000811,172.31.36.0-255,66,70376,18,164563
543,0.000838,74.125.24.0-255,1484,71860,18,164563
544,0.000861,172.31.36.0-255,66,71926,18,164563
545,0.000888,74.125.24.0-255,1484,73410,18,164563
546,0.000968,172.31.36.0-255,66,73476,18,164563
547,0.000996,172.31.36.0-255,66,73542,18,164563
548,0.00104,74.125.24.0-255,2902,76444,18,164563
549,0.001043,172.31.36.0-255,66,76510,18,164563
550,0.001054,74.125.24.0-255,2184,78694,18,164563
551,0.001069,172.31.36.0-255,66,78760,18,164563
552,0.001078,74.125.24.0-255,1484,80244,18,164563
553,0.001104,74.125.24.0-255,4320,84564,18,164563
554,0.001113,172.31.36.0-255,66,84630,18,164563
555,0.001117,172.31.36.0-255,66,84696,18,164563
556,0.001149,74.125.24.0-255,2902,87598,18,164563
557,0.001158,74.125.24.0-255,1484,89082,18,164563
558,0.001161,172.31.36.0-255,66,89148,18,164563
559,0.00117,74.125.24.0-255,4320,93468,18,164563
560,0.001177,172.31.36.0-255,66,93534,18,164563
561,0.001203,172.31.36.0-255,66,93600,18,164563
562,0.001242,74.125.24.0-255,1484,95084,18,164563
563,0.001258,74.125.24.0-255,2902,97986,18,164563
564,0.001261,172.31.36.0-255,66,98052,18,164563
565,0.001282,74.125.24.0-255,5738,103790,18,164563
566,0.001292,172.31.36.0-255,66,103856,18,164563
567,0.001296,74.125.24.0-255,2902,106758,18,164563
568,0.00131,172.31.36.0-255,66,106824,18,164563
569,0.001352,172.31.36.0-255,66,106890,18,164563
570,0.001388,172.31.36.0-255,66,106956,18,164563
571,0.001414,74.125.24.0-255,766,107722,18,164563
572,0.001434,74.125.24.0-255,4320,112042,18,164563
573,0.001437,172.31.36.0-255,66,112108,18,164563
574,0.001469,74.125.24.0-255,7156,119264,18,164563
575,0.001479,172.31.36.0-255,66,119330,18,164563
576,0.001523,172.31.36.0-255,66,119396,18,164563
577,0.001532,74.125.24.0-255,4320,123716,18,164563
578,0.001536,172.31.36.0-255,66,123782,18,164563
579,0.001562,74.125.24.0-255,2902,126684,18,164563
580,0.001575,172.31.36.0-255,66,126750,18,164563
581,0.001585,74.125.24.0-255,5020,131770,18,164563
582,0.001602,74.125.24.0-255,2902,134672,18,164563
583,0.001602,172.31.36.0-255,66,134738,18,164563
584,0.001607,172.31.36.0-255,66,134804,18,164563
585,0.001618,74.125.24.0-255,7156,141960,18,164563
586,0.001621,172.31.36.0-255,66,142026,18,164563
587,0.001677,172.31.36.0-255,66,142092,18,164563
588,0.001731,74.125.24.0-255,4320,146412,18,164563
589,0.001734,172.31.36.0-255,66,146478,18,164563
590,0.001764,74.125.24.0-255,5020,151498,18,164563
591,0.001777,172.31.36.0-255,66,151564,18,164563
592,0.001779,74.125.24.0-255,2902,154466,18,164563
593,0.001782,172.31.36.0-255,66,154532,18,164563
594,0.001889,172.31.36.0-255,66,154598,18,164563
595,0.001917,172.31.36.0-255,66,154664,18,164563
596,0.002037,74.125.24.0-255,4320,158984,18,164563
597,0.002042,172.31.36.0-255,66,159050,18,164563
598,0.002097,74.125.24.0-255,3602,162652,18,164563
599,0.002155,74.125.24.0-255,1674,164326,18,164563
600,0.007703,172.31.36.0-255,66,164392,18,164563
601,0.009417,172.31.36.0-255,105,164497,18,164563
602,0.011992,74.125.24.0-255,66,164563,18,164563
603,0.0,172.217.194.0-255,153,153,18,134035
604,5.6e-05,172.217.194.0-255,1484,1637,18,134035
605,6.7e-05,172.31.36.0-255,66,1703,18,134035
606,7.3e-05,172.217.194.0-255,2902,4605,18,134035
607,7.7e-05,172.31.36.0-255,66,4671,18,134035
608,8.4e-05,172.217.194.0-255,7156,11827,18,134035
609,8.6e-05,172.31.36.0-255,66,11893,18,134035
610,0.000109,172.31.36.0-255,66,11959,18,134035
611,0.000162,172.31.36.0-255,66,12025,18,134035
612,0.000191,172.217.194.0-255,5020,17045,18,134035
613,0.000194,172.31.36.0-255,66,17111,18,134035
614,0.000431,172.217.194.0-255,1484,18595,18,134035
615,0.000438,172.217.194.0-255,2902,21497,18,134035
616,0.000442,172.31.36.0-255,66,21563,18,134035
617,0.000449,172.217.194.0-255,5738,27301,18,134035
618,0.000454,172.31.36.0-255,66,27367,18,134035
619,0.000484,172.217.194.0-255,6797,34164,18,134035
620,0.000488,172.31.36.0-255,66,34230,18,134035
621,0.000626,172.217.194.0-255,647,34877,18,134035
622,0.000652,172.217.194.0-255,1484,36361,18,134035
623,0.000658,172.31.36.0-255,66,36427,18,134035
624,0.000665,172.217.194.0-255,4320,40747,18,134035
625,0.000669,172.31.36.0-255,66,40813,18,134035
626,0.000695,172.217.194.0-255,7156,47969,18,134035
627,0.000699,172.31.36.0-255,66,48035,18,134035
628,0.000704,172.217.194.0-255,4320,52355,18,134035
629,0.000709,172.31.36.0-255,66,52421,18,134035
630,0.000745,172.31.36.0-255,66,52487,18,134035
631,0.000752,172.217.194.0-255,5738,58225,18,134035
632,0.000754,172.31.36.0-255,66,58291,18,134035
633,0.000789,172.217.194.0-255,1484,59775,18,134035
634,0.000801,172.31.36.0-255,66,59841,18,134035
635,0.000812,172.31.36.0-255,66,59907,18,134035
636,0.000818,172.217.194.0-255,4320,64227,18,134035
637,0.000821,172.31.36.0-255,66,64293,18,134035
638,0.000869,172.31.36.0-255,66,64359,18,134035
639,0.000877,172.217.194.0-255,7156,71515,18,134035
640,0.000879,172.31.36.0-255,66,71581,18,134035
641,0.000927,172.31.36.0-255,66,71647,18,134035
642,0.000942,172.31.36.0-255,66,71713,18,134035
643,0.000968,172.217.194.0-255,2184,73897,18,134035
644,0.000974,172.31.36.0-255,66,73963,18,134035
645,0.000981,172.31.36.0-255,66,74029,18,134035
646,0.001041,172.31.36.0-255,66,74095,18,134035
647,0.001049,172.217.194.0-255,6438,80533,18,134035
648,0.001051,172.31.36.0-255,66,80599,18,134035
649,0.001146,172.31.36.0-255,66,80665,18,134035
650,0.001182,172.31.36.0-255,66,80731,18,134035
651,0.001551,172.217.194.0-255,1484,82215,18,134035
652,0.001559,172.217.194.0-255,2902,85117,18,134035
653,0.001563,172.31.36.0-255,66,85183,18,134035
654,0.00157,172.217.194.0-255,5738,90921,18,134035
655,0.001572,172.31.36.0-255,66,90987,18,134035
656,0.001579,172.217.194.0-255,7156,98143,18,134035
657,0.001582,172.31.36.0-255,66,98209,18,134035
658,0.00161,172.217.194.0-255,5738,103947,18,134035
659,0.001619,172.31.36.0-255,66,104013,18,134035
660,0.001631,172.31.36.0-255,66,104079,18,134035
661,0.001679,172.217.194.0-255,1484,105563,18,134035
662,0.001685,172.217.194.0-255,2902,108465,18,134035
663,0.001688,172.31.36.0-255,66,108531,18,134035
664,0.001717,172.217.194.0-255,5738,114269,18,134035
665,0.001721,172.31.36.0-255,66,114335,18,134035
666,0.001726,172.217.194.0-255,2902,117237,18,134035
667,0.001728,172.31.36.0-255,66,117303,18,134035
668,0.001767,172.31.36.0-255,66,117369,18,134035
669,0.001772,172.217.194.0-255,2902,120271,18,134035
670,0.001775,172.31.36.0-255,66,120337,18,134035
671,0.00183,172.31.36.0-255,66,120403,18,134035
672,0.001834,172.217.194.0-255,1484,121887,18,134035
673,0.001883,172.31.36.0-255,66,121953,18,134035
674,0.001904,172.31.36.0-255,66,122019,18,134035
675,0.001941,172.217.194.0-255,5738,127757,18,134035
676,0.001945,172.31.36.0-255,66,127823,18,134035
677,0.001997,172.31.36.0-255,66,127889,18,134035
678,0.002004,172.217.194.0-255,5738,133627,18,134035
679,0.002008,172.31.36.0-255,66,133693,18,134035
680,0.002071,172.31.36.0-255,66,133759,18,134035
681,0.002074,172.217.194.0-255,105,133864,18,134035
682,0.003652,172.31.36.0-255,105,133969,18,134035
683,0.00629,172.217.194.0-255,66,134035,18,134035
684,0.0,74.125.24.0-255,153,153,18,140922
685,1.7e-05,172.31.36.0-255,66,219,18,140922
686,2.5e-05,74.125.24.0-255,1484,1703,18,140922
687,3e-05,172.31.36.0-255,66,1769,18,140922
688,3.5e-05,74.125.24.0-255,2902,4671,18,140922
689,3.8e-05,172.31.36.0-255,66,4737,18,140922
690,5.3e-05,74.125.24.0-255,7156,11893,18,140922
691,5.6e-05,172.31.36.0-255,66,11959,18,140922
692,6.1e-05,74.125.24.0-255,2029,13988,18,140922
693,6.4e-05,172.31.36.0-255,66,14054,18,140922
694,0.000153,74.125.24.0-255,1484,15538,18,140922
695,0.000157,172.31.36.0-255,66,15604,18,140922
696,0.000162,74.125.24.0-255,2902,18506,18,140922
697,0.000165,172.31.36.0-255,66,18572,18,140922
698,0.000169,74.125.24.0-255,2902,21474,18,140922
699,0.000176,172.31.36.0-255,66,21540,18,140922
700,0.0002,74.125.24.0-255,2902,24442,18,140922
701,0.000202,172.31.36.0-255,66,24508,18,140922
702,0.000214,74.125.24.0-255,6797,31305,18,140922
703,0.000216,172.31.36.0-255,66,31371,18,140922
704,0.000445,74.125.24.0-255,1484,32855,18,140922
705,0.000451,172.31.36.0-255,66,32921,18,140922
706,0.000457,74.125.24.0-255,2902,35823,18,140922
707,0.000459,172.31.36.0-255,66,35889,18,140922
708,0.000471,74.125.24.0-255,4320,40209,18,140922
709,0.000474,172.31.36.0-255,66,40275,18,140922
710,0.000505,74.125.24.0-255,1484,41759,18,140922
711,0.000508,172.31.36.0-255,66,41825,18,140922
712,0.00052,172.31.36.0-255,66,41891,18,140922
713,0.000556,74.125.24.0-255,5379,47270,18,140922
714,0.00056,172.31.36.0-255,66,47336,18,140922
715,0.000565,74.125.24.0-255,4320,51656,18,140922
716,0.000567,172.31.36.0-255,66,51722,18,140922
717,0.000601,74.125.24.0-255,5379,57101,18,140922
718,0.000604,172.31.36.0-255,66,57167,18,140922
719,0.000607,74.125.24.0-255,677,57844,18,140922
720,0.001054,74.125.24.0-255,1484,59328,18,140922
721,0.001059,74.125.24.0-255,2902,62230,18,140922
722,0.001065,172.31.36.0-255,66,62296,18,140922
723,0.001074,172.31.36.0-255,66,62362,18,140922
724,0.001081,74.125.24.0-255,5738,68100,18,140922
725,0.001087,172.31.36.0-255,66,68166,18,140922
726,0.001092,74.125.24.0-255,2902,71068,18,140922
727,0.001094,172.31.36.0-255,66,71134,18,140922
728,0.001139,172.31.36.0-255,66,71200,18,140922
729,0.001152,172.31.36.0-255,66,71266,18,140922
730,0.002077,74.125.24.0-255,1484,72750,18,140922
731,0.002089,74.125.24.0-255,2902,75652,18,140922
732,0.002094,172.31.36.0-255,66,75718,18,140922
733,0.002102,74.125.24.0-255,5738,81456,18,140922
734,0.002104,172.31.36.0-255,66,81522,18,140922
735,0.002144,172.31.36.0-255,66,81588,18,140922
736,0.002167,74.125.24.0-255,1484,83072,18,140922
737,0.002175,74.125.24.0-255,7156,90228,18,140922
738,0.002177,172.31.36.0-255,66,90294,18,140922
739,0.002205,74.125.24.0-255,3602,93896,18,140922
740,0.002207,172.31.36.0-255,66,93962,18,140922
741,0.00434,74.125.24.0-255,1484,95446,18,140922
742,0.004371,74.125.24.0-255,1484,96930,18,140922
743,0.004373,172.31.36.0-255,66,96996,18,140922
744,0.0044,74.125.24.0-255,2902,99898,18,140922
745,0.004403,172.31.36.0-255,66,99964,18,140922
746,0.006518,74.125.24.0-255,1484,101448,18,140922
747,0.006536,74.125.24.0-255,1484,102932,18,140922
748,0.006539,172.31.36.0-255,66,102998,18,140922
749,0.006593,74.125.24.0-255,2902,105900,18,140922
750,0.006596,172.31.36.0-255,66,105966,18,140922
751,0.008733,74.125.24.0-255,2902,108868,18,140922
752,0.00874,172.31.36.0-255,66,108934,18,140922
753,0.008771,74.125.24.0-255,2902,111836,18,140922
754,0.008774,172.31.36.0-255,66,111902,18,140922
755,0.010931,74.125.24.0-255,5738,117640,18,140922
756,0.01094,172.31.36.0-255,66,117706,18,140922
757,0.013138,74.125.24.0-255,5738,123444,18,140922
758,0.013148,172.31.36.0-255,66,123510,18,140922
759,0.015331,74.125.24.0-255,5738,129248,18,140922
760,0.015341,172.31.36.0-255,66,129314,18,140922
761,0.017522,74.125.24.0-255,5738,135052,18,140922
762,0.01753,172.31.36.0-255,66,135118,18,140922
763,0.019736,74.125.24.0-255,5738,140856,18,140922
764,0.019744,172.31.36.0-255,66,140922,18,140922
765,0.0,74.125.24.0-255,298,298,18,249111
766,2.3e-05,172.31.36.0-255,66,364,18,249111
767,3.7e-05,74.125.24.0-255,1484,1848,18,249111
768,4.1e-05,172.31.36.0-255,66,1914,18,249111
769,5.5e-05,74.125.24.0-255,2902,4816,18,249111
770,5.8e-05,172.31.36.0-255,66,4882,18,249111
771,7.2e-05,74.125.24.0-255,1484,6366,18,249111
772,7.4e-05,172.31.36.0-255,66,6432,18,249111
773,8.7e-05,74.125.24.0-255,2902,9334,18,249111
774,9e-05,172.31.36.0-255,66,9400,18,249111
775,0.000123,74.125.24.0-255,6106,15506,18,249111
776,0.000125,172.31.36.0-255,66,15572,18,249111
777,0.000137,172.31.36.0-255,66,15638,18,249111
778,0.00014,74.125.24.0-255,1484,17122,18,249111
779,0.000142,172.31.36.0-255,66,17188,18,249111
780,0.000167,74.125.24.0-255,3961,21149,18,249111
781,0.00017,172.31.36.0-255,66,21215,18,249111
782,0.000187,74.125.24.0-255,1484,22699,18,249111
783,0.000191,172.31.36.0-255,66,22765,18,249111
784,0.000216,74.125.24.0-255,4320,27085,18,249111
785,0.000219,172.31.36.0-255,66,27151,18,249111
786,0.000226,74.125.24.0-255,7156,34307,18,249111
787,0.000228,172.31.36.0-255,66,34373,18,249111
788,0.000254,74.125.24.0-255,3961,38334,18,249111
789,0.000256,172.31.36.0-255,66,38400,18,249111
790,0.000294,74.125.24.0-255,4320,42720,18,249111
791,0.000298,172.31.36.0-255,66,42786,18,249111
792,0.00031,172.31.36.0-255,66,42852,18,249111
793,0.000313,74.125.24.0-255,1484,44336,18,249111
794,0.000315,172.31.36.0-255,66,44402,18,249111
795,0.000395,74.125.24.0-255,1735,46137,18,249111
796,0.0004,172.31.36.0-255,66,46203,18,249111
797,0.000493,74.125.24.0-255,1484,47687,18,249111
798,0.000511,74.125.24.0-255,2902,50589,18,249111
799,0.000514,172.31.36.0-255,66,50655,18,249111
800,0.00053,74.125.24.0-255,2902,53557,18,249111
801,0.000533,172.31.36.0-255,66,53623,18,249111
802,0.000554,74.125.24.0-255,2902,56525,18,249111
803,0.000557,172.31.36.0-255,66,56591,18,249111
804,0.000564,74.125.24.0-255,5738,62329,18,249111
805,0.000568,172.31.36.0-255,66,62395,18,249111
806,0.000586,74.125.24.0-255,5379,67774,18,249111
807,0.00059,172.31.36.0-255,66,67840,18,249111
808,0.000601,172.31.36.0-255,66,67906,18,249111
809,0.000622,74.125.24.0-255,2543,70449,18,249111
810,0.000624,172.31.36.0-255,66,70515,18,249111
811,0.000811,74.125.24.0-255,1484,71999,18,249111
812,0.000827,74.125.24.0-255,2902,74901,18,249111
813,0.00083,172.31.36.0-255,66,74967,18,249111
814,0.000851,74.125.24.0-255,5738,80705,18,249111
815,0.000854,172.31.36.0-255,66,80771,18,249111
816,0.000866,74.125.24.0-255,1484,82255,18,249111
817,0.000899,172.31.36.0-255,66,82321,18,249111
818,0.000907,74.125.24.0-255,7156,89477,18,249111
819,0.000911,172.31.36.0-255,66,89543,18,249111
820,0.000944,74.125.24.0-255,3602,93145,18,249111
821,0.000948,172.31.36.0-255,66,93211,18,249111
822,0.001002,74.125.24.0-255,1484,94695,18,249111
823,0.001006,74.125.24.0-255,1484,96179,18,249111
824,0.00101,172.31.36.0-255,66,96245,18,249111
825,0.001027,74.125.24.0-255,1484,97729,18,249111
826,0.001033,74.125.24.0-255,4320,102049,18,249111
827,0.001036,172.31.36.0-255,66,102115,18,249111
828,0.001055,74.125.24.0-255,1484,103599,18,249111
829,0.001066,172.31.36.0-255,66,103665,18,249111
830,0.001098,74.125.24.0-255,5738,109403,18,249111
831,0.001102,172.31.36.0-255,66,109469,18,249111
832,0.00113,172.31.36.0-255,66,109535,18,249111
833,0.001143,172.31.36.0-255,66,109601,18,249111
834,0.001165,74.125.24.0-255,4320,113921,18,249111
835,0.001169,172.31.36.0-255,66,113987,18,249111
836,0.00118,172.31.36.0-255,66,114053,18,249111
837,0.001211,172.31.36.0-255,66,114119,18,249111
838,0.001265,74.125.24.0-255,1484,115603,18,249111
839,0.001269,74.125.24.0-255,1484,117087,18,249111
840,0.001273,172.31.36.0-255,66,117153,18,249111
841,0.001281,74.125.24.0-255,1484,118637,18,249111
842,0.001286,74.125.24.0-255,4320,122957,18,249111
843,0.001289,172.31.36.0-255,66,123023,18,249111
844,0.001303,74.125.24.0-255,1484,124507,18,249111
845,0.001308,74.125.24.0-255,2902,127409,18,249111
846,0.00131,172.31.36.0-255,66,127475,18,249111
847,0.001331,74.125.24.0-255,7156,134631,18,249111
848,0.001334,172.31.36.0-255,66,134697,18,249111
849,0.00135,74.125.24.0-255,2902,137599,18,249111
850,0.001352,172.31.36.0-255,66,137665,18,249111
851,0.001365,172.31.36.0-255,66,137731,18,249111
852,0.001709,74.125.24.0-255,1484,139215,18,249111
853,0.001715,74.125.24.0-255,2902,142117,18,249111
854,0.001718,172.31.36.0-255,66,142183,18,249111
855,0.001742,74.125.24.0-255,5738,147921,18,249111
856,0.001745,172.31.36.0-255,66,147987,18,249111
857,0.001762,74.125.24.0-255,5738,153725,18,249111
858,0.00177,172.31.36.0-255,66,153791,18,249111
859,0.001786,74.125.24.0-255,4320,158111,18,249111
860,0.001789,172.31.36.0-255,66,158177,18,249111
861,0.001801,172.31.36.0-255,66,158243,18,249111
862,0.001806,74.125.24.0-255,3602,161845,18,249111
863,0.001809,172.31.36.0-255,66,161911,18,249111
864,0.001837,74.125.24.0-255,4320,166231,18,249111
865,0.00184,172.31.36.0-255,66,166297,18,249111
866,0.001847,74.125.24.0-255,7156,173453,18,249111
867,0.00185,172.31.36.0-255,66,173519,18,249111
868,0.001864,74.125.24.0-255,2902,176421,18,249111
869,0.001868,172.31.36.0-255,66,176487,18,249111
870,0.001874,74.125.24.0-255,5738,182225,18,249111
871,0.001877,172.31.36.0-255,66,182291,18,249111
872,0.001909,74.125.24.0-255,4320,186611,18,249111
873,0.001913,172.31.36.0-255,66,186677,18,249111
874,0.00194,172.31.36.0-255,66,186743,18,249111
875,0.002034,74.125.24.0-255,1484,188227,18,249111
876,0.002054,74.125.24.0-255,2902,191129,18,249111
877,0.002057,172.31.36.0-255,66,191195,18,249111
878,0.002082,74.125.24.0-255,5738,196933,18,249111
879,0.002085,172.31.36.0-255,66,196999,18,249111
880,0.002089,74.125.24.0-255,2902,199901,18,249111
881,0.002091,172.31.36.0-255,66,199967,18,249111
882,0.002118,172.31.36.0-255,66,200033,18,249111
883,0.002129,172.31.36.0-255,66,200099,18,249111
884,0.002146,74.125.24.0-255,2184,202283,18,249111
885,0.002148,172.31.36.0-255,66,202349,18,249111
886,0.004249,74.125.24.0-255,5738,208087,18,249111
887,0.004255,172.31.36.0-255,66,208153,18,249111
888,0.006356,74.125.24.0-255,5738,213891,18,249111
889,0.006363,172.31.36.0-255,66,213957,18,249111
890,0.008485,74.125.24.0-255,5738,219695,18,249111
891,0.008492,172.31.36.0-255,66,219761,18,249111
892,0.010623,74.125.24.0-255,5738,225499,18,249111
893,0.010629,172.31.36.0-255,66,225565,18,249111
894,0.012706,74.125.24.0-255,5738,231303,18,249111
895,0.012715,172.31.36.0-255,66,231369,18,249111
896,0.014787,74.125.24.0-255,5738,237107,18,249111
897,0.014794,172.31.36.0-255,66,237173,18,249111
898,0.016873,74.125.24.0-255,2902,240075,18,249111
899,0.016878,172.31.36.0-255,66,240141,18,249111
900,0.016895,74.125.24.0-255,2902,243043,18,249111
901,0.016897,172.31.36.0-255,66,243109,18,249111
902,0.018955,74.125.24.0-255,2902,246011,18,249111
903,0.018957,172.31.36.0-255,66,246077,18,249111
904,0.018981,74.125.24.0-255,1484,247561,18,249111
905,0.018992,74.125.24.0-255,1484,249045,18,249111
906,0.018994,172.31.36.0-255,66,249111,18,249111
907,0.0,172.217.194.0-255,153,153,18,204085
908,2.4e-05,172.31.36.0-255,66,219,18,204085
909,3.2e-05,172.217.194.0-255,1484,1703,18,204085
910,3.7e-05,172.31.36.0-255,66,1769,18,204085
911,5.4e-05,172.217.194.0-255,2902,4671,18,204085
912,5.8e-05,172.31.36.0-255,66,4737,18,204085
913,6.2e-05,172.217.194.0-255,2902,7639,18,204085
914,6.5e-05,172.31.36.0-255,66,7705,18,204085
915,6.9e-05,172.217.194.0-255,1484,9189,18,204085
916,7.2e-05,172.31.36.0-255,66,9255,18,204085
917,0.0001,172.217.194.0-255,4921,14176,18,204085
918,0.000108,172.31.36.0-255,66,14242,18,204085
919,0.000135,172.217.194.0-255,1484,15726,18,204085
920,0.000138,172.31.36.0-255,66,15792,18,204085
921,0.000142,172.217.194.0-255,2902,18694,18,204085
922,0.000145,172.31.36.0-255,66,18760,18,204085
923,0.000176,172.217.194.0-255,5738,24498,18,204085
924,0.00018,172.31.36.0-255,66,24564,18,204085
925,0.000188,172.217.194.0-255,6797,31361,18,204085
926,0.00019,172.31.36.0-255,66,31427,18,204085
927,0.000588,172.217.194.0-255,1484,32911,18,204085
928,0.000594,172.31.36.0-255,66,32977,18,204085
929,0.000601,172.217.194.0-255,2902,35879,18,204085
930,0.000603,172.31.36.0-255,66,35945,18,204085
931,0.000617,172.217.194.0-255,5738,41683,18,204085
932,0.00062,172.31.36.0-255,66,41749,18,204085
933,0.000659,172.217.194.0-255,6797,48546,18,204085
934,0.000663,172.31.36.0-255,66,48612,18,204085
935,0.000728,172.217.194.0-255,1484,50096,18,204085
936,0.000732,172.31.36.0-255,66,50162,18,204085
937,0.000737,172.217.194.0-255,2902,53064,18,204085
938,0.00074,172.31.36.0-255,66,53130,18,204085
939,0.000744,172.217.194.0-255,1484,54614,18,204085
940,0.000773,172.217.194.0-255,4320,58934,18,204085
941,0.000776,172.31.36.0-255,66,59000,18,204085
942,0.000801,172.217.194.0-255,4320,63320,18,204085
943,0.000803,172.31.36.0-255,66,63386,18,204085
944,0.00083,172.217.194.0-255,2543,65929,18,204085
945,0.000832,172.31.36.0-255,66,65995,18,204085
946,0.000835,172.217.194.0-255,676,66671,18,204085
947,0.000877,172.217.194.0-255,1484,68155,18,204085
948,0.000882,172.217.194.0-255,2902,71057,18,204085
949,0.000886,172.31.36.0-255,66,71123,18,204085
950,0.00089,172.31.36.0-255,66,71189,18,204085
951,0.000905,172.217.194.0-255,4320,75509,18,204085
952,0.000907,172.31.36.0-255,66,75575,18,204085
953,0.000935,172.217.194.0-255,1484,77059,18,204085
954,0.000958,172.217.194.0-255,6797,83856,18,204085
955,0.000962,172.31.36.0-255,66,83922,18,204085
956,0.00109,172.217.194.0-255,1484,85406,18,204085
957,0.001104,172.217.194.0-255,2902,88308,18,204085
958,0.001109,172.31.36.0-255,66,88374,18,204085
959,0.001139,172.217.194.0-255,5738,94112,18,204085
960,0.001142,172.31.36.0-255,66,94178,18,204085
961,0.001149,172.217.194.0-255,6797,100975,18,204085
962,0.001152,172.31.36.0-255,66,101041,18,204085
963,0.001564,172.217.194.0-255,1484,102525,18,204085
964,0.00157,172.217.194.0-255,2902,105427,18,204085
965,0.001573,172.31.36.0-255,66,105493,18,204085
966,0.001606,172.217.194.0-255,5738,111231,18,204085
967,0.001609,172.31.36.0-255,66,111297,18,204085
968,0.001616,172.217.194.0-255,7156,118453,18,204085
969,0.001618,172.31.36.0-255,66,118519,18,204085
970,0.001637,172.31.36.0-255,66,118585,18,204085
971,0.001665,172.217.194.0-255,1484,120069,18,204085
972,0.00167,172.217.194.0-255,2184,122253,18,204085
973,0.001672,172.31.36.0-255,66,122319,18,204085
974,0.001676,172.217.194.0-255,2902,125221,18,204085
975,0.001678,172.31.36.0-255,66,125287,18,204085
976,0.001683,172.217.194.0-255,2902,128189,18,204085
977,0.001685,172.31.36.0-255,66,128255,18,204085
978,0.00172,172.217.194.0-255,4320,132575,18,204085
979,0.001722,172.31.36.0-255,66,132641,18,204085
980,0.001738,172.31.36.0-255,66,132707,18,204085
981,0.001814,172.31.36.0-255,66,132773,18,204085
982,0.001829,172.31.36.0-255,66,132839,18,204085
983,0.001846,172.31.36.0-255,66,132905,18,204085
984,0.001849,172.217.194.0-255,1484,134389,18,204085
985,0.001888,172.31.36.0-255,66,134455,18,204085
986,0.001904,172.31.36.0-255,66,134521,18,204085
987,0.001912,172.217.194.0-255,7156,141677,18,204085
988,0.001916,172.31.36.0-255,66,141743,18,204085
989,0.001965,172.31.36.0-255,66,141809,18,204085
990,0.001973,172.217.194.0-255,6438,148247,18,204085
991,0.001975,172.31.36.0-255,66,148313,18,204085
992,0.001982,172.217.194.0-255,7156,155469,18,204085
993,0.002009,172.217.194.0-255,7156,162625,18,204085
994,0.002045,172.217.194.0-255,766,163391,18,204085
995,0.002149,172.217.194.0-255,1484,164875,18,204085
996,0.002155,172.217.194.0-255,2902,167777,18,204085
997,0.002181,172.217.194.0-255,5738,173515,18,204085
998,0.002185,172.217.194.0-255,1484,174999,18,204085
999,0.007944,172.31.36.0-255,66,175065,18,204085
1000,0.01024,172.217.194.0-255,5738,180803,18,204085
1001,0.010251,172.31.36.0-255,66,180869,18,204085
1002,0.012548,172.217.194.0-255,5738,186607,18,204085
1003,0.012556,172.31.36.0-255,66,186673,18,204085
1004,0.014881,172.217.194.0-255,5738,192411,18,204085
1005,0.014892,172.31.36.0-255,66,192477,18,204085
1006,0.017205,172.217.194.0-255,5738,198215,18,204085
1007,0.017222,172.31.36.0-255,66,198281,18,204085
1008,0.019556,172.217.194.0-255,5738,204019,18,204085
1009,0.019576,172.31.36.0-255,66,204085,18,204085
1010,0.0,74.125.200.0-255,152,152,18,141433
1011,2.7e-05,172.31.36.0-255,66,218,18,141433
1012,3.4e-05,74.125.200.0-255,1484,1702,18,141433
1013,3.9e-05,172.31.36.0-255,66,1768,18,141433
1014,5.3e-05,74.125.200.0-255,2902,4670,18,141433
1015,5.6e-05,172.31.36.0-255,66,4736,18,141433
1016,6.2e-05,74.125.200.0-255,4320,9056,18,141433
1017,6.5e-05,172.31.36.0-255,66,9122,18,141433
1018,8.9e-05,74.125.200.0-255,4873,13995,18,141433
1019,9.6e-05,172.31.36.0-255,66,14061,18,141433
1020,0.000453,74.125.200.0-255,1484,15545,18,141433
1021,0.000458,172.31.36.0-255,66,15611,18,141433
1022,0.000465,74.125.200.0-255,2902,18513,18,141433
1023,0.000467,172.31.36.0-255,66,18579,18,141433
1024,0.000495,74.125.200.0-255,4320,22899,18,141433
1025,0.000498,172.31.36.0-255,66,22965,18,141433
1026,0.000505,74.125.200.0-255,5738,28703,18,141433
1027,0.000507,172.31.36.0-255,66,28769,18,141433
1028,0.000532,74.125.200.0-255,2543,31312,18,141433
1029,0.000535,172.31.36.0-255,66,31378,18,141433
1030,0.000778,74.125.200.0-255,1484,32862,18,141433
1031,0.000783,172.31.36.0-255,66,32928,18,141433
1032,0.000789,74.125.200.0-255,2902,35830,18,141433
1033,0.000791,172.31.36.0-255,66,35896,18,141433
1034,0.000816,74.125.200.0-255,5738,41634,18,141433
1035,0.000819,172.31.36.0-255,66,41700,18,141433
1036,0.000847,74.125.200.0-255,6797,48497,18,141433
1037,0.00085,172.31.36.0-255,66,48563,18,141433
1038,0.00088,74.125.200.0-255,7156,55719,18,141433
1039,0.000883,172.31.36.0-255,66,55785,18,141433
1040,0.000911,74.125.200.0-255,1484,57269,18,141433
1041,0.000915,74.125.200.0-255,2902,60171,18,141433
1042,0.000938,74.125.200.0-255,2902,63073,18,141433
1043,0.000942,172.31.36.0-255,66,63139,18,141433
1044,0.000945,172.31.36.0-255,66,63205,18,141433
1045,0.000947,172.31.36.0-255,66,63271,18,141433
1046,0.000968,74.125.200.0-255,2855,66126,18,141433
1047,0.00097,172.31.36.0-255,66,66192,18,141433
1048,0.001053,74.125.200.0-255,111,66303,18,141433
1049,0.001284,172.31.36.0-255,66,66369,18,141433
1050,0.001439,74.125.200.0-255,1484,67853,18,141433
1051,0.00145,74.125.200.0-255,2902,70755,18,141433
1052,0.001453,172.31.36.0-255,66,70821,18,141433
1053,0.001488,74.125.200.0-255,5738,76559,18,141433
1054,0.001491,172.31.36.0-255,66,76625,18,141433
1055,0.001499,74.125.200.0-255,6797,83422,18,141433
1056,0.001501,172.31.36.0-255,66,83488,18,141433
1057,0.00153,74.125.200.0-255,4320,87808,18,141433
1058,0.001532,172.31.36.0-255,66,87874,18,141433
1059,0.001554,74.125.200.0-255,2902,90776,18,141433
1060,0.001556,172.31.36.0-255,66,90842,18,141433
1061,0.00156,74.125.200.0-255,1484,92326,18,141433
1062,0.001564,74.125.200.0-255,2902,95228,18,141433
1063,0.001566,172.31.36.0-255,66,95294,18,141433
1064,0.001596,74.125.200.0-255,1484,96778,18,141433
1065,0.001619,74.125.200.0-255,3961,100739,18,141433
1066,0.001621,172.31.36.0-255,66,100805,18,141433
1067,0.003881,74.125.200.0-255,5738,106543,18,141433
1068,0.00389,172.31.36.0-255,66,106609,18,141433
1069,0.00617,74.125.200.0-255,5738,112347,18,141433
1070,0.006178,172.31.36.0-255,66,112413,18,141433
1071,0.008438,74.125.200.0-255,5738,118151,18,141433
1072,0.008444,172.31.36.0-255,66,118217,18,141433
1073,0.010716,74.125.200.0-255,5738,123955,18,141433
1074,0.010729,172.31.36.0-255,66,124021,18,141433
1075,0.013017,74.125.200.0-255,5738,129759,18,141433
1076,0.013031,172.31.36.0-255,66,129825,18,141433
1077,0.01532,74.125.200.0-255,5738,135563,18,141433
1078,0.015333,172.31.36.0-255,66,135629,18,141433
1079,0.017612,74.125.200.0-255,5738,141367,18,141433
1080,0.017621,172.31.36.0-255,66,141433,18,141433
1081,0.0,172.31.36.0-255,66,66,18,66
1082,0.0,74.125.200.0-255,220,220,18,349016
1083,3.8e-05,172.31.36.0-255,66,286,18,349016
1084,4.4e-05,74.125.200.0-255,1484,1770,18,349016
1085,4.8e-05,172.31.36.0-255,66,1836,18,349016
1086,5.4e-05,74.125.200.0-255,4320,6156,18,349016
1087,5.7e-05,172.31.36.0-255,66,6222,18,349016
1088,6.2e-05,74.125.200.0-255,2902,9124,18,349016
1089,6.5e-05,172.31.36.0-255,66,9190,18,349016
1090,7.1e-05,74.125.200.0-255,4320,13510,18,349016
1091,7.4e-05,172.31.36.0-255,66,13576,18,349016
1092,9.5e-05,74.125.200.0-255,1484,15060,18,349016
1093,9.7e-05,172.31.36.0-255,66,15126,18,349016
1094,0.00012,74.125.200.0-255,4674,19800,18,349016
1095,0.000123,172.31.36.0-255,66,19866,18,349016
1096,0.00013,74.125.200.0-255,7156,27022,18,349016
1097,0.000132,172.31.36.0-255,66,27088,18,349016
1098,0.000161,74.125.200.0-255,3961,31049,18,349016
1099,0.000164,172.31.36.0-255,66,31115,18,349016
1100,0.000289,74.125.200.0-255,1484,32599,18,349016
1101,0.000292,172.31.36.0-255,66,32665,18,349016
1102,0.000306,74.125.200.0-255,2902,35567,18,349016
1103,0.000309,172.31.36.0-255,66,35633,18,349016
1104,0.000339,74.125.200.0-255,5738,41371,18,349016
1105,0.000343,172.31.36.0-255,66,41437,18,349016
1106,0.000348,74.125.200.0-255,2902,44339,18,349016
1107,0.000351,172.31.36.0-255,66,44405,18,349016
1108,0.000366,74.125.200.0-255,2902,47307,18,349016
1109,0.000369,172.31.36.0-255,66,47373,18,349016
1110,0.000383,74.125.200.0-255,4320,51693,18,349016
1111,0.000386,172.31.36.0-255,66,51759,18,349016
1112,0.00041,74.125.200.0-255,2543,54302,18,349016
1113,0.000414,172.31.36.0-255,66,54368,18,349016
1114,0.000421,74.125.200.0-255,5738,60106,18,349016
1115,0.000423,172.31.36.0-255,66,60172,18,349016
1116,0.000449,74.125.200.0-255,5379,65551,18,349016
1117,0.000452,172.31.36.0-255,66,65617,18,349016
1118,0.00053,74.125.200.0-255,413,66030,18,349016
1119,0.000575,74.125.200.0-255,329,66359,18,349016
1120,0.00082,74.125.200.0-255,1484,67843,18,349016
1121,0.000824,172.31.36.0-255,66,67909,18,349016
1122,0.000865,74.125.200.0-255,2902,70811,18,349016
1123,0.000869,172.31.36.0-255,66,70877,18,349016
1124,0.000874,74.125.200.0-255,2902,73779,18,349016
1125,0.000876,172.31.36.0-255,66,73845,18,349016
1126,0.00088,74.125.200.0-255,1484,75329,18,349016
1127,0.000902,74.125.200.0-255,2902,78231,18,349016
1128,0.000905,172.31.36.0-255,66,78297,18,349016
1129,0.000911,74.125.200.0-255,4320,82617,18,349016
1130,0.000913,172.31.36.0-255,66,82683,18,349016
1131,0.000932,74.125.200.0-255,5738,88421,18,349016
1132,0.000936,172.31.36.0-255,66,88487,18,349016
1133,0.000955,74.125.200.0-255,5738,94225,18,349016
1134,0.000959,172.31.36.0-255,66,94291,18,349016
1135,0.000998,74.125.200.0-255,6438,100729,18,349016
1136,0.001002,172.31.36.0-255,66,100795,18,349016
1137,0.001182,74.125.200.0-255,1484,102279,18,349016
1138,0.001203,74.125.200.0-255,2902,105181,18,349016
1139,0.001207,172.31.36.0-255,66,105247,18,349016
1140,0.001216,74.125.200.0-255,5738,110985,18,349016
1141,0.001217,172.31.36.0-255,66,111051,18,349016
1142,0.001222,74.125.200.0-255,2902,113953,18,349016
1143,0.001224,172.31.36.0-255,66,114019,18,349016
1144,0.001247,74.125.200.0-255,4320,118339,18,349016
1145,0.00125,172.31.36.0-255,66,118405,18,349016
1146,0.001256,74.125.200.0-255,4320,122725,18,349016
1147,0.001258,172.31.36.0-255,66,122791,18,349016
1148,0.001285,74.125.200.0-255,4320,127111,18,349016
1149,0.001288,172.31.36.0-255,66,127177,18,349016
1150,0.001294,74.125.200.0-255,5738,132915,18,349016
1151,0.001297,172.31.36.0-255,66,132981,18,349016
1152,0.001322,74.125.200.0-255,2184,135165,18,349016
1153,0.001325,172.31.36.0-255,66,135231,18,349016
1154,0.001372,74.125.200.0-255,2902,138133,18,349016
1155,0.001375,172.31.36.0-255,66,138199,18,349016
1156,0.001378,74.125.200.0-255,1484,139683,18,349016
1157,0.001383,74.125.200.0-255,2902,142585,18,349016
1158,0.001387,172.31.36.0-255,66,142651,18,349016
1159,0.001415,74.125.200.0-255,5738,148389,18,349016
1160,0.001419,172.31.36.0-255,66,148455,18,349016
1161,0.001427,74.125.200.0-255,1484,149939,18,349016
1162,0.001444,74.125.200.0-255,2902,152841,18,349016
1163,0.001447,172.31.36.0-255,66,152907,18,349016
1164,0.001453,74.125.200.0-255,4320,157227,18,349016
1165,0.001455,172.31.36.0-255,66,157293,18,349016
1166,0.001464,74.125.200.0-255,1484,158777,18,349016
1167,0.001477,74.125.200.0-255,1484,160261,18,349016
1168,0.00148,172.31.36.0-255,66,160327,18,349016
1169,0.001504,74.125.200.0-255,5738,166065,18,349016
1170,0.001507,172.31.36.0-255,66,166131,18,349016
1171,0.001523,74.125.200.0-255,5738,171869,18,349016
1172,0.001527,172.31.36.0-255,66,171935,18,349016
1173,0.001535,74.125.200.0-255,2184,174119,18,349016
1174,0.001538,172.31.36.0-255,66,174185,18,349016
1175,0.001542,74.125.200.0-255,2902,177087,18,349016
1176,0.001544,172.31.36.0-255,66,177153,18,349016
1177,0.001585,172.31.36.0-255,66,177219,18,349016
1178,0.001595,172.31.36.0-255,66,177285,18,349016
1179,0.001635,74.125.200.0-255,5020,182305,18,349016
1180,0.001639,172.31.36.0-255,66,182371,18,349016
1181,0.001683,74.125.200.0-255,4320,186691,18,349016
1182,0.001686,172.31.36.0-255,66,186757,18,349016
1183,0.001692,74.125.200.0-255,4320,191077,18,349016
1184,0.001694,172.31.36.0-255,66,191143,18,349016
1185,0.001717,74.125.200.0-255,1484,192627,18,349016
1186,0.001724,74.125.200.0-255,7156,199783,18,349016
1187,0.001727,172.31.36.0-255,66,199849,18,349016
1188,0.001747,74.125.200.0-255,4320,204169,18,349016
1189,0.001752,172.31.36.0-255,66,204235,18,349016
1190,0.001756,74.125.200.0-255,4320,208555,18,349016
1191,0.001759,172.31.36.0-255,66,208621,18,349016
1192,0.001782,74.125.200.0-255,1484,210105,18,349016
1193,0.0018,74.125.200.0-255,6438,216543,18,349016
1194,0.001803,172.31.36.0-255,66,216609,18,349016
1195,0.001829,74.125.200.0-255,1484,218093,18,349016
1196,0.001841,74.125.200.0-255,2902,220995,18,349016
1197,0.001844,172.31.36.0-255,66,221061,18,349016
1198,0.001848,74.125.200.0-255,1484,222545,18,349016
1199,0.001867,74.125.200.0-255,4320,226865,18,349016
1200,0.001869,172.31.36.0-255,66,226931,18,349016
1201,0.001955,172.31.36.0-255,66,226997,18,349016
1202,0.001974,74.125.200.0-255,2902,229899,18,349016
1203,0.001977,172.31.36.0-255,66,229965,18,349016
1204,0.001987,172.31.36.0-255,66,230031,18,349016
1205,0.001993,74.125.200.0-255,5738,235769,18,349016
1206,0.001995,172.31.36.0-255,66,235835,18,349016
1207,0.00201,74.125.200.0-255,2902,238737,18,349016
1208,0.002013,172.31.36.0-255,66,238803,18,349016
1209,0.002035,74.125.200.0-255,4320,243123,18,349016
1210,0.002038,172.31.36.0-255,66,243189,18,349016
1211,0.002045,74.125.200.0-255,7156,250345,18,349016
1212,0.002047,172.31.36.0-255,66,250411,18,349016
1213,0.002072,74.125.200.0-255,5738,256149,18,349016
1214,0.002075,172.31.36.0-255,66,256215,18,349016
1215,0.002081,74.125.200.0-255,4320,260535,18,349016
1216,0.002083,172.31.36.0-255,66,260601,18,349016
1217,0.002107,172.31.36.0-255,66,260667,18,349016
1218,0.002127,74.125.200.0-255,766,261433,18,349016
1219,0.002133,74.125.200.0-255,4320,265753,18,349016
1220,0.002135,172.31.36.0-255,66,265819,18,349016
1221,0.002168,172.31.36.0-255,66,265885,18,349016
1222,0.00219,74.125.200.0-255,5738,271623,18,349016
1223,0.002194,172.31.36.0-255,66,271689,18,349016
1224,0.002199,74.125.200.0-255,3602,275291,18,349016
1225,0.002202,172.31.36.0-255,66,275357,18,349016
1226,0.002215,74.125.200.0-255,1484,276841,18,349016
1227,0.002236,74.125.200.0-255,2902,279743,18,349016
1228,0.002239,172.31.36.0-255,66,279809,18,349016
1229,0.002259,74.125.200.0-255,1484,281293,18,349016
1230,0.002263,74.125.200.0-255,1484,282777,18,349016
1231,0.002265,172.31.36.0-255,66,282843,18,349016
1232,0.002282,74.125.200.0-255,1484,284327,18,349016
1233,0.002289,74.125.200.0-255,4320,288647,18,349016
1234,0.002291,172.31.36.0-255,66,288713,18,349016
1235,0.002306,74.125.200.0-255,1484,290197,18,349016
1236,0.002315,74.125.200.0-255,7156,297353,18,349016
1237,0.002318,172.31.36.0-255,66,297419,18,349016
1238,0.002334,74.125.200.0-255,4320,301739,18,349016
1239,0.002337,172.31.36.0-255,66,301805,18,349016
1240,0.002349,74.125.200.0-255,4320,306125,18,349016
1241,0.002352,172.31.36.0-255,66,306191,18,349016
1242,0.002357,74.125.200.0-255,3602,309793,18,349016
1243,0.00236,172.31.36.0-255,66,309859,18,349016
1244,0.004685,74.125.200.0-255,5738,315597,18,349016
1245,0.004697,172.31.36.0-255,66,315663,18,349016
1246,0.007024,74.125.200.0-255,5738,321401,18,349016
1247,0.007033,172.31.36.0-255,66,321467,18,349016
1248,0.009354,74.125.200.0-255,5738,327205,18,349016
1249,0.009364,172.31.36.0-255,66,327271,18,349016
1250,0.011698,74.125.200.0-255,5738,333009,18,349016
1251,0.01171,172.31.36.0-255,66,333075,18,349016
1252,0.014095,74.125.200.0-255,5738,338813,18,349016
1253,0.014184,172.31.36.0-255,66,338879,18,349016
1254,0.016545,74.125.200.0-255,5738,344617,18,349016
1255,0.01656,172.31.36.0-255,66,344683,18,349016
1256,0.0189,74.125.200.0-255,4162,348845,18,349016
1257,0.018915,172.31.36.0-255,66,348911,18,349016
1258,0.019101,172.31.36.0-255,105,349016,18,349016
1259,0.0,172.217.194.0-255,153,153,18,80019
1260,3.3e-05,172.31.36.0-255,66,219,18,80019
1261,5.3e-05,172.217.194.0-255,1484,1703,18,80019
1262,5.8e-05,172.31.36.0-255,66,1769,18,80019
1263,6.3e-05,172.217.194.0-255,2902,4671,18,80019
1264,6.7e-05,172.31.36.0-255,66,4737,18,80019
1265,9.2e-05,172.217.194.0-255,4320,9057,18,80019
1266,9.5e-05,172.31.36.0-255,66,9123,18,80019
1267,0.000173,172.217.194.0-255,4320,13443,18,80019
1268,0.000177,172.31.36.0-255,66,13509,18,80019
1269,0.000194,172.217.194.0-255,630,14139,18,80019
1270,0.000197,172.31.36.0-255,66,14205,18,80019
1271,0.000283,172.217.194.0-255,5738,19943,18,80019
1272,0.000286,172.31.36.0-255,66,20009,18,80019
1273,0.000404,172.31.36.0-255,66,20075,18,80019
1274,0.000421,172.217.194.0-255,2543,22618,18,80019
1275,0.000424,172.31.36.0-255,66,22684,18,80019
1276,0.000642,172.31.36.0-255,66,22750,18,80019
1277,0.000668,172.31.36.0-255,66,22816,18,80019
1278,0.001036,172.31.36.0-255,66,22882,18,80019
1279,0.001055,172.217.194.0-255,5379,28261,18,80019
1280,0.001059,172.31.36.0-255,66,28327,18,80019
1281,0.001312,172.217.194.0-255,676,29003,18,80019
1282,0.001318,172.31.36.0-255,66,29069,18,80019
1283,0.00134,172.217.194.0-255,5738,34807,18,80019
1284,0.001343,172.31.36.0-255,66,34873,18,80019
1285,0.001375,172.31.36.0-255,66,34939,18,80019
1286,0.00172,172.217.194.0-255,2902,37841,18,80019
1287,0.002049,172.217.194.0-255,2902,40743,18,80019
1288,0.00282,172.217.194.0-255,2902,43645,18,80019
1289,0.003436,172.217.194.0-255,4320,47965,18,80019
1290,0.003518,172.217.194.0-255,2902,50867,18,80019
1291,0.005971,172.31.36.0-255,66,50933,18,80019
1292,0.008294,172.217.194.0-255,5738,56671,18,80019
1293,0.008302,172.31.36.0-255,66,56737,18,80019
1294,0.010585,172.217.194.0-255,2902,59639,18,80019
1295,0.010608,172.217.194.0-255,2902,62541,18,80019
1296,0.012514,172.31.36.0-255,66,62607,18,80019
1297,0.014791,172.217.194.0-255,5738,68345,18,80019
1298,0.014803,172.31.36.0-255,66,68411,18,80019
1299,0.017067,172.217.194.0-255,5738,74149,18,80019
1300,0.017075,172.31.36.0-255,66,74215,18,80019
1301,0.019411,172.217.194.0-255,5738,79953,18,80019
1302,0.019418,172.31.36.0-255,66,80019,18,80019
1303,0.0,74.125.24.0-255,152,152,18,119119
1304,2.6e-05,172.31.36.0-255,66,218,18,119119
1305,3.3e-05,74.125.24.0-255,1484,1702,18,119119
1306,3.8e-05,172.31.36.0-255,66,1768,18,119119
1307,4.3e-05,74.125.24.0-255,2902,4670,18,119119
1308,4.7e-05,172.31.36.0-255,66,4736,18,119119
1309,5.5e-05,74.125.24.0-255,7156,11892,18,119119
1310,5.8e-05,172.31.36.0-255,66,11958,18,119119
1311,0.000127,74.125.24.0-255,1484,13442,18,119119
1312,0.00013,172.31.36.0-255,66,13508,18,119119
1313,0.000151,74.125.24.0-255,3494,17002,18,119119
1314,0.000156,172.31.36.0-255,66,17068,18,119119
1315,0.000203,74.125.24.0-255,5738,22806,18,119119
1316,0.000206,172.31.36.0-255,66,22872,18,119119
1317,0.000276,74.125.24.0-255,5738,28610,18,119119
1318,0.000279,172.31.36.0-255,66,28676,18,119119
1319,0.000297,74.125.24.0-255,2543,31219,18,119119
1320,0.000299,172.31.36.0-255,66,31285,18,119119
1321,0.000388,74.125.24.0-255,5738,37023,18,119119
1322,0.000392,172.31.36.0-255,66,37089,18,119119
1323,0.000423,172.31.36.0-255,66,37155,18,119119
1324,0.000567,74.125.24.0-255,1125,38280,18,119119
1325,0.000571,172.31.36.0-255,66,38346,18,119119
1326,0.001888,74.125.24.0-255,1484,39830,18,119119
1327,0.001896,172.31.36.0-255,66,39896,18,119119
1328,0.001905,74.125.24.0-255,2902,42798,18,119119
1329,0.001907,172.31.36.0-255,66,42864,18,119119
1330,0.001936,74.125.24.0-255,5738,48602,18,119119
1331,0.001938,172.31.36.0-255,66,48668,18,119119
1332,0.001991,74.125.24.0-255,1484,50152,18,119119
1333,0.001994,172.31.36.0-255,66,50218,18,119119
1334,0.002014,74.125.24.0-255,4320,54538,18,119119
1335,0.002016,172.31.36.0-255,66,54604,18,119119
1336,0.002039,74.125.24.0-255,5379,59983,18,119119
1337,0.00204,172.31.36.0-255,66,60049,18,119119
1338,0.002138,74.125.24.0-255,4320,64369,18,119119
1339,0.00214,172.31.36.0-255,66,64435,18,119119
1340,0.002167,172.31.36.0-255,66,64501,18,119119
1341,0.002312,172.31.36.0-255,66,64567,18,119119
1342,0.002404,74.125.24.0-255,4320,68887,18,119119
1343,0.002407,172.31.36.0-255,66,68953,18,119119
1344,0.002427,74.125.24.0-255,3602,72555,18,119119
1345,0.00243,172.31.36.0-255,66,72621,18,119119
1346,0.004468,74.125.24.0-255,1484,74105,18,119119
1347,0.004488,74.125.24.0-255,4320,78425,18,119119
1348,0.004492,172.31.36.0-255,66,78491,18,119119
1349,0.006544,74.125.24.0-255,5738,84229,18,119119
1350,0.006547,172.31.36.0-255,66,84295,18,119119
1351,0.0086,74.125.24.0-255,5738,90033,18,119119
1352,0.008606,172.31.36.0-255,66,90099,18,119119
1353,0.010668,74.125.24.0-255,5738,95837,18,119119
1354,0.010677,172.31.36.0-255,66,95903,18,119119
1355,0.012741,74.125.24.0-255,5738,101641,18,119119
1356,0.012749,172.31.36.0-255,66,101707,18,119119
1357,0.014813,74.125.24.0-255,5738,107445,18,119119
1358,0.01483,172.31.36.0-255,66,107511,18,119119
1359,0.016913,74.125.24.0-255,5738,113249,18,119119
1360,0.016926,172.31.36.0-255,66,113315,18,119119
1361,0.018995,74.125.24.0-255,5738,119053,18,119119
1362,0.019002,172.31.36.0-255,66,119119,18,119119
1363,0.0,74.125.68.0-255,153,153,18,279746
1364,2.6e-05,172.31.36.0-255,66,219,18,279746
1365,3.2e-05,74.125.68.0-255,1484,1703,18,279746
1366,3.7e-05,172.31.36.0-255,66,1769,18,279746
1367,4.2e-05,74.125.68.0-255,2902,4671,18,279746
1368,5.2e-05,172.31.36.0-255,66,4737,18,279746
1369,5.6e-05,74.125.68.0-255,2902,7639,18,279746
1370,5.9e-05,172.31.36.0-255,66,7705,18,279746
1371,6.4e-05,74.125.68.0-255,2902,10607,18,279746
1372,6.7e-05,172.31.36.0-255,66,10673,18,279746
1373,9.3e-05,74.125.68.0-255,1484,12157,18,279746
1374,9.5e-05,172.31.36.0-255,66,12223,18,279746
1375,0.000117,74.125.68.0-255,4880,17103,18,279746
1376,0.000121,172.31.36.0-255,66,17169,18,279746
1377,0.000127,74.125.68.0-255,4320,21489,18,279746
1378,0.000129,172.31.36.0-255,66,21555,18,279746
1379,0.000159,74.125.68.0-255,1484,23039,18,279746
1380,0.000163,172.31.36.0-255,66,23105,18,279746
1381,0.000196,172.31.36.0-255,66,23171,18,279746
1382,0.000285,74.125.68.0-255,1484,24655,18,279746
1383,0.000288,172.31.36.0-255,66,24721,18,279746
1384,0.00032,74.125.68.0-255,2902,27623,18,279746
1385,0.000324,172.31.36.0-255,66,27689,18,279746
1386,0.000331,74.125.68.0-255,5738,33427,18,279746
1387,0.000333,172.31.36.0-255,66,33493,18,279746
1388,0.000343,74.125.68.0-255,2902,36395,18,279746
1389,0.000346,172.31.36.0-255,66,36461,18,279746
1390,0.00035,74.125.68.0-255,2902,39363,18,279746
1391,0.000353,172.31.36.0-255,66,39429,18,279746
1392,0.000402,74.125.68.0-255,4320,43749,18,279746
1393,0.000403,172.31.36.0-255,66,43815,18,279746
1394,0.000407,172.31.36.0-255,66,43881,18,279746
1395,0.000418,74.125.68.0-255,5693,49574,18,279746
1396,0.000425,172.31.36.0-255,66,49640,18,279746
1397,0.000449,74.125.68.0-255,372,50012,18,279746
1398,0.000637,74.125.68.0-255,1484,51496,18,279746
1399,0.000642,172.31.36.0-255,66,51562,18,279746
1400,0.000646,74.125.68.0-255,1484,53046,18,279746
1401,0.00067,74.125.68.0-255,1484,54530,18,279746
1402,0.000674,172.31.36.0-255,66,54596,18,279746
1403,0.000675,74.125.68.0-255,4320,58916,18,279746
1404,0.000679,172.31.36.0-255,66,58982,18,279746
1405,0.000701,74.125.68.0-255,5738,64720,18,279746
1406,0.00071,172.31.36.0-255,66,64786,18,279746
1407,0.000716,74.125.68.0-255,5738,70524,18,279746
1408,0.000719,172.31.36.0-255,66,70590,18,279746
1409,0.000758,74.125.68.0-255,5738,76328,18,279746
1410,0.000762,172.31.36.0-255,66,76394,18,279746
1411,0.000767,74.125.68.0-255,4320,80714,18,279746
1412,0.000769,172.31.36.0-255,66,80780,18,279746
1413,0.000802,74.125.68.0-255,1484,82264,18,279746
1414,0.000826,74.125.68.0-255,2184,84448,18,279746
1415,0.000829,172.31.36.0-255,66,84514,18,279746
1416,0.000859,74.125.68.0-255,1484,85998,18,279746
1417,0.000883,74.125.68.0-255,1484,87482,18,279746
1418,0.000886,172.31.36.0-255,66,87548,18,279746
1419,0.000909,74.125.68.0-255,1484,89032,18,279746
1420,0.000915,74.125.68.0-255,4320,93352,18,279746
1421,0.000918,172.31.36.0-255,66,93418,18,279746
1422,0.000948,74.125.68.0-255,5738,99156,18,279746
1423,0.000951,172.31.36.0-255,66,99222,18,279746
1424,0.000976,74.125.68.0-255,2902,102124,18,279746
1425,0.00098,172.31.36.0-255,66,102190,18,279746
1426,0.000986,74.125.68.0-255,5738,107928,18,279746
1427,0.000989,172.31.36.0-255,66,107994,18,279746
1428,0.001001,74.125.68.0-255,7156,115150,18,279746
1429,0.001004,172.31.36.0-255,66,115216,18,279746
1430,0.001009,74.125.68.0-255,3602,118818,18,279746
1431,0.001011,172.31.36.0-255,66,118884,18,279746
1432,0.001053,74.125.68.0-255,1484,120368,18,279746
1433,0.001071,74.125.68.0-255,2902,123270,18,279746
1434,0.001075,172.31.36.0-255,66,123336,18,279746
1435,0.00108,74.125.68.0-255,2902,126238,18,279746
1436,0.001082,172.31.36.0-255,66,126304,18,279746
1437,0.001085,74.125.68.0-255,1484,127788,18,279746
1438,0.001115,74.125.68.0-255,2902,130690,18,279746
1439,0.001118,172.31.36.0-255,66,130756,18,279746
1440,0.001129,172.31.36.0-255,66,130822,18,279746
1441,0.00114,74.125.68.0-255,5738,136560,18,279746
1442,0.001143,172.31.36.0-255,66,136626,18,279746
1443,0.001148,74.125.68.0-255,4320,140946,18,279746
1444,0.001151,172.31.36.0-255,66,141012,18,279746
1445,0.001184,74.125.68.0-255,2902,143914,18,279746
1446,0.001187,172.31.36.0-255,66,143980,18,279746
1447,0.00119,74.125.68.0-255,766,144746,18,279746
1448,0.001277,74.125.68.0-255,1484,146230,18,279746
1449,0.00128,172.31.36.0-255,66,146296,18,279746
1450,0.001309,74.125.68.0-255,2902,149198,18,279746
1451,0.001314,172.31.36.0-255,66,149264,18,279746
1452,0.001315,74.125.68.0-255,4320,153584,18,279746
1453,0.001318,172.31.36.0-255,66,153650,18,279746
1454,0.001347,74.125.68.0-255,1484,155134,18,279746
1455,0.001363,172.31.36.0-255,66,155200,18,279746
1456,0.001375,172.31.36.0-255,66,155266,18,279746
1457,0.001378,74.125.68.0-255,1484,156750,18,279746
1458,0.001412,74.125.68.0-255,3602,160352,18,279746
1459,0.001415,172.31.36.0-255,66,160418,18,279746
1460,0.001525,74.125.68.0-255,1484,161902,18,279746
1461,0.001548,74.125.68.0-255,1484,163386,18,279746
1462,0.001551,172.31.36.0-255,66,163452,18,279746
1463,0.001579,74.125.68.0-255,1484,164936,18,279746
1464,0.001582,74.125.68.0-255,1484,166420,18,279746
1465,0.001585,172.31.36.0-255,66,166486,18,279746
1466,0.001607,74.125.68.0-255,4320,170806,18,279746
1467,0.00161,172.31.36.0-255,66,170872,18,279746
1468,0.001616,74.125.68.0-255,4320,175192,18,279746
1469,0.001618,172.31.36.0-255,66,175258,18,279746
1470,0.001624,74.125.68.0-255,5738,180996,18,279746
1471,0.001627,172.31.36.0-255,66,181062,18,279746
1472,0.00167,172.31.36.0-255,66,181128,18,279746
1473,0.001687,74.125.68.0-255,1484,182612,18,279746
1474,0.001717,172.31.36.0-255,66,182678,18,279746
1475,0.001729,74.125.68.0-255,7156,189834,18,279746
1476,0.00174,172.31.36.0-255,66,189900,18,279746
1477,0.001772,74.125.68.0-255,4320,194220,18,279746
1478,0.001775,172.31.36.0-255,66,194286,18,279746
1479,0.001781,74.125.68.0-255,4320,198606,18,279746
1480,0.001784,172.31.36.0-255,66,198672,18,279746
1481,0.001796,74.125.68.0-255,5738,204410,18,279746
1482,0.001799,172.31.36.0-255,66,204476,18,279746
1483,0.001803,74.125.68.0-255,3602,208078,18,279746
1484,0.001805,172.31.36.0-255,66,208144,18,279746
1485,0.001921,74.125.68.0-255,1484,209628,18,279746
1486,0.001943,74.125.68.0-255,2902,212530,18,279746
1487,0.001946,172.31.36.0-255,66,212596,18,279746
1488,0.001957,74.125.68.0-255,1484,214080,18,279746
1489,0.001973,74.125.68.0-255,2902,216982,18,279746
1490,0.001977,172.31.36.0-255,66,217048,18,279746
1491,0.002009,74.125.68.0-255,7156,224204,18,279746
1492,0.002012,172.31.36.0-255,66,224270,18,279746
1493,0.00208,172.31.36.0-255,66,224336,18,279746
1494,0.002083,74.125.68.0-255,1484,225820,18,279746
1495,0.002087,74.125.68.0-255,2902,228722,18,279746
1496,0.00209,172.31.36.0-255,66,228788,18,279746
1497,0.0021,74.125.68.0-255,4320,233108,18,279746
1498,0.002103,172.31.36.0-255,66,233174,18,279746
1499,0.002106,74.125.68.0-255,766,233940,18,279746
1500,0.002741,172.31.36.0-255,66,234006,18,279746
1501,0.004204,74.125.68.0-255,4320,238326,18,279746
1502,0.004211,172.31.36.0-255,66,238392,18,279746
1503,0.004829,74.125.68.0-255,1484,239876,18,279746
1504,0.006315,74.125.68.0-255,4320,244196,18,279746
1505,0.006319,172.31.36.0-255,66,244262,18,279746
1506,0.00842,74.125.68.0-255,5738,250000,18,279746
1507,0.008426,172.31.36.0-255,66,250066,18,279746
1508,0.010536,74.125.68.0-255,2902,252968,18,279746
1509,0.010542,172.31.36.0-255,66,253034,18,279746
1510,0.010568,74.125.68.0-255,2902,255936,18,279746
1511,0.010571,172.31.36.0-255,66,256002,18,279746
1512,0.012658,74.125.68.0-255,2902,258904,18,279746
1513,0.012666,172.31.36.0-255,66,258970,18,279746
1514,0.012697,74.125.68.0-255,2902,261872,18,279746
1515,0.012701,172.31.36.0-255,66,261938,18,279746
1516,0.014781,74.125.68.0-255,2902,264840,18,279746
1517,0.014788,172.31.36.0-255,66,264906,18,279746
1518,0.014822,74.125.68.0-255,2902,267808,18,279746
1519,0.014826,172.31.36.0-255,66,267874,18,279746
1520,0.016895,74.125.68.0-255,2902,270776,18,279746
1521,0.016901,172.31.36.0-255,66,270842,18,279746
1522,0.016929,74.125.68.0-255,2902,273744,18,279746
1523,0.016931,172.31.36.0-255,66,273810,18,279746
1524,0.019008,74.125.68.0-255,2902,276712,18,279746
1525,0.019018,172.31.36.0-255,66,276778,18,279746
1526,0.019073,74.125.68.0-255,2902,279680,18,279746
1527,0.019077,172.31.36.0-255,66,279746,18,279746
1528,0.0,74.125.24.0-255,153,153,18,118986
1529,5.2e-05,172.31.36.0-255,66,219,18,118986
1530,6e-05,74.125.24.0-255,1484,1703,18,118986
1531,6.4e-05,172.31.36.0-255,66,1769,18,118986
1532,7.9e-05,74.125.24.0-255,2902,4671,18,118986
1533,8.2e-05,172.31.36.0-255,66,4737,18,118986
1534,8.8e-05,74.125.24.0-255,7156,11893,18,118986
1535,9.2e-05,172.31.36.0-255,66,11959,18,118986
1536,9.6e-05,74.125.24.0-255,2038,13997,18,118986
1537,9.9e-05,172.31.36.0-255,66,14063,18,118986
1538,0.001167,74.125.24.0-255,1484,15547,18,118986
1539,0.001175,172.31.36.0-255,66,15613,18,118986
1540,0.001186,74.125.24.0-255,2902,18515,18,118986
1541,0.001196,172.31.36.0-255,66,18581,18,118986
1542,0.001203,74.125.24.0-255,5738,24319,18,118986
1543,0.001205,172.31.36.0-255,66,24385,18,118986
1544,0.001211,74.125.24.0-255,5738,30123,18,118986
1545,0.001213,172.31.36.0-255,66,30189,18,118986
1546,0.001278,172.31.36.0-255,66,30255,18,118986
1547,0.001283,74.125.24.0-255,5738,35993,18,118986
1548,0.001286,172.31.36.0-255,66,36059,18,118986
1549,0.001295,74.125.24.0-255,2902,38961,18,118986
1550,0.001297,172.31.36.0-255,66,39027,18,118986
1551,0.001322,74.125.24.0-255,4320,43347,18,118986
1552,0.001325,172.31.36.0-255,66,43413,18,118986
1553,0.001339,172.31.36.0-255,66,43479,18,118986
1554,0.001538,74.125.24.0-255,393,43872,18,118986
1555,0.001541,172.31.36.0-255,66,43938,18,118986
1556,0.001589,74.125.24.0-255,116,44054,18,118986
1557,0.001591,172.31.36.0-255,66,44120,18,118986
1558,0.001897,74.125.24.0-255,1484,45604,18,118986
1559,0.001902,74.125.24.0-255,1484,47088,18,118986
1560,0.001904,172.31.36.0-255,66,47154,18,118986
1561,0.001929,74.125.24.0-255,1484,48638,18,118986
1562,0.001935,74.125.24.0-255,5738,54376,18,118986
1563,0.001937,172.31.36.0-255,66,54442,18,118986
1564,0.001963,74.125.24.0-255,5738,60180,18,118986
1565,0.001966,172.31.36.0-255,66,60246,18,118986
1566,0.001992,74.125.24.0-255,7156,67402,18,118986
1567,0.001995,172.31.36.0-255,66,67468,18,118986
1568,0.001999,74.125.24.0-255,4320,71788,18,118986
1569,0.002001,172.31.36.0-255,66,71854,18,118986
1570,0.00202,74.125.24.0-255,6438,78292,18,118986
1571,0.002023,172.31.36.0-255,66,78358,18,118986
1572,0.00439,74.125.24.0-255,5738,84096,18,118986
1573,0.0044,172.31.36.0-255,66,84162,18,118986
1574,0.006738,74.125.24.0-255,5738,89900,18,118986
1575,0.006753,172.31.36.0-255,66,89966,18,118986
1576,0.009079,74.125.24.0-255,5738,95704,18,118986
1577,0.009087,172.31.36.0-255,66,95770,18,118986
1578,0.011428,74.125.24.0-255,5738,101508,18,118986
1579,0.011438,172.31.36.0-255,66,101574,18,118986
1580,0.013793,74.125.24.0-255,5738,107312,18,118986
1581,0.013802,172.31.36.0-255,66,107378,18,118986
1582,0.016118,74.125.24.0-255,5738,113116,18,118986
1583,0.016126,172.31.36.0-255,66,113182,18,118986
1584,0.018449,74.125.24.0-255,5738,118920,18,118986
1585,0.018456,172.31.36.0-255,66,118986,18,118986
1586,0.0,74.125.24.0-255,152,152,18,161446
1587,3.2e-05,172.31.36.0-255,66,218,18,161446
1588,4e-05,74.125.24.0-255,1484,1702,18,161446
1589,4.5e-05,172.31.36.0-255,66,1768,18,161446
1590,4.8e-05,74.125.24.0-255,1484,3252,18,161446
1591,5.1e-05,172.31.36.0-255,66,3318,18,161446
1592,7.1e-05,74.125.24.0-255,1484,4802,18,161446
1593,7.3e-05,172.31.36.0-255,66,4868,18,161446
1594,8.1e-05,74.125.24.0-255,7156,12024,18,161446
1595,8.4e-05,172.31.36.0-255,66,12090,18,161446
1596,8.8e-05,74.125.24.0-255,2031,14121,18,161446
1597,8.9e-05,172.31.36.0-255,66,14187,18,161446
1598,0.000331,172.31.36.0-255,101,14288,18,161446
1599,0.000354,74.125.24.0-255,1484,15772,18,161446
1600,0.000373,74.125.24.0-255,2902,18674,18,161446
1601,0.000379,172.31.36.0-255,66,18740,18,161446
1602,0.00039,74.125.24.0-255,2902,21642,18,161446
1603,0.000394,172.31.36.0-255,66,21708,18,161446
1604,0.000415,74.125.24.0-255,2902,24610,18,161446
1605,0.000418,172.31.36.0-255,66,24676,18,161446
1606,0.000426,74.125.24.0-255,6797,31473,18,161446
1607,0.000429,172.31.36.0-255,66,31539,18,161446
1608,0.000521,74.125.24.0-255,1484,33023,18,161446
1609,0.000536,74.125.24.0-255,2902,35925,18,161446
1610,0.000538,74.125.24.0-255,1484,37409,18,161446
1611,0.000544,172.31.36.0-255,66,37475,18,161446
1612,0.000559,74.125.24.0-255,4320,41795,18,161446
1613,0.000562,172.31.36.0-255,66,41861,18,161446
1614,0.000574,74.125.24.0-255,2902,44763,18,161446
1615,0.000576,172.31.36.0-255,66,44829,18,161446
1616,0.000597,74.125.24.0-255,3961,48790,18,161446
1617,0.0006,172.31.36.0-255,66,48856,18,161446
1618,0.001778,74.125.24.0-255,1484,50340,18,161446
1619,0.001789,74.125.24.0-255,2902,53242,18,161446
1620,0.001794,172.31.36.0-255,66,53308,18,161446
1621,0.001818,74.125.24.0-255,5738,59046,18,161446
1622,0.00182,172.31.36.0-255,66,59112,18,161446
1623,0.001834,74.125.24.0-255,1484,60596,18,161446
1624,0.001847,74.125.24.0-255,5738,66334,18,161446
1625,0.001849,172.31.36.0-255,66,66400,18,161446
1626,0.001868,74.125.24.0-255,3961,70361,18,161446
1627,0.00187,172.31.36.0-255,66,70427,18,161446
1628,0.001882,172.31.36.0-255,66,70493,18,161446
1629,0.001885,74.125.24.0-255,1125,71618,18,161446
1630,0.001959,74.125.24.0-255,1484,73102,18,161446
1631,0.001961,172.31.36.0-255,66,73168,18,161446
1632,0.001965,74.125.24.0-255,2902,76070,18,161446
1633,0.001968,172.31.36.0-255,66,76136,18,161446
1634,0.001996,74.125.24.0-255,4320,80456,18,161446
1635,0.001999,172.31.36.0-255,66,80522,18,161446
1636,0.002042,74.125.24.0-255,4320,84842,18,161446
1637,0.002044,172.31.36.0-255,66,84908,18,161446
1638,0.002058,74.125.24.0-255,3961,88869,18,161446
1639,0.00206,172.31.36.0-255,66,88935,18,161446
1640,0.002097,74.125.24.0-255,645,89580,18,161446
1641,0.002589,74.125.24.0-255,1484,91064,18,161446
1642,0.002592,172.31.36.0-255,66,91130,18,161446
1643,0.002597,74.125.24.0-255,2902,94032,18,161446
1644,0.002599,172.31.36.0-255,66,94098,18,161446
1645,0.002626,74.125.24.0-255,5738,99836,18,161446
1646,0.002628,172.31.36.0-255,66,99902,18,161446
1647,0.002633,74.125.24.0-255,4320,104222,18,161446
1648,0.002635,172.31.36.0-255,66,104288,18,161446
1649,0.002654,172.31.36.0-255,66,104354,18,161446
1650,0.002657,74.125.24.0-255,1484,105838,18,161446
1651,0.002676,74.125.24.0-255,1484,107322,18,161446
1652,0.002678,172.31.36.0-255,66,107388,18,161446
1653,0.002721,74.125.24.0-255,2902,110290,18,161446
1654,0.002723,172.31.36.0-255,66,110356,18,161446
1655,0.002744,74.125.24.0-255,5020,115376,18,161446
1656,0.002746,172.31.36.0-255,66,115442,18,161446
1657,0.002754,74.125.24.0-255,7156,122598,18,161446
1658,0.002756,172.31.36.0-255,66,122664,18,161446
1659,0.00277,74.125.24.0-255,1484,124148,18,161446
1660,0.002772,74.125.24.0-255,1484,125632,18,161446
1661,0.002774,172.31.36.0-255,66,125698,18,161446
1662,0.003043,74.125.24.0-255,66,125764,18,161446
1663,0.005473,74.125.24.0-255,2902,128666,18,161446
1664,0.005479,172.31.36.0-255,66,128732,18,161446
1665,0.005516,74.125.24.0-255,2902,131634,18,161446
1666,0.005519,172.31.36.0-255,66,131700,18,161446
1667,0.008202,74.125.24.0-255,2902,134602,18,161446
1668,0.008209,172.31.36.0-255,66,134668,18,161446
1669,0.008236,74.125.24.0-255,1484,136152,18,161446
1670,0.008252,74.125.24.0-255,1484,137636,18,161446
1671,0.008255,172.31.36.0-255,66,137702,18,161446
1672,0.01095,74.125.24.0-255,2902,140604,18,161446
1673,0.010959,172.31.36.0-255,66,140670,18,161446
1674,0.010983,74.125.24.0-255,2902,143572,18,161446
1675,0.010987,172.31.36.0-255,66,143638,18,161446
1676,0.013695,74.125.24.0-255,2902,146540,18,161446
1677,0.013707,172.31.36.0-255,66,146606,18,161446
1678,0.013746,74.125.24.0-255,2902,149508,18,161446
1679,0.013749,172.31.36.0-255,66,149574,18,161446
1680,0.016427,74.125.24.0-255,2902,152476,18,161446
1681,0.016434,172.31.36.0-255,66,152542,18,161446
1682,0.016469,74.125.24.0-255,2902,155444,18,161446
1683,0.016472,172.31.36.0-255,66,155510,18,161446
1684,0.019156,74.125.24.0-255,2902,158412,18,161446
1685,0.019164,172.31.36.0-255,66,158478,18,161446
1686,0.0192,74.125.24.0-255,2902,161380,18,161446
1687,0.019203,172.31.36.0-255,66,161446,18,161446
1688,0.0,74.125.200.0-255,146,146,18,182650
1689,2.6e-05,172.31.36.0-255,66,212,18,182650
1690,3.5e-05,74.125.200.0-255,1484,1696,18,182650
1691,4e-05,172.31.36.0-255,66,1762,18,182650
1692,4.5e-05,74.125.200.0-255,2902,4664,18,182650
1693,4.8e-05,172.31.36.0-255,66,4730,18,182650
1694,5.5e-05,74.125.200.0-255,4320,9050,18,182650
1695,5.8e-05,172.31.36.0-255,66,9116,18,182650
1696,8.7e-05,74.125.200.0-255,4871,13987,18,182650
1697,9e-05,172.31.36.0-255,66,14053,18,182650
1698,0.000709,74.125.200.0-255,1484,15537,18,182650
1699,0.000716,172.31.36.0-255,66,15603,18,182650
1700,0.000727,74.125.200.0-255,2902,18505,18,182650
1701,0.000729,172.31.36.0-255,66,18571,18,182650
1702,0.000757,74.125.200.0-255,4320,22891,18,182650
1703,0.00076,172.31.36.0-255,66,22957,18,182650
1704,0.000782,74.125.200.0-255,5738,28695,18,182650
1705,0.000785,172.31.36.0-255,66,28761,18,182650
1706,0.000811,74.125.200.0-255,5379,34140,18,182650
1707,0.000815,172.31.36.0-255,66,34206,18,182650
1708,0.000822,74.125.200.0-255,5738,39944,18,182650
1709,0.000825,172.31.36.0-255,66,40010,18,182650
1710,0.000852,74.125.200.0-255,5738,45748,18,182650
1711,0.000856,172.31.36.0-255,66,45814,18,182650
1712,0.000887,74.125.200.0-255,7156,52970,18,182650
1713,0.000891,172.31.36.0-255,66,53036,18,182650
1714,0.000921,172.31.36.0-255,66,53102,18,182650
1715,0.00094,74.125.200.0-255,2184,55286,18,182650
1716,0.000943,172.31.36.0-255,66,55352,18,182650
1717,0.000947,74.125.200.0-255,400,55752,18,182650
1718,0.000949,172.31.36.0-255,66,55818,18,182650
1719,0.000951,74.125.200.0-255,110,55928,18,182650
1720,0.001215,74.125.200.0-255,1484,57412,18,182650
1721,0.00122,172.31.36.0-255,66,57478,18,182650
1722,0.001224,74.125.200.0-255,1484,58962,18,182650
1723,0.001237,74.125.200.0-255,1484,60446,18,182650
1724,0.001243,74.125.200.0-255,5738,66184,18,182650
1725,0.001254,74.125.200.0-255,1484,67668,18,182650
1726,0.001273,74.125.200.0-255,5738,73406,18,182650
1727,0.001277,172.31.36.0-255,66,73472,18,182650
1728,0.001293,74.125.200.0-255,1484,74956,18,182650
1729,0.001307,74.125.200.0-255,2902,77858,18,182650
1730,0.001335,172.31.36.0-255,66,77924,18,182650
1731,0.00135,74.125.200.0-255,2448,80372,18,182650
1732,0.001352,172.31.36.0-255,66,80438,18,182650
1733,0.001482,74.125.200.0-255,1484,81922,18,182650
1734,0.001503,74.125.200.0-255,2902,84824,18,182650
1735,0.001506,74.125.200.0-255,1484,86308,18,182650
1736,0.001513,172.31.36.0-255,66,86374,18,182650
1737,0.001524,74.125.200.0-255,4320,90694,18,182650
1738,0.001539,172.31.36.0-255,66,90760,18,182650
1739,0.001552,74.125.200.0-255,1484,92244,18,182650
1740,0.001585,172.31.36.0-255,66,92310,18,182650
1741,0.001595,74.125.200.0-255,1484,93794,18,182650
1742,0.001608,74.125.200.0-255,2902,96696,18,182650
1743,0.001617,172.31.36.0-255,66,96762,18,182650
1744,0.001669,172.31.36.0-255,66,96828,18,182650
1745,0.001689,74.125.200.0-255,4320,101148,18,182650
1746,0.001705,74.125.200.0-255,5738,106886,18,182650
1747,0.001719,172.31.36.0-255,66,106952,18,182650
1748,0.001736,74.125.200.0-255,2902,109854,18,182650
1749,0.001753,172.31.36.0-255,66,109920,18,182650
1750,0.001759,74.125.200.0-255,3602,113522,18,182650
1751,0.001763,172.31.36.0-255,66,113588,18,182650
1752,0.002539,74.125.200.0-255,1484,115072,18,182650
1753,0.002569,74.125.200.0-255,2902,117974,18,182650
1754,0.002574,172.31.36.0-255,66,118040,18,182650
1755,0.002585,74.125.200.0-255,2902,120942,18,182650
1756,0.002611,172.31.36.0-255,66,121008,18,182650
1757,0.002648,74.125.200.0-255,1484,122492,18,182650
1758,0.002653,74.125.200.0-255,2902,125394,18,182650
1759,0.002659,172.31.36.0-255,66,125460,18,182650
1760,0.00268,74.125.200.0-255,5738,131198,18,182650
1761,0.002686,74.125.200.0-255,5738,136936,18,182650
1762,0.0027,74.125.200.0-255,4320,141256,18,182650
1763,0.002705,172.31.36.0-255,66,141322,18,182650
1764,0.002719,74.125.200.0-255,6438,147760,18,182650
1765,0.002737,172.31.36.0-255,66,147826,18,182650
1766,0.005414,74.125.200.0-255,5738,153564,18,182650
1767,0.005421,172.31.36.0-255,66,153630,18,182650
1768,0.008114,74.125.200.0-255,5738,159368,18,182650
1769,0.008121,172.31.36.0-255,66,159434,18,182650
1770,0.010817,74.125.200.0-255,5738,165172,18,182650
1771,0.010828,172.31.36.0-255,66,165238,18,182650
1772,0.013507,74.125.200.0-255,5738,170976,18,182650
1773,0.013516,172.31.36.0-255,66,171042,18,182650
1774,0.016206,74.125.200.0-255,5738,176780,18,182650
1775,0.016213,172.31.36.0-255,66,176846,18,182650
1776,0.018896,74.125.200.0-255,5738,182584,18,182650
1777,0.018904,172.31.36.0-255,66,182650,18,182650
1778,0.0,74.125.24.0-255,143,143,18,212299
1779,1.6e-05,172.31.36.0-255,66,209,18,212299
1780,2.3e-05,74.125.24.0-255,1484,1693,18,212299
1781,2.8e-05,172.31.36.0-255,66,1759,18,212299
1782,4.1e-05,74.125.24.0-255,2902,4661,18,212299
1783,4.4e-05,172.31.36.0-255,66,4727,18,212299
1784,8.5e-05,74.125.24.0-255,7156,11883,18,212299
1785,8.8e-05,172.31.36.0-255,66,11949,18,212299
1786,0.000113,74.125.24.0-255,2030,13979,18,212299
1787,0.000115,172.31.36.0-255,66,14045,18,212299
1788,0.000138,74.125.24.0-255,2902,16947,18,212299
1789,0.000141,172.31.36.0-255,66,17013,18,212299
1790,0.000172,74.125.24.0-255,2902,19915,18,212299
1791,0.000174,172.31.36.0-255,66,19981,18,212299
1792,0.000177,74.125.24.0-255,1484,21465,18,212299
1793,0.00018,172.31.36.0-255,66,21531,18,212299
1794,0.000204,74.125.24.0-255,5738,27269,18,212299
1795,0.000206,172.31.36.0-255,66,27335,18,212299
1796,0.000229,74.125.24.0-255,2902,30237,18,212299
1797,0.000231,172.31.36.0-255,66,30303,18,212299
1798,0.000252,74.125.24.0-255,1125,31428,18,212299
1799,0.000257,172.31.36.0-255,66,31494,18,212299
1800,0.000452,74.125.24.0-255,1484,32978,18,212299
1801,0.000459,172.31.36.0-255,66,33044,18,212299
1802,0.00047,74.125.24.0-255,2902,35946,18,212299
1803,0.000472,172.31.36.0-255,66,36012,18,212299
1804,0.000482,74.125.24.0-255,4320,40332,18,212299
1805,0.000484,172.31.36.0-255,66,40398,18,212299
1806,0.000513,74.125.24.0-255,1484,41882,18,212299
1807,0.000516,172.31.36.0-255,66,41948,18,212299
1808,0.000522,74.125.24.0-255,4320,46268,18,212299
1809,0.000524,172.31.36.0-255,66,46334,18,212299
1810,0.000547,74.125.24.0-255,3961,50295,18,212299
1811,0.000581,74.125.24.0-255,5738,56033,18,212299
1812,0.000595,74.125.24.0-255,1435,57468,18,212299
1813,0.000597,74.125.24.0-255,109,57577,18,212299
1814,0.0006,172.31.36.0-255,66,57643,18,212299
1815,0.000624,74.125.24.0-255,332,57975,18,212299
1816,0.000638,172.31.36.0-255,66,58041,18,212299
1817,0.000986,74.125.24.0-255,1484,59525,18,212299
1818,0.000992,74.125.24.0-255,2902,62427,18,212299
1819,0.000995,172.31.36.0-255,66,62493,18,212299
1820,0.001022,74.125.24.0-255,2902,65395,18,212299
1821,0.001032,172.31.36.0-255,66,65461,18,212299
1822,0.001041,74.125.24.0-255,2902,68363,18,212299
1823,0.001059,172.31.36.0-255,66,68429,18,212299
1824,0.001071,74.125.24.0-255,1484,69913,18,212299
1825,0.00111,172.31.36.0-255,66,69979,18,212299
1826,0.001531,74.125.24.0-255,1484,71463,18,212299
1827,0.001535,74.125.24.0-255,1484,72947,18,212299
1828,0.001538,172.31.36.0-255,66,73013,18,212299
1829,0.001566,74.125.24.0-255,1484,74497,18,212299
1830,0.001573,74.125.24.0-255,5738,80235,18,212299
1831,0.001578,74.125.24.0-255,4320,84555,18,212299
1832,0.001596,74.125.24.0-255,1484,86039,18,212299
1833,0.001613,74.125.24.0-255,7156,93195,18,212299
1834,0.00162,172.31.36.0-255,66,93261,18,212299
1835,0.001629,74.125.24.0-255,2902,96163,18,212299
1836,0.001646,74.125.24.0-255,5738,101901,18,212299
1837,0.001648,172.31.36.0-255,66,101967,18,212299
1838,0.001676,74.125.24.0-255,2184,104151,18,212299
1839,0.001692,172.31.36.0-255,66,104217,18,212299
1840,0.001945,74.125.24.0-255,1484,105701,18,212299
1841,0.001949,74.125.24.0-255,1484,107185,18,212299
1842,0.001952,172.31.36.0-255,66,107251,18,212299
1843,0.001972,74.125.24.0-255,1484,108735,18,212299
1844,0.001979,74.125.24.0-255,5738,114473,18,212299
1845,0.002008,74.125.24.0-255,2902,117375,18,212299
1846,0.002019,74.125.24.0-255,1484,118859,18,212299
1847,0.00203,74.125.24.0-255,2902,121761,18,212299
1848,0.002041,74.125.24.0-255,1484,123245,18,212299
1849,0.002047,172.31.36.0-255,66,123311,18,212299
1850,0.002057,74.125.24.0-255,4320,127631,18,212299
1851,0.002059,74.125.24.0-255,1484,129115,18,212299
1852,0.002084,74.125.24.0-255,1484,130599,18,212299
1853,0.002089,172.31.36.0-255,66,130665,18,212299
1854,0.002121,74.125.24.0-255,2902,133567,18,212299
1855,0.002127,172.31.36.0-255,66,133633,18,212299
1856,0.00216,74.125.24.0-255,2902,136535,18,212299
1857,0.002177,74.125.24.0-255,7156,143691,18,212299
1858,0.0022,74.125.24.0-255,1484,145175,18,212299
1859,0.002218,74.125.24.0-255,6438,151613,18,212299
1860,0.002222,172.31.36.0-255,66,151679,18,212299
1861,0.002315,74.125.24.0-255,1484,153163,18,212299
1862,0.00233,74.125.24.0-255,2902,156065,18,212299
1863,0.002349,74.125.24.0-255,5738,161803,18,212299
1864,0.002352,74.125.24.0-255,1484,163287,18,212299
1865,0.002356,172.31.36.0-255,66,163353,18,212299
1866,0.002392,74.125.24.0-255,4320,167673,18,212299
1867,0.002409,74.125.24.0-255,5738,173411,18,212299
1868,0.002425,74.125.24.0-255,2902,176313,18,212299
1869,0.002427,74.125.24.0-255,1484,177797,18,212299
1870,0.002437,172.31.36.0-255,66,177863,18,212299
1871,0.002448,74.125.24.0-255,4320,182183,18,212299
1872,0.00245,74.125.24.0-255,1484,183667,18,212299
1873,0.00247,74.125.24.0-255,2184,185851,18,212299
1874,0.002472,172.31.36.0-255,66,185917,18,212299
1875,0.002494,172.31.36.0-255,66,185983,18,212299
1876,0.004914,74.125.24.0-255,2902,188885,18,212299
1877,0.00492,172.31.36.0-255,66,188951,18,212299
1878,0.004974,74.125.24.0-255,1484,190435,18,212299
1879,0.004991,74.125.24.0-255,1484,191919,18,212299
1880,0.007369,74.125.24.0-255,2902,194821,18,212299
1881,0.007928,172.31.36.0-255,66,194887,18,212299
1882,0.010371,74.125.24.0-255,5738,200625,18,212299
1883,0.010379,172.31.36.0-255,66,200691,18,212299
1884,0.012906,74.125.24.0-255,5738,206429,18,212299
1885,0.015246,172.31.36.0-255,66,206495,18,212299
1886,0.017697,74.125.24.0-255,5738,212233,18,212299
1887,0.017708,172.31.36.0-255,66,212299,18,212299
1888,0.0,74.125.24.0-255,143,143,18,140901
1889,2.6e-05,172.31.36.0-255,66,209,18,140901
1890,3.3e-05,74.125.24.0-255,1484,1693,18,140901
1891,3.8e-05,172.31.36.0-255,66,1759,18,140901
1892,4.3e-05,74.125.24.0-255,2902,4661,18,140901
1893,5.3e-05,172.31.36.0-255,66,4727,18,140901
1894,5.7e-05,74.125.24.0-255,2902,7629,18,140901
1895,5.9e-05,172.31.36.0-255,66,7695,18,140901
1896,9.3e-05,74.125.24.0-255,6301,13996,18,140901
1897,0.0001,172.31.36.0-255,66,14062,18,140901
1898,0.00017,74.125.24.0-255,1484,15546,18,140901
1899,0.000173,172.31.36.0-255,66,15612,18,140901
1900,0.000178,74.125.24.0-255,2902,18514,18,140901
1901,0.00018,172.31.36.0-255,66,18580,18,140901
1902,0.000208,74.125.24.0-255,5738,24318,18,140901
1903,0.000211,172.31.36.0-255,66,24384,18,140901
1904,0.000241,74.125.24.0-255,6797,31181,18,140901
1905,0.000243,172.31.36.0-255,66,31247,18,140901
1906,0.000305,74.125.24.0-255,1484,32731,18,140901
1907,0.000309,172.31.36.0-255,66,32797,18,140901
1908,0.000314,74.125.24.0-255,2902,35699,18,140901
1909,0.000316,172.31.36.0-255,66,35765,18,140901
1910,0.000342,74.125.24.0-255,5738,41503,18,140901
1911,0.000346,172.31.36.0-255,66,41569,18,140901
1912,0.000353,74.125.24.0-255,1484,43053,18,140901
1913,0.000356,172.31.36.0-255,66,43119,18,140901
1914,0.000367,172.31.36.0-255,66,43185,18,140901
1915,0.000388,74.125.24.0-255,5738,48923,18,140901
1916,0.000391,172.31.36.0-255,66,48989,18,140901
1917,0.000395,74.125.24.0-255,2902,51891,18,140901
1918,0.000397,172.31.36.0-255,66,51957,18,140901
1919,0.000431,74.125.24.0-255,4271,56228,18,140901
1920,0.000435,172.31.36.0-255,66,56294,18,140901
1921,0.000459,74.125.24.0-255,110,56404,18,140901
1922,0.000463,74.125.24.0-255,331,56735,18,140901
1923,0.000755,74.125.24.0-255,1484,58219,18,140901
1924,0.000762,172.31.36.0-255,66,58285,18,140901
1925,0.000769,74.125.24.0-255,2902,61187,18,140901
1926,0.000774,172.31.36.0-255,66,61253,18,140901
1927,0.000787,74.125.24.0-255,5738,66991,18,140901
1928,0.000791,172.31.36.0-255,66,67057,18,140901
1929,0.000796,74.125.24.0-255,5738,72795,18,140901
1930,0.000798,172.31.36.0-255,66,72861,18,140901
1931,0.000844,74.125.24.0-255,5020,77881,18,140901
1932,0.000895,172.31.36.0-255,66,77947,18,140901
1933,0.000903,172.31.36.0-255,66,78013,18,140901
1934,0.001431,74.125.24.0-255,1484,79497,18,140901
1935,0.001439,74.125.24.0-255,2902,82399,18,140901
1936,0.001443,172.31.36.0-255,66,82465,18,140901
1937,0.001451,74.125.24.0-255,5738,88203,18,140901
1938,0.001453,172.31.36.0-255,66,88269,18,140901
1939,0.001465,74.125.24.0-255,2902,91171,18,140901
1940,0.001467,172.31.36.0-255,66,91237,18,140901
1941,0.001505,172.31.36.0-255,66,91303,18,140901
1942,0.001516,172.31.36.0-255,66,91369,18,140901
1943,0.003505,74.125.24.0-255,5738,97107,18,140901
1944,0.00351,172.31.36.0-255,66,97173,18,140901
1945,0.005513,74.125.24.0-255,4320,101493,18,140901
1946,0.005518,172.31.36.0-255,66,101559,18,140901
1947,0.005544,74.125.24.0-255,1484,103043,18,140901
1948,0.007564,74.125.24.0-255,4320,107363,18,140901
1949,0.007571,172.31.36.0-255,66,107429,18,140901
1950,0.009588,74.125.24.0-255,5738,113167,18,140901
1951,0.009596,172.31.36.0-255,66,113233,18,140901
1952,0.0116,74.125.24.0-255,5738,118971,18,140901
1953,0.011609,172.31.36.0-255,66,119037,18,140901
1954,0.013608,74.125.24.0-255,5738,124775,18,140901
1955,0.013617,172.31.36.0-255,66,124841,18,140901
1956,0.015598,74.125.24.0-255,4320,129161,18,140901
1957,0.015604,172.31.36.0-255,66,129227,18,140901
1958,0.015626,74.125.24.0-255,1484,130711,18,140901
1959,0.017572,74.125.24.0-255,4320,135031,18,140901
1960,0.017579,172.31.36.0-255,66,135097,18,140901
1961,0.019554,74.125.24.0-255,5738,140835,18,140901
1962,0.019561,172.31.36.0-255,66,140901,18,140901
1963,0.0,74.125.24.0-255,153,153,18,104121
1964,2.3e-05,172.31.36.0-255,66,219,18,104121
1965,3.1e-05,74.125.24.0-255,1484,1703,18,104121
1966,3.5e-05,172.31.36.0-255,66,1769,18,104121
1967,4.8e-05,74.125.24.0-255,2902,4671,18,104121
1968,5.1e-05,172.31.36.0-255,66,4737,18,104121
1969,5.4e-05,74.125.24.0-255,1484,6221,18,104121
1970,5.6e-05,172.31.36.0-255,66,6287,18,104121
1971,7e-05,172.31.36.0-255,66,6353,18,104121
1972,0.000191,172.31.36.0-255,66,6419,18,104121
1973,0.00021,74.125.24.0-255,6797,13216,18,104121
1974,0.000214,172.31.36.0-255,66,13282,18,104121
1975,0.000385,74.125.24.0-255,7156,20438,18,104121
1976,0.000391,172.31.36.0-255,66,20504,18,104121
1977,0.000429,172.31.36.0-255,66,20570,18,104121
1978,0.000575,74.125.24.0-255,1125,21695,18,104121
1979,0.00058,172.31.36.0-255,66,21761,18,104121
1980,0.000622,172.31.36.0-255,66,21827,18,104121
1981,0.00081,74.125.24.0-255,1484,23311,18,104121
1982,0.000814,172.31.36.0-255,66,23377,18,104121
1983,0.000846,74.125.24.0-255,2902,26279,18,104121
1984,0.000849,172.31.36.0-255,66,26345,18,104121
1985,0.000881,74.125.24.0-255,5738,32083,18,104121
1986,0.000884,172.31.36.0-255,66,32149,18,104121
1987,0.000967,74.125.24.0-255,4320,36469,18,104121
1988,0.000971,172.31.36.0-255,66,36535,18,104121
1989,0.001003,172.31.36.0-255,66,36601,18,104121
1990,0.001118,74.125.24.0-255,5738,42339,18,104121
1991,0.001122,172.31.36.0-255,66,42405,18,104121
1992,0.001152,74.125.24.0-255,5020,47425,18,104121
1993,0.001156,172.31.36.0-255,66,47491,18,104121
1994,0.001256,74.125.24.0-255,5738,53229,18,104121
1995,0.001259,172.31.36.0-255,66,53295,18,104121
1996,0.001309,172.31.36.0-255,66,53361,18,104121
1997,0.001626,74.125.24.0-255,5020,58381,18,104121
1998,0.001631,172.31.36.0-255,66,58447,18,104121
1999,0.001692,74.125.24.0-255,2902,61349,18,104121
2000,0.001695,172.31.36.0-255,66,61415,18,104121
2001,0.001742,172.31.36.0-255,66,61481,18,104121
2002,0.001785,172.31.36.0-255,66,61547,18,104121
2003,0.002136,74.125.24.0-255,7156,68703,18,104121
2004,0.002141,172.31.36.0-255,66,68769,18,104121
2005,0.002185,172.31.36.0-255,66,68835,18,104121
2006,0.002225,172.31.36.0-255,66,68901,18,104121
2007,0.002573,172.31.36.0-255,66,68967,18,104121
2008,0.002597,172.31.36.0-255,66,69033,18,104121
2009,0.002673,172.31.36.0-255,66,69099,18,104121
2010,0.003502,172.31.36.0-255,66,69165,18,104121
2011,0.003546,172.31.36.0-255,66,69231,18,104121
2012,0.005992,172.31.36.0-255,66,69297,18,104121
2013,0.008138,74.125.24.0-255,5738,75035,18,104121
2014,0.008144,172.31.36.0-255,66,75101,18,104121
2015,0.010294,74.125.24.0-255,5738,80839,18,104121
2016,0.010301,172.31.36.0-255,66,80905,18,104121
2017,0.012456,74.125.24.0-255,5738,86643,18,104121
2018,0.012463,172.31.36.0-255,66,86709,18,104121
2019,0.014573,74.125.24.0-255,5738,92447,18,104121
2020,0.014583,172.31.36.0-255,66,92513,18,104121
2021,0.016733,74.125.24.0-255,5738,98251,18,104121
2022,0.01674,172.31.36.0-255,66,98317,18,104121
2023,0.018828,74.125.24.0-255,5738,104055,18,104121
2024,0.018837,172.31.36.0-255,66,104121,18,104121
2025,0.0,74.125.130.0-255,146,146,18,172397
2026,1.7e-05,172.31.36.0-255,66,212,18,172397
2027,3.8e-05,74.125.130.0-255,1484,1696,18,172397
2028,4.3e-05,172.31.36.0-255,66,1762,18,172397
2029,4.6e-05,74.125.130.0-255,1484,3246,18,172397
2030,4.9e-05,172.31.36.0-255,66,3312,18,172397
2031,6.2e-05,74.125.130.0-255,1484,4796,18,172397
2032,6.4e-05,172.31.36.0-255,66,4862,18,172397
2033,7.1e-05,74.125.130.0-255,4320,9182,18,172397
2034,9e-05,172.31.36.0-255,66,9248,18,172397
2035,0.000115,74.125.130.0-255,1484,10732,18,172397
2036,0.000117,172.31.36.0-255,66,10798,18,172397
2037,0.000124,74.125.130.0-255,3493,14291,18,172397
2038,0.000126,172.31.36.0-255,66,14357,18,172397
2039,0.000132,74.125.130.0-255,4320,18677,18,172397
2040,0.000134,172.31.36.0-255,66,18743,18,172397
2041,0.000157,74.125.130.0-255,4320,23063,18,172397
2042,0.000159,172.31.36.0-255,66,23129,18,172397
2043,0.000187,74.125.130.0-255,1484,24613,18,172397
2044,0.00019,172.31.36.0-255,66,24679,18,172397
2045,0.000208,74.125.130.0-255,4320,28999,18,172397
2046,0.00021,172.31.36.0-255,66,29065,18,172397
2047,0.000215,74.125.130.0-255,2543,31608,18,172397
2048,0.000217,172.31.36.0-255,66,31674,18,172397
2049,0.00029,74.125.130.0-255,1484,33158,18,172397
2050,0.000295,172.31.36.0-255,66,33224,18,172397
2051,0.0003,74.125.130.0-255,2902,36126,18,172397
2052,0.000303,172.31.36.0-255,66,36192,18,172397
2053,0.000307,74.125.130.0-255,2902,39094,18,172397
2054,0.000309,172.31.36.0-255,66,39160,18,172397
2055,0.000329,74.125.130.0-255,2902,42062,18,172397
2056,0.000332,172.31.36.0-255,66,42128,18,172397
2057,0.000337,74.125.130.0-255,4320,46448,18,172397
2058,0.000339,172.31.36.0-255,66,46514,18,172397
2059,0.000356,74.125.130.0-255,2543,49057,18,172397
2060,0.000358,172.31.36.0-255,66,49123,18,172397
2061,0.000364,74.125.130.0-255,4320,53443,18,172397
2062,0.000366,172.31.36.0-255,66,53509,18,172397
2063,0.000387,74.125.130.0-255,2902,56411,18,172397
2064,0.000391,172.31.36.0-255,66,56477,18,172397
2065,0.000397,74.125.130.0-255,5738,62215,18,172397
2066,0.000399,172.31.36.0-255,66,62281,18,172397
2067,0.000439,74.125.130.0-255,4212,66493,18,172397
2068,0.000441,172.31.36.0-255,66,66559,18,172397
2069,0.000445,74.125.130.0-255,115,66674,18,172397
2070,0.00055,74.125.130.0-255,1484,68158,18,172397
2071,0.000557,172.31.36.0-255,66,68224,18,172397
2072,0.000563,74.125.130.0-255,2902,71126,18,172397
2073,0.000566,172.31.36.0-255,66,71192,18,172397
2074,0.000569,74.125.130.0-255,1484,72676,18,172397
2075,0.000593,74.125.130.0-255,4320,76996,18,172397
2076,0.000596,172.31.36.0-255,66,77062,18,172397
2077,0.0006,74.125.130.0-255,2902,79964,18,172397
2078,0.000602,172.31.36.0-255,66,80030,18,172397
2079,0.000608,74.125.130.0-255,4320,84350,18,172397
2080,0.00061,172.31.36.0-255,66,84416,18,172397
2081,0.000614,74.125.130.0-255,2902,87318,18,172397
2082,0.000617,172.31.36.0-255,66,87384,18,172397
2083,0.00064,74.125.130.0-255,5738,93122,18,172397
2084,0.000644,172.31.36.0-255,66,93188,18,172397
2085,0.000654,172.31.36.0-255,66,93254,18,172397
2086,0.000657,74.125.130.0-255,385,93639,18,172397
2087,0.00127,74.125.130.0-255,1484,95123,18,172397
2088,0.001277,172.31.36.0-255,66,95189,18,172397
2089,0.00133,74.125.130.0-255,2902,98091,18,172397
2090,0.001334,172.31.36.0-255,66,98157,18,172397
2091,0.001442,74.125.130.0-255,1484,99641,18,172397
2092,0.001482,74.125.130.0-255,1484,101125,18,172397
2093,0.001486,172.31.36.0-255,66,101191,18,172397
2094,0.001501,74.125.130.0-255,2902,104093,18,172397
2095,0.001504,172.31.36.0-255,66,104159,18,172397
2096,0.001527,74.125.130.0-255,1484,105643,18,172397
2097,0.001571,74.125.130.0-255,2902,108545,18,172397
2098,0.001574,172.31.36.0-255,66,108611,18,172397
2099,0.001592,74.125.130.0-255,1484,110095,18,172397
2100,0.001598,74.125.130.0-255,2902,112997,18,172397
2101,0.0016,172.31.36.0-255,66,113063,18,172397
2102,0.001605,74.125.130.0-255,4320,117383,18,172397
2103,0.001606,172.31.36.0-255,66,117449,18,172397
2104,0.001618,74.125.130.0-255,1484,118933,18,172397
2105,0.001633,74.125.130.0-255,1484,120417,18,172397
2106,0.001637,74.125.130.0-255,2902,123319,18,172397
2107,0.001641,172.31.36.0-255,66,123385,18,172397
2108,0.001644,172.31.36.0-255,66,123451,18,172397
2109,0.001673,74.125.130.0-255,2902,126353,18,172397
2110,0.001676,172.31.36.0-255,66,126419,18,172397
2111,0.001695,74.125.130.0-255,2184,128603,18,172397
2112,0.001697,172.31.36.0-255,66,128669,18,172397
2113,0.003823,74.125.130.0-255,4320,132989,18,172397
2114,0.003828,172.31.36.0-255,66,133055,18,172397
2115,0.003843,74.125.130.0-255,1484,134539,18,172397
2116,0.006,74.125.130.0-255,2902,137441,18,172397
2117,0.006003,172.31.36.0-255,66,137507,18,172397
2118,0.006018,74.125.130.0-255,1484,138991,18,172397
2119,0.008156,74.125.130.0-255,4320,143311,18,172397
2120,0.008163,172.31.36.0-255,66,143377,18,172397
2121,0.010324,74.125.130.0-255,5738,149115,18,172397
2122,0.010334,172.31.36.0-255,66,149181,18,172397
2123,0.012493,74.125.130.0-255,5738,154919,18,172397
2124,0.012503,172.31.36.0-255,66,154985,18,172397
2125,0.014678,74.125.130.0-255,5738,160723,18,172397
2126,0.014695,172.31.36.0-255,66,160789,18,172397
2127,0.016853,74.125.130.0-255,5738,166527,18,172397
2128,0.016861,172.31.36.0-255,66,166593,18,172397
2129,0.019006,74.125.130.0-255,5738,172331,18,172397
2130,0.019013,172.31.36.0-255,66,172397,18,172397
2131,0.0,172.31.36.0-255,105,105,18,105
2132,0.0,172.31.36.0-255,66,66,18,66
2133,0.0,172.217.160.0-255,146,146,18,145338
2134,2.4e-05,172.31.36.0-255,66,212,18,145338
2135,3.2e-05,172.217.160.0-255,1484,1696,18,145338
2136,3.7e-05,172.31.36.0-255,66,1762,18,145338
2137,5.4e-05,172.217.160.0-255,2902,4664,18,145338
2138,5.7e-05,172.31.36.0-255,66,4730,18,145338
2139,6.6e-05,172.217.160.0-255,7156,11886,18,145338
2140,7e-05,172.31.36.0-255,66,11952,18,145338
2141,7.4e-05,172.217.160.0-255,2057,14009,18,145338
2142,7.8e-05,172.31.36.0-255,66,14075,18,145338
2143,0.000123,172.31.36.0-255,66,14141,18,145338
2144,0.000153,172.217.160.0-255,6797,20938,18,145338
2145,0.000156,172.31.36.0-255,66,21004,18,145338
2146,0.000163,172.217.160.0-255,7156,28160,18,145338
2147,0.000166,172.31.36.0-255,66,28226,18,145338
2148,0.000204,172.217.160.0-255,1484,29710,18,145338
2149,0.000207,172.31.36.0-255,66,29776,18,145338
2150,0.000241,172.31.36.0-255,66,29842,18,145338
2151,0.000268,172.217.160.0-255,2902,32744,18,145338
2152,0.000271,172.31.36.0-255,66,32810,18,145338
2153,0.000276,172.217.160.0-255,4320,37130,18,145338
2154,0.000279,172.31.36.0-255,66,37196,18,145338
2155,0.000293,172.31.36.0-255,66,37262,18,145338
2156,0.000297,172.217.160.0-255,1125,38387,18,145338
2157,0.000299,172.31.36.0-255,66,38453,18,145338
2158,0.000322,172.217.160.0-255,336,38789,18,145338
2159,0.000325,172.31.36.0-255,66,38855,18,145338
2160,0.000989,172.217.160.0-255,120,38975,18,145338
2161,0.000994,172.31.36.0-255,66,39041,18,145338
2162,0.001075,172.217.160.0-255,1484,40525,18,145338
2163,0.001082,172.217.160.0-255,2902,43427,18,145338
2164,0.001086,172.31.36.0-255,66,43493,18,145338
2165,0.00109,172.217.160.0-255,1484,44977,18,145338
2166,0.001121,172.217.160.0-255,4320,49297,18,145338
2167,0.001142,172.217.160.0-255,4320,53617,18,145338
2168,0.001148,172.31.36.0-255,66,53683,18,145338
2169,0.001158,172.217.160.0-255,2543,56226,18,145338
2170,0.00117,172.217.160.0-255,5738,61964,18,145338
2171,0.001188,172.217.160.0-255,1484,63448,18,145338
2172,0.001216,172.31.36.0-255,66,63514,18,145338
2173,0.001573,172.217.160.0-255,1484,64998,18,145338
2174,0.001583,172.217.160.0-255,2902,67900,18,145338
2175,0.001587,172.31.36.0-255,66,67966,18,145338
2176,0.001595,172.217.160.0-255,5738,73704,18,145338
2177,0.0016,172.217.160.0-255,2902,76606,18,145338
2178,0.001666,172.217.160.0-255,3602,80208,18,145338
2179,0.001692,172.217.160.0-255,4320,84528,18,145338
2180,0.001697,172.217.160.0-255,4320,88848,18,145338
2181,0.001718,172.217.160.0-255,5738,94586,18,145338
2182,0.001724,172.217.160.0-255,5738,100324,18,145338
2183,0.001799,172.217.160.0-255,1484,101808,18,145338
2184,0.001805,172.217.160.0-255,2902,104710,18,145338
2185,0.001863,172.217.160.0-255,5738,110448,18,145338
2186,0.00733,172.31.36.0-255,66,110514,18,145338
2187,0.009239,172.217.160.0-255,5738,116252,18,145338
2188,0.009248,172.31.36.0-255,66,116318,18,145338
2189,0.011156,172.217.160.0-255,5738,122056,18,145338
2190,0.012035,172.31.36.0-255,66,122122,18,145338
2191,0.013943,172.217.160.0-255,5738,127860,18,145338
2192,0.013952,172.31.36.0-255,66,127926,18,145338
2193,0.015864,172.217.160.0-255,5738,133664,18,145338
2194,0.015872,172.31.36.0-255,66,133730,18,145338
2195,0.017769,172.217.160.0-255,5738,139468,18,145338
2196,0.017778,172.31.36.0-255,66,139534,18,145338
2197,0.019675,172.217.160.0-255,5738,145272,18,145338
2198,0.019681,172.31.36.0-255,66,145338,18,145338
2199,0.0,74.125.24.0-255,66,66,18,66
2200,0.0,172.217.194.0-255,153,153,18,163808
2201,3e-05,172.217.194.0-255,1484,1637,18,163808
2202,3.9e-05,172.31.36.0-255,66,1703,18,163808
2203,4.6e-05,172.217.194.0-255,2902,4605,18,163808
2204,4.9e-05,172.31.36.0-255,66,4671,18,163808
2205,5.5e-05,172.217.194.0-255,5738,10409,18,163808
2206,5.8e-05,172.31.36.0-255,66,10475,18,163808
2207,0.000101,172.217.194.0-255,3444,13919,18,163808
2208,0.000104,172.31.36.0-255,66,13985,18,163808
2209,0.000328,172.217.194.0-255,1484,15469,18,163808
2210,0.000344,172.217.194.0-255,2902,18371,18,163808
2211,0.000348,172.31.36.0-255,66,18437,18,163808
2212,0.000355,172.217.194.0-255,5738,24175,18,163808
2213,0.000357,172.31.36.0-255,66,24241,18,163808
2214,0.000364,172.217.194.0-255,5738,29979,18,163808
2215,0.000366,172.31.36.0-255,66,30045,18,163808
2216,0.000385,172.217.194.0-255,1125,31170,18,163808
2217,0.00049,172.217.194.0-255,1484,32654,18,163808
2218,0.000494,172.31.36.0-255,66,32720,18,163808
2219,0.000498,172.217.194.0-255,1484,34204,18,163808
2220,0.000514,172.217.194.0-255,1484,35688,18,163808
2221,0.000516,172.217.194.0-255,1484,37172,18,163808
2222,0.000519,172.31.36.0-255,66,37238,18,163808
2223,0.000542,172.217.194.0-255,4320,41558,18,163808
2224,0.000544,172.31.36.0-255,66,41624,18,163808
2225,0.000564,172.217.194.0-255,1484,43108,18,163808
2226,0.000595,172.31.36.0-255,66,43174,18,163808
2227,0.00064,172.31.36.0-255,66,43240,18,163808
2228,0.000643,172.217.194.0-255,364,43604,18,163808
2229,0.000871,172.217.194.0-255,379,43983,18,163808
2230,0.000888,172.31.36.0-255,66,44049,18,163808
2231,0.001002,172.217.194.0-255,1484,45533,18,163808
2232,0.001012,172.217.194.0-255,2902,48435,18,163808
2233,0.001017,172.31.36.0-255,66,48501,18,163808
2234,0.001024,172.217.194.0-255,5738,54239,18,163808
2235,0.001026,172.31.36.0-255,66,54305,18,163808
2236,0.001029,172.217.194.0-255,1484,55789,18,163808
2237,0.001031,172.217.194.0-255,1484,57273,18,163808
2238,0.001033,172.31.36.0-255,66,57339,18,163808
2239,0.001064,172.217.194.0-255,7156,64495,18,163808
2240,0.001067,172.31.36.0-255,66,64561,18,163808
2241,0.001074,172.217.194.0-255,5738,70299,18,163808
2242,0.001076,172.31.36.0-255,66,70365,18,163808
2243,0.001101,172.31.36.0-255,66,70431,18,163808
2244,0.002027,172.217.194.0-255,1484,71915,18,163808
2245,0.002035,172.217.194.0-255,2902,74817,18,163808
2246,0.002039,172.31.36.0-255,66,74883,18,163808
2247,0.002087,172.217.194.0-255,5738,80621,18,163808
2248,0.002089,172.31.36.0-255,66,80687,18,163808
2249,0.0021,172.31.36.0-255,66,80753,18,163808
2250,0.002114,172.217.194.0-255,4320,85073,18,163808
2251,0.002116,172.31.36.0-255,66,85139,18,163808
2252,0.002136,172.217.194.0-255,1484,86623,18,163808
2253,0.002159,172.31.36.0-255,66,86689,18,163808
2254,0.002864,172.217.194.0-255,1484,88173,18,163808
2255,0.002882,172.217.194.0-255,2902,91075,18,163808
2256,0.002884,172.31.36.0-255,66,91141,18,163808
2257,0.002888,172.217.194.0-255,2902,94043,18,163808
2258,0.00289,172.31.36.0-255,66,94109,18,163808
2259,0.002904,172.217.194.0-255,2902,97011,18,163808
2260,0.002906,172.31.36.0-255,66,97077,18,163808
2261,0.002929,172.217.194.0-255,2902,99979,18,163808
2262,0.002932,172.31.36.0-255,66,100045,18,163808
2263,0.002957,172.31.36.0-255,66,100111,18,163808
2264,0.002964,172.217.194.0-255,7156,107267,18,163808
2265,0.002966,172.31.36.0-255,66,107333,18,163808
2266,0.002985,172.217.194.0-255,1484,108817,18,163808
2267,0.002988,172.217.194.0-255,1484,110301,18,163808
2268,0.002989,172.31.36.0-255,66,110367,18,163808
2269,0.002992,172.217.194.0-255,766,111133,18,163808
2270,0.003235,172.217.194.0-255,1484,112617,18,163808
2271,0.003238,172.31.36.0-255,66,112683,18,163808
2272,0.003241,172.217.194.0-255,1484,114167,18,163808
2273,0.003255,172.217.194.0-255,1484,115651,18,163808
2274,0.003258,172.31.36.0-255,66,115717,18,163808
2275,0.00326,172.217.194.0-255,1484,117201,18,163808
2276,0.003298,172.31.36.0-255,66,117267,18,163808
2277,0.003301,172.217.194.0-255,1484,118751,18,163808
2278,0.003327,172.31.36.0-255,66,118817,18,163808
2279,0.003367,172.217.194.0-255,4320,123137,18,163808
2280,0.00337,172.31.36.0-255,66,123203,18,163808
2281,0.003385,172.31.36.0-255,66,123269,18,163808
2282,0.003387,172.217.194.0-255,1484,124753,18,163808
2283,0.003417,172.31.36.0-255,66,124819,18,163808
2284,0.003436,172.217.194.0-255,6438,131257,18,163808
2285,0.003438,172.31.36.0-255,66,131323,18,163808
2286,0.003452,172.217.194.0-255,2902,134225,18,163808
2287,0.003454,172.31.36.0-255,66,134291,18,163808
2288,0.00349,172.31.36.0-255,66,134357,18,163808
2289,0.003503,172.31.36.0-255,66,134423,18,163808
2290,0.003524,172.217.194.0-255,3602,138025,18,163808
2291,0.003526,172.31.36.0-255,66,138091,18,163808
2292,0.003541,172.31.36.0-255,66,138157,18,163808
2293,0.003585,172.217.194.0-255,7156,145313,18,163808
2294,0.003588,172.31.36.0-255,66,145379,18,163808
2295,0.003614,172.217.194.0-255,2902,148281,18,163808
2296,0.003616,172.31.36.0-255,66,148347,18,163808
2297,0.003628,172.31.36.0-255,66,148413,18,163808
2298,0.003639,172.31.36.0-255,66,148479,18,163808
2299,0.003657,172.31.36.0-255,66,148545,18,163808
2300,0.003682,172.31.36.0-255,66,148611,18,163808
2301,0.003685,172.217.194.0-255,1484,150095,18,163808
2302,0.003724,172.31.36.0-255,66,150161,18,163808
2303,0.003731,172.217.194.0-255,6438,156599,18,163808
2304,0.003733,172.31.36.0-255,66,156665,18,163808
2305,0.003773,172.217.194.0-255,1484,158149,18,163808
2306,0.003806,172.31.36.0-255,66,158215,18,163808
2307,0.003811,172.217.194.0-255,2902,161117,18,163808
2308,0.003813,172.31.36.0-255,66,161183,18,163808
2309,0.003852,172.31.36.0-255,66,161249,18,163808
2310,0.003856,172.217.194.0-255,2217,163466,18,163808
2311,0.003858,172.31.36.0-255,66,163532,18,163808
2312,0.003891,172.217.194.0-255,105,163637,18,163808
2313,0.009172,172.31.36.0-255,105,163742,18,163808
2314,0.01151,172.217.194.0-255,66,163808,18,163808
2315,0.0,172.217.27.0-255,66,66,18,66
2316,0.0,74.125.130.0-255,156,156,18,252760
2317,2.6e-05,172.31.36.0-255,66,222,18,252760
2318,3.2e-05,74.125.130.0-255,1484,1706,18,252760
2319,3.5e-05,172.31.36.0-255,66,1772,18,252760
2320,5.2e-05,74.125.130.0-255,2902,4674,18,252760
2321,5.4e-05,172.31.36.0-255,66,4740,18,252760
2322,5.7e-05,74.125.130.0-255,1484,6224,18,252760
2323,5.9e-05,172.31.36.0-255,66,6290,18,252760
2324,7.9e-05,74.125.130.0-255,2902,9192,18,252760
2325,8.2e-05,172.31.36.0-255,66,9258,18,252760
2326,0.000103,74.125.130.0-255,2902,12160,18,252760
2327,0.000106,172.31.36.0-255,66,12226,18,252760
2328,0.000132,74.125.130.0-255,4882,17108,18,252760
2329,0.000135,172.31.36.0-255,66,17174,18,252760
2330,0.000144,172.31.36.0-255,66,17240,18,252760
2331,0.000173,74.125.130.0-255,4320,21560,18,252760
2332,0.000176,172.31.36.0-255,66,21626,18,252760
2333,0.000179,74.125.130.0-255,1484,23110,18,252760
2334,0.000181,172.31.36.0-255,66,23176,18,252760
2335,0.000198,74.125.130.0-255,4320,27496,18,252760
2336,0.000201,172.31.36.0-255,66,27562,18,252760
2337,0.000204,74.125.130.0-255,1484,29046,18,252760
2338,0.000206,172.31.36.0-255,66,29112,18,252760
2339,0.000227,74.125.130.0-255,2902,32014,18,252760
2340,0.000229,172.31.36.0-255,66,32080,18,252760
2341,0.000246,74.125.130.0-255,2902,34982,18,252760
2342,0.000249,172.31.36.0-255,66,35048,18,252760
2343,0.000273,74.125.130.0-255,2902,37950,18,252760
2344,0.000277,172.31.36.0-255,66,38016,18,252760
2345,0.000282,74.125.130.0-255,2184,40200,18,252760
2346,0.000284,172.31.36.0-255,66,40266,18,252760
2347,0.000422,74.125.130.0-255,1484,41750,18,252760
2348,0.000467,74.125.130.0-255,1484,43234,18,252760
2349,0.000471,172.31.36.0-255,66,43300,18,252760
2350,0.000474,74.125.130.0-255,1484,44784,18,252760
2351,0.000491,74.125.130.0-255,1484,46268,18,252760
2352,0.000493,172.31.36.0-255,66,46334,18,252760
2353,0.000511,74.125.130.0-255,5738,52072,18,252760
2354,0.000514,172.31.36.0-255,66,52138,18,252760
2355,0.000518,74.125.130.0-255,2902,55040,18,252760
2356,0.00052,172.31.36.0-255,66,55106,18,252760
2357,0.000547,74.125.130.0-255,3122,58228,18,252760
2358,0.000551,172.31.36.0-255,66,58294,18,252760
2359,0.001085,74.125.130.0-255,1484,59778,18,252760
2360,0.001109,74.125.130.0-255,2902,62680,18,252760
2361,0.001113,172.31.36.0-255,66,62746,18,252760
2362,0.001119,74.125.130.0-255,2902,65648,18,252760
2363,0.001121,172.31.36.0-255,66,65714,18,252760
2364,0.001143,74.125.130.0-255,2902,68616,18,252760
2365,0.001145,172.31.36.0-255,66,68682,18,252760
2366,0.00115,74.125.130.0-255,2902,71584,18,252760
2367,0.001152,172.31.36.0-255,66,71650,18,252760
2368,0.001163,74.125.130.0-255,1484,73134,18,252760
2369,0.001177,74.125.130.0-255,2902,76036,18,252760
2370,0.001179,172.31.36.0-255,66,76102,18,252760
2371,0.001184,74.125.130.0-255,2902,79004,18,252760
2372,0.001185,172.31.36.0-255,66,79070,18,252760
2373,0.001202,74.125.130.0-255,5738,84808,18,252760
2374,0.001204,172.31.36.0-255,66,84874,18,252760
2375,0.00124,74.125.130.0-255,1484,86358,18,252760
2376,0.001258,74.125.130.0-255,6438,92796,18,252760
2377,0.001261,172.31.36.0-255,66,92862,18,252760
2378,0.001759,74.125.130.0-255,1484,94346,18,252760
2379,0.001773,74.125.130.0-255,1484,95830,18,252760
2380,0.001777,172.31.36.0-255,66,95896,18,252760
2381,0.001795,74.125.130.0-255,1484,97380,18,252760
2382,0.001798,74.125.130.0-255,1484,98864,18,252760
2383,0.0018,172.31.36.0-255,66,98930,18,252760
2384,0.001803,74.125.130.0-255,1484,100414,18,252760
2385,0.001815,74.125.130.0-255,1484,101898,18,252760
2386,0.001817,172.31.36.0-255,66,101964,18,252760
2387,0.001822,74.125.130.0-255,2902,104866,18,252760
2388,0.001824,172.31.36.0-255,66,104932,18,252760
2389,0.001846,74.125.130.0-255,2902,107834,18,252760
2390,0.001847,172.31.36.0-255,66,107900,18,252760
2391,0.001852,74.125.130.0-255,2902,110802,18,252760
2392,0.001853,172.31.36.0-255,66,110868,18,252760
2393,0.001856,74.125.130.0-255,1484,112352,18,252760
2394,0.001872,74.125.130.0-255,2902,115254,18,252760
2395,0.001875,172.31.36.0-255,66,115320,18,252760
2396,0.001881,74.125.130.0-255,5738,121058,18,252760
2397,0.001883,172.31.36.0-255,66,121124,18,252760
2398,0.001904,74.125.130.0-255,2902,124026,18,252760
2399,0.001906,172.31.36.0-255,66,124092,18,252760
2400,0.001911,74.125.130.0-255,3602,127694,18,252760
2401,0.001913,172.31.36.0-255,66,127760,18,252760
2402,0.001917,74.125.130.0-255,4320,132080,18,252760
2403,0.001919,172.31.36.0-255,66,132146,18,252760
2404,0.001923,74.125.130.0-255,2902,135048,18,252760
2405,0.001925,172.31.36.0-255,66,135114,18,252760
2406,0.001949,74.125.130.0-255,4320,139434,18,252760
2407,0.001951,172.31.36.0-255,66,139500,18,252760
2408,0.001974,172.31.36.0-255,66,139566,18,252760
2409,0.001977,74.125.130.0-255,1484,141050,18,252760
2410,0.001996,74.125.130.0-255,2902,143952,18,252760
2411,0.001998,172.31.36.0-255,66,144018,18,252760
2412,0.002,74.125.130.0-255,1484,145502,18,252760
2413,0.002018,74.125.130.0-255,4320,149822,18,252760
2414,0.002021,172.31.36.0-255,66,149888,18,252760
2415,0.002023,74.125.130.0-255,1484,151372,18,252760
2416,0.00204,74.125.130.0-255,2184,153556,18,252760
2417,0.002042,172.31.36.0-255,66,153622,18,252760
2418,0.002084,74.125.130.0-255,1484,155106,18,252760
2419,0.002095,74.125.130.0-255,1484,156590,18,252760
2420,0.002097,172.31.36.0-255,66,156656,18,252760
2421,0.0021,74.125.130.0-255,1484,158140,18,252760
2422,0.002119,74.125.130.0-255,2902,161042,18,252760
2423,0.002121,172.31.36.0-255,66,161108,18,252760
2424,0.002137,74.125.130.0-255,4320,165428,18,252760
2425,0.002139,172.31.36.0-255,66,165494,18,252760
2426,0.002165,74.125.130.0-255,5738,171232,18,252760
2427,0.002167,172.31.36.0-255,66,171298,18,252760
2428,0.002179,74.125.130.0-255,1484,172782,18,252760
2429,0.002195,74.125.130.0-255,5738,178520,18,252760
2430,0.002198,172.31.36.0-255,66,178586,18,252760
2431,0.002215,74.125.130.0-255,2902,181488,18,252760
2432,0.002216,172.31.36.0-255,66,181554,18,252760
2433,0.002246,172.31.36.0-255,66,181620,18,252760
2434,0.00227,74.125.130.0-255,1484,183104,18,252760
2435,0.002285,74.125.130.0-255,1484,184588,18,252760
2436,0.002287,172.31.36.0-255,66,184654,18,252760
2437,0.00232,172.31.36.0-255,66,184720,18,252760
2438,0.002327,74.125.130.0-255,7156,191876,18,252760
2439,0.002329,172.31.36.0-255,66,191942,18,252760
2440,0.002338,172.31.36.0-255,66,192008,18,252760
2441,0.002361,74.125.130.0-255,2902,194910,18,252760
2442,0.002363,172.31.36.0-255,66,194976,18,252760
2443,0.002385,74.125.130.0-255,2184,197160,18,252760
2444,0.002388,172.31.36.0-255,66,197226,18,252760
2445,0.002393,74.125.130.0-255,5738,202964,18,252760
2446,0.002395,172.31.36.0-255,66,203030,18,252760
2447,0.002414,74.125.130.0-255,2902,205932,18,252760
2448,0.002417,172.31.36.0-255,66,205998,18,252760
2449,0.002433,74.125.130.0-255,4320,210318,18,252760
2450,0.002436,172.31.36.0-255,66,210384,18,252760
2451,0.002441,74.125.130.0-255,4320,214704,18,252760
2452,0.002444,172.31.36.0-255,66,214770,18,252760
2453,0.002446,74.125.130.0-255,1484,216254,18,252760
2454,0.004824,74.125.130.0-255,2902,219156,18,252760
2455,0.004827,172.31.36.0-255,66,219222,18,252760
2456,0.004843,74.125.130.0-255,1484,220706,18,252760
2457,0.007264,74.125.130.0-255,2902,223608,18,252760
2458,0.00727,172.31.36.0-255,66,223674,18,252760
2459,0.007291,74.125.130.0-255,1484,225158,18,252760
2460,0.009714,74.125.130.0-255,4320,229478,18,252760
2461,0.009724,172.31.36.0-255,66,229544,18,252760
2462,0.012307,74.125.130.0-255,5738,235282,18,252760
2463,0.012323,172.31.36.0-255,66,235348,18,252760
2464,0.014764,74.125.130.0-255,5738,241086,18,252760
2465,0.01478,172.31.36.0-255,66,241152,18,252760
2466,0.017201,74.125.130.0-255,5738,246890,18,252760
2467,0.01722,172.31.36.0-255,66,246956,18,252760
2468,0.019629,74.125.130.0-255,5738,252694,18,252760
2469,0.01964,172.31.36.0-255,66,252760,18,252760
2470,0.0,172.217.194.0-255,150,150,18,182223
2471,2.4e-05,172.31.36.0-255,66,216,18,182223
2472,2.9e-05,172.217.194.0-255,1484,1700,18,182223
2473,3.4e-05,172.31.36.0-255,66,1766,18,182223
2474,3.9e-05,172.217.194.0-255,2902,4668,18,182223
2475,4.2e-05,172.31.36.0-255,66,4734,18,182223
2476,4.8e-05,172.217.194.0-255,4320,9054,18,182223
2477,5.1e-05,172.31.36.0-255,66,9120,18,182223
2478,6.9e-05,172.217.194.0-255,2902,12022,18,182223
2479,7.2e-05,172.31.36.0-255,66,12088,18,182223
2480,7.5e-05,172.217.194.0-255,2102,14190,18,182223
2481,7.7e-05,172.31.36.0-255,66,14256,18,182223
2482,0.000106,172.217.194.0-255,1484,15740,18,182223
2483,0.000108,172.31.36.0-255,66,15806,18,182223
2484,0.000112,172.217.194.0-255,1484,17290,18,182223
2485,0.000114,172.31.36.0-255,66,17356,18,182223
2486,0.000127,172.217.194.0-255,1484,18840,18,182223
2487,0.00013,172.31.36.0-255,66,18906,18,182223
2488,0.000136,172.217.194.0-255,5738,24644,18,182223
2489,0.000139,172.31.36.0-255,66,24710,18,182223
2490,0.000155,172.217.194.0-255,1484,26194,18,182223
2491,0.000157,172.31.36.0-255,66,26260,18,182223
2492,0.000184,172.217.194.0-255,5379,31639,18,182223
2493,0.000187,172.31.36.0-255,66,31705,18,182223
2494,0.000194,172.217.194.0-255,7156,38861,18,182223
2495,0.000196,172.31.36.0-255,66,38927,18,182223
2496,0.000217,172.217.194.0-255,2902,41829,18,182223
2497,0.00022,172.31.36.0-255,66,41895,18,182223
2498,0.000245,172.217.194.0-255,6797,48692,18,182223
2499,0.000248,172.31.36.0-255,66,48758,18,182223
2500,0.001081,172.217.194.0-255,1484,50242,18,182223
2501,0.001088,172.31.36.0-255,66,50308,18,182223
2502,0.001098,172.217.194.0-255,2902,53210,18,182223
2503,0.001106,172.217.194.0-255,5738,58948,18,182223
2504,0.001129,172.217.194.0-255,5738,64686,18,182223
2505,0.001167,172.217.194.0-255,1708,66394,18,182223
2506,0.001188,172.217.194.0-255,2902,69296,18,182223
2507,0.001192,172.217.194.0-255,2902,72198,18,182223
2508,0.001209,172.217.194.0-255,4320,76518,18,182223
2509,0.001221,172.217.194.0-255,2902,79420,18,182223
2510,0.001326,172.217.194.0-255,1484,80904,18,182223
2511,0.001339,172.217.194.0-255,4320,85224,18,182223
2512,0.001351,172.217.194.0-255,4320,89544,18,182223
2513,0.001353,172.217.194.0-255,1484,91028,18,182223
2514,0.001385,172.217.194.0-255,4712,95740,18,182223
2515,0.001781,172.217.194.0-255,1484,97224,18,182223
2516,0.001795,172.217.194.0-255,2902,100126,18,182223
2517,0.001817,172.217.194.0-255,4320,104446,18,182223
2518,0.001831,172.217.194.0-255,1484,105930,18,182223
2519,0.001864,172.217.194.0-255,2902,108832,18,182223
2520,0.001883,172.217.194.0-255,4659,113491,18,182223
2521,0.001917,172.217.194.0-255,2902,116393,18,182223
2522,0.001929,172.217.194.0-255,4320,120713,18,182223
2523,0.001935,172.217.194.0-255,5738,126451,18,182223
2524,0.001951,172.217.194.0-255,2902,129353,18,182223
2525,0.001978,172.217.194.0-255,2902,132255,18,182223
2526,0.001994,172.217.194.0-255,7156,139411,18,182223
2527,0.002009,172.217.194.0-255,7156,146567,18,182223
2528,0.002012,172.217.194.0-255,766,147333,18,182223
2529,0.004554,172.31.36.0-255,66,147399,18,182223
2530,0.006904,172.217.194.0-255,5738,153137,18,182223
2531,0.006909,172.31.36.0-255,66,153203,18,182223
2532,0.00924,172.217.194.0-255,5738,158941,18,182223
2533,0.009249,172.31.36.0-255,66,159007,18,182223
2534,0.011599,172.217.194.0-255,5738,164745,18,182223
2535,0.011606,172.31.36.0-255,66,164811,18,182223
2536,0.013925,172.217.194.0-255,5738,170549,18,182223
2537,0.013944,172.31.36.0-255,66,170615,18,182223
2538,0.016294,172.217.194.0-255,5738,176353,18,182223
2539,0.016302,172.31.36.0-255,66,176419,18,182223
2540,0.018644,172.217.194.0-255,5738,182157,18,182223
2541,0.01865,172.31.36.0-255,66,182223,18,182223
2542,0.0,172.31.36.0-255,105,105,18,105
2543,0.0,74.125.68.0-255,153,153,18,206105
2544,2.3e-05,172.31.36.0-255,66,219,18,206105
2545,3.1e-05,74.125.68.0-255,1484,1703,18,206105
2546,3.6e-05,172.31.36.0-255,66,1769,18,206105
2547,5.4e-05,74.125.68.0-255,2902,4671,18,206105
2548,5.8e-05,172.31.36.0-255,66,4737,18,206105
2549,7e-05,74.125.68.0-255,1484,6221,18,206105
2550,7.2e-05,172.31.36.0-255,66,6287,18,206105
2551,8.8e-05,74.125.68.0-255,4320,10607,18,206105
2552,9.1e-05,172.31.36.0-255,66,10673,18,206105
2553,0.000126,74.125.68.0-255,4888,15561,18,206105
2554,0.000129,172.31.36.0-255,66,15627,18,206105
2555,0.00015,74.125.68.0-255,5738,21365,18,206105
2556,0.000153,172.31.36.0-255,66,21431,18,206105
2557,0.000176,74.125.68.0-255,1484,22915,18,206105
2558,0.000178,172.31.36.0-255,66,22981,18,206105
2559,0.000199,172.31.36.0-255,66,23047,18,206105
2560,0.000277,74.125.68.0-255,1484,24531,18,206105
2561,0.00028,172.31.36.0-255,66,24597,18,206105
2562,0.000315,74.125.68.0-255,2902,27499,18,206105
2563,0.000317,172.31.36.0-255,66,27565,18,206105
2564,0.000324,74.125.68.0-255,5738,33303,18,206105
2565,0.000326,172.31.36.0-255,66,33369,18,206105
2566,0.000331,74.125.68.0-255,2902,36271,18,206105
2567,0.000333,172.31.36.0-255,66,36337,18,206105
2568,0.000336,74.125.68.0-255,1484,37821,18,206105
2569,0.000339,172.31.36.0-255,66,37887,18,206105
2570,0.000362,74.125.68.0-255,2543,40430,18,206105
2571,0.000365,172.31.36.0-255,66,40496,18,206105
2572,0.00041,172.31.36.0-255,66,40562,18,206105
2573,0.000413,74.125.68.0-255,1484,42046,18,206105
2574,0.000441,74.125.68.0-255,4320,46366,18,206105
2575,0.000444,172.31.36.0-255,66,46432,18,206105
2576,0.00046,74.125.68.0-255,2820,49252,18,206105
2577,0.000462,172.31.36.0-255,66,49318,18,206105
2578,0.000466,74.125.68.0-255,411,49729,18,206105
2579,0.000727,74.125.68.0-255,1484,51213,18,206105
2580,0.000734,172.31.36.0-255,66,51279,18,206105
2581,0.000738,74.125.68.0-255,1484,52763,18,206105
2582,0.000756,74.125.68.0-255,2902,55665,18,206105
2583,0.000759,172.31.36.0-255,66,55731,18,206105
2584,0.000764,74.125.68.0-255,2902,58633,18,206105
2585,0.000767,172.31.36.0-255,66,58699,18,206105
2586,0.00078,74.125.68.0-255,2902,61601,18,206105
2587,0.000782,172.31.36.0-255,66,61667,18,206105
2588,0.000818,172.31.36.0-255,66,61733,18,206105
2589,0.000846,74.125.68.0-255,3602,65335,18,206105
2590,0.000852,172.31.36.0-255,66,65401,18,206105
2591,0.001104,74.125.68.0-255,1484,66885,18,206105
2592,0.001123,74.125.68.0-255,2902,69787,18,206105
2593,0.001127,172.31.36.0-255,66,69853,18,206105
2594,0.001134,74.125.68.0-255,5738,75591,18,206105
2595,0.001136,172.31.36.0-255,66,75657,18,206105
2596,0.001152,74.125.68.0-255,2902,78559,18,206105
2597,0.001154,172.31.36.0-255,66,78625,18,206105
2598,0.001178,74.125.68.0-255,2902,81527,18,206105
2599,0.001181,172.31.36.0-255,66,81593,18,206105
2600,0.001208,74.125.68.0-255,7156,88749,18,206105
2601,0.00121,172.31.36.0-255,66,88815,18,206105
2602,0.001217,74.125.68.0-255,5738,94553,18,206105
2603,0.001219,172.31.36.0-255,66,94619,18,206105
2604,0.001248,74.125.68.0-255,5020,99639,18,206105
2605,0.001254,172.31.36.0-255,66,99705,18,206105
2606,0.001359,74.125.68.0-255,1484,101189,18,206105
2607,0.001386,74.125.68.0-255,2902,104091,18,206105
2608,0.001394,172.31.36.0-255,66,104157,18,206105
2609,0.001403,74.125.68.0-255,2902,107059,18,206105
2610,0.001408,172.31.36.0-255,66,107125,18,206105
2611,0.001416,74.125.68.0-255,2902,110027,18,206105
2612,0.001419,74.125.68.0-255,1484,111511,18,206105
2613,0.001434,74.125.68.0-255,5738,117249,18,206105
2614,0.001462,172.31.36.0-255,66,117315,18,206105
2615,0.001513,74.125.68.0-255,2902,120217,18,206105
2616,0.001516,172.31.36.0-255,66,120283,18,206105
2617,0.001537,74.125.68.0-255,5020,125303,18,206105
2618,0.001548,172.31.36.0-255,66,125369,18,206105
2619,0.001698,74.125.68.0-255,1484,126853,18,206105
2620,0.001714,74.125.68.0-255,2902,129755,18,206105
2621,0.001717,172.31.36.0-255,66,129821,18,206105
2622,0.001764,74.125.68.0-255,2902,132723,18,206105
2623,0.001776,172.31.36.0-255,66,132789,18,206105
2624,0.001788,74.125.68.0-255,4320,137109,18,206105
2625,0.001804,172.31.36.0-255,66,137175,18,206105
2626,0.001815,74.125.68.0-255,5738,142913,18,206105
2627,0.001819,172.31.36.0-255,66,142979,18,206105
2628,0.001861,74.125.68.0-255,7156,150135,18,206105
2629,0.001875,172.31.36.0-255,66,150201,18,206105
2630,0.001888,74.125.68.0-255,2902,153103,18,206105
2631,0.001913,74.125.68.0-255,5738,158841,18,206105
2632,0.001916,74.125.68.0-255,766,159607,18,206105
2633,0.001927,172.31.36.0-255,66,159673,18,206105
2634,0.003922,74.125.68.0-255,5738,165411,18,206105
2635,0.003929,172.31.36.0-255,66,165477,18,206105
2636,0.005935,74.125.68.0-255,5738,171215,18,206105
2637,0.005942,172.31.36.0-255,66,171281,18,206105
2638,0.007933,74.125.68.0-255,5738,177019,18,206105
2639,0.007936,172.31.36.0-255,66,177085,18,206105
2640,0.009949,74.125.68.0-255,5738,182823,18,206105
2641,0.009957,172.31.36.0-255,66,182889,18,206105
2642,0.011998,74.125.68.0-255,5738,188627,18,206105
2643,0.012006,172.31.36.0-255,66,188693,18,206105
2644,0.014024,74.125.68.0-255,5738,194431,18,206105
2645,0.014032,172.31.36.0-255,66,194497,18,206105
2646,0.016035,74.125.68.0-255,5738,200235,18,206105
2647,0.016043,172.31.36.0-255,66,200301,18,206105
2648,0.018051,74.125.68.0-255,5738,206039,18,206105
2649,0.01806,172.31.36.0-255,66,206105,18,206105
2650,0.0,74.125.24.0-255,153,153,18,260889
2651,1.5e-05,172.31.36.0-255,66,219,18,260889
2652,2.2e-05,74.125.24.0-255,1484,1703,18,260889
2653,2.6e-05,172.31.36.0-255,66,1769,18,260889
2654,5e-05,74.125.24.0-255,2902,4671,18,260889
2655,5.3e-05,172.31.36.0-255,66,4737,18,260889
2656,5.7e-05,74.125.24.0-255,2902,7639,18,260889
2657,6.1e-05,172.31.36.0-255,66,7705,18,260889
2658,0.000107,172.31.36.0-255,66,7771,18,260889
2659,0.000126,74.125.24.0-255,2085,9856,18,260889
2660,0.000129,172.31.36.0-255,66,9922,18,260889
2661,0.000169,74.125.24.0-255,4320,14242,18,260889
2662,0.000171,172.31.36.0-255,66,14308,18,260889
2663,0.000188,74.125.24.0-255,7156,21464,18,260889
2664,0.000192,172.31.36.0-255,66,21530,18,260889
2665,0.000245,74.125.24.0-255,1125,22655,18,260889
2666,0.000248,172.31.36.0-255,66,22721,18,260889
2667,0.000272,74.125.24.0-255,2902,25623,18,260889
2668,0.000274,172.31.36.0-255,66,25689,18,260889
2669,0.000292,74.125.24.0-255,4320,30009,18,260889
2670,0.000295,172.31.36.0-255,66,30075,18,260889
2671,0.000313,74.125.24.0-255,1484,31559,18,260889
2672,0.000315,172.31.36.0-255,66,31625,18,260889
2673,0.000335,74.125.24.0-255,7156,38781,18,260889
2674,0.000338,172.31.36.0-255,66,38847,18,260889
2675,0.000352,74.125.24.0-255,1125,39972,18,260889
2676,0.000354,172.31.36.0-255,66,40038,18,260889
2677,0.001192,74.125.24.0-255,1484,41522,18,260889
2678,0.001199,172.31.36.0-255,66,41588,18,260889
2679,0.001208,74.125.24.0-255,2902,44490,18,260889
2680,0.00121,172.31.36.0-255,66,44556,18,260889
2681,0.001218,74.125.24.0-255,5738,50294,18,260889
2682,0.00122,172.31.36.0-255,66,50360,18,260889
2683,0.00126,74.125.24.0-255,2902,53262,18,260889
2684,0.001263,172.31.36.0-255,66,53328,18,260889
2685,0.001279,74.125.24.0-255,3961,57289,18,260889
2686,0.001282,172.31.36.0-255,66,57355,18,260889
2687,0.001332,74.125.24.0-255,7156,64511,18,260889
2688,0.001335,172.31.36.0-255,66,64577,18,260889
2689,0.001366,74.125.24.0-255,2902,67479,18,260889
2690,0.001368,172.31.36.0-255,66,67545,18,260889
2691,0.001387,74.125.24.0-255,1484,69029,18,260889
2692,0.001408,172.31.36.0-255,66,69095,18,260889
2693,0.001429,74.125.24.0-255,5379,74474,18,260889
2694,0.001432,172.31.36.0-255,66,74540,18,260889
2695,0.001519,74.125.24.0-255,5738,80278,18,260889
2696,0.001522,172.31.36.0-255,66,80344,18,260889
2697,0.001568,74.125.24.0-255,3122,83466,18,260889
2698,0.001588,172.31.36.0-255,66,83532,18,260889
2699,0.002662,74.125.24.0-255,1484,85016,18,260889
2700,0.002673,74.125.24.0-255,2902,87918,18,260889
2701,0.002678,172.31.36.0-255,66,87984,18,260889
2702,0.002686,74.125.24.0-255,5738,93722,18,260889
2703,0.002688,172.31.36.0-255,66,93788,18,260889
2704,0.00273,172.31.36.0-255,66,93854,18,260889
2705,0.00275,74.125.24.0-255,2902,96756,18,260889
2706,0.002753,172.31.36.0-255,66,96822,18,260889
2707,0.00283,74.125.24.0-255,2902,99724,18,260889
2708,0.002833,172.31.36.0-255,66,99790,18,260889
2709,0.002866,172.31.36.0-255,66,99856,18,260889
2710,0.003597,74.125.24.0-255,1484,101340,18,260889
2711,0.003615,74.125.24.0-255,2902,104242,18,260889
2712,0.003618,172.31.36.0-255,66,104308,18,260889
2713,0.003624,74.125.24.0-255,2902,107210,18,260889
2714,0.003626,172.31.36.0-255,66,107276,18,260889
2715,0.003643,74.125.24.0-255,2902,110178,18,260889
2716,0.003645,172.31.36.0-255,66,110244,18,260889
2717,0.003665,74.125.24.0-255,2902,113146,18,260889
2718,0.003667,172.31.36.0-255,66,113212,18,260889
2719,0.0037,172.31.36.0-255,66,113278,18,260889
2720,0.003766,74.125.24.0-255,4320,117598,18,260889
2721,0.003769,172.31.36.0-255,66,117664,18,260889
2722,0.003789,74.125.24.0-255,6438,124102,18,260889
2723,0.003794,172.31.36.0-255,66,124168,18,260889
2724,0.004721,74.125.24.0-255,1484,125652,18,260889
2725,0.004742,74.125.24.0-255,2902,128554,18,260889
2726,0.004746,172.31.36.0-255,66,128620,18,260889
2727,0.00475,74.125.24.0-255,1484,130104,18,260889
2728,0.004768,74.125.24.0-255,4320,134424,18,260889
2729,0.00477,172.31.36.0-255,66,134490,18,260889
2730,0.004795,74.125.24.0-255,5738,140228,18,260889
2731,0.004799,172.31.36.0-255,66,140294,18,260889
2732,0.004822,74.125.24.0-255,4320,144614,18,260889
2733,0.004825,172.31.36.0-255,66,144680,18,260889
2734,0.004881,172.31.36.0-255,66,144746,18,260889
2735,0.004894,74.125.24.0-255,2184,146930,18,260889
2736,0.004898,172.31.36.0-255,66,146996,18,260889
2737,0.005811,74.125.24.0-255,1484,148480,18,260889
2738,0.005821,74.125.24.0-255,2902,151382,18,260889
2739,0.005824,172.31.36.0-255,66,151448,18,260889
2740,0.005872,74.125.24.0-255,5738,157186,18,260889
2741,0.005875,172.31.36.0-255,66,157252,18,260889
2742,0.005882,74.125.24.0-255,5738,162990,18,260889
2743,0.005884,172.31.36.0-255,66,163056,18,260889
2744,0.00593,74.125.24.0-255,7156,170212,18,260889
2745,0.005933,172.31.36.0-255,66,170278,18,260889
2746,0.005952,74.125.24.0-255,5738,176016,18,260889
2747,0.005954,172.31.36.0-255,66,176082,18,260889
2748,0.006027,74.125.24.0-255,5020,181102,18,260889
2749,0.006032,172.31.36.0-255,66,181168,18,260889
2750,0.006065,74.125.24.0-255,4320,185488,18,260889
2751,0.006068,172.31.36.0-255,66,185554,18,260889
2752,0.006085,74.125.24.0-255,1484,187038,18,260889
2753,0.006114,74.125.24.0-255,7156,194194,18,260889
2754,0.006116,172.31.36.0-255,66,194260,18,260889
2755,0.006165,74.125.24.0-255,2902,197162,18,260889
2756,0.00617,172.31.36.0-255,66,197228,18,260889
2757,0.006278,74.125.24.0-255,2902,200130,18,260889
2758,0.006291,74.125.24.0-255,3602,203732,18,260889
2759,0.006335,74.125.24.0-255,2902,206634,18,260889
2760,0.00635,74.125.24.0-255,1484,208118,18,260889
2761,0.006372,74.125.24.0-255,7156,215274,18,260889
2762,0.006407,74.125.24.0-255,5738,221012,18,260889
2763,0.006489,74.125.24.0-255,4320,225332,18,260889
2764,0.006576,74.125.24.0-255,3602,228934,18,260889
2765,0.006604,74.125.24.0-255,4320,233254,18,260889
2766,0.006837,74.125.24.0-255,7156,240410,18,260889
2767,0.006852,74.125.24.0-255,2184,242594,18,260889
2768,0.006887,172.31.36.0-255,66,242660,18,260889
2769,0.006903,74.125.24.0-255,4320,246980,18,260889
2770,0.006949,172.31.36.0-255,66,247046,18,260889
2771,0.007061,172.31.36.0-255,66,247112,18,260889
2772,0.007129,74.125.24.0-255,766,247878,18,260889
2773,0.007139,172.31.36.0-255,66,247944,18,260889
2774,0.007327,74.125.24.0-255,7156,255100,18,260889
2775,0.007345,74.125.24.0-255,5020,260120,18,260889
2776,0.007354,172.31.36.0-255,66,260186,18,260889
2777,0.0074,74.125.24.0-255,466,260652,18,260889
2778,0.008584,172.31.36.0-255,66,260718,18,260889
2779,0.008621,172.31.36.0-255,105,260823,18,260889
2780,0.011124,74.125.24.0-255,66,260889,18,260889
2781,0.0,74.125.130.0-255,226,226,18,72748
2782,2.3e-05,172.31.36.0-255,66,292,18,72748
2783,3e-05,74.125.130.0-255,1484,1776,18,72748
2784,3.5e-05,172.31.36.0-255,66,1842,18,72748
2785,6.2e-05,74.125.130.0-255,1484,3326,18,72748
2786,6.5e-05,172.31.36.0-255,66,3392,18,72748
2787,9.4e-05,74.125.130.0-255,2902,6294,18,72748
2788,0.000101,172.31.36.0-255,66,6360,18,72748
2789,0.000228,74.125.130.0-255,2902,9262,18,72748
2790,0.000234,172.31.36.0-255,66,9328,18,72748
2791,0.000351,74.125.130.0-255,1484,10812,18,72748
2792,0.000355,172.31.36.0-255,66,10878,18,72748
2793,0.000384,74.125.130.0-255,3463,14341,18,72748
2794,0.000387,172.31.36.0-255,66,14407,18,72748
2795,0.000564,74.125.130.0-255,2902,17309,18,72748
2796,0.000569,172.31.36.0-255,66,17375,18,72748
2797,0.000605,74.125.130.0-255,7156,24531,18,72748
2798,0.00061,172.31.36.0-255,66,24597,18,72748
2799,0.000994,74.125.130.0-255,6797,31394,18,72748
2800,0.001,172.31.36.0-255,66,31460,18,72748
2801,0.003671,74.125.130.0-255,5738,37198,18,72748
2802,0.003678,172.31.36.0-255,66,37264,18,72748
2803,0.006378,74.125.130.0-255,5738,43002,18,72748
2804,0.006392,172.31.36.0-255,66,43068,18,72748
2805,0.009091,74.125.130.0-255,2902,45970,18,72748
2806,0.009109,172.31.36.0-255,66,46036,18,72748
2807,0.009119,74.125.130.0-255,2902,48938,18,72748
2808,0.009122,172.31.36.0-255,66,49004,18,72748
2809,0.011799,74.125.130.0-255,2902,51906,18,72748
2810,0.011817,172.31.36.0-255,66,51972,18,72748
2811,0.011854,74.125.130.0-255,2902,54874,18,72748
2812,0.011857,172.31.36.0-255,66,54940,18,72748
2813,0.014509,74.125.130.0-255,2902,57842,18,72748
2814,0.014528,172.31.36.0-255,66,57908,18,72748
2815,0.014564,74.125.130.0-255,2902,60810,18,72748
2816,0.014567,172.31.36.0-255,66,60876,18,72748
2817,0.017219,74.125.130.0-255,2902,63778,18,72748
2818,0.017231,172.31.36.0-255,66,63844,18,72748
2819,0.017263,74.125.130.0-255,2902,66746,18,72748
2820,0.017266,172.31.36.0-255,66,66812,18,72748
2821,0.019907,74.125.130.0-255,2902,69714,18,72748
2822,0.01992,172.31.36.0-255,66,69780,18,72748
2823,0.019952,74.125.130.0-255,2902,72682,18,72748
2824,0.019955,172.31.36.0-255,66,72748,18,72748
2825,0.0,172.217.194.0-255,153,153,18,199265
2826,3.7e-05,172.217.194.0-255,1484,1637,18,199265
2827,4.6e-05,172.31.36.0-255,66,1703,18,199265
2828,5.4e-05,172.217.194.0-255,2902,4605,18,199265
2829,5.7e-05,172.31.36.0-255,66,4671,18,199265
2830,6.2e-05,172.217.194.0-255,4320,8991,18,199265
2831,6.5e-05,172.31.36.0-255,66,9057,18,199265
2832,8.5e-05,172.217.194.0-255,1484,10541,18,199265
2833,9.2e-05,172.217.194.0-255,5738,16279,18,199265
2834,9.5e-05,172.31.36.0-255,66,16345,18,199265
2835,0.000115,172.217.194.0-255,6254,22599,18,199265
2836,0.000117,172.31.36.0-255,66,22665,18,199265
2837,0.000151,172.31.36.0-255,66,22731,18,199265
2838,0.000182,172.217.194.0-255,4320,27051,18,199265
2839,0.000185,172.31.36.0-255,66,27117,18,199265
2840,0.000203,172.217.194.0-255,4320,31437,18,199265
2841,0.000206,172.31.36.0-255,66,31503,18,199265
2842,0.000214,172.217.194.0-255,7156,38659,18,199265
2843,0.000217,172.31.36.0-255,66,38725,18,199265
2844,0.000221,172.217.194.0-255,2902,41627,18,199265
2845,0.000222,172.31.36.0-255,66,41693,18,199265
2846,0.00026,172.31.36.0-255,66,41759,18,199265
2847,0.000264,172.217.194.0-255,1111,42870,18,199265
2848,0.000299,172.217.194.0-255,1484,44354,18,199265
2849,0.000302,172.31.36.0-255,66,44420,18,199265
2850,0.000307,172.217.194.0-255,2902,47322,18,199265
2851,0.000309,172.31.36.0-255,66,47388,18,199265
2852,0.000312,172.217.194.0-255,1484,48872,18,199265
2853,0.000333,172.217.194.0-255,4320,53192,18,199265
2854,0.000352,172.31.36.0-255,66,53258,18,199265
2855,0.000368,172.31.36.0-255,66,53324,18,199265
2856,0.000372,172.217.194.0-255,2902,56226,18,199265
2857,0.000375,172.31.36.0-255,66,56292,18,199265
2858,0.000424,172.31.36.0-255,66,56358,18,199265
2859,0.000432,172.217.194.0-255,6797,63155,18,199265
2860,0.000437,172.31.36.0-255,66,63221,18,199265
2861,0.000492,172.217.194.0-255,1484,64705,18,199265
2862,0.000498,172.217.194.0-255,2902,67607,18,199265
2863,0.000501,172.31.36.0-255,66,67673,18,199265
2864,0.000525,172.217.194.0-255,5738,73411,18,199265
2865,0.000528,172.31.36.0-255,66,73477,18,199265
2866,0.000532,172.217.194.0-255,2902,76379,18,199265
2867,0.000534,172.31.36.0-255,66,76445,18,199265
2868,0.000561,172.31.36.0-255,66,76511,18,199265
2869,0.000605,172.217.194.0-255,7156,83667,18,199265
2870,0.000608,172.31.36.0-255,66,83733,18,199265
2871,0.000634,172.217.194.0-255,3602,87335,18,199265
2872,0.000637,172.31.36.0-255,66,87401,18,199265
2873,0.000745,172.217.194.0-255,1484,88885,18,199265
2874,0.000764,172.217.194.0-255,2902,91787,18,199265
2875,0.000768,172.31.36.0-255,66,91853,18,199265
2876,0.000772,172.217.194.0-255,2902,94755,18,199265
2877,0.000775,172.31.36.0-255,66,94821,18,199265
2878,0.00079,172.217.194.0-255,2902,97723,18,199265
2879,0.000793,172.31.36.0-255,66,97789,18,199265
2880,0.000796,172.217.194.0-255,1484,99273,18,199265
2881,0.000821,172.217.194.0-255,5379,104652,18,199265
2882,0.000827,172.31.36.0-255,66,104718,18,199265
2883,0.00085,172.217.194.0-255,5738,110456,18,199265
2884,0.000853,172.31.36.0-255,66,110522,18,199265
2885,0.000871,172.217.194.0-255,1484,112006,18,199265
2886,0.000875,172.217.194.0-255,1484,113490,18,199265
2887,0.000877,172.31.36.0-255,66,113556,18,199265
2888,0.00089,172.31.36.0-255,66,113622,18,199265
2889,0.000934,172.31.36.0-255,66,113688,18,199265
2890,0.000949,172.217.194.0-255,1484,115172,18,199265
2891,0.000977,172.217.194.0-255,2902,118074,18,199265
2892,0.000981,172.31.36.0-255,66,118140,18,199265
2893,0.000987,172.217.194.0-255,4320,122460,18,199265
2894,0.000989,172.31.36.0-255,66,122526,18,199265
2895,0.001021,172.217.194.0-255,1484,124010,18,199265
2896,0.001035,172.31.36.0-255,66,124076,18,199265
2897,0.001046,172.31.36.0-255,66,124142,18,199265
2898,0.001062,172.217.194.0-255,2184,126326,18,199265
2899,0.001065,172.31.36.0-255,66,126392,18,199265
2900,0.001162,172.217.194.0-255,1484,127876,18,199265
2901,0.001168,172.217.194.0-255,2902,130778,18,199265
2902,0.001171,172.31.36.0-255,66,130844,18,199265
2903,0.001176,172.217.194.0-255,2902,133746,18,199265
2904,0.001178,172.31.36.0-255,66,133812,18,199265
2905,0.001197,172.217.194.0-255,2902,136714,18,199265
2906,0.0012,172.31.36.0-255,66,136780,18,199265
2907,0.001217,172.31.36.0-255,66,136846,18,199265
2908,0.001242,172.217.194.0-255,4320,141166,18,199265
2909,0.001246,172.31.36.0-255,66,141232,18,199265
2910,0.001258,172.31.36.0-255,66,141298,18,199265
2911,0.001306,172.217.194.0-255,1484,142782,18,199265
2912,0.001311,172.217.194.0-255,1484,144266,18,199265
2913,0.001314,172.31.36.0-255,66,144332,18,199265
2914,0.001329,172.217.194.0-255,1484,145816,18,199265
2915,0.001343,172.217.194.0-255,4320,150136,18,199265
2916,0.001347,172.31.36.0-255,66,150202,18,199265
2917,0.001368,172.217.194.0-255,1484,151686,18,199265
2918,0.001384,172.31.36.0-255,66,151752,18,199265
2919,0.001391,172.217.194.0-255,7156,158908,18,199265
2920,0.001395,172.31.36.0-255,66,158974,18,199265
2921,0.001417,172.217.194.0-255,1484,160458,18,199265
2922,0.001434,172.217.194.0-255,2184,162642,18,199265
2923,0.001439,172.31.36.0-255,66,162708,18,199265
2924,0.001478,172.217.194.0-255,1484,164192,18,199265
2925,0.001484,172.217.194.0-255,2902,167094,18,199265
2926,0.001488,172.31.36.0-255,66,167160,18,199265
2927,0.001494,172.217.194.0-255,5738,172898,18,199265
2928,0.001497,172.31.36.0-255,66,172964,18,199265
2929,0.001527,172.217.194.0-255,5738,178702,18,199265
2930,0.001531,172.31.36.0-255,66,178768,18,199265
2931,0.001556,172.217.194.0-255,7156,185924,18,199265
2932,0.00156,172.31.36.0-255,66,185990,18,199265
2933,0.001571,172.31.36.0-255,66,186056,18,199265
2934,0.001576,172.217.194.0-255,2184,188240,18,199265
2935,0.001578,172.31.36.0-255,66,188306,18,199265
2936,0.001582,172.217.194.0-255,2902,191208,18,199265
2937,0.001584,172.31.36.0-255,66,191274,18,199265
2938,0.00165,172.217.194.0-255,7156,198430,18,199265
2939,0.001654,172.31.36.0-255,66,198496,18,199265
2940,0.001672,172.31.36.0-255,66,198562,18,199265
2941,0.001683,172.31.36.0-255,66,198628,18,199265
2942,0.001723,172.31.36.0-255,66,198694,18,199265
2943,0.001763,172.31.36.0-255,66,198760,18,199265
2944,0.001779,172.31.36.0-255,66,198826,18,199265
2945,0.001782,172.217.194.0-255,97,198923,18,199265
2946,0.001784,172.217.194.0-255,105,199028,18,199265
2947,0.003493,172.31.36.0-255,66,199094,18,199265
2948,0.003518,172.31.36.0-255,105,199199,18,199265
2949,0.005807,172.217.194.0-255,66,199265,18,199265
2950,0.0,172.31.36.0-255,66,66,18,66
2951,0.0,74.125.24.0-255,153,153,18,141230
2952,2.2e-05,172.31.36.0-255,66,219,18,141230
2953,2.9e-05,74.125.24.0-255,1484,1703,18,141230
2954,3.3e-05,172.31.36.0-255,66,1769,18,141230
2955,3.8e-05,74.125.24.0-255,2902,4671,18,141230
2956,4.1e-05,172.31.36.0-255,66,4737,18,141230
2957,4.6e-05,74.125.24.0-255,2902,7639,18,141230
2958,4.9e-05,172.31.36.0-255,66,7705,18,141230
2959,7.1e-05,74.125.24.0-255,4320,12025,18,141230
2960,7.4e-05,172.31.36.0-255,66,12091,18,141230
2961,7.8e-05,74.125.24.0-255,2038,14129,18,141230
2962,8e-05,172.31.36.0-255,66,14195,18,141230
2963,0.000128,74.125.24.0-255,1484,15679,18,141230
2964,0.00013,172.31.36.0-255,66,15745,18,141230
2965,0.000135,74.125.24.0-255,2902,18647,18,141230
2966,0.000137,172.31.36.0-255,66,18713,18,141230
2967,0.000155,74.125.24.0-255,4320,23033,18,141230
2968,0.000157,172.31.36.0-255,66,23099,18,141230
2969,0.000176,74.125.24.0-255,1484,24583,18,141230
2970,0.000179,172.31.36.0-255,66,24649,18,141230
2971,0.000186,74.125.24.0-255,6797,31446,18,141230
2972,0.000188,172.31.36.0-255,66,31512,18,141230
2973,0.000284,74.125.24.0-255,1484,32996,18,141230
2974,0.000287,172.31.36.0-255,66,33062,18,141230
2975,0.000293,74.125.24.0-255,2902,35964,18,141230
2976,0.000295,172.31.36.0-255,66,36030,18,141230
2977,0.000314,74.125.24.0-255,1484,37514,18,141230
2978,0.000317,172.31.36.0-255,66,37580,18,141230
2979,0.000343,74.125.24.0-255,4320,41900,18,141230
2980,0.000346,172.31.36.0-255,66,41966,18,141230
2981,0.000355,74.125.24.0-255,7156,49122,18,141230
2982,0.000357,172.31.36.0-255,66,49188,18,141230
2983,0.000375,74.125.24.0-255,2543,51731,18,141230
2984,0.000377,172.31.36.0-255,66,51797,18,141230
2985,0.000388,172.31.36.0-255,66,51863,18,141230
2986,0.000394,74.125.24.0-255,3961,55824,18,141230
2987,0.000396,172.31.36.0-255,66,55890,18,141230
2988,0.000737,74.125.24.0-255,646,56536,18,141230
2989,0.000882,74.125.24.0-255,1484,58020,18,141230
2990,0.000886,172.31.36.0-255,66,58086,18,141230
2991,0.000893,74.125.24.0-255,2902,60988,18,141230
2992,0.000894,172.31.36.0-255,66,61054,18,141230
2993,0.000897,74.125.24.0-255,1484,62538,18,141230
2994,0.000921,74.125.24.0-255,4320,66858,18,141230
2995,0.000925,172.31.36.0-255,66,66924,18,141230
2996,0.000939,74.125.24.0-255,4320,71244,18,141230
2997,0.000941,172.31.36.0-255,66,71310,18,141230
2998,0.000969,172.31.36.0-255,66,71376,18,141230
2999,0.000981,172.31.36.0-255,66,71442,18,141230
3000,0.001196,74.125.24.0-255,1484,72926,18,141230
3001,0.001202,74.125.24.0-255,2902,75828,18,141230
3002,0.001206,172.31.36.0-255,66,75894,18,141230
3003,0.001209,74.125.24.0-255,1484,77378,18,141230
3004,0.001228,74.125.24.0-255,4320,81698,18,141230
3005,0.00123,172.31.36.0-255,66,81764,18,141230
3006,0.001237,74.125.24.0-255,5738,87502,18,141230
3007,0.001239,172.31.36.0-255,66,87568,18,141230
3008,0.001254,74.125.24.0-255,2902,90470,18,141230
3009,0.001256,172.31.36.0-255,66,90536,18,141230
3010,0.001278,172.31.36.0-255,66,90602,18,141230
3011,0.001284,74.125.24.0-255,4320,94922,18,141230
3012,0.001286,172.31.36.0-255,66,94988,18,141230
3013,0.001301,74.125.24.0-255,766,95754,18,141230
3014,0.001751,172.31.36.0-255,66,95820,18,141230
3015,0.003613,74.125.24.0-255,4320,100140,18,141230
3016,0.00362,172.31.36.0-255,66,100206,18,141230
3017,0.004012,74.125.24.0-255,1484,101690,18,141230
3018,0.005947,74.125.24.0-255,1484,103174,18,141230
3019,0.005951,172.31.36.0-255,66,103240,18,141230
3020,0.005971,74.125.24.0-255,2902,106142,18,141230
3021,0.005974,172.31.36.0-255,66,106208,18,141230
3022,0.008229,74.125.24.0-255,2902,109110,18,141230
3023,0.008236,172.31.36.0-255,66,109176,18,141230
3024,0.008255,74.125.24.0-255,1484,110660,18,141230
3025,0.008267,74.125.24.0-255,1484,112144,18,141230
3026,0.00827,172.31.36.0-255,66,112210,18,141230
3027,0.01056,74.125.24.0-255,5738,117948,18,141230
3028,0.010568,172.31.36.0-255,66,118014,18,141230
3029,0.012869,74.125.24.0-255,5738,123752,18,141230
3030,0.012878,172.31.36.0-255,66,123818,18,141230
3031,0.015165,74.125.24.0-255,5738,129556,18,141230
3032,0.015172,172.31.36.0-255,66,129622,18,141230
3033,0.017453,74.125.24.0-255,5738,135360,18,141230
3034,0.017463,172.31.36.0-255,66,135426,18,141230
3035,0.019801,74.125.24.0-255,5738,141164,18,141230
3036,0.019809,172.31.36.0-255,66,141230,18,141230
3037,0.0,216.58.221.0-255,226,226,18,116211
3038,1.8e-05,216.58.221.0-255,1484,1710,18,116211
3039,2.9e-05,172.31.36.0-255,66,1776,18,116211
3040,6e-05,216.58.221.0-255,1484,3260,18,116211
3041,0.000106,216.58.221.0-255,2902,6162,18,116211
3042,0.000108,172.31.36.0-255,66,6228,18,116211
3043,0.00021,216.58.221.0-255,5738,11966,18,116211
3044,0.000216,172.31.36.0-255,66,12032,18,116211
3045,0.00044,216.58.221.0-255,1990,14022,18,116211
3046,0.000464,172.31.36.0-255,66,14088,18,116211
3047,0.000504,216.58.221.0-255,1484,15572,18,116211
3048,0.00055,216.58.221.0-255,2902,18474,18,116211
3049,0.000572,172.31.36.0-255,66,18540,18,116211
3050,0.000649,216.58.221.0-255,4320,22860,18,116211
3051,0.000665,216.58.221.0-255,1484,24344,18,116211
3052,0.000682,172.31.36.0-255,66,24410,18,116211
3053,0.000858,216.58.221.0-255,6797,31207,18,116211
3054,0.000863,172.31.36.0-255,66,31273,18,116211
3055,0.001113,216.58.221.0-255,4320,35593,18,116211
3056,0.001119,172.31.36.0-255,66,35659,18,116211
3057,0.001152,216.58.221.0-255,5738,41397,18,116211
3058,0.001175,172.31.36.0-255,66,41463,18,116211
3059,0.001465,216.58.221.0-255,1484,42947,18,116211
3060,0.002242,216.58.221.0-255,5738,48685,18,116211
3061,0.002247,172.31.36.0-255,66,48751,18,116211
3062,0.002302,172.31.36.0-255,66,48817,18,116211
3063,0.00269,216.58.221.0-255,5738,54555,18,116211
3064,0.002695,172.31.36.0-255,66,54621,18,116211
3065,0.002738,172.31.36.0-255,66,54687,18,116211
3066,0.003251,216.58.221.0-255,5738,60425,18,116211
3067,0.003255,172.31.36.0-255,66,60491,18,116211
3068,0.003321,172.31.36.0-255,66,60557,18,116211
3069,0.003352,172.31.36.0-255,66,60623,18,116211
3070,0.004273,216.58.221.0-255,7156,67779,18,116211
3071,0.004278,172.31.36.0-255,66,67845,18,116211
3072,0.004322,172.31.36.0-255,66,67911,18,116211
3073,0.004722,216.58.221.0-255,4320,72231,18,116211
3074,0.004727,172.31.36.0-255,66,72297,18,116211
3075,0.004774,172.31.36.0-255,66,72363,18,116211
3076,0.004825,172.31.36.0-255,66,72429,18,116211
3077,0.005226,216.58.221.0-255,196,72625,18,116211
3078,0.005409,216.58.221.0-255,7156,79781,18,116211
3079,0.005414,172.31.36.0-255,66,79847,18,116211
3080,0.005467,172.31.36.0-255,66,79913,18,116211
3081,0.006296,216.58.221.0-255,5738,85651,18,116211
3082,0.006304,172.31.36.0-255,66,85717,18,116211
3083,0.006341,216.58.221.0-255,5868,91585,18,116211
3084,0.006346,172.31.36.0-255,66,91651,18,116211
3085,0.006765,172.31.36.0-255,66,91717,18,116211
3086,0.006845,172.31.36.0-255,66,91783,18,116211
3087,0.006882,172.31.36.0-255,66,91849,18,116211
3088,0.006936,216.58.221.0-255,1658,93507,18,116211
3089,0.006942,172.31.36.0-255,66,93573,18,116211
3090,0.006954,216.58.221.0-255,1484,95057,18,116211
3091,0.006994,172.31.36.0-255,66,95123,18,116211
3092,0.00704,172.31.36.0-255,66,95189,18,116211
3093,0.007099,216.58.221.0-255,4320,99509,18,116211
3094,0.007107,172.31.36.0-255,66,99575,18,116211
3095,0.007426,172.31.36.0-255,66,99641,18,116211
3096,0.007467,216.58.221.0-255,4320,103961,18,116211
3097,0.007474,172.31.36.0-255,66,104027,18,116211
3098,0.007528,216.58.221.0-255,2902,106929,18,116211
3099,0.007536,172.31.36.0-255,66,106995,18,116211
3100,0.00755,216.58.221.0-255,4320,111315,18,116211
3101,0.007558,172.31.36.0-255,66,111381,18,116211
3102,0.00777,216.58.221.0-255,4593,115974,18,116211
3103,0.007774,172.31.36.0-255,66,116040,18,116211
3104,0.008496,172.31.36.0-255,105,116145,18,116211
3105,0.010472,216.58.221.0-255,66,116211,18,116211
3106,0.0,172.217.194.0-255,143,143,18,195699
3107,3.8e-05,172.31.36.0-255,66,209,18,195699
3108,4.5e-05,172.217.194.0-255,1484,1693,18,195699
3109,5e-05,172.31.36.0-255,66,1759,18,195699
3110,5.6e-05,172.217.194.0-255,2902,4661,18,195699
3111,5.8e-05,172.31.36.0-255,66,4727,18,195699
3112,6.5e-05,172.217.194.0-255,7156,11883,18,195699
3113,7e-05,172.31.36.0-255,66,11949,18,195699
3114,7.3e-05,172.217.194.0-255,2099,14048,18,195699
3115,7.5e-05,172.31.36.0-255,66,14114,18,195699
3116,7.9e-05,172.217.194.0-255,1484,15598,18,195699
3117,8.2e-05,172.31.36.0-255,66,15664,18,195699
3118,0.000105,172.217.194.0-255,1484,17148,18,195699
3119,0.000108,172.31.36.0-255,66,17214,18,195699
3120,0.000113,172.217.194.0-255,4320,21534,18,195699
3121,0.000117,172.31.36.0-255,66,21600,18,195699
3122,0.000135,172.217.194.0-255,2902,24502,18,195699
3123,0.000137,172.31.36.0-255,66,24568,18,195699
3124,0.000144,172.217.194.0-255,6797,31365,18,195699
3125,0.000146,172.31.36.0-255,66,31431,18,195699
3126,0.000157,172.217.194.0-255,1484,32915,18,195699
3127,0.00016,172.31.36.0-255,66,32981,18,195699
3128,0.000165,172.217.194.0-255,2902,35883,18,195699
3129,0.000167,172.31.36.0-255,66,35949,18,195699
3130,0.000169,172.217.194.0-255,1484,37433,18,195699
3131,0.000171,172.31.36.0-255,66,37499,18,195699
3132,0.000196,172.217.194.0-255,4320,41819,18,195699
3133,0.000198,172.31.36.0-255,66,41885,18,195699
3134,0.000214,172.217.194.0-255,4320,46205,18,195699
3135,0.000218,172.31.36.0-255,66,46271,18,195699
3136,0.000236,172.217.194.0-255,2543,48814,18,195699
3137,0.000238,172.31.36.0-255,66,48880,18,195699
3138,0.001049,172.217.194.0-255,1484,50364,18,195699
3139,0.00106,172.217.194.0-255,2902,53266,18,195699
3140,0.001066,172.31.36.0-255,66,53332,18,195699
3141,0.001073,172.217.194.0-255,5738,59070,18,195699
3142,0.00108,172.217.194.0-255,6797,65867,18,195699
3143,0.001159,172.217.194.0-255,1484,67351,18,195699
3144,0.001164,172.217.194.0-255,2902,70253,18,195699
3145,0.001184,172.217.194.0-255,5738,75991,18,195699
3146,0.001231,172.217.194.0-255,7156,83147,18,195699
3147,0.001251,172.217.194.0-255,5379,88526,18,195699
3148,0.001272,172.217.194.0-255,2902,91428,18,195699
3149,0.001433,172.217.194.0-255,1484,92912,18,195699
3150,0.001453,172.217.194.0-255,2902,95814,18,195699
3151,0.001466,172.217.194.0-255,4320,100134,18,195699
3152,0.001485,172.217.194.0-255,1484,101618,18,195699
3153,0.001509,172.217.194.0-255,6783,108401,18,195699
3154,0.001539,172.217.194.0-255,7156,115557,18,195699
3155,0.001543,172.217.194.0-255,1484,117041,18,195699
3156,0.001558,172.217.194.0-255,2902,119943,18,195699
3157,0.001573,172.217.194.0-255,7156,127099,18,195699
3158,0.001594,172.217.194.0-255,5738,132837,18,195699
3159,0.002031,172.217.194.0-255,1484,134321,18,195699
3160,0.002036,172.217.194.0-255,2902,137223,18,195699
3161,0.002056,172.217.194.0-255,5738,142961,18,195699
3162,0.002072,172.217.194.0-255,5738,148699,18,195699
3163,0.00209,172.217.194.0-255,7156,155855,18,195699
3164,0.002134,172.217.194.0-255,5738,161593,18,195699
3165,0.002147,172.217.194.0-255,5020,166613,18,195699
3166,0.006662,172.31.36.0-255,66,166679,18,195699
3167,0.008774,172.217.194.0-255,5738,172417,18,195699
3168,0.008786,172.31.36.0-255,66,172483,18,195699
3169,0.010856,172.217.194.0-255,5738,178221,18,195699
3170,0.010873,172.31.36.0-255,66,178287,18,195699
3171,0.01296,172.217.194.0-255,5738,184025,18,195699
3172,0.014648,172.31.36.0-255,66,184091,18,195699
3173,0.016699,172.217.194.0-255,5738,189829,18,195699
3174,0.016715,172.31.36.0-255,66,189895,18,195699
3175,0.018785,172.217.194.0-255,5738,195633,18,195699
3176,0.018802,172.31.36.0-255,66,195699,18,195699
3177,0.0,172.217.194.0-255,152,152,18,118984
3178,2.8e-05,172.31.36.0-255,66,218,18,118984
3179,3.5e-05,172.217.194.0-255,1484,1702,18,118984
3180,3.9e-05,172.31.36.0-255,66,1768,18,118984
3181,5.7e-05,172.217.194.0-255,2902,4670,18,118984
3182,6e-05,172.31.36.0-255,66,4736,18,118984
3183,9.5e-05,172.217.194.0-255,5738,10474,18,118984
3184,9.8e-05,172.31.36.0-255,66,10540,18,118984
3185,0.000101,172.217.194.0-255,1484,12024,18,118984
3186,0.000103,172.31.36.0-255,66,12090,18,118984
3187,0.000152,172.31.36.0-255,66,12156,18,118984
3188,0.000159,172.217.194.0-255,7156,19312,18,118984
3189,0.000162,172.31.36.0-255,66,19378,18,118984
3190,0.00018,172.217.194.0-255,2543,21921,18,118984
3191,0.000183,172.31.36.0-255,66,21987,18,118984
3192,0.000207,172.217.194.0-255,1484,23471,18,118984
3193,0.00021,172.31.36.0-255,66,23537,18,118984
3194,0.000229,172.217.194.0-255,2902,26439,18,118984
3195,0.000232,172.31.36.0-255,66,26505,18,118984
3196,0.000237,172.217.194.0-255,5738,32243,18,118984
3197,0.000239,172.31.36.0-255,66,32309,18,118984
3198,0.000266,172.217.194.0-255,6797,39106,18,118984
3199,0.00027,172.31.36.0-255,66,39172,18,118984
3200,0.000314,172.217.194.0-255,4320,43492,18,118984
3201,0.000319,172.31.36.0-255,66,43558,18,118984
3202,0.000354,172.31.36.0-255,66,43624,18,118984
3203,0.000357,172.217.194.0-255,114,43738,18,118984
3204,0.00036,172.31.36.0-255,66,43804,18,118984
3205,0.000402,172.217.194.0-255,385,44189,18,118984
3206,0.000407,172.31.36.0-255,101,44290,18,118984
3207,0.000651,172.217.194.0-255,1484,45774,18,118984
3208,0.000656,172.31.36.0-255,66,45840,18,118984
3209,0.000676,172.217.194.0-255,2902,48742,18,118984
3210,0.00068,172.31.36.0-255,66,48808,18,118984
3211,0.000686,172.217.194.0-255,5738,54546,18,118984
3212,0.000688,172.31.36.0-255,66,54612,18,118984
3213,0.000695,172.217.194.0-255,5738,60350,18,118984
3214,0.000697,172.31.36.0-255,66,60416,18,118984
3215,0.000716,172.217.194.0-255,7156,67572,18,118984
3216,0.000719,172.31.36.0-255,66,67638,18,118984
3217,0.000731,172.31.36.0-255,66,67704,18,118984
3218,0.001598,172.217.194.0-255,1484,69188,18,118984
3219,0.001623,172.217.194.0-255,2902,72090,18,118984
3220,0.001627,172.31.36.0-255,66,72156,18,118984
3221,0.001634,172.217.194.0-255,5738,77894,18,118984
3222,0.001636,172.31.36.0-255,66,77960,18,118984
3223,0.001641,172.217.194.0-255,4320,82280,18,118984
3224,0.001645,172.31.36.0-255,66,82346,18,118984
3225,0.001669,172.31.36.0-255,66,82412,18,118984
3226,0.001695,172.217.194.0-255,2902,85314,18,118984
3227,0.001698,172.31.36.0-255,66,85380,18,118984
3228,0.001709,172.31.36.0-255,66,85446,18,118984
3229,0.00305,172.217.194.0-255,66,85512,18,118984
3230,0.004396,172.217.194.0-255,4320,89832,18,118984
3231,0.004401,172.31.36.0-255,66,89898,18,118984
3232,0.004427,172.217.194.0-255,1484,91382,18,118984
3233,0.007119,172.217.194.0-255,4320,95702,18,118984
3234,0.007124,172.31.36.0-255,66,95768,18,118984
3235,0.009825,172.217.194.0-255,5738,101506,18,118984
3236,0.009832,172.31.36.0-255,66,101572,18,118984
3237,0.012554,172.217.194.0-255,5738,107310,18,118984
3238,0.012563,172.31.36.0-255,66,107376,18,118984
3239,0.015278,172.217.194.0-255,5738,113114,18,118984
3240,0.015286,172.31.36.0-255,66,113180,18,118984
3241,0.017985,172.217.194.0-255,5738,118918,18,118984
3242,0.017995,172.31.36.0-255,66,118984,18,118984
3243,0.0,172.217.194.0-255,146,146,18,152528
3244,2.5e-05,172.31.36.0-255,66,212,18,152528
3245,3.2e-05,172.217.194.0-255,1484,1696,18,152528
3246,3.7e-05,172.31.36.0-255,66,1762,18,152528
3247,4.3e-05,172.217.194.0-255,2902,4664,18,152528
3248,4.6e-05,172.31.36.0-255,66,4730,18,152528
3249,5.4e-05,172.217.194.0-255,7156,11886,18,152528
3250,5.8e-05,172.31.36.0-255,66,11952,18,152528
3251,6.2e-05,172.217.194.0-255,2080,14032,18,152528
3252,6.5e-05,172.31.36.0-255,66,14098,18,152528
3253,7.3e-05,172.217.194.0-255,7156,21254,18,152528
3254,7.6e-05,172.31.36.0-255,66,21320,18,152528
3255,9.6e-05,172.217.194.0-255,4320,25640,18,152528
3256,9.9e-05,172.31.36.0-255,66,25706,18,152528
3257,0.000105,172.217.194.0-255,5379,31085,18,152528
3258,0.000108,172.31.36.0-255,66,31151,18,152528
3259,0.000164,172.217.194.0-255,1484,32635,18,152528
3260,0.000166,172.31.36.0-255,66,32701,18,152528
3261,0.000171,172.217.194.0-255,2902,35603,18,152528
3262,0.000173,172.31.36.0-255,66,35669,18,152528
3263,0.000178,172.217.194.0-255,2902,38571,18,152528
3264,0.00018,172.31.36.0-255,66,38637,18,152528
3265,0.000207,172.217.194.0-255,2902,41539,18,152528
3266,0.000211,172.217.194.0-255,4320,45859,18,152528
3267,0.000231,172.31.36.0-255,66,45925,18,152528
3268,0.000234,172.31.36.0-255,66,45991,18,152528
3269,0.000266,172.31.36.0-255,66,46057,18,152528
3270,0.000273,172.217.194.0-255,7054,53111,18,152528
3271,0.000276,172.31.36.0-255,66,53177,18,152528
3272,0.000278,172.217.194.0-255,120,53297,18,152528
3273,0.00028,172.31.36.0-255,66,53363,18,152528
3274,0.000294,172.217.194.0-255,375,53738,18,152528
3275,0.000296,172.31.36.0-255,66,53804,18,152528
3276,0.000609,172.217.194.0-255,1484,55288,18,152528
3277,0.000615,172.31.36.0-255,66,55354,18,152528
3278,0.000621,172.217.194.0-255,2902,58256,18,152528
3279,0.000625,172.31.36.0-255,66,58322,18,152528
3280,0.000631,172.217.194.0-255,5738,64060,18,152528
3281,0.000633,172.31.36.0-255,66,64126,18,152528
3282,0.000674,172.31.36.0-255,66,64192,18,152528
3283,0.000686,172.31.36.0-255,66,64258,18,152528
3284,0.00071,172.217.194.0-255,1484,65742,18,152528
3285,0.000712,172.31.36.0-255,66,65808,18,152528
3286,0.000733,172.217.194.0-255,3602,69410,18,152528
3287,0.000735,172.31.36.0-255,66,69476,18,152528
3288,0.001605,172.217.194.0-255,1484,70960,18,152528
3289,0.001612,172.31.36.0-255,66,71026,18,152528
3290,0.001621,172.217.194.0-255,2902,73928,18,152528
3291,0.001623,172.31.36.0-255,66,73994,18,152528
3292,0.00163,172.217.194.0-255,5738,79732,18,152528
3293,0.001632,172.31.36.0-255,66,79798,18,152528
3294,0.001654,172.217.194.0-255,4320,84118,18,152528
3295,0.001656,172.31.36.0-255,66,84184,18,152528
3296,0.001687,172.31.36.0-255,66,84250,18,152528
3297,0.001699,172.31.36.0-255,66,84316,18,152528
3298,0.001702,172.217.194.0-255,766,85082,18,152528
3299,0.001704,172.31.36.0-255,66,85148,18,152528
3300,0.002012,172.217.194.0-255,1484,86632,18,152528
3301,0.002021,172.217.194.0-255,2902,89534,18,152528
3302,0.002026,172.217.194.0-255,2902,92436,18,152528
3303,0.00204,172.217.194.0-255,2902,95338,18,152528
3304,0.002059,172.217.194.0-255,4320,99658,18,152528
3305,0.002096,172.217.194.0-255,5738,105396,18,152528
3306,0.002112,172.217.194.0-255,5020,110416,18,152528
3307,0.002313,172.217.194.0-255,1484,111900,18,152528
3308,0.002321,172.217.194.0-255,2902,114802,18,152528
3309,0.002326,172.217.194.0-255,2902,117704,18,152528
3310,0.002341,172.217.194.0-255,2902,120606,18,152528
3311,0.002345,172.217.194.0-255,1484,122090,18,152528
3312,0.002363,172.217.194.0-255,7156,129246,18,152528
3313,0.007864,172.31.36.0-255,66,129312,18,152528
3314,0.010372,172.217.194.0-255,5738,135050,18,152528
3315,0.010383,172.31.36.0-255,66,135116,18,152528
3316,0.0129,172.217.194.0-255,5738,140854,18,152528
3317,0.012912,172.31.36.0-255,66,140920,18,152528
3318,0.015436,172.217.194.0-255,5738,146658,18,152528
3319,0.015447,172.31.36.0-255,66,146724,18,152528
3320,0.017956,172.217.194.0-255,5738,152462,18,152528
3321,0.017965,172.31.36.0-255,66,152528,18,152528
3322,0.0,34.213.241.0-255,97,97,18,260
3323,0.000182,172.31.36.0-255,97,194,18,260
3324,0.000195,172.31.36.0-255,66,260,18,260
3325,0.0,74.125.24.0-255,153,153,18,285135
3326,2.9e-05,172.31.36.0-255,66,219,18,285135
3327,3.6e-05,74.125.24.0-255,1484,1703,18,285135
3328,3.9e-05,172.31.36.0-255,66,1769,18,285135
3329,4.4e-05,74.125.24.0-255,2902,4671,18,285135
3330,5.5e-05,172.31.36.0-255,66,4737,18,285135
3331,6.2e-05,74.125.24.0-255,7156,11893,18,285135
3332,6.5e-05,172.31.36.0-255,66,11959,18,285135
3333,6.9e-05,74.125.24.0-255,2011,13970,18,285135
3334,7.2e-05,172.31.36.0-255,66,14036,18,285135
3335,0.000114,74.125.24.0-255,1484,15520,18,285135
3336,0.000117,172.31.36.0-255,66,15586,18,285135
3337,0.000148,74.125.24.0-255,2902,18488,18,285135
3338,0.000151,172.31.36.0-255,66,18554,18,285135
3339,0.000157,74.125.24.0-255,5738,24292,18,285135
3340,0.00016,172.31.36.0-255,66,24358,18,285135
3341,0.000176,74.125.24.0-255,6797,31155,18,285135
3342,0.000178,172.31.36.0-255,66,31221,18,285135
3343,0.000231,172.31.36.0-255,66,31287,18,285135
3344,0.000255,74.125.24.0-255,2543,33830,18,285135
3345,0.000258,172.31.36.0-255,66,33896,18,285135
3346,0.000534,74.125.24.0-255,1484,35380,18,285135
3347,0.000538,172.31.36.0-255,66,35446,18,285135
3348,0.000543,74.125.24.0-255,2902,38348,18,285135
3349,0.000546,172.31.36.0-255,66,38414,18,285135
3350,0.000558,74.125.24.0-255,5738,44152,18,285135
3351,0.000561,172.31.36.0-255,66,44218,18,285135
3352,0.000569,74.125.24.0-255,6797,51015,18,285135
3353,0.000571,172.31.36.0-255,66,51081,18,285135
3354,0.000612,74.125.24.0-255,645,51726,18,285135
3355,0.000615,172.31.36.0-255,66,51792,18,285135
3356,0.000822,74.125.24.0-255,1484,53276,18,285135
3357,0.000829,74.125.24.0-255,2902,56178,18,285135
3358,0.000832,172.31.36.0-255,66,56244,18,285135
3359,0.000852,74.125.24.0-255,4320,60564,18,285135
3360,0.000856,172.31.36.0-255,66,60630,18,285135
3361,0.000884,74.125.24.0-255,1484,62114,18,285135
3362,0.00089,74.125.24.0-255,4320,66434,18,285135
3363,0.000892,172.31.36.0-255,66,66500,18,285135
3364,0.000929,172.31.36.0-255,66,66566,18,285135
3365,0.000935,74.125.24.0-255,4320,70886,18,285135
3366,0.000937,172.31.36.0-255,66,70952,18,285135
3367,0.000967,74.125.24.0-255,3054,74006,18,285135
3368,0.00097,172.31.36.0-255,66,74072,18,285135
3369,0.001022,74.125.24.0-255,1484,75556,18,285135
3370,0.001028,74.125.24.0-255,2902,78458,18,285135
3371,0.00103,172.31.36.0-255,66,78524,18,285135
3372,0.001035,74.125.24.0-255,2902,81426,18,285135
3373,0.001037,172.31.36.0-255,66,81492,18,285135
3374,0.001057,74.125.24.0-255,2902,84394,18,285135
3375,0.00106,172.31.36.0-255,66,84460,18,285135
3376,0.001079,172.31.36.0-255,66,84526,18,285135
3377,0.001112,74.125.24.0-255,1484,86010,18,285135
3378,0.001119,74.125.24.0-255,7156,93166,18,285135
3379,0.001122,172.31.36.0-255,66,93232,18,285135
3380,0.001149,74.125.24.0-255,3602,96834,18,285135
3381,0.001153,172.31.36.0-255,66,96900,18,285135
3382,0.001188,74.125.24.0-255,2902,99802,18,285135
3383,0.001192,172.31.36.0-255,66,99868,18,285135
3384,0.001223,74.125.24.0-255,1484,101352,18,285135
3385,0.001229,74.125.24.0-255,5738,107090,18,285135
3386,0.001232,172.31.36.0-255,66,107156,18,285135
3387,0.001254,172.31.36.0-255,66,107222,18,285135
3388,0.001255,74.125.24.0-255,7156,114378,18,285135
3389,0.001258,172.31.36.0-255,66,114444,18,285135
3390,0.001283,74.125.24.0-255,5020,119464,18,285135
3391,0.001287,172.31.36.0-255,66,119530,18,285135
3392,0.001411,74.125.24.0-255,1484,121014,18,285135
3393,0.00143,74.125.24.0-255,2902,123916,18,285135
3394,0.001434,172.31.36.0-255,66,123982,18,285135
3395,0.00144,74.125.24.0-255,4320,128302,18,285135
3396,0.001442,172.31.36.0-255,66,128368,18,285135
3397,0.001462,74.125.24.0-255,1484,129852,18,285135
3398,0.001472,74.125.24.0-255,5738,135590,18,285135
3399,0.001474,172.31.36.0-255,66,135656,18,285135
3400,0.001491,74.125.24.0-255,7156,142812,18,285135
3401,0.001499,172.31.36.0-255,66,142878,18,285135
3402,0.001506,74.125.24.0-255,5738,148616,18,285135
3403,0.001508,172.31.36.0-255,66,148682,18,285135
3404,0.001555,74.125.24.0-255,5020,153702,18,285135
3405,0.00156,172.31.36.0-255,66,153768,18,285135
3406,0.001682,74.125.24.0-255,1484,155252,18,285135
3407,0.001697,74.125.24.0-255,2902,158154,18,285135
3408,0.0017,172.31.36.0-255,66,158220,18,285135
3409,0.001723,74.125.24.0-255,5738,163958,18,285135
3410,0.001727,172.31.36.0-255,66,164024,18,285135
3411,0.001764,74.125.24.0-255,4320,168344,18,285135
3412,0.001766,172.31.36.0-255,66,168410,18,285135
3413,0.001801,74.125.24.0-255,2543,170953,18,285135
3414,0.001804,172.31.36.0-255,66,171019,18,285135
3415,0.001819,172.31.36.0-255,66,171085,18,285135
3416,0.001823,74.125.24.0-255,4320,175405,18,285135
3417,0.001827,172.31.36.0-255,66,175471,18,285135
3418,0.001856,74.125.24.0-255,4320,179791,18,285135
3419,0.001859,172.31.36.0-255,66,179857,18,285135
3420,0.001897,172.31.36.0-255,66,179923,18,285135
3421,0.001953,74.125.24.0-255,1484,181407,18,285135
3422,0.001959,74.125.24.0-255,2902,184309,18,285135
3423,0.001963,172.31.36.0-255,66,184375,18,285135
3424,0.001992,74.125.24.0-255,5738,190113,18,285135
3425,0.001996,172.31.36.0-255,66,190179,18,285135
3426,0.001999,74.125.24.0-255,1484,191663,18,285135
3427,0.002031,74.125.24.0-255,5379,197042,18,285135
3428,0.002036,172.31.36.0-255,66,197108,18,285135
3429,0.002044,74.125.24.0-255,7156,204264,18,285135
3430,0.002048,172.31.36.0-255,66,204330,18,285135
3431,0.002053,74.125.24.0-255,2902,207232,18,285135
3432,0.002055,172.31.36.0-255,66,207298,18,285135
3433,0.002101,172.31.36.0-255,66,207364,18,285135
3434,0.002118,172.31.36.0-255,66,207430,18,285135
3435,0.002241,74.125.24.0-255,1484,208914,18,285135
3436,0.002258,74.125.24.0-255,2902,211816,18,285135
3437,0.002262,172.31.36.0-255,66,211882,18,285135
3438,0.002267,74.125.24.0-255,5738,217620,18,285135
3439,0.00227,172.31.36.0-255,66,217686,18,285135
3440,0.002308,74.125.24.0-255,5738,223424,18,285135
3441,0.002311,172.31.36.0-255,66,223490,18,285135
3442,0.002344,172.31.36.0-255,66,223556,18,285135
3443,0.002357,172.31.36.0-255,66,223622,18,285135
3444,0.002361,74.125.24.0-255,4320,227942,18,285135
3445,0.002364,172.31.36.0-255,66,228008,18,285135
3446,0.0024,172.31.36.0-255,66,228074,18,285135
3447,0.002586,74.125.24.0-255,1484,229558,18,285135
3448,0.002603,74.125.24.0-255,2902,232460,18,285135
3449,0.002605,172.31.36.0-255,66,232526,18,285135
3450,0.00261,74.125.24.0-255,2902,235428,18,285135
3451,0.002612,172.31.36.0-255,66,235494,18,285135
3452,0.002638,74.125.24.0-255,1484,236978,18,285135
3453,0.002658,74.125.24.0-255,4320,241298,18,285135
3454,0.002661,172.31.36.0-255,66,241364,18,285135
3455,0.002683,74.125.24.0-255,5738,247102,18,285135
3456,0.002685,172.31.36.0-255,66,247168,18,285135
3457,0.002689,74.125.24.0-255,2902,250070,18,285135
3458,0.002691,172.31.36.0-255,66,250136,18,285135
3459,0.002694,74.125.24.0-255,2902,253038,18,285135
3460,0.002696,172.31.36.0-255,66,253104,18,285135
3461,0.002726,74.125.24.0-255,4320,257424,18,285135
3462,0.002728,172.31.36.0-255,66,257490,18,285135
3463,0.002731,74.125.24.0-255,1484,258974,18,285135
3464,0.002734,74.125.24.0-255,1484,260458,18,285135
3465,0.002736,172.31.36.0-255,66,260524,18,285135
3466,0.002739,74.125.24.0-255,1484,262008,18,285135
3467,0.002741,74.125.24.0-255,766,262774,18,285135
3468,0.002744,172.31.36.0-255,66,262840,18,285135
3469,0.002789,74.125.24.0-255,1484,264324,18,285135
3470,0.00281,74.125.24.0-255,2902,267226,18,285135
3471,0.002812,172.31.36.0-255,66,267292,18,285135
3472,0.002815,74.125.24.0-255,1484,268776,18,285135
3473,0.002819,74.125.24.0-255,2902,271678,18,285135
3474,0.002821,172.31.36.0-255,66,271744,18,285135
3475,0.00285,74.125.24.0-255,4320,276064,18,285135
3476,0.002853,172.31.36.0-255,66,276130,18,285135
3477,0.00286,74.125.24.0-255,7156,283286,18,285135
3478,0.002862,172.31.36.0-255,66,283352,18,285135
3479,0.002864,74.125.24.0-255,1344,284696,18,285135
3480,0.002867,74.125.24.0-255,97,284793,18,285135
3481,0.002921,74.125.24.0-255,105,284898,18,285135
3482,0.007903,172.31.36.0-255,66,284964,18,285135
3483,0.007933,172.31.36.0-255,105,285069,18,285135
3484,0.010525,74.125.24.0-255,66,285135,18,285135
3485,0.0,172.217.194.0-255,153,153,18,197721
3486,2.4e-05,172.31.36.0-255,66,219,18,197721
3487,3.2e-05,172.217.194.0-255,1484,1703,18,197721
3488,3.6e-05,172.31.36.0-255,66,1769,18,197721
3489,4.3e-05,172.217.194.0-255,2902,4671,18,197721
3490,4.5e-05,172.31.36.0-255,66,4737,18,197721
3491,5.5e-05,172.217.194.0-255,7156,11893,18,197721
3492,5.8e-05,172.31.36.0-255,66,11959,18,197721
3493,9.8e-05,172.31.36.0-255,66,12025,18,197721
3494,0.000103,172.217.194.0-255,2902,14927,18,197721
3495,0.000105,172.31.36.0-255,66,14993,18,197721
3496,0.000122,172.217.194.0-255,3961,18954,18,197721
3497,0.000125,172.31.36.0-255,66,19020,18,197721
3498,0.000262,172.217.194.0-255,1484,20504,18,197721
3499,0.000266,172.31.36.0-255,66,20570,18,197721
3500,0.000285,172.217.194.0-255,2902,23472,18,197721
3501,0.000288,172.31.36.0-255,66,23538,18,197721
3502,0.000319,172.217.194.0-255,5738,29276,18,197721
3503,0.000322,172.31.36.0-255,66,29342,18,197721
3504,0.00033,172.217.194.0-255,7156,36498,18,197721
3505,0.000332,172.31.36.0-255,66,36564,18,197721
3506,0.000363,172.217.194.0-255,1484,38048,18,197721
3507,0.000365,172.31.36.0-255,66,38114,18,197721
3508,0.00039,172.31.36.0-255,66,38180,18,197721
3509,0.000422,172.217.194.0-255,2184,40364,18,197721
3510,0.000425,172.31.36.0-255,66,40430,18,197721
3511,0.000703,172.217.194.0-255,340,40770,18,197721
3512,0.00071,172.31.36.0-255,66,40836,18,197721
3513,0.000751,172.217.194.0-255,113,40949,18,197721
3514,0.000754,172.31.36.0-255,66,41015,18,197721
3515,0.001052,172.217.194.0-255,1484,42499,18,197721
3516,0.00106,172.217.194.0-255,2902,45401,18,197721
3517,0.001063,172.31.36.0-255,66,45467,18,197721
3518,0.001069,172.217.194.0-255,2902,48369,18,197721
3519,0.001071,172.31.36.0-255,66,48435,18,197721
3520,0.001086,172.217.194.0-255,2902,51337,18,197721
3521,0.001089,172.31.36.0-255,66,51403,18,197721
3522,0.001107,172.217.194.0-255,5738,57141,18,197721
3523,0.001109,172.31.36.0-255,66,57207,18,197721
3524,0.001113,172.217.194.0-255,1484,58691,18,197721
3525,0.001133,172.217.194.0-255,5738,64429,18,197721
3526,0.001135,172.31.36.0-255,66,64495,18,197721
3527,0.001158,172.217.194.0-255,5738,70233,18,197721
3528,0.001163,172.217.194.0-255,5020,75253,18,197721
3529,0.001167,172.31.36.0-255,66,75319,18,197721
3530,0.001171,172.31.36.0-255,66,75385,18,197721
3531,0.001226,172.31.36.0-255,66,75451,18,197721
3532,0.001252,172.217.194.0-255,5738,81189,18,197721
3533,0.001254,172.31.36.0-255,66,81255,18,197721
3534,0.001269,172.31.36.0-255,66,81321,18,197721
3535,0.001272,172.217.194.0-255,1484,82805,18,197721
3536,0.001306,172.31.36.0-255,66,82871,18,197721
3537,0.001339,172.31.36.0-255,66,82937,18,197721
3538,0.001367,172.217.194.0-255,7156,90093,18,197721
3539,0.001369,172.31.36.0-255,66,90159,18,197721
3540,0.001372,172.217.194.0-255,766,90925,18,197721
3541,0.001376,172.217.194.0-255,1484,92409,18,197721
3542,0.001378,172.31.36.0-255,66,92475,18,197721
3543,0.001384,172.217.194.0-255,4320,96795,18,197721
3544,0.001386,172.31.36.0-255,66,96861,18,197721
3545,0.001397,172.31.36.0-255,66,96927,18,197721
3546,0.00141,172.31.36.0-255,66,96993,18,197721
3547,0.001415,172.217.194.0-255,4320,101313,18,197721
3548,0.001417,172.31.36.0-255,66,101379,18,197721
3549,0.001437,172.217.194.0-255,2184,103563,18,197721
3550,0.00144,172.31.36.0-255,66,103629,18,197721
3551,0.001447,172.217.194.0-255,7156,110785,18,197721
3552,0.001449,172.31.36.0-255,66,110851,18,197721
3553,0.001452,172.217.194.0-255,1484,112335,18,197721
3554,0.001497,172.31.36.0-255,66,112401,18,197721
3555,0.0015,172.217.194.0-255,1484,113885,18,197721
3556,0.001515,172.217.194.0-255,2902,116787,18,197721
3557,0.001517,172.31.36.0-255,66,116853,18,197721
3558,0.001553,172.31.36.0-255,66,116919,18,197721
3559,0.001572,172.31.36.0-255,66,116985,18,197721
3560,0.001624,172.31.36.0-255,66,117051,18,197721
3561,0.001692,172.217.194.0-255,1484,118535,18,197721
3562,0.001695,172.217.194.0-255,1484,120019,18,197721
3563,0.001706,172.31.36.0-255,66,120085,18,197721
3564,0.00171,172.217.194.0-255,1484,121569,18,197721
3565,0.001717,172.217.194.0-255,5738,127307,18,197721
3566,0.001719,172.31.36.0-255,66,127373,18,197721
3567,0.001729,172.217.194.0-255,1484,128857,18,197721
3568,0.001749,172.217.194.0-255,5738,134595,18,197721
3569,0.00177,172.31.36.0-255,66,134661,18,197721
3570,0.001789,172.217.194.0-255,4320,138981,18,197721
3571,0.001802,172.217.194.0-255,5738,144719,18,197721
3572,0.001845,172.31.36.0-255,66,144785,18,197721
3573,0.001852,172.217.194.0-255,6438,151223,18,197721
3574,0.001862,172.31.36.0-255,66,151289,18,197721
3575,0.003959,172.217.194.0-255,5738,157027,18,197721
3576,0.003967,172.31.36.0-255,66,157093,18,197721
3577,0.00612,172.217.194.0-255,5738,162831,18,197721
3578,0.006133,172.31.36.0-255,66,162897,18,197721
3579,0.008267,172.217.194.0-255,5738,168635,18,197721
3580,0.008271,172.31.36.0-255,66,168701,18,197721
3581,0.010404,172.217.194.0-255,5738,174439,18,197721
3582,0.010411,172.31.36.0-255,66,174505,18,197721
3583,0.012533,172.217.194.0-255,5738,180243,18,197721
3584,0.012543,172.31.36.0-255,66,180309,18,197721
3585,0.014672,172.217.194.0-255,5738,186047,18,197721
3586,0.014684,172.31.36.0-255,66,186113,18,197721
3587,0.016835,172.217.194.0-255,5738,191851,18,197721
3588,0.016844,172.31.36.0-255,66,191917,18,197721
3589,0.01896,172.217.194.0-255,5738,197655,18,197721
3590,0.018973,172.31.36.0-255,66,197721,18,197721
3591,0.0,172.217.27.0-255,146,146,18,199295
3592,1.7e-05,172.31.36.0-255,66,212,18,199295
3593,2.5e-05,172.217.27.0-255,1484,1696,18,199295
3594,3e-05,172.31.36.0-255,66,1762,18,199295
3595,4.3e-05,172.217.27.0-255,2902,4664,18,199295
3596,4.7e-05,172.31.36.0-255,66,4730,18,199295
3597,5.3e-05,172.217.27.0-255,4320,9050,18,199295
3598,5.6e-05,172.31.36.0-255,66,9116,18,199295
3599,6.2e-05,172.217.27.0-255,4848,13964,18,199295
3600,6.5e-05,172.31.36.0-255,66,14030,18,199295
3601,6.8e-05,172.217.27.0-255,1484,15514,18,199295
3602,7.1e-05,172.31.36.0-255,66,15580,18,199295
3603,7.6e-05,172.217.27.0-255,2902,18482,18,199295
3604,7.8e-05,172.31.36.0-255,66,18548,18,199295
3605,8.1e-05,172.217.27.0-255,1484,20032,18,199295
3606,8.3e-05,172.31.36.0-255,66,20098,18,199295
3607,0.00011,172.217.27.0-255,2902,23000,18,199295
3608,0.000113,172.31.36.0-255,66,23066,18,199295
3609,0.00012,172.217.27.0-255,5738,28804,18,199295
3610,0.000123,172.31.36.0-255,66,28870,18,199295
3611,0.000127,172.217.27.0-255,2543,31413,18,199295
3612,0.00013,172.31.36.0-255,66,31479,18,199295
3613,0.000208,172.217.27.0-255,1484,32963,18,199295
3614,0.000211,172.31.36.0-255,66,33029,18,199295
3615,0.000216,172.217.27.0-255,2902,35931,18,199295
3616,0.000218,172.31.36.0-255,66,35997,18,199295
3617,0.000221,172.217.27.0-255,1484,37481,18,199295
3618,0.000223,172.31.36.0-255,66,37547,18,199295
3619,0.000255,172.217.27.0-255,2902,40449,18,199295
3620,0.000259,172.217.27.0-255,4320,44769,18,199295
3621,0.000264,172.31.36.0-255,66,44835,18,199295
3622,0.000267,172.31.36.0-255,66,44901,18,199295
3623,0.000282,172.217.27.0-255,4320,49221,18,199295
3624,0.000288,172.31.36.0-255,66,49287,18,199295
3625,0.000312,172.217.27.0-255,1125,50412,18,199295
3626,0.000334,172.31.36.0-255,66,50478,18,199295
3627,0.000337,172.217.27.0-255,396,50874,18,199295
3628,0.000623,172.217.27.0-255,114,50988,18,199295
3629,0.000758,172.217.27.0-255,1484,52472,18,199295
3630,0.000763,172.31.36.0-255,66,52538,18,199295
3631,0.000769,172.217.27.0-255,2902,55440,18,199295
3632,0.000772,172.31.36.0-255,66,55506,18,199295
3633,0.000798,172.217.27.0-255,1484,56990,18,199295
3634,0.000803,172.217.27.0-255,2902,59892,18,199295
3635,0.000807,172.31.36.0-255,66,59958,18,199295
3636,0.000816,172.217.27.0-255,4320,64278,18,199295
3637,0.000818,172.31.36.0-255,66,64344,18,199295
3638,0.000851,172.217.27.0-255,3961,68305,18,199295
3639,0.000853,172.31.36.0-255,66,68371,18,199295
3640,0.000858,172.217.27.0-255,4320,72691,18,199295
3641,0.00086,172.31.36.0-255,66,72757,18,199295
3642,0.000876,172.31.36.0-255,66,72823,18,199295
3643,0.000887,172.217.27.0-255,1484,74307,18,199295
3644,0.000892,172.217.27.0-255,2543,76850,18,199295
3645,0.000898,172.31.36.0-255,66,76916,18,199295
3646,0.000902,172.217.27.0-255,1484,78400,18,199295
3647,0.000923,172.217.27.0-255,1484,79884,18,199295
3648,0.000926,172.31.36.0-255,66,79950,18,199295
3649,0.000934,172.217.27.0-255,7156,87106,18,199295
3650,0.000937,172.31.36.0-255,66,87172,18,199295
3651,0.000945,172.217.27.0-255,4320,91492,18,199295
3652,0.000948,172.31.36.0-255,66,91558,18,199295
3653,0.00099,172.217.27.0-255,2227,93785,18,199295
3654,0.000993,172.31.36.0-255,66,93851,18,199295
3655,0.001048,172.217.27.0-255,1484,95335,18,199295
3656,0.001055,172.217.27.0-255,2902,98237,18,199295
3657,0.001058,172.31.36.0-255,66,98303,18,199295
3658,0.001089,172.217.27.0-255,5738,104041,18,199295
3659,0.001092,172.31.36.0-255,66,104107,18,199295
3660,0.001103,172.31.36.0-255,66,104173,18,199295
3661,0.001119,172.31.36.0-255,66,104239,18,199295
3662,0.001144,172.217.27.0-255,5020,109259,18,199295
3663,0.001147,172.31.36.0-255,66,109325,18,199295
3664,0.001447,172.217.27.0-255,1484,110809,18,199295
3665,0.001454,172.217.27.0-255,2902,113711,18,199295
3666,0.001457,172.31.36.0-255,66,113777,18,199295
3667,0.001462,172.217.27.0-255,2902,116679,18,199295
3668,0.001464,172.31.36.0-255,66,116745,18,199295
3669,0.001499,172.217.27.0-255,2902,119647,18,199295
3670,0.001502,172.31.36.0-255,66,119713,18,199295
3671,0.00152,172.31.36.0-255,66,119779,18,199295
3672,0.001531,172.31.36.0-255,66,119845,18,199295
3673,0.001534,172.217.27.0-255,766,120611,18,199295
3674,0.001602,172.217.27.0-255,1484,122095,18,199295
3675,0.001606,172.31.36.0-255,66,122161,18,199295
3676,0.001612,172.217.27.0-255,2902,125063,18,199295
3677,0.001614,172.31.36.0-255,66,125129,18,199295
3678,0.001618,172.217.27.0-255,2902,128031,18,199295
3679,0.001624,172.31.36.0-255,66,128097,18,199295
3680,0.001658,172.217.27.0-255,2902,130999,18,199295
3681,0.001661,172.31.36.0-255,66,131065,18,199295
3682,0.001666,172.217.27.0-255,4320,135385,18,199295
3683,0.001669,172.31.36.0-255,66,135451,18,199295
3684,0.003301,172.217.27.0-255,5738,141189,18,199295
3685,0.003308,172.31.36.0-255,66,141255,18,199295
3686,0.00494,172.217.27.0-255,5738,146993,18,199295
3687,0.004944,172.31.36.0-255,66,147059,18,199295
3688,0.00657,172.217.27.0-255,5738,152797,18,199295
3689,0.006575,172.31.36.0-255,66,152863,18,199295
3690,0.008202,172.217.27.0-255,5738,158601,18,199295
3691,0.008207,172.31.36.0-255,66,158667,18,199295
3692,0.009855,172.217.27.0-255,5738,164405,18,199295
3693,0.009862,172.31.36.0-255,66,164471,18,199295
3694,0.01149,172.217.27.0-255,5738,170209,18,199295
3695,0.011497,172.31.36.0-255,66,170275,18,199295
3696,0.01313,172.217.27.0-255,5738,176013,18,199295
3697,0.01314,172.31.36.0-255,66,176079,18,199295
3698,0.014775,172.217.27.0-255,5738,181817,18,199295
3699,0.014783,172.31.36.0-255,66,181883,18,199295
3700,0.016485,172.217.27.0-255,5738,187621,18,199295
3701,0.016493,172.31.36.0-255,66,187687,18,199295
3702,0.018127,172.217.27.0-255,5738,193425,18,199295
3703,0.018135,172.31.36.0-255,66,193491,18,199295
3704,0.019769,172.217.27.0-255,5738,199229,18,199295
3705,0.019777,172.31.36.0-255,66,199295,18,199295
3706,0.0,74.125.130.0-255,143,143,18,163102
3707,3.8e-05,172.31.36.0-255,66,209,18,163102
3708,4.6e-05,74.125.130.0-255,1484,1693,18,163102
3709,5.1e-05,172.31.36.0-255,66,1759,18,163102
3710,5.6e-05,74.125.130.0-255,2902,4661,18,163102
3711,5.9e-05,172.31.36.0-255,66,4727,18,163102
3712,6.2e-05,74.125.130.0-255,1484,6211,18,163102
3713,6.4e-05,172.31.36.0-255,66,6277,18,163102
3714,9.3e-05,74.125.130.0-255,4320,10597,18,163102
3715,9.5e-05,172.31.36.0-255,66,10663,18,163102
3716,0.000101,74.125.130.0-255,3492,14155,18,163102
3717,0.000103,172.31.36.0-255,66,14221,18,163102
3718,0.000217,74.125.130.0-255,1484,15705,18,163102
3719,0.000222,172.31.36.0-255,66,15771,18,163102
3720,0.00024,74.125.130.0-255,1484,17255,18,163102
3721,0.000243,172.31.36.0-255,66,17321,18,163102
3722,0.000262,74.125.130.0-255,1484,18805,18,163102
3723,0.000264,172.31.36.0-255,66,18871,18,163102
3724,0.000269,74.125.130.0-255,2902,21773,18,163102
3725,0.000272,172.31.36.0-255,66,21839,18,163102
3726,0.000277,74.125.130.0-255,4320,26159,18,163102
3727,0.000279,172.31.36.0-255,66,26225,18,163102
3728,0.000283,74.125.130.0-255,1484,27709,18,163102
3729,0.000285,172.31.36.0-255,66,27775,18,163102
3730,0.000306,74.125.130.0-255,3961,31736,18,163102
3731,0.000309,172.31.36.0-255,66,31802,18,163102
3732,0.000312,74.125.130.0-255,1484,33286,18,163102
3733,0.000316,172.31.36.0-255,66,33352,18,163102
3734,0.000329,74.125.130.0-255,4320,37672,18,163102
3735,0.000331,172.31.36.0-255,66,37738,18,163102
3736,0.000334,74.125.130.0-255,1484,39222,18,163102
3737,0.000336,172.31.36.0-255,66,39288,18,163102
3738,0.000364,74.125.130.0-255,5738,45026,18,163102
3739,0.000367,172.31.36.0-255,66,45092,18,163102
3740,0.000403,74.125.130.0-255,3961,49053,18,163102
3741,0.000409,172.31.36.0-255,66,49119,18,163102
3742,0.002109,74.125.130.0-255,1484,50603,18,163102
3743,0.00212,74.125.130.0-255,2902,53505,18,163102
3744,0.002124,172.31.36.0-255,66,53571,18,163102
3745,0.00213,74.125.130.0-255,2902,56473,18,163102
3746,0.002132,172.31.36.0-255,66,56539,18,163102
3747,0.002149,74.125.130.0-255,2902,59441,18,163102
3748,0.002151,172.31.36.0-255,66,59507,18,163102
3749,0.002156,74.125.130.0-255,4320,63827,18,163102
3750,0.002158,172.31.36.0-255,66,63893,18,163102
3751,0.002196,74.125.130.0-255,5379,69272,18,163102
3752,0.002198,172.31.36.0-255,66,69338,18,163102
3753,0.002203,74.125.130.0-255,2902,72240,18,163102
3754,0.002204,172.31.36.0-255,66,72306,18,163102
3755,0.002226,74.125.130.0-255,2902,75208,18,163102
3756,0.002229,172.31.36.0-255,66,75274,18,163102
3757,0.002236,74.125.130.0-255,7156,82430,18,163102
3758,0.002238,172.31.36.0-255,66,82496,18,163102
3759,0.002263,74.125.130.0-255,5738,88234,18,163102
3760,0.002265,172.31.36.0-255,66,88300,18,163102
3761,0.00227,74.125.130.0-255,4320,92620,18,163102
3762,0.002272,172.31.36.0-255,66,92686,18,163102
3763,0.002283,74.125.130.0-255,2902,95588,18,163102
3764,0.002285,172.31.36.0-255,66,95654,18,163102
3765,0.002309,74.125.130.0-255,2902,98556,18,163102
3766,0.00232,74.125.130.0-255,2184,100740,18,163102
3767,0.002401,74.125.130.0-255,1484,102224,18,163102
3768,0.002416,74.125.130.0-255,2902,105126,18,163102
3769,0.002431,74.125.130.0-255,5738,110864,18,163102
3770,0.002454,74.125.130.0-255,2902,113766,18,163102
3771,0.002469,74.125.130.0-255,3846,117612,18,163102
3772,0.002472,74.125.130.0-255,212,117824,18,163102
3773,0.002539,74.125.130.0-255,1484,119308,18,163102
3774,0.002553,74.125.130.0-255,1484,120792,18,163102
3775,0.002566,74.125.130.0-255,2902,123694,18,163102
3776,0.002589,74.125.130.0-255,4320,128014,18,163102
3777,0.002598,74.125.130.0-255,1484,129498,18,163102
3778,0.002609,74.125.130.0-255,2902,132400,18,163102
3779,0.002624,74.125.130.0-255,1484,133884,18,163102
3780,0.006118,172.31.36.0-255,66,133950,18,163102
3781,0.008698,74.125.130.0-255,5738,139688,18,163102
3782,0.008705,172.31.36.0-255,66,139754,18,163102
3783,0.011447,74.125.130.0-255,5738,145492,18,163102
3784,0.011506,172.31.36.0-255,66,145558,18,163102
3785,0.014094,74.125.130.0-255,5738,151296,18,163102
3786,0.014102,172.31.36.0-255,66,151362,18,163102
3787,0.016686,74.125.130.0-255,5738,157100,18,163102
3788,0.016695,172.31.36.0-255,66,157166,18,163102
3789,0.019255,74.125.130.0-255,2902,160068,18,163102
3790,0.019264,172.31.36.0-255,66,160134,18,163102
3791,0.019298,74.125.130.0-255,2902,163036,18,163102
3792,0.019303,172.31.36.0-255,66,163102,18,163102
3793,0.0,172.217.194.0-255,153,153,18,172131
3794,1.5e-05,172.217.194.0-255,1484,1637,18,172131
3795,2.4e-05,172.31.36.0-255,66,1703,18,172131
3796,3.4e-05,172.217.194.0-255,2902,4605,18,172131
3797,3.7e-05,172.31.36.0-255,66,4671,18,172131
3798,4.3e-05,172.217.194.0-255,4320,8991,18,172131
3799,4.6e-05,172.31.36.0-255,66,9057,18,172131
3800,6.6e-05,172.217.194.0-255,2902,11959,18,172131
3801,6.8e-05,172.31.36.0-255,66,12025,18,172131
3802,7.3e-05,172.217.194.0-255,1992,14017,18,172131
3803,7.6e-05,172.31.36.0-255,66,14083,18,172131
3804,9e-05,172.31.36.0-255,66,14149,18,172131
3805,9.6e-05,172.217.194.0-255,4320,18469,18,172131
3806,9.8e-05,172.31.36.0-255,66,18535,18,172131
3807,0.000112,172.217.194.0-255,1125,19660,18,172131
3808,0.000199,172.217.194.0-255,1484,21144,18,172131
3809,0.000202,172.31.36.0-255,66,21210,18,172131
3810,0.000222,172.217.194.0-255,2902,24112,18,172131
3811,0.000224,172.31.36.0-255,66,24178,18,172131
3812,0.000231,172.217.194.0-255,5738,29916,18,172131
3813,0.000233,172.31.36.0-255,66,29982,18,172131
3814,0.00028,172.31.36.0-255,66,30048,18,172131
3815,0.000291,172.31.36.0-255,66,30114,18,172131
3816,0.000338,172.217.194.0-255,1713,31827,18,172131
3817,0.000341,172.31.36.0-255,66,31893,18,172131
3818,0.000407,172.217.194.0-255,1484,33377,18,172131
3819,0.000412,172.217.194.0-255,2902,36279,18,172131
3820,0.000415,172.31.36.0-255,66,36345,18,172131
3821,0.000418,172.217.194.0-255,1484,37829,18,172131
3822,0.000435,172.217.194.0-255,2902,40731,18,172131
3823,0.000437,172.31.36.0-255,66,40797,18,172131
3824,0.000444,172.217.194.0-255,5738,46535,18,172131
3825,0.000446,172.31.36.0-255,66,46601,18,172131
3826,0.000452,172.217.194.0-255,5738,52339,18,172131
3827,0.000454,172.31.36.0-255,66,52405,18,172131
3828,0.000476,172.217.194.0-255,6797,59202,18,172131
3829,0.000479,172.31.36.0-255,66,59268,18,172131
3830,0.000486,172.217.194.0-255,6797,66065,18,172131
3831,0.000488,172.31.36.0-255,66,66131,18,172131
3832,0.000668,172.217.194.0-255,1484,67615,18,172131
3833,0.000675,172.217.194.0-255,2902,70517,18,172131
3834,0.000679,172.31.36.0-255,66,70583,18,172131
3835,0.000711,172.217.194.0-255,5738,76321,18,172131
3836,0.000714,172.31.36.0-255,66,76387,18,172131
3837,0.000719,172.217.194.0-255,2902,79289,18,172131
3838,0.000721,172.31.36.0-255,66,79355,18,172131
3839,0.00075,172.31.36.0-255,66,79421,18,172131
3840,0.000763,172.217.194.0-255,1484,80905,18,172131
3841,0.00079,172.31.36.0-255,66,80971,18,172131
3842,0.000819,172.31.36.0-255,66,81037,18,172131
3843,0.000835,172.31.36.0-255,66,81103,18,172131
3844,0.00084,172.217.194.0-255,2902,84005,18,172131
3845,0.000843,172.31.36.0-255,66,84071,18,172131
3846,0.000869,172.217.194.0-255,3602,87673,18,172131
3847,0.000873,172.31.36.0-255,66,87739,18,172131
3848,0.000879,172.217.194.0-255,5738,93477,18,172131
3849,0.000881,172.31.36.0-255,66,93543,18,172131
3850,0.000893,172.217.194.0-255,1484,95027,18,172131
3851,0.000905,172.31.36.0-255,66,95093,18,172131
3852,0.00099,172.31.36.0-255,66,95159,18,172131
3853,0.000994,172.217.194.0-255,218,95377,18,172131
3854,0.001265,172.217.194.0-255,1484,96861,18,172131
3855,0.001271,172.31.36.0-255,66,96927,18,172131
3856,0.001278,172.217.194.0-255,2902,99829,18,172131
3857,0.001281,172.31.36.0-255,66,99895,18,172131
3858,0.001287,172.217.194.0-255,4320,104215,18,172131
3859,0.001289,172.31.36.0-255,66,104281,18,172131
3860,0.001307,172.217.194.0-255,1484,105765,18,172131
3861,0.00134,172.31.36.0-255,66,105831,18,172131
3862,0.001345,172.217.194.0-255,2902,108733,18,172131
3863,0.001347,172.31.36.0-255,66,108799,18,172131
3864,0.001369,172.31.36.0-255,66,108865,18,172131
3865,0.002109,172.217.194.0-255,1484,110349,18,172131
3866,0.002117,172.217.194.0-255,2902,113251,18,172131
3867,0.002122,172.31.36.0-255,66,113317,18,172131
3868,0.002129,172.217.194.0-255,5738,119055,18,172131
3869,0.002132,172.31.36.0-255,66,119121,18,172131
3870,0.002171,172.31.36.0-255,66,119187,18,172131
3871,0.002202,172.217.194.0-255,766,119953,18,172131
3872,0.002468,172.217.194.0-255,1484,121437,18,172131
3873,0.002472,172.217.194.0-255,2902,124339,18,172131
3874,0.002486,172.217.194.0-255,2902,127241,18,172131
3875,0.002506,172.217.194.0-255,2902,130143,18,172131
3876,0.002509,172.217.194.0-255,1484,131627,18,172131
3877,0.002554,172.217.194.0-255,7156,138783,18,172131
3878,0.002588,172.217.194.0-255,3602,142385,18,172131
3879,0.002608,172.217.194.0-255,4320,146705,18,172131
3880,0.002611,172.217.194.0-255,1484,148189,18,172131
3881,0.002641,172.217.194.0-255,4320,152509,18,172131
3882,0.002658,172.217.194.0-255,1484,153993,18,172131
3883,0.002696,172.217.194.0-255,5738,159731,18,172131
3884,0.002736,172.217.194.0-255,4320,164051,18,172131
3885,0.002828,172.217.194.0-255,766,164817,18,172131
3886,0.00286,172.217.194.0-255,3602,168419,18,172131
3887,0.002862,172.217.194.0-255,1484,169903,18,172131
3888,0.002866,172.217.194.0-255,1886,171789,18,172131
3889,0.002891,172.217.194.0-255,105,171894,18,172131
3890,0.004537,172.31.36.0-255,66,171960,18,172131
3891,0.007535,172.31.36.0-255,105,172065,18,172131
3892,0.010124,172.217.194.0-255,66,172131,18,172131
3893,0.0,74.125.68.0-255,150,150,18,252164
3894,1.9e-05,74.125.68.0-255,1484,1634,18,252164
3895,3.1e-05,172.31.36.0-255,66,1700,18,252164
3896,4e-05,74.125.68.0-255,2902,4602,18,252164
3897,4.4e-05,172.31.36.0-255,66,4668,18,252164
3898,5e-05,74.125.68.0-255,4320,8988,18,252164
3899,5.3e-05,172.31.36.0-255,66,9054,18,252164
3900,5.9e-05,74.125.68.0-255,4837,13891,18,252164
3901,6.2e-05,172.31.36.0-255,66,13957,18,252164
3902,8.2e-05,74.125.68.0-255,1484,15441,18,252164
3903,8.7e-05,74.125.68.0-255,2902,18343,18,252164
3904,9e-05,172.31.36.0-255,66,18409,18,252164
3905,0.00011,74.125.68.0-255,4320,22729,18,252164
3906,0.000113,172.31.36.0-255,66,22795,18,252164
3907,0.000129,74.125.68.0-255,1484,24279,18,252164
3908,0.000153,74.125.68.0-255,4320,28599,18,252164
3909,0.000156,172.31.36.0-255,66,28665,18,252164
3910,0.000188,74.125.68.0-255,2543,31208,18,252164
3911,0.00019,172.31.36.0-255,66,31274,18,252164
3912,0.000224,74.125.68.0-255,1484,32758,18,252164
3913,0.000241,74.125.68.0-255,2902,35660,18,252164
3914,0.000244,172.31.36.0-255,66,35726,18,252164
3915,0.000263,74.125.68.0-255,5738,41464,18,252164
3916,0.000266,172.31.36.0-255,66,41530,18,252164
3917,0.000291,74.125.68.0-255,4320,45850,18,252164
3918,0.000293,172.31.36.0-255,66,45916,18,252164
3919,0.000312,74.125.68.0-255,2543,48459,18,252164
3920,0.000315,172.31.36.0-255,66,48525,18,252164
3921,0.000345,74.125.68.0-255,2902,51427,18,252164
3922,0.000348,172.31.36.0-255,66,51493,18,252164
3923,0.000361,74.125.68.0-255,2902,54395,18,252164
3924,0.000363,172.31.36.0-255,66,54461,18,252164
3925,0.000395,74.125.68.0-255,7156,61617,18,252164
3926,0.000398,172.31.36.0-255,66,61683,18,252164
3927,0.000445,74.125.68.0-255,4271,65954,18,252164
3928,0.000448,172.31.36.0-255,66,66020,18,252164
3929,0.000452,74.125.68.0-255,376,66396,18,252164
3930,0.000568,74.125.68.0-255,1484,67880,18,252164
3931,0.000572,172.31.36.0-255,66,67946,18,252164
3932,0.000577,74.125.68.0-255,1484,69430,18,252164
3933,0.000593,74.125.68.0-255,1484,70914,18,252164
3934,0.000595,172.31.36.0-255,66,70980,18,252164
3935,0.000602,74.125.68.0-255,5738,76718,18,252164
3936,0.000604,172.31.36.0-255,66,76784,18,252164
3937,0.000633,74.125.68.0-255,2902,79686,18,252164
3938,0.000637,172.31.36.0-255,66,79752,18,252164
3939,0.000655,74.125.68.0-255,2902,82654,18,252164
3940,0.000658,172.31.36.0-255,66,82720,18,252164
3941,0.000681,74.125.68.0-255,7156,89876,18,252164
3942,0.000684,172.31.36.0-255,66,89942,18,252164
3943,0.000749,172.31.36.0-255,66,90008,18,252164
3944,0.000823,74.125.68.0-255,1484,91492,18,252164
3945,0.000829,74.125.68.0-255,2902,94394,18,252164
3946,0.000831,172.31.36.0-255,66,94460,18,252164
3947,0.000858,74.125.68.0-255,5738,100198,18,252164
3948,0.000861,172.31.36.0-255,66,100264,18,252164
3949,0.000889,74.125.68.0-255,1484,101748,18,252164
3950,0.000908,172.31.36.0-255,66,101814,18,252164
3951,0.000979,74.125.68.0-255,5738,107552,18,252164
3952,0.000984,172.31.36.0-255,66,107618,18,252164
3953,0.001003,74.125.68.0-255,5738,113356,18,252164
3954,0.001006,172.31.36.0-255,66,113422,18,252164
3955,0.001051,74.125.68.0-255,2184,115606,18,252164
3956,0.001054,172.31.36.0-255,66,115672,18,252164
3957,0.001087,74.125.68.0-255,5738,121410,18,252164
3958,0.00109,172.31.36.0-255,66,121476,18,252164
3959,0.001119,172.31.36.0-255,66,121542,18,252164
3960,0.001202,172.31.36.0-255,66,121608,18,252164
3961,0.001223,74.125.68.0-255,4320,125928,18,252164
3962,0.001226,172.31.36.0-255,66,125994,18,252164
3963,0.001304,74.125.68.0-255,3602,129596,18,252164
3964,0.001308,172.31.36.0-255,66,129662,18,252164
3965,0.001347,74.125.68.0-255,7156,136818,18,252164
3966,0.00135,172.31.36.0-255,66,136884,18,252164
3967,0.00138,172.31.36.0-255,66,136950,18,252164
3968,0.001456,74.125.68.0-255,2902,139852,18,252164
3969,0.001459,172.31.36.0-255,66,139918,18,252164
3970,0.001485,172.31.36.0-255,66,139984,18,252164
3971,0.001503,74.125.68.0-255,3602,143586,18,252164
3972,0.001506,172.31.36.0-255,66,143652,18,252164
3973,0.001595,74.125.68.0-255,7156,150808,18,252164
3974,0.001599,172.31.36.0-255,66,150874,18,252164
3975,0.001623,172.31.36.0-255,66,150940,18,252164
3976,0.001659,172.31.36.0-255,66,151006,18,252164
3977,0.00186,74.125.68.0-255,7156,158162,18,252164
3978,0.001865,172.31.36.0-255,66,158228,18,252164
3979,0.001905,172.31.36.0-255,66,158294,18,252164
3980,0.002099,74.125.68.0-255,1484,159778,18,252164
3981,0.002117,74.125.68.0-255,2902,162680,18,252164
3982,0.00212,172.31.36.0-255,66,162746,18,252164
3983,0.002126,74.125.68.0-255,2902,165648,18,252164
3984,0.002128,172.31.36.0-255,66,165714,18,252164
3985,0.002144,74.125.68.0-255,2902,168616,18,252164
3986,0.002146,172.31.36.0-255,66,168682,18,252164
3987,0.002178,74.125.68.0-255,1484,170166,18,252164
3988,0.002241,172.31.36.0-255,66,170232,18,252164
3989,0.002279,74.125.68.0-255,4320,174552,18,252164
3990,0.002283,172.31.36.0-255,66,174618,18,252164
3991,0.002304,74.125.68.0-255,5738,180356,18,252164
3992,0.002307,172.31.36.0-255,66,180422,18,252164
3993,0.002335,74.125.68.0-255,766,181188,18,252164
3994,0.002363,74.125.68.0-255,4320,185508,18,252164
3995,0.002367,172.31.36.0-255,66,185574,18,252164
3996,0.002394,172.31.36.0-255,66,185640,18,252164
3997,0.002471,74.125.68.0-255,5738,191378,18,252164
3998,0.002475,172.31.36.0-255,66,191444,18,252164
3999,0.002497,74.125.68.0-255,5738,197182,18,252164
4000,0.002499,172.31.36.0-255,66,197248,18,252164
4001,0.002551,74.125.68.0-255,1484,198732,18,252164
4002,0.002555,74.125.68.0-255,1484,200216,18,252164
4003,0.002558,172.31.36.0-255,66,200282,18,252164
4004,0.002583,74.125.68.0-255,1484,201766,18,252164
4005,0.00259,74.125.68.0-255,5020,206786,18,252164
4006,0.002594,172.31.36.0-255,66,206852,18,252164
4007,0.002627,74.125.68.0-255,4320,211172,18,252164
4008,0.00263,172.31.36.0-255,66,211238,18,252164
4009,0.002647,74.125.68.0-255,2902,214140,18,252164
4010,0.00265,172.31.36.0-255,66,214206,18,252164
4011,0.002669,74.125.68.0-255,1484,215690,18,252164
4012,0.002722,172.31.36.0-255,66,215756,18,252164
4013,0.002823,74.125.68.0-255,5738,221494,18,252164
4014,0.00284,74.125.68.0-255,2184,223678,18,252164
4015,0.002881,74.125.68.0-255,4320,227998,18,252164
4016,0.003009,74.125.68.0-255,1484,229482,18,252164
4017,0.003028,74.125.68.0-255,4320,233802,18,252164
4018,0.003045,74.125.68.0-255,4320,238122,18,252164
4019,0.003095,74.125.68.0-255,4320,242442,18,252164
4020,0.003111,74.125.68.0-255,2184,244626,18,252164
4021,0.003133,74.125.68.0-255,1484,246110,18,252164
4022,0.003148,74.125.68.0-255,1484,247594,18,252164
4023,0.003155,74.125.68.0-255,3467,251061,18,252164
4024,0.003157,74.125.68.0-255,105,251166,18,252164
4025,0.006344,172.31.36.0-255,66,251232,18,252164
4026,0.006349,172.31.36.0-255,66,251298,18,252164
4027,0.006352,172.31.36.0-255,66,251364,18,252164
4028,0.006355,172.31.36.0-255,66,251430,18,252164
4029,0.006378,172.31.36.0-255,66,251496,18,252164
4030,0.006381,172.31.36.0-255,66,251562,18,252164
4031,0.006384,172.31.36.0-255,66,251628,18,252164
4032,0.006387,172.31.36.0-255,66,251694,18,252164
4033,0.006391,172.31.36.0-255,66,251760,18,252164
4034,0.006394,172.31.36.0-255,66,251826,18,252164
4035,0.006787,172.31.36.0-255,101,251927,18,252164
4036,0.00905,74.125.68.0-255,66,251993,18,252164
4037,0.011325,172.31.36.0-255,105,252098,18,252164
4038,0.013623,74.125.68.0-255,66,252164,18,252164
4039,0.0,172.253.118.0-255,152,152,18,230103
4040,2.3e-05,172.31.36.0-255,66,218,18,230103
4041,3.1e-05,172.253.118.0-255,1484,1702,18,230103
4042,3.5e-05,172.31.36.0-255,66,1768,18,230103
4043,3.9e-05,172.253.118.0-255,2902,4670,18,230103
4044,5.3e-05,172.31.36.0-255,66,4736,18,230103
4045,6e-05,172.253.118.0-255,7156,11892,18,230103
4046,6.3e-05,172.31.36.0-255,66,11958,18,230103
4047,6.6e-05,172.253.118.0-255,2054,14012,18,230103
4048,6.9e-05,172.31.36.0-255,66,14078,18,230103
4049,0.000113,172.253.118.0-255,2902,16980,18,230103
4050,0.000116,172.31.36.0-255,66,17046,18,230103
4051,0.000126,172.253.118.0-255,1484,18530,18,230103
4052,0.000129,172.31.36.0-255,66,18596,18,230103
4053,0.000168,172.253.118.0-255,2902,21498,18,230103
4054,0.000172,172.31.36.0-255,66,21564,18,230103
4055,0.000183,172.31.36.0-255,66,21630,18,230103
4056,0.000186,172.253.118.0-255,1125,22755,18,230103
4057,0.000188,172.31.36.0-255,66,22821,18,230103
4058,0.000279,172.253.118.0-255,1484,24305,18,230103
4059,0.000283,172.31.36.0-255,66,24371,18,230103
4060,0.000298,172.253.118.0-255,2902,27273,18,230103
4061,0.000306,172.31.36.0-255,66,27339,18,230103
4062,0.000312,172.253.118.0-255,5738,33077,18,230103
4063,0.000316,172.31.36.0-255,66,33143,18,230103
4064,0.000323,172.253.118.0-255,4320,37463,18,230103
4065,0.000325,172.31.36.0-255,66,37529,18,230103
4066,0.000365,172.31.36.0-255,66,37595,18,230103
4067,0.000391,172.253.118.0-255,2543,40138,18,230103
4068,0.000396,172.31.36.0-255,66,40204,18,230103
4069,0.000404,172.253.118.0-255,7075,47279,18,230103
4070,0.000409,172.31.36.0-255,66,47345,18,230103
4071,0.000501,172.253.118.0-255,131,47476,18,230103
4072,0.000607,172.253.118.0-255,1484,48960,18,230103
4073,0.000611,172.31.36.0-255,66,49026,18,230103
4074,0.000616,172.253.118.0-255,2902,51928,18,230103
4075,0.000618,172.31.36.0-255,66,51994,18,230103
4076,0.000645,172.253.118.0-255,5738,57732,18,230103
4077,0.000648,172.31.36.0-255,66,57798,18,230103
4078,0.000676,172.253.118.0-255,4320,62118,18,230103
4079,0.000679,172.31.36.0-255,66,62184,18,230103
4080,0.000708,172.253.118.0-255,2543,64727,18,230103
4081,0.000711,172.31.36.0-255,66,64793,18,230103
4082,0.000719,172.253.118.0-255,7156,71949,18,230103
4083,0.000721,172.31.36.0-255,66,72015,18,230103
4084,0.000739,172.31.36.0-255,66,72081,18,230103
4085,0.000759,172.253.118.0-255,822,72903,18,230103
4086,0.000795,172.253.118.0-255,1484,74387,18,230103
4087,0.000799,172.31.36.0-255,66,74453,18,230103
4088,0.000805,172.253.118.0-255,4320,78773,18,230103
4089,0.000808,172.31.36.0-255,66,78839,18,230103
4090,0.000837,172.253.118.0-255,4320,83159,18,230103
4091,0.00084,172.31.36.0-255,66,83225,18,230103
4092,0.000851,172.31.36.0-255,66,83291,18,230103
4093,0.000904,172.31.36.0-255,66,83357,18,230103
4094,0.001224,172.253.118.0-255,1484,84841,18,230103
4095,0.001228,172.253.118.0-255,1484,86325,18,230103
4096,0.001231,172.31.36.0-255,66,86391,18,230103
4097,0.001257,172.253.118.0-255,1484,87875,18,230103
4098,0.001264,172.253.118.0-255,5738,93613,18,230103
4099,0.001268,172.31.36.0-255,66,93679,18,230103
4100,0.001334,172.31.36.0-255,66,93745,18,230103
4101,0.001352,172.253.118.0-255,1484,95229,18,230103
4102,0.001364,172.31.36.0-255,66,95295,18,230103
4103,0.001467,172.253.118.0-255,1484,96779,18,230103
4104,0.001471,172.253.118.0-255,1484,98263,18,230103
4105,0.001474,172.31.36.0-255,66,98329,18,230103
4106,0.001505,172.253.118.0-255,1484,99813,18,230103
4107,0.001511,172.253.118.0-255,5738,105551,18,230103
4108,0.001514,172.31.36.0-255,66,105617,18,230103
4109,0.001525,172.31.36.0-255,66,105683,18,230103
4110,0.001557,172.253.118.0-255,4320,110003,18,230103
4111,0.001561,172.31.36.0-255,66,110069,18,230103
4112,0.001573,172.31.36.0-255,66,110135,18,230103
4113,0.001762,172.253.118.0-255,1484,111619,18,230103
4114,0.001767,172.253.118.0-255,2902,114521,18,230103
4115,0.001772,172.31.36.0-255,66,114587,18,230103
4116,0.001777,172.253.118.0-255,1484,116071,18,230103
4117,0.001807,172.253.118.0-255,4320,120391,18,230103
4118,0.00181,172.31.36.0-255,66,120457,18,230103
4119,0.001818,172.253.118.0-255,7156,127613,18,230103
4120,0.00182,172.31.36.0-255,66,127679,18,230103
4121,0.001831,172.253.118.0-255,4320,131999,18,230103
4122,0.001833,172.31.36.0-255,66,132065,18,230103
4123,0.001871,172.31.36.0-255,66,132131,18,230103
4124,0.001876,172.253.118.0-255,2184,134315,18,230103
4125,0.001878,172.253.118.0-255,1484,135799,18,230103
4126,0.001878,172.31.36.0-255,66,135865,18,230103
4127,0.001889,172.253.118.0-255,1484,137349,18,230103
4128,0.001891,172.31.36.0-255,66,137415,18,230103
4129,0.001916,172.253.118.0-255,1484,138899,18,230103
4130,0.001922,172.253.118.0-255,5738,144637,18,230103
4131,0.001925,172.31.36.0-255,66,144703,18,230103
4132,0.00193,172.253.118.0-255,2902,147605,18,230103
4133,0.001932,172.31.36.0-255,66,147671,18,230103
4134,0.001996,172.31.36.0-255,66,147737,18,230103
4135,0.002007,172.31.36.0-255,66,147803,18,230103
4136,0.002012,172.253.118.0-255,2184,149987,18,230103
4137,0.002014,172.31.36.0-255,66,150053,18,230103
4138,0.002054,172.253.118.0-255,1484,151537,18,230103
4139,0.002071,172.253.118.0-255,2902,154439,18,230103
4140,0.002074,172.31.36.0-255,66,154505,18,230103
4141,0.002082,172.253.118.0-255,5738,160243,18,230103
4142,0.002084,172.31.36.0-255,66,160309,18,230103
4143,0.002093,172.253.118.0-255,2902,163211,18,230103
4144,0.002096,172.31.36.0-255,66,163277,18,230103
4145,0.0021,172.253.118.0-255,1484,164761,18,230103
4146,0.002125,172.31.36.0-255,66,164827,18,230103
4147,0.002163,172.31.36.0-255,66,164893,18,230103
4148,0.002209,172.253.118.0-255,7156,172049,18,230103
4149,0.002214,172.31.36.0-255,66,172115,18,230103
4150,0.002233,172.253.118.0-255,4320,176435,18,230103
4151,0.002236,172.31.36.0-255,66,176501,18,230103
4152,0.002239,172.253.118.0-255,1484,177985,18,230103
4153,0.002252,172.31.36.0-255,66,178051,18,230103
4154,0.002255,172.253.118.0-255,1484,179535,18,230103
4155,0.002259,172.253.118.0-255,4320,183855,18,230103
4156,0.002261,172.31.36.0-255,66,183921,18,230103
4157,0.002266,172.253.118.0-255,3602,187523,18,230103
4158,0.002268,172.31.36.0-255,66,187589,18,230103
4159,0.00233,172.253.118.0-255,1484,189073,18,230103
4160,0.002333,172.253.118.0-255,1484,190557,18,230103
4161,0.002336,172.31.36.0-255,66,190623,18,230103
4162,0.00234,172.253.118.0-255,2902,193525,18,230103
4163,0.002343,172.31.36.0-255,66,193591,18,230103
4164,0.002381,172.253.118.0-255,5738,199329,18,230103
4165,0.002385,172.31.36.0-255,66,199395,18,230103
4166,0.002389,172.253.118.0-255,1484,200879,18,230103
4167,0.002392,172.253.118.0-255,1484,202363,18,230103
4168,0.002394,172.31.36.0-255,66,202429,18,230103
4169,0.002396,172.253.118.0-255,1484,203913,18,230103
4170,0.002399,172.31.36.0-255,78,203991,18,230103
4171,0.002411,172.31.36.0-255,66,204057,18,230103
4172,0.002414,172.253.118.0-255,1484,205541,18,230103
4173,0.00242,172.253.118.0-255,6438,211979,18,230103
4174,0.002424,172.31.36.0-255,66,212045,18,230103
4175,0.002472,172.253.118.0-255,1484,213529,18,230103
4176,0.002497,172.253.118.0-255,2902,216431,18,230103
4177,0.002502,172.31.36.0-255,66,216497,18,230103
4178,0.002509,172.253.118.0-255,5738,222235,18,230103
4179,0.002511,172.31.36.0-255,66,222301,18,230103
4180,0.002516,172.253.118.0-255,2902,225203,18,230103
4181,0.002524,172.31.36.0-255,66,225269,18,230103
4182,0.002567,172.31.36.0-255,66,225335,18,230103
4183,0.00258,172.31.36.0-255,66,225401,18,230103
4184,0.002595,172.253.118.0-255,4294,229695,18,230103
4185,0.002599,172.31.36.0-255,66,229761,18,230103
4186,0.002634,172.253.118.0-255,105,229866,18,230103
4187,0.003487,172.31.36.0-255,66,229932,18,230103
4188,0.003514,172.31.36.0-255,105,230037,18,230103
4189,0.005538,172.253.118.0-255,66,230103,18,230103
4190,0.0,172.217.194.0-255,145,145,18,211709
4191,1.6e-05,172.217.194.0-255,1484,1629,18,211709
4192,2.6e-05,172.31.36.0-255,66,1695,18,211709
4193,3.3e-05,172.217.194.0-255,2902,4597,18,211709
4194,3.6e-05,172.31.36.0-255,66,4663,18,211709
4195,4.4e-05,172.217.194.0-255,7156,11819,18,211709
4196,5.5e-05,172.31.36.0-255,66,11885,18,211709
4197,8.1e-05,172.217.194.0-255,1994,13879,18,211709
4198,8.3e-05,172.31.36.0-255,66,13945,18,211709
4199,0.000213,172.217.194.0-255,1484,15429,18,211709
4200,0.000218,172.217.194.0-255,1484,16913,18,211709
4201,0.000221,172.31.36.0-255,66,16979,18,211709
4202,0.000249,172.217.194.0-255,1484,18463,18,211709
4203,0.000256,172.217.194.0-255,5738,24201,18,211709
4204,0.000259,172.31.36.0-255,66,24267,18,211709
4205,0.000301,172.31.36.0-255,66,24333,18,211709
4206,0.000313,172.31.36.0-255,66,24399,18,211709
4207,0.000316,172.217.194.0-255,1484,25883,18,211709
4208,0.000346,172.217.194.0-255,5379,31262,18,211709
4209,0.000349,172.31.36.0-255,66,31328,18,211709
4210,0.000996,172.217.194.0-255,1484,32812,18,211709
4211,0.001006,172.217.194.0-255,2902,35714,18,211709
4212,0.00101,172.31.36.0-255,66,35780,18,211709
4213,0.00104,172.217.194.0-255,2902,38682,18,211709
4214,0.001042,172.31.36.0-255,66,38748,18,211709
4215,0.001071,172.217.194.0-255,2902,41650,18,211709
4216,0.001073,172.31.36.0-255,66,41716,18,211709
4217,0.00108,172.217.194.0-255,6797,48513,18,211709
4218,0.001083,172.31.36.0-255,66,48579,18,211709
4219,0.001087,172.217.194.0-255,2902,51481,18,211709
4220,0.00109,172.31.36.0-255,66,51547,18,211709
4221,0.001095,172.217.194.0-255,4320,55867,18,211709
4222,0.001099,172.31.36.0-255,66,55933,18,211709
4223,0.001102,172.217.194.0-255,1484,57417,18,211709
4224,0.001134,172.217.194.0-255,7156,64573,18,211709
4225,0.001137,172.31.36.0-255,66,64639,18,211709
4226,0.001145,172.217.194.0-255,5738,70377,18,211709
4227,0.001147,172.31.36.0-255,66,70443,18,211709
4228,0.001194,172.31.36.0-255,66,70509,18,211709
4229,0.001199,172.217.194.0-255,1704,72213,18,211709
4230,0.001202,172.31.36.0-255,66,72279,18,211709
4231,0.001568,172.217.194.0-255,1484,73763,18,211709
4232,0.001577,172.217.194.0-255,2902,76665,18,211709
4233,0.001582,172.31.36.0-255,66,76731,18,211709
4234,0.001586,172.217.194.0-255,1484,78215,18,211709
4235,0.001617,172.217.194.0-255,2902,81117,18,211709
4236,0.00162,172.31.36.0-255,66,81183,18,211709
4237,0.001636,172.217.194.0-255,4320,85503,18,211709
4238,0.001643,172.31.36.0-255,66,85569,18,211709
4239,0.001669,172.217.194.0-255,4320,89889,18,211709
4240,0.001673,172.31.36.0-255,66,89955,18,211709
4241,0.001709,172.31.36.0-255,66,90021,18,211709
4242,0.001762,172.31.36.0-255,66,90087,18,211709
4243,0.001781,172.31.36.0-255,66,90153,18,211709
4244,0.001797,172.31.36.0-255,66,90219,18,211709
4245,0.002003,172.217.194.0-255,1484,91703,18,211709
4246,0.002011,172.217.194.0-255,2902,94605,18,211709
4247,0.002015,172.31.36.0-255,66,94671,18,211709
4248,0.002022,172.217.194.0-255,5738,100409,18,211709
4249,0.002024,172.31.36.0-255,66,100475,18,211709
4250,0.002056,172.31.36.0-255,66,100541,18,211709
4251,0.002089,172.217.194.0-255,4320,104861,18,211709
4252,0.002092,172.31.36.0-255,66,104927,18,211709
4253,0.002104,172.31.36.0-255,66,104993,18,211709
4254,0.002164,172.217.194.0-255,2184,107177,18,211709
4255,0.002167,172.31.36.0-255,66,107243,18,211709
4256,0.002311,172.217.194.0-255,1484,108727,18,211709
4257,0.002327,172.217.194.0-255,2902,111629,18,211709
4258,0.00233,172.31.36.0-255,66,111695,18,211709
4259,0.002354,172.217.194.0-255,5738,117433,18,211709
4260,0.002357,172.31.36.0-255,66,117499,18,211709
4261,0.002372,172.31.36.0-255,66,117565,18,211709
4262,0.002376,172.217.194.0-255,2902,120467,18,211709
4263,0.002379,172.31.36.0-255,66,120533,18,211709
4264,0.002467,172.217.194.0-255,1484,122017,18,211709
4265,0.002516,172.217.194.0-255,7156,129173,18,211709
4266,0.002518,172.217.194.0-255,766,129939,18,211709
4267,0.002522,172.217.194.0-255,1484,131423,18,211709
4268,0.002527,172.217.194.0-255,4320,135743,18,211709
4269,0.00253,172.217.194.0-255,1484,137227,18,211709
4270,0.002558,172.217.194.0-255,4320,141547,18,211709
4271,0.002575,172.217.194.0-255,2902,144449,18,211709
4272,0.002588,172.217.194.0-255,1484,145933,18,211709
4273,0.002605,172.217.194.0-255,7156,153089,18,211709
4274,0.002638,172.217.194.0-255,5738,158827,18,211709
4275,0.002658,172.217.194.0-255,7156,165983,18,211709
4276,0.00268,172.217.194.0-255,4320,170303,18,211709
4277,0.00275,172.217.194.0-255,4320,174623,18,211709
4278,0.002757,172.217.194.0-255,6438,181061,18,211709
4279,0.002778,172.217.194.0-255,1484,182545,18,211709
4280,0.002793,172.217.194.0-255,2902,185447,18,211709
4281,0.002796,172.217.194.0-255,1484,186931,18,211709
4282,0.002816,172.217.194.0-255,4320,191251,18,211709
4283,0.002834,172.217.194.0-255,5738,196989,18,211709
4284,0.002859,172.217.194.0-255,7156,204145,18,211709
4285,0.002864,172.217.194.0-255,4320,208465,18,211709
4286,0.002896,172.217.194.0-255,2902,211367,18,211709
4287,0.002917,172.217.194.0-255,105,211472,18,211709
4288,0.00382,172.31.36.0-255,66,211538,18,211709
4289,0.006637,172.31.36.0-255,105,211643,18,211709
4290,0.008716,172.217.194.0-255,66,211709,18,211709
4291,0.0,172.217.194.0-255,296,296,18,213054
4292,2.8e-05,172.31.36.0-255,66,362,18,213054
4293,3.3e-05,172.217.194.0-255,1484,1846,18,213054
4294,3.7e-05,172.31.36.0-255,66,1912,18,213054
4295,4.4e-05,172.217.194.0-255,4320,6232,18,213054
4296,4.6e-05,172.31.36.0-255,66,6298,18,213054
4297,4.9e-05,172.217.194.0-255,1484,7782,18,213054
4298,5.2e-05,172.31.36.0-255,66,7848,18,213054
4299,9e-05,172.217.194.0-255,6069,13917,18,213054
4300,9.4e-05,172.31.36.0-255,66,13983,18,213054
4301,0.000103,172.31.36.0-255,66,14049,18,213054
4302,0.000113,172.31.36.0-255,66,14115,18,213054
4303,0.000183,172.217.194.0-255,1484,15599,18,213054
4304,0.000186,172.31.36.0-255,66,15665,18,213054
4305,0.00019,172.217.194.0-255,1484,17149,18,213054
4306,0.000192,172.31.36.0-255,66,17215,18,213054
4307,0.000206,172.217.194.0-255,1484,18699,18,213054
4308,0.000208,172.31.36.0-255,66,18765,18,213054
4309,0.000214,172.217.194.0-255,5738,24503,18,213054
4310,0.000217,172.31.36.0-255,66,24569,18,213054
4311,0.000242,172.217.194.0-255,5738,30307,18,213054
4312,0.000245,172.31.36.0-255,66,30373,18,213054
4313,0.000278,172.31.36.0-255,66,30439,18,213054
4314,0.000289,172.31.36.0-255,66,30505,18,213054
4315,0.000557,172.217.194.0-255,366,30871,18,213054
4316,0.000562,172.31.36.0-255,66,30937,18,213054
4317,0.000892,172.217.194.0-255,1484,32421,18,213054
4318,0.000899,172.31.36.0-255,66,32487,18,213054
4319,0.000908,172.217.194.0-255,2902,35389,18,213054
4320,0.000915,172.217.194.0-255,5738,41127,18,213054
4321,0.00092,172.217.194.0-255,5738,46865,18,213054
4322,0.000938,172.217.194.0-255,2902,49767,18,213054
4323,0.000968,172.217.194.0-255,5020,54787,18,213054
4324,0.001282,172.217.194.0-255,1484,56271,18,213054
4325,0.00129,172.217.194.0-255,2902,59173,18,213054
4326,0.001311,172.217.194.0-255,5738,64911,18,213054
4327,0.001314,172.217.194.0-255,1484,66395,18,213054
4328,0.001352,172.217.194.0-255,2902,69297,18,213054
4329,0.001394,172.217.194.0-255,2184,71481,18,213054
4330,0.001597,172.217.194.0-255,1484,72965,18,213054
4331,0.001603,172.217.194.0-255,1484,74449,18,213054
4332,0.001619,172.217.194.0-255,1484,75933,18,213054
4333,0.001636,172.217.194.0-255,5738,81671,18,213054
4334,0.001642,172.217.194.0-255,4320,85991,18,213054
4335,0.001648,172.217.194.0-255,5738,91729,18,213054
4336,0.001666,172.217.194.0-255,5738,97467,18,213054
4337,0.001721,172.217.194.0-255,2902,100369,18,213054
4338,0.001742,172.217.194.0-255,5738,106107,18,213054
4339,0.001749,172.217.194.0-255,7156,113263,18,213054
4340,0.001791,172.217.194.0-255,7156,120419,18,213054
4341,0.001794,172.217.194.0-255,766,121185,18,213054
4342,0.001877,172.217.194.0-255,1484,122669,18,213054
4343,0.001892,172.217.194.0-255,2902,125571,18,213054
4344,0.001897,172.217.194.0-255,5738,131309,18,213054
4345,0.001942,172.217.194.0-255,2902,134211,18,213054
4346,0.001991,172.217.194.0-255,7156,141367,18,213054
4347,0.001994,172.217.194.0-255,1484,142851,18,213054
4348,0.002038,172.217.194.0-255,4320,147171,18,213054
4349,0.002049,172.217.194.0-255,2902,150073,18,213054
4350,0.002068,172.217.194.0-255,766,150839,18,213054
4351,0.002097,172.217.194.0-255,2902,153741,18,213054
4352,0.002127,172.217.194.0-255,2902,156643,18,213054
4353,0.002149,172.217.194.0-255,1484,158127,18,213054
4354,0.002202,172.217.194.0-255,4320,162447,18,213054
4355,0.002213,172.217.194.0-255,2902,165349,18,213054
4356,0.00222,172.217.194.0-255,7156,172505,18,213054
4357,0.002233,172.217.194.0-255,1484,173989,18,213054
4358,0.002238,172.217.194.0-255,4320,178309,18,213054
4359,0.002272,172.217.194.0-255,5738,184047,18,213054
4360,0.002283,172.217.194.0-255,766,184813,18,213054
4361,0.002345,172.217.194.0-255,7156,191969,18,213054
4362,0.002365,172.217.194.0-255,6438,198407,18,213054
4363,0.005294,172.31.36.0-255,66,198473,18,213054
4364,0.00766,172.217.194.0-255,5738,204211,18,213054
4365,0.007667,172.31.36.0-255,66,204277,18,213054
4366,0.009981,172.217.194.0-255,5738,210015,18,213054
4367,0.009986,172.31.36.0-255,66,210081,18,213054
4368,0.012261,172.217.194.0-255,2736,212817,18,213054
4369,0.012268,172.31.36.0-255,66,212883,18,213054
4370,0.015339,172.31.36.0-255,105,212988,18,213054
4371,0.017612,172.217.194.0-255,66,213054,18,213054
4372,0.0,74.125.24.0-255,154,154,18,95060
4373,1.6e-05,172.31.36.0-255,66,220,18,95060
4374,2.3e-05,74.125.24.0-255,1484,1704,18,95060
4375,2.8e-05,172.31.36.0-255,66,1770,18,95060
4376,4.1e-05,74.125.24.0-255,2902,4672,18,95060
4377,4.4e-05,172.31.36.0-255,66,4738,18,95060
4378,5.2e-05,74.125.24.0-255,7156,11894,18,95060
4379,5.5e-05,172.31.36.0-255,66,11960,18,95060
4380,5.9e-05,74.125.24.0-255,1484,13444,18,95060
4381,6.1e-05,172.31.36.0-255,66,13510,18,95060
4382,0.000117,172.31.36.0-255,66,13576,18,95060
4383,0.000123,74.125.24.0-255,3961,17537,18,95060
4384,0.000125,172.31.36.0-255,66,17603,18,95060
4385,0.000153,74.125.24.0-255,1484,19087,18,95060
4386,0.000155,172.31.36.0-255,66,19153,18,95060
4387,0.000183,74.125.24.0-255,2902,22055,18,95060
4388,0.000185,172.31.36.0-255,66,22121,18,95060
4389,0.000192,74.125.24.0-255,5738,27859,18,95060
4390,0.000194,172.31.36.0-255,66,27925,18,95060
4391,0.000202,74.125.24.0-255,2902,30827,18,95060
4392,0.000204,172.31.36.0-255,66,30893,18,95060
4393,0.000245,172.31.36.0-255,66,30959,18,95060
4394,0.000257,172.31.36.0-255,66,31025,18,95060
4395,0.000373,74.125.24.0-255,645,31670,18,95060
4396,0.000377,172.31.36.0-255,66,31736,18,95060
4397,0.001021,74.125.24.0-255,1484,33220,18,95060
4398,0.001026,172.31.36.0-255,66,33286,18,95060
4399,0.001032,74.125.24.0-255,2902,36188,18,95060
4400,0.001034,172.31.36.0-255,66,36254,18,95060
4401,0.001046,74.125.24.0-255,5738,41992,18,95060
4402,0.001051,74.125.24.0-255,2902,44894,18,95060
4403,0.00108,74.125.24.0-255,4320,49214,18,95060
4404,0.001104,172.31.36.0-255,66,49280,18,95060
4405,0.001109,74.125.24.0-255,2902,52182,18,95060
4406,0.001112,74.125.24.0-255,2184,54366,18,95060
4407,0.001123,172.31.36.0-255,66,54432,18,95060
4408,0.003411,74.125.24.0-255,5738,60170,18,95060
4409,0.003418,172.31.36.0-255,66,60236,18,95060
4410,0.005683,74.125.24.0-255,5738,65974,18,95060
4411,0.00678,172.31.36.0-255,66,66040,18,95060
4412,0.009079,74.125.24.0-255,5738,71778,18,95060
4413,0.009087,172.31.36.0-255,66,71844,18,95060
4414,0.011337,74.125.24.0-255,5738,77582,18,95060
4415,0.012854,172.31.36.0-255,66,77648,18,95060
4416,0.015184,74.125.24.0-255,5738,83386,18,95060
4417,0.015196,172.31.36.0-255,66,83452,18,95060
4418,0.017493,74.125.24.0-255,5738,89190,18,95060
4419,0.017502,172.31.36.0-255,66,89256,18,95060
4420,0.019762,74.125.24.0-255,5738,94994,18,95060
4421,0.019771,172.31.36.0-255,66,95060,18,95060
4422,0.0,74.125.68.0-255,143,143,18,316093
4423,3.4e-05,172.31.36.0-255,66,209,18,316093
4424,6.1e-05,74.125.68.0-255,1484,1693,18,316093
4425,6.5e-05,172.31.36.0-255,66,1759,18,316093
4426,7.1e-05,74.125.68.0-255,2902,4661,18,316093
4427,7.3e-05,172.31.36.0-255,66,4727,18,316093
4428,0.000105,74.125.68.0-255,2902,7629,18,316093
4429,0.000108,172.31.36.0-255,66,7695,18,316093
4430,0.000114,74.125.68.0-255,4320,12015,18,316093
4431,0.000117,172.31.36.0-255,66,12081,18,316093
4432,0.00016,74.125.68.0-255,2079,14160,18,316093
4433,0.000163,172.31.36.0-255,66,14226,18,316093
4434,0.000258,74.125.68.0-255,1484,15710,18,316093
4435,0.000262,172.31.36.0-255,66,15776,18,316093
4436,0.000283,74.125.68.0-255,2902,18678,18,316093
4437,0.000286,172.31.36.0-255,66,18744,18,316093
4438,0.000289,74.125.68.0-255,1484,20228,18,316093
4439,0.000292,172.31.36.0-255,66,20294,18,316093
4440,0.000323,74.125.68.0-255,4320,24614,18,316093
4441,0.000332,172.31.36.0-255,66,24680,18,316093
4442,0.000335,74.125.68.0-255,1484,26164,18,316093
4443,0.000338,172.31.36.0-255,66,26230,18,316093
4444,0.000342,74.125.68.0-255,2902,29132,18,316093
4445,0.000344,172.31.36.0-255,66,29198,18,316093
4446,0.000349,74.125.68.0-255,2543,31741,18,316093
4447,0.000352,172.31.36.0-255,66,31807,18,316093
4448,0.000389,74.125.68.0-255,1484,33291,18,316093
4449,0.000393,172.31.36.0-255,66,33357,18,316093
4450,0.000412,74.125.68.0-255,2902,36259,18,316093
4451,0.000415,172.31.36.0-255,66,36325,18,316093
4452,0.000444,74.125.68.0-255,5738,42063,18,316093
4453,0.000448,172.31.36.0-255,66,42129,18,316093
4454,0.000452,74.125.68.0-255,1484,43613,18,316093
4455,0.000457,74.125.68.0-255,2902,46515,18,316093
4456,0.000468,172.31.36.0-255,66,46581,18,316093
4457,0.000492,74.125.68.0-255,1484,48065,18,316093
4458,0.000505,74.125.68.0-255,1484,49549,18,316093
4459,0.000508,172.31.36.0-255,66,49615,18,316093
4460,0.000545,74.125.68.0-255,2902,52517,18,316093
4461,0.000549,74.125.68.0-255,1484,54001,18,316093
4462,0.000557,172.31.36.0-255,66,54067,18,316093
4463,0.000568,74.125.68.0-255,2902,56969,18,316093
4464,0.000576,172.31.36.0-255,66,57035,18,316093
4465,0.000579,74.125.68.0-255,4320,61355,18,316093
4466,0.00059,172.31.36.0-255,66,61421,18,316093
4467,0.000606,74.125.68.0-255,4320,65741,18,316093
4468,0.00061,74.125.68.0-255,766,66507,18,316093
4469,0.000613,172.31.36.0-255,66,66573,18,316093
4470,0.000669,74.125.68.0-255,367,66940,18,316093
4471,0.000708,74.125.68.0-255,130,67070,18,316093
4472,0.000801,74.125.68.0-255,1484,68554,18,316093
4473,0.000807,172.31.36.0-255,66,68620,18,316093
4474,0.000828,74.125.68.0-255,2902,71522,18,316093
4475,0.000832,172.31.36.0-255,66,71588,18,316093
4476,0.000834,74.125.68.0-255,4320,75908,18,316093
4477,0.00085,74.125.68.0-255,1484,77392,18,316093
4478,0.00085,172.31.36.0-255,66,77458,18,316093
4479,0.000855,74.125.68.0-255,4320,81778,18,316093
4480,0.000867,172.31.36.0-255,66,81844,18,316093
4481,0.000903,74.125.68.0-255,5738,87582,18,316093
4482,0.000909,172.31.36.0-255,66,87648,18,316093
4483,0.00094,74.125.68.0-255,7156,94804,18,316093
4484,0.000943,172.31.36.0-255,66,94870,18,316093
4485,0.000947,74.125.68.0-255,1484,96354,18,316093
4486,0.000976,74.125.68.0-255,5020,101374,18,316093
4487,0.000988,172.31.36.0-255,66,101440,18,316093
4488,0.001022,74.125.68.0-255,1484,102924,18,316093
4489,0.001027,74.125.68.0-255,2902,105826,18,316093
4490,0.001034,172.31.36.0-255,66,105892,18,316093
4491,0.001043,74.125.68.0-255,2902,108794,18,316093
4492,0.001054,172.31.36.0-255,66,108860,18,316093
4493,0.001093,74.125.68.0-255,2902,111762,18,316093
4494,0.001099,172.31.36.0-255,66,111828,18,316093
4495,0.001106,74.125.68.0-255,1484,113312,18,316093
4496,0.001145,74.125.68.0-255,5738,119050,18,316093
4497,0.001149,172.31.36.0-255,66,119116,18,316093
4498,0.001197,74.125.68.0-255,2902,122018,18,316093
4499,0.001203,172.31.36.0-255,66,122084,18,316093
4500,0.001215,74.125.68.0-255,1484,123568,18,316093
4501,0.00125,74.125.68.0-255,4320,127888,18,316093
4502,0.001259,172.31.36.0-255,66,127954,18,316093
4503,0.001264,74.125.68.0-255,1484,129438,18,316093
4504,0.001314,74.125.68.0-255,2902,132340,18,316093
4505,0.001325,172.31.36.0-255,66,132406,18,316093
4506,0.001343,74.125.68.0-255,3602,136008,18,316093
4507,0.001346,172.31.36.0-255,66,136074,18,316093
4508,0.001379,74.125.68.0-255,1484,137558,18,316093
4509,0.001385,74.125.68.0-255,2902,140460,18,316093
4510,0.001395,172.31.36.0-255,66,140526,18,316093
4511,0.001399,74.125.68.0-255,2902,143428,18,316093
4512,0.001412,172.31.36.0-255,66,143494,18,316093
4513,0.001424,74.125.68.0-255,4320,147814,18,316093
4514,0.001437,172.31.36.0-255,66,147880,18,316093
4515,0.001473,172.31.36.0-255,66,147946,18,316093
4516,0.001493,172.31.36.0-255,66,148012,18,316093
4517,0.001518,74.125.68.0-255,1484,149496,18,316093
4518,0.001525,74.125.68.0-255,3602,153098,18,316093
4519,0.001529,172.31.36.0-255,66,153164,18,316093
4520,0.001633,74.125.68.0-255,1484,154648,18,316093
4521,0.001652,74.125.68.0-255,2902,157550,18,316093
4522,0.001656,172.31.36.0-255,66,157616,18,316093
4523,0.001661,74.125.68.0-255,2902,160518,18,316093
4524,0.001673,172.31.36.0-255,66,160584,18,316093
4525,0.001681,74.125.68.0-255,1484,162068,18,316093
4526,0.001685,74.125.68.0-255,1484,163552,18,316093
4527,0.001689,172.31.36.0-255,66,163618,18,316093
4528,0.001707,74.125.68.0-255,7156,170774,18,316093
4529,0.001717,172.31.36.0-255,66,170840,18,316093
4530,0.00172,74.125.68.0-255,5738,176578,18,316093
4531,0.00173,172.31.36.0-255,66,176644,18,316093
4532,0.001757,74.125.68.0-255,1484,178128,18,316093
4533,0.001785,74.125.68.0-255,5738,183866,18,316093
4534,0.001788,172.31.36.0-255,66,183932,18,316093
4535,0.001794,74.125.68.0-255,3602,187534,18,316093
4536,0.001805,172.31.36.0-255,66,187600,18,316093
4537,0.001909,74.125.68.0-255,1484,189084,18,316093
4538,0.00193,74.125.68.0-255,2902,191986,18,316093
4539,0.001934,172.31.36.0-255,66,192052,18,316093
4540,0.001939,74.125.68.0-255,2902,194954,18,316093
4541,0.001948,172.31.36.0-255,66,195020,18,316093
4542,0.001976,74.125.68.0-255,2902,197922,18,316093
4543,0.001982,74.125.68.0-255,5738,203660,18,316093
4544,0.001982,172.31.36.0-255,66,203726,18,316093
4545,0.001988,74.125.68.0-255,7156,210882,18,316093
4546,0.001988,172.31.36.0-255,66,210948,18,316093
4547,0.002002,172.31.36.0-255,66,211014,18,316093
4548,0.002017,74.125.68.0-255,7156,218170,18,316093
4549,0.002026,172.31.36.0-255,66,218236,18,316093
4550,0.00205,74.125.68.0-255,3602,221838,18,316093
4551,0.00206,172.31.36.0-255,66,221904,18,316093
4552,0.002065,172.31.36.0-255,66,221970,18,316093
4553,0.002107,74.125.68.0-255,2902,224872,18,316093
4554,0.002111,74.125.68.0-255,1484,226356,18,316093
4555,0.002128,74.125.68.0-255,4320,230676,18,316093
4556,0.002169,74.125.68.0-255,4320,234996,18,316093
4557,0.0022,74.125.68.0-255,5738,240734,18,316093
4558,0.002222,74.125.68.0-255,7156,247890,18,316093
4559,0.00223,74.125.68.0-255,7156,255046,18,316093
4560,0.00227,74.125.68.0-255,3602,258648,18,316093
4561,0.002287,74.125.68.0-255,1484,260132,18,316093
4562,0.002306,74.125.68.0-255,2902,263034,18,316093
4563,0.002311,74.125.68.0-255,2902,265936,18,316093
4564,0.002336,74.125.68.0-255,7156,273092,18,316093
4565,0.002342,74.125.68.0-255,5738,278830,18,316093
4566,0.002361,74.125.68.0-255,5738,284568,18,316093
4567,0.002366,74.125.68.0-255,2902,287470,18,316093
4568,0.002382,74.125.68.0-255,4320,291790,18,316093
4569,0.002409,74.125.68.0-255,2902,294692,18,316093
4570,0.002425,74.125.68.0-255,5020,299712,18,316093
4571,0.00243,74.125.68.0-255,2902,302614,18,316093
4572,0.002448,74.125.68.0-255,1484,304098,18,316093
4573,0.002462,74.125.68.0-255,2902,307000,18,316093
4574,0.00252,74.125.68.0-255,1484,308484,18,316093
4575,0.002615,74.125.68.0-255,5738,314222,18,316093
4576,0.002666,74.125.68.0-255,1463,315685,18,316093
4577,0.006935,172.31.36.0-255,66,315751,18,316093
4578,0.009579,74.125.68.0-255,105,315856,18,316093
4579,0.009977,172.31.36.0-255,66,315922,18,316093
4580,0.010011,172.31.36.0-255,105,316027,18,316093
4581,0.012679,74.125.68.0-255,66,316093,18,316093
4582,0.0,172.31.36.0-255,74,74,18,3008
4583,0.002399,172.217.194.0-255,74,148,18,3008
4584,0.002418,172.31.36.0-255,66,214,18,3008
4585,0.004508,172.31.36.0-255,697,911,18,3008
4586,0.00689,172.217.194.0-255,66,977,18,3008
4587,0.007232,172.217.194.0-255,278,1255,18,3008
4588,0.007245,172.31.36.0-255,66,1321,18,3008
4589,0.008627,172.31.36.0-255,130,1451,18,3008
4590,0.010186,172.31.36.0-255,236,1687,18,3008
4591,0.010215,172.31.36.0-255,365,2052,18,3008
4592,0.011491,172.217.194.0-255,630,2682,18,3008
4593,0.011668,172.31.36.0-255,97,2779,18,3008
4594,0.012623,172.217.194.0-255,66,2845,18,3008
4595,0.013257,172.217.194.0-255,97,2942,18,3008
4596,0.018391,172.217.194.0-255,66,3008,18,3008
4597,0.0,172.217.194.0-255,153,153,18,209184
4598,2.1e-05,172.31.36.0-255,66,219,18,209184
4599,2.7e-05,172.217.194.0-255,1484,1703,18,209184
4600,3.1e-05,172.31.36.0-255,66,1769,18,209184
4601,4.5e-05,172.217.194.0-255,2902,4671,18,209184
4602,4.9e-05,172.31.36.0-255,66,4737,18,209184
4603,5.4e-05,172.217.194.0-255,4320,9057,18,209184
4604,5.6e-05,172.31.36.0-255,66,9123,18,209184
4605,9.6e-05,172.217.194.0-255,4320,13443,18,209184
4606,9.9e-05,172.31.36.0-255,66,13509,18,209184
4607,0.000124,172.217.194.0-255,666,14175,18,209184
4608,0.000129,172.31.36.0-255,66,14241,18,209184
4609,0.000135,172.217.194.0-255,5738,19979,18,209184
4610,0.000137,172.31.36.0-255,66,20045,18,209184
4611,0.00015,172.31.36.0-255,66,20111,18,209184
4612,0.000156,172.217.194.0-255,4320,24431,18,209184
4613,0.000158,172.31.36.0-255,66,24497,18,209184
4614,0.0002,172.31.36.0-255,66,24563,18,209184
4615,0.000204,172.217.194.0-255,2184,26747,18,209184
4616,0.000208,172.31.36.0-255,66,26813,18,209184
4617,0.000212,172.217.194.0-255,2902,29715,18,209184
4618,0.000215,172.31.36.0-255,66,29781,18,209184
4619,0.000218,172.217.194.0-255,1484,31265,18,209184
4620,0.000221,172.31.36.0-255,66,31331,18,209184
4621,0.000253,172.217.194.0-255,5738,37069,18,209184
4622,0.000257,172.31.36.0-255,66,37135,18,209184
4623,0.000264,172.217.194.0-255,7048,44183,18,209184
4624,0.000267,172.31.36.0-255,66,44249,18,209184
4625,0.000296,172.217.194.0-255,115,44364,18,209184
4626,0.000301,172.31.36.0-255,66,44430,18,209184
4627,0.00037,172.217.194.0-255,1484,45914,18,209184
4628,0.000375,172.217.194.0-255,1484,47398,18,209184
4629,0.000386,172.31.36.0-255,66,47464,18,209184
4630,0.000386,172.217.194.0-255,1484,48948,18,209184
4631,0.000392,172.217.194.0-255,5738,54686,18,209184
4632,0.000408,172.31.36.0-255,66,54752,18,209184
4633,0.000416,172.217.194.0-255,5738,60490,18,209184
4634,0.000424,172.31.36.0-255,66,60556,18,209184
4635,0.00043,172.217.194.0-255,2902,63458,18,209184
4636,0.000451,172.31.36.0-255,66,63524,18,209184
4637,0.000484,172.217.194.0-255,3961,67485,18,209184
4638,0.000486,172.31.36.0-255,66,67551,18,209184
4639,0.000491,172.31.36.0-255,66,67617,18,209184
4640,0.000926,172.217.194.0-255,1484,69101,18,209184
4641,0.000942,172.217.194.0-255,2902,72003,18,209184
4642,0.000946,172.31.36.0-255,66,72069,18,209184
4643,0.000953,172.217.194.0-255,5738,77807,18,209184
4644,0.00096,172.31.36.0-255,66,77873,18,209184
4645,0.000988,172.217.194.0-255,5738,83611,18,209184
4646,0.000996,172.31.36.0-255,66,83677,18,209184
4647,0.001011,172.31.36.0-255,66,83743,18,209184
4648,0.001027,172.217.194.0-255,6438,90181,18,209184
4649,0.001035,172.217.194.0-255,7156,97337,18,209184
4650,0.001036,172.31.36.0-255,66,97403,18,209184
4651,0.001041,172.31.36.0-255,66,97469,18,209184
4652,0.001083,172.31.36.0-255,66,97535,18,209184
4653,0.001099,172.31.36.0-255,66,97601,18,209184
4654,0.001507,172.217.194.0-255,1484,99085,18,209184
4655,0.001521,172.217.194.0-255,1484,100569,18,209184
4656,0.001525,172.31.36.0-255,66,100635,18,209184
4657,0.001533,172.217.194.0-255,1484,102119,18,209184
4658,0.001543,172.217.194.0-255,2902,105021,18,209184
4659,0.001546,172.217.194.0-255,1484,106505,18,209184
4660,0.001553,172.31.36.0-255,66,106571,18,209184
4661,0.001561,172.217.194.0-255,5738,112309,18,209184
4662,0.001567,172.31.36.0-255,66,112375,18,209184
4663,0.001657,172.31.36.0-255,66,112441,18,209184
4664,0.001658,172.217.194.0-255,1484,113925,18,209184
4665,0.001664,172.217.194.0-255,3602,117527,18,209184
4666,0.001676,172.31.36.0-255,66,117593,18,209184
4667,0.001751,172.217.194.0-255,1484,119077,18,209184
4668,0.001768,172.217.194.0-255,2902,121979,18,209184
4669,0.001771,172.31.36.0-255,66,122045,18,209184
4670,0.001784,172.217.194.0-255,1484,123529,18,209184
4671,0.0018,172.217.194.0-255,4320,127849,18,209184
4672,0.001804,172.217.194.0-255,1484,129333,18,209184
4673,0.001809,172.31.36.0-255,66,129399,18,209184
4674,0.001841,172.31.36.0-255,66,129465,18,209184
4675,0.001875,172.31.36.0-255,66,129531,18,209184
4676,0.001886,172.217.194.0-255,1484,131015,18,209184
4677,0.001908,172.217.194.0-255,1484,132499,18,209184
4678,0.001914,172.217.194.0-255,4320,136819,18,209184
4679,0.001915,172.31.36.0-255,66,136885,18,209184
4680,0.001925,172.31.36.0-255,66,136951,18,209184
4681,0.001927,172.217.194.0-255,1484,138435,18,209184
4682,0.001967,172.217.194.0-255,7156,145591,18,209184
4683,0.001978,172.217.194.0-255,4320,149911,18,209184
4684,0.001978,172.31.36.0-255,66,149977,18,209184
4685,0.001982,172.31.36.0-255,66,150043,18,209184
4686,0.00201,172.217.194.0-255,5738,155781,18,209184
4687,0.002015,172.31.36.0-255,66,155847,18,209184
4688,0.002025,172.217.194.0-255,4320,160167,18,209184
4689,0.00203,172.31.36.0-255,66,160233,18,209184
4690,0.002052,172.217.194.0-255,3602,163835,18,209184
4691,0.002061,172.31.36.0-255,66,163901,18,209184
4692,0.002076,172.31.36.0-255,66,163967,18,209184
4693,0.002088,172.217.194.0-255,2902,166869,18,209184
4694,0.002093,172.31.36.0-255,66,166935,18,209184
4695,0.002093,172.217.194.0-255,4320,171255,18,209184
4696,0.002097,172.31.36.0-255,66,171321,18,209184
4697,0.002138,172.31.36.0-255,66,171387,18,209184
4698,0.002139,172.217.194.0-255,3602,174989,18,209184
4699,0.002142,172.31.36.0-255,66,175055,18,209184
4700,0.002191,172.31.36.0-255,66,175121,18,209184
4701,0.002206,172.31.36.0-255,66,175187,18,209184
4702,0.002219,172.217.194.0-255,1484,176671,18,209184
4703,0.002225,172.217.194.0-255,4320,180991,18,209184
4704,0.002233,172.31.36.0-255,66,181057,18,209184
4705,0.00226,172.217.194.0-255,5738,186795,18,209184
4706,0.002267,172.31.36.0-255,66,186861,18,209184
4707,0.002292,172.217.194.0-255,1484,188345,18,209184
4708,0.002298,172.31.36.0-255,66,188411,18,209184
4709,0.002336,172.31.36.0-255,66,188477,18,209184
4710,0.002342,172.217.194.0-255,2902,191379,18,209184
4711,0.002346,172.217.194.0-255,766,192145,18,209184
4712,0.002351,172.31.36.0-255,66,192211,18,209184
4713,0.002413,172.217.194.0-255,7156,199367,18,209184
4714,0.00242,172.31.36.0-255,66,199433,18,209184
4715,0.002447,172.31.36.0-255,66,199499,18,209184
4716,0.002456,172.217.194.0-255,1484,200983,18,209184
4717,0.002461,172.217.194.0-255,3602,204585,18,209184
4718,0.002461,172.31.36.0-255,66,204651,18,209184
4719,0.002465,172.31.36.0-255,66,204717,18,209184
4720,0.002804,172.217.194.0-255,1484,206201,18,209184
4721,0.002821,172.217.194.0-255,2478,208679,18,209184
4722,0.002826,172.31.36.0-255,66,208745,18,209184
4723,0.00283,172.217.194.0-255,97,208842,18,209184
4724,0.002897,172.217.194.0-255,105,208947,18,209184
4725,0.00366,172.31.36.0-255,66,209013,18,209184
4726,0.003686,172.31.36.0-255,105,209118,18,209184
4727,0.005796,172.217.194.0-255,66,209184,18,209184
4728,0.0,172.217.194.0-255,143,143,18,157364
4729,2.8e-05,172.217.194.0-255,1484,1627,18,157364
4730,3.7e-05,172.31.36.0-255,66,1693,18,157364
4731,4.4e-05,172.217.194.0-255,2902,4595,18,157364
4732,4.7e-05,172.31.36.0-255,66,4661,18,157364
4733,5.4e-05,172.217.194.0-255,5738,10399,18,157364
4734,6.7e-05,172.31.36.0-255,66,10465,18,157364
4735,9.1e-05,172.217.194.0-255,1484,11949,18,157364
4736,0.000114,172.31.36.0-255,66,12015,18,157364
4737,0.000119,172.217.194.0-255,2543,14558,18,157364
4738,0.000121,172.31.36.0-255,66,14624,18,157364
4739,0.000208,172.217.194.0-255,1484,16108,18,157364
4740,0.000227,172.217.194.0-255,2902,19010,18,157364
4741,0.000231,172.31.36.0-255,66,19076,18,157364
4742,0.000235,172.217.194.0-255,1484,20560,18,157364
4743,0.000258,172.217.194.0-255,4320,24880,18,157364
4744,0.000261,172.31.36.0-255,66,24946,18,157364
4745,0.000268,172.217.194.0-255,6797,31743,18,157364
4746,0.000272,172.31.36.0-255,66,31809,18,157364
4747,0.000283,172.217.194.0-255,4320,36129,18,157364
4748,0.000286,172.31.36.0-255,66,36195,18,157364
4749,0.000329,172.31.36.0-255,66,36261,18,157364
4750,0.000333,172.217.194.0-255,2543,38804,18,157364
4751,0.000336,172.31.36.0-255,66,38870,18,157364
4752,0.000338,172.217.194.0-255,677,39547,18,157364
4753,0.0009,172.217.194.0-255,1484,41031,18,157364
4754,0.000905,172.31.36.0-255,66,41097,18,157364
4755,0.000915,172.217.194.0-255,2902,43999,18,157364
4756,0.000924,172.31.36.0-255,66,44065,18,157364
4757,0.000928,172.217.194.0-255,1484,45549,18,157364
4758,0.000959,172.217.194.0-255,4320,49869,18,157364
4759,0.000964,172.31.36.0-255,66,49935,18,157364
4760,0.000972,172.217.194.0-255,7156,57091,18,157364
4761,0.000974,172.31.36.0-255,66,57157,18,157364
4762,0.000996,172.31.36.0-255,66,57223,18,157364
4763,0.001,172.217.194.0-255,2184,59407,18,157364
4764,0.001003,172.31.36.0-255,66,59473,18,157364
4765,0.001058,172.31.36.0-255,66,59539,18,157364
4766,0.001078,172.31.36.0-255,66,59605,18,157364
4767,0.00116,172.31.36.0-255,66,59671,18,157364
4768,0.001163,172.217.194.0-255,766,60437,18,157364
4769,0.001187,172.217.194.0-255,1484,61921,18,157364
4770,0.001191,172.31.36.0-255,66,61987,18,157364
4771,0.001196,172.217.194.0-255,2902,64889,18,157364
4772,0.001199,172.31.36.0-255,66,64955,18,157364
4773,0.001236,172.217.194.0-255,5738,70693,18,157364
4774,0.001241,172.31.36.0-255,66,70759,18,157364
4775,0.001244,172.217.194.0-255,1484,72243,18,157364
4776,0.001281,172.31.36.0-255,66,72309,18,157364
4777,0.001314,172.31.36.0-255,66,72375,18,157364
4778,0.001441,172.217.194.0-255,1484,73859,18,157364
4779,0.001448,172.217.194.0-255,2902,76761,18,157364
4780,0.001452,172.31.36.0-255,66,76827,18,157364
4781,0.001485,172.217.194.0-255,5738,82565,18,157364
4782,0.001489,172.31.36.0-255,66,82631,18,157364
4783,0.001496,172.217.194.0-255,7156,89787,18,157364
4784,0.001499,172.31.36.0-255,66,89853,18,157364
4785,0.001535,172.217.194.0-255,5738,95591,18,157364
4786,0.001539,172.31.36.0-255,66,95657,18,157364
4787,0.001549,172.31.36.0-255,66,95723,18,157364
4788,0.001565,172.31.36.0-255,66,95789,18,157364
4789,0.001615,172.31.36.0-255,66,95855,18,157364
4790,0.001641,172.31.36.0-255,66,95921,18,157364
4791,0.001644,172.217.194.0-255,1484,97405,18,157364
4792,0.001677,172.31.36.0-255,66,97471,18,157364
4793,0.0017,172.217.194.0-255,1484,98955,18,157364
4794,0.001717,172.217.194.0-255,2902,101857,18,157364
4795,0.00172,172.31.36.0-255,66,101923,18,157364
4796,0.001749,172.217.194.0-255,5738,107661,18,157364
4797,0.001751,172.31.36.0-255,66,107727,18,157364
4798,0.001754,172.217.194.0-255,1484,109211,18,157364
4799,0.001788,172.31.36.0-255,66,109277,18,157364
4800,0.001792,172.217.194.0-255,1484,110761,18,157364
4801,0.00182,172.31.36.0-255,66,110827,18,157364
4802,0.001823,172.217.194.0-255,766,111593,18,157364
4803,0.001854,172.217.194.0-255,1484,113077,18,157364
4804,0.001856,172.31.36.0-255,66,113143,18,157364
4805,0.00186,172.217.194.0-255,2902,116045,18,157364
4806,0.001863,172.31.36.0-255,66,116111,18,157364
4807,0.001879,172.217.194.0-255,1484,117595,18,157364
4808,0.001901,172.217.194.0-255,4320,121915,18,157364
4809,0.001903,172.31.36.0-255,66,121981,18,157364
4810,0.001916,172.31.36.0-255,66,122047,18,157364
4811,0.001926,172.217.194.0-255,5738,127785,18,157364
4812,0.001929,172.31.36.0-255,66,127851,18,157364
4813,0.001979,172.217.194.0-255,5020,132871,18,157364
4814,0.001981,172.31.36.0-255,66,132937,18,157364
4815,0.001991,172.217.194.0-255,5738,138675,18,157364
4816,0.001993,172.31.36.0-255,66,138741,18,157364
4817,0.001997,172.217.194.0-255,2902,141643,18,157364
4818,0.001999,172.31.36.0-255,66,141709,18,157364
4819,0.002031,172.31.36.0-255,66,141775,18,157364
4820,0.002035,172.217.194.0-255,2902,144677,18,157364
4821,0.002037,172.31.36.0-255,66,144743,18,157364
4822,0.002059,172.217.194.0-255,7156,151899,18,157364
4823,0.002061,172.31.36.0-255,66,151965,18,157364
4824,0.002079,172.31.36.0-255,66,152031,18,157364
4825,0.002118,172.31.36.0-255,66,152097,18,157364
4826,0.002131,172.31.36.0-255,66,152163,18,157364
4827,0.002136,172.217.194.0-255,4859,157022,18,157364
4828,0.002138,172.31.36.0-255,66,157088,18,157364
4829,0.00216,172.217.194.0-255,105,157193,18,157364
4830,0.006128,172.31.36.0-255,105,157298,18,157364
4831,0.008508,172.217.194.0-255,66,157364,18,157364
4832,0.0,172.217.194.0-255,146,146,18,236569
4833,2.3e-05,172.31.36.0-255,66,212,18,236569
4834,3.1e-05,172.217.194.0-255,1484,1696,18,236569
4835,3.6e-05,172.31.36.0-255,66,1762,18,236569
4836,5e-05,172.217.194.0-255,2902,4664,18,236569
4837,5.4e-05,172.31.36.0-255,66,4730,18,236569
4838,6e-05,172.217.194.0-255,4320,9050,18,236569
4839,6.3e-05,172.31.36.0-255,66,9116,18,236569
4840,8.9e-05,172.217.194.0-255,4881,13997,18,236569
4841,9.2e-05,172.31.36.0-255,66,14063,18,236569
4842,0.000124,172.217.194.0-255,1484,15547,18,236569
4843,0.000127,172.31.36.0-255,66,15613,18,236569
4844,0.000163,172.31.36.0-255,66,15679,18,236569
4845,0.000192,172.217.194.0-255,5379,21058,18,236569
4846,0.000194,172.31.36.0-255,66,21124,18,236569
4847,0.000422,172.217.194.0-255,1484,22608,18,236569
4848,0.000429,172.31.36.0-255,66,22674,18,236569
4849,0.000435,172.217.194.0-255,2902,25576,18,236569
4850,0.000438,172.31.36.0-255,66,25642,18,236569
4851,0.00044,172.217.194.0-255,1484,27126,18,236569
4852,0.000448,172.31.36.0-255,66,27192,18,236569
4853,0.000479,172.217.194.0-255,5738,32930,18,236569
4854,0.000482,172.31.36.0-255,66,32996,18,236569
4855,0.000511,172.217.194.0-255,7156,40152,18,236569
4856,0.000514,172.31.36.0-255,66,40218,18,236569
4857,0.00054,172.217.194.0-255,4320,44538,18,236569
4858,0.000542,172.31.36.0-255,66,44604,18,236569
4859,0.000569,172.217.194.0-255,2902,47506,18,236569
4860,0.000572,172.31.36.0-255,66,47572,18,236569
4861,0.000605,172.31.36.0-255,66,47638,18,236569
4862,0.000608,172.217.194.0-255,361,47999,18,236569
4863,0.000613,172.217.194.0-255,1484,49483,18,236569
4864,0.000615,172.31.36.0-255,66,49549,18,236569
4865,0.000638,172.217.194.0-255,1484,51033,18,236569
4866,0.000658,172.217.194.0-255,2902,53935,18,236569
4867,0.000661,172.31.36.0-255,66,54001,18,236569
4868,0.000666,172.217.194.0-255,2902,56903,18,236569
4869,0.000668,172.31.36.0-255,66,56969,18,236569
4870,0.000697,172.217.194.0-255,2902,59871,18,236569
4871,0.0007,172.31.36.0-255,66,59937,18,236569
4872,0.000707,172.217.194.0-255,5738,65675,18,236569
4873,0.000709,172.31.36.0-255,66,65741,18,236569
4874,0.000734,172.217.194.0-255,5738,71479,18,236569
4875,0.000737,172.31.36.0-255,66,71545,18,236569
4876,0.000765,172.217.194.0-255,7156,78701,18,236569
4877,0.000768,172.31.36.0-255,66,78767,18,236569
4878,0.000785,172.217.194.0-255,3602,82369,18,236569
4879,0.000787,172.31.36.0-255,66,82435,18,236569
4880,0.000864,172.217.194.0-255,1484,83919,18,236569
4881,0.00089,172.217.194.0-255,2902,86821,18,236569
4882,0.000893,172.31.36.0-255,66,86887,18,236569
4883,0.0009,172.217.194.0-255,5738,92625,18,236569
4884,0.000902,172.31.36.0-255,66,92691,18,236569
4885,0.000914,172.217.194.0-255,4320,97011,18,236569
4886,0.000916,172.31.36.0-255,66,97077,18,236569
4887,0.000946,172.217.194.0-255,7156,104233,18,236569
4888,0.000949,172.31.36.0-255,66,104299,18,236569
4889,0.000981,172.217.194.0-255,4320,108619,18,236569
4890,0.000983,172.31.36.0-255,66,108685,18,236569
4891,0.000999,172.31.36.0-255,66,108751,18,236569
4892,0.001212,172.217.194.0-255,1484,110235,18,236569
4893,0.001218,172.217.194.0-255,2902,113137,18,236569
4894,0.001223,172.31.36.0-255,66,113203,18,236569
4895,0.001232,172.217.194.0-255,1484,114687,18,236569
4896,0.001252,172.217.194.0-255,4320,119007,18,236569
4897,0.001254,172.31.36.0-255,66,119073,18,236569
4898,0.001259,172.217.194.0-255,2902,121975,18,236569
4899,0.001261,172.31.36.0-255,66,122041,18,236569
4900,0.001296,172.217.194.0-255,4320,126361,18,236569
4901,0.001299,172.31.36.0-255,66,126427,18,236569
4902,0.00131,172.31.36.0-255,66,126493,18,236569
4903,0.001347,172.217.194.0-255,5738,132231,18,236569
4904,0.001349,172.31.36.0-255,66,132297,18,236569
4905,0.001361,172.31.36.0-255,66,132363,18,236569
4906,0.001394,172.217.194.0-255,5020,137383,18,236569
4907,0.001397,172.31.36.0-255,66,137449,18,236569
4908,0.001416,172.31.36.0-255,66,137515,18,236569
4909,0.001421,172.217.194.0-255,4320,141835,18,236569
4910,0.001423,172.31.36.0-255,66,141901,18,236569
4911,0.00145,172.217.194.0-255,2184,144085,18,236569
4912,0.001456,172.31.36.0-255,66,144151,18,236569
4913,0.001506,172.217.194.0-255,1484,145635,18,236569
4914,0.001551,172.217.194.0-255,2902,148537,18,236569
4915,0.001557,172.31.36.0-255,66,148603,18,236569
4916,0.00159,172.217.194.0-255,2902,151505,18,236569
4917,0.001592,172.31.36.0-255,66,151571,18,236569
4918,0.001598,172.217.194.0-255,4320,155891,18,236569
4919,0.001601,172.31.36.0-255,66,155957,18,236569
4920,0.001627,172.217.194.0-255,4320,160277,18,236569
4921,0.001631,172.31.36.0-255,66,160343,18,236569
4922,0.00166,172.217.194.0-255,4320,164663,18,236569
4923,0.001663,172.31.36.0-255,66,164729,18,236569
4924,0.001675,172.31.36.0-255,66,164795,18,236569
4925,0.001685,172.217.194.0-255,3602,168397,18,236569
4926,0.001689,172.31.36.0-255,66,168463,18,236569
4927,0.001927,172.217.194.0-255,1484,169947,18,236569
4928,0.001934,172.217.194.0-255,2902,172849,18,236569
4929,0.001938,172.31.36.0-255,66,172915,18,236569
4930,0.002002,172.217.194.0-255,5738,178653,18,236569
4931,0.002014,172.217.194.0-255,7156,185809,18,236569
4932,0.002016,172.217.194.0-255,1484,187293,18,236569
4933,0.00202,172.31.36.0-255,66,187359,18,236569
4934,0.002024,172.31.36.0-255,66,187425,18,236569
4935,0.00205,172.31.36.0-255,66,187491,18,236569
4936,0.002054,172.217.194.0-255,2184,189675,18,236569
4937,0.002056,172.31.36.0-255,66,189741,18,236569
4938,0.004048,172.217.194.0-255,2902,192643,18,236569
4939,0.004055,172.31.36.0-255,66,192709,18,236569
4940,0.004089,172.217.194.0-255,2902,195611,18,236569
4941,0.004091,172.31.36.0-255,66,195677,18,236569
4942,0.00604,172.217.194.0-255,2902,198579,18,236569
4943,0.006046,172.31.36.0-255,66,198645,18,236569
4944,0.006075,172.217.194.0-255,2902,201547,18,236569
4945,0.006078,172.31.36.0-255,66,201613,18,236569
4946,0.008039,172.217.194.0-255,2902,204515,18,236569
4947,0.008046,172.31.36.0-255,66,204581,18,236569
4948,0.008066,172.217.194.0-255,2902,207483,18,236569
4949,0.008068,172.31.36.0-255,66,207549,18,236569
4950,0.010059,172.217.194.0-255,5738,213287,18,236569
4951,0.010066,172.31.36.0-255,66,213353,18,236569
4952,0.012041,172.217.194.0-255,5738,219091,18,236569
4953,0.012049,172.31.36.0-255,66,219157,18,236569
4954,0.014052,172.217.194.0-255,5738,224895,18,236569
4955,0.014059,172.31.36.0-255,66,224961,18,236569
4956,0.016054,172.217.194.0-255,5738,230699,18,236569
4957,0.016061,172.31.36.0-255,66,230765,18,236569
4958,0.018038,172.217.194.0-255,5738,236503,18,236569
4959,0.018047,172.31.36.0-255,66,236569,18,236569
4960,0.0,172.31.36.0-255,66,66,18,66
4961,0.0,172.31.36.0-255,66,66,18,66
4962,0.0,74.125.68.0-255,150,150,18,397398
4963,1.9e-05,74.125.68.0-255,1484,1634,18,397398
4964,3.1e-05,172.31.36.0-255,66,1700,18,397398
4965,3.7e-05,74.125.68.0-255,1484,3184,18,397398
4966,6.1e-05,74.125.68.0-255,2902,6086,18,397398
4967,6.4e-05,172.31.36.0-255,66,6152,18,397398
4968,7.9e-05,74.125.68.0-255,1484,7636,18,397398
4969,9.4e-05,74.125.68.0-255,4320,11956,18,397398
4970,9.7e-05,172.31.36.0-255,66,12022,18,397398
4971,0.000142,74.125.68.0-255,2000,14022,18,397398
4972,0.000145,172.31.36.0-255,66,14088,18,397398
4973,0.000161,74.125.68.0-255,2902,16990,18,397398
4974,0.000164,172.31.36.0-255,66,17056,18,397398
4975,0.000192,74.125.68.0-255,7156,24212,18,397398
4976,0.000194,172.31.36.0-255,66,24278,18,397398
4977,0.000244,74.125.68.0-255,4320,28598,18,397398
4978,0.000247,172.31.36.0-255,66,28664,18,397398
4979,0.000267,74.125.68.0-255,2543,31207,18,397398
4980,0.00027,172.31.36.0-255,66,31273,18,397398
4981,0.00067,74.125.68.0-255,1484,32757,18,397398
4982,0.000694,74.125.68.0-255,2902,35659,18,397398
4983,0.000699,172.31.36.0-255,66,35725,18,397398
4984,0.000739,74.125.68.0-255,1484,37209,18,397398
4985,0.000758,74.125.68.0-255,2902,40111,18,397398
4986,0.000761,172.31.36.0-255,66,40177,18,397398
4987,0.000766,74.125.68.0-255,2902,43079,18,397398
4988,0.00077,172.31.36.0-255,66,43145,18,397398
4989,0.000776,74.125.68.0-255,4320,47465,18,397398
4990,0.000779,172.31.36.0-255,66,47531,18,397398
4991,0.000804,74.125.68.0-255,1125,48656,18,397398
4992,0.00084,74.125.68.0-255,1484,50140,18,397398
4993,0.000844,172.31.36.0-255,66,50206,18,397398
4994,0.000863,74.125.68.0-255,1484,51690,18,397398
4995,0.000877,74.125.68.0-255,1484,53174,18,397398
4996,0.00088,172.31.36.0-255,66,53240,18,397398
4997,0.000886,74.125.68.0-255,4320,57560,18,397398
4998,0.000888,172.31.36.0-255,66,57626,18,397398
4999,0.000907,74.125.68.0-255,7156,64782,18,397398
5000,0.00091,172.31.36.0-255,66,64848,18,397398
5001,0.000951,74.125.68.0-255,1436,66284,18,397398
5002,0.000981,74.125.68.0-255,343,66627,18,397398
5003,0.000984,172.31.36.0-255,66,66693,18,397398
5004,0.001138,74.125.68.0-255,1484,68177,18,397398
5005,0.001142,74.125.68.0-255,1484,69661,18,397398
5006,0.001146,172.31.36.0-255,66,69727,18,397398
5007,0.001161,74.125.68.0-255,1484,71211,18,397398
5008,0.001164,74.125.68.0-255,1484,72695,18,397398
5009,0.001166,172.31.36.0-255,66,72761,18,397398
5010,0.001171,74.125.68.0-255,2902,75663,18,397398
5011,0.001174,172.31.36.0-255,66,75729,18,397398
5012,0.001177,74.125.68.0-255,1484,77213,18,397398
5013,0.001201,74.125.68.0-255,4320,81533,18,397398
5014,0.001203,172.31.36.0-255,66,81599,18,397398
5015,0.001207,74.125.68.0-255,1484,83083,18,397398
5016,0.001219,74.125.68.0-255,2902,85985,18,397398
5017,0.001222,172.31.36.0-255,66,86051,18,397398
5018,0.001263,74.125.68.0-255,1484,87535,18,397398
5019,0.001292,74.125.68.0-255,2902,90437,18,397398
5020,0.001297,172.31.36.0-255,66,90503,18,397398
5021,0.001313,74.125.68.0-255,1484,91987,18,397398
5022,0.001355,74.125.68.0-255,2902,94889,18,397398
5023,0.001359,172.31.36.0-255,66,94955,18,397398
5024,0.001399,74.125.68.0-255,4320,99275,18,397398
5025,0.001402,172.31.36.0-255,66,99341,18,397398
5026,0.001424,74.125.68.0-255,2184,101525,18,397398
5027,0.001428,172.31.36.0-255,66,101591,18,397398
5028,0.001807,74.125.68.0-255,1484,103075,18,397398
5029,0.001814,74.125.68.0-255,1484,104559,18,397398
5030,0.001818,172.31.36.0-255,66,104625,18,397398
5031,0.001837,74.125.68.0-255,1484,106109,18,397398
5032,0.001842,74.125.68.0-255,2902,109011,18,397398
5033,0.001844,172.31.36.0-255,66,109077,18,397398
5034,0.001862,74.125.68.0-255,2902,111979,18,397398
5035,0.001864,172.31.36.0-255,66,112045,18,397398
5036,0.001869,74.125.68.0-255,2902,114947,18,397398
5037,0.001871,172.31.36.0-255,66,115013,18,397398
5038,0.001908,172.31.36.0-255,66,115079,18,397398
5039,0.001934,74.125.68.0-255,5738,120817,18,397398
5040,0.001936,172.31.36.0-255,66,120883,18,397398
5041,0.001967,74.125.68.0-255,1484,122367,18,397398
5042,0.001986,74.125.68.0-255,2902,125269,18,397398
5043,0.001989,172.31.36.0-255,66,125335,18,397398
5044,0.002019,74.125.68.0-255,2184,127519,18,397398
5045,0.002022,172.31.36.0-255,66,127585,18,397398
5046,0.00205,74.125.68.0-255,2902,130487,18,397398
5047,0.002052,172.31.36.0-255,66,130553,18,397398
5048,0.00208,74.125.68.0-255,2902,133455,18,397398
5049,0.002083,172.31.36.0-255,66,133521,18,397398
5050,0.002087,74.125.68.0-255,1484,135005,18,397398
5051,0.002109,74.125.68.0-255,2902,137907,18,397398
5052,0.002111,172.31.36.0-255,66,137973,18,397398
5053,0.002114,74.125.68.0-255,1484,139457,18,397398
5054,0.002135,74.125.68.0-255,5738,145195,18,397398
5055,0.002138,172.31.36.0-255,66,145261,18,397398
5056,0.002142,74.125.68.0-255,1484,146745,18,397398
5057,0.002156,74.125.68.0-255,2902,149647,18,397398
5058,0.002159,172.31.36.0-255,66,149713,18,397398
5059,0.002182,74.125.68.0-255,4320,154033,18,397398
5060,0.002186,172.31.36.0-255,66,154099,18,397398
5061,0.002193,74.125.68.0-255,7156,161255,18,397398
5062,0.002196,172.31.36.0-255,66,161321,18,397398
5063,0.002216,74.125.68.0-255,766,162087,18,397398
5064,0.002311,74.125.68.0-255,1484,163571,18,397398
5065,0.002315,172.31.36.0-255,66,163637,18,397398
5066,0.002321,74.125.68.0-255,2902,166539,18,397398
5067,0.002325,172.31.36.0-255,66,166605,18,397398
5068,0.002332,74.125.68.0-255,5738,172343,18,397398
5069,0.002334,172.31.36.0-255,66,172409,18,397398
5070,0.002351,74.125.68.0-255,2902,175311,18,397398
5071,0.002354,172.31.36.0-255,66,175377,18,397398
5072,0.002377,74.125.68.0-255,1484,176861,18,397398
5073,0.002385,74.125.68.0-255,4320,181181,18,397398
5074,0.002388,172.31.36.0-255,66,181247,18,397398
5075,0.002394,74.125.68.0-255,5738,186985,18,397398
5076,0.002397,172.31.36.0-255,66,187051,18,397398
5077,0.002429,74.125.68.0-255,5738,192789,18,397398
5078,0.002433,172.31.36.0-255,66,192855,18,397398
5079,0.002437,74.125.68.0-255,1484,194339,18,397398
5080,0.002442,74.125.68.0-255,2184,196523,18,397398
5081,0.002445,172.31.36.0-255,66,196589,18,397398
5082,0.002874,74.125.68.0-255,1484,198073,18,397398
5083,0.002908,74.125.68.0-255,1484,199557,18,397398
5084,0.002914,172.31.36.0-255,66,199623,18,397398
5085,0.00292,74.125.68.0-255,2902,202525,18,397398
5086,0.002922,172.31.36.0-255,66,202591,18,397398
5087,0.002929,74.125.68.0-255,5738,208329,18,397398
5088,0.002932,172.31.36.0-255,66,208395,18,397398
5089,0.002937,74.125.68.0-255,2902,211297,18,397398
5090,0.002939,172.31.36.0-255,66,211363,18,397398
5091,0.002968,74.125.68.0-255,5738,217101,18,397398
5092,0.00297,172.31.36.0-255,66,217167,18,397398
5093,0.002983,172.31.36.0-255,66,217233,18,397398
5094,0.002989,74.125.68.0-255,3602,220835,18,397398
5095,0.002991,172.31.36.0-255,66,220901,18,397398
5096,0.003044,74.125.68.0-255,4320,225221,18,397398
5097,0.003047,172.31.36.0-255,66,225287,18,397398
5098,0.00306,74.125.68.0-255,7156,232443,18,397398
5099,0.003062,172.31.36.0-255,66,232509,18,397398
5100,0.003066,74.125.68.0-255,1484,233993,18,397398
5101,0.003073,74.125.68.0-255,5738,239731,18,397398
5102,0.003075,172.31.36.0-255,66,239797,18,397398
5103,0.003079,74.125.68.0-255,2902,242699,18,397398
5104,0.003081,172.31.36.0-255,66,242765,18,397398
5105,0.003104,74.125.68.0-255,1484,244249,18,397398
5106,0.003107,74.125.68.0-255,1484,245733,18,397398
5107,0.003109,172.31.36.0-255,66,245799,18,397398
5108,0.003112,74.125.68.0-255,1484,247283,18,397398
5109,0.003118,74.125.68.0-255,4320,251603,18,397398
5110,0.003121,172.31.36.0-255,66,251669,18,397398
5111,0.003145,74.125.68.0-255,3602,255271,18,397398
5112,0.003148,172.31.36.0-255,66,255337,18,397398
5113,0.003196,74.125.68.0-255,1484,256821,18,397398
5114,0.003215,74.125.68.0-255,2902,259723,18,397398
5115,0.003217,172.31.36.0-255,66,259789,18,397398
5116,0.00322,74.125.68.0-255,1484,261273,18,397398
5117,0.003232,74.125.68.0-255,1484,262757,18,397398
5118,0.003234,172.31.36.0-255,66,262823,18,397398
5119,0.003255,74.125.68.0-255,1484,264307,18,397398
5120,0.003261,74.125.68.0-255,5738,270045,18,397398
5121,0.003263,172.31.36.0-255,66,270111,18,397398
5122,0.003286,74.125.68.0-255,2902,273013,18,397398
5123,0.003288,172.31.36.0-255,66,273079,18,397398
5124,0.003309,74.125.68.0-255,4320,277399,18,397398
5125,0.003311,172.31.36.0-255,66,277465,18,397398
5126,0.003316,74.125.68.0-255,4320,281785,18,397398
5127,0.003319,172.31.36.0-255,66,281851,18,397398
5128,0.003334,74.125.68.0-255,4320,286171,18,397398
5129,0.003337,172.31.36.0-255,66,286237,18,397398
5130,0.003341,74.125.68.0-255,2902,289139,18,397398
5131,0.003343,172.31.36.0-255,66,289205,18,397398
5132,0.003365,74.125.68.0-255,766,289971,18,397398
5133,0.003609,74.125.68.0-255,1484,291455,18,397398
5134,0.003612,172.31.36.0-255,66,291521,18,397398
5135,0.003617,74.125.68.0-255,2902,294423,18,397398
5136,0.003619,172.31.36.0-255,66,294489,18,397398
5137,0.003647,74.125.68.0-255,4320,298809,18,397398
5138,0.003649,172.31.36.0-255,66,298875,18,397398
5139,0.003654,74.125.68.0-255,2902,301777,18,397398
5140,0.003656,172.31.36.0-255,66,301843,18,397398
5141,0.00368,74.125.68.0-255,2902,304745,18,397398
5142,0.003682,172.31.36.0-255,66,304811,18,397398
5143,0.003688,74.125.68.0-255,4320,309131,18,397398
5144,0.00369,172.31.36.0-255,66,309197,18,397398
5145,0.003706,74.125.68.0-255,1484,310681,18,397398
5146,0.003709,74.125.68.0-255,1484,312165,18,397398
5147,0.003711,172.31.36.0-255,66,312231,18,397398
5148,0.003728,74.125.68.0-255,2902,315133,18,397398
5149,0.003731,172.31.36.0-255,66,315199,18,397398
5150,0.003734,74.125.68.0-255,1484,316683,18,397398
5151,0.00374,74.125.68.0-255,4320,321003,18,397398
5152,0.003742,172.31.36.0-255,66,321069,18,397398
5153,0.003745,74.125.68.0-255,1484,322553,18,397398
5154,0.003769,74.125.68.0-255,2184,324737,18,397398
5155,0.003771,172.31.36.0-255,66,324803,18,397398
5156,0.003791,74.125.68.0-255,4320,329123,18,397398
5157,0.003794,172.31.36.0-255,66,329189,18,397398
5158,0.003812,74.125.68.0-255,4320,333509,18,397398
5159,0.003814,172.31.36.0-255,66,333575,18,397398
5160,0.003833,74.125.68.0-255,4320,337895,18,397398
5161,0.003862,74.125.68.0-255,5738,343633,18,397398
5162,0.003895,74.125.68.0-255,2902,346535,18,397398
5163,0.003911,74.125.68.0-255,4320,350855,18,397398
5164,0.003915,74.125.68.0-255,2902,353757,18,397398
5165,0.003933,74.125.68.0-255,5020,358777,18,397398
5166,0.004096,74.125.68.0-255,1484,360261,18,397398
5167,0.004112,74.125.68.0-255,2902,363163,18,397398
5168,0.004148,74.125.68.0-255,1484,364647,18,397398
5169,0.004151,74.125.68.0-255,1484,366131,18,397398
5170,0.004173,74.125.68.0-255,1484,367615,18,397398
5171,0.004194,74.125.68.0-255,2902,370517,18,397398
5172,0.004196,74.125.68.0-255,1484,372001,18,397398
5173,0.0042,74.125.68.0-255,2902,374903,18,397398
5174,0.004203,74.125.68.0-255,1484,376387,18,397398
5175,0.004206,74.125.68.0-255,1484,377871,18,397398
5176,0.004209,74.125.68.0-255,1484,379355,18,397398
5177,0.004225,74.125.68.0-255,1484,380839,18,397398
5178,0.004228,74.125.68.0-255,1484,382323,18,397398
5179,0.00424,74.125.68.0-255,1484,383807,18,397398
5180,0.00425,74.125.68.0-255,1484,385291,18,397398
5181,0.004252,74.125.68.0-255,1484,386775,18,397398
5182,0.004268,74.125.68.0-255,1484,388259,18,397398
5183,0.004273,74.125.68.0-255,4320,392579,18,397398
5184,0.004288,74.125.68.0-255,766,393345,18,397398
5185,0.004342,74.125.68.0-255,1484,394829,18,397398
5186,0.004356,74.125.68.0-255,1484,396313,18,397398
5187,0.004372,74.125.68.0-255,743,397056,18,397398
5188,0.004434,74.125.68.0-255,105,397161,18,397398
5189,0.006294,172.31.36.0-255,66,397227,18,397398
5190,0.008747,172.31.36.0-255,105,397332,18,397398
5191,0.011071,74.125.68.0-255,66,397398,18,397398
5192,0.0,74.125.68.0-255,148,148,18,98926
5193,1.7e-05,172.31.36.0-255,66,214,18,98926
5194,2.5e-05,74.125.68.0-255,1484,1698,18,98926
5195,3e-05,172.31.36.0-255,66,1764,18,98926
5196,3.6e-05,74.125.68.0-255,2902,4666,18,98926
5197,3.8e-05,172.31.36.0-255,66,4732,18,98926
5198,0.000101,74.125.68.0-255,1484,6216,18,98926
5199,0.000104,172.31.36.0-255,66,6282,18,98926
5200,0.000138,74.125.68.0-255,2902,9184,18,98926
5201,0.000141,172.31.36.0-255,66,9250,18,98926
5202,0.00016,74.125.68.0-255,2902,12152,18,98926
5203,0.000162,172.31.36.0-255,66,12218,18,98926
5204,0.000288,74.125.68.0-255,2083,14301,18,98926
5205,0.000294,172.31.36.0-255,66,14367,18,98926
5206,0.000343,74.125.68.0-255,2902,17269,18,98926
5207,0.000346,172.31.36.0-255,66,17335,18,98926
5208,0.000435,74.125.68.0-255,5738,23073,18,98926
5209,0.000442,172.31.36.0-255,66,23139,18,98926
5210,0.00045,74.125.68.0-255,1484,24623,18,98926
5211,0.000452,172.31.36.0-255,66,24689,18,98926
5212,0.000602,74.125.68.0-255,4320,29009,18,98926
5213,0.000606,172.31.36.0-255,66,29075,18,98926
5214,0.000628,172.31.36.0-255,66,29141,18,98926
5215,0.001011,74.125.68.0-255,5738,34879,18,98926
5216,0.001017,172.31.36.0-255,66,34945,18,98926
5217,0.001054,172.31.36.0-255,66,35011,18,98926
5218,0.001562,172.31.36.0-255,66,35077,18,98926
5219,0.001585,74.125.68.0-255,6699,41776,18,98926
5220,0.001587,172.31.36.0-255,66,41842,18,98926
5221,0.002184,172.31.36.0-255,66,41908,18,98926
5222,0.002214,172.31.36.0-255,66,41974,18,98926
5223,0.002227,74.125.68.0-255,4320,46294,18,98926
5224,0.002231,172.31.36.0-255,66,46360,18,98926
5225,0.002247,74.125.68.0-255,5738,52098,18,98926
5226,0.00225,172.31.36.0-255,66,52164,18,98926
5227,0.00228,172.31.36.0-255,66,52230,18,98926
5228,0.003158,74.125.68.0-255,5738,57968,18,98926
5229,0.003161,172.31.36.0-255,66,58034,18,98926
5230,0.003183,74.125.68.0-255,7156,65190,18,98926
5231,0.003185,172.31.36.0-255,66,65256,18,98926
5232,0.00321,172.31.36.0-255,66,65322,18,98926
5233,0.003242,172.31.36.0-255,66,65388,18,98926
5234,0.004158,74.125.68.0-255,4320,69708,18,98926
5235,0.004161,172.31.36.0-255,66,69774,18,98926
5236,0.004196,172.31.36.0-255,66,69840,18,98926
5237,0.004232,172.31.36.0-255,66,69906,18,98926
5238,0.006859,74.125.68.0-255,5738,75644,18,98926
5239,0.006868,172.31.36.0-255,66,75710,18,98926
5240,0.009511,74.125.68.0-255,5738,81448,18,98926
5241,0.009517,172.31.36.0-255,66,81514,18,98926
5242,0.01215,74.125.68.0-255,5738,87252,18,98926
5243,0.012158,172.31.36.0-255,66,87318,18,98926
5244,0.014786,74.125.68.0-255,5738,93056,18,98926
5245,0.014795,172.31.36.0-255,66,93122,18,98926
5246,0.017434,74.125.68.0-255,5738,98860,18,98926
5247,0.017441,172.31.36.0-255,66,98926,18,98926
5248,0.0,74.125.24.0-255,153,153,18,204431
5249,4.6e-05,74.125.24.0-255,1484,1637,18,204431
5250,5.7e-05,172.31.36.0-255,66,1703,18,204431
5251,8.1e-05,74.125.24.0-255,2902,4605,18,204431
5252,8.4e-05,172.31.36.0-255,66,4671,18,204431
5253,8.9e-05,74.125.24.0-255,4320,8991,18,204431
5254,9.2e-05,172.31.36.0-255,66,9057,18,204431
5255,0.000128,74.125.24.0-255,1484,10541,18,204431
5256,0.000156,172.31.36.0-255,66,10607,18,204431
5257,0.000168,172.31.36.0-255,66,10673,18,204431
5258,0.000189,74.125.24.0-255,1484,12157,18,204431
5259,0.000203,74.125.24.0-255,1125,13282,18,204431
5260,0.000206,172.31.36.0-255,66,13348,18,204431
5261,0.001118,74.125.24.0-255,1484,14832,18,204431
5262,0.00113,74.125.24.0-255,2902,17734,18,204431
5263,0.001135,172.31.36.0-255,66,17800,18,204431
5264,0.001142,74.125.24.0-255,4320,22120,18,204431
5265,0.001144,172.31.36.0-255,66,22186,18,204431
5266,0.001156,74.125.24.0-255,1484,23670,18,204431
5267,0.001159,74.125.24.0-255,1484,25154,18,204431
5268,0.001161,172.31.36.0-255,66,25220,18,204431
5269,0.001184,74.125.24.0-255,4320,29540,18,204431
5270,0.001186,172.31.36.0-255,66,29606,18,204431
5271,0.001192,74.125.24.0-255,4320,33926,18,204431
5272,0.001193,172.31.36.0-255,66,33992,18,204431
5273,0.00122,172.31.36.0-255,66,34058,18,204431
5274,0.001225,74.125.24.0-255,4238,38296,18,204431
5275,0.001227,172.31.36.0-255,66,38362,18,204431
5276,0.001269,74.125.24.0-255,127,38489,18,204431
5277,0.001401,74.125.24.0-255,1484,39973,18,204431
5278,0.001404,172.31.36.0-255,66,40039,18,204431
5279,0.001409,74.125.24.0-255,2902,42941,18,204431
5280,0.001411,172.31.36.0-255,66,43007,18,204431
5281,0.001417,74.125.24.0-255,4320,47327,18,204431
5282,0.001419,172.31.36.0-255,66,47393,18,204431
5283,0.00144,74.125.24.0-255,1484,48877,18,204431
5284,0.001446,74.125.24.0-255,4320,53197,18,204431
5285,0.001448,172.31.36.0-255,66,53263,18,204431
5286,0.001462,74.125.24.0-255,2543,55806,18,204431
5287,0.001464,172.31.36.0-255,66,55872,18,204431
5288,0.001471,74.125.24.0-255,5738,61610,18,204431
5289,0.001473,172.31.36.0-255,66,61676,18,204431
5290,0.001492,74.125.24.0-255,1484,63160,18,204431
5291,0.001505,74.125.24.0-255,4320,67480,18,204431
5292,0.001508,172.31.36.0-255,66,67546,18,204431
5293,0.001528,74.125.24.0-255,5379,72925,18,204431
5294,0.001531,172.31.36.0-255,66,72991,18,204431
5295,0.002084,74.125.24.0-255,1484,74475,18,204431
5296,0.002109,74.125.24.0-255,2902,77377,18,204431
5297,0.002112,172.31.36.0-255,66,77443,18,204431
5298,0.002133,74.125.24.0-255,5738,83181,18,204431
5299,0.002135,172.31.36.0-255,66,83247,18,204431
5300,0.00216,172.31.36.0-255,66,83313,18,204431
5301,0.002178,74.125.24.0-255,4320,87633,18,204431
5302,0.00218,172.31.36.0-255,66,87699,18,204431
5303,0.002183,74.125.24.0-255,1484,89183,18,204431
5304,0.002206,74.125.24.0-255,2902,92085,18,204431
5305,0.002208,172.31.36.0-255,66,92151,18,204431
5306,0.002223,74.125.24.0-255,4320,96471,18,204431
5307,0.002226,172.31.36.0-255,66,96537,18,204431
5308,0.00223,74.125.24.0-255,2184,98721,18,204431
5309,0.002232,172.31.36.0-255,66,98787,18,204431
5310,0.002588,74.125.24.0-255,1484,100271,18,204431
5311,0.002593,74.125.24.0-255,2902,103173,18,204431
5312,0.002595,172.31.36.0-255,66,103239,18,204431
5313,0.002616,74.125.24.0-255,5738,108977,18,204431
5314,0.002619,172.31.36.0-255,66,109043,18,204431
5315,0.002624,74.125.24.0-255,4320,113363,18,204431
5316,0.002625,172.31.36.0-255,66,113429,18,204431
5317,0.002641,74.125.24.0-255,4320,117749,18,204431
5318,0.002643,172.31.36.0-255,66,117815,18,204431
5319,0.002678,74.125.24.0-255,4320,122135,18,204431
5320,0.002681,172.31.36.0-255,66,122201,18,204431
5321,0.002692,172.31.36.0-255,66,122267,18,204431
5322,0.002703,172.31.36.0-255,66,122333,18,204431
5323,0.002709,74.125.24.0-255,5738,128071,18,204431
5324,0.002712,172.31.36.0-255,66,128137,18,204431
5325,0.002744,172.31.36.0-255,66,128203,18,204431
5326,0.002749,74.125.24.0-255,5020,133223,18,204431
5327,0.002751,172.31.36.0-255,66,133289,18,204431
5328,0.002774,74.125.24.0-255,5738,139027,18,204431
5329,0.002777,172.31.36.0-255,66,139093,18,204431
5330,0.00279,74.125.24.0-255,1484,140577,18,204431
5331,0.002839,74.125.24.0-255,2902,143479,18,204431
5332,0.002841,172.31.36.0-255,66,143545,18,204431
5333,0.002858,74.125.24.0-255,5738,149283,18,204431
5334,0.002861,172.31.36.0-255,66,149349,18,204431
5335,0.002872,172.31.36.0-255,66,149415,18,204431
5336,0.002878,74.125.24.0-255,6438,155853,18,204431
5337,0.002881,172.31.36.0-255,66,155919,18,204431
5338,0.002887,74.125.24.0-255,7156,163075,18,204431
5339,0.002889,172.31.36.0-255,66,163141,18,204431
5340,0.002899,172.31.36.0-255,66,163207,18,204431
5341,0.002935,74.125.24.0-255,4320,167527,18,204431
5342,0.002938,172.31.36.0-255,66,167593,18,204431
5343,0.002971,172.31.36.0-255,66,167659,18,204431
5344,0.00298,172.31.36.0-255,66,167725,18,204431
5345,0.003021,172.31.36.0-255,66,167791,18,204431
5346,0.003038,74.125.24.0-255,2902,170693,18,204431
5347,0.003041,172.31.36.0-255,66,170759,18,204431
5348,0.003062,172.31.36.0-255,66,170825,18,204431
5349,0.003067,74.125.24.0-255,2902,173727,18,204431
5350,0.00307,172.31.36.0-255,66,173793,18,204431
5351,0.003106,172.31.36.0-255,66,173859,18,204431
5352,0.003116,172.31.36.0-255,66,173925,18,204431
5353,0.003137,74.125.24.0-255,2902,176827,18,204431
5354,0.00314,172.31.36.0-255,66,176893,18,204431
5355,0.003172,172.31.36.0-255,66,176959,18,204431
5356,0.003175,74.125.24.0-255,1484,178443,18,204431
5357,0.003178,74.125.24.0-255,1484,179927,18,204431
5358,0.00318,172.31.36.0-255,66,179993,18,204431
5359,0.003201,74.125.24.0-255,5738,185731,18,204431
5360,0.003204,172.31.36.0-255,66,185797,18,204431
5361,0.003233,172.31.36.0-255,66,185863,18,204431
5362,0.003244,172.31.36.0-255,66,185929,18,204431
5363,0.003248,74.125.24.0-255,2902,188831,18,204431
5364,0.003251,172.31.36.0-255,66,188897,18,204431
5365,0.00329,74.125.24.0-255,5738,194635,18,204431
5366,0.003294,172.31.36.0-255,66,194701,18,204431
5367,0.003325,172.31.36.0-255,66,194767,18,204431
5368,0.003338,172.31.36.0-255,66,194833,18,204431
5369,0.003379,74.125.24.0-255,4320,199153,18,204431
5370,0.003384,172.31.36.0-255,66,199219,18,204431
5371,0.003405,74.125.24.0-255,4870,204089,18,204431
5372,0.003408,172.31.36.0-255,66,204155,18,204431
5373,0.003411,74.125.24.0-255,105,204260,18,204431
5374,0.009353,172.31.36.0-255,105,204365,18,204431
5375,0.011373,74.125.24.0-255,66,204431,18,204431
5376,0.0,74.125.24.0-255,66,66,18,66
5377,0.0,74.125.24.0-255,153,153,18,199687
5378,2.1e-05,172.31.36.0-255,66,219,18,199687
5379,2.8e-05,74.125.24.0-255,1484,1703,18,199687
5380,3.3e-05,172.31.36.0-255,66,1769,18,199687
5381,3.9e-05,74.125.24.0-255,2902,4671,18,199687
5382,4.2e-05,172.31.36.0-255,66,4737,18,199687
5383,4.8e-05,74.125.24.0-255,4320,9057,18,199687
5384,5.2e-05,172.31.36.0-255,66,9123,18,199687
5385,9.9e-05,74.125.24.0-255,4845,13968,18,199687
5386,0.000102,172.31.36.0-255,66,14034,18,199687
5387,0.000246,74.125.24.0-255,1484,15518,18,199687
5388,0.000251,172.31.36.0-255,66,15584,18,199687
5389,0.000258,74.125.24.0-255,2902,18486,18,199687
5390,0.000261,172.31.36.0-255,66,18552,18,199687
5391,0.00029,74.125.24.0-255,5738,24290,18,199687
5392,0.000293,172.31.36.0-255,66,24356,18,199687
5393,0.000313,74.125.24.0-255,1484,25840,18,199687
5394,0.000316,172.31.36.0-255,66,25906,18,199687
5395,0.000337,74.125.24.0-255,2902,28808,18,199687
5396,0.000339,172.31.36.0-255,66,28874,18,199687
5397,0.000342,74.125.24.0-255,1484,30358,18,199687
5398,0.000344,172.31.36.0-255,66,30424,18,199687
5399,0.000378,74.125.24.0-255,1125,31549,18,199687
5400,0.000381,172.31.36.0-255,66,31615,18,199687
5401,0.000468,74.125.24.0-255,1484,33099,18,199687
5402,0.000471,172.31.36.0-255,66,33165,18,199687
5403,0.000476,74.125.24.0-255,2902,36067,18,199687
5404,0.000478,172.31.36.0-255,66,36133,18,199687
5405,0.000508,74.125.24.0-255,4320,40453,18,199687
5406,0.000511,172.31.36.0-255,66,40519,18,199687
5407,0.000517,74.125.24.0-255,5738,46257,18,199687
5408,0.00052,172.31.36.0-255,66,46323,18,199687
5409,0.000542,74.125.24.0-255,4320,50643,18,199687
5410,0.000545,172.31.36.0-255,66,50709,18,199687
5411,0.000586,74.125.24.0-255,7109,57818,18,199687
5412,0.000591,172.31.36.0-255,66,57884,18,199687
5413,0.000791,74.125.24.0-255,110,57994,18,199687
5414,0.000904,74.125.24.0-255,1484,59478,18,199687
5415,0.000908,172.31.36.0-255,66,59544,18,199687
5416,0.000914,74.125.24.0-255,2902,62446,18,199687
5417,0.000916,172.31.36.0-255,66,62512,18,199687
5418,0.000921,74.125.24.0-255,2902,65414,18,199687
5419,0.000924,172.31.36.0-255,66,65480,18,199687
5420,0.000943,74.125.24.0-255,2902,68382,18,199687
5421,0.000946,172.31.36.0-255,66,68448,18,199687
5422,0.000951,74.125.24.0-255,2902,71350,18,199687
5423,0.000953,172.31.36.0-255,66,71416,18,199687
5424,0.000994,172.31.36.0-255,66,71482,18,199687
5425,0.001012,74.125.24.0-255,329,71811,18,199687
5426,0.001259,74.125.24.0-255,1484,73295,18,199687
5427,0.001263,172.31.36.0-255,66,73361,18,199687
5428,0.001269,74.125.24.0-255,2902,76263,18,199687
5429,0.001272,172.31.36.0-255,66,76329,18,199687
5430,0.001278,74.125.24.0-255,5738,82067,18,199687
5431,0.00128,172.31.36.0-255,66,82133,18,199687
5432,0.001308,74.125.24.0-255,2902,85035,18,199687
5433,0.00131,172.31.36.0-255,66,85101,18,199687
5434,0.001335,172.31.36.0-255,66,85167,18,199687
5435,0.00136,172.31.36.0-255,66,85233,18,199687
5436,0.001485,74.125.24.0-255,1484,86717,18,199687
5437,0.001506,74.125.24.0-255,2902,89619,18,199687
5438,0.001513,74.125.24.0-255,5738,95357,18,199687
5439,0.001518,172.31.36.0-255,66,95423,18,199687
5440,0.001542,74.125.24.0-255,7156,102579,18,199687
5441,0.001544,172.31.36.0-255,66,102645,18,199687
5442,0.001547,74.125.24.0-255,1484,104129,18,199687
5443,0.001588,74.125.24.0-255,4320,108449,18,199687
5444,0.001592,74.125.24.0-255,2184,110633,18,199687
5445,0.001603,172.31.36.0-255,66,110699,18,199687
5446,0.001901,74.125.24.0-255,1484,112183,18,199687
5447,0.001917,74.125.24.0-255,2902,115085,18,199687
5448,0.001921,172.31.36.0-255,66,115151,18,199687
5449,0.001925,74.125.24.0-255,1484,116635,18,199687
5450,0.001944,74.125.24.0-255,4320,120955,18,199687
5451,0.001949,74.125.24.0-255,4320,125275,18,199687
5452,0.001954,172.31.36.0-255,66,125341,18,199687
5453,0.002002,172.31.36.0-255,66,125407,18,199687
5454,0.002036,74.125.24.0-255,1484,126891,18,199687
5455,0.002054,74.125.24.0-255,2902,129793,18,199687
5456,0.002056,74.125.24.0-255,1484,131277,18,199687
5457,0.00206,172.31.36.0-255,66,131343,18,199687
5458,0.002075,74.125.24.0-255,4320,135663,18,199687
5459,0.00211,74.125.24.0-255,4320,139983,18,199687
5460,0.002122,172.31.36.0-255,66,140049,18,199687
5461,0.002159,74.125.24.0-255,2184,142233,18,199687
5462,0.002164,172.31.36.0-255,66,142299,18,199687
5463,0.002328,74.125.24.0-255,1484,143783,18,199687
5464,0.002335,74.125.24.0-255,2902,146685,18,199687
5465,0.002338,172.31.36.0-255,66,146751,18,199687
5466,0.002364,74.125.24.0-255,5738,152489,18,199687
5467,0.002379,74.125.24.0-255,5738,158227,18,199687
5468,0.002387,172.31.36.0-255,66,158293,18,199687
5469,0.002418,74.125.24.0-255,4320,162613,18,199687
5470,0.00243,74.125.24.0-255,2184,164797,18,199687
5471,0.002461,172.31.36.0-255,66,164863,18,199687
5472,0.005012,74.125.24.0-255,5738,170601,18,199687
5473,0.005019,172.31.36.0-255,66,170667,18,199687
5474,0.007602,74.125.24.0-255,5738,176405,18,199687
5475,0.007606,172.31.36.0-255,66,176471,18,199687
5476,0.010161,74.125.24.0-255,5738,182209,18,199687
5477,0.010169,172.31.36.0-255,66,182275,18,199687
5478,0.012759,74.125.24.0-255,5738,188013,18,199687
5479,0.012767,172.31.36.0-255,66,188079,18,199687
5480,0.015331,74.125.24.0-255,5738,193817,18,199687
5481,0.015341,172.31.36.0-255,66,193883,18,199687
5482,0.01793,74.125.24.0-255,5738,199621,18,199687
5483,0.017939,172.31.36.0-255,66,199687,18,199687
5484,0.0,172.217.194.0-255,209,209,18,258542
5485,3e-05,172.217.194.0-255,1484,1693,18,258542
5486,3.8e-05,172.31.36.0-255,66,1759,18,258542
5487,4.7e-05,172.217.194.0-255,4320,6079,18,258542
5488,0.00014,172.31.36.0-255,66,6145,18,258542
5489,0.000177,172.217.194.0-255,1484,7629,18,258542
5490,0.000182,172.217.194.0-255,2902,10531,18,258542
5491,0.000196,172.217.194.0-255,4320,14851,18,258542
5492,0.000213,172.217.194.0-255,1484,16335,18,258542
5493,0.000231,172.217.194.0-255,2902,19237,18,258542
5494,0.000257,172.217.194.0-255,3961,23198,18,258542
5495,0.000265,172.217.194.0-255,7156,30354,18,258542
5496,0.000285,172.217.194.0-255,4320,34674,18,258542
5497,0.000304,172.217.194.0-255,7156,41830,18,258542
5498,0.000312,172.217.194.0-255,5738,47568,18,258542
5499,0.00033,172.217.194.0-255,7156,54724,18,258542
5500,0.000335,172.217.194.0-255,2511,57235,18,258542
5501,0.00038,172.217.194.0-255,4320,61555,18,258542
5502,0.000385,172.217.194.0-255,4320,65875,18,258542
5503,0.000397,172.217.194.0-255,1484,67359,18,258542
5504,0.000423,172.217.194.0-255,7089,74448,18,258542
5505,0.000426,172.217.194.0-255,1484,75932,18,258542
5506,0.000446,172.217.194.0-255,5738,81670,18,258542
5507,0.000571,172.31.36.0-255,66,81736,18,258542
5508,0.000772,172.217.194.0-255,1484,83220,18,258542
5509,0.000789,172.217.194.0-255,1484,84704,18,258542
5510,0.000794,172.217.194.0-255,2902,87606,18,258542
5511,0.000808,172.31.36.0-255,66,87672,18,258542
5512,0.00082,172.217.194.0-255,5738,93410,18,258542
5513,0.000857,172.217.194.0-255,2902,96312,18,258542
5514,0.000862,172.31.36.0-255,66,96378,18,258542
5515,0.000887,172.31.36.0-255,66,96444,18,258542
5516,0.000898,172.217.194.0-255,5738,102182,18,258542
5517,0.000903,172.31.36.0-255,66,102248,18,258542
5518,0.000934,172.217.194.0-255,5020,107268,18,258542
5519,0.000937,172.217.194.0-255,1484,108752,18,258542
5520,0.000941,172.217.194.0-255,2902,111654,18,258542
5521,0.00096,172.31.36.0-255,66,111720,18,258542
5522,0.000972,172.217.194.0-255,2902,114622,18,258542
5523,0.000995,172.217.194.0-255,2902,117524,18,258542
5524,0.001,172.217.194.0-255,4320,121844,18,258542
5525,0.001016,172.31.36.0-255,66,121910,18,258542
5526,0.001057,172.217.194.0-255,2902,124812,18,258542
5527,0.001064,172.217.194.0-255,5738,130550,18,258542
5528,0.001074,172.31.36.0-255,66,130616,18,258542
5529,0.001099,172.217.194.0-255,2184,132800,18,258542
5530,0.001116,172.31.36.0-255,66,132866,18,258542
5531,0.001141,172.217.194.0-255,2902,135768,18,258542
5532,0.001158,172.31.36.0-255,66,135834,18,258542
5533,0.001166,172.217.194.0-255,2902,138736,18,258542
5534,0.001172,172.31.36.0-255,66,138802,18,258542
5535,0.001185,172.217.194.0-255,1484,140286,18,258542
5536,0.001201,172.217.194.0-255,1484,141770,18,258542
5537,0.001234,172.31.36.0-255,66,141836,18,258542
5538,0.00127,172.217.194.0-255,1484,143320,18,258542
5539,0.001277,172.31.36.0-255,66,143386,18,258542
5540,0.001294,172.217.194.0-255,7156,150542,18,258542
5541,0.0013,172.31.36.0-255,66,150608,18,258542
5542,0.001313,172.217.194.0-255,7156,157764,18,258542
5543,0.001347,172.217.194.0-255,2902,160666,18,258542
5544,0.001371,172.217.194.0-255,6438,167104,18,258542
5545,0.001396,172.31.36.0-255,66,167170,18,258542
5546,0.001484,172.217.194.0-255,1484,168654,18,258542
5547,0.00149,172.217.194.0-255,2902,171556,18,258542
5548,0.001503,172.31.36.0-255,66,171622,18,258542
5549,0.001516,172.217.194.0-255,4320,175942,18,258542
5550,0.001556,172.217.194.0-255,1484,177426,18,258542
5551,0.001563,172.217.194.0-255,5738,183164,18,258542
5552,0.001584,172.217.194.0-255,5020,188184,18,258542
5553,0.001602,172.31.36.0-255,66,188250,18,258542
5554,0.001626,172.217.194.0-255,1484,189734,18,258542
5555,0.001631,172.217.194.0-255,2902,192636,18,258542
5556,0.001641,172.31.36.0-255,66,192702,18,258542
5557,0.001657,172.217.194.0-255,5738,198440,18,258542
5558,0.001698,172.217.194.0-255,4320,202760,18,258542
5559,0.001719,172.217.194.0-255,4320,207080,18,258542
5560,0.001722,172.31.36.0-255,66,207146,18,258542
5561,0.001743,172.217.194.0-255,6438,213584,18,258542
5562,0.001759,172.31.36.0-255,66,213650,18,258542
5563,0.001779,172.217.194.0-255,5738,219388,18,258542
5564,0.001798,172.217.194.0-255,5738,225126,18,258542
5565,0.001805,172.217.194.0-255,5738,230864,18,258542
5566,0.001825,172.217.194.0-255,7156,238020,18,258542
5567,0.001852,172.31.36.0-255,66,238086,18,258542
5568,0.001877,172.217.194.0-255,1484,239570,18,258542
5569,0.001881,172.217.194.0-255,2902,242472,18,258542
5570,0.001899,172.31.36.0-255,66,242538,18,258542
5571,0.001906,172.217.194.0-255,5738,248276,18,258542
5572,0.001923,172.31.36.0-255,66,248342,18,258542
5573,0.001961,172.31.36.0-255,66,248408,18,258542
5574,0.001989,172.217.194.0-255,5738,254146,18,258542
5575,0.002,172.31.36.0-255,66,254212,18,258542
5576,0.002071,172.217.194.0-255,3821,258033,18,258542
5577,0.002082,172.31.36.0-255,66,258099,18,258542
5578,0.002085,172.217.194.0-255,105,258204,18,258542
5579,0.003069,172.31.36.0-255,101,258305,18,258542
5580,0.005378,172.217.194.0-255,66,258371,18,258542
5581,0.01178,172.31.36.0-255,105,258476,18,258542
5582,0.014081,172.217.194.0-255,66,258542,18,258542
5583,0.0,172.217.194.0-255,143,143,18,195519
5584,3.7e-05,172.31.36.0-255,66,209,18,195519
5585,4.4e-05,172.217.194.0-255,1484,1693,18,195519
5586,4.9e-05,172.31.36.0-255,66,1759,18,195519
5587,5.4e-05,172.217.194.0-255,2902,4661,18,195519
5588,5.6e-05,172.31.36.0-255,66,4727,18,195519
5589,6.4e-05,172.217.194.0-255,7156,11883,18,195519
5590,6.8e-05,172.31.36.0-255,66,11949,18,195519
5591,7e-05,172.217.194.0-255,1484,13433,18,195519
5592,7.2e-05,172.31.36.0-255,66,13499,18,195519
5593,9.8e-05,172.217.194.0-255,2013,15512,18,195519
5594,0.000101,172.31.36.0-255,66,15578,18,195519
5595,0.000116,172.217.194.0-255,4320,19898,18,195519
5596,0.000119,172.31.36.0-255,66,19964,18,195519
5597,0.000154,172.31.36.0-255,66,20030,18,195519
5598,0.000158,172.217.194.0-255,2543,22573,18,195519
5599,0.00016,172.31.36.0-255,66,22639,18,195519
5600,0.000214,172.217.194.0-255,1484,24123,18,195519
5601,0.000218,172.31.36.0-255,66,24189,18,195519
5602,0.000223,172.217.194.0-255,2902,27091,18,195519
5603,0.000226,172.31.36.0-255,66,27157,18,195519
5604,0.000249,172.217.194.0-255,2902,30059,18,195519
5605,0.000253,172.31.36.0-255,66,30125,18,195519
5606,0.00027,172.217.194.0-255,2902,33027,18,195519
5607,0.000273,172.31.36.0-255,66,33093,18,195519
5608,0.000278,172.217.194.0-255,2902,35995,18,195519
5609,0.00028,172.31.36.0-255,66,36061,18,195519
5610,0.000305,172.31.36.0-255,66,36127,18,195519
5611,0.000308,172.217.194.0-255,1484,37611,18,195519
5612,0.00031,172.31.36.0-255,66,37677,18,195519
5613,0.000348,172.217.194.0-255,7156,44833,18,195519
5614,0.000353,172.31.36.0-255,66,44899,18,195519
5615,0.000366,172.217.194.0-255,1413,46312,18,195519
5616,0.000614,172.217.194.0-255,366,46678,18,195519
5617,0.000618,172.31.36.0-255,66,46744,18,195519
5618,0.000674,172.217.194.0-255,1484,48228,18,195519
5619,0.000678,172.217.194.0-255,1484,49712,18,195519
5620,0.00068,172.31.36.0-255,66,49778,18,195519
5621,0.000699,172.217.194.0-255,1484,51262,18,195519
5622,0.000705,172.217.194.0-255,4320,55582,18,195519
5623,0.000707,172.31.36.0-255,66,55648,18,195519
5624,0.000725,172.217.194.0-255,7156,62804,18,195519
5625,0.000728,172.31.36.0-255,66,62870,18,195519
5626,0.00075,172.217.194.0-255,2543,65413,18,195519
5627,0.000752,172.31.36.0-255,66,65479,18,195519
5628,0.000755,172.217.194.0-255,1484,66963,18,195519
5629,0.000785,172.31.36.0-255,66,67029,18,195519
5630,0.000885,172.217.194.0-255,1484,68513,18,195519
5631,0.000905,172.217.194.0-255,1484,69997,18,195519
5632,0.000909,172.31.36.0-255,66,70063,18,195519
5633,0.000914,172.217.194.0-255,2902,72965,18,195519
5634,0.000916,172.31.36.0-255,66,73031,18,195519
5635,0.00092,172.217.194.0-255,1484,74515,18,195519
5636,0.000937,172.217.194.0-255,4320,78835,18,195519
5637,0.000939,172.31.36.0-255,66,78901,18,195519
5638,0.00098,172.31.36.0-255,66,78967,18,195519
5639,0.001038,172.31.36.0-255,66,79033,18,195519
5640,0.001044,172.31.36.0-255,66,79099,18,195519
5641,0.001056,172.217.194.0-255,2902,82001,18,195519
5642,0.001059,172.31.36.0-255,66,82067,18,195519
5643,0.001096,172.31.36.0-255,66,82133,18,195519
5644,0.001119,172.217.194.0-255,5738,87871,18,195519
5645,0.001122,172.31.36.0-255,66,87937,18,195519
5646,0.001142,172.217.194.0-255,2184,90121,18,195519
5647,0.001146,172.31.36.0-255,66,90187,18,195519
5648,0.00127,172.217.194.0-255,1484,91671,18,195519
5649,0.001296,172.217.194.0-255,1484,93155,18,195519
5650,0.0013,172.31.36.0-255,66,93221,18,195519
5651,0.001322,172.217.194.0-255,1484,94705,18,195519
5652,0.001329,172.217.194.0-255,5738,100443,18,195519
5653,0.001332,172.31.36.0-255,66,100509,18,195519
5654,0.001343,172.31.36.0-255,66,100575,18,195519
5655,0.001378,172.31.36.0-255,66,100641,18,195519
5656,0.001404,172.217.194.0-255,1484,102125,18,195519
5657,0.00142,172.217.194.0-255,5738,107863,18,195519
5658,0.001423,172.31.36.0-255,66,107929,18,195519
5659,0.001434,172.31.36.0-255,66,107995,18,195519
5660,0.001456,172.217.194.0-255,2902,110897,18,195519
5661,0.001459,172.31.36.0-255,66,110963,18,195519
5662,0.001493,172.31.36.0-255,66,111029,18,195519
5663,0.001496,172.217.194.0-255,766,111795,18,195519
5664,0.001534,172.217.194.0-255,1484,113279,18,195519
5665,0.001538,172.31.36.0-255,66,113345,18,195519
5666,0.001543,172.217.194.0-255,2902,116247,18,195519
5667,0.001546,172.31.36.0-255,66,116313,18,195519
5668,0.001575,172.217.194.0-255,1484,117797,18,195519
5669,0.00158,172.217.194.0-255,2902,120699,18,195519
5670,0.001583,172.31.36.0-255,66,120765,18,195519
5671,0.001625,172.217.194.0-255,5738,126503,18,195519
5672,0.001629,172.31.36.0-255,66,126569,18,195519
5673,0.001644,172.217.194.0-255,1484,128053,18,195519
5674,0.001669,172.217.194.0-255,5738,133791,18,195519
5675,0.001672,172.31.36.0-255,66,133857,18,195519
5676,0.001679,172.217.194.0-255,5738,139595,18,195519
5677,0.001681,172.31.36.0-255,66,139661,18,195519
5678,0.001696,172.217.194.0-255,4320,143981,18,195519
5679,0.001699,172.31.36.0-255,66,144047,18,195519
5680,0.001718,172.217.194.0-255,1484,145531,18,195519
5681,0.001733,172.217.194.0-255,766,146297,18,195519
5682,0.001736,172.31.36.0-255,66,146363,18,195519
5683,0.001855,172.217.194.0-255,1484,147847,18,195519
5684,0.001861,172.217.194.0-255,2902,150749,18,195519
5685,0.001864,172.31.36.0-255,66,150815,18,195519
5686,0.001869,172.217.194.0-255,2902,153717,18,195519
5687,0.001871,172.31.36.0-255,66,153783,18,195519
5688,0.001885,172.217.194.0-255,2902,156685,18,195519
5689,0.001888,172.31.36.0-255,66,156751,18,195519
5690,0.001891,172.217.194.0-255,1484,158235,18,195519
5691,0.001914,172.31.36.0-255,66,158301,18,195519
5692,0.001932,172.217.194.0-255,5738,164039,18,195519
5693,0.001935,172.31.36.0-255,66,164105,18,195519
5694,0.001961,172.217.194.0-255,5020,169125,18,195519
5695,0.001964,172.31.36.0-255,66,169191,18,195519
5696,0.00201,172.217.194.0-255,1484,170675,18,195519
5697,0.002031,172.217.194.0-255,2902,173577,18,195519
5698,0.002035,172.31.36.0-255,66,173643,18,195519
5699,0.002072,172.217.194.0-255,1484,175127,18,195519
5700,0.002088,172.217.194.0-255,4320,179447,18,195519
5701,0.002091,172.31.36.0-255,66,179513,18,195519
5702,0.002101,172.31.36.0-255,66,179579,18,195519
5703,0.002126,172.217.194.0-255,4320,183899,18,195519
5704,0.002129,172.31.36.0-255,66,183965,18,195519
5705,0.002134,172.217.194.0-255,2902,186867,18,195519
5706,0.002136,172.31.36.0-255,66,186933,18,195519
5707,0.002159,172.31.36.0-255,66,186999,18,195519
5708,0.00217,172.31.36.0-255,66,187065,18,195519
5709,0.002225,172.31.36.0-255,66,187131,18,195519
5710,0.002263,172.31.36.0-255,66,187197,18,195519
5711,0.002282,172.31.36.0-255,66,187263,18,195519
5712,0.002294,172.31.36.0-255,66,187329,18,195519
5713,0.002299,172.217.194.0-255,2902,190231,18,195519
5714,0.002301,172.31.36.0-255,66,190297,18,195519
5715,0.002338,172.217.194.0-255,4814,195111,18,195519
5716,0.002341,172.31.36.0-255,66,195177,18,195519
5717,0.004586,172.217.194.0-255,105,195282,18,195519
5718,0.010151,172.31.36.0-255,66,195348,18,195519
5719,0.010193,172.31.36.0-255,105,195453,18,195519
5720,0.012426,172.217.194.0-255,66,195519,18,195519
5721,0.0,172.217.27.0-255,152,152,18,163369
5722,3.3e-05,172.31.36.0-255,66,218,18,163369
5723,4e-05,172.217.27.0-255,1484,1702,18,163369
5724,4.4e-05,172.31.36.0-255,66,1768,18,163369
5725,4.8e-05,172.217.27.0-255,2902,4670,18,163369
5726,5e-05,172.31.36.0-255,66,4736,18,163369
5727,5.8e-05,172.217.27.0-255,5738,10474,18,163369
5728,6e-05,172.31.36.0-255,66,10540,18,163369
5729,6.3e-05,172.217.27.0-255,1484,12024,18,163369
5730,6.5e-05,172.31.36.0-255,66,12090,18,163369
5731,8.6e-05,172.217.27.0-255,1484,13574,18,163369
5732,8.8e-05,172.31.36.0-255,66,13640,18,163369
5733,0.00012,172.217.27.0-255,629,14269,18,163369
5734,0.000123,172.31.36.0-255,66,14335,18,163369
5735,0.000228,172.217.27.0-255,1484,15819,18,163369
5736,0.000233,172.31.36.0-255,66,15885,18,163369
5737,0.000238,172.217.27.0-255,2902,18787,18,163369
5738,0.000241,172.31.36.0-255,66,18853,18,163369
5739,0.000254,172.217.27.0-255,2902,21755,18,163369
5740,0.000256,172.31.36.0-255,66,21821,18,163369
5741,0.000275,172.217.27.0-255,2902,24723,18,163369
5742,0.000278,172.31.36.0-255,66,24789,18,163369
5743,0.000292,172.217.27.0-255,2902,27691,18,163369
5744,0.000297,172.31.36.0-255,101,27792,18,163369
5745,0.000314,172.31.36.0-255,66,27858,18,163369
5746,0.000346,172.31.36.0-255,66,27924,18,163369
5747,0.000351,172.217.27.0-255,7156,35080,18,163369
5748,0.000353,172.31.36.0-255,66,35146,18,163369
5749,0.000368,172.31.36.0-255,66,35212,18,163369
5750,0.000376,172.217.27.0-255,4320,39532,18,163369
5751,0.000379,172.217.27.0-255,1061,40593,18,163369
5752,0.000383,172.31.36.0-255,66,40659,18,163369
5753,0.000987,172.217.27.0-255,382,41041,18,163369
5754,0.001171,172.217.27.0-255,1484,42525,18,163369
5755,0.001176,172.31.36.0-255,66,42591,18,163369
5756,0.001184,172.217.27.0-255,2902,45493,18,163369
5757,0.001189,172.217.27.0-255,5738,51231,18,163369
5758,0.001214,172.217.27.0-255,7156,58387,18,163369
5759,0.001219,172.217.27.0-255,4320,62707,18,163369
5760,0.001227,172.31.36.0-255,66,62773,18,163369
5761,0.001239,172.217.27.0-255,7156,69929,18,163369
5762,0.001244,172.31.36.0-255,66,69995,18,163369
5763,0.001253,172.217.27.0-255,2902,72897,18,163369
5764,0.001256,172.217.27.0-255,2184,75081,18,163369
5765,0.001288,172.31.36.0-255,66,75147,18,163369
5766,0.001507,172.217.27.0-255,1484,76631,18,163369
5767,0.001513,172.217.27.0-255,2902,79533,18,163369
5768,0.001516,172.31.36.0-255,66,79599,18,163369
5769,0.001542,172.217.27.0-255,1484,81083,18,163369
5770,0.001554,172.217.27.0-255,4320,85403,18,163369
5771,0.001563,172.217.27.0-255,1484,86887,18,163369
5772,0.001584,172.31.36.0-255,66,86953,18,163369
5773,0.00161,172.217.27.0-255,2902,89855,18,163369
5774,0.00162,172.31.36.0-255,66,89921,18,163369
5775,0.001649,172.217.27.0-255,4320,94241,18,163369
5776,0.001657,172.31.36.0-255,66,94307,18,163369
5777,0.001672,172.31.36.0-255,66,94373,18,163369
5778,0.001683,172.217.27.0-255,4320,98693,18,163369
5779,0.001692,172.31.36.0-255,66,98759,18,163369
5780,0.00171,172.217.27.0-255,6438,105197,18,163369
5781,0.001716,172.31.36.0-255,66,105263,18,163369
5782,0.001905,172.217.27.0-255,66,105329,18,163369
5783,0.003366,172.217.27.0-255,5738,111067,18,163369
5784,0.003371,172.31.36.0-255,66,111133,18,163369
5785,0.005005,172.217.27.0-255,5738,116871,18,163369
5786,0.005009,172.31.36.0-255,66,116937,18,163369
5787,0.006652,172.217.27.0-255,5738,122675,18,163369
5788,0.006659,172.31.36.0-255,66,122741,18,163369
5789,0.008319,172.217.27.0-255,5738,128479,18,163369
5790,0.008325,172.31.36.0-255,66,128545,18,163369
5791,0.010139,172.217.27.0-255,5738,134283,18,163369
5792,0.010202,172.31.36.0-255,66,134349,18,163369
5793,0.011862,172.217.27.0-255,5738,140087,18,163369
5794,0.011868,172.31.36.0-255,66,140153,18,163369
5795,0.013512,172.217.27.0-255,5738,145891,18,163369
5796,0.013519,172.31.36.0-255,66,145957,18,163369
5797,0.015163,172.217.27.0-255,5738,151695,18,163369
5798,0.015169,172.31.36.0-255,66,151761,18,163369
5799,0.016817,172.217.27.0-255,5738,157499,18,163369
5800,0.016824,172.31.36.0-255,66,157565,18,163369
5801,0.01847,172.217.27.0-255,5738,163303,18,163369
5802,0.018477,172.31.36.0-255,66,163369,18,163369
5803,0.0,74.125.24.0-255,150,150,18,189668
5804,2.7e-05,172.31.36.0-255,66,216,18,189668
5805,4.4e-05,74.125.24.0-255,1484,1700,18,189668
5806,4.8e-05,172.31.36.0-255,66,1766,18,189668
5807,5.1e-05,74.125.24.0-255,1484,3250,18,189668
5808,5.4e-05,172.31.36.0-255,66,3316,18,189668
5809,8e-05,74.125.24.0-255,1484,4800,18,189668
5810,8.3e-05,172.31.36.0-255,66,4866,18,189668
5811,9e-05,74.125.24.0-255,5738,10604,18,189668
5812,9.2e-05,172.31.36.0-255,66,10670,18,189668
5813,9.7e-05,74.125.24.0-255,3454,14124,18,189668
5814,9.9e-05,172.31.36.0-255,66,14190,18,189668
5815,0.000122,74.125.24.0-255,1484,15674,18,189668
5816,0.000125,172.31.36.0-255,66,15740,18,189668
5817,0.000146,74.125.24.0-255,2902,18642,18,189668
5818,0.000148,172.31.36.0-255,66,18708,18,189668
5819,0.00016,172.31.36.0-255,66,18774,18,189668
5820,0.0002,74.125.24.0-255,2543,21317,18,189668
5821,0.000203,172.31.36.0-255,66,21383,18,189668
5822,0.000218,74.125.24.0-255,1484,22867,18,189668
5823,0.000221,172.31.36.0-255,66,22933,18,189668
5824,0.000244,74.125.24.0-255,1484,24417,18,189668
5825,0.000248,172.31.36.0-255,66,24483,18,189668
5826,0.00025,74.125.24.0-255,7156,31639,18,189668
5827,0.000253,74.125.24.0-255,2902,34541,18,189668
5828,0.000253,172.31.36.0-255,66,34607,18,189668
5829,0.000256,172.31.36.0-255,66,34673,18,189668
5830,0.000273,74.125.24.0-255,3961,38634,18,189668
5831,0.000276,172.31.36.0-255,66,38700,18,189668
5832,0.000503,74.125.24.0-255,1484,40184,18,189668
5833,0.000508,172.31.36.0-255,66,40250,18,189668
5834,0.000511,74.125.24.0-255,1484,41734,18,189668
5835,0.000523,74.125.24.0-255,1484,43218,18,189668
5836,0.000526,172.31.36.0-255,66,43284,18,189668
5837,0.000533,74.125.24.0-255,5738,49022,18,189668
5838,0.000535,172.31.36.0-255,66,49088,18,189668
5839,0.000575,74.125.24.0-255,6797,55885,18,189668
5840,0.000579,172.31.36.0-255,66,55951,18,189668
5841,0.000689,74.125.24.0-255,645,56596,18,189668
5842,0.000774,172.31.36.0-255,66,56662,18,189668
5843,0.00118,74.125.24.0-255,1484,58146,18,189668
5844,0.00119,74.125.24.0-255,2902,61048,18,189668
5845,0.001194,172.31.36.0-255,66,61114,18,189668
5846,0.001201,74.125.24.0-255,4320,65434,18,189668
5847,0.001202,172.31.36.0-255,66,65500,18,189668
5848,0.001216,74.125.24.0-255,1484,66984,18,189668
5849,0.001227,172.31.36.0-255,66,67050,18,189668
5850,0.001272,74.125.24.0-255,5738,72788,18,189668
5851,0.001276,172.31.36.0-255,66,72854,18,189668
5852,0.001304,172.31.36.0-255,66,72920,18,189668
5853,0.001688,74.125.24.0-255,1484,74404,18,189668
5854,0.001694,74.125.24.0-255,2902,77306,18,189668
5855,0.001697,172.31.36.0-255,66,77372,18,189668
5856,0.001702,74.125.24.0-255,2902,80274,18,189668
5857,0.001704,172.31.36.0-255,66,80340,18,189668
5858,0.001716,74.125.24.0-255,2902,83242,18,189668
5859,0.001718,172.31.36.0-255,66,83308,18,189668
5860,0.001721,74.125.24.0-255,1484,84792,18,189668
5861,0.001743,74.125.24.0-255,4320,89112,18,189668
5862,0.001745,172.31.36.0-255,66,89178,18,189668
5863,0.001757,172.31.36.0-255,66,89244,18,189668
5864,0.001773,74.125.24.0-255,1484,90728,18,189668
5865,0.001796,74.125.24.0-255,1484,92212,18,189668
5866,0.001798,172.31.36.0-255,66,92278,18,189668
5867,0.001817,74.125.24.0-255,3602,95880,18,189668
5868,0.00182,172.31.36.0-255,66,95946,18,189668
5869,0.001932,74.125.24.0-255,1484,97430,18,189668
5870,0.001935,74.125.24.0-255,1484,98914,18,189668
5871,0.001936,172.31.36.0-255,66,98980,18,189668
5872,0.001952,74.125.24.0-255,1484,100464,18,189668
5873,0.001965,74.125.24.0-255,5738,106202,18,189668
5874,0.001967,172.31.36.0-255,66,106268,18,189668
5875,0.002022,74.125.24.0-255,5738,112006,18,189668
5876,0.002025,172.31.36.0-255,66,112072,18,189668
5877,0.002046,74.125.24.0-255,7156,119228,18,189668
5878,0.002048,172.31.36.0-255,66,119294,18,189668
5879,0.002059,172.31.36.0-255,66,119360,18,189668
5880,0.002199,74.125.24.0-255,1484,120844,18,189668
5881,0.002212,74.125.24.0-255,1484,122328,18,189668
5882,0.002214,172.31.36.0-255,66,122394,18,189668
5883,0.002228,74.125.24.0-255,1484,123878,18,189668
5884,0.002231,74.125.24.0-255,1484,125362,18,189668
5885,0.002233,172.31.36.0-255,66,125428,18,189668
5886,0.002253,74.125.24.0-255,2902,128330,18,189668
5887,0.002256,172.31.36.0-255,66,128396,18,189668
5888,0.002268,74.125.24.0-255,1484,129880,18,189668
5889,0.002287,74.125.24.0-255,7156,137036,18,189668
5890,0.002289,172.31.36.0-255,66,137102,18,189668
5891,0.002294,74.125.24.0-255,4320,141422,18,189668
5892,0.002297,172.31.36.0-255,66,141488,18,189668
5893,0.00235,74.125.24.0-255,2902,144390,18,189668
5894,0.002352,172.31.36.0-255,66,144456,18,189668
5895,0.002378,172.31.36.0-255,66,144522,18,189668
5896,0.002424,74.125.24.0-255,1484,146006,18,189668
5897,0.002428,74.125.24.0-255,2902,148908,18,189668
5898,0.00243,172.31.36.0-255,66,148974,18,189668
5899,0.00475,74.125.24.0-255,1484,150458,18,189668
5900,0.004794,74.125.24.0-255,4320,154778,18,189668
5901,0.004799,172.31.36.0-255,66,154844,18,189668
5902,0.007172,74.125.24.0-255,5738,160582,18,189668
5903,0.007177,172.31.36.0-255,66,160648,18,189668
5904,0.009554,74.125.24.0-255,5738,166386,18,189668
5905,0.009561,172.31.36.0-255,66,166452,18,189668
5906,0.011944,74.125.24.0-255,5738,172190,18,189668
5907,0.011955,172.31.36.0-255,66,172256,18,189668
5908,0.014334,74.125.24.0-255,5738,177994,18,189668
5909,0.014341,172.31.36.0-255,66,178060,18,189668
5910,0.016707,74.125.24.0-255,5738,183798,18,189668
5911,0.016717,172.31.36.0-255,66,183864,18,189668
5912,0.019094,74.125.24.0-255,5738,189602,18,189668
5913,0.019101,172.31.36.0-255,66,189668,18,189668
5914,0.0,172.217.194.0-255,153,153,18,234196
5915,3.5e-05,172.31.36.0-255,66,219,18,234196
5916,4.2e-05,172.217.194.0-255,1484,1703,18,234196
5917,4.7e-05,172.31.36.0-255,66,1769,18,234196
5918,5.1e-05,172.217.194.0-255,1484,3253,18,234196
5919,6e-05,172.31.36.0-255,66,3319,18,234196
5920,9.4e-05,172.217.194.0-255,1484,4803,18,234196
5921,9.8e-05,172.31.36.0-255,66,4869,18,234196
5922,0.000106,172.217.194.0-255,5738,10607,18,234196
5923,0.000108,172.31.36.0-255,66,10673,18,234196
5924,0.000114,172.217.194.0-255,4856,15529,18,234196
5925,0.000116,172.31.36.0-255,66,15595,18,234196
5926,0.000122,172.217.194.0-255,5738,21333,18,234196
5927,0.000125,172.31.36.0-255,66,21399,18,234196
5928,0.000167,172.31.36.0-255,66,21465,18,234196
5929,0.000196,172.217.194.0-255,1484,22949,18,234196
5930,0.000199,172.31.36.0-255,66,23015,18,234196
5931,0.000203,172.217.194.0-255,2902,25917,18,234196
5932,0.000205,172.31.36.0-255,66,25983,18,234196
5933,0.000212,172.217.194.0-255,5738,31721,18,234196
5934,0.000215,172.31.36.0-255,66,31787,18,234196
5935,0.000244,172.217.194.0-255,2902,34689,18,234196
5936,0.000246,172.31.36.0-255,66,34755,18,234196
5937,0.000267,172.217.194.0-255,3961,38716,18,234196
5938,0.00027,172.31.36.0-255,66,38782,18,234196
5939,0.000533,172.217.194.0-255,1484,40266,18,234196
5940,0.000537,172.31.36.0-255,66,40332,18,234196
5941,0.000543,172.217.194.0-255,2902,43234,18,234196
5942,0.000546,172.31.36.0-255,66,43300,18,234196
5943,0.00055,172.217.194.0-255,2902,46202,18,234196
5944,0.000559,172.31.36.0-255,66,46268,18,234196
5945,0.000574,172.217.194.0-255,2902,49170,18,234196
5946,0.000591,172.31.36.0-255,66,49236,18,234196
5947,0.000607,172.31.36.0-255,66,49302,18,234196
5948,0.000752,172.217.194.0-255,1484,50786,18,234196
5949,0.000757,172.217.194.0-255,2902,53688,18,234196
5950,0.00076,172.31.36.0-255,66,53754,18,234196
5951,0.000777,172.217.194.0-255,5738,59492,18,234196
5952,0.000789,172.31.36.0-255,66,59558,18,234196
5953,0.000815,172.217.194.0-255,4320,63878,18,234196
5954,0.000824,172.31.36.0-255,66,63944,18,234196
5955,0.00083,172.217.194.0-255,4320,68264,18,234196
5956,0.000844,172.31.36.0-255,66,68330,18,234196
5957,0.000853,172.217.194.0-255,4320,72650,18,234196
5958,0.000856,172.31.36.0-255,66,72716,18,234196
5959,0.000859,172.217.194.0-255,1484,74200,18,234196
5960,0.000882,172.31.36.0-255,66,74266,18,234196
5961,0.000921,172.217.194.0-255,1484,75750,18,234196
5962,0.000927,172.31.36.0-255,66,75816,18,234196
5963,0.000942,172.31.36.0-255,66,75882,18,234196
5964,0.000956,172.217.194.0-255,4320,80202,18,234196
5965,0.000964,172.31.36.0-255,66,80268,18,234196
5966,0.000978,172.31.36.0-255,66,80334,18,234196
5967,0.00099,172.217.194.0-255,1484,81818,18,234196
5968,0.001016,172.217.194.0-255,1484,83302,18,234196
5969,0.001021,172.31.36.0-255,66,83368,18,234196
5970,0.001027,172.217.194.0-255,1484,84852,18,234196
5971,0.001102,172.217.194.0-255,7156,92008,18,234196
5972,0.001113,172.31.36.0-255,66,92074,18,234196
5973,0.001123,172.217.194.0-255,4320,96394,18,234196
5974,0.001132,172.31.36.0-255,66,96460,18,234196
5975,0.001146,172.31.36.0-255,66,96526,18,234196
5976,0.001518,172.217.194.0-255,1484,98010,18,234196
5977,0.001526,172.217.194.0-255,2902,100912,18,234196
5978,0.001529,172.31.36.0-255,66,100978,18,234196
5979,0.001534,172.217.194.0-255,2902,103880,18,234196
5980,0.001552,172.31.36.0-255,66,103946,18,234196
5981,0.001559,172.217.194.0-255,2902,106848,18,234196
5982,0.001567,172.31.36.0-255,66,106914,18,234196
5983,0.001572,172.31.36.0-255,66,106980,18,234196
5984,0.001615,172.217.194.0-255,4320,111300,18,234196
5985,0.001619,172.31.36.0-255,66,111366,18,234196
5986,0.001663,172.31.36.0-255,66,111432,18,234196
5987,0.001728,172.217.194.0-255,1484,112916,18,234196
5988,0.001746,172.217.194.0-255,2902,115818,18,234196
5989,0.001749,172.217.194.0-255,1484,117302,18,234196
5990,0.001754,172.31.36.0-255,66,117368,18,234196
5991,0.001784,172.217.194.0-255,4320,121688,18,234196
5992,0.001787,172.31.36.0-255,66,121754,18,234196
5993,0.001794,172.217.194.0-255,5738,127492,18,234196
5994,0.001806,172.31.36.0-255,66,127558,18,234196
5995,0.00181,172.31.36.0-255,66,127624,18,234196
5996,0.001838,172.217.194.0-255,5020,132644,18,234196
5997,0.001852,172.31.36.0-255,66,132710,18,234196
5998,0.002185,172.217.194.0-255,1484,134194,18,234196
5999,0.002204,172.217.194.0-255,2902,137096,18,234196
6000,0.002208,172.217.194.0-255,2902,139998,18,234196
6001,0.002209,172.31.36.0-255,66,140064,18,234196
6002,0.002225,172.31.36.0-255,66,140130,18,234196
6003,0.002236,172.217.194.0-255,2902,143032,18,234196
6004,0.002239,172.217.194.0-255,1484,144516,18,234196
6005,0.002269,172.217.194.0-255,2902,147418,18,234196
6006,0.002308,172.217.194.0-255,5738,153156,18,234196
6007,0.002325,172.217.194.0-255,4320,157476,18,234196
6008,0.002345,172.217.194.0-255,4320,161796,18,234196
6009,0.00235,172.217.194.0-255,4320,166116,18,234196
6010,0.002385,172.217.194.0-255,1484,167600,18,234196
6011,0.002388,172.217.194.0-255,1484,169084,18,234196
6012,0.002403,172.217.194.0-255,7156,176240,18,234196
6013,0.002466,172.217.194.0-255,5020,181260,18,234196
6014,0.00252,172.217.194.0-255,1484,182744,18,234196
6015,0.002524,172.217.194.0-255,2902,185646,18,234196
6016,0.002531,172.217.194.0-255,5738,191384,18,234196
6017,0.002554,172.217.194.0-255,2902,194286,18,234196
6018,0.002581,172.217.194.0-255,1484,195770,18,234196
6019,0.002605,172.217.194.0-255,7156,202926,18,234196
6020,0.002624,172.217.194.0-255,2184,205110,18,234196
6021,0.005011,172.31.36.0-255,66,205176,18,234196
6022,0.007656,172.217.194.0-255,5738,210914,18,234196
6023,0.007664,172.31.36.0-255,66,210980,18,234196
6024,0.010243,172.217.194.0-255,5738,216718,18,234196
6025,0.01025,172.31.36.0-255,66,216784,18,234196
6026,0.012827,172.217.194.0-255,5738,222522,18,234196
6027,0.012838,172.31.36.0-255,66,222588,18,234196
6028,0.015435,172.217.194.0-255,5738,228326,18,234196
6029,0.0173,172.31.36.0-255,66,228392,18,234196
6030,0.019868,172.217.194.0-255,5738,234130,18,234196
6031,0.019878,172.31.36.0-255,66,234196,18,234196
6032,0.0,74.125.24.0-255,152,152,18,124399
6033,3.7e-05,172.31.36.0-255,66,218,18,124399
6034,4.4e-05,74.125.24.0-255,1484,1702,18,124399
6035,4.8e-05,172.31.36.0-255,66,1768,18,124399
6036,6.1e-05,74.125.24.0-255,2902,4670,18,124399
6037,8e-05,172.31.36.0-255,66,4736,18,124399
6038,8.8e-05,74.125.24.0-255,7156,11892,18,124399
6039,9.1e-05,172.31.36.0-255,66,11958,18,124399
6040,0.000102,74.125.24.0-255,1484,13442,18,124399
6041,0.000105,172.31.36.0-255,66,13508,18,124399
6042,0.000109,172.31.36.0-255,66,13574,18,124399
6043,0.000155,172.31.36.0-255,66,13640,18,124399
6044,0.000177,74.125.24.0-255,2902,16542,18,124399
6045,0.00018,172.31.36.0-255,66,16608,18,124399
6046,0.000231,172.31.36.0-255,66,16674,18,124399
6047,0.000307,74.125.24.0-255,1484,18158,18,124399
6048,0.000312,172.31.36.0-255,66,18224,18,124399
6049,0.000319,74.125.24.0-255,2902,21126,18,124399
6050,0.000321,172.31.36.0-255,66,21192,18,124399
6051,0.000334,74.125.24.0-255,5738,26930,18,124399
6052,0.000337,172.31.36.0-255,66,26996,18,124399
6053,0.000373,74.125.24.0-255,7106,34102,18,124399
6054,0.000377,172.31.36.0-255,66,34168,18,124399
6055,0.000564,74.125.24.0-255,115,34283,18,124399
6056,0.00057,172.31.36.0-255,66,34349,18,124399
6057,0.000604,74.125.24.0-255,1484,35833,18,124399
6058,0.000608,172.31.36.0-255,66,35899,18,124399
6059,0.000614,74.125.24.0-255,2902,38801,18,124399
6060,0.000618,172.31.36.0-255,66,38867,18,124399
6061,0.000631,74.125.24.0-255,5738,44605,18,124399
6062,0.000634,172.31.36.0-255,66,44671,18,124399
6063,0.000638,74.125.24.0-255,1484,46155,18,124399
6064,0.000697,172.31.36.0-255,66,46221,18,124399
6065,0.000717,172.31.36.0-255,66,46287,18,124399
6066,0.000751,74.125.24.0-255,1484,47771,18,124399
6067,0.000757,74.125.24.0-255,2902,50673,18,124399
6068,0.000761,172.31.36.0-255,66,50739,18,124399
6069,0.000765,74.125.24.0-255,1484,52223,18,124399
6070,0.000801,74.125.24.0-255,4320,56543,18,124399
6071,0.000805,172.31.36.0-255,66,56609,18,124399
6072,0.000821,172.31.36.0-255,66,56675,18,124399
6073,0.00084,172.31.36.0-255,66,56741,18,124399
6074,0.000917,74.125.24.0-255,1484,58225,18,124399
6075,0.000923,74.125.24.0-255,2902,61127,18,124399
6076,0.000927,172.31.36.0-255,66,61193,18,124399
6077,0.000935,74.125.24.0-255,5738,66931,18,124399
6078,0.000937,172.31.36.0-255,66,66997,18,124399
6079,0.000962,74.125.24.0-255,4320,71317,18,124399
6080,0.000966,172.31.36.0-255,66,71383,18,124399
6081,0.001019,172.31.36.0-255,66,71449,18,124399
6082,0.001031,172.31.36.0-255,66,71515,18,124399
6083,0.001037,74.125.24.0-255,2184,73699,18,124399
6084,0.001041,172.31.36.0-255,66,73765,18,124399
6085,0.001254,74.125.24.0-255,1484,75249,18,124399
6086,0.001261,74.125.24.0-255,2902,78151,18,124399
6087,0.001266,172.31.36.0-255,66,78217,18,124399
6088,0.001306,74.125.24.0-255,4320,82537,18,124399
6089,0.00131,172.31.36.0-255,66,82603,18,124399
6090,0.001342,74.125.24.0-255,2902,85505,18,124399
6091,0.001346,172.31.36.0-255,66,85571,18,124399
6092,0.001379,74.125.24.0-255,2902,88473,18,124399
6093,0.001382,172.31.36.0-255,66,88539,18,124399
6094,0.001397,172.31.36.0-255,66,88605,18,124399
6095,0.001414,172.31.36.0-255,66,88671,18,124399
6096,0.001417,74.125.24.0-255,1484,90155,18,124399
6097,0.001421,74.125.24.0-255,2902,93057,18,124399
6098,0.001424,172.31.36.0-255,66,93123,18,124399
6099,0.001431,74.125.24.0-255,5738,98861,18,124399
6100,0.001434,172.31.36.0-255,66,98927,18,124399
6101,0.001449,172.31.36.0-255,66,98993,18,124399
6102,0.001461,172.31.36.0-255,66,99059,18,124399
6103,0.001567,172.31.36.0-255,66,99125,18,124399
6104,0.001582,172.31.36.0-255,66,99191,18,124399
6105,0.001612,172.31.36.0-255,66,99257,18,124399
6106,0.00162,74.125.24.0-255,7156,106413,18,124399
6107,0.001622,172.31.36.0-255,66,106479,18,124399
6108,0.001665,172.31.36.0-255,66,106545,18,124399
6109,0.00168,172.31.36.0-255,66,106611,18,124399
6110,0.001724,172.31.36.0-255,66,106677,18,124399
6111,0.001741,172.31.36.0-255,66,106743,18,124399
6112,0.001749,74.125.24.0-255,7156,113899,18,124399
6113,0.001755,172.31.36.0-255,66,113965,18,124399
6114,0.001791,172.31.36.0-255,66,114031,18,124399
6115,0.001795,74.125.24.0-255,766,114797,18,124399
6116,0.001829,172.31.36.0-255,66,114863,18,124399
6117,0.001882,172.31.36.0-255,66,114929,18,124399
6118,0.001886,172.31.36.0-255,66,114995,18,124399
6119,0.001893,74.125.24.0-255,6438,121433,18,124399
6120,0.001901,172.31.36.0-255,66,121499,18,124399
6121,0.001936,74.125.24.0-255,2492,123991,18,124399
6122,0.00194,172.31.36.0-255,66,124057,18,124399
6123,0.00197,74.125.24.0-255,105,124162,18,124399
6124,0.003612,172.31.36.0-255,66,124228,18,124399
6125,0.003644,172.31.36.0-255,105,124333,18,124399
6126,0.005906,74.125.24.0-255,66,124399,18,124399
6127,0.0,172.217.194.0-255,146,146,18,147906
6128,2.2e-05,172.31.36.0-255,66,212,18,147906
6129,2.9e-05,172.217.194.0-255,1484,1696,18,147906
6130,3.5e-05,172.31.36.0-255,66,1762,18,147906
6131,4e-05,172.217.194.0-255,2902,4664,18,147906
6132,5e-05,172.31.36.0-255,66,4730,18,147906
6133,5.8e-05,172.217.194.0-255,7156,11886,18,147906
6134,6.1e-05,172.31.36.0-255,66,11952,18,147906
6135,6.5e-05,172.217.194.0-255,2018,13970,18,147906
6136,6.8e-05,172.31.36.0-255,66,14036,18,147906
6137,9.3e-05,172.217.194.0-255,2902,16938,18,147906
6138,9.6e-05,172.31.36.0-255,66,17004,18,147906
6139,0.000128,172.217.194.0-255,4320,21324,18,147906
6140,0.000131,172.31.36.0-255,66,21390,18,147906
6141,0.000158,172.217.194.0-255,4320,25710,18,147906
6142,0.000161,172.31.36.0-255,66,25776,18,147906
6143,0.00019,172.217.194.0-255,4320,30096,18,147906
6144,0.000193,172.31.36.0-255,66,30162,18,147906
6145,0.000205,172.31.36.0-255,66,30228,18,147906
6146,0.00024,172.31.36.0-255,66,30294,18,147906
6147,0.000874,172.217.194.0-255,1484,31778,18,147906
6148,0.000881,172.31.36.0-255,66,31844,18,147906
6149,0.000887,172.217.194.0-255,2902,34746,18,147906
6150,0.000889,172.31.36.0-255,66,34812,18,147906
6151,0.000901,172.217.194.0-255,5738,40550,18,147906
6152,0.000903,172.31.36.0-255,66,40616,18,147906
6153,0.000937,172.217.194.0-255,7088,47704,18,147906
6154,0.00094,172.31.36.0-255,66,47770,18,147906
6155,0.00097,172.217.194.0-255,7156,54926,18,147906
6156,0.000974,172.31.36.0-255,66,54992,18,147906
6157,0.001002,172.217.194.0-255,4320,59312,18,147906
6158,0.001006,172.31.36.0-255,66,59378,18,147906
6159,0.001012,172.217.194.0-255,4320,63698,18,147906
6160,0.001032,172.217.194.0-255,1484,65182,18,147906
6161,0.001039,172.217.194.0-255,7156,72338,18,147906
6162,0.001045,172.31.36.0-255,66,72404,18,147906
6163,0.001097,172.217.194.0-255,5738,78142,18,147906
6164,0.0011,172.31.36.0-255,66,78208,18,147906
6165,0.001127,172.217.194.0-255,3602,81810,18,147906
6166,0.001145,172.31.36.0-255,66,81876,18,147906
6167,0.002091,172.217.194.0-255,364,82240,18,147906
6168,0.002141,172.217.194.0-255,1484,83724,18,147906
6169,0.002147,172.31.36.0-255,66,83790,18,147906
6170,0.002153,172.217.194.0-255,2902,86692,18,147906
6171,0.002203,172.217.194.0-255,5738,92430,18,147906
6172,0.00221,172.217.194.0-255,5738,98168,18,147906
6173,0.002224,172.217.194.0-255,1484,99652,18,147906
6174,0.002246,172.217.194.0-255,4320,103972,18,147906
6175,0.002256,172.31.36.0-255,66,104038,18,147906
6176,0.00228,172.31.36.0-255,66,104104,18,147906
6177,0.002308,172.217.194.0-255,2184,106288,18,147906
6178,0.002328,172.31.36.0-255,66,106354,18,147906
6179,0.004589,172.217.194.0-255,2902,109256,18,147906
6180,0.004594,172.31.36.0-255,66,109322,18,147906
6181,0.004635,172.217.194.0-255,2902,112224,18,147906
6182,0.005235,172.31.36.0-255,66,112290,18,147906
6183,0.006926,172.217.194.0-255,2902,115192,18,147906
6184,0.006933,172.31.36.0-255,66,115258,18,147906
6185,0.00756,172.217.194.0-255,2902,118160,18,147906
6186,0.007564,172.31.36.0-255,66,118226,18,147906
6187,0.009238,172.217.194.0-255,2902,121128,18,147906
6188,0.009245,172.31.36.0-255,66,121194,18,147906
6189,0.009918,172.217.194.0-255,2902,124096,18,147906
6190,0.009924,172.31.36.0-255,66,124162,18,147906
6191,0.011571,172.217.194.0-255,2902,127064,18,147906
6192,0.011579,172.31.36.0-255,66,127130,18,147906
6193,0.012241,172.217.194.0-255,2902,130032,18,147906
6194,0.012249,172.31.36.0-255,66,130098,18,147906
6195,0.013917,172.217.194.0-255,2902,133000,18,147906
6196,0.013923,172.31.36.0-255,66,133066,18,147906
6197,0.01458,172.217.194.0-255,2902,135968,18,147906
6198,0.014586,172.31.36.0-255,66,136034,18,147906
6199,0.016285,172.217.194.0-255,2902,138936,18,147906
6200,0.016293,172.31.36.0-255,66,139002,18,147906
6201,0.016929,172.217.194.0-255,2902,141904,18,147906
6202,0.016935,172.31.36.0-255,66,141970,18,147906
6203,0.018619,172.217.194.0-255,2902,144872,18,147906
6204,0.018627,172.31.36.0-255,66,144938,18,147906
6205,0.019257,172.217.194.0-255,2902,147840,18,147906
6206,0.019263,172.31.36.0-255,66,147906,18,147906
6207,0.0,74.125.130.0-255,297,297,18,191809
6208,1.6e-05,172.31.36.0-255,66,363,18,191809
6209,2.3e-05,74.125.130.0-255,1484,1847,18,191809
6210,2.7e-05,172.31.36.0-255,66,1913,18,191809
6211,5.9e-05,74.125.130.0-255,4320,6233,18,191809
6212,6.2e-05,172.31.36.0-255,66,6299,18,191809
6213,9.7e-05,172.31.36.0-255,66,6365,18,191809
6214,0.000123,74.125.130.0-255,2902,9267,18,191809
6215,0.000125,172.31.36.0-255,66,9333,18,191809
6216,0.000152,74.125.130.0-255,4320,13653,18,191809
6217,0.000155,172.31.36.0-255,66,13719,18,191809
6218,0.000187,74.125.130.0-255,4320,18039,18,191809
6219,0.00019,172.31.36.0-255,66,18105,18,191809
6220,0.000215,74.125.130.0-255,4320,22425,18,191809
6221,0.000217,172.31.36.0-255,66,22491,18,191809
6222,0.000221,74.125.130.0-255,1484,23975,18,191809
6223,0.000223,172.31.36.0-255,66,24041,18,191809
6224,0.000261,74.125.130.0-255,5738,29779,18,191809
6225,0.000264,172.31.36.0-255,66,29845,18,191809
6226,0.000296,74.125.130.0-255,1484,31329,18,191809
6227,0.000298,172.31.36.0-255,66,31395,18,191809
6228,0.000329,74.125.130.0-255,7156,38551,18,191809
6229,0.000333,172.31.36.0-255,66,38617,18,191809
6230,0.000336,74.125.130.0-255,1484,40101,18,191809
6231,0.000338,172.31.36.0-255,66,40167,18,191809
6232,0.000365,74.125.130.0-255,766,40933,18,191809
6233,0.000368,172.31.36.0-255,66,40999,18,191809
6234,0.00048,74.125.130.0-255,1484,42483,18,191809
6235,0.000484,172.31.36.0-255,66,42549,18,191809
6236,0.000513,74.125.130.0-255,2902,45451,18,191809
6237,0.000516,172.31.36.0-255,66,45517,18,191809
6238,0.000522,74.125.130.0-255,4320,49837,18,191809
6239,0.000524,172.31.36.0-255,66,49903,18,191809
6240,0.000557,74.125.130.0-255,5738,55641,18,191809
6241,0.000561,172.31.36.0-255,66,55707,18,191809
6242,0.00058,74.125.130.0-255,3122,58829,18,191809
6243,0.000582,172.31.36.0-255,66,58895,18,191809
6244,0.001691,74.125.130.0-255,1484,60379,18,191809
6245,0.001703,74.125.130.0-255,2902,63281,18,191809
6246,0.001708,172.31.36.0-255,66,63347,18,191809
6247,0.001716,74.125.130.0-255,4320,67667,18,191809
6248,0.001718,172.31.36.0-255,66,67733,18,191809
6249,0.001753,74.125.130.0-255,1484,69217,18,191809
6250,0.001761,74.125.130.0-255,5738,74955,18,191809
6251,0.001764,172.31.36.0-255,66,75021,18,191809
6252,0.001772,74.125.130.0-255,7156,82177,18,191809
6253,0.001774,172.31.36.0-255,66,82243,18,191809
6254,0.001784,74.125.130.0-255,2902,85145,18,191809
6255,0.001786,172.31.36.0-255,66,85211,18,191809
6256,0.001826,172.31.36.0-255,66,85277,18,191809
6257,0.002347,74.125.130.0-255,1484,86761,18,191809
6258,0.002356,74.125.130.0-255,2902,89663,18,191809
6259,0.002361,172.31.36.0-255,66,89729,18,191809
6260,0.002369,74.125.130.0-255,5738,95467,18,191809
6261,0.002371,172.31.36.0-255,66,95533,18,191809
6262,0.002404,74.125.130.0-255,5738,101271,18,191809
6263,0.002406,172.31.36.0-255,66,101337,18,191809
6264,0.002436,74.125.130.0-255,7156,108493,18,191809
6265,0.002438,172.31.36.0-255,66,108559,18,191809
6266,0.002444,74.125.130.0-255,2902,111461,18,191809
6267,0.002446,172.31.36.0-255,66,111527,18,191809
6268,0.002486,172.31.36.0-255,66,111593,18,191809
6269,0.002517,172.31.36.0-255,66,111659,18,191809
6270,0.002526,74.125.130.0-255,5738,117397,18,191809
6271,0.002528,172.31.36.0-255,66,117463,18,191809
6272,0.002565,74.125.130.0-255,2902,120365,18,191809
6273,0.002568,172.31.36.0-255,66,120431,18,191809
6274,0.002598,74.125.130.0-255,4320,124751,18,191809
6275,0.002601,172.31.36.0-255,66,124817,18,191809
6276,0.002608,74.125.130.0-255,6438,131255,18,191809
6277,0.00261,172.31.36.0-255,66,131321,18,191809
6278,0.002706,74.125.130.0-255,1484,132805,18,191809
6279,0.002713,74.125.130.0-255,2902,135707,18,191809
6280,0.002716,172.31.36.0-255,66,135773,18,191809
6281,0.002743,74.125.130.0-255,4320,140093,18,191809
6282,0.002746,172.31.36.0-255,66,140159,18,191809
6283,0.002785,172.31.36.0-255,66,140225,18,191809
6284,0.002791,74.125.130.0-255,4320,144545,18,191809
6285,0.002793,172.31.36.0-255,66,144611,18,191809
6286,0.002796,74.125.130.0-255,1484,146095,18,191809
6287,0.002827,74.125.130.0-255,4320,150415,18,191809
6288,0.00283,172.31.36.0-255,66,150481,18,191809
6289,0.002838,74.125.130.0-255,6438,156919,18,191809
6290,0.00284,172.31.36.0-255,66,156985,18,191809
6291,0.005622,74.125.130.0-255,5738,162723,18,191809
6292,0.005636,172.31.36.0-255,66,162789,18,191809
6293,0.008413,74.125.130.0-255,5738,168527,18,191809
6294,0.008426,172.31.36.0-255,66,168593,18,191809
6295,0.011201,74.125.130.0-255,5738,174331,18,191809
6296,0.011209,172.31.36.0-255,66,174397,18,191809
6297,0.014002,74.125.130.0-255,5738,180135,18,191809
6298,0.014021,172.31.36.0-255,66,180201,18,191809
6299,0.016844,74.125.130.0-255,5738,185939,18,191809
6300,0.016861,172.31.36.0-255,66,186005,18,191809
6301,0.01965,74.125.130.0-255,5738,191743,18,191809
6302,0.019667,172.31.36.0-255,66,191809,18,191809
6303,0.0,172.217.194.0-255,143,143,18,190176
6304,1.1e-05,172.31.36.0-255,66,209,18,190176
6305,3.4e-05,172.217.194.0-255,1484,1693,18,190176
6306,3.8e-05,172.31.36.0-255,66,1759,18,190176
6307,4.3e-05,172.217.194.0-255,2902,4661,18,190176
6308,4.5e-05,172.31.36.0-255,66,4727,18,190176
6309,7.5e-05,172.217.194.0-255,7156,11883,18,190176
6310,7.7e-05,172.31.36.0-255,66,11949,18,190176
6311,9.1e-05,172.217.194.0-255,2902,14851,18,190176
6312,9.3e-05,172.31.36.0-255,66,14917,18,190176
6313,0.000127,172.31.36.0-255,66,14983,18,190176
6314,0.000131,172.217.194.0-255,2902,17885,18,190176
6315,0.000133,172.31.36.0-255,66,17951,18,190176
6316,0.000148,172.217.194.0-255,2543,20494,18,190176
6317,0.00015,172.31.36.0-255,66,20560,18,190176
6318,0.000153,172.217.194.0-255,1484,22044,18,190176
6319,0.000155,172.31.36.0-255,66,22110,18,190176
6320,0.00018,172.217.194.0-255,4320,26430,18,190176
6321,0.000182,172.31.36.0-255,66,26496,18,190176
6322,0.000188,172.217.194.0-255,7156,33652,18,190176
6323,0.00019,172.31.36.0-255,66,33718,18,190176
6324,0.000217,172.217.194.0-255,5738,39456,18,190176
6325,0.000219,172.31.36.0-255,66,39522,18,190176
6326,0.00023,172.31.36.0-255,66,39588,18,190176
6327,0.000249,172.217.194.0-255,2902,42490,18,190176
6328,0.000252,172.31.36.0-255,66,42556,18,190176
6329,0.00027,172.217.194.0-255,2184,44740,18,190176
6330,0.000272,172.31.36.0-255,66,44806,18,190176
6331,0.000287,172.217.194.0-255,377,45183,18,190176
6332,0.000289,172.31.36.0-255,66,45249,18,190176
6333,0.000482,172.217.194.0-255,365,45614,18,190176
6334,0.000733,172.217.194.0-255,1484,47098,18,190176
6335,0.00074,172.217.194.0-255,2902,50000,18,190176
6336,0.000761,172.217.194.0-255,1484,51484,18,190176
6337,0.000781,172.217.194.0-255,4320,55804,18,190176
6338,0.000805,172.31.36.0-255,66,55870,18,190176
6339,0.000865,172.31.36.0-255,66,55936,18,190176
6340,0.001568,172.217.194.0-255,1484,57420,18,190176
6341,0.001578,172.217.194.0-255,2902,60322,18,190176
6342,0.001582,172.31.36.0-255,66,60388,18,190176
6343,0.00159,172.217.194.0-255,5738,66126,18,190176
6344,0.001613,172.217.194.0-255,4320,70446,18,190176
6345,0.001632,172.217.194.0-255,1484,71930,18,190176
6346,0.001683,172.217.194.0-255,1484,73414,18,190176
6347,0.001698,172.217.194.0-255,2902,76316,18,190176
6348,0.001703,172.217.194.0-255,5738,82054,18,190176
6349,0.00172,172.217.194.0-255,4320,86374,18,190176
6350,0.001739,172.217.194.0-255,4320,90694,18,190176
6351,0.001751,172.217.194.0-255,2902,93596,18,190176
6352,0.001788,172.217.194.0-255,2902,96498,18,190176
6353,0.001804,172.217.194.0-255,766,97264,18,190176
6354,0.001826,172.217.194.0-255,1484,98748,18,190176
6355,0.001845,172.217.194.0-255,2902,101650,18,190176
6356,0.001848,172.217.194.0-255,1484,103134,18,190176
6357,0.001865,172.217.194.0-255,4320,107454,18,190176
6358,0.001878,172.217.194.0-255,4320,111774,18,190176
6359,0.001881,172.217.194.0-255,1484,113258,18,190176
6360,0.001938,172.217.194.0-255,4320,117578,18,190176
6361,0.001971,172.217.194.0-255,2902,120480,18,190176
6362,0.00201,172.217.194.0-255,1484,121964,18,190176
6363,0.002026,172.217.194.0-255,5738,127702,18,190176
6364,0.002044,172.217.194.0-255,2184,129886,18,190176
6365,0.002226,172.217.194.0-255,1484,131370,18,190176
6366,0.002232,172.217.194.0-255,2902,134272,18,190176
6367,0.002257,172.217.194.0-255,4320,138592,18,190176
6368,0.002272,172.217.194.0-255,1484,140076,18,190176
6369,0.002277,172.217.194.0-255,2902,142978,18,190176
6370,0.00229,172.217.194.0-255,1484,144462,18,190176
6371,0.002317,172.217.194.0-255,2902,147364,18,190176
6372,0.002373,172.217.194.0-255,1484,148848,18,190176
6373,0.00239,172.217.194.0-255,6438,155286,18,190176
6374,0.005388,172.31.36.0-255,66,155352,18,190176
6375,0.007746,172.217.194.0-255,5738,161090,18,190176
6376,0.007755,172.31.36.0-255,66,161156,18,190176
6377,0.010125,172.217.194.0-255,5738,166894,18,190176
6378,0.010135,172.31.36.0-255,66,166960,18,190176
6379,0.012507,172.217.194.0-255,5738,172698,18,190176
6380,0.012515,172.31.36.0-255,66,172764,18,190176
6381,0.014858,172.217.194.0-255,5738,178502,18,190176
6382,0.014867,172.31.36.0-255,66,178568,18,190176
6383,0.017228,172.217.194.0-255,5738,184306,18,190176
6384,0.017236,172.31.36.0-255,66,184372,18,190176
6385,0.01961,172.217.194.0-255,5738,190110,18,190176
6386,0.01962,172.31.36.0-255,66,190176,18,190176
6387,0.0,74.125.24.0-255,153,153,18,258311
6388,2.2e-05,172.31.36.0-255,66,219,18,258311
6389,3e-05,74.125.24.0-255,1484,1703,18,258311
6390,4.8e-05,172.31.36.0-255,66,1769,18,258311
6391,5.5e-05,74.125.24.0-255,2902,4671,18,258311
6392,5.8e-05,172.31.36.0-255,66,4737,18,258311
6393,6.5e-05,74.125.24.0-255,7156,11893,18,258311
6394,6.7e-05,172.31.36.0-255,66,11959,18,258311
6395,7.2e-05,74.125.24.0-255,2028,13987,18,258311
6396,7.5e-05,172.31.36.0-255,66,14053,18,258311
6397,0.000103,74.125.24.0-255,2902,16955,18,258311
6398,0.000107,172.31.36.0-255,66,17021,18,258311
6399,0.000111,74.125.24.0-255,1484,18505,18,258311
6400,0.000113,172.31.36.0-255,66,18571,18,258311
6401,0.000118,74.125.24.0-255,2902,21473,18,258311
6402,0.000121,172.31.36.0-255,66,21539,18,258311
6403,0.000147,74.125.24.0-255,2902,24441,18,258311
6404,0.00015,172.31.36.0-255,66,24507,18,258311
6405,0.000169,74.125.24.0-255,4320,28827,18,258311
6406,0.000172,172.31.36.0-255,66,28893,18,258311
6407,0.00019,74.125.24.0-255,7156,36049,18,258311
6408,0.000193,172.31.36.0-255,66,36115,18,258311
6409,0.000217,74.125.24.0-255,2543,38658,18,258311
6410,0.000219,172.31.36.0-255,66,38724,18,258311
6411,0.000223,74.125.24.0-255,1484,40208,18,258311
6412,0.000225,172.31.36.0-255,66,40274,18,258311
6413,0.000236,172.31.36.0-255,66,40340,18,258311
6414,0.000254,74.125.24.0-255,2902,43242,18,258311
6415,0.000256,172.31.36.0-255,66,43308,18,258311
6416,0.000285,74.125.24.0-255,5738,49046,18,258311
6417,0.000288,172.31.36.0-255,66,49112,18,258311
6418,0.000295,74.125.24.0-255,7156,56268,18,258311
6419,0.000337,74.125.24.0-255,1767,58035,18,258311
6420,0.000556,74.125.24.0-255,1484,59519,18,258311
6421,0.000572,74.125.24.0-255,2902,62421,18,258311
6422,0.000578,74.125.24.0-255,5738,68159,18,258311
6423,0.00058,74.125.24.0-255,1484,69643,18,258311
6424,0.000592,74.125.24.0-255,1484,71127,18,258311
6425,0.000637,74.125.24.0-255,5738,76865,18,258311
6426,0.00065,74.125.24.0-255,3602,80467,18,258311
6427,0.000745,172.31.36.0-255,66,80533,18,258311
6428,0.001021,74.125.24.0-255,1484,82017,18,258311
6429,0.001028,74.125.24.0-255,2902,84919,18,258311
6430,0.001037,172.31.36.0-255,66,84985,18,258311
6431,0.00105,74.125.24.0-255,5738,90723,18,258311
6432,0.001069,74.125.24.0-255,2902,93625,18,258311
6433,0.001084,172.31.36.0-255,66,93691,18,258311
6434,0.001104,74.125.24.0-255,2902,96593,18,258311
6435,0.001109,172.31.36.0-255,66,96659,18,258311
6436,0.001134,74.125.24.0-255,1484,98143,18,258311
6437,0.001148,172.31.36.0-255,66,98209,18,258311
6438,0.00116,74.125.24.0-255,5738,103947,18,258311
6439,0.001177,172.31.36.0-255,66,104013,18,258311
6440,0.001194,74.125.24.0-255,4320,108333,18,258311
6441,0.001206,172.31.36.0-255,66,108399,18,258311
6442,0.001219,74.125.24.0-255,7156,115555,18,258311
6443,0.001224,172.31.36.0-255,66,115621,18,258311
6444,0.001235,74.125.24.0-255,5738,121359,18,258311
6445,0.001274,74.125.24.0-255,1484,122843,18,258311
6446,0.001298,74.125.24.0-255,6438,129281,18,258311
6447,0.001344,172.31.36.0-255,66,129347,18,258311
6448,0.001354,74.125.24.0-255,1484,130831,18,258311
6449,0.001358,74.125.24.0-255,1484,132315,18,258311
6450,0.001377,74.125.24.0-255,1484,133799,18,258311
6451,0.001384,74.125.24.0-255,5738,139537,18,258311
6452,0.001391,172.31.36.0-255,66,139603,18,258311
6453,0.001403,74.125.24.0-255,2902,142505,18,258311
6454,0.001417,74.125.24.0-255,2902,145407,18,258311
6455,0.001432,74.125.24.0-255,1484,146891,18,258311
6456,0.00144,172.31.36.0-255,66,146957,18,258311
6457,0.001454,74.125.24.0-255,1484,148441,18,258311
6458,0.001459,74.125.24.0-255,4320,152761,18,258311
6459,0.001473,74.125.24.0-255,1484,154245,18,258311
6460,0.001484,74.125.24.0-255,1484,155729,18,258311
6461,0.001487,172.31.36.0-255,66,155795,18,258311
6462,0.001508,74.125.24.0-255,2902,158697,18,258311
6463,0.001514,74.125.24.0-255,5020,163717,18,258311
6464,0.001525,172.31.36.0-255,66,163783,18,258311
6465,0.001544,74.125.24.0-255,1484,165267,18,258311
6466,0.001549,74.125.24.0-255,2902,168169,18,258311
6467,0.001555,172.31.36.0-255,66,168235,18,258311
6468,0.001585,74.125.24.0-255,5738,173973,18,258311
6469,0.00159,74.125.24.0-255,2902,176875,18,258311
6470,0.001607,172.31.36.0-255,66,176941,18,258311
6471,0.001639,74.125.24.0-255,766,177707,18,258311
6472,0.001654,172.31.36.0-255,66,177773,18,258311
6473,0.001786,74.125.24.0-255,1484,179257,18,258311
6474,0.0018,74.125.24.0-255,2902,182159,18,258311
6475,0.001806,74.125.24.0-255,4320,186479,18,258311
6476,0.001811,172.31.36.0-255,66,186545,18,258311
6477,0.001824,74.125.24.0-255,1484,188029,18,258311
6478,0.00183,74.125.24.0-255,4320,192349,18,258311
6479,0.001844,74.125.24.0-255,4320,196669,18,258311
6480,0.00186,74.125.24.0-255,7156,203825,18,258311
6481,0.001862,74.125.24.0-255,1484,205309,18,258311
6482,0.001869,172.31.36.0-255,66,205375,18,258311
6483,0.001887,74.125.24.0-255,6438,211813,18,258311
6484,0.001909,172.31.36.0-255,66,211879,18,258311
6485,0.004127,74.125.24.0-255,5738,217617,18,258311
6486,0.004134,172.31.36.0-255,66,217683,18,258311
6487,0.006346,74.125.24.0-255,5738,223421,18,258311
6488,0.006353,172.31.36.0-255,66,223487,18,258311
6489,0.008537,74.125.24.0-255,5738,229225,18,258311
6490,0.00854,172.31.36.0-255,66,229291,18,258311
6491,0.010761,74.125.24.0-255,5738,235029,18,258311
6492,0.010768,172.31.36.0-255,66,235095,18,258311
6493,0.013004,74.125.24.0-255,5738,240833,18,258311
6494,0.013012,172.31.36.0-255,66,240899,18,258311
6495,0.015263,74.125.24.0-255,5738,246637,18,258311
6496,0.015272,172.31.36.0-255,66,246703,18,258311
6497,0.017492,74.125.24.0-255,5738,252441,18,258311
6498,0.017503,172.31.36.0-255,66,252507,18,258311
6499,0.019733,74.125.24.0-255,5738,258245,18,258311
6500,0.019746,172.31.36.0-255,66,258311,18,258311
6501,0.0,172.217.194.0-255,147,147,18,170280
6502,1.7e-05,172.217.194.0-255,1484,1631,18,170280
6503,2.5e-05,172.31.36.0-255,66,1697,18,170280
6504,3.4e-05,172.217.194.0-255,2902,4599,18,170280
6505,3.7e-05,172.31.36.0-255,66,4665,18,170280
6506,5.9e-05,172.217.194.0-255,5738,10403,18,170280
6507,6.3e-05,172.31.36.0-255,66,10469,18,170280
6508,7.9e-05,172.217.194.0-255,1484,11953,18,170280
6509,8.4e-05,172.217.194.0-255,2034,13987,18,170280
6510,8.6e-05,172.31.36.0-255,66,14053,18,170280
6511,0.000121,172.217.194.0-255,1484,15537,18,170280
6512,0.000125,172.217.194.0-255,1484,17021,18,170280
6513,0.000127,172.31.36.0-255,66,17087,18,170280
6514,0.000141,172.217.194.0-255,1484,18571,18,170280
6515,0.000163,172.217.194.0-255,5738,24309,18,170280
6516,0.000166,172.31.36.0-255,66,24375,18,170280
6517,0.000173,172.217.194.0-255,5738,30113,18,170280
6518,0.000175,172.31.36.0-255,66,30179,18,170280
6519,0.000209,172.217.194.0-255,1125,31304,18,170280
6520,0.000373,172.217.194.0-255,1484,32788,18,170280
6521,0.000378,172.31.36.0-255,66,32854,18,170280
6522,0.000385,172.217.194.0-255,2902,35756,18,170280
6523,0.000388,172.31.36.0-255,66,35822,18,170280
6524,0.000395,172.217.194.0-255,5738,41560,18,170280
6525,0.000397,172.31.36.0-255,66,41626,18,170280
6526,0.000412,172.217.194.0-255,1484,43110,18,170280
6527,0.000427,172.217.194.0-255,7156,50266,18,170280
6528,0.00043,172.31.36.0-255,66,50332,18,170280
6529,0.000452,172.217.194.0-255,5379,55711,18,170280
6530,0.000455,172.31.36.0-255,66,55777,18,170280
6531,0.00047,172.217.194.0-255,1484,57261,18,170280
6532,0.000495,172.31.36.0-255,66,57327,18,170280
6533,0.000874,172.217.194.0-255,376,57703,18,170280
6534,0.001413,172.217.194.0-255,1484,59187,18,170280
6535,0.00142,172.31.36.0-255,66,59253,18,170280
6536,0.001426,172.217.194.0-255,2902,62155,18,170280
6537,0.001428,172.31.36.0-255,66,62221,18,170280
6538,0.001435,172.217.194.0-255,4320,66541,18,170280
6539,0.001437,172.31.36.0-255,66,66607,18,170280
6540,0.001452,172.217.194.0-255,1484,68091,18,170280
6541,0.001456,172.217.194.0-255,1484,69575,18,170280
6542,0.001459,172.31.36.0-255,66,69641,18,170280
6543,0.001467,172.217.194.0-255,7156,76797,18,170280
6544,0.001469,172.31.36.0-255,66,76863,18,170280
6545,0.001479,172.217.194.0-255,1484,78347,18,170280
6546,0.001513,172.217.194.0-255,2902,81249,18,170280
6547,0.001517,172.31.36.0-255,66,81315,18,170280
6548,0.001542,172.31.36.0-255,66,81381,18,170280
6549,0.002194,172.217.194.0-255,1484,82865,18,170280
6550,0.002202,172.217.194.0-255,2902,85767,18,170280
6551,0.002207,172.31.36.0-255,66,85833,18,170280
6552,0.002215,172.217.194.0-255,5738,91571,18,170280
6553,0.002217,172.31.36.0-255,66,91637,18,170280
6554,0.002234,172.217.194.0-255,1484,93121,18,170280
6555,0.00226,172.31.36.0-255,66,93187,18,170280
6556,0.00227,172.31.36.0-255,66,93253,18,170280
6557,0.002293,172.217.194.0-255,2184,95437,18,170280
6558,0.002295,172.31.36.0-255,66,95503,18,170280
6559,0.002524,172.217.194.0-255,1484,96987,18,170280
6560,0.002542,172.217.194.0-255,2902,99889,18,170280
6561,0.002545,172.31.36.0-255,66,99955,18,170280
6562,0.002551,172.217.194.0-255,5738,105693,18,170280
6563,0.002554,172.31.36.0-255,66,105759,18,170280
6564,0.002585,172.31.36.0-255,66,105825,18,170280
6565,0.002604,172.217.194.0-255,7156,112981,18,170280
6566,0.002606,172.31.36.0-255,66,113047,18,170280
6567,0.002631,172.217.194.0-255,2902,115949,18,170280
6568,0.002633,172.31.36.0-255,66,116015,18,170280
6569,0.002644,172.31.36.0-255,66,116081,18,170280
6570,0.002686,172.31.36.0-255,66,116147,18,170280
6571,0.002704,172.217.194.0-255,1484,117631,18,170280
6572,0.002717,172.31.36.0-255,66,117697,18,170280
6573,0.002761,172.217.194.0-255,2902,120599,18,170280
6574,0.002763,172.31.36.0-255,66,120665,18,170280
6575,0.002788,172.217.194.0-255,1484,122149,18,170280
6576,0.002794,172.217.194.0-255,5738,127887,18,170280
6577,0.002797,172.31.36.0-255,66,127953,18,170280
6578,0.002809,172.31.36.0-255,66,128019,18,170280
6579,0.002812,172.217.194.0-255,1484,129503,18,170280
6580,0.002825,172.217.194.0-255,2902,132405,18,170280
6581,0.002828,172.31.36.0-255,78,132483,18,170280
6582,0.002846,172.217.194.0-255,4320,136803,18,170280
6583,0.002848,172.31.36.0-255,78,136881,18,170280
6584,0.002862,172.31.36.0-255,66,136947,18,170280
6585,0.002883,172.31.36.0-255,66,137013,18,170280
6586,0.002905,172.217.194.0-255,5738,142751,18,170280
6587,0.002908,172.31.36.0-255,66,142817,18,170280
6588,0.002919,172.31.36.0-255,66,142883,18,170280
6589,0.00293,172.31.36.0-255,66,142949,18,170280
6590,0.002936,172.217.194.0-255,5738,148687,18,170280
6591,0.002939,172.31.36.0-255,66,148753,18,170280
6592,0.00297,172.31.36.0-255,66,148819,18,170280
6593,0.002987,172.217.194.0-255,5738,154557,18,170280
6594,0.00299,172.31.36.0-255,66,154623,18,170280
6595,0.003026,172.31.36.0-255,66,154689,18,170280
6596,0.003058,172.217.194.0-255,7156,161845,18,170280
6597,0.003061,172.31.36.0-255,66,161911,18,170280
6598,0.003092,172.31.36.0-255,66,161977,18,170280
6599,0.003105,172.31.36.0-255,66,162043,18,170280
6600,0.003112,172.217.194.0-255,7156,169199,18,170280
6601,0.003114,172.31.36.0-255,66,169265,18,170280
6602,0.003141,172.31.36.0-255,66,169331,18,170280
6603,0.003195,172.217.194.0-255,607,169938,18,170280
6604,0.003252,172.217.194.0-255,105,170043,18,170280
6605,0.004555,172.31.36.0-255,66,170109,18,170280
6606,0.007197,172.31.36.0-255,105,170214,18,170280
6607,0.009503,172.217.194.0-255,66,170280,18,170280
6608,0.0,172.31.36.0-255,105,105,18,105
6609,0.0,74.125.24.0-255,150,150,18,121476
6610,1.9e-05,172.31.36.0-255,66,216,18,121476
6611,2.6e-05,74.125.24.0-255,1484,1700,18,121476
6612,3.2e-05,172.31.36.0-255,66,1766,18,121476
6613,4.6e-05,74.125.24.0-255,2902,4668,18,121476
6614,4.9e-05,172.31.36.0-255,66,4734,18,121476
6615,5.3e-05,74.125.24.0-255,2902,7636,18,121476
6616,5.7e-05,172.31.36.0-255,66,7702,18,121476
6617,7.2e-05,172.31.36.0-255,66,7768,18,121476
6618,8.4e-05,172.31.36.0-255,66,7834,18,121476
6619,8.7e-05,74.125.24.0-255,1484,9318,18,121476
6620,9e-05,172.31.36.0-255,66,9384,18,121476
6621,0.000145,172.31.36.0-255,66,9450,18,121476
6622,0.000156,74.125.24.0-255,1484,10934,18,121476
6623,0.000163,172.31.36.0-255,66,11000,18,121476
6624,0.000207,172.31.36.0-255,66,11066,18,121476
6625,0.000214,74.125.24.0-255,4320,15386,18,121476
6626,0.000216,172.31.36.0-255,66,15452,18,121476
6627,0.000257,172.31.36.0-255,66,15518,18,121476
6628,0.000287,172.31.36.0-255,66,15584,18,121476
6629,0.000415,74.125.24.0-255,1484,17068,18,121476
6630,0.00042,172.31.36.0-255,66,17134,18,121476
6631,0.000425,74.125.24.0-255,2902,20036,18,121476
6632,0.000427,172.31.36.0-255,66,20102,18,121476
6633,0.000431,74.125.24.0-255,1484,21586,18,121476
6634,0.000438,172.31.36.0-255,66,21652,18,121476
6635,0.000473,74.125.24.0-255,4320,25972,18,121476
6636,0.000476,172.31.36.0-255,66,26038,18,121476
6637,0.000495,172.31.36.0-255,66,26104,18,121476
6638,0.000506,172.31.36.0-255,66,26170,18,121476
6639,0.000567,172.31.36.0-255,66,26236,18,121476
6640,0.000579,172.31.36.0-255,66,26302,18,121476
6641,0.000621,172.31.36.0-255,66,26368,18,121476
6642,0.000639,172.31.36.0-255,66,26434,18,121476
6643,0.000657,172.31.36.0-255,66,26500,18,121476
6644,0.000705,74.125.24.0-255,7156,33656,18,121476
6645,0.000719,74.125.24.0-255,2902,36558,18,121476
6646,0.000735,74.125.24.0-255,6438,42996,18,121476
6647,0.000787,74.125.24.0-255,1484,44480,18,121476
6648,0.000806,74.125.24.0-255,2902,47382,18,121476
6649,0.000809,74.125.24.0-255,1484,48866,18,121476
6650,0.000827,74.125.24.0-255,4320,53186,18,121476
6651,0.000844,74.125.24.0-255,4320,57506,18,121476
6652,0.000849,74.125.24.0-255,2902,60408,18,121476
6653,0.000862,74.125.24.0-255,2902,63310,18,121476
6654,0.00087,172.31.36.0-255,66,63376,18,121476
6655,0.000927,74.125.24.0-255,1484,64860,18,121476
6656,0.000932,74.125.24.0-255,2184,67044,18,121476
6657,0.000983,74.125.24.0-255,1484,68528,18,121476
6658,0.000989,74.125.24.0-255,2902,71430,18,121476
6659,0.000992,74.125.24.0-255,1484,72914,18,121476
6660,0.001012,74.125.24.0-255,4320,77234,18,121476
6661,0.00103,74.125.24.0-255,5738,82972,18,121476
6662,0.001052,74.125.24.0-255,7156,90128,18,121476
6663,0.001056,74.125.24.0-255,2902,93030,18,121476
6664,0.001076,74.125.24.0-255,5738,98768,18,121476
6665,0.001111,74.125.24.0-255,2184,100952,18,121476
6666,0.001116,74.125.24.0-255,2902,103854,18,121476
6667,0.001121,74.125.24.0-255,2902,106756,18,121476
6668,0.00114,74.125.24.0-255,4320,111076,18,121476
6669,0.001186,74.125.24.0-255,7156,118232,18,121476
6670,0.001276,74.125.24.0-255,2902,121134,18,121476
6671,0.001344,74.125.24.0-255,105,121239,18,121476
6672,0.001674,172.31.36.0-255,66,121305,18,121476
6673,0.004709,172.31.36.0-255,105,121410,18,121476
6674,0.006915,74.125.24.0-255,66,121476,18,121476
6675,0.0,74.125.24.0-255,153,153,18,138018
6676,2.4e-05,172.31.36.0-255,66,219,18,138018
6677,3.1e-05,74.125.24.0-255,1484,1703,18,138018
6678,3.6e-05,172.31.36.0-255,66,1769,18,138018
6679,5e-05,74.125.24.0-255,2902,4671,18,138018
6680,5.5e-05,172.31.36.0-255,66,4737,18,138018
6681,6.1e-05,74.125.24.0-255,5738,10475,18,138018
6682,6.5e-05,172.31.36.0-255,66,10541,18,138018
6683,8.2e-05,172.31.36.0-255,66,10607,18,138018
6684,8.9e-05,74.125.24.0-255,6797,17404,18,138018
6685,9.2e-05,172.31.36.0-255,66,17470,18,138018
6686,0.000224,74.125.24.0-255,1484,18954,18,138018
6687,0.000228,172.31.36.0-255,66,19020,18,138018
6688,0.000233,74.125.24.0-255,1484,20504,18,138018
6689,0.000235,172.31.36.0-255,66,20570,18,138018
6690,0.000266,74.125.24.0-255,1484,22054,18,138018
6691,0.000269,172.31.36.0-255,66,22120,18,138018
6692,0.000277,74.125.24.0-255,5738,27858,18,138018
6693,0.000279,172.31.36.0-255,66,27924,18,138018
6694,0.000305,74.125.24.0-255,1484,29408,18,138018
6695,0.000307,172.31.36.0-255,66,29474,18,138018
6696,0.00034,74.125.24.0-255,5379,34853,18,138018
6697,0.000343,172.31.36.0-255,66,34919,18,138018
6698,0.00056,74.125.24.0-255,1484,36403,18,138018
6699,0.000565,172.31.36.0-255,66,36469,18,138018
6700,0.000587,74.125.24.0-255,2902,39371,18,138018
6701,0.00059,172.31.36.0-255,66,39437,18,138018
6702,0.000619,74.125.24.0-255,2902,42339,18,138018
6703,0.000622,172.31.36.0-255,66,42405,18,138018
6704,0.000627,74.125.24.0-255,2902,45307,18,138018
6705,0.00063,172.31.36.0-255,66,45373,18,138018
6706,0.00065,74.125.24.0-255,1484,46857,18,138018
6707,0.000658,74.125.24.0-255,5379,52236,18,138018
6708,0.000661,172.31.36.0-255,66,52302,18,138018
6709,0.00143,74.125.24.0-255,1484,53786,18,138018
6710,0.001453,74.125.24.0-255,2902,56688,18,138018
6711,0.001459,172.31.36.0-255,66,56754,18,138018
6712,0.001466,74.125.24.0-255,2902,59656,18,138018
6713,0.001468,172.31.36.0-255,66,59722,18,138018
6714,0.001498,74.125.24.0-255,2902,62624,18,138018
6715,0.001501,172.31.36.0-255,66,62690,18,138018
6716,0.001505,74.125.24.0-255,2902,65592,18,138018
6717,0.001507,172.31.36.0-255,66,65658,18,138018
6718,0.001532,74.125.24.0-255,7156,72814,18,138018
6719,0.001534,172.31.36.0-255,66,72880,18,138018
6720,0.001556,74.125.24.0-255,1484,74364,18,138018
6721,0.001597,172.31.36.0-255,66,74430,18,138018
6722,0.002216,74.125.24.0-255,1484,75914,18,138018
6723,0.002224,74.125.24.0-255,2902,78816,18,138018
6724,0.002229,172.31.36.0-255,66,78882,18,138018
6725,0.002236,74.125.24.0-255,4320,83202,18,138018
6726,0.002239,172.31.36.0-255,66,83268,18,138018
6727,0.002268,74.125.24.0-255,1484,84752,18,138018
6728,0.002276,74.125.24.0-255,5738,90490,18,138018
6729,0.002279,172.31.36.0-255,66,90556,18,138018
6730,0.00229,172.31.36.0-255,66,90622,18,138018
6731,0.00232,74.125.24.0-255,4320,94942,18,138018
6732,0.002323,172.31.36.0-255,66,95008,18,138018
6733,0.002329,74.125.24.0-255,5020,100028,18,138018
6734,0.002331,172.31.36.0-255,66,100094,18,138018
6735,0.004755,74.125.24.0-255,5738,105832,18,138018
6736,0.00476,172.31.36.0-255,66,105898,18,138018
6737,0.007178,74.125.24.0-255,4320,110218,18,138018
6738,0.007183,172.31.36.0-255,66,110284,18,138018
6739,0.007207,74.125.24.0-255,1484,111768,18,138018
6740,0.009866,74.125.24.0-255,4320,116088,18,138018
6741,0.009876,172.31.36.0-255,66,116154,18,138018
6742,0.012376,74.125.24.0-255,5738,121892,18,138018
6743,0.012384,172.31.36.0-255,66,121958,18,138018
6744,0.014841,74.125.24.0-255,5738,127696,18,138018
6745,0.014849,172.31.36.0-255,66,127762,18,138018
6746,0.017269,74.125.24.0-255,4320,132082,18,138018
6747,0.017276,172.31.36.0-255,66,132148,18,138018
6748,0.017301,74.125.24.0-255,1484,133632,18,138018
6749,0.019743,74.125.24.0-255,4320,137952,18,138018
6750,0.019753,172.31.36.0-255,66,138018,18,138018
6751,0.0,172.31.36.0-255,66,66,18,66
6752,0.0,74.125.24.0-255,312,312,18,227240
6753,1.2e-05,74.125.24.0-255,1484,1796,18,227240
6754,2e-05,172.31.36.0-255,66,1862,18,227240
6755,3e-05,74.125.24.0-255,4320,6182,18,227240
6756,3.3e-05,172.31.36.0-255,66,6248,18,227240
6757,3.8e-05,74.125.24.0-255,2902,9150,18,227240
6758,4.9e-05,172.31.36.0-255,66,9216,18,227240
6759,5.7e-05,74.125.24.0-255,5738,14954,18,227240
6760,6e-05,172.31.36.0-255,66,15020,18,227240
6761,9.9e-05,74.125.24.0-255,3249,18269,18,227240
6762,0.000102,172.31.36.0-255,66,18335,18,227240
6763,0.000122,172.31.36.0-255,66,18401,18,227240
6764,0.000163,74.125.24.0-255,1484,19885,18,227240
6765,0.000167,74.125.24.0-255,1484,21369,18,227240
6766,0.00017,172.31.36.0-255,66,21435,18,227240
6767,0.000192,74.125.24.0-255,1484,22919,18,227240
6768,0.000199,74.125.24.0-255,5738,28657,18,227240
6769,0.000202,172.31.36.0-255,66,28723,18,227240
6770,0.000249,172.31.36.0-255,66,28789,18,227240
6771,0.000256,74.125.24.0-255,7156,35945,18,227240
6772,0.000259,172.31.36.0-255,66,36011,18,227240
6773,0.000286,74.125.24.0-255,2819,38830,18,227240
6774,0.000288,172.31.36.0-255,66,38896,18,227240
6775,0.000345,74.125.24.0-255,379,39275,18,227240
6776,0.000457,74.125.24.0-255,1484,40759,18,227240
6777,0.000462,172.31.36.0-255,66,40825,18,227240
6778,0.000468,74.125.24.0-255,2902,43727,18,227240
6779,0.000471,172.31.36.0-255,66,43793,18,227240
6780,0.000501,74.125.24.0-255,5738,49531,18,227240
6781,0.000504,172.31.36.0-255,66,49597,18,227240
6782,0.000516,172.31.36.0-255,66,49663,18,227240
6783,0.000544,74.125.24.0-255,2543,52206,18,227240
6784,0.000546,172.31.36.0-255,66,52272,18,227240
6785,0.000558,172.31.36.0-255,66,52338,18,227240
6786,0.000579,74.125.24.0-255,3961,56299,18,227240
6787,0.000582,172.31.36.0-255,66,56365,18,227240
6788,0.000611,74.125.24.0-255,1484,57849,18,227240
6789,0.000631,74.125.24.0-255,2902,60751,18,227240
6790,0.000634,172.31.36.0-255,66,60817,18,227240
6791,0.000662,74.125.24.0-255,5738,66555,18,227240
6792,0.000665,172.31.36.0-255,66,66621,18,227240
6793,0.000671,74.125.24.0-255,4320,70941,18,227240
6794,0.000673,172.31.36.0-255,66,71007,18,227240
6795,0.000708,74.125.24.0-255,5738,76745,18,227240
6796,0.000711,172.31.36.0-255,66,76811,18,227240
6797,0.000731,172.31.36.0-255,66,76877,18,227240
6798,0.000805,74.125.24.0-255,1484,78361,18,227240
6799,0.000811,74.125.24.0-255,1484,79845,18,227240
6800,0.000814,172.31.36.0-255,66,79911,18,227240
6801,0.000844,74.125.24.0-255,1484,81395,18,227240
6802,0.000852,74.125.24.0-255,5738,87133,18,227240
6803,0.000855,172.31.36.0-255,66,87199,18,227240
6804,0.000866,172.31.36.0-255,66,87265,18,227240
6805,0.0009,74.125.24.0-255,4320,91585,18,227240
6806,0.000903,172.31.36.0-255,66,91651,18,227240
6807,0.00091,74.125.24.0-255,5738,97389,18,227240
6808,0.000912,172.31.36.0-255,66,97455,18,227240
6809,0.000962,74.125.24.0-255,2902,100357,18,227240
6810,0.000965,172.31.36.0-255,66,100423,18,227240
6811,0.00099,74.125.24.0-255,2184,102607,18,227240
6812,0.000997,172.31.36.0-255,66,102673,18,227240
6813,0.001665,74.125.24.0-255,1484,104157,18,227240
6814,0.001672,74.125.24.0-255,2902,107059,18,227240
6815,0.001676,172.31.36.0-255,66,107125,18,227240
6816,0.00171,74.125.24.0-255,5738,112863,18,227240
6817,0.001713,172.31.36.0-255,66,112929,18,227240
6818,0.001719,74.125.24.0-255,4320,117249,18,227240
6819,0.001721,172.31.36.0-255,66,117315,18,227240
6820,0.001757,172.31.36.0-255,66,117381,18,227240
6821,0.001769,172.31.36.0-255,66,117447,18,227240
6822,0.001793,74.125.24.0-255,1484,118931,18,227240
6823,0.001824,172.31.36.0-255,66,118997,18,227240
6824,0.001867,172.31.36.0-255,66,119063,18,227240
6825,0.001879,172.31.36.0-255,66,119129,18,227240
6826,0.001897,172.31.36.0-255,66,119195,18,227240
6827,0.001904,74.125.24.0-255,5738,124933,18,227240
6828,0.001906,172.31.36.0-255,66,124999,18,227240
6829,0.001943,74.125.24.0-255,4320,129319,18,227240
6830,0.001946,172.31.36.0-255,66,129385,18,227240
6831,0.001969,172.31.36.0-255,66,129451,18,227240
6832,0.00198,172.31.36.0-255,66,129517,18,227240
6833,0.002023,74.125.24.0-255,4320,133837,18,227240
6834,0.002042,74.125.24.0-255,6438,140275,18,227240
6835,0.002046,172.31.36.0-255,66,140341,18,227240
6836,0.00205,172.31.36.0-255,66,140407,18,227240
6837,0.002052,172.31.36.0-255,66,140473,18,227240
6838,0.002093,74.125.24.0-255,1484,141957,18,227240
6839,0.002099,74.125.24.0-255,2902,144859,18,227240
6840,0.002101,172.31.36.0-255,66,144925,18,227240
6841,0.002107,74.125.24.0-255,5738,150663,18,227240
6842,0.00211,172.31.36.0-255,66,150729,18,227240
6843,0.002116,74.125.24.0-255,5738,156467,18,227240
6844,0.002124,172.31.36.0-255,66,156533,18,227240
6845,0.002151,74.125.24.0-255,7156,163689,18,227240
6846,0.002153,172.31.36.0-255,66,163755,18,227240
6847,0.002156,74.125.24.0-255,1484,165239,18,227240
6848,0.002185,74.125.24.0-255,7156,172395,18,227240
6849,0.002188,172.31.36.0-255,66,172461,18,227240
6850,0.002217,74.125.24.0-255,2184,174645,18,227240
6851,0.002219,172.31.36.0-255,66,174711,18,227240
6852,0.002231,172.31.36.0-255,66,174777,18,227240
6853,0.00224,74.125.24.0-255,4320,179097,18,227240
6854,0.002242,172.31.36.0-255,66,179163,18,227240
6855,0.00225,74.125.24.0-255,5738,184901,18,227240
6856,0.002292,172.31.36.0-255,66,184967,18,227240
6857,0.002317,74.125.24.0-255,5738,190705,18,227240
6858,0.00232,172.31.36.0-255,66,190771,18,227240
6859,0.002332,74.125.24.0-255,7156,197927,18,227240
6860,0.002335,172.31.36.0-255,66,197993,18,227240
6861,0.00234,74.125.24.0-255,3602,201595,18,227240
6862,0.002342,172.31.36.0-255,66,201661,18,227240
6863,0.002347,74.125.24.0-255,4320,205981,18,227240
6864,0.002349,172.31.36.0-255,66,206047,18,227240
6865,0.002397,172.31.36.0-255,66,206113,18,227240
6866,0.002404,74.125.24.0-255,7156,213269,18,227240
6867,0.002426,172.31.36.0-255,66,213335,18,227240
6868,0.002434,74.125.24.0-255,7156,220491,18,227240
6869,0.002436,172.31.36.0-255,66,220557,18,227240
6870,0.002471,74.125.24.0-255,6341,226898,18,227240
6871,0.002474,172.31.36.0-255,66,226964,18,227240
6872,0.002501,74.125.24.0-255,105,227069,18,227240
6873,0.012616,172.31.36.0-255,105,227174,18,227240
6874,0.015258,74.125.24.0-255,66,227240,18,227240
6875,0.0,74.125.200.0-255,157,157,18,187975
6876,1.9e-05,172.31.36.0-255,66,223,18,187975
6877,2.6e-05,74.125.200.0-255,1484,1707,18,187975
6878,3e-05,172.31.36.0-255,66,1773,18,187975
6879,4.8e-05,74.125.200.0-255,1484,3257,18,187975
6880,5.1e-05,172.31.36.0-255,66,3323,18,187975
6881,6.5e-05,74.125.200.0-255,1484,4807,18,187975
6882,6.8e-05,172.31.36.0-255,66,4873,18,187975
6883,7.5e-05,74.125.200.0-255,4320,9193,18,187975
6884,7.8e-05,172.31.36.0-255,66,9259,18,187975
6885,0.000113,74.125.200.0-255,2902,12161,18,187975
6886,0.000116,172.31.36.0-255,66,12227,18,187975
6887,0.000148,74.125.200.0-255,2080,14307,18,187975
6888,0.000151,172.31.36.0-255,66,14373,18,187975
6889,0.000302,74.125.200.0-255,1484,15857,18,187975
6890,0.000307,172.31.36.0-255,66,15923,18,187975
6891,0.000313,74.125.200.0-255,2902,18825,18,187975
6892,0.000316,172.31.36.0-255,66,18891,18,187975
6893,0.000348,74.125.200.0-255,5738,24629,18,187975
6894,0.00035,172.31.36.0-255,66,24695,18,187975
6895,0.000355,74.125.200.0-255,2902,27597,18,187975
6896,0.000357,172.31.36.0-255,66,27663,18,187975
6897,0.000372,74.125.200.0-255,3961,31624,18,187975
6898,0.000375,172.31.36.0-255,66,31690,18,187975
6899,0.000396,74.125.200.0-255,4320,36010,18,187975
6900,0.000398,172.31.36.0-255,66,36076,18,187975
6901,0.000431,74.125.200.0-255,5738,41814,18,187975
6902,0.000434,172.31.36.0-255,66,41880,18,187975
6903,0.000449,74.125.200.0-255,1484,43364,18,187975
6904,0.000452,172.31.36.0-255,66,43430,18,187975
6905,0.000475,74.125.200.0-255,2902,46332,18,187975
6906,0.000477,172.31.36.0-255,66,46398,18,187975
6907,0.000505,74.125.200.0-255,2902,49300,18,187975
6908,0.000508,172.31.36.0-255,66,49366,18,187975
6909,0.000527,74.125.200.0-255,1484,50850,18,187975
6910,0.00056,74.125.200.0-255,4320,55170,18,187975
6911,0.000564,172.31.36.0-255,66,55236,18,187975
6912,0.000571,74.125.200.0-255,2902,58138,18,187975
6913,0.000574,172.31.36.0-255,66,58204,18,187975
6914,0.000587,74.125.200.0-255,2902,61106,18,187975
6915,0.000592,172.31.36.0-255,66,61172,18,187975
6916,0.000605,74.125.200.0-255,5020,66192,18,187975
6917,0.000608,172.31.36.0-255,66,66258,18,187975
6918,0.00065,74.125.200.0-255,363,66621,18,187975
6919,0.000669,74.125.200.0-255,132,66753,18,187975
6920,0.000775,74.125.200.0-255,1484,68237,18,187975
6921,0.000779,172.31.36.0-255,66,68303,18,187975
6922,0.000794,74.125.200.0-255,2902,71205,18,187975
6923,0.000796,172.31.36.0-255,66,71271,18,187975
6924,0.000839,74.125.200.0-255,4320,75591,18,187975
6925,0.000843,172.31.36.0-255,66,75657,18,187975
6926,0.000854,172.31.36.0-255,66,75723,18,187975
6927,0.00088,74.125.200.0-255,1484,77207,18,187975
6928,0.000931,74.125.200.0-255,7156,84363,18,187975
6929,0.000935,172.31.36.0-255,66,84429,18,187975
6930,0.000961,172.31.36.0-255,66,84495,18,187975
6931,0.000986,74.125.200.0-255,344,84839,18,187975
6932,0.001184,74.125.200.0-255,1484,86323,18,187975
6933,0.001189,172.31.36.0-255,66,86389,18,187975
6934,0.001194,74.125.200.0-255,2902,89291,18,187975
6935,0.001196,172.31.36.0-255,66,89357,18,187975
6936,0.001201,74.125.200.0-255,2902,92259,18,187975
6937,0.001203,172.31.36.0-255,66,92325,18,187975
6938,0.001227,74.125.200.0-255,2902,95227,18,187975
6939,0.00123,172.31.36.0-255,66,95293,18,187975
6940,0.001233,74.125.200.0-255,1484,96777,18,187975
6941,0.001252,74.125.200.0-255,5738,102515,18,187975
6942,0.001255,172.31.36.0-255,66,102581,18,187975
6943,0.001274,74.125.200.0-255,2902,105483,18,187975
6944,0.001276,172.31.36.0-255,66,105549,18,187975
6945,0.001301,172.31.36.0-255,66,105615,18,187975
6946,0.001347,74.125.200.0-255,5020,110635,18,187975
6947,0.001351,172.31.36.0-255,66,110701,18,187975
6948,0.001529,74.125.200.0-255,1484,112185,18,187975
6949,0.001551,74.125.200.0-255,2902,115087,18,187975
6950,0.001554,172.31.36.0-255,66,115153,18,187975
6951,0.001558,74.125.200.0-255,1484,116637,18,187975
6952,0.001577,74.125.200.0-255,2902,119539,18,187975
6953,0.001579,172.31.36.0-255,66,119605,18,187975
6954,0.001604,74.125.200.0-255,4320,123925,18,187975
6955,0.001606,172.31.36.0-255,66,123991,18,187975
6956,0.001629,74.125.200.0-255,1484,125475,18,187975
6957,0.001632,74.125.200.0-255,1484,126959,18,187975
6958,0.001634,172.31.36.0-255,66,127025,18,187975
6959,0.001639,74.125.200.0-255,2902,129927,18,187975
6960,0.001641,172.31.36.0-255,66,129993,18,187975
6961,0.001669,74.125.200.0-255,2902,132895,18,187975
6962,0.001672,172.31.36.0-255,66,132961,18,187975
6963,0.001678,74.125.200.0-255,2902,135863,18,187975
6964,0.00168,172.31.36.0-255,66,135929,18,187975
6965,0.001707,74.125.200.0-255,1484,137413,18,187975
6966,0.001711,74.125.200.0-255,2902,140315,18,187975
6967,0.001714,172.31.36.0-255,66,140381,18,187975
6968,0.001732,74.125.200.0-255,4320,144701,18,187975
6969,0.001735,172.31.36.0-255,66,144767,18,187975
6970,0.001747,74.125.200.0-255,766,145533,18,187975
6971,0.00236,172.31.36.0-255,66,145599,18,187975
6972,0.00375,74.125.200.0-255,4320,149919,18,187975
6973,0.003757,172.31.36.0-255,66,149985,18,187975
6974,0.004385,74.125.200.0-255,1484,151469,18,187975
6975,0.005773,74.125.200.0-255,2902,154371,18,187975
6976,0.005779,172.31.36.0-255,66,154437,18,187975
6977,0.005793,74.125.200.0-255,1484,155921,18,187975
6978,0.007811,74.125.200.0-255,4320,160241,18,187975
6979,0.007816,172.31.36.0-255,66,160307,18,187975
6980,0.009844,74.125.200.0-255,4320,164627,18,187975
6981,0.009852,172.31.36.0-255,66,164693,18,187975
6982,0.009871,74.125.200.0-255,1484,166177,18,187975
6983,0.011899,74.125.200.0-255,4320,170497,18,187975
6984,0.011907,172.31.36.0-255,66,170563,18,187975
6985,0.013935,74.125.200.0-255,5738,176301,18,187975
6986,0.013942,172.31.36.0-255,66,176367,18,187975
6987,0.015972,74.125.200.0-255,5738,182105,18,187975
6988,0.015982,172.31.36.0-255,66,182171,18,187975
6989,0.018009,74.125.200.0-255,5738,187909,18,187975
6990,0.018015,172.31.36.0-255,66,187975,18,187975
6991,0.0,172.217.194.0-255,153,153,18,128154
6992,2.3e-05,172.31.36.0-255,66,219,18,128154
6993,3e-05,172.217.194.0-255,1484,1703,18,128154
6994,3.4e-05,172.31.36.0-255,66,1769,18,128154
6995,3.7e-05,172.217.194.0-255,1484,3253,18,128154
6996,3.9e-05,172.31.36.0-255,66,3319,18,128154
6997,7.6e-05,172.217.194.0-255,1484,4803,18,128154
6998,7.9e-05,172.31.36.0-255,66,4869,18,128154
6999,8.8e-05,172.217.194.0-255,7156,12025,18,128154
7000,9.1e-05,172.31.36.0-255,66,12091,18,128154
7001,0.000117,172.217.194.0-255,5738,17829,18,128154
7002,0.00012,172.31.36.0-255,66,17895,18,128154
7003,0.000167,172.31.36.0-255,66,17961,18,128154
7004,0.00017,172.217.194.0-255,1484,19445,18,128154
7005,0.000172,172.31.36.0-255,66,19511,18,128154
7006,0.000176,172.217.194.0-255,1125,20636,18,128154
7007,0.000177,172.31.36.0-255,66,20702,18,128154
7008,0.000186,172.217.194.0-255,1484,22186,18,128154
7009,0.000188,172.31.36.0-255,66,22252,18,128154
7010,0.000194,172.217.194.0-255,4320,26572,18,128154
7011,0.000197,172.31.36.0-255,66,26638,18,128154
7012,0.000204,172.217.194.0-255,7156,33794,18,128154
7013,0.000207,172.31.36.0-255,66,33860,18,128154
7014,0.00025,172.31.36.0-255,66,33926,18,128154
7015,0.000259,172.217.194.0-255,7118,41044,18,128154
7016,0.000262,172.31.36.0-255,66,41110,18,128154
7017,0.000264,172.217.194.0-255,365,41475,18,128154
7018,0.000266,172.31.36.0-255,66,41541,18,128154
7019,0.000466,172.217.194.0-255,1484,43025,18,128154
7020,0.00047,172.31.36.0-255,66,43091,18,128154
7021,0.000486,172.217.194.0-255,2902,45993,18,128154
7022,0.000489,172.31.36.0-255,66,46059,18,128154
7023,0.0005,172.217.194.0-255,5738,51797,18,128154
7024,0.000503,172.31.36.0-255,66,51863,18,128154
7025,0.000511,172.217.194.0-255,7156,59019,18,128154
7026,0.000513,172.31.36.0-255,66,59085,18,128154
7027,0.000564,172.31.36.0-255,66,59151,18,128154
7028,0.000569,172.217.194.0-255,1635,60786,18,128154
7029,0.000571,172.31.36.0-255,66,60852,18,128154
7030,0.000615,172.217.194.0-255,1484,62336,18,128154
7031,0.000621,172.217.194.0-255,2902,65238,18,128154
7032,0.000626,172.31.36.0-255,66,65304,18,128154
7033,0.000654,172.217.194.0-255,5738,71042,18,128154
7034,0.000657,172.31.36.0-255,66,71108,18,128154
7035,0.000668,172.31.36.0-255,66,71174,18,128154
7036,0.00071,172.217.194.0-255,7156,78330,18,128154
7037,0.000714,172.31.36.0-255,66,78396,18,128154
7038,0.00076,172.31.36.0-255,66,78462,18,128154
7039,0.000943,172.217.194.0-255,1484,79946,18,128154
7040,0.000949,172.217.194.0-255,2902,82848,18,128154
7041,0.000952,172.31.36.0-255,66,82914,18,128154
7042,0.000959,172.217.194.0-255,5738,88652,18,128154
7043,0.000961,172.31.36.0-255,66,88718,18,128154
7044,0.000988,172.31.36.0-255,66,88784,18,128154
7045,0.001015,172.217.194.0-255,4320,93104,18,128154
7046,0.001018,172.31.36.0-255,66,93170,18,128154
7047,0.001031,172.31.36.0-255,66,93236,18,128154
7048,0.001114,172.217.194.0-255,1484,94720,18,128154
7049,0.00112,172.217.194.0-255,2902,97622,18,128154
7050,0.001123,172.31.36.0-255,66,97688,18,128154
7051,0.001127,172.217.194.0-255,1484,99172,18,128154
7052,0.001156,172.217.194.0-255,4320,103492,18,128154
7053,0.001159,172.31.36.0-255,66,103558,18,128154
7054,0.001172,172.31.36.0-255,66,103624,18,128154
7055,0.001199,172.217.194.0-255,1484,105108,18,128154
7056,0.001213,172.31.36.0-255,66,105174,18,128154
7057,0.001215,172.217.194.0-255,766,105940,18,128154
7058,0.00183,172.31.36.0-255,66,106006,18,128154
7059,0.001875,172.217.194.0-255,1484,107490,18,128154
7060,0.00188,172.217.194.0-255,2902,110392,18,128154
7061,0.001883,172.31.36.0-255,66,110458,18,128154
7062,0.001888,172.217.194.0-255,2902,113360,18,128154
7063,0.00189,172.31.36.0-255,66,113426,18,128154
7064,0.001911,172.217.194.0-255,2902,116328,18,128154
7065,0.001919,172.31.36.0-255,66,116394,18,128154
7066,0.001934,172.31.36.0-255,66,116460,18,128154
7067,0.001976,172.217.194.0-255,5738,122198,18,128154
7068,0.00198,172.31.36.0-255,66,122264,18,128154
7069,0.002025,172.217.194.0-255,5020,127284,18,128154
7070,0.002028,172.31.36.0-255,66,127350,18,128154
7071,0.002068,172.31.36.0-255,66,127416,18,128154
7072,0.002088,172.31.36.0-255,66,127482,18,128154
7073,0.002104,172.31.36.0-255,66,127548,18,128154
7074,0.002117,172.31.36.0-255,66,127614,18,128154
7075,0.002169,172.31.36.0-255,66,127680,18,128154
7076,0.002196,172.31.36.0-255,66,127746,18,128154
7077,0.00705,172.31.36.0-255,66,127812,18,128154
7078,0.009333,172.217.194.0-255,105,127917,18,128154
7079,0.00938,172.31.36.0-255,66,127983,18,128154
7080,0.009415,172.31.36.0-255,105,128088,18,128154
7081,0.011698,172.217.194.0-255,66,128154,18,128154
7082,0.0,172.217.194.0-255,146,146,18,144414
7083,1.3e-05,172.31.36.0-255,66,212,18,144414
7084,1.9e-05,172.217.194.0-255,1484,1696,18,144414
7085,2.3e-05,172.31.36.0-255,66,1762,18,144414
7086,4e-05,172.217.194.0-255,2902,4664,18,144414
7087,4.3e-05,172.31.36.0-255,66,4730,18,144414
7088,4.9e-05,172.217.194.0-255,4320,9050,18,144414
7089,5.3e-05,172.31.36.0-255,66,9116,18,144414
7090,5.6e-05,172.217.194.0-255,1484,10600,18,144414
7091,5.9e-05,172.31.36.0-255,66,10666,18,144414
7092,8.3e-05,172.217.194.0-255,3437,14103,18,144414
7093,8.6e-05,172.31.36.0-255,66,14169,18,144414
7094,0.000104,172.31.36.0-255,66,14235,18,144414
7095,0.000133,172.217.194.0-255,1484,15719,18,144414
7096,0.000135,172.31.36.0-255,66,15785,18,144414
7097,0.000139,172.217.194.0-255,1484,17269,18,144414
7098,0.000141,172.31.36.0-255,66,17335,18,144414
7099,0.000148,172.217.194.0-255,3961,21296,18,144414
7100,0.000154,172.31.36.0-255,66,21362,18,144414
7101,0.000185,172.217.194.0-255,4320,25682,18,144414
7102,0.000187,172.31.36.0-255,66,25748,18,144414
7103,0.000193,172.217.194.0-255,4320,30068,18,144414
7104,0.000196,172.31.36.0-255,66,30134,18,144414
7105,0.000235,172.31.36.0-255,66,30200,18,144414
7106,0.000283,172.31.36.0-255,66,30266,18,144414
7107,0.000286,172.217.194.0-255,378,30644,18,144414
7108,0.000288,172.31.36.0-255,66,30710,18,144414
7109,0.00034,172.217.194.0-255,365,31075,18,144414
7110,0.000343,172.31.36.0-255,66,31141,18,144414
7111,0.000384,172.217.194.0-255,1484,32625,18,144414
7112,0.000399,172.217.194.0-255,2902,35527,18,144414
7113,0.00041,172.217.194.0-255,2902,38429,18,144414
7114,0.000423,172.217.194.0-255,2902,41331,18,144414
7115,0.000472,172.217.194.0-255,2902,44233,18,144414
7116,0.000513,172.217.194.0-255,5738,49971,18,144414
7117,0.000529,172.217.194.0-255,1635,51606,18,144414
7118,0.000632,172.31.36.0-255,66,51672,18,144414
7119,0.000726,172.217.194.0-255,1484,53156,18,144414
7120,0.000742,172.217.194.0-255,2902,56058,18,144414
7121,0.000745,172.217.194.0-255,1484,57542,18,144414
7122,0.00075,172.31.36.0-255,66,57608,18,144414
7123,0.000768,172.217.194.0-255,4320,61928,18,144414
7124,0.000773,172.217.194.0-255,4320,66248,18,144414
7125,0.000786,172.217.194.0-255,4320,70568,18,144414
7126,0.000806,172.217.194.0-255,7156,77724,18,144414
7127,0.000829,172.31.36.0-255,66,77790,18,144414
7128,0.001083,172.217.194.0-255,1484,79274,18,144414
7129,0.001087,172.217.194.0-255,1484,80758,18,144414
7130,0.001101,172.31.36.0-255,66,80824,18,144414
7131,0.001105,172.217.194.0-255,1484,82308,18,144414
7132,0.001111,172.217.194.0-255,5738,88046,18,144414
7133,0.001135,172.31.36.0-255,66,88112,18,144414
7134,0.001167,172.217.194.0-255,1484,89596,18,144414
7135,0.001182,172.217.194.0-255,2184,91780,18,144414
7136,0.001189,172.31.36.0-255,66,91846,18,144414
7137,0.001271,172.217.194.0-255,1484,93330,18,144414
7138,0.001275,172.217.194.0-255,1484,94814,18,144414
7139,0.001293,172.217.194.0-255,1484,96298,18,144414
7140,0.001299,172.217.194.0-255,5738,102036,18,144414
7141,0.001304,172.31.36.0-255,66,102102,18,144414
7142,0.001358,172.31.36.0-255,66,102168,18,144414
7143,0.001386,172.217.194.0-255,2184,104352,18,144414
7144,0.001394,172.31.36.0-255,66,104418,18,144414
7145,0.001451,172.217.194.0-255,1484,105902,18,144414
7146,0.001467,172.217.194.0-255,2902,108804,18,144414
7147,0.001469,172.217.194.0-255,1484,110288,18,144414
7148,0.001476,172.31.36.0-255,66,110354,18,144414
7149,0.001495,172.217.194.0-255,4320,114674,18,144414
7150,0.001534,172.217.194.0-255,7156,121830,18,144414
7151,0.001537,172.31.36.0-255,66,121896,18,144414
7152,0.001553,172.217.194.0-255,3602,125498,18,144414
7153,0.001557,172.31.36.0-255,66,125564,18,144414
7154,0.001583,172.31.36.0-255,66,125630,18,144414
7155,0.001641,172.217.194.0-255,1484,127114,18,144414
7156,0.001645,172.217.194.0-255,1484,128598,18,144414
7157,0.001665,172.217.194.0-255,1484,130082,18,144414
7158,0.001672,172.217.194.0-255,5738,135820,18,144414
7159,0.00171,172.31.36.0-255,66,135886,18,144414
7160,0.001726,172.217.194.0-255,4320,140206,18,144414
7161,0.001782,172.31.36.0-255,66,140272,18,144414
7162,0.001856,172.217.194.0-255,3602,143874,18,144414
7163,0.001872,172.31.36.0-255,66,143940,18,144414
7164,0.001878,172.31.36.0-255,66,144006,18,144414
7165,0.001957,172.31.36.0-255,66,144072,18,144414
7166,0.002003,172.217.194.0-255,105,144177,18,144414
7167,0.002013,172.31.36.0-255,66,144243,18,144414
7168,0.01089,172.31.36.0-255,105,144348,18,144414
7169,0.013409,172.217.194.0-255,66,144414,18,144414
7170,0.0,74.125.24.0-255,146,146,18,185741
7171,3.1e-05,172.31.36.0-255,66,212,18,185741
7172,3.8e-05,74.125.24.0-255,1484,1696,18,185741
7173,4.2e-05,172.31.36.0-255,66,1762,18,185741
7174,7.4e-05,74.125.24.0-255,2902,4664,18,185741
7175,7.7e-05,172.31.36.0-255,66,4730,18,185741
7176,8.4e-05,74.125.24.0-255,5738,10468,18,185741
7177,8.6e-05,172.31.36.0-255,66,10534,18,185741
7178,8.9e-05,74.125.24.0-255,1484,12018,18,185741
7179,9.3e-05,172.31.36.0-255,66,12084,18,185741
7180,0.000116,74.125.24.0-255,4857,16941,18,185741
7181,0.000118,172.31.36.0-255,66,17007,18,185741
7182,0.000126,74.125.24.0-255,7156,24163,18,185741
7183,0.000129,172.31.36.0-255,66,24229,18,185741
7184,0.000154,74.125.24.0-255,6797,31026,18,185741
7185,0.000158,172.31.36.0-255,66,31092,18,185741
7186,0.000244,74.125.24.0-255,1484,32576,18,185741
7187,0.000247,172.31.36.0-255,66,32642,18,185741
7188,0.000278,74.125.24.0-255,2902,35544,18,185741
7189,0.000281,172.31.36.0-255,66,35610,18,185741
7190,0.000287,74.125.24.0-255,5738,41348,18,185741
7191,0.00029,172.31.36.0-255,66,41414,18,185741
7192,0.000339,172.31.36.0-255,66,41480,18,185741
7193,0.000353,74.125.24.0-255,5738,47218,18,185741
7194,0.000361,172.31.36.0-255,66,47284,18,185741
7195,0.000388,74.125.24.0-255,5738,53022,18,185741
7196,0.000392,172.31.36.0-255,66,53088,18,185741
7197,0.000417,74.125.24.0-255,1479,54567,18,185741
7198,0.00042,172.31.36.0-255,66,54633,18,185741
7199,0.000837,74.125.24.0-255,1484,56117,18,185741
7200,0.000842,172.31.36.0-255,66,56183,18,185741
7201,0.000874,74.125.24.0-255,2902,59085,18,185741
7202,0.000877,172.31.36.0-255,66,59151,18,185741
7203,0.000884,74.125.24.0-255,5738,64889,18,185741
7204,0.000886,172.31.36.0-255,66,64955,18,185741
7205,0.000923,172.31.36.0-255,66,65021,18,185741
7206,0.000961,74.125.24.0-255,2543,67564,18,185741
7207,0.000964,172.31.36.0-255,66,67630,18,185741
7208,0.00098,172.31.36.0-255,66,67696,18,185741
7209,0.000993,172.31.36.0-255,66,67762,18,185741
7210,0.001046,74.125.24.0-255,1484,69246,18,185741
7211,0.001067,74.125.24.0-255,2902,72148,18,185741
7212,0.00107,172.31.36.0-255,66,72214,18,185741
7213,0.001077,74.125.24.0-255,5738,77952,18,185741
7214,0.001079,172.31.36.0-255,66,78018,18,185741
7215,0.001085,74.125.24.0-255,6797,84815,18,185741
7216,0.001088,172.31.36.0-255,66,84881,18,185741
7217,0.001134,172.31.36.0-255,66,84947,18,185741
7218,0.001144,172.31.36.0-255,66,85013,18,185741
7219,0.00118,172.31.36.0-255,66,85079,18,185741
7220,0.00121,74.125.24.0-255,2184,87263,18,185741
7221,0.001213,172.31.36.0-255,66,87329,18,185741
7222,0.001388,74.125.24.0-255,1484,88813,18,185741
7223,0.001396,74.125.24.0-255,2902,91715,18,185741
7224,0.0014,172.31.36.0-255,66,91781,18,185741
7225,0.001407,74.125.24.0-255,5738,97519,18,185741
7226,0.00141,172.31.36.0-255,66,97585,18,185741
7227,0.001413,74.125.24.0-255,1484,99069,18,185741
7228,0.001434,74.125.24.0-255,2902,101971,18,185741
7229,0.001437,172.31.36.0-255,66,102037,18,185741
7230,0.001445,74.125.24.0-255,4320,106357,18,185741
7231,0.001448,172.31.36.0-255,66,106423,18,185741
7232,0.001475,74.125.24.0-255,7156,113579,18,185741
7233,0.001478,172.31.36.0-255,66,113645,18,185741
7234,0.001488,172.31.36.0-255,66,113711,18,185741
7235,0.001665,74.125.24.0-255,1484,115195,18,185741
7236,0.001669,74.125.24.0-255,2902,118097,18,185741
7237,0.001671,172.31.36.0-255,66,118163,18,185741
7238,0.001708,74.125.24.0-255,5738,123901,18,185741
7239,0.001711,172.31.36.0-255,66,123967,18,185741
7240,0.001738,74.125.24.0-255,5738,129705,18,185741
7241,0.001741,172.31.36.0-255,66,129771,18,185741
7242,0.001745,74.125.24.0-255,4320,134091,18,185741
7243,0.001747,172.31.36.0-255,66,134157,18,185741
7244,0.001784,172.31.36.0-255,66,134223,18,185741
7245,0.00179,74.125.24.0-255,5020,139243,18,185741
7246,0.001792,172.31.36.0-255,66,139309,18,185741
7247,0.00383,74.125.24.0-255,5738,145047,18,185741
7248,0.003835,172.31.36.0-255,66,145113,18,185741
7249,0.00587,74.125.24.0-255,5738,150851,18,185741
7250,0.005875,172.31.36.0-255,66,150917,18,185741
7251,0.007937,74.125.24.0-255,5738,156655,18,185741
7252,0.007944,172.31.36.0-255,66,156721,18,185741
7253,0.009989,74.125.24.0-255,5738,162459,18,185741
7254,0.009998,172.31.36.0-255,66,162525,18,185741
7255,0.012067,74.125.24.0-255,5738,168263,18,185741
7256,0.012075,172.31.36.0-255,66,168329,18,185741
7257,0.014133,74.125.24.0-255,5738,174067,18,185741
7258,0.014142,172.31.36.0-255,66,174133,18,185741
7259,0.016204,74.125.24.0-255,5738,179871,18,185741
7260,0.016216,172.31.36.0-255,66,179937,18,185741
7261,0.018257,74.125.24.0-255,5738,185675,18,185741
7262,0.018264,172.31.36.0-255,66,185741,18,185741
7263,0.0,74.125.130.0-255,153,153,18,328430
7264,2.1e-05,172.31.36.0-255,66,219,18,328430
7265,2.8e-05,74.125.130.0-255,1484,1703,18,328430
7266,3.2e-05,172.31.36.0-255,66,1769,18,328430
7267,3.6e-05,74.125.130.0-255,1484,3253,18,328430
7268,3.8e-05,172.31.36.0-255,66,3319,18,328430
7269,4.4e-05,74.125.130.0-255,2902,6221,18,328430
7270,4.7e-05,172.31.36.0-255,66,6287,18,328430
7271,7.7e-05,74.125.130.0-255,5738,12025,18,328430
7272,8e-05,172.31.36.0-255,66,12091,18,328430
7273,0.000104,74.125.130.0-255,4883,16974,18,328430
7274,0.000107,172.31.36.0-255,66,17040,18,328430
7275,0.000112,74.125.130.0-255,4320,21360,18,328430
7276,0.000114,172.31.36.0-255,66,21426,18,328430
7277,0.000128,74.125.130.0-255,1484,22910,18,328430
7278,0.000131,172.31.36.0-255,66,22976,18,328430
7279,0.000148,74.125.130.0-255,4320,27296,18,328430
7280,0.000151,172.31.36.0-255,66,27362,18,328430
7281,0.000165,74.125.130.0-255,3961,31323,18,328430
7282,0.000167,172.31.36.0-255,66,31389,18,328430
7283,0.000328,74.125.130.0-255,1484,32873,18,328430
7284,0.000333,172.31.36.0-255,66,32939,18,328430
7285,0.000351,74.125.130.0-255,2902,35841,18,328430
7286,0.000353,172.31.36.0-255,66,35907,18,328430
7287,0.000382,74.125.130.0-255,5738,41645,18,328430
7288,0.000385,172.31.36.0-255,66,41711,18,328430
7289,0.000399,74.125.130.0-255,1484,43195,18,328430
7290,0.000401,172.31.36.0-255,66,43261,18,328430
7291,0.000429,74.125.130.0-255,5379,48640,18,328430
7292,0.000432,172.31.36.0-255,66,48706,18,328430
7293,0.000435,74.125.130.0-255,1484,50190,18,328430
7294,0.000437,172.31.36.0-255,66,50256,18,328430
7295,0.000469,172.31.36.0-255,66,50322,18,328430
7296,0.000508,74.125.130.0-255,5693,56015,18,328430
7297,0.000512,172.31.36.0-255,66,56081,18,328430
7298,0.000623,74.125.130.0-255,1484,57565,18,328430
7299,0.000641,74.125.130.0-255,2902,60467,18,328430
7300,0.000645,172.31.36.0-255,66,60533,18,328430
7301,0.000648,74.125.130.0-255,1484,62017,18,328430
7302,0.000652,74.125.130.0-255,1484,63501,18,328430
7303,0.000654,172.31.36.0-255,66,63567,18,328430
7304,0.000677,74.125.130.0-255,1484,65051,18,328430
7305,0.000683,74.125.130.0-255,5738,70789,18,328430
7306,0.000685,172.31.36.0-255,66,70855,18,328430
7307,0.000707,74.125.130.0-255,4320,75175,18,328430
7308,0.000712,172.31.36.0-255,66,75241,18,328430
7309,0.000721,74.125.130.0-255,2543,77784,18,328430
7310,0.000723,172.31.36.0-255,66,77850,18,328430
7311,0.000727,74.125.130.0-255,1484,79334,18,328430
7312,0.000752,74.125.130.0-255,5738,85072,18,328430
7313,0.000755,172.31.36.0-255,66,85138,18,328430
7314,0.000761,74.125.130.0-255,4320,89458,18,328430
7315,0.000763,172.31.36.0-255,66,89524,18,328430
7316,0.000782,74.125.130.0-255,842,90366,18,328430
7317,0.000843,74.125.130.0-255,1484,91850,18,328430
7318,0.000847,172.31.36.0-255,66,91916,18,328430
7319,0.000868,74.125.130.0-255,2902,94818,18,328430
7320,0.000871,172.31.36.0-255,66,94884,18,328430
7321,0.000877,74.125.130.0-255,4320,99204,18,328430
7322,0.000879,172.31.36.0-255,66,99270,18,328430
7323,0.000892,74.125.130.0-255,1484,100754,18,328430
7324,0.000899,74.125.130.0-255,5738,106492,18,328430
7325,0.000902,172.31.36.0-255,66,106558,18,328430
7326,0.000918,74.125.130.0-255,1484,108042,18,328430
7327,0.000935,74.125.130.0-255,2902,110944,18,328430
7328,0.000937,172.31.36.0-255,66,111010,18,328430
7329,0.000962,74.125.130.0-255,7156,118166,18,328430
7330,0.000996,172.31.36.0-255,66,118232,18,328430
7331,0.001017,74.125.130.0-255,6438,124670,18,328430
7332,0.00102,172.31.36.0-255,66,124736,18,328430
7333,0.001022,74.125.130.0-255,647,125383,18,328430
7334,0.001065,74.125.130.0-255,1484,126867,18,328430
7335,0.001068,172.31.36.0-255,66,126933,18,328430
7336,0.001073,74.125.130.0-255,1484,128417,18,328430
7337,0.001087,74.125.130.0-255,1484,129901,18,328430
7338,0.001089,172.31.36.0-255,66,129967,18,328430
7339,0.001102,74.125.130.0-255,1484,131451,18,328430
7340,0.001105,74.125.130.0-255,1484,132935,18,328430
7341,0.001107,172.31.36.0-255,66,133001,18,328430
7342,0.001125,74.125.130.0-255,2902,135903,18,328430
7343,0.001128,172.31.36.0-255,66,135969,18,328430
7344,0.001149,74.125.130.0-255,5738,141707,18,328430
7345,0.001152,172.31.36.0-255,66,141773,18,328430
7346,0.0012,172.31.36.0-255,66,141839,18,328430
7347,0.001219,74.125.130.0-255,1484,143323,18,328430
7348,0.001226,74.125.130.0-255,5020,148343,18,328430
7349,0.001228,172.31.36.0-255,66,148409,18,328430
7350,0.001251,74.125.130.0-255,1484,149893,18,328430
7351,0.001269,74.125.130.0-255,1484,151377,18,328430
7352,0.001271,172.31.36.0-255,66,151443,18,328430
7353,0.001293,74.125.130.0-255,1484,152927,18,328430
7354,0.0013,74.125.130.0-255,5738,158665,18,328430
7355,0.001303,172.31.36.0-255,66,158731,18,328430
7356,0.001333,172.31.36.0-255,66,158797,18,328430
7357,0.001373,172.31.36.0-255,66,158863,18,328430
7358,0.001378,74.125.130.0-255,2902,161765,18,328430
7359,0.00138,172.31.36.0-255,66,161831,18,328430
7360,0.001406,74.125.130.0-255,2184,164015,18,328430
7361,0.001409,172.31.36.0-255,66,164081,18,328430
7362,0.001465,74.125.130.0-255,1484,165565,18,328430
7363,0.001482,74.125.130.0-255,2902,168467,18,328430
7364,0.001486,172.31.36.0-255,66,168533,18,328430
7365,0.001506,74.125.130.0-255,2902,171435,18,328430
7366,0.001509,172.31.36.0-255,66,171501,18,328430
7367,0.00152,74.125.130.0-255,2902,174403,18,328430
7368,0.001523,172.31.36.0-255,66,174469,18,328430
7369,0.001543,74.125.130.0-255,1484,175953,18,328430
7370,0.001559,74.125.130.0-255,1484,177437,18,328430
7371,0.001562,172.31.36.0-255,66,177503,18,328430
7372,0.001584,74.125.130.0-255,4320,181823,18,328430
7373,0.001588,74.125.130.0-255,2902,184725,18,328430
7374,0.001592,172.31.36.0-255,66,184791,18,328430
7375,0.0016,172.31.36.0-255,66,184857,18,328430
7376,0.001603,74.125.130.0-255,1484,186341,18,328430
7377,0.001608,74.125.130.0-255,2902,189243,18,328430
7378,0.00161,172.31.36.0-255,66,189309,18,328430
7379,0.001632,74.125.130.0-255,2902,192211,18,328430
7380,0.001635,172.31.36.0-255,66,192277,18,328430
7381,0.00164,74.125.130.0-255,4320,196597,18,328430
7382,0.001643,172.31.36.0-255,66,196663,18,328430
7383,0.001655,74.125.130.0-255,2184,198847,18,328430
7384,0.001658,172.31.36.0-255,66,198913,18,328430
7385,0.001784,74.125.130.0-255,1484,200397,18,328430
7386,0.001788,74.125.130.0-255,1484,201881,18,328430
7387,0.001792,172.31.36.0-255,66,201947,18,328430
7388,0.001813,74.125.130.0-255,2902,204849,18,328430
7389,0.001816,172.31.36.0-255,66,204915,18,328430
7390,0.00182,74.125.130.0-255,2902,207817,18,328430
7391,0.001823,172.31.36.0-255,66,207883,18,328430
7392,0.001841,74.125.130.0-255,2902,210785,18,328430
7393,0.001844,172.31.36.0-255,66,210851,18,328430
7394,0.001848,74.125.130.0-255,2902,213753,18,328430
7395,0.001852,172.31.36.0-255,66,213819,18,328430
7396,0.001896,172.31.36.0-255,66,213885,18,328430
7397,0.001956,74.125.130.0-255,1484,215369,18,328430
7398,0.001971,74.125.130.0-255,4320,219689,18,328430
7399,0.001974,172.31.36.0-255,66,219755,18,328430
7400,0.001987,74.125.130.0-255,1484,221239,18,328430
7401,0.001999,74.125.130.0-255,1484,222723,18,328430
7402,0.002001,172.31.36.0-255,66,222789,18,328430
7403,0.002023,74.125.130.0-255,2184,224973,18,328430
7404,0.002026,172.31.36.0-255,66,225039,18,328430
7405,0.002221,74.125.130.0-255,1484,226523,18,328430
7406,0.002228,74.125.130.0-255,2902,229425,18,328430
7407,0.002231,172.31.36.0-255,66,229491,18,328430
7408,0.002249,74.125.130.0-255,2902,232393,18,328430
7409,0.002252,172.31.36.0-255,66,232459,18,328430
7410,0.002275,74.125.130.0-255,2902,235361,18,328430
7411,0.002278,172.31.36.0-255,66,235427,18,328430
7412,0.002284,74.125.130.0-255,4320,239747,18,328430
7413,0.002286,172.31.36.0-255,66,239813,18,328430
7414,0.002302,74.125.130.0-255,4320,244133,18,328430
7415,0.002305,172.31.36.0-255,66,244199,18,328430
7416,0.00233,74.125.130.0-255,7156,251355,18,328430
7417,0.002334,172.31.36.0-255,66,251421,18,328430
7418,0.002357,74.125.130.0-255,7156,258577,18,328430
7419,0.002361,172.31.36.0-255,66,258643,18,328430
7420,0.002371,172.31.36.0-255,66,258709,18,328430
7421,0.00241,74.125.130.0-255,4320,263029,18,328430
7422,0.002413,172.31.36.0-255,66,263095,18,328430
7423,0.002441,74.125.130.0-255,1484,264579,18,328430
7424,0.00245,74.125.130.0-255,7156,271735,18,328430
7425,0.002456,74.125.130.0-255,7156,278891,18,328430
7426,0.002479,74.125.130.0-255,4320,283211,18,328430
7427,0.002503,74.125.130.0-255,3602,286813,18,328430
7428,0.002513,74.125.130.0-255,1484,288297,18,328430
7429,0.002528,74.125.130.0-255,7156,295453,18,328430
7430,0.002543,74.125.130.0-255,3602,299055,18,328430
7431,0.002565,74.125.130.0-255,4320,303375,18,328430
7432,0.002573,74.125.130.0-255,7156,310531,18,328430
7433,0.002579,74.125.130.0-255,5738,316269,18,328430
7434,0.002591,74.125.130.0-255,2902,319171,18,328430
7435,0.002594,74.125.130.0-255,1484,320655,18,328430
7436,0.00264,74.125.130.0-255,2902,323557,18,328430
7437,0.00266,74.125.130.0-255,4465,328022,18,328430
7438,0.01045,172.31.36.0-255,66,328088,18,328430
7439,0.013128,74.125.130.0-255,105,328193,18,328430
7440,0.013559,172.31.36.0-255,66,328259,18,328430
7441,0.013598,172.31.36.0-255,105,328364,18,328430
7442,0.016232,74.125.130.0-255,66,328430,18,328430
7443,0.0,172.217.194.0-255,172,172,18,197030
7444,2.8e-05,172.31.36.0-255,66,238,18,197030
7445,3.4e-05,172.217.194.0-255,1484,1722,18,197030
7446,3.9e-05,172.31.36.0-255,66,1788,18,197030
7447,4.3e-05,172.217.194.0-255,2902,4690,18,197030
7448,5.1e-05,172.31.36.0-255,66,4756,18,197030
7449,5.4e-05,172.217.194.0-255,1484,6240,18,197030
7450,5.7e-05,172.31.36.0-255,66,6306,18,197030
7451,9.6e-05,172.217.194.0-255,5738,12044,18,197030
7452,9.9e-05,172.31.36.0-255,66,12110,18,197030
7453,0.000118,172.217.194.0-255,7156,19266,18,197030
7454,0.000121,172.31.36.0-255,66,19332,18,197030
7455,0.000162,172.31.36.0-255,66,19398,18,197030
7456,0.000167,172.217.194.0-255,3961,23359,18,197030
7457,0.000169,172.31.36.0-255,66,23425,18,197030
7458,0.000417,172.217.194.0-255,1484,24909,18,197030
7459,0.000421,172.31.36.0-255,66,24975,18,197030
7460,0.000426,172.217.194.0-255,2902,27877,18,197030
7461,0.000431,172.31.36.0-255,66,27943,18,197030
7462,0.000464,172.217.194.0-255,5738,33681,18,197030
7463,0.000466,172.217.194.0-255,1484,35165,18,197030
7464,0.000468,172.31.36.0-255,66,35231,18,197030
7465,0.000469,172.217.194.0-255,1484,36715,18,197030
7466,0.000471,172.31.36.0-255,66,36781,18,197030
7467,0.000475,172.31.36.0-255,66,36847,18,197030
7468,0.000517,172.31.36.0-255,66,36913,18,197030
7469,0.000531,172.31.36.0-255,66,36979,18,197030
7470,0.00056,172.217.194.0-255,363,37342,18,197030
7471,0.000563,172.31.36.0-255,66,37408,18,197030
7472,0.000608,172.217.194.0-255,1484,38892,18,197030
7473,0.000612,172.217.194.0-255,1484,40376,18,197030
7474,0.000614,172.31.36.0-255,66,40442,18,197030
7475,0.000641,172.217.194.0-255,1484,41926,18,197030
7476,0.000647,172.217.194.0-255,5738,47664,18,197030
7477,0.000649,172.31.36.0-255,66,47730,18,197030
7478,0.000657,172.217.194.0-255,6797,54527,18,197030
7479,0.00066,172.31.36.0-255,66,54593,18,197030
7480,0.00102,172.217.194.0-255,1484,56077,18,197030
7481,0.001029,172.217.194.0-255,2902,58979,18,197030
7482,0.001033,172.31.36.0-255,66,59045,18,197030
7483,0.001062,172.217.194.0-255,5738,64783,18,197030
7484,0.001064,172.31.36.0-255,66,64849,18,197030
7485,0.001092,172.217.194.0-255,5738,70587,18,197030
7486,0.001096,172.31.36.0-255,66,70653,18,197030
7487,0.001126,172.217.194.0-255,4830,75483,18,197030
7488,0.00113,172.31.36.0-255,66,75549,18,197030
7489,0.001135,172.217.194.0-255,4320,79869,18,197030
7490,0.001138,172.31.36.0-255,66,79935,18,197030
7491,0.001145,172.217.194.0-255,7156,87091,18,197030
7492,0.001154,172.31.36.0-255,66,87157,18,197030
7493,0.001195,172.31.36.0-255,66,87223,18,197030
7494,0.001206,172.31.36.0-255,66,87289,18,197030
7495,0.001272,172.217.194.0-255,1484,88773,18,197030
7496,0.001291,172.217.194.0-255,2902,91675,18,197030
7497,0.001294,172.31.36.0-255,66,91741,18,197030
7498,0.001302,172.217.194.0-255,5738,97479,18,197030
7499,0.001304,172.31.36.0-255,66,97545,18,197030
7500,0.001316,172.217.194.0-255,5738,103283,18,197030
7501,0.001318,172.31.36.0-255,66,103349,18,197030
7502,0.001356,172.31.36.0-255,66,103415,18,197030
7503,0.00136,172.217.194.0-255,1484,104899,18,197030
7504,0.001389,172.217.194.0-255,3602,108501,18,197030
7505,0.001392,172.31.36.0-255,66,108567,18,197030
7506,0.00144,172.217.194.0-255,1484,110051,18,197030
7507,0.001461,172.217.194.0-255,2902,112953,18,197030
7508,0.001465,172.31.36.0-255,66,113019,18,197030
7509,0.001471,172.217.194.0-255,5738,118757,18,197030
7510,0.001474,172.31.36.0-255,66,118823,18,197030
7511,0.001514,172.31.36.0-255,66,118889,18,197030
7512,0.001567,172.31.36.0-255,66,118955,18,197030
7513,0.001605,172.217.194.0-255,2184,121139,18,197030
7514,0.001607,172.31.36.0-255,66,121205,18,197030
7515,0.001619,172.31.36.0-255,66,121271,18,197030
7516,0.001639,172.31.36.0-255,66,121337,18,197030
7517,0.001654,172.31.36.0-255,66,121403,18,197030
7518,0.001672,172.31.36.0-255,66,121469,18,197030
7519,0.001685,172.31.36.0-255,66,121535,18,197030
7520,0.001806,172.217.194.0-255,1484,123019,18,197030
7521,0.00181,172.217.194.0-255,2902,125921,18,197030
7522,0.001812,172.31.36.0-255,66,125987,18,197030
7523,0.00185,172.217.194.0-255,5738,131725,18,197030
7524,0.001854,172.31.36.0-255,66,131791,18,197030
7525,0.00189,172.31.36.0-255,66,131857,18,197030
7526,0.001901,172.31.36.0-255,66,131923,18,197030
7527,0.001926,172.217.194.0-255,5020,136943,18,197030
7528,0.001928,172.31.36.0-255,66,137009,18,197030
7529,0.001982,172.217.194.0-255,1484,138493,18,197030
7530,0.001986,172.217.194.0-255,2902,141395,18,197030
7531,0.001989,172.31.36.0-255,66,141461,18,197030
7532,0.001991,172.217.194.0-255,1484,142945,18,197030
7533,0.002019,172.217.194.0-255,4320,147265,18,197030
7534,0.002021,172.31.36.0-255,66,147331,18,197030
7535,0.002031,172.31.36.0-255,66,147397,18,197030
7536,0.002059,172.217.194.0-255,2902,150299,18,197030
7537,0.002061,172.31.36.0-255,66,150365,18,197030
7538,0.002077,172.31.36.0-255,66,150431,18,197030
7539,0.004186,172.217.194.0-255,5738,156169,18,197030
7540,0.00419,172.31.36.0-255,66,156235,18,197030
7541,0.006304,172.217.194.0-255,5738,161973,18,197030
7542,0.006311,172.31.36.0-255,66,162039,18,197030
7543,0.008426,172.217.194.0-255,5738,167777,18,197030
7544,0.008432,172.31.36.0-255,66,167843,18,197030
7545,0.00982,172.31.36.0-255,101,167944,18,197030
7546,0.010513,172.217.194.0-255,5738,173682,18,197030
7547,0.010519,172.31.36.0-255,66,173748,18,197030
7548,0.011858,172.217.194.0-255,66,173814,18,197030
7549,0.012689,172.217.194.0-255,5738,179552,18,197030
7550,0.012697,172.31.36.0-255,66,179618,18,197030
7551,0.014772,172.217.194.0-255,5738,185356,18,197030
7552,0.014779,172.31.36.0-255,66,185422,18,197030
7553,0.016893,172.217.194.0-255,5738,191160,18,197030
7554,0.016903,172.31.36.0-255,66,191226,18,197030
7555,0.019057,172.217.194.0-255,5738,196964,18,197030
7556,0.019066,172.31.36.0-255,66,197030,18,197030
7557,0.0,172.217.194.0-255,153,153,18,259046
7558,2.2e-05,172.31.36.0-255,66,219,18,259046
7559,2.8e-05,172.217.194.0-255,1484,1703,18,259046
7560,3.2e-05,172.31.36.0-255,66,1769,18,259046
7561,3.8e-05,172.217.194.0-255,2902,4671,18,259046
7562,4.1e-05,172.31.36.0-255,66,4737,18,259046
7563,4.8e-05,172.217.194.0-255,7156,11893,18,259046
7564,5.1e-05,172.31.36.0-255,66,11959,18,259046
7565,7.6e-05,172.217.194.0-255,7156,19115,18,259046
7566,7.9e-05,172.31.36.0-255,66,19181,18,259046
7567,0.000108,172.31.36.0-255,66,19247,18,259046
7568,0.000121,172.217.194.0-255,3961,23208,18,259046
7569,0.000123,172.31.36.0-255,66,23274,18,259046
7570,0.000275,172.217.194.0-255,1484,24758,18,259046
7571,0.000279,172.31.36.0-255,66,24824,18,259046
7572,0.000284,172.217.194.0-255,2902,27726,18,259046
7573,0.000287,172.31.36.0-255,66,27792,18,259046
7574,0.00029,172.217.194.0-255,1484,29276,18,259046
7575,0.000291,172.31.36.0-255,66,29342,18,259046
7576,0.00032,172.217.194.0-255,4320,33662,18,259046
7577,0.000322,172.31.36.0-255,66,33728,18,259046
7578,0.000327,172.217.194.0-255,2902,36630,18,259046
7579,0.000328,172.31.36.0-255,66,36696,18,259046
7580,0.000352,172.31.36.0-255,66,36762,18,259046
7581,0.000363,172.31.36.0-255,66,36828,18,259046
7582,0.000374,172.217.194.0-255,1484,38312,18,259046
7583,0.000376,172.31.36.0-255,66,38378,18,259046
7584,0.00039,172.217.194.0-255,1446,39824,18,259046
7585,0.000391,172.31.36.0-255,66,39890,18,259046
7586,0.000407,172.217.194.0-255,365,40255,18,259046
7587,0.0008,172.217.194.0-255,1484,41739,18,259046
7588,0.000804,172.31.36.0-255,66,41805,18,259046
7589,0.000809,172.217.194.0-255,2902,44707,18,259046
7590,0.000811,172.31.36.0-255,66,44773,18,259046
7591,0.000839,172.217.194.0-255,2902,47675,18,259046
7592,0.000841,172.31.36.0-255,66,47741,18,259046
7593,0.000861,172.217.194.0-255,7156,54897,18,259046
7594,0.000865,172.31.36.0-255,66,54963,18,259046
7595,0.000887,172.217.194.0-255,5738,60701,18,259046
7596,0.00089,172.31.36.0-255,66,60767,18,259046
7597,0.000912,172.217.194.0-255,3961,64728,18,259046
7598,0.000914,172.31.36.0-255,66,64794,18,259046
7599,0.00093,172.217.194.0-255,4320,69114,18,259046
7600,0.000934,172.31.36.0-255,66,69180,18,259046
7601,0.000957,172.217.194.0-255,5379,74559,18,259046
7602,0.000959,172.31.36.0-255,66,74625,18,259046
7603,0.002076,172.217.194.0-255,1484,76109,18,259046
7604,0.002084,172.217.194.0-255,1484,77593,18,259046
7605,0.0021,172.31.36.0-255,66,77659,18,259046
7606,0.002118,172.217.194.0-255,1484,79143,18,259046
7607,0.002123,172.217.194.0-255,2902,82045,18,259046
7608,0.002125,172.31.36.0-255,66,82111,18,259046
7609,0.002138,172.217.194.0-255,2902,85013,18,259046
7610,0.00214,172.31.36.0-255,66,85079,18,259046
7611,0.002153,172.217.194.0-255,4320,89399,18,259046
7612,0.002154,172.31.36.0-255,66,89465,18,259046
7613,0.002166,172.31.36.0-255,66,89531,18,259046
7614,0.002192,172.217.194.0-255,4320,93851,18,259046
7615,0.002193,172.31.36.0-255,66,93917,18,259046
7616,0.002198,172.217.194.0-255,3602,97519,18,259046
7617,0.0022,172.31.36.0-255,66,97585,18,259046
7618,0.002441,172.217.194.0-255,1484,99069,18,259046
7619,0.002458,172.217.194.0-255,1484,100553,18,259046
7620,0.00246,172.31.36.0-255,66,100619,18,259046
7621,0.002475,172.217.194.0-255,1484,102103,18,259046
7622,0.00248,172.217.194.0-255,4320,106423,18,259046
7623,0.002481,172.31.36.0-255,66,106489,18,259046
7624,0.0025,172.217.194.0-255,1484,107973,18,259046
7625,0.002502,172.217.194.0-255,1484,109457,18,259046
7626,0.002504,172.31.36.0-255,66,109523,18,259046
7627,0.002534,172.31.36.0-255,66,109589,18,259046
7628,0.002543,172.31.36.0-255,66,109655,18,259046
7629,0.002565,172.217.194.0-255,2184,111839,18,259046
7630,0.002568,172.31.36.0-255,66,111905,18,259046
7631,0.002597,172.217.194.0-255,2902,114807,18,259046
7632,0.002599,172.31.36.0-255,66,114873,18,259046
7633,0.002613,172.217.194.0-255,1484,116357,18,259046
7634,0.00263,172.217.194.0-255,5738,122095,18,259046
7635,0.002632,172.31.36.0-255,66,122161,18,259046
7636,0.002637,172.217.194.0-255,5738,127899,18,259046
7637,0.00264,172.31.36.0-255,66,127965,18,259046
7638,0.002651,172.217.194.0-255,2902,130867,18,259046
7639,0.002653,172.31.36.0-255,66,130933,18,259046
7640,0.002658,172.217.194.0-255,4320,135253,18,259046
7641,0.00266,172.31.36.0-255,66,135319,18,259046
7642,0.002663,172.217.194.0-255,1484,136803,18,259046
7643,0.002681,172.217.194.0-255,4320,141123,18,259046
7644,0.002683,172.31.36.0-255,66,141189,18,259046
7645,0.002688,172.217.194.0-255,4320,145509,18,259046
7646,0.00269,172.31.36.0-255,66,145575,18,259046
7647,0.002692,172.217.194.0-255,766,146341,18,259046
7648,0.003101,172.217.194.0-255,1484,147825,18,259046
7649,0.003103,172.31.36.0-255,66,147891,18,259046
7650,0.003114,172.217.194.0-255,1484,149375,18,259046
7651,0.003125,172.217.194.0-255,1484,150859,18,259046
7652,0.003127,172.31.36.0-255,66,150925,18,259046
7653,0.00314,172.217.194.0-255,1484,152409,18,259046
7654,0.00316,172.217.194.0-255,4320,156729,18,259046
7655,0.003162,172.31.36.0-255,66,156795,18,259046
7656,0.003199,172.31.36.0-255,66,156861,18,259046
7657,0.003211,172.31.36.0-255,66,156927,18,259046
7658,0.003233,172.217.194.0-255,1484,158411,18,259046
7659,0.003248,172.217.194.0-255,4320,162731,18,259046
7660,0.00325,172.31.36.0-255,66,162797,18,259046
7661,0.003276,172.217.194.0-255,4320,167117,18,259046
7662,0.003277,172.31.36.0-255,66,167183,18,259046
7663,0.003318,172.31.36.0-255,66,167249,18,259046
7664,0.003331,172.217.194.0-255,2902,170151,18,259046
7665,0.003334,172.31.36.0-255,66,170217,18,259046
7666,0.003346,172.31.36.0-255,66,170283,18,259046
7667,0.003348,172.217.194.0-255,1484,171767,18,259046
7668,0.003369,172.217.194.0-255,2902,174669,18,259046
7669,0.003372,172.31.36.0-255,66,174735,18,259046
7670,0.003393,172.217.194.0-255,5738,180473,18,259046
7671,0.003395,172.31.36.0-255,66,180539,18,259046
7672,0.003397,172.217.194.0-255,1484,182023,18,259046
7673,0.003401,172.217.194.0-255,2902,184925,18,259046
7674,0.003403,172.31.36.0-255,66,184991,18,259046
7675,0.003425,172.217.194.0-255,5738,190729,18,259046
7676,0.003427,172.31.36.0-255,66,190795,18,259046
7677,0.003431,172.217.194.0-255,2902,193697,18,259046
7678,0.003433,172.31.36.0-255,66,193763,18,259046
7679,0.003465,172.31.36.0-255,66,193829,18,259046
7680,0.003468,172.217.194.0-255,1484,195313,18,259046
7681,0.003499,172.31.36.0-255,66,195379,18,259046
7682,0.003527,172.31.36.0-255,66,195445,18,259046
7683,0.003532,172.217.194.0-255,5020,200465,18,259046
7684,0.003535,172.31.36.0-255,78,200543,18,259046
7685,0.00354,172.217.194.0-255,4320,204863,18,259046
7686,0.003543,172.31.36.0-255,78,204941,18,259046
7687,0.003566,172.217.194.0-255,5738,210679,18,259046
7688,0.003568,172.31.36.0-255,66,210745,18,259046
7689,0.00359,172.217.194.0-255,1484,212229,18,259046
7690,0.003607,172.217.194.0-255,1484,213713,18,259046
7691,0.00361,172.31.36.0-255,66,213779,18,259046
7692,0.003627,172.217.194.0-255,1484,215263,18,259046
7693,0.003657,172.217.194.0-255,1484,216747,18,259046
7694,0.00366,172.31.36.0-255,66,216813,18,259046
7695,0.00368,172.217.194.0-255,1484,218297,18,259046
7696,0.003685,172.217.194.0-255,4320,222617,18,259046
7697,0.003687,172.31.36.0-255,66,222683,18,259046
7698,0.00371,172.217.194.0-255,2902,225585,18,259046
7699,0.003713,172.31.36.0-255,66,225651,18,259046
7700,0.003725,172.31.36.0-255,66,225717,18,259046
7701,0.003729,172.217.194.0-255,2902,228619,18,259046
7702,0.003731,172.31.36.0-255,66,228685,18,259046
7703,0.003759,172.217.194.0-255,2184,230869,18,259046
7704,0.003762,172.31.36.0-255,66,230935,18,259046
7705,0.003767,172.217.194.0-255,5738,236673,18,259046
7706,0.003769,172.31.36.0-255,66,236739,18,259046
7707,0.003774,172.217.194.0-255,5738,242477,18,259046
7708,0.003823,172.217.194.0-255,1484,243961,18,259046
7709,0.003825,172.217.194.0-255,1484,245445,18,259046
7710,0.003865,172.217.194.0-255,2902,248347,18,259046
7711,0.003881,172.217.194.0-255,4541,252888,18,259046
7712,0.003883,172.217.194.0-255,105,252993,18,259046
7713,0.004082,172.31.36.0-255,66,253059,18,259046
7714,0.006174,172.217.194.0-255,5738,258797,18,259046
7715,0.00618,172.31.36.0-255,78,258875,18,259046
7716,0.006506,172.31.36.0-255,105,258980,18,259046
7717,0.009092,172.217.194.0-255,66,259046,18,259046
7718,0.0,74.125.200.0-255,153,153,18,172435
7719,2.6e-05,172.31.36.0-255,66,219,18,172435
7720,3.2e-05,74.125.200.0-255,1484,1703,18,172435
7721,3.6e-05,172.31.36.0-255,66,1769,18,172435
7722,4e-05,74.125.200.0-255,1484,3253,18,172435
7723,4.3e-05,172.31.36.0-255,66,3319,18,172435
7724,6.9e-05,74.125.200.0-255,1484,4803,18,172435
7725,7.2e-05,172.31.36.0-255,66,4869,18,172435
7726,8e-05,74.125.200.0-255,5738,10607,18,172435
7727,8.2e-05,172.31.36.0-255,66,10673,18,172435
7728,0.000114,74.125.200.0-255,3492,14165,18,172435
7729,0.000117,172.31.36.0-255,66,14231,18,172435
7730,0.000195,74.125.200.0-255,1484,15715,18,172435
7731,0.000199,172.31.36.0-255,66,15781,18,172435
7732,0.000203,74.125.200.0-255,1484,17265,18,172435
7733,0.000205,172.31.36.0-255,66,17331,18,172435
7734,0.000222,74.125.200.0-255,1484,18815,18,172435
7735,0.000224,172.31.36.0-255,66,18881,18,172435
7736,0.000226,74.125.200.0-255,1484,20365,18,172435
7737,0.000229,172.31.36.0-255,66,20431,18,172435
7738,0.000233,74.125.200.0-255,2902,23333,18,172435
7739,0.000236,172.31.36.0-255,66,23399,18,172435
7740,0.000243,74.125.200.0-255,5738,29137,18,172435
7741,0.000246,172.31.36.0-255,66,29203,18,172435
7742,0.00025,74.125.200.0-255,2543,31746,18,172435
7743,0.000252,172.31.36.0-255,66,31812,18,172435
7744,0.000257,74.125.200.0-255,2902,34714,18,172435
7745,0.000259,172.31.36.0-255,66,34780,18,172435
7746,0.000293,74.125.200.0-255,7156,41936,18,172435
7747,0.000297,172.31.36.0-255,66,42002,18,172435
7748,0.000304,74.125.200.0-255,5738,47740,18,172435
7749,0.000306,172.31.36.0-255,66,47806,18,172435
7750,0.000337,74.125.200.0-255,1125,48931,18,172435
7751,0.000342,74.125.200.0-255,1484,50415,18,172435
7752,0.000344,172.31.36.0-255,66,50481,18,172435
7753,0.000372,74.125.200.0-255,4320,54801,18,172435
7754,0.000375,172.31.36.0-255,66,54867,18,172435
7755,0.000402,172.31.36.0-255,66,54933,18,172435
7756,0.000439,74.125.200.0-255,2543,57476,18,172435
7757,0.000443,172.31.36.0-255,66,57542,18,172435
7758,0.00047,74.125.200.0-255,677,58219,18,172435
7759,0.0007,74.125.200.0-255,1484,59703,18,172435
7760,0.000704,172.31.36.0-255,66,59769,18,172435
7761,0.000708,74.125.200.0-255,1484,61253,18,172435
7762,0.000727,74.125.200.0-255,2902,64155,18,172435
7763,0.000729,172.31.36.0-255,66,64221,18,172435
7764,0.000734,74.125.200.0-255,2902,67123,18,172435
7765,0.000738,172.31.36.0-255,66,67189,18,172435
7766,0.000749,74.125.200.0-255,2902,70091,18,172435
7767,0.000754,172.31.36.0-255,66,70157,18,172435
7768,0.000761,74.125.200.0-255,1484,71641,18,172435
7769,0.000777,74.125.200.0-255,4320,75961,18,172435
7770,0.000781,172.31.36.0-255,66,76027,18,172435
7771,0.000789,74.125.200.0-255,2902,78929,18,172435
7772,0.000792,172.31.36.0-255,66,78995,18,172435
7773,0.000812,74.125.200.0-255,4320,83315,18,172435
7774,0.000815,172.31.36.0-255,66,83381,18,172435
7775,0.000819,74.125.200.0-255,2902,86283,18,172435
7776,0.000823,172.31.36.0-255,66,86349,18,172435
7777,0.000834,74.125.200.0-255,5738,92087,18,172435
7778,0.000838,172.31.36.0-255,66,92153,18,172435
7779,0.000841,74.125.200.0-255,766,92919,18,172435
7780,0.001058,172.31.36.0-255,66,92985,18,172435
7781,0.001612,74.125.200.0-255,1484,94469,18,172435
7782,0.001622,74.125.200.0-255,2902,97371,18,172435
7783,0.001627,172.31.36.0-255,66,97437,18,172435
7784,0.001636,74.125.200.0-255,5738,103175,18,172435
7785,0.001639,172.31.36.0-255,66,103241,18,172435
7786,0.001659,74.125.200.0-255,2902,106143,18,172435
7787,0.001663,172.31.36.0-255,66,106209,18,172435
7788,0.001693,74.125.200.0-255,7156,113365,18,172435
7789,0.001696,172.31.36.0-255,66,113431,18,172435
7790,0.001703,74.125.200.0-255,7156,120587,18,172435
7791,0.001705,172.31.36.0-255,66,120653,18,172435
7792,0.001725,74.125.200.0-255,4320,124973,18,172435
7793,0.001727,172.31.36.0-255,66,125039,18,172435
7794,0.001731,74.125.200.0-255,2184,127223,18,172435
7795,0.001733,172.31.36.0-255,66,127289,18,172435
7796,0.003893,74.125.200.0-255,1484,128773,18,172435
7797,0.003915,74.125.200.0-255,4320,133093,18,172435
7798,0.003917,172.31.36.0-255,66,133159,18,172435
7799,0.006096,74.125.200.0-255,4320,137479,18,172435
7800,0.006102,172.31.36.0-255,66,137545,18,172435
7801,0.006127,74.125.200.0-255,1484,139029,18,172435
7802,0.008273,74.125.200.0-255,4320,143349,18,172435
7803,0.008278,172.31.36.0-255,66,143415,18,172435
7804,0.010478,74.125.200.0-255,5738,149153,18,172435
7805,0.010485,172.31.36.0-255,66,149219,18,172435
7806,0.012836,74.125.200.0-255,5738,154957,18,172435
7807,0.012843,172.31.36.0-255,66,155023,18,172435
7808,0.015043,74.125.200.0-255,5738,160761,18,172435
7809,0.015052,172.31.36.0-255,66,160827,18,172435
7810,0.017247,74.125.200.0-255,5738,166565,18,172435
7811,0.017255,172.31.36.0-255,66,166631,18,172435
7812,0.019438,74.125.200.0-255,5738,172369,18,172435
7813,0.019446,172.31.36.0-255,66,172435,18,172435
7814,0.0,172.31.36.0-255,105,105,18,105
7815,0.0,74.125.24.0-255,146,146,18,222403
7816,9e-06,172.31.36.0-255,66,212,18,222403
7817,2.9e-05,74.125.24.0-255,1484,1696,18,222403
7818,3.2e-05,172.31.36.0-255,66,1762,18,222403
7819,5.5e-05,74.125.24.0-255,2902,4664,18,222403
7820,5.9e-05,172.31.36.0-255,66,4730,18,222403
7821,7e-05,74.125.24.0-255,2902,7632,18,222403
7822,7.2e-05,172.31.36.0-255,66,7698,18,222403
7823,9e-05,74.125.24.0-255,4320,12018,18,222403
7824,9.2e-05,172.31.36.0-255,66,12084,18,222403
7825,0.000105,74.125.24.0-255,2012,14096,18,222403
7826,0.000108,172.31.36.0-255,66,14162,18,222403
7827,0.000269,74.125.24.0-255,1484,15646,18,222403
7828,0.000274,172.31.36.0-255,66,15712,18,222403
7829,0.000279,74.125.24.0-255,2902,18614,18,222403
7830,0.000282,172.31.36.0-255,66,18680,18,222403
7831,0.000285,74.125.24.0-255,1484,20164,18,222403
7832,0.000287,172.31.36.0-255,66,20230,18,222403
7833,0.00031,74.125.24.0-255,2902,23132,18,222403
7834,0.000313,172.31.36.0-255,66,23198,18,222403
7835,0.000316,74.125.24.0-255,1484,24682,18,222403
7836,0.000317,172.31.36.0-255,66,24748,18,222403
7837,0.00034,172.31.36.0-255,66,24814,18,222403
7838,0.000345,74.125.24.0-255,4320,29134,18,222403
7839,0.000347,172.31.36.0-255,66,29200,18,222403
7840,0.00038,172.31.36.0-255,66,29266,18,222403
7841,0.000383,74.125.24.0-255,1125,30391,18,222403
7842,0.000384,172.31.36.0-255,66,30457,18,222403
7843,0.001546,74.125.24.0-255,1484,31941,18,222403
7844,0.001552,172.31.36.0-255,66,32007,18,222403
7845,0.001562,74.125.24.0-255,2902,34909,18,222403
7846,0.001564,172.31.36.0-255,66,34975,18,222403
7847,0.00157,74.125.24.0-255,5738,40713,18,222403
7848,0.001572,172.31.36.0-255,66,40779,18,222403
7849,0.001578,74.125.24.0-255,5738,46517,18,222403
7850,0.00158,172.31.36.0-255,66,46583,18,222403
7851,0.001605,74.125.24.0-255,1125,47708,18,222403
7852,0.001613,74.125.24.0-255,7156,54864,18,222403
7853,0.001615,172.31.36.0-255,66,54930,18,222403
7854,0.001624,74.125.24.0-255,1484,56414,18,222403
7855,0.001657,172.31.36.0-255,66,56480,18,222403
7856,0.001715,74.125.24.0-255,1484,57964,18,222403
7857,0.001731,74.125.24.0-255,7156,65120,18,222403
7858,0.001733,172.31.36.0-255,66,65186,18,222403
7859,0.001752,74.125.24.0-255,2763,67949,18,222403
7860,0.001754,172.31.36.0-255,66,68015,18,222403
7861,0.002479,74.125.24.0-255,1484,69499,18,222403
7862,0.002502,74.125.24.0-255,2902,72401,18,222403
7863,0.002505,172.31.36.0-255,66,72467,18,222403
7864,0.002511,74.125.24.0-255,4320,76787,18,222403
7865,0.002514,172.31.36.0-255,66,76853,18,222403
7866,0.002525,74.125.24.0-255,1484,78337,18,222403
7867,0.002528,74.125.24.0-255,1484,79821,18,222403
7868,0.00253,172.31.36.0-255,66,79887,18,222403
7869,0.002569,172.31.36.0-255,66,79953,18,222403
7870,0.002572,74.125.24.0-255,1484,81437,18,222403
7871,0.002586,74.125.24.0-255,4320,85757,18,222403
7872,0.002589,172.31.36.0-255,66,85823,18,222403
7873,0.002615,74.125.24.0-255,5020,90843,18,222403
7874,0.002618,172.31.36.0-255,66,90909,18,222403
7875,0.002869,74.125.24.0-255,1484,92393,18,222403
7876,0.002874,74.125.24.0-255,2902,95295,18,222403
7877,0.002876,172.31.36.0-255,66,95361,18,222403
7878,0.002885,74.125.24.0-255,5738,101099,18,222403
7879,0.002887,172.31.36.0-255,66,101165,18,222403
7880,0.002911,74.125.24.0-255,1484,102649,18,222403
7881,0.002926,74.125.24.0-255,2902,105551,18,222403
7882,0.002928,172.31.36.0-255,66,105617,18,222403
7883,0.002951,172.31.36.0-255,66,105683,18,222403
7884,0.002955,74.125.24.0-255,2902,108585,18,222403
7885,0.002957,172.31.36.0-255,66,108651,18,222403
7886,0.002996,74.125.24.0-255,2902,111553,18,222403
7887,0.002998,172.31.36.0-255,66,111619,18,222403
7888,0.003014,74.125.24.0-255,3602,115221,18,222403
7889,0.003016,172.31.36.0-255,66,115287,18,222403
7890,0.003509,74.125.24.0-255,1484,116771,18,222403
7891,0.003528,74.125.24.0-255,2902,119673,18,222403
7892,0.003531,172.31.36.0-255,66,119739,18,222403
7893,0.003536,74.125.24.0-255,4320,124059,18,222403
7894,0.003539,172.31.36.0-255,66,124125,18,222403
7895,0.003549,74.125.24.0-255,1484,125609,18,222403
7896,0.003552,74.125.24.0-255,1484,127093,18,222403
7897,0.003555,172.31.36.0-255,66,127159,18,222403
7898,0.003585,172.31.36.0-255,66,127225,18,222403
7899,0.003598,74.125.24.0-255,1484,128709,18,222403
7900,0.003601,74.125.24.0-255,1484,130193,18,222403
7901,0.003603,172.31.36.0-255,66,130259,18,222403
7902,0.003647,74.125.24.0-255,5738,135997,18,222403
7903,0.00365,172.31.36.0-255,66,136063,18,222403
7904,0.003676,74.125.24.0-255,3602,139665,18,222403
7905,0.003679,172.31.36.0-255,66,139731,18,222403
7906,0.003798,74.125.24.0-255,1484,141215,18,222403
7907,0.003804,74.125.24.0-255,2902,144117,18,222403
7908,0.003808,172.31.36.0-255,66,144183,18,222403
7909,0.003827,74.125.24.0-255,5738,149921,18,222403
7910,0.00383,172.31.36.0-255,66,149987,18,222403
7911,0.003834,74.125.24.0-255,1484,151471,18,222403
7912,0.003874,172.31.36.0-255,66,151537,18,222403
7913,0.003879,74.125.24.0-255,2902,154439,18,222403
7914,0.003881,172.31.36.0-255,66,154505,18,222403
7915,0.003904,172.31.36.0-255,66,154571,18,222403
7916,0.005964,74.125.24.0-255,1484,156055,18,222403
7917,0.005973,74.125.24.0-255,2902,158957,18,222403
7918,0.005977,172.31.36.0-255,66,159023,18,222403
7919,0.005983,74.125.24.0-255,1484,160507,18,222403
7920,0.006001,74.125.24.0-255,4320,164827,18,222403
7921,0.006003,172.31.36.0-255,66,164893,18,222403
7922,0.006008,74.125.24.0-255,2902,167795,18,222403
7923,0.00601,172.31.36.0-255,66,167861,18,222403
7924,0.006035,74.125.24.0-255,7156,175017,18,222403
7925,0.006038,172.31.36.0-255,66,175083,18,222403
7926,0.006046,74.125.24.0-255,7156,182239,18,222403
7927,0.006047,172.31.36.0-255,66,182305,18,222403
7928,0.006083,172.31.36.0-255,66,182371,18,222403
7929,0.006098,172.31.36.0-255,66,182437,18,222403
7930,0.006116,74.125.24.0-255,4320,186757,18,222403
7931,0.006118,172.31.36.0-255,66,186823,18,222403
7932,0.006142,172.31.36.0-255,66,186889,18,222403
7933,0.008212,74.125.24.0-255,1484,188373,18,222403
7934,0.008222,74.125.24.0-255,2902,191275,18,222403
7935,0.008226,172.31.36.0-255,66,191341,18,222403
7936,0.008234,74.125.24.0-255,5738,197079,18,222403
7937,0.008236,172.31.36.0-255,66,197145,18,222403
7938,0.008268,172.31.36.0-255,66,197211,18,222403
7939,0.008287,74.125.24.0-255,4320,201531,18,222403
7940,0.008289,172.31.36.0-255,66,201597,18,222403
7941,0.008292,74.125.24.0-255,1484,203081,18,222403
7942,0.008332,172.31.36.0-255,66,203147,18,222403
7943,0.009852,74.125.24.0-255,1484,204631,18,222403
7944,0.009864,74.125.24.0-255,2902,207533,18,222403
7945,0.009869,172.31.36.0-255,66,207599,18,222403
7946,0.009877,74.125.24.0-255,5738,213337,18,222403
7947,0.00988,172.31.36.0-255,66,213403,18,222403
7948,0.009885,74.125.24.0-255,2902,216305,18,222403
7949,0.009887,172.31.36.0-255,66,216371,18,222403
7950,0.009941,172.31.36.0-255,66,216437,18,222403
7951,0.009944,172.31.36.0-255,66,216503,18,222403
7952,0.010017,172.31.36.0-255,66,216569,18,222403
7953,0.010048,172.31.36.0-255,66,216635,18,222403
7954,0.010052,74.125.24.0-255,1484,218119,18,222403
7955,0.010062,172.31.36.0-255,66,218185,18,222403
7956,0.01079,74.125.24.0-255,1484,219669,18,222403
7957,0.010798,74.125.24.0-255,2229,221898,18,222403
7958,0.010803,172.31.36.0-255,66,221964,18,222403
7959,0.010808,74.125.24.0-255,97,222061,18,222403
7960,0.010867,74.125.24.0-255,105,222166,18,222403
7961,0.011491,172.31.36.0-255,66,222232,18,222403
7962,0.011527,172.31.36.0-255,105,222337,18,222403
7963,0.014053,74.125.24.0-255,66,222403,18,222403
7964,0.0,172.217.194.0-255,153,153,18,225316
7965,1.5e-05,172.217.194.0-255,1484,1637,18,225316
7966,2.4e-05,172.31.36.0-255,66,1703,18,225316
7967,3.2e-05,172.217.194.0-255,2902,4605,18,225316
7968,3.6e-05,172.31.36.0-255,66,4671,18,225316
7969,5.5e-05,172.217.194.0-255,7156,11827,18,225316
7970,5.9e-05,172.31.36.0-255,66,11893,18,225316
7971,6.4e-05,172.217.194.0-255,1993,13886,18,225316
7972,6.7e-05,172.31.36.0-255,66,13952,18,225316
7973,7e-05,172.217.194.0-255,1484,15436,18,225316
7974,9.4e-05,172.217.194.0-255,1484,16920,18,225316
7975,0.000102,172.31.36.0-255,66,16986,18,225316
7976,0.00011,172.217.194.0-255,7156,24142,18,225316
7977,0.000114,172.31.36.0-255,66,24208,18,225316
7978,0.00012,172.217.194.0-255,5738,29946,18,225316
7979,0.000122,172.31.36.0-255,66,30012,18,225316
7980,0.000125,172.217.194.0-255,1484,31496,18,225316
7981,0.000181,172.31.36.0-255,66,31562,18,225316
7982,0.000186,172.217.194.0-255,3602,35164,18,225316
7983,0.000189,172.31.36.0-255,66,35230,18,225316
7984,0.000192,172.217.194.0-255,1484,36714,18,225316
7985,0.000225,172.217.194.0-255,2902,39616,18,225316
7986,0.000229,172.31.36.0-255,66,39682,18,225316
7987,0.000234,172.217.194.0-255,4320,44002,18,225316
7988,0.000237,172.31.36.0-255,66,44068,18,225316
7989,0.000277,172.31.36.0-255,66,44134,18,225316
7990,0.000308,172.217.194.0-255,4320,48454,18,225316
7991,0.00031,172.31.36.0-255,66,48520,18,225316
7992,0.000342,172.217.194.0-255,5738,54258,18,225316
7993,0.000344,172.31.36.0-255,66,54324,18,225316
7994,0.000386,172.217.194.0-255,7156,61480,18,225316
7995,0.000388,172.31.36.0-255,66,61546,18,225316
7996,0.000417,172.217.194.0-255,4237,65783,18,225316
7997,0.000419,172.31.36.0-255,66,65849,18,225316
7998,0.000433,172.31.36.0-255,66,65915,18,225316
7999,0.000436,172.217.194.0-255,577,66492,18,225316
8000,0.000471,172.217.194.0-255,1484,67976,18,225316
8001,0.000474,172.31.36.0-255,66,68042,18,225316
8002,0.000479,172.217.194.0-255,2902,70944,18,225316
8003,0.000482,172.31.36.0-255,66,71010,18,225316
8004,0.000517,172.217.194.0-255,5738,76748,18,225316
8005,0.000521,172.31.36.0-255,66,76814,18,225316
8006,0.000528,172.217.194.0-255,7156,83970,18,225316
8007,0.00053,172.31.36.0-255,66,84036,18,225316
8008,0.000581,172.31.36.0-255,66,84102,18,225316
8009,0.00062,172.217.194.0-255,2184,86286,18,225316
8010,0.000622,172.31.36.0-255,66,86352,18,225316
8011,0.000646,172.217.194.0-255,2902,89254,18,225316
8012,0.000648,172.31.36.0-255,66,89320,18,225316
8013,0.000688,172.217.194.0-255,7156,96476,18,225316
8014,0.000693,172.31.36.0-255,66,96542,18,225316
8015,0.000697,172.217.194.0-255,2902,99444,18,225316
8016,0.0007,172.31.36.0-255,66,99510,18,225316
8017,0.000719,172.217.194.0-255,3961,103471,18,225316
8018,0.000723,172.31.36.0-255,66,103537,18,225316
8019,0.000751,172.217.194.0-255,4320,107857,18,225316
8020,0.000755,172.31.36.0-255,66,107923,18,225316
8021,0.000779,172.217.194.0-255,1484,109407,18,225316
8022,0.000801,172.217.194.0-255,7156,116563,18,225316
8023,0.000803,172.31.36.0-255,66,116629,18,225316
8024,0.000811,172.31.36.0-255,66,116695,18,225316
8025,0.000837,172.31.36.0-255,66,116761,18,225316
8026,0.000928,172.217.194.0-255,1484,118245,18,225316
8027,0.000936,172.217.194.0-255,2902,121147,18,225316
8028,0.00094,172.31.36.0-255,66,121213,18,225316
8029,0.000947,172.217.194.0-255,5738,126951,18,225316
8030,0.00095,172.31.36.0-255,66,127017,18,225316
8031,0.000974,172.217.194.0-255,4320,131337,18,225316
8032,0.000977,172.31.36.0-255,66,131403,18,225316
8033,0.001011,172.217.194.0-255,1484,132887,18,225316
8034,0.001017,172.217.194.0-255,7156,140043,18,225316
8035,0.00102,172.31.36.0-255,66,140109,18,225316
8036,0.001059,172.31.36.0-255,66,140175,18,225316
8037,0.001837,172.217.194.0-255,1484,141659,18,225316
8038,0.001846,172.217.194.0-255,2902,144561,18,225316
8039,0.00185,172.31.36.0-255,66,144627,18,225316
8040,0.001857,172.217.194.0-255,5738,150365,18,225316
8041,0.001859,172.31.36.0-255,66,150431,18,225316
8042,0.001878,172.217.194.0-255,7156,157587,18,225316
8043,0.00188,172.31.36.0-255,66,157653,18,225316
8044,0.001923,172.217.194.0-255,5738,163391,18,225316
8045,0.001936,172.31.36.0-255,66,163457,18,225316
8046,0.001945,172.31.36.0-255,66,163523,18,225316
8047,0.002024,172.217.194.0-255,1484,165007,18,225316
8048,0.00203,172.217.194.0-255,2902,167909,18,225316
8049,0.002034,172.31.36.0-255,66,167975,18,225316
8050,0.002041,172.217.194.0-255,5738,173713,18,225316
8051,0.002043,172.31.36.0-255,66,173779,18,225316
8052,0.002075,172.217.194.0-255,7156,180935,18,225316
8053,0.002078,172.31.36.0-255,66,181001,18,225316
8054,0.002082,172.217.194.0-255,1484,182485,18,225316
8055,0.002085,172.217.194.0-255,1484,183969,18,225316
8056,0.002087,172.31.36.0-255,66,184035,18,225316
8057,0.00209,172.217.194.0-255,1484,185519,18,225316
8058,0.002154,172.217.194.0-255,7156,192675,18,225316
8059,0.002157,172.31.36.0-255,66,192741,18,225316
8060,0.002162,172.217.194.0-255,2902,195643,18,225316
8061,0.002165,172.31.36.0-255,66,195709,18,225316
8062,0.002168,172.217.194.0-255,1484,197193,18,225316
8063,0.002176,172.217.194.0-255,766,197959,18,225316
8064,0.002179,172.31.36.0-255,66,198025,18,225316
8065,0.002183,172.217.194.0-255,2902,200927,18,225316
8066,0.002186,172.31.36.0-255,66,200993,18,225316
8067,0.002189,172.217.194.0-255,1484,202477,18,225316
8068,0.002192,172.217.194.0-255,1484,203961,18,225316
8069,0.002194,172.31.36.0-255,66,204027,18,225316
8070,0.002232,172.31.36.0-255,66,204093,18,225316
8071,0.002243,172.31.36.0-255,66,204159,18,225316
8072,0.002276,172.217.194.0-255,1484,205643,18,225316
8073,0.00228,172.217.194.0-255,1484,207127,18,225316
8074,0.002284,172.31.36.0-255,66,207193,18,225316
8075,0.002294,172.31.36.0-255,66,207259,18,225316
8076,0.002303,172.217.194.0-255,1484,208743,18,225316
8077,0.002308,172.217.194.0-255,2902,211645,18,225316
8078,0.00231,172.31.36.0-255,66,211711,18,225316
8079,0.002342,172.217.194.0-255,2902,214613,18,225316
8080,0.002345,172.31.36.0-255,66,214679,18,225316
8081,0.002357,172.31.36.0-255,66,214745,18,225316
8082,0.002377,172.217.194.0-255,2902,217647,18,225316
8083,0.00238,172.31.36.0-255,66,217713,18,225316
8084,0.002398,172.31.36.0-255,66,217779,18,225316
8085,0.002402,172.217.194.0-255,2184,219963,18,225316
8086,0.002403,172.31.36.0-255,66,220029,18,225316
8087,0.002447,172.31.36.0-255,66,220095,18,225316
8088,0.002459,172.31.36.0-255,66,220161,18,225316
8089,0.00248,172.217.194.0-255,1484,221645,18,225316
8090,0.002483,172.217.194.0-255,1484,223129,18,225316
8091,0.002485,172.31.36.0-255,66,223195,18,225316
8092,0.002496,172.31.36.0-255,66,223261,18,225316
8093,0.002499,172.217.194.0-255,1484,224745,18,225316
8094,0.002509,172.31.36.0-255,66,224811,18,225316
8095,0.002544,172.217.194.0-255,97,224908,18,225316
8096,0.002548,172.31.36.0-255,66,224974,18,225316
8097,0.002582,172.217.194.0-255,105,225079,18,225316
8098,0.004742,172.31.36.0-255,66,225145,18,225316
8099,0.004777,172.31.36.0-255,105,225250,18,225316
8100,0.006691,172.217.194.0-255,66,225316,18,225316
8101,0.0,74.125.24.0-255,153,153,18,208575
8102,1.6e-05,74.125.24.0-255,1484,1637,18,208575
8103,2.4e-05,172.31.36.0-255,66,1703,18,208575
8104,3e-05,74.125.24.0-255,1484,3187,18,208575
8105,3.6e-05,74.125.24.0-255,4320,7507,18,208575
8106,4.8e-05,172.31.36.0-255,66,7573,18,208575
8107,5.3e-05,74.125.24.0-255,2902,10475,18,208575
8108,5.6e-05,172.31.36.0-255,66,10541,18,208575
8109,9.1e-05,172.31.36.0-255,66,10607,18,208575
8110,9.6e-05,74.125.24.0-255,2902,13509,18,208575
8111,9.8e-05,172.31.36.0-255,66,13575,18,208575
8112,0.000119,74.125.24.0-255,1484,15059,18,208575
8113,0.000154,172.31.36.0-255,66,15125,18,208575
8114,0.000192,74.125.24.0-255,1484,16609,18,208575
8115,0.000197,74.125.24.0-255,2902,19511,18,208575
8116,0.0002,172.31.36.0-255,66,19577,18,208575
8117,0.000204,74.125.24.0-255,2902,22479,18,208575
8118,0.000207,172.31.36.0-255,66,22545,18,208575
8119,0.00023,74.125.24.0-255,2902,25447,18,208575
8120,0.000238,172.31.36.0-255,66,25513,18,208575
8121,0.000245,74.125.24.0-255,7156,32669,18,208575
8122,0.000247,172.31.36.0-255,66,32735,18,208575
8123,0.000292,172.31.36.0-255,66,32801,18,208575
8124,0.000308,74.125.24.0-255,1484,34285,18,208575
8125,0.000314,74.125.24.0-255,2519,36804,18,208575
8126,0.000317,74.125.24.0-255,342,37146,18,208575
8127,0.000322,172.31.36.0-255,66,37212,18,208575
8128,0.000428,74.125.24.0-255,1484,38696,18,208575
8129,0.000435,74.125.24.0-255,2902,41598,18,208575
8130,0.000458,74.125.24.0-255,5738,47336,18,208575
8131,0.000473,74.125.24.0-255,4320,51656,18,208575
8132,0.000511,74.125.24.0-255,7156,58812,18,208575
8133,0.000528,74.125.24.0-255,3602,62414,18,208575
8134,0.000597,172.31.36.0-255,66,62480,18,208575
8135,0.000635,74.125.24.0-255,1484,63964,18,208575
8136,0.000641,74.125.24.0-255,2902,66866,18,208575
8137,0.00066,172.31.36.0-255,66,66932,18,208575
8138,0.000667,74.125.24.0-255,5738,72670,18,208575
8139,0.000677,172.31.36.0-255,66,72736,18,208575
8140,0.000736,172.31.36.0-255,66,72802,18,208575
8141,0.000801,172.31.36.0-255,66,72868,18,208575
8142,0.000813,172.31.36.0-255,66,72934,18,208575
8143,0.000878,74.125.24.0-255,1484,74418,18,208575
8144,0.000896,74.125.24.0-255,2902,77320,18,208575
8145,0.000909,74.125.24.0-255,2902,80222,18,208575
8146,0.000919,172.31.36.0-255,66,80288,18,208575
8147,0.000924,74.125.24.0-255,2902,83190,18,208575
8148,0.000929,172.31.36.0-255,66,83256,18,208575
8149,0.000947,74.125.24.0-255,4320,87576,18,208575
8150,0.000955,74.125.24.0-255,5738,93314,18,208575
8151,0.000968,74.125.24.0-255,4320,97634,18,208575
8152,0.000991,74.125.24.0-255,7156,104790,18,208575
8153,0.000995,74.125.24.0-255,2184,106974,18,208575
8154,0.001018,172.31.36.0-255,66,107040,18,208575
8155,0.001057,74.125.24.0-255,1484,108524,18,208575
8156,0.001062,74.125.24.0-255,2902,111426,18,208575
8157,0.001075,172.31.36.0-255,66,111492,18,208575
8158,0.001104,74.125.24.0-255,5738,117230,18,208575
8159,0.001122,74.125.24.0-255,5738,122968,18,208575
8160,0.00113,172.31.36.0-255,66,123034,18,208575
8161,0.001138,74.125.24.0-255,1484,124518,18,208575
8162,0.00116,172.31.36.0-255,66,124584,18,208575
8163,0.001167,74.125.24.0-255,1484,126068,18,208575
8164,0.001193,74.125.24.0-255,3602,129670,18,208575
8165,0.001205,172.31.36.0-255,66,129736,18,208575
8166,0.001378,74.125.24.0-255,1484,131220,18,208575
8167,0.001384,74.125.24.0-255,2902,134122,18,208575
8168,0.001399,74.125.24.0-255,1484,135606,18,208575
8169,0.001403,74.125.24.0-255,2902,138508,18,208575
8170,0.001443,172.31.36.0-255,66,138574,18,208575
8171,0.001449,172.31.36.0-255,66,138640,18,208575
8172,0.001465,74.125.24.0-255,5738,144378,18,208575
8173,0.001488,74.125.24.0-255,6438,150816,18,208575
8174,0.001522,172.31.36.0-255,66,150882,18,208575
8175,0.001558,74.125.24.0-255,1484,152366,18,208575
8176,0.001563,74.125.24.0-255,2902,155268,18,208575
8177,0.001576,74.125.24.0-255,1484,156752,18,208575
8178,0.001587,172.31.36.0-255,66,156818,18,208575
8179,0.001593,74.125.24.0-255,4320,161138,18,208575
8180,0.001615,74.125.24.0-255,7156,168294,18,208575
8181,0.001618,172.31.36.0-255,66,168360,18,208575
8182,0.001646,74.125.24.0-255,4320,172680,18,208575
8183,0.001672,172.31.36.0-255,66,172746,18,208575
8184,0.001683,74.125.24.0-255,7156,179902,18,208575
8185,0.001702,172.31.36.0-255,66,179968,18,208575
8186,0.001723,74.125.24.0-255,2184,182152,18,208575
8187,0.001726,74.125.24.0-255,2902,185054,18,208575
8188,0.001732,74.125.24.0-255,7156,192210,18,208575
8189,0.001746,74.125.24.0-255,1484,193694,18,208575
8190,0.001775,74.125.24.0-255,6438,200132,18,208575
8191,0.00179,172.31.36.0-255,66,200198,18,208575
8192,0.001852,74.125.24.0-255,2902,203100,18,208575
8193,0.001865,172.31.36.0-255,66,203166,18,208575
8194,0.001876,74.125.24.0-255,4320,207486,18,208575
8195,0.001886,172.31.36.0-255,66,207552,18,208575
8196,0.001894,74.125.24.0-255,498,208050,18,208575
8197,0.001897,74.125.24.0-255,105,208155,18,208575
8198,0.011149,172.31.36.0-255,66,208221,18,208575
8199,0.011191,172.31.36.0-255,105,208326,18,208575
8200,0.012407,74.125.24.0-255,105,208431,18,208575
8201,0.012416,172.31.36.0-255,78,208509,18,208575
8202,0.013211,74.125.24.0-255,66,208575,18,208575
8203,0.0,74.125.24.0-255,148,148,18,130808
8204,1.7e-05,172.31.36.0-255,66,214,18,130808
8205,2.3e-05,74.125.24.0-255,1484,1698,18,130808
8206,2.8e-05,172.31.36.0-255,66,1764,18,130808
8207,3.3e-05,74.125.24.0-255,2902,4666,18,130808
8208,3.7e-05,172.31.36.0-255,66,4732,18,130808
8209,5.3e-05,74.125.24.0-255,7156,11888,18,130808
8210,5.7e-05,172.31.36.0-255,66,11954,18,130808
8211,6.1e-05,74.125.24.0-255,2084,14038,18,130808
8212,6.4e-05,172.31.36.0-255,66,14104,18,130808
8213,0.000104,74.125.24.0-255,5738,19842,18,130808
8214,0.000107,172.31.36.0-255,66,19908,18,130808
8215,0.000147,172.31.36.0-255,66,19974,18,130808
8216,0.000163,172.31.36.0-255,66,20040,18,130808
8217,0.000172,74.125.24.0-255,2184,22224,18,130808
8218,0.000174,172.31.36.0-255,66,22290,18,130808
8219,0.000179,74.125.24.0-255,2902,25192,18,130808
8220,0.000181,172.31.36.0-255,66,25258,18,130808
8221,0.000187,74.125.24.0-255,7156,32414,18,130808
8222,0.00019,172.31.36.0-255,66,32480,18,130808
8223,0.000252,172.31.36.0-255,66,32546,18,130808
8224,0.001066,74.125.24.0-255,1484,34030,18,130808
8225,0.001072,172.31.36.0-255,66,34096,18,130808
8226,0.00108,74.125.24.0-255,2902,36998,18,130808
8227,0.001082,172.31.36.0-255,66,37064,18,130808
8228,0.001094,74.125.24.0-255,4320,41384,18,130808
8229,0.001096,172.31.36.0-255,66,41450,18,130808
8230,0.001128,74.125.24.0-255,1484,42934,18,130808
8231,0.00113,172.31.36.0-255,66,43000,18,130808
8232,0.001162,74.125.24.0-255,766,43766,18,130808
8233,0.001387,74.125.24.0-255,1484,45250,18,130808
8234,0.001394,74.125.24.0-255,2902,48152,18,130808
8235,0.001397,74.125.24.0-255,1484,49636,18,130808
8236,0.001414,74.125.24.0-255,1484,51120,18,130808
8237,0.001426,74.125.24.0-255,4320,55440,18,130808
8238,0.001446,74.125.24.0-255,2902,58342,18,130808
8239,0.001475,74.125.24.0-255,7156,65498,18,130808
8240,0.001488,74.125.24.0-255,2184,67682,18,130808
8241,0.001639,74.125.24.0-255,1484,69166,18,130808
8242,0.001658,74.125.24.0-255,2902,72068,18,130808
8243,0.001679,74.125.24.0-255,2902,74970,18,130808
8244,0.001699,74.125.24.0-255,2902,77872,18,130808
8245,0.001703,74.125.24.0-255,1484,79356,18,130808
8246,0.001733,74.125.24.0-255,5738,85094,18,130808
8247,0.001748,74.125.24.0-255,5020,90114,18,130808
8248,0.002199,172.31.36.0-255,66,90180,18,130808
8249,0.004665,74.125.24.0-255,5738,95918,18,130808
8250,0.004671,172.31.36.0-255,66,95984,18,130808
8251,0.007114,74.125.24.0-255,5738,101722,18,130808
8252,0.007119,172.31.36.0-255,66,101788,18,130808
8253,0.009585,74.125.24.0-255,5738,107526,18,130808
8254,0.009593,172.31.36.0-255,66,107592,18,130808
8255,0.012053,74.125.24.0-255,5738,113330,18,130808
8256,0.012062,172.31.36.0-255,66,113396,18,130808
8257,0.01451,74.125.24.0-255,5738,119134,18,130808
8258,0.014519,172.31.36.0-255,66,119200,18,130808
8259,0.016987,74.125.24.0-255,5738,124938,18,130808
8260,0.016997,172.31.36.0-255,66,125004,18,130808
8261,0.019479,74.125.24.0-255,5738,130742,18,130808
8262,0.019487,172.31.36.0-255,66,130808,18,130808
8263,0.0,74.125.24.0-255,406,406,18,290819
8264,1.8e-05,74.125.24.0-255,1484,1890,18,290819
8265,3e-05,172.31.36.0-255,66,1956,18,290819
8266,3.9e-05,74.125.24.0-255,4320,6276,18,290819
8267,4.2e-05,172.31.36.0-255,66,6342,18,290819
8268,5.5e-05,172.31.36.0-255,66,6408,18,290819
8269,0.000269,74.125.24.0-255,1484,7892,18,290819
8270,0.000277,74.125.24.0-255,2902,10794,18,290819
8271,0.000281,172.31.36.0-255,66,10860,18,290819
8272,0.000299,74.125.24.0-255,2902,13762,18,290819
8273,0.000303,172.31.36.0-255,66,13828,18,290819
8274,0.000328,74.125.24.0-255,2902,16730,18,290819
8275,0.00033,172.31.36.0-255,66,16796,18,290819
8276,0.000337,74.125.24.0-255,5738,22534,18,290819
8277,0.000339,172.31.36.0-255,66,22600,18,290819
8278,0.000353,74.125.24.0-255,1125,23725,18,290819
8279,0.000374,74.125.24.0-255,1484,25209,18,290819
8280,0.000377,172.31.36.0-255,66,25275,18,290819
8281,0.000399,74.125.24.0-255,4320,29595,18,290819
8282,0.000402,172.31.36.0-255,66,29661,18,290819
8283,0.000429,172.31.36.0-255,66,29727,18,290819
8284,0.000432,74.125.24.0-255,1125,30852,18,290819
8285,0.000674,74.125.24.0-255,1484,32336,18,290819
8286,0.00068,172.31.36.0-255,66,32402,18,290819
8287,0.000698,74.125.24.0-255,2902,35304,18,290819
8288,0.000701,172.31.36.0-255,66,35370,18,290819
8289,0.000707,74.125.24.0-255,4320,39690,18,290819
8290,0.00071,172.31.36.0-255,66,39756,18,290819
8291,0.000726,74.125.24.0-255,1484,41240,18,290819
8292,0.00073,74.125.24.0-255,1484,42724,18,290819
8293,0.000733,172.31.36.0-255,66,42790,18,290819
8294,0.000753,74.125.24.0-255,5379,48169,18,290819
8295,0.000756,172.31.36.0-255,66,48235,18,290819
8296,0.000791,74.125.24.0-255,1484,49719,18,290819
8297,0.000809,74.125.24.0-255,2902,52621,18,290819
8298,0.000813,172.31.36.0-255,66,52687,18,290819
8299,0.000827,74.125.24.0-255,2902,55589,18,290819
8300,0.000829,172.31.36.0-255,66,55655,18,290819
8301,0.000855,74.125.24.0-255,2902,58557,18,290819
8302,0.000859,172.31.36.0-255,66,58623,18,290819
8303,0.000867,74.125.24.0-255,7156,65779,18,290819
8304,0.00087,172.31.36.0-255,66,65845,18,290819
8305,0.000889,74.125.24.0-255,288,66133,18,290819
8306,0.000932,74.125.24.0-255,1484,67617,18,290819
8307,0.000935,172.31.36.0-255,66,67683,18,290819
8308,0.000939,74.125.24.0-255,1484,69167,18,290819
8309,0.000954,74.125.24.0-255,1484,70651,18,290819
8310,0.000956,172.31.36.0-255,66,70717,18,290819
8311,0.000961,74.125.24.0-255,2902,73619,18,290819
8312,0.000964,172.31.36.0-255,66,73685,18,290819
8313,0.000987,74.125.24.0-255,2902,76587,18,290819
8314,0.00099,172.31.36.0-255,66,76653,18,290819
8315,0.000995,74.125.24.0-255,2902,79555,18,290819
8316,0.000997,172.31.36.0-255,66,79621,18,290819
8317,0.001012,74.125.24.0-255,3961,83582,18,290819
8318,0.001014,172.31.36.0-255,66,83648,18,290819
8319,0.001023,74.125.24.0-255,7156,90804,18,290819
8320,0.001026,172.31.36.0-255,66,90870,18,290819
8321,0.001061,172.31.36.0-255,66,90936,18,290819
8322,0.001118,172.31.36.0-255,66,91002,18,290819
8323,0.001125,74.125.24.0-255,6921,97923,18,290819
8324,0.001127,172.31.36.0-255,66,97989,18,290819
8325,0.00127,74.125.24.0-255,1484,99473,18,290819
8326,0.001276,74.125.24.0-255,2902,102375,18,290819
8327,0.001279,172.31.36.0-255,66,102441,18,290819
8328,0.001283,74.125.24.0-255,1484,103925,18,290819
8329,0.001303,74.125.24.0-255,4320,108245,18,290819
8330,0.001306,172.31.36.0-255,66,108311,18,290819
8331,0.001324,74.125.24.0-255,1484,109795,18,290819
8332,0.001354,172.31.36.0-255,66,109861,18,290819
8333,0.001365,74.125.24.0-255,1484,111345,18,290819
8334,0.00137,74.125.24.0-255,2902,114247,18,290819
8335,0.001373,172.31.36.0-255,66,114313,18,290819
8336,0.001406,172.31.36.0-255,66,114379,18,290819
8337,0.001658,74.125.24.0-255,1484,115863,18,290819
8338,0.001664,74.125.24.0-255,2902,118765,18,290819
8339,0.001667,172.31.36.0-255,66,118831,18,290819
8340,0.00167,74.125.24.0-255,1484,120315,18,290819
8341,0.00169,74.125.24.0-255,4320,124635,18,290819
8342,0.001692,172.31.36.0-255,66,124701,18,290819
8343,0.001698,74.125.24.0-255,5738,130439,18,290819
8344,0.001701,172.31.36.0-255,66,130505,18,290819
8345,0.001722,74.125.24.0-255,5738,136243,18,290819
8346,0.001724,172.31.36.0-255,66,136309,18,290819
8347,0.001753,74.125.24.0-255,7156,143465,18,290819
8348,0.001756,172.31.36.0-255,66,143531,18,290819
8349,0.001762,74.125.24.0-255,5020,148551,18,290819
8350,0.001764,172.31.36.0-255,66,148617,18,290819
8351,0.002163,74.125.24.0-255,1484,150101,18,290819
8352,0.002169,74.125.24.0-255,2902,153003,18,290819
8353,0.002172,172.31.36.0-255,66,153069,18,290819
8354,0.002193,74.125.24.0-255,2902,155971,18,290819
8355,0.002196,172.31.36.0-255,66,156037,18,290819
8356,0.002219,74.125.24.0-255,2902,158939,18,290819
8357,0.002225,74.125.24.0-255,5738,164677,18,290819
8358,0.00223,172.31.36.0-255,66,164743,18,290819
8359,0.002233,172.31.36.0-255,66,164809,18,290819
8360,0.002248,74.125.24.0-255,4320,169129,18,290819
8361,0.00225,172.31.36.0-255,66,169195,18,290819
8362,0.002255,74.125.24.0-255,2902,172097,18,290819
8363,0.002257,172.31.36.0-255,66,172163,18,290819
8364,0.002293,172.31.36.0-255,66,172229,18,290819
8365,0.002314,74.125.24.0-255,1484,173713,18,290819
8366,0.002338,74.125.24.0-255,1484,175197,18,290819
8367,0.002342,172.31.36.0-255,66,175263,18,290819
8368,0.002381,74.125.24.0-255,2902,178165,18,290819
8369,0.002384,172.31.36.0-255,66,178231,18,290819
8370,0.002391,74.125.24.0-255,5738,183969,18,290819
8371,0.002393,172.31.36.0-255,66,184035,18,290819
8372,0.002402,74.125.24.0-255,4320,188355,18,290819
8373,0.002404,172.31.36.0-255,66,188421,18,290819
8374,0.002408,74.125.24.0-255,1484,189905,18,290819
8375,0.002414,74.125.24.0-255,5738,195643,18,290819
8376,0.002416,172.31.36.0-255,66,195709,18,290819
8377,0.002447,74.125.24.0-255,7156,202865,18,290819
8378,0.002449,172.31.36.0-255,66,202931,18,290819
8379,0.002455,74.125.24.0-255,3602,206533,18,290819
8380,0.002457,172.31.36.0-255,66,206599,18,290819
8381,0.003378,74.125.24.0-255,1484,208083,18,290819
8382,0.003398,74.125.24.0-255,2902,210985,18,290819
8383,0.003403,172.31.36.0-255,66,211051,18,290819
8384,0.00341,74.125.24.0-255,4320,215371,18,290819
8385,0.003412,172.31.36.0-255,66,215437,18,290819
8386,0.003428,74.125.24.0-255,1484,216921,18,290819
8387,0.003436,74.125.24.0-255,7156,224077,18,290819
8388,0.003438,172.31.36.0-255,66,224143,18,290819
8389,0.003463,172.31.36.0-255,66,224209,18,290819
8390,0.003488,74.125.24.0-255,5738,229947,18,290819
8391,0.00349,172.31.36.0-255,66,230013,18,290819
8392,0.003494,74.125.24.0-255,2184,232197,18,290819
8393,0.003497,172.31.36.0-255,66,232263,18,290819
8394,0.00359,74.125.24.0-255,1484,233747,18,290819
8395,0.003597,74.125.24.0-255,2902,236649,18,290819
8396,0.0036,172.31.36.0-255,66,236715,18,290819
8397,0.003606,74.125.24.0-255,4320,241035,18,290819
8398,0.003608,172.31.36.0-255,66,241101,18,290819
8399,0.00362,74.125.24.0-255,1484,242585,18,290819
8400,0.003625,74.125.24.0-255,4320,246905,18,290819
8401,0.003628,172.31.36.0-255,66,246971,18,290819
8402,0.003652,74.125.24.0-255,5738,252709,18,290819
8403,0.003655,172.31.36.0-255,66,252775,18,290819
8404,0.00366,74.125.24.0-255,4320,257095,18,290819
8405,0.003662,172.31.36.0-255,66,257161,18,290819
8406,0.003691,172.31.36.0-255,66,257227,18,290819
8407,0.003696,74.125.24.0-255,4320,261547,18,290819
8408,0.003699,172.31.36.0-255,66,261613,18,290819
8409,0.003702,74.125.24.0-255,1484,263097,18,290819
8410,0.003734,172.31.36.0-255,66,263163,18,290819
8411,0.003755,74.125.24.0-255,5738,268901,18,290819
8412,0.003758,172.31.36.0-255,66,268967,18,290819
8413,0.003764,74.125.24.0-255,6438,275405,18,290819
8414,0.003767,172.31.36.0-255,66,275471,18,290819
8415,0.003876,74.125.24.0-255,1484,276955,18,290819
8416,0.003903,74.125.24.0-255,2902,279857,18,290819
8417,0.003907,172.31.36.0-255,66,279923,18,290819
8418,0.003914,74.125.24.0-255,4320,284243,18,290819
8419,0.003916,172.31.36.0-255,66,284309,18,290819
8420,0.003935,74.125.24.0-255,1484,285793,18,290819
8421,0.003947,172.31.36.0-255,66,285859,18,290819
8422,0.003984,74.125.24.0-255,1484,287343,18,290819
8423,0.004017,172.31.36.0-255,66,287409,18,290819
8424,0.004019,74.125.24.0-255,1484,288893,18,290819
8425,0.004037,74.125.24.0-255,1584,290477,18,290819
8426,0.004039,172.31.36.0-255,66,290543,18,290819
8427,0.004042,74.125.24.0-255,105,290648,18,290819
8428,0.011215,172.31.36.0-255,105,290753,18,290819
8429,0.013505,74.125.24.0-255,66,290819,18,290819
8430,0.0,172.217.194.0-255,153,153,18,86762
8431,2.4e-05,172.31.36.0-255,66,219,18,86762
8432,3e-05,172.217.194.0-255,1484,1703,18,86762
8433,3.5e-05,172.31.36.0-255,66,1769,18,86762
8434,4.1e-05,172.217.194.0-255,2902,4671,18,86762
8435,4.4e-05,172.31.36.0-255,66,4737,18,86762
8436,6.8e-05,172.217.194.0-255,2902,7639,18,86762
8437,7.1e-05,172.31.36.0-255,66,7705,18,86762
8438,9.2e-05,172.217.194.0-255,4320,12025,18,86762
8439,9.5e-05,172.31.36.0-255,66,12091,18,86762
8440,0.000248,172.217.194.0-255,3502,15593,18,86762
8441,0.000254,172.31.36.0-255,66,15659,18,86762
8442,0.000325,172.217.194.0-255,5738,21397,18,86762
8443,0.000329,172.31.36.0-255,66,21463,18,86762
8444,0.000354,172.31.36.0-255,66,21529,18,86762
8445,0.000669,172.31.36.0-255,66,21595,18,86762
8446,0.000697,172.31.36.0-255,66,21661,18,86762
8447,0.001044,172.217.194.0-255,7156,28817,18,86762
8448,0.00105,172.31.36.0-255,66,28883,18,86762
8449,0.001082,172.31.36.0-255,66,28949,18,86762
8450,0.001433,172.31.36.0-255,66,29015,18,86762
8451,0.001454,172.217.194.0-255,5379,34394,18,86762
8452,0.001456,172.31.36.0-255,66,34460,18,86762
8453,0.001827,172.217.194.0-255,4320,38780,18,86762
8454,0.001833,172.31.36.0-255,66,38846,18,86762
8455,0.001873,172.31.36.0-255,66,38912,18,86762
8456,0.002643,172.217.194.0-255,7156,46068,18,86762
8457,0.003302,172.217.194.0-255,7156,53224,18,86762
8458,0.005116,172.31.36.0-255,66,53290,18,86762
8459,0.007239,172.217.194.0-255,4320,57610,18,86762
8460,0.007245,172.31.36.0-255,66,57676,18,86762
8461,0.007263,172.217.194.0-255,1484,59160,18,86762
8462,0.00939,172.217.194.0-255,4320,63480,18,86762
8463,0.009396,172.31.36.0-255,66,63546,18,86762
8464,0.011551,172.217.194.0-255,5738,69284,18,86762
8465,0.012296,172.31.36.0-255,66,69350,18,86762
8466,0.014418,172.217.194.0-255,5738,75088,18,86762
8467,0.014432,172.31.36.0-255,66,75154,18,86762
8468,0.016586,172.217.194.0-255,5738,80892,18,86762
8469,0.016596,172.31.36.0-255,66,80958,18,86762
8470,0.018724,172.217.194.0-255,5738,86696,18,86762
8471,0.018733,172.31.36.0-255,66,86762,18,86762
8472,0.0,172.217.194.0-255,146,146,18,122725
8473,2.3e-05,172.31.36.0-255,66,212,18,122725
8474,3.1e-05,172.217.194.0-255,1484,1696,18,122725
8475,3.6e-05,172.31.36.0-255,66,1762,18,122725
8476,4.3e-05,172.217.194.0-255,2902,4664,18,122725
8477,4.6e-05,172.31.36.0-255,66,4730,18,122725
8478,5.4e-05,172.217.194.0-255,7156,11886,18,122725
8479,5.7e-05,172.31.36.0-255,66,11952,18,122725
8480,6.1e-05,172.217.194.0-255,2085,14037,18,122725
8481,6.4e-05,172.31.36.0-255,66,14103,18,122725
8482,0.000343,172.217.194.0-255,1484,15587,18,122725
8483,0.000349,172.31.36.0-255,66,15653,18,122725
8484,0.000356,172.217.194.0-255,2902,18555,18,122725
8485,0.000359,172.31.36.0-255,66,18621,18,122725
8486,0.000365,172.217.194.0-255,5738,24359,18,122725
8487,0.000367,172.31.36.0-255,66,24425,18,122725
8488,0.000399,172.217.194.0-255,2902,27327,18,122725
8489,0.000402,172.31.36.0-255,66,27393,18,122725
8490,0.000434,172.31.36.0-255,66,27459,18,122725
8491,0.000447,172.31.36.0-255,66,27525,18,122725
8492,0.00045,172.217.194.0-255,1125,28650,18,122725
8493,0.000452,172.31.36.0-255,66,28716,18,122725
8494,0.001631,172.217.194.0-255,1484,30200,18,122725
8495,0.001639,172.31.36.0-255,66,30266,18,122725
8496,0.001649,172.217.194.0-255,2902,33168,18,122725
8497,0.001652,172.31.36.0-255,66,33234,18,122725
8498,0.001659,172.217.194.0-255,5738,38972,18,122725
8499,0.001661,172.31.36.0-255,66,39038,18,122725
8500,0.001669,172.217.194.0-255,5738,44776,18,122725
8501,0.001671,172.31.36.0-255,66,44842,18,122725
8502,0.001705,172.217.194.0-255,1705,46547,18,122725
8503,0.001708,172.31.36.0-255,66,46613,18,122725
8504,0.001735,172.217.194.0-255,2902,49515,18,122725
8505,0.001737,172.31.36.0-255,66,49581,18,122725
8506,0.00176,172.217.194.0-255,7156,56737,18,122725
8507,0.001763,172.31.36.0-255,66,56803,18,122725
8508,0.001783,172.217.194.0-255,5738,62541,18,122725
8509,0.001785,172.31.36.0-255,66,62607,18,122725
8510,0.001801,172.217.194.0-255,5738,68345,18,122725
8511,0.001803,172.31.36.0-255,66,68411,18,122725
8512,0.001808,172.217.194.0-255,2902,71313,18,122725
8513,0.00181,172.31.36.0-255,66,71379,18,122725
8514,0.001842,172.31.36.0-255,66,71445,18,122725
8515,0.002286,172.217.194.0-255,1484,72929,18,122725
8516,0.002302,172.217.194.0-255,2902,75831,18,122725
8517,0.002305,172.31.36.0-255,66,75897,18,122725
8518,0.002311,172.217.194.0-255,4320,80217,18,122725
8519,0.002313,172.31.36.0-255,66,80283,18,122725
8520,0.002338,172.31.36.0-255,66,80349,18,122725
8521,0.002378,172.217.194.0-255,2902,83251,18,122725
8522,0.002381,172.31.36.0-255,66,83317,18,122725
8523,0.002412,172.31.36.0-255,66,83383,18,122725
8524,0.004711,172.217.194.0-255,1484,84867,18,122725
8525,0.004726,172.217.194.0-255,2902,87769,18,122725
8526,0.00473,172.31.36.0-255,66,87835,18,122725
8527,0.004742,172.217.194.0-255,1484,89319,18,122725
8528,0.007055,172.217.194.0-255,4320,93639,18,122725
8529,0.007063,172.31.36.0-255,66,93705,18,122725
8530,0.00942,172.217.194.0-255,5738,99443,18,122725
8531,0.009428,172.31.36.0-255,66,99509,18,122725
8532,0.011769,172.217.194.0-255,5738,105247,18,122725
8533,0.011778,172.31.36.0-255,66,105313,18,122725
8534,0.014086,172.217.194.0-255,5738,111051,18,122725
8535,0.014094,172.31.36.0-255,66,111117,18,122725
8536,0.0164,172.217.194.0-255,5738,116855,18,122725
8537,0.016409,172.31.36.0-255,66,116921,18,122725
8538,0.01871,172.217.194.0-255,5738,122659,18,122725
8539,0.018718,172.31.36.0-255,66,122725,18,122725
8540,0.0,74.125.24.0-255,298,298,18,159385
8541,2.8e-05,172.31.36.0-255,66,364,18,159385
8542,3.7e-05,74.125.24.0-255,1484,1848,18,159385
8543,4.2e-05,172.31.36.0-255,66,1914,18,159385
8544,5e-05,74.125.24.0-255,4320,6234,18,159385
8545,5.4e-05,172.31.36.0-255,66,6300,18,159385
8546,5.9e-05,74.125.24.0-255,4320,10620,18,159385
8547,6.2e-05,172.31.36.0-255,66,10686,18,159385
8548,7.5e-05,172.31.36.0-255,66,10752,18,159385
8549,0.000104,74.125.24.0-255,460,11212,18,159385
8550,0.000107,172.31.36.0-255,66,11278,18,159385
8551,0.000121,172.31.36.0-255,66,11344,18,159385
8552,0.000183,74.125.24.0-255,1484,12828,18,159385
8553,0.000186,172.31.36.0-255,66,12894,18,159385
8554,0.000206,74.125.24.0-255,2902,15796,18,159385
8555,0.000209,172.31.36.0-255,66,15862,18,159385
8556,0.000215,74.125.24.0-255,5738,21600,18,159385
8557,0.000217,172.31.36.0-255,66,21666,18,159385
8558,0.000234,74.125.24.0-255,1484,23150,18,159385
8559,0.000236,172.31.36.0-255,66,23216,18,159385
8560,0.000269,172.31.36.0-255,66,23282,18,159385
8561,0.000297,74.125.24.0-255,2902,26184,18,159385
8562,0.0003,172.31.36.0-255,66,26250,18,159385
8563,0.000317,74.125.24.0-255,7068,33318,18,159385
8564,0.00032,172.31.36.0-255,66,33384,18,159385
8565,0.000323,74.125.24.0-255,134,33518,18,159385
8566,0.000325,172.31.36.0-255,66,33584,18,159385
8567,0.000341,74.125.24.0-255,347,33931,18,159385
8568,0.000343,172.31.36.0-255,66,33997,18,159385
8569,0.000519,74.125.24.0-255,1484,35481,18,159385
8570,0.000541,74.125.24.0-255,1484,36965,18,159385
8571,0.000545,172.31.36.0-255,66,37031,18,159385
8572,0.000556,74.125.24.0-255,1484,38515,18,159385
8573,0.000559,74.125.24.0-255,1484,39999,18,159385
8574,0.000561,172.31.36.0-255,66,40065,18,159385
8575,0.000575,74.125.24.0-255,2902,42967,18,159385
8576,0.000578,172.31.36.0-255,66,43033,18,159385
8577,0.00058,74.125.24.0-255,1484,44517,18,159385
8578,0.000606,74.125.24.0-255,6797,51314,18,159385
8579,0.000609,172.31.36.0-255,66,51380,18,159385
8580,0.000625,74.125.24.0-255,1484,52864,18,159385
8581,0.000641,74.125.24.0-255,2902,55766,18,159385
8582,0.000644,172.31.36.0-255,66,55832,18,159385
8583,0.000651,74.125.24.0-255,5738,61570,18,159385
8584,0.000653,172.31.36.0-255,66,61636,18,159385
8585,0.000679,74.125.24.0-255,4320,65956,18,159385
8586,0.000681,172.31.36.0-255,66,66022,18,159385
8587,0.000694,74.125.24.0-255,2543,68565,18,159385
8588,0.000696,172.31.36.0-255,66,68631,18,159385
8589,0.00134,74.125.24.0-255,1484,70115,18,159385
8590,0.001355,74.125.24.0-255,2902,73017,18,159385
8591,0.001359,172.31.36.0-255,66,73083,18,159385
8592,0.001365,74.125.24.0-255,5738,78821,18,159385
8593,0.001367,172.31.36.0-255,66,78887,18,159385
8594,0.001372,74.125.24.0-255,2902,81789,18,159385
8595,0.001375,172.31.36.0-255,66,81855,18,159385
8596,0.001399,74.125.24.0-255,7156,89011,18,159385
8597,0.001402,172.31.36.0-255,66,89077,18,159385
8598,0.001445,172.31.36.0-255,66,89143,18,159385
8599,0.001953,74.125.24.0-255,1484,90627,18,159385
8600,0.001962,74.125.24.0-255,2902,93529,18,159385
8601,0.001966,172.31.36.0-255,66,93595,18,159385
8602,0.001989,74.125.24.0-255,5738,99333,18,159385
8603,0.001991,172.31.36.0-255,66,99399,18,159385
8604,0.001997,74.125.24.0-255,4320,103719,18,159385
8605,0.001999,172.31.36.0-255,66,103785,18,159385
8606,0.002017,74.125.24.0-255,2902,106687,18,159385
8607,0.00202,172.31.36.0-255,66,106753,18,159385
8608,0.002057,172.31.36.0-255,66,106819,18,159385
8609,0.002068,172.31.36.0-255,66,106885,18,159385
8610,0.002148,74.125.24.0-255,1484,108369,18,159385
8611,0.002155,74.125.24.0-255,2902,111271,18,159385
8612,0.002158,172.31.36.0-255,66,111337,18,159385
8613,0.00218,74.125.24.0-255,5738,117075,18,159385
8614,0.002182,172.31.36.0-255,66,117141,18,159385
8615,0.002199,74.125.24.0-255,1484,118625,18,159385
8616,0.002228,172.31.36.0-255,66,118691,18,159385
8617,0.002242,172.31.36.0-255,66,118757,18,159385
8618,0.004512,74.125.24.0-255,5738,124495,18,159385
8619,0.004519,172.31.36.0-255,66,124561,18,159385
8620,0.006782,74.125.24.0-255,5738,130299,18,159385
8621,0.006789,172.31.36.0-255,66,130365,18,159385
8622,0.009074,74.125.24.0-255,5738,136103,18,159385
8623,0.00908,172.31.36.0-255,66,136169,18,159385
8624,0.011382,74.125.24.0-255,5738,141907,18,159385
8625,0.011389,172.31.36.0-255,66,141973,18,159385
8626,0.013648,74.125.24.0-255,5738,147711,18,159385
8627,0.013659,172.31.36.0-255,66,147777,18,159385
8628,0.01595,74.125.24.0-255,5738,153515,18,159385
8629,0.01596,172.31.36.0-255,66,153581,18,159385
8630,0.018283,74.125.24.0-255,5738,159319,18,159385
8631,0.018292,172.31.36.0-255,66,159385,18,159385
8632,0.0,172.217.194.0-255,153,153,18,188144
8633,2e-05,172.31.36.0-255,66,219,18,188144
8634,2.8e-05,172.217.194.0-255,1484,1703,18,188144
8635,3.2e-05,172.31.36.0-255,66,1769,18,188144
8636,3.7e-05,172.217.194.0-255,2902,4671,18,188144
8637,4.1e-05,172.31.36.0-255,66,4737,18,188144
8638,4.6e-05,172.217.194.0-255,2902,7639,18,188144
8639,4.9e-05,172.31.36.0-255,66,7705,18,188144
8640,5.5e-05,172.217.194.0-255,2902,10607,18,188144
8641,5.7e-05,172.31.36.0-255,66,10673,18,188144
8642,8.5e-05,172.217.194.0-255,4907,15580,18,188144
8643,8.8e-05,172.31.36.0-255,66,15646,18,188144
8644,0.000102,172.31.36.0-255,66,15712,18,188144
8645,0.00012,172.217.194.0-255,2902,18614,18,188144
8646,0.000123,172.31.36.0-255,66,18680,18,188144
8647,0.000126,172.217.194.0-255,1125,19805,18,188144
8648,0.000129,172.31.36.0-255,66,19871,18,188144
8649,0.000159,172.217.194.0-255,1484,21355,18,188144
8650,0.000162,172.31.36.0-255,66,21421,18,188144
8651,0.000165,172.217.194.0-255,1484,22905,18,188144
8652,0.000167,172.31.36.0-255,66,22971,18,188144
8653,0.000183,172.217.194.0-255,2902,25873,18,188144
8654,0.000186,172.31.36.0-255,66,25939,18,188144
8655,0.00019,172.217.194.0-255,2902,28841,18,188144
8656,0.000192,172.31.36.0-255,66,28907,18,188144
8657,0.000214,172.217.194.0-255,4320,33227,18,188144
8658,0.000216,172.31.36.0-255,66,33293,18,188144
8659,0.000221,172.217.194.0-255,2902,36195,18,188144
8660,0.000223,172.31.36.0-255,66,36261,18,188144
8661,0.000268,172.31.36.0-255,66,36327,18,188144
8662,0.000279,172.217.194.0-255,1125,37452,18,188144
8663,0.000283,172.217.194.0-255,4216,41668,18,188144
8664,0.000288,172.31.36.0-255,66,41734,18,188144
8665,0.000332,172.217.194.0-255,1484,43218,18,188144
8666,0.000346,172.217.194.0-255,2902,46120,18,188144
8667,0.00035,172.31.36.0-255,66,46186,18,188144
8668,0.000355,172.217.194.0-255,4320,50506,18,188144
8669,0.000358,172.31.36.0-255,66,50572,18,188144
8670,0.000369,172.217.194.0-255,1484,52056,18,188144
8671,0.000396,172.217.194.0-255,6797,58853,18,188144
8672,0.000399,172.31.36.0-255,66,58919,18,188144
8673,0.000435,172.217.194.0-255,4320,63239,18,188144
8674,0.000437,172.31.36.0-255,66,63305,18,188144
8675,0.000457,172.217.194.0-255,2902,66207,18,188144
8676,0.00046,172.31.36.0-255,66,66273,18,188144
8677,0.000472,172.31.36.0-255,66,66339,18,188144
8678,0.000507,172.217.194.0-255,5738,72077,18,188144
8679,0.00051,172.31.36.0-255,66,72143,18,188144
8680,0.000541,172.31.36.0-255,66,72209,18,188144
8681,0.000559,172.31.36.0-255,66,72275,18,188144
8682,0.000604,172.217.194.0-255,1484,73759,18,188144
8683,0.000609,172.217.194.0-255,2902,76661,18,188144
8684,0.000611,172.31.36.0-255,66,76727,18,188144
8685,0.000617,172.217.194.0-255,4320,81047,18,188144
8686,0.00062,172.31.36.0-255,66,81113,18,188144
8687,0.000634,172.217.194.0-255,1484,82597,18,188144
8688,0.000646,172.31.36.0-255,66,82663,18,188144
8689,0.000671,172.217.194.0-255,2902,85565,18,188144
8690,0.000673,172.31.36.0-255,66,85631,18,188144
8691,0.000687,172.31.36.0-255,66,85697,18,188144
8692,0.000778,172.217.194.0-255,1484,87181,18,188144
8693,0.000786,172.217.194.0-255,1484,88665,18,188144
8694,0.00079,172.31.36.0-255,66,88731,18,188144
8695,0.000811,172.217.194.0-255,1484,90215,18,188144
8696,0.000818,172.217.194.0-255,5738,95953,18,188144
8697,0.000821,172.31.36.0-255,66,96019,18,188144
8698,0.000824,172.217.194.0-255,1484,97503,18,188144
8699,0.000851,172.31.36.0-255,66,97569,18,188144
8700,0.000854,172.217.194.0-255,1484,99053,18,188144
8701,0.000878,172.31.36.0-255,66,99119,18,188144
8702,0.000901,172.217.194.0-255,1484,100603,18,188144
8703,0.000921,172.217.194.0-255,2902,103505,18,188144
8704,0.000925,172.31.36.0-255,66,103571,18,188144
8705,0.000931,172.217.194.0-255,5738,109309,18,188144
8706,0.000934,172.31.36.0-255,66,109375,18,188144
8707,0.000976,172.31.36.0-255,66,109441,18,188144
8708,0.000988,172.31.36.0-255,66,109507,18,188144
8709,0.001013,172.217.194.0-255,2902,112409,18,188144
8710,0.001015,172.31.36.0-255,66,112475,18,188144
8711,0.001058,172.31.36.0-255,66,112541,18,188144
8712,0.00107,172.31.36.0-255,66,112607,18,188144
8713,0.001199,172.217.194.0-255,1484,114091,18,188144
8714,0.001219,172.217.194.0-255,2902,116993,18,188144
8715,0.001222,172.31.36.0-255,66,117059,18,188144
8716,0.001229,172.217.194.0-255,5738,122797,18,188144
8717,0.001232,172.31.36.0-255,66,122863,18,188144
8718,0.001235,172.217.194.0-255,1484,124347,18,188144
8719,0.001264,172.217.194.0-255,5738,130085,18,188144
8720,0.001266,172.31.36.0-255,66,130151,18,188144
8721,0.001272,172.217.194.0-255,4320,134471,18,188144
8722,0.001275,172.31.36.0-255,66,134537,18,188144
8723,0.00131,172.31.36.0-255,66,134603,18,188144
8724,0.001315,172.217.194.0-255,2184,136787,18,188144
8725,0.001317,172.31.36.0-255,66,136853,18,188144
8726,0.001785,172.217.194.0-255,1484,138337,18,188144
8727,0.001792,172.217.194.0-255,2902,141239,18,188144
8728,0.001795,172.31.36.0-255,66,141305,18,188144
8729,0.001802,172.217.194.0-255,4320,145625,18,188144
8730,0.001804,172.31.36.0-255,66,145691,18,188144
8731,0.001822,172.217.194.0-255,1484,147175,18,188144
8732,0.001855,172.31.36.0-255,66,147241,18,188144
8733,0.001867,172.31.36.0-255,66,147307,18,188144
8734,0.001891,172.217.194.0-255,2184,149491,18,188144
8735,0.001894,172.31.36.0-255,66,149557,18,188144
8736,0.00196,172.217.194.0-255,1484,151041,18,188144
8737,0.001974,172.217.194.0-255,2902,153943,18,188144
8738,0.001977,172.31.36.0-255,66,154009,18,188144
8739,0.001982,172.217.194.0-255,2902,156911,18,188144
8740,0.001984,172.31.36.0-255,66,156977,18,188144
8741,0.001998,172.217.194.0-255,2902,159879,18,188144
8742,0.002001,172.31.36.0-255,66,159945,18,188144
8743,0.002008,172.217.194.0-255,7156,167101,18,188144
8744,0.002011,172.31.36.0-255,66,167167,18,188144
8745,0.002043,172.31.36.0-255,66,167233,18,188144
8746,0.002068,172.217.194.0-255,5738,172971,18,188144
8747,0.002071,172.31.36.0-255,66,173037,18,188144
8748,0.002077,172.217.194.0-255,3602,176639,18,188144
8749,0.002079,172.31.36.0-255,66,176705,18,188144
8750,0.002082,172.217.194.0-255,1484,178189,18,188144
8751,0.002115,172.31.36.0-255,66,178255,18,188144
8752,0.002139,172.217.194.0-255,4320,182575,18,188144
8753,0.002142,172.31.36.0-255,66,182641,18,188144
8754,0.002155,172.31.36.0-255,66,182707,18,188144
8755,0.002169,172.217.194.0-255,1484,184191,18,188144
8756,0.002195,172.217.194.0-255,3545,187736,18,188144
8757,0.002198,172.31.36.0-255,66,187802,18,188144
8758,0.002201,172.217.194.0-255,105,187907,18,188144
8759,0.004579,172.31.36.0-255,66,187973,18,188144
8760,0.004618,172.31.36.0-255,105,188078,18,188144
8761,0.006869,172.217.194.0-255,66,188144,18,188144
8762,0.0,74.125.24.0-255,153,153,18,106623
8763,2.7e-05,172.31.36.0-255,66,219,18,106623
8764,3.5e-05,74.125.24.0-255,1484,1703,18,106623
8765,4e-05,172.31.36.0-255,66,1769,18,106623
8766,5.4e-05,74.125.24.0-255,2902,4671,18,106623
8767,5.7e-05,172.31.36.0-255,66,4737,18,106623
8768,6.6e-05,74.125.24.0-255,7156,11893,18,106623
8769,6.9e-05,172.31.36.0-255,66,11959,18,106623
8770,7.5e-05,74.125.24.0-255,4320,16279,18,106623
8771,7.8e-05,172.31.36.0-255,66,16345,18,106623
8772,0.000109,74.125.24.0-255,3492,19837,18,106623
8773,0.000112,172.31.36.0-255,66,19903,18,106623
8774,0.000119,74.125.24.0-255,5738,25641,18,106623
8775,0.000121,172.31.36.0-255,66,25707,18,106623
8776,0.000158,74.125.24.0-255,5379,31086,18,106623
8777,0.00016,172.31.36.0-255,66,31152,18,106623
8778,0.001462,74.125.24.0-255,1484,32636,18,106623
8779,0.001476,172.31.36.0-255,66,32702,18,106623
8780,0.00149,74.125.24.0-255,2902,35604,18,106623
8781,0.001499,172.31.36.0-255,66,35670,18,106623
8782,0.001507,74.125.24.0-255,5738,41408,18,106623
8783,0.001509,172.31.36.0-255,66,41474,18,106623
8784,0.001516,74.125.24.0-255,6797,48271,18,106623
8785,0.001519,172.31.36.0-255,66,48337,18,106623
8786,0.001525,74.125.24.0-255,2902,51239,18,106623
8787,0.001527,172.31.36.0-255,66,51305,18,106623
8788,0.001577,172.31.36.0-255,66,51371,18,106623
8789,0.001582,74.125.24.0-255,2817,54188,18,106623
8790,0.001584,172.31.36.0-255,66,54254,18,106623
8791,0.001635,74.125.24.0-255,133,54387,18,106623
8792,0.001637,172.31.36.0-255,66,54453,18,106623
8793,0.002004,74.125.24.0-255,1484,55937,18,106623
8794,0.00201,74.125.24.0-255,2902,58839,18,106623
8795,0.002029,74.125.24.0-255,5738,64577,18,106623
8796,0.002049,74.125.24.0-255,2902,67479,18,106623
8797,0.002068,74.125.24.0-255,4320,71799,18,106623
8798,0.002086,74.125.24.0-255,5738,77537,18,106623
8799,0.006732,172.31.36.0-255,66,77603,18,106623
8800,0.009124,74.125.24.0-255,5738,83341,18,106623
8801,0.009141,172.31.36.0-255,66,83407,18,106623
8802,0.011513,74.125.24.0-255,5738,89145,18,106623
8803,0.011535,172.31.36.0-255,66,89211,18,106623
8804,0.013898,74.125.24.0-255,5738,94949,18,106623
8805,0.013919,172.31.36.0-255,66,95015,18,106623
8806,0.016264,74.125.24.0-255,5738,100753,18,106623
8807,0.016284,172.31.36.0-255,66,100819,18,106623
8808,0.018669,74.125.24.0-255,5738,106557,18,106623
8809,0.01869,172.31.36.0-255,66,106623,18,106623
8810,0.0,74.125.24.0-255,146,146,18,135624
8811,2.3e-05,172.31.36.0-255,66,212,18,135624
8812,3e-05,74.125.24.0-255,1484,1696,18,135624
8813,3.5e-05,172.31.36.0-255,66,1762,18,135624
8814,4.1e-05,74.125.24.0-255,2902,4664,18,135624
8815,4.4e-05,172.31.36.0-255,66,4730,18,135624
8816,5.1e-05,74.125.24.0-255,7156,11886,18,135624
8817,5.4e-05,172.31.36.0-255,66,11952,18,135624
8818,5.7e-05,74.125.24.0-255,1484,13436,18,135624
8819,6.1e-05,172.31.36.0-255,66,13502,18,135624
8820,0.000109,172.31.36.0-255,66,13568,18,135624
8821,0.000128,74.125.24.0-255,668,14236,18,135624
8822,0.00013,172.31.36.0-255,66,14302,18,135624
8823,0.000144,172.31.36.0-255,66,14368,18,135624
8824,0.000191,172.31.36.0-255,66,14434,18,135624
8825,0.000257,74.125.24.0-255,4299,18733,18,135624
8826,0.000261,172.31.36.0-255,66,18799,18,135624
8827,0.000264,172.31.36.0-255,66,18865,18,135624
8828,0.000314,74.125.24.0-255,1484,20349,18,135624
8829,0.000318,172.31.36.0-255,66,20415,18,135624
8830,0.000323,74.125.24.0-255,2902,23317,18,135624
8831,0.000325,172.31.36.0-255,66,23383,18,135624
8832,0.000332,74.125.24.0-255,5738,29121,18,135624
8833,0.000335,172.31.36.0-255,66,29187,18,135624
8834,0.000338,74.125.24.0-255,1484,30671,18,135624
8835,0.00034,172.31.36.0-255,66,30737,18,135624
8836,0.000356,74.125.24.0-255,5379,36116,18,135624
8837,0.000359,172.31.36.0-255,66,36182,18,135624
8838,0.000389,172.31.36.0-255,66,36248,18,135624
8839,0.000411,74.125.24.0-255,5738,41986,18,135624
8840,0.000413,172.31.36.0-255,66,42052,18,135624
8841,0.000416,74.125.24.0-255,1484,43536,18,135624
8842,0.000418,172.31.36.0-255,66,43602,18,135624
8843,0.00044,74.125.24.0-255,1407,45009,18,135624
8844,0.000443,172.31.36.0-255,66,45075,18,135624
8845,0.000785,74.125.24.0-255,1484,46559,18,135624
8846,0.000793,74.125.24.0-255,2902,49461,18,135624
8847,0.000798,172.31.36.0-255,66,49527,18,135624
8848,0.000805,74.125.24.0-255,4320,53847,18,135624
8849,0.000808,172.31.36.0-255,66,53913,18,135624
8850,0.000829,74.125.24.0-255,1484,55397,18,135624
8851,0.000845,172.31.36.0-255,66,55463,18,135624
8852,0.000869,74.125.24.0-255,1484,56947,18,135624
8853,0.000883,74.125.24.0-255,2902,59849,18,135624
8854,0.000886,172.31.36.0-255,66,59915,18,135624
8855,0.000918,172.31.36.0-255,66,59981,18,135624
8856,0.001111,74.125.24.0-255,1484,61465,18,135624
8857,0.001117,74.125.24.0-255,2902,64367,18,135624
8858,0.001121,172.31.36.0-255,66,64433,18,135624
8859,0.001128,74.125.24.0-255,4320,68753,18,135624
8860,0.00113,172.31.36.0-255,66,68819,18,135624
8861,0.001144,74.125.24.0-255,1484,70303,18,135624
8862,0.001147,74.125.24.0-255,1484,71787,18,135624
8863,0.00115,172.31.36.0-255,66,71853,18,135624
8864,0.001161,172.31.36.0-255,66,71919,18,135624
8865,0.001185,74.125.24.0-255,2902,74821,18,135624
8866,0.001188,172.31.36.0-255,66,74887,18,135624
8867,0.001225,172.31.36.0-255,66,74953,18,135624
8868,0.001244,74.125.24.0-255,5738,80691,18,135624
8869,0.001247,172.31.36.0-255,66,80757,18,135624
8870,0.001283,172.31.36.0-255,66,80823,18,135624
8871,0.001315,74.125.24.0-255,5738,86561,18,135624
8872,0.001319,172.31.36.0-255,66,86627,18,135624
8873,0.001342,74.125.24.0-255,7156,93783,18,135624
8874,0.001345,172.31.36.0-255,66,93849,18,135624
8875,0.001348,74.125.24.0-255,766,94615,18,135624
8876,0.001371,74.125.24.0-255,7156,101771,18,135624
8877,0.001375,172.31.36.0-255,66,101837,18,135624
8878,0.001403,172.31.36.0-255,66,101903,18,135624
8879,0.001451,74.125.24.0-255,7156,109059,18,135624
8880,0.001455,172.31.36.0-255,66,109125,18,135624
8881,0.001481,172.31.36.0-255,66,109191,18,135624
8882,0.001573,172.31.36.0-255,66,109257,18,135624
8883,0.001642,74.125.24.0-255,4320,113577,18,135624
8884,0.001646,172.31.36.0-255,66,113643,18,135624
8885,0.001673,172.31.36.0-255,66,113709,18,135624
8886,0.001707,172.31.36.0-255,66,113775,18,135624
8887,0.001727,74.125.24.0-255,4320,118095,18,135624
8888,0.00173,172.31.36.0-255,66,118161,18,135624
8889,0.001762,172.31.36.0-255,66,118227,18,135624
8890,0.001776,74.125.24.0-255,2184,120411,18,135624
8891,0.001779,172.31.36.0-255,66,120477,18,135624
8892,0.00183,74.125.24.0-255,7156,127633,18,135624
8893,0.001833,172.31.36.0-255,66,127699,18,135624
8894,0.001869,172.31.36.0-255,66,127765,18,135624
8895,0.001911,172.31.36.0-255,66,127831,18,135624
8896,0.002042,74.125.24.0-255,7156,134987,18,135624
8897,0.002046,172.31.36.0-255,66,135053,18,135624
8898,0.002075,172.31.36.0-255,66,135119,18,135624
8899,0.002104,172.31.36.0-255,66,135185,18,135624
8900,0.002133,172.31.36.0-255,66,135251,18,135624
8901,0.00218,74.125.24.0-255,136,135387,18,135624
8902,0.005277,172.31.36.0-255,66,135453,18,135624
8903,0.005315,172.31.36.0-255,105,135558,18,135624
8904,0.007659,74.125.24.0-255,66,135624,18,135624
8905,0.0,172.31.36.0-255,105,105,18,105
8906,0.0,172.217.194.0-255,153,153,18,176559
8907,2.3e-05,172.31.36.0-255,66,219,18,176559
8908,3e-05,172.217.194.0-255,1484,1703,18,176559
8909,3.4e-05,172.31.36.0-255,66,1769,18,176559
8910,6.5e-05,172.217.194.0-255,2902,4671,18,176559
8911,6.9e-05,172.31.36.0-255,66,4737,18,176559
8912,7.6e-05,172.217.194.0-255,5738,10475,18,176559
8913,7.9e-05,172.31.36.0-255,66,10541,18,176559
8914,0.000114,172.217.194.0-255,6339,16880,18,176559
8915,0.000117,172.31.36.0-255,66,16946,18,176559
8916,0.000125,172.217.194.0-255,7156,24102,18,176559
8917,0.000127,172.31.36.0-255,66,24168,18,176559
8918,0.000163,172.217.194.0-255,6797,30965,18,176559
8919,0.000166,172.31.36.0-255,66,31031,18,176559
8920,0.000237,172.217.194.0-255,1484,32515,18,176559
8921,0.00024,172.31.36.0-255,66,32581,18,176559
8922,0.000244,172.217.194.0-255,1484,34065,18,176559
8923,0.000246,172.31.36.0-255,66,34131,18,176559
8924,0.00028,172.217.194.0-255,1484,35615,18,176559
8925,0.000283,172.31.36.0-255,66,35681,18,176559
8926,0.000289,172.217.194.0-255,5738,41419,18,176559
8927,0.000291,172.31.36.0-255,66,41485,18,176559
8928,0.00031,172.217.194.0-255,2902,44387,18,176559
8929,0.000313,172.31.36.0-255,66,44453,18,176559
8930,0.000337,172.217.194.0-255,3961,48414,18,176559
8931,0.00034,172.31.36.0-255,66,48480,18,176559
8932,0.000343,172.217.194.0-255,1484,49964,18,176559
8933,0.000345,172.31.36.0-255,66,50030,18,176559
8934,0.000389,172.217.194.0-255,2902,52932,18,176559
8935,0.000392,172.31.36.0-255,66,52998,18,176559
8936,0.000398,172.217.194.0-255,5738,58736,18,176559
8937,0.000401,172.31.36.0-255,66,58802,18,176559
8938,0.000408,172.217.194.0-255,7069,65871,18,176559
8939,0.00041,172.31.36.0-255,66,65937,18,176559
8940,0.001173,172.217.194.0-255,120,66057,18,176559
8941,0.00118,172.31.36.0-255,66,66123,18,176559
8942,0.001185,172.217.194.0-255,381,66504,18,176559
8943,0.001281,172.31.36.0-255,66,66570,18,176559
8944,0.00186,172.217.194.0-255,1484,68054,18,176559
8945,0.001869,172.217.194.0-255,2902,70956,18,176559
8946,0.001871,172.31.36.0-255,66,71022,18,176559
8947,0.001875,172.217.194.0-255,1484,72506,18,176559
8948,0.001895,172.217.194.0-255,4320,76826,18,176559
8949,0.001897,172.31.36.0-255,66,76892,18,176559
8950,0.00193,172.31.36.0-255,66,76958,18,176559
8951,0.001953,172.217.194.0-255,2902,79860,18,176559
8952,0.001955,172.31.36.0-255,66,79926,18,176559
8953,0.001958,172.217.194.0-255,1484,81410,18,176559
8954,0.001988,172.31.36.0-255,66,81476,18,176559
8955,0.003696,172.217.194.0-255,1484,82960,18,176559
8956,0.003704,172.217.194.0-255,2902,85862,18,176559
8957,0.003708,172.31.36.0-255,66,85928,18,176559
8958,0.003713,172.217.194.0-255,2902,88830,18,176559
8959,0.003715,172.31.36.0-255,66,88896,18,176559
8960,0.003735,172.217.194.0-255,2902,91798,18,176559
8961,0.003737,172.31.36.0-255,66,91864,18,176559
8962,0.003743,172.217.194.0-255,5738,97602,18,176559
8963,0.003745,172.31.36.0-255,66,97668,18,176559
8964,0.003792,172.31.36.0-255,66,97734,18,176559
8965,0.003798,172.217.194.0-255,5020,102754,18,176559
8966,0.0038,172.31.36.0-255,66,102820,18,176559
8967,0.004118,172.217.194.0-255,1484,104304,18,176559
8968,0.004126,172.217.194.0-255,2902,107206,18,176559
8969,0.004129,172.31.36.0-255,66,107272,18,176559
8970,0.00416,172.217.194.0-255,5738,113010,18,176559
8971,0.004162,172.31.36.0-255,66,113076,18,176559
8972,0.004169,172.217.194.0-255,7156,120232,18,176559
8973,0.004171,172.31.36.0-255,66,120298,18,176559
8974,0.004189,172.217.194.0-255,2902,123200,18,176559
8975,0.004191,172.31.36.0-255,66,123266,18,176559
8976,0.004195,172.217.194.0-255,2902,126168,18,176559
8977,0.004197,172.31.36.0-255,66,126234,18,176559
8978,0.004236,172.31.36.0-255,66,126300,18,176559
8979,0.004263,172.217.194.0-255,1484,127784,18,176559
8980,0.004287,172.217.194.0-255,5738,133522,18,176559
8981,0.00429,172.31.36.0-255,66,133588,18,176559
8982,0.004295,172.217.194.0-255,5738,139326,18,176559
8983,0.004297,172.31.36.0-255,66,139392,18,176559
8984,0.004328,172.31.36.0-255,66,139458,18,176559
8985,0.004357,172.217.194.0-255,766,140224,18,176559
8986,0.004363,172.217.194.0-255,4320,144544,18,176559
8987,0.004366,172.31.36.0-255,66,144610,18,176559
8988,0.004372,172.217.194.0-255,4320,148930,18,176559
8989,0.004375,172.31.36.0-255,66,148996,18,176559
8990,0.004419,172.31.36.0-255,66,149062,18,176559
8991,0.004508,172.217.194.0-255,4320,153382,18,176559
8992,0.00452,172.31.36.0-255,66,153448,18,176559
8993,0.004538,172.217.194.0-255,3602,157050,18,176559
8994,0.004601,172.31.36.0-255,66,157116,18,176559
8995,0.004629,172.31.36.0-255,66,157182,18,176559
8996,0.004639,172.217.194.0-255,2184,159366,18,176559
8997,0.004668,172.31.36.0-255,66,159432,18,176559
8998,0.004698,172.217.194.0-255,1484,160916,18,176559
8999,0.004735,172.31.36.0-255,66,160982,18,176559
9000,0.004765,172.31.36.0-255,66,161048,18,176559
9001,0.004829,172.31.36.0-255,66,161114,18,176559
9002,0.004842,172.31.36.0-255,66,161180,18,176559
9003,0.004875,172.217.194.0-255,4320,165500,18,176559
9004,0.004932,172.31.36.0-255,66,165566,18,176559
9005,0.004976,172.31.36.0-255,66,165632,18,176559
9006,0.005022,172.217.194.0-255,4320,169952,18,176559
9007,0.005055,172.217.194.0-255,1484,171436,18,176559
9008,0.00507,172.217.194.0-255,4781,176217,18,176559
9009,0.005073,172.217.194.0-255,105,176322,18,176559
9010,0.005091,172.31.36.0-255,66,176388,18,176559
9011,0.007534,172.31.36.0-255,105,176493,18,176559
9012,0.009858,172.217.194.0-255,66,176559,18,176559
9013,0.0,172.217.194.0-255,179,179,18,210654
9014,1.9e-05,172.217.194.0-255,1484,1663,18,210654
9015,3.2e-05,172.31.36.0-255,66,1729,18,210654
9016,4.1e-05,172.217.194.0-255,2902,4631,18,210654
9017,5.9e-05,172.217.194.0-255,7156,11787,18,210654
9018,6.3e-05,172.217.194.0-255,2034,13821,18,210654
9019,0.000101,172.217.194.0-255,5379,19200,18,210654
9020,0.000168,172.31.36.0-255,66,19266,18,210654
9021,0.000234,172.217.194.0-255,1484,20750,18,210654
9022,0.000254,172.217.194.0-255,2902,23652,18,210654
9023,0.000258,172.217.194.0-255,1484,25136,18,210654
9024,0.000277,172.217.194.0-255,4320,29456,18,210654
9025,0.000296,172.217.194.0-255,4320,33776,18,210654
9026,0.000323,172.217.194.0-255,1484,35260,18,210654
9027,0.000352,172.217.194.0-255,1484,36744,18,210654
9028,0.000383,172.217.194.0-255,397,37141,18,210654
9029,0.00052,172.31.36.0-255,66,37207,18,210654
9030,0.000554,172.217.194.0-255,1484,38691,18,210654
9031,0.000561,172.217.194.0-255,2902,41593,18,210654
9032,0.000568,172.217.194.0-255,5738,47331,18,210654
9033,0.000591,172.217.194.0-255,7156,54487,18,210654
9034,0.000605,172.31.36.0-255,66,54553,18,210654
9035,0.000622,172.217.194.0-255,5738,60291,18,210654
9036,0.000628,172.217.194.0-255,4320,64611,18,210654
9037,0.000634,172.31.36.0-255,66,64677,18,210654
9038,0.000664,172.217.194.0-255,6438,71115,18,210654
9039,0.000683,172.31.36.0-255,66,71181,18,210654
9040,0.000778,172.217.194.0-255,1484,72665,18,210654
9041,0.000783,172.217.194.0-255,2902,75567,18,210654
9042,0.000798,172.31.36.0-255,66,75633,18,210654
9043,0.000806,172.217.194.0-255,5738,81371,18,210654
9044,0.00081,172.217.194.0-255,2902,84273,18,210654
9045,0.000831,172.217.194.0-255,5738,90011,18,210654
9046,0.000836,172.31.36.0-255,66,90077,18,210654
9047,0.000863,172.217.194.0-255,2902,92979,18,210654
9048,0.00088,172.217.194.0-255,5738,98717,18,210654
9049,0.000887,172.217.194.0-255,7156,105873,18,210654
9050,0.000902,172.217.194.0-255,4320,110193,18,210654
9051,0.000908,172.31.36.0-255,66,110259,18,210654
9052,0.000937,172.217.194.0-255,6438,116697,18,210654
9053,0.00094,172.217.194.0-255,376,117073,18,210654
9054,0.000968,172.31.36.0-255,66,117139,18,210654
9055,0.000972,172.217.194.0-255,1484,118623,18,210654
9056,0.000975,172.217.194.0-255,1484,120107,18,210654
9057,0.000995,172.217.194.0-255,2902,123009,18,210654
9058,0.001,172.217.194.0-255,4320,127329,18,210654
9059,0.001003,172.31.36.0-255,66,127395,18,210654
9060,0.001017,172.217.194.0-255,5738,133133,18,210654
9061,0.001029,172.217.194.0-255,7156,140289,18,210654
9062,0.001051,172.31.36.0-255,66,140355,18,210654
9063,0.001104,172.31.36.0-255,66,140421,18,210654
9064,0.001895,172.217.194.0-255,1484,141905,18,210654
9065,0.001919,172.217.194.0-255,2902,144807,18,210654
9066,0.001925,172.217.194.0-255,5738,150545,18,210654
9067,0.001929,172.217.194.0-255,4320,154865,18,210654
9068,0.001936,172.31.36.0-255,66,154931,18,210654
9069,0.001946,172.217.194.0-255,1484,156415,18,210654
9070,0.001956,172.31.36.0-255,66,156481,18,210654
9071,0.002011,172.31.36.0-255,66,156547,18,210654
9072,0.002192,172.217.194.0-255,1484,158031,18,210654
9073,0.002207,172.217.194.0-255,2902,160933,18,210654
9074,0.00221,172.31.36.0-255,66,160999,18,210654
9075,0.002242,172.217.194.0-255,5738,166737,18,210654
9076,0.002305,172.217.194.0-255,4320,171057,18,210654
9077,0.002325,172.31.36.0-255,66,171123,18,210654
9078,0.002378,172.217.194.0-255,1484,172607,18,210654
9079,0.002392,172.217.194.0-255,1484,174091,18,210654
9080,0.00244,172.217.194.0-255,7156,181247,18,210654
9081,0.002458,172.217.194.0-255,5738,186985,18,210654
9082,0.002476,172.217.194.0-255,2902,189887,18,210654
9083,0.002506,172.217.194.0-255,3602,193489,18,210654
9084,0.002548,172.217.194.0-255,5738,199227,18,210654
9085,0.002552,172.217.194.0-255,3602,202829,18,210654
9086,0.002584,172.217.194.0-255,2902,205731,18,210654
9087,0.003167,172.217.194.0-255,1484,207215,18,210654
9088,0.003173,172.217.194.0-255,2902,210117,18,210654
9089,0.003176,172.217.194.0-255,195,210312,18,210654
9090,0.003206,172.217.194.0-255,105,210417,18,210654
9091,0.009578,172.31.36.0-255,66,210483,18,210654
9092,0.011819,172.31.36.0-255,105,210588,18,210654
9093,0.014085,172.217.194.0-255,66,210654,18,210654
9094,0.0,74.125.24.0-255,153,153,18,230514
9095,1.7e-05,172.31.36.0-255,66,219,18,230514
9096,2.5e-05,74.125.24.0-255,1484,1703,18,230514
9097,2.9e-05,172.31.36.0-255,66,1769,18,230514
9098,6e-05,74.125.24.0-255,2902,4671,18,230514
9099,6.3e-05,172.31.36.0-255,66,4737,18,230514
9100,7e-05,74.125.24.0-255,5738,10475,18,230514
9101,7.3e-05,172.31.36.0-255,66,10541,18,230514
9102,8.1e-05,74.125.24.0-255,6309,16850,18,230514
9103,8.4e-05,172.31.36.0-255,66,16916,18,230514
9104,9.1e-05,74.125.24.0-255,7156,24072,18,230514
9105,9.4e-05,172.31.36.0-255,66,24138,18,230514
9106,0.000116,74.125.24.0-255,1484,25622,18,230514
9107,0.000119,172.31.36.0-255,66,25688,18,230514
9108,0.000139,74.125.24.0-255,5379,31067,18,230514
9109,0.000141,172.31.36.0-255,66,31133,18,230514
9110,0.000212,74.125.24.0-255,1484,32617,18,230514
9111,0.000216,172.31.36.0-255,66,32683,18,230514
9112,0.000219,74.125.24.0-255,1484,34167,18,230514
9113,0.000221,172.31.36.0-255,66,34233,18,230514
9114,0.000236,74.125.24.0-255,1484,35717,18,230514
9115,0.000239,172.31.36.0-255,66,35783,18,230514
9116,0.000245,74.125.24.0-255,5738,41521,18,230514
9117,0.000248,172.31.36.0-255,66,41587,18,230514
9118,0.000288,172.31.36.0-255,66,41653,18,230514
9119,0.000299,172.31.36.0-255,66,41719,18,230514
9120,0.000336,74.125.24.0-255,1422,43141,18,230514
9121,0.000339,172.31.36.0-255,66,43207,18,230514
9122,0.000415,74.125.24.0-255,126,43333,18,230514
9123,0.000418,172.31.36.0-255,66,43399,18,230514
9124,0.000468,74.125.24.0-255,351,43750,18,230514
9125,0.000754,74.125.24.0-255,1484,45234,18,230514
9126,0.000759,172.31.36.0-255,66,45300,18,230514
9127,0.000773,74.125.24.0-255,2902,48202,18,230514
9128,0.000776,172.31.36.0-255,66,48268,18,230514
9129,0.000779,74.125.24.0-255,1484,49752,18,230514
9130,0.000795,74.125.24.0-255,1484,51236,18,230514
9131,0.000797,172.31.36.0-255,66,51302,18,230514
9132,0.00082,74.125.24.0-255,7156,58458,18,230514
9133,0.000823,172.31.36.0-255,66,58524,18,230514
9134,0.000852,74.125.24.0-255,1994,60518,18,230514
9135,0.000854,172.31.36.0-255,66,60584,18,230514
9136,0.00097,74.125.24.0-255,1484,62068,18,230514
9137,0.000975,74.125.24.0-255,2902,64970,18,230514
9138,0.000978,172.31.36.0-255,66,65036,18,230514
9139,0.000982,74.125.24.0-255,1484,66520,18,230514
9140,0.001001,74.125.24.0-255,2902,69422,18,230514
9141,0.001003,172.31.36.0-255,66,69488,18,230514
9142,0.001023,74.125.24.0-255,1484,70972,18,230514
9143,0.001044,74.125.24.0-255,4320,75292,18,230514
9144,0.001047,172.31.36.0-255,66,75358,18,230514
9145,0.001054,74.125.24.0-255,5738,81096,18,230514
9146,0.001056,172.31.36.0-255,66,81162,18,230514
9147,0.001069,74.125.24.0-255,2902,84064,18,230514
9148,0.001072,172.31.36.0-255,66,84130,18,230514
9149,0.001077,74.125.24.0-255,2902,87032,18,230514
9150,0.001079,172.31.36.0-255,66,87098,18,230514
9151,0.00111,74.125.24.0-255,7156,94254,18,230514
9152,0.001114,172.31.36.0-255,66,94320,18,230514
9153,0.001117,74.125.24.0-255,766,95086,18,230514
9154,0.00128,74.125.24.0-255,1484,96570,18,230514
9155,0.001284,172.31.36.0-255,66,96636,18,230514
9156,0.001289,74.125.24.0-255,2902,99538,18,230514
9157,0.001291,172.31.36.0-255,66,99604,18,230514
9158,0.001296,74.125.24.0-255,2902,102506,18,230514
9159,0.001298,172.31.36.0-255,66,102572,18,230514
9160,0.001319,74.125.24.0-255,2902,105474,18,230514
9161,0.001321,172.31.36.0-255,66,105540,18,230514
9162,0.001338,74.125.24.0-255,1484,107024,18,230514
9163,0.001378,172.31.36.0-255,66,107090,18,230514
9164,0.001389,172.31.36.0-255,66,107156,18,230514
9165,0.001434,74.125.24.0-255,1125,108281,18,230514
9166,0.001604,74.125.24.0-255,1484,109765,18,230514
9167,0.00161,172.31.36.0-255,66,109831,18,230514
9168,0.001638,74.125.24.0-255,2902,112733,18,230514
9169,0.00164,172.31.36.0-255,66,112799,18,230514
9170,0.001647,74.125.24.0-255,5738,118537,18,230514
9171,0.001649,172.31.36.0-255,66,118603,18,230514
9172,0.00168,74.125.24.0-255,6797,125400,18,230514
9173,0.001682,172.31.36.0-255,66,125466,18,230514
9174,0.001737,74.125.24.0-255,1484,126950,18,230514
9175,0.001743,74.125.24.0-255,2902,129852,18,230514
9176,0.001746,172.31.36.0-255,66,129918,18,230514
9177,0.001768,74.125.24.0-255,5738,135656,18,230514
9178,0.001771,172.31.36.0-255,66,135722,18,230514
9179,0.001776,74.125.24.0-255,4320,140042,18,230514
9180,0.001778,172.31.36.0-255,66,140108,18,230514
9181,0.001822,74.125.24.0-255,2543,142651,18,230514
9182,0.001826,172.31.36.0-255,66,142717,18,230514
9183,0.001847,74.125.24.0-255,2902,145619,18,230514
9184,0.001851,172.31.36.0-255,66,145685,18,230514
9185,0.001854,74.125.24.0-255,1484,147169,18,230514
9186,0.001872,74.125.24.0-255,5738,152907,18,230514
9187,0.001879,74.125.24.0-255,5738,158645,18,230514
9188,0.001883,172.31.36.0-255,66,158711,18,230514
9189,0.00189,172.31.36.0-255,66,158777,18,230514
9190,0.001925,172.31.36.0-255,66,158843,18,230514
9191,0.001948,74.125.24.0-255,4320,163163,18,230514
9192,0.001951,172.31.36.0-255,66,163229,18,230514
9193,0.001956,74.125.24.0-255,3602,166831,18,230514
9194,0.001959,172.31.36.0-255,66,166897,18,230514
9195,0.002023,74.125.24.0-255,1484,168381,18,230514
9196,0.002027,74.125.24.0-255,1484,169865,18,230514
9197,0.002029,172.31.36.0-255,66,169931,18,230514
9198,0.002048,74.125.24.0-255,1484,171415,18,230514
9199,0.002055,74.125.24.0-255,5738,177153,18,230514
9200,0.002057,172.31.36.0-255,66,177219,18,230514
9201,0.002113,74.125.24.0-255,6797,184016,18,230514
9202,0.002116,172.31.36.0-255,66,184082,18,230514
9203,0.004173,74.125.24.0-255,5738,189820,18,230514
9204,0.004187,172.31.36.0-255,66,189886,18,230514
9205,0.00625,74.125.24.0-255,5738,195624,18,230514
9206,0.00626,172.31.36.0-255,66,195690,18,230514
9207,0.008336,74.125.24.0-255,5738,201428,18,230514
9208,0.008343,172.31.36.0-255,66,201494,18,230514
9209,0.010424,74.125.24.0-255,5738,207232,18,230514
9210,0.010434,172.31.36.0-255,66,207298,18,230514
9211,0.012493,74.125.24.0-255,5738,213036,18,230514
9212,0.012506,172.31.36.0-255,66,213102,18,230514
9213,0.014576,74.125.24.0-255,5738,218840,18,230514
9214,0.014589,172.31.36.0-255,66,218906,18,230514
9215,0.016648,74.125.24.0-255,5738,224644,18,230514
9216,0.016662,172.31.36.0-255,66,224710,18,230514
9217,0.018737,74.125.24.0-255,5738,230448,18,230514
9218,0.018754,172.31.36.0-255,66,230514,18,230514
9219,0.0,74.125.68.0-255,153,153,18,187941
9220,1.9e-05,172.31.36.0-255,66,219,18,187941
9221,2.6e-05,74.125.68.0-255,1484,1703,18,187941
9222,3e-05,172.31.36.0-255,66,1769,18,187941
9223,3.6e-05,74.125.68.0-255,2902,4671,18,187941
9224,3.9e-05,172.31.36.0-255,66,4737,18,187941
9225,0.000128,74.125.68.0-255,7156,11893,18,187941
9226,0.000133,172.31.36.0-255,66,11959,18,187941
9227,0.000138,74.125.68.0-255,2046,14005,18,187941
9228,0.00014,172.31.36.0-255,66,14071,18,187941
9229,0.000143,74.125.68.0-255,1484,15555,18,187941
9230,0.000146,172.31.36.0-255,66,15621,18,187941
9231,0.00015,74.125.68.0-255,2902,18523,18,187941
9232,0.000152,172.31.36.0-255,66,18589,18,187941
9233,0.000158,74.125.68.0-255,4320,22909,18,187941
9234,0.000161,172.31.36.0-255,66,22975,18,187941
9235,0.000182,74.125.68.0-255,1484,24459,18,187941
9236,0.000189,172.31.36.0-255,66,24525,18,187941
9237,0.000195,74.125.68.0-255,4320,28845,18,187941
9238,0.000197,172.31.36.0-255,66,28911,18,187941
9239,0.000233,74.125.68.0-255,2543,31454,18,187941
9240,0.000236,172.31.36.0-255,66,31520,18,187941
9241,0.000339,74.125.68.0-255,1484,33004,18,187941
9242,0.000343,172.31.36.0-255,66,33070,18,187941
9243,0.000346,74.125.68.0-255,1484,34554,18,187941
9244,0.000348,172.31.36.0-255,66,34620,18,187941
9245,0.000362,74.125.68.0-255,1484,36104,18,187941
9246,0.000365,172.31.36.0-255,66,36170,18,187941
9247,0.00037,74.125.68.0-255,4320,40490,18,187941
9248,0.000372,172.31.36.0-255,66,40556,18,187941
9249,0.000391,74.125.68.0-255,2902,43458,18,187941
9250,0.000394,172.31.36.0-255,66,43524,18,187941
9251,0.000413,74.125.68.0-255,2902,46426,18,187941
9252,0.000416,172.31.36.0-255,66,46492,18,187941
9253,0.000445,172.31.36.0-255,66,46558,18,187941
9254,0.000481,74.125.68.0-255,5738,52296,18,187941
9255,0.000484,172.31.36.0-255,66,52362,18,187941
9256,0.000499,74.125.68.0-255,3961,56323,18,187941
9257,0.000504,74.125.68.0-255,676,56999,18,187941
9258,0.000765,74.125.68.0-255,1484,58483,18,187941
9259,0.000772,74.125.68.0-255,2902,61385,18,187941
9260,0.000787,74.125.68.0-255,1484,62869,18,187941
9261,0.000801,74.125.68.0-255,2902,65771,18,187941
9262,0.000816,74.125.68.0-255,2902,68673,18,187941
9263,0.000831,74.125.68.0-255,5738,74411,18,187941
9264,0.000834,74.125.68.0-255,1484,75895,18,187941
9265,0.000838,74.125.68.0-255,2902,78797,18,187941
9266,0.000857,74.125.68.0-255,5738,84535,18,187941
9267,0.000885,74.125.68.0-255,6438,90973,18,187941
9268,0.001235,74.125.68.0-255,1484,92457,18,187941
9269,0.001255,74.125.68.0-255,2902,95359,18,187941
9270,0.001284,74.125.68.0-255,2902,98261,18,187941
9271,0.001302,74.125.68.0-255,2902,101163,18,187941
9272,0.001341,74.125.68.0-255,7156,108319,18,187941
9273,0.001345,74.125.68.0-255,2902,111221,18,187941
9274,0.001367,74.125.68.0-255,4320,115541,18,187941
9275,0.001385,74.125.68.0-255,1484,117025,18,187941
9276,0.001399,74.125.68.0-255,5738,122763,18,187941
9277,0.001447,74.125.68.0-255,2184,124947,18,187941
9278,0.002275,74.125.68.0-255,1484,126431,18,187941
9279,0.002282,74.125.68.0-255,2902,129333,18,187941
9280,0.002301,74.125.68.0-255,4320,133653,18,187941
9281,0.002315,74.125.68.0-255,2902,136555,18,187941
9282,0.002327,74.125.68.0-255,2902,139457,18,187941
9283,0.002357,74.125.68.0-255,4320,143777,18,187941
9284,0.002379,74.125.68.0-255,5738,149515,18,187941
9285,0.002403,74.125.68.0-255,4320,153835,18,187941
9286,0.002426,74.125.68.0-255,5020,158855,18,187941
9287,0.005196,172.31.36.0-255,66,158921,18,187941
9288,0.007757,74.125.68.0-255,5738,164659,18,187941
9289,0.007765,172.31.36.0-255,66,164725,18,187941
9290,0.010312,74.125.68.0-255,5738,170463,18,187941
9291,0.010319,172.31.36.0-255,66,170529,18,187941
9292,0.012851,74.125.68.0-255,5738,176267,18,187941
9293,0.012858,172.31.36.0-255,66,176333,18,187941
9294,0.0154,74.125.68.0-255,5738,182071,18,187941
9295,0.015407,172.31.36.0-255,66,182137,18,187941
9296,0.017961,74.125.68.0-255,5738,187875,18,187941
9297,0.017971,172.31.36.0-255,66,187941,18,187941
9298,0.0,172.31.36.0-255,105,105,18,105
9299,0.0,74.125.24.0-255,311,311,18,190566
9300,1.7e-05,172.31.36.0-255,66,377,18,190566
9301,2.3e-05,74.125.24.0-255,1484,1861,18,190566
9302,2.8e-05,172.31.36.0-255,66,1927,18,190566
9303,4.3e-05,74.125.24.0-255,2902,4829,18,190566
9304,4.7e-05,172.31.36.0-255,66,4895,18,190566
9305,5.4e-05,74.125.24.0-255,5738,10633,18,190566
9306,5.7e-05,172.31.36.0-255,66,10699,18,190566
9307,6.2e-05,74.125.24.0-255,3476,14175,18,190566
9308,6.5e-05,172.31.36.0-255,66,14241,18,190566
9309,7.2e-05,74.125.24.0-255,4320,18561,18,190566
9310,7.5e-05,172.31.36.0-255,66,18627,18,190566
9311,8.7e-05,172.31.36.0-255,66,18693,18,190566
9312,0.000122,74.125.24.0-255,2543,21236,18,190566
9313,0.000125,172.31.36.0-255,66,21302,18,190566
9314,0.00017,74.125.24.0-255,1484,22786,18,190566
9315,0.000173,172.31.36.0-255,66,22852,18,190566
9316,0.000179,74.125.24.0-255,2902,25754,18,190566
9317,0.000181,172.31.36.0-255,66,25820,18,190566
9318,0.000212,74.125.24.0-255,5738,31558,18,190566
9319,0.000215,172.31.36.0-255,66,31624,18,190566
9320,0.00022,74.125.24.0-255,4320,35944,18,190566
9321,0.000222,172.31.36.0-255,66,36010,18,190566
9322,0.000269,74.125.24.0-255,7072,43082,18,190566
9323,0.000274,172.31.36.0-255,66,43148,18,190566
9324,0.000282,172.31.36.0-255,66,43214,18,190566
9325,0.000298,74.125.24.0-255,126,43340,18,190566
9326,0.000301,172.31.36.0-255,66,43406,18,190566
9327,0.000397,74.125.24.0-255,1484,44890,18,190566
9328,0.000401,172.31.36.0-255,66,44956,18,190566
9329,0.000407,74.125.24.0-255,2902,47858,18,190566
9330,0.00041,172.31.36.0-255,66,47924,18,190566
9331,0.000422,74.125.24.0-255,5738,53662,18,190566
9332,0.000424,172.31.36.0-255,66,53728,18,190566
9333,0.000451,74.125.24.0-255,5738,59466,18,190566
9334,0.000453,172.31.36.0-255,66,59532,18,190566
9335,0.000485,172.31.36.0-255,66,59598,18,190566
9336,0.000496,172.31.36.0-255,66,59664,18,190566
9337,0.00052,74.125.24.0-255,1410,61074,18,190566
9338,0.000913,74.125.24.0-255,1484,62558,18,190566
9339,0.000919,172.31.36.0-255,66,62624,18,190566
9340,0.000925,74.125.24.0-255,2902,65526,18,190566
9341,0.000927,172.31.36.0-255,66,65592,18,190566
9342,0.000934,74.125.24.0-255,5738,71330,18,190566
9343,0.000943,172.31.36.0-255,66,71396,18,190566
9344,0.000988,172.31.36.0-255,66,71462,18,190566
9345,0.001076,172.31.36.0-255,66,71528,18,190566
9346,0.001087,74.125.24.0-255,5738,77266,18,190566
9347,0.00109,172.31.36.0-255,66,77332,18,190566
9348,0.001102,74.125.24.0-255,7156,84488,18,190566
9349,0.001104,172.31.36.0-255,66,84554,18,190566
9350,0.001111,74.125.24.0-255,5738,90292,18,190566
9351,0.001114,172.31.36.0-255,66,90358,18,190566
9352,0.001158,172.31.36.0-255,66,90424,18,190566
9353,0.001166,74.125.24.0-255,6438,96862,18,190566
9354,0.001168,172.31.36.0-255,66,96928,18,190566
9355,0.001448,74.125.24.0-255,1484,98412,18,190566
9356,0.001453,74.125.24.0-255,1484,99896,18,190566
9357,0.001457,172.31.36.0-255,66,99962,18,190566
9358,0.001471,74.125.24.0-255,1484,101446,18,190566
9359,0.001482,74.125.24.0-255,5738,107184,18,190566
9360,0.001485,172.31.36.0-255,66,107250,18,190566
9361,0.001525,172.31.36.0-255,66,107316,18,190566
9362,0.001532,74.125.24.0-255,4320,111636,18,190566
9363,0.001534,172.31.36.0-255,66,111702,18,190566
9364,0.001566,74.125.24.0-255,2902,114604,18,190566
9365,0.001568,172.31.36.0-255,66,114670,18,190566
9366,0.001573,74.125.24.0-255,3602,118272,18,190566
9367,0.001575,172.31.36.0-255,66,118338,18,190566
9368,0.001655,74.125.24.0-255,1484,119822,18,190566
9369,0.00166,74.125.24.0-255,1484,121306,18,190566
9370,0.001662,172.31.36.0-255,66,121372,18,190566
9371,0.00169,74.125.24.0-255,1484,122856,18,190566
9372,0.001696,74.125.24.0-255,5738,128594,18,190566
9373,0.0017,172.31.36.0-255,66,128660,18,190566
9374,0.001715,172.31.36.0-255,66,128726,18,190566
9375,0.001723,74.125.24.0-255,7156,135882,18,190566
9376,0.001725,172.31.36.0-255,66,135948,18,190566
9377,0.001738,74.125.24.0-255,1484,137432,18,190566
9378,0.001762,74.125.24.0-255,2184,139616,18,190566
9379,0.001764,172.31.36.0-255,66,139682,18,190566
9380,0.003714,74.125.24.0-255,4320,144002,18,190566
9381,0.003719,172.31.36.0-255,66,144068,18,190566
9382,0.003749,74.125.24.0-255,1484,145552,18,190566
9383,0.005695,74.125.24.0-255,4320,149872,18,190566
9384,0.0057,172.31.36.0-255,66,149938,18,190566
9385,0.007666,74.125.24.0-255,5738,155676,18,190566
9386,0.007674,172.31.36.0-255,66,155742,18,190566
9387,0.009638,74.125.24.0-255,5738,161480,18,190566
9388,0.009645,172.31.36.0-255,66,161546,18,190566
9389,0.011607,74.125.24.0-255,5738,167284,18,190566
9390,0.011615,172.31.36.0-255,66,167350,18,190566
9391,0.013595,74.125.24.0-255,5738,173088,18,190566
9392,0.013604,172.31.36.0-255,66,173154,18,190566
9393,0.015586,74.125.24.0-255,5738,178892,18,190566
9394,0.015594,172.31.36.0-255,66,178958,18,190566
9395,0.017561,74.125.24.0-255,5738,184696,18,190566
9396,0.017569,172.31.36.0-255,66,184762,18,190566
9397,0.019534,74.125.24.0-255,5738,190500,18,190566
9398,0.019542,172.31.36.0-255,66,190566,18,190566
9399,0.0,172.217.194.0-255,144,144,18,182770
9400,9e-05,172.31.36.0-255,66,210,18,182770
9401,9.7e-05,172.217.194.0-255,1484,1694,18,182770
9402,0.000101,172.31.36.0-255,66,1760,18,182770
9403,0.000107,172.217.194.0-255,2902,4662,18,182770
9404,0.00011,172.31.36.0-255,66,4728,18,182770
9405,0.000116,172.217.194.0-255,4320,9048,18,182770
9406,0.000118,172.31.36.0-255,66,9114,18,182770
9407,0.000124,172.217.194.0-255,4883,13997,18,182770
9408,0.000126,172.31.36.0-255,66,14063,18,182770
9409,0.000134,172.217.194.0-255,7156,21219,18,182770
9410,0.000137,172.31.36.0-255,66,21285,18,182770
9411,0.000147,172.31.36.0-255,66,21351,18,182770
9412,0.000151,172.217.194.0-255,1125,22476,18,182770
9413,0.000155,172.31.36.0-255,66,22542,18,182770
9414,0.000381,172.217.194.0-255,1484,24026,18,182770
9415,0.000386,172.31.36.0-255,66,24092,18,182770
9416,0.000392,172.217.194.0-255,2902,26994,18,182770
9417,0.000394,172.31.36.0-255,66,27060,18,182770
9418,0.000418,172.217.194.0-255,2902,29962,18,182770
9419,0.000421,172.31.36.0-255,66,30028,18,182770
9420,0.000447,172.217.194.0-255,7156,37184,18,182770
9421,0.00045,172.31.36.0-255,66,37250,18,182770
9422,0.000453,172.217.194.0-255,1484,38734,18,182770
9423,0.000456,172.31.36.0-255,66,38800,18,182770
9424,0.000471,172.217.194.0-255,1125,39925,18,182770
9425,0.000474,172.31.36.0-255,66,39991,18,182770
9426,0.000498,172.217.194.0-255,2902,42893,18,182770
9427,0.000501,172.31.36.0-255,66,42959,18,182770
9428,0.000519,172.217.194.0-255,4320,47279,18,182770
9429,0.000522,172.31.36.0-255,66,47345,18,182770
9430,0.000535,172.31.36.0-255,66,47411,18,182770
9431,0.000558,172.217.194.0-255,1380,48791,18,182770
9432,0.000582,172.217.194.0-255,117,48908,18,182770
9433,0.000704,172.217.194.0-255,1484,50392,18,182770
9434,0.000708,172.31.36.0-255,66,50458,18,182770
9435,0.000714,172.217.194.0-255,2902,53360,18,182770
9436,0.000717,172.31.36.0-255,66,53426,18,182770
9437,0.000741,172.217.194.0-255,5738,59164,18,182770
9438,0.000745,172.31.36.0-255,66,59230,18,182770
9439,0.00075,172.217.194.0-255,2902,62132,18,182770
9440,0.000752,172.31.36.0-255,66,62198,18,182770
9441,0.000789,172.31.36.0-255,66,62264,18,182770
9442,0.000797,172.217.194.0-255,7156,69420,18,182770
9443,0.000799,172.31.36.0-255,66,69486,18,182770
9444,0.000815,172.217.194.0-255,3916,73402,18,182770
9445,0.000819,172.31.36.0-255,66,73468,18,182770
9446,0.001433,172.217.194.0-255,1484,74952,18,182770
9447,0.001442,172.217.194.0-255,2902,77854,18,182770
9448,0.001447,172.31.36.0-255,66,77920,18,182770
9449,0.001482,172.217.194.0-255,5738,83658,18,182770
9450,0.001484,172.31.36.0-255,66,83724,18,182770
9451,0.001525,172.217.194.0-255,2902,86626,18,182770
9452,0.001528,172.31.36.0-255,66,86692,18,182770
9453,0.001548,172.217.194.0-255,4320,91012,18,182770
9454,0.00155,172.31.36.0-255,66,91078,18,182770
9455,0.001571,172.217.194.0-255,5738,96816,18,182770
9456,0.001574,172.31.36.0-255,66,96882,18,182770
9457,0.001592,172.217.194.0-255,2902,99784,18,182770
9458,0.001594,172.31.36.0-255,66,99850,18,182770
9459,0.001599,172.217.194.0-255,4320,104170,18,182770
9460,0.001602,172.31.36.0-255,66,104236,18,182770
9461,0.001645,172.217.194.0-255,3602,107838,18,182770
9462,0.001648,172.31.36.0-255,66,107904,18,182770
9463,0.001746,172.217.194.0-255,1484,109388,18,182770
9464,0.001767,172.217.194.0-255,2902,112290,18,182770
9465,0.00177,172.31.36.0-255,66,112356,18,182770
9466,0.001789,172.217.194.0-255,2902,115258,18,182770
9467,0.001791,172.31.36.0-255,66,115324,18,182770
9468,0.001829,172.217.194.0-255,2902,118226,18,182770
9469,0.001831,172.31.36.0-255,66,118292,18,182770
9470,0.001845,172.217.194.0-255,4320,122612,18,182770
9471,0.001848,172.31.36.0-255,66,122678,18,182770
9472,0.001855,172.217.194.0-255,7156,129834,18,182770
9473,0.001857,172.31.36.0-255,66,129900,18,182770
9474,0.001882,172.217.194.0-255,7156,137056,18,182770
9475,0.001885,172.31.36.0-255,66,137122,18,182770
9476,0.001891,172.217.194.0-255,5020,142142,18,182770
9477,0.001893,172.31.36.0-255,66,142208,18,182770
9478,0.004465,172.217.194.0-255,5738,147946,18,182770
9479,0.004468,172.31.36.0-255,66,148012,18,182770
9480,0.007049,172.217.194.0-255,5738,153750,18,182770
9481,0.007056,172.31.36.0-255,66,153816,18,182770
9482,0.009633,172.217.194.0-255,5738,159554,18,182770
9483,0.00964,172.31.36.0-255,66,159620,18,182770
9484,0.012198,172.217.194.0-255,5738,165358,18,182770
9485,0.012208,172.31.36.0-255,66,165424,18,182770
9486,0.014823,172.217.194.0-255,5738,171162,18,182770
9487,0.014833,172.31.36.0-255,66,171228,18,182770
9488,0.017407,172.217.194.0-255,5738,176966,18,182770
9489,0.01742,172.31.36.0-255,66,177032,18,182770
9490,0.019994,172.217.194.0-255,5738,182770,18,182770
9491,0.0,74.125.24.0-255,162,162,18,137716
9492,2.8e-05,172.31.36.0-255,66,228,18,137716
9493,3.5e-05,74.125.24.0-255,1484,1712,18,137716
9494,4e-05,172.31.36.0-255,66,1778,18,137716
9495,4.5e-05,74.125.24.0-255,2902,4680,18,137716
9496,4.8e-05,172.31.36.0-255,66,4746,18,137716
9497,7.5e-05,74.125.24.0-255,5738,10484,18,137716
9498,7.8e-05,172.31.36.0-255,66,10550,18,137716
9499,9.4e-05,74.125.24.0-255,1484,12034,18,137716
9500,9.6e-05,172.31.36.0-255,66,12100,18,137716
9501,0.000188,74.125.24.0-255,2046,14146,18,137716
9502,0.000192,172.31.36.0-255,66,14212,18,137716
9503,0.000199,74.125.24.0-255,2902,17114,18,137716
9504,0.000202,172.31.36.0-255,66,17180,18,137716
9505,0.000244,74.125.24.0-255,5738,22918,18,137716
9506,0.000248,172.31.36.0-255,66,22984,18,137716
9507,0.000264,74.125.24.0-255,1484,24468,18,137716
9508,0.000267,172.31.36.0-255,66,24534,18,137716
9509,0.000363,74.125.24.0-255,5738,30272,18,137716
9510,0.000367,172.31.36.0-255,66,30338,18,137716
9511,0.000385,74.125.24.0-255,1125,31463,18,137716
9512,0.000388,172.31.36.0-255,66,31529,18,137716
9513,0.000461,74.125.24.0-255,4320,35849,18,137716
9514,0.000465,172.31.36.0-255,66,35915,18,137716
9515,0.000539,172.31.36.0-255,66,35981,18,137716
9516,0.000561,74.125.24.0-255,2543,38524,18,137716
9517,0.000564,172.31.36.0-255,66,38590,18,137716
9518,0.000706,74.125.24.0-255,4320,42910,18,137716
9519,0.00071,172.31.36.0-255,66,42976,18,137716
9520,0.000735,172.31.36.0-255,66,43042,18,137716
9521,0.000763,74.125.24.0-255,4272,47314,18,137716
9522,0.000766,172.31.36.0-255,66,47380,18,137716
9523,0.000939,74.125.24.0-255,374,47754,18,137716
9524,0.00096,74.125.24.0-255,1484,49238,18,137716
9525,0.000963,172.31.36.0-255,66,49304,18,137716
9526,0.000994,172.31.36.0-255,66,49370,18,137716
9527,0.001011,74.125.24.0-255,2902,52272,18,137716
9528,0.001014,172.31.36.0-255,66,52338,18,137716
9529,0.00128,74.125.24.0-255,1484,53822,18,137716
9530,0.001303,74.125.24.0-255,4320,58142,18,137716
9531,0.001307,172.31.36.0-255,66,58208,18,137716
9532,0.001338,172.31.36.0-255,66,58274,18,137716
9533,0.001367,172.31.36.0-255,66,58340,18,137716
9534,0.001658,74.125.24.0-255,4320,62660,18,137716
9535,0.001664,172.31.36.0-255,66,62726,18,137716
9536,0.001728,172.31.36.0-255,66,62792,18,137716
9537,0.001752,172.31.36.0-255,66,62858,18,137716
9538,0.002097,74.125.24.0-255,4320,67178,18,137716
9539,0.002099,172.31.36.0-255,66,67244,18,137716
9540,0.002121,74.125.24.0-255,3602,70846,18,137716
9541,0.002123,172.31.36.0-255,66,70912,18,137716
9542,0.002221,74.125.24.0-255,4320,75232,18,137716
9543,0.002223,172.31.36.0-255,66,75298,18,137716
9544,0.002245,74.125.24.0-255,7156,82454,18,137716
9545,0.002247,172.31.36.0-255,66,82520,18,137716
9546,0.002271,172.31.36.0-255,66,82586,18,137716
9547,0.002294,172.31.36.0-255,66,82652,18,137716
9548,0.002352,74.125.24.0-255,7156,89808,18,137716
9549,0.003196,74.125.24.0-255,2902,92710,18,137716
9550,0.003217,74.125.24.0-255,7156,99866,18,137716
9551,0.003237,74.125.24.0-255,5738,105604,18,137716
9552,0.003256,74.125.24.0-255,2525,108129,18,137716
9553,0.003459,74.125.24.0-255,1484,109613,18,137716
9554,0.003485,74.125.24.0-255,1484,111097,18,137716
9555,0.003635,74.125.24.0-255,2902,113999,18,137716
9556,0.003978,74.125.24.0-255,5738,119737,18,137716
9557,0.003996,74.125.24.0-255,4320,124057,18,137716
9558,0.004072,172.31.36.0-255,66,124123,18,137716
9559,0.004157,172.31.36.0-255,66,124189,18,137716
9560,0.004191,172.31.36.0-255,66,124255,18,137716
9561,0.004624,74.125.24.0-255,7156,131411,18,137716
9562,0.00463,172.31.36.0-255,66,131477,18,137716
9563,0.00469,172.31.36.0-255,66,131543,18,137716
9564,0.004729,172.31.36.0-255,66,131609,18,137716
9565,0.005485,74.125.24.0-255,5738,137347,18,137716
9566,0.005491,172.31.36.0-255,66,137413,18,137716
9567,0.005528,172.31.36.0-255,66,137479,18,137716
9568,0.005568,172.31.36.0-255,66,137545,18,137716
9569,0.009542,172.31.36.0-255,105,137650,18,137716
9570,0.012204,74.125.24.0-255,66,137716,18,137716
9571,0.0,74.125.200.0-255,153,153,18,200271
9572,2.6e-05,172.31.36.0-255,66,219,18,200271
9573,5.8e-05,74.125.200.0-255,1484,1703,18,200271
9574,6.2e-05,172.31.36.0-255,66,1769,18,200271
9575,6.5e-05,74.125.200.0-255,1484,3253,18,200271
9576,6.8e-05,172.31.36.0-255,66,3319,18,200271
9577,0.000104,74.125.200.0-255,1484,4803,18,200271
9578,0.000107,172.31.36.0-255,66,4869,18,200271
9579,0.000113,74.125.200.0-255,4320,9189,18,200271
9580,0.000116,172.31.36.0-255,66,9255,18,200271
9581,0.000141,74.125.200.0-255,4883,14138,18,200271
9582,0.000144,172.31.36.0-255,66,14204,18,200271
9583,0.000179,74.125.200.0-255,5738,19942,18,200271
9584,0.000182,172.31.36.0-255,66,20008,18,200271
9585,0.000187,74.125.200.0-255,2902,22910,18,200271
9586,0.000189,172.31.36.0-255,66,22976,18,200271
9587,0.000193,74.125.200.0-255,4320,27296,18,200271
9588,0.000201,172.31.36.0-255,66,27362,18,200271
9589,0.000231,74.125.200.0-255,3961,31323,18,200271
9590,0.000233,172.31.36.0-255,66,31389,18,200271
9591,0.000324,74.125.200.0-255,1484,32873,18,200271
9592,0.000329,172.31.36.0-255,66,32939,18,200271
9593,0.000348,74.125.200.0-255,2902,35841,18,200271
9594,0.000352,172.31.36.0-255,66,35907,18,200271
9595,0.000358,74.125.200.0-255,5738,41645,18,200271
9596,0.000361,172.31.36.0-255,66,41711,18,200271
9597,0.000389,74.125.200.0-255,6797,48508,18,200271
9598,0.000392,172.31.36.0-255,66,48574,18,200271
9599,0.000402,74.125.200.0-255,2902,51476,18,200271
9600,0.000404,172.31.36.0-255,66,51542,18,200271
9601,0.000438,74.125.200.0-255,4320,55862,18,200271
9602,0.000441,172.31.36.0-255,66,55928,18,200271
9603,0.000452,172.31.36.0-255,66,55994,18,200271
9604,0.000473,74.125.200.0-255,1463,57457,18,200271
9605,0.000723,74.125.200.0-255,1484,58941,18,200271
9606,0.000728,172.31.36.0-255,66,59007,18,200271
9607,0.000756,74.125.200.0-255,2902,61909,18,200271
9608,0.000759,172.31.36.0-255,66,61975,18,200271
9609,0.000766,74.125.200.0-255,5738,67713,18,200271
9610,0.000769,172.31.36.0-255,66,67779,18,200271
9611,0.00081,74.125.200.0-255,6797,74576,18,200271
9612,0.000814,172.31.36.0-255,66,74642,18,200271
9613,0.000822,74.125.200.0-255,7156,81798,18,200271
9614,0.000831,172.31.36.0-255,66,81864,18,200271
9615,0.000837,74.125.200.0-255,4320,86184,18,200271
9616,0.000841,172.31.36.0-255,66,86250,18,200271
9617,0.000873,74.125.200.0-255,7156,93406,18,200271
9618,0.000877,172.31.36.0-255,66,93472,18,200271
9619,0.000897,172.31.36.0-255,66,93538,18,200271
9620,0.000903,74.125.200.0-255,3602,97140,18,200271
9621,0.000905,172.31.36.0-255,66,97206,18,200271
9622,0.000911,74.125.200.0-255,4320,101526,18,200271
9623,0.000913,172.31.36.0-255,66,101592,18,200271
9624,0.000946,74.125.200.0-255,2902,104494,18,200271
9625,0.00095,172.31.36.0-255,66,104560,18,200271
9626,0.000983,74.125.200.0-255,7156,111716,18,200271
9627,0.000987,172.31.36.0-255,66,111782,18,200271
9628,0.00099,74.125.200.0-255,827,112609,18,200271
9629,0.001336,172.31.36.0-255,66,112675,18,200271
9630,0.001588,74.125.200.0-255,1484,114159,18,200271
9631,0.001608,74.125.200.0-255,2902,117061,18,200271
9632,0.001612,172.31.36.0-255,66,117127,18,200271
9633,0.001618,74.125.200.0-255,2902,120029,18,200271
9634,0.001619,172.31.36.0-255,66,120095,18,200271
9635,0.001638,74.125.200.0-255,1484,121579,18,200271
9636,0.001642,74.125.200.0-255,2902,124481,18,200271
9637,0.001649,172.31.36.0-255,66,124547,18,200271
9638,0.001678,74.125.200.0-255,5738,130285,18,200271
9639,0.001682,172.31.36.0-255,66,130351,18,200271
9640,0.001688,74.125.200.0-255,5738,136089,18,200271
9641,0.00169,172.31.36.0-255,66,136155,18,200271
9642,0.001704,74.125.200.0-255,7156,143311,18,200271
9643,0.001708,74.125.200.0-255,3602,146913,18,200271
9644,0.001708,172.31.36.0-255,66,146979,18,200271
9645,0.001712,172.31.36.0-255,66,147045,18,200271
9646,0.003664,74.125.200.0-255,1484,148529,18,200271
9647,0.003693,74.125.200.0-255,4320,152849,18,200271
9648,0.003699,172.31.36.0-255,66,152915,18,200271
9649,0.005683,74.125.200.0-255,5738,158653,18,200271
9650,0.005688,172.31.36.0-255,66,158719,18,200271
9651,0.007665,74.125.200.0-255,2902,161621,18,200271
9652,0.007669,172.31.36.0-255,66,161687,18,200271
9653,0.007699,74.125.200.0-255,2902,164589,18,200271
9654,0.007702,172.31.36.0-255,66,164655,18,200271
9655,0.009649,74.125.200.0-255,2902,167557,18,200271
9656,0.009657,172.31.36.0-255,66,167623,18,200271
9657,0.00969,74.125.200.0-255,2902,170525,18,200271
9658,0.009695,172.31.36.0-255,66,170591,18,200271
9659,0.011646,74.125.200.0-255,2902,173493,18,200271
9660,0.011654,172.31.36.0-255,66,173559,18,200271
9661,0.011695,74.125.200.0-255,2902,176461,18,200271
9662,0.011699,172.31.36.0-255,66,176527,18,200271
9663,0.013636,74.125.200.0-255,2902,179429,18,200271
9664,0.013645,172.31.36.0-255,66,179495,18,200271
9665,0.013685,74.125.200.0-255,2902,182397,18,200271
9666,0.013689,172.31.36.0-255,66,182463,18,200271
9667,0.015626,74.125.200.0-255,2902,185365,18,200271
9668,0.015632,172.31.36.0-255,66,185431,18,200271
9669,0.015669,74.125.200.0-255,2902,188333,18,200271
9670,0.015672,172.31.36.0-255,66,188399,18,200271
9671,0.017594,74.125.200.0-255,2902,191301,18,200271
9672,0.017601,172.31.36.0-255,66,191367,18,200271
9673,0.017643,74.125.200.0-255,2902,194269,18,200271
9674,0.017647,172.31.36.0-255,66,194335,18,200271
9675,0.019567,74.125.200.0-255,2902,197237,18,200271
9676,0.019576,172.31.36.0-255,66,197303,18,200271
9677,0.019619,74.125.200.0-255,2902,200205,18,200271
9678,0.019624,172.31.36.0-255,66,200271,18,200271
9679,0.0,172.217.194.0-255,153,153,18,161622
9680,1.7e-05,172.217.194.0-255,1484,1637,18,161622
9681,2.7e-05,172.31.36.0-255,66,1703,18,161622
9682,3.5e-05,172.217.194.0-255,2902,4605,18,161622
9683,3.8e-05,172.31.36.0-255,66,4671,18,161622
9684,4.4e-05,172.217.194.0-255,5738,10409,18,161622
9685,5.8e-05,172.31.36.0-255,66,10475,18,161622
9686,7.6e-05,172.217.194.0-255,1484,11959,18,161622
9687,8.4e-05,172.217.194.0-255,1484,13443,18,161622
9688,8.7e-05,172.31.36.0-255,66,13509,18,161622
9689,0.000101,172.31.36.0-255,66,13575,18,161622
9690,0.000128,172.217.194.0-255,2041,15616,18,161622
9691,0.000129,172.31.36.0-255,66,15682,18,161622
9692,0.000137,172.217.194.0-255,2543,18225,18,161622
9693,0.000139,172.31.36.0-255,66,18291,18,161622
9694,0.000156,172.217.194.0-255,1484,19775,18,161622
9695,0.00016,172.217.194.0-255,2902,22677,18,161622
9696,0.000162,172.31.36.0-255,66,22743,18,161622
9697,0.00017,172.217.194.0-255,5738,28481,18,161622
9698,0.000172,172.31.36.0-255,66,28547,18,161622
9699,0.00022,172.31.36.0-255,66,28613,18,161622
9700,0.000245,172.217.194.0-255,2543,31156,18,161622
9701,0.000246,172.31.36.0-255,66,31222,18,161622
9702,0.000254,172.31.36.0-255,66,31288,18,161622
9703,0.000322,172.217.194.0-255,362,31650,18,161622
9704,0.000326,172.217.194.0-255,382,32032,18,161622
9705,0.000491,172.217.194.0-255,1484,33516,18,161622
9706,0.000497,172.31.36.0-255,66,33582,18,161622
9707,0.000503,172.217.194.0-255,2902,36484,18,161622
9708,0.000506,172.31.36.0-255,66,36550,18,161622
9709,0.000518,172.217.194.0-255,5738,42288,18,161622
9710,0.00052,172.31.36.0-255,66,42354,18,161622
9711,0.000523,172.217.194.0-255,1484,43838,18,161622
9712,0.000565,172.31.36.0-255,66,43904,18,161622
9713,0.000574,172.31.36.0-255,66,43970,18,161622
9714,0.000963,172.217.194.0-255,1484,45454,18,161622
9715,0.000971,172.217.194.0-255,2902,48356,18,161622
9716,0.000976,172.31.36.0-255,66,48422,18,161622
9717,0.000983,172.217.194.0-255,5738,54160,18,161622
9718,0.000985,172.31.36.0-255,66,54226,18,161622
9719,0.001014,172.217.194.0-255,7156,61382,18,161622
9720,0.001017,172.31.36.0-255,66,61448,18,161622
9721,0.001052,172.217.194.0-255,5738,67186,18,161622
9722,0.001056,172.31.36.0-255,66,67252,18,161622
9723,0.001073,172.31.36.0-255,66,67318,18,161622
9724,0.001076,172.217.194.0-255,766,68084,18,161622
9725,0.001105,172.217.194.0-255,1484,69568,18,161622
9726,0.001109,172.31.36.0-255,66,69634,18,161622
9727,0.001115,172.217.194.0-255,2902,72536,18,161622
9728,0.001116,172.31.36.0-255,66,72602,18,161622
9729,0.00112,172.217.194.0-255,1484,74086,18,161622
9730,0.001154,172.217.194.0-255,4320,78406,18,161622
9731,0.001159,172.31.36.0-255,66,78472,18,161622
9732,0.001172,172.31.36.0-255,66,78538,18,161622
9733,0.001182,172.217.194.0-255,5738,84276,18,161622
9734,0.001184,172.31.36.0-255,66,84342,18,161622
9735,0.001214,172.217.194.0-255,5020,89362,18,161622
9736,0.001218,172.31.36.0-255,66,89428,18,161622
9737,0.001248,172.31.36.0-255,66,89494,18,161622
9738,0.001255,172.217.194.0-255,5738,95232,18,161622
9739,0.001258,172.31.36.0-255,66,95298,18,161622
9740,0.001291,172.217.194.0-255,2184,97482,18,161622
9741,0.001296,172.31.36.0-255,66,97548,18,161622
9742,0.001307,172.31.36.0-255,66,97614,18,161622
9743,0.001323,172.31.36.0-255,66,97680,18,161622
9744,0.001369,172.31.36.0-255,66,97746,18,161622
9745,0.001372,172.217.194.0-255,1484,99230,18,161622
9746,0.00143,172.217.194.0-255,2902,102132,18,161622
9747,0.001432,172.31.36.0-255,66,102198,18,161622
9748,0.001437,172.217.194.0-255,5738,107936,18,161622
9749,0.001439,172.31.36.0-255,66,108002,18,161622
9750,0.001463,172.31.36.0-255,66,108068,18,161622
9751,0.001505,172.31.36.0-255,66,108134,18,161622
9752,0.001552,172.31.36.0-255,66,108200,18,161622
9753,0.001565,172.217.194.0-255,1484,109684,18,161622
9754,0.001584,172.31.36.0-255,66,109750,18,161622
9755,0.00159,172.217.194.0-255,6438,116188,18,161622
9756,0.001592,172.31.36.0-255,66,116254,18,161622
9757,0.001698,172.217.194.0-255,1484,117738,18,161622
9758,0.001704,172.217.194.0-255,2902,120640,18,161622
9759,0.001706,172.31.36.0-255,66,120706,18,161622
9760,0.001738,172.217.194.0-255,5738,126444,18,161622
9761,0.001742,172.31.36.0-255,66,126510,18,161622
9762,0.001746,172.217.194.0-255,2902,129412,18,161622
9763,0.001748,172.31.36.0-255,66,129478,18,161622
9764,0.001788,172.217.194.0-255,7156,136634,18,161622
9765,0.001791,172.31.36.0-255,66,136700,18,161622
9766,0.001807,172.31.36.0-255,66,136766,18,161622
9767,0.00181,172.217.194.0-255,2184,138950,18,161622
9768,0.001813,172.31.36.0-255,66,139016,18,161622
9769,0.001852,172.217.194.0-255,1484,140500,18,161622
9770,0.001856,172.217.194.0-255,1484,141984,18,161622
9771,0.001859,172.31.36.0-255,66,142050,18,161622
9772,0.001883,172.217.194.0-255,1484,143534,18,161622
9773,0.001889,172.217.194.0-255,5738,149272,18,161622
9774,0.001892,172.31.36.0-255,66,149338,18,161622
9775,0.001896,172.217.194.0-255,2902,152240,18,161622
9776,0.001898,172.31.36.0-255,66,152306,18,161622
9777,0.001938,172.31.36.0-255,66,152372,18,161622
9778,0.001941,172.217.194.0-255,1484,153856,18,161622
9779,0.001983,172.31.36.0-255,66,153922,18,161622
9780,0.001993,172.31.36.0-255,66,153988,18,161622
9781,0.002036,172.217.194.0-255,5738,159726,18,161622
9782,0.002039,172.31.36.0-255,66,159792,18,161622
9783,0.002056,172.31.36.0-255,66,159858,18,161622
9784,0.002059,172.217.194.0-255,1422,161280,18,161622
9785,0.002081,172.217.194.0-255,105,161385,18,161622
9786,0.004557,172.31.36.0-255,66,161451,18,161622
9787,0.004592,172.31.36.0-255,105,161556,18,161622
9788,0.007195,172.217.194.0-255,66,161622,18,161622
9789,0.0,74.125.24.0-255,222,222,18,182236
9790,2.3e-05,172.31.36.0-255,66,288,18,182236
9791,3e-05,74.125.24.0-255,1484,1772,18,182236
9792,3.4e-05,172.31.36.0-255,66,1838,18,182236
9793,4.2e-05,74.125.24.0-255,4320,6158,18,182236
9794,5.2e-05,172.31.36.0-255,66,6224,18,182236
9795,6.1e-05,74.125.24.0-255,7156,13380,18,182236
9796,6.3e-05,172.31.36.0-255,66,13446,18,182236
9797,6.7e-05,74.125.24.0-255,1484,14930,18,182236
9798,7e-05,172.31.36.0-255,66,14996,18,182236
9799,0.000124,172.31.36.0-255,66,15062,18,182236
9800,0.000127,74.125.24.0-255,1125,16187,18,182236
9801,0.00013,172.31.36.0-255,66,16253,18,182236
9802,0.000157,74.125.24.0-255,1484,17737,18,182236
9803,0.00016,172.31.36.0-255,66,17803,18,182236
9804,0.000165,74.125.24.0-255,2902,20705,18,182236
9805,0.000167,172.31.36.0-255,66,20771,18,182236
9806,0.000196,74.125.24.0-255,5738,26509,18,182236
9807,0.000199,172.31.36.0-255,66,26575,18,182236
9808,0.000228,172.31.36.0-255,66,26641,18,182236
9809,0.000254,74.125.24.0-255,1125,27766,18,182236
9810,0.000256,172.31.36.0-255,66,27832,18,182236
9811,0.000263,74.125.24.0-255,4320,32152,18,182236
9812,0.000266,172.31.36.0-255,66,32218,18,182236
9813,0.000271,74.125.24.0-255,2902,35120,18,182236
9814,0.000273,172.31.36.0-255,66,35186,18,182236
9815,0.000301,74.125.24.0-255,2902,38088,18,182236
9816,0.000303,172.31.36.0-255,66,38154,18,182236
9817,0.000308,74.125.24.0-255,2818,40972,18,182236
9818,0.00031,172.31.36.0-255,66,41038,18,182236
9819,0.000486,74.125.24.0-255,381,41419,18,182236
9820,0.000517,74.125.24.0-255,1484,42903,18,182236
9821,0.000521,172.31.36.0-255,66,42969,18,182236
9822,0.000528,74.125.24.0-255,4320,47289,18,182236
9823,0.000531,172.31.36.0-255,66,47355,18,182236
9824,0.000558,74.125.24.0-255,7156,54511,18,182236
9825,0.000561,172.31.36.0-255,66,54577,18,182236
9826,0.000577,172.31.36.0-255,66,54643,18,182236
9827,0.000611,172.31.36.0-255,66,54709,18,182236
9828,0.000631,74.125.24.0-255,3602,58311,18,182236
9829,0.000634,172.31.36.0-255,66,58377,18,182236
9830,0.000725,74.125.24.0-255,1484,59861,18,182236
9831,0.000731,74.125.24.0-255,2902,62763,18,182236
9832,0.000735,172.31.36.0-255,66,62829,18,182236
9833,0.000741,74.125.24.0-255,5738,68567,18,182236
9834,0.000744,172.31.36.0-255,66,68633,18,182236
9835,0.000755,74.125.24.0-255,5738,74371,18,182236
9836,0.000757,172.31.36.0-255,66,74437,18,182236
9837,0.000824,172.31.36.0-255,66,74503,18,182236
9838,0.000831,74.125.24.0-255,5020,79523,18,182236
9839,0.000834,172.31.36.0-255,66,79589,18,182236
9840,0.00084,74.125.24.0-255,5738,85327,18,182236
9841,0.000843,172.31.36.0-255,66,85393,18,182236
9842,0.000849,74.125.24.0-255,4320,89713,18,182236
9843,0.000851,172.31.36.0-255,66,89779,18,182236
9844,0.000891,172.31.36.0-255,66,89845,18,182236
9845,0.000895,74.125.24.0-255,1484,91329,18,182236
9846,0.000933,172.31.36.0-255,66,91395,18,182236
9847,0.000979,172.31.36.0-255,66,91461,18,182236
9848,0.000982,74.125.24.0-255,1484,92945,18,182236
9849,0.001003,172.31.36.0-255,66,93011,18,182236
9850,0.001026,74.125.24.0-255,2902,95913,18,182236
9851,0.001028,172.31.36.0-255,66,95979,18,182236
9852,0.001032,74.125.24.0-255,766,96745,18,182236
9853,0.001057,74.125.24.0-255,5738,102483,18,182236
9854,0.00106,172.31.36.0-255,66,102549,18,182236
9855,0.001108,172.31.36.0-255,66,102615,18,182236
9856,0.001139,172.31.36.0-255,66,102681,18,182236
9857,0.001153,74.125.24.0-255,5738,108419,18,182236
9858,0.001167,172.31.36.0-255,66,108485,18,182236
9859,0.001175,74.125.24.0-255,5738,114223,18,182236
9860,0.001177,172.31.36.0-255,66,114289,18,182236
9861,0.001259,74.125.24.0-255,1484,115773,18,182236
9862,0.001263,74.125.24.0-255,1484,117257,18,182236
9863,0.001269,172.31.36.0-255,66,117323,18,182236
9864,0.001278,74.125.24.0-255,1484,118807,18,182236
9865,0.001284,74.125.24.0-255,5738,124545,18,182236
9866,0.001301,74.125.24.0-255,2902,127447,18,182236
9867,0.001323,74.125.24.0-255,1484,128931,18,182236
9868,0.001325,172.31.36.0-255,66,128997,18,182236
9869,0.001393,74.125.24.0-255,4320,133317,18,182236
9870,0.001407,172.31.36.0-255,66,133383,18,182236
9871,0.001436,74.125.24.0-255,5020,138403,18,182236
9872,0.001439,74.125.24.0-255,1484,139887,18,182236
9873,0.001443,74.125.24.0-255,2902,142789,18,182236
9874,0.001454,74.125.24.0-255,5738,148527,18,182236
9875,0.00147,74.125.24.0-255,7156,155683,18,182236
9876,0.001489,172.31.36.0-255,66,155749,18,182236
9877,0.001535,74.125.24.0-255,6438,162187,18,182236
9878,0.001567,74.125.24.0-255,7156,169343,18,182236
9879,0.001588,74.125.24.0-255,5738,175081,18,182236
9880,0.001594,172.31.36.0-255,66,175147,18,182236
9881,0.001603,74.125.24.0-255,2184,177331,18,182236
9882,0.001609,172.31.36.0-255,66,177397,18,182236
9883,0.001671,74.125.24.0-255,1484,178881,18,182236
9884,0.001679,172.31.36.0-255,66,178947,18,182236
9885,0.001688,74.125.24.0-255,2881,181828,18,182236
9886,0.001699,172.31.36.0-255,66,181894,18,182236
9887,0.001726,74.125.24.0-255,105,181999,18,182236
9888,0.0116,172.31.36.0-255,66,182065,18,182236
9889,0.011658,172.31.36.0-255,105,182170,18,182236
9890,0.014125,74.125.24.0-255,66,182236,18,182236
9891,0.0,172.31.36.0-255,66,66,18,66
9892,0.0,172.217.194.0-255,152,152,18,169744
9893,2.2e-05,172.31.36.0-255,66,218,18,169744
9894,3e-05,172.217.194.0-255,1484,1702,18,169744
9895,3.5e-05,172.31.36.0-255,66,1768,18,169744
9896,4.1e-05,172.217.194.0-255,2902,4670,18,169744
9897,4.3e-05,172.31.36.0-255,66,4736,18,169744
9898,5.1e-05,172.217.194.0-255,7156,11892,18,169744
9899,5.4e-05,172.31.36.0-255,66,11958,18,169744
9900,5.8e-05,172.217.194.0-255,2049,14007,18,169744
9901,6.2e-05,172.31.36.0-255,66,14073,18,169744
9902,6.7e-05,172.217.194.0-255,2902,16975,18,169744
9903,7e-05,172.31.36.0-255,66,17041,18,169744
9904,0.000102,172.217.194.0-255,7156,24197,18,169744
9905,0.000105,172.31.36.0-255,66,24263,18,169744
9906,0.000112,172.217.194.0-255,7156,31419,18,169744
9907,0.000115,172.31.36.0-255,66,31485,18,169744
9908,0.000131,172.217.194.0-255,2902,34387,18,169744
9909,0.000133,172.31.36.0-255,66,34453,18,169744
9910,0.00017,172.31.36.0-255,66,34519,18,169744
9911,0.000173,172.217.194.0-255,766,35285,18,169744
9912,0.000174,172.31.36.0-255,66,35351,18,169744
9913,0.000177,172.217.194.0-255,1484,36835,18,169744
9914,0.000179,172.31.36.0-255,66,36901,18,169744
9915,0.000202,172.217.194.0-255,4320,41221,18,169744
9916,0.000204,172.31.36.0-255,66,41287,18,169744
9917,0.000209,172.217.194.0-255,2902,44189,18,169744
9918,0.000211,172.31.36.0-255,66,44255,18,169744
9919,0.000222,172.217.194.0-255,1484,45739,18,169744
9920,0.000224,172.31.36.0-255,66,45805,18,169744
9921,0.000271,172.217.194.0-255,7108,52913,18,169744
9922,0.000275,172.31.36.0-255,66,52979,18,169744
9923,0.000311,172.217.194.0-255,365,53344,18,169744
9924,0.000499,172.217.194.0-255,1484,54828,18,169744
9925,0.000506,172.217.194.0-255,2902,57730,18,169744
9926,0.000528,172.217.194.0-255,5738,63468,18,169744
9927,0.000531,172.217.194.0-255,1484,64952,18,169744
9928,0.000545,172.31.36.0-255,66,65018,18,169744
9929,0.000561,172.31.36.0-255,66,65084,18,169744
9930,0.000582,172.217.194.0-255,5738,70822,18,169744
9931,0.00062,172.31.36.0-255,66,70888,18,169744
9932,0.001281,172.217.194.0-255,1484,72372,18,169744
9933,0.001287,172.217.194.0-255,2902,75274,18,169744
9934,0.001291,172.31.36.0-255,66,75340,18,169744
9935,0.001325,172.217.194.0-255,4320,79660,18,169744
9936,0.001348,172.31.36.0-255,66,79726,18,169744
9937,0.001381,172.217.194.0-255,2184,81910,18,169744
9938,0.001387,172.31.36.0-255,66,81976,18,169744
9939,0.001634,172.217.194.0-255,1484,83460,18,169744
9940,0.00164,172.217.194.0-255,2902,86362,18,169744
9941,0.001644,172.31.36.0-255,66,86428,18,169744
9942,0.001669,172.217.194.0-255,5738,92166,18,169744
9943,0.00168,172.31.36.0-255,66,92232,18,169744
9944,0.00172,172.31.36.0-255,66,92298,18,169744
9945,0.001769,172.31.36.0-255,66,92364,18,169744
9946,0.001919,172.217.194.0-255,1484,93848,18,169744
9947,0.001941,172.217.194.0-255,2902,96750,18,169744
9948,0.001945,172.31.36.0-255,66,96816,18,169744
9949,0.001965,172.217.194.0-255,5738,102554,18,169744
9950,0.001977,172.31.36.0-255,66,102620,18,169744
9951,0.001984,172.217.194.0-255,5738,108358,18,169744
9952,0.001988,172.31.36.0-255,66,108424,18,169744
9953,0.002001,172.217.194.0-255,4320,112744,18,169744
9954,0.002022,172.31.36.0-255,66,112810,18,169744
9955,0.002029,172.217.194.0-255,7156,119966,18,169744
9956,0.002034,172.31.36.0-255,66,120032,18,169744
9957,0.002046,172.217.194.0-255,6438,126470,18,169744
9958,0.002056,172.217.194.0-255,1484,127954,18,169744
9959,0.002078,172.217.194.0-255,2902,130856,18,169744
9960,0.002084,172.217.194.0-255,5738,136594,18,169744
9961,0.002097,172.217.194.0-255,1484,138078,18,169744
9962,0.002102,172.31.36.0-255,66,138144,18,169744
9963,0.002139,172.217.194.0-255,2902,141046,18,169744
9964,0.002141,172.217.194.0-255,1484,142530,18,169744
9965,0.002144,172.31.36.0-255,66,142596,18,169744
9966,0.00215,172.31.36.0-255,66,142662,18,169744
9967,0.002182,172.31.36.0-255,66,142728,18,169744
9968,0.002232,172.217.194.0-255,2902,145630,18,169744
9969,0.002238,172.31.36.0-255,66,145696,18,169744
9970,0.002276,172.217.194.0-255,3602,149298,18,169744
9971,0.002298,172.217.194.0-255,1484,150782,18,169744
9972,0.002302,172.217.194.0-255,2902,153684,18,169744
9973,0.002317,172.217.194.0-255,1484,155168,18,169744
9974,0.002334,172.217.194.0-255,2902,158070,18,169744
9975,0.011987,172.31.36.0-255,66,158136,18,169744
9976,0.012171,172.217.194.0-255,1484,159620,18,169744
9977,0.014321,172.217.194.0-255,4320,163940,18,169744
9978,0.014328,172.31.36.0-255,66,164006,18,169744
9979,0.016661,172.217.194.0-255,5738,169744,18,169744
9980,0.0,74.125.68.0-255,153,153,18,150474
9981,6.6e-05,172.31.36.0-255,66,219,18,150474
9982,7.3e-05,74.125.68.0-255,1484,1703,18,150474
9983,7.8e-05,172.31.36.0-255,66,1769,18,150474
9984,9.1e-05,74.125.68.0-255,2902,4671,18,150474
9985,9.3e-05,172.31.36.0-255,66,4737,18,150474
9986,9.9e-05,74.125.68.0-255,4320,9057,18,150474
9987,0.000102,172.31.36.0-255,66,9123,18,150474
9988,0.000107,74.125.68.0-255,4848,13971,18,150474
9989,0.00011,172.31.36.0-255,66,14037,18,150474
9990,0.000222,74.125.68.0-255,1484,15521,18,150474
9991,0.000227,172.31.36.0-255,66,15587,18,150474
9992,0.000233,74.125.68.0-255,2902,18489,18,150474
9993,0.000235,172.31.36.0-255,66,18555,18,150474
9994,0.00024,74.125.68.0-255,2902,21457,18,150474
9995,0.000249,172.31.36.0-255,66,21523,18,150474
9996,0.000261,74.125.68.0-255,2902,24425,18,150474
9997,0.000263,172.31.36.0-255,66,24491,18,150474
9998,0.000269,74.125.68.0-255,5738,30229,18,150474
9999,0.000279,172.31.36.0-255,66,30295,18,150474
10000,0.00031,74.125.68.0-255,3961,34256,18,150474
10001,0.000314,172.31.36.0-255,66,34322,18,150474
10002,0.000318,74.125.68.0-255,2902,37224,18,150474
10003,0.00032,172.31.36.0-255,66,37290,18,150474
10004,0.000341,74.125.68.0-255,1484,38774,18,150474
10005,0.00035,172.31.36.0-255,66,38840,18,150474
10006,0.000359,74.125.68.0-255,7156,45996,18,150474
10007,0.000362,172.31.36.0-255,66,46062,18,150474
10008,0.000392,74.125.68.0-255,2543,48605,18,150474
10009,0.000396,172.31.36.0-255,66,48671,18,150474
10010,0.000425,74.125.68.0-255,1484,50155,18,150474
10011,0.000429,172.31.36.0-255,66,50221,18,150474
10012,0.000434,74.125.68.0-255,2902,53123,18,150474
10013,0.000436,172.31.36.0-255,66,53189,18,150474
10014,0.000464,74.125.68.0-255,5738,58927,18,150474
10015,0.000468,172.31.36.0-255,66,58993,18,150474
10016,0.000472,74.125.68.0-255,2902,61895,18,150474
10017,0.000475,172.31.36.0-255,66,61961,18,150474
10018,0.000481,74.125.68.0-255,3961,65922,18,150474
10019,0.000483,172.31.36.0-255,66,65988,18,150474
10020,0.000548,74.125.68.0-255,399,66387,18,150474
10021,0.000813,74.125.68.0-255,109,66496,18,150474
10022,0.000818,74.125.68.0-255,332,66828,18,150474
10023,0.000874,172.31.36.0-255,66,66894,18,150474
10024,0.001346,74.125.68.0-255,1484,68378,18,150474
10025,0.001354,74.125.68.0-255,1484,69862,18,150474
10026,0.001359,172.31.36.0-255,66,69928,18,150474
10027,0.001385,74.125.68.0-255,1484,71412,18,150474
10028,0.001393,74.125.68.0-255,5738,77150,18,150474
10029,0.001395,172.31.36.0-255,66,77216,18,150474
10030,0.001432,172.31.36.0-255,66,77282,18,150474
10031,0.001438,74.125.68.0-255,2902,80184,18,150474
10032,0.00144,172.31.36.0-255,66,80250,18,150474
10033,0.001472,74.125.68.0-255,7156,87406,18,150474
10034,0.001476,172.31.36.0-255,66,87472,18,150474
10035,0.001485,74.125.68.0-255,5020,92492,18,150474
10036,0.001493,172.31.36.0-255,66,92558,18,150474
10037,0.002427,74.125.68.0-255,1484,94042,18,150474
10038,0.002441,74.125.68.0-255,2902,96944,18,150474
10039,0.002443,172.31.36.0-255,66,97010,18,150474
10040,0.00247,74.125.68.0-255,5738,102748,18,150474
10041,0.002472,172.31.36.0-255,66,102814,18,150474
10042,0.002475,74.125.68.0-255,1484,104298,18,150474
10043,0.002491,74.125.68.0-255,4320,108618,18,150474
10044,0.002493,172.31.36.0-255,66,108684,18,150474
10045,0.002524,74.125.68.0-255,4320,113004,18,150474
10046,0.002526,172.31.36.0-255,66,113070,18,150474
10047,0.002563,74.125.68.0-255,1484,114554,18,150474
10048,0.002589,172.31.36.0-255,66,114620,18,150474
10049,0.002593,74.125.68.0-255,3602,118222,18,150474
10050,0.002595,172.31.36.0-255,66,118288,18,150474
10051,0.005171,74.125.68.0-255,1484,119772,18,150474
10052,0.00519,74.125.68.0-255,4320,124092,18,150474
10053,0.005194,172.31.36.0-255,66,124158,18,150474
10054,0.00779,74.125.68.0-255,4320,128478,18,150474
10055,0.007797,172.31.36.0-255,66,128544,18,150474
10056,0.007828,74.125.68.0-255,1484,130028,18,150474
10057,0.010399,74.125.68.0-255,4320,134348,18,150474
10058,0.010408,172.31.36.0-255,66,134414,18,150474
10059,0.013002,74.125.68.0-255,4320,138734,18,150474
10060,0.01301,172.31.36.0-255,66,138800,18,150474
10061,0.01304,74.125.68.0-255,1484,140284,18,150474
10062,0.015607,74.125.68.0-255,4320,144604,18,150474
10063,0.015619,172.31.36.0-255,66,144670,18,150474
10064,0.018224,74.125.68.0-255,5738,150408,18,150474
10065,0.018232,172.31.36.0-255,66,150474,18,150474
10066,0.0,172.217.194.0-255,153,153,18,115120
10067,1.7e-05,172.217.194.0-255,1484,1637,18,115120
10068,2.5e-05,172.31.36.0-255,66,1703,18,115120
10069,3.4e-05,172.217.194.0-255,2902,4605,18,115120
10070,3.8e-05,172.31.36.0-255,66,4671,18,115120
10071,5.4e-05,172.217.194.0-255,7156,11827,18,115120
10072,5.8e-05,172.31.36.0-255,66,11893,18,115120
10073,6.9e-05,172.31.36.0-255,66,11959,18,115120
10074,0.00013,172.31.36.0-255,66,12025,18,115120
10075,0.000162,172.31.36.0-255,66,12091,18,115120
10076,0.000169,172.217.194.0-255,7156,19247,18,115120
10077,0.000172,172.31.36.0-255,66,19313,18,115120
10078,0.0002,172.217.194.0-255,5379,24692,18,115120
10079,0.000203,172.31.36.0-255,66,24758,18,115120
10080,0.000219,172.31.36.0-255,66,24824,18,115120
10081,0.000222,172.217.194.0-255,98,24922,18,115120
10082,0.000304,172.217.194.0-255,1484,26406,18,115120
10083,0.000308,172.31.36.0-255,66,26472,18,115120
10084,0.000315,172.217.194.0-255,2902,29374,18,115120
10085,0.000317,172.31.36.0-255,66,29440,18,115120
10086,0.000329,172.217.194.0-255,5738,35178,18,115120
10087,0.000331,172.31.36.0-255,66,35244,18,115120
10088,0.000378,172.31.36.0-255,66,35310,18,115120
10089,0.000396,172.31.36.0-255,66,35376,18,115120
10090,0.000399,172.217.194.0-255,363,35739,18,115120
10091,0.00052,172.217.194.0-255,1484,37223,18,115120
10092,0.000525,172.31.36.0-255,66,37289,18,115120
10093,0.000531,172.217.194.0-255,2902,40191,18,115120
10094,0.000533,172.31.36.0-255,66,40257,18,115120
10095,0.000544,172.217.194.0-255,5738,45995,18,115120
10096,0.000547,172.31.36.0-255,66,46061,18,115120
10097,0.000588,172.31.36.0-255,66,46127,18,115120
10098,0.000622,172.31.36.0-255,66,46193,18,115120
10099,0.000634,172.31.36.0-255,66,46259,18,115120
10100,0.000676,172.31.36.0-255,66,46325,18,115120
10101,0.000713,172.31.36.0-255,66,46391,18,115120
10102,0.001011,172.217.194.0-255,1484,47875,18,115120
10103,0.001017,172.217.194.0-255,1484,49359,18,115120
10104,0.00102,172.31.36.0-255,66,49425,18,115120
10105,0.001052,172.217.194.0-255,1484,50909,18,115120
10106,0.00106,172.217.194.0-255,5738,56647,18,115120
10107,0.001062,172.31.36.0-255,66,56713,18,115120
10108,0.00107,172.217.194.0-255,7156,63869,18,115120
10109,0.001073,172.31.36.0-255,66,63935,18,115120
10110,0.001097,172.217.194.0-255,5738,69673,18,115120
10111,0.001099,172.31.36.0-255,66,69739,18,115120
10112,0.001174,172.31.36.0-255,66,69805,18,115120
10113,0.001198,172.217.194.0-255,1484,71289,18,115120
10114,0.001202,172.217.194.0-255,2902,74191,18,115120
10115,0.001206,172.31.36.0-255,66,74257,18,115120
10116,0.00121,172.217.194.0-255,1484,75741,18,115120
10117,0.001241,172.217.194.0-255,4320,80061,18,115120
10118,0.001245,172.31.36.0-255,66,80127,18,115120
10119,0.001263,172.31.36.0-255,66,80193,18,115120
10120,0.001268,172.217.194.0-255,2902,83095,18,115120
10121,0.001271,172.31.36.0-255,66,83161,18,115120
10122,0.001314,172.31.36.0-255,66,83227,18,115120
10123,0.001341,172.217.194.0-255,1484,84711,18,115120
10124,0.001347,172.217.194.0-255,2902,87613,18,115120
10125,0.001349,172.31.36.0-255,66,87679,18,115120
10126,0.001356,172.217.194.0-255,5738,93417,18,115120
10127,0.001359,172.31.36.0-255,66,93483,18,115120
10128,0.001393,172.31.36.0-255,66,93549,18,115120
10129,0.001419,172.217.194.0-255,1484,95033,18,115120
10130,0.001439,172.31.36.0-255,66,95099,18,115120
10131,0.001464,172.217.194.0-255,2184,97283,18,115120
10132,0.001466,172.31.36.0-255,66,97349,18,115120
10133,0.00147,172.217.194.0-255,1484,98833,18,115120
10134,0.001475,172.217.194.0-255,2902,101735,18,115120
10135,0.001477,172.31.36.0-255,66,101801,18,115120
10136,0.001485,172.217.194.0-255,1484,103285,18,115120
10137,0.001514,172.217.194.0-255,4320,107605,18,115120
10138,0.001517,172.31.36.0-255,66,107671,18,115120
10139,0.001531,172.31.36.0-255,66,107737,18,115120
10140,0.001547,172.31.36.0-255,66,107803,18,115120
10141,0.001618,172.31.36.0-255,66,107869,18,115120
10142,0.001657,172.31.36.0-255,66,107935,18,115120
10143,0.001727,172.31.36.0-255,66,108001,18,115120
10144,0.001784,172.217.194.0-255,6777,114778,18,115120
10145,0.001834,172.31.36.0-255,66,114844,18,115120
10146,0.001844,172.217.194.0-255,105,114949,18,115120
10147,0.007797,172.31.36.0-255,105,115054,18,115120
10148,0.010012,172.217.194.0-255,66,115120,18,115120
10149,0.0,74.125.24.0-255,298,298,18,186595
10150,2.6e-05,74.125.24.0-255,1484,1782,18,186595
10151,3.4e-05,172.31.36.0-255,66,1848,18,186595
10152,4.3e-05,74.125.24.0-255,4320,6168,18,186595
10153,4.6e-05,172.31.36.0-255,66,6234,18,186595
10154,5.2e-05,74.125.24.0-255,7156,13390,18,186595
10155,5.5e-05,172.31.36.0-255,66,13456,18,186595
10156,7.7e-05,74.125.24.0-255,1804,15260,18,186595
10157,7.9e-05,172.31.36.0-255,66,15326,18,186595
10158,8.4e-05,74.125.24.0-255,5738,21064,18,186595
10159,8.7e-05,172.31.36.0-255,66,21130,18,186595
10160,0.000116,74.125.24.0-255,5738,26868,18,186595
10161,0.000118,172.31.36.0-255,66,26934,18,186595
10162,0.000143,74.125.24.0-255,3961,30895,18,186595
10163,0.000146,172.31.36.0-255,66,30961,18,186595
10164,0.000166,74.125.24.0-255,1484,32445,18,186595
10165,0.000169,74.125.24.0-255,1484,33929,18,186595
10166,0.000171,172.31.36.0-255,66,33995,18,186595
10167,0.000187,74.125.24.0-255,1484,35479,18,186595
10168,0.000193,74.125.24.0-255,5738,41217,18,186595
10169,0.000195,172.31.36.0-255,66,41283,18,186595
10170,0.000209,74.125.24.0-255,1484,42767,18,186595
10171,0.000235,172.31.36.0-255,66,42833,18,186595
10172,0.000266,74.125.24.0-255,4320,47153,18,186595
10173,0.00027,172.31.36.0-255,66,47219,18,186595
10174,0.000299,172.31.36.0-255,66,47285,18,186595
10175,0.000302,74.125.24.0-255,108,47393,18,186595
10176,0.00038,74.125.24.0-255,1484,48877,18,186595
10177,0.000384,74.125.24.0-255,1484,50361,18,186595
10178,0.000386,172.31.36.0-255,66,50427,18,186595
10179,0.000394,74.125.24.0-255,1484,51911,18,186595
10180,0.000397,172.31.36.0-255,66,51977,18,186595
10181,0.000403,74.125.24.0-255,5738,57715,18,186595
10182,0.000406,172.31.36.0-255,66,57781,18,186595
10183,0.000411,74.125.24.0-255,4320,62101,18,186595
10184,0.000413,172.31.36.0-255,66,62167,18,186595
10185,0.000432,74.125.24.0-255,1484,63651,18,186595
10186,0.000463,172.31.36.0-255,66,63717,18,186595
10187,0.000495,172.31.36.0-255,66,63783,18,186595
10188,0.000498,74.125.24.0-255,332,64115,18,186595
10189,0.000524,74.125.24.0-255,1484,65599,18,186595
10190,0.000528,172.31.36.0-255,66,65665,18,186595
10191,0.000533,74.125.24.0-255,4320,69985,18,186595
10192,0.000536,172.31.36.0-255,66,70051,18,186595
10193,0.000573,172.31.36.0-255,66,70117,18,186595
10194,0.000579,74.125.24.0-255,7156,77273,18,186595
10195,0.000582,172.31.36.0-255,66,77339,18,186595
10196,0.00062,74.125.24.0-255,7156,84495,18,186595
10197,0.000626,172.31.36.0-255,66,84561,18,186595
10198,0.000643,74.125.24.0-255,4471,89032,18,186595
10199,0.000647,172.31.36.0-255,66,89098,18,186595
10200,0.000676,172.31.36.0-255,66,89164,18,186595
10201,0.000702,74.125.24.0-255,1484,90648,18,186595
10202,0.000705,74.125.24.0-255,1484,92132,18,186595
10203,0.000707,172.31.36.0-255,66,92198,18,186595
10204,0.000723,74.125.24.0-255,3602,95800,18,186595
10205,0.000723,172.31.36.0-255,66,95866,18,186595
10206,0.000726,172.31.36.0-255,66,95932,18,186595
10207,0.000773,74.125.24.0-255,5738,101670,18,186595
10208,0.000777,172.31.36.0-255,66,101736,18,186595
10209,0.000796,172.31.36.0-255,66,101802,18,186595
10210,0.000818,74.125.24.0-255,1484,103286,18,186595
10211,0.000839,74.125.24.0-255,2902,106188,18,186595
10212,0.000843,172.31.36.0-255,66,106254,18,186595
10213,0.000849,74.125.24.0-255,5738,111992,18,186595
10214,0.000851,172.31.36.0-255,66,112058,18,186595
10215,0.00089,172.31.36.0-255,66,112124,18,186595
10216,0.000893,74.125.24.0-255,1484,113608,18,186595
10217,0.000924,74.125.24.0-255,7156,120764,18,186595
10218,0.000927,172.31.36.0-255,66,120830,18,186595
10219,0.000946,74.125.24.0-255,2184,123014,18,186595
10220,0.00095,172.31.36.0-255,66,123080,18,186595
10221,0.000966,74.125.24.0-255,1484,124564,18,186595
10222,0.000984,74.125.24.0-255,2902,127466,18,186595
10223,0.000987,172.31.36.0-255,66,127532,18,186595
10224,0.000992,74.125.24.0-255,4320,131852,18,186595
10225,0.000994,172.31.36.0-255,66,131918,18,186595
10226,0.001008,74.125.24.0-255,1484,133402,18,186595
10227,0.001012,74.125.24.0-255,2902,136304,18,186595
10228,0.001015,172.31.36.0-255,66,136370,18,186595
10229,0.001053,172.31.36.0-255,66,136436,18,186595
10230,0.001077,172.31.36.0-255,66,136502,18,186595
10231,0.001081,74.125.24.0-255,2184,138686,18,186595
10232,0.001084,172.31.36.0-255,66,138752,18,186595
10233,0.00113,74.125.24.0-255,2902,141654,18,186595
10234,0.001133,172.31.36.0-255,66,141720,18,186595
10235,0.001139,74.125.24.0-255,4320,146040,18,186595
10236,0.001141,172.31.36.0-255,66,146106,18,186595
10237,0.001173,172.31.36.0-255,66,146172,18,186595
10238,0.001212,172.31.36.0-255,66,146238,18,186595
10239,0.001215,74.125.24.0-255,766,147004,18,186595
10240,0.00132,74.125.24.0-255,1484,148488,18,186595
10241,0.001323,172.31.36.0-255,66,148554,18,186595
10242,0.001328,74.125.24.0-255,2902,151456,18,186595
10243,0.001332,172.31.36.0-255,66,151522,18,186595
10244,0.001343,74.125.24.0-255,5738,157260,18,186595
10245,0.001346,172.31.36.0-255,66,157326,18,186595
10246,0.00138,172.31.36.0-255,66,157392,18,186595
10247,0.001387,74.125.24.0-255,7156,164548,18,186595
10248,0.001396,172.31.36.0-255,66,164614,18,186595
10249,0.001405,74.125.24.0-255,3602,168216,18,186595
10250,0.001408,172.31.36.0-255,66,168282,18,186595
10251,0.001489,74.125.24.0-255,1484,169766,18,186595
10252,0.001494,74.125.24.0-255,2902,172668,18,186595
10253,0.001502,172.31.36.0-255,66,172734,18,186595
10254,0.001509,74.125.24.0-255,5738,178472,18,186595
10255,0.001511,172.31.36.0-255,66,178538,18,186595
10256,0.001557,172.31.36.0-255,66,178604,18,186595
10257,0.001561,172.31.36.0-255,66,178670,18,186595
10258,0.001605,74.125.24.0-255,7156,185826,18,186595
10259,0.001613,172.31.36.0-255,66,185892,18,186595
10260,0.001636,172.31.36.0-255,66,185958,18,186595
10261,0.001671,172.31.36.0-255,66,186024,18,186595
10262,0.001688,172.31.36.0-255,66,186090,18,186595
10263,0.001699,172.31.36.0-255,66,186156,18,186595
10264,0.001699,74.125.24.0-255,97,186253,18,186595
10265,0.00173,74.125.24.0-255,105,186358,18,186595
10266,0.00414,172.31.36.0-255,66,186424,18,186595
10267,0.004167,172.31.36.0-255,105,186529,18,186595
10268,0.006391,74.125.24.0-255,66,186595,18,186595
10269,0.0,172.217.194.0-255,153,153,18,143536
10270,1.4e-05,172.31.36.0-255,66,219,18,143536
10271,2.1e-05,172.217.194.0-255,1484,1703,18,143536
10272,2.5e-05,172.31.36.0-255,66,1769,18,143536
10273,3.8e-05,172.217.194.0-255,2902,4671,18,143536
10274,4.2e-05,172.31.36.0-255,66,4737,18,143536
10275,5e-05,172.217.194.0-255,7156,11893,18,143536
10276,5.3e-05,172.31.36.0-255,66,11959,18,143536
10277,8.7e-05,172.217.194.0-255,4320,16279,18,143536
10278,9e-05,172.31.36.0-255,66,16345,18,143536
10279,0.000125,172.31.36.0-255,66,16411,18,143536
10280,0.000144,172.31.36.0-255,66,16477,18,143536
10281,0.000157,172.31.36.0-255,66,16543,18,143536
10282,0.000179,172.217.194.0-255,1484,18027,18,143536
10283,0.000181,172.31.36.0-255,66,18093,18,143536
10284,0.000186,172.217.194.0-255,2902,20995,18,143536
10285,0.000193,172.31.36.0-255,66,21061,18,143536
10286,0.000199,172.217.194.0-255,4320,25381,18,143536
10287,0.000201,172.31.36.0-255,66,25447,18,143536
10288,0.000211,172.217.194.0-255,1484,26931,18,143536
10289,0.000214,172.31.36.0-255,66,26997,18,143536
10290,0.000247,172.31.36.0-255,66,27063,18,143536
10291,0.000285,172.217.194.0-255,1484,28547,18,143536
10292,0.000288,172.31.36.0-255,66,28613,18,143536
10293,0.000293,172.217.194.0-255,2902,31515,18,143536
10294,0.000296,172.31.36.0-255,66,31581,18,143536
10295,0.000323,172.217.194.0-255,5738,37319,18,143536
10296,0.000326,172.31.36.0-255,66,37385,18,143536
10297,0.000331,172.217.194.0-255,4320,41705,18,143536
10298,0.000333,172.31.36.0-255,66,41771,18,143536
10299,0.000363,172.217.194.0-255,2902,44673,18,143536
10300,0.000366,172.31.36.0-255,66,44739,18,143536
10301,0.000409,172.31.36.0-255,66,44805,18,143536
10302,0.000416,172.217.194.0-255,6797,51602,18,143536
10303,0.000418,172.31.36.0-255,66,51668,18,143536
10304,0.000444,172.217.194.0-255,1484,53152,18,143536
10305,0.000449,172.217.194.0-255,2902,56054,18,143536
10306,0.000451,172.31.36.0-255,66,56120,18,143536
10307,0.000455,172.217.194.0-255,1484,57604,18,143536
10308,0.00048,172.217.194.0-255,4320,61924,18,143536
10309,0.000483,172.31.36.0-255,66,61990,18,143536
10310,0.00049,172.217.194.0-255,5738,67728,18,143536
10311,0.000492,172.31.36.0-255,66,67794,18,143536
10312,0.000522,172.217.194.0-255,7156,74950,18,143536
10313,0.000524,172.31.36.0-255,66,75016,18,143536
10314,0.000528,172.217.194.0-255,1484,76500,18,143536
10315,0.000555,172.31.36.0-255,66,76566,18,143536
10316,0.000616,172.217.194.0-255,1484,78050,18,143536
10317,0.000621,172.217.194.0-255,2902,80952,18,143536
10318,0.000623,172.31.36.0-255,66,81018,18,143536
10319,0.00063,172.217.194.0-255,5738,86756,18,143536
10320,0.000633,172.31.36.0-255,66,86822,18,143536
10321,0.000652,172.31.36.0-255,66,86888,18,143536
10322,0.000664,172.31.36.0-255,66,86954,18,143536
10323,0.000696,172.217.194.0-255,4320,91274,18,143536
10324,0.000699,172.31.36.0-255,66,91340,18,143536
10325,0.00074,172.31.36.0-255,66,91406,18,143536
10326,0.000744,172.217.194.0-255,2902,94308,18,143536
10327,0.000746,172.31.36.0-255,66,94374,18,143536
10328,0.000792,172.31.36.0-255,66,94440,18,143536
10329,0.000833,172.217.194.0-255,1484,95924,18,143536
10330,0.000837,172.217.194.0-255,1484,97408,18,143536
10331,0.000839,172.31.36.0-255,66,97474,18,143536
10332,0.000867,172.217.194.0-255,1484,98958,18,143536
10333,0.000873,172.217.194.0-255,5738,104696,18,143536
10334,0.000876,172.31.36.0-255,66,104762,18,143536
10335,0.00089,172.31.36.0-255,66,104828,18,143536
10336,0.000905,172.31.36.0-255,66,104894,18,143536
10337,0.000955,172.217.194.0-255,2184,107078,18,143536
10338,0.000957,172.31.36.0-255,66,107144,18,143536
10339,0.000962,172.217.194.0-255,2902,110046,18,143536
10340,0.000964,172.31.36.0-255,66,110112,18,143536
10341,0.000971,172.217.194.0-255,7156,117268,18,143536
10342,0.000978,172.31.36.0-255,66,117334,18,143536
10343,0.001034,172.217.194.0-255,1484,118818,18,143536
10344,0.001066,172.217.194.0-255,6438,125256,18,143536
10345,0.00107,172.217.194.0-255,2902,128158,18,143536
10346,0.001126,172.31.36.0-255,66,128224,18,143536
10347,0.001208,172.217.194.0-255,1484,129708,18,143536
10348,0.001213,172.217.194.0-255,2902,132610,18,143536
10349,0.001231,172.31.36.0-255,66,132676,18,143536
10350,0.001242,172.217.194.0-255,5738,138414,18,143536
10351,0.001253,172.31.36.0-255,66,138480,18,143536
10352,0.001352,172.31.36.0-255,66,138546,18,143536
10353,0.001424,172.31.36.0-255,66,138612,18,143536
10354,0.001456,172.217.194.0-255,1484,140096,18,143536
10355,0.001471,172.217.194.0-255,3032,143128,18,143536
10356,0.001485,172.217.194.0-255,105,143233,18,143536
10357,0.001488,172.31.36.0-255,66,143299,18,143536
10358,0.004377,172.31.36.0-255,66,143365,18,143536
10359,0.004414,172.31.36.0-255,105,143470,18,143536
10360,0.00698,172.217.194.0-255,66,143536,18,143536
10361,0.0,172.217.194.0-255,153,153,18,242315
10362,3.3e-05,172.217.194.0-255,1484,1637,18,242315
10363,4e-05,172.31.36.0-255,66,1703,18,242315
10364,4.8e-05,172.217.194.0-255,2902,4605,18,242315
10365,5.1e-05,172.31.36.0-255,66,4671,18,242315
10366,5.7e-05,172.217.194.0-255,5738,10409,18,242315
10367,6e-05,172.31.36.0-255,66,10475,18,242315
10368,8e-05,172.217.194.0-255,1484,11959,18,242315
10369,9.8e-05,172.217.194.0-255,2029,13988,18,242315
10370,0.000101,172.31.36.0-255,66,14054,18,242315
10371,0.000153,172.217.194.0-255,1484,15538,18,242315
10372,0.00016,172.217.194.0-255,2902,18440,18,242315
10373,0.000163,172.31.36.0-255,66,18506,18,242315
10374,0.000187,172.217.194.0-255,5738,24244,18,242315
10375,0.00019,172.31.36.0-255,66,24310,18,242315
10376,0.000197,172.217.194.0-255,6797,31107,18,242315
10377,0.0002,172.31.36.0-255,66,31173,18,242315
10378,0.000235,172.217.194.0-255,4320,35493,18,242315
10379,0.000238,172.31.36.0-255,66,35559,18,242315
10380,0.000267,172.31.36.0-255,66,35625,18,242315
10381,0.000273,172.217.194.0-255,2543,38168,18,242315
10382,0.000275,172.31.36.0-255,66,38234,18,242315
10383,0.000295,172.217.194.0-255,4320,42554,18,242315
10384,0.000297,172.31.36.0-255,66,42620,18,242315
10385,0.000317,172.217.194.0-255,1484,44104,18,242315
10386,0.000346,172.217.194.0-255,5738,49842,18,242315
10387,0.000348,172.31.36.0-255,66,49908,18,242315
10388,0.000359,172.217.194.0-255,1484,51392,18,242315
10389,0.000422,172.217.194.0-255,2902,54294,18,242315
10390,0.000426,172.31.36.0-255,66,54360,18,242315
10391,0.000439,172.217.194.0-255,1400,55760,18,242315
10392,0.00049,172.217.194.0-255,120,55880,18,242315
10393,0.000602,172.217.194.0-255,1484,57364,18,242315
10394,0.000606,172.31.36.0-255,66,57430,18,242315
10395,0.000623,172.217.194.0-255,2902,60332,18,242315
10396,0.000626,172.31.36.0-255,66,60398,18,242315
10397,0.00063,172.217.194.0-255,2902,63300,18,242315
10398,0.000634,172.31.36.0-255,66,63366,18,242315
10399,0.000644,172.217.194.0-255,2902,66268,18,242315
10400,0.000647,172.31.36.0-255,66,66334,18,242315
10401,0.000655,172.217.194.0-255,6797,73131,18,242315
10402,0.000657,172.31.36.0-255,66,73197,18,242315
10403,0.000702,172.217.194.0-255,5738,78935,18,242315
10404,0.000706,172.31.36.0-255,66,79001,18,242315
10405,0.000735,172.31.36.0-255,66,79067,18,242315
10406,0.000753,172.217.194.0-255,2543,81610,18,242315
10407,0.000757,172.31.36.0-255,66,81676,18,242315
10408,0.001616,172.217.194.0-255,1484,83160,18,242315
10409,0.001628,172.217.194.0-255,2902,86062,18,242315
10410,0.001633,172.31.36.0-255,66,86128,18,242315
10411,0.001639,172.217.194.0-255,2902,89030,18,242315
10412,0.001642,172.31.36.0-255,66,89096,18,242315
10413,0.001656,172.217.194.0-255,2902,91998,18,242315
10414,0.001658,172.31.36.0-255,66,92064,18,242315
10415,0.001674,172.217.194.0-255,7156,99220,18,242315
10416,0.001678,172.31.36.0-255,66,99286,18,242315
10417,0.001692,172.217.194.0-255,5738,105024,18,242315
10418,0.001694,172.31.36.0-255,66,105090,18,242315
10419,0.00172,172.217.194.0-255,1484,106574,18,242315
10420,0.00174,172.31.36.0-255,66,106640,18,242315
10421,0.001908,172.217.194.0-255,1484,108124,18,242315
10422,0.001914,172.217.194.0-255,2902,111026,18,242315
10423,0.001917,172.31.36.0-255,66,111092,18,242315
10424,0.001924,172.217.194.0-255,4320,115412,18,242315
10425,0.001925,172.31.36.0-255,66,115478,18,242315
10426,0.001937,172.217.194.0-255,1484,116962,18,242315
10427,0.00197,172.217.194.0-255,5738,122700,18,242315
10428,0.001972,172.31.36.0-255,66,122766,18,242315
10429,0.00199,172.217.194.0-255,1484,124250,18,242315
10430,0.002001,172.31.36.0-255,66,124316,18,242315
10431,0.002027,172.217.194.0-255,5020,129336,18,242315
10432,0.002029,172.31.36.0-255,66,129402,18,242315
10433,0.002071,172.217.194.0-255,1484,130886,18,242315
10434,0.002095,172.217.194.0-255,2902,133788,18,242315
10435,0.002097,172.31.36.0-255,66,133854,18,242315
10436,0.002118,172.217.194.0-255,5738,139592,18,242315
10437,0.00212,172.31.36.0-255,66,139658,18,242315
10438,0.002126,172.217.194.0-255,5738,145396,18,242315
10439,0.002129,172.31.36.0-255,66,145462,18,242315
10440,0.002191,172.31.36.0-255,66,145528,18,242315
10441,0.002196,172.217.194.0-255,5020,150548,18,242315
10442,0.002199,172.31.36.0-255,66,150614,18,242315
10443,0.002216,172.217.194.0-255,1484,152098,18,242315
10444,0.002231,172.217.194.0-255,2902,155000,18,242315
10445,0.002233,172.31.36.0-255,66,155066,18,242315
10446,0.002252,172.217.194.0-255,5738,160804,18,242315
10447,0.002255,172.31.36.0-255,66,160870,18,242315
10448,0.00226,172.217.194.0-255,4320,165190,18,242315
10449,0.002262,172.31.36.0-255,66,165256,18,242315
10450,0.002296,172.31.36.0-255,66,165322,18,242315
10451,0.002307,172.31.36.0-255,66,165388,18,242315
10452,0.002337,172.217.194.0-255,7156,172544,18,242315
10453,0.00234,172.31.36.0-255,66,172610,18,242315
10454,0.002361,172.217.194.0-255,2902,175512,18,242315
10455,0.002363,172.31.36.0-255,66,175578,18,242315
10456,0.00238,172.31.36.0-255,66,175644,18,242315
10457,0.002384,172.217.194.0-255,2902,178546,18,242315
10458,0.002386,172.31.36.0-255,66,178612,18,242315
10459,0.002416,172.31.36.0-255,66,178678,18,242315
10460,0.002441,172.217.194.0-255,7156,185834,18,242315
10461,0.002443,172.31.36.0-255,66,185900,18,242315
10462,0.002446,172.217.194.0-255,1484,187384,18,242315
10463,0.002466,172.217.194.0-255,7156,194540,18,242315
10464,0.002469,172.31.36.0-255,66,194606,18,242315
10465,0.002501,172.31.36.0-255,66,194672,18,242315
10466,0.002505,172.217.194.0-255,2184,196856,18,242315
10467,0.002506,172.31.36.0-255,66,196922,18,242315
10468,0.002544,172.217.194.0-255,1484,198406,18,242315
10469,0.002562,172.217.194.0-255,2902,201308,18,242315
10470,0.002564,172.31.36.0-255,66,201374,18,242315
10471,0.002569,172.217.194.0-255,4320,205694,18,242315
10472,0.002572,172.31.36.0-255,66,205760,18,242315
10473,0.002583,172.217.194.0-255,1484,207244,18,242315
10474,0.00259,172.217.194.0-255,7156,214400,18,242315
10475,0.002592,172.31.36.0-255,66,214466,18,242315
10476,0.002626,172.31.36.0-255,66,214532,18,242315
10477,0.00263,172.217.194.0-255,2184,216716,18,242315
10478,0.002632,172.31.36.0-255,66,216782,18,242315
10479,0.002682,172.217.194.0-255,5738,222520,18,242315
10480,0.002685,172.31.36.0-255,66,222586,18,242315
10481,0.002702,172.217.194.0-255,2902,225488,18,242315
10482,0.002703,172.31.36.0-255,66,225554,18,242315
10483,0.002714,172.31.36.0-255,66,225620,18,242315
10484,0.002717,172.217.194.0-255,1484,227104,18,242315
10485,0.002759,172.31.36.0-255,66,227170,18,242315
10486,0.002762,172.217.194.0-255,766,227936,18,242315
10487,0.002824,172.217.194.0-255,7156,235092,18,242315
10488,0.002826,172.31.36.0-255,66,235158,18,242315
10489,0.002836,172.31.36.0-255,66,235224,18,242315
10490,0.002839,172.217.194.0-255,1484,236708,18,242315
10491,0.002876,172.31.36.0-255,66,236774,18,242315
10492,0.002882,172.217.194.0-255,5199,241973,18,242315
10493,0.002884,172.31.36.0-255,66,242039,18,242315
10494,0.002924,172.217.194.0-255,105,242144,18,242315
10495,0.006397,172.31.36.0-255,105,242249,18,242315
10496,0.008823,172.217.194.0-255,66,242315,18,242315
10497,0.0,74.125.24.0-255,153,153,18,229716
10498,3.6e-05,172.31.36.0-255,66,219,18,229716
10499,4.3e-05,74.125.24.0-255,1484,1703,18,229716
10500,4.7e-05,172.31.36.0-255,66,1769,18,229716
10501,5.2e-05,74.125.24.0-255,2902,4671,18,229716
10502,5.4e-05,172.31.36.0-255,66,4737,18,229716
10503,7e-05,74.125.24.0-255,7156,11893,18,229716
10504,7.3e-05,172.31.36.0-255,66,11959,18,229716
10505,7.8e-05,74.125.24.0-255,2085,14044,18,229716
10506,8e-05,172.31.36.0-255,66,14110,18,229716
10507,0.000176,74.125.24.0-255,1484,15594,18,229716
10508,0.00018,172.31.36.0-255,66,15660,18,229716
10509,0.000185,74.125.24.0-255,2902,18562,18,229716
10510,0.000188,172.31.36.0-255,66,18628,18,229716
10511,0.000213,74.125.24.0-255,5738,24366,18,229716
10512,0.000217,172.31.36.0-255,66,24432,18,229716
10513,0.00023,74.125.24.0-255,6797,31229,18,229716
10514,0.000233,172.31.36.0-255,66,31295,18,229716
10515,0.000272,74.125.24.0-255,4320,35615,18,229716
10516,0.000275,172.31.36.0-255,66,35681,18,229716
10517,0.000301,74.125.24.0-255,5738,41419,18,229716
10518,0.000304,172.31.36.0-255,66,41485,18,229716
10519,0.000326,74.125.24.0-255,6797,48282,18,229716
10520,0.000329,172.31.36.0-255,66,48348,18,229716
10521,0.000367,74.125.24.0-255,5738,54086,18,229716
10522,0.00037,172.31.36.0-255,66,54152,18,229716
10523,0.000393,74.125.24.0-255,1484,55636,18,229716
10524,0.000396,172.31.36.0-255,66,55702,18,229716
10525,0.000406,172.31.36.0-255,66,55768,18,229716
10526,0.000429,74.125.24.0-255,1125,56893,18,229716
10527,0.000433,172.31.36.0-255,66,56959,18,229716
10528,0.000451,74.125.24.0-255,391,57350,18,229716
10529,0.000528,74.125.24.0-255,352,57702,18,229716
10530,0.000678,74.125.24.0-255,1484,59186,18,229716
10531,0.000682,172.31.36.0-255,66,59252,18,229716
10532,0.000686,74.125.24.0-255,2902,62154,18,229716
10533,0.000697,172.31.36.0-255,66,62220,18,229716
10534,0.000703,74.125.24.0-255,5738,67958,18,229716
10535,0.000711,172.31.36.0-255,66,68024,18,229716
10536,0.000735,74.125.24.0-255,6797,74821,18,229716
10537,0.000748,172.31.36.0-255,66,74887,18,229716
10538,0.000755,74.125.24.0-255,7156,82043,18,229716
10539,0.000757,172.31.36.0-255,66,82109,18,229716
10540,0.000789,172.31.36.0-255,66,82175,18,229716
10541,0.000812,74.125.24.0-255,1125,83300,18,229716
10542,0.000939,172.31.36.0-255,66,83366,18,229716
10543,0.001378,74.125.24.0-255,1484,84850,18,229716
10544,0.001387,74.125.24.0-255,2902,87752,18,229716
10545,0.001393,74.125.24.0-255,4320,92072,18,229716
10546,0.001408,74.125.24.0-255,1484,93556,18,229716
10547,0.001412,74.125.24.0-255,4320,97876,18,229716
10548,0.001481,74.125.24.0-255,1484,99360,18,229716
10549,0.001522,74.125.24.0-255,1484,100844,18,229716
10550,0.001536,74.125.24.0-255,1484,102328,18,229716
10551,0.001542,74.125.24.0-255,5738,108066,18,229716
10552,0.001557,74.125.24.0-255,5738,113804,18,229716
10553,0.00157,74.125.24.0-255,1484,115288,18,229716
10554,0.001587,74.125.24.0-255,1484,116772,18,229716
10555,0.001596,74.125.24.0-255,2184,118956,18,229716
10556,0.001979,74.125.24.0-255,1484,120440,18,229716
10557,0.001991,74.125.24.0-255,2902,123342,18,229716
10558,0.002019,74.125.24.0-255,5738,129080,18,229716
10559,0.002021,74.125.24.0-255,1484,130564,18,229716
10560,0.002054,74.125.24.0-255,2902,133466,18,229716
10561,0.002077,74.125.24.0-255,2184,135650,18,229716
10562,0.002246,74.125.24.0-255,1484,137134,18,229716
10563,0.002258,74.125.24.0-255,2902,140036,18,229716
10564,0.00227,74.125.24.0-255,1484,141520,18,229716
10565,0.002283,74.125.24.0-255,4320,145840,18,229716
10566,0.002304,74.125.24.0-255,1484,147324,18,229716
10567,0.002314,74.125.24.0-255,2902,150226,18,229716
10568,0.002334,74.125.24.0-255,7156,157382,18,229716
10569,0.002339,74.125.24.0-255,4320,161702,18,229716
10570,0.002353,74.125.24.0-255,5738,167440,18,229716
10571,0.002363,74.125.24.0-255,2184,169624,18,229716
10572,0.002445,74.125.24.0-255,1484,171108,18,229716
10573,0.002449,74.125.24.0-255,2902,174010,18,229716
10574,0.002463,74.125.24.0-255,1484,175494,18,229716
10575,0.002478,74.125.24.0-255,4320,179814,18,229716
10576,0.00248,74.125.24.0-255,1484,181298,18,229716
10577,0.002494,74.125.24.0-255,4320,185618,18,229716
10578,0.002516,74.125.24.0-255,7156,192774,18,229716
10579,0.002544,74.125.24.0-255,2184,194958,18,229716
10580,0.002562,74.125.24.0-255,2902,197860,18,229716
10581,0.002583,74.125.24.0-255,7156,205016,18,229716
10582,0.002613,74.125.24.0-255,7156,212172,18,229716
10583,0.008398,172.31.36.0-255,66,212238,18,229716
10584,0.011041,74.125.24.0-255,5738,217976,18,229716
10585,0.011052,172.31.36.0-255,66,218042,18,229716
10586,0.013696,74.125.24.0-255,5738,223780,18,229716
10587,0.015013,172.31.36.0-255,66,223846,18,229716
10588,0.017639,74.125.24.0-255,4320,228166,18,229716
10589,0.01765,172.31.36.0-255,66,228232,18,229716
10590,0.017684,74.125.24.0-255,1484,229716,18,229716
10591,0.0,74.125.24.0-255,66,66,18,66
10592,0.0,172.217.194.0-255,153,153,18,203715
10593,3.2e-05,172.217.194.0-255,1484,1637,18,203715
10594,3.9e-05,172.31.36.0-255,66,1703,18,203715
10595,4.5e-05,172.217.194.0-255,2902,4605,18,203715
10596,4.8e-05,172.31.36.0-255,66,4671,18,203715
10597,6.7e-05,172.217.194.0-255,4320,8991,18,203715
10598,7.1e-05,172.31.36.0-255,66,9057,18,203715
10599,9.8e-05,172.217.194.0-255,1484,10541,18,203715
10600,0.000104,172.217.194.0-255,3453,13994,18,203715
10601,0.000107,172.31.36.0-255,66,14060,18,203715
10602,0.00011,172.217.194.0-255,1484,15544,18,203715
10603,0.00013,172.217.194.0-255,2902,18446,18,203715
10604,0.000133,172.31.36.0-255,66,18512,18,203715
10605,0.000145,172.31.36.0-255,66,18578,18,203715
10606,0.00015,172.217.194.0-255,2543,21121,18,203715
10607,0.000152,172.31.36.0-255,66,21187,18,203715
10608,0.000188,172.31.36.0-255,66,21253,18,203715
10609,0.000215,172.217.194.0-255,1484,22737,18,203715
10610,0.000221,172.217.194.0-255,2543,25280,18,203715
10611,0.000223,172.31.36.0-255,66,25346,18,203715
10612,0.000263,172.217.194.0-255,4320,29666,18,203715
10613,0.000268,172.31.36.0-255,66,29732,18,203715
10614,0.00031,172.31.36.0-255,66,29798,18,203715
10615,0.000312,172.217.194.0-255,431,30229,18,203715
10616,0.000434,172.217.194.0-255,1484,31713,18,203715
10617,0.000437,172.31.36.0-255,66,31779,18,203715
10618,0.000441,172.217.194.0-255,1484,33263,18,203715
10619,0.000463,172.217.194.0-255,1484,34747,18,203715
10620,0.000465,172.31.36.0-255,66,34813,18,203715
10621,0.000473,172.217.194.0-255,5738,40551,18,203715
10622,0.000475,172.31.36.0-255,66,40617,18,203715
10623,0.000522,172.31.36.0-255,66,40683,18,203715
10624,0.000535,172.31.36.0-255,66,40749,18,203715
10625,0.000699,172.217.194.0-255,1484,42233,18,203715
10626,0.000712,172.217.194.0-255,2902,45135,18,203715
10627,0.000715,172.31.36.0-255,66,45201,18,203715
10628,0.000722,172.217.194.0-255,5738,50939,18,203715
10629,0.000724,172.31.36.0-255,66,51005,18,203715
10630,0.000764,172.31.36.0-255,66,51071,18,203715
10631,0.000771,172.217.194.0-255,4320,55391,18,203715
10632,0.000773,172.31.36.0-255,66,55457,18,203715
10633,0.000807,172.217.194.0-255,6438,61895,18,203715
10634,0.000812,172.31.36.0-255,66,61961,18,203715
10635,0.000825,172.31.36.0-255,66,62027,18,203715
10636,0.000831,172.217.194.0-255,4320,66347,18,203715
10637,0.000834,172.31.36.0-255,66,66413,18,203715
10638,0.000867,172.217.194.0-255,5738,72151,18,203715
10639,0.000871,172.31.36.0-255,66,72217,18,203715
10640,0.000904,172.217.194.0-255,5738,77955,18,203715
10641,0.000907,172.31.36.0-255,66,78021,18,203715
10642,0.000934,172.217.194.0-255,6438,84459,18,203715
10643,0.000938,172.31.36.0-255,66,84525,18,203715
10644,0.000967,172.217.194.0-255,1484,86009,18,203715
10645,0.000973,172.217.194.0-255,2902,88911,18,203715
10646,0.00099,172.31.36.0-255,66,88977,18,203715
10647,0.000997,172.217.194.0-255,5738,94715,18,203715
10648,0.000999,172.31.36.0-255,66,94781,18,203715
10649,0.00101,172.217.194.0-255,4320,99101,18,203715
10650,0.001012,172.31.36.0-255,66,99167,18,203715
10651,0.001063,172.31.36.0-255,66,99233,18,203715
10652,0.001092,172.217.194.0-255,1484,100717,18,203715
10653,0.001105,172.31.36.0-255,66,100783,18,203715
10654,0.001312,172.217.194.0-255,1484,102267,18,203715
10655,0.001316,172.217.194.0-255,1484,103751,18,203715
10656,0.001319,172.31.36.0-255,66,103817,18,203715
10657,0.001342,172.217.194.0-255,1484,105301,18,203715
10658,0.001349,172.217.194.0-255,5738,111039,18,203715
10659,0.001352,172.31.36.0-255,66,111105,18,203715
10660,0.001378,172.217.194.0-255,5738,116843,18,203715
10661,0.001381,172.31.36.0-255,66,116909,18,203715
10662,0.001403,172.217.194.0-255,5738,122647,18,203715
10663,0.001407,172.31.36.0-255,66,122713,18,203715
10664,0.001412,172.217.194.0-255,4320,127033,18,203715
10665,0.001414,172.31.36.0-255,66,127099,18,203715
10666,0.001453,172.31.36.0-255,66,127165,18,203715
10667,0.001461,172.217.194.0-255,7156,134321,18,203715
10668,0.001464,172.31.36.0-255,66,134387,18,203715
10669,0.001502,172.217.194.0-255,5738,140125,18,203715
10670,0.001506,172.31.36.0-255,66,140191,18,203715
10671,0.001527,172.31.36.0-255,66,140257,18,203715
10672,0.001533,172.217.194.0-255,6438,146695,18,203715
10673,0.001538,172.31.36.0-255,66,146761,18,203715
10674,0.001597,172.217.194.0-255,1484,148245,18,203715
10675,0.001603,172.217.194.0-255,2902,151147,18,203715
10676,0.001607,172.31.36.0-255,66,151213,18,203715
10677,0.001614,172.217.194.0-255,5738,156951,18,203715
10678,0.001617,172.31.36.0-255,66,157017,18,203715
10679,0.001635,172.217.194.0-255,5738,162755,18,203715
10680,0.001638,172.31.36.0-255,66,162821,18,203715
10681,0.001665,172.217.194.0-255,7156,169977,18,203715
10682,0.001668,172.31.36.0-255,66,170043,18,203715
10683,0.001679,172.31.36.0-255,66,170109,18,203715
10684,0.001707,172.217.194.0-255,2184,172293,18,203715
10685,0.001711,172.31.36.0-255,66,172359,18,203715
10686,0.001723,172.31.36.0-255,66,172425,18,203715
10687,0.001738,172.31.36.0-255,66,172491,18,203715
10688,0.00177,172.217.194.0-255,6438,178929,18,203715
10689,0.001773,172.31.36.0-255,66,178995,18,203715
10690,0.001831,172.217.194.0-255,1484,180479,18,203715
10691,0.001836,172.217.194.0-255,2902,183381,18,203715
10692,0.001839,172.31.36.0-255,66,183447,18,203715
10693,0.001863,172.217.194.0-255,5738,189185,18,203715
10694,0.001867,172.31.36.0-255,66,189251,18,203715
10695,0.001872,172.217.194.0-255,4320,193571,18,203715
10696,0.001875,172.31.36.0-255,66,193637,18,203715
10697,0.001879,172.217.194.0-255,1484,195121,18,203715
10698,0.001918,172.31.36.0-255,66,195187,18,203715
10699,0.001922,172.217.194.0-255,1484,196671,18,203715
10700,0.001957,172.217.194.0-255,6438,203109,18,203715
10701,0.001961,172.31.36.0-255,66,203175,18,203715
10702,0.001973,172.31.36.0-255,66,203241,18,203715
10703,0.002018,172.31.36.0-255,66,203307,18,203715
10704,0.002052,172.31.36.0-255,66,203373,18,203715
10705,0.002065,172.31.36.0-255,66,203439,18,203715
10706,0.002067,172.217.194.0-255,105,203544,18,203715
10707,0.003526,172.31.36.0-255,105,203649,18,203715
10708,0.005746,172.217.194.0-255,66,203715,18,203715
