,TIME,SRC,PACKET_SIZE,CUMULATIVE_PACKET_SIZE,PAGE_NUMBER,TOTAL_PACKET_SIZE
0,0.0,74.125.24.0-255,152,152,41,113920
1,3.1e-05,172.31.46.0-255,66,218,41,113920
2,3.8e-05,74.125.24.0-255,1484,1702,41,113920
3,4.2e-05,172.31.46.0-255,66,1768,41,113920
4,5.5e-05,74.125.24.0-255,2902,4670,41,113920
5,5.9e-05,172.31.46.0-255,66,4736,41,113920
6,6.2e-05,74.125.24.0-255,1484,6220,41,113920
7,6.5e-05,172.31.46.0-255,66,6286,41,113920
8,7.1e-05,74.125.24.0-255,2902,9188,41,113920
9,7.4e-05,172.31.46.0-255,66,9254,41,113920
10,0.000114,74.125.24.0-255,4964,14218,41,113920
11,0.000117,172.31.46.0-255,66,14284,41,113920
12,0.000163,74.125.24.0-255,1484,15768,41,113920
13,0.000165,172.31.46.0-255,66,15834,41,113920
14,0.00017,74.125.24.0-255,2902,18736,41,113920
15,0.000172,172.31.46.0-255,66,18802,41,113920
16,0.000176,74.125.24.0-255,1484,20286,41,113920
17,0.000179,172.31.46.0-255,66,20352,41,113920
18,0.000214,74.125.24.0-255,4320,24672,41,113920
19,0.000217,172.31.46.0-255,66,24738,41,113920
20,0.000251,172.31.46.0-255,66,24804,41,113920
21,0.000301,74.125.24.0-255,1484,26288,41,113920
22,0.000304,172.31.46.0-255,66,26354,41,113920
23,0.000308,74.125.24.0-255,2902,29256,41,113920
24,0.00031,172.31.46.0-255,66,29322,41,113920
25,0.000335,172.31.46.0-255,66,29388,41,113920
26,0.00035,172.31.46.0-255,66,29454,41,113920
27,0.000908,74.125.24.0-255,1484,30938,41,113920
28,0.000914,172.31.46.0-255,66,31004,41,113920
29,0.000936,74.125.24.0-255,2902,33906,41,113920
30,0.000939,172.31.46.0-255,66,33972,41,113920
31,0.000948,172.31.46.0-255,66,34038,41,113920
32,0.000987,74.125.24.0-255,4320,38358,41,113920
33,0.000989,172.31.46.0-255,66,38424,41,113920
34,0.001018,74.125.24.0-255,2543,40967,41,113920
35,0.00102,172.31.46.0-255,66,41033,41,113920
36,0.001052,74.125.24.0-255,2902,43935,41,113920
37,0.001054,172.31.46.0-255,66,44001,41,113920
38,0.00106,74.125.24.0-255,2902,46903,41,113920
39,0.001062,172.31.46.0-255,66,46969,41,113920
40,0.00109,74.125.24.0-255,1484,48453,41,113920
41,0.001118,172.31.46.0-255,66,48519,41,113920
42,0.001128,172.31.46.0-255,66,48585,41,113920
43,0.001138,172.31.46.0-255,66,48651,41,113920
44,0.001159,74.125.24.0-255,2902,51553,41,113920
45,0.001161,172.31.46.0-255,66,51619,41,113920
46,0.001186,74.125.24.0-255,1705,53324,41,113920
47,0.001189,172.31.46.0-255,66,53390,41,113920
48,0.001612,74.125.24.0-255,1484,54874,41,113920
49,0.001632,74.125.24.0-255,2902,57776,41,113920
50,0.001636,172.31.46.0-255,66,57842,41,113920
51,0.001645,172.31.46.0-255,66,57908,41,113920
52,0.001682,172.31.46.0-255,66,57974,41,113920
53,0.001709,172.31.46.0-255,66,58040,41,113920
54,0.001735,74.125.24.0-255,3602,61642,41,113920
55,0.001737,172.31.46.0-255,66,61708,41,113920
56,0.001776,74.125.24.0-255,1484,63192,41,113920
57,0.001781,74.125.24.0-255,2902,66094,41,113920
58,0.001783,172.31.46.0-255,66,66160,41,113920
59,0.001816,172.31.46.0-255,66,66226,41,113920
60,0.00182,74.125.24.0-255,1484,67710,41,113920
61,0.001848,172.31.46.0-255,66,67776,41,113920
62,0.001861,172.31.46.0-255,66,67842,41,113920
63,0.001896,74.125.24.0-255,2902,70744,41,113920
64,0.0019,172.31.46.0-255,66,70810,41,113920
65,0.001934,172.31.46.0-255,66,70876,41,113920
66,0.001946,172.31.46.0-255,66,70942,41,113920
67,0.001951,74.125.24.0-255,4320,75262,41,113920
68,0.001954,172.31.46.0-255,66,75328,41,113920
69,0.001987,172.31.46.0-255,66,75394,41,113920
70,0.002431,74.125.24.0-255,1484,76878,41,113920
71,0.002438,74.125.24.0-255,2902,79780,41,113920
72,0.002442,172.31.46.0-255,66,79846,41,113920
73,0.002483,172.31.46.0-255,66,79912,41,113920
74,0.002493,172.31.46.0-255,66,79978,41,113920
75,0.002506,172.31.46.0-255,66,80044,41,113920
76,0.002539,74.125.24.0-255,2902,82946,41,113920
77,0.002542,172.31.46.0-255,66,83012,41,113920
78,0.002547,74.125.24.0-255,2184,85196,41,113920
79,0.002549,172.31.46.0-255,66,85262,41,113920
80,0.005056,74.125.24.0-255,2902,88164,41,113920
81,0.005063,172.31.46.0-255,66,88230,41,113920
82,0.005117,74.125.24.0-255,2902,91132,41,113920
83,0.00512,172.31.46.0-255,66,91198,41,113920
84,0.007572,74.125.24.0-255,2902,94100,41,113920
85,0.007575,172.31.46.0-255,66,94166,41,113920
86,0.00763,74.125.24.0-255,2902,97068,41,113920
87,0.007632,172.31.46.0-255,66,97134,41,113920
88,0.010101,74.125.24.0-255,2902,100036,41,113920
89,0.010112,172.31.46.0-255,66,100102,41,113920
90,0.010149,74.125.24.0-255,2902,103004,41,113920
91,0.010153,172.31.46.0-255,66,103070,41,113920
92,0.01268,74.125.24.0-255,4320,107390,41,113920
93,0.012697,172.31.46.0-255,66,107456,41,113920
94,0.012721,74.125.24.0-255,1484,108940,41,113920
95,0.015247,74.125.24.0-255,4320,113260,41,113920
96,0.015262,172.31.46.0-255,66,113326,41,113920
97,0.017798,172.31.46.0-255,66,113392,41,113920
98,0.02034,172.31.46.0-255,66,113458,41,113920
99,0.022875,172.31.46.0-255,66,113524,41,113920
100,0.025441,172.31.46.0-255,66,113590,41,113920
101,0.028011,172.31.46.0-255,66,113656,41,113920
102,0.030596,172.31.46.0-255,66,113722,41,113920
103,0.033122,172.31.46.0-255,66,113788,41,113920
104,0.035701,172.31.46.0-255,66,113854,41,113920
105,0.038251,172.31.46.0-255,66,113920,41,113920
106,0.0,216.58.221.0-255,153,153,41,130845
107,2e-05,216.58.221.0-255,1484,1637,41,130845
108,3.2e-05,172.31.46.0-255,66,1703,41,130845
109,4.1e-05,216.58.221.0-255,2902,4605,41,130845
110,4.5e-05,172.31.46.0-255,66,4671,41,130845
111,6.4e-05,172.31.46.0-255,66,4737,41,130845
112,6.9e-05,216.58.221.0-255,2091,6828,41,130845
113,7.1e-05,172.31.46.0-255,66,6894,41,130845
114,7.6e-05,216.58.221.0-255,2902,9796,41,130845
115,7.9e-05,172.31.46.0-255,66,9862,41,130845
116,8.9e-05,172.31.46.0-255,66,9928,41,130845
117,9.9e-05,172.31.46.0-255,66,9994,41,130845
118,0.000135,216.58.221.0-255,2902,12896,41,130845
119,0.000138,172.31.46.0-255,66,12962,41,130845
120,0.000167,216.58.221.0-255,2902,15864,41,130845
121,0.000169,172.31.46.0-255,66,15930,41,130845
122,0.00018,172.31.46.0-255,66,15996,41,130845
123,0.00019,216.58.221.0-255,3961,19957,41,130845
124,0.000193,172.31.46.0-255,66,20023,41,130845
125,0.000513,216.58.221.0-255,1484,21507,41,130845
126,0.00052,216.58.221.0-255,2902,24409,41,130845
127,0.000526,172.31.46.0-255,66,24475,41,130845
128,0.000535,172.31.46.0-255,66,24541,41,130845
129,0.000546,216.58.221.0-255,4320,28861,41,130845
130,0.000548,172.31.46.0-255,66,28927,41,130845
131,0.00058,216.58.221.0-255,1484,30411,41,130845
132,0.000583,216.58.221.0-255,1411,31822,41,130845
133,0.000585,172.31.46.0-255,66,31888,41,130845
134,0.001048,216.58.221.0-255,1484,33372,41,130845
135,0.001055,216.58.221.0-255,2902,36274,41,130845
136,0.001059,172.31.46.0-255,66,36340,41,130845
137,0.001063,216.58.221.0-255,1484,37824,41,130845
138,0.001085,216.58.221.0-255,4320,42144,41,130845
139,0.001088,172.31.46.0-255,66,42210,41,130845
140,0.00112,172.31.46.0-255,66,42276,41,130845
141,0.001124,216.58.221.0-255,2902,45178,41,130845
142,0.001126,172.31.46.0-255,66,45244,41,130845
143,0.00115,216.58.221.0-255,4320,49564,41,130845
144,0.001152,172.31.46.0-255,66,49630,41,130845
145,0.001164,172.31.46.0-255,66,49696,41,130845
146,0.001197,172.31.46.0-255,66,49762,41,130845
147,0.001227,216.58.221.0-255,4320,54082,41,130845
148,0.00123,172.31.46.0-255,66,54148,41,130845
149,0.001263,172.31.46.0-255,66,54214,41,130845
150,0.001399,216.58.221.0-255,1484,55698,41,130845
151,0.001405,216.58.221.0-255,2902,58600,41,130845
152,0.001408,172.31.46.0-255,66,58666,41,130845
153,0.001437,216.58.221.0-255,2902,61568,41,130845
154,0.00144,172.31.46.0-255,66,61634,41,130845
155,0.001477,216.58.221.0-255,2902,64536,41,130845
156,0.00148,172.31.46.0-255,66,64602,41,130845
157,0.001498,172.31.46.0-255,66,64668,41,130845
158,0.001511,172.31.46.0-255,66,64734,41,130845
159,0.001994,216.58.221.0-255,1484,66218,41,130845
160,0.002001,216.58.221.0-255,2902,69120,41,130845
161,0.002004,172.31.46.0-255,66,69186,41,130845
162,0.002009,216.58.221.0-255,1484,70670,41,130845
163,0.002039,216.58.221.0-255,2902,73572,41,130845
164,0.002041,172.31.46.0-255,66,73638,41,130845
165,0.002052,172.31.46.0-255,66,73704,41,130845
166,0.002066,172.31.46.0-255,66,73770,41,130845
167,0.002091,216.58.221.0-255,1484,75254,41,130845
168,0.002105,216.58.221.0-255,2902,78156,41,130845
169,0.002108,172.31.46.0-255,66,78222,41,130845
170,0.002111,216.58.221.0-255,1484,79706,41,130845
171,0.002139,216.58.221.0-255,2902,82608,41,130845
172,0.002141,172.31.46.0-255,66,82674,41,130845
173,0.002145,216.58.221.0-255,766,83440,41,130845
174,0.002491,216.58.221.0-255,1484,84924,41,130845
175,0.002496,172.31.46.0-255,66,84990,41,130845
176,0.002504,216.58.221.0-255,2902,87892,41,130845
177,0.002507,172.31.46.0-255,66,87958,41,130845
178,0.002517,216.58.221.0-255,2902,90860,41,130845
179,0.00252,172.31.46.0-255,66,90926,41,130845
180,0.002525,216.58.221.0-255,4320,95246,41,130845
181,0.002527,172.31.46.0-255,66,95312,41,130845
182,0.002531,216.58.221.0-255,2902,98214,41,130845
183,0.002534,172.31.46.0-255,66,98280,41,130845
184,0.002536,216.58.221.0-255,1484,99764,41,130845
185,0.002582,172.31.46.0-255,66,99830,41,130845
186,0.002591,172.31.46.0-255,66,99896,41,130845
187,0.002597,216.58.221.0-255,5020,104916,41,130845
188,0.002599,172.31.46.0-255,66,104982,41,130845
189,0.002608,172.31.46.0-255,66,105048,41,130845
190,0.00266,172.31.46.0-255,66,105114,41,130845
191,0.002689,172.31.46.0-255,66,105180,41,130845
192,0.002693,216.58.221.0-255,2902,108082,41,130845
193,0.002695,172.31.46.0-255,66,108148,41,130845
194,0.002712,216.58.221.0-255,4320,112468,41,130845
195,0.002714,172.31.46.0-255,66,112534,41,130845
196,0.002723,172.31.46.0-255,66,112600,41,130845
197,0.002773,216.58.221.0-255,4320,116920,41,130845
198,0.002776,172.31.46.0-255,66,116986,41,130845
199,0.002813,216.58.221.0-255,2902,119888,41,130845
200,0.002815,172.31.46.0-255,66,119954,41,130845
201,0.002831,172.31.46.0-255,66,120020,41,130845
202,0.002849,172.31.46.0-255,66,120086,41,130845
203,0.00286,172.31.46.0-255,66,120152,41,130845
204,0.002872,172.31.46.0-255,66,120218,41,130845
205,0.002922,172.31.46.0-255,66,120284,41,130845
206,0.002967,216.58.221.0-255,1484,121768,41,130845
207,0.002997,172.31.46.0-255,66,121834,41,130845
208,0.003034,172.31.46.0-255,66,121900,41,130845
209,0.003056,172.31.46.0-255,66,121966,41,130845
210,0.003091,216.58.221.0-255,2902,124868,41,130845
211,0.003095,172.31.46.0-255,66,124934,41,130845
212,0.003106,172.31.46.0-255,66,125000,41,130845
213,0.003113,216.58.221.0-255,97,125097,41,130845
214,0.003116,172.31.46.0-255,78,125175,41,130845
215,0.003141,172.31.46.0-255,66,125241,41,130845
216,0.003144,216.58.221.0-255,105,125346,41,130845
217,0.010887,172.31.46.0-255,66,125412,41,130845
218,0.010927,172.31.46.0-255,105,125517,41,130845
219,0.012908,216.58.221.0-255,66,125583,41,130845
220,0.036732,172.31.46.0-255,172,125755,41,130845
221,0.036763,172.31.46.0-255,1115,126870,41,130845
222,0.036814,172.31.46.0-255,1514,128384,41,130845
223,0.036816,172.31.46.0-255,1514,129898,41,130845
224,0.036837,172.31.46.0-255,683,130581,41,130845
225,0.03847,104.244.42.0-255,66,130647,41,130845
226,0.038499,104.244.42.0-255,66,130713,41,130845
227,0.038529,104.244.42.0-255,66,130779,41,130845
228,0.03854,104.244.42.0-255,66,130845,41,130845
229,0.0,172.31.46.0-255,105,105,41,276
230,0.002118,157.240.13.0-255,105,210,41,276
231,0.002131,172.31.46.0-255,66,276,41,276
232,0.0,172.253.118.0-255,146,146,41,73058
233,2.4e-05,172.31.46.0-255,66,212,41,73058
234,3.1e-05,172.253.118.0-255,1484,1696,41,73058
235,3.6e-05,172.31.46.0-255,66,1762,41,73058
236,4.9e-05,172.253.118.0-255,2902,4664,41,73058
237,5.3e-05,172.31.46.0-255,66,4730,41,73058
238,6.5e-05,172.31.46.0-255,66,4796,41,73058
239,6.8e-05,172.253.118.0-255,1484,6280,41,73058
240,7e-05,172.31.46.0-255,66,6346,41,73058
241,0.000118,172.31.46.0-255,66,6412,41,73058
242,0.000123,172.253.118.0-255,2902,9314,41,73058
243,0.000125,172.31.46.0-255,66,9380,41,73058
244,0.000157,172.253.118.0-255,2543,11923,41,73058
245,0.00016,172.31.46.0-255,66,11989,41,73058
246,0.00028,172.253.118.0-255,1484,13473,41,73058
247,0.000282,172.31.46.0-255,66,13539,41,73058
248,0.000308,172.253.118.0-255,2902,16441,41,73058
249,0.000311,172.31.46.0-255,66,16507,41,73058
250,0.00032,172.31.46.0-255,66,16573,41,73058
251,0.000341,172.253.118.0-255,4320,20893,41,73058
252,0.000344,172.31.46.0-255,66,20959,41,73058
253,0.000371,172.253.118.0-255,2543,23502,41,73058
254,0.000374,172.31.46.0-255,66,23568,41,73058
255,0.000384,172.31.46.0-255,66,23634,41,73058
256,0.000387,172.253.118.0-255,1484,25118,41,73058
257,0.000389,172.31.46.0-255,66,25184,41,73058
258,0.000427,172.31.46.0-255,66,25250,41,73058
259,0.000569,172.253.118.0-255,413,25663,41,73058
260,0.000982,172.253.118.0-255,330,25993,41,73058
261,0.001019,172.253.118.0-255,1484,27477,41,73058
262,0.001023,172.31.46.0-255,66,27543,41,73058
263,0.001028,172.253.118.0-255,2902,30445,41,73058
264,0.001031,172.31.46.0-255,66,30511,41,73058
265,0.001066,172.31.46.0-255,66,30577,41,73058
266,0.001107,172.31.46.0-255,66,30643,41,73058
267,0.001113,172.253.118.0-255,4320,34963,41,73058
268,0.001116,172.31.46.0-255,66,35029,41,73058
269,0.001153,172.31.46.0-255,66,35095,41,73058
270,0.001415,172.253.118.0-255,1484,36579,41,73058
271,0.001441,172.253.118.0-255,2902,39481,41,73058
272,0.001445,172.31.46.0-255,66,39547,41,73058
273,0.001448,172.253.118.0-255,1484,41031,41,73058
274,0.001471,172.253.118.0-255,2902,43933,41,73058
275,0.001474,172.31.46.0-255,66,43999,41,73058
276,0.001486,172.31.46.0-255,66,44065,41,73058
277,0.00153,172.31.46.0-255,66,44131,41,73058
278,0.001561,172.253.118.0-255,2184,46315,41,73058
279,0.001564,172.31.46.0-255,66,46381,41,73058
280,0.002183,172.253.118.0-255,1484,47865,41,73058
281,0.002194,172.253.118.0-255,2902,50767,41,73058
282,0.0022,172.31.46.0-255,66,50833,41,73058
283,0.002236,172.31.46.0-255,66,50899,41,73058
284,0.002251,172.31.46.0-255,66,50965,41,73058
285,0.002283,172.31.46.0-255,66,51031,41,73058
286,0.002294,172.31.46.0-255,66,51097,41,73058
287,0.002297,172.253.118.0-255,1484,52581,41,73058
288,0.00231,172.253.118.0-255,2184,54765,41,73058
289,0.002313,172.31.46.0-255,66,54831,41,73058
290,0.002509,172.253.118.0-255,1484,56315,41,73058
291,0.002514,172.253.118.0-255,1484,57799,41,73058
292,0.002518,172.31.46.0-255,66,57865,41,73058
293,0.002542,172.253.118.0-255,1484,59349,41,73058
294,0.002551,172.31.46.0-255,66,59415,41,73058
295,0.002561,172.31.46.0-255,66,59481,41,73058
296,0.002594,172.31.46.0-255,66,59547,41,73058
297,0.002613,172.253.118.0-255,4320,63867,41,73058
298,0.00262,172.31.46.0-255,66,63933,41,73058
299,0.002656,172.31.46.0-255,66,63999,41,73058
300,0.005275,172.31.46.0-255,66,64065,41,73058
301,0.007875,172.31.46.0-255,66,64131,41,73058
302,0.010489,172.31.46.0-255,66,64197,41,73058
303,0.01314,172.31.46.0-255,66,64263,41,73058
304,0.015755,172.31.46.0-255,66,64329,41,73058
305,0.01835,172.31.46.0-255,66,64395,41,73058
306,0.020953,172.31.46.0-255,66,64461,41,73058
307,0.023551,172.31.46.0-255,66,64527,41,73058
308,0.026165,172.31.46.0-255,66,64593,41,73058
309,0.028788,172.31.46.0-255,66,64659,41,73058
310,0.031413,172.31.46.0-255,66,64725,41,73058
311,0.033551,172.31.46.0-255,172,64897,41,73058
312,0.033586,172.31.46.0-255,1119,66016,41,73058
313,0.033657,172.31.46.0-255,1514,67530,41,73058
314,0.033659,172.31.46.0-255,1514,69044,41,73058
315,0.03366,172.31.46.0-255,1514,70558,41,73058
316,0.033661,172.31.46.0-255,1514,72072,41,73058
317,0.033662,172.31.46.0-255,524,72596,41,73058
318,0.033985,172.31.46.0-255,66,72662,41,73058
319,0.035142,104.244.42.0-255,66,72728,41,73058
320,0.035179,104.244.42.0-255,66,72794,41,73058
321,0.035234,104.244.42.0-255,66,72860,41,73058
322,0.035255,104.244.42.0-255,66,72926,41,73058
323,0.036562,172.31.46.0-255,66,72992,41,73058
324,0.039191,172.31.46.0-255,66,73058,41,73058
325,0.0,172.217.194.0-255,146,146,41,142896
326,1.8e-05,172.31.46.0-255,66,212,41,142896
327,2.5e-05,172.217.194.0-255,1484,1696,41,142896
328,2.8e-05,172.31.46.0-255,66,1762,41,142896
329,3.3e-05,172.217.194.0-255,2902,4664,41,142896
330,3.6e-05,172.31.46.0-255,66,4730,41,142896
331,3.9e-05,172.217.194.0-255,1484,6214,41,142896
332,4.1e-05,172.31.46.0-255,66,6280,41,142896
333,7.2e-05,172.31.46.0-255,66,6346,41,142896
334,8.4e-05,172.31.46.0-255,66,6412,41,142896
335,9.7e-05,172.217.194.0-255,3447,9859,41,142896
336,9.9e-05,172.31.46.0-255,66,9925,41,142896
337,0.00013,172.217.194.0-255,2543,12468,41,142896
338,0.000132,172.31.46.0-255,66,12534,41,142896
339,0.000136,172.217.194.0-255,2902,15436,41,142896
340,0.000138,172.31.46.0-255,66,15502,41,142896
341,0.000173,172.31.46.0-255,66,15568,41,142896
342,0.000181,172.31.46.0-255,66,15634,41,142896
343,0.000421,172.217.194.0-255,1484,17118,41,142896
344,0.000426,172.31.46.0-255,66,17184,41,142896
345,0.000431,172.217.194.0-255,2902,20086,41,142896
346,0.000433,172.31.46.0-255,66,20152,41,142896
347,0.00044,172.31.46.0-255,66,20218,41,142896
348,0.000484,172.31.46.0-255,66,20284,41,142896
349,0.000618,172.217.194.0-255,1484,21768,41,142896
350,0.000622,172.217.194.0-255,2902,24670,41,142896
351,0.000625,172.217.194.0-255,1484,26154,41,142896
352,0.00063,172.31.46.0-255,66,26220,41,142896
353,0.000646,172.217.194.0-255,4320,30540,41,142896
354,0.000662,172.31.46.0-255,66,30606,41,142896
355,0.000708,172.217.194.0-255,3602,34208,41,142896
356,0.000713,172.31.46.0-255,66,34274,41,142896
357,0.000842,172.217.194.0-255,1484,35758,41,142896
358,0.000847,172.217.194.0-255,2902,38660,41,142896
359,0.00085,172.217.194.0-255,1484,40144,41,142896
360,0.000859,172.31.46.0-255,66,40210,41,142896
361,0.000871,172.217.194.0-255,4320,44530,41,142896
362,0.000873,172.217.194.0-255,1484,46014,41,142896
363,0.000883,172.31.46.0-255,66,46080,41,142896
364,0.000897,172.217.194.0-255,4815,50895,41,142896
365,0.0009,172.31.46.0-255,66,50961,41,142896
366,0.000974,172.217.194.0-255,1484,52445,41,142896
367,0.000978,172.217.194.0-255,1484,53929,41,142896
368,0.000982,172.31.46.0-255,66,53995,41,142896
369,0.001001,172.217.194.0-255,1484,55479,41,142896
370,0.001032,172.31.46.0-255,66,55545,41,142896
371,0.001058,172.217.194.0-255,4320,59865,41,142896
372,0.001081,172.31.46.0-255,66,59931,41,142896
373,0.001171,172.217.194.0-255,1484,61415,41,142896
374,0.001186,172.217.194.0-255,2902,64317,41,142896
375,0.001189,172.31.46.0-255,66,64383,41,142896
376,0.001194,172.217.194.0-255,2902,67285,41,142896
377,0.0012,172.31.46.0-255,66,67351,41,142896
378,0.001211,172.217.194.0-255,2902,70253,41,142896
379,0.001223,172.217.194.0-255,2902,73155,41,142896
380,0.001239,172.31.46.0-255,66,73221,41,142896
381,0.001257,172.217.194.0-255,2902,76123,41,142896
382,0.001262,172.31.46.0-255,66,76189,41,142896
383,0.001286,172.217.194.0-255,1484,77673,41,142896
384,0.001311,172.31.46.0-255,66,77739,41,142896
385,0.001318,172.217.194.0-255,1152,78891,41,142896
386,0.001324,172.217.194.0-255,4320,83211,41,142896
387,0.001353,172.217.194.0-255,4320,87531,41,142896
388,0.001359,172.31.46.0-255,66,87597,41,142896
389,0.001434,172.31.46.0-255,66,87663,41,142896
390,0.001956,172.217.194.0-255,1484,89147,41,142896
391,0.001962,172.217.194.0-255,2902,92049,41,142896
392,0.001966,172.31.46.0-255,66,92115,41,142896
393,0.001969,172.217.194.0-255,1484,93599,41,142896
394,0.001989,172.217.194.0-255,4320,97919,41,142896
395,0.001998,172.31.46.0-255,66,97985,41,142896
396,0.002031,172.31.46.0-255,66,98051,41,142896
397,0.002063,172.31.46.0-255,66,98117,41,142896
398,0.002082,172.217.194.0-255,5020,103137,41,142896
399,0.002095,172.31.46.0-255,66,103203,41,142896
400,0.002124,172.217.194.0-255,1484,104687,41,142896
401,0.002146,172.217.194.0-255,2902,107589,41,142896
402,0.002229,172.217.194.0-255,5020,112609,41,142896
403,0.002248,172.217.194.0-255,1484,114093,41,142896
404,0.002262,172.217.194.0-255,2902,116995,41,142896
405,0.002299,172.217.194.0-255,4320,121315,41,142896
406,0.002443,172.217.194.0-255,5020,126335,41,142896
407,0.002484,172.217.194.0-255,2902,129237,41,142896
408,0.002537,172.217.194.0-255,3602,132839,41,142896
409,0.009454,172.31.46.0-255,66,132905,41,142896
410,0.011958,172.217.194.0-255,105,133010,41,142896
411,0.015181,172.31.46.0-255,66,133076,41,142896
412,0.015243,172.31.46.0-255,105,133181,41,142896
413,0.01774,172.217.194.0-255,66,133247,41,142896
414,0.039301,172.31.46.0-255,172,133419,41,142896
415,0.039329,172.31.46.0-255,1118,134537,41,142896
416,0.039387,172.31.46.0-255,1514,136051,41,142896
417,0.039389,172.31.46.0-255,1514,137565,41,142896
418,0.03939,172.31.46.0-255,1514,139079,41,142896
419,0.039395,172.31.46.0-255,1514,140593,41,142896
420,0.039396,172.31.46.0-255,1514,142107,41,142896
421,0.039397,172.31.46.0-255,789,142896,41,142896
422,0.0,172.217.194.0-255,146,146,41,134326
423,2e-05,172.31.46.0-255,66,212,41,134326
424,2.6e-05,172.217.194.0-255,1484,1696,41,134326
425,3.2e-05,172.31.46.0-255,66,1762,41,134326
426,3.8e-05,172.217.194.0-255,2902,4664,41,134326
427,4.8e-05,172.31.46.0-255,66,4730,41,134326
428,5.9e-05,172.31.46.0-255,66,4796,41,134326
429,6.3e-05,172.217.194.0-255,2005,6801,41,134326
430,6.6e-05,172.31.46.0-255,66,6867,41,134326
431,0.000229,172.217.194.0-255,1484,8351,41,134326
432,0.000235,172.31.46.0-255,66,8417,41,134326
433,0.000241,172.217.194.0-255,2902,11319,41,134326
434,0.000245,172.31.46.0-255,66,11385,41,134326
435,0.000259,172.31.46.0-255,66,11451,41,134326
436,0.000262,172.217.194.0-255,1484,12935,41,134326
437,0.000264,172.31.46.0-255,66,13001,41,134326
438,0.000304,172.31.46.0-255,66,13067,41,134326
439,0.000307,172.217.194.0-255,1484,14551,41,134326
440,0.000309,172.31.46.0-255,66,14617,41,134326
441,0.000314,172.217.194.0-255,2902,17519,41,134326
442,0.000316,172.31.46.0-255,66,17585,41,134326
443,0.000324,172.217.194.0-255,1484,19069,41,134326
444,0.000326,172.31.46.0-255,66,19135,41,134326
445,0.000356,172.217.194.0-255,4320,23455,41,134326
446,0.000359,172.31.46.0-255,66,23521,41,134326
447,0.000369,172.31.46.0-255,66,23587,41,134326
448,0.000395,172.217.194.0-255,1125,24712,41,134326
449,0.000398,172.31.46.0-255,66,24778,41,134326
450,0.000486,172.217.194.0-255,1484,26262,41,134326
451,0.000489,172.31.46.0-255,66,26328,41,134326
452,0.000494,172.217.194.0-255,2902,29230,41,134326
453,0.000497,172.31.46.0-255,66,29296,41,134326
454,0.000529,172.31.46.0-255,66,29362,41,134326
455,0.00056,172.217.194.0-255,646,30008,41,134326
456,0.00058,172.217.194.0-255,1484,31492,41,134326
457,0.000585,172.31.46.0-255,66,31558,41,134326
458,0.000595,172.217.194.0-255,4320,35878,41,134326
459,0.000623,172.31.46.0-255,66,35944,41,134326
460,0.000658,172.31.46.0-255,66,36010,41,134326
461,0.000707,172.31.46.0-255,66,36076,41,134326
462,0.000733,172.217.194.0-255,3961,40037,41,134326
463,0.000739,172.217.194.0-255,3961,43998,41,134326
464,0.000751,172.31.46.0-255,66,44064,41,134326
465,0.000862,172.217.194.0-255,1484,45548,41,134326
466,0.000868,172.217.194.0-255,2902,48450,41,134326
467,0.000873,172.31.46.0-255,66,48516,41,134326
468,0.000907,172.217.194.0-255,4320,52836,41,134326
469,0.000918,172.31.46.0-255,66,52902,41,134326
470,0.000948,172.217.194.0-255,1484,54386,41,134326
471,0.000985,172.31.46.0-255,66,54452,41,134326
472,0.001009,172.217.194.0-255,1484,55936,41,134326
473,0.001014,172.217.194.0-255,2902,58838,41,134326
474,0.00104,172.217.194.0-255,4320,63158,41,134326
475,0.001062,172.31.46.0-255,66,63224,41,134326
476,0.001071,172.31.46.0-255,66,63290,41,134326
477,0.001116,172.31.46.0-255,66,63356,41,134326
478,0.001128,172.31.46.0-255,66,63422,41,134326
479,0.001146,172.217.194.0-255,4320,67742,41,134326
480,0.001179,172.31.46.0-255,66,67808,41,134326
481,0.001186,172.217.194.0-255,1484,69292,41,134326
482,0.001254,172.31.46.0-255,66,69358,41,134326
483,0.001303,172.217.194.0-255,4320,73678,41,134326
484,0.001308,172.31.46.0-255,66,73744,41,134326
485,0.001351,172.31.46.0-255,66,73810,41,134326
486,0.001386,172.217.194.0-255,1484,75294,41,134326
487,0.001389,172.217.194.0-255,1484,76778,41,134326
488,0.001394,172.31.46.0-255,66,76844,41,134326
489,0.001405,172.217.194.0-255,1484,78328,41,134326
490,0.001426,172.217.194.0-255,2902,81230,41,134326
491,0.001438,172.217.194.0-255,2902,84132,41,134326
492,0.001465,172.31.46.0-255,66,84198,41,134326
493,0.001482,172.217.194.0-255,4320,88518,41,134326
494,0.001498,172.217.194.0-255,766,89284,41,134326
495,0.001514,172.31.46.0-255,66,89350,41,134326
496,0.001594,172.217.194.0-255,1484,90834,41,134326
497,0.001599,172.217.194.0-255,1484,92318,41,134326
498,0.001608,172.31.46.0-255,66,92384,41,134326
499,0.00162,172.217.194.0-255,1484,93868,41,134326
500,0.001668,172.217.194.0-255,4320,98188,41,134326
501,0.001696,172.217.194.0-255,766,98954,41,134326
502,0.001711,172.31.46.0-255,66,99020,41,134326
503,0.00174,172.217.194.0-255,1484,100504,41,134326
504,0.001746,172.217.194.0-255,4320,104824,41,134326
505,0.001752,172.217.194.0-255,4320,109144,41,134326
506,0.001766,172.217.194.0-255,1484,110628,41,134326
507,0.001769,172.31.46.0-255,66,110694,41,134326
508,0.001792,172.31.46.0-255,66,110760,41,134326
509,0.001815,172.217.194.0-255,4320,115080,41,134326
510,0.00184,172.31.46.0-255,66,115146,41,134326
511,0.00188,172.31.46.0-255,66,115212,41,134326
512,0.001909,172.31.46.0-255,66,115278,41,134326
513,0.00194,172.217.194.0-255,2902,118180,41,134326
514,0.001957,172.31.46.0-255,66,118246,41,134326
515,0.001968,172.217.194.0-255,4320,122566,41,134326
516,0.001984,172.217.194.0-255,2184,124750,41,134326
517,0.002005,172.31.46.0-255,66,124816,41,134326
518,0.002045,172.31.46.0-255,66,124882,41,134326
519,0.002111,172.31.46.0-255,66,124948,41,134326
520,0.002154,172.217.194.0-255,105,125053,41,134326
521,0.00216,172.31.46.0-255,66,125119,41,134326
522,0.009931,172.31.46.0-255,105,125224,41,134326
523,0.012288,172.217.194.0-255,66,125290,41,134326
524,0.036685,172.31.46.0-255,172,125462,41,134326
525,0.036715,172.31.46.0-255,1118,126580,41,134326
526,0.036768,172.31.46.0-255,1514,128094,41,134326
527,0.03677,172.31.46.0-255,1514,129608,41,134326
528,0.036772,172.31.46.0-255,1514,131122,41,134326
529,0.036775,172.31.46.0-255,1514,132636,41,134326
530,0.036776,172.31.46.0-255,1492,134128,41,134326
531,0.038323,104.244.42.0-255,66,134194,41,134326
532,0.038383,104.244.42.0-255,66,134260,41,134326
533,0.038422,104.244.42.0-255,66,134326,41,134326
534,0.0,172.217.194.0-255,149,149,41,107426
535,1.9e-05,172.217.194.0-255,1484,1633,41,107426
536,3.1e-05,172.31.46.0-255,66,1699,41,107426
537,3.8e-05,172.217.194.0-255,2902,4601,41,107426
538,4.1e-05,172.31.46.0-255,66,4667,41,107426
539,5.3e-05,172.31.46.0-255,66,4733,41,107426
540,7e-05,172.31.46.0-255,66,4799,41,107426
541,7.5e-05,172.217.194.0-255,2543,7342,41,107426
542,7.7e-05,172.31.46.0-255,66,7408,41,107426
543,0.00011,172.217.194.0-255,1484,8892,41,107426
544,0.000116,172.217.194.0-255,2902,11794,41,107426
545,0.000119,172.31.46.0-255,66,11860,41,107426
546,0.000127,172.31.46.0-255,66,11926,41,107426
547,0.00013,172.217.194.0-255,1484,13410,41,107426
548,0.000158,172.31.46.0-255,66,13476,41,107426
549,0.000161,172.217.194.0-255,1484,14960,41,107426
550,0.00019,172.31.46.0-255,66,15026,41,107426
551,0.000195,172.217.194.0-255,2800,17826,41,107426
552,0.000197,172.31.46.0-255,66,17892,41,107426
553,0.000218,172.217.194.0-255,430,18322,41,107426
554,0.000326,172.217.194.0-255,1484,19806,41,107426
555,0.000331,172.31.46.0-255,66,19872,41,107426
556,0.000336,172.217.194.0-255,2902,22774,41,107426
557,0.000339,172.31.46.0-255,66,22840,41,107426
558,0.000343,172.217.194.0-255,2902,25742,41,107426
559,0.000345,172.31.46.0-255,66,25808,41,107426
560,0.000377,172.217.194.0-255,2902,28710,41,107426
561,0.00038,172.31.46.0-255,66,28776,41,107426
562,0.000396,172.31.46.0-255,66,28842,41,107426
563,0.000406,172.31.46.0-255,66,28908,41,107426
564,0.000428,172.217.194.0-255,2184,31092,41,107426
565,0.00043,172.31.46.0-255,66,31158,41,107426
566,0.000597,172.217.194.0-255,1484,32642,41,107426
567,0.000602,172.217.194.0-255,1484,34126,41,107426
568,0.000606,172.31.46.0-255,66,34192,41,107426
569,0.000624,172.217.194.0-255,1484,35676,41,107426
570,0.000634,172.31.46.0-255,66,35742,41,107426
571,0.000649,172.31.46.0-255,66,35808,41,107426
572,0.000661,172.31.46.0-255,66,35874,41,107426
573,0.000706,172.217.194.0-255,766,36640,41,107426
574,0.000709,172.217.194.0-255,1484,38124,41,107426
575,0.000712,172.31.46.0-255,66,38190,41,107426
576,0.000715,172.217.194.0-255,1484,39674,41,107426
577,0.00073,172.217.194.0-255,2902,42576,41,107426
578,0.000733,172.31.46.0-255,66,42642,41,107426
579,0.000773,172.31.46.0-255,66,42708,41,107426
580,0.000784,172.31.46.0-255,66,42774,41,107426
581,0.000812,172.31.46.0-255,66,42840,41,107426
582,0.00084,172.31.46.0-255,66,42906,41,107426
583,0.000854,172.217.194.0-255,2902,45808,41,107426
584,0.000857,172.31.46.0-255,66,45874,41,107426
585,0.00087,172.31.46.0-255,66,45940,41,107426
586,0.000912,172.31.46.0-255,66,46006,41,107426
587,0.000932,172.217.194.0-255,5020,51026,41,107426
588,0.000936,172.31.46.0-255,66,51092,41,107426
589,0.000956,172.217.194.0-255,4320,55412,41,107426
590,0.000958,172.31.46.0-255,66,55478,41,107426
591,0.000991,172.31.46.0-255,66,55544,41,107426
592,0.001005,172.31.46.0-255,66,55610,41,107426
593,0.00104,172.31.46.0-255,66,55676,41,107426
594,0.001068,172.217.194.0-255,1484,57160,41,107426
595,0.001073,172.217.194.0-255,2902,60062,41,107426
596,0.001075,172.31.46.0-255,66,60128,41,107426
597,0.001081,172.217.194.0-255,4320,64448,41,107426
598,0.001083,172.31.46.0-255,66,64514,41,107426
599,0.001095,172.217.194.0-255,1484,65998,41,107426
600,0.0011,172.217.194.0-255,2902,68900,41,107426
601,0.001102,172.31.46.0-255,66,68966,41,107426
602,0.001141,172.31.46.0-255,66,69032,41,107426
603,0.001144,172.217.194.0-255,1484,70516,41,107426
604,0.001152,172.31.46.0-255,66,70582,41,107426
605,0.001185,172.31.46.0-255,66,70648,41,107426
606,0.001198,172.31.46.0-255,66,70714,41,107426
607,0.001235,172.31.46.0-255,66,70780,41,107426
608,0.00128,172.217.194.0-255,1484,72264,41,107426
609,0.001284,172.217.194.0-255,1484,73748,41,107426
610,0.001286,172.31.46.0-255,66,73814,41,107426
611,0.001304,172.217.194.0-255,1484,75298,41,107426
612,0.001314,172.31.46.0-255,66,75364,41,107426
613,0.001324,172.31.46.0-255,66,75430,41,107426
614,0.001358,172.217.194.0-255,1484,76914,41,107426
615,0.001382,172.31.46.0-255,66,76980,41,107426
616,0.001388,172.217.194.0-255,5020,82000,41,107426
617,0.00139,172.31.46.0-255,66,82066,41,107426
618,0.001406,172.31.46.0-255,66,82132,41,107426
619,0.001411,172.217.194.0-255,4320,86452,41,107426
620,0.001416,172.31.46.0-255,66,86518,41,107426
621,0.001458,172.31.46.0-255,66,86584,41,107426
622,0.001469,172.217.194.0-255,3602,90186,41,107426
623,0.001472,172.217.194.0-255,1484,91670,41,107426
624,0.001487,172.217.194.0-255,2902,94572,41,107426
625,0.001495,172.31.46.0-255,66,94638,41,107426
626,0.001527,172.217.194.0-255,1484,96122,41,107426
627,0.001531,172.31.46.0-255,66,96188,41,107426
628,0.001558,172.217.194.0-255,1484,97672,41,107426
629,0.001571,172.217.194.0-255,4320,101992,41,107426
630,0.001581,172.31.46.0-255,66,102058,41,107426
631,0.001601,172.217.194.0-255,97,102155,41,107426
632,0.001609,172.31.46.0-255,66,102221,41,107426
633,0.001635,172.217.194.0-255,105,102326,41,107426
634,0.001668,172.217.194.0-255,129,102455,41,107426
635,0.004064,172.31.46.0-255,105,102560,41,107426
636,0.004095,172.31.46.0-255,105,102665,41,107426
637,0.004321,172.31.46.0-255,90,102755,41,107426
638,0.004331,172.31.46.0-255,66,102821,41,107426
639,0.006046,172.217.194.0-255,66,102887,41,107426
640,0.006078,172.217.194.0-255,66,102953,41,107426
641,0.006303,172.217.194.0-255,66,103019,41,107426
642,0.006324,172.217.194.0-255,66,103085,41,107426
643,0.00633,172.31.46.0-255,66,103151,41,107426
644,0.033624,172.31.46.0-255,172,103323,41,107426
645,0.033667,172.31.46.0-255,1115,104438,41,107426
646,0.033727,172.31.46.0-255,1514,105952,41,107426
647,0.03373,172.31.46.0-255,1276,107228,41,107426
648,0.035172,104.244.42.0-255,66,107294,41,107426
649,0.035212,104.244.42.0-255,66,107360,41,107426
650,0.035291,104.244.42.0-255,66,107426,41,107426
651,0.0,172.217.194.0-255,167,167,41,82921
652,2.2e-05,172.31.46.0-255,66,233,41,82921
653,2.8e-05,172.217.194.0-255,1484,1717,41,82921
654,3.3e-05,172.31.46.0-255,66,1783,41,82921
655,4.6e-05,172.217.194.0-255,2902,4685,41,82921
656,4.9e-05,172.31.46.0-255,66,4751,41,82921
657,6e-05,172.31.46.0-255,66,4817,41,82921
658,7.6e-05,172.217.194.0-255,1484,6301,41,82921
659,7.9e-05,172.31.46.0-255,66,6367,41,82921
660,0.000101,172.217.194.0-255,2037,8404,41,82921
661,0.000107,172.31.46.0-255,66,8470,41,82921
662,0.000348,172.217.194.0-255,1484,9954,41,82921
663,0.000354,172.31.46.0-255,66,10020,41,82921
664,0.00036,172.217.194.0-255,2902,12922,41,82921
665,0.000362,172.31.46.0-255,66,12988,41,82921
666,0.000377,172.31.46.0-255,66,13054,41,82921
667,0.000383,172.217.194.0-255,4320,17374,41,82921
668,0.000385,172.31.46.0-255,66,17440,41,82921
669,0.000414,172.217.194.0-255,2543,19983,41,82921
670,0.000417,172.31.46.0-255,66,20049,41,82921
671,0.000431,172.31.46.0-255,66,20115,41,82921
672,0.00046,172.217.194.0-255,1484,21599,41,82921
673,0.000463,172.31.46.0-255,66,21665,41,82921
674,0.000468,172.217.194.0-255,2543,24208,41,82921
675,0.00047,172.31.46.0-255,66,24274,41,82921
676,0.000499,172.31.46.0-255,66,24340,41,82921
677,0.000531,172.31.46.0-255,66,24406,41,82921
678,0.000533,172.217.194.0-255,1416,25822,41,82921
679,0.000948,172.217.194.0-255,364,26186,41,82921
680,0.000953,172.31.46.0-255,66,26252,41,82921
681,0.001032,172.217.194.0-255,1484,27736,41,82921
682,0.001038,172.217.194.0-255,2902,30638,41,82921
683,0.00104,172.31.46.0-255,66,30704,41,82921
684,0.001069,172.31.46.0-255,66,30770,41,82921
685,0.001093,172.217.194.0-255,4320,35090,41,82921
686,0.001096,172.31.46.0-255,66,35156,41,82921
687,0.001125,172.217.194.0-255,2543,37699,41,82921
688,0.001127,172.31.46.0-255,66,37765,41,82921
689,0.001142,172.31.46.0-255,66,37831,41,82921
690,0.001148,172.217.194.0-255,4320,42151,41,82921
691,0.00115,172.31.46.0-255,66,42217,41,82921
692,0.001185,172.31.46.0-255,66,42283,41,82921
693,0.001573,172.217.194.0-255,1484,43767,41,82921
694,0.001582,172.217.194.0-255,2902,46669,41,82921
695,0.001586,172.31.46.0-255,66,46735,41,82921
696,0.001593,172.217.194.0-255,2902,49637,41,82921
697,0.001595,172.31.46.0-255,66,49703,41,82921
698,0.001613,172.217.194.0-255,2902,52605,41,82921
699,0.001615,172.31.46.0-255,66,52671,41,82921
700,0.001622,172.217.194.0-255,4320,56991,41,82921
701,0.001624,172.31.46.0-255,66,57057,41,82921
702,0.001655,172.31.46.0-255,66,57123,41,82921
703,0.001672,172.31.46.0-255,66,57189,41,82921
704,0.001735,172.217.194.0-255,1484,58673,41,82921
705,0.001755,172.217.194.0-255,2902,61575,41,82921
706,0.001758,172.31.46.0-255,66,61641,41,82921
707,0.001767,172.31.46.0-255,66,61707,41,82921
708,0.001795,172.31.46.0-255,66,61773,41,82921
709,0.001827,172.31.46.0-255,66,61839,41,82921
710,0.001836,172.31.46.0-255,66,61905,41,82921
711,0.001866,172.217.194.0-255,5020,66925,41,82921
712,0.001868,172.31.46.0-255,66,66991,41,82921
713,0.002194,172.217.194.0-255,1484,68475,41,82921
714,0.002202,172.217.194.0-255,2902,71377,41,82921
715,0.002208,172.31.46.0-255,66,71443,41,82921
716,0.002254,172.31.46.0-255,66,71509,41,82921
717,0.002274,172.31.46.0-255,66,71575,41,82921
718,0.002287,172.31.46.0-255,66,71641,41,82921
719,0.004631,172.31.46.0-255,66,71707,41,82921
720,0.006965,172.31.46.0-255,66,71773,41,82921
721,0.009313,172.31.46.0-255,66,71839,41,82921
722,0.011677,172.31.46.0-255,66,71905,41,82921
723,0.014032,172.31.46.0-255,66,71971,41,82921
724,0.01642,172.31.46.0-255,66,72037,41,82921
725,0.018805,172.31.46.0-255,66,72103,41,82921
726,0.02117,172.31.46.0-255,66,72169,41,82921
727,0.023545,172.31.46.0-255,66,72235,41,82921
728,0.025921,172.31.46.0-255,66,72301,41,82921
729,0.028257,172.31.46.0-255,66,72367,41,82921
730,0.029366,172.31.46.0-255,172,72539,41,82921
731,0.029399,172.31.46.0-255,1120,73659,41,82921
732,0.029459,172.31.46.0-255,1514,75173,41,82921
733,0.029461,172.31.46.0-255,1514,76687,41,82921
734,0.029466,172.31.46.0-255,1514,78201,41,82921
735,0.029467,172.31.46.0-255,1514,79715,41,82921
736,0.029485,172.31.46.0-255,1514,81229,41,82921
737,0.029487,172.31.46.0-255,1164,82393,41,82921
738,0.0306,172.31.46.0-255,66,82459,41,82921
739,0.030916,104.244.42.0-255,66,82525,41,82921
740,0.030985,104.244.42.0-255,66,82591,41,82921
741,0.031035,104.244.42.0-255,66,82657,41,82921
742,0.031039,104.244.42.0-255,66,82723,41,82921
743,0.032955,172.31.46.0-255,66,82789,41,82921
744,0.035329,172.31.46.0-255,66,82855,41,82921
745,0.03768,172.31.46.0-255,66,82921,41,82921
746,0.0,74.125.200.0-255,146,146,41,100741
747,3.5e-05,172.31.46.0-255,66,212,41,100741
748,4.2e-05,74.125.200.0-255,1484,1696,41,100741
749,4.5e-05,172.31.46.0-255,66,1762,41,100741
750,5.7e-05,74.125.200.0-255,2902,4664,41,100741
751,5.9e-05,172.31.46.0-255,66,4730,41,100741
752,6.4e-05,74.125.200.0-255,2902,7632,41,100741
753,6.6e-05,172.31.46.0-255,66,7698,41,100741
754,7.2e-05,74.125.200.0-255,4320,12018,41,100741
755,7.5e-05,172.31.46.0-255,66,12084,41,100741
756,0.000124,172.31.46.0-255,66,12150,41,100741
757,0.000143,172.31.46.0-255,66,12216,41,100741
758,0.000182,74.125.200.0-255,1484,13700,41,100741
759,0.000186,172.31.46.0-255,66,13766,41,100741
760,0.000189,74.125.200.0-255,1484,15250,41,100741
761,0.000191,172.31.46.0-255,66,15316,41,100741
762,0.000223,74.125.200.0-255,1484,16800,41,100741
763,0.000226,172.31.46.0-255,66,16866,41,100741
764,0.000235,172.31.46.0-255,66,16932,41,100741
765,0.000238,74.125.200.0-255,1484,18416,41,100741
766,0.000245,172.31.46.0-255,66,18482,41,100741
767,0.000287,172.31.46.0-255,66,18548,41,100741
768,0.000299,172.31.46.0-255,66,18614,41,100741
769,0.00033,74.125.200.0-255,3602,22216,41,100741
770,0.000339,172.31.46.0-255,66,22282,41,100741
771,0.000342,74.125.200.0-255,360,22642,41,100741
772,0.000345,172.31.46.0-255,66,22708,41,100741
773,0.000402,74.125.200.0-255,136,22844,41,100741
774,0.000628,74.125.200.0-255,1484,24328,41,100741
775,0.000634,172.31.46.0-255,66,24394,41,100741
776,0.00064,74.125.200.0-255,2902,27296,41,100741
777,0.000643,172.31.46.0-255,66,27362,41,100741
778,0.000648,74.125.200.0-255,2902,30264,41,100741
779,0.00065,172.31.46.0-255,66,30330,41,100741
780,0.000691,74.125.200.0-255,2902,33232,41,100741
781,0.000695,172.31.46.0-255,66,33298,41,100741
782,0.000707,172.31.46.0-255,66,33364,41,100741
783,0.000713,172.31.46.0-255,66,33430,41,100741
784,0.000742,172.31.46.0-255,66,33496,41,100741
785,0.000752,74.125.200.0-255,2184,35680,41,100741
786,0.000754,172.31.46.0-255,66,35746,41,100741
787,0.002191,74.125.200.0-255,1484,37230,41,100741
788,0.002201,74.125.200.0-255,2902,40132,41,100741
789,0.002204,172.31.46.0-255,66,40198,41,100741
790,0.00221,74.125.200.0-255,2902,43100,41,100741
791,0.002212,172.31.46.0-255,66,43166,41,100741
792,0.002239,74.125.200.0-255,2902,46068,41,100741
793,0.002241,172.31.46.0-255,66,46134,41,100741
794,0.00225,74.125.200.0-255,2902,49036,41,100741
795,0.002252,172.31.46.0-255,66,49102,41,100741
796,0.002263,172.31.46.0-255,66,49168,41,100741
797,0.002298,172.31.46.0-255,66,49234,41,100741
798,0.002327,74.125.200.0-255,5020,54254,41,100741
799,0.002329,172.31.46.0-255,66,54320,41,100741
800,0.004742,172.31.46.0-255,66,54386,41,100741
801,0.007153,172.31.46.0-255,66,54452,41,100741
802,0.009565,172.31.46.0-255,66,54518,41,100741
803,0.012007,74.125.200.0-255,2902,57420,41,100741
804,0.012014,172.31.46.0-255,66,57486,41,100741
805,0.012047,74.125.200.0-255,2902,60388,41,100741
806,0.01205,172.31.46.0-255,66,60454,41,100741
807,0.014431,74.125.200.0-255,2902,63356,41,100741
808,0.014439,172.31.46.0-255,66,63422,41,100741
809,0.014463,74.125.200.0-255,1484,64906,41,100741
810,0.014482,74.125.200.0-255,1484,66390,41,100741
811,0.014484,172.31.46.0-255,66,66456,41,100741
812,0.016847,74.125.200.0-255,2902,69358,41,100741
813,0.016858,172.31.46.0-255,66,69424,41,100741
814,0.016932,74.125.200.0-255,2902,72326,41,100741
815,0.016936,172.31.46.0-255,66,72392,41,100741
816,0.019272,74.125.200.0-255,2902,75294,41,100741
817,0.019282,172.31.46.0-255,66,75360,41,100741
818,0.019324,74.125.200.0-255,2902,78262,41,100741
819,0.019328,172.31.46.0-255,66,78328,41,100741
820,0.021684,74.125.200.0-255,2902,81230,41,100741
821,0.021697,172.31.46.0-255,66,81296,41,100741
822,0.021733,74.125.200.0-255,2902,84198,41,100741
823,0.021735,172.31.46.0-255,66,84264,41,100741
824,0.024107,74.125.200.0-255,2902,87166,41,100741
825,0.024115,172.31.46.0-255,66,87232,41,100741
826,0.024152,74.125.200.0-255,2902,90134,41,100741
827,0.024155,172.31.46.0-255,66,90200,41,100741
828,0.026519,74.125.200.0-255,2902,93102,41,100741
829,0.026526,172.31.46.0-255,66,93168,41,100741
830,0.026558,74.125.200.0-255,2902,96070,41,100741
831,0.026561,172.31.46.0-255,66,96136,41,100741
832,0.026983,172.31.46.0-255,172,96308,41,100741
833,0.027014,172.31.46.0-255,1118,97426,41,100741
834,0.027074,172.31.46.0-255,1514,98940,41,100741
835,0.027075,172.31.46.0-255,1273,100213,41,100741
836,0.02867,104.244.42.0-255,66,100279,41,100741
837,0.028684,104.244.42.0-255,66,100345,41,100741
838,0.02878,104.244.42.0-255,66,100411,41,100741
839,0.028972,172.31.46.0-255,66,100477,41,100741
840,0.031413,172.31.46.0-255,66,100543,41,100741
841,0.033831,172.31.46.0-255,66,100609,41,100741
842,0.036258,172.31.46.0-255,66,100675,41,100741
843,0.038673,172.31.46.0-255,66,100741,41,100741
844,0.0,74.125.68.0-255,146,146,41,157521
845,2.4e-05,172.31.46.0-255,66,212,41,157521
846,3.3e-05,74.125.68.0-255,1484,1696,41,157521
847,3.7e-05,172.31.46.0-255,66,1762,41,157521
848,4.3e-05,74.125.68.0-255,2902,4664,41,157521
849,4.7e-05,172.31.46.0-255,66,4730,41,157521
850,5.9e-05,172.31.46.0-255,66,4796,41,157521
851,6.3e-05,74.125.68.0-255,2068,6864,41,157521
852,6.6e-05,172.31.46.0-255,66,6930,41,157521
853,0.000182,74.125.68.0-255,1484,8414,41,157521
854,0.000187,172.31.46.0-255,66,8480,41,157521
855,0.000209,74.125.68.0-255,2902,11382,41,157521
856,0.000213,172.31.46.0-255,66,11448,41,157521
857,0.000218,74.125.68.0-255,4320,15768,41,157521
858,0.000221,172.31.46.0-255,66,15834,41,157521
859,0.000252,74.125.68.0-255,4320,20154,41,157521
860,0.000256,172.31.46.0-255,66,20220,41,157521
861,0.000278,172.31.46.0-255,66,20286,41,157521
862,0.000283,74.125.68.0-255,2902,23188,41,157521
863,0.000284,172.31.46.0-255,66,23254,41,157521
864,0.000317,172.31.46.0-255,66,23320,41,157521
865,0.000329,172.31.46.0-255,66,23386,41,157521
866,0.000357,74.125.68.0-255,2902,26288,41,157521
867,0.00036,172.31.46.0-255,66,26354,41,157521
868,0.000395,172.31.46.0-255,66,26420,41,157521
869,0.000402,74.125.68.0-255,766,27186,41,157521
870,0.000404,172.31.46.0-255,66,27252,41,157521
871,0.000431,74.125.68.0-255,399,27651,41,157521
872,0.000479,74.125.68.0-255,1484,29135,41,157521
873,0.000498,74.125.68.0-255,2902,32037,41,157521
874,0.000512,74.125.68.0-255,1484,33521,41,157521
875,0.000516,74.125.68.0-255,2902,36423,41,157521
876,0.000534,74.125.68.0-255,2902,39325,41,157521
877,0.00058,74.125.68.0-255,1484,40809,41,157521
878,0.000624,74.125.68.0-255,1484,42293,41,157521
879,0.000629,74.125.68.0-255,3602,45895,41,157521
880,0.000646,74.125.68.0-255,347,46242,41,157521
881,0.000695,74.125.68.0-255,1484,47726,41,157521
882,0.00071,74.125.68.0-255,4320,52046,41,157521
883,0.00072,74.125.68.0-255,1484,53530,41,157521
884,0.000738,74.125.68.0-255,4320,57850,41,157521
885,0.000751,74.125.68.0-255,1484,59334,41,157521
886,0.000777,74.125.68.0-255,4320,63654,41,157521
887,0.000833,74.125.68.0-255,766,64420,41,157521
888,0.000848,172.31.46.0-255,66,64486,41,157521
889,0.000991,74.125.68.0-255,1484,65970,41,157521
890,0.001005,74.125.68.0-255,2902,68872,41,157521
891,0.001024,172.31.46.0-255,66,68938,41,157521
892,0.001034,74.125.68.0-255,2902,71840,41,157521
893,0.001051,74.125.68.0-255,4320,76160,41,157521
894,0.001086,172.31.46.0-255,66,76226,41,157521
895,0.001099,74.125.68.0-255,4320,80546,41,157521
896,0.001103,172.31.46.0-255,66,80612,41,157521
897,0.001123,74.125.68.0-255,2184,82796,41,157521
898,0.001135,172.31.46.0-255,66,82862,41,157521
899,0.001151,74.125.68.0-255,2902,85764,41,157521
900,0.001199,172.31.46.0-255,66,85830,41,157521
901,0.001213,74.125.68.0-255,1484,87314,41,157521
902,0.00124,172.31.46.0-255,66,87380,41,157521
903,0.001264,74.125.68.0-255,766,88146,41,157521
904,0.001318,74.125.68.0-255,1484,89630,41,157521
905,0.001323,74.125.68.0-255,2902,92532,41,157521
906,0.00133,172.31.46.0-255,66,92598,41,157521
907,0.001349,74.125.68.0-255,4320,96918,41,157521
908,0.001355,74.125.68.0-255,4320,101238,41,157521
909,0.001374,74.125.68.0-255,4320,105558,41,157521
910,0.001394,74.125.68.0-255,4320,109878,41,157521
911,0.001408,74.125.68.0-255,4320,114198,41,157521
912,0.00141,74.125.68.0-255,766,114964,41,157521
913,0.001415,172.31.46.0-255,66,115030,41,157521
914,0.001573,74.125.68.0-255,1484,116514,41,157521
915,0.00158,74.125.68.0-255,2902,119416,41,157521
916,0.001585,74.125.68.0-255,4320,123736,41,157521
917,0.001606,172.31.46.0-255,66,123802,41,157521
918,0.001635,74.125.68.0-255,4320,128122,41,157521
919,0.00166,172.31.46.0-255,66,128188,41,157521
920,0.001668,74.125.68.0-255,1484,129672,41,157521
921,0.001673,172.31.46.0-255,66,129738,41,157521
922,0.001683,74.125.68.0-255,4320,134058,41,157521
923,0.001709,74.125.68.0-255,766,134824,41,157521
924,0.001717,172.31.46.0-255,66,134890,41,157521
925,0.001792,74.125.68.0-255,1484,136374,41,157521
926,0.001796,74.125.68.0-255,1484,137858,41,157521
927,0.001812,74.125.68.0-255,1484,139342,41,157521
928,0.001859,172.31.46.0-255,66,139408,41,157521
929,0.00187,172.31.46.0-255,66,139474,41,157521
930,0.001881,74.125.68.0-255,4320,143794,41,157521
931,0.001913,172.31.46.0-255,66,143860,41,157521
932,0.001943,172.31.46.0-255,66,143926,41,157521
933,0.00196,74.125.68.0-255,5020,148946,41,157521
934,0.001987,172.31.46.0-255,66,149012,41,157521
935,0.00202,172.31.46.0-255,66,149078,41,157521
936,0.002071,172.31.46.0-255,66,149144,41,157521
937,0.002125,172.31.46.0-255,66,149210,41,157521
938,0.002146,74.125.68.0-255,4320,153530,41,157521
939,0.002157,172.31.46.0-255,66,153596,41,157521
940,0.00224,74.125.68.0-255,766,154362,41,157521
941,0.002252,172.31.46.0-255,66,154428,41,157521
942,0.002262,74.125.68.0-255,1905,156333,41,157521
943,0.002265,74.125.68.0-255,105,156438,41,157521
944,0.00229,172.31.46.0-255,66,156504,41,157521
945,0.010249,172.31.46.0-255,105,156609,41,157521
946,0.012839,74.125.68.0-255,66,156675,41,157521
947,0.025606,172.31.46.0-255,167,156842,41,157521
948,0.02564,172.31.46.0-255,613,157455,41,157521
949,0.027771,104.244.42.0-255,66,157521,41,157521
950,0.0,74.125.24.0-255,291,291,41,98170
951,1.9e-05,172.31.46.0-255,66,357,41,98170
952,2.6e-05,74.125.24.0-255,1484,1841,41,98170
953,3.1e-05,172.31.46.0-255,66,1907,41,98170
954,3.7e-05,74.125.24.0-255,4320,6227,41,98170
955,4.1e-05,172.31.46.0-255,66,6293,41,98170
956,8.6e-05,172.31.46.0-255,66,6359,41,98170
957,0.000115,74.125.24.0-255,1484,7843,41,98170
958,0.000118,172.31.46.0-255,66,7909,41,98170
959,0.000123,74.125.24.0-255,2902,10811,41,98170
960,0.000126,172.31.46.0-255,66,10877,41,98170
961,0.000156,172.31.46.0-255,66,10943,41,98170
962,0.000167,172.31.46.0-255,66,11009,41,98170
963,0.000484,74.125.24.0-255,1484,12493,41,98170
964,0.000489,172.31.46.0-255,66,12559,41,98170
965,0.000496,74.125.24.0-255,2902,15461,41,98170
966,0.000499,172.31.46.0-255,66,15527,41,98170
967,0.000509,74.125.24.0-255,2902,18429,41,98170
968,0.000511,172.31.46.0-255,66,18495,41,98170
969,0.000535,74.125.24.0-255,2902,21397,41,98170
970,0.000538,172.31.46.0-255,66,21463,41,98170
971,0.000541,74.125.24.0-255,1484,22947,41,98170
972,0.000542,172.31.46.0-255,66,23013,41,98170
973,0.000558,172.31.46.0-255,66,23079,41,98170
974,0.000563,74.125.24.0-255,4320,27399,41,98170
975,0.000566,172.31.46.0-255,66,27465,41,98170
976,0.000592,74.125.24.0-255,3961,31426,41,98170
977,0.000595,172.31.46.0-255,66,31492,41,98170
978,0.000598,74.125.24.0-255,358,31850,41,98170
979,0.0006,172.31.46.0-255,66,31916,41,98170
980,0.000623,74.125.24.0-255,385,32301,41,98170
981,0.000731,74.125.24.0-255,1484,33785,41,98170
982,0.000745,74.125.24.0-255,2902,36687,41,98170
983,0.000768,172.31.46.0-255,66,36753,41,98170
984,0.000785,172.31.46.0-255,66,36819,41,98170
985,0.000813,74.125.24.0-255,2543,39362,41,98170
986,0.000843,172.31.46.0-255,66,39428,41,98170
987,0.000852,74.125.24.0-255,4320,43748,41,98170
988,0.000858,172.31.46.0-255,66,43814,41,98170
989,0.000872,74.125.24.0-255,1125,44939,41,98170
990,0.00093,74.125.24.0-255,1484,46423,41,98170
991,0.000937,74.125.24.0-255,2902,49325,41,98170
992,0.000939,74.125.24.0-255,1484,50809,41,98170
993,0.000956,74.125.24.0-255,4320,55129,41,98170
994,0.000969,172.31.46.0-255,66,55195,41,98170
995,0.000975,74.125.24.0-255,4320,59515,41,98170
996,0.000984,172.31.46.0-255,66,59581,41,98170
997,0.001083,74.125.24.0-255,1484,61065,41,98170
998,0.001086,172.31.46.0-255,66,61131,41,98170
999,0.001117,74.125.24.0-255,2902,64033,41,98170
1000,0.001145,172.31.46.0-255,66,64099,41,98170
1001,0.001213,172.31.46.0-255,66,64165,41,98170
1002,0.001782,74.125.24.0-255,1484,65649,41,98170
1003,0.001789,74.125.24.0-255,2902,68551,41,98170
1004,0.001793,172.31.46.0-255,66,68617,41,98170
1005,0.001799,74.125.24.0-255,4320,72937,41,98170
1006,0.001825,74.125.24.0-255,1484,74421,41,98170
1007,0.001852,74.125.24.0-255,1484,75905,41,98170
1008,0.001861,172.31.46.0-255,66,75971,41,98170
1009,0.001925,74.125.24.0-255,2184,78155,41,98170
1010,0.001928,172.31.46.0-255,66,78221,41,98170
1011,0.001932,172.31.46.0-255,66,78287,41,98170
1012,0.001995,172.31.46.0-255,66,78353,41,98170
1013,0.002005,74.125.24.0-255,2184,80537,41,98170
1014,0.002057,74.125.24.0-255,2902,83439,41,98170
1015,0.002079,172.31.46.0-255,66,83505,41,98170
1016,0.002194,74.125.24.0-255,4320,87825,41,98170
1017,0.002207,74.125.24.0-255,1484,89309,41,98170
1018,0.007695,172.31.46.0-255,66,89375,41,98170
1019,0.00994,172.31.46.0-255,66,89441,41,98170
1020,0.012155,172.31.46.0-255,66,89507,41,98170
1021,0.01438,172.31.46.0-255,66,89573,41,98170
1022,0.018415,172.31.46.0-255,66,89639,41,98170
1023,0.02063,172.31.46.0-255,66,89705,41,98170
1024,0.022852,172.31.46.0-255,66,89771,41,98170
1025,0.02509,172.31.46.0-255,66,89837,41,98170
1026,0.027293,172.31.46.0-255,66,89903,41,98170
1027,0.029529,172.31.46.0-255,66,89969,41,98170
1028,0.031783,172.31.46.0-255,66,90035,41,98170
1029,0.032888,172.31.46.0-255,172,90207,41,98170
1030,0.032916,172.31.46.0-255,1119,91326,41,98170
1031,0.03298,172.31.46.0-255,1514,92840,41,98170
1032,0.032982,172.31.46.0-255,1514,94354,41,98170
1033,0.032983,172.31.46.0-255,1514,95868,41,98170
1034,0.032984,172.31.46.0-255,1514,97382,41,98170
1035,0.032985,172.31.46.0-255,524,97906,41,98170
1036,0.034031,172.31.46.0-255,66,97972,41,98170
1037,0.035132,104.244.42.0-255,66,98038,41,98170
1038,0.036275,172.31.46.0-255,66,98104,41,98170
1039,0.03853,172.31.46.0-255,66,98170,41,98170
1040,0.0,172.217.194.0-255,146,146,41,144876
1041,2.4e-05,172.31.46.0-255,66,212,41,144876
1042,3.1e-05,172.217.194.0-255,1484,1696,41,144876
1043,3.6e-05,172.31.46.0-255,66,1762,41,144876
1044,4.2e-05,172.217.194.0-255,2902,4664,41,144876
1045,4.6e-05,172.31.46.0-255,66,4730,41,144876
1046,5.7e-05,172.31.46.0-255,66,4796,41,144876
1047,6e-05,172.217.194.0-255,1484,6280,41,144876
1048,6.3e-05,172.31.46.0-255,66,6346,41,144876
1049,9.3e-05,172.217.194.0-255,2023,8369,41,144876
1050,9.6e-05,172.31.46.0-255,66,8435,41,144876
1051,0.000111,172.31.46.0-255,66,8501,41,144876
1052,0.000116,172.217.194.0-255,2543,11044,41,144876
1053,0.000118,172.31.46.0-255,66,11110,41,144876
1054,0.000158,172.217.194.0-255,1484,12594,41,144876
1055,0.000161,172.31.46.0-255,66,12660,41,144876
1056,0.000165,172.217.194.0-255,1484,14144,41,144876
1057,0.000167,172.31.46.0-255,66,14210,41,144876
1058,0.000181,172.217.194.0-255,1484,15694,41,144876
1059,0.000184,172.31.46.0-255,66,15760,41,144876
1060,0.000194,172.31.46.0-255,66,15826,41,144876
1061,0.000212,172.217.194.0-255,2902,18728,41,144876
1062,0.000214,172.31.46.0-255,66,18794,41,144876
1063,0.000233,172.217.194.0-255,3961,22755,41,144876
1064,0.000236,172.31.46.0-255,66,22821,41,144876
1065,0.000239,172.217.194.0-255,1484,24305,41,144876
1066,0.000241,172.31.46.0-255,66,24371,41,144876
1067,0.000277,172.31.46.0-255,66,24437,41,144876
1068,0.000289,172.31.46.0-255,66,24503,41,144876
1069,0.000515,172.217.194.0-255,646,25149,41,144876
1070,0.000878,172.217.194.0-255,1484,26633,41,144876
1071,0.000884,172.217.194.0-255,2902,29535,41,144876
1072,0.00089,172.31.46.0-255,66,29601,41,144876
1073,0.000895,172.31.46.0-255,66,29667,41,144876
1074,0.000904,172.217.194.0-255,2902,32569,41,144876
1075,0.000907,172.31.46.0-255,66,32635,41,144876
1076,0.000911,172.217.194.0-255,2902,35537,41,144876
1077,0.000915,172.31.46.0-255,66,35603,41,144876
1078,0.00094,172.217.194.0-255,4320,39923,41,144876
1079,0.000944,172.31.46.0-255,66,39989,41,144876
1080,0.000958,172.217.194.0-255,4320,44309,41,144876
1081,0.000961,172.31.46.0-255,66,44375,41,144876
1082,0.000991,172.31.46.0-255,66,44441,41,144876
1083,0.001013,172.217.194.0-255,3602,48043,41,144876
1084,0.001015,172.31.46.0-255,66,48109,41,144876
1085,0.001131,172.31.46.0-255,101,48210,41,144876
1086,0.001141,172.217.194.0-255,1484,49694,41,144876
1087,0.001144,172.217.194.0-255,1484,51178,41,144876
1088,0.001155,172.31.46.0-255,66,51244,41,144876
1089,0.001159,172.217.194.0-255,1484,52728,41,144876
1090,0.001169,172.31.46.0-255,66,52794,41,144876
1091,0.001192,172.217.194.0-255,2902,55696,41,144876
1092,0.001195,172.31.46.0-255,66,55762,41,144876
1093,0.001222,172.31.46.0-255,66,55828,41,144876
1094,0.001225,172.217.194.0-255,1484,57312,41,144876
1095,0.001243,172.217.194.0-255,4320,61632,41,144876
1096,0.001246,172.31.46.0-255,66,61698,41,144876
1097,0.001264,172.217.194.0-255,4471,66169,41,144876
1098,0.001267,172.31.46.0-255,66,66235,41,144876
1099,0.001297,172.217.194.0-255,1484,67719,41,144876
1100,0.001302,172.217.194.0-255,2902,70621,41,144876
1101,0.001305,172.31.46.0-255,66,70687,41,144876
1102,0.001314,172.31.46.0-255,66,70753,41,144876
1103,0.001318,172.217.194.0-255,2902,73655,41,144876
1104,0.001321,172.31.46.0-255,66,73721,41,144876
1105,0.001353,172.31.46.0-255,66,73787,41,144876
1106,0.001358,172.217.194.0-255,2902,76689,41,144876
1107,0.00136,172.31.46.0-255,66,76755,41,144876
1108,0.001401,172.31.46.0-255,66,76821,41,144876
1109,0.001518,172.217.194.0-255,1484,78305,41,144876
1110,0.001524,172.217.194.0-255,2902,81207,41,144876
1111,0.001528,172.31.46.0-255,66,81273,41,144876
1112,0.001552,172.31.46.0-255,66,81339,41,144876
1113,0.001555,172.217.194.0-255,1484,82823,41,144876
1114,0.001674,172.31.46.0-255,66,82889,41,144876
1115,0.00168,172.31.46.0-255,66,82955,41,144876
1116,0.001735,172.31.46.0-255,66,83021,41,144876
1117,0.001807,172.31.46.0-255,66,83087,41,144876
1118,0.001818,172.217.194.0-255,1484,84571,41,144876
1119,0.001821,172.217.194.0-255,1484,86055,41,144876
1120,0.001837,172.217.194.0-255,1484,87539,41,144876
1121,0.00184,172.217.194.0-255,1484,89023,41,144876
1122,0.001851,172.31.46.0-255,66,89089,41,144876
1123,0.001861,172.217.194.0-255,4320,93409,41,144876
1124,0.001875,172.31.46.0-255,66,93475,41,144876
1125,0.001885,172.217.194.0-255,4320,97795,41,144876
1126,0.001912,172.217.194.0-255,2902,100697,41,144876
1127,0.001916,172.217.194.0-255,766,101463,41,144876
1128,0.001926,172.217.194.0-255,1484,102947,41,144876
1129,0.001932,172.31.46.0-255,66,103013,41,144876
1130,0.001942,172.217.194.0-255,4320,107333,41,144876
1131,0.001947,172.31.46.0-255,66,107399,41,144876
1132,0.001957,172.217.194.0-255,4320,111719,41,144876
1133,0.001982,172.217.194.0-255,4320,116039,41,144876
1134,0.001991,172.31.46.0-255,66,116105,41,144876
1135,0.002004,172.217.194.0-255,2902,119007,41,144876
1136,0.002031,172.217.194.0-255,4320,123327,41,144876
1137,0.002038,172.31.46.0-255,66,123393,41,144876
1138,0.002068,172.31.46.0-255,66,123459,41,144876
1139,0.002221,172.217.194.0-255,1484,124943,41,144876
1140,0.002227,172.217.194.0-255,2902,127845,41,144876
1141,0.002232,172.31.46.0-255,66,127911,41,144876
1142,0.00227,172.31.46.0-255,66,127977,41,144876
1143,0.002314,172.31.46.0-255,66,128043,41,144876
1144,0.002406,172.217.194.0-255,3602,131645,41,144876
1145,0.002414,172.31.46.0-255,66,131711,41,144876
1146,0.003419,172.217.194.0-255,66,131777,41,144876
1147,0.004751,172.31.46.0-255,66,131843,41,144876
1148,0.007109,172.31.46.0-255,66,131909,41,144876
1149,0.009439,172.31.46.0-255,66,131975,41,144876
1150,0.011768,172.31.46.0-255,66,132041,41,144876
1151,0.014156,172.31.46.0-255,66,132107,41,144876
1152,0.016506,172.31.46.0-255,66,132173,41,144876
1153,0.018876,172.31.46.0-255,66,132239,41,144876
1154,0.021252,172.217.194.0-255,4248,136487,41,144876
1155,0.021267,172.31.46.0-255,66,136553,41,144876
1156,0.021746,172.31.46.0-255,105,136658,41,144876
1157,0.027988,172.217.194.0-255,66,136724,41,144876
1158,0.032893,172.31.46.0-255,189,136913,41,144876
1159,0.032955,172.31.46.0-255,1119,138032,41,144876
1160,0.033026,172.31.46.0-255,1514,139546,41,144876
1161,0.033028,172.31.46.0-255,1514,141060,41,144876
1162,0.03303,172.31.46.0-255,1514,142574,41,144876
1163,0.033031,172.31.46.0-255,1514,144088,41,144876
1164,0.033032,172.31.46.0-255,524,144612,41,144876
1165,0.034427,104.244.42.0-255,66,144678,41,144876
1166,0.034509,104.244.42.0-255,66,144744,41,144876
1167,0.034592,104.244.42.0-255,66,144810,41,144876
1168,0.034596,104.244.42.0-255,66,144876,41,144876
1169,0.0,74.125.200.0-255,153,153,41,129298
1170,2.4e-05,172.31.46.0-255,66,219,41,129298
1171,3.1e-05,74.125.200.0-255,1484,1703,41,129298
1172,3.6e-05,172.31.46.0-255,66,1769,41,129298
1173,4.1e-05,74.125.200.0-255,2902,4671,41,129298
1174,4.4e-05,172.31.46.0-255,66,4737,41,129298
1175,5.3e-05,172.31.46.0-255,66,4803,41,129298
1176,8e-05,74.125.200.0-255,3482,8285,41,129298
1177,8.3e-05,172.31.46.0-255,66,8351,41,129298
1178,8.9e-05,74.125.200.0-255,4320,12671,41,129298
1179,9.2e-05,172.31.46.0-255,66,12737,41,129298
1180,0.000123,172.31.46.0-255,66,12803,41,129298
1181,0.000127,74.125.200.0-255,2543,15346,41,129298
1182,0.000129,172.31.46.0-255,66,15412,41,129298
1183,0.00019,74.125.200.0-255,1484,16896,41,129298
1184,0.000192,172.31.46.0-255,66,16962,41,129298
1185,0.000213,74.125.200.0-255,2902,19864,41,129298
1186,0.000215,172.31.46.0-255,66,19930,41,129298
1187,0.00022,74.125.200.0-255,2902,22832,41,129298
1188,0.000221,172.31.46.0-255,66,22898,41,129298
1189,0.000234,74.125.200.0-255,1484,24382,41,129298
1190,0.000238,172.31.46.0-255,66,24448,41,129298
1191,0.000254,74.125.200.0-255,2902,27350,41,129298
1192,0.000257,172.31.46.0-255,66,27416,41,129298
1193,0.000268,172.31.46.0-255,66,27482,41,129298
1194,0.00027,74.125.200.0-255,1484,28966,41,129298
1195,0.000272,172.31.46.0-255,66,29032,41,129298
1196,0.000294,74.125.200.0-255,1484,30516,41,129298
1197,0.000296,172.31.46.0-255,66,30582,41,129298
1198,0.000344,172.31.46.0-255,66,30648,41,129298
1199,0.000358,74.125.200.0-255,401,31049,41,129298
1200,0.000389,74.125.200.0-255,109,31158,41,129298
1201,0.000445,74.125.200.0-255,1484,32642,41,129298
1202,0.000449,172.31.46.0-255,66,32708,41,129298
1203,0.000464,74.125.200.0-255,1484,34192,41,129298
1204,0.000477,74.125.200.0-255,1484,35676,41,129298
1205,0.000479,172.31.46.0-255,66,35742,41,129298
1206,0.000482,74.125.200.0-255,1484,37226,41,129298
1207,0.000485,74.125.200.0-255,1484,38710,41,129298
1208,0.000487,172.31.46.0-255,66,38776,41,129298
1209,0.000503,74.125.200.0-255,1484,40260,41,129298
1210,0.000512,172.31.46.0-255,66,40326,41,129298
1211,0.000539,172.31.46.0-255,66,40392,41,129298
1212,0.000559,74.125.200.0-255,4320,44712,41,129298
1213,0.000561,172.31.46.0-255,66,44778,41,129298
1214,0.000587,172.31.46.0-255,66,44844,41,129298
1215,0.001024,74.125.200.0-255,1484,46328,41,129298
1216,0.001032,74.125.200.0-255,2902,49230,41,129298
1217,0.001036,172.31.46.0-255,66,49296,41,129298
1218,0.001054,74.125.200.0-255,4320,53616,41,129298
1219,0.001057,172.31.46.0-255,66,53682,41,129298
1220,0.001074,74.125.200.0-255,1484,55166,41,129298
1221,0.00109,74.125.200.0-255,4320,59486,41,129298
1222,0.001094,172.31.46.0-255,66,59552,41,129298
1223,0.001101,74.125.200.0-255,1484,61036,41,129298
1224,0.001137,74.125.200.0-255,4320,65356,41,129298
1225,0.00114,172.31.46.0-255,66,65422,41,129298
1226,0.001165,172.31.46.0-255,66,65488,41,129298
1227,0.001189,172.31.46.0-255,66,65554,41,129298
1228,0.001204,74.125.200.0-255,2184,67738,41,129298
1229,0.001207,172.31.46.0-255,66,67804,41,129298
1230,0.001325,74.125.200.0-255,1484,69288,41,129298
1231,0.001372,74.125.200.0-255,2902,72190,41,129298
1232,0.001376,172.31.46.0-255,66,72256,41,129298
1233,0.00138,74.125.200.0-255,1484,73740,41,129298
1234,0.001395,74.125.200.0-255,2902,76642,41,129298
1235,0.001397,172.31.46.0-255,66,76708,41,129298
1236,0.001401,74.125.200.0-255,1484,78192,41,129298
1237,0.001419,74.125.200.0-255,4320,82512,41,129298
1238,0.001422,172.31.46.0-255,66,82578,41,129298
1239,0.001458,172.31.46.0-255,66,82644,41,129298
1240,0.001481,74.125.200.0-255,1484,84128,41,129298
1241,0.001495,74.125.200.0-255,2902,87030,41,129298
1242,0.001497,172.31.46.0-255,66,87096,41,129298
1243,0.001538,74.125.200.0-255,3602,90698,41,129298
1244,0.001542,172.31.46.0-255,66,90764,41,129298
1245,0.001732,74.125.200.0-255,1484,92248,41,129298
1246,0.001754,74.125.200.0-255,1484,93732,41,129298
1247,0.001757,172.31.46.0-255,66,93798,41,129298
1248,0.001763,74.125.200.0-255,2902,96700,41,129298
1249,0.001765,172.31.46.0-255,66,96766,41,129298
1250,0.001817,172.31.46.0-255,66,96832,41,129298
1251,0.001823,74.125.200.0-255,2902,99734,41,129298
1252,0.001825,172.31.46.0-255,66,99800,41,129298
1253,0.001836,172.31.46.0-255,66,99866,41,129298
1254,0.001856,74.125.200.0-255,2902,102768,41,129298
1255,0.001859,172.31.46.0-255,66,102834,41,129298
1256,0.001887,172.31.46.0-255,66,102900,41,129298
1257,0.002021,74.125.200.0-255,1484,104384,41,129298
1258,0.002028,74.125.200.0-255,2902,107286,41,129298
1259,0.002031,172.31.46.0-255,66,107352,41,129298
1260,0.002062,74.125.200.0-255,4320,111672,41,129298
1261,0.002066,172.31.46.0-255,66,111738,41,129298
1262,0.002075,172.31.46.0-255,66,111804,41,129298
1263,0.002136,172.31.46.0-255,66,111870,41,129298
1264,0.002146,172.31.46.0-255,66,111936,41,129298
1265,0.002175,74.125.200.0-255,2184,114120,41,129298
1266,0.002178,172.31.46.0-255,66,114186,41,129298
1267,0.002183,74.125.200.0-255,4320,118506,41,129298
1268,0.002185,172.31.46.0-255,66,118572,41,129298
1269,0.002215,172.31.46.0-255,66,118638,41,129298
1270,0.002243,172.31.46.0-255,66,118704,41,129298
1271,0.002252,172.31.46.0-255,66,118770,41,129298
1272,0.002275,74.125.200.0-255,4320,123090,41,129298
1273,0.002278,172.31.46.0-255,66,123156,41,129298
1274,0.002299,74.125.200.0-255,5020,128176,41,129298
1275,0.002301,172.31.46.0-255,66,128242,41,129298
1276,0.004572,172.31.46.0-255,66,128308,41,129298
1277,0.006825,172.31.46.0-255,66,128374,41,129298
1278,0.009079,172.31.46.0-255,66,128440,41,129298
1279,0.011331,172.31.46.0-255,66,128506,41,129298
1280,0.013594,172.31.46.0-255,66,128572,41,129298
1281,0.015854,172.31.46.0-255,66,128638,41,129298
1282,0.018104,172.31.46.0-255,66,128704,41,129298
1283,0.020368,172.31.46.0-255,66,128770,41,129298
1284,0.022634,172.31.46.0-255,66,128836,41,129298
1285,0.024903,172.31.46.0-255,66,128902,41,129298
1286,0.027169,172.31.46.0-255,66,128968,41,129298
1287,0.029429,172.31.46.0-255,66,129034,41,129298
1288,0.031697,172.31.46.0-255,66,129100,41,129298
1289,0.033965,172.31.46.0-255,66,129166,41,129298
1290,0.036251,172.31.46.0-255,66,129232,41,129298
1291,0.038505,172.31.46.0-255,66,129298,41,129298
1292,0.0,74.125.200.0-255,151,151,41,231084
1293,2e-05,172.31.46.0-255,66,217,41,231084
1294,5.9e-05,74.125.200.0-255,1484,1701,41,231084
1295,6.3e-05,172.31.46.0-255,66,1767,41,231084
1296,6.8e-05,74.125.200.0-255,2902,4669,41,231084
1297,7.2e-05,172.31.46.0-255,66,4735,41,231084
1298,7.5e-05,74.125.200.0-255,1484,6219,41,231084
1299,7.7e-05,172.31.46.0-255,66,6285,41,231084
1300,9.6e-05,74.125.200.0-255,4320,10605,41,231084
1301,9.8e-05,172.31.46.0-255,66,10671,41,231084
1302,0.000101,74.125.200.0-255,1484,12155,41,231084
1303,0.000102,172.31.46.0-255,66,12221,41,231084
1304,0.000107,74.125.200.0-255,2041,14262,41,231084
1305,0.000109,172.31.46.0-255,66,14328,41,231084
1306,0.000144,74.125.200.0-255,2902,17230,41,231084
1307,0.000147,172.31.46.0-255,66,17296,41,231084
1308,0.000167,74.125.200.0-255,4320,21616,41,231084
1309,0.00017,172.31.46.0-255,66,21682,41,231084
1310,0.000193,74.125.200.0-255,2902,24584,41,231084
1311,0.000196,172.31.46.0-255,66,24650,41,231084
1312,0.00021,74.125.200.0-255,4320,28970,41,231084
1313,0.000212,172.31.46.0-255,66,29036,41,231084
1314,0.00025,74.125.200.0-255,2543,31579,41,231084
1315,0.000253,172.31.46.0-255,66,31645,41,231084
1316,0.000417,74.125.200.0-255,1484,33129,41,231084
1317,0.000421,172.31.46.0-255,66,33195,41,231084
1318,0.000425,74.125.200.0-255,1484,34679,41,231084
1319,0.000427,172.31.46.0-255,66,34745,41,231084
1320,0.000439,74.125.200.0-255,1484,36229,41,231084
1321,0.000441,172.31.46.0-255,66,36295,41,231084
1322,0.000444,74.125.200.0-255,1484,37779,41,231084
1323,0.000446,172.31.46.0-255,66,37845,41,231084
1324,0.000461,74.125.200.0-255,1484,39329,41,231084
1325,0.000472,74.125.200.0-255,1484,40813,41,231084
1326,0.000474,172.31.46.0-255,66,40879,41,231084
1327,0.000494,74.125.200.0-255,4320,45199,41,231084
1328,0.000497,172.31.46.0-255,66,45265,41,231084
1329,0.000517,74.125.200.0-255,1484,46749,41,231084
1330,0.00052,74.125.200.0-255,1484,48233,41,231084
1331,0.000521,172.31.46.0-255,66,48299,41,231084
1332,0.000526,74.125.200.0-255,2902,51201,41,231084
1333,0.000528,172.31.46.0-255,66,51267,41,231084
1334,0.000545,74.125.200.0-255,1484,52751,41,231084
1335,0.000565,74.125.200.0-255,2902,55653,41,231084
1336,0.000567,172.31.46.0-255,66,55719,41,231084
1337,0.000597,74.125.200.0-255,4320,60039,41,231084
1338,0.0006,172.31.46.0-255,66,60105,41,231084
1339,0.00064,74.125.200.0-255,1484,61589,41,231084
1340,0.000653,74.125.200.0-255,4320,65909,41,231084
1341,0.000655,74.125.200.0-255,766,66675,41,231084
1342,0.000658,172.31.46.0-255,66,66741,41,231084
1343,0.000685,74.125.200.0-255,359,67100,41,231084
1344,0.000738,74.125.200.0-255,130,67230,41,231084
1345,0.000903,74.125.200.0-255,1484,68714,41,231084
1346,0.000907,172.31.46.0-255,66,68780,41,231084
1347,0.00092,74.125.200.0-255,1484,70264,41,231084
1348,0.000935,74.125.200.0-255,1484,71748,41,231084
1349,0.000937,172.31.46.0-255,66,71814,41,231084
1350,0.00094,74.125.200.0-255,1484,73298,41,231084
1351,0.000944,74.125.200.0-255,2902,76200,41,231084
1352,0.000945,172.31.46.0-255,66,76266,41,231084
1353,0.000973,172.31.46.0-255,66,76332,41,231084
1354,0.000977,74.125.200.0-255,2902,79234,41,231084
1355,0.000979,172.31.46.0-255,66,79300,41,231084
1356,0.000997,74.125.200.0-255,1484,80784,41,231084
1357,0.001005,172.31.46.0-255,66,80850,41,231084
1358,0.00105,172.31.46.0-255,66,80916,41,231084
1359,0.001062,74.125.200.0-255,1484,82400,41,231084
1360,0.00108,172.31.46.0-255,66,82466,41,231084
1361,0.001102,74.125.200.0-255,1484,83950,41,231084
1362,0.001107,74.125.200.0-255,4320,88270,41,231084
1363,0.001109,172.31.46.0-255,66,88336,41,231084
1364,0.00112,74.125.200.0-255,1484,89820,41,231084
1365,0.001155,172.31.46.0-255,66,89886,41,231084
1366,0.001172,74.125.200.0-255,3602,93488,41,231084
1367,0.001175,172.31.46.0-255,66,93554,41,231084
1368,0.001199,74.125.200.0-255,2902,96456,41,231084
1369,0.001201,172.31.46.0-255,66,96522,41,231084
1370,0.00124,172.31.46.0-255,66,96588,41,231084
1371,0.001244,74.125.200.0-255,2902,99490,41,231084
1372,0.001245,172.31.46.0-255,66,99556,41,231084
1373,0.001275,172.31.46.0-255,66,99622,41,231084
1374,0.001303,172.31.46.0-255,66,99688,41,231084
1375,0.001343,172.31.46.0-255,66,99754,41,231084
1376,0.001369,172.31.46.0-255,66,99820,41,231084
1377,0.001376,172.31.46.0-255,66,99886,41,231084
1378,0.001381,74.125.200.0-255,3602,103488,41,231084
1379,0.001383,172.31.46.0-255,66,103554,41,231084
1380,0.001385,74.125.200.0-255,351,103905,41,231084
1381,0.001485,74.125.200.0-255,1484,105389,41,231084
1382,0.00149,172.31.46.0-255,66,105455,41,231084
1383,0.001507,74.125.200.0-255,1484,106939,41,231084
1384,0.001521,74.125.200.0-255,2902,109841,41,231084
1385,0.001524,172.31.46.0-255,66,109907,41,231084
1386,0.001528,74.125.200.0-255,2902,112809,41,231084
1387,0.00153,172.31.46.0-255,66,112875,41,231084
1388,0.001543,74.125.200.0-255,2902,115777,41,231084
1389,0.001545,172.31.46.0-255,66,115843,41,231084
1390,0.001549,74.125.200.0-255,2902,118745,41,231084
1391,0.001551,172.31.46.0-255,66,118811,41,231084
1392,0.001576,74.125.200.0-255,4320,123131,41,231084
1393,0.001579,172.31.46.0-255,66,123197,41,231084
1394,0.001601,74.125.200.0-255,1484,124681,41,231084
1395,0.001619,74.125.200.0-255,2902,127583,41,231084
1396,0.001622,172.31.46.0-255,66,127649,41,231084
1397,0.00165,74.125.200.0-255,2902,130551,41,231084
1398,0.001653,172.31.46.0-255,66,130617,41,231084
1399,0.001675,74.125.200.0-255,2902,133519,41,231084
1400,0.001677,172.31.46.0-255,66,133585,41,231084
1401,0.00168,74.125.200.0-255,1484,135069,41,231084
1402,0.001696,74.125.200.0-255,1484,136553,41,231084
1403,0.001699,172.31.46.0-255,66,136619,41,231084
1404,0.001715,74.125.200.0-255,1635,138254,41,231084
1405,0.001717,172.31.46.0-255,66,138320,41,231084
1406,0.001997,74.125.200.0-255,1484,139804,41,231084
1407,0.002002,74.125.200.0-255,1484,141288,41,231084
1408,0.002006,172.31.46.0-255,66,141354,41,231084
1409,0.002036,74.125.200.0-255,1484,142838,41,231084
1410,0.002052,74.125.200.0-255,1484,144322,41,231084
1411,0.002055,172.31.46.0-255,66,144388,41,231084
1412,0.002059,74.125.200.0-255,2902,147290,41,231084
1413,0.002062,172.31.46.0-255,66,147356,41,231084
1414,0.002074,74.125.200.0-255,2902,150258,41,231084
1415,0.002081,172.31.46.0-255,66,150324,41,231084
1416,0.002096,74.125.200.0-255,4320,154644,41,231084
1417,0.002099,172.31.46.0-255,66,154710,41,231084
1418,0.002114,74.125.200.0-255,2543,157253,41,231084
1419,0.002116,172.31.46.0-255,66,157319,41,231084
1420,0.002121,74.125.200.0-255,4320,161639,41,231084
1421,0.002123,172.31.46.0-255,66,161705,41,231084
1422,0.002126,74.125.200.0-255,1484,163189,41,231084
1423,0.002149,74.125.200.0-255,4320,167509,41,231084
1424,0.002151,172.31.46.0-255,66,167575,41,231084
1425,0.002164,74.125.200.0-255,4320,171895,41,231084
1426,0.002166,172.31.46.0-255,66,171961,41,231084
1427,0.00219,172.31.46.0-255,66,172027,41,231084
1428,0.002195,74.125.200.0-255,4320,176347,41,231084
1429,0.002197,172.31.46.0-255,66,176413,41,231084
1430,0.002221,74.125.200.0-255,4320,180733,41,231084
1431,0.002223,172.31.46.0-255,66,180799,41,231084
1432,0.002242,74.125.200.0-255,2184,182983,41,231084
1433,0.002245,172.31.46.0-255,66,183049,41,231084
1434,0.002324,74.125.200.0-255,1484,184533,41,231084
1435,0.00234,74.125.200.0-255,2902,187435,41,231084
1436,0.002343,172.31.46.0-255,66,187501,41,231084
1437,0.002365,172.31.46.0-255,66,187567,41,231084
1438,0.002369,74.125.200.0-255,2902,190469,41,231084
1439,0.002371,172.31.46.0-255,66,190535,41,231084
1440,0.00239,74.125.200.0-255,1484,192019,41,231084
1441,0.002419,172.31.46.0-255,66,192085,41,231084
1442,0.002429,172.31.46.0-255,66,192151,41,231084
1443,0.002439,74.125.200.0-255,766,192917,41,231084
1444,0.002451,74.125.200.0-255,2902,195819,41,231084
1445,0.002453,172.31.46.0-255,66,195885,41,231084
1446,0.00248,172.31.46.0-255,66,195951,41,231084
1447,0.002484,74.125.200.0-255,2902,198853,41,231084
1448,0.002486,172.31.46.0-255,66,198919,41,231084
1449,0.002491,74.125.200.0-255,4320,203239,41,231084
1450,0.002493,172.31.46.0-255,66,203305,41,231084
1451,0.002503,74.125.200.0-255,1484,204789,41,231084
1452,0.002522,172.31.46.0-255,66,204855,41,231084
1453,0.002526,74.125.200.0-255,4320,209175,41,231084
1454,0.002528,172.31.46.0-255,66,209241,41,231084
1455,0.002552,74.125.200.0-255,5020,214261,41,231084
1456,0.002553,172.31.46.0-255,66,214327,41,231084
1457,0.00257,74.125.200.0-255,2902,217229,41,231084
1458,0.002572,172.31.46.0-255,66,217295,41,231084
1459,0.002583,74.125.200.0-255,1484,218779,41,231084
1460,0.002587,74.125.200.0-255,2902,221681,41,231084
1461,0.002589,172.31.46.0-255,66,221747,41,231084
1462,0.002609,74.125.200.0-255,2902,224649,41,231084
1463,0.002611,172.31.46.0-255,66,224715,41,231084
1464,0.002663,172.31.46.0-255,66,224781,41,231084
1465,0.00267,172.31.46.0-255,66,224847,41,231084
1466,0.002694,172.31.46.0-255,66,224913,41,231084
1467,0.002701,172.31.46.0-255,66,224979,41,231084
1468,0.002731,172.31.46.0-255,66,225045,41,231084
1469,0.002752,172.31.46.0-255,66,225111,41,231084
1470,0.002775,74.125.200.0-255,3623,228734,41,231084
1471,0.002777,172.31.46.0-255,66,228800,41,231084
1472,0.00278,74.125.200.0-255,97,228897,41,231084
1473,0.005428,74.125.200.0-255,105,229002,41,231084
1474,0.008139,172.31.46.0-255,66,229068,41,231084
1475,0.008176,172.31.46.0-255,105,229173,41,231084
1476,0.010842,74.125.200.0-255,66,229239,41,231084
1477,0.03942,172.31.46.0-255,172,229411,41,231084
1478,0.039472,172.31.46.0-255,1118,230529,41,231084
1479,0.039528,172.31.46.0-255,555,231084,41,231084
1480,0.0,74.125.24.0-255,150,150,41,81694
1481,2.3e-05,172.31.46.0-255,66,216,41,81694
1482,3e-05,74.125.24.0-255,1484,1700,41,81694
1483,3.4e-05,172.31.46.0-255,66,1766,41,81694
1484,4e-05,74.125.24.0-255,2902,4668,41,81694
1485,4.4e-05,172.31.46.0-255,66,4734,41,81694
1486,6.2e-05,172.31.46.0-255,66,4800,41,81694
1487,7.1e-05,172.31.46.0-255,66,4866,41,81694
1488,0.000113,172.31.46.0-255,66,4932,41,81694
1489,0.000127,172.31.46.0-255,66,4998,41,81694
1490,0.00057,74.125.24.0-255,1484,6482,41,81694
1491,0.000577,172.31.46.0-255,66,6548,41,81694
1492,0.000583,74.125.24.0-255,2902,9450,41,81694
1493,0.000585,172.31.46.0-255,66,9516,41,81694
1494,0.000601,172.31.46.0-255,66,9582,41,81694
1495,0.000603,74.125.24.0-255,1484,11066,41,81694
1496,0.000606,172.31.46.0-255,66,11132,41,81694
1497,0.000648,172.31.46.0-255,66,11198,41,81694
1498,0.000652,74.125.24.0-255,1484,12682,41,81694
1499,0.000654,172.31.46.0-255,66,12748,41,81694
1500,0.000694,172.31.46.0-255,66,12814,41,81694
1501,0.000772,74.125.24.0-255,134,12948,41,81694
1502,0.000776,172.31.46.0-255,66,13014,41,81694
1503,0.001455,74.125.24.0-255,1484,14498,41,81694
1504,0.001462,172.31.46.0-255,66,14564,41,81694
1505,0.001471,74.125.24.0-255,2902,17466,41,81694
1506,0.001534,74.125.24.0-255,4320,21786,41,81694
1507,0.00156,74.125.24.0-255,2184,23970,41,81694
1508,0.001598,74.125.24.0-255,3184,27154,41,81694
1509,0.001621,74.125.24.0-255,4320,31474,41,81694
1510,0.001626,74.125.24.0-255,2902,34376,41,81694
1511,0.002404,74.125.24.0-255,1484,35860,41,81694
1512,0.00241,74.125.24.0-255,1484,37344,41,81694
1513,0.002428,74.125.24.0-255,1484,38828,41,81694
1514,0.002438,74.125.24.0-255,1484,40312,41,81694
1515,0.002491,74.125.24.0-255,766,41078,41,81694
1516,0.002789,74.125.24.0-255,1484,42562,41,81694
1517,0.002803,74.125.24.0-255,2902,45464,41,81694
1518,0.002842,74.125.24.0-255,4320,49784,41,81694
1519,0.002882,74.125.24.0-255,2902,52686,41,81694
1520,0.002912,74.125.24.0-255,4320,57006,41,81694
1521,0.003001,74.125.24.0-255,1484,58490,41,81694
1522,0.003111,74.125.24.0-255,4320,62810,41,81694
1523,0.003177,74.125.24.0-255,1484,64294,41,81694
1524,0.003243,74.125.24.0-255,4320,68614,41,81694
1525,0.00329,74.125.24.0-255,4320,72934,41,81694
1526,0.003334,74.125.24.0-255,1484,74418,41,81694
1527,0.003364,74.125.24.0-255,5042,79460,41,81694
1528,0.003367,74.125.24.0-255,105,79565,41,81694
1529,0.003425,74.125.24.0-255,129,79694,41,81694
1530,0.003744,172.31.46.0-255,66,79760,41,81694
1531,0.006295,172.31.46.0-255,105,79865,41,81694
1532,0.006335,172.31.46.0-255,105,79970,41,81694
1533,0.008465,74.125.24.0-255,66,80036,41,81694
1534,0.008499,74.125.24.0-255,66,80102,41,81694
1535,0.011536,172.31.46.0-255,90,80192,41,81694
1536,0.011548,172.31.46.0-255,66,80258,41,81694
1537,0.013754,74.125.24.0-255,66,80324,41,81694
1538,0.013773,74.125.24.0-255,66,80390,41,81694
1539,0.01378,172.31.46.0-255,66,80456,41,81694
1540,0.038442,172.31.46.0-255,172,80628,41,81694
1541,0.038481,172.31.46.0-255,1066,81694,41,81694
1542,0.0,74.125.24.0-255,153,153,41,153927
1543,1.8e-05,172.31.46.0-255,66,219,41,153927
1544,2.4e-05,74.125.24.0-255,1484,1703,41,153927
1545,2.8e-05,172.31.46.0-255,66,1769,41,153927
1546,3.5e-05,74.125.24.0-255,2902,4671,41,153927
1547,3.9e-05,172.31.46.0-255,66,4737,41,153927
1548,5e-05,172.31.46.0-255,66,4803,41,153927
1549,7.1e-05,74.125.24.0-255,3509,8312,41,153927
1550,7.4e-05,172.31.46.0-255,66,8378,41,153927
1551,8.9e-05,74.125.24.0-255,2902,11280,41,153927
1552,9.2e-05,172.31.46.0-255,66,11346,41,153927
1553,0.000117,172.31.46.0-255,66,11412,41,153927
1554,0.000139,74.125.24.0-255,4320,15732,41,153927
1555,0.000142,172.31.46.0-255,66,15798,41,153927
1556,0.000147,74.125.24.0-255,2543,18341,41,153927
1557,0.000149,172.31.46.0-255,66,18407,41,153927
1558,0.000552,74.125.24.0-255,1484,19891,41,153927
1559,0.000557,172.31.46.0-255,66,19957,41,153927
1560,0.000564,74.125.24.0-255,2902,22859,41,153927
1561,0.000566,172.31.46.0-255,66,22925,41,153927
1562,0.000616,74.125.24.0-255,4320,27245,41,153927
1563,0.000619,172.31.46.0-255,66,27311,41,153927
1564,0.000631,74.125.24.0-255,1484,28795,41,153927
1565,0.000633,172.31.46.0-255,66,28861,41,153927
1566,0.000648,74.125.24.0-255,4320,33181,41,153927
1567,0.00065,172.31.46.0-255,66,33247,41,153927
1568,0.000685,172.31.46.0-255,66,33313,41,153927
1569,0.000713,74.125.24.0-255,2902,36215,41,153927
1570,0.000716,172.31.46.0-255,66,36281,41,153927
1571,0.000741,172.31.46.0-255,66,36347,41,153927
1572,0.000743,74.125.24.0-255,108,36455,41,153927
1573,0.000789,74.125.24.0-255,1484,37939,41,153927
1574,0.000792,172.31.46.0-255,66,38005,41,153927
1575,0.000798,74.125.24.0-255,2902,40907,41,153927
1576,0.0008,172.31.46.0-255,66,40973,41,153927
1577,0.000808,172.31.46.0-255,66,41039,41,153927
1578,0.00081,74.125.24.0-255,1484,42523,41,153927
1579,0.000846,172.31.46.0-255,66,42589,41,153927
1580,0.000876,74.125.24.0-255,2902,45491,41,153927
1581,0.000878,172.31.46.0-255,66,45557,41,153927
1582,0.00091,172.31.46.0-255,66,45623,41,153927
1583,0.000913,74.125.24.0-255,2902,48525,41,153927
1584,0.000915,172.31.46.0-255,66,48591,41,153927
1585,0.000919,74.125.24.0-255,4320,52911,41,153927
1586,0.000921,172.31.46.0-255,66,52977,41,153927
1587,0.000971,172.31.46.0-255,66,53043,41,153927
1588,0.000974,74.125.24.0-255,1125,54168,41,153927
1589,0.001311,74.125.24.0-255,1484,55652,41,153927
1590,0.001316,172.31.46.0-255,66,55718,41,153927
1591,0.001322,74.125.24.0-255,2902,58620,41,153927
1592,0.001324,172.31.46.0-255,66,58686,41,153927
1593,0.001339,74.125.24.0-255,4320,63006,41,153927
1594,0.001341,172.31.46.0-255,66,63072,41,153927
1595,0.001361,74.125.24.0-255,1484,64556,41,153927
1596,0.001373,172.31.46.0-255,66,64622,41,153927
1597,0.00141,74.125.24.0-255,4320,68942,41,153927
1598,0.001412,172.31.46.0-255,66,69008,41,153927
1599,0.001436,172.31.46.0-255,66,69074,41,153927
1600,0.001949,74.125.24.0-255,1484,70558,41,153927
1601,0.001955,74.125.24.0-255,2902,73460,41,153927
1602,0.00196,172.31.46.0-255,66,73526,41,153927
1603,0.001963,74.125.24.0-255,1484,75010,41,153927
1604,0.001981,74.125.24.0-255,2902,77912,41,153927
1605,0.001983,172.31.46.0-255,66,77978,41,153927
1606,0.002001,74.125.24.0-255,1484,79462,41,153927
1607,0.002005,74.125.24.0-255,2902,82364,41,153927
1608,0.002007,172.31.46.0-255,66,82430,41,153927
1609,0.002024,74.125.24.0-255,2902,85332,41,153927
1610,0.002026,172.31.46.0-255,66,85398,41,153927
1611,0.002047,74.125.24.0-255,1484,86882,41,153927
1612,0.00206,172.31.46.0-255,66,86948,41,153927
1613,0.002064,74.125.24.0-255,2184,89132,41,153927
1614,0.002066,172.31.46.0-255,66,89198,41,153927
1615,0.002264,74.125.24.0-255,1484,90682,41,153927
1616,0.002274,74.125.24.0-255,1484,92166,41,153927
1617,0.002276,172.31.46.0-255,66,92232,41,153927
1618,0.002293,74.125.24.0-255,1484,93716,41,153927
1619,0.0023,172.31.46.0-255,66,93782,41,153927
1620,0.002303,74.125.24.0-255,1484,95266,41,153927
1621,0.002323,172.31.46.0-255,66,95332,41,153927
1622,0.00234,74.125.24.0-255,2902,98234,41,153927
1623,0.002341,172.31.46.0-255,66,98300,41,153927
1624,0.002358,74.125.24.0-255,2902,101202,41,153927
1625,0.00236,172.31.46.0-255,66,101268,41,153927
1626,0.00239,172.31.46.0-255,66,101334,41,153927
1627,0.002453,74.125.24.0-255,1484,102818,41,153927
1628,0.002467,74.125.24.0-255,2902,105720,41,153927
1629,0.00247,172.31.46.0-255,66,105786,41,153927
1630,0.002477,172.31.46.0-255,66,105852,41,153927
1631,0.002495,74.125.24.0-255,2902,108754,41,153927
1632,0.002497,172.31.46.0-255,66,108820,41,153927
1633,0.002519,172.31.46.0-255,66,108886,41,153927
1634,0.002522,74.125.24.0-255,1484,110370,41,153927
1635,0.002553,172.31.46.0-255,66,110436,41,153927
1636,0.002585,74.125.24.0-255,1484,111920,41,153927
1637,0.002588,74.125.24.0-255,1484,113404,41,153927
1638,0.00259,172.31.46.0-255,66,113470,41,153927
1639,0.002606,74.125.24.0-255,1484,114954,41,153927
1640,0.002609,74.125.24.0-255,1484,116438,41,153927
1641,0.00261,172.31.46.0-255,66,116504,41,153927
1642,0.00263,74.125.24.0-255,4320,120824,41,153927
1643,0.002632,172.31.46.0-255,66,120890,41,153927
1644,0.002637,74.125.24.0-255,4320,125210,41,153927
1645,0.002639,172.31.46.0-255,66,125276,41,153927
1646,0.002658,172.31.46.0-255,66,125342,41,153927
1647,0.00268,172.31.46.0-255,66,125408,41,153927
1648,0.002698,74.125.24.0-255,3602,129010,41,153927
1649,0.0027,172.31.46.0-255,66,129076,41,153927
1650,0.002777,74.125.24.0-255,1484,130560,41,153927
1651,0.002793,74.125.24.0-255,2902,133462,41,153927
1652,0.002795,172.31.46.0-255,66,133528,41,153927
1653,0.002802,172.31.46.0-255,66,133594,41,153927
1654,0.002821,74.125.24.0-255,2902,136496,41,153927
1655,0.002823,172.31.46.0-255,66,136562,41,153927
1656,0.002846,172.31.46.0-255,66,136628,41,153927
1657,0.002869,74.125.24.0-255,1484,138112,41,153927
1658,0.002893,172.31.46.0-255,66,138178,41,153927
1659,0.00291,74.125.24.0-255,2902,141080,41,153927
1660,0.002912,172.31.46.0-255,66,141146,41,153927
1661,0.00296,74.125.24.0-255,2902,144048,41,153927
1662,0.002962,172.31.46.0-255,66,144114,41,153927
1663,0.002996,172.31.46.0-255,66,144180,41,153927
1664,0.003005,172.31.46.0-255,66,144246,41,153927
1665,0.003019,172.31.46.0-255,66,144312,41,153927
1666,0.003054,172.31.46.0-255,66,144378,41,153927
1667,0.003067,172.31.46.0-255,66,144444,41,153927
1668,0.003086,172.31.46.0-255,66,144510,41,153927
1669,0.003088,74.125.24.0-255,105,144615,41,153927
1670,0.00708,172.31.46.0-255,66,144681,41,153927
1671,0.007113,172.31.46.0-255,105,144786,41,153927
1672,0.009573,74.125.24.0-255,66,144852,41,153927
1673,0.030738,172.31.46.0-255,172,145024,41,153927
1674,0.030769,172.31.46.0-255,1119,146143,41,153927
1675,0.030835,172.31.46.0-255,1514,147657,41,153927
1676,0.030837,172.31.46.0-255,1514,149171,41,153927
1677,0.030843,172.31.46.0-255,1514,150685,41,153927
1678,0.030844,172.31.46.0-255,1514,152199,41,153927
1679,0.030873,172.31.46.0-255,1464,153663,41,153927
1680,0.032302,104.244.42.0-255,66,153729,41,153927
1681,0.032328,104.244.42.0-255,66,153795,41,153927
1682,0.032388,104.244.42.0-255,66,153861,41,153927
1683,0.032439,104.244.42.0-255,66,153927,41,153927
1684,0.0,74.125.24.0-255,152,152,41,33082
1685,2.3e-05,172.31.46.0-255,66,218,41,33082
1686,5.7e-05,74.125.24.0-255,1484,1702,41,33082
1687,6.2e-05,172.31.46.0-255,66,1768,41,33082
1688,6.6e-05,74.125.24.0-255,1484,3252,41,33082
1689,7e-05,172.31.46.0-255,66,3318,41,33082
1690,0.000102,74.125.24.0-255,1484,4802,41,33082
1691,0.000105,172.31.46.0-255,66,4868,41,33082
1692,0.00012,172.31.46.0-255,66,4934,41,33082
1693,0.00016,74.125.24.0-255,2902,7836,41,33082
1694,0.000162,172.31.46.0-255,66,7902,41,33082
1695,0.000217,172.31.46.0-255,66,7968,41,33082
1696,0.000335,74.125.24.0-255,2902,10870,41,33082
1697,0.00034,172.31.46.0-255,66,10936,41,33082
1698,0.000358,74.125.24.0-255,2902,13838,41,33082
1699,0.00036,172.31.46.0-255,66,13904,41,33082
1700,0.000413,74.125.24.0-255,1125,15029,41,33082
1701,0.000417,172.31.46.0-255,66,15095,41,33082
1702,0.00042,74.125.24.0-255,1484,16579,41,33082
1703,0.000422,172.31.46.0-255,66,16645,41,33082
1704,0.000467,172.31.46.0-255,66,16711,41,33082
1705,0.000538,74.125.24.0-255,2902,19613,41,33082
1706,0.000542,172.31.46.0-255,66,19679,41,33082
1707,0.000572,172.31.46.0-255,66,19745,41,33082
1708,0.000799,172.31.46.0-255,66,19811,41,33082
1709,0.000846,74.125.24.0-255,137,19948,41,33082
1710,0.000849,172.31.46.0-255,66,20014,41,33082
1711,0.000884,172.31.46.0-255,66,20080,41,33082
1712,0.000931,172.31.46.0-255,66,20146,41,33082
1713,0.001073,172.31.46.0-255,66,20212,41,33082
1714,0.001117,172.31.46.0-255,66,20278,41,33082
1715,0.001368,172.31.46.0-255,66,20344,41,33082
1716,0.001414,172.31.46.0-255,66,20410,41,33082
1717,0.001591,172.31.46.0-255,66,20476,41,33082
1718,0.001635,172.31.46.0-255,66,20542,41,33082
1719,0.001779,172.31.46.0-255,66,20608,41,33082
1720,0.001834,172.31.46.0-255,66,20674,41,33082
1721,0.002207,74.125.24.0-255,4320,24994,41,33082
1722,0.002212,172.31.46.0-255,66,25060,41,33082
1723,0.002289,172.31.46.0-255,66,25126,41,33082
1724,0.002662,172.31.46.0-255,66,25192,41,33082
1725,0.002727,74.125.24.0-255,4320,29512,41,33082
1726,0.002739,172.31.46.0-255,66,29578,41,33082
1727,0.002771,172.31.46.0-255,66,29644,41,33082
1728,0.002809,172.31.46.0-255,66,29710,41,33082
1729,0.003095,74.125.24.0-255,1484,31194,41,33082
1730,0.007351,172.31.46.0-255,66,31260,41,33082
1731,0.009793,172.31.46.0-255,66,31326,41,33082
1732,0.012176,172.31.46.0-255,66,31392,41,33082
1733,0.014549,172.31.46.0-255,66,31458,41,33082
1734,0.016931,172.31.46.0-255,66,31524,41,33082
1735,0.021381,172.31.46.0-255,66,31590,41,33082
1736,0.023748,172.31.46.0-255,66,31656,41,33082
1737,0.026096,172.31.46.0-255,66,31722,41,33082
1738,0.028465,172.31.46.0-255,66,31788,41,33082
1739,0.030875,172.31.46.0-255,66,31854,41,33082
1740,0.033246,74.125.24.0-255,991,32845,41,33082
1741,0.03339,172.31.46.0-255,66,32911,41,33082
1742,0.033432,172.31.46.0-255,105,33016,41,33082
1743,0.035763,74.125.24.0-255,66,33082,41,33082
1744,0.0,74.125.24.0-255,153,153,41,62085
1745,2.4e-05,172.31.46.0-255,66,219,41,62085
1746,3.1e-05,74.125.24.0-255,1484,1703,41,62085
1747,3.5e-05,172.31.46.0-255,66,1769,41,62085
1748,4.7e-05,74.125.24.0-255,2902,4671,41,62085
1749,5e-05,172.31.46.0-255,66,4737,41,62085
1750,5.5e-05,74.125.24.0-255,2902,7639,41,62085
1751,5.8e-05,172.31.46.0-255,66,7705,41,62085
1752,7e-05,172.31.46.0-255,66,7771,41,62085
1753,8.9e-05,74.125.24.0-255,2029,9800,41,62085
1754,9.6e-05,172.31.46.0-255,66,9866,41,62085
1755,0.000111,172.31.46.0-255,66,9932,41,62085
1756,0.000192,74.125.24.0-255,1484,11416,41,62085
1757,0.000195,172.31.46.0-255,66,11482,41,62085
1758,0.0002,74.125.24.0-255,1484,12966,41,62085
1759,0.000202,172.31.46.0-255,66,13032,41,62085
1760,0.00022,74.125.24.0-255,1484,14516,41,62085
1761,0.000222,172.31.46.0-255,66,14582,41,62085
1762,0.000231,172.31.46.0-255,66,14648,41,62085
1763,0.000237,74.125.24.0-255,4320,18968,41,62085
1764,0.00024,172.31.46.0-255,66,19034,41,62085
1765,0.00028,74.125.24.0-255,2543,21577,41,62085
1766,0.000283,172.31.46.0-255,66,21643,41,62085
1767,0.000702,74.125.24.0-255,1484,23127,41,62085
1768,0.000707,74.125.24.0-255,1484,24611,41,62085
1769,0.000712,172.31.46.0-255,66,24677,41,62085
1770,0.000716,172.31.46.0-255,66,24743,41,62085
1771,0.00073,74.125.24.0-255,1484,26227,41,62085
1772,0.000732,172.31.46.0-255,66,26293,41,62085
1773,0.000741,172.31.46.0-255,66,26359,41,62085
1774,0.000751,172.31.46.0-255,66,26425,41,62085
1775,0.000772,74.125.24.0-255,1125,27550,41,62085
1776,0.000785,172.31.46.0-255,66,27616,41,62085
1777,0.000822,172.31.46.0-255,66,27682,41,62085
1778,0.000826,74.125.24.0-255,2543,30225,41,62085
1779,0.000828,172.31.46.0-255,66,30291,41,62085
1780,0.000831,74.125.24.0-255,646,30937,41,62085
1781,0.00128,172.31.46.0-255,66,31003,41,62085
1782,0.001329,74.125.24.0-255,1484,32487,41,62085
1783,0.001335,74.125.24.0-255,2902,35389,41,62085
1784,0.001338,172.31.46.0-255,66,35455,41,62085
1785,0.001369,172.31.46.0-255,66,35521,41,62085
1786,0.00138,74.125.24.0-255,2902,38423,41,62085
1787,0.001382,172.31.46.0-255,66,38489,41,62085
1788,0.001412,172.31.46.0-255,66,38555,41,62085
1789,0.001457,172.31.46.0-255,66,38621,41,62085
1790,0.00148,74.125.24.0-255,766,39387,41,62085
1791,0.001723,172.31.46.0-255,66,39453,41,62085
1792,0.002144,74.125.24.0-255,1484,40937,41,62085
1793,0.002155,74.125.24.0-255,2902,43839,41,62085
1794,0.002159,172.31.46.0-255,66,43905,41,62085
1795,0.002169,172.31.46.0-255,66,43971,41,62085
1796,0.002198,172.31.46.0-255,66,44037,41,62085
1797,0.002275,74.125.24.0-255,1484,45521,41,62085
1798,0.002281,74.125.24.0-255,2902,48423,41,62085
1799,0.002284,172.31.46.0-255,66,48489,41,62085
1800,0.002314,172.31.46.0-255,66,48555,41,62085
1801,0.002324,172.31.46.0-255,66,48621,41,62085
1802,0.002361,172.31.46.0-255,66,48687,41,62085
1803,0.002372,172.31.46.0-255,66,48753,41,62085
1804,0.002399,74.125.24.0-255,2184,50937,41,62085
1805,0.002402,172.31.46.0-255,66,51003,41,62085
1806,0.004993,172.31.46.0-255,66,51069,41,62085
1807,0.007615,172.31.46.0-255,66,51135,41,62085
1808,0.010213,172.31.46.0-255,66,51201,41,62085
1809,0.01283,172.31.46.0-255,66,51267,41,62085
1810,0.015437,172.31.46.0-255,66,51333,41,62085
1811,0.018018,172.31.46.0-255,66,51399,41,62085
1812,0.020626,172.31.46.0-255,66,51465,41,62085
1813,0.023245,172.31.46.0-255,66,51531,41,62085
1814,0.025844,172.31.46.0-255,66,51597,41,62085
1815,0.028452,172.31.46.0-255,66,51663,41,62085
1816,0.031067,172.31.46.0-255,66,51729,41,62085
1817,0.033676,172.31.46.0-255,66,51795,41,62085
1818,0.036278,172.31.46.0-255,66,51861,41,62085
1819,0.038366,172.31.46.0-255,172,52033,41,62085
1820,0.038394,172.31.46.0-255,1120,53153,41,62085
1821,0.038446,172.31.46.0-255,1514,54667,41,62085
1822,0.038448,172.31.46.0-255,1514,56181,41,62085
1823,0.038449,172.31.46.0-255,1514,57695,41,62085
1824,0.03845,172.31.46.0-255,1514,59209,41,62085
1825,0.038484,172.31.46.0-255,1514,60723,41,62085
1826,0.038486,172.31.46.0-255,1164,61887,41,62085
1827,0.038879,172.31.46.0-255,66,61953,41,62085
1828,0.03993,104.244.42.0-255,66,62019,41,62085
1829,0.039979,104.244.42.0-255,66,62085,41,62085
1830,0.0,74.125.200.0-255,150,150,41,170666
1831,2.5e-05,172.31.46.0-255,66,216,41,170666
1832,3.1e-05,74.125.200.0-255,1484,1700,41,170666
1833,3.7e-05,172.31.46.0-255,66,1766,41,170666
1834,5.1e-05,74.125.200.0-255,2902,4668,41,170666
1835,5.5e-05,172.31.46.0-255,66,4734,41,170666
1836,9.3e-05,172.31.46.0-255,66,4800,41,170666
1837,9.6e-05,74.125.200.0-255,1484,6284,41,170666
1838,9.8e-05,172.31.46.0-255,66,6350,41,170666
1839,0.000103,74.125.200.0-255,2129,8479,41,170666
1840,0.000105,172.31.46.0-255,66,8545,41,170666
1841,0.000116,172.31.46.0-255,66,8611,41,170666
1842,0.000121,74.125.200.0-255,2902,11513,41,170666
1843,0.000124,172.31.46.0-255,66,11579,41,170666
1844,0.000149,74.125.200.0-255,4320,15899,41,170666
1845,0.000153,172.31.46.0-255,66,15965,41,170666
1846,0.000177,74.125.200.0-255,2543,18508,41,170666
1847,0.000179,172.31.46.0-255,66,18574,41,170666
1848,0.000349,74.125.200.0-255,1484,20058,41,170666
1849,0.000354,172.31.46.0-255,66,20124,41,170666
1850,0.000361,74.125.200.0-255,2902,23026,41,170666
1851,0.000364,172.31.46.0-255,66,23092,41,170666
1852,0.000372,74.125.200.0-255,1484,24576,41,170666
1853,0.000375,172.31.46.0-255,66,24642,41,170666
1854,0.000411,74.125.200.0-255,4320,28962,41,170666
1855,0.000414,172.31.46.0-255,66,29028,41,170666
1856,0.000424,172.31.46.0-255,66,29094,41,170666
1857,0.00046,172.31.46.0-255,66,29160,41,170666
1858,0.000498,172.31.46.0-255,66,29226,41,170666
1859,0.000501,74.125.200.0-255,332,29558,41,170666
1860,0.000979,74.125.200.0-255,1484,31042,41,170666
1861,0.000985,172.31.46.0-255,66,31108,41,170666
1862,0.001011,74.125.200.0-255,2902,34010,41,170666
1863,0.001014,172.31.46.0-255,66,34076,41,170666
1864,0.001024,172.31.46.0-255,66,34142,41,170666
1865,0.001036,172.31.46.0-255,66,34208,41,170666
1866,0.0011,172.31.46.0-255,66,34274,41,170666
1867,0.001108,74.125.200.0-255,1484,35758,41,170666
1868,0.001122,74.125.200.0-255,1484,37242,41,170666
1869,0.001125,172.31.46.0-255,66,37308,41,170666
1870,0.001129,74.125.200.0-255,2184,39492,41,170666
1871,0.001131,172.31.46.0-255,66,39558,41,170666
1872,0.001999,74.125.200.0-255,1484,41042,41,170666
1873,0.002009,74.125.200.0-255,2902,43944,41,170666
1874,0.002014,172.31.46.0-255,66,44010,41,170666
1875,0.002055,172.31.46.0-255,66,44076,41,170666
1876,0.002086,172.31.46.0-255,66,44142,41,170666
1877,0.00211,74.125.200.0-255,1484,45626,41,170666
1878,0.002114,74.125.200.0-255,2902,48528,41,170666
1879,0.002117,172.31.46.0-255,66,48594,41,170666
1880,0.00212,74.125.200.0-255,1484,50078,41,170666
1881,0.002143,74.125.200.0-255,2902,52980,41,170666
1882,0.002146,172.31.46.0-255,66,53046,41,170666
1883,0.002155,172.31.46.0-255,66,53112,41,170666
1884,0.002186,74.125.200.0-255,2902,56014,41,170666
1885,0.002188,172.31.46.0-255,66,56080,41,170666
1886,0.002192,74.125.200.0-255,766,56846,41,170666
1887,0.00302,74.125.200.0-255,1484,58330,41,170666
1888,0.003026,172.31.46.0-255,66,58396,41,170666
1889,0.003033,74.125.200.0-255,2902,61298,41,170666
1890,0.003035,172.31.46.0-255,66,61364,41,170666
1891,0.003049,172.31.46.0-255,66,61430,41,170666
1892,0.003054,74.125.200.0-255,2902,64332,41,170666
1893,0.003056,172.31.46.0-255,66,64398,41,170666
1894,0.003085,74.125.200.0-255,4320,68718,41,170666
1895,0.003087,172.31.46.0-255,66,68784,41,170666
1896,0.003123,172.31.46.0-255,66,68850,41,170666
1897,0.003128,74.125.200.0-255,4320,73170,41,170666
1898,0.00313,172.31.46.0-255,66,73236,41,170666
1899,0.00317,74.125.200.0-255,3602,76838,41,170666
1900,0.003173,172.31.46.0-255,66,76904,41,170666
1901,0.00323,74.125.200.0-255,1484,78388,41,170666
1902,0.00325,74.125.200.0-255,2902,81290,41,170666
1903,0.003253,172.31.46.0-255,66,81356,41,170666
1904,0.003256,74.125.200.0-255,1484,82840,41,170666
1905,0.003281,74.125.200.0-255,2902,85742,41,170666
1906,0.003283,172.31.46.0-255,66,85808,41,170666
1907,0.003292,172.31.46.0-255,66,85874,41,170666
1908,0.003321,172.31.46.0-255,66,85940,41,170666
1909,0.003357,172.31.46.0-255,66,86006,41,170666
1910,0.003362,74.125.200.0-255,4320,90326,41,170666
1911,0.003364,172.31.46.0-255,66,90392,41,170666
1912,0.00337,74.125.200.0-255,3602,93994,41,170666
1913,0.003373,172.31.46.0-255,66,94060,41,170666
1914,0.003517,74.125.200.0-255,1484,95544,41,170666
1915,0.003552,74.125.200.0-255,2902,98446,41,170666
1916,0.003555,172.31.46.0-255,66,98512,41,170666
1917,0.003569,172.31.46.0-255,66,98578,41,170666
1918,0.003579,172.31.46.0-255,66,98644,41,170666
1919,0.003582,74.125.200.0-255,1484,100128,41,170666
1920,0.003614,172.31.46.0-255,66,100194,41,170666
1921,0.003625,172.31.46.0-255,66,100260,41,170666
1922,0.003733,74.125.200.0-255,1484,101744,41,170666
1923,0.003736,74.125.200.0-255,1484,103228,41,170666
1924,0.003738,172.31.46.0-255,66,103294,41,170666
1925,0.003765,74.125.200.0-255,1484,104778,41,170666
1926,0.003774,172.31.46.0-255,66,104844,41,170666
1927,0.003778,74.125.200.0-255,2902,107746,41,170666
1928,0.00378,172.31.46.0-255,66,107812,41,170666
1929,0.003795,74.125.200.0-255,2902,110714,41,170666
1930,0.003798,172.31.46.0-255,66,110780,41,170666
1931,0.003827,74.125.200.0-255,1484,112264,41,170666
1932,0.003927,74.125.200.0-255,1484,113748,41,170666
1933,0.003967,74.125.200.0-255,766,114514,41,170666
1934,0.003989,74.125.200.0-255,1484,115998,41,170666
1935,0.003992,74.125.200.0-255,1484,117482,41,170666
1936,0.004004,74.125.200.0-255,2902,120384,41,170666
1937,0.004007,74.125.200.0-255,1484,121868,41,170666
1938,0.004038,74.125.200.0-255,4320,126188,41,170666
1939,0.00412,74.125.200.0-255,5020,131208,41,170666
1940,0.00416,74.125.200.0-255,4320,135528,41,170666
1941,0.004179,74.125.200.0-255,4320,139848,41,170666
1942,0.004224,74.125.200.0-255,3602,143450,41,170666
1943,0.004229,74.125.200.0-255,4320,147770,41,170666
1944,0.004234,74.125.200.0-255,2902,150672,41,170666
1945,0.004255,74.125.200.0-255,4320,154992,41,170666
1946,0.00426,74.125.200.0-255,4320,159312,41,170666
1947,0.004275,74.125.200.0-255,4320,163632,41,170666
1948,0.004344,74.125.200.0-255,2485,166117,41,170666
1949,0.004382,74.125.200.0-255,105,166222,41,170666
1950,0.004637,172.31.46.0-255,66,166288,41,170666
1951,0.006383,172.31.46.0-255,101,166389,41,170666
1952,0.006965,172.31.46.0-255,105,166494,41,170666
1953,0.008704,74.125.200.0-255,66,166560,41,170666
1954,0.009262,74.125.200.0-255,66,166626,41,170666
1955,0.036139,172.31.46.0-255,199,166825,41,170666
1956,0.036194,172.31.46.0-255,1119,167944,41,170666
1957,0.036268,172.31.46.0-255,1514,169458,41,170666
1958,0.03627,172.31.46.0-255,1010,170468,41,170666
1959,0.03768,104.244.42.0-255,66,170534,41,170666
1960,0.037775,104.244.42.0-255,66,170600,41,170666
1961,0.037823,104.244.42.0-255,66,170666,41,170666
1962,0.0,74.125.68.0-255,153,153,41,165704
1963,1.3e-05,172.31.46.0-255,66,219,41,165704
1964,3.3e-05,74.125.68.0-255,1484,1703,41,165704
1965,3.7e-05,172.31.46.0-255,66,1769,41,165704
1966,4.2e-05,74.125.68.0-255,2902,4671,41,165704
1967,4.5e-05,172.31.46.0-255,66,4737,41,165704
1968,6.2e-05,74.125.68.0-255,2902,7639,41,165704
1969,6.4e-05,172.31.46.0-255,66,7705,41,165704
1970,8.8e-05,74.125.68.0-255,2902,10607,41,165704
1971,9e-05,172.31.46.0-255,66,10673,41,165704
1972,9.5e-05,74.125.68.0-255,3480,14153,41,165704
1973,9.7e-05,172.31.46.0-255,66,14219,41,165704
1974,0.000102,74.125.68.0-255,4320,18539,41,165704
1975,0.000106,172.31.46.0-255,66,18605,41,165704
1976,0.000213,74.125.68.0-255,1484,20089,41,165704
1977,0.000217,172.31.46.0-255,66,20155,41,165704
1978,0.000223,74.125.68.0-255,2902,23057,41,165704
1979,0.000225,172.31.46.0-255,66,23123,41,165704
1980,0.000228,74.125.68.0-255,1484,24607,41,165704
1981,0.00023,172.31.46.0-255,66,24673,41,165704
1982,0.000257,74.125.68.0-255,2902,27575,41,165704
1983,0.000259,172.31.46.0-255,66,27641,41,165704
1984,0.00029,74.125.68.0-255,3961,31602,41,165704
1985,0.000292,172.31.46.0-255,66,31668,41,165704
1986,0.000388,74.125.68.0-255,1484,33152,41,165704
1987,0.000392,172.31.46.0-255,66,33218,41,165704
1988,0.000412,74.125.68.0-255,2902,36120,41,165704
1989,0.000415,74.125.68.0-255,1484,37604,41,165704
1990,0.000418,172.31.46.0-255,66,37670,41,165704
1991,0.000422,172.31.46.0-255,66,37736,41,165704
1992,0.000437,74.125.68.0-255,4320,42056,41,165704
1993,0.00044,172.31.46.0-255,66,42122,41,165704
1994,0.000444,74.125.68.0-255,2902,45024,41,165704
1995,0.000447,172.31.46.0-255,66,45090,41,165704
1996,0.000463,74.125.68.0-255,1484,46574,41,165704
1997,0.000473,172.31.46.0-255,66,46640,41,165704
1998,0.000509,172.31.46.0-255,66,46706,41,165704
1999,0.000545,74.125.68.0-255,1484,48190,41,165704
2000,0.000564,74.125.68.0-255,2184,50374,41,165704
2001,0.000567,172.31.46.0-255,66,50440,41,165704
2002,0.000584,74.125.68.0-255,362,50802,41,165704
2003,0.000705,74.125.68.0-255,137,50939,41,165704
2004,0.00082,74.125.68.0-255,1484,52423,41,165704
2005,0.000824,172.31.46.0-255,66,52489,41,165704
2006,0.00083,74.125.68.0-255,2902,55391,41,165704
2007,0.000832,172.31.46.0-255,66,55457,41,165704
2008,0.000863,74.125.68.0-255,4320,59777,41,165704
2009,0.000868,74.125.68.0-255,4320,64097,41,165704
2010,0.000872,172.31.46.0-255,66,64163,41,165704
2011,0.000879,172.31.46.0-255,66,64229,41,165704
2012,0.000882,74.125.68.0-255,1484,65713,41,165704
2013,0.000885,74.125.68.0-255,1484,67197,41,165704
2014,0.000887,172.31.46.0-255,66,67263,41,165704
2015,0.000917,172.31.46.0-255,66,67329,41,165704
2016,0.000922,74.125.68.0-255,4320,71649,41,165704
2017,0.000924,172.31.46.0-255,66,71715,41,165704
2018,0.000954,74.125.68.0-255,1484,73199,41,165704
2019,0.000967,74.125.68.0-255,2459,75658,41,165704
2020,0.00097,172.31.46.0-255,66,75724,41,165704
2021,0.001023,74.125.68.0-255,1484,77208,41,165704
2022,0.001041,74.125.68.0-255,2902,80110,41,165704
2023,0.001044,172.31.46.0-255,66,80176,41,165704
2024,0.001049,74.125.68.0-255,4320,84496,41,165704
2025,0.001052,172.31.46.0-255,66,84562,41,165704
2026,0.001094,74.125.68.0-255,2902,87464,41,165704
2027,0.001103,172.31.46.0-255,66,87530,41,165704
2028,0.001108,74.125.68.0-255,2902,90432,41,165704
2029,0.00111,172.31.46.0-255,66,90498,41,165704
2030,0.001258,74.125.68.0-255,1484,91982,41,165704
2031,0.001275,74.125.68.0-255,2902,94884,41,165704
2032,0.001278,172.31.46.0-255,66,94950,41,165704
2033,0.001298,172.31.46.0-255,66,95016,41,165704
2034,0.001327,172.31.46.0-255,66,95082,41,165704
2035,0.001479,74.125.68.0-255,1484,96566,41,165704
2036,0.001505,74.125.68.0-255,1484,98050,41,165704
2037,0.001508,172.31.46.0-255,66,98116,41,165704
2038,0.001527,74.125.68.0-255,2902,101018,41,165704
2039,0.001532,172.31.46.0-255,66,101084,41,165704
2040,0.001555,74.125.68.0-255,1484,102568,41,165704
2041,0.001569,74.125.68.0-255,4320,106888,41,165704
2042,0.001572,172.31.46.0-255,66,106954,41,165704
2043,0.001595,74.125.68.0-255,1484,108438,41,165704
2044,0.001637,74.125.68.0-255,1484,109922,41,165704
2045,0.001641,172.31.46.0-255,66,109988,41,165704
2046,0.001663,74.125.68.0-255,2902,112890,41,165704
2047,0.001666,172.31.46.0-255,66,112956,41,165704
2048,0.00167,74.125.68.0-255,2902,115858,41,165704
2049,0.001672,172.31.46.0-255,66,115924,41,165704
2050,0.001685,74.125.68.0-255,2902,118826,41,165704
2051,0.001689,172.31.46.0-255,66,118892,41,165704
2052,0.001699,74.125.68.0-255,1484,120376,41,165704
2053,0.001713,74.125.68.0-255,1484,121860,41,165704
2054,0.001715,172.31.46.0-255,66,121926,41,165704
2055,0.001743,172.31.46.0-255,66,121992,41,165704
2056,0.001783,74.125.68.0-255,2184,124176,41,165704
2057,0.001786,172.31.46.0-255,66,124242,41,165704
2058,0.001904,74.125.68.0-255,1484,125726,41,165704
2059,0.001909,74.125.68.0-255,1484,127210,41,165704
2060,0.001912,172.31.46.0-255,66,127276,41,165704
2061,0.001924,74.125.68.0-255,1484,128760,41,165704
2062,0.001939,74.125.68.0-255,4320,133080,41,165704
2063,0.001941,172.31.46.0-255,66,133146,41,165704
2064,0.001957,74.125.68.0-255,1484,134630,41,165704
2065,0.002001,74.125.68.0-255,1484,136114,41,165704
2066,0.002004,172.31.46.0-255,66,136180,41,165704
2067,0.002031,172.31.46.0-255,66,136246,41,165704
2068,0.002045,172.31.46.0-255,66,136312,41,165704
2069,0.002049,74.125.68.0-255,2184,138496,41,165704
2070,0.002051,172.31.46.0-255,66,138562,41,165704
2071,0.004597,172.31.46.0-255,66,138628,41,165704
2072,0.007137,74.125.68.0-255,4320,142948,41,165704
2073,0.00714,172.31.46.0-255,66,143014,41,165704
2074,0.007156,74.125.68.0-255,1484,144498,41,165704
2075,0.009696,74.125.68.0-255,4320,148818,41,165704
2076,0.009702,172.31.46.0-255,66,148884,41,165704
2077,0.012276,172.31.46.0-255,66,148950,41,165704
2078,0.014907,172.31.46.0-255,66,149016,41,165704
2079,0.01747,172.31.46.0-255,66,149082,41,165704
2080,0.020014,172.31.46.0-255,66,149148,41,165704
2081,0.022573,172.31.46.0-255,66,149214,41,165704
2082,0.025146,172.31.46.0-255,66,149280,41,165704
2083,0.027267,172.31.46.0-255,172,149452,41,165704
2084,0.027294,172.31.46.0-255,1120,150572,41,165704
2085,0.027349,172.31.46.0-255,1514,152086,41,165704
2086,0.027351,172.31.46.0-255,1514,153600,41,165704
2087,0.027352,172.31.46.0-255,1514,155114,41,165704
2088,0.027353,172.31.46.0-255,1514,156628,41,165704
2089,0.0274,172.31.46.0-255,1514,158142,41,165704
2090,0.027401,172.31.46.0-255,1164,159306,41,165704
2091,0.027714,172.31.46.0-255,66,159372,41,165704
2092,0.028831,104.244.42.0-255,66,159438,41,165704
2093,0.028838,104.244.42.0-255,66,159504,41,165704
2094,0.028947,104.244.42.0-255,66,159570,41,165704
2095,0.028953,104.244.42.0-255,66,159636,41,165704
2096,0.030274,172.31.46.0-255,66,159702,41,165704
2097,0.032827,74.125.68.0-255,1484,161186,41,165704
2098,0.032853,74.125.68.0-255,4320,165506,41,165704
2099,0.032859,172.31.46.0-255,66,165572,41,165704
2100,0.035431,172.31.46.0-255,66,165638,41,165704
2101,0.037996,172.31.46.0-255,66,165704,41,165704
2102,0.0,74.125.200.0-255,156,156,41,164532
2103,1.7e-05,172.31.46.0-255,66,222,41,164532
2104,2.3e-05,74.125.200.0-255,1484,1706,41,164532
2105,2.7e-05,172.31.46.0-255,66,1772,41,164532
2106,4.1e-05,74.125.200.0-255,2902,4674,41,164532
2107,4.4e-05,172.31.46.0-255,66,4740,41,164532
2108,8.6e-05,172.31.46.0-255,66,4806,41,164532
2109,9.6e-05,172.31.46.0-255,66,4872,41,164532
2110,0.000142,172.31.46.0-255,66,4938,41,164532
2111,0.000161,74.125.200.0-255,3961,8899,41,164532
2112,0.000164,172.31.46.0-255,66,8965,41,164532
2113,0.000229,74.125.200.0-255,1484,10449,41,164532
2114,0.000232,172.31.46.0-255,66,10515,41,164532
2115,0.000251,74.125.200.0-255,2902,13417,41,164532
2116,0.000254,172.31.46.0-255,66,13483,41,164532
2117,0.000259,74.125.200.0-255,4320,17803,41,164532
2118,0.000262,172.31.46.0-255,66,17869,41,164532
2119,0.0003,172.31.46.0-255,66,17935,41,164532
2120,0.000329,172.31.46.0-255,66,18001,41,164532
2121,0.000369,172.31.46.0-255,66,18067,41,164532
2122,0.000394,74.125.200.0-255,2887,20954,41,164532
2123,0.000397,172.31.46.0-255,66,21020,41,164532
2124,0.0004,74.125.200.0-255,343,21363,41,164532
2125,0.000402,172.31.46.0-255,66,21429,41,164532
2126,0.000487,74.125.200.0-255,1484,22913,41,164532
2127,0.000491,172.31.46.0-255,66,22979,41,164532
2128,0.000496,74.125.200.0-255,2902,25881,41,164532
2129,0.000499,172.31.46.0-255,66,25947,41,164532
2130,0.000502,74.125.200.0-255,1484,27431,41,164532
2131,0.00053,74.125.200.0-255,4320,31751,41,164532
2132,0.000533,172.31.46.0-255,66,31817,41,164532
2133,0.000543,172.31.46.0-255,66,31883,41,164532
2134,0.000559,172.31.46.0-255,66,31949,41,164532
2135,0.000601,172.31.46.0-255,66,32015,41,164532
2136,0.000748,74.125.200.0-255,1484,33499,41,164532
2137,0.000769,74.125.200.0-255,2902,36401,41,164532
2138,0.000772,172.31.46.0-255,66,36467,41,164532
2139,0.000809,172.31.46.0-255,66,36533,41,164532
2140,0.000814,74.125.200.0-255,2902,39435,41,164532
2141,0.000816,172.31.46.0-255,66,39501,41,164532
2142,0.000827,74.125.200.0-255,4320,43821,41,164532
2143,0.000829,172.31.46.0-255,66,43887,41,164532
2144,0.000867,172.31.46.0-255,66,43953,41,164532
2145,0.000899,74.125.200.0-255,2902,46855,41,164532
2146,0.000902,172.31.46.0-255,66,46921,41,164532
2147,0.000913,172.31.46.0-255,66,46987,41,164532
2148,0.000915,74.125.200.0-255,766,47753,41,164532
2149,0.001175,74.125.200.0-255,1484,49237,41,164532
2150,0.001179,172.31.46.0-255,66,49303,41,164532
2151,0.001184,74.125.200.0-255,1484,50787,41,164532
2152,0.001213,74.125.200.0-255,1484,52271,41,164532
2153,0.001216,172.31.46.0-255,66,52337,41,164532
2154,0.001222,74.125.200.0-255,2902,55239,41,164532
2155,0.001224,172.31.46.0-255,66,55305,41,164532
2156,0.001234,74.125.200.0-255,4320,59625,41,164532
2157,0.001236,172.31.46.0-255,66,59691,41,164532
2158,0.001246,172.31.46.0-255,66,59757,41,164532
2159,0.001251,74.125.200.0-255,2902,62659,41,164532
2160,0.001253,172.31.46.0-255,66,62725,41,164532
2161,0.001287,172.31.46.0-255,66,62791,41,164532
2162,0.001318,74.125.200.0-255,5020,67811,41,164532
2163,0.001324,172.31.46.0-255,66,67877,41,164532
2164,0.001351,74.125.200.0-255,1484,69361,41,164532
2165,0.001368,74.125.200.0-255,2902,72263,41,164532
2166,0.001371,172.31.46.0-255,66,72329,41,164532
2167,0.001375,74.125.200.0-255,1484,73813,41,164532
2168,0.001404,74.125.200.0-255,4320,78133,41,164532
2169,0.001407,172.31.46.0-255,66,78199,41,164532
2170,0.001413,74.125.200.0-255,4320,82519,41,164532
2171,0.001416,172.31.46.0-255,66,82585,41,164532
2172,0.001453,172.31.46.0-255,66,82651,41,164532
2173,0.001459,74.125.200.0-255,4320,86971,41,164532
2174,0.001461,172.31.46.0-255,66,87037,41,164532
2175,0.001489,74.125.200.0-255,1484,88521,41,164532
2176,0.0015,172.31.46.0-255,66,88587,41,164532
2177,0.001504,74.125.200.0-255,2902,91489,41,164532
2178,0.001506,172.31.46.0-255,66,91555,41,164532
2179,0.001534,74.125.200.0-255,3602,95157,41,164532
2180,0.001537,172.31.46.0-255,66,95223,41,164532
2181,0.001546,172.31.46.0-255,66,95289,41,164532
2182,0.001556,74.125.200.0-255,1484,96773,41,164532
2183,0.001602,74.125.200.0-255,1484,98257,41,164532
2184,0.001613,172.31.46.0-255,66,98323,41,164532
2185,0.00162,74.125.200.0-255,5020,103343,41,164532
2186,0.00163,172.31.46.0-255,66,103409,41,164532
2187,0.001695,74.125.200.0-255,1484,104893,41,164532
2188,0.001712,74.125.200.0-255,2902,107795,41,164532
2189,0.001719,172.31.46.0-255,66,107861,41,164532
2190,0.001756,172.31.46.0-255,66,107927,41,164532
2191,0.001783,74.125.200.0-255,2902,110829,41,164532
2192,0.001792,172.31.46.0-255,66,110895,41,164532
2193,0.001833,172.31.46.0-255,66,110961,41,164532
2194,0.001845,74.125.200.0-255,1484,112445,41,164532
2195,0.001854,74.125.200.0-255,2184,114629,41,164532
2196,0.001873,172.31.46.0-255,66,114695,41,164532
2197,0.001899,74.125.200.0-255,1484,116179,41,164532
2198,0.001915,74.125.200.0-255,2902,119081,41,164532
2199,0.00193,172.31.46.0-255,66,119147,41,164532
2200,0.00195,74.125.200.0-255,1484,120631,41,164532
2201,0.002003,74.125.200.0-255,1484,122115,41,164532
2202,0.002006,172.31.46.0-255,66,122181,41,164532
2203,0.002018,74.125.200.0-255,4320,126501,41,164532
2204,0.002036,74.125.200.0-255,3602,130103,41,164532
2205,0.002038,172.31.46.0-255,66,130169,41,164532
2206,0.002107,172.31.46.0-255,66,130235,41,164532
2207,0.00216,172.31.46.0-255,66,130301,41,164532
2208,0.002169,74.125.200.0-255,1484,131785,41,164532
2209,0.002187,172.31.46.0-255,66,131851,41,164532
2210,0.002242,74.125.200.0-255,4320,136171,41,164532
2211,0.002264,172.31.46.0-255,66,136237,41,164532
2212,0.002291,172.31.46.0-255,66,136303,41,164532
2213,0.002316,74.125.200.0-255,1484,137787,41,164532
2214,0.002319,74.125.200.0-255,766,138553,41,164532
2215,0.002322,74.125.200.0-255,1484,140037,41,164532
2216,0.002327,74.125.200.0-255,4320,144357,41,164532
2217,0.00234,74.125.200.0-255,1484,145841,41,164532
2218,0.002354,74.125.200.0-255,4320,150161,41,164532
2219,0.00236,172.31.46.0-255,66,150227,41,164532
2220,0.002389,74.125.200.0-255,4320,154547,41,164532
2221,0.002401,74.125.200.0-255,2902,157449,41,164532
2222,0.002409,172.31.46.0-255,66,157515,41,164532
2223,0.00243,172.31.46.0-255,66,157581,41,164532
2224,0.002437,74.125.200.0-255,1484,159065,41,164532
2225,0.002456,74.125.200.0-255,947,160012,41,164532
2226,0.002467,74.125.200.0-255,105,160117,41,164532
2227,0.002491,172.31.46.0-255,66,160183,41,164532
2228,0.009857,172.31.46.0-255,105,160288,41,164532
2229,0.012403,74.125.200.0-255,66,160354,41,164532
2230,0.029964,172.31.46.0-255,172,160526,41,164532
2231,0.030003,172.31.46.0-255,1119,161645,41,164532
2232,0.030069,172.31.46.0-255,1514,163159,41,164532
2233,0.03009,172.31.46.0-255,1175,164334,41,164532
2234,0.031456,104.244.42.0-255,66,164400,41,164532
2235,0.031486,104.244.42.0-255,66,164466,41,164532
2236,0.03158,104.244.42.0-255,66,164532,41,164532
2237,0.0,172.31.46.0-255,105,105,41,276
2238,0.001758,157.240.25.0-255,105,210,41,276
2239,0.001771,172.31.46.0-255,66,276,41,276
2240,0.0,74.125.24.0-255,298,298,41,58782
2241,2.1e-05,172.31.46.0-255,66,364,41,58782
2242,2.7e-05,74.125.24.0-255,1484,1848,41,58782
2243,3e-05,172.31.46.0-255,66,1914,41,58782
2244,3.6e-05,74.125.24.0-255,4320,6234,41,58782
2245,3.9e-05,172.31.46.0-255,66,6300,41,58782
2246,4.6e-05,172.31.46.0-255,66,6366,41,58782
2247,7e-05,74.125.24.0-255,1484,7850,41,58782
2248,7.2e-05,172.31.46.0-255,66,7916,41,58782
2249,0.000106,172.31.46.0-255,66,7982,41,58782
2250,0.00011,74.125.24.0-255,2902,10884,41,58782
2251,0.000112,172.31.46.0-255,66,10950,41,58782
2252,0.000135,74.125.24.0-255,4320,15270,41,58782
2253,0.000137,172.31.46.0-255,66,15336,41,58782
2254,0.000167,172.31.46.0-255,66,15402,41,58782
2255,0.000172,74.125.24.0-255,3602,19004,41,58782
2256,0.000173,172.31.46.0-255,66,19070,41,58782
2257,0.000405,74.125.24.0-255,1484,20554,41,58782
2258,0.000412,172.31.46.0-255,66,20620,41,58782
2259,0.000417,74.125.24.0-255,2902,23522,41,58782
2260,0.000419,172.31.46.0-255,66,23588,41,58782
2261,0.000427,172.31.46.0-255,66,23654,41,58782
2262,0.000449,74.125.24.0-255,2902,26556,41,58782
2263,0.000451,172.31.46.0-255,66,26622,41,58782
2264,0.000475,74.125.24.0-255,4295,30917,41,58782
2265,0.000477,172.31.46.0-255,66,30983,41,58782
2266,0.001284,74.125.24.0-255,1484,32467,41,58782
2267,0.001289,172.31.46.0-255,66,32533,41,58782
2268,0.001297,74.125.24.0-255,2902,35435,41,58782
2269,0.001299,172.31.46.0-255,66,35501,41,58782
2270,0.001307,172.31.46.0-255,66,35567,41,58782
2271,0.001332,74.125.24.0-255,2902,38469,41,58782
2272,0.001334,172.31.46.0-255,66,38535,41,58782
2273,0.001362,172.31.46.0-255,66,38601,41,58782
2274,0.001365,74.125.24.0-255,1484,40085,41,58782
2275,0.001398,172.31.46.0-255,66,40151,41,58782
2276,0.001415,74.125.24.0-255,2184,42335,41,58782
2277,0.001418,172.31.46.0-255,66,42401,41,58782
2278,0.001426,172.31.46.0-255,66,42467,41,58782
2279,0.001437,74.125.24.0-255,1484,43951,41,58782
2280,0.001441,74.125.24.0-255,2902,46853,41,58782
2281,0.001443,172.31.46.0-255,66,46919,41,58782
2282,0.001477,172.31.46.0-255,66,46985,41,58782
2283,0.001495,74.125.24.0-255,2902,49887,41,58782
2284,0.001497,172.31.46.0-255,66,49953,41,58782
2285,0.001545,172.31.46.0-255,66,50019,41,58782
2286,0.001574,172.31.46.0-255,66,50085,41,58782
2287,0.001586,172.31.46.0-255,66,50151,41,58782
2288,0.001615,172.31.46.0-255,66,50217,41,58782
2289,0.00163,172.31.46.0-255,66,50283,41,58782
2290,0.00167,172.31.46.0-255,66,50349,41,58782
2291,0.001685,172.31.46.0-255,66,50415,41,58782
2292,0.001699,172.31.46.0-255,66,50481,41,58782
2293,0.001706,172.31.46.0-255,66,50547,41,58782
2294,0.001745,172.31.46.0-255,66,50613,41,58782
2295,0.00179,172.31.46.0-255,66,50679,41,58782
2296,0.0018,172.31.46.0-255,66,50745,41,58782
2297,0.001853,172.31.46.0-255,66,50811,41,58782
2298,0.001881,172.31.46.0-255,66,50877,41,58782
2299,0.001902,172.31.46.0-255,66,50943,41,58782
2300,0.001957,172.31.46.0-255,66,51009,41,58782
2301,0.002005,172.31.46.0-255,66,51075,41,58782
2302,0.002024,172.31.46.0-255,66,51141,41,58782
2303,0.002043,172.31.46.0-255,66,51207,41,58782
2304,0.002048,74.125.24.0-255,3602,54809,41,58782
2305,0.002051,172.31.46.0-255,66,54875,41,58782
2306,0.002054,74.125.24.0-255,1955,56830,41,58782
2307,0.002057,172.31.46.0-255,66,56896,41,58782
2308,0.002084,74.125.24.0-255,105,57001,41,58782
2309,0.004572,172.31.46.0-255,66,57067,41,58782
2310,0.00461,172.31.46.0-255,105,57172,41,58782
2311,0.006904,74.125.24.0-255,66,57238,41,58782
2312,0.030816,172.31.46.0-255,172,57410,41,58782
2313,0.030844,172.31.46.0-255,1066,58476,41,58782
2314,0.03238,104.244.42.0-255,66,58542,41,58782
2315,0.032412,104.244.42.0-255,66,58608,41,58782
2316,0.033109,104.244.42.0-255,108,58716,41,58782
2317,0.033115,172.31.46.0-255,66,58782,41,58782
2318,0.0,74.125.200.0-255,153,153,41,194492
2319,2.1e-05,172.31.46.0-255,66,219,41,194492
2320,2.7e-05,74.125.200.0-255,1484,1703,41,194492
2321,3.1e-05,172.31.46.0-255,66,1769,41,194492
2322,4.5e-05,74.125.200.0-255,2902,4671,41,194492
2323,4.8e-05,172.31.46.0-255,66,4737,41,194492
2324,5.5e-05,74.125.200.0-255,4320,9057,41,194492
2325,5.9e-05,172.31.46.0-255,66,9123,41,194492
2326,8.7e-05,74.125.200.0-255,4842,13965,41,194492
2327,9.1e-05,172.31.46.0-255,66,14031,41,194492
2328,0.000104,172.31.46.0-255,66,14097,41,194492
2329,0.000154,172.31.46.0-255,66,14163,41,194492
2330,0.000159,74.125.200.0-255,2543,16706,41,194492
2331,0.000161,172.31.46.0-255,66,16772,41,194492
2332,0.000238,74.125.200.0-255,1484,18256,41,194492
2333,0.00024,172.31.46.0-255,66,18322,41,194492
2334,0.000246,74.125.200.0-255,2902,21224,41,194492
2335,0.000248,172.31.46.0-255,66,21290,41,194492
2336,0.00028,74.125.200.0-255,2902,24192,41,194492
2337,0.000282,172.31.46.0-255,66,24258,41,194492
2338,0.000288,74.125.200.0-255,4320,28578,41,194492
2339,0.00029,172.31.46.0-255,66,28644,41,194492
2340,0.000331,172.31.46.0-255,66,28710,41,194492
2341,0.000333,74.125.200.0-255,1484,30194,41,194492
2342,0.000335,172.31.46.0-255,66,30260,41,194492
2343,0.000381,172.31.46.0-255,66,30326,41,194492
2344,0.000414,172.31.46.0-255,66,30392,41,194492
2345,0.000416,74.125.200.0-255,111,30503,41,194492
2346,0.000616,74.125.200.0-255,1484,31987,41,194492
2347,0.000622,172.31.46.0-255,66,32053,41,194492
2348,0.000628,74.125.200.0-255,2902,34955,41,194492
2349,0.00063,172.31.46.0-255,66,35021,41,194492
2350,0.000634,74.125.200.0-255,1484,36505,41,194492
2351,0.000661,74.125.200.0-255,2902,39407,41,194492
2352,0.000664,172.31.46.0-255,66,39473,41,194492
2353,0.000675,172.31.46.0-255,66,39539,41,194492
2354,0.00068,74.125.200.0-255,2902,42441,41,194492
2355,0.000682,172.31.46.0-255,66,42507,41,194492
2356,0.000687,74.125.200.0-255,4320,46827,41,194492
2357,0.00069,172.31.46.0-255,66,46893,41,194492
2358,0.000728,172.31.46.0-255,66,46959,41,194492
2359,0.000732,74.125.200.0-255,766,47725,41,194492
2360,0.000855,74.125.200.0-255,1484,49209,41,194492
2361,0.00086,74.125.200.0-255,2902,52111,41,194492
2362,0.000864,172.31.46.0-255,66,52177,41,194492
2363,0.000874,172.31.46.0-255,66,52243,41,194492
2364,0.000884,74.125.200.0-255,4320,56563,41,194492
2365,0.000886,172.31.46.0-255,66,56629,41,194492
2366,0.000895,172.31.46.0-255,66,56695,41,194492
2367,0.000917,74.125.200.0-255,4320,61015,41,194492
2368,0.00092,172.31.46.0-255,66,61081,41,194492
2369,0.000965,172.31.46.0-255,66,61147,41,194492
2370,0.000969,74.125.200.0-255,1484,62631,41,194492
2371,0.001007,172.31.46.0-255,66,62697,41,194492
2372,0.001018,74.125.200.0-255,1484,64181,41,194492
2373,0.00104,172.31.46.0-255,66,64247,41,194492
2374,0.001079,172.31.46.0-255,66,64313,41,194492
2375,0.001111,74.125.200.0-255,2902,67215,41,194492
2376,0.001114,172.31.46.0-255,66,67281,41,194492
2377,0.001118,74.125.200.0-255,2902,70183,41,194492
2378,0.00112,172.31.46.0-255,66,70249,41,194492
2379,0.00113,74.125.200.0-255,4320,74569,41,194492
2380,0.001132,172.31.46.0-255,66,74635,41,194492
2381,0.001136,74.125.200.0-255,2902,77537,41,194492
2382,0.001138,172.31.46.0-255,66,77603,41,194492
2383,0.00117,74.125.200.0-255,3602,81205,41,194492
2384,0.001173,172.31.46.0-255,66,81271,41,194492
2385,0.001221,74.125.200.0-255,1484,82755,41,194492
2386,0.001241,74.125.200.0-255,2902,85657,41,194492
2387,0.001245,172.31.46.0-255,66,85723,41,194492
2388,0.001253,74.125.200.0-255,1484,87207,41,194492
2389,0.001274,74.125.200.0-255,2902,90109,41,194492
2390,0.001277,172.31.46.0-255,66,90175,41,194492
2391,0.001281,74.125.200.0-255,2902,93077,41,194492
2392,0.001283,172.31.46.0-255,66,93143,41,194492
2393,0.00132,172.31.46.0-255,66,93209,41,194492
2394,0.001323,74.125.200.0-255,1484,94693,41,194492
2395,0.001335,172.31.46.0-255,66,94759,41,194492
2396,0.001364,74.125.200.0-255,1484,96243,41,194492
2397,0.001369,74.125.200.0-255,3602,99845,41,194492
2398,0.001372,172.31.46.0-255,66,99911,41,194492
2399,0.00143,74.125.200.0-255,4320,104231,41,194492
2400,0.001434,172.31.46.0-255,66,104297,41,194492
2401,0.001442,172.31.46.0-255,66,104363,41,194492
2402,0.001453,172.31.46.0-255,66,104429,41,194492
2403,0.001486,74.125.200.0-255,2902,107331,41,194492
2404,0.001489,172.31.46.0-255,66,107397,41,194492
2405,0.001495,74.125.200.0-255,4320,111717,41,194492
2406,0.001498,172.31.46.0-255,66,111783,41,194492
2407,0.001514,74.125.200.0-255,4320,116103,41,194492
2408,0.001517,172.31.46.0-255,66,116169,41,194492
2409,0.00156,172.31.46.0-255,66,116235,41,194492
2410,0.001584,172.31.46.0-255,66,116301,41,194492
2411,0.001588,74.125.200.0-255,2902,119203,41,194492
2412,0.001591,172.31.46.0-255,66,119269,41,194492
2413,0.001627,172.31.46.0-255,66,119335,41,194492
2414,0.001657,74.125.200.0-255,5020,124355,41,194492
2415,0.001662,172.31.46.0-255,66,124421,41,194492
2416,0.001722,74.125.200.0-255,1484,125905,41,194492
2417,0.001726,74.125.200.0-255,1484,127389,41,194492
2418,0.001729,172.31.46.0-255,66,127455,41,194492
2419,0.001755,74.125.200.0-255,1484,128939,41,194492
2420,0.001758,74.125.200.0-255,1484,130423,41,194492
2421,0.001761,172.31.46.0-255,66,130489,41,194492
2422,0.001767,74.125.200.0-255,2902,133391,41,194492
2423,0.001769,172.31.46.0-255,66,133457,41,194492
2424,0.001809,172.31.46.0-255,66,133523,41,194492
2425,0.001821,172.31.46.0-255,66,133589,41,194492
2426,0.001824,74.125.200.0-255,1484,135073,41,194492
2427,0.001863,172.31.46.0-255,66,135139,41,194492
2428,0.001866,74.125.200.0-255,766,135905,41,194492
2429,0.00193,74.125.200.0-255,1484,137389,41,194492
2430,0.001934,172.31.46.0-255,66,137455,41,194492
2431,0.001939,74.125.200.0-255,2902,140357,41,194492
2432,0.001941,172.31.46.0-255,66,140423,41,194492
2433,0.001944,74.125.200.0-255,1484,141907,41,194492
2434,0.001968,74.125.200.0-255,4320,146227,41,194492
2435,0.001971,172.31.46.0-255,66,146293,41,194492
2436,0.001975,74.125.200.0-255,2902,149195,41,194492
2437,0.001982,172.31.46.0-255,66,149261,41,194492
2438,0.001987,74.125.200.0-255,4320,153581,41,194492
2439,0.001989,172.31.46.0-255,66,153647,41,194492
2440,0.001992,74.125.200.0-255,1484,155131,41,194492
2441,0.00203,172.31.46.0-255,66,155197,41,194492
2442,0.002035,74.125.200.0-255,4320,159517,41,194492
2443,0.002037,172.31.46.0-255,66,159583,41,194492
2444,0.002069,74.125.200.0-255,5020,164603,41,194492
2445,0.002073,172.31.46.0-255,66,164669,41,194492
2446,0.002078,74.125.200.0-255,2902,167571,41,194492
2447,0.00208,172.31.46.0-255,66,167637,41,194492
2448,0.002086,74.125.200.0-255,4320,171957,41,194492
2449,0.002088,172.31.46.0-255,66,172023,41,194492
2450,0.00213,172.31.46.0-255,66,172089,41,194492
2451,0.002134,74.125.200.0-255,2902,174991,41,194492
2452,0.002137,172.31.46.0-255,66,175057,41,194492
2453,0.002142,74.125.200.0-255,4320,179377,41,194492
2454,0.002144,172.31.46.0-255,66,179443,41,194492
2455,0.002197,172.31.46.0-255,66,179509,41,194492
2456,0.002231,172.31.46.0-255,66,179575,41,194492
2457,0.00227,172.31.46.0-255,66,179641,41,194492
2458,0.002288,172.31.46.0-255,66,179707,41,194492
2459,0.002349,172.31.46.0-255,66,179773,41,194492
2460,0.002352,74.125.200.0-255,1484,181257,41,194492
2461,0.002356,74.125.200.0-255,2902,184159,41,194492
2462,0.002358,172.31.46.0-255,66,184225,41,194492
2463,0.002367,172.31.46.0-255,66,184291,41,194492
2464,0.002369,74.125.200.0-255,817,185108,41,194492
2465,0.002386,74.125.200.0-255,97,185205,41,194492
2466,0.002432,74.125.200.0-255,105,185310,41,194492
2467,0.003381,172.31.46.0-255,101,185411,41,194492
2468,0.005985,74.125.200.0-255,66,185477,41,194492
2469,0.009964,172.31.46.0-255,105,185582,41,194492
2470,0.012566,74.125.200.0-255,66,185648,41,194492
2471,0.039179,172.31.46.0-255,190,185838,41,194492
2472,0.039212,172.31.46.0-255,1118,186956,41,194492
2473,0.039266,172.31.46.0-255,1514,188470,41,194492
2474,0.039268,172.31.46.0-255,1514,189984,41,194492
2475,0.039273,172.31.46.0-255,1514,191498,41,194492
2476,0.039274,172.31.46.0-255,1514,193012,41,194492
2477,0.039301,172.31.46.0-255,1480,194492,41,194492
2478,0.0,172.217.194.0-255,145,145,41,101183
2479,2.3e-05,172.31.46.0-255,66,211,41,101183
2480,3e-05,172.217.194.0-255,1484,1695,41,101183
2481,3.4e-05,172.31.46.0-255,66,1761,41,101183
2482,4.1e-05,172.217.194.0-255,2902,4663,41,101183
2483,5.4e-05,172.31.46.0-255,66,4729,41,101183
2484,6.6e-05,172.31.46.0-255,66,4795,41,101183
2485,7.2e-05,172.217.194.0-255,2040,6835,41,101183
2486,7.4e-05,172.31.46.0-255,66,6901,41,101183
2487,7.9e-05,172.217.194.0-255,1484,8385,41,101183
2488,8.1e-05,172.31.46.0-255,66,8451,41,101183
2489,9.9e-05,172.217.194.0-255,1484,9935,41,101183
2490,0.000102,172.31.46.0-255,66,10001,41,101183
2491,0.000116,172.31.46.0-255,66,10067,41,101183
2492,0.000126,172.31.46.0-255,66,10133,41,101183
2493,0.0002,172.217.194.0-255,1484,11617,41,101183
2494,0.000203,172.31.46.0-255,66,11683,41,101183
2495,0.000207,172.217.194.0-255,1484,13167,41,101183
2496,0.00021,172.31.46.0-255,66,13233,41,101183
2497,0.000228,172.217.194.0-255,1484,14717,41,101183
2498,0.000231,172.31.46.0-255,66,14783,41,101183
2499,0.000245,172.31.46.0-255,66,14849,41,101183
2500,0.00031,172.31.46.0-255,66,14915,41,101183
2501,0.00032,172.31.46.0-255,66,14981,41,101183
2502,0.000325,172.217.194.0-255,4320,19301,41,101183
2503,0.000327,172.31.46.0-255,66,19367,41,101183
2504,0.000551,172.31.46.0-255,66,19433,41,101183
2505,0.000598,172.217.194.0-255,1484,20917,41,101183
2506,0.000614,172.217.194.0-255,2902,23819,41,101183
2507,0.00062,172.31.46.0-255,66,23885,41,101183
2508,0.00064,172.217.194.0-255,1484,25369,41,101183
2509,0.000679,172.31.46.0-255,66,25435,41,101183
2510,0.000704,172.217.194.0-255,4320,29755,41,101183
2511,0.000715,172.31.46.0-255,66,29821,41,101183
2512,0.000749,172.217.194.0-255,2543,32364,41,101183
2513,0.000766,172.31.46.0-255,66,32430,41,101183
2514,0.000774,172.217.194.0-255,1484,33914,41,101183
2515,0.000777,172.217.194.0-255,1484,35398,41,101183
2516,0.000794,172.217.194.0-255,1484,36882,41,101183
2517,0.000806,172.31.46.0-255,66,36948,41,101183
2518,0.000842,172.217.194.0-255,4320,41268,41,101183
2519,0.000847,172.31.46.0-255,66,41334,41,101183
2520,0.000911,172.31.46.0-255,66,41400,41,101183
2521,0.000929,172.217.194.0-255,1484,42884,41,101183
2522,0.000938,172.217.194.0-255,2902,45786,41,101183
2523,0.000942,172.217.194.0-255,2902,48688,41,101183
2524,0.000957,172.217.194.0-255,2902,51590,41,101183
2525,0.00097,172.217.194.0-255,1484,53074,41,101183
2526,0.000973,172.31.46.0-255,66,53140,41,101183
2527,0.000984,172.217.194.0-255,2902,56042,41,101183
2528,0.000998,172.217.194.0-255,1484,57526,41,101183
2529,0.001007,172.31.46.0-255,66,57592,41,101183
2530,0.001011,172.217.194.0-255,2902,60494,41,101183
2531,0.001035,172.217.194.0-255,4320,64814,41,101183
2532,0.001042,172.31.46.0-255,66,64880,41,101183
2533,0.001074,172.217.194.0-255,1484,66364,41,101183
2534,0.001094,172.31.46.0-255,66,66430,41,101183
2535,0.001388,172.217.194.0-255,1484,67914,41,101183
2536,0.001395,172.217.194.0-255,2902,70816,41,101183
2537,0.001411,172.31.46.0-255,66,70882,41,101183
2538,0.001427,172.217.194.0-255,1484,72366,41,101183
2539,0.001466,172.31.46.0-255,66,72432,41,101183
2540,0.001475,172.217.194.0-255,2184,74616,41,101183
2541,0.001492,172.31.46.0-255,66,74682,41,101183
2542,0.003924,172.31.46.0-255,66,74748,41,101183
2543,0.006358,172.31.46.0-255,66,74814,41,101183
2544,0.008802,172.31.46.0-255,66,74880,41,101183
2545,0.011309,172.31.46.0-255,66,74946,41,101183
2546,0.01373,172.31.46.0-255,66,75012,41,101183
2547,0.017357,172.31.46.0-255,66,75078,41,101183
2548,0.01982,172.31.46.0-255,66,75144,41,101183
2549,0.022258,172.217.194.0-255,4320,79464,41,101183
2550,0.022264,172.31.46.0-255,66,79530,41,101183
2551,0.022287,172.217.194.0-255,1484,81014,41,101183
2552,0.024674,172.217.194.0-255,4320,85334,41,101183
2553,0.024683,172.31.46.0-255,66,85400,41,101183
2554,0.027185,172.31.46.0-255,66,85466,41,101183
2555,0.02856,172.31.46.0-255,172,85638,41,101183
2556,0.028595,172.31.46.0-255,1118,86756,41,101183
2557,0.028656,172.31.46.0-255,1514,88270,41,101183
2558,0.028658,172.31.46.0-255,1514,89784,41,101183
2559,0.028684,172.31.46.0-255,681,90465,41,101183
2560,0.029624,172.31.46.0-255,66,90531,41,101183
2561,0.030215,104.244.42.0-255,66,90597,41,101183
2562,0.03026,104.244.42.0-255,66,90663,41,101183
2563,0.030307,104.244.42.0-255,66,90729,41,101183
2564,0.030364,104.244.42.0-255,66,90795,41,101183
2565,0.032045,172.217.194.0-255,4320,95115,41,101183
2566,0.032051,172.31.46.0-255,66,95181,41,101183
2567,0.032076,172.217.194.0-255,1484,96665,41,101183
2568,0.034478,172.217.194.0-255,4320,100985,41,101183
2569,0.034503,172.31.46.0-255,66,101051,41,101183
2570,0.037,172.31.46.0-255,66,101117,41,101183
2571,0.039488,172.31.46.0-255,66,101183,41,101183
2572,0.0,74.125.200.0-255,739,739,41,76882
2573,2.1e-05,74.125.200.0-255,1484,2223,41,76882
2574,3.3e-05,172.31.46.0-255,66,2289,41,76882
2575,4.2e-05,74.125.200.0-255,1484,3773,41,76882
2576,4.9e-05,74.125.200.0-255,2902,6675,41,76882
2577,6e-05,172.31.46.0-255,66,6741,41,76882
2578,0.000141,74.125.200.0-255,2902,9643,41,76882
2579,0.000145,172.31.46.0-255,66,9709,41,76882
2580,0.000164,74.125.200.0-255,2902,12611,41,76882
2581,0.000166,172.31.46.0-255,66,12677,41,76882
2582,0.000388,74.125.200.0-255,2994,15671,41,76882
2583,0.000394,172.31.46.0-255,66,15737,41,76882
2584,0.000528,74.125.200.0-255,4320,20057,41,76882
2585,0.000533,172.31.46.0-255,66,20123,41,76882
2586,0.000568,172.31.46.0-255,66,20189,41,76882
2587,0.000979,74.125.200.0-255,4320,24509,41,76882
2588,0.000985,172.31.46.0-255,66,24575,41,76882
2589,0.00226,172.31.46.0-255,66,24641,41,76882
2590,0.002342,74.125.200.0-255,4320,28961,41,76882
2591,0.003187,74.125.200.0-255,1484,30445,41,76882
2592,0.003201,74.125.200.0-255,2902,33347,41,76882
2593,0.003306,74.125.200.0-255,1484,34831,41,76882
2594,0.003324,74.125.200.0-255,2902,37733,41,76882
2595,0.003476,74.125.200.0-255,2902,40635,41,76882
2596,0.003491,74.125.200.0-255,2902,43537,41,76882
2597,0.003509,74.125.200.0-255,2543,46080,41,76882
2598,0.003746,74.125.200.0-255,2902,48982,41,76882
2599,0.00425,74.125.200.0-255,2543,51525,41,76882
2600,0.004339,74.125.200.0-255,1484,53009,41,76882
2601,0.004988,172.31.46.0-255,66,53075,41,76882
2602,0.005533,172.31.46.0-255,66,53141,41,76882
2603,0.007203,172.31.46.0-255,66,53207,41,76882
2604,0.007265,74.125.200.0-255,4320,57527,41,76882
2605,0.007343,172.31.46.0-255,66,57593,41,76882
2606,0.007746,172.31.46.0-255,66,57659,41,76882
2607,0.007789,172.31.46.0-255,66,57725,41,76882
2608,0.007825,172.31.46.0-255,66,57791,41,76882
2609,0.008646,172.31.46.0-255,66,57857,41,76882
2610,0.008675,74.125.200.0-255,4772,62629,41,76882
2611,0.008678,172.31.46.0-255,66,62695,41,76882
2612,0.009559,172.31.46.0-255,66,62761,41,76882
2613,0.009626,172.31.46.0-255,66,62827,41,76882
2614,0.010007,172.31.46.0-255,66,62893,41,76882
2615,0.01004,172.31.46.0-255,66,62959,41,76882
2616,0.010088,172.31.46.0-255,66,63025,41,76882
2617,0.010119,74.125.200.0-255,2902,65927,41,76882
2618,0.010122,172.31.46.0-255,66,65993,41,76882
2619,0.010513,74.125.200.0-255,4320,70313,41,76882
2620,0.010518,172.31.46.0-255,66,70379,41,76882
2621,0.010572,172.31.46.0-255,66,70445,41,76882
2622,0.010614,172.31.46.0-255,66,70511,41,76882
2623,0.010639,74.125.200.0-255,1484,71995,41,76882
2624,0.01115,172.31.46.0-255,66,72061,41,76882
2625,0.011196,172.31.46.0-255,66,72127,41,76882
2626,0.011252,172.31.46.0-255,66,72193,41,76882
2627,0.011274,172.31.46.0-255,66,72259,41,76882
2628,0.01184,74.125.200.0-255,4320,76579,41,76882
2629,0.011845,172.31.46.0-255,66,76645,41,76882
2630,0.011901,172.31.46.0-255,66,76711,41,76882
2631,0.012417,172.31.46.0-255,105,76816,41,76882
2632,0.014623,74.125.200.0-255,66,76882,41,76882
2633,0.0,74.125.130.0-255,150,150,41,140800
2634,2.4e-05,172.31.46.0-255,66,216,41,140800
2635,3.1e-05,74.125.130.0-255,1484,1700,41,140800
2636,3.7e-05,172.31.46.0-255,66,1766,41,140800
2637,4e-05,74.125.130.0-255,1484,3250,41,140800
2638,4.4e-05,172.31.46.0-255,66,3316,41,140800
2639,5e-05,74.125.130.0-255,2902,6218,41,140800
2640,5.3e-05,172.31.46.0-255,66,6284,41,140800
2641,6.3e-05,172.31.46.0-255,66,6350,41,140800
2642,9.9e-05,74.125.130.0-255,2002,8352,41,140800
2643,0.000102,172.31.46.0-255,66,8418,41,140800
2644,0.000121,74.125.130.0-255,2902,11320,41,140800
2645,0.000124,172.31.46.0-255,66,11386,41,140800
2646,0.000137,74.125.130.0-255,1484,12870,41,140800
2647,0.000139,172.31.46.0-255,66,12936,41,140800
2648,0.000169,172.31.46.0-255,66,13002,41,140800
2649,0.000217,74.125.130.0-255,2902,15904,41,140800
2650,0.00022,172.31.46.0-255,66,15970,41,140800
2651,0.00024,74.125.130.0-255,4320,20290,41,140800
2652,0.000243,172.31.46.0-255,66,20356,41,140800
2653,0.000271,172.31.46.0-255,66,20422,41,140800
2654,0.000321,74.125.130.0-255,4320,24742,41,140800
2655,0.000324,172.31.46.0-255,66,24808,41,140800
2656,0.000346,74.125.130.0-255,5020,29828,41,140800
2657,0.000349,172.31.46.0-255,66,29894,41,140800
2658,0.000389,74.125.130.0-255,1484,31378,41,140800
2659,0.000392,172.31.46.0-255,66,31444,41,140800
2660,0.000423,172.31.46.0-255,66,31510,41,140800
2661,0.000497,74.125.130.0-255,1449,32959,41,140800
2662,0.000604,172.31.46.0-255,66,33025,41,140800
2663,0.000621,74.125.130.0-255,1484,34509,41,140800
2664,0.000625,74.125.130.0-255,1484,35993,41,140800
2665,0.000647,74.125.130.0-255,2902,38895,41,140800
2666,0.000651,74.125.130.0-255,1484,40379,41,140800
2667,0.000683,74.125.130.0-255,4320,44699,41,140800
2668,0.000692,172.31.46.0-255,66,44765,41,140800
2669,0.000731,74.125.130.0-255,2902,47667,41,140800
2670,0.000741,172.31.46.0-255,66,47733,41,140800
2671,0.000821,172.31.46.0-255,66,47799,41,140800
2672,0.000866,74.125.130.0-255,766,48565,41,140800
2673,0.000895,74.125.130.0-255,1484,50049,41,140800
2674,0.000898,74.125.130.0-255,1484,51533,41,140800
2675,0.000906,172.31.46.0-255,66,51599,41,140800
2676,0.000917,74.125.130.0-255,2902,54501,41,140800
2677,0.000928,74.125.130.0-255,1484,55985,41,140800
2678,0.00096,172.31.46.0-255,66,56051,41,140800
2679,0.000963,74.125.130.0-255,1484,57535,41,140800
2680,0.001025,74.125.130.0-255,2902,60437,41,140800
2681,0.001093,172.31.46.0-255,66,60503,41,140800
2682,0.001145,74.125.130.0-255,766,61269,41,140800
2683,0.00117,74.125.130.0-255,4320,65589,41,140800
2684,0.00118,172.31.46.0-255,66,65655,41,140800
2685,0.001217,172.31.46.0-255,66,65721,41,140800
2686,0.001317,172.31.46.0-255,66,65787,41,140800
2687,0.001337,172.31.46.0-255,66,65853,41,140800
2688,0.001429,74.125.130.0-255,2184,68037,41,140800
2689,0.001441,172.31.46.0-255,66,68103,41,140800
2690,0.001449,74.125.130.0-255,1484,69587,41,140800
2691,0.001488,172.31.46.0-255,66,69653,41,140800
2692,0.001572,74.125.130.0-255,2902,72555,41,140800
2693,0.001575,172.31.46.0-255,66,72621,41,140800
2694,0.00158,172.31.46.0-255,66,72687,41,140800
2695,0.001653,74.125.130.0-255,4320,77007,41,140800
2696,0.001659,172.31.46.0-255,66,77073,41,140800
2697,0.001681,74.125.130.0-255,5020,82093,41,140800
2698,0.001686,172.31.46.0-255,66,82159,41,140800
2699,0.001734,74.125.130.0-255,1484,83643,41,140800
2700,0.001752,74.125.130.0-255,2902,86545,41,140800
2701,0.00176,172.31.46.0-255,66,86611,41,140800
2702,0.001778,74.125.130.0-255,4320,90931,41,140800
2703,0.001813,172.31.46.0-255,66,90997,41,140800
2704,0.001819,172.31.46.0-255,66,91063,41,140800
2705,0.00183,74.125.130.0-255,1484,92547,41,140800
2706,0.001868,74.125.130.0-255,4320,96867,41,140800
2707,0.001874,172.31.46.0-255,66,96933,41,140800
2708,0.001896,74.125.130.0-255,4320,101253,41,140800
2709,0.001902,172.31.46.0-255,66,101319,41,140800
2710,0.001944,74.125.130.0-255,2902,104221,41,140800
2711,0.00195,172.31.46.0-255,66,104287,41,140800
2712,0.001969,74.125.130.0-255,4320,108607,41,140800
2713,0.001986,74.125.130.0-255,3602,112209,41,140800
2714,0.001992,172.31.46.0-255,66,112275,41,140800
2715,0.002033,74.125.130.0-255,4320,116595,41,140800
2716,0.002041,172.31.46.0-255,66,116661,41,140800
2717,0.00208,172.31.46.0-255,66,116727,41,140800
2718,0.002144,74.125.130.0-255,4320,121047,41,140800
2719,0.002817,74.125.130.0-255,4320,125367,41,140800
2720,0.002857,74.125.130.0-255,2184,127551,41,140800
2721,0.003444,74.125.130.0-255,4081,131632,41,140800
2722,0.003474,74.125.130.0-255,105,131737,41,140800
2723,0.008998,172.31.46.0-255,66,131803,41,140800
2724,0.011639,172.31.46.0-255,105,131908,41,140800
2725,0.014061,74.125.130.0-255,66,131974,41,140800
2726,0.039028,172.31.46.0-255,172,132146,41,140800
2727,0.039063,172.31.46.0-255,1118,133264,41,140800
2728,0.039129,172.31.46.0-255,1514,134778,41,140800
2729,0.039131,172.31.46.0-255,1514,136292,41,140800
2730,0.039135,172.31.46.0-255,1514,137806,41,140800
2731,0.039136,172.31.46.0-255,1514,139320,41,140800
2732,0.039157,172.31.46.0-255,1480,140800,41,140800
2733,0.0,74.125.200.0-255,153,153,41,106980
2734,2.3e-05,172.31.46.0-255,66,219,41,106980
2735,3e-05,74.125.200.0-255,1484,1703,41,106980
2736,3.5e-05,172.31.46.0-255,66,1769,41,106980
2737,6.7e-05,74.125.200.0-255,2902,4671,41,106980
2738,7.6e-05,172.31.46.0-255,66,4737,41,106980
2739,8.6e-05,172.31.46.0-255,66,4803,41,106980
2740,9e-05,74.125.200.0-255,2902,7705,41,106980
2741,9.4e-05,172.31.46.0-255,66,7771,41,106980
2742,0.000124,74.125.200.0-255,636,8407,41,106980
2743,0.000126,172.31.46.0-255,66,8473,41,106980
2744,0.000181,74.125.200.0-255,1484,9957,41,106980
2745,0.000184,172.31.46.0-255,66,10023,41,106980
2746,0.000213,74.125.200.0-255,2902,12925,41,106980
2747,0.000216,172.31.46.0-255,66,12991,41,106980
2748,0.000225,172.31.46.0-255,66,13057,41,106980
2749,0.00024,172.31.46.0-255,66,13123,41,106980
2750,0.000243,74.125.200.0-255,1484,14607,41,106980
2751,0.000245,172.31.46.0-255,66,14673,41,106980
2752,0.000286,172.31.46.0-255,66,14739,41,106980
2753,0.000291,74.125.200.0-255,4320,19059,41,106980
2754,0.000293,172.31.46.0-255,66,19125,41,106980
2755,0.000308,172.31.46.0-255,66,19191,41,106980
2756,0.000432,74.125.200.0-255,1484,20675,41,106980
2757,0.000437,172.31.46.0-255,66,20741,41,106980
2758,0.000443,74.125.200.0-255,2902,23643,41,106980
2759,0.000445,172.31.46.0-255,66,23709,41,106980
2760,0.000475,172.31.46.0-255,66,23775,41,106980
2761,0.000479,74.125.200.0-255,2902,26677,41,106980
2762,0.000481,172.31.46.0-255,66,26743,41,106980
2763,0.000492,74.125.200.0-255,3961,30704,41,106980
2764,0.000494,172.31.46.0-255,66,30770,41,106980
2765,0.000505,74.125.200.0-255,645,31415,41,106980
2766,0.000905,74.125.200.0-255,1484,32899,41,106980
2767,0.00091,172.31.46.0-255,66,32965,41,106980
2768,0.000936,74.125.200.0-255,1484,34449,41,106980
2769,0.000941,74.125.200.0-255,2902,37351,41,106980
2770,0.000943,172.31.46.0-255,66,37417,41,106980
2771,0.000946,74.125.200.0-255,1484,38901,41,106980
2772,0.000968,74.125.200.0-255,4320,43221,41,106980
2773,0.00097,172.31.46.0-255,66,43287,41,106980
2774,0.000979,172.31.46.0-255,66,43353,41,106980
2775,0.001024,74.125.200.0-255,2902,46255,41,106980
2776,0.001027,172.31.46.0-255,66,46321,41,106980
2777,0.001053,74.125.200.0-255,1484,47805,41,106980
2778,0.001063,172.31.46.0-255,66,47871,41,106980
2779,0.001093,172.31.46.0-255,66,47937,41,106980
2780,0.001109,74.125.200.0-255,1125,49062,41,106980
2781,0.00139,74.125.200.0-255,1484,50546,41,106980
2782,0.001394,172.31.46.0-255,66,50612,41,106980
2783,0.001426,74.125.200.0-255,2902,53514,41,106980
2784,0.001429,172.31.46.0-255,66,53580,41,106980
2785,0.001453,172.31.46.0-255,66,53646,41,106980
2786,0.001457,74.125.200.0-255,2902,56548,41,106980
2787,0.00146,172.31.46.0-255,66,56614,41,106980
2788,0.001466,74.125.200.0-255,4320,60934,41,106980
2789,0.001468,172.31.46.0-255,66,61000,41,106980
2790,0.001471,74.125.200.0-255,1484,62484,41,106980
2791,0.001514,172.31.46.0-255,66,62550,41,106980
2792,0.001523,172.31.46.0-255,66,62616,41,106980
2793,0.001552,74.125.200.0-255,2184,64800,41,106980
2794,0.001554,172.31.46.0-255,66,64866,41,106980
2795,0.001679,74.125.200.0-255,1484,66350,41,106980
2796,0.001708,74.125.200.0-255,2902,69252,41,106980
2797,0.001712,172.31.46.0-255,66,69318,41,106980
2798,0.001776,74.125.200.0-255,2902,72220,41,106980
2799,0.001781,74.125.200.0-255,4320,76540,41,106980
2800,0.001786,74.125.200.0-255,4320,80860,41,106980
2801,0.001791,172.31.46.0-255,66,80926,41,106980
2802,0.001799,172.31.46.0-255,66,80992,41,106980
2803,0.001802,172.31.46.0-255,66,81058,41,106980
2804,0.001813,74.125.200.0-255,4320,85378,41,106980
2805,0.001815,172.31.46.0-255,66,85444,41,106980
2806,0.001824,172.31.46.0-255,66,85510,41,106980
2807,0.00186,172.31.46.0-255,66,85576,41,106980
2808,0.001886,74.125.200.0-255,766,86342,41,106980
2809,0.002222,74.125.200.0-255,1484,87826,41,106980
2810,0.002226,172.31.46.0-255,66,87892,41,106980
2811,0.002231,74.125.200.0-255,1484,89376,41,106980
2812,0.00226,74.125.200.0-255,1484,90860,41,106980
2813,0.002262,172.31.46.0-255,66,90926,41,106980
2814,0.002268,74.125.200.0-255,4320,95246,41,106980
2815,0.00227,172.31.46.0-255,66,95312,41,106980
2816,0.002284,172.31.46.0-255,66,95378,41,106980
2817,0.002287,74.125.200.0-255,1484,96862,41,106980
2818,0.002321,172.31.46.0-255,66,96928,41,106980
2819,0.002344,74.125.200.0-255,1484,98412,41,106980
2820,0.002353,172.31.46.0-255,66,98478,41,106980
2821,0.002357,74.125.200.0-255,2184,100662,41,106980
2822,0.00236,172.31.46.0-255,66,100728,41,106980
2823,0.004692,172.31.46.0-255,66,100794,41,106980
2824,0.007038,172.31.46.0-255,66,100860,41,106980
2825,0.009386,172.31.46.0-255,66,100926,41,106980
2826,0.011739,172.31.46.0-255,66,100992,41,106980
2827,0.014109,172.31.46.0-255,66,101058,41,106980
2828,0.016481,172.31.46.0-255,66,101124,41,106980
2829,0.018854,172.31.46.0-255,66,101190,41,106980
2830,0.021222,172.31.46.0-255,66,101256,41,106980
2831,0.023598,172.31.46.0-255,66,101322,41,106980
2832,0.025995,172.31.46.0-255,66,101388,41,106980
2833,0.028377,172.31.46.0-255,66,101454,41,106980
2834,0.030734,172.31.46.0-255,66,101520,41,106980
2835,0.031565,172.31.46.0-255,172,101692,41,106980
2836,0.031599,172.31.46.0-255,1115,102807,41,106980
2837,0.031658,172.31.46.0-255,1514,104321,41,106980
2838,0.03166,172.31.46.0-255,1514,105835,41,106980
2839,0.031661,172.31.46.0-255,683,106518,41,106980
2840,0.033096,172.31.46.0-255,66,106584,41,106980
2841,0.033212,104.244.42.0-255,66,106650,41,106980
2842,0.033312,104.244.42.0-255,66,106716,41,106980
2843,0.033358,104.244.42.0-255,66,106782,41,106980
2844,0.033362,104.244.42.0-255,66,106848,41,106980
2845,0.035446,172.31.46.0-255,66,106914,41,106980
2846,0.037789,172.31.46.0-255,66,106980,41,106980
2847,0.0,172.217.194.0-255,146,146,41,100203
2848,1.6e-05,172.31.46.0-255,66,212,41,100203
2849,2.2e-05,172.217.194.0-255,1484,1696,41,100203
2850,2.7e-05,172.31.46.0-255,66,1762,41,100203
2851,3.2e-05,172.217.194.0-255,2902,4664,41,100203
2852,4.2e-05,172.31.46.0-255,66,4730,41,100203
2853,5.4e-05,172.31.46.0-255,66,4796,41,100203
2854,9.9e-05,172.217.194.0-255,2044,6840,41,100203
2855,0.000103,172.31.46.0-255,66,6906,41,100203
2856,0.000108,172.217.194.0-255,2902,9808,41,100203
2857,0.00011,172.31.46.0-255,66,9874,41,100203
2858,0.000116,172.217.194.0-255,4320,14194,41,100203
2859,0.000124,172.31.46.0-255,66,14260,41,100203
2860,0.000156,172.217.194.0-255,2902,17162,41,100203
2861,0.000158,172.31.46.0-255,66,17228,41,100203
2862,0.000168,172.31.46.0-255,66,17294,41,100203
2863,0.00021,172.217.194.0-255,1484,18778,41,100203
2864,0.000212,172.31.46.0-255,66,18844,41,100203
2865,0.000233,172.217.194.0-255,2902,21746,41,100203
2866,0.000236,172.31.46.0-255,66,21812,41,100203
2867,0.000241,172.217.194.0-255,4320,26132,41,100203
2868,0.000243,172.31.46.0-255,66,26198,41,100203
2869,0.000272,172.217.194.0-255,1484,27682,41,100203
2870,0.000274,172.31.46.0-255,66,27748,41,100203
2871,0.000293,172.31.46.0-255,66,27814,41,100203
2872,0.000304,172.31.46.0-255,66,27880,41,100203
2873,0.000342,172.217.194.0-255,120,28000,41,100203
2874,0.000344,172.31.46.0-255,66,28066,41,100203
2875,0.000347,172.217.194.0-255,383,28449,41,100203
2876,0.000572,172.217.194.0-255,1484,29933,41,100203
2877,0.000577,172.31.46.0-255,66,29999,41,100203
2878,0.000584,172.217.194.0-255,2902,32901,41,100203
2879,0.000587,172.31.46.0-255,66,32967,41,100203
2880,0.000596,172.217.194.0-255,2902,35869,41,100203
2881,0.000598,172.31.46.0-255,66,35935,41,100203
2882,0.000632,172.217.194.0-255,2902,38837,41,100203
2883,0.000635,172.31.46.0-255,66,38903,41,100203
2884,0.000654,172.31.46.0-255,66,38969,41,100203
2885,0.000656,172.217.194.0-255,1484,40453,41,100203
2886,0.000681,172.217.194.0-255,4320,44773,41,100203
2887,0.000683,172.31.46.0-255,66,44839,41,100203
2888,0.000728,172.31.46.0-255,66,44905,41,100203
2889,0.000732,172.217.194.0-255,2529,47434,41,100203
2890,0.000735,172.31.46.0-255,66,47500,41,100203
2891,0.00084,172.217.194.0-255,1484,48984,41,100203
2892,0.000846,172.217.194.0-255,2902,51886,41,100203
2893,0.000849,172.31.46.0-255,66,51952,41,100203
2894,0.000877,172.217.194.0-255,4320,56272,41,100203
2895,0.00088,172.31.46.0-255,66,56338,41,100203
2896,0.000906,172.217.194.0-255,1484,57822,41,100203
2897,0.00091,172.217.194.0-255,1484,59306,41,100203
2898,0.000912,172.31.46.0-255,66,59372,41,100203
2899,0.000927,172.31.46.0-255,66,59438,41,100203
2900,0.000968,172.31.46.0-255,66,59504,41,100203
2901,0.001013,172.31.46.0-255,66,59570,41,100203
2902,0.001034,172.31.46.0-255,66,59636,41,100203
2903,0.001038,172.217.194.0-255,1533,61169,41,100203
2904,0.00104,172.31.46.0-255,66,61235,41,100203
2905,0.001051,172.31.46.0-255,66,61301,41,100203
2906,0.001086,172.31.46.0-255,66,61367,41,100203
2907,0.001117,172.31.46.0-255,101,61468,41,100203
2908,0.001124,172.217.194.0-255,1484,62952,41,100203
2909,0.001129,172.217.194.0-255,2902,65854,41,100203
2910,0.001137,172.31.46.0-255,66,65920,41,100203
2911,0.00116,172.31.46.0-255,66,65986,41,100203
2912,0.00117,172.31.46.0-255,66,66052,41,100203
2913,0.001215,172.31.46.0-255,66,66118,41,100203
2914,0.001232,172.31.46.0-255,66,66184,41,100203
2915,0.002056,172.217.194.0-255,1484,67668,41,100203
2916,0.002063,172.217.194.0-255,2902,70570,41,100203
2917,0.002066,172.31.46.0-255,66,70636,41,100203
2918,0.002071,172.217.194.0-255,1484,72120,41,100203
2919,0.002099,172.217.194.0-255,4320,76440,41,100203
2920,0.002102,172.31.46.0-255,66,76506,41,100203
2921,0.002112,172.31.46.0-255,66,76572,41,100203
2922,0.002162,172.31.46.0-255,66,76638,41,100203
2923,0.002166,172.217.194.0-255,2184,78822,41,100203
2924,0.002168,172.31.46.0-255,66,78888,41,100203
2925,0.002225,172.31.46.0-255,66,78954,41,100203
2926,0.002305,172.217.194.0-255,1484,80438,41,100203
2927,0.002333,172.217.194.0-255,2902,83340,41,100203
2928,0.002386,172.217.194.0-255,1484,84824,41,100203
2929,0.0024,172.217.194.0-255,1484,86308,41,100203
2930,0.0025,172.217.194.0-255,3602,89910,41,100203
2931,0.002524,172.217.194.0-255,1484,91394,41,100203
2932,0.002572,172.217.194.0-255,3202,94596,41,100203
2933,0.002598,172.217.194.0-255,105,94701,41,100203
2934,0.003792,172.217.194.0-255,66,94767,41,100203
2935,0.007171,172.31.46.0-255,66,94833,41,100203
2936,0.007176,172.31.46.0-255,66,94899,41,100203
2937,0.007179,172.31.46.0-255,66,94965,41,100203
2938,0.007182,172.31.46.0-255,66,95031,41,100203
2939,0.007195,172.31.46.0-255,66,95097,41,100203
2940,0.007198,172.31.46.0-255,66,95163,41,100203
2941,0.0072,172.31.46.0-255,66,95229,41,100203
2942,0.007203,172.31.46.0-255,66,95295,41,100203
2943,0.007206,172.31.46.0-255,66,95361,41,100203
2944,0.00721,172.31.46.0-255,66,95427,41,100203
2945,0.007214,172.31.46.0-255,66,95493,41,100203
2946,0.007217,172.31.46.0-255,66,95559,41,100203
2947,0.00722,172.31.46.0-255,66,95625,41,100203
2948,0.007225,172.31.46.0-255,66,95691,41,100203
2949,0.007227,172.31.46.0-255,66,95757,41,100203
2950,0.009601,172.31.46.0-255,105,95862,41,100203
2951,0.01229,172.217.194.0-255,66,95928,41,100203
2952,0.033213,172.31.46.0-255,172,96100,41,100203
2953,0.033248,172.31.46.0-255,1118,97218,41,100203
2954,0.033314,172.31.46.0-255,1514,98732,41,100203
2955,0.033316,172.31.46.0-255,1273,100005,41,100203
2956,0.034862,104.244.42.0-255,66,100071,41,100203
2957,0.034899,104.244.42.0-255,66,100137,41,100203
2958,0.035002,104.244.42.0-255,66,100203,41,100203
2959,0.0,172.217.194.0-255,153,153,41,107116
2960,2e-05,172.31.46.0-255,66,219,41,107116
2961,2.7e-05,172.217.194.0-255,1484,1703,41,107116
2962,3e-05,172.31.46.0-255,66,1769,41,107116
2963,3.5e-05,172.217.194.0-255,2902,4671,41,107116
2964,3.8e-05,172.31.46.0-255,66,4737,41,107116
2965,5.4e-05,172.31.46.0-255,66,4803,41,107116
2966,9.9e-05,172.217.194.0-255,2028,6831,41,107116
2967,0.000102,172.31.46.0-255,66,6897,41,107116
2968,0.000127,172.217.194.0-255,1484,8381,41,107116
2969,0.000129,172.31.46.0-255,66,8447,41,107116
2970,0.000133,172.217.194.0-255,2902,11349,41,107116
2971,0.000135,172.31.46.0-255,66,11415,41,107116
2972,0.000163,172.31.46.0-255,66,11481,41,107116
2973,0.000167,172.217.194.0-255,2902,14383,41,107116
2974,0.000169,172.31.46.0-255,66,14449,41,107116
2975,0.000196,172.217.194.0-255,3961,18410,41,107116
2976,0.000198,172.31.46.0-255,66,18476,41,107116
2977,0.000214,172.31.46.0-255,66,18542,41,107116
2978,0.00024,172.31.46.0-255,66,18608,41,107116
2979,0.000263,172.31.46.0-255,66,18674,41,107116
2980,0.000266,172.217.194.0-255,1078,19752,41,107116
2981,0.000268,172.31.46.0-255,66,19818,41,107116
2982,0.000294,172.217.194.0-255,99,19917,41,107116
2983,0.000295,172.31.46.0-255,66,19983,41,107116
2984,0.000404,172.217.194.0-255,1484,21467,41,107116
2985,0.000407,172.31.46.0-255,66,21533,41,107116
2986,0.000412,172.217.194.0-255,2902,24435,41,107116
2987,0.000414,172.31.46.0-255,66,24501,41,107116
2988,0.000419,172.217.194.0-255,2902,27403,41,107116
2989,0.00042,172.31.46.0-255,66,27469,41,107116
2990,0.000447,172.217.194.0-255,2902,30371,41,107116
2991,0.00045,172.31.46.0-255,66,30437,41,107116
2992,0.000461,172.31.46.0-255,66,30503,41,107116
2993,0.000481,172.217.194.0-255,1484,31987,41,107116
2994,0.000492,172.31.46.0-255,66,32053,41,107116
2995,0.00051,172.217.194.0-255,1064,33117,41,107116
2996,0.000571,172.217.194.0-255,1484,34601,41,107116
2997,0.000573,172.31.46.0-255,66,34667,41,107116
2998,0.000578,172.217.194.0-255,2902,37569,41,107116
2999,0.00058,172.31.46.0-255,66,37635,41,107116
3000,0.000614,172.31.46.0-255,66,37701,41,107116
3001,0.000626,172.31.46.0-255,66,37767,41,107116
3002,0.000656,172.217.194.0-255,2902,40669,41,107116
3003,0.000658,172.31.46.0-255,66,40735,41,107116
3004,0.000669,172.31.46.0-255,66,40801,41,107116
3005,0.000823,172.217.194.0-255,1484,42285,41,107116
3006,0.000827,172.217.194.0-255,1484,43769,41,107116
3007,0.000831,172.31.46.0-255,66,43835,41,107116
3008,0.000858,172.217.194.0-255,1484,45319,41,107116
3009,0.000867,172.31.46.0-255,66,45385,41,107116
3010,0.000875,172.31.46.0-255,66,45451,41,107116
3011,0.000907,172.31.46.0-255,66,45517,41,107116
3012,0.000925,172.31.46.0-255,66,45583,41,107116
3013,0.000927,172.217.194.0-255,766,46349,41,107116
3014,0.001217,172.217.194.0-255,1484,47833,41,107116
3015,0.001221,172.31.46.0-255,66,47899,41,107116
3016,0.001227,172.217.194.0-255,2902,50801,41,107116
3017,0.001229,172.31.46.0-255,66,50867,41,107116
3018,0.001242,172.31.46.0-255,66,50933,41,107116
3019,0.001285,172.31.46.0-255,66,50999,41,107116
3020,0.001328,172.217.194.0-255,4320,55319,41,107116
3021,0.001331,172.31.46.0-255,66,55385,41,107116
3022,0.001366,172.31.46.0-255,66,55451,41,107116
3023,0.001369,172.217.194.0-255,1484,56935,41,107116
3024,0.001373,172.217.194.0-255,2902,59837,41,107116
3025,0.001375,172.31.46.0-255,66,59903,41,107116
3026,0.001383,172.31.46.0-255,66,59969,41,107116
3027,0.001389,172.217.194.0-255,4320,64289,41,107116
3028,0.001391,172.31.46.0-255,66,64355,41,107116
3029,0.001415,172.217.194.0-255,2902,67257,41,107116
3030,0.001421,172.31.46.0-255,66,67323,41,107116
3031,0.001442,172.31.46.0-255,66,67389,41,107116
3032,0.001452,172.31.46.0-255,66,67455,41,107116
3033,0.00148,172.31.46.0-255,66,67521,41,107116
3034,0.001537,172.31.46.0-255,66,67587,41,107116
3035,0.001548,172.31.46.0-255,66,67653,41,107116
3036,0.001584,172.31.46.0-255,66,67719,41,107116
3037,0.001599,172.31.46.0-255,66,67785,41,107116
3038,0.001601,172.217.194.0-255,1484,69269,41,107116
3039,0.001644,172.31.46.0-255,66,69335,41,107116
3040,0.001755,172.217.194.0-255,1484,70819,41,107116
3041,0.001763,172.217.194.0-255,2902,73721,41,107116
3042,0.001767,172.31.46.0-255,66,73787,41,107116
3043,0.001772,172.217.194.0-255,2902,76689,41,107116
3044,0.001774,172.31.46.0-255,66,76755,41,107116
3045,0.001798,172.217.194.0-255,2902,79657,41,107116
3046,0.0018,172.31.46.0-255,66,79723,41,107116
3047,0.001813,172.31.46.0-255,66,79789,41,107116
3048,0.001827,172.31.46.0-255,66,79855,41,107116
3049,0.001849,172.217.194.0-255,3602,83457,41,107116
3050,0.001852,172.31.46.0-255,66,83523,41,107116
3051,0.001873,172.217.194.0-255,4320,87843,41,107116
3052,0.001876,172.31.46.0-255,66,87909,41,107116
3053,0.001955,172.31.46.0-255,66,87975,41,107116
3054,0.002196,172.217.194.0-255,1484,89459,41,107116
3055,0.002202,172.217.194.0-255,2902,92361,41,107116
3056,0.002204,172.31.46.0-255,66,92427,41,107116
3057,0.00226,172.31.46.0-255,66,92493,41,107116
3058,0.00231,172.31.46.0-255,66,92559,41,107116
3059,0.002322,172.217.194.0-255,4058,96617,41,107116
3060,0.002345,172.31.46.0-255,66,96683,41,107116
3061,0.004567,172.217.194.0-255,105,96788,41,107116
3062,0.006932,172.31.46.0-255,66,96854,41,107116
3063,0.006972,172.31.46.0-255,105,96959,41,107116
3064,0.009258,172.217.194.0-255,66,97025,41,107116
3065,0.028782,172.31.46.0-255,172,97197,41,107116
3066,0.02882,172.31.46.0-255,1118,98315,41,107116
3067,0.028893,172.31.46.0-255,1514,99829,41,107116
3068,0.028895,172.31.46.0-255,1514,101343,41,107116
3069,0.028896,172.31.46.0-255,1514,102857,41,107116
3070,0.028898,172.31.46.0-255,1514,104371,41,107116
3071,0.028925,172.31.46.0-255,1514,105885,41,107116
3072,0.028927,172.31.46.0-255,967,106852,41,107116
3073,0.030341,104.244.42.0-255,66,106918,41,107116
3074,0.030365,104.244.42.0-255,66,106984,41,107116
3075,0.030498,104.244.42.0-255,66,107050,41,107116
3076,0.030506,104.244.42.0-255,66,107116,41,107116
3077,0.0,74.125.200.0-255,148,148,41,183165
3078,1.6e-05,172.31.46.0-255,66,214,41,183165
3079,2.4e-05,74.125.200.0-255,1484,1698,41,183165
3080,2.9e-05,172.31.46.0-255,66,1764,41,183165
3081,3.2e-05,74.125.200.0-255,1484,3248,41,183165
3082,3.5e-05,172.31.46.0-255,66,3314,41,183165
3083,6.4e-05,74.125.200.0-255,2902,6216,41,183165
3084,6.8e-05,172.31.46.0-255,66,6282,41,183165
3085,7.8e-05,172.31.46.0-255,66,6348,41,183165
3086,8.2e-05,74.125.200.0-255,2152,8500,41,183165
3087,8.4e-05,172.31.46.0-255,66,8566,41,183165
3088,8.9e-05,74.125.200.0-255,2902,11468,41,183165
3089,9.2e-05,172.31.46.0-255,66,11534,41,183165
3090,0.000115,74.125.200.0-255,4320,15854,41,183165
3091,0.000118,172.31.46.0-255,66,15920,41,183165
3092,0.000136,74.125.200.0-255,2902,18822,41,183165
3093,0.000138,172.31.46.0-255,66,18888,41,183165
3094,0.000143,74.125.200.0-255,4320,23208,41,183165
3095,0.000145,172.31.46.0-255,66,23274,41,183165
3096,0.000163,74.125.200.0-255,2543,25817,41,183165
3097,0.000165,172.31.46.0-255,66,25883,41,183165
3098,0.000649,74.125.200.0-255,1484,27367,41,183165
3099,0.000655,172.31.46.0-255,66,27433,41,183165
3100,0.000676,74.125.200.0-255,2902,30335,41,183165
3101,0.000678,172.31.46.0-255,66,30401,41,183165
3102,0.000688,172.31.46.0-255,66,30467,41,183165
3103,0.000693,74.125.200.0-255,4320,34787,41,183165
3104,0.000695,172.31.46.0-255,66,34853,41,183165
3105,0.000724,172.31.46.0-255,66,34919,41,183165
3106,0.000727,74.125.200.0-255,1484,36403,41,183165
3107,0.000754,172.31.46.0-255,66,36469,41,183165
3108,0.000758,74.125.200.0-255,2184,38653,41,183165
3109,0.00076,172.31.46.0-255,66,38719,41,183165
3110,0.000895,74.125.200.0-255,399,39118,41,183165
3111,0.000922,74.125.200.0-255,1484,40602,41,183165
3112,0.000926,172.31.46.0-255,66,40668,41,183165
3113,0.000939,74.125.200.0-255,1484,42152,41,183165
3114,0.000966,74.125.200.0-255,2902,45054,41,183165
3115,0.00097,172.31.46.0-255,66,45120,41,183165
3116,0.000998,172.31.46.0-255,66,45186,41,183165
3117,0.001002,74.125.200.0-255,2902,48088,41,183165
3118,0.001004,172.31.46.0-255,66,48154,41,183165
3119,0.001008,74.125.200.0-255,1484,49638,41,183165
3120,0.001031,74.125.200.0-255,2902,52540,41,183165
3121,0.001034,172.31.46.0-255,66,52606,41,183165
3122,0.001039,74.125.200.0-255,2902,55508,41,183165
3123,0.001041,172.31.46.0-255,66,55574,41,183165
3124,0.001062,172.31.46.0-255,66,55640,41,183165
3125,0.001066,74.125.200.0-255,2902,58542,41,183165
3126,0.001069,172.31.46.0-255,66,58608,41,183165
3127,0.001108,74.125.200.0-255,1484,60092,41,183165
3128,0.001124,74.125.200.0-255,2184,62276,41,183165
3129,0.001127,172.31.46.0-255,66,62342,41,183165
3130,0.001314,74.125.200.0-255,1484,63826,41,183165
3131,0.00132,74.125.200.0-255,2902,66728,41,183165
3132,0.001324,172.31.46.0-255,66,66794,41,183165
3133,0.001329,74.125.200.0-255,4320,71114,41,183165
3134,0.001332,172.31.46.0-255,66,71180,41,183165
3135,0.001343,74.125.200.0-255,1484,72664,41,183165
3136,0.001372,74.125.200.0-255,1484,74148,41,183165
3137,0.001375,172.31.46.0-255,66,74214,41,183165
3138,0.001398,172.31.46.0-255,66,74280,41,183165
3139,0.00141,172.31.46.0-255,66,74346,41,183165
3140,0.001415,74.125.200.0-255,3602,77948,41,183165
3141,0.001417,172.31.46.0-255,66,78014,41,183165
3142,0.001423,74.125.200.0-255,4320,82334,41,183165
3143,0.001426,172.31.46.0-255,66,82400,41,183165
3144,0.001463,172.31.46.0-255,66,82466,41,183165
3145,0.001468,74.125.200.0-255,4320,86786,41,183165
3146,0.001471,172.31.46.0-255,66,86852,41,183165
3147,0.001485,74.125.200.0-255,1484,88336,41,183165
3148,0.001495,172.31.46.0-255,66,88402,41,183165
3149,0.001515,74.125.200.0-255,1484,89886,41,183165
3150,0.001528,74.125.200.0-255,3602,93488,41,183165
3151,0.001531,172.31.46.0-255,66,93554,41,183165
3152,0.001554,74.125.200.0-255,1484,95038,41,183165
3153,0.001576,74.125.200.0-255,4320,99358,41,183165
3154,0.001578,172.31.46.0-255,66,99424,41,183165
3155,0.0016,172.31.46.0-255,66,99490,41,183165
3156,0.001617,74.125.200.0-255,1484,100974,41,183165
3157,0.001622,74.125.200.0-255,4320,105294,41,183165
3158,0.001624,172.31.46.0-255,66,105360,41,183165
3159,0.001659,172.31.46.0-255,66,105426,41,183165
3160,0.001668,172.31.46.0-255,66,105492,41,183165
3161,0.001681,74.125.200.0-255,2184,107676,41,183165
3162,0.001684,172.31.46.0-255,66,107742,41,183165
3163,0.001734,74.125.200.0-255,1484,109226,41,183165
3164,0.001767,74.125.200.0-255,2902,112128,41,183165
3165,0.001771,172.31.46.0-255,66,112194,41,183165
3166,0.001774,74.125.200.0-255,1484,113678,41,183165
3167,0.001777,74.125.200.0-255,1484,115162,41,183165
3168,0.00178,172.31.46.0-255,66,115228,41,183165
3169,0.001803,74.125.200.0-255,4320,119548,41,183165
3170,0.001805,74.125.200.0-255,1484,121032,41,183165
3171,0.001809,172.31.46.0-255,66,121098,41,183165
3172,0.001826,172.31.46.0-255,66,121164,41,183165
3173,0.001856,74.125.200.0-255,1484,122648,41,183165
3174,0.00186,172.31.46.0-255,66,122714,41,183165
3175,0.00187,74.125.200.0-255,2902,125616,41,183165
3176,0.001872,172.31.46.0-255,66,125682,41,183165
3177,0.001907,74.125.200.0-255,5020,130702,41,183165
3178,0.00191,172.31.46.0-255,66,130768,41,183165
3179,0.001914,74.125.200.0-255,1484,132252,41,183165
3180,0.001941,74.125.200.0-255,2902,135154,41,183165
3181,0.001946,172.31.46.0-255,66,135220,41,183165
3182,0.00197,172.31.46.0-255,66,135286,41,183165
3183,0.001978,74.125.200.0-255,1484,136770,41,183165
3184,0.001992,74.125.200.0-255,2902,139672,41,183165
3185,0.001995,172.31.46.0-255,66,139738,41,183165
3186,0.002019,172.31.46.0-255,66,139804,41,183165
3187,0.002024,74.125.200.0-255,2902,142706,41,183165
3188,0.002026,172.31.46.0-255,66,142772,41,183165
3189,0.002041,74.125.200.0-255,2902,145674,41,183165
3190,0.002045,172.31.46.0-255,66,145740,41,183165
3191,0.002083,74.125.200.0-255,2902,148642,41,183165
3192,0.002086,172.31.46.0-255,66,148708,41,183165
3193,0.002101,74.125.200.0-255,2184,150892,41,183165
3194,0.002104,172.31.46.0-255,66,150958,41,183165
3195,0.002107,74.125.200.0-255,344,151302,41,183165
3196,0.002191,74.125.200.0-255,1484,152786,41,183165
3197,0.002195,172.31.46.0-255,66,152852,41,183165
3198,0.002216,74.125.200.0-255,2902,155754,41,183165
3199,0.002219,172.31.46.0-255,66,155820,41,183165
3200,0.002241,74.125.200.0-255,4320,160140,41,183165
3201,0.002243,172.31.46.0-255,66,160206,41,183165
3202,0.002297,172.31.46.0-255,66,160272,41,183165
3203,0.00231,74.125.200.0-255,1484,161756,41,183165
3204,0.002336,172.31.46.0-255,66,161822,41,183165
3205,0.00234,74.125.200.0-255,2902,164724,41,183165
3206,0.002342,172.31.46.0-255,66,164790,41,183165
3207,0.002369,74.125.200.0-255,3602,168392,41,183165
3208,0.002372,172.31.46.0-255,66,168458,41,183165
3209,0.004895,74.125.200.0-255,2902,171360,41,183165
3210,0.004903,172.31.46.0-255,66,171426,41,183165
3211,0.004924,74.125.200.0-255,2902,174328,41,183165
3212,0.004926,172.31.46.0-255,66,174394,41,183165
3213,0.007446,74.125.200.0-255,2902,177296,41,183165
3214,0.007452,172.31.46.0-255,66,177362,41,183165
3215,0.007474,74.125.200.0-255,2902,180264,41,183165
3216,0.007476,172.31.46.0-255,66,180330,41,183165
3217,0.010005,172.31.46.0-255,66,180396,41,183165
3218,0.012563,172.31.46.0-255,66,180462,41,183165
3219,0.015132,172.31.46.0-255,66,180528,41,183165
3220,0.017709,172.31.46.0-255,66,180594,41,183165
3221,0.020297,172.31.46.0-255,66,180660,41,183165
3222,0.022874,172.31.46.0-255,66,180726,41,183165
3223,0.02543,172.31.46.0-255,66,180792,41,183165
3224,0.027996,172.31.46.0-255,66,180858,41,183165
3225,0.030548,172.31.46.0-255,66,180924,41,183165
3226,0.03311,172.31.46.0-255,66,180990,41,183165
3227,0.034355,172.31.46.0-255,172,181162,41,183165
3228,0.034389,172.31.46.0-255,1119,182281,41,183165
3229,0.034443,172.31.46.0-255,554,182835,41,183165
3230,0.035681,172.31.46.0-255,66,182901,41,183165
3231,0.035909,104.244.42.0-255,66,182967,41,183165
3232,0.035956,104.244.42.0-255,66,183033,41,183165
3233,0.035958,104.244.42.0-255,66,183099,41,183165
3234,0.038248,172.31.46.0-255,66,183165,41,183165
3235,0.0,74.125.200.0-255,739,739,41,39901
3236,1.6e-05,74.125.200.0-255,1484,2223,41,39901
3237,2.5e-05,172.31.46.0-255,66,2289,41,39901
3238,4.8e-05,74.125.200.0-255,2902,5191,41,39901
3239,5e-05,172.31.46.0-255,66,5257,41,39901
3240,6.3e-05,74.125.200.0-255,4320,9577,41,39901
3241,6.5e-05,172.31.46.0-255,66,9643,41,39901
3242,8e-05,74.125.200.0-255,1484,11127,41,39901
3243,0.000281,172.31.46.0-255,66,11193,41,39901
3244,0.000297,74.125.200.0-255,243,11436,41,39901
3245,0.000502,74.125.200.0-255,4320,15756,41,39901
3246,0.000507,172.31.46.0-255,66,15822,41,39901
3247,0.000524,172.31.46.0-255,66,15888,41,39901
3248,0.00098,74.125.200.0-255,1484,17372,41,39901
3249,0.002348,172.31.46.0-255,66,17438,41,39901
3250,0.002473,74.125.200.0-255,1484,18922,41,39901
3251,0.00262,172.31.46.0-255,66,18988,41,39901
3252,0.002963,74.125.200.0-255,4320,23308,41,39901
3253,0.002968,172.31.46.0-255,66,23374,41,39901
3254,0.003725,74.125.200.0-255,1484,24858,41,39901
3255,0.003741,74.125.200.0-255,4320,29178,41,39901
3256,0.003775,74.125.200.0-255,1484,30662,41,39901
3257,0.006372,172.31.46.0-255,66,30728,41,39901
3258,0.008734,172.31.46.0-255,66,30794,41,39901
3259,0.008765,172.31.46.0-255,66,30860,41,39901
3260,0.008838,172.31.46.0-255,66,30926,41,39901
3261,0.008869,172.31.46.0-255,66,30992,41,39901
3262,0.009151,74.125.200.0-255,1484,32476,41,39901
3263,0.009187,172.31.46.0-255,66,32542,41,39901
3264,0.009499,172.31.46.0-255,66,32608,41,39901
3265,0.009531,172.31.46.0-255,66,32674,41,39901
3266,0.009828,172.31.46.0-255,66,32740,41,39901
3267,0.009859,172.31.46.0-255,66,32806,41,39901
3268,0.010151,172.31.46.0-255,66,32872,41,39901
3269,0.010175,172.31.46.0-255,66,32938,41,39901
3270,0.011032,74.125.200.0-255,1614,34552,41,39901
3271,0.011039,172.31.46.0-255,66,34618,41,39901
3272,0.011074,74.125.200.0-255,2902,37520,41,39901
3273,0.011076,172.31.46.0-255,66,37586,41,39901
3274,0.011102,172.31.46.0-255,66,37652,41,39901
3275,0.011126,172.31.46.0-255,66,37718,41,39901
3276,0.011175,172.31.46.0-255,66,37784,41,39901
3277,0.011664,74.125.200.0-255,1484,39268,41,39901
3278,0.011723,172.31.46.0-255,66,39334,41,39901
3279,0.011772,172.31.46.0-255,66,39400,41,39901
3280,0.012548,172.31.46.0-255,66,39466,41,39901
3281,0.012585,172.31.46.0-255,66,39532,41,39901
3282,0.012623,172.31.46.0-255,66,39598,41,39901
3283,0.013406,172.31.46.0-255,66,39664,41,39901
3284,0.013445,172.31.46.0-255,66,39730,41,39901
3285,0.01391,172.31.46.0-255,105,39835,41,39901
3286,0.016193,74.125.200.0-255,66,39901,41,39901
3287,0.0,74.125.24.0-255,152,152,41,100875
3288,2.2e-05,172.31.46.0-255,66,218,41,100875
3289,2.9e-05,74.125.24.0-255,1484,1702,41,100875
3290,3.3e-05,172.31.46.0-255,66,1768,41,100875
3291,3.9e-05,74.125.24.0-255,2902,4670,41,100875
3292,4.1e-05,172.31.46.0-255,66,4736,41,100875
3293,4.9e-05,172.31.46.0-255,66,4802,41,100875
3294,7.9e-05,172.31.46.0-255,66,4868,41,100875
3295,0.000102,172.31.46.0-255,66,4934,41,100875
3296,0.000123,172.31.46.0-255,66,5000,41,100875
3297,0.000162,74.125.24.0-255,1484,6484,41,100875
3298,0.000164,172.31.46.0-255,66,6550,41,100875
3299,0.000183,74.125.24.0-255,2902,9452,41,100875
3300,0.000185,172.31.46.0-255,66,9518,41,100875
3301,0.00019,74.125.24.0-255,4320,13838,41,100875
3302,0.000192,172.31.46.0-255,66,13904,41,100875
3303,0.000205,74.125.24.0-255,1484,15388,41,100875
3304,0.000207,172.31.46.0-255,66,15454,41,100875
3305,0.00021,74.125.24.0-255,1484,16938,41,100875
3306,0.000211,172.31.46.0-255,66,17004,41,100875
3307,0.000258,172.31.46.0-255,66,17070,41,100875
3308,0.000275,172.31.46.0-255,66,17136,41,100875
3309,0.000297,74.125.24.0-255,4231,21367,41,100875
3310,0.000299,172.31.46.0-255,66,21433,41,100875
3311,0.000442,74.125.24.0-255,385,21818,41,100875
3312,0.000446,172.31.46.0-255,66,21884,41,100875
3313,0.000486,74.125.24.0-255,1484,23368,41,100875
3314,0.000492,74.125.24.0-255,2902,26270,41,100875
3315,0.000495,172.31.46.0-255,66,26336,41,100875
3316,0.00051,74.125.24.0-255,1484,27820,41,100875
3317,0.000514,74.125.24.0-255,2902,30722,41,100875
3318,0.000516,172.31.46.0-255,66,30788,41,100875
3319,0.000532,172.31.46.0-255,66,30854,41,100875
3320,0.00058,172.31.46.0-255,66,30920,41,100875
3321,0.000585,74.125.24.0-255,2902,33822,41,100875
3322,0.000587,172.31.46.0-255,66,33888,41,100875
3323,0.000607,172.31.46.0-255,66,33954,41,100875
3324,0.000745,74.125.24.0-255,1484,35438,41,100875
3325,0.000757,74.125.24.0-255,1484,36922,41,100875
3326,0.00076,172.31.46.0-255,66,36988,41,100875
3327,0.000772,74.125.24.0-255,1484,38472,41,100875
3328,0.00078,172.31.46.0-255,66,38538,41,100875
3329,0.000783,74.125.24.0-255,1484,40022,41,100875
3330,0.000814,172.31.46.0-255,66,40088,41,100875
3331,0.000828,74.125.24.0-255,1484,41572,41,100875
3332,0.000831,74.125.24.0-255,1484,43056,41,100875
3333,0.000832,172.31.46.0-255,66,43122,41,100875
3334,0.000846,74.125.24.0-255,2902,46024,41,100875
3335,0.000849,172.31.46.0-255,66,46090,41,100875
3336,0.000873,172.31.46.0-255,66,46156,41,100875
3337,0.000921,74.125.24.0-255,1484,47640,41,100875
3338,0.000925,74.125.24.0-255,1484,49124,41,100875
3339,0.000927,172.31.46.0-255,66,49190,41,100875
3340,0.000941,74.125.24.0-255,1484,50674,41,100875
3341,0.00095,172.31.46.0-255,66,50740,41,100875
3342,0.000966,74.125.24.0-255,2902,53642,41,100875
3343,0.000969,172.31.46.0-255,66,53708,41,100875
3344,0.000987,172.31.46.0-255,66,53774,41,100875
3345,0.001019,74.125.24.0-255,1484,55258,41,100875
3346,0.001031,172.31.46.0-255,66,55324,41,100875
3347,0.001936,74.125.24.0-255,1484,56808,41,100875
3348,0.001944,74.125.24.0-255,2902,59710,41,100875
3349,0.001948,172.31.46.0-255,66,59776,41,100875
3350,0.001966,172.31.46.0-255,66,59842,41,100875
3351,0.00201,172.31.46.0-255,66,59908,41,100875
3352,0.002014,74.125.24.0-255,1484,61392,41,100875
3353,0.00204,172.31.46.0-255,66,61458,41,100875
3354,0.002053,74.125.24.0-255,2184,63642,41,100875
3355,0.002055,172.31.46.0-255,66,63708,41,100875
3356,0.002467,74.125.24.0-255,1484,65192,41,100875
3357,0.002476,74.125.24.0-255,2902,68094,41,100875
3358,0.00248,172.31.46.0-255,66,68160,41,100875
3359,0.002484,74.125.24.0-255,1484,69644,41,100875
3360,0.002503,74.125.24.0-255,4320,73964,41,100875
3361,0.002505,172.31.46.0-255,66,74030,41,100875
3362,0.002521,74.125.24.0-255,1484,75514,41,100875
3363,0.002555,172.31.46.0-255,66,75580,41,100875
3364,0.002581,172.31.46.0-255,66,75646,41,100875
3365,0.002609,172.31.46.0-255,66,75712,41,100875
3366,0.002619,172.31.46.0-255,66,75778,41,100875
3367,0.00264,74.125.24.0-255,2902,78680,41,100875
3368,0.002642,172.31.46.0-255,66,78746,41,100875
3369,0.002665,172.31.46.0-255,66,78812,41,100875
3370,0.002712,172.31.46.0-255,66,78878,41,100875
3371,0.002742,74.125.24.0-255,2902,81780,41,100875
3372,0.002746,172.31.46.0-255,66,81846,41,100875
3373,0.002748,74.125.24.0-255,766,82612,41,100875
3374,0.002766,172.31.46.0-255,66,82678,41,100875
3375,0.002775,172.31.46.0-255,66,82744,41,100875
3376,0.005462,172.31.46.0-255,66,82810,41,100875
3377,0.00816,74.125.24.0-255,2902,85712,41,100875
3378,0.008167,172.31.46.0-255,66,85778,41,100875
3379,0.008184,74.125.24.0-255,2902,88680,41,100875
3380,0.008186,172.31.46.0-255,66,88746,41,100875
3381,0.010847,74.125.24.0-255,2902,91648,41,100875
3382,0.010855,172.31.46.0-255,66,91714,41,100875
3383,0.010878,74.125.24.0-255,2902,94616,41,100875
3384,0.01088,172.31.46.0-255,66,94682,41,100875
3385,0.013585,172.31.46.0-255,66,94748,41,100875
3386,0.016332,172.31.46.0-255,66,94814,41,100875
3387,0.019029,172.31.46.0-255,66,94880,41,100875
3388,0.021722,172.31.46.0-255,66,94946,41,100875
3389,0.024423,172.31.46.0-255,66,95012,41,100875
3390,0.027127,172.31.46.0-255,66,95078,41,100875
3391,0.029793,172.31.46.0-255,66,95144,41,100875
3392,0.030623,172.31.46.0-255,172,95316,41,100875
3393,0.030659,172.31.46.0-255,1118,96434,41,100875
3394,0.030717,172.31.46.0-255,1514,97948,41,100875
3395,0.030719,172.31.46.0-255,1514,99462,41,100875
3396,0.030742,172.31.46.0-255,951,100413,41,100875
3397,0.032261,104.244.42.0-255,66,100479,41,100875
3398,0.032269,104.244.42.0-255,66,100545,41,100875
3399,0.032352,104.244.42.0-255,66,100611,41,100875
3400,0.03237,104.244.42.0-255,66,100677,41,100875
3401,0.03247,172.31.46.0-255,66,100743,41,100875
3402,0.035217,172.31.46.0-255,66,100809,41,100875
3403,0.03792,172.31.46.0-255,66,100875,41,100875
3404,0.0,172.217.194.0-255,190,190,41,144579
3405,1.5e-05,172.31.46.0-255,66,256,41,144579
3406,2e-05,172.217.194.0-255,1484,1740,41,144579
3407,2.4e-05,172.31.46.0-255,66,1806,41,144579
3408,2.9e-05,172.217.194.0-255,2902,4708,41,144579
3409,3.1e-05,172.31.46.0-255,66,4774,41,144579
3410,3.9e-05,172.31.46.0-255,66,4840,41,144579
3411,6.5e-05,172.217.194.0-255,1484,6324,41,144579
3412,6.7e-05,172.31.46.0-255,66,6390,41,144579
3413,7.6e-05,172.31.46.0-255,66,6456,41,144579
3414,9.7e-05,172.31.46.0-255,66,6522,41,144579
3415,0.000101,172.217.194.0-255,2543,9065,41,144579
3416,0.000103,172.31.46.0-255,66,9131,41,144579
3417,0.000123,172.217.194.0-255,1484,10615,41,144579
3418,0.000125,172.31.46.0-255,66,10681,41,144579
3419,0.000144,172.217.194.0-255,1484,12165,41,144579
3420,0.000145,172.31.46.0-255,66,12231,41,144579
3421,0.000149,172.217.194.0-255,2902,15133,41,144579
3422,0.000151,172.31.46.0-255,66,15199,41,144579
3423,0.000169,172.217.194.0-255,4320,19519,41,144579
3424,0.000172,172.217.194.0-255,1484,21003,41,144579
3425,0.000181,172.31.46.0-255,66,21069,41,144579
3426,0.000183,172.31.46.0-255,66,21135,41,144579
3427,0.000189,172.31.46.0-255,66,21201,41,144579
3428,0.000193,172.217.194.0-255,2902,24103,41,144579
3429,0.000195,172.31.46.0-255,66,24169,41,144579
3430,0.00021,172.217.194.0-255,4320,28489,41,144579
3431,0.000212,172.31.46.0-255,66,28555,41,144579
3432,0.000236,172.31.46.0-255,66,28621,41,144579
3433,0.000288,172.217.194.0-255,1484,30105,41,144579
3434,0.000303,172.217.194.0-255,2902,33007,41,144579
3435,0.000305,172.31.46.0-255,66,33073,41,144579
3436,0.00031,172.217.194.0-255,4320,37393,41,144579
3437,0.000312,172.31.46.0-255,66,37459,41,144579
3438,0.000322,172.217.194.0-255,1484,38943,41,144579
3439,0.000334,172.217.194.0-255,2902,41845,41,144579
3440,0.000336,172.31.46.0-255,66,41911,41,144579
3441,0.000362,172.31.46.0-255,66,41977,41,144579
3442,0.000365,172.217.194.0-255,2902,44879,41,144579
3443,0.000367,172.31.46.0-255,66,44945,41,144579
3444,0.000387,172.217.194.0-255,4320,49265,41,144579
3445,0.000389,172.31.46.0-255,66,49331,41,144579
3446,0.000416,172.217.194.0-255,4320,53651,41,144579
3447,0.000418,172.31.46.0-255,66,53717,41,144579
3448,0.000438,172.217.194.0-255,2184,55901,41,144579
3449,0.000439,172.31.46.0-255,66,55967,41,144579
3450,0.000448,172.31.46.0-255,66,56033,41,144579
3451,0.000481,172.31.46.0-255,66,56099,41,144579
3452,0.000508,172.31.46.0-255,66,56165,41,144579
3453,0.000517,172.31.46.0-255,66,56231,41,144579
3454,0.000532,172.31.46.0-255,66,56297,41,144579
3455,0.000556,172.217.194.0-255,2543,58840,41,144579
3456,0.000558,172.31.46.0-255,66,58906,41,144579
3457,0.000697,172.217.194.0-255,1484,60390,41,144579
3458,0.000713,172.217.194.0-255,2902,63292,41,144579
3459,0.000716,172.31.46.0-255,66,63358,41,144579
3460,0.000721,172.217.194.0-255,4320,67678,41,144579
3461,0.000723,172.31.46.0-255,66,67744,41,144579
3462,0.000738,172.217.194.0-255,1484,69228,41,144579
3463,0.000765,172.217.194.0-255,2902,72130,41,144579
3464,0.000768,172.31.46.0-255,66,72196,41,144579
3465,0.000787,172.217.194.0-255,3961,76157,41,144579
3466,0.000789,172.31.46.0-255,66,76223,41,144579
3467,0.000897,172.217.194.0-255,1484,77707,41,144579
3468,0.000901,172.217.194.0-255,2902,80609,41,144579
3469,0.000904,172.31.46.0-255,66,80675,41,144579
3470,0.000909,172.217.194.0-255,4320,84995,41,144579
3471,0.000911,172.31.46.0-255,66,85061,41,144579
3472,0.000924,172.217.194.0-255,1484,86545,41,144579
3473,0.000927,172.217.194.0-255,1484,88029,41,144579
3474,0.000929,172.31.46.0-255,66,88095,41,144579
3475,0.000933,172.217.194.0-255,2902,90997,41,144579
3476,0.000935,172.31.46.0-255,66,91063,41,144579
3477,0.000956,172.31.46.0-255,66,91129,41,144579
3478,0.000971,172.217.194.0-255,1484,92613,41,144579
3479,0.000989,172.31.46.0-255,66,92679,41,144579
3480,0.001015,172.31.46.0-255,66,92745,41,144579
3481,0.001183,172.217.194.0-255,1484,94229,41,144579
3482,0.001187,172.217.194.0-255,2902,97131,41,144579
3483,0.001191,172.31.46.0-255,66,97197,41,144579
3484,0.001207,172.217.194.0-255,2902,100099,41,144579
3485,0.001209,172.31.46.0-255,66,100165,41,144579
3486,0.001233,172.217.194.0-255,2902,103067,41,144579
3487,0.001235,172.31.46.0-255,66,103133,41,144579
3488,0.001246,172.31.46.0-255,66,103199,41,144579
3489,0.001257,172.217.194.0-255,1484,104683,41,144579
3490,0.001262,172.217.194.0-255,4320,109003,41,144579
3491,0.001263,172.31.46.0-255,66,109069,41,144579
3492,0.001295,172.31.46.0-255,66,109135,41,144579
3493,0.001423,172.217.194.0-255,1484,110619,41,144579
3494,0.001427,172.217.194.0-255,2902,113521,41,144579
3495,0.00143,172.31.46.0-255,66,113587,41,144579
3496,0.001433,172.217.194.0-255,1484,115071,41,144579
3497,0.001452,172.217.194.0-255,4320,119391,41,144579
3498,0.001454,172.31.46.0-255,66,119457,41,144579
3499,0.001468,172.217.194.0-255,1484,120941,41,144579
3500,0.001496,172.31.46.0-255,66,121007,41,144579
3501,0.001515,172.217.194.0-255,2902,123909,41,144579
3502,0.001525,172.217.194.0-255,4320,128229,41,144579
3503,0.001528,172.31.46.0-255,66,128295,41,144579
3504,0.001532,172.31.46.0-255,66,128361,41,144579
3505,0.001534,172.31.46.0-255,66,128427,41,144579
3506,0.001561,172.31.46.0-255,66,128493,41,144579
3507,0.001569,172.31.46.0-255,66,128559,41,144579
3508,0.0016,172.31.46.0-255,66,128625,41,144579
3509,0.001631,172.217.194.0-255,1484,130109,41,144579
3510,0.001668,172.31.46.0-255,66,130175,41,144579
3511,0.001677,172.31.46.0-255,66,130241,41,144579
3512,0.001715,172.31.46.0-255,66,130307,41,144579
3513,0.001733,172.217.194.0-255,2184,132491,41,144579
3514,0.001735,172.31.46.0-255,66,132557,41,144579
3515,0.001738,172.217.194.0-255,1484,134041,41,144579
3516,0.001746,172.31.46.0-255,66,134107,41,144579
3517,0.001767,172.31.46.0-255,66,134173,41,144579
3518,0.001798,172.31.46.0-255,66,134239,41,144579
3519,0.001823,172.217.194.0-255,766,135005,41,144579
3520,0.001841,172.31.46.0-255,66,135071,41,144579
3521,0.001869,172.31.46.0-255,66,135137,41,144579
3522,0.001878,172.31.46.0-255,66,135203,41,144579
3523,0.001881,172.217.194.0-255,1097,136300,41,144579
3524,0.001883,172.217.194.0-255,105,136405,41,144579
3525,0.003982,172.31.46.0-255,66,136471,41,144579
3526,0.004021,172.31.46.0-255,105,136576,41,144579
3527,0.006542,172.217.194.0-255,66,136642,41,144579
3528,0.025914,172.31.46.0-255,172,136814,41,144579
3529,0.025945,172.31.46.0-255,1119,137933,41,144579
3530,0.026011,172.31.46.0-255,1514,139447,41,144579
3531,0.026013,172.31.46.0-255,1514,140961,41,144579
3532,0.026014,172.31.46.0-255,1514,142475,41,144579
3533,0.026015,172.31.46.0-255,1514,143989,41,144579
3534,0.026016,172.31.46.0-255,524,144513,41,144579
3535,0.027603,104.244.42.0-255,66,144579,41,144579
3536,0.0,172.217.194.0-255,177,177,41,92168
3537,2.1e-05,172.31.46.0-255,66,243,41,92168
3538,2.7e-05,172.217.194.0-255,1484,1727,41,92168
3539,3.1e-05,172.31.46.0-255,66,1793,41,92168
3540,4.3e-05,172.217.194.0-255,2902,4695,41,92168
3541,4.7e-05,172.31.46.0-255,66,4761,41,92168
3542,5.7e-05,172.31.46.0-255,66,4827,41,92168
3543,7.3e-05,172.31.46.0-255,66,4893,41,92168
3544,0.000103,172.217.194.0-255,2543,7436,41,92168
3545,0.000105,172.31.46.0-255,66,7502,41,92168
3546,0.000156,172.217.194.0-255,1484,8986,41,92168
3547,0.000159,172.31.46.0-255,66,9052,41,92168
3548,0.000163,172.217.194.0-255,2902,11954,41,92168
3549,0.000165,172.31.46.0-255,66,12020,41,92168
3550,0.000193,172.31.46.0-255,66,12086,41,92168
3551,0.000198,172.217.194.0-255,4320,16406,41,92168
3552,0.0002,172.31.46.0-255,66,16472,41,92168
3553,0.000238,172.31.46.0-255,66,16538,41,92168
3554,0.000247,172.31.46.0-255,66,16604,41,92168
3555,0.000273,172.217.194.0-255,1125,17729,41,92168
3556,0.000275,172.31.46.0-255,66,17795,41,92168
3557,0.000347,172.217.194.0-255,647,18442,41,92168
3558,0.000351,172.31.46.0-255,66,18508,41,92168
3559,0.000663,172.217.194.0-255,1484,19992,41,92168
3560,0.000669,172.31.46.0-255,66,20058,41,92168
3561,0.000675,172.217.194.0-255,2902,22960,41,92168
3562,0.000677,172.31.46.0-255,66,23026,41,92168
3563,0.000691,172.31.46.0-255,66,23092,41,92168
3564,0.000731,172.31.46.0-255,66,23158,41,92168
3565,0.000743,172.31.46.0-255,66,23224,41,92168
3566,0.000967,172.217.194.0-255,1484,24708,41,92168
3567,0.000974,172.217.194.0-255,2902,27610,41,92168
3568,0.000977,172.31.46.0-255,66,27676,41,92168
3569,0.00101,172.31.46.0-255,66,27742,41,92168
3570,0.001045,172.31.46.0-255,66,27808,41,92168
3571,0.001073,172.217.194.0-255,4320,32128,41,92168
3572,0.001075,172.31.46.0-255,66,32194,41,92168
3573,0.001088,172.31.46.0-255,66,32260,41,92168
3574,0.001091,172.217.194.0-255,766,33026,41,92168
3575,0.00124,172.217.194.0-255,1484,34510,41,92168
3576,0.001245,172.31.46.0-255,66,34576,41,92168
3577,0.001251,172.217.194.0-255,2902,37478,41,92168
3578,0.001253,172.31.46.0-255,66,37544,41,92168
3579,0.001257,172.217.194.0-255,1484,39028,41,92168
3580,0.001293,172.217.194.0-255,4320,43348,41,92168
3581,0.001296,172.31.46.0-255,66,43414,41,92168
3582,0.00131,172.31.46.0-255,66,43480,41,92168
3583,0.001322,172.31.46.0-255,66,43546,41,92168
3584,0.001343,172.217.194.0-255,766,44312,41,92168
3585,0.001362,172.217.194.0-255,1484,45796,41,92168
3586,0.001364,172.31.46.0-255,66,45862,41,92168
3587,0.00137,172.217.194.0-255,4320,50182,41,92168
3588,0.001373,172.31.46.0-255,66,50248,41,92168
3589,0.001377,172.217.194.0-255,2902,53150,41,92168
3590,0.001379,172.31.46.0-255,66,53216,41,92168
3591,0.001412,172.31.46.0-255,66,53282,41,92168
3592,0.001424,172.31.46.0-255,66,53348,41,92168
3593,0.001459,172.31.46.0-255,66,53414,41,92168
3594,0.001551,172.217.194.0-255,1484,54898,41,92168
3595,0.001557,172.217.194.0-255,2902,57800,41,92168
3596,0.001561,172.31.46.0-255,66,57866,41,92168
3597,0.001571,172.31.46.0-255,66,57932,41,92168
3598,0.001581,172.217.194.0-255,4320,62252,41,92168
3599,0.001584,172.31.46.0-255,66,62318,41,92168
3600,0.001629,172.31.46.0-255,66,62384,41,92168
3601,0.001642,172.31.46.0-255,66,62450,41,92168
3602,0.001711,172.217.194.0-255,1484,63934,41,92168
3603,0.001716,172.217.194.0-255,2902,66836,41,92168
3604,0.001719,172.31.46.0-255,66,66902,41,92168
3605,0.001748,172.31.46.0-255,66,66968,41,92168
3606,0.001751,172.217.194.0-255,1484,68452,41,92168
3607,0.001773,172.217.194.0-255,2902,71354,41,92168
3608,0.001775,172.31.46.0-255,66,71420,41,92168
3609,0.001793,172.31.46.0-255,66,71486,41,92168
3610,0.001839,172.31.46.0-255,66,71552,41,92168
3611,0.00185,172.31.46.0-255,66,71618,41,92168
3612,0.001853,172.217.194.0-255,1484,73102,41,92168
3613,0.001909,172.31.46.0-255,66,73168,41,92168
3614,0.001912,172.217.194.0-255,766,73934,41,92168
3615,0.001915,172.217.194.0-255,1484,75418,41,92168
3616,0.001918,172.31.46.0-255,66,75484,41,92168
3617,0.001924,172.217.194.0-255,4320,79804,41,92168
3618,0.001926,172.31.46.0-255,66,79870,41,92168
3619,0.001964,172.217.194.0-255,1484,81354,41,92168
3620,0.002007,172.31.46.0-255,66,81420,41,92168
3621,0.002023,172.31.46.0-255,66,81486,41,92168
3622,0.002037,172.31.46.0-255,66,81552,41,92168
3623,0.002083,172.31.46.0-255,66,81618,41,92168
3624,0.002098,172.31.46.0-255,66,81684,41,92168
3625,0.002128,172.217.194.0-255,3602,85286,41,92168
3626,0.002131,172.31.46.0-255,66,85352,41,92168
3627,0.004121,172.217.194.0-255,1484,86836,41,92168
3628,0.004154,172.217.194.0-255,4320,91156,41,92168
3629,0.004159,172.31.46.0-255,66,91222,41,92168
3630,0.006235,172.31.46.0-255,66,91288,41,92168
3631,0.008275,172.31.46.0-255,66,91354,41,92168
3632,0.010335,172.31.46.0-255,66,91420,41,92168
3633,0.012381,172.31.46.0-255,66,91486,41,92168
3634,0.014409,172.217.194.0-255,445,91931,41,92168
3635,0.01865,172.31.46.0-255,66,91997,41,92168
3636,0.018697,172.31.46.0-255,105,92102,41,92168
3637,0.020715,172.217.194.0-255,66,92168,41,92168
3638,0.0,74.125.24.0-255,156,156,41,184237
3639,2.2e-05,172.31.46.0-255,66,222,41,184237
3640,3e-05,74.125.24.0-255,1484,1706,41,184237
3641,3.4e-05,172.31.46.0-255,66,1772,41,184237
3642,3.9e-05,74.125.24.0-255,2902,4674,41,184237
3643,5e-05,172.31.46.0-255,66,4740,41,184237
3644,6e-05,172.31.46.0-255,66,4806,41,184237
3645,6.4e-05,74.125.24.0-255,2005,6811,41,184237
3646,6.6e-05,172.31.46.0-255,66,6877,41,184237
3647,0.000487,74.125.24.0-255,1484,8361,41,184237
3648,0.00049,172.31.46.0-255,66,8427,41,184237
3649,0.000495,74.125.24.0-255,2902,11329,41,184237
3650,0.000497,172.31.46.0-255,66,11395,41,184237
3651,0.000508,172.31.46.0-255,66,11461,41,184237
3652,0.000512,74.125.24.0-255,2902,14363,41,184237
3653,0.000514,172.31.46.0-255,66,14429,41,184237
3654,0.000536,74.125.24.0-255,3961,18390,41,184237
3655,0.000538,172.31.46.0-255,66,18456,41,184237
3656,0.000649,74.125.24.0-255,1484,19940,41,184237
3657,0.000652,172.31.46.0-255,66,20006,41,184237
3658,0.000658,74.125.24.0-255,2902,22908,41,184237
3659,0.00066,172.31.46.0-255,66,22974,41,184237
3660,0.000664,74.125.24.0-255,2902,25876,41,184237
3661,0.000669,172.31.46.0-255,66,25942,41,184237
3662,0.000691,74.125.24.0-255,2902,28844,41,184237
3663,0.000693,172.31.46.0-255,66,28910,41,184237
3664,0.000704,172.31.46.0-255,66,28976,41,184237
3665,0.000731,74.125.24.0-255,2543,31519,41,184237
3666,0.000734,172.31.46.0-255,66,31585,41,184237
3667,0.000743,172.31.46.0-255,66,31651,41,184237
3668,0.000745,74.125.24.0-255,399,32050,41,184237
3669,0.000827,74.125.24.0-255,110,32160,41,184237
3670,0.000849,74.125.24.0-255,331,32491,41,184237
3671,0.001319,74.125.24.0-255,1484,33975,41,184237
3672,0.001326,172.31.46.0-255,66,34041,41,184237
3673,0.001335,74.125.24.0-255,2902,36943,41,184237
3674,0.001337,172.31.46.0-255,66,37009,41,184237
3675,0.001348,172.31.46.0-255,66,37075,41,184237
3676,0.001385,172.31.46.0-255,66,37141,41,184237
3677,0.001406,74.125.24.0-255,4320,41461,41,184237
3678,0.001408,172.31.46.0-255,66,41527,41,184237
3679,0.001419,172.31.46.0-255,66,41593,41,184237
3680,0.001879,74.125.24.0-255,1484,43077,41,184237
3681,0.001884,74.125.24.0-255,2902,45979,41,184237
3682,0.001887,172.31.46.0-255,66,46045,41,184237
3683,0.001891,74.125.24.0-255,1484,47529,41,184237
3684,0.001916,74.125.24.0-255,4320,51849,41,184237
3685,0.001919,172.31.46.0-255,66,51915,41,184237
3686,0.001955,172.31.46.0-255,66,51981,41,184237
3687,0.001986,74.125.24.0-255,4320,56301,41,184237
3688,0.001988,172.31.46.0-255,66,56367,41,184237
3689,0.002018,172.31.46.0-255,66,56433,41,184237
3690,0.002042,74.125.24.0-255,1484,57917,41,184237
3691,0.002047,74.125.24.0-255,2902,60819,41,184237
3692,0.002049,172.31.46.0-255,66,60885,41,184237
3693,0.002051,74.125.24.0-255,1484,62369,41,184237
3694,0.002074,74.125.24.0-255,4320,66689,41,184237
3695,0.002076,172.31.46.0-255,66,66755,41,184237
3696,0.00208,74.125.24.0-255,2902,69657,41,184237
3697,0.002082,172.31.46.0-255,66,69723,41,184237
3698,0.002106,172.31.46.0-255,66,69789,41,184237
3699,0.002116,74.125.24.0-255,1484,71273,41,184237
3700,0.002143,172.31.46.0-255,66,71339,41,184237
3701,0.00217,74.125.24.0-255,5020,76359,41,184237
3702,0.002172,172.31.46.0-255,66,76425,41,184237
3703,0.002189,172.31.46.0-255,66,76491,41,184237
3704,0.002193,74.125.24.0-255,2902,79393,41,184237
3705,0.002194,172.31.46.0-255,66,79459,41,184237
3706,0.002229,172.31.46.0-255,66,79525,41,184237
3707,0.002294,74.125.24.0-255,1484,81009,41,184237
3708,0.002298,74.125.24.0-255,2902,83911,41,184237
3709,0.002301,172.31.46.0-255,66,83977,41,184237
3710,0.002304,74.125.24.0-255,1484,85461,41,184237
3711,0.002333,74.125.24.0-255,4320,89781,41,184237
3712,0.002335,172.31.46.0-255,66,89847,41,184237
3713,0.002346,172.31.46.0-255,66,89913,41,184237
3714,0.002372,74.125.24.0-255,2902,92815,41,184237
3715,0.002374,172.31.46.0-255,66,92881,41,184237
3716,0.002398,172.31.46.0-255,66,92947,41,184237
3717,0.002422,74.125.24.0-255,2184,95131,41,184237
3718,0.002425,172.31.46.0-255,66,95197,41,184237
3719,0.004841,74.125.24.0-255,2902,98099,41,184237
3720,0.004848,172.31.46.0-255,66,98165,41,184237
3721,0.004956,74.125.24.0-255,2902,101067,41,184237
3722,0.004958,172.31.46.0-255,66,101133,41,184237
3723,0.007319,74.125.24.0-255,2902,104035,41,184237
3724,0.007321,172.31.46.0-255,66,104101,41,184237
3725,0.007443,74.125.24.0-255,2902,107003,41,184237
3726,0.007448,172.31.46.0-255,66,107069,41,184237
3727,0.009819,74.125.24.0-255,2902,109971,41,184237
3728,0.009827,172.31.46.0-255,66,110037,41,184237
3729,0.009958,74.125.24.0-255,2902,112939,41,184237
3730,0.009962,172.31.46.0-255,66,113005,41,184237
3731,0.01229,74.125.24.0-255,2902,115907,41,184237
3732,0.012297,172.31.46.0-255,66,115973,41,184237
3733,0.012418,74.125.24.0-255,2902,118875,41,184237
3734,0.012423,172.31.46.0-255,66,118941,41,184237
3735,0.014765,74.125.24.0-255,2902,121843,41,184237
3736,0.014772,172.31.46.0-255,66,121909,41,184237
3737,0.014903,74.125.24.0-255,2902,124811,41,184237
3738,0.014908,172.31.46.0-255,66,124877,41,184237
3739,0.017222,74.125.24.0-255,2902,127779,41,184237
3740,0.017229,172.31.46.0-255,66,127845,41,184237
3741,0.017396,74.125.24.0-255,2902,130747,41,184237
3742,0.017403,172.31.46.0-255,66,130813,41,184237
3743,0.019707,74.125.24.0-255,2902,133715,41,184237
3744,0.019714,172.31.46.0-255,66,133781,41,184237
3745,0.019881,74.125.24.0-255,2902,136683,41,184237
3746,0.019886,172.31.46.0-255,66,136749,41,184237
3747,0.022214,74.125.24.0-255,2902,139651,41,184237
3748,0.022221,172.31.46.0-255,66,139717,41,184237
3749,0.022351,74.125.24.0-255,2902,142619,41,184237
3750,0.022355,172.31.46.0-255,66,142685,41,184237
3751,0.024716,74.125.24.0-255,2902,145587,41,184237
3752,0.024725,172.31.46.0-255,66,145653,41,184237
3753,0.024805,74.125.24.0-255,2902,148555,41,184237
3754,0.024808,172.31.46.0-255,66,148621,41,184237
3755,0.027238,74.125.24.0-255,2902,151523,41,184237
3756,0.027244,172.31.46.0-255,66,151589,41,184237
3757,0.027292,74.125.24.0-255,2902,154491,41,184237
3758,0.027297,172.31.46.0-255,66,154557,41,184237
3759,0.029689,74.125.24.0-255,2902,157459,41,184237
3760,0.029696,172.31.46.0-255,66,157525,41,184237
3761,0.029739,74.125.24.0-255,2902,160427,41,184237
3762,0.029741,172.31.46.0-255,66,160493,41,184237
3763,0.032171,74.125.24.0-255,2902,163395,41,184237
3764,0.032177,172.31.46.0-255,66,163461,41,184237
3765,0.032239,74.125.24.0-255,2902,166363,41,184237
3766,0.032243,172.31.46.0-255,66,166429,41,184237
3767,0.034641,74.125.24.0-255,2902,169331,41,184237
3768,0.034647,172.31.46.0-255,66,169397,41,184237
3769,0.034734,74.125.24.0-255,2902,172299,41,184237
3770,0.034738,172.31.46.0-255,66,172365,41,184237
3771,0.037098,74.125.24.0-255,2902,175267,41,184237
3772,0.037107,172.31.46.0-255,66,175333,41,184237
3773,0.037238,74.125.24.0-255,2902,178235,41,184237
3774,0.037243,172.31.46.0-255,66,178301,41,184237
3775,0.039554,74.125.24.0-255,2902,181203,41,184237
3776,0.039569,172.31.46.0-255,66,181269,41,184237
3777,0.039692,74.125.24.0-255,2902,184171,41,184237
3778,0.039697,172.31.46.0-255,66,184237,41,184237
3779,0.0,74.125.24.0-255,146,146,41,87308
3780,2.6e-05,172.31.46.0-255,66,212,41,87308
3781,3.3e-05,74.125.24.0-255,1484,1696,41,87308
3782,3.8e-05,172.31.46.0-255,66,1762,41,87308
3783,4.5e-05,74.125.24.0-255,2902,4664,41,87308
3784,4.9e-05,172.31.46.0-255,66,4730,41,87308
3785,6e-05,172.31.46.0-255,66,4796,41,87308
3786,7.9e-05,74.125.24.0-255,1484,6280,41,87308
3787,8.2e-05,172.31.46.0-255,66,6346,41,87308
3788,0.000109,172.31.46.0-255,66,6412,41,87308
3789,0.000119,172.31.46.0-255,66,6478,41,87308
3790,0.00015,172.31.46.0-255,66,6544,41,87308
3791,0.000178,172.31.46.0-255,66,6610,41,87308
3792,0.000183,74.125.24.0-255,3602,10212,41,87308
3793,0.000184,172.31.46.0-255,66,10278,41,87308
3794,0.000187,74.125.24.0-255,1484,11762,41,87308
3795,0.000189,172.31.46.0-255,66,11828,41,87308
3796,0.000193,74.125.24.0-255,2902,14730,41,87308
3797,0.000195,172.31.46.0-255,66,14796,41,87308
3798,0.00022,172.31.46.0-255,66,14862,41,87308
3799,0.000233,74.125.24.0-255,1484,16346,41,87308
3800,0.000235,172.31.46.0-255,66,16412,41,87308
3801,0.000254,172.31.46.0-255,66,16478,41,87308
3802,0.000325,74.125.24.0-255,110,16588,41,87308
3803,0.000328,172.31.46.0-255,66,16654,41,87308
3804,0.000433,74.125.24.0-255,1484,18138,41,87308
3805,0.000441,74.125.24.0-255,2902,21040,41,87308
3806,0.000444,172.31.46.0-255,66,21106,41,87308
3807,0.000468,172.31.46.0-255,66,21172,41,87308
3808,0.000492,74.125.24.0-255,2902,24074,41,87308
3809,0.000494,172.31.46.0-255,66,24140,41,87308
3810,0.00052,172.31.46.0-255,66,24206,41,87308
3811,0.000526,74.125.24.0-255,4320,28526,41,87308
3812,0.000528,172.31.46.0-255,66,28592,41,87308
3813,0.000548,172.31.46.0-255,66,28658,41,87308
3814,0.000551,74.125.24.0-255,1392,30050,41,87308
3815,0.00074,74.125.24.0-255,1484,31534,41,87308
3816,0.000745,172.31.46.0-255,66,31600,41,87308
3817,0.00075,74.125.24.0-255,2902,34502,41,87308
3818,0.000752,172.31.46.0-255,66,34568,41,87308
3819,0.00078,172.31.46.0-255,66,34634,41,87308
3820,0.000804,172.31.46.0-255,66,34700,41,87308
3821,0.000815,74.125.24.0-255,1484,36184,41,87308
3822,0.000824,172.31.46.0-255,66,36250,41,87308
3823,0.000846,74.125.24.0-255,2902,39152,41,87308
3824,0.000849,172.31.46.0-255,66,39218,41,87308
3825,0.000859,172.31.46.0-255,66,39284,41,87308
3826,0.000916,74.125.24.0-255,1484,40768,41,87308
3827,0.000934,74.125.24.0-255,2902,43670,41,87308
3828,0.000936,172.31.46.0-255,66,43736,41,87308
3829,0.000945,172.31.46.0-255,66,43802,41,87308
3830,0.000948,74.125.24.0-255,1484,45286,41,87308
3831,0.000968,172.31.46.0-255,66,45352,41,87308
3832,0.000979,172.31.46.0-255,66,45418,41,87308
3833,0.001006,74.125.24.0-255,2184,47602,41,87308
3834,0.001044,172.31.46.0-255,66,47668,41,87308
3835,0.001047,172.31.46.0-255,66,47734,41,87308
3836,0.001342,74.125.24.0-255,1484,49218,41,87308
3837,0.001348,74.125.24.0-255,2902,52120,41,87308
3838,0.001352,172.31.46.0-255,66,52186,41,87308
3839,0.001355,74.125.24.0-255,1484,53670,41,87308
3840,0.001375,74.125.24.0-255,4320,57990,41,87308
3841,0.001377,172.31.46.0-255,66,58056,41,87308
3842,0.001381,74.125.24.0-255,2902,60958,41,87308
3843,0.001383,172.31.46.0-255,66,61024,41,87308
3844,0.001415,172.31.46.0-255,66,61090,41,87308
3845,0.001427,172.31.46.0-255,66,61156,41,87308
3846,0.00155,74.125.24.0-255,1484,62640,41,87308
3847,0.001556,74.125.24.0-255,2902,65542,41,87308
3848,0.001559,172.31.46.0-255,66,65608,41,87308
3849,0.001562,74.125.24.0-255,1484,67092,41,87308
3850,0.001583,74.125.24.0-255,4320,71412,41,87308
3851,0.001585,172.31.46.0-255,66,71478,41,87308
3852,0.001617,74.125.24.0-255,4320,75798,41,87308
3853,0.001621,172.31.46.0-255,66,75864,41,87308
3854,0.001624,172.31.46.0-255,66,75930,41,87308
3855,0.001655,172.31.46.0-255,66,75996,41,87308
3856,0.003703,172.31.46.0-255,66,76062,41,87308
3857,0.005721,172.31.46.0-255,66,76128,41,87308
3858,0.007752,172.31.46.0-255,66,76194,41,87308
3859,0.009784,172.31.46.0-255,66,76260,41,87308
3860,0.01184,172.31.46.0-255,66,76326,41,87308
3861,0.013966,172.31.46.0-255,66,76392,41,87308
3862,0.01602,172.31.46.0-255,66,76458,41,87308
3863,0.018041,172.31.46.0-255,66,76524,41,87308
3864,0.020096,172.31.46.0-255,66,76590,41,87308
3865,0.022127,172.31.46.0-255,66,76656,41,87308
3866,0.024156,172.31.46.0-255,66,76722,41,87308
3867,0.026168,172.31.46.0-255,66,76788,41,87308
3868,0.028187,172.31.46.0-255,66,76854,41,87308
3869,0.030215,74.125.24.0-255,4320,81174,41,87308
3870,0.030221,172.31.46.0-255,66,81240,41,87308
3871,0.03024,74.125.24.0-255,1484,82724,41,87308
3872,0.032221,74.125.24.0-255,4320,87044,41,87308
3873,0.032227,172.31.46.0-255,66,87110,41,87308
3874,0.034243,172.31.46.0-255,66,87176,41,87308
3875,0.036281,172.31.46.0-255,66,87242,41,87308
3876,0.038293,172.31.46.0-255,66,87308,41,87308
3877,0.0,74.125.24.0-255,153,153,41,44334
3878,2e-05,172.31.46.0-255,66,219,41,44334
3879,2.6e-05,74.125.24.0-255,1484,1703,41,44334
3880,2.9e-05,172.31.46.0-255,66,1769,41,44334
3881,3.4e-05,74.125.24.0-255,2902,4671,41,44334
3882,3.7e-05,172.31.46.0-255,66,4737,41,44334
3883,4.3e-05,74.125.24.0-255,4320,9057,41,44334
3884,4.6e-05,172.31.46.0-255,66,9123,41,44334
3885,9.2e-05,74.125.24.0-255,4901,14024,41,44334
3886,9.5e-05,172.31.46.0-255,66,14090,41,44334
3887,0.000553,74.125.24.0-255,1484,15574,41,44334
3888,0.000559,172.31.46.0-255,66,15640,41,44334
3889,0.000567,74.125.24.0-255,2902,18542,41,44334
3890,0.000569,172.31.46.0-255,66,18608,41,44334
3891,0.000591,74.125.24.0-255,4320,22928,41,44334
3892,0.000593,172.31.46.0-255,66,22994,41,44334
3893,0.000609,74.125.24.0-255,1484,24478,41,44334
3894,0.000611,172.31.46.0-255,66,24544,41,44334
3895,0.000665,172.31.46.0-255,66,24610,41,44334
3896,0.000748,74.125.24.0-255,1484,26094,41,44334
3897,0.000751,172.31.46.0-255,66,26160,41,44334
3898,0.000769,74.125.24.0-255,1484,27644,41,44334
3899,0.000771,172.31.46.0-255,66,27710,41,44334
3900,0.000796,74.125.24.0-255,2902,30612,41,44334
3901,0.000799,172.31.46.0-255,66,30678,41,44334
3902,0.000822,172.31.46.0-255,66,30744,41,44334
3903,0.000934,74.125.24.0-255,2543,33287,41,44334
3904,0.000938,172.31.46.0-255,66,33353,41,44334
3905,0.00165,74.125.24.0-255,1484,34837,41,44334
3906,0.001656,172.31.46.0-255,66,34903,41,44334
3907,0.001661,74.125.24.0-255,2902,37805,41,44334
3908,0.001663,172.31.46.0-255,66,37871,41,44334
3909,0.00169,172.31.46.0-255,66,37937,41,44334
3910,0.001765,172.31.46.0-255,66,38003,41,44334
3911,0.001854,74.125.24.0-255,2902,40905,41,44334
3912,0.001856,172.31.46.0-255,66,40971,41,44334
3913,0.001875,172.31.46.0-255,66,41037,41,44334
3914,0.00197,172.31.46.0-255,66,41103,41,44334
3915,0.001999,172.31.46.0-255,66,41169,41,44334
3916,0.002213,172.31.46.0-255,66,41235,41,44334
3917,0.004487,172.31.46.0-255,66,41301,41,44334
3918,0.006785,172.31.46.0-255,66,41367,41,44334
3919,0.009065,172.31.46.0-255,66,41433,41,44334
3920,0.011349,172.31.46.0-255,66,41499,41,44334
3921,0.013634,172.31.46.0-255,66,41565,41,44334
3922,0.015923,172.31.46.0-255,66,41631,41,44334
3923,0.018213,172.31.46.0-255,66,41697,41,44334
3924,0.020495,172.31.46.0-255,66,41763,41,44334
3925,0.022784,172.31.46.0-255,66,41829,41,44334
3926,0.025049,172.31.46.0-255,66,41895,41,44334
3927,0.02733,172.31.46.0-255,66,41961,41,44334
3928,0.029611,172.31.46.0-255,66,42027,41,44334
3929,0.030038,172.31.46.0-255,172,42199,41,44334
3930,0.03007,172.31.46.0-255,1114,43313,41,44334
3931,0.030131,172.31.46.0-255,559,43872,41,44334
3932,0.031592,104.244.42.0-255,66,43938,41,44334
3933,0.031599,104.244.42.0-255,66,44004,41,44334
3934,0.031693,104.244.42.0-255,66,44070,41,44334
3935,0.031915,172.31.46.0-255,66,44136,41,44334
3936,0.034201,172.31.46.0-255,66,44202,41,44334
3937,0.036475,172.31.46.0-255,66,44268,41,44334
3938,0.038801,172.31.46.0-255,66,44334,41,44334
3939,0.0,74.125.24.0-255,314,314,41,126073
3940,1.7e-05,74.125.24.0-255,1484,1798,41,126073
3941,2.8e-05,172.31.46.0-255,66,1864,41,126073
3942,5.6e-05,74.125.24.0-255,4320,6184,41,126073
3943,6e-05,172.31.46.0-255,66,6250,41,126073
3944,7.2e-05,172.31.46.0-255,66,6316,41,126073
3945,8.7e-05,172.31.46.0-255,66,6382,41,126073
3946,0.000112,74.125.24.0-255,3961,10343,41,126073
3947,0.00012,172.31.46.0-255,66,10409,41,126073
3948,0.000153,74.125.24.0-255,1484,11893,41,126073
3949,0.000174,74.125.24.0-255,2902,14795,41,126073
3950,0.000178,172.31.46.0-255,66,14861,41,126073
3951,0.000181,74.125.24.0-255,1484,16345,41,126073
3952,0.000206,74.125.24.0-255,4320,20665,41,126073
3953,0.000208,172.31.46.0-255,66,20731,41,126073
3954,0.000218,172.31.46.0-255,66,20797,41,126073
3955,0.000258,172.31.46.0-255,66,20863,41,126073
3956,0.000264,74.125.24.0-255,4275,25138,41,126073
3957,0.000266,172.31.46.0-255,66,25204,41,126073
3958,0.000284,74.125.24.0-255,108,25312,41,126073
3959,0.000419,74.125.24.0-255,1484,26796,41,126073
3960,0.000424,172.31.46.0-255,66,26862,41,126073
3961,0.00043,74.125.24.0-255,2902,29764,41,126073
3962,0.000433,172.31.46.0-255,66,29830,41,126073
3963,0.000448,172.31.46.0-255,66,29896,41,126073
3964,0.000453,74.125.24.0-255,4320,34216,41,126073
3965,0.000456,172.31.46.0-255,66,34282,41,126073
3966,0.000484,74.125.24.0-255,1484,35766,41,126073
3967,0.000534,172.31.46.0-255,66,35832,41,126073
3968,0.000563,74.125.24.0-255,3645,39477,41,126073
3969,0.000566,172.31.46.0-255,66,39543,41,126073
3970,0.000684,74.125.24.0-255,1484,41027,41,126073
3971,0.000687,74.125.24.0-255,1484,42511,41,126073
3972,0.000697,172.31.46.0-255,66,42577,41,126073
3973,0.000702,74.125.24.0-255,1484,44061,41,126073
3974,0.000716,172.31.46.0-255,66,44127,41,126073
3975,0.000751,74.125.24.0-255,2902,47029,41,126073
3976,0.000754,172.31.46.0-255,66,47095,41,126073
3977,0.000792,172.31.46.0-255,66,47161,41,126073
3978,0.000802,172.31.46.0-255,66,47227,41,126073
3979,0.000812,74.125.24.0-255,3602,50829,41,126073
3980,0.000815,172.31.46.0-255,66,50895,41,126073
3981,0.001337,74.125.24.0-255,1484,52379,41,126073
3982,0.001343,74.125.24.0-255,2902,55281,41,126073
3983,0.001347,172.31.46.0-255,66,55347,41,126073
3984,0.001353,74.125.24.0-255,4320,59667,41,126073
3985,0.001355,172.31.46.0-255,66,59733,41,126073
3986,0.001424,172.31.46.0-255,66,59799,41,126073
3987,0.001446,172.31.46.0-255,66,59865,41,126073
3988,0.001837,74.125.24.0-255,1484,61349,41,126073
3989,0.001843,74.125.24.0-255,2902,64251,41,126073
3990,0.001846,172.31.46.0-255,66,64317,41,126073
3991,0.001881,172.31.46.0-255,66,64383,41,126073
3992,0.00189,172.31.46.0-255,66,64449,41,126073
3993,0.001916,74.125.24.0-255,2902,67351,41,126073
3994,0.001918,172.31.46.0-255,66,67417,41,126073
3995,0.001947,172.31.46.0-255,66,67483,41,126073
3996,0.001981,172.31.46.0-255,66,67549,41,126073
3997,0.001993,172.31.46.0-255,66,67615,41,126073
3998,0.002003,74.125.24.0-255,4320,71935,41,126073
3999,0.002005,172.31.46.0-255,66,72001,41,126073
4000,0.002047,172.31.46.0-255,66,72067,41,126073
4001,0.002063,172.31.46.0-255,66,72133,41,126073
4002,0.002094,172.31.46.0-255,66,72199,41,126073
4003,0.002099,74.125.24.0-255,2902,75101,41,126073
4004,0.002101,172.31.46.0-255,66,75167,41,126073
4005,0.002131,172.31.46.0-255,66,75233,41,126073
4006,0.002147,172.31.46.0-255,66,75299,41,126073
4007,0.002188,172.31.46.0-255,66,75365,41,126073
4008,0.002219,74.125.24.0-255,1484,76849,41,126073
4009,0.002237,74.125.24.0-255,2902,79751,41,126073
4010,0.00224,172.31.46.0-255,66,79817,41,126073
4011,0.002272,172.31.46.0-255,66,79883,41,126073
4012,0.002302,172.31.46.0-255,66,79949,41,126073
4013,0.002312,172.31.46.0-255,66,80015,41,126073
4014,0.002339,74.125.24.0-255,4320,84335,41,126073
4015,0.002341,172.31.46.0-255,66,84401,41,126073
4016,0.002372,172.31.46.0-255,66,84467,41,126073
4017,0.002375,74.125.24.0-255,766,85233,41,126073
4018,0.002492,74.125.24.0-255,1484,86717,41,126073
4019,0.002495,172.31.46.0-255,66,86783,41,126073
4020,0.002517,74.125.24.0-255,2902,89685,41,126073
4021,0.00252,172.31.46.0-255,66,89751,41,126073
4022,0.002529,172.31.46.0-255,66,89817,41,126073
4023,0.002535,74.125.24.0-255,4320,94137,41,126073
4024,0.002537,172.31.46.0-255,66,94203,41,126073
4025,0.002566,74.125.24.0-255,4320,98523,41,126073
4026,0.002569,172.31.46.0-255,66,98589,41,126073
4027,0.002639,172.31.46.0-255,66,98655,41,126073
4028,0.002663,74.125.24.0-255,2184,100839,41,126073
4029,0.002666,172.31.46.0-255,66,100905,41,126073
4030,0.002792,74.125.24.0-255,1484,102389,41,126073
4031,0.002797,74.125.24.0-255,1484,103873,41,126073
4032,0.0028,172.31.46.0-255,66,103939,41,126073
4033,0.002825,74.125.24.0-255,1484,105423,41,126073
4034,0.002835,172.31.46.0-255,66,105489,41,126073
4035,0.002838,74.125.24.0-255,1484,106973,41,126073
4036,0.002846,172.31.46.0-255,66,107039,41,126073
4037,0.002874,74.125.24.0-255,4320,111359,41,126073
4038,0.002896,74.125.24.0-255,2902,114261,41,126073
4039,0.002935,74.125.24.0-255,5020,119281,41,126073
4040,0.002959,74.125.24.0-255,1484,120765,41,126073
4041,0.003013,74.125.24.0-255,869,121634,41,126073
4042,0.003017,74.125.24.0-255,105,121739,41,126073
4043,0.006789,172.31.46.0-255,66,121805,41,126073
4044,0.009082,172.31.46.0-255,105,121910,41,126073
4045,0.011291,74.125.24.0-255,66,121976,41,126073
4046,0.038919,172.31.46.0-255,192,122168,41,126073
4047,0.038951,172.31.46.0-255,1115,123283,41,126073
4048,0.039011,172.31.46.0-255,1514,124797,41,126073
4049,0.039012,172.31.46.0-255,1276,126073,41,126073
4050,0.0,172.217.194.0-255,811,811,41,40976
4051,1.5e-05,172.217.194.0-255,1484,2295,41,40976
4052,2.4e-05,172.31.46.0-255,66,2361,41,40976
4053,3.3e-05,172.217.194.0-255,4320,6681,41,40976
4054,3.6e-05,172.31.46.0-255,66,6747,41,40976
4055,0.000205,172.217.194.0-255,4320,11067,41,40976
4056,0.00021,172.31.46.0-255,66,11133,41,40976
4057,0.000401,172.31.46.0-255,66,11199,41,40976
4058,0.000423,172.217.194.0-255,2992,14191,41,40976
4059,0.000426,172.31.46.0-255,66,14257,41,40976
4060,0.000863,172.217.194.0-255,2902,17159,41,40976
4061,0.000869,172.31.46.0-255,66,17225,41,40976
4062,0.000897,172.31.46.0-255,66,17291,41,40976
4063,0.002603,172.31.46.0-255,66,17357,41,40976
4064,0.002768,172.217.194.0-255,2902,20259,41,40976
4065,0.003712,172.31.46.0-255,66,20325,41,40976
4066,0.004196,172.31.46.0-255,66,20391,41,40976
4067,0.004882,172.31.46.0-255,66,20457,41,40976
4068,0.005145,172.217.194.0-255,2902,23359,41,40976
4069,0.007206,172.31.46.0-255,66,23425,41,40976
4070,0.007473,172.31.46.0-255,66,23491,41,40976
4071,0.007504,172.31.46.0-255,66,23557,41,40976
4072,0.007619,172.217.194.0-255,4320,27877,41,40976
4073,0.007622,172.31.46.0-255,66,27943,41,40976
4074,0.007655,172.31.46.0-255,66,28009,41,40976
4075,0.008053,172.31.46.0-255,66,28075,41,40976
4076,0.00838,172.31.46.0-255,66,28141,41,40976
4077,0.008408,172.31.46.0-255,66,28207,41,40976
4078,0.009766,172.31.46.0-255,66,28273,41,40976
4079,0.009793,172.31.46.0-255,66,28339,41,40976
4080,0.010057,172.217.194.0-255,4320,32659,41,40976
4081,0.010062,172.31.46.0-255,66,32725,41,40976
4082,0.010094,172.31.46.0-255,66,32791,41,40976
4083,0.010109,172.217.194.0-255,1484,34275,41,40976
4084,0.010364,172.217.194.0-255,4320,38595,41,40976
4085,0.01037,172.31.46.0-255,66,38661,41,40976
4086,0.010403,172.31.46.0-255,66,38727,41,40976
4087,0.010443,172.31.46.0-255,66,38793,41,40976
4088,0.010887,172.217.194.0-255,1484,40277,41,40976
4089,0.010917,172.31.46.0-255,66,40343,41,40976
4090,0.010948,172.31.46.0-255,66,40409,41,40976
4091,0.011442,172.31.46.0-255,66,40475,41,40976
4092,0.011603,172.31.46.0-255,66,40541,41,40976
4093,0.011886,172.31.46.0-255,66,40607,41,40976
4094,0.011973,172.31.46.0-255,66,40673,41,40976
4095,0.012396,172.31.46.0-255,66,40739,41,40976
4096,0.012455,172.31.46.0-255,66,40805,41,40976
4097,0.013404,172.31.46.0-255,105,40910,41,40976
4098,0.019845,172.217.194.0-255,66,40976,41,40976
4099,0.0,74.125.24.0-255,146,146,41,136069
4100,2.1e-05,172.31.46.0-255,66,212,41,136069
4101,5.9e-05,74.125.24.0-255,1484,1696,41,136069
4102,6.3e-05,172.31.46.0-255,66,1762,41,136069
4103,6.9e-05,74.125.24.0-255,2902,4664,41,136069
4104,7.3e-05,172.31.46.0-255,66,4730,41,136069
4105,8.7e-05,172.31.46.0-255,66,4796,41,136069
4106,0.000121,74.125.24.0-255,3546,8342,41,136069
4107,0.000124,172.31.46.0-255,66,8408,41,136069
4108,0.000335,74.125.24.0-255,1484,9892,41,136069
4109,0.000342,172.31.46.0-255,66,9958,41,136069
4110,0.000347,74.125.24.0-255,2902,12860,41,136069
4111,0.000349,172.31.46.0-255,66,12926,41,136069
4112,0.000364,172.31.46.0-255,66,12992,41,136069
4113,0.000367,74.125.24.0-255,1484,14476,41,136069
4114,0.000369,172.31.46.0-255,66,14542,41,136069
4115,0.000409,172.31.46.0-255,66,14608,41,136069
4116,0.000447,172.31.46.0-255,66,14674,41,136069
4117,0.000504,172.31.46.0-255,66,14740,41,136069
4118,0.000531,74.125.24.0-255,4320,19060,41,136069
4119,0.000533,172.31.46.0-255,66,19126,41,136069
4120,0.000543,172.31.46.0-255,66,19192,41,136069
4121,0.000551,74.125.24.0-255,2184,21376,41,136069
4122,0.000554,172.31.46.0-255,66,21442,41,136069
4123,0.001479,74.125.24.0-255,398,21840,41,136069
4124,0.001486,172.31.46.0-255,66,21906,41,136069
4125,0.001584,74.125.24.0-255,109,22015,41,136069
4126,0.001726,74.125.24.0-255,1484,23499,41,136069
4127,0.001734,74.125.24.0-255,2902,26401,41,136069
4128,0.001737,74.125.24.0-255,1484,27885,41,136069
4129,0.001752,74.125.24.0-255,4320,32205,41,136069
4130,0.001777,74.125.24.0-255,2902,35107,41,136069
4131,0.001814,74.125.24.0-255,4320,39427,41,136069
4132,0.001828,74.125.24.0-255,4320,43747,41,136069
4133,0.001853,74.125.24.0-255,3602,47349,41,136069
4134,0.002731,74.125.24.0-255,1484,48833,41,136069
4135,0.002759,74.125.24.0-255,1484,50317,41,136069
4136,0.002773,74.125.24.0-255,1484,51801,41,136069
4137,0.002792,74.125.24.0-255,1484,53285,41,136069
4138,0.002858,74.125.24.0-255,2902,56187,41,136069
4139,0.002871,74.125.24.0-255,1484,57671,41,136069
4140,0.002888,74.125.24.0-255,4320,61991,41,136069
4141,0.002901,74.125.24.0-255,4320,66311,41,136069
4142,0.002913,74.125.24.0-255,1484,67795,41,136069
4143,0.002916,74.125.24.0-255,766,68561,41,136069
4144,0.003865,74.125.24.0-255,1484,70045,41,136069
4145,0.00388,74.125.24.0-255,2902,72947,41,136069
4146,0.003885,74.125.24.0-255,2902,75849,41,136069
4147,0.0039,74.125.24.0-255,2902,78751,41,136069
4148,0.003913,74.125.24.0-255,1484,80235,41,136069
4149,0.003926,74.125.24.0-255,4320,84555,41,136069
4150,0.003961,74.125.24.0-255,1484,86039,41,136069
4151,0.003974,74.125.24.0-255,2902,88941,41,136069
4152,0.00403,74.125.24.0-255,1484,90425,41,136069
4153,0.004046,74.125.24.0-255,2902,93327,41,136069
4154,0.004099,74.125.24.0-255,5020,98347,41,136069
4155,0.004117,74.125.24.0-255,2902,101249,41,136069
4156,0.004153,74.125.24.0-255,2902,104151,41,136069
4157,0.004174,74.125.24.0-255,1484,105635,41,136069
4158,0.004209,74.125.24.0-255,4320,109955,41,136069
4159,0.004239,74.125.24.0-255,5020,114975,41,136069
4160,0.004242,74.125.24.0-255,1484,116459,41,136069
4161,0.004299,74.125.24.0-255,2902,119361,41,136069
4162,0.004311,74.125.24.0-255,4320,123681,41,136069
4163,0.00432,172.31.46.0-255,66,123747,41,136069
4164,0.004346,74.125.24.0-255,1484,125231,41,136069
4165,0.004376,172.31.46.0-255,66,125297,41,136069
4166,0.00445,74.125.24.0-255,2184,127481,41,136069
4167,0.004474,172.31.46.0-255,66,127547,41,136069
4168,0.004497,172.31.46.0-255,66,127613,41,136069
4169,0.004536,74.125.24.0-255,5020,132633,41,136069
4170,0.004567,74.125.24.0-255,1484,134117,41,136069
4171,0.004586,172.31.46.0-255,66,134183,41,136069
4172,0.004638,74.125.24.0-255,105,134288,41,136069
4173,0.004654,172.31.46.0-255,66,134354,41,136069
4174,0.007099,172.31.46.0-255,105,134459,41,136069
4175,0.009325,74.125.24.0-255,66,134525,41,136069
4176,0.033418,172.31.46.0-255,172,134697,41,136069
4177,0.033456,172.31.46.0-255,1066,135763,41,136069
4178,0.035002,104.244.42.0-255,66,135829,41,136069
4179,0.035014,104.244.42.0-255,66,135895,41,136069
4180,0.038072,104.244.42.0-255,108,136003,41,136069
4181,0.038079,172.31.46.0-255,66,136069,41,136069
4182,0.0,172.217.194.0-255,146,146,41,110124
4183,2.4e-05,172.31.46.0-255,66,212,41,110124
4184,3.1e-05,172.217.194.0-255,1484,1696,41,110124
4185,3.6e-05,172.31.46.0-255,66,1762,41,110124
4186,4.2e-05,172.217.194.0-255,2902,4664,41,110124
4187,4.5e-05,172.31.46.0-255,66,4730,41,110124
4188,5.6e-05,172.31.46.0-255,66,4796,41,110124
4189,6.1e-05,172.217.194.0-255,2046,6842,41,110124
4190,6.4e-05,172.31.46.0-255,66,6908,41,110124
4191,0.000111,172.217.194.0-255,1484,8392,41,110124
4192,0.000114,172.31.46.0-255,66,8458,41,110124
4193,0.000119,172.217.194.0-255,2902,11360,41,110124
4194,0.000122,172.31.46.0-255,66,11426,41,110124
4195,0.000125,172.217.194.0-255,1484,12910,41,110124
4196,0.000127,172.31.46.0-255,66,12976,41,110124
4197,0.000152,172.217.194.0-255,4320,17296,41,110124
4198,0.000155,172.31.46.0-255,66,17362,41,110124
4199,0.000164,172.31.46.0-255,66,17428,41,110124
4200,0.000204,172.31.46.0-255,66,17494,41,110124
4201,0.000219,172.31.46.0-255,66,17560,41,110124
4202,0.000234,172.217.194.0-255,1484,19044,41,110124
4203,0.000236,172.31.46.0-255,66,19110,41,110124
4204,0.00026,172.31.46.0-255,66,19176,41,110124
4205,0.000526,172.217.194.0-255,1484,20660,41,110124
4206,0.000532,172.217.194.0-255,2902,23562,41,110124
4207,0.000534,172.217.194.0-255,1484,25046,41,110124
4208,0.00054,172.31.46.0-255,66,25112,41,110124
4209,0.000544,172.31.46.0-255,66,25178,41,110124
4210,0.000571,172.217.194.0-255,4320,29498,41,110124
4211,0.000574,172.31.46.0-255,66,29564,41,110124
4212,0.000584,172.31.46.0-255,66,29630,41,110124
4213,0.000613,172.31.46.0-255,66,29696,41,110124
4214,0.000644,172.31.46.0-255,66,29762,41,110124
4215,0.000649,172.217.194.0-255,2543,32305,41,110124
4216,0.000651,172.31.46.0-255,66,32371,41,110124
4217,0.000882,172.217.194.0-255,1484,33855,41,110124
4218,0.000887,172.217.194.0-255,2902,36757,41,110124
4219,0.000892,172.31.46.0-255,66,36823,41,110124
4220,0.000907,172.31.46.0-255,66,36889,41,110124
4221,0.000912,172.217.194.0-255,2902,39791,41,110124
4222,0.000914,172.31.46.0-255,66,39857,41,110124
4223,0.000942,172.217.194.0-255,4320,44177,41,110124
4224,0.000945,172.31.46.0-255,66,44243,41,110124
4225,0.00096,172.31.46.0-255,66,44309,41,110124
4226,0.000965,172.217.194.0-255,2184,46493,41,110124
4227,0.000967,172.31.46.0-255,66,46559,41,110124
4228,0.001442,172.217.194.0-255,1484,48043,41,110124
4229,0.001452,172.217.194.0-255,2902,50945,41,110124
4230,0.001456,172.31.46.0-255,66,51011,41,110124
4231,0.001461,172.217.194.0-255,2902,53913,41,110124
4232,0.001463,172.31.46.0-255,66,53979,41,110124
4233,0.00149,172.217.194.0-255,2902,56881,41,110124
4234,0.001493,172.31.46.0-255,66,56947,41,110124
4235,0.001498,172.217.194.0-255,4320,61267,41,110124
4236,0.001501,172.31.46.0-255,66,61333,41,110124
4237,0.001524,172.31.46.0-255,66,61399,41,110124
4238,0.001538,172.31.46.0-255,66,61465,41,110124
4239,0.001606,172.217.194.0-255,1484,62949,41,110124
4240,0.001612,172.217.194.0-255,2902,65851,41,110124
4241,0.001615,172.31.46.0-255,66,65917,41,110124
4242,0.001624,172.31.46.0-255,66,65983,41,110124
4243,0.001645,172.217.194.0-255,2902,68885,41,110124
4244,0.001648,172.31.46.0-255,66,68951,41,110124
4245,0.001669,172.31.46.0-255,66,69017,41,110124
4246,0.001681,172.31.46.0-255,66,69083,41,110124
4247,0.001697,172.217.194.0-255,766,69849,41,110124
4248,0.00179,172.217.194.0-255,1484,71333,41,110124
4249,0.001795,172.31.46.0-255,66,71399,41,110124
4250,0.001801,172.217.194.0-255,2902,74301,41,110124
4251,0.001804,172.31.46.0-255,66,74367,41,110124
4252,0.001809,172.217.194.0-255,4320,78687,41,110124
4253,0.001812,172.31.46.0-255,66,78753,41,110124
4254,0.001836,172.217.194.0-255,1484,80237,41,110124
4255,0.001845,172.31.46.0-255,66,80303,41,110124
4256,0.001856,172.31.46.0-255,66,80369,41,110124
4257,0.001878,172.217.194.0-255,4320,84689,41,110124
4258,0.00188,172.31.46.0-255,66,84755,41,110124
4259,0.001886,172.217.194.0-255,5020,89775,41,110124
4260,0.001889,172.31.46.0-255,66,89841,41,110124
4261,0.00192,172.31.46.0-255,66,89907,41,110124
4262,0.001928,172.31.46.0-255,66,89973,41,110124
4263,0.001941,172.217.194.0-255,1484,91457,41,110124
4264,0.001963,172.217.194.0-255,2902,94359,41,110124
4265,0.001965,172.31.46.0-255,66,94425,41,110124
4266,0.002089,172.217.194.0-255,4320,98745,41,110124
4267,0.002246,172.217.194.0-255,2902,101647,41,110124
4268,0.002319,172.217.194.0-255,105,101752,41,110124
4269,0.005861,172.31.46.0-255,66,101818,41,110124
4270,0.009125,172.31.46.0-255,105,101923,41,110124
4271,0.011509,172.217.194.0-255,66,101989,41,110124
4272,0.029268,172.31.46.0-255,172,102161,41,110124
4273,0.029307,172.31.46.0-255,1119,103280,41,110124
4274,0.02938,172.31.46.0-255,1514,104794,41,110124
4275,0.029382,172.31.46.0-255,1514,106308,41,110124
4276,0.029388,172.31.46.0-255,1514,107822,41,110124
4277,0.02939,172.31.46.0-255,1514,109336,41,110124
4278,0.029407,172.31.46.0-255,524,109860,41,110124
4279,0.030837,104.244.42.0-255,66,109926,41,110124
4280,0.03087,104.244.42.0-255,66,109992,41,110124
4281,0.030957,104.244.42.0-255,66,110058,41,110124
4282,0.030961,104.244.42.0-255,66,110124,41,110124
4283,0.0,74.125.200.0-255,154,154,41,137235
4284,2.7e-05,172.31.46.0-255,66,220,41,137235
4285,3.5e-05,74.125.200.0-255,1484,1704,41,137235
4286,4e-05,172.31.46.0-255,66,1770,41,137235
4287,5.4e-05,74.125.200.0-255,2902,4672,41,137235
4288,5.8e-05,172.31.46.0-255,66,4738,41,137235
4289,6.4e-05,74.125.200.0-255,4320,9058,41,137235
4290,6.8e-05,172.31.46.0-255,66,9124,41,137235
4291,0.000102,74.125.200.0-255,4821,13945,41,137235
4292,0.000106,172.31.46.0-255,66,14011,41,137235
4293,0.000131,74.125.200.0-255,2902,16913,41,137235
4294,0.000133,172.31.46.0-255,66,16979,41,137235
4295,0.000157,74.125.200.0-255,2902,19881,41,137235
4296,0.000159,172.31.46.0-255,66,19947,41,137235
4297,0.000169,172.31.46.0-255,66,20013,41,137235
4298,0.000202,74.125.200.0-255,3961,23974,41,137235
4299,0.000206,172.31.46.0-255,66,24040,41,137235
4300,0.000378,74.125.200.0-255,1484,25524,41,137235
4301,0.000383,172.31.46.0-255,66,25590,41,137235
4302,0.000388,74.125.200.0-255,1484,27074,41,137235
4303,0.000389,172.31.46.0-255,66,27140,41,137235
4304,0.000394,74.125.200.0-255,2902,30042,41,137235
4305,0.000402,172.31.46.0-255,66,30108,41,137235
4306,0.000407,74.125.200.0-255,2902,33010,41,137235
4307,0.000409,172.31.46.0-255,66,33076,41,137235
4308,0.000437,74.125.200.0-255,2902,35978,41,137235
4309,0.000439,172.31.46.0-255,66,36044,41,137235
4310,0.000444,74.125.200.0-255,2902,38946,41,137235
4311,0.000446,172.31.46.0-255,66,39012,41,137235
4312,0.000469,74.125.200.0-255,3961,42973,41,137235
4313,0.000472,172.31.46.0-255,66,43039,41,137235
4314,0.00055,74.125.200.0-255,4320,47359,41,137235
4315,0.000565,74.125.200.0-255,4273,51632,41,137235
4316,0.000568,74.125.200.0-255,112,51744,41,137235
4317,0.000627,74.125.200.0-255,1484,53228,41,137235
4318,0.000632,74.125.200.0-255,2902,56130,41,137235
4319,0.000653,74.125.200.0-255,2902,59032,41,137235
4320,0.000659,74.125.200.0-255,4320,63352,41,137235
4321,0.000686,74.125.200.0-255,2902,66254,41,137235
4322,0.000752,74.125.200.0-255,4320,70574,41,137235
4323,0.000784,74.125.200.0-255,2902,73476,41,137235
4324,0.000873,172.31.46.0-255,66,73542,41,137235
4325,0.001062,74.125.200.0-255,1484,75026,41,137235
4326,0.00107,74.125.200.0-255,2902,77928,41,137235
4327,0.001076,74.125.200.0-255,4320,82248,41,137235
4328,0.001091,74.125.200.0-255,1484,83732,41,137235
4329,0.001097,172.31.46.0-255,66,83798,41,137235
4330,0.001109,74.125.200.0-255,2902,86700,41,137235
4331,0.001141,172.31.46.0-255,66,86766,41,137235
4332,0.001145,172.31.46.0-255,66,86832,41,137235
4333,0.00118,74.125.200.0-255,4320,91152,41,137235
4334,0.001188,172.31.46.0-255,66,91218,41,137235
4335,0.001229,172.31.46.0-255,66,91284,41,137235
4336,0.001255,74.125.200.0-255,2184,93468,41,137235
4337,0.001261,172.31.46.0-255,66,93534,41,137235
4338,0.001872,74.125.200.0-255,1484,95018,41,137235
4339,0.001877,74.125.200.0-255,1484,96502,41,137235
4340,0.00188,172.31.46.0-255,66,96568,41,137235
4341,0.001912,74.125.200.0-255,1484,98052,41,137235
4342,0.001925,74.125.200.0-255,4320,102372,41,137235
4343,0.001946,172.31.46.0-255,66,102438,41,137235
4344,0.001957,74.125.200.0-255,4320,106758,41,137235
4345,0.00197,74.125.200.0-255,1484,108242,41,137235
4346,0.001984,172.31.46.0-255,66,108308,41,137235
4347,0.001994,74.125.200.0-255,2902,111210,41,137235
4348,0.00205,172.31.46.0-255,66,111276,41,137235
4349,0.00208,74.125.200.0-255,2184,113460,41,137235
4350,0.002095,172.31.46.0-255,66,113526,41,137235
4351,0.004061,74.125.200.0-255,2902,116428,41,137235
4352,0.004068,172.31.46.0-255,66,116494,41,137235
4353,0.0041,74.125.200.0-255,2902,119396,41,137235
4354,0.005534,172.31.46.0-255,66,119462,41,137235
4355,0.006089,74.125.200.0-255,2902,122364,41,137235
4356,0.006094,172.31.46.0-255,66,122430,41,137235
4357,0.007542,74.125.200.0-255,2902,125332,41,137235
4358,0.008101,74.125.200.0-255,2902,128234,41,137235
4359,0.00891,172.31.46.0-255,66,128300,41,137235
4360,0.010951,172.31.46.0-255,66,128366,41,137235
4361,0.012985,172.31.46.0-255,66,128432,41,137235
4362,0.015054,172.31.46.0-255,66,128498,41,137235
4363,0.017087,172.31.46.0-255,66,128564,41,137235
4364,0.019107,172.31.46.0-255,66,128630,41,137235
4365,0.021149,172.31.46.0-255,66,128696,41,137235
4366,0.023178,172.31.46.0-255,66,128762,41,137235
4367,0.024517,172.31.46.0-255,172,128934,41,137235
4368,0.024552,172.31.46.0-255,1119,130053,41,137235
4369,0.024658,172.31.46.0-255,1514,131567,41,137235
4370,0.024661,172.31.46.0-255,1514,133081,41,137235
4371,0.024662,172.31.46.0-255,1514,134595,41,137235
4372,0.024663,172.31.46.0-255,1514,136109,41,137235
4373,0.024664,172.31.46.0-255,532,136641,41,137235
4374,0.0252,172.31.46.0-255,66,136707,41,137235
4375,0.026727,104.244.42.0-255,66,136773,41,137235
4376,0.027227,172.31.46.0-255,66,136839,41,137235
4377,0.029277,172.31.46.0-255,66,136905,41,137235
4378,0.031325,172.31.46.0-255,66,136971,41,137235
4379,0.033393,172.31.46.0-255,66,137037,41,137235
4380,0.035418,172.31.46.0-255,66,137103,41,137235
4381,0.037439,172.31.46.0-255,66,137169,41,137235
4382,0.039469,172.31.46.0-255,66,137235,41,137235
4383,0.0,74.125.24.0-255,153,153,41,116598
4384,1.3e-05,172.31.46.0-255,66,219,41,116598
4385,2e-05,74.125.24.0-255,1484,1703,41,116598
4386,2.5e-05,172.31.46.0-255,66,1769,41,116598
4387,3e-05,74.125.24.0-255,2902,4671,41,116598
4388,3.3e-05,172.31.46.0-255,66,4737,41,116598
4389,4.3e-05,172.31.46.0-255,66,4803,41,116598
4390,7.3e-05,74.125.24.0-255,2042,6845,41,116598
4391,7.6e-05,172.31.46.0-255,66,6911,41,116598
4392,0.000261,74.125.24.0-255,1484,8395,41,116598
4393,0.000267,172.31.46.0-255,66,8461,41,116598
4394,0.000273,74.125.24.0-255,2902,11363,41,116598
4395,0.000275,172.31.46.0-255,66,11429,41,116598
4396,0.000302,172.31.46.0-255,66,11495,41,116598
4397,0.000308,74.125.24.0-255,4320,15815,41,116598
4398,0.00031,172.31.46.0-255,66,15881,41,116598
4399,0.000331,74.125.24.0-255,1484,17365,41,116598
4400,0.000332,172.31.46.0-255,66,17431,41,116598
4401,0.000363,74.125.24.0-255,2902,20333,41,116598
4402,0.000365,172.31.46.0-255,66,20399,41,116598
4403,0.000385,74.125.24.0-255,3961,24360,41,116598
4404,0.000388,172.31.46.0-255,66,24426,41,116598
4405,0.000397,172.31.46.0-255,66,24492,41,116598
4406,0.000425,74.125.24.0-255,3961,28453,41,116598
4407,0.000428,172.31.46.0-255,66,28519,41,116598
4408,0.000458,74.125.24.0-255,4320,32839,41,116598
4409,0.000461,172.31.46.0-255,66,32905,41,116598
4410,0.000465,74.125.24.0-255,2902,35807,41,116598
4411,0.000468,172.31.46.0-255,66,35873,41,116598
4412,0.00048,74.125.24.0-255,1484,37357,41,116598
4413,0.000543,172.31.46.0-255,66,37423,41,116598
4414,0.00069,74.125.24.0-255,380,37803,41,116598
4415,0.00089,74.125.24.0-255,1484,39287,41,116598
4416,0.000895,172.31.46.0-255,66,39353,41,116598
4417,0.000921,74.125.24.0-255,2902,42255,41,116598
4418,0.000924,172.31.46.0-255,66,42321,41,116598
4419,0.000932,172.31.46.0-255,66,42387,41,116598
4420,0.000941,172.31.46.0-255,66,42453,41,116598
4421,0.00096,74.125.24.0-255,4320,46773,41,116598
4422,0.000963,172.31.46.0-255,66,46839,41,116598
4423,0.000985,74.125.24.0-255,2543,49382,41,116598
4424,0.000987,172.31.46.0-255,66,49448,41,116598
4425,0.000999,172.31.46.0-255,66,49514,41,116598
4426,0.001012,74.125.24.0-255,2543,52057,41,116598
4427,0.001016,172.31.46.0-255,66,52123,41,116598
4428,0.001286,74.125.24.0-255,1484,53607,41,116598
4429,0.00129,74.125.24.0-255,1484,55091,41,116598
4430,0.001295,172.31.46.0-255,66,55157,41,116598
4431,0.001304,74.125.24.0-255,1484,56641,41,116598
4432,0.001308,74.125.24.0-255,2902,59543,41,116598
4433,0.00131,172.31.46.0-255,66,59609,41,116598
4434,0.001334,74.125.24.0-255,2902,62511,41,116598
4435,0.001336,172.31.46.0-255,66,62577,41,116598
4436,0.001341,74.125.24.0-255,4320,66897,41,116598
4437,0.001343,172.31.46.0-255,66,66963,41,116598
4438,0.001356,74.125.24.0-255,2902,69865,41,116598
4439,0.001358,172.31.46.0-255,66,69931,41,116598
4440,0.001381,172.31.46.0-255,66,69997,41,116598
4441,0.001393,172.31.46.0-255,66,70063,41,116598
4442,0.001406,74.125.24.0-255,766,70829,41,116598
4443,0.001495,74.125.24.0-255,1484,72313,41,116598
4444,0.001499,172.31.46.0-255,66,72379,41,116598
4445,0.001512,74.125.24.0-255,2902,75281,41,116598
4446,0.001514,172.31.46.0-255,66,75347,41,116598
4447,0.001518,74.125.24.0-255,1484,76831,41,116598
4448,0.001543,74.125.24.0-255,4320,81151,41,116598
4449,0.001545,172.31.46.0-255,66,81217,41,116598
4450,0.001551,74.125.24.0-255,4320,85537,41,116598
4451,0.001553,172.31.46.0-255,66,85603,41,116598
4452,0.00157,172.31.46.0-255,66,85669,41,116598
4453,0.001593,74.125.24.0-255,2902,88571,41,116598
4454,0.001595,172.31.46.0-255,66,88637,41,116598
4455,0.001606,172.31.46.0-255,66,88703,41,116598
4456,0.001609,74.125.24.0-255,2184,90887,41,116598
4457,0.001612,172.31.46.0-255,66,90953,41,116598
4458,0.004088,74.125.24.0-255,2902,93855,41,116598
4459,0.004095,172.31.46.0-255,66,93921,41,116598
4460,0.004157,74.125.24.0-255,2902,96823,41,116598
4461,0.004159,172.31.46.0-255,66,96889,41,116598
4462,0.006644,172.31.46.0-255,66,96955,41,116598
4463,0.00919,172.31.46.0-255,66,97021,41,116598
4464,0.011719,172.31.46.0-255,66,97087,41,116598
4465,0.014273,172.31.46.0-255,66,97153,41,116598
4466,0.016816,172.31.46.0-255,66,97219,41,116598
4467,0.019346,172.31.46.0-255,66,97285,41,116598
4468,0.021848,172.31.46.0-255,66,97351,41,116598
4469,0.024376,172.31.46.0-255,66,97417,41,116598
4470,0.026873,172.31.46.0-255,66,97483,41,116598
4471,0.02941,74.125.24.0-255,4320,101803,41,116598
4472,0.029418,172.31.46.0-255,66,101869,41,116598
4473,0.029437,74.125.24.0-255,1484,103353,41,116598
4474,0.030235,172.31.46.0-255,172,103525,41,116598
4475,0.030267,172.31.46.0-255,1118,104643,41,116598
4476,0.03033,172.31.46.0-255,1514,106157,41,116598
4477,0.030332,172.31.46.0-255,1273,107430,41,116598
4478,0.031929,104.244.42.0-255,66,107496,41,116598
4479,0.031937,74.125.24.0-255,2902,110398,41,116598
4480,0.031942,172.31.46.0-255,66,110464,41,116598
4481,0.031978,104.244.42.0-255,66,110530,41,116598
4482,0.03202,104.244.42.0-255,66,110596,41,116598
4483,0.034436,172.31.46.0-255,66,110662,41,116598
4484,0.036961,172.31.46.0-255,66,110728,41,116598
4485,0.039481,74.125.24.0-255,4320,115048,41,116598
4486,0.039488,172.31.46.0-255,66,115114,41,116598
4487,0.039507,74.125.24.0-255,1484,116598,41,116598
4488,0.0,74.125.24.0-255,150,150,41,113303
4489,2.5e-05,172.31.46.0-255,66,216,41,113303
4490,3.2e-05,74.125.24.0-255,1484,1700,41,113303
4491,3.7e-05,172.31.46.0-255,66,1766,41,113303
4492,4.3e-05,74.125.24.0-255,2902,4668,41,113303
4493,5.4e-05,172.31.46.0-255,66,4734,41,113303
4494,6.8e-05,172.31.46.0-255,66,4800,41,113303
4495,7.2e-05,74.125.24.0-255,2074,6874,41,113303
4496,7.6e-05,172.31.46.0-255,66,6940,41,113303
4497,0.000137,74.125.24.0-255,1484,8424,41,113303
4498,0.00014,172.31.46.0-255,66,8490,41,113303
4499,0.000145,74.125.24.0-255,2902,11392,41,113303
4500,0.000148,172.31.46.0-255,66,11458,41,113303
4501,0.000182,172.31.46.0-255,66,11524,41,113303
4502,0.000218,172.31.46.0-255,66,11590,41,113303
4503,0.000252,172.31.46.0-255,66,11656,41,113303
4504,0.000261,172.31.46.0-255,66,11722,41,113303
4505,0.000286,172.31.46.0-255,66,11788,41,113303
4506,0.000289,74.125.24.0-255,1125,12913,41,113303
4507,0.000291,172.31.46.0-255,66,12979,41,113303
4508,0.000663,74.125.24.0-255,1484,14463,41,113303
4509,0.000669,172.31.46.0-255,66,14529,41,113303
4510,0.000677,74.125.24.0-255,2902,17431,41,113303
4511,0.00068,172.31.46.0-255,66,17497,41,113303
4512,0.000694,172.31.46.0-255,66,17563,41,113303
4513,0.000761,172.31.46.0-255,66,17629,41,113303
4514,0.000797,172.31.46.0-255,66,17695,41,113303
4515,0.000808,172.31.46.0-255,66,17761,41,113303
4516,0.000829,172.31.46.0-255,66,17827,41,113303
4517,0.001047,74.125.24.0-255,1484,19311,41,113303
4518,0.001051,74.125.24.0-255,1484,20795,41,113303
4519,0.001059,172.31.46.0-255,66,20861,41,113303
4520,0.00107,74.125.24.0-255,1484,22345,41,113303
4521,0.001084,172.31.46.0-255,66,22411,41,113303
4522,0.001092,172.31.46.0-255,66,22477,41,113303
4523,0.00114,172.31.46.0-255,66,22543,41,113303
4524,0.001147,74.125.24.0-255,5020,27563,41,113303
4525,0.001149,172.31.46.0-255,66,27629,41,113303
4526,0.001171,74.125.24.0-255,1484,29113,41,113303
4527,0.001201,74.125.24.0-255,4320,33433,41,113303
4528,0.001204,172.31.46.0-255,66,33499,41,113303
4529,0.001215,172.31.46.0-255,66,33565,41,113303
4530,0.001226,172.31.46.0-255,66,33631,41,113303
4531,0.001241,172.31.46.0-255,66,33697,41,113303
4532,0.001245,74.125.24.0-255,1484,35181,41,113303
4533,0.001286,74.125.24.0-255,5020,40201,41,113303
4534,0.00129,172.31.46.0-255,66,40267,41,113303
4535,0.001378,74.125.24.0-255,1484,41751,41,113303
4536,0.0014,74.125.24.0-255,2902,44653,41,113303
4537,0.001404,172.31.46.0-255,66,44719,41,113303
4538,0.001414,172.31.46.0-255,66,44785,41,113303
4539,0.001444,172.31.46.0-255,66,44851,41,113303
4540,0.001478,172.31.46.0-255,66,44917,41,113303
4541,0.001487,172.31.46.0-255,66,44983,41,113303
4542,0.001511,74.125.24.0-255,5020,50003,41,113303
4543,0.001514,172.31.46.0-255,66,50069,41,113303
4544,0.001737,74.125.24.0-255,1484,51553,41,113303
4545,0.001752,74.125.24.0-255,2902,54455,41,113303
4546,0.001755,172.31.46.0-255,66,54521,41,113303
4547,0.001761,74.125.24.0-255,2902,57423,41,113303
4548,0.001763,172.31.46.0-255,66,57489,41,113303
4549,0.001795,74.125.24.0-255,2902,60391,41,113303
4550,0.001798,172.31.46.0-255,66,60457,41,113303
4551,0.001811,172.31.46.0-255,66,60523,41,113303
4552,0.00182,172.31.46.0-255,66,60589,41,113303
4553,0.001833,74.125.24.0-255,5020,65609,41,113303
4554,0.001835,172.31.46.0-255,66,65675,41,113303
4555,0.001872,172.31.46.0-255,66,65741,41,113303
4556,0.001941,172.31.46.0-255,66,65807,41,113303
4557,0.001952,74.125.24.0-255,1484,67291,41,113303
4558,0.001963,74.125.24.0-255,2902,70193,41,113303
4559,0.002003,74.125.24.0-255,1484,71677,41,113303
4560,0.002018,74.125.24.0-255,4320,75997,41,113303
4561,0.002021,74.125.24.0-255,1484,77481,41,113303
4562,0.002051,172.31.46.0-255,66,77547,41,113303
4563,0.002751,74.125.24.0-255,1484,79031,41,113303
4564,0.002757,74.125.24.0-255,1484,80515,41,113303
4565,0.002761,172.31.46.0-255,66,80581,41,113303
4566,0.002796,74.125.24.0-255,1484,82065,41,113303
4567,0.002807,74.125.24.0-255,4320,86385,41,113303
4568,0.002812,172.31.46.0-255,66,86451,41,113303
4569,0.002816,172.31.46.0-255,66,86517,41,113303
4570,0.002848,172.31.46.0-255,66,86583,41,113303
4571,0.002852,74.125.24.0-255,2902,89485,41,113303
4572,0.002855,172.31.46.0-255,66,89551,41,113303
4573,0.002878,74.125.24.0-255,2902,92453,41,113303
4574,0.002881,172.31.46.0-255,66,92519,41,113303
4575,0.002925,172.31.46.0-255,66,92585,41,113303
4576,0.002949,74.125.24.0-255,2184,94769,41,113303
4577,0.002952,172.31.46.0-255,66,94835,41,113303
4578,0.002966,172.31.46.0-255,66,94901,41,113303
4579,0.003007,172.31.46.0-255,66,94967,41,113303
4580,0.003035,74.125.24.0-255,1484,96451,41,113303
4581,0.003041,74.125.24.0-255,3602,100053,41,113303
4582,0.003044,74.125.24.0-255,2451,102504,41,113303
4583,0.003079,172.31.46.0-255,66,102570,41,113303
4584,0.003101,74.125.24.0-255,105,102675,41,113303
4585,0.003915,172.31.46.0-255,101,102776,41,113303
4586,0.004766,172.31.46.0-255,105,102881,41,113303
4587,0.006191,74.125.24.0-255,66,102947,41,113303
4588,0.007011,74.125.24.0-255,66,103013,41,113303
4589,0.036948,172.31.46.0-255,172,103185,41,113303
4590,0.036983,172.31.46.0-255,1120,104305,41,113303
4591,0.037051,172.31.46.0-255,1514,105819,41,113303
4592,0.037053,172.31.46.0-255,1514,107333,41,113303
4593,0.037059,172.31.46.0-255,1514,108847,41,113303
4594,0.037061,172.31.46.0-255,1514,110361,41,113303
4595,0.03708,172.31.46.0-255,1514,111875,41,113303
4596,0.037081,172.31.46.0-255,1164,113039,41,113303
4597,0.038532,104.244.42.0-255,66,113105,41,113303
4598,0.038579,104.244.42.0-255,66,113171,41,113303
4599,0.038609,104.244.42.0-255,66,113237,41,113303
4600,0.038683,104.244.42.0-255,66,113303,41,113303
4601,0.0,172.217.194.0-255,151,151,41,140313
4602,2.5e-05,172.31.46.0-255,66,217,41,140313
4603,3.2e-05,172.217.194.0-255,1484,1701,41,140313
4604,3.7e-05,172.31.46.0-255,66,1767,41,140313
4605,4.2e-05,172.217.194.0-255,2902,4669,41,140313
4606,5.1e-05,172.31.46.0-255,66,4735,41,140313
4607,6.3e-05,172.31.46.0-255,66,4801,41,140313
4608,9.8e-05,172.31.46.0-255,66,4867,41,140313
4609,0.000108,172.31.46.0-255,66,4933,41,140313
4610,0.000119,172.217.194.0-255,1484,6417,41,140313
4611,0.000121,172.31.46.0-255,66,6483,41,140313
4612,0.000147,172.217.194.0-255,3961,10444,41,140313
4613,0.00015,172.31.46.0-255,66,10510,41,140313
4614,0.000214,172.217.194.0-255,1484,11994,41,140313
4615,0.000216,172.31.46.0-255,66,12060,41,140313
4616,0.000233,172.217.194.0-255,2902,14962,41,140313
4617,0.000236,172.31.46.0-255,66,15028,41,140313
4618,0.000269,172.31.46.0-255,66,15094,41,140313
4619,0.000272,172.217.194.0-255,1484,16578,41,140313
4620,0.000274,172.31.46.0-255,66,16644,41,140313
4621,0.000304,172.31.46.0-255,66,16710,41,140313
4622,0.000314,172.31.46.0-255,66,16776,41,140313
4623,0.000344,172.217.194.0-255,2902,19678,41,140313
4624,0.000346,172.31.46.0-255,66,19744,41,140313
4625,0.000378,172.31.46.0-255,66,19810,41,140313
4626,0.000907,172.217.194.0-255,365,20175,41,140313
4627,0.000985,172.217.194.0-255,1484,21659,41,140313
4628,0.00099,172.31.46.0-255,66,21725,41,140313
4629,0.000995,172.217.194.0-255,1484,23209,41,140313
4630,0.00102,172.217.194.0-255,1484,24693,41,140313
4631,0.001023,172.31.46.0-255,66,24759,41,140313
4632,0.001033,172.31.46.0-255,66,24825,41,140313
4633,0.001069,172.31.46.0-255,66,24891,41,140313
4634,0.001214,172.217.194.0-255,1484,26375,41,140313
4635,0.001219,172.217.194.0-255,1484,27859,41,140313
4636,0.001222,172.31.46.0-255,66,27925,41,140313
4637,0.001249,172.217.194.0-255,1484,29409,41,140313
4638,0.001259,172.31.46.0-255,66,29475,41,140313
4639,0.001297,172.217.194.0-255,2902,32377,41,140313
4640,0.0013,172.31.46.0-255,66,32443,41,140313
4641,0.001327,172.217.194.0-255,3961,36404,41,140313
4642,0.00133,172.31.46.0-255,66,36470,41,140313
4643,0.001707,172.217.194.0-255,1484,37954,41,140313
4644,0.001713,172.217.194.0-255,2902,40856,41,140313
4645,0.001717,172.31.46.0-255,66,40922,41,140313
4646,0.00172,172.217.194.0-255,1484,42406,41,140313
4647,0.001745,172.217.194.0-255,4320,46726,41,140313
4648,0.001749,172.31.46.0-255,66,46792,41,140313
4649,0.001778,172.31.46.0-255,66,46858,41,140313
4650,0.001783,172.217.194.0-255,2902,49760,41,140313
4651,0.001785,172.31.46.0-255,66,49826,41,140313
4652,0.001822,172.31.46.0-255,66,49892,41,140313
4653,0.001827,172.217.194.0-255,2184,52076,41,140313
4654,0.001829,172.31.46.0-255,66,52142,41,140313
4655,0.002078,172.217.194.0-255,1484,53626,41,140313
4656,0.002097,172.217.194.0-255,2902,56528,41,140313
4657,0.002101,172.31.46.0-255,66,56594,41,140313
4658,0.002104,172.217.194.0-255,1484,58078,41,140313
4659,0.002136,172.217.194.0-255,4320,62398,41,140313
4660,0.002139,172.31.46.0-255,66,62464,41,140313
4661,0.002144,172.217.194.0-255,2902,65366,41,140313
4662,0.002146,172.31.46.0-255,66,65432,41,140313
4663,0.002186,172.31.46.0-255,66,65498,41,140313
4664,0.002196,172.31.46.0-255,66,65564,41,140313
4665,0.002217,172.217.194.0-255,1484,67048,41,140313
4666,0.002253,172.217.194.0-255,5020,72068,41,140313
4667,0.002256,172.31.46.0-255,66,72134,41,140313
4668,0.002259,172.217.194.0-255,1484,73618,41,140313
4669,0.002271,172.31.46.0-255,66,73684,41,140313
4670,0.002274,172.217.194.0-255,1484,75168,41,140313
4671,0.002276,172.31.46.0-255,78,75246,41,140313
4672,0.002287,172.31.46.0-255,78,75324,41,140313
4673,0.002325,172.31.46.0-255,66,75390,41,140313
4674,0.002328,172.217.194.0-255,1484,76874,41,140313
4675,0.002338,172.31.46.0-255,66,76940,41,140313
4676,0.002368,172.31.46.0-255,66,77006,41,140313
4677,0.002399,172.217.194.0-255,2902,79908,41,140313
4678,0.002402,172.31.46.0-255,66,79974,41,140313
4679,0.002405,172.217.194.0-255,1484,81458,41,140313
4680,0.002408,172.217.194.0-255,1484,82942,41,140313
4681,0.00241,172.31.46.0-255,66,83008,41,140313
4682,0.002424,172.31.46.0-255,66,83074,41,140313
4683,0.002448,172.217.194.0-255,2902,85976,41,140313
4684,0.002451,172.31.46.0-255,66,86042,41,140313
4685,0.002454,172.217.194.0-255,1484,87526,41,140313
4686,0.002463,172.31.46.0-255,66,87592,41,140313
4687,0.002466,172.217.194.0-255,766,88358,41,140313
4688,0.002471,172.217.194.0-255,4320,92678,41,140313
4689,0.002473,172.31.46.0-255,66,92744,41,140313
4690,0.002508,172.217.194.0-255,2902,95646,41,140313
4691,0.002511,172.31.46.0-255,66,95712,41,140313
4692,0.002526,172.31.46.0-255,66,95778,41,140313
4693,0.002529,172.217.194.0-255,1484,97262,41,140313
4694,0.002538,172.31.46.0-255,66,97328,41,140313
4695,0.002576,172.31.46.0-255,66,97394,41,140313
4696,0.002648,172.217.194.0-255,4320,101714,41,140313
4697,0.003047,172.31.46.0-255,66,101780,41,140313
4698,0.003134,172.217.194.0-255,1484,103264,41,140313
4699,0.003141,172.217.194.0-255,2902,106166,41,140313
4700,0.003158,172.217.194.0-255,1484,107650,41,140313
4701,0.003186,172.217.194.0-255,2902,110552,41,140313
4702,0.003216,172.217.194.0-255,1484,112036,41,140313
4703,0.003269,172.217.194.0-255,1484,113520,41,140313
4704,0.003298,172.217.194.0-255,766,114286,41,140313
4705,0.003342,172.31.46.0-255,66,114352,41,140313
4706,0.003378,172.217.194.0-255,1484,115836,41,140313
4707,0.003395,172.217.194.0-255,2902,118738,41,140313
4708,0.003417,172.217.194.0-255,4320,123058,41,140313
4709,0.003421,172.217.194.0-255,2902,125960,41,140313
4710,0.003425,172.31.46.0-255,66,126026,41,140313
4711,0.003435,172.217.194.0-255,1484,127510,41,140313
4712,0.003439,172.31.46.0-255,66,127576,41,140313
4713,0.003465,172.217.194.0-255,4320,131896,41,140313
4714,0.003482,172.31.46.0-255,66,131962,41,140313
4715,0.003524,172.217.194.0-255,766,132728,41,140313
4716,0.003527,172.217.194.0-255,1484,134212,41,140313
4717,0.003542,172.31.46.0-255,66,134278,41,140313
4718,0.003568,172.31.46.0-255,66,134344,41,140313
4719,0.003631,172.217.194.0-255,1484,135828,41,140313
4720,0.003634,172.31.46.0-255,66,135894,41,140313
4721,0.003673,172.217.194.0-255,105,135999,41,140313
4722,0.003682,172.31.46.0-255,66,136065,41,140313
4723,0.006699,172.31.46.0-255,105,136170,41,140313
4724,0.008759,172.217.194.0-255,66,136236,41,140313
4725,0.039383,172.31.46.0-255,172,136408,41,140313
4726,0.039418,172.31.46.0-255,1118,137526,41,140313
4727,0.039478,172.31.46.0-255,1514,139040,41,140313
4728,0.03948,172.31.46.0-255,1273,140313,41,140313
4729,0.0,172.31.46.0-255,180,180,41,644
4730,2.6e-05,172.31.46.0-255,332,512,41,644
4731,0.001559,104.244.42.0-255,66,578,41,644
4732,0.001572,104.244.42.0-255,66,644,41,644
4733,0.0,172.217.194.0-255,66,66,41,66
4734,0.0,74.125.24.0-255,145,145,41,120657
4735,1.5e-05,172.31.46.0-255,66,211,41,120657
4736,2.1e-05,74.125.24.0-255,1484,1695,41,120657
4737,2.5e-05,172.31.46.0-255,66,1761,41,120657
4738,3e-05,74.125.24.0-255,2902,4663,41,120657
4739,3.4e-05,172.31.46.0-255,66,4729,41,120657
4740,4.3e-05,172.31.46.0-255,66,4795,41,120657
4741,6e-05,74.125.24.0-255,1484,6279,41,120657
4742,6.2e-05,172.31.46.0-255,66,6345,41,120657
4743,6.6e-05,74.125.24.0-255,2004,8349,41,120657
4744,6.8e-05,172.31.46.0-255,66,8415,41,120657
4745,0.000157,74.125.24.0-255,1484,9899,41,120657
4746,0.000161,172.31.46.0-255,66,9965,41,120657
4747,0.000165,74.125.24.0-255,2902,12867,41,120657
4748,0.000167,172.31.46.0-255,66,12933,41,120657
4749,0.000198,172.31.46.0-255,66,12999,41,120657
4750,0.000229,172.31.46.0-255,66,13065,41,120657
4751,0.000258,172.31.46.0-255,66,13131,41,120657
4752,0.000261,74.125.24.0-255,1484,14615,41,120657
4753,0.000263,172.31.46.0-255,66,14681,41,120657
4754,0.000289,172.31.46.0-255,66,14747,41,120657
4755,0.000517,74.125.24.0-255,396,15143,41,120657
4756,0.000521,172.31.46.0-255,66,15209,41,120657
4757,0.000572,74.125.24.0-255,116,15325,41,120657
4758,0.000575,172.31.46.0-255,66,15391,41,120657
4759,0.000672,74.125.24.0-255,1484,16875,41,120657
4760,0.000676,172.31.46.0-255,66,16941,41,120657
4761,0.000681,74.125.24.0-255,2902,19843,41,120657
4762,0.000683,172.31.46.0-255,66,19909,41,120657
4763,0.000691,172.31.46.0-255,66,19975,41,120657
4764,0.000694,74.125.24.0-255,1484,21459,41,120657
4765,0.000733,172.31.46.0-255,66,21525,41,120657
4766,0.000736,172.31.46.0-255,66,21591,41,120657
4767,0.000755,74.125.24.0-255,5020,26611,41,120657
4768,0.000757,172.31.46.0-255,66,26677,41,120657
4769,0.00076,74.125.24.0-255,328,27005,41,120657
4770,0.000847,74.125.24.0-255,1484,28489,41,120657
4771,0.000851,172.31.46.0-255,66,28555,41,120657
4772,0.000855,74.125.24.0-255,1484,30039,41,120657
4773,0.000871,74.125.24.0-255,1484,31523,41,120657
4774,0.000873,172.31.46.0-255,66,31589,41,120657
4775,0.000881,172.31.46.0-255,66,31655,41,120657
4776,0.000884,74.125.24.0-255,1484,33139,41,120657
4777,0.000917,172.31.46.0-255,66,33205,41,120657
4778,0.000922,74.125.24.0-255,4320,37525,41,120657
4779,0.000924,172.31.46.0-255,66,37591,41,120657
4780,0.000946,172.31.46.0-255,66,37657,41,120657
4781,0.001072,74.125.24.0-255,1484,39141,41,120657
4782,0.001077,74.125.24.0-255,2902,42043,41,120657
4783,0.00108,172.31.46.0-255,66,42109,41,120657
4784,0.001083,74.125.24.0-255,1484,43593,41,120657
4785,0.001097,74.125.24.0-255,4320,47913,41,120657
4786,0.001099,172.31.46.0-255,66,47979,41,120657
4787,0.001155,172.31.46.0-255,66,48045,41,120657
4788,0.001173,74.125.24.0-255,2902,50947,41,120657
4789,0.001175,172.31.46.0-255,66,51013,41,120657
4790,0.001185,172.31.46.0-255,66,51079,41,120657
4791,0.001196,172.31.46.0-255,66,51145,41,120657
4792,0.001204,172.31.46.0-255,66,51211,41,120657
4793,0.001227,74.125.24.0-255,2902,54113,41,120657
4794,0.001229,172.31.46.0-255,66,54179,41,120657
4795,0.001238,172.31.46.0-255,66,54245,41,120657
4796,0.001257,172.31.46.0-255,66,54311,41,120657
4797,0.001297,74.125.24.0-255,1484,55795,41,120657
4798,0.001318,74.125.24.0-255,2902,58697,41,120657
4799,0.001321,172.31.46.0-255,66,58763,41,120657
4800,0.001329,172.31.46.0-255,66,58829,41,120657
4801,0.001333,74.125.24.0-255,4320,63149,41,120657
4802,0.001335,172.31.46.0-255,66,63215,41,120657
4803,0.001372,172.31.46.0-255,66,63281,41,120657
4804,0.001377,74.125.24.0-255,4320,67601,41,120657
4805,0.001379,172.31.46.0-255,66,67667,41,120657
4806,0.001395,74.125.24.0-255,3602,71269,41,120657
4807,0.001397,172.31.46.0-255,66,71335,41,120657
4808,0.00168,74.125.24.0-255,1484,72819,41,120657
4809,0.001685,74.125.24.0-255,2902,75721,41,120657
4810,0.001688,172.31.46.0-255,66,75787,41,120657
4811,0.001691,74.125.24.0-255,1484,77271,41,120657
4812,0.00171,74.125.24.0-255,4320,81591,41,120657
4813,0.001713,172.31.46.0-255,66,81657,41,120657
4814,0.001717,74.125.24.0-255,2902,84559,41,120657
4815,0.001719,172.31.46.0-255,66,84625,41,120657
4816,0.001753,74.125.24.0-255,766,85391,41,120657
4817,0.001757,172.31.46.0-255,66,85457,41,120657
4818,0.001763,172.31.46.0-255,66,85523,41,120657
4819,0.001825,74.125.24.0-255,1484,87007,41,120657
4820,0.001828,172.31.46.0-255,66,87073,41,120657
4821,0.001833,74.125.24.0-255,2902,89975,41,120657
4822,0.001835,172.31.46.0-255,66,90041,41,120657
4823,0.001864,172.31.46.0-255,66,90107,41,120657
4824,0.001874,172.31.46.0-255,66,90173,41,120657
4825,0.001892,74.125.24.0-255,4320,94493,41,120657
4826,0.001894,172.31.46.0-255,66,94559,41,120657
4827,0.001898,74.125.24.0-255,2902,97461,41,120657
4828,0.0019,172.31.46.0-255,66,97527,41,120657
4829,0.001927,172.31.46.0-255,66,97593,41,120657
4830,0.001938,172.31.46.0-255,66,97659,41,120657
4831,0.001971,172.31.46.0-255,66,97725,41,120657
4832,0.001981,172.31.46.0-255,66,97791,41,120657
4833,0.002275,74.125.24.0-255,1484,99275,41,120657
4834,0.002281,74.125.24.0-255,2902,102177,41,120657
4835,0.002284,172.31.46.0-255,66,102243,41,120657
4836,0.002287,74.125.24.0-255,1484,103727,41,120657
4837,0.002302,74.125.24.0-255,4320,108047,41,120657
4838,0.002304,74.125.24.0-255,1484,109531,41,120657
4839,0.002306,172.31.46.0-255,66,109597,41,120657
4840,0.002328,74.125.24.0-255,2902,112499,41,120657
4841,0.00233,172.31.46.0-255,66,112565,41,120657
4842,0.002343,74.125.24.0-255,4320,116885,41,120657
4843,0.002345,172.31.46.0-255,66,116951,41,120657
4844,0.002366,172.31.46.0-255,66,117017,41,120657
4845,0.002375,172.31.46.0-255,66,117083,41,120657
4846,0.002407,172.31.46.0-255,66,117149,41,120657
4847,0.002416,172.31.46.0-255,66,117215,41,120657
4848,0.002435,172.31.46.0-255,66,117281,41,120657
4849,0.002463,74.125.24.0-255,2902,120183,41,120657
4850,0.002466,172.31.46.0-255,66,120249,41,120657
4851,0.002478,172.31.46.0-255,66,120315,41,120657
4852,0.002481,74.125.24.0-255,105,120420,41,120657
4853,0.014821,172.31.46.0-255,66,120486,41,120657
4854,0.014872,172.31.46.0-255,105,120591,41,120657
4855,0.017269,74.125.24.0-255,66,120657,41,120657
4856,0.0,74.125.130.0-255,153,153,41,136348
4857,3e-05,172.31.46.0-255,66,219,41,136348
4858,3.7e-05,74.125.130.0-255,1484,1703,41,136348
4859,4.2e-05,172.31.46.0-255,66,1769,41,136348
4860,4.8e-05,74.125.130.0-255,2902,4671,41,136348
4861,6.2e-05,172.31.46.0-255,66,4737,41,136348
4862,6.8e-05,74.125.130.0-255,4320,9057,41,136348
4863,7.1e-05,172.31.46.0-255,66,9123,41,136348
4864,7.8e-05,74.125.130.0-255,4936,14059,41,136348
4865,8.1e-05,172.31.46.0-255,66,14125,41,136348
4866,0.0002,74.125.130.0-255,1484,15609,41,136348
4867,0.000204,172.31.46.0-255,66,15675,41,136348
4868,0.000208,74.125.130.0-255,1484,17159,41,136348
4869,0.00021,172.31.46.0-255,66,17225,41,136348
4870,0.000226,74.125.130.0-255,1484,18709,41,136348
4871,0.000228,172.31.46.0-255,66,18775,41,136348
4872,0.000233,74.125.130.0-255,2902,21677,41,136348
4873,0.000236,172.31.46.0-255,66,21743,41,136348
4874,0.000242,74.125.130.0-255,4320,26063,41,136348
4875,0.000244,172.31.46.0-255,66,26129,41,136348
4876,0.00028,172.31.46.0-255,66,26195,41,136348
4877,0.000284,74.125.130.0-255,1484,27679,41,136348
4878,0.000285,172.31.46.0-255,66,27745,41,136348
4879,0.000308,172.31.46.0-255,66,27811,41,136348
4880,0.000324,74.125.130.0-255,2902,30713,41,136348
4881,0.000326,172.31.46.0-255,66,30779,41,136348
4882,0.000339,74.125.130.0-255,2543,33322,41,136348
4883,0.000341,172.31.46.0-255,66,33388,41,136348
4884,0.000381,74.125.130.0-255,4320,37708,41,136348
4885,0.000384,172.31.46.0-255,66,37774,41,136348
4886,0.000395,74.125.130.0-255,1484,39258,41,136348
4887,0.000406,172.31.46.0-255,66,39324,41,136348
4888,0.000422,74.125.130.0-255,3961,43285,41,136348
4889,0.000425,172.31.46.0-255,66,43351,41,136348
4890,0.000496,74.125.130.0-255,365,43716,41,136348
4891,0.000499,74.125.130.0-255,378,44094,41,136348
4892,0.000621,74.125.130.0-255,1484,45578,41,136348
4893,0.000626,172.31.46.0-255,66,45644,41,136348
4894,0.000631,74.125.130.0-255,2902,48546,41,136348
4895,0.000633,172.31.46.0-255,66,48612,41,136348
4896,0.000644,172.31.46.0-255,66,48678,41,136348
4897,0.000693,172.31.46.0-255,66,48744,41,136348
4898,0.000716,74.125.130.0-255,3961,52705,41,136348
4899,0.000719,172.31.46.0-255,66,52771,41,136348
4900,0.000731,172.31.46.0-255,66,52837,41,136348
4901,0.000981,74.125.130.0-255,1484,54321,41,136348
4902,0.000987,74.125.130.0-255,2902,57223,41,136348
4903,0.00099,172.31.46.0-255,66,57289,41,136348
4904,0.001018,172.31.46.0-255,66,57355,41,136348
4905,0.001057,172.31.46.0-255,66,57421,41,136348
4906,0.00107,74.125.130.0-255,1484,58905,41,136348
4907,0.001088,74.125.130.0-255,1484,60389,41,136348
4908,0.001091,172.31.46.0-255,66,60455,41,136348
4909,0.001105,74.125.130.0-255,2902,63357,41,136348
4910,0.001107,172.31.46.0-255,66,63423,41,136348
4911,0.001131,74.125.130.0-255,2902,66325,41,136348
4912,0.001134,172.31.46.0-255,66,66391,41,136348
4913,0.001153,74.125.130.0-255,2902,69293,41,136348
4914,0.001155,172.31.46.0-255,66,69359,41,136348
4915,0.001158,74.125.130.0-255,766,70125,41,136348
4916,0.0013,74.125.130.0-255,1484,71609,41,136348
4917,0.001304,172.31.46.0-255,66,71675,41,136348
4918,0.001319,74.125.130.0-255,2902,74577,41,136348
4919,0.001322,172.31.46.0-255,66,74643,41,136348
4920,0.001336,172.31.46.0-255,66,74709,41,136348
4921,0.001364,74.125.130.0-255,2902,77611,41,136348
4922,0.001367,172.31.46.0-255,66,77677,41,136348
4923,0.001372,74.125.130.0-255,4320,81997,41,136348
4924,0.001374,172.31.46.0-255,66,82063,41,136348
4925,0.00138,74.125.130.0-255,4320,86383,41,136348
4926,0.001382,172.31.46.0-255,66,86449,41,136348
4927,0.001401,74.125.130.0-255,4320,90769,41,136348
4928,0.001404,172.31.46.0-255,66,90835,41,136348
4929,0.001413,172.31.46.0-255,66,90901,41,136348
4930,0.001459,74.125.130.0-255,2184,93085,41,136348
4931,0.001462,172.31.46.0-255,66,93151,41,136348
4932,0.001744,74.125.130.0-255,1484,94635,41,136348
4933,0.001759,74.125.130.0-255,2902,97537,41,136348
4934,0.001762,172.31.46.0-255,66,97603,41,136348
4935,0.001784,172.31.46.0-255,66,97669,41,136348
4936,0.001802,74.125.130.0-255,4320,101989,41,136348
4937,0.001804,172.31.46.0-255,66,102055,41,136348
4938,0.001819,74.125.130.0-255,4320,106375,41,136348
4939,0.001821,172.31.46.0-255,66,106441,41,136348
4940,0.00183,172.31.46.0-255,66,106507,41,136348
4941,0.001852,74.125.130.0-255,2902,109409,41,136348
4942,0.001854,172.31.46.0-255,66,109475,41,136348
4943,0.001858,74.125.130.0-255,2902,112377,41,136348
4944,0.00186,172.31.46.0-255,66,112443,41,136348
4945,0.001875,74.125.130.0-255,2184,114627,41,136348
4946,0.001877,172.31.46.0-255,66,114693,41,136348
4947,0.002186,74.125.130.0-255,1484,116177,41,136348
4948,0.002206,74.125.130.0-255,1484,117661,41,136348
4949,0.002209,172.31.46.0-255,66,117727,41,136348
4950,0.002225,74.125.130.0-255,2902,120629,41,136348
4951,0.002227,172.31.46.0-255,66,120695,41,136348
4952,0.002252,172.31.46.0-255,66,120761,41,136348
4953,0.002255,74.125.130.0-255,1484,122245,41,136348
4954,0.002271,74.125.130.0-255,2902,125147,41,136348
4955,0.002273,172.31.46.0-255,66,125213,41,136348
4956,0.00447,74.125.130.0-255,1484,126697,41,136348
4957,0.00449,74.125.130.0-255,4320,131017,41,136348
4958,0.004495,172.31.46.0-255,66,131083,41,136348
4959,0.006725,172.31.46.0-255,66,131149,41,136348
4960,0.008961,172.31.46.0-255,66,131215,41,136348
4961,0.011205,172.31.46.0-255,66,131281,41,136348
4962,0.01344,172.31.46.0-255,66,131347,41,136348
4963,0.01569,172.31.46.0-255,66,131413,41,136348
4964,0.01792,172.31.46.0-255,66,131479,41,136348
4965,0.020162,172.31.46.0-255,66,131545,41,136348
4966,0.022429,172.31.46.0-255,66,131611,41,136348
4967,0.02467,172.31.46.0-255,66,131677,41,136348
4968,0.026921,172.31.46.0-255,66,131743,41,136348
4969,0.029182,172.31.46.0-255,66,131809,41,136348
4970,0.031423,172.31.46.0-255,66,131875,41,136348
4971,0.033688,172.31.46.0-255,66,131941,41,136348
4972,0.035913,172.31.46.0-255,66,132007,41,136348
4973,0.036847,172.31.46.0-255,172,132179,41,136348
4974,0.036883,172.31.46.0-255,1114,133293,41,136348
4975,0.036942,172.31.46.0-255,1514,134807,41,136348
4976,0.036943,172.31.46.0-255,1277,136084,41,136348
4977,0.038161,172.31.46.0-255,66,136150,41,136348
4978,0.038405,104.244.42.0-255,66,136216,41,136348
4979,0.038451,104.244.42.0-255,66,136282,41,136348
4980,0.038489,104.244.42.0-255,66,136348,41,136348
4981,0.0,172.217.194.0-255,143,143,41,183955
4982,1.7e-05,172.217.194.0-255,1484,1627,41,183955
4983,2.8e-05,172.31.46.0-255,66,1693,41,183955
4984,3.5e-05,172.217.194.0-255,2902,4595,41,183955
4985,3.8e-05,172.31.46.0-255,66,4661,41,183955
4986,4.8e-05,172.31.46.0-255,66,4727,41,183955
4987,6.7e-05,172.217.194.0-255,1484,6211,41,183955
4988,7.1e-05,172.217.194.0-255,2054,8265,41,183955
4989,7.3e-05,172.31.46.0-255,66,8331,41,183955
4990,9e-05,172.217.194.0-255,1484,9815,41,183955
4991,0.000111,172.217.194.0-255,2902,12717,41,183955
4992,0.000113,172.31.46.0-255,66,12783,41,183955
4993,0.000122,172.31.46.0-255,66,12849,41,183955
4994,0.000136,172.217.194.0-255,1484,14333,41,183955
4995,0.000155,172.31.46.0-255,66,14399,41,183955
4996,0.000321,172.217.194.0-255,1484,15883,41,183955
4997,0.00034,172.217.194.0-255,2902,18785,41,183955
4998,0.000343,172.31.46.0-255,66,18851,41,183955
4999,0.000366,172.31.46.0-255,66,18917,41,183955
5000,0.000414,172.217.194.0-255,1484,20401,41,183955
5001,0.00043,172.217.194.0-255,4320,24721,41,183955
5002,0.000432,172.31.46.0-255,66,24787,41,183955
5003,0.000455,172.31.46.0-255,66,24853,41,183955
5004,0.000462,172.31.46.0-255,66,24919,41,183955
5005,0.00049,172.31.46.0-255,66,24985,41,183955
5006,0.000492,172.217.194.0-255,1125,26110,41,183955
5007,0.000542,172.217.194.0-255,379,26489,41,183955
5008,0.000743,172.217.194.0-255,363,26852,41,183955
5009,0.000747,172.31.46.0-255,66,26918,41,183955
5010,0.001075,172.217.194.0-255,1484,28402,41,183955
5011,0.001083,172.217.194.0-255,2902,31304,41,183955
5012,0.001086,172.31.46.0-255,66,31370,41,183955
5013,0.00109,172.217.194.0-255,1484,32854,41,183955
5014,0.001108,172.217.194.0-255,4320,37174,41,183955
5015,0.001109,172.31.46.0-255,66,37240,41,183955
5016,0.001134,172.31.46.0-255,66,37306,41,183955
5017,0.00116,172.31.46.0-255,66,37372,41,183955
5018,0.001185,172.217.194.0-255,1484,38856,41,183955
5019,0.001204,172.217.194.0-255,4320,43176,41,183955
5020,0.001207,172.31.46.0-255,66,43242,41,183955
5021,0.001228,172.217.194.0-255,5020,48262,41,183955
5022,0.00123,172.31.46.0-255,66,48328,41,183955
5023,0.001478,172.217.194.0-255,1484,49812,41,183955
5024,0.001501,172.217.194.0-255,2902,52714,41,183955
5025,0.001505,172.31.46.0-255,66,52780,41,183955
5026,0.00153,172.31.46.0-255,66,52846,41,183955
5027,0.001536,172.217.194.0-255,4320,57166,41,183955
5028,0.001539,172.31.46.0-255,66,57232,41,183955
5029,0.001559,172.31.46.0-255,66,57298,41,183955
5030,0.001564,172.217.194.0-255,2902,60200,41,183955
5031,0.001566,172.31.46.0-255,66,60266,41,183955
5032,0.001581,172.217.194.0-255,1484,61750,41,183955
5033,0.00163,172.217.194.0-255,2902,64652,41,183955
5034,0.001633,172.31.46.0-255,66,64718,41,183955
5035,0.001655,172.31.46.0-255,66,64784,41,183955
5036,0.00176,172.217.194.0-255,1484,66268,41,183955
5037,0.001765,172.217.194.0-255,1484,67752,41,183955
5038,0.001769,172.31.46.0-255,66,67818,41,183955
5039,0.001804,172.217.194.0-255,1484,69302,41,183955
5040,0.001814,172.31.46.0-255,66,69368,41,183955
5041,0.001819,172.217.194.0-255,2902,72270,41,183955
5042,0.001821,172.31.46.0-255,66,72336,41,183955
5043,0.001847,172.31.46.0-255,66,72402,41,183955
5044,0.001856,172.31.46.0-255,66,72468,41,183955
5045,0.001863,172.217.194.0-255,5020,77488,41,183955
5046,0.001866,172.31.46.0-255,66,77554,41,183955
5047,0.001869,172.217.194.0-255,1484,79038,41,183955
5048,0.00189,172.217.194.0-255,2902,81940,41,183955
5049,0.001892,172.31.46.0-255,66,82006,41,183955
5050,0.001917,172.31.46.0-255,66,82072,41,183955
5051,0.00192,172.217.194.0-255,1484,83556,41,183955
5052,0.001941,172.217.194.0-255,1484,85040,41,183955
5053,0.001943,172.31.46.0-255,66,85106,41,183955
5054,0.001957,172.31.46.0-255,66,85172,41,183955
5055,0.001969,172.31.46.0-255,66,85238,41,183955
5056,0.001971,172.217.194.0-255,766,86004,41,183955
5057,0.002506,172.217.194.0-255,1484,87488,41,183955
5058,0.00251,172.31.46.0-255,66,87554,41,183955
5059,0.002543,172.217.194.0-255,1484,89038,41,183955
5060,0.002568,172.217.194.0-255,2902,91940,41,183955
5061,0.002571,172.31.46.0-255,66,92006,41,183955
5062,0.002583,172.217.194.0-255,1484,93490,41,183955
5063,0.002595,172.217.194.0-255,1484,94974,41,183955
5064,0.002597,172.31.46.0-255,66,95040,41,183955
5065,0.002624,172.31.46.0-255,66,95106,41,183955
5066,0.00265,172.31.46.0-255,66,95172,41,183955
5067,0.002659,172.31.46.0-255,66,95238,41,183955
5068,0.002696,172.217.194.0-255,5020,100258,41,183955
5069,0.002699,172.31.46.0-255,66,100324,41,183955
5070,0.003151,172.217.194.0-255,1484,101808,41,183955
5071,0.003177,172.217.194.0-255,2902,104710,41,183955
5072,0.00318,172.31.46.0-255,66,104776,41,183955
5073,0.003184,172.217.194.0-255,1484,106260,41,183955
5074,0.003208,172.217.194.0-255,4320,110580,41,183955
5075,0.003211,172.31.46.0-255,66,110646,41,183955
5076,0.003229,172.217.194.0-255,1484,112130,41,183955
5077,0.003299,172.31.46.0-255,66,112196,41,183955
5078,0.003304,172.217.194.0-255,4320,116516,41,183955
5079,0.003307,172.31.46.0-255,66,116582,41,183955
5080,0.00333,172.31.46.0-255,66,116648,41,183955
5081,0.00334,172.31.46.0-255,66,116714,41,183955
5082,0.003368,172.31.46.0-255,66,116780,41,183955
5083,0.003377,172.31.46.0-255,66,116846,41,183955
5084,0.003399,172.217.194.0-255,4320,121166,41,183955
5085,0.003402,172.31.46.0-255,66,121232,41,183955
5086,0.003427,172.217.194.0-255,5020,126252,41,183955
5087,0.00343,172.31.46.0-255,66,126318,41,183955
5088,0.003434,172.217.194.0-255,2902,129220,41,183955
5089,0.003436,172.31.46.0-255,66,129286,41,183955
5090,0.003456,172.31.46.0-255,66,129352,41,183955
5091,0.003461,172.217.194.0-255,4320,133672,41,183955
5092,0.003464,172.31.46.0-255,66,133738,41,183955
5093,0.003482,172.217.194.0-255,1484,135222,41,183955
5094,0.003488,172.217.194.0-255,4320,139542,41,183955
5095,0.003491,172.31.46.0-255,66,139608,41,183955
5096,0.003518,172.31.46.0-255,66,139674,41,183955
5097,0.003527,172.31.46.0-255,66,139740,41,183955
5098,0.003548,172.217.194.0-255,1484,141224,41,183955
5099,0.003562,172.217.194.0-255,2902,144126,41,183955
5100,0.003565,172.31.46.0-255,66,144192,41,183955
5101,0.00359,172.31.46.0-255,66,144258,41,183955
5102,0.003593,172.217.194.0-255,1484,145742,41,183955
5103,0.003607,172.217.194.0-255,1484,147226,41,183955
5104,0.00361,172.31.46.0-255,66,147292,41,183955
5105,0.003616,172.217.194.0-255,4320,151612,41,183955
5106,0.003619,172.31.46.0-255,66,151678,41,183955
5107,0.003639,172.217.194.0-255,2902,154580,41,183955
5108,0.003642,172.31.46.0-255,66,154646,41,183955
5109,0.003645,172.217.194.0-255,1484,156130,41,183955
5110,0.003652,172.217.194.0-255,4320,160450,41,183955
5111,0.003654,172.31.46.0-255,66,160516,41,183955
5112,0.003682,172.31.46.0-255,66,160582,41,183955
5113,0.003692,172.31.46.0-255,66,160648,41,183955
5114,0.003697,172.217.194.0-255,4320,164968,41,183955
5115,0.003699,172.31.46.0-255,66,165034,41,183955
5116,0.003756,172.31.46.0-255,66,165100,41,183955
5117,0.003783,172.31.46.0-255,66,165166,41,183955
5118,0.00382,172.31.46.0-255,66,165232,41,183955
5119,0.003825,172.217.194.0-255,4320,169552,41,183955
5120,0.003829,172.31.46.0-255,66,169618,41,183955
5121,0.003858,172.217.194.0-255,5165,174783,41,183955
5122,0.003861,172.31.46.0-255,66,174849,41,183955
5123,0.003904,172.217.194.0-255,105,174954,41,183955
5124,0.010814,172.31.46.0-255,105,175059,41,183955
5125,0.013189,172.217.194.0-255,66,175125,41,183955
5126,0.038581,172.31.46.0-255,176,175301,41,183955
5127,0.038615,172.31.46.0-255,1115,176416,41,183955
5128,0.038678,172.31.46.0-255,1514,177930,41,183955
5129,0.038679,172.31.46.0-255,1514,179444,41,183955
5130,0.038686,172.31.46.0-255,1514,180958,41,183955
5131,0.038687,172.31.46.0-255,1514,182472,41,183955
5132,0.038705,172.31.46.0-255,1483,183955,41,183955
5133,0.0,172.217.194.0-255,152,152,41,93868
5134,1.5e-05,172.31.46.0-255,66,218,41,93868
5135,2.1e-05,172.217.194.0-255,1484,1702,41,93868
5136,2.7e-05,172.31.46.0-255,66,1768,41,93868
5137,3.2e-05,172.217.194.0-255,2902,4670,41,93868
5138,3.6e-05,172.31.46.0-255,66,4736,41,93868
5139,4.7e-05,172.31.46.0-255,66,4802,41,93868
5140,7.4e-05,172.217.194.0-255,2039,6841,41,93868
5141,7.6e-05,172.31.46.0-255,66,6907,41,93868
5142,0.000113,172.217.194.0-255,4320,11227,41,93868
5143,0.000116,172.31.46.0-255,66,11293,41,93868
5144,0.000136,172.217.194.0-255,4320,15613,41,93868
5145,0.000139,172.31.46.0-255,66,15679,41,93868
5146,0.000156,172.217.194.0-255,1484,17163,41,93868
5147,0.000158,172.31.46.0-255,66,17229,41,93868
5148,0.000187,172.31.46.0-255,66,17295,41,93868
5149,0.000218,172.217.194.0-255,2902,20197,41,93868
5150,0.000221,172.31.46.0-255,66,20263,41,93868
5151,0.000237,172.217.194.0-255,2902,23165,41,93868
5152,0.00024,172.31.46.0-255,66,23231,41,93868
5153,0.00025,172.31.46.0-255,66,23297,41,93868
5154,0.000275,172.31.46.0-255,66,23363,41,93868
5155,0.0003,172.31.46.0-255,66,23429,41,93868
5156,0.000309,172.31.46.0-255,66,23495,41,93868
5157,0.000311,172.217.194.0-255,345,23840,41,93868
5158,0.000313,172.31.46.0-255,66,23906,41,93868
5159,0.000316,172.217.194.0-255,430,24336,41,93868
5160,0.000526,172.217.194.0-255,1484,25820,41,93868
5161,0.000535,172.31.46.0-255,66,25886,41,93868
5162,0.000542,172.217.194.0-255,2902,28788,41,93868
5163,0.000545,172.31.46.0-255,66,28854,41,93868
5164,0.000554,172.31.46.0-255,66,28920,41,93868
5165,0.000569,172.217.194.0-255,4320,33240,41,93868
5166,0.000572,172.31.46.0-255,66,33306,41,93868
5167,0.000594,172.31.46.0-255,66,33372,41,93868
5168,0.000607,172.31.46.0-255,66,33438,41,93868
5169,0.000693,172.217.194.0-255,1484,34922,41,93868
5170,0.000713,172.217.194.0-255,2902,37824,41,93868
5171,0.000716,172.31.46.0-255,66,37890,41,93868
5172,0.00072,172.217.194.0-255,1484,39374,41,93868
5173,0.000741,172.217.194.0-255,4320,43694,41,93868
5174,0.000744,172.31.46.0-255,66,43760,41,93868
5175,0.000747,172.217.194.0-255,1484,45244,41,93868
5176,0.000765,172.31.46.0-255,66,45310,41,93868
5177,0.000786,172.31.46.0-255,66,45376,41,93868
5178,0.000798,172.31.46.0-255,66,45442,41,93868
5179,0.001802,172.217.194.0-255,1484,46926,41,93868
5180,0.001813,172.217.194.0-255,2902,49828,41,93868
5181,0.001818,172.31.46.0-255,66,49894,41,93868
5182,0.001827,172.31.46.0-255,66,49960,41,93868
5183,0.001849,172.217.194.0-255,4320,54280,41,93868
5184,0.001851,172.31.46.0-255,66,54346,41,93868
5185,0.001875,172.217.194.0-255,1484,55830,41,93868
5186,0.001885,172.31.46.0-255,66,55896,41,93868
5187,0.001892,172.217.194.0-255,4320,60216,41,93868
5188,0.001894,172.31.46.0-255,66,60282,41,93868
5189,0.001915,172.31.46.0-255,66,60348,41,93868
5190,0.001931,172.217.194.0-255,1484,61832,41,93868
5191,0.001936,172.217.194.0-255,2902,64734,41,93868
5192,0.001938,172.31.46.0-255,66,64800,41,93868
5193,0.001989,172.31.46.0-255,66,64866,41,93868
5194,0.002001,172.31.46.0-255,66,64932,41,93868
5195,0.002023,172.217.194.0-255,4320,69252,41,93868
5196,0.002026,172.31.46.0-255,66,69318,41,93868
5197,0.002038,172.31.46.0-255,66,69384,41,93868
5198,0.002041,172.217.194.0-255,1484,70868,41,93868
5199,0.002091,172.31.46.0-255,66,70934,41,93868
5200,0.002102,172.31.46.0-255,66,71000,41,93868
5201,0.002216,172.217.194.0-255,1484,72484,41,93868
5202,0.002222,172.217.194.0-255,2902,75386,41,93868
5203,0.002226,172.31.46.0-255,66,75452,41,93868
5204,0.002236,172.31.46.0-255,66,75518,41,93868
5205,0.002284,172.31.46.0-255,66,75584,41,93868
5206,0.002295,172.31.46.0-255,66,75650,41,93868
5207,0.002332,172.31.46.0-255,66,75716,41,93868
5208,0.002352,172.31.46.0-255,66,75782,41,93868
5209,0.002361,172.31.46.0-255,66,75848,41,93868
5210,0.002416,172.31.46.0-255,66,75914,41,93868
5211,0.002428,172.31.46.0-255,66,75980,41,93868
5212,0.00245,172.31.46.0-255,66,76046,41,93868
5213,0.002461,172.31.46.0-255,66,76112,41,93868
5214,0.002497,172.217.194.0-255,4320,80432,41,93868
5215,0.0025,172.31.46.0-255,66,80498,41,93868
5216,0.00257,172.31.46.0-255,66,80564,41,93868
5217,0.002594,172.217.194.0-255,2902,83466,41,93868
5218,0.002597,172.31.46.0-255,66,83532,41,93868
5219,0.002603,172.217.194.0-255,5020,88552,41,93868
5220,0.002605,172.31.46.0-255,66,88618,41,93868
5221,0.002614,172.31.46.0-255,66,88684,41,93868
5222,0.002617,172.217.194.0-255,1484,90168,41,93868
5223,0.002629,172.31.46.0-255,66,90234,41,93868
5224,0.002654,172.31.46.0-255,66,90300,41,93868
5225,0.002715,172.217.194.0-255,3226,93526,41,93868
5226,0.002718,172.217.194.0-255,105,93631,41,93868
5227,0.006876,172.31.46.0-255,66,93697,41,93868
5228,0.008928,172.31.46.0-255,105,93802,41,93868
5229,0.011602,172.217.194.0-255,66,93868,41,93868
5230,0.0,74.125.24.0-255,153,153,41,132710
5231,2e-05,172.31.46.0-255,66,219,41,132710
5232,4.5e-05,74.125.24.0-255,1484,1703,41,132710
5233,5e-05,172.31.46.0-255,66,1769,41,132710
5234,5.7e-05,74.125.24.0-255,2902,4671,41,132710
5235,6.1e-05,172.31.46.0-255,66,4737,41,132710
5236,7.1e-05,172.31.46.0-255,66,4803,41,132710
5237,0.000113,172.31.46.0-255,66,4869,41,132710
5238,0.000123,172.31.46.0-255,66,4935,41,132710
5239,0.000151,74.125.24.0-255,4320,9255,41,132710
5240,0.000154,172.31.46.0-255,66,9321,41,132710
5241,0.000177,172.31.46.0-255,66,9387,41,132710
5242,0.00018,74.125.24.0-255,1484,10871,41,132710
5243,0.000182,172.31.46.0-255,66,10937,41,132710
5244,0.000221,74.125.24.0-255,4320,15257,41,132710
5245,0.000224,172.31.46.0-255,66,15323,41,132710
5246,0.000233,172.31.46.0-255,66,15389,41,132710
5247,0.000242,74.125.24.0-255,4272,19661,41,132710
5248,0.000244,172.31.46.0-255,66,19727,41,132710
5249,0.000327,74.125.24.0-255,374,20101,41,132710
5250,0.00033,172.31.46.0-255,66,20167,41,132710
5251,0.000489,74.125.24.0-255,1484,21651,41,132710
5252,0.000493,172.31.46.0-255,66,21717,41,132710
5253,0.000499,74.125.24.0-255,2902,24619,41,132710
5254,0.000502,172.31.46.0-255,66,24685,41,132710
5255,0.000534,74.125.24.0-255,4320,29005,41,132710
5256,0.000537,172.31.46.0-255,66,29071,41,132710
5257,0.000562,74.125.24.0-255,1484,30555,41,132710
5258,0.00058,172.31.46.0-255,66,30621,41,132710
5259,0.000604,74.125.24.0-255,2543,33164,41,132710
5260,0.000606,172.31.46.0-255,66,33230,41,132710
5261,0.000617,172.31.46.0-255,66,33296,41,132710
5262,0.001057,74.125.24.0-255,1484,34780,41,132710
5263,0.001079,74.125.24.0-255,2902,37682,41,132710
5264,0.001081,74.125.24.0-255,1484,39166,41,132710
5265,0.001086,172.31.46.0-255,66,39232,41,132710
5266,0.001101,74.125.24.0-255,4320,43552,41,132710
5267,0.001107,172.31.46.0-255,66,43618,41,132710
5268,0.001111,74.125.24.0-255,1484,45102,41,132710
5269,0.001143,172.31.46.0-255,66,45168,41,132710
5270,0.001155,172.31.46.0-255,66,45234,41,132710
5271,0.001162,74.125.24.0-255,766,46000,41,132710
5272,0.001198,74.125.24.0-255,1484,47484,41,132710
5273,0.0012,172.31.46.0-255,66,47550,41,132710
5274,0.001232,74.125.24.0-255,4320,51870,41,132710
5275,0.001235,172.31.46.0-255,66,51936,41,132710
5276,0.00124,74.125.24.0-255,2902,54838,41,132710
5277,0.001242,172.31.46.0-255,66,54904,41,132710
5278,0.001263,172.31.46.0-255,66,54970,41,132710
5279,0.001304,172.31.46.0-255,66,55036,41,132710
5280,0.001307,172.31.46.0-255,66,55102,41,132710
5281,0.001327,74.125.24.0-255,2184,57286,41,132710
5282,0.00133,172.31.46.0-255,66,57352,41,132710
5283,0.001373,74.125.24.0-255,2902,60254,41,132710
5284,0.001377,172.31.46.0-255,66,60320,41,132710
5285,0.00138,74.125.24.0-255,1484,61804,41,132710
5286,0.001402,74.125.24.0-255,2902,64706,41,132710
5287,0.001404,172.31.46.0-255,66,64772,41,132710
5288,0.001413,172.31.46.0-255,66,64838,41,132710
5289,0.00143,74.125.24.0-255,2902,67740,41,132710
5290,0.001436,172.31.46.0-255,66,67806,41,132710
5291,0.00144,74.125.24.0-255,1484,69290,41,132710
5292,0.001465,172.31.46.0-255,66,69356,41,132710
5293,0.001493,74.125.24.0-255,5020,74376,41,132710
5294,0.001496,172.31.46.0-255,66,74442,41,132710
5295,0.0015,74.125.24.0-255,2902,77344,41,132710
5296,0.001502,172.31.46.0-255,66,77410,41,132710
5297,0.001534,74.125.24.0-255,2902,80312,41,132710
5298,0.001537,172.31.46.0-255,66,80378,41,132710
5299,0.001554,172.31.46.0-255,66,80444,41,132710
5300,0.00156,74.125.24.0-255,4320,84764,41,132710
5301,0.001562,172.31.46.0-255,66,84830,41,132710
5302,0.001604,172.31.46.0-255,66,84896,41,132710
5303,0.001611,74.125.24.0-255,5020,89916,41,132710
5304,0.001613,172.31.46.0-255,66,89982,41,132710
5305,0.001784,74.125.24.0-255,1484,91466,41,132710
5306,0.001791,74.125.24.0-255,2902,94368,41,132710
5307,0.001794,172.31.46.0-255,66,94434,41,132710
5308,0.001817,172.31.46.0-255,66,94500,41,132710
5309,0.001856,172.31.46.0-255,66,94566,41,132710
5310,0.001889,172.31.46.0-255,66,94632,41,132710
5311,0.001904,172.31.46.0-255,66,94698,41,132710
5312,0.001908,74.125.24.0-255,2184,96882,41,132710
5313,0.00191,172.31.46.0-255,66,96948,41,132710
5314,0.001992,74.125.24.0-255,1484,98432,41,132710
5315,0.001995,74.125.24.0-255,1484,99916,41,132710
5316,0.002003,172.31.46.0-255,66,99982,41,132710
5317,0.002006,74.125.24.0-255,1484,101466,41,132710
5318,0.002031,172.31.46.0-255,66,101532,41,132710
5319,0.002057,172.31.46.0-255,66,101598,41,132710
5320,0.002091,172.31.46.0-255,66,101664,41,132710
5321,0.002094,74.125.24.0-255,1484,103148,41,132710
5322,0.002119,172.31.46.0-255,66,103214,41,132710
5323,0.002136,74.125.24.0-255,2184,105398,41,132710
5324,0.002139,172.31.46.0-255,66,105464,41,132710
5325,0.002222,74.125.24.0-255,1484,106948,41,132710
5326,0.002228,74.125.24.0-255,2902,109850,41,132710
5327,0.00223,172.31.46.0-255,66,109916,41,132710
5328,0.002258,74.125.24.0-255,4320,114236,41,132710
5329,0.00226,172.31.46.0-255,66,114302,41,132710
5330,0.00228,74.125.24.0-255,1484,115786,41,132710
5331,0.002304,172.31.46.0-255,66,115852,41,132710
5332,0.002331,74.125.24.0-255,4320,120172,41,132710
5333,0.002333,172.31.46.0-255,66,120238,41,132710
5334,0.002367,172.31.46.0-255,66,120304,41,132710
5335,0.002371,74.125.24.0-255,3602,123906,41,132710
5336,0.002373,172.31.46.0-255,66,123972,41,132710
5337,0.002423,74.125.24.0-255,1484,125456,41,132710
5338,0.002445,74.125.24.0-255,2902,128358,41,132710
5339,0.00245,172.31.46.0-255,66,128424,41,132710
5340,0.002479,172.31.46.0-255,66,128490,41,132710
5341,0.004915,172.31.46.0-255,66,128556,41,132710
5342,0.007349,172.31.46.0-255,66,128622,41,132710
5343,0.009836,172.31.46.0-255,66,128688,41,132710
5344,0.012263,172.31.46.0-255,66,128754,41,132710
5345,0.014666,172.31.46.0-255,66,128820,41,132710
5346,0.017071,172.31.46.0-255,66,128886,41,132710
5347,0.019567,172.31.46.0-255,66,128952,41,132710
5348,0.022005,172.31.46.0-255,66,129018,41,132710
5349,0.024434,172.31.46.0-255,66,129084,41,132710
5350,0.026851,172.31.46.0-255,66,129150,41,132710
5351,0.029266,172.31.46.0-255,66,129216,41,132710
5352,0.031689,172.31.46.0-255,66,129282,41,132710
5353,0.034165,74.125.24.0-255,3191,132473,41,132710
5354,0.034173,172.31.46.0-255,66,132539,41,132710
5355,0.034355,172.31.46.0-255,105,132644,41,132710
5356,0.036742,74.125.24.0-255,66,132710,41,132710
5357,0.0,172.217.194.0-255,211,211,41,110948
5358,1.4e-05,172.31.46.0-255,66,277,41,110948
5359,2e-05,172.217.194.0-255,1484,1761,41,110948
5360,2.5e-05,172.31.46.0-255,66,1827,41,110948
5361,3.1e-05,172.217.194.0-255,2902,4729,41,110948
5362,3.5e-05,172.31.46.0-255,66,4795,41,110948
5363,4.5e-05,172.31.46.0-255,66,4861,41,110948
5364,7.6e-05,172.31.46.0-255,66,4927,41,110948
5365,8.9e-05,172.217.194.0-255,1933,6860,41,110948
5366,9.2e-05,172.31.46.0-255,66,6926,41,110948
5367,0.000104,172.31.46.0-255,66,6992,41,110948
5368,0.000107,172.217.194.0-255,1125,8117,41,110948
5369,0.000109,172.31.46.0-255,66,8183,41,110948
5370,0.000184,172.217.194.0-255,1484,9667,41,110948
5371,0.000186,172.31.46.0-255,66,9733,41,110948
5372,0.000199,172.217.194.0-255,1484,11217,41,110948
5373,0.000202,172.31.46.0-255,66,11283,41,110948
5374,0.000222,172.217.194.0-255,1484,12767,41,110948
5375,0.000224,172.31.46.0-255,66,12833,41,110948
5376,0.000233,172.31.46.0-255,66,12899,41,110948
5377,0.000238,172.217.194.0-255,4320,17219,41,110948
5378,0.00024,172.31.46.0-255,66,17285,41,110948
5379,0.000274,172.31.46.0-255,66,17351,41,110948
5380,0.000283,172.31.46.0-255,66,17417,41,110948
5381,0.000286,172.217.194.0-255,120,17537,41,110948
5382,0.000287,172.31.46.0-255,66,17603,41,110948
5383,0.001279,172.217.194.0-255,381,17984,41,110948
5384,0.001466,172.217.194.0-255,1484,19468,41,110948
5385,0.001473,172.31.46.0-255,66,19534,41,110948
5386,0.00148,172.217.194.0-255,2902,22436,41,110948
5387,0.001482,172.31.46.0-255,66,22502,41,110948
5388,0.00149,172.31.46.0-255,66,22568,41,110948
5389,0.00153,172.31.46.0-255,66,22634,41,110948
5390,0.001559,172.31.46.0-255,66,22700,41,110948
5391,0.001621,172.217.194.0-255,1484,24184,41,110948
5392,0.001627,172.217.194.0-255,2902,27086,41,110948
5393,0.001629,172.31.46.0-255,66,27152,41,110948
5394,0.001638,172.31.46.0-255,66,27218,41,110948
5395,0.001646,172.31.46.0-255,66,27284,41,110948
5396,0.001677,172.217.194.0-255,2902,30186,41,110948
5397,0.00168,172.31.46.0-255,66,30252,41,110948
5398,0.001703,172.31.46.0-255,66,30318,41,110948
5399,0.001722,172.217.194.0-255,1484,31802,41,110948
5400,0.001728,172.217.194.0-255,5020,36822,41,110948
5401,0.00173,172.31.46.0-255,66,36888,41,110948
5402,0.001772,172.217.194.0-255,1484,38372,41,110948
5403,0.001789,172.217.194.0-255,2902,41274,41,110948
5404,0.001793,172.31.46.0-255,66,41340,41,110948
5405,0.001798,172.217.194.0-255,4320,45660,41,110948
5406,0.001801,172.31.46.0-255,66,45726,41,110948
5407,0.001811,172.217.194.0-255,1484,47210,41,110948
5408,0.001831,172.31.46.0-255,66,47276,41,110948
5409,0.001858,172.31.46.0-255,66,47342,41,110948
5410,0.00187,172.31.46.0-255,66,47408,41,110948
5411,0.001907,172.217.194.0-255,1484,48892,41,110948
5412,0.001922,172.217.194.0-255,2902,51794,41,110948
5413,0.001925,172.31.46.0-255,66,51860,41,110948
5414,0.001929,172.217.194.0-255,1484,53344,41,110948
5415,0.001949,172.217.194.0-255,4320,57664,41,110948
5416,0.001952,172.31.46.0-255,66,57730,41,110948
5417,0.001955,172.217.194.0-255,1484,59214,41,110948
5418,0.001981,172.31.46.0-255,66,59280,41,110948
5419,0.001993,172.31.46.0-255,66,59346,41,110948
5420,0.001997,172.217.194.0-255,2184,61530,41,110948
5421,0.002,172.31.46.0-255,66,61596,41,110948
5422,0.002179,172.217.194.0-255,1484,63080,41,110948
5423,0.002187,172.217.194.0-255,2902,65982,41,110948
5424,0.002192,172.31.46.0-255,66,66048,41,110948
5425,0.002197,172.217.194.0-255,4320,70368,41,110948
5426,0.0022,172.31.46.0-255,66,70434,41,110948
5427,0.00222,172.217.194.0-255,4320,74754,41,110948
5428,0.002222,172.31.46.0-255,66,74820,41,110948
5429,0.002245,172.217.194.0-255,4320,79140,41,110948
5430,0.002248,172.31.46.0-255,66,79206,41,110948
5431,0.002252,172.217.194.0-255,2902,82108,41,110948
5432,0.002254,172.31.46.0-255,66,82174,41,110948
5433,0.002283,172.31.46.0-255,66,82240,41,110948
5434,0.002288,172.217.194.0-255,2902,85142,41,110948
5435,0.002289,172.31.46.0-255,66,85208,41,110948
5436,0.002335,172.31.46.0-255,66,85274,41,110948
5437,0.002339,172.217.194.0-255,2902,88176,41,110948
5438,0.002342,172.31.46.0-255,66,88242,41,110948
5439,0.002412,172.31.46.0-255,66,88308,41,110948
5440,0.002432,172.217.194.0-255,1484,89792,41,110948
5441,0.002447,172.217.194.0-255,2902,92694,41,110948
5442,0.002449,172.31.46.0-255,66,92760,41,110948
5443,0.002481,172.31.46.0-255,66,92826,41,110948
5444,0.002492,172.217.194.0-255,1484,94310,41,110948
5445,0.002503,172.31.46.0-255,66,94376,41,110948
5446,0.002519,172.31.46.0-255,66,94442,41,110948
5447,0.002551,172.31.46.0-255,66,94508,41,110948
5448,0.002566,172.31.46.0-255,66,94574,41,110948
5449,0.002588,172.31.46.0-255,66,94640,41,110948
5450,0.002598,172.31.46.0-255,66,94706,41,110948
5451,0.002629,172.31.46.0-255,66,94772,41,110948
5452,0.002632,172.217.194.0-255,1484,96256,41,110948
5453,0.002637,172.217.194.0-255,4320,100576,41,110948
5454,0.002638,172.31.46.0-255,66,100642,41,110948
5455,0.002645,172.217.194.0-255,4320,104962,41,110948
5456,0.002647,172.31.46.0-255,66,105028,41,110948
5457,0.002649,172.217.194.0-255,1484,106512,41,110948
5458,0.00268,172.31.46.0-255,66,106578,41,110948
5459,0.00271,172.31.46.0-255,66,106644,41,110948
5460,0.002713,172.217.194.0-255,1484,108128,41,110948
5461,0.002716,172.217.194.0-255,195,108323,41,110948
5462,0.002718,172.31.46.0-255,66,108389,41,110948
5463,0.002721,172.217.194.0-255,105,108494,41,110948
5464,0.012036,172.31.46.0-255,66,108560,41,110948
5465,0.012084,172.31.46.0-255,105,108665,41,110948
5466,0.014563,172.217.194.0-255,66,108731,41,110948
5467,0.035937,172.31.46.0-255,172,108903,41,110948
5468,0.035973,172.31.46.0-255,1119,110022,41,110948
5469,0.036037,172.31.46.0-255,554,110576,41,110948
5470,0.037489,104.244.42.0-255,66,110642,41,110948
5471,0.037533,104.244.42.0-255,66,110708,41,110948
5472,0.037594,104.244.42.0-255,66,110774,41,110948
5473,0.038224,104.244.42.0-255,108,110882,41,110948
5474,0.03823,172.31.46.0-255,66,110948,41,110948
5475,0.0,172.217.194.0-255,153,153,41,137001
5476,2e-05,172.31.46.0-255,66,219,41,137001
5477,2.8e-05,172.217.194.0-255,1484,1703,41,137001
5478,3.3e-05,172.31.46.0-255,66,1769,41,137001
5479,4.6e-05,172.217.194.0-255,2902,4671,41,137001
5480,5e-05,172.31.46.0-255,66,4737,41,137001
5481,6.1e-05,172.31.46.0-255,66,4803,41,137001
5482,6.5e-05,172.217.194.0-255,2129,6932,41,137001
5483,6.7e-05,172.31.46.0-255,66,6998,41,137001
5484,0.000101,172.217.194.0-255,2902,9900,41,137001
5485,0.000104,172.31.46.0-255,66,9966,41,137001
5486,0.000114,172.31.46.0-255,66,10032,41,137001
5487,0.000144,172.217.194.0-255,2902,12934,41,137001
5488,0.000146,172.31.46.0-255,66,13000,41,137001
5489,0.00017,172.31.46.0-255,66,13066,41,137001
5490,0.000181,172.31.46.0-255,66,13132,41,137001
5491,0.000208,172.217.194.0-255,1484,14616,41,137001
5492,0.000211,172.31.46.0-255,66,14682,41,137001
5493,0.000221,172.31.46.0-255,66,14748,41,137001
5494,0.000239,172.31.46.0-255,66,14814,41,137001
5495,0.000265,172.217.194.0-255,1416,16230,41,137001
5496,0.000268,172.31.46.0-255,66,16296,41,137001
5497,0.000298,172.217.194.0-255,385,16681,41,137001
5498,0.0003,172.31.46.0-255,66,16747,41,137001
5499,0.000417,172.217.194.0-255,1484,18231,41,137001
5500,0.000421,172.31.46.0-255,66,18297,41,137001
5501,0.000427,172.217.194.0-255,2902,21199,41,137001
5502,0.00043,172.31.46.0-255,66,21265,41,137001
5503,0.000442,172.31.46.0-255,66,21331,41,137001
5504,0.0005,172.217.194.0-255,4320,25651,41,137001
5505,0.000503,172.31.46.0-255,66,25717,41,137001
5506,0.000531,172.217.194.0-255,2543,28260,41,137001
5507,0.000533,172.31.46.0-255,66,28326,41,137001
5508,0.000543,172.31.46.0-255,66,28392,41,137001
5509,0.000558,172.31.46.0-255,66,28458,41,137001
5510,0.000561,172.217.194.0-255,1125,29583,41,137001
5511,0.001261,172.31.46.0-255,66,29649,41,137001
5512,0.001627,172.217.194.0-255,1484,31133,41,137001
5513,0.001637,172.217.194.0-255,2902,34035,41,137001
5514,0.001641,172.31.46.0-255,66,34101,41,137001
5515,0.001649,172.217.194.0-255,4320,38421,41,137001
5516,0.001651,172.31.46.0-255,66,38487,41,137001
5517,0.001669,172.217.194.0-255,1484,39971,41,137001
5518,0.001678,172.217.194.0-255,1484,41455,41,137001
5519,0.00168,172.31.46.0-255,66,41521,41,137001
5520,0.001719,172.31.46.0-255,66,41587,41,137001
5521,0.001729,172.31.46.0-255,66,41653,41,137001
5522,0.001763,172.217.194.0-255,3602,45255,41,137001
5523,0.001766,172.31.46.0-255,66,45321,41,137001
5524,0.001788,172.217.194.0-255,4320,49641,41,137001
5525,0.00179,172.31.46.0-255,66,49707,41,137001
5526,0.001794,172.217.194.0-255,1484,51191,41,137001
5527,0.001798,172.217.194.0-255,2902,54093,41,137001
5528,0.0018,172.31.46.0-255,66,54159,41,137001
5529,0.001827,172.217.194.0-255,4320,58479,41,137001
5530,0.00183,172.31.46.0-255,66,58545,41,137001
5531,0.00185,172.31.46.0-255,66,58611,41,137001
5532,0.001856,172.217.194.0-255,5020,63631,41,137001
5533,0.001858,172.31.46.0-255,66,63697,41,137001
5534,0.00386,172.31.46.0-255,66,63763,41,137001
5535,0.005869,172.31.46.0-255,66,63829,41,137001
5536,0.007887,172.31.46.0-255,66,63895,41,137001
5537,0.009908,172.31.46.0-255,66,63961,41,137001
5538,0.011928,172.217.194.0-255,2902,66863,41,137001
5539,0.011934,172.31.46.0-255,66,66929,41,137001
5540,0.011953,172.217.194.0-255,2902,69831,41,137001
5541,0.011954,172.31.46.0-255,66,69897,41,137001
5542,0.013925,172.217.194.0-255,2902,72799,41,137001
5543,0.013932,172.31.46.0-255,66,72865,41,137001
5544,0.013957,172.217.194.0-255,1484,74349,41,137001
5545,0.013976,172.217.194.0-255,1484,75833,41,137001
5546,0.013978,172.31.46.0-255,66,75899,41,137001
5547,0.015922,172.217.194.0-255,2902,78801,41,137001
5548,0.015931,172.31.46.0-255,66,78867,41,137001
5549,0.015959,172.217.194.0-255,2902,81769,41,137001
5550,0.015962,172.31.46.0-255,66,81835,41,137001
5551,0.01791,172.217.194.0-255,2902,84737,41,137001
5552,0.017916,172.31.46.0-255,66,84803,41,137001
5553,0.017952,172.217.194.0-255,2902,87705,41,137001
5554,0.017954,172.31.46.0-255,66,87771,41,137001
5555,0.019921,172.217.194.0-255,2902,90673,41,137001
5556,0.019926,172.31.46.0-255,66,90739,41,137001
5557,0.019977,172.217.194.0-255,1484,92223,41,137001
5558,0.019994,172.217.194.0-255,1484,93707,41,137001
5559,0.019996,172.31.46.0-255,66,93773,41,137001
5560,0.021917,172.217.194.0-255,2902,96675,41,137001
5561,0.021923,172.31.46.0-255,66,96741,41,137001
5562,0.022006,172.217.194.0-255,2902,99643,41,137001
5563,0.02201,172.31.46.0-255,66,99709,41,137001
5564,0.023918,172.217.194.0-255,2902,102611,41,137001
5565,0.023924,172.31.46.0-255,66,102677,41,137001
5566,0.023989,172.217.194.0-255,2902,105579,41,137001
5567,0.023992,172.31.46.0-255,66,105645,41,137001
5568,0.025905,172.217.194.0-255,2902,108547,41,137001
5569,0.025914,172.31.46.0-255,66,108613,41,137001
5570,0.025977,172.217.194.0-255,2902,111515,41,137001
5571,0.02598,172.31.46.0-255,66,111581,41,137001
5572,0.02791,172.217.194.0-255,2902,114483,41,137001
5573,0.027917,172.31.46.0-255,66,114549,41,137001
5574,0.027979,172.217.194.0-255,2902,117451,41,137001
5575,0.027983,172.31.46.0-255,66,117517,41,137001
5576,0.029896,172.217.194.0-255,2902,120419,41,137001
5577,0.029902,172.31.46.0-255,66,120485,41,137001
5578,0.029972,172.217.194.0-255,2902,123387,41,137001
5579,0.029975,172.31.46.0-255,66,123453,41,137001
5580,0.030084,172.31.46.0-255,172,123625,41,137001
5581,0.030108,172.31.46.0-255,1066,124691,41,137001
5582,0.031667,104.244.42.0-255,66,124757,41,137001
5583,0.031675,104.244.42.0-255,66,124823,41,137001
5584,0.031894,172.217.194.0-255,2902,127725,41,137001
5585,0.0319,172.31.46.0-255,66,127791,41,137001
5586,0.031952,172.217.194.0-255,2902,130693,41,137001
5587,0.031956,172.31.46.0-255,66,130759,41,137001
5588,0.033878,104.244.42.0-255,108,130867,41,137001
5589,0.033885,172.31.46.0-255,66,130933,41,137001
5590,0.033952,172.217.194.0-255,2902,133835,41,137001
5591,0.033955,172.31.46.0-255,66,133901,41,137001
5592,0.033985,172.217.194.0-255,2902,136803,41,137001
5593,0.033987,172.31.46.0-255,66,136869,41,137001
5594,0.035988,172.31.46.0-255,66,136935,41,137001
5595,0.038008,172.31.46.0-255,66,137001,41,137001
5596,0.0,172.253.118.0-255,146,146,41,126679
5597,1.7e-05,172.31.46.0-255,66,212,41,126679
5598,2.4e-05,172.253.118.0-255,1484,1696,41,126679
5599,2.9e-05,172.31.46.0-255,66,1762,41,126679
5600,3.4e-05,172.253.118.0-255,2902,4664,41,126679
5601,4.5e-05,172.31.46.0-255,66,4730,41,126679
5602,5e-05,172.253.118.0-255,2902,7632,41,126679
5603,5.3e-05,172.31.46.0-255,66,7698,41,126679
5604,6.5e-05,172.31.46.0-255,66,7764,41,126679
5605,0.000128,172.31.46.0-255,66,7830,41,126679
5606,0.000283,172.253.118.0-255,1484,9314,41,126679
5607,0.000287,172.31.46.0-255,66,9380,41,126679
5608,0.000293,172.253.118.0-255,2902,12282,41,126679
5609,0.000296,172.31.46.0-255,66,12348,41,126679
5610,0.000312,172.253.118.0-255,1484,13832,41,126679
5611,0.000314,172.31.46.0-255,66,13898,41,126679
5612,0.000339,172.253.118.0-255,4320,18218,41,126679
5613,0.000341,172.31.46.0-255,66,18284,41,126679
5614,0.000347,172.253.118.0-255,4320,22604,41,126679
5615,0.00035,172.31.46.0-255,66,22670,41,126679
5616,0.000378,172.253.118.0-255,2543,25213,41,126679
5617,0.000381,172.31.46.0-255,66,25279,41,126679
5618,0.000384,172.253.118.0-255,1484,26763,41,126679
5619,0.000386,172.31.46.0-255,66,26829,41,126679
5620,0.00039,172.253.118.0-255,2902,29731,41,126679
5621,0.000393,172.31.46.0-255,66,29797,41,126679
5622,0.000414,172.253.118.0-255,4320,34117,41,126679
5623,0.000417,172.31.46.0-255,66,34183,41,126679
5624,0.000442,172.253.118.0-255,1484,35667,41,126679
5625,0.000445,172.31.46.0-255,66,35733,41,126679
5626,0.00045,172.253.118.0-255,4320,40053,41,126679
5627,0.000453,172.31.46.0-255,66,40119,41,126679
5628,0.000496,172.253.118.0-255,2854,42973,41,126679
5629,0.0005,172.31.46.0-255,66,43039,41,126679
5630,0.000503,172.253.118.0-255,109,43148,41,126679
5631,0.000656,172.253.118.0-255,1484,44632,41,126679
5632,0.000662,172.31.46.0-255,66,44698,41,126679
5633,0.000669,172.253.118.0-255,2902,47600,41,126679
5634,0.000672,172.31.46.0-255,66,47666,41,126679
5635,0.000706,172.31.46.0-255,66,47732,41,126679
5636,0.000745,172.253.118.0-255,4320,52052,41,126679
5637,0.000747,172.31.46.0-255,66,52118,41,126679
5638,0.000775,172.253.118.0-255,4320,56438,41,126679
5639,0.000778,172.31.46.0-255,66,56504,41,126679
5640,0.000788,172.31.46.0-255,66,56570,41,126679
5641,0.000816,172.253.118.0-255,2902,59472,41,126679
5642,0.000818,172.31.46.0-255,66,59538,41,126679
5643,0.000843,172.253.118.0-255,2902,62440,41,126679
5644,0.000846,172.31.46.0-255,66,62506,41,126679
5645,0.000871,172.253.118.0-255,2184,64690,41,126679
5646,0.000873,172.31.46.0-255,66,64756,41,126679
5647,0.000918,172.253.118.0-255,332,65088,41,126679
5648,0.000947,172.253.118.0-255,1484,66572,41,126679
5649,0.000951,172.31.46.0-255,66,66638,41,126679
5650,0.000971,172.253.118.0-255,4320,70958,41,126679
5651,0.000974,172.31.46.0-255,66,71024,41,126679
5652,0.000986,172.31.46.0-255,66,71090,41,126679
5653,0.000991,172.253.118.0-255,4320,75410,41,126679
5654,0.000994,172.31.46.0-255,66,75476,41,126679
5655,0.001052,172.253.118.0-255,766,76242,41,126679
5656,0.001057,172.31.46.0-255,66,76308,41,126679
5657,0.001063,172.31.46.0-255,66,76374,41,126679
5658,0.001143,172.253.118.0-255,1484,77858,41,126679
5659,0.00115,172.253.118.0-255,2902,80760,41,126679
5660,0.001154,172.31.46.0-255,66,80826,41,126679
5661,0.001196,172.253.118.0-255,1484,82310,41,126679
5662,0.001211,172.253.118.0-255,4320,86630,41,126679
5663,0.001215,172.253.118.0-255,2902,89532,41,126679
5664,0.001222,172.31.46.0-255,66,89598,41,126679
5665,0.001239,172.253.118.0-255,4320,93918,41,126679
5666,0.001244,172.253.118.0-255,4320,98238,41,126679
5667,0.00125,172.31.46.0-255,66,98304,41,126679
5668,0.001293,172.31.46.0-255,66,98370,41,126679
5669,0.001337,172.253.118.0-255,1484,99854,41,126679
5670,0.001354,172.253.118.0-255,2902,102756,41,126679
5671,0.001375,172.31.46.0-255,66,102822,41,126679
5672,0.001426,172.31.46.0-255,66,102888,41,126679
5673,0.001504,172.253.118.0-255,3602,106490,41,126679
5674,0.001534,172.31.46.0-255,66,106556,41,126679
5675,0.001561,172.31.46.0-255,66,106622,41,126679
5676,0.001569,172.253.118.0-255,1484,108106,41,126679
5677,0.001585,172.253.118.0-255,2902,111008,41,126679
5678,0.001594,172.253.118.0-255,1484,112492,41,126679
5679,0.001611,172.253.118.0-255,2902,115394,41,126679
5680,0.001641,172.31.46.0-255,66,115460,41,126679
5681,0.001669,172.31.46.0-255,66,115526,41,126679
5682,0.001677,172.253.118.0-255,2184,117710,41,126679
5683,0.001703,172.31.46.0-255,66,117776,41,126679
5684,0.003694,172.253.118.0-255,2902,120678,41,126679
5685,0.003698,172.31.46.0-255,66,120744,41,126679
5686,0.003723,172.253.118.0-255,2902,123646,41,126679
5687,0.003726,172.31.46.0-255,66,123712,41,126679
5688,0.005752,172.31.46.0-255,66,123778,41,126679
5689,0.007799,172.31.46.0-255,66,123844,41,126679
5690,0.009841,172.31.46.0-255,66,123910,41,126679
5691,0.011874,172.31.46.0-255,66,123976,41,126679
5692,0.013922,172.31.46.0-255,66,124042,41,126679
5693,0.01598,172.31.46.0-255,66,124108,41,126679
5694,0.01801,172.31.46.0-255,66,124174,41,126679
5695,0.02005,172.31.46.0-255,66,124240,41,126679
5696,0.022105,172.31.46.0-255,66,124306,41,126679
5697,0.024157,172.31.46.0-255,66,124372,41,126679
5698,0.026222,172.31.46.0-255,66,124438,41,126679
5699,0.028278,172.31.46.0-255,66,124504,41,126679
5700,0.030336,172.31.46.0-255,66,124570,41,126679
5701,0.032397,172.31.46.0-255,66,124636,41,126679
5702,0.03447,172.31.46.0-255,66,124702,41,126679
5703,0.036553,172.31.46.0-255,66,124768,41,126679
5704,0.038609,172.31.46.0-255,66,124834,41,126679
5705,0.039395,172.31.46.0-255,172,125006,41,126679
5706,0.039426,172.31.46.0-255,1118,126124,41,126679
5707,0.039493,172.31.46.0-255,555,126679,41,126679
5708,0.0,142.250.4.0-255,152,152,41,161508
5709,1.6e-05,142.250.4.0-255,1484,1636,41,161508
5710,2.4e-05,172.31.46.0-255,66,1702,41,161508
5711,3.1e-05,142.250.4.0-255,2902,4604,41,161508
5712,3.5e-05,172.31.46.0-255,66,4670,41,161508
5713,4.4e-05,172.31.46.0-255,66,4736,41,161508
5714,7.8e-05,142.250.4.0-255,1484,6220,41,161508
5715,9.1e-05,142.250.4.0-255,2093,8313,41,161508
5716,9.3e-05,172.31.46.0-255,66,8379,41,161508
5717,0.000155,142.250.4.0-255,1484,9863,41,161508
5718,0.000161,142.250.4.0-255,2902,12765,41,161508
5719,0.000163,172.31.46.0-255,66,12831,41,161508
5720,0.000166,142.250.4.0-255,1484,14315,41,161508
5721,0.000186,142.250.4.0-255,4320,18635,41,161508
5722,0.000189,172.31.46.0-255,66,18701,41,161508
5723,0.000194,142.250.4.0-255,4320,23021,41,161508
5724,0.000197,172.31.46.0-255,66,23087,41,161508
5725,0.000235,142.250.4.0-255,2543,25630,41,161508
5726,0.000238,172.31.46.0-255,66,25696,41,161508
5727,0.000294,142.250.4.0-255,1484,27180,41,161508
5728,0.0003,142.250.4.0-255,2902,30082,41,161508
5729,0.000303,172.31.46.0-255,66,30148,41,161508
5730,0.000306,142.250.4.0-255,1484,31632,41,161508
5731,0.000324,142.250.4.0-255,4320,35952,41,161508
5732,0.000327,172.31.46.0-255,66,36018,41,161508
5733,0.00034,142.250.4.0-255,4320,40338,41,161508
5734,0.000343,172.31.46.0-255,66,40404,41,161508
5735,0.000359,142.250.4.0-255,2543,42947,41,161508
5736,0.000361,172.31.46.0-255,66,43013,41,161508
5737,0.000491,142.250.4.0-255,1484,44497,41,161508
5738,0.000507,142.250.4.0-255,2902,47399,41,161508
5739,0.000511,172.31.46.0-255,66,47465,41,161508
5740,0.000522,172.31.46.0-255,66,47531,41,161508
5741,0.000545,142.250.4.0-255,4320,51851,41,161508
5742,0.000548,172.31.46.0-255,66,51917,41,161508
5743,0.000566,142.250.4.0-255,2839,54756,41,161508
5744,0.000568,172.31.46.0-255,66,54822,41,161508
5745,0.001087,142.250.4.0-255,129,54951,41,161508
5746,0.00115,142.250.4.0-255,1484,56435,41,161508
5747,0.001154,172.31.46.0-255,66,56501,41,161508
5748,0.001162,142.250.4.0-255,2902,59403,41,161508
5749,0.001165,172.31.46.0-255,66,59469,41,161508
5750,0.001175,172.31.46.0-255,66,59535,41,161508
5751,0.001193,142.250.4.0-255,2902,62437,41,161508
5752,0.001196,172.31.46.0-255,66,62503,41,161508
5753,0.001227,172.31.46.0-255,66,62569,41,161508
5754,0.001238,172.31.46.0-255,66,62635,41,161508
5755,0.001275,142.250.4.0-255,2184,64819,41,161508
5756,0.001277,172.31.46.0-255,66,64885,41,161508
5757,0.00144,142.250.4.0-255,348,65233,41,161508
5758,0.001478,142.250.4.0-255,1484,66717,41,161508
5759,0.001482,172.31.46.0-255,66,66783,41,161508
5760,0.001487,142.250.4.0-255,1484,68267,41,161508
5761,0.00151,142.250.4.0-255,2902,71169,41,161508
5762,0.001513,172.31.46.0-255,66,71235,41,161508
5763,0.001525,172.31.46.0-255,66,71301,41,161508
5764,0.00153,142.250.4.0-255,2902,74203,41,161508
5765,0.001532,172.31.46.0-255,66,74269,41,161508
5766,0.001556,142.250.4.0-255,4320,78589,41,161508
5767,0.001558,172.31.46.0-255,66,78655,41,161508
5768,0.001572,142.250.4.0-255,1484,80139,41,161508
5769,0.001607,172.31.46.0-255,66,80205,41,161508
5770,0.001661,142.250.4.0-255,1484,81689,41,161508
5771,0.001674,142.250.4.0-255,2902,84591,41,161508
5772,0.001677,172.31.46.0-255,66,84657,41,161508
5773,0.001687,172.31.46.0-255,66,84723,41,161508
5774,0.001725,172.31.46.0-255,66,84789,41,161508
5775,0.001736,172.31.46.0-255,66,84855,41,161508
5776,0.001759,142.250.4.0-255,2184,87039,41,161508
5777,0.001761,172.31.46.0-255,66,87105,41,161508
5778,0.001975,142.250.4.0-255,1484,88589,41,161508
5779,0.001983,142.250.4.0-255,2902,91491,41,161508
5780,0.001988,172.31.46.0-255,66,91557,41,161508
5781,0.002013,172.31.46.0-255,66,91623,41,161508
5782,0.002018,142.250.4.0-255,2902,94525,41,161508
5783,0.00202,172.31.46.0-255,66,94591,41,161508
5784,0.002048,172.31.46.0-255,66,94657,41,161508
5785,0.002059,172.31.46.0-255,66,94723,41,161508
5786,0.002086,142.250.4.0-255,2184,96907,41,161508
5787,0.002089,172.31.46.0-255,66,96973,41,161508
5788,0.002247,142.250.4.0-255,1484,98457,41,161508
5789,0.002258,142.250.4.0-255,1484,99941,41,161508
5790,0.00226,172.31.46.0-255,66,100007,41,161508
5791,0.002277,142.250.4.0-255,1484,101491,41,161508
5792,0.002281,142.250.4.0-255,2902,104393,41,161508
5793,0.002284,172.31.46.0-255,66,104459,41,161508
5794,0.002305,142.250.4.0-255,2902,107361,41,161508
5795,0.002307,172.31.46.0-255,66,107427,41,161508
5796,0.002318,172.31.46.0-255,66,107493,41,161508
5797,0.002354,172.31.46.0-255,66,107559,41,161508
5798,0.002383,172.31.46.0-255,66,107625,41,161508
5799,0.002646,142.250.4.0-255,1484,109109,41,161508
5800,0.002661,142.250.4.0-255,2902,112011,41,161508
5801,0.002665,172.31.46.0-255,66,112077,41,161508
5802,0.002669,142.250.4.0-255,2902,114979,41,161508
5803,0.002671,172.31.46.0-255,66,115045,41,161508
5804,0.002684,142.250.4.0-255,2902,117947,41,161508
5805,0.002687,172.31.46.0-255,66,118013,41,161508
5806,0.00269,142.250.4.0-255,1484,119497,41,161508
5807,0.002716,172.31.46.0-255,66,119563,41,161508
5808,0.002751,142.250.4.0-255,2902,122465,41,161508
5809,0.002753,172.31.46.0-255,66,122531,41,161508
5810,0.002766,172.31.46.0-255,66,122597,41,161508
5811,0.002778,172.31.46.0-255,66,122663,41,161508
5812,0.002823,172.31.46.0-255,66,122729,41,161508
5813,0.00284,142.250.4.0-255,1484,124213,41,161508
5814,0.002857,172.31.46.0-255,66,124279,41,161508
5815,0.002894,142.250.4.0-255,1484,125763,41,161508
5816,0.002914,142.250.4.0-255,2902,128665,41,161508
5817,0.002916,172.31.46.0-255,66,128731,41,161508
5818,0.002925,172.31.46.0-255,66,128797,41,161508
5819,0.00294,142.250.4.0-255,4320,133117,41,161508
5820,0.002943,172.31.46.0-255,66,133183,41,161508
5821,0.002964,172.31.46.0-255,66,133249,41,161508
5822,0.002988,142.250.4.0-255,1484,134733,41,161508
5823,0.002999,172.31.46.0-255,66,134799,41,161508
5824,0.003003,142.250.4.0-255,2184,136983,41,161508
5825,0.003005,172.31.46.0-255,66,137049,41,161508
5826,0.003213,142.250.4.0-255,1484,138533,41,161508
5827,0.00323,142.250.4.0-255,2902,141435,41,161508
5828,0.003232,172.31.46.0-255,66,141501,41,161508
5829,0.003237,142.250.4.0-255,2902,144403,41,161508
5830,0.003239,172.31.46.0-255,66,144469,41,161508
5831,0.003253,142.250.4.0-255,2902,147371,41,161508
5832,0.003256,172.31.46.0-255,66,147437,41,161508
5833,0.003265,172.31.46.0-255,66,147503,41,161508
5834,0.0033,172.31.46.0-255,66,147569,41,161508
5835,0.00331,172.31.46.0-255,66,147635,41,161508
5836,0.003338,172.31.46.0-255,66,147701,41,161508
5837,0.003368,172.31.46.0-255,66,147767,41,161508
5838,0.003387,142.250.4.0-255,2184,149951,41,161508
5839,0.00339,172.31.46.0-255,66,150017,41,161508
5840,0.003403,172.31.46.0-255,66,150083,41,161508
5841,0.003498,142.250.4.0-255,1484,151567,41,161508
5842,0.003502,142.250.4.0-255,1484,153051,41,161508
5843,0.003504,172.31.46.0-255,66,153117,41,161508
5844,0.003516,142.250.4.0-255,1484,154601,41,161508
5845,0.003535,172.31.46.0-255,66,154667,41,161508
5846,0.003557,142.250.4.0-255,1054,155721,41,161508
5847,0.003592,142.250.4.0-255,105,155826,41,161508
5848,0.011414,172.31.46.0-255,66,155892,41,161508
5849,0.011456,172.31.46.0-255,105,155997,41,161508
5850,0.013093,142.250.4.0-255,105,156102,41,161508
5851,0.013103,172.31.46.0-255,78,156180,41,161508
5852,0.013877,142.250.4.0-255,66,156246,41,161508
5853,0.031601,172.31.46.0-255,172,156418,41,161508
5854,0.031629,172.31.46.0-255,1115,157533,41,161508
5855,0.031676,172.31.46.0-255,1514,159047,41,161508
5856,0.031678,172.31.46.0-255,1514,160561,41,161508
5857,0.031698,172.31.46.0-255,683,161244,41,161508
5858,0.033283,104.244.42.0-255,66,161310,41,161508
5859,0.033465,104.244.42.0-255,66,161376,41,161508
5860,0.033493,104.244.42.0-255,66,161442,41,161508
5861,0.033512,104.244.42.0-255,66,161508,41,161508
5862,0.0,74.125.24.0-255,155,155,41,152488
5863,2.3e-05,172.31.46.0-255,66,221,41,152488
5864,3e-05,74.125.24.0-255,1484,1705,41,152488
5865,3.5e-05,172.31.46.0-255,66,1771,41,152488
5866,4.7e-05,74.125.24.0-255,2902,4673,41,152488
5867,4.9e-05,172.31.46.0-255,66,4739,41,152488
5868,5.9e-05,172.31.46.0-255,66,4805,41,152488
5869,0.000111,74.125.24.0-255,3460,8265,41,152488
5870,0.000114,172.31.46.0-255,66,8331,41,152488
5871,0.000257,74.125.24.0-255,1484,9815,41,152488
5872,0.000262,172.31.46.0-255,66,9881,41,152488
5873,0.000268,74.125.24.0-255,2902,12783,41,152488
5874,0.00027,172.31.46.0-255,66,12849,41,152488
5875,0.000299,172.31.46.0-255,66,12915,41,152488
5876,0.000345,172.31.46.0-255,66,12981,41,152488
5877,0.000349,74.125.24.0-255,1125,14106,41,152488
5878,0.00035,172.31.46.0-255,66,14172,41,152488
5879,0.000409,74.125.24.0-255,1484,15656,41,152488
5880,0.000412,172.31.46.0-255,66,15722,41,152488
5881,0.000417,74.125.24.0-255,2902,18624,41,152488
5882,0.000418,172.31.46.0-255,66,18690,41,152488
5883,0.000441,74.125.24.0-255,4320,23010,41,152488
5884,0.000443,172.31.46.0-255,66,23076,41,152488
5885,0.000471,74.125.24.0-255,1484,24560,41,152488
5886,0.000473,172.31.46.0-255,66,24626,41,152488
5887,0.000483,172.31.46.0-255,66,24692,41,152488
5888,0.000499,172.31.46.0-255,66,24758,41,152488
5889,0.000537,172.31.46.0-255,66,24824,41,152488
5890,0.000541,74.125.24.0-255,2543,27367,41,152488
5891,0.000543,172.31.46.0-255,66,27433,41,152488
5892,0.000739,74.125.24.0-255,645,28078,41,152488
5893,0.000971,74.125.24.0-255,1484,29562,41,152488
5894,0.000976,172.31.46.0-255,66,29628,41,152488
5895,0.000982,74.125.24.0-255,2902,32530,41,152488
5896,0.000984,172.31.46.0-255,66,32596,41,152488
5897,0.000997,172.31.46.0-255,66,32662,41,152488
5898,0.001,74.125.24.0-255,1484,34146,41,152488
5899,0.00105,172.31.46.0-255,66,34212,41,152488
5900,0.001055,74.125.24.0-255,2902,37114,41,152488
5901,0.001056,172.31.46.0-255,66,37180,41,152488
5902,0.001109,172.31.46.0-255,66,37246,41,152488
5903,0.001185,74.125.24.0-255,1484,38730,41,152488
5904,0.001212,74.125.24.0-255,2902,41632,41,152488
5905,0.001216,172.31.46.0-255,66,41698,41,152488
5906,0.001224,172.31.46.0-255,66,41764,41,152488
5907,0.001257,172.31.46.0-255,66,41830,41,152488
5908,0.001284,74.125.24.0-255,1484,43314,41,152488
5909,0.001294,172.31.46.0-255,66,43380,41,152488
5910,0.001329,74.125.24.0-255,5020,48400,41,152488
5911,0.001332,172.31.46.0-255,66,48466,41,152488
5912,0.00159,74.125.24.0-255,1484,49950,41,152488
5913,0.001597,74.125.24.0-255,2902,52852,41,152488
5914,0.0016,172.31.46.0-255,66,52918,41,152488
5915,0.001606,74.125.24.0-255,4320,57238,41,152488
5916,0.001608,172.31.46.0-255,66,57304,41,152488
5917,0.001639,172.31.46.0-255,66,57370,41,152488
5918,0.001648,74.125.24.0-255,2902,60272,41,152488
5919,0.00165,172.31.46.0-255,66,60338,41,152488
5920,0.001697,172.31.46.0-255,66,60404,41,152488
5921,0.001703,172.31.46.0-255,66,60470,41,152488
5922,0.001941,74.125.24.0-255,1484,61954,41,152488
5923,0.001947,74.125.24.0-255,2902,64856,41,152488
5924,0.00195,172.31.46.0-255,66,64922,41,152488
5925,0.001957,74.125.24.0-255,4320,69242,41,152488
5926,0.001959,172.31.46.0-255,66,69308,41,152488
5927,0.001992,74.125.24.0-255,1484,70792,41,152488
5928,0.002,172.31.46.0-255,66,70858,41,152488
5929,0.002018,172.31.46.0-255,66,70924,41,152488
5930,0.002049,74.125.24.0-255,2902,73826,41,152488
5931,0.002051,172.31.46.0-255,66,73892,41,152488
5932,0.002081,74.125.24.0-255,2184,76076,41,152488
5933,0.002084,172.31.46.0-255,66,76142,41,152488
5934,0.002092,172.31.46.0-255,66,76208,41,152488
5935,0.002132,74.125.24.0-255,1484,77692,41,152488
5936,0.002166,172.31.46.0-255,66,77758,41,152488
5937,0.002185,172.31.46.0-255,66,77824,41,152488
5938,0.002188,74.125.24.0-255,766,78590,41,152488
5939,0.002223,74.125.24.0-255,1484,80074,41,152488
5940,0.002226,172.31.46.0-255,66,80140,41,152488
5941,0.002231,74.125.24.0-255,2902,83042,41,152488
5942,0.002233,172.31.46.0-255,66,83108,41,152488
5943,0.002236,74.125.24.0-255,1484,84592,41,152488
5944,0.002262,74.125.24.0-255,4320,88912,41,152488
5945,0.002265,172.31.46.0-255,66,88978,41,152488
5946,0.00227,74.125.24.0-255,2902,91880,41,152488
5947,0.002272,172.31.46.0-255,66,91946,41,152488
5948,0.002307,172.31.46.0-255,66,92012,41,152488
5949,0.00232,172.31.46.0-255,66,92078,41,152488
5950,0.002352,74.125.24.0-255,2184,94262,41,152488
5951,0.002355,172.31.46.0-255,66,94328,41,152488
5952,0.004741,74.125.24.0-255,2902,97230,41,152488
5953,0.004752,172.31.46.0-255,66,97296,41,152488
5954,0.004798,74.125.24.0-255,1484,98780,41,152488
5955,0.004813,74.125.24.0-255,1484,100264,41,152488
5956,0.004815,172.31.46.0-255,66,100330,41,152488
5957,0.007147,74.125.24.0-255,2902,103232,41,152488
5958,0.007151,172.31.46.0-255,66,103298,41,152488
5959,0.00723,74.125.24.0-255,2902,106200,41,152488
5960,0.007233,172.31.46.0-255,66,106266,41,152488
5961,0.009555,74.125.24.0-255,2902,109168,41,152488
5962,0.009566,172.31.46.0-255,66,109234,41,152488
5963,0.009629,74.125.24.0-255,2902,112136,41,152488
5964,0.009632,172.31.46.0-255,66,112202,41,152488
5965,0.012016,74.125.24.0-255,2902,115104,41,152488
5966,0.012033,172.31.46.0-255,66,115170,41,152488
5967,0.012118,74.125.24.0-255,2902,118072,41,152488
5968,0.012122,172.31.46.0-255,66,118138,41,152488
5969,0.014495,74.125.24.0-255,2902,121040,41,152488
5970,0.014515,172.31.46.0-255,66,121106,41,152488
5971,0.01455,74.125.24.0-255,2902,124008,41,152488
5972,0.014552,172.31.46.0-255,66,124074,41,152488
5973,0.016974,74.125.24.0-255,2902,126976,41,152488
5974,0.016992,172.31.46.0-255,66,127042,41,152488
5975,0.01703,74.125.24.0-255,2902,129944,41,152488
5976,0.017033,172.31.46.0-255,66,130010,41,152488
5977,0.019423,74.125.24.0-255,2902,132912,41,152488
5978,0.019438,172.31.46.0-255,66,132978,41,152488
5979,0.01947,74.125.24.0-255,2902,135880,41,152488
5980,0.019472,172.31.46.0-255,66,135946,41,152488
5981,0.021887,74.125.24.0-255,2902,138848,41,152488
5982,0.021904,172.31.46.0-255,66,138914,41,152488
5983,0.021938,74.125.24.0-255,2902,141816,41,152488
5984,0.021941,172.31.46.0-255,66,141882,41,152488
5985,0.024331,74.125.24.0-255,2902,144784,41,152488
5986,0.024349,172.31.46.0-255,66,144850,41,152488
5987,0.024393,74.125.24.0-255,2902,147752,41,152488
5988,0.024397,172.31.46.0-255,66,147818,41,152488
5989,0.026852,172.31.46.0-255,66,147884,41,152488
5990,0.029315,172.31.46.0-255,66,147950,41,152488
5991,0.031938,172.31.46.0-255,66,148016,41,152488
5992,0.034405,172.31.46.0-255,66,148082,41,152488
5993,0.035065,172.31.46.0-255,171,148253,41,152488
5994,0.035099,172.31.46.0-255,1142,149395,41,152488
5995,0.035159,172.31.46.0-255,1514,150909,41,152488
5996,0.035161,172.31.46.0-255,1249,152158,41,152488
5997,0.03685,104.244.42.0-255,66,152224,41,152488
5998,0.036881,104.244.42.0-255,66,152290,41,152488
5999,0.036906,172.31.46.0-255,66,152356,41,152488
6000,0.03695,104.244.42.0-255,66,152422,41,152488
6001,0.039366,172.31.46.0-255,66,152488,41,152488
6002,0.0,172.217.194.0-255,147,147,41,90823
6003,1.7e-05,172.31.46.0-255,66,213,41,90823
6004,2.4e-05,172.217.194.0-255,1484,1697,41,90823
6005,2.8e-05,172.31.46.0-255,66,1763,41,90823
6006,3.2e-05,172.217.194.0-255,1484,3247,41,90823
6007,4.2e-05,172.31.46.0-255,66,3313,41,90823
6008,5.7e-05,172.217.194.0-255,1484,4797,41,90823
6009,6.1e-05,172.31.46.0-255,66,4863,41,90823
6010,7.7e-05,172.31.46.0-255,66,4929,41,90823
6011,0.000105,172.217.194.0-255,4901,9830,41,90823
6012,0.000109,172.31.46.0-255,66,9896,41,90823
6013,0.000122,172.31.46.0-255,66,9962,41,90823
6014,0.000154,172.31.46.0-255,66,10028,41,90823
6015,0.00018,172.217.194.0-255,1484,11512,41,90823
6016,0.000182,172.31.46.0-255,66,11578,41,90823
6017,0.000213,172.217.194.0-255,2902,14480,41,90823
6018,0.000215,172.31.46.0-255,66,14546,41,90823
6019,0.000224,172.31.46.0-255,66,14612,41,90823
6020,0.000249,172.31.46.0-255,66,14678,41,90823
6021,0.000277,172.217.194.0-255,1125,15803,41,90823
6022,0.000279,172.31.46.0-255,66,15869,41,90823
6023,0.000295,172.31.46.0-255,66,15935,41,90823
6024,0.0003,172.217.194.0-255,4268,20203,41,90823
6025,0.000303,172.31.46.0-255,66,20269,41,90823
6026,0.000306,172.217.194.0-255,380,20649,41,90823
6027,0.000308,172.31.46.0-255,66,20715,41,90823
6028,0.000463,172.217.194.0-255,1484,22199,41,90823
6029,0.000468,172.217.194.0-255,1484,23683,41,90823
6030,0.000471,172.31.46.0-255,66,23749,41,90823
6031,0.000484,172.217.194.0-255,1484,25233,41,90823
6032,0.000498,172.31.46.0-255,66,25299,41,90823
6033,0.000501,172.217.194.0-255,1484,26783,41,90823
6034,0.000533,172.31.46.0-255,66,26849,41,90823
6035,0.000569,172.31.46.0-255,66,26915,41,90823
6036,0.000597,172.217.194.0-255,3602,30517,41,90823
6037,0.0006,172.31.46.0-255,66,30583,41,90823
6038,0.000824,172.217.194.0-255,1484,32067,41,90823
6039,0.000828,172.217.194.0-255,1484,33551,41,90823
6040,0.000838,172.31.46.0-255,66,33617,41,90823
6041,0.000842,172.217.194.0-255,1484,35101,41,90823
6042,0.000858,172.31.46.0-255,66,35167,41,90823
6043,0.000895,172.31.46.0-255,66,35233,41,90823
6044,0.000915,172.31.46.0-255,66,35299,41,90823
6045,0.00103,172.217.194.0-255,1484,36783,41,90823
6046,0.001035,172.217.194.0-255,1484,38267,41,90823
6047,0.001038,172.31.46.0-255,66,38333,41,90823
6048,0.001066,172.217.194.0-255,1484,39817,41,90823
6049,0.001075,172.31.46.0-255,66,39883,41,90823
6050,0.001089,172.31.46.0-255,66,39949,41,90823
6051,0.001117,172.217.194.0-255,1484,41433,41,90823
6052,0.001128,172.31.46.0-255,66,41499,41,90823
6053,0.001162,172.31.46.0-255,66,41565,41,90823
6054,0.001191,172.31.46.0-255,66,41631,41,90823
6055,0.001206,172.31.46.0-255,66,41697,41,90823
6056,0.001209,172.217.194.0-255,1484,43181,41,90823
6057,0.001212,172.217.194.0-255,1484,44665,41,90823
6058,0.001214,172.31.46.0-255,66,44731,41,90823
6059,0.001247,172.217.194.0-255,1484,46215,41,90823
6060,0.001256,172.31.46.0-255,66,46281,41,90823
6061,0.001269,172.31.46.0-255,66,46347,41,90823
6062,0.001287,172.31.46.0-255,66,46413,41,90823
6063,0.001348,172.217.194.0-255,766,47179,41,90823
6064,0.001352,172.217.194.0-255,1484,48663,41,90823
6065,0.001354,172.31.46.0-255,66,48729,41,90823
6066,0.00136,172.217.194.0-255,4320,53049,41,90823
6067,0.001362,172.31.46.0-255,66,53115,41,90823
6068,0.00138,172.31.46.0-255,66,53181,41,90823
6069,0.001382,172.217.194.0-255,1484,54665,41,90823
6070,0.001389,172.217.194.0-255,1484,56149,41,90823
6071,0.001392,172.31.46.0-255,66,56215,41,90823
6072,0.001426,172.31.46.0-255,66,56281,41,90823
6073,0.001437,172.217.194.0-255,5020,61301,41,90823
6074,0.001439,172.31.46.0-255,66,61367,41,90823
6075,0.001447,172.31.46.0-255,66,61433,41,90823
6076,0.001452,172.217.194.0-255,4320,65753,41,90823
6077,0.001454,172.31.46.0-255,66,65819,41,90823
6078,0.001497,172.31.46.0-255,66,65885,41,90823
6079,0.001511,172.31.46.0-255,66,65951,41,90823
6080,0.001548,172.217.194.0-255,1484,67435,41,90823
6081,0.001564,172.217.194.0-255,2902,70337,41,90823
6082,0.001567,172.31.46.0-255,66,70403,41,90823
6083,0.00157,172.217.194.0-255,1484,71887,41,90823
6084,0.001597,172.217.194.0-255,4320,76207,41,90823
6085,0.0016,172.31.46.0-255,66,76273,41,90823
6086,0.001605,172.217.194.0-255,4320,80593,41,90823
6087,0.001607,172.31.46.0-255,66,80659,41,90823
6088,0.001643,172.31.46.0-255,66,80725,41,90823
6089,0.001655,172.31.46.0-255,66,80791,41,90823
6090,0.001681,172.217.194.0-255,4320,85111,41,90823
6091,0.001683,172.31.46.0-255,66,85177,41,90823
6092,0.001717,172.31.46.0-255,66,85243,41,90823
6093,0.00173,172.31.46.0-255,66,85309,41,90823
6094,0.001735,172.217.194.0-255,4320,89629,41,90823
6095,0.001737,172.31.46.0-255,66,89695,41,90823
6096,0.001786,172.31.46.0-255,66,89761,41,90823
6097,0.001809,172.31.46.0-255,66,89827,41,90823
6098,0.001823,172.31.46.0-255,66,89893,41,90823
6099,0.001826,172.217.194.0-255,105,89998,41,90823
6100,0.001828,172.217.194.0-255,129,90127,41,90823
6101,0.004625,172.31.46.0-255,105,90232,41,90823
6102,0.004662,172.31.46.0-255,105,90337,41,90823
6103,0.004903,172.31.46.0-255,90,90427,41,90823
6104,0.004914,172.31.46.0-255,66,90493,41,90823
6105,0.00669,172.217.194.0-255,66,90559,41,90823
6106,0.006713,172.217.194.0-255,66,90625,41,90823
6107,0.006961,172.217.194.0-255,66,90691,41,90823
6108,0.006983,172.217.194.0-255,66,90757,41,90823
6109,0.006989,172.31.46.0-255,66,90823,41,90823
6110,0.0,74.125.130.0-255,148,148,41,182036
6111,2.1e-05,172.31.46.0-255,66,214,41,182036
6112,5.8e-05,74.125.130.0-255,1484,1698,41,182036
6113,6.3e-05,172.31.46.0-255,66,1764,41,182036
6114,6.9e-05,74.125.130.0-255,2902,4666,41,182036
6115,7.2e-05,172.31.46.0-255,66,4732,41,182036
6116,0.000101,172.31.46.0-255,66,4798,41,182036
6117,0.000105,74.125.130.0-255,2902,7700,41,182036
6118,0.000109,172.31.46.0-255,66,7766,41,182036
6119,0.00013,74.125.130.0-255,623,8389,41,182036
6120,0.000133,172.31.46.0-255,66,8455,41,182036
6121,0.000204,74.125.130.0-255,1484,9939,41,182036
6122,0.000207,172.31.46.0-255,66,10005,41,182036
6123,0.000229,74.125.130.0-255,2902,12907,41,182036
6124,0.000232,172.31.46.0-255,66,12973,41,182036
6125,0.000268,74.125.130.0-255,2902,15875,41,182036
6126,0.00027,172.31.46.0-255,66,15941,41,182036
6127,0.000294,74.125.130.0-255,2902,18843,41,182036
6128,0.000297,172.31.46.0-255,66,18909,41,182036
6129,0.000303,74.125.130.0-255,4320,23229,41,182036
6130,0.000305,172.31.46.0-255,66,23295,41,182036
6131,0.000339,74.125.130.0-255,2543,25838,41,182036
6132,0.000341,172.31.46.0-255,66,25904,41,182036
6133,0.000449,74.125.130.0-255,1484,27388,41,182036
6134,0.000454,172.31.46.0-255,66,27454,41,182036
6135,0.00046,74.125.130.0-255,2902,30356,41,182036
6136,0.000462,172.31.46.0-255,66,30422,41,182036
6137,0.000492,74.125.130.0-255,4320,34742,41,182036
6138,0.000495,172.31.46.0-255,66,34808,41,182036
6139,0.000522,74.125.130.0-255,1484,36292,41,182036
6140,0.000524,172.31.46.0-255,66,36358,41,182036
6141,0.000529,74.125.130.0-255,2902,39260,41,182036
6142,0.000532,172.31.46.0-255,66,39326,41,182036
6143,0.000541,74.125.130.0-255,3961,43287,41,182036
6144,0.000544,172.31.46.0-255,66,43353,41,182036
6145,0.000579,74.125.130.0-255,4320,47673,41,182036
6146,0.000581,172.31.46.0-255,66,47739,41,182036
6147,0.00059,172.31.46.0-255,66,47805,41,182036
6148,0.000612,74.125.130.0-255,2902,50707,41,182036
6149,0.000614,172.31.46.0-255,66,50773,41,182036
6150,0.000637,74.125.130.0-255,2902,53675,41,182036
6151,0.000639,172.31.46.0-255,66,53741,41,182036
6152,0.000661,74.125.130.0-255,1376,55117,41,182036
6153,0.000717,74.125.130.0-255,121,55238,41,182036
6154,0.000849,74.125.130.0-255,1484,56722,41,182036
6155,0.000855,172.31.46.0-255,66,56788,41,182036
6156,0.000859,74.125.130.0-255,1484,58272,41,182036
6157,0.00087,74.125.130.0-255,1484,59756,41,182036
6158,0.000876,172.31.46.0-255,66,59822,41,182036
6159,0.000884,74.125.130.0-255,4320,64142,41,182036
6160,0.000886,172.31.46.0-255,66,64208,41,182036
6161,0.000908,74.125.130.0-255,1484,65692,41,182036
6162,0.000923,172.31.46.0-255,66,65758,41,182036
6163,0.00095,74.125.130.0-255,1125,66883,41,182036
6164,0.000992,74.125.130.0-255,1484,68367,41,182036
6165,0.000995,172.31.46.0-255,66,68433,41,182036
6166,0.001,74.125.130.0-255,2902,71335,41,182036
6167,0.001003,172.31.46.0-255,66,71401,41,182036
6168,0.001008,74.125.130.0-255,2902,74303,41,182036
6169,0.001015,172.31.46.0-255,66,74369,41,182036
6170,0.001045,74.125.130.0-255,2902,77271,41,182036
6171,0.001047,172.31.46.0-255,66,77337,41,182036
6172,0.001073,74.125.130.0-255,1484,78821,41,182036
6173,0.001078,74.125.130.0-255,2902,81723,41,182036
6174,0.00108,172.31.46.0-255,66,81789,41,182036
6175,0.001113,74.125.130.0-255,2856,84645,41,182036
6176,0.001146,172.31.46.0-255,66,84711,41,182036
6177,0.001245,172.31.46.0-255,101,84812,41,182036
6178,0.001453,74.125.130.0-255,1484,86296,41,182036
6179,0.001461,74.125.130.0-255,2902,89198,41,182036
6180,0.001464,172.31.46.0-255,66,89264,41,182036
6181,0.001467,74.125.130.0-255,1484,90748,41,182036
6182,0.001472,74.125.130.0-255,2902,93650,41,182036
6183,0.001474,172.31.46.0-255,66,93716,41,182036
6184,0.001513,74.125.130.0-255,4320,98036,41,182036
6185,0.001516,172.31.46.0-255,66,98102,41,182036
6186,0.001534,74.125.130.0-255,1484,99586,41,182036
6187,0.001544,172.31.46.0-255,66,99652,41,182036
6188,0.00157,74.125.130.0-255,2902,102554,41,182036
6189,0.001573,172.31.46.0-255,66,102620,41,182036
6190,0.001586,172.31.46.0-255,66,102686,41,182036
6191,0.001593,74.125.130.0-255,766,103452,41,182036
6192,0.001614,74.125.130.0-255,1484,104936,41,182036
6193,0.001618,172.31.46.0-255,66,105002,41,182036
6194,0.001623,74.125.130.0-255,2902,107904,41,182036
6195,0.001626,172.31.46.0-255,66,107970,41,182036
6196,0.001656,74.125.130.0-255,1484,109454,41,182036
6197,0.001667,172.31.46.0-255,66,109520,41,182036
6198,0.001678,172.31.46.0-255,66,109586,41,182036
6199,0.001695,172.31.46.0-255,66,109652,41,182036
6200,0.001729,74.125.130.0-255,2184,111836,41,182036
6201,0.001732,172.31.46.0-255,66,111902,41,182036
6202,0.001859,74.125.130.0-255,1484,113386,41,182036
6203,0.00188,74.125.130.0-255,2902,116288,41,182036
6204,0.001883,172.31.46.0-255,66,116354,41,182036
6205,0.001887,74.125.130.0-255,1484,117838,41,182036
6206,0.001915,74.125.130.0-255,4320,122158,41,182036
6207,0.001919,172.31.46.0-255,66,122224,41,182036
6208,0.001954,172.31.46.0-255,66,122290,41,182036
6209,0.001984,74.125.130.0-255,2902,125192,41,182036
6210,0.001987,172.31.46.0-255,66,125258,41,182036
6211,0.002007,172.31.46.0-255,66,125324,41,182036
6212,0.002243,74.125.130.0-255,1484,126808,41,182036
6213,0.002249,74.125.130.0-255,2902,129710,41,182036
6214,0.002253,172.31.46.0-255,66,129776,41,182036
6215,0.002257,74.125.130.0-255,1484,131260,41,182036
6216,0.002282,74.125.130.0-255,4320,135580,41,182036
6217,0.002285,172.31.46.0-255,66,135646,41,182036
6218,0.00229,74.125.130.0-255,2902,138548,41,182036
6219,0.002292,172.31.46.0-255,66,138614,41,182036
6220,0.002322,172.31.46.0-255,66,138680,41,182036
6221,0.002327,74.125.130.0-255,2902,141582,41,182036
6222,0.002329,172.31.46.0-255,66,141648,41,182036
6223,0.002365,172.31.46.0-255,66,141714,41,182036
6224,0.002371,74.125.130.0-255,4320,146034,41,182036
6225,0.002373,172.31.46.0-255,66,146100,41,182036
6226,0.002406,74.125.130.0-255,5020,151120,41,182036
6227,0.00241,172.31.46.0-255,66,151186,41,182036
6228,0.002427,74.125.130.0-255,4320,155506,41,182036
6229,0.00243,172.31.46.0-255,66,155572,41,182036
6230,0.002439,172.31.46.0-255,66,155638,41,182036
6231,0.002452,172.31.46.0-255,66,155704,41,182036
6232,0.002458,74.125.130.0-255,4320,160024,41,182036
6233,0.002461,74.125.130.0-255,766,160790,41,182036
6234,0.00247,172.31.46.0-255,66,160856,41,182036
6235,0.002528,74.125.130.0-255,1484,162340,41,182036
6236,0.002532,172.31.46.0-255,66,162406,41,182036
6237,0.002562,74.125.130.0-255,2902,165308,41,182036
6238,0.002565,172.31.46.0-255,66,165374,41,182036
6239,0.002568,74.125.130.0-255,1484,166858,41,182036
6240,0.002599,74.125.130.0-255,4320,171178,41,182036
6241,0.002603,172.31.46.0-255,66,171244,41,182036
6242,0.002647,74.125.130.0-255,2902,174146,41,182036
6243,0.00265,172.31.46.0-255,66,174212,41,182036
6244,0.002679,172.31.46.0-255,66,174278,41,182036
6245,0.002697,172.31.46.0-255,66,174344,41,182036
6246,0.002701,74.125.130.0-255,2184,176528,41,182036
6247,0.002704,172.31.46.0-255,66,176594,41,182036
6248,0.002706,74.125.130.0-255,1484,178078,41,182036
6249,0.002737,74.125.130.0-255,2902,180980,41,182036
6250,0.00274,172.31.46.0-255,66,181046,41,182036
6251,0.002775,172.31.46.0-255,66,181112,41,182036
6252,0.003927,74.125.130.0-255,66,181178,41,182036
6253,0.005478,172.31.46.0-255,66,181244,41,182036
6254,0.008179,172.31.46.0-255,66,181310,41,182036
6255,0.010883,172.31.46.0-255,66,181376,41,182036
6256,0.013597,172.31.46.0-255,66,181442,41,182036
6257,0.016315,172.31.46.0-255,66,181508,41,182036
6258,0.019049,172.31.46.0-255,66,181574,41,182036
6259,0.021766,172.31.46.0-255,66,181640,41,182036
6260,0.024518,172.31.46.0-255,66,181706,41,182036
6261,0.027236,172.31.46.0-255,66,181772,41,182036
6262,0.029943,172.31.46.0-255,66,181838,41,182036
6263,0.032698,172.31.46.0-255,66,181904,41,182036
6264,0.035439,172.31.46.0-255,66,181970,41,182036
6265,0.038157,172.31.46.0-255,66,182036,41,182036
6266,0.0,172.31.46.0-255,66,66,41,66
6267,0.0,172.31.46.0-255,105,105,41,276
6268,0.001766,157.240.25.0-255,105,210,41,276
6269,0.001778,172.31.46.0-255,66,276,41,276
6270,0.0,74.125.24.0-255,153,153,41,113062
6271,1.2e-05,172.31.46.0-255,66,219,41,113062
6272,1.8e-05,74.125.24.0-255,1484,1703,41,113062
6273,2.2e-05,172.31.46.0-255,66,1769,41,113062
6274,5.9e-05,74.125.24.0-255,2902,4671,41,113062
6275,6.2e-05,172.31.46.0-255,66,4737,41,113062
6276,7e-05,172.31.46.0-255,66,4803,41,113062
6277,0.000103,172.31.46.0-255,66,4869,41,113062
6278,0.000123,172.31.46.0-255,66,4935,41,113062
6279,0.000147,74.125.24.0-255,625,5560,41,113062
6280,0.000149,172.31.46.0-255,66,5626,41,113062
6281,0.000153,74.125.24.0-255,2543,8169,41,113062
6282,0.000155,172.31.46.0-255,66,8235,41,113062
6283,0.000176,74.125.24.0-255,1484,9719,41,113062
6284,0.000178,172.31.46.0-255,66,9785,41,113062
6285,0.000182,74.125.24.0-255,2902,12687,41,113062
6286,0.000184,172.31.46.0-255,66,12753,41,113062
6287,0.000196,172.31.46.0-255,66,12819,41,113062
6288,0.000207,172.31.46.0-255,66,12885,41,113062
6289,0.00023,74.125.24.0-255,2902,15787,41,113062
6290,0.000232,172.31.46.0-255,66,15853,41,113062
6291,0.000276,172.31.46.0-255,66,15919,41,113062
6292,0.000295,74.125.24.0-255,5316,21235,41,113062
6293,0.000297,172.31.46.0-255,66,21301,41,113062
6294,0.000308,74.125.24.0-255,130,21431,41,113062
6295,0.000313,172.31.46.0-255,66,21497,41,113062
6296,0.000444,74.125.24.0-255,1484,22981,41,113062
6297,0.000459,74.125.24.0-255,2902,25883,41,113062
6298,0.000462,172.31.46.0-255,66,25949,41,113062
6299,0.000494,172.31.46.0-255,66,26015,41,113062
6300,0.000505,172.31.46.0-255,66,26081,41,113062
6301,0.000533,74.125.24.0-255,2902,28983,41,113062
6302,0.000545,172.31.46.0-255,66,29049,41,113062
6303,0.000548,172.31.46.0-255,66,29115,41,113062
6304,0.000581,172.31.46.0-255,66,29181,41,113062
6305,0.000629,172.31.46.0-255,66,29247,41,113062
6306,0.000647,172.31.46.0-255,66,29313,41,113062
6307,0.000737,74.125.24.0-255,1484,30797,41,113062
6308,0.000743,74.125.24.0-255,2902,33699,41,113062
6309,0.000745,172.31.46.0-255,66,33765,41,113062
6310,0.000774,74.125.24.0-255,4320,38085,41,113062
6311,0.000777,172.31.46.0-255,66,38151,41,113062
6312,0.000801,74.125.24.0-255,1484,39635,41,113062
6313,0.000806,74.125.24.0-255,2902,42537,41,113062
6314,0.000808,172.31.46.0-255,66,42603,41,113062
6315,0.000824,172.31.46.0-255,66,42669,41,113062
6316,0.000842,74.125.24.0-255,2902,45571,41,113062
6317,0.000844,172.31.46.0-255,66,45637,41,113062
6318,0.000883,172.31.46.0-255,66,45703,41,113062
6319,0.000888,74.125.24.0-255,4320,50023,41,113062
6320,0.00089,172.31.46.0-255,66,50089,41,113062
6321,0.000933,74.125.24.0-255,1484,51573,41,113062
6322,0.000957,74.125.24.0-255,4320,55893,41,113062
6323,0.000959,172.31.46.0-255,66,55959,41,113062
6324,0.000976,172.31.46.0-255,66,56025,41,113062
6325,0.000991,172.31.46.0-255,66,56091,41,113062
6326,0.001058,74.125.24.0-255,1484,57575,41,113062
6327,0.001074,74.125.24.0-255,2902,60477,41,113062
6328,0.001076,172.31.46.0-255,66,60543,41,113062
6329,0.001081,74.125.24.0-255,2902,63445,41,113062
6330,0.001084,172.31.46.0-255,66,63511,41,113062
6331,0.00111,74.125.24.0-255,2902,66413,41,113062
6332,0.001112,172.31.46.0-255,66,66479,41,113062
6333,0.001117,74.125.24.0-255,2902,69381,41,113062
6334,0.001119,172.31.46.0-255,66,69447,41,113062
6335,0.001136,172.31.46.0-255,66,69513,41,113062
6336,0.001177,172.31.46.0-255,66,69579,41,113062
6337,0.001213,74.125.24.0-255,1484,71063,41,113062
6338,0.001232,74.125.24.0-255,2902,73965,41,113062
6339,0.001236,74.125.24.0-255,2902,76867,41,113062
6340,0.001241,172.31.46.0-255,66,76933,41,113062
6341,0.001245,172.31.46.0-255,66,76999,41,113062
6342,0.00127,74.125.24.0-255,2902,79901,41,113062
6343,0.001273,172.31.46.0-255,66,79967,41,113062
6344,0.001278,74.125.24.0-255,4320,84287,41,113062
6345,0.001281,172.31.46.0-255,66,84353,41,113062
6346,0.001317,172.31.46.0-255,66,84419,41,113062
6347,0.001328,172.31.46.0-255,66,84485,41,113062
6348,0.001363,172.31.46.0-255,66,84551,41,113062
6349,0.001373,172.31.46.0-255,66,84617,41,113062
6350,0.001408,172.31.46.0-255,66,84683,41,113062
6351,0.001431,74.125.24.0-255,1484,86167,41,113062
6352,0.001441,172.31.46.0-255,66,86233,41,113062
6353,0.001808,74.125.24.0-255,1484,87717,41,113062
6354,0.001833,74.125.24.0-255,2902,90619,41,113062
6355,0.001838,172.31.46.0-255,66,90685,41,113062
6356,0.001843,74.125.24.0-255,2902,93587,41,113062
6357,0.001845,172.31.46.0-255,66,93653,41,113062
6358,0.00188,74.125.24.0-255,2902,96555,41,113062
6359,0.001883,172.31.46.0-255,66,96621,41,113062
6360,0.001887,74.125.24.0-255,2902,99523,41,113062
6361,0.001889,172.31.46.0-255,66,99589,41,113062
6362,0.001899,74.125.24.0-255,4320,103909,41,113062
6363,0.001902,172.31.46.0-255,66,103975,41,113062
6364,0.001912,172.31.46.0-255,66,104041,41,113062
6365,0.00192,172.31.46.0-255,66,104107,41,113062
6366,0.001957,74.125.24.0-255,2184,106291,41,113062
6367,0.001961,172.31.46.0-255,66,106357,41,113062
6368,0.001972,172.31.46.0-255,66,106423,41,113062
6369,0.001992,172.31.46.0-255,66,106489,41,113062
6370,0.002032,74.125.24.0-255,2902,109391,41,113062
6371,0.002034,172.31.46.0-255,66,109457,41,113062
6372,0.002077,172.31.46.0-255,66,109523,41,113062
6373,0.002093,172.31.46.0-255,66,109589,41,113062
6374,0.002098,74.125.24.0-255,2902,112491,41,113062
6375,0.0021,172.31.46.0-255,66,112557,41,113062
6376,0.00215,172.31.46.0-255,66,112623,41,113062
6377,0.002153,74.125.24.0-255,97,112720,41,113062
6378,0.002156,74.125.24.0-255,105,112825,41,113062
6379,0.00494,172.31.46.0-255,66,112891,41,113062
6380,0.004973,172.31.46.0-255,105,112996,41,113062
6381,0.007384,74.125.24.0-255,66,113062,41,113062
6382,0.0,74.125.68.0-255,148,148,41,93874
6383,1.2e-05,172.31.46.0-255,66,214,41,93874
6384,3.3e-05,74.125.68.0-255,1484,1698,41,93874
6385,3.7e-05,172.31.46.0-255,66,1764,41,93874
6386,4.1e-05,74.125.68.0-255,1484,3248,41,93874
6387,4.4e-05,172.31.46.0-255,66,3314,41,93874
6388,7.7e-05,74.125.68.0-255,1484,4798,41,93874
6389,8e-05,172.31.46.0-255,66,4864,41,93874
6390,9.1e-05,172.31.46.0-255,66,4930,41,93874
6391,0.000109,74.125.68.0-255,2063,6993,41,93874
6392,0.000112,172.31.46.0-255,66,7059,41,93874
6393,0.000168,74.125.68.0-255,1484,8543,41,93874
6394,0.000173,172.31.46.0-255,66,8609,41,93874
6395,0.000177,74.125.68.0-255,1484,10093,41,93874
6396,0.000179,172.31.46.0-255,66,10159,41,93874
6397,0.000192,74.125.68.0-255,1484,11643,41,93874
6398,0.000194,172.31.46.0-255,66,11709,41,93874
6399,0.000226,172.31.46.0-255,66,11775,41,93874
6400,0.000236,172.31.46.0-255,66,11841,41,93874
6401,0.000329,74.125.68.0-255,1484,13325,41,93874
6402,0.000333,172.31.46.0-255,66,13391,41,93874
6403,0.000339,74.125.68.0-255,2902,16293,41,93874
6404,0.000342,172.31.46.0-255,66,16359,41,93874
6405,0.000361,74.125.68.0-255,2902,19261,41,93874
6406,0.000364,172.31.46.0-255,66,19327,41,93874
6407,0.00037,74.125.68.0-255,4320,23647,41,93874
6408,0.000372,172.31.46.0-255,66,23713,41,93874
6409,0.000414,74.125.68.0-255,4320,28033,41,93874
6410,0.000417,172.31.46.0-255,66,28099,41,93874
6411,0.000433,74.125.68.0-255,1125,29224,41,93874
6412,0.000562,74.125.68.0-255,1484,30708,41,93874
6413,0.000566,172.31.46.0-255,66,30774,41,93874
6414,0.00057,74.125.68.0-255,1484,32258,41,93874
6415,0.000582,74.125.68.0-255,1484,33742,41,93874
6416,0.000585,172.31.46.0-255,66,33808,41,93874
6417,0.000591,74.125.68.0-255,4320,38128,41,93874
6418,0.000594,172.31.46.0-255,66,38194,41,93874
6419,0.000615,74.125.68.0-255,1484,39678,41,93874
6420,0.000618,74.125.68.0-255,1484,41162,41,93874
6421,0.000621,172.31.46.0-255,66,41228,41,93874
6422,0.000645,172.31.46.0-255,66,41294,41,93874
6423,0.000647,74.125.68.0-255,397,41691,41,93874
6424,0.001,74.125.68.0-255,110,41801,41,93874
6425,0.001004,74.125.68.0-255,332,42133,41,93874
6426,0.001064,172.31.46.0-255,66,42199,41,93874
6427,0.001435,74.125.68.0-255,1484,43683,41,93874
6428,0.001446,74.125.68.0-255,2902,46585,41,93874
6429,0.001451,172.31.46.0-255,66,46651,41,93874
6430,0.001458,74.125.68.0-255,4320,50971,41,93874
6431,0.00146,172.31.46.0-255,66,51037,41,93874
6432,0.001475,74.125.68.0-255,1484,52521,41,93874
6433,0.001494,74.125.68.0-255,4320,56841,41,93874
6434,0.001497,172.31.46.0-255,66,56907,41,93874
6435,0.001524,172.31.46.0-255,66,56973,41,93874
6436,0.001537,172.31.46.0-255,66,57039,41,93874
6437,0.002253,74.125.68.0-255,1484,58523,41,93874
6438,0.002273,74.125.68.0-255,2902,61425,41,93874
6439,0.002278,172.31.46.0-255,66,61491,41,93874
6440,0.002305,74.125.68.0-255,1484,62975,41,93874
6441,0.004577,74.125.68.0-255,4320,67295,41,93874
6442,0.004582,172.31.46.0-255,66,67361,41,93874
6443,0.006844,74.125.68.0-255,2902,70263,41,93874
6444,0.00685,172.31.46.0-255,66,70329,41,93874
6445,0.006868,74.125.68.0-255,2902,73231,41,93874
6446,0.006871,172.31.46.0-255,66,73297,41,93874
6447,0.009171,172.31.46.0-255,66,73363,41,93874
6448,0.011449,172.31.46.0-255,66,73429,41,93874
6449,0.01374,172.31.46.0-255,66,73495,41,93874
6450,0.01602,172.31.46.0-255,66,73561,41,93874
6451,0.018297,172.31.46.0-255,66,73627,41,93874
6452,0.020585,172.31.46.0-255,66,73693,41,93874
6453,0.022874,172.31.46.0-255,66,73759,41,93874
6454,0.025161,172.31.46.0-255,66,73825,41,93874
6455,0.02748,172.31.46.0-255,66,73891,41,93874
6456,0.028412,172.31.46.0-255,172,74063,41,93874
6457,0.028442,172.31.46.0-255,1114,75177,41,93874
6458,0.028519,172.31.46.0-255,559,75736,41,93874
6459,0.029745,74.125.68.0-255,2902,78638,41,93874
6460,0.029753,172.31.46.0-255,66,78704,41,93874
6461,0.029774,74.125.68.0-255,2902,81606,41,93874
6462,0.029777,172.31.46.0-255,66,81672,41,93874
6463,0.029937,104.244.42.0-255,66,81738,41,93874
6464,0.03006,104.244.42.0-255,66,81804,41,93874
6465,0.030105,104.244.42.0-255,66,81870,41,93874
6466,0.03202,74.125.68.0-255,2902,84772,41,93874
6467,0.032027,172.31.46.0-255,66,84838,41,93874
6468,0.032052,74.125.68.0-255,2902,87740,41,93874
6469,0.032055,172.31.46.0-255,66,87806,41,93874
6470,0.034304,74.125.68.0-255,2902,90708,41,93874
6471,0.034324,172.31.46.0-255,66,90774,41,93874
6472,0.034347,74.125.68.0-255,2902,93676,41,93874
6473,0.03435,172.31.46.0-255,66,93742,41,93874
6474,0.036614,172.31.46.0-255,66,93808,41,93874
6475,0.038895,172.31.46.0-255,66,93874,41,93874
6476,0.0,74.125.24.0-255,150,150,41,200835
6477,2.4e-05,172.31.46.0-255,66,216,41,200835
6478,3e-05,74.125.24.0-255,1484,1700,41,200835
6479,3.5e-05,172.31.46.0-255,66,1766,41,200835
6480,4.1e-05,74.125.24.0-255,2902,4668,41,200835
6481,4.4e-05,172.31.46.0-255,66,4734,41,200835
6482,5.3e-05,172.31.46.0-255,66,4800,41,200835
6483,5.7e-05,74.125.24.0-255,2041,6841,41,200835
6484,5.9e-05,172.31.46.0-255,66,6907,41,200835
6485,9.3e-05,74.125.24.0-255,1484,8391,41,200835
6486,9.6e-05,172.31.46.0-255,66,8457,41,200835
6487,0.000114,74.125.24.0-255,2902,11359,41,200835
6488,0.000116,172.31.46.0-255,66,11425,41,200835
6489,0.000119,74.125.24.0-255,1484,12909,41,200835
6490,0.000121,172.31.46.0-255,66,12975,41,200835
6491,0.00014,74.125.24.0-255,4320,17295,41,200835
6492,0.000142,172.31.46.0-255,66,17361,41,200835
6493,0.000145,74.125.24.0-255,1484,18845,41,200835
6494,0.000147,172.31.46.0-255,66,18911,41,200835
6495,0.000179,172.31.46.0-255,66,18977,41,200835
6496,0.000238,74.125.24.0-255,1484,20461,41,200835
6497,0.000241,172.31.46.0-255,66,20527,41,200835
6498,0.000245,74.125.24.0-255,2902,23429,41,200835
6499,0.000247,172.31.46.0-255,66,23495,41,200835
6500,0.000257,74.125.24.0-255,1484,24979,41,200835
6501,0.000259,172.31.46.0-255,66,25045,41,200835
6502,0.000284,74.125.24.0-255,4320,29365,41,200835
6503,0.000287,172.31.46.0-255,66,29431,41,200835
6504,0.000289,74.125.24.0-255,1484,30915,41,200835
6505,0.000291,172.31.46.0-255,66,30981,41,200835
6506,0.000309,74.125.24.0-255,4320,35301,41,200835
6507,0.000311,172.31.46.0-255,66,35367,41,200835
6508,0.000324,74.125.24.0-255,1125,36492,41,200835
6509,0.000331,74.125.24.0-255,4320,40812,41,200835
6510,0.000333,172.31.46.0-255,66,40878,41,200835
6511,0.000348,74.125.24.0-255,2902,43780,41,200835
6512,0.00035,172.31.46.0-255,66,43846,41,200835
6513,0.000357,172.31.46.0-255,66,43912,41,200835
6514,0.000383,74.125.24.0-255,4255,48167,41,200835
6515,0.000385,172.31.46.0-255,66,48233,41,200835
6516,0.00096,74.125.24.0-255,382,48615,41,200835
6517,0.000985,172.31.46.0-255,66,48681,41,200835
6518,0.001516,74.125.24.0-255,1484,50165,41,200835
6519,0.001525,74.125.24.0-255,2902,53067,41,200835
6520,0.001529,172.31.46.0-255,66,53133,41,200835
6521,0.001539,172.31.46.0-255,66,53199,41,200835
6522,0.001554,74.125.24.0-255,2902,56101,41,200835
6523,0.001556,172.31.46.0-255,66,56167,41,200835
6524,0.001574,172.31.46.0-255,66,56233,41,200835
6525,0.001583,172.31.46.0-255,66,56299,41,200835
6526,0.001607,74.125.24.0-255,1484,57783,41,200835
6527,0.001611,74.125.24.0-255,4320,62103,41,200835
6528,0.001613,172.31.46.0-255,66,62169,41,200835
6529,0.001632,74.125.24.0-255,2543,64712,41,200835
6530,0.001634,172.31.46.0-255,66,64778,41,200835
6531,0.002332,74.125.24.0-255,1484,66262,41,200835
6532,0.002343,74.125.24.0-255,2902,69164,41,200835
6533,0.002345,172.31.46.0-255,66,69230,41,200835
6534,0.002366,172.31.46.0-255,66,69296,41,200835
6535,0.002372,74.125.24.0-255,4320,73616,41,200835
6536,0.002374,172.31.46.0-255,66,73682,41,200835
6537,0.002404,74.125.24.0-255,2902,76584,41,200835
6538,0.002406,172.31.46.0-255,66,76650,41,200835
6539,0.002416,172.31.46.0-255,66,76716,41,200835
6540,0.002437,74.125.24.0-255,4320,81036,41,200835
6541,0.002439,172.31.46.0-255,66,81102,41,200835
6542,0.002443,74.125.24.0-255,2184,83286,41,200835
6543,0.002445,172.31.46.0-255,66,83352,41,200835
6544,0.002449,74.125.24.0-255,2902,86254,41,200835
6545,0.002451,172.31.46.0-255,66,86320,41,200835
6546,0.002463,74.125.24.0-255,2902,89222,41,200835
6547,0.002465,172.31.46.0-255,66,89288,41,200835
6548,0.002469,74.125.24.0-255,2902,92190,41,200835
6549,0.002471,172.31.46.0-255,66,92256,41,200835
6550,0.002513,172.31.46.0-255,66,92322,41,200835
6551,0.002529,74.125.24.0-255,1484,93806,41,200835
6552,0.002541,74.125.24.0-255,2902,96708,41,200835
6553,0.002544,172.31.46.0-255,66,96774,41,200835
6554,0.002574,172.31.46.0-255,66,96840,41,200835
6555,0.00273,74.125.24.0-255,1484,98324,41,200835
6556,0.002743,74.125.24.0-255,1484,99808,41,200835
6557,0.002745,172.31.46.0-255,66,99874,41,200835
6558,0.002755,74.125.24.0-255,1484,101358,41,200835
6559,0.002759,74.125.24.0-255,2902,104260,41,200835
6560,0.002761,172.31.46.0-255,66,104326,41,200835
6561,0.002772,74.125.24.0-255,2902,107228,41,200835
6562,0.002774,172.31.46.0-255,66,107294,41,200835
6563,0.002778,74.125.24.0-255,2902,110196,41,200835
6564,0.00278,172.31.46.0-255,66,110262,41,200835
6565,0.002802,74.125.24.0-255,4320,114582,41,200835
6566,0.002804,172.31.46.0-255,66,114648,41,200835
6567,0.002828,172.31.46.0-255,66,114714,41,200835
6568,0.002845,74.125.24.0-255,1484,116198,41,200835
6569,0.002858,74.125.24.0-255,2902,119100,41,200835
6570,0.00286,172.31.46.0-255,66,119166,41,200835
6571,0.002872,74.125.24.0-255,2902,122068,41,200835
6572,0.002874,172.31.46.0-255,66,122134,41,200835
6573,0.002909,74.125.24.0-255,3602,125736,41,200835
6574,0.002912,172.31.46.0-255,66,125802,41,200835
6575,0.002927,74.125.24.0-255,1484,127286,41,200835
6576,0.002941,74.125.24.0-255,2902,130188,41,200835
6577,0.002943,172.31.46.0-255,66,130254,41,200835
6578,0.002951,172.31.46.0-255,66,130320,41,200835
6579,0.003019,172.31.46.0-255,66,130386,41,200835
6580,0.003038,74.125.24.0-255,4320,134706,41,200835
6581,0.00304,172.31.46.0-255,66,134772,41,200835
6582,0.003052,172.31.46.0-255,66,134838,41,200835
6583,0.003079,74.125.24.0-255,1484,136322,41,200835
6584,0.003083,74.125.24.0-255,2902,139224,41,200835
6585,0.003085,172.31.46.0-255,66,139290,41,200835
6586,0.003088,74.125.24.0-255,1484,140774,41,200835
6587,0.003106,74.125.24.0-255,4320,145094,41,200835
6588,0.003108,172.31.46.0-255,66,145160,41,200835
6589,0.003132,74.125.24.0-255,4320,149480,41,200835
6590,0.003134,172.31.46.0-255,66,149546,41,200835
6591,0.00316,172.31.46.0-255,66,149612,41,200835
6592,0.003171,172.31.46.0-255,66,149678,41,200835
6593,0.003194,172.31.46.0-255,66,149744,41,200835
6594,0.003203,172.31.46.0-255,66,149810,41,200835
6595,0.003241,172.31.46.0-255,66,149876,41,200835
6596,0.003249,172.31.46.0-255,66,149942,41,200835
6597,0.003436,74.125.24.0-255,1484,151426,41,200835
6598,0.003456,74.125.24.0-255,2902,154328,41,200835
6599,0.003459,172.31.46.0-255,66,154394,41,200835
6600,0.003468,172.31.46.0-255,66,154460,41,200835
6601,0.003481,74.125.24.0-255,2902,157362,41,200835
6602,0.003483,172.31.46.0-255,66,157428,41,200835
6603,0.003512,172.31.46.0-255,66,157494,41,200835
6604,0.003524,172.31.46.0-255,66,157560,41,200835
6605,0.003526,74.125.24.0-255,766,158326,41,200835
6606,0.003644,74.125.24.0-255,1484,159810,41,200835
6607,0.003647,172.31.46.0-255,66,159876,41,200835
6608,0.003652,74.125.24.0-255,2902,162778,41,200835
6609,0.003655,172.31.46.0-255,66,162844,41,200835
6610,0.003674,74.125.24.0-255,4320,167164,41,200835
6611,0.003676,172.31.46.0-255,66,167230,41,200835
6612,0.003707,74.125.24.0-255,1484,168714,41,200835
6613,0.00372,172.31.46.0-255,66,168780,41,200835
6614,0.003729,172.31.46.0-255,66,168846,41,200835
6615,0.003754,74.125.24.0-255,2184,171030,41,200835
6616,0.003756,172.31.46.0-255,66,171096,41,200835
6617,0.003903,74.125.24.0-255,1484,172580,41,200835
6618,0.003908,74.125.24.0-255,2902,175482,41,200835
6619,0.003912,172.31.46.0-255,66,175548,41,200835
6620,0.003915,74.125.24.0-255,1484,177032,41,200835
6621,0.003939,74.125.24.0-255,4320,181352,41,200835
6622,0.003942,172.31.46.0-255,66,181418,41,200835
6623,0.003946,74.125.24.0-255,2902,184320,41,200835
6624,0.003948,172.31.46.0-255,66,184386,41,200835
6625,0.003972,172.31.46.0-255,66,184452,41,200835
6626,0.003975,74.125.24.0-255,2902,187354,41,200835
6627,0.003977,172.31.46.0-255,66,187420,41,200835
6628,0.003979,74.125.24.0-255,1484,188904,41,200835
6629,0.004037,172.31.46.0-255,66,188970,41,200835
6630,0.004057,74.125.24.0-255,2184,191154,41,200835
6631,0.004059,172.31.46.0-255,66,191220,41,200835
6632,0.004063,74.125.24.0-255,2902,194122,41,200835
6633,0.004065,172.31.46.0-255,66,194188,41,200835
6634,0.004067,74.125.24.0-255,1484,195672,41,200835
6635,0.004072,74.125.24.0-255,3211,198883,41,200835
6636,0.004074,172.31.46.0-255,66,198949,41,200835
6637,0.004085,74.125.24.0-255,105,199054,41,200835
6638,0.006356,172.31.46.0-255,66,199120,41,200835
6639,0.006397,172.31.46.0-255,105,199225,41,200835
6640,0.008748,74.125.24.0-255,66,199291,41,200835
6641,0.036098,172.31.46.0-255,172,199463,41,200835
6642,0.036133,172.31.46.0-255,1066,200529,41,200835
6643,0.037821,104.244.42.0-255,66,200595,41,200835
6644,0.037854,104.244.42.0-255,66,200661,41,200835
6645,0.038454,104.244.42.0-255,108,200769,41,200835
6646,0.038461,172.31.46.0-255,66,200835,41,200835
6647,0.0,172.217.194.0-255,150,150,41,162815
6648,2.4e-05,172.31.46.0-255,66,216,41,162815
6649,3.2e-05,172.217.194.0-255,1484,1700,41,162815
6650,3.7e-05,172.31.46.0-255,66,1766,41,162815
6651,4.3e-05,172.217.194.0-255,2902,4668,41,162815
6652,4.6e-05,172.31.46.0-255,66,4734,41,162815
6653,5.9e-05,172.31.46.0-255,66,4800,41,162815
6654,6.3e-05,172.217.194.0-255,2042,6842,41,162815
6655,6.6e-05,172.31.46.0-255,66,6908,41,162815
6656,7e-05,172.217.194.0-255,1484,8392,41,162815
6657,7.2e-05,172.31.46.0-255,66,8458,41,162815
6658,0.000109,172.31.46.0-255,66,8524,41,162815
6659,0.000119,172.31.46.0-255,66,8590,41,162815
6660,0.000217,172.217.194.0-255,1484,10074,41,162815
6661,0.000221,172.31.46.0-255,66,10140,41,162815
6662,0.000226,172.217.194.0-255,2902,13042,41,162815
6663,0.000228,172.31.46.0-255,66,13108,41,162815
6664,0.000256,172.31.46.0-255,66,13174,41,162815
6665,0.000276,172.217.194.0-255,2902,16076,41,162815
6666,0.000278,172.31.46.0-255,66,16142,41,162815
6667,0.000289,172.217.194.0-255,1484,17626,41,162815
6668,0.000291,172.31.46.0-255,66,17692,41,162815
6669,0.000305,172.217.194.0-255,1484,19176,41,162815
6670,0.000308,172.31.46.0-255,66,19242,41,162815
6671,0.000332,172.31.46.0-255,66,19308,41,162815
6672,0.000335,172.217.194.0-255,1484,20792,41,162815
6673,0.000337,172.31.46.0-255,66,20858,41,162815
6674,0.000371,172.217.194.0-255,339,21197,41,162815
6675,0.000374,172.217.194.0-255,1484,22681,41,162815
6676,0.00038,172.217.194.0-255,4320,27001,41,162815
6677,0.000383,172.217.194.0-255,1484,28485,41,162815
6678,0.000413,172.217.194.0-255,2858,31343,41,162815
6679,0.000471,172.217.194.0-255,1484,32827,41,162815
6680,0.000476,172.217.194.0-255,2902,35729,41,162815
6681,0.000501,172.217.194.0-255,4320,40049,41,162815
6682,0.000512,172.217.194.0-255,1484,41533,41,162815
6683,0.000517,172.217.194.0-255,4320,45853,41,162815
6684,0.000567,172.217.194.0-255,1484,47337,41,162815
6685,0.000582,172.217.194.0-255,2902,50239,41,162815
6686,0.000621,172.217.194.0-255,4320,54559,41,162815
6687,0.000642,172.217.194.0-255,2937,57496,41,162815
6688,0.000682,172.217.194.0-255,4320,61816,41,162815
6689,0.000735,172.217.194.0-255,1255,63071,41,162815
6690,0.00074,172.217.194.0-255,2902,65973,41,162815
6691,0.000758,172.217.194.0-255,4320,70293,41,162815
6692,0.000778,172.217.194.0-255,3961,74254,41,162815
6693,0.000783,172.217.194.0-255,4320,78574,41,162815
6694,0.000789,172.31.46.0-255,66,78640,41,162815
6695,0.0008,172.217.194.0-255,4320,82960,41,162815
6696,0.000812,172.31.46.0-255,66,83026,41,162815
6697,0.000821,172.217.194.0-255,2902,85928,41,162815
6698,0.000843,172.217.194.0-255,1484,87412,41,162815
6699,0.000886,172.31.46.0-255,66,87478,41,162815
6700,0.00092,172.217.194.0-255,1484,88962,41,162815
6701,0.000939,172.217.194.0-255,2902,91864,41,162815
6702,0.00095,172.217.194.0-255,1484,93348,41,162815
6703,0.000952,172.217.194.0-255,1484,94832,41,162815
6704,0.000955,172.31.46.0-255,66,94898,41,162815
6705,0.000961,172.31.46.0-255,66,94964,41,162815
6706,0.000975,172.217.194.0-255,1484,96448,41,162815
6707,0.001052,172.217.194.0-255,1484,97932,41,162815
6708,0.001056,172.217.194.0-255,2902,100834,41,162815
6709,0.001064,172.217.194.0-255,1484,102318,41,162815
6710,0.001072,172.31.46.0-255,66,102384,41,162815
6711,0.00108,172.217.194.0-255,1484,103868,41,162815
6712,0.001102,172.217.194.0-255,4320,108188,41,162815
6713,0.001111,172.31.46.0-255,66,108254,41,162815
6714,0.00117,172.217.194.0-255,4320,112574,41,162815
6715,0.001174,172.31.46.0-255,66,112640,41,162815
6716,0.001181,172.31.46.0-255,66,112706,41,162815
6717,0.001199,172.217.194.0-255,1484,114190,41,162815
6718,0.001221,172.31.46.0-255,66,114256,41,162815
6719,0.001249,172.31.46.0-255,66,114322,41,162815
6720,0.001274,172.217.194.0-255,4320,118642,41,162815
6721,0.00128,172.31.46.0-255,66,118708,41,162815
6722,0.001292,172.217.194.0-255,2902,121610,41,162815
6723,0.001316,172.217.194.0-255,1125,122735,41,162815
6724,0.001333,172.31.46.0-255,66,122801,41,162815
6725,0.001342,172.217.194.0-255,1484,124285,41,162815
6726,0.001363,172.217.194.0-255,4320,128605,41,162815
6727,0.001366,172.217.194.0-255,1484,130089,41,162815
6728,0.001382,172.217.194.0-255,4320,134409,41,162815
6729,0.001385,172.31.46.0-255,66,134475,41,162815
6730,0.001394,172.31.46.0-255,66,134541,41,162815
6731,0.001426,172.217.194.0-255,4320,138861,41,162815
6732,0.001453,172.31.46.0-255,66,138927,41,162815
6733,0.001459,172.31.46.0-255,66,138993,41,162815
6734,0.001549,172.217.194.0-255,1484,140477,41,162815
6735,0.001555,172.217.194.0-255,2902,143379,41,162815
6736,0.001558,172.217.194.0-255,1484,144863,41,162815
6737,0.001575,172.217.194.0-255,4320,149183,41,162815
6738,0.001586,172.31.46.0-255,66,149249,41,162815
6739,0.001597,172.31.46.0-255,66,149315,41,162815
6740,0.00169,172.217.194.0-255,1484,150799,41,162815
6741,0.001696,172.217.194.0-255,2902,153701,41,162815
6742,0.001699,172.217.194.0-255,1484,155185,41,162815
6743,0.001716,172.217.194.0-255,4320,159505,41,162815
6744,0.001721,172.217.194.0-255,2902,162407,41,162815
6745,0.001728,172.31.46.0-255,66,162473,41,162815
6746,0.001843,172.217.194.0-255,105,162578,41,162815
6747,0.001851,172.31.46.0-255,66,162644,41,162815
6748,0.004757,172.31.46.0-255,105,162749,41,162815
6749,0.007211,172.217.194.0-255,66,162815,41,162815
6750,0.0,172.217.194.0-255,153,153,41,123302
6751,1e-05,172.31.46.0-255,66,219,41,123302
6752,3.2e-05,172.217.194.0-255,1484,1703,41,123302
6753,3.5e-05,172.31.46.0-255,66,1769,41,123302
6754,4e-05,172.217.194.0-255,2902,4671,41,123302
6755,4.3e-05,172.31.46.0-255,66,4737,41,123302
6756,4.6e-05,172.217.194.0-255,1484,6221,41,123302
6757,4.9e-05,172.31.46.0-255,66,6287,41,123302
6758,8.6e-05,172.31.46.0-255,66,6353,41,123302
6759,8.9e-05,172.217.194.0-255,2038,8391,41,123302
6760,9.1e-05,172.31.46.0-255,66,8457,41,123302
6761,0.000108,172.217.194.0-255,2902,11359,41,123302
6762,0.000111,172.31.46.0-255,66,11425,41,123302
6763,0.000115,172.217.194.0-255,2902,14327,41,123302
6764,0.000117,172.31.46.0-255,66,14393,41,123302
6765,0.000144,172.217.194.0-255,4320,18713,41,123302
6766,0.000147,172.31.46.0-255,66,18779,41,123302
6767,0.000155,172.31.46.0-255,66,18845,41,123302
6768,0.000167,172.217.194.0-255,1125,19970,41,123302
6769,0.000169,172.31.46.0-255,66,20036,41,123302
6770,0.000209,172.217.194.0-255,1484,21520,41,123302
6771,0.000211,172.31.46.0-255,66,21586,41,123302
6772,0.000227,172.217.194.0-255,2902,24488,41,123302
6773,0.000229,172.31.46.0-255,66,24554,41,123302
6774,0.000242,172.217.194.0-255,1484,26038,41,123302
6775,0.000244,172.31.46.0-255,66,26104,41,123302
6776,0.000255,172.217.194.0-255,1484,27588,41,123302
6777,0.000257,172.31.46.0-255,66,27654,41,123302
6778,0.000275,172.217.194.0-255,2902,30556,41,123302
6779,0.000277,172.31.46.0-255,66,30622,41,123302
6780,0.000291,172.217.194.0-255,2902,33524,41,123302
6781,0.000293,172.31.46.0-255,66,33590,41,123302
6782,0.000297,172.217.194.0-255,2902,36492,41,123302
6783,0.000299,172.31.46.0-255,66,36558,41,123302
6784,0.00033,172.31.46.0-255,66,36624,41,123302
6785,0.000335,172.217.194.0-255,3961,40585,41,123302
6786,0.000337,172.31.46.0-255,66,40651,41,123302
6787,0.000339,172.217.194.0-255,346,40997,41,123302
6788,0.000362,172.217.194.0-255,119,41116,41,123302
6789,0.000374,172.217.194.0-255,376,41492,41,123302
6790,0.000703,172.217.194.0-255,1484,42976,41,123302
6791,0.000708,172.31.46.0-255,66,43042,41,123302
6792,0.000714,172.217.194.0-255,2902,45944,41,123302
6793,0.000716,172.31.46.0-255,66,46010,41,123302
6794,0.00073,172.217.194.0-255,2902,48912,41,123302
6795,0.000732,172.31.46.0-255,66,48978,41,123302
6796,0.000747,172.217.194.0-255,2902,51880,41,123302
6797,0.000749,172.31.46.0-255,66,51946,41,123302
6798,0.000753,172.217.194.0-255,2902,54848,41,123302
6799,0.000754,172.31.46.0-255,66,54914,41,123302
6800,0.000757,172.217.194.0-255,1484,56398,41,123302
6801,0.000768,172.217.194.0-255,2902,59300,41,123302
6802,0.00077,172.31.46.0-255,66,59366,41,123302
6803,0.0008,172.31.46.0-255,66,59432,41,123302
6804,0.000811,172.31.46.0-255,66,59498,41,123302
6805,0.001282,172.217.194.0-255,1484,60982,41,123302
6806,0.001287,172.217.194.0-255,1484,62466,41,123302
6807,0.001291,172.31.46.0-255,66,62532,41,123302
6808,0.001314,172.217.194.0-255,1484,64016,41,123302
6809,0.001322,172.31.46.0-255,66,64082,41,123302
6810,0.001325,172.217.194.0-255,1484,65566,41,123302
6811,0.001333,172.31.46.0-255,66,65632,41,123302
6812,0.001345,172.217.194.0-255,1484,67116,41,123302
6813,0.001363,172.31.46.0-255,66,67182,41,123302
6814,0.001388,172.31.46.0-255,66,67248,41,123302
6815,0.001614,172.217.194.0-255,1484,68732,41,123302
6816,0.001617,172.217.194.0-255,1484,70216,41,123302
6817,0.001619,172.31.46.0-255,66,70282,41,123302
6818,0.001635,172.217.194.0-255,1484,71766,41,123302
6819,0.001638,172.217.194.0-255,1484,73250,41,123302
6820,0.00164,172.31.46.0-255,66,73316,41,123302
6821,0.001665,172.217.194.0-255,4320,77636,41,123302
6822,0.001667,172.31.46.0-255,66,77702,41,123302
6823,0.001676,172.31.46.0-255,66,77768,41,123302
6824,0.001685,172.31.46.0-255,66,77834,41,123302
6825,0.001711,172.31.46.0-255,66,77900,41,123302
6826,0.001714,172.217.194.0-255,2184,80084,41,123302
6827,0.001716,172.31.46.0-255,66,80150,41,123302
6828,0.001963,172.217.194.0-255,1484,81634,41,123302
6829,0.001974,172.217.194.0-255,1484,83118,41,123302
6830,0.001976,172.31.46.0-255,66,83184,41,123302
6831,0.00199,172.217.194.0-255,1484,84668,41,123302
6832,0.001995,172.217.194.0-255,4320,88988,41,123302
6833,0.001997,172.31.46.0-255,66,89054,41,123302
6834,0.002018,172.217.194.0-255,1484,90538,41,123302
6835,0.00203,172.31.46.0-255,66,90604,41,123302
6836,0.002059,172.217.194.0-255,2902,93506,41,123302
6837,0.002061,172.31.46.0-255,66,93572,41,123302
6838,0.002076,172.31.46.0-255,66,93638,41,123302
6839,0.002088,172.217.194.0-255,2184,95822,41,123302
6840,0.002089,172.31.46.0-255,66,95888,41,123302
6841,0.004432,172.217.194.0-255,2902,98790,41,123302
6842,0.004435,172.31.46.0-255,66,98856,41,123302
6843,0.004454,172.217.194.0-255,2902,101758,41,123302
6844,0.004457,172.31.46.0-255,66,101824,41,123302
6845,0.006802,172.217.194.0-255,2902,104726,41,123302
6846,0.006809,172.31.46.0-255,66,104792,41,123302
6847,0.006832,172.217.194.0-255,2902,107694,41,123302
6848,0.006835,172.31.46.0-255,66,107760,41,123302
6849,0.009201,172.217.194.0-255,2902,110662,41,123302
6850,0.009216,172.31.46.0-255,66,110728,41,123302
6851,0.009238,172.217.194.0-255,2902,113630,41,123302
6852,0.009241,172.31.46.0-255,66,113696,41,123302
6853,0.011648,172.31.46.0-255,66,113762,41,123302
6854,0.014057,172.31.46.0-255,66,113828,41,123302
6855,0.016472,172.31.46.0-255,66,113894,41,123302
6856,0.018871,172.31.46.0-255,66,113960,41,123302
6857,0.02128,172.31.46.0-255,66,114026,41,123302
6858,0.023727,172.31.46.0-255,66,114092,41,123302
6859,0.02612,172.31.46.0-255,66,114158,41,123302
6860,0.028496,172.31.46.0-255,66,114224,41,123302
6861,0.030901,172.31.46.0-255,66,114290,41,123302
6862,0.033287,172.31.46.0-255,66,114356,41,123302
6863,0.035677,172.31.46.0-255,66,114422,41,123302
6864,0.038087,172.31.46.0-255,66,114488,41,123302
6865,0.03853,172.31.46.0-255,172,114660,41,123302
6866,0.038557,172.31.46.0-255,1118,115778,41,123302
6867,0.038615,172.31.46.0-255,1514,117292,41,123302
6868,0.038617,172.31.46.0-255,1514,118806,41,123302
6869,0.038622,172.31.46.0-255,1514,120320,41,123302
6870,0.038623,172.31.46.0-255,1514,121834,41,123302
6871,0.038642,172.31.46.0-255,1468,123302,41,123302
6872,0.0,172.217.194.0-255,152,152,41,117102
6873,2.1e-05,172.31.46.0-255,66,218,41,117102
6874,2.7e-05,172.217.194.0-255,1484,1702,41,117102
6875,3.2e-05,172.31.46.0-255,66,1768,41,117102
6876,3.7e-05,172.217.194.0-255,2902,4670,41,117102
6877,4.1e-05,172.31.46.0-255,66,4736,41,117102
6878,5.1e-05,172.31.46.0-255,66,4802,41,117102
6879,5.5e-05,172.217.194.0-255,2004,6806,41,117102
6880,5.7e-05,172.31.46.0-255,66,6872,41,117102
6881,0.000161,172.217.194.0-255,1484,8356,41,117102
6882,0.000164,172.31.46.0-255,66,8422,41,117102
6883,0.00017,172.217.194.0-255,2902,11324,41,117102
6884,0.000172,172.31.46.0-255,66,11390,41,117102
6885,0.000185,172.217.194.0-255,2902,14292,41,117102
6886,0.000188,172.31.46.0-255,66,14358,41,117102
6887,0.00022,172.217.194.0-255,2902,17260,41,117102
6888,0.000223,172.31.46.0-255,66,17326,41,117102
6889,0.000226,172.217.194.0-255,1484,18810,41,117102
6890,0.000228,172.31.46.0-255,66,18876,41,117102
6891,0.000248,172.31.46.0-255,66,18942,41,117102
6892,0.000299,172.217.194.0-255,1484,20426,41,117102
6893,0.000301,172.31.46.0-255,66,20492,41,117102
6894,0.000306,172.217.194.0-255,2902,23394,41,117102
6895,0.000308,172.31.46.0-255,66,23460,41,117102
6896,0.000321,172.217.194.0-255,1484,24944,41,117102
6897,0.000323,172.31.46.0-255,66,25010,41,117102
6898,0.000339,172.217.194.0-255,4320,29330,41,117102
6899,0.000342,172.31.46.0-255,66,29396,41,117102
6900,0.000377,172.217.194.0-255,4320,33716,41,117102
6901,0.000379,172.31.46.0-255,66,33782,41,117102
6902,0.000406,172.31.46.0-255,66,33848,41,117102
6903,0.000417,172.31.46.0-255,66,33914,41,117102
6904,0.00042,172.217.194.0-255,377,34291,41,117102
6905,0.000621,172.217.194.0-255,98,34389,41,117102
6906,0.000656,172.217.194.0-255,364,34753,41,117102
6907,0.000876,172.217.194.0-255,1484,36237,41,117102
6908,0.000881,172.31.46.0-255,66,36303,41,117102
6909,0.000887,172.217.194.0-255,2902,39205,41,117102
6910,0.000889,172.31.46.0-255,66,39271,41,117102
6911,0.000893,172.217.194.0-255,2902,42173,41,117102
6912,0.000896,172.31.46.0-255,66,42239,41,117102
6913,0.000918,172.217.194.0-255,2902,45141,41,117102
6914,0.000921,172.31.46.0-255,66,45207,41,117102
6915,0.000925,172.217.194.0-255,2902,48109,41,117102
6916,0.000928,172.31.46.0-255,66,48175,41,117102
6917,0.000951,172.31.46.0-255,66,48241,41,117102
6918,0.000954,172.217.194.0-255,1484,49725,41,117102
6919,0.000983,172.31.46.0-255,66,49791,41,117102
6920,0.001004,172.217.194.0-255,3602,53393,41,117102
6921,0.001006,172.31.46.0-255,66,53459,41,117102
6922,0.001361,172.217.194.0-255,1484,54943,41,117102
6923,0.001365,172.217.194.0-255,1484,56427,41,117102
6924,0.001368,172.31.46.0-255,66,56493,41,117102
6925,0.001381,172.217.194.0-255,1484,57977,41,117102
6926,0.001386,172.217.194.0-255,4320,62297,41,117102
6927,0.001388,172.31.46.0-255,66,62363,41,117102
6928,0.001405,172.217.194.0-255,1484,63847,41,117102
6929,0.001415,172.31.46.0-255,66,63913,41,117102
6930,0.001437,172.217.194.0-255,2902,66815,41,117102
6931,0.00144,172.31.46.0-255,66,66881,41,117102
6932,0.001449,172.31.46.0-255,66,66947,41,117102
6933,0.001467,172.217.194.0-255,766,67713,41,117102
6934,0.00167,172.31.46.0-255,66,67779,41,117102
6935,0.002119,172.217.194.0-255,1484,69263,41,117102
6936,0.002131,172.217.194.0-255,2902,72165,41,117102
6937,0.002136,172.31.46.0-255,66,72231,41,117102
6938,0.002146,172.31.46.0-255,66,72297,41,117102
6939,0.002152,172.217.194.0-255,4320,76617,41,117102
6940,0.002153,172.31.46.0-255,66,76683,41,117102
6941,0.002164,172.31.46.0-255,66,76749,41,117102
6942,0.002188,172.217.194.0-255,4320,81069,41,117102
6943,0.00219,172.31.46.0-255,66,81135,41,117102
6944,0.0022,172.31.46.0-255,66,81201,41,117102
6945,0.00432,172.217.194.0-255,4320,85521,41,117102
6946,0.004325,172.31.46.0-255,66,85587,41,117102
6947,0.004344,172.217.194.0-255,1484,87071,41,117102
6948,0.006454,172.217.194.0-255,1484,88555,41,117102
6949,0.006457,172.31.46.0-255,66,88621,41,117102
6950,0.006476,172.217.194.0-255,2902,91523,41,117102
6951,0.006479,172.31.46.0-255,66,91589,41,117102
6952,0.008632,172.31.46.0-255,66,91655,41,117102
6953,0.010767,172.31.46.0-255,66,91721,41,117102
6954,0.012922,172.31.46.0-255,66,91787,41,117102
6955,0.015069,172.31.46.0-255,66,91853,41,117102
6956,0.017254,172.31.46.0-255,66,91919,41,117102
6957,0.019404,172.31.46.0-255,66,91985,41,117102
6958,0.021562,172.31.46.0-255,66,92051,41,117102
6959,0.023769,172.217.194.0-255,4320,96371,41,117102
6960,0.023778,172.31.46.0-255,66,96437,41,117102
6961,0.023799,172.217.194.0-255,1484,97921,41,117102
6962,0.025908,172.217.194.0-255,4320,102241,41,117102
6963,0.025914,172.31.46.0-255,66,102307,41,117102
6964,0.027417,172.31.46.0-255,172,102479,41,117102
6965,0.027449,172.31.46.0-255,1118,103597,41,117102
6966,0.02751,172.31.46.0-255,1514,105111,41,117102
6967,0.027512,172.31.46.0-255,1273,106384,41,117102
6968,0.028038,172.31.46.0-255,66,106450,41,117102
6969,0.029064,104.244.42.0-255,66,106516,41,117102
6970,0.029166,104.244.42.0-255,66,106582,41,117102
6971,0.029187,104.244.42.0-255,66,106648,41,117102
6972,0.030168,172.217.194.0-255,4320,110968,41,117102
6973,0.030173,172.31.46.0-255,66,111034,41,117102
6974,0.030191,172.217.194.0-255,1484,112518,41,117102
6975,0.032352,172.217.194.0-255,4320,116838,41,117102
6976,0.032359,172.31.46.0-255,66,116904,41,117102
6977,0.034513,172.31.46.0-255,66,116970,41,117102
6978,0.036669,172.31.46.0-255,66,117036,41,117102
6979,0.038828,172.31.46.0-255,66,117102,41,117102
6980,0.0,172.31.46.0-255,105,105,41,276
6981,0.001747,157.240.25.0-255,105,210,41,276
6982,0.001758,172.31.46.0-255,66,276,41,276
6983,0.0,74.125.200.0-255,156,156,41,92881
6984,2.1e-05,172.31.46.0-255,66,222,41,92881
6985,2.8e-05,74.125.200.0-255,1484,1706,41,92881
6986,3.4e-05,172.31.46.0-255,66,1772,41,92881
6987,4.6e-05,74.125.200.0-255,2902,4674,41,92881
6988,4.9e-05,172.31.46.0-255,66,4740,41,92881
6989,5.5e-05,74.125.200.0-255,4320,9060,41,92881
6990,5.9e-05,172.31.46.0-255,66,9126,41,92881
6991,6.5e-05,74.125.200.0-255,4841,13967,41,92881
6992,6.9e-05,172.31.46.0-255,66,14033,41,92881
6993,0.000292,74.125.200.0-255,1484,15517,41,92881
6994,0.000298,172.31.46.0-255,66,15583,41,92881
6995,0.000304,74.125.200.0-255,2902,18485,41,92881
6996,0.000307,172.31.46.0-255,66,18551,41,92881
6997,0.000348,172.31.46.0-255,66,18617,41,92881
6998,0.000353,74.125.200.0-255,2902,21519,41,92881
6999,0.000355,172.31.46.0-255,66,21585,41,92881
7000,0.00036,74.125.200.0-255,3961,25546,41,92881
7001,0.000363,172.31.46.0-255,66,25612,41,92881
7002,0.000824,74.125.200.0-255,1484,27096,41,92881
7003,0.00083,172.31.46.0-255,66,27162,41,92881
7004,0.00084,74.125.200.0-255,2902,30064,41,92881
7005,0.000842,172.31.46.0-255,66,30130,41,92881
7006,0.000875,74.125.200.0-255,4320,34450,41,92881
7007,0.000878,172.31.46.0-255,66,34516,41,92881
7008,0.00091,74.125.200.0-255,4320,38836,41,92881
7009,0.000913,172.31.46.0-255,66,38902,41,92881
7010,0.000954,74.125.200.0-255,3961,42863,41,92881
7011,0.000957,172.31.46.0-255,66,42929,41,92881
7012,0.000963,74.125.200.0-255,2902,45831,41,92881
7013,0.000965,172.31.46.0-255,66,45897,41,92881
7014,0.000994,74.125.200.0-255,1484,47381,41,92881
7015,0.001005,172.31.46.0-255,66,47447,41,92881
7016,0.001047,74.125.200.0-255,2902,50349,41,92881
7017,0.001051,172.31.46.0-255,66,50415,41,92881
7018,0.001076,74.125.200.0-255,2543,52958,41,92881
7019,0.00108,172.31.46.0-255,66,53024,41,92881
7020,0.001083,74.125.200.0-255,411,53435,41,92881
7021,0.001313,74.125.200.0-255,331,53766,41,92881
7022,0.001597,74.125.200.0-255,1484,55250,41,92881
7023,0.001605,172.31.46.0-255,66,55316,41,92881
7024,0.001611,74.125.200.0-255,2902,58218,41,92881
7025,0.001613,172.31.46.0-255,66,58284,41,92881
7026,0.001639,172.31.46.0-255,66,58350,41,92881
7027,0.001679,172.31.46.0-255,66,58416,41,92881
7028,0.00169,172.31.46.0-255,66,58482,41,92881
7029,0.00172,74.125.200.0-255,2902,61384,41,92881
7030,0.001722,172.31.46.0-255,66,61450,41,92881
7031,0.001727,74.125.200.0-255,2184,63634,41,92881
7032,0.001729,172.31.46.0-255,66,63700,41,92881
7033,0.004134,172.31.46.0-255,66,63766,41,92881
7034,0.006558,172.31.46.0-255,66,63832,41,92881
7035,0.008994,74.125.200.0-255,4320,68152,41,92881
7036,0.008999,172.31.46.0-255,66,68218,41,92881
7037,0.009022,74.125.200.0-255,1484,69702,41,92881
7038,0.011421,74.125.200.0-255,4320,74022,41,92881
7039,0.011428,172.31.46.0-255,66,74088,41,92881
7040,0.013864,172.31.46.0-255,66,74154,41,92881
7041,0.016354,172.31.46.0-255,66,74220,41,92881
7042,0.018824,172.31.46.0-255,66,74286,41,92881
7043,0.021256,172.31.46.0-255,66,74352,41,92881
7044,0.023693,172.31.46.0-255,66,74418,41,92881
7045,0.026122,172.31.46.0-255,66,74484,41,92881
7046,0.028554,172.31.46.0-255,66,74550,41,92881
7047,0.031003,172.31.46.0-255,66,74616,41,92881
7048,0.033453,74.125.200.0-255,4320,78936,41,92881
7049,0.033461,172.31.46.0-255,66,79002,41,92881
7050,0.033487,74.125.200.0-255,1484,80486,41,92881
7051,0.033532,172.31.46.0-255,171,80657,41,92881
7052,0.033559,172.31.46.0-255,1142,81799,41,92881
7053,0.033627,172.31.46.0-255,1514,83313,41,92881
7054,0.033629,172.31.46.0-255,1514,84827,41,92881
7055,0.033635,172.31.46.0-255,1514,86341,41,92881
7056,0.033636,172.31.46.0-255,1514,87855,41,92881
7057,0.033653,172.31.46.0-255,310,88165,41,92881
7058,0.035248,104.244.42.0-255,66,88231,41,92881
7059,0.035279,104.244.42.0-255,66,88297,41,92881
7060,0.035339,104.244.42.0-255,66,88363,41,92881
7061,0.035353,104.244.42.0-255,66,88429,41,92881
7062,0.035891,74.125.200.0-255,4320,92749,41,92881
7063,0.035896,172.31.46.0-255,66,92815,41,92881
7064,0.038354,172.31.46.0-255,66,92881,41,92881
7065,0.0,172.217.194.0-255,66,66,41,66
7066,0.0,74.125.68.0-255,146,146,41,174685
7067,1.7e-05,172.31.46.0-255,66,212,41,174685
7068,0.0001,74.125.68.0-255,1484,1696,41,174685
7069,0.000105,172.31.46.0-255,66,1762,41,174685
7070,0.000112,74.125.68.0-255,2902,4664,41,174685
7071,0.000116,172.31.46.0-255,66,4730,41,174685
7072,0.000127,172.31.46.0-255,66,4796,41,174685
7073,0.000132,74.125.68.0-255,3483,8279,41,174685
7074,0.000135,172.31.46.0-255,66,8345,41,174685
7075,0.00014,74.125.68.0-255,4320,12665,41,174685
7076,0.000143,172.31.46.0-255,66,12731,41,174685
7077,0.000166,74.125.68.0-255,1484,14215,41,174685
7078,0.000168,172.31.46.0-255,66,14281,41,174685
7079,0.000196,172.31.46.0-255,66,14347,41,174685
7080,0.00024,74.125.68.0-255,2543,16890,41,174685
7081,0.000243,172.31.46.0-255,66,16956,41,174685
7082,0.000319,74.125.68.0-255,1484,18440,41,174685
7083,0.000322,172.31.46.0-255,66,18506,41,174685
7084,0.000327,74.125.68.0-255,2902,21408,41,174685
7085,0.000329,172.31.46.0-255,66,21474,41,174685
7086,0.000334,74.125.68.0-255,2902,24376,41,174685
7087,0.000336,172.31.46.0-255,66,24442,41,174685
7088,0.000341,74.125.68.0-255,4320,28762,41,174685
7089,0.000343,172.31.46.0-255,66,28828,41,174685
7090,0.000386,74.125.68.0-255,2902,31730,41,174685
7091,0.00039,172.31.46.0-255,66,31796,41,174685
7092,0.000409,74.125.68.0-255,3961,35757,41,174685
7093,0.000411,172.31.46.0-255,66,35823,41,174685
7094,0.000425,74.125.68.0-255,1484,37307,41,174685
7095,0.000427,172.31.46.0-255,66,37373,41,174685
7096,0.000473,172.31.46.0-255,66,37439,41,174685
7097,0.000492,74.125.68.0-255,1484,38923,41,174685
7098,0.000528,172.31.46.0-255,66,38989,41,174685
7099,0.000558,74.125.68.0-255,1478,40467,41,174685
7100,0.000574,74.125.68.0-255,1484,41951,41,174685
7101,0.000578,74.125.68.0-255,1484,43435,41,174685
7102,0.000594,74.125.68.0-255,1484,44919,41,174685
7103,0.000598,74.125.68.0-255,1484,46403,41,174685
7104,0.000606,172.31.46.0-255,66,46469,41,174685
7105,0.000617,74.125.68.0-255,4320,50789,41,174685
7106,0.000621,172.31.46.0-255,66,50855,41,174685
7107,0.00067,172.31.46.0-255,66,50921,41,174685
7108,0.000719,74.125.68.0-255,1484,52405,41,174685
7109,0.000726,172.31.46.0-255,66,52471,41,174685
7110,0.000791,74.125.68.0-255,3961,56432,41,174685
7111,0.000797,172.31.46.0-255,66,56498,41,174685
7112,0.001444,74.125.68.0-255,1484,57982,41,174685
7113,0.001453,74.125.68.0-255,2902,60884,41,174685
7114,0.001456,172.31.46.0-255,66,60950,41,174685
7115,0.001513,74.125.68.0-255,2902,63852,41,174685
7116,0.001572,74.125.68.0-255,4320,68172,41,174685
7117,0.001663,74.125.68.0-255,4320,72492,41,174685
7118,0.00181,74.125.68.0-255,4320,76812,41,174685
7119,0.00199,74.125.68.0-255,1484,78296,41,174685
7120,0.002042,74.125.68.0-255,1484,79780,41,174685
7121,0.002069,74.125.68.0-255,2902,82682,41,174685
7122,0.002093,74.125.68.0-255,4320,87002,41,174685
7123,0.00216,74.125.68.0-255,2902,89904,41,174685
7124,0.002259,74.125.68.0-255,2902,92806,41,174685
7125,0.002287,74.125.68.0-255,3602,96408,41,174685
7126,0.002352,74.125.68.0-255,1484,97892,41,174685
7127,0.002358,74.125.68.0-255,2902,100794,41,174685
7128,0.002419,74.125.68.0-255,1484,102278,41,174685
7129,0.002438,74.125.68.0-255,4320,106598,41,174685
7130,0.007362,172.31.46.0-255,66,106664,41,174685
7131,0.009691,74.125.68.0-255,4320,110984,41,174685
7132,0.009698,172.31.46.0-255,66,111050,41,174685
7133,0.009731,74.125.68.0-255,1484,112534,41,174685
7134,0.012005,74.125.68.0-255,4320,116854,41,174685
7135,0.012569,172.31.46.0-255,66,116920,41,174685
7136,0.014896,172.31.46.0-255,66,116986,41,174685
7137,0.017211,74.125.68.0-255,2902,119888,41,174685
7138,0.017219,172.31.46.0-255,66,119954,41,174685
7139,0.017239,74.125.68.0-255,2902,122856,41,174685
7140,0.017493,172.31.46.0-255,66,122922,41,174685
7141,0.019537,74.125.68.0-255,2902,125824,41,174685
7142,0.019547,172.31.46.0-255,66,125890,41,174685
7143,0.019809,74.125.68.0-255,2902,128792,41,174685
7144,0.019815,172.31.46.0-255,66,128858,41,174685
7145,0.021854,74.125.68.0-255,2902,131760,41,174685
7146,0.021861,172.31.46.0-255,66,131826,41,174685
7147,0.022111,74.125.68.0-255,2902,134728,41,174685
7148,0.022116,172.31.46.0-255,66,134794,41,174685
7149,0.024181,74.125.68.0-255,2902,137696,41,174685
7150,0.024191,172.31.46.0-255,66,137762,41,174685
7151,0.024428,74.125.68.0-255,2902,140664,41,174685
7152,0.024569,172.31.46.0-255,66,140730,41,174685
7153,0.025813,172.31.46.0-255,172,140902,41,174685
7154,0.02584,172.31.46.0-255,1114,142016,41,174685
7155,0.025892,172.31.46.0-255,1514,143530,41,174685
7156,0.025894,172.31.46.0-255,1277,144807,41,174685
7157,0.026484,74.125.68.0-255,2902,147709,41,174685
7158,0.026491,172.31.46.0-255,66,147775,41,174685
7159,0.026873,74.125.68.0-255,2902,150677,41,174685
7160,0.026879,172.31.46.0-255,66,150743,41,174685
7161,0.027372,104.244.42.0-255,66,150809,41,174685
7162,0.027401,104.244.42.0-255,66,150875,41,174685
7163,0.027459,104.244.42.0-255,66,150941,41,174685
7164,0.028793,74.125.68.0-255,2902,153843,41,174685
7165,0.028798,172.31.46.0-255,66,153909,41,174685
7166,0.029178,74.125.68.0-255,2902,156811,41,174685
7167,0.029184,172.31.46.0-255,66,156877,41,174685
7168,0.03112,74.125.68.0-255,2902,159779,41,174685
7169,0.031128,172.31.46.0-255,66,159845,41,174685
7170,0.031508,74.125.68.0-255,2902,162747,41,174685
7171,0.031514,172.31.46.0-255,66,162813,41,174685
7172,0.033447,74.125.68.0-255,2902,165715,41,174685
7173,0.033454,172.31.46.0-255,66,165781,41,174685
7174,0.033829,74.125.68.0-255,2902,168683,41,174685
7175,0.033835,172.31.46.0-255,66,168749,41,174685
7176,0.035836,74.125.68.0-255,1484,170233,41,174685
7177,0.036149,74.125.68.0-255,4320,174553,41,174685
7178,0.03618,172.31.46.0-255,66,174619,41,174685
7179,0.038564,172.31.46.0-255,66,174685,41,174685
7180,0.0,172.217.194.0-255,152,152,41,77352
7181,2.8e-05,172.31.46.0-255,66,218,41,77352
7182,3.6e-05,172.217.194.0-255,1484,1702,41,77352
7183,4.1e-05,172.31.46.0-255,66,1768,41,77352
7184,5.6e-05,172.217.194.0-255,2902,4670,41,77352
7185,6.1e-05,172.31.46.0-255,66,4736,41,77352
7186,7.3e-05,172.31.46.0-255,66,4802,41,77352
7187,7.7e-05,172.217.194.0-255,2032,6834,41,77352
7188,8e-05,172.31.46.0-255,66,6900,41,77352
7189,0.000124,172.217.194.0-255,1484,8384,41,77352
7190,0.000128,172.31.46.0-255,66,8450,41,77352
7191,0.000146,172.217.194.0-255,2902,11352,41,77352
7192,0.00015,172.31.46.0-255,66,11418,41,77352
7193,0.000159,172.31.46.0-255,66,11484,41,77352
7194,0.000219,172.31.46.0-255,66,11550,41,77352
7195,0.000236,172.31.46.0-255,66,11616,41,77352
7196,0.000265,172.31.46.0-255,66,11682,41,77352
7197,0.000562,172.217.194.0-255,1484,13166,41,77352
7198,0.000569,172.31.46.0-255,66,13232,41,77352
7199,0.000575,172.217.194.0-255,2902,16134,41,77352
7200,0.000577,172.31.46.0-255,66,16200,41,77352
7201,0.000593,172.31.46.0-255,66,16266,41,77352
7202,0.000631,172.31.46.0-255,66,16332,41,77352
7203,0.000656,172.217.194.0-255,646,16978,41,77352
7204,0.000658,172.31.46.0-255,66,17044,41,77352
7205,0.000762,172.217.194.0-255,1484,18528,41,77352
7206,0.000767,172.217.194.0-255,1484,20012,41,77352
7207,0.00077,172.31.46.0-255,66,20078,41,77352
7208,0.000802,172.217.194.0-255,1484,21562,41,77352
7209,0.000812,172.31.46.0-255,66,21628,41,77352
7210,0.000827,172.31.46.0-255,66,21694,41,77352
7211,0.000837,172.217.194.0-255,4320,26014,41,77352
7212,0.00084,172.31.46.0-255,66,26080,41,77352
7213,0.000876,172.31.46.0-255,66,26146,41,77352
7214,0.000879,172.217.194.0-255,766,26912,41,77352
7215,0.001135,172.217.194.0-255,1484,28396,41,77352
7216,0.00114,172.31.46.0-255,66,28462,41,77352
7217,0.001146,172.217.194.0-255,2902,31364,41,77352
7218,0.001148,172.31.46.0-255,66,31430,41,77352
7219,0.001176,172.31.46.0-255,66,31496,41,77352
7220,0.001187,172.31.46.0-255,66,31562,41,77352
7221,0.001199,172.31.46.0-255,66,31628,41,77352
7222,0.001231,172.31.46.0-255,66,31694,41,77352
7223,0.001255,172.217.194.0-255,2184,33878,41,77352
7224,0.001257,172.31.46.0-255,66,33944,41,77352
7225,0.001651,172.217.194.0-255,1484,35428,41,77352
7226,0.001657,172.217.194.0-255,2902,38330,41,77352
7227,0.001661,172.31.46.0-255,66,38396,41,77352
7228,0.001671,172.31.46.0-255,66,38462,41,77352
7229,0.001716,172.31.46.0-255,66,38528,41,77352
7230,0.001781,172.217.194.0-255,4320,42848,41,77352
7231,0.001784,172.31.46.0-255,66,42914,41,77352
7232,0.001818,172.31.46.0-255,66,42980,41,77352
7233,0.001963,172.217.194.0-255,1484,44464,41,77352
7234,0.001969,172.217.194.0-255,2902,47366,41,77352
7235,0.001975,172.31.46.0-255,66,47432,41,77352
7236,0.001987,172.217.194.0-255,1484,48916,41,77352
7237,0.002014,172.217.194.0-255,4320,53236,41,77352
7238,0.002017,172.31.46.0-255,66,53302,41,77352
7239,0.00202,172.217.194.0-255,1484,54786,41,77352
7240,0.002024,172.217.194.0-255,1484,56270,41,77352
7241,0.002026,172.31.46.0-255,66,56336,41,77352
7242,0.002059,172.31.46.0-255,66,56402,41,77352
7243,0.002065,172.217.194.0-255,4320,60722,41,77352
7244,0.002067,172.31.46.0-255,66,60788,41,77352
7245,0.002098,172.217.194.0-255,5020,65808,41,77352
7246,0.002101,172.31.46.0-255,66,65874,41,77352
7247,0.004211,172.31.46.0-255,66,65940,41,77352
7248,0.006289,172.31.46.0-255,66,66006,41,77352
7249,0.008383,172.31.46.0-255,66,66072,41,77352
7250,0.010485,172.31.46.0-255,66,66138,41,77352
7251,0.01263,172.31.46.0-255,66,66204,41,77352
7252,0.014739,172.31.46.0-255,66,66270,41,77352
7253,0.016857,172.31.46.0-255,66,66336,41,77352
7254,0.018949,172.31.46.0-255,66,66402,41,77352
7255,0.021043,172.31.46.0-255,66,66468,41,77352
7256,0.023137,172.31.46.0-255,66,66534,41,77352
7257,0.025227,172.31.46.0-255,66,66600,41,77352
7258,0.027313,172.31.46.0-255,66,66666,41,77352
7259,0.029406,172.31.46.0-255,66,66732,41,77352
7260,0.031519,172.31.46.0-255,66,66798,41,77352
7261,0.033623,172.31.46.0-255,66,66864,41,77352
7262,0.034912,172.31.46.0-255,172,67036,41,77352
7263,0.034945,172.31.46.0-255,1120,68156,41,77352
7264,0.035013,172.31.46.0-255,1514,69670,41,77352
7265,0.035015,172.31.46.0-255,1514,71184,41,77352
7266,0.035021,172.31.46.0-255,1514,72698,41,77352
7267,0.035022,172.31.46.0-255,1514,74212,41,77352
7268,0.035041,172.31.46.0-255,1514,75726,41,77352
7269,0.035042,172.31.46.0-255,1164,76890,41,77352
7270,0.035712,172.31.46.0-255,66,76956,41,77352
7271,0.036441,104.244.42.0-255,66,77022,41,77352
7272,0.036496,104.244.42.0-255,66,77088,41,77352
7273,0.036601,104.244.42.0-255,66,77154,41,77352
7274,0.036608,104.244.42.0-255,66,77220,41,77352
7275,0.037807,172.31.46.0-255,66,77286,41,77352
7276,0.03994,172.31.46.0-255,66,77352,41,77352
7277,0.0,74.125.200.0-255,150,150,41,88278
7278,1.4e-05,172.31.46.0-255,66,216,41,88278
7279,3.9e-05,74.125.200.0-255,1484,1700,41,88278
7280,4.3e-05,172.31.46.0-255,66,1766,41,88278
7281,6.8e-05,74.125.200.0-255,1484,3250,41,88278
7282,7.1e-05,172.31.46.0-255,66,3316,41,88278
7283,7.7e-05,74.125.200.0-255,2902,6218,41,88278
7284,8e-05,172.31.46.0-255,66,6284,41,88278
7285,0.000106,74.125.200.0-255,4320,10604,41,88278
7286,0.000109,172.31.46.0-255,66,10670,41,88278
7287,0.000137,74.125.200.0-255,4939,15609,41,88278
7288,0.000139,172.31.46.0-255,66,15675,41,88278
7289,0.000171,172.31.46.0-255,66,15741,41,88278
7290,0.000177,74.125.200.0-255,4320,20061,41,88278
7291,0.000179,172.31.46.0-255,66,20127,41,88278
7292,0.000198,74.125.200.0-255,3961,24088,41,88278
7293,0.000205,172.31.46.0-255,66,24154,41,88278
7294,0.000266,74.125.200.0-255,1484,25638,41,88278
7295,0.000269,172.31.46.0-255,66,25704,41,88278
7296,0.000274,74.125.200.0-255,2902,28606,41,88278
7297,0.000276,172.31.46.0-255,66,28672,41,88278
7298,0.000313,172.31.46.0-255,66,28738,41,88278
7299,0.000319,74.125.200.0-255,4320,33058,41,88278
7300,0.000321,172.31.46.0-255,66,33124,41,88278
7301,0.000357,172.31.46.0-255,66,33190,41,88278
7302,0.00037,172.31.46.0-255,66,33256,41,88278
7303,0.000395,74.125.200.0-255,1484,34740,41,88278
7304,0.000398,172.31.46.0-255,66,34806,41,88278
7305,0.000401,74.125.200.0-255,1484,36290,41,88278
7306,0.000422,74.125.200.0-255,1398,37688,41,88278
7307,0.000426,172.31.46.0-255,66,37754,41,88278
7308,0.000736,74.125.200.0-255,382,38136,41,88278
7309,0.000883,74.125.200.0-255,1484,39620,41,88278
7310,0.00089,172.31.46.0-255,66,39686,41,88278
7311,0.000897,74.125.200.0-255,2902,42588,41,88278
7312,0.000901,172.31.46.0-255,66,42654,41,88278
7313,0.000919,172.31.46.0-255,66,42720,41,88278
7314,0.000922,74.125.200.0-255,1484,44204,41,88278
7315,0.000953,172.31.46.0-255,66,44270,41,88278
7316,0.000993,74.125.200.0-255,3961,48231,41,88278
7317,0.000997,172.31.46.0-255,66,48297,41,88278
7318,0.001007,172.31.46.0-255,66,48363,41,88278
7319,0.001019,74.125.200.0-255,3961,52324,41,88278
7320,0.001022,172.31.46.0-255,66,52390,41,88278
7321,0.001544,74.125.200.0-255,1484,53874,41,88278
7322,0.001551,74.125.200.0-255,2902,56776,41,88278
7323,0.001555,172.31.46.0-255,66,56842,41,88278
7324,0.001586,172.31.46.0-255,66,56908,41,88278
7325,0.00163,172.31.46.0-255,66,56974,41,88278
7326,0.001695,172.31.46.0-255,66,57040,41,88278
7327,0.001742,172.31.46.0-255,66,57106,41,88278
7328,0.001912,74.125.200.0-255,1484,58590,41,88278
7329,0.001926,74.125.200.0-255,1484,60074,41,88278
7330,0.001929,172.31.46.0-255,66,60140,41,88278
7331,0.001958,74.125.200.0-255,1484,61624,41,88278
7332,0.001971,74.125.200.0-255,1484,63108,41,88278
7333,0.001973,172.31.46.0-255,66,63174,41,88278
7334,0.001978,74.125.200.0-255,2902,66076,41,88278
7335,0.00198,172.31.46.0-255,66,66142,41,88278
7336,0.002013,74.125.200.0-255,4320,70462,41,88278
7337,0.002021,172.31.46.0-255,66,70528,41,88278
7338,0.002056,172.31.46.0-255,66,70594,41,88278
7339,0.002111,172.31.46.0-255,66,70660,41,88278
7340,0.002142,74.125.200.0-255,4320,74980,41,88278
7341,0.002145,172.31.46.0-255,66,75046,41,88278
7342,0.00215,74.125.200.0-255,5020,80066,41,88278
7343,0.002152,172.31.46.0-255,66,80132,41,88278
7344,0.002291,74.125.200.0-255,1484,81616,41,88278
7345,0.004421,74.125.200.0-255,4320,85936,41,88278
7346,0.004427,172.31.46.0-255,66,86002,41,88278
7347,0.006744,172.31.46.0-255,66,86068,41,88278
7348,0.009051,172.31.46.0-255,66,86134,41,88278
7349,0.01133,172.31.46.0-255,66,86200,41,88278
7350,0.013614,172.31.46.0-255,66,86266,41,88278
7351,0.015912,172.31.46.0-255,66,86332,41,88278
7352,0.018196,172.31.46.0-255,66,86398,41,88278
7353,0.02048,172.31.46.0-255,66,86464,41,88278
7354,0.022795,172.31.46.0-255,66,86530,41,88278
7355,0.025092,172.31.46.0-255,66,86596,41,88278
7356,0.02738,172.31.46.0-255,66,86662,41,88278
7357,0.029653,172.31.46.0-255,66,86728,41,88278
7358,0.031939,172.31.46.0-255,66,86794,41,88278
7359,0.034229,172.31.46.0-255,66,86860,41,88278
7360,0.03654,172.31.46.0-255,66,86926,41,88278
7361,0.038828,172.31.46.0-255,66,86992,41,88278
7362,0.039916,172.31.46.0-255,172,87164,41,88278
7363,0.039947,172.31.46.0-255,1114,88278,41,88278
7364,0.0,172.217.194.0-255,153,153,41,97731
7365,2.2e-05,172.31.46.0-255,66,219,41,97731
7366,2.9e-05,172.217.194.0-255,1484,1703,41,97731
7367,3.3e-05,172.31.46.0-255,66,1769,41,97731
7368,3.8e-05,172.217.194.0-255,2902,4671,41,97731
7369,4.8e-05,172.31.46.0-255,66,4737,41,97731
7370,7.6e-05,172.217.194.0-255,1484,6221,41,97731
7371,7.8e-05,172.31.46.0-255,66,6287,41,97731
7372,0.000105,172.217.194.0-255,2902,9189,41,97731
7373,0.000108,172.31.46.0-255,66,9255,41,97731
7374,0.000123,172.31.46.0-255,66,9321,41,97731
7375,0.000128,172.217.194.0-255,4320,13641,41,97731
7376,0.00013,172.31.46.0-255,66,13707,41,97731
7377,0.000174,172.31.46.0-255,66,13773,41,97731
7378,0.000234,172.217.194.0-255,1484,15257,41,97731
7379,0.000236,172.31.46.0-255,66,15323,41,97731
7380,0.00026,172.217.194.0-255,2902,18225,41,97731
7381,0.000262,172.31.46.0-255,66,18291,41,97731
7382,0.000292,172.31.46.0-255,66,18357,41,97731
7383,0.000323,172.31.46.0-255,66,18423,41,97731
7384,0.000346,172.31.46.0-255,66,18489,41,97731
7385,0.000362,172.217.194.0-255,2902,21391,41,97731
7386,0.000364,172.31.46.0-255,66,21457,41,97731
7387,0.000395,172.31.46.0-255,66,21523,41,97731
7388,0.00088,172.217.194.0-255,647,22170,41,97731
7389,0.000886,172.31.46.0-255,66,22236,41,97731
7390,0.000914,172.217.194.0-255,1484,23720,41,97731
7391,0.000934,172.217.194.0-255,4320,28040,41,97731
7392,0.000937,172.31.46.0-255,66,28106,41,97731
7393,0.000971,172.31.46.0-255,66,28172,41,97731
7394,0.000994,172.217.194.0-255,1484,29656,41,97731
7395,0.000999,172.217.194.0-255,2902,32558,41,97731
7396,0.001001,172.31.46.0-255,66,32624,41,97731
7397,0.001038,172.31.46.0-255,66,32690,41,97731
7398,0.001048,172.31.46.0-255,66,32756,41,97731
7399,0.001176,172.217.194.0-255,1484,34240,41,97731
7400,0.001182,172.217.194.0-255,2902,37142,41,97731
7401,0.001185,172.31.46.0-255,66,37208,41,97731
7402,0.001219,172.31.46.0-255,66,37274,41,97731
7403,0.001226,172.217.194.0-255,4320,41594,41,97731
7404,0.001228,172.31.46.0-255,66,41660,41,97731
7405,0.001268,172.31.46.0-255,66,41726,41,97731
7406,0.001282,172.31.46.0-255,66,41792,41,97731
7407,0.001297,172.31.46.0-255,66,41858,41,97731
7408,0.001392,172.217.194.0-255,2184,44042,41,97731
7409,0.001408,172.31.46.0-255,66,44108,41,97731
7410,0.001414,172.31.46.0-255,66,44174,41,97731
7411,0.001481,172.31.46.0-255,66,44240,41,97731
7412,0.001749,172.217.194.0-255,1484,45724,41,97731
7413,0.001756,172.217.194.0-255,2902,48626,41,97731
7414,0.001759,172.31.46.0-255,66,48692,41,97731
7415,0.001796,172.217.194.0-255,2902,51594,41,97731
7416,0.001828,172.217.194.0-255,1484,53078,41,97731
7417,0.001841,172.217.194.0-255,2902,55980,41,97731
7418,0.001859,172.31.46.0-255,66,56046,41,97731
7419,0.001895,172.31.46.0-255,66,56112,41,97731
7420,0.001952,172.31.46.0-255,66,56178,41,97731
7421,0.001956,172.217.194.0-255,2184,58362,41,97731
7422,0.001961,172.31.46.0-255,66,58428,41,97731
7423,0.002008,172.217.194.0-255,1484,59912,41,97731
7424,0.002012,172.217.194.0-255,1484,61396,41,97731
7425,0.002022,172.217.194.0-255,1484,62880,41,97731
7426,0.002029,172.31.46.0-255,66,62946,41,97731
7427,0.002072,172.31.46.0-255,66,63012,41,97731
7428,0.002079,172.217.194.0-255,1484,64496,41,97731
7429,0.002085,172.217.194.0-255,4320,68816,41,97731
7430,0.002095,172.31.46.0-255,66,68882,41,97731
7431,0.00214,172.31.46.0-255,66,68948,41,97731
7432,0.002144,172.217.194.0-255,1484,70432,41,97731
7433,0.002146,172.217.194.0-255,1484,71916,41,97731
7434,0.002151,172.31.46.0-255,66,71982,41,97731
7435,0.002179,172.217.194.0-255,1484,73466,41,97731
7436,0.002216,172.31.46.0-255,66,73532,41,97731
7437,0.00225,172.31.46.0-255,66,73598,41,97731
7438,0.002337,172.217.194.0-255,4320,77918,41,97731
7439,0.002342,172.217.194.0-255,4320,82238,41,97731
7440,0.002356,172.217.194.0-255,766,83004,41,97731
7441,0.00236,172.31.46.0-255,66,83070,41,97731
7442,0.002371,172.217.194.0-255,1484,84554,41,97731
7443,0.002383,172.31.46.0-255,66,84620,41,97731
7444,0.002395,172.217.194.0-255,2902,87522,41,97731
7445,0.002426,172.217.194.0-255,2902,90424,41,97731
7446,0.002434,172.31.46.0-255,66,90490,41,97731
7447,0.002482,172.217.194.0-255,1484,91974,41,97731
7448,0.002499,172.217.194.0-255,3311,95285,41,97731
7449,0.002527,172.31.46.0-255,66,95351,41,97731
7450,0.002543,172.217.194.0-255,105,95456,41,97731
7451,0.011015,172.31.46.0-255,66,95522,41,97731
7452,0.011055,172.31.46.0-255,105,95627,41,97731
7453,0.013106,172.217.194.0-255,66,95693,41,97731
7454,0.03568,172.31.46.0-255,167,95860,41,97731
7455,0.035716,172.31.46.0-255,1120,96980,41,97731
7456,0.03579,172.31.46.0-255,553,97533,41,97731
7457,0.037232,104.244.42.0-255,66,97599,41,97731
7458,0.037394,104.244.42.0-255,66,97665,41,97731
7459,0.0374,104.244.42.0-255,66,97731,41,97731
7460,0.0,172.217.194.0-255,302,302,41,98466
7461,2.2e-05,172.31.46.0-255,66,368,41,98466
7462,2.8e-05,172.217.194.0-255,1484,1852,41,98466
7463,3.3e-05,172.31.46.0-255,66,1918,41,98466
7464,3.9e-05,172.217.194.0-255,2902,4820,41,98466
7465,4.2e-05,172.31.46.0-255,66,4886,41,98466
7466,5.2e-05,172.31.46.0-255,66,4952,41,98466
7467,8.1e-05,172.217.194.0-255,3262,8214,41,98466
7468,8.3e-05,172.31.46.0-255,66,8280,41,98466
7469,0.000102,172.217.194.0-255,4320,12600,41,98466
7470,0.000105,172.31.46.0-255,66,12666,41,98466
7471,0.000125,172.217.194.0-255,4320,16986,41,98466
7472,0.000127,172.31.46.0-255,66,17052,41,98466
7473,0.000149,172.217.194.0-255,1484,18536,41,98466
7474,0.000152,172.31.46.0-255,66,18602,41,98466
7475,0.000163,172.31.46.0-255,66,18668,41,98466
7476,0.000216,172.31.46.0-255,66,18734,41,98466
7477,0.000224,172.31.46.0-255,66,18800,41,98466
7478,0.00023,172.217.194.0-255,3961,22761,41,98466
7479,0.000232,172.31.46.0-255,66,22827,41,98466
7480,0.000238,172.217.194.0-255,4320,27147,41,98466
7481,0.00024,172.31.46.0-255,66,27213,41,98466
7482,0.000245,172.217.194.0-255,4320,31533,41,98466
7483,0.000248,172.31.46.0-255,66,31599,41,98466
7484,0.000279,172.31.46.0-255,66,31665,41,98466
7485,0.000281,172.217.194.0-255,356,32021,41,98466
7486,0.000283,172.31.46.0-255,66,32087,41,98466
7487,0.000286,172.217.194.0-255,386,32473,41,98466
7488,0.000484,172.217.194.0-255,1484,33957,41,98466
7489,0.000489,172.31.46.0-255,66,34023,41,98466
7490,0.000495,172.217.194.0-255,2902,36925,41,98466
7491,0.000497,172.31.46.0-255,66,36991,41,98466
7492,0.000516,172.31.46.0-255,66,37057,41,98466
7493,0.000548,172.31.46.0-255,66,37123,41,98466
7494,0.000578,172.217.194.0-255,1484,38607,41,98466
7495,0.000594,172.217.194.0-255,4320,42927,41,98466
7496,0.000597,172.31.46.0-255,66,42993,41,98466
7497,0.000606,172.31.46.0-255,66,43059,41,98466
7498,0.000617,172.217.194.0-255,1484,44543,41,98466
7499,0.000623,172.217.194.0-255,3961,48504,41,98466
7500,0.000625,172.31.46.0-255,66,48570,41,98466
7501,0.001113,172.217.194.0-255,1484,50054,41,98466
7502,0.00112,172.217.194.0-255,2902,52956,41,98466
7503,0.001124,172.31.46.0-255,66,53022,41,98466
7504,0.001146,172.217.194.0-255,4320,57342,41,98466
7505,0.001149,172.31.46.0-255,66,57408,41,98466
7506,0.001157,172.31.46.0-255,66,57474,41,98466
7507,0.001183,172.31.46.0-255,66,57540,41,98466
7508,0.001195,172.217.194.0-255,1484,59024,41,98466
7509,0.001199,172.217.194.0-255,1484,60508,41,98466
7510,0.001201,172.31.46.0-255,66,60574,41,98466
7511,0.001231,172.31.46.0-255,66,60640,41,98466
7512,0.002497,172.217.194.0-255,1484,62124,41,98466
7513,0.002508,172.217.194.0-255,2902,65026,41,98466
7514,0.002513,172.31.46.0-255,66,65092,41,98466
7515,0.002523,172.31.46.0-255,66,65158,41,98466
7516,0.002557,172.31.46.0-255,66,65224,41,98466
7517,0.002579,172.217.194.0-255,2902,68126,41,98466
7518,0.002581,172.31.46.0-255,66,68192,41,98466
7519,0.002593,172.31.46.0-255,66,68258,41,98466
7520,0.002616,172.217.194.0-255,2902,71160,41,98466
7521,0.002618,172.31.46.0-255,66,71226,41,98466
7522,0.00264,172.217.194.0-255,1484,72710,41,98466
7523,0.00265,172.31.46.0-255,66,72776,41,98466
7524,0.002655,172.217.194.0-255,4320,77096,41,98466
7525,0.002657,172.31.46.0-255,66,77162,41,98466
7526,0.002682,172.31.46.0-255,66,77228,41,98466
7527,0.00269,172.31.46.0-255,66,77294,41,98466
7528,0.002742,172.31.46.0-255,66,77360,41,98466
7529,0.0054,172.217.194.0-255,4320,81680,41,98466
7530,0.005405,172.31.46.0-255,66,81746,41,98466
7531,0.005419,172.217.194.0-255,1484,83230,41,98466
7532,0.008103,172.217.194.0-255,4320,87550,41,98466
7533,0.008111,172.31.46.0-255,66,87616,41,98466
7534,0.010792,172.217.194.0-255,4320,91936,41,98466
7535,0.0108,172.31.46.0-255,66,92002,41,98466
7536,0.010817,172.217.194.0-255,1484,93486,41,98466
7537,0.013505,172.217.194.0-255,4320,97806,41,98466
7538,0.013513,172.31.46.0-255,66,97872,41,98466
7539,0.016242,172.31.46.0-255,66,97938,41,98466
7540,0.018975,172.31.46.0-255,66,98004,41,98466
7541,0.021714,172.31.46.0-255,66,98070,41,98466
7542,0.024425,172.31.46.0-255,66,98136,41,98466
7543,0.027126,172.31.46.0-255,66,98202,41,98466
7544,0.029879,172.31.46.0-255,66,98268,41,98466
7545,0.032589,172.31.46.0-255,66,98334,41,98466
7546,0.035265,172.31.46.0-255,66,98400,41,98466
7547,0.03798,172.31.46.0-255,66,98466,41,98466
7548,0.0,172.217.194.0-255,295,295,41,54190
7549,2.6e-05,172.31.46.0-255,66,361,41,54190
7550,3.2e-05,172.217.194.0-255,1484,1845,41,54190
7551,3.7e-05,172.31.46.0-255,66,1911,41,54190
7552,5.2e-05,172.217.194.0-255,4320,6231,41,54190
7553,5.6e-05,172.31.46.0-255,66,6297,41,54190
7554,6.2e-05,172.217.194.0-255,4320,10617,41,54190
7555,6.5e-05,172.31.46.0-255,66,10683,41,54190
7556,7e-05,172.217.194.0-255,3259,13942,41,54190
7557,7.3e-05,172.31.46.0-255,66,14008,41,54190
7558,0.000475,172.217.194.0-255,1484,15492,41,54190
7559,0.000483,172.31.46.0-255,66,15558,41,54190
7560,0.00049,172.217.194.0-255,2902,18460,41,54190
7561,0.000493,172.31.46.0-255,66,18526,41,54190
7562,0.000506,172.31.46.0-255,66,18592,41,54190
7563,0.000546,172.31.46.0-255,66,18658,41,54190
7564,0.000936,172.217.194.0-255,1484,20142,41,54190
7565,0.000943,172.31.46.0-255,66,20208,41,54190
7566,0.000952,172.217.194.0-255,2902,23110,41,54190
7567,0.000955,172.31.46.0-255,66,23176,41,54190
7568,0.000969,172.31.46.0-255,66,23242,41,54190
7569,0.000974,172.217.194.0-255,2902,26144,41,54190
7570,0.000976,172.31.46.0-255,66,26210,41,54190
7571,0.001015,172.31.46.0-255,66,26276,41,54190
7572,0.001027,172.31.46.0-255,66,26342,41,54190
7573,0.002192,172.217.194.0-255,645,26987,41,54190
7574,0.002199,172.31.46.0-255,66,27053,41,54190
7575,0.002243,172.217.194.0-255,1484,28537,41,54190
7576,0.002249,172.217.194.0-255,2902,31439,41,54190
7577,0.002252,172.31.46.0-255,66,31505,41,54190
7578,0.002283,172.31.46.0-255,66,31571,41,54190
7579,0.002293,172.31.46.0-255,66,31637,41,54190
7580,0.002305,172.31.46.0-255,66,31703,41,54190
7581,0.002355,172.31.46.0-255,66,31769,41,54190
7582,0.002359,172.217.194.0-255,2184,33953,41,54190
7583,0.002362,172.31.46.0-255,66,34019,41,54190
7584,0.002377,172.217.194.0-255,1484,35503,41,54190
7585,0.002386,172.217.194.0-255,2902,38405,41,54190
7586,0.002389,172.31.46.0-255,66,38471,41,54190
7587,0.002393,172.217.194.0-255,2902,41373,41,54190
7588,0.002396,172.31.46.0-255,66,41439,41,54190
7589,0.002413,172.217.194.0-255,2902,44341,41,54190
7590,0.00242,172.31.46.0-255,66,44407,41,54190
7591,0.002426,172.217.194.0-255,4320,48727,41,54190
7592,0.002429,172.31.46.0-255,66,48793,41,54190
7593,0.002463,172.31.46.0-255,66,48859,41,54190
7594,0.002476,172.31.46.0-255,66,48925,41,54190
7595,0.004944,172.31.46.0-255,66,48991,41,54190
7596,0.007401,172.31.46.0-255,66,49057,41,54190
7597,0.009862,172.31.46.0-255,66,49123,41,54190
7598,0.012356,172.31.46.0-255,66,49189,41,54190
7599,0.014831,172.31.46.0-255,66,49255,41,54190
7600,0.017334,172.31.46.0-255,66,49321,41,54190
7601,0.019815,172.31.46.0-255,66,49387,41,54190
7602,0.022338,172.31.46.0-255,66,49453,41,54190
7603,0.0248,172.31.46.0-255,66,49519,41,54190
7604,0.027277,172.31.46.0-255,66,49585,41,54190
7605,0.029766,172.31.46.0-255,66,49651,41,54190
7606,0.031201,172.31.46.0-255,172,49823,41,54190
7607,0.031237,172.31.46.0-255,1118,50941,41,54190
7608,0.0313,172.31.46.0-255,1514,52455,41,54190
7609,0.031302,172.31.46.0-255,1273,53728,41,54190
7610,0.032248,172.31.46.0-255,66,53794,41,54190
7611,0.032862,104.244.42.0-255,66,53860,41,54190
7612,0.032892,104.244.42.0-255,66,53926,41,54190
7613,0.032996,104.244.42.0-255,66,53992,41,54190
7614,0.034747,172.31.46.0-255,66,54058,41,54190
7615,0.037229,172.31.46.0-255,66,54124,41,54190
7616,0.039707,172.31.46.0-255,66,54190,41,54190
7617,0.0,172.217.194.0-255,153,153,41,155604
7618,2.1e-05,172.31.46.0-255,66,219,41,155604
7619,2.8e-05,172.217.194.0-255,1484,1703,41,155604
7620,3.2e-05,172.31.46.0-255,66,1769,41,155604
7621,3.8e-05,172.217.194.0-255,2902,4671,41,155604
7622,4.2e-05,172.31.46.0-255,66,4737,41,155604
7623,5.2e-05,172.31.46.0-255,66,4803,41,155604
7624,9.2e-05,172.31.46.0-255,66,4869,41,155604
7625,9.8e-05,172.217.194.0-255,4320,9189,41,155604
7626,0.0001,172.31.46.0-255,66,9255,41,155604
7627,0.000118,172.217.194.0-255,2543,11798,41,155604
7628,0.000121,172.31.46.0-255,66,11864,41,155604
7629,0.000139,172.217.194.0-255,1484,13348,41,155604
7630,0.000141,172.31.46.0-255,66,13414,41,155604
7631,0.00016,172.217.194.0-255,2902,16316,41,155604
7632,0.000162,172.31.46.0-255,66,16382,41,155604
7633,0.000167,172.217.194.0-255,4320,20702,41,155604
7634,0.00017,172.31.46.0-255,66,20768,41,155604
7635,0.000183,172.217.194.0-255,1484,22252,41,155604
7636,0.000185,172.31.46.0-255,66,22318,41,155604
7637,0.000194,172.31.46.0-255,66,22384,41,155604
7638,0.000222,172.217.194.0-255,1125,23509,41,155604
7639,0.000224,172.31.46.0-255,66,23575,41,155604
7640,0.000233,172.31.46.0-255,66,23641,41,155604
7641,0.000264,172.31.46.0-255,66,23707,41,155604
7642,0.000266,172.217.194.0-255,646,24353,41,155604
7643,0.000268,172.31.46.0-255,66,24419,41,155604
7644,0.000535,172.217.194.0-255,1484,25903,41,155604
7645,0.000543,172.217.194.0-255,2902,28805,41,155604
7646,0.00058,172.31.46.0-255,66,28871,41,155604
7647,0.000602,172.217.194.0-255,4320,33191,41,155604
7648,0.000608,172.31.46.0-255,66,33257,41,155604
7649,0.000642,172.31.46.0-255,66,33323,41,155604
7650,0.000653,172.217.194.0-255,1484,34807,41,155604
7651,0.000673,172.217.194.0-255,2902,37709,41,155604
7652,0.000676,172.217.194.0-255,1484,39193,41,155604
7653,0.000687,172.31.46.0-255,66,39259,41,155604
7654,0.000693,172.217.194.0-255,4320,43579,41,155604
7655,0.000707,172.217.194.0-255,4320,47899,41,155604
7656,0.000709,172.31.46.0-255,66,47965,41,155604
7657,0.000743,172.217.194.0-255,4320,52285,41,155604
7658,0.000746,172.31.46.0-255,66,52351,41,155604
7659,0.000764,172.31.46.0-255,66,52417,41,155604
7660,0.00079,172.217.194.0-255,1484,53901,41,155604
7661,0.000798,172.31.46.0-255,66,53967,41,155604
7662,0.000813,172.217.194.0-255,2902,56869,41,155604
7663,0.000837,172.31.46.0-255,66,56935,41,155604
7664,0.000843,172.217.194.0-255,4320,61255,41,155604
7665,0.000848,172.31.46.0-255,66,61321,41,155604
7666,0.000855,172.217.194.0-255,1484,62805,41,155604
7667,0.000902,172.31.46.0-255,66,62871,41,155604
7668,0.000913,172.217.194.0-255,4320,67191,41,155604
7669,0.000918,172.217.194.0-255,5020,72211,41,155604
7670,0.000925,172.31.46.0-255,66,72277,41,155604
7671,0.000966,172.217.194.0-255,1484,73761,41,155604
7672,0.000984,172.217.194.0-255,1484,75245,41,155604
7673,0.000994,172.217.194.0-255,1484,76729,41,155604
7674,0.000999,172.217.194.0-255,2902,79631,41,155604
7675,0.001016,172.217.194.0-255,2902,82533,41,155604
7676,0.001025,172.31.46.0-255,66,82599,41,155604
7677,0.001085,172.31.46.0-255,66,82665,41,155604
7678,0.001096,172.217.194.0-255,2902,85567,41,155604
7679,0.001116,172.217.194.0-255,2184,87751,41,155604
7680,0.001136,172.217.194.0-255,2902,90653,41,155604
7681,0.001139,172.31.46.0-255,66,90719,41,155604
7682,0.001144,172.31.46.0-255,66,90785,41,155604
7683,0.001179,172.217.194.0-255,4320,95105,41,155604
7684,0.001197,172.31.46.0-255,66,95171,41,155604
7685,0.001213,172.217.194.0-255,4320,99491,41,155604
7686,0.001215,172.31.46.0-255,66,99557,41,155604
7687,0.001247,172.31.46.0-255,66,99623,41,155604
7688,0.001257,172.31.46.0-255,66,99689,41,155604
7689,0.001287,172.217.194.0-255,1484,101173,41,155604
7690,0.001293,172.217.194.0-255,2902,104075,41,155604
7691,0.001297,172.31.46.0-255,66,104141,41,155604
7692,0.001315,172.217.194.0-255,1484,105625,41,155604
7693,0.001333,172.217.194.0-255,4320,109945,41,155604
7694,0.001355,172.31.46.0-255,66,110011,41,155604
7695,0.001375,172.217.194.0-255,1484,111495,41,155604
7696,0.001428,172.31.46.0-255,66,111561,41,155604
7697,0.001665,172.217.194.0-255,1484,113045,41,155604
7698,0.001671,172.217.194.0-255,2902,115947,41,155604
7699,0.001678,172.31.46.0-255,66,116013,41,155604
7700,0.001701,172.217.194.0-255,1484,117497,41,155604
7701,0.001714,172.31.46.0-255,66,117563,41,155604
7702,0.00173,172.31.46.0-255,66,117629,41,155604
7703,0.001765,172.217.194.0-255,4320,121949,41,155604
7704,0.00177,172.31.46.0-255,66,122015,41,155604
7705,0.001802,172.31.46.0-255,66,122081,41,155604
7706,0.001853,172.217.194.0-255,1484,123565,41,155604
7707,0.001871,172.217.194.0-255,2902,126467,41,155604
7708,0.001875,172.217.194.0-255,1484,127951,41,155604
7709,0.001892,172.217.194.0-255,4320,132271,41,155604
7710,0.001895,172.31.46.0-255,66,132337,41,155604
7711,0.0019,172.31.46.0-255,66,132403,41,155604
7712,0.001944,172.217.194.0-255,2902,135305,41,155604
7713,0.001956,172.31.46.0-255,66,135371,41,155604
7714,0.001988,172.217.194.0-255,4320,139691,41,155604
7715,0.002017,172.31.46.0-255,66,139757,41,155604
7716,0.002029,172.31.46.0-255,66,139823,41,155604
7717,0.00204,172.217.194.0-255,3602,143425,41,155604
7718,0.002045,172.217.194.0-255,4320,147745,41,155604
7719,0.002077,172.31.46.0-255,66,147811,41,155604
7720,0.002109,172.31.46.0-255,66,147877,41,155604
7721,0.00213,172.31.46.0-255,66,147943,41,155604
7722,0.002176,172.31.46.0-255,66,148009,41,155604
7723,0.003225,172.31.46.0-255,101,148110,41,155604
7724,0.004273,172.217.194.0-255,105,148215,41,155604
7725,0.004755,172.31.46.0-255,105,148320,41,155604
7726,0.00529,172.217.194.0-255,66,148386,41,155604
7727,0.006845,172.217.194.0-255,66,148452,41,155604
7728,0.032527,172.31.46.0-255,176,148628,41,155604
7729,0.032562,172.31.46.0-255,1118,149746,41,155604
7730,0.032632,172.31.46.0-255,1514,151260,41,155604
7731,0.032634,172.31.46.0-255,1514,152774,41,155604
7732,0.03264,172.31.46.0-255,1514,154288,41,155604
7733,0.032641,172.31.46.0-255,1052,155340,41,155604
7734,0.034151,104.244.42.0-255,66,155406,41,155604
7735,0.0342,104.244.42.0-255,66,155472,41,155604
7736,0.0343,104.244.42.0-255,66,155538,41,155604
7737,0.03431,104.244.42.0-255,66,155604,41,155604
7738,0.0,172.31.46.0-255,105,105,41,276
7739,0.001834,157.240.25.0-255,105,210,41,276
7740,0.001848,172.31.46.0-255,66,276,41,276
7741,0.0,172.217.24.0-255,150,150,41,81240
7742,2.4e-05,172.31.46.0-255,66,216,41,81240
7743,3.1e-05,172.217.24.0-255,1484,1700,41,81240
7744,3.7e-05,172.31.46.0-255,66,1766,41,81240
7745,4.3e-05,172.217.24.0-255,2902,4668,41,81240
7746,4.7e-05,172.31.46.0-255,66,4734,41,81240
7747,5e-05,172.217.24.0-255,1484,6218,41,81240
7748,5.3e-05,172.31.46.0-255,66,6284,41,81240
7749,5.9e-05,172.217.24.0-255,4320,10604,41,81240
7750,6.2e-05,172.31.46.0-255,66,10670,41,81240
7751,8.8e-05,172.217.24.0-255,1484,12154,41,81240
7752,9.1e-05,172.31.46.0-255,66,12220,41,81240
7753,9.6e-05,172.217.24.0-255,1985,14205,41,81240
7754,9.9e-05,172.31.46.0-255,66,14271,41,81240
7755,0.000103,172.217.24.0-255,2902,17173,41,81240
7756,0.000105,172.31.46.0-255,66,17239,41,81240
7757,0.000114,172.31.46.0-255,66,17305,41,81240
7758,0.00012,172.217.24.0-255,4320,21625,41,81240
7759,0.000122,172.31.46.0-255,66,21691,41,81240
7760,0.000143,172.217.24.0-255,2543,24234,41,81240
7761,0.000146,172.31.46.0-255,66,24300,41,81240
7762,0.000186,172.217.24.0-255,1484,25784,41,81240
7763,0.000188,172.31.46.0-255,66,25850,41,81240
7764,0.000202,172.217.24.0-255,2902,28752,41,81240
7765,0.000205,172.31.46.0-255,66,28818,41,81240
7766,0.000207,172.217.24.0-255,1484,30302,41,81240
7767,0.000209,172.31.46.0-255,66,30368,41,81240
7768,0.000236,172.217.24.0-255,4320,34688,41,81240
7769,0.000239,172.31.46.0-255,66,34754,41,81240
7770,0.000244,172.217.24.0-255,4320,39074,41,81240
7771,0.000246,172.31.46.0-255,66,39140,41,81240
7772,0.000261,172.217.24.0-255,2543,41683,41,81240
7773,0.000492,172.31.46.0-255,66,41749,41,81240
7774,0.001363,172.217.24.0-255,1484,43233,41,81240
7775,0.001373,172.217.24.0-255,2902,46135,41,81240
7776,0.001378,172.31.46.0-255,66,46201,41,81240
7777,0.001384,172.217.24.0-255,2902,49103,41,81240
7778,0.001401,172.217.24.0-255,2902,52005,41,81240
7779,0.001726,172.217.24.0-255,1484,53489,41,81240
7780,0.001734,172.217.24.0-255,2902,56391,41,81240
7781,0.001762,172.217.24.0-255,4320,60711,41,81240
7782,0.00178,172.217.24.0-255,2543,63254,41,81240
7783,0.001798,172.217.24.0-255,4320,67574,41,81240
7784,0.001812,172.217.24.0-255,1484,69058,41,81240
7785,0.001836,172.217.24.0-255,3123,72181,41,81240
7786,0.006413,172.31.46.0-255,66,72247,41,81240
7787,0.008462,172.31.46.0-255,66,72313,41,81240
7788,0.010886,172.31.46.0-255,66,72379,41,81240
7789,0.012909,172.31.46.0-255,66,72445,41,81240
7790,0.014898,172.31.46.0-255,66,72511,41,81240
7791,0.016899,172.31.46.0-255,66,72577,41,81240
7792,0.018885,172.31.46.0-255,66,72643,41,81240
7793,0.020877,172.31.46.0-255,66,72709,41,81240
7794,0.02291,172.31.46.0-255,66,72775,41,81240
7795,0.024181,172.31.46.0-255,172,72947,41,81240
7796,0.02422,172.31.46.0-255,1119,74066,41,81240
7797,0.024292,172.31.46.0-255,1514,75580,41,81240
7798,0.024294,172.31.46.0-255,1514,77094,41,81240
7799,0.024296,172.31.46.0-255,1514,78608,41,81240
7800,0.024297,172.31.46.0-255,1514,80122,41,81240
7801,0.024298,172.31.46.0-255,524,80646,41,81240
7802,0.024915,172.31.46.0-255,66,80712,41,81240
7803,0.026048,104.244.42.0-255,66,80778,41,81240
7804,0.026946,172.31.46.0-255,66,80844,41,81240
7805,0.028943,172.31.46.0-255,66,80910,41,81240
7806,0.030949,172.31.46.0-255,66,80976,41,81240
7807,0.032967,172.31.46.0-255,66,81042,41,81240
7808,0.034962,172.31.46.0-255,66,81108,41,81240
7809,0.036964,172.31.46.0-255,66,81174,41,81240
7810,0.039036,172.31.46.0-255,66,81240,41,81240
7811,0.0,74.125.130.0-255,153,153,41,273730
7812,2e-05,74.125.130.0-255,1484,1637,41,273730
7813,3.2e-05,172.31.46.0-255,66,1703,41,273730
7814,4e-05,74.125.130.0-255,2902,4605,41,273730
7815,4.4e-05,172.31.46.0-255,66,4671,41,273730
7816,6.8e-05,74.125.130.0-255,4320,8991,41,273730
7817,7.1e-05,172.31.46.0-255,66,9057,41,273730
7818,8.8e-05,74.125.130.0-255,2902,11959,41,273730
7819,9.1e-05,172.31.46.0-255,66,12025,41,273730
7820,0.000136,74.125.130.0-255,2086,14111,41,273730
7821,0.000139,172.31.46.0-255,66,14177,41,273730
7822,0.000344,74.125.130.0-255,1484,15661,41,273730
7823,0.000366,74.125.130.0-255,2902,18563,41,273730
7824,0.00037,172.31.46.0-255,66,18629,41,273730
7825,0.00038,172.31.46.0-255,66,18695,41,273730
7826,0.000417,172.31.46.0-255,66,18761,41,273730
7827,0.000886,74.125.130.0-255,1484,20245,41,273730
7828,0.000896,74.125.130.0-255,2902,23147,41,273730
7829,0.0009,172.31.46.0-255,66,23213,41,273730
7830,0.000905,74.125.130.0-255,1484,24697,41,273730
7831,0.000928,74.125.130.0-255,4320,29017,41,273730
7832,0.00093,172.31.46.0-255,66,29083,41,273730
7833,0.000936,74.125.130.0-255,2902,31985,41,273730
7834,0.000938,172.31.46.0-255,66,32051,41,273730
7835,0.000944,74.125.130.0-255,3961,36012,41,273730
7836,0.000946,172.31.46.0-255,66,36078,41,273730
7837,0.001003,74.125.130.0-255,2902,38980,41,273730
7838,0.001006,172.31.46.0-255,66,39046,41,273730
7839,0.001013,74.125.130.0-255,4320,43366,41,273730
7840,0.001015,172.31.46.0-255,66,43432,41,273730
7841,0.001018,74.125.130.0-255,1484,44916,41,273730
7842,0.001038,74.125.130.0-255,2902,47818,41,273730
7843,0.00104,172.31.46.0-255,66,47884,41,273730
7844,0.00109,172.31.46.0-255,66,47950,41,273730
7845,0.001093,74.125.130.0-255,367,48317,41,273730
7846,0.001147,74.125.130.0-255,375,48692,41,273730
7847,0.001624,74.125.130.0-255,1484,50176,41,273730
7848,0.001634,172.31.46.0-255,66,50242,41,273730
7849,0.001658,74.125.130.0-255,2902,53144,41,273730
7850,0.001661,172.31.46.0-255,66,53210,41,273730
7851,0.001667,74.125.130.0-255,4320,57530,41,273730
7852,0.00167,172.31.46.0-255,66,57596,41,273730
7853,0.001673,74.125.130.0-255,1484,59080,41,273730
7854,0.00171,172.31.46.0-255,66,59146,41,273730
7855,0.001716,74.125.130.0-255,4320,63466,41,273730
7856,0.001718,172.31.46.0-255,66,63532,41,273730
7857,0.001753,74.125.130.0-255,2902,66434,41,273730
7858,0.001757,172.31.46.0-255,66,66500,41,273730
7859,0.001775,172.31.46.0-255,66,66566,41,273730
7860,0.001798,74.125.130.0-255,2184,68750,41,273730
7861,0.001801,172.31.46.0-255,66,68816,41,273730
7862,0.002618,74.125.130.0-255,1484,70300,41,273730
7863,0.002624,74.125.130.0-255,1484,71784,41,273730
7864,0.002628,172.31.46.0-255,66,71850,41,273730
7865,0.002646,74.125.130.0-255,1484,73334,41,273730
7866,0.002649,74.125.130.0-255,1484,74818,41,273730
7867,0.002652,172.31.46.0-255,66,74884,41,273730
7868,0.002655,74.125.130.0-255,1484,76368,41,273730
7869,0.002674,74.125.130.0-255,1484,77852,41,273730
7870,0.002677,172.31.46.0-255,66,77918,41,273730
7871,0.002687,172.31.46.0-255,66,77984,41,273730
7872,0.002708,172.31.46.0-255,66,78050,41,273730
7873,0.002719,74.125.130.0-255,1484,79534,41,273730
7874,0.002729,172.31.46.0-255,66,79600,41,273730
7875,0.002751,74.125.130.0-255,1484,81084,41,273730
7876,0.002756,74.125.130.0-255,3602,84686,41,273730
7877,0.002758,172.31.46.0-255,66,84752,41,273730
7878,0.002838,74.125.130.0-255,1484,86236,41,273730
7879,0.002857,74.125.130.0-255,2902,89138,41,273730
7880,0.002859,172.31.46.0-255,66,89204,41,273730
7881,0.002863,74.125.130.0-255,1484,90688,41,273730
7882,0.002881,74.125.130.0-255,4320,95008,41,273730
7883,0.002883,172.31.46.0-255,66,95074,41,273730
7884,0.002888,74.125.130.0-255,4320,99394,41,273730
7885,0.002891,172.31.46.0-255,66,99460,41,273730
7886,0.002907,74.125.130.0-255,4320,103780,41,273730
7887,0.00291,172.31.46.0-255,66,103846,41,273730
7888,0.002938,172.31.46.0-255,66,103912,41,273730
7889,0.002941,74.125.130.0-255,1484,105396,41,273730
7890,0.002963,172.31.46.0-255,66,105462,41,273730
7891,0.002989,74.125.130.0-255,2184,107646,41,273730
7892,0.002992,172.31.46.0-255,66,107712,41,273730
7893,0.003118,74.125.130.0-255,1484,109196,41,273730
7894,0.003122,74.125.130.0-255,2902,112098,41,273730
7895,0.003125,172.31.46.0-255,66,112164,41,273730
7896,0.00313,74.125.130.0-255,2902,115066,41,273730
7897,0.003133,172.31.46.0-255,66,115132,41,273730
7898,0.003147,74.125.130.0-255,2902,118034,41,273730
7899,0.003149,172.31.46.0-255,66,118100,41,273730
7900,0.003168,74.125.130.0-255,1484,119584,41,273730
7901,0.003185,172.31.46.0-255,66,119650,41,273730
7902,0.00319,74.125.130.0-255,4320,123970,41,273730
7903,0.003193,172.31.46.0-255,66,124036,41,273730
7904,0.003208,74.125.130.0-255,4320,128356,41,273730
7905,0.00321,172.31.46.0-255,66,128422,41,273730
7906,0.003221,172.31.46.0-255,66,128488,41,273730
7907,0.003561,74.125.130.0-255,1484,129972,41,273730
7908,0.003572,74.125.130.0-255,1484,131456,41,273730
7909,0.003575,172.31.46.0-255,66,131522,41,273730
7910,0.003593,74.125.130.0-255,1484,133006,41,273730
7911,0.003598,74.125.130.0-255,4320,137326,41,273730
7912,0.0036,172.31.46.0-255,66,137392,41,273730
7913,0.003618,74.125.130.0-255,1484,138876,41,273730
7914,0.003623,74.125.130.0-255,2902,141778,41,273730
7915,0.003625,172.31.46.0-255,66,141844,41,273730
7916,0.00363,74.125.130.0-255,4320,146164,41,273730
7917,0.003632,172.31.46.0-255,66,146230,41,273730
7918,0.003636,74.125.130.0-255,2902,149132,41,273730
7919,0.003638,172.31.46.0-255,66,149198,41,273730
7920,0.003661,74.125.130.0-255,4320,153518,41,273730
7921,0.003664,172.31.46.0-255,66,153584,41,273730
7922,0.003667,74.125.130.0-255,1484,155068,41,273730
7923,0.003685,74.125.130.0-255,4320,159388,41,273730
7924,0.003687,172.31.46.0-255,66,159454,41,273730
7925,0.003701,74.125.130.0-255,3602,163056,41,273730
7926,0.003703,172.31.46.0-255,66,163122,41,273730
7927,0.003706,74.125.130.0-255,1484,164606,41,273730
7928,0.003723,74.125.130.0-255,1484,166090,41,273730
7929,0.003725,172.31.46.0-255,66,166156,41,273730
7930,0.003732,74.125.130.0-255,4320,170476,41,273730
7931,0.003734,172.31.46.0-255,66,170542,41,273730
7932,0.003737,74.125.130.0-255,1484,172026,41,273730
7933,0.003771,74.125.130.0-255,2902,174928,41,273730
7934,0.003774,172.31.46.0-255,66,174994,41,273730
7935,0.003777,74.125.130.0-255,1484,176478,41,273730
7936,0.003805,172.31.46.0-255,66,176544,41,273730
7937,0.00381,74.125.130.0-255,2902,179446,41,273730
7938,0.003813,172.31.46.0-255,66,179512,41,273730
7939,0.003815,74.125.130.0-255,1484,180996,41,273730
7940,0.003827,74.125.130.0-255,1484,182480,41,273730
7941,0.00383,172.31.46.0-255,66,182546,41,273730
7942,0.003853,74.125.130.0-255,4320,186866,41,273730
7943,0.003855,172.31.46.0-255,66,186932,41,273730
7944,0.003898,74.125.130.0-255,3602,190534,41,273730
7945,0.003901,172.31.46.0-255,66,190600,41,273730
7946,0.003904,74.125.130.0-255,1484,192084,41,273730
7947,0.003916,74.125.130.0-255,2902,194986,41,273730
7948,0.003919,172.31.46.0-255,66,195052,41,273730
7949,0.00394,74.125.130.0-255,1484,196536,41,273730
7950,0.003963,172.31.46.0-255,66,196602,41,273730
7951,0.003982,74.125.130.0-255,1484,198086,41,273730
7952,0.003986,74.125.130.0-255,2902,200988,41,273730
7953,0.003989,172.31.46.0-255,66,201054,41,273730
7954,0.003995,74.125.130.0-255,4320,205374,41,273730
7955,0.003998,172.31.46.0-255,66,205440,41,273730
7956,0.004034,172.31.46.0-255,66,205506,41,273730
7957,0.004037,74.125.130.0-255,766,206272,41,273730
7958,0.00404,74.125.130.0-255,1484,207756,41,273730
7959,0.004042,172.31.46.0-255,66,207822,41,273730
7960,0.004047,74.125.130.0-255,2902,210724,41,273730
7961,0.004049,172.31.46.0-255,66,210790,41,273730
7962,0.004078,172.31.46.0-255,66,210856,41,273730
7963,0.004122,74.125.130.0-255,4320,215176,41,273730
7964,0.004124,172.31.46.0-255,66,215242,41,273730
7965,0.00414,74.125.130.0-255,2902,218144,41,273730
7966,0.004143,172.31.46.0-255,66,218210,41,273730
7967,0.004156,172.31.46.0-255,66,218276,41,273730
7968,0.004163,74.125.130.0-255,5020,223296,41,273730
7969,0.004165,172.31.46.0-255,66,223362,41,273730
7970,0.00421,74.125.130.0-255,1484,224846,41,273730
7971,0.004232,74.125.130.0-255,1484,226330,41,273730
7972,0.004234,172.31.46.0-255,66,226396,41,273730
7973,0.004241,74.125.130.0-255,4320,230716,41,273730
7974,0.004243,172.31.46.0-255,66,230782,41,273730
7975,0.004248,74.125.130.0-255,4320,235102,41,273730
7976,0.004251,172.31.46.0-255,66,235168,41,273730
7977,0.004277,74.125.130.0-255,4320,239488,41,273730
7978,0.004279,172.31.46.0-255,66,239554,41,273730
7979,0.004285,74.125.130.0-255,4320,243874,41,273730
7980,0.004287,172.31.46.0-255,66,243940,41,273730
7981,0.004329,172.31.46.0-255,66,244006,41,273730
7982,0.004354,172.31.46.0-255,66,244072,41,273730
7983,0.004381,74.125.130.0-255,1484,245556,41,273730
7984,0.004386,74.125.130.0-255,2902,248458,41,273730
7985,0.004389,172.31.46.0-255,66,248524,41,273730
7986,0.004417,172.31.46.0-255,66,248590,41,273730
7987,0.004422,74.125.130.0-255,2902,251492,41,273730
7988,0.004425,172.31.46.0-255,66,251558,41,273730
7989,0.004447,74.125.130.0-255,4320,255878,41,273730
7990,0.00445,172.31.46.0-255,66,255944,41,273730
7991,0.004461,172.31.46.0-255,66,256010,41,273730
7992,0.004467,74.125.130.0-255,4320,260330,41,273730
7993,0.004469,172.31.46.0-255,66,260396,41,273730
7994,0.004493,74.125.130.0-255,3602,263998,41,273730
7995,0.004496,172.31.46.0-255,66,264064,41,273730
7996,0.004514,74.125.130.0-255,1484,265548,41,273730
7997,0.004538,74.125.130.0-255,2902,268450,41,273730
7998,0.004541,172.31.46.0-255,66,268516,41,273730
7999,0.00455,172.31.46.0-255,66,268582,41,273730
8000,0.004553,74.125.130.0-255,430,269012,41,273730
8001,0.004622,74.125.130.0-255,105,269117,41,273730
8002,0.006659,172.31.46.0-255,101,269218,41,273730
8003,0.007833,172.31.46.0-255,105,269323,41,273730
8004,0.008628,74.125.130.0-255,66,269389,41,273730
8005,0.00979,74.125.130.0-255,66,269455,41,273730
8006,0.035066,172.31.46.0-255,172,269627,41,273730
8007,0.0351,172.31.46.0-255,1115,270742,41,273730
8008,0.035163,172.31.46.0-255,1514,272256,41,273730
8009,0.035165,172.31.46.0-255,1276,273532,41,273730
8010,0.036633,104.244.42.0-255,66,273598,41,273730
8011,0.036666,104.244.42.0-255,66,273664,41,273730
8012,0.036715,104.244.42.0-255,66,273730,41,273730
8013,0.0,172.31.46.0-255,105,105,41,459
8014,0.000238,172.31.46.0-255,90,195,41,459
8015,0.000248,172.31.46.0-255,66,261,41,459
8016,0.00253,172.217.194.0-255,66,327,41,459
8017,0.00255,172.217.194.0-255,66,393,41,459
8018,0.002566,172.31.46.0-255,66,459,41,459
8019,0.0,172.217.194.0-255,152,152,41,112314
8020,2.3e-05,172.31.46.0-255,66,218,41,112314
8021,2.9e-05,172.217.194.0-255,1484,1702,41,112314
8022,3.3e-05,172.31.46.0-255,66,1768,41,112314
8023,4.6e-05,172.217.194.0-255,2902,4670,41,112314
8024,4.9e-05,172.31.46.0-255,66,4736,41,112314
8025,5.4e-05,172.217.194.0-255,2902,7638,41,112314
8026,5.6e-05,172.31.46.0-255,66,7704,41,112314
8027,6.9e-05,172.31.46.0-255,66,7770,41,112314
8028,9.4e-05,172.217.194.0-255,2104,9874,41,112314
8029,9.7e-05,172.31.46.0-255,66,9940,41,112314
8030,0.000115,172.31.46.0-255,66,10006,41,112314
8031,0.000189,172.217.194.0-255,1484,11490,41,112314
8032,0.000191,172.31.46.0-255,66,11556,41,112314
8033,0.000204,172.217.194.0-255,2902,14458,41,112314
8034,0.00021,172.31.46.0-255,66,14524,41,112314
8035,0.000219,172.31.46.0-255,66,14590,41,112314
8036,0.000268,172.31.46.0-255,66,14656,41,112314
8037,0.000277,172.31.46.0-255,66,14722,41,112314
8038,0.000318,172.31.46.0-255,66,14788,41,112314
8039,0.000322,172.217.194.0-255,2543,17331,41,112314
8040,0.000324,172.31.46.0-255,66,17397,41,112314
8041,0.00063,172.217.194.0-255,646,18043,41,112314
8042,0.000637,172.31.46.0-255,66,18109,41,112314
8043,0.000748,172.217.194.0-255,1484,19593,41,112314
8044,0.000752,172.31.46.0-255,66,19659,41,112314
8045,0.000757,172.217.194.0-255,2902,22561,41,112314
8046,0.000759,172.31.46.0-255,66,22627,41,112314
8047,0.000762,172.217.194.0-255,1484,24111,41,112314
8048,0.000791,172.217.194.0-255,4320,28431,41,112314
8049,0.000793,172.31.46.0-255,66,28497,41,112314
8050,0.000798,172.217.194.0-255,2902,31399,41,112314
8051,0.0008,172.31.46.0-255,66,31465,41,112314
8052,0.000836,172.31.46.0-255,66,31531,41,112314
8053,0.000839,172.217.194.0-255,1484,33015,41,112314
8054,0.000876,172.31.46.0-255,66,33081,41,112314
8055,0.000899,172.217.194.0-255,1484,34565,41,112314
8056,0.000912,172.217.194.0-255,2902,37467,41,112314
8057,0.000914,172.31.46.0-255,66,37533,41,112314
8058,0.000923,172.31.46.0-255,66,37599,41,112314
8059,0.000941,172.217.194.0-255,2902,40501,41,112314
8060,0.000943,172.31.46.0-255,66,40567,41,112314
8061,0.000971,172.31.46.0-255,66,40633,41,112314
8062,0.001011,172.31.46.0-255,66,40699,41,112314
8063,0.001035,172.217.194.0-255,5020,45719,41,112314
8064,0.001038,172.31.46.0-255,66,45785,41,112314
8065,0.001042,172.217.194.0-255,2902,48687,41,112314
8066,0.001044,172.31.46.0-255,66,48753,41,112314
8067,0.001074,172.31.46.0-255,66,48819,41,112314
8068,0.001085,172.31.46.0-255,66,48885,41,112314
8069,0.001117,172.31.46.0-255,66,48951,41,112314
8070,0.001148,172.31.46.0-255,66,49017,41,112314
8071,0.001152,172.217.194.0-255,1484,50501,41,112314
8072,0.001173,172.217.194.0-255,2902,53403,41,112314
8073,0.001175,172.31.46.0-255,66,53469,41,112314
8074,0.001184,172.31.46.0-255,66,53535,41,112314
8075,0.001224,172.31.46.0-255,66,53601,41,112314
8076,0.001236,172.31.46.0-255,66,53667,41,112314
8077,0.001271,172.217.194.0-255,4320,57987,41,112314
8078,0.001274,172.31.46.0-255,66,58053,41,112314
8079,0.00128,172.217.194.0-255,3602,61655,41,112314
8080,0.001282,172.31.46.0-255,66,61721,41,112314
8081,0.001287,172.217.194.0-255,4320,66041,41,112314
8082,0.001289,172.31.46.0-255,66,66107,41,112314
8083,0.0013,172.31.46.0-255,66,66173,41,112314
8084,0.001306,172.217.194.0-255,4320,70493,41,112314
8085,0.001309,172.31.46.0-255,66,70559,41,112314
8086,0.001351,172.31.46.0-255,66,70625,41,112314
8087,0.001354,172.217.194.0-255,766,71391,41,112314
8088,0.001414,172.217.194.0-255,1484,72875,41,112314
8089,0.001418,172.31.46.0-255,66,72941,41,112314
8090,0.001422,172.217.194.0-255,2902,75843,41,112314
8091,0.001424,172.31.46.0-255,66,75909,41,112314
8092,0.001432,172.31.46.0-255,66,75975,41,112314
8093,0.001436,172.217.194.0-255,2902,78877,41,112314
8094,0.001438,172.31.46.0-255,66,78943,41,112314
8095,0.001476,172.31.46.0-255,66,79009,41,112314
8096,0.001488,172.31.46.0-255,66,79075,41,112314
8097,0.00149,172.217.194.0-255,766,79841,41,112314
8098,0.001493,172.217.194.0-255,1484,81325,41,112314
8099,0.001495,172.31.46.0-255,66,81391,41,112314
8100,0.00153,172.217.194.0-255,4320,85711,41,112314
8101,0.001533,172.31.46.0-255,66,85777,41,112314
8102,0.001545,172.31.46.0-255,66,85843,41,112314
8103,0.001576,172.31.46.0-255,66,85909,41,112314
8104,0.001607,172.217.194.0-255,5020,90929,41,112314
8105,0.00161,172.31.46.0-255,66,90995,41,112314
8106,0.001745,172.217.194.0-255,1484,92479,41,112314
8107,0.00175,172.217.194.0-255,1484,93963,41,112314
8108,0.001753,172.31.46.0-255,66,94029,41,112314
8109,0.001783,172.217.194.0-255,1484,95513,41,112314
8110,0.001792,172.31.46.0-255,66,95579,41,112314
8111,0.001801,172.31.46.0-255,66,95645,41,112314
8112,0.001833,172.31.46.0-255,66,95711,41,112314
8113,0.001835,172.217.194.0-255,1484,97195,41,112314
8114,0.001862,172.31.46.0-255,66,97261,41,112314
8115,0.00189,172.217.194.0-255,3602,100863,41,112314
8116,0.001893,172.31.46.0-255,66,100929,41,112314
8117,0.001906,172.31.46.0-255,66,100995,41,112314
8118,0.001915,172.31.46.0-255,66,101061,41,112314
8119,0.001945,172.31.46.0-255,66,101127,41,112314
8120,0.001948,172.217.194.0-255,1484,102611,41,112314
8121,0.001986,172.31.46.0-255,66,102677,41,112314
8122,0.001999,172.217.194.0-255,2184,104861,41,112314
8123,0.002001,172.31.46.0-255,66,104927,41,112314
8124,0.002019,172.31.46.0-255,66,104993,41,112314
8125,0.002023,172.217.194.0-255,2902,107895,41,112314
8126,0.002025,172.31.46.0-255,66,107961,41,112314
8127,0.002069,172.31.46.0-255,66,108027,41,112314
8128,0.002097,172.217.194.0-255,3681,111708,41,112314
8129,0.002099,172.217.194.0-255,97,111805,41,112314
8130,0.002101,172.217.194.0-255,105,111910,41,112314
8131,0.002136,172.31.46.0-255,66,111976,41,112314
8132,0.002571,172.31.46.0-255,101,112077,41,112314
8133,0.004838,172.217.194.0-255,66,112143,41,112314
8134,0.011431,172.31.46.0-255,105,112248,41,112314
8135,0.013701,172.217.194.0-255,66,112314,41,112314
8136,0.0,172.217.194.0-255,153,153,41,69023
8137,2.5e-05,172.31.46.0-255,66,219,41,69023
8138,3.3e-05,172.217.194.0-255,1484,1703,41,69023
8139,3.7e-05,172.31.46.0-255,66,1769,41,69023
8140,5e-05,172.217.194.0-255,2902,4671,41,69023
8141,5.4e-05,172.31.46.0-255,66,4737,41,69023
8142,6.5e-05,172.31.46.0-255,66,4803,41,69023
8143,6.9e-05,172.217.194.0-255,2064,6867,41,69023
8144,7.1e-05,172.31.46.0-255,66,6933,41,69023
8145,0.000184,172.217.194.0-255,1484,8417,41,69023
8146,0.000188,172.31.46.0-255,66,8483,41,69023
8147,0.000194,172.217.194.0-255,2902,11385,41,69023
8148,0.000197,172.31.46.0-255,66,11451,41,69023
8149,0.000202,172.217.194.0-255,2902,14353,41,69023
8150,0.000204,172.31.46.0-255,66,14419,41,69023
8151,0.000233,172.217.194.0-255,2902,17321,41,69023
8152,0.000236,172.31.46.0-255,66,17387,41,69023
8153,0.000239,172.217.194.0-255,1484,18871,41,69023
8154,0.000245,172.31.46.0-255,66,18937,41,69023
8155,0.000299,172.31.46.0-255,66,19003,41,69023
8156,0.000369,172.217.194.0-255,1484,20487,41,69023
8157,0.000373,172.31.46.0-255,66,20553,41,69023
8158,0.000377,172.217.194.0-255,1484,22037,41,69023
8159,0.000379,172.31.46.0-255,66,22103,41,69023
8160,0.00041,172.217.194.0-255,1484,23587,41,69023
8161,0.000412,172.31.46.0-255,66,23653,41,69023
8162,0.000422,172.31.46.0-255,66,23719,41,69023
8163,0.00043,172.217.194.0-255,1484,25203,41,69023
8164,0.000432,172.31.46.0-255,66,25269,41,69023
8165,0.000478,172.31.46.0-255,66,25335,41,69023
8166,0.000488,172.31.46.0-255,66,25401,41,69023
8167,0.000505,172.31.46.0-255,66,25467,41,69023
8168,0.000507,172.217.194.0-255,645,26112,41,69023
8169,0.000793,172.217.194.0-255,1484,27596,41,69023
8170,0.000799,172.31.46.0-255,66,27662,41,69023
8171,0.000805,172.217.194.0-255,2902,30564,41,69023
8172,0.000807,172.31.46.0-255,66,30630,41,69023
8173,0.000813,172.217.194.0-255,4320,34950,41,69023
8174,0.00082,172.31.46.0-255,66,35016,41,69023
8175,0.000845,172.217.194.0-255,1484,36500,41,69023
8176,0.000859,172.31.46.0-255,66,36566,41,69023
8177,0.000883,172.217.194.0-255,4320,40886,41,69023
8178,0.000885,172.31.46.0-255,66,40952,41,69023
8179,0.000917,172.31.46.0-255,66,41018,41,69023
8180,0.001055,172.217.194.0-255,1484,42502,41,69023
8181,0.00106,172.217.194.0-255,1484,43986,41,69023
8182,0.001063,172.31.46.0-255,66,44052,41,69023
8183,0.001091,172.217.194.0-255,1484,45536,41,69023
8184,0.0011,172.31.46.0-255,66,45602,41,69023
8185,0.001105,172.217.194.0-255,2902,48504,41,69023
8186,0.001107,172.31.46.0-255,66,48570,41,69023
8187,0.001123,172.31.46.0-255,66,48636,41,69023
8188,0.00116,172.31.46.0-255,66,48702,41,69023
8189,0.001503,172.217.194.0-255,1484,50186,41,69023
8190,0.00151,172.217.194.0-255,1484,51670,41,69023
8191,0.001513,172.31.46.0-255,66,51736,41,69023
8192,0.001546,172.217.194.0-255,1484,53220,41,69023
8193,0.001555,172.31.46.0-255,66,53286,41,69023
8194,0.001569,172.31.46.0-255,66,53352,41,69023
8195,0.001584,172.31.46.0-255,66,53418,41,69023
8196,0.001614,172.217.194.0-255,2184,55602,41,69023
8197,0.001617,172.31.46.0-255,66,55668,41,69023
8198,0.003693,172.217.194.0-255,4320,59988,41,69023
8199,0.0037,172.31.46.0-255,66,60054,41,69023
8200,0.003731,172.217.194.0-255,1484,61538,41,69023
8201,0.005784,172.217.194.0-255,4320,65858,41,69023
8202,0.005789,172.31.46.0-255,66,65924,41,69023
8203,0.007893,172.31.46.0-255,66,65990,41,69023
8204,0.01003,172.31.46.0-255,66,66056,41,69023
8205,0.012146,172.31.46.0-255,66,66122,41,69023
8206,0.014251,172.31.46.0-255,66,66188,41,69023
8207,0.016365,172.31.46.0-255,66,66254,41,69023
8208,0.018446,172.31.46.0-255,66,66320,41,69023
8209,0.020549,172.31.46.0-255,66,66386,41,69023
8210,0.022652,172.31.46.0-255,66,66452,41,69023
8211,0.024782,172.31.46.0-255,66,66518,41,69023
8212,0.026883,172.31.46.0-255,66,66584,41,69023
8213,0.02898,172.31.46.0-255,66,66650,41,69023
8214,0.031072,172.31.46.0-255,66,66716,41,69023
8215,0.033197,172.31.46.0-255,66,66782,41,69023
8216,0.034991,172.31.46.0-255,172,66954,41,69023
8217,0.035029,172.31.46.0-255,1114,68068,41,69023
8218,0.035087,172.31.46.0-255,559,68627,41,69023
8219,0.035292,172.31.46.0-255,66,68693,41,69023
8220,0.036504,104.244.42.0-255,66,68759,41,69023
8221,0.036622,104.244.42.0-255,66,68825,41,69023
8222,0.036666,104.244.42.0-255,66,68891,41,69023
8223,0.037411,172.31.46.0-255,66,68957,41,69023
8224,0.039583,172.31.46.0-255,66,69023,41,69023
8225,0.0,74.125.24.0-255,150,150,41,140043
8226,2.1e-05,172.31.46.0-255,66,216,41,140043
8227,2.8e-05,74.125.24.0-255,1484,1700,41,140043
8228,3.3e-05,172.31.46.0-255,66,1766,41,140043
8229,3.9e-05,74.125.24.0-255,2902,4668,41,140043
8230,4.9e-05,172.31.46.0-255,66,4734,41,140043
8231,6.1e-05,172.31.46.0-255,66,4800,41,140043
8232,8.2e-05,172.31.46.0-255,66,4866,41,140043
8233,0.00011,74.125.24.0-255,2037,6903,41,140043
8234,0.000114,172.31.46.0-255,66,6969,41,140043
8235,0.000127,172.31.46.0-255,66,7035,41,140043
8236,0.000219,74.125.24.0-255,1484,8519,41,140043
8237,0.000222,172.31.46.0-255,66,8585,41,140043
8238,0.000229,74.125.24.0-255,2902,11487,41,140043
8239,0.000231,172.31.46.0-255,66,11553,41,140043
8240,0.000236,74.125.24.0-255,4320,15873,41,140043
8241,0.000255,172.31.46.0-255,66,15939,41,140043
8242,0.000271,74.125.24.0-255,1484,17423,41,140043
8243,0.000277,172.31.46.0-255,66,17489,41,140043
8244,0.000287,172.31.46.0-255,66,17555,41,140043
8245,0.000302,172.31.46.0-255,66,17621,41,140043
8246,0.000306,74.125.24.0-255,2853,20474,41,140043
8247,0.000308,172.31.46.0-255,66,20540,41,140043
8248,0.000329,74.125.24.0-255,344,20884,41,140043
8249,0.000331,172.31.46.0-255,66,20950,41,140043
8250,0.000403,74.125.24.0-255,1484,22434,41,140043
8251,0.000407,172.31.46.0-255,66,22500,41,140043
8252,0.000413,74.125.24.0-255,2902,25402,41,140043
8253,0.000453,74.125.24.0-255,1484,26886,41,140043
8254,0.000469,74.125.24.0-255,4320,31206,41,140043
8255,0.000492,74.125.24.0-255,1125,32331,41,140043
8256,0.000574,172.31.46.0-255,66,32397,41,140043
8257,0.000628,74.125.24.0-255,1484,33881,41,140043
8258,0.000634,74.125.24.0-255,2902,36783,41,140043
8259,0.000637,74.125.24.0-255,1484,38267,41,140043
8260,0.000656,172.31.46.0-255,66,38333,41,140043
8261,0.000668,74.125.24.0-255,4320,42653,41,140043
8262,0.000685,172.31.46.0-255,66,42719,41,140043
8263,0.000708,74.125.24.0-255,1125,43844,41,140043
8264,0.001405,172.31.46.0-255,66,43910,41,140043
8265,0.001587,74.125.24.0-255,1484,45394,41,140043
8266,0.001597,74.125.24.0-255,2902,48296,41,140043
8267,0.00169,74.125.24.0-255,4320,52616,41,140043
8268,0.001709,74.125.24.0-255,4320,56936,41,140043
8269,0.001725,74.125.24.0-255,5020,61956,41,140043
8270,0.001908,74.125.24.0-255,1484,63440,41,140043
8271,0.001915,74.125.24.0-255,2902,66342,41,140043
8272,0.001934,74.125.24.0-255,2902,69244,41,140043
8273,0.001945,74.125.24.0-255,2902,72146,41,140043
8274,0.001963,74.125.24.0-255,4320,76466,41,140043
8275,0.001995,74.125.24.0-255,4320,80786,41,140043
8276,0.002029,74.125.24.0-255,2902,83688,41,140043
8277,0.00207,74.125.24.0-255,1484,85172,41,140043
8278,0.002083,74.125.24.0-255,4320,89492,41,140043
8279,0.002133,74.125.24.0-255,766,90258,41,140043
8280,0.002192,74.125.24.0-255,1484,91742,41,140043
8281,0.002197,74.125.24.0-255,2902,94644,41,140043
8282,0.002211,74.125.24.0-255,1484,96128,41,140043
8283,0.002231,74.125.24.0-255,4320,100448,41,140043
8284,0.002255,74.125.24.0-255,1484,101932,41,140043
8285,0.002268,74.125.24.0-255,2902,104834,41,140043
8286,0.002295,74.125.24.0-255,4320,109154,41,140043
8287,0.002324,74.125.24.0-255,2902,112056,41,140043
8288,0.002342,74.125.24.0-255,4320,116376,41,140043
8289,0.002362,74.125.24.0-255,1484,117860,41,140043
8290,0.002366,74.125.24.0-255,2902,120762,41,140043
8291,0.002371,74.125.24.0-255,3602,124364,41,140043
8292,0.007352,172.31.46.0-255,66,124430,41,140043
8293,0.009983,172.31.46.0-255,66,124496,41,140043
8294,0.012769,172.31.46.0-255,66,124562,41,140043
8295,0.015378,172.31.46.0-255,66,124628,41,140043
8296,0.017988,172.31.46.0-255,66,124694,41,140043
8297,0.020559,172.31.46.0-255,66,124760,41,140043
8298,0.023161,172.31.46.0-255,66,124826,41,140043
8299,0.025697,172.31.46.0-255,66,124892,41,140043
8300,0.028288,172.31.46.0-255,66,124958,41,140043
8301,0.030865,172.31.46.0-255,66,125024,41,140043
8302,0.033457,172.31.46.0-255,66,125090,41,140043
8303,0.034954,172.31.46.0-255,172,125262,41,140043
8304,0.035001,172.31.46.0-255,1119,126381,41,140043
8305,0.035069,172.31.46.0-255,1514,127895,41,140043
8306,0.035071,172.31.46.0-255,1514,129409,41,140043
8307,0.035077,172.31.46.0-255,1514,130923,41,140043
8308,0.035078,172.31.46.0-255,1514,132437,41,140043
8309,0.035095,172.31.46.0-255,1472,133909,41,140043
8310,0.036036,172.31.46.0-255,66,133975,41,140043
8311,0.036523,104.244.42.0-255,66,134041,41,140043
8312,0.036554,104.244.42.0-255,66,134107,41,140043
8313,0.036688,104.244.42.0-255,66,134173,41,140043
8314,0.03864,74.125.24.0-255,4320,138493,41,140043
8315,0.038647,172.31.46.0-255,66,138559,41,140043
8316,0.038674,74.125.24.0-255,1484,140043,41,140043
8317,0.0,74.125.24.0-255,153,153,41,91863
8318,2.4e-05,172.31.46.0-255,66,219,41,91863
8319,3e-05,74.125.24.0-255,1484,1703,41,91863
8320,3.5e-05,172.31.46.0-255,66,1769,41,91863
8321,4.7e-05,74.125.24.0-255,2902,4671,41,91863
8322,5e-05,172.31.46.0-255,66,4737,41,91863
8323,5.5e-05,74.125.24.0-255,2902,7639,41,91863
8324,5.9e-05,172.31.46.0-255,66,7705,41,91863
8325,8.6e-05,74.125.24.0-255,2902,10607,41,91863
8326,9.4e-05,172.31.46.0-255,66,10673,41,91863
8327,0.000113,74.125.24.0-255,3446,14119,41,91863
8328,0.000116,172.31.46.0-255,66,14185,41,91863
8329,0.000139,74.125.24.0-255,1484,15669,41,91863
8330,0.000142,172.31.46.0-255,66,15735,41,91863
8331,0.000159,74.125.24.0-255,2902,18637,41,91863
8332,0.000161,172.31.46.0-255,66,18703,41,91863
8333,0.000195,172.31.46.0-255,66,18769,41,91863
8334,0.000205,172.31.46.0-255,66,18835,41,91863
8335,0.00035,74.125.24.0-255,1484,20319,41,91863
8336,0.000355,172.31.46.0-255,66,20385,41,91863
8337,0.000361,74.125.24.0-255,2902,23287,41,91863
8338,0.000364,172.31.46.0-255,66,23353,41,91863
8339,0.000378,172.31.46.0-255,66,23419,41,91863
8340,0.000419,172.31.46.0-255,66,23485,41,91863
8341,0.000428,172.31.46.0-255,66,23551,41,91863
8342,0.000472,172.31.46.0-255,66,23617,41,91863
8343,0.000475,74.125.24.0-255,443,24060,41,91863
8344,0.000595,74.125.24.0-255,332,24392,41,91863
8345,0.000958,74.125.24.0-255,1484,25876,41,91863
8346,0.000965,172.31.46.0-255,66,25942,41,91863
8347,0.000993,74.125.24.0-255,2902,28844,41,91863
8348,0.000996,172.31.46.0-255,66,28910,41,91863
8349,0.001004,172.31.46.0-255,66,28976,41,91863
8350,0.001016,172.31.46.0-255,66,29042,41,91863
8351,0.001049,172.31.46.0-255,66,29108,41,91863
8352,0.001089,172.31.46.0-255,66,29174,41,91863
8353,0.001096,74.125.24.0-255,5020,34194,41,91863
8354,0.001098,172.31.46.0-255,66,34260,41,91863
8355,0.001614,74.125.24.0-255,1484,35744,41,91863
8356,0.00162,74.125.24.0-255,2902,38646,41,91863
8357,0.001623,172.31.46.0-255,66,38712,41,91863
8358,0.001661,172.31.46.0-255,66,38778,41,91863
8359,0.001685,172.31.46.0-255,66,38844,41,91863
8360,0.001709,74.125.24.0-255,2902,41746,41,91863
8361,0.001711,172.31.46.0-255,66,41812,41,91863
8362,0.001722,172.31.46.0-255,66,41878,41,91863
8363,0.001747,74.125.24.0-255,2184,44062,41,91863
8364,0.001749,172.31.46.0-255,66,44128,41,91863
8365,0.001816,74.125.24.0-255,1484,45612,41,91863
8366,0.001829,74.125.24.0-255,2902,48514,41,91863
8367,0.001832,172.31.46.0-255,66,48580,41,91863
8368,0.001837,74.125.24.0-255,2902,51482,41,91863
8369,0.001839,172.31.46.0-255,66,51548,41,91863
8370,0.001868,74.125.24.0-255,2902,54450,41,91863
8371,0.00187,172.31.46.0-255,66,54516,41,91863
8372,0.001881,172.31.46.0-255,66,54582,41,91863
8373,0.001889,172.31.46.0-255,66,54648,41,91863
8374,0.001916,74.125.24.0-255,4320,58968,41,91863
8375,0.001918,172.31.46.0-255,66,59034,41,91863
8376,0.001929,74.125.24.0-255,5020,64054,41,91863
8377,0.001931,172.31.46.0-255,66,64120,41,91863
8378,0.00197,74.125.24.0-255,4320,68440,41,91863
8379,0.001974,172.31.46.0-255,66,68506,41,91863
8380,0.003877,74.125.24.0-255,1484,69990,41,91863
8381,0.003918,74.125.24.0-255,1484,71474,41,91863
8382,0.003923,172.31.46.0-255,66,71540,41,91863
8383,0.00395,74.125.24.0-255,2902,74442,41,91863
8384,0.003952,172.31.46.0-255,66,74508,41,91863
8385,0.005877,74.125.24.0-255,2902,77410,41,91863
8386,0.00588,172.31.46.0-255,66,77476,41,91863
8387,0.005912,74.125.24.0-255,2902,80378,41,91863
8388,0.005914,172.31.46.0-255,66,80444,41,91863
8389,0.007845,172.31.46.0-255,66,80510,41,91863
8390,0.00979,172.31.46.0-255,66,80576,41,91863
8391,0.01177,172.31.46.0-255,66,80642,41,91863
8392,0.013738,172.31.46.0-255,66,80708,41,91863
8393,0.015723,172.31.46.0-255,66,80774,41,91863
8394,0.017684,172.31.46.0-255,66,80840,41,91863
8395,0.019642,172.31.46.0-255,66,80906,41,91863
8396,0.021617,172.31.46.0-255,66,80972,41,91863
8397,0.023575,172.31.46.0-255,66,81038,41,91863
8398,0.025525,172.31.46.0-255,66,81104,41,91863
8399,0.027514,172.31.46.0-255,66,81170,41,91863
8400,0.028704,172.31.46.0-255,172,81342,41,91863
8401,0.028733,172.31.46.0-255,1118,82460,41,91863
8402,0.028792,172.31.46.0-255,1514,83974,41,91863
8403,0.028798,172.31.46.0-255,1514,85488,41,91863
8404,0.028803,172.31.46.0-255,1514,87002,41,91863
8405,0.028804,172.31.46.0-255,1514,88516,41,91863
8406,0.028822,172.31.46.0-255,1514,90030,41,91863
8407,0.028824,172.31.46.0-255,1173,91203,41,91863
8408,0.029472,172.31.46.0-255,66,91269,41,91863
8409,0.030214,104.244.42.0-255,66,91335,41,91863
8410,0.030252,104.244.42.0-255,66,91401,41,91863
8411,0.030305,104.244.42.0-255,66,91467,41,91863
8412,0.030339,104.244.42.0-255,66,91533,41,91863
8413,0.031439,172.31.46.0-255,66,91599,41,91863
8414,0.03347,172.31.46.0-255,66,91665,41,91863
8415,0.03542,172.31.46.0-255,66,91731,41,91863
8416,0.037381,172.31.46.0-255,66,91797,41,91863
8417,0.039331,172.31.46.0-255,66,91863,41,91863
8418,0.0,172.31.46.0-255,66,66,41,66
8419,0.0,74.125.68.0-255,153,153,41,111898
8420,2.5e-05,172.31.46.0-255,66,219,41,111898
8421,3.2e-05,74.125.68.0-255,1484,1703,41,111898
8422,3.7e-05,172.31.46.0-255,66,1769,41,111898
8423,4.3e-05,74.125.68.0-255,2902,4671,41,111898
8424,4.7e-05,172.31.46.0-255,66,4737,41,111898
8425,5.2e-05,74.125.68.0-255,4320,9057,41,111898
8426,5.6e-05,172.31.46.0-255,66,9123,41,111898
8427,6.2e-05,74.125.68.0-255,4823,13946,41,111898
8428,6.5e-05,172.31.46.0-255,66,14012,41,111898
8429,9.5e-05,74.125.68.0-255,1484,15496,41,111898
8430,9.7e-05,172.31.46.0-255,66,15562,41,111898
8431,0.000117,74.125.68.0-255,2902,18464,41,111898
8432,0.00012,172.31.46.0-255,66,18530,41,111898
8433,0.000146,74.125.68.0-255,2902,21432,41,111898
8434,0.000149,172.31.46.0-255,66,21498,41,111898
8435,0.000167,74.125.68.0-255,1484,22982,41,111898
8436,0.000169,172.31.46.0-255,66,23048,41,111898
8437,0.000179,172.31.46.0-255,66,23114,41,111898
8438,0.000183,74.125.68.0-255,2543,25657,41,111898
8439,0.000185,172.31.46.0-255,66,25723,41,111898
8440,0.000262,74.125.68.0-255,1484,27207,41,111898
8441,0.000266,172.31.46.0-255,66,27273,41,111898
8442,0.000287,74.125.68.0-255,2902,30175,41,111898
8443,0.00029,172.31.46.0-255,66,30241,41,111898
8444,0.000293,74.125.68.0-255,1484,31725,41,111898
8445,0.000295,172.31.46.0-255,66,31791,41,111898
8446,0.0003,74.125.68.0-255,2902,34693,41,111898
8447,0.000302,172.31.46.0-255,66,34759,41,111898
8448,0.000328,172.31.46.0-255,66,34825,41,111898
8449,0.000353,74.125.68.0-255,2543,37368,41,111898
8450,0.000355,172.31.46.0-255,66,37434,41,111898
8451,0.000371,74.125.68.0-255,2902,40336,41,111898
8452,0.000374,172.31.46.0-255,66,40402,41,111898
8453,0.000378,74.125.68.0-255,2902,43304,41,111898
8454,0.00038,172.31.46.0-255,66,43370,41,111898
8455,0.000403,74.125.68.0-255,4320,47690,41,111898
8456,0.000406,172.31.46.0-255,66,47756,41,111898
8457,0.000433,74.125.68.0-255,1484,49240,41,111898
8458,0.000452,172.31.46.0-255,66,49306,41,111898
8459,0.000466,74.125.68.0-255,109,49415,41,111898
8460,0.000603,74.125.68.0-255,1484,50899,41,111898
8461,0.000609,74.125.68.0-255,2902,53801,41,111898
8462,0.000615,172.31.46.0-255,66,53867,41,111898
8463,0.000622,172.31.46.0-255,66,53933,41,111898
8464,0.000637,74.125.68.0-255,4320,58253,41,111898
8465,0.00064,172.31.46.0-255,66,58319,41,111898
8466,0.000653,74.125.68.0-255,1484,59803,41,111898
8467,0.000663,172.31.46.0-255,66,59869,41,111898
8468,0.000695,172.31.46.0-255,66,59935,41,111898
8469,0.000703,172.31.46.0-255,66,60001,41,111898
8470,0.000752,74.125.68.0-255,3961,63962,41,111898
8471,0.000756,172.31.46.0-255,66,64028,41,111898
8472,0.000952,74.125.68.0-255,1484,65512,41,111898
8473,0.000958,74.125.68.0-255,2902,68414,41,111898
8474,0.000961,172.31.46.0-255,66,68480,41,111898
8475,0.000989,172.31.46.0-255,66,68546,41,111898
8476,0.001014,172.31.46.0-255,66,68612,41,111898
8477,0.001018,74.125.68.0-255,2902,71514,41,111898
8478,0.001021,172.31.46.0-255,66,71580,41,111898
8479,0.001053,172.31.46.0-255,66,71646,41,111898
8480,0.001062,172.31.46.0-255,66,71712,41,111898
8481,0.001086,74.125.68.0-255,766,72478,41,111898
8482,0.001117,74.125.68.0-255,1484,73962,41,111898
8483,0.00112,172.31.46.0-255,66,74028,41,111898
8484,0.001125,74.125.68.0-255,2902,76930,41,111898
8485,0.001127,172.31.46.0-255,66,76996,41,111898
8486,0.00113,74.125.68.0-255,1484,78480,41,111898
8487,0.001159,74.125.68.0-255,4320,82800,41,111898
8488,0.001162,172.31.46.0-255,66,82866,41,111898
8489,0.001173,172.31.46.0-255,66,82932,41,111898
8490,0.001204,172.31.46.0-255,66,82998,41,111898
8491,0.00121,74.125.68.0-255,5020,88018,41,111898
8492,0.001212,172.31.46.0-255,66,88084,41,111898
8493,0.001898,74.125.68.0-255,1484,89568,41,111898
8494,0.001904,74.125.68.0-255,1484,91052,41,111898
8495,0.001907,172.31.46.0-255,66,91118,41,111898
8496,0.001924,74.125.68.0-255,1484,92602,41,111898
8497,0.001933,172.31.46.0-255,66,92668,41,111898
8498,0.001961,74.125.68.0-255,1484,94152,41,111898
8499,0.001983,172.31.46.0-255,66,94218,41,111898
8500,0.001994,172.31.46.0-255,66,94284,41,111898
8501,0.00201,74.125.68.0-255,3602,97886,41,111898
8502,0.002012,172.31.46.0-255,66,97952,41,111898
8503,0.004093,74.125.68.0-255,1484,99436,41,111898
8504,0.004121,74.125.68.0-255,4320,103756,41,111898
8505,0.004127,172.31.46.0-255,66,103822,41,111898
8506,0.006215,172.31.46.0-255,66,103888,41,111898
8507,0.008316,172.31.46.0-255,66,103954,41,111898
8508,0.010424,172.31.46.0-255,66,104020,41,111898
8509,0.012541,172.31.46.0-255,66,104086,41,111898
8510,0.014653,172.31.46.0-255,66,104152,41,111898
8511,0.016761,172.31.46.0-255,66,104218,41,111898
8512,0.018875,172.31.46.0-255,66,104284,41,111898
8513,0.020986,172.31.46.0-255,66,104350,41,111898
8514,0.02159,172.31.46.0-255,101,104451,41,111898
8515,0.023097,172.31.46.0-255,66,104517,41,111898
8516,0.023639,74.125.68.0-255,66,104583,41,111898
8517,0.025172,74.125.68.0-255,2902,107485,41,111898
8518,0.025179,172.31.46.0-255,66,107551,41,111898
8519,0.025203,74.125.68.0-255,2902,110453,41,111898
8520,0.025206,172.31.46.0-255,66,110519,41,111898
8521,0.026214,172.31.46.0-255,172,110691,41,111898
8522,0.026247,172.31.46.0-255,613,111304,41,111898
8523,0.027278,172.31.46.0-255,66,111370,41,111898
8524,0.027814,104.244.42.0-255,66,111436,41,111898
8525,0.027823,104.244.42.0-255,66,111502,41,111898
8526,0.029369,172.31.46.0-255,66,111568,41,111898
8527,0.031474,172.31.46.0-255,66,111634,41,111898
8528,0.033575,172.31.46.0-255,66,111700,41,111898
8529,0.035672,172.31.46.0-255,66,111766,41,111898
8530,0.037754,172.31.46.0-255,66,111832,41,111898
8531,0.039837,172.31.46.0-255,66,111898,41,111898
8532,0.0,74.125.24.0-255,66,66,41,66
8533,0.0,74.125.24.0-255,148,148,41,109627
8534,3.4e-05,172.31.46.0-255,66,214,41,109627
8535,4.1e-05,74.125.24.0-255,1484,1698,41,109627
8536,4.6e-05,172.31.46.0-255,66,1764,41,109627
8537,5.1e-05,74.125.24.0-255,2902,4666,41,109627
8538,5.4e-05,172.31.46.0-255,66,4732,41,109627
8539,6.3e-05,172.31.46.0-255,66,4798,41,109627
8540,6.5e-05,74.125.24.0-255,1484,6282,41,109627
8541,6.8e-05,172.31.46.0-255,66,6348,41,109627
8542,9.6e-05,74.125.24.0-255,4899,11247,41,109627
8543,9.9e-05,172.31.46.0-255,66,11313,41,109627
8544,0.000115,172.31.46.0-255,66,11379,41,109627
8545,0.000183,74.125.24.0-255,1484,12863,41,109627
8546,0.000187,172.31.46.0-255,66,12929,41,109627
8547,0.000191,74.125.24.0-255,1484,14413,41,109627
8548,0.000193,172.31.46.0-255,66,14479,41,109627
8549,0.000208,74.125.24.0-255,1484,15963,41,109627
8550,0.00021,172.31.46.0-255,66,16029,41,109627
8551,0.000213,74.125.24.0-255,1484,17513,41,109627
8552,0.000215,172.31.46.0-255,66,17579,41,109627
8553,0.000241,74.125.24.0-255,4320,21899,41,109627
8554,0.000244,172.31.46.0-255,66,21965,41,109627
8555,0.000247,74.125.24.0-255,1484,23449,41,109627
8556,0.000249,172.31.46.0-255,66,23515,41,109627
8557,0.000292,172.31.46.0-255,66,23581,41,109627
8558,0.000302,172.31.46.0-255,66,23647,41,109627
8559,0.000321,74.125.24.0-255,2856,26503,41,109627
8560,0.000324,172.31.46.0-255,66,26569,41,109627
8561,0.000856,74.125.24.0-255,111,26680,41,109627
8562,0.000899,74.125.24.0-255,1484,28164,41,109627
8563,0.000904,172.31.46.0-255,66,28230,41,109627
8564,0.00091,74.125.24.0-255,2902,31132,41,109627
8565,0.000912,172.31.46.0-255,66,31198,41,109627
8566,0.000946,172.31.46.0-255,66,31264,41,109627
8567,0.000959,172.31.46.0-255,66,31330,41,109627
8568,0.001006,172.31.46.0-255,66,31396,41,109627
8569,0.001034,74.125.24.0-255,5020,36416,41,109627
8570,0.001037,172.31.46.0-255,66,36482,41,109627
8571,0.001084,74.125.24.0-255,1484,37966,41,109627
8572,0.001091,74.125.24.0-255,2902,40868,41,109627
8573,0.001094,172.31.46.0-255,66,40934,41,109627
8574,0.001123,172.31.46.0-255,66,41000,41,109627
8575,0.001143,172.31.46.0-255,66,41066,41,109627
8576,0.001161,172.31.46.0-255,66,41132,41,109627
8577,0.001272,74.125.24.0-255,1484,42616,41,109627
8578,0.001293,74.125.24.0-255,2902,45518,41,109627
8579,0.001357,74.125.24.0-255,4320,49838,41,109627
8580,0.001594,74.125.24.0-255,1484,51322,41,109627
8581,0.001615,74.125.24.0-255,2902,54224,41,109627
8582,0.001626,74.125.24.0-255,1484,55708,41,109627
8583,0.001684,74.125.24.0-255,4320,60028,41,109627
8584,0.001696,74.125.24.0-255,4320,64348,41,109627
8585,0.001729,74.125.24.0-255,1484,65832,41,109627
8586,0.001795,74.125.24.0-255,2902,68734,41,109627
8587,0.00189,74.125.24.0-255,1484,70218,41,109627
8588,0.001919,74.125.24.0-255,5020,75238,41,109627
8589,0.001934,74.125.24.0-255,2902,78140,41,109627
8590,0.001956,74.125.24.0-255,4320,82460,41,109627
8591,0.00196,74.125.24.0-255,2902,85362,41,109627
8592,0.001989,74.125.24.0-255,1484,86846,41,109627
8593,0.002076,74.125.24.0-255,5020,91866,41,109627
8594,0.002109,74.125.24.0-255,2902,94768,41,109627
8595,0.002158,74.125.24.0-255,2902,97670,41,109627
8596,0.002194,74.125.24.0-255,2184,99854,41,109627
8597,0.002233,74.125.24.0-255,105,99959,41,109627
8598,0.005148,172.31.46.0-255,66,100025,41,109627
8599,0.008014,172.31.46.0-255,105,100130,41,109627
8600,0.010295,74.125.24.0-255,66,100196,41,109627
8601,0.030387,172.31.46.0-255,176,100372,41,109627
8602,0.030429,172.31.46.0-255,1114,101486,41,109627
8603,0.030484,172.31.46.0-255,1514,103000,41,109627
8604,0.030486,172.31.46.0-255,1514,104514,41,109627
8605,0.030491,172.31.46.0-255,1514,106028,41,109627
8606,0.030492,172.31.46.0-255,1514,107542,41,109627
8607,0.030517,172.31.46.0-255,1514,109056,41,109627
8608,0.030518,172.31.46.0-255,133,109189,41,109627
8609,0.031889,104.244.42.0-255,66,109255,41,109627
8610,0.032002,104.244.42.0-255,66,109321,41,109627
8611,0.032017,104.244.42.0-255,66,109387,41,109627
8612,0.032021,104.244.42.0-255,66,109453,41,109627
8613,0.032954,104.244.42.0-255,108,109561,41,109627
8614,0.032963,172.31.46.0-255,66,109627,41,109627
8615,0.0,74.125.68.0-255,297,297,41,131638
8616,2.5e-05,172.31.46.0-255,66,363,41,131638
8617,3.2e-05,74.125.68.0-255,1484,1847,41,131638
8618,3.9e-05,172.31.46.0-255,66,1913,41,131638
8619,4.4e-05,74.125.68.0-255,2902,4815,41,131638
8620,5.4e-05,172.31.46.0-255,66,4881,41,131638
8621,6e-05,74.125.68.0-255,4320,9201,41,131638
8622,6.3e-05,172.31.46.0-255,66,9267,41,131638
8623,0.000105,74.125.68.0-255,4679,13946,41,131638
8624,0.000108,172.31.46.0-255,66,14012,41,131638
8625,0.000132,74.125.68.0-255,1484,15496,41,131638
8626,0.000134,172.31.46.0-255,66,15562,41,131638
8627,0.000152,74.125.68.0-255,2902,18464,41,131638
8628,0.000154,172.31.46.0-255,66,18530,41,131638
8629,0.000182,172.31.46.0-255,66,18596,41,131638
8630,0.000185,74.125.68.0-255,1484,20080,41,131638
8631,0.000187,172.31.46.0-255,66,20146,41,131638
8632,0.00021,74.125.68.0-255,2902,23048,41,131638
8633,0.000212,172.31.46.0-255,66,23114,41,131638
8634,0.000252,172.31.46.0-255,66,23180,41,131638
8635,0.000261,172.31.46.0-255,66,23246,41,131638
8636,0.000285,74.125.68.0-255,1484,24730,41,131638
8637,0.000288,172.31.46.0-255,66,24796,41,131638
8638,0.000298,172.31.46.0-255,66,24862,41,131638
8639,0.000335,74.125.68.0-255,1484,26346,41,131638
8640,0.00034,172.31.46.0-255,66,26412,41,131638
8641,0.000349,74.125.68.0-255,2902,29314,41,131638
8642,0.000352,172.31.46.0-255,66,29380,41,131638
8643,0.000391,172.31.46.0-255,66,29446,41,131638
8644,0.0004,172.31.46.0-255,66,29512,41,131638
8645,0.000451,74.125.68.0-255,1455,30967,41,131638
8646,0.000455,74.125.68.0-255,347,31314,41,131638
8647,0.000458,172.31.46.0-255,66,31380,41,131638
8648,0.000578,74.125.68.0-255,1484,32864,41,131638
8649,0.000584,74.125.68.0-255,2902,35766,41,131638
8650,0.000588,172.31.46.0-255,66,35832,41,131638
8651,0.000616,172.31.46.0-255,66,35898,41,131638
8652,0.000641,74.125.68.0-255,4320,40218,41,131638
8653,0.000644,172.31.46.0-255,66,40284,41,131638
8654,0.000667,74.125.68.0-255,1994,42278,41,131638
8655,0.00067,172.31.46.0-255,66,42344,41,131638
8656,0.00101,74.125.68.0-255,1484,43828,41,131638
8657,0.001018,74.125.68.0-255,2902,46730,41,131638
8658,0.001021,172.31.46.0-255,66,46796,41,131638
8659,0.001025,74.125.68.0-255,1484,48280,41,131638
8660,0.001054,74.125.68.0-255,4320,52600,41,131638
8661,0.001057,172.31.46.0-255,66,52666,41,131638
8662,0.001064,74.125.68.0-255,4320,56986,41,131638
8663,0.001066,172.31.46.0-255,66,57052,41,131638
8664,0.001075,74.125.68.0-255,2902,59954,41,131638
8665,0.001078,172.31.46.0-255,66,60020,41,131638
8666,0.001129,172.31.46.0-255,66,60086,41,131638
8667,0.00114,172.31.46.0-255,66,60152,41,131638
8668,0.001609,74.125.68.0-255,1484,61636,41,131638
8669,0.001618,74.125.68.0-255,2902,64538,41,131638
8670,0.001621,172.31.46.0-255,66,64604,41,131638
8671,0.00164,74.125.68.0-255,4320,68924,41,131638
8672,0.001643,172.31.46.0-255,66,68990,41,131638
8673,0.001668,74.125.68.0-255,1484,70474,41,131638
8674,0.001673,74.125.68.0-255,2902,73376,41,131638
8675,0.001676,172.31.46.0-255,66,73442,41,131638
8676,0.001681,74.125.68.0-255,4320,77762,41,131638
8677,0.001683,172.31.46.0-255,66,77828,41,131638
8678,0.001698,172.31.46.0-255,66,77894,41,131638
8679,0.001706,172.31.46.0-255,66,77960,41,131638
8680,0.001749,74.125.68.0-255,2184,80144,41,131638
8681,0.001752,172.31.46.0-255,66,80210,41,131638
8682,0.001861,74.125.68.0-255,1484,81694,41,131638
8683,0.001881,74.125.68.0-255,2902,84596,41,131638
8684,0.001884,172.31.46.0-255,66,84662,41,131638
8685,0.00189,74.125.68.0-255,2902,87564,41,131638
8686,0.001892,172.31.46.0-255,66,87630,41,131638
8687,0.001915,74.125.68.0-255,2902,90532,41,131638
8688,0.001917,172.31.46.0-255,66,90598,41,131638
8689,0.001923,74.125.68.0-255,2902,93500,41,131638
8690,0.001925,172.31.46.0-255,66,93566,41,131638
8691,0.00193,74.125.68.0-255,2902,96468,41,131638
8692,0.001932,172.31.46.0-255,66,96534,41,131638
8693,0.001975,172.31.46.0-255,66,96600,41,131638
8694,0.001987,172.31.46.0-255,66,96666,41,131638
8695,0.00199,74.125.68.0-255,766,97432,41,131638
8696,0.00203,74.125.68.0-255,1484,98916,41,131638
8697,0.002034,74.125.68.0-255,2902,101818,41,131638
8698,0.002038,172.31.46.0-255,66,101884,41,131638
8699,0.002041,172.31.46.0-255,66,101950,41,131638
8700,0.00206,74.125.68.0-255,1484,103434,41,131638
8701,0.002066,74.125.68.0-255,4320,107754,41,131638
8702,0.002069,172.31.46.0-255,66,107820,41,131638
8703,0.002077,172.31.46.0-255,66,107886,41,131638
8704,0.002118,172.31.46.0-255,66,107952,41,131638
8705,0.002123,74.125.68.0-255,2902,110854,41,131638
8706,0.002126,172.31.46.0-255,66,110920,41,131638
8707,0.002152,74.125.68.0-255,3602,114522,41,131638
8708,0.002155,172.31.46.0-255,66,114588,41,131638
8709,0.00425,74.125.68.0-255,1484,116072,41,131638
8710,0.004279,74.125.68.0-255,4320,120392,41,131638
8711,0.004289,172.31.46.0-255,66,120458,41,131638
8712,0.0064,172.31.46.0-255,66,120524,41,131638
8713,0.008558,172.31.46.0-255,66,120590,41,131638
8714,0.010665,74.125.68.0-255,4320,124910,41,131638
8715,0.010674,172.31.46.0-255,66,124976,41,131638
8716,0.0107,74.125.68.0-255,1484,126460,41,131638
8717,0.012835,74.125.68.0-255,4320,130780,41,131638
8718,0.012855,172.31.46.0-255,66,130846,41,131638
8719,0.015001,172.31.46.0-255,66,130912,41,131638
8720,0.017135,172.31.46.0-255,66,130978,41,131638
8721,0.01928,172.31.46.0-255,66,131044,41,131638
8722,0.021415,172.31.46.0-255,66,131110,41,131638
8723,0.023532,172.31.46.0-255,66,131176,41,131638
8724,0.025671,172.31.46.0-255,66,131242,41,131638
8725,0.027812,172.31.46.0-255,66,131308,41,131638
8726,0.029937,172.31.46.0-255,66,131374,41,131638
8727,0.032066,172.31.46.0-255,66,131440,41,131638
8728,0.034215,172.31.46.0-255,66,131506,41,131638
8729,0.036357,172.31.46.0-255,66,131572,41,131638
8730,0.038501,172.31.46.0-255,66,131638,41,131638
8731,0.0,74.125.24.0-255,153,153,41,65630
8732,2.3e-05,172.31.46.0-255,66,219,41,65630
8733,3e-05,74.125.24.0-255,1484,1703,41,65630
8734,3.5e-05,172.31.46.0-255,66,1769,41,65630
8735,4.1e-05,74.125.24.0-255,2902,4671,41,65630
8736,5.1e-05,172.31.46.0-255,66,4737,41,65630
8737,5.6e-05,74.125.24.0-255,4320,9057,41,65630
8738,5.9e-05,172.31.46.0-255,66,9123,41,65630
8739,8.1e-05,74.125.24.0-255,2902,12025,41,65630
8740,8.4e-05,172.31.46.0-255,66,12091,41,65630
8741,0.000113,74.125.24.0-255,2052,14143,41,65630
8742,0.000115,172.31.46.0-255,66,14209,41,65630
8743,0.000358,74.125.24.0-255,1484,15693,41,65630
8744,0.000362,172.31.46.0-255,66,15759,41,65630
8745,0.000368,74.125.24.0-255,2902,18661,41,65630
8746,0.000371,172.31.46.0-255,66,18727,41,65630
8747,0.000375,74.125.24.0-255,2902,21629,41,65630
8748,0.000381,172.31.46.0-255,66,21695,41,65630
8749,0.00041,74.125.24.0-255,2902,24597,41,65630
8750,0.000414,172.31.46.0-255,66,24663,41,65630
8751,0.000445,172.31.46.0-255,66,24729,41,65630
8752,0.00049,74.125.24.0-255,2902,27631,41,65630
8753,0.000493,172.31.46.0-255,66,27697,41,65630
8754,0.000514,172.31.46.0-255,66,27763,41,65630
8755,0.000519,74.125.24.0-255,4320,32083,41,65630
8756,0.000521,172.31.46.0-255,66,32149,41,65630
8757,0.000556,172.31.46.0-255,66,32215,41,65630
8758,0.000559,74.125.24.0-255,1484,33699,41,65630
8759,0.000561,172.31.46.0-255,66,33765,41,65630
8760,0.000584,74.125.24.0-255,3602,37367,41,65630
8761,0.000586,172.31.46.0-255,66,37433,41,65630
8762,0.000589,74.125.24.0-255,396,37829,41,65630
8763,0.000626,74.125.24.0-255,117,37946,41,65630
8764,0.000992,172.31.46.0-255,66,38012,41,65630
8765,0.001556,74.125.24.0-255,1484,39496,41,65630
8766,0.001568,74.125.24.0-255,2902,42398,41,65630
8767,0.001573,172.31.46.0-255,66,42464,41,65630
8768,0.001602,74.125.24.0-255,2902,45366,41,65630
8769,0.001605,172.31.46.0-255,66,45432,41,65630
8770,0.001614,172.31.46.0-255,66,45498,41,65630
8771,0.00162,74.125.24.0-255,2902,48400,41,65630
8772,0.001622,172.31.46.0-255,66,48466,41,65630
8773,0.001654,172.31.46.0-255,66,48532,41,65630
8774,0.001688,172.31.46.0-255,66,48598,41,65630
8775,0.00185,74.125.24.0-255,326,48924,41,65630
8776,0.002335,74.125.24.0-255,1484,50408,41,65630
8777,0.002338,172.31.46.0-255,66,50474,41,65630
8778,0.002343,74.125.24.0-255,2902,53376,41,65630
8779,0.002344,172.31.46.0-255,66,53442,41,65630
8780,0.002361,74.125.24.0-255,2902,56344,41,65630
8781,0.002363,172.31.46.0-255,66,56410,41,65630
8782,0.002391,74.125.24.0-255,2902,59312,41,65630
8783,0.002393,172.31.46.0-255,66,59378,41,65630
8784,0.002401,172.31.46.0-255,66,59444,41,65630
8785,0.004795,172.31.46.0-255,66,59510,41,65630
8786,0.00718,172.31.46.0-255,66,59576,41,65630
8787,0.009569,172.31.46.0-255,66,59642,41,65630
8788,0.011954,172.31.46.0-255,66,59708,41,65630
8789,0.014351,172.31.46.0-255,66,59774,41,65630
8790,0.016722,172.31.46.0-255,66,59840,41,65630
8791,0.019109,172.31.46.0-255,66,59906,41,65630
8792,0.021531,172.31.46.0-255,66,59972,41,65630
8793,0.023947,172.31.46.0-255,66,60038,41,65630
8794,0.025832,172.31.46.0-255,172,60210,41,65630
8795,0.025858,172.31.46.0-255,1115,61325,41,65630
8796,0.02591,172.31.46.0-255,1514,62839,41,65630
8797,0.02593,172.31.46.0-255,1514,64353,41,65630
8798,0.025933,172.31.46.0-255,683,65036,41,65630
8799,0.026333,172.31.46.0-255,66,65102,41,65630
8800,0.027491,104.244.42.0-255,66,65168,41,65630
8801,0.027542,104.244.42.0-255,66,65234,41,65630
8802,0.027594,104.244.42.0-255,66,65300,41,65630
8803,0.028726,172.31.46.0-255,66,65366,41,65630
8804,0.031101,172.31.46.0-255,66,65432,41,65630
8805,0.033487,172.31.46.0-255,66,65498,41,65630
8806,0.035891,172.31.46.0-255,66,65564,41,65630
8807,0.038332,172.31.46.0-255,66,65630,41,65630
8808,0.0,74.125.68.0-255,146,146,41,101798
8809,2.1e-05,172.31.46.0-255,66,212,41,101798
8810,2.7e-05,74.125.68.0-255,1484,1696,41,101798
8811,3.1e-05,172.31.46.0-255,66,1762,41,101798
8812,3.7e-05,74.125.68.0-255,2902,4664,41,101798
8813,4.6e-05,172.31.46.0-255,66,4730,41,101798
8814,5.5e-05,172.31.46.0-255,66,4796,41,101798
8815,8.8e-05,74.125.68.0-255,4840,9636,41,101798
8816,9.1e-05,172.31.46.0-255,66,9702,41,101798
8817,9.9e-05,172.31.46.0-255,66,9768,41,101798
8818,0.000163,172.31.46.0-255,66,9834,41,101798
8819,0.00022,74.125.68.0-255,1484,11318,41,101798
8820,0.000223,172.31.46.0-255,66,11384,41,101798
8821,0.000247,74.125.68.0-255,2902,14286,41,101798
8822,0.00025,172.31.46.0-255,66,14352,41,101798
8823,0.000258,172.31.46.0-255,66,14418,41,101798
8824,0.000291,172.31.46.0-255,66,14484,41,101798
8825,0.000295,74.125.68.0-255,1484,15968,41,101798
8826,0.000296,172.31.46.0-255,66,16034,41,101798
8827,0.000331,172.31.46.0-255,66,16100,41,101798
8828,0.000362,172.31.46.0-255,66,16166,41,101798
8829,0.000399,74.125.68.0-255,1484,17650,41,101798
8830,0.000401,172.31.46.0-255,66,17716,41,101798
8831,0.000425,74.125.68.0-255,4267,21983,41,101798
8832,0.000427,172.31.46.0-255,66,22049,41,101798
8833,0.00043,74.125.68.0-255,115,22164,41,101798
8834,0.000431,172.31.46.0-255,66,22230,41,101798
8835,0.000524,74.125.68.0-255,330,22560,41,101798
8836,0.000702,74.125.68.0-255,1484,24044,41,101798
8837,0.000709,74.125.68.0-255,2902,26946,41,101798
8838,0.000719,172.31.46.0-255,66,27012,41,101798
8839,0.000727,74.125.68.0-255,1484,28496,41,101798
8840,0.000731,74.125.68.0-255,2902,31398,41,101798
8841,0.000739,172.31.46.0-255,66,31464,41,101798
8842,0.000772,172.31.46.0-255,66,31530,41,101798
8843,0.000781,74.125.68.0-255,2543,34073,41,101798
8844,0.000808,172.31.46.0-255,66,34139,41,101798
8845,0.000816,74.125.68.0-255,2902,37041,41,101798
8846,0.000819,74.125.68.0-255,1484,38525,41,101798
8847,0.000831,74.125.68.0-255,1484,40009,41,101798
8848,0.000834,172.31.46.0-255,66,40075,41,101798
8849,0.000844,74.125.68.0-255,1484,41559,41,101798
8850,0.000871,74.125.68.0-255,1484,43043,41,101798
8851,0.000876,172.31.46.0-255,66,43109,41,101798
8852,0.000887,74.125.68.0-255,2543,45652,41,101798
8853,0.000901,172.31.46.0-255,66,45718,41,101798
8854,0.002068,74.125.68.0-255,1484,47202,41,101798
8855,0.002075,172.31.46.0-255,66,47268,41,101798
8856,0.002082,74.125.68.0-255,2902,50170,41,101798
8857,0.002086,74.125.68.0-255,1484,51654,41,101798
8858,0.002104,74.125.68.0-255,2902,54556,41,101798
8859,0.002122,74.125.68.0-255,2902,57458,41,101798
8860,0.002137,74.125.68.0-255,2902,60360,41,101798
8861,0.002139,74.125.68.0-255,1484,61844,41,101798
8862,0.002154,74.125.68.0-255,1484,63328,41,101798
8863,0.002167,74.125.68.0-255,2902,66230,41,101798
8864,0.002189,74.125.68.0-255,4320,70550,41,101798
8865,0.002203,74.125.68.0-255,2184,72734,41,101798
8866,0.007066,172.31.46.0-255,66,72800,41,101798
8867,0.009489,172.31.46.0-255,66,72866,41,101798
8868,0.011895,172.31.46.0-255,66,72932,41,101798
8869,0.01431,172.31.46.0-255,66,72998,41,101798
8870,0.016727,172.31.46.0-255,66,73064,41,101798
8871,0.019129,172.31.46.0-255,66,73130,41,101798
8872,0.02157,172.31.46.0-255,66,73196,41,101798
8873,0.023979,172.31.46.0-255,66,73262,41,101798
8874,0.026369,172.31.46.0-255,66,73328,41,101798
8875,0.02879,172.31.46.0-255,66,73394,41,101798
8876,0.030396,172.31.46.0-255,172,73566,41,101798
8877,0.030428,172.31.46.0-255,1118,74684,41,101798
8878,0.030486,172.31.46.0-255,1514,76198,41,101798
8879,0.030505,172.31.46.0-255,1514,77712,41,101798
8880,0.030509,172.31.46.0-255,1514,79226,41,101798
8881,0.030522,172.31.46.0-255,1514,80740,41,101798
8882,0.03054,172.31.46.0-255,1514,82254,41,101798
8883,0.030541,172.31.46.0-255,1166,83420,41,101798
8884,0.031197,172.31.46.0-255,66,83486,41,101798
8885,0.032067,104.244.42.0-255,66,83552,41,101798
8886,0.032089,104.244.42.0-255,66,83618,41,101798
8887,0.032178,104.244.42.0-255,66,83684,41,101798
8888,0.03221,104.244.42.0-255,66,83750,41,101798
8889,0.032214,104.244.42.0-255,66,83816,41,101798
8890,0.032817,104.244.42.0-255,108,83924,41,101798
8891,0.03283,172.31.46.0-255,66,83990,41,101798
8892,0.033701,74.125.68.0-255,2902,86892,41,101798
8893,0.033709,172.31.46.0-255,66,86958,41,101798
8894,0.033733,74.125.68.0-255,2902,89860,41,101798
8895,0.033765,172.31.46.0-255,66,89926,41,101798
8896,0.036115,74.125.68.0-255,2902,92828,41,101798
8897,0.036126,172.31.46.0-255,66,92894,41,101798
8898,0.036158,74.125.68.0-255,2902,95796,41,101798
8899,0.036214,172.31.46.0-255,66,95862,41,101798
8900,0.038519,74.125.68.0-255,2902,98764,41,101798
8901,0.038534,172.31.46.0-255,66,98830,41,101798
8902,0.038593,74.125.68.0-255,2902,101732,41,101798
8903,0.038629,172.31.46.0-255,66,101798,41,101798
8904,0.0,74.125.68.0-255,155,155,41,136659
8905,1.6e-05,172.31.46.0-255,66,221,41,136659
8906,2.3e-05,74.125.68.0-255,1484,1705,41,136659
8907,2.7e-05,172.31.46.0-255,66,1771,41,136659
8908,4e-05,74.125.68.0-255,2902,4673,41,136659
8909,4.3e-05,172.31.46.0-255,66,4739,41,136659
8910,4.7e-05,74.125.68.0-255,2902,7641,41,136659
8911,5e-05,172.31.46.0-255,66,7707,41,136659
8912,7.8e-05,74.125.68.0-255,1484,9191,41,136659
8913,8e-05,172.31.46.0-255,66,9257,41,136659
8914,0.000115,74.125.68.0-255,4904,14161,41,136659
8915,0.000118,172.31.46.0-255,66,14227,41,136659
8916,0.000147,172.31.46.0-255,66,14293,41,136659
8917,0.00015,74.125.68.0-255,1484,15777,41,136659
8918,0.000152,172.31.46.0-255,66,15843,41,136659
8919,0.000173,74.125.68.0-255,4320,20163,41,136659
8920,0.000175,172.31.46.0-255,66,20229,41,136659
8921,0.000196,74.125.68.0-255,4320,24549,41,136659
8922,0.000198,172.31.46.0-255,66,24615,41,136659
8923,0.000201,74.125.68.0-255,1125,25740,41,136659
8924,0.000203,172.31.46.0-255,66,25806,41,136659
8925,0.000296,74.125.68.0-255,1484,27290,41,136659
8926,0.0003,172.31.46.0-255,66,27356,41,136659
8927,0.000304,74.125.68.0-255,1484,28840,41,136659
8928,0.000306,172.31.46.0-255,66,28906,41,136659
8929,0.00034,74.125.68.0-255,1484,30390,41,136659
8930,0.000342,172.31.46.0-255,66,30456,41,136659
8931,0.000351,172.31.46.0-255,66,30522,41,136659
8932,0.000356,74.125.68.0-255,4320,34842,41,136659
8933,0.000358,172.31.46.0-255,66,34908,41,136659
8934,0.000415,74.125.68.0-255,4320,39228,41,136659
8935,0.000457,74.125.68.0-255,4235,43463,41,136659
8936,0.000535,74.125.68.0-255,132,43595,41,136659
8937,0.000538,74.125.68.0-255,348,43943,41,136659
8938,0.000576,172.31.46.0-255,66,44009,41,136659
8939,0.000866,74.125.68.0-255,1484,45493,41,136659
8940,0.00087,74.125.68.0-255,1484,46977,41,136659
8941,0.000881,74.125.68.0-255,1484,48461,41,136659
8942,0.000888,172.31.46.0-255,66,48527,41,136659
8943,0.000897,74.125.68.0-255,4320,52847,41,136659
8944,0.000901,172.31.46.0-255,66,52913,41,136659
8945,0.000926,74.125.68.0-255,1484,54397,41,136659
8946,0.000931,74.125.68.0-255,4320,58717,41,136659
8947,0.000935,74.125.68.0-255,4320,63037,41,136659
8948,0.000943,172.31.46.0-255,66,63103,41,136659
8949,0.000989,172.31.46.0-255,66,63169,41,136659
8950,0.001015,74.125.68.0-255,1484,64653,41,136659
8951,0.001018,74.125.68.0-255,1484,66137,41,136659
8952,0.00102,172.31.46.0-255,66,66203,41,136659
8953,0.001041,74.125.68.0-255,1484,67687,41,136659
8954,0.001066,172.31.46.0-255,66,67753,41,136659
8955,0.001111,172.31.46.0-255,66,67819,41,136659
8956,0.001159,172.31.46.0-255,66,67885,41,136659
8957,0.001487,74.125.68.0-255,1484,69369,41,136659
8958,0.001502,74.125.68.0-255,2902,72271,41,136659
8959,0.001505,172.31.46.0-255,66,72337,41,136659
8960,0.00151,74.125.68.0-255,2902,75239,41,136659
8961,0.001514,172.31.46.0-255,66,75305,41,136659
8962,0.001532,74.125.68.0-255,2902,78207,41,136659
8963,0.001536,74.125.68.0-255,2902,81109,41,136659
8964,0.001547,172.31.46.0-255,66,81175,41,136659
8965,0.001572,74.125.68.0-255,1484,82659,41,136659
8966,0.001616,172.31.46.0-255,66,82725,41,136659
8967,0.001673,74.125.68.0-255,1484,84209,41,136659
8968,0.001697,74.125.68.0-255,2902,87111,41,136659
8969,0.0017,172.31.46.0-255,66,87177,41,136659
8970,0.001757,172.31.46.0-255,66,87243,41,136659
8971,0.001777,74.125.68.0-255,1484,88727,41,136659
8972,0.001813,172.31.46.0-255,66,88793,41,136659
8973,0.001835,74.125.68.0-255,1484,90277,41,136659
8974,0.00184,74.125.68.0-255,2902,93179,41,136659
8975,0.001871,74.125.68.0-255,2902,96081,41,136659
8976,0.001875,172.31.46.0-255,66,96147,41,136659
8977,0.001891,74.125.68.0-255,2902,99049,41,136659
8978,0.001894,74.125.68.0-255,1484,100533,41,136659
8979,0.001903,172.31.46.0-255,66,100599,41,136659
8980,0.00193,172.31.46.0-255,66,100665,41,136659
8981,0.00196,74.125.68.0-255,3602,104267,41,136659
8982,0.001967,172.31.46.0-255,66,104333,41,136659
8983,0.002021,74.125.68.0-255,1484,105817,41,136659
8984,0.002026,74.125.68.0-255,2902,108719,41,136659
8985,0.002044,172.31.46.0-255,66,108785,41,136659
8986,0.002054,172.31.46.0-255,66,108851,41,136659
8987,0.00209,74.125.68.0-255,2902,111753,41,136659
8988,0.002124,74.125.68.0-255,4320,116073,41,136659
8989,0.002212,74.125.68.0-255,1484,117557,41,136659
8990,0.002234,74.125.68.0-255,2902,120459,41,136659
8991,0.002238,74.125.68.0-255,2902,123361,41,136659
8992,0.002249,74.125.68.0-255,1484,124845,41,136659
8993,0.002261,74.125.68.0-255,2902,127747,41,136659
8994,0.0023,74.125.68.0-255,1484,129231,41,136659
8995,0.00234,74.125.68.0-255,4320,133551,41,136659
8996,0.002354,74.125.68.0-255,2184,135735,41,136659
8997,0.007855,172.31.46.0-255,66,135801,41,136659
8998,0.010219,172.31.46.0-255,66,135867,41,136659
8999,0.012554,172.31.46.0-255,66,135933,41,136659
9000,0.014937,172.31.46.0-255,66,135999,41,136659
9001,0.017275,172.31.46.0-255,66,136065,41,136659
9002,0.019605,172.31.46.0-255,66,136131,41,136659
9003,0.021971,172.31.46.0-255,66,136197,41,136659
9004,0.024342,172.31.46.0-255,66,136263,41,136659
9005,0.026685,172.31.46.0-255,66,136329,41,136659
9006,0.02904,172.31.46.0-255,66,136395,41,136659
9007,0.03139,172.31.46.0-255,66,136461,41,136659
9008,0.033748,172.31.46.0-255,66,136527,41,136659
9009,0.036092,172.31.46.0-255,66,136593,41,136659
9010,0.038425,172.31.46.0-255,66,136659,41,136659
9011,0.0,74.125.200.0-255,210,210,41,230221
9012,3.3e-05,74.125.200.0-255,1484,1694,41,230221
9013,4e-05,172.31.46.0-255,66,1760,41,230221
9014,4.8e-05,74.125.200.0-255,4320,6080,41,230221
9015,5.1e-05,172.31.46.0-255,66,6146,41,230221
9016,8.9e-05,172.31.46.0-255,66,6212,41,230221
9017,9.3e-05,74.125.200.0-255,1484,7696,41,230221
9018,0.00011,74.125.200.0-255,634,8330,41,230221
9019,0.000112,172.31.46.0-255,66,8396,41,230221
9020,0.000168,74.125.200.0-255,1484,9880,41,230221
9021,0.000183,74.125.200.0-255,2902,12782,41,230221
9022,0.000185,172.31.46.0-255,66,12848,41,230221
9023,0.00021,74.125.200.0-255,2902,15750,41,230221
9024,0.000213,172.31.46.0-255,66,15816,41,230221
9025,0.000218,74.125.200.0-255,4320,20136,41,230221
9026,0.00022,172.31.46.0-255,66,20202,41,230221
9027,0.000243,74.125.200.0-255,1484,21686,41,230221
9028,0.000253,74.125.200.0-255,1484,23170,41,230221
9029,0.000255,172.31.46.0-255,66,23236,41,230221
9030,0.000278,74.125.200.0-255,2543,25779,41,230221
9031,0.00028,172.31.46.0-255,66,25845,41,230221
9032,0.000384,74.125.200.0-255,1484,27329,41,230221
9033,0.000398,74.125.200.0-255,1484,28813,41,230221
9034,0.000401,172.31.46.0-255,66,28879,41,230221
9035,0.000426,74.125.200.0-255,2902,31781,41,230221
9036,0.000431,172.31.46.0-255,66,31847,41,230221
9037,0.000437,74.125.200.0-255,1484,33331,41,230221
9038,0.000455,74.125.200.0-255,4320,37651,41,230221
9039,0.000458,172.31.46.0-255,66,37717,41,230221
9040,0.00046,74.125.200.0-255,1484,39201,41,230221
9041,0.000464,74.125.200.0-255,2902,42103,41,230221
9042,0.000466,172.31.46.0-255,66,42169,41,230221
9043,0.000508,74.125.200.0-255,1125,43294,41,230221
9044,0.000626,74.125.200.0-255,1484,44778,41,230221
9045,0.00063,172.31.46.0-255,66,44844,41,230221
9046,0.000635,74.125.200.0-255,2902,47746,41,230221
9047,0.000637,172.31.46.0-255,66,47812,41,230221
9048,0.000655,74.125.200.0-255,1484,49296,41,230221
9049,0.000683,74.125.200.0-255,2902,52198,41,230221
9050,0.000686,172.31.46.0-255,66,52264,41,230221
9051,0.000689,74.125.200.0-255,1484,53748,41,230221
9052,0.000714,74.125.200.0-255,4320,58068,41,230221
9053,0.000716,74.125.200.0-255,1484,59552,41,230221
9054,0.00072,172.31.46.0-255,66,59618,41,230221
9055,0.000754,74.125.200.0-255,1459,61077,41,230221
9056,0.000757,172.31.46.0-255,66,61143,41,230221
9057,0.001254,74.125.200.0-255,109,61252,41,230221
9058,0.001402,74.125.200.0-255,1484,62736,41,230221
9059,0.001407,172.31.46.0-255,66,62802,41,230221
9060,0.001434,74.125.200.0-255,2902,65704,41,230221
9061,0.001436,172.31.46.0-255,66,65770,41,230221
9062,0.001444,172.31.46.0-255,66,65836,41,230221
9063,0.001483,172.31.46.0-255,66,65902,41,230221
9064,0.001517,74.125.200.0-255,1484,67386,41,230221
9065,0.001537,74.125.200.0-255,2902,70288,41,230221
9066,0.001539,172.31.46.0-255,66,70354,41,230221
9067,0.001548,172.31.46.0-255,66,70420,41,230221
9068,0.001572,172.31.46.0-255,66,70486,41,230221
9069,0.002459,74.125.200.0-255,1484,71970,41,230221
9070,0.002465,74.125.200.0-255,1484,73454,41,230221
9071,0.002468,172.31.46.0-255,66,73520,41,230221
9072,0.002496,74.125.200.0-255,2902,76422,41,230221
9073,0.002499,172.31.46.0-255,66,76488,41,230221
9074,0.002502,74.125.200.0-255,1484,77972,41,230221
9075,0.00253,74.125.200.0-255,4320,82292,41,230221
9076,0.002532,172.31.46.0-255,66,82358,41,230221
9077,0.002547,74.125.200.0-255,1484,83842,41,230221
9078,0.002555,172.31.46.0-255,66,83908,41,230221
9079,0.002577,74.125.200.0-255,1484,85392,41,230221
9080,0.002585,172.31.46.0-255,66,85458,41,230221
9081,0.00259,74.125.200.0-255,4320,89778,41,230221
9082,0.002592,172.31.46.0-255,66,89844,41,230221
9083,0.002648,74.125.200.0-255,3602,93446,41,230221
9084,0.002651,172.31.46.0-255,66,93512,41,230221
9085,0.002736,74.125.200.0-255,1484,94996,41,230221
9086,0.002754,74.125.200.0-255,2902,97898,41,230221
9087,0.002756,172.31.46.0-255,66,97964,41,230221
9088,0.002784,172.31.46.0-255,66,98030,41,230221
9089,0.002786,74.125.200.0-255,1484,99514,41,230221
9090,0.002807,74.125.200.0-255,4320,103834,41,230221
9091,0.002809,172.31.46.0-255,66,103900,41,230221
9092,0.002817,172.31.46.0-255,66,103966,41,230221
9093,0.002835,74.125.200.0-255,1484,105450,41,230221
9094,0.002847,172.31.46.0-255,66,105516,41,230221
9095,0.003056,74.125.200.0-255,1484,107000,41,230221
9096,0.003077,74.125.200.0-255,1484,108484,41,230221
9097,0.003079,172.31.46.0-255,66,108550,41,230221
9098,0.003089,74.125.200.0-255,1484,110034,41,230221
9099,0.003105,74.125.200.0-255,4320,114354,41,230221
9100,0.003107,172.31.46.0-255,66,114420,41,230221
9101,0.00311,74.125.200.0-255,1484,115904,41,230221
9102,0.003114,74.125.200.0-255,2902,118806,41,230221
9103,0.003116,172.31.46.0-255,66,118872,41,230221
9104,0.00314,74.125.200.0-255,4320,123192,41,230221
9105,0.003142,172.31.46.0-255,66,123258,41,230221
9106,0.003152,172.31.46.0-255,66,123324,41,230221
9107,0.003159,74.125.200.0-255,1484,124808,41,230221
9108,0.003183,172.31.46.0-255,66,124874,41,230221
9109,0.003188,74.125.200.0-255,3602,128476,41,230221
9110,0.003189,172.31.46.0-255,66,128542,41,230221
9111,0.003305,74.125.200.0-255,1484,130026,41,230221
9112,0.003323,74.125.200.0-255,1484,131510,41,230221
9113,0.003325,172.31.46.0-255,66,131576,41,230221
9114,0.003341,74.125.200.0-255,1484,133060,41,230221
9115,0.003356,74.125.200.0-255,1484,134544,41,230221
9116,0.003358,172.31.46.0-255,66,134610,41,230221
9117,0.003387,172.31.46.0-255,66,134676,41,230221
9118,0.00339,74.125.200.0-255,1484,136160,41,230221
9119,0.003412,74.125.200.0-255,2902,139062,41,230221
9120,0.003414,172.31.46.0-255,66,139128,41,230221
9121,0.003418,74.125.200.0-255,2902,142030,41,230221
9122,0.003421,172.31.46.0-255,66,142096,41,230221
9123,0.003439,74.125.200.0-255,2902,144998,41,230221
9124,0.003441,172.31.46.0-255,66,145064,41,230221
9125,0.003445,74.125.200.0-255,1484,146548,41,230221
9126,0.003454,74.125.200.0-255,2902,149450,41,230221
9127,0.003457,172.31.46.0-255,66,149516,41,230221
9128,0.00349,172.31.46.0-255,66,149582,41,230221
9129,0.003516,74.125.200.0-255,2184,151766,41,230221
9130,0.003519,172.31.46.0-255,66,151832,41,230221
9131,0.003522,74.125.200.0-255,1484,153316,41,230221
9132,0.003544,74.125.200.0-255,1484,154800,41,230221
9133,0.003546,172.31.46.0-255,66,154866,41,230221
9134,0.003557,172.31.46.0-255,66,154932,41,230221
9135,0.003572,74.125.200.0-255,4320,159252,41,230221
9136,0.003575,172.31.46.0-255,66,159318,41,230221
9137,0.00358,74.125.200.0-255,4320,163638,41,230221
9138,0.003583,172.31.46.0-255,66,163704,41,230221
9139,0.003624,172.31.46.0-255,66,163770,41,230221
9140,0.003633,172.31.46.0-255,66,163836,41,230221
9141,0.003648,172.31.46.0-255,66,163902,41,230221
9142,0.003652,74.125.200.0-255,2902,166804,41,230221
9143,0.003655,172.31.46.0-255,66,166870,41,230221
9144,0.003704,172.31.46.0-255,66,166936,41,230221
9145,0.003737,74.125.200.0-255,4320,171256,41,230221
9146,0.003739,172.31.46.0-255,66,171322,41,230221
9147,0.003749,172.31.46.0-255,66,171388,41,230221
9148,0.003759,74.125.200.0-255,5020,176408,41,230221
9149,0.003761,172.31.46.0-255,66,176474,41,230221
9150,0.004455,74.125.200.0-255,1484,177958,41,230221
9151,0.004461,74.125.200.0-255,1484,179442,41,230221
9152,0.004465,172.31.46.0-255,66,179508,41,230221
9153,0.004482,74.125.200.0-255,1484,180992,41,230221
9154,0.004488,74.125.200.0-255,2902,183894,41,230221
9155,0.00449,172.31.46.0-255,66,183960,41,230221
9156,0.004515,74.125.200.0-255,2902,186862,41,230221
9157,0.004518,172.31.46.0-255,66,186928,41,230221
9158,0.00456,74.125.200.0-255,2902,189830,41,230221
9159,0.004562,172.31.46.0-255,66,189896,41,230221
9160,0.004597,172.31.46.0-255,66,189962,41,230221
9161,0.004613,172.31.46.0-255,66,190028,41,230221
9162,0.004626,172.31.46.0-255,66,190094,41,230221
9163,0.00463,74.125.200.0-255,2902,192996,41,230221
9164,0.004633,172.31.46.0-255,66,193062,41,230221
9165,0.004683,172.31.46.0-255,66,193128,41,230221
9166,0.004698,172.31.46.0-255,66,193194,41,230221
9167,0.004703,74.125.200.0-255,3602,196796,41,230221
9168,0.004706,172.31.46.0-255,66,196862,41,230221
9169,0.004892,74.125.200.0-255,1484,198346,41,230221
9170,0.004909,74.125.200.0-255,2902,201248,41,230221
9171,0.004913,172.31.46.0-255,66,201314,41,230221
9172,0.004942,172.31.46.0-255,66,201380,41,230221
9173,0.004965,172.31.46.0-255,66,201446,41,230221
9174,0.004995,74.125.200.0-255,1484,202930,41,230221
9175,0.005,74.125.200.0-255,2902,205832,41,230221
9176,0.005002,172.31.46.0-255,66,205898,41,230221
9177,0.005007,74.125.200.0-255,2902,208800,41,230221
9178,0.005009,172.31.46.0-255,66,208866,41,230221
9179,0.005012,74.125.200.0-255,1484,210350,41,230221
9180,0.005027,172.31.46.0-255,66,210416,41,230221
9181,0.005032,74.125.200.0-255,3602,214018,41,230221
9182,0.005034,172.31.46.0-255,66,214084,41,230221
9183,0.005039,74.125.200.0-255,4320,218404,41,230221
9184,0.005042,172.31.46.0-255,66,218470,41,230221
9185,0.005074,74.125.200.0-255,4320,222790,41,230221
9186,0.005078,172.31.46.0-255,66,222856,41,230221
9187,0.0051,74.125.200.0-255,1173,224029,41,230221
9188,0.005117,74.125.200.0-255,105,224134,41,230221
9189,0.005145,74.125.200.0-255,129,224263,41,230221
9190,0.007289,172.31.46.0-255,105,224368,41,230221
9191,0.007323,172.31.46.0-255,105,224473,41,230221
9192,0.007534,172.31.46.0-255,90,224563,41,230221
9193,0.007542,172.31.46.0-255,66,224629,41,230221
9194,0.009714,74.125.200.0-255,66,224695,41,230221
9195,0.009735,74.125.200.0-255,66,224761,41,230221
9196,0.00995,74.125.200.0-255,66,224827,41,230221
9197,0.009991,74.125.200.0-255,66,224893,41,230221
9198,0.009997,172.31.46.0-255,66,224959,41,230221
9199,0.031567,172.31.46.0-255,172,225131,41,230221
9200,0.031597,172.31.46.0-255,1115,226246,41,230221
9201,0.031655,172.31.46.0-255,1514,227760,41,230221
9202,0.031657,172.31.46.0-255,1514,229274,41,230221
9203,0.031681,172.31.46.0-255,683,229957,41,230221
9204,0.033231,104.244.42.0-255,66,230023,41,230221
9205,0.033324,104.244.42.0-255,66,230089,41,230221
9206,0.033329,104.244.42.0-255,66,230155,41,230221
9207,0.033333,104.244.42.0-255,66,230221,41,230221
9208,0.0,172.31.46.0-255,105,105,41,276
9209,0.001755,157.240.25.0-255,105,210,41,276
9210,0.001766,172.31.46.0-255,66,276,41,276
9211,0.0,172.31.46.0-255,105,105,41,459
9212,0.000277,172.31.46.0-255,90,195,41,459
9213,0.000288,172.31.46.0-255,66,261,41,459
9214,0.002535,74.125.68.0-255,66,327,41,459
9215,0.002559,74.125.68.0-255,66,393,41,459
9216,0.002577,172.31.46.0-255,66,459,41,459
9217,0.0,74.125.24.0-255,146,146,41,102416
9218,1.3e-05,172.31.46.0-255,66,212,41,102416
9219,1.9e-05,74.125.24.0-255,1484,1696,41,102416
9220,2.3e-05,172.31.46.0-255,66,1762,41,102416
9221,3.8e-05,74.125.24.0-255,2902,4664,41,102416
9222,4.2e-05,172.31.46.0-255,66,4730,41,102416
9223,5.4e-05,172.31.46.0-255,66,4796,41,102416
9224,8.4e-05,74.125.24.0-255,1989,6785,41,102416
9225,8.7e-05,172.31.46.0-255,66,6851,41,102416
9226,0.000172,74.125.24.0-255,1484,8335,41,102416
9227,0.000176,172.31.46.0-255,66,8401,41,102416
9228,0.000182,74.125.24.0-255,2902,11303,41,102416
9229,0.000184,172.31.46.0-255,66,11369,41,102416
9230,0.000188,74.125.24.0-255,2902,14271,41,102416
9231,0.000195,172.31.46.0-255,66,14337,41,102416
9232,0.000226,74.125.24.0-255,2902,17239,41,102416
9233,0.000229,172.31.46.0-255,66,17305,41,102416
9234,0.000234,74.125.24.0-255,2902,20207,41,102416
9235,0.000236,172.31.46.0-255,66,20273,41,102416
9236,0.00025,172.31.46.0-255,66,20339,41,102416
9237,0.000259,172.31.46.0-255,66,20405,41,102416
9238,0.00028,74.125.24.0-255,2902,23307,41,102416
9239,0.000282,172.31.46.0-255,66,23373,41,102416
9240,0.000319,172.31.46.0-255,66,23439,41,102416
9241,0.000346,74.125.24.0-255,5020,28459,41,102416
9242,0.000349,172.31.46.0-255,66,28525,41,102416
9243,0.000351,74.125.24.0-255,442,28967,41,102416
9244,0.000354,172.31.46.0-255,66,29033,41,102416
9245,0.000463,74.125.24.0-255,1484,30517,41,102416
9246,0.00047,74.125.24.0-255,2902,33419,41,102416
9247,0.000473,172.31.46.0-255,66,33485,41,102416
9248,0.000477,74.125.24.0-255,1484,34969,41,102416
9249,0.000503,74.125.24.0-255,4320,39289,41,102416
9250,0.000506,172.31.46.0-255,66,39355,41,102416
9251,0.000515,172.31.46.0-255,66,39421,41,102416
9252,0.000566,172.31.46.0-255,66,39487,41,102416
9253,0.000572,74.125.24.0-255,5286,44773,41,102416
9254,0.000575,172.31.46.0-255,66,44839,41,102416
9255,0.00115,74.125.24.0-255,1484,46323,41,102416
9256,0.001156,74.125.24.0-255,2902,49225,41,102416
9257,0.00116,172.31.46.0-255,66,49291,41,102416
9258,0.001166,74.125.24.0-255,2902,52193,41,102416
9259,0.001167,172.31.46.0-255,66,52259,41,102416
9260,0.001206,74.125.24.0-255,2902,55161,41,102416
9261,0.001209,172.31.46.0-255,66,55227,41,102416
9262,0.001222,172.31.46.0-255,66,55293,41,102416
9263,0.001256,74.125.24.0-255,1484,56777,41,102416
9264,0.001266,172.31.46.0-255,66,56843,41,102416
9265,0.001285,74.125.24.0-255,5020,61863,41,102416
9266,0.001287,172.31.46.0-255,66,61929,41,102416
9267,0.001849,74.125.24.0-255,1484,63413,41,102416
9268,0.001873,74.125.24.0-255,2902,66315,41,102416
9269,0.001877,172.31.46.0-255,66,66381,41,102416
9270,0.001886,172.31.46.0-255,66,66447,41,102416
9271,0.001901,172.31.46.0-255,66,66513,41,102416
9272,0.001932,74.125.24.0-255,2902,69415,41,102416
9273,0.001935,172.31.46.0-255,66,69481,41,102416
9274,0.001948,172.31.46.0-255,66,69547,41,102416
9275,0.001977,74.125.24.0-255,1484,71031,41,102416
9276,0.001982,74.125.24.0-255,2902,73933,41,102416
9277,0.001984,172.31.46.0-255,66,73999,41,102416
9278,0.001993,172.31.46.0-255,66,74065,41,102416
9279,0.002066,172.31.46.0-255,66,74131,41,102416
9280,0.002071,74.125.24.0-255,4320,78451,41,102416
9281,0.002073,172.31.46.0-255,66,78517,41,102416
9282,0.002083,172.31.46.0-255,66,78583,41,102416
9283,0.002125,74.125.24.0-255,1484,80067,41,102416
9284,0.002128,74.125.24.0-255,1484,81551,41,102416
9285,0.002131,172.31.46.0-255,66,81617,41,102416
9286,0.002156,74.125.24.0-255,1484,83101,41,102416
9287,0.002165,172.31.46.0-255,66,83167,41,102416
9288,0.002183,172.31.46.0-255,66,83233,41,102416
9289,0.002194,172.31.46.0-255,66,83299,41,102416
9290,0.004808,74.125.24.0-255,4320,87619,41,102416
9291,0.004816,172.31.46.0-255,66,87685,41,102416
9292,0.004837,74.125.24.0-255,1484,89169,41,102416
9293,0.007393,74.125.24.0-255,4320,93489,41,102416
9294,0.007397,172.31.46.0-255,66,93555,41,102416
9295,0.009999,172.31.46.0-255,66,93621,41,102416
9296,0.012593,172.31.46.0-255,66,93687,41,102416
9297,0.015221,172.31.46.0-255,66,93753,41,102416
9298,0.017818,172.31.46.0-255,66,93819,41,102416
9299,0.020405,172.31.46.0-255,66,93885,41,102416
9300,0.023,172.31.46.0-255,66,93951,41,102416
9301,0.02564,172.31.46.0-255,66,94017,41,102416
9302,0.028223,172.31.46.0-255,66,94083,41,102416
9303,0.028926,172.31.46.0-255,172,94255,41,102416
9304,0.028959,172.31.46.0-255,1119,95374,41,102416
9305,0.029028,172.31.46.0-255,1514,96888,41,102416
9306,0.02903,172.31.46.0-255,1514,98402,41,102416
9307,0.029036,172.31.46.0-255,1514,99916,41,102416
9308,0.029037,172.31.46.0-255,1514,101430,41,102416
9309,0.029054,172.31.46.0-255,524,101954,41,102416
9310,0.030462,104.244.42.0-255,66,102020,41,102416
9311,0.030501,104.244.42.0-255,66,102086,41,102416
9312,0.030595,104.244.42.0-255,66,102152,41,102416
9313,0.030821,172.31.46.0-255,66,102218,41,102416
9314,0.033414,172.31.46.0-255,66,102284,41,102416
9315,0.036034,172.31.46.0-255,66,102350,41,102416
9316,0.038643,172.31.46.0-255,66,102416,41,102416
9317,0.0,74.125.24.0-255,146,146,41,107540
9318,2.8e-05,172.31.46.0-255,66,212,41,107540
9319,3.5e-05,74.125.24.0-255,1484,1696,41,107540
9320,3.9e-05,172.31.46.0-255,66,1762,41,107540
9321,4.6e-05,74.125.24.0-255,2902,4664,41,107540
9322,5.7e-05,172.31.46.0-255,66,4730,41,107540
9323,6.9e-05,172.31.46.0-255,66,4796,41,107540
9324,7.9e-05,172.31.46.0-255,66,4862,41,107540
9325,0.000117,172.31.46.0-255,66,4928,41,107540
9326,0.000142,74.125.24.0-255,1484,6412,41,107540
9327,0.000145,172.31.46.0-255,66,6478,41,107540
9328,0.000171,74.125.24.0-255,2902,9380,41,107540
9329,0.000173,172.31.46.0-255,66,9446,41,107540
9330,0.000182,172.31.46.0-255,66,9512,41,107540
9331,0.000203,172.31.46.0-255,66,9578,41,107540
9332,0.000235,74.125.24.0-255,3961,13539,41,107540
9333,0.000237,172.31.46.0-255,66,13605,41,107540
9334,0.000253,172.31.46.0-255,66,13671,41,107540
9335,0.000258,74.125.24.0-255,4235,17906,41,107540
9336,0.000261,172.31.46.0-255,66,17972,41,107540
9337,0.000264,74.125.24.0-255,133,18105,41,107540
9338,0.000267,172.31.46.0-255,66,18171,41,107540
9339,0.000392,74.125.24.0-255,1484,19655,41,107540
9340,0.000396,172.31.46.0-255,66,19721,41,107540
9341,0.000404,74.125.24.0-255,2902,22623,41,107540
9342,0.000412,172.31.46.0-255,66,22689,41,107540
9343,0.000417,74.125.24.0-255,4320,27009,41,107540
9344,0.000446,74.125.24.0-255,1484,28493,41,107540
9345,0.000451,74.125.24.0-255,2902,31395,41,107540
9346,0.000479,74.125.24.0-255,4320,35715,41,107540
9347,0.000528,74.125.24.0-255,1484,37199,41,107540
9348,0.000532,74.125.24.0-255,2902,40101,41,107540
9349,0.000551,74.125.24.0-255,4320,44421,41,107540
9350,0.000581,74.125.24.0-255,1484,45905,41,107540
9351,0.00059,74.125.24.0-255,1484,47389,41,107540
9352,0.00063,74.125.24.0-255,4320,51709,41,107540
9353,0.000633,74.125.24.0-255,2184,53893,41,107540
9354,0.000654,74.125.24.0-255,2902,56795,41,107540
9355,0.000673,74.125.24.0-255,4320,61115,41,107540
9356,0.000713,74.125.24.0-255,1484,62599,41,107540
9357,0.000783,74.125.24.0-255,2902,65501,41,107540
9358,0.000832,74.125.24.0-255,1484,66985,41,107540
9359,0.000886,172.31.46.0-255,66,67051,41,107540
9360,0.000892,172.31.46.0-255,66,67117,41,107540
9361,0.000954,74.125.24.0-255,2184,69301,41,107540
9362,0.000971,172.31.46.0-255,66,69367,41,107540
9363,0.001305,74.125.24.0-255,1484,70851,41,107540
9364,0.00131,74.125.24.0-255,1484,72335,41,107540
9365,0.001321,172.31.46.0-255,66,72401,41,107540
9366,0.001326,74.125.24.0-255,1484,73885,41,107540
9367,0.00133,74.125.24.0-255,2902,76787,41,107540
9368,0.001335,172.31.46.0-255,66,76853,41,107540
9369,0.001355,74.125.24.0-255,2902,79755,41,107540
9370,0.001361,74.125.24.0-255,4320,84075,41,107540
9371,0.001403,74.125.24.0-255,4320,88395,41,107540
9372,0.00142,172.31.46.0-255,66,88461,41,107540
9373,0.001425,172.31.46.0-255,66,88527,41,107540
9374,0.001448,74.125.24.0-255,766,89293,41,107540
9375,0.001504,74.125.24.0-255,1484,90777,41,107540
9376,0.00151,74.125.24.0-255,2902,93679,41,107540
9377,0.001514,74.125.24.0-255,2902,96581,41,107540
9378,0.001529,74.125.24.0-255,2902,99483,41,107540
9379,0.001533,172.31.46.0-255,66,99549,41,107540
9380,0.001538,172.31.46.0-255,66,99615,41,107540
9381,0.001587,74.125.24.0-255,1484,101099,41,107540
9382,0.001603,172.31.46.0-255,66,101165,41,107540
9383,0.001626,74.125.24.0-255,2902,104067,41,107540
9384,0.001638,172.31.46.0-255,66,104133,41,107540
9385,0.001753,74.125.24.0-255,2902,107035,41,107540
9386,0.001759,172.31.46.0-255,66,107101,41,107540
9387,0.001833,74.125.24.0-255,97,107198,41,107540
9388,0.001835,74.125.24.0-255,105,107303,41,107540
9389,0.001841,172.31.46.0-255,66,107369,41,107540
9390,0.010661,172.31.46.0-255,105,107474,41,107540
9391,0.013178,74.125.24.0-255,66,107540,41,107540
9392,0.0,74.125.68.0-255,66,66,41,66
9393,0.0,74.125.200.0-255,313,313,41,197645
9394,1.4e-05,172.31.46.0-255,66,379,41,197645
9395,1.8e-05,74.125.200.0-255,1484,1863,41,197645
9396,2.3e-05,172.31.46.0-255,66,1929,41,197645
9397,2.6e-05,74.125.200.0-255,1484,3413,41,197645
9398,2.9e-05,172.31.46.0-255,66,3479,41,197645
9399,3.5e-05,74.125.200.0-255,2902,6381,41,197645
9400,3.8e-05,172.31.46.0-255,66,6447,41,197645
9401,4.3e-05,74.125.200.0-255,2902,9349,41,197645
9402,4.7e-05,172.31.46.0-255,66,9415,41,197645
9403,7.1e-05,74.125.200.0-255,2902,12317,41,197645
9404,7.4e-05,172.31.46.0-255,66,12383,41,197645
9405,8e-05,74.125.200.0-255,3546,15929,41,197645
9406,8.3e-05,172.31.46.0-255,66,15995,41,197645
9407,8.8e-05,74.125.200.0-255,4320,20315,41,197645
9408,9e-05,172.31.46.0-255,66,20381,41,197645
9409,0.000127,172.31.46.0-255,66,20447,41,197645
9410,0.00013,74.125.200.0-255,1125,21572,41,197645
9411,0.000132,172.31.46.0-255,66,21638,41,197645
9412,0.000212,74.125.200.0-255,1484,23122,41,197645
9413,0.000229,172.31.46.0-255,66,23188,41,197645
9414,0.000234,74.125.200.0-255,1484,24672,41,197645
9415,0.000236,172.31.46.0-255,66,24738,41,197645
9416,0.000244,74.125.200.0-255,2902,27640,41,197645
9417,0.000247,172.31.46.0-255,66,27706,41,197645
9418,0.00025,74.125.200.0-255,1484,29190,41,197645
9419,0.000252,172.31.46.0-255,66,29256,41,197645
9420,0.000277,74.125.200.0-255,4320,33576,41,197645
9421,0.00028,172.31.46.0-255,66,33642,41,197645
9422,0.000286,74.125.200.0-255,4320,37962,41,197645
9423,0.000288,172.31.46.0-255,66,38028,41,197645
9424,0.00031,74.125.200.0-255,2543,40571,41,197645
9425,0.000321,74.125.200.0-255,1484,42055,41,197645
9426,0.0005,172.31.46.0-255,66,42121,41,197645
9427,0.000617,74.125.200.0-255,137,42258,41,197645
9428,0.000686,74.125.200.0-255,1484,43742,41,197645
9429,0.000702,74.125.200.0-255,2902,46644,41,197645
9430,0.00071,172.31.46.0-255,66,46710,41,197645
9431,0.000719,74.125.200.0-255,1484,48194,41,197645
9432,0.000723,74.125.200.0-255,2902,51096,41,197645
9433,0.000732,172.31.46.0-255,66,51162,41,197645
9434,0.00076,172.31.46.0-255,66,51228,41,197645
9435,0.000779,74.125.200.0-255,2543,53771,41,197645
9436,0.000798,74.125.200.0-255,1484,55255,41,197645
9437,0.000808,74.125.200.0-255,1484,56739,41,197645
9438,0.00081,74.125.200.0-255,1484,58223,41,197645
9439,0.000813,172.31.46.0-255,66,58289,41,197645
9440,0.000817,172.31.46.0-255,66,58355,41,197645
9441,0.000846,172.31.46.0-255,66,58421,41,197645
9442,0.000868,74.125.200.0-255,1484,59905,41,197645
9443,0.000903,172.31.46.0-255,66,59971,41,197645
9444,0.003637,74.125.200.0-255,1484,61455,41,197645
9445,0.003647,74.125.200.0-255,2902,64357,41,197645
9446,0.003652,172.31.46.0-255,66,64423,41,197645
9447,0.003696,74.125.200.0-255,4320,68743,41,197645
9448,0.003717,74.125.200.0-255,4320,73063,41,197645
9449,0.003732,74.125.200.0-255,1484,74547,41,197645
9450,0.003745,74.125.200.0-255,2902,77449,41,197645
9451,0.003801,74.125.200.0-255,4320,81769,41,197645
9452,0.003813,74.125.200.0-255,5020,86789,41,197645
9453,0.00388,74.125.200.0-255,1484,88273,41,197645
9454,0.003901,74.125.200.0-255,1484,89757,41,197645
9455,0.003918,74.125.200.0-255,2902,92659,41,197645
9456,0.003946,74.125.200.0-255,1484,94143,41,197645
9457,0.003971,74.125.200.0-255,1484,95627,41,197645
9458,0.004006,74.125.200.0-255,3602,99229,41,197645
9459,0.004009,74.125.200.0-255,1484,100713,41,197645
9460,0.004024,74.125.200.0-255,2902,103615,41,197645
9461,0.004076,74.125.200.0-255,4320,107935,41,197645
9462,0.004081,74.125.200.0-255,4320,112255,41,197645
9463,0.004331,74.125.200.0-255,2902,115157,41,197645
9464,0.004359,74.125.200.0-255,1484,116641,41,197645
9465,0.004371,74.125.200.0-255,2184,118825,41,197645
9466,0.004395,74.125.200.0-255,1484,120309,41,197645
9467,0.004399,74.125.200.0-255,2902,123211,41,197645
9468,0.00441,74.125.200.0-255,2902,126113,41,197645
9469,0.004458,74.125.200.0-255,5020,131133,41,197645
9470,0.004516,74.125.200.0-255,1484,132617,41,197645
9471,0.004522,74.125.200.0-255,2902,135519,41,197645
9472,0.004584,74.125.200.0-255,4320,139839,41,197645
9473,0.004611,74.125.200.0-255,5020,144859,41,197645
9474,0.004673,74.125.200.0-255,1484,146343,41,197645
9475,0.004691,74.125.200.0-255,2902,149245,41,197645
9476,0.004709,74.125.200.0-255,2902,152147,41,197645
9477,0.004729,74.125.200.0-255,4320,156467,41,197645
9478,0.004762,74.125.200.0-255,2902,159369,41,197645
9479,0.004832,74.125.200.0-255,4320,163689,41,197645
9480,0.004864,74.125.200.0-255,3602,167291,41,197645
9481,0.004917,74.125.200.0-255,1484,168775,41,197645
9482,0.004938,74.125.200.0-255,2902,171677,41,197645
9483,0.00497,74.125.200.0-255,1484,173161,41,197645
9484,0.004992,74.125.200.0-255,2902,176063,41,197645
9485,0.005015,74.125.200.0-255,1484,177547,41,197645
9486,0.005055,74.125.200.0-255,2902,180449,41,197645
9487,0.005088,74.125.200.0-255,2902,183351,41,197645
9488,0.005112,74.125.200.0-255,3602,186953,41,197645
9489,0.005114,74.125.200.0-255,1156,188109,41,197645
9490,0.005158,74.125.200.0-255,97,188206,41,197645
9491,0.005213,74.125.200.0-255,105,188311,41,197645
9492,0.00579,172.31.46.0-255,66,188377,41,197645
9493,0.008713,172.31.46.0-255,105,188482,41,197645
9494,0.011046,74.125.200.0-255,66,188548,41,197645
9495,0.036626,172.31.46.0-255,172,188720,41,197645
9496,0.036658,172.31.46.0-255,1119,189839,41,197645
9497,0.036736,172.31.46.0-255,1514,191353,41,197645
9498,0.036737,172.31.46.0-255,1514,192867,41,197645
9499,0.036739,172.31.46.0-255,1514,194381,41,197645
9500,0.03674,172.31.46.0-255,1514,195895,41,197645
9501,0.036768,172.31.46.0-255,1486,197381,41,197645
9502,0.038202,104.244.42.0-255,66,197447,41,197645
9503,0.038238,104.244.42.0-255,66,197513,41,197645
9504,0.038339,104.244.42.0-255,66,197579,41,197645
9505,0.038394,104.244.42.0-255,66,197645,41,197645
9506,0.0,172.217.194.0-255,150,150,41,97598
9507,1.9e-05,172.31.46.0-255,66,216,41,97598
9508,2.6e-05,172.217.194.0-255,1484,1700,41,97598
9509,3.1e-05,172.31.46.0-255,66,1766,41,97598
9510,3.6e-05,172.217.194.0-255,2902,4668,41,97598
9511,3.9e-05,172.31.46.0-255,66,4734,41,97598
9512,7e-05,172.31.46.0-255,66,4800,41,97598
9513,8.9e-05,172.217.194.0-255,2902,7702,41,97598
9514,9.1e-05,172.31.46.0-255,66,7768,41,97598
9515,0.000118,172.217.194.0-255,4920,12688,41,97598
9516,0.000121,172.31.46.0-255,66,12754,41,97598
9517,0.000133,172.31.46.0-255,66,12820,41,97598
9518,0.000389,172.217.194.0-255,1484,14304,41,97598
9519,0.000395,172.31.46.0-255,66,14370,41,97598
9520,0.0004,172.217.194.0-255,2902,17272,41,97598
9521,0.000403,172.31.46.0-255,66,17338,41,97598
9522,0.000407,172.217.194.0-255,1484,18822,41,97598
9523,0.00041,172.31.46.0-255,66,18888,41,97598
9524,0.000437,172.217.194.0-255,4320,23208,41,97598
9525,0.000448,172.31.46.0-255,66,23274,41,97598
9526,0.000451,172.31.46.0-255,66,23340,41,97598
9527,0.000469,172.31.46.0-255,66,23406,41,97598
9528,0.000483,172.31.46.0-255,66,23472,41,97598
9529,0.000506,172.217.194.0-255,339,23811,41,97598
9530,0.000509,172.31.46.0-255,66,23877,41,97598
9531,0.000525,172.217.194.0-255,114,23991,41,97598
9532,0.000528,172.31.46.0-255,66,24057,41,97598
9533,0.000672,172.217.194.0-255,1484,25541,41,97598
9534,0.000686,172.217.194.0-255,2902,28443,41,97598
9535,0.000689,172.31.46.0-255,66,28509,41,97598
9536,0.000693,172.217.194.0-255,1484,29993,41,97598
9537,0.000711,172.217.194.0-255,4320,34313,41,97598
9538,0.000713,172.31.46.0-255,66,34379,41,97598
9539,0.000717,172.217.194.0-255,1484,35863,41,97598
9540,0.000744,172.31.46.0-255,66,35929,41,97598
9541,0.000754,172.31.46.0-255,66,35995,41,97598
9542,0.000792,172.217.194.0-255,3602,39597,41,97598
9543,0.000796,172.31.46.0-255,66,39663,41,97598
9544,0.000899,172.217.194.0-255,386,40049,41,97598
9545,0.001352,172.217.194.0-255,1484,41533,41,97598
9546,0.001357,172.31.46.0-255,66,41599,41,97598
9547,0.001362,172.217.194.0-255,2902,44501,41,97598
9548,0.001364,172.31.46.0-255,66,44567,41,97598
9549,0.001368,172.217.194.0-255,1484,46051,41,97598
9550,0.001392,172.217.194.0-255,4320,50371,41,97598
9551,0.001394,172.31.46.0-255,66,50437,41,97598
9552,0.001413,172.217.194.0-255,1484,51921,41,97598
9553,0.001463,172.31.46.0-255,66,51987,41,97598
9554,0.001482,172.217.194.0-255,4320,56307,41,97598
9555,0.001485,172.31.46.0-255,66,56373,41,97598
9556,0.001487,172.217.194.0-255,1484,57857,41,97598
9557,0.001499,172.31.46.0-255,66,57923,41,97598
9558,0.001877,172.217.194.0-255,1484,59407,41,97598
9559,0.001887,172.217.194.0-255,2902,62309,41,97598
9560,0.001891,172.31.46.0-255,66,62375,41,97598
9561,0.001897,172.217.194.0-255,2902,65277,41,97598
9562,0.0019,172.31.46.0-255,66,65343,41,97598
9563,0.001914,172.217.194.0-255,2902,68245,41,97598
9564,0.001916,172.31.46.0-255,66,68311,41,97598
9565,0.001925,172.31.46.0-255,66,68377,41,97598
9566,0.001963,172.31.46.0-255,66,68443,41,97598
9567,0.001974,172.31.46.0-255,66,68509,41,97598
9568,0.001978,172.217.194.0-255,2184,70693,41,97598
9569,0.00198,172.31.46.0-255,66,70759,41,97598
9570,0.004625,172.31.46.0-255,66,70825,41,97598
9571,0.007265,172.217.194.0-255,2902,73727,41,97598
9572,0.007271,172.31.46.0-255,66,73793,41,97598
9573,0.007294,172.217.194.0-255,2902,76695,41,97598
9574,0.007296,172.31.46.0-255,66,76761,41,97598
9575,0.01002,172.31.46.0-255,66,76827,41,97598
9576,0.012705,172.31.46.0-255,66,76893,41,97598
9577,0.015383,172.31.46.0-255,66,76959,41,97598
9578,0.018083,172.31.46.0-255,66,77025,41,97598
9579,0.020809,172.31.46.0-255,66,77091,41,97598
9580,0.023468,172.31.46.0-255,66,77157,41,97598
9581,0.02621,172.31.46.0-255,66,77223,41,97598
9582,0.028958,172.31.46.0-255,66,77289,41,97598
9583,0.031644,172.31.46.0-255,66,77355,41,97598
9584,0.033231,172.31.46.0-255,172,77527,41,97598
9585,0.033266,172.31.46.0-255,1119,78646,41,97598
9586,0.033335,172.31.46.0-255,1514,80160,41,97598
9587,0.033337,172.31.46.0-255,1514,81674,41,97598
9588,0.033343,172.31.46.0-255,1514,83188,41,97598
9589,0.033344,172.31.46.0-255,1514,84702,41,97598
9590,0.033362,172.31.46.0-255,1514,86216,41,97598
9591,0.033364,172.31.46.0-255,796,87012,41,97598
9592,0.03433,172.217.194.0-255,4320,91332,41,97598
9593,0.03434,172.31.46.0-255,66,91398,41,97598
9594,0.034357,172.217.194.0-255,1484,92882,41,97598
9595,0.034882,104.244.42.0-255,66,92948,41,97598
9596,0.0349,104.244.42.0-255,66,93014,41,97598
9597,0.035039,104.244.42.0-255,66,93080,41,97598
9598,0.035046,104.244.42.0-255,66,93146,41,97598
9599,0.037006,172.217.194.0-255,4320,97466,41,97598
9600,0.037014,172.31.46.0-255,66,97532,41,97598
9601,0.039668,172.31.46.0-255,66,97598,41,97598
9602,0.0,74.125.68.0-255,152,152,41,135802
9603,2.2e-05,172.31.46.0-255,66,218,41,135802
9604,2.9e-05,74.125.68.0-255,1484,1702,41,135802
9605,3.4e-05,172.31.46.0-255,66,1768,41,135802
9606,6.1e-05,74.125.68.0-255,2902,4670,41,135802
9607,6.4e-05,172.31.46.0-255,66,4736,41,135802
9608,9e-05,74.125.68.0-255,1484,6220,41,135802
9609,9.3e-05,172.31.46.0-255,66,6286,41,135802
9610,0.000124,74.125.68.0-255,2902,9188,41,135802
9611,0.000127,172.31.46.0-255,66,9254,41,135802
9612,0.000133,74.125.68.0-255,4859,14113,41,135802
9613,0.000135,172.31.46.0-255,66,14179,41,135802
9614,0.00022,74.125.68.0-255,1484,15663,41,135802
9615,0.000223,172.31.46.0-255,66,15729,41,135802
9616,0.000248,74.125.68.0-255,2902,18631,41,135802
9617,0.000251,172.31.46.0-255,66,18697,41,135802
9618,0.000281,172.31.46.0-255,66,18763,41,135802
9619,0.000315,172.31.46.0-255,66,18829,41,135802
9620,0.000367,74.125.68.0-255,1484,20313,41,135802
9621,0.00037,172.31.46.0-255,66,20379,41,135802
9622,0.000374,74.125.68.0-255,2902,23281,41,135802
9623,0.000377,172.31.46.0-255,66,23347,41,135802
9624,0.000408,74.125.68.0-255,1484,24831,41,135802
9625,0.00041,172.31.46.0-255,66,24897,41,135802
9626,0.000415,74.125.68.0-255,2902,27799,41,135802
9627,0.000417,172.31.46.0-255,66,27865,41,135802
9628,0.000423,74.125.68.0-255,4320,32185,41,135802
9629,0.00043,172.31.46.0-255,66,32251,41,135802
9630,0.00044,74.125.68.0-255,1484,33735,41,135802
9631,0.000442,172.31.46.0-255,66,33801,41,135802
9632,0.000445,74.125.68.0-255,1484,35285,41,135802
9633,0.000489,74.125.68.0-255,1125,36410,41,135802
9634,0.000599,74.125.68.0-255,1484,37894,41,135802
9635,0.000617,74.125.68.0-255,1484,39378,41,135802
9636,0.000623,172.31.46.0-255,66,39444,41,135802
9637,0.000631,74.125.68.0-255,1484,40928,41,135802
9638,0.000634,74.125.68.0-255,1484,42412,41,135802
9639,0.000653,74.125.68.0-255,2902,45314,41,135802
9640,0.000671,74.125.68.0-255,1484,46798,41,135802
9641,0.000704,172.31.46.0-255,66,46864,41,135802
9642,0.000711,74.125.68.0-255,391,47255,41,135802
9643,0.000847,74.125.68.0-255,352,47607,41,135802
9644,0.000942,74.125.68.0-255,1484,49091,41,135802
9645,0.000949,172.31.46.0-255,66,49157,41,135802
9646,0.000976,74.125.68.0-255,2902,52059,41,135802
9647,0.000995,172.31.46.0-255,66,52125,41,135802
9648,0.001003,74.125.68.0-255,2902,55027,41,135802
9649,0.001025,74.125.68.0-255,2902,57929,41,135802
9650,0.00103,172.31.46.0-255,66,57995,41,135802
9651,0.001054,74.125.68.0-255,2902,60897,41,135802
9652,0.001068,172.31.46.0-255,66,60963,41,135802
9653,0.001088,74.125.68.0-255,3961,64924,41,135802
9654,0.001101,74.125.68.0-255,2902,67826,41,135802
9655,0.001104,74.125.68.0-255,1484,69310,41,135802
9656,0.00112,74.125.68.0-255,2902,72212,41,135802
9657,0.001132,74.125.68.0-255,1484,73696,41,135802
9658,0.001136,172.31.46.0-255,66,73762,41,135802
9659,0.001151,74.125.68.0-255,1125,74887,41,135802
9660,0.001169,172.31.46.0-255,66,74953,41,135802
9661,0.001534,74.125.68.0-255,1484,76437,41,135802
9662,0.00154,74.125.68.0-255,2902,79339,41,135802
9663,0.001543,172.31.46.0-255,66,79405,41,135802
9664,0.00157,74.125.68.0-255,2902,82307,41,135802
9665,0.001575,172.31.46.0-255,66,82373,41,135802
9666,0.001607,74.125.68.0-255,4320,86693,41,135802
9667,0.00162,74.125.68.0-255,4320,91013,41,135802
9668,0.001629,172.31.46.0-255,66,91079,41,135802
9669,0.001662,74.125.68.0-255,3602,94681,41,135802
9670,0.001673,172.31.46.0-255,66,94747,41,135802
9671,0.002146,74.125.68.0-255,1484,96231,41,135802
9672,0.002152,74.125.68.0-255,2902,99133,41,135802
9673,0.002156,172.31.46.0-255,66,99199,41,135802
9674,0.002193,74.125.68.0-255,2902,102101,41,135802
9675,0.002206,74.125.68.0-255,4320,106421,41,135802
9676,0.002225,74.125.68.0-255,2902,109323,41,135802
9677,0.002242,74.125.68.0-255,1484,110807,41,135802
9678,0.002247,172.31.46.0-255,66,110873,41,135802
9679,0.004463,172.31.46.0-255,66,110939,41,135802
9680,0.007178,172.31.46.0-255,66,111005,41,135802
9681,0.009401,172.31.46.0-255,66,111071,41,135802
9682,0.01162,172.31.46.0-255,66,111137,41,135802
9683,0.014608,172.31.46.0-255,66,111203,41,135802
9684,0.016848,172.31.46.0-255,66,111269,41,135802
9685,0.0191,172.31.46.0-255,66,111335,41,135802
9686,0.021297,172.31.46.0-255,66,111401,41,135802
9687,0.023505,172.31.46.0-255,66,111467,41,135802
9688,0.02573,74.125.68.0-255,4320,115787,41,135802
9689,0.02574,172.31.46.0-255,66,115853,41,135802
9690,0.025771,74.125.68.0-255,1484,117337,41,135802
9691,0.027968,74.125.68.0-255,4320,121657,41,135802
9692,0.027976,172.31.46.0-255,66,121723,41,135802
9693,0.028404,172.31.46.0-255,172,121895,41,135802
9694,0.028435,172.31.46.0-255,1119,123014,41,135802
9695,0.028505,172.31.46.0-255,1514,124528,41,135802
9696,0.028507,172.31.46.0-255,1514,126042,41,135802
9697,0.028508,172.31.46.0-255,1514,127556,41,135802
9698,0.028509,172.31.46.0-255,1514,129070,41,135802
9699,0.028511,172.31.46.0-255,532,129602,41,135802
9700,0.030118,104.244.42.0-255,66,129668,41,135802
9701,0.030248,172.31.46.0-255,66,129734,41,135802
9702,0.032461,172.31.46.0-255,66,129800,41,135802
9703,0.034679,172.31.46.0-255,66,129866,41,135802
9704,0.036898,172.31.46.0-255,66,129932,41,135802
9705,0.039116,74.125.68.0-255,4320,134252,41,135802
9706,0.039123,172.31.46.0-255,66,134318,41,135802
9707,0.039145,74.125.68.0-255,1484,135802,41,135802
9708,0.0,216.58.203.0-255,738,738,41,79189
9709,1.2e-05,216.58.203.0-255,1484,2222,41,79189
9710,1.8e-05,172.31.46.0-255,66,2288,41,79189
9711,2.7e-05,216.58.203.0-255,2902,5190,41,79189
9712,3e-05,172.31.46.0-255,66,5256,41,79189
9713,3.3e-05,216.58.203.0-255,1484,6740,41,79189
9714,6.3e-05,216.58.203.0-255,4320,11060,41,79189
9715,6.5e-05,172.31.46.0-255,66,11126,41,79189
9716,0.0002,216.58.203.0-255,3034,14160,41,79189
9717,0.000205,172.31.46.0-255,66,14226,41,79189
9718,0.000278,216.58.203.0-255,2902,17128,41,79189
9719,0.000281,172.31.46.0-255,66,17194,41,79189
9720,0.000308,216.58.203.0-255,1484,18678,41,79189
9721,0.000418,216.58.203.0-255,1484,20162,41,79189
9722,0.000422,172.31.46.0-255,66,20228,41,79189
9723,0.000447,172.31.46.0-255,66,20294,41,79189
9724,0.000671,216.58.203.0-255,2902,23196,41,79189
9725,0.000675,172.31.46.0-255,66,23262,41,79189
9726,0.001788,172.31.46.0-255,66,23328,41,79189
9727,0.001846,216.58.203.0-255,4320,27648,41,79189
9728,0.001848,172.31.46.0-255,66,27714,41,79189
9729,0.002241,216.58.203.0-255,4320,32034,41,79189
9730,0.002813,216.58.203.0-255,2902,34936,41,79189
9731,0.002847,216.58.203.0-255,4320,39256,41,79189
9732,0.002865,216.58.203.0-255,2902,42158,41,79189
9733,0.003302,216.58.203.0-255,1484,43642,41,79189
9734,0.004208,172.31.46.0-255,66,43708,41,79189
9735,0.004733,172.31.46.0-255,66,43774,41,79189
9736,0.005978,172.31.46.0-255,66,43840,41,79189
9737,0.00603,172.31.46.0-255,66,43906,41,79189
9738,0.006046,172.31.46.0-255,66,43972,41,79189
9739,0.006206,172.31.46.0-255,66,44038,41,79189
9740,0.006252,172.31.46.0-255,66,44104,41,79189
9741,0.006558,172.31.46.0-255,66,44170,41,79189
9742,0.006599,172.31.46.0-255,66,44236,41,79189
9743,0.00695,172.31.46.0-255,66,44302,41,79189
9744,0.006996,172.31.46.0-255,66,44368,41,79189
9745,0.00774,216.58.203.0-255,4320,48688,41,79189
9746,0.007746,172.31.46.0-255,66,48754,41,79189
9747,0.007776,216.58.203.0-255,4508,53262,41,79189
9748,0.007778,172.31.46.0-255,66,53328,41,79189
9749,0.007812,216.58.203.0-255,4320,57648,41,79189
9750,0.007815,172.31.46.0-255,66,57714,41,79189
9751,0.007826,216.58.203.0-255,1484,59198,41,79189
9752,0.007861,172.31.46.0-255,66,59264,41,79189
9753,0.0079,172.31.46.0-255,66,59330,41,79189
9754,0.007932,216.58.203.0-255,4238,63568,41,79189
9755,0.007937,172.31.46.0-255,66,63634,41,79189
9756,0.008535,216.58.203.0-255,148,63782,41,79189
9757,0.008549,216.58.203.0-255,1484,65266,41,79189
9758,0.008552,172.31.46.0-255,66,65332,41,79189
9759,0.008595,172.31.46.0-255,66,65398,41,79189
9760,0.008617,172.31.46.0-255,66,65464,41,79189
9761,0.008663,172.31.46.0-255,66,65530,41,79189
9762,0.008689,216.58.203.0-255,4320,69850,41,79189
9763,0.008691,172.31.46.0-255,66,69916,41,79189
9764,0.009303,216.58.203.0-255,4320,74236,41,79189
9765,0.009315,172.31.46.0-255,66,74302,41,79189
9766,0.009322,216.58.203.0-255,4320,78622,41,79189
9767,0.009325,172.31.46.0-255,66,78688,41,79189
9768,0.00937,172.31.46.0-255,66,78754,41,79189
9769,0.009417,172.31.46.0-255,66,78820,41,79189
9770,0.009927,172.31.46.0-255,66,78886,41,79189
9771,0.009977,172.31.46.0-255,66,78952,41,79189
9772,0.010397,172.31.46.0-255,66,79018,41,79189
9773,0.010719,172.31.46.0-255,105,79123,41,79189
9774,0.012438,216.58.203.0-255,66,79189,41,79189
9775,0.0,172.31.46.0-255,105,105,41,276
9776,0.002139,157.240.13.0-255,105,210,41,276
9777,0.002149,172.31.46.0-255,66,276,41,276
9778,0.0,172.31.46.0-255,105,105,41,459
9779,0.000259,172.31.46.0-255,90,195,41,459
9780,0.000269,172.31.46.0-255,66,261,41,459
9781,0.002275,74.125.68.0-255,66,327,41,459
9782,0.002293,74.125.68.0-255,66,393,41,459
9783,0.002307,172.31.46.0-255,66,459,41,459
9784,0.0,172.31.46.0-255,105,105,41,276
9785,0.001784,157.240.25.0-255,105,210,41,276
9786,0.001794,172.31.46.0-255,66,276,41,276
9787,0.0,172.217.194.0-255,301,301,41,109497
9788,3.1e-05,172.31.46.0-255,66,367,41,109497
9789,3.7e-05,172.217.194.0-255,1484,1851,41,109497
9790,4.1e-05,172.31.46.0-255,66,1917,41,109497
9791,5.6e-05,172.217.194.0-255,4320,6237,41,109497
9792,6.1e-05,172.31.46.0-255,66,6303,41,109497
9793,7.2e-05,172.31.46.0-255,66,6369,41,109497
9794,8.7e-05,172.31.46.0-255,66,6435,41,109497
9795,9.1e-05,172.217.194.0-255,3961,10396,41,109497
9796,9.4e-05,172.31.46.0-255,66,10462,41,109497
9797,0.000135,172.217.194.0-255,1484,11946,41,109497
9798,0.000138,172.31.46.0-255,66,12012,41,109497
9799,0.000143,172.217.194.0-255,2902,14914,41,109497
9800,0.000146,172.31.46.0-255,66,14980,41,109497
9801,0.000176,172.31.46.0-255,66,15046,41,109497
9802,0.000213,172.31.46.0-255,66,15112,41,109497
9803,0.000248,172.217.194.0-255,4320,19432,41,109497
9804,0.00025,172.31.46.0-255,66,19498,41,109497
9805,0.000284,172.31.46.0-255,66,19564,41,109497
9806,0.000351,172.217.194.0-255,367,19931,41,109497
9807,0.000355,172.31.46.0-255,66,19997,41,109497
9808,0.000477,172.217.194.0-255,1484,21481,41,109497
9809,0.000481,172.31.46.0-255,66,21547,41,109497
9810,0.000486,172.217.194.0-255,2902,24449,41,109497
9811,0.000489,172.31.46.0-255,66,24515,41,109497
9812,0.000494,172.217.194.0-255,4320,28835,41,109497
9813,0.000501,172.31.46.0-255,66,28901,41,109497
9814,0.000526,172.217.194.0-255,1484,30385,41,109497
9815,0.000543,172.31.46.0-255,66,30451,41,109497
9816,0.000547,172.217.194.0-255,2902,33353,41,109497
9817,0.000549,172.31.46.0-255,66,33419,41,109497
9818,0.000581,172.31.46.0-255,66,33485,41,109497
9819,0.000921,172.217.194.0-255,1484,34969,41,109497
9820,0.000927,172.217.194.0-255,2902,37871,41,109497
9821,0.000931,172.31.46.0-255,66,37937,41,109497
9822,0.000941,172.31.46.0-255,66,38003,41,109497
9823,0.000944,172.217.194.0-255,1484,39487,41,109497
9824,0.000977,172.217.194.0-255,4320,43807,41,109497
9825,0.00098,172.31.46.0-255,66,43873,41,109497
9826,0.000994,172.31.46.0-255,66,43939,41,109497
9827,0.001027,172.217.194.0-255,5020,48959,41,109497
9828,0.00103,172.31.46.0-255,66,49025,41,109497
9829,0.001075,172.217.194.0-255,1484,50509,41,109497
9830,0.00108,172.217.194.0-255,2902,53411,41,109497
9831,0.001082,172.31.46.0-255,66,53477,41,109497
9832,0.001085,172.217.194.0-255,1484,54961,41,109497
9833,0.001109,172.217.194.0-255,4320,59281,41,109497
9834,0.001122,172.31.46.0-255,66,59347,41,109497
9835,0.00113,172.31.46.0-255,66,59413,41,109497
9836,0.001166,172.31.46.0-255,66,59479,41,109497
9837,0.001194,172.31.46.0-255,66,59545,41,109497
9838,0.001294,172.217.194.0-255,1484,61029,41,109497
9839,0.0013,172.217.194.0-255,2902,63931,41,109497
9840,0.001303,172.31.46.0-255,66,63997,41,109497
9841,0.001336,172.31.46.0-255,66,64063,41,109497
9842,0.001372,172.31.46.0-255,66,64129,41,109497
9843,0.001381,172.31.46.0-255,66,64195,41,109497
9844,0.001445,172.217.194.0-255,5020,69215,41,109497
9845,0.001448,172.31.46.0-255,66,69281,41,109497
9846,0.001502,172.217.194.0-255,1484,70765,41,109497
9847,0.001506,172.217.194.0-255,1484,72249,41,109497
9848,0.001509,172.31.46.0-255,66,72315,41,109497
9849,0.001537,172.217.194.0-255,1484,73799,41,109497
9850,0.001547,172.31.46.0-255,66,73865,41,109497
9851,0.001561,172.31.46.0-255,66,73931,41,109497
9852,0.001564,172.217.194.0-255,1484,75415,41,109497
9853,0.001589,172.31.46.0-255,66,75481,41,109497
9854,0.001631,172.217.194.0-255,4320,79801,41,109497
9855,0.001634,172.31.46.0-255,66,79867,41,109497
9856,0.001687,172.31.46.0-255,66,79933,41,109497
9857,0.001698,172.31.46.0-255,66,79999,41,109497
9858,0.001749,172.217.194.0-255,1484,81483,41,109497
9859,0.001768,172.217.194.0-255,2902,84385,41,109497
9860,0.001771,172.31.46.0-255,66,84451,41,109497
9861,0.00178,172.31.46.0-255,66,84517,41,109497
9862,0.001787,172.217.194.0-255,1484,86001,41,109497
9863,0.001819,172.31.46.0-255,66,86067,41,109497
9864,0.001829,172.31.46.0-255,66,86133,41,109497
9865,0.001853,172.217.194.0-255,3602,89735,41,109497
9866,0.001857,172.31.46.0-255,66,89801,41,109497
9867,0.001926,172.217.194.0-255,1484,91285,41,109497
9868,0.001949,172.217.194.0-255,2902,94187,41,109497
9869,0.001952,172.31.46.0-255,66,94253,41,109497
9870,0.001961,172.31.46.0-255,66,94319,41,109497
9871,0.002005,172.31.46.0-255,66,94385,41,109497
9872,0.002015,172.31.46.0-255,66,94451,41,109497
9873,0.002071,172.31.46.0-255,66,94517,41,109497
9874,0.002078,172.31.46.0-255,66,94583,41,109497
9875,0.002084,172.217.194.0-255,4320,98903,41,109497
9876,0.002086,172.31.46.0-255,66,98969,41,109497
9877,0.002141,172.31.46.0-255,66,99035,41,109497
9878,0.002187,172.31.46.0-255,66,99101,41,109497
9879,0.002231,172.217.194.0-255,105,99206,41,109497
9880,0.002236,172.31.46.0-255,66,99272,41,109497
9881,0.011995,172.31.46.0-255,66,99338,41,109497
9882,0.012035,172.31.46.0-255,105,99443,41,109497
9883,0.014251,172.217.194.0-255,66,99509,41,109497
9884,0.036779,172.31.46.0-255,172,99681,41,109497
9885,0.03681,172.31.46.0-255,1114,100795,41,109497
9886,0.036877,172.31.46.0-255,1514,102309,41,109497
9887,0.036879,172.31.46.0-255,1514,103823,41,109497
9888,0.036885,172.31.46.0-255,1514,105337,41,109497
9889,0.036887,172.31.46.0-255,1514,106851,41,109497
9890,0.036905,172.31.46.0-255,1514,108365,41,109497
9891,0.036906,172.31.46.0-255,802,109167,41,109497
9892,0.038303,104.244.42.0-255,66,109233,41,109497
9893,0.038314,104.244.42.0-255,66,109299,41,109497
9894,0.038416,104.244.42.0-255,66,109365,41,109497
9895,0.038441,104.244.42.0-255,66,109431,41,109497
9896,0.038444,104.244.42.0-255,66,109497,41,109497
9897,0.0,74.125.200.0-255,150,150,41,214165
9898,2.3e-05,172.31.46.0-255,66,216,41,214165
9899,2.9e-05,74.125.200.0-255,1484,1700,41,214165
9900,3.4e-05,172.31.46.0-255,66,1766,41,214165
9901,5.1e-05,74.125.200.0-255,2902,4668,41,214165
9902,5.3e-05,172.31.46.0-255,66,4734,41,214165
9903,5.8e-05,74.125.200.0-255,2902,7636,41,214165
9904,6e-05,172.31.46.0-255,66,7702,41,214165
9905,6.5e-05,74.125.200.0-255,4320,12022,41,214165
9906,6.7e-05,172.31.46.0-255,66,12088,41,214165
9907,9.1e-05,74.125.200.0-255,1484,13572,41,214165
9908,9.3e-05,172.31.46.0-255,66,13638,41,214165
9909,0.00011,74.125.200.0-255,4320,17958,41,214165
9910,0.000112,172.31.46.0-255,66,18024,41,214165
9911,0.000137,74.125.200.0-255,3459,21483,41,214165
9912,0.00014,172.31.46.0-255,66,21549,41,214165
9913,0.000143,74.125.200.0-255,2902,24451,41,214165
9914,0.000145,172.31.46.0-255,66,24517,41,214165
9915,0.000149,74.125.200.0-255,4320,28837,41,214165
9916,0.000151,172.31.46.0-255,66,28903,41,214165
9917,0.000171,74.125.200.0-255,2543,31446,41,214165
9918,0.000173,172.31.46.0-255,66,31512,41,214165
9919,0.000217,74.125.200.0-255,2902,34414,41,214165
9920,0.00022,172.31.46.0-255,66,34480,41,214165
9921,0.000246,74.125.200.0-255,1484,35964,41,214165
9922,0.000248,172.31.46.0-255,66,36030,41,214165
9923,0.000261,74.125.200.0-255,2902,38932,41,214165
9924,0.000263,172.31.46.0-255,66,38998,41,214165
9925,0.000301,74.125.200.0-255,2902,41900,41,214165
9926,0.000304,172.31.46.0-255,66,41966,41,214165
9927,0.000309,74.125.200.0-255,4320,46286,41,214165
9928,0.000311,172.31.46.0-255,66,46352,41,214165
9929,0.000315,74.125.200.0-255,2543,48895,41,214165
9930,0.000351,74.125.200.0-255,1484,50379,41,214165
9931,0.000367,74.125.200.0-255,2902,53281,41,214165
9932,0.000388,74.125.200.0-255,1484,54765,41,214165
9933,0.000407,74.125.200.0-255,4320,59085,41,214165
9934,0.000425,74.125.200.0-255,4320,63405,41,214165
9935,0.000436,74.125.200.0-255,1484,64889,41,214165
9936,0.000458,74.125.200.0-255,1125,66014,41,214165
9937,0.000553,74.125.200.0-255,1484,67498,41,214165
9938,0.000557,74.125.200.0-255,1484,68982,41,214165
9939,0.000576,74.125.200.0-255,1484,70466,41,214165
9940,0.000579,74.125.200.0-255,1484,71950,41,214165
9941,0.000598,74.125.200.0-255,4320,76270,41,214165
9942,0.000637,172.31.46.0-255,66,76336,41,214165
9943,0.000644,74.125.200.0-255,1484,77820,41,214165
9944,0.000663,74.125.200.0-255,1484,79304,41,214165
9945,0.000676,74.125.200.0-255,1484,80788,41,214165
9946,0.000695,74.125.200.0-255,4320,85108,41,214165
9947,0.000699,172.31.46.0-255,66,85174,41,214165
9948,0.000719,74.125.200.0-255,2543,87717,41,214165
9949,0.00073,172.31.46.0-255,66,87783,41,214165
9950,0.000759,74.125.200.0-255,1484,89267,41,214165
9951,0.000771,74.125.200.0-255,1484,90751,41,214165
9952,0.000805,74.125.200.0-255,3961,94712,41,214165
9953,0.000814,172.31.46.0-255,66,94778,41,214165
9954,0.000892,74.125.200.0-255,1484,96262,41,214165
9955,0.000922,74.125.200.0-255,1484,97746,41,214165
9956,0.000927,172.31.46.0-255,66,97812,41,214165
9957,0.000943,74.125.200.0-255,1484,99296,41,214165
9958,0.000946,74.125.200.0-255,1484,100780,41,214165
9959,0.000957,74.125.200.0-255,2902,103682,41,214165
9960,0.000959,172.31.46.0-255,66,103748,41,214165
9961,0.000964,172.31.46.0-255,66,103814,41,214165
9962,0.000981,74.125.200.0-255,4320,108134,41,214165
9963,0.000985,74.125.200.0-255,2902,111036,41,214165
9964,0.00099,172.31.46.0-255,66,111102,41,214165
9965,0.001007,74.125.200.0-255,2902,114004,41,214165
9966,0.001014,172.31.46.0-255,66,114070,41,214165
9967,0.001033,74.125.200.0-255,2902,116972,41,214165
9968,0.001042,172.31.46.0-255,66,117038,41,214165
9969,0.001067,74.125.200.0-255,3602,120640,41,214165
9970,0.001071,172.31.46.0-255,66,120706,41,214165
9971,0.001085,74.125.200.0-255,1484,122190,41,214165
9972,0.00113,74.125.200.0-255,1484,123674,41,214165
9973,0.00115,172.31.46.0-255,66,123740,41,214165
9974,0.001155,74.125.200.0-255,2902,126642,41,214165
9975,0.001159,172.31.46.0-255,66,126708,41,214165
9976,0.001195,74.125.200.0-255,1484,128192,41,214165
9977,0.001209,74.125.200.0-255,4320,132512,41,214165
9978,0.001212,74.125.200.0-255,1484,133996,41,214165
9979,0.001221,74.125.200.0-255,1484,135480,41,214165
9980,0.001244,74.125.200.0-255,1484,136964,41,214165
9981,0.001253,172.31.46.0-255,66,137030,41,214165
9982,0.00127,74.125.200.0-255,1484,138514,41,214165
9983,0.00128,74.125.200.0-255,1484,139998,41,214165
9984,0.00129,74.125.200.0-255,1484,141482,41,214165
9985,0.001297,172.31.46.0-255,66,141548,41,214165
9986,0.00134,74.125.200.0-255,2902,144450,41,214165
9987,0.001357,74.125.200.0-255,2184,146634,41,214165
9988,0.001365,172.31.46.0-255,66,146700,41,214165
9989,0.001603,74.125.200.0-255,1484,148184,41,214165
9990,0.001633,74.125.200.0-255,2902,151086,41,214165
9991,0.001636,172.31.46.0-255,66,151152,41,214165
9992,0.001654,74.125.200.0-255,2902,154054,41,214165
9993,0.001661,172.31.46.0-255,66,154120,41,214165
9994,0.001678,74.125.200.0-255,4320,158440,41,214165
9995,0.001685,172.31.46.0-255,66,158506,41,214165
9996,0.001691,74.125.200.0-255,1484,159990,41,214165
9997,0.001713,74.125.200.0-255,1484,161474,41,214165
9998,0.001722,74.125.200.0-255,1484,162958,41,214165
9999,0.001725,172.31.46.0-255,66,163024,41,214165
10000,0.001753,74.125.200.0-255,1484,164508,41,214165
10001,0.001788,172.31.46.0-255,66,164574,41,214165
10002,0.001822,74.125.200.0-255,1484,166058,41,214165
10003,0.001842,74.125.200.0-255,2902,168960,41,214165
10004,0.001845,172.31.46.0-255,66,169026,41,214165
10005,0.001864,74.125.200.0-255,4320,173346,41,214165
10006,0.001877,74.125.200.0-255,1484,174830,41,214165
10007,0.001879,172.31.46.0-255,66,174896,41,214165
10008,0.001902,74.125.200.0-255,2902,177798,41,214165
10009,0.001915,172.31.46.0-255,66,177864,41,214165
10010,0.001918,74.125.200.0-255,1484,179348,41,214165
10011,0.001968,172.31.46.0-255,66,179414,41,214165
10012,0.001983,172.31.46.0-255,66,179480,41,214165
10013,0.001996,74.125.200.0-255,1484,180964,41,214165
10014,0.002007,74.125.200.0-255,1484,182448,41,214165
10015,0.002023,172.31.46.0-255,66,182514,41,214165
10016,0.002028,74.125.200.0-255,4320,186834,41,214165
10017,0.002045,172.31.46.0-255,66,186900,41,214165
10018,0.002064,74.125.200.0-255,4320,191220,41,214165
10019,0.002072,172.31.46.0-255,66,191286,41,214165
10020,0.002109,74.125.200.0-255,4320,195606,41,214165
10021,0.002128,172.31.46.0-255,66,195672,41,214165
10022,0.002189,74.125.200.0-255,2902,198574,41,214165
10023,0.002193,172.31.46.0-255,66,198640,41,214165
10024,0.00221,74.125.200.0-255,4320,202960,41,214165
10025,0.002218,172.31.46.0-255,66,203026,41,214165
10026,0.004328,74.125.200.0-255,1484,204510,41,214165
10027,0.004349,74.125.200.0-255,4320,208830,41,214165
10028,0.004355,172.31.46.0-255,66,208896,41,214165
10029,0.008379,172.31.46.0-255,66,208962,41,214165
10030,0.010544,172.31.46.0-255,66,209028,41,214165
10031,0.012747,172.31.46.0-255,66,209094,41,214165
10032,0.014931,172.31.46.0-255,66,209160,41,214165
10033,0.017103,172.31.46.0-255,66,209226,41,214165
10034,0.020381,172.31.46.0-255,66,209292,41,214165
10035,0.022552,172.31.46.0-255,66,209358,41,214165
10036,0.024707,172.31.46.0-255,66,209424,41,214165
10037,0.026879,172.31.46.0-255,66,209490,41,214165
10038,0.029053,172.31.46.0-255,66,209556,41,214165
10039,0.031216,172.31.46.0-255,66,209622,41,214165
10040,0.032924,172.31.46.0-255,176,209798,41,214165
10041,0.032957,172.31.46.0-255,1118,210916,41,214165
10042,0.033017,172.31.46.0-255,1514,212430,41,214165
10043,0.033019,172.31.46.0-255,1273,213703,41,214165
10044,0.033369,172.31.46.0-255,66,213769,41,214165
10045,0.034602,104.244.42.0-255,66,213835,41,214165
10046,0.034633,104.244.42.0-255,66,213901,41,214165
10047,0.034732,104.244.42.0-255,66,213967,41,214165
10048,0.035668,172.31.46.0-255,66,214033,41,214165
10049,0.037831,172.31.46.0-255,66,214099,41,214165
10050,0.039984,172.31.46.0-255,66,214165,41,214165
10051,0.0,74.125.200.0-255,738,738,41,71090
10052,1.8e-05,74.125.200.0-255,1484,2222,41,71090
10053,3e-05,172.31.46.0-255,66,2288,41,71090
10054,3.9e-05,74.125.200.0-255,4320,6608,41,71090
10055,4.2e-05,172.31.46.0-255,66,6674,41,71090
10056,0.000164,74.125.200.0-255,4320,10994,41,71090
10057,0.000168,172.31.46.0-255,66,11060,41,71090
10058,0.000188,74.125.200.0-255,1484,12544,41,71090
10059,0.000388,74.125.200.0-255,1599,14143,41,71090
10060,0.000393,172.31.46.0-255,66,14209,41,71090
10061,0.000454,74.125.200.0-255,4320,18529,41,71090
10062,0.000457,172.31.46.0-255,66,18595,41,71090
10063,0.000471,74.125.200.0-255,4320,22915,41,71090
10064,0.000473,172.31.46.0-255,66,22981,41,71090
10065,0.000818,172.31.46.0-255,66,23047,41,71090
10066,0.002355,74.125.200.0-255,4320,27367,41,71090
10067,0.002528,74.125.200.0-255,2902,30269,41,71090
10068,0.003286,74.125.200.0-255,2902,33171,41,71090
10069,0.003331,74.125.200.0-255,4320,37491,41,71090
10070,0.003885,74.125.200.0-255,4320,41811,41,71090
10071,0.003898,74.125.200.0-255,2902,44713,41,71090
10072,0.005852,172.31.46.0-255,66,44779,41,71090
10073,0.006257,172.31.46.0-255,66,44845,41,71090
10074,0.007927,172.31.46.0-255,66,44911,41,71090
10075,0.008573,74.125.200.0-255,5104,50015,41,71090
10076,0.00871,74.125.200.0-255,4320,54335,41,71090
10077,0.009156,74.125.200.0-255,2204,56539,41,71090
10078,0.010029,74.125.200.0-255,3600,60139,41,71090
10079,0.011252,172.31.46.0-255,66,60205,41,71090
10080,0.013339,172.31.46.0-255,66,60271,41,71090
10081,0.013386,172.31.46.0-255,66,60337,41,71090
10082,0.013629,172.31.46.0-255,66,60403,41,71090
10083,0.013673,172.31.46.0-255,66,60469,41,71090
10084,0.014233,74.125.200.0-255,4762,65231,41,71090
10085,0.014238,172.31.46.0-255,66,65297,41,71090
10086,0.015437,172.31.46.0-255,66,65363,41,71090
10087,0.01548,172.31.46.0-255,66,65429,41,71090
10088,0.015663,172.31.46.0-255,66,65495,41,71090
10089,0.015691,172.31.46.0-255,66,65561,41,71090
10090,0.015735,172.31.46.0-255,66,65627,41,71090
10091,0.016306,172.31.46.0-255,66,65693,41,71090
10092,0.016341,172.31.46.0-255,66,65759,41,71090
10093,0.016679,172.31.46.0-255,105,65864,41,71090
10094,0.018699,74.125.200.0-255,66,65930,41,71090
10095,0.035941,172.31.46.0-255,167,66097,41,71090
10096,0.035968,172.31.46.0-255,1151,67248,41,71090
10097,0.036021,172.31.46.0-255,1514,68762,41,71090
10098,0.036022,172.31.46.0-255,1514,70276,41,71090
10099,0.036023,172.31.46.0-255,550,70826,41,71090
10100,0.03745,104.244.42.0-255,66,70892,41,71090
10101,0.037482,104.244.42.0-255,66,70958,41,71090
10102,0.037589,104.244.42.0-255,66,71024,41,71090
10103,0.037593,104.244.42.0-255,66,71090,41,71090
10104,0.0,74.125.24.0-255,151,151,41,80889
10105,2.2e-05,172.31.46.0-255,66,217,41,80889
10106,2.9e-05,74.125.24.0-255,1484,1701,41,80889
10107,3.3e-05,172.31.46.0-255,66,1767,41,80889
10108,4e-05,74.125.24.0-255,2902,4669,41,80889
10109,4.3e-05,172.31.46.0-255,66,4735,41,80889
10110,7.1e-05,172.31.46.0-255,66,4801,41,80889
10111,0.000104,74.125.24.0-255,3460,8261,41,80889
10112,0.000107,172.31.46.0-255,66,8327,41,80889
10113,0.000784,74.125.24.0-255,1484,9811,41,80889
10114,0.00079,172.31.46.0-255,66,9877,41,80889
10115,0.000799,74.125.24.0-255,2902,12779,41,80889
10116,0.000801,172.31.46.0-255,66,12845,41,80889
10117,0.000805,74.125.24.0-255,1484,14329,41,80889
10118,0.000807,172.31.46.0-255,66,14395,41,80889
10119,0.000827,74.125.24.0-255,4320,18715,41,80889
10120,0.00083,172.31.46.0-255,66,18781,41,80889
10121,0.000873,172.31.46.0-255,66,18847,41,80889
10122,0.000896,74.125.24.0-255,2543,21390,41,80889
10123,0.000899,172.31.46.0-255,66,21456,41,80889
10124,0.000912,172.31.46.0-255,66,21522,41,80889
10125,0.000915,74.125.24.0-255,1125,22647,41,80889
10126,0.000917,172.31.46.0-255,66,22713,41,80889
10127,0.000978,74.125.24.0-255,1484,24197,41,80889
10128,0.000982,172.31.46.0-255,66,24263,41,80889
10129,0.000996,74.125.24.0-255,2902,27165,41,80889
10130,0.000999,172.31.46.0-255,66,27231,41,80889
10131,0.00103,172.31.46.0-255,66,27297,41,80889
10132,0.001036,74.125.24.0-255,4320,31617,41,80889
10133,0.001038,172.31.46.0-255,66,31683,41,80889
10134,0.00107,74.125.24.0-255,2543,34226,41,80889
10135,0.001073,172.31.46.0-255,66,34292,41,80889
10136,0.00156,74.125.24.0-255,360,34652,41,80889
10137,0.001589,74.125.24.0-255,1484,36136,41,80889
10138,0.001594,172.31.46.0-255,66,36202,41,80889
10139,0.001598,74.125.24.0-255,1484,37686,41,80889
10140,0.00162,74.125.24.0-255,2902,40588,41,80889
10141,0.001622,172.31.46.0-255,66,40654,41,80889
10142,0.001633,172.31.46.0-255,66,40720,41,80889
10143,0.001647,74.125.24.0-255,2902,43622,41,80889
10144,0.00165,172.31.46.0-255,66,43688,41,80889
10145,0.001653,74.125.24.0-255,1125,44813,41,80889
10146,0.001972,74.125.24.0-255,1484,46297,41,80889
10147,0.001974,172.31.46.0-255,66,46363,41,80889
10148,0.001988,74.125.24.0-255,2902,49265,41,80889
10149,0.00199,172.31.46.0-255,66,49331,41,80889
10150,0.002015,74.125.24.0-255,2902,52233,41,80889
10151,0.002017,172.31.46.0-255,66,52299,41,80889
10152,0.002031,74.125.24.0-255,2902,55201,41,80889
10153,0.002033,172.31.46.0-255,66,55267,41,80889
10154,0.002042,172.31.46.0-255,66,55333,41,80889
10155,0.002075,172.31.46.0-255,66,55399,41,80889
10156,0.002087,172.31.46.0-255,66,55465,41,80889
10157,0.002136,74.125.24.0-255,1484,56949,41,80889
10158,0.002141,74.125.24.0-255,2902,59851,41,80889
10159,0.002143,172.31.46.0-255,66,59917,41,80889
10160,0.002165,74.125.24.0-255,2902,62819,41,80889
10161,0.002167,172.31.46.0-255,66,62885,41,80889
10162,0.002182,74.125.24.0-255,2902,65787,41,80889
10163,0.002184,172.31.46.0-255,66,65853,41,80889
10164,0.002189,74.125.24.0-255,4320,70173,41,80889
10165,0.002192,172.31.46.0-255,66,70239,41,80889
10166,0.002245,74.125.24.0-255,1484,71723,41,80889
10167,0.002258,74.125.24.0-255,2902,74625,41,80889
10168,0.002536,74.125.24.0-255,766,75391,41,80889
10169,0.002884,172.31.46.0-255,66,75457,41,80889
10170,0.004296,172.31.46.0-255,101,75558,41,80889
10171,0.005358,172.31.46.0-255,66,75624,41,80889
10172,0.0067,74.125.24.0-255,66,75690,41,80889
10173,0.00781,172.31.46.0-255,66,75756,41,80889
10174,0.010293,172.31.46.0-255,66,75822,41,80889
10175,0.01277,172.31.46.0-255,66,75888,41,80889
10176,0.01526,172.31.46.0-255,66,75954,41,80889
10177,0.017725,172.31.46.0-255,66,76020,41,80889
10178,0.020192,172.31.46.0-255,66,76086,41,80889
10179,0.022639,172.31.46.0-255,66,76152,41,80889
10180,0.025124,172.31.46.0-255,66,76218,41,80889
10181,0.027579,172.31.46.0-255,66,76284,41,80889
10182,0.030053,172.31.46.0-255,66,76350,41,80889
10183,0.030846,172.31.46.0-255,172,76522,41,80889
10184,0.030879,172.31.46.0-255,1118,77640,41,80889
10185,0.030934,172.31.46.0-255,1514,79154,41,80889
10186,0.030936,172.31.46.0-255,1273,80427,41,80889
10187,0.032479,104.244.42.0-255,66,80493,41,80889
10188,0.032537,172.31.46.0-255,66,80559,41,80889
10189,0.032542,104.244.42.0-255,66,80625,41,80889
10190,0.032636,104.244.42.0-255,66,80691,41,80889
10191,0.034995,172.31.46.0-255,66,80757,41,80889
10192,0.037462,172.31.46.0-255,66,80823,41,80889
10193,0.039912,172.31.46.0-255,66,80889,41,80889
10194,0.0,74.125.24.0-255,296,296,41,97400
10195,2.2e-05,172.31.46.0-255,66,362,41,97400
10196,2.8e-05,74.125.24.0-255,1484,1846,41,97400
10197,3.3e-05,172.31.46.0-255,66,1912,41,97400
10198,3.9e-05,74.125.24.0-255,4320,6232,41,97400
10199,4.3e-05,172.31.46.0-255,66,6298,41,97400
10200,4.7e-05,74.125.24.0-255,2902,9200,41,97400
10201,5e-05,172.31.46.0-255,66,9266,41,97400
10202,8.9e-05,74.125.24.0-255,2902,12168,41,97400
10203,9.2e-05,172.31.46.0-255,66,12234,41,97400
10204,0.000108,74.125.24.0-255,1806,14040,41,97400
10205,0.00011,172.31.46.0-255,66,14106,41,97400
10206,0.000149,74.125.24.0-255,1484,15590,41,97400
10207,0.000152,172.31.46.0-255,66,15656,41,97400
10208,0.000164,74.125.24.0-255,2902,18558,41,97400
10209,0.000166,172.31.46.0-255,66,18624,41,97400
10210,0.000189,172.31.46.0-255,66,18690,41,97400
10211,0.000226,172.31.46.0-255,66,18756,41,97400
10212,0.000507,74.125.24.0-255,1484,20240,41,97400
10213,0.000513,172.31.46.0-255,66,20306,41,97400
10214,0.00052,74.125.24.0-255,2902,23208,41,97400
10215,0.000522,172.31.46.0-255,66,23274,41,97400
10216,0.000547,74.125.24.0-255,1484,24758,41,97400
10217,0.00055,172.31.46.0-255,66,24824,41,97400
10218,0.000566,74.125.24.0-255,4320,29144,41,97400
10219,0.00057,172.31.46.0-255,66,29210,41,97400
10220,0.00058,172.31.46.0-255,66,29276,41,97400
10221,0.000605,74.125.24.0-255,1125,30401,41,97400
10222,0.000608,172.31.46.0-255,66,30467,41,97400
10223,0.000621,172.31.46.0-255,66,30533,41,97400
10224,0.00063,172.31.46.0-255,66,30599,41,97400
10225,0.000653,74.125.24.0-255,1473,32072,41,97400
10226,0.000819,74.125.24.0-255,329,32401,41,97400
10227,0.000824,172.31.46.0-255,66,32467,41,97400
10228,0.001224,74.125.24.0-255,1484,33951,41,97400
10229,0.001233,74.125.24.0-255,2902,36853,41,97400
10230,0.001237,172.31.46.0-255,66,36919,41,97400
10231,0.001266,172.31.46.0-255,66,36985,41,97400
10232,0.001291,172.31.46.0-255,66,37051,41,97400
10233,0.001305,74.125.24.0-255,4320,41371,41,97400
10234,0.001307,172.31.46.0-255,66,41437,41,97400
10235,0.001329,172.31.46.0-255,66,41503,41,97400
10236,0.001335,74.125.24.0-255,5020,46523,41,97400
10237,0.001338,172.31.46.0-255,66,46589,41,97400
10238,0.003683,172.31.46.0-255,66,46655,41,97400
10239,0.006025,172.31.46.0-255,66,46721,41,97400
10240,0.008357,172.31.46.0-255,66,46787,41,97400
10241,0.010705,172.31.46.0-255,66,46853,41,97400
10242,0.013015,172.31.46.0-255,66,46919,41,97400
10243,0.015331,172.31.46.0-255,66,46985,41,97400
10244,0.017696,172.31.46.0-255,66,47051,41,97400
10245,0.020047,172.31.46.0-255,66,47117,41,97400
10246,0.02239,172.31.46.0-255,66,47183,41,97400
10247,0.024699,74.125.24.0-255,4320,51503,41,97400
10248,0.024706,172.31.46.0-255,66,51569,41,97400
10249,0.024725,74.125.24.0-255,1484,53053,41,97400
10250,0.027089,74.125.24.0-255,4320,57373,41,97400
10251,0.027095,172.31.46.0-255,66,57439,41,97400
10252,0.027827,172.31.46.0-255,172,57611,41,97400
10253,0.027854,172.31.46.0-255,1118,58729,41,97400
10254,0.027912,172.31.46.0-255,1514,60243,41,97400
10255,0.027913,172.31.46.0-255,1514,61757,41,97400
10256,0.027914,172.31.46.0-255,1514,63271,41,97400
10257,0.027916,172.31.46.0-255,1514,64785,41,97400
10258,0.027942,172.31.46.0-255,1514,66299,41,97400
10259,0.027943,172.31.46.0-255,1157,67456,41,97400
10260,0.029409,74.125.24.0-255,2902,70358,41,97400
10261,0.029416,172.31.46.0-255,66,70424,41,97400
10262,0.02944,74.125.24.0-255,2902,73326,41,97400
10263,0.029443,172.31.46.0-255,66,73392,41,97400
10264,0.029483,104.244.42.0-255,66,73458,41,97400
10265,0.029489,104.244.42.0-255,66,73524,41,97400
10266,0.02958,104.244.42.0-255,66,73590,41,97400
10267,0.029586,104.244.42.0-255,66,73656,41,97400
10268,0.031724,74.125.24.0-255,2902,76558,41,97400
10269,0.031731,172.31.46.0-255,66,76624,41,97400
10270,0.031761,74.125.24.0-255,2902,79526,41,97400
10271,0.031765,172.31.46.0-255,66,79592,41,97400
10272,0.034026,74.125.24.0-255,2902,82494,41,97400
10273,0.034033,172.31.46.0-255,66,82560,41,97400
10274,0.034111,74.125.24.0-255,2902,85462,41,97400
10275,0.034115,172.31.46.0-255,66,85528,41,97400
10276,0.036377,74.125.24.0-255,2902,88430,41,97400
10277,0.036385,172.31.46.0-255,66,88496,41,97400
10278,0.036421,74.125.24.0-255,2902,91398,41,97400
10279,0.036425,172.31.46.0-255,66,91464,41,97400
10280,0.038697,74.125.24.0-255,2902,94366,41,97400
10281,0.038706,172.31.46.0-255,66,94432,41,97400
10282,0.038743,74.125.24.0-255,2902,97334,41,97400
10283,0.038747,172.31.46.0-255,66,97400,41,97400
10284,0.0,74.125.24.0-255,156,156,41,106996
10285,2.1e-05,172.31.46.0-255,66,222,41,106996
10286,2.7e-05,74.125.24.0-255,1484,1706,41,106996
10287,3.1e-05,172.31.46.0-255,66,1772,41,106996
10288,3.6e-05,74.125.24.0-255,2902,4674,41,106996
10289,3.8e-05,172.31.46.0-255,66,4740,41,106996
10290,4.3e-05,74.125.24.0-255,2902,7642,41,106996
10291,4.4e-05,172.31.46.0-255,66,7708,41,106996
10292,6.1e-05,74.125.24.0-255,4320,12028,41,106996
10293,6.4e-05,172.31.46.0-255,66,12094,41,106996
10294,9.9e-05,74.125.24.0-255,4320,16414,41,106996
10295,0.000102,172.31.46.0-255,66,16480,41,106996
10296,0.000126,172.31.46.0-255,66,16546,41,106996
10297,0.000133,172.31.46.0-255,66,16612,41,106996
10298,0.000153,74.125.24.0-255,1125,17737,41,106996
10299,0.000155,172.31.46.0-255,66,17803,41,106996
10300,0.000288,74.125.24.0-255,1484,19287,41,106996
10301,0.000292,172.31.46.0-255,66,19353,41,106996
10302,0.000313,74.125.24.0-255,2902,22255,41,106996
10303,0.000315,172.31.46.0-255,66,22321,41,106996
10304,0.000324,172.31.46.0-255,66,22387,41,106996
10305,0.000361,74.125.24.0-255,2902,25289,41,106996
10306,0.000364,172.31.46.0-255,66,25355,41,106996
10307,0.00039,172.31.46.0-255,66,25421,41,106996
10308,0.000397,172.31.46.0-255,66,25487,41,106996
10309,0.000413,172.31.46.0-255,66,25553,41,106996
10310,0.000416,74.125.24.0-255,1125,26678,41,106996
10311,0.000471,74.125.24.0-255,362,27040,41,106996
10312,0.000554,74.125.24.0-255,380,27420,41,106996
10313,0.000558,172.31.46.0-255,66,27486,41,106996
10314,0.000692,74.125.24.0-255,1484,28970,41,106996
10315,0.000708,74.125.24.0-255,2902,31872,41,106996
10316,0.000711,172.31.46.0-255,66,31938,41,106996
10317,0.000719,172.31.46.0-255,66,32004,41,106996
10318,0.000746,172.31.46.0-255,66,32070,41,106996
10319,0.00079,172.31.46.0-255,66,32136,41,106996
10320,0.000817,172.31.46.0-255,66,32202,41,106996
10321,0.00083,74.125.24.0-255,1484,33686,41,106996
10322,0.000841,74.125.24.0-255,1484,35170,41,106996
10323,0.000843,172.31.46.0-255,66,35236,41,106996
10324,0.00087,74.125.24.0-255,1125,36361,41,106996
10325,0.000965,74.125.24.0-255,1484,37845,41,106996
10326,0.000968,172.31.46.0-255,66,37911,41,106996
10327,0.000973,74.125.24.0-255,2902,40813,41,106996
10328,0.000975,172.31.46.0-255,66,40879,41,106996
10329,0.000985,74.125.24.0-255,1484,42363,41,106996
10330,0.001004,74.125.24.0-255,4320,46683,41,106996
10331,0.001006,172.31.46.0-255,66,46749,41,106996
10332,0.001015,172.31.46.0-255,66,46815,41,106996
10333,0.001032,172.31.46.0-255,66,46881,41,106996
10334,0.001055,172.31.46.0-255,66,46947,41,106996
10335,0.001134,74.125.24.0-255,1484,48431,41,106996
10336,0.001152,74.125.24.0-255,2902,51333,41,106996
10337,0.001155,172.31.46.0-255,66,51399,41,106996
10338,0.001168,74.125.24.0-255,2902,54301,41,106996
10339,0.00117,172.31.46.0-255,66,54367,41,106996
10340,0.001199,74.125.24.0-255,2902,57269,41,106996
10341,0.001201,172.31.46.0-255,66,57335,41,106996
10342,0.001213,172.31.46.0-255,66,57401,41,106996
10343,0.001243,74.125.24.0-255,4320,61721,41,106996
10344,0.001245,172.31.46.0-255,66,61787,41,106996
10345,0.001266,172.31.46.0-255,66,61853,41,106996
10346,0.001323,74.125.24.0-255,1484,63337,41,106996
10347,0.00134,74.125.24.0-255,2902,66239,41,106996
10348,0.001343,172.31.46.0-255,66,66305,41,106996
10349,0.001347,74.125.24.0-255,2902,69207,41,106996
10350,0.001348,172.31.46.0-255,66,69273,41,106996
10351,0.001363,74.125.24.0-255,2902,72175,41,106996
10352,0.001365,172.31.46.0-255,66,72241,41,106996
10353,0.001389,74.125.24.0-255,4320,76561,41,106996
10354,0.001391,172.31.46.0-255,66,76627,41,106996
10355,0.001413,172.31.46.0-255,66,76693,41,106996
10356,0.001415,74.125.24.0-255,1484,78177,41,106996
10357,0.001444,74.125.24.0-255,2902,81079,41,106996
10358,0.001446,172.31.46.0-255,66,81145,41,106996
10359,0.00147,172.31.46.0-255,66,81211,41,106996
10360,0.001479,172.31.46.0-255,66,81277,41,106996
10361,0.001514,172.31.46.0-255,66,81343,41,106996
10362,0.001536,172.31.46.0-255,66,81409,41,106996
10363,0.001541,74.125.24.0-255,5020,86429,41,106996
10364,0.001543,172.31.46.0-255,66,86495,41,106996
10365,0.001742,74.125.24.0-255,1484,87979,41,106996
10366,0.001755,74.125.24.0-255,1484,89463,41,106996
10367,0.001758,172.31.46.0-255,66,89529,41,106996
10368,0.001776,74.125.24.0-255,1484,91013,41,106996
10369,0.001795,172.31.46.0-255,66,91079,41,106996
10370,0.00184,74.125.24.0-255,4320,95399,41,106996
10371,0.001843,172.31.46.0-255,66,95465,41,106996
10372,0.001866,74.125.24.0-255,2902,98367,41,106996
10373,0.001868,172.31.46.0-255,66,98433,41,106996
10374,0.001878,172.31.46.0-255,66,98499,41,106996
10375,0.00191,172.31.46.0-255,66,98565,41,106996
10376,0.002302,74.125.24.0-255,1484,100049,41,106996
10377,0.004218,74.125.24.0-255,4320,104369,41,106996
10378,0.004223,172.31.46.0-255,66,104435,41,106996
10379,0.006518,172.31.46.0-255,66,104501,41,106996
10380,0.008838,172.31.46.0-255,66,104567,41,106996
10381,0.011164,172.31.46.0-255,66,104633,41,106996
10382,0.013496,172.31.46.0-255,66,104699,41,106996
10383,0.015804,172.31.46.0-255,66,104765,41,106996
10384,0.018141,172.31.46.0-255,66,104831,41,106996
10385,0.020465,172.31.46.0-255,66,104897,41,106996
10386,0.02281,172.31.46.0-255,66,104963,41,106996
10387,0.025109,172.31.46.0-255,66,105029,41,106996
10388,0.027444,172.31.46.0-255,66,105095,41,106996
10389,0.029785,172.31.46.0-255,66,105161,41,106996
10390,0.032101,172.31.46.0-255,66,105227,41,106996
10391,0.034412,172.31.46.0-255,66,105293,41,106996
10392,0.035925,172.31.46.0-255,199,105492,41,106996
10393,0.035956,172.31.46.0-255,1066,106558,41,106996
10394,0.036712,172.31.46.0-255,66,106624,41,106996
10395,0.037486,104.244.42.0-255,66,106690,41,106996
10396,0.037531,104.244.42.0-255,66,106756,41,106996
10397,0.038331,104.244.42.0-255,108,106864,41,106996
10398,0.038336,172.31.46.0-255,66,106930,41,106996
10399,0.039045,172.31.46.0-255,66,106996,41,106996
10400,0.0,74.125.24.0-255,149,149,41,132975
10401,1.5e-05,172.31.46.0-255,66,215,41,132975
10402,2.1e-05,74.125.24.0-255,1484,1699,41,132975
10403,2.4e-05,172.31.46.0-255,66,1765,41,132975
10404,2.9e-05,74.125.24.0-255,2902,4667,41,132975
10405,4e-05,172.31.46.0-255,66,4733,41,132975
10406,5e-05,172.31.46.0-255,66,4799,41,132975
10407,8.8e-05,74.125.24.0-255,2037,6836,41,132975
10408,9.1e-05,172.31.46.0-255,66,6902,41,132975
10409,9.6e-05,74.125.24.0-255,2902,9804,41,132975
10410,9.8e-05,172.31.46.0-255,66,9870,41,132975
10411,0.000106,172.31.46.0-255,66,9936,41,132975
10412,0.000135,172.31.46.0-255,66,10002,41,132975
10413,0.000343,74.125.24.0-255,1484,11486,41,132975
10414,0.000347,172.31.46.0-255,66,11552,41,132975
10415,0.000352,74.125.24.0-255,2902,14454,41,132975
10416,0.000355,172.31.46.0-255,66,14520,41,132975
10417,0.000379,74.125.24.0-255,4320,18840,41,132975
10418,0.000381,172.31.46.0-255,66,18906,41,132975
10419,0.000431,74.125.24.0-255,2902,21808,41,132975
10420,0.000434,172.31.46.0-255,66,21874,41,132975
10421,0.000466,172.31.46.0-255,66,21940,41,132975
10422,0.000549,74.125.24.0-255,1484,23424,41,132975
10423,0.000553,172.31.46.0-255,66,23490,41,132975
10424,0.000557,74.125.24.0-255,2902,26392,41,132975
10425,0.000559,172.31.46.0-255,66,26458,41,132975
10426,0.000562,74.125.24.0-255,1484,27942,41,132975
10427,0.000564,172.31.46.0-255,66,28008,41,132975
10428,0.000603,74.125.24.0-255,4320,32328,41,132975
10429,0.000606,172.31.46.0-255,66,32394,41,132975
10430,0.000615,172.31.46.0-255,66,32460,41,132975
10431,0.000623,172.31.46.0-255,66,32526,41,132975
10432,0.000671,172.31.46.0-255,66,32592,41,132975
10433,0.000684,172.31.46.0-255,66,32658,41,132975
10434,0.000688,74.125.24.0-255,2902,35560,41,132975
10435,0.000691,172.31.46.0-255,66,35626,41,132975
10436,0.000715,74.125.24.0-255,2543,38169,41,132975
10437,0.000717,172.31.46.0-255,66,38235,41,132975
10438,0.000749,74.125.24.0-255,1484,39719,41,132975
10439,0.000755,74.125.24.0-255,2902,42621,41,132975
10440,0.000758,172.31.46.0-255,66,42687,41,132975
10441,0.000767,172.31.46.0-255,66,42753,41,132975
10442,0.000805,172.31.46.0-255,66,42819,41,132975
10443,0.001065,74.125.24.0-255,1484,44303,41,132975
10444,0.001071,74.125.24.0-255,2902,47205,41,132975
10445,0.001073,74.125.24.0-255,1484,48689,41,132975
10446,0.001079,172.31.46.0-255,66,48755,41,132975
10447,0.001099,74.125.24.0-255,4320,53075,41,132975
10448,0.001102,172.31.46.0-255,66,53141,41,132975
10449,0.001113,172.31.46.0-255,66,53207,41,132975
10450,0.001154,74.125.24.0-255,2902,56109,41,132975
10451,0.001157,172.31.46.0-255,66,56175,41,132975
10452,0.001195,172.31.46.0-255,66,56241,41,132975
10453,0.001347,74.125.24.0-255,1484,57725,41,132975
10454,0.001353,74.125.24.0-255,2902,60627,41,132975
10455,0.001356,172.31.46.0-255,66,60693,41,132975
10456,0.001361,74.125.24.0-255,2902,63595,41,132975
10457,0.001363,172.31.46.0-255,66,63661,41,132975
10458,0.001381,74.125.24.0-255,2902,66563,41,132975
10459,0.001388,172.31.46.0-255,66,66629,41,132975
10460,0.001426,172.31.46.0-255,66,66695,41,132975
10461,0.001465,172.31.46.0-255,66,66761,41,132975
10462,0.001612,74.125.24.0-255,1484,68245,41,132975
10463,0.001616,74.125.24.0-255,1484,69729,41,132975
10464,0.001619,172.31.46.0-255,66,69795,41,132975
10465,0.001646,74.125.24.0-255,1484,71279,41,132975
10466,0.001656,172.31.46.0-255,66,71345,41,132975
10467,0.001703,172.31.46.0-255,66,71411,41,132975
10468,0.001717,74.125.24.0-255,4320,75731,41,132975
10469,0.00172,172.31.46.0-255,66,75797,41,132975
10470,0.00173,74.125.24.0-255,4320,80117,41,132975
10471,0.001733,172.31.46.0-255,66,80183,41,132975
10472,0.001747,172.31.46.0-255,66,80249,41,132975
10473,0.001791,172.31.46.0-255,66,80315,41,132975
10474,0.001804,172.31.46.0-255,66,80381,41,132975
10475,0.001815,172.31.46.0-255,66,80447,41,132975
10476,0.001843,74.125.24.0-255,1484,81931,41,132975
10477,0.001848,74.125.24.0-255,2902,84833,41,132975
10478,0.001851,172.31.46.0-255,66,84899,41,132975
10479,0.001885,172.31.46.0-255,66,84965,41,132975
10480,0.001908,172.31.46.0-255,66,85031,41,132975
10481,0.00194,74.125.24.0-255,1484,86515,41,132975
10482,0.001955,172.31.46.0-255,66,86581,41,132975
10483,0.001981,74.125.24.0-255,2184,88765,41,132975
10484,0.001984,172.31.46.0-255,66,88831,41,132975
10485,0.002005,74.125.24.0-255,1484,90315,41,132975
10486,0.002026,74.125.24.0-255,2902,93217,41,132975
10487,0.002031,172.31.46.0-255,66,93283,41,132975
10488,0.002054,172.31.46.0-255,66,93349,41,132975
10489,0.002064,172.31.46.0-255,66,93415,41,132975
10490,0.002105,74.125.24.0-255,1484,94899,41,132975
10491,0.00211,172.31.46.0-255,66,94965,41,132975
10492,0.002133,172.31.46.0-255,66,95031,41,132975
10493,0.00216,74.125.24.0-255,4320,99351,41,132975
10494,0.002163,172.31.46.0-255,66,99417,41,132975
10495,0.002206,172.31.46.0-255,66,99483,41,132975
10496,0.002611,74.125.24.0-255,1484,100967,41,132975
10497,0.002637,74.125.24.0-255,2902,103869,41,132975
10498,0.002642,172.31.46.0-255,66,103935,41,132975
10499,0.002647,74.125.24.0-255,2902,106837,41,132975
10500,0.002649,172.31.46.0-255,66,106903,41,132975
10501,0.002679,74.125.24.0-255,2902,109805,41,132975
10502,0.002682,172.31.46.0-255,66,109871,41,132975
10503,0.002687,74.125.24.0-255,4320,114191,41,132975
10504,0.00269,172.31.46.0-255,66,114257,41,132975
10505,0.002722,172.31.46.0-255,66,114323,41,132975
10506,0.002735,172.31.46.0-255,66,114389,41,132975
10507,0.002738,74.125.24.0-255,1484,115873,41,132975
10508,0.002743,74.125.24.0-255,2902,118775,41,132975
10509,0.002745,172.31.46.0-255,66,118841,41,132975
10510,0.002754,172.31.46.0-255,66,118907,41,132975
10511,0.002756,74.125.24.0-255,1484,120391,41,132975
10512,0.00281,74.125.24.0-255,1484,121875,41,132975
10513,0.002813,172.31.46.0-255,66,121941,41,132975
10514,0.002816,74.125.24.0-255,1484,123425,41,132975
10515,0.002831,172.31.46.0-255,66,123491,41,132975
10516,0.002857,74.125.24.0-255,5032,128523,41,132975
10517,0.00286,74.125.24.0-255,97,128620,41,132975
10518,0.002863,74.125.24.0-255,105,128725,41,132975
10519,0.002889,172.31.46.0-255,66,128791,41,132975
10520,0.010735,172.31.46.0-255,105,128896,41,132975
10521,0.013132,74.125.24.0-255,66,128962,41,132975
10522,0.034456,172.31.46.0-255,176,129138,41,132975
10523,0.034483,172.31.46.0-255,1118,130256,41,132975
10524,0.034557,172.31.46.0-255,1514,131770,41,132975
10525,0.034558,172.31.46.0-255,1007,132777,41,132975
10526,0.036106,104.244.42.0-255,66,132843,41,132975
10527,0.036134,104.244.42.0-255,66,132909,41,132975
10528,0.036191,104.244.42.0-255,66,132975,41,132975
10529,0.0,74.125.200.0-255,153,153,41,101065
10530,2.5e-05,172.31.46.0-255,66,219,41,101065
10531,3.1e-05,74.125.200.0-255,1484,1703,41,101065
10532,3.6e-05,172.31.46.0-255,66,1769,41,101065
10533,4.3e-05,74.125.200.0-255,2902,4671,41,101065
10534,4.7e-05,172.31.46.0-255,66,4737,41,101065
10535,4.9e-05,74.125.200.0-255,1484,6221,41,101065
10536,5.2e-05,172.31.46.0-255,66,6287,41,101065
10537,5.7e-05,74.125.200.0-255,2902,9189,41,101065
10538,5.9e-05,172.31.46.0-255,66,9255,41,101065
10539,9.5e-05,74.125.200.0-255,4821,14076,41,101065
10540,9.9e-05,172.31.46.0-255,66,14142,41,101065
10541,0.000121,74.125.200.0-255,1484,15626,41,101065
10542,0.000124,172.31.46.0-255,66,15692,41,101065
10543,0.000147,74.125.200.0-255,4320,20012,41,101065
10544,0.00015,172.31.46.0-255,66,20078,41,101065
10545,0.000154,74.125.200.0-255,2902,22980,41,101065
10546,0.000157,172.31.46.0-255,66,23046,41,101065
10547,0.000191,74.125.200.0-255,4320,27366,41,101065
10548,0.000194,172.31.46.0-255,66,27432,41,101065
10549,0.000211,74.125.200.0-255,3961,31393,41,101065
10550,0.000214,172.31.46.0-255,66,31459,41,101065
10551,0.000235,74.125.200.0-255,1484,32943,41,101065
10552,0.000238,172.31.46.0-255,66,33009,41,101065
10553,0.000259,74.125.200.0-255,2902,35911,41,101065
10554,0.000262,172.31.46.0-255,66,35977,41,101065
10555,0.00027,172.31.46.0-255,66,36043,41,101065
10556,0.000294,74.125.200.0-255,4320,40363,41,101065
10557,0.000296,172.31.46.0-255,66,40429,41,101065
10558,0.000312,74.125.200.0-255,2543,42972,41,101065
10559,0.000314,172.31.46.0-255,66,43038,41,101065
10560,0.000338,74.125.200.0-255,1484,44522,41,101065
10561,0.000358,74.125.200.0-255,2902,47424,41,101065
10562,0.000361,172.31.46.0-255,66,47490,41,101065
10563,0.00037,172.31.46.0-255,66,47556,41,101065
10564,0.000405,172.31.46.0-255,66,47622,41,101065
10565,0.001077,74.125.200.0-255,646,48268,41,101065
10566,0.001132,172.31.46.0-255,66,48334,41,101065
10567,0.001329,74.125.200.0-255,1484,49818,41,101065
10568,0.001338,74.125.200.0-255,2902,52720,41,101065
10569,0.001342,172.31.46.0-255,66,52786,41,101065
10570,0.001347,74.125.200.0-255,1484,54270,41,101065
10571,0.001366,74.125.200.0-255,2902,57172,41,101065
10572,0.001368,172.31.46.0-255,66,57238,41,101065
10573,0.001377,172.31.46.0-255,66,57304,41,101065
10574,0.001435,172.31.46.0-255,66,57370,41,101065
10575,0.001441,74.125.200.0-255,4320,61690,41,101065
10576,0.001443,172.31.46.0-255,66,61756,41,101065
10577,0.001449,74.125.200.0-255,3602,65358,41,101065
10578,0.00145,172.31.46.0-255,66,65424,41,101065
10579,0.001629,74.125.200.0-255,1484,66908,41,101065
10580,0.001636,74.125.200.0-255,2902,69810,41,101065
10581,0.001639,172.31.46.0-255,66,69876,41,101065
10582,0.001647,74.125.200.0-255,4320,74196,41,101065
10583,0.001649,172.31.46.0-255,66,74262,41,101065
10584,0.001683,172.31.46.0-255,66,74328,41,101065
10585,0.001714,74.125.200.0-255,1484,75812,41,101065
10586,0.001744,172.31.46.0-255,66,75878,41,101065
10587,0.00177,172.31.46.0-255,66,75944,41,101065
10588,0.004266,172.31.46.0-255,66,76010,41,101065
10589,0.006723,74.125.200.0-255,2902,78912,41,101065
10590,0.006728,172.31.46.0-255,66,78978,41,101065
10591,0.006747,74.125.200.0-255,2902,81880,41,101065
10592,0.006751,172.31.46.0-255,66,81946,41,101065
10593,0.009197,74.125.200.0-255,4320,86266,41,101065
10594,0.009211,172.31.46.0-255,66,86332,41,101065
10595,0.00923,74.125.200.0-255,1484,87816,41,101065
10596,0.011686,74.125.200.0-255,4320,92136,41,101065
10597,0.011702,172.31.46.0-255,66,92202,41,101065
10598,0.014211,172.31.46.0-255,66,92268,41,101065
10599,0.016731,172.31.46.0-255,66,92334,41,101065
10600,0.019236,172.31.46.0-255,66,92400,41,101065
10601,0.021738,172.31.46.0-255,66,92466,41,101065
10602,0.024217,172.31.46.0-255,66,92532,41,101065
10603,0.025984,172.31.46.0-255,172,92704,41,101065
10604,0.026019,172.31.46.0-255,1119,93823,41,101065
10605,0.026088,172.31.46.0-255,1514,95337,41,101065
10606,0.026091,172.31.46.0-255,1514,96851,41,101065
10607,0.026092,172.31.46.0-255,1514,98365,41,101065
10608,0.026093,172.31.46.0-255,1514,99879,41,101065
10609,0.026118,172.31.46.0-255,526,100405,41,101065
10610,0.026696,172.31.46.0-255,66,100471,41,101065
10611,0.027564,104.244.42.0-255,66,100537,41,101065
10612,0.0276,104.244.42.0-255,66,100603,41,101065
10613,0.027644,104.244.42.0-255,66,100669,41,101065
10614,0.027665,104.244.42.0-255,66,100735,41,101065
10615,0.029182,172.31.46.0-255,66,100801,41,101065
10616,0.031673,172.31.46.0-255,66,100867,41,101065
10617,0.03416,172.31.46.0-255,66,100933,41,101065
10618,0.036646,172.31.46.0-255,66,100999,41,101065
10619,0.039132,172.31.46.0-255,66,101065,41,101065
10620,0.0,74.125.24.0-255,152,152,41,132524
10621,1.8e-05,172.31.46.0-255,66,218,41,132524
10622,2.5e-05,74.125.24.0-255,1484,1702,41,132524
10623,2.9e-05,172.31.46.0-255,66,1768,41,132524
10624,3.3e-05,74.125.24.0-255,1484,3252,41,132524
10625,3.5e-05,172.31.46.0-255,66,3318,41,132524
10626,4.1e-05,74.125.24.0-255,2902,6220,41,132524
10627,4.3e-05,172.31.46.0-255,66,6286,41,132524
10628,6.4e-05,74.125.24.0-255,1484,7770,41,132524
10629,6.6e-05,172.31.46.0-255,66,7836,41,132524
10630,8.4e-05,172.31.46.0-255,66,7902,41,132524
10631,0.000108,74.125.24.0-255,623,8525,41,132524
10632,0.00011,172.31.46.0-255,66,8591,41,132524
10633,0.000231,74.125.24.0-255,1484,10075,41,132524
10634,0.000236,172.31.46.0-255,66,10141,41,132524
10635,0.000242,74.125.24.0-255,2902,13043,41,132524
10636,0.000244,172.31.46.0-255,66,13109,41,132524
10637,0.000259,74.125.24.0-255,4320,17429,41,132524
10638,0.000261,172.31.46.0-255,66,17495,41,132524
10639,0.000275,74.125.24.0-255,1484,18979,41,132524
10640,0.000277,172.31.46.0-255,66,19045,41,132524
10641,0.00028,74.125.24.0-255,1484,20529,41,132524
10642,0.000282,172.31.46.0-255,66,20595,41,132524
10643,0.000311,172.31.46.0-255,66,20661,41,132524
10644,0.00032,172.31.46.0-255,66,20727,41,132524
10645,0.000335,74.125.24.0-255,4320,25047,41,132524
10646,0.000337,172.31.46.0-255,66,25113,41,132524
10647,0.000357,74.125.24.0-255,4320,29433,41,132524
10648,0.00036,172.31.46.0-255,66,29499,41,132524
10649,0.000369,172.31.46.0-255,66,29565,41,132524
10650,0.000416,172.31.46.0-255,66,29631,41,132524
10651,0.000418,74.125.24.0-255,766,30397,41,132524
10652,0.000423,74.125.24.0-255,394,30791,41,132524
10653,0.000466,74.125.24.0-255,1484,32275,41,132524
10654,0.000468,172.31.46.0-255,66,32341,41,132524
10655,0.000474,74.125.24.0-255,4320,36661,41,132524
10656,0.000476,172.31.46.0-255,66,36727,41,132524
10657,0.000495,172.31.46.0-255,66,36793,41,132524
10658,0.000514,74.125.24.0-255,1484,38277,41,132524
10659,0.000523,172.31.46.0-255,66,38343,41,132524
10660,0.000561,172.31.46.0-255,66,38409,41,132524
10661,0.000567,74.125.24.0-255,5020,43429,41,132524
10662,0.00057,172.31.46.0-255,66,43495,41,132524
10663,0.000572,74.125.24.0-255,348,43843,41,132524
10664,0.000858,74.125.24.0-255,1484,45327,41,132524
10665,0.000863,172.31.46.0-255,66,45393,41,132524
10666,0.000867,74.125.24.0-255,1484,46877,41,132524
10667,0.000884,74.125.24.0-255,1484,48361,41,132524
10668,0.000887,172.31.46.0-255,66,48427,41,132524
10669,0.00089,74.125.24.0-255,1484,49911,41,132524
10670,0.000906,74.125.24.0-255,2902,52813,41,132524
10671,0.000908,172.31.46.0-255,66,52879,41,132524
10672,0.000934,74.125.24.0-255,1484,54363,41,132524
10673,0.000947,172.31.46.0-255,66,54429,41,132524
10674,0.000952,74.125.24.0-255,2902,57331,41,132524
10675,0.000954,172.31.46.0-255,66,57397,41,132524
10676,0.000973,172.31.46.0-255,66,57463,41,132524
10677,0.000992,74.125.24.0-255,3602,61065,41,132524
10678,0.000994,172.31.46.0-255,66,61131,41,132524
10679,0.001041,74.125.24.0-255,1484,62615,41,132524
10680,0.001057,74.125.24.0-255,2902,65517,41,132524
10681,0.001061,74.125.24.0-255,2902,68419,41,132524
10682,0.00107,172.31.46.0-255,66,68485,41,132524
10683,0.001073,172.31.46.0-255,66,68551,41,132524
10684,0.001107,74.125.24.0-255,4320,72871,41,132524
10685,0.00111,172.31.46.0-255,66,72937,41,132524
10686,0.001125,74.125.24.0-255,4320,77257,41,132524
10687,0.001127,172.31.46.0-255,66,77323,41,132524
10688,0.001149,74.125.24.0-255,1484,78807,41,132524
10689,0.001164,74.125.24.0-255,4320,83127,41,132524
10690,0.001167,172.31.46.0-255,66,83193,41,132524
10691,0.001201,172.31.46.0-255,66,83259,41,132524
10692,0.001297,74.125.24.0-255,1484,84743,41,132524
10693,0.001311,74.125.24.0-255,2902,87645,41,132524
10694,0.001315,172.31.46.0-255,66,87711,41,132524
10695,0.001329,74.125.24.0-255,2902,90613,41,132524
10696,0.001331,172.31.46.0-255,66,90679,41,132524
10697,0.001347,74.125.24.0-255,2902,93581,41,132524
10698,0.001349,172.31.46.0-255,66,93647,41,132524
10699,0.001355,74.125.24.0-255,4320,97967,41,132524
10700,0.001358,172.31.46.0-255,66,98033,41,132524
10701,0.001389,172.31.46.0-255,66,98099,41,132524
10702,0.001394,74.125.24.0-255,4320,102419,41,132524
10703,0.001396,172.31.46.0-255,66,102485,41,132524
10704,0.001401,74.125.24.0-255,2902,105387,41,132524
10705,0.001403,172.31.46.0-255,66,105453,41,132524
10706,0.001423,74.125.24.0-255,3602,109055,41,132524
10707,0.001426,172.31.46.0-255,66,109121,41,132524
10708,0.002139,74.125.24.0-255,1484,110605,41,132524
10709,0.002146,74.125.24.0-255,2902,113507,41,132524
10710,0.00215,172.31.46.0-255,66,113573,41,132524
10711,0.002154,74.125.24.0-255,1484,115057,41,132524
10712,0.002176,74.125.24.0-255,4320,119377,41,132524
10713,0.002179,172.31.46.0-255,66,119443,41,132524
10714,0.002188,172.31.46.0-255,66,119509,41,132524
10715,0.002191,74.125.24.0-255,1484,120993,41,132524
10716,0.002223,172.31.46.0-255,66,121059,41,132524
10717,0.00225,74.125.24.0-255,2902,123961,41,132524
10718,0.002252,172.31.46.0-255,66,124027,41,132524
10719,0.002263,172.31.46.0-255,66,124093,41,132524
10720,0.002272,172.31.46.0-255,66,124159,41,132524
10721,0.002295,74.125.24.0-255,2902,127061,41,132524
10722,0.002297,172.31.46.0-255,66,127127,41,132524
10723,0.002316,172.31.46.0-255,66,127193,41,132524
10724,0.002351,172.31.46.0-255,66,127259,41,132524
10725,0.004717,172.31.46.0-255,66,127325,41,132524
10726,0.007036,172.31.46.0-255,66,127391,41,132524
10727,0.009361,172.31.46.0-255,66,127457,41,132524
10728,0.011686,172.31.46.0-255,66,127523,41,132524
10729,0.014046,172.31.46.0-255,66,127589,41,132524
10730,0.016408,172.31.46.0-255,66,127655,41,132524
10731,0.018822,172.31.46.0-255,66,127721,41,132524
10732,0.021205,172.31.46.0-255,66,127787,41,132524
10733,0.023543,172.31.46.0-255,66,127853,41,132524
10734,0.025949,172.31.46.0-255,66,127919,41,132524
10735,0.028337,172.31.46.0-255,66,127985,41,132524
10736,0.030679,172.31.46.0-255,66,128051,41,132524
10737,0.031141,172.31.46.0-255,172,128223,41,132524
10738,0.031171,172.31.46.0-255,1118,129341,41,132524
10739,0.031228,172.31.46.0-255,1514,130855,41,132524
10740,0.03123,172.31.46.0-255,1273,132128,41,132524
10741,0.032812,104.244.42.0-255,66,132194,41,132524
10742,0.03284,104.244.42.0-255,66,132260,41,132524
10743,0.032933,104.244.42.0-255,66,132326,41,132524
10744,0.033019,172.31.46.0-255,66,132392,41,132524
10745,0.035347,172.31.46.0-255,66,132458,41,132524
10746,0.037696,172.31.46.0-255,66,132524,41,132524
10747,0.0,172.217.194.0-255,152,152,41,115718
10748,2.3e-05,172.31.46.0-255,66,218,41,115718
10749,3e-05,172.217.194.0-255,1484,1702,41,115718
10750,3.5e-05,172.31.46.0-255,66,1768,41,115718
10751,4.1e-05,172.217.194.0-255,2902,4670,41,115718
10752,4.5e-05,172.31.46.0-255,66,4736,41,115718
10753,5.6e-05,172.31.46.0-255,66,4802,41,115718
10754,8.6e-05,172.31.46.0-255,66,4868,41,115718
10755,0.000108,172.217.194.0-255,2038,6906,41,115718
10756,0.00011,172.31.46.0-255,66,6972,41,115718
10757,0.000127,172.31.46.0-255,66,7038,41,115718
10758,0.000154,172.31.46.0-255,66,7104,41,115718
10759,0.000177,172.217.194.0-255,2184,9288,41,115718
10760,0.000179,172.31.46.0-255,66,9354,41,115718
10761,0.000209,172.31.46.0-255,66,9420,41,115718
10762,0.000225,172.31.46.0-255,66,9486,41,115718
10763,0.000251,172.217.194.0-255,1484,10970,41,115718
10764,0.000253,172.31.46.0-255,66,11036,41,115718
10765,0.000258,172.217.194.0-255,2902,13938,41,115718
10766,0.00026,172.31.46.0-255,66,14004,41,115718
10767,0.000264,172.217.194.0-255,1484,15488,41,115718
10768,0.000266,172.31.46.0-255,66,15554,41,115718
10769,0.000288,172.217.194.0-255,4320,19874,41,115718
10770,0.00029,172.31.46.0-255,66,19940,41,115718
10771,0.000295,172.217.194.0-255,2902,22842,41,115718
10772,0.000297,172.31.46.0-255,66,22908,41,115718
10773,0.00032,172.31.46.0-255,66,22974,41,115718
10774,0.000332,172.31.46.0-255,66,23040,41,115718
10775,0.000357,172.217.194.0-255,2492,25532,41,115718
10776,0.000359,172.31.46.0-255,66,25598,41,115718
10777,0.00042,172.217.194.0-255,1484,27082,41,115718
10778,0.000433,172.217.194.0-255,2902,29984,41,115718
10779,0.000437,172.31.46.0-255,66,30050,41,115718
10780,0.000446,172.31.46.0-255,66,30116,41,115718
10781,0.00047,172.31.46.0-255,66,30182,41,115718
10782,0.000528,172.31.46.0-255,66,30248,41,115718
10783,0.00055,172.217.194.0-255,4320,34568,41,115718
10784,0.000553,172.31.46.0-255,66,34634,41,115718
10785,0.000557,172.217.194.0-255,2184,36818,41,115718
10786,0.000559,172.31.46.0-255,66,36884,41,115718
10787,0.000622,172.217.194.0-255,1484,38368,41,115718
10788,0.000625,172.217.194.0-255,1484,39852,41,115718
10789,0.000628,172.31.46.0-255,66,39918,41,115718
10790,0.00064,172.217.194.0-255,1484,41402,41,115718
10791,0.000645,172.217.194.0-255,2902,44304,41,115718
10792,0.000648,172.31.46.0-255,66,44370,41,115718
10793,0.00067,172.217.194.0-255,2902,47272,41,115718
10794,0.000672,172.31.46.0-255,66,47338,41,115718
10795,0.000677,172.217.194.0-255,2902,50240,41,115718
10796,0.000679,172.31.46.0-255,66,50306,41,115718
10797,0.0007,172.31.46.0-255,66,50372,41,115718
10798,0.000717,172.217.194.0-255,1484,51856,41,115718
10799,0.000737,172.31.46.0-255,66,51922,41,115718
10800,0.000756,172.217.194.0-255,3602,55524,41,115718
10801,0.000759,172.31.46.0-255,66,55590,41,115718
10802,0.000946,172.217.194.0-255,1484,57074,41,115718
10803,0.000953,172.217.194.0-255,2902,59976,41,115718
10804,0.000957,172.31.46.0-255,66,60042,41,115718
10805,0.00096,172.217.194.0-255,1484,61526,41,115718
10806,0.000976,172.217.194.0-255,4320,65846,41,115718
10807,0.000979,172.31.46.0-255,66,65912,41,115718
10808,0.001002,172.31.46.0-255,66,65978,41,115718
10809,0.001022,172.31.46.0-255,66,66044,41,115718
10810,0.001053,172.31.46.0-255,66,66110,41,115718
10811,0.001056,172.217.194.0-255,1484,67594,41,115718
10812,0.001074,172.217.194.0-255,2902,70496,41,115718
10813,0.001077,172.31.46.0-255,66,70562,41,115718
10814,0.001085,172.31.46.0-255,66,70628,41,115718
10815,0.00113,172.31.46.0-255,66,70694,41,115718
10816,0.001141,172.31.46.0-255,66,70760,41,115718
10817,0.001162,172.217.194.0-255,3602,74362,41,115718
10818,0.001165,172.31.46.0-255,66,74428,41,115718
10819,0.001198,172.217.194.0-255,4320,78748,41,115718
10820,0.001202,172.217.194.0-255,1484,80232,41,115718
10821,0.001219,172.217.194.0-255,4320,84552,41,115718
10822,0.001223,172.31.46.0-255,66,84618,41,115718
10823,0.001247,172.31.46.0-255,66,84684,41,115718
10824,0.001258,172.217.194.0-255,4320,89004,41,115718
10825,0.001263,172.217.194.0-255,2902,91906,41,115718
10826,0.001278,172.31.46.0-255,66,91972,41,115718
10827,0.001318,172.217.194.0-255,1484,93456,41,115718
10828,0.001331,172.217.194.0-255,2902,96358,41,115718
10829,0.001335,172.31.46.0-255,66,96424,41,115718
10830,0.001345,172.31.46.0-255,66,96490,41,115718
10831,0.001389,172.31.46.0-255,66,96556,41,115718
10832,0.00142,172.217.194.0-255,4320,100876,41,115718
10833,0.001432,172.217.194.0-255,766,101642,41,115718
10834,0.001455,172.31.46.0-255,66,101708,41,115718
10835,0.0016,172.217.194.0-255,1484,103192,41,115718
10836,0.001607,172.217.194.0-255,2902,106094,41,115718
10837,0.001623,172.31.46.0-255,66,106160,41,115718
10838,0.001672,172.31.46.0-255,66,106226,41,115718
10839,0.001714,172.31.46.0-255,66,106292,41,115718
10840,0.001735,172.217.194.0-255,2902,109194,41,115718
10841,0.001746,172.31.46.0-255,66,109260,41,115718
10842,0.001795,172.217.194.0-255,5020,114280,41,115718
10843,0.00181,172.31.46.0-255,66,114346,41,115718
10844,0.001877,172.31.46.0-255,66,114412,41,115718
10845,0.001906,172.217.194.0-255,766,115178,41,115718
10846,0.001908,172.31.46.0-255,66,115244,41,115718
10847,0.001955,172.31.46.0-255,66,115310,41,115718
10848,0.001961,172.31.46.0-255,66,115376,41,115718
10849,0.001982,172.217.194.0-255,105,115481,41,115718
10850,0.01079,172.31.46.0-255,66,115547,41,115718
10851,0.010837,172.31.46.0-255,105,115652,41,115718
10852,0.012969,172.217.194.0-255,66,115718,41,115718
10853,0.0,74.125.200.0-255,153,153,41,204553
10854,2.1e-05,172.31.46.0-255,66,219,41,204553
10855,2.8e-05,74.125.200.0-255,1484,1703,41,204553
10856,3.2e-05,172.31.46.0-255,66,1769,41,204553
10857,3.5e-05,74.125.200.0-255,1484,3253,41,204553
10858,3.8e-05,172.31.46.0-255,66,3319,41,204553
10859,6.8e-05,74.125.200.0-255,2902,6221,41,204553
10860,7.1e-05,172.31.46.0-255,66,6287,41,204553
10861,7.9e-05,172.31.46.0-255,66,6353,41,204553
10862,8.3e-05,74.125.200.0-255,2040,8393,41,204553
10863,8.5e-05,172.31.46.0-255,66,8459,41,204553
10864,0.000164,74.125.200.0-255,1484,9943,41,204553
10865,0.000167,172.31.46.0-255,66,10009,41,204553
10866,0.000172,74.125.200.0-255,2902,12911,41,204553
10867,0.000174,172.31.46.0-255,66,12977,41,204553
10868,0.000186,74.125.200.0-255,2902,15879,41,204553
10869,0.000188,172.31.46.0-255,66,15945,41,204553
10870,0.000203,74.125.200.0-255,1484,17429,41,204553
10871,0.000205,172.31.46.0-255,66,17495,41,204553
10872,0.000224,172.31.46.0-255,66,17561,41,204553
10873,0.00024,74.125.200.0-255,2543,20104,41,204553
10874,0.000242,172.31.46.0-255,66,20170,41,204553
10875,0.00026,74.125.200.0-255,1484,21654,41,204553
10876,0.000263,172.31.46.0-255,66,21720,41,204553
10877,0.00028,74.125.200.0-255,1484,23204,41,204553
10878,0.000282,172.31.46.0-255,66,23270,41,204553
10879,0.000286,74.125.200.0-255,2902,26172,41,204553
10880,0.000288,172.31.46.0-255,66,26238,41,204553
10881,0.000305,74.125.200.0-255,4320,30558,41,204553
10882,0.000308,172.31.46.0-255,66,30624,41,204553
10883,0.00034,74.125.200.0-255,2902,33526,41,204553
10884,0.000342,172.31.46.0-255,66,33592,41,204553
10885,0.000359,74.125.200.0-255,3961,37553,41,204553
10886,0.000362,172.31.46.0-255,66,37619,41,204553
10887,0.000376,74.125.200.0-255,1484,39103,41,204553
10888,0.0004,172.31.46.0-255,66,39169,41,204553
10889,0.000405,74.125.200.0-255,2902,42071,41,204553
10890,0.000407,172.31.46.0-255,66,42137,41,204553
10891,0.000441,74.125.200.0-255,4320,46457,41,204553
10892,0.000443,172.31.46.0-255,66,46523,41,204553
10893,0.000461,74.125.200.0-255,2543,49066,41,204553
10894,0.000463,172.31.46.0-255,66,49132,41,204553
10895,0.000477,74.125.200.0-255,646,49778,41,204553
10896,0.000539,74.125.200.0-255,1484,51262,41,204553
10897,0.000543,172.31.46.0-255,66,51328,41,204553
10898,0.000562,74.125.200.0-255,2902,54230,41,204553
10899,0.000564,172.31.46.0-255,66,54296,41,204553
10900,0.000582,172.31.46.0-255,66,54362,41,204553
10901,0.000585,74.125.200.0-255,1484,55846,41,204553
10902,0.00063,74.125.200.0-255,2902,58748,41,204553
10903,0.000634,172.31.46.0-255,66,58814,41,204553
10904,0.000659,172.31.46.0-255,66,58880,41,204553
10905,0.000664,74.125.200.0-255,2902,61782,41,204553
10906,0.000666,172.31.46.0-255,66,61848,41,204553
10907,0.000709,172.31.46.0-255,66,61914,41,204553
10908,0.000774,74.125.200.0-255,1484,63398,41,204553
10909,0.00078,74.125.200.0-255,2902,66300,41,204553
10910,0.000783,172.31.46.0-255,66,66366,41,204553
10911,0.000824,74.125.200.0-255,4320,70686,41,204553
10912,0.000828,172.31.46.0-255,66,70752,41,204553
10913,0.000839,172.31.46.0-255,66,70818,41,204553
10914,0.000845,74.125.200.0-255,4320,75138,41,204553
10915,0.000847,172.31.46.0-255,66,75204,41,204553
10916,0.000871,74.125.200.0-255,4320,79524,41,204553
10917,0.000875,172.31.46.0-255,66,79590,41,204553
10918,0.000915,172.31.46.0-255,66,79656,41,204553
10919,0.000952,74.125.200.0-255,4320,83976,41,204553
10920,0.000965,74.125.200.0-255,1484,85460,41,204553
10921,0.000968,74.125.200.0-255,1484,86944,41,204553
10922,0.000976,172.31.46.0-255,66,87010,41,204553
10923,0.001019,74.125.200.0-255,1484,88494,41,204553
10924,0.001044,172.31.46.0-255,66,88560,41,204553
10925,0.001054,74.125.200.0-255,4320,92880,41,204553
10926,0.001064,74.125.200.0-255,766,93646,41,204553
10927,0.001067,172.31.46.0-255,66,93712,41,204553
10928,0.001211,74.125.200.0-255,1484,95196,41,204553
10929,0.001215,172.31.46.0-255,66,95262,41,204553
10930,0.001243,74.125.200.0-255,1484,96746,41,204553
10931,0.00126,74.125.200.0-255,2902,99648,41,204553
10932,0.001263,74.125.200.0-255,1484,101132,41,204553
10933,0.001281,74.125.200.0-255,4320,105452,41,204553
10934,0.00129,172.31.46.0-255,66,105518,41,204553
10935,0.001306,74.125.200.0-255,2902,108420,41,204553
10936,0.001318,172.31.46.0-255,66,108486,41,204553
10937,0.001339,74.125.200.0-255,1484,109970,41,204553
10938,0.001352,172.31.46.0-255,66,110036,41,204553
10939,0.001406,172.31.46.0-255,66,110102,41,204553
10940,0.001542,74.125.200.0-255,1484,111586,41,204553
10941,0.001545,74.125.200.0-255,1484,113070,41,204553
10942,0.001551,172.31.46.0-255,66,113136,41,204553
10943,0.001569,74.125.200.0-255,1484,114620,41,204553
10944,0.001588,172.31.46.0-255,66,114686,41,204553
10945,0.001622,74.125.200.0-255,4320,119006,41,204553
10946,0.001659,172.31.46.0-255,66,119072,41,204553
10947,0.001682,74.125.200.0-255,2184,121256,41,204553
10948,0.001698,172.31.46.0-255,66,121322,41,204553
10949,0.001703,74.125.200.0-255,4320,125642,41,204553
10950,0.001708,172.31.46.0-255,66,125708,41,204553
10951,0.001717,74.125.200.0-255,2902,128610,41,204553
10952,0.00173,74.125.200.0-255,2902,131512,41,204553
10953,0.00176,172.31.46.0-255,66,131578,41,204553
10954,0.001773,74.125.200.0-255,4320,135898,41,204553
10955,0.001777,74.125.200.0-255,2902,138800,41,204553
10956,0.001808,74.125.200.0-255,4320,143120,41,204553
10957,0.001811,172.31.46.0-255,66,143186,41,204553
10958,0.001817,172.31.46.0-255,66,143252,41,204553
10959,0.001834,74.125.200.0-255,5020,148272,41,204553
10960,0.001848,172.31.46.0-255,66,148338,41,204553
10961,0.001859,74.125.200.0-255,4320,152658,41,204553
10962,0.001911,172.31.46.0-255,66,152724,41,204553
10963,0.00192,74.125.200.0-255,1484,154208,41,204553
10964,0.001951,74.125.200.0-255,3602,157810,41,204553
10965,0.001961,172.31.46.0-255,66,157876,41,204553
10966,0.001992,172.31.46.0-255,66,157942,41,204553
10967,0.00202,172.31.46.0-255,66,158008,41,204553
10968,0.002051,172.31.46.0-255,66,158074,41,204553
10969,0.002074,172.31.46.0-255,66,158140,41,204553
10970,0.002083,74.125.200.0-255,3602,161742,41,204553
10971,0.002086,172.31.46.0-255,66,161808,41,204553
10972,0.002094,74.125.200.0-255,2902,164710,41,204553
10973,0.002105,74.125.200.0-255,2902,167612,41,204553
10974,0.002121,74.125.200.0-255,4320,171932,41,204553
10975,0.002124,74.125.200.0-255,2902,174834,41,204553
10976,0.002128,172.31.46.0-255,66,174900,41,204553
10977,0.002165,74.125.200.0-255,4320,179220,41,204553
10978,0.002169,172.31.46.0-255,66,179286,41,204553
10979,0.002195,74.125.200.0-255,5020,184306,41,204553
10980,0.0022,74.125.200.0-255,4320,188626,41,204553
10981,0.002215,172.31.46.0-255,66,188692,41,204553
10982,0.002218,74.125.200.0-255,1484,190176,41,204553
10983,0.002253,74.125.200.0-255,2902,193078,41,204553
10984,0.002258,172.31.46.0-255,66,193144,41,204553
10985,0.002275,74.125.200.0-255,4320,197464,41,204553
10986,0.002288,74.125.200.0-255,766,198230,41,204553
10987,0.002292,172.31.46.0-255,66,198296,41,204553
10988,0.00232,74.125.200.0-255,2902,201198,41,204553
10989,0.002331,172.31.46.0-255,66,201264,41,204553
10990,0.002346,172.31.46.0-255,66,201330,41,204553
10991,0.002366,74.125.200.0-255,105,201435,41,204553
10992,0.003193,172.31.46.0-255,101,201536,41,204553
10993,0.004449,172.31.46.0-255,105,201641,41,204553
10994,0.005557,74.125.200.0-255,66,201707,41,204553
10995,0.006805,74.125.200.0-255,66,201773,41,204553
10996,0.036667,172.31.46.0-255,172,201945,41,204553
10997,0.036699,172.31.46.0-255,1118,203063,41,204553
10998,0.036882,172.31.46.0-255,1118,204181,41,204553
10999,0.038295,104.244.42.0-255,66,204247,41,204553
11000,0.038329,104.244.42.0-255,66,204313,41,204553
11001,0.03852,104.244.42.0-255,66,204379,41,204553
11002,0.039074,104.244.42.0-255,108,204487,41,204553
11003,0.039079,172.31.46.0-255,66,204553,41,204553
11004,0.0,74.125.24.0-255,153,153,41,97792
11005,1.4e-05,172.31.46.0-255,66,219,41,97792
11006,2.1e-05,74.125.24.0-255,1484,1703,41,97792
11007,2.5e-05,172.31.46.0-255,66,1769,41,97792
11008,3.1e-05,74.125.24.0-255,2902,4671,41,97792
11009,4.3e-05,172.31.46.0-255,66,4737,41,97792
11010,4.7e-05,74.125.24.0-255,2902,7639,41,97792
11011,5.1e-05,172.31.46.0-255,66,7705,41,97792
11012,0.000108,172.31.46.0-255,66,7771,41,97792
11013,0.000133,74.125.24.0-255,1484,9255,41,97792
11014,0.000135,172.31.46.0-255,66,9321,41,97792
11015,0.000165,172.31.46.0-255,66,9387,41,97792
11016,0.000176,172.31.46.0-255,66,9453,41,97792
11017,0.000212,172.31.46.0-255,66,9519,41,97792
11018,0.000241,74.125.24.0-255,2902,12421,41,97792
11019,0.000246,172.31.46.0-255,66,12487,41,97792
11020,0.000263,74.125.24.0-255,3961,16448,41,97792
11021,0.000266,172.31.46.0-255,66,16514,41,97792
11022,0.000296,172.31.46.0-255,66,16580,41,97792
11023,0.000307,74.125.24.0-255,1484,18064,41,97792
11024,0.000309,172.31.46.0-255,66,18130,41,97792
11025,0.000325,172.31.46.0-255,66,18196,41,97792
11026,0.000352,74.125.24.0-255,1460,19656,41,97792
11027,0.000354,172.31.46.0-255,66,19722,41,97792
11028,0.000765,74.125.24.0-255,342,20064,41,97792
11029,0.00077,172.31.46.0-255,66,20130,41,97792
11030,0.000795,74.125.24.0-255,1484,21614,41,97792
11031,0.000815,74.125.24.0-255,4320,25934,41,97792
11032,0.000818,172.31.46.0-255,66,26000,41,97792
11033,0.000853,172.31.46.0-255,66,26066,41,97792
11034,0.000858,74.125.24.0-255,2902,28968,41,97792
11035,0.00086,172.31.46.0-255,66,29034,41,97792
11036,0.000901,172.31.46.0-255,66,29100,41,97792
11037,0.000907,74.125.24.0-255,5020,34120,41,97792
11038,0.00091,172.31.46.0-255,66,34186,41,97792
11039,0.000948,74.125.24.0-255,4320,38506,41,97792
11040,0.00095,172.31.46.0-255,66,38572,41,97792
11041,0.00098,74.125.24.0-255,1484,40056,41,97792
11042,0.000991,172.31.46.0-255,66,40122,41,97792
11043,0.001032,172.31.46.0-255,66,40188,41,97792
11044,0.001037,74.125.24.0-255,4320,44508,41,97792
11045,0.001039,172.31.46.0-255,66,44574,41,97792
11046,0.001069,74.125.24.0-255,2184,46758,41,97792
11047,0.001073,172.31.46.0-255,66,46824,41,97792
11048,0.001179,74.125.24.0-255,1484,48308,41,97792
11049,0.001185,74.125.24.0-255,2902,51210,41,97792
11050,0.001189,172.31.46.0-255,66,51276,41,97792
11051,0.001192,74.125.24.0-255,1484,52760,41,97792
11052,0.001215,74.125.24.0-255,4320,57080,41,97792
11053,0.001217,172.31.46.0-255,66,57146,41,97792
11054,0.00126,172.31.46.0-255,66,57212,41,97792
11055,0.001272,172.31.46.0-255,66,57278,41,97792
11056,0.001298,172.31.46.0-255,66,57344,41,97792
11057,0.001791,74.125.24.0-255,1484,58828,41,97792
11058,0.001797,74.125.24.0-255,2902,61730,41,97792
11059,0.001801,172.31.46.0-255,66,61796,41,97792
11060,0.001847,74.125.24.0-255,2902,64698,41,97792
11061,0.001849,172.31.46.0-255,66,64764,41,97792
11062,0.001877,74.125.24.0-255,2902,67666,41,97792
11063,0.001879,172.31.46.0-255,66,67732,41,97792
11064,0.001907,172.31.46.0-255,66,67798,41,97792
11065,0.00191,74.125.24.0-255,1484,69282,41,97792
11066,0.001922,172.31.46.0-255,66,69348,41,97792
11067,0.001989,74.125.24.0-255,1484,70832,41,97792
11068,0.002003,74.125.24.0-255,1484,72316,41,97792
11069,0.002006,172.31.46.0-255,66,72382,41,97792
11070,0.002035,74.125.24.0-255,1484,73866,41,97792
11071,0.002043,172.31.46.0-255,66,73932,41,97792
11072,0.002058,172.31.46.0-255,66,73998,41,97792
11073,0.002071,172.31.46.0-255,66,74064,41,97792
11074,0.002094,74.125.24.0-255,1484,75548,41,97792
11075,0.002097,74.125.24.0-255,1484,77032,41,97792
11076,0.002099,172.31.46.0-255,66,77098,41,97792
11077,0.002159,172.31.46.0-255,66,77164,41,97792
11078,0.002172,172.31.46.0-255,66,77230,41,97792
11079,0.002203,172.31.46.0-255,66,77296,41,97792
11080,0.002251,172.31.46.0-255,66,77362,41,97792
11081,0.002263,172.31.46.0-255,66,77428,41,97792
11082,0.002308,172.31.46.0-255,66,77494,41,97792
11083,0.002328,172.31.46.0-255,66,77560,41,97792
11084,0.002341,172.31.46.0-255,66,77626,41,97792
11085,0.002386,172.31.46.0-255,66,77692,41,97792
11086,0.002424,172.31.46.0-255,66,77758,41,97792
11087,0.002438,172.31.46.0-255,66,77824,41,97792
11088,0.002451,172.31.46.0-255,66,77890,41,97792
11089,0.002454,74.125.24.0-255,1484,79374,41,97792
11090,0.004832,74.125.24.0-255,4320,83694,41,97792
11091,0.004841,172.31.46.0-255,66,83760,41,97792
11092,0.007226,172.31.46.0-255,66,83826,41,97792
11093,0.009625,172.31.46.0-255,66,83892,41,97792
11094,0.011995,74.125.24.0-255,4837,88729,41,97792
11095,0.012001,172.31.46.0-255,66,88795,41,97792
11096,0.012188,172.31.46.0-255,105,88900,41,97792
11097,0.01453,74.125.24.0-255,66,88966,41,97792
11098,0.038629,172.31.46.0-255,172,89138,41,97792
11099,0.038661,172.31.46.0-255,1118,90256,41,97792
11100,0.038732,172.31.46.0-255,1514,91770,41,97792
11101,0.038733,172.31.46.0-255,1514,93284,41,97792
11102,0.038734,172.31.46.0-255,1514,94798,41,97792
11103,0.038736,172.31.46.0-255,1514,96312,41,97792
11104,0.038761,172.31.46.0-255,1480,97792,41,97792
11105,0.0,74.125.24.0-255,153,153,41,102473
11106,1.4e-05,74.125.24.0-255,1484,1637,41,102473
11107,2.1e-05,172.31.46.0-255,66,1703,41,102473
11108,2.8e-05,74.125.24.0-255,2902,4605,41,102473
11109,3.2e-05,172.31.46.0-255,66,4671,41,102473
11110,5e-05,172.31.46.0-255,66,4737,41,102473
11111,8.6e-05,74.125.24.0-255,3471,8208,41,102473
11112,8.9e-05,172.31.46.0-255,66,8274,41,102473
11113,0.000786,74.125.24.0-255,1484,9758,41,102473
11114,0.000796,74.125.24.0-255,2902,12660,41,102473
11115,0.000801,172.31.46.0-255,66,12726,41,102473
11116,0.000811,172.31.46.0-255,66,12792,41,102473
11117,0.000851,172.31.46.0-255,66,12858,41,102473
11118,0.000881,172.31.46.0-255,66,12924,41,102473
11119,0.000898,172.31.46.0-255,66,12990,41,102473
11120,0.001534,74.125.24.0-255,1484,14474,41,102473
11121,0.001542,74.125.24.0-255,2902,17376,41,102473
11122,0.001547,172.31.46.0-255,66,17442,41,102473
11123,0.001556,172.31.46.0-255,66,17508,41,102473
11124,0.001588,172.31.46.0-255,66,17574,41,102473
11125,0.001621,172.31.46.0-255,66,17640,41,102473
11126,0.001627,74.125.24.0-255,4320,21960,41,102473
11127,0.00163,172.31.46.0-255,66,22026,41,102473
11128,0.001651,74.125.24.0-255,4320,26346,41,102473
11129,0.001658,172.31.46.0-255,66,26412,41,102473
11130,0.001695,172.31.46.0-255,66,26478,41,102473
11131,0.001743,74.125.24.0-255,3961,30439,41,102473
11132,0.001745,172.31.46.0-255,66,30505,41,102473
11133,0.002072,74.125.24.0-255,1484,31989,41,102473
11134,0.002088,74.125.24.0-255,2902,34891,41,102473
11135,0.00209,172.31.46.0-255,66,34957,41,102473
11136,0.002095,74.125.24.0-255,2902,37859,41,102473
11137,0.002098,172.31.46.0-255,66,37925,41,102473
11138,0.002121,74.125.24.0-255,2902,40827,41,102473
11139,0.002128,172.31.46.0-255,66,40893,41,102473
11140,0.002142,172.31.46.0-255,66,40959,41,102473
11141,0.002155,172.31.46.0-255,66,41025,41,102473
11142,0.002179,74.125.24.0-255,1484,42509,41,102473
11143,0.002198,74.125.24.0-255,2902,45411,41,102473
11144,0.002201,172.31.46.0-255,66,45477,41,102473
11145,0.00221,172.31.46.0-255,66,45543,41,102473
11146,0.002249,172.31.46.0-255,66,45609,41,102473
11147,0.002266,172.31.46.0-255,66,45675,41,102473
11148,0.002564,74.125.24.0-255,1484,47159,41,102473
11149,0.002588,74.125.24.0-255,2902,50061,41,102473
11150,0.002592,172.31.46.0-255,66,50127,41,102473
11151,0.002603,172.31.46.0-255,66,50193,41,102473
11152,0.002613,74.125.24.0-255,4320,54513,41,102473
11153,0.002615,172.31.46.0-255,66,54579,41,102473
11154,0.002657,172.31.46.0-255,66,54645,41,102473
11155,0.002675,172.31.46.0-255,66,54711,41,102473
11156,0.002885,74.125.24.0-255,1484,56195,41,102473
11157,0.002892,74.125.24.0-255,2902,59097,41,102473
11158,0.002895,172.31.46.0-255,66,59163,41,102473
11159,0.0029,74.125.24.0-255,2902,62065,41,102473
11160,0.002902,172.31.46.0-255,66,62131,41,102473
11161,0.002922,74.125.24.0-255,2902,65033,41,102473
11162,0.002925,172.31.46.0-255,66,65099,41,102473
11163,0.002941,172.31.46.0-255,66,65165,41,102473
11164,0.002968,74.125.24.0-255,2902,68067,41,102473
11165,0.002971,172.31.46.0-255,66,68133,41,102473
11166,0.002986,172.31.46.0-255,66,68199,41,102473
11167,0.002988,74.125.24.0-255,766,68965,41,102473
11168,0.003121,74.125.24.0-255,1484,70449,41,102473
11169,0.003125,172.31.46.0-255,66,70515,41,102473
11170,0.003131,74.125.24.0-255,2902,73417,41,102473
11171,0.003133,172.31.46.0-255,66,73483,41,102473
11172,0.003149,74.125.24.0-255,1484,74967,41,102473
11173,0.003182,172.31.46.0-255,66,75033,41,102473
11174,0.003186,74.125.24.0-255,1484,76517,41,102473
11175,0.003226,172.31.46.0-255,66,76583,41,102473
11176,0.003229,74.125.24.0-255,766,77349,41,102473
11177,0.003231,172.31.46.0-255,78,77427,41,102473
11178,0.003236,74.125.24.0-255,4320,81747,41,102473
11179,0.003244,172.31.46.0-255,66,81813,41,102473
11180,0.003255,172.31.46.0-255,66,81879,41,102473
11181,0.003289,74.125.24.0-255,4320,86199,41,102473
11182,0.003292,172.31.46.0-255,66,86265,41,102473
11183,0.003314,172.31.46.0-255,66,86331,41,102473
11184,0.003362,172.31.46.0-255,66,86397,41,102473
11185,0.003413,172.31.46.0-255,66,86463,41,102473
11186,0.003419,74.125.24.0-255,4320,90783,41,102473
11187,0.003421,172.31.46.0-255,66,90849,41,102473
11188,0.003447,172.31.46.0-255,66,90915,41,102473
11189,0.003461,172.31.46.0-255,66,90981,41,102473
11190,0.003489,172.31.46.0-255,66,91047,41,102473
11191,0.003499,172.31.46.0-255,66,91113,41,102473
11192,0.003519,172.31.46.0-255,66,91179,41,102473
11193,0.003525,74.125.24.0-255,4320,95499,41,102473
11194,0.003527,172.31.46.0-255,66,95565,41,102473
11195,0.003557,74.125.24.0-255,2225,97790,41,102473
11196,0.00356,172.31.46.0-255,66,97856,41,102473
11197,0.003577,74.125.24.0-255,105,97961,41,102473
11198,0.006141,172.31.46.0-255,66,98027,41,102473
11199,0.006188,172.31.46.0-255,105,98132,41,102473
11200,0.008497,74.125.24.0-255,66,98198,41,102473
11201,0.031668,172.31.46.0-255,172,98370,41,102473
11202,0.031703,172.31.46.0-255,1115,99485,41,102473
11203,0.031765,172.31.46.0-255,1514,100999,41,102473
11204,0.031767,172.31.46.0-255,1276,102275,41,102473
11205,0.033229,104.244.42.0-255,66,102341,41,102473
11206,0.033259,104.244.42.0-255,66,102407,41,102473
11207,0.033307,104.244.42.0-255,66,102473,41,102473
11208,0.0,74.125.200.0-255,154,154,41,154319
11209,3.4e-05,172.31.46.0-255,66,220,41,154319
11210,4.1e-05,74.125.200.0-255,1484,1704,41,154319
11211,4.5e-05,172.31.46.0-255,66,1770,41,154319
11212,5e-05,74.125.200.0-255,2902,4672,41,154319
11213,5.3e-05,172.31.46.0-255,66,4738,41,154319
11214,5.8e-05,74.125.200.0-255,4320,9058,41,154319
11215,6e-05,172.31.46.0-255,66,9124,41,154319
11216,8e-05,74.125.200.0-255,4884,14008,41,154319
11217,8.3e-05,172.31.46.0-255,66,14074,41,154319
11218,0.000116,172.31.46.0-255,66,14140,41,154319
11219,0.00013,74.125.200.0-255,2902,17042,41,154319
11220,0.000133,172.31.46.0-255,66,17108,41,154319
11221,0.00016,172.31.46.0-255,66,17174,41,154319
11222,0.000332,74.125.200.0-255,1484,18658,41,154319
11223,0.000336,172.31.46.0-255,66,18724,41,154319
11224,0.000341,74.125.200.0-255,2902,21626,41,154319
11225,0.000344,172.31.46.0-255,66,21692,41,154319
11226,0.000364,172.31.46.0-255,66,21758,41,154319
11227,0.000391,74.125.200.0-255,4320,26078,41,154319
11228,0.000394,172.31.46.0-255,66,26144,41,154319
11229,0.000404,172.31.46.0-255,66,26210,41,154319
11230,0.000454,172.31.46.0-255,66,26276,41,154319
11231,0.000458,74.125.200.0-255,2184,28460,41,154319
11232,0.00046,74.125.200.0-255,446,28906,41,154319
11233,0.000464,172.31.46.0-255,66,28972,41,154319
11234,0.000468,172.31.46.0-255,66,29038,41,154319
11235,0.000564,74.125.200.0-255,1484,30522,41,154319
11236,0.00057,74.125.200.0-255,2902,33424,41,154319
11237,0.000574,172.31.46.0-255,66,33490,41,154319
11238,0.000593,74.125.200.0-255,2902,36392,41,154319
11239,0.000596,172.31.46.0-255,66,36458,41,154319
11240,0.000602,74.125.200.0-255,4320,40778,41,154319
11241,0.000604,172.31.46.0-255,66,40844,41,154319
11242,0.000617,74.125.200.0-255,2902,43746,41,154319
11243,0.00062,172.31.46.0-255,66,43812,41,154319
11244,0.000649,172.31.46.0-255,66,43878,41,154319
11245,0.000653,172.31.46.0-255,66,43944,41,154319
11246,0.000661,172.31.46.0-255,66,44010,41,154319
11247,0.000664,74.125.200.0-255,766,44776,41,154319
11248,0.000716,74.125.200.0-255,1484,46260,41,154319
11249,0.00072,172.31.46.0-255,66,46326,41,154319
11250,0.000734,74.125.200.0-255,4320,50646,41,154319
11251,0.000737,172.31.46.0-255,66,50712,41,154319
11252,0.000761,172.31.46.0-255,66,50778,41,154319
11253,0.000793,74.125.200.0-255,2902,53680,41,154319
11254,0.000795,172.31.46.0-255,66,53746,41,154319
11255,0.000815,74.125.200.0-255,4320,58066,41,154319
11256,0.000818,172.31.46.0-255,66,58132,41,154319
11257,0.000846,172.31.46.0-255,66,58198,41,154319
11258,0.000869,172.31.46.0-255,66,58264,41,154319
11259,0.000879,74.125.200.0-255,1484,59748,41,154319
11260,0.000894,74.125.200.0-255,2184,61932,41,154319
11261,0.000897,172.31.46.0-255,66,61998,41,154319
11262,0.000987,74.125.200.0-255,1484,63482,41,154319
11263,0.000999,74.125.200.0-255,2902,66384,41,154319
11264,0.001002,172.31.46.0-255,66,66450,41,154319
11265,0.001027,172.31.46.0-255,66,66516,41,154319
11266,0.001066,172.31.46.0-255,66,66582,41,154319
11267,0.001077,172.31.46.0-255,66,66648,41,154319
11268,0.001086,74.125.200.0-255,4320,70968,41,154319
11269,0.001088,172.31.46.0-255,66,71034,41,154319
11270,0.001093,74.125.200.0-255,2184,73218,41,154319
11271,0.001096,172.31.46.0-255,66,73284,41,154319
11272,0.001161,74.125.200.0-255,330,73614,41,154319
11273,0.001215,74.125.200.0-255,1484,75098,41,154319
11274,0.001219,172.31.46.0-255,66,75164,41,154319
11275,0.001234,74.125.200.0-255,4320,79484,41,154319
11276,0.001236,172.31.46.0-255,66,79550,41,154319
11277,0.001252,74.125.200.0-255,1484,81034,41,154319
11278,0.001266,74.125.200.0-255,2902,83936,41,154319
11279,0.001269,172.31.46.0-255,66,84002,41,154319
11280,0.001322,172.31.46.0-255,66,84068,41,154319
11281,0.001325,74.125.200.0-255,1484,85552,41,154319
11282,0.001335,172.31.46.0-255,66,85618,41,154319
11283,0.001371,172.31.46.0-255,66,85684,41,154319
11284,0.001634,74.125.200.0-255,1484,87168,41,154319
11285,0.001642,74.125.200.0-255,2902,90070,41,154319
11286,0.001646,172.31.46.0-255,66,90136,41,154319
11287,0.00165,74.125.200.0-255,1484,91620,41,154319
11288,0.001667,74.125.200.0-255,2902,94522,41,154319
11289,0.00167,172.31.46.0-255,66,94588,41,154319
11290,0.001674,74.125.200.0-255,1484,96072,41,154319
11291,0.001693,172.31.46.0-255,66,96138,41,154319
11292,0.001698,74.125.200.0-255,2902,99040,41,154319
11293,0.001701,172.31.46.0-255,66,99106,41,154319
11294,0.001721,172.31.46.0-255,66,99172,41,154319
11295,0.001767,172.31.46.0-255,66,99238,41,154319
11296,0.001807,74.125.200.0-255,1484,100722,41,154319
11297,0.001824,74.125.200.0-255,2902,103624,41,154319
11298,0.001827,172.31.46.0-255,66,103690,41,154319
11299,0.001854,172.31.46.0-255,66,103756,41,154319
11300,0.001858,74.125.200.0-255,2902,106658,41,154319
11301,0.00186,172.31.46.0-255,66,106724,41,154319
11302,0.001871,74.125.200.0-255,4320,111044,41,154319
11303,0.001873,172.31.46.0-255,66,111110,41,154319
11304,0.001912,172.31.46.0-255,66,111176,41,154319
11305,0.001924,172.31.46.0-255,66,111242,41,154319
11306,0.00202,74.125.200.0-255,1484,112726,41,154319
11307,0.002038,74.125.200.0-255,2902,115628,41,154319
11308,0.002041,172.31.46.0-255,66,115694,41,154319
11309,0.00205,172.31.46.0-255,66,115760,41,154319
11310,0.002054,74.125.200.0-255,2902,118662,41,154319
11311,0.002058,172.31.46.0-255,66,118728,41,154319
11312,0.002088,74.125.200.0-255,2902,121630,41,154319
11313,0.002092,172.31.46.0-255,66,121696,41,154319
11314,0.002101,172.31.46.0-255,66,121762,41,154319
11315,0.00214,172.31.46.0-255,66,121828,41,154319
11316,0.002197,74.125.200.0-255,1484,123312,41,154319
11317,0.002202,74.125.200.0-255,1484,124796,41,154319
11318,0.002205,172.31.46.0-255,66,124862,41,154319
11319,0.002224,74.125.200.0-255,1484,126346,41,154319
11320,0.002231,74.125.200.0-255,4320,130666,41,154319
11321,0.002234,172.31.46.0-255,66,130732,41,154319
11322,0.002244,172.31.46.0-255,66,130798,41,154319
11323,0.002258,74.125.200.0-255,2902,133700,41,154319
11324,0.002261,172.31.46.0-255,66,133766,41,154319
11325,0.002283,172.31.46.0-255,66,133832,41,154319
11326,0.002338,172.31.46.0-255,66,133898,41,154319
11327,0.004627,172.31.46.0-255,66,133964,41,154319
11328,0.006917,172.31.46.0-255,66,134030,41,154319
11329,0.009201,172.31.46.0-255,66,134096,41,154319
11330,0.011535,172.31.46.0-255,66,134162,41,154319
11331,0.01382,172.31.46.0-255,66,134228,41,154319
11332,0.016098,172.31.46.0-255,66,134294,41,154319
11333,0.018382,172.31.46.0-255,66,134360,41,154319
11334,0.020659,172.31.46.0-255,66,134426,41,154319
11335,0.022944,172.31.46.0-255,66,134492,41,154319
11336,0.025228,172.31.46.0-255,66,134558,41,154319
11337,0.027411,172.31.46.0-255,185,134743,41,154319
11338,0.027445,172.31.46.0-255,1119,135862,41,154319
11339,0.027487,172.31.46.0-255,1514,137376,41,154319
11340,0.027488,172.31.46.0-255,1514,138890,41,154319
11341,0.027493,172.31.46.0-255,1514,140404,41,154319
11342,0.027495,172.31.46.0-255,1514,141918,41,154319
11343,0.027502,172.31.46.0-255,66,141984,41,154319
11344,0.027514,172.31.46.0-255,524,142508,41,154319
11345,0.028985,104.244.42.0-255,66,142574,41,154319
11346,0.028992,104.244.42.0-255,66,142640,41,154319
11347,0.029066,104.244.42.0-255,66,142706,41,154319
11348,0.029069,104.244.42.0-255,66,142772,41,154319
11349,0.029769,74.125.200.0-255,2902,145674,41,154319
11350,0.029773,172.31.46.0-255,66,145740,41,154319
11351,0.029801,74.125.200.0-255,2902,148642,41,154319
11352,0.029804,172.31.46.0-255,66,148708,41,154319
11353,0.032036,74.125.200.0-255,2902,151610,41,154319
11354,0.032042,172.31.46.0-255,66,151676,41,154319
11355,0.032072,74.125.200.0-255,1881,153557,41,154319
11356,0.032075,172.31.46.0-255,66,153623,41,154319
11357,0.032232,172.31.46.0-255,105,153728,41,154319
11358,0.032257,172.31.46.0-255,105,153833,41,154319
11359,0.032461,172.31.46.0-255,90,153923,41,154319
11360,0.03247,172.31.46.0-255,66,153989,41,154319
11361,0.034458,74.125.200.0-255,66,154055,41,154319
11362,0.034472,74.125.200.0-255,66,154121,41,154319
11363,0.034682,74.125.200.0-255,66,154187,41,154319
11364,0.034714,74.125.200.0-255,66,154253,41,154319
11365,0.034719,172.31.46.0-255,66,154319,41,154319
11366,0.0,104.244.42.0-255,66,66,41,66
11367,0.0,74.125.130.0-255,152,152,41,203658
11368,1.3e-05,172.31.46.0-255,66,218,41,203658
11369,2e-05,74.125.130.0-255,1484,1702,41,203658
11370,2.3e-05,172.31.46.0-255,66,1768,41,203658
11371,4.3e-05,74.125.130.0-255,1484,3252,41,203658
11372,4.5e-05,172.31.46.0-255,66,3318,41,203658
11373,5.4e-05,74.125.130.0-255,2902,6220,41,203658
11374,5.7e-05,172.31.46.0-255,66,6286,41,203658
11375,9.3e-05,74.125.130.0-255,1484,7770,41,203658
11376,9.4e-05,172.31.46.0-255,66,7836,41,203658
11377,0.000118,74.125.130.0-255,2902,10738,41,203658
11378,0.00012,172.31.46.0-255,66,10804,41,203658
11379,0.000147,74.125.130.0-255,4878,15682,41,203658
11380,0.000149,172.31.46.0-255,66,15748,41,203658
11381,0.000154,74.125.130.0-255,4320,20068,41,203658
11382,0.000157,172.31.46.0-255,66,20134,41,203658
11383,0.000181,74.125.130.0-255,1484,21618,41,203658
11384,0.000183,172.31.46.0-255,66,21684,41,203658
11385,0.000189,74.125.130.0-255,4320,26004,41,203658
11386,0.000191,172.31.46.0-255,66,26070,41,203658
11387,0.000236,74.125.130.0-255,1484,27554,41,203658
11388,0.000238,172.31.46.0-255,66,27620,41,203658
11389,0.000251,74.125.130.0-255,3961,31581,41,203658
11390,0.000257,172.31.46.0-255,66,31647,41,203658
11391,0.000483,74.125.130.0-255,1484,33131,41,203658
11392,0.000486,74.125.130.0-255,1484,34615,41,203658
11393,0.000491,172.31.46.0-255,66,34681,41,203658
11394,0.000494,172.31.46.0-255,66,34747,41,203658
11395,0.000503,74.125.130.0-255,1484,36231,41,203658
11396,0.000509,172.31.46.0-255,66,36297,41,203658
11397,0.000514,74.125.130.0-255,4320,40617,41,203658
11398,0.000517,172.31.46.0-255,66,40683,41,203658
11399,0.000538,74.125.130.0-255,1484,42167,41,203658
11400,0.000574,172.31.46.0-255,66,42233,41,203658
11401,0.000579,74.125.130.0-255,4320,46553,41,203658
11402,0.000581,172.31.46.0-255,66,46619,41,203658
11403,0.000614,172.31.46.0-255,66,46685,41,203658
11404,0.000617,74.125.130.0-255,342,47027,41,203658
11405,0.000619,74.125.130.0-255,115,47142,41,203658
11406,0.000842,74.125.130.0-255,1484,48626,41,203658
11407,0.000846,172.31.46.0-255,66,48692,41,203658
11408,0.00086,74.125.130.0-255,2902,51594,41,203658
11409,0.000866,172.31.46.0-255,66,51660,41,203658
11410,0.000871,74.125.130.0-255,4320,55980,41,203658
11411,0.000873,172.31.46.0-255,66,56046,41,203658
11412,0.00089,74.125.130.0-255,1484,57530,41,203658
11413,0.000914,172.31.46.0-255,66,57596,41,203658
11414,0.000947,172.31.46.0-255,66,57662,41,203658
11415,0.00095,74.125.130.0-255,1484,59146,41,203658
11416,0.000977,172.31.46.0-255,66,59212,41,203658
11417,0.001043,74.125.130.0-255,1484,60696,41,203658
11418,0.001047,74.125.130.0-255,1484,62180,41,203658
11419,0.001049,172.31.46.0-255,66,62246,41,203658
11420,0.001073,74.125.130.0-255,1484,63730,41,203658
11421,0.001082,172.31.46.0-255,66,63796,41,203658
11422,0.001117,172.31.46.0-255,66,63862,41,203658
11423,0.001134,74.125.130.0-255,1484,65346,41,203658
11424,0.001136,74.125.130.0-255,1484,66830,41,203658
11425,0.00114,172.31.46.0-255,66,66896,41,203658
11426,0.001174,172.31.46.0-255,66,66962,41,203658
11427,0.001285,74.125.130.0-255,1484,68446,41,203658
11428,0.001288,74.125.130.0-255,1484,69930,41,203658
11429,0.001291,172.31.46.0-255,66,69996,41,203658
11430,0.001314,74.125.130.0-255,1484,71480,41,203658
11431,0.001317,74.125.130.0-255,1484,72964,41,203658
11432,0.001319,172.31.46.0-255,66,73030,41,203658
11433,0.001323,74.125.130.0-255,2902,75932,41,203658
11434,0.001325,172.31.46.0-255,66,75998,41,203658
11435,0.00133,74.125.130.0-255,4320,80318,41,203658
11436,0.001332,172.31.46.0-255,66,80384,41,203658
11437,0.001362,74.125.130.0-255,1484,81868,41,203658
11438,0.001366,74.125.130.0-255,4320,86188,41,203658
11439,0.001368,172.31.46.0-255,66,86254,41,203658
11440,0.001396,74.125.130.0-255,2902,89156,41,203658
11441,0.001398,172.31.46.0-255,66,89222,41,203658
11442,0.001407,172.31.46.0-255,66,89288,41,203658
11443,0.001416,74.125.130.0-255,3602,92890,41,203658
11444,0.001418,172.31.46.0-255,66,92956,41,203658
11445,0.001455,74.125.130.0-255,4320,97276,41,203658
11446,0.001458,172.31.46.0-255,66,97342,41,203658
11447,0.001471,74.125.130.0-255,4320,101662,41,203658
11448,0.001477,172.31.46.0-255,66,101728,41,203658
11449,0.001501,74.125.130.0-255,1484,103212,41,203658
11450,0.001506,74.125.130.0-255,2902,106114,41,203658
11451,0.001508,172.31.46.0-255,66,106180,41,203658
11452,0.00154,172.31.46.0-255,66,106246,41,203658
11453,0.001548,172.31.46.0-255,66,106312,41,203658
11454,0.001577,74.125.130.0-255,5020,111332,41,203658
11455,0.00158,172.31.46.0-255,66,111398,41,203658
11456,0.001583,74.125.130.0-255,384,111782,41,203658
11457,0.001662,74.125.130.0-255,1484,113266,41,203658
11458,0.001665,172.31.46.0-255,66,113332,41,203658
11459,0.001669,74.125.130.0-255,1484,114816,41,203658
11460,0.001682,74.125.130.0-255,1484,116300,41,203658
11461,0.001684,172.31.46.0-255,66,116366,41,203658
11462,0.001715,74.125.130.0-255,4320,120686,41,203658
11463,0.001717,74.125.130.0-255,1484,122170,41,203658
11464,0.00172,172.31.46.0-255,66,122236,41,203658
11465,0.001723,172.31.46.0-255,66,122302,41,203658
11466,0.001748,74.125.130.0-255,4320,126622,41,203658
11467,0.00175,172.31.46.0-255,66,126688,41,203658
11468,0.001755,74.125.130.0-255,4320,131008,41,203658
11469,0.001758,172.31.46.0-255,66,131074,41,203658
11470,0.001802,172.31.46.0-255,66,131140,41,203658
11471,0.001806,74.125.130.0-255,2184,133324,41,203658
11472,0.001807,172.31.46.0-255,66,133390,41,203658
11473,0.001853,74.125.130.0-255,1484,134874,41,203658
11474,0.001883,74.125.130.0-255,2902,137776,41,203658
11475,0.001886,172.31.46.0-255,66,137842,41,203658
11476,0.001908,172.31.46.0-255,66,137908,41,203658
11477,0.001916,74.125.130.0-255,2902,140810,41,203658
11478,0.001919,172.31.46.0-255,66,140876,41,203658
11479,0.001924,74.125.130.0-255,4320,145196,41,203658
11480,0.001926,172.31.46.0-255,66,145262,41,203658
11481,0.00197,172.31.46.0-255,66,145328,41,203658
11482,0.001974,74.125.130.0-255,4320,149648,41,203658
11483,0.001976,172.31.46.0-255,66,149714,41,203658
11484,0.002003,74.125.130.0-255,1484,151198,41,203658
11485,0.002007,74.125.130.0-255,2184,153382,41,203658
11486,0.002009,172.31.46.0-255,66,153448,41,203658
11487,0.002242,74.125.130.0-255,1484,154932,41,203658
11488,0.002256,74.125.130.0-255,2902,157834,41,203658
11489,0.002259,172.31.46.0-255,66,157900,41,203658
11490,0.002295,74.125.130.0-255,4320,162220,41,203658
11491,0.002297,172.31.46.0-255,66,162286,41,203658
11492,0.002307,172.31.46.0-255,66,162352,41,203658
11493,0.002312,74.125.130.0-255,4320,166672,41,203658
11494,0.002317,172.31.46.0-255,66,166738,41,203658
11495,0.002343,74.125.130.0-255,1484,168222,41,203658
11496,0.002352,172.31.46.0-255,66,168288,41,203658
11497,0.002364,74.125.130.0-255,3602,171890,41,203658
11498,0.002366,172.31.46.0-255,66,171956,41,203658
11499,0.004792,74.125.130.0-255,4320,176276,41,203658
11500,0.0048,172.31.46.0-255,66,176342,41,203658
11501,0.004831,74.125.130.0-255,1484,177826,41,203658
11502,0.00723,74.125.130.0-255,4320,182146,41,203658
11503,0.007235,172.31.46.0-255,66,182212,41,203658
11504,0.009693,172.31.46.0-255,66,182278,41,203658
11505,0.012148,172.31.46.0-255,66,182344,41,203658
11506,0.014585,172.31.46.0-255,66,182410,41,203658
11507,0.017081,172.31.46.0-255,66,182476,41,203658
11508,0.019524,172.31.46.0-255,66,182542,41,203658
11509,0.021977,172.31.46.0-255,66,182608,41,203658
11510,0.024441,172.31.46.0-255,66,182674,41,203658
11511,0.026887,172.31.46.0-255,66,182740,41,203658
11512,0.029333,172.31.46.0-255,66,182806,41,203658
11513,0.031757,74.125.130.0-255,4320,187126,41,203658
11514,0.031764,172.31.46.0-255,66,187192,41,203658
11515,0.031793,74.125.130.0-255,1484,188676,41,203658
11516,0.032832,172.31.46.0-255,172,188848,41,203658
11517,0.032863,172.31.46.0-255,1118,189966,41,203658
11518,0.032926,172.31.46.0-255,1514,191480,41,203658
11519,0.032928,172.31.46.0-255,1514,192994,41,203658
11520,0.032929,172.31.46.0-255,1514,194508,41,203658
11521,0.03293,172.31.46.0-255,1514,196022,41,203658
11522,0.032958,172.31.46.0-255,1514,197536,41,203658
11523,0.032959,172.31.46.0-255,1166,198702,41,203658
11524,0.034191,74.125.130.0-255,4320,203022,41,203658
11525,0.034198,172.31.46.0-255,66,203088,41,203658
11526,0.034474,104.244.42.0-255,66,203154,41,203658
11527,0.034541,104.244.42.0-255,66,203220,41,203658
11528,0.03465,104.244.42.0-255,66,203286,41,203658
11529,0.034655,104.244.42.0-255,66,203352,41,203658
11530,0.035462,104.244.42.0-255,108,203460,41,203658
11531,0.035473,172.31.46.0-255,66,203526,41,203658
11532,0.036646,172.31.46.0-255,66,203592,41,203658
11533,0.039119,172.31.46.0-255,66,203658,41,203658
