,TIME,SRC,PACKET_SIZE,CUMULATIVE_PACKET_SIZE,PAGE_NUMBER,TOTAL_PACKET_SIZE
0,0.0,74.125.24.0-255,146,146,65,214924
1,1.5e-05,172.31.40.0-255,66,212,65,214924
2,2.2e-05,74.125.24.0-255,1484,1696,65,214924
3,2.7e-05,172.31.40.0-255,66,1762,65,214924
4,3.3e-05,74.125.24.0-255,2902,4664,65,214924
5,3.7e-05,172.31.40.0-255,66,4730,65,214924
6,4.4e-05,74.125.24.0-255,7156,11886,65,214924
7,4.7e-05,172.31.40.0-255,66,11952,65,214924
8,5.4e-05,74.125.24.0-255,4875,16827,65,214924
9,5.7e-05,172.31.40.0-255,66,16893,65,214924
10,0.000101,172.31.40.0-255,66,16959,65,214924
11,0.000118,74.125.24.0-255,2543,19502,65,214924
12,0.000121,172.31.40.0-255,66,19568,65,214924
13,0.000152,74.125.24.0-255,1484,21052,65,214924
14,0.000155,172.31.40.0-255,66,21118,65,214924
15,0.00016,74.125.24.0-255,2902,24020,65,214924
16,0.000162,172.31.40.0-255,66,24086,65,214924
17,0.000167,74.125.24.0-255,2902,26988,65,214924
18,0.00017,172.31.40.0-255,66,27054,65,214924
19,0.000189,74.125.24.0-255,2902,29956,65,214924
20,0.000191,172.31.40.0-255,66,30022,65,214924
21,0.000195,74.125.24.0-255,2902,32924,65,214924
22,0.000197,172.31.40.0-255,66,32990,65,214924
23,0.000231,172.31.40.0-255,66,33056,65,214924
24,0.000243,172.31.40.0-255,66,33122,65,214924
25,0.000245,74.125.24.0-255,110,33232,65,214924
26,0.000247,172.31.40.0-255,66,33298,65,214924
27,0.000337,74.125.24.0-255,330,33628,65,214924
28,0.000341,172.31.40.0-255,66,33694,65,214924
29,0.000557,74.125.24.0-255,1484,35178,65,214924
30,0.000564,172.31.40.0-255,66,35244,65,214924
31,0.00057,74.125.24.0-255,2902,38146,65,214924
32,0.000572,172.31.40.0-255,66,38212,65,214924
33,0.000578,74.125.24.0-255,5738,43950,65,214924
34,0.000581,172.31.40.0-255,66,44016,65,214924
35,0.000594,172.31.40.0-255,66,44082,65,214924
36,0.000597,74.125.24.0-255,1484,45566,65,214924
37,0.00062,74.125.24.0-255,1484,47050,65,214924
38,0.000622,172.31.40.0-255,66,47116,65,214924
39,0.000654,172.31.40.0-255,66,47182,65,214924
40,0.000874,74.125.24.0-255,1484,48666,65,214924
41,0.000882,74.125.24.0-255,2902,51568,65,214924
42,0.000885,172.31.40.0-255,66,51634,65,214924
43,0.000891,74.125.24.0-255,5738,57372,65,214924
44,0.000894,172.31.40.0-255,66,57438,65,214924
45,0.000901,74.125.24.0-255,7156,64594,65,214924
46,0.000903,172.31.40.0-255,66,64660,65,214924
47,0.000976,172.31.40.0-255,66,64726,65,214924
48,0.00098,74.125.24.0-255,2184,66910,65,214924
49,0.000985,172.31.40.0-255,66,66976,65,214924
50,0.001072,74.125.24.0-255,1484,68460,65,214924
51,0.001075,74.125.24.0-255,1484,69944,65,214924
52,0.001078,172.31.40.0-255,66,70010,65,214924
53,0.001095,74.125.24.0-255,1484,71494,65,214924
54,0.001102,74.125.24.0-255,5738,77232,65,214924
55,0.001105,172.31.40.0-255,66,77298,65,214924
56,0.001119,74.125.24.0-255,1484,78782,65,214924
57,0.001146,74.125.24.0-255,2902,81684,65,214924
58,0.00115,172.31.40.0-255,66,81750,65,214924
59,0.001182,74.125.24.0-255,2184,83934,65,214924
60,0.001187,172.31.40.0-255,66,84000,65,214924
61,0.001243,74.125.24.0-255,1484,85484,65,214924
62,0.001256,74.125.24.0-255,2902,88386,65,214924
63,0.001277,74.125.24.0-255,5738,94124,65,214924
64,0.001281,172.31.40.0-255,66,94190,65,214924
65,0.001291,172.31.40.0-255,66,94256,65,214924
66,0.001312,74.125.24.0-255,4320,98576,65,214924
67,0.001321,172.31.40.0-255,66,98642,65,214924
68,0.001354,74.125.24.0-255,5738,104380,65,214924
69,0.001375,172.31.40.0-255,66,104446,65,214924
70,0.001382,74.125.24.0-255,1484,105930,65,214924
71,0.001397,74.125.24.0-255,3602,109532,65,214924
72,0.001413,74.125.24.0-255,2902,112434,65,214924
73,0.00142,172.31.40.0-255,66,112500,65,214924
74,0.001429,74.125.24.0-255,2902,115402,65,214924
75,0.001435,74.125.24.0-255,4320,119722,65,214924
76,0.001442,172.31.40.0-255,66,119788,65,214924
77,0.001447,74.125.24.0-255,2902,122690,65,214924
78,0.001458,74.125.24.0-255,1484,124174,65,214924
79,0.001471,74.125.24.0-255,4320,128494,65,214924
80,0.001482,172.31.40.0-255,66,128560,65,214924
81,0.001514,74.125.24.0-255,6438,134998,65,214924
82,0.001521,172.31.40.0-255,66,135064,65,214924
83,0.001534,74.125.24.0-255,5738,140802,65,214924
84,0.001547,74.125.24.0-255,4320,145122,65,214924
85,0.001593,74.125.24.0-255,766,145888,65,214924
86,0.001595,172.31.40.0-255,66,145954,65,214924
87,0.001602,172.31.40.0-255,66,146020,65,214924
88,0.001661,74.125.24.0-255,1484,147504,65,214924
89,0.001665,74.125.24.0-255,1484,148988,65,214924
90,0.00167,172.31.40.0-255,66,149054,65,214924
91,0.001687,74.125.24.0-255,1484,150538,65,214924
92,0.001694,74.125.24.0-255,5738,156276,65,214924
93,0.0017,74.125.24.0-255,5738,162014,65,214924
94,0.001722,172.31.40.0-255,66,162080,65,214924
95,0.001737,172.31.40.0-255,66,162146,65,214924
96,0.001747,74.125.24.0-255,4320,166466,65,214924
97,0.001752,74.125.24.0-255,5020,171486,65,214924
98,0.00181,172.31.40.0-255,66,171552,65,214924
99,0.001883,74.125.24.0-255,1484,173036,65,214924
100,0.001887,74.125.24.0-255,1484,174520,65,214924
101,0.0019,172.31.40.0-255,66,174586,65,214924
102,0.001904,74.125.24.0-255,1484,176070,65,214924
103,0.001911,74.125.24.0-255,5738,181808,65,214924
104,0.001913,74.125.24.0-255,1484,183292,65,214924
105,0.001919,172.31.40.0-255,66,183358,65,214924
106,0.00195,74.125.24.0-255,2902,186260,65,214924
107,0.001958,172.31.40.0-255,66,186326,65,214924
108,0.00197,74.125.24.0-255,6438,192764,65,214924
109,0.00198,172.31.40.0-255,66,192830,65,214924
110,0.001999,74.125.24.0-255,2902,195732,65,214924
111,0.002008,172.31.40.0-255,66,195798,65,214924
112,0.002016,74.125.24.0-255,7156,202954,65,214924
113,0.002022,74.125.24.0-255,5738,208692,65,214924
114,0.002027,172.31.40.0-255,66,208758,65,214924
115,0.002076,172.31.40.0-255,66,208824,65,214924
116,0.002117,74.125.24.0-255,5758,214582,65,214924
117,0.002131,74.125.24.0-255,105,214687,65,214924
118,0.002135,172.31.40.0-255,66,214753,65,214924
119,0.009588,172.31.40.0-255,105,214858,65,214924
120,0.012167,74.125.24.0-255,66,214924,65,214924
121,0.0,172.217.194.0-255,153,153,65,171983
122,1.3e-05,172.31.40.0-255,66,219,65,171983
123,1.9e-05,172.217.194.0-255,1484,1703,65,171983
124,2.3e-05,172.31.40.0-255,66,1769,65,171983
125,2.8e-05,172.217.194.0-255,2902,4671,65,171983
126,3.7e-05,172.31.40.0-255,66,4737,65,171983
127,4.2e-05,172.217.194.0-255,4320,9057,65,171983
128,4.5e-05,172.31.40.0-255,66,9123,65,171983
129,6e-05,172.217.194.0-255,2902,12025,65,171983
130,6.2e-05,172.31.40.0-255,66,12091,65,171983
131,6.6e-05,172.217.194.0-255,2056,14147,65,171983
132,6.8e-05,172.31.40.0-255,66,14213,65,171983
133,0.000113,172.31.40.0-255,66,14279,65,171983
134,0.000119,172.217.194.0-255,5379,19658,65,171983
135,0.000121,172.31.40.0-255,66,19724,65,171983
136,0.000166,172.31.40.0-255,66,19790,65,171983
137,0.000196,172.217.194.0-255,2902,22692,65,171983
138,0.000198,172.31.40.0-255,66,22758,65,171983
139,0.000202,172.217.194.0-255,1484,24242,65,171983
140,0.000203,172.31.40.0-255,66,24308,65,171983
141,0.000243,172.31.40.0-255,66,24374,65,171983
142,0.000282,172.217.194.0-255,98,24472,65,171983
143,0.000285,172.31.40.0-255,66,24538,65,171983
144,0.000288,172.31.40.0-255,66,24604,65,171983
145,0.000294,172.217.194.0-255,363,24967,65,171983
146,0.000296,172.31.40.0-255,66,25033,65,171983
147,0.000429,172.217.194.0-255,1484,26517,65,171983
148,0.000433,172.31.40.0-255,66,26583,65,171983
149,0.00049,172.217.194.0-255,2902,29485,65,171983
150,0.000493,172.31.40.0-255,66,29551,65,171983
151,0.00052,172.217.194.0-255,4320,33871,65,171983
152,0.000523,172.31.40.0-255,66,33937,65,171983
153,0.000555,172.217.194.0-255,1484,35421,65,171983
154,0.000569,172.31.40.0-255,66,35487,65,171983
155,0.000573,172.217.194.0-255,2902,38389,65,171983
156,0.000575,172.31.40.0-255,66,38455,65,171983
157,0.000584,172.31.40.0-255,66,38521,65,171983
158,0.000875,172.217.194.0-255,1484,40005,65,171983
159,0.000903,172.217.194.0-255,2902,42907,65,171983
160,0.000906,172.31.40.0-255,66,42973,65,171983
161,0.000913,172.217.194.0-255,5738,48711,65,171983
162,0.000915,172.31.40.0-255,66,48777,65,171983
163,0.000944,172.31.40.0-255,66,48843,65,171983
164,0.000971,172.217.194.0-255,2902,51745,65,171983
165,0.000973,172.31.40.0-255,66,51811,65,171983
166,0.000976,172.217.194.0-255,1484,53295,65,171983
167,0.001001,172.217.194.0-255,5738,59033,65,171983
168,0.001003,172.31.40.0-255,66,59099,65,171983
169,0.001024,172.217.194.0-255,3602,62701,65,171983
170,0.001026,172.31.40.0-255,66,62767,65,171983
171,0.001132,172.217.194.0-255,1484,64251,65,171983
172,0.00116,172.217.194.0-255,2902,67153,65,171983
173,0.001163,172.31.40.0-255,66,67219,65,171983
174,0.001169,172.217.194.0-255,5738,72957,65,171983
175,0.001171,172.31.40.0-255,66,73023,65,171983
176,0.001175,172.217.194.0-255,2902,75925,65,171983
177,0.001177,172.31.40.0-255,66,75991,65,171983
178,0.001211,172.217.194.0-255,2902,78893,65,171983
179,0.001214,172.31.40.0-255,66,78959,65,171983
180,0.001221,172.217.194.0-255,7156,86115,65,171983
181,0.001223,172.31.40.0-255,66,86181,65,171983
182,0.001226,172.217.194.0-255,1484,87665,65,171983
183,0.001263,172.31.40.0-255,66,87731,65,171983
184,0.001265,172.217.194.0-255,1484,89215,65,171983
185,0.001289,172.217.194.0-255,7156,96371,65,171983
186,0.001291,172.31.40.0-255,66,96437,65,171983
187,0.001308,172.217.194.0-255,2902,99339,65,171983
188,0.001311,172.31.40.0-255,66,99405,65,171983
189,0.001324,172.31.40.0-255,66,99471,65,171983
190,0.001327,172.217.194.0-255,1484,100955,65,171983
191,0.001365,172.31.40.0-255,66,101021,65,171983
192,0.0014,172.217.194.0-255,1484,102505,65,171983
193,0.001416,172.217.194.0-255,1484,103989,65,171983
194,0.001418,172.31.40.0-255,66,104055,65,171983
195,0.001438,172.217.194.0-255,1484,105539,65,171983
196,0.001442,172.217.194.0-255,2902,108441,65,171983
197,0.001444,172.31.40.0-255,66,108507,65,171983
198,0.001478,172.217.194.0-255,2902,111409,65,171983
199,0.001481,172.31.40.0-255,66,111475,65,171983
200,0.001491,172.31.40.0-255,66,111541,65,171983
201,0.001505,172.31.40.0-255,66,111607,65,171983
202,0.00154,172.217.194.0-255,6438,118045,65,171983
203,0.001542,172.217.194.0-255,1484,119529,65,171983
204,0.001546,172.31.40.0-255,66,119595,65,171983
205,0.001567,172.217.194.0-255,2902,122497,65,171983
206,0.001569,172.31.40.0-255,66,122563,65,171983
207,0.001575,172.217.194.0-255,5738,128301,65,171983
208,0.001577,172.31.40.0-255,66,128367,65,171983
209,0.001616,172.31.40.0-255,66,128433,65,171983
210,0.00164,172.217.194.0-255,1484,129917,65,171983
211,0.001679,172.31.40.0-255,66,129983,65,171983
212,0.001701,172.217.194.0-255,4320,134303,65,171983
213,0.001703,172.31.40.0-255,66,134369,65,171983
214,0.001743,172.31.40.0-255,66,134435,65,171983
215,0.00178,172.217.194.0-255,5738,140173,65,171983
216,0.001782,172.31.40.0-255,66,140239,65,171983
217,0.001817,172.31.40.0-255,66,140305,65,171983
218,0.001858,172.217.194.0-255,1484,141789,65,171983
219,0.001868,172.217.194.0-255,1484,143273,65,171983
220,0.001886,172.217.194.0-255,4320,147593,65,171983
221,0.001896,172.217.194.0-255,1484,149077,65,171983
222,0.001898,172.31.40.0-255,66,149143,65,171983
223,0.001913,172.217.194.0-255,2902,152045,65,171983
224,0.001931,172.217.194.0-255,7156,159201,65,171983
225,0.001941,172.31.40.0-255,66,159267,65,171983
226,0.001944,172.217.194.0-255,2184,161451,65,171983
227,0.00195,172.217.194.0-255,7156,168607,65,171983
228,0.001955,172.31.40.0-255,66,168673,65,171983
229,0.001996,172.217.194.0-255,2902,171575,65,171983
230,0.002007,172.217.194.0-255,105,171680,65,171983
231,0.002011,172.31.40.0-255,66,171746,65,171983
232,0.002017,172.31.40.0-255,66,171812,65,171983
233,0.004862,172.31.40.0-255,105,171917,65,171983
234,0.007556,172.217.194.0-255,66,171983,65,171983
235,0.0,216.58.221.0-255,184,184,65,145462
236,1.5e-05,172.31.40.0-255,66,250,65,145462
237,2.2e-05,216.58.221.0-255,1484,1734,65,145462
238,4.8e-05,172.31.40.0-255,66,1800,65,145462
239,5.5e-05,216.58.221.0-255,2902,4702,65,145462
240,5.9e-05,172.31.40.0-255,66,4768,65,145462
241,6.6e-05,216.58.221.0-255,5738,10506,65,145462
242,6.9e-05,172.31.40.0-255,66,10572,65,145462
243,7.4e-05,216.58.221.0-255,3475,14047,65,145462
244,7.7e-05,172.31.40.0-255,66,14113,65,145462
245,0.000112,216.58.221.0-255,4320,18433,65,145462
246,0.000119,172.31.40.0-255,66,18499,65,145462
247,0.000125,216.58.221.0-255,4320,22819,65,145462
248,0.000127,172.31.40.0-255,66,22885,65,145462
249,0.000154,216.58.221.0-255,1484,24369,65,145462
250,0.000161,172.31.40.0-255,66,24435,65,145462
251,0.00017,216.58.221.0-255,6797,31232,65,145462
252,0.000172,172.31.40.0-255,66,31298,65,145462
253,0.000341,216.58.221.0-255,1484,32782,65,145462
254,0.000346,172.31.40.0-255,66,32848,65,145462
255,0.00036,216.58.221.0-255,2902,35750,65,145462
256,0.000368,172.31.40.0-255,66,35816,65,145462
257,0.000374,216.58.221.0-255,5738,41554,65,145462
258,0.000377,172.31.40.0-255,66,41620,65,145462
259,0.000423,172.31.40.0-255,66,41686,65,145462
260,0.000435,172.31.40.0-255,66,41752,65,145462
261,0.000465,216.58.221.0-255,1125,42877,65,145462
262,0.000468,172.31.40.0-255,66,42943,65,145462
263,0.000472,216.58.221.0-255,393,43336,65,145462
264,0.000473,172.31.40.0-255,66,43402,65,145462
265,0.001136,216.58.221.0-255,350,43752,65,145462
266,0.00129,216.58.221.0-255,1484,45236,65,145462
267,0.001295,172.31.40.0-255,66,45302,65,145462
268,0.001302,216.58.221.0-255,2902,48204,65,145462
269,0.001321,172.31.40.0-255,66,48270,65,145462
270,0.00133,216.58.221.0-255,5738,54008,65,145462
271,0.001333,172.31.40.0-255,66,54074,65,145462
272,0.001341,216.58.221.0-255,6797,60871,65,145462
273,0.001343,172.31.40.0-255,66,60937,65,145462
274,0.001351,216.58.221.0-255,7156,68093,65,145462
275,0.001353,172.31.40.0-255,66,68159,65,145462
276,0.001382,216.58.221.0-255,5738,73897,65,145462
277,0.001384,172.31.40.0-255,66,73963,65,145462
278,0.001414,216.58.221.0-255,3961,77924,65,145462
279,0.001417,172.31.40.0-255,66,77990,65,145462
280,0.002004,216.58.221.0-255,1484,79474,65,145462
281,0.002015,216.58.221.0-255,2902,82376,65,145462
282,0.002019,172.31.40.0-255,66,82442,65,145462
283,0.002027,216.58.221.0-255,5738,88180,65,145462
284,0.002029,172.31.40.0-255,66,88246,65,145462
285,0.002037,216.58.221.0-255,1484,89730,65,145462
286,0.00204,216.58.221.0-255,1484,91214,65,145462
287,0.002042,172.31.40.0-255,66,91280,65,145462
288,0.002064,216.58.221.0-255,1484,92764,65,145462
289,0.002068,216.58.221.0-255,1484,94248,65,145462
290,0.002069,172.31.40.0-255,66,94314,65,145462
291,0.002081,216.58.221.0-255,5738,100052,65,145462
292,0.002083,172.31.40.0-255,66,100118,65,145462
293,0.004141,216.58.221.0-255,5738,105856,65,145462
294,0.004146,172.31.40.0-255,66,105922,65,145462
295,0.006196,216.58.221.0-255,5738,111660,65,145462
296,0.006201,172.31.40.0-255,66,111726,65,145462
297,0.00825,216.58.221.0-255,4320,116046,65,145462
298,0.008257,172.31.40.0-255,66,116112,65,145462
299,0.008285,216.58.221.0-255,1484,117596,65,145462
300,0.01066,216.58.221.0-255,4320,121916,65,145462
301,0.010668,172.31.40.0-255,66,121982,65,145462
302,0.012724,216.58.221.0-255,5738,127720,65,145462
303,0.012733,172.31.40.0-255,66,127786,65,145462
304,0.014792,216.58.221.0-255,5738,133524,65,145462
305,0.014801,172.31.40.0-255,66,133590,65,145462
306,0.016879,216.58.221.0-255,2902,136492,65,145462
307,0.016886,172.31.40.0-255,66,136558,65,145462
308,0.016919,216.58.221.0-255,2902,139460,65,145462
309,0.016922,172.31.40.0-255,66,139526,65,145462
310,0.018943,216.58.221.0-255,2902,142428,65,145462
311,0.018951,172.31.40.0-255,66,142494,65,145462
312,0.018985,216.58.221.0-255,2902,145396,65,145462
313,0.018989,172.31.40.0-255,66,145462,65,145462
314,0.0,74.125.24.0-255,152,152,65,139171
315,2.1e-05,172.31.40.0-255,66,218,65,139171
316,2.9e-05,74.125.24.0-255,1484,1702,65,139171
317,3.4e-05,172.31.40.0-255,66,1768,65,139171
318,4e-05,74.125.24.0-255,2902,4670,65,139171
319,4.4e-05,172.31.40.0-255,66,4736,65,139171
320,5.3e-05,74.125.24.0-255,7156,11892,65,139171
321,5.5e-05,172.31.40.0-255,66,11958,65,139171
322,0.000111,172.31.40.0-255,66,12024,65,139171
323,0.000117,74.125.24.0-255,3961,15985,65,139171
324,0.000119,172.31.40.0-255,66,16051,65,139171
325,0.000143,74.125.24.0-255,1484,17535,65,139171
326,0.000145,172.31.40.0-255,66,17601,65,139171
327,0.000149,74.125.24.0-255,2902,20503,65,139171
328,0.000152,172.31.40.0-255,66,20569,65,139171
329,0.000157,74.125.24.0-255,2902,23471,65,139171
330,0.00016,172.31.40.0-255,66,23537,65,139171
331,0.000183,74.125.24.0-255,2902,26439,65,139171
332,0.000185,172.31.40.0-255,66,26505,65,139171
333,0.000192,74.125.24.0-255,6797,33302,65,139171
334,0.000195,172.31.40.0-255,66,33368,65,139171
335,0.000706,74.125.24.0-255,1484,34852,65,139171
336,0.000712,172.31.40.0-255,66,34918,65,139171
337,0.000717,74.125.24.0-255,2902,37820,65,139171
338,0.00072,172.31.40.0-255,66,37886,65,139171
339,0.000723,74.125.24.0-255,1484,39370,65,139171
340,0.000725,172.31.40.0-255,66,39436,65,139171
341,0.000751,74.125.24.0-255,4320,43756,65,139171
342,0.000754,172.31.40.0-255,66,43822,65,139171
343,0.000761,74.125.24.0-255,5738,49560,65,139171
344,0.000764,172.31.40.0-255,66,49626,65,139171
345,0.000768,74.125.24.0-255,2902,52528,65,139171
346,0.000785,172.31.40.0-255,66,52594,65,139171
347,0.000813,74.125.24.0-255,3961,56555,65,139171
348,0.00083,172.31.40.0-255,66,56621,65,139171
349,0.001158,74.125.24.0-255,1484,58105,65,139171
350,0.001163,74.125.24.0-255,1484,59589,65,139171
351,0.001166,172.31.40.0-255,66,59655,65,139171
352,0.001198,74.125.24.0-255,1484,61139,65,139171
353,0.001205,74.125.24.0-255,5738,66877,65,139171
354,0.001234,172.31.40.0-255,66,66943,65,139171
355,0.001347,74.125.24.0-255,1484,68427,65,139171
356,0.00136,74.125.24.0-255,2902,71329,65,139171
357,0.001364,172.31.40.0-255,66,71395,65,139171
358,0.001368,74.125.24.0-255,2902,74297,65,139171
359,0.00138,172.31.40.0-255,66,74363,65,139171
360,0.001385,74.125.24.0-255,2902,77265,65,139171
361,0.00139,172.31.40.0-255,66,77331,65,139171
362,0.001402,74.125.24.0-255,4320,81651,65,139171
363,0.001429,172.31.40.0-255,66,81717,65,139171
364,0.001447,74.125.24.0-255,1484,83201,65,139171
365,0.001465,74.125.24.0-255,7156,90357,65,139171
366,0.001475,74.125.24.0-255,2184,92541,65,139171
367,0.001481,172.31.40.0-255,66,92607,65,139171
368,0.002229,74.125.24.0-255,1484,94091,65,139171
369,0.00224,74.125.24.0-255,2902,96993,65,139171
370,0.002245,172.31.40.0-255,66,97059,65,139171
371,0.002302,74.125.24.0-255,5738,102797,65,139171
372,0.002306,74.125.24.0-255,1484,104281,65,139171
373,0.00634,172.31.40.0-255,66,104347,65,139171
374,0.008561,74.125.24.0-255,5738,110085,65,139171
375,0.008572,172.31.40.0-255,66,110151,65,139171
376,0.010809,74.125.24.0-255,5738,115889,65,139171
377,0.010821,172.31.40.0-255,66,115955,65,139171
378,0.013032,74.125.24.0-255,5738,121693,65,139171
379,0.013201,172.31.40.0-255,66,121759,65,139171
380,0.015422,74.125.24.0-255,5738,127497,65,139171
381,0.015435,172.31.40.0-255,66,127563,65,139171
382,0.017681,74.125.24.0-255,5738,133301,65,139171
383,0.017694,172.31.40.0-255,66,133367,65,139171
384,0.019907,74.125.24.0-255,5738,139105,65,139171
385,0.019914,172.31.40.0-255,66,139171,65,139171
386,0.0,172.217.194.0-255,150,150,65,248254
387,2.3e-05,172.31.40.0-255,66,216,65,248254
388,2.9e-05,172.217.194.0-255,1484,1700,65,248254
389,3.3e-05,172.31.40.0-255,66,1766,65,248254
390,3.8e-05,172.217.194.0-255,2902,4668,65,248254
391,4.1e-05,172.31.40.0-255,66,4734,65,248254
392,4.8e-05,172.217.194.0-255,7156,11890,65,248254
393,5.1e-05,172.31.40.0-255,66,11956,65,248254
394,5.3e-05,172.217.194.0-255,1484,13440,65,248254
395,5.5e-05,172.31.40.0-255,66,13506,65,248254
396,0.000103,172.217.194.0-255,2902,16408,65,248254
397,0.000105,172.31.40.0-255,66,16474,65,248254
398,0.000128,172.31.40.0-255,66,16540,65,248254
399,0.000177,172.217.194.0-255,6797,23337,65,248254
400,0.00018,172.31.40.0-255,66,23403,65,248254
401,0.000237,172.217.194.0-255,1484,24887,65,248254
402,0.000239,172.31.40.0-255,66,24953,65,248254
403,0.000244,172.217.194.0-255,2902,27855,65,248254
404,0.000246,172.31.40.0-255,66,27921,65,248254
405,0.000249,172.217.194.0-255,1484,29405,65,248254
406,0.000251,172.31.40.0-255,66,29471,65,248254
407,0.000272,172.217.194.0-255,4320,33791,65,248254
408,0.000275,172.31.40.0-255,66,33857,65,248254
409,0.000278,172.217.194.0-255,1484,35341,65,248254
410,0.000279,172.31.40.0-255,66,35407,65,248254
411,0.0003,172.217.194.0-255,4320,39727,65,248254
412,0.000303,172.31.40.0-255,66,39793,65,248254
413,0.000319,172.217.194.0-255,3961,43754,65,248254
414,0.000321,172.31.40.0-255,66,43820,65,248254
415,0.000327,172.217.194.0-255,4320,48140,65,248254
416,0.000329,172.31.40.0-255,66,48206,65,248254
417,0.00036,172.217.194.0-255,5738,53944,65,248254
418,0.000362,172.31.40.0-255,66,54010,65,248254
419,0.000367,172.217.194.0-255,3961,57971,65,248254
420,0.000369,172.31.40.0-255,66,58037,65,248254
421,0.000397,172.217.194.0-255,645,58682,65,248254
422,0.00064,172.217.194.0-255,1484,60166,65,248254
423,0.000644,172.31.40.0-255,66,60232,65,248254
424,0.00065,172.217.194.0-255,2902,63134,65,248254
425,0.000651,172.31.40.0-255,66,63200,65,248254
426,0.000663,172.217.194.0-255,1484,64684,65,248254
427,0.000678,172.217.194.0-255,4320,69004,65,248254
428,0.00068,172.31.40.0-255,66,69070,65,248254
429,0.000694,172.217.194.0-255,4320,73390,65,248254
430,0.000696,172.31.40.0-255,66,73456,65,248254
431,0.000717,172.217.194.0-255,6797,80253,65,248254
432,0.000719,172.31.40.0-255,66,80319,65,248254
433,0.000723,172.217.194.0-255,2902,83221,65,248254
434,0.000725,172.31.40.0-255,66,83287,65,248254
435,0.000744,172.217.194.0-255,7156,90443,65,248254
436,0.000746,172.31.40.0-255,66,90509,65,248254
437,0.000767,172.217.194.0-255,2543,93052,65,248254
438,0.000769,172.31.40.0-255,66,93118,65,248254
439,0.001011,172.217.194.0-255,1484,94602,65,248254
440,0.001017,172.217.194.0-255,2902,97504,65,248254
441,0.00102,172.31.40.0-255,66,97570,65,248254
442,0.001026,172.217.194.0-255,4320,101890,65,248254
443,0.001027,172.31.40.0-255,66,101956,65,248254
444,0.001052,172.217.194.0-255,1484,103440,65,248254
445,0.001062,172.31.40.0-255,66,103506,65,248254
446,0.001082,172.217.194.0-255,4320,107826,65,248254
447,0.001089,172.217.194.0-255,7156,114982,65,248254
448,0.001093,172.31.40.0-255,66,115048,65,248254
449,0.001095,172.31.40.0-255,66,115114,65,248254
450,0.001105,172.217.194.0-255,3602,118716,65,248254
451,0.001107,172.31.40.0-255,66,118782,65,248254
452,0.001132,172.217.194.0-255,2902,121684,65,248254
453,0.001135,172.31.40.0-255,66,121750,65,248254
454,0.001154,172.217.194.0-255,2902,124652,65,248254
455,0.001157,172.31.40.0-255,66,124718,65,248254
456,0.001163,172.217.194.0-255,7156,131874,65,248254
457,0.001165,172.31.40.0-255,66,131940,65,248254
458,0.001171,172.217.194.0-255,5738,137678,65,248254
459,0.001173,172.31.40.0-255,66,137744,65,248254
460,0.001209,172.31.40.0-255,66,137810,65,248254
461,0.001216,172.217.194.0-255,6438,144248,65,248254
462,0.001218,172.31.40.0-255,66,144314,65,248254
463,0.001471,172.217.194.0-255,1484,145798,65,248254
464,0.001476,172.217.194.0-255,1484,147282,65,248254
465,0.001479,172.31.40.0-255,66,147348,65,248254
466,0.001491,172.217.194.0-255,1484,148832,65,248254
467,0.001494,172.217.194.0-255,1484,150316,65,248254
468,0.001496,172.31.40.0-255,66,150382,65,248254
469,0.001523,172.217.194.0-255,4320,154702,65,248254
470,0.001527,172.217.194.0-255,4320,159022,65,248254
471,0.001531,172.31.40.0-255,66,159088,65,248254
472,0.001533,172.31.40.0-255,66,159154,65,248254
473,0.001563,172.31.40.0-255,66,159220,65,248254
474,0.001572,172.31.40.0-255,66,159286,65,248254
475,0.00161,172.31.40.0-255,66,159352,65,248254
476,0.001642,172.217.194.0-255,2902,162254,65,248254
477,0.001645,172.31.40.0-255,66,162320,65,248254
478,0.001673,172.31.40.0-255,66,162386,65,248254
479,0.001683,172.31.40.0-255,66,162452,65,248254
480,0.001779,172.217.194.0-255,1484,163936,65,248254
481,0.001783,172.217.194.0-255,1484,165420,65,248254
482,0.001785,172.31.40.0-255,66,165486,65,248254
483,0.001804,172.217.194.0-255,1484,166970,65,248254
484,0.00181,172.217.194.0-255,5738,172708,65,248254
485,0.001812,172.31.40.0-255,66,172774,65,248254
486,0.001846,172.31.40.0-255,66,172840,65,248254
487,0.001871,172.217.194.0-255,1484,174324,65,248254
488,0.001882,172.31.40.0-255,66,174390,65,248254
489,0.001914,172.217.194.0-255,1484,175874,65,248254
490,0.001933,172.217.194.0-255,1484,177358,65,248254
491,0.001935,172.31.40.0-255,66,177424,65,248254
492,0.001954,172.217.194.0-255,1484,178908,65,248254
493,0.00196,172.217.194.0-255,5738,184646,65,248254
494,0.001962,172.31.40.0-255,66,184712,65,248254
495,0.001989,172.217.194.0-255,4320,189032,65,248254
496,0.001991,172.31.40.0-255,66,189098,65,248254
497,0.002005,172.217.194.0-255,4320,193418,65,248254
498,0.002008,172.31.40.0-255,66,193484,65,248254
499,0.00203,172.217.194.0-255,4320,197804,65,248254
500,0.002032,172.31.40.0-255,66,197870,65,248254
501,0.002042,172.31.40.0-255,66,197936,65,248254
502,0.002044,172.217.194.0-255,766,198702,65,248254
503,0.00209,172.217.194.0-255,1484,200186,65,248254
504,0.002093,172.31.40.0-255,66,200252,65,248254
505,0.002096,172.217.194.0-255,1484,201736,65,248254
506,0.00211,172.217.194.0-255,1484,203220,65,248254
507,0.002112,172.31.40.0-255,66,203286,65,248254
508,0.002119,172.217.194.0-255,5738,209024,65,248254
509,0.00212,172.31.40.0-255,66,209090,65,248254
510,0.002137,172.217.194.0-255,1484,210574,65,248254
511,0.002154,172.217.194.0-255,7156,217730,65,248254
512,0.002157,172.31.40.0-255,66,217796,65,248254
513,0.002181,172.217.194.0-255,4320,222116,65,248254
514,0.002184,172.31.40.0-255,66,222182,65,248254
515,0.00219,172.217.194.0-255,7156,229338,65,248254
516,0.002191,172.31.40.0-255,66,229404,65,248254
517,0.002204,172.217.194.0-255,1484,230888,65,248254
518,0.002232,172.217.194.0-255,7156,238044,65,248254
519,0.002235,172.31.40.0-255,66,238110,65,248254
520,0.002256,172.217.194.0-255,5020,243130,65,248254
521,0.002258,172.31.40.0-255,66,243196,65,248254
522,0.00227,172.31.40.0-255,66,243262,65,248254
523,0.002291,172.217.194.0-255,1484,244746,65,248254
524,0.002305,172.31.40.0-255,66,244812,65,248254
525,0.002319,172.31.40.0-255,66,244878,65,248254
526,0.002322,172.217.194.0-255,2902,247780,65,248254
527,0.002324,172.31.40.0-255,66,247846,65,248254
528,0.002355,172.31.40.0-255,66,247912,65,248254
529,0.002358,172.217.194.0-255,105,248017,65,248254
530,0.010199,172.31.40.0-255,66,248083,65,248254
531,0.010246,172.31.40.0-255,105,248188,65,248254
532,0.01283,172.217.194.0-255,66,248254,65,248254
533,0.0,172.217.194.0-255,226,226,65,149320
534,1.9e-05,172.31.40.0-255,66,292,65,149320
535,2.6e-05,172.217.194.0-255,1484,1776,65,149320
536,3.1e-05,172.31.40.0-255,66,1842,65,149320
537,3.8e-05,172.217.194.0-255,4320,6162,65,149320
538,4.2e-05,172.31.40.0-255,66,6228,65,149320
539,5e-05,172.217.194.0-255,7156,13384,65,149320
540,5.4e-05,172.31.40.0-255,66,13450,65,149320
541,7.6e-05,172.217.194.0-255,645,14095,65,149320
542,7.9e-05,172.31.40.0-255,66,14161,65,149320
543,9.2e-05,172.217.194.0-255,1484,15645,65,149320
544,9.5e-05,172.31.40.0-255,66,15711,65,149320
545,0.0001,172.217.194.0-255,2902,18613,65,149320
546,0.000103,172.31.40.0-255,66,18679,65,149320
547,0.000123,172.217.194.0-255,1484,20163,65,149320
548,0.000125,172.31.40.0-255,66,20229,65,149320
549,0.000137,172.31.40.0-255,66,20295,65,149320
550,0.00014,172.217.194.0-255,1125,21420,65,149320
551,0.000142,172.31.40.0-255,66,21486,65,149320
552,0.000187,172.31.40.0-255,66,21552,65,149320
553,0.000203,172.217.194.0-255,2902,24454,65,149320
554,0.000205,172.31.40.0-255,66,24520,65,149320
555,0.00021,172.217.194.0-255,3961,28481,65,149320
556,0.000212,172.31.40.0-255,66,28547,65,149320
557,0.000256,172.31.40.0-255,66,28613,65,149320
558,0.000278,172.217.194.0-255,5738,34351,65,149320
559,0.00028,172.31.40.0-255,66,34417,65,149320
560,0.000301,172.217.194.0-255,2855,37272,65,149320
561,0.000304,172.31.40.0-255,66,37338,65,149320
562,0.000336,172.217.194.0-255,364,37702,65,149320
563,0.000566,172.217.194.0-255,1484,39186,65,149320
564,0.000572,172.31.40.0-255,66,39252,65,149320
565,0.000577,172.217.194.0-255,2902,42154,65,149320
566,0.00058,172.31.40.0-255,66,42220,65,149320
567,0.000585,172.217.194.0-255,4320,46540,65,149320
568,0.000588,172.31.40.0-255,66,46606,65,149320
569,0.000604,172.217.194.0-255,1484,48090,65,149320
570,0.00061,172.217.194.0-255,4320,52410,65,149320
571,0.000613,172.31.40.0-255,66,52476,65,149320
572,0.000643,172.217.194.0-255,5738,58214,65,149320
573,0.000647,172.31.40.0-255,66,58280,65,149320
574,0.00065,172.31.40.0-255,66,58346,65,149320
575,0.000661,172.217.194.0-255,5020,63366,65,149320
576,0.000664,172.31.40.0-255,66,63432,65,149320
577,0.001439,172.217.194.0-255,1484,64916,65,149320
578,0.001447,172.217.194.0-255,2902,67818,65,149320
579,0.001452,172.31.40.0-255,66,67884,65,149320
580,0.001459,172.217.194.0-255,5738,73622,65,149320
581,0.001461,172.31.40.0-255,66,73688,65,149320
582,0.001495,172.31.40.0-255,66,73754,65,149320
583,0.001516,172.217.194.0-255,7156,80910,65,149320
584,0.001519,172.31.40.0-255,66,80976,65,149320
585,0.001532,172.217.194.0-255,3602,84578,65,149320
586,0.001534,172.31.40.0-255,66,84644,65,149320
587,0.001553,172.217.194.0-255,4320,88964,65,149320
588,0.001556,172.31.40.0-255,66,89030,65,149320
589,0.001572,172.217.194.0-255,7156,96186,65,149320
590,0.001575,172.31.40.0-255,66,96252,65,149320
591,0.001578,172.217.194.0-255,1484,97736,65,149320
592,0.001601,172.217.194.0-255,4320,102056,65,149320
593,0.001604,172.31.40.0-255,66,102122,65,149320
594,0.001628,172.31.40.0-255,66,102188,65,149320
595,0.001635,172.217.194.0-255,6438,108626,65,149320
596,0.001638,172.31.40.0-255,66,108692,65,149320
597,0.003919,172.217.194.0-255,5738,114430,65,149320
598,0.003927,172.31.40.0-255,66,114496,65,149320
599,0.006203,172.217.194.0-255,5738,120234,65,149320
600,0.00621,172.31.40.0-255,66,120300,65,149320
601,0.008497,172.217.194.0-255,5738,126038,65,149320
602,0.008504,172.31.40.0-255,66,126104,65,149320
603,0.010788,172.217.194.0-255,5738,131842,65,149320
604,0.010794,172.31.40.0-255,66,131908,65,149320
605,0.01309,172.217.194.0-255,5738,137646,65,149320
606,0.013096,172.31.40.0-255,66,137712,65,149320
607,0.0154,172.217.194.0-255,5738,143450,65,149320
608,0.015409,172.31.40.0-255,66,143516,65,149320
609,0.017694,172.217.194.0-255,5738,149254,65,149320
610,0.0177,172.31.40.0-255,66,149320,65,149320
611,0.0,74.125.24.0-255,146,146,65,186923
612,2.3e-05,172.31.40.0-255,66,212,65,186923
613,3e-05,74.125.24.0-255,1484,1696,65,186923
614,3.4e-05,172.31.40.0-255,66,1762,65,186923
615,4.1e-05,74.125.24.0-255,2902,4664,65,186923
616,4.4e-05,172.31.40.0-255,66,4730,65,186923
617,4.8e-05,74.125.24.0-255,1484,6214,65,186923
618,5.1e-05,172.31.40.0-255,66,6280,65,186923
619,8.4e-05,74.125.24.0-255,5738,12018,65,186923
620,8.7e-05,172.31.40.0-255,66,12084,65,186923
621,9.1e-05,74.125.24.0-255,2091,14175,65,186923
622,9.3e-05,172.31.40.0-255,66,14241,65,186923
623,0.000442,74.125.24.0-255,1484,15725,65,186923
624,0.000449,172.31.40.0-255,66,15791,65,186923
625,0.000456,74.125.24.0-255,2902,18693,65,186923
626,0.000458,172.31.40.0-255,66,18759,65,186923
627,0.000465,74.125.24.0-255,4320,23079,65,186923
628,0.000467,172.31.40.0-255,66,23145,65,186923
629,0.000491,74.125.24.0-255,1484,24629,65,186923
630,0.000499,74.125.24.0-255,5738,30367,65,186923
631,0.000519,172.31.40.0-255,66,30433,65,186923
632,0.000527,172.31.40.0-255,66,30499,65,186923
633,0.000541,172.31.40.0-255,66,30565,65,186923
634,0.00056,74.125.24.0-255,3961,34526,65,186923
635,0.000562,172.31.40.0-255,66,34592,65,186923
636,0.000568,74.125.24.0-255,3961,38553,65,186923
637,0.000571,172.31.40.0-255,66,38619,65,186923
638,0.0006,74.125.24.0-255,2902,41521,65,186923
639,0.000603,172.31.40.0-255,66,41587,65,186923
640,0.00062,74.125.24.0-255,1484,43071,65,186923
641,0.000623,172.31.40.0-255,66,43137,65,186923
642,0.000628,74.125.24.0-255,2902,46039,65,186923
643,0.00063,172.31.40.0-255,66,46105,65,186923
644,0.000653,74.125.24.0-255,5738,51843,65,186923
645,0.000656,172.31.40.0-255,66,51909,65,186923
646,0.00071,74.125.24.0-255,3961,55870,65,186923
647,0.000713,172.31.40.0-255,66,55936,65,186923
648,0.000716,74.125.24.0-255,430,56366,65,186923
649,0.000865,74.125.24.0-255,1484,57850,65,186923
650,0.00087,172.31.40.0-255,66,57916,65,186923
651,0.000875,74.125.24.0-255,2902,60818,65,186923
652,0.000877,172.31.40.0-255,66,60884,65,186923
653,0.000881,74.125.24.0-255,1484,62368,65,186923
654,0.000897,74.125.24.0-255,4320,66688,65,186923
655,0.000899,74.125.24.0-255,1484,68172,65,186923
656,0.000903,172.31.40.0-255,66,68238,65,186923
657,0.000932,74.125.24.0-255,5379,73617,65,186923
658,0.000935,172.31.40.0-255,66,73683,65,186923
659,0.000953,74.125.24.0-255,2902,76585,65,186923
660,0.000955,172.31.40.0-255,66,76651,65,186923
661,0.00098,172.31.40.0-255,66,76717,65,186923
662,0.001005,74.125.24.0-255,2902,79619,65,186923
663,0.001008,172.31.40.0-255,66,79685,65,186923
664,0.001012,74.125.24.0-255,2798,82483,65,186923
665,0.001014,172.31.40.0-255,66,82549,65,186923
666,0.001326,74.125.24.0-255,1484,84033,65,186923
667,0.001351,74.125.24.0-255,2902,86935,65,186923
668,0.001355,172.31.40.0-255,66,87001,65,186923
669,0.001361,74.125.24.0-255,4320,91321,65,186923
670,0.001363,172.31.40.0-255,66,91387,65,186923
671,0.001401,74.125.24.0-255,1484,92871,65,186923
672,0.001417,172.31.40.0-255,66,92937,65,186923
673,0.00143,172.31.40.0-255,66,93003,65,186923
674,0.001678,74.125.24.0-255,1484,94487,65,186923
675,0.001693,74.125.24.0-255,2902,97389,65,186923
676,0.001697,172.31.40.0-255,66,97455,65,186923
677,0.001721,74.125.24.0-255,5738,103193,65,186923
678,0.001724,74.125.24.0-255,1484,104677,65,186923
679,0.001728,172.31.40.0-255,66,104743,65,186923
680,0.001736,74.125.24.0-255,1484,106227,65,186923
681,0.001738,172.31.40.0-255,66,106293,65,186923
682,0.001772,172.31.40.0-255,66,106359,65,186923
683,0.001784,172.31.40.0-255,66,106425,65,186923
684,0.001796,74.125.24.0-255,1484,107909,65,186923
685,0.001816,74.125.24.0-255,7156,115065,65,186923
686,0.001819,172.31.40.0-255,66,115131,65,186923
687,0.001837,74.125.24.0-255,1484,116615,65,186923
688,0.001844,74.125.24.0-255,5738,122353,65,186923
689,0.001846,172.31.40.0-255,66,122419,65,186923
690,0.001869,74.125.24.0-255,5738,128157,65,186923
691,0.001872,172.31.40.0-255,66,128223,65,186923
692,0.001886,172.31.40.0-255,66,128289,65,186923
693,0.002024,74.125.24.0-255,1484,129773,65,186923
694,0.002028,74.125.24.0-255,1484,131257,65,186923
695,0.002031,172.31.40.0-255,66,131323,65,186923
696,0.002046,74.125.24.0-255,1484,132807,65,186923
697,0.002051,74.125.24.0-255,2902,135709,65,186923
698,0.002054,172.31.40.0-255,66,135775,65,186923
699,0.002071,74.125.24.0-255,2902,138677,65,186923
700,0.002073,172.31.40.0-255,66,138743,65,186923
701,0.002103,74.125.24.0-255,1484,140227,65,186923
702,0.002132,74.125.24.0-255,1484,141711,65,186923
703,0.002136,172.31.40.0-255,66,141777,65,186923
704,0.002168,172.31.40.0-255,66,141843,65,186923
705,0.004475,74.125.24.0-255,5738,147581,65,186923
706,0.004488,172.31.40.0-255,66,147647,65,186923
707,0.006712,74.125.24.0-255,5738,153385,65,186923
708,0.006717,172.31.40.0-255,66,153451,65,186923
709,0.008836,74.125.24.0-255,4320,157771,65,186923
710,0.008842,172.31.40.0-255,66,157837,65,186923
711,0.008862,74.125.24.0-255,1484,159321,65,186923
712,0.011004,74.125.24.0-255,4320,163641,65,186923
713,0.011016,172.31.40.0-255,66,163707,65,186923
714,0.013203,74.125.24.0-255,5738,169445,65,186923
715,0.013217,172.31.40.0-255,66,169511,65,186923
716,0.015386,74.125.24.0-255,5738,175249,65,186923
717,0.0154,172.31.40.0-255,66,175315,65,186923
718,0.01755,74.125.24.0-255,5738,181053,65,186923
719,0.017561,172.31.40.0-255,66,181119,65,186923
720,0.019741,74.125.24.0-255,5738,186857,65,186923
721,0.019757,172.31.40.0-255,66,186923,65,186923
722,0.0,172.217.194.0-255,153,153,65,198531
723,1.6e-05,172.31.40.0-255,66,219,65,198531
724,2.4e-05,172.217.194.0-255,1484,1703,65,198531
725,2.9e-05,172.31.40.0-255,66,1769,65,198531
726,3.4e-05,172.217.194.0-255,2902,4671,65,198531
727,4.6e-05,172.31.40.0-255,66,4737,65,198531
728,5.4e-05,172.217.194.0-255,7156,11893,65,198531
729,5.8e-05,172.31.40.0-255,66,11959,65,198531
730,7.2e-05,172.31.40.0-255,66,12025,65,198531
731,0.000109,172.217.194.0-255,4932,16957,65,198531
732,0.000112,172.31.40.0-255,66,17023,65,198531
733,0.000117,172.217.194.0-255,2543,19566,65,198531
734,0.000119,172.31.40.0-255,66,19632,65,198531
735,0.000123,172.217.194.0-255,2902,22534,65,198531
736,0.000126,172.31.40.0-255,66,22600,65,198531
737,0.000172,172.31.40.0-255,66,22666,65,198531
738,0.000256,172.217.194.0-255,1484,24150,65,198531
739,0.000259,172.31.40.0-255,66,24216,65,198531
740,0.000288,172.217.194.0-255,2902,27118,65,198531
741,0.000291,172.31.40.0-255,66,27184,65,198531
742,0.000294,172.217.194.0-255,1484,28668,65,198531
743,0.000296,172.31.40.0-255,66,28734,65,198531
744,0.000303,172.217.194.0-255,2902,31636,65,198531
745,0.000305,172.31.40.0-255,66,31702,65,198531
746,0.00034,172.217.194.0-255,5738,37440,65,198531
747,0.000343,172.31.40.0-255,66,37506,65,198531
748,0.000348,172.217.194.0-255,2543,40049,65,198531
749,0.00035,172.31.40.0-255,66,40115,65,198531
750,0.000353,172.217.194.0-255,361,40476,65,198531
751,0.000356,172.31.40.0-255,66,40542,65,198531
752,0.00053,172.217.194.0-255,1484,42026,65,198531
753,0.000555,172.217.194.0-255,2902,44928,65,198531
754,0.000559,172.31.40.0-255,66,44994,65,198531
755,0.000565,172.217.194.0-255,4320,49314,65,198531
756,0.000568,172.31.40.0-255,66,49380,65,198531
757,0.000589,172.217.194.0-255,1484,50864,65,198531
758,0.0006,172.217.194.0-255,5738,56602,65,198531
759,0.000602,172.31.40.0-255,66,56668,65,198531
760,0.000607,172.217.194.0-255,2902,59570,65,198531
761,0.000609,172.31.40.0-255,66,59636,65,198531
762,0.00065,172.217.194.0-255,4320,63956,65,198531
763,0.000654,172.31.40.0-255,66,64022,65,198531
764,0.000657,172.31.40.0-255,66,64088,65,198531
765,0.000664,172.217.194.0-255,1125,65213,65,198531
766,0.001298,172.217.194.0-255,1484,66697,65,198531
767,0.001304,172.31.40.0-255,66,66763,65,198531
768,0.001309,172.217.194.0-255,2902,69665,65,198531
769,0.001312,172.31.40.0-255,66,69731,65,198531
770,0.001337,172.217.194.0-255,2902,72633,65,198531
771,0.00134,172.31.40.0-255,66,72699,65,198531
772,0.001367,172.217.194.0-255,1484,74183,65,198531
773,0.001374,172.217.194.0-255,5738,79921,65,198531
774,0.001376,172.31.40.0-255,66,79987,65,198531
775,0.001387,172.31.40.0-255,66,80053,65,198531
776,0.001412,172.217.194.0-255,2902,82955,65,198531
777,0.001414,172.31.40.0-255,66,83021,65,198531
778,0.00142,172.217.194.0-255,4320,87341,65,198531
779,0.001422,172.31.40.0-255,66,87407,65,198531
780,0.001448,172.217.194.0-255,3602,91009,65,198531
781,0.00145,172.31.40.0-255,66,91075,65,198531
782,0.001752,172.217.194.0-255,1484,92559,65,198531
783,0.001757,172.217.194.0-255,1484,94043,65,198531
784,0.001759,172.31.40.0-255,66,94109,65,198531
785,0.001782,172.217.194.0-255,1484,95593,65,198531
786,0.001788,172.217.194.0-255,5738,101331,65,198531
787,0.00179,172.217.194.0-255,1484,102815,65,198531
788,0.001794,172.31.40.0-255,66,102881,65,198531
789,0.001803,172.217.194.0-255,2902,105783,65,198531
790,0.001805,172.31.40.0-255,66,105849,65,198531
791,0.001808,172.217.194.0-255,1484,107333,65,198531
792,0.001835,172.31.40.0-255,66,107399,65,198531
793,0.001838,172.217.194.0-255,1484,108883,65,198531
794,0.001862,172.217.194.0-255,6438,115321,65,198531
795,0.001864,172.31.40.0-255,66,115387,65,198531
796,0.002067,172.217.194.0-255,1484,116871,65,198531
797,0.002088,172.217.194.0-255,2902,119773,65,198531
798,0.002091,172.31.40.0-255,66,119839,65,198531
799,0.002094,172.217.194.0-255,1484,121323,65,198531
800,0.002118,172.217.194.0-255,4320,125643,65,198531
801,0.00212,172.31.40.0-255,66,125709,65,198531
802,0.002126,172.217.194.0-255,5738,131447,65,198531
803,0.002128,172.31.40.0-255,66,131513,65,198531
804,0.002157,172.217.194.0-255,2902,134415,65,198531
805,0.002159,172.31.40.0-255,66,134481,65,198531
806,0.002214,172.31.40.0-255,66,134547,65,198531
807,0.002237,172.217.194.0-255,1484,136031,65,198531
808,0.002241,172.217.194.0-255,2902,138933,65,198531
809,0.002243,172.31.40.0-255,66,138999,65,198531
810,0.002249,172.217.194.0-255,5738,144737,65,198531
811,0.002251,172.31.40.0-255,66,144803,65,198531
812,0.002298,172.31.40.0-255,66,144869,65,198531
813,0.002322,172.217.194.0-255,2902,147771,65,198531
814,0.002324,172.31.40.0-255,66,147837,65,198531
815,0.002344,172.31.40.0-255,66,147903,65,198531
816,0.002372,172.217.194.0-255,4320,152223,65,198531
817,0.002375,172.31.40.0-255,66,152289,65,198531
818,0.002402,172.217.194.0-255,2902,155191,65,198531
819,0.002404,172.31.40.0-255,66,155257,65,198531
820,0.002421,172.31.40.0-255,66,155323,65,198531
821,0.002438,172.31.40.0-255,66,155389,65,198531
822,0.002471,172.217.194.0-255,2902,158291,65,198531
823,0.002476,172.31.40.0-255,66,158357,65,198531
824,0.002498,172.217.194.0-255,2184,160541,65,198531
825,0.0025,172.31.40.0-255,66,160607,65,198531
826,0.004935,172.217.194.0-255,4320,164927,65,198531
827,0.004943,172.31.40.0-255,66,164993,65,198531
828,0.004969,172.217.194.0-255,1484,166477,65,198531
829,0.007385,172.217.194.0-255,2902,169379,65,198531
830,0.007391,172.31.40.0-255,66,169445,65,198531
831,0.007418,172.217.194.0-255,1484,170929,65,198531
832,0.009878,172.217.194.0-255,4320,175249,65,198531
833,0.009884,172.31.40.0-255,66,175315,65,198531
834,0.01239,172.217.194.0-255,5738,181053,65,198531
835,0.012399,172.31.40.0-255,66,181119,65,198531
836,0.014875,172.217.194.0-255,5738,186857,65,198531
837,0.014883,172.31.40.0-255,66,186923,65,198531
838,0.017354,172.217.194.0-255,5738,192661,65,198531
839,0.017364,172.31.40.0-255,66,192727,65,198531
840,0.019826,172.217.194.0-255,5738,198465,65,198531
841,0.019835,172.31.40.0-255,66,198531,65,198531
842,0.0,74.125.68.0-255,155,155,65,149874
843,2.3e-05,172.31.40.0-255,66,221,65,149874
844,3e-05,74.125.68.0-255,1484,1705,65,149874
845,3.5e-05,172.31.40.0-255,66,1771,65,149874
846,3.9e-05,74.125.68.0-255,1484,3255,65,149874
847,4.9e-05,172.31.40.0-255,66,3321,65,149874
848,5.6e-05,74.125.68.0-255,2902,6223,65,149874
849,5.9e-05,172.31.40.0-255,66,6289,65,149874
850,6.6e-05,74.125.68.0-255,5738,12027,65,149874
851,6.9e-05,172.31.40.0-255,66,12093,65,149874
852,7.3e-05,74.125.68.0-255,2065,14158,65,149874
853,7.5e-05,172.31.40.0-255,66,14224,65,149874
854,7.9e-05,74.125.68.0-255,1484,15708,65,149874
855,8.1e-05,172.31.40.0-255,66,15774,65,149874
856,9.7e-05,74.125.68.0-255,1484,17258,65,149874
857,0.000104,172.31.40.0-255,66,17324,65,149874
858,0.000111,74.125.68.0-255,5738,23062,65,149874
859,0.000114,172.31.40.0-255,66,23128,65,149874
860,0.000137,74.125.68.0-255,1484,24612,65,149874
861,0.00014,172.31.40.0-255,66,24678,65,149874
862,0.000151,172.31.40.0-255,66,24744,65,149874
863,0.000187,74.125.68.0-255,1484,26228,65,149874
864,0.00019,172.31.40.0-255,66,26294,65,149874
865,0.00021,172.31.40.0-255,66,26360,65,149874
866,0.000214,74.125.68.0-255,2184,28544,65,149874
867,0.000216,172.31.40.0-255,66,28610,65,149874
868,0.000251,74.125.68.0-255,1484,30094,65,149874
869,0.000253,172.31.40.0-255,66,30160,65,149874
870,0.000258,74.125.68.0-255,2902,33062,65,149874
871,0.000261,172.31.40.0-255,66,33128,65,149874
872,0.000292,74.125.68.0-255,5738,38866,65,149874
873,0.000295,172.31.40.0-255,66,38932,65,149874
874,0.000299,74.125.68.0-255,2902,41834,65,149874
875,0.000301,172.31.40.0-255,66,41900,65,149874
876,0.000306,74.125.68.0-255,4276,46176,65,149874
877,0.000313,172.31.40.0-255,66,46242,65,149874
878,0.000316,74.125.68.0-255,108,46350,65,149874
879,0.000428,74.125.68.0-255,1484,47834,65,149874
880,0.000431,172.31.40.0-255,66,47900,65,149874
881,0.00045,74.125.68.0-255,2902,50802,65,149874
882,0.000453,172.31.40.0-255,66,50868,65,149874
883,0.000479,74.125.68.0-255,2902,53770,65,149874
884,0.000481,172.31.40.0-255,66,53836,65,149874
885,0.000507,74.125.68.0-255,2902,56738,65,149874
886,0.000509,172.31.40.0-255,66,56804,65,149874
887,0.000515,74.125.68.0-255,2902,59706,65,149874
888,0.000517,172.31.40.0-255,66,59772,65,149874
889,0.000526,74.125.68.0-255,4320,64092,65,149874
890,0.000529,172.31.40.0-255,66,64158,65,149874
891,0.000563,74.125.68.0-255,7156,71314,65,149874
892,0.000566,172.31.40.0-255,66,71380,65,149874
893,0.000601,172.31.40.0-255,66,71446,65,149874
894,0.000604,74.125.68.0-255,766,72212,65,149874
895,0.001479,74.125.68.0-255,1484,73696,65,149874
896,0.001486,74.125.68.0-255,2902,76598,65,149874
897,0.001491,172.31.40.0-255,66,76664,65,149874
898,0.0015,172.31.40.0-255,66,76730,65,149874
899,0.001509,74.125.68.0-255,2902,79632,65,149874
900,0.001512,172.31.40.0-255,66,79698,65,149874
901,0.001515,74.125.68.0-255,1484,81182,65,149874
902,0.001539,74.125.68.0-255,2902,84084,65,149874
903,0.001541,172.31.40.0-255,66,84150,65,149874
904,0.001552,74.125.68.0-255,5738,89888,65,149874
905,0.001554,172.31.40.0-255,66,89954,65,149874
906,0.001579,74.125.68.0-255,2902,92856,65,149874
907,0.001582,172.31.40.0-255,66,92922,65,149874
908,0.001591,74.125.68.0-255,4320,97242,65,149874
909,0.001594,172.31.40.0-255,66,97308,65,149874
910,0.001627,172.31.40.0-255,66,97374,65,149874
911,0.001669,172.31.40.0-255,66,97440,65,149874
912,0.001692,74.125.68.0-255,1484,98924,65,149874
913,0.00171,74.125.68.0-255,4320,103244,65,149874
914,0.001714,172.31.40.0-255,66,103310,65,149874
915,0.001746,74.125.68.0-255,7156,110466,65,149874
916,0.001749,172.31.40.0-255,66,110532,65,149874
917,0.001767,172.31.40.0-255,66,110598,65,149874
918,0.004095,74.125.68.0-255,4320,114918,65,149874
919,0.004101,172.31.40.0-255,66,114984,65,149874
920,0.004126,74.125.68.0-255,1484,116468,65,149874
921,0.006435,74.125.68.0-255,4320,120788,65,149874
922,0.006439,172.31.40.0-255,66,120854,65,149874
923,0.008794,74.125.68.0-255,5738,126592,65,149874
924,0.008801,172.31.40.0-255,66,126658,65,149874
925,0.011141,74.125.68.0-255,5738,132396,65,149874
926,0.011149,172.31.40.0-255,66,132462,65,149874
927,0.013486,74.125.68.0-255,5738,138200,65,149874
928,0.013493,172.31.40.0-255,66,138266,65,149874
929,0.015836,74.125.68.0-255,5738,144004,65,149874
930,0.015845,172.31.40.0-255,66,144070,65,149874
931,0.018182,74.125.68.0-255,5738,149808,65,149874
932,0.01819,172.31.40.0-255,66,149874,65,149874
933,0.0,172.31.40.0-255,105,105,65,459
934,0.000243,172.31.40.0-255,90,195,65,459
935,0.000255,172.31.40.0-255,66,261,65,459
936,0.002541,172.217.194.0-255,66,327,65,459
937,0.002573,172.217.194.0-255,66,393,65,459
938,0.002597,172.31.40.0-255,66,459,65,459
939,0.0,74.125.68.0-255,152,152,65,237198
940,2.2e-05,172.31.40.0-255,66,218,65,237198
941,2.9e-05,74.125.68.0-255,1484,1702,65,237198
942,3.3e-05,172.31.40.0-255,66,1768,65,237198
943,3.9e-05,74.125.68.0-255,2902,4670,65,237198
944,4.2e-05,172.31.40.0-255,66,4736,65,237198
945,5e-05,74.125.68.0-255,7156,11892,65,237198
946,5.3e-05,172.31.40.0-255,66,11958,65,237198
947,5.7e-05,74.125.68.0-255,2136,14094,65,237198
948,5.9e-05,172.31.40.0-255,66,14160,65,237198
949,0.000107,74.125.68.0-255,7156,21316,65,237198
950,0.00011,172.31.40.0-255,66,21382,65,237198
951,0.000128,74.125.68.0-255,2902,24284,65,237198
952,0.000131,172.31.40.0-255,66,24350,65,237198
953,0.000158,74.125.68.0-255,4320,28670,65,237198
954,0.000161,172.31.40.0-255,66,28736,65,237198
955,0.000179,74.125.68.0-255,2543,31279,65,237198
956,0.000182,172.31.40.0-255,66,31345,65,237198
957,0.0003,74.125.68.0-255,1484,32829,65,237198
958,0.000304,172.31.40.0-255,66,32895,65,237198
959,0.000334,74.125.68.0-255,1484,34379,65,237198
960,0.000337,172.31.40.0-255,66,34445,65,237198
961,0.000353,74.125.68.0-255,1484,35929,65,237198
962,0.000356,172.31.40.0-255,66,35995,65,237198
963,0.000389,74.125.68.0-255,1484,37479,65,237198
964,0.000391,172.31.40.0-255,66,37545,65,237198
965,0.000394,74.125.68.0-255,1484,39029,65,237198
966,0.000397,172.31.40.0-255,66,39095,65,237198
967,0.000412,74.125.68.0-255,1484,40579,65,237198
968,0.000414,172.31.40.0-255,66,40645,65,237198
969,0.000417,74.125.68.0-255,1484,42129,65,237198
970,0.000419,172.31.40.0-255,66,42195,65,237198
971,0.000424,74.125.68.0-255,2902,45097,65,237198
972,0.000426,172.31.40.0-255,66,45163,65,237198
973,0.00044,74.125.68.0-255,2902,48065,65,237198
974,0.000442,172.31.40.0-255,66,48131,65,237198
975,0.000462,74.125.68.0-255,5379,53510,65,237198
976,0.000464,172.31.40.0-255,66,53576,65,237198
977,0.00049,74.125.68.0-255,2902,56478,65,237198
978,0.000492,172.31.40.0-255,66,56544,65,237198
979,0.000512,74.125.68.0-255,2902,59446,65,237198
980,0.000514,172.31.40.0-255,66,59512,65,237198
981,0.00053,74.125.68.0-255,1484,60996,65,237198
982,0.000554,74.125.68.0-255,2902,63898,65,237198
983,0.000556,172.31.40.0-255,66,63964,65,237198
984,0.000577,74.125.68.0-255,2818,66782,65,237198
985,0.00058,172.31.40.0-255,66,66848,65,237198
986,0.000654,74.125.68.0-255,135,66983,65,237198
987,0.000739,74.125.68.0-255,1484,68467,65,237198
988,0.000744,172.31.40.0-255,66,68533,65,237198
989,0.000748,74.125.68.0-255,1484,70017,65,237198
990,0.000762,74.125.68.0-255,1484,71501,65,237198
991,0.000765,172.31.40.0-255,66,71567,65,237198
992,0.000768,74.125.68.0-255,1484,73051,65,237198
993,0.000773,74.125.68.0-255,2902,75953,65,237198
994,0.000775,172.31.40.0-255,66,76019,65,237198
995,0.000779,74.125.68.0-255,1484,77503,65,237198
996,0.000793,74.125.68.0-255,4320,81823,65,237198
997,0.000797,172.31.40.0-255,66,81889,65,237198
998,0.000821,74.125.68.0-255,2902,84791,65,237198
999,0.000824,172.31.40.0-255,66,84857,65,237198
1000,0.000845,74.125.68.0-255,7156,92013,65,237198
1001,0.000848,172.31.40.0-255,66,92079,65,237198
1002,0.000869,74.125.68.0-255,4320,96399,65,237198
1003,0.000872,172.31.40.0-255,66,96465,65,237198
1004,0.000886,74.125.68.0-255,5020,101485,65,237198
1005,0.000889,172.31.40.0-255,66,101551,65,237198
1006,0.00091,74.125.68.0-255,343,101894,65,237198
1007,0.000987,74.125.68.0-255,1484,103378,65,237198
1008,0.000991,172.31.40.0-255,66,103444,65,237198
1009,0.000995,74.125.68.0-255,1484,104928,65,237198
1010,0.001013,74.125.68.0-255,1484,106412,65,237198
1011,0.001016,172.31.40.0-255,66,106478,65,237198
1012,0.001021,74.125.68.0-255,2902,109380,65,237198
1013,0.001022,172.31.40.0-255,66,109446,65,237198
1014,0.001036,74.125.68.0-255,4320,113766,65,237198
1015,0.001039,172.31.40.0-255,66,113832,65,237198
1016,0.001061,74.125.68.0-255,1484,115316,65,237198
1017,0.00108,74.125.68.0-255,7156,122472,65,237198
1018,0.001084,172.31.40.0-255,66,122538,65,237198
1019,0.001125,172.31.40.0-255,66,122604,65,237198
1020,0.001131,74.125.68.0-255,3602,126206,65,237198
1021,0.001134,172.31.40.0-255,66,126272,65,237198
1022,0.001398,74.125.68.0-255,1484,127756,65,237198
1023,0.001404,74.125.68.0-255,2902,130658,65,237198
1024,0.001408,172.31.40.0-255,66,130724,65,237198
1025,0.001424,74.125.68.0-255,4320,135044,65,237198
1026,0.001426,172.31.40.0-255,66,135110,65,237198
1027,0.00145,74.125.68.0-255,4320,139430,65,237198
1028,0.001453,172.31.40.0-255,66,139496,65,237198
1029,0.001472,74.125.68.0-255,1484,140980,65,237198
1030,0.001485,172.31.40.0-255,66,141046,65,237198
1031,0.00149,74.125.68.0-255,4320,145366,65,237198
1032,0.001492,172.31.40.0-255,66,145432,65,237198
1033,0.001539,74.125.68.0-255,3602,149034,65,237198
1034,0.001547,172.31.40.0-255,66,149100,65,237198
1035,0.001939,74.125.68.0-255,1484,150584,65,237198
1036,0.001943,74.125.68.0-255,1484,152068,65,237198
1037,0.001946,172.31.40.0-255,66,152134,65,237198
1038,0.00198,74.125.68.0-255,2902,155036,65,237198
1039,0.001983,172.31.40.0-255,66,155102,65,237198
1040,0.002015,74.125.68.0-255,5738,160840,65,237198
1041,0.002018,172.31.40.0-255,66,160906,65,237198
1042,0.002023,74.125.68.0-255,4320,165226,65,237198
1043,0.002025,172.31.40.0-255,66,165292,65,237198
1044,0.002039,74.125.68.0-255,2902,168194,65,237198
1045,0.002043,172.31.40.0-255,66,168260,65,237198
1046,0.002056,74.125.68.0-255,4320,172580,65,237198
1047,0.002058,172.31.40.0-255,66,172646,65,237198
1048,0.002082,172.31.40.0-255,66,172712,65,237198
1049,0.002085,74.125.68.0-255,766,173478,65,237198
1050,0.002157,74.125.68.0-255,1484,174962,65,237198
1051,0.00216,172.31.40.0-255,66,175028,65,237198
1052,0.002164,74.125.68.0-255,1484,176512,65,237198
1053,0.002178,74.125.68.0-255,1484,177996,65,237198
1054,0.00218,172.31.40.0-255,66,178062,65,237198
1055,0.002184,74.125.68.0-255,2902,180964,65,237198
1056,0.002186,172.31.40.0-255,66,181030,65,237198
1057,0.002203,74.125.68.0-255,2902,183932,65,237198
1058,0.002205,172.31.40.0-255,66,183998,65,237198
1059,0.002239,74.125.68.0-255,5738,189736,65,237198
1060,0.002241,172.31.40.0-255,66,189802,65,237198
1061,0.002263,74.125.68.0-255,2902,192704,65,237198
1062,0.002265,172.31.40.0-255,66,192770,65,237198
1063,0.002276,172.31.40.0-255,66,192836,65,237198
1064,0.002282,74.125.68.0-255,5020,197856,65,237198
1065,0.002284,172.31.40.0-255,66,197922,65,237198
1066,0.004572,74.125.68.0-255,5738,203660,65,237198
1067,0.004578,172.31.40.0-255,66,203726,65,237198
1068,0.006867,74.125.68.0-255,4320,208046,65,237198
1069,0.006872,172.31.40.0-255,66,208112,65,237198
1070,0.006893,74.125.68.0-255,1484,209596,65,237198
1071,0.009164,74.125.68.0-255,4320,213916,65,237198
1072,0.009181,172.31.40.0-255,66,213982,65,237198
1073,0.011492,74.125.68.0-255,5738,219720,65,237198
1074,0.011509,172.31.40.0-255,66,219786,65,237198
1075,0.013818,74.125.68.0-255,5738,225524,65,237198
1076,0.013834,172.31.40.0-255,66,225590,65,237198
1077,0.016134,74.125.68.0-255,5738,231328,65,237198
1078,0.016146,172.31.40.0-255,66,231394,65,237198
1079,0.018434,74.125.68.0-255,5738,237132,65,237198
1080,0.018441,172.31.40.0-255,66,237198,65,237198
1081,0.0,172.217.194.0-255,161,161,65,65539
1082,2.5e-05,172.31.40.0-255,66,227,65,65539
1083,3.2e-05,172.217.194.0-255,1484,1711,65,65539
1084,3.8e-05,172.31.40.0-255,66,1777,65,65539
1085,5.1e-05,172.217.194.0-255,2902,4679,65,65539
1086,5.5e-05,172.31.40.0-255,66,4745,65,65539
1087,8.8e-05,172.217.194.0-255,7156,11901,65,65539
1088,9.1e-05,172.31.40.0-255,66,11967,65,65539
1089,0.000219,172.217.194.0-255,2099,14066,65,65539
1090,0.000223,172.31.40.0-255,66,14132,65,65539
1091,0.000253,172.217.194.0-255,1484,15616,65,65539
1092,0.000255,172.31.40.0-255,66,15682,65,65539
1093,0.000297,172.31.40.0-255,66,15748,65,65539
1094,0.0005,172.217.194.0-255,5379,21127,65,65539
1095,0.000506,172.31.40.0-255,66,21193,65,65539
1096,0.000593,172.217.194.0-255,5738,26931,65,65539
1097,0.000598,172.31.40.0-255,66,26997,65,65539
1098,0.000645,172.31.40.0-255,66,27063,65,65539
1099,0.001068,172.217.194.0-255,7156,34219,65,65539
1100,0.001073,172.31.40.0-255,66,34285,65,65539
1101,0.001104,172.217.194.0-255,4542,38827,65,65539
1102,0.001107,172.31.40.0-255,66,38893,65,65539
1103,0.001344,172.31.40.0-255,66,38959,65,65539
1104,0.001396,172.31.40.0-255,66,39025,65,65539
1105,0.002001,172.217.194.0-255,2902,41927,65,65539
1106,0.002021,172.31.40.0-255,66,41993,65,65539
1107,0.002077,172.31.40.0-255,66,42059,65,65539
1108,0.00271,172.31.40.0-255,66,42125,65,65539
1109,0.002779,172.31.40.0-255,66,42191,65,65539
1110,0.003708,172.31.40.0-255,66,42257,65,65539
1111,0.008393,172.31.40.0-255,66,42323,65,65539
1112,0.010721,172.217.194.0-255,5738,48061,65,65539
1113,0.010735,172.31.40.0-255,66,48127,65,65539
1114,0.013016,172.217.194.0-255,5738,53865,65,65539
1115,0.013167,172.31.40.0-255,66,53931,65,65539
1116,0.015466,172.217.194.0-255,5738,59669,65,65539
1117,0.015476,172.31.40.0-255,66,59735,65,65539
1118,0.017765,172.217.194.0-255,5738,65473,65,65539
1119,0.017773,172.31.40.0-255,66,65539,65,65539
1120,0.0,172.31.40.0-255,105,105,65,276
1121,0.001769,157.240.24.0-255,105,210,65,276
1122,0.001783,172.31.40.0-255,66,276,65,276
1123,0.0,74.125.130.0-255,143,143,65,159147
1124,1.9e-05,172.31.40.0-255,66,209,65,159147
1125,2.5e-05,74.125.130.0-255,1484,1693,65,159147
1126,3e-05,172.31.40.0-255,66,1759,65,159147
1127,3.5e-05,74.125.130.0-255,2902,4661,65,159147
1128,3.7e-05,172.31.40.0-255,66,4727,65,159147
1129,4e-05,74.125.130.0-255,1484,6211,65,159147
1130,4.2e-05,172.31.40.0-255,66,6277,65,159147
1131,7.1e-05,74.125.130.0-255,5738,12015,65,159147
1132,7.4e-05,172.31.40.0-255,66,12081,65,159147
1133,8.9e-05,74.125.130.0-255,4320,16401,65,159147
1134,9.1e-05,172.31.40.0-255,66,16467,65,159147
1135,0.000122,172.31.40.0-255,66,16533,65,159147
1136,0.000125,74.125.130.0-255,2902,19435,65,159147
1137,0.000127,172.31.40.0-255,66,19501,65,159147
1138,0.000143,74.125.130.0-255,3961,23462,65,159147
1139,0.000145,172.31.40.0-255,66,23528,65,159147
1140,0.0002,74.125.130.0-255,1484,25012,65,159147
1141,0.000203,172.31.40.0-255,66,25078,65,159147
1142,0.000207,74.125.130.0-255,2902,27980,65,159147
1143,0.000209,172.31.40.0-255,66,28046,65,159147
1144,0.000221,74.125.130.0-255,1484,29530,65,159147
1145,0.000223,172.31.40.0-255,66,29596,65,159147
1146,0.000234,74.125.130.0-255,2902,32498,65,159147
1147,0.000236,172.31.40.0-255,66,32564,65,159147
1148,0.000251,74.125.130.0-255,4320,36884,65,159147
1149,0.000253,172.31.40.0-255,66,36950,65,159147
1150,0.000281,74.125.130.0-255,5379,42329,65,159147
1151,0.000283,172.31.40.0-255,66,42395,65,159147
1152,0.000294,172.31.40.0-255,66,42461,65,159147
1153,0.000313,74.125.130.0-255,4251,46712,65,159147
1154,0.000315,172.31.40.0-255,66,46778,65,159147
1155,0.000386,74.125.130.0-255,98,46876,65,159147
1156,0.000553,74.125.130.0-255,1484,48360,65,159147
1157,0.000557,172.31.40.0-255,66,48426,65,159147
1158,0.000562,74.125.130.0-255,2902,51328,65,159147
1159,0.000565,172.31.40.0-255,66,51394,65,159147
1160,0.00058,74.125.130.0-255,5738,57132,65,159147
1161,0.000582,172.31.40.0-255,66,57198,65,159147
1162,0.000585,74.125.130.0-255,1484,58682,65,159147
1163,0.0006,74.125.130.0-255,5379,64061,65,159147
1164,0.000603,172.31.40.0-255,66,64127,65,159147
1165,0.000632,74.125.130.0-255,4320,68447,65,159147
1166,0.000635,172.31.40.0-255,66,68513,65,159147
1167,0.000664,172.31.40.0-255,66,68579,65,159147
1168,0.000668,74.125.130.0-255,2543,71122,65,159147
1169,0.000669,172.31.40.0-255,66,71188,65,159147
1170,0.000976,74.125.130.0-255,363,71551,65,159147
1171,0.001139,172.31.40.0-255,66,71617,65,159147
1172,0.001177,74.125.130.0-255,1484,73101,65,159147
1173,0.00121,74.125.130.0-255,1484,74585,65,159147
1174,0.001213,172.31.40.0-255,66,74651,65,159147
1175,0.001231,74.125.130.0-255,1484,76135,65,159147
1176,0.001236,74.125.130.0-255,4320,80455,65,159147
1177,0.001238,172.31.40.0-255,66,80521,65,159147
1178,0.001247,172.31.40.0-255,66,80587,65,159147
1179,0.001262,74.125.130.0-255,1484,82071,65,159147
1180,0.00129,172.31.40.0-255,66,82137,65,159147
1181,0.001531,74.125.130.0-255,1484,83621,65,159147
1182,0.001537,74.125.130.0-255,2902,86523,65,159147
1183,0.00154,172.31.40.0-255,66,86589,65,159147
1184,0.001562,74.125.130.0-255,5738,92327,65,159147
1185,0.001564,172.31.40.0-255,66,92393,65,159147
1186,0.001569,74.125.130.0-255,4320,96713,65,159147
1187,0.001571,172.31.40.0-255,66,96779,65,159147
1188,0.001584,74.125.130.0-255,2902,99681,65,159147
1189,0.001586,172.31.40.0-255,66,99747,65,159147
1190,0.001604,74.125.130.0-255,4320,104067,65,159147
1191,0.001605,172.31.40.0-255,66,104133,65,159147
1192,0.001636,172.31.40.0-255,66,104199,65,159147
1193,0.00164,74.125.130.0-255,2184,106383,65,159147
1194,0.001642,172.31.40.0-255,66,106449,65,159147
1195,0.002332,74.125.130.0-255,1484,107933,65,159147
1196,0.00234,74.125.130.0-255,2902,110835,65,159147
1197,0.002344,172.31.40.0-255,66,110901,65,159147
1198,0.002348,74.125.130.0-255,1484,112385,65,159147
1199,0.002364,74.125.130.0-255,4320,116705,65,159147
1200,0.002366,172.31.40.0-255,66,116771,65,159147
1201,0.004467,74.125.130.0-255,4320,121091,65,159147
1202,0.004473,172.31.40.0-255,66,121157,65,159147
1203,0.004491,74.125.130.0-255,1484,122641,65,159147
1204,0.006664,74.125.130.0-255,2902,125543,65,159147
1205,0.006669,172.31.40.0-255,66,125609,65,159147
1206,0.006689,74.125.130.0-255,1484,127093,65,159147
1207,0.008776,74.125.130.0-255,4320,131413,65,159147
1208,0.008783,172.31.40.0-255,66,131479,65,159147
1209,0.010881,74.125.130.0-255,5738,137217,65,159147
1210,0.010887,172.31.40.0-255,66,137283,65,159147
1211,0.012976,74.125.130.0-255,4320,141603,65,159147
1212,0.012982,172.31.40.0-255,66,141669,65,159147
1213,0.013,74.125.130.0-255,1484,143153,65,159147
1214,0.015083,74.125.130.0-255,4320,147473,65,159147
1215,0.01509,172.31.40.0-255,66,147539,65,159147
1216,0.017183,74.125.130.0-255,5738,153277,65,159147
1217,0.017189,172.31.40.0-255,66,153343,65,159147
1218,0.019294,74.125.130.0-255,5738,159081,65,159147
1219,0.019302,172.31.40.0-255,66,159147,65,159147
1220,0.0,74.125.68.0-255,203,203,65,301973
1221,2.2e-05,172.31.40.0-255,66,269,65,301973
1222,2.8e-05,74.125.68.0-255,1484,1753,65,301973
1223,3.2e-05,172.31.40.0-255,66,1819,65,301973
1224,3.7e-05,74.125.68.0-255,2902,4721,65,301973
1225,4.6e-05,172.31.40.0-255,66,4787,65,301973
1226,5.1e-05,74.125.68.0-255,4320,9107,65,301973
1227,5.4e-05,172.31.40.0-255,66,9173,65,301973
1228,6e-05,74.125.68.0-255,4910,14083,65,301973
1229,6.2e-05,172.31.40.0-255,66,14149,65,301973
1230,0.000118,74.125.68.0-255,1484,15633,65,301973
1231,0.000121,172.31.40.0-255,66,15699,65,301973
1232,0.000126,74.125.68.0-255,2902,18601,65,301973
1233,0.000127,172.31.40.0-255,66,18667,65,301973
1234,0.00013,74.125.68.0-255,1484,20151,65,301973
1235,0.000132,172.31.40.0-255,66,20217,65,301973
1236,0.000152,74.125.68.0-255,1484,21701,65,301973
1237,0.000154,172.31.40.0-255,66,21767,65,301973
1238,0.000164,74.125.68.0-255,4320,26087,65,301973
1239,0.000166,172.31.40.0-255,66,26153,65,301973
1240,0.000211,74.125.68.0-255,5379,31532,65,301973
1241,0.000213,172.31.40.0-255,66,31598,65,301973
1242,0.000269,74.125.68.0-255,1484,33082,65,301973
1243,0.000272,172.31.40.0-255,66,33148,65,301973
1244,0.000298,74.125.68.0-255,2902,36050,65,301973
1245,0.0003,172.31.40.0-255,66,36116,65,301973
1246,0.000305,74.125.68.0-255,4320,40436,65,301973
1247,0.000307,172.31.40.0-255,66,40502,65,301973
1248,0.000332,74.125.68.0-255,1484,41986,65,301973
1249,0.000334,172.31.40.0-255,66,42052,65,301973
1250,0.000362,74.125.68.0-255,7156,49208,65,301973
1251,0.000364,172.31.40.0-255,66,49274,65,301973
1252,0.000384,74.125.68.0-255,1125,50399,65,301973
1253,0.00039,74.125.68.0-255,4320,54719,65,301973
1254,0.000392,172.31.40.0-255,66,54785,65,301973
1255,0.000394,74.125.68.0-255,1484,56269,65,301973
1256,0.000426,172.31.40.0-255,66,56335,65,301973
1257,0.000428,74.125.68.0-255,137,56472,65,301973
1258,0.000465,74.125.68.0-255,345,56817,65,301973
1259,0.000596,74.125.68.0-255,1484,58301,65,301973
1260,0.0006,172.31.40.0-255,66,58367,65,301973
1261,0.000605,74.125.68.0-255,2902,61269,65,301973
1262,0.000607,172.31.40.0-255,66,61335,65,301973
1263,0.000637,74.125.68.0-255,5738,67073,65,301973
1264,0.00064,172.31.40.0-255,66,67139,65,301973
1265,0.00067,74.125.68.0-255,6246,73385,65,301973
1266,0.000672,172.31.40.0-255,66,73451,65,301973
1267,0.00081,74.125.68.0-255,1484,74935,65,301973
1268,0.000826,74.125.68.0-255,2902,77837,65,301973
1269,0.00083,172.31.40.0-255,66,77903,65,301973
1270,0.000857,74.125.68.0-255,5738,83641,65,301973
1271,0.000859,172.31.40.0-255,66,83707,65,301973
1272,0.000863,74.125.68.0-255,2902,86609,65,301973
1273,0.000865,172.31.40.0-255,66,86675,65,301973
1274,0.000869,74.125.68.0-255,4320,90995,65,301973
1275,0.000871,172.31.40.0-255,66,91061,65,301973
1276,0.00091,172.31.40.0-255,66,91127,65,301973
1277,0.000915,74.125.68.0-255,4320,95447,65,301973
1278,0.000917,172.31.40.0-255,66,95513,65,301973
1279,0.00096,74.125.68.0-255,3602,99115,65,301973
1280,0.00098,172.31.40.0-255,66,99181,65,301973
1281,0.001042,74.125.68.0-255,1484,100665,65,301973
1282,0.001058,74.125.68.0-255,2902,103567,65,301973
1283,0.001063,74.125.68.0-255,2902,106469,65,301973
1284,0.001078,74.125.68.0-255,1484,107953,65,301973
1285,0.001082,172.31.40.0-255,66,108019,65,301973
1286,0.001099,74.125.68.0-255,4320,112339,65,301973
1287,0.001115,74.125.68.0-255,4320,116659,65,301973
1288,0.001118,74.125.68.0-255,1484,118143,65,301973
1289,0.001137,74.125.68.0-255,5738,123881,65,301973
1290,0.001145,74.125.68.0-255,7156,131037,65,301973
1291,0.001153,172.31.40.0-255,66,131103,65,301973
1292,0.001164,74.125.68.0-255,1484,132587,65,301973
1293,0.001166,74.125.68.0-255,766,133353,65,301973
1294,0.001175,172.31.40.0-255,66,133419,65,301973
1295,0.001252,74.125.68.0-255,1484,134903,65,301973
1296,0.001277,74.125.68.0-255,2902,137805,65,301973
1297,0.001283,74.125.68.0-255,5738,143543,65,301973
1298,0.001321,74.125.68.0-255,7156,150699,65,301973
1299,0.00133,172.31.40.0-255,66,150765,65,301973
1300,0.001342,74.125.68.0-255,4320,155085,65,301973
1301,0.001362,172.31.40.0-255,66,155151,65,301973
1302,0.001376,74.125.68.0-255,2184,157335,65,301973
1303,0.001393,172.31.40.0-255,66,157401,65,301973
1304,0.00151,74.125.68.0-255,1484,158885,65,301973
1305,0.001523,74.125.68.0-255,2902,161787,65,301973
1306,0.001537,74.125.68.0-255,4320,166107,65,301973
1307,0.001548,74.125.68.0-255,1484,167591,65,301973
1308,0.001563,74.125.68.0-255,4320,171911,65,301973
1309,0.001567,172.31.40.0-255,66,171977,65,301973
1310,0.001574,172.31.40.0-255,66,172043,65,301973
1311,0.001587,74.125.68.0-255,4320,176363,65,301973
1312,0.001592,74.125.68.0-255,4320,180683,65,301973
1313,0.001626,74.125.68.0-255,5738,186421,65,301973
1314,0.001632,74.125.68.0-255,5020,191441,65,301973
1315,0.001635,172.31.40.0-255,66,191507,65,301973
1316,0.001656,172.31.40.0-255,66,191573,65,301973
1317,0.001695,74.125.68.0-255,1484,193057,65,301973
1318,0.001707,74.125.68.0-255,1484,194541,65,301973
1319,0.001718,172.31.40.0-255,66,194607,65,301973
1320,0.001722,74.125.68.0-255,1484,196091,65,301973
1321,0.001725,74.125.68.0-255,1484,197575,65,301973
1322,0.001729,172.31.40.0-255,66,197641,65,301973
1323,0.00176,74.125.68.0-255,2902,200543,65,301973
1324,0.001774,74.125.68.0-255,5738,206281,65,301973
1325,0.00178,74.125.68.0-255,4320,210601,65,301973
1326,0.001797,74.125.68.0-255,2902,213503,65,301973
1327,0.0018,172.31.40.0-255,66,213569,65,301973
1328,0.001806,172.31.40.0-255,66,213635,65,301973
1329,0.001836,74.125.68.0-255,6438,220073,65,301973
1330,0.001844,74.125.68.0-255,7156,227229,65,301973
1331,0.001901,74.125.68.0-255,4320,231549,65,301973
1332,0.001913,172.31.40.0-255,66,231615,65,301973
1333,0.001926,74.125.68.0-255,7156,238771,65,301973
1334,0.001944,74.125.68.0-255,1484,240255,65,301973
1335,0.001948,74.125.68.0-255,2902,243157,65,301973
1336,0.001953,74.125.68.0-255,5738,248895,65,301973
1337,0.00197,74.125.68.0-255,5738,254633,65,301973
1338,0.001975,172.31.40.0-255,66,254699,65,301973
1339,0.002,74.125.68.0-255,1484,256183,65,301973
1340,0.002014,74.125.68.0-255,2902,259085,65,301973
1341,0.002035,172.31.40.0-255,66,259151,65,301973
1342,0.002042,74.125.68.0-255,5020,264171,65,301973
1343,0.002046,172.31.40.0-255,66,264237,65,301973
1344,0.002072,74.125.68.0-255,2902,267139,65,301973
1345,0.002096,74.125.68.0-255,1484,268623,65,301973
1346,0.002102,172.31.40.0-255,66,268689,65,301973
1347,0.002145,74.125.68.0-255,2902,271591,65,301973
1348,0.002149,74.125.68.0-255,4320,275911,65,301973
1349,0.002174,74.125.68.0-255,5738,281649,65,301973
1350,0.002177,172.31.40.0-255,66,281715,65,301973
1351,0.002183,172.31.40.0-255,66,281781,65,301973
1352,0.002217,74.125.68.0-255,3602,285383,65,301973
1353,0.002264,74.125.68.0-255,5738,291121,65,301973
1354,0.00227,172.31.40.0-255,66,291187,65,301973
1355,0.002297,74.125.68.0-255,3602,294789,65,301973
1356,0.002302,74.125.68.0-255,4320,299109,65,301973
1357,0.002307,172.31.40.0-255,66,299175,65,301973
1358,0.002334,74.125.68.0-255,2289,301464,65,301973
1359,0.002346,74.125.68.0-255,105,301569,65,301973
1360,0.00235,172.31.40.0-255,66,301635,65,301973
1361,0.003126,172.31.40.0-255,101,301736,65,301973
1362,0.004672,172.31.40.0-255,105,301841,65,301973
1363,0.005454,74.125.68.0-255,66,301907,65,301973
1364,0.006999,74.125.68.0-255,66,301973,65,301973
1365,0.0,74.125.24.0-255,301,301,65,167671
1366,1.7e-05,172.31.40.0-255,66,367,65,167671
1367,2.3e-05,74.125.24.0-255,1484,1851,65,167671
1368,2.8e-05,172.31.40.0-255,66,1917,65,167671
1369,3.4e-05,74.125.24.0-255,2902,4819,65,167671
1370,3.8e-05,172.31.40.0-255,66,4885,65,167671
1371,7.4e-05,74.125.24.0-255,1484,6369,65,167671
1372,8.2e-05,172.31.40.0-255,66,6435,65,167671
1373,9.3e-05,172.31.40.0-255,66,6501,65,167671
1374,0.000105,172.31.40.0-255,66,6567,65,167671
1375,0.000108,74.125.24.0-255,1484,8051,65,167671
1376,0.00011,172.31.40.0-255,66,8117,65,167671
1377,0.000146,74.125.24.0-255,6797,14914,65,167671
1378,0.000149,172.31.40.0-255,66,14980,65,167671
1379,0.000153,74.125.24.0-255,2902,17882,65,167671
1380,0.000156,172.31.40.0-255,66,17948,65,167671
1381,0.000187,74.125.24.0-255,5738,23686,65,167671
1382,0.000189,172.31.40.0-255,66,23752,65,167671
1383,0.000224,74.125.24.0-255,2902,26654,65,167671
1384,0.000226,172.31.40.0-255,66,26720,65,167671
1385,0.000272,74.125.24.0-255,4320,31040,65,167671
1386,0.000275,172.31.40.0-255,66,31106,65,167671
1387,0.000297,172.31.40.0-255,66,31172,65,167671
1388,0.000323,74.125.24.0-255,2184,33356,65,167671
1389,0.000326,172.31.40.0-255,66,33422,65,167671
1390,0.000376,74.125.24.0-255,645,34067,65,167671
1391,0.000379,172.31.40.0-255,66,34133,65,167671
1392,0.001413,74.125.24.0-255,1484,35617,65,167671
1393,0.00142,172.31.40.0-255,66,35683,65,167671
1394,0.001428,74.125.24.0-255,1484,37167,65,167671
1395,0.001446,74.125.24.0-255,1484,38651,65,167671
1396,0.001449,74.125.24.0-255,1484,40135,65,167671
1397,0.001472,74.125.24.0-255,4320,44455,65,167671
1398,0.001486,74.125.24.0-255,1484,45939,65,167671
1399,0.0015,74.125.24.0-255,2902,48841,65,167671
1400,0.001517,74.125.24.0-255,2902,51743,65,167671
1401,0.001537,74.125.24.0-255,1484,53227,65,167671
1402,0.001549,74.125.24.0-255,1484,54711,65,167671
1403,0.00156,74.125.24.0-255,1484,56195,65,167671
1404,0.00158,74.125.24.0-255,1484,57679,65,167671
1405,0.001593,74.125.24.0-255,2184,59863,65,167671
1406,0.001684,74.125.24.0-255,1484,61347,65,167671
1407,0.00169,74.125.24.0-255,2902,64249,65,167671
1408,0.001692,74.125.24.0-255,1484,65733,65,167671
1409,0.001712,172.31.40.0-255,66,65799,65,167671
1410,0.001719,74.125.24.0-255,4320,70119,65,167671
1411,0.001759,74.125.24.0-255,4320,74439,65,167671
1412,0.001769,172.31.40.0-255,66,74505,65,167671
1413,0.001807,74.125.24.0-255,2902,77407,65,167671
1414,0.001822,74.125.24.0-255,4320,81727,65,167671
1415,0.001838,74.125.24.0-255,5020,86747,65,167671
1416,0.001846,172.31.40.0-255,66,86813,65,167671
1417,0.001897,74.125.24.0-255,4320,91133,65,167671
1418,0.001904,172.31.40.0-255,66,91199,65,167671
1419,0.001931,172.31.40.0-255,66,91265,65,167671
1420,0.001999,74.125.24.0-255,1484,92749,65,167671
1421,0.002035,74.125.24.0-255,3602,96351,65,167671
1422,0.00204,172.31.40.0-255,66,96417,65,167671
1423,0.002086,74.125.24.0-255,2902,99319,65,167671
1424,0.002122,74.125.24.0-255,2902,102221,65,167671
1425,0.002126,172.31.40.0-255,66,102287,65,167671
1426,0.002131,172.31.40.0-255,66,102353,65,167671
1427,0.002179,74.125.24.0-255,1484,103837,65,167671
1428,0.002196,74.125.24.0-255,5738,109575,65,167671
1429,0.002211,172.31.40.0-255,66,109641,65,167671
1430,0.002263,74.125.24.0-255,5020,114661,65,167671
1431,0.002265,172.31.40.0-255,66,114727,65,167671
1432,0.00227,172.31.40.0-255,66,114793,65,167671
1433,0.002371,74.125.24.0-255,5738,120531,65,167671
1434,0.002378,172.31.40.0-255,66,120597,65,167671
1435,0.002423,172.31.40.0-255,66,120663,65,167671
1436,0.002472,74.125.24.0-255,2902,123565,65,167671
1437,0.002478,172.31.40.0-255,66,123631,65,167671
1438,0.002514,172.31.40.0-255,66,123697,65,167671
1439,0.002571,172.31.40.0-255,66,123763,65,167671
1440,0.002649,74.125.24.0-255,5738,129501,65,167671
1441,0.002668,172.31.40.0-255,66,129567,65,167671
1442,0.002756,74.125.24.0-255,4302,133869,65,167671
1443,0.002759,172.31.40.0-255,66,133935,65,167671
1444,0.00278,172.31.40.0-255,66,134001,65,167671
1445,0.005104,74.125.24.0-255,1484,135485,65,167671
1446,0.005161,74.125.24.0-255,4320,139805,65,167671
1447,0.005166,172.31.40.0-255,66,139871,65,167671
1448,0.00759,74.125.24.0-255,2902,142773,65,167671
1449,0.007613,74.125.24.0-255,1484,144257,65,167671
1450,0.007626,74.125.24.0-255,1484,145741,65,167671
1451,0.008308,172.31.40.0-255,66,145807,65,167671
1452,0.010678,74.125.24.0-255,4320,150127,65,167671
1453,0.010685,172.31.40.0-255,66,150193,65,167671
1454,0.010717,74.125.24.0-255,1484,151677,65,167671
1455,0.013035,74.125.24.0-255,4320,155997,65,167671
1456,0.013043,172.31.40.0-255,66,156063,65,167671
1457,0.015402,74.125.24.0-255,5738,161801,65,167671
1458,0.015452,172.31.40.0-255,66,161867,65,167671
1459,0.017812,74.125.24.0-255,5738,167605,65,167671
1460,0.017819,172.31.40.0-255,66,167671,65,167671
1461,0.0,172.217.194.0-255,155,155,65,91704
1462,2.3e-05,172.31.40.0-255,66,221,65,91704
1463,2.9e-05,172.217.194.0-255,1484,1705,65,91704
1464,3.4e-05,172.31.40.0-255,66,1771,65,91704
1465,3.9e-05,172.217.194.0-255,2902,4673,65,91704
1466,4.2e-05,172.31.40.0-255,66,4739,65,91704
1467,5.8e-05,172.217.194.0-255,7156,11895,65,91704
1468,6.1e-05,172.31.40.0-255,66,11961,65,91704
1469,9.8e-05,172.217.194.0-255,2140,14101,65,91704
1470,0.000101,172.31.40.0-255,66,14167,65,91704
1471,0.000112,172.217.194.0-255,2902,17069,65,91704
1472,0.000114,172.31.40.0-255,66,17135,65,91704
1473,0.000121,172.217.194.0-255,7156,24291,65,91704
1474,0.000123,172.31.40.0-255,66,24357,65,91704
1475,0.000134,172.31.40.0-255,66,24423,65,91704
1476,0.000174,172.217.194.0-255,4320,28743,65,91704
1477,0.000177,172.31.40.0-255,66,28809,65,91704
1478,0.000213,172.31.40.0-255,66,28875,65,91704
1479,0.00057,172.217.194.0-255,1484,30359,65,91704
1480,0.000575,172.31.40.0-255,66,30425,65,91704
1481,0.000581,172.217.194.0-255,2902,33327,65,91704
1482,0.000584,172.31.40.0-255,66,33393,65,91704
1483,0.000616,172.217.194.0-255,4320,37713,65,91704
1484,0.000619,172.31.40.0-255,66,37779,65,91704
1485,0.000645,172.217.194.0-255,1484,39263,65,91704
1486,0.000647,172.31.40.0-255,66,39329,65,91704
1487,0.000658,172.217.194.0-255,7097,46426,65,91704
1488,0.000661,172.31.40.0-255,66,46492,65,91704
1489,0.003187,172.217.194.0-255,1484,47976,65,91704
1490,0.003194,172.31.40.0-255,66,48042,65,91704
1491,0.003204,172.217.194.0-255,2902,50944,65,91704
1492,0.003212,172.31.40.0-255,66,51010,65,91704
1493,0.003216,172.217.194.0-255,1484,52494,65,91704
1494,0.005521,172.217.194.0-255,4320,56814,65,91704
1495,0.005526,172.31.40.0-255,66,56880,65,91704
1496,0.00786,172.217.194.0-255,5738,62618,65,91704
1497,0.007867,172.31.40.0-255,66,62684,65,91704
1498,0.010191,172.217.194.0-255,5738,68422,65,91704
1499,0.010199,172.31.40.0-255,66,68488,65,91704
1500,0.012518,172.217.194.0-255,5738,74226,65,91704
1501,0.012526,172.31.40.0-255,66,74292,65,91704
1502,0.014849,172.217.194.0-255,5738,80030,65,91704
1503,0.014857,172.31.40.0-255,66,80096,65,91704
1504,0.017191,172.217.194.0-255,5738,85834,65,91704
1505,0.0172,172.31.40.0-255,66,85900,65,91704
1506,0.019502,172.217.194.0-255,5738,91638,65,91704
1507,0.019509,172.31.40.0-255,66,91704,65,91704
1508,0.0,74.125.24.0-255,293,293,65,226369
1509,2.1e-05,172.31.40.0-255,66,359,65,226369
1510,2.8e-05,74.125.24.0-255,1484,1843,65,226369
1511,3.2e-05,172.31.40.0-255,66,1909,65,226369
1512,3.9e-05,74.125.24.0-255,4320,6229,65,226369
1513,4.2e-05,172.31.40.0-255,66,6295,65,226369
1514,5.4e-05,172.31.40.0-255,66,6361,65,226369
1515,0.000706,74.125.24.0-255,1484,7845,65,226369
1516,0.000713,172.31.40.0-255,66,7911,65,226369
1517,0.000724,74.125.24.0-255,2902,10813,65,226369
1518,0.000726,172.31.40.0-255,66,10879,65,226369
1519,0.000748,74.125.24.0-255,4320,15199,65,226369
1520,0.00075,172.31.40.0-255,66,15265,65,226369
1521,0.000776,172.31.40.0-255,66,15331,65,226369
1522,0.000802,74.125.24.0-255,1125,16456,65,226369
1523,0.000805,172.31.40.0-255,66,16522,65,226369
1524,0.000818,172.31.40.0-255,66,16588,65,226369
1525,0.000831,172.31.40.0-255,66,16654,65,226369
1526,0.000858,172.31.40.0-255,66,16720,65,226369
1527,0.000862,74.125.24.0-255,1098,17818,65,226369
1528,0.000863,172.31.40.0-255,66,17884,65,226369
1529,0.001199,74.125.24.0-255,110,17994,65,226369
1530,0.001205,172.31.40.0-255,66,18060,65,226369
1531,0.001446,74.125.24.0-255,1484,19544,65,226369
1532,0.001452,172.31.40.0-255,66,19610,65,226369
1533,0.001458,74.125.24.0-255,2902,22512,65,226369
1534,0.001461,172.31.40.0-255,66,22578,65,226369
1535,0.001466,74.125.24.0-255,2902,25480,65,226369
1536,0.001468,172.31.40.0-255,66,25546,65,226369
1537,0.001497,74.125.24.0-255,2902,28448,65,226369
1538,0.001499,172.31.40.0-255,66,28514,65,226369
1539,0.001512,172.31.40.0-255,66,28580,65,226369
1540,0.001552,172.31.40.0-255,66,28646,65,226369
1541,0.001666,74.125.24.0-255,1484,30130,65,226369
1542,0.001679,74.125.24.0-255,2902,33032,65,226369
1543,0.001708,74.125.24.0-255,5738,38770,65,226369
1544,0.00176,74.125.24.0-255,7156,45926,65,226369
1545,0.001776,74.125.24.0-255,5738,51664,65,226369
1546,0.001782,74.125.24.0-255,4320,55984,65,226369
1547,0.001819,74.125.24.0-255,6438,62422,65,226369
1548,0.001827,74.125.24.0-255,7156,69578,65,226369
1549,0.001858,74.125.24.0-255,5738,75316,65,226369
1550,0.001861,74.125.24.0-255,1484,76800,65,226369
1551,0.00188,74.125.24.0-255,4320,81120,65,226369
1552,0.001893,74.125.24.0-255,5020,86140,65,226369
1553,0.002427,74.125.24.0-255,1484,87624,65,226369
1554,0.002434,74.125.24.0-255,2902,90526,65,226369
1555,0.002447,74.125.24.0-255,2902,93428,65,226369
1556,0.00247,74.125.24.0-255,2902,96330,65,226369
1557,0.002505,74.125.24.0-255,1484,97814,65,226369
1558,0.00252,74.125.24.0-255,4320,102134,65,226369
1559,0.002554,74.125.24.0-255,7156,109290,65,226369
1560,0.002582,74.125.24.0-255,7156,116446,65,226369
1561,0.00262,74.125.24.0-255,4320,120766,65,226369
1562,0.002644,74.125.24.0-255,5020,125786,65,226369
1563,0.002683,74.125.24.0-255,1484,127270,65,226369
1564,0.002702,74.125.24.0-255,2902,130172,65,226369
1565,0.002716,74.125.24.0-255,2902,133074,65,226369
1566,0.002727,74.125.24.0-255,2902,135976,65,226369
1567,0.00276,74.125.24.0-255,7156,143132,65,226369
1568,0.00279,74.125.24.0-255,5738,148870,65,226369
1569,0.002891,74.125.24.0-255,1484,150354,65,226369
1570,0.002895,74.125.24.0-255,1484,151838,65,226369
1571,0.002914,74.125.24.0-255,1484,153322,65,226369
1572,0.002928,74.125.24.0-255,4320,157642,65,226369
1573,0.002943,74.125.24.0-255,1484,159126,65,226369
1574,0.00296,74.125.24.0-255,4320,163446,65,226369
1575,0.00298,74.125.24.0-255,2902,166348,65,226369
1576,0.002986,74.125.24.0-255,5738,172086,65,226369
1577,0.003098,74.125.24.0-255,2902,174988,65,226369
1578,0.003146,74.125.24.0-255,3602,178590,65,226369
1579,0.003149,74.125.24.0-255,1484,180074,65,226369
1580,0.003152,74.125.24.0-255,1484,181558,65,226369
1581,0.003172,74.125.24.0-255,1484,183042,65,226369
1582,0.003175,74.125.24.0-255,1484,184526,65,226369
1583,0.003185,74.125.24.0-255,1484,186010,65,226369
1584,0.00322,74.125.24.0-255,7156,193166,65,226369
1585,0.003237,74.125.24.0-255,1484,194650,65,226369
1586,0.003241,74.125.24.0-255,2902,197552,65,226369
1587,0.003258,74.125.24.0-255,1484,199036,65,226369
1588,0.00327,74.125.24.0-255,1484,200520,65,226369
1589,0.003273,74.125.24.0-255,1484,202004,65,226369
1590,0.003299,74.125.24.0-255,1484,203488,65,226369
1591,0.003317,74.125.24.0-255,2902,206390,65,226369
1592,0.003324,74.125.24.0-255,5738,212128,65,226369
1593,0.003327,74.125.24.0-255,766,212894,65,226369
1594,0.003366,74.125.24.0-255,1484,214378,65,226369
1595,0.003372,74.125.24.0-255,4320,218698,65,226369
1596,0.003377,74.125.24.0-255,2902,221600,65,226369
1597,0.00344,74.125.24.0-255,4427,226027,65,226369
1598,0.003477,74.125.24.0-255,105,226132,65,226369
1599,0.004029,172.31.40.0-255,66,226198,65,226369
1600,0.009016,172.31.40.0-255,105,226303,65,226369
1601,0.011349,74.125.24.0-255,66,226369,65,226369
1602,0.0,74.125.24.0-255,296,296,65,211475
1603,2.3e-05,172.31.40.0-255,66,362,65,211475
1604,3e-05,74.125.24.0-255,1484,1846,65,211475
1605,3.4e-05,172.31.40.0-255,66,1912,65,211475
1606,4.2e-05,74.125.24.0-255,4320,6232,65,211475
1607,4.6e-05,172.31.40.0-255,66,6298,65,211475
1608,8.2e-05,74.125.24.0-255,7156,13454,65,211475
1609,8.5e-05,172.31.40.0-255,66,13520,65,211475
1610,0.000102,74.125.24.0-255,461,13981,65,211475
1611,0.000104,172.31.40.0-255,66,14047,65,211475
1612,0.00013,74.125.24.0-255,1484,15531,65,211475
1613,0.000133,172.31.40.0-255,66,15597,65,211475
1614,0.000138,74.125.24.0-255,2902,18499,65,211475
1615,0.000141,172.31.40.0-255,66,18565,65,211475
1616,0.000163,74.125.24.0-255,5738,24303,65,211475
1617,0.000166,172.31.40.0-255,66,24369,65,211475
1618,0.000172,74.125.24.0-255,4320,28689,65,211475
1619,0.000174,172.31.40.0-255,66,28755,65,211475
1620,0.000211,74.125.24.0-255,7156,35911,65,211475
1621,0.000214,172.31.40.0-255,66,35977,65,211475
1622,0.000239,74.125.24.0-255,5379,41356,65,211475
1623,0.000242,172.31.40.0-255,66,41422,65,211475
1624,0.000249,74.125.24.0-255,6797,48219,65,211475
1625,0.000252,172.31.40.0-255,66,48285,65,211475
1626,0.000762,74.125.24.0-255,1484,49769,65,211475
1627,0.000768,172.31.40.0-255,66,49835,65,211475
1628,0.000775,74.125.24.0-255,2902,52737,65,211475
1629,0.000777,172.31.40.0-255,66,52803,65,211475
1630,0.00078,74.125.24.0-255,1484,54287,65,211475
1631,0.000782,172.31.40.0-255,66,54353,65,211475
1632,0.000806,74.125.24.0-255,4320,58673,65,211475
1633,0.000809,172.31.40.0-255,66,58739,65,211475
1634,0.000831,74.125.24.0-255,2902,61641,65,211475
1635,0.000847,172.31.40.0-255,66,61707,65,211475
1636,0.00087,74.125.24.0-255,2902,64609,65,211475
1637,0.000887,74.125.24.0-255,5738,70347,65,211475
1638,0.000903,172.31.40.0-255,66,70413,65,211475
1639,0.000908,74.125.24.0-255,1707,72120,65,211475
1640,0.000931,74.125.24.0-255,5738,77858,65,211475
1641,0.000933,172.31.40.0-255,66,77924,65,211475
1642,0.000949,74.125.24.0-255,2543,80467,65,211475
1643,0.000967,172.31.40.0-255,66,80533,65,211475
1644,0.001414,74.125.24.0-255,1484,82017,65,211475
1645,0.001422,74.125.24.0-255,2902,84919,65,211475
1646,0.001425,172.31.40.0-255,66,84985,65,211475
1647,0.001432,74.125.24.0-255,4320,89305,65,211475
1648,0.001446,74.125.24.0-255,1484,90789,65,211475
1649,0.001451,74.125.24.0-255,2902,93691,65,211475
1650,0.001511,74.125.24.0-255,766,94457,65,211475
1651,0.001532,74.125.24.0-255,1484,95941,65,211475
1652,0.001545,74.125.24.0-255,4320,100261,65,211475
1653,0.00157,74.125.24.0-255,2902,103163,65,211475
1654,0.001595,74.125.24.0-255,5738,108901,65,211475
1655,0.001678,74.125.24.0-255,1484,110385,65,211475
1656,0.00169,74.125.24.0-255,2902,113287,65,211475
1657,0.001713,74.125.24.0-255,5738,119025,65,211475
1658,0.001718,74.125.24.0-255,4320,123345,65,211475
1659,0.001744,74.125.24.0-255,4320,127665,65,211475
1660,0.001764,74.125.24.0-255,7156,134821,65,211475
1661,0.001767,74.125.24.0-255,1484,136305,65,211475
1662,0.001789,74.125.24.0-255,6438,142743,65,211475
1663,0.001883,74.125.24.0-255,1484,144227,65,211475
1664,0.001888,74.125.24.0-255,2902,147129,65,211475
1665,0.001912,74.125.24.0-255,5738,152867,65,211475
1666,0.001931,74.125.24.0-255,4320,157187,65,211475
1667,0.00195,74.125.24.0-255,5738,162925,65,211475
1668,0.001957,74.125.24.0-255,7156,170081,65,211475
1669,0.001978,74.125.24.0-255,4320,174401,65,211475
1670,0.001981,74.125.24.0-255,2184,176585,65,211475
1671,0.006361,172.31.40.0-255,66,176651,65,211475
1672,0.008351,74.125.24.0-255,5738,182389,65,211475
1673,0.008357,172.31.40.0-255,66,182455,65,211475
1674,0.010379,74.125.24.0-255,5738,188193,65,211475
1675,0.010387,172.31.40.0-255,66,188259,65,211475
1676,0.012382,74.125.24.0-255,5738,193997,65,211475
1677,0.012391,172.31.40.0-255,66,194063,65,211475
1678,0.014418,74.125.24.0-255,5738,199801,65,211475
1679,0.014425,172.31.40.0-255,66,199867,65,211475
1680,0.016469,74.125.24.0-255,5738,205605,65,211475
1681,0.016475,172.31.40.0-255,66,205671,65,211475
1682,0.01847,74.125.24.0-255,5738,211409,65,211475
1683,0.018477,172.31.40.0-255,66,211475,65,211475
1684,0.0,74.125.24.0-255,155,155,65,171647
1685,1.8e-05,172.31.40.0-255,66,221,65,171647
1686,2.4e-05,74.125.24.0-255,1484,1705,65,171647
1687,3e-05,172.31.40.0-255,66,1771,65,171647
1688,4.1e-05,74.125.24.0-255,2902,4673,65,171647
1689,4.4e-05,172.31.40.0-255,66,4739,65,171647
1690,5.3e-05,74.125.24.0-255,7156,11895,65,171647
1691,5.6e-05,172.31.40.0-255,66,11961,65,171647
1692,0.00011,74.125.24.0-255,2056,14017,65,171647
1693,0.000113,172.31.40.0-255,66,14083,65,171647
1694,0.000176,74.125.24.0-255,2902,16985,65,171647
1695,0.00018,172.31.40.0-255,66,17051,65,171647
1696,0.000185,74.125.24.0-255,4320,21371,65,171647
1697,0.000188,172.31.40.0-255,66,21437,65,171647
1698,0.000222,172.31.40.0-255,66,21503,65,171647
1699,0.000226,74.125.24.0-255,2543,24046,65,171647
1700,0.000228,172.31.40.0-255,66,24112,65,171647
1701,0.000233,74.125.24.0-255,2902,27014,65,171647
1702,0.000239,172.31.40.0-255,66,27080,65,171647
1703,0.000242,74.125.24.0-255,1484,28564,65,171647
1704,0.000245,172.31.40.0-255,66,28630,65,171647
1705,0.000275,74.125.24.0-255,5738,34368,65,171647
1706,0.000279,172.31.40.0-255,66,34434,65,171647
1707,0.000284,74.125.24.0-255,4320,38754,65,171647
1708,0.000286,172.31.40.0-255,66,38820,65,171647
1709,0.000308,74.125.24.0-255,1125,39945,65,171647
1710,0.00031,172.31.40.0-255,66,40011,65,171647
1711,0.000469,74.125.24.0-255,1484,41495,65,171647
1712,0.000474,172.31.40.0-255,66,41561,65,171647
1713,0.000505,74.125.24.0-255,2902,44463,65,171647
1714,0.000508,172.31.40.0-255,66,44529,65,171647
1715,0.000514,74.125.24.0-255,4320,48849,65,171647
1716,0.000516,172.31.40.0-255,66,48915,65,171647
1717,0.000538,74.125.24.0-255,1484,50399,65,171647
1718,0.000554,172.31.40.0-255,66,50465,65,171647
1719,0.000711,74.125.24.0-255,1484,51949,65,171647
1720,0.000718,74.125.24.0-255,2902,54851,65,171647
1721,0.000723,172.31.40.0-255,66,54917,65,171647
1722,0.00073,74.125.24.0-255,5738,60655,65,171647
1723,0.000732,172.31.40.0-255,66,60721,65,171647
1724,0.000736,74.125.24.0-255,2902,63623,65,171647
1725,0.000738,172.31.40.0-255,66,63689,65,171647
1726,0.00078,74.125.24.0-255,7156,70845,65,171647
1727,0.000783,172.31.40.0-255,66,70911,65,171647
1728,0.000818,74.125.24.0-255,3961,74872,65,171647
1729,0.000821,172.31.40.0-255,66,74938,65,171647
1730,0.000827,74.125.24.0-255,5738,80676,65,171647
1731,0.000829,172.31.40.0-255,66,80742,65,171647
1732,0.000871,74.125.24.0-255,3961,84703,65,171647
1733,0.000875,172.31.40.0-255,66,84769,65,171647
1734,0.001108,74.125.24.0-255,1484,86253,65,171647
1735,0.001114,74.125.24.0-255,2902,89155,65,171647
1736,0.001117,172.31.40.0-255,66,89221,65,171647
1737,0.001124,74.125.24.0-255,4320,93541,65,171647
1738,0.001126,172.31.40.0-255,66,93607,65,171647
1739,0.001144,74.125.24.0-255,1484,95091,65,171647
1740,0.00115,74.125.24.0-255,5738,100829,65,171647
1741,0.001157,172.31.40.0-255,66,100895,65,171647
1742,0.001177,74.125.24.0-255,4320,105215,65,171647
1743,0.00118,172.31.40.0-255,66,105281,65,171647
1744,0.001218,172.31.40.0-255,66,105347,65,171647
1745,0.001251,74.125.24.0-255,5020,110367,65,171647
1746,0.001254,172.31.40.0-255,66,110433,65,171647
1747,0.001727,74.125.24.0-255,1484,111917,65,171647
1748,0.001759,74.125.24.0-255,2902,114819,65,171647
1749,0.001763,172.31.40.0-255,66,114885,65,171647
1750,0.001791,74.125.24.0-255,4320,119205,65,171647
1751,0.001794,172.31.40.0-255,66,119271,65,171647
1752,0.001799,74.125.24.0-255,4320,123591,65,171647
1753,0.001801,172.31.40.0-255,66,123657,65,171647
1754,0.001822,74.125.24.0-255,4320,127977,65,171647
1755,0.001824,172.31.40.0-255,66,128043,65,171647
1756,0.001844,172.31.40.0-255,66,128109,65,171647
1757,0.0019,74.125.24.0-255,2184,130293,65,171647
1758,0.001903,172.31.40.0-255,66,130359,65,171647
1759,0.004331,74.125.24.0-255,2902,133261,65,171647
1760,0.004339,172.31.40.0-255,66,133327,65,171647
1761,0.00437,74.125.24.0-255,2902,136229,65,171647
1762,0.004373,172.31.40.0-255,66,136295,65,171647
1763,0.006821,74.125.24.0-255,2902,139197,65,171647
1764,0.006824,172.31.40.0-255,66,139263,65,171647
1765,0.006849,74.125.24.0-255,1484,140747,65,171647
1766,0.006863,74.125.24.0-255,1484,142231,65,171647
1767,0.006865,172.31.40.0-255,66,142297,65,171647
1768,0.009323,74.125.24.0-255,2902,145199,65,171647
1769,0.00933,172.31.40.0-255,66,145265,65,171647
1770,0.009358,74.125.24.0-255,2902,148167,65,171647
1771,0.009361,172.31.40.0-255,66,148233,65,171647
1772,0.011811,74.125.24.0-255,2902,151135,65,171647
1773,0.011819,172.31.40.0-255,66,151201,65,171647
1774,0.011844,74.125.24.0-255,2902,154103,65,171647
1775,0.011846,172.31.40.0-255,66,154169,65,171647
1776,0.014326,74.125.24.0-255,1484,155653,65,171647
1777,0.014354,74.125.24.0-255,4320,159973,65,171647
1778,0.014361,172.31.40.0-255,66,160039,65,171647
1779,0.016843,74.125.24.0-255,5738,165777,65,171647
1780,0.016851,172.31.40.0-255,66,165843,65,171647
1781,0.019342,74.125.24.0-255,5738,171581,65,171647
1782,0.019349,172.31.40.0-255,66,171647,65,171647
1783,0.0,74.125.24.0-255,296,296,65,113395
1784,2.3e-05,172.31.40.0-255,66,362,65,113395
1785,3e-05,74.125.24.0-255,1484,1846,65,113395
1786,3.5e-05,172.31.40.0-255,66,1912,65,113395
1787,4e-05,74.125.24.0-255,2902,4814,65,113395
1788,4.3e-05,172.31.40.0-255,66,4880,65,113395
1789,4.9e-05,74.125.24.0-255,4320,9200,65,113395
1790,5.1e-05,172.31.40.0-255,66,9266,65,113395
1791,6.3e-05,172.31.40.0-255,66,9332,65,113395
1792,6.7e-05,74.125.24.0-255,2902,12234,65,113395
1793,6.9e-05,172.31.40.0-255,66,12300,65,113395
1794,0.000118,74.125.24.0-255,4320,16620,65,113395
1795,0.000121,172.31.40.0-255,66,16686,65,113395
1796,0.000143,74.125.24.0-255,5379,22065,65,113395
1797,0.000146,172.31.40.0-255,66,22131,65,113395
1798,0.000833,74.125.24.0-255,1484,23615,65,113395
1799,0.000839,172.31.40.0-255,66,23681,65,113395
1800,0.000847,74.125.24.0-255,2902,26583,65,113395
1801,0.00085,172.31.40.0-255,66,26649,65,113395
1802,0.000856,74.125.24.0-255,4320,30969,65,113395
1803,0.000858,172.31.40.0-255,66,31035,65,113395
1804,0.000882,74.125.24.0-255,1484,32519,65,113395
1805,0.000886,172.31.40.0-255,66,32585,65,113395
1806,0.000898,74.125.24.0-255,1484,34069,65,113395
1807,0.0009,172.31.40.0-255,66,34135,65,113395
1808,0.000937,172.31.40.0-255,66,34201,65,113395
1809,0.000949,172.31.40.0-255,66,34267,65,113395
1810,0.000962,74.125.24.0-255,1484,35751,65,113395
1811,0.000964,172.31.40.0-255,66,35817,65,113395
1812,0.000968,74.125.24.0-255,2184,38001,65,113395
1813,0.000971,172.31.40.0-255,66,38067,65,113395
1814,0.002066,74.125.24.0-255,1484,39551,65,113395
1815,0.002077,74.125.24.0-255,2902,42453,65,113395
1816,0.002081,172.31.40.0-255,66,42519,65,113395
1817,0.002086,74.125.24.0-255,1484,44003,65,113395
1818,0.002117,74.125.24.0-255,5738,49741,65,113395
1819,0.00212,172.31.40.0-255,66,49807,65,113395
1820,0.002125,74.125.24.0-255,2902,52709,65,113395
1821,0.002126,172.31.40.0-255,66,52775,65,113395
1822,0.002151,172.31.40.0-255,66,52841,65,113395
1823,0.002155,74.125.24.0-255,2902,55743,65,113395
1824,0.002157,172.31.40.0-255,66,55809,65,113395
1825,0.002179,74.125.24.0-255,2902,58711,65,113395
1826,0.002182,172.31.40.0-255,66,58777,65,113395
1827,0.002209,172.31.40.0-255,66,58843,65,113395
1828,0.002231,74.125.24.0-255,3602,62445,65,113395
1829,0.002234,172.31.40.0-255,66,62511,65,113395
1830,0.002237,74.125.24.0-255,1484,63995,65,113395
1831,0.002253,74.125.24.0-255,5738,69733,65,113395
1832,0.002256,172.31.40.0-255,66,69799,65,113395
1833,0.002286,74.125.24.0-255,7156,76955,65,113395
1834,0.002289,172.31.40.0-255,66,77021,65,113395
1835,0.002292,74.125.24.0-255,1484,78505,65,113395
1836,0.002319,172.31.40.0-255,66,78571,65,113395
1837,0.004837,74.125.24.0-255,5738,84309,65,113395
1838,0.004844,172.31.40.0-255,66,84375,65,113395
1839,0.007351,74.125.24.0-255,5738,90113,65,113395
1840,0.007356,172.31.40.0-255,66,90179,65,113395
1841,0.009879,74.125.24.0-255,5738,95917,65,113395
1842,0.009885,172.31.40.0-255,66,95983,65,113395
1843,0.012407,74.125.24.0-255,5738,101721,65,113395
1844,0.012418,172.31.40.0-255,66,101787,65,113395
1845,0.014952,74.125.24.0-255,5738,107525,65,113395
1846,0.014961,172.31.40.0-255,66,107591,65,113395
1847,0.017473,74.125.24.0-255,5738,113329,65,113395
1848,0.017481,172.31.40.0-255,66,113395,65,113395
1849,0.0,172.217.194.0-255,152,152,65,189567
1850,1.5e-05,172.31.40.0-255,66,218,65,189567
1851,2.2e-05,172.217.194.0-255,1484,1702,65,189567
1852,2.7e-05,172.31.40.0-255,66,1768,65,189567
1853,3.4e-05,172.217.194.0-255,2902,4670,65,189567
1854,3.7e-05,172.31.40.0-255,66,4736,65,189567
1855,6.2e-05,172.217.194.0-255,1484,6220,65,189567
1856,6.4e-05,172.31.40.0-255,66,6286,65,189567
1857,6.9e-05,172.217.194.0-255,2902,9188,65,189567
1858,7.1e-05,172.31.40.0-255,66,9254,65,189567
1859,9.9e-05,172.217.194.0-255,4873,14127,65,189567
1860,0.000102,172.31.40.0-255,66,14193,65,189567
1861,0.000109,172.217.194.0-255,5738,19931,65,189567
1862,0.000111,172.31.40.0-255,66,19997,65,189567
1863,0.000131,172.217.194.0-255,1484,21481,65,189567
1864,0.000133,172.31.40.0-255,66,21547,65,189567
1865,0.000167,172.31.40.0-255,66,21613,65,189567
1866,0.000199,172.217.194.0-255,4320,25933,65,189567
1867,0.000201,172.31.40.0-255,66,25999,65,189567
1868,0.000221,172.217.194.0-255,4320,30319,65,189567
1869,0.000223,172.31.40.0-255,66,30385,65,189567
1870,0.000249,172.217.194.0-255,2902,33287,65,189567
1871,0.000252,172.31.40.0-255,66,33353,65,189567
1872,0.000275,172.217.194.0-255,5379,38732,65,189567
1873,0.000277,172.31.40.0-255,66,38798,65,189567
1874,0.000383,172.217.194.0-255,1484,40282,65,189567
1875,0.000387,172.31.40.0-255,66,40348,65,189567
1876,0.000401,172.217.194.0-255,2902,43250,65,189567
1877,0.000404,172.31.40.0-255,66,43316,65,189567
1878,0.000424,172.217.194.0-255,5738,49054,65,189567
1879,0.000426,172.31.40.0-255,66,49120,65,189567
1880,0.000458,172.217.194.0-255,1484,50604,65,189567
1881,0.000478,172.217.194.0-255,5379,55983,65,189567
1882,0.000481,172.31.40.0-255,66,56049,65,189567
1883,0.000489,172.217.194.0-255,7156,63205,65,189567
1884,0.000491,172.31.40.0-255,66,63271,65,189567
1885,0.000516,172.217.194.0-255,5738,69009,65,189567
1886,0.000519,172.31.40.0-255,66,69075,65,189567
1887,0.000542,172.217.194.0-255,1484,70559,65,189567
1888,0.000556,172.217.194.0-255,3122,73681,65,189567
1889,0.000559,172.31.40.0-255,66,73747,65,189567
1890,0.000615,172.217.194.0-255,1484,75231,65,189567
1891,0.000633,172.217.194.0-255,2902,78133,65,189567
1892,0.000636,172.31.40.0-255,66,78199,65,189567
1893,0.000648,172.217.194.0-255,2902,81101,65,189567
1894,0.000651,172.31.40.0-255,66,81167,65,189567
1895,0.000669,172.217.194.0-255,2902,84069,65,189567
1896,0.000672,172.31.40.0-255,66,84135,65,189567
1897,0.000677,172.217.194.0-255,4320,88455,65,189567
1898,0.000679,172.31.40.0-255,66,88521,65,189567
1899,0.000717,172.217.194.0-255,2902,91423,65,189567
1900,0.00072,172.31.40.0-255,66,91489,65,189567
1901,0.00075,172.31.40.0-255,66,91555,65,189567
1902,0.000789,172.217.194.0-255,6683,98238,65,189567
1903,0.000792,172.31.40.0-255,66,98304,65,189567
1904,0.000997,172.217.194.0-255,197,98501,65,189567
1905,0.001345,172.217.194.0-255,1484,99985,65,189567
1906,0.00135,172.31.40.0-255,66,100051,65,189567
1907,0.001362,172.217.194.0-255,1484,101535,65,189567
1908,0.001375,172.217.194.0-255,1484,103019,65,189567
1909,0.001377,172.31.40.0-255,66,103085,65,189567
1910,0.001396,172.217.194.0-255,4320,107405,65,189567
1911,0.001398,172.31.40.0-255,66,107471,65,189567
1912,0.001423,172.217.194.0-255,1484,108955,65,189567
1913,0.001436,172.31.40.0-255,66,109021,65,189567
1914,0.001456,172.217.194.0-255,7156,116177,65,189567
1915,0.001459,172.31.40.0-255,66,116243,65,189567
1916,0.001483,172.217.194.0-255,3602,119845,65,189567
1917,0.001485,172.31.40.0-255,66,119911,65,189567
1918,0.00228,172.217.194.0-255,1484,121395,65,189567
1919,0.00229,172.217.194.0-255,2902,124297,65,189567
1920,0.002294,172.31.40.0-255,66,124363,65,189567
1921,0.002306,172.217.194.0-255,1484,125847,65,189567
1922,0.002323,172.217.194.0-255,4320,130167,65,189567
1923,0.002325,172.31.40.0-255,66,130233,65,189567
1924,0.002328,172.217.194.0-255,1484,131717,65,189567
1925,0.002358,172.31.40.0-255,66,131783,65,189567
1926,0.002361,172.217.194.0-255,1484,133267,65,189567
1927,0.002381,172.217.194.0-255,7156,140423,65,189567
1928,0.002383,172.31.40.0-255,66,140489,65,189567
1929,0.002421,172.217.194.0-255,2184,142673,65,189567
1930,0.002424,172.31.40.0-255,66,142739,65,189567
1931,0.002538,172.217.194.0-255,1484,144223,65,189567
1932,0.002544,172.217.194.0-255,2902,147125,65,189567
1933,0.002547,172.31.40.0-255,66,147191,65,189567
1934,0.002571,172.217.194.0-255,4320,151511,65,189567
1935,0.002573,172.31.40.0-255,66,151577,65,189567
1936,0.002583,172.31.40.0-255,66,151643,65,189567
1937,0.002608,172.217.194.0-255,1484,153127,65,189567
1938,0.002619,172.217.194.0-255,1484,154611,65,189567
1939,0.002621,172.31.40.0-255,66,154677,65,189567
1940,0.002662,172.31.40.0-255,66,154743,65,189567
1941,0.005362,172.217.194.0-255,5738,160481,65,189567
1942,0.005368,172.31.40.0-255,66,160547,65,189567
1943,0.008079,172.217.194.0-255,5738,166285,65,189567
1944,0.008085,172.31.40.0-255,66,166351,65,189567
1945,0.0109,172.217.194.0-255,5738,172089,65,189567
1946,0.010908,172.31.40.0-255,66,172155,65,189567
1947,0.013642,172.217.194.0-255,5738,177893,65,189567
1948,0.013654,172.31.40.0-255,66,177959,65,189567
1949,0.016405,172.217.194.0-255,5738,183697,65,189567
1950,0.016413,172.31.40.0-255,66,183763,65,189567
1951,0.019096,172.217.194.0-255,5738,189501,65,189567
1952,0.019104,172.31.40.0-255,66,189567,65,189567
1953,0.0,172.217.194.0-255,154,154,65,129199
1954,2.3e-05,172.31.40.0-255,66,220,65,129199
1955,3e-05,172.217.194.0-255,1484,1704,65,129199
1956,3.5e-05,172.31.40.0-255,66,1770,65,129199
1957,4.1e-05,172.217.194.0-255,2902,4672,65,129199
1958,5.2e-05,172.31.40.0-255,66,4738,65,129199
1959,6e-05,172.217.194.0-255,7156,11894,65,129199
1960,6.2e-05,172.31.40.0-255,66,11960,65,129199
1961,6.7e-05,172.217.194.0-255,2074,14034,65,129199
1962,7e-05,172.31.40.0-255,66,14100,65,129199
1963,0.000174,172.217.194.0-255,1484,15584,65,129199
1964,0.000177,172.31.40.0-255,66,15650,65,129199
1965,0.000183,172.217.194.0-255,2902,18552,65,129199
1966,0.000186,172.31.40.0-255,66,18618,65,129199
1967,0.000206,172.217.194.0-255,1484,20102,65,129199
1968,0.000208,172.31.40.0-255,66,20168,65,129199
1969,0.000233,172.217.194.0-255,2902,23070,65,129199
1970,0.00024,172.31.40.0-255,66,23136,65,129199
1971,0.000275,172.31.40.0-255,66,23202,65,129199
1972,0.000731,172.217.194.0-255,1484,24686,65,129199
1973,0.000736,172.31.40.0-255,66,24752,65,129199
1974,0.000742,172.217.194.0-255,2902,27654,65,129199
1975,0.000744,172.31.40.0-255,66,27720,65,129199
1976,0.000751,172.217.194.0-255,5738,33458,65,129199
1977,0.000753,172.31.40.0-255,66,33524,65,129199
1978,0.000772,172.31.40.0-255,66,33590,65,129199
1979,0.000852,172.31.40.0-255,66,33656,65,129199
1980,0.001373,172.217.194.0-255,646,34302,65,129199
1981,0.00138,172.31.40.0-255,66,34368,65,129199
1982,0.001485,172.217.194.0-255,1484,35852,65,129199
1983,0.001492,172.217.194.0-255,2902,38754,65,129199
1984,0.001496,172.31.40.0-255,66,38820,65,129199
1985,0.001503,172.217.194.0-255,4320,43140,65,129199
1986,0.001506,172.31.40.0-255,66,43206,65,129199
1987,0.001538,172.217.194.0-255,1484,44690,65,129199
1988,0.001552,172.31.40.0-255,66,44756,65,129199
1989,0.001565,172.31.40.0-255,66,44822,65,129199
1990,0.001592,172.217.194.0-255,766,45588,65,129199
1991,0.001914,172.217.194.0-255,1484,47072,65,129199
1992,0.001918,172.31.40.0-255,66,47138,65,129199
1993,0.001924,172.217.194.0-255,2902,50040,65,129199
1994,0.001927,172.31.40.0-255,66,50106,65,129199
1995,0.001933,172.217.194.0-255,5738,55844,65,129199
1996,0.00194,172.31.40.0-255,66,55910,65,129199
1997,0.001989,172.31.40.0-255,66,55976,65,129199
1998,0.001999,172.31.40.0-255,66,56042,65,129199
1999,0.002023,172.217.194.0-255,5738,61780,65,129199
2000,0.002025,172.31.40.0-255,66,61846,65,129199
2001,0.00205,172.217.194.0-255,2184,64030,65,129199
2002,0.002053,172.31.40.0-255,66,64096,65,129199
2003,0.002062,172.31.40.0-255,66,64162,65,129199
2004,0.002123,172.31.40.0-255,66,64228,65,129199
2005,0.002128,172.217.194.0-255,3602,67830,65,129199
2006,0.00213,172.31.40.0-255,66,67896,65,129199
2007,0.002351,172.217.194.0-255,1484,69380,65,129199
2008,0.002356,172.217.194.0-255,2902,72282,65,129199
2009,0.002358,172.31.40.0-255,66,72348,65,129199
2010,0.002361,172.217.194.0-255,1484,73832,65,129199
2011,0.002384,172.217.194.0-255,4320,78152,65,129199
2012,0.002387,172.31.40.0-255,66,78218,65,129199
2013,0.002399,172.31.40.0-255,66,78284,65,129199
2014,0.002414,172.31.40.0-255,66,78350,65,129199
2015,0.002416,172.217.194.0-255,766,79116,65,129199
2016,0.002473,172.217.194.0-255,1484,80600,65,129199
2017,0.002474,172.31.40.0-255,66,80666,65,129199
2018,0.002477,172.217.194.0-255,1484,82150,65,129199
2019,0.002495,172.217.194.0-255,1484,83634,65,129199
2020,0.002497,172.31.40.0-255,66,83700,65,129199
2021,0.002503,172.217.194.0-255,5738,89438,65,129199
2022,0.002505,172.31.40.0-255,66,89504,65,129199
2023,0.002541,172.31.40.0-255,66,89570,65,129199
2024,0.002543,172.217.194.0-255,1484,91054,65,129199
2025,0.002548,172.217.194.0-255,4320,95374,65,129199
2026,0.00255,172.31.40.0-255,66,95440,65,129199
2027,0.002575,172.217.194.0-255,5020,100460,65,129199
2028,0.002577,172.31.40.0-255,66,100526,65,129199
2029,0.002604,172.217.194.0-255,5738,106264,65,129199
2030,0.002606,172.31.40.0-255,66,106330,65,129199
2031,0.002648,172.31.40.0-255,66,106396,65,129199
2032,0.002653,172.217.194.0-255,5738,112134,65,129199
2033,0.002655,172.31.40.0-255,66,112200,65,129199
2034,0.002664,172.217.194.0-255,5738,117938,65,129199
2035,0.002667,172.31.40.0-255,66,118004,65,129199
2036,0.002691,172.217.194.0-255,5738,123742,65,129199
2037,0.002697,172.31.40.0-255,66,123808,65,129199
2038,0.00274,172.31.40.0-255,66,123874,65,129199
2039,0.002749,172.31.40.0-255,66,123940,65,129199
2040,0.002779,172.31.40.0-255,66,124006,65,129199
2041,0.002825,172.31.40.0-255,66,124072,65,129199
2042,0.002879,172.31.40.0-255,66,124138,65,129199
2043,0.002908,172.31.40.0-255,66,124204,65,129199
2044,0.002931,172.31.40.0-255,66,124270,65,129199
2045,0.002933,172.217.194.0-255,1484,125754,65,129199
2046,0.002938,172.217.194.0-255,3037,128791,65,129199
2047,0.00294,172.31.40.0-255,66,128857,65,129199
2048,0.002942,172.217.194.0-255,105,128962,65,129199
2049,0.007759,172.31.40.0-255,66,129028,65,129199
2050,0.007798,172.31.40.0-255,105,129133,65,129199
2051,0.010059,172.217.194.0-255,66,129199,65,129199
2052,0.0,74.125.24.0-255,149,149,65,221076
2053,2.2e-05,172.31.40.0-255,66,215,65,221076
2054,2.8e-05,74.125.24.0-255,1484,1699,65,221076
2055,3.2e-05,172.31.40.0-255,66,1765,65,221076
2056,3.7e-05,74.125.24.0-255,2902,4667,65,221076
2057,4e-05,172.31.40.0-255,66,4733,65,221076
2058,4.7e-05,74.125.24.0-255,7156,11889,65,221076
2059,5e-05,172.31.40.0-255,66,11955,65,221076
2060,7.8e-05,172.31.40.0-255,66,12021,65,221076
2061,0.000105,74.125.24.0-255,6321,18342,65,221076
2062,0.000107,172.31.40.0-255,66,18408,65,221076
2063,0.00011,74.125.24.0-255,1484,19892,65,221076
2064,0.000113,172.31.40.0-255,66,19958,65,221076
2065,0.000117,74.125.24.0-255,1125,21083,65,221076
2066,0.000119,172.31.40.0-255,66,21149,65,221076
2067,0.000181,74.125.24.0-255,1484,22633,65,221076
2068,0.000184,172.31.40.0-255,66,22699,65,221076
2069,0.000189,74.125.24.0-255,2902,25601,65,221076
2070,0.000191,172.31.40.0-255,66,25667,65,221076
2071,0.000219,74.125.24.0-255,5738,31405,65,221076
2072,0.000221,172.31.40.0-255,66,31471,65,221076
2073,0.000226,74.125.24.0-255,2902,34373,65,221076
2074,0.000228,172.31.40.0-255,66,34439,65,221076
2075,0.000268,74.125.24.0-255,3961,38400,65,221076
2076,0.000272,172.31.40.0-255,66,38466,65,221076
2077,0.000275,74.125.24.0-255,1484,39950,65,221076
2078,0.000277,172.31.40.0-255,66,40016,65,221076
2079,0.0003,74.125.24.0-255,7156,47172,65,221076
2080,0.000303,172.31.40.0-255,66,47238,65,221076
2081,0.000325,74.125.24.0-255,4320,51558,65,221076
2082,0.000328,172.31.40.0-255,66,51624,65,221076
2083,0.000347,74.125.24.0-255,1484,53108,65,221076
2084,0.000354,74.125.24.0-255,2854,55962,65,221076
2085,0.000358,74.125.24.0-255,110,56072,65,221076
2086,0.000372,172.31.40.0-255,66,56138,65,221076
2087,0.000492,74.125.24.0-255,1484,57622,65,221076
2088,0.000496,172.31.40.0-255,66,57688,65,221076
2089,0.000501,74.125.24.0-255,2902,60590,65,221076
2090,0.000504,172.31.40.0-255,66,60656,65,221076
2091,0.00051,74.125.24.0-255,4320,64976,65,221076
2092,0.000512,172.31.40.0-255,66,65042,65,221076
2093,0.000532,74.125.24.0-255,1484,66526,65,221076
2094,0.000545,74.125.24.0-255,2902,69428,65,221076
2095,0.000548,172.31.40.0-255,66,69494,65,221076
2096,0.000562,74.125.24.0-255,3961,73455,65,221076
2097,0.000565,172.31.40.0-255,66,73521,65,221076
2098,0.000585,74.125.24.0-255,5738,79259,65,221076
2099,0.000588,172.31.40.0-255,66,79325,65,221076
2100,0.000592,74.125.24.0-255,2902,82227,65,221076
2101,0.000594,172.31.40.0-255,66,82293,65,221076
2102,0.000618,74.125.24.0-255,4320,86613,65,221076
2103,0.000621,172.31.40.0-255,66,86679,65,221076
2104,0.000627,74.125.24.0-255,3961,90640,65,221076
2105,0.000629,172.31.40.0-255,66,90706,65,221076
2106,0.000989,74.125.24.0-255,1484,92190,65,221076
2107,0.001015,74.125.24.0-255,1484,93674,65,221076
2108,0.001018,172.31.40.0-255,66,93740,65,221076
2109,0.001036,74.125.24.0-255,1484,95224,65,221076
2110,0.001068,74.125.24.0-255,1484,96708,65,221076
2111,0.001071,172.31.40.0-255,66,96774,65,221076
2112,0.00109,74.125.24.0-255,2902,99676,65,221076
2113,0.001093,172.31.40.0-255,66,99742,65,221076
2114,0.001118,74.125.24.0-255,1484,101226,65,221076
2115,0.001136,74.125.24.0-255,5738,106964,65,221076
2116,0.001139,172.31.40.0-255,66,107030,65,221076
2117,0.001163,74.125.24.0-255,7156,114186,65,221076
2118,0.001174,74.125.24.0-255,766,114952,65,221076
2119,0.001177,74.125.24.0-255,1484,116436,65,221076
2120,0.001181,74.125.24.0-255,2902,119338,65,221076
2121,0.001183,74.125.24.0-255,1484,120822,65,221076
2122,0.001187,172.31.40.0-255,66,120888,65,221076
2123,0.00119,172.31.40.0-255,66,120954,65,221076
2124,0.001194,172.31.40.0-255,66,121020,65,221076
2125,0.001208,74.125.24.0-255,4320,125340,65,221076
2126,0.001211,172.31.40.0-255,66,125406,65,221076
2127,0.001213,172.31.40.0-255,66,125472,65,221076
2128,0.001249,74.125.24.0-255,5738,131210,65,221076
2129,0.001279,74.125.24.0-255,7156,138366,65,221076
2130,0.001282,172.31.40.0-255,66,138432,65,221076
2131,0.001284,172.31.40.0-255,66,138498,65,221076
2132,0.001296,172.31.40.0-255,66,138564,65,221076
2133,0.001436,74.125.24.0-255,1484,140048,65,221076
2134,0.001457,74.125.24.0-255,2902,142950,65,221076
2135,0.001461,172.31.40.0-255,66,143016,65,221076
2136,0.001468,74.125.24.0-255,5738,148754,65,221076
2137,0.00147,172.31.40.0-255,66,148820,65,221076
2138,0.001493,172.31.40.0-255,66,148886,65,221076
2139,0.001522,74.125.24.0-255,2902,151788,65,221076
2140,0.001525,172.31.40.0-255,66,151854,65,221076
2141,0.001538,172.31.40.0-255,66,151920,65,221076
2142,0.001564,74.125.24.0-255,5738,157658,65,221076
2143,0.001568,172.31.40.0-255,66,157724,65,221076
2144,0.001576,74.125.24.0-255,2902,160626,65,221076
2145,0.001579,172.31.40.0-255,66,160692,65,221076
2146,0.001612,74.125.24.0-255,5738,166430,65,221076
2147,0.001615,172.31.40.0-255,66,166496,65,221076
2148,0.00163,172.31.40.0-255,66,166562,65,221076
2149,0.001635,74.125.24.0-255,3602,170164,65,221076
2150,0.001638,172.31.40.0-255,66,170230,65,221076
2151,0.00171,74.125.24.0-255,5738,175968,65,221076
2152,0.001714,172.31.40.0-255,66,176034,65,221076
2153,0.001775,172.31.40.0-255,66,176100,65,221076
2154,0.001825,74.125.24.0-255,1484,177584,65,221076
2155,0.00183,74.125.24.0-255,1484,179068,65,221076
2156,0.001833,172.31.40.0-255,66,179134,65,221076
2157,0.001846,172.31.40.0-255,66,179200,65,221076
2158,0.001859,172.31.40.0-255,66,179266,65,221076
2159,0.001864,74.125.24.0-255,2902,182168,65,221076
2160,0.001866,172.31.40.0-255,66,182234,65,221076
2161,0.001898,74.125.24.0-255,5738,187972,65,221076
2162,0.001901,172.31.40.0-255,66,188038,65,221076
2163,0.001916,172.31.40.0-255,66,188104,65,221076
2164,0.001923,74.125.24.0-255,7156,195260,65,221076
2165,0.001926,172.31.40.0-255,66,195326,65,221076
2166,0.001937,172.31.40.0-255,66,195392,65,221076
2167,0.001954,74.125.24.0-255,766,196158,65,221076
2168,0.002004,74.125.24.0-255,1484,197642,65,221076
2169,0.002007,172.31.40.0-255,66,197708,65,221076
2170,0.002008,172.31.40.0-255,66,197774,65,221076
2171,0.002014,74.125.24.0-255,4320,202094,65,221076
2172,0.002016,172.31.40.0-255,66,202160,65,221076
2173,0.002021,74.125.24.0-255,2902,205062,65,221076
2174,0.002023,172.31.40.0-255,66,205128,65,221076
2175,0.002042,74.125.24.0-255,7156,212284,65,221076
2176,0.002045,172.31.40.0-255,66,212350,65,221076
2177,0.002048,74.125.24.0-255,1484,213834,65,221076
2178,0.002068,74.125.24.0-255,1484,215318,65,221076
2179,0.00207,172.31.40.0-255,66,215384,65,221076
2180,0.002104,172.31.40.0-255,66,215450,65,221076
2181,0.002125,74.125.24.0-255,3602,219052,65,221076
2182,0.002128,172.31.40.0-255,66,219118,65,221076
2183,0.002142,172.31.40.0-255,66,219184,65,221076
2184,0.002155,74.125.24.0-255,1484,220668,65,221076
2185,0.002192,172.31.40.0-255,66,220734,65,221076
2186,0.002195,74.125.24.0-255,105,220839,65,221076
2187,0.011743,172.31.40.0-255,66,220905,65,221076
2188,0.011784,172.31.40.0-255,105,221010,65,221076
2189,0.014153,74.125.24.0-255,66,221076,65,221076
2190,0.0,74.125.24.0-255,297,297,65,141214
2191,2.3e-05,172.31.40.0-255,66,363,65,141214
2192,3e-05,74.125.24.0-255,1484,1847,65,141214
2193,3.5e-05,172.31.40.0-255,66,1913,65,141214
2194,5.3e-05,74.125.24.0-255,4320,6233,65,141214
2195,5.7e-05,172.31.40.0-255,66,6299,65,141214
2196,7e-05,172.31.40.0-255,66,6365,65,141214
2197,7.6e-05,74.125.24.0-255,5738,12103,65,141214
2198,7.9e-05,172.31.40.0-255,66,12169,65,141214
2199,0.000136,74.125.24.0-255,4320,16489,65,141214
2200,0.000139,172.31.40.0-255,66,16555,65,141214
2201,0.00017,74.125.24.0-255,5379,21934,65,141214
2202,0.000173,172.31.40.0-255,66,22000,65,141214
2203,0.000267,74.125.24.0-255,1484,23484,65,141214
2204,0.000271,172.31.40.0-255,66,23550,65,141214
2205,0.000302,74.125.24.0-255,2902,26452,65,141214
2206,0.000305,172.31.40.0-255,66,26518,65,141214
2207,0.000312,74.125.24.0-255,5738,32256,65,141214
2208,0.000314,172.31.40.0-255,66,32322,65,141214
2209,0.000348,74.125.24.0-255,4320,36642,65,141214
2210,0.000351,172.31.40.0-255,66,36708,65,141214
2211,0.000358,74.125.24.0-255,5738,42446,65,141214
2212,0.00036,172.31.40.0-255,66,42512,65,141214
2213,0.0004,172.31.40.0-255,66,42578,65,141214
2214,0.000423,74.125.24.0-255,2902,45480,65,141214
2215,0.000426,172.31.40.0-255,66,45546,65,141214
2216,0.000467,74.125.24.0-255,2184,47730,65,141214
2217,0.00047,172.31.40.0-255,66,47796,65,141214
2218,0.000473,74.125.24.0-255,442,48238,65,141214
2219,0.000475,172.31.40.0-255,66,48304,65,141214
2220,0.00077,74.125.24.0-255,331,48635,65,141214
2221,0.000897,74.125.24.0-255,1484,50119,65,141214
2222,0.000902,172.31.40.0-255,66,50185,65,141214
2223,0.000908,74.125.24.0-255,2902,53087,65,141214
2224,0.00091,172.31.40.0-255,66,53153,65,141214
2225,0.000916,74.125.24.0-255,4320,57473,65,141214
2226,0.000918,172.31.40.0-255,66,57539,65,141214
2227,0.000952,74.125.24.0-255,1484,59023,65,141214
2228,0.000958,74.125.24.0-255,4320,63343,65,141214
2229,0.000961,172.31.40.0-255,66,63409,65,141214
2230,0.000985,74.125.24.0-255,4320,67729,65,141214
2231,0.000987,172.31.40.0-255,66,67795,65,141214
2232,0.001015,172.31.40.0-255,66,67861,65,141214
2233,0.00107,74.125.24.0-255,6797,74658,65,141214
2234,0.001074,172.31.40.0-255,66,74724,65,141214
2235,0.00208,74.125.24.0-255,1484,76208,65,141214
2236,0.002091,74.125.24.0-255,2902,79110,65,141214
2237,0.002097,172.31.40.0-255,66,79176,65,141214
2238,0.002105,74.125.24.0-255,5738,84914,65,141214
2239,0.002108,172.31.40.0-255,66,84980,65,141214
2240,0.002136,74.125.24.0-255,4320,89300,65,141214
2241,0.002139,172.31.40.0-255,66,89366,65,141214
2242,0.002163,172.31.40.0-255,66,89432,65,141214
2243,0.002171,74.125.24.0-255,7156,96588,65,141214
2244,0.002173,172.31.40.0-255,66,96654,65,141214
2245,0.002197,74.125.24.0-255,3602,100256,65,141214
2246,0.002199,172.31.40.0-255,66,100322,65,141214
2247,0.00458,74.125.24.0-255,2902,103224,65,141214
2248,0.004586,172.31.40.0-255,66,103290,65,141214
2249,0.004603,74.125.24.0-255,2902,106192,65,141214
2250,0.004605,172.31.40.0-255,66,106258,65,141214
2251,0.006972,74.125.24.0-255,5738,111996,65,141214
2252,0.00698,172.31.40.0-255,66,112062,65,141214
2253,0.009353,74.125.24.0-255,5738,117800,65,141214
2254,0.009359,172.31.40.0-255,66,117866,65,141214
2255,0.011762,74.125.24.0-255,5738,123604,65,141214
2256,0.01177,172.31.40.0-255,66,123670,65,141214
2257,0.014163,74.125.24.0-255,5738,129408,65,141214
2258,0.014172,172.31.40.0-255,66,129474,65,141214
2259,0.016581,74.125.24.0-255,5738,135212,65,141214
2260,0.016591,172.31.40.0-255,66,135278,65,141214
2261,0.018973,74.125.24.0-255,2902,138180,65,141214
2262,0.018981,172.31.40.0-255,66,138246,65,141214
2263,0.019009,74.125.24.0-255,2902,141148,65,141214
2264,0.019012,172.31.40.0-255,66,141214,65,141214
2265,0.0,172.217.194.0-255,153,153,65,163077
2266,1.6e-05,172.31.40.0-255,66,219,65,163077
2267,2.4e-05,172.217.194.0-255,1484,1703,65,163077
2268,2.8e-05,172.31.40.0-255,66,1769,65,163077
2269,3.3e-05,172.217.194.0-255,2902,4671,65,163077
2270,3.7e-05,172.31.40.0-255,66,4737,65,163077
2271,4.3e-05,172.217.194.0-255,5738,10475,65,163077
2272,4.7e-05,172.31.40.0-255,66,10541,65,163077
2273,6.8e-05,172.217.194.0-255,1484,12025,65,163077
2274,7e-05,172.31.40.0-255,66,12091,65,163077
2275,9.4e-05,172.217.194.0-255,3481,15572,65,163077
2276,9.7e-05,172.31.40.0-255,66,15638,65,163077
2277,0.000103,172.217.194.0-255,5738,21376,65,163077
2278,0.000106,172.31.40.0-255,66,21442,65,163077
2279,0.000155,172.31.40.0-255,66,21508,65,163077
2280,0.000185,172.217.194.0-255,1484,22992,65,163077
2281,0.000187,172.31.40.0-255,66,23058,65,163077
2282,0.000192,172.217.194.0-255,2902,25960,65,163077
2283,0.000194,172.31.40.0-255,66,26026,65,163077
2284,0.0002,172.217.194.0-255,5738,31764,65,163077
2285,0.000202,172.31.40.0-255,66,31830,65,163077
2286,0.000239,172.31.40.0-255,66,31896,65,163077
2287,0.000246,172.217.194.0-255,7156,39052,65,163077
2288,0.000249,172.31.40.0-255,66,39118,65,163077
2289,0.00026,172.217.194.0-255,2543,41661,65,163077
2290,0.000263,172.31.40.0-255,66,41727,65,163077
2291,0.000613,172.217.194.0-255,380,42107,65,163077
2292,0.000619,172.31.40.0-255,66,42173,65,163077
2293,0.000737,172.217.194.0-255,1484,43657,65,163077
2294,0.000742,172.31.40.0-255,66,43723,65,163077
2295,0.000748,172.217.194.0-255,2902,46625,65,163077
2296,0.00075,172.31.40.0-255,66,46691,65,163077
2297,0.000757,172.217.194.0-255,5738,52429,65,163077
2298,0.00076,172.31.40.0-255,66,52495,65,163077
2299,0.000807,172.31.40.0-255,66,52561,65,163077
2300,0.00082,172.31.40.0-255,66,52627,65,163077
2301,0.000836,172.217.194.0-255,1484,54111,65,163077
2302,0.000858,172.217.194.0-255,2902,57013,65,163077
2303,0.000862,172.217.194.0-255,2902,59915,65,163077
2304,0.000867,172.31.40.0-255,66,59981,65,163077
2305,0.000869,172.31.40.0-255,66,60047,65,163077
2306,0.000879,172.217.194.0-255,2902,62949,65,163077
2307,0.000881,172.31.40.0-255,66,63015,65,163077
2308,0.000889,172.217.194.0-255,7156,70171,65,163077
2309,0.000891,172.31.40.0-255,66,70237,65,163077
2310,0.000907,172.217.194.0-255,5738,75975,65,163077
2311,0.00091,172.31.40.0-255,66,76041,65,163077
2312,0.00092,172.31.40.0-255,66,76107,65,163077
2313,0.000942,172.217.194.0-255,1484,77591,65,163077
2314,0.000959,172.217.194.0-255,5738,83329,65,163077
2315,0.000961,172.31.40.0-255,66,83395,65,163077
2316,0.001001,172.31.40.0-255,66,83461,65,163077
2317,0.001014,172.31.40.0-255,66,83527,65,163077
2318,0.001018,172.217.194.0-255,2481,86008,65,163077
2319,0.00102,172.31.40.0-255,66,86074,65,163077
2320,0.001024,172.217.194.0-255,2902,88976,65,163077
2321,0.001026,172.31.40.0-255,66,89042,65,163077
2322,0.001044,172.217.194.0-255,1484,90526,65,163077
2323,0.001069,172.217.194.0-255,5738,96264,65,163077
2324,0.001072,172.31.40.0-255,66,96330,65,163077
2325,0.001107,172.31.40.0-255,66,96396,65,163077
2326,0.00111,172.217.194.0-255,1484,97880,65,163077
2327,0.001126,172.217.194.0-255,5020,102900,65,163077
2328,0.001129,172.31.40.0-255,66,102966,65,163077
2329,0.001168,172.217.194.0-255,1484,104450,65,163077
2330,0.001186,172.217.194.0-255,2902,107352,65,163077
2331,0.001189,172.31.40.0-255,66,107418,65,163077
2332,0.001193,172.217.194.0-255,2902,110320,65,163077
2333,0.001196,172.31.40.0-255,66,110386,65,163077
2334,0.001209,172.217.194.0-255,2902,113288,65,163077
2335,0.001212,172.31.40.0-255,66,113354,65,163077
2336,0.001218,172.217.194.0-255,5738,119092,65,163077
2337,0.00122,172.31.40.0-255,66,119158,65,163077
2338,0.001244,172.217.194.0-255,4320,123478,65,163077
2339,0.001248,172.31.40.0-255,66,123544,65,163077
2340,0.001265,172.217.194.0-255,1484,125028,65,163077
2341,0.0013,172.31.40.0-255,66,125094,65,163077
2342,0.001735,172.217.194.0-255,1484,126578,65,163077
2343,0.001741,172.217.194.0-255,2902,129480,65,163077
2344,0.001744,172.31.40.0-255,66,129546,65,163077
2345,0.001769,172.217.194.0-255,5738,135284,65,163077
2346,0.001772,172.31.40.0-255,66,135350,65,163077
2347,0.001777,172.217.194.0-255,2902,138252,65,163077
2348,0.001779,172.31.40.0-255,66,138318,65,163077
2349,0.001804,172.217.194.0-255,7156,145474,65,163077
2350,0.001808,172.31.40.0-255,66,145540,65,163077
2351,0.001819,172.217.194.0-255,1484,147024,65,163077
2352,0.001858,172.31.40.0-255,66,147090,65,163077
2353,0.001871,172.31.40.0-255,66,147156,65,163077
2354,0.001961,172.31.40.0-255,66,147222,65,163077
2355,0.001971,172.31.40.0-255,66,147288,65,163077
2356,0.001984,172.31.40.0-255,66,147354,65,163077
2357,0.001993,172.31.40.0-255,66,147420,65,163077
2358,0.00204,172.31.40.0-255,66,147486,65,163077
2359,0.002054,172.217.194.0-255,2902,150388,65,163077
2360,0.002056,172.31.40.0-255,66,150454,65,163077
2361,0.002089,172.31.40.0-255,66,150520,65,163077
2362,0.002105,172.31.40.0-255,66,150586,65,163077
2363,0.002111,172.217.194.0-255,7156,157742,65,163077
2364,0.002114,172.31.40.0-255,66,157808,65,163077
2365,0.002139,172.217.194.0-255,4320,162128,65,163077
2366,0.002142,172.31.40.0-255,66,162194,65,163077
2367,0.002144,172.217.194.0-255,358,162552,65,163077
2368,0.002171,172.217.194.0-255,105,162657,65,163077
2369,0.010462,172.31.40.0-255,66,162723,65,163077
2370,0.010505,172.31.40.0-255,105,162828,65,163077
2371,0.01096,172.217.194.0-255,105,162933,65,163077
2372,0.010969,172.31.40.0-255,78,163011,65,163077
2373,0.012689,172.217.194.0-255,66,163077,65,163077
2374,0.0,74.125.130.0-255,151,151,65,184614
2375,1.4e-05,172.31.40.0-255,66,217,65,184614
2376,2.1e-05,74.125.130.0-255,1484,1701,65,184614
2377,2.5e-05,172.31.40.0-255,66,1767,65,184614
2378,3.1e-05,74.125.130.0-255,2902,4669,65,184614
2379,4.5e-05,172.31.40.0-255,66,4735,65,184614
2380,5e-05,74.125.130.0-255,2902,7637,65,184614
2381,5.3e-05,172.31.40.0-255,66,7703,65,184614
2382,5.6e-05,74.125.130.0-255,1484,9187,65,184614
2383,5.8e-05,172.31.40.0-255,66,9253,65,184614
2384,8.4e-05,74.125.130.0-255,2902,12155,65,184614
2385,8.7e-05,172.31.40.0-255,66,12221,65,184614
2386,9.3e-05,74.125.130.0-255,4320,16541,65,184614
2387,9.5e-05,172.31.40.0-255,66,16607,65,184614
2388,0.000122,74.125.130.0-255,3484,20091,65,184614
2389,0.000125,172.31.40.0-255,66,20157,65,184614
2390,0.000135,172.31.40.0-255,66,20223,65,184614
2391,0.000141,74.125.130.0-255,2543,22766,65,184614
2392,0.000144,172.31.40.0-255,66,22832,65,184614
2393,0.000289,74.125.130.0-255,1484,24316,65,184614
2394,0.000294,172.31.40.0-255,66,24382,65,184614
2395,0.000321,74.125.130.0-255,2902,27284,65,184614
2396,0.000324,172.31.40.0-255,66,27350,65,184614
2397,0.00033,74.125.130.0-255,5738,33088,65,184614
2398,0.000333,172.31.40.0-255,66,33154,65,184614
2399,0.000338,74.125.130.0-255,4320,37474,65,184614
2400,0.00034,172.31.40.0-255,66,37540,65,184614
2401,0.000368,74.125.130.0-255,2902,40442,65,184614
2402,0.000371,172.31.40.0-255,66,40508,65,184614
2403,0.00038,172.31.40.0-255,66,40574,65,184614
2404,0.000419,172.31.40.0-255,66,40640,65,184614
2405,0.000422,74.125.130.0-255,376,41016,65,184614
2406,0.000554,74.125.130.0-255,98,41114,65,184614
2407,0.000838,74.125.130.0-255,1484,42598,65,184614
2408,0.000843,172.31.40.0-255,66,42664,65,184614
2409,0.000862,74.125.130.0-255,2902,45566,65,184614
2410,0.000864,172.31.40.0-255,66,45632,65,184614
2411,0.000892,74.125.130.0-255,5738,51370,65,184614
2412,0.000894,172.31.40.0-255,66,51436,65,184614
2413,0.00094,74.125.130.0-255,7156,58592,65,184614
2414,0.000943,172.31.40.0-255,66,58658,65,184614
2415,0.000949,74.125.130.0-255,5738,64396,65,184614
2416,0.000952,172.31.40.0-255,66,64462,65,184614
2417,0.000983,74.125.130.0-255,7156,71618,65,184614
2418,0.000986,172.31.40.0-255,66,71684,65,184614
2419,0.000989,74.125.130.0-255,1484,73168,65,184614
2420,0.001015,74.125.130.0-255,2184,75352,65,184614
2421,0.001018,172.31.40.0-255,66,75418,65,184614
2422,0.001879,74.125.130.0-255,1484,76902,65,184614
2423,0.001889,74.125.130.0-255,2902,79804,65,184614
2424,0.001894,172.31.40.0-255,66,79870,65,184614
2425,0.001899,74.125.130.0-255,2902,82772,65,184614
2426,0.001901,172.31.40.0-255,66,82838,65,184614
2427,0.001935,74.125.130.0-255,7156,89994,65,184614
2428,0.001938,172.31.40.0-255,66,90060,65,184614
2429,0.001973,172.31.40.0-255,66,90126,65,184614
2430,0.001995,74.125.130.0-255,1484,91610,65,184614
2431,0.001999,74.125.130.0-255,1484,93094,65,184614
2432,0.002,172.31.40.0-255,66,93160,65,184614
2433,0.002038,172.31.40.0-255,66,93226,65,184614
2434,0.00209,74.125.130.0-255,1484,94710,65,184614
2435,0.00211,74.125.130.0-255,2902,97612,65,184614
2436,0.002113,172.31.40.0-255,66,97678,65,184614
2437,0.002118,74.125.130.0-255,4320,101998,65,184614
2438,0.00212,172.31.40.0-255,66,102064,65,184614
2439,0.002161,74.125.130.0-255,2902,104966,65,184614
2440,0.002164,172.31.40.0-255,66,105032,65,184614
2441,0.002193,74.125.130.0-255,5738,110770,65,184614
2442,0.002196,172.31.40.0-255,66,110836,65,184614
2443,0.002214,74.125.130.0-255,7156,117992,65,184614
2444,0.002215,172.31.40.0-255,66,118058,65,184614
2445,0.002239,74.125.130.0-255,2902,120960,65,184614
2446,0.002244,172.31.40.0-255,66,121026,65,184614
2447,0.002247,74.125.130.0-255,1484,122510,65,184614
2448,0.002273,74.125.130.0-255,5020,127530,65,184614
2449,0.002275,172.31.40.0-255,66,127596,65,184614
2450,0.002391,74.125.130.0-255,1484,129080,65,184614
2451,0.002407,74.125.130.0-255,1484,130564,65,184614
2452,0.00241,172.31.40.0-255,66,130630,65,184614
2453,0.002421,74.125.130.0-255,1484,132114,65,184614
2454,0.002441,74.125.130.0-255,4320,136434,65,184614
2455,0.002443,172.31.40.0-255,66,136500,65,184614
2456,0.002468,74.125.130.0-255,4320,140820,65,184614
2457,0.00247,172.31.40.0-255,66,140886,65,184614
2458,0.002492,74.125.130.0-255,5738,146624,65,184614
2459,0.002495,172.31.40.0-255,66,146690,65,184614
2460,0.002522,74.125.130.0-255,4320,151010,65,184614
2461,0.002524,172.31.40.0-255,66,151076,65,184614
2462,0.002536,74.125.130.0-255,1484,152560,65,184614
2463,0.005067,74.125.130.0-255,4320,156880,65,184614
2464,0.005074,172.31.40.0-255,66,156946,65,184614
2465,0.007618,74.125.130.0-255,5738,162684,65,184614
2466,0.007626,172.31.40.0-255,66,162750,65,184614
2467,0.01016,74.125.130.0-255,5738,168488,65,184614
2468,0.010167,172.31.40.0-255,66,168554,65,184614
2469,0.012696,74.125.130.0-255,5738,174292,65,184614
2470,0.012703,172.31.40.0-255,66,174358,65,184614
2471,0.015234,74.125.130.0-255,4320,178678,65,184614
2472,0.015243,172.31.40.0-255,66,178744,65,184614
2473,0.015271,74.125.130.0-255,1484,180228,65,184614
2474,0.017782,74.125.130.0-255,4320,184548,65,184614
2475,0.017791,172.31.40.0-255,66,184614,65,184614
2476,0.0,172.217.194.0-255,150,150,65,80658
2477,2e-05,172.31.40.0-255,66,216,65,80658
2478,2.8e-05,172.217.194.0-255,1484,1700,65,80658
2479,3.3e-05,172.31.40.0-255,66,1766,65,80658
2480,4.7e-05,172.217.194.0-255,2902,4668,65,80658
2481,5.2e-05,172.31.40.0-255,66,4734,65,80658
2482,9.6e-05,172.217.194.0-255,1484,6218,65,80658
2483,9.9e-05,172.31.40.0-255,66,6284,65,80658
2484,0.000145,172.217.194.0-255,5738,12022,65,80658
2485,0.000149,172.31.40.0-255,66,12088,65,80658
2486,0.000291,172.217.194.0-255,4926,17014,65,80658
2487,0.000296,172.31.40.0-255,66,17080,65,80658
2488,0.00041,172.217.194.0-255,4320,21400,65,80658
2489,0.000414,172.31.40.0-255,66,21466,65,80658
2490,0.000455,172.31.40.0-255,66,21532,65,80658
2491,0.000796,172.31.40.0-255,66,21598,65,80658
2492,0.00083,172.217.194.0-255,2543,24141,65,80658
2493,0.000833,172.31.40.0-255,66,24207,65,80658
2494,0.001337,172.31.40.0-255,66,24273,65,80658
2495,0.001366,172.217.194.0-255,2873,27146,65,80658
2496,0.00137,172.31.40.0-255,66,27212,65,80658
2497,0.001616,172.217.194.0-255,378,27590,65,80658
2498,0.001621,172.31.40.0-255,66,27656,65,80658
2499,0.001655,172.217.194.0-255,2902,30558,65,80658
2500,0.001657,172.31.40.0-255,66,30624,65,80658
2501,0.001672,172.217.194.0-255,7156,37780,65,80658
2502,0.001675,172.31.40.0-255,66,37846,65,80658
2503,0.001718,172.31.40.0-255,66,37912,65,80658
2504,0.001735,172.217.194.0-255,5020,42932,65,80658
2505,0.002638,172.217.194.0-255,5738,48670,65,80658
2506,0.003386,172.217.194.0-255,2902,51572,65,80658
2507,0.005449,172.31.40.0-255,66,51638,65,80658
2508,0.007916,172.217.194.0-255,5738,57376,65,80658
2509,0.007923,172.31.40.0-255,66,57442,65,80658
2510,0.010453,172.217.194.0-255,5738,63180,65,80658
2511,0.010462,172.31.40.0-255,66,63246,65,80658
2512,0.01296,172.217.194.0-255,5738,68984,65,80658
2513,0.01297,172.31.40.0-255,66,69050,65,80658
2514,0.015497,172.217.194.0-255,5738,74788,65,80658
2515,0.015513,172.31.40.0-255,66,74854,65,80658
2516,0.018068,172.217.194.0-255,5738,80592,65,80658
2517,0.018083,172.31.40.0-255,66,80658,65,80658
2518,0.0,74.125.24.0-255,66,66,65,66
2519,0.0,172.217.194.0-255,152,152,65,248818
2520,2.2e-05,172.31.40.0-255,66,218,65,248818
2521,2.9e-05,172.217.194.0-255,1484,1702,65,248818
2522,3.4e-05,172.31.40.0-255,66,1768,65,248818
2523,5.9e-05,172.217.194.0-255,2902,4670,65,248818
2524,6.2e-05,172.31.40.0-255,66,4736,65,248818
2525,6.9e-05,172.217.194.0-255,7156,11892,65,248818
2526,7.2e-05,172.31.40.0-255,66,11958,65,248818
2527,7.6e-05,172.217.194.0-255,2095,14053,65,248818
2528,7.8e-05,172.31.40.0-255,66,14119,65,248818
2529,0.000115,172.31.40.0-255,66,14185,65,248818
2530,0.000145,172.217.194.0-255,4320,18505,65,248818
2531,0.000148,172.31.40.0-255,66,18571,65,248818
2532,0.000163,172.217.194.0-255,1125,19696,65,248818
2533,0.000165,172.31.40.0-255,66,19762,65,248818
2534,0.000168,172.217.194.0-255,1484,21246,65,248818
2535,0.00017,172.31.40.0-255,66,21312,65,248818
2536,0.000173,172.217.194.0-255,1484,22796,65,248818
2537,0.000174,172.31.40.0-255,66,22862,65,248818
2538,0.000205,172.217.194.0-255,1484,24346,65,248818
2539,0.000207,172.31.40.0-255,66,24412,65,248818
2540,0.000213,172.217.194.0-255,5738,30150,65,248818
2541,0.000214,172.31.40.0-255,66,30216,65,248818
2542,0.000219,172.217.194.0-255,4320,34536,65,248818
2543,0.000221,172.31.40.0-255,66,34602,65,248818
2544,0.000265,172.31.40.0-255,66,34668,65,248818
2545,0.000276,172.31.40.0-255,66,34734,65,248818
2546,0.000278,172.217.194.0-255,337,35071,65,248818
2547,0.00028,172.31.40.0-255,66,35137,65,248818
2548,0.000306,172.217.194.0-255,121,35258,65,248818
2549,0.000325,172.217.194.0-255,382,35640,65,248818
2550,0.000591,172.217.194.0-255,1484,37124,65,248818
2551,0.000596,172.31.40.0-255,66,37190,65,248818
2552,0.000602,172.217.194.0-255,2902,40092,65,248818
2553,0.000604,172.31.40.0-255,66,40158,65,248818
2554,0.00061,172.217.194.0-255,2902,43060,65,248818
2555,0.000611,172.31.40.0-255,66,43126,65,248818
2556,0.000641,172.217.194.0-255,2902,46028,65,248818
2557,0.000643,172.31.40.0-255,66,46094,65,248818
2558,0.00065,172.217.194.0-255,5738,51832,65,248818
2559,0.000652,172.31.40.0-255,66,51898,65,248818
2560,0.00069,172.217.194.0-255,7156,59054,65,248818
2561,0.000694,172.31.40.0-255,66,59120,65,248818
2562,0.000708,172.31.40.0-255,66,59186,65,248818
2563,0.000974,172.217.194.0-255,1484,60670,65,248818
2564,0.000993,172.217.194.0-255,2902,63572,65,248818
2565,0.000999,172.31.40.0-255,66,63638,65,248818
2566,0.001011,172.217.194.0-255,5738,69376,65,248818
2567,0.001014,172.31.40.0-255,66,69442,65,248818
2568,0.001023,172.217.194.0-255,2902,72344,65,248818
2569,0.001025,172.31.40.0-255,66,72410,65,248818
2570,0.001069,172.31.40.0-255,66,72476,65,248818
2571,0.001076,172.217.194.0-255,7156,79632,65,248818
2572,0.001079,172.31.40.0-255,66,79698,65,248818
2573,0.001104,172.217.194.0-255,3602,83300,65,248818
2574,0.001106,172.31.40.0-255,66,83366,65,248818
2575,0.001266,172.217.194.0-255,1484,84850,65,248818
2576,0.001271,172.217.194.0-255,2902,87752,65,248818
2577,0.001276,172.31.40.0-255,66,87818,65,248818
2578,0.001308,172.217.194.0-255,5738,93556,65,248818
2579,0.001311,172.31.40.0-255,66,93622,65,248818
2580,0.001319,172.217.194.0-255,7156,100778,65,248818
2581,0.001321,172.31.40.0-255,66,100844,65,248818
2582,0.001364,172.31.40.0-255,66,100910,65,248818
2583,0.001369,172.217.194.0-255,2184,103094,65,248818
2584,0.001371,172.31.40.0-255,66,103160,65,248818
2585,0.001431,172.217.194.0-255,1484,104644,65,248818
2586,0.001452,172.217.194.0-255,2902,107546,65,248818
2587,0.001456,172.31.40.0-255,66,107612,65,248818
2588,0.001463,172.217.194.0-255,5738,113350,65,248818
2589,0.001465,172.31.40.0-255,66,113416,65,248818
2590,0.001472,172.217.194.0-255,1484,114900,65,248818
2591,0.001507,172.31.40.0-255,66,114966,65,248818
2592,0.001519,172.217.194.0-255,4320,119286,65,248818
2593,0.001521,172.31.40.0-255,66,119352,65,248818
2594,0.001559,172.217.194.0-255,6438,125790,65,248818
2595,0.001562,172.31.40.0-255,66,125856,65,248818
2596,0.001574,172.31.40.0-255,66,125922,65,248818
2597,0.001593,172.31.40.0-255,66,125988,65,248818
2598,0.001653,172.217.194.0-255,6438,132426,65,248818
2599,0.001656,172.31.40.0-255,66,132492,65,248818
2600,0.001861,172.217.194.0-255,1484,133976,65,248818
2601,0.001889,172.217.194.0-255,2902,136878,65,248818
2602,0.001893,172.31.40.0-255,66,136944,65,248818
2603,0.0019,172.217.194.0-255,5738,142682,65,248818
2604,0.001902,172.31.40.0-255,66,142748,65,248818
2605,0.001915,172.217.194.0-255,7156,149904,65,248818
2606,0.001917,172.31.40.0-255,66,149970,65,248818
2607,0.001958,172.217.194.0-255,5738,155708,65,248818
2608,0.001962,172.31.40.0-255,66,155774,65,248818
2609,0.001974,172.31.40.0-255,66,155840,65,248818
2610,0.002045,172.217.194.0-255,1484,157324,65,248818
2611,0.002052,172.217.194.0-255,2902,160226,65,248818
2612,0.002054,172.31.40.0-255,66,160292,65,248818
2613,0.002059,172.217.194.0-255,2902,163194,65,248818
2614,0.002061,172.31.40.0-255,66,163260,65,248818
2615,0.00209,172.217.194.0-255,2902,166162,65,248818
2616,0.002093,172.31.40.0-255,66,166228,65,248818
2617,0.002107,172.31.40.0-255,66,166294,65,248818
2618,0.00213,172.217.194.0-255,2902,169196,65,248818
2619,0.002132,172.31.40.0-255,66,169262,65,248818
2620,0.002164,172.31.40.0-255,66,169328,65,248818
2621,0.002213,172.217.194.0-255,1484,170812,65,248818
2622,0.002231,172.217.194.0-255,2902,173714,65,248818
2623,0.002234,172.31.40.0-255,66,173780,65,248818
2624,0.002241,172.217.194.0-255,5738,179518,65,248818
2625,0.002243,172.31.40.0-255,66,179584,65,248818
2626,0.002257,172.217.194.0-255,1484,181068,65,248818
2627,0.002304,172.31.40.0-255,66,181134,65,248818
2628,0.002322,172.31.40.0-255,66,181200,65,248818
2629,0.002376,172.217.194.0-255,1484,182684,65,248818
2630,0.002381,172.217.194.0-255,1484,184168,65,248818
2631,0.002384,172.31.40.0-255,66,184234,65,248818
2632,0.002408,172.217.194.0-255,1484,185718,65,248818
2633,0.002414,172.217.194.0-255,2902,188620,65,248818
2634,0.002417,172.31.40.0-255,66,188686,65,248818
2635,0.002434,172.217.194.0-255,1484,190170,65,248818
2636,0.002445,172.217.194.0-255,1484,191654,65,248818
2637,0.002447,172.31.40.0-255,66,191720,65,248818
2638,0.002455,172.217.194.0-255,5738,197458,65,248818
2639,0.002457,172.31.40.0-255,66,197524,65,248818
2640,0.002488,172.217.194.0-255,7156,204680,65,248818
2641,0.002491,172.31.40.0-255,66,204746,65,248818
2642,0.002498,172.217.194.0-255,7156,211902,65,248818
2643,0.002501,172.31.40.0-255,66,211968,65,248818
2644,0.002543,172.217.194.0-255,3602,215570,65,248818
2645,0.002546,172.31.40.0-255,66,215636,65,248818
2646,0.004941,172.217.194.0-255,1484,217120,65,248818
2647,0.004981,172.217.194.0-255,4320,221440,65,248818
2648,0.004986,172.31.40.0-255,66,221506,65,248818
2649,0.007441,172.217.194.0-255,5738,227244,65,248818
2650,0.007447,172.31.40.0-255,66,227310,65,248818
2651,0.009896,172.217.194.0-255,5738,233048,65,248818
2652,0.0099,172.31.40.0-255,66,233114,65,248818
2653,0.012334,172.217.194.0-255,5738,238852,65,248818
2654,0.012343,172.31.40.0-255,66,238918,65,248818
2655,0.014777,172.217.194.0-255,5738,244656,65,248818
2656,0.014784,172.31.40.0-255,66,244722,65,248818
2657,0.017237,172.217.194.0-255,3859,248581,65,248818
2658,0.017244,172.31.40.0-255,66,248647,65,248818
2659,0.017411,172.31.40.0-255,105,248752,65,248818
2660,0.019843,172.217.194.0-255,66,248818,65,248818
2661,0.0,172.217.194.0-255,152,152,65,169679
2662,2.2e-05,172.31.40.0-255,66,218,65,169679
2663,2.9e-05,172.217.194.0-255,1484,1702,65,169679
2664,3.4e-05,172.31.40.0-255,66,1768,65,169679
2665,4.7e-05,172.217.194.0-255,2902,4670,65,169679
2666,5e-05,172.31.40.0-255,66,4736,65,169679
2667,5.8e-05,172.217.194.0-255,7156,11892,65,169679
2668,6.1e-05,172.31.40.0-255,66,11958,65,169679
2669,0.000109,172.31.40.0-255,66,12024,65,169679
2670,0.000113,172.217.194.0-255,2543,14567,65,169679
2671,0.000116,172.31.40.0-255,66,14633,65,169679
2672,0.000149,172.217.194.0-255,1484,16117,65,169679
2673,0.000152,172.31.40.0-255,66,16183,65,169679
2674,0.000157,172.217.194.0-255,2902,19085,65,169679
2675,0.000159,172.31.40.0-255,66,19151,65,169679
2676,0.000169,172.217.194.0-255,5738,24889,65,169679
2677,0.000172,172.31.40.0-255,66,24955,65,169679
2678,0.000179,172.217.194.0-255,4320,29275,65,169679
2679,0.000181,172.31.40.0-255,66,29341,65,169679
2680,0.000209,172.217.194.0-255,4320,33661,65,169679
2681,0.000212,172.31.40.0-255,66,33727,65,169679
2682,0.000251,172.31.40.0-255,66,33793,65,169679
2683,0.000258,172.217.194.0-255,7088,40881,65,169679
2684,0.00026,172.31.40.0-255,66,40947,65,169679
2685,0.000262,172.217.194.0-255,99,41046,65,169679
2686,0.000264,172.31.40.0-255,66,41112,65,169679
2687,0.000331,172.217.194.0-255,1484,42596,65,169679
2688,0.000334,172.31.40.0-255,66,42662,65,169679
2689,0.000339,172.217.194.0-255,2902,45564,65,169679
2690,0.000341,172.31.40.0-255,66,45630,65,169679
2691,0.000352,172.217.194.0-255,5738,51368,65,169679
2692,0.000354,172.31.40.0-255,66,51434,65,169679
2693,0.000357,172.217.194.0-255,1484,52918,65,169679
2694,0.000389,172.217.194.0-255,5379,58297,65,169679
2695,0.000392,172.31.40.0-255,66,58363,65,169679
2696,0.000412,172.31.40.0-255,66,58429,65,169679
2697,0.000415,172.217.194.0-255,1484,59913,65,169679
2698,0.000456,172.31.40.0-255,66,59979,65,169679
2699,0.000497,172.31.40.0-255,66,60045,65,169679
2700,0.000634,172.217.194.0-255,1484,61529,65,169679
2701,0.00065,172.217.194.0-255,2902,64431,65,169679
2702,0.000654,172.31.40.0-255,66,64497,65,169679
2703,0.000661,172.217.194.0-255,5738,70235,65,169679
2704,0.000664,172.31.40.0-255,66,70301,65,169679
2705,0.000673,172.217.194.0-255,4320,74621,65,169679
2706,0.000676,172.31.40.0-255,66,74687,65,169679
2707,0.000717,172.31.40.0-255,66,74753,65,169679
2708,0.000742,172.217.194.0-255,1484,76237,65,169679
2709,0.000748,172.217.194.0-255,3602,79839,65,169679
2710,0.00075,172.31.40.0-255,66,79905,65,169679
2711,0.000755,172.217.194.0-255,4320,84225,65,169679
2712,0.000758,172.31.40.0-255,66,84291,65,169679
2713,0.000763,172.217.194.0-255,4320,88611,65,169679
2714,0.00077,172.31.40.0-255,66,88677,65,169679
2715,0.000803,172.217.194.0-255,5738,94415,65,169679
2716,0.000806,172.31.40.0-255,66,94481,65,169679
2717,0.000809,172.217.194.0-255,1484,95965,65,169679
2718,0.000844,172.31.40.0-255,66,96031,65,169679
2719,0.000867,172.31.40.0-255,66,96097,65,169679
2720,0.000899,172.217.194.0-255,1484,97581,65,169679
2721,0.000904,172.217.194.0-255,2902,100483,65,169679
2722,0.000907,172.31.40.0-255,66,100549,65,169679
2723,0.000934,172.217.194.0-255,5738,106287,65,169679
2724,0.000937,172.31.40.0-255,66,106353,65,169679
2725,0.00094,172.217.194.0-255,1484,107837,65,169679
2726,0.000979,172.217.194.0-255,4320,112157,65,169679
2727,0.000999,172.217.194.0-255,6438,118595,65,169679
2728,0.001053,172.31.40.0-255,66,118661,65,169679
2729,0.001061,172.217.194.0-255,1484,120145,65,169679
2730,0.001066,172.217.194.0-255,2902,123047,65,169679
2731,0.001076,172.217.194.0-255,5738,128785,65,169679
2732,0.001098,172.217.194.0-255,5738,134523,65,169679
2733,0.00112,172.217.194.0-255,5020,139543,65,169679
2734,0.001134,172.31.40.0-255,66,139609,65,169679
2735,0.001144,172.217.194.0-255,1484,141093,65,169679
2736,0.001167,172.217.194.0-255,2902,143995,65,169679
2737,0.001173,172.217.194.0-255,5738,149733,65,169679
2738,0.001193,172.217.194.0-255,5738,155471,65,169679
2739,0.001207,172.217.194.0-255,7156,162627,65,169679
2740,0.001214,172.31.40.0-255,66,162693,65,169679
2741,0.001286,172.31.40.0-255,66,162759,65,169679
2742,0.001363,172.31.40.0-255,66,162825,65,169679
2743,0.001389,172.31.40.0-255,66,162891,65,169679
2744,0.001443,172.31.40.0-255,66,162957,65,169679
2745,0.001453,172.217.194.0-255,3243,166200,65,169679
2746,0.001474,172.31.40.0-255,66,166266,65,169679
2747,0.001499,172.217.194.0-255,3242,169508,65,169679
2748,0.00152,172.31.40.0-255,66,169574,65,169679
2749,0.001527,172.217.194.0-255,105,169679,65,169679
2750,0.0,74.125.24.0-255,153,153,65,240440
2751,2.3e-05,172.31.40.0-255,66,219,65,240440
2752,3e-05,74.125.24.0-255,1484,1703,65,240440
2753,3.5e-05,172.31.40.0-255,66,1769,65,240440
2754,4e-05,74.125.24.0-255,2902,4671,65,240440
2755,4.3e-05,172.31.40.0-255,66,4737,65,240440
2756,5.1e-05,74.125.24.0-255,7156,11893,65,240440
2757,5.4e-05,172.31.40.0-255,66,11959,65,240440
2758,5.7e-05,74.125.24.0-255,1484,13443,65,240440
2759,6e-05,172.31.40.0-255,66,13509,65,240440
2760,0.000123,172.31.40.0-255,66,13575,65,240440
2761,0.000139,172.31.40.0-255,66,13641,65,240440
2762,0.000145,74.125.24.0-255,5020,18661,65,240440
2763,0.000147,172.31.40.0-255,66,18727,65,240440
2764,0.000692,74.125.24.0-255,1484,20211,65,240440
2765,0.000698,172.31.40.0-255,66,20277,65,240440
2766,0.000705,74.125.24.0-255,2902,23179,65,240440
2767,0.000708,172.31.40.0-255,66,23245,65,240440
2768,0.000714,74.125.24.0-255,5738,28983,65,240440
2769,0.000716,172.31.40.0-255,66,29049,65,240440
2770,0.000773,74.125.24.0-255,7131,36180,65,240440
2771,0.000777,172.31.40.0-255,66,36246,65,240440
2772,0.001013,74.125.24.0-255,1484,37730,65,240440
2773,0.001018,172.31.40.0-255,66,37796,65,240440
2774,0.001022,74.125.24.0-255,1484,39280,65,240440
2775,0.001025,172.31.40.0-255,66,39346,65,240440
2776,0.001039,74.125.24.0-255,1484,40830,65,240440
2777,0.001041,172.31.40.0-255,66,40896,65,240440
2778,0.001048,74.125.24.0-255,5738,46634,65,240440
2779,0.001051,172.31.40.0-255,66,46700,65,240440
2780,0.001062,172.31.40.0-255,66,46766,65,240440
2781,0.001086,74.125.24.0-255,4320,51086,65,240440
2782,0.001089,172.31.40.0-255,66,51152,65,240440
2783,0.001095,74.125.24.0-255,7156,58308,65,240440
2784,0.001097,172.31.40.0-255,66,58374,65,240440
2785,0.001118,74.125.24.0-255,1484,59858,65,240440
2786,0.001137,74.125.24.0-255,2184,62042,65,240440
2787,0.00114,172.31.40.0-255,66,62108,65,240440
2788,0.001208,74.125.24.0-255,1484,63592,65,240440
2789,0.001252,74.125.24.0-255,2902,66494,65,240440
2790,0.001255,172.31.40.0-255,66,66560,65,240440
2791,0.001263,74.125.24.0-255,5738,72298,65,240440
2792,0.001265,172.31.40.0-255,66,72364,65,240440
2793,0.001271,74.125.24.0-255,4320,76684,65,240440
2794,0.001273,172.31.40.0-255,66,76750,65,240440
2795,0.001309,172.31.40.0-255,66,76816,65,240440
2796,0.001322,172.31.40.0-255,66,76882,65,240440
2797,0.001327,74.125.24.0-255,2902,79784,65,240440
2798,0.001329,172.31.40.0-255,66,79850,65,240440
2799,0.001343,74.125.24.0-255,2902,82752,65,240440
2800,0.001346,172.31.40.0-255,66,82818,65,240440
2801,0.001366,172.31.40.0-255,66,82884,65,240440
2802,0.001411,74.125.24.0-255,1484,84368,65,240440
2803,0.001424,74.125.24.0-255,4320,88688,65,240440
2804,0.001427,172.31.40.0-255,66,88754,65,240440
2805,0.001449,74.125.24.0-255,7156,95910,65,240440
2806,0.001451,172.31.40.0-255,66,95976,65,240440
2807,0.001475,74.125.24.0-255,6438,102414,65,240440
2808,0.001478,172.31.40.0-255,66,102480,65,240440
2809,0.001491,74.125.24.0-255,2902,105382,65,240440
2810,0.001494,172.31.40.0-255,66,105448,65,240440
2811,0.00153,172.31.40.0-255,66,105514,65,240440
2812,0.001542,172.31.40.0-255,66,105580,65,240440
2813,0.001609,74.125.24.0-255,1484,107064,65,240440
2814,0.001629,74.125.24.0-255,2902,109966,65,240440
2815,0.001632,172.31.40.0-255,66,110032,65,240440
2816,0.001637,74.125.24.0-255,2902,112934,65,240440
2817,0.001639,172.31.40.0-255,66,113000,65,240440
2818,0.001653,74.125.24.0-255,2902,115902,65,240440
2819,0.001657,172.31.40.0-255,66,115968,65,240440
2820,0.001678,74.125.24.0-255,4320,120288,65,240440
2821,0.001681,172.31.40.0-255,66,120354,65,240440
2822,0.001722,172.31.40.0-255,66,120420,65,240440
2823,0.001767,74.125.24.0-255,5738,126158,65,240440
2824,0.001771,172.31.40.0-255,66,126224,65,240440
2825,0.001804,74.125.24.0-255,4320,130544,65,240440
2826,0.001835,172.31.40.0-255,66,130610,65,240440
2827,0.001864,74.125.24.0-255,1484,132094,65,240440
2828,0.001877,74.125.24.0-255,2902,134996,65,240440
2829,0.001889,74.125.24.0-255,2902,137898,65,240440
2830,0.001892,172.31.40.0-255,66,137964,65,240440
2831,0.001901,74.125.24.0-255,2902,140866,65,240440
2832,0.001913,74.125.24.0-255,2902,143768,65,240440
2833,0.001917,172.31.40.0-255,66,143834,65,240440
2834,0.001925,74.125.24.0-255,2902,146736,65,240440
2835,0.001938,74.125.24.0-255,4320,151056,65,240440
2836,0.001952,74.125.24.0-255,2902,153958,65,240440
2837,0.001962,172.31.40.0-255,66,154024,65,240440
2838,0.001975,74.125.24.0-255,7156,161180,65,240440
2839,0.001992,74.125.24.0-255,1484,162664,65,240440
2840,0.002004,74.125.24.0-255,2184,164848,65,240440
2841,0.00202,172.31.40.0-255,66,164914,65,240440
2842,0.002077,74.125.24.0-255,1484,166398,65,240440
2843,0.002082,74.125.24.0-255,2902,169300,65,240440
2844,0.002086,74.125.24.0-255,2902,172202,65,240440
2845,0.002111,74.125.24.0-255,2902,175104,65,240440
2846,0.002117,74.125.24.0-255,4320,179424,65,240440
2847,0.002121,172.31.40.0-255,66,179490,65,240440
2848,0.002131,74.125.24.0-255,4320,183810,65,240440
2849,0.002142,172.31.40.0-255,66,183876,65,240440
2850,0.002146,74.125.24.0-255,1484,185360,65,240440
2851,0.002164,74.125.24.0-255,5738,191098,65,240440
2852,0.002184,74.125.24.0-255,2902,194000,65,240440
2853,0.002191,74.125.24.0-255,5020,199020,65,240440
2854,0.002198,172.31.40.0-255,66,199086,65,240440
2855,0.004568,74.125.24.0-255,5738,204824,65,240440
2856,0.004575,172.31.40.0-255,66,204890,65,240440
2857,0.006949,74.125.24.0-255,5738,210628,65,240440
2858,0.006954,172.31.40.0-255,66,210694,65,240440
2859,0.00931,74.125.24.0-255,2902,213596,65,240440
2860,0.009316,172.31.40.0-255,66,213662,65,240440
2861,0.009338,74.125.24.0-255,2902,216564,65,240440
2862,0.00934,172.31.40.0-255,66,216630,65,240440
2863,0.01167,74.125.24.0-255,2902,219532,65,240440
2864,0.011676,172.31.40.0-255,66,219598,65,240440
2865,0.011712,74.125.24.0-255,1484,221082,65,240440
2866,0.011722,74.125.24.0-255,1484,222566,65,240440
2867,0.011724,172.31.40.0-255,66,222632,65,240440
2868,0.014029,74.125.24.0-255,2902,225534,65,240440
2869,0.014037,172.31.40.0-255,66,225600,65,240440
2870,0.014131,74.125.24.0-255,2902,228502,65,240440
2871,0.014135,172.31.40.0-255,66,228568,65,240440
2872,0.016429,74.125.24.0-255,2902,231470,65,240440
2873,0.016435,172.31.40.0-255,66,231536,65,240440
2874,0.016558,74.125.24.0-255,2902,234438,65,240440
2875,0.016562,172.31.40.0-255,66,234504,65,240440
2876,0.018787,74.125.24.0-255,2902,237406,65,240440
2877,0.018796,172.31.40.0-255,66,237472,65,240440
2878,0.018926,74.125.24.0-255,2902,240374,65,240440
2879,0.01893,172.31.40.0-255,66,240440,65,240440
2880,0.0,172.217.194.0-255,302,302,65,176377
2881,3.5e-05,172.31.40.0-255,66,368,65,176377
2882,4.1e-05,172.217.194.0-255,1484,1852,65,176377
2883,4.4e-05,172.31.40.0-255,66,1918,65,176377
2884,5e-05,172.217.194.0-255,4320,6238,65,176377
2885,5.2e-05,172.31.40.0-255,66,6304,65,176377
2886,6.3e-05,172.31.40.0-255,66,6370,65,176377
2887,6.6e-05,172.217.194.0-255,1484,7854,65,176377
2888,6.9e-05,172.31.40.0-255,66,7920,65,176377
2889,0.000109,172.31.40.0-255,66,7986,65,176377
2890,0.000112,172.217.194.0-255,1125,9111,65,176377
2891,0.000114,172.31.40.0-255,66,9177,65,176377
2892,0.000171,172.217.194.0-255,1484,10661,65,176377
2893,0.000174,172.31.40.0-255,66,10727,65,176377
2894,0.000178,172.217.194.0-255,2902,13629,65,176377
2895,0.00018,172.31.40.0-255,66,13695,65,176377
2896,0.000204,172.217.194.0-255,5738,19433,65,176377
2897,0.000208,172.31.40.0-255,66,19499,65,176377
2898,0.00022,172.31.40.0-255,66,19565,65,176377
2899,0.000252,172.217.194.0-255,2902,22467,65,176377
2900,0.000255,172.31.40.0-255,66,22533,65,176377
2901,0.000268,172.31.40.0-255,66,22599,65,176377
2902,0.000271,172.217.194.0-255,1077,23676,65,176377
2903,0.000273,172.31.40.0-255,66,23742,65,176377
2904,0.000322,172.217.194.0-255,98,23840,65,176377
2905,0.000327,172.31.40.0-255,66,23906,65,176377
2906,0.000521,172.217.194.0-255,1484,25390,65,176377
2907,0.000527,172.31.40.0-255,66,25456,65,176377
2908,0.000533,172.217.194.0-255,2902,28358,65,176377
2909,0.000535,172.31.40.0-255,66,28424,65,176377
2910,0.000556,172.217.194.0-255,4320,32744,65,176377
2911,0.000559,172.31.40.0-255,66,32810,65,176377
2912,0.000573,172.217.194.0-255,1484,34294,65,176377
2913,0.000586,172.31.40.0-255,66,34360,65,176377
2914,0.000611,172.217.194.0-255,4320,38680,65,176377
2915,0.000615,172.31.40.0-255,66,38746,65,176377
2916,0.000627,172.31.40.0-255,66,38812,65,176377
2917,0.000629,172.217.194.0-255,766,39578,65,176377
2918,0.000678,172.217.194.0-255,1484,41062,65,176377
2919,0.000682,172.31.40.0-255,66,41128,65,176377
2920,0.000688,172.217.194.0-255,4320,45448,65,176377
2921,0.000693,172.31.40.0-255,66,45514,65,176377
2922,0.000707,172.217.194.0-255,5738,51252,65,176377
2923,0.00071,172.31.40.0-255,66,51318,65,176377
2924,0.000736,172.217.194.0-255,1484,52802,65,176377
2925,0.000741,172.217.194.0-255,2902,55704,65,176377
2926,0.000744,172.31.40.0-255,66,55770,65,176377
2927,0.000778,172.31.40.0-255,66,55836,65,176377
2928,0.000783,172.217.194.0-255,3693,59529,65,176377
2929,0.000785,172.31.40.0-255,66,59595,65,176377
2930,0.000796,172.31.40.0-255,66,59661,65,176377
2931,0.000843,172.31.40.0-255,66,59727,65,176377
2932,0.000856,172.31.40.0-255,66,59793,65,176377
2933,0.000974,172.217.194.0-255,1484,61277,65,176377
2934,0.000981,172.217.194.0-255,2902,64179,65,176377
2935,0.000985,172.31.40.0-255,66,64245,65,176377
2936,0.000992,172.217.194.0-255,5738,69983,65,176377
2937,0.000995,172.31.40.0-255,66,70049,65,176377
2938,0.001027,172.31.40.0-255,66,70115,65,176377
2939,0.001047,172.217.194.0-255,1484,71599,65,176377
2940,0.001074,172.31.40.0-255,66,71665,65,176377
2941,0.001092,172.217.194.0-255,766,72431,65,176377
2942,0.001571,172.217.194.0-255,1484,73915,65,176377
2943,0.001577,172.31.40.0-255,66,73981,65,176377
2944,0.001583,172.217.194.0-255,2902,76883,65,176377
2945,0.001586,172.31.40.0-255,66,76949,65,176377
2946,0.001592,172.217.194.0-255,4320,81269,65,176377
2947,0.001594,172.31.40.0-255,66,81335,65,176377
2948,0.001624,172.217.194.0-255,1484,82819,65,176377
2949,0.001637,172.31.40.0-255,66,82885,65,176377
2950,0.001713,172.31.40.0-255,66,82951,65,176377
2951,0.001727,172.31.40.0-255,66,83017,65,176377
2952,0.001731,172.217.194.0-255,2902,85919,65,176377
2953,0.001733,172.31.40.0-255,66,85985,65,176377
2954,0.001786,172.31.40.0-255,66,86051,65,176377
2955,0.001793,172.217.194.0-255,6438,92489,65,176377
2956,0.001795,172.31.40.0-255,66,92555,65,176377
2957,0.001798,172.217.194.0-255,1484,94039,65,176377
2958,0.001824,172.217.194.0-255,2902,96941,65,176377
2959,0.001828,172.31.40.0-255,66,97007,65,176377
2960,0.001834,172.217.194.0-255,5738,102745,65,176377
2961,0.001836,172.31.40.0-255,66,102811,65,176377
2962,0.00187,172.31.40.0-255,66,102877,65,176377
2963,0.00189,172.217.194.0-255,2902,105779,65,176377
2964,0.001892,172.31.40.0-255,66,105845,65,176377
2965,0.001903,172.31.40.0-255,66,105911,65,176377
2966,0.001908,172.217.194.0-255,2184,108095,65,176377
2967,0.00191,172.31.40.0-255,66,108161,65,176377
2968,0.001954,172.217.194.0-255,2902,111063,65,176377
2969,0.001958,172.31.40.0-255,66,111129,65,176377
2970,0.001963,172.217.194.0-255,4320,115449,65,176377
2971,0.001965,172.31.40.0-255,66,115515,65,176377
2972,0.00197,172.217.194.0-255,2902,118417,65,176377
2973,0.001973,172.31.40.0-255,66,118483,65,176377
2974,0.002003,172.217.194.0-255,5738,124221,65,176377
2975,0.002007,172.31.40.0-255,66,124287,65,176377
2976,0.002049,172.31.40.0-255,66,124353,65,176377
2977,0.00208,172.31.40.0-255,66,124419,65,176377
2978,0.002082,172.217.194.0-255,1484,125903,65,176377
2979,0.002088,172.217.194.0-255,2902,128805,65,176377
2980,0.00209,172.31.40.0-255,66,128871,65,176377
2981,0.002096,172.217.194.0-255,5738,134609,65,176377
2982,0.002099,172.31.40.0-255,66,134675,65,176377
2983,0.002127,172.217.194.0-255,7156,141831,65,176377
2984,0.00213,172.31.40.0-255,66,141897,65,176377
2985,0.002157,172.217.194.0-255,5738,147635,65,176377
2986,0.00216,172.31.40.0-255,66,147701,65,176377
2987,0.002171,172.31.40.0-255,66,147767,65,176377
2988,0.002198,172.217.194.0-255,5020,152787,65,176377
2989,0.002201,172.31.40.0-255,66,152853,65,176377
2990,0.002205,172.217.194.0-255,2902,155755,65,176377
2991,0.002207,172.31.40.0-255,66,155821,65,176377
2992,0.002238,172.217.194.0-255,4320,160141,65,176377
2993,0.002242,172.31.40.0-255,66,160207,65,176377
2994,0.00227,172.31.40.0-255,66,160273,65,176377
2995,0.002286,172.217.194.0-255,2902,163175,65,176377
2996,0.002288,172.31.40.0-255,66,163241,65,176377
2997,0.002291,172.217.194.0-255,1484,164725,65,176377
2998,0.002318,172.217.194.0-255,5738,170463,65,176377
2999,0.002321,172.31.40.0-255,66,170529,65,176377
3000,0.002345,172.217.194.0-255,5440,175969,65,176377
3001,0.002349,172.31.40.0-255,66,176035,65,176377
3002,0.002352,172.217.194.0-255,105,176140,65,176377
3003,0.004658,172.31.40.0-255,66,176206,65,176377
3004,0.004697,172.31.40.0-255,105,176311,65,176377
3005,0.007351,172.217.194.0-255,66,176377,65,176377
3006,0.0,172.217.194.0-255,152,152,65,225514
3007,1.5e-05,172.31.40.0-255,66,218,65,225514
3008,2.2e-05,172.217.194.0-255,1484,1702,65,225514
3009,2.6e-05,172.31.40.0-255,66,1768,65,225514
3010,3.3e-05,172.217.194.0-255,2902,4670,65,225514
3011,3.6e-05,172.31.40.0-255,66,4736,65,225514
3012,4.4e-05,172.217.194.0-255,7156,11892,65,225514
3013,4.7e-05,172.31.40.0-255,66,11958,65,225514
3014,6.5e-05,172.217.194.0-255,2133,14091,65,225514
3015,6.7e-05,172.31.40.0-255,66,14157,65,225514
3016,9.3e-05,172.217.194.0-255,2902,17059,65,225514
3017,9.6e-05,172.31.40.0-255,66,17125,65,225514
3018,0.000123,172.217.194.0-255,7156,24281,65,225514
3019,0.000126,172.31.40.0-255,66,24347,65,225514
3020,0.000164,172.217.194.0-255,4320,28667,65,225514
3021,0.000167,172.31.40.0-255,66,28733,65,225514
3022,0.000185,172.217.194.0-255,2543,31276,65,225514
3023,0.000188,172.31.40.0-255,66,31342,65,225514
3024,0.000213,172.217.194.0-255,4320,35662,65,225514
3025,0.000216,172.31.40.0-255,66,35728,65,225514
3026,0.000227,172.217.194.0-255,1484,37212,65,225514
3027,0.00023,172.31.40.0-255,66,37278,65,225514
3028,0.000238,172.217.194.0-255,7156,44434,65,225514
3029,0.000241,172.31.40.0-255,66,44500,65,225514
3030,0.000283,172.31.40.0-255,66,44566,65,225514
3031,0.000304,172.217.194.0-255,1125,45691,65,225514
3032,0.000306,172.31.40.0-255,66,45757,65,225514
3033,0.000312,172.217.194.0-255,5379,51136,65,225514
3034,0.000315,172.31.40.0-255,66,51202,65,225514
3035,0.000362,172.217.194.0-255,370,51572,65,225514
3036,0.000365,172.31.40.0-255,66,51638,65,225514
3037,0.000407,172.217.194.0-255,374,52012,65,225514
3038,0.000807,172.217.194.0-255,1484,53496,65,225514
3039,0.000812,172.31.40.0-255,66,53562,65,225514
3040,0.000818,172.217.194.0-255,2902,56464,65,225514
3041,0.00082,172.31.40.0-255,66,56530,65,225514
3042,0.000827,172.217.194.0-255,5738,62268,65,225514
3043,0.000829,172.31.40.0-255,66,62334,65,225514
3044,0.000843,172.217.194.0-255,1484,63818,65,225514
3045,0.00087,172.31.40.0-255,66,63884,65,225514
3046,0.000889,172.217.194.0-255,5738,69622,65,225514
3047,0.000892,172.31.40.0-255,66,69688,65,225514
3048,0.000919,172.217.194.0-255,5020,74708,65,225514
3049,0.000922,172.31.40.0-255,66,74774,65,225514
3050,0.001729,172.217.194.0-255,1484,76258,65,225514
3051,0.001739,172.217.194.0-255,2902,79160,65,225514
3052,0.001744,172.31.40.0-255,66,79226,65,225514
3053,0.001753,172.217.194.0-255,5738,84964,65,225514
3054,0.001755,172.31.40.0-255,66,85030,65,225514
3055,0.001772,172.217.194.0-255,5738,90768,65,225514
3056,0.001775,172.31.40.0-255,66,90834,65,225514
3057,0.001796,172.217.194.0-255,7156,97990,65,225514
3058,0.001798,172.31.40.0-255,66,98056,65,225514
3059,0.001801,172.217.194.0-255,1484,99540,65,225514
3060,0.001855,172.31.40.0-255,66,99606,65,225514
3061,0.002025,172.217.194.0-255,1484,101090,65,225514
3062,0.002034,172.217.194.0-255,2902,103992,65,225514
3063,0.002038,172.31.40.0-255,66,104058,65,225514
3064,0.002063,172.217.194.0-255,5738,109796,65,225514
3065,0.002066,172.31.40.0-255,66,109862,65,225514
3066,0.002083,172.217.194.0-255,4320,114182,65,225514
3067,0.002086,172.31.40.0-255,66,114248,65,225514
3068,0.002117,172.31.40.0-255,66,114314,65,225514
3069,0.002121,172.217.194.0-255,1484,115798,65,225514
3070,0.002136,172.217.194.0-255,4320,120118,65,225514
3071,0.002138,172.31.40.0-255,66,120184,65,225514
3072,0.002159,172.217.194.0-255,5020,125204,65,225514
3073,0.002161,172.31.40.0-255,66,125270,65,225514
3074,0.002242,172.217.194.0-255,1484,126754,65,225514
3075,0.002248,172.217.194.0-255,2902,129656,65,225514
3076,0.002251,172.31.40.0-255,66,129722,65,225514
3077,0.002265,172.217.194.0-255,1484,131206,65,225514
3078,0.002281,172.217.194.0-255,4320,135526,65,225514
3079,0.002285,172.31.40.0-255,66,135592,65,225514
3080,0.002316,172.31.40.0-255,66,135658,65,225514
3081,0.002328,172.31.40.0-255,66,135724,65,225514
3082,0.002345,172.217.194.0-255,3602,139326,65,225514
3083,0.002347,172.31.40.0-255,66,139392,65,225514
3084,0.002389,172.31.40.0-255,66,139458,65,225514
3085,0.002392,172.217.194.0-255,1484,140942,65,225514
3086,0.002396,172.217.194.0-255,2902,143844,65,225514
3087,0.002399,172.31.40.0-255,66,143910,65,225514
3088,0.002428,172.217.194.0-255,2902,146812,65,225514
3089,0.00243,172.31.40.0-255,66,146878,65,225514
3090,0.002453,172.217.194.0-255,5738,152616,65,225514
3091,0.002457,172.31.40.0-255,66,152682,65,225514
3092,0.002459,172.217.194.0-255,1484,154166,65,225514
3093,0.002462,172.31.40.0-255,78,154244,65,225514
3094,0.00247,172.217.194.0-255,7156,161400,65,225514
3095,0.002474,172.31.40.0-255,78,161478,65,225514
3096,0.002511,172.217.194.0-255,5020,166498,65,225514
3097,0.002515,172.31.40.0-255,66,166564,65,225514
3098,0.002528,172.31.40.0-255,66,166630,65,225514
3099,0.002547,172.31.40.0-255,66,166696,65,225514
3100,0.002549,172.217.194.0-255,1484,168180,65,225514
3101,0.002553,172.217.194.0-255,1484,169664,65,225514
3102,0.002555,172.31.40.0-255,66,169730,65,225514
3103,0.002582,172.217.194.0-255,5738,175468,65,225514
3104,0.002585,172.31.40.0-255,66,175534,65,225514
3105,0.002606,172.217.194.0-255,7156,182690,65,225514
3106,0.002608,172.31.40.0-255,66,182756,65,225514
3107,0.002641,172.31.40.0-255,66,182822,65,225514
3108,0.002652,172.31.40.0-255,66,182888,65,225514
3109,0.002655,172.217.194.0-255,1484,184372,65,225514
3110,0.002657,172.31.40.0-255,78,184450,65,225514
3111,0.00266,172.217.194.0-255,1484,185934,65,225514
3112,0.002663,172.31.40.0-255,66,186000,65,225514
3113,0.002667,172.217.194.0-255,2184,188184,65,225514
3114,0.002669,172.31.40.0-255,66,188250,65,225514
3115,0.002676,172.217.194.0-255,5738,193988,65,225514
3116,0.002678,172.31.40.0-255,66,194054,65,225514
3117,0.00272,172.217.194.0-255,4320,198374,65,225514
3118,0.002723,172.31.40.0-255,66,198440,65,225514
3119,0.002737,172.217.194.0-255,2902,201342,65,225514
3120,0.002739,172.31.40.0-255,66,201408,65,225514
3121,0.002742,172.217.194.0-255,1484,202892,65,225514
3122,0.002747,172.217.194.0-255,2902,205794,65,225514
3123,0.002749,172.31.40.0-255,66,205860,65,225514
3124,0.002762,172.31.40.0-255,66,205926,65,225514
3125,0.002779,172.31.40.0-255,66,205992,65,225514
3126,0.002784,172.217.194.0-255,4320,210312,65,225514
3127,0.002787,172.31.40.0-255,66,210378,65,225514
3128,0.002794,172.217.194.0-255,7156,217534,65,225514
3129,0.002867,172.217.194.0-255,4320,221854,65,225514
3130,0.002872,172.217.194.0-255,2968,224822,65,225514
3131,0.002875,172.217.194.0-255,105,224927,65,225514
3132,0.01003,172.31.40.0-255,66,224993,65,225514
3133,0.010599,172.31.40.0-255,101,225094,65,225514
3134,0.01159,172.217.194.0-255,105,225199,65,225514
3135,0.011603,172.31.40.0-255,78,225277,65,225514
3136,0.012896,172.217.194.0-255,66,225343,65,225514
3137,0.01321,172.31.40.0-255,105,225448,65,225514
3138,0.015527,172.217.194.0-255,66,225514,65,225514
3139,0.0,172.217.194.0-255,66,66,65,66
3140,0.0,74.125.130.0-255,143,143,65,188510
3141,2e-05,172.31.40.0-255,66,209,65,188510
3142,5.3e-05,74.125.130.0-255,1484,1693,65,188510
3143,5.8e-05,172.31.40.0-255,66,1759,65,188510
3144,6.4e-05,74.125.130.0-255,2902,4661,65,188510
3145,6.8e-05,172.31.40.0-255,66,4727,65,188510
3146,9e-05,74.125.130.0-255,7156,11883,65,188510
3147,9.4e-05,172.31.40.0-255,66,11949,65,188510
3148,0.000117,74.125.130.0-255,2094,14043,65,188510
3149,0.00012,172.31.40.0-255,66,14109,65,188510
3150,0.000125,74.125.130.0-255,2902,17011,65,188510
3151,0.000127,172.31.40.0-255,66,17077,65,188510
3152,0.000154,74.125.130.0-255,2902,19979,65,188510
3153,0.000156,172.31.40.0-255,66,20045,65,188510
3154,0.000161,74.125.130.0-255,4320,24365,65,188510
3155,0.000165,172.31.40.0-255,66,24431,65,188510
3156,0.000171,74.125.130.0-255,5738,30169,65,188510
3157,0.000175,172.31.40.0-255,66,30235,65,188510
3158,0.000213,74.125.130.0-255,1125,31360,65,188510
3159,0.000215,172.31.40.0-255,66,31426,65,188510
3160,0.000356,74.125.130.0-255,1484,32910,65,188510
3161,0.000361,172.31.40.0-255,66,32976,65,188510
3162,0.000367,74.125.130.0-255,2902,35878,65,188510
3163,0.00037,172.31.40.0-255,66,35944,65,188510
3164,0.000419,74.125.130.0-255,4320,40264,65,188510
3165,0.000423,172.31.40.0-255,66,40330,65,188510
3166,0.000449,74.125.130.0-255,1484,41814,65,188510
3167,0.000452,172.31.40.0-255,66,41880,65,188510
3168,0.000455,74.125.130.0-255,1484,43364,65,188510
3169,0.000458,172.31.40.0-255,66,43430,65,188510
3170,0.000462,74.125.130.0-255,2902,46332,65,188510
3171,0.000464,172.31.40.0-255,66,46398,65,188510
3172,0.000471,74.125.130.0-255,5738,52136,65,188510
3173,0.0005,74.125.130.0-255,1484,53620,65,188510
3174,0.000505,74.125.130.0-255,2902,56522,65,188510
3175,0.000511,74.125.130.0-255,5738,62260,65,188510
3176,0.00054,74.125.130.0-255,1484,63744,65,188510
3177,0.000545,74.125.130.0-255,2184,65928,65,188510
3178,0.000547,74.125.130.0-255,339,66267,65,188510
3179,0.000579,172.31.40.0-255,66,66333,65,188510
3180,0.001262,74.125.130.0-255,113,66446,65,188510
3181,0.001491,74.125.130.0-255,1484,67930,65,188510
3182,0.001498,172.31.40.0-255,66,67996,65,188510
3183,0.001505,74.125.130.0-255,2902,70898,65,188510
3184,0.001529,74.125.130.0-255,2902,73800,65,188510
3185,0.001547,74.125.130.0-255,1484,75284,65,188510
3186,0.00155,74.125.130.0-255,1484,76768,65,188510
3187,0.001583,74.125.130.0-255,4320,81088,65,188510
3188,0.001591,74.125.130.0-255,7156,88244,65,188510
3189,0.001619,74.125.130.0-255,4320,92564,65,188510
3190,0.001641,74.125.130.0-255,4320,96884,65,188510
3191,0.001674,74.125.130.0-255,1484,98368,65,188510
3192,0.001692,74.125.130.0-255,2184,100552,65,188510
3193,0.001976,74.125.130.0-255,1484,102036,65,188510
3194,0.001994,74.125.130.0-255,2902,104938,65,188510
3195,0.002025,74.125.130.0-255,4320,109258,65,188510
3196,0.002039,74.125.130.0-255,1484,110742,65,188510
3197,0.002052,74.125.130.0-255,1484,112226,65,188510
3198,0.002069,74.125.130.0-255,5738,117964,65,188510
3199,0.002083,74.125.130.0-255,1484,119448,65,188510
3200,0.002095,74.125.130.0-255,2902,122350,65,188510
3201,0.002157,74.125.130.0-255,2902,125252,65,188510
3202,0.002178,74.125.130.0-255,2902,128154,65,188510
3203,0.002182,74.125.130.0-255,4320,132474,65,188510
3204,0.002186,74.125.130.0-255,2184,134658,65,188510
3205,0.002487,74.125.130.0-255,1484,136142,65,188510
3206,0.0025,74.125.130.0-255,2902,139044,65,188510
3207,0.002524,74.125.130.0-255,4320,143364,65,188510
3208,0.002537,74.125.130.0-255,1484,144848,65,188510
3209,0.002539,74.125.130.0-255,1484,146332,65,188510
3210,0.002557,74.125.130.0-255,2902,149234,65,188510
3211,0.002583,74.125.130.0-255,2902,152136,65,188510
3212,0.002597,74.125.130.0-255,2902,155038,65,188510
3213,0.002615,74.125.130.0-255,1484,156522,65,188510
3214,0.002618,74.125.130.0-255,2902,159424,65,188510
3215,0.002635,74.125.130.0-255,4320,163744,65,188510
3216,0.002664,74.125.130.0-255,1484,165228,65,188510
3217,0.007084,172.31.40.0-255,66,165294,65,188510
3218,0.00972,74.125.130.0-255,5738,171032,65,188510
3219,0.009728,172.31.40.0-255,66,171098,65,188510
3220,0.01234,74.125.130.0-255,5738,176836,65,188510
3221,0.012348,172.31.40.0-255,66,176902,65,188510
3222,0.014956,74.125.130.0-255,5738,182640,65,188510
3223,0.014962,172.31.40.0-255,66,182706,65,188510
3224,0.017574,74.125.130.0-255,5738,188444,65,188510
3225,0.01758,172.31.40.0-255,66,188510,65,188510
3226,0.0,172.31.40.0-255,105,105,65,459
3227,0.000247,172.31.40.0-255,90,195,65,459
3228,0.000257,172.31.40.0-255,66,261,65,459
3229,0.00282,172.217.194.0-255,66,327,65,459
3230,0.002847,172.217.194.0-255,66,393,65,459
3231,0.002862,172.31.40.0-255,66,459,65,459
3232,0.0,172.31.40.0-255,105,105,65,276
3233,0.001777,157.240.24.0-255,105,210,65,276
3234,0.001786,172.31.40.0-255,66,276,65,276
3235,0.0,172.217.160.0-255,153,153,65,175282
3236,2.1e-05,172.31.40.0-255,66,219,65,175282
3237,2.7e-05,172.217.160.0-255,1484,1703,65,175282
3238,3.2e-05,172.31.40.0-255,66,1769,65,175282
3239,3.8e-05,172.217.160.0-255,2902,4671,65,175282
3240,4.1e-05,172.31.40.0-255,66,4737,65,175282
3241,4.7e-05,172.217.160.0-255,5738,10475,65,175282
3242,5e-05,172.31.40.0-255,66,10541,65,175282
3243,7.3e-05,172.217.160.0-255,1484,12025,65,175282
3244,7.5e-05,172.31.40.0-255,66,12091,65,175282
3245,7.9e-05,172.217.160.0-255,2072,14163,65,175282
3246,8.1e-05,172.31.40.0-255,66,14229,65,175282
3247,9.2e-05,172.31.40.0-255,66,14295,65,175282
3248,0.000107,172.217.160.0-255,2902,17197,65,175282
3249,0.000109,172.31.40.0-255,66,17263,65,175282
3250,0.000115,172.217.160.0-255,5379,22642,65,175282
3251,0.000117,172.31.40.0-255,66,22708,65,175282
3252,0.000191,172.217.160.0-255,1484,24192,65,175282
3253,0.000194,172.31.40.0-255,66,24258,65,175282
3254,0.000211,172.217.160.0-255,2902,27160,65,175282
3255,0.000213,172.31.40.0-255,66,27226,65,175282
3256,0.000215,172.217.160.0-255,1484,28710,65,175282
3257,0.000217,172.31.40.0-255,66,28776,65,175282
3258,0.000244,172.217.160.0-255,4320,33096,65,175282
3259,0.000246,172.31.40.0-255,66,33162,65,175282
3260,0.000269,172.217.160.0-255,5738,38900,65,175282
3261,0.000272,172.31.40.0-255,66,38966,65,175282
3262,0.000285,172.217.160.0-255,4320,43286,65,175282
3263,0.000287,172.31.40.0-255,66,43352,65,175282
3264,0.000319,172.217.160.0-255,3961,47313,65,175282
3265,0.000322,172.31.40.0-255,66,47379,65,175282
3266,0.000331,172.31.40.0-255,66,47445,65,175282
3267,0.000579,172.217.160.0-255,120,47565,65,175282
3268,0.000694,172.217.160.0-255,1484,49049,65,175282
3269,0.000698,172.31.40.0-255,66,49115,65,175282
3270,0.000703,172.217.160.0-255,2902,52017,65,175282
3271,0.000705,172.31.40.0-255,66,52083,65,175282
3272,0.000712,172.217.160.0-255,5738,57821,65,175282
3273,0.000714,172.31.40.0-255,66,57887,65,175282
3274,0.000742,172.217.160.0-255,4320,62207,65,175282
3275,0.000744,172.31.40.0-255,66,62273,65,175282
3276,0.000771,172.217.160.0-255,1484,63757,65,175282
3277,0.000788,172.217.160.0-255,4275,68032,65,175282
3278,0.000798,172.31.40.0-255,66,68098,65,175282
3279,0.000801,172.31.40.0-255,66,68164,65,175282
3280,0.00145,172.217.160.0-255,1484,69648,65,175282
3281,0.00146,172.217.160.0-255,2902,72550,65,175282
3282,0.001464,172.31.40.0-255,66,72616,65,175282
3283,0.001492,172.217.160.0-255,5738,78354,65,175282
3284,0.001494,172.31.40.0-255,66,78420,65,175282
3285,0.001499,172.217.160.0-255,2902,81322,65,175282
3286,0.001501,172.31.40.0-255,66,81388,65,175282
3287,0.001505,172.217.160.0-255,1484,82872,65,175282
3288,0.001526,172.217.160.0-255,7156,90028,65,175282
3289,0.001529,172.31.40.0-255,66,90094,65,175282
3290,0.001545,172.217.160.0-255,1484,91578,65,175282
3291,0.001561,172.217.160.0-255,7156,98734,65,175282
3292,0.001563,172.31.40.0-255,66,98800,65,175282
3293,0.001584,172.217.160.0-255,3602,102402,65,175282
3294,0.001586,172.31.40.0-255,66,102468,65,175282
3295,0.001767,172.217.160.0-255,1484,103952,65,175282
3296,0.001776,172.217.160.0-255,2902,106854,65,175282
3297,0.00178,172.31.40.0-255,66,106920,65,175282
3298,0.001787,172.217.160.0-255,5738,112658,65,175282
3299,0.001789,172.31.40.0-255,66,112724,65,175282
3300,0.001797,172.217.160.0-255,7156,119880,65,175282
3301,0.001798,172.31.40.0-255,66,119946,65,175282
3302,0.003564,172.217.160.0-255,5738,125684,65,175282
3303,0.00357,172.31.40.0-255,66,125750,65,175282
3304,0.005323,172.217.160.0-255,4320,130070,65,175282
3305,0.005327,172.31.40.0-255,66,130136,65,175282
3306,0.005345,172.217.160.0-255,1484,131620,65,175282
3307,0.0071,172.217.160.0-255,4320,135940,65,175282
3308,0.007108,172.31.40.0-255,66,136006,65,175282
3309,0.008897,172.217.160.0-255,5738,141744,65,175282
3310,0.008903,172.31.40.0-255,66,141810,65,175282
3311,0.01067,172.217.160.0-255,5738,147548,65,175282
3312,0.010678,172.31.40.0-255,66,147614,65,175282
3313,0.01244,172.217.160.0-255,5738,153352,65,175282
3314,0.012447,172.31.40.0-255,66,153418,65,175282
3315,0.014221,172.217.160.0-255,5738,159156,65,175282
3316,0.014228,172.31.40.0-255,66,159222,65,175282
3317,0.015999,172.217.160.0-255,5738,164960,65,175282
3318,0.016008,172.31.40.0-255,66,165026,65,175282
3319,0.017804,172.217.160.0-255,4320,169346,65,175282
3320,0.017811,172.31.40.0-255,66,169412,65,175282
3321,0.017832,172.217.160.0-255,1484,170896,65,175282
3322,0.019627,172.217.160.0-255,4320,175216,65,175282
3323,0.019639,172.31.40.0-255,66,175282,65,175282
3324,0.0,172.217.194.0-255,153,153,65,191551
3325,1.5e-05,172.31.40.0-255,66,219,65,191551
3326,2.2e-05,172.217.194.0-255,1484,1703,65,191551
3327,2.6e-05,172.31.40.0-255,66,1769,65,191551
3328,3.2e-05,172.217.194.0-255,2902,4671,65,191551
3329,3.5e-05,172.31.40.0-255,66,4737,65,191551
3330,4.3e-05,172.217.194.0-255,7156,11893,65,191551
3331,4.5e-05,172.31.40.0-255,66,11959,65,191551
3332,5e-05,172.217.194.0-255,2128,14087,65,191551
3333,5.2e-05,172.31.40.0-255,66,14153,65,191551
3334,0.000329,172.217.194.0-255,1484,15637,65,191551
3335,0.000335,172.31.40.0-255,66,15703,65,191551
3336,0.000341,172.217.194.0-255,2902,18605,65,191551
3337,0.000343,172.31.40.0-255,66,18671,65,191551
3338,0.00035,172.217.194.0-255,5738,24409,65,191551
3339,0.000352,172.31.40.0-255,66,24475,65,191551
3340,0.000399,172.217.194.0-255,6797,31272,65,191551
3341,0.000402,172.31.40.0-255,66,31338,65,191551
3342,0.000465,172.217.194.0-255,1484,32822,65,191551
3343,0.000469,172.31.40.0-255,66,32888,65,191551
3344,0.000474,172.217.194.0-255,2902,35790,65,191551
3345,0.000476,172.31.40.0-255,66,35856,65,191551
3346,0.000508,172.217.194.0-255,5738,41594,65,191551
3347,0.000512,172.31.40.0-255,66,41660,65,191551
3348,0.000518,172.217.194.0-255,5738,47398,65,191551
3349,0.00052,172.31.40.0-255,66,47464,65,191551
3350,0.000545,172.217.194.0-255,7156,54620,65,191551
3351,0.000548,172.31.40.0-255,66,54686,65,191551
3352,0.000573,172.217.194.0-255,6797,61483,65,191551
3353,0.000576,172.31.40.0-255,66,61549,65,191551
3354,0.000582,172.217.194.0-255,4274,65823,65,191551
3355,0.000585,172.31.40.0-255,66,65889,65,191551
3356,0.000588,172.217.194.0-255,365,66254,65,191551
3357,0.000754,172.217.194.0-255,1484,67738,65,191551
3358,0.000758,172.31.40.0-255,66,67804,65,191551
3359,0.000764,172.217.194.0-255,2902,70706,65,191551
3360,0.000766,172.31.40.0-255,66,70772,65,191551
3361,0.00078,172.217.194.0-255,2902,73674,65,191551
3362,0.000782,172.31.40.0-255,66,73740,65,191551
3363,0.000805,172.217.194.0-255,2902,76642,65,191551
3364,0.000808,172.31.40.0-255,66,76708,65,191551
3365,0.000822,172.31.40.0-255,66,76774,65,191551
3366,0.000832,172.31.40.0-255,66,76840,65,191551
3367,0.000859,172.217.194.0-255,2184,79024,65,191551
3368,0.000863,172.31.40.0-255,66,79090,65,191551
3369,0.001045,172.217.194.0-255,1484,80574,65,191551
3370,0.001052,172.217.194.0-255,2902,83476,65,191551
3371,0.001056,172.31.40.0-255,66,83542,65,191551
3372,0.001081,172.217.194.0-255,5738,89280,65,191551
3373,0.001083,172.31.40.0-255,66,89346,65,191551
3374,0.001088,172.217.194.0-255,2902,92248,65,191551
3375,0.00109,172.31.40.0-255,66,92314,65,191551
3376,0.001138,172.31.40.0-255,66,92380,65,191551
3377,0.001146,172.31.40.0-255,66,92446,65,191551
3378,0.001169,172.217.194.0-255,7156,99602,65,191551
3379,0.001171,172.31.40.0-255,66,99668,65,191551
3380,0.001202,172.217.194.0-255,4320,103988,65,191551
3381,0.001205,172.31.40.0-255,66,104054,65,191551
3382,0.00122,172.31.40.0-255,66,104120,65,191551
3383,0.001231,172.31.40.0-255,66,104186,65,191551
3384,0.00145,172.217.194.0-255,1484,105670,65,191551
3385,0.001456,172.217.194.0-255,2902,108572,65,191551
3386,0.001459,172.31.40.0-255,66,108638,65,191551
3387,0.001463,172.217.194.0-255,1484,110122,65,191551
3388,0.00148,172.217.194.0-255,4320,114442,65,191551
3389,0.001482,172.31.40.0-255,66,114508,65,191551
3390,0.001525,172.217.194.0-255,5738,120246,65,191551
3391,0.001527,172.31.40.0-255,66,120312,65,191551
3392,0.001551,172.217.194.0-255,7156,127468,65,191551
3393,0.001554,172.31.40.0-255,66,127534,65,191551
3394,0.001566,172.31.40.0-255,66,127600,65,191551
3395,0.001578,172.31.40.0-255,66,127666,65,191551
3396,0.00159,172.31.40.0-255,66,127732,65,191551
3397,0.00162,172.31.40.0-255,66,127798,65,191551
3398,0.001657,172.31.40.0-255,66,127864,65,191551
3399,0.001676,172.31.40.0-255,66,127930,65,191551
3400,0.001698,172.217.194.0-255,2902,130832,65,191551
3401,0.0017,172.217.194.0-255,766,131598,65,191551
3402,0.001704,172.31.40.0-255,66,131664,65,191551
3403,0.00172,172.217.194.0-255,2902,134566,65,191551
3404,0.001723,172.31.40.0-255,66,134632,65,191551
3405,0.001753,172.31.40.0-255,66,134698,65,191551
3406,0.001773,172.217.194.0-255,4320,139018,65,191551
3407,0.001775,172.31.40.0-255,66,139084,65,191551
3408,0.00179,172.31.40.0-255,66,139150,65,191551
3409,0.001811,172.217.194.0-255,1484,140634,65,191551
3410,0.001814,172.217.194.0-255,1484,142118,65,191551
3411,0.001817,172.31.40.0-255,66,142184,65,191551
3412,0.001836,172.217.194.0-255,1484,143668,65,191551
3413,0.001842,172.217.194.0-255,5738,149406,65,191551
3414,0.001845,172.31.40.0-255,66,149472,65,191551
3415,0.001852,172.217.194.0-255,7156,156628,65,191551
3416,0.001855,172.31.40.0-255,66,156694,65,191551
3417,0.001858,172.217.194.0-255,2902,159596,65,191551
3418,0.001861,172.31.40.0-255,66,159662,65,191551
3419,0.001901,172.31.40.0-255,66,159728,65,191551
3420,0.001905,172.217.194.0-255,2184,161912,65,191551
3421,0.001907,172.31.40.0-255,66,161978,65,191551
3422,0.001934,172.217.194.0-255,2902,164880,65,191551
3423,0.001937,172.31.40.0-255,66,164946,65,191551
3424,0.001943,172.217.194.0-255,5738,170684,65,191551
3425,0.001946,172.31.40.0-255,66,170750,65,191551
3426,0.001949,172.217.194.0-255,2902,173652,65,191551
3427,0.001952,172.31.40.0-255,66,173718,65,191551
3428,0.00198,172.217.194.0-255,7156,180874,65,191551
3429,0.001984,172.31.40.0-255,66,180940,65,191551
3430,0.001986,172.217.194.0-255,1484,182424,65,191551
3431,0.002021,172.31.40.0-255,66,182490,65,191551
3432,0.002063,172.217.194.0-255,5738,188228,65,191551
3433,0.002065,172.31.40.0-255,66,188294,65,191551
3434,0.002099,172.31.40.0-255,66,188360,65,191551
3435,0.002103,172.217.194.0-255,2783,191143,65,191551
3436,0.002105,172.31.40.0-255,66,191209,65,191551
3437,0.002107,172.217.194.0-255,105,191314,65,191551
3438,0.004318,172.31.40.0-255,66,191380,65,191551
3439,0.004355,172.31.40.0-255,105,191485,65,191551
3440,0.006579,172.217.194.0-255,66,191551,65,191551
3441,0.0,74.125.24.0-255,146,146,65,149856
3442,2.3e-05,172.31.40.0-255,66,212,65,149856
3443,3.1e-05,74.125.24.0-255,1484,1696,65,149856
3444,3.6e-05,172.31.40.0-255,66,1762,65,149856
3445,4.1e-05,74.125.24.0-255,2902,4664,65,149856
3446,4.5e-05,172.31.40.0-255,66,4730,65,149856
3447,5.2e-05,74.125.24.0-255,7156,11886,65,149856
3448,5.5e-05,172.31.40.0-255,66,11952,65,149856
3449,7.1e-05,172.31.40.0-255,66,12018,65,149856
3450,7.4e-05,74.125.24.0-255,1484,13502,65,149856
3451,7.7e-05,172.31.40.0-255,66,13568,65,149856
3452,0.000109,74.125.24.0-255,5379,18947,65,149856
3453,0.000113,172.31.40.0-255,66,19013,65,149856
3454,0.000145,74.125.24.0-255,1484,20497,65,149856
3455,0.000147,172.31.40.0-255,66,20563,65,149856
3456,0.000152,74.125.24.0-255,2902,23465,65,149856
3457,0.000154,172.31.40.0-255,66,23531,65,149856
3458,0.000169,74.125.24.0-255,4320,27851,65,149856
3459,0.000172,172.31.40.0-255,66,27917,65,149856
3460,0.000187,74.125.24.0-255,1484,29401,65,149856
3461,0.000189,172.31.40.0-255,66,29467,65,149856
3462,0.000197,74.125.24.0-255,6797,36264,65,149856
3463,0.0002,172.31.40.0-255,66,36330,65,149856
3464,0.000202,74.125.24.0-255,1484,37814,65,149856
3465,0.000204,172.31.40.0-255,66,37880,65,149856
3466,0.000231,172.31.40.0-255,66,37946,65,149856
3467,0.000261,74.125.24.0-255,2815,40761,65,149856
3468,0.000263,172.31.40.0-255,66,40827,65,149856
3469,0.000297,74.125.24.0-255,131,40958,65,149856
3470,0.0003,172.31.40.0-255,66,41024,65,149856
3471,0.000335,74.125.24.0-255,1484,42508,65,149856
3472,0.00034,74.125.24.0-255,1484,43992,65,149856
3473,0.000342,172.31.40.0-255,66,44058,65,149856
3474,0.000363,74.125.24.0-255,1484,45542,65,149856
3475,0.00037,74.125.24.0-255,7156,52698,65,149856
3476,0.000373,172.31.40.0-255,66,52764,65,149856
3477,0.00039,74.125.24.0-255,5738,58502,65,149856
3478,0.000393,172.31.40.0-255,66,58568,65,149856
3479,0.000423,172.31.40.0-255,66,58634,65,149856
3480,0.00044,74.125.24.0-255,5738,64372,65,149856
3481,0.000442,172.31.40.0-255,66,64438,65,149856
3482,0.000456,74.125.24.0-255,2246,66684,65,149856
3483,0.000458,172.31.40.0-255,66,66750,65,149856
3484,0.000495,74.125.24.0-255,1484,68234,65,149856
3485,0.000499,74.125.24.0-255,2902,71136,65,149856
3486,0.000502,172.31.40.0-255,66,71202,65,149856
3487,0.000527,74.125.24.0-255,5738,76940,65,149856
3488,0.00053,172.31.40.0-255,66,77006,65,149856
3489,0.000535,74.125.24.0-255,4320,81326,65,149856
3490,0.000537,172.31.40.0-255,66,81392,65,149856
3491,0.00056,172.31.40.0-255,66,81458,65,149856
3492,0.000583,74.125.24.0-255,1484,82942,65,149856
3493,0.00061,172.31.40.0-255,66,83008,65,149856
3494,0.000744,74.125.24.0-255,1484,84492,65,149856
3495,0.000752,74.125.24.0-255,2902,87394,65,149856
3496,0.000755,172.31.40.0-255,66,87460,65,149856
3497,0.000774,74.125.24.0-255,1484,88944,65,149856
3498,0.000792,74.125.24.0-255,4320,93264,65,149856
3499,0.000796,172.31.40.0-255,66,93330,65,149856
3500,0.000801,74.125.24.0-255,4320,97650,65,149856
3501,0.000803,172.31.40.0-255,66,97716,65,149856
3502,0.000829,172.31.40.0-255,66,97782,65,149856
3503,0.000841,172.31.40.0-255,66,97848,65,149856
3504,0.000894,74.125.24.0-255,1484,99332,65,149856
3505,0.000897,74.125.24.0-255,1484,100816,65,149856
3506,0.000902,172.31.40.0-255,66,100882,65,149856
3507,0.000911,74.125.24.0-255,1484,102366,65,149856
3508,0.000914,74.125.24.0-255,1484,103850,65,149856
3509,0.000918,172.31.40.0-255,66,103916,65,149856
3510,0.000935,74.125.24.0-255,4320,108236,65,149856
3511,0.000937,172.31.40.0-255,66,108302,65,149856
3512,0.000981,74.125.24.0-255,7156,115458,65,149856
3513,0.000984,172.31.40.0-255,66,115524,65,149856
3514,0.001014,74.125.24.0-255,5738,121262,65,149856
3515,0.001017,172.31.40.0-255,66,121328,65,149856
3516,0.001029,172.31.40.0-255,66,121394,65,149856
3517,0.001041,172.31.40.0-255,66,121460,65,149856
3518,0.00106,172.31.40.0-255,66,121526,65,149856
3519,0.001082,74.125.24.0-255,2184,123710,65,149856
3520,0.001084,172.31.40.0-255,66,123776,65,149856
3521,0.001134,74.125.24.0-255,1484,125260,65,149856
3522,0.001153,74.125.24.0-255,2902,128162,65,149856
3523,0.001157,172.31.40.0-255,66,128228,65,149856
3524,0.001163,74.125.24.0-255,5738,133966,65,149856
3525,0.001165,172.31.40.0-255,66,134032,65,149856
3526,0.001207,172.31.40.0-255,66,134098,65,149856
3527,0.001236,172.31.40.0-255,66,134164,65,149856
3528,0.001247,74.125.24.0-255,2184,136348,65,149856
3529,0.001249,172.31.40.0-255,66,136414,65,149856
3530,0.001315,74.125.24.0-255,1484,137898,65,149856
3531,0.001321,74.125.24.0-255,2902,140800,65,149856
3532,0.001324,172.31.40.0-255,66,140866,65,149856
3533,0.001328,74.125.24.0-255,1484,142350,65,149856
3534,0.001346,74.125.24.0-255,4320,146670,65,149856
3535,0.00135,172.31.40.0-255,66,146736,65,149856
3536,0.001391,172.31.40.0-255,66,146802,65,149856
3537,0.001404,172.31.40.0-255,66,146868,65,149856
3538,0.001422,74.125.24.0-255,766,147634,65,149856
3539,0.001436,172.31.40.0-255,66,147700,65,149856
3540,0.001477,172.31.40.0-255,66,147766,65,149856
3541,0.001487,172.31.40.0-255,66,147832,65,149856
3542,0.001489,74.125.24.0-255,1484,149316,65,149856
3543,0.00154,172.31.40.0-255,66,149382,65,149856
3544,0.001565,172.31.40.0-255,66,149448,65,149856
3545,0.001588,172.31.40.0-255,66,149514,65,149856
3546,0.001591,74.125.24.0-255,105,149619,65,149856
3547,0.009958,172.31.40.0-255,66,149685,65,149856
3548,0.01,172.31.40.0-255,105,149790,65,149856
3549,0.012604,74.125.24.0-255,66,149856,65,149856
3550,0.0,172.31.40.0-255,105,105,65,525
3551,0.000229,172.31.40.0-255,90,195,65,525
3552,0.00024,172.31.40.0-255,66,261,65,525
3553,0.002297,74.125.24.0-255,66,327,65,525
3554,0.002311,74.125.24.0-255,66,393,65,525
3555,0.002317,172.31.40.0-255,66,459,65,525
3556,0.00232,74.125.24.0-255,66,525,65,525
3557,0.0,172.217.194.0-255,152,152,65,154633
3558,1.5e-05,172.31.40.0-255,66,218,65,154633
3559,2e-05,172.217.194.0-255,1484,1702,65,154633
3560,2.5e-05,172.31.40.0-255,66,1768,65,154633
3561,3.1e-05,172.217.194.0-255,2902,4670,65,154633
3562,3.3e-05,172.31.40.0-255,66,4736,65,154633
3563,4e-05,172.217.194.0-255,7156,11892,65,154633
3564,4.2e-05,172.31.40.0-255,66,11958,65,154633
3565,8e-05,172.31.40.0-255,66,12024,65,154633
3566,9.7e-05,172.217.194.0-255,2902,14926,65,154633
3567,9.9e-05,172.31.40.0-255,66,14992,65,154633
3568,0.000122,172.217.194.0-255,5379,20371,65,154633
3569,0.000125,172.31.40.0-255,66,20437,65,154633
3570,0.000151,172.31.40.0-255,66,20503,65,154633
3571,0.000155,172.217.194.0-255,2902,23405,65,154633
3572,0.000157,172.31.40.0-255,66,23471,65,154633
3573,0.000186,172.31.40.0-255,66,23537,65,154633
3574,0.000203,172.217.194.0-255,1484,25021,65,154633
3575,0.000206,172.31.40.0-255,66,25087,65,154633
3576,0.000235,172.31.40.0-255,66,25153,65,154633
3577,0.000237,172.217.194.0-255,382,25535,65,154633
3578,0.000239,172.31.40.0-255,66,25601,65,154633
3579,0.000449,172.217.194.0-255,1484,27085,65,154633
3580,0.000455,172.31.40.0-255,66,27151,65,154633
3581,0.000461,172.217.194.0-255,2902,30053,65,154633
3582,0.000464,172.31.40.0-255,66,30119,65,154633
3583,0.00047,172.217.194.0-255,5738,35857,65,154633
3584,0.000472,172.31.40.0-255,66,35923,65,154633
3585,0.000528,172.31.40.0-255,66,35989,65,154633
3586,0.000544,172.217.194.0-255,2902,38891,65,154633
3587,0.000546,172.31.40.0-255,66,38957,65,154633
3588,0.000557,172.31.40.0-255,66,39023,65,154633
3589,0.00056,172.217.194.0-255,766,39789,65,154633
3590,0.000887,172.217.194.0-255,1484,41273,65,154633
3591,0.000892,172.217.194.0-255,2902,44175,65,154633
3592,0.000895,172.217.194.0-255,1484,45659,65,154633
3593,0.0009,172.31.40.0-255,66,45725,65,154633
3594,0.000904,172.31.40.0-255,66,45791,65,154633
3595,0.000918,172.217.194.0-255,4320,50111,65,154633
3596,0.000921,172.31.40.0-255,66,50177,65,154633
3597,0.000927,172.217.194.0-255,4320,54497,65,154633
3598,0.000929,172.31.40.0-255,66,54563,65,154633
3599,0.00096,172.31.40.0-255,66,54629,65,154633
3600,0.000972,172.31.40.0-255,66,54695,65,154633
3601,0.001137,172.217.194.0-255,1484,56179,65,154633
3602,0.001143,172.217.194.0-255,2902,59081,65,154633
3603,0.001146,172.31.40.0-255,66,59147,65,154633
3604,0.001149,172.217.194.0-255,1484,60631,65,154633
3605,0.00117,172.217.194.0-255,4320,64951,65,154633
3606,0.001173,172.31.40.0-255,66,65017,65,154633
3607,0.001193,172.217.194.0-255,5738,70755,65,154633
3608,0.001196,172.31.40.0-255,66,70821,65,154633
3609,0.001222,172.217.194.0-255,7156,77977,65,154633
3610,0.001224,172.31.40.0-255,66,78043,65,154633
3611,0.001236,172.31.40.0-255,66,78109,65,154633
3612,0.001254,172.217.194.0-255,2184,80293,65,154633
3613,0.001257,172.31.40.0-255,66,80359,65,154633
3614,0.001376,172.217.194.0-255,1484,81843,65,154633
3615,0.001395,172.217.194.0-255,2902,84745,65,154633
3616,0.001399,172.31.40.0-255,66,84811,65,154633
3617,0.001406,172.217.194.0-255,5738,90549,65,154633
3618,0.001408,172.31.40.0-255,66,90615,65,154633
3619,0.001441,172.217.194.0-255,7156,97771,65,154633
3620,0.001444,172.31.40.0-255,66,97837,65,154633
3621,0.001455,172.31.40.0-255,66,97903,65,154633
3622,0.001485,172.31.40.0-255,66,97969,65,154633
3623,0.001488,172.217.194.0-255,1484,99453,65,154633
3624,0.001504,172.217.194.0-255,7156,106609,65,154633
3625,0.001507,172.31.40.0-255,66,106675,65,154633
3626,0.001551,172.31.40.0-255,66,106741,65,154633
3627,0.001554,172.217.194.0-255,1484,108225,65,154633
3628,0.001603,172.31.40.0-255,66,108291,65,154633
3629,0.00162,172.31.40.0-255,66,108357,65,154633
3630,0.001654,172.31.40.0-255,66,108423,65,154633
3631,0.001658,172.217.194.0-255,2184,110607,65,154633
3632,0.001661,172.31.40.0-255,66,110673,65,154633
3633,0.0017,172.217.194.0-255,4320,114993,65,154633
3634,0.001702,172.31.40.0-255,66,115059,65,154633
3635,0.001762,172.31.40.0-255,66,115125,65,154633
3636,0.001775,172.217.194.0-255,2902,118027,65,154633
3637,0.001805,172.31.40.0-255,66,118093,65,154633
3638,0.001824,172.217.194.0-255,1484,119577,65,154633
3639,0.00183,172.217.194.0-255,2902,122479,65,154633
3640,0.001838,172.31.40.0-255,66,122545,65,154633
3641,0.00185,172.217.194.0-255,5738,128283,65,154633
3642,0.001855,172.31.40.0-255,66,128349,65,154633
3643,0.001887,172.217.194.0-255,1484,129833,65,154633
3644,0.001893,172.217.194.0-255,5738,135571,65,154633
3645,0.001899,172.31.40.0-255,66,135637,65,154633
3646,0.001906,172.217.194.0-255,1484,137121,65,154633
3647,0.001911,172.217.194.0-255,2184,139305,65,154633
3648,0.001916,172.31.40.0-255,66,139371,65,154633
3649,0.001925,172.217.194.0-255,2902,142273,65,154633
3650,0.001927,172.217.194.0-255,1484,143757,65,154633
3651,0.001944,172.217.194.0-255,5738,149495,65,154633
3652,0.001954,172.217.194.0-255,1484,150979,65,154633
3653,0.00197,172.217.194.0-255,2902,153881,65,154633
3654,0.001974,172.31.40.0-255,66,153947,65,154633
3655,0.001999,172.217.194.0-255,212,154159,65,154633
3656,0.002003,172.31.40.0-255,66,154225,65,154633
3657,0.002032,172.31.40.0-255,66,154291,65,154633
3658,0.002045,172.217.194.0-255,105,154396,65,154633
3659,0.016704,172.31.40.0-255,66,154462,65,154633
3660,0.016769,172.31.40.0-255,105,154567,65,154633
3661,0.019032,172.217.194.0-255,66,154633,65,154633
3662,0.0,216.58.221.0-255,156,156,65,225889
3663,2.5e-05,172.31.40.0-255,66,222,65,225889
3664,3.2e-05,216.58.221.0-255,1484,1706,65,225889
3665,3.7e-05,172.31.40.0-255,66,1772,65,225889
3666,5e-05,216.58.221.0-255,2902,4674,65,225889
3667,5.5e-05,172.31.40.0-255,66,4740,65,225889
3668,6.1e-05,216.58.221.0-255,4320,9060,65,225889
3669,6.4e-05,172.31.40.0-255,66,9126,65,225889
3670,8.5e-05,216.58.221.0-255,1484,10610,65,225889
3671,8.7e-05,172.31.40.0-255,66,10676,65,225889
3672,0.000118,216.58.221.0-255,3515,14191,65,225889
3673,0.000122,172.31.40.0-255,66,14257,65,225889
3674,0.000146,216.58.221.0-255,1484,15741,65,225889
3675,0.000149,172.31.40.0-255,66,15807,65,225889
3676,0.000153,216.58.221.0-255,1484,17291,65,225889
3677,0.000154,172.31.40.0-255,66,17357,65,225889
3678,0.000172,216.58.221.0-255,1484,18841,65,225889
3679,0.000174,172.31.40.0-255,66,18907,65,225889
3680,0.000181,216.58.221.0-255,5738,24645,65,225889
3681,0.000184,172.31.40.0-255,66,24711,65,225889
3682,0.000196,216.58.221.0-255,6797,31508,65,225889
3683,0.000199,172.31.40.0-255,66,31574,65,225889
3684,0.000249,216.58.221.0-255,1484,33058,65,225889
3685,0.000251,172.31.40.0-255,66,33124,65,225889
3686,0.000256,216.58.221.0-255,2902,36026,65,225889
3687,0.000259,172.31.40.0-255,66,36092,65,225889
3688,0.00027,216.58.221.0-255,5738,41830,65,225889
3689,0.000273,172.31.40.0-255,66,41896,65,225889
3690,0.000308,216.58.221.0-255,6797,48693,65,225889
3691,0.000311,172.31.40.0-255,66,48759,65,225889
3692,0.000509,216.58.221.0-255,1484,50243,65,225889
3693,0.000514,172.31.40.0-255,66,50309,65,225889
3694,0.00052,216.58.221.0-255,2902,53211,65,225889
3695,0.000523,172.31.40.0-255,66,53277,65,225889
3696,0.000534,216.58.221.0-255,2902,56179,65,225889
3697,0.000536,172.31.40.0-255,66,56245,65,225889
3698,0.000567,216.58.221.0-255,1484,57729,65,225889
3699,0.000574,216.58.221.0-255,5738,63467,65,225889
3700,0.000577,172.31.40.0-255,66,63533,65,225889
3701,0.000602,216.58.221.0-255,2839,66372,65,225889
3702,0.000605,172.31.40.0-255,66,66438,65,225889
3703,0.001137,216.58.221.0-255,380,66818,65,225889
3704,0.001197,172.31.40.0-255,66,66884,65,225889
3705,0.001237,216.58.221.0-255,1484,68368,65,225889
3706,0.001243,216.58.221.0-255,2902,71270,65,225889
3707,0.001246,172.31.40.0-255,66,71336,65,225889
3708,0.001272,216.58.221.0-255,5738,77074,65,225889
3709,0.001274,172.31.40.0-255,66,77140,65,225889
3710,0.0013,216.58.221.0-255,6797,83937,65,225889
3711,0.001302,172.31.40.0-255,66,84003,65,225889
3712,0.001342,216.58.221.0-255,7156,91159,65,225889
3713,0.001345,172.31.40.0-255,66,91225,65,225889
3714,0.001349,216.58.221.0-255,2902,94127,65,225889
3715,0.001352,172.31.40.0-255,66,94193,65,225889
3716,0.001381,216.58.221.0-255,1484,95677,65,225889
3717,0.001387,216.58.221.0-255,5379,101056,65,225889
3718,0.00139,172.31.40.0-255,66,101122,65,225889
3719,0.001419,216.58.221.0-255,1484,102606,65,225889
3720,0.001432,216.58.221.0-255,2902,105508,65,225889
3721,0.001436,172.31.40.0-255,66,105574,65,225889
3722,0.001457,216.58.221.0-255,4320,109894,65,225889
3723,0.001459,172.31.40.0-255,66,109960,65,225889
3724,0.001465,216.58.221.0-255,4320,114280,65,225889
3725,0.001468,172.31.40.0-255,66,114346,65,225889
3726,0.001493,216.58.221.0-255,1484,115830,65,225889
3727,0.001498,216.58.221.0-255,1877,117707,65,225889
3728,0.001506,172.31.40.0-255,66,117773,65,225889
3729,0.001665,216.58.221.0-255,1484,119257,65,225889
3730,0.001669,216.58.221.0-255,1484,120741,65,225889
3731,0.001672,172.31.40.0-255,66,120807,65,225889
3732,0.001706,216.58.221.0-255,1484,122291,65,225889
3733,0.001713,216.58.221.0-255,5738,128029,65,225889
3734,0.001715,172.31.40.0-255,66,128095,65,225889
3735,0.001722,216.58.221.0-255,5738,133833,65,225889
3736,0.001725,172.31.40.0-255,66,133899,65,225889
3737,0.001764,216.58.221.0-255,1822,135721,65,225889
3738,0.001768,172.31.40.0-255,66,135787,65,225889
3739,0.001811,216.58.221.0-255,1484,137271,65,225889
3740,0.001829,216.58.221.0-255,2902,140173,65,225889
3741,0.001832,172.31.40.0-255,66,140239,65,225889
3742,0.001838,216.58.221.0-255,4320,144559,65,225889
3743,0.00184,172.31.40.0-255,66,144625,65,225889
3744,0.001861,216.58.221.0-255,1484,146109,65,225889
3745,0.001865,216.58.221.0-255,2902,149011,65,225889
3746,0.001867,172.31.40.0-255,66,149077,65,225889
3747,0.001897,216.58.221.0-255,4320,153397,65,225889
3748,0.0019,172.31.40.0-255,66,153463,65,225889
3749,0.001906,216.58.221.0-255,4320,157783,65,225889
3750,0.001908,172.31.40.0-255,66,157849,65,225889
3751,0.001928,216.58.221.0-255,4320,162169,65,225889
3752,0.001931,172.31.40.0-255,66,162235,65,225889
3753,0.00194,216.58.221.0-255,4320,166555,65,225889
3754,0.001943,172.31.40.0-255,66,166621,65,225889
3755,0.00197,216.58.221.0-255,3602,170223,65,225889
3756,0.002009,172.31.40.0-255,66,170289,65,225889
3757,0.002081,216.58.221.0-255,1484,171773,65,225889
3758,0.002084,216.58.221.0-255,1484,173257,65,225889
3759,0.00209,172.31.40.0-255,66,173323,65,225889
3760,0.002099,216.58.221.0-255,1484,174807,65,225889
3761,0.002103,216.58.221.0-255,1484,176291,65,225889
3762,0.002109,172.31.40.0-255,66,176357,65,225889
3763,0.00214,216.58.221.0-255,4320,180677,65,225889
3764,0.002143,172.31.40.0-255,66,180743,65,225889
3765,0.002146,216.58.221.0-255,1484,182227,65,225889
3766,0.00424,216.58.221.0-255,4320,186547,65,225889
3767,0.004247,172.31.40.0-255,66,186613,65,225889
3768,0.006338,216.58.221.0-255,5738,192351,65,225889
3769,0.006342,172.31.40.0-255,66,192417,65,225889
3770,0.008444,216.58.221.0-255,5738,198155,65,225889
3771,0.008451,172.31.40.0-255,66,198221,65,225889
3772,0.010554,216.58.221.0-255,4320,202541,65,225889
3773,0.010562,172.31.40.0-255,66,202607,65,225889
3774,0.010593,216.58.221.0-255,1484,204091,65,225889
3775,0.012667,216.58.221.0-255,4320,208411,65,225889
3776,0.012675,172.31.40.0-255,66,208477,65,225889
3777,0.014768,216.58.221.0-255,5738,214215,65,225889
3778,0.014776,172.31.40.0-255,66,214281,65,225889
3779,0.01688,216.58.221.0-255,5738,220019,65,225889
3780,0.01689,172.31.40.0-255,66,220085,65,225889
3781,0.018977,216.58.221.0-255,5738,225823,65,225889
3782,0.018985,172.31.40.0-255,66,225889,65,225889
3783,0.0,172.217.194.0-255,156,156,65,195528
3784,2.2e-05,172.31.40.0-255,66,222,65,195528
3785,5.3e-05,172.217.194.0-255,1484,1706,65,195528
3786,5.7e-05,172.31.40.0-255,66,1772,65,195528
3787,6.2e-05,172.217.194.0-255,2902,4674,65,195528
3788,6.4e-05,172.31.40.0-255,66,4740,65,195528
3789,9.2e-05,172.217.194.0-255,5738,10478,65,195528
3790,9.5e-05,172.31.40.0-255,66,10544,65,195528
3791,0.0001,172.217.194.0-255,4924,15468,65,195528
3792,0.000102,172.31.40.0-255,66,15534,65,195528
3793,0.000132,172.217.194.0-255,7156,22690,65,195528
3794,0.000138,172.31.40.0-255,66,22756,65,195528
3795,0.000163,172.217.194.0-255,5738,28494,65,195528
3796,0.000165,172.31.40.0-255,66,28560,65,195528
3797,0.000168,172.217.194.0-255,2543,31103,65,195528
3798,0.000171,172.31.40.0-255,66,31169,65,195528
3799,0.000223,172.217.194.0-255,1484,32653,65,195528
3800,0.000226,172.31.40.0-255,66,32719,65,195528
3801,0.000231,172.217.194.0-255,2902,35621,65,195528
3802,0.000232,172.31.40.0-255,66,35687,65,195528
3803,0.000261,172.217.194.0-255,5738,41425,65,195528
3804,0.000263,172.31.40.0-255,66,41491,65,195528
3805,0.000295,172.217.194.0-255,5738,47229,65,195528
3806,0.000297,172.31.40.0-255,66,47295,65,195528
3807,0.0003,172.217.194.0-255,1125,48420,65,195528
3808,0.000301,172.31.40.0-255,66,48486,65,195528
3809,0.000338,172.217.194.0-255,1484,49970,65,195528
3810,0.00034,172.31.40.0-255,66,50036,65,195528
3811,0.000367,172.217.194.0-255,2902,52938,65,195528
3812,0.00037,172.31.40.0-255,66,53004,65,195528
3813,0.000377,172.217.194.0-255,5738,58742,65,195528
3814,0.000379,172.31.40.0-255,66,58808,65,195528
3815,0.000415,172.217.194.0-255,5738,64546,65,195528
3816,0.000418,172.31.40.0-255,66,64612,65,195528
3817,0.000439,172.217.194.0-255,1458,66070,65,195528
3818,0.000662,172.217.194.0-255,374,66444,65,195528
3819,0.000667,172.31.40.0-255,66,66510,65,195528
3820,0.000846,172.217.194.0-255,1484,67994,65,195528
3821,0.000852,172.217.194.0-255,2902,70896,65,195528
3822,0.000856,172.31.40.0-255,66,70962,65,195528
3823,0.000859,172.217.194.0-255,1484,72446,65,195528
3824,0.000884,172.217.194.0-255,4320,76766,65,195528
3825,0.000887,172.31.40.0-255,66,76832,65,195528
3826,0.000892,172.217.194.0-255,4320,81152,65,195528
3827,0.000894,172.31.40.0-255,66,81218,65,195528
3828,0.000931,172.31.40.0-255,66,81284,65,195528
3829,0.000945,172.31.40.0-255,66,81350,65,195528
3830,0.00171,172.217.194.0-255,1484,82834,65,195528
3831,0.00172,172.217.194.0-255,2902,85736,65,195528
3832,0.001724,172.31.40.0-255,66,85802,65,195528
3833,0.001733,172.217.194.0-255,5738,91540,65,195528
3834,0.001735,172.31.40.0-255,66,91606,65,195528
3835,0.001762,172.217.194.0-255,5738,97344,65,195528
3836,0.001765,172.31.40.0-255,66,97410,65,195528
3837,0.001805,172.31.40.0-255,66,97476,65,195528
3838,0.001812,172.217.194.0-255,5020,102496,65,195528
3839,0.001814,172.31.40.0-255,66,102562,65,195528
3840,0.001977,172.217.194.0-255,1484,104046,65,195528
3841,0.001999,172.217.194.0-255,2902,106948,65,195528
3842,0.002002,172.31.40.0-255,66,107014,65,195528
3843,0.002006,172.217.194.0-255,1484,108498,65,195528
3844,0.002036,172.217.194.0-255,5738,114236,65,195528
3845,0.002038,172.31.40.0-255,66,114302,65,195528
3846,0.002086,172.217.194.0-255,7156,121458,65,195528
3847,0.002089,172.31.40.0-255,66,121524,65,195528
3848,0.002113,172.217.194.0-255,5738,127262,65,195528
3849,0.002116,172.31.40.0-255,66,127328,65,195528
3850,0.002154,172.31.40.0-255,66,127394,65,195528
3851,0.002674,172.217.194.0-255,1484,128878,65,195528
3852,0.002679,172.217.194.0-255,1484,130362,65,195528
3853,0.002683,172.31.40.0-255,66,130428,65,195528
3854,0.002695,172.217.194.0-255,1484,131912,65,195528
3855,0.002703,172.217.194.0-255,2902,134814,65,195528
3856,0.002705,172.31.40.0-255,66,134880,65,195528
3857,0.002731,172.217.194.0-255,2902,137782,65,195528
3858,0.002733,172.31.40.0-255,66,137848,65,195528
3859,0.002738,172.217.194.0-255,4320,142168,65,195528
3860,0.002741,172.31.40.0-255,66,142234,65,195528
3861,0.002743,172.217.194.0-255,1484,143718,65,195528
3862,0.002787,172.31.40.0-255,66,143784,65,195528
3863,0.00279,172.217.194.0-255,1484,145268,65,195528
3864,0.002794,172.217.194.0-255,2184,147452,65,195528
3865,0.002796,172.31.40.0-255,66,147518,65,195528
3866,0.003034,172.217.194.0-255,1484,149002,65,195528
3867,0.003051,172.217.194.0-255,2902,151904,65,195528
3868,0.003054,172.31.40.0-255,66,151970,65,195528
3869,0.003057,172.217.194.0-255,1484,153454,65,195528
3870,0.003083,172.217.194.0-255,4320,157774,65,195528
3871,0.003085,172.31.40.0-255,66,157840,65,195528
3872,0.003092,172.217.194.0-255,7156,164996,65,195528
3873,0.003095,172.31.40.0-255,66,165062,65,195528
3874,0.003139,172.31.40.0-255,66,165128,65,195528
3875,0.003183,172.31.40.0-255,66,165194,65,195528
3876,0.003204,172.31.40.0-255,66,165260,65,195528
3877,0.003219,172.31.40.0-255,66,165326,65,195528
3878,0.003241,172.217.194.0-255,1484,166810,65,195528
3879,0.003246,172.217.194.0-255,2902,169712,65,195528
3880,0.003248,172.31.40.0-255,66,169778,65,195528
3881,0.003254,172.217.194.0-255,5738,175516,65,195528
3882,0.003256,172.31.40.0-255,66,175582,65,195528
3883,0.003318,172.217.194.0-255,4320,179902,65,195528
3884,0.00332,172.31.40.0-255,66,179968,65,195528
3885,0.003356,172.31.40.0-255,66,180034,65,195528
3886,0.003367,172.31.40.0-255,66,180100,65,195528
3887,0.003385,172.31.40.0-255,66,180166,65,195528
3888,0.003398,172.31.40.0-255,66,180232,65,195528
3889,0.003428,172.217.194.0-255,2902,183134,65,195528
3890,0.00343,172.31.40.0-255,66,183200,65,195528
3891,0.003433,172.217.194.0-255,766,183966,65,195528
3892,0.003444,172.31.40.0-255,66,184032,65,195528
3893,0.003462,172.31.40.0-255,66,184098,65,195528
3894,0.003491,172.217.194.0-255,6438,190536,65,195528
3895,0.003493,172.31.40.0-255,66,190602,65,195528
3896,0.003495,172.217.194.0-255,1484,192086,65,195528
3897,0.003532,172.31.40.0-255,66,192152,65,195528
3898,0.003535,172.217.194.0-255,2902,195054,65,195528
3899,0.003537,172.31.40.0-255,66,195120,65,195528
3900,0.003591,172.31.40.0-255,66,195186,65,195528
3901,0.003594,172.217.194.0-255,105,195291,65,195528
3902,0.007855,172.31.40.0-255,66,195357,65,195528
3903,0.007887,172.31.40.0-255,105,195462,65,195528
3904,0.010312,172.217.194.0-255,66,195528,65,195528
3905,0.0,172.217.194.0-255,153,153,65,188452
3906,4.4e-05,172.31.40.0-255,66,219,65,188452
3907,5.1e-05,172.217.194.0-255,1484,1703,65,188452
3908,5.6e-05,172.31.40.0-255,66,1769,65,188452
3909,6.2e-05,172.217.194.0-255,2902,4671,65,188452
3910,6.6e-05,172.31.40.0-255,66,4737,65,188452
3911,7.3e-05,172.217.194.0-255,7156,11893,65,188452
3912,7.7e-05,172.31.40.0-255,66,11959,65,188452
3913,8.1e-05,172.217.194.0-255,2066,14025,65,188452
3914,8.4e-05,172.31.40.0-255,66,14091,65,188452
3915,0.00011,172.217.194.0-255,2902,16993,65,188452
3916,0.000114,172.31.40.0-255,66,17059,65,188452
3917,0.000136,172.217.194.0-255,7156,24215,65,188452
3918,0.000138,172.31.40.0-255,66,24281,65,188452
3919,0.000141,172.217.194.0-255,1484,25765,65,188452
3920,0.000143,172.31.40.0-255,66,25831,65,188452
3921,0.000174,172.31.40.0-255,66,25897,65,188452
3922,0.000191,172.217.194.0-255,6797,32694,65,188452
3923,0.000194,172.31.40.0-255,66,32760,65,188452
3924,0.000202,172.217.194.0-255,6797,39557,65,188452
3925,0.000204,172.31.40.0-255,66,39623,65,188452
3926,0.000223,172.217.194.0-255,1484,41107,65,188452
3927,0.000225,172.31.40.0-255,66,41173,65,188452
3928,0.000246,172.217.194.0-255,1484,42657,65,188452
3929,0.000248,172.31.40.0-255,66,42723,65,188452
3930,0.000253,172.217.194.0-255,4320,47043,65,188452
3931,0.000255,172.31.40.0-255,66,47109,65,188452
3932,0.000266,172.31.40.0-255,66,47175,65,188452
3933,0.000269,172.217.194.0-255,1437,48612,65,188452
3934,0.000271,172.31.40.0-255,66,48678,65,188452
3935,0.000696,172.217.194.0-255,99,48777,65,188452
3936,0.000775,172.217.194.0-255,1484,50261,65,188452
3937,0.000779,172.31.40.0-255,66,50327,65,188452
3938,0.000785,172.217.194.0-255,2902,53229,65,188452
3939,0.000786,172.31.40.0-255,66,53295,65,188452
3940,0.000789,172.217.194.0-255,1484,54779,65,188452
3941,0.000815,172.31.40.0-255,66,54845,65,188452
3942,0.000837,172.217.194.0-255,2902,57747,65,188452
3943,0.000842,172.31.40.0-255,66,57813,65,188452
3944,0.000851,172.217.194.0-255,2543,60356,65,188452
3945,0.000853,172.31.40.0-255,66,60422,65,188452
3946,0.000859,172.217.194.0-255,5738,66160,65,188452
3947,0.000862,172.31.40.0-255,66,66226,65,188452
3948,0.000923,172.217.194.0-255,7156,73382,65,188452
3949,0.000926,172.31.40.0-255,66,73448,65,188452
3950,0.000941,172.217.194.0-255,1125,74573,65,188452
3951,0.001025,172.217.194.0-255,1484,76057,65,188452
3952,0.001029,172.31.40.0-255,66,76123,65,188452
3953,0.001034,172.217.194.0-255,2902,79025,65,188452
3954,0.001036,172.31.40.0-255,66,79091,65,188452
3955,0.001039,172.217.194.0-255,1484,80575,65,188452
3956,0.001057,172.217.194.0-255,4320,84895,65,188452
3957,0.00106,172.31.40.0-255,66,84961,65,188452
3958,0.001066,172.217.194.0-255,5738,90699,65,188452
3959,0.001068,172.31.40.0-255,66,90765,65,188452
3960,0.001089,172.217.194.0-255,4320,95085,65,188452
3961,0.001092,172.31.40.0-255,66,95151,65,188452
3962,0.001104,172.217.194.0-255,7156,102307,65,188452
3963,0.001107,172.31.40.0-255,66,102373,65,188452
3964,0.00113,172.217.194.0-255,6438,108811,65,188452
3965,0.001134,172.31.40.0-255,66,108877,65,188452
3966,0.001302,172.217.194.0-255,1484,110361,65,188452
3967,0.001308,172.217.194.0-255,2902,113263,65,188452
3968,0.001311,172.31.40.0-255,66,113329,65,188452
3969,0.001324,172.217.194.0-255,1484,114813,65,188452
3970,0.001346,172.217.194.0-255,4320,119133,65,188452
3971,0.001349,172.31.40.0-255,66,119199,65,188452
3972,0.001356,172.217.194.0-255,5738,124937,65,188452
3973,0.001358,172.31.40.0-255,66,125003,65,188452
3974,0.001371,172.217.194.0-255,2902,127905,65,188452
3975,0.001373,172.31.40.0-255,66,127971,65,188452
3976,0.001392,172.217.194.0-255,5738,133709,65,188452
3977,0.001394,172.31.40.0-255,66,133775,65,188452
3978,0.001456,172.31.40.0-255,66,133841,65,188452
3979,0.001459,172.31.40.0-255,66,133907,65,188452
3980,0.001462,172.217.194.0-255,1484,135391,65,188452
3981,0.00149,172.31.40.0-255,66,135457,65,188452
3982,0.001505,172.217.194.0-255,3602,139059,65,188452
3983,0.001508,172.31.40.0-255,66,139125,65,188452
3984,0.001524,172.31.40.0-255,66,139191,65,188452
3985,0.001531,172.217.194.0-255,7156,146347,65,188452
3986,0.001534,172.31.40.0-255,66,146413,65,188452
3987,0.001548,172.217.194.0-255,4320,150733,65,188452
3988,0.001551,172.31.40.0-255,66,150799,65,188452
3989,0.001577,172.217.194.0-255,5738,156537,65,188452
3990,0.00158,172.31.40.0-255,66,156603,65,188452
3991,0.001619,172.31.40.0-255,66,156669,65,188452
3992,0.001641,172.217.194.0-255,3602,160271,65,188452
3993,0.001643,172.31.40.0-255,66,160337,65,188452
3994,0.001664,172.31.40.0-255,66,160403,65,188452
3995,0.001689,172.217.194.0-255,5020,165423,65,188452
3996,0.001728,172.217.194.0-255,5738,171161,65,188452
3997,0.001732,172.31.40.0-255,66,171227,65,188452
3998,0.001735,172.31.40.0-255,66,171293,65,188452
3999,0.001747,172.217.194.0-255,7156,178449,65,188452
4000,0.001749,172.31.40.0-255,66,178515,65,188452
4001,0.001764,172.31.40.0-255,66,178581,65,188452
4002,0.0018,172.31.40.0-255,66,178647,65,188452
4003,0.001838,172.217.194.0-255,3602,182249,65,188452
4004,0.001842,172.31.40.0-255,66,182315,65,188452
4005,0.001874,172.31.40.0-255,66,182381,65,188452
4006,0.001887,172.217.194.0-255,2184,184565,65,188452
4007,0.001916,172.31.40.0-255,66,184631,65,188452
4008,0.001942,172.217.194.0-255,3584,188215,65,188452
4009,0.001946,172.31.40.0-255,66,188281,65,188452
4010,0.010434,172.31.40.0-255,105,188386,65,188452
4011,0.0128,172.217.194.0-255,66,188452,65,188452
4012,0.0,172.31.40.0-255,105,105,65,276
4013,0.001763,157.240.24.0-255,105,210,65,276
4014,0.001779,172.31.40.0-255,66,276,65,276
4015,0.0,172.217.194.0-255,153,153,65,246458
4016,2.3e-05,172.31.40.0-255,66,219,65,246458
4017,3.1e-05,172.217.194.0-255,1484,1703,65,246458
4018,3.6e-05,172.31.40.0-255,66,1769,65,246458
4019,4.2e-05,172.217.194.0-255,2902,4671,65,246458
4020,5.3e-05,172.31.40.0-255,66,4737,65,246458
4021,6.1e-05,172.217.194.0-255,7156,11893,65,246458
4022,6.3e-05,172.31.40.0-255,66,11959,65,246458
4023,6.7e-05,172.217.194.0-255,2096,14055,65,246458
4024,7e-05,172.31.40.0-255,66,14121,65,246458
4025,8.2e-05,172.31.40.0-255,66,14187,65,246458
4026,0.000125,172.217.194.0-255,5379,19566,65,246458
4027,0.000129,172.31.40.0-255,66,19632,65,246458
4028,0.000153,172.217.194.0-255,1484,21116,65,246458
4029,0.000156,172.31.40.0-255,66,21182,65,246458
4030,0.000161,172.217.194.0-255,2902,24084,65,246458
4031,0.000162,172.31.40.0-255,66,24150,65,246458
4032,0.000191,172.217.194.0-255,5738,29888,65,246458
4033,0.000194,172.31.40.0-255,66,29954,65,246458
4034,0.000199,172.217.194.0-255,4320,34274,65,246458
4035,0.000202,172.31.40.0-255,66,34340,65,246458
4036,0.000236,172.217.194.0-255,1484,35824,65,246458
4037,0.000238,172.31.40.0-255,66,35890,65,246458
4038,0.000255,172.31.40.0-255,66,35956,65,246458
4039,0.000284,172.217.194.0-255,5292,41248,65,246458
4040,0.000286,172.31.40.0-255,66,41314,65,246458
4041,0.000289,172.217.194.0-255,121,41435,65,246458
4042,0.000291,172.31.40.0-255,66,41501,65,246458
4043,0.000388,172.217.194.0-255,1484,42985,65,246458
4044,0.000392,172.31.40.0-255,66,43051,65,246458
4045,0.000398,172.217.194.0-255,2902,45953,65,246458
4046,0.000401,172.31.40.0-255,66,46019,65,246458
4047,0.000413,172.217.194.0-255,5738,51757,65,246458
4048,0.000415,172.31.40.0-255,66,51823,65,246458
4049,0.000442,172.217.194.0-255,4320,56143,65,246458
4050,0.000444,172.31.40.0-255,66,56209,65,246458
4051,0.000474,172.31.40.0-255,66,56275,65,246458
4052,0.000487,172.31.40.0-255,66,56341,65,246458
4053,0.000522,172.31.40.0-255,66,56407,65,246458
4054,0.00053,172.217.194.0-255,6532,62939,65,246458
4055,0.000532,172.31.40.0-255,66,63005,65,246458
4056,0.000619,172.217.194.0-255,1484,64489,65,246458
4057,0.000625,172.217.194.0-255,1484,65973,65,246458
4058,0.000628,172.31.40.0-255,66,66039,65,246458
4059,0.000644,172.217.194.0-255,1484,67523,65,246458
4060,0.000651,172.217.194.0-255,4320,71843,65,246458
4061,0.000653,172.31.40.0-255,66,71909,65,246458
4062,0.000682,172.217.194.0-255,1484,73393,65,246458
4063,0.00069,172.217.194.0-255,7156,80549,65,246458
4064,0.000692,172.31.40.0-255,66,80615,65,246458
4065,0.000732,172.31.40.0-255,66,80681,65,246458
4066,0.000757,172.217.194.0-255,4320,85001,65,246458
4067,0.00076,172.31.40.0-255,66,85067,65,246458
4068,0.000764,172.217.194.0-255,2184,87251,65,246458
4069,0.000767,172.31.40.0-255,66,87317,65,246458
4070,0.000771,172.217.194.0-255,2902,90219,65,246458
4071,0.000774,172.31.40.0-255,66,90285,65,246458
4072,0.000781,172.217.194.0-255,7156,97441,65,246458
4073,0.000783,172.31.40.0-255,66,97507,65,246458
4074,0.000789,172.217.194.0-255,5738,103245,65,246458
4075,0.000794,172.31.40.0-255,66,103311,65,246458
4076,0.00081,172.217.194.0-255,1125,104436,65,246458
4077,0.000859,172.217.194.0-255,1484,105920,65,246458
4078,0.000862,172.31.40.0-255,66,105986,65,246458
4079,0.000868,172.217.194.0-255,2902,108888,65,246458
4080,0.000871,172.31.40.0-255,66,108954,65,246458
4081,0.000882,172.217.194.0-255,5738,114692,65,246458
4082,0.000884,172.31.40.0-255,66,114758,65,246458
4083,0.000924,172.31.40.0-255,66,114824,65,246458
4084,0.000929,172.217.194.0-255,4320,119144,65,246458
4085,0.000931,172.31.40.0-255,66,119210,65,246458
4086,0.000965,172.217.194.0-255,6438,125648,65,246458
4087,0.000969,172.31.40.0-255,66,125714,65,246458
4088,0.000974,172.217.194.0-255,2902,128616,65,246458
4089,0.000976,172.31.40.0-255,66,128682,65,246458
4090,0.001009,172.217.194.0-255,4320,133002,65,246458
4091,0.001013,172.31.40.0-255,66,133068,65,246458
4092,0.001027,172.31.40.0-255,66,133134,65,246458
4093,0.001044,172.217.194.0-255,766,133900,65,246458
4094,0.001068,172.31.40.0-255,66,133966,65,246458
4095,0.001167,172.217.194.0-255,1484,135450,65,246458
4096,0.001173,172.217.194.0-255,2902,138352,65,246458
4097,0.001176,172.31.40.0-255,66,138418,65,246458
4098,0.00118,172.217.194.0-255,1484,139902,65,246458
4099,0.001198,172.217.194.0-255,4320,144222,65,246458
4100,0.001204,172.217.194.0-255,4320,148542,65,246458
4101,0.001225,172.217.194.0-255,5738,154280,65,246458
4102,0.00124,172.31.40.0-255,66,154346,65,246458
4103,0.001245,172.217.194.0-255,2902,157248,65,246458
4104,0.001306,172.31.40.0-255,66,157314,65,246458
4105,0.001661,172.217.194.0-255,1484,158798,65,246458
4106,0.001668,172.217.194.0-255,2902,161700,65,246458
4107,0.001671,172.31.40.0-255,66,161766,65,246458
4108,0.001675,172.217.194.0-255,1484,163250,65,246458
4109,0.001702,172.217.194.0-255,4320,167570,65,246458
4110,0.001704,172.31.40.0-255,66,167636,65,246458
4111,0.001712,172.217.194.0-255,5738,173374,65,246458
4112,0.001717,172.31.40.0-255,66,173440,65,246458
4113,0.00176,172.217.194.0-255,1484,174924,65,246458
4114,0.001767,172.217.194.0-255,5020,179944,65,246458
4115,0.001786,172.31.40.0-255,66,180010,65,246458
4116,0.001941,172.217.194.0-255,1484,181494,65,246458
4117,0.001956,172.217.194.0-255,2902,184396,65,246458
4118,0.001959,172.31.40.0-255,66,184462,65,246458
4119,0.001992,172.217.194.0-255,5738,190200,65,246458
4120,0.001999,172.31.40.0-255,66,190266,65,246458
4121,0.00201,172.217.194.0-255,5738,196004,65,246458
4122,0.002032,172.217.194.0-255,7156,203160,65,246458
4123,0.002057,172.31.40.0-255,66,203226,65,246458
4124,0.002063,172.217.194.0-255,2902,206128,65,246458
4125,0.0021,172.217.194.0-255,1484,207612,65,246458
4126,0.002122,172.217.194.0-255,7156,214768,65,246458
4127,0.002139,172.217.194.0-255,2902,217670,65,246458
4128,0.002145,172.217.194.0-255,4320,221990,65,246458
4129,0.002165,172.217.194.0-255,7156,229146,65,246458
4130,0.002179,172.217.194.0-255,1484,230630,65,246458
4131,0.002181,172.217.194.0-255,1484,232114,65,246458
4132,0.00222,172.217.194.0-255,4320,236434,65,246458
4133,0.002264,172.217.194.0-255,5738,242172,65,246458
4134,0.002266,172.217.194.0-255,1484,243656,65,246458
4135,0.002283,172.217.194.0-255,2460,246116,65,246458
4136,0.002286,172.217.194.0-255,105,246221,65,246458
4137,0.006439,172.31.40.0-255,66,246287,65,246458
4138,0.009042,172.31.40.0-255,105,246392,65,246458
4139,0.011553,172.217.194.0-255,66,246458,65,246458
4140,0.0,74.125.24.0-255,153,153,65,97190
4141,2e-05,172.31.40.0-255,66,219,65,97190
4142,2.7e-05,74.125.24.0-255,1484,1703,65,97190
4143,3.2e-05,172.31.40.0-255,66,1769,65,97190
4144,4.4e-05,74.125.24.0-255,2902,4671,65,97190
4145,4.8e-05,172.31.40.0-255,66,4737,65,97190
4146,5.6e-05,74.125.24.0-255,7156,11893,65,97190
4147,5.9e-05,172.31.40.0-255,66,11959,65,97190
4148,6.4e-05,74.125.24.0-255,2056,14015,65,97190
4149,6.7e-05,172.31.40.0-255,66,14081,65,97190
4150,0.000135,172.31.40.0-255,66,14147,65,97190
4151,0.000151,172.31.40.0-255,66,14213,65,97190
4152,0.000189,172.31.40.0-255,66,14279,65,97190
4153,0.000236,74.125.24.0-255,1484,15763,65,97190
4154,0.000238,172.31.40.0-255,66,15829,65,97190
4155,0.000243,74.125.24.0-255,2902,18731,65,97190
4156,0.000245,172.31.40.0-255,66,18797,65,97190
4157,0.000272,74.125.24.0-255,5738,24535,65,97190
4158,0.000274,172.31.40.0-255,66,24601,65,97190
4159,0.000316,74.125.24.0-255,5738,30339,65,97190
4160,0.000319,172.31.40.0-255,66,30405,65,97190
4161,0.000336,74.125.24.0-255,1713,32118,65,97190
4162,0.000338,172.31.40.0-255,66,32184,65,97190
4163,0.001132,74.125.24.0-255,1484,33668,65,97190
4164,0.001138,172.31.40.0-255,66,33734,65,97190
4165,0.001147,74.125.24.0-255,2902,36636,65,97190
4166,0.001149,172.31.40.0-255,66,36702,65,97190
4167,0.001161,74.125.24.0-255,5738,42440,65,97190
4168,0.001163,172.31.40.0-255,66,42506,65,97190
4169,0.001174,172.31.40.0-255,66,42572,65,97190
4170,0.00122,172.31.40.0-255,66,42638,65,97190
4171,0.001226,74.125.24.0-255,5020,47658,65,97190
4172,0.001228,172.31.40.0-255,66,47724,65,97190
4173,0.002647,74.125.24.0-255,1484,49208,65,97190
4174,0.002657,74.125.24.0-255,2902,52110,65,97190
4175,0.002661,172.31.40.0-255,66,52176,65,97190
4176,0.002694,74.125.24.0-255,4320,56496,65,97190
4177,0.002696,172.31.40.0-255,66,56562,65,97190
4178,0.002706,74.125.24.0-255,5738,62300,65,97190
4179,0.002707,172.31.40.0-255,66,62366,65,97190
4180,0.005375,74.125.24.0-255,5738,68104,65,97190
4181,0.005382,172.31.40.0-255,66,68170,65,97190
4182,0.008054,74.125.24.0-255,5738,73908,65,97190
4183,0.00806,172.31.40.0-255,66,73974,65,97190
4184,0.01075,74.125.24.0-255,5738,79712,65,97190
4185,0.010755,172.31.40.0-255,66,79778,65,97190
4186,0.013425,74.125.24.0-255,5738,85516,65,97190
4187,0.013432,172.31.40.0-255,66,85582,65,97190
4188,0.016127,74.125.24.0-255,5738,91320,65,97190
4189,0.016137,172.31.40.0-255,66,91386,65,97190
4190,0.018825,74.125.24.0-255,5738,97124,65,97190
4191,0.018835,172.31.40.0-255,66,97190,65,97190
4192,0.0,172.217.194.0-255,153,153,65,205035
4193,2e-05,172.31.40.0-255,66,219,65,205035
4194,2.7e-05,172.217.194.0-255,1484,1703,65,205035
4195,3.3e-05,172.31.40.0-255,66,1769,65,205035
4196,3.8e-05,172.217.194.0-255,2902,4671,65,205035
4197,4.2e-05,172.31.40.0-255,66,4737,65,205035
4198,4.6e-05,172.217.194.0-255,2902,7639,65,205035
4199,4.9e-05,172.31.40.0-255,66,7705,65,205035
4200,8.8e-05,172.217.194.0-255,6358,14063,65,205035
4201,9.2e-05,172.31.40.0-255,66,14129,65,205035
4202,0.000134,172.217.194.0-255,1484,15613,65,205035
4203,0.000137,172.31.40.0-255,66,15679,65,205035
4204,0.000142,172.217.194.0-255,2902,18581,65,205035
4205,0.000144,172.31.40.0-255,66,18647,65,205035
4206,0.00015,172.217.194.0-255,5738,24385,65,205035
4207,0.000153,172.31.40.0-255,66,24451,65,205035
4208,0.000171,172.217.194.0-255,1484,25935,65,205035
4209,0.000173,172.31.40.0-255,66,26001,65,205035
4210,0.000194,172.217.194.0-255,5379,31380,65,205035
4211,0.000197,172.31.40.0-255,66,31446,65,205035
4212,0.000204,172.217.194.0-255,7156,38602,65,205035
4213,0.000207,172.31.40.0-255,66,38668,65,205035
4214,0.00023,172.217.194.0-255,4320,42988,65,205035
4215,0.000232,172.31.40.0-255,66,43054,65,205035
4216,0.000249,172.217.194.0-255,5379,48433,65,205035
4217,0.000251,172.31.40.0-255,66,48499,65,205035
4218,0.00073,172.217.194.0-255,1484,49983,65,205035
4219,0.000736,172.31.40.0-255,66,50049,65,205035
4220,0.000742,172.217.194.0-255,2902,52951,65,205035
4221,0.000744,172.31.40.0-255,66,53017,65,205035
4222,0.000749,172.217.194.0-255,2902,55919,65,205035
4223,0.000751,172.31.40.0-255,66,55985,65,205035
4224,0.000778,172.217.194.0-255,2902,58887,65,205035
4225,0.000781,172.31.40.0-255,66,58953,65,205035
4226,0.0008,172.217.194.0-255,4320,63273,65,205035
4227,0.000804,172.31.40.0-255,66,63339,65,205035
4228,0.000815,172.217.194.0-255,2543,65882,65,205035
4229,0.000818,172.31.40.0-255,66,65948,65,205035
4230,0.000835,172.217.194.0-255,1484,67432,65,205035
4231,0.000839,172.217.194.0-255,1484,68916,65,205035
4232,0.000841,172.31.40.0-255,66,68982,65,205035
4233,0.000869,172.217.194.0-255,1484,70466,65,205035
4234,0.000876,172.217.194.0-255,5738,76204,65,205035
4235,0.000878,172.31.40.0-255,66,76270,65,205035
4236,0.000896,172.217.194.0-255,5738,82008,65,205035
4237,0.000898,172.31.40.0-255,66,82074,65,205035
4238,0.000925,172.31.40.0-255,66,82140,65,205035
4239,0.000928,172.217.194.0-255,1484,83624,65,205035
4240,0.000949,172.217.194.0-255,4320,87944,65,205035
4241,0.000952,172.31.40.0-255,66,88010,65,205035
4242,0.000974,172.217.194.0-255,4541,92551,65,205035
4243,0.000978,172.31.40.0-255,66,92617,65,205035
4244,0.001136,172.217.194.0-255,1484,94101,65,205035
4245,0.001141,172.217.194.0-255,2902,97003,65,205035
4246,0.001143,172.217.194.0-255,1484,98487,65,205035
4247,0.001149,172.31.40.0-255,66,98553,65,205035
4248,0.00116,172.217.194.0-255,4320,102873,65,205035
4249,0.001163,172.31.40.0-255,66,102939,65,205035
4250,0.001166,172.217.194.0-255,1484,104423,65,205035
4251,0.001201,172.31.40.0-255,66,104489,65,205035
4252,0.001223,172.217.194.0-255,5738,110227,65,205035
4253,0.001227,172.31.40.0-255,66,110293,65,205035
4254,0.001242,172.217.194.0-255,5020,115313,65,205035
4255,0.001244,172.31.40.0-255,66,115379,65,205035
4256,0.001249,172.217.194.0-255,2902,118281,65,205035
4257,0.001251,172.31.40.0-255,66,118347,65,205035
4258,0.001281,172.217.194.0-255,5738,124085,65,205035
4259,0.001284,172.31.40.0-255,66,124151,65,205035
4260,0.001296,172.31.40.0-255,66,124217,65,205035
4261,0.001343,172.31.40.0-255,66,124283,65,205035
4262,0.001365,172.217.194.0-255,5020,129303,65,205035
4263,0.001367,172.31.40.0-255,66,129369,65,205035
4264,0.001642,172.217.194.0-255,1484,130853,65,205035
4265,0.001648,172.217.194.0-255,2902,133755,65,205035
4266,0.001651,172.31.40.0-255,66,133821,65,205035
4267,0.001655,172.217.194.0-255,1484,135305,65,205035
4268,0.001672,172.217.194.0-255,4320,139625,65,205035
4269,0.001674,172.31.40.0-255,66,139691,65,205035
4270,0.001693,172.217.194.0-255,2902,142593,65,205035
4271,0.001695,172.31.40.0-255,66,142659,65,205035
4272,0.001723,172.31.40.0-255,66,142725,65,205035
4273,0.001736,172.31.40.0-255,66,142791,65,205035
4274,0.001791,172.217.194.0-255,1484,144275,65,205035
4275,0.001796,172.217.194.0-255,2902,147177,65,205035
4276,0.001801,172.31.40.0-255,66,147243,65,205035
4277,0.001824,172.217.194.0-255,5738,152981,65,205035
4278,0.001827,172.31.40.0-255,66,153047,65,205035
4279,0.001834,172.217.194.0-255,5738,158785,65,205035
4280,0.001836,172.31.40.0-255,66,158851,65,205035
4281,0.001875,172.31.40.0-255,66,158917,65,205035
4282,0.001892,172.217.194.0-255,2902,161819,65,205035
4283,0.001895,172.31.40.0-255,66,161885,65,205035
4284,0.001898,172.217.194.0-255,766,162651,65,205035
4285,0.001914,172.217.194.0-255,1484,164135,65,205035
4286,0.001917,172.31.40.0-255,66,164201,65,205035
4287,0.001961,172.31.40.0-255,66,164267,65,205035
4288,0.001976,172.31.40.0-255,66,164333,65,205035
4289,0.001979,172.217.194.0-255,766,165099,65,205035
4290,0.003018,172.31.40.0-255,66,165165,65,205035
4291,0.004258,172.217.194.0-255,4320,169485,65,205035
4292,0.004265,172.31.40.0-255,66,169551,65,205035
4293,0.005271,172.217.194.0-255,1484,171035,65,205035
4294,0.006513,172.217.194.0-255,1484,172519,65,205035
4295,0.006517,172.31.40.0-255,66,172585,65,205035
4296,0.006534,172.217.194.0-255,2902,175487,65,205035
4297,0.006536,172.31.40.0-255,66,175553,65,205035
4298,0.008798,172.217.194.0-255,2902,178455,65,205035
4299,0.008804,172.31.40.0-255,66,178521,65,205035
4300,0.008824,172.217.194.0-255,1484,180005,65,205035
4301,0.008835,172.217.194.0-255,1484,181489,65,205035
4302,0.008837,172.31.40.0-255,66,181555,65,205035
4303,0.011103,172.217.194.0-255,2902,184457,65,205035
4304,0.011111,172.31.40.0-255,66,184523,65,205035
4305,0.011136,172.217.194.0-255,2902,187425,65,205035
4306,0.011138,172.31.40.0-255,66,187491,65,205035
4307,0.013378,172.217.194.0-255,2902,190393,65,205035
4308,0.013387,172.31.40.0-255,66,190459,65,205035
4309,0.013413,172.217.194.0-255,2902,193361,65,205035
4310,0.013416,172.31.40.0-255,66,193427,65,205035
4311,0.015715,172.217.194.0-255,5738,199165,65,205035
4312,0.015725,172.31.40.0-255,66,199231,65,205035
4313,0.018042,172.217.194.0-255,5738,204969,65,205035
4314,0.018048,172.31.40.0-255,66,205035,65,205035
4315,0.0,74.125.130.0-255,156,156,65,376581
4316,1.8e-05,172.31.40.0-255,66,222,65,376581
4317,2.6e-05,74.125.130.0-255,1484,1706,65,376581
4318,3.1e-05,172.31.40.0-255,66,1772,65,376581
4319,4.5e-05,74.125.130.0-255,2902,4674,65,376581
4320,4.9e-05,172.31.40.0-255,66,4740,65,376581
4321,8.5e-05,74.125.130.0-255,2902,7642,65,376581
4322,8.7e-05,172.31.40.0-255,66,7708,65,376581
4323,9.4e-05,74.125.130.0-255,4320,12028,65,376581
4324,9.7e-05,172.31.40.0-255,66,12094,65,376581
4325,0.00013,74.125.130.0-255,2089,14183,65,376581
4326,0.000133,172.31.40.0-255,66,14249,65,376581
4327,0.000296,74.125.130.0-255,1484,15733,65,376581
4328,0.000301,172.31.40.0-255,66,15799,65,376581
4329,0.000332,74.125.130.0-255,1484,17283,65,376581
4330,0.000335,172.31.40.0-255,66,17349,65,376581
4331,0.00034,74.125.130.0-255,2902,20251,65,376581
4332,0.000343,172.31.40.0-255,66,20317,65,376581
4333,0.000347,74.125.130.0-255,1484,21801,65,376581
4334,0.000349,172.31.40.0-255,66,21867,65,376581
4335,0.00038,74.125.130.0-255,4320,26187,65,376581
4336,0.000383,172.31.40.0-255,66,26253,65,376581
4337,0.000386,74.125.130.0-255,1484,27737,65,376581
4338,0.000388,172.31.40.0-255,66,27803,65,376581
4339,0.000393,74.125.130.0-255,2902,30705,65,376581
4340,0.000396,172.31.40.0-255,66,30771,65,376581
4341,0.00045,74.125.130.0-255,2543,33314,65,376581
4342,0.000453,172.31.40.0-255,66,33380,65,376581
4343,0.000458,74.125.130.0-255,2902,36282,65,376581
4344,0.00046,172.31.40.0-255,66,36348,65,376581
4345,0.000465,74.125.130.0-255,4320,40668,65,376581
4346,0.000467,172.31.40.0-255,66,40734,65,376581
4347,0.000495,74.125.130.0-255,2902,43636,65,376581
4348,0.000498,172.31.40.0-255,66,43702,65,376581
4349,0.00053,74.125.130.0-255,5738,49440,65,376581
4350,0.000533,172.31.40.0-255,66,49506,65,376581
4351,0.000575,74.125.130.0-255,2902,52408,65,376581
4352,0.000578,172.31.40.0-255,66,52474,65,376581
4353,0.000583,74.125.130.0-255,2902,55376,65,376581
4354,0.000585,172.31.40.0-255,66,55442,65,376581
4355,0.000591,74.125.130.0-255,4320,59762,65,376581
4356,0.000593,172.31.40.0-255,66,59828,65,376581
4357,0.000632,74.125.130.0-255,6438,66266,65,376581
4358,0.000636,172.31.40.0-255,66,66332,65,376581
4359,0.000639,74.125.130.0-255,344,66676,65,376581
4360,0.000661,74.125.130.0-255,119,66795,65,376581
4361,0.000664,74.125.130.0-255,376,67171,65,376581
4362,0.001124,74.125.130.0-255,1484,68655,65,376581
4363,0.001128,172.31.40.0-255,66,68721,65,376581
4364,0.001147,74.125.130.0-255,2902,71623,65,376581
4365,0.001149,172.31.40.0-255,66,71689,65,376581
4366,0.001153,74.125.130.0-255,2902,74591,65,376581
4367,0.001155,172.31.40.0-255,66,74657,65,376581
4368,0.001173,74.125.130.0-255,4320,78977,65,376581
4369,0.001175,172.31.40.0-255,66,79043,65,376581
4370,0.001233,172.31.40.0-255,66,79109,65,376581
4371,0.001246,74.125.130.0-255,1484,80593,65,376581
4372,0.001262,74.125.130.0-255,4320,84913,65,376581
4373,0.001264,172.31.40.0-255,66,84979,65,376581
4374,0.001289,74.125.130.0-255,4320,89299,65,376581
4375,0.001291,172.31.40.0-255,66,89365,65,376581
4376,0.001295,74.125.130.0-255,1484,90849,65,376581
4377,0.001318,74.125.130.0-255,2184,93033,65,376581
4378,0.001321,172.31.40.0-255,66,93099,65,376581
4379,0.002099,74.125.130.0-255,1484,94583,65,376581
4380,0.002108,74.125.130.0-255,1484,96067,65,376581
4381,0.002111,172.31.40.0-255,66,96133,65,376581
4382,0.002136,74.125.130.0-255,2902,99035,65,376581
4383,0.002138,172.31.40.0-255,66,99101,65,376581
4384,0.002171,74.125.130.0-255,2902,102003,65,376581
4385,0.002173,172.31.40.0-255,66,102069,65,376581
4386,0.002198,74.125.130.0-255,2902,104971,65,376581
4387,0.0022,172.31.40.0-255,66,105037,65,376581
4388,0.002221,74.125.130.0-255,1484,106521,65,376581
4389,0.002225,74.125.130.0-255,1484,108005,65,376581
4390,0.002226,172.31.40.0-255,66,108071,65,376581
4391,0.002232,74.125.130.0-255,2902,110973,65,376581
4392,0.002234,172.31.40.0-255,66,111039,65,376581
4393,0.002239,74.125.130.0-255,4320,115359,65,376581
4394,0.002241,172.31.40.0-255,66,115425,65,376581
4395,0.002264,74.125.130.0-255,1484,116909,65,376581
4396,0.002268,74.125.130.0-255,2902,119811,65,376581
4397,0.00227,172.31.40.0-255,66,119877,65,376581
4398,0.002296,74.125.130.0-255,5738,125615,65,376581
4399,0.002298,172.31.40.0-255,66,125681,65,376581
4400,0.002328,74.125.130.0-255,2184,127865,65,376581
4401,0.00233,172.31.40.0-255,66,127931,65,376581
4402,0.002405,74.125.130.0-255,1484,129415,65,376581
4403,0.002432,74.125.130.0-255,2902,132317,65,376581
4404,0.002434,172.31.40.0-255,66,132383,65,376581
4405,0.002464,74.125.130.0-255,1484,133867,65,376581
4406,0.002479,74.125.130.0-255,2902,136769,65,376581
4407,0.002481,172.31.40.0-255,66,136835,65,376581
4408,0.002484,74.125.130.0-255,1484,138319,65,376581
4409,0.002495,74.125.130.0-255,1484,139803,65,376581
4410,0.0025,172.31.40.0-255,66,139869,65,376581
4411,0.002521,74.125.130.0-255,1484,141353,65,376581
4412,0.002534,74.125.130.0-255,1484,142837,65,376581
4413,0.002536,172.31.40.0-255,66,142903,65,376581
4414,0.002562,74.125.130.0-255,2902,145805,65,376581
4415,0.002564,172.31.40.0-255,66,145871,65,376581
4416,0.002566,74.125.130.0-255,1484,147355,65,376581
4417,0.00259,74.125.130.0-255,5738,153093,65,376581
4418,0.002592,172.31.40.0-255,66,153159,65,376581
4419,0.002625,74.125.130.0-255,1484,154643,65,376581
4420,0.002645,74.125.130.0-255,5738,160381,65,376581
4421,0.002647,172.31.40.0-255,66,160447,65,376581
4422,0.00268,74.125.130.0-255,2184,162631,65,376581
4423,0.002683,172.31.40.0-255,66,162697,65,376581
4424,0.002727,74.125.130.0-255,1484,164181,65,376581
4425,0.002742,74.125.130.0-255,2902,167083,65,376581
4426,0.002745,172.31.40.0-255,66,167149,65,376581
4427,0.002761,74.125.130.0-255,2902,170051,65,376581
4428,0.002763,172.31.40.0-255,66,170117,65,376581
4429,0.002777,74.125.130.0-255,2902,173019,65,376581
4430,0.002779,172.31.40.0-255,66,173085,65,376581
4431,0.002786,74.125.130.0-255,2902,175987,65,376581
4432,0.002788,172.31.40.0-255,66,176053,65,376581
4433,0.002793,74.125.130.0-255,4320,180373,65,376581
4434,0.002795,172.31.40.0-255,66,180439,65,376581
4435,0.002822,172.31.40.0-255,66,180505,65,376581
4436,0.002825,74.125.130.0-255,1484,181989,65,376581
4437,0.002827,74.125.130.0-255,1484,183473,65,376581
4438,0.002829,172.31.40.0-255,66,183539,65,376581
4439,0.002848,74.125.130.0-255,1484,185023,65,376581
4440,0.002851,74.125.130.0-255,1484,186507,65,376581
4441,0.002854,172.31.40.0-255,66,186573,65,376581
4442,0.002856,74.125.130.0-255,1484,188057,65,376581
4443,0.002902,74.125.130.0-255,2184,190241,65,376581
4444,0.002904,172.31.40.0-255,66,190307,65,376581
4445,0.002932,74.125.130.0-255,2902,193209,65,376581
4446,0.002934,172.31.40.0-255,66,193275,65,376581
4447,0.002939,74.125.130.0-255,4320,197595,65,376581
4448,0.002941,172.31.40.0-255,66,197661,65,376581
4449,0.00299,74.125.130.0-255,5738,203399,65,376581
4450,0.002992,172.31.40.0-255,66,203465,65,376581
4451,0.002995,74.125.130.0-255,1484,204949,65,376581
4452,0.003017,74.125.130.0-255,2902,207851,65,376581
4453,0.003019,172.31.40.0-255,66,207917,65,376581
4454,0.003023,74.125.130.0-255,2902,210819,65,376581
4455,0.003025,172.31.40.0-255,66,210885,65,376581
4456,0.003055,74.125.130.0-255,2902,213787,65,376581
4457,0.003057,172.31.40.0-255,66,213853,65,376581
4458,0.00306,74.125.130.0-255,1484,215337,65,376581
4459,0.003097,74.125.130.0-255,5738,221075,65,376581
4460,0.003099,172.31.40.0-255,66,221141,65,376581
4461,0.003116,74.125.130.0-255,2184,223325,65,376581
4462,0.003117,172.31.40.0-255,66,223391,65,376581
4463,0.003452,74.125.130.0-255,1484,224875,65,376581
4464,0.003468,74.125.130.0-255,2902,227777,65,376581
4465,0.003471,172.31.40.0-255,66,227843,65,376581
4466,0.003474,74.125.130.0-255,1484,229327,65,376581
4467,0.003505,74.125.130.0-255,2902,232229,65,376581
4468,0.003508,172.31.40.0-255,66,232295,65,376581
4469,0.003511,74.125.130.0-255,1484,233779,65,376581
4470,0.003538,74.125.130.0-255,1484,235263,65,376581
4471,0.00354,172.31.40.0-255,66,235329,65,376581
4472,0.003545,74.125.130.0-255,2902,238231,65,376581
4473,0.003548,172.31.40.0-255,66,238297,65,376581
4474,0.003551,74.125.130.0-255,1484,239781,65,376581
4475,0.00358,74.125.130.0-255,2902,242683,65,376581
4476,0.003582,172.31.40.0-255,66,242749,65,376581
4477,0.003613,74.125.130.0-255,1484,244233,65,376581
4478,0.00363,74.125.130.0-255,1484,245717,65,376581
4479,0.003633,172.31.40.0-255,66,245783,65,376581
4480,0.00365,74.125.130.0-255,1484,247267,65,376581
4481,0.003655,74.125.130.0-255,2902,250169,65,376581
4482,0.003657,172.31.40.0-255,66,250235,65,376581
4483,0.003662,74.125.130.0-255,2902,253137,65,376581
4484,0.003664,172.31.40.0-255,66,253203,65,376581
4485,0.003693,74.125.130.0-255,2902,256105,65,376581
4486,0.003695,172.31.40.0-255,66,256171,65,376581
4487,0.003699,74.125.130.0-255,2184,258355,65,376581
4488,0.003704,172.31.40.0-255,66,258421,65,376581
4489,0.003788,74.125.130.0-255,1484,259905,65,376581
4490,0.003811,74.125.130.0-255,2902,262807,65,376581
4491,0.003814,172.31.40.0-255,66,262873,65,376581
4492,0.003855,74.125.130.0-255,5738,268611,65,376581
4493,0.003858,172.31.40.0-255,66,268677,65,376581
4494,0.003899,74.125.130.0-255,4320,272997,65,376581
4495,0.003902,172.31.40.0-255,66,273063,65,376581
4496,0.003928,74.125.130.0-255,1484,274547,65,376581
4497,0.003936,74.125.130.0-255,7156,281703,65,376581
4498,0.00394,172.31.40.0-255,66,281769,65,376581
4499,0.003945,74.125.130.0-255,4320,286089,65,376581
4500,0.003948,172.31.40.0-255,66,286155,65,376581
4501,0.003971,74.125.130.0-255,6438,292593,65,376581
4502,0.003974,172.31.40.0-255,66,292659,65,376581
4503,0.00398,74.125.130.0-255,4320,296979,65,376581
4504,0.003982,172.31.40.0-255,66,297045,65,376581
4505,0.004021,74.125.130.0-255,7156,304201,65,376581
4506,0.004024,172.31.40.0-255,66,304267,65,376581
4507,0.004031,74.125.130.0-255,7156,311423,65,376581
4508,0.004033,172.31.40.0-255,66,311489,65,376581
4509,0.004036,74.125.130.0-255,1484,312973,65,376581
4510,0.004073,74.125.130.0-255,7156,320129,65,376581
4511,0.004077,172.31.40.0-255,66,320195,65,376581
4512,0.004083,74.125.130.0-255,6438,326633,65,376581
4513,0.004086,172.31.40.0-255,66,326699,65,376581
4514,0.004123,74.125.130.0-255,1484,328183,65,376581
4515,0.004127,74.125.130.0-255,1484,329667,65,376581
4516,0.004129,172.31.40.0-255,66,329733,65,376581
4517,0.004156,74.125.130.0-255,1484,331217,65,376581
4518,0.004162,74.125.130.0-255,4320,335537,65,376581
4519,0.004164,172.31.40.0-255,66,335603,65,376581
4520,0.004171,74.125.130.0-255,5738,341341,65,376581
4521,0.004173,172.31.40.0-255,66,341407,65,376581
4522,0.004207,172.31.40.0-255,66,341473,65,376581
4523,0.004213,74.125.130.0-255,5738,347211,65,376581
4524,0.004216,172.31.40.0-255,66,347277,65,376581
4525,0.004241,74.125.130.0-255,2184,349461,65,376581
4526,0.004244,172.31.40.0-255,66,349527,65,376581
4527,0.004771,74.125.130.0-255,1484,351011,65,376581
4528,0.004778,74.125.130.0-255,2902,353913,65,376581
4529,0.004783,172.31.40.0-255,66,353979,65,376581
4530,0.004815,74.125.130.0-255,2902,356881,65,376581
4531,0.004817,172.31.40.0-255,66,356947,65,376581
4532,0.004822,74.125.130.0-255,2902,359849,65,376581
4533,0.004824,172.31.40.0-255,66,359915,65,376581
4534,0.004829,74.125.130.0-255,2902,362817,65,376581
4535,0.004831,172.31.40.0-255,66,362883,65,376581
4536,0.004856,74.125.130.0-255,1484,364367,65,376581
4537,0.004861,74.125.130.0-255,2902,367269,65,376581
4538,0.004864,172.31.40.0-255,66,367335,65,376581
4539,0.004867,74.125.130.0-255,1484,368819,65,376581
4540,0.004871,74.125.130.0-255,2902,371721,65,376581
4541,0.004873,172.31.40.0-255,66,371787,65,376581
4542,0.004879,74.125.130.0-255,4320,376107,65,376581
4543,0.004881,172.31.40.0-255,66,376173,65,376581
4544,0.004947,172.31.40.0-255,66,376239,65,376581
4545,0.004978,74.125.130.0-255,105,376344,65,376581
4546,0.006899,172.31.40.0-255,66,376410,65,376581
4547,0.006935,172.31.40.0-255,105,376515,65,376581
4548,0.009269,74.125.130.0-255,66,376581,65,376581
4549,0.0,74.125.200.0-255,150,150,65,173356
4550,2.2e-05,172.31.40.0-255,66,216,65,173356
4551,3e-05,74.125.200.0-255,1484,1700,65,173356
4552,3.4e-05,172.31.40.0-255,66,1766,65,173356
4553,4e-05,74.125.200.0-255,2902,4668,65,173356
4554,5e-05,172.31.40.0-255,66,4734,65,173356
4555,5.6e-05,74.125.200.0-255,4320,9054,65,173356
4556,5.9e-05,172.31.40.0-255,66,9120,65,173356
4557,9.3e-05,74.125.200.0-255,4902,14022,65,173356
4558,9.6e-05,172.31.40.0-255,66,14088,65,173356
4559,0.000162,74.125.200.0-255,1484,15572,65,173356
4560,0.000165,172.31.40.0-255,66,15638,65,173356
4561,0.00017,74.125.200.0-255,2902,18540,65,173356
4562,0.000172,172.31.40.0-255,66,18606,65,173356
4563,0.000181,74.125.200.0-255,2902,21508,65,173356
4564,0.000184,172.31.40.0-255,66,21574,65,173356
4565,0.000209,74.125.200.0-255,2902,24476,65,173356
4566,0.000211,172.31.40.0-255,66,24542,65,173356
4567,0.000219,74.125.200.0-255,6797,31339,65,173356
4568,0.000221,172.31.40.0-255,66,31405,65,173356
4569,0.000394,74.125.200.0-255,1484,32889,65,173356
4570,0.000398,172.31.40.0-255,66,32955,65,173356
4571,0.000404,74.125.200.0-255,2902,35857,65,173356
4572,0.000406,172.31.40.0-255,66,35923,65,173356
4573,0.00044,74.125.200.0-255,5738,41661,65,173356
4574,0.000443,172.31.40.0-255,66,41727,65,173356
4575,0.000448,74.125.200.0-255,2902,44629,65,173356
4576,0.00045,172.31.40.0-255,66,44695,65,173356
4577,0.000454,74.125.200.0-255,3961,48656,65,173356
4578,0.000456,172.31.40.0-255,66,48722,65,173356
4579,0.000885,74.125.200.0-255,1484,50206,65,173356
4580,0.000898,172.31.40.0-255,66,50272,65,173356
4581,0.000903,74.125.200.0-255,1484,51756,65,173356
4582,0.000907,74.125.200.0-255,1484,53240,65,173356
4583,0.000909,172.31.40.0-255,66,53306,65,173356
4584,0.000927,74.125.200.0-255,1484,54790,65,173356
4585,0.000937,74.125.200.0-255,4320,59110,65,173356
4586,0.000939,172.31.40.0-255,66,59176,65,173356
4587,0.000966,74.125.200.0-255,1484,60660,65,173356
4588,0.000973,74.125.200.0-255,5379,66039,65,173356
4589,0.000975,172.31.40.0-255,66,66105,65,173356
4590,0.000982,74.125.200.0-255,5738,71843,65,173356
4591,0.000984,172.31.40.0-255,66,71909,65,173356
4592,0.001024,172.31.40.0-255,66,71975,65,173356
4593,0.001051,74.125.200.0-255,1125,73100,65,173356
4594,0.001054,74.125.200.0-255,1484,74584,65,173356
4595,0.001058,172.31.40.0-255,66,74650,65,173356
4596,0.001085,74.125.200.0-255,4320,78970,65,173356
4597,0.001088,172.31.40.0-255,66,79036,65,173356
4598,0.001091,74.125.200.0-255,1484,80520,65,173356
4599,0.001122,172.31.40.0-255,66,80586,65,173356
4600,0.001146,74.125.200.0-255,1125,81711,65,173356
4601,0.001151,74.125.200.0-255,1484,83195,65,173356
4602,0.001153,172.31.40.0-255,66,83261,65,173356
4603,0.001179,74.125.200.0-255,4320,87581,65,173356
4604,0.001182,172.31.40.0-255,66,87647,65,173356
4605,0.001185,74.125.200.0-255,1484,89131,65,173356
4606,0.00121,74.125.200.0-255,7156,96287,65,173356
4607,0.001213,172.31.40.0-255,66,96353,65,173356
4608,0.001216,74.125.200.0-255,1484,97837,65,173356
4609,0.001249,172.31.40.0-255,66,97903,65,173356
4610,0.001256,74.125.200.0-255,7156,105059,65,173356
4611,0.001259,172.31.40.0-255,66,105125,65,173356
4612,0.001276,74.125.200.0-255,2184,107309,65,173356
4613,0.001283,172.31.40.0-255,66,107375,65,173356
4614,0.00131,74.125.200.0-255,645,108020,65,173356
4615,0.001349,74.125.200.0-255,1484,109504,65,173356
4616,0.001352,172.31.40.0-255,66,109570,65,173356
4617,0.001356,74.125.200.0-255,1484,111054,65,173356
4618,0.001377,74.125.200.0-255,1484,112538,65,173356
4619,0.00138,172.31.40.0-255,66,112604,65,173356
4620,0.001419,74.125.200.0-255,4320,116924,65,173356
4621,0.001422,172.31.40.0-255,66,116990,65,173356
4622,0.001452,74.125.200.0-255,1484,118474,65,173356
4623,0.001463,172.31.40.0-255,66,118540,65,173356
4624,0.001475,172.31.40.0-255,66,118606,65,173356
4625,0.001478,74.125.200.0-255,1484,120090,65,173356
4626,0.001503,74.125.200.0-255,3602,123692,65,173356
4627,0.001506,172.31.40.0-255,66,123758,65,173356
4628,0.002081,74.125.200.0-255,1484,125242,65,173356
4629,0.002108,74.125.200.0-255,2902,128144,65,173356
4630,0.002112,172.31.40.0-255,66,128210,65,173356
4631,0.003625,74.125.200.0-255,1484,129694,65,173356
4632,0.004242,74.125.200.0-255,4320,134014,65,173356
4633,0.004247,172.31.40.0-255,66,134080,65,173356
4634,0.00639,74.125.200.0-255,4320,138400,65,173356
4635,0.006394,172.31.40.0-255,66,138466,65,173356
4636,0.006422,74.125.200.0-255,1484,139950,65,173356
4637,0.008513,74.125.200.0-255,4320,144270,65,173356
4638,0.00852,172.31.40.0-255,66,144336,65,173356
4639,0.010676,74.125.200.0-255,5738,150074,65,173356
4640,0.010683,172.31.40.0-255,66,150140,65,173356
4641,0.012826,74.125.200.0-255,5738,155878,65,173356
4642,0.012832,172.31.40.0-255,66,155944,65,173356
4643,0.014964,74.125.200.0-255,5738,161682,65,173356
4644,0.014973,172.31.40.0-255,66,161748,65,173356
4645,0.0171,74.125.200.0-255,5738,167486,65,173356
4646,0.017107,172.31.40.0-255,66,167552,65,173356
4647,0.019248,74.125.200.0-255,5738,173290,65,173356
4648,0.019256,172.31.40.0-255,66,173356,65,173356
4649,0.0,74.125.68.0-255,148,148,65,237439
4650,3.1e-05,172.31.40.0-255,66,214,65,237439
4651,3.8e-05,74.125.68.0-255,1484,1698,65,237439
4652,4.1e-05,172.31.40.0-255,66,1764,65,237439
4653,4.6e-05,74.125.68.0-255,2902,4666,65,237439
4654,4.8e-05,172.31.40.0-255,66,4732,65,237439
4655,7.3e-05,74.125.68.0-255,5738,10470,65,237439
4656,7.6e-05,172.31.40.0-255,66,10536,65,237439
4657,0.000108,74.125.68.0-255,3483,14019,65,237439
4658,0.000111,172.31.40.0-255,66,14085,65,237439
4659,0.000299,74.125.68.0-255,1484,15569,65,237439
4660,0.000305,172.31.40.0-255,66,15635,65,237439
4661,0.000309,74.125.68.0-255,1484,17119,65,237439
4662,0.000311,172.31.40.0-255,66,17185,65,237439
4663,0.000314,74.125.68.0-255,1484,18669,65,237439
4664,0.000316,172.31.40.0-255,66,18735,65,237439
4665,0.000339,74.125.68.0-255,1484,20219,65,237439
4666,0.000343,74.125.68.0-255,2902,23121,65,237439
4667,0.000344,172.31.40.0-255,66,23187,65,237439
4668,0.000348,172.31.40.0-255,66,23253,65,237439
4669,0.000366,74.125.68.0-255,2902,26155,65,237439
4670,0.000369,172.31.40.0-255,66,26221,65,237439
4671,0.000393,74.125.68.0-255,5379,31600,65,237439
4672,0.000396,172.31.40.0-255,66,31666,65,237439
4673,0.000403,74.125.68.0-255,5738,37404,65,237439
4674,0.000405,172.31.40.0-255,66,37470,65,237439
4675,0.000441,172.31.40.0-255,66,37536,65,237439
4676,0.000464,172.31.40.0-255,66,37602,65,237439
4677,0.000488,74.125.68.0-255,1484,39086,65,237439
4678,0.000491,172.31.40.0-255,66,39152,65,237439
4679,0.000498,74.125.68.0-255,6438,45590,65,237439
4680,0.000501,172.31.40.0-255,66,45656,65,237439
4681,0.000504,74.125.68.0-255,397,46053,65,237439
4682,0.000771,74.125.68.0-255,111,46164,65,237439
4683,0.000812,172.31.40.0-255,66,46230,65,237439
4684,0.000824,74.125.68.0-255,1484,47714,65,237439
4685,0.000838,74.125.68.0-255,2902,50616,65,237439
4686,0.000841,172.31.40.0-255,66,50682,65,237439
4687,0.000846,74.125.68.0-255,1484,52166,65,237439
4688,0.000863,74.125.68.0-255,4320,56486,65,237439
4689,0.000864,172.31.40.0-255,66,56552,65,237439
4690,0.000877,74.125.68.0-255,2902,59454,65,237439
4691,0.00088,172.31.40.0-255,66,59520,65,237439
4692,0.0009,74.125.68.0-255,2902,62422,65,237439
4693,0.000902,172.31.40.0-255,66,62488,65,237439
4694,0.000909,74.125.68.0-255,7156,69644,65,237439
4695,0.000912,172.31.40.0-255,66,69710,65,237439
4696,0.000939,74.125.68.0-255,7156,76866,65,237439
4697,0.000942,172.31.40.0-255,66,76932,65,237439
4698,0.000963,74.125.68.0-255,3602,80534,65,237439
4699,0.000966,172.31.40.0-255,66,80600,65,237439
4700,0.000997,74.125.68.0-255,1484,82084,65,237439
4701,0.001002,74.125.68.0-255,2902,84986,65,237439
4702,0.001006,172.31.40.0-255,66,85052,65,237439
4703,0.001018,74.125.68.0-255,2902,87954,65,237439
4704,0.00102,172.31.40.0-255,66,88020,65,237439
4705,0.001043,74.125.68.0-255,2902,90922,65,237439
4706,0.001047,172.31.40.0-255,66,90988,65,237439
4707,0.001049,74.125.68.0-255,5738,96726,65,237439
4708,0.001054,172.31.40.0-255,66,96792,65,237439
4709,0.00107,74.125.68.0-255,1484,98276,65,237439
4710,0.001078,74.125.68.0-255,7156,105432,65,237439
4711,0.001082,172.31.40.0-255,66,105498,65,237439
4712,0.001102,74.125.68.0-255,5738,111236,65,237439
4713,0.001106,172.31.40.0-255,66,111302,65,237439
4714,0.001126,74.125.68.0-255,1484,112786,65,237439
4715,0.001139,74.125.68.0-255,2184,114970,65,237439
4716,0.001142,172.31.40.0-255,66,115036,65,237439
4717,0.001161,74.125.68.0-255,331,115367,65,237439
4718,0.001205,74.125.68.0-255,1484,116851,65,237439
4719,0.001209,172.31.40.0-255,66,116917,65,237439
4720,0.001221,74.125.68.0-255,2902,119819,65,237439
4721,0.001224,172.31.40.0-255,66,119885,65,237439
4722,0.00124,74.125.68.0-255,1484,121369,65,237439
4723,0.001246,74.125.68.0-255,5738,127107,65,237439
4724,0.001249,172.31.40.0-255,66,127173,65,237439
4725,0.001274,74.125.68.0-255,7156,134329,65,237439
4726,0.001277,172.31.40.0-255,66,134395,65,237439
4727,0.001298,74.125.68.0-255,4320,138715,65,237439
4728,0.001301,172.31.40.0-255,66,138781,65,237439
4729,0.001306,74.125.68.0-255,4320,143101,65,237439
4730,0.001309,172.31.40.0-255,66,143167,65,237439
4731,0.001367,74.125.68.0-255,6438,149605,65,237439
4732,0.00137,172.31.40.0-255,66,149671,65,237439
4733,0.001382,74.125.68.0-255,1484,151155,65,237439
4734,0.001395,74.125.68.0-255,2902,154057,65,237439
4735,0.001398,172.31.40.0-255,66,154123,65,237439
4736,0.001417,74.125.68.0-255,2902,157025,65,237439
4737,0.00142,172.31.40.0-255,66,157091,65,237439
4738,0.001442,74.125.68.0-255,2902,159993,65,237439
4739,0.001445,172.31.40.0-255,66,160059,65,237439
4740,0.001451,74.125.68.0-255,5738,165797,65,237439
4741,0.001453,172.31.40.0-255,66,165863,65,237439
4742,0.001471,74.125.68.0-255,2902,168765,65,237439
4743,0.001474,172.31.40.0-255,66,168831,65,237439
4744,0.001485,172.31.40.0-255,66,168897,65,237439
4745,0.001491,74.125.68.0-255,5020,173917,65,237439
4746,0.001494,172.31.40.0-255,66,173983,65,237439
4747,0.002113,74.125.68.0-255,1484,175467,65,237439
4748,0.002123,74.125.68.0-255,2902,178369,65,237439
4749,0.002127,172.31.40.0-255,66,178435,65,237439
4750,0.00216,74.125.68.0-255,4320,182755,65,237439
4751,0.002164,172.31.40.0-255,66,182821,65,237439
4752,0.00217,74.125.68.0-255,5738,188559,65,237439
4753,0.002173,172.31.40.0-255,66,188625,65,237439
4754,0.002202,172.31.40.0-255,66,188691,65,237439
4755,0.002207,74.125.68.0-255,2902,191593,65,237439
4756,0.002208,172.31.40.0-255,66,191659,65,237439
4757,0.002248,74.125.68.0-255,1484,193143,65,237439
4758,0.002269,74.125.68.0-255,3602,196745,65,237439
4759,0.002271,172.31.40.0-255,66,196811,65,237439
4760,0.004582,74.125.68.0-255,5738,202549,65,237439
4761,0.004587,172.31.40.0-255,66,202615,65,237439
4762,0.006896,74.125.68.0-255,5738,208353,65,237439
4763,0.006901,172.31.40.0-255,66,208419,65,237439
4764,0.009227,74.125.68.0-255,5738,214157,65,237439
4765,0.009236,172.31.40.0-255,66,214223,65,237439
4766,0.011549,74.125.68.0-255,5738,219961,65,237439
4767,0.011557,172.31.40.0-255,66,220027,65,237439
4768,0.013878,74.125.68.0-255,5738,225765,65,237439
4769,0.013884,172.31.40.0-255,66,225831,65,237439
4770,0.016213,74.125.68.0-255,5738,231569,65,237439
4771,0.016223,172.31.40.0-255,66,231635,65,237439
4772,0.018534,74.125.68.0-255,5738,237373,65,237439
4773,0.018543,172.31.40.0-255,66,237439,65,237439
4774,0.0,74.125.68.0-255,146,146,65,107629
4775,2.3e-05,172.31.40.0-255,66,212,65,107629
4776,6e-05,74.125.68.0-255,1484,1696,65,107629
4777,6.5e-05,172.31.40.0-255,66,1762,65,107629
4778,7.1e-05,74.125.68.0-255,2902,4664,65,107629
4779,7.4e-05,172.31.40.0-255,66,4730,65,107629
4780,0.000115,74.125.68.0-255,5738,10468,65,107629
4781,0.000118,172.31.40.0-255,66,10534,65,107629
4782,0.000231,74.125.68.0-255,3457,13991,65,107629
4783,0.000234,172.31.40.0-255,66,14057,65,107629
4784,0.000295,74.125.68.0-255,4320,18377,65,107629
4785,0.0003,172.31.40.0-255,66,18443,65,107629
4786,0.000331,74.125.68.0-255,7156,25599,65,107629
4787,0.000334,172.31.40.0-255,66,25665,65,107629
4788,0.000524,74.125.68.0-255,4320,29985,65,107629
4789,0.000531,172.31.40.0-255,66,30051,65,107629
4790,0.000556,74.125.68.0-255,1125,31176,65,107629
4791,0.000559,172.31.40.0-255,66,31242,65,107629
4792,0.00063,74.125.68.0-255,5738,36980,65,107629
4793,0.000633,172.31.40.0-255,66,37046,65,107629
4794,0.00074,74.125.68.0-255,2902,39948,65,107629
4795,0.000743,172.31.40.0-255,66,40014,65,107629
4796,0.00078,172.31.40.0-255,66,40080,65,107629
4797,0.000969,172.31.40.0-255,66,40146,65,107629
4798,0.000992,74.125.68.0-255,2902,43048,65,107629
4799,0.000994,172.31.40.0-255,66,43114,65,107629
4800,0.001201,74.125.68.0-255,5379,48493,65,107629
4801,0.001206,172.31.40.0-255,66,48559,65,107629
4802,0.001295,74.125.68.0-255,7156,55715,65,107629
4803,0.001299,172.31.40.0-255,66,55781,65,107629
4804,0.002368,172.31.40.0-255,66,55847,65,107629
4805,0.002649,172.31.40.0-255,66,55913,65,107629
4806,0.002654,74.125.68.0-255,2902,58815,65,107629
4807,0.00266,172.31.40.0-255,66,58881,65,107629
4808,0.00296,74.125.68.0-255,2902,61783,65,107629
4809,0.002965,172.31.40.0-255,66,61849,65,107629
4810,0.003025,172.31.40.0-255,66,61915,65,107629
4811,0.003031,74.125.68.0-255,5020,66935,65,107629
4812,0.003052,172.31.40.0-255,66,67001,65,107629
4813,0.005353,74.125.68.0-255,5738,72739,65,107629
4814,0.005358,172.31.40.0-255,66,72805,65,107629
4815,0.007651,74.125.68.0-255,5738,78543,65,107629
4816,0.007658,172.31.40.0-255,66,78609,65,107629
4817,0.009935,74.125.68.0-255,5738,84347,65,107629
4818,0.009944,172.31.40.0-255,66,84413,65,107629
4819,0.012219,74.125.68.0-255,5738,90151,65,107629
4820,0.012226,172.31.40.0-255,66,90217,65,107629
4821,0.014525,74.125.68.0-255,5738,95955,65,107629
4822,0.014533,172.31.40.0-255,66,96021,65,107629
4823,0.016819,74.125.68.0-255,5738,101759,65,107629
4824,0.016827,172.31.40.0-255,66,101825,65,107629
4825,0.019113,74.125.68.0-255,5738,107563,65,107629
4826,0.019124,172.31.40.0-255,66,107629,65,107629
4827,0.0,74.125.24.0-255,153,153,65,132918
4828,2.1e-05,172.31.40.0-255,66,219,65,132918
4829,2.7e-05,74.125.24.0-255,1484,1703,65,132918
4830,3.1e-05,172.31.40.0-255,66,1769,65,132918
4831,3.6e-05,74.125.24.0-255,2902,4671,65,132918
4832,3.9e-05,172.31.40.0-255,66,4737,65,132918
4833,4.6e-05,74.125.24.0-255,7156,11893,65,132918
4834,4.9e-05,172.31.40.0-255,66,11959,65,132918
4835,8.3e-05,172.31.40.0-255,66,12025,65,132918
4836,9.3e-05,172.31.40.0-255,66,12091,65,132918
4837,9.6e-05,74.125.24.0-255,1484,13575,65,132918
4838,9.8e-05,172.31.40.0-255,66,13641,65,132918
4839,0.000118,74.125.24.0-255,1125,14766,65,132918
4840,0.000119,172.31.40.0-255,66,14832,65,132918
4841,0.000164,74.125.24.0-255,1484,16316,65,132918
4842,0.000166,172.31.40.0-255,66,16382,65,132918
4843,0.00017,74.125.24.0-255,2902,19284,65,132918
4844,0.000172,172.31.40.0-255,66,19350,65,132918
4845,0.000174,74.125.24.0-255,1484,20834,65,132918
4846,0.000177,172.31.40.0-255,66,20900,65,132918
4847,0.000201,74.125.24.0-255,4320,25220,65,132918
4848,0.000203,172.31.40.0-255,66,25286,65,132918
4849,0.000215,172.31.40.0-255,66,25352,65,132918
4850,0.000219,74.125.24.0-255,4320,29672,65,132918
4851,0.000221,172.31.40.0-255,66,29738,65,132918
4852,0.000254,74.125.24.0-255,4320,34058,65,132918
4853,0.000257,172.31.40.0-255,66,34124,65,132918
4854,0.000261,74.125.24.0-255,2479,36603,65,132918
4855,0.000262,172.31.40.0-255,66,36669,65,132918
4856,0.000297,74.125.24.0-255,130,36799,65,132918
4857,0.000454,74.125.24.0-255,1484,38283,65,132918
4858,0.000459,172.31.40.0-255,66,38349,65,132918
4859,0.000464,74.125.24.0-255,2902,41251,65,132918
4860,0.000467,172.31.40.0-255,66,41317,65,132918
4861,0.000498,74.125.24.0-255,5738,47055,65,132918
4862,0.000502,172.31.40.0-255,66,47121,65,132918
4863,0.000516,172.31.40.0-255,66,47187,65,132918
4864,0.000522,74.125.24.0-255,5738,52925,65,132918
4865,0.000524,172.31.40.0-255,66,52991,65,132918
4866,0.000547,74.125.24.0-255,1484,54475,65,132918
4867,0.000578,74.125.24.0-255,7156,61631,65,132918
4868,0.000582,172.31.40.0-255,66,61697,65,132918
4869,0.000614,172.31.40.0-255,66,61763,65,132918
4870,0.00065,74.125.24.0-255,5738,67501,65,132918
4871,0.000652,172.31.40.0-255,66,67567,65,132918
4872,0.00068,172.31.40.0-255,66,67633,65,132918
4873,0.00075,74.125.24.0-255,1484,69117,65,132918
4874,0.000767,74.125.24.0-255,2902,72019,65,132918
4875,0.000771,172.31.40.0-255,66,72085,65,132918
4876,0.000777,74.125.24.0-255,5738,77823,65,132918
4877,0.000779,172.31.40.0-255,66,77889,65,132918
4878,0.000825,172.31.40.0-255,66,77955,65,132918
4879,0.000837,172.31.40.0-255,66,78021,65,132918
4880,0.000868,74.125.24.0-255,4320,82341,65,132918
4881,0.00087,172.31.40.0-255,66,82407,65,132918
4882,0.000893,74.125.24.0-255,4320,86727,65,132918
4883,0.000896,172.31.40.0-255,66,86793,65,132918
4884,0.000907,172.31.40.0-255,66,86859,65,132918
4885,0.000954,172.31.40.0-255,66,86925,65,132918
4886,0.001084,74.125.24.0-255,1484,88409,65,132918
4887,0.00109,74.125.24.0-255,2902,91311,65,132918
4888,0.001094,172.31.40.0-255,66,91377,65,132918
4889,0.001099,74.125.24.0-255,2902,94279,65,132918
4890,0.001101,172.31.40.0-255,66,94345,65,132918
4891,0.001117,74.125.24.0-255,2902,97247,65,132918
4892,0.00112,172.31.40.0-255,66,97313,65,132918
4893,0.00113,172.31.40.0-255,66,97379,65,132918
4894,0.001176,74.125.24.0-255,4320,101699,65,132918
4895,0.001179,172.31.40.0-255,66,101765,65,132918
4896,0.001215,172.31.40.0-255,66,101831,65,132918
4897,0.001232,172.31.40.0-255,66,101897,65,132918
4898,0.001253,172.31.40.0-255,66,101963,65,132918
4899,0.001383,74.125.24.0-255,1484,103447,65,132918
4900,0.001389,74.125.24.0-255,2902,106349,65,132918
4901,0.001392,172.31.40.0-255,66,106415,65,132918
4902,0.001397,74.125.24.0-255,4320,110735,65,132918
4903,0.001399,172.31.40.0-255,66,110801,65,132918
4904,0.001413,74.125.24.0-255,1484,112285,65,132918
4905,0.001428,74.125.24.0-255,5738,118023,65,132918
4906,0.001431,172.31.40.0-255,66,118089,65,132918
4907,0.001451,74.125.24.0-255,7156,125245,65,132918
4908,0.001453,172.31.40.0-255,66,125311,65,132918
4909,0.001506,172.31.40.0-255,66,125377,65,132918
4910,0.001557,172.31.40.0-255,66,125443,65,132918
4911,0.001587,74.125.24.0-255,2902,128345,65,132918
4912,0.00159,172.31.40.0-255,66,128411,65,132918
4913,0.001608,172.31.40.0-255,66,128477,65,132918
4914,0.001626,172.31.40.0-255,66,128543,65,132918
4915,0.001638,172.31.40.0-255,66,128609,65,132918
4916,0.001642,74.125.24.0-255,2902,131511,65,132918
4917,0.001644,172.31.40.0-255,66,131577,65,132918
4918,0.001692,172.31.40.0-255,66,131643,65,132918
4919,0.001714,74.125.24.0-255,766,132409,65,132918
4920,0.001731,172.31.40.0-255,66,132475,65,132918
4921,0.001734,74.125.24.0-255,105,132580,65,132918
4922,0.007208,172.31.40.0-255,101,132681,65,132918
4923,0.00823,172.31.40.0-255,105,132786,65,132918
4924,0.009496,74.125.24.0-255,66,132852,65,132918
4925,0.010514,74.125.24.0-255,66,132918,65,132918
4926,0.0,172.217.194.0-255,146,146,65,276653
4927,1.6e-05,172.31.40.0-255,66,212,65,276653
4928,2.3e-05,172.217.194.0-255,1484,1696,65,276653
4929,2.7e-05,172.31.40.0-255,66,1762,65,276653
4930,3e-05,172.217.194.0-255,1484,3246,65,276653
4931,3.3e-05,172.31.40.0-255,66,3312,65,276653
4932,6.2e-05,172.217.194.0-255,1484,4796,65,276653
4933,6.5e-05,172.31.40.0-255,66,4862,65,276653
4934,7.3e-05,172.217.194.0-255,1484,6346,65,276653
4935,7.5e-05,172.31.40.0-255,66,6412,65,276653
4936,8.3e-05,172.217.194.0-255,5738,12150,65,276653
4937,8.6e-05,172.31.40.0-255,66,12216,65,276653
4938,0.00013,172.31.40.0-255,66,12282,65,276653
4939,0.000157,172.217.194.0-255,7156,19438,65,276653
4940,0.00016,172.31.40.0-255,66,19504,65,276653
4941,0.000203,172.217.194.0-255,2543,22047,65,276653
4942,0.000205,172.31.40.0-255,66,22113,65,276653
4943,0.000242,172.217.194.0-255,1484,23597,65,276653
4944,0.000244,172.31.40.0-255,66,23663,65,276653
4945,0.000276,172.217.194.0-255,2902,26565,65,276653
4946,0.00028,172.31.40.0-255,66,26631,65,276653
4947,0.000286,172.217.194.0-255,5738,32369,65,276653
4948,0.000288,172.31.40.0-255,66,32435,65,276653
4949,0.000296,172.217.194.0-255,7156,39591,65,276653
4950,0.000298,172.31.40.0-255,66,39657,65,276653
4951,0.000337,172.217.194.0-255,5738,45395,65,276653
4952,0.000341,172.31.40.0-255,66,45461,65,276653
4953,0.000348,172.217.194.0-255,7156,52617,65,276653
4954,0.000351,172.31.40.0-255,66,52683,65,276653
4955,0.000361,172.217.194.0-255,3882,56565,65,276653
4956,0.000363,172.31.40.0-255,66,56631,65,276653
4957,0.000366,172.217.194.0-255,114,56745,65,276653
4958,0.000368,172.31.40.0-255,66,56811,65,276653
4959,0.000523,172.217.194.0-255,1484,58295,65,276653
4960,0.000527,172.31.40.0-255,66,58361,65,276653
4961,0.000533,172.217.194.0-255,2902,61263,65,276653
4962,0.000535,172.31.40.0-255,66,61329,65,276653
4963,0.000546,172.217.194.0-255,5738,67067,65,276653
4964,0.000548,172.31.40.0-255,66,67133,65,276653
4965,0.000551,172.217.194.0-255,1484,68617,65,276653
4966,0.000553,172.31.40.0-255,66,68683,65,276653
4967,0.000607,172.31.40.0-255,66,68749,65,276653
4968,0.000614,172.217.194.0-255,5738,74487,65,276653
4969,0.000616,172.31.40.0-255,66,74553,65,276653
4970,0.000643,172.217.194.0-255,5020,79573,65,276653
4971,0.000646,172.31.40.0-255,66,79639,65,276653
4972,0.000651,172.217.194.0-255,2902,82541,65,276653
4973,0.000652,172.31.40.0-255,66,82607,65,276653
4974,0.0007,172.217.194.0-255,7156,89763,65,276653
4975,0.000711,172.31.40.0-255,66,89829,65,276653
4976,0.000714,172.31.40.0-255,66,89895,65,276653
4977,0.000719,172.217.194.0-255,4320,94215,65,276653
4978,0.000721,172.31.40.0-255,66,94281,65,276653
4979,0.000776,172.31.40.0-255,66,94347,65,276653
4980,0.000828,172.31.40.0-255,66,94413,65,276653
4981,0.000842,172.217.194.0-255,5738,100151,65,276653
4982,0.000848,172.31.40.0-255,66,100217,65,276653
4983,0.000855,172.217.194.0-255,6438,106655,65,276653
4984,0.000858,172.31.40.0-255,66,106721,65,276653
4985,0.000861,172.217.194.0-255,1484,108205,65,276653
4986,0.000863,172.31.40.0-255,66,108271,65,276653
4987,0.000867,172.217.194.0-255,2902,111173,65,276653
4988,0.000891,172.31.40.0-255,66,111239,65,276653
4989,0.000898,172.217.194.0-255,5738,116977,65,276653
4990,0.000903,172.217.194.0-255,5738,122715,65,276653
4991,0.000909,172.31.40.0-255,66,122781,65,276653
4992,0.000928,172.217.194.0-255,7156,129937,65,276653
4993,0.000949,172.217.194.0-255,7156,137093,65,276653
4994,0.000966,172.217.194.0-255,3602,140695,65,276653
4995,0.000977,172.31.40.0-255,66,140761,65,276653
4996,0.001019,172.217.194.0-255,1484,142245,65,276653
4997,0.001024,172.217.194.0-255,2902,145147,65,276653
4998,0.001049,172.217.194.0-255,4320,149467,65,276653
4999,0.001052,172.31.40.0-255,66,149533,65,276653
5000,0.001057,172.31.40.0-255,66,149599,65,276653
5001,0.001078,172.217.194.0-255,1484,151083,65,276653
5002,0.001084,172.217.194.0-255,5738,156821,65,276653
5003,0.00111,172.217.194.0-255,7156,163977,65,276653
5004,0.001117,172.217.194.0-255,7156,171133,65,276653
5005,0.001145,172.31.40.0-255,66,171199,65,276653
5006,0.001151,172.217.194.0-255,3602,174801,65,276653
5007,0.001292,172.217.194.0-255,1484,176285,65,276653
5008,0.001296,172.217.194.0-255,1484,177769,65,276653
5009,0.001312,172.217.194.0-255,1484,179253,65,276653
5010,0.001318,172.217.194.0-255,5738,184991,65,276653
5011,0.001341,172.217.194.0-255,5738,190729,65,276653
5012,0.001361,172.217.194.0-255,7156,197885,65,276653
5013,0.001394,172.217.194.0-255,7156,205041,65,276653
5014,0.001412,172.217.194.0-255,3602,208643,65,276653
5015,0.001487,172.217.194.0-255,1484,210127,65,276653
5016,0.0015,172.217.194.0-255,2902,213029,65,276653
5017,0.001505,172.217.194.0-255,2902,215931,65,276653
5018,0.001519,172.217.194.0-255,2902,218833,65,276653
5019,0.001534,172.217.194.0-255,5738,224571,65,276653
5020,0.001565,172.217.194.0-255,7156,231727,65,276653
5021,0.001572,172.217.194.0-255,7156,238883,65,276653
5022,0.001602,172.217.194.0-255,5738,244621,65,276653
5023,0.001617,172.217.194.0-255,6438,251059,65,276653
5024,0.001672,172.217.194.0-255,1484,252543,65,276653
5025,0.001759,172.217.194.0-255,7156,259699,65,276653
5026,0.001776,172.217.194.0-255,1484,261183,65,276653
5027,0.001828,172.217.194.0-255,4320,265503,65,276653
5028,0.001843,172.217.194.0-255,5738,271241,65,276653
5029,0.001876,172.217.194.0-255,5070,276311,65,276653
5030,0.001889,172.217.194.0-255,105,276416,65,276653
5031,0.002205,172.31.40.0-255,66,276482,65,276653
5032,0.009358,172.31.40.0-255,105,276587,65,276653
5033,0.011879,172.217.194.0-255,66,276653,65,276653
5034,0.0,74.125.24.0-255,295,295,65,139878
5035,3.1e-05,172.31.40.0-255,66,361,65,139878
5036,3.7e-05,74.125.24.0-255,1484,1845,65,139878
5037,4.2e-05,172.31.40.0-255,66,1911,65,139878
5038,4.7e-05,74.125.24.0-255,4320,6231,65,139878
5039,4.9e-05,172.31.40.0-255,66,6297,65,139878
5040,8e-05,74.125.24.0-255,7156,13453,65,139878
5041,8.5e-05,172.31.40.0-255,66,13519,65,139878
5042,0.000123,172.31.40.0-255,66,13585,65,139878
5043,0.000153,74.125.24.0-255,439,14024,65,139878
5044,0.000156,172.31.40.0-255,66,14090,65,139878
5045,0.000172,172.31.40.0-255,66,14156,65,139878
5046,0.000175,74.125.24.0-255,766,14922,65,139878
5047,0.000176,172.31.40.0-255,66,14988,65,139878
5048,0.000208,74.125.24.0-255,4320,19308,65,139878
5049,0.000211,172.31.40.0-255,66,19374,65,139878
5050,0.000254,172.31.40.0-255,66,19440,65,139878
5051,0.000458,74.125.24.0-255,1484,20924,65,139878
5052,0.000462,172.31.40.0-255,66,20990,65,139878
5053,0.000468,74.125.24.0-255,2902,23892,65,139878
5054,0.00047,172.31.40.0-255,66,23958,65,139878
5055,0.000475,74.125.24.0-255,4320,28278,65,139878
5056,0.000477,172.31.40.0-255,66,28344,65,139878
5057,0.000505,74.125.24.0-255,1484,29828,65,139878
5058,0.000508,172.31.40.0-255,66,29894,65,139878
5059,0.000522,172.31.40.0-255,66,29960,65,139878
5060,0.000527,74.125.24.0-255,4320,34280,65,139878
5061,0.000531,172.31.40.0-255,66,34346,65,139878
5062,0.000559,74.125.24.0-255,5738,40084,65,139878
5063,0.000562,172.31.40.0-255,66,40150,65,139878
5064,0.000602,172.31.40.0-255,66,40216,65,139878
5065,0.000638,74.125.24.0-255,3602,43818,65,139878
5066,0.000642,172.31.40.0-255,66,43884,65,139878
5067,0.000659,172.31.40.0-255,66,43950,65,139878
5068,0.000669,172.31.40.0-255,66,44016,65,139878
5069,0.000711,74.125.24.0-255,4320,48336,65,139878
5070,0.000715,172.31.40.0-255,66,48402,65,139878
5071,0.000756,172.31.40.0-255,66,48468,65,139878
5072,0.001332,74.125.24.0-255,1484,49952,65,139878
5073,0.001348,74.125.24.0-255,2902,52854,65,139878
5074,0.001353,172.31.40.0-255,66,52920,65,139878
5075,0.001382,74.125.24.0-255,5738,58658,65,139878
5076,0.001385,172.31.40.0-255,66,58724,65,139878
5077,0.001393,74.125.24.0-255,7156,65880,65,139878
5078,0.001396,172.31.40.0-255,66,65946,65,139878
5079,0.001429,74.125.24.0-255,5738,71684,65,139878
5080,0.001432,172.31.40.0-255,66,71750,65,139878
5081,0.001437,74.125.24.0-255,4320,76070,65,139878
5082,0.00144,172.31.40.0-255,66,76136,65,139878
5083,0.00147,74.125.24.0-255,6438,82574,65,139878
5084,0.001473,172.31.40.0-255,66,82640,65,139878
5085,0.0015,74.125.24.0-255,1484,84124,65,139878
5086,0.001506,74.125.24.0-255,2902,87026,65,139878
5087,0.001508,172.31.40.0-255,66,87092,65,139878
5088,0.001513,74.125.24.0-255,2902,89994,65,139878
5089,0.001515,172.31.40.0-255,66,90060,65,139878
5090,0.001536,74.125.24.0-255,2902,92962,65,139878
5091,0.00154,172.31.40.0-255,66,93028,65,139878
5092,0.001552,172.31.40.0-255,66,93094,65,139878
5093,0.001585,74.125.24.0-255,4320,97414,65,139878
5094,0.001588,172.31.40.0-255,66,97480,65,139878
5095,0.001601,172.31.40.0-255,66,97546,65,139878
5096,0.001612,74.125.24.0-255,4320,101866,65,139878
5097,0.001615,172.31.40.0-255,66,101932,65,139878
5098,0.001643,74.125.24.0-255,7156,109088,65,139878
5099,0.001647,172.31.40.0-255,66,109154,65,139878
5100,0.001648,74.125.24.0-255,4320,113474,65,139878
5101,0.00165,172.31.40.0-255,66,113540,65,139878
5102,0.001708,172.31.40.0-255,66,113606,65,139878
5103,0.001723,172.31.40.0-255,66,113672,65,139878
5104,0.001751,74.125.24.0-255,6438,120110,65,139878
5105,0.001754,172.31.40.0-255,66,120176,65,139878
5106,0.00176,74.125.24.0-255,4320,124496,65,139878
5107,0.001762,172.31.40.0-255,66,124562,65,139878
5108,0.001767,74.125.24.0-255,4320,128882,65,139878
5109,0.001771,172.31.40.0-255,66,128948,65,139878
5110,0.001801,172.31.40.0-255,66,129014,65,139878
5111,0.001826,74.125.24.0-255,5020,134034,65,139878
5112,0.00183,172.31.40.0-255,66,134100,65,139878
5113,0.001841,172.31.40.0-255,66,134166,65,139878
5114,0.001879,172.31.40.0-255,66,134232,65,139878
5115,0.001921,74.125.24.0-255,2902,137134,65,139878
5116,0.001924,172.31.40.0-255,66,137200,65,139878
5117,0.001968,172.31.40.0-255,66,137266,65,139878
5118,0.001982,172.31.40.0-255,66,137332,65,139878
5119,0.001985,74.125.24.0-255,1484,138816,65,139878
5120,0.002036,172.31.40.0-255,66,138882,65,139878
5121,0.002078,172.31.40.0-255,66,138948,65,139878
5122,0.002082,74.125.24.0-255,105,139053,65,139878
5123,0.002084,74.125.24.0-255,129,139182,65,139878
5124,0.003582,172.31.40.0-255,105,139287,65,139878
5125,0.003607,172.31.40.0-255,105,139392,65,139878
5126,0.00383,172.31.40.0-255,90,139482,65,139878
5127,0.003839,172.31.40.0-255,66,139548,65,139878
5128,0.006289,74.125.24.0-255,66,139614,65,139878
5129,0.006325,74.125.24.0-255,66,139680,65,139878
5130,0.006544,74.125.24.0-255,66,139746,65,139878
5131,0.006558,74.125.24.0-255,66,139812,65,139878
5132,0.006565,172.31.40.0-255,66,139878,65,139878
5133,0.0,74.125.24.0-255,153,153,65,225167
5134,2.4e-05,172.31.40.0-255,66,219,65,225167
5135,3.1e-05,74.125.24.0-255,1484,1703,65,225167
5136,3.6e-05,172.31.40.0-255,66,1769,65,225167
5137,4.3e-05,74.125.24.0-255,2902,4671,65,225167
5138,4.7e-05,172.31.40.0-255,66,4737,65,225167
5139,5.3e-05,74.125.24.0-255,5738,10475,65,225167
5140,5.6e-05,172.31.40.0-255,66,10541,65,225167
5141,5.9e-05,74.125.24.0-255,1484,12025,65,225167
5142,6.2e-05,172.31.40.0-255,66,12091,65,225167
5143,0.000101,172.31.40.0-255,66,12157,65,225167
5144,0.00012,74.125.24.0-255,2902,15059,65,225167
5145,0.000123,172.31.40.0-255,66,15125,65,225167
5146,0.000149,74.125.24.0-255,5379,20504,65,225167
5147,0.000152,172.31.40.0-255,66,20570,65,225167
5148,0.000882,74.125.24.0-255,1484,22054,65,225167
5149,0.000889,172.31.40.0-255,66,22120,65,225167
5150,0.000898,74.125.24.0-255,2902,25022,65,225167
5151,0.0009,172.31.40.0-255,66,25088,65,225167
5152,0.000906,74.125.24.0-255,2902,27990,65,225167
5153,0.000908,172.31.40.0-255,66,28056,65,225167
5154,0.000933,74.125.24.0-255,2902,30958,65,225167
5155,0.000936,172.31.40.0-255,66,31024,65,225167
5156,0.000969,74.125.24.0-255,5738,36762,65,225167
5157,0.000972,172.31.40.0-255,66,36828,65,225167
5158,0.001,74.125.24.0-255,5738,42566,65,225167
5159,0.001003,172.31.40.0-255,66,42632,65,225167
5160,0.001018,172.31.40.0-255,66,42698,65,225167
5161,0.001369,74.125.24.0-255,394,43092,65,225167
5162,0.001378,172.31.40.0-255,66,43158,65,225167
5163,0.001397,74.125.24.0-255,1484,44642,65,225167
5164,0.001402,74.125.24.0-255,1484,46126,65,225167
5165,0.001405,172.31.40.0-255,66,46192,65,225167
5166,0.001423,74.125.24.0-255,2902,49094,65,225167
5167,0.001426,172.31.40.0-255,66,49160,65,225167
5168,0.001431,74.125.24.0-255,4320,53480,65,225167
5169,0.001434,172.31.40.0-255,66,53546,65,225167
5170,0.001453,74.125.24.0-255,4320,57866,65,225167
5171,0.001455,172.31.40.0-255,66,57932,65,225167
5172,0.001473,74.125.24.0-255,5738,63670,65,225167
5173,0.001475,172.31.40.0-255,66,63736,65,225167
5174,0.001494,74.125.24.0-255,7156,70892,65,225167
5175,0.001496,172.31.40.0-255,66,70958,65,225167
5176,0.001524,74.125.24.0-255,6438,77396,65,225167
5177,0.001527,172.31.40.0-255,66,77462,65,225167
5178,0.001562,74.125.24.0-255,1484,78946,65,225167
5179,0.001577,74.125.24.0-255,2902,81848,65,225167
5180,0.00158,172.31.40.0-255,66,81914,65,225167
5181,0.0016,74.125.24.0-255,5738,87652,65,225167
5182,0.001603,172.31.40.0-255,66,87718,65,225167
5183,0.001626,74.125.24.0-255,7156,94874,65,225167
5184,0.001629,172.31.40.0-255,66,94940,65,225167
5185,0.00165,74.125.24.0-255,5738,100678,65,225167
5186,0.001653,172.31.40.0-255,66,100744,65,225167
5187,0.001666,172.31.40.0-255,66,100810,65,225167
5188,0.001692,74.125.24.0-255,4320,105130,65,225167
5189,0.001695,172.31.40.0-255,66,105196,65,225167
5190,0.001745,74.125.24.0-255,1484,106680,65,225167
5191,0.001751,74.125.24.0-255,5738,112418,65,225167
5192,0.001854,74.125.24.0-255,3602,116020,65,225167
5193,0.001857,74.125.24.0-255,1484,117504,65,225167
5194,0.001862,74.125.24.0-255,2902,120406,65,225167
5195,0.001881,74.125.24.0-255,5738,126144,65,225167
5196,0.001894,172.31.40.0-255,66,126210,65,225167
5197,0.001907,74.125.24.0-255,7156,133366,65,225167
5198,0.001913,74.125.24.0-255,4320,137686,65,225167
5199,0.001917,172.31.40.0-255,66,137752,65,225167
5200,0.001948,74.125.24.0-255,2184,139936,65,225167
5201,0.001977,172.31.40.0-255,66,140002,65,225167
5202,0.002255,74.125.24.0-255,1484,141486,65,225167
5203,0.002262,74.125.24.0-255,2902,144388,65,225167
5204,0.002265,172.31.40.0-255,66,144454,65,225167
5205,0.002288,74.125.24.0-255,5738,150192,65,225167
5206,0.002297,172.31.40.0-255,66,150258,65,225167
5207,0.002362,74.125.24.0-255,2184,152442,65,225167
5208,0.002375,172.31.40.0-255,66,152508,65,225167
5209,0.002396,74.125.24.0-255,2902,155410,65,225167
5210,0.002403,172.31.40.0-255,66,155476,65,225167
5211,0.002415,74.125.24.0-255,4320,159796,65,225167
5212,0.002432,74.125.24.0-255,2902,162698,65,225167
5213,0.002437,74.125.24.0-255,5738,168436,65,225167
5214,0.002445,172.31.40.0-255,66,168502,65,225167
5215,0.002479,172.31.40.0-255,66,168568,65,225167
5216,0.002489,74.125.24.0-255,1484,170052,65,225167
5217,0.002495,74.125.24.0-255,3602,173654,65,225167
5218,0.002501,172.31.40.0-255,66,173720,65,225167
5219,0.002555,74.125.24.0-255,1484,175204,65,225167
5220,0.002561,74.125.24.0-255,2902,178106,65,225167
5221,0.002565,172.31.40.0-255,66,178172,65,225167
5222,0.002586,74.125.24.0-255,5738,183910,65,225167
5223,0.002597,172.31.40.0-255,66,183976,65,225167
5224,0.002606,74.125.24.0-255,2902,186878,65,225167
5225,0.002611,172.31.40.0-255,66,186944,65,225167
5226,0.00264,74.125.24.0-255,1484,188428,65,225167
5227,0.002643,74.125.24.0-255,1484,189912,65,225167
5228,0.002661,172.31.40.0-255,66,189978,65,225167
5229,0.002681,172.31.40.0-255,66,190044,65,225167
5230,0.002841,172.31.40.0-255,101,190145,65,225167
5231,0.005272,74.125.24.0-255,2902,193047,65,225167
5232,0.005278,172.31.40.0-255,66,193113,65,225167
5233,0.005295,74.125.24.0-255,2902,196015,65,225167
5234,0.005297,172.31.40.0-255,66,196081,65,225167
5235,0.005395,74.125.24.0-255,66,196147,65,225167
5236,0.007876,74.125.24.0-255,5738,201885,65,225167
5237,0.007883,172.31.40.0-255,66,201951,65,225167
5238,0.010486,74.125.24.0-255,5738,207689,65,225167
5239,0.010494,172.31.40.0-255,66,207755,65,225167
5240,0.0131,74.125.24.0-255,5738,213493,65,225167
5241,0.013108,172.31.40.0-255,66,213559,65,225167
5242,0.015707,74.125.24.0-255,5738,219297,65,225167
5243,0.015715,172.31.40.0-255,66,219363,65,225167
5244,0.018292,74.125.24.0-255,5738,225101,65,225167
5245,0.018303,172.31.40.0-255,66,225167,65,225167
5246,0.0,74.125.200.0-255,156,156,65,197169
5247,1.5e-05,172.31.40.0-255,66,222,65,197169
5248,3.2e-05,74.125.200.0-255,1484,1706,65,197169
5249,3.7e-05,172.31.40.0-255,66,1772,65,197169
5250,4.2e-05,74.125.200.0-255,2902,4674,65,197169
5251,4.5e-05,172.31.40.0-255,66,4740,65,197169
5252,8.4e-05,74.125.200.0-255,4320,9060,65,197169
5253,8.7e-05,172.31.40.0-255,66,9126,65,197169
5254,0.000139,74.125.200.0-255,1484,10610,65,197169
5255,0.000141,172.31.40.0-255,66,10676,65,197169
5256,0.000154,74.125.200.0-255,1484,12160,65,197169
5257,0.000156,172.31.40.0-255,66,12226,65,197169
5258,0.00018,74.125.200.0-255,2037,14263,65,197169
5259,0.000183,172.31.40.0-255,66,14329,65,197169
5260,0.000225,74.125.200.0-255,4320,18649,65,197169
5261,0.000228,172.31.40.0-255,66,18715,65,197169
5262,0.000245,74.125.200.0-255,1484,20199,65,197169
5263,0.000247,172.31.40.0-255,66,20265,65,197169
5264,0.000302,74.125.200.0-255,7156,27421,65,197169
5265,0.000305,172.31.40.0-255,66,27487,65,197169
5266,0.0004,74.125.200.0-255,2902,30389,65,197169
5267,0.000404,172.31.40.0-255,66,30455,65,197169
5268,0.000424,74.125.200.0-255,4320,34775,65,197169
5269,0.000427,172.31.40.0-255,66,34841,65,197169
5270,0.000447,74.125.200.0-255,5738,40579,65,197169
5271,0.00045,172.31.40.0-255,66,40645,65,197169
5272,0.000469,74.125.200.0-255,2543,43188,65,197169
5273,0.000471,172.31.40.0-255,66,43254,65,197169
5274,0.000617,74.125.200.0-255,1484,44738,65,197169
5275,0.00062,172.31.40.0-255,66,44804,65,197169
5276,0.00064,74.125.200.0-255,3961,48765,65,197169
5277,0.000643,172.31.40.0-255,66,48831,65,197169
5278,0.000731,74.125.200.0-255,2902,51733,65,197169
5279,0.000748,74.125.200.0-255,5738,57471,65,197169
5280,0.000754,172.31.40.0-255,66,57537,65,197169
5281,0.000771,172.31.40.0-255,66,57603,65,197169
5282,0.000918,74.125.200.0-255,676,58279,65,197169
5283,0.000975,74.125.200.0-255,1484,59763,65,197169
5284,0.000979,172.31.40.0-255,66,59829,65,197169
5285,0.000984,74.125.200.0-255,2902,62731,65,197169
5286,0.001004,172.31.40.0-255,66,62797,65,197169
5287,0.001016,74.125.200.0-255,1484,64281,65,197169
5288,0.001032,74.125.200.0-255,4320,68601,65,197169
5289,0.001038,172.31.40.0-255,66,68667,65,197169
5290,0.001109,74.125.200.0-255,4320,72987,65,197169
5291,0.001114,172.31.40.0-255,66,73053,65,197169
5292,0.001171,74.125.200.0-255,2902,75955,65,197169
5293,0.001174,172.31.40.0-255,66,76021,65,197169
5294,0.001193,74.125.200.0-255,4320,80341,65,197169
5295,0.001207,74.125.200.0-255,4320,84661,65,197169
5296,0.001231,172.31.40.0-255,66,84727,65,197169
5297,0.001337,74.125.200.0-255,2902,87629,65,197169
5298,0.001341,172.31.40.0-255,66,87695,65,197169
5299,0.001365,74.125.200.0-255,5020,92715,65,197169
5300,0.001466,74.125.200.0-255,4320,97035,65,197169
5301,0.001484,74.125.200.0-255,2902,99937,65,197169
5302,0.001507,74.125.200.0-255,5738,105675,65,197169
5303,0.001766,74.125.200.0-255,1484,107159,65,197169
5304,0.001913,74.125.200.0-255,2184,109343,65,197169
5305,0.001931,74.125.200.0-255,1484,110827,65,197169
5306,0.001953,74.125.200.0-255,7156,117983,65,197169
5307,0.001998,74.125.200.0-255,5738,123721,65,197169
5308,0.002273,74.125.200.0-255,4320,128041,65,197169
5309,0.002294,74.125.200.0-255,6438,134479,65,197169
5310,0.002444,74.125.200.0-255,4320,138799,65,197169
5311,0.002458,74.125.200.0-255,4320,143119,65,197169
5312,0.002477,74.125.200.0-255,2902,146021,65,197169
5313,0.002593,74.125.200.0-255,4320,150341,65,197169
5314,0.00342,74.125.200.0-255,1484,151825,65,197169
5315,0.003435,74.125.200.0-255,5738,157563,65,197169
5316,0.003788,172.31.40.0-255,66,157629,65,197169
5317,0.003898,74.125.200.0-255,1484,159113,65,197169
5318,0.003955,172.31.40.0-255,66,159179,65,197169
5319,0.003964,74.125.200.0-255,4320,163499,65,197169
5320,0.003968,172.31.40.0-255,66,163565,65,197169
5321,0.003979,74.125.200.0-255,5738,169303,65,197169
5322,0.003991,172.31.40.0-255,66,169369,65,197169
5323,0.004036,172.31.40.0-255,66,169435,65,197169
5324,0.006752,74.125.200.0-255,4320,173755,65,197169
5325,0.006757,172.31.40.0-255,66,173821,65,197169
5326,0.006777,74.125.200.0-255,1484,175305,65,197169
5327,0.009485,74.125.200.0-255,4320,179625,65,197169
5328,0.009491,172.31.40.0-255,66,179691,65,197169
5329,0.012221,74.125.200.0-255,4320,184011,65,197169
5330,0.012242,74.125.200.0-255,1484,185495,65,197169
5331,0.013272,172.31.40.0-255,66,185561,65,197169
5332,0.016002,74.125.200.0-255,5738,191299,65,197169
5333,0.016014,172.31.40.0-255,66,191365,65,197169
5334,0.018746,74.125.200.0-255,5738,197103,65,197169
5335,0.018755,172.31.40.0-255,66,197169,65,197169
5336,0.0,74.125.68.0-255,156,156,65,207694
5337,1.5e-05,172.31.40.0-255,66,222,65,207694
5338,2.3e-05,74.125.68.0-255,1484,1706,65,207694
5339,2.7e-05,172.31.40.0-255,66,1772,65,207694
5340,4.4e-05,74.125.68.0-255,2902,4674,65,207694
5341,4.7e-05,172.31.40.0-255,66,4740,65,207694
5342,7.3e-05,74.125.68.0-255,2902,7642,65,207694
5343,7.6e-05,172.31.40.0-255,66,7708,65,207694
5344,9.8e-05,74.125.68.0-255,2902,10610,65,207694
5345,0.0001,172.31.40.0-255,66,10676,65,207694
5346,0.000103,74.125.68.0-255,1484,12160,65,207694
5347,0.000105,172.31.40.0-255,66,12226,65,207694
5348,0.000131,74.125.68.0-255,1484,13710,65,207694
5349,0.000134,172.31.40.0-255,66,13776,65,207694
5350,0.00015,74.125.68.0-255,685,14461,65,207694
5351,0.000153,172.31.40.0-255,66,14527,65,207694
5352,0.00031,74.125.68.0-255,1484,16011,65,207694
5353,0.000316,172.31.40.0-255,66,16077,65,207694
5354,0.000321,74.125.68.0-255,2902,18979,65,207694
5355,0.000323,172.31.40.0-255,66,19045,65,207694
5356,0.000337,74.125.68.0-255,1484,20529,65,207694
5357,0.00034,172.31.40.0-255,66,20595,65,207694
5358,0.000345,74.125.68.0-255,2902,23497,65,207694
5359,0.000348,172.31.40.0-255,66,23563,65,207694
5360,0.000369,74.125.68.0-255,4320,27883,65,207694
5361,0.000372,172.31.40.0-255,66,27949,65,207694
5362,0.00039,74.125.68.0-255,1484,29433,65,207694
5363,0.000393,172.31.40.0-255,66,29499,65,207694
5364,0.000396,74.125.68.0-255,1484,30983,65,207694
5365,0.000398,172.31.40.0-255,66,31049,65,207694
5366,0.000421,74.125.68.0-255,2543,33592,65,207694
5367,0.000424,172.31.40.0-255,66,33658,65,207694
5368,0.000427,74.125.68.0-255,1484,35142,65,207694
5369,0.000485,74.125.68.0-255,1484,36626,65,207694
5370,0.000489,172.31.40.0-255,66,36692,65,207694
5371,0.000494,74.125.68.0-255,2902,39594,65,207694
5372,0.000497,172.31.40.0-255,66,39660,65,207694
5373,0.000512,74.125.68.0-255,2902,42562,65,207694
5374,0.000514,172.31.40.0-255,66,42628,65,207694
5375,0.000542,74.125.68.0-255,2902,45530,65,207694
5376,0.000544,172.31.40.0-255,66,45596,65,207694
5377,0.000553,74.125.68.0-255,7156,52752,65,207694
5378,0.000556,172.31.40.0-255,66,52818,65,207694
5379,0.000581,74.125.68.0-255,2902,55720,65,207694
5380,0.000584,172.31.40.0-255,66,55786,65,207694
5381,0.000612,74.125.68.0-255,5738,61524,65,207694
5382,0.000616,172.31.40.0-255,66,61590,65,207694
5383,0.000622,74.125.68.0-255,5020,66610,65,207694
5384,0.000624,172.31.40.0-255,66,66676,65,207694
5385,0.000655,74.125.68.0-255,356,67032,65,207694
5386,0.000714,74.125.68.0-255,386,67418,65,207694
5387,0.001121,74.125.68.0-255,1484,68902,65,207694
5388,0.001126,172.31.40.0-255,66,68968,65,207694
5389,0.00114,74.125.68.0-255,1484,70452,65,207694
5390,0.001153,74.125.68.0-255,1484,71936,65,207694
5391,0.001156,172.31.40.0-255,66,72002,65,207694
5392,0.001172,74.125.68.0-255,2902,74904,65,207694
5393,0.001175,172.31.40.0-255,66,74970,65,207694
5394,0.001195,74.125.68.0-255,1484,76454,65,207694
5395,0.001215,74.125.68.0-255,2902,79356,65,207694
5396,0.001217,172.31.40.0-255,66,79422,65,207694
5397,0.001237,74.125.68.0-255,5738,85160,65,207694
5398,0.001239,172.31.40.0-255,66,85226,65,207694
5399,0.001258,74.125.68.0-255,2902,88128,65,207694
5400,0.00126,172.31.40.0-255,66,88194,65,207694
5401,0.00129,74.125.68.0-255,4320,92514,65,207694
5402,0.001292,172.31.40.0-255,66,92580,65,207694
5403,0.001309,74.125.68.0-255,4320,96900,65,207694
5404,0.001312,172.31.40.0-255,66,96966,65,207694
5405,0.001335,74.125.68.0-255,1484,98450,65,207694
5406,0.001358,74.125.68.0-255,3602,102052,65,207694
5407,0.001361,172.31.40.0-255,66,102118,65,207694
5408,0.001841,74.125.68.0-255,1484,103602,65,207694
5409,0.001858,74.125.68.0-255,1484,105086,65,207694
5410,0.001862,172.31.40.0-255,66,105152,65,207694
5411,0.001878,74.125.68.0-255,2902,108054,65,207694
5412,0.00188,172.31.40.0-255,66,108120,65,207694
5413,0.001899,74.125.68.0-255,2902,111022,65,207694
5414,0.001901,172.31.40.0-255,66,111088,65,207694
5415,0.001923,74.125.68.0-255,2902,113990,65,207694
5416,0.001925,172.31.40.0-255,66,114056,65,207694
5417,0.001939,74.125.68.0-255,1484,115540,65,207694
5418,0.001955,74.125.68.0-255,5738,121278,65,207694
5419,0.001957,172.31.40.0-255,66,121344,65,207694
5420,0.001961,74.125.68.0-255,1484,122828,65,207694
5421,0.001978,74.125.68.0-255,2902,125730,65,207694
5422,0.00198,172.31.40.0-255,66,125796,65,207694
5423,0.001987,74.125.68.0-255,5738,131534,65,207694
5424,0.001989,172.31.40.0-255,66,131600,65,207694
5425,0.002005,74.125.68.0-255,1484,133084,65,207694
5426,0.002026,74.125.68.0-255,3602,136686,65,207694
5427,0.002029,172.31.40.0-255,66,136752,65,207694
5428,0.002046,74.125.68.0-255,2902,139654,65,207694
5429,0.002048,172.31.40.0-255,66,139720,65,207694
5430,0.00207,74.125.68.0-255,2902,142622,65,207694
5431,0.002072,172.31.40.0-255,66,142688,65,207694
5432,0.002077,74.125.68.0-255,2902,145590,65,207694
5433,0.002079,172.31.40.0-255,66,145656,65,207694
5434,0.002083,74.125.68.0-255,2902,148558,65,207694
5435,0.002085,172.31.40.0-255,66,148624,65,207694
5436,0.002115,74.125.68.0-255,1484,150108,65,207694
5437,0.002144,172.31.40.0-255,66,150174,65,207694
5438,0.002151,74.125.68.0-255,5738,155912,65,207694
5439,0.002153,172.31.40.0-255,66,155978,65,207694
5440,0.00216,74.125.68.0-255,6438,162416,65,207694
5441,0.002162,172.31.40.0-255,66,162482,65,207694
5442,0.00428,74.125.68.0-255,5738,168220,65,207694
5443,0.004287,172.31.40.0-255,66,168286,65,207694
5444,0.006394,74.125.68.0-255,4320,172606,65,207694
5445,0.0064,172.31.40.0-255,66,172672,65,207694
5446,0.00642,74.125.68.0-255,1484,174156,65,207694
5447,0.008515,74.125.68.0-255,4320,178476,65,207694
5448,0.008524,172.31.40.0-255,66,178542,65,207694
5449,0.010618,74.125.68.0-255,2902,181444,65,207694
5450,0.010625,172.31.40.0-255,66,181510,65,207694
5451,0.010645,74.125.68.0-255,2902,184412,65,207694
5452,0.010648,172.31.40.0-255,66,184478,65,207694
5453,0.012775,74.125.68.0-255,5738,190216,65,207694
5454,0.012783,172.31.40.0-255,66,190282,65,207694
5455,0.014943,74.125.68.0-255,5738,196020,65,207694
5456,0.01495,172.31.40.0-255,66,196086,65,207694
5457,0.017066,74.125.68.0-255,5738,201824,65,207694
5458,0.017073,172.31.40.0-255,66,201890,65,207694
5459,0.019204,74.125.68.0-255,5738,207628,65,207694
5460,0.019212,172.31.40.0-255,66,207694,65,207694
5461,0.0,74.125.24.0-255,153,153,65,197445
5462,2.1e-05,172.31.40.0-255,66,219,65,197445
5463,2.8e-05,74.125.24.0-255,1484,1703,65,197445
5464,3.2e-05,172.31.40.0-255,66,1769,65,197445
5465,3.7e-05,74.125.24.0-255,2902,4671,65,197445
5466,4.7e-05,172.31.40.0-255,66,4737,65,197445
5467,5.2e-05,74.125.24.0-255,2902,7639,65,197445
5468,5.4e-05,172.31.40.0-255,66,7705,65,197445
5469,5.9e-05,74.125.24.0-255,2902,10607,65,197445
5470,6.1e-05,172.31.40.0-255,66,10673,65,197445
5471,9.7e-05,172.31.40.0-255,66,10739,65,197445
5472,0.00011,172.31.40.0-255,66,10805,65,197445
5473,0.000164,74.125.24.0-255,1484,12289,65,197445
5474,0.000167,172.31.40.0-255,66,12355,65,197445
5475,0.000171,74.125.24.0-255,2902,15257,65,197445
5476,0.000173,172.31.40.0-255,66,15323,65,197445
5477,0.000208,74.125.24.0-255,5738,21061,65,197445
5478,0.000211,172.31.40.0-255,66,21127,65,197445
5479,0.000235,74.125.24.0-255,4320,25447,65,197445
5480,0.000238,172.31.40.0-255,66,25513,65,197445
5481,0.000284,172.31.40.0-255,66,25579,65,197445
5482,0.0003,172.31.40.0-255,66,25645,65,197445
5483,0.000303,74.125.24.0-255,416,26061,65,197445
5484,0.000305,172.31.40.0-255,66,26127,65,197445
5485,0.000324,74.125.24.0-255,330,26457,65,197445
5486,0.000326,172.31.40.0-255,66,26523,65,197445
5487,0.000615,74.125.24.0-255,1484,28007,65,197445
5488,0.00062,172.31.40.0-255,66,28073,65,197445
5489,0.000625,74.125.24.0-255,2902,30975,65,197445
5490,0.000627,172.31.40.0-255,66,31041,65,197445
5491,0.000634,74.125.24.0-255,5738,36779,65,197445
5492,0.00064,172.31.40.0-255,66,36845,65,197445
5493,0.000643,74.125.24.0-255,1484,38329,65,197445
5494,0.000664,74.125.24.0-255,2902,41231,65,197445
5495,0.00067,172.31.40.0-255,66,41297,65,197445
5496,0.000676,74.125.24.0-255,5738,47035,65,197445
5497,0.000678,172.31.40.0-255,66,47101,65,197445
5498,0.000705,74.125.24.0-255,1484,48585,65,197445
5499,0.000734,172.31.40.0-255,66,48651,65,197445
5500,0.000737,74.125.24.0-255,2184,50835,65,197445
5501,0.000739,172.31.40.0-255,66,50901,65,197445
5502,0.001122,74.125.24.0-255,1484,52385,65,197445
5503,0.001126,74.125.24.0-255,1484,53869,65,197445
5504,0.001129,172.31.40.0-255,66,53935,65,197445
5505,0.001143,74.125.24.0-255,1484,55419,65,197445
5506,0.001151,74.125.24.0-255,2902,58321,65,197445
5507,0.001153,172.31.40.0-255,66,58387,65,197445
5508,0.001173,74.125.24.0-255,2902,61289,65,197445
5509,0.001191,172.31.40.0-255,66,61355,65,197445
5510,0.001193,172.31.40.0-255,66,61421,65,197445
5511,0.001305,74.125.24.0-255,7156,68577,65,197445
5512,0.001309,172.31.40.0-255,66,68643,65,197445
5513,0.001325,74.125.24.0-255,3602,72245,65,197445
5514,0.001329,172.31.40.0-255,66,72311,65,197445
5515,0.001389,74.125.24.0-255,1484,73795,65,197445
5516,0.001403,74.125.24.0-255,2902,76697,65,197445
5517,0.001406,172.31.40.0-255,66,76763,65,197445
5518,0.00141,74.125.24.0-255,2902,79665,65,197445
5519,0.001411,172.31.40.0-255,66,79731,65,197445
5520,0.001436,74.125.24.0-255,2902,82633,65,197445
5521,0.001438,172.31.40.0-255,66,82699,65,197445
5522,0.001448,172.31.40.0-255,66,82765,65,197445
5523,0.001471,74.125.24.0-255,2902,85667,65,197445
5524,0.001473,172.31.40.0-255,66,85733,65,197445
5525,0.001478,74.125.24.0-255,4320,90053,65,197445
5526,0.00148,172.31.40.0-255,66,90119,65,197445
5527,0.001509,74.125.24.0-255,6438,96557,65,197445
5528,0.001511,172.31.40.0-255,66,96623,65,197445
5529,0.001548,172.31.40.0-255,66,96689,65,197445
5530,0.001559,172.31.40.0-255,66,96755,65,197445
5531,0.001585,74.125.24.0-255,5738,102493,65,197445
5532,0.001591,172.31.40.0-255,66,102559,65,197445
5533,0.001618,74.125.24.0-255,6438,108997,65,197445
5534,0.001621,172.31.40.0-255,66,109063,65,197445
5535,0.001744,74.125.24.0-255,1484,110547,65,197445
5536,0.001748,74.125.24.0-255,1484,112031,65,197445
5537,0.001756,172.31.40.0-255,66,112097,65,197445
5538,0.00176,74.125.24.0-255,1484,113581,65,197445
5539,0.001766,74.125.24.0-255,5738,119319,65,197445
5540,0.001767,172.31.40.0-255,66,119385,65,197445
5541,0.00177,74.125.24.0-255,1484,120869,65,197445
5542,0.0018,74.125.24.0-255,2902,123771,65,197445
5543,0.001802,172.31.40.0-255,66,123837,65,197445
5544,0.001813,172.31.40.0-255,66,123903,65,197445
5545,0.001862,172.31.40.0-255,66,123969,65,197445
5546,0.001894,74.125.24.0-255,1484,125453,65,197445
5547,0.001898,74.125.24.0-255,2902,128355,65,197445
5548,0.001901,172.31.40.0-255,66,128421,65,197445
5549,0.001935,74.125.24.0-255,5738,134159,65,197445
5550,0.001938,172.31.40.0-255,66,134225,65,197445
5551,0.001953,172.31.40.0-255,66,134291,65,197445
5552,0.001981,74.125.24.0-255,2902,137193,65,197445
5553,0.001983,172.31.40.0-255,66,137259,65,197445
5554,0.002011,172.31.40.0-255,66,137325,65,197445
5555,0.002057,74.125.24.0-255,1484,138809,65,197445
5556,0.00206,74.125.24.0-255,1484,140293,65,197445
5557,0.002062,172.31.40.0-255,66,140359,65,197445
5558,0.002072,74.125.24.0-255,1484,141843,65,197445
5559,0.002078,74.125.24.0-255,5738,147581,65,197445
5560,0.00208,172.31.40.0-255,66,147647,65,197445
5561,0.002089,74.125.24.0-255,5738,153385,65,197445
5562,0.002091,172.31.40.0-255,66,153451,65,197445
5563,0.002106,74.125.24.0-255,1484,154935,65,197445
5564,0.00211,74.125.24.0-255,2902,157837,65,197445
5565,0.002112,172.31.40.0-255,66,157903,65,197445
5566,0.002148,172.31.40.0-255,66,157969,65,197445
5567,0.002152,74.125.24.0-255,2184,160153,65,197445
5568,0.002154,172.31.40.0-255,66,160219,65,197445
5569,0.002185,74.125.24.0-255,1484,161703,65,197445
5570,0.002188,74.125.24.0-255,1484,163187,65,197445
5571,0.00219,172.31.40.0-255,66,163253,65,197445
5572,0.0022,74.125.24.0-255,1484,164737,65,197445
5573,0.002203,74.125.24.0-255,1484,166221,65,197445
5574,0.002208,172.31.40.0-255,66,166287,65,197445
5575,0.002234,74.125.24.0-255,4320,170607,65,197445
5576,0.002236,172.31.40.0-255,66,170673,65,197445
5577,0.002245,172.31.40.0-255,66,170739,65,197445
5578,0.002264,74.125.24.0-255,4320,175059,65,197445
5579,0.00227,172.31.40.0-255,66,175125,65,197445
5580,0.002276,74.125.24.0-255,7156,182281,65,197445
5581,0.002279,172.31.40.0-255,66,182347,65,197445
5582,0.0023,74.125.24.0-255,6438,188785,65,197445
5583,0.002302,172.31.40.0-255,66,188851,65,197445
5584,0.002305,74.125.24.0-255,1484,190335,65,197445
5585,0.002338,172.31.40.0-255,66,190401,65,197445
5586,0.002378,172.31.40.0-255,66,190467,65,197445
5587,0.002401,74.125.24.0-255,6438,196905,65,197445
5588,0.002405,172.31.40.0-255,66,196971,65,197445
5589,0.002418,172.31.40.0-255,66,197037,65,197445
5590,0.002461,172.31.40.0-255,66,197103,65,197445
5591,0.004844,74.125.24.0-255,105,197208,65,197445
5592,0.007975,172.31.40.0-255,66,197274,65,197445
5593,0.008014,172.31.40.0-255,105,197379,65,197445
5594,0.010411,74.125.24.0-255,66,197445,65,197445
5595,0.0,74.125.24.0-255,152,152,65,220634
5596,2e-05,172.31.40.0-255,66,218,65,220634
5597,2.7e-05,74.125.24.0-255,1484,1702,65,220634
5598,3.1e-05,172.31.40.0-255,66,1768,65,220634
5599,3.6e-05,74.125.24.0-255,2902,4670,65,220634
5600,3.9e-05,172.31.40.0-255,66,4736,65,220634
5601,4.5e-05,74.125.24.0-255,5738,10474,65,220634
5602,4.8e-05,172.31.40.0-255,66,10540,65,220634
5603,5e-05,74.125.24.0-255,1484,12024,65,220634
5604,5.3e-05,172.31.40.0-255,66,12090,65,220634
5605,7.1e-05,74.125.24.0-255,2038,14128,65,220634
5606,7.4e-05,172.31.40.0-255,66,14194,65,220634
5607,0.000186,74.125.24.0-255,1484,15678,65,220634
5608,0.00019,172.31.40.0-255,66,15744,65,220634
5609,0.000195,74.125.24.0-255,2902,18646,65,220634
5610,0.000197,172.31.40.0-255,66,18712,65,220634
5611,0.000202,74.125.24.0-255,2902,21614,65,220634
5612,0.000203,172.31.40.0-255,66,21680,65,220634
5613,0.000223,74.125.24.0-255,2902,24582,65,220634
5614,0.000225,172.31.40.0-255,66,24648,65,220634
5615,0.000228,74.125.24.0-255,1484,26132,65,220634
5616,0.000229,172.31.40.0-255,66,26198,65,220634
5617,0.000244,74.125.24.0-255,5738,31936,65,220634
5618,0.000247,172.31.40.0-255,66,32002,65,220634
5619,0.000268,74.125.24.0-255,3961,35963,65,220634
5620,0.00027,172.31.40.0-255,66,36029,65,220634
5621,0.00028,172.31.40.0-255,66,36095,65,220634
5622,0.0003,172.31.40.0-255,66,36161,65,220634
5623,0.00033,172.31.40.0-255,66,36227,65,220634
5624,0.000388,74.125.24.0-255,398,36625,65,220634
5625,0.000444,74.125.24.0-255,111,36736,65,220634
5626,0.000548,74.125.24.0-255,1484,38220,65,220634
5627,0.000557,172.31.40.0-255,66,38286,65,220634
5628,0.000568,74.125.24.0-255,2902,41188,65,220634
5629,0.000582,74.125.24.0-255,4320,45508,65,220634
5630,0.00059,172.31.40.0-255,66,45574,65,220634
5631,0.000598,74.125.24.0-255,1484,47058,65,220634
5632,0.000603,74.125.24.0-255,4320,51378,65,220634
5633,0.000627,74.125.24.0-255,1484,52862,65,220634
5634,0.00063,172.31.40.0-255,66,52928,65,220634
5635,0.000641,172.31.40.0-255,66,52994,65,220634
5636,0.000652,74.125.24.0-255,331,53325,65,220634
5637,0.000671,172.31.40.0-255,66,53391,65,220634
5638,0.001153,74.125.24.0-255,1484,54875,65,220634
5639,0.001159,74.125.24.0-255,2902,57777,65,220634
5640,0.001162,172.31.40.0-255,66,57843,65,220634
5641,0.001169,74.125.24.0-255,5738,63581,65,220634
5642,0.001172,172.31.40.0-255,66,63647,65,220634
5643,0.001196,74.125.24.0-255,5738,69385,65,220634
5644,0.001201,172.31.40.0-255,66,69451,65,220634
5645,0.001225,74.125.24.0-255,7156,76607,65,220634
5646,0.001227,172.31.40.0-255,66,76673,65,220634
5647,0.00125,74.125.24.0-255,766,77439,65,220634
5648,0.001281,74.125.24.0-255,5738,83177,65,220634
5649,0.001284,172.31.40.0-255,66,83243,65,220634
5650,0.001289,172.31.40.0-255,66,83309,65,220634
5651,0.001306,74.125.24.0-255,5738,89047,65,220634
5652,0.00133,172.31.40.0-255,66,89113,65,220634
5653,0.001352,172.31.40.0-255,66,89179,65,220634
5654,0.001503,74.125.24.0-255,1484,90663,65,220634
5655,0.001509,74.125.24.0-255,2902,93565,65,220634
5656,0.001512,172.31.40.0-255,66,93631,65,220634
5657,0.001535,74.125.24.0-255,5738,99369,65,220634
5658,0.001545,172.31.40.0-255,66,99435,65,220634
5659,0.001578,74.125.24.0-255,7156,106591,65,220634
5660,0.001596,74.125.24.0-255,5738,112329,65,220634
5661,0.001603,74.125.24.0-255,7156,119485,65,220634
5662,0.001608,172.31.40.0-255,66,119551,65,220634
5663,0.001631,74.125.24.0-255,3602,123153,65,220634
5664,0.001644,172.31.40.0-255,66,123219,65,220634
5665,0.002347,74.125.24.0-255,1484,124703,65,220634
5666,0.002357,74.125.24.0-255,2902,127605,65,220634
5667,0.002361,172.31.40.0-255,66,127671,65,220634
5668,0.002382,74.125.24.0-255,2902,130573,65,220634
5669,0.002385,172.31.40.0-255,66,130639,65,220634
5670,0.002388,74.125.24.0-255,1484,132123,65,220634
5671,0.00239,74.125.24.0-255,1484,133607,65,220634
5672,0.002392,172.31.40.0-255,66,133673,65,220634
5673,0.002418,74.125.24.0-255,4320,137993,65,220634
5674,0.00242,172.31.40.0-255,66,138059,65,220634
5675,0.002442,74.125.24.0-255,4320,142379,65,220634
5676,0.002445,172.31.40.0-255,66,142445,65,220634
5677,0.002449,74.125.24.0-255,2902,145347,65,220634
5678,0.002451,172.31.40.0-255,66,145413,65,220634
5679,0.002504,74.125.24.0-255,3602,149015,65,220634
5680,0.002743,74.125.24.0-255,1484,150499,65,220634
5681,0.00275,74.125.24.0-255,2902,153401,65,220634
5682,0.002766,74.125.24.0-255,4320,157721,65,220634
5683,0.002775,74.125.24.0-255,1484,159205,65,220634
5684,0.002788,74.125.24.0-255,2902,162107,65,220634
5685,0.002861,74.125.24.0-255,4320,166427,65,220634
5686,0.002916,74.125.24.0-255,2184,168611,65,220634
5687,0.002922,74.125.24.0-255,7156,175767,65,220634
5688,0.002927,74.125.24.0-255,3602,179369,65,220634
5689,0.002929,74.125.24.0-255,1484,180853,65,220634
5690,0.002932,74.125.24.0-255,1484,182337,65,220634
5691,0.002934,74.125.24.0-255,1484,183821,65,220634
5692,0.002936,74.125.24.0-255,1484,185305,65,220634
5693,0.002968,74.125.24.0-255,1484,186789,65,220634
5694,0.002992,74.125.24.0-255,2902,189691,65,220634
5695,0.002994,74.125.24.0-255,1484,191175,65,220634
5696,0.002997,74.125.24.0-255,1484,192659,65,220634
5697,0.003018,74.125.24.0-255,1484,194143,65,220634
5698,0.003051,74.125.24.0-255,7156,201299,65,220634
5699,0.003076,74.125.24.0-255,2902,204201,65,220634
5700,0.003105,74.125.24.0-255,5738,209939,65,220634
5701,0.003135,74.125.24.0-255,2902,212841,65,220634
5702,0.003138,74.125.24.0-255,1484,214325,65,220634
5703,0.003164,74.125.24.0-255,1484,215809,65,220634
5704,0.003169,74.125.24.0-255,2902,218711,65,220634
5705,0.003199,74.125.24.0-255,1484,220195,65,220634
5706,0.003272,74.125.24.0-255,97,220292,65,220634
5707,0.003275,74.125.24.0-255,105,220397,65,220634
5708,0.00347,172.31.40.0-255,66,220463,65,220634
5709,0.005027,172.31.40.0-255,105,220568,65,220634
5710,0.007306,74.125.24.0-255,66,220634,65,220634
5711,0.0,172.217.194.0-255,297,297,65,155335
5712,2.4e-05,172.31.40.0-255,66,363,65,155335
5713,3e-05,172.217.194.0-255,1484,1847,65,155335
5714,3.4e-05,172.31.40.0-255,66,1913,65,155335
5715,4.2e-05,172.217.194.0-255,4320,6233,65,155335
5716,5.3e-05,172.31.40.0-255,66,6299,65,155335
5717,6.7e-05,172.31.40.0-255,66,6365,65,155335
5718,7.8e-05,172.31.40.0-255,66,6431,65,155335
5719,0.000111,172.217.194.0-255,5379,11810,65,155335
5720,0.000114,172.31.40.0-255,66,11876,65,155335
5721,0.000509,172.217.194.0-255,1484,13360,65,155335
5722,0.000516,172.31.40.0-255,66,13426,65,155335
5723,0.000522,172.217.194.0-255,2902,16328,65,155335
5724,0.000525,172.31.40.0-255,66,16394,65,155335
5725,0.00053,172.217.194.0-255,2902,19296,65,155335
5726,0.000537,172.31.40.0-255,66,19362,65,155335
5727,0.000565,172.217.194.0-255,2902,22264,65,155335
5728,0.000568,172.31.40.0-255,66,22330,65,155335
5729,0.00058,172.31.40.0-255,66,22396,65,155335
5730,0.000634,172.31.40.0-255,66,22462,65,155335
5731,0.000715,172.217.194.0-255,379,22841,65,155335
5732,0.000719,172.31.40.0-255,66,22907,65,155335
5733,0.000818,172.217.194.0-255,1484,24391,65,155335
5734,0.000821,172.31.40.0-255,66,24457,65,155335
5735,0.000826,172.217.194.0-255,2902,27359,65,155335
5736,0.000828,172.31.40.0-255,66,27425,65,155335
5737,0.000865,172.217.194.0-255,5738,33163,65,155335
5738,0.000868,172.31.40.0-255,66,33229,65,155335
5739,0.000873,172.217.194.0-255,4320,37549,65,155335
5740,0.000875,172.31.40.0-255,66,37615,65,155335
5741,0.000895,172.217.194.0-255,2902,40517,65,155335
5742,0.000897,172.31.40.0-255,66,40583,65,155335
5743,0.00091,172.217.194.0-255,7156,47739,65,155335
5744,0.000913,172.31.40.0-255,66,47805,65,155335
5745,0.000938,172.217.194.0-255,7156,54961,65,155335
5746,0.000941,172.31.40.0-255,66,55027,65,155335
5747,0.000963,172.217.194.0-255,2482,57509,65,155335
5748,0.000966,172.31.40.0-255,66,57575,65,155335
5749,0.001295,172.217.194.0-255,1484,59059,65,155335
5750,0.001303,172.217.194.0-255,2902,61961,65,155335
5751,0.001307,172.31.40.0-255,66,62027,65,155335
5752,0.001336,172.217.194.0-255,5738,67765,65,155335
5753,0.001339,172.31.40.0-255,66,67831,65,155335
5754,0.001345,172.217.194.0-255,5738,73569,65,155335
5755,0.001348,172.31.40.0-255,66,73635,65,155335
5756,0.00139,172.217.194.0-255,7156,80791,65,155335
5757,0.001394,172.31.40.0-255,66,80857,65,155335
5758,0.001401,172.217.194.0-255,5738,86595,65,155335
5759,0.001403,172.31.40.0-255,66,86661,65,155335
5760,0.001427,172.217.194.0-255,5020,91681,65,155335
5761,0.001429,172.31.40.0-255,66,91747,65,155335
5762,0.001768,172.217.194.0-255,1484,93231,65,155335
5763,0.001772,172.217.194.0-255,1484,94715,65,155335
5764,0.001775,172.31.40.0-255,66,94781,65,155335
5765,0.001805,172.217.194.0-255,1484,96265,65,155335
5766,0.001812,172.217.194.0-255,5738,102003,65,155335
5767,0.001815,172.31.40.0-255,66,102069,65,155335
5768,0.001826,172.31.40.0-255,66,102135,65,155335
5769,0.001863,172.217.194.0-255,2902,105037,65,155335
5770,0.001866,172.31.40.0-255,66,105103,65,155335
5771,0.001873,172.217.194.0-255,7156,112259,65,155335
5772,0.001876,172.31.40.0-255,66,112325,65,155335
5773,0.001881,172.217.194.0-255,3602,115927,65,155335
5774,0.001883,172.31.40.0-255,66,115993,65,155335
5775,0.00432,172.217.194.0-255,1484,117477,65,155335
5776,0.004341,172.217.194.0-255,4320,121797,65,155335
5777,0.004346,172.31.40.0-255,66,121863,65,155335
5778,0.006779,172.217.194.0-255,5738,127601,65,155335
5779,0.006783,172.31.40.0-255,66,127667,65,155335
5780,0.009223,172.217.194.0-255,5738,133405,65,155335
5781,0.009228,172.31.40.0-255,66,133471,65,155335
5782,0.011672,172.217.194.0-255,4320,137791,65,155335
5783,0.011679,172.31.40.0-255,66,137857,65,155335
5784,0.011702,172.217.194.0-255,1484,139341,65,155335
5785,0.014125,172.217.194.0-255,4320,143661,65,155335
5786,0.014132,172.31.40.0-255,66,143727,65,155335
5787,0.016594,172.217.194.0-255,5738,149465,65,155335
5788,0.016603,172.31.40.0-255,66,149531,65,155335
5789,0.019053,172.217.194.0-255,5738,155269,65,155335
5790,0.019062,172.31.40.0-255,66,155335,65,155335
5791,0.0,74.125.200.0-255,173,173,65,314204
5792,1.2e-05,172.31.40.0-255,66,239,65,314204
5793,1.8e-05,74.125.200.0-255,1484,1723,65,314204
5794,2.2e-05,172.31.40.0-255,66,1789,65,314204
5795,4.8e-05,74.125.200.0-255,2902,4691,65,314204
5796,5e-05,172.31.40.0-255,66,4757,65,314204
5797,5.9e-05,74.125.200.0-255,4320,9077,65,314204
5798,6.2e-05,172.31.40.0-255,66,9143,65,314204
5799,7.6e-05,74.125.200.0-255,1484,10627,65,314204
5800,7.9e-05,172.31.40.0-255,66,10693,65,314204
5801,8.4e-05,74.125.200.0-255,3443,14136,65,314204
5802,8.7e-05,172.31.40.0-255,66,14202,65,314204
5803,0.000112,74.125.200.0-255,4320,18522,65,314204
5804,0.000117,172.31.40.0-255,66,18588,65,314204
5805,0.000121,74.125.200.0-255,2902,21490,65,314204
5806,0.000124,172.31.40.0-255,66,21556,65,314204
5807,0.000155,74.125.200.0-255,4320,25876,65,314204
5808,0.000158,172.31.40.0-255,66,25942,65,314204
5809,0.00016,74.125.200.0-255,1484,27426,65,314204
5810,0.000162,172.31.40.0-255,66,27492,65,314204
5811,0.000177,74.125.200.0-255,7156,34648,65,314204
5812,0.000183,172.31.40.0-255,66,34714,65,314204
5813,0.000188,74.125.200.0-255,4320,39034,65,314204
5814,0.00019,172.31.40.0-255,66,39100,65,314204
5815,0.000195,74.125.200.0-255,5738,44838,65,314204
5816,0.000198,172.31.40.0-255,66,44904,65,314204
5817,0.000244,74.125.200.0-255,3602,48506,65,314204
5818,0.000246,172.31.40.0-255,66,48572,65,314204
5819,0.000275,74.125.200.0-255,1484,50056,65,314204
5820,0.000278,172.31.40.0-255,66,50122,65,314204
5821,0.000281,74.125.200.0-255,1484,51606,65,314204
5822,0.000283,172.31.40.0-255,66,51672,65,314204
5823,0.0003,74.125.200.0-255,1484,53156,65,314204
5824,0.000326,74.125.200.0-255,5738,58894,65,314204
5825,0.000329,74.125.200.0-255,1484,60378,65,314204
5826,0.000347,74.125.200.0-255,2902,63280,65,314204
5827,0.000375,74.125.200.0-255,2543,65823,65,314204
5828,0.000437,74.125.200.0-255,388,66211,65,314204
5829,0.000484,74.125.200.0-255,1484,67695,65,314204
5830,0.000501,74.125.200.0-255,2902,70597,65,314204
5831,0.000518,74.125.200.0-255,5738,76335,65,314204
5832,0.000539,74.125.200.0-255,5738,82073,65,314204
5833,0.000561,74.125.200.0-255,4320,86393,65,314204
5834,0.000574,74.125.200.0-255,2902,89295,65,314204
5835,0.000588,74.125.200.0-255,7156,96451,65,314204
5836,0.0006,74.125.200.0-255,2902,99353,65,314204
5837,0.000622,74.125.200.0-255,1055,100408,65,314204
5838,0.000922,74.125.200.0-255,1484,101892,65,314204
5839,0.000925,74.125.200.0-255,1484,103376,65,314204
5840,0.000943,74.125.200.0-255,1484,104860,65,314204
5841,0.000947,74.125.200.0-255,4320,109180,65,314204
5842,0.000971,74.125.200.0-255,4320,113500,65,314204
5843,0.000987,74.125.200.0-255,4320,117820,65,314204
5844,0.000993,74.125.200.0-255,7156,124976,65,314204
5845,0.001012,74.125.200.0-255,7156,132132,65,314204
5846,0.001025,74.125.200.0-255,1484,133616,65,314204
5847,0.001028,74.125.200.0-255,766,134382,65,314204
5848,0.001083,74.125.200.0-255,1484,135866,65,314204
5849,0.001098,74.125.200.0-255,2902,138768,65,314204
5850,0.001115,74.125.200.0-255,5738,144506,65,314204
5851,0.001198,74.125.200.0-255,2902,147408,65,314204
5852,0.001265,74.125.200.0-255,1484,148892,65,314204
5853,0.001269,74.125.200.0-255,1484,150376,65,314204
5854,0.00128,74.125.200.0-255,1484,151860,65,314204
5855,0.001294,74.125.200.0-255,1484,153344,65,314204
5856,0.001318,74.125.200.0-255,5738,159082,65,314204
5857,0.001347,74.125.200.0-255,4320,163402,65,314204
5858,0.001359,74.125.200.0-255,1484,164886,65,314204
5859,0.001374,74.125.200.0-255,4320,169206,65,314204
5860,0.001398,74.125.200.0-255,2902,172108,65,314204
5861,0.001403,74.125.200.0-255,4320,176428,65,314204
5862,0.001406,74.125.200.0-255,1484,177912,65,314204
5863,0.001431,74.125.200.0-255,3602,181514,65,314204
5864,0.001557,74.125.200.0-255,1484,182998,65,314204
5865,0.001576,74.125.200.0-255,1484,184482,65,314204
5866,0.001589,74.125.200.0-255,1484,185966,65,314204
5867,0.00161,74.125.200.0-255,2902,188868,65,314204
5868,0.001616,74.125.200.0-255,4320,193188,65,314204
5869,0.001645,74.125.200.0-255,2902,196090,65,314204
5870,0.001668,74.125.200.0-255,5738,201828,65,314204
5871,0.001684,74.125.200.0-255,5738,207566,65,314204
5872,0.001699,74.125.200.0-255,4320,211886,65,314204
5873,0.001702,74.125.200.0-255,1484,213370,65,314204
5874,0.00174,74.125.200.0-255,2184,215554,65,314204
5875,0.001925,74.125.200.0-255,1484,217038,65,314204
5876,0.00194,74.125.200.0-255,2902,219940,65,314204
5877,0.001943,74.125.200.0-255,1484,221424,65,314204
5878,0.001946,74.125.200.0-255,1484,222908,65,314204
5879,0.001958,74.125.200.0-255,1484,224392,65,314204
5880,0.001975,74.125.200.0-255,4320,228712,65,314204
5881,0.001986,74.125.200.0-255,1484,230196,65,314204
5882,0.002005,74.125.200.0-255,2902,233098,65,314204
5883,0.002018,74.125.200.0-255,4320,237418,65,314204
5884,0.002025,74.125.200.0-255,5738,243156,65,314204
5885,0.002047,74.125.200.0-255,2902,246058,65,314204
5886,0.002052,74.125.200.0-255,3602,249660,65,314204
5887,0.002169,74.125.200.0-255,1484,251144,65,314204
5888,0.002176,74.125.200.0-255,2902,254046,65,314204
5889,0.002183,74.125.200.0-255,5738,259784,65,314204
5890,0.002199,74.125.200.0-255,2902,262686,65,314204
5891,0.002215,74.125.200.0-255,2902,265588,65,314204
5892,0.002232,74.125.200.0-255,4320,269908,65,314204
5893,0.002246,74.125.200.0-255,2902,272810,65,314204
5894,0.00225,74.125.200.0-255,2902,275712,65,314204
5895,0.002265,74.125.200.0-255,4320,280032,65,314204
5896,0.002301,74.125.200.0-255,2902,282934,65,314204
5897,0.002317,74.125.200.0-255,2184,285118,65,314204
5898,0.005927,172.31.40.0-255,66,285184,65,314204
5899,0.008276,74.125.200.0-255,5738,290922,65,314204
5900,0.008285,172.31.40.0-255,66,290988,65,314204
5901,0.010589,74.125.200.0-255,5738,296726,65,314204
5902,0.010596,172.31.40.0-255,66,296792,65,314204
5903,0.012909,74.125.200.0-255,5738,302530,65,314204
5904,0.014184,172.31.40.0-255,66,302596,65,314204
5905,0.016496,74.125.200.0-255,5738,308334,65,314204
5906,0.016505,172.31.40.0-255,66,308400,65,314204
5907,0.018825,74.125.200.0-255,5738,314138,65,314204
5908,0.018834,172.31.40.0-255,66,314204,65,314204
5909,0.0,172.253.118.0-255,296,296,65,179062
5910,2.1e-05,172.31.40.0-255,66,362,65,179062
5911,2.8e-05,172.253.118.0-255,1484,1846,65,179062
5912,3.2e-05,172.31.40.0-255,66,1912,65,179062
5913,3.9e-05,172.253.118.0-255,4320,6232,65,179062
5914,5e-05,172.31.40.0-255,66,6298,65,179062
5915,5.8e-05,172.253.118.0-255,7156,13454,65,179062
5916,6.2e-05,172.31.40.0-255,66,13520,65,179062
5917,8.4e-05,172.253.118.0-255,485,14005,65,179062
5918,9.3e-05,172.31.40.0-255,66,14071,65,179062
5919,0.000104,172.31.40.0-255,66,14137,65,179062
5920,0.000143,172.253.118.0-255,1484,15621,65,179062
5921,0.000145,172.31.40.0-255,66,15687,65,179062
5922,0.00015,172.253.118.0-255,2902,18589,65,179062
5923,0.000152,172.31.40.0-255,66,18655,65,179062
5924,0.000175,172.253.118.0-255,3961,22616,65,179062
5925,0.000181,172.31.40.0-255,66,22682,65,179062
5926,0.000253,172.253.118.0-255,1484,24166,65,179062
5927,0.000256,172.31.40.0-255,66,24232,65,179062
5928,0.000283,172.253.118.0-255,2902,27134,65,179062
5929,0.000286,172.31.40.0-255,66,27200,65,179062
5930,0.000293,172.253.118.0-255,5738,32938,65,179062
5931,0.000295,172.31.40.0-255,66,33004,65,179062
5932,0.000298,172.253.118.0-255,1484,34488,65,179062
5933,0.0003,172.31.40.0-255,66,34554,65,179062
5934,0.000324,172.253.118.0-255,1484,36038,65,179062
5935,0.000326,172.31.40.0-255,66,36104,65,179062
5936,0.000359,172.31.40.0-255,66,36170,65,179062
5937,0.000414,172.253.118.0-255,4320,40490,65,179062
5938,0.000417,172.31.40.0-255,66,40556,65,179062
5939,0.000451,172.253.118.0-255,6438,46994,65,179062
5940,0.000453,172.31.40.0-255,66,47060,65,179062
5941,0.000456,172.253.118.0-255,424,47484,65,179062
5942,0.000601,172.253.118.0-255,1484,48968,65,179062
5943,0.000605,172.31.40.0-255,66,49034,65,179062
5944,0.000613,172.253.118.0-255,2902,51936,65,179062
5945,0.000616,172.31.40.0-255,66,52002,65,179062
5946,0.000639,172.253.118.0-255,4320,56322,65,179062
5947,0.000641,172.31.40.0-255,66,56388,65,179062
5948,0.000648,172.253.118.0-255,5738,62126,65,179062
5949,0.00065,172.31.40.0-255,66,62192,65,179062
5950,0.000681,172.253.118.0-255,2902,65094,65,179062
5951,0.000684,172.31.40.0-255,66,65160,65,179062
5952,0.00071,172.253.118.0-255,2902,68062,65,179062
5953,0.000712,172.31.40.0-255,66,68128,65,179062
5954,0.000755,172.31.40.0-255,66,68194,65,179062
5955,0.000804,172.253.118.0-255,349,68543,65,179062
5956,0.0009,172.253.118.0-255,1484,70027,65,179062
5957,0.000904,172.31.40.0-255,66,70093,65,179062
5958,0.000908,172.253.118.0-255,1484,71577,65,179062
5959,0.000928,172.253.118.0-255,1484,73061,65,179062
5960,0.000931,172.31.40.0-255,66,73127,65,179062
5961,0.000935,172.253.118.0-255,2902,76029,65,179062
5962,0.000937,172.31.40.0-255,66,76095,65,179062
5963,0.00094,172.253.118.0-255,1484,77579,65,179062
5964,0.000957,172.253.118.0-255,2902,80481,65,179062
5965,0.000963,172.31.40.0-255,66,80547,65,179062
5966,0.000966,172.253.118.0-255,1484,82031,65,179062
5967,0.001007,172.253.118.0-255,7156,89187,65,179062
5968,0.00101,172.31.40.0-255,66,89253,65,179062
5969,0.001039,172.253.118.0-255,4320,93573,65,179062
5970,0.001042,172.31.40.0-255,66,93639,65,179062
5971,0.001074,172.253.118.0-255,5738,99377,65,179062
5972,0.001077,172.31.40.0-255,66,99443,65,179062
5973,0.001102,172.253.118.0-255,3602,103045,65,179062
5974,0.001104,172.31.40.0-255,66,103111,65,179062
5975,0.001152,172.253.118.0-255,1484,104595,65,179062
5976,0.001175,172.253.118.0-255,2902,107497,65,179062
5977,0.001178,172.31.40.0-255,66,107563,65,179062
5978,0.001185,172.253.118.0-255,5738,113301,65,179062
5979,0.001188,172.31.40.0-255,66,113367,65,179062
5980,0.001214,172.253.118.0-255,2902,116269,65,179062
5981,0.001218,172.31.40.0-255,66,116335,65,179062
5982,0.001228,172.253.118.0-255,4320,120655,65,179062
5983,0.001234,172.31.40.0-255,66,120721,65,179062
5984,0.001298,172.253.118.0-255,4320,125041,65,179062
5985,0.0013,172.31.40.0-255,66,125107,65,179062
5986,0.001332,172.31.40.0-255,66,125173,65,179062
5987,0.001357,172.253.118.0-255,2184,127357,65,179062
5988,0.00136,172.31.40.0-255,66,127423,65,179062
5989,0.001364,172.253.118.0-255,2902,130325,65,179062
5990,0.001366,172.31.40.0-255,66,130391,65,179062
5991,0.001406,172.253.118.0-255,7156,137547,65,179062
5992,0.001409,172.31.40.0-255,66,137613,65,179062
5993,0.001456,172.253.118.0-255,5738,143351,65,179062
5994,0.00146,172.31.40.0-255,66,143417,65,179062
5995,0.001499,172.31.40.0-255,66,143483,65,179062
5996,0.001556,172.253.118.0-255,1484,144967,65,179062
5997,0.001561,172.253.118.0-255,1484,146451,65,179062
5998,0.001564,172.31.40.0-255,66,146517,65,179062
5999,0.001591,172.253.118.0-255,5020,151537,65,179062
6000,0.001594,172.31.40.0-255,66,151603,65,179062
6001,0.001599,172.253.118.0-255,2902,154505,65,179062
6002,0.001602,172.31.40.0-255,66,154571,65,179062
6003,0.001634,172.31.40.0-255,66,154637,65,179062
6004,0.001724,172.253.118.0-255,4320,158957,65,179062
6005,0.001728,172.31.40.0-255,66,159023,65,179062
6006,0.001776,172.31.40.0-255,66,159089,65,179062
6007,0.001869,172.253.118.0-255,5738,164827,65,179062
6008,0.001873,172.31.40.0-255,66,164893,65,179062
6009,0.001909,172.31.40.0-255,66,164959,65,179062
6010,0.001998,172.31.40.0-255,66,165025,65,179062
6011,0.002016,172.253.118.0-255,2184,167209,65,179062
6012,0.00202,172.31.40.0-255,66,167275,65,179062
6013,0.002069,172.253.118.0-255,2902,170177,65,179062
6014,0.002076,172.31.40.0-255,66,170243,65,179062
6015,0.002117,172.31.40.0-255,66,170309,65,179062
6016,0.002183,172.253.118.0-255,2902,173211,65,179062
6017,0.002188,172.31.40.0-255,66,173277,65,179062
6018,0.002211,172.31.40.0-255,66,173343,65,179062
6019,0.002298,172.253.118.0-255,2902,176245,65,179062
6020,0.002302,172.31.40.0-255,66,176311,65,179062
6021,0.002346,172.31.40.0-255,66,176377,65,179062
6022,0.002371,172.253.118.0-255,2184,178561,65,179062
6023,0.002373,172.31.40.0-255,66,178627,65,179062
6024,0.002539,172.31.40.0-255,66,178693,65,179062
6025,0.002591,172.31.40.0-255,66,178759,65,179062
6026,0.002763,172.31.40.0-255,66,178825,65,179062
6027,0.002818,172.31.40.0-255,66,178891,65,179062
6028,0.004985,172.31.40.0-255,105,178996,65,179062
6029,0.007563,172.253.118.0-255,66,179062,65,179062
6030,0.0,172.217.194.0-255,151,151,65,203844
6031,2.2e-05,172.31.40.0-255,66,217,65,203844
6032,2.8e-05,172.217.194.0-255,1484,1701,65,203844
6033,3.2e-05,172.31.40.0-255,66,1767,65,203844
6034,3.8e-05,172.217.194.0-255,2902,4669,65,203844
6035,4.1e-05,172.31.40.0-255,66,4735,65,203844
6036,5.5e-05,172.217.194.0-255,7156,11891,65,203844
6037,5.8e-05,172.31.40.0-255,66,11957,65,203844
6038,6.2e-05,172.217.194.0-255,2053,14010,65,203844
6039,6.5e-05,172.31.40.0-255,66,14076,65,203844
6040,7.7e-05,172.31.40.0-255,66,14142,65,203844
6041,0.000104,172.217.194.0-255,5379,19521,65,203844
6042,0.000108,172.31.40.0-255,66,19587,65,203844
6043,0.000166,172.217.194.0-255,1484,21071,65,203844
6044,0.000169,172.31.40.0-255,66,21137,65,203844
6045,0.000173,172.217.194.0-255,2902,24039,65,203844
6046,0.000175,172.31.40.0-255,66,24105,65,203844
6047,0.000202,172.217.194.0-255,5738,29843,65,203844
6048,0.000204,172.31.40.0-255,66,29909,65,203844
6049,0.000209,172.217.194.0-255,4320,34229,65,203844
6050,0.000211,172.31.40.0-255,66,34295,65,203844
6051,0.00023,172.217.194.0-255,2543,36838,65,203844
6052,0.000232,172.31.40.0-255,66,36904,65,203844
6053,0.00024,172.217.194.0-255,2902,39806,65,203844
6054,0.000242,172.31.40.0-255,66,39872,65,203844
6055,0.000279,172.31.40.0-255,66,39938,65,203844
6056,0.000282,172.217.194.0-255,2834,42772,65,203844
6057,0.000284,172.31.40.0-255,66,42838,65,203844
6058,0.000286,172.217.194.0-255,98,42936,65,203844
6059,0.000289,172.31.40.0-255,66,43002,65,203844
6060,0.00051,172.217.194.0-255,364,43366,65,203844
6061,0.000897,172.31.40.0-255,66,43432,65,203844
6062,0.000984,172.217.194.0-255,1484,44916,65,203844
6063,0.000991,172.217.194.0-255,2902,47818,65,203844
6064,0.000994,172.217.194.0-255,1484,49302,65,203844
6065,0.001028,172.217.194.0-255,4320,53622,65,203844
6066,0.001035,172.217.194.0-255,7156,60778,65,203844
6067,0.001048,172.217.194.0-255,5738,66516,65,203844
6068,0.001069,172.217.194.0-255,2184,68700,65,203844
6069,0.001315,172.217.194.0-255,1484,70184,65,203844
6070,0.001322,172.217.194.0-255,2902,73086,65,203844
6071,0.00136,172.217.194.0-255,1484,74570,65,203844
6072,0.001364,172.217.194.0-255,2902,77472,65,203844
6073,0.001369,172.217.194.0-255,4320,81792,65,203844
6074,0.001386,172.217.194.0-255,1484,83276,65,203844
6075,0.00139,172.217.194.0-255,2902,86178,65,203844
6076,0.001409,172.217.194.0-255,5738,91916,65,203844
6077,0.001425,172.217.194.0-255,1484,93400,65,203844
6078,0.001447,172.217.194.0-255,2902,96302,65,203844
6079,0.001453,172.217.194.0-255,4320,100622,65,203844
6080,0.001479,172.217.194.0-255,2184,102806,65,203844
6081,0.001652,172.217.194.0-255,1484,104290,65,203844
6082,0.00166,172.217.194.0-255,2902,107192,65,203844
6083,0.001681,172.217.194.0-255,1484,108676,65,203844
6084,0.001687,172.217.194.0-255,2902,111578,65,203844
6085,0.00169,172.217.194.0-255,1484,113062,65,203844
6086,0.001716,172.217.194.0-255,4320,117382,65,203844
6087,0.001734,172.217.194.0-255,4320,121702,65,203844
6088,0.001771,172.217.194.0-255,6438,128140,65,203844
6089,0.001856,172.217.194.0-255,1484,129624,65,203844
6090,0.001862,172.217.194.0-255,2902,132526,65,203844
6091,0.001877,172.217.194.0-255,1484,134010,65,203844
6092,0.0019,172.217.194.0-255,4320,138330,65,203844
6093,0.001905,172.217.194.0-255,2902,141232,65,203844
6094,0.001933,172.217.194.0-255,4320,145552,65,203844
6095,0.001943,172.217.194.0-255,7156,152708,65,203844
6096,0.001969,172.217.194.0-255,7156,159864,65,203844
6097,0.001973,172.217.194.0-255,2184,162048,65,203844
6098,0.002002,172.217.194.0-255,4320,166368,65,203844
6099,0.002014,172.217.194.0-255,2902,169270,65,203844
6100,0.002035,172.217.194.0-255,4320,173590,65,203844
6101,0.002042,172.217.194.0-255,7156,180746,65,203844
6102,0.00206,172.217.194.0-255,5738,186484,65,203844
6103,0.002064,172.217.194.0-255,2902,189386,65,203844
6104,0.00215,172.217.194.0-255,1484,190870,65,203844
6105,0.002169,172.217.194.0-255,5020,195890,65,203844
6106,0.002333,172.217.194.0-255,4320,200210,65,203844
6107,0.002416,172.217.194.0-255,2902,203112,65,203844
6108,0.00245,172.217.194.0-255,390,203502,65,203844
6109,0.002453,172.217.194.0-255,105,203607,65,203844
6110,0.002659,172.31.40.0-255,66,203673,65,203844
6111,0.005085,172.31.40.0-255,105,203778,65,203844
6112,0.007514,172.217.194.0-255,66,203844,65,203844
6113,0.0,74.125.130.0-255,151,151,65,252173
6114,3.5e-05,172.31.40.0-255,66,217,65,252173
6115,4.2e-05,74.125.130.0-255,1484,1701,65,252173
6116,4.6e-05,172.31.40.0-255,66,1767,65,252173
6117,5e-05,74.125.130.0-255,2902,4669,65,252173
6118,5.3e-05,172.31.40.0-255,66,4735,65,252173
6119,5.5e-05,74.125.130.0-255,1484,6219,65,252173
6120,5.8e-05,172.31.40.0-255,66,6285,65,252173
6121,7.7e-05,74.125.130.0-255,1484,7769,65,252173
6122,7.8e-05,172.31.40.0-255,66,7835,65,252173
6123,8.4e-05,74.125.130.0-255,4320,12155,65,252173
6124,8.6e-05,172.31.40.0-255,66,12221,65,252173
6125,0.000106,74.125.130.0-255,2064,14285,65,252173
6126,0.000108,172.31.40.0-255,66,14351,65,252173
6127,0.000112,74.125.130.0-255,2902,17253,65,252173
6128,0.000114,172.31.40.0-255,66,17319,65,252173
6129,0.000148,74.125.130.0-255,7156,24475,65,252173
6130,0.000151,172.31.40.0-255,66,24541,65,252173
6131,0.000157,74.125.130.0-255,6797,31338,65,252173
6132,0.000159,172.31.40.0-255,66,31404,65,252173
6133,0.00035,74.125.130.0-255,1484,32888,65,252173
6134,0.000356,172.31.40.0-255,66,32954,65,252173
6135,0.000376,74.125.130.0-255,2902,35856,65,252173
6136,0.00038,172.31.40.0-255,66,35922,65,252173
6137,0.0004,74.125.130.0-255,5738,41660,65,252173
6138,0.000404,172.31.40.0-255,66,41726,65,252173
6139,0.00041,74.125.130.0-255,5738,47464,65,252173
6140,0.000412,172.31.40.0-255,66,47530,65,252173
6141,0.000433,74.125.130.0-255,1125,48655,65,252173
6142,0.000436,172.31.40.0-255,66,48721,65,252173
6143,0.000441,74.125.130.0-255,2902,51623,65,252173
6144,0.000443,172.31.40.0-255,66,51689,65,252173
6145,0.00046,74.125.130.0-255,4320,56009,65,252173
6146,0.000464,172.31.40.0-255,66,56075,65,252173
6147,0.000487,74.125.130.0-255,5738,61813,65,252173
6148,0.000491,172.31.40.0-255,66,61879,65,252173
6149,0.000508,74.125.130.0-255,2902,64781,65,252173
6150,0.00051,74.125.130.0-255,1414,66195,65,252173
6151,0.000513,172.31.40.0-255,66,66261,65,252173
6152,0.000556,74.125.130.0-255,98,66359,65,252173
6153,0.000737,74.125.130.0-255,1484,67843,65,252173
6154,0.000742,172.31.40.0-255,66,67909,65,252173
6155,0.000748,74.125.130.0-255,2902,70811,65,252173
6156,0.00075,172.31.40.0-255,66,70877,65,252173
6157,0.000777,74.125.130.0-255,5738,76615,65,252173
6158,0.00078,172.31.40.0-255,66,76681,65,252173
6159,0.000785,74.125.130.0-255,2902,79583,65,252173
6160,0.000788,172.31.40.0-255,66,79649,65,252173
6161,0.0008,74.125.130.0-255,1484,81133,65,252173
6162,0.000821,74.125.130.0-255,5738,86871,65,252173
6163,0.000823,172.31.40.0-255,66,86937,65,252173
6164,0.000847,74.125.130.0-255,6797,93734,65,252173
6165,0.00085,172.31.40.0-255,66,93800,65,252173
6166,0.000856,74.125.130.0-255,5738,99538,65,252173
6167,0.000858,172.31.40.0-255,66,99604,65,252173
6168,0.000871,74.125.130.0-255,1125,100729,65,252173
6169,0.000975,74.125.130.0-255,1484,102213,65,252173
6170,0.000979,172.31.40.0-255,66,102279,65,252173
6171,0.000984,74.125.130.0-255,2902,105181,65,252173
6172,0.000986,172.31.40.0-255,66,105247,65,252173
6173,0.000992,74.125.130.0-255,4320,109567,65,252173
6174,0.000994,172.31.40.0-255,66,109633,65,252173
6175,0.001011,74.125.130.0-255,1484,111117,65,252173
6176,0.001016,74.125.130.0-255,2902,114019,65,252173
6177,0.001018,172.31.40.0-255,66,114085,65,252173
6178,0.001054,172.31.40.0-255,66,114151,65,252173
6179,0.001065,172.31.40.0-255,66,114217,65,252173
6180,0.001068,74.125.130.0-255,766,114983,65,252173
6181,0.001166,74.125.130.0-255,1484,116467,65,252173
6182,0.00117,172.31.40.0-255,66,116533,65,252173
6183,0.001176,74.125.130.0-255,2902,119435,65,252173
6184,0.001178,172.31.40.0-255,66,119501,65,252173
6185,0.001182,74.125.130.0-255,1484,120985,65,252173
6186,0.001208,74.125.130.0-255,4320,125305,65,252173
6187,0.001211,172.31.40.0-255,66,125371,65,252173
6188,0.001247,74.125.130.0-255,5738,131109,65,252173
6189,0.00125,172.31.40.0-255,66,131175,65,252173
6190,0.001284,74.125.130.0-255,7156,138331,65,252173
6191,0.001287,172.31.40.0-255,66,138397,65,252173
6192,0.001299,172.31.40.0-255,66,138463,65,252173
6193,0.001311,172.31.40.0-255,66,138529,65,252173
6194,0.001347,172.31.40.0-255,66,138595,65,252173
6195,0.001361,172.31.40.0-255,66,138661,65,252173
6196,0.001396,74.125.130.0-255,5020,143681,65,252173
6197,0.001399,172.31.40.0-255,66,143747,65,252173
6198,0.001411,172.31.40.0-255,66,143813,65,252173
6199,0.001417,74.125.130.0-255,4739,148552,65,252173
6200,0.001419,172.31.40.0-255,66,148618,65,252173
6201,0.001466,74.125.130.0-255,1484,150102,65,252173
6202,0.001473,74.125.130.0-255,2902,153004,65,252173
6203,0.001477,172.31.40.0-255,66,153070,65,252173
6204,0.001494,74.125.130.0-255,5738,158808,65,252173
6205,0.001498,172.31.40.0-255,66,158874,65,252173
6206,0.001504,74.125.130.0-255,5738,164612,65,252173
6207,0.001506,172.31.40.0-255,66,164678,65,252173
6208,0.001514,74.125.130.0-255,1484,166162,65,252173
6209,0.001535,74.125.130.0-255,5738,171900,65,252173
6210,0.001539,172.31.40.0-255,66,171966,65,252173
6211,0.001559,74.125.130.0-255,7156,179122,65,252173
6212,0.001562,172.31.40.0-255,66,179188,65,252173
6213,0.001581,74.125.130.0-255,3602,182790,65,252173
6214,0.001584,172.31.40.0-255,66,182856,65,252173
6215,0.001784,74.125.130.0-255,1484,184340,65,252173
6216,0.00179,74.125.130.0-255,1484,185824,65,252173
6217,0.001795,172.31.40.0-255,66,185890,65,252173
6218,0.001811,74.125.130.0-255,1484,187374,65,252173
6219,0.001818,74.125.130.0-255,5738,193112,65,252173
6220,0.001821,172.31.40.0-255,66,193178,65,252173
6221,0.001827,74.125.130.0-255,7156,200334,65,252173
6222,0.00183,172.31.40.0-255,66,200400,65,252173
6223,0.001867,172.31.40.0-255,66,200466,65,252173
6224,0.001884,74.125.130.0-255,2902,203368,65,252173
6225,0.001886,172.31.40.0-255,66,203434,65,252173
6226,0.00189,74.125.130.0-255,2184,205618,65,252173
6227,0.001893,172.31.40.0-255,66,205684,65,252173
6228,0.002006,74.125.130.0-255,1484,207168,65,252173
6229,0.002011,74.125.130.0-255,1484,208652,65,252173
6230,0.002015,172.31.40.0-255,66,208718,65,252173
6231,0.002034,74.125.130.0-255,1484,210202,65,252173
6232,0.002043,74.125.130.0-255,5738,215940,65,252173
6233,0.002047,172.31.40.0-255,66,216006,65,252173
6234,0.002088,74.125.130.0-255,2902,218908,65,252173
6235,0.002125,74.125.130.0-255,7156,226064,65,252173
6236,0.00214,74.125.130.0-255,2902,228966,65,252173
6237,0.002152,74.125.130.0-255,2902,231868,65,252173
6238,0.002157,74.125.130.0-255,4320,236188,65,252173
6239,0.0022,74.125.130.0-255,2902,239090,65,252173
6240,0.002211,74.125.130.0-255,4320,243410,65,252173
6241,0.002221,74.125.130.0-255,1484,244894,65,252173
6242,0.002239,74.125.130.0-255,1484,246378,65,252173
6243,0.002294,74.125.130.0-255,2902,249280,65,252173
6244,0.002305,74.125.130.0-255,2485,251765,65,252173
6245,0.005773,172.31.40.0-255,66,251831,65,252173
6246,0.007991,74.125.130.0-255,105,251936,65,252173
6247,0.009548,172.31.40.0-255,66,252002,65,252173
6248,0.009582,172.31.40.0-255,105,252107,65,252173
6249,0.011778,74.125.130.0-255,66,252173,65,252173
6250,0.0,74.125.68.0-255,66,66,65,66
6251,0.0,74.125.68.0-255,152,152,65,329645
6252,1.4e-05,172.31.40.0-255,66,218,65,329645
6253,2e-05,74.125.68.0-255,1484,1702,65,329645
6254,2.5e-05,172.31.40.0-255,66,1768,65,329645
6255,3.2e-05,74.125.68.0-255,2902,4670,65,329645
6256,3.5e-05,172.31.40.0-255,66,4736,65,329645
6257,7e-05,74.125.68.0-255,1484,6220,65,329645
6258,7.2e-05,172.31.40.0-255,66,6286,65,329645
6259,7.8e-05,74.125.68.0-255,2902,9188,65,329645
6260,8.1e-05,172.31.40.0-255,66,9254,65,329645
6261,9.3e-05,74.125.68.0-255,6331,15585,65,329645
6262,9.6e-05,172.31.40.0-255,66,15651,65,329645
6263,0.000102,74.125.68.0-255,4320,19971,65,329645
6264,0.000104,172.31.40.0-255,66,20037,65,329645
6265,0.000137,74.125.68.0-255,5738,25775,65,329645
6266,0.00014,172.31.40.0-255,66,25841,65,329645
6267,0.000154,74.125.68.0-255,4320,30161,65,329645
6268,0.000161,172.31.40.0-255,66,30227,65,329645
6269,0.000188,74.125.68.0-255,1125,31352,65,329645
6270,0.00019,172.31.40.0-255,66,31418,65,329645
6271,0.00022,74.125.68.0-255,1484,32902,65,329645
6272,0.000222,172.31.40.0-255,66,32968,65,329645
6273,0.00024,74.125.68.0-255,2902,35870,65,329645
6274,0.000243,172.31.40.0-255,66,35936,65,329645
6275,0.000245,74.125.68.0-255,1484,37420,65,329645
6276,0.000247,172.31.40.0-255,66,37486,65,329645
6277,0.000269,74.125.68.0-255,2902,40388,65,329645
6278,0.000272,172.31.40.0-255,66,40454,65,329645
6279,0.000278,74.125.68.0-255,5738,46192,65,329645
6280,0.000285,172.31.40.0-255,66,46258,65,329645
6281,0.000313,74.125.68.0-255,2543,48801,65,329645
6282,0.000316,172.31.40.0-255,66,48867,65,329645
6283,0.000374,74.125.68.0-255,1484,50351,65,329645
6284,0.000381,74.125.68.0-255,2902,53253,65,329645
6285,0.000384,172.31.40.0-255,66,53319,65,329645
6286,0.000419,74.125.68.0-255,5738,59057,65,329645
6287,0.000422,172.31.40.0-255,66,59123,65,329645
6288,0.000457,74.125.68.0-255,6797,65920,65,329645
6289,0.00046,172.31.40.0-255,66,65986,65,329645
6290,0.000534,74.125.68.0-255,1484,67470,65,329645
6291,0.000555,74.125.68.0-255,2902,70372,65,329645
6292,0.000558,172.31.40.0-255,66,70438,65,329645
6293,0.000562,74.125.68.0-255,1484,71922,65,329645
6294,0.000567,74.125.68.0-255,2902,74824,65,329645
6295,0.000569,172.31.40.0-255,66,74890,65,329645
6296,0.000609,74.125.68.0-255,5738,80628,65,329645
6297,0.000612,172.31.40.0-255,66,80694,65,329645
6298,0.000619,74.125.68.0-255,5379,86073,65,329645
6299,0.000621,172.31.40.0-255,66,86139,65,329645
6300,0.000631,74.125.68.0-255,4320,90459,65,329645
6301,0.000633,172.31.40.0-255,66,90525,65,329645
6302,0.000663,74.125.68.0-255,1484,92009,65,329645
6303,0.000676,172.31.40.0-255,66,92075,65,329645
6304,0.000741,74.125.68.0-255,1484,93559,65,329645
6305,0.000745,74.125.68.0-255,1484,95043,65,329645
6306,0.000748,172.31.40.0-255,66,95109,65,329645
6307,0.000758,74.125.68.0-255,1484,96593,65,329645
6308,0.000761,74.125.68.0-255,1484,98077,65,329645
6309,0.000768,172.31.40.0-255,66,98143,65,329645
6310,0.000772,74.125.68.0-255,2902,101045,65,329645
6311,0.000774,172.31.40.0-255,66,101111,65,329645
6312,0.000804,74.125.68.0-255,5738,106849,65,329645
6313,0.000806,74.125.68.0-255,1484,108333,65,329645
6314,0.000811,172.31.40.0-255,66,108399,65,329645
6315,0.000835,172.31.40.0-255,66,108465,65,329645
6316,0.000861,74.125.68.0-255,1484,109949,65,329645
6317,0.000888,172.31.40.0-255,66,110015,65,329645
6318,0.001093,74.125.68.0-255,1484,111499,65,329645
6319,0.001108,74.125.68.0-255,2902,114401,65,329645
6320,0.001111,172.31.40.0-255,66,114467,65,329645
6321,0.001116,74.125.68.0-255,1484,115951,65,329645
6322,0.001184,74.125.68.0-255,5738,121689,65,329645
6323,0.001188,172.31.40.0-255,66,121755,65,329645
6324,0.001207,172.31.40.0-255,66,121821,65,329645
6325,0.001212,74.125.68.0-255,4320,126141,65,329645
6326,0.001216,172.31.40.0-255,66,126207,65,329645
6327,0.001251,74.125.68.0-255,5020,131227,65,329645
6328,0.001255,172.31.40.0-255,66,131293,65,329645
6329,0.001389,74.125.68.0-255,1484,132777,65,329645
6330,0.001395,74.125.68.0-255,2902,135679,65,329645
6331,0.001398,172.31.40.0-255,66,135745,65,329645
6332,0.001426,74.125.68.0-255,5738,141483,65,329645
6333,0.001429,172.31.40.0-255,66,141549,65,329645
6334,0.001434,74.125.68.0-255,2902,144451,65,329645
6335,0.001437,172.31.40.0-255,66,144517,65,329645
6336,0.001443,74.125.68.0-255,4320,148837,65,329645
6337,0.001445,172.31.40.0-255,66,148903,65,329645
6338,0.001491,172.31.40.0-255,66,148969,65,329645
6339,0.001499,74.125.68.0-255,7156,156125,65,329645
6340,0.001501,172.31.40.0-255,66,156191,65,329645
6341,0.00154,74.125.68.0-255,766,156957,65,329645
6342,0.001839,74.125.68.0-255,1484,158441,65,329645
6343,0.001844,172.31.40.0-255,66,158507,65,329645
6344,0.001848,74.125.68.0-255,1484,159991,65,329645
6345,0.001874,74.125.68.0-255,1484,161475,65,329645
6346,0.001877,172.31.40.0-255,66,161541,65,329645
6347,0.001884,74.125.68.0-255,5738,167279,65,329645
6348,0.001887,172.31.40.0-255,66,167345,65,329645
6349,0.001894,74.125.68.0-255,1484,168829,65,329645
6350,0.001908,74.125.68.0-255,5738,174567,65,329645
6351,0.001912,172.31.40.0-255,66,174633,65,329645
6352,0.001929,74.125.68.0-255,4320,178953,65,329645
6353,0.001935,172.31.40.0-255,66,179019,65,329645
6354,0.001971,172.31.40.0-255,66,179085,65,329645
6355,0.001977,74.125.68.0-255,3602,182687,65,329645
6356,0.001979,172.31.40.0-255,66,182753,65,329645
6357,0.002117,74.125.68.0-255,1484,184237,65,329645
6358,0.002132,74.125.68.0-255,2902,187139,65,329645
6359,0.002135,172.31.40.0-255,66,187205,65,329645
6360,0.002139,74.125.68.0-255,1484,188689,65,329645
6361,0.002166,74.125.68.0-255,4320,193009,65,329645
6362,0.002168,172.31.40.0-255,66,193075,65,329645
6363,0.002173,74.125.68.0-255,2902,195977,65,329645
6364,0.002175,172.31.40.0-255,66,196043,65,329645
6365,0.00221,74.125.68.0-255,2902,198945,65,329645
6366,0.002213,172.31.40.0-255,66,199011,65,329645
6367,0.002216,74.125.68.0-255,1484,200495,65,329645
6368,0.002221,74.125.68.0-255,2902,203397,65,329645
6369,0.002223,172.31.40.0-255,66,203463,65,329645
6370,0.002234,74.125.68.0-255,4320,207783,65,329645
6371,0.002236,172.31.40.0-255,66,207849,65,329645
6372,0.00227,74.125.68.0-255,1484,209333,65,329645
6373,0.002275,74.125.68.0-255,2902,212235,65,329645
6374,0.002277,172.31.40.0-255,66,212301,65,329645
6375,0.002283,74.125.68.0-255,5020,217321,65,329645
6376,0.002286,172.31.40.0-255,66,217387,65,329645
6377,0.002289,74.125.68.0-255,1484,218871,65,329645
6378,0.002296,74.125.68.0-255,1484,220355,65,329645
6379,0.002298,172.31.40.0-255,66,220421,65,329645
6380,0.002302,74.125.68.0-255,1484,221905,65,329645
6381,0.002305,74.125.68.0-255,1484,223389,65,329645
6382,0.002307,172.31.40.0-255,66,223455,65,329645
6383,0.00231,74.125.68.0-255,1484,224939,65,329645
6384,0.002343,74.125.68.0-255,5738,230677,65,329645
6385,0.002347,172.31.40.0-255,66,230743,65,329645
6386,0.002351,74.125.68.0-255,2902,233645,65,329645
6387,0.002353,172.31.40.0-255,66,233711,65,329645
6388,0.002358,74.125.68.0-255,2902,236613,65,329645
6389,0.00236,172.31.40.0-255,66,236679,65,329645
6390,0.002404,172.31.40.0-255,66,236745,65,329645
6391,0.002412,74.125.68.0-255,6438,243183,65,329645
6392,0.002414,172.31.40.0-255,66,243249,65,329645
6393,0.002444,74.125.68.0-255,4320,247569,65,329645
6394,0.002447,172.31.40.0-255,66,247635,65,329645
6395,0.002478,74.125.68.0-255,5738,253373,65,329645
6396,0.002481,172.31.40.0-255,66,253439,65,329645
6397,0.002484,74.125.68.0-255,1484,254923,65,329645
6398,0.002489,74.125.68.0-255,2902,257825,65,329645
6399,0.002491,172.31.40.0-255,66,257891,65,329645
6400,0.0025,74.125.68.0-255,4320,262211,65,329645
6401,0.002503,172.31.40.0-255,66,262277,65,329645
6402,0.002533,74.125.68.0-255,1484,263761,65,329645
6403,0.002559,74.125.68.0-255,7156,270917,65,329645
6404,0.002562,172.31.40.0-255,66,270983,65,329645
6405,0.002568,74.125.68.0-255,5738,276721,65,329645
6406,0.002571,172.31.40.0-255,66,276787,65,329645
6407,0.002578,74.125.68.0-255,766,277553,65,329645
6408,0.002581,74.125.68.0-255,1484,279037,65,329645
6409,0.002583,172.31.40.0-255,66,279103,65,329645
6410,0.002589,74.125.68.0-255,4320,283423,65,329645
6411,0.002591,172.31.40.0-255,66,283489,65,329645
6412,0.002594,74.125.68.0-255,1484,284973,65,329645
6413,0.00262,74.125.68.0-255,2902,287875,65,329645
6414,0.002627,172.31.40.0-255,66,287941,65,329645
6415,0.00263,74.125.68.0-255,1484,289425,65,329645
6416,0.002665,172.31.40.0-255,66,289491,65,329645
6417,0.002668,74.125.68.0-255,1484,290975,65,329645
6418,0.002671,74.125.68.0-255,1484,292459,65,329645
6419,0.002673,172.31.40.0-255,66,292525,65,329645
6420,0.002682,74.125.68.0-255,4320,296845,65,329645
6421,0.002684,172.31.40.0-255,66,296911,65,329645
6422,0.00269,74.125.68.0-255,4320,301231,65,329645
6423,0.002692,172.31.40.0-255,66,301297,65,329645
6424,0.002723,74.125.68.0-255,1484,302781,65,329645
6425,0.002726,74.125.68.0-255,766,303547,65,329645
6426,0.002728,172.31.40.0-255,66,303613,65,329645
6427,0.002733,74.125.68.0-255,2902,306515,65,329645
6428,0.002735,172.31.40.0-255,66,306581,65,329645
6429,0.002774,74.125.68.0-255,5738,312319,65,329645
6430,0.002777,172.31.40.0-255,66,312385,65,329645
6431,0.002783,74.125.68.0-255,4320,316705,65,329645
6432,0.002785,172.31.40.0-255,66,316771,65,329645
6433,0.002793,74.125.68.0-255,2902,319673,65,329645
6434,0.002796,172.31.40.0-255,66,319739,65,329645
6435,0.002801,74.125.68.0-255,4320,324059,65,329645
6436,0.002803,172.31.40.0-255,66,324125,65,329645
6437,0.002806,74.125.68.0-255,1484,325609,65,329645
6438,0.00281,74.125.68.0-255,2736,328345,65,329645
6439,0.002813,172.31.40.0-255,66,328411,65,329645
6440,0.002816,74.125.68.0-255,97,328508,65,329645
6441,0.002891,74.125.68.0-255,105,328613,65,329645
6442,0.00294,74.125.68.0-255,129,328742,65,329645
6443,0.011691,172.31.40.0-255,105,328847,65,329645
6444,0.011732,172.31.40.0-255,105,328952,65,329645
6445,0.011993,172.31.40.0-255,90,329042,65,329645
6446,0.012003,172.31.40.0-255,66,329108,65,329645
6447,0.013282,74.125.68.0-255,129,329237,65,329645
6448,0.013294,172.31.40.0-255,78,329315,65,329645
6449,0.01369,74.125.68.0-255,66,329381,65,329645
6450,0.013715,74.125.68.0-255,66,329447,65,329645
6451,0.013975,74.125.68.0-255,66,329513,65,329645
6452,0.014005,74.125.68.0-255,66,329579,65,329645
6453,0.014021,172.31.40.0-255,66,329645,65,329645
6454,0.0,74.125.200.0-255,153,153,65,240256
6455,2.3e-05,172.31.40.0-255,66,219,65,240256
6456,3e-05,74.125.200.0-255,1484,1703,65,240256
6457,3.4e-05,172.31.40.0-255,66,1769,65,240256
6458,4e-05,74.125.200.0-255,2902,4671,65,240256
6459,5.1e-05,172.31.40.0-255,66,4737,65,240256
6460,5.7e-05,74.125.200.0-255,4320,9057,65,240256
6461,6e-05,172.31.40.0-255,66,9123,65,240256
6462,6.6e-05,74.125.200.0-255,4939,14062,65,240256
6463,7e-05,172.31.40.0-255,66,14128,65,240256
6464,0.000111,172.31.40.0-255,66,14194,65,240256
6465,0.00014,74.125.200.0-255,6797,20991,65,240256
6466,0.000143,172.31.40.0-255,66,21057,65,240256
6467,0.000238,74.125.200.0-255,1484,22541,65,240256
6468,0.000242,172.31.40.0-255,66,22607,65,240256
6469,0.000247,74.125.200.0-255,2902,25509,65,240256
6470,0.000249,172.31.40.0-255,66,25575,65,240256
6471,0.00028,74.125.200.0-255,5738,31313,65,240256
6472,0.000282,172.31.40.0-255,66,31379,65,240256
6473,0.00029,74.125.200.0-255,6797,38176,65,240256
6474,0.000292,172.31.40.0-255,66,38242,65,240256
6475,0.000325,74.125.200.0-255,5738,43980,65,240256
6476,0.000328,172.31.40.0-255,66,44046,65,240256
6477,0.000358,74.125.200.0-255,1484,45530,65,240256
6478,0.000361,172.31.40.0-255,66,45596,65,240256
6479,0.000365,74.125.200.0-255,2902,48498,65,240256
6480,0.000368,172.31.40.0-255,66,48564,65,240256
6481,0.000377,74.125.200.0-255,4320,52884,65,240256
6482,0.00038,172.31.40.0-255,66,52950,65,240256
6483,0.000384,74.125.200.0-255,2815,55765,65,240256
6484,0.000388,172.31.40.0-255,66,55831,65,240256
6485,0.000417,74.125.200.0-255,130,55961,65,240256
6486,0.000518,74.125.200.0-255,1484,57445,65,240256
6487,0.000522,172.31.40.0-255,66,57511,65,240256
6488,0.000526,74.125.200.0-255,1484,58995,65,240256
6489,0.000549,74.125.200.0-255,1484,60479,65,240256
6490,0.000552,172.31.40.0-255,66,60545,65,240256
6491,0.000559,74.125.200.0-255,4320,64865,65,240256
6492,0.000561,172.31.40.0-255,66,64931,65,240256
6493,0.000591,74.125.200.0-255,1484,66415,65,240256
6494,0.00062,74.125.200.0-255,2902,69317,65,240256
6495,0.000623,172.31.40.0-255,66,69383,65,240256
6496,0.00065,74.125.200.0-255,2902,72285,65,240256
6497,0.000653,172.31.40.0-255,66,72351,65,240256
6498,0.000657,74.125.200.0-255,2902,75253,65,240256
6499,0.00066,172.31.40.0-255,66,75319,65,240256
6500,0.000666,74.125.200.0-255,4320,79639,65,240256
6501,0.000672,172.31.40.0-255,66,79705,65,240256
6502,0.000693,74.125.200.0-255,2902,82607,65,240256
6503,0.000696,172.31.40.0-255,66,82673,65,240256
6504,0.000725,74.125.200.0-255,7156,89829,65,240256
6505,0.000728,172.31.40.0-255,66,89895,65,240256
6506,0.00073,74.125.200.0-255,766,90661,65,240256
6507,0.000823,74.125.200.0-255,349,91010,65,240256
6508,0.000867,74.125.200.0-255,1484,92494,65,240256
6509,0.000871,172.31.40.0-255,66,92560,65,240256
6510,0.00089,74.125.200.0-255,4320,96880,65,240256
6511,0.000893,172.31.40.0-255,66,96946,65,240256
6512,0.000897,74.125.200.0-255,2902,99848,65,240256
6513,0.000899,172.31.40.0-255,66,99914,65,240256
6514,0.000935,172.31.40.0-255,66,99980,65,240256
6515,0.000976,74.125.200.0-255,2902,102882,65,240256
6516,0.000979,172.31.40.0-255,66,102948,65,240256
6517,0.001017,172.31.40.0-255,66,103014,65,240256
6518,0.001022,74.125.200.0-255,3602,106616,65,240256
6519,0.001024,172.31.40.0-255,66,106682,65,240256
6520,0.001135,74.125.200.0-255,1484,108166,65,240256
6521,0.001151,74.125.200.0-255,2902,111068,65,240256
6522,0.001154,172.31.40.0-255,66,111134,65,240256
6523,0.001158,74.125.200.0-255,1484,112618,65,240256
6524,0.001183,74.125.200.0-255,4320,116938,65,240256
6525,0.001186,172.31.40.0-255,66,117004,65,240256
6526,0.001239,74.125.200.0-255,7156,124160,65,240256
6527,0.001242,172.31.40.0-255,66,124226,65,240256
6528,0.001246,74.125.200.0-255,2902,127128,65,240256
6529,0.001248,172.31.40.0-255,66,127194,65,240256
6530,0.00128,74.125.200.0-255,5738,132932,65,240256
6531,0.001283,172.31.40.0-255,66,132998,65,240256
6532,0.001322,172.31.40.0-255,66,133064,65,240256
6533,0.001367,172.31.40.0-255,66,133130,65,240256
6534,0.001399,172.31.40.0-255,66,133196,65,240256
6535,0.001433,172.31.40.0-255,66,133262,65,240256
6536,0.001469,74.125.200.0-255,2184,135446,65,240256
6537,0.001472,172.31.40.0-255,66,135512,65,240256
6538,0.001899,74.125.200.0-255,1484,136996,65,240256
6539,0.001906,74.125.200.0-255,2902,139898,65,240256
6540,0.001909,172.31.40.0-255,66,139964,65,240256
6541,0.001914,74.125.200.0-255,2902,142866,65,240256
6542,0.001916,172.31.40.0-255,66,142932,65,240256
6543,0.001948,74.125.200.0-255,1484,144416,65,240256
6544,0.001959,172.31.40.0-255,66,144482,65,240256
6545,0.001965,74.125.200.0-255,5738,150220,65,240256
6546,0.001967,172.31.40.0-255,66,150286,65,240256
6547,0.001997,74.125.200.0-255,2902,153188,65,240256
6548,0.001999,172.31.40.0-255,66,153254,65,240256
6549,0.002029,172.31.40.0-255,66,153320,65,240256
6550,0.002034,74.125.200.0-255,2902,156222,65,240256
6551,0.002036,172.31.40.0-255,66,156288,65,240256
6552,0.002072,74.125.200.0-255,5738,162026,65,240256
6553,0.002074,172.31.40.0-255,66,162092,65,240256
6554,0.002082,74.125.200.0-255,7156,169248,65,240256
6555,0.002084,172.31.40.0-255,66,169314,65,240256
6556,0.002098,172.31.40.0-255,66,169380,65,240256
6557,0.002134,172.31.40.0-255,66,169446,65,240256
6558,0.002168,172.31.40.0-255,66,169512,65,240256
6559,0.002172,74.125.200.0-255,2902,172414,65,240256
6560,0.002174,172.31.40.0-255,66,172480,65,240256
6561,0.002193,74.125.200.0-255,4320,176800,65,240256
6562,0.002195,172.31.40.0-255,66,176866,65,240256
6563,0.002239,172.31.40.0-255,66,176932,65,240256
6564,0.002246,74.125.200.0-255,6438,183370,65,240256
6565,0.002248,172.31.40.0-255,66,183436,65,240256
6566,0.002269,74.125.200.0-255,1484,184920,65,240256
6567,0.002295,74.125.200.0-255,5738,190658,65,240256
6568,0.002298,172.31.40.0-255,66,190724,65,240256
6569,0.002303,74.125.200.0-255,2902,193626,65,240256
6570,0.002305,172.31.40.0-255,66,193692,65,240256
6571,0.002331,74.125.200.0-255,5738,199430,65,240256
6572,0.002339,172.31.40.0-255,66,199496,65,240256
6573,0.00239,172.31.40.0-255,66,199562,65,240256
6574,0.002393,74.125.200.0-255,1484,201046,65,240256
6575,0.004699,74.125.200.0-255,4320,205366,65,240256
6576,0.004707,172.31.40.0-255,66,205432,65,240256
6577,0.006997,74.125.200.0-255,5738,211170,65,240256
6578,0.007002,172.31.40.0-255,66,211236,65,240256
6579,0.009315,74.125.200.0-255,5738,216974,65,240256
6580,0.009321,172.31.40.0-255,66,217040,65,240256
6581,0.011622,74.125.200.0-255,5738,222778,65,240256
6582,0.01163,172.31.40.0-255,66,222844,65,240256
6583,0.013937,74.125.200.0-255,5738,228582,65,240256
6584,0.013946,172.31.40.0-255,66,228648,65,240256
6585,0.016246,74.125.200.0-255,5738,234386,65,240256
6586,0.016257,172.31.40.0-255,66,234452,65,240256
6587,0.01856,74.125.200.0-255,5738,240190,65,240256
6588,0.018572,172.31.40.0-255,66,240256,65,240256
6589,0.0,74.125.68.0-255,158,158,65,311859
6590,2e-05,172.31.40.0-255,66,224,65,311859
6591,2.6e-05,74.125.68.0-255,1484,1708,65,311859
6592,3e-05,172.31.40.0-255,66,1774,65,311859
6593,3.4e-05,74.125.68.0-255,1484,3258,65,311859
6594,3.7e-05,172.31.40.0-255,66,3324,65,311859
6595,6.2e-05,74.125.68.0-255,1484,4808,65,311859
6596,6.5e-05,172.31.40.0-255,66,4874,65,311859
6597,7e-05,74.125.68.0-255,2902,7776,65,311859
6598,7.2e-05,172.31.40.0-255,66,7842,65,311859
6599,7.8e-05,74.125.68.0-255,5738,13580,65,311859
6600,8e-05,172.31.40.0-255,66,13646,65,311859
6601,0.000102,74.125.68.0-255,2101,15747,65,311859
6602,0.000103,172.31.40.0-255,66,15813,65,311859
6603,0.000107,74.125.68.0-255,2902,18715,65,311859
6604,0.000109,172.31.40.0-255,66,18781,65,311859
6605,0.000114,74.125.68.0-255,4320,23101,65,311859
6606,0.000115,172.31.40.0-255,66,23167,65,311859
6607,0.000147,74.125.68.0-255,1484,24651,65,311859
6608,0.000149,172.31.40.0-255,66,24717,65,311859
6609,0.000164,74.125.68.0-255,6797,31514,65,311859
6610,0.000183,172.31.40.0-255,66,31580,65,311859
6611,0.000222,74.125.68.0-255,1484,33064,65,311859
6612,0.000224,172.31.40.0-255,66,33130,65,311859
6613,0.000241,74.125.68.0-255,1484,34614,65,311859
6614,0.000243,172.31.40.0-255,66,34680,65,311859
6615,0.000261,74.125.68.0-255,1484,36164,65,311859
6616,0.000262,172.31.40.0-255,66,36230,65,311859
6617,0.000265,74.125.68.0-255,1484,37714,65,311859
6618,0.000267,172.31.40.0-255,66,37780,65,311859
6619,0.000271,74.125.68.0-255,2902,40682,65,311859
6620,0.000273,172.31.40.0-255,66,40748,65,311859
6621,0.000297,74.125.68.0-255,5738,46486,65,311859
6622,0.0003,172.31.40.0-255,66,46552,65,311859
6623,0.000303,74.125.68.0-255,2902,49454,65,311859
6624,0.000305,172.31.40.0-255,66,49520,65,311859
6625,0.000323,74.125.68.0-255,5738,55258,65,311859
6626,0.000325,172.31.40.0-255,66,55324,65,311859
6627,0.00035,74.125.68.0-255,2902,58226,65,311859
6628,0.000352,172.31.40.0-255,66,58292,65,311859
6629,0.000372,74.125.68.0-255,4320,62612,65,311859
6630,0.000375,172.31.40.0-255,66,62678,65,311859
6631,0.000403,74.125.68.0-255,3602,66280,65,311859
6632,0.000406,172.31.40.0-255,66,66346,65,311859
6633,0.000464,74.125.68.0-255,357,66703,65,311859
6634,0.000521,74.125.68.0-255,136,66839,65,311859
6635,0.000918,172.31.40.0-255,66,66905,65,311859
6636,0.001112,74.125.68.0-255,1484,68389,65,311859
6637,0.001123,74.125.68.0-255,2902,71291,65,311859
6638,0.001127,172.31.40.0-255,66,71357,65,311859
6639,0.001132,74.125.68.0-255,1484,72841,65,311859
6640,0.001149,74.125.68.0-255,4320,77161,65,311859
6641,0.001152,172.31.40.0-255,66,77227,65,311859
6642,0.001168,74.125.68.0-255,5738,82965,65,311859
6643,0.00117,172.31.40.0-255,66,83031,65,311859
6644,0.001202,74.125.68.0-255,7156,90187,65,311859
6645,0.001205,172.31.40.0-255,66,90253,65,311859
6646,0.001218,74.125.68.0-255,1484,91737,65,311859
6647,0.001248,172.31.40.0-255,66,91803,65,311859
6648,0.001304,74.125.68.0-255,1484,93287,65,311859
6649,0.00132,74.125.68.0-255,2902,96189,65,311859
6650,0.001323,172.31.40.0-255,66,96255,65,311859
6651,0.001329,74.125.68.0-255,4320,100575,65,311859
6652,0.001331,172.31.40.0-255,66,100641,65,311859
6653,0.001371,74.125.68.0-255,1484,102125,65,311859
6654,0.001388,74.125.68.0-255,1484,103609,65,311859
6655,0.001391,172.31.40.0-255,66,103675,65,311859
6656,0.001398,74.125.68.0-255,4320,107995,65,311859
6657,0.0014,172.31.40.0-255,66,108061,65,311859
6658,0.001429,172.31.40.0-255,66,108127,65,311859
6659,0.001477,172.31.40.0-255,66,108193,65,311859
6660,0.001483,74.125.68.0-255,4320,112513,65,311859
6661,0.001486,172.31.40.0-255,66,112579,65,311859
6662,0.001493,74.125.68.0-255,5738,118317,65,311859
6663,0.001496,172.31.40.0-255,66,118383,65,311859
6664,0.001533,172.31.40.0-255,66,118449,65,311859
6665,0.001537,74.125.68.0-255,2902,121351,65,311859
6666,0.00154,172.31.40.0-255,66,121417,65,311859
6667,0.001545,74.125.68.0-255,4320,125737,65,311859
6668,0.001548,172.31.40.0-255,66,125803,65,311859
6669,0.001591,74.125.68.0-255,5020,130823,65,311859
6670,0.001595,172.31.40.0-255,66,130889,65,311859
6671,0.001599,74.125.68.0-255,2902,133791,65,311859
6672,0.001601,172.31.40.0-255,66,133857,65,311859
6673,0.001615,74.125.68.0-255,2902,136759,65,311859
6674,0.001618,172.31.40.0-255,66,136825,65,311859
6675,0.00162,74.125.68.0-255,1484,138309,65,311859
6676,0.001647,172.31.40.0-255,66,138375,65,311859
6677,0.00166,74.125.68.0-255,2902,141277,65,311859
6678,0.001663,172.31.40.0-255,66,141343,65,311859
6679,0.001687,172.31.40.0-255,66,141409,65,311859
6680,0.001692,74.125.68.0-255,4320,145729,65,311859
6681,0.001731,74.125.68.0-255,4320,150049,65,311859
6682,0.001794,74.125.68.0-255,5738,155787,65,311859
6683,0.001816,74.125.68.0-255,7156,162943,65,311859
6684,0.001823,74.125.68.0-255,7156,170099,65,311859
6685,0.001838,74.125.68.0-255,5738,175837,65,311859
6686,0.001869,74.125.68.0-255,7156,182993,65,311859
6687,0.001884,74.125.68.0-255,5738,188731,65,311859
6688,0.001909,74.125.68.0-255,7156,195887,65,311859
6689,0.001936,74.125.68.0-255,4320,200207,65,311859
6690,0.001959,74.125.68.0-255,4320,204527,65,311859
6691,0.001984,74.125.68.0-255,1484,206011,65,311859
6692,0.001987,74.125.68.0-255,1484,207495,65,311859
6693,0.002002,74.125.68.0-255,1484,208979,65,311859
6694,0.002005,74.125.68.0-255,1484,210463,65,311859
6695,0.002026,74.125.68.0-255,4320,214783,65,311859
6696,0.002047,74.125.68.0-255,2184,216967,65,311859
6697,0.002051,74.125.68.0-255,2902,219869,65,311859
6698,0.002062,74.125.68.0-255,1484,221353,65,311859
6699,0.002077,74.125.68.0-255,5738,227091,65,311859
6700,0.002096,74.125.68.0-255,2902,229993,65,311859
6701,0.002102,74.125.68.0-255,4320,234313,65,311859
6702,0.002113,74.125.68.0-255,2902,237215,65,311859
6703,0.00213,74.125.68.0-255,5738,242953,65,311859
6704,0.002137,74.125.68.0-255,5738,248691,65,311859
6705,0.002166,74.125.68.0-255,2902,251593,65,311859
6706,0.002185,74.125.68.0-255,3602,255195,65,311859
6707,0.002191,74.125.68.0-255,4320,259515,65,311859
6708,0.002215,74.125.68.0-255,5738,265253,65,311859
6709,0.002241,74.125.68.0-255,4320,269573,65,311859
6710,0.002263,74.125.68.0-255,7156,276729,65,311859
6711,0.002268,74.125.68.0-255,2902,279631,65,311859
6712,0.002294,74.125.68.0-255,5738,285369,65,311859
6713,0.002326,74.125.68.0-255,4320,289689,65,311859
6714,0.002342,74.125.68.0-255,7156,296845,65,311859
6715,0.002361,74.125.68.0-255,2902,299747,65,311859
6716,0.002366,74.125.68.0-255,4320,304067,65,311859
6717,0.002419,74.125.68.0-255,1484,305551,65,311859
6718,0.002434,74.125.68.0-255,5020,310571,65,311859
6719,0.005097,172.31.40.0-255,66,310637,65,311859
6720,0.007452,74.125.68.0-255,526,311163,65,311859
6721,0.010148,172.31.40.0-255,105,311268,65,311859
6722,0.010179,172.31.40.0-255,105,311373,65,311859
6723,0.010401,172.31.40.0-255,90,311463,65,311859
6724,0.01041,172.31.40.0-255,66,311529,65,311859
6725,0.012456,74.125.68.0-255,66,311595,65,311859
6726,0.01248,74.125.68.0-255,66,311661,65,311859
6727,0.012708,74.125.68.0-255,66,311727,65,311859
6728,0.012739,74.125.68.0-255,66,311793,65,311859
6729,0.012746,172.31.40.0-255,66,311859,65,311859
6730,0.0,74.125.130.0-255,151,151,65,222070
6731,2.3e-05,172.31.40.0-255,66,217,65,222070
6732,3.1e-05,74.125.130.0-255,1484,1701,65,222070
6733,3.6e-05,172.31.40.0-255,66,1767,65,222070
6734,6.8e-05,74.125.130.0-255,2902,4669,65,222070
6735,7.1e-05,172.31.40.0-255,66,4735,65,222070
6736,7.7e-05,74.125.130.0-255,4320,9055,65,222070
6737,8e-05,172.31.40.0-255,66,9121,65,222070
6738,0.000124,74.125.130.0-255,4900,14021,65,222070
6739,0.000127,172.31.40.0-255,66,14087,65,222070
6740,0.000276,74.125.130.0-255,1484,15571,65,222070
6741,0.00028,172.31.40.0-255,66,15637,65,222070
6742,0.000286,74.125.130.0-255,2902,18539,65,222070
6743,0.000288,172.31.40.0-255,66,18605,65,222070
6744,0.000322,74.125.130.0-255,5738,24343,65,222070
6745,0.000325,172.31.40.0-255,66,24409,65,222070
6746,0.00033,74.125.130.0-255,2902,27311,65,222070
6747,0.000332,172.31.40.0-255,66,27377,65,222070
6748,0.000337,74.125.130.0-255,3961,31338,65,222070
6749,0.000344,172.31.40.0-255,66,31404,65,222070
6750,0.00037,74.125.130.0-255,4320,35724,65,222070
6751,0.000377,172.31.40.0-255,66,35790,65,222070
6752,0.000384,74.125.130.0-255,5738,41528,65,222070
6753,0.000386,172.31.40.0-255,66,41594,65,222070
6754,0.000418,74.125.130.0-255,6797,48391,65,222070
6755,0.000421,172.31.40.0-255,66,48457,65,222070
6756,0.000479,74.125.130.0-255,1484,49941,65,222070
6757,0.000482,172.31.40.0-255,66,50007,65,222070
6758,0.000509,74.125.130.0-255,2902,52909,65,222070
6759,0.000511,172.31.40.0-255,66,52975,65,222070
6760,0.000518,74.125.130.0-255,5738,58713,65,222070
6761,0.000521,172.31.40.0-255,66,58779,65,222070
6762,0.000529,74.125.130.0-255,2902,61681,65,222070
6763,0.000575,74.125.130.0-255,3961,65642,65,222070
6764,0.000632,74.125.130.0-255,646,66288,65,222070
6765,0.000636,172.31.40.0-255,66,66354,65,222070
6766,0.00067,74.125.130.0-255,1484,67838,65,222070
6767,0.000675,74.125.130.0-255,2902,70740,65,222070
6768,0.000691,172.31.40.0-255,66,70806,65,222070
6769,0.000697,74.125.130.0-255,5738,76544,65,222070
6770,0.000707,172.31.40.0-255,66,76610,65,222070
6771,0.00072,74.125.130.0-255,5738,82348,65,222070
6772,0.000735,74.125.130.0-255,2902,85250,65,222070
6773,0.000738,74.125.130.0-255,1484,86734,65,222070
6774,0.000751,74.125.130.0-255,4320,91054,65,222070
6775,0.000766,74.125.130.0-255,4320,95374,65,222070
6776,0.00077,74.125.130.0-255,1484,96858,65,222070
6777,0.00078,172.31.40.0-255,66,96924,65,222070
6778,0.000786,74.125.130.0-255,3602,100526,65,222070
6779,0.000791,172.31.40.0-255,66,100592,65,222070
6780,0.000954,74.125.130.0-255,1484,102076,65,222070
6781,0.000962,74.125.130.0-255,2902,104978,65,222070
6782,0.000965,74.125.130.0-255,1484,106462,65,222070
6783,0.000973,172.31.40.0-255,66,106528,65,222070
6784,0.000982,74.125.130.0-255,2902,109430,65,222070
6785,0.000987,172.31.40.0-255,66,109496,65,222070
6786,0.001005,74.125.130.0-255,4320,113816,65,222070
6787,0.001023,74.125.130.0-255,1484,115300,65,222070
6788,0.001034,74.125.130.0-255,1484,116784,65,222070
6789,0.001048,172.31.40.0-255,66,116850,65,222070
6790,0.001055,74.125.130.0-255,5738,122588,65,222070
6791,0.001085,74.125.130.0-255,3602,126190,65,222070
6792,0.00109,172.31.40.0-255,66,126256,65,222070
6793,0.001636,74.125.130.0-255,1484,127740,65,222070
6794,0.001643,74.125.130.0-255,2902,130642,65,222070
6795,0.001647,172.31.40.0-255,66,130708,65,222070
6796,0.00168,74.125.130.0-255,5738,136446,65,222070
6797,0.001687,74.125.130.0-255,5738,142184,65,222070
6798,0.001689,74.125.130.0-255,1484,143668,65,222070
6799,0.001705,74.125.130.0-255,4320,147988,65,222070
6800,0.00171,172.31.40.0-255,66,148054,65,222070
6801,0.001717,74.125.130.0-255,1484,149538,65,222070
6802,0.001753,172.31.40.0-255,66,149604,65,222070
6803,0.001838,74.125.130.0-255,4320,153924,65,222070
6804,0.001855,74.125.130.0-255,2902,156826,65,222070
6805,0.001878,74.125.130.0-255,2184,159010,65,222070
6806,0.002199,74.125.130.0-255,1484,160494,65,222070
6807,0.002206,74.125.130.0-255,2902,163396,65,222070
6808,0.002218,74.125.130.0-255,1484,164880,65,222070
6809,0.00224,74.125.130.0-255,4320,169200,65,222070
6810,0.002245,74.125.130.0-255,2902,172102,65,222070
6811,0.002264,74.125.130.0-255,4320,176422,65,222070
6812,0.002281,74.125.130.0-255,2902,179324,65,222070
6813,0.002301,74.125.130.0-255,5738,185062,65,222070
6814,0.002372,74.125.130.0-255,4320,189382,65,222070
6815,0.00239,74.125.130.0-255,3602,192984,65,222070
6816,0.006514,172.31.40.0-255,66,193050,65,222070
6817,0.008878,74.125.130.0-255,5738,198788,65,222070
6818,0.008885,172.31.40.0-255,66,198854,65,222070
6819,0.011239,74.125.130.0-255,5738,204592,65,222070
6820,0.011248,172.31.40.0-255,66,204658,65,222070
6821,0.01361,74.125.130.0-255,5738,210396,65,222070
6822,0.014054,172.31.40.0-255,66,210462,65,222070
6823,0.016429,74.125.130.0-255,5738,216200,65,222070
6824,0.01644,172.31.40.0-255,66,216266,65,222070
6825,0.018798,74.125.130.0-255,5738,222004,65,222070
6826,0.018809,172.31.40.0-255,66,222070,65,222070
6827,0.0,74.125.200.0-255,152,152,65,175586
6828,1.1e-05,172.31.40.0-255,66,218,65,175586
6829,3.7e-05,74.125.200.0-255,1484,1702,65,175586
6830,4.1e-05,172.31.40.0-255,66,1768,65,175586
6831,4.6e-05,74.125.200.0-255,2902,4670,65,175586
6832,4.9e-05,172.31.40.0-255,66,4736,65,175586
6833,9.6e-05,74.125.200.0-255,2902,7638,65,175586
6834,9.9e-05,172.31.40.0-255,66,7704,65,175586
6835,0.000131,74.125.200.0-255,4320,12024,65,175586
6836,0.000135,74.125.200.0-255,2056,14080,65,175586
6837,0.000139,172.31.40.0-255,66,14146,65,175586
6838,0.000142,172.31.40.0-255,66,14212,65,175586
6839,0.000205,74.125.200.0-255,1484,15696,65,175586
6840,0.000208,172.31.40.0-255,66,15762,65,175586
6841,0.000213,74.125.200.0-255,2902,18664,65,175586
6842,0.000216,172.31.40.0-255,66,18730,65,175586
6843,0.000243,74.125.200.0-255,2902,21632,65,175586
6844,0.000245,172.31.40.0-255,66,21698,65,175586
6845,0.000265,74.125.200.0-255,2902,24600,65,175586
6846,0.000268,172.31.40.0-255,66,24666,65,175586
6847,0.000273,74.125.200.0-255,4320,28986,65,175586
6848,0.000276,172.31.40.0-255,66,29052,65,175586
6849,0.00029,74.125.200.0-255,2543,31595,65,175586
6850,0.000292,172.31.40.0-255,66,31661,65,175586
6851,0.000305,74.125.200.0-255,1484,33145,65,175586
6852,0.000307,172.31.40.0-255,66,33211,65,175586
6853,0.00031,74.125.200.0-255,1484,34695,65,175586
6854,0.000312,172.31.40.0-255,66,34761,65,175586
6855,0.000337,74.125.200.0-255,1484,36245,65,175586
6856,0.00034,172.31.40.0-255,66,36311,65,175586
6857,0.000346,74.125.200.0-255,5738,42049,65,175586
6858,0.000349,172.31.40.0-255,66,42115,65,175586
6859,0.000353,74.125.200.0-255,2902,45017,65,175586
6860,0.000355,172.31.40.0-255,66,45083,65,175586
6861,0.000358,74.125.200.0-255,1484,46567,65,175586
6862,0.000381,74.125.200.0-255,2543,49110,65,175586
6863,0.000383,172.31.40.0-255,66,49176,65,175586
6864,0.000414,74.125.200.0-255,1484,50660,65,175586
6865,0.000436,74.125.200.0-255,2902,53562,65,175586
6866,0.00044,172.31.40.0-255,66,53628,65,175586
6867,0.000443,74.125.200.0-255,1484,55112,65,175586
6868,0.000447,74.125.200.0-255,2902,58014,65,175586
6869,0.000449,172.31.40.0-255,66,58080,65,175586
6870,0.000477,74.125.200.0-255,5738,63818,65,175586
6871,0.00048,172.31.40.0-255,66,63884,65,175586
6872,0.000503,74.125.200.0-255,2543,66427,65,175586
6873,0.000505,172.31.40.0-255,66,66493,65,175586
6874,0.00059,74.125.200.0-255,646,67139,65,175586
6875,0.000622,74.125.200.0-255,1484,68623,65,175586
6876,0.000626,172.31.40.0-255,66,68689,65,175586
6877,0.000649,74.125.200.0-255,4320,73009,65,175586
6878,0.000653,172.31.40.0-255,66,73075,65,175586
6879,0.000663,74.125.200.0-255,5738,78813,65,175586
6880,0.000665,172.31.40.0-255,66,78879,65,175586
6881,0.000683,74.125.200.0-255,1484,80363,65,175586
6882,0.000697,74.125.200.0-255,4320,84683,65,175586
6883,0.0007,172.31.40.0-255,66,84749,65,175586
6884,0.000719,74.125.200.0-255,5738,90487,65,175586
6885,0.000722,172.31.40.0-255,66,90553,65,175586
6886,0.000729,74.125.200.0-255,5738,96291,65,175586
6887,0.000731,172.31.40.0-255,66,96357,65,175586
6888,0.000758,74.125.200.0-255,5020,101377,65,175586
6889,0.000761,172.31.40.0-255,66,101443,65,175586
6890,0.000861,172.31.40.0-255,101,101544,65,175586
6891,0.002061,74.125.200.0-255,1484,103028,65,175586
6892,0.00207,74.125.200.0-255,1484,104512,65,175586
6893,0.002076,172.31.40.0-255,66,104578,65,175586
6894,0.002084,74.125.200.0-255,2902,107480,65,175586
6895,0.002087,172.31.40.0-255,66,107546,65,175586
6896,0.002114,74.125.200.0-255,5738,113284,65,175586
6897,0.002116,172.31.40.0-255,66,113350,65,175586
6898,0.002119,74.125.200.0-255,1484,114834,65,175586
6899,0.002135,74.125.200.0-255,2902,117736,65,175586
6900,0.002138,172.31.40.0-255,66,117802,65,175586
6901,0.002154,74.125.200.0-255,2902,120704,65,175586
6902,0.002156,172.31.40.0-255,66,120770,65,175586
6903,0.002172,74.125.200.0-255,2902,123672,65,175586
6904,0.002174,172.31.40.0-255,66,123738,65,175586
6905,0.002179,74.125.200.0-255,2902,126640,65,175586
6906,0.002181,172.31.40.0-255,66,126706,65,175586
6907,0.002186,74.125.200.0-255,4320,131026,65,175586
6908,0.002188,172.31.40.0-255,66,131092,65,175586
6909,0.002216,74.125.200.0-255,1484,132576,65,175586
6910,0.002233,74.125.200.0-255,3602,136178,65,175586
6911,0.002236,172.31.40.0-255,66,136244,65,175586
6912,0.00315,74.125.200.0-255,66,136310,65,175586
6913,0.00454,74.125.200.0-255,5738,142048,65,175586
6914,0.004546,172.31.40.0-255,66,142114,65,175586
6915,0.006864,74.125.200.0-255,4320,146434,65,175586
6916,0.006869,172.31.40.0-255,66,146500,65,175586
6917,0.006882,74.125.200.0-255,1484,147984,65,175586
6918,0.009188,74.125.200.0-255,4320,152304,65,175586
6919,0.009195,172.31.40.0-255,66,152370,65,175586
6920,0.011521,74.125.200.0-255,5738,158108,65,175586
6921,0.01153,172.31.40.0-255,66,158174,65,175586
6922,0.013856,74.125.200.0-255,5738,163912,65,175586
6923,0.013867,172.31.40.0-255,66,163978,65,175586
6924,0.016181,74.125.200.0-255,5738,169716,65,175586
6925,0.01619,172.31.40.0-255,66,169782,65,175586
6926,0.018498,74.125.200.0-255,5738,175520,65,175586
6927,0.018503,172.31.40.0-255,66,175586,65,175586
6928,0.0,172.31.40.0-255,105,105,65,459
6929,0.000272,172.31.40.0-255,90,195,65,459
6930,0.000283,172.31.40.0-255,66,261,65,459
6931,0.002798,74.125.24.0-255,66,327,65,459
6932,0.00283,74.125.24.0-255,66,393,65,459
6933,0.002851,172.31.40.0-255,66,459,65,459
6934,0.0,172.217.194.0-255,151,151,65,215045
6935,2.3e-05,172.31.40.0-255,66,217,65,215045
6936,3.1e-05,172.217.194.0-255,1484,1701,65,215045
6937,3.6e-05,172.31.40.0-255,66,1767,65,215045
6938,4.2e-05,172.217.194.0-255,2902,4669,65,215045
6939,5.3e-05,172.31.40.0-255,66,4735,65,215045
6940,6e-05,172.217.194.0-255,4320,9055,65,215045
6941,6.2e-05,172.31.40.0-255,66,9121,65,215045
6942,6.9e-05,172.217.194.0-255,4891,14012,65,215045
6943,7.1e-05,172.31.40.0-255,66,14078,65,215045
6944,0.000122,172.31.40.0-255,66,14144,65,215045
6945,0.000128,172.217.194.0-255,5379,19523,65,215045
6946,0.00013,172.31.40.0-255,66,19589,65,215045
6947,0.000173,172.217.194.0-255,1484,21073,65,215045
6948,0.000176,172.31.40.0-255,66,21139,65,215045
6949,0.000201,172.217.194.0-255,2902,24041,65,215045
6950,0.000204,172.31.40.0-255,66,24107,65,215045
6951,0.000211,172.217.194.0-255,5738,29845,65,215045
6952,0.000213,172.31.40.0-255,66,29911,65,215045
6953,0.000243,172.217.194.0-255,6797,36708,65,215045
6954,0.000246,172.31.40.0-255,66,36774,65,215045
6955,0.000285,172.217.194.0-255,7156,43930,65,215045
6956,0.00029,172.31.40.0-255,66,43996,65,215045
6957,0.000301,172.217.194.0-255,7156,51152,65,215045
6958,0.000303,172.31.40.0-255,66,51218,65,215045
6959,0.000308,172.217.194.0-255,2831,54049,65,215045
6960,0.000314,172.31.40.0-255,66,54115,65,215045
6961,0.000317,172.217.194.0-255,366,54481,65,215045
6962,0.000319,172.31.40.0-255,66,54547,65,215045
6963,0.000381,172.217.194.0-255,1484,56031,65,215045
6964,0.000384,172.31.40.0-255,66,56097,65,215045
6965,0.000389,172.217.194.0-255,2902,58999,65,215045
6966,0.000392,172.31.40.0-255,66,59065,65,215045
6967,0.000397,172.217.194.0-255,5738,64803,65,215045
6968,0.0004,172.31.40.0-255,66,64869,65,215045
6969,0.00041,172.217.194.0-255,6249,71118,65,215045
6970,0.000413,172.31.40.0-255,66,71184,65,215045
6971,0.000636,172.217.194.0-255,1484,72668,65,215045
6972,0.000645,172.217.194.0-255,2902,75570,65,215045
6973,0.000648,172.31.40.0-255,66,75636,65,215045
6974,0.000683,172.217.194.0-255,5738,81374,65,215045
6975,0.000688,172.31.40.0-255,66,81440,65,215045
6976,0.000694,172.217.194.0-255,5738,87178,65,215045
6977,0.000696,172.31.40.0-255,66,87244,65,215045
6978,0.000722,172.217.194.0-255,1125,88369,65,215045
6979,0.000911,172.217.194.0-255,1484,89853,65,215045
6980,0.000916,172.31.40.0-255,66,89919,65,215045
6981,0.000921,172.217.194.0-255,2902,92821,65,215045
6982,0.000923,172.31.40.0-255,66,92887,65,215045
6983,0.000926,172.217.194.0-255,1484,94371,65,215045
6984,0.000954,172.217.194.0-255,4320,98691,65,215045
6985,0.000956,172.31.40.0-255,66,98757,65,215045
6986,0.000962,172.217.194.0-255,4320,103077,65,215045
6987,0.000964,172.31.40.0-255,66,103143,65,215045
6988,0.000994,172.217.194.0-255,5738,108881,65,215045
6989,0.000997,172.31.40.0-255,66,108947,65,215045
6990,0.001006,172.217.194.0-255,7156,116103,65,215045
6991,0.001008,172.31.40.0-255,66,116169,65,215045
6992,0.001045,172.217.194.0-255,6438,122607,65,215045
6993,0.001049,172.31.40.0-255,66,122673,65,215045
6994,0.001213,172.217.194.0-255,1484,124157,65,215045
6995,0.001219,172.217.194.0-255,2902,127059,65,215045
6996,0.001222,172.31.40.0-255,66,127125,65,215045
6997,0.001235,172.217.194.0-255,2902,130027,65,215045
6998,0.001242,172.31.40.0-255,66,130093,65,215045
6999,0.001272,172.217.194.0-255,2902,132995,65,215045
7000,0.001275,172.31.40.0-255,66,133061,65,215045
7001,0.001288,172.31.40.0-255,66,133127,65,215045
7002,0.001291,172.217.194.0-255,1484,134611,65,215045
7003,0.001367,172.31.40.0-255,66,134677,65,215045
7004,0.001371,172.31.40.0-255,66,134743,65,215045
7005,0.001377,172.217.194.0-255,5738,140481,65,215045
7006,0.00138,172.31.40.0-255,66,140547,65,215045
7007,0.00141,172.217.194.0-255,6438,146985,65,215045
7008,0.001413,172.31.40.0-255,66,147051,65,215045
7009,0.001593,172.217.194.0-255,1484,148535,65,215045
7010,0.001599,172.217.194.0-255,2902,151437,65,215045
7011,0.001602,172.31.40.0-255,66,151503,65,215045
7012,0.001631,172.217.194.0-255,5738,157241,65,215045
7013,0.001634,172.31.40.0-255,66,157307,65,215045
7014,0.00164,172.217.194.0-255,5738,163045,65,215045
7015,0.001642,172.31.40.0-255,66,163111,65,215045
7016,0.001663,172.217.194.0-255,7156,170267,65,215045
7017,0.001666,172.31.40.0-255,66,170333,65,215045
7018,0.001683,172.31.40.0-255,66,170399,65,215045
7019,0.00171,172.217.194.0-255,766,171165,65,215045
7020,0.002333,172.217.194.0-255,1484,172649,65,215045
7021,0.002338,172.31.40.0-255,66,172715,65,215045
7022,0.002344,172.217.194.0-255,2902,175617,65,215045
7023,0.002346,172.31.40.0-255,66,175683,65,215045
7024,0.002382,172.217.194.0-255,5738,181421,65,215045
7025,0.002385,172.31.40.0-255,66,181487,65,215045
7026,0.002428,172.31.40.0-255,66,181553,65,215045
7027,0.002447,172.217.194.0-255,2902,184455,65,215045
7028,0.00245,172.31.40.0-255,66,184521,65,215045
7029,0.002467,172.31.40.0-255,66,184587,65,215045
7030,0.002474,172.217.194.0-255,7156,191743,65,215045
7031,0.002476,172.31.40.0-255,66,191809,65,215045
7032,0.002504,172.217.194.0-255,4320,196129,65,215045
7033,0.002507,172.31.40.0-255,66,196195,65,215045
7034,0.002523,172.31.40.0-255,66,196261,65,215045
7035,0.002545,172.217.194.0-255,5020,201281,65,215045
7036,0.002547,172.31.40.0-255,66,201347,65,215045
7037,0.002564,172.31.40.0-255,66,201413,65,215045
7038,0.002592,172.217.194.0-255,5738,207151,65,215045
7039,0.002595,172.31.40.0-255,66,207217,65,215045
7040,0.002607,172.31.40.0-255,66,207283,65,215045
7041,0.002619,172.31.40.0-255,66,207349,65,215045
7042,0.002671,172.31.40.0-255,66,207415,65,215045
7043,0.002679,172.217.194.0-255,7156,214571,65,215045
7044,0.002681,172.31.40.0-255,66,214637,65,215045
7045,0.00273,172.31.40.0-255,66,214703,65,215045
7046,0.005342,172.217.194.0-255,105,214808,65,215045
7047,0.009089,172.31.40.0-255,66,214874,65,215045
7048,0.009127,172.31.40.0-255,105,214979,65,215045
7049,0.011772,172.217.194.0-255,66,215045,65,215045
7050,0.0,74.125.24.0-255,150,150,65,200754
7051,1.7e-05,172.31.40.0-255,66,216,65,200754
7052,2.3e-05,74.125.24.0-255,1484,1700,65,200754
7053,2.8e-05,172.31.40.0-255,66,1766,65,200754
7054,3.4e-05,74.125.24.0-255,2902,4668,65,200754
7055,3.7e-05,172.31.40.0-255,66,4734,65,200754
7056,7e-05,74.125.24.0-255,7156,11890,65,200754
7057,7.3e-05,172.31.40.0-255,66,11956,65,200754
7058,7.9e-05,74.125.24.0-255,4929,16885,65,200754
7059,8.2e-05,172.31.40.0-255,66,16951,65,200754
7060,8.5e-05,74.125.24.0-255,1484,18435,65,200754
7061,8.7e-05,172.31.40.0-255,66,18501,65,200754
7062,0.000112,172.31.40.0-255,66,18567,65,200754
7063,0.000255,74.125.24.0-255,1484,20051,65,200754
7064,0.000259,172.31.40.0-255,66,20117,65,200754
7065,0.000283,74.125.24.0-255,2902,23019,65,200754
7066,0.000285,172.31.40.0-255,66,23085,65,200754
7067,0.000306,74.125.24.0-255,5738,28823,65,200754
7068,0.000309,172.31.40.0-255,66,28889,65,200754
7069,0.000312,74.125.24.0-255,1484,30373,65,200754
7070,0.000314,172.31.40.0-255,66,30439,65,200754
7071,0.000332,74.125.24.0-255,4320,34759,65,200754
7072,0.000335,172.31.40.0-255,66,34825,65,200754
7073,0.000359,74.125.24.0-255,4320,39145,65,200754
7074,0.000362,172.31.40.0-255,66,39211,65,200754
7075,0.000389,172.31.40.0-255,66,39277,65,200754
7076,0.000395,74.125.24.0-255,4233,43510,65,200754
7077,0.000397,172.31.40.0-255,66,43576,65,200754
7078,0.000413,74.125.24.0-255,415,43991,65,200754
7079,0.000416,172.31.40.0-255,66,44057,65,200754
7080,0.000574,74.125.24.0-255,1484,45541,65,200754
7081,0.000581,74.125.24.0-255,2902,48443,65,200754
7082,0.000585,172.31.40.0-255,66,48509,65,200754
7083,0.000592,74.125.24.0-255,5738,54247,65,200754
7084,0.000595,172.31.40.0-255,66,54313,65,200754
7085,0.000619,74.125.24.0-255,5738,60051,65,200754
7086,0.000622,172.31.40.0-255,66,60117,65,200754
7087,0.00065,74.125.24.0-255,7156,67273,65,200754
7088,0.000653,172.31.40.0-255,66,67339,65,200754
7089,0.000665,172.31.40.0-255,66,67405,65,200754
7090,0.00085,74.125.24.0-255,1484,68889,65,200754
7091,0.000857,74.125.24.0-255,2902,71791,65,200754
7092,0.000859,172.31.40.0-255,66,71857,65,200754
7093,0.000885,74.125.24.0-255,5738,77595,65,200754
7094,0.000888,172.31.40.0-255,66,77661,65,200754
7095,0.000893,74.125.24.0-255,2902,80563,65,200754
7096,0.000896,172.31.40.0-255,66,80629,65,200754
7097,0.000915,74.125.24.0-255,5738,86367,65,200754
7098,0.000917,172.31.40.0-255,66,86433,65,200754
7099,0.000967,172.31.40.0-255,66,86499,65,200754
7100,0.000987,74.125.24.0-255,1484,87983,65,200754
7101,0.001005,74.125.24.0-255,5020,93003,65,200754
7102,0.001008,172.31.40.0-255,66,93069,65,200754
7103,0.001041,74.125.24.0-255,1484,94553,65,200754
7104,0.001059,74.125.24.0-255,2902,97455,65,200754
7105,0.001063,172.31.40.0-255,66,97521,65,200754
7106,0.001088,74.125.24.0-255,5738,103259,65,200754
7107,0.001091,172.31.40.0-255,66,103325,65,200754
7108,0.001099,74.125.24.0-255,7156,110481,65,200754
7109,0.001101,172.31.40.0-255,66,110547,65,200754
7110,0.001135,172.31.40.0-255,66,110613,65,200754
7111,0.00116,74.125.24.0-255,5738,116351,65,200754
7112,0.001163,172.31.40.0-255,66,116417,65,200754
7113,0.001174,172.31.40.0-255,66,116483,65,200754
7114,0.001185,172.31.40.0-255,66,116549,65,200754
7115,0.001224,172.31.40.0-255,66,116615,65,200754
7116,0.001248,74.125.24.0-255,7156,123771,65,200754
7117,0.00125,172.31.40.0-255,66,123837,65,200754
7118,0.001253,74.125.24.0-255,766,124603,65,200754
7119,0.001298,74.125.24.0-255,1484,126087,65,200754
7120,0.001302,172.31.40.0-255,66,126153,65,200754
7121,0.001307,74.125.24.0-255,2902,129055,65,200754
7122,0.001309,172.31.40.0-255,66,129121,65,200754
7123,0.001314,74.125.24.0-255,4320,133441,65,200754
7124,0.001316,172.31.40.0-255,66,133507,65,200754
7125,0.001339,74.125.24.0-255,1484,134991,65,200754
7126,0.001354,172.31.40.0-255,66,135057,65,200754
7127,0.00136,74.125.24.0-255,5738,140795,65,200754
7128,0.001362,172.31.40.0-255,66,140861,65,200754
7129,0.001375,74.125.24.0-255,2902,143763,65,200754
7130,0.001377,172.31.40.0-255,66,143829,65,200754
7131,0.001398,74.125.24.0-255,2184,146013,65,200754
7132,0.001401,172.31.40.0-255,66,146079,65,200754
7133,0.001479,74.125.24.0-255,1484,147563,65,200754
7134,0.001493,74.125.24.0-255,1484,149047,65,200754
7135,0.001496,172.31.40.0-255,66,149113,65,200754
7136,0.001519,74.125.24.0-255,1484,150597,65,200754
7137,0.001526,74.125.24.0-255,5738,156335,65,200754
7138,0.001529,172.31.40.0-255,66,156401,65,200754
7139,0.001544,74.125.24.0-255,1484,157885,65,200754
7140,0.001564,74.125.24.0-255,5738,163623,65,200754
7141,0.001567,172.31.40.0-255,66,163689,65,200754
7142,0.001588,74.125.24.0-255,5738,169427,65,200754
7143,0.001591,172.31.40.0-255,66,169493,65,200754
7144,0.001602,172.31.40.0-255,66,169559,65,200754
7145,0.001606,74.125.24.0-255,2184,171743,65,200754
7146,0.001607,172.31.40.0-255,66,171809,65,200754
7147,0.001706,74.125.24.0-255,1484,173293,65,200754
7148,0.001711,74.125.24.0-255,2902,176195,65,200754
7149,0.001714,172.31.40.0-255,66,176261,65,200754
7150,0.001719,74.125.24.0-255,2902,179163,65,200754
7151,0.001721,172.31.40.0-255,66,179229,65,200754
7152,0.001736,74.125.24.0-255,2902,182131,65,200754
7153,0.001738,172.31.40.0-255,66,182197,65,200754
7154,0.001774,74.125.24.0-255,2902,185099,65,200754
7155,0.001776,172.31.40.0-255,66,185165,65,200754
7156,0.001805,172.31.40.0-255,66,185231,65,200754
7157,0.001818,172.31.40.0-255,66,185297,65,200754
7158,0.001823,74.125.24.0-255,4320,189617,65,200754
7159,0.001826,172.31.40.0-255,66,189683,65,200754
7160,0.001856,172.31.40.0-255,66,189749,65,200754
7161,0.001882,74.125.24.0-255,7156,196905,65,200754
7162,0.001885,172.31.40.0-255,66,196971,65,200754
7163,0.001895,172.31.40.0-255,66,197037,65,200754
7164,0.00191,172.31.40.0-255,66,197103,65,200754
7165,0.001947,172.31.40.0-255,66,197169,65,200754
7166,0.001959,172.31.40.0-255,66,197235,65,200754
7167,0.001982,172.31.40.0-255,66,197301,65,200754
7168,0.00201,74.125.24.0-255,2184,199485,65,200754
7169,0.002012,172.31.40.0-255,66,199551,65,200754
7170,0.002023,172.31.40.0-255,66,199617,65,200754
7171,0.002026,74.125.24.0-255,105,199722,65,200754
7172,0.002029,74.125.24.0-255,129,199851,65,200754
7173,0.0113,172.31.40.0-255,105,199956,65,200754
7174,0.011339,172.31.40.0-255,105,200061,65,200754
7175,0.011554,172.31.40.0-255,90,200151,65,200754
7176,0.011564,172.31.40.0-255,66,200217,65,200754
7177,0.013757,74.125.24.0-255,129,200346,65,200754
7178,0.013768,172.31.40.0-255,78,200424,65,200754
7179,0.013922,74.125.24.0-255,66,200490,65,200754
7180,0.013974,74.125.24.0-255,66,200556,65,200754
7181,0.014158,74.125.24.0-255,66,200622,65,200754
7182,0.014193,74.125.24.0-255,66,200688,65,200754
7183,0.0142,172.31.40.0-255,66,200754,65,200754
7184,0.0,74.125.200.0-255,153,153,65,265799
7185,2.2e-05,172.31.40.0-255,66,219,65,265799
7186,2.9e-05,74.125.200.0-255,1484,1703,65,265799
7187,3.3e-05,172.31.40.0-255,66,1769,65,265799
7188,3.8e-05,74.125.200.0-255,2902,4671,65,265799
7189,4.1e-05,172.31.40.0-255,66,4737,65,265799
7190,4.6e-05,74.125.200.0-255,4320,9057,65,265799
7191,4.9e-05,172.31.40.0-255,66,9123,65,265799
7192,6.4e-05,74.125.200.0-255,1484,10607,65,265799
7193,6.7e-05,172.31.40.0-255,66,10673,65,265799
7194,7.2e-05,74.125.200.0-255,3482,14155,65,265799
7195,7.4e-05,172.31.40.0-255,66,14221,65,265799
7196,0.000202,74.125.200.0-255,1484,15705,65,265799
7197,0.000206,172.31.40.0-255,66,15771,65,265799
7198,0.00021,74.125.200.0-255,1484,17255,65,265799
7199,0.000211,172.31.40.0-255,66,17321,65,265799
7200,0.000224,74.125.200.0-255,1484,18805,65,265799
7201,0.000226,172.31.40.0-255,66,18871,65,265799
7202,0.000232,74.125.200.0-255,4320,23191,65,265799
7203,0.000234,172.31.40.0-255,66,23257,65,265799
7204,0.000274,74.125.200.0-255,5738,28995,65,265799
7205,0.000276,172.31.40.0-255,66,29061,65,265799
7206,0.000288,74.125.200.0-255,2543,31604,65,265799
7207,0.00029,172.31.40.0-255,66,31670,65,265799
7208,0.000294,74.125.200.0-255,2902,34572,65,265799
7209,0.000296,172.31.40.0-255,66,34638,65,265799
7210,0.00031,74.125.200.0-255,5738,40376,65,265799
7211,0.000312,172.31.40.0-255,66,40442,65,265799
7212,0.00033,74.125.200.0-255,5738,46180,65,265799
7213,0.000332,172.31.40.0-255,66,46246,65,265799
7214,0.000338,74.125.200.0-255,7156,53402,65,265799
7215,0.00034,172.31.40.0-255,66,53468,65,265799
7216,0.000377,74.125.200.0-255,4320,57788,65,265799
7217,0.000379,172.31.40.0-255,66,57854,65,265799
7218,0.0004,74.125.200.0-255,7156,65010,65,265799
7219,0.000403,172.31.40.0-255,66,65076,65,265799
7220,0.000405,74.125.200.0-255,1113,66189,65,265799
7221,0.000437,74.125.200.0-255,330,66519,65,265799
7222,0.000659,74.125.200.0-255,1484,68003,65,265799
7223,0.000663,172.31.40.0-255,66,68069,65,265799
7224,0.000667,74.125.200.0-255,1484,69553,65,265799
7225,0.000686,74.125.200.0-255,2902,72455,65,265799
7226,0.000689,172.31.40.0-255,66,72521,65,265799
7227,0.000694,74.125.200.0-255,5738,78259,65,265799
7228,0.000696,172.31.40.0-255,66,78325,65,265799
7229,0.000728,74.125.200.0-255,5738,84063,65,265799
7230,0.000731,172.31.40.0-255,66,84129,65,265799
7231,0.000754,74.125.200.0-255,7156,91285,65,265799
7232,0.000758,172.31.40.0-255,66,91351,65,265799
7233,0.000773,74.125.200.0-255,4320,95671,65,265799
7234,0.000775,172.31.40.0-255,66,95737,65,265799
7235,0.000801,74.125.200.0-255,5020,100757,65,265799
7236,0.000803,172.31.40.0-255,66,100823,65,265799
7237,0.001065,74.125.200.0-255,1484,102307,65,265799
7238,0.001069,74.125.200.0-255,1484,103791,65,265799
7239,0.001072,172.31.40.0-255,66,103857,65,265799
7240,0.001091,74.125.200.0-255,1484,105341,65,265799
7241,0.001096,74.125.200.0-255,4320,109661,65,265799
7242,0.001099,172.31.40.0-255,66,109727,65,265799
7243,0.001114,74.125.200.0-255,1484,111211,65,265799
7244,0.001128,74.125.200.0-255,4320,115531,65,265799
7245,0.00113,172.31.40.0-255,66,115597,65,265799
7246,0.001145,74.125.200.0-255,5738,121335,65,265799
7247,0.001147,172.31.40.0-255,66,121401,65,265799
7248,0.00117,74.125.200.0-255,2902,124303,65,265799
7249,0.001173,172.31.40.0-255,66,124369,65,265799
7250,0.001177,74.125.200.0-255,2902,127271,65,265799
7251,0.001178,172.31.40.0-255,66,127337,65,265799
7252,0.001203,172.31.40.0-255,66,127403,65,265799
7253,0.001275,74.125.200.0-255,1484,128887,65,265799
7254,0.001288,74.125.200.0-255,2902,131789,65,265799
7255,0.001291,172.31.40.0-255,66,131855,65,265799
7256,0.001314,74.125.200.0-255,5738,137593,65,265799
7257,0.001317,172.31.40.0-255,66,137659,65,265799
7258,0.001343,74.125.200.0-255,1484,139143,65,265799
7259,0.001356,74.125.200.0-255,2902,142045,65,265799
7260,0.001358,172.31.40.0-255,66,142111,65,265799
7261,0.001383,74.125.200.0-255,5738,147849,65,265799
7262,0.001386,172.31.40.0-255,66,147915,65,265799
7263,0.001391,74.125.200.0-255,4320,152235,65,265799
7264,0.001393,172.31.40.0-255,66,152301,65,265799
7265,0.001397,74.125.200.0-255,2902,155203,65,265799
7266,0.001399,172.31.40.0-255,66,155269,65,265799
7267,0.001412,74.125.200.0-255,2902,158171,65,265799
7268,0.001414,172.31.40.0-255,66,158237,65,265799
7269,0.001435,74.125.200.0-255,3602,161839,65,265799
7270,0.001437,172.31.40.0-255,66,161905,65,265799
7271,0.001481,74.125.200.0-255,1484,163389,65,265799
7272,0.001499,74.125.200.0-255,2902,166291,65,265799
7273,0.001502,172.31.40.0-255,66,166357,65,265799
7274,0.001506,74.125.200.0-255,2902,169259,65,265799
7275,0.001508,172.31.40.0-255,66,169325,65,265799
7276,0.001513,74.125.200.0-255,4320,173645,65,265799
7277,0.001514,172.31.40.0-255,66,173711,65,265799
7278,0.001549,74.125.200.0-255,4320,178031,65,265799
7279,0.001551,172.31.40.0-255,66,178097,65,265799
7280,0.001568,74.125.200.0-255,4320,182417,65,265799
7281,0.00157,172.31.40.0-255,66,182483,65,265799
7282,0.001576,74.125.200.0-255,7156,189639,65,265799
7283,0.001578,172.31.40.0-255,66,189705,65,265799
7284,0.001605,74.125.200.0-255,6438,196143,65,265799
7285,0.001608,172.31.40.0-255,66,196209,65,265799
7286,0.002136,74.125.200.0-255,1484,197693,65,265799
7287,0.002152,74.125.200.0-255,2902,200595,65,265799
7288,0.002156,172.31.40.0-255,66,200661,65,265799
7289,0.002169,74.125.200.0-255,2902,203563,65,265799
7290,0.002171,172.31.40.0-255,66,203629,65,265799
7291,0.002185,74.125.200.0-255,2902,206531,65,265799
7292,0.002187,172.31.40.0-255,66,206597,65,265799
7293,0.002195,74.125.200.0-255,5738,212335,65,265799
7294,0.002197,172.31.40.0-255,66,212401,65,265799
7295,0.002222,74.125.200.0-255,2902,215303,65,265799
7296,0.002225,172.31.40.0-255,66,215369,65,265799
7297,0.002236,172.31.40.0-255,66,215435,65,265799
7298,0.00224,74.125.200.0-255,2902,218337,65,265799
7299,0.002242,172.31.40.0-255,66,218403,65,265799
7300,0.002268,74.125.200.0-255,2184,220587,65,265799
7301,0.002271,172.31.40.0-255,66,220653,65,265799
7302,0.002363,74.125.200.0-255,1484,222137,65,265799
7303,0.002369,74.125.200.0-255,2902,225039,65,265799
7304,0.002371,172.31.40.0-255,66,225105,65,265799
7305,0.00239,74.125.200.0-255,1484,226589,65,265799
7306,0.004734,74.125.200.0-255,4320,230909,65,265799
7307,0.004741,172.31.40.0-255,66,230975,65,265799
7308,0.007114,74.125.200.0-255,5738,236713,65,265799
7309,0.007117,172.31.40.0-255,66,236779,65,265799
7310,0.009478,74.125.200.0-255,5738,242517,65,265799
7311,0.009485,172.31.40.0-255,66,242583,65,265799
7312,0.011842,74.125.200.0-255,5738,248321,65,265799
7313,0.011849,172.31.40.0-255,66,248387,65,265799
7314,0.014221,74.125.200.0-255,5738,254125,65,265799
7315,0.014227,172.31.40.0-255,66,254191,65,265799
7316,0.016591,74.125.200.0-255,5738,259929,65,265799
7317,0.016598,172.31.40.0-255,66,259995,65,265799
7318,0.018972,74.125.200.0-255,5738,265733,65,265799
7319,0.01898,172.31.40.0-255,66,265799,65,265799
7320,0.0,74.125.200.0-255,151,151,65,78590
7321,2.6e-05,172.31.40.0-255,66,217,65,78590
7322,3.4e-05,74.125.200.0-255,1484,1701,65,78590
7323,3.8e-05,172.31.40.0-255,66,1767,65,78590
7324,4.5e-05,74.125.200.0-255,2902,4669,65,78590
7325,4.9e-05,172.31.40.0-255,66,4735,65,78590
7326,7.6e-05,74.125.200.0-255,2902,7637,65,78590
7327,7.9e-05,172.31.40.0-255,66,7703,65,78590
7328,9.7e-05,74.125.200.0-255,1484,9187,65,78590
7329,0.0001,172.31.40.0-255,66,9253,65,78590
7330,0.000119,74.125.200.0-255,1484,10737,65,78590
7331,0.000121,172.31.40.0-255,66,10803,65,78590
7332,0.000152,172.31.40.0-255,66,10869,65,78590
7333,0.000276,172.31.40.0-255,66,10935,65,78590
7334,0.000294,74.125.200.0-255,1484,12419,65,78590
7335,0.000296,172.31.40.0-255,66,12485,65,78590
7336,0.00042,74.125.200.0-255,2543,15028,65,78590
7337,0.000426,172.31.40.0-255,66,15094,65,78590
7338,0.000444,74.125.200.0-255,1484,16578,65,78590
7339,0.000447,172.31.40.0-255,66,16644,65,78590
7340,0.000486,172.31.40.0-255,66,16710,65,78590
7341,0.000678,74.125.200.0-255,4320,21030,65,78590
7342,0.000684,172.31.40.0-255,66,21096,65,78590
7343,0.000721,172.31.40.0-255,66,21162,65,78590
7344,0.000944,74.125.200.0-255,410,21572,65,78590
7345,0.000948,172.31.40.0-255,66,21638,65,78590
7346,0.000997,172.31.40.0-255,66,21704,65,78590
7347,0.001039,172.31.40.0-255,66,21770,65,78590
7348,0.001298,74.125.200.0-255,4320,26090,65,78590
7349,0.001303,172.31.40.0-255,66,26156,65,78590
7350,0.00134,172.31.40.0-255,66,26222,65,78590
7351,0.001498,172.31.40.0-255,66,26288,65,78590
7352,0.001545,172.31.40.0-255,66,26354,65,78590
7353,0.002109,172.31.40.0-255,66,26420,65,78590
7354,0.002515,74.125.200.0-255,5738,32158,65,78590
7355,0.002567,74.125.200.0-255,4320,36478,65,78590
7356,0.003487,74.125.200.0-255,7156,43634,65,78590
7357,0.003972,172.31.40.0-255,66,43700,65,78590
7358,0.004242,74.125.200.0-255,5738,49438,65,78590
7359,0.004252,172.31.40.0-255,66,49504,65,78590
7360,0.004366,172.31.40.0-255,66,49570,65,78590
7361,0.007067,74.125.200.0-255,5738,55308,65,78590
7362,0.007073,172.31.40.0-255,66,55374,65,78590
7363,0.009741,74.125.200.0-255,5738,61112,65,78590
7364,0.009746,172.31.40.0-255,66,61178,65,78590
7365,0.012422,74.125.200.0-255,5738,66916,65,78590
7366,0.012432,172.31.40.0-255,66,66982,65,78590
7367,0.015112,74.125.200.0-255,5738,72720,65,78590
7368,0.016542,172.31.40.0-255,66,72786,65,78590
7369,0.019217,74.125.200.0-255,5738,78524,65,78590
7370,0.019232,172.31.40.0-255,66,78590,65,78590
7371,0.0,172.217.194.0-255,152,152,65,233324
7372,2.1e-05,172.31.40.0-255,66,218,65,233324
7373,2.7e-05,172.217.194.0-255,1484,1702,65,233324
7374,3.1e-05,172.31.40.0-255,66,1768,65,233324
7375,6.8e-05,172.217.194.0-255,2902,4670,65,233324
7376,7.2e-05,172.31.40.0-255,66,4736,65,233324
7377,7.9e-05,172.217.194.0-255,7156,11892,65,233324
7378,8.2e-05,172.31.40.0-255,66,11958,65,233324
7379,8.6e-05,172.217.194.0-255,2074,14032,65,233324
7380,8.8e-05,172.31.40.0-255,66,14098,65,233324
7381,0.000111,172.217.194.0-255,1484,15582,65,233324
7382,0.000113,172.31.40.0-255,66,15648,65,233324
7383,0.000132,172.217.194.0-255,2902,18550,65,233324
7384,0.000135,172.31.40.0-255,66,18616,65,233324
7385,0.00014,172.217.194.0-255,4320,22936,65,233324
7386,0.000142,172.31.40.0-255,66,23002,65,233324
7387,0.000166,172.217.194.0-255,1484,24486,65,233324
7388,0.000168,172.31.40.0-255,66,24552,65,233324
7389,0.000175,172.217.194.0-255,6797,31349,65,233324
7390,0.000177,172.31.40.0-255,66,31415,65,233324
7391,0.000261,172.217.194.0-255,1484,32899,65,233324
7392,0.000264,172.31.40.0-255,66,32965,65,233324
7393,0.000286,172.217.194.0-255,2902,35867,65,233324
7394,0.000289,172.31.40.0-255,66,35933,65,233324
7395,0.000295,172.217.194.0-255,5738,41671,65,233324
7396,0.000297,172.31.40.0-255,66,41737,65,233324
7397,0.000341,172.31.40.0-255,66,41803,65,233324
7398,0.000366,172.217.194.0-255,3961,45764,65,233324
7399,0.000368,172.31.40.0-255,66,45830,65,233324
7400,0.000376,172.217.194.0-255,5738,51568,65,233324
7401,0.000378,172.31.40.0-255,66,51634,65,233324
7402,0.000397,172.217.194.0-255,4216,55850,65,233324
7403,0.000405,172.217.194.0-255,432,56282,65,233324
7404,0.000601,172.217.194.0-255,1484,57766,65,233324
7405,0.000606,172.217.194.0-255,1484,59250,65,233324
7406,0.000618,172.217.194.0-255,1484,60734,65,233324
7407,0.000626,172.217.194.0-255,5738,66472,65,233324
7408,0.000655,172.217.194.0-255,5738,72210,65,233324
7409,0.000673,172.217.194.0-255,7156,79366,65,233324
7410,0.000686,172.217.194.0-255,4320,83686,65,233324
7411,0.000713,172.217.194.0-255,6438,90124,65,233324
7412,0.000795,172.217.194.0-255,1484,91608,65,233324
7413,0.000811,172.217.194.0-255,2902,94510,65,233324
7414,0.000834,172.217.194.0-255,5738,100248,65,233324
7415,0.000837,172.217.194.0-255,1484,101732,65,233324
7416,0.000875,172.217.194.0-255,2902,104634,65,233324
7417,0.000879,172.217.194.0-255,2902,107536,65,233324
7418,0.00089,172.31.40.0-255,66,107602,65,233324
7419,0.000907,172.217.194.0-255,6438,114040,65,233324
7420,0.000913,172.31.40.0-255,66,114106,65,233324
7421,0.001295,172.217.194.0-255,1484,115590,65,233324
7422,0.001303,172.217.194.0-255,2902,118492,65,233324
7423,0.001322,172.217.194.0-255,5738,124230,65,233324
7424,0.001331,172.31.40.0-255,66,124296,65,233324
7425,0.001349,172.217.194.0-255,7156,131452,65,233324
7426,0.001359,172.31.40.0-255,66,131518,65,233324
7427,0.001374,172.217.194.0-255,4320,135838,65,233324
7428,0.0014,172.31.40.0-255,66,135904,65,233324
7429,0.001418,172.217.194.0-255,2184,138088,65,233324
7430,0.001457,172.31.40.0-255,66,138154,65,233324
7431,0.001524,172.217.194.0-255,2184,140338,65,233324
7432,0.001532,172.31.40.0-255,66,140404,65,233324
7433,0.001582,172.217.194.0-255,1484,141888,65,233324
7434,0.001588,172.217.194.0-255,2902,144790,65,233324
7435,0.001606,172.217.194.0-255,5738,150528,65,233324
7436,0.00161,172.31.40.0-255,66,150594,65,233324
7437,0.001619,172.31.40.0-255,66,150660,65,233324
7438,0.001677,172.217.194.0-255,1484,152144,65,233324
7439,0.001689,172.217.194.0-255,2184,154328,65,233324
7440,0.001693,172.217.194.0-255,2902,157230,65,233324
7441,0.001702,172.31.40.0-255,66,157296,65,233324
7442,0.00171,172.217.194.0-255,2902,160198,65,233324
7443,0.001715,172.31.40.0-255,66,160264,65,233324
7444,0.001737,172.217.194.0-255,4320,164584,65,233324
7445,0.001741,172.217.194.0-255,2902,167486,65,233324
7446,0.001755,172.31.40.0-255,66,167552,65,233324
7447,0.001828,172.217.194.0-255,3602,171154,65,233324
7448,0.001848,172.31.40.0-255,66,171220,65,233324
7449,0.001863,172.217.194.0-255,7156,178376,65,233324
7450,0.001882,172.217.194.0-255,5020,183396,65,233324
7451,0.001897,172.31.40.0-255,66,183462,65,233324
7452,0.001936,172.217.194.0-255,1484,184946,65,233324
7453,0.001941,172.217.194.0-255,2902,187848,65,233324
7454,0.00195,172.31.40.0-255,66,187914,65,233324
7455,0.001962,172.217.194.0-255,5738,193652,65,233324
7456,0.001986,172.217.194.0-255,7156,200808,65,233324
7457,0.002003,172.217.194.0-255,5738,206546,65,233324
7458,0.002009,172.217.194.0-255,5738,212284,65,233324
7459,0.00203,172.217.194.0-255,5020,217304,65,233324
7460,0.002033,172.31.40.0-255,66,217370,65,233324
7461,0.002038,172.31.40.0-255,66,217436,65,233324
7462,0.00209,172.31.40.0-255,66,217502,65,233324
7463,0.002158,172.31.40.0-255,66,217568,65,233324
7464,0.002178,172.217.194.0-255,7156,224724,65,233324
7465,0.00219,172.217.194.0-255,1484,226208,65,233324
7466,0.002208,172.217.194.0-255,6611,232819,65,233324
7467,0.002224,172.217.194.0-255,97,232916,65,233324
7468,0.00223,172.31.40.0-255,66,232982,65,233324
7469,0.002254,172.217.194.0-255,105,233087,65,233324
7470,0.004868,172.31.40.0-255,66,233153,65,233324
7471,0.004906,172.31.40.0-255,105,233258,65,233324
7472,0.007473,172.217.194.0-255,66,233324,65,233324
7473,0.0,172.217.194.0-255,146,146,65,231713
7474,2.3e-05,172.31.40.0-255,66,212,65,231713
7475,3e-05,172.217.194.0-255,1484,1696,65,231713
7476,3.5e-05,172.31.40.0-255,66,1762,65,231713
7477,4.1e-05,172.217.194.0-255,2902,4664,65,231713
7478,4.4e-05,172.31.40.0-255,66,4730,65,231713
7479,5.2e-05,172.217.194.0-255,5738,10468,65,231713
7480,5.5e-05,172.31.40.0-255,66,10534,65,231713
7481,9.1e-05,172.31.40.0-255,66,10600,65,231713
7482,0.000145,172.31.40.0-255,66,10666,65,231713
7483,0.000187,172.217.194.0-255,1484,12150,65,231713
7484,0.000189,172.31.40.0-255,66,12216,65,231713
7485,0.000202,172.217.194.0-255,2902,15118,65,231713
7486,0.000205,172.31.40.0-255,66,15184,65,231713
7487,0.000212,172.217.194.0-255,5738,20922,65,231713
7488,0.000215,172.31.40.0-255,66,20988,65,231713
7489,0.000222,172.217.194.0-255,6797,27785,65,231713
7490,0.000225,172.31.40.0-255,66,27851,65,231713
7491,0.000573,172.217.194.0-255,1484,29335,65,231713
7492,0.000579,172.31.40.0-255,66,29401,65,231713
7493,0.000585,172.217.194.0-255,2902,32303,65,231713
7494,0.000587,172.31.40.0-255,66,32369,65,231713
7495,0.00059,172.217.194.0-255,1484,33853,65,231713
7496,0.000592,172.31.40.0-255,66,33919,65,231713
7497,0.000615,172.217.194.0-255,4320,38239,65,231713
7498,0.000618,172.31.40.0-255,66,38305,65,231713
7499,0.000625,172.217.194.0-255,5738,44043,65,231713
7500,0.000627,172.31.40.0-255,66,44109,65,231713
7501,0.000652,172.217.194.0-255,1125,45234,65,231713
7502,0.00066,172.31.40.0-255,66,45300,65,231713
7503,0.00067,172.217.194.0-255,1484,46784,65,231713
7504,0.000675,172.217.194.0-255,2902,49686,65,231713
7505,0.000698,172.217.194.0-255,1484,51170,65,231713
7506,0.000706,172.31.40.0-255,66,51236,65,231713
7507,0.000721,172.217.194.0-255,4320,55556,65,231713
7508,0.000728,172.217.194.0-255,6797,62353,65,231713
7509,0.000746,172.31.40.0-255,66,62419,65,231713
7510,0.001039,172.217.194.0-255,1484,63903,65,231713
7511,0.001045,172.217.194.0-255,2902,66805,65,231713
7512,0.001048,172.31.40.0-255,66,66871,65,231713
7513,0.001074,172.217.194.0-255,5738,72609,65,231713
7514,0.001079,172.31.40.0-255,66,72675,65,231713
7515,0.001087,172.217.194.0-255,2902,75577,65,231713
7516,0.001095,172.31.40.0-255,66,75643,65,231713
7517,0.001105,172.217.194.0-255,3961,79604,65,231713
7518,0.001116,172.217.194.0-255,647,80251,65,231713
7519,0.001132,172.31.40.0-255,66,80317,65,231713
7520,0.001344,172.217.194.0-255,1484,81801,65,231713
7521,0.001357,172.217.194.0-255,2902,84703,65,231713
7522,0.001361,172.31.40.0-255,66,84769,65,231713
7523,0.001368,172.217.194.0-255,5738,90507,65,231713
7524,0.001372,172.31.40.0-255,66,90573,65,231713
7525,0.001406,172.217.194.0-255,2902,93475,65,231713
7526,0.001419,172.31.40.0-255,66,93541,65,231713
7527,0.001448,172.217.194.0-255,766,94307,65,231713
7528,0.001467,172.31.40.0-255,66,94373,65,231713
7529,0.001486,172.217.194.0-255,1484,95857,65,231713
7530,0.001489,172.217.194.0-255,1484,97341,65,231713
7531,0.001496,172.31.40.0-255,66,97407,65,231713
7532,0.001508,172.217.194.0-255,2902,100309,65,231713
7533,0.001514,172.217.194.0-255,5738,106047,65,231713
7534,0.001519,172.31.40.0-255,66,106113,65,231713
7535,0.001553,172.31.40.0-255,66,106179,65,231713
7536,0.001593,172.31.40.0-255,66,106245,65,231713
7537,0.001618,172.217.194.0-255,2902,109147,65,231713
7538,0.001625,172.217.194.0-255,7156,116303,65,231713
7539,0.001627,172.31.40.0-255,66,116369,65,231713
7540,0.001645,172.217.194.0-255,1484,117853,65,231713
7541,0.001663,172.31.40.0-255,66,117919,65,231713
7542,0.001676,172.217.194.0-255,2902,120821,65,231713
7543,0.001725,172.31.40.0-255,66,120887,65,231713
7544,0.001907,172.217.194.0-255,1484,122371,65,231713
7545,0.001944,172.217.194.0-255,1484,123855,65,231713
7546,0.001949,172.31.40.0-255,66,123921,65,231713
7547,0.001957,172.217.194.0-255,1484,125405,65,231713
7548,0.001963,172.217.194.0-255,5738,131143,65,231713
7549,0.001966,172.217.194.0-255,1484,132627,65,231713
7550,0.001998,172.217.194.0-255,2902,135529,65,231713
7551,0.002009,172.31.40.0-255,66,135595,65,231713
7552,0.002045,172.31.40.0-255,66,135661,65,231713
7553,0.002058,172.217.194.0-255,1484,137145,65,231713
7554,0.002077,172.217.194.0-255,7156,144301,65,231713
7555,0.002083,172.217.194.0-255,5738,150039,65,231713
7556,0.002105,172.217.194.0-255,4320,154359,65,231713
7557,0.002139,172.217.194.0-255,4320,158679,65,231713
7558,0.002154,172.217.194.0-255,5738,164417,65,231713
7559,0.002177,172.217.194.0-255,5020,169437,65,231713
7560,0.002205,172.217.194.0-255,1484,170921,65,231713
7561,0.00221,172.217.194.0-255,2902,173823,65,231713
7562,0.002234,172.217.194.0-255,5738,179561,65,231713
7563,0.002237,172.217.194.0-255,1484,181045,65,231713
7564,0.002275,172.217.194.0-255,5738,186783,65,231713
7565,0.002295,172.217.194.0-255,6438,193221,65,231713
7566,0.002311,172.217.194.0-255,1484,194705,65,231713
7567,0.002314,172.217.194.0-255,1484,196189,65,231713
7568,0.002326,172.217.194.0-255,1484,197673,65,231713
7569,0.002337,172.217.194.0-255,2902,200575,65,231713
7570,0.002352,172.217.194.0-255,2902,203477,65,231713
7571,0.002356,172.217.194.0-255,4320,207797,65,231713
7572,0.002401,172.217.194.0-255,2902,210699,65,231713
7573,0.002419,172.217.194.0-255,4320,215019,65,231713
7574,0.002447,172.217.194.0-255,3602,218621,65,231713
7575,0.01156,172.217.194.0-255,1484,220105,65,231713
7576,0.014023,172.31.40.0-255,66,220171,65,231713
7577,0.016451,172.217.194.0-255,5738,225909,65,231713
7578,0.016462,172.31.40.0-255,66,225975,65,231713
7579,0.018868,172.217.194.0-255,5738,231713,65,231713
7580,0.0,74.125.24.0-255,150,150,65,270133
7581,2.3e-05,172.31.40.0-255,66,216,65,270133
7582,3.1e-05,74.125.24.0-255,1484,1700,65,270133
7583,3.5e-05,172.31.40.0-255,66,1766,65,270133
7584,3.8e-05,74.125.24.0-255,1484,3250,65,270133
7585,4.2e-05,172.31.40.0-255,66,3316,65,270133
7586,6.1e-05,74.125.24.0-255,1484,4800,65,270133
7587,6.4e-05,172.31.40.0-255,66,4866,65,270133
7588,7.7e-05,74.125.24.0-255,7156,12022,65,270133
7589,8e-05,172.31.40.0-255,66,12088,65,270133
7590,8.4e-05,74.125.24.0-255,2056,14144,65,270133
7591,8.6e-05,172.31.40.0-255,66,14210,65,270133
7592,0.000223,74.125.24.0-255,1484,15694,65,270133
7593,0.000228,172.31.40.0-255,66,15760,65,270133
7594,0.000233,74.125.24.0-255,2902,18662,65,270133
7595,0.000235,172.31.40.0-255,66,18728,65,270133
7596,0.000258,74.125.24.0-255,5738,24466,65,270133
7597,0.000262,172.31.40.0-255,66,24532,65,270133
7598,0.000265,74.125.24.0-255,1484,26016,65,270133
7599,0.000267,172.31.40.0-255,66,26082,65,270133
7600,0.000315,74.125.24.0-255,2902,28984,65,270133
7601,0.000319,172.31.40.0-255,66,29050,65,270133
7602,0.000348,74.125.24.0-255,2543,31593,65,270133
7603,0.000351,172.31.40.0-255,66,31659,65,270133
7604,0.000377,74.125.24.0-255,2902,34561,65,270133
7605,0.00038,172.31.40.0-255,66,34627,65,270133
7606,0.000385,74.125.24.0-255,4320,38947,65,270133
7607,0.000387,172.31.40.0-255,66,39013,65,270133
7608,0.000397,74.125.24.0-255,4320,43333,65,270133
7609,0.0004,172.31.40.0-255,66,43399,65,270133
7610,0.000431,74.125.24.0-255,4320,47719,65,270133
7611,0.000434,172.31.40.0-255,66,47785,65,270133
7612,0.000436,74.125.24.0-255,1125,48910,65,270133
7613,0.000441,74.125.24.0-255,1484,50394,65,270133
7614,0.000443,172.31.40.0-255,66,50460,65,270133
7615,0.000474,74.125.24.0-255,4320,54780,65,270133
7616,0.000477,172.31.40.0-255,66,54846,65,270133
7617,0.000483,74.125.24.0-255,5738,60584,65,270133
7618,0.000485,172.31.40.0-255,66,60650,65,270133
7619,0.000518,74.125.24.0-255,2902,63552,65,270133
7620,0.00052,172.31.40.0-255,66,63618,65,270133
7621,0.000544,74.125.24.0-255,2873,66491,65,270133
7622,0.000547,172.31.40.0-255,66,66557,65,270133
7623,0.000698,74.125.24.0-255,112,66669,65,270133
7624,0.000886,74.125.24.0-255,1484,68153,65,270133
7625,0.000892,172.31.40.0-255,66,68219,65,270133
7626,0.000898,74.125.24.0-255,2902,71121,65,270133
7627,0.000901,172.31.40.0-255,66,71187,65,270133
7628,0.000917,74.125.24.0-255,1484,72671,65,270133
7629,0.000943,74.125.24.0-255,5738,78409,65,270133
7630,0.000945,172.31.40.0-255,66,78475,65,270133
7631,0.000972,74.125.24.0-255,4320,82795,65,270133
7632,0.000976,172.31.40.0-255,66,82861,65,270133
7633,0.000992,74.125.24.0-255,1125,83986,65,270133
7634,0.001013,74.125.24.0-255,4320,88306,65,270133
7635,0.001016,172.31.40.0-255,66,88372,65,270133
7636,0.001039,74.125.24.0-255,1484,89856,65,270133
7637,0.001045,74.125.24.0-255,7156,97012,65,270133
7638,0.001049,172.31.40.0-255,66,97078,65,270133
7639,0.001074,74.125.24.0-255,4205,101283,65,270133
7640,0.001077,172.31.40.0-255,66,101349,65,270133
7641,0.001161,74.125.24.0-255,1484,102833,65,270133
7642,0.001184,74.125.24.0-255,1484,104317,65,270133
7643,0.001187,172.31.40.0-255,66,104383,65,270133
7644,0.001192,74.125.24.0-255,2902,107285,65,270133
7645,0.001195,172.31.40.0-255,66,107351,65,270133
7646,0.001198,74.125.24.0-255,1484,108835,65,270133
7647,0.001224,74.125.24.0-255,4320,113155,65,270133
7648,0.001227,172.31.40.0-255,66,113221,65,270133
7649,0.001239,172.31.40.0-255,66,113287,65,270133
7650,0.00126,74.125.24.0-255,2902,116189,65,270133
7651,0.001263,172.31.40.0-255,66,116255,65,270133
7652,0.001292,74.125.24.0-255,2902,119157,65,270133
7653,0.001295,172.31.40.0-255,66,119223,65,270133
7654,0.001327,74.125.24.0-255,6438,125661,65,270133
7655,0.00133,172.31.40.0-255,66,125727,65,270133
7656,0.00139,74.125.24.0-255,1484,127211,65,270133
7657,0.001395,74.125.24.0-255,2902,130113,65,270133
7658,0.001398,172.31.40.0-255,66,130179,65,270133
7659,0.001405,74.125.24.0-255,5738,135917,65,270133
7660,0.001407,172.31.40.0-255,66,135983,65,270133
7661,0.001411,74.125.24.0-255,2902,138885,65,270133
7662,0.001414,172.31.40.0-255,66,138951,65,270133
7663,0.001456,172.31.40.0-255,66,139017,65,270133
7664,0.001467,172.31.40.0-255,66,139083,65,270133
7665,0.001495,74.125.24.0-255,2184,141267,65,270133
7666,0.001498,172.31.40.0-255,66,141333,65,270133
7667,0.00157,74.125.24.0-255,1484,142817,65,270133
7668,0.001615,74.125.24.0-255,2902,145719,65,270133
7669,0.001619,172.31.40.0-255,66,145785,65,270133
7670,0.001623,74.125.24.0-255,1484,147269,65,270133
7671,0.001647,74.125.24.0-255,2902,150171,65,270133
7672,0.001652,74.125.24.0-255,2902,153073,65,270133
7673,0.001657,172.31.40.0-255,66,153139,65,270133
7674,0.00166,172.31.40.0-255,66,153205,65,270133
7675,0.001671,74.125.24.0-255,5738,158943,65,270133
7676,0.001678,172.31.40.0-255,66,159009,65,270133
7677,0.001685,74.125.24.0-255,5738,164747,65,270133
7678,0.001688,172.31.40.0-255,66,164813,65,270133
7679,0.001715,74.125.24.0-255,5738,170551,65,270133
7680,0.001718,172.31.40.0-255,66,170617,65,270133
7681,0.00175,74.125.24.0-255,5020,175637,65,270133
7682,0.001753,172.31.40.0-255,66,175703,65,270133
7683,0.002011,74.125.24.0-255,1484,177187,65,270133
7684,0.002015,74.125.24.0-255,1484,178671,65,270133
7685,0.002019,172.31.40.0-255,66,178737,65,270133
7686,0.002032,74.125.24.0-255,1484,180221,65,270133
7687,0.002042,74.125.24.0-255,4320,184541,65,270133
7688,0.002044,172.31.40.0-255,66,184607,65,270133
7689,0.002056,74.125.24.0-255,1484,186091,65,270133
7690,0.002066,74.125.24.0-255,4320,190411,65,270133
7691,0.002068,172.31.40.0-255,66,190477,65,270133
7692,0.002082,74.125.24.0-255,2902,193379,65,270133
7693,0.002085,172.31.40.0-255,66,193445,65,270133
7694,0.002103,172.31.40.0-255,66,193511,65,270133
7695,0.002107,74.125.24.0-255,2184,195695,65,270133
7696,0.00211,172.31.40.0-255,66,195761,65,270133
7697,0.002154,172.31.40.0-255,66,195827,65,270133
7698,0.002185,74.125.24.0-255,2902,198729,65,270133
7699,0.002188,172.31.40.0-255,66,198795,65,270133
7700,0.0022,172.31.40.0-255,66,198861,65,270133
7701,0.002206,74.125.24.0-255,6438,205299,65,270133
7702,0.002209,172.31.40.0-255,66,205365,65,270133
7703,0.002279,74.125.24.0-255,1484,206849,65,270133
7704,0.002292,74.125.24.0-255,2902,209751,65,270133
7705,0.002295,172.31.40.0-255,66,209817,65,270133
7706,0.002301,74.125.24.0-255,4320,214137,65,270133
7707,0.002304,172.31.40.0-255,66,214203,65,270133
7708,0.002322,74.125.24.0-255,1484,215687,65,270133
7709,0.002329,74.125.24.0-255,5738,221425,65,270133
7710,0.002331,172.31.40.0-255,66,221491,65,270133
7711,0.002361,74.125.24.0-255,7156,228647,65,270133
7712,0.002364,172.31.40.0-255,66,228713,65,270133
7713,0.002377,172.31.40.0-255,66,228779,65,270133
7714,0.004852,74.125.24.0-255,5738,234517,65,270133
7715,0.00486,172.31.40.0-255,66,234583,65,270133
7716,0.00729,74.125.24.0-255,2902,237485,65,270133
7717,0.007293,172.31.40.0-255,66,237551,65,270133
7718,0.007319,74.125.24.0-255,2902,240453,65,270133
7719,0.007322,172.31.40.0-255,66,240519,65,270133
7720,0.00975,74.125.24.0-255,2902,243421,65,270133
7721,0.009754,172.31.40.0-255,66,243487,65,270133
7722,0.009792,74.125.24.0-255,2902,246389,65,270133
7723,0.009794,172.31.40.0-255,66,246455,65,270133
7724,0.012219,74.125.24.0-255,2902,249357,65,270133
7725,0.012226,172.31.40.0-255,66,249423,65,270133
7726,0.012267,74.125.24.0-255,2902,252325,65,270133
7727,0.01227,172.31.40.0-255,66,252391,65,270133
7728,0.01464,74.125.24.0-255,2902,255293,65,270133
7729,0.014646,172.31.40.0-255,66,255359,65,270133
7730,0.014721,74.125.24.0-255,2902,258261,65,270133
7731,0.014725,172.31.40.0-255,66,258327,65,270133
7732,0.017121,74.125.24.0-255,2902,261229,65,270133
7733,0.017129,172.31.40.0-255,66,261295,65,270133
7734,0.017177,74.125.24.0-255,1484,262779,65,270133
7735,0.017189,74.125.24.0-255,1484,264263,65,270133
7736,0.017192,172.31.40.0-255,66,264329,65,270133
7737,0.019598,74.125.24.0-255,5738,270067,65,270133
7738,0.019606,172.31.40.0-255,66,270133,65,270133
7739,0.0,172.217.194.0-255,156,156,65,192479
7740,2.5e-05,172.31.40.0-255,66,222,65,192479
7741,3.2e-05,172.217.194.0-255,1484,1706,65,192479
7742,3.7e-05,172.31.40.0-255,66,1772,65,192479
7743,4.2e-05,172.217.194.0-255,2902,4674,65,192479
7744,5.4e-05,172.31.40.0-255,66,4740,65,192479
7745,6.2e-05,172.217.194.0-255,7156,11896,65,192479
7746,6.4e-05,172.31.40.0-255,66,11962,65,192479
7747,6.7e-05,172.217.194.0-255,1484,13446,65,192479
7748,7e-05,172.31.40.0-255,66,13512,65,192479
7749,0.000109,172.31.40.0-255,66,13578,65,192479
7750,0.000112,172.217.194.0-255,1484,15062,65,192479
7751,0.000114,172.31.40.0-255,66,15128,65,192479
7752,0.000117,172.217.194.0-255,1484,16612,65,192479
7753,0.000119,172.31.40.0-255,66,16678,65,192479
7754,0.000165,172.31.40.0-255,66,16744,65,192479
7755,0.000176,172.31.40.0-255,66,16810,65,192479
7756,0.000217,172.217.194.0-255,1484,18294,65,192479
7757,0.000219,172.31.40.0-255,66,18360,65,192479
7758,0.000245,172.217.194.0-255,5738,24098,65,192479
7759,0.000248,172.31.40.0-255,66,24164,65,192479
7760,0.000258,172.31.40.0-255,66,24230,65,192479
7761,0.000262,172.217.194.0-255,1716,25946,65,192479
7762,0.000264,172.31.40.0-255,66,26012,65,192479
7763,0.000592,172.217.194.0-255,1484,27496,65,192479
7764,0.000597,172.31.40.0-255,66,27562,65,192479
7765,0.000604,172.217.194.0-255,2902,30464,65,192479
7766,0.000606,172.31.40.0-255,66,30530,65,192479
7767,0.000639,172.217.194.0-255,5738,36268,65,192479
7768,0.000642,172.31.40.0-255,66,36334,65,192479
7769,0.000704,172.31.40.0-255,66,36400,65,192479
7770,0.000712,172.217.194.0-255,7156,43556,65,192479
7771,0.000715,172.31.40.0-255,66,43622,65,192479
7772,0.000747,172.217.194.0-255,3602,47224,65,192479
7773,0.00075,172.31.40.0-255,66,47290,65,192479
7774,0.000866,172.217.194.0-255,1484,48774,65,192479
7775,0.000873,172.217.194.0-255,2902,51676,65,192479
7776,0.000876,172.31.40.0-255,66,51742,65,192479
7777,0.00088,172.217.194.0-255,1484,53226,65,192479
7778,0.000912,172.217.194.0-255,4320,57546,65,192479
7779,0.000914,172.31.40.0-255,66,57612,65,192479
7780,0.000928,172.31.40.0-255,66,57678,65,192479
7781,0.000934,172.217.194.0-255,5738,63416,65,192479
7782,0.000937,172.31.40.0-255,66,63482,65,192479
7783,0.000965,172.217.194.0-255,6438,69920,65,192479
7784,0.000968,172.31.40.0-255,66,69986,65,192479
7785,0.00099,172.217.194.0-255,1484,71470,65,192479
7786,0.000995,172.217.194.0-255,2902,74372,65,192479
7787,0.000997,172.31.40.0-255,66,74438,65,192479
7788,0.001004,172.217.194.0-255,5738,80176,65,192479
7789,0.001007,172.31.40.0-255,66,80242,65,192479
7790,0.001012,172.217.194.0-255,4320,84562,65,192479
7791,0.001015,172.31.40.0-255,66,84628,65,192479
7792,0.001049,172.217.194.0-255,1484,86112,65,192479
7793,0.001064,172.31.40.0-255,66,86178,65,192479
7794,0.001087,172.217.194.0-255,5020,91198,65,192479
7795,0.001102,172.31.40.0-255,66,91264,65,192479
7796,0.001358,172.217.194.0-255,1484,92748,65,192479
7797,0.001364,172.217.194.0-255,2902,95650,65,192479
7798,0.001368,172.31.40.0-255,66,95716,65,192479
7799,0.0014,172.217.194.0-255,5738,101454,65,192479
7800,0.001403,172.31.40.0-255,66,101520,65,192479
7801,0.001411,172.217.194.0-255,7156,108676,65,192479
7802,0.001413,172.31.40.0-255,66,108742,65,192479
7803,0.001446,172.217.194.0-255,5738,114480,65,192479
7804,0.00145,172.31.40.0-255,66,114546,65,192479
7805,0.001462,172.217.194.0-255,2184,116730,65,192479
7806,0.001471,172.31.40.0-255,66,116796,65,192479
7807,0.001639,172.217.194.0-255,1484,118280,65,192479
7808,0.001645,172.217.194.0-255,2902,121182,65,192479
7809,0.001649,172.31.40.0-255,66,121248,65,192479
7810,0.001687,172.217.194.0-255,5738,126986,65,192479
7811,0.00169,172.31.40.0-255,66,127052,65,192479
7812,0.001698,172.217.194.0-255,7156,134208,65,192479
7813,0.001718,172.217.194.0-255,2184,136392,65,192479
7814,0.00174,172.31.40.0-255,66,136458,65,192479
7815,0.001769,172.217.194.0-255,4320,140778,65,192479
7816,0.001783,172.31.40.0-255,66,140844,65,192479
7817,0.001847,172.217.194.0-255,7156,148000,65,192479
7818,0.001875,172.217.194.0-255,766,148766,65,192479
7819,0.001883,172.31.40.0-255,66,148832,65,192479
7820,0.001934,172.217.194.0-255,1484,150316,65,192479
7821,0.001939,172.217.194.0-255,2902,153218,65,192479
7822,0.001945,172.217.194.0-255,5738,158956,65,192479
7823,0.001947,172.217.194.0-255,1484,160440,65,192479
7824,0.001958,172.31.40.0-255,66,160506,65,192479
7825,0.001983,172.217.194.0-255,4320,164826,65,192479
7826,0.002,172.217.194.0-255,5738,170564,65,192479
7827,0.002003,172.217.194.0-255,766,171330,65,192479
7828,0.002026,172.31.40.0-255,66,171396,65,192479
7829,0.00203,172.217.194.0-255,1484,172880,65,192479
7830,0.002034,172.217.194.0-255,2902,175782,65,192479
7831,0.002053,172.217.194.0-255,1484,177266,65,192479
7832,0.002058,172.217.194.0-255,4320,181586,65,192479
7833,0.00206,172.31.40.0-255,66,181652,65,192479
7834,0.00209,172.217.194.0-255,5738,187390,65,192479
7835,0.002112,172.217.194.0-255,1484,188874,65,192479
7836,0.002116,172.31.40.0-255,66,188940,65,192479
7837,0.00214,172.31.40.0-255,66,189006,65,192479
7838,0.002199,172.217.194.0-255,2902,191908,65,192479
7839,0.002202,172.31.40.0-255,66,191974,65,192479
7840,0.002207,172.31.40.0-255,66,192040,65,192479
7841,0.002264,172.217.194.0-255,97,192137,65,192479
7842,0.002266,172.217.194.0-255,105,192242,65,192479
7843,0.002289,172.31.40.0-255,66,192308,65,192479
7844,0.004607,172.31.40.0-255,105,192413,65,192479
7845,0.007339,172.217.194.0-255,66,192479,65,192479
7846,0.0,74.125.24.0-255,153,153,65,144499
7847,2.4e-05,172.31.40.0-255,66,219,65,144499
7848,3.1e-05,74.125.24.0-255,1484,1703,65,144499
7849,3.6e-05,172.31.40.0-255,66,1769,65,144499
7850,4.2e-05,74.125.24.0-255,2902,4671,65,144499
7851,4.6e-05,172.31.40.0-255,66,4737,65,144499
7852,5.4e-05,74.125.24.0-255,7156,11893,65,144499
7853,5.6e-05,172.31.40.0-255,66,11959,65,144499
7854,5.9e-05,74.125.24.0-255,1484,13443,65,144499
7855,6.2e-05,172.31.40.0-255,66,13509,65,144499
7856,6.5e-05,74.125.24.0-255,683,14192,65,144499
7857,6.7e-05,172.31.40.0-255,66,14258,65,144499
7858,9.4e-05,74.125.24.0-255,1484,15742,65,144499
7859,9.7e-05,172.31.40.0-255,66,15808,65,144499
7860,0.000102,74.125.24.0-255,2902,18710,65,144499
7861,0.000104,172.31.40.0-255,66,18776,65,144499
7862,0.000116,74.125.24.0-255,1484,20260,65,144499
7863,0.000118,172.31.40.0-255,66,20326,65,144499
7864,0.000123,74.125.24.0-255,2902,23228,65,144499
7865,0.000126,172.31.40.0-255,66,23294,65,144499
7866,0.000145,74.125.24.0-255,7156,30450,65,144499
7867,0.000147,172.31.40.0-255,66,30516,65,144499
7868,0.000162,74.125.24.0-255,1125,31641,65,144499
7869,0.000164,172.31.40.0-255,66,31707,65,144499
7870,0.000255,74.125.24.0-255,1484,33191,65,144499
7871,0.000259,172.31.40.0-255,66,33257,65,144499
7872,0.000265,74.125.24.0-255,2902,36159,65,144499
7873,0.000268,172.31.40.0-255,66,36225,65,144499
7874,0.000271,74.125.24.0-255,1484,37709,65,144499
7875,0.000273,172.31.40.0-255,66,37775,65,144499
7876,0.000292,74.125.24.0-255,1484,39259,65,144499
7877,0.000295,172.31.40.0-255,66,39325,65,144499
7878,0.000302,74.125.24.0-255,4320,43645,65,144499
7879,0.000304,172.31.40.0-255,66,43711,65,144499
7880,0.000335,172.31.40.0-255,66,43777,65,144499
7881,0.000356,74.125.24.0-255,1125,44902,65,144499
7882,0.000364,74.125.24.0-255,7156,52058,65,144499
7883,0.000367,172.31.40.0-255,66,52124,65,144499
7884,0.000386,74.125.24.0-255,2902,55026,65,144499
7885,0.000388,172.31.40.0-255,66,55092,65,144499
7886,0.000404,74.125.24.0-255,2878,57970,65,144499
7887,0.000406,172.31.40.0-255,66,58036,65,144499
7888,0.000498,74.125.24.0-255,351,58387,65,144499
7889,0.000923,74.125.24.0-255,1484,59871,65,144499
7890,0.000928,172.31.40.0-255,66,59937,65,144499
7891,0.000934,74.125.24.0-255,2902,62839,65,144499
7892,0.000936,172.31.40.0-255,66,62905,65,144499
7893,0.00094,74.125.24.0-255,2902,65807,65,144499
7894,0.000942,172.31.40.0-255,66,65873,65,144499
7895,0.000966,74.125.24.0-255,2902,68775,65,144499
7896,0.000969,172.31.40.0-255,66,68841,65,144499
7897,0.000976,74.125.24.0-255,7156,75997,65,144499
7898,0.000978,172.31.40.0-255,66,76063,65,144499
7899,0.001004,74.125.24.0-255,5738,81801,65,144499
7900,0.001006,172.31.40.0-255,66,81867,65,144499
7901,0.001018,172.31.40.0-255,66,81933,65,144499
7902,0.001822,74.125.24.0-255,1484,83417,65,144499
7903,0.001833,74.125.24.0-255,2902,86319,65,144499
7904,0.001837,172.31.40.0-255,66,86385,65,144499
7905,0.001846,74.125.24.0-255,5738,92123,65,144499
7906,0.001848,172.31.40.0-255,66,92189,65,144499
7907,0.001852,74.125.24.0-255,1484,93673,65,144499
7908,0.001891,172.31.40.0-255,66,93739,65,144499
7909,0.001904,172.31.40.0-255,66,93805,65,144499
7910,0.001965,74.125.24.0-255,1484,95289,65,144499
7911,0.001979,74.125.24.0-255,2902,98191,65,144499
7912,0.001982,172.31.40.0-255,66,98257,65,144499
7913,0.001986,74.125.24.0-255,1484,99741,65,144499
7914,0.002008,74.125.24.0-255,4320,104061,65,144499
7915,0.002011,172.31.40.0-255,66,104127,65,144499
7916,0.002016,74.125.24.0-255,2902,107029,65,144499
7917,0.002018,172.31.40.0-255,66,107095,65,144499
7918,0.00204,172.31.40.0-255,66,107161,65,144499
7919,0.002051,172.31.40.0-255,66,107227,65,144499
7920,0.002067,74.125.24.0-255,2184,109411,65,144499
7921,0.002069,172.31.40.0-255,66,109477,65,144499
7922,0.004651,74.125.24.0-255,2902,112379,65,144499
7923,0.004657,172.31.40.0-255,66,112445,65,144499
7924,0.004677,74.125.24.0-255,2902,115347,65,144499
7925,0.00468,172.31.40.0-255,66,115413,65,144499
7926,0.007271,74.125.24.0-255,5738,121151,65,144499
7927,0.007278,172.31.40.0-255,66,121217,65,144499
7928,0.00988,74.125.24.0-255,5738,126955,65,144499
7929,0.009888,172.31.40.0-255,66,127021,65,144499
7930,0.012492,74.125.24.0-255,5738,132759,65,144499
7931,0.012499,172.31.40.0-255,66,132825,65,144499
7932,0.015125,74.125.24.0-255,5738,138563,65,144499
7933,0.015133,172.31.40.0-255,66,138629,65,144499
7934,0.017733,74.125.24.0-255,4320,142949,65,144499
7935,0.017738,172.31.40.0-255,66,143015,65,144499
7936,0.017755,74.125.24.0-255,1484,144499,65,144499
7937,0.0,74.125.24.0-255,153,153,65,165502
7938,2e-05,172.31.40.0-255,66,219,65,165502
7939,2.8e-05,74.125.24.0-255,1484,1703,65,165502
7940,3.3e-05,172.31.40.0-255,66,1769,65,165502
7941,3.9e-05,74.125.24.0-255,2902,4671,65,165502
7942,4.2e-05,172.31.40.0-255,66,4737,65,165502
7943,4.9e-05,74.125.24.0-255,5738,10475,65,165502
7944,5.2e-05,172.31.40.0-255,66,10541,65,165502
7945,5.7e-05,74.125.24.0-255,2902,13443,65,165502
7946,6e-05,172.31.40.0-255,66,13509,65,165502
7947,9.6e-05,172.31.40.0-255,66,13575,65,165502
7948,0.000103,74.125.24.0-255,6797,20372,65,165502
7949,0.000106,172.31.40.0-255,66,20438,65,165502
7950,0.000148,74.125.24.0-255,1484,21922,65,165502
7951,0.000151,172.31.40.0-255,66,21988,65,165502
7952,0.000154,74.125.24.0-255,1484,23472,65,165502
7953,0.000156,172.31.40.0-255,66,23538,65,165502
7954,0.000171,74.125.24.0-255,1484,25022,65,165502
7955,0.000173,172.31.40.0-255,66,25088,65,165502
7956,0.000179,74.125.24.0-255,5738,30826,65,165502
7957,0.000182,172.31.40.0-255,66,30892,65,165502
7958,0.000219,172.31.40.0-255,66,30958,65,165502
7959,0.000252,172.31.40.0-255,66,31024,65,165502
7960,0.000272,74.125.24.0-255,448,31472,65,165502
7961,0.000274,172.31.40.0-255,66,31538,65,165502
7962,0.0003,74.125.24.0-255,327,31865,65,165502
7963,0.000303,172.31.40.0-255,66,31931,65,165502
7964,0.000488,74.125.24.0-255,1484,33415,65,165502
7965,0.000495,172.31.40.0-255,66,33481,65,165502
7966,0.000501,74.125.24.0-255,2902,36383,65,165502
7967,0.000504,172.31.40.0-255,66,36449,65,165502
7968,0.00051,74.125.24.0-255,5738,42187,65,165502
7969,0.000513,172.31.40.0-255,66,42253,65,165502
7970,0.00054,172.31.40.0-255,66,42319,65,165502
7971,0.000547,74.125.24.0-255,7156,49475,65,165502
7972,0.000549,172.31.40.0-255,66,49541,65,165502
7973,0.000564,74.125.24.0-255,1484,51025,65,165502
7974,0.000582,74.125.24.0-255,6797,57822,65,165502
7975,0.000591,172.31.40.0-255,66,57888,65,165502
7976,0.000933,74.125.24.0-255,1484,59372,65,165502
7977,0.000939,74.125.24.0-255,2902,62274,65,165502
7978,0.000943,172.31.40.0-255,66,62340,65,165502
7979,0.000971,74.125.24.0-255,1484,63824,65,165502
7980,0.00099,74.125.24.0-255,4320,68144,65,165502
7981,0.000992,172.31.40.0-255,66,68210,65,165502
7982,0.001005,172.31.40.0-255,66,68276,65,165502
7983,0.001024,74.125.24.0-255,1484,69760,65,165502
7984,0.001038,172.31.40.0-255,66,69826,65,165502
7985,0.001054,74.125.24.0-255,5738,75564,65,165502
7986,0.001057,172.31.40.0-255,66,75630,65,165502
7987,0.001082,74.125.24.0-255,5738,81368,65,165502
7988,0.001085,172.31.40.0-255,66,81434,65,165502
7989,0.0011,172.31.40.0-255,66,81500,65,165502
7990,0.00111,172.31.40.0-255,66,81566,65,165502
7991,0.00113,74.125.24.0-255,766,82332,65,165502
7992,0.001154,74.125.24.0-255,4320,86652,65,165502
7993,0.001157,172.31.40.0-255,66,86718,65,165502
7994,0.001163,74.125.24.0-255,5738,92456,65,165502
7995,0.001166,172.31.40.0-255,66,92522,65,165502
7996,0.001198,172.31.40.0-255,66,92588,65,165502
7997,0.00122,74.125.24.0-255,2902,95490,65,165502
7998,0.001222,172.31.40.0-255,66,95556,65,165502
7999,0.001236,172.31.40.0-255,66,95622,65,165502
8000,0.001298,74.125.24.0-255,1484,97106,65,165502
8001,0.001304,74.125.24.0-255,2902,100008,65,165502
8002,0.001307,172.31.40.0-255,66,100074,65,165502
8003,0.001331,74.125.24.0-255,5738,105812,65,165502
8004,0.001335,172.31.40.0-255,66,105878,65,165502
8005,0.001347,172.31.40.0-255,66,105944,65,165502
8006,0.001366,74.125.24.0-255,1484,107428,65,165502
8007,0.001372,74.125.24.0-255,4320,111748,65,165502
8008,0.001375,172.31.40.0-255,66,111814,65,165502
8009,0.001415,74.125.24.0-255,6438,118252,65,165502
8010,0.001418,172.31.40.0-255,66,118318,65,165502
8011,0.00171,74.125.24.0-255,1484,119802,65,165502
8012,0.001716,74.125.24.0-255,2902,122704,65,165502
8013,0.00172,172.31.40.0-255,66,122770,65,165502
8014,0.001727,74.125.24.0-255,5738,128508,65,165502
8015,0.001729,172.31.40.0-255,66,128574,65,165502
8016,0.001749,74.125.24.0-255,5738,134312,65,165502
8017,0.001751,172.31.40.0-255,66,134378,65,165502
8018,0.00179,74.125.24.0-255,7156,141534,65,165502
8019,0.001793,172.31.40.0-255,66,141600,65,165502
8020,0.001804,172.31.40.0-255,66,141666,65,165502
8021,0.001808,74.125.24.0-255,2184,143850,65,165502
8022,0.00181,172.31.40.0-255,66,143916,65,165502
8023,0.001943,74.125.24.0-255,1484,145400,65,165502
8024,0.001961,74.125.24.0-255,2902,148302,65,165502
8025,0.001965,172.31.40.0-255,66,148368,65,165502
8026,0.001972,74.125.24.0-255,5738,154106,65,165502
8027,0.001975,172.31.40.0-255,66,154172,65,165502
8028,0.001978,74.125.24.0-255,1484,155656,65,165502
8029,0.001995,74.125.24.0-255,2902,158558,65,165502
8030,0.001998,172.31.40.0-255,66,158624,65,165502
8031,0.002032,172.31.40.0-255,66,158690,65,165502
8032,0.002045,172.31.40.0-255,66,158756,65,165502
8033,0.002094,172.31.40.0-255,66,158822,65,165502
8034,0.002114,74.125.24.0-255,1484,160306,65,165502
8035,0.002132,172.31.40.0-255,66,160372,65,165502
8036,0.002148,172.31.40.0-255,66,160438,65,165502
8037,0.002163,172.31.40.0-255,66,160504,65,165502
8038,0.002193,74.125.24.0-255,1484,161988,65,165502
8039,0.002239,172.31.40.0-255,66,162054,65,165502
8040,0.002245,74.125.24.0-255,3040,165094,65,165502
8041,0.002248,172.31.40.0-255,66,165160,65,165502
8042,0.00225,74.125.24.0-255,105,165265,65,165502
8043,0.008411,172.31.40.0-255,66,165331,65,165502
8044,0.008448,172.31.40.0-255,105,165436,65,165502
8045,0.01072,74.125.24.0-255,66,165502,65,165502
8046,0.0,74.125.24.0-255,295,295,65,122187
8047,1.4e-05,172.31.40.0-255,66,361,65,122187
8048,2e-05,74.125.24.0-255,1484,1845,65,122187
8049,2.5e-05,172.31.40.0-255,66,1911,65,122187
8050,5.1e-05,74.125.24.0-255,4320,6231,65,122187
8051,5.5e-05,172.31.40.0-255,66,6297,65,122187
8052,5.9e-05,74.125.24.0-255,2902,9199,65,122187
8053,6.2e-05,172.31.40.0-255,66,9265,65,122187
8054,7.6e-05,172.31.40.0-255,66,9331,65,122187
8055,0.000112,172.31.40.0-255,66,9397,65,122187
8056,0.000155,74.125.24.0-255,1484,10881,65,122187
8057,0.000158,172.31.40.0-255,66,10947,65,122187
8058,0.000163,74.125.24.0-255,2902,13849,65,122187
8059,0.000165,172.31.40.0-255,66,13915,65,122187
8060,0.000183,74.125.24.0-255,5738,19653,65,122187
8061,0.000186,172.31.40.0-255,66,19719,65,122187
8062,0.000225,172.31.40.0-255,66,19785,65,122187
8063,0.000274,172.31.40.0-255,66,19851,65,122187
8064,0.000288,74.125.24.0-255,3961,23812,65,122187
8065,0.00029,172.31.40.0-255,66,23878,65,122187
8066,0.000566,74.125.24.0-255,646,24524,65,122187
8067,0.000571,172.31.40.0-255,66,24590,65,122187
8068,0.00071,74.125.24.0-255,1484,26074,65,122187
8069,0.000714,172.31.40.0-255,66,26140,65,122187
8070,0.00072,74.125.24.0-255,2902,29042,65,122187
8071,0.000722,172.31.40.0-255,66,29108,65,122187
8072,0.000729,74.125.24.0-255,5738,34846,65,122187
8073,0.000731,172.31.40.0-255,66,34912,65,122187
8074,0.000734,74.125.24.0-255,1484,36396,65,122187
8075,0.00076,74.125.24.0-255,4320,40716,65,122187
8076,0.000763,172.31.40.0-255,66,40782,65,122187
8077,0.00077,74.125.24.0-255,5738,46520,65,122187
8078,0.000772,172.31.40.0-255,66,46586,65,122187
8079,0.000791,74.125.24.0-255,7156,53742,65,122187
8080,0.000794,172.31.40.0-255,66,53808,65,122187
8081,0.0008,74.125.24.0-255,5020,58828,65,122187
8082,0.000803,172.31.40.0-255,66,58894,65,122187
8083,0.001039,74.125.24.0-255,1484,60378,65,122187
8084,0.001045,74.125.24.0-255,2902,63280,65,122187
8085,0.001048,172.31.40.0-255,66,63346,65,122187
8086,0.001052,74.125.24.0-255,1484,64830,65,122187
8087,0.001072,74.125.24.0-255,4320,69150,65,122187
8088,0.001075,172.31.40.0-255,66,69216,65,122187
8089,0.0011,172.31.40.0-255,66,69282,65,122187
8090,0.001103,74.125.24.0-255,1484,70766,65,122187
8091,0.001157,74.125.24.0-255,5738,76504,65,122187
8092,0.001161,172.31.40.0-255,66,76570,65,122187
8093,0.001183,74.125.24.0-255,3602,80172,65,122187
8094,0.001186,172.31.40.0-255,66,80238,65,122187
8095,0.001437,74.125.24.0-255,1484,81722,65,122187
8096,0.001444,74.125.24.0-255,2902,84624,65,122187
8097,0.001447,172.31.40.0-255,66,84690,65,122187
8098,0.001472,74.125.24.0-255,5738,90428,65,122187
8099,0.001475,172.31.40.0-255,66,90494,65,122187
8100,0.00148,74.125.24.0-255,2902,93396,65,122187
8101,0.001482,172.31.40.0-255,66,93462,65,122187
8102,0.001518,172.31.40.0-255,66,93528,65,122187
8103,0.001534,172.31.40.0-255,66,93594,65,122187
8104,0.001538,74.125.24.0-255,2902,96496,65,122187
8105,0.00154,172.31.40.0-255,66,96562,65,122187
8106,0.00158,172.31.40.0-255,66,96628,65,122187
8107,0.001592,172.31.40.0-255,66,96694,65,122187
8108,0.001641,172.31.40.0-255,66,96760,65,122187
8109,0.001673,172.31.40.0-255,66,96826,65,122187
8110,0.001703,74.125.24.0-255,6438,103264,65,122187
8111,0.001706,172.31.40.0-255,66,103330,65,122187
8112,0.001719,172.31.40.0-255,66,103396,65,122187
8113,0.001759,74.125.24.0-255,7156,110552,65,122187
8114,0.001762,172.31.40.0-255,66,110618,65,122187
8115,0.001809,172.31.40.0-255,66,110684,65,122187
8116,0.001839,172.31.40.0-255,66,110750,65,122187
8117,0.001851,172.31.40.0-255,66,110816,65,122187
8118,0.001888,172.31.40.0-255,66,110882,65,122187
8119,0.001913,172.31.40.0-255,66,110948,65,122187
8120,0.001935,74.125.24.0-255,6438,117386,65,122187
8121,0.001937,172.31.40.0-255,66,117452,65,122187
8122,0.001952,172.31.40.0-255,66,117518,65,122187
8123,0.00198,74.125.24.0-255,3673,121191,65,122187
8124,0.001983,74.125.24.0-255,105,121296,65,122187
8125,0.001985,74.125.24.0-255,129,121425,65,122187
8126,0.002003,172.31.40.0-255,66,121491,65,122187
8127,0.009689,172.31.40.0-255,105,121596,65,122187
8128,0.009734,172.31.40.0-255,105,121701,65,122187
8129,0.009962,172.31.40.0-255,90,121791,65,122187
8130,0.009972,172.31.40.0-255,66,121857,65,122187
8131,0.01225,74.125.24.0-255,66,121923,65,122187
8132,0.012271,74.125.24.0-255,66,121989,65,122187
8133,0.012501,74.125.24.0-255,66,122055,65,122187
8134,0.012531,74.125.24.0-255,66,122121,65,122187
8135,0.012537,172.31.40.0-255,66,122187,65,122187
8136,0.0,74.125.200.0-255,153,153,65,169297
8137,1.7e-05,172.31.40.0-255,66,219,65,169297
8138,2.3e-05,74.125.200.0-255,1484,1703,65,169297
8139,2.8e-05,172.31.40.0-255,66,1769,65,169297
8140,3.3e-05,74.125.200.0-255,2902,4671,65,169297
8141,4.2e-05,172.31.40.0-255,66,4737,65,169297
8142,6.2e-05,74.125.200.0-255,2902,7639,65,169297
8143,6.5e-05,172.31.40.0-255,66,7705,65,169297
8144,7.4e-05,74.125.200.0-255,4320,12025,65,169297
8145,7.7e-05,172.31.40.0-255,66,12091,65,169297
8146,0.000112,74.125.200.0-255,5738,17829,65,169297
8147,0.000115,172.31.40.0-255,66,17895,65,169297
8148,0.000128,74.125.200.0-255,659,18554,65,169297
8149,0.000134,172.31.40.0-255,66,18620,65,169297
8150,0.000141,74.125.200.0-255,7156,25776,65,169297
8151,0.000143,172.31.40.0-255,66,25842,65,169297
8152,0.000167,74.125.200.0-255,2902,28744,65,169297
8153,0.000169,172.31.40.0-255,66,28810,65,169297
8154,0.000201,172.31.40.0-255,66,28876,65,169297
8155,0.000217,74.125.200.0-255,5738,34614,65,169297
8156,0.000223,172.31.40.0-255,66,34680,65,169297
8157,0.000249,74.125.200.0-255,3602,38282,65,169297
8158,0.000251,172.31.40.0-255,66,38348,65,169297
8159,0.000254,74.125.200.0-255,1484,39832,65,169297
8160,0.000256,172.31.40.0-255,66,39898,65,169297
8161,0.000286,74.125.200.0-255,2902,42800,65,169297
8162,0.000288,172.31.40.0-255,66,42866,65,169297
8163,0.000293,74.125.200.0-255,5738,48604,65,169297
8164,0.000295,172.31.40.0-255,66,48670,65,169297
8165,0.000309,74.125.200.0-255,2902,51572,65,169297
8166,0.000311,172.31.40.0-255,66,51638,65,169297
8167,0.000341,74.125.200.0-255,3961,55599,65,169297
8168,0.000344,172.31.40.0-255,66,55665,65,169297
8169,0.000346,74.125.200.0-255,394,56059,65,169297
8170,0.000383,74.125.200.0-255,1484,57543,65,169297
8171,0.000385,172.31.40.0-255,66,57609,65,169297
8172,0.000413,74.125.200.0-255,4320,61929,65,169297
8173,0.000415,172.31.40.0-255,66,61995,65,169297
8174,0.00042,74.125.200.0-255,4320,66315,65,169297
8175,0.000422,172.31.40.0-255,66,66381,65,169297
8176,0.000454,74.125.200.0-255,1484,67865,65,169297
8177,0.000475,74.125.200.0-255,4320,72185,65,169297
8178,0.000478,172.31.40.0-255,66,72251,65,169297
8179,0.00048,74.125.200.0-255,828,73079,65,169297
8180,0.000891,74.125.200.0-255,1484,74563,65,169297
8181,0.000896,172.31.40.0-255,66,74629,65,169297
8182,0.000901,74.125.200.0-255,2902,77531,65,169297
8183,0.000903,172.31.40.0-255,66,77597,65,169297
8184,0.000905,74.125.200.0-255,1484,79081,65,169297
8185,0.000938,74.125.200.0-255,5738,84819,65,169297
8186,0.00094,172.31.40.0-255,66,84885,65,169297
8187,0.000945,74.125.200.0-255,2902,87787,65,169297
8188,0.000946,172.31.40.0-255,66,87853,65,169297
8189,0.000973,172.31.40.0-255,66,87919,65,169297
8190,0.000978,74.125.200.0-255,5738,93657,65,169297
8191,0.00098,172.31.40.0-255,66,93723,65,169297
8192,0.001016,74.125.200.0-255,3602,97325,65,169297
8193,0.001019,172.31.40.0-255,66,97391,65,169297
8194,0.001707,74.125.200.0-255,1484,98875,65,169297
8195,0.001715,74.125.200.0-255,1484,100359,65,169297
8196,0.001718,172.31.40.0-255,66,100425,65,169297
8197,0.001749,74.125.200.0-255,1484,101909,65,169297
8198,0.001756,74.125.200.0-255,5738,107647,65,169297
8199,0.001759,172.31.40.0-255,66,107713,65,169297
8200,0.001784,74.125.200.0-255,2902,110615,65,169297
8201,0.001787,172.31.40.0-255,66,110681,65,169297
8202,0.001805,172.31.40.0-255,66,110747,65,169297
8203,0.001818,74.125.200.0-255,1484,112231,65,169297
8204,0.001827,74.125.200.0-255,5738,117969,65,169297
8205,0.001829,172.31.40.0-255,66,118035,65,169297
8206,0.001854,74.125.200.0-255,1484,119519,65,169297
8207,0.001873,74.125.200.0-255,3602,123121,65,169297
8208,0.001876,172.31.40.0-255,66,123187,65,169297
8209,0.00208,74.125.200.0-255,1484,124671,65,169297
8210,0.002103,74.125.200.0-255,2902,127573,65,169297
8211,0.002108,172.31.40.0-255,66,127639,65,169297
8212,0.002116,74.125.200.0-255,5738,133377,65,169297
8213,0.002118,172.31.40.0-255,66,133443,65,169297
8214,0.002154,172.31.40.0-255,66,133509,65,169297
8215,0.002201,172.31.40.0-255,66,133575,65,169297
8216,0.002205,74.125.200.0-255,2184,135759,65,169297
8217,0.002208,172.31.40.0-255,66,135825,65,169297
8218,0.004838,74.125.200.0-255,5738,141563,65,169297
8219,0.004844,172.31.40.0-255,66,141629,65,169297
8220,0.007477,74.125.200.0-255,5738,147367,65,169297
8221,0.007484,172.31.40.0-255,66,147433,65,169297
8222,0.01012,74.125.200.0-255,5738,153171,65,169297
8223,0.010127,172.31.40.0-255,66,153237,65,169297
8224,0.012868,74.125.200.0-255,4320,157557,65,169297
8225,0.012877,172.31.40.0-255,66,157623,65,169297
8226,0.01291,74.125.200.0-255,1484,159107,65,169297
8227,0.015512,74.125.200.0-255,4320,163427,65,169297
8228,0.015521,172.31.40.0-255,66,163493,65,169297
8229,0.018156,74.125.200.0-255,5738,169231,65,169297
8230,0.018166,172.31.40.0-255,66,169297,65,169297
8231,0.0,74.125.68.0-255,152,152,65,289719
8232,2.4e-05,172.31.40.0-255,66,218,65,289719
8233,3.3e-05,74.125.68.0-255,1484,1702,65,289719
8234,3.8e-05,172.31.40.0-255,66,1768,65,289719
8235,6.8e-05,74.125.68.0-255,2902,4670,65,289719
8236,7.1e-05,172.31.40.0-255,66,4736,65,289719
8237,7.9e-05,74.125.68.0-255,5738,10474,65,289719
8238,8.2e-05,172.31.40.0-255,66,10540,65,289719
8239,0.000123,74.125.68.0-255,2902,13442,65,289719
8240,0.000126,172.31.40.0-255,66,13508,65,289719
8241,0.000153,74.125.68.0-255,3520,17028,65,289719
8242,0.000155,172.31.40.0-255,66,17094,65,289719
8243,0.000158,74.125.68.0-255,1484,18578,65,289719
8244,0.000161,172.31.40.0-255,66,18644,65,289719
8245,0.000165,74.125.68.0-255,2902,21546,65,289719
8246,0.000168,172.31.40.0-255,66,21612,65,289719
8247,0.000194,74.125.68.0-255,5738,27350,65,289719
8248,0.000197,172.31.40.0-255,66,27416,65,289719
8249,0.0002,74.125.68.0-255,1484,28900,65,289719
8250,0.000202,172.31.40.0-255,66,28966,65,289719
8251,0.000226,74.125.68.0-255,2543,31509,65,289719
8252,0.000228,172.31.40.0-255,66,31575,65,289719
8253,0.000323,74.125.68.0-255,1484,33059,65,289719
8254,0.000328,172.31.40.0-255,66,33125,65,289719
8255,0.000334,74.125.68.0-255,2902,36027,65,289719
8256,0.000336,172.31.40.0-255,66,36093,65,289719
8257,0.000339,74.125.68.0-255,1484,37577,65,289719
8258,0.000346,172.31.40.0-255,66,37643,65,289719
8259,0.000351,74.125.68.0-255,2902,40545,65,289719
8260,0.000353,172.31.40.0-255,66,40611,65,289719
8261,0.000387,74.125.68.0-255,5738,46349,65,289719
8262,0.00039,172.31.40.0-255,66,46415,65,289719
8263,0.000396,74.125.68.0-255,3961,50376,65,289719
8264,0.000398,172.31.40.0-255,66,50442,65,289719
8265,0.000401,74.125.68.0-255,1484,51926,65,289719
8266,0.000429,74.125.68.0-255,2902,54828,65,289719
8267,0.000432,172.31.40.0-255,66,54894,65,289719
8268,0.000444,172.31.40.0-255,66,54960,65,289719
8269,0.000447,74.125.68.0-255,1399,56359,65,289719
8270,0.000492,74.125.68.0-255,382,56741,65,289719
8271,0.000495,172.31.40.0-255,66,56807,65,289719
8272,0.000565,74.125.68.0-255,1484,58291,65,289719
8273,0.000579,74.125.68.0-255,2902,61193,65,289719
8274,0.000582,172.31.40.0-255,66,61259,65,289719
8275,0.000617,74.125.68.0-255,5738,66997,65,289719
8276,0.00062,172.31.40.0-255,66,67063,65,289719
8277,0.000627,74.125.68.0-255,7156,74219,65,289719
8278,0.000629,172.31.40.0-255,66,74285,65,289719
8279,0.000661,172.31.40.0-255,66,74351,65,289719
8280,0.000687,74.125.68.0-255,2902,77253,65,289719
8281,0.00069,172.31.40.0-255,66,77319,65,289719
8282,0.000694,74.125.68.0-255,1484,78803,65,289719
8283,0.000715,74.125.68.0-255,2184,80987,65,289719
8284,0.000718,172.31.40.0-255,66,81053,65,289719
8285,0.000794,74.125.68.0-255,1484,82537,65,289719
8286,0.000814,74.125.68.0-255,2902,85439,65,289719
8287,0.000818,172.31.40.0-255,66,85505,65,289719
8288,0.000839,74.125.68.0-255,5738,91243,65,289719
8289,0.000842,172.31.40.0-255,66,91309,65,289719
8290,0.000861,74.125.68.0-255,4320,95629,65,289719
8291,0.000864,172.31.40.0-255,66,95695,65,289719
8292,0.000894,74.125.68.0-255,5738,101433,65,289719
8293,0.000897,172.31.40.0-255,66,101499,65,289719
8294,0.000903,74.125.68.0-255,4320,105819,65,289719
8295,0.000905,172.31.40.0-255,66,105885,65,289719
8296,0.000938,74.125.68.0-255,5738,111623,65,289719
8297,0.000941,172.31.40.0-255,66,111689,65,289719
8298,0.000954,74.125.68.0-255,3602,115291,65,289719
8299,0.000961,172.31.40.0-255,66,115357,65,289719
8300,0.001124,74.125.68.0-255,1484,116841,65,289719
8301,0.001153,74.125.68.0-255,2902,119743,65,289719
8302,0.001157,172.31.40.0-255,66,119809,65,289719
8303,0.001162,74.125.68.0-255,1484,121293,65,289719
8304,0.001188,74.125.68.0-255,2902,124195,65,289719
8305,0.001191,172.31.40.0-255,66,124261,65,289719
8306,0.001201,172.31.40.0-255,66,124327,65,289719
8307,0.00121,74.125.68.0-255,2902,127229,65,289719
8308,0.001213,172.31.40.0-255,66,127295,65,289719
8309,0.001218,74.125.68.0-255,4320,131615,65,289719
8310,0.00122,172.31.40.0-255,66,131681,65,289719
8311,0.001258,172.31.40.0-255,66,131747,65,289719
8312,0.001262,74.125.68.0-255,766,132513,65,289719
8313,0.001368,172.31.40.0-255,101,132614,65,289719
8314,0.001462,74.125.68.0-255,1484,134098,65,289719
8315,0.001486,74.125.68.0-255,2902,137000,65,289719
8316,0.001491,172.31.40.0-255,66,137066,65,289719
8317,0.001497,74.125.68.0-255,5738,142804,65,289719
8318,0.0015,172.31.40.0-255,66,142870,65,289719
8319,0.001532,74.125.68.0-255,4320,147190,65,289719
8320,0.001534,172.31.40.0-255,66,147256,65,289719
8321,0.001541,74.125.68.0-255,5738,152994,65,289719
8322,0.001545,172.31.40.0-255,66,153060,65,289719
8323,0.001549,74.125.68.0-255,2902,155962,65,289719
8324,0.001552,172.31.40.0-255,66,156028,65,289719
8325,0.001593,172.31.40.0-255,66,156094,65,289719
8326,0.001598,74.125.68.0-255,2184,158278,65,289719
8327,0.0016,172.31.40.0-255,66,158344,65,289719
8328,0.00172,74.125.68.0-255,1484,159828,65,289719
8329,0.001741,74.125.68.0-255,2902,162730,65,289719
8330,0.001745,172.31.40.0-255,66,162796,65,289719
8331,0.001752,74.125.68.0-255,5738,168534,65,289719
8332,0.001754,172.31.40.0-255,66,168600,65,289719
8333,0.001784,74.125.68.0-255,4320,172920,65,289719
8334,0.001787,172.31.40.0-255,66,172986,65,289719
8335,0.001793,74.125.68.0-255,5738,178724,65,289719
8336,0.001796,172.31.40.0-255,66,178790,65,289719
8337,0.001825,74.125.68.0-255,7156,185946,65,289719
8338,0.001828,172.31.40.0-255,66,186012,65,289719
8339,0.001847,74.125.68.0-255,2902,188914,65,289719
8340,0.001849,172.31.40.0-255,66,188980,65,289719
8341,0.001875,74.125.68.0-255,3602,192582,65,289719
8342,0.001879,172.31.40.0-255,66,192648,65,289719
8343,0.001885,74.125.68.0-255,4320,196968,65,289719
8344,0.001887,172.31.40.0-255,66,197034,65,289719
8345,0.001957,74.125.68.0-255,7156,204190,65,289719
8346,0.001961,172.31.40.0-255,66,204256,65,289719
8347,0.001999,74.125.68.0-255,2902,207158,65,289719
8348,0.002002,172.31.40.0-255,66,207224,65,289719
8349,0.002022,172.31.40.0-255,66,207290,65,289719
8350,0.002032,172.31.40.0-255,66,207356,65,289719
8351,0.002043,172.31.40.0-255,66,207422,65,289719
8352,0.002047,74.125.68.0-255,2902,210324,65,289719
8353,0.00205,172.31.40.0-255,66,210390,65,289719
8354,0.002055,74.125.68.0-255,2902,213292,65,289719
8355,0.002057,172.31.40.0-255,66,213358,65,289719
8356,0.002097,172.31.40.0-255,66,213424,65,289719
8357,0.002104,74.125.68.0-255,7156,220580,65,289719
8358,0.002107,172.31.40.0-255,66,220646,65,289719
8359,0.002149,172.31.40.0-255,66,220712,65,289719
8360,0.002152,74.125.68.0-255,1484,222196,65,289719
8361,0.00219,172.31.40.0-255,66,222262,65,289719
8362,0.002196,74.125.68.0-255,4320,226582,65,289719
8363,0.002198,172.31.40.0-255,66,226648,65,289719
8364,0.002232,74.125.68.0-255,7156,233804,65,289719
8365,0.002235,172.31.40.0-255,66,233870,65,289719
8366,0.002254,74.125.68.0-255,5020,238890,65,289719
8367,0.002257,172.31.40.0-255,66,238956,65,289719
8368,0.002263,74.125.68.0-255,5738,244694,65,289719
8369,0.002265,172.31.40.0-255,66,244760,65,289719
8370,0.002287,74.125.68.0-255,7156,251916,65,289719
8371,0.002289,172.31.40.0-255,66,251982,65,289719
8372,0.002296,74.125.68.0-255,5738,257720,65,289719
8373,0.002298,172.31.40.0-255,66,257786,65,289719
8374,0.002339,74.125.68.0-255,1484,259270,65,289719
8375,0.002363,172.31.40.0-255,66,259336,65,289719
8376,0.002388,74.125.68.0-255,3602,262938,65,289719
8377,0.00239,172.31.40.0-255,66,263004,65,289719
8378,0.003652,74.125.68.0-255,66,263070,65,289719
8379,0.004696,74.125.68.0-255,5738,268808,65,289719
8380,0.004703,172.31.40.0-255,66,268874,65,289719
8381,0.007011,74.125.68.0-255,5738,274612,65,289719
8382,0.007018,172.31.40.0-255,66,274678,65,289719
8383,0.009337,74.125.68.0-255,5738,280416,65,289719
8384,0.009342,172.31.40.0-255,66,280482,65,289719
8385,0.011653,74.125.68.0-255,5738,286220,65,289719
8386,0.01166,172.31.40.0-255,66,286286,65,289719
8387,0.013973,74.125.68.0-255,3262,289548,65,289719
8388,0.01398,172.31.40.0-255,66,289614,65,289719
8389,0.018629,172.31.40.0-255,105,289719,65,289719
8390,0.0,172.253.118.0-255,145,145,65,152433
8391,1.6e-05,172.31.40.0-255,66,211,65,152433
8392,2.2e-05,172.253.118.0-255,1484,1695,65,152433
8393,2.7e-05,172.31.40.0-255,66,1761,65,152433
8394,6.2e-05,172.253.118.0-255,2902,4663,65,152433
8395,6.5e-05,172.31.40.0-255,66,4729,65,152433
8396,7.1e-05,172.253.118.0-255,4320,9049,65,152433
8397,7.4e-05,172.31.40.0-255,66,9115,65,152433
8398,0.000104,172.253.118.0-255,4939,14054,65,152433
8399,0.000108,172.31.40.0-255,66,14120,65,152433
8400,0.000214,172.253.118.0-255,1484,15604,65,152433
8401,0.000217,172.31.40.0-255,66,15670,65,152433
8402,0.000224,172.253.118.0-255,2902,18572,65,152433
8403,0.000226,172.31.40.0-255,66,18638,65,152433
8404,0.000253,172.253.118.0-255,5738,24376,65,152433
8405,0.000257,172.31.40.0-255,66,24442,65,152433
8406,0.000266,172.253.118.0-255,4320,28762,65,152433
8407,0.000268,172.31.40.0-255,66,28828,65,152433
8408,0.000307,172.253.118.0-255,2543,31371,65,152433
8409,0.000309,172.31.40.0-255,66,31437,65,152433
8410,0.00059,172.253.118.0-255,1484,32921,65,152433
8411,0.000595,172.31.40.0-255,66,32987,65,152433
8412,0.000601,172.253.118.0-255,2902,35889,65,152433
8413,0.000604,172.31.40.0-255,66,35955,65,152433
8414,0.000634,172.253.118.0-255,5738,41693,65,152433
8415,0.000644,172.31.40.0-255,66,41759,65,152433
8416,0.000658,172.253.118.0-255,4320,46079,65,152433
8417,0.00066,172.31.40.0-255,66,46145,65,152433
8418,0.000701,172.31.40.0-255,66,46211,65,152433
8419,0.000703,172.253.118.0-255,1484,47695,65,152433
8420,0.000705,172.31.40.0-255,66,47761,65,152433
8421,0.000742,172.31.40.0-255,66,47827,65,152433
8422,0.001098,172.253.118.0-255,646,48473,65,152433
8423,0.001304,172.253.118.0-255,1484,49957,65,152433
8424,0.001309,172.31.40.0-255,66,50023,65,152433
8425,0.001325,172.253.118.0-255,2902,52925,65,152433
8426,0.00133,172.31.40.0-255,66,52991,65,152433
8427,0.001336,172.253.118.0-255,5738,58729,65,152433
8428,0.001338,172.31.40.0-255,66,58795,65,152433
8429,0.00137,172.253.118.0-255,4320,63115,65,152433
8430,0.001372,172.31.40.0-255,66,63181,65,152433
8431,0.0014,172.253.118.0-255,7156,70337,65,152433
8432,0.001402,172.31.40.0-255,66,70403,65,152433
8433,0.001414,172.31.40.0-255,66,70469,65,152433
8434,0.001808,172.253.118.0-255,1484,71953,65,152433
8435,0.001815,172.253.118.0-255,2902,74855,65,152433
8436,0.001819,172.31.40.0-255,66,74921,65,152433
8437,0.001823,172.253.118.0-255,1484,76405,65,152433
8438,0.00185,172.253.118.0-255,4320,80725,65,152433
8439,0.001852,172.31.40.0-255,66,80791,65,152433
8440,0.001866,172.253.118.0-255,4320,85111,65,152433
8441,0.001868,172.31.40.0-255,66,85177,65,152433
8442,0.001917,172.31.40.0-255,66,85243,65,152433
8443,0.001922,172.253.118.0-255,4320,89563,65,152433
8444,0.001924,172.31.40.0-255,66,89629,65,152433
8445,0.001964,172.253.118.0-255,6438,96067,65,152433
8446,0.001966,172.31.40.0-255,66,96133,65,152433
8447,0.002587,172.253.118.0-255,1484,97617,65,152433
8448,0.002598,172.253.118.0-255,2902,100519,65,152433
8449,0.002601,172.31.40.0-255,66,100585,65,152433
8450,0.002605,172.253.118.0-255,2902,103487,65,152433
8451,0.002607,172.31.40.0-255,66,103553,65,152433
8452,0.00263,172.253.118.0-255,2902,106455,65,152433
8453,0.002632,172.31.40.0-255,66,106521,65,152433
8454,0.002637,172.253.118.0-255,5738,112259,65,152433
8455,0.002639,172.31.40.0-255,66,112325,65,152433
8456,0.00266,172.253.118.0-255,4320,116645,65,152433
8457,0.002662,172.31.40.0-255,66,116711,65,152433
8458,0.002665,172.253.118.0-255,1484,118195,65,152433
8459,0.002699,172.31.40.0-255,66,118261,65,152433
8460,0.002724,172.253.118.0-255,766,119027,65,152433
8461,0.005319,172.253.118.0-255,4320,123347,65,152433
8462,0.005324,172.31.40.0-255,66,123413,65,152433
8463,0.007954,172.253.118.0-255,5738,129151,65,152433
8464,0.00796,172.31.40.0-255,66,129217,65,152433
8465,0.010579,172.253.118.0-255,5738,134955,65,152433
8466,0.010588,172.31.40.0-255,66,135021,65,152433
8467,0.013228,172.253.118.0-255,5738,140759,65,152433
8468,0.013236,172.31.40.0-255,66,140825,65,152433
8469,0.015869,172.253.118.0-255,5738,146563,65,152433
8470,0.015877,172.31.40.0-255,66,146629,65,152433
8471,0.018507,172.253.118.0-255,5738,152367,65,152433
8472,0.018515,172.31.40.0-255,66,152433,65,152433
8473,0.0,74.125.68.0-255,153,153,65,218047
8474,2.1e-05,172.31.40.0-255,66,219,65,218047
8475,4.4e-05,74.125.68.0-255,1484,1703,65,218047
8476,4.8e-05,172.31.40.0-255,66,1769,65,218047
8477,6.5e-05,74.125.68.0-255,1484,3253,65,218047
8478,6.7e-05,172.31.40.0-255,66,3319,65,218047
8479,7.3e-05,74.125.68.0-255,2902,6221,65,218047
8480,7.6e-05,172.31.40.0-255,66,6287,65,218047
8481,9.1e-05,74.125.68.0-255,5738,12025,65,218047
8482,9.3e-05,172.31.40.0-255,66,12091,65,218047
8483,9.7e-05,74.125.68.0-255,2072,14163,65,218047
8484,9.9e-05,172.31.40.0-255,66,14229,65,218047
8485,0.000197,74.125.68.0-255,1484,15713,65,218047
8486,0.000201,172.31.40.0-255,66,15779,65,218047
8487,0.000206,74.125.68.0-255,2902,18681,65,218047
8488,0.000208,172.31.40.0-255,66,18747,65,218047
8489,0.000224,74.125.68.0-255,5738,24485,65,218047
8490,0.000226,172.31.40.0-255,66,24551,65,218047
8491,0.000252,74.125.68.0-255,5738,30289,65,218047
8492,0.000255,172.31.40.0-255,66,30355,65,218047
8493,0.000273,74.125.68.0-255,1125,31480,65,218047
8494,0.000275,172.31.40.0-255,66,31546,65,218047
8495,0.000281,74.125.68.0-255,5738,37284,65,218047
8496,0.000283,172.31.40.0-255,66,37350,65,218047
8497,0.000295,74.125.68.0-255,1484,38834,65,218047
8498,0.000297,172.31.40.0-255,66,38900,65,218047
8499,0.000302,74.125.68.0-255,4320,43220,65,218047
8500,0.000304,172.31.40.0-255,66,43286,65,218047
8501,0.000346,74.125.68.0-255,2902,46188,65,218047
8502,0.00035,172.31.40.0-255,66,46254,65,218047
8503,0.000364,74.125.68.0-255,2543,48797,65,218047
8504,0.000367,172.31.40.0-255,66,48863,65,218047
8505,0.001052,74.125.68.0-255,1484,50347,65,218047
8506,0.001061,74.125.68.0-255,1484,51831,65,218047
8507,0.001065,172.31.40.0-255,66,51897,65,218047
8508,0.001104,74.125.68.0-255,2902,54799,65,218047
8509,0.001107,172.31.40.0-255,66,54865,65,218047
8510,0.00111,74.125.68.0-255,1484,56349,65,218047
8511,0.001132,74.125.68.0-255,2902,59251,65,218047
8512,0.001134,172.31.40.0-255,66,59317,65,218047
8513,0.001154,74.125.68.0-255,2902,62219,65,218047
8514,0.001156,172.31.40.0-255,66,62285,65,218047
8515,0.001182,172.31.40.0-255,66,62351,65,218047
8516,0.001189,74.125.68.0-255,5738,68089,65,218047
8517,0.001191,172.31.40.0-255,66,68155,65,218047
8518,0.001218,74.125.68.0-255,4320,72475,65,218047
8519,0.001221,172.31.40.0-255,66,72541,65,218047
8520,0.001225,74.125.68.0-255,1125,73666,65,218047
8521,0.001241,74.125.68.0-255,1484,75150,65,218047
8522,0.001243,172.31.40.0-255,66,75216,65,218047
8523,0.001263,74.125.68.0-255,2902,78118,65,218047
8524,0.001265,172.31.40.0-255,66,78184,65,218047
8525,0.00129,74.125.68.0-255,4320,82504,65,218047
8526,0.001293,172.31.40.0-255,66,82570,65,218047
8527,0.001298,74.125.68.0-255,4320,86890,65,218047
8528,0.0013,172.31.40.0-255,66,86956,65,218047
8529,0.001317,74.125.68.0-255,4320,91276,65,218047
8530,0.001319,74.125.68.0-255,287,91563,65,218047
8531,0.001322,172.31.40.0-255,66,91629,65,218047
8532,0.001628,74.125.68.0-255,1484,93113,65,218047
8533,0.001632,172.31.40.0-255,66,93179,65,218047
8534,0.001649,74.125.68.0-255,2902,96081,65,218047
8535,0.001652,172.31.40.0-255,66,96147,65,218047
8536,0.001659,74.125.68.0-255,5738,101885,65,218047
8537,0.001661,172.31.40.0-255,66,101951,65,218047
8538,0.001687,74.125.68.0-255,2902,104853,65,218047
8539,0.00169,172.31.40.0-255,66,104919,65,218047
8540,0.001695,74.125.68.0-255,4320,109239,65,218047
8541,0.001697,172.31.40.0-255,66,109305,65,218047
8542,0.001701,74.125.68.0-255,2902,112207,65,218047
8543,0.001702,172.31.40.0-255,66,112273,65,218047
8544,0.001718,74.125.68.0-255,5738,118011,65,218047
8545,0.00172,172.31.40.0-255,66,118077,65,218047
8546,0.001725,74.125.68.0-255,4320,122397,65,218047
8547,0.001727,172.31.40.0-255,66,122463,65,218047
8548,0.001776,74.125.68.0-255,3602,126065,65,218047
8549,0.001779,172.31.40.0-255,66,126131,65,218047
8550,0.001846,74.125.68.0-255,1484,127615,65,218047
8551,0.001851,74.125.68.0-255,2902,130517,65,218047
8552,0.001853,172.31.40.0-255,66,130583,65,218047
8553,0.001871,74.125.68.0-255,2902,133485,65,218047
8554,0.001873,172.31.40.0-255,66,133551,65,218047
8555,0.001897,74.125.68.0-255,1484,135035,65,218047
8556,0.001903,74.125.68.0-255,5738,140773,65,218047
8557,0.001905,172.31.40.0-255,66,140839,65,218047
8558,0.001922,74.125.68.0-255,5738,146577,65,218047
8559,0.001924,172.31.40.0-255,66,146643,65,218047
8560,0.00195,74.125.68.0-255,2902,149545,65,218047
8561,0.001952,172.31.40.0-255,66,149611,65,218047
8562,0.001963,172.31.40.0-255,66,149677,65,218047
8563,0.001965,74.125.68.0-255,766,150443,65,218047
8564,0.002231,74.125.68.0-255,1484,151927,65,218047
8565,0.002234,172.31.40.0-255,66,151993,65,218047
8566,0.00224,74.125.68.0-255,2902,154895,65,218047
8567,0.002242,172.31.40.0-255,66,154961,65,218047
8568,0.002264,74.125.68.0-255,1484,156445,65,218047
8569,0.002285,74.125.68.0-255,4320,160765,65,218047
8570,0.002288,172.31.40.0-255,66,160831,65,218047
8571,0.002293,74.125.68.0-255,4320,165151,65,218047
8572,0.002294,172.31.40.0-255,66,165217,65,218047
8573,0.002297,74.125.68.0-255,1484,166701,65,218047
8574,0.002313,74.125.68.0-255,4320,171021,65,218047
8575,0.002315,172.31.40.0-255,66,171087,65,218047
8576,0.00233,74.125.68.0-255,5738,176825,65,218047
8577,0.002332,172.31.40.0-255,66,176891,65,218047
8578,0.004619,74.125.68.0-255,2902,179793,65,218047
8579,0.004626,172.31.40.0-255,66,179859,65,218047
8580,0.00465,74.125.68.0-255,2902,182761,65,218047
8581,0.004653,172.31.40.0-255,66,182827,65,218047
8582,0.006899,74.125.68.0-255,2902,185729,65,218047
8583,0.006904,172.31.40.0-255,66,185795,65,218047
8584,0.006924,74.125.68.0-255,2902,188697,65,218047
8585,0.006926,172.31.40.0-255,66,188763,65,218047
8586,0.009193,74.125.68.0-255,2902,191665,65,218047
8587,0.009204,172.31.40.0-255,66,191731,65,218047
8588,0.009225,74.125.68.0-255,2902,194633,65,218047
8589,0.009228,172.31.40.0-255,66,194699,65,218047
8590,0.011499,74.125.68.0-255,2902,197601,65,218047
8591,0.011508,172.31.40.0-255,66,197667,65,218047
8592,0.01153,74.125.68.0-255,2902,200569,65,218047
8593,0.011534,172.31.40.0-255,66,200635,65,218047
8594,0.013804,74.125.68.0-255,5738,206373,65,218047
8595,0.013812,172.31.40.0-255,66,206439,65,218047
8596,0.016097,74.125.68.0-255,5738,212177,65,218047
8597,0.016106,172.31.40.0-255,66,212243,65,218047
8598,0.018398,74.125.68.0-255,5738,217981,65,218047
8599,0.018406,172.31.40.0-255,66,218047,65,218047
8600,0.0,172.217.194.0-255,146,146,65,166293
8601,1.8e-05,172.31.40.0-255,66,212,65,166293
8602,2.5e-05,172.217.194.0-255,1484,1696,65,166293
8603,2.9e-05,172.31.40.0-255,66,1762,65,166293
8604,3.5e-05,172.217.194.0-255,2902,4664,65,166293
8605,3.8e-05,172.31.40.0-255,66,4730,65,166293
8606,4.1e-05,172.217.194.0-255,1484,6214,65,166293
8607,4.5e-05,172.31.40.0-255,66,6280,65,166293
8608,6.6e-05,172.217.194.0-255,4320,10600,65,166293
8609,6.9e-05,172.31.40.0-255,66,10666,65,166293
8610,9.7e-05,172.217.194.0-255,4320,14986,65,166293
8611,0.0001,172.31.40.0-255,66,15052,65,166293
8612,0.000124,172.217.194.0-255,6284,21336,65,166293
8613,0.000127,172.31.40.0-255,66,21402,65,166293
8614,0.00014,172.31.40.0-255,66,21468,65,166293
8615,0.000192,172.31.40.0-255,66,21534,65,166293
8616,0.000383,172.217.194.0-255,1484,23018,65,166293
8617,0.00039,172.31.40.0-255,66,23084,65,166293
8618,0.000403,172.217.194.0-255,1484,24568,65,166293
8619,0.000406,172.31.40.0-255,66,24634,65,166293
8620,0.000412,172.217.194.0-255,2902,27536,65,166293
8621,0.000414,172.31.40.0-255,66,27602,65,166293
8622,0.000419,172.217.194.0-255,2902,30504,65,166293
8623,0.000422,172.31.40.0-255,66,30570,65,166293
8624,0.000443,172.217.194.0-255,2902,33472,65,166293
8625,0.000446,172.31.40.0-255,66,33538,65,166293
8626,0.00045,172.217.194.0-255,2902,36440,65,166293
8627,0.000453,172.31.40.0-255,66,36506,65,166293
8628,0.000467,172.217.194.0-255,2543,39049,65,166293
8629,0.00047,172.31.40.0-255,66,39115,65,166293
8630,0.000473,172.217.194.0-255,1484,40599,65,166293
8631,0.000475,172.31.40.0-255,66,40665,65,166293
8632,0.0005,172.217.194.0-255,4320,44985,65,166293
8633,0.000503,172.31.40.0-255,66,45051,65,166293
8634,0.00051,172.217.194.0-255,7156,52207,65,166293
8635,0.000512,172.31.40.0-255,66,52273,65,166293
8636,0.000546,172.217.194.0-255,3961,56234,65,166293
8637,0.000549,172.31.40.0-255,66,56300,65,166293
8638,0.000656,172.217.194.0-255,1484,57784,65,166293
8639,0.000661,172.31.40.0-255,66,57850,65,166293
8640,0.000666,172.217.194.0-255,2902,60752,65,166293
8641,0.000681,172.217.194.0-255,4320,65072,65,166293
8642,0.000691,172.217.194.0-255,1484,66556,65,166293
8643,0.000696,172.217.194.0-255,2902,69458,65,166293
8644,0.00071,172.217.194.0-255,3961,73419,65,166293
8645,0.000717,172.31.40.0-255,66,73485,65,166293
8646,0.000754,172.217.194.0-255,4320,77805,65,166293
8647,0.000775,172.217.194.0-255,2902,80707,65,166293
8648,0.000778,172.217.194.0-255,1484,82191,65,166293
8649,0.000784,172.31.40.0-255,66,82257,65,166293
8650,0.000804,172.217.194.0-255,1484,83741,65,166293
8651,0.000828,172.217.194.0-255,6683,90424,65,166293
8652,0.000839,172.31.40.0-255,66,90490,65,166293
8653,0.00092,172.217.194.0-255,211,90701,65,166293
8654,0.001252,172.217.194.0-255,1484,92185,65,166293
8655,0.001257,172.31.40.0-255,66,92251,65,166293
8656,0.001281,172.217.194.0-255,2902,95153,65,166293
8657,0.001288,172.31.40.0-255,66,95219,65,166293
8658,0.001301,172.217.194.0-255,5738,100957,65,166293
8659,0.001304,172.217.194.0-255,1484,102441,65,166293
8660,0.001322,172.217.194.0-255,7156,109597,65,166293
8661,0.001336,172.31.40.0-255,66,109663,65,166293
8662,0.001393,172.31.40.0-255,66,109729,65,166293
8663,0.001623,172.217.194.0-255,1484,111213,65,166293
8664,0.001637,172.217.194.0-255,2902,114115,65,166293
8665,0.00164,172.31.40.0-255,66,114181,65,166293
8666,0.001655,172.217.194.0-255,1484,115665,65,166293
8667,0.00167,172.217.194.0-255,4320,119985,65,166293
8668,0.001681,172.31.40.0-255,66,120051,65,166293
8669,0.001689,172.217.194.0-255,1484,121535,65,166293
8670,0.001739,172.217.194.0-255,1484,123019,65,166293
8671,0.001742,172.31.40.0-255,66,123085,65,166293
8672,0.001773,172.217.194.0-255,2184,125269,65,166293
8673,0.001782,172.31.40.0-255,66,125335,65,166293
8674,0.003739,172.217.194.0-255,1484,126819,65,166293
8675,0.003745,172.31.40.0-255,66,126885,65,166293
8676,0.003765,172.217.194.0-255,4320,131205,65,166293
8677,0.003767,172.31.40.0-255,66,131271,65,166293
8678,0.005713,172.217.194.0-255,1484,132755,65,166293
8679,0.005716,172.31.40.0-255,66,132821,65,166293
8680,0.005745,172.217.194.0-255,4320,137141,65,166293
8681,0.005747,172.31.40.0-255,66,137207,65,166293
8682,0.007705,172.217.194.0-255,1484,138691,65,166293
8683,0.00773,172.217.194.0-255,4320,143011,65,166293
8684,0.007984,172.31.40.0-255,66,143077,65,166293
8685,0.009969,172.217.194.0-255,5738,148815,65,166293
8686,0.009976,172.31.40.0-255,66,148881,65,166293
8687,0.01194,172.217.194.0-255,5738,154619,65,166293
8688,0.015622,172.31.40.0-255,66,154685,65,166293
8689,0.017653,172.217.194.0-255,5738,160423,65,166293
8690,0.017665,172.31.40.0-255,66,160489,65,166293
8691,0.019652,172.217.194.0-255,5738,166227,65,166293
8692,0.019667,172.31.40.0-255,66,166293,65,166293
8693,0.0,172.217.194.0-255,150,150,65,131522
8694,1.5e-05,172.31.40.0-255,66,216,65,131522
8695,2.2e-05,172.217.194.0-255,1484,1700,65,131522
8696,2.9e-05,172.31.40.0-255,66,1766,65,131522
8697,4.1e-05,172.217.194.0-255,2902,4668,65,131522
8698,4.6e-05,172.31.40.0-255,66,4734,65,131522
8699,6.3e-05,172.217.194.0-255,4320,9054,65,131522
8700,6.6e-05,172.31.40.0-255,66,9120,65,131522
8701,8.9e-05,172.217.194.0-255,2902,12022,65,131522
8702,9.2e-05,172.31.40.0-255,66,12088,65,131522
8703,9.7e-05,172.217.194.0-255,2063,14151,65,131522
8704,9.9e-05,172.31.40.0-255,66,14217,65,131522
8705,0.000143,172.31.40.0-255,66,14283,65,131522
8706,0.000174,172.217.194.0-255,5379,19662,65,131522
8707,0.000177,172.31.40.0-255,66,19728,65,131522
8708,0.000259,172.217.194.0-255,1484,21212,65,131522
8709,0.000263,172.31.40.0-255,66,21278,65,131522
8710,0.000268,172.217.194.0-255,2902,24180,65,131522
8711,0.00027,172.31.40.0-255,66,24246,65,131522
8712,0.000276,172.217.194.0-255,4320,28566,65,131522
8713,0.000279,172.31.40.0-255,66,28632,65,131522
8714,0.000306,172.217.194.0-255,1484,30116,65,131522
8715,0.00031,172.31.40.0-255,66,30182,65,131522
8716,0.000345,172.217.194.0-255,6797,36979,65,131522
8717,0.000348,172.31.40.0-255,66,37045,65,131522
8718,0.000356,172.217.194.0-255,7156,44201,65,131522
8719,0.000358,172.31.40.0-255,66,44267,65,131522
8720,0.000385,172.31.40.0-255,66,44333,65,131522
8721,0.000416,172.217.194.0-255,409,44742,65,131522
8722,0.000418,172.31.40.0-255,66,44808,65,131522
8723,0.000519,172.217.194.0-255,364,45172,65,131522
8724,0.000694,172.217.194.0-255,1484,46656,65,131522
8725,0.000696,172.31.40.0-255,66,46722,65,131522
8726,0.00072,172.217.194.0-255,2902,49624,65,131522
8727,0.000723,172.31.40.0-255,66,49690,65,131522
8728,0.000728,172.217.194.0-255,5738,55428,65,131522
8729,0.00073,172.31.40.0-255,66,55494,65,131522
8730,0.000734,172.217.194.0-255,2902,58396,65,131522
8731,0.000736,172.31.40.0-255,66,58462,65,131522
8732,0.000765,172.217.194.0-255,4320,62782,65,131522
8733,0.000768,172.31.40.0-255,66,62848,65,131522
8734,0.000806,172.31.40.0-255,66,62914,65,131522
8735,0.000832,172.217.194.0-255,3602,66516,65,131522
8736,0.000834,172.31.40.0-255,66,66582,65,131522
8737,0.001629,172.217.194.0-255,1484,68066,65,131522
8738,0.001645,172.217.194.0-255,2902,70968,65,131522
8739,0.001647,172.31.40.0-255,66,71034,65,131522
8740,0.001651,172.217.194.0-255,1484,72518,65,131522
8741,0.001676,172.217.194.0-255,4320,76838,65,131522
8742,0.001678,172.31.40.0-255,66,76904,65,131522
8743,0.001683,172.217.194.0-255,2902,79806,65,131522
8744,0.001685,172.31.40.0-255,66,79872,65,131522
8745,0.001723,172.31.40.0-255,66,79938,65,131522
8746,0.00173,172.217.194.0-255,7156,87094,65,131522
8747,0.001733,172.31.40.0-255,66,87160,65,131522
8748,0.001761,172.217.194.0-255,3602,90762,65,131522
8749,0.001763,172.31.40.0-255,66,90828,65,131522
8750,0.002603,172.217.194.0-255,1484,92312,65,131522
8751,0.004349,172.217.194.0-255,4320,96632,65,131522
8752,0.004358,172.31.40.0-255,66,96698,65,131522
8753,0.006931,172.217.194.0-255,5738,102436,65,131522
8754,0.006939,172.31.40.0-255,66,102502,65,131522
8755,0.009522,172.217.194.0-255,5738,108240,65,131522
8756,0.009529,172.31.40.0-255,66,108306,65,131522
8757,0.01211,172.217.194.0-255,5738,114044,65,131522
8758,0.012117,172.31.40.0-255,66,114110,65,131522
8759,0.014712,172.217.194.0-255,5738,119848,65,131522
8760,0.014722,172.31.40.0-255,66,119914,65,131522
8761,0.01729,172.217.194.0-255,5738,125652,65,131522
8762,0.017301,172.31.40.0-255,66,125718,65,131522
8763,0.019885,172.217.194.0-255,5738,131456,65,131522
8764,0.019894,172.31.40.0-255,66,131522,65,131522
8765,0.0,172.217.194.0-255,149,149,65,202148
8766,2.3e-05,172.31.40.0-255,66,215,65,202148
8767,2.9e-05,172.217.194.0-255,1484,1699,65,202148
8768,3.4e-05,172.31.40.0-255,66,1765,65,202148
8769,4e-05,172.217.194.0-255,2902,4667,65,202148
8770,5e-05,172.31.40.0-255,66,4733,65,202148
8771,5.8e-05,172.217.194.0-255,7156,11889,65,202148
8772,6.1e-05,172.31.40.0-255,66,11955,65,202148
8773,6.6e-05,172.217.194.0-255,2093,14048,65,202148
8774,6.9e-05,172.31.40.0-255,66,14114,65,202148
8775,0.0001,172.217.194.0-255,5738,19852,65,202148
8776,0.000104,172.31.40.0-255,66,19918,65,202148
8777,0.000129,172.217.194.0-255,5738,25656,65,202148
8778,0.000132,172.31.40.0-255,66,25722,65,202148
8779,0.000143,172.31.40.0-255,66,25788,65,202148
8780,0.000175,172.217.194.0-255,2902,28690,65,202148
8781,0.000177,172.31.40.0-255,66,28756,65,202148
8782,0.000221,172.31.40.0-255,66,28822,65,202148
8783,0.000236,172.31.40.0-255,66,28888,65,202148
8784,0.00024,172.217.194.0-255,2839,31727,65,202148
8785,0.000242,172.31.40.0-255,66,31793,65,202148
8786,0.000258,172.217.194.0-255,7156,38949,65,202148
8787,0.00026,172.31.40.0-255,66,39015,65,202148
8788,0.000291,172.31.40.0-255,66,39081,65,202148
8789,0.000298,172.217.194.0-255,7156,46237,65,202148
8790,0.000306,172.31.40.0-255,66,46303,65,202148
8791,0.000343,172.31.40.0-255,66,46369,65,202148
8792,0.000345,172.217.194.0-255,1125,47494,65,202148
8793,0.000896,172.217.194.0-255,1484,48978,65,202148
8794,0.000902,172.217.194.0-255,2902,51880,65,202148
8795,0.000908,172.31.40.0-255,66,51946,65,202148
8796,0.000917,172.31.40.0-255,66,52012,65,202148
8797,0.000927,172.217.194.0-255,4320,56332,65,202148
8798,0.000929,172.31.40.0-255,66,56398,65,202148
8799,0.000969,172.217.194.0-255,1484,57882,65,202148
8800,0.000988,172.31.40.0-255,66,57948,65,202148
8801,0.000995,172.217.194.0-255,5738,63686,65,202148
8802,0.000997,172.31.40.0-255,66,63752,65,202148
8803,0.001028,172.217.194.0-255,5020,68772,65,202148
8804,0.001035,172.31.40.0-255,66,68838,65,202148
8805,0.001163,172.217.194.0-255,1484,70322,65,202148
8806,0.001169,172.217.194.0-255,2902,73224,65,202148
8807,0.001172,172.31.40.0-255,66,73290,65,202148
8808,0.001175,172.217.194.0-255,1484,74774,65,202148
8809,0.001202,172.217.194.0-255,4320,79094,65,202148
8810,0.001204,172.31.40.0-255,66,79160,65,202148
8811,0.00121,172.217.194.0-255,4320,83480,65,202148
8812,0.001213,172.31.40.0-255,66,83546,65,202148
8813,0.001245,172.31.40.0-255,66,83612,65,202148
8814,0.001256,172.31.40.0-255,66,83678,65,202148
8815,0.001278,172.217.194.0-255,2184,85862,65,202148
8816,0.001283,172.217.194.0-255,2902,88764,65,202148
8817,0.001285,172.217.194.0-255,1484,90248,65,202148
8818,0.001307,172.217.194.0-255,5738,95986,65,202148
8819,0.001321,172.217.194.0-255,1484,97470,65,202148
8820,0.001324,172.31.40.0-255,66,97536,65,202148
8821,0.001367,172.217.194.0-255,1484,99020,65,202148
8822,0.001372,172.217.194.0-255,4320,103340,65,202148
8823,0.001383,172.31.40.0-255,66,103406,65,202148
8824,0.001392,172.217.194.0-255,2184,105590,65,202148
8825,0.001397,172.31.40.0-255,66,105656,65,202148
8826,0.001472,172.217.194.0-255,1484,107140,65,202148
8827,0.001476,172.217.194.0-255,1484,108624,65,202148
8828,0.001488,172.217.194.0-255,1484,110108,65,202148
8829,0.001493,172.31.40.0-255,66,110174,65,202148
8830,0.001522,172.217.194.0-255,5738,115912,65,202148
8831,0.001539,172.217.194.0-255,2902,118814,65,202148
8832,0.001595,172.31.40.0-255,66,118880,65,202148
8833,0.001651,172.31.40.0-255,66,118946,65,202148
8834,0.001711,172.217.194.0-255,1484,120430,65,202148
8835,0.001717,172.217.194.0-255,2902,123332,65,202148
8836,0.001735,172.217.194.0-255,5738,129070,65,202148
8837,0.001741,172.31.40.0-255,66,129136,65,202148
8838,0.001786,172.31.40.0-255,66,129202,65,202148
8839,0.001816,172.217.194.0-255,5738,134940,65,202148
8840,0.001849,172.31.40.0-255,66,135006,65,202148
8841,0.002052,172.217.194.0-255,1484,136490,65,202148
8842,0.002071,172.217.194.0-255,2902,139392,65,202148
8843,0.002074,172.31.40.0-255,66,139458,65,202148
8844,0.00208,172.217.194.0-255,2902,142360,65,202148
8845,0.002097,172.217.194.0-255,2902,145262,65,202148
8846,0.002101,172.217.194.0-255,2902,148164,65,202148
8847,0.002119,172.217.194.0-255,2902,151066,65,202148
8848,0.002126,172.31.40.0-255,66,151132,65,202148
8849,0.002139,172.217.194.0-255,7156,158288,65,202148
8850,0.002164,172.31.40.0-255,66,158354,65,202148
8851,0.002197,172.31.40.0-255,66,158420,65,202148
8852,0.00432,172.217.194.0-255,5738,164158,65,202148
8853,0.004327,172.31.40.0-255,66,164224,65,202148
8854,0.006451,172.217.194.0-255,4320,168544,65,202148
8855,0.006454,172.31.40.0-255,66,168610,65,202148
8856,0.006494,172.217.194.0-255,1484,170094,65,202148
8857,0.008591,172.217.194.0-255,4320,174414,65,202148
8858,0.008596,172.31.40.0-255,66,174480,65,202148
8859,0.010711,172.217.194.0-255,5738,180218,65,202148
8860,0.010718,172.31.40.0-255,66,180284,65,202148
8861,0.01287,172.217.194.0-255,5738,186022,65,202148
8862,0.012878,172.31.40.0-255,66,186088,65,202148
8863,0.015028,172.217.194.0-255,5738,191826,65,202148
8864,0.015036,172.31.40.0-255,66,191892,65,202148
8865,0.017175,172.217.194.0-255,4320,196212,65,202148
8866,0.017185,172.31.40.0-255,66,196278,65,202148
8867,0.017221,172.217.194.0-255,1484,197762,65,202148
8868,0.019317,172.217.194.0-255,4320,202082,65,202148
8869,0.019326,172.31.40.0-255,66,202148,65,202148
8870,0.0,172.217.194.0-255,153,153,65,159861
8871,2.5e-05,172.31.40.0-255,66,219,65,159861
8872,3.2e-05,172.217.194.0-255,1484,1703,65,159861
8873,3.7e-05,172.31.40.0-255,66,1769,65,159861
8874,4.3e-05,172.217.194.0-255,2902,4671,65,159861
8875,5.6e-05,172.31.40.0-255,66,4737,65,159861
8876,6.4e-05,172.217.194.0-255,7156,11893,65,159861
8877,6.8e-05,172.31.40.0-255,66,11959,65,159861
8878,7.2e-05,172.217.194.0-255,2094,14053,65,159861
8879,7.4e-05,172.31.40.0-255,66,14119,65,159861
8880,0.000382,172.217.194.0-255,1484,15603,65,159861
8881,0.000388,172.31.40.0-255,66,15669,65,159861
8882,0.000395,172.217.194.0-255,2902,18571,65,159861
8883,0.000398,172.31.40.0-255,66,18637,65,159861
8884,0.00041,172.217.194.0-255,5738,24375,65,159861
8885,0.000412,172.31.40.0-255,66,24441,65,159861
8886,0.000415,172.217.194.0-255,1484,25925,65,159861
8887,0.000417,172.31.40.0-255,66,25991,65,159861
8888,0.000451,172.217.194.0-255,7156,33147,65,159861
8889,0.00046,172.31.40.0-255,66,33213,65,159861
8890,0.000472,172.217.194.0-255,2543,35756,65,159861
8891,0.00048,172.31.40.0-255,66,35822,65,159861
8892,0.000492,172.31.40.0-255,66,35888,65,159861
8893,0.000526,172.217.194.0-255,7156,43044,65,159861
8894,0.00053,172.31.40.0-255,66,43110,65,159861
8895,0.000567,172.31.40.0-255,66,43176,65,159861
8896,0.000569,172.217.194.0-255,339,43515,65,159861
8897,0.000572,172.31.40.0-255,66,43581,65,159861
8898,0.001484,172.217.194.0-255,118,43699,65,159861
8899,0.001491,172.31.40.0-255,66,43765,65,159861
8900,0.001535,172.217.194.0-255,1484,45249,65,159861
8901,0.001542,172.217.194.0-255,2902,48151,65,159861
8902,0.001545,172.31.40.0-255,66,48217,65,159861
8903,0.001551,172.217.194.0-255,2902,51119,65,159861
8904,0.001553,172.31.40.0-255,66,51185,65,159861
8905,0.001579,172.217.194.0-255,4320,55505,65,159861
8906,0.001582,172.31.40.0-255,66,55571,65,159861
8907,0.0016,172.31.40.0-255,66,55637,65,159861
8908,0.001624,172.217.194.0-255,2902,58539,65,159861
8909,0.001626,172.31.40.0-255,66,58605,65,159861
8910,0.001665,172.31.40.0-255,66,58671,65,159861
8911,0.001786,172.217.194.0-255,1484,60155,65,159861
8912,0.001794,172.217.194.0-255,2902,63057,65,159861
8913,0.001797,172.31.40.0-255,66,63123,65,159861
8914,0.001802,172.217.194.0-255,2902,66025,65,159861
8915,0.001804,172.31.40.0-255,66,66091,65,159861
8916,0.00184,172.217.194.0-255,2902,68993,65,159861
8917,0.001843,172.31.40.0-255,66,69059,65,159861
8918,0.001856,172.31.40.0-255,66,69125,65,159861
8919,0.001874,172.31.40.0-255,66,69191,65,159861
8920,0.001904,172.217.194.0-255,1484,70675,65,159861
8921,0.001909,172.217.194.0-255,2902,73577,65,159861
8922,0.001912,172.31.40.0-255,66,73643,65,159861
8923,0.001916,172.217.194.0-255,1484,75127,65,159861
8924,0.001944,172.217.194.0-255,4320,79447,65,159861
8925,0.001947,172.31.40.0-255,66,79513,65,159861
8926,0.001962,172.31.40.0-255,66,79579,65,159861
8927,0.002001,172.31.40.0-255,66,79645,65,159861
8928,0.002248,172.217.194.0-255,1484,81129,65,159861
8929,0.002254,172.217.194.0-255,2902,84031,65,159861
8930,0.002256,172.31.40.0-255,66,84097,65,159861
8931,0.002259,172.217.194.0-255,1484,85581,65,159861
8932,0.00228,172.217.194.0-255,4320,89901,65,159861
8933,0.002282,172.31.40.0-255,66,89967,65,159861
8934,0.002289,172.217.194.0-255,5738,95705,65,159861
8935,0.002292,172.31.40.0-255,66,95771,65,159861
8936,0.002342,172.31.40.0-255,66,95837,65,159861
8937,0.002347,172.217.194.0-255,5020,100857,65,159861
8938,0.00235,172.31.40.0-255,66,100923,65,159861
8939,0.002385,172.217.194.0-255,5738,106661,65,159861
8940,0.002387,172.31.40.0-255,66,106727,65,159861
8941,0.00239,172.217.194.0-255,1484,108211,65,159861
8942,0.002421,172.217.194.0-255,5738,113949,65,159861
8943,0.002424,172.31.40.0-255,66,114015,65,159861
8944,0.002427,172.217.194.0-255,1484,115499,65,159861
8945,0.002465,172.31.40.0-255,66,115565,65,159861
8946,0.002497,172.217.194.0-255,7156,122721,65,159861
8947,0.0025,172.31.40.0-255,66,122787,65,159861
8948,0.002516,172.217.194.0-255,2184,124971,65,159861
8949,0.002519,172.31.40.0-255,66,125037,65,159861
8950,0.005153,172.217.194.0-255,5738,130775,65,159861
8951,0.005158,172.31.40.0-255,66,130841,65,159861
8952,0.007838,172.217.194.0-255,5738,136579,65,159861
8953,0.007844,172.31.40.0-255,66,136645,65,159861
8954,0.010562,172.217.194.0-255,5738,142383,65,159861
8955,0.01057,172.31.40.0-255,66,142449,65,159861
8956,0.013248,172.217.194.0-255,5738,148187,65,159861
8957,0.013256,172.31.40.0-255,66,148253,65,159861
8958,0.015946,172.217.194.0-255,5738,153991,65,159861
8959,0.015955,172.31.40.0-255,66,154057,65,159861
8960,0.018662,172.217.194.0-255,5738,159795,65,159861
8961,0.018674,172.31.40.0-255,66,159861,65,159861
8962,0.0,172.217.194.0-255,153,153,65,202884
8963,2.6e-05,172.31.40.0-255,66,219,65,202884
8964,3.3e-05,172.217.194.0-255,1484,1703,65,202884
8965,3.8e-05,172.31.40.0-255,66,1769,65,202884
8966,4.4e-05,172.217.194.0-255,2902,4671,65,202884
8967,4.9e-05,172.31.40.0-255,66,4737,65,202884
8968,5.6e-05,172.217.194.0-255,5738,10475,65,202884
8969,5.8e-05,172.31.40.0-255,66,10541,65,202884
8970,7.8e-05,172.217.194.0-255,1484,12025,65,202884
8971,8.1e-05,172.31.40.0-255,66,12091,65,202884
8972,0.000119,172.31.40.0-255,66,12157,65,202884
8973,0.00016,172.31.40.0-255,66,12223,65,202884
8974,0.000178,172.217.194.0-255,1484,13707,65,202884
8975,0.00018,172.31.40.0-255,66,13773,65,202884
8976,0.000202,172.217.194.0-255,2902,16675,65,202884
8977,0.000204,172.31.40.0-255,66,16741,65,202884
8978,0.000211,172.217.194.0-255,5738,22479,65,202884
8979,0.000213,172.31.40.0-255,66,22545,65,202884
8980,0.000248,172.31.40.0-255,66,22611,65,202884
8981,0.000259,172.31.40.0-255,66,22677,65,202884
8982,0.000279,172.217.194.0-255,4212,26889,65,202884
8983,0.000281,172.31.40.0-255,66,26955,65,202884
8984,0.000302,172.217.194.0-255,119,27074,65,202884
8985,0.000304,172.31.40.0-255,66,27140,65,202884
8986,0.000333,172.217.194.0-255,1484,28624,65,202884
8987,0.000335,172.31.40.0-255,66,28690,65,202884
8988,0.00034,172.217.194.0-255,2902,31592,65,202884
8989,0.000343,172.31.40.0-255,66,31658,65,202884
8990,0.000375,172.217.194.0-255,7156,38814,65,202884
8991,0.000378,172.31.40.0-255,66,38880,65,202884
8992,0.000384,172.217.194.0-255,5379,44259,65,202884
8993,0.000386,172.31.40.0-255,66,44325,65,202884
8994,0.000414,172.217.194.0-255,5738,50063,65,202884
8995,0.000416,172.31.40.0-255,66,50129,65,202884
8996,0.000421,172.217.194.0-255,2902,53031,65,202884
8997,0.000423,172.31.40.0-255,66,53097,65,202884
8998,0.000457,172.31.40.0-255,66,53163,65,202884
8999,0.000517,172.217.194.0-255,1484,54647,65,202884
9000,0.000523,172.217.194.0-255,2902,57549,65,202884
9001,0.000526,172.31.40.0-255,66,57615,65,202884
9002,0.000529,172.217.194.0-255,1484,59099,65,202884
9003,0.000549,172.217.194.0-255,4320,63419,65,202884
9004,0.000552,172.31.40.0-255,66,63485,65,202884
9005,0.000557,172.217.194.0-255,4320,67805,65,202884
9006,0.00056,172.31.40.0-255,66,67871,65,202884
9007,0.000583,172.31.40.0-255,66,67937,65,202884
9008,0.000596,172.31.40.0-255,66,68003,65,202884
9009,0.000631,172.217.194.0-255,2902,70905,65,202884
9010,0.000633,172.31.40.0-255,66,70971,65,202884
9011,0.000661,172.31.40.0-255,66,71037,65,202884
9012,0.000664,172.217.194.0-255,1484,72521,65,202884
9013,0.00068,172.31.40.0-255,66,72587,65,202884
9014,0.000698,172.217.194.0-255,6438,79025,65,202884
9015,0.000701,172.31.40.0-255,66,79091,65,202884
9016,0.000753,172.217.194.0-255,1484,80575,65,202884
9017,0.000773,172.217.194.0-255,2902,83477,65,202884
9018,0.000775,172.31.40.0-255,66,83543,65,202884
9019,0.000782,172.217.194.0-255,5738,89281,65,202884
9020,0.000784,172.31.40.0-255,66,89347,65,202884
9021,0.000787,172.217.194.0-255,1484,90831,65,202884
9022,0.000815,172.31.40.0-255,66,90897,65,202884
9023,0.000831,172.217.194.0-255,1484,92381,65,202884
9024,0.000847,172.217.194.0-255,7156,99537,65,202884
9025,0.00085,172.31.40.0-255,66,99603,65,202884
9026,0.000865,172.217.194.0-255,5020,104623,65,202884
9027,0.000869,172.31.40.0-255,66,104689,65,202884
9028,0.000952,172.217.194.0-255,1484,106173,65,202884
9029,0.000988,172.217.194.0-255,1484,107657,65,202884
9030,0.000991,172.31.40.0-255,66,107723,65,202884
9031,0.001012,172.217.194.0-255,1484,109207,65,202884
9032,0.001018,172.217.194.0-255,5738,114945,65,202884
9033,0.001021,172.31.40.0-255,66,115011,65,202884
9034,0.001028,172.217.194.0-255,5738,120749,65,202884
9035,0.001031,172.31.40.0-255,66,120815,65,202884
9036,0.001044,172.31.40.0-255,66,120881,65,202884
9037,0.001051,172.217.194.0-255,5020,125901,65,202884
9038,0.001053,172.31.40.0-255,66,125967,65,202884
9039,0.001074,172.217.194.0-255,5738,131705,65,202884
9040,0.001077,172.31.40.0-255,66,131771,65,202884
9041,0.00108,172.217.194.0-255,1484,133255,65,202884
9042,0.001104,172.217.194.0-255,4320,137575,65,202884
9043,0.001107,172.31.40.0-255,66,137641,65,202884
9044,0.001109,172.217.194.0-255,1484,139125,65,202884
9045,0.001141,172.31.40.0-255,66,139191,65,202884
9046,0.001154,172.217.194.0-255,1484,140675,65,202884
9047,0.001187,172.217.194.0-255,4320,144995,65,202884
9048,0.001196,172.31.40.0-255,66,145061,65,202884
9049,0.001216,172.217.194.0-255,5738,150799,65,202884
9050,0.001219,172.217.194.0-255,1484,152283,65,202884
9051,0.001225,172.217.194.0-255,4320,156603,65,202884
9052,0.001249,172.217.194.0-255,2902,159505,65,202884
9053,0.001254,172.31.40.0-255,66,159571,65,202884
9054,0.001267,172.217.194.0-255,6438,166009,65,202884
9055,0.001288,172.31.40.0-255,66,166075,65,202884
9056,0.001307,172.217.194.0-255,1484,167559,65,202884
9057,0.00131,172.217.194.0-255,1484,169043,65,202884
9058,0.00132,172.31.40.0-255,66,169109,65,202884
9059,0.001323,172.217.194.0-255,1484,170593,65,202884
9060,0.001327,172.217.194.0-255,2902,173495,65,202884
9061,0.001337,172.31.40.0-255,66,173561,65,202884
9062,0.001342,172.217.194.0-255,2902,176463,65,202884
9063,0.001379,172.31.40.0-255,66,176529,65,202884
9064,0.001396,172.217.194.0-255,1484,178013,65,202884
9065,0.00144,172.217.194.0-255,5020,183033,65,202884
9066,0.001448,172.217.194.0-255,7156,190189,65,202884
9067,0.001455,172.31.40.0-255,66,190255,65,202884
9068,0.001491,172.31.40.0-255,66,190321,65,202884
9069,0.001502,172.217.194.0-255,5738,196059,65,202884
9070,0.001507,172.31.40.0-255,66,196125,65,202884
9071,0.00154,172.31.40.0-255,66,196191,65,202884
9072,0.001608,172.31.40.0-255,66,196257,65,202884
9073,0.001619,172.217.194.0-255,2902,199159,65,202884
9074,0.001624,172.217.194.0-255,3216,202375,65,202884
9075,0.001627,172.217.194.0-255,105,202480,65,202884
9076,0.00165,172.31.40.0-255,66,202546,65,202884
9077,0.003239,172.31.40.0-255,101,202647,65,202884
9078,0.005406,172.217.194.0-255,66,202713,65,202884
9079,0.011439,172.31.40.0-255,105,202818,65,202884
9080,0.013568,172.217.194.0-255,66,202884,65,202884
9081,0.0,172.31.40.0-255,158,158,65,224
9082,0.006626,172.217.194.0-255,66,224,65,224
9083,0.0,74.125.68.0-255,143,143,65,223016
9084,3.3e-05,172.31.40.0-255,66,209,65,223016
9085,4.1e-05,74.125.68.0-255,1484,1693,65,223016
9086,4.6e-05,172.31.40.0-255,66,1759,65,223016
9087,5.1e-05,74.125.68.0-255,2902,4661,65,223016
9088,5.3e-05,172.31.40.0-255,66,4727,65,223016
9089,5.8e-05,74.125.68.0-255,2902,7629,65,223016
9090,6e-05,172.31.40.0-255,66,7695,65,223016
9091,7.6e-05,74.125.68.0-255,2902,10597,65,223016
9092,7.8e-05,172.31.40.0-255,66,10663,65,223016
9093,8.3e-05,74.125.68.0-255,3456,14119,65,223016
9094,8.5e-05,172.31.40.0-255,66,14185,65,223016
9095,0.000125,74.125.68.0-255,2902,17087,65,223016
9096,0.000128,172.31.40.0-255,66,17153,65,223016
9097,0.000131,74.125.68.0-255,1484,18637,65,223016
9098,0.000134,172.31.40.0-255,66,18703,65,223016
9099,0.000161,74.125.68.0-255,2902,21605,65,223016
9100,0.000165,172.31.40.0-255,66,21671,65,223016
9101,0.00017,74.125.68.0-255,4320,25991,65,223016
9102,0.000172,172.31.40.0-255,66,26057,65,223016
9103,0.0002,74.125.68.0-255,4320,30377,65,223016
9104,0.000203,172.31.40.0-255,66,30443,65,223016
9105,0.000206,74.125.68.0-255,1125,31568,65,223016
9106,0.000208,172.31.40.0-255,66,31634,65,223016
9107,0.000311,74.125.68.0-255,1484,33118,65,223016
9108,0.000315,172.31.40.0-255,66,33184,65,223016
9109,0.000328,74.125.68.0-255,1484,34668,65,223016
9110,0.000331,172.31.40.0-255,66,34734,65,223016
9111,0.000348,74.125.68.0-255,1484,36218,65,223016
9112,0.000351,172.31.40.0-255,66,36284,65,223016
9113,0.000354,74.125.68.0-255,1484,37768,65,223016
9114,0.000357,172.31.40.0-255,66,37834,65,223016
9115,0.000363,74.125.68.0-255,5738,43572,65,223016
9116,0.000366,172.31.40.0-255,66,43638,65,223016
9117,0.000407,172.31.40.0-255,66,43704,65,223016
9118,0.00041,74.125.68.0-255,1484,45188,65,223016
9119,0.000431,74.125.68.0-255,7156,52344,65,223016
9120,0.000435,172.31.40.0-255,66,52410,65,223016
9121,0.000454,74.125.68.0-255,1484,53894,65,223016
9122,0.000459,74.125.68.0-255,2543,56437,65,223016
9123,0.000461,172.31.40.0-255,66,56503,65,223016
9124,0.000464,74.125.68.0-255,397,56900,65,223016
9125,0.000514,74.125.68.0-255,110,57010,65,223016
9126,0.000671,74.125.68.0-255,1484,58494,65,223016
9127,0.000675,172.31.40.0-255,66,58560,65,223016
9128,0.00068,74.125.68.0-255,1484,60044,65,223016
9129,0.000694,74.125.68.0-255,1484,61528,65,223016
9130,0.000696,172.31.40.0-255,66,61594,65,223016
9131,0.000702,74.125.68.0-255,4320,65914,65,223016
9132,0.000704,172.31.40.0-255,66,65980,65,223016
9133,0.000751,74.125.68.0-255,2902,68882,65,223016
9134,0.000755,172.31.40.0-255,66,68948,65,223016
9135,0.000774,74.125.68.0-255,5379,74327,65,223016
9136,0.000776,172.31.40.0-255,66,74393,65,223016
9137,0.00079,74.125.68.0-255,1484,75877,65,223016
9138,0.000817,74.125.68.0-255,4320,80197,65,223016
9139,0.00082,172.31.40.0-255,66,80263,65,223016
9140,0.000828,74.125.68.0-255,7156,87419,65,223016
9141,0.00083,172.31.40.0-255,66,87485,65,223016
9142,0.000833,74.125.68.0-255,1484,88969,65,223016
9143,0.000853,74.125.68.0-255,2543,91512,65,223016
9144,0.000858,172.31.40.0-255,66,91578,65,223016
9145,0.001066,74.125.68.0-255,1484,93062,65,223016
9146,0.001084,74.125.68.0-255,2902,95964,65,223016
9147,0.001087,172.31.40.0-255,66,96030,65,223016
9148,0.001104,74.125.68.0-255,5738,101768,65,223016
9149,0.001107,172.31.40.0-255,66,101834,65,223016
9150,0.001142,172.31.40.0-255,66,101900,65,223016
9151,0.001165,74.125.68.0-255,5738,107638,65,223016
9152,0.001167,172.31.40.0-255,66,107704,65,223016
9153,0.001195,74.125.68.0-255,6438,114142,65,223016
9154,0.001198,172.31.40.0-255,66,114208,65,223016
9155,0.001293,74.125.68.0-255,1484,115692,65,223016
9156,0.0013,74.125.68.0-255,2902,118594,65,223016
9157,0.001303,172.31.40.0-255,66,118660,65,223016
9158,0.001325,74.125.68.0-255,5738,124398,65,223016
9159,0.001329,172.31.40.0-255,66,124464,65,223016
9160,0.001333,74.125.68.0-255,1484,125948,65,223016
9161,0.001363,74.125.68.0-255,1484,127432,65,223016
9162,0.001366,172.31.40.0-255,66,127498,65,223016
9163,0.001372,74.125.68.0-255,4320,131818,65,223016
9164,0.001374,172.31.40.0-255,66,131884,65,223016
9165,0.001383,172.31.40.0-255,66,131950,65,223016
9166,0.001387,74.125.68.0-255,2902,134852,65,223016
9167,0.001391,172.31.40.0-255,66,134918,65,223016
9168,0.001438,74.125.68.0-255,2902,137820,65,223016
9169,0.001441,172.31.40.0-255,66,137886,65,223016
9170,0.001464,74.125.68.0-255,2184,140070,65,223016
9171,0.001467,172.31.40.0-255,66,140136,65,223016
9172,0.001858,74.125.68.0-255,1484,141620,65,223016
9173,0.001866,74.125.68.0-255,1484,143104,65,223016
9174,0.00187,172.31.40.0-255,66,143170,65,223016
9175,0.001896,74.125.68.0-255,1484,144654,65,223016
9176,0.001903,74.125.68.0-255,4320,148974,65,223016
9177,0.001905,172.31.40.0-255,66,149040,65,223016
9178,0.001915,172.31.40.0-255,66,149106,65,223016
9179,0.001918,74.125.68.0-255,1484,150590,65,223016
9180,0.001945,74.125.68.0-255,4320,154910,65,223016
9181,0.001947,172.31.40.0-255,66,154976,65,223016
9182,0.001951,74.125.68.0-255,2902,157878,65,223016
9183,0.001953,172.31.40.0-255,66,157944,65,223016
9184,0.001968,74.125.68.0-255,4320,162264,65,223016
9185,0.001971,172.31.40.0-255,66,162330,65,223016
9186,0.001992,74.125.68.0-255,1484,163814,65,223016
9187,0.00201,74.125.68.0-255,2184,165998,65,223016
9188,0.002013,172.31.40.0-255,66,166064,65,223016
9189,0.002238,74.125.68.0-255,1484,167548,65,223016
9190,0.002245,74.125.68.0-255,2902,170450,65,223016
9191,0.002249,172.31.40.0-255,66,170516,65,223016
9192,0.002288,74.125.68.0-255,5738,176254,65,223016
9193,0.002291,172.31.40.0-255,66,176320,65,223016
9194,0.002297,74.125.68.0-255,5738,182058,65,223016
9195,0.002298,172.31.40.0-255,66,182124,65,223016
9196,0.002315,74.125.68.0-255,1484,183608,65,223016
9197,0.002325,172.31.40.0-255,66,183674,65,223016
9198,0.00236,172.31.40.0-255,66,183740,65,223016
9199,0.004684,74.125.68.0-255,5738,189478,65,223016
9200,0.004689,172.31.40.0-255,66,189544,65,223016
9201,0.007014,74.125.68.0-255,4320,193864,65,223016
9202,0.007018,172.31.40.0-255,66,193930,65,223016
9203,0.007052,74.125.68.0-255,1484,195414,65,223016
9204,0.009361,74.125.68.0-255,4320,199734,65,223016
9205,0.009368,172.31.40.0-255,66,199800,65,223016
9206,0.011702,74.125.68.0-255,5738,205538,65,223016
9207,0.01171,172.31.40.0-255,66,205604,65,223016
9208,0.014051,74.125.68.0-255,5738,211342,65,223016
9209,0.014057,172.31.40.0-255,66,211408,65,223016
9210,0.016395,74.125.68.0-255,5738,217146,65,223016
9211,0.016403,172.31.40.0-255,66,217212,65,223016
9212,0.018738,74.125.68.0-255,5738,222950,65,223016
9213,0.018746,172.31.40.0-255,66,223016,65,223016
9214,0.0,172.253.118.0-255,148,148,65,299554
9215,2.4e-05,172.31.40.0-255,66,214,65,299554
9216,3.1e-05,172.253.118.0-255,1484,1698,65,299554
9217,3.6e-05,172.31.40.0-255,66,1764,65,299554
9218,4.1e-05,172.253.118.0-255,2902,4666,65,299554
9219,4.4e-05,172.31.40.0-255,66,4732,65,299554
9220,5.2e-05,172.253.118.0-255,7156,11888,65,299554
9221,5.4e-05,172.31.40.0-255,66,11954,65,299554
9222,7.9e-05,172.253.118.0-255,2127,14081,65,299554
9223,8.2e-05,172.31.40.0-255,66,14147,65,299554
9224,0.000119,172.253.118.0-255,2902,17049,65,299554
9225,0.000122,172.31.40.0-255,66,17115,65,299554
9226,0.000125,172.253.118.0-255,1484,18599,65,299554
9227,0.000127,172.31.40.0-255,66,18665,65,299554
9228,0.000141,172.253.118.0-255,2902,21567,65,299554
9229,0.000143,172.31.40.0-255,66,21633,65,299554
9230,0.000146,172.253.118.0-255,1484,23117,65,299554
9231,0.000148,172.31.40.0-255,66,23183,65,299554
9232,0.000179,172.253.118.0-255,7156,30339,65,299554
9233,0.000182,172.31.40.0-255,66,30405,65,299554
9234,0.000185,172.253.118.0-255,1125,31530,65,299554
9235,0.000187,172.31.40.0-255,66,31596,65,299554
9236,0.000221,172.253.118.0-255,1484,33080,65,299554
9237,0.000223,172.31.40.0-255,66,33146,65,299554
9238,0.000228,172.253.118.0-255,2902,36048,65,299554
9239,0.00023,172.31.40.0-255,66,36114,65,299554
9240,0.000247,172.253.118.0-255,5738,41852,65,299554
9241,0.00025,172.31.40.0-255,66,41918,65,299554
9242,0.000272,172.253.118.0-255,2902,44820,65,299554
9243,0.000274,172.31.40.0-255,66,44886,65,299554
9244,0.000301,172.253.118.0-255,3961,48847,65,299554
9245,0.000303,172.31.40.0-255,66,48913,65,299554
9246,0.000541,172.253.118.0-255,1484,50397,65,299554
9247,0.000549,172.253.118.0-255,2902,53299,65,299554
9248,0.000553,172.31.40.0-255,66,53365,65,299554
9249,0.000579,172.253.118.0-255,5738,59103,65,299554
9250,0.000582,172.31.40.0-255,66,59169,65,299554
9251,0.000586,172.253.118.0-255,2902,62071,65,299554
9252,0.000588,172.31.40.0-255,66,62137,65,299554
9253,0.000594,172.253.118.0-255,3961,66098,65,299554
9254,0.000596,172.31.40.0-255,66,66164,65,299554
9255,0.000619,172.253.118.0-255,1484,67648,65,299554
9256,0.000639,172.253.118.0-255,4320,71968,65,299554
9257,0.000642,172.31.40.0-255,66,72034,65,299554
9258,0.000649,172.253.118.0-255,7156,79190,65,299554
9259,0.000651,172.31.40.0-255,66,79256,65,299554
9260,0.000686,172.253.118.0-255,4542,83798,65,299554
9261,0.000689,172.31.40.0-255,66,83864,65,299554
9262,0.000721,172.253.118.0-255,5738,89602,65,299554
9263,0.000724,172.31.40.0-255,66,89668,65,299554
9264,0.000728,172.253.118.0-255,2902,92570,65,299554
9265,0.00073,172.31.40.0-255,66,92636,65,299554
9266,0.00075,172.253.118.0-255,5738,98374,65,299554
9267,0.000752,172.31.40.0-255,66,98440,65,299554
9268,0.0008,172.253.118.0-255,4320,102760,65,299554
9269,0.000803,172.31.40.0-255,66,102826,65,299554
9270,0.000819,172.253.118.0-255,2543,105369,65,299554
9271,0.000826,172.253.118.0-255,7156,112525,65,299554
9272,0.000832,172.253.118.0-255,4714,117239,65,299554
9273,0.000836,172.31.40.0-255,66,117305,65,299554
9274,0.000841,172.31.40.0-255,66,117371,65,299554
9275,0.000843,172.31.40.0-255,66,117437,65,299554
9276,0.001088,172.253.118.0-255,1484,118921,65,299554
9277,0.001095,172.253.118.0-255,2902,121823,65,299554
9278,0.001098,172.31.40.0-255,66,121889,65,299554
9279,0.001117,172.253.118.0-255,4320,126209,65,299554
9280,0.00112,172.31.40.0-255,66,126275,65,299554
9281,0.001141,172.253.118.0-255,1484,127759,65,299554
9282,0.001144,172.253.118.0-255,1484,129243,65,299554
9283,0.001146,172.31.40.0-255,66,129309,65,299554
9284,0.001177,172.253.118.0-255,4320,133629,65,299554
9285,0.001179,172.31.40.0-255,66,133695,65,299554
9286,0.0012,172.253.118.0-255,1821,135516,65,299554
9287,0.001203,172.31.40.0-255,66,135582,65,299554
9288,0.001225,172.253.118.0-255,4320,139902,65,299554
9289,0.001228,172.31.40.0-255,66,139968,65,299554
9290,0.001247,172.253.118.0-255,2902,142870,65,299554
9291,0.00125,172.31.40.0-255,66,142936,65,299554
9292,0.001261,172.31.40.0-255,66,143002,65,299554
9293,0.001311,172.31.40.0-255,66,143068,65,299554
9294,0.001314,172.253.118.0-255,766,143834,65,299554
9295,0.00167,172.253.118.0-255,1484,145318,65,299554
9296,0.001674,172.31.40.0-255,66,145384,65,299554
9297,0.001679,172.253.118.0-255,2902,148286,65,299554
9298,0.001681,172.31.40.0-255,66,148352,65,299554
9299,0.001704,172.253.118.0-255,5738,154090,65,299554
9300,0.001707,172.31.40.0-255,66,154156,65,299554
9301,0.001721,172.253.118.0-255,2902,157058,65,299554
9302,0.001724,172.31.40.0-255,66,157124,65,299554
9303,0.001766,172.31.40.0-255,66,157190,65,299554
9304,0.001779,172.31.40.0-255,66,157256,65,299554
9305,0.002476,172.253.118.0-255,1484,158740,65,299554
9306,0.002482,172.253.118.0-255,2902,161642,65,299554
9307,0.002485,172.31.40.0-255,66,161708,65,299554
9308,0.002493,172.253.118.0-255,5738,167446,65,299554
9309,0.002495,172.31.40.0-255,66,167512,65,299554
9310,0.002512,172.253.118.0-255,7156,174668,65,299554
9311,0.002514,172.31.40.0-255,66,174734,65,299554
9312,0.002518,172.253.118.0-255,2902,177636,65,299554
9313,0.00252,172.31.40.0-255,66,177702,65,299554
9314,0.002547,172.253.118.0-255,1484,179186,65,299554
9315,0.00255,172.253.118.0-255,1484,180670,65,299554
9316,0.002553,172.31.40.0-255,66,180736,65,299554
9317,0.002556,172.253.118.0-255,1484,182220,65,299554
9318,0.002577,172.253.118.0-255,7156,189376,65,299554
9319,0.00258,172.31.40.0-255,66,189442,65,299554
9320,0.002585,172.253.118.0-255,2184,191626,65,299554
9321,0.002587,172.31.40.0-255,66,191692,65,299554
9322,0.002863,172.253.118.0-255,1484,193176,65,299554
9323,0.002892,172.253.118.0-255,2902,196078,65,299554
9324,0.002896,172.253.118.0-255,4320,200398,65,299554
9325,0.002902,172.31.40.0-255,66,200464,65,299554
9326,0.00291,172.31.40.0-255,66,200530,65,299554
9327,0.002913,172.253.118.0-255,1484,202014,65,299554
9328,0.002944,172.253.118.0-255,7156,209170,65,299554
9329,0.002947,172.31.40.0-255,66,209236,65,299554
9330,0.002959,172.31.40.0-255,66,209302,65,299554
9331,0.002964,172.253.118.0-255,2902,212204,65,299554
9332,0.002966,172.31.40.0-255,66,212270,65,299554
9333,0.002969,172.253.118.0-255,1484,213754,65,299554
9334,0.002971,172.253.118.0-255,766,214520,65,299554
9335,0.002973,172.31.40.0-255,66,214586,65,299554
9336,0.003033,172.253.118.0-255,1484,216070,65,299554
9337,0.003048,172.253.118.0-255,4320,220390,65,299554
9338,0.003051,172.31.40.0-255,66,220456,65,299554
9339,0.003057,172.253.118.0-255,4320,224776,65,299554
9340,0.003058,172.31.40.0-255,66,224842,65,299554
9341,0.003108,172.31.40.0-255,66,224908,65,299554
9342,0.003146,172.31.40.0-255,66,224974,65,299554
9343,0.003162,172.253.118.0-255,2184,227158,65,299554
9344,0.003164,172.31.40.0-255,66,227224,65,299554
9345,0.003166,172.253.118.0-255,1484,228708,65,299554
9346,0.003171,172.253.118.0-255,2902,231610,65,299554
9347,0.003173,172.31.40.0-255,66,231676,65,299554
9348,0.003205,172.253.118.0-255,5738,237414,65,299554
9349,0.003208,172.31.40.0-255,66,237480,65,299554
9350,0.00322,172.31.40.0-255,66,237546,65,299554
9351,0.003227,172.253.118.0-255,7156,244702,65,299554
9352,0.00323,172.31.40.0-255,66,244768,65,299554
9353,0.003266,172.253.118.0-255,3602,248370,65,299554
9354,0.003269,172.31.40.0-255,66,248436,65,299554
9355,0.003291,172.253.118.0-255,4320,252756,65,299554
9356,0.003293,172.31.40.0-255,66,252822,65,299554
9357,0.003316,172.253.118.0-255,2902,255724,65,299554
9358,0.003319,172.31.40.0-255,66,255790,65,299554
9359,0.003345,172.253.118.0-255,7156,262946,65,299554
9360,0.003348,172.31.40.0-255,66,263012,65,299554
9361,0.003352,172.253.118.0-255,1484,264496,65,299554
9362,0.003376,172.31.40.0-255,66,264562,65,299554
9363,0.00338,172.253.118.0-255,1484,266046,65,299554
9364,0.003401,172.253.118.0-255,6438,272484,65,299554
9365,0.003403,172.31.40.0-255,66,272550,65,299554
9366,0.003435,172.253.118.0-255,1484,274034,65,299554
9367,0.00344,172.253.118.0-255,2902,276936,65,299554
9368,0.003442,172.31.40.0-255,66,277002,65,299554
9369,0.003446,172.253.118.0-255,1484,278486,65,299554
9370,0.003462,172.253.118.0-255,4320,282806,65,299554
9371,0.003465,172.31.40.0-255,66,282872,65,299554
9372,0.003469,172.253.118.0-255,2902,285774,65,299554
9373,0.003471,172.31.40.0-255,66,285840,65,299554
9374,0.003487,172.253.118.0-255,7156,292996,65,299554
9375,0.00349,172.31.40.0-255,66,293062,65,299554
9376,0.003492,172.253.118.0-255,1484,294546,65,299554
9377,0.003518,172.253.118.0-255,4320,298866,65,299554
9378,0.003521,172.31.40.0-255,66,298932,65,299554
9379,0.003549,172.31.40.0-255,66,298998,65,299554
9380,0.003552,172.253.118.0-255,97,299095,65,299554
9381,0.003624,172.253.118.0-255,105,299200,65,299554
9382,0.013003,172.253.118.0-255,105,299305,65,299554
9383,0.013023,172.31.40.0-255,78,299383,65,299554
9384,0.015643,172.31.40.0-255,105,299488,65,299554
9385,0.017944,172.253.118.0-255,66,299554,65,299554
9386,0.0,74.125.24.0-255,292,292,65,215925
9387,2.3e-05,172.31.40.0-255,66,358,65,215925
9388,3e-05,74.125.24.0-255,1484,1842,65,215925
9389,3.4e-05,172.31.40.0-255,66,1908,65,215925
9390,4.1e-05,74.125.24.0-255,4320,6228,65,215925
9391,4.4e-05,172.31.40.0-255,66,6294,65,215925
9392,5e-05,74.125.24.0-255,4320,10614,65,215925
9393,5.2e-05,172.31.40.0-255,66,10680,65,215925
9394,8.4e-05,74.125.24.0-255,4738,15418,65,215925
9395,8.7e-05,172.31.40.0-255,66,15484,65,215925
9396,9.7e-05,172.31.40.0-255,66,15550,65,215925
9397,0.000129,74.125.24.0-255,6797,22347,65,215925
9398,0.000132,172.31.40.0-255,66,22413,65,215925
9399,0.000175,74.125.24.0-255,1484,23897,65,215925
9400,0.000178,172.31.40.0-255,66,23963,65,215925
9401,0.000191,74.125.24.0-255,1484,25447,65,215925
9402,0.000194,172.31.40.0-255,66,25513,65,215925
9403,0.000224,74.125.24.0-255,1484,26997,65,215925
9404,0.000227,172.31.40.0-255,66,27063,65,215925
9405,0.000234,74.125.24.0-255,5738,32801,65,215925
9406,0.000236,172.31.40.0-255,66,32867,65,215925
9407,0.000242,74.125.24.0-255,5738,38605,65,215925
9408,0.000244,172.31.40.0-255,66,38671,65,215925
9409,0.000247,74.125.24.0-255,1484,40155,65,215925
9410,0.00025,172.31.40.0-255,66,40221,65,215925
9411,0.000292,172.31.40.0-255,66,40287,65,215925
9412,0.000297,74.125.24.0-255,3961,44248,65,215925
9413,0.000299,172.31.40.0-255,66,44314,65,215925
9414,0.000373,74.125.24.0-255,413,44727,65,215925
9415,0.000377,172.31.40.0-255,66,44793,65,215925
9416,0.000443,74.125.24.0-255,331,45124,65,215925
9417,0.000817,74.125.24.0-255,1484,46608,65,215925
9418,0.000822,172.31.40.0-255,66,46674,65,215925
9419,0.000828,74.125.24.0-255,2902,49576,65,215925
9420,0.00083,172.31.40.0-255,66,49642,65,215925
9421,0.000846,74.125.24.0-255,5738,55380,65,215925
9422,0.000848,172.31.40.0-255,66,55446,65,215925
9423,0.000854,74.125.24.0-255,4320,59766,65,215925
9424,0.000857,172.31.40.0-255,66,59832,65,215925
9425,0.000876,172.31.40.0-255,66,59898,65,215925
9426,0.000879,74.125.24.0-255,1484,61382,65,215925
9427,0.000914,172.31.40.0-255,66,61448,65,215925
9428,0.001181,74.125.24.0-255,1484,62932,65,215925
9429,0.001187,74.125.24.0-255,2902,65834,65,215925
9430,0.00119,172.31.40.0-255,66,65900,65,215925
9431,0.001197,74.125.24.0-255,5738,71638,65,215925
9432,0.001199,172.31.40.0-255,66,71704,65,215925
9433,0.001204,74.125.24.0-255,4320,76024,65,215925
9434,0.001206,172.31.40.0-255,66,76090,65,215925
9435,0.001231,172.31.40.0-255,66,76156,65,215925
9436,0.001243,172.31.40.0-255,66,76222,65,215925
9437,0.001382,74.125.24.0-255,1484,77706,65,215925
9438,0.001401,74.125.24.0-255,2902,80608,65,215925
9439,0.001404,172.31.40.0-255,66,80674,65,215925
9440,0.00141,74.125.24.0-255,5738,86412,65,215925
9441,0.001412,172.31.40.0-255,66,86478,65,215925
9442,0.001427,74.125.24.0-255,1484,87962,65,215925
9443,0.001448,74.125.24.0-255,2902,90864,65,215925
9444,0.001451,172.31.40.0-255,66,90930,65,215925
9445,0.001455,74.125.24.0-255,2902,93832,65,215925
9446,0.001457,172.31.40.0-255,66,93898,65,215925
9447,0.001477,172.31.40.0-255,66,93964,65,215925
9448,0.001509,74.125.24.0-255,4320,98284,65,215925
9449,0.001511,172.31.40.0-255,66,98350,65,215925
9450,0.001529,74.125.24.0-255,3602,101952,65,215925
9451,0.001531,172.31.40.0-255,66,102018,65,215925
9452,0.001619,74.125.24.0-255,1484,103502,65,215925
9453,0.001632,74.125.24.0-255,2902,106404,65,215925
9454,0.001635,172.31.40.0-255,66,106470,65,215925
9455,0.001669,74.125.24.0-255,5738,112208,65,215925
9456,0.001672,172.31.40.0-255,66,112274,65,215925
9457,0.001698,74.125.24.0-255,2902,115176,65,215925
9458,0.001701,172.31.40.0-255,66,115242,65,215925
9459,0.00173,172.31.40.0-255,66,115308,65,215925
9460,0.001736,74.125.24.0-255,7156,122464,65,215925
9461,0.001738,172.31.40.0-255,66,122530,65,215925
9462,0.001743,74.125.24.0-255,3602,126132,65,215925
9463,0.001745,172.31.40.0-255,66,126198,65,215925
9464,0.001926,74.125.24.0-255,1484,127682,65,215925
9465,0.001942,74.125.24.0-255,2902,130584,65,215925
9466,0.001945,172.31.40.0-255,66,130650,65,215925
9467,0.001948,74.125.24.0-255,1484,132134,65,215925
9468,0.001962,74.125.24.0-255,4320,136454,65,215925
9469,0.001964,172.31.40.0-255,66,136520,65,215925
9470,0.001983,74.125.24.0-255,1484,138004,65,215925
9471,0.002009,172.31.40.0-255,66,138070,65,215925
9472,0.002038,74.125.24.0-255,1484,139554,65,215925
9473,0.002063,172.31.40.0-255,66,139620,65,215925
9474,0.00211,74.125.24.0-255,1484,141104,65,215925
9475,0.002115,74.125.24.0-255,2902,144006,65,215925
9476,0.002117,172.31.40.0-255,66,144072,65,215925
9477,0.002138,74.125.24.0-255,5738,149810,65,215925
9478,0.002142,74.125.24.0-255,2902,152712,65,215925
9479,0.002145,172.31.40.0-255,66,152778,65,215925
9480,0.002148,172.31.40.0-255,66,152844,65,215925
9481,0.002162,74.125.24.0-255,1484,154328,65,215925
9482,0.002202,172.31.40.0-255,66,154394,65,215925
9483,0.002212,172.31.40.0-255,66,154460,65,215925
9484,0.002226,74.125.24.0-255,5020,159480,65,215925
9485,0.002228,172.31.40.0-255,66,159546,65,215925
9486,0.002234,74.125.24.0-255,5738,165284,65,215925
9487,0.002236,172.31.40.0-255,66,165350,65,215925
9488,0.002269,172.31.40.0-255,66,165416,65,215925
9489,0.002271,74.125.24.0-255,1484,166900,65,215925
9490,0.002293,172.31.40.0-255,66,166966,65,215925
9491,0.002303,74.125.24.0-255,2184,169150,65,215925
9492,0.002305,172.31.40.0-255,66,169216,65,215925
9493,0.002311,74.125.24.0-255,7156,176372,65,215925
9494,0.002313,172.31.40.0-255,66,176438,65,215925
9495,0.002323,172.31.40.0-255,66,176504,65,215925
9496,0.002364,172.31.40.0-255,66,176570,65,215925
9497,0.002366,74.125.24.0-255,766,177336,65,215925
9498,0.002382,74.125.24.0-255,4320,181656,65,215925
9499,0.002384,172.31.40.0-255,66,181722,65,215925
9500,0.002435,172.31.40.0-255,66,181788,65,215925
9501,0.002455,74.125.24.0-255,2902,184690,65,215925
9502,0.002457,172.31.40.0-255,66,184756,65,215925
9503,0.002463,74.125.24.0-255,7156,191912,65,215925
9504,0.002465,172.31.40.0-255,66,191978,65,215925
9505,0.002476,172.31.40.0-255,66,192044,65,215925
9506,0.002479,74.125.24.0-255,1484,193528,65,215925
9507,0.002483,74.125.24.0-255,4320,197848,65,215925
9508,0.002485,172.31.40.0-255,66,197914,65,215925
9509,0.002491,74.125.24.0-255,7156,205070,65,215925
9510,0.002494,172.31.40.0-255,66,205136,65,215925
9511,0.002503,172.31.40.0-255,66,205202,65,215925
9512,0.002511,74.125.24.0-255,7156,212358,65,215925
9513,0.002513,172.31.40.0-255,66,212424,65,215925
9514,0.002517,74.125.24.0-255,2879,215303,65,215925
9515,0.002519,172.31.40.0-255,66,215369,65,215925
9516,0.002522,74.125.24.0-255,97,215466,65,215925
9517,0.002563,74.125.24.0-255,105,215571,65,215925
9518,0.011766,74.125.24.0-255,105,215676,65,215925
9519,0.011785,172.31.40.0-255,78,215754,65,215925
9520,0.016912,172.31.40.0-255,105,215859,65,215925
9521,0.019201,74.125.24.0-255,66,215925,65,215925
9522,0.0,74.125.68.0-255,152,152,65,96000
9523,2e-05,172.31.40.0-255,66,218,65,96000
9524,5e-05,74.125.68.0-255,1484,1702,65,96000
9525,5.4e-05,172.31.40.0-255,66,1768,65,96000
9526,6e-05,74.125.68.0-255,2902,4670,65,96000
9527,6.3e-05,172.31.40.0-255,66,4736,65,96000
9528,6.9e-05,74.125.68.0-255,5738,10474,65,96000
9529,7.2e-05,172.31.40.0-255,66,10540,65,96000
9530,9.5e-05,74.125.68.0-255,1484,12024,65,96000
9531,9.8e-05,172.31.40.0-255,66,12090,65,96000
9532,0.000102,74.125.68.0-255,2027,14117,65,96000
9533,0.000108,172.31.40.0-255,66,14183,65,96000
9534,0.0002,74.125.68.0-255,1484,15667,65,96000
9535,0.000205,172.31.40.0-255,66,15733,65,96000
9536,0.00021,74.125.68.0-255,2902,18635,65,96000
9537,0.000212,172.31.40.0-255,66,18701,65,96000
9538,0.000252,74.125.68.0-255,5738,24439,65,96000
9539,0.000255,172.31.40.0-255,66,24505,65,96000
9540,0.00026,74.125.68.0-255,4320,28825,65,96000
9541,0.000261,172.31.40.0-255,66,28891,65,96000
9542,0.000293,74.125.68.0-255,2543,31434,65,96000
9543,0.000296,172.31.40.0-255,66,31500,65,96000
9544,0.002403,74.125.68.0-255,1484,32984,65,96000
9545,0.002412,172.31.40.0-255,66,33050,65,96000
9546,0.002459,74.125.68.0-255,1484,34534,65,96000
9547,0.002462,172.31.40.0-255,66,34600,65,96000
9548,0.002494,74.125.68.0-255,2902,37502,65,96000
9549,0.002496,172.31.40.0-255,66,37568,65,96000
9550,0.002521,74.125.68.0-255,2902,40470,65,96000
9551,0.002523,172.31.40.0-255,66,40536,65,96000
9552,0.002548,74.125.68.0-255,2902,43438,65,96000
9553,0.002551,172.31.40.0-255,66,43504,65,96000
9554,0.002567,74.125.68.0-255,1484,44988,65,96000
9555,0.002572,74.125.68.0-255,2902,47890,65,96000
9556,0.002574,172.31.40.0-255,66,47956,65,96000
9557,0.002609,74.125.68.0-255,3961,51917,65,96000
9558,0.002611,172.31.40.0-255,66,51983,65,96000
9559,0.002615,74.125.68.0-255,2902,54885,65,96000
9560,0.002617,172.31.40.0-255,66,54951,65,96000
9561,0.002673,74.125.68.0-255,4320,59271,65,96000
9562,0.002676,172.31.40.0-255,66,59337,65,96000
9563,0.005205,74.125.68.0-255,1484,60821,65,96000
9564,0.005266,74.125.68.0-255,2902,63723,65,96000
9565,0.005268,172.31.40.0-255,66,63789,65,96000
9566,0.00529,74.125.68.0-255,1484,65273,65,96000
9567,0.007879,74.125.68.0-255,4320,69593,65,96000
9568,0.007888,172.31.40.0-255,66,69659,65,96000
9569,0.010506,74.125.68.0-255,5738,75397,65,96000
9570,0.010516,172.31.40.0-255,66,75463,65,96000
9571,0.013131,74.125.68.0-255,5738,81201,65,96000
9572,0.013139,172.31.40.0-255,66,81267,65,96000
9573,0.015759,74.125.68.0-255,5738,87005,65,96000
9574,0.015767,172.31.40.0-255,66,87071,65,96000
9575,0.018385,74.125.68.0-255,5738,92809,65,96000
9576,0.018393,172.31.40.0-255,66,92875,65,96000
9577,0.019578,172.31.40.0-255,171,93046,65,96000
9578,0.019605,172.31.40.0-255,1132,94178,65,96000
9579,0.019653,172.31.40.0-255,1514,95692,65,96000
9580,0.019654,172.31.40.0-255,308,96000,65,96000
9581,0.0,172.217.194.0-255,143,143,65,164744
9582,3.3e-05,172.31.40.0-255,66,209,65,164744
9583,4e-05,172.217.194.0-255,1484,1693,65,164744
9584,4.4e-05,172.31.40.0-255,66,1759,65,164744
9585,4.9e-05,172.217.194.0-255,2902,4661,65,164744
9586,5.1e-05,172.31.40.0-255,66,4727,65,164744
9587,6.7e-05,172.217.194.0-255,7156,11883,65,164744
9588,7e-05,172.31.40.0-255,66,11949,65,164744
9589,7.4e-05,172.217.194.0-255,2099,14048,65,164744
9590,7.7e-05,172.31.40.0-255,66,14114,65,164744
9591,0.00012,172.31.40.0-255,66,14180,65,164744
9592,0.000123,172.217.194.0-255,1484,15664,65,164744
9593,0.000125,172.31.40.0-255,66,15730,65,164744
9594,0.00017,172.31.40.0-255,66,15796,65,164744
9595,0.000175,172.217.194.0-255,1484,17280,65,164744
9596,0.000177,172.31.40.0-255,66,17346,65,164744
9597,0.000222,172.31.40.0-255,66,17412,65,164744
9598,0.00023,172.217.194.0-255,7156,24568,65,164744
9599,0.000233,172.31.40.0-255,66,24634,65,164744
9600,0.000262,172.217.194.0-255,2902,27536,65,164744
9601,0.000265,172.31.40.0-255,66,27602,65,164744
9602,0.000272,172.217.194.0-255,7088,34690,65,164744
9603,0.000274,172.31.40.0-255,66,34756,65,164744
9604,0.000312,172.217.194.0-255,103,34859,65,164744
9605,0.000316,172.31.40.0-255,66,34925,65,164744
9606,0.000351,172.217.194.0-255,1484,36409,65,164744
9607,0.000354,172.31.40.0-255,66,36475,65,164744
9608,0.000359,172.217.194.0-255,2902,39377,65,164744
9609,0.000361,172.31.40.0-255,66,39443,65,164744
9610,0.000389,172.217.194.0-255,5738,45181,65,164744
9611,0.000393,172.31.40.0-255,66,45247,65,164744
9612,0.000442,172.217.194.0-255,4320,49567,65,164744
9613,0.000445,172.31.40.0-255,66,49633,65,164744
9614,0.000474,172.217.194.0-255,2543,52176,65,164744
9615,0.000477,172.31.40.0-255,66,52242,65,164744
9616,0.000823,172.217.194.0-255,1484,53726,65,164744
9617,0.000839,172.217.194.0-255,2902,56628,65,164744
9618,0.000844,172.31.40.0-255,66,56694,65,164744
9619,0.000869,172.217.194.0-255,4320,61014,65,164744
9620,0.000873,172.31.40.0-255,66,61080,65,164744
9621,0.000899,172.217.194.0-255,1484,62564,65,164744
9622,0.000908,172.217.194.0-255,7090,69654,65,164744
9623,0.000911,172.31.40.0-255,66,69720,65,164744
9624,0.001235,172.217.194.0-255,1484,71204,65,164744
9625,0.001244,172.217.194.0-255,2902,74106,65,164744
9626,0.001248,172.31.40.0-255,66,74172,65,164744
9627,0.001279,172.217.194.0-255,5738,79910,65,164744
9628,0.001284,172.31.40.0-255,66,79976,65,164744
9629,0.001322,172.31.40.0-255,66,80042,65,164744
9630,0.001372,172.217.194.0-255,1484,81526,65,164744
9631,0.001399,172.31.40.0-255,66,81592,65,164744
9632,0.001425,172.217.194.0-255,1484,83076,65,164744
9633,0.001447,172.217.194.0-255,2902,85978,65,164744
9634,0.00145,172.31.40.0-255,66,86044,65,164744
9635,0.001456,172.217.194.0-255,2902,88946,65,164744
9636,0.001458,172.31.40.0-255,66,89012,65,164744
9637,0.001476,172.217.194.0-255,2902,91914,65,164744
9638,0.001479,172.31.40.0-255,66,91980,65,164744
9639,0.001514,172.31.40.0-255,66,92046,65,164744
9640,0.001519,172.217.194.0-255,2902,94948,65,164744
9641,0.001521,172.31.40.0-255,66,95014,65,164744
9642,0.001556,172.31.40.0-255,66,95080,65,164744
9643,0.001559,172.217.194.0-255,2184,97264,65,164744
9644,0.001561,172.31.40.0-255,66,97330,65,164744
9645,0.00198,172.217.194.0-255,1484,98814,65,164744
9646,0.001999,172.217.194.0-255,1484,100298,65,164744
9647,0.002003,172.31.40.0-255,66,100364,65,164744
9648,0.002015,172.217.194.0-255,1484,101848,65,164744
9649,0.002041,172.217.194.0-255,1484,103332,65,164744
9650,0.002043,172.31.40.0-255,66,103398,65,164744
9651,0.002049,172.217.194.0-255,5738,109136,65,164744
9652,0.002051,172.31.40.0-255,66,109202,65,164744
9653,0.00206,172.217.194.0-255,4320,113522,65,164744
9654,0.002062,172.31.40.0-255,66,113588,65,164744
9655,0.002103,172.31.40.0-255,66,113654,65,164744
9656,0.002106,172.217.194.0-255,1484,115138,65,164744
9657,0.002108,172.217.194.0-255,1484,116622,65,164744
9658,0.00211,172.31.40.0-255,66,116688,65,164744
9659,0.002146,172.217.194.0-255,6438,123126,65,164744
9660,0.002149,172.31.40.0-255,66,123192,65,164744
9661,0.004454,172.217.194.0-255,2902,126094,65,164744
9662,0.00446,172.31.40.0-255,66,126160,65,164744
9663,0.004485,172.217.194.0-255,2902,129062,65,164744
9664,0.004488,172.31.40.0-255,66,129128,65,164744
9665,0.006759,172.217.194.0-255,2902,132030,65,164744
9666,0.006765,172.31.40.0-255,66,132096,65,164744
9667,0.006799,172.217.194.0-255,2902,134998,65,164744
9668,0.006802,172.31.40.0-255,66,135064,65,164744
9669,0.009034,172.217.194.0-255,2902,137966,65,164744
9670,0.00904,172.31.40.0-255,66,138032,65,164744
9671,0.009087,172.217.194.0-255,2902,140934,65,164744
9672,0.00909,172.31.40.0-255,66,141000,65,164744
9673,0.01132,172.217.194.0-255,2902,143902,65,164744
9674,0.011329,172.31.40.0-255,66,143968,65,164744
9675,0.01136,172.217.194.0-255,2902,146870,65,164744
9676,0.011363,172.31.40.0-255,66,146936,65,164744
9677,0.013614,172.217.194.0-255,2902,149838,65,164744
9678,0.013621,172.31.40.0-255,66,149904,65,164744
9679,0.013665,172.217.194.0-255,2902,152806,65,164744
9680,0.013669,172.31.40.0-255,66,152872,65,164744
9681,0.015916,172.217.194.0-255,2902,155774,65,164744
9682,0.015923,172.31.40.0-255,66,155840,65,164744
9683,0.015978,172.217.194.0-255,2902,158742,65,164744
9684,0.015986,172.31.40.0-255,66,158808,65,164744
9685,0.018201,172.217.194.0-255,2902,161710,65,164744
9686,0.018209,172.31.40.0-255,66,161776,65,164744
9687,0.018258,172.217.194.0-255,2902,164678,65,164744
9688,0.018262,172.31.40.0-255,66,164744,65,164744
9689,0.0,74.125.24.0-255,156,156,65,220069
9690,1.6e-05,172.31.40.0-255,66,222,65,220069
9691,3.3e-05,74.125.24.0-255,1484,1706,65,220069
9692,3.7e-05,172.31.40.0-255,66,1772,65,220069
9693,4.3e-05,74.125.24.0-255,2902,4674,65,220069
9694,4.7e-05,172.31.40.0-255,66,4740,65,220069
9695,5.1e-05,74.125.24.0-255,2902,7642,65,220069
9696,5.3e-05,172.31.40.0-255,66,7708,65,220069
9697,7.3e-05,74.125.24.0-255,4320,12028,65,220069
9698,7.5e-05,172.31.40.0-255,66,12094,65,220069
9699,0.000104,74.125.24.0-255,3493,15587,65,220069
9700,0.000106,172.31.40.0-255,66,15653,65,220069
9701,0.000113,74.125.24.0-255,7156,22809,65,220069
9702,0.000115,172.31.40.0-255,66,22875,65,220069
9703,0.000136,74.125.24.0-255,1484,24359,65,220069
9704,0.000138,172.31.40.0-255,66,24425,65,220069
9705,0.000158,74.125.24.0-255,6797,31222,65,220069
9706,0.000161,172.31.40.0-255,66,31288,65,220069
9707,0.000339,74.125.24.0-255,1484,32772,65,220069
9708,0.000343,172.31.40.0-255,66,32838,65,220069
9709,0.00036,74.125.24.0-255,2902,35740,65,220069
9710,0.000365,74.125.24.0-255,5738,41478,65,220069
9711,0.000368,172.31.40.0-255,66,41544,65,220069
9712,0.000372,172.31.40.0-255,66,41610,65,220069
9713,0.000383,74.125.24.0-255,1484,43094,65,220069
9714,0.000385,172.31.40.0-255,66,43160,65,220069
9715,0.000405,74.125.24.0-255,5379,48539,65,220069
9716,0.000408,172.31.40.0-255,66,48605,65,220069
9717,0.000414,74.125.24.0-255,7156,55761,65,220069
9718,0.000416,172.31.40.0-255,66,55827,65,220069
9719,0.000434,74.125.24.0-255,4320,60147,65,220069
9720,0.000437,172.31.40.0-255,66,60213,65,220069
9721,0.00046,74.125.24.0-255,4320,64533,65,220069
9722,0.000462,172.31.40.0-255,66,64599,65,220069
9723,0.000482,74.125.24.0-255,1399,65998,65,220069
9724,0.000829,74.125.24.0-255,127,66125,65,220069
9725,0.000941,172.31.40.0-255,66,66191,65,220069
9726,0.001252,74.125.24.0-255,1484,67675,65,220069
9727,0.001262,74.125.24.0-255,2902,70577,65,220069
9728,0.001266,172.31.40.0-255,66,70643,65,220069
9729,0.001275,74.125.24.0-255,5738,76381,65,220069
9730,0.001277,172.31.40.0-255,66,76447,65,220069
9731,0.001288,172.31.40.0-255,66,76513,65,220069
9732,0.001323,74.125.24.0-255,4320,80833,65,220069
9733,0.001326,172.31.40.0-255,66,80899,65,220069
9734,0.001338,172.31.40.0-255,66,80965,65,220069
9735,0.00134,74.125.24.0-255,766,81731,65,220069
9736,0.001553,74.125.24.0-255,1484,83215,65,220069
9737,0.001558,172.31.40.0-255,66,83281,65,220069
9738,0.001565,74.125.24.0-255,2902,86183,65,220069
9739,0.001567,172.31.40.0-255,66,86249,65,220069
9740,0.001571,74.125.24.0-255,1484,87733,65,220069
9741,0.001592,74.125.24.0-255,4320,92053,65,220069
9742,0.001595,172.31.40.0-255,66,92119,65,220069
9743,0.001598,74.125.24.0-255,1484,93603,65,220069
9744,0.001628,172.31.40.0-255,66,93669,65,220069
9745,0.001635,74.125.24.0-255,5738,99407,65,220069
9746,0.001638,172.31.40.0-255,66,99473,65,220069
9747,0.001668,74.125.24.0-255,6438,105911,65,220069
9748,0.001672,172.31.40.0-255,66,105977,65,220069
9749,0.001676,74.125.24.0-255,2902,108879,65,220069
9750,0.001678,172.31.40.0-255,66,108945,65,220069
9751,0.001719,172.31.40.0-255,66,109011,65,220069
9752,0.00173,172.31.40.0-255,66,109077,65,220069
9753,0.001794,172.31.40.0-255,66,109143,65,220069
9754,0.001851,74.125.24.0-255,1484,110627,65,220069
9755,0.001866,74.125.24.0-255,2902,113529,65,220069
9756,0.001869,172.31.40.0-255,66,113595,65,220069
9757,0.001876,74.125.24.0-255,5738,119333,65,220069
9758,0.001879,172.31.40.0-255,66,119399,65,220069
9759,0.001902,74.125.24.0-255,1484,120883,65,220069
9760,0.001925,172.31.40.0-255,66,120949,65,220069
9761,0.001939,74.125.24.0-255,1484,122433,65,220069
9762,0.001964,74.125.24.0-255,4320,126753,65,220069
9763,0.001967,172.31.40.0-255,66,126819,65,220069
9764,0.001994,74.125.24.0-255,6438,133257,65,220069
9765,0.001997,172.31.40.0-255,66,133323,65,220069
9766,0.002025,74.125.24.0-255,1484,134807,65,220069
9767,0.00203,74.125.24.0-255,2902,137709,65,220069
9768,0.002033,172.31.40.0-255,66,137775,65,220069
9769,0.002038,74.125.24.0-255,2902,140677,65,220069
9770,0.002041,172.31.40.0-255,66,140743,65,220069
9771,0.002059,74.125.24.0-255,2902,143645,65,220069
9772,0.002062,172.31.40.0-255,66,143711,65,220069
9773,0.00207,74.125.24.0-255,7156,150867,65,220069
9774,0.002072,172.31.40.0-255,66,150933,65,220069
9775,0.002114,172.31.40.0-255,66,150999,65,220069
9776,0.002121,74.125.24.0-255,5020,156019,65,220069
9777,0.002123,172.31.40.0-255,66,156085,65,220069
9778,0.002127,74.125.24.0-255,2902,158987,65,220069
9779,0.00213,172.31.40.0-255,66,159053,65,220069
9780,0.002154,74.125.24.0-255,2902,161955,65,220069
9781,0.002157,172.31.40.0-255,66,162021,65,220069
9782,0.002175,172.31.40.0-255,66,162087,65,220069
9783,0.002188,172.31.40.0-255,66,162153,65,220069
9784,0.00219,74.125.24.0-255,766,162919,65,220069
9785,0.002211,74.125.24.0-255,1484,164403,65,220069
9786,0.002214,172.31.40.0-255,66,164469,65,220069
9787,0.002236,74.125.24.0-255,4320,168789,65,220069
9788,0.002239,172.31.40.0-255,66,168855,65,220069
9789,0.002242,74.125.24.0-255,1484,170339,65,220069
9790,0.00227,172.31.40.0-255,66,170405,65,220069
9791,0.002277,74.125.24.0-255,5738,176143,65,220069
9792,0.002279,172.31.40.0-255,66,176209,65,220069
9793,0.002304,74.125.24.0-255,2902,179111,65,220069
9794,0.002307,172.31.40.0-255,66,179177,65,220069
9795,0.00231,74.125.24.0-255,1484,180661,65,220069
9796,0.002342,172.31.40.0-255,66,180727,65,220069
9797,0.004732,74.125.24.0-255,5738,186465,65,220069
9798,0.004736,172.31.40.0-255,66,186531,65,220069
9799,0.007148,74.125.24.0-255,5738,192269,65,220069
9800,0.007157,172.31.40.0-255,66,192335,65,220069
9801,0.009571,74.125.24.0-255,1484,193819,65,220069
9802,0.009592,74.125.24.0-255,4320,198139,65,220069
9803,0.009596,172.31.40.0-255,66,198205,65,220069
9804,0.012018,74.125.24.0-255,5738,203943,65,220069
9805,0.012027,172.31.40.0-255,66,204009,65,220069
9806,0.014461,74.125.24.0-255,5738,209747,65,220069
9807,0.01447,172.31.40.0-255,66,209813,65,220069
9808,0.016852,74.125.24.0-255,4320,214133,65,220069
9809,0.01686,172.31.40.0-255,66,214199,65,220069
9810,0.016876,74.125.24.0-255,1484,215683,65,220069
9811,0.019292,74.125.24.0-255,4320,220003,65,220069
9812,0.019298,172.31.40.0-255,66,220069,65,220069
9813,0.0,74.125.200.0-255,150,150,65,318606
9814,2.2e-05,172.31.40.0-255,66,216,65,318606
9815,2.9e-05,74.125.200.0-255,1484,1700,65,318606
9816,3.4e-05,172.31.40.0-255,66,1766,65,318606
9817,3.9e-05,74.125.200.0-255,2902,4668,65,318606
9818,4.3e-05,172.31.40.0-255,66,4734,65,318606
9819,4.7e-05,74.125.200.0-255,2902,7636,65,318606
9820,5e-05,172.31.40.0-255,66,7702,65,318606
9821,7.6e-05,74.125.200.0-255,4320,12022,65,318606
9822,7.8e-05,172.31.40.0-255,66,12088,65,318606
9823,8.3e-05,74.125.200.0-255,2092,14180,65,318606
9824,8.6e-05,172.31.40.0-255,66,14246,65,318606
9825,8.9e-05,74.125.200.0-255,1484,15730,65,318606
9826,9.1e-05,172.31.40.0-255,66,15796,65,318606
9827,0.000103,74.125.200.0-255,1484,17280,65,318606
9828,0.000105,172.31.40.0-255,66,17346,65,318606
9829,0.000111,74.125.200.0-255,4320,21666,65,318606
9830,0.000114,172.31.40.0-255,66,21732,65,318606
9831,0.000139,74.125.200.0-255,5738,27470,65,318606
9832,0.000141,172.31.40.0-255,66,27536,65,318606
9833,0.000167,74.125.200.0-255,1484,29020,65,318606
9834,0.00017,172.31.40.0-255,66,29086,65,318606
9835,0.000191,74.125.200.0-255,2543,31629,65,318606
9836,0.000193,172.31.40.0-255,66,31695,65,318606
9837,0.000225,74.125.200.0-255,1484,33179,65,318606
9838,0.000228,172.31.40.0-255,66,33245,65,318606
9839,0.000239,74.125.200.0-255,1484,34729,65,318606
9840,0.000241,172.31.40.0-255,66,34795,65,318606
9841,0.000266,74.125.200.0-255,1484,36279,65,318606
9842,0.000268,172.31.40.0-255,66,36345,65,318606
9843,0.000275,74.125.200.0-255,5738,42083,65,318606
9844,0.000277,172.31.40.0-255,66,42149,65,318606
9845,0.000284,74.125.200.0-255,5738,47887,65,318606
9846,0.000286,172.31.40.0-255,66,47953,65,318606
9847,0.000307,74.125.200.0-255,1484,49437,65,318606
9848,0.000323,74.125.200.0-255,4320,53757,65,318606
9849,0.000326,172.31.40.0-255,66,53823,65,318606
9850,0.000355,172.31.40.0-255,66,53889,65,318606
9851,0.00036,74.125.200.0-255,2795,56684,65,318606
9852,0.000362,172.31.40.0-255,66,56750,65,318606
9853,0.000537,74.125.200.0-255,1484,58234,65,318606
9854,0.000551,74.125.200.0-255,2902,61136,65,318606
9855,0.000555,172.31.40.0-255,66,61202,65,318606
9856,0.00058,74.125.200.0-255,5738,66940,65,318606
9857,0.000583,172.31.40.0-255,66,67006,65,318606
9858,0.000587,74.125.200.0-255,2902,69908,65,318606
9859,0.000589,172.31.40.0-255,66,69974,65,318606
9860,0.000618,74.125.200.0-255,4320,74294,65,318606
9861,0.000626,74.125.200.0-255,7156,81450,65,318606
9862,0.00063,172.31.40.0-255,66,81516,65,318606
9863,0.000637,172.31.40.0-255,66,81582,65,318606
9864,0.000649,172.31.40.0-255,66,81648,65,318606
9865,0.000681,74.125.200.0-255,4320,85968,65,318606
9866,0.000684,172.31.40.0-255,66,86034,65,318606
9867,0.000706,74.125.200.0-255,3053,89087,65,318606
9868,0.000709,172.31.40.0-255,66,89153,65,318606
9869,0.000715,74.125.200.0-255,4320,93473,65,318606
9870,0.000717,172.31.40.0-255,66,93539,65,318606
9871,0.000743,74.125.200.0-255,4320,97859,65,318606
9872,0.000747,172.31.40.0-255,66,97925,65,318606
9873,0.00075,74.125.200.0-255,1111,99036,65,318606
9874,0.0008,74.125.200.0-255,1484,100520,65,318606
9875,0.000803,172.31.40.0-255,66,100586,65,318606
9876,0.00081,74.125.200.0-255,4320,104906,65,318606
9877,0.000812,172.31.40.0-255,66,104972,65,318606
9878,0.000816,74.125.200.0-255,2902,107874,65,318606
9879,0.000819,172.31.40.0-255,66,107940,65,318606
9880,0.000822,74.125.200.0-255,1484,109424,65,318606
9881,0.00084,74.125.200.0-255,2902,112326,65,318606
9882,0.000842,172.31.40.0-255,66,112392,65,318606
9883,0.000845,74.125.200.0-255,1484,113876,65,318606
9884,0.000861,74.125.200.0-255,5738,119614,65,318606
9885,0.000864,172.31.40.0-255,66,119680,65,318606
9886,0.000881,74.125.200.0-255,1484,121164,65,318606
9887,0.000888,74.125.200.0-255,5738,126902,65,318606
9888,0.00089,172.31.40.0-255,66,126968,65,318606
9889,0.000897,74.125.200.0-255,6438,133406,65,318606
9890,0.000917,172.31.40.0-255,66,133472,65,318606
9891,0.001023,74.125.200.0-255,1484,134956,65,318606
9892,0.001042,74.125.200.0-255,2902,137858,65,318606
9893,0.001046,172.31.40.0-255,66,137924,65,318606
9894,0.001053,74.125.200.0-255,5738,143662,65,318606
9895,0.001055,172.31.40.0-255,66,143728,65,318606
9896,0.001093,74.125.200.0-255,1484,145212,65,318606
9897,0.001116,172.31.40.0-255,66,145278,65,318606
9898,0.00113,74.125.200.0-255,5020,150298,65,318606
9899,0.00115,172.31.40.0-255,66,150364,65,318606
9900,0.001207,74.125.200.0-255,1484,151848,65,318606
9901,0.00123,74.125.200.0-255,1484,153332,65,318606
9902,0.001241,172.31.40.0-255,66,153398,65,318606
9903,0.001255,74.125.200.0-255,2902,156300,65,318606
9904,0.001275,172.31.40.0-255,66,156366,65,318606
9905,0.001281,74.125.200.0-255,4320,160686,65,318606
9906,0.001284,74.125.200.0-255,1484,162170,65,318606
9907,0.001296,74.125.200.0-255,4320,166490,65,318606
9908,0.001299,172.31.40.0-255,66,166556,65,318606
9909,0.00133,172.31.40.0-255,66,166622,65,318606
9910,0.001383,172.31.40.0-255,66,166688,65,318606
9911,0.001404,74.125.200.0-255,6438,173126,65,318606
9912,0.001427,172.31.40.0-255,66,173192,65,318606
9913,0.001506,74.125.200.0-255,1484,174676,65,318606
9914,0.001536,74.125.200.0-255,1484,176160,65,318606
9915,0.001539,172.31.40.0-255,66,176226,65,318606
9916,0.001573,74.125.200.0-255,1484,177710,65,318606
9917,0.001609,74.125.200.0-255,2902,180612,65,318606
9918,0.001622,74.125.200.0-255,2902,183514,65,318606
9919,0.001625,172.31.40.0-255,66,183580,65,318606
9920,0.001634,172.31.40.0-255,66,183646,65,318606
9921,0.001638,74.125.200.0-255,2902,186548,65,318606
9922,0.001645,74.125.200.0-255,7156,193704,65,318606
9923,0.001667,172.31.40.0-255,66,193770,65,318606
9924,0.001681,74.125.200.0-255,1484,195254,65,318606
9925,0.001732,172.31.40.0-255,66,195320,65,318606
9926,0.001798,74.125.200.0-255,1484,196804,65,318606
9927,0.001804,74.125.200.0-255,2902,199706,65,318606
9928,0.001811,172.31.40.0-255,66,199772,65,318606
9929,0.001821,74.125.200.0-255,2902,202674,65,318606
9930,0.001826,172.31.40.0-255,66,202740,65,318606
9931,0.001838,74.125.200.0-255,2902,205642,65,318606
9932,0.001855,172.31.40.0-255,66,205708,65,318606
9933,0.001873,74.125.200.0-255,7156,212864,65,318606
9934,0.001878,74.125.200.0-255,2902,215766,65,318606
9935,0.001894,74.125.200.0-255,4320,220086,65,318606
9936,0.001897,74.125.200.0-255,1484,221570,65,318606
9937,0.001904,172.31.40.0-255,66,221636,65,318606
9938,0.001923,74.125.200.0-255,7156,228792,65,318606
9939,0.001926,74.125.200.0-255,766,229558,65,318606
9940,0.001948,172.31.40.0-255,66,229624,65,318606
9941,0.002003,74.125.200.0-255,1484,231108,65,318606
9942,0.002007,74.125.200.0-255,1484,232592,65,318606
9943,0.002018,172.31.40.0-255,66,232658,65,318606
9944,0.002027,74.125.200.0-255,1484,234142,65,318606
9945,0.002032,74.125.200.0-255,4320,238462,65,318606
9946,0.002038,172.31.40.0-255,66,238528,65,318606
9947,0.002061,74.125.200.0-255,5738,244266,65,318606
9948,0.002064,74.125.200.0-255,1484,245750,65,318606
9949,0.00207,172.31.40.0-255,66,245816,65,318606
9950,0.002088,74.125.200.0-255,2902,248718,65,318606
9951,0.002094,172.31.40.0-255,66,248784,65,318606
9952,0.002104,74.125.200.0-255,1484,250268,65,318606
9953,0.002133,74.125.200.0-255,2902,253170,65,318606
9954,0.002147,172.31.40.0-255,66,253236,65,318606
9955,0.002151,74.125.200.0-255,2184,255420,65,318606
9956,0.002158,74.125.200.0-255,5738,261158,65,318606
9957,0.002164,172.31.40.0-255,66,261224,65,318606
9958,0.002183,74.125.200.0-255,4320,265544,65,318606
9959,0.002203,74.125.200.0-255,7156,272700,65,318606
9960,0.002206,74.125.200.0-255,1484,274184,65,318606
9961,0.002213,172.31.40.0-255,66,274250,65,318606
9962,0.002244,74.125.200.0-255,1484,275734,65,318606
9963,0.002249,74.125.200.0-255,3602,279336,65,318606
9964,0.002254,74.125.200.0-255,4320,283656,65,318606
9965,0.002262,172.31.40.0-255,66,283722,65,318606
9966,0.002273,74.125.200.0-255,5738,289460,65,318606
9967,0.002278,172.31.40.0-255,66,289526,65,318606
9968,0.002291,74.125.200.0-255,4320,293846,65,318606
9969,0.002307,74.125.200.0-255,1484,295330,65,318606
9970,0.002311,172.31.40.0-255,66,295396,65,318606
9971,0.002336,74.125.200.0-255,2902,298298,65,318606
9972,0.002359,74.125.200.0-255,3602,301900,65,318606
9973,0.002361,172.31.40.0-255,66,301966,65,318606
9974,0.002366,172.31.40.0-255,66,302032,65,318606
9975,0.002392,74.125.200.0-255,7156,309188,65,318606
9976,0.0024,74.125.200.0-255,7156,316344,65,318606
9977,0.002403,74.125.200.0-255,1332,317676,65,318606
9978,0.002441,172.31.40.0-255,66,317742,65,318606
9979,0.0048,74.125.200.0-255,168,317910,65,318606
9980,0.012916,172.31.40.0-255,105,318015,65,318606
9981,0.012953,172.31.40.0-255,105,318120,65,318606
9982,0.013165,172.31.40.0-255,90,318210,65,318606
9983,0.013176,172.31.40.0-255,66,318276,65,318606
9984,0.015262,74.125.200.0-255,66,318342,65,318606
9985,0.015285,74.125.200.0-255,66,318408,65,318606
9986,0.015512,74.125.200.0-255,66,318474,65,318606
9987,0.01554,74.125.200.0-255,66,318540,65,318606
9988,0.015546,172.31.40.0-255,66,318606,65,318606
9989,0.0,74.125.24.0-255,146,146,65,239805
9990,2.3e-05,172.31.40.0-255,66,212,65,239805
9991,3e-05,74.125.24.0-255,1484,1696,65,239805
9992,3.5e-05,172.31.40.0-255,66,1762,65,239805
9993,4.1e-05,74.125.24.0-255,2902,4664,65,239805
9994,4.3e-05,172.31.40.0-255,66,4730,65,239805
9995,4.9e-05,74.125.24.0-255,4320,9050,65,239805
9996,5.3e-05,172.31.40.0-255,66,9116,65,239805
9997,8.8e-05,74.125.24.0-255,4938,14054,65,239805
9998,9.2e-05,172.31.40.0-255,66,14120,65,239805
9999,9.7e-05,74.125.24.0-255,2902,17022,65,239805
10000,9.9e-05,172.31.40.0-255,66,17088,65,239805
10001,0.000113,74.125.24.0-255,2902,19990,65,239805
10002,0.000116,172.31.40.0-255,66,20056,65,239805
10003,0.000142,74.125.24.0-255,2902,22958,65,239805
10004,0.000144,172.31.40.0-255,66,23024,65,239805
10005,0.000169,172.31.40.0-255,66,23090,65,239805
10006,0.000188,74.125.24.0-255,1484,24574,65,239805
10007,0.00019,172.31.40.0-255,66,24640,65,239805
10008,0.000195,74.125.24.0-255,2902,27542,65,239805
10009,0.000197,172.31.40.0-255,66,27608,65,239805
10010,0.0002,74.125.24.0-255,1484,29092,65,239805
10011,0.000202,172.31.40.0-255,66,29158,65,239805
10012,0.000218,74.125.24.0-255,4320,33478,65,239805
10013,0.000221,172.31.40.0-255,66,33544,65,239805
10014,0.000266,74.125.24.0-255,6797,40341,65,239805
10015,0.000269,172.31.40.0-255,66,40407,65,239805
10016,0.000285,74.125.24.0-255,1484,41891,65,239805
10017,0.000288,172.31.40.0-255,66,41957,65,239805
10018,0.000306,74.125.24.0-255,4320,46277,65,239805
10019,0.000309,172.31.40.0-255,66,46343,65,239805
10020,0.000316,74.125.24.0-255,7156,53499,65,239805
10021,0.000318,172.31.40.0-255,66,53565,65,239805
10022,0.000361,74.125.24.0-255,4289,57854,65,239805
10023,0.000363,172.31.40.0-255,66,57920,65,239805
10024,0.000695,74.125.24.0-255,350,58270,65,239805
10025,0.000727,74.125.24.0-255,1484,59754,65,239805
10026,0.000733,172.31.40.0-255,66,59820,65,239805
10027,0.00074,74.125.24.0-255,4320,64140,65,239805
10028,0.000743,172.31.40.0-255,66,64206,65,239805
10029,0.000766,74.125.24.0-255,4320,68526,65,239805
10030,0.000769,172.31.40.0-255,66,68592,65,239805
10031,0.000791,74.125.24.0-255,2902,71494,65,239805
10032,0.000793,172.31.40.0-255,66,71560,65,239805
10033,0.000809,172.31.40.0-255,66,71626,65,239805
10034,0.000815,74.125.24.0-255,5020,76646,65,239805
10035,0.000818,172.31.40.0-255,66,76712,65,239805
10036,0.000865,74.125.24.0-255,1484,78196,65,239805
10037,0.000869,74.125.24.0-255,2902,81098,65,239805
10038,0.000872,172.31.40.0-255,66,81164,65,239805
10039,0.000886,74.125.24.0-255,4320,85484,65,239805
10040,0.000889,172.31.40.0-255,66,85550,65,239805
10041,0.000919,74.125.24.0-255,1484,87034,65,239805
10042,0.000928,74.125.24.0-255,6247,93281,65,239805
10043,0.000931,172.31.40.0-255,66,93347,65,239805
10044,0.000974,74.125.24.0-255,1484,94831,65,239805
10045,0.000979,74.125.24.0-255,2902,97733,65,239805
10046,0.000982,172.31.40.0-255,66,97799,65,239805
10047,0.000988,74.125.24.0-255,4320,102119,65,239805
10048,0.00099,172.31.40.0-255,66,102185,65,239805
10049,0.001022,74.125.24.0-255,1484,103669,65,239805
10050,0.001033,172.31.40.0-255,66,103735,65,239805
10051,0.001067,74.125.24.0-255,5738,109473,65,239805
10052,0.00107,172.31.40.0-255,66,109539,65,239805
10053,0.001115,172.31.40.0-255,66,109605,65,239805
10054,0.001577,74.125.24.0-255,1484,111089,65,239805
10055,0.001583,74.125.24.0-255,2902,113991,65,239805
10056,0.001587,172.31.40.0-255,66,114057,65,239805
10057,0.001593,74.125.24.0-255,4320,118377,65,239805
10058,0.001595,172.31.40.0-255,66,118443,65,239805
10059,0.001607,74.125.24.0-255,1484,119927,65,239805
10060,0.001615,74.125.24.0-255,7156,127083,65,239805
10061,0.001617,172.31.40.0-255,66,127149,65,239805
10062,0.001634,74.125.24.0-255,2902,130051,65,239805
10063,0.001638,172.31.40.0-255,66,130117,65,239805
10064,0.001677,74.125.24.0-255,7156,137273,65,239805
10065,0.00168,172.31.40.0-255,66,137339,65,239805
10066,0.001702,74.125.24.0-255,6438,143777,65,239805
10067,0.001705,172.31.40.0-255,66,143843,65,239805
10068,0.001718,74.125.24.0-255,1484,145327,65,239805
10069,0.001737,74.125.24.0-255,2902,148229,65,239805
10070,0.001741,172.31.40.0-255,66,148295,65,239805
10071,0.001748,74.125.24.0-255,5738,154033,65,239805
10072,0.00175,172.31.40.0-255,66,154099,65,239805
10073,0.001795,172.31.40.0-255,66,154165,65,239805
10074,0.001809,74.125.24.0-255,2184,156349,65,239805
10075,0.001824,172.31.40.0-255,66,156415,65,239805
10076,0.00195,74.125.24.0-255,1484,157899,65,239805
10077,0.001954,74.125.24.0-255,1484,159383,65,239805
10078,0.001957,172.31.40.0-255,66,159449,65,239805
10079,0.001975,74.125.24.0-255,1484,160933,65,239805
10080,0.001982,74.125.24.0-255,5738,166671,65,239805
10081,0.001996,172.31.40.0-255,66,166737,65,239805
10082,0.002043,172.31.40.0-255,66,166803,65,239805
10083,0.002068,74.125.24.0-255,2902,169705,65,239805
10084,0.002073,74.125.24.0-255,4320,174025,65,239805
10085,0.002083,172.31.40.0-255,66,174091,65,239805
10086,0.002106,172.31.40.0-255,66,174157,65,239805
10087,0.002122,74.125.24.0-255,5738,179895,65,239805
10088,0.002133,172.31.40.0-255,66,179961,65,239805
10089,0.002246,74.125.24.0-255,1484,181445,65,239805
10090,0.002252,74.125.24.0-255,2902,184347,65,239805
10091,0.002257,74.125.24.0-255,5738,190085,65,239805
10092,0.00226,74.125.24.0-255,1484,191569,65,239805
10093,0.002268,172.31.40.0-255,66,191635,65,239805
10094,0.002306,172.31.40.0-255,66,191701,65,239805
10095,0.002322,74.125.24.0-255,4320,196021,65,239805
10096,0.002352,172.31.40.0-255,66,196087,65,239805
10097,0.002395,74.125.24.0-255,5738,201825,65,239805
10098,0.002401,172.31.40.0-255,66,201891,65,239805
10099,0.004799,74.125.24.0-255,5738,207629,65,239805
10100,0.004806,172.31.40.0-255,66,207695,65,239805
10101,0.007224,74.125.24.0-255,5738,213433,65,239805
10102,0.007239,172.31.40.0-255,66,213499,65,239805
10103,0.009606,74.125.24.0-255,5738,219237,65,239805
10104,0.009621,172.31.40.0-255,66,219303,65,239805
10105,0.011975,74.125.24.0-255,5738,225041,65,239805
10106,0.011978,172.31.40.0-255,66,225107,65,239805
10107,0.014308,74.125.24.0-255,5738,230845,65,239805
10108,0.014316,172.31.40.0-255,66,230911,65,239805
10109,0.016705,74.125.24.0-255,5738,236649,65,239805
10110,0.016713,172.31.40.0-255,66,236715,65,239805
10111,0.019082,74.125.24.0-255,2919,239634,65,239805
10112,0.019096,172.31.40.0-255,66,239700,65,239805
10113,0.019292,172.31.40.0-255,105,239805,65,239805
10114,0.0,74.125.24.0-255,150,150,65,198705
10115,2.2e-05,172.31.40.0-255,66,216,65,198705
10116,3e-05,74.125.24.0-255,1484,1700,65,198705
10117,3.4e-05,172.31.40.0-255,66,1766,65,198705
10118,4e-05,74.125.24.0-255,2902,4668,65,198705
10119,5.3e-05,172.31.40.0-255,66,4734,65,198705
10120,5.9e-05,74.125.24.0-255,4320,9054,65,198705
10121,6.2e-05,172.31.40.0-255,66,9120,65,198705
10122,9.3e-05,74.125.24.0-255,4892,14012,65,198705
10123,9.6e-05,172.31.40.0-255,66,14078,65,198705
10124,0.000102,74.125.24.0-255,5738,19816,65,198705
10125,0.000104,172.31.40.0-255,66,19882,65,198705
10126,0.00016,172.31.40.0-255,66,19948,65,198705
10127,0.000217,74.125.24.0-255,1484,21432,65,198705
10128,0.00022,172.31.40.0-255,66,21498,65,198705
10129,0.000249,74.125.24.0-255,2902,24400,65,198705
10130,0.000251,172.31.40.0-255,66,24466,65,198705
10131,0.000257,74.125.24.0-255,5738,30204,65,198705
10132,0.000259,172.31.40.0-255,66,30270,65,198705
10133,0.000283,74.125.24.0-255,5738,36008,65,198705
10134,0.000285,172.31.40.0-255,66,36074,65,198705
10135,0.000327,74.125.24.0-255,6797,42871,65,198705
10136,0.00033,172.31.40.0-255,66,42937,65,198705
10137,0.000334,74.125.24.0-255,2902,45839,65,198705
10138,0.000336,172.31.40.0-255,66,45905,65,198705
10139,0.000377,172.31.40.0-255,66,45971,65,198705
10140,0.000851,74.125.24.0-255,330,46301,65,198705
10141,0.000853,172.31.40.0-255,66,46367,65,198705
10142,0.000963,74.125.24.0-255,1484,47851,65,198705
10143,0.000966,172.31.40.0-255,66,47917,65,198705
10144,0.00097,74.125.24.0-255,2902,50819,65,198705
10145,0.000973,172.31.40.0-255,66,50885,65,198705
10146,0.001003,74.125.24.0-255,5738,56623,65,198705
10147,0.001005,172.31.40.0-255,66,56689,65,198705
10148,0.001011,74.125.24.0-255,4320,61009,65,198705
10149,0.001013,172.31.40.0-255,66,61075,65,198705
10150,0.001042,74.125.24.0-255,5738,66813,65,198705
10151,0.001045,172.31.40.0-255,66,66879,65,198705
10152,0.001057,74.125.24.0-255,4320,71199,65,198705
10153,0.001059,172.31.40.0-255,66,71265,65,198705
10154,0.001092,172.31.40.0-255,66,71331,65,198705
10155,0.001183,74.125.24.0-255,1484,72815,65,198705
10156,0.001198,74.125.24.0-255,2902,75717,65,198705
10157,0.0012,172.31.40.0-255,66,75783,65,198705
10158,0.001234,74.125.24.0-255,2902,78685,65,198705
10159,0.001236,172.31.40.0-255,66,78751,65,198705
10160,0.001264,74.125.24.0-255,2902,81653,65,198705
10161,0.001266,172.31.40.0-255,66,81719,65,198705
10162,0.001282,172.31.40.0-255,66,81785,65,198705
10163,0.001293,172.31.40.0-255,66,81851,65,198705
10164,0.001342,74.125.24.0-255,1484,83335,65,198705
10165,0.001346,74.125.24.0-255,1484,84819,65,198705
10166,0.001348,172.31.40.0-255,66,84885,65,198705
10167,0.001377,74.125.24.0-255,1484,86369,65,198705
10168,0.001382,74.125.24.0-255,5738,92107,65,198705
10169,0.001385,172.31.40.0-255,66,92173,65,198705
10170,0.001388,74.125.24.0-255,1484,93657,65,198705
10171,0.001407,74.125.24.0-255,5738,99395,65,198705
10172,0.00141,172.31.40.0-255,66,99461,65,198705
10173,0.001449,74.125.24.0-255,5738,105199,65,198705
10174,0.001451,172.31.40.0-255,66,105265,65,198705
10175,0.001462,172.31.40.0-255,66,105331,65,198705
10176,0.001464,74.125.24.0-255,1484,106815,65,198705
10177,0.001468,74.125.24.0-255,2902,109717,65,198705
10178,0.00147,172.31.40.0-255,66,109783,65,198705
10179,0.001475,74.125.24.0-255,5738,115521,65,198705
10180,0.001479,172.31.40.0-255,66,115587,65,198705
10181,0.001509,172.31.40.0-255,66,115653,65,198705
10182,0.001538,74.125.24.0-255,1484,117137,65,198705
10183,0.001549,172.31.40.0-255,66,117203,65,198705
10184,0.001551,74.125.24.0-255,1484,118687,65,198705
10185,0.001601,74.125.24.0-255,7156,125843,65,198705
10186,0.001613,74.125.24.0-255,5020,130863,65,198705
10187,0.00192,172.31.40.0-255,66,130929,65,198705
10188,0.0023,74.125.24.0-255,1484,132413,65,198705
10189,0.002306,74.125.24.0-255,1484,133897,65,198705
10190,0.002309,172.31.40.0-255,66,133963,65,198705
10191,0.002337,74.125.24.0-255,1484,135447,65,198705
10192,0.002343,74.125.24.0-255,5738,141185,65,198705
10193,0.002347,74.125.24.0-255,2902,144087,65,198705
10194,0.002358,172.31.40.0-255,66,144153,65,198705
10195,0.002398,74.125.24.0-255,766,144919,65,198705
10196,0.002415,172.31.40.0-255,66,144985,65,198705
10197,0.002422,74.125.24.0-255,1484,146469,65,198705
10198,0.002457,74.125.24.0-255,4320,150789,65,198705
10199,0.002464,74.125.24.0-255,7156,157945,65,198705
10200,0.002482,172.31.40.0-255,66,158011,65,198705
10201,0.004924,74.125.24.0-255,5738,163749,65,198705
10202,0.004931,172.31.40.0-255,66,163815,65,198705
10203,0.007425,74.125.24.0-255,5738,169553,65,198705
10204,0.00743,172.31.40.0-255,66,169619,65,198705
10205,0.009869,74.125.24.0-255,1484,171103,65,198705
10206,0.009887,74.125.24.0-255,4320,175423,65,198705
10207,0.009889,172.31.40.0-255,66,175489,65,198705
10208,0.012362,74.125.24.0-255,5738,181227,65,198705
10209,0.012369,172.31.40.0-255,66,181293,65,198705
10210,0.014825,74.125.24.0-255,5738,187031,65,198705
10211,0.014835,172.31.40.0-255,66,187097,65,198705
10212,0.017305,74.125.24.0-255,5738,192835,65,198705
10213,0.017313,172.31.40.0-255,66,192901,65,198705
10214,0.0198,74.125.24.0-255,5738,198639,65,198705
10215,0.019809,172.31.40.0-255,66,198705,65,198705
10216,0.0,74.125.130.0-255,152,152,65,173809
10217,1.6e-05,172.31.40.0-255,66,218,65,173809
10218,2.3e-05,74.125.130.0-255,1484,1702,65,173809
10219,2.7e-05,172.31.40.0-255,66,1768,65,173809
10220,3.3e-05,74.125.130.0-255,2902,4670,65,173809
10221,3.7e-05,172.31.40.0-255,66,4736,65,173809
10222,4.3e-05,74.125.130.0-255,5738,10474,65,173809
10223,4.7e-05,172.31.40.0-255,66,10540,65,173809
10224,6.1e-05,172.31.40.0-255,66,10606,65,173809
10225,8.5e-05,74.125.130.0-255,2064,12670,65,173809
10226,8.8e-05,172.31.40.0-255,66,12736,65,173809
10227,9.6e-05,74.125.130.0-255,6797,19533,65,173809
10228,9.8e-05,172.31.40.0-255,66,19599,65,173809
10229,0.000219,74.125.130.0-255,1484,21083,65,173809
10230,0.000223,172.31.40.0-255,66,21149,65,173809
10231,0.000243,74.125.130.0-255,1484,22633,65,173809
10232,0.000245,172.31.40.0-255,66,22699,65,173809
10233,0.000275,74.125.130.0-255,1484,24183,65,173809
10234,0.000277,172.31.40.0-255,66,24249,65,173809
10235,0.000284,74.125.130.0-255,5738,29987,65,173809
10236,0.000287,172.31.40.0-255,66,30053,65,173809
10237,0.000291,74.125.130.0-255,2902,32955,65,173809
10238,0.000293,172.31.40.0-255,66,33021,65,173809
10239,0.000298,74.125.130.0-255,3961,36982,65,173809
10240,0.0003,172.31.40.0-255,66,37048,65,173809
10241,0.000346,172.31.40.0-255,66,37114,65,173809
10242,0.000374,172.31.40.0-255,66,37180,65,173809
10243,0.000396,74.125.130.0-255,366,37546,65,173809
10244,0.000398,172.31.40.0-255,66,37612,65,173809
10245,0.000587,74.125.130.0-255,1484,39096,65,173809
10246,0.000595,74.125.130.0-255,2902,41998,65,173809
10247,0.000614,172.31.40.0-255,66,42064,65,173809
10248,0.000621,74.125.130.0-255,5738,47802,65,173809
10249,0.000623,74.125.130.0-255,1484,49286,65,173809
10250,0.000629,172.31.40.0-255,66,49352,65,173809
10251,0.000643,74.125.130.0-255,5738,55090,65,173809
10252,0.000667,74.125.130.0-255,4320,59410,65,173809
10253,0.000678,172.31.40.0-255,66,59476,65,173809
10254,0.000692,74.125.130.0-255,2184,61660,65,173809
10255,0.000698,172.31.40.0-255,66,61726,65,173809
10256,0.000938,74.125.130.0-255,1484,63210,65,173809
10257,0.000943,74.125.130.0-255,1484,64694,65,173809
10258,0.000955,74.125.130.0-255,1484,66178,65,173809
10259,0.00096,74.125.130.0-255,4320,70498,65,173809
10260,0.00098,172.31.40.0-255,66,70564,65,173809
10261,0.001022,74.125.130.0-255,5738,76302,65,173809
10262,0.001045,74.125.130.0-255,1484,77786,65,173809
10263,0.001055,172.31.40.0-255,66,77852,65,173809
10264,0.001106,74.125.130.0-255,7156,85008,65,173809
10265,0.001109,172.31.40.0-255,66,85074,65,173809
10266,0.001115,172.31.40.0-255,66,85140,65,173809
10267,0.001148,172.31.40.0-255,66,85206,65,173809
10268,0.001225,74.125.130.0-255,1484,86690,65,173809
10269,0.001229,74.125.130.0-255,1484,88174,65,173809
10270,0.001242,74.125.130.0-255,1484,89658,65,173809
10271,0.001247,74.125.130.0-255,4320,93978,65,173809
10272,0.001253,172.31.40.0-255,66,94044,65,173809
10273,0.001265,74.125.130.0-255,5738,99782,65,173809
10274,0.001289,74.125.130.0-255,4320,104102,65,173809
10275,0.0013,74.125.130.0-255,4320,108422,65,173809
10276,0.001312,74.125.130.0-255,2902,111324,65,173809
10277,0.001325,172.31.40.0-255,66,111390,65,173809
10278,0.001497,74.125.130.0-255,1484,112874,65,173809
10279,0.001503,74.125.130.0-255,2902,115776,65,173809
10280,0.001508,172.31.40.0-255,66,115842,65,173809
10281,0.00152,74.125.130.0-255,5738,121580,65,173809
10282,0.001533,74.125.130.0-255,1484,123064,65,173809
10283,0.001561,74.125.130.0-255,2902,125966,65,173809
10284,0.001565,74.125.130.0-255,2902,128868,65,173809
10285,0.001572,172.31.40.0-255,66,128934,65,173809
10286,0.00168,172.31.40.0-255,66,129000,65,173809
10287,0.001715,74.125.130.0-255,7156,136156,65,173809
10288,0.001722,172.31.40.0-255,66,136222,65,173809
10289,0.001736,74.125.130.0-255,6438,142660,65,173809
10290,0.001779,172.31.40.0-255,66,142726,65,173809
10291,0.001793,74.125.130.0-255,2902,145628,65,173809
10292,0.00184,74.125.130.0-255,2184,147812,65,173809
10293,0.001853,172.31.40.0-255,66,147878,65,173809
10294,0.001859,172.31.40.0-255,66,147944,65,173809
10295,0.001893,74.125.130.0-255,6438,154382,65,173809
10296,0.001898,74.125.130.0-255,2902,157284,65,173809
10297,0.001926,74.125.130.0-255,5738,163022,65,173809
10298,0.00193,172.31.40.0-255,66,163088,65,173809
10299,0.001935,172.31.40.0-255,66,163154,65,173809
10300,0.001944,74.125.130.0-255,4320,167474,65,173809
10301,0.001969,74.125.130.0-255,5927,173401,65,173809
10302,0.001988,172.31.40.0-255,66,173467,65,173809
10303,0.001995,74.125.130.0-255,105,173572,65,173809
10304,0.004296,172.31.40.0-255,66,173638,65,173809
10305,0.004332,172.31.40.0-255,105,173743,65,173809
10306,0.006625,74.125.130.0-255,66,173809,65,173809
10307,0.0,74.125.200.0-255,150,150,65,305881
10308,2.4e-05,172.31.40.0-255,66,216,65,305881
10309,3.1e-05,74.125.200.0-255,1484,1700,65,305881
10310,3.6e-05,172.31.40.0-255,66,1766,65,305881
10311,4.2e-05,74.125.200.0-255,2902,4668,65,305881
10312,5.4e-05,172.31.40.0-255,66,4734,65,305881
10313,5.7e-05,74.125.200.0-255,1484,6218,65,305881
10314,6e-05,172.31.40.0-255,66,6284,65,305881
10315,6.5e-05,74.125.200.0-255,2902,9186,65,305881
10316,6.8e-05,172.31.40.0-255,66,9252,65,305881
10317,0.000102,74.125.200.0-255,4960,14212,65,305881
10318,0.000106,172.31.40.0-255,66,14278,65,305881
10319,0.000129,74.125.200.0-255,2902,17180,65,305881
10320,0.000132,172.31.40.0-255,66,17246,65,305881
10321,0.000159,74.125.200.0-255,2902,20148,65,305881
10322,0.000162,172.31.40.0-255,66,20214,65,305881
10323,0.000167,74.125.200.0-255,4320,24534,65,305881
10324,0.00017,172.31.40.0-255,66,24600,65,305881
10325,0.00018,74.125.200.0-255,5738,30338,65,305881
10326,0.000182,172.31.40.0-255,66,30404,65,305881
10327,0.000185,74.125.200.0-255,1125,31529,65,305881
10328,0.000187,172.31.40.0-255,66,31595,65,305881
10329,0.000278,74.125.200.0-255,1484,33079,65,305881
10330,0.000281,172.31.40.0-255,66,33145,65,305881
10331,0.000285,74.125.200.0-255,1484,34629,65,305881
10332,0.000287,172.31.40.0-255,66,34695,65,305881
10333,0.000317,74.125.200.0-255,2902,37597,65,305881
10334,0.00032,172.31.40.0-255,66,37663,65,305881
10335,0.000323,74.125.200.0-255,1484,39147,65,305881
10336,0.000325,172.31.40.0-255,66,39213,65,305881
10337,0.000356,74.125.200.0-255,4320,43533,65,305881
10338,0.000359,172.31.40.0-255,66,43599,65,305881
10339,0.000363,74.125.200.0-255,2902,46501,65,305881
10340,0.000405,74.125.200.0-255,7156,53657,65,305881
10341,0.000438,74.125.200.0-255,1485,55142,65,305881
10342,0.000468,74.125.200.0-255,328,55470,65,305881
10343,0.000544,172.31.40.0-255,66,55536,65,305881
10344,0.000596,74.125.200.0-255,1484,57020,65,305881
10345,0.000639,74.125.200.0-255,2902,59922,65,305881
10346,0.000644,74.125.200.0-255,5738,65660,65,305881
10347,0.000656,74.125.200.0-255,1484,67144,65,305881
10348,0.00067,74.125.200.0-255,5738,72882,65,305881
10349,0.000678,172.31.40.0-255,66,72948,65,305881
10350,0.000694,74.125.200.0-255,2902,75850,65,305881
10351,0.000706,172.31.40.0-255,66,75916,65,305881
10352,0.000738,172.31.40.0-255,66,75982,65,305881
10353,0.000748,74.125.200.0-255,2184,78166,65,305881
10354,0.000768,172.31.40.0-255,66,78232,65,305881
10355,0.000841,74.125.200.0-255,1484,79716,65,305881
10356,0.000854,74.125.200.0-255,2902,82618,65,305881
10357,0.00086,172.31.40.0-255,66,82684,65,305881
10358,0.000872,74.125.200.0-255,4320,87004,65,305881
10359,0.000883,74.125.200.0-255,1484,88488,65,305881
10360,0.000897,172.31.40.0-255,66,88554,65,305881
10361,0.000904,74.125.200.0-255,7156,95710,65,305881
10362,0.000908,172.31.40.0-255,66,95776,65,305881
10363,0.000931,74.125.200.0-255,4320,100096,65,305881
10364,0.000958,172.31.40.0-255,66,100162,65,305881
10365,0.000989,74.125.200.0-255,1484,101646,65,305881
10366,0.001006,74.125.200.0-255,2902,104548,65,305881
10367,0.001018,172.31.40.0-255,66,104614,65,305881
10368,0.001036,74.125.200.0-255,5738,110352,65,305881
10369,0.001049,74.125.200.0-255,2902,113254,65,305881
10370,0.001053,172.31.40.0-255,66,113320,65,305881
10371,0.001079,74.125.200.0-255,4320,117640,65,305881
10372,0.001086,172.31.40.0-255,66,117706,65,305881
10373,0.001107,74.125.200.0-255,5738,123444,65,305881
10374,0.00112,74.125.200.0-255,2902,126346,65,305881
10375,0.001122,172.31.40.0-255,66,126412,65,305881
10376,0.001126,172.31.40.0-255,66,126478,65,305881
10377,0.001177,172.31.40.0-255,66,126544,65,305881
10378,0.001211,74.125.200.0-255,1484,128028,65,305881
10379,0.001224,74.125.200.0-255,2902,130930,65,305881
10380,0.001237,172.31.40.0-255,66,130996,65,305881
10381,0.001247,74.125.200.0-255,1484,132480,65,305881
10382,0.001268,74.125.200.0-255,4320,136800,65,305881
10383,0.001274,74.125.200.0-255,7156,143956,65,305881
10384,0.001279,172.31.40.0-255,66,144022,65,305881
10385,0.001303,74.125.200.0-255,7156,151178,65,305881
10386,0.001311,172.31.40.0-255,66,151244,65,305881
10387,0.001327,74.125.200.0-255,7156,158400,65,305881
10388,0.001343,172.31.40.0-255,66,158466,65,305881
10389,0.001351,74.125.200.0-255,2184,160650,65,305881
10390,0.001376,172.31.40.0-255,66,160716,65,305881
10391,0.001398,74.125.200.0-255,2902,163618,65,305881
10392,0.001414,74.125.200.0-255,1484,165102,65,305881
10393,0.001418,74.125.200.0-255,2902,168004,65,305881
10394,0.001425,172.31.40.0-255,66,168070,65,305881
10395,0.001436,74.125.200.0-255,5738,173808,65,305881
10396,0.001449,74.125.200.0-255,1484,175292,65,305881
10397,0.001463,74.125.200.0-255,7156,182448,65,305881
10398,0.001476,74.125.200.0-255,4320,186768,65,305881
10399,0.001481,172.31.40.0-255,66,186834,65,305881
10400,0.001505,74.125.200.0-255,4320,191154,65,305881
10401,0.001525,74.125.200.0-255,3602,194756,65,305881
10402,0.001532,172.31.40.0-255,66,194822,65,305881
10403,0.001567,74.125.200.0-255,5738,200560,65,305881
10404,0.001573,172.31.40.0-255,66,200626,65,305881
10405,0.001586,74.125.200.0-255,2902,203528,65,305881
10406,0.001632,74.125.200.0-255,1484,205012,65,305881
10407,0.001657,74.125.200.0-255,1484,206496,65,305881
10408,0.001663,172.31.40.0-255,66,206562,65,305881
10409,0.00168,74.125.200.0-255,3602,210164,65,305881
10410,0.001685,74.125.200.0-255,4320,214484,65,305881
10411,0.001698,74.125.200.0-255,1484,215968,65,305881
10412,0.001711,74.125.200.0-255,5738,221706,65,305881
10413,0.001714,172.31.40.0-255,66,221772,65,305881
10414,0.001718,172.31.40.0-255,66,221838,65,305881
10415,0.001726,74.125.200.0-255,2902,224740,65,305881
10416,0.001734,74.125.200.0-255,4320,229060,65,305881
10417,0.001762,74.125.200.0-255,5738,234798,65,305881
10418,0.001772,172.31.40.0-255,66,234864,65,305881
10419,0.001781,172.31.40.0-255,66,234930,65,305881
10420,0.001802,74.125.200.0-255,7156,242086,65,305881
10421,0.00182,74.125.200.0-255,2902,244988,65,305881
10422,0.001823,74.125.200.0-255,2902,247890,65,305881
10423,0.001826,172.31.40.0-255,66,247956,65,305881
10424,0.00183,172.31.40.0-255,66,248022,65,305881
10425,0.001866,172.31.40.0-255,66,248088,65,305881
10426,0.001886,74.125.200.0-255,2902,250990,65,305881
10427,0.001892,74.125.200.0-255,6438,257428,65,305881
10428,0.001906,172.31.40.0-255,66,257494,65,305881
10429,0.001928,74.125.200.0-255,1484,258978,65,305881
10430,0.001945,74.125.200.0-255,2902,261880,65,305881
10431,0.001948,74.125.200.0-255,1484,263364,65,305881
10432,0.001952,172.31.40.0-255,66,263430,65,305881
10433,0.001979,74.125.200.0-255,4320,267750,65,305881
10434,0.001983,74.125.200.0-255,2902,270652,65,305881
10435,0.001986,74.125.200.0-255,2902,273554,65,305881
10436,0.001998,74.125.200.0-255,4320,277874,65,305881
10437,0.002012,74.125.200.0-255,2902,280776,65,305881
10438,0.002014,74.125.200.0-255,1484,282260,65,305881
10439,0.002024,172.31.40.0-255,66,282326,65,305881
10440,0.00205,172.31.40.0-255,66,282392,65,305881
10441,0.002073,74.125.200.0-255,1484,283876,65,305881
10442,0.002078,74.125.200.0-255,2902,286778,65,305881
10443,0.002096,74.125.200.0-255,5738,292516,65,305881
10444,0.002102,172.31.40.0-255,66,292582,65,305881
10445,0.002145,74.125.200.0-255,1484,294066,65,305881
10446,0.002161,74.125.200.0-255,5738,299804,65,305881
10447,0.002173,172.31.40.0-255,66,299870,65,305881
10448,0.002184,74.125.200.0-255,4918,304788,65,305881
10449,0.002187,74.125.200.0-255,97,304885,65,305881
10450,0.002201,172.31.40.0-255,66,304951,65,305881
10451,0.002219,74.125.200.0-255,105,305056,65,305881
10452,0.002258,74.125.200.0-255,129,305185,65,305881
10453,0.004797,172.31.40.0-255,105,305290,65,305881
10454,0.004833,172.31.40.0-255,105,305395,65,305881
10455,0.005058,172.31.40.0-255,90,305485,65,305881
10456,0.005068,172.31.40.0-255,66,305551,65,305881
10457,0.007116,74.125.200.0-255,66,305617,65,305881
10458,0.007133,74.125.200.0-255,66,305683,65,305881
10459,0.007336,74.125.200.0-255,66,305749,65,305881
10460,0.007374,74.125.200.0-255,66,305815,65,305881
10461,0.007384,172.31.40.0-255,66,305881,65,305881
10462,0.0,74.125.130.0-255,152,152,65,204229
10463,2.3e-05,172.31.40.0-255,66,218,65,204229
10464,3.1e-05,74.125.130.0-255,1484,1702,65,204229
10465,3.8e-05,172.31.40.0-255,66,1768,65,204229
10466,5.1e-05,74.125.130.0-255,2902,4670,65,204229
10467,5.5e-05,172.31.40.0-255,66,4736,65,204229
10468,6e-05,74.125.130.0-255,2902,7638,65,204229
10469,6.4e-05,172.31.40.0-255,66,7704,65,204229
10470,7e-05,74.125.130.0-255,4320,12024,65,204229
10471,7.3e-05,172.31.40.0-255,66,12090,65,204229
10472,0.000132,172.31.40.0-255,66,12156,65,204229
10473,0.000169,74.125.130.0-255,2902,15058,65,204229
10474,0.000171,172.31.40.0-255,66,15124,65,204229
10475,0.000205,74.125.130.0-255,6797,21921,65,204229
10476,0.000208,172.31.40.0-255,66,21987,65,204229
10477,0.000249,74.125.130.0-255,1484,23471,65,204229
10478,0.000252,172.31.40.0-255,66,23537,65,204229
10479,0.00027,74.125.130.0-255,2902,26439,65,204229
10480,0.000273,172.31.40.0-255,66,26505,65,204229
10481,0.000308,74.125.130.0-255,5738,32243,65,204229
10482,0.000312,172.31.40.0-255,66,32309,65,204229
10483,0.000335,74.125.130.0-255,5738,38047,65,204229
10484,0.000338,172.31.40.0-255,66,38113,65,204229
10485,0.000383,74.125.130.0-255,4320,42433,65,204229
10486,0.000386,172.31.40.0-255,66,42499,65,204229
10487,0.000411,74.125.130.0-255,2543,45042,65,204229
10488,0.000414,172.31.40.0-255,66,45108,65,204229
10489,0.000465,172.31.40.0-255,66,45174,65,204229
10490,0.000496,74.125.130.0-255,2798,47972,65,204229
10491,0.000499,172.31.40.0-255,66,48038,65,204229
10492,0.000502,74.125.130.0-255,119,48157,65,204229
10493,0.000603,74.125.130.0-255,1484,49641,65,204229
10494,0.000608,172.31.40.0-255,66,49707,65,204229
10495,0.000612,74.125.130.0-255,2902,52609,65,204229
10496,0.000614,172.31.40.0-255,66,52675,65,204229
10497,0.000639,74.125.130.0-255,5738,58413,65,204229
10498,0.000642,172.31.40.0-255,66,58479,65,204229
10499,0.000684,74.125.130.0-255,6797,65276,65,204229
10500,0.000687,172.31.40.0-255,66,65342,65,204229
10501,0.000731,74.125.130.0-255,4320,69662,65,204229
10502,0.000734,172.31.40.0-255,66,69728,65,204229
10503,0.000752,74.125.130.0-255,2902,72630,65,204229
10504,0.000755,172.31.40.0-255,66,72696,65,204229
10505,0.000781,74.125.130.0-255,2902,75598,65,204229
10506,0.000784,172.31.40.0-255,66,75664,65,204229
10507,0.000814,74.125.130.0-255,5738,81402,65,204229
10508,0.000817,172.31.40.0-255,66,81468,65,204229
10509,0.000842,74.125.130.0-255,1125,82593,65,204229
10510,0.001089,74.125.130.0-255,1484,84077,65,204229
10511,0.001093,172.31.40.0-255,66,84143,65,204229
10512,0.001121,74.125.130.0-255,1484,85627,65,204229
10513,0.001127,74.125.130.0-255,2902,88529,65,204229
10514,0.00113,172.31.40.0-255,66,88595,65,204229
10515,0.001165,74.125.130.0-255,5738,94333,65,204229
10516,0.001168,172.31.40.0-255,66,94399,65,204229
10517,0.001171,74.125.130.0-255,1484,95883,65,204229
10518,0.001196,74.125.130.0-255,1484,97367,65,204229
10519,0.001199,172.31.40.0-255,66,97433,65,204229
10520,0.001204,74.125.130.0-255,2902,100335,65,204229
10521,0.001206,172.31.40.0-255,66,100401,65,204229
10522,0.001257,74.125.130.0-255,7156,107557,65,204229
10523,0.001262,172.31.40.0-255,66,107623,65,204229
10524,0.001357,74.125.130.0-255,1484,109107,65,204229
10525,0.001362,74.125.130.0-255,2902,112009,65,204229
10526,0.001393,74.125.130.0-255,4320,116329,65,204229
10527,0.001406,74.125.130.0-255,1484,117813,65,204229
10528,0.001445,74.125.130.0-255,4320,122133,65,204229
10529,0.001544,74.125.130.0-255,7156,129289,65,204229
10530,0.001648,74.125.130.0-255,3602,132891,65,204229
10531,0.001675,74.125.130.0-255,1484,134375,65,204229
10532,0.001699,74.125.130.0-255,2902,137277,65,204229
10533,0.001716,74.125.130.0-255,4320,141597,65,204229
10534,0.001737,74.125.130.0-255,4320,145917,65,204229
10535,0.001747,74.125.130.0-255,1484,147401,65,204229
10536,0.001783,74.125.130.0-255,4320,151721,65,204229
10537,0.001809,74.125.130.0-255,7156,158877,65,204229
10538,0.00187,74.125.130.0-255,2902,161779,65,204229
10539,0.001903,74.125.130.0-255,5020,166799,65,204229
10540,0.002082,74.125.130.0-255,1484,168283,65,204229
10541,0.002098,74.125.130.0-255,1484,169767,65,204229
10542,0.006887,172.31.40.0-255,66,169833,65,204229
10543,0.006891,172.31.40.0-255,66,169899,65,204229
10544,0.006894,172.31.40.0-255,66,169965,65,204229
10545,0.006897,172.31.40.0-255,66,170031,65,204229
10546,0.006899,172.31.40.0-255,66,170097,65,204229
10547,0.006909,172.31.40.0-255,66,170163,65,204229
10548,0.006912,172.31.40.0-255,66,170229,65,204229
10549,0.006915,172.31.40.0-255,66,170295,65,204229
10550,0.006918,172.31.40.0-255,66,170361,65,204229
10551,0.00692,172.31.40.0-255,66,170427,65,204229
10552,0.006923,172.31.40.0-255,66,170493,65,204229
10553,0.006926,172.31.40.0-255,66,170559,65,204229
10554,0.006928,172.31.40.0-255,66,170625,65,204229
10555,0.006931,172.31.40.0-255,66,170691,65,204229
10556,0.006934,172.31.40.0-255,66,170757,65,204229
10557,0.009004,74.125.130.0-255,4320,175077,65,204229
10558,0.009011,172.31.40.0-255,66,175143,65,204229
10559,0.009037,74.125.130.0-255,1484,176627,65,204229
10560,0.011087,74.125.130.0-255,4320,180947,65,204229
10561,0.011095,172.31.40.0-255,66,181013,65,204229
10562,0.013178,74.125.130.0-255,5738,186751,65,204229
10563,0.013187,172.31.40.0-255,66,186817,65,204229
10564,0.015273,74.125.130.0-255,5738,192555,65,204229
10565,0.015284,172.31.40.0-255,66,192621,65,204229
10566,0.017365,74.125.130.0-255,5738,198359,65,204229
10567,0.017373,172.31.40.0-255,66,198425,65,204229
10568,0.019486,74.125.130.0-255,5738,204163,65,204229
10569,0.019494,172.31.40.0-255,66,204229,65,204229
10570,0.0,74.125.68.0-255,155,155,65,225683
10571,2e-05,172.31.40.0-255,66,221,65,225683
10572,2.7e-05,74.125.68.0-255,1484,1705,65,225683
10573,3.1e-05,172.31.40.0-255,66,1771,65,225683
10574,3.5e-05,74.125.68.0-255,1484,3255,65,225683
10575,3.8e-05,172.31.40.0-255,66,3321,65,225683
10576,7.6e-05,74.125.68.0-255,1484,4805,65,225683
10577,7.9e-05,172.31.40.0-255,66,4871,65,225683
10578,8.8e-05,74.125.68.0-255,7156,12027,65,225683
10579,9e-05,172.31.40.0-255,66,12093,65,225683
10580,9.4e-05,74.125.68.0-255,2104,14197,65,225683
10581,9.6e-05,172.31.40.0-255,66,14263,65,225683
10582,0.000133,74.125.68.0-255,2902,17165,65,225683
10583,0.000138,172.31.40.0-255,66,17231,65,225683
10584,0.000141,74.125.68.0-255,1484,18715,65,225683
10585,0.000143,172.31.40.0-255,66,18781,65,225683
10586,0.000148,74.125.68.0-255,2902,21683,65,225683
10587,0.00015,172.31.40.0-255,66,21749,65,225683
10588,0.000183,74.125.68.0-255,5738,27487,65,225683
10589,0.000186,172.31.40.0-255,66,27553,65,225683
10590,0.000189,74.125.68.0-255,1484,29037,65,225683
10591,0.000191,172.31.40.0-255,66,29103,65,225683
10592,0.000196,74.125.68.0-255,2543,31646,65,225683
10593,0.000199,172.31.40.0-255,66,31712,65,225683
10594,0.000346,74.125.68.0-255,1484,33196,65,225683
10595,0.000351,172.31.40.0-255,66,33262,65,225683
10596,0.000356,74.125.68.0-255,1484,34746,65,225683
10597,0.000359,172.31.40.0-255,66,34812,65,225683
10598,0.000377,74.125.68.0-255,1484,36296,65,225683
10599,0.00038,172.31.40.0-255,66,36362,65,225683
10600,0.000388,74.125.68.0-255,1484,37846,65,225683
10601,0.00039,172.31.40.0-255,66,37912,65,225683
10602,0.000395,74.125.68.0-255,2902,40814,65,225683
10603,0.000397,172.31.40.0-255,66,40880,65,225683
10604,0.00043,74.125.68.0-255,5738,46618,65,225683
10605,0.000432,172.31.40.0-255,66,46684,65,225683
10606,0.000435,74.125.68.0-255,1484,48168,65,225683
10607,0.000449,74.125.68.0-255,2543,50711,65,225683
10608,0.000451,172.31.40.0-255,66,50777,65,225683
10609,0.000478,74.125.68.0-255,2902,53679,65,225683
10610,0.00048,172.31.40.0-255,66,53745,65,225683
10611,0.000505,74.125.68.0-255,2902,56647,65,225683
10612,0.000507,172.31.40.0-255,66,56713,65,225683
10613,0.000546,74.125.68.0-255,7156,63869,65,225683
10614,0.000548,172.31.40.0-255,66,63935,65,225683
10615,0.000552,74.125.68.0-255,2816,66751,65,225683
10616,0.000554,172.31.40.0-255,66,66817,65,225683
10617,0.000557,74.125.68.0-255,130,66947,65,225683
10618,0.000607,74.125.68.0-255,348,67295,65,225683
10619,0.000729,74.125.68.0-255,1484,68779,65,225683
10620,0.000735,172.31.40.0-255,66,68845,65,225683
10621,0.000761,74.125.68.0-255,2902,71747,65,225683
10622,0.000764,172.31.40.0-255,66,71813,65,225683
10623,0.000769,74.125.68.0-255,4320,76133,65,225683
10624,0.000772,172.31.40.0-255,66,76199,65,225683
10625,0.000791,74.125.68.0-255,1484,77683,65,225683
10626,0.000795,74.125.68.0-255,2902,80585,65,225683
10627,0.000797,172.31.40.0-255,66,80651,65,225683
10628,0.000803,74.125.68.0-255,4320,84971,65,225683
10629,0.000805,172.31.40.0-255,66,85037,65,225683
10630,0.000831,74.125.68.0-255,2902,87939,65,225683
10631,0.000834,172.31.40.0-255,66,88005,65,225683
10632,0.000856,74.125.68.0-255,4320,92325,65,225683
10633,0.000859,172.31.40.0-255,66,92391,65,225683
10634,0.000884,172.31.40.0-255,66,92457,65,225683
10635,0.000887,74.125.68.0-255,766,93223,65,225683
10636,0.001262,74.125.68.0-255,1484,94707,65,225683
10637,0.001266,172.31.40.0-255,66,94773,65,225683
10638,0.001272,74.125.68.0-255,2902,97675,65,225683
10639,0.001274,172.31.40.0-255,66,97741,65,225683
10640,0.001301,74.125.68.0-255,5738,103479,65,225683
10641,0.001304,172.31.40.0-255,66,103545,65,225683
10642,0.001334,74.125.68.0-255,7156,110701,65,225683
10643,0.001336,172.31.40.0-255,66,110767,65,225683
10644,0.00137,172.31.40.0-255,66,110833,65,225683
10645,0.001408,74.125.68.0-255,2902,113735,65,225683
10646,0.001411,172.31.40.0-255,66,113801,65,225683
10647,0.001438,74.125.68.0-255,3602,117403,65,225683
10648,0.001441,172.31.40.0-255,66,117469,65,225683
10649,0.001497,74.125.68.0-255,1484,118953,65,225683
10650,0.001502,74.125.68.0-255,2902,121855,65,225683
10651,0.001505,172.31.40.0-255,66,121921,65,225683
10652,0.001536,74.125.68.0-255,2902,124823,65,225683
10653,0.001539,172.31.40.0-255,66,124889,65,225683
10654,0.001566,74.125.68.0-255,2902,127791,65,225683
10655,0.001569,172.31.40.0-255,66,127857,65,225683
10656,0.001572,74.125.68.0-255,1484,129341,65,225683
10657,0.001595,74.125.68.0-255,2902,132243,65,225683
10658,0.001597,172.31.40.0-255,66,132309,65,225683
10659,0.001601,74.125.68.0-255,1484,133793,65,225683
10660,0.001626,74.125.68.0-255,4320,138113,65,225683
10661,0.001633,74.125.68.0-255,7156,145269,65,225683
10662,0.001637,172.31.40.0-255,66,145335,65,225683
10663,0.001648,172.31.40.0-255,66,145401,65,225683
10664,0.001658,74.125.68.0-255,4320,149721,65,225683
10665,0.00166,172.31.40.0-255,66,149787,65,225683
10666,0.001701,74.125.68.0-255,2184,151971,65,225683
10667,0.001705,172.31.40.0-255,66,152037,65,225683
10668,0.001853,74.125.68.0-255,1484,153521,65,225683
10669,0.001857,74.125.68.0-255,1484,155005,65,225683
10670,0.001859,172.31.40.0-255,66,155071,65,225683
10671,0.001882,74.125.68.0-255,1484,156555,65,225683
10672,0.001898,74.125.68.0-255,5738,162293,65,225683
10673,0.0019,172.31.40.0-255,66,162359,65,225683
10674,0.001932,74.125.68.0-255,5738,168097,65,225683
10675,0.001934,172.31.40.0-255,66,168163,65,225683
10676,0.001945,74.125.68.0-255,1484,169647,65,225683
10677,0.001955,74.125.68.0-255,4320,173967,65,225683
10678,0.001957,172.31.40.0-255,66,174033,65,225683
10679,0.001999,74.125.68.0-255,5738,179771,65,225683
10680,0.002003,172.31.40.0-255,66,179837,65,225683
10681,0.002011,74.125.68.0-255,1484,181321,65,225683
10682,0.002038,74.125.68.0-255,5020,186341,65,225683
10683,0.002041,172.31.40.0-255,66,186407,65,225683
10684,0.004334,74.125.68.0-255,5738,192145,65,225683
10685,0.004341,172.31.40.0-255,66,192211,65,225683
10686,0.006623,74.125.68.0-255,4320,196531,65,225683
10687,0.006626,172.31.40.0-255,66,196597,65,225683
10688,0.006652,74.125.68.0-255,1484,198081,65,225683
10689,0.008926,74.125.68.0-255,4320,202401,65,225683
10690,0.008932,172.31.40.0-255,66,202467,65,225683
10691,0.011249,74.125.68.0-255,5738,208205,65,225683
10692,0.011256,172.31.40.0-255,66,208271,65,225683
10693,0.013563,74.125.68.0-255,5738,214009,65,225683
10694,0.013573,172.31.40.0-255,66,214075,65,225683
10695,0.01588,74.125.68.0-255,5738,219813,65,225683
10696,0.015889,172.31.40.0-255,66,219879,65,225683
10697,0.018195,74.125.68.0-255,5738,225617,65,225683
10698,0.018203,172.31.40.0-255,66,225683,65,225683
10699,0.0,74.125.68.0-255,156,156,65,293609
10700,2.3e-05,172.31.40.0-255,66,222,65,293609
10701,2.9e-05,74.125.68.0-255,1484,1706,65,293609
10702,3.4e-05,172.31.40.0-255,66,1772,65,293609
10703,3.9e-05,74.125.68.0-255,2902,4674,65,293609
10704,4.2e-05,172.31.40.0-255,66,4740,65,293609
10705,5e-05,74.125.68.0-255,7156,11896,65,293609
10706,5.3e-05,172.31.40.0-255,66,11962,65,293609
10707,5.7e-05,74.125.68.0-255,2063,14025,65,293609
10708,5.9e-05,172.31.40.0-255,66,14091,65,293609
10709,0.000213,74.125.68.0-255,1484,15575,65,293609
10710,0.000217,172.31.40.0-255,66,15641,65,293609
10711,0.000222,74.125.68.0-255,2902,18543,65,293609
10712,0.000225,172.31.40.0-255,66,18609,65,293609
10713,0.000239,74.125.68.0-255,5738,24347,65,293609
10714,0.000241,172.31.40.0-255,66,24413,65,293609
10715,0.000266,74.125.68.0-255,4320,28733,65,293609
10716,0.000268,172.31.40.0-255,66,28799,65,293609
10717,0.000299,74.125.68.0-255,2543,31342,65,293609
10718,0.000301,172.31.40.0-255,66,31408,65,293609
10719,0.000304,74.125.68.0-255,1484,32892,65,293609
10720,0.000306,172.31.40.0-255,66,32958,65,293609
10721,0.00032,74.125.68.0-255,1484,34442,65,293609
10722,0.000322,172.31.40.0-255,66,34508,65,293609
10723,0.000339,74.125.68.0-255,1484,35992,65,293609
10724,0.000341,172.31.40.0-255,66,36058,65,293609
10725,0.000355,74.125.68.0-255,5738,41796,65,293609
10726,0.000357,172.31.40.0-255,66,41862,65,293609
10727,0.000362,74.125.68.0-255,4320,46182,65,293609
10728,0.000364,172.31.40.0-255,66,46248,65,293609
10729,0.000404,74.125.68.0-255,2543,48791,65,293609
10730,0.000406,172.31.40.0-255,66,48857,65,293609
10731,0.000438,74.125.68.0-255,2902,51759,65,293609
10732,0.00044,172.31.40.0-255,66,51825,65,293609
10733,0.000443,74.125.68.0-255,1484,53309,65,293609
10734,0.000462,74.125.68.0-255,5738,59047,65,293609
10735,0.000465,172.31.40.0-255,66,59113,65,293609
10736,0.00047,74.125.68.0-255,4320,63433,65,293609
10737,0.000471,172.31.40.0-255,66,63499,65,293609
10738,0.000511,74.125.68.0-255,2879,66378,65,293609
10739,0.000513,172.31.40.0-255,66,66444,65,293609
10740,0.000537,74.125.68.0-255,341,66785,65,293609
10741,0.000644,74.125.68.0-255,1484,68269,65,293609
10742,0.000647,172.31.40.0-255,66,68335,65,293609
10743,0.000658,74.125.68.0-255,1484,69819,65,293609
10744,0.000679,74.125.68.0-255,2902,72721,65,293609
10745,0.000682,172.31.40.0-255,66,72787,65,293609
10746,0.000686,74.125.68.0-255,2902,75689,65,293609
10747,0.000687,172.31.40.0-255,66,75755,65,293609
10748,0.0007,74.125.68.0-255,2902,78657,65,293609
10749,0.000702,172.31.40.0-255,66,78723,65,293609
10750,0.000714,74.125.68.0-255,2902,81625,65,293609
10751,0.000716,172.31.40.0-255,66,81691,65,293609
10752,0.000735,74.125.68.0-255,3961,85652,65,293609
10753,0.000737,172.31.40.0-255,66,85718,65,293609
10754,0.000743,74.125.68.0-255,7156,92874,65,293609
10755,0.000745,172.31.40.0-255,66,92940,65,293609
10756,0.000765,74.125.68.0-255,4320,97260,65,293609
10757,0.000767,172.31.40.0-255,66,97326,65,293609
10758,0.000789,74.125.68.0-255,3961,101287,65,293609
10759,0.000792,172.31.40.0-255,66,101353,65,293609
10760,0.000973,74.125.68.0-255,1484,102837,65,293609
10761,0.000991,74.125.68.0-255,2902,105739,65,293609
10762,0.000994,172.31.40.0-255,66,105805,65,293609
10763,0.000997,74.125.68.0-255,1484,107289,65,293609
10764,0.001015,74.125.68.0-255,4320,111609,65,293609
10765,0.001017,172.31.40.0-255,66,111675,65,293609
10766,0.001021,74.125.68.0-255,1484,113159,65,293609
10767,0.001044,74.125.68.0-255,1484,114643,65,293609
10768,0.001046,172.31.40.0-255,66,114709,65,293609
10769,0.001053,74.125.68.0-255,4320,119029,65,293609
10770,0.001055,172.31.40.0-255,66,119095,65,293609
10771,0.001059,74.125.68.0-255,2902,121997,65,293609
10772,0.001061,172.31.40.0-255,66,122063,65,293609
10773,0.001095,74.125.68.0-255,5738,127801,65,293609
10774,0.001098,172.31.40.0-255,66,127867,65,293609
10775,0.001127,74.125.68.0-255,4320,132187,65,293609
10776,0.001129,172.31.40.0-255,66,132253,65,293609
10777,0.00115,74.125.68.0-255,3602,135855,65,293609
10778,0.001153,172.31.40.0-255,66,135921,65,293609
10779,0.001258,74.125.68.0-255,1484,137405,65,293609
10780,0.001273,74.125.68.0-255,2902,140307,65,293609
10781,0.001276,172.31.40.0-255,66,140373,65,293609
10782,0.00128,74.125.68.0-255,1484,141857,65,293609
10783,0.001296,74.125.68.0-255,4320,146177,65,293609
10784,0.001299,172.31.40.0-255,66,146243,65,293609
10785,0.001341,74.125.68.0-255,4320,150563,65,293609
10786,0.001344,172.31.40.0-255,66,150629,65,293609
10787,0.001368,74.125.68.0-255,7156,157785,65,293609
10788,0.001371,172.31.40.0-255,66,157851,65,293609
10789,0.001376,74.125.68.0-255,5738,163589,65,293609
10790,0.001379,172.31.40.0-255,66,163655,65,293609
10791,0.001402,74.125.68.0-255,6438,170093,65,293609
10792,0.001405,172.31.40.0-255,66,170159,65,293609
10793,0.001642,74.125.68.0-255,1484,171643,65,293609
10794,0.001648,74.125.68.0-255,2902,174545,65,293609
10795,0.001651,172.31.40.0-255,66,174611,65,293609
10796,0.001678,74.125.68.0-255,5738,180349,65,293609
10797,0.001682,74.125.68.0-255,2902,183251,65,293609
10798,0.001686,172.31.40.0-255,66,183317,65,293609
10799,0.001693,172.31.40.0-255,66,183383,65,293609
10800,0.001728,74.125.68.0-255,4320,187703,65,293609
10801,0.001732,172.31.40.0-255,66,187769,65,293609
10802,0.00176,74.125.68.0-255,5738,193507,65,293609
10803,0.001763,172.31.40.0-255,66,193573,65,293609
10804,0.001778,74.125.68.0-255,1484,195057,65,293609
10805,0.001802,172.31.40.0-255,66,195123,65,293609
10806,0.001869,74.125.68.0-255,1484,196607,65,293609
10807,0.001887,74.125.68.0-255,2902,199509,65,293609
10808,0.001891,172.31.40.0-255,66,199575,65,293609
10809,0.001913,74.125.68.0-255,4320,203895,65,293609
10810,0.001915,172.31.40.0-255,66,203961,65,293609
10811,0.001934,74.125.68.0-255,1484,205445,65,293609
10812,0.001937,74.125.68.0-255,1484,206929,65,293609
10813,0.001939,172.31.40.0-255,66,206995,65,293609
10814,0.001958,74.125.68.0-255,2902,209897,65,293609
10815,0.00196,172.31.40.0-255,66,209963,65,293609
10816,0.001986,74.125.68.0-255,5738,215701,65,293609
10817,0.001989,172.31.40.0-255,66,215767,65,293609
10818,0.001993,74.125.68.0-255,2902,218669,65,293609
10819,0.001995,172.31.40.0-255,66,218735,65,293609
10820,0.002021,74.125.68.0-255,2902,221637,65,293609
10821,0.002024,172.31.40.0-255,66,221703,65,293609
10822,0.002042,74.125.68.0-255,1484,223187,65,293609
10823,0.002045,74.125.68.0-255,1484,224671,65,293609
10824,0.002047,172.31.40.0-255,66,224737,65,293609
10825,0.002067,74.125.68.0-255,2902,227639,65,293609
10826,0.00207,172.31.40.0-255,66,227705,65,293609
10827,0.002089,74.125.68.0-255,2184,229889,65,293609
10828,0.002092,172.31.40.0-255,66,229955,65,293609
10829,0.002265,74.125.68.0-255,1484,231439,65,293609
10830,0.002286,74.125.68.0-255,2902,234341,65,293609
10831,0.002289,172.31.40.0-255,66,234407,65,293609
10832,0.002294,74.125.68.0-255,2902,237309,65,293609
10833,0.002296,172.31.40.0-255,66,237375,65,293609
10834,0.002326,74.125.68.0-255,2902,240277,65,293609
10835,0.002328,172.31.40.0-255,66,240343,65,293609
10836,0.002351,74.125.68.0-255,1484,241827,65,293609
10837,0.002361,172.31.40.0-255,66,241893,65,293609
10838,0.002367,74.125.68.0-255,5738,247631,65,293609
10839,0.00237,172.31.40.0-255,66,247697,65,293609
10840,0.002377,74.125.68.0-255,7156,254853,65,293609
10841,0.002379,172.31.40.0-255,66,254919,65,293609
10842,0.002382,74.125.68.0-255,766,255685,65,293609
10843,0.004815,74.125.68.0-255,4320,260005,65,293609
10844,0.00482,172.31.40.0-255,66,260071,65,293609
10845,0.00724,74.125.68.0-255,1484,261555,65,293609
10846,0.007262,74.125.68.0-255,4320,265875,65,293609
10847,0.007264,172.31.40.0-255,66,265941,65,293609
10848,0.009706,74.125.68.0-255,5738,271679,65,293609
10849,0.009712,172.31.40.0-255,66,271745,65,293609
10850,0.012143,74.125.68.0-255,4320,276065,65,293609
10851,0.012151,172.31.40.0-255,66,276131,65,293609
10852,0.01217,74.125.68.0-255,1484,277615,65,293609
10853,0.014572,74.125.68.0-255,4320,281935,65,293609
10854,0.014581,172.31.40.0-255,66,282001,65,293609
10855,0.017023,74.125.68.0-255,5738,287739,65,293609
10856,0.017033,172.31.40.0-255,66,287805,65,293609
10857,0.019455,74.125.68.0-255,5738,293543,65,293609
10858,0.019463,172.31.40.0-255,66,293609,65,293609
10859,0.0,142.250.4.0-255,153,153,65,148827
10860,1.9e-05,172.31.40.0-255,66,219,65,148827
10861,2.7e-05,142.250.4.0-255,1484,1703,65,148827
10862,3.1e-05,172.31.40.0-255,66,1769,65,148827
10863,3.9e-05,142.250.4.0-255,2902,4671,65,148827
10864,4.3e-05,172.31.40.0-255,66,4737,65,148827
10865,5.8e-05,142.250.4.0-255,7156,11893,65,148827
10866,6.1e-05,172.31.40.0-255,66,11959,65,148827
10867,6.5e-05,142.250.4.0-255,1484,13443,65,148827
10868,6.7e-05,172.31.40.0-255,66,13509,65,148827
10869,0.000124,172.31.40.0-255,66,13575,65,148827
10870,0.000128,142.250.4.0-255,2543,16118,65,148827
10871,0.00013,172.31.40.0-255,66,16184,65,148827
10872,0.000277,142.250.4.0-255,1484,17668,65,148827
10873,0.000283,172.31.40.0-255,66,17734,65,148827
10874,0.000314,142.250.4.0-255,2902,20636,65,148827
10875,0.000317,172.31.40.0-255,66,20702,65,148827
10876,0.000338,142.250.4.0-255,5738,26440,65,148827
10877,0.000341,172.31.40.0-255,66,26506,65,148827
10878,0.000346,142.250.4.0-255,4320,30826,65,148827
10879,0.000349,172.31.40.0-255,66,30892,65,148827
10880,0.000393,172.31.40.0-255,66,30958,65,148827
10881,0.000402,142.250.4.0-255,6797,37755,65,148827
10882,0.000404,172.31.40.0-255,66,37821,65,148827
10883,0.00061,142.250.4.0-255,412,38233,65,148827
10884,0.000615,172.31.40.0-255,66,38299,65,148827
10885,0.000828,142.250.4.0-255,1484,39783,65,148827
10886,0.000832,172.31.40.0-255,66,39849,65,148827
10887,0.000838,142.250.4.0-255,2902,42751,65,148827
10888,0.00084,172.31.40.0-255,66,42817,65,148827
10889,0.000844,142.250.4.0-255,2902,45719,65,148827
10890,0.000851,172.31.40.0-255,66,45785,65,148827
10891,0.000878,142.250.4.0-255,2902,48687,65,148827
10892,0.000881,172.31.40.0-255,66,48753,65,148827
10893,0.000901,142.250.4.0-255,1484,50237,65,148827
10894,0.000911,172.31.40.0-255,66,50303,65,148827
10895,0.000942,142.250.4.0-255,332,50635,65,148827
10896,0.000947,172.31.40.0-255,66,50701,65,148827
10897,0.00139,142.250.4.0-255,1484,52185,65,148827
10898,0.001396,142.250.4.0-255,2902,55087,65,148827
10899,0.0014,172.31.40.0-255,66,55153,65,148827
10900,0.001405,142.250.4.0-255,2902,58055,65,148827
10901,0.001407,172.31.40.0-255,66,58121,65,148827
10902,0.001432,142.250.4.0-255,2902,61023,65,148827
10903,0.001434,172.31.40.0-255,66,61089,65,148827
10904,0.001442,142.250.4.0-255,7156,68245,65,148827
10905,0.001445,172.31.40.0-255,66,68311,65,148827
10906,0.001483,142.250.4.0-255,5738,74049,65,148827
10907,0.00149,172.31.40.0-255,66,74115,65,148827
10908,0.001503,142.250.4.0-255,216,74331,65,148827
10909,0.001525,172.31.40.0-255,66,74397,65,148827
10910,0.001613,142.250.4.0-255,1484,75881,65,148827
10911,0.001636,142.250.4.0-255,2902,78783,65,148827
10912,0.001639,172.31.40.0-255,66,78849,65,148827
10913,0.001647,142.250.4.0-255,5738,84587,65,148827
10914,0.001649,172.31.40.0-255,66,84653,65,148827
10915,0.001686,142.250.4.0-255,2902,87555,65,148827
10916,0.001688,172.31.40.0-255,66,87621,65,148827
10917,0.001765,142.250.4.0-255,2902,90523,65,148827
10918,0.001777,172.31.40.0-255,66,90589,65,148827
10919,0.001825,172.31.40.0-255,66,90655,65,148827
10920,0.001967,142.250.4.0-255,1484,92139,65,148827
10921,0.001973,142.250.4.0-255,2902,95041,65,148827
10922,0.001976,172.31.40.0-255,66,95107,65,148827
10923,0.001981,142.250.4.0-255,2902,98009,65,148827
10924,0.002005,142.250.4.0-255,2902,100911,65,148827
10925,0.002013,142.250.4.0-255,7156,108067,65,148827
10926,0.002016,172.31.40.0-255,66,108133,65,148827
10927,0.002029,142.250.4.0-255,5738,113871,65,148827
10928,0.002038,172.31.40.0-255,66,113937,65,148827
10929,0.002084,172.31.40.0-255,66,114003,65,148827
10930,0.004226,142.250.4.0-255,5738,119741,65,148827
10931,0.008607,172.31.40.0-255,66,119807,65,148827
10932,0.010761,142.250.4.0-255,5738,125545,65,148827
10933,0.010774,172.31.40.0-255,66,125611,65,148827
10934,0.012917,142.250.4.0-255,5738,131349,65,148827
10935,0.012929,172.31.40.0-255,66,131415,65,148827
10936,0.015062,142.250.4.0-255,5738,137153,65,148827
10937,0.015073,172.31.40.0-255,66,137219,65,148827
10938,0.017226,142.250.4.0-255,5738,142957,65,148827
10939,0.017243,172.31.40.0-255,66,143023,65,148827
10940,0.019387,142.250.4.0-255,5738,148761,65,148827
10941,0.019397,172.31.40.0-255,66,148827,65,148827
10942,0.0,74.125.130.0-255,149,149,65,216398
10943,2e-05,172.31.40.0-255,66,215,65,216398
10944,2.7e-05,74.125.130.0-255,1484,1699,65,216398
10945,3.1e-05,172.31.40.0-255,66,1765,65,216398
10946,3.6e-05,74.125.130.0-255,2902,4667,65,216398
10947,3.9e-05,172.31.40.0-255,66,4733,65,216398
10948,4.2e-05,74.125.130.0-255,1484,6217,65,216398
10949,4.4e-05,172.31.40.0-255,66,6283,65,216398
10950,4.7e-05,74.125.130.0-255,1484,7767,65,216398
10951,4.9e-05,172.31.40.0-255,66,7833,65,216398
10952,7e-05,74.125.130.0-255,1484,9317,65,216398
10953,7.3e-05,172.31.40.0-255,66,9383,65,216398
10954,8.3e-05,74.125.130.0-255,1484,10867,65,216398
10955,8.5e-05,172.31.40.0-255,66,10933,65,216398
10956,0.000104,74.125.130.0-255,4900,15833,65,216398
10957,0.000106,172.31.40.0-255,66,15899,65,216398
10958,0.000111,74.125.130.0-255,4320,20219,65,216398
10959,0.000113,172.31.40.0-255,66,20285,65,216398
10960,0.000137,74.125.130.0-255,5738,26023,65,216398
10961,0.00014,172.31.40.0-255,66,26089,65,216398
10962,0.000165,74.125.130.0-255,5379,31468,65,216398
10963,0.000168,172.31.40.0-255,66,31534,65,216398
10964,0.000304,74.125.130.0-255,1484,33018,65,216398
10965,0.000306,172.31.40.0-255,66,33084,65,216398
10966,0.000309,74.125.130.0-255,1484,34568,65,216398
10967,0.000311,172.31.40.0-255,66,34634,65,216398
10968,0.000314,74.125.130.0-255,1484,36118,65,216398
10969,0.000316,172.31.40.0-255,66,36184,65,216398
10970,0.000333,74.125.130.0-255,1484,37668,65,216398
10971,0.000335,172.31.40.0-255,66,37734,65,216398
10972,0.000341,74.125.130.0-255,5738,43472,65,216398
10973,0.000343,172.31.40.0-255,66,43538,65,216398
10974,0.000345,74.125.130.0-255,1484,45022,65,216398
10975,0.000361,74.125.130.0-255,2902,47924,65,216398
10976,0.000363,172.31.40.0-255,66,47990,65,216398
10977,0.000392,74.125.130.0-255,1484,49474,65,216398
10978,0.000408,74.125.130.0-255,2543,52017,65,216398
10979,0.000411,172.31.40.0-255,66,52083,65,216398
10980,0.000416,74.125.130.0-255,4320,56403,65,216398
10981,0.000418,172.31.40.0-255,66,56469,65,216398
10982,0.000468,74.125.130.0-255,5738,62207,65,216398
10983,0.00047,172.31.40.0-255,66,62273,65,216398
10984,0.000487,74.125.130.0-255,1484,63757,65,216398
10985,0.000491,74.125.130.0-255,2831,66588,65,216398
10986,0.000493,172.31.40.0-255,66,66654,65,216398
10987,0.000648,74.125.130.0-255,366,67020,65,216398
10988,0.000793,74.125.130.0-255,1484,68504,65,216398
10989,0.000795,172.31.40.0-255,66,68570,65,216398
10990,0.0008,74.125.130.0-255,2902,71472,65,216398
10991,0.000802,172.31.40.0-255,66,71538,65,216398
10992,0.000815,74.125.130.0-255,2902,74440,65,216398
10993,0.000817,172.31.40.0-255,66,74506,65,216398
10994,0.000833,74.125.130.0-255,2902,77408,65,216398
10995,0.000836,172.31.40.0-255,66,77474,65,216398
10996,0.000861,74.125.130.0-255,2902,80376,65,216398
10997,0.000863,172.31.40.0-255,66,80442,65,216398
10998,0.000882,74.125.130.0-255,2902,83344,65,216398
10999,0.000885,172.31.40.0-255,66,83410,65,216398
11000,0.00091,74.125.130.0-255,6797,90207,65,216398
11001,0.000912,172.31.40.0-255,66,90273,65,216398
11002,0.000918,74.125.130.0-255,5738,96011,65,216398
11003,0.00092,172.31.40.0-255,66,96077,65,216398
11004,0.000955,74.125.130.0-255,5379,101456,65,216398
11005,0.000957,172.31.40.0-255,66,101522,65,216398
11006,0.001388,74.125.130.0-255,1484,103006,65,216398
11007,0.001393,74.125.130.0-255,1484,104490,65,216398
11008,0.001395,172.31.40.0-255,66,104556,65,216398
11009,0.001415,74.125.130.0-255,1484,106040,65,216398
11010,0.00142,74.125.130.0-255,2902,108942,65,216398
11011,0.001422,172.31.40.0-255,66,109008,65,216398
11012,0.001442,74.125.130.0-255,1484,110492,65,216398
11013,0.001458,74.125.130.0-255,1484,111976,65,216398
11014,0.00146,172.31.40.0-255,66,112042,65,216398
11015,0.001478,74.125.130.0-255,1484,113526,65,216398
11016,0.001503,74.125.130.0-255,7156,120682,65,216398
11017,0.001505,172.31.40.0-255,66,120748,65,216398
11018,0.001521,74.125.130.0-255,1484,122232,65,216398
11019,0.001525,74.125.130.0-255,2902,125134,65,216398
11020,0.001528,172.31.40.0-255,66,125200,65,216398
11021,0.001547,74.125.130.0-255,5738,130938,65,216398
11022,0.00155,172.31.40.0-255,66,131004,65,216398
11023,0.001571,74.125.130.0-255,1484,132488,65,216398
11024,0.001587,74.125.130.0-255,1484,133972,65,216398
11025,0.001589,172.31.40.0-255,66,134038,65,216398
11026,0.00161,74.125.130.0-255,2184,136222,65,216398
11027,0.001613,172.31.40.0-255,66,136288,65,216398
11028,0.001873,74.125.130.0-255,1484,137772,65,216398
11029,0.001878,74.125.130.0-255,1484,139256,65,216398
11030,0.001881,172.31.40.0-255,66,139322,65,216398
11031,0.001886,74.125.130.0-255,2902,142224,65,216398
11032,0.001889,172.31.40.0-255,66,142290,65,216398
11033,0.001894,74.125.130.0-255,5738,148028,65,216398
11034,0.001897,172.31.40.0-255,66,148094,65,216398
11035,0.001904,74.125.130.0-255,7156,155250,65,216398
11036,0.001907,172.31.40.0-255,66,155316,65,216398
11037,0.001923,74.125.130.0-255,4320,159636,65,216398
11038,0.001925,172.31.40.0-255,66,159702,65,216398
11039,0.001943,74.125.130.0-255,1484,161186,65,216398
11040,0.001959,74.125.130.0-255,4320,165506,65,216398
11041,0.001961,172.31.40.0-255,66,165572,65,216398
11042,0.001964,74.125.130.0-255,1484,167056,65,216398
11043,0.001984,74.125.130.0-255,3602,170658,65,216398
11044,0.001987,172.31.40.0-255,66,170724,65,216398
11045,0.004046,74.125.130.0-255,5738,176462,65,216398
11046,0.004052,172.31.40.0-255,66,176528,65,216398
11047,0.006117,74.125.130.0-255,2902,179430,65,216398
11048,0.006122,172.31.40.0-255,66,179496,65,216398
11049,0.006139,74.125.130.0-255,2902,182398,65,216398
11050,0.006141,172.31.40.0-255,66,182464,65,216398
11051,0.008174,74.125.130.0-255,4320,186784,65,216398
11052,0.008177,172.31.40.0-255,66,186850,65,216398
11053,0.008194,74.125.130.0-255,1484,188334,65,216398
11054,0.010261,74.125.130.0-255,4320,192654,65,216398
11055,0.010269,172.31.40.0-255,66,192720,65,216398
11056,0.01236,74.125.130.0-255,2902,195622,65,216398
11057,0.012369,172.31.40.0-255,66,195688,65,216398
11058,0.012394,74.125.130.0-255,2902,198590,65,216398
11059,0.012397,172.31.40.0-255,66,198656,65,216398
11060,0.014461,74.125.130.0-255,2902,201558,65,216398
11061,0.014469,172.31.40.0-255,66,201624,65,216398
11062,0.014493,74.125.130.0-255,1484,203108,65,216398
11063,0.014512,74.125.130.0-255,1484,204592,65,216398
11064,0.014515,172.31.40.0-255,66,204658,65,216398
11065,0.016563,74.125.130.0-255,2902,207560,65,216398
11066,0.016574,172.31.40.0-255,66,207626,65,216398
11067,0.016594,74.125.130.0-255,2902,210528,65,216398
11068,0.016598,172.31.40.0-255,66,210594,65,216398
11069,0.018649,74.125.130.0-255,5738,216332,65,216398
11070,0.018656,172.31.40.0-255,66,216398,65,216398
11071,0.0,74.125.24.0-255,149,149,65,172025
11072,2.2e-05,172.31.40.0-255,66,215,65,172025
11073,2.8e-05,74.125.24.0-255,1484,1699,65,172025
11074,3.2e-05,172.31.40.0-255,66,1765,65,172025
11075,3.8e-05,74.125.24.0-255,2902,4667,65,172025
11076,4.1e-05,172.31.40.0-255,66,4733,65,172025
11077,4.8e-05,74.125.24.0-255,7156,11889,65,172025
11078,5.1e-05,172.31.40.0-255,66,11955,65,172025
11079,9.6e-05,172.31.40.0-255,66,12021,65,172025
11080,0.00012,74.125.24.0-255,3517,15538,65,172025
11081,0.000122,172.31.40.0-255,66,15604,65,172025
11082,0.000126,74.125.24.0-255,2543,18147,65,172025
11083,0.000128,172.31.40.0-255,66,18213,65,172025
11084,0.000194,74.125.24.0-255,1484,19697,65,172025
11085,0.000196,172.31.40.0-255,66,19763,65,172025
11086,0.000212,74.125.24.0-255,2902,22665,65,172025
11087,0.000214,172.31.40.0-255,66,22731,65,172025
11088,0.000216,74.125.24.0-255,1484,24215,65,172025
11089,0.000218,172.31.40.0-255,66,24281,65,172025
11090,0.000249,74.125.24.0-255,4320,28601,65,172025
11091,0.000252,172.31.40.0-255,66,28667,65,172025
11092,0.000258,74.125.24.0-255,6797,35464,65,172025
11093,0.00026,172.31.40.0-255,66,35530,65,172025
11094,0.00029,172.31.40.0-255,66,35596,65,172025
11095,0.000317,74.125.24.0-255,4320,39916,65,172025
11096,0.000319,172.31.40.0-255,66,39982,65,172025
11097,0.000323,74.125.24.0-255,2821,42803,65,172025
11098,0.000325,172.31.40.0-255,66,42869,65,172025
11099,0.000327,74.125.24.0-255,131,43000,65,172025
11100,0.00033,172.31.40.0-255,66,43066,65,172025
11101,0.000419,74.125.24.0-255,1484,44550,65,172025
11102,0.000431,74.125.24.0-255,1484,46034,65,172025
11103,0.000434,172.31.40.0-255,66,46100,65,172025
11104,0.000449,74.125.24.0-255,1484,47584,65,172025
11105,0.000455,74.125.24.0-255,4320,51904,65,172025
11106,0.000457,172.31.40.0-255,66,51970,65,172025
11107,0.000469,74.125.24.0-255,1484,53454,65,172025
11108,0.000483,74.125.24.0-255,2902,56356,65,172025
11109,0.000486,172.31.40.0-255,66,56422,65,172025
11110,0.000515,172.31.40.0-255,66,56488,65,172025
11111,0.000519,74.125.24.0-255,2902,59390,65,172025
11112,0.000521,172.31.40.0-255,66,59456,65,172025
11113,0.000536,74.125.24.0-255,4320,63776,65,172025
11114,0.000539,172.31.40.0-255,66,63842,65,172025
11115,0.000556,74.125.24.0-255,5738,69580,65,172025
11116,0.000559,172.31.40.0-255,66,69646,65,172025
11117,0.00057,172.31.40.0-255,66,69712,65,172025
11118,0.000598,74.125.24.0-255,3299,73011,65,172025
11119,0.000601,172.31.40.0-255,66,73077,65,172025
11120,0.00062,74.125.24.0-255,1484,74561,65,172025
11121,0.000643,74.125.24.0-255,2902,77463,65,172025
11122,0.000648,74.125.24.0-255,5738,83201,65,172025
11123,0.000652,172.31.40.0-255,66,83267,65,172025
11124,0.000654,172.31.40.0-255,66,83333,65,172025
11125,0.000664,74.125.24.0-255,1484,84817,65,172025
11126,0.000696,172.31.40.0-255,66,84883,65,172025
11127,0.000706,172.31.40.0-255,66,84949,65,172025
11128,0.000742,74.125.24.0-255,2184,87133,65,172025
11129,0.000745,172.31.40.0-255,66,87199,65,172025
11130,0.001469,74.125.24.0-255,1484,88683,65,172025
11131,0.001476,74.125.24.0-255,2902,91585,65,172025
11132,0.00148,172.31.40.0-255,66,91651,65,172025
11133,0.001496,74.125.24.0-255,4320,95971,65,172025
11134,0.001499,172.31.40.0-255,66,96037,65,172025
11135,0.001525,74.125.24.0-255,1484,97521,65,172025
11136,0.001537,172.31.40.0-255,66,97587,65,172025
11137,0.001551,74.125.24.0-255,1484,99071,65,172025
11138,0.001579,172.31.40.0-255,66,99137,65,172025
11139,0.00185,74.125.24.0-255,1484,100621,65,172025
11140,0.001866,74.125.24.0-255,2902,103523,65,172025
11141,0.00187,172.31.40.0-255,66,103589,65,172025
11142,0.001903,74.125.24.0-255,4320,107909,65,172025
11143,0.001905,172.31.40.0-255,66,107975,65,172025
11144,0.00193,74.125.24.0-255,1484,109459,65,172025
11145,0.001946,172.31.40.0-255,66,109525,65,172025
11146,0.001956,172.31.40.0-255,66,109591,65,172025
11147,0.001982,172.31.40.0-255,66,109657,65,172025
11148,0.002002,172.31.40.0-255,66,109723,65,172025
11149,0.002038,74.125.24.0-255,2184,111907,65,172025
11150,0.00204,172.31.40.0-255,66,111973,65,172025
11151,0.002054,172.31.40.0-255,66,112039,65,172025
11152,0.002062,74.125.24.0-255,1484,113523,65,172025
11153,0.002091,172.31.40.0-255,66,113589,65,172025
11154,0.002133,172.31.40.0-255,66,113655,65,172025
11155,0.002159,172.31.40.0-255,66,113721,65,172025
11156,0.002165,74.125.24.0-255,5738,119459,65,172025
11157,0.002167,172.31.40.0-255,66,119525,65,172025
11158,0.002218,172.31.40.0-255,66,119591,65,172025
11159,0.002224,74.125.24.0-255,5738,125329,65,172025
11160,0.002226,172.31.40.0-255,66,125395,65,172025
11161,0.00437,74.125.24.0-255,2902,128297,65,172025
11162,0.004378,172.31.40.0-255,66,128363,65,172025
11163,0.004392,74.125.24.0-255,2902,131265,65,172025
11164,0.004394,172.31.40.0-255,66,131331,65,172025
11165,0.006536,74.125.24.0-255,1484,132815,65,172025
11166,0.006559,74.125.24.0-255,4320,137135,65,172025
11167,0.006562,172.31.40.0-255,66,137201,65,172025
11168,0.008707,74.125.24.0-255,5738,142939,65,172025
11169,0.008714,172.31.40.0-255,66,143005,65,172025
11170,0.010845,74.125.24.0-255,5738,148743,65,172025
11171,0.010851,172.31.40.0-255,66,148809,65,172025
11172,0.012997,74.125.24.0-255,5738,154547,65,172025
11173,0.013019,172.31.40.0-255,66,154613,65,172025
11174,0.015152,74.125.24.0-255,5738,160351,65,172025
11175,0.015159,172.31.40.0-255,66,160417,65,172025
11176,0.017325,74.125.24.0-255,5738,166155,65,172025
11177,0.017331,172.31.40.0-255,66,166221,65,172025
11178,0.019471,74.125.24.0-255,5738,171959,65,172025
11179,0.019477,172.31.40.0-255,66,172025,65,172025
11180,0.0,172.217.194.0-255,153,153,65,188964
11181,1.5e-05,172.31.40.0-255,66,219,65,188964
11182,2.1e-05,172.217.194.0-255,1484,1703,65,188964
11183,2.6e-05,172.31.40.0-255,66,1769,65,188964
11184,3.1e-05,172.217.194.0-255,2902,4671,65,188964
11185,3.4e-05,172.31.40.0-255,66,4737,65,188964
11186,4.3e-05,172.217.194.0-255,7156,11893,65,188964
11187,4.5e-05,172.31.40.0-255,66,11959,65,188964
11188,8.1e-05,172.31.40.0-255,66,12025,65,188964
11189,0.000147,172.31.40.0-255,66,12091,65,188964
11190,0.000175,172.217.194.0-255,1484,13575,65,188964
11191,0.000177,172.31.40.0-255,66,13641,65,188964
11192,0.000193,172.217.194.0-255,2902,16543,65,188964
11193,0.000195,172.31.40.0-255,66,16609,65,188964
11194,0.000215,172.217.194.0-255,4320,20929,65,188964
11195,0.000218,172.31.40.0-255,66,20995,65,188964
11196,0.000239,172.217.194.0-255,1484,22479,65,188964
11197,0.000241,172.31.40.0-255,66,22545,65,188964
11198,0.000247,172.217.194.0-255,5738,28283,65,188964
11199,0.00025,172.31.40.0-255,66,28349,65,188964
11200,0.000264,172.31.40.0-255,66,28415,65,188964
11201,0.000281,172.217.194.0-255,5020,33435,65,188964
11202,0.000284,172.31.40.0-255,66,33501,65,188964
11203,0.000286,172.217.194.0-255,361,33862,65,188964
11204,0.000289,172.31.40.0-255,66,33928,65,188964
11205,0.000303,172.217.194.0-255,382,34310,65,188964
11206,0.000306,172.31.40.0-255,66,34376,65,188964
11207,0.000563,172.217.194.0-255,1484,35860,65,188964
11208,0.000569,172.31.40.0-255,66,35926,65,188964
11209,0.000574,172.217.194.0-255,2902,38828,65,188964
11210,0.000577,172.31.40.0-255,66,38894,65,188964
11211,0.000583,172.217.194.0-255,5738,44632,65,188964
11212,0.000586,172.31.40.0-255,66,44698,65,188964
11213,0.000639,172.31.40.0-255,66,44764,65,188964
11214,0.000642,172.31.40.0-255,66,44830,65,188964
11215,0.000845,172.217.194.0-255,1484,46314,65,188964
11216,0.00085,172.217.194.0-255,1484,47798,65,188964
11217,0.000854,172.31.40.0-255,66,47864,65,188964
11218,0.000866,172.217.194.0-255,1484,49348,65,188964
11219,0.000873,172.217.194.0-255,5738,55086,65,188964
11220,0.000875,172.31.40.0-255,66,55152,65,188964
11221,0.000898,172.217.194.0-255,5738,60890,65,188964
11222,0.000901,172.31.40.0-255,66,60956,65,188964
11223,0.000932,172.217.194.0-255,7156,68112,65,188964
11224,0.000935,172.31.40.0-255,66,68178,65,188964
11225,0.000947,172.31.40.0-255,66,68244,65,188964
11226,0.001034,172.217.194.0-255,1484,69728,65,188964
11227,0.001053,172.217.194.0-255,2902,72630,65,188964
11228,0.001057,172.31.40.0-255,66,72696,65,188964
11229,0.001063,172.217.194.0-255,5738,78434,65,188964
11230,0.001065,172.31.40.0-255,66,78500,65,188964
11231,0.001068,172.217.194.0-255,1484,79984,65,188964
11232,0.001125,172.31.40.0-255,66,80050,65,188964
11233,0.001146,172.31.40.0-255,66,80116,65,188964
11234,0.001176,172.217.194.0-255,1484,81600,65,188964
11235,0.001181,172.217.194.0-255,2902,84502,65,188964
11236,0.001193,172.217.194.0-255,1484,85986,65,188964
11237,0.001196,172.31.40.0-255,66,86052,65,188964
11238,0.001211,172.217.194.0-255,4320,90372,65,188964
11239,0.001238,172.31.40.0-255,66,90438,65,188964
11240,0.001251,172.217.194.0-255,4320,94758,65,188964
11241,0.001266,172.217.194.0-255,5738,100496,65,188964
11242,0.001278,172.217.194.0-255,1484,101980,65,188964
11243,0.001282,172.217.194.0-255,2184,104164,65,188964
11244,0.001289,172.31.40.0-255,66,104230,65,188964
11245,0.001363,172.217.194.0-255,1484,105714,65,188964
11246,0.001384,172.217.194.0-255,2902,108616,65,188964
11247,0.001387,172.31.40.0-255,66,108682,65,188964
11248,0.00141,172.217.194.0-255,5738,114420,65,188964
11249,0.001428,172.217.194.0-255,4320,118740,65,188964
11250,0.001431,172.31.40.0-255,66,118806,65,188964
11251,0.001436,172.31.40.0-255,66,118872,65,188964
11252,0.001454,172.217.194.0-255,5738,124610,65,188964
11253,0.001469,172.217.194.0-255,2184,126794,65,188964
11254,0.001512,172.31.40.0-255,66,126860,65,188964
11255,0.001761,172.217.194.0-255,1484,128344,65,188964
11256,0.001773,172.217.194.0-255,1484,129828,65,188964
11257,0.001777,172.31.40.0-255,66,129894,65,188964
11258,0.001783,172.217.194.0-255,2902,132796,65,188964
11259,0.001798,172.217.194.0-255,2902,135698,65,188964
11260,0.001813,172.217.194.0-255,2902,138600,65,188964
11261,0.001818,172.217.194.0-255,4320,142920,65,188964
11262,0.001823,172.31.40.0-255,66,142986,65,188964
11263,0.001885,172.217.194.0-255,5738,148724,65,188964
11264,0.001895,172.31.40.0-255,66,148790,65,188964
11265,0.001918,172.31.40.0-255,66,148856,65,188964
11266,0.001923,172.217.194.0-255,4320,153176,65,188964
11267,0.001964,172.31.40.0-255,66,153242,65,188964
11268,0.002282,172.217.194.0-255,1484,154726,65,188964
11269,0.002288,172.217.194.0-255,2902,157628,65,188964
11270,0.002291,172.31.40.0-255,66,157694,65,188964
11271,0.002295,172.217.194.0-255,1484,159178,65,188964
11272,0.00233,172.217.194.0-255,4320,163498,65,188964
11273,0.002383,172.217.194.0-255,2184,165682,65,188964
11274,0.008394,172.31.40.0-255,66,165748,65,188964
11275,0.010701,172.217.194.0-255,5738,171486,65,188964
11276,0.01071,172.31.40.0-255,66,171552,65,188964
11277,0.01304,172.217.194.0-255,5738,177290,65,188964
11278,0.013049,172.31.40.0-255,66,177356,65,188964
11279,0.015369,172.217.194.0-255,5738,183094,65,188964
11280,0.015376,172.31.40.0-255,66,183160,65,188964
11281,0.017712,172.217.194.0-255,5738,188898,65,188964
11282,0.017721,172.31.40.0-255,66,188964,65,188964
11283,0.0,172.217.24.0-255,147,147,65,144341
11284,2.2e-05,172.31.40.0-255,66,213,65,144341
11285,3e-05,172.217.24.0-255,1484,1697,65,144341
11286,3.4e-05,172.31.40.0-255,66,1763,65,144341
11287,4e-05,172.217.24.0-255,2902,4665,65,144341
11288,4.3e-05,172.31.40.0-255,66,4731,65,144341
11289,5.1e-05,172.217.24.0-255,7156,11887,65,144341
11290,5.4e-05,172.31.40.0-255,66,11953,65,144341
11291,5.8e-05,172.217.24.0-255,2055,14008,65,144341
11292,6.1e-05,172.31.40.0-255,66,14074,65,144341
11293,0.000171,172.217.24.0-255,1484,15558,65,144341
11294,0.000175,172.31.40.0-255,66,15624,65,144341
11295,0.00018,172.217.24.0-255,2902,18526,65,144341
11296,0.000182,172.31.40.0-255,66,18592,65,144341
11297,0.000187,172.217.24.0-255,2902,21494,65,144341
11298,0.000189,172.31.40.0-255,66,21560,65,144341
11299,0.000202,172.217.24.0-255,2902,24462,65,144341
11300,0.000204,172.31.40.0-255,66,24528,65,144341
11301,0.000209,172.217.24.0-255,2902,27430,65,144341
11302,0.000212,172.31.40.0-255,66,27496,65,144341
11303,0.000237,172.217.24.0-255,1484,28980,65,144341
11304,0.000239,172.31.40.0-255,66,29046,65,144341
11305,0.000254,172.31.40.0-255,66,29112,65,144341
11306,0.00026,172.217.24.0-255,4320,33432,65,144341
11307,0.000262,172.31.40.0-255,66,33498,65,144341
11308,0.000298,172.31.40.0-255,66,33564,65,144341
11309,0.000303,172.217.24.0-255,2902,36466,65,144341
11310,0.000305,172.31.40.0-255,66,36532,65,144341
11311,0.000328,172.217.24.0-255,6769,43301,65,144341
11312,0.000331,172.31.40.0-255,66,43367,65,144341
11313,0.000886,172.217.24.0-255,114,43481,65,144341
11314,0.000996,172.31.40.0-255,66,43547,65,144341
11315,0.001093,172.217.24.0-255,1484,45031,65,144341
11316,0.001118,172.217.24.0-255,2902,47933,65,144341
11317,0.001123,172.217.24.0-255,2902,50835,65,144341
11318,0.001128,172.217.24.0-255,4320,55155,65,144341
11319,0.001131,172.217.24.0-255,1484,56639,65,144341
11320,0.001155,172.217.24.0-255,7156,63795,65,144341
11321,0.00118,172.217.24.0-255,1484,65279,65,144341
11322,0.001219,172.217.24.0-255,3602,68881,65,144341
11323,0.001681,172.217.24.0-255,1484,70365,65,144341
11324,0.001703,172.217.24.0-255,2902,73267,65,144341
11325,0.001709,172.217.24.0-255,5738,79005,65,144341
11326,0.001729,172.217.24.0-255,5738,84743,65,144341
11327,0.00174,172.217.24.0-255,2902,87645,65,144341
11328,0.00175,172.217.24.0-255,1484,89129,65,144341
11329,0.001792,172.217.24.0-255,1484,90613,65,144341
11330,0.00181,172.217.24.0-255,3602,94215,65,144341
11331,0.002002,172.217.24.0-255,1484,95699,65,144341
11332,0.002018,172.217.24.0-255,2902,98601,65,144341
11333,0.002033,172.217.24.0-255,4320,102921,65,144341
11334,0.002036,172.217.24.0-255,1484,104405,65,144341
11335,0.00206,172.217.24.0-255,7156,111561,65,144341
11336,0.006794,172.31.40.0-255,66,111627,65,144341
11337,0.008857,172.217.24.0-255,2902,114529,65,144341
11338,0.008863,172.31.40.0-255,66,114595,65,144341
11339,0.008884,172.217.24.0-255,2902,117497,65,144341
11340,0.008897,172.31.40.0-255,66,117563,65,144341
11341,0.010887,172.217.24.0-255,2902,120465,65,144341
11342,0.010894,172.31.40.0-255,66,120531,65,144341
11343,0.010915,172.217.24.0-255,2902,123433,65,144341
11344,0.012571,172.31.40.0-255,66,123499,65,144341
11345,0.012914,172.217.24.0-255,2902,126401,65,144341
11346,0.012919,172.31.40.0-255,66,126467,65,144341
11347,0.014594,172.217.24.0-255,2902,129369,65,144341
11348,0.014601,172.31.40.0-255,66,129435,65,144341
11349,0.014943,172.217.24.0-255,2902,132337,65,144341
11350,0.014949,172.31.40.0-255,66,132403,65,144341
11351,0.016632,172.217.24.0-255,2902,135305,65,144341
11352,0.016641,172.31.40.0-255,66,135371,65,144341
11353,0.016996,172.217.24.0-255,2902,138273,65,144341
11354,0.017003,172.31.40.0-255,66,138339,65,144341
11355,0.01868,172.217.24.0-255,2902,141241,65,144341
11356,0.01869,172.31.40.0-255,66,141307,65,144341
11357,0.019062,172.217.24.0-255,1484,142791,65,144341
11358,0.019084,172.217.24.0-255,1484,144275,65,144341
11359,0.019094,172.31.40.0-255,66,144341,65,144341
11360,0.0,74.125.24.0-255,155,155,65,198538
11361,2.5e-05,172.31.40.0-255,66,221,65,198538
11362,3.3e-05,74.125.24.0-255,1484,1705,65,198538
11363,3.7e-05,172.31.40.0-255,66,1771,65,198538
11364,4.4e-05,74.125.24.0-255,2902,4673,65,198538
11365,5.5e-05,172.31.40.0-255,66,4739,65,198538
11366,6.4e-05,74.125.24.0-255,7156,11895,65,198538
11367,6.6e-05,172.31.40.0-255,66,11961,65,198538
11368,7.2e-05,74.125.24.0-255,3517,15478,65,198538
11369,7.5e-05,172.31.40.0-255,66,15544,65,198538
11370,8.1e-05,74.125.24.0-255,4320,19864,65,198538
11371,8.4e-05,172.31.40.0-255,66,19930,65,198538
11372,0.000117,74.125.24.0-255,7156,27086,65,198538
11373,0.00012,172.31.40.0-255,66,27152,65,198538
11374,0.00014,74.125.24.0-255,2902,30054,65,198538
11375,0.000148,172.31.40.0-255,66,30120,65,198538
11376,0.000152,74.125.24.0-255,1125,31245,65,198538
11377,0.000154,172.31.40.0-255,66,31311,65,198538
11378,0.000202,74.125.24.0-255,1484,32795,65,198538
11379,0.000205,172.31.40.0-255,66,32861,65,198538
11380,0.00021,74.125.24.0-255,2902,35763,65,198538
11381,0.000213,172.31.40.0-255,66,35829,65,198538
11382,0.000215,74.125.24.0-255,1484,37313,65,198538
11383,0.000217,172.31.40.0-255,66,37379,65,198538
11384,0.000244,74.125.24.0-255,4320,41699,65,198538
11385,0.000247,172.31.40.0-255,66,41765,65,198538
11386,0.000251,74.125.24.0-255,2902,44667,65,198538
11387,0.000257,172.31.40.0-255,66,44733,65,198538
11388,0.0003,172.31.40.0-255,66,44799,65,198538
11389,0.000305,74.125.24.0-255,4320,49119,65,198538
11390,0.000307,172.31.40.0-255,66,49185,65,198538
11391,0.000336,74.125.24.0-255,5694,54879,65,198538
11392,0.000343,172.31.40.0-255,66,54945,65,198538
11393,0.000379,74.125.24.0-255,111,55056,65,198538
11394,0.000503,74.125.24.0-255,1484,56540,65,198538
11395,0.000507,172.31.40.0-255,66,56606,65,198538
11396,0.000513,74.125.24.0-255,2902,59508,65,198538
11397,0.000515,172.31.40.0-255,66,59574,65,198538
11398,0.000521,74.125.24.0-255,5738,65312,65,198538
11399,0.000529,172.31.40.0-255,66,65378,65,198538
11400,0.000533,74.125.24.0-255,2902,68280,65,198538
11401,0.000535,172.31.40.0-255,66,68346,65,198538
11402,0.000568,74.125.24.0-255,2902,71248,65,198538
11403,0.000571,172.31.40.0-255,66,71314,65,198538
11404,0.000591,74.125.24.0-255,1125,72439,65,198538
11405,0.000597,74.125.24.0-255,4320,76759,65,198538
11406,0.0006,172.31.40.0-255,66,76825,65,198538
11407,0.00063,74.125.24.0-255,1484,78309,65,198538
11408,0.000634,74.125.24.0-255,2543,80852,65,198538
11409,0.000754,172.31.40.0-255,66,80918,65,198538
11410,0.001415,74.125.24.0-255,1484,82402,65,198538
11411,0.001422,74.125.24.0-255,2902,85304,65,198538
11412,0.001428,74.125.24.0-255,5738,91042,65,198538
11413,0.001434,172.31.40.0-255,66,91108,65,198538
11414,0.001442,172.31.40.0-255,66,91174,65,198538
11415,0.001479,172.31.40.0-255,66,91240,65,198538
11416,0.001523,172.31.40.0-255,66,91306,65,198538
11417,0.001573,74.125.24.0-255,1484,92790,65,198538
11418,0.001579,74.125.24.0-255,2902,95692,65,198538
11419,0.001582,172.31.40.0-255,66,95758,65,198538
11420,0.00161,74.125.24.0-255,5738,101496,65,198538
11421,0.001612,172.31.40.0-255,66,101562,65,198538
11422,0.001658,172.31.40.0-255,66,101628,65,198538
11423,0.001664,74.125.24.0-255,5738,107366,65,198538
11424,0.001666,172.31.40.0-255,66,107432,65,198538
11425,0.001689,74.125.24.0-255,5020,112452,65,198538
11426,0.001691,172.31.40.0-255,66,112518,65,198538
11427,0.001821,74.125.24.0-255,1484,114002,65,198538
11428,0.001835,74.125.24.0-255,2902,116904,65,198538
11429,0.001838,172.31.40.0-255,66,116970,65,198538
11430,0.001843,74.125.24.0-255,2902,119872,65,198538
11431,0.001845,172.31.40.0-255,66,119938,65,198538
11432,0.001867,74.125.24.0-255,2902,122840,65,198538
11433,0.001882,74.125.24.0-255,4320,127160,65,198538
11434,0.001894,172.31.40.0-255,66,127226,65,198538
11435,0.001921,172.31.40.0-255,66,127292,65,198538
11436,0.001949,74.125.24.0-255,2184,129476,65,198538
11437,0.001966,172.31.40.0-255,66,129542,65,198538
11438,0.002113,74.125.24.0-255,1484,131026,65,198538
11439,0.002118,74.125.24.0-255,2902,133928,65,198538
11440,0.00212,74.125.24.0-255,1484,135412,65,198538
11441,0.002126,172.31.40.0-255,66,135478,65,198538
11442,0.002155,74.125.24.0-255,4320,139798,65,198538
11443,0.00223,74.125.24.0-255,7156,146954,65,198538
11444,0.002238,172.31.40.0-255,66,147020,65,198538
11445,0.002297,74.125.24.0-255,6438,153458,65,198538
11446,0.002299,74.125.24.0-255,1484,154942,65,198538
11447,0.002304,74.125.24.0-255,2902,157844,65,198538
11448,0.002318,172.31.40.0-255,66,157910,65,198538
11449,0.002336,74.125.24.0-255,5738,163648,65,198538
11450,0.002359,172.31.40.0-255,66,163714,65,198538
11451,0.004704,74.125.24.0-255,5738,169452,65,198538
11452,0.008274,172.31.40.0-255,66,169518,65,198538
11453,0.010605,74.125.24.0-255,5738,175256,65,198538
11454,0.010621,172.31.40.0-255,66,175322,65,198538
11455,0.012918,74.125.24.0-255,5738,181060,65,198538
11456,0.012922,172.31.40.0-255,66,181126,65,198538
11457,0.015259,74.125.24.0-255,5738,186864,65,198538
11458,0.015275,172.31.40.0-255,66,186930,65,198538
11459,0.017586,74.125.24.0-255,5738,192668,65,198538
11460,0.017603,172.31.40.0-255,66,192734,65,198538
11461,0.019918,74.125.24.0-255,5738,198472,65,198538
11462,0.019933,172.31.40.0-255,66,198538,65,198538
11463,0.0,74.125.24.0-255,153,153,65,222461
11464,2.3e-05,172.31.40.0-255,66,219,65,222461
11465,3.1e-05,74.125.24.0-255,1484,1703,65,222461
11466,3.6e-05,172.31.40.0-255,66,1769,65,222461
11467,4.2e-05,74.125.24.0-255,2902,4671,65,222461
11468,4.7e-05,172.31.40.0-255,66,4737,65,222461
11469,5e-05,74.125.24.0-255,1484,6221,65,222461
11470,5.2e-05,172.31.40.0-255,66,6287,65,222461
11471,8.7e-05,74.125.24.0-255,2902,9189,65,222461
11472,9e-05,172.31.40.0-255,66,9255,65,222461
11473,0.000112,74.125.24.0-255,4903,14158,65,222461
11474,0.000115,172.31.40.0-255,66,14224,65,222461
11475,0.000125,172.31.40.0-255,66,14290,65,222461
11476,0.000166,74.125.24.0-255,5738,20028,65,222461
11477,0.000168,172.31.40.0-255,66,20094,65,222461
11478,0.000182,74.125.24.0-255,2543,22637,65,222461
11479,0.000185,172.31.40.0-255,66,22703,65,222461
11480,0.000287,74.125.24.0-255,1484,24187,65,222461
11481,0.000291,172.31.40.0-255,66,24253,65,222461
11482,0.000296,74.125.24.0-255,2902,27155,65,222461
11483,0.000299,172.31.40.0-255,66,27221,65,222461
11484,0.000319,74.125.24.0-255,5738,32959,65,222461
11485,0.000322,172.31.40.0-255,66,33025,65,222461
11486,0.000358,172.31.40.0-255,66,33091,65,222461
11487,0.000384,74.125.24.0-255,1484,34575,65,222461
11488,0.000386,172.31.40.0-255,66,34641,65,222461
11489,0.000415,172.31.40.0-255,66,34707,65,222461
11490,0.000439,74.125.24.0-255,109,34816,65,222461
11491,0.000441,172.31.40.0-255,66,34882,65,222461
11492,0.000489,74.125.24.0-255,333,35215,65,222461
11493,0.000886,74.125.24.0-255,1484,36699,65,222461
11494,0.000892,172.31.40.0-255,66,36765,65,222461
11495,0.000897,74.125.24.0-255,2902,39667,65,222461
11496,0.000899,172.31.40.0-255,66,39733,65,222461
11497,0.000902,74.125.24.0-255,1484,41217,65,222461
11498,0.00092,74.125.24.0-255,4320,45537,65,222461
11499,0.000922,172.31.40.0-255,66,45603,65,222461
11500,0.000945,74.125.24.0-255,4320,49923,65,222461
11501,0.000948,172.31.40.0-255,66,49989,65,222461
11502,0.000975,172.31.40.0-255,66,50055,65,222461
11503,0.000978,74.125.24.0-255,1484,51539,65,222461
11504,0.000998,74.125.24.0-255,7156,58695,65,222461
11505,0.001024,172.31.40.0-255,66,58761,65,222461
11506,0.001038,74.125.24.0-255,2184,60945,65,222461
11507,0.001041,172.31.40.0-255,66,61011,65,222461
11508,0.001269,74.125.24.0-255,1484,62495,65,222461
11509,0.001298,74.125.24.0-255,2902,65397,65,222461
11510,0.001302,172.31.40.0-255,66,65463,65,222461
11511,0.001308,74.125.24.0-255,4320,69783,65,222461
11512,0.00131,172.31.40.0-255,66,69849,65,222461
11513,0.001321,172.31.40.0-255,66,69915,65,222461
11514,0.001356,74.125.24.0-255,5738,75653,65,222461
11515,0.00136,172.31.40.0-255,66,75719,65,222461
11516,0.001387,172.31.40.0-255,66,75785,65,222461
11517,0.001403,74.125.24.0-255,2184,77969,65,222461
11518,0.001406,172.31.40.0-255,66,78035,65,222461
11519,0.002004,74.125.24.0-255,1484,79519,65,222461
11520,0.002013,74.125.24.0-255,2902,82421,65,222461
11521,0.002016,172.31.40.0-255,66,82487,65,222461
11522,0.002038,74.125.24.0-255,5738,88225,65,222461
11523,0.00204,172.31.40.0-255,66,88291,65,222461
11524,0.002044,74.125.24.0-255,2902,91193,65,222461
11525,0.002046,172.31.40.0-255,66,91259,65,222461
11526,0.00208,172.31.40.0-255,66,91325,65,222461
11527,0.002091,172.31.40.0-255,66,91391,65,222461
11528,0.002094,74.125.24.0-255,1484,92875,65,222461
11529,0.002136,172.31.40.0-255,66,92941,65,222461
11530,0.002141,74.125.24.0-255,4320,97261,65,222461
11531,0.002143,172.31.40.0-255,66,97327,65,222461
11532,0.002187,172.31.40.0-255,66,97393,65,222461
11533,0.002208,74.125.24.0-255,5020,102413,65,222461
11534,0.00221,172.31.40.0-255,66,102479,65,222461
11535,0.002216,74.125.24.0-255,5738,108217,65,222461
11536,0.002219,172.31.40.0-255,66,108283,65,222461
11537,0.002225,74.125.24.0-255,5738,114021,65,222461
11538,0.002227,172.31.40.0-255,66,114087,65,222461
11539,0.002249,74.125.24.0-255,1484,115571,65,222461
11540,0.002255,74.125.24.0-255,5738,121309,65,222461
11541,0.002257,172.31.40.0-255,66,121375,65,222461
11542,0.00226,74.125.24.0-255,1484,122859,65,222461
11543,0.002273,74.125.24.0-255,1484,124343,65,222461
11544,0.002275,172.31.40.0-255,66,124409,65,222461
11545,0.002297,74.125.24.0-255,7156,131565,65,222461
11546,0.0023,172.31.40.0-255,66,131631,65,222461
11547,0.002328,74.125.24.0-255,5020,136651,65,222461
11548,0.002331,172.31.40.0-255,66,136717,65,222461
11549,0.002345,74.125.24.0-255,2902,139619,65,222461
11550,0.002347,172.31.40.0-255,66,139685,65,222461
11551,0.002372,74.125.24.0-255,1484,141169,65,222461
11552,0.002391,74.125.24.0-255,2902,144071,65,222461
11553,0.002394,172.31.40.0-255,66,144137,65,222461
11554,0.002412,74.125.24.0-255,2902,147039,65,222461
11555,0.002414,172.31.40.0-255,66,147105,65,222461
11556,0.002425,74.125.24.0-255,1484,148589,65,222461
11557,0.002452,74.125.24.0-255,5738,154327,65,222461
11558,0.002454,172.31.40.0-255,66,154393,65,222461
11559,0.002457,74.125.24.0-255,1484,155877,65,222461
11560,0.002479,74.125.24.0-255,5738,161615,65,222461
11561,0.002481,172.31.40.0-255,66,161681,65,222461
11562,0.002508,74.125.24.0-255,4320,166001,65,222461
11563,0.002511,172.31.40.0-255,66,166067,65,222461
11564,0.002516,74.125.24.0-255,5020,171087,65,222461
11565,0.002518,172.31.40.0-255,66,171153,65,222461
11566,0.002615,74.125.24.0-255,1484,172637,65,222461
11567,0.002629,74.125.24.0-255,2902,175539,65,222461
11568,0.002631,172.31.40.0-255,66,175605,65,222461
11569,0.002635,74.125.24.0-255,1484,177089,65,222461
11570,0.002651,74.125.24.0-255,2902,179991,65,222461
11571,0.002654,172.31.40.0-255,66,180057,65,222461
11572,0.002667,74.125.24.0-255,1484,181541,65,222461
11573,0.002669,74.125.24.0-255,1484,183025,65,222461
11574,0.002671,172.31.40.0-255,66,183091,65,222461
11575,0.002725,172.31.40.0-255,66,183157,65,222461
11576,0.002736,172.31.40.0-255,66,183223,65,222461
11577,0.002889,74.125.24.0-255,1484,184707,65,222461
11578,0.002895,74.125.24.0-255,2902,187609,65,222461
11579,0.002898,172.31.40.0-255,66,187675,65,222461
11580,0.002901,74.125.24.0-255,1484,189159,65,222461
11581,0.002924,74.125.24.0-255,4320,193479,65,222461
11582,0.002926,172.31.40.0-255,66,193545,65,222461
11583,0.00293,74.125.24.0-255,2902,196447,65,222461
11584,0.002931,172.31.40.0-255,66,196513,65,222461
11585,0.002952,74.125.24.0-255,5738,202251,65,222461
11586,0.002955,172.31.40.0-255,66,202317,65,222461
11587,0.002959,74.125.24.0-255,4320,206637,65,222461
11588,0.002961,172.31.40.0-255,66,206703,65,222461
11589,0.002977,74.125.24.0-255,1484,208187,65,222461
11590,0.003003,172.31.40.0-255,66,208253,65,222461
11591,0.003021,74.125.24.0-255,2184,210437,65,222461
11592,0.003022,172.31.40.0-255,66,210503,65,222461
11593,0.003025,74.125.24.0-255,1484,211987,65,222461
11594,0.003027,74.125.24.0-255,1484,213471,65,222461
11595,0.003029,172.31.40.0-255,66,213537,65,222461
11596,0.003033,74.125.24.0-255,2902,216439,65,222461
11597,0.003035,172.31.40.0-255,66,216505,65,222461
11598,0.003068,172.31.40.0-255,66,216571,65,222461
11599,0.003072,74.125.24.0-255,2184,218755,65,222461
11600,0.003074,172.31.40.0-255,66,218821,65,222461
11601,0.003078,74.125.24.0-255,2902,221723,65,222461
11602,0.00308,172.31.40.0-255,66,221789,65,222461
11603,0.003092,172.31.40.0-255,66,221855,65,222461
11604,0.003135,172.31.40.0-255,66,221921,65,222461
11605,0.003138,74.125.24.0-255,97,222018,65,222461
11606,0.00315,74.125.24.0-255,105,222123,65,222461
11607,0.005352,172.31.40.0-255,101,222224,65,222461
11608,0.006664,172.31.40.0-255,105,222329,65,222461
11609,0.007352,74.125.24.0-255,66,222395,65,222461
11610,0.008655,74.125.24.0-255,66,222461,65,222461
11611,0.0,74.125.24.0-255,153,153,65,169907
11612,1.5e-05,172.31.40.0-255,66,219,65,169907
11613,2.2e-05,74.125.24.0-255,1484,1703,65,169907
11614,2.7e-05,172.31.40.0-255,66,1769,65,169907
11615,3.3e-05,74.125.24.0-255,2902,4671,65,169907
11616,3.6e-05,172.31.40.0-255,66,4737,65,169907
11617,6.3e-05,74.125.24.0-255,5738,10475,65,169907
11618,6.6e-05,172.31.40.0-255,66,10541,65,169907
11619,7.8e-05,74.125.24.0-255,1484,12025,65,169907
11620,8.1e-05,172.31.40.0-255,66,12091,65,169907
11621,8.4e-05,74.125.24.0-255,1484,13575,65,169907
11622,8.6e-05,172.31.40.0-255,66,13641,65,169907
11623,9e-05,74.125.24.0-255,637,14278,65,169907
11624,9.1e-05,172.31.40.0-255,66,14344,65,169907
11625,0.000318,74.125.24.0-255,1484,15828,65,169907
11626,0.000324,74.125.24.0-255,2902,18730,65,169907
11627,0.000331,172.31.40.0-255,66,18796,65,169907
11628,0.000339,172.31.40.0-255,66,18862,65,169907
11629,0.000356,74.125.24.0-255,5738,24600,65,169907
11630,0.000358,172.31.40.0-255,66,24666,65,169907
11631,0.000403,74.125.24.0-255,2902,27568,65,169907
11632,0.000407,172.31.40.0-255,66,27634,65,169907
11633,0.000423,74.125.24.0-255,3961,31595,65,169907
11634,0.000425,172.31.40.0-255,66,31661,65,169907
11635,0.000584,74.125.24.0-255,1484,33145,65,169907
11636,0.000589,172.31.40.0-255,66,33211,65,169907
11637,0.000605,74.125.24.0-255,2902,36113,65,169907
11638,0.000608,172.31.40.0-255,66,36179,65,169907
11639,0.000611,74.125.24.0-255,1484,37663,65,169907
11640,0.000613,172.31.40.0-255,66,37729,65,169907
11641,0.000633,74.125.24.0-255,2902,40631,65,169907
11642,0.000636,172.31.40.0-255,66,40697,65,169907
11643,0.000674,172.31.40.0-255,66,40763,65,169907
11644,0.000679,74.125.24.0-255,4320,45083,65,169907
11645,0.000681,172.31.40.0-255,66,45149,65,169907
11646,0.000686,74.125.24.0-255,2902,48051,65,169907
11647,0.000688,172.31.40.0-255,66,48117,65,169907
11648,0.00071,74.125.24.0-255,2902,51019,65,169907
11649,0.000712,74.125.24.0-255,1484,52503,65,169907
11650,0.000717,172.31.40.0-255,66,52569,65,169907
11651,0.000735,74.125.24.0-255,3961,56530,65,169907
11652,0.000737,172.31.40.0-255,66,56596,65,169907
11653,0.000814,74.125.24.0-255,645,57241,65,169907
11654,0.001069,172.31.40.0-255,66,57307,65,169907
11655,0.00125,74.125.24.0-255,1484,58791,65,169907
11656,0.00126,74.125.24.0-255,2902,61693,65,169907
11657,0.001263,172.31.40.0-255,66,61759,65,169907
11658,0.001282,74.125.24.0-255,4320,66079,65,169907
11659,0.001284,172.31.40.0-255,66,66145,65,169907
11660,0.001306,74.125.24.0-255,1484,67629,65,169907
11661,0.001312,74.125.24.0-255,4320,71949,65,169907
11662,0.001315,172.31.40.0-255,66,72015,65,169907
11663,0.001348,172.31.40.0-255,66,72081,65,169907
11664,0.001356,74.125.24.0-255,7156,79237,65,169907
11665,0.001358,172.31.40.0-255,66,79303,65,169907
11666,0.001384,74.125.24.0-255,3602,82905,65,169907
11667,0.001387,172.31.40.0-255,66,82971,65,169907
11668,0.001721,74.125.24.0-255,1484,84455,65,169907
11669,0.001728,74.125.24.0-255,2902,87357,65,169907
11670,0.001732,172.31.40.0-255,66,87423,65,169907
11671,0.001757,74.125.24.0-255,5738,93161,65,169907
11672,0.001759,172.31.40.0-255,66,93227,65,169907
11673,0.001776,74.125.24.0-255,4320,97547,65,169907
11674,0.001778,172.31.40.0-255,66,97613,65,169907
11675,0.001813,172.31.40.0-255,66,97679,65,169907
11676,0.001823,172.31.40.0-255,66,97745,65,169907
11677,0.001841,74.125.24.0-255,2184,99929,65,169907
11678,0.001843,172.31.40.0-255,66,99995,65,169907
11679,0.001875,74.125.24.0-255,2902,102897,65,169907
11680,0.001878,172.31.40.0-255,66,102963,65,169907
11681,0.001888,74.125.24.0-255,1484,104447,65,169907
11682,0.001903,74.125.24.0-255,5738,110185,65,169907
11683,0.001906,172.31.40.0-255,66,110251,65,169907
11684,0.001913,74.125.24.0-255,7156,117407,65,169907
11685,0.001915,172.31.40.0-255,66,117473,65,169907
11686,0.00193,74.125.24.0-255,4320,121793,65,169907
11687,0.001932,172.31.40.0-255,66,121859,65,169907
11688,0.001936,74.125.24.0-255,1484,123343,65,169907
11689,0.001966,172.31.40.0-255,66,123409,65,169907
11690,0.004095,74.125.24.0-255,5738,129147,65,169907
11691,0.004102,172.31.40.0-255,66,129213,65,169907
11692,0.006199,74.125.24.0-255,5738,134951,65,169907
11693,0.006203,172.31.40.0-255,66,135017,65,169907
11694,0.008308,74.125.24.0-255,5738,140755,65,169907
11695,0.008315,172.31.40.0-255,66,140821,65,169907
11696,0.010412,74.125.24.0-255,5738,146559,65,169907
11697,0.010418,172.31.40.0-255,66,146625,65,169907
11698,0.012534,74.125.24.0-255,5738,152363,65,169907
11699,0.012542,172.31.40.0-255,66,152429,65,169907
11700,0.014695,74.125.24.0-255,5738,158167,65,169907
11701,0.014705,172.31.40.0-255,66,158233,65,169907
11702,0.016835,74.125.24.0-255,5738,163971,65,169907
11703,0.016844,172.31.40.0-255,66,164037,65,169907
11704,0.018951,74.125.24.0-255,4320,168357,65,169907
11705,0.018958,172.31.40.0-255,66,168423,65,169907
11706,0.018975,74.125.24.0-255,1484,169907,65,169907
11707,0.0,74.125.24.0-255,149,149,65,174356
11708,1.4e-05,172.31.40.0-255,66,215,65,174356
11709,2e-05,74.125.24.0-255,1484,1699,65,174356
11710,2.4e-05,172.31.40.0-255,66,1765,65,174356
11711,5.2e-05,74.125.24.0-255,2902,4667,65,174356
11712,5.9e-05,172.31.40.0-255,66,4733,65,174356
11713,6.5e-05,74.125.24.0-255,5738,10471,65,174356
11714,6.7e-05,172.31.40.0-255,66,10537,65,174356
11715,9.2e-05,74.125.24.0-255,3506,14043,65,174356
11716,9.4e-05,172.31.40.0-255,66,14109,65,174356
11717,0.000134,74.125.24.0-255,4320,18429,65,174356
11718,0.000137,172.31.40.0-255,66,18495,65,174356
11719,0.000142,74.125.24.0-255,4320,22815,65,174356
11720,0.000143,172.31.40.0-255,66,22881,65,174356
11721,0.000192,74.125.24.0-255,1484,24365,65,174356
11722,0.000194,172.31.40.0-255,66,24431,65,174356
11723,0.000224,74.125.24.0-255,6797,31228,65,174356
11724,0.000226,172.31.40.0-255,66,31294,65,174356
11725,0.00031,74.125.24.0-255,1484,32778,65,174356
11726,0.000314,172.31.40.0-255,66,32844,65,174356
11727,0.000318,74.125.24.0-255,2902,35746,65,174356
11728,0.000321,172.31.40.0-255,66,35812,65,174356
11729,0.000325,74.125.24.0-255,4320,40132,65,174356
11730,0.000332,172.31.40.0-255,66,40198,65,174356
11731,0.000363,74.125.24.0-255,1484,41682,65,174356
11732,0.000365,172.31.40.0-255,66,41748,65,174356
11733,0.00037,74.125.24.0-255,4320,46068,65,174356
11734,0.000373,172.31.40.0-255,66,46134,65,174356
11735,0.000387,172.31.40.0-255,66,46200,65,174356
11736,0.000409,74.125.24.0-255,2543,48743,65,174356
11737,0.000411,172.31.40.0-255,66,48809,65,174356
11738,0.000416,74.125.24.0-255,2902,51711,65,174356
11739,0.000441,74.125.24.0-255,3961,55672,65,174356
11740,0.000487,172.31.40.0-255,66,55738,65,174356
11741,0.000793,74.125.24.0-255,399,56137,65,174356
11742,0.001007,172.31.40.0-255,66,56203,65,174356
11743,0.001083,74.125.24.0-255,1484,57687,65,174356
11744,0.00109,74.125.24.0-255,1484,59171,65,174356
11745,0.001093,172.31.40.0-255,66,59237,65,174356
11746,0.001123,74.125.24.0-255,1484,60721,65,174356
11747,0.001128,74.125.24.0-255,2902,63623,65,174356
11748,0.00113,172.31.40.0-255,66,63689,65,174356
11749,0.001138,74.125.24.0-255,7156,70845,65,174356
11750,0.00114,172.31.40.0-255,66,70911,65,174356
11751,0.001168,74.125.24.0-255,7156,78067,65,174356
11752,0.001171,172.31.40.0-255,66,78133,65,174356
11753,0.001174,74.125.24.0-255,1484,79617,65,174356
11754,0.001201,74.125.24.0-255,7156,86773,65,174356
11755,0.001203,172.31.40.0-255,66,86839,65,174356
11756,0.001206,74.125.24.0-255,1484,88323,65,174356
11757,0.001231,74.125.24.0-255,2184,90507,65,174356
11758,0.001494,74.125.24.0-255,343,90850,65,174356
11759,0.001643,74.125.24.0-255,1484,92334,65,174356
11760,0.00165,74.125.24.0-255,2902,95236,65,174356
11761,0.001667,74.125.24.0-255,4320,99556,65,174356
11762,0.001691,74.125.24.0-255,5738,105294,65,174356
11763,0.001702,74.125.24.0-255,1484,106778,65,174356
11764,0.00172,74.125.24.0-255,4320,111098,65,174356
11765,0.001746,74.125.24.0-255,5738,116836,65,174356
11766,0.001961,74.125.24.0-255,1484,118320,65,174356
11767,0.001968,74.125.24.0-255,2902,121222,65,174356
11768,0.001984,74.125.24.0-255,2902,124124,65,174356
11769,0.001999,74.125.24.0-255,2902,127026,65,174356
11770,0.002006,74.125.24.0-255,5738,132764,65,174356
11771,0.002021,74.125.24.0-255,1484,134248,65,174356
11772,0.002027,74.125.24.0-255,4320,138568,65,174356
11773,0.002062,74.125.24.0-255,1484,140052,65,174356
11774,0.002064,74.125.24.0-255,766,140818,65,174356
11775,0.005905,172.31.40.0-255,66,140884,65,174356
11776,0.00807,74.125.24.0-255,5738,146622,65,174356
11777,0.008075,172.31.40.0-255,66,146688,65,174356
11778,0.010248,74.125.24.0-255,5738,152426,65,174356
11779,0.010255,172.31.40.0-255,66,152492,65,174356
11780,0.012405,74.125.24.0-255,5738,158230,65,174356
11781,0.012413,172.31.40.0-255,66,158296,65,174356
11782,0.014563,74.125.24.0-255,4320,162616,65,174356
11783,0.014572,172.31.40.0-255,66,162682,65,174356
11784,0.014604,74.125.24.0-255,1484,164166,65,174356
11785,0.016767,74.125.24.0-255,4320,168486,65,174356
11786,0.016777,172.31.40.0-255,66,168552,65,174356
11787,0.018907,74.125.24.0-255,5738,174290,65,174356
11788,0.018916,172.31.40.0-255,66,174356,65,174356
11789,0.0,74.125.24.0-255,153,153,65,129994
11790,1.8e-05,172.31.40.0-255,66,219,65,129994
11791,2.6e-05,74.125.24.0-255,1484,1703,65,129994
11792,3.1e-05,172.31.40.0-255,66,1769,65,129994
11793,3.6e-05,74.125.24.0-255,2902,4671,65,129994
11794,3.9e-05,172.31.40.0-255,66,4737,65,129994
11795,4.7e-05,74.125.24.0-255,7156,11893,65,129994
11796,5e-05,172.31.40.0-255,66,11959,65,129994
11797,5.5e-05,74.125.24.0-255,2902,14861,65,129994
11798,5.8e-05,172.31.40.0-255,66,14927,65,129994
11799,9.1e-05,172.31.40.0-255,66,14993,65,129994
11800,9.9e-05,74.125.24.0-255,6797,21790,65,129994
11801,0.000101,172.31.40.0-255,66,21856,65,129994
11802,0.000244,74.125.24.0-255,1484,23340,65,129994
11803,0.000249,172.31.40.0-255,66,23406,65,129994
11804,0.000254,74.125.24.0-255,2902,26308,65,129994
11805,0.000256,172.31.40.0-255,66,26374,65,129994
11806,0.000263,74.125.24.0-255,5738,32112,65,129994
11807,0.000265,172.31.40.0-255,66,32178,65,129994
11808,0.000293,74.125.24.0-255,7156,39334,65,129994
11809,0.000296,172.31.40.0-255,66,39400,65,129994
11810,0.000319,74.125.24.0-255,5738,45138,65,129994
11811,0.000321,172.31.40.0-255,66,45204,65,129994
11812,0.000343,74.125.24.0-255,5738,50942,65,129994
11813,0.000346,172.31.40.0-255,66,51008,65,129994
11814,0.000376,74.125.24.0-255,5020,56028,65,129994
11815,0.000378,172.31.40.0-255,66,56094,65,129994
11816,0.000685,74.125.24.0-255,357,56451,65,129994
11817,0.000689,172.31.40.0-255,66,56517,65,129994
11818,0.000784,74.125.24.0-255,135,56652,65,129994
11819,0.000788,172.31.40.0-255,66,56718,65,129994
11820,0.001011,74.125.24.0-255,1484,58202,65,129994
11821,0.001016,74.125.24.0-255,1484,59686,65,129994
11822,0.001019,172.31.40.0-255,66,59752,65,129994
11823,0.001033,74.125.24.0-255,1484,61236,65,129994
11824,0.00104,74.125.24.0-255,5738,66974,65,129994
11825,0.001042,172.31.40.0-255,66,67040,65,129994
11826,0.001086,172.31.40.0-255,66,67106,65,129994
11827,0.001133,172.31.40.0-255,66,67172,65,129994
11828,0.001982,74.125.24.0-255,1484,68656,65,129994
11829,0.001992,74.125.24.0-255,2902,71558,65,129994
11830,0.001996,172.31.40.0-255,66,71624,65,129994
11831,0.00202,74.125.24.0-255,2902,74526,65,129994
11832,0.002021,172.31.40.0-255,66,74592,65,129994
11833,0.002041,74.125.24.0-255,2902,77494,65,129994
11834,0.002043,172.31.40.0-255,66,77560,65,129994
11835,0.002046,74.125.24.0-255,1484,79044,65,129994
11836,0.002055,172.31.40.0-255,66,79110,65,129994
11837,0.002075,74.125.24.0-255,4320,83430,65,129994
11838,0.002077,172.31.40.0-255,66,83496,65,129994
11839,0.002097,172.31.40.0-255,66,83562,65,129994
11840,0.004267,74.125.24.0-255,5738,89300,65,129994
11841,0.004274,172.31.40.0-255,66,89366,65,129994
11842,0.006448,74.125.24.0-255,5738,95104,65,129994
11843,0.006454,172.31.40.0-255,66,95170,65,129994
11844,0.008657,74.125.24.0-255,5738,100908,65,129994
11845,0.008663,172.31.40.0-255,66,100974,65,129994
11846,0.010863,74.125.24.0-255,5738,106712,65,129994
11847,0.010871,172.31.40.0-255,66,106778,65,129994
11848,0.013027,74.125.24.0-255,5738,112516,65,129994
11849,0.013034,172.31.40.0-255,66,112582,65,129994
11850,0.015205,74.125.24.0-255,5738,118320,65,129994
11851,0.015212,172.31.40.0-255,66,118386,65,129994
11852,0.017394,74.125.24.0-255,5738,124124,65,129994
11853,0.017402,172.31.40.0-255,66,124190,65,129994
11854,0.019597,74.125.24.0-255,5738,129928,65,129994
11855,0.019606,172.31.40.0-255,66,129994,65,129994
11856,0.0,74.125.200.0-255,156,156,65,274472
11857,1.5e-05,172.31.40.0-255,66,222,65,274472
11858,3.2e-05,74.125.200.0-255,1484,1706,65,274472
11859,3.6e-05,172.31.40.0-255,66,1772,65,274472
11860,5.3e-05,74.125.200.0-255,2902,4674,65,274472
11861,5.6e-05,172.31.40.0-255,66,4740,65,274472
11862,5.9e-05,74.125.200.0-255,1484,6224,65,274472
11863,6.1e-05,172.31.40.0-255,66,6290,65,274472
11864,8.3e-05,74.125.200.0-255,4320,10610,65,274472
11865,8.5e-05,172.31.40.0-255,66,10676,65,274472
11866,8.8e-05,74.125.200.0-255,1484,12160,65,274472
11867,8.9e-05,172.31.40.0-255,66,12226,65,274472
11868,9.4e-05,74.125.200.0-255,2037,14263,65,274472
11869,9.6e-05,172.31.40.0-255,66,14329,65,274472
11870,0.000137,74.125.200.0-255,5738,20067,65,274472
11871,0.00014,172.31.40.0-255,66,20133,65,274472
11872,0.000175,74.125.200.0-255,7156,27289,65,274472
11873,0.000178,172.31.40.0-255,66,27355,65,274472
11874,0.000183,74.125.200.0-255,3961,31316,65,274472
11875,0.000184,172.31.40.0-255,66,31382,65,274472
11876,0.000243,74.125.200.0-255,1484,32866,65,274472
11877,0.000246,172.31.40.0-255,66,32932,65,274472
11878,0.000264,74.125.200.0-255,2902,35834,65,274472
11879,0.000266,172.31.40.0-255,66,35900,65,274472
11880,0.000268,74.125.200.0-255,1484,37384,65,274472
11881,0.00027,172.31.40.0-255,66,37450,65,274472
11882,0.000282,74.125.200.0-255,1484,38934,65,274472
11883,0.000284,172.31.40.0-255,66,39000,65,274472
11884,0.000301,74.125.200.0-255,2902,41902,65,274472
11885,0.000303,172.31.40.0-255,66,41968,65,274472
11886,0.000324,74.125.200.0-255,1484,43452,65,274472
11887,0.000326,172.31.40.0-255,66,43518,65,274472
11888,0.00034,74.125.200.0-255,4320,47838,65,274472
11889,0.000343,172.31.40.0-255,66,47904,65,274472
11890,0.000364,74.125.200.0-255,1125,49029,65,274472
11891,0.000457,74.125.200.0-255,1484,50513,65,274472
11892,0.000461,172.31.40.0-255,66,50579,65,274472
11893,0.000479,74.125.200.0-255,2902,53481,65,274472
11894,0.000481,172.31.40.0-255,66,53547,65,274472
11895,0.000496,74.125.200.0-255,4320,57867,65,274472
11896,0.000499,172.31.40.0-255,66,57933,65,274472
11897,0.000533,74.125.200.0-255,1484,59417,65,274472
11898,0.000547,74.125.200.0-255,5738,65155,65,274472
11899,0.000549,172.31.40.0-255,66,65221,65,274472
11900,0.000565,74.125.200.0-255,1125,66346,65,274472
11901,0.000625,74.125.200.0-255,1484,67830,65,274472
11902,0.000628,172.31.40.0-255,66,67896,65,274472
11903,0.000645,74.125.200.0-255,2902,70798,65,274472
11904,0.000647,172.31.40.0-255,66,70864,65,274472
11905,0.000666,74.125.200.0-255,4320,75184,65,274472
11906,0.000668,172.31.40.0-255,66,75250,65,274472
11907,0.000691,74.125.200.0-255,1484,76734,65,274472
11908,0.000695,74.125.200.0-255,2902,79636,65,274472
11909,0.000697,172.31.40.0-255,66,79702,65,274472
11910,0.0007,74.125.200.0-255,1484,81186,65,274472
11911,0.000719,74.125.200.0-255,2543,83729,65,274472
11912,0.000722,172.31.40.0-255,66,83795,65,274472
11913,0.000741,74.125.200.0-255,4320,88115,65,274472
11914,0.000744,172.31.40.0-255,66,88181,65,274472
11915,0.000765,74.125.200.0-255,5738,93919,65,274472
11916,0.000768,172.31.40.0-255,66,93985,65,274472
11917,0.000791,74.125.200.0-255,6797,100782,65,274472
11918,0.000793,172.31.40.0-255,66,100848,65,274472
11919,0.001254,74.125.200.0-255,1484,102332,65,274472
11920,0.001273,74.125.200.0-255,1484,103816,65,274472
11921,0.001276,172.31.40.0-255,66,103882,65,274472
11922,0.001289,74.125.200.0-255,1484,105366,65,274472
11923,0.001295,74.125.200.0-255,5738,111104,65,274472
11924,0.001297,172.31.40.0-255,66,111170,65,274472
11925,0.001313,74.125.200.0-255,1484,112654,65,274472
11926,0.001332,74.125.200.0-255,5738,118392,65,274472
11927,0.001333,172.31.40.0-255,66,118458,65,274472
11928,0.001354,74.125.200.0-255,5738,124196,65,274472
11929,0.001356,172.31.40.0-255,66,124262,65,274472
11930,0.00137,74.125.200.0-255,4320,128582,65,274472
11931,0.001373,172.31.40.0-255,66,128648,65,274472
11932,0.001402,74.125.200.0-255,6438,135086,65,274472
11933,0.001406,172.31.40.0-255,66,135152,65,274472
11934,0.001621,74.125.200.0-255,1484,136636,65,274472
11935,0.001624,74.125.200.0-255,1484,138120,65,274472
11936,0.001627,172.31.40.0-255,66,138186,65,274472
11937,0.001648,74.125.200.0-255,1484,139670,65,274472
11938,0.001652,74.125.200.0-255,2902,142572,65,274472
11939,0.001654,172.31.40.0-255,66,142638,65,274472
11940,0.001678,74.125.200.0-255,4320,146958,65,274472
11941,0.001682,172.31.40.0-255,66,147024,65,274472
11942,0.001699,74.125.200.0-255,1484,148508,65,274472
11943,0.001718,74.125.200.0-255,5738,154246,65,274472
11944,0.001721,172.31.40.0-255,66,154312,65,274472
11945,0.001733,74.125.200.0-255,1484,155796,65,274472
11946,0.001755,74.125.200.0-255,7156,162952,65,274472
11947,0.001757,172.31.40.0-255,66,163018,65,274472
11948,0.001761,74.125.200.0-255,2902,165920,65,274472
11949,0.001763,172.31.40.0-255,66,165986,65,274472
11950,0.001768,74.125.200.0-255,3602,169588,65,274472
11951,0.001769,172.31.40.0-255,66,169654,65,274472
11952,0.001853,74.125.200.0-255,1484,171138,65,274472
11953,0.001857,74.125.200.0-255,1484,172622,65,274472
11954,0.00186,172.31.40.0-255,66,172688,65,274472
11955,0.001875,74.125.200.0-255,1484,174172,65,274472
11956,0.001878,74.125.200.0-255,1484,175656,65,274472
11957,0.00188,172.31.40.0-255,66,175722,65,274472
11958,0.0019,74.125.200.0-255,4320,180042,65,274472
11959,0.001902,74.125.200.0-255,1484,181526,65,274472
11960,0.001907,172.31.40.0-255,66,181592,65,274472
11961,0.001914,74.125.200.0-255,1484,183076,65,274472
11962,0.001915,172.31.40.0-255,66,183142,65,274472
11963,0.001942,74.125.200.0-255,4320,187462,65,274472
11964,0.001944,172.31.40.0-255,66,187528,65,274472
11965,0.001962,74.125.200.0-255,1484,189012,65,274472
11966,0.001991,74.125.200.0-255,5738,194750,65,274472
11967,0.001993,172.31.40.0-255,66,194816,65,274472
11968,0.002003,172.31.40.0-255,66,194882,65,274472
11969,0.002005,74.125.200.0-255,766,195648,65,274472
11970,0.002128,74.125.200.0-255,1484,197132,65,274472
11971,0.002132,172.31.40.0-255,66,197198,65,274472
11972,0.002137,74.125.200.0-255,2902,200100,65,274472
11973,0.002139,172.31.40.0-255,66,200166,65,274472
11974,0.002151,74.125.200.0-255,2902,203068,65,274472
11975,0.002155,172.31.40.0-255,66,203134,65,274472
11976,0.002188,74.125.200.0-255,1484,204618,65,274472
11977,0.002194,74.125.200.0-255,5738,210356,65,274472
11978,0.002196,172.31.40.0-255,66,210422,65,274472
11979,0.002203,74.125.200.0-255,7156,217578,65,274472
11980,0.002205,172.31.40.0-255,66,217644,65,274472
11981,0.002238,74.125.200.0-255,4320,221964,65,274472
11982,0.002241,172.31.40.0-255,66,222030,65,274472
11983,0.002246,74.125.200.0-255,4320,226350,65,274472
11984,0.002247,172.31.40.0-255,66,226416,65,274472
11985,0.002261,74.125.200.0-255,1484,227900,65,274472
11986,0.002279,74.125.200.0-255,2184,230084,65,274472
11987,0.002281,172.31.40.0-255,66,230150,65,274472
11988,0.002405,74.125.200.0-255,1484,231634,65,274472
11989,0.002409,74.125.200.0-255,1484,233118,65,274472
11990,0.002411,172.31.40.0-255,66,233184,65,274472
11991,0.004716,74.125.200.0-255,2902,236086,65,274472
11992,0.004723,172.31.40.0-255,66,236152,65,274472
11993,0.004827,74.125.200.0-255,2902,239054,65,274472
11994,0.00483,172.31.40.0-255,66,239120,65,274472
11995,0.007143,74.125.200.0-255,2902,242022,65,274472
11996,0.007149,172.31.40.0-255,66,242088,65,274472
11997,0.007241,74.125.200.0-255,2902,244990,65,274472
11998,0.007246,172.31.40.0-255,66,245056,65,274472
11999,0.009565,74.125.200.0-255,2902,247958,65,274472
12000,0.00957,172.31.40.0-255,66,248024,65,274472
12001,0.009654,74.125.200.0-255,2902,250926,65,274472
12002,0.009658,172.31.40.0-255,66,250992,65,274472
12003,0.011997,74.125.200.0-255,2902,253894,65,274472
12004,0.012005,172.31.40.0-255,66,253960,65,274472
12005,0.012056,74.125.200.0-255,2902,256862,65,274472
12006,0.01206,172.31.40.0-255,66,256928,65,274472
12007,0.01444,74.125.200.0-255,2902,259830,65,274472
12008,0.014449,172.31.40.0-255,66,259896,65,274472
12009,0.014471,74.125.200.0-255,2902,262798,65,274472
12010,0.014475,172.31.40.0-255,66,262864,65,274472
12011,0.016886,74.125.200.0-255,5738,268602,65,274472
12012,0.016897,172.31.40.0-255,66,268668,65,274472
12013,0.019323,74.125.200.0-255,5738,274406,65,274472
12014,0.019332,172.31.40.0-255,66,274472,65,274472
12015,0.0,172.31.40.0-255,105,105,65,459
12016,0.000258,172.31.40.0-255,90,195,65,459
12017,0.000269,172.31.40.0-255,66,261,65,459
12018,0.002247,74.125.200.0-255,66,327,65,459
12019,0.00228,74.125.200.0-255,66,393,65,459
12020,0.002304,172.31.40.0-255,66,459,65,459
12021,0.0,172.217.194.0-255,153,153,65,230916
12022,1.4e-05,172.31.40.0-255,66,219,65,230916
12023,2.1e-05,172.217.194.0-255,1484,1703,65,230916
12024,2.6e-05,172.31.40.0-255,66,1769,65,230916
12025,3.2e-05,172.217.194.0-255,2902,4671,65,230916
12026,3.6e-05,172.31.40.0-255,66,4737,65,230916
12027,4e-05,172.217.194.0-255,2902,7639,65,230916
12028,4.3e-05,172.31.40.0-255,66,7705,65,230916
12029,6.6e-05,172.217.194.0-255,4320,12025,65,230916
12030,6.9e-05,172.31.40.0-255,66,12091,65,230916
12031,7.4e-05,172.217.194.0-255,1983,14074,65,230916
12032,7.6e-05,172.31.40.0-255,66,14140,65,230916
12033,0.000202,172.217.194.0-255,1484,15624,65,230916
12034,0.000206,172.31.40.0-255,66,15690,65,230916
12035,0.000237,172.217.194.0-255,2902,18592,65,230916
12036,0.00024,172.31.40.0-255,66,18658,65,230916
12037,0.000278,172.217.194.0-255,5738,24396,65,230916
12038,0.00028,172.31.40.0-255,66,24462,65,230916
12039,0.000293,172.217.194.0-255,1484,25946,65,230916
12040,0.000295,172.31.40.0-255,66,26012,65,230916
12041,0.000312,172.217.194.0-255,5379,31391,65,230916
12042,0.000315,172.31.40.0-255,66,31457,65,230916
12043,0.000399,172.217.194.0-255,1484,32941,65,230916
12044,0.000402,172.31.40.0-255,66,33007,65,230916
12045,0.000406,172.217.194.0-255,1484,34491,65,230916
12046,0.000408,172.31.40.0-255,66,34557,65,230916
12047,0.00042,172.217.194.0-255,1484,36041,65,230916
12048,0.000422,172.31.40.0-255,66,36107,65,230916
12049,0.000426,172.217.194.0-255,1484,37591,65,230916
12050,0.000428,172.31.40.0-255,66,37657,65,230916
12051,0.00045,172.217.194.0-255,4320,41977,65,230916
12052,0.000454,172.31.40.0-255,66,42043,65,230916
12053,0.000487,172.217.194.0-255,5738,47781,65,230916
12054,0.00049,172.31.40.0-255,66,47847,65,230916
12055,0.000516,172.31.40.0-255,66,47913,65,230916
12056,0.000519,172.217.194.0-255,1484,49397,65,230916
12057,0.000547,172.31.40.0-255,66,49463,65,230916
12058,0.000685,172.217.194.0-255,364,49827,65,230916
12059,0.00103,172.217.194.0-255,1484,51311,65,230916
12060,0.001034,172.31.40.0-255,66,51377,65,230916
12061,0.00104,172.217.194.0-255,2902,54279,65,230916
12062,0.001043,172.31.40.0-255,66,54345,65,230916
12063,0.00107,172.217.194.0-255,5738,60083,65,230916
12064,0.001073,172.31.40.0-255,66,60149,65,230916
12065,0.001099,172.217.194.0-255,7156,67305,65,230916
12066,0.001102,172.31.40.0-255,66,67371,65,230916
12067,0.001122,172.217.194.0-255,4320,71691,65,230916
12068,0.001124,172.31.40.0-255,66,71757,65,230916
12069,0.00116,172.31.40.0-255,66,71823,65,230916
12070,0.001164,172.217.194.0-255,2184,74007,65,230916
12071,0.001166,172.31.40.0-255,66,74073,65,230916
12072,0.001557,172.217.194.0-255,1484,75557,65,230916
12073,0.001566,172.217.194.0-255,2902,78459,65,230916
12074,0.00157,172.31.40.0-255,66,78525,65,230916
12075,0.001583,172.217.194.0-255,1484,80009,65,230916
12076,0.001601,172.217.194.0-255,4320,84329,65,230916
12077,0.001605,172.31.40.0-255,66,84395,65,230916
12078,0.001612,172.217.194.0-255,4320,88715,65,230916
12079,0.001614,172.31.40.0-255,66,88781,65,230916
12080,0.001632,172.217.194.0-255,5738,94519,65,230916
12081,0.001634,172.31.40.0-255,66,94585,65,230916
12082,0.001639,172.217.194.0-255,4320,98905,65,230916
12083,0.001641,172.31.40.0-255,66,98971,65,230916
12084,0.001668,172.217.194.0-255,5738,104709,65,230916
12085,0.00167,172.31.40.0-255,66,104775,65,230916
12086,0.00169,172.217.194.0-255,3602,108377,65,230916
12087,0.001693,172.31.40.0-255,66,108443,65,230916
12088,0.002061,172.217.194.0-255,1484,109927,65,230916
12089,0.00207,172.217.194.0-255,2902,112829,65,230916
12090,0.002074,172.31.40.0-255,66,112895,65,230916
12091,0.002103,172.217.194.0-255,5738,118633,65,230916
12092,0.002105,172.31.40.0-255,66,118699,65,230916
12093,0.002112,172.217.194.0-255,5738,124437,65,230916
12094,0.002114,172.31.40.0-255,66,124503,65,230916
12095,0.002128,172.217.194.0-255,1484,125987,65,230916
12096,0.002141,172.31.40.0-255,66,126053,65,230916
12097,0.002165,172.217.194.0-255,1484,127537,65,230916
12098,0.002169,172.217.194.0-255,2184,129721,65,230916
12099,0.002172,172.31.40.0-255,66,129787,65,230916
12100,0.002229,172.217.194.0-255,1484,131271,65,230916
12101,0.002234,172.217.194.0-255,2902,134173,65,230916
12102,0.002237,172.31.40.0-255,66,134239,65,230916
12103,0.00224,172.217.194.0-255,1484,135723,65,230916
12104,0.002258,172.217.194.0-255,4320,140043,65,230916
12105,0.002261,172.31.40.0-255,66,140109,65,230916
12106,0.002296,172.31.40.0-255,66,140175,65,230916
12107,0.002299,172.217.194.0-255,1484,141659,65,230916
12108,0.002325,172.31.40.0-255,66,141725,65,230916
12109,0.002396,172.217.194.0-255,1484,143209,65,230916
12110,0.002401,172.217.194.0-255,2902,146111,65,230916
12111,0.002404,172.31.40.0-255,66,146177,65,230916
12112,0.002407,172.217.194.0-255,1484,147661,65,230916
12113,0.002426,172.217.194.0-255,4320,151981,65,230916
12114,0.002429,172.31.40.0-255,66,152047,65,230916
12115,0.002431,172.217.194.0-255,1484,153531,65,230916
12116,0.002449,172.217.194.0-255,5738,159269,65,230916
12117,0.002452,172.31.40.0-255,66,159335,65,230916
12118,0.002477,172.217.194.0-255,5738,165073,65,230916
12119,0.00248,172.31.40.0-255,66,165139,65,230916
12120,0.002505,172.217.194.0-255,1484,166623,65,230916
12121,0.002517,172.217.194.0-255,2902,169525,65,230916
12122,0.002539,172.217.194.0-255,5738,175263,65,230916
12123,0.00255,172.217.194.0-255,1484,176747,65,230916
12124,0.002597,172.217.194.0-255,1484,178231,65,230916
12125,0.002602,172.217.194.0-255,2902,181133,65,230916
12126,0.002604,172.217.194.0-255,1484,182617,65,230916
12127,0.002611,172.217.194.0-255,6438,189055,65,230916
12128,0.002617,172.217.194.0-255,7156,196211,65,230916
12129,0.002619,172.217.194.0-255,1484,197695,65,230916
12130,0.002648,172.217.194.0-255,2902,200597,65,230916
12131,0.002689,172.217.194.0-255,1484,202081,65,230916
12132,0.002695,172.217.194.0-255,6438,208519,65,230916
12133,0.002707,172.217.194.0-255,2902,211421,65,230916
12134,0.002785,172.217.194.0-255,2902,214323,65,230916
12135,0.002845,172.217.194.0-255,1484,215807,65,230916
12136,0.002849,172.31.40.0-255,78,215885,65,230916
12137,0.002866,172.217.194.0-255,7156,223041,65,230916
12138,0.002868,172.217.194.0-255,1484,224525,65,230916
12139,0.002872,172.217.194.0-255,4320,228845,65,230916
12140,0.002908,172.217.194.0-255,1484,230329,65,230916
12141,0.002931,172.217.194.0-255,105,230434,65,230916
12142,0.006307,172.31.40.0-255,66,230500,65,230916
12143,0.007335,172.31.40.0-255,101,230601,65,230916
12144,0.008448,172.31.40.0-255,105,230706,65,230916
12145,0.008521,172.31.40.0-255,78,230784,65,230916
12146,0.009593,172.217.194.0-255,66,230850,65,230916
12147,0.010716,172.217.194.0-255,66,230916,65,230916
12148,0.0,74.125.24.0-255,145,145,65,313338
12149,1e-05,172.31.40.0-255,66,211,65,313338
12150,3.2e-05,74.125.24.0-255,1484,1695,65,313338
12151,3.7e-05,172.31.40.0-255,66,1761,65,313338
12152,4.2e-05,74.125.24.0-255,2902,4663,65,313338
12153,4.4e-05,172.31.40.0-255,66,4729,65,313338
12154,7.9e-05,74.125.24.0-255,7156,11885,65,313338
12155,8.3e-05,172.31.40.0-255,66,11951,65,313338
12156,8.9e-05,74.125.24.0-255,2057,14008,65,313338
12157,9.1e-05,172.31.40.0-255,66,14074,65,313338
12158,0.000228,74.125.24.0-255,1484,15558,65,313338
12159,0.000232,172.31.40.0-255,66,15624,65,313338
12160,0.000236,74.125.24.0-255,1484,17108,65,313338
12161,0.000239,172.31.40.0-255,66,17174,65,313338
12162,0.000255,74.125.24.0-255,1484,18658,65,313338
12163,0.000257,172.31.40.0-255,66,18724,65,313338
12164,0.000265,74.125.24.0-255,5738,24462,65,313338
12165,0.000267,172.31.40.0-255,66,24528,65,313338
12166,0.000295,74.125.24.0-255,5738,30266,65,313338
12167,0.000298,172.31.40.0-255,66,30332,65,313338
12168,0.000337,74.125.24.0-255,6797,37129,65,313338
12169,0.000341,172.31.40.0-255,66,37195,65,313338
12170,0.000366,74.125.24.0-255,7156,44351,65,313338
12171,0.000369,172.31.40.0-255,66,44417,65,313338
12172,0.00039,74.125.24.0-255,2902,47319,65,313338
12173,0.000393,172.31.40.0-255,66,47385,65,313338
12174,0.000411,74.125.24.0-255,1125,48510,65,313338
12175,0.000414,172.31.40.0-255,66,48576,65,313338
12176,0.000488,74.125.24.0-255,1484,50060,65,313338
12177,0.000492,172.31.40.0-255,66,50126,65,313338
12178,0.000497,74.125.24.0-255,2902,53028,65,313338
12179,0.0005,172.31.40.0-255,66,53094,65,313338
12180,0.000505,74.125.24.0-255,2902,55996,65,313338
12181,0.000508,172.31.40.0-255,66,56062,65,313338
12182,0.000531,74.125.24.0-255,2902,58964,65,313338
12183,0.000533,172.31.40.0-255,66,59030,65,313338
12184,0.000541,74.125.24.0-255,6797,65827,65,313338
12185,0.000543,172.31.40.0-255,66,65893,65,313338
12186,0.000563,74.125.24.0-255,645,66538,65,313338
12187,0.000758,74.125.24.0-255,1484,68022,65,313338
12188,0.000762,172.31.40.0-255,66,68088,65,313338
12189,0.000768,74.125.24.0-255,2902,70990,65,313338
12190,0.00077,172.31.40.0-255,66,71056,65,313338
12191,0.000773,74.125.24.0-255,1484,72540,65,313338
12192,0.0008,74.125.24.0-255,4320,76860,65,313338
12193,0.000803,172.31.40.0-255,66,76926,65,313338
12194,0.000808,74.125.24.0-255,4320,81246,65,313338
12195,0.00081,172.31.40.0-255,66,81312,65,313338
12196,0.000823,74.125.24.0-255,2543,83855,65,313338
12197,0.000825,172.31.40.0-255,66,83921,65,313338
12198,0.000893,74.125.24.0-255,1484,85405,65,313338
12199,0.000899,74.125.24.0-255,2902,88307,65,313338
12200,0.000902,172.31.40.0-255,66,88373,65,313338
12201,0.000909,74.125.24.0-255,5738,94111,65,313338
12202,0.000912,172.31.40.0-255,66,94177,65,313338
12203,0.000931,74.125.24.0-255,1484,95661,65,313338
12204,0.00095,74.125.24.0-255,5379,101040,65,313338
12205,0.000953,172.31.40.0-255,66,101106,65,313338
12206,0.001549,74.125.24.0-255,1484,102590,65,313338
12207,0.001556,74.125.24.0-255,2902,105492,65,313338
12208,0.001559,172.31.40.0-255,66,105558,65,313338
12209,0.001564,74.125.24.0-255,2902,108460,65,313338
12210,0.001566,172.31.40.0-255,66,108526,65,313338
12211,0.001582,74.125.24.0-255,2902,111428,65,313338
12212,0.001584,172.31.40.0-255,66,111494,65,313338
12213,0.001588,74.125.24.0-255,2902,114396,65,313338
12214,0.00159,172.31.40.0-255,66,114462,65,313338
12215,0.001608,74.125.24.0-255,1484,115946,65,313338
12216,0.001615,74.125.24.0-255,5738,121684,65,313338
12217,0.001616,172.31.40.0-255,66,121750,65,313338
12218,0.001628,172.31.40.0-255,66,121816,65,313338
12219,0.001631,74.125.24.0-255,2184,124000,65,313338
12220,0.001633,172.31.40.0-255,66,124066,65,313338
12221,0.001932,74.125.24.0-255,1484,125550,65,313338
12222,0.001951,74.125.24.0-255,2902,128452,65,313338
12223,0.001955,172.31.40.0-255,66,128518,65,313338
12224,0.001962,74.125.24.0-255,5738,134256,65,313338
12225,0.001963,172.31.40.0-255,66,134322,65,313338
12226,0.001967,74.125.24.0-255,2902,137224,65,313338
12227,0.001969,172.31.40.0-255,66,137290,65,313338
12228,0.001984,74.125.24.0-255,7156,144446,65,313338
12229,0.001986,172.31.40.0-255,66,144512,65,313338
12230,0.002001,74.125.24.0-255,2902,147414,65,313338
12231,0.002003,172.31.40.0-255,66,147480,65,313338
12232,0.002013,172.31.40.0-255,66,147546,65,313338
12233,0.002052,74.125.24.0-255,1484,149030,65,313338
12234,0.002057,74.125.24.0-255,2902,151932,65,313338
12235,0.002058,172.31.40.0-255,66,151998,65,313338
12236,0.002092,74.125.24.0-255,5738,157736,65,313338
12237,0.002095,172.31.40.0-255,66,157802,65,313338
12238,0.002101,74.125.24.0-255,4320,162122,65,313338
12239,0.002103,172.31.40.0-255,66,162188,65,313338
12240,0.002123,74.125.24.0-255,4320,166508,65,313338
12241,0.002125,172.31.40.0-255,66,166574,65,313338
12242,0.002152,74.125.24.0-255,7156,173730,65,313338
12243,0.002154,172.31.40.0-255,66,173796,65,313338
12244,0.002188,74.125.24.0-255,7156,180952,65,313338
12245,0.00219,172.31.40.0-255,66,181018,65,313338
12246,0.002214,74.125.24.0-255,2184,183202,65,313338
12247,0.002217,172.31.40.0-255,66,183268,65,313338
12248,0.002227,172.31.40.0-255,66,183334,65,313338
12249,0.002244,172.31.40.0-255,66,183400,65,313338
12250,0.002246,74.125.24.0-255,766,184166,65,313338
12251,0.002249,74.125.24.0-255,1484,185650,65,313338
12252,0.002251,172.31.40.0-255,66,185716,65,313338
12253,0.00228,74.125.24.0-255,4320,190036,65,313338
12254,0.002283,172.31.40.0-255,66,190102,65,313338
12255,0.002288,74.125.24.0-255,4320,194422,65,313338
12256,0.00229,172.31.40.0-255,66,194488,65,313338
12257,0.002308,74.125.24.0-255,4320,198808,65,313338
12258,0.00231,172.31.40.0-255,66,198874,65,313338
12259,0.002329,74.125.24.0-255,1484,200358,65,313338
12260,0.002333,74.125.24.0-255,4320,204678,65,313338
12261,0.002335,172.31.40.0-255,66,204744,65,313338
12262,0.002378,172.31.40.0-255,66,204810,65,313338
12263,0.002392,74.125.24.0-255,766,205576,65,313338
12264,0.002681,74.125.24.0-255,1484,207060,65,313338
12265,0.002684,172.31.40.0-255,66,207126,65,313338
12266,0.0027,74.125.24.0-255,2902,210028,65,313338
12267,0.002702,172.31.40.0-255,66,210094,65,313338
12268,0.002728,74.125.24.0-255,5738,215832,65,313338
12269,0.00273,172.31.40.0-255,66,215898,65,313338
12270,0.002733,74.125.24.0-255,1484,217382,65,313338
12271,0.002759,172.31.40.0-255,66,217448,65,313338
12272,0.002761,74.125.24.0-255,1484,218932,65,313338
12273,0.002786,74.125.24.0-255,4320,223252,65,313338
12274,0.002788,172.31.40.0-255,66,223318,65,313338
12275,0.002808,74.125.24.0-255,2902,226220,65,313338
12276,0.00281,172.31.40.0-255,66,226286,65,313338
12277,0.002813,74.125.24.0-255,1484,227770,65,313338
12278,0.002815,74.125.24.0-255,766,228536,65,313338
12279,0.002817,172.31.40.0-255,66,228602,65,313338
12280,0.002896,74.125.24.0-255,1484,230086,65,313338
12281,0.002909,74.125.24.0-255,2902,232988,65,313338
12282,0.002911,172.31.40.0-255,66,233054,65,313338
12283,0.002934,74.125.24.0-255,5738,238792,65,313338
12284,0.002937,172.31.40.0-255,66,238858,65,313338
12285,0.002952,74.125.24.0-255,5738,244596,65,313338
12286,0.002955,172.31.40.0-255,66,244662,65,313338
12287,0.002974,74.125.24.0-255,7156,251818,65,313338
12288,0.002977,172.31.40.0-255,66,251884,65,313338
12289,0.00299,172.31.40.0-255,66,251950,65,313338
12290,0.003068,74.125.24.0-255,1484,253434,65,313338
12291,0.003085,74.125.24.0-255,2902,256336,65,313338
12292,0.003087,172.31.40.0-255,66,256402,65,313338
12293,0.00309,74.125.24.0-255,1484,257886,65,313338
12294,0.003111,74.125.24.0-255,4320,262206,65,313338
12295,0.003113,172.31.40.0-255,66,262272,65,313338
12296,0.00312,74.125.24.0-255,5738,268010,65,313338
12297,0.003122,172.31.40.0-255,66,268076,65,313338
12298,0.003148,74.125.24.0-255,5738,273814,65,313338
12299,0.00315,172.31.40.0-255,66,273880,65,313338
12300,0.00317,74.125.24.0-255,2902,276782,65,313338
12301,0.003172,172.31.40.0-255,66,276848,65,313338
12302,0.003178,74.125.24.0-255,4320,281168,65,313338
12303,0.00318,172.31.40.0-255,66,281234,65,313338
12304,0.003199,74.125.24.0-255,5020,286254,65,313338
12305,0.003201,172.31.40.0-255,66,286320,65,313338
12306,0.003392,74.125.24.0-255,1484,287804,65,313338
12307,0.003423,74.125.24.0-255,2902,290706,65,313338
12308,0.003426,172.31.40.0-255,66,290772,65,313338
12309,0.003433,74.125.24.0-255,5738,296510,65,313338
12310,0.003435,172.31.40.0-255,66,296576,65,313338
12311,0.003499,74.125.24.0-255,5738,302314,65,313338
12312,0.003502,172.31.40.0-255,66,302380,65,313338
12313,0.003516,74.125.24.0-255,7156,309536,65,313338
12314,0.003518,172.31.40.0-255,66,309602,65,313338
12315,0.003529,172.31.40.0-255,66,309668,65,313338
12316,0.003533,74.125.24.0-255,2674,312342,65,313338
12317,0.003535,172.31.40.0-255,66,312408,65,313338
12318,0.003538,74.125.24.0-255,105,312513,65,313338
12319,0.003578,74.125.24.0-255,129,312642,65,313338
12320,0.008624,172.31.40.0-255,105,312747,65,313338
12321,0.008661,172.31.40.0-255,105,312852,65,313338
12322,0.008866,172.31.40.0-255,90,312942,65,313338
12323,0.008875,172.31.40.0-255,66,313008,65,313338
12324,0.01095,74.125.24.0-255,66,313074,65,313338
12325,0.010988,74.125.24.0-255,66,313140,65,313338
12326,0.011212,74.125.24.0-255,66,313206,65,313338
12327,0.011245,74.125.24.0-255,66,313272,65,313338
12328,0.01125,172.31.40.0-255,66,313338,65,313338
