,TIME,SRC,PACKET_SIZE,CUMULATIVE_PACKET_SIZE,PAGE_NUMBER,TOTAL_PACKET_SIZE
0,0.0,172.217.194.0-255,146,146,46,181117
1,2.7e-05,172.31.46.0-255,66,212,46,181117
2,3.4e-05,172.217.194.0-255,1484,1696,46,181117
3,3.8e-05,172.31.46.0-255,66,1762,46,181117
4,5.2e-05,172.217.194.0-255,2902,4664,46,181117
5,5.6e-05,172.31.46.0-255,66,4730,46,181117
6,6.5e-05,172.217.194.0-255,7156,11886,46,181117
7,6.7e-05,172.31.46.0-255,66,11952,46,181117
8,7.1e-05,172.217.194.0-255,2127,14079,46,181117
9,7.4e-05,172.31.46.0-255,66,14145,46,181117
10,0.000314,172.217.194.0-255,1484,15629,46,181117
11,0.00032,172.31.46.0-255,66,15695,46,181117
12,0.000326,172.217.194.0-255,2902,18597,46,181117
13,0.000329,172.31.46.0-255,66,18663,46,181117
14,0.000366,172.217.194.0-255,5738,24401,46,181117
15,0.000369,172.31.46.0-255,66,24467,46,181117
16,0.000378,172.217.194.0-255,6797,31264,46,181117
17,0.00038,172.31.46.0-255,66,31330,46,181117
18,0.00072,172.217.194.0-255,1484,32814,46,181117
19,0.000726,172.31.46.0-255,66,32880,46,181117
20,0.000732,172.217.194.0-255,2902,35782,46,181117
21,0.000734,172.31.46.0-255,66,35848,46,181117
22,0.000745,172.217.194.0-255,5738,41586,46,181117
23,0.000747,172.31.46.0-255,66,41652,46,181117
24,0.000792,172.217.194.0-255,2902,44554,46,181117
25,0.000795,172.31.46.0-255,66,44620,46,181117
26,0.000818,172.217.194.0-255,3961,48581,46,181117
27,0.000821,172.31.46.0-255,66,48647,46,181117
28,0.000829,172.217.194.0-255,7156,55803,46,181117
29,0.000831,172.31.46.0-255,66,55869,46,181117
30,0.000868,172.31.46.0-255,66,55935,46,181117
31,0.001301,172.217.194.0-255,645,56580,46,181117
32,0.001306,172.31.46.0-255,66,56646,46,181117
33,0.001409,172.217.194.0-255,1484,58130,46,181117
34,0.001413,172.31.46.0-255,66,58196,46,181117
35,0.00142,172.217.194.0-255,2902,61098,46,181117
36,0.001422,172.31.46.0-255,66,61164,46,181117
37,0.001453,172.217.194.0-255,5738,66902,46,181117
38,0.001455,172.31.46.0-255,66,66968,46,181117
39,0.001461,172.217.194.0-255,4320,71288,46,181117
40,0.001463,172.31.46.0-255,66,71354,46,181117
41,0.001496,172.31.46.0-255,66,71420,46,181117
42,0.001513,172.31.46.0-255,66,71486,46,181117
43,0.00231,172.217.194.0-255,1484,72970,46,181117
44,0.002318,172.31.46.0-255,66,73036,46,181117
45,0.002326,172.217.194.0-255,2902,75938,46,181117
46,0.002328,172.31.46.0-255,66,76004,46,181117
47,0.00234,172.217.194.0-255,5738,81742,46,181117
48,0.002342,172.31.46.0-255,66,81808,46,181117
49,0.002373,172.217.194.0-255,7156,88964,46,181117
50,0.002405,172.217.194.0-255,5738,94702,46,181117
51,0.002409,172.217.194.0-255,2902,97604,46,181117
52,0.002412,172.217.194.0-255,1484,99088,46,181117
53,0.002436,172.217.194.0-255,6438,105526,46,181117
54,0.002658,172.217.194.0-255,1484,107010,46,181117
55,0.002697,172.217.194.0-255,1484,108494,46,181117
56,0.002701,172.217.194.0-255,1484,109978,46,181117
57,0.002709,172.217.194.0-255,5738,115716,46,181117
58,0.002727,172.217.194.0-255,1484,117200,46,181117
59,0.002789,172.217.194.0-255,2902,120102,46,181117
60,0.002835,172.217.194.0-255,2902,123004,46,181117
61,0.00288,172.217.194.0-255,2902,125906,46,181117
62,0.002923,172.217.194.0-255,2902,128808,46,181117
63,0.002956,172.217.194.0-255,4320,133128,46,181117
64,0.00298,172.217.194.0-255,6438,139566,46,181117
65,0.003058,172.217.194.0-255,7156,146722,46,181117
66,0.003168,172.217.194.0-255,7156,153878,46,181117
67,0.003176,172.217.194.0-255,6438,160316,46,181117
68,0.003181,172.217.194.0-255,2902,163218,46,181117
69,0.003205,172.217.194.0-255,4320,167538,46,181117
70,0.003264,172.217.194.0-255,7156,174694,46,181117
71,0.003327,172.217.194.0-255,6081,180775,46,181117
72,0.003347,172.217.194.0-255,105,180880,46,181117
73,0.007652,172.31.46.0-255,66,180946,46,181117
74,0.01018,172.31.46.0-255,105,181051,46,181117
75,0.01284,172.217.194.0-255,66,181117,46,181117
76,0.0,74.125.200.0-255,153,153,46,267653
77,2e-05,74.125.200.0-255,1484,1637,46,267653
78,3.1e-05,172.31.46.0-255,66,1703,46,267653
79,3.8e-05,74.125.200.0-255,2902,4605,46,267653
80,4.2e-05,172.31.46.0-255,66,4671,46,267653
81,7.7e-05,74.125.200.0-255,7156,11827,46,267653
82,8e-05,172.31.46.0-255,66,11893,46,267653
83,0.00012,172.31.46.0-255,66,11959,46,267653
84,0.000124,74.125.200.0-255,2902,14861,46,267653
85,0.000127,172.31.46.0-255,66,14927,46,267653
86,0.000139,74.125.200.0-255,4320,19247,46,267653
87,0.000141,172.31.46.0-255,66,19313,46,267653
88,0.000188,74.125.200.0-255,3961,23274,46,267653
89,0.000192,172.31.46.0-255,66,23340,46,267653
90,0.000389,74.125.200.0-255,1484,24824,46,267653
91,0.000409,74.125.200.0-255,2902,27726,46,267653
92,0.000412,172.31.46.0-255,66,27792,46,267653
93,0.00047,74.125.200.0-255,4320,32112,46,267653
94,0.000474,172.31.46.0-255,66,32178,46,267653
95,0.000508,172.31.46.0-255,66,32244,46,267653
96,0.000515,74.125.200.0-255,5738,37982,46,267653
97,0.000517,172.31.46.0-255,66,38048,46,267653
98,0.000544,74.125.200.0-255,4320,42368,46,267653
99,0.000546,172.31.46.0-255,66,42434,46,267653
100,0.000555,74.125.200.0-255,2902,45336,46,267653
101,0.000558,172.31.46.0-255,66,45402,46,267653
102,0.000563,74.125.200.0-255,3602,49004,46,267653
103,0.000565,172.31.46.0-255,66,49070,46,267653
104,0.000614,74.125.200.0-255,412,49482,46,267653
105,0.000646,74.125.200.0-255,1484,50966,46,267653
106,0.000649,172.31.46.0-255,66,51032,46,267653
107,0.000676,74.125.200.0-255,1484,52516,46,267653
108,0.000693,74.125.200.0-255,2902,55418,46,267653
109,0.000696,172.31.46.0-255,66,55484,46,267653
110,0.000715,74.125.200.0-255,5738,61222,46,267653
111,0.000718,172.31.46.0-255,66,61288,46,267653
112,0.00075,74.125.200.0-255,7156,68444,46,267653
113,0.000753,172.31.46.0-255,66,68510,46,267653
114,0.000782,74.125.200.0-255,7156,75666,46,267653
115,0.000785,172.31.46.0-255,66,75732,46,267653
116,0.000818,74.125.200.0-255,1484,77216,46,267653
117,0.000839,74.125.200.0-255,6438,83654,46,267653
118,0.000842,172.31.46.0-255,66,83720,46,267653
119,0.000895,74.125.200.0-255,1484,85204,46,267653
120,0.000909,74.125.200.0-255,1484,86688,46,267653
121,0.000911,172.31.46.0-255,66,86754,46,267653
122,0.000943,74.125.200.0-255,2902,89656,46,267653
123,0.000945,172.31.46.0-255,66,89722,46,267653
124,0.000952,74.125.200.0-255,5738,95460,46,267653
125,0.000955,172.31.46.0-255,66,95526,46,267653
126,0.000963,74.125.200.0-255,2902,98428,46,267653
127,0.000965,172.31.46.0-255,66,98494,46,267653
128,0.001002,172.31.46.0-255,66,98560,46,267653
129,0.001038,172.31.46.0-255,66,98626,46,267653
130,0.001041,74.125.200.0-255,330,98956,46,267653
131,0.00109,74.125.200.0-255,1484,100440,46,267653
132,0.001092,172.31.46.0-255,66,100506,46,267653
133,0.001096,74.125.200.0-255,1484,101990,46,267653
134,0.001117,74.125.200.0-255,2902,104892,46,267653
135,0.00112,172.31.46.0-255,66,104958,46,267653
136,0.001125,74.125.200.0-255,4320,109278,46,267653
137,0.001127,172.31.46.0-255,66,109344,46,267653
138,0.001157,74.125.200.0-255,5738,115082,46,267653
139,0.001159,172.31.46.0-255,66,115148,46,267653
140,0.001165,74.125.200.0-255,4320,119468,46,267653
141,0.001167,172.31.46.0-255,66,119534,46,267653
142,0.001197,74.125.200.0-255,7156,126690,46,267653
143,0.0012,172.31.46.0-255,66,126756,46,267653
144,0.001204,74.125.200.0-255,2902,129658,46,267653
145,0.001206,172.31.46.0-255,66,129724,46,267653
146,0.00123,74.125.200.0-255,3602,133326,46,267653
147,0.001237,172.31.46.0-255,66,133392,46,267653
148,0.002569,74.125.200.0-255,1484,134876,46,267653
149,0.002591,74.125.200.0-255,1484,136360,46,267653
150,0.002595,172.31.46.0-255,66,136426,46,267653
151,0.002599,74.125.200.0-255,1484,137910,46,267653
152,0.00262,74.125.200.0-255,2902,140812,46,267653
153,0.002623,172.31.46.0-255,66,140878,46,267653
154,0.002662,74.125.200.0-255,5738,146616,46,267653
155,0.002665,172.31.46.0-255,66,146682,46,267653
156,0.002687,74.125.200.0-255,5738,152420,46,267653
157,0.00269,172.31.46.0-255,66,152486,46,267653
158,0.002708,74.125.200.0-255,1484,153970,46,267653
159,0.002716,74.125.200.0-255,5738,159708,46,267653
160,0.002718,172.31.46.0-255,66,159774,46,267653
161,0.002723,74.125.200.0-255,4320,164094,46,267653
162,0.002725,172.31.46.0-255,66,164160,46,267653
163,0.002756,74.125.200.0-255,2902,167062,46,267653
164,0.002758,172.31.46.0-255,66,167128,46,267653
165,0.002761,74.125.200.0-255,766,167894,46,267653
166,0.003629,74.125.200.0-255,1484,169378,46,267653
167,0.003636,172.31.46.0-255,66,169444,46,267653
168,0.003645,74.125.200.0-255,2902,172346,46,267653
169,0.003648,172.31.46.0-255,66,172412,46,267653
170,0.003657,74.125.200.0-255,2902,175314,46,267653
171,0.00366,172.31.46.0-255,66,175380,46,267653
172,0.003691,74.125.200.0-255,4320,179700,46,267653
173,0.003693,172.31.46.0-255,66,179766,46,267653
174,0.00371,172.31.46.0-255,66,179832,46,267653
175,0.003713,74.125.200.0-255,1484,181316,46,267653
176,0.003739,74.125.200.0-255,4320,185636,46,267653
177,0.003741,172.31.46.0-255,66,185702,46,267653
178,0.003761,74.125.200.0-255,7156,192858,46,267653
179,0.003764,172.31.46.0-255,66,192924,46,267653
180,0.003789,74.125.200.0-255,3602,196526,46,267653
181,0.003791,172.31.46.0-255,66,196592,46,267653
182,0.003797,74.125.200.0-255,4320,200912,46,267653
183,0.003799,172.31.46.0-255,66,200978,46,267653
184,0.003838,172.31.46.0-255,66,201044,46,267653
185,0.003848,74.125.200.0-255,1484,202528,46,267653
186,0.003861,74.125.200.0-255,7156,209684,46,267653
187,0.003863,172.31.46.0-255,66,209750,46,267653
188,0.00387,74.125.200.0-255,5738,215488,46,267653
189,0.003872,172.31.46.0-255,66,215554,46,267653
190,0.003902,74.125.200.0-255,2902,218456,46,267653
191,0.003904,172.31.46.0-255,66,218522,46,267653
192,0.003907,74.125.200.0-255,766,219288,46,267653
193,0.003927,74.125.200.0-255,1484,220772,46,267653
194,0.003929,172.31.46.0-255,66,220838,46,267653
195,0.003935,74.125.200.0-255,4320,225158,46,267653
196,0.003937,172.31.46.0-255,66,225224,46,267653
197,0.004006,172.31.46.0-255,66,225290,46,267653
198,0.004024,172.31.46.0-255,66,225356,46,267653
199,0.004031,74.125.200.0-255,6438,231794,46,267653
200,0.004033,172.31.46.0-255,66,231860,46,267653
201,0.004041,74.125.200.0-255,7156,239016,46,267653
202,0.004043,172.31.46.0-255,66,239082,46,267653
203,0.004054,172.31.46.0-255,66,239148,46,267653
204,0.004058,74.125.200.0-255,1484,240632,46,267653
205,0.004089,172.31.46.0-255,66,240698,46,267653
206,0.004111,74.125.200.0-255,1484,242182,46,267653
207,0.004127,172.31.46.0-255,66,242248,46,267653
208,0.004133,74.125.200.0-255,5738,247986,46,267653
209,0.004135,172.31.46.0-255,66,248052,46,267653
210,0.004173,74.125.200.0-255,4320,252372,46,267653
211,0.004176,172.31.46.0-255,66,252438,46,267653
212,0.004211,172.31.46.0-255,66,252504,46,267653
213,0.004235,74.125.200.0-255,5738,258242,46,267653
214,0.004239,172.31.46.0-255,66,258308,46,267653
215,0.00427,172.31.46.0-255,66,258374,46,267653
216,0.004273,74.125.200.0-255,97,258471,46,267653
217,0.004276,74.125.200.0-255,105,258576,46,267653
218,0.00957,172.31.46.0-255,66,258642,46,267653
219,0.009615,172.31.46.0-255,105,258747,46,267653
220,0.012063,74.125.200.0-255,66,258813,46,267653
221,0.039753,172.31.46.0-255,172,258985,46,267653
222,0.039783,172.31.46.0-255,1115,260100,46,267653
223,0.039852,172.31.46.0-255,1514,261614,46,267653
224,0.039854,172.31.46.0-255,1514,263128,46,267653
225,0.039856,172.31.46.0-255,1514,264642,46,267653
226,0.03986,172.31.46.0-255,1514,266156,46,267653
227,0.039861,172.31.46.0-255,1497,267653,46,267653
228,0.0,74.125.24.0-255,153,153,46,207781
229,3.4e-05,172.31.46.0-255,66,219,46,207781
230,4.2e-05,74.125.24.0-255,1484,1703,46,207781
231,4.7e-05,172.31.46.0-255,66,1769,46,207781
232,5.2e-05,74.125.24.0-255,2902,4671,46,207781
233,6.3e-05,172.31.46.0-255,66,4737,46,207781
234,7.3e-05,74.125.24.0-255,7156,11893,46,207781
235,7.8e-05,172.31.46.0-255,66,11959,46,207781
236,8.2e-05,74.125.24.0-255,2077,14036,46,207781
237,8.6e-05,172.31.46.0-255,66,14102,46,207781
238,0.000177,74.125.24.0-255,1484,15586,46,207781
239,0.00018,172.31.46.0-255,66,15652,46,207781
240,0.000186,74.125.24.0-255,2902,18554,46,207781
241,0.000189,172.31.46.0-255,66,18620,46,207781
242,0.000192,74.125.24.0-255,1484,20104,46,207781
243,0.000199,172.31.46.0-255,66,20170,46,207781
244,0.000231,74.125.24.0-255,4320,24490,46,207781
245,0.000238,74.125.24.0-255,6797,31287,46,207781
246,0.000274,172.31.46.0-255,66,31353,46,207781
247,0.000277,172.31.46.0-255,66,31419,46,207781
248,0.000325,172.31.46.0-255,66,31485,46,207781
249,0.000329,74.125.24.0-255,2543,34028,46,207781
250,0.000332,172.31.46.0-255,66,34094,46,207781
251,0.000335,74.125.24.0-255,1484,35578,46,207781
252,0.000337,172.31.46.0-255,66,35644,46,207781
253,0.000341,74.125.24.0-255,2902,38546,46,207781
254,0.000344,172.31.46.0-255,66,38612,46,207781
255,0.000381,74.125.24.0-255,5738,44350,46,207781
256,0.000384,172.31.46.0-255,66,44416,46,207781
257,0.000392,74.125.24.0-255,6797,51213,46,207781
258,0.000394,172.31.46.0-255,66,51279,46,207781
259,0.000429,74.125.24.0-255,360,51639,46,207781
260,0.000432,74.125.24.0-255,385,52024,46,207781
261,0.00071,74.125.24.0-255,1484,53508,46,207781
262,0.000715,172.31.46.0-255,66,53574,46,207781
263,0.000751,74.125.24.0-255,2902,56476,46,207781
264,0.000755,172.31.46.0-255,66,56542,46,207781
265,0.000761,74.125.24.0-255,5738,62280,46,207781
266,0.000764,172.31.46.0-255,66,62346,46,207781
267,0.000774,172.31.46.0-255,66,62412,46,207781
268,0.000798,74.125.24.0-255,4320,66732,46,207781
269,0.000801,172.31.46.0-255,66,66798,46,207781
270,0.000808,74.125.24.0-255,5738,72536,46,207781
271,0.00081,172.31.46.0-255,66,72602,46,207781
272,0.000837,74.125.24.0-255,5020,77622,46,207781
273,0.00084,172.31.46.0-255,66,77688,46,207781
274,0.001203,74.125.24.0-255,1484,79172,46,207781
275,0.00121,74.125.24.0-255,2902,82074,46,207781
276,0.001214,172.31.46.0-255,66,82140,46,207781
277,0.001217,74.125.24.0-255,1484,83624,46,207781
278,0.001246,74.125.24.0-255,4320,87944,46,207781
279,0.001249,172.31.46.0-255,66,88010,46,207781
280,0.001253,74.125.24.0-255,1484,89494,46,207781
281,0.00128,74.125.24.0-255,2902,92396,46,207781
282,0.001283,172.31.46.0-255,66,92462,46,207781
283,0.001289,74.125.24.0-255,5738,98200,46,207781
284,0.001292,172.31.46.0-255,66,98266,46,207781
285,0.00132,74.125.24.0-255,7156,105422,46,207781
286,0.001323,172.31.46.0-255,66,105488,46,207781
287,0.001345,74.125.24.0-255,4320,109808,46,207781
288,0.001347,172.31.46.0-255,66,109874,46,207781
289,0.001352,74.125.24.0-255,2184,112058,46,207781
290,0.001354,172.31.46.0-255,66,112124,46,207781
291,0.001397,74.125.24.0-255,2902,115026,46,207781
292,0.0014,172.31.46.0-255,66,115092,46,207781
293,0.001403,74.125.24.0-255,1484,116576,46,207781
294,0.00143,74.125.24.0-255,2902,119478,46,207781
295,0.001433,172.31.46.0-255,66,119544,46,207781
296,0.001444,172.31.46.0-255,66,119610,46,207781
297,0.001459,172.31.46.0-255,66,119676,46,207781
298,0.001469,172.31.46.0-255,66,119742,46,207781
299,0.001509,74.125.24.0-255,2902,122644,46,207781
300,0.001512,172.31.46.0-255,66,122710,46,207781
301,0.001517,74.125.24.0-255,4320,127030,46,207781
302,0.00152,172.31.46.0-255,66,127096,46,207781
303,0.001523,74.125.24.0-255,1484,128580,46,207781
304,0.001559,74.125.24.0-255,7156,135736,46,207781
305,0.001562,172.31.46.0-255,66,135802,46,207781
306,0.001569,74.125.24.0-255,4320,140122,46,207781
307,0.001571,172.31.46.0-255,66,140188,46,207781
308,0.001619,172.31.46.0-255,66,140254,46,207781
309,0.001726,74.125.24.0-255,1484,141738,46,207781
310,0.001732,74.125.24.0-255,2902,144640,46,207781
311,0.001735,172.31.46.0-255,66,144706,46,207781
312,0.001742,74.125.24.0-255,4320,149026,46,207781
313,0.001744,172.31.46.0-255,66,149092,46,207781
314,0.00177,74.125.24.0-255,1484,150576,46,207781
315,0.001819,172.31.46.0-255,66,150642,46,207781
316,0.001831,74.125.24.0-255,1484,152126,46,207781
317,0.001849,172.31.46.0-255,66,152192,46,207781
318,0.002245,74.125.24.0-255,1484,153676,46,207781
319,0.002261,74.125.24.0-255,2902,156578,46,207781
320,0.002264,172.31.46.0-255,66,156644,46,207781
321,0.00227,74.125.24.0-255,4320,160964,46,207781
322,0.002272,172.31.46.0-255,66,161030,46,207781
323,0.002316,172.31.46.0-255,66,161096,46,207781
324,0.00236,172.31.46.0-255,66,161162,46,207781
325,0.002364,74.125.24.0-255,2902,164064,46,207781
326,0.002367,172.31.46.0-255,66,164130,46,207781
327,0.002391,74.125.24.0-255,2184,166314,46,207781
328,0.002397,172.31.46.0-255,66,166380,46,207781
329,0.002441,74.125.24.0-255,1484,167864,46,207781
330,0.002445,74.125.24.0-255,1484,169348,46,207781
331,0.002447,172.31.46.0-255,66,169414,46,207781
332,0.002474,74.125.24.0-255,1484,170898,46,207781
333,0.002481,74.125.24.0-255,5738,176636,46,207781
334,0.002484,172.31.46.0-255,66,176702,46,207781
335,0.00253,172.31.46.0-255,66,176768,46,207781
336,0.00257,172.31.46.0-255,66,176834,46,207781
337,0.002582,172.31.46.0-255,66,176900,46,207781
338,0.002601,74.125.24.0-255,2902,179802,46,207781
339,0.002604,172.31.46.0-255,66,179868,46,207781
340,0.00261,74.125.24.0-255,5738,185606,46,207781
341,0.002613,172.31.46.0-255,66,185672,46,207781
342,0.002645,172.31.46.0-255,66,185738,46,207781
343,0.00265,74.125.24.0-255,4320,190058,46,207781
344,0.002652,172.31.46.0-255,66,190124,46,207781
345,0.00272,172.31.46.0-255,66,190190,46,207781
346,0.002731,172.31.46.0-255,66,190256,46,207781
347,0.005396,74.125.24.0-255,5738,195994,46,207781
348,0.005407,172.31.46.0-255,66,196060,46,207781
349,0.008063,74.125.24.0-255,2652,198712,46,207781
350,0.008069,172.31.46.0-255,66,198778,46,207781
351,0.010593,172.31.46.0-255,105,198883,46,207781
352,0.013247,74.125.24.0-255,66,198949,46,207781
353,0.039018,172.31.46.0-255,164,199113,46,207781
354,0.039054,172.31.46.0-255,1129,200242,46,207781
355,0.039131,172.31.46.0-255,1514,201756,46,207781
356,0.039152,172.31.46.0-255,1514,203270,46,207781
357,0.039153,172.31.46.0-255,1514,204784,46,207781
358,0.039173,172.31.46.0-255,1514,206298,46,207781
359,0.039174,172.31.46.0-255,1483,207781,46,207781
360,0.0,172.253.118.0-255,150,150,46,202065
361,2.4e-05,172.31.46.0-255,66,216,46,202065
362,3.2e-05,172.253.118.0-255,1484,1700,46,202065
363,3.6e-05,172.31.46.0-255,66,1766,46,202065
364,4e-05,172.253.118.0-255,1484,3250,46,202065
365,5.3e-05,172.31.46.0-255,66,3316,46,202065
366,6.1e-05,172.253.118.0-255,4320,7636,46,202065
367,6.4e-05,172.31.46.0-255,66,7702,46,202065
368,6.8e-05,172.253.118.0-255,1484,9186,46,202065
369,7e-05,172.31.46.0-255,66,9252,46,202065
370,0.000105,172.253.118.0-255,4822,14074,46,202065
371,0.000108,172.31.46.0-255,66,14140,46,202065
372,0.000413,172.253.118.0-255,1484,15624,46,202065
373,0.000419,172.31.46.0-255,66,15690,46,202065
374,0.000425,172.253.118.0-255,2902,18592,46,202065
375,0.000428,172.31.46.0-255,66,18658,46,202065
376,0.000468,172.253.118.0-255,5738,24396,46,202065
377,0.000472,172.31.46.0-255,66,24462,46,202065
378,0.000475,172.253.118.0-255,1484,25946,46,202065
379,0.000477,172.31.46.0-255,66,26012,46,202065
380,0.00048,172.253.118.0-255,1484,27496,46,202065
381,0.000482,172.31.46.0-255,66,27562,46,202065
382,0.000509,172.253.118.0-255,1484,29046,46,202065
383,0.000512,172.31.46.0-255,66,29112,46,202065
384,0.000531,172.253.118.0-255,2543,31655,46,202065
385,0.000533,172.31.46.0-255,66,31721,46,202065
386,0.000702,172.253.118.0-255,1484,33205,46,202065
387,0.000706,172.31.46.0-255,66,33271,46,202065
388,0.000731,172.253.118.0-255,2902,36173,46,202065
389,0.000733,172.31.46.0-255,66,36239,46,202065
390,0.000736,172.253.118.0-255,1484,37723,46,202065
391,0.000738,172.31.46.0-255,66,37789,46,202065
392,0.000745,172.253.118.0-255,2902,40691,46,202065
393,0.000751,172.31.46.0-255,66,40757,46,202065
394,0.000777,172.253.118.0-255,2902,43659,46,202065
395,0.00078,172.31.46.0-255,66,43725,46,202065
396,0.000787,172.253.118.0-255,6797,50522,46,202065
397,0.000789,172.31.46.0-255,66,50588,46,202065
398,0.000794,172.253.118.0-255,2902,53490,46,202065
399,0.000796,172.31.46.0-255,66,53556,46,202065
400,0.000822,172.253.118.0-255,4320,57876,46,202065
401,0.000825,172.31.46.0-255,66,57942,46,202065
402,0.000862,172.253.118.0-255,5738,63680,46,202065
403,0.000865,172.31.46.0-255,66,63746,46,202065
404,0.000897,172.253.118.0-255,2854,66600,46,202065
405,0.000899,172.31.46.0-255,66,66666,46,202065
406,0.000965,172.253.118.0-255,108,66774,46,202065
407,0.001216,172.31.46.0-255,66,66840,46,202065
408,0.001248,172.253.118.0-255,1484,68324,46,202065
409,0.001261,172.253.118.0-255,1484,69808,46,202065
410,0.001263,172.31.46.0-255,66,69874,46,202065
411,0.001286,172.253.118.0-255,1484,71358,46,202065
412,0.001292,172.253.118.0-255,4320,75678,46,202065
413,0.001294,172.31.46.0-255,66,75744,46,202065
414,0.001341,172.253.118.0-255,7156,82900,46,202065
415,0.001344,172.31.46.0-255,66,82966,46,202065
416,0.001367,172.253.118.0-255,2543,85509,46,202065
417,0.001369,172.31.46.0-255,66,85575,46,202065
418,0.001376,172.253.118.0-255,7156,92731,46,202065
419,0.001378,172.31.46.0-255,66,92797,46,202065
420,0.001383,172.253.118.0-255,2902,95699,46,202065
421,0.001385,172.31.46.0-255,66,95765,46,202065
422,0.001433,172.253.118.0-255,5379,101144,46,202065
423,0.001436,172.31.46.0-255,66,101210,46,202065
424,0.002085,172.253.118.0-255,1484,102694,46,202065
425,0.002096,172.253.118.0-255,2902,105596,46,202065
426,0.0021,172.31.46.0-255,66,105662,46,202065
427,0.002105,172.253.118.0-255,1484,107146,46,202065
428,0.002132,172.253.118.0-255,4320,111466,46,202065
429,0.002134,172.31.46.0-255,66,111532,46,202065
430,0.002165,172.31.46.0-255,66,111598,46,202065
431,0.002189,172.253.118.0-255,4320,115918,46,202065
432,0.002192,172.31.46.0-255,66,115984,46,202065
433,0.002195,172.253.118.0-255,1484,117468,46,202065
434,0.002229,172.31.46.0-255,66,117534,46,202065
435,0.004806,172.253.118.0-255,5738,123272,46,202065
436,0.004818,172.31.46.0-255,66,123338,46,202065
437,0.007413,172.253.118.0-255,5738,129076,46,202065
438,0.007419,172.31.46.0-255,66,129142,46,202065
439,0.010002,172.253.118.0-255,5738,134880,46,202065
440,0.010009,172.31.46.0-255,66,134946,46,202065
441,0.012601,172.253.118.0-255,5738,140684,46,202065
442,0.012611,172.31.46.0-255,66,140750,46,202065
443,0.015178,172.253.118.0-255,5738,146488,46,202065
444,0.015195,172.31.46.0-255,66,146554,46,202065
445,0.017777,172.253.118.0-255,5738,152292,46,202065
446,0.017791,172.31.46.0-255,66,152358,46,202065
447,0.020391,172.253.118.0-255,5738,158096,46,202065
448,0.020409,172.31.46.0-255,66,158162,46,202065
449,0.023002,172.253.118.0-255,5738,163900,46,202065
450,0.023017,172.31.46.0-255,66,163966,46,202065
451,0.025598,172.253.118.0-255,5738,169704,46,202065
452,0.025611,172.31.46.0-255,66,169770,46,202065
453,0.02819,172.253.118.0-255,5738,175508,46,202065
454,0.0282,172.31.46.0-255,66,175574,46,202065
455,0.030788,172.253.118.0-255,5738,181312,46,202065
456,0.030797,172.31.46.0-255,66,181378,46,202065
457,0.030945,172.31.46.0-255,172,181550,46,202065
458,0.030974,172.31.46.0-255,1119,182669,46,202065
459,0.031088,172.31.46.0-255,1514,184183,46,202065
460,0.03109,172.31.46.0-255,404,184587,46,202065
461,0.033289,104.244.42.0-255,66,184653,46,202065
462,0.033378,172.253.118.0-255,5738,190391,46,202065
463,0.033385,172.31.46.0-255,66,190457,46,202065
464,0.035965,172.253.118.0-255,5738,196195,46,202065
465,0.035973,172.31.46.0-255,66,196261,46,202065
466,0.038543,172.253.118.0-255,5738,201999,46,202065
467,0.038555,172.31.46.0-255,66,202065,46,202065
468,0.0,172.217.194.0-255,153,153,46,252973
469,1.4e-05,172.31.46.0-255,66,219,46,252973
470,2e-05,172.217.194.0-255,1484,1703,46,252973
471,2.4e-05,172.31.46.0-255,66,1769,46,252973
472,3e-05,172.217.194.0-255,2902,4671,46,252973
473,3.3e-05,172.31.46.0-255,66,4737,46,252973
474,5.6e-05,172.217.194.0-255,5738,10475,46,252973
475,5.8e-05,172.31.46.0-255,66,10541,46,252973
476,9e-05,172.217.194.0-255,3478,14019,46,252973
477,9.3e-05,172.31.46.0-255,66,14085,46,252973
478,0.000135,172.217.194.0-255,4320,18405,46,252973
479,0.000138,172.31.46.0-255,66,18471,46,252973
480,0.000142,172.217.194.0-255,2902,21373,46,252973
481,0.000144,172.31.46.0-255,66,21439,46,252973
482,0.000158,172.217.194.0-255,4320,25759,46,252973
483,0.000161,172.31.46.0-255,66,25825,46,252973
484,0.00018,172.217.194.0-255,4320,30145,46,252973
485,0.000182,172.31.46.0-255,66,30211,46,252973
486,0.000199,172.217.194.0-255,4320,34531,46,252973
487,0.000201,172.31.46.0-255,66,34597,46,252973
488,0.000218,172.217.194.0-255,1125,35722,46,252973
489,0.00022,172.31.46.0-255,66,35788,46,252973
490,0.000226,172.217.194.0-255,5738,41526,46,252973
491,0.000228,172.31.46.0-255,66,41592,46,252973
492,0.00025,172.217.194.0-255,6797,48389,46,252973
493,0.000252,172.31.46.0-255,66,48455,46,252973
494,0.000296,172.217.194.0-255,4320,52775,46,252973
495,0.000299,172.31.46.0-255,66,52841,46,252973
496,0.000319,172.217.194.0-255,1484,54325,46,252973
497,0.000321,172.31.46.0-255,66,54391,46,252973
498,0.000328,172.217.194.0-255,7156,61547,46,252973
499,0.00033,172.31.46.0-255,66,61613,46,252973
500,0.000351,172.217.194.0-255,3961,65574,46,252973
501,0.000408,172.217.194.0-255,3483,69057,46,252973
502,0.000412,172.217.194.0-255,2902,71959,46,252973
503,0.000426,172.217.194.0-255,1484,73443,46,252973
504,0.000445,172.217.194.0-255,1484,74927,46,252973
505,0.000457,172.217.194.0-255,4320,79247,46,252973
506,0.00046,172.31.46.0-255,66,79313,46,252973
507,0.000465,172.31.46.0-255,66,79379,46,252973
508,0.000476,172.217.194.0-255,2902,82281,46,252973
509,0.000504,172.217.194.0-255,6797,89078,46,252973
510,0.000512,172.31.46.0-255,66,89144,46,252973
511,0.000523,172.217.194.0-255,7156,96300,46,252973
512,0.000528,172.31.46.0-255,66,96366,46,252973
513,0.000595,172.217.194.0-255,3961,100327,46,252973
514,0.000613,172.31.46.0-255,66,100393,46,252973
515,0.000684,172.217.194.0-255,1484,101877,46,252973
516,0.000704,172.217.194.0-255,2902,104779,46,252973
517,0.00071,172.217.194.0-255,5738,110517,46,252973
518,0.000712,172.217.194.0-255,1484,112001,46,252973
519,0.000719,172.31.46.0-255,66,112067,46,252973
520,0.000732,172.217.194.0-255,7156,119223,46,252973
521,0.000744,172.31.46.0-255,66,119289,46,252973
522,0.000773,172.217.194.0-255,5738,125027,46,252973
523,0.000783,172.31.46.0-255,66,125093,46,252973
524,0.000815,172.31.46.0-255,66,125159,46,252973
525,0.000818,172.217.194.0-255,1484,126643,46,252973
526,0.000857,172.31.46.0-255,66,126709,46,252973
527,0.000874,172.217.194.0-255,4320,131029,46,252973
528,0.000928,172.31.46.0-255,66,131095,46,252973
529,0.000932,172.31.46.0-255,66,131161,46,252973
530,0.000949,172.217.194.0-255,1484,132645,46,252973
531,0.000953,172.217.194.0-255,2902,135547,46,252973
532,0.000958,172.217.194.0-255,5738,141285,46,252973
533,0.000964,172.31.46.0-255,66,141351,46,252973
534,0.000971,172.217.194.0-255,1484,142835,46,252973
535,0.000991,172.217.194.0-255,5738,148573,46,252973
536,0.000997,172.217.194.0-255,4320,152893,46,252973
537,0.001001,172.31.46.0-255,66,152959,46,252973
538,0.001016,172.217.194.0-255,4320,157279,46,252973
539,0.001028,172.31.46.0-255,66,157345,46,252973
540,0.001043,172.217.194.0-255,7156,164501,46,252973
541,0.001061,172.31.46.0-255,66,164567,46,252973
542,0.001077,172.217.194.0-255,766,165333,46,252973
543,0.001166,172.217.194.0-255,1484,166817,46,252973
544,0.001171,172.217.194.0-255,2902,169719,46,252973
545,0.001183,172.217.194.0-255,1484,171203,46,252973
546,0.001189,172.31.46.0-255,66,171269,46,252973
547,0.001198,172.217.194.0-255,4320,175589,46,252973
548,0.001202,172.31.46.0-255,66,175655,46,252973
549,0.001211,172.217.194.0-255,4320,179975,46,252973
550,0.001223,172.31.46.0-255,66,180041,46,252973
551,0.001236,172.217.194.0-255,1484,181525,46,252973
552,0.001241,172.31.46.0-255,66,181591,46,252973
553,0.00128,172.217.194.0-255,7156,188747,46,252973
554,0.001301,172.217.194.0-255,2902,191649,46,252973
555,0.001311,172.31.46.0-255,66,191715,46,252973
556,0.001359,172.31.46.0-255,66,191781,46,252973
557,0.001365,172.217.194.0-255,1484,193265,46,252973
558,0.001381,172.217.194.0-255,2902,196167,46,252973
559,0.001387,172.217.194.0-255,4320,200487,46,252973
560,0.001401,172.217.194.0-255,1484,201971,46,252973
561,0.001411,172.31.46.0-255,66,202037,46,252973
562,0.00142,172.217.194.0-255,4320,206357,46,252973
563,0.001424,172.31.46.0-255,66,206423,46,252973
564,0.001436,172.217.194.0-255,7156,213579,46,252973
565,0.001452,172.217.194.0-255,3602,217181,46,252973
566,0.001458,172.31.46.0-255,66,217247,46,252973
567,0.001476,172.217.194.0-255,1484,218731,46,252973
568,0.00148,172.217.194.0-255,2902,221633,46,252973
569,0.001502,172.217.194.0-255,5738,227371,46,252973
570,0.001507,172.31.46.0-255,66,227437,46,252973
571,0.001518,172.217.194.0-255,5738,233175,46,252973
572,0.001536,172.217.194.0-255,7156,240331,46,252973
573,0.001538,172.217.194.0-255,1484,241815,46,252973
574,0.001549,172.31.46.0-255,66,241881,46,252973
575,0.001566,172.217.194.0-255,1484,243365,46,252973
576,0.001603,172.31.46.0-255,66,243431,46,252973
577,0.001632,172.217.194.0-255,7156,250587,46,252973
578,0.001708,172.217.194.0-255,105,250692,46,252973
579,0.001715,172.31.46.0-255,66,250758,46,252973
580,0.007685,172.31.46.0-255,105,250863,46,252973
581,0.01016,172.217.194.0-255,66,250929,46,252973
582,0.030904,172.31.46.0-255,172,251101,46,252973
583,0.030935,172.31.46.0-255,1118,252219,46,252973
584,0.030982,172.31.46.0-255,556,252775,46,252973
585,0.032471,104.244.42.0-255,66,252841,46,252973
586,0.032505,104.244.42.0-255,66,252907,46,252973
587,0.03252,104.244.42.0-255,66,252973,46,252973
588,0.0,172.217.194.0-255,150,150,46,199005
589,1.7e-05,172.31.46.0-255,66,216,46,199005
590,2.4e-05,172.217.194.0-255,1484,1700,46,199005
591,2.8e-05,172.31.46.0-255,66,1766,46,199005
592,3.4e-05,172.217.194.0-255,2902,4668,46,199005
593,4.4e-05,172.31.46.0-255,66,4734,46,199005
594,5.1e-05,172.217.194.0-255,5738,10472,46,199005
595,5.4e-05,172.31.46.0-255,66,10538,46,199005
596,9e-05,172.31.46.0-255,66,10604,46,199005
597,9.7e-05,172.217.194.0-255,6797,17401,46,199005
598,0.0001,172.31.46.0-255,66,17467,46,199005
599,0.000155,172.217.194.0-255,1484,18951,46,199005
600,0.000158,172.31.46.0-255,66,19017,46,199005
601,0.000162,172.217.194.0-255,2902,21919,46,199005
602,0.000165,172.31.46.0-255,66,21985,46,199005
603,0.0002,172.217.194.0-255,5738,27723,46,199005
604,0.000203,172.31.46.0-255,66,27789,46,199005
605,0.00021,172.217.194.0-255,7156,34945,46,199005
606,0.000212,172.31.46.0-255,66,35011,46,199005
607,0.000253,172.31.46.0-255,66,35077,46,199005
608,0.000257,172.217.194.0-255,2184,37261,46,199005
609,0.000259,172.31.46.0-255,66,37327,46,199005
610,0.000262,172.217.194.0-255,398,37725,46,199005
611,0.000264,172.31.46.0-255,66,37791,46,199005
612,0.000319,172.217.194.0-255,377,38168,46,199005
613,0.000322,172.31.46.0-255,66,38234,46,199005
614,0.000413,172.217.194.0-255,1484,39718,46,199005
615,0.000417,172.31.46.0-255,66,39784,46,199005
616,0.000422,172.217.194.0-255,2902,42686,46,199005
617,0.000425,172.31.46.0-255,66,42752,46,199005
618,0.000453,172.217.194.0-255,4320,47072,46,199005
619,0.000456,172.31.46.0-255,66,47138,46,199005
620,0.000483,172.217.194.0-255,1484,48622,46,199005
621,0.000491,172.217.194.0-255,6797,55419,46,199005
622,0.000493,172.31.46.0-255,66,55485,46,199005
623,0.00057,172.217.194.0-255,1484,56969,46,199005
624,0.000575,172.217.194.0-255,2902,59871,46,199005
625,0.000577,172.31.46.0-255,66,59937,46,199005
626,0.000584,172.217.194.0-255,5738,65675,46,199005
627,0.000587,172.31.46.0-255,66,65741,46,199005
628,0.000617,172.217.194.0-255,5738,71479,46,199005
629,0.000619,172.31.46.0-255,66,71545,46,199005
630,0.000643,172.217.194.0-255,1125,72670,46,199005
631,0.000983,172.217.194.0-255,1484,74154,46,199005
632,0.000989,172.31.46.0-255,66,74220,46,199005
633,0.000997,172.217.194.0-255,2902,77122,46,199005
634,0.000999,172.31.46.0-255,66,77188,46,199005
635,0.00101,172.217.194.0-255,5738,82926,46,199005
636,0.001013,172.31.46.0-255,66,82992,46,199005
637,0.00105,172.31.46.0-255,66,83058,46,199005
638,0.001058,172.217.194.0-255,7156,90214,46,199005
639,0.00106,172.31.46.0-255,66,90280,46,199005
640,0.001104,172.217.194.0-255,3602,93882,46,199005
641,0.001107,172.31.46.0-255,66,93948,46,199005
642,0.001224,172.217.194.0-255,1484,95432,46,199005
643,0.001239,172.217.194.0-255,2902,98334,46,199005
644,0.001242,172.31.46.0-255,66,98400,46,199005
645,0.001249,172.217.194.0-255,5738,104138,46,199005
646,0.001251,172.31.46.0-255,66,104204,46,199005
647,0.001288,172.31.46.0-255,66,104270,46,199005
648,0.001294,172.217.194.0-255,4320,108590,46,199005
649,0.001296,172.31.46.0-255,66,108656,46,199005
650,0.001336,172.217.194.0-255,6438,115094,46,199005
651,0.001339,172.31.46.0-255,66,115160,46,199005
652,0.001536,172.217.194.0-255,1484,116644,46,199005
653,0.001542,172.217.194.0-255,2902,119546,46,199005
654,0.001545,172.31.46.0-255,66,119612,46,199005
655,0.001552,172.217.194.0-255,5738,125350,46,199005
656,0.001555,172.31.46.0-255,66,125416,46,199005
657,0.001595,172.31.46.0-255,66,125482,46,199005
658,0.0016,172.217.194.0-255,4320,129802,46,199005
659,0.001603,172.31.46.0-255,66,129868,46,199005
660,0.001633,172.217.194.0-255,1484,131352,46,199005
661,0.001652,172.217.194.0-255,7156,138508,46,199005
662,0.001655,172.31.46.0-255,66,138574,46,199005
663,0.001692,172.31.46.0-255,66,138640,46,199005
664,0.001714,172.31.46.0-255,66,138706,46,199005
665,0.00172,172.217.194.0-255,5020,143726,46,199005
666,0.001722,172.31.46.0-255,66,143792,46,199005
667,0.001782,172.217.194.0-255,1484,145276,46,199005
668,0.001787,172.217.194.0-255,2902,148178,46,199005
669,0.001789,172.31.46.0-255,66,148244,46,199005
670,0.001796,172.217.194.0-255,5738,153982,46,199005
671,0.001799,172.31.46.0-255,66,154048,46,199005
672,0.001823,172.31.46.0-255,66,154114,46,199005
673,0.001847,172.217.194.0-255,4320,158434,46,199005
674,0.001849,172.31.46.0-255,66,158500,46,199005
675,0.001882,172.217.194.0-255,6438,164938,46,199005
676,0.001885,172.31.46.0-255,66,165004,46,199005
677,0.001899,172.31.46.0-255,66,165070,46,199005
678,0.001905,172.217.194.0-255,5738,170808,46,199005
679,0.001907,172.31.46.0-255,66,170874,46,199005
680,0.001942,172.31.46.0-255,66,170940,46,199005
681,0.001949,172.217.194.0-255,5738,176678,46,199005
682,0.001952,172.31.46.0-255,66,176744,46,199005
683,0.001992,172.217.194.0-255,5020,181764,46,199005
684,0.001995,172.31.46.0-255,66,181830,46,199005
685,0.002013,172.31.46.0-255,66,181896,46,199005
686,0.00202,172.217.194.0-255,7156,189052,46,199005
687,0.002022,172.31.46.0-255,66,189118,46,199005
688,0.002069,172.31.46.0-255,66,189184,46,199005
689,0.002082,172.31.46.0-255,66,189250,46,199005
690,0.002146,172.217.194.0-255,105,189355,46,199005
691,0.00215,172.31.46.0-255,66,189421,46,199005
692,0.002153,172.31.46.0-255,66,189487,46,199005
693,0.010719,172.31.46.0-255,66,189553,46,199005
694,0.010757,172.31.46.0-255,105,189658,46,199005
695,0.013121,172.217.194.0-255,66,189724,46,199005
696,0.033144,172.31.46.0-255,172,189896,46,199005
697,0.033178,172.31.46.0-255,1118,191014,46,199005
698,0.033242,172.31.46.0-255,1514,192528,46,199005
699,0.033244,172.31.46.0-255,1514,194042,46,199005
700,0.033245,172.31.46.0-255,1514,195556,46,199005
701,0.03325,172.31.46.0-255,1514,197070,46,199005
702,0.033252,172.31.46.0-255,1497,198567,46,199005
703,0.03479,104.244.42.0-255,66,198633,46,199005
704,0.03482,104.244.42.0-255,66,198699,46,199005
705,0.034923,104.244.42.0-255,66,198765,46,199005
706,0.034944,104.244.42.0-255,66,198831,46,199005
707,0.035624,104.244.42.0-255,108,198939,46,199005
708,0.035633,172.31.46.0-255,66,199005,46,199005
709,0.0,74.125.200.0-255,150,150,46,317216
710,1.7e-05,74.125.200.0-255,1484,1634,46,317216
711,2.6e-05,172.31.46.0-255,66,1700,46,317216
712,3.4e-05,74.125.200.0-255,2902,4602,46,317216
713,3.7e-05,172.31.46.0-255,66,4668,46,317216
714,7.1e-05,74.125.200.0-255,7156,11824,46,317216
715,7.9e-05,172.31.46.0-255,66,11890,46,317216
716,0.00011,74.125.200.0-255,2055,13945,46,317216
717,0.000112,172.31.46.0-255,66,14011,46,317216
718,0.000143,74.125.200.0-255,1484,15495,46,317216
719,0.000146,74.125.200.0-255,1484,16979,46,317216
720,0.000148,172.31.46.0-255,66,17045,46,317216
721,0.000159,74.125.200.0-255,1484,18529,46,317216
722,0.000169,74.125.200.0-255,4320,22849,46,317216
723,0.000171,172.31.46.0-255,66,22915,46,317216
724,0.000196,74.125.200.0-255,1484,24399,46,317216
725,0.000203,74.125.200.0-255,6797,31196,46,317216
726,0.000205,172.31.46.0-255,66,31262,46,317216
727,0.000233,74.125.200.0-255,7156,38418,46,317216
728,0.000236,172.31.46.0-255,66,38484,46,317216
729,0.000239,74.125.200.0-255,1484,39968,46,317216
730,0.000266,74.125.200.0-255,4320,44288,46,317216
731,0.000269,172.31.46.0-255,66,44354,46,317216
732,0.000297,74.125.200.0-255,3961,48315,46,317216
733,0.0003,172.31.46.0-255,66,48381,46,317216
734,0.000581,74.125.200.0-255,1484,49865,46,317216
735,0.000601,74.125.200.0-255,2902,52767,46,317216
736,0.000605,172.31.46.0-255,66,52833,46,317216
737,0.000609,74.125.200.0-255,1484,54317,46,317216
738,0.000639,74.125.200.0-255,2902,57219,46,317216
739,0.000642,172.31.46.0-255,66,57285,46,317216
740,0.000672,74.125.200.0-255,5738,63023,46,317216
741,0.000675,172.31.46.0-255,66,63089,46,317216
742,0.000677,74.125.200.0-255,1484,64573,46,317216
743,0.000682,74.125.200.0-255,1706,66279,46,317216
744,0.000684,172.31.46.0-255,66,66345,46,317216
745,0.00081,74.125.200.0-255,1484,67829,46,317216
746,0.000814,74.125.200.0-255,1484,69313,46,317216
747,0.000821,172.31.46.0-255,66,69379,46,317216
748,0.00083,74.125.200.0-255,1484,70863,46,317216
749,0.000837,74.125.200.0-255,4320,75183,46,317216
750,0.000843,172.31.46.0-255,66,75249,46,317216
751,0.000864,74.125.200.0-255,1484,76733,46,317216
752,0.000871,74.125.200.0-255,5738,82471,46,317216
753,0.000873,172.31.46.0-255,66,82537,46,317216
754,0.000898,74.125.200.0-255,5738,88275,46,317216
755,0.000901,172.31.46.0-255,66,88341,46,317216
756,0.000944,172.31.46.0-255,66,88407,46,317216
757,0.000958,74.125.200.0-255,2184,90591,46,317216
758,0.00096,74.125.200.0-255,1484,92075,46,317216
759,0.000964,74.125.200.0-255,2902,94977,46,317216
760,0.000974,74.125.200.0-255,5738,100715,46,317216
761,0.000976,74.125.200.0-255,1484,102199,46,317216
762,0.00098,74.125.200.0-255,2902,105101,46,317216
763,0.000983,74.125.200.0-255,2902,108003,46,317216
764,0.000989,172.31.46.0-255,66,108069,46,317216
765,0.000993,172.31.46.0-255,66,108135,46,317216
766,0.000996,172.31.46.0-255,66,108201,46,317216
767,0.001009,172.31.46.0-255,66,108267,46,317216
768,0.001012,172.31.46.0-255,66,108333,46,317216
769,0.001017,74.125.200.0-255,2902,111235,46,317216
770,0.00102,172.31.46.0-255,66,111301,46,317216
771,0.001032,172.31.46.0-255,66,111367,46,317216
772,0.001072,172.31.46.0-255,66,111433,46,317216
773,0.001078,74.125.200.0-255,4320,115753,46,317216
774,0.001081,172.31.46.0-255,66,115819,46,317216
775,0.00113,74.125.200.0-255,5738,121557,46,317216
776,0.001134,172.31.46.0-255,66,121623,46,317216
777,0.001172,172.31.46.0-255,66,121689,46,317216
778,0.001175,74.125.200.0-255,1484,123173,46,317216
779,0.001207,74.125.200.0-255,3602,126775,46,317216
780,0.001209,172.31.46.0-255,66,126841,46,317216
781,0.001233,74.125.200.0-255,1484,128325,46,317216
782,0.001246,74.125.200.0-255,2902,131227,46,317216
783,0.001249,172.31.46.0-255,66,131293,46,317216
784,0.00128,74.125.200.0-255,5738,137031,46,317216
785,0.001283,172.31.46.0-255,66,137097,46,317216
786,0.001287,74.125.200.0-255,2902,139999,46,317216
787,0.00129,172.31.46.0-255,66,140065,46,317216
788,0.001295,74.125.200.0-255,4320,144385,46,317216
789,0.001302,172.31.46.0-255,66,144451,46,317216
790,0.001348,172.31.46.0-255,66,144517,46,317216
791,0.001355,74.125.200.0-255,5738,150255,46,317216
792,0.001357,172.31.46.0-255,66,150321,46,317216
793,0.001389,74.125.200.0-255,2184,152505,46,317216
794,0.001392,172.31.46.0-255,66,152571,46,317216
795,0.001416,74.125.200.0-255,2902,155473,46,317216
796,0.001418,172.31.46.0-255,66,155539,46,317216
797,0.001421,74.125.200.0-255,1484,157023,46,317216
798,0.001447,74.125.200.0-255,2902,159925,46,317216
799,0.00145,172.31.46.0-255,66,159991,46,317216
800,0.001454,74.125.200.0-255,2902,162893,46,317216
801,0.001457,172.31.46.0-255,66,162959,46,317216
802,0.001497,74.125.200.0-255,5738,168697,46,317216
803,0.001503,74.125.200.0-255,5738,174435,46,317216
804,0.001509,74.125.200.0-255,7156,181591,46,317216
805,0.001515,172.31.46.0-255,66,181657,46,317216
806,0.001522,172.31.46.0-255,66,181723,46,317216
807,0.001525,172.31.46.0-255,66,181789,46,317216
808,0.001571,74.125.200.0-255,5020,186809,46,317216
809,0.001574,172.31.46.0-255,66,186875,46,317216
810,0.001589,74.125.200.0-255,1484,188359,46,317216
811,0.001604,74.125.200.0-255,2902,191261,46,317216
812,0.001607,172.31.46.0-255,66,191327,46,317216
813,0.00161,74.125.200.0-255,1484,192811,46,317216
814,0.001638,74.125.200.0-255,4320,197131,46,317216
815,0.001641,172.31.46.0-255,66,197197,46,317216
816,0.001644,74.125.200.0-255,1484,198681,46,317216
817,0.001653,74.125.200.0-255,4320,203001,46,317216
818,0.001655,172.31.46.0-255,66,203067,46,317216
819,0.001689,74.125.200.0-255,4320,207387,46,317216
820,0.001692,172.31.46.0-255,66,207453,46,317216
821,0.001708,172.31.46.0-255,66,207519,46,317216
822,0.001747,74.125.200.0-255,1484,209003,46,317216
823,0.001752,74.125.200.0-255,2902,211905,46,317216
824,0.001754,172.31.46.0-255,66,211971,46,317216
825,0.001759,74.125.200.0-255,2902,214873,46,317216
826,0.001761,172.31.46.0-255,66,214939,46,317216
827,0.001785,74.125.200.0-255,2902,217841,46,317216
828,0.001788,172.31.46.0-255,66,217907,46,317216
829,0.001793,74.125.200.0-255,4320,222227,46,317216
830,0.001796,172.31.46.0-255,66,222293,46,317216
831,0.001806,74.125.200.0-255,5738,228031,46,317216
832,0.001809,172.31.46.0-255,66,228097,46,317216
833,0.001877,74.125.200.0-255,2184,230281,46,317216
834,0.001881,172.31.46.0-255,66,230347,46,317216
835,0.001884,172.31.46.0-255,66,230413,46,317216
836,0.002007,74.125.200.0-255,1484,231897,46,317216
837,0.002012,74.125.200.0-255,2902,234799,46,317216
838,0.002015,172.31.46.0-255,66,234865,46,317216
839,0.002041,74.125.200.0-255,4320,239185,46,317216
840,0.002043,172.31.46.0-255,66,239251,46,317216
841,0.002048,74.125.200.0-255,4320,243571,46,317216
842,0.00205,172.31.46.0-255,66,243637,46,317216
843,0.002069,74.125.200.0-255,1484,245121,46,317216
844,0.002072,74.125.200.0-255,1484,246605,46,317216
845,0.002073,172.31.46.0-255,66,246671,46,317216
846,0.00211,172.31.46.0-255,66,246737,46,317216
847,0.002115,74.125.200.0-255,4320,251057,46,317216
848,0.002117,172.31.46.0-255,66,251123,46,317216
849,0.002143,74.125.200.0-255,3602,254725,46,317216
850,0.002146,172.31.46.0-255,66,254791,46,317216
851,0.002191,74.125.200.0-255,4320,259111,46,317216
852,0.002194,172.31.46.0-255,66,259177,46,317216
853,0.002197,74.125.200.0-255,1484,260661,46,317216
854,0.002226,74.125.200.0-255,4320,264981,46,317216
855,0.002229,172.31.46.0-255,66,265047,46,317216
856,0.002252,74.125.200.0-255,7156,272203,46,317216
857,0.002255,172.31.46.0-255,66,272269,46,317216
858,0.002275,74.125.200.0-255,4320,276589,46,317216
859,0.002277,172.31.46.0-255,66,276655,46,317216
860,0.002307,74.125.200.0-255,4320,280975,46,317216
861,0.00231,172.31.46.0-255,66,281041,46,317216
862,0.002315,74.125.200.0-255,2902,283943,46,317216
863,0.002317,172.31.46.0-255,66,284009,46,317216
864,0.002322,74.125.200.0-255,4320,288329,46,317216
865,0.002325,172.31.46.0-255,66,288395,46,317216
866,0.002327,74.125.200.0-255,766,289161,46,317216
867,0.002406,74.125.200.0-255,1484,290645,46,317216
868,0.00241,172.31.46.0-255,66,290711,46,317216
869,0.002414,74.125.200.0-255,1484,292195,46,317216
870,0.002435,74.125.200.0-255,1484,293679,46,317216
871,0.002437,172.31.46.0-255,66,293745,46,317216
872,0.002442,74.125.200.0-255,2902,296647,46,317216
873,0.002444,172.31.46.0-255,66,296713,46,317216
874,0.002472,74.125.200.0-255,2902,299615,46,317216
875,0.002475,172.31.46.0-255,66,299681,46,317216
876,0.002482,74.125.200.0-255,7156,306837,46,317216
877,0.002484,172.31.46.0-255,66,306903,46,317216
878,0.002487,74.125.200.0-255,590,307493,46,317216
879,0.002542,74.125.200.0-255,105,307598,46,317216
880,0.009599,172.31.46.0-255,101,307699,46,317216
881,0.011386,172.31.46.0-255,105,307804,46,317216
882,0.012108,74.125.200.0-255,66,307870,46,317216
883,0.013888,74.125.200.0-255,66,307936,46,317216
884,0.036714,172.31.46.0-255,172,308108,46,317216
885,0.036747,172.31.46.0-255,1115,309223,46,317216
886,0.036814,172.31.46.0-255,1514,310737,46,317216
887,0.036834,172.31.46.0-255,1514,312251,46,317216
888,0.036836,172.31.46.0-255,1514,313765,46,317216
889,0.036855,172.31.46.0-255,1514,315279,46,317216
890,0.036858,172.31.46.0-255,1499,316778,46,317216
891,0.038238,104.244.42.0-255,66,316844,46,317216
892,0.03827,104.244.42.0-255,66,316910,46,317216
893,0.038393,104.244.42.0-255,66,316976,46,317216
894,0.038438,104.244.42.0-255,66,317042,46,317216
895,0.039028,104.244.42.0-255,108,317150,46,317216
896,0.039037,172.31.46.0-255,66,317216,46,317216
897,0.0,172.217.194.0-255,297,297,46,233007
898,2.3e-05,172.31.46.0-255,66,363,46,233007
899,2.9e-05,172.217.194.0-255,1484,1847,46,233007
900,3.4e-05,172.31.46.0-255,66,1913,46,233007
901,4.9e-05,172.217.194.0-255,4320,6233,46,233007
902,5.2e-05,172.31.46.0-255,66,6299,46,233007
903,6.4e-05,172.31.46.0-255,66,6365,46,233007
904,7.1e-05,172.217.194.0-255,5738,12103,46,233007
905,7.5e-05,172.31.46.0-255,66,12169,46,233007
906,0.000108,172.217.194.0-255,4320,16489,46,233007
907,0.000111,172.31.46.0-255,66,16555,46,233007
908,0.000142,172.217.194.0-255,5379,21934,46,233007
909,0.000145,172.31.46.0-255,66,22000,46,233007
910,0.00015,172.217.194.0-255,2902,24902,46,233007
911,0.000152,172.31.46.0-255,66,24968,46,233007
912,0.000183,172.217.194.0-255,4320,29288,46,233007
913,0.000186,172.31.46.0-255,66,29354,46,233007
914,0.000196,172.31.46.0-255,66,29420,46,233007
915,0.00024,172.31.46.0-255,66,29486,46,233007
916,0.000261,172.217.194.0-255,2495,31981,46,233007
917,0.000263,172.31.46.0-255,66,32047,46,233007
918,0.000287,172.217.194.0-255,366,32413,46,233007
919,0.00029,172.31.46.0-255,66,32479,46,233007
920,0.000485,172.217.194.0-255,1484,33963,46,233007
921,0.00049,172.31.46.0-255,66,34029,46,233007
922,0.000496,172.217.194.0-255,2902,36931,46,233007
923,0.000499,172.31.46.0-255,66,36997,46,233007
924,0.00051,172.217.194.0-255,5738,42735,46,233007
925,0.000513,172.31.46.0-255,66,42801,46,233007
926,0.000559,172.31.46.0-255,66,42867,46,233007
927,0.000564,172.217.194.0-255,2902,45769,46,233007
928,0.000566,172.31.46.0-255,66,45835,46,233007
929,0.000607,172.31.46.0-255,66,45901,46,233007
930,0.000924,172.217.194.0-255,1484,47385,46,233007
931,0.000946,172.217.194.0-255,2902,50287,46,233007
932,0.00095,172.31.46.0-255,66,50353,46,233007
933,0.000958,172.217.194.0-255,5738,56091,46,233007
934,0.000959,172.31.46.0-255,66,56157,46,233007
935,0.000962,172.217.194.0-255,1484,57641,46,233007
936,0.00099,172.217.194.0-255,1484,59125,46,233007
937,0.000993,172.31.46.0-255,66,59191,46,233007
938,0.000999,172.217.194.0-255,4320,63511,46,233007
939,0.001001,172.31.46.0-255,66,63577,46,233007
940,0.001021,172.217.194.0-255,5738,69315,46,233007
941,0.001029,172.31.46.0-255,66,69381,46,233007
942,0.001071,172.31.46.0-255,66,69447,46,233007
943,0.001103,172.217.194.0-255,2184,71631,46,233007
944,0.001106,172.217.194.0-255,1484,73115,46,233007
945,0.00111,172.217.194.0-255,2902,76017,46,233007
946,0.001116,172.217.194.0-255,5738,81755,46,233007
947,0.00112,172.31.46.0-255,66,81821,46,233007
948,0.001124,172.31.46.0-255,66,81887,46,233007
949,0.001126,172.31.46.0-255,66,81953,46,233007
950,0.001148,172.217.194.0-255,2902,84855,46,233007
951,0.00115,172.31.46.0-255,66,84921,46,233007
952,0.001162,172.31.46.0-255,66,84987,46,233007
953,0.0012,172.31.46.0-255,66,85053,46,233007
954,0.00178,172.217.194.0-255,1484,86537,46,233007
955,0.001785,172.217.194.0-255,1484,88021,46,233007
956,0.001789,172.31.46.0-255,66,88087,46,233007
957,0.001817,172.217.194.0-255,1484,89571,46,233007
958,0.001824,172.217.194.0-255,5738,95309,46,233007
959,0.001827,172.31.46.0-255,66,95375,46,233007
960,0.00183,172.217.194.0-255,1484,96859,46,233007
961,0.001874,172.31.46.0-255,66,96925,46,233007
962,0.001884,172.217.194.0-255,4320,101245,46,233007
963,0.001886,172.31.46.0-255,66,101311,46,233007
964,0.001915,172.217.194.0-255,5738,107049,46,233007
965,0.001918,172.31.46.0-255,66,107115,46,233007
966,0.00192,172.217.194.0-255,766,107881,46,233007
967,0.002013,172.217.194.0-255,1484,109365,46,233007
968,0.002018,172.31.46.0-255,66,109431,46,233007
969,0.002023,172.217.194.0-255,2902,112333,46,233007
970,0.002025,172.31.46.0-255,66,112399,46,233007
971,0.002028,172.217.194.0-255,1484,113883,46,233007
972,0.002055,172.217.194.0-255,4320,118203,46,233007
973,0.002058,172.31.46.0-255,66,118269,46,233007
974,0.002063,172.217.194.0-255,2902,121171,46,233007
975,0.002064,172.31.46.0-255,66,121237,46,233007
976,0.002101,172.31.46.0-255,66,121303,46,233007
977,0.002116,172.31.46.0-255,66,121369,46,233007
978,0.002132,172.217.194.0-255,2184,123553,46,233007
979,0.002139,172.31.46.0-255,66,123619,46,233007
980,0.002197,172.217.194.0-255,1484,125103,46,233007
981,0.002216,172.217.194.0-255,2902,128005,46,233007
982,0.002219,172.31.46.0-255,66,128071,46,233007
983,0.002225,172.217.194.0-255,4320,132391,46,233007
984,0.002227,172.31.46.0-255,66,132457,46,233007
985,0.002252,172.217.194.0-255,1484,133941,46,233007
986,0.002267,172.31.46.0-255,66,134007,46,233007
987,0.002296,172.217.194.0-255,4320,138327,46,233007
988,0.002298,172.31.46.0-255,66,138393,46,233007
989,0.002326,172.31.46.0-255,66,138459,46,233007
990,0.004645,172.217.194.0-255,5738,144197,46,233007
991,0.004655,172.31.46.0-255,66,144263,46,233007
992,0.007011,172.217.194.0-255,5738,150001,46,233007
993,0.007017,172.31.46.0-255,66,150067,46,233007
994,0.009435,172.217.194.0-255,4320,154387,46,233007
995,0.009445,172.31.46.0-255,66,154453,46,233007
996,0.009475,172.217.194.0-255,1484,155937,46,233007
997,0.011771,172.217.194.0-255,4320,160257,46,233007
998,0.011779,172.31.46.0-255,66,160323,46,233007
999,0.014185,172.217.194.0-255,5738,166061,46,233007
1000,0.014198,172.31.46.0-255,66,166127,46,233007
1001,0.016585,172.217.194.0-255,5738,171865,46,233007
1002,0.016594,172.31.46.0-255,66,171931,46,233007
1003,0.01894,172.217.194.0-255,5738,177669,46,233007
1004,0.018974,172.31.46.0-255,66,177735,46,233007
1005,0.021344,172.217.194.0-255,5738,183473,46,233007
1006,0.021362,172.31.46.0-255,66,183539,46,233007
1007,0.023692,172.217.194.0-255,5738,189277,46,233007
1008,0.023705,172.31.46.0-255,66,189343,46,233007
1009,0.026083,172.217.194.0-255,5738,195081,46,233007
1010,0.026101,172.31.46.0-255,66,195147,46,233007
1011,0.028526,172.217.194.0-255,5738,200885,46,233007
1012,0.028542,172.31.46.0-255,66,200951,46,233007
1013,0.030907,172.217.194.0-255,5738,206689,46,233007
1014,0.03092,172.31.46.0-255,66,206755,46,233007
1015,0.033273,172.217.194.0-255,5738,212493,46,233007
1016,0.033285,172.31.46.0-255,66,212559,46,233007
1017,0.03564,172.217.194.0-255,5738,218297,46,233007
1018,0.035649,172.31.46.0-255,66,218363,46,233007
1019,0.038022,172.217.194.0-255,5738,224101,46,233007
1020,0.038037,172.31.46.0-255,66,224167,46,233007
1021,0.039675,172.31.46.0-255,172,224339,46,233007
1022,0.039706,172.31.46.0-255,1120,225459,46,233007
1023,0.039774,172.31.46.0-255,1514,226973,46,233007
1024,0.039777,172.31.46.0-255,1514,228487,46,233007
1025,0.039778,172.31.46.0-255,1514,230001,46,233007
1026,0.039779,172.31.46.0-255,1514,231515,46,233007
1027,0.03978,172.31.46.0-255,1492,233007,46,233007
1028,0.0,74.125.200.0-255,150,150,46,192645
1029,1.9e-05,172.31.46.0-255,66,216,46,192645
1030,2.6e-05,74.125.200.0-255,1484,1700,46,192645
1031,3e-05,172.31.46.0-255,66,1766,46,192645
1032,3.6e-05,74.125.200.0-255,2902,4668,46,192645
1033,4.8e-05,172.31.46.0-255,66,4734,46,192645
1034,5.1e-05,74.125.200.0-255,1484,6218,46,192645
1035,5.4e-05,172.31.46.0-255,66,6284,46,192645
1036,5.9e-05,74.125.200.0-255,2902,9186,46,192645
1037,6.1e-05,172.31.46.0-255,66,9252,46,192645
1038,0.000105,74.125.200.0-255,4320,13572,46,192645
1039,0.000109,172.31.46.0-255,66,13638,46,192645
1040,0.000132,74.125.200.0-255,619,14257,46,192645
1041,0.000134,172.31.46.0-255,66,14323,46,192645
1042,0.000164,74.125.200.0-255,1484,15807,46,192645
1043,0.000166,172.31.46.0-255,66,15873,46,192645
1044,0.000169,74.125.200.0-255,1484,17357,46,192645
1045,0.000171,172.31.46.0-255,66,17423,46,192645
1046,0.00019,74.125.200.0-255,1484,18907,46,192645
1047,0.000192,172.31.46.0-255,66,18973,46,192645
1048,0.0002,74.125.200.0-255,5738,24711,46,192645
1049,0.000206,172.31.46.0-255,66,24777,46,192645
1050,0.000209,74.125.200.0-255,1484,26261,46,192645
1051,0.000211,172.31.46.0-255,66,26327,46,192645
1052,0.000236,74.125.200.0-255,2902,29229,46,192645
1053,0.000243,172.31.46.0-255,66,29295,46,192645
1054,0.000275,74.125.200.0-255,2543,31838,46,192645
1055,0.000277,172.31.46.0-255,66,31904,46,192645
1056,0.000815,74.125.200.0-255,1484,33388,46,192645
1057,0.000821,172.31.46.0-255,66,33454,46,192645
1058,0.00083,74.125.200.0-255,2902,36356,46,192645
1059,0.000832,172.31.46.0-255,66,36422,46,192645
1060,0.000841,74.125.200.0-255,1484,37906,46,192645
1061,0.000868,74.125.200.0-255,2902,40808,46,192645
1062,0.00087,172.31.46.0-255,66,40874,46,192645
1063,0.000874,74.125.200.0-255,1484,42358,46,192645
1064,0.000898,74.125.200.0-255,4320,46678,46,192645
1065,0.000901,172.31.46.0-255,66,46744,46,192645
1066,0.000904,74.125.200.0-255,1484,48228,46,192645
1067,0.000954,172.31.46.0-255,66,48294,46,192645
1068,0.000958,74.125.200.0-255,2902,51196,46,192645
1069,0.000961,172.31.46.0-255,66,51262,46,192645
1070,0.001001,74.125.200.0-255,4320,55582,46,192645
1071,0.001005,172.31.46.0-255,66,55648,46,192645
1072,0.001028,74.125.200.0-255,1402,57050,46,192645
1073,0.001148,74.125.200.0-255,1484,58534,46,192645
1074,0.001152,172.31.46.0-255,66,58600,46,192645
1075,0.001184,74.125.200.0-255,2902,61502,46,192645
1076,0.001187,172.31.46.0-255,66,61568,46,192645
1077,0.00119,74.125.200.0-255,1484,63052,46,192645
1078,0.001215,74.125.200.0-255,4320,67372,46,192645
1079,0.001217,172.31.46.0-255,66,67438,46,192645
1080,0.001222,74.125.200.0-255,2902,70340,46,192645
1081,0.001224,172.31.46.0-255,66,70406,46,192645
1082,0.001254,74.125.200.0-255,4005,74411,46,192645
1083,0.001258,172.31.46.0-255,66,74477,46,192645
1084,0.001669,74.125.200.0-255,1484,75961,46,192645
1085,0.001678,74.125.200.0-255,2902,78863,46,192645
1086,0.001683,172.31.46.0-255,66,78929,46,192645
1087,0.001714,74.125.200.0-255,2902,81831,46,192645
1088,0.001717,172.31.46.0-255,66,81897,46,192645
1089,0.001742,74.125.200.0-255,2902,84799,46,192645
1090,0.001745,172.31.46.0-255,66,84865,46,192645
1091,0.001769,74.125.200.0-255,1484,86349,46,192645
1092,0.001772,74.125.200.0-255,1484,87833,46,192645
1093,0.001775,172.31.46.0-255,66,87899,46,192645
1094,0.001798,74.125.200.0-255,7156,95055,46,192645
1095,0.001801,172.31.46.0-255,66,95121,46,192645
1096,0.001813,172.31.46.0-255,66,95187,46,192645
1097,0.001818,74.125.200.0-255,3602,98789,46,192645
1098,0.00182,172.31.46.0-255,66,98855,46,192645
1099,0.00422,74.125.200.0-255,5738,104593,46,192645
1100,0.004227,172.31.46.0-255,66,104659,46,192645
1101,0.006629,74.125.200.0-255,5738,110397,46,192645
1102,0.006636,172.31.46.0-255,66,110463,46,192645
1103,0.00905,74.125.200.0-255,5738,116201,46,192645
1104,0.009058,172.31.46.0-255,66,116267,46,192645
1105,0.011467,74.125.200.0-255,5738,122005,46,192645
1106,0.011477,172.31.46.0-255,66,122071,46,192645
1107,0.013892,74.125.200.0-255,5738,127809,46,192645
1108,0.0139,172.31.46.0-255,66,127875,46,192645
1109,0.01631,74.125.200.0-255,5738,133613,46,192645
1110,0.016324,172.31.46.0-255,66,133679,46,192645
1111,0.018725,74.125.200.0-255,4320,137999,46,192645
1112,0.018734,172.31.46.0-255,66,138065,46,192645
1113,0.018767,74.125.200.0-255,1484,139549,46,192645
1114,0.021143,74.125.200.0-255,4320,143869,46,192645
1115,0.021151,172.31.46.0-255,66,143935,46,192645
1116,0.023557,74.125.200.0-255,5738,149673,46,192645
1117,0.023565,172.31.46.0-255,66,149739,46,192645
1118,0.02597,74.125.200.0-255,5738,155477,46,192645
1119,0.025978,172.31.46.0-255,66,155543,46,192645
1120,0.028364,74.125.200.0-255,2902,158445,46,192645
1121,0.028371,172.31.46.0-255,66,158511,46,192645
1122,0.028402,74.125.200.0-255,2902,161413,46,192645
1123,0.028405,172.31.46.0-255,66,161479,46,192645
1124,0.03081,74.125.200.0-255,1484,162963,46,192645
1125,0.030835,74.125.200.0-255,2902,165865,46,192645
1126,0.03084,172.31.46.0-255,66,165931,46,192645
1127,0.030869,74.125.200.0-255,1484,167415,46,192645
1128,0.033254,74.125.200.0-255,4320,171735,46,192645
1129,0.033263,172.31.46.0-255,66,171801,46,192645
1130,0.035728,74.125.200.0-255,1484,173285,46,192645
1131,0.035758,74.125.200.0-255,4320,177605,46,192645
1132,0.035763,172.31.46.0-255,66,177671,46,192645
1133,0.036308,172.31.46.0-255,172,177843,46,192645
1134,0.036341,172.31.46.0-255,1118,178961,46,192645
1135,0.036406,172.31.46.0-255,1514,180475,46,192645
1136,0.036408,172.31.46.0-255,1514,181989,46,192645
1137,0.03641,172.31.46.0-255,1514,183503,46,192645
1138,0.03641,172.31.46.0-255,1514,185017,46,192645
1139,0.036435,172.31.46.0-255,1494,186511,46,192645
1140,0.038001,104.244.42.0-255,66,186577,46,192645
1141,0.038009,104.244.42.0-255,66,186643,46,192645
1142,0.038125,104.244.42.0-255,66,186709,46,192645
1143,0.038158,74.125.200.0-255,2902,189611,46,192645
1144,0.038163,172.31.46.0-255,66,189677,46,192645
1145,0.038195,74.125.200.0-255,2902,192579,46,192645
1146,0.038198,172.31.46.0-255,66,192645,46,192645
1147,0.0,74.125.68.0-255,150,150,46,320445
1148,2.2e-05,172.31.46.0-255,66,216,46,320445
1149,3e-05,74.125.68.0-255,1484,1700,46,320445
1150,3.5e-05,172.31.46.0-255,66,1766,46,320445
1151,4.1e-05,74.125.68.0-255,2902,4668,46,320445
1152,4.5e-05,172.31.46.0-255,66,4734,46,320445
1153,9.2e-05,74.125.68.0-255,7156,11890,46,320445
1154,9.6e-05,172.31.46.0-255,66,11956,46,320445
1155,0.0001,74.125.68.0-255,2028,13984,46,320445
1156,0.000103,172.31.46.0-255,66,14050,46,320445
1157,0.000121,74.125.68.0-255,1484,15534,46,320445
1158,0.000123,172.31.46.0-255,66,15600,46,320445
1159,0.000128,74.125.68.0-255,2902,18502,46,320445
1160,0.000131,172.31.46.0-255,66,18568,46,320445
1161,0.000148,74.125.68.0-255,4320,22888,46,320445
1162,0.000151,172.31.46.0-255,66,22954,46,320445
1163,0.000169,74.125.68.0-255,1484,24438,46,320445
1164,0.000171,172.31.46.0-255,66,24504,46,320445
1165,0.000179,74.125.68.0-255,6797,31301,46,320445
1166,0.000182,172.31.46.0-255,66,31367,46,320445
1167,0.000263,74.125.68.0-255,1484,32851,46,320445
1168,0.000266,172.31.46.0-255,66,32917,46,320445
1169,0.00027,74.125.68.0-255,1484,34401,46,320445
1170,0.000272,172.31.46.0-255,66,34467,46,320445
1171,0.000291,74.125.68.0-255,2902,37369,46,320445
1172,0.000295,172.31.46.0-255,66,37435,46,320445
1173,0.0003,74.125.68.0-255,4320,41755,46,320445
1174,0.000303,172.31.46.0-255,66,41821,46,320445
1175,0.000313,74.125.68.0-255,1484,43305,46,320445
1176,0.000315,172.31.46.0-255,66,43371,46,320445
1177,0.000336,74.125.68.0-255,5379,48750,46,320445
1178,0.000339,172.31.46.0-255,66,48816,46,320445
1179,0.000345,74.125.68.0-255,5738,54554,46,320445
1180,0.000376,74.125.68.0-255,2902,57456,46,320445
1181,0.000479,74.125.68.0-255,111,57567,46,320445
1182,0.000529,74.125.68.0-255,1484,59051,46,320445
1183,0.00055,74.125.68.0-255,2902,61953,46,320445
1184,0.000575,74.125.68.0-255,5738,67691,46,320445
1185,0.000638,74.125.68.0-255,6797,74488,46,320445
1186,0.000906,74.125.68.0-255,1484,75972,46,320445
1187,0.000924,74.125.68.0-255,2902,78874,46,320445
1188,0.000944,74.125.68.0-255,4320,83194,46,320445
1189,0.000947,74.125.68.0-255,1484,84678,46,320445
1190,0.000966,74.125.68.0-255,4320,88998,46,320445
1191,0.000976,74.125.68.0-255,1484,90482,46,320445
1192,0.001001,74.125.68.0-255,2902,93384,46,320445
1193,0.001044,74.125.68.0-255,2902,96286,46,320445
1194,0.00109,74.125.68.0-255,2184,98470,46,320445
1195,0.001131,74.125.68.0-255,2902,101372,46,320445
1196,0.001134,74.125.68.0-255,1484,102856,46,320445
1197,0.001155,74.125.68.0-255,1484,104340,46,320445
1198,0.00116,74.125.68.0-255,4320,108660,46,320445
1199,0.001177,74.125.68.0-255,2902,111562,46,320445
1200,0.001192,74.125.68.0-255,5738,117300,46,320445
1201,0.001198,74.125.68.0-255,5738,123038,46,320445
1202,0.001202,74.125.68.0-255,2902,125940,46,320445
1203,0.001215,74.125.68.0-255,4320,130260,46,320445
1204,0.001248,74.125.68.0-255,3602,133862,46,320445
1205,0.001253,74.125.68.0-255,4320,138182,46,320445
1206,0.001282,74.125.68.0-255,7156,145338,46,320445
1207,0.0013,74.125.68.0-255,2902,148240,46,320445
1208,0.001305,74.125.68.0-255,4320,152560,46,320445
1209,0.001308,74.125.68.0-255,1484,154044,46,320445
1210,0.001328,74.125.68.0-255,4320,158364,46,320445
1211,0.001407,74.125.68.0-255,1484,159848,46,320445
1212,0.001471,74.125.68.0-255,2902,162750,46,320445
1213,0.001477,74.125.68.0-255,5738,168488,46,320445
1214,0.001514,74.125.68.0-255,1484,169972,46,320445
1215,0.001522,172.31.46.0-255,66,170038,46,320445
1216,0.001532,74.125.68.0-255,2902,172940,46,320445
1217,0.001539,172.31.46.0-255,66,173006,46,320445
1218,0.001552,74.125.68.0-255,2902,175908,46,320445
1219,0.001575,74.125.68.0-255,4320,180228,46,320445
1220,0.00159,74.125.68.0-255,5738,185966,46,320445
1221,0.001604,74.125.68.0-255,2902,188868,46,320445
1222,0.001608,74.125.68.0-255,2902,191770,46,320445
1223,0.001626,74.125.68.0-255,766,192536,46,320445
1224,0.001717,74.125.68.0-255,1484,194020,46,320445
1225,0.001723,74.125.68.0-255,2902,196922,46,320445
1226,0.001744,74.125.68.0-255,5738,202660,46,320445
1227,0.001749,74.125.68.0-255,2902,205562,46,320445
1228,0.001805,74.125.68.0-255,4320,209882,46,320445
1229,0.001822,74.125.68.0-255,5619,215501,46,320445
1230,0.001825,74.125.68.0-255,1484,216985,46,320445
1231,0.001837,74.125.68.0-255,4320,221305,46,320445
1232,0.001853,74.125.68.0-255,4320,225625,46,320445
1233,0.001862,74.125.68.0-255,4320,229945,46,320445
1234,0.001877,74.125.68.0-255,5738,235683,46,320445
1235,0.001895,172.31.46.0-255,66,235749,46,320445
1236,0.00191,74.125.68.0-255,4320,240069,46,320445
1237,0.00193,74.125.68.0-255,3602,243671,46,320445
1238,0.001948,172.31.46.0-255,66,243737,46,320445
1239,0.001966,74.125.68.0-255,1484,245221,46,320445
1240,0.001978,74.125.68.0-255,2902,248123,46,320445
1241,0.001993,74.125.68.0-255,2902,251025,46,320445
1242,0.001998,172.31.46.0-255,66,251091,46,320445
1243,0.002006,74.125.68.0-255,2902,253993,46,320445
1244,0.00201,74.125.68.0-255,2902,256895,46,320445
1245,0.002015,172.31.46.0-255,66,256961,46,320445
1246,0.002034,74.125.68.0-255,4320,261281,46,320445
1247,0.002046,74.125.68.0-255,2902,264183,46,320445
1248,0.002062,74.125.68.0-255,5738,269921,46,320445
1249,0.002068,74.125.68.0-255,5738,275659,46,320445
1250,0.002075,172.31.46.0-255,66,275725,46,320445
1251,0.002083,74.125.68.0-255,1484,277209,46,320445
1252,0.002103,74.125.68.0-255,1484,278693,46,320445
1253,0.002118,74.125.68.0-255,2902,281595,46,320445
1254,0.002128,172.31.46.0-255,66,281661,46,320445
1255,0.002149,74.125.68.0-255,4320,285981,46,320445
1256,0.002156,172.31.46.0-255,66,286047,46,320445
1257,0.002171,74.125.68.0-255,4320,290367,46,320445
1258,0.002183,74.125.68.0-255,2902,293269,46,320445
1259,0.002195,172.31.46.0-255,66,293335,46,320445
1260,0.002211,74.125.68.0-255,2902,296237,46,320445
1261,0.002218,74.125.68.0-255,7156,303393,46,320445
1262,0.002239,172.31.46.0-255,66,303459,46,320445
1263,0.00225,74.125.68.0-255,5020,308479,46,320445
1264,0.002265,172.31.46.0-255,66,308545,46,320445
1265,0.002286,74.125.68.0-255,4320,312865,46,320445
1266,0.002292,74.125.68.0-255,3602,316467,46,320445
1267,0.00233,172.31.46.0-255,66,316533,46,320445
1268,0.002366,74.125.68.0-255,97,316630,46,320445
1269,0.002372,172.31.46.0-255,66,316696,46,320445
1270,0.00239,74.125.68.0-255,105,316801,46,320445
1271,0.004824,172.31.46.0-255,66,316867,46,320445
1272,0.004857,172.31.46.0-255,105,316972,46,320445
1273,0.007435,74.125.68.0-255,66,317038,46,320445
1274,0.02657,172.31.46.0-255,172,317210,46,320445
1275,0.026604,172.31.46.0-255,1119,318329,46,320445
1276,0.026668,172.31.46.0-255,1514,319843,46,320445
1277,0.02667,172.31.46.0-255,404,320247,46,320445
1278,0.028132,104.244.42.0-255,66,320313,46,320445
1279,0.028172,104.244.42.0-255,66,320379,46,320445
1280,0.028216,104.244.42.0-255,66,320445,46,320445
1281,0.0,74.125.24.0-255,156,156,46,233874
1282,2.8e-05,172.31.46.0-255,66,222,46,233874
1283,3.7e-05,74.125.24.0-255,1484,1706,46,233874
1284,4.3e-05,172.31.46.0-255,66,1772,46,233874
1285,5.8e-05,74.125.24.0-255,2902,4674,46,233874
1286,6.1e-05,172.31.46.0-255,66,4740,46,233874
1287,7e-05,74.125.24.0-255,7156,11896,46,233874
1288,7.3e-05,172.31.46.0-255,66,11962,46,233874
1289,7.7e-05,74.125.24.0-255,2024,13986,46,233874
1290,8.1e-05,172.31.46.0-255,66,14052,46,233874
1291,0.000313,74.125.24.0-255,1484,15536,46,233874
1292,0.00032,172.31.46.0-255,66,15602,46,233874
1293,0.000326,74.125.24.0-255,2902,18504,46,233874
1294,0.000328,172.31.46.0-255,66,18570,46,233874
1295,0.000337,74.125.24.0-255,2902,21472,46,233874
1296,0.000339,172.31.46.0-255,66,21538,46,233874
1297,0.000374,74.125.24.0-255,2902,24440,46,233874
1298,0.000376,172.31.46.0-255,66,24506,46,233874
1299,0.000382,74.125.24.0-255,4320,28826,46,233874
1300,0.000384,172.31.46.0-255,66,28892,46,233874
1301,0.000388,74.125.24.0-255,2902,31794,46,233874
1302,0.00039,172.31.46.0-255,66,31860,46,233874
1303,0.000429,74.125.24.0-255,5379,37239,46,233874
1304,0.000432,172.31.46.0-255,66,37305,46,233874
1305,0.000443,172.31.46.0-255,66,37371,46,233874
1306,0.000447,74.125.24.0-255,2543,39914,46,233874
1307,0.000449,172.31.46.0-255,66,39980,46,233874
1308,0.000491,74.125.24.0-255,2902,42882,46,233874
1309,0.000494,172.31.46.0-255,66,42948,46,233874
1310,0.0005,74.125.24.0-255,4320,47268,46,233874
1311,0.000502,172.31.46.0-255,66,47334,46,233874
1312,0.000506,74.125.24.0-255,2902,50236,46,233874
1313,0.000514,172.31.46.0-255,66,50302,46,233874
1314,0.000543,74.125.24.0-255,5738,56040,46,233874
1315,0.000545,172.31.46.0-255,66,56106,46,233874
1316,0.000548,74.125.24.0-255,1125,57231,46,233874
1317,0.000601,74.125.24.0-255,646,57877,46,233874
1318,0.000604,172.31.46.0-255,66,57943,46,233874
1319,0.000643,74.125.24.0-255,1484,59427,46,233874
1320,0.000649,74.125.24.0-255,2902,62329,46,233874
1321,0.000652,172.31.46.0-255,66,62395,46,233874
1322,0.000655,74.125.24.0-255,1484,63879,46,233874
1323,0.00068,74.125.24.0-255,4320,68199,46,233874
1324,0.000683,172.31.46.0-255,66,68265,46,233874
1325,0.000688,74.125.24.0-255,2902,71167,46,233874
1326,0.00069,172.31.46.0-255,66,71233,46,233874
1327,0.000723,172.31.46.0-255,66,71299,46,233874
1328,0.000735,172.31.46.0-255,66,71365,46,233874
1329,0.000738,74.125.24.0-255,1125,72490,46,233874
1330,0.000847,74.125.24.0-255,1484,73974,46,233874
1331,0.000851,172.31.46.0-255,66,74040,46,233874
1332,0.000857,74.125.24.0-255,2902,76942,46,233874
1333,0.00086,172.31.46.0-255,66,77008,46,233874
1334,0.000871,74.125.24.0-255,5738,82746,46,233874
1335,0.000874,172.31.46.0-255,66,82812,46,233874
1336,0.000878,74.125.24.0-255,2902,85714,46,233874
1337,0.00088,172.31.46.0-255,66,85780,46,233874
1338,0.00091,172.31.46.0-255,66,85846,46,233874
1339,0.000916,74.125.24.0-255,4320,90166,46,233874
1340,0.000918,172.31.46.0-255,66,90232,46,233874
1341,0.000932,74.125.24.0-255,4320,94552,46,233874
1342,0.000934,172.31.46.0-255,66,94618,46,233874
1343,0.000957,74.125.24.0-255,2184,96802,46,233874
1344,0.00096,172.31.46.0-255,66,96868,46,233874
1345,0.000967,74.125.24.0-255,5738,102606,46,233874
1346,0.000969,172.31.46.0-255,66,102672,46,233874
1347,0.000975,74.125.24.0-255,4320,106992,46,233874
1348,0.000977,172.31.46.0-255,66,107058,46,233874
1349,0.001011,74.125.24.0-255,2902,109960,46,233874
1350,0.001014,172.31.46.0-255,66,110026,46,233874
1351,0.00103,172.31.46.0-255,66,110092,46,233874
1352,0.001037,74.125.24.0-255,6438,116530,46,233874
1353,0.001039,172.31.46.0-255,66,116596,46,233874
1354,0.001073,74.125.24.0-255,1484,118080,46,233874
1355,0.001078,74.125.24.0-255,2902,120982,46,233874
1356,0.001081,172.31.46.0-255,66,121048,46,233874
1357,0.001115,74.125.24.0-255,5738,126786,46,233874
1358,0.001118,172.31.46.0-255,66,126852,46,233874
1359,0.001124,74.125.24.0-255,5738,132590,46,233874
1360,0.001127,172.31.46.0-255,66,132656,46,233874
1361,0.001137,74.125.24.0-255,2902,135558,46,233874
1362,0.001139,172.31.46.0-255,66,135624,46,233874
1363,0.001181,172.31.46.0-255,66,135690,46,233874
1364,0.001188,74.125.24.0-255,5020,140710,46,233874
1365,0.00119,172.31.46.0-255,66,140776,46,233874
1366,0.001258,74.125.24.0-255,1484,142260,46,233874
1367,0.001264,74.125.24.0-255,2902,145162,46,233874
1368,0.001267,172.31.46.0-255,66,145228,46,233874
1369,0.001287,74.125.24.0-255,5738,150966,46,233874
1370,0.00129,172.31.46.0-255,66,151032,46,233874
1371,0.001325,172.31.46.0-255,66,151098,46,233874
1372,0.001331,74.125.24.0-255,4320,155418,46,233874
1373,0.001333,172.31.46.0-255,66,155484,46,233874
1374,0.001368,74.125.24.0-255,4320,159804,46,233874
1375,0.001371,172.31.46.0-255,66,159870,46,233874
1376,0.001375,74.125.24.0-255,2184,162054,46,233874
1377,0.001377,172.31.46.0-255,66,162120,46,233874
1378,0.001501,74.125.24.0-255,1484,163604,46,233874
1379,0.001507,74.125.24.0-255,2902,166506,46,233874
1380,0.001511,172.31.46.0-255,66,166572,46,233874
1381,0.001517,74.125.24.0-255,4320,170892,46,233874
1382,0.001519,172.31.46.0-255,66,170958,46,233874
1383,0.001547,74.125.24.0-255,1484,172442,46,233874
1384,0.0016,172.31.46.0-255,66,172508,46,233874
1385,0.001633,74.125.24.0-255,4320,176828,46,233874
1386,0.001636,172.31.46.0-255,66,176894,46,233874
1387,0.001649,172.31.46.0-255,66,176960,46,233874
1388,0.001677,74.125.24.0-255,1484,178444,46,233874
1389,0.001681,74.125.24.0-255,2902,181346,46,233874
1390,0.001684,172.31.46.0-255,66,181412,46,233874
1391,0.001712,74.125.24.0-255,5738,187150,46,233874
1392,0.001739,172.31.46.0-255,66,187216,46,233874
1393,0.00175,74.125.24.0-255,4320,191536,46,233874
1394,0.001768,172.31.46.0-255,66,191602,46,233874
1395,0.001777,74.125.24.0-255,2184,193786,46,233874
1396,0.001792,74.125.24.0-255,1484,195270,46,233874
1397,0.001804,74.125.24.0-255,1484,196754,46,233874
1398,0.001809,74.125.24.0-255,4320,201074,46,233874
1399,0.001828,74.125.24.0-255,2902,203976,46,233874
1400,0.001836,74.125.24.0-255,7156,211132,46,233874
1401,0.001841,172.31.46.0-255,66,211198,46,233874
1402,0.00185,74.125.24.0-255,2902,214100,46,233874
1403,0.001867,74.125.24.0-255,5738,219838,46,233874
1404,0.001875,172.31.46.0-255,66,219904,46,233874
1405,0.001937,74.125.24.0-255,4320,224224,46,233874
1406,0.00194,172.31.46.0-255,66,224290,46,233874
1407,0.00195,74.125.24.0-255,5738,230028,46,233874
1408,0.001961,172.31.46.0-255,66,230094,46,233874
1409,0.002002,74.125.24.0-255,97,230191,46,233874
1410,0.00201,172.31.46.0-255,66,230257,46,233874
1411,0.002018,74.125.24.0-255,105,230362,46,233874
1412,0.004671,172.31.46.0-255,66,230428,46,233874
1413,0.004711,172.31.46.0-255,105,230533,46,233874
1414,0.006904,74.125.24.0-255,66,230599,46,233874
1415,0.029327,172.31.46.0-255,172,230771,46,233874
1416,0.029361,172.31.46.0-255,1119,231890,46,233874
1417,0.029425,172.31.46.0-255,1514,233404,46,233874
1418,0.029426,172.31.46.0-255,404,233808,46,233874
1419,0.031347,104.244.42.0-255,66,233874,46,233874
1420,0.0,74.125.24.0-255,146,146,46,229007
1421,1.5e-05,172.31.46.0-255,66,212,46,229007
1422,2.1e-05,74.125.24.0-255,1484,1696,46,229007
1423,2.6e-05,172.31.46.0-255,66,1762,46,229007
1424,3.9e-05,74.125.24.0-255,2902,4664,46,229007
1425,4.2e-05,172.31.46.0-255,66,4730,46,229007
1426,5e-05,74.125.24.0-255,7156,11886,46,229007
1427,5.3e-05,172.31.46.0-255,66,11952,46,229007
1428,5.7e-05,74.125.24.0-255,1985,13937,46,229007
1429,5.9e-05,172.31.46.0-255,66,14003,46,229007
1430,7.9e-05,74.125.24.0-255,4320,18323,46,229007
1431,8.7e-05,172.31.46.0-255,66,18389,46,229007
1432,0.000116,74.125.24.0-255,7156,25545,46,229007
1433,0.00012,172.31.46.0-255,66,25611,46,229007
1434,0.000126,74.125.24.0-255,5379,30990,46,229007
1435,0.000128,172.31.46.0-255,66,31056,46,229007
1436,0.000212,74.125.24.0-255,1484,32540,46,229007
1437,0.000215,172.31.46.0-255,66,32606,46,229007
1438,0.00022,74.125.24.0-255,2902,35508,46,229007
1439,0.000223,172.31.46.0-255,66,35574,46,229007
1440,0.000227,74.125.24.0-255,2902,38476,46,229007
1441,0.000234,172.31.46.0-255,66,38542,46,229007
1442,0.000262,74.125.24.0-255,2902,41444,46,229007
1443,0.000265,172.31.46.0-255,66,41510,46,229007
1444,0.000286,74.125.24.0-255,4320,45830,46,229007
1445,0.000288,172.31.46.0-255,66,45896,46,229007
1446,0.000333,74.125.24.0-255,6797,52693,46,229007
1447,0.000337,172.31.46.0-255,66,52759,46,229007
1448,0.000349,172.31.46.0-255,66,52825,46,229007
1449,0.000353,74.125.24.0-255,1705,54530,46,229007
1450,0.000355,172.31.46.0-255,66,54596,46,229007
1451,0.000874,74.125.24.0-255,1484,56080,46,229007
1452,0.000898,74.125.24.0-255,2902,58982,46,229007
1453,0.000903,172.31.46.0-255,66,59048,46,229007
1454,0.000907,74.125.24.0-255,1484,60532,46,229007
1455,0.000934,74.125.24.0-255,4320,64852,46,229007
1456,0.000937,172.31.46.0-255,66,64918,46,229007
1457,0.00094,74.125.24.0-255,1484,66402,46,229007
1458,0.000945,74.125.24.0-255,4320,70722,46,229007
1459,0.000947,172.31.46.0-255,66,70788,46,229007
1460,0.000989,172.31.46.0-255,66,70854,46,229007
1461,0.001006,172.31.46.0-255,66,70920,46,229007
1462,0.001664,74.125.24.0-255,1484,72404,46,229007
1463,0.001671,74.125.24.0-255,1484,73888,46,229007
1464,0.001675,172.31.46.0-255,66,73954,46,229007
1465,0.001694,74.125.24.0-255,1484,75438,46,229007
1466,0.001701,74.125.24.0-255,5738,81176,46,229007
1467,0.001703,172.31.46.0-255,66,81242,46,229007
1468,0.001713,172.31.46.0-255,66,81308,46,229007
1469,0.001741,74.125.24.0-255,2902,84210,46,229007
1470,0.001744,172.31.46.0-255,66,84276,46,229007
1471,0.001761,74.125.24.0-255,2902,87178,46,229007
1472,0.001763,172.31.46.0-255,66,87244,46,229007
1473,0.001795,172.31.46.0-255,66,87310,46,229007
1474,0.001815,74.125.24.0-255,1484,88794,46,229007
1475,0.00182,74.125.24.0-255,2902,91696,46,229007
1476,0.001822,172.31.46.0-255,66,91762,46,229007
1477,0.001828,74.125.24.0-255,5738,97500,46,229007
1478,0.00183,172.31.46.0-255,66,97566,46,229007
1479,0.00188,172.31.46.0-255,66,97632,46,229007
1480,0.001887,74.125.24.0-255,5738,103370,46,229007
1481,0.001889,172.31.46.0-255,66,103436,46,229007
1482,0.001921,74.125.24.0-255,5020,108456,46,229007
1483,0.001924,172.31.46.0-255,66,108522,46,229007
1484,0.00193,74.125.24.0-255,4320,112842,46,229007
1485,0.001932,172.31.46.0-255,66,112908,46,229007
1486,0.001968,74.125.24.0-255,1484,114392,46,229007
1487,0.001982,172.31.46.0-255,66,114458,46,229007
1488,0.001989,74.125.24.0-255,7156,121614,46,229007
1489,0.001992,172.31.46.0-255,66,121680,46,229007
1490,0.00202,172.31.46.0-255,66,121746,46,229007
1491,0.002053,172.31.46.0-255,66,121812,46,229007
1492,0.002099,172.31.46.0-255,66,121878,46,229007
1493,0.002133,172.31.46.0-255,66,121944,46,229007
1494,0.002145,172.31.46.0-255,66,122010,46,229007
1495,0.002223,172.31.46.0-255,66,122076,46,229007
1496,0.002229,74.125.24.0-255,3602,125678,46,229007
1497,0.002231,172.31.46.0-255,66,125744,46,229007
1498,0.002237,74.125.24.0-255,4320,130064,46,229007
1499,0.002239,172.31.46.0-255,66,130130,46,229007
1500,0.002286,172.31.46.0-255,66,130196,46,229007
1501,0.002293,74.125.24.0-255,5738,135934,46,229007
1502,0.002296,172.31.46.0-255,66,136000,46,229007
1503,0.00232,74.125.24.0-255,2902,138902,46,229007
1504,0.002323,172.31.46.0-255,66,138968,46,229007
1505,0.002499,74.125.24.0-255,1484,140452,46,229007
1506,0.002506,74.125.24.0-255,2902,143354,46,229007
1507,0.002543,74.125.24.0-255,2902,146256,46,229007
1508,0.002564,74.125.24.0-255,4320,150576,46,229007
1509,0.002567,74.125.24.0-255,1484,152060,46,229007
1510,0.002587,74.125.24.0-255,7156,159216,46,229007
1511,0.002604,74.125.24.0-255,4320,163536,46,229007
1512,0.002627,74.125.24.0-255,5738,169274,46,229007
1513,0.005785,172.31.46.0-255,66,169340,46,229007
1514,0.008421,74.125.24.0-255,5738,175078,46,229007
1515,0.008428,172.31.46.0-255,66,175144,46,229007
1516,0.011037,74.125.24.0-255,5738,180882,46,229007
1517,0.011045,172.31.46.0-255,66,180948,46,229007
1518,0.013652,74.125.24.0-255,5738,186686,46,229007
1519,0.013664,172.31.46.0-255,66,186752,46,229007
1520,0.016246,74.125.24.0-255,5738,192490,46,229007
1521,0.016255,172.31.46.0-255,66,192556,46,229007
1522,0.01886,74.125.24.0-255,5738,198294,46,229007
1523,0.018869,172.31.46.0-255,66,198360,46,229007
1524,0.021443,74.125.24.0-255,5738,204098,46,229007
1525,0.02145,172.31.46.0-255,66,204164,46,229007
1526,0.024062,74.125.24.0-255,5738,209902,46,229007
1527,0.024069,172.31.46.0-255,66,209968,46,229007
1528,0.026539,172.31.46.0-255,172,210140,46,229007
1529,0.026568,172.31.46.0-255,1119,211259,46,229007
1530,0.026629,172.31.46.0-255,1514,212773,46,229007
1531,0.02663,172.31.46.0-255,404,213177,46,229007
1532,0.026671,74.125.24.0-255,5738,218915,46,229007
1533,0.026676,172.31.46.0-255,66,218981,46,229007
1534,0.028103,104.244.42.0-255,66,219047,46,229007
1535,0.028132,104.244.42.0-255,66,219113,46,229007
1536,0.028177,104.244.42.0-255,66,219179,46,229007
1537,0.029273,74.125.24.0-255,5738,224917,46,229007
1538,0.029279,172.31.46.0-255,66,224983,46,229007
1539,0.031892,74.125.24.0-255,3787,228770,46,229007
1540,0.031902,172.31.46.0-255,66,228836,46,229007
1541,0.032144,172.31.46.0-255,105,228941,46,229007
1542,0.034692,74.125.24.0-255,66,229007,46,229007
1543,0.0,74.125.200.0-255,152,152,46,258403
1544,2.3e-05,172.31.46.0-255,66,218,46,258403
1545,3.1e-05,74.125.200.0-255,1484,1702,46,258403
1546,3.6e-05,172.31.46.0-255,66,1768,46,258403
1547,5e-05,74.125.200.0-255,2902,4670,46,258403
1548,5.4e-05,172.31.46.0-255,66,4736,46,258403
1549,5.8e-05,74.125.200.0-255,2902,7638,46,258403
1550,6.1e-05,172.31.46.0-255,66,7704,46,258403
1551,6.8e-05,74.125.200.0-255,4320,12024,46,258403
1552,7.1e-05,172.31.46.0-255,66,12090,46,258403
1553,0.00011,172.31.46.0-255,66,12156,46,258403
1554,0.000141,172.31.46.0-255,66,12222,46,258403
1555,0.000145,74.125.200.0-255,2543,14765,46,258403
1556,0.000147,172.31.46.0-255,66,14831,46,258403
1557,0.000229,74.125.200.0-255,1484,16315,46,258403
1558,0.000232,172.31.46.0-255,66,16381,46,258403
1559,0.000235,74.125.200.0-255,1484,17865,46,258403
1560,0.000237,172.31.46.0-255,66,17931,46,258403
1561,0.000258,74.125.200.0-255,2902,20833,46,258403
1562,0.000261,172.31.46.0-255,66,20899,46,258403
1563,0.000263,74.125.200.0-255,1484,22383,46,258403
1564,0.000265,172.31.46.0-255,66,22449,46,258403
1565,0.000296,74.125.200.0-255,4320,26769,46,258403
1566,0.000298,172.31.46.0-255,66,26835,46,258403
1567,0.000308,172.31.46.0-255,66,26901,46,258403
1568,0.000317,74.125.200.0-255,4320,31221,46,258403
1569,0.000319,172.31.46.0-255,66,31287,46,258403
1570,0.00034,74.125.200.0-255,4320,35607,46,258403
1571,0.000342,172.31.46.0-255,66,35673,46,258403
1572,0.000346,74.125.200.0-255,2902,38575,46,258403
1573,0.000352,172.31.46.0-255,66,38641,46,258403
1574,0.000381,74.125.200.0-255,2855,41496,46,258403
1575,0.000383,172.31.46.0-255,66,41562,46,258403
1576,0.000385,74.125.200.0-255,374,41936,46,258403
1577,0.00053,74.125.200.0-255,1484,43420,46,258403
1578,0.000534,172.31.46.0-255,66,43486,46,258403
1579,0.000538,74.125.200.0-255,1484,44970,46,258403
1580,0.000567,74.125.200.0-255,1484,46454,46,258403
1581,0.00057,172.31.46.0-255,66,46520,46,258403
1582,0.000575,74.125.200.0-255,4320,50840,46,258403
1583,0.000577,172.31.46.0-255,66,50906,46,258403
1584,0.00058,74.125.200.0-255,1484,52390,46,258403
1585,0.000607,172.31.46.0-255,66,52456,46,258403
1586,0.000611,74.125.200.0-255,2902,55358,46,258403
1587,0.000613,172.31.46.0-255,66,55424,46,258403
1588,0.000652,74.125.200.0-255,2902,58326,46,258403
1589,0.000655,172.31.46.0-255,66,58392,46,258403
1590,0.000696,172.31.46.0-255,66,58458,46,258403
1591,0.001048,74.125.200.0-255,1484,59942,46,258403
1592,0.001055,74.125.200.0-255,2902,62844,46,258403
1593,0.001059,172.31.46.0-255,66,62910,46,258403
1594,0.001092,74.125.200.0-255,5738,68648,46,258403
1595,0.001094,172.31.46.0-255,66,68714,46,258403
1596,0.001099,74.125.200.0-255,2902,71616,46,258403
1597,0.001101,172.31.46.0-255,66,71682,46,258403
1598,0.001144,74.125.200.0-255,5738,77420,46,258403
1599,0.001149,172.31.46.0-255,66,77486,46,258403
1600,0.001152,172.31.46.0-255,66,77552,46,258403
1601,0.00118,74.125.200.0-255,6438,83990,46,258403
1602,0.001183,172.31.46.0-255,66,84056,46,258403
1603,0.001198,74.125.200.0-255,1484,85540,46,258403
1604,0.001206,74.125.200.0-255,1484,87024,46,258403
1605,0.001208,172.31.46.0-255,66,87090,46,258403
1606,0.001229,74.125.200.0-255,1484,88574,46,258403
1607,0.001235,74.125.200.0-255,5738,94312,46,258403
1608,0.001237,172.31.46.0-255,66,94378,46,258403
1609,0.001252,74.125.200.0-255,1484,95862,46,258403
1610,0.001283,172.31.46.0-255,66,95928,46,258403
1611,0.001296,172.31.46.0-255,66,95994,46,258403
1612,0.001316,74.125.200.0-255,766,96760,46,258403
1613,0.001352,74.125.200.0-255,1484,98244,46,258403
1614,0.001355,172.31.46.0-255,66,98310,46,258403
1615,0.001362,74.125.200.0-255,2902,101212,46,258403
1616,0.001364,172.31.46.0-255,66,101278,46,258403
1617,0.001398,74.125.200.0-255,5738,107016,46,258403
1618,0.001439,74.125.200.0-255,2902,109918,46,258403
1619,0.001444,172.31.46.0-255,66,109984,46,258403
1620,0.001446,172.31.46.0-255,66,110050,46,258403
1621,0.001472,74.125.200.0-255,7156,117206,46,258403
1622,0.001475,172.31.46.0-255,66,117272,46,258403
1623,0.001489,172.31.46.0-255,66,117338,46,258403
1624,0.001493,74.125.200.0-255,2184,119522,46,258403
1625,0.001497,74.125.200.0-255,1484,121006,46,258403
1626,0.001501,172.31.46.0-255,66,121072,46,258403
1627,0.001528,74.125.200.0-255,1484,122556,46,258403
1628,0.00153,172.31.46.0-255,66,122622,46,258403
1629,0.00154,74.125.200.0-255,4320,126942,46,258403
1630,0.001543,172.31.46.0-255,66,127008,46,258403
1631,0.001554,172.31.46.0-255,66,127074,46,258403
1632,0.00156,74.125.200.0-255,5738,132812,46,258403
1633,0.001562,172.31.46.0-255,66,132878,46,258403
1634,0.001588,74.125.200.0-255,2902,135780,46,258403
1635,0.001594,172.31.46.0-255,66,135846,46,258403
1636,0.001606,172.31.46.0-255,66,135912,46,258403
1637,0.001609,74.125.200.0-255,1484,137396,46,258403
1638,0.001638,74.125.200.0-255,2902,140298,46,258403
1639,0.001641,172.31.46.0-255,66,140364,46,258403
1640,0.001647,74.125.200.0-255,5738,146102,46,258403
1641,0.001649,172.31.46.0-255,66,146168,46,258403
1642,0.001653,74.125.200.0-255,1484,147652,46,258403
1643,0.001693,74.125.200.0-255,5738,153390,46,258403
1644,0.001696,172.31.46.0-255,66,153456,46,258403
1645,0.001708,172.31.46.0-255,66,153522,46,258403
1646,0.001723,172.31.46.0-255,66,153588,46,258403
1647,0.001774,74.125.200.0-255,1484,155072,46,258403
1648,0.001777,74.125.200.0-255,1484,156556,46,258403
1649,0.001782,172.31.46.0-255,66,156622,46,258403
1650,0.00179,74.125.200.0-255,1484,158106,46,258403
1651,0.001793,74.125.200.0-255,1484,159590,46,258403
1652,0.001795,172.31.46.0-255,66,159656,46,258403
1653,0.001822,74.125.200.0-255,4320,163976,46,258403
1654,0.001825,172.31.46.0-255,66,164042,46,258403
1655,0.00183,74.125.200.0-255,2902,166944,46,258403
1656,0.001832,172.31.46.0-255,66,167010,46,258403
1657,0.001841,74.125.200.0-255,4320,171330,46,258403
1658,0.001843,172.31.46.0-255,66,171396,46,258403
1659,0.001849,74.125.200.0-255,4320,175716,46,258403
1660,0.001865,172.31.46.0-255,66,175782,46,258403
1661,0.001897,74.125.200.0-255,4320,180102,46,258403
1662,0.001899,74.125.200.0-255,1484,181586,46,258403
1663,0.001903,74.125.200.0-255,2902,184488,46,258403
1664,0.001908,172.31.46.0-255,66,184554,46,258403
1665,0.001927,74.125.200.0-255,3602,188156,46,258403
1666,0.001942,172.31.46.0-255,66,188222,46,258403
1667,0.002005,74.125.200.0-255,1484,189706,46,258403
1668,0.002019,74.125.200.0-255,2902,192608,46,258403
1669,0.002039,74.125.200.0-255,5738,198346,46,258403
1670,0.002054,172.31.46.0-255,66,198412,46,258403
1671,0.002066,74.125.200.0-255,4320,202732,46,258403
1672,0.002107,172.31.46.0-255,66,202798,46,258403
1673,0.002116,74.125.200.0-255,2902,205700,46,258403
1674,0.002124,172.31.46.0-255,66,205766,46,258403
1675,0.002171,74.125.200.0-255,7156,212922,46,258403
1676,0.002183,172.31.46.0-255,66,212988,46,258403
1677,0.002192,74.125.200.0-255,2902,215890,46,258403
1678,0.002197,74.125.200.0-255,4320,220210,46,258403
1679,0.002202,172.31.46.0-255,66,220276,46,258403
1680,0.002222,74.125.200.0-255,7156,227432,46,258403
1681,0.002232,74.125.200.0-255,7156,234588,46,258403
1682,0.002297,74.125.200.0-255,7156,241744,46,258403
1683,0.002304,74.125.200.0-255,4320,246064,46,258403
1684,0.002322,74.125.200.0-255,2825,248889,46,258403
1685,0.002329,172.31.46.0-255,66,248955,46,258403
1686,0.004569,74.125.200.0-255,105,249060,46,258403
1687,0.004821,172.31.46.0-255,66,249126,46,258403
1688,0.004861,172.31.46.0-255,105,249231,46,258403
1689,0.007115,74.125.200.0-255,66,249297,46,258403
1690,0.037177,172.31.46.0-255,172,249469,46,258403
1691,0.037207,172.31.46.0-255,1114,250583,46,258403
1692,0.037267,172.31.46.0-255,1514,252097,46,258403
1693,0.037287,172.31.46.0-255,1514,253611,46,258403
1694,0.037289,172.31.46.0-255,1514,255125,46,258403
1695,0.037308,172.31.46.0-255,1514,256639,46,258403
1696,0.03731,172.31.46.0-255,1500,258139,46,258403
1697,0.038727,104.244.42.0-255,66,258205,46,258403
1698,0.038738,104.244.42.0-255,66,258271,46,258403
1699,0.038833,104.244.42.0-255,66,258337,46,258403
1700,0.038862,104.244.42.0-255,66,258403,46,258403
1701,0.0,172.217.194.0-255,153,153,46,272290
1702,2.4e-05,172.31.46.0-255,66,219,46,272290
1703,3.1e-05,172.217.194.0-255,1484,1703,46,272290
1704,3.7e-05,172.31.46.0-255,66,1769,46,272290
1705,4.2e-05,172.217.194.0-255,2902,4671,46,272290
1706,4.5e-05,172.31.46.0-255,66,4737,46,272290
1707,5.4e-05,172.217.194.0-255,7156,11893,46,272290
1708,5.7e-05,172.31.46.0-255,66,11959,46,272290
1709,7.8e-05,172.217.194.0-255,4320,16279,46,272290
1710,8e-05,172.31.46.0-255,66,16345,46,272290
1711,0.000104,172.217.194.0-255,6295,22640,46,272290
1712,0.000106,172.31.46.0-255,66,22706,46,272290
1713,0.000145,172.31.46.0-255,66,22772,46,272290
1714,0.000171,172.217.194.0-255,2902,25674,46,272290
1715,0.000173,172.31.46.0-255,66,25740,46,272290
1716,0.000193,172.217.194.0-255,5738,31478,46,272290
1717,0.000195,172.31.46.0-255,66,31544,46,272290
1718,0.000234,172.217.194.0-255,1484,33028,46,272290
1719,0.000237,172.31.46.0-255,66,33094,46,272290
1720,0.000259,172.217.194.0-255,6797,39891,46,272290
1721,0.000262,172.31.46.0-255,66,39957,46,272290
1722,0.000323,172.217.194.0-255,1484,41441,46,272290
1723,0.000325,172.31.46.0-255,66,41507,46,272290
1724,0.000331,172.217.194.0-255,2902,44409,46,272290
1725,0.000333,172.31.46.0-255,66,44475,46,272290
1726,0.00035,172.217.194.0-255,5738,50213,46,272290
1727,0.000352,172.31.46.0-255,66,50279,46,272290
1728,0.00038,172.217.194.0-255,7095,57374,46,272290
1729,0.000383,172.31.46.0-255,66,57440,46,272290
1730,0.000618,172.217.194.0-255,380,57820,46,272290
1731,0.000624,172.31.46.0-255,66,57886,46,272290
1732,0.000798,172.217.194.0-255,1484,59370,46,272290
1733,0.000803,172.31.46.0-255,66,59436,46,272290
1734,0.000808,172.217.194.0-255,2902,62338,46,272290
1735,0.000811,172.31.46.0-255,66,62404,46,272290
1736,0.000817,172.217.194.0-255,5738,68142,46,272290
1737,0.00082,172.31.46.0-255,66,68208,46,272290
1738,0.000845,172.217.194.0-255,6797,75005,46,272290
1739,0.000848,172.31.46.0-255,66,75071,46,272290
1740,0.000946,172.217.194.0-255,1484,76555,46,272290
1741,0.000949,172.31.46.0-255,66,76621,46,272290
1742,0.000954,172.217.194.0-255,1484,78105,46,272290
1743,0.000956,172.31.46.0-255,66,78171,46,272290
1744,0.000968,172.217.194.0-255,1484,79655,46,272290
1745,0.000971,172.217.194.0-255,1484,81139,46,272290
1746,0.000974,172.31.46.0-255,66,81205,46,272290
1747,0.000976,172.31.46.0-255,66,81271,46,272290
1748,0.001003,172.217.194.0-255,4320,85591,46,272290
1749,0.001006,172.31.46.0-255,66,85657,46,272290
1750,0.001014,172.217.194.0-255,6797,92454,46,272290
1751,0.001017,172.31.46.0-255,66,92520,46,272290
1752,0.001421,172.217.194.0-255,1484,94004,46,272290
1753,0.001426,172.31.46.0-255,66,94070,46,272290
1754,0.00143,172.217.194.0-255,1484,95554,46,272290
1755,0.001432,172.31.46.0-255,66,95620,46,272290
1756,0.001446,172.217.194.0-255,1484,97104,46,272290
1757,0.001448,172.31.46.0-255,66,97170,46,272290
1758,0.001455,172.217.194.0-255,5738,102908,46,272290
1759,0.001457,172.31.46.0-255,66,102974,46,272290
1760,0.001462,172.217.194.0-255,2902,105876,46,272290
1761,0.001464,172.31.46.0-255,66,105942,46,272290
1762,0.001502,172.31.46.0-255,66,106008,46,272290
1763,0.001509,172.217.194.0-255,5738,111746,46,272290
1764,0.001511,172.31.46.0-255,66,111812,46,272290
1765,0.001527,172.217.194.0-255,5020,116832,46,272290
1766,0.001529,172.31.46.0-255,66,116898,46,272290
1767,0.001581,172.217.194.0-255,1484,118382,46,272290
1768,0.001584,172.31.46.0-255,66,118448,46,272290
1769,0.001588,172.217.194.0-255,2902,121350,46,272290
1770,0.00159,172.31.46.0-255,66,121416,46,272290
1771,0.001593,172.217.194.0-255,1484,122900,46,272290
1772,0.001595,172.31.46.0-255,66,122966,46,272290
1773,0.001619,172.217.194.0-255,4320,127286,46,272290
1774,0.001621,172.31.46.0-255,66,127352,46,272290
1775,0.001632,172.31.46.0-255,66,127418,46,272290
1776,0.001651,172.217.194.0-255,4320,131738,46,272290
1777,0.001653,172.31.46.0-255,66,131804,46,272290
1778,0.001657,172.217.194.0-255,2902,134706,46,272290
1779,0.001659,172.31.46.0-255,66,134772,46,272290
1780,0.001683,172.217.194.0-255,1484,136256,46,272290
1781,0.001687,172.31.46.0-255,66,136322,46,272290
1782,0.001705,172.217.194.0-255,6438,142760,46,272290
1783,0.001707,172.31.46.0-255,66,142826,46,272290
1784,0.00171,172.217.194.0-255,1484,144310,46,272290
1785,0.001712,172.31.46.0-255,66,144376,46,272290
1786,0.001732,172.217.194.0-255,7156,151532,46,272290
1787,0.001735,172.31.46.0-255,66,151598,46,272290
1788,0.001753,172.217.194.0-255,5738,157336,46,272290
1789,0.001755,172.31.46.0-255,66,157402,46,272290
1790,0.001791,172.31.46.0-255,66,157468,46,272290
1791,0.001799,172.217.194.0-255,7156,164624,46,272290
1792,0.001801,172.31.46.0-255,66,164690,46,272290
1793,0.00182,172.217.194.0-255,2184,166874,46,272290
1794,0.001823,172.31.46.0-255,66,166940,46,272290
1795,0.001844,172.217.194.0-255,2902,169842,46,272290
1796,0.001846,172.31.46.0-255,66,169908,46,272290
1797,0.001871,172.217.194.0-255,7156,177064,46,272290
1798,0.001874,172.31.46.0-255,66,177130,46,272290
1799,0.001885,172.31.46.0-255,66,177196,46,272290
1800,0.001899,172.217.194.0-255,2902,180098,46,272290
1801,0.001901,172.31.46.0-255,66,180164,46,272290
1802,0.001912,172.31.46.0-255,66,180230,46,272290
1803,0.001964,172.217.194.0-255,3602,183832,46,272290
1804,0.001968,172.31.46.0-255,66,183898,46,272290
1805,0.001975,172.217.194.0-255,1484,185382,46,272290
1806,0.001977,172.31.46.0-255,66,185448,46,272290
1807,0.001997,172.217.194.0-255,2902,188350,46,272290
1808,0.002,172.31.46.0-255,66,188416,46,272290
1809,0.002006,172.217.194.0-255,5738,194154,46,272290
1810,0.002008,172.31.46.0-255,66,194220,46,272290
1811,0.002046,172.31.46.0-255,66,194286,46,272290
1812,0.002072,172.217.194.0-255,2902,197188,46,272290
1813,0.002074,172.31.46.0-255,66,197254,46,272290
1814,0.002087,172.31.46.0-255,66,197320,46,272290
1815,0.002093,172.217.194.0-255,5738,203058,46,272290
1816,0.002096,172.31.46.0-255,66,203124,46,272290
1817,0.002121,172.217.194.0-255,7156,210280,46,272290
1818,0.002124,172.31.46.0-255,66,210346,46,272290
1819,0.002151,172.217.194.0-255,5738,216084,46,272290
1820,0.002154,172.31.46.0-255,66,216150,46,272290
1821,0.002182,172.31.46.0-255,66,216216,46,272290
1822,0.002205,172.217.194.0-255,2902,219118,46,272290
1823,0.002208,172.31.46.0-255,66,219184,46,272290
1824,0.002228,172.217.194.0-255,3602,222786,46,272290
1825,0.002232,172.31.46.0-255,66,222852,46,272290
1826,0.002237,172.217.194.0-255,2902,225754,46,272290
1827,0.002239,172.31.46.0-255,66,225820,46,272290
1828,0.002273,172.217.194.0-255,4320,230140,46,272290
1829,0.002276,172.31.46.0-255,66,230206,46,272290
1830,0.002282,172.217.194.0-255,4320,234526,46,272290
1831,0.002284,172.31.46.0-255,66,234592,46,272290
1832,0.002325,172.31.46.0-255,66,234658,46,272290
1833,0.002356,172.217.194.0-255,2902,237560,46,272290
1834,0.002359,172.31.46.0-255,66,237626,46,272290
1835,0.00237,172.31.46.0-255,66,237692,46,272290
1836,0.002383,172.217.194.0-255,1484,239176,46,272290
1837,0.002421,172.217.194.0-255,7156,246332,46,272290
1838,0.002443,172.217.194.0-255,2184,248516,46,272290
1839,0.00246,172.217.194.0-255,5738,254254,46,272290
1840,0.002476,172.217.194.0-255,7156,261410,46,272290
1841,0.002493,172.217.194.0-255,1594,263004,46,272290
1842,0.009102,172.31.46.0-255,66,263070,46,272290
1843,0.011473,172.217.194.0-255,136,263206,46,272290
1844,0.011618,172.31.46.0-255,66,263272,46,272290
1845,0.011657,172.31.46.0-255,105,263377,46,272290
1846,0.014055,172.217.194.0-255,66,263443,46,272290
1847,0.039722,172.31.46.0-255,176,263619,46,272290
1848,0.039753,172.31.46.0-255,1118,264737,46,272290
1849,0.039819,172.31.46.0-255,1514,266251,46,272290
1850,0.039822,172.31.46.0-255,1514,267765,46,272290
1851,0.039823,172.31.46.0-255,1514,269279,46,272290
1852,0.039824,172.31.46.0-255,1514,270793,46,272290
1853,0.039826,172.31.46.0-255,1497,272290,46,272290
1854,0.0,74.125.200.0-255,153,153,46,307223
1855,1.9e-05,172.31.46.0-255,66,219,46,307223
1856,2.5e-05,74.125.200.0-255,1484,1703,46,307223
1857,2.9e-05,172.31.46.0-255,66,1769,46,307223
1858,3.2e-05,74.125.200.0-255,1484,3253,46,307223
1859,4.4e-05,172.31.46.0-255,66,3319,46,307223
1860,5.1e-05,74.125.200.0-255,2902,6221,46,307223
1861,5.4e-05,172.31.46.0-255,66,6287,46,307223
1862,6e-05,74.125.200.0-255,5738,12025,46,307223
1863,6.4e-05,172.31.46.0-255,66,12091,46,307223
1864,6.7e-05,74.125.200.0-255,1484,13575,46,307223
1865,7e-05,172.31.46.0-255,66,13641,46,307223
1866,0.000105,74.125.200.0-255,5001,18642,46,307223
1867,0.000109,172.31.46.0-255,66,18708,46,307223
1868,0.000116,74.125.200.0-255,7156,25864,46,307223
1869,0.000118,172.31.46.0-255,66,25930,46,307223
1870,0.00015,74.125.200.0-255,5379,31309,46,307223
1871,0.000152,172.31.46.0-255,66,31375,46,307223
1872,0.000232,74.125.200.0-255,1484,32859,46,307223
1873,0.000235,172.31.46.0-255,66,32925,46,307223
1874,0.00024,74.125.200.0-255,2902,35827,46,307223
1875,0.000242,172.31.46.0-255,66,35893,46,307223
1876,0.000265,74.125.200.0-255,5738,41631,46,307223
1877,0.000268,172.31.46.0-255,66,41697,46,307223
1878,0.000276,74.125.200.0-255,2902,44599,46,307223
1879,0.000278,172.31.46.0-255,66,44665,46,307223
1880,0.000283,74.125.200.0-255,3961,48626,46,307223
1881,0.000285,172.31.46.0-255,66,48692,46,307223
1882,0.000314,74.125.200.0-255,2902,51594,46,307223
1883,0.000316,172.31.46.0-255,66,51660,46,307223
1884,0.000345,74.125.200.0-255,5738,57398,46,307223
1885,0.000348,172.31.46.0-255,66,57464,46,307223
1886,0.0004,74.125.200.0-255,2902,60366,46,307223
1887,0.000402,172.31.46.0-255,66,60432,46,307223
1888,0.000429,74.125.200.0-255,5651,66083,46,307223
1889,0.000432,172.31.46.0-255,66,66149,46,307223
1890,0.000473,74.125.200.0-255,130,66279,46,307223
1891,0.000595,74.125.200.0-255,1484,67763,46,307223
1892,0.0006,172.31.46.0-255,66,67829,46,307223
1893,0.000621,74.125.200.0-255,2902,70731,46,307223
1894,0.000624,172.31.46.0-255,66,70797,46,307223
1895,0.000627,74.125.200.0-255,1484,72281,46,307223
1896,0.000649,74.125.200.0-255,2902,75183,46,307223
1897,0.000652,172.31.46.0-255,66,75249,46,307223
1898,0.000687,172.31.46.0-255,66,75315,46,307223
1899,0.000709,74.125.200.0-255,4320,79635,46,307223
1900,0.000712,172.31.46.0-255,66,79701,46,307223
1901,0.00074,74.125.200.0-255,5738,85439,46,307223
1902,0.000742,172.31.46.0-255,66,85505,46,307223
1903,0.000746,74.125.200.0-255,1484,86989,46,307223
1904,0.00075,74.125.200.0-255,2902,89891,46,307223
1905,0.000753,172.31.46.0-255,66,89957,46,307223
1906,0.00078,74.125.200.0-255,1408,91365,46,307223
1907,0.000891,74.125.200.0-255,1484,92849,46,307223
1908,0.000896,172.31.46.0-255,66,92915,46,307223
1909,0.000923,74.125.200.0-255,1484,94399,46,307223
1910,0.000936,74.125.200.0-255,2902,97301,46,307223
1911,0.000938,172.31.46.0-255,66,97367,46,307223
1912,0.000941,74.125.200.0-255,1484,98851,46,307223
1913,0.000966,74.125.200.0-255,4320,103171,46,307223
1914,0.000969,172.31.46.0-255,66,103237,46,307223
1915,0.001006,172.31.46.0-255,66,103303,46,307223
1916,0.001038,74.125.200.0-255,5738,109041,46,307223
1917,0.001042,172.31.46.0-255,66,109107,46,307223
1918,0.001062,74.125.200.0-255,6438,115545,46,307223
1919,0.001065,172.31.46.0-255,66,115611,46,307223
1920,0.001115,74.125.200.0-255,1484,117095,46,307223
1921,0.001119,74.125.200.0-255,1484,118579,46,307223
1922,0.001122,172.31.46.0-255,66,118645,46,307223
1923,0.001147,74.125.200.0-255,1484,120129,46,307223
1924,0.001153,74.125.200.0-255,5738,125867,46,307223
1925,0.001158,172.31.46.0-255,66,125933,46,307223
1926,0.001205,172.31.46.0-255,66,125999,46,307223
1927,0.001211,74.125.200.0-255,5738,131737,46,307223
1928,0.001213,172.31.46.0-255,66,131803,46,307223
1929,0.001252,74.125.200.0-255,5020,136823,46,307223
1930,0.001255,172.31.46.0-255,66,136889,46,307223
1931,0.001435,74.125.200.0-255,1484,138373,46,307223
1932,0.001454,74.125.200.0-255,2902,141275,46,307223
1933,0.001458,172.31.46.0-255,66,141341,46,307223
1934,0.001461,74.125.200.0-255,1484,142825,46,307223
1935,0.001492,74.125.200.0-255,4320,147145,46,307223
1936,0.001494,172.31.46.0-255,66,147211,46,307223
1937,0.001501,74.125.200.0-255,5738,152949,46,307223
1938,0.001503,172.31.46.0-255,66,153015,46,307223
1939,0.00151,74.125.200.0-255,7156,160171,46,307223
1940,0.001512,172.31.46.0-255,66,160237,46,307223
1941,0.001556,74.125.200.0-255,2184,162421,46,307223
1942,0.001559,172.31.46.0-255,66,162487,46,307223
1943,0.001564,172.31.46.0-255,66,162553,46,307223
1944,0.001654,74.125.200.0-255,1484,164037,46,307223
1945,0.001671,74.125.200.0-255,2902,166939,46,307223
1946,0.001676,74.125.200.0-255,2902,169841,46,307223
1947,0.001705,74.125.200.0-255,2902,172743,46,307223
1948,0.00171,74.125.200.0-255,2902,175645,46,307223
1949,0.001713,74.125.200.0-255,1484,177129,46,307223
1950,0.00172,172.31.46.0-255,66,177195,46,307223
1951,0.001764,74.125.200.0-255,766,177961,46,307223
1952,0.001783,172.31.46.0-255,66,178027,46,307223
1953,0.003257,74.125.200.0-255,1484,179511,46,307223
1954,0.003266,74.125.200.0-255,2902,182413,46,307223
1955,0.003271,172.31.46.0-255,66,182479,46,307223
1956,0.003275,74.125.200.0-255,1484,183963,46,307223
1957,0.003333,172.31.46.0-255,66,184029,46,307223
1958,0.003341,74.125.200.0-255,2902,186931,46,307223
1959,0.003343,172.31.46.0-255,66,186997,46,307223
1960,0.003356,74.125.200.0-255,7156,194153,46,307223
1961,0.003358,172.31.46.0-255,66,194219,46,307223
1962,0.003362,74.125.200.0-255,2902,197121,46,307223
1963,0.003365,172.31.46.0-255,66,197187,46,307223
1964,0.003392,74.125.200.0-255,2902,200089,46,307223
1965,0.003395,172.31.46.0-255,66,200155,46,307223
1966,0.003399,74.125.200.0-255,2902,203057,46,307223
1967,0.003401,172.31.46.0-255,66,203123,46,307223
1968,0.003405,74.125.200.0-255,766,203889,46,307223
1969,0.003794,74.125.200.0-255,1484,205373,46,307223
1970,0.003801,172.31.46.0-255,66,205439,46,307223
1971,0.003806,74.125.200.0-255,1484,206923,46,307223
1972,0.003827,74.125.200.0-255,1484,208407,46,307223
1973,0.00383,172.31.46.0-255,66,208473,46,307223
1974,0.003838,74.125.200.0-255,5738,214211,46,307223
1975,0.00384,172.31.46.0-255,66,214277,46,307223
1976,0.003846,74.125.200.0-255,4320,218597,46,307223
1977,0.003848,172.31.46.0-255,66,218663,46,307223
1978,0.003871,74.125.200.0-255,4320,222983,46,307223
1979,0.003873,172.31.46.0-255,66,223049,46,307223
1980,0.003903,74.125.200.0-255,7156,230205,46,307223
1981,0.003905,172.31.46.0-255,66,230271,46,307223
1982,0.003911,74.125.200.0-255,4320,234591,46,307223
1983,0.003913,172.31.46.0-255,66,234657,46,307223
1984,0.00394,74.125.200.0-255,3602,238259,46,307223
1985,0.003942,172.31.46.0-255,66,238325,46,307223
1986,0.003945,74.125.200.0-255,1484,239809,46,307223
1987,0.003948,74.125.200.0-255,1484,241293,46,307223
1988,0.00395,172.31.46.0-255,66,241359,46,307223
1989,0.003955,74.125.200.0-255,2902,244261,46,307223
1990,0.003957,172.31.46.0-255,66,244327,46,307223
1991,0.003964,74.125.200.0-255,5738,250065,46,307223
1992,0.003966,172.31.46.0-255,66,250131,46,307223
1993,0.003971,74.125.200.0-255,4320,254451,46,307223
1994,0.003974,172.31.46.0-255,66,254517,46,307223
1995,0.003977,74.125.200.0-255,1484,256001,46,307223
1996,0.004004,74.125.200.0-255,4320,260321,46,307223
1997,0.004006,172.31.46.0-255,66,260387,46,307223
1998,0.004014,74.125.200.0-255,7156,267543,46,307223
1999,0.004016,172.31.46.0-255,66,267609,46,307223
2000,0.004045,74.125.200.0-255,4320,271929,46,307223
2001,0.004047,172.31.46.0-255,66,271995,46,307223
2002,0.00405,74.125.200.0-255,766,272761,46,307223
2003,0.004074,74.125.200.0-255,1484,274245,46,307223
2004,0.004076,172.31.46.0-255,66,274311,46,307223
2005,0.00408,74.125.200.0-255,1484,275795,46,307223
2006,0.004097,74.125.200.0-255,1484,277279,46,307223
2007,0.0041,172.31.46.0-255,66,277345,46,307223
2008,0.004131,74.125.200.0-255,5738,283083,46,307223
2009,0.004134,172.31.46.0-255,66,283149,46,307223
2010,0.004138,74.125.200.0-255,2902,286051,46,307223
2011,0.00414,172.31.46.0-255,66,286117,46,307223
2012,0.004161,74.125.200.0-255,4320,290437,46,307223
2013,0.004163,172.31.46.0-255,66,290503,46,307223
2014,0.004193,172.31.46.0-255,66,290569,46,307223
2015,0.004241,172.31.46.0-255,66,290635,46,307223
2016,0.004275,74.125.200.0-255,4320,294955,46,307223
2017,0.004277,172.31.46.0-255,66,295021,46,307223
2018,0.0043,74.125.200.0-255,2756,297777,46,307223
2019,0.004303,172.31.46.0-255,66,297843,46,307223
2020,0.004325,74.125.200.0-255,105,297948,46,307223
2021,0.010504,172.31.46.0-255,66,298014,46,307223
2022,0.010537,172.31.46.0-255,105,298119,46,307223
2023,0.012864,74.125.200.0-255,66,298185,46,307223
2024,0.034088,172.31.46.0-255,172,298357,46,307223
2025,0.034123,172.31.46.0-255,1119,299476,46,307223
2026,0.034199,172.31.46.0-255,1514,300990,46,307223
2027,0.034201,172.31.46.0-255,1514,302504,46,307223
2028,0.034207,172.31.46.0-255,1514,304018,46,307223
2029,0.034208,172.31.46.0-255,1514,305532,46,307223
2030,0.034233,172.31.46.0-255,1493,307025,46,307223
2031,0.035631,104.244.42.0-255,66,307091,46,307223
2032,0.035663,104.244.42.0-255,66,307157,46,307223
2033,0.035786,104.244.42.0-255,66,307223,46,307223
2034,0.0,172.217.194.0-255,146,146,46,213271
2035,2.9e-05,172.31.46.0-255,66,212,46,213271
2036,3.6e-05,172.217.194.0-255,1484,1696,46,213271
2037,4e-05,172.31.46.0-255,66,1762,46,213271
2038,4.6e-05,172.217.194.0-255,2902,4664,46,213271
2039,5.1e-05,172.31.46.0-255,66,4730,46,213271
2040,5.9e-05,172.217.194.0-255,7156,11886,46,213271
2041,6.2e-05,172.31.46.0-255,66,11952,46,213271
2042,6.8e-05,172.217.194.0-255,4964,16916,46,213271
2043,7.2e-05,172.31.46.0-255,66,16982,46,213271
2044,7.8e-05,172.217.194.0-255,4320,21302,46,213271
2045,8e-05,172.31.46.0-255,66,21368,46,213271
2046,0.000112,172.31.46.0-255,66,21434,46,213271
2047,0.000162,172.217.194.0-255,1484,22918,46,213271
2048,0.000164,172.31.46.0-255,66,22984,46,213271
2049,0.000168,172.217.194.0-255,2902,25886,46,213271
2050,0.000171,172.31.46.0-255,66,25952,46,213271
2051,0.000191,172.217.194.0-255,4320,30272,46,213271
2052,0.000194,172.31.46.0-255,66,30338,46,213271
2053,0.000214,172.217.194.0-255,1484,31822,46,213271
2054,0.000216,172.31.46.0-255,66,31888,46,213271
2055,0.000221,172.217.194.0-255,4320,36208,46,213271
2056,0.000223,172.31.46.0-255,66,36274,46,213271
2057,0.000239,172.217.194.0-255,2902,39176,46,213271
2058,0.000241,172.31.46.0-255,66,39242,46,213271
2059,0.00027,172.31.46.0-255,66,39308,46,213271
2060,0.000278,172.217.194.0-255,7049,46357,46,213271
2061,0.00028,172.31.46.0-255,66,46423,46,213271
2062,0.000314,172.217.194.0-255,119,46542,46,213271
2063,0.000317,172.31.46.0-255,66,46608,46,213271
2064,0.000346,172.217.194.0-255,380,46988,46,213271
2065,0.000529,172.217.194.0-255,1484,48472,46,213271
2066,0.000534,172.31.46.0-255,66,48538,46,213271
2067,0.000539,172.217.194.0-255,2902,51440,46,213271
2068,0.000542,172.31.46.0-255,66,51506,46,213271
2069,0.000545,172.217.194.0-255,1484,52990,46,213271
2070,0.00057,172.217.194.0-255,4320,57310,46,213271
2071,0.000573,172.31.46.0-255,66,57376,46,213271
2072,0.000581,172.217.194.0-255,7156,64532,46,213271
2073,0.000584,172.31.46.0-255,66,64598,46,213271
2074,0.000617,172.217.194.0-255,2902,67500,46,213271
2075,0.000619,172.31.46.0-255,66,67566,46,213271
2076,0.000645,172.31.46.0-255,66,67632,46,213271
2077,0.000648,172.217.194.0-255,2184,69816,46,213271
2078,0.00065,172.31.46.0-255,66,69882,46,213271
2079,0.000711,172.217.194.0-255,1484,71366,46,213271
2080,0.000727,172.217.194.0-255,2902,74268,46,213271
2081,0.00073,172.31.46.0-255,66,74334,46,213271
2082,0.000737,172.217.194.0-255,5738,80072,46,213271
2083,0.000739,172.31.46.0-255,66,80138,46,213271
2084,0.000771,172.31.46.0-255,66,80204,46,213271
2085,0.00079,172.217.194.0-255,1484,81688,46,213271
2086,0.000803,172.31.46.0-255,66,81754,46,213271
2087,0.000807,172.217.194.0-255,2184,83938,46,213271
2088,0.000809,172.31.46.0-255,66,84004,46,213271
2089,0.000919,172.217.194.0-255,1484,85488,46,213271
2090,0.000925,172.217.194.0-255,2902,88390,46,213271
2091,0.000929,172.31.46.0-255,66,88456,46,213271
2092,0.000948,172.217.194.0-255,1484,89940,46,213271
2093,0.000968,172.217.194.0-255,4320,94260,46,213271
2094,0.000971,172.31.46.0-255,66,94326,46,213271
2095,0.000984,172.31.46.0-255,66,94392,46,213271
2096,0.000991,172.217.194.0-255,5738,100130,46,213271
2097,0.000994,172.31.46.0-255,66,100196,46,213271
2098,0.001017,172.217.194.0-255,4320,104516,46,213271
2099,0.001019,172.31.46.0-255,66,104582,46,213271
2100,0.001023,172.217.194.0-255,766,105348,46,213271
2101,0.001075,172.217.194.0-255,1484,106832,46,213271
2102,0.001079,172.31.46.0-255,66,106898,46,213271
2103,0.001083,172.217.194.0-255,1484,108382,46,213271
2104,0.001098,172.217.194.0-255,1484,109866,46,213271
2105,0.001101,172.31.46.0-255,66,109932,46,213271
2106,0.001108,172.217.194.0-255,5738,115670,46,213271
2107,0.001111,172.31.46.0-255,66,115736,46,213271
2108,0.001117,172.217.194.0-255,5738,121474,46,213271
2109,0.001119,172.31.46.0-255,66,121540,46,213271
2110,0.001154,172.217.194.0-255,7156,128696,46,213271
2111,0.001157,172.31.46.0-255,66,128762,46,213271
2112,0.00117,172.31.46.0-255,66,128828,46,213271
2113,0.002059,172.217.194.0-255,1484,130312,46,213271
2114,0.002066,172.217.194.0-255,2902,133214,46,213271
2115,0.002069,172.31.46.0-255,66,133280,46,213271
2116,0.002074,172.217.194.0-255,1484,134764,46,213271
2117,0.002092,172.217.194.0-255,4320,139084,46,213271
2118,0.002094,172.31.46.0-255,66,139150,46,213271
2119,0.002128,172.31.46.0-255,66,139216,46,213271
2120,0.00214,172.217.194.0-255,2902,142118,46,213271
2121,0.002142,172.31.46.0-255,66,142184,46,213271
2122,0.002168,172.31.46.0-255,66,142250,46,213271
2123,0.002212,172.217.194.0-255,1484,143734,46,213271
2124,0.002218,172.217.194.0-255,2902,146636,46,213271
2125,0.002221,172.31.46.0-255,66,146702,46,213271
2126,0.002228,172.217.194.0-255,5738,152440,46,213271
2127,0.00223,172.31.46.0-255,66,152506,46,213271
2128,0.002233,172.217.194.0-255,1484,153990,46,213271
2129,0.00227,172.31.46.0-255,66,154056,46,213271
2130,0.002313,172.217.194.0-255,1484,155540,46,213271
2131,0.002349,172.31.46.0-255,66,155606,46,213271
2132,0.002381,172.217.194.0-255,2902,158508,46,213271
2133,0.002383,172.31.46.0-255,66,158574,46,213271
2134,0.002419,172.31.46.0-255,66,158640,46,213271
2135,0.002435,172.31.46.0-255,66,158706,46,213271
2136,0.002442,172.217.194.0-255,6438,165144,46,213271
2137,0.002445,172.31.46.0-255,66,165210,46,213271
2138,0.002452,172.217.194.0-255,7156,172366,46,213271
2139,0.002454,172.31.46.0-255,66,172432,46,213271
2140,0.002458,172.217.194.0-255,2902,175334,46,213271
2141,0.00246,172.31.46.0-255,66,175400,46,213271
2142,0.002486,172.217.194.0-255,5738,181138,46,213271
2143,0.002489,172.31.46.0-255,66,181204,46,213271
2144,0.002496,172.217.194.0-255,5738,186942,46,213271
2145,0.002498,172.31.46.0-255,66,187008,46,213271
2146,0.002534,172.31.46.0-255,66,187074,46,213271
2147,0.002537,172.217.194.0-255,766,187840,46,213271
2148,0.002558,172.217.194.0-255,1484,189324,46,213271
2149,0.00256,172.31.46.0-255,66,189390,46,213271
2150,0.002587,172.31.46.0-255,66,189456,46,213271
2151,0.002589,172.217.194.0-255,1484,190940,46,213271
2152,0.002596,172.217.194.0-255,5738,196678,46,213271
2153,0.002599,172.31.46.0-255,66,196744,46,213271
2154,0.002628,172.31.46.0-255,66,196810,46,213271
2155,0.002635,172.217.194.0-255,6438,203248,46,213271
2156,0.002637,172.31.46.0-255,66,203314,46,213271
2157,0.002652,172.217.194.0-255,2902,206216,46,213271
2158,0.002655,172.31.46.0-255,66,206282,46,213271
2159,0.002668,172.217.194.0-255,4636,210918,46,213271
2160,0.00267,172.31.46.0-255,66,210984,46,213271
2161,0.002691,172.217.194.0-255,105,211089,46,213271
2162,0.009525,172.31.46.0-255,66,211155,46,213271
2163,0.009563,172.31.46.0-255,105,211260,46,213271
2164,0.01204,172.217.194.0-255,66,211326,46,213271
2165,0.039837,172.31.46.0-255,272,211598,46,213271
2166,0.039864,172.31.46.0-255,1119,212717,46,213271
2167,0.039922,172.31.46.0-255,554,213271,46,213271
2168,0.0,74.125.24.0-255,146,146,46,196703
2169,1.5e-05,172.31.46.0-255,66,212,46,196703
2170,2.2e-05,74.125.24.0-255,1484,1696,46,196703
2171,2.6e-05,172.31.46.0-255,66,1762,46,196703
2172,3.1e-05,74.125.24.0-255,2902,4664,46,196703
2173,4.4e-05,172.31.46.0-255,66,4730,46,196703
2174,5.3e-05,74.125.24.0-255,7156,11886,46,196703
2175,5.6e-05,172.31.46.0-255,66,11952,46,196703
2176,0.000168,74.125.24.0-255,2022,13974,46,196703
2177,0.000172,172.31.46.0-255,66,14040,46,196703
2178,0.000201,74.125.24.0-255,2902,16942,46,196703
2179,0.000204,172.31.46.0-255,66,17008,46,196703
2180,0.000233,74.125.24.0-255,2902,19910,46,196703
2181,0.000235,172.31.46.0-255,66,19976,46,196703
2182,0.000263,74.125.24.0-255,4320,24296,46,196703
2183,0.000266,172.31.46.0-255,66,24362,46,196703
2184,0.000353,74.125.24.0-255,6797,31159,46,196703
2185,0.000356,172.31.46.0-255,66,31225,46,196703
2186,0.000457,74.125.24.0-255,4320,35545,46,196703
2187,0.000462,172.31.46.0-255,66,35611,46,196703
2188,0.000481,74.125.24.0-255,2902,38513,46,196703
2189,0.000484,172.31.46.0-255,66,38579,46,196703
2190,0.000568,74.125.24.0-255,2902,41481,46,196703
2191,0.000572,172.31.46.0-255,66,41547,46,196703
2192,0.000603,74.125.24.0-255,6797,48344,46,196703
2193,0.000607,172.31.46.0-255,66,48410,46,196703
2194,0.000727,74.125.24.0-255,1484,49894,46,196703
2195,0.000731,172.31.46.0-255,66,49960,46,196703
2196,0.00075,74.125.24.0-255,2902,52862,46,196703
2197,0.000753,172.31.46.0-255,66,52928,46,196703
2198,0.000777,74.125.24.0-255,1484,54412,46,196703
2199,0.000779,172.31.46.0-255,66,54478,46,196703
2200,0.000798,74.125.24.0-255,4320,58798,46,196703
2201,0.000809,172.31.46.0-255,66,58864,46,196703
2202,0.000873,74.125.24.0-255,5738,64602,46,196703
2203,0.000889,74.125.24.0-255,1125,65727,46,196703
2204,0.000898,172.31.46.0-255,66,65793,46,196703
2205,0.000979,74.125.24.0-255,2902,68695,46,196703
2206,0.000989,172.31.46.0-255,66,68761,46,196703
2207,0.000999,74.125.24.0-255,4320,73081,46,196703
2208,0.001003,172.31.46.0-255,66,73147,46,196703
2209,0.001084,74.125.24.0-255,4320,77467,46,196703
2210,0.001088,172.31.46.0-255,66,77533,46,196703
2211,0.001119,74.125.24.0-255,5959,83492,46,196703
2212,0.00113,172.31.46.0-255,66,83558,46,196703
2213,0.001249,74.125.24.0-255,4320,87878,46,196703
2214,0.001279,172.31.46.0-255,66,87944,46,196703
2215,0.001284,172.31.46.0-255,66,88010,46,196703
2216,0.001505,74.125.24.0-255,1484,89494,46,196703
2217,0.001531,74.125.24.0-255,2902,92396,46,196703
2218,0.001535,172.31.46.0-255,66,92462,46,196703
2219,0.001561,74.125.24.0-255,2902,95364,46,196703
2220,0.00158,74.125.24.0-255,2902,98266,46,196703
2221,0.001582,172.31.46.0-255,66,98332,46,196703
2222,0.001587,172.31.46.0-255,66,98398,46,196703
2223,0.001653,74.125.24.0-255,1484,99882,46,196703
2224,0.001692,172.31.46.0-255,66,99948,46,196703
2225,0.001849,172.31.46.0-255,66,100014,46,196703
2226,0.002031,74.125.24.0-255,5738,105752,46,196703
2227,0.002035,172.31.46.0-255,66,105818,46,196703
2228,0.002069,74.125.24.0-255,7156,112974,46,196703
2229,0.002072,172.31.46.0-255,66,113040,46,196703
2230,0.002225,74.125.24.0-255,7156,120196,46,196703
2231,0.00223,172.31.46.0-255,66,120262,46,196703
2232,0.002307,172.31.46.0-255,66,120328,46,196703
2233,0.002543,74.125.24.0-255,1484,121812,46,196703
2234,0.002566,74.125.24.0-255,2902,124714,46,196703
2235,0.00257,172.31.46.0-255,66,124780,46,196703
2236,0.002599,74.125.24.0-255,5738,130518,46,196703
2237,0.002602,172.31.46.0-255,66,130584,46,196703
2238,0.002698,74.125.24.0-255,1484,132068,46,196703
2239,0.002819,74.125.24.0-255,3602,135670,46,196703
2240,0.00298,74.125.24.0-255,1484,137154,46,196703
2241,0.003003,74.125.24.0-255,2902,140056,46,196703
2242,0.003006,74.125.24.0-255,1484,141540,46,196703
2243,0.003023,74.125.24.0-255,4320,145860,46,196703
2244,0.003247,74.125.24.0-255,5738,151598,46,196703
2245,0.003268,74.125.24.0-255,2902,154500,46,196703
2246,0.003349,74.125.24.0-255,2184,156684,46,196703
2247,0.003384,74.125.24.0-255,4320,161004,46,196703
2248,0.003431,74.125.24.0-255,5738,166742,46,196703
2249,0.003656,74.125.24.0-255,1484,168226,46,196703
2250,0.004147,74.125.24.0-255,6438,174664,46,196703
2251,0.004212,74.125.24.0-255,7156,181820,46,196703
2252,0.004431,74.125.24.0-255,4320,186140,46,196703
2253,0.004631,74.125.24.0-255,4320,190460,46,196703
2254,0.005198,74.125.24.0-255,2731,193191,46,196703
2255,0.007452,172.31.46.0-255,66,193257,46,196703
2256,0.00919,172.31.46.0-255,105,193362,46,196703
2257,0.011533,74.125.24.0-255,66,193428,46,196703
2258,0.035861,172.31.46.0-255,172,193600,46,196703
2259,0.035909,172.31.46.0-255,1119,194719,46,196703
2260,0.035975,172.31.46.0-255,1514,196233,46,196703
2261,0.035976,172.31.46.0-255,404,196637,46,196703
2262,0.038331,104.244.42.0-255,66,196703,46,196703
2263,0.0,74.125.24.0-255,146,146,46,227681
2264,2.5e-05,172.31.46.0-255,66,212,46,227681
2265,3.2e-05,74.125.24.0-255,1484,1696,46,227681
2266,3.7e-05,172.31.46.0-255,66,1762,46,227681
2267,5.1e-05,74.125.24.0-255,2902,4664,46,227681
2268,5.4e-05,172.31.46.0-255,66,4730,46,227681
2269,6.1e-05,74.125.24.0-255,4320,9050,46,227681
2270,6.3e-05,172.31.46.0-255,66,9116,46,227681
2271,6.9e-05,74.125.24.0-255,4906,14022,46,227681
2272,7.3e-05,172.31.46.0-255,66,14088,46,227681
2273,0.000136,74.125.24.0-255,1484,15572,46,227681
2274,0.000139,172.31.46.0-255,66,15638,46,227681
2275,0.000166,74.125.24.0-255,2902,18540,46,227681
2276,0.000169,172.31.46.0-255,66,18606,46,227681
2277,0.000175,74.125.24.0-255,5738,24344,46,227681
2278,0.000177,172.31.46.0-255,66,24410,46,227681
2279,0.000209,74.125.24.0-255,4320,28730,46,227681
2280,0.000212,172.31.46.0-255,66,28796,46,227681
2281,0.000234,74.125.24.0-255,2543,31339,46,227681
2282,0.000236,172.31.46.0-255,66,31405,46,227681
2283,0.000244,74.125.24.0-255,7156,38561,46,227681
2284,0.000246,172.31.46.0-255,66,38627,46,227681
2285,0.000282,74.125.24.0-255,7156,45783,46,227681
2286,0.000285,172.31.46.0-255,66,45849,46,227681
2287,0.000311,74.125.24.0-255,2543,48392,46,227681
2288,0.000314,172.31.46.0-255,66,48458,46,227681
2289,0.000398,74.125.24.0-255,1484,49942,46,227681
2290,0.000401,172.31.46.0-255,66,50008,46,227681
2291,0.000433,74.125.24.0-255,2902,52910,46,227681
2292,0.000436,172.31.46.0-255,66,52976,46,227681
2293,0.000442,74.125.24.0-255,5738,58714,46,227681
2294,0.000445,172.31.46.0-255,66,58780,46,227681
2295,0.000479,74.125.24.0-255,6797,65577,46,227681
2296,0.000482,172.31.46.0-255,66,65643,46,227681
2297,0.000521,74.125.24.0-255,1484,67127,46,227681
2298,0.000537,74.125.24.0-255,2902,70029,46,227681
2299,0.00054,172.31.46.0-255,66,70095,46,227681
2300,0.000543,74.125.24.0-255,1484,71579,46,227681
2301,0.000567,74.125.24.0-255,4320,75899,46,227681
2302,0.00057,172.31.46.0-255,66,75965,46,227681
2303,0.000574,74.125.24.0-255,2902,78867,46,227681
2304,0.000576,172.31.46.0-255,66,78933,46,227681
2305,0.000622,74.125.24.0-255,3961,82894,46,227681
2306,0.000625,172.31.46.0-255,66,82960,46,227681
2307,0.00069,74.125.24.0-255,1484,84444,46,227681
2308,0.000703,74.125.24.0-255,2902,87346,46,227681
2309,0.000705,172.31.46.0-255,66,87412,46,227681
2310,0.000736,74.125.24.0-255,2902,90314,46,227681
2311,0.00074,172.31.46.0-255,66,90380,46,227681
2312,0.000748,74.125.24.0-255,7156,97536,46,227681
2313,0.00075,172.31.46.0-255,66,97602,46,227681
2314,0.000788,172.31.46.0-255,66,97668,46,227681
2315,0.000799,172.31.46.0-255,66,97734,46,227681
2316,0.000821,74.125.24.0-255,2429,100163,46,227681
2317,0.000823,172.31.46.0-255,66,100229,46,227681
2318,0.000894,74.125.24.0-255,211,100440,46,227681
2319,0.000937,74.125.24.0-255,1484,101924,46,227681
2320,0.00094,172.31.46.0-255,66,101990,46,227681
2321,0.000947,74.125.24.0-255,4320,106310,46,227681
2322,0.00095,172.31.46.0-255,66,106376,46,227681
2323,0.000992,74.125.24.0-255,5738,112114,46,227681
2324,0.000995,172.31.46.0-255,66,112180,46,227681
2325,0.001017,74.125.24.0-255,2902,115082,46,227681
2326,0.001019,172.31.46.0-255,66,115148,46,227681
2327,0.001025,74.125.24.0-255,4320,119468,46,227681
2328,0.001027,172.31.46.0-255,66,119534,46,227681
2329,0.001042,172.31.46.0-255,66,119600,46,227681
2330,0.001045,74.125.24.0-255,766,120366,46,227681
2331,0.001447,74.125.24.0-255,1484,121850,46,227681
2332,0.001452,172.31.46.0-255,66,121916,46,227681
2333,0.001458,74.125.24.0-255,2902,124818,46,227681
2334,0.00146,172.31.46.0-255,66,124884,46,227681
2335,0.001465,74.125.24.0-255,2902,127786,46,227681
2336,0.001467,172.31.46.0-255,66,127852,46,227681
2337,0.001505,74.125.24.0-255,2902,130754,46,227681
2338,0.001508,172.31.46.0-255,66,130820,46,227681
2339,0.001514,74.125.24.0-255,4320,135140,46,227681
2340,0.001516,172.31.46.0-255,66,135206,46,227681
2341,0.001529,172.31.46.0-255,66,135272,46,227681
2342,0.00157,172.31.46.0-255,66,135338,46,227681
2343,0.001859,74.125.24.0-255,1484,136822,46,227681
2344,0.001889,74.125.24.0-255,2902,139724,46,227681
2345,0.001894,172.31.46.0-255,66,139790,46,227681
2346,0.0019,74.125.24.0-255,4320,144110,46,227681
2347,0.001902,172.31.46.0-255,66,144176,46,227681
2348,0.001943,172.31.46.0-255,66,144242,46,227681
2349,0.00195,74.125.24.0-255,5738,149980,46,227681
2350,0.001952,172.31.46.0-255,66,150046,46,227681
2351,0.002008,172.31.46.0-255,66,150112,46,227681
2352,0.002032,74.125.24.0-255,766,150878,46,227681
2353,0.00211,74.125.24.0-255,1484,152362,46,227681
2354,0.002116,172.31.46.0-255,66,152428,46,227681
2355,0.002134,74.125.24.0-255,2902,155330,46,227681
2356,0.002136,172.31.46.0-255,66,155396,46,227681
2357,0.002142,74.125.24.0-255,4320,159716,46,227681
2358,0.002144,172.31.46.0-255,66,159782,46,227681
2359,0.002192,172.31.46.0-255,66,159848,46,227681
2360,0.002232,172.31.46.0-255,66,159914,46,227681
2361,0.002242,74.125.24.0-255,1484,161398,46,227681
2362,0.002277,172.31.46.0-255,66,161464,46,227681
2363,0.002293,172.31.46.0-255,66,161530,46,227681
2364,0.002296,74.125.24.0-255,1484,163014,46,227681
2365,0.002346,172.31.46.0-255,66,163080,46,227681
2366,0.002349,74.125.24.0-255,766,163846,46,227681
2367,0.002371,74.125.24.0-255,1484,165330,46,227681
2368,0.002374,172.31.46.0-255,66,165396,46,227681
2369,0.002378,74.125.24.0-255,2902,168298,46,227681
2370,0.002382,172.31.46.0-255,66,168364,46,227681
2371,0.002405,74.125.24.0-255,1484,169848,46,227681
2372,0.002411,74.125.24.0-255,4320,174168,46,227681
2373,0.002414,172.31.46.0-255,66,174234,46,227681
2374,0.002419,74.125.24.0-255,4320,178554,46,227681
2375,0.002421,172.31.46.0-255,66,178620,46,227681
2376,0.002462,172.31.46.0-255,66,178686,46,227681
2377,0.002474,172.31.46.0-255,66,178752,46,227681
2378,0.002526,74.125.24.0-255,1484,180236,46,227681
2379,0.002531,74.125.24.0-255,2902,183138,46,227681
2380,0.002533,172.31.46.0-255,66,183204,46,227681
2381,0.002561,74.125.24.0-255,5738,188942,46,227681
2382,0.002564,172.31.46.0-255,66,189008,46,227681
2383,0.002599,172.31.46.0-255,66,189074,46,227681
2384,0.002619,74.125.24.0-255,1484,190558,46,227681
2385,0.002626,74.125.24.0-255,5738,196296,46,227681
2386,0.008002,172.31.46.0-255,66,196362,46,227681
2387,0.010658,74.125.24.0-255,5738,202100,46,227681
2388,0.010677,172.31.46.0-255,66,202166,46,227681
2389,0.013307,74.125.24.0-255,5738,207904,46,227681
2390,0.013324,172.31.46.0-255,66,207970,46,227681
2391,0.01595,74.125.24.0-255,5738,213708,46,227681
2392,0.015964,172.31.46.0-255,66,213774,46,227681
2393,0.01859,74.125.24.0-255,5738,219512,46,227681
2394,0.01861,172.31.46.0-255,66,219578,46,227681
2395,0.0212,74.125.24.0-255,5738,225316,46,227681
2396,0.021215,172.31.46.0-255,66,225382,46,227681
2397,0.023835,74.125.24.0-255,2062,227444,46,227681
2398,0.023852,172.31.46.0-255,66,227510,46,227681
2399,0.024325,172.31.46.0-255,105,227615,46,227681
2400,0.026889,74.125.24.0-255,66,227681,46,227681
2401,0.0,74.125.24.0-255,152,152,46,253903
2402,1.7e-05,172.31.46.0-255,66,218,46,253903
2403,2.3e-05,74.125.24.0-255,1484,1702,46,253903
2404,2.7e-05,172.31.46.0-255,66,1768,46,253903
2405,3.3e-05,74.125.24.0-255,2902,4670,46,253903
2406,4.3e-05,172.31.46.0-255,66,4736,46,253903
2407,5e-05,74.125.24.0-255,5738,10474,46,253903
2408,5.3e-05,172.31.46.0-255,66,10540,46,253903
2409,6e-05,74.125.24.0-255,6382,16922,46,253903
2410,6.3e-05,172.31.46.0-255,66,16988,46,253903
2411,8.8e-05,74.125.24.0-255,4320,21308,46,253903
2412,9.1e-05,172.31.46.0-255,66,21374,46,253903
2413,0.000121,74.125.24.0-255,7156,28530,46,253903
2414,0.000124,172.31.46.0-255,66,28596,46,253903
2415,0.000128,74.125.24.0-255,2543,31139,46,253903
2416,0.00013,172.31.46.0-255,66,31205,46,253903
2417,0.000217,74.125.24.0-255,1484,32689,46,253903
2418,0.000221,172.31.46.0-255,66,32755,46,253903
2419,0.000225,74.125.24.0-255,1484,34239,46,253903
2420,0.000227,172.31.46.0-255,66,34305,46,253903
2421,0.000247,74.125.24.0-255,1484,35789,46,253903
2422,0.000249,172.31.46.0-255,66,35855,46,253903
2423,0.00026,74.125.24.0-255,5738,41593,46,253903
2424,0.000263,172.31.46.0-255,66,41659,46,253903
2425,0.000267,74.125.24.0-255,2902,44561,46,253903
2426,0.000269,172.31.46.0-255,66,44627,46,253903
2427,0.000313,172.31.46.0-255,66,44693,46,253903
2428,0.000324,172.31.46.0-255,66,44759,46,253903
2429,0.000327,74.125.24.0-255,1433,46192,46,253903
2430,0.000329,172.31.46.0-255,66,46258,46,253903
2431,0.000733,74.125.24.0-255,111,46369,46,253903
2432,0.000839,74.125.24.0-255,1484,47853,46,253903
2433,0.000844,172.31.46.0-255,66,47919,46,253903
2434,0.000851,74.125.24.0-255,2902,50821,46,253903
2435,0.000853,172.31.46.0-255,66,50887,46,253903
2436,0.000861,74.125.24.0-255,1484,52371,46,253903
2437,0.000881,74.125.24.0-255,4320,56691,46,253903
2438,0.000883,172.31.46.0-255,66,56757,46,253903
2439,0.000904,74.125.24.0-255,5738,62495,46,253903
2440,0.000908,172.31.46.0-255,66,62561,46,253903
2441,0.00093,74.125.24.0-255,6797,69358,46,253903
2442,0.000934,172.31.46.0-255,66,69424,46,253903
2443,0.000937,74.125.24.0-255,1484,70908,46,253903
2444,0.000977,172.31.46.0-255,66,70974,46,253903
2445,0.001183,74.125.24.0-255,1484,72458,46,253903
2446,0.001199,74.125.24.0-255,2902,75360,46,253903
2447,0.001217,172.31.46.0-255,66,75426,46,253903
2448,0.001225,74.125.24.0-255,5738,81164,46,253903
2449,0.001227,172.31.46.0-255,66,81230,46,253903
2450,0.001269,172.31.46.0-255,66,81296,46,253903
2451,0.001296,74.125.24.0-255,4320,85616,46,253903
2452,0.001299,172.31.46.0-255,66,85682,46,253903
2453,0.001312,172.31.46.0-255,66,85748,46,253903
2454,0.001334,74.125.24.0-255,766,86514,46,253903
2455,0.001359,74.125.24.0-255,1484,87998,46,253903
2456,0.001361,172.31.46.0-255,66,88064,46,253903
2457,0.001366,74.125.24.0-255,2902,90966,46,253903
2458,0.001368,172.31.46.0-255,66,91032,46,253903
2459,0.001375,74.125.24.0-255,5738,96770,46,253903
2460,0.001377,172.31.46.0-255,66,96836,46,253903
2461,0.001403,74.125.24.0-255,7156,103992,46,253903
2462,0.001405,172.31.46.0-255,66,104058,46,253903
2463,0.001436,74.125.24.0-255,5738,109796,46,253903
2464,0.001438,172.31.46.0-255,66,109862,46,253903
2465,0.001444,74.125.24.0-255,5738,115600,46,253903
2466,0.001447,172.31.46.0-255,66,115666,46,253903
2467,0.001505,74.125.24.0-255,5286,120952,46,253903
2468,0.001508,172.31.46.0-255,66,121018,46,253903
2469,0.001979,74.125.24.0-255,1484,122502,46,253903
2470,0.001987,74.125.24.0-255,2902,125404,46,253903
2471,0.001992,172.31.46.0-255,66,125470,46,253903
2472,0.001999,74.125.24.0-255,4320,129790,46,253903
2473,0.002001,172.31.46.0-255,66,129856,46,253903
2474,0.002028,74.125.24.0-255,1484,131340,46,253903
2475,0.002036,74.125.24.0-255,7156,138496,46,253903
2476,0.002039,172.31.46.0-255,66,138562,46,253903
2477,0.002073,172.31.46.0-255,66,138628,46,253903
2478,0.002098,74.125.24.0-255,1484,140112,46,253903
2479,0.002102,74.125.24.0-255,2184,142296,46,253903
2480,0.002104,172.31.46.0-255,66,142362,46,253903
2481,0.00223,74.125.24.0-255,1484,143846,46,253903
2482,0.002237,74.125.24.0-255,2902,146748,46,253903
2483,0.002241,172.31.46.0-255,66,146814,46,253903
2484,0.002281,74.125.24.0-255,5738,152552,46,253903
2485,0.002284,172.31.46.0-255,66,152618,46,253903
2486,0.002299,172.31.46.0-255,66,152684,46,253903
2487,0.002356,74.125.24.0-255,2902,155586,46,253903
2488,0.002359,172.31.46.0-255,66,155652,46,253903
2489,0.002398,172.31.46.0-255,66,155718,46,253903
2490,0.002754,74.125.24.0-255,1484,157202,46,253903
2491,0.002758,74.125.24.0-255,2902,160104,46,253903
2492,0.002762,172.31.46.0-255,66,160170,46,253903
2493,0.002793,74.125.24.0-255,4320,164490,46,253903
2494,0.002796,172.31.46.0-255,66,164556,46,253903
2495,0.002798,74.125.24.0-255,1484,166040,46,253903
2496,0.002828,74.125.24.0-255,7156,173196,46,253903
2497,0.002831,172.31.46.0-255,66,173262,46,253903
2498,0.002837,74.125.24.0-255,4320,177582,46,253903
2499,0.002839,172.31.46.0-255,66,177648,46,253903
2500,0.002842,74.125.24.0-255,1484,179132,46,253903
2501,0.002883,74.125.24.0-255,7156,186288,46,253903
2502,0.002885,172.31.46.0-255,66,186354,46,253903
2503,0.00289,74.125.24.0-255,3602,189956,46,253903
2504,0.002892,172.31.46.0-255,66,190022,46,253903
2505,0.002963,74.125.24.0-255,1484,191506,46,253903
2506,0.002976,74.125.24.0-255,2902,194408,46,253903
2507,0.002978,172.31.46.0-255,66,194474,46,253903
2508,0.003007,74.125.24.0-255,5738,200212,46,253903
2509,0.00301,172.31.46.0-255,66,200278,46,253903
2510,0.003014,74.125.24.0-255,2902,203180,46,253903
2511,0.003016,172.31.46.0-255,66,203246,46,253903
2512,0.003052,172.31.46.0-255,66,203312,46,253903
2513,0.003064,172.31.46.0-255,66,203378,46,253903
2514,0.003127,74.125.24.0-255,1484,204862,46,253903
2515,0.003142,74.125.24.0-255,2902,207764,46,253903
2516,0.003145,172.31.46.0-255,66,207830,46,253903
2517,0.003168,74.125.24.0-255,5738,213568,46,253903
2518,0.003171,172.31.46.0-255,66,213634,46,253903
2519,0.003177,74.125.24.0-255,5738,219372,46,253903
2520,0.003204,74.125.24.0-255,7156,226528,46,253903
2521,0.003248,74.125.24.0-255,1484,228012,46,253903
2522,0.003266,74.125.24.0-255,2902,230914,46,253903
2523,0.003283,74.125.24.0-255,5738,236652,46,253903
2524,0.003339,74.125.24.0-255,1484,238136,46,253903
2525,0.003342,74.125.24.0-255,97,238233,46,253903
2526,0.003345,172.31.46.0-255,78,238311,46,253903
2527,0.003348,74.125.24.0-255,1484,239795,46,253903
2528,0.00335,172.31.46.0-255,78,239873,46,253903
2529,0.003427,74.125.24.0-255,105,239978,46,253903
2530,0.008193,172.31.46.0-255,66,240044,46,253903
2531,0.009977,74.125.24.0-255,4320,244364,46,253903
2532,0.009985,172.31.46.0-255,78,244442,46,253903
2533,0.010025,172.31.46.0-255,78,244520,46,253903
2534,0.011221,172.31.46.0-255,105,244625,46,253903
2535,0.013721,74.125.24.0-255,66,244691,46,253903
2536,0.035576,172.31.46.0-255,172,244863,46,253903
2537,0.035622,172.31.46.0-255,1119,245982,46,253903
2538,0.035696,172.31.46.0-255,1514,247496,46,253903
2539,0.035698,172.31.46.0-255,1514,249010,46,253903
2540,0.0357,172.31.46.0-255,1514,250524,46,253903
2541,0.035701,172.31.46.0-255,1514,252038,46,253903
2542,0.035727,172.31.46.0-255,1493,253531,46,253903
2543,0.037155,104.244.42.0-255,66,253597,46,253903
2544,0.037188,104.244.42.0-255,66,253663,46,253903
2545,0.037291,104.244.42.0-255,66,253729,46,253903
2546,0.038214,104.244.42.0-255,108,253837,46,253903
2547,0.038224,172.31.46.0-255,66,253903,46,253903
2548,0.0,74.125.68.0-255,143,143,46,361705
2549,2.6e-05,172.31.46.0-255,66,209,46,361705
2550,3.3e-05,74.125.68.0-255,1484,1693,46,361705
2551,3.8e-05,172.31.46.0-255,66,1759,46,361705
2552,4.5e-05,74.125.68.0-255,2902,4661,46,361705
2553,4.9e-05,172.31.46.0-255,66,4727,46,361705
2554,5.3e-05,74.125.68.0-255,1484,6211,46,361705
2555,5.5e-05,172.31.46.0-255,66,6277,46,361705
2556,7.6e-05,74.125.68.0-255,4320,10597,46,361705
2557,8e-05,172.31.46.0-255,66,10663,46,361705
2558,9.3e-05,74.125.68.0-255,1484,12147,46,361705
2559,9.5e-05,172.31.46.0-255,66,12213,46,361705
2560,0.000112,74.125.68.0-255,2030,14243,46,361705
2561,0.000115,172.31.46.0-255,66,14309,46,361705
2562,0.000128,74.125.68.0-255,1484,15793,46,361705
2563,0.000131,172.31.46.0-255,66,15859,46,361705
2564,0.000154,74.125.68.0-255,2902,18761,46,361705
2565,0.000157,172.31.46.0-255,66,18827,46,361705
2566,0.000176,74.125.68.0-255,4320,23147,46,361705
2567,0.000178,172.31.46.0-255,66,23213,46,361705
2568,0.000191,74.125.68.0-255,2902,26115,46,361705
2569,0.000193,172.31.46.0-255,66,26181,46,361705
2570,0.000211,74.125.68.0-255,2902,29083,46,361705
2571,0.000214,172.31.46.0-255,66,29149,46,361705
2572,0.000218,74.125.68.0-255,2543,31692,46,361705
2573,0.00022,172.31.46.0-255,66,31758,46,361705
2574,0.000568,74.125.68.0-255,1484,33242,46,361705
2575,0.000575,172.31.46.0-255,66,33308,46,361705
2576,0.000581,74.125.68.0-255,2902,36210,46,361705
2577,0.000584,172.31.46.0-255,66,36276,46,361705
2578,0.000589,74.125.68.0-255,2902,39178,46,361705
2579,0.000591,172.31.46.0-255,66,39244,46,361705
2580,0.000611,74.125.68.0-255,1484,40728,46,361705
2581,0.000641,74.125.68.0-255,5738,46466,46,361705
2582,0.000645,172.31.46.0-255,66,46532,46,361705
2583,0.000665,74.125.68.0-255,2543,49075,46,361705
2584,0.000669,172.31.46.0-255,66,49141,46,361705
2585,0.000681,74.125.68.0-255,1484,50625,46,361705
2586,0.000703,74.125.68.0-255,5738,56363,46,361705
2587,0.000707,172.31.46.0-255,66,56429,46,361705
2588,0.000729,74.125.68.0-255,5738,62167,46,361705
2589,0.000731,172.31.46.0-255,66,62233,46,361705
2590,0.000744,74.125.68.0-255,2902,65135,46,361705
2591,0.000746,172.31.46.0-255,66,65201,46,361705
2592,0.000786,74.125.68.0-255,1436,66637,46,361705
2593,0.000815,74.125.68.0-255,344,66981,46,361705
2594,0.000818,172.31.46.0-255,66,67047,46,361705
2595,0.000957,74.125.68.0-255,1484,68531,46,361705
2596,0.000975,74.125.68.0-255,2902,71433,46,361705
2597,0.000979,172.31.46.0-255,66,71499,46,361705
2598,0.000982,74.125.68.0-255,1484,72983,46,361705
2599,0.001008,74.125.68.0-255,2902,75885,46,361705
2600,0.001011,172.31.46.0-255,66,75951,46,361705
2601,0.001025,74.125.68.0-255,1484,77435,46,361705
2602,0.001043,74.125.68.0-255,4320,81755,46,361705
2603,0.001045,172.31.46.0-255,66,81821,46,361705
2604,0.001049,74.125.68.0-255,1484,83305,46,361705
2605,0.001106,172.31.46.0-255,66,83371,46,361705
2606,0.001128,74.125.68.0-255,4320,87691,46,361705
2607,0.001131,172.31.46.0-255,66,87757,46,361705
2608,0.001156,74.125.68.0-255,4320,92077,46,361705
2609,0.001158,172.31.46.0-255,66,92143,46,361705
2610,0.001161,74.125.68.0-255,1125,93268,46,361705
2611,0.001566,172.31.46.0-255,66,93334,46,361705
2612,0.001898,74.125.68.0-255,1484,94818,46,361705
2613,0.001909,74.125.68.0-255,1484,96302,46,361705
2614,0.001913,172.31.46.0-255,66,96368,46,361705
2615,0.00192,74.125.68.0-255,2902,99270,46,361705
2616,0.001922,172.31.46.0-255,66,99336,46,361705
2617,0.001953,74.125.68.0-255,5738,105074,46,361705
2618,0.001956,172.31.46.0-255,66,105140,46,361705
2619,0.001962,74.125.68.0-255,4320,109460,46,361705
2620,0.001964,172.31.46.0-255,66,109526,46,361705
2621,0.001992,74.125.68.0-255,4320,113846,46,361705
2622,0.001994,172.31.46.0-255,66,113912,46,361705
2623,0.002019,74.125.68.0-255,1484,115396,46,361705
2624,0.002033,172.31.46.0-255,66,115462,46,361705
2625,0.002036,74.125.68.0-255,766,116228,46,361705
2626,0.002206,74.125.68.0-255,1484,117712,46,361705
2627,0.002212,172.31.46.0-255,66,117778,46,361705
2628,0.002217,74.125.68.0-255,1484,119262,46,361705
2629,0.002232,74.125.68.0-255,1484,120746,46,361705
2630,0.002234,172.31.46.0-255,66,120812,46,361705
2631,0.002242,74.125.68.0-255,5738,126550,46,361705
2632,0.002244,172.31.46.0-255,66,126616,46,361705
2633,0.002272,74.125.68.0-255,7156,133772,46,361705
2634,0.002275,172.31.46.0-255,66,133838,46,361705
2635,0.002302,172.31.46.0-255,66,133904,46,361705
2636,0.002308,74.125.68.0-255,4320,138224,46,361705
2637,0.00231,172.31.46.0-255,66,138290,46,361705
2638,0.002334,74.125.68.0-255,3602,141892,46,361705
2639,0.002336,172.31.46.0-255,66,141958,46,361705
2640,0.002341,74.125.68.0-255,2902,144860,46,361705
2641,0.002343,172.31.46.0-255,66,144926,46,361705
2642,0.002358,74.125.68.0-255,5738,150664,46,361705
2643,0.002362,172.31.46.0-255,66,150730,46,361705
2644,0.002366,74.125.68.0-255,2902,153632,46,361705
2645,0.002369,172.31.46.0-255,66,153698,46,361705
2646,0.00239,74.125.68.0-255,2902,156600,46,361705
2647,0.002393,172.31.46.0-255,66,156666,46,361705
2648,0.0024,74.125.68.0-255,7156,163822,46,361705
2649,0.002403,172.31.46.0-255,66,163888,46,361705
2650,0.002408,74.125.68.0-255,4320,168208,46,361705
2651,0.00241,172.31.46.0-255,66,168274,46,361705
2652,0.00244,74.125.68.0-255,7156,175430,46,361705
2653,0.002443,172.31.46.0-255,66,175496,46,361705
2654,0.002447,74.125.68.0-255,766,176262,46,361705
2655,0.002636,74.125.68.0-255,1484,177746,46,361705
2656,0.002644,172.31.46.0-255,66,177812,46,361705
2657,0.002659,74.125.68.0-255,1484,179296,46,361705
2658,0.002673,74.125.68.0-255,1484,180780,46,361705
2659,0.002676,172.31.46.0-255,66,180846,46,361705
2660,0.00269,74.125.68.0-255,2902,183748,46,361705
2661,0.002693,172.31.46.0-255,66,183814,46,361705
2662,0.002719,74.125.68.0-255,4320,188134,46,361705
2663,0.002722,172.31.46.0-255,66,188200,46,361705
2664,0.002726,74.125.68.0-255,1484,189684,46,361705
2665,0.002729,74.125.68.0-255,1484,191168,46,361705
2666,0.002731,172.31.46.0-255,66,191234,46,361705
2667,0.002764,74.125.68.0-255,1484,192718,46,361705
2668,0.002781,74.125.68.0-255,1484,194202,46,361705
2669,0.002784,172.31.46.0-255,66,194268,46,361705
2670,0.002798,74.125.68.0-255,1484,195752,46,361705
2671,0.002811,74.125.68.0-255,2902,198654,46,361705
2672,0.002814,172.31.46.0-255,66,198720,46,361705
2673,0.002817,74.125.68.0-255,1484,200204,46,361705
2674,0.002829,74.125.68.0-255,1484,201688,46,361705
2675,0.002832,172.31.46.0-255,66,201754,46,361705
2676,0.002851,74.125.68.0-255,1484,203238,46,361705
2677,0.002877,74.125.68.0-255,5738,208976,46,361705
2678,0.002881,172.31.46.0-255,66,209042,46,361705
2679,0.002924,74.125.68.0-255,2184,211226,46,361705
2680,0.002927,172.31.46.0-255,66,211292,46,361705
2681,0.003405,74.125.68.0-255,1484,212776,46,361705
2682,0.003423,74.125.68.0-255,1484,214260,46,361705
2683,0.003425,172.31.46.0-255,66,214326,46,361705
2684,0.003439,74.125.68.0-255,2902,217228,46,361705
2685,0.003442,172.31.46.0-255,66,217294,46,361705
2686,0.003467,74.125.68.0-255,2902,220196,46,361705
2687,0.00347,172.31.46.0-255,66,220262,46,361705
2688,0.003494,74.125.68.0-255,2902,223164,46,361705
2689,0.003496,172.31.46.0-255,66,223230,46,361705
2690,0.003515,74.125.68.0-255,1484,224714,46,361705
2691,0.003541,74.125.68.0-255,5738,230452,46,361705
2692,0.003543,172.31.46.0-255,66,230518,46,361705
2693,0.003546,74.125.68.0-255,1484,232002,46,361705
2694,0.003563,74.125.68.0-255,4320,236322,46,361705
2695,0.003565,172.31.46.0-255,66,236388,46,361705
2696,0.003571,74.125.68.0-255,4320,240708,46,361705
2697,0.003573,172.31.46.0-255,66,240774,46,361705
2698,0.00359,74.125.68.0-255,1484,242258,46,361705
2699,0.003611,74.125.68.0-255,2902,245160,46,361705
2700,0.003614,172.31.46.0-255,66,245226,46,361705
2701,0.003617,74.125.68.0-255,766,245992,46,361705
2702,0.003652,74.125.68.0-255,1484,247476,46,361705
2703,0.003654,172.31.46.0-255,66,247542,46,361705
2704,0.003673,74.125.68.0-255,4320,251862,46,361705
2705,0.003675,172.31.46.0-255,66,251928,46,361705
2706,0.003679,74.125.68.0-255,1484,253412,46,361705
2707,0.003683,74.125.68.0-255,2902,256314,46,361705
2708,0.003685,172.31.46.0-255,66,256380,46,361705
2709,0.003724,74.125.68.0-255,2902,259282,46,361705
2710,0.003727,172.31.46.0-255,66,259348,46,361705
2711,0.003731,74.125.68.0-255,2902,262250,46,361705
2712,0.003733,172.31.46.0-255,66,262316,46,361705
2713,0.003745,74.125.68.0-255,1484,263800,46,361705
2714,0.003758,74.125.68.0-255,2902,266702,46,361705
2715,0.00376,172.31.46.0-255,66,266768,46,361705
2716,0.003778,74.125.68.0-255,1484,268252,46,361705
2717,0.003797,74.125.68.0-255,2902,271154,46,361705
2718,0.0038,172.31.46.0-255,66,271220,46,361705
2719,0.003811,74.125.68.0-255,1484,272704,46,361705
2720,0.003836,74.125.68.0-255,7156,279860,46,361705
2721,0.003839,172.31.46.0-255,66,279926,46,361705
2722,0.003841,74.125.68.0-255,766,280692,46,361705
2723,0.003956,74.125.68.0-255,1484,282176,46,361705
2724,0.003958,172.31.46.0-255,66,282242,46,361705
2725,0.003973,74.125.68.0-255,1484,283726,46,361705
2726,0.003985,74.125.68.0-255,1484,285210,46,361705
2727,0.003987,172.31.46.0-255,66,285276,46,361705
2728,0.004003,74.125.68.0-255,1484,286760,46,361705
2729,0.004041,74.125.68.0-255,5738,292498,46,361705
2730,0.004044,172.31.46.0-255,66,292564,46,361705
2731,0.004062,74.125.68.0-255,1484,294048,46,361705
2732,0.004066,74.125.68.0-255,2902,296950,46,361705
2733,0.004068,172.31.46.0-255,66,297016,46,361705
2734,0.00409,74.125.68.0-255,2902,299918,46,361705
2735,0.004093,172.31.46.0-255,66,299984,46,361705
2736,0.004096,74.125.68.0-255,1484,301468,46,361705
2737,0.004113,74.125.68.0-255,2902,304370,46,361705
2738,0.004115,172.31.46.0-255,66,304436,46,361705
2739,0.004134,74.125.68.0-255,4320,308756,46,361705
2740,0.004137,172.31.46.0-255,66,308822,46,361705
2741,0.004155,74.125.68.0-255,2902,311724,46,361705
2742,0.004157,172.31.46.0-255,66,311790,46,361705
2743,0.004188,74.125.68.0-255,3602,315392,46,361705
2744,0.004191,172.31.46.0-255,66,315458,46,361705
2745,0.004371,74.125.68.0-255,1484,316942,46,361705
2746,0.004382,74.125.68.0-255,1484,318426,46,361705
2747,0.004384,172.31.46.0-255,66,318492,46,361705
2748,0.004401,74.125.68.0-255,2902,321394,46,361705
2749,0.004403,172.31.46.0-255,66,321460,46,361705
2750,0.004415,74.125.68.0-255,1484,322944,46,361705
2751,0.004434,74.125.68.0-255,4320,327264,46,361705
2752,0.004437,172.31.46.0-255,66,327330,46,361705
2753,0.00444,74.125.68.0-255,1484,328814,46,361705
2754,0.004454,74.125.68.0-255,2902,331716,46,361705
2755,0.004456,172.31.46.0-255,66,331782,46,361705
2756,0.004476,74.125.68.0-255,1484,333266,46,361705
2757,0.004485,74.125.68.0-255,7156,340422,46,361705
2758,0.004487,172.31.46.0-255,66,340488,46,361705
2759,0.004493,74.125.68.0-255,4320,344808,46,361705
2760,0.004496,172.31.46.0-255,66,344874,46,361705
2761,0.004517,74.125.68.0-255,1484,346358,46,361705
2762,0.004555,74.125.68.0-255,3602,349960,46,361705
2763,0.004558,172.31.46.0-255,66,350026,46,361705
2764,0.004561,74.125.68.0-255,1484,351510,46,361705
2765,0.004569,74.125.68.0-255,7156,358666,46,361705
2766,0.004571,172.31.46.0-255,66,358732,46,361705
2767,0.004595,74.125.68.0-255,2565,361297,46,361705
2768,0.004597,172.31.46.0-255,66,361363,46,361705
2769,0.004661,74.125.68.0-255,105,361468,46,361705
2770,0.012698,172.31.46.0-255,66,361534,46,361705
2771,0.012747,172.31.46.0-255,105,361639,46,361705
2772,0.015291,74.125.68.0-255,66,361705,46,361705
2773,0.0,74.125.200.0-255,152,152,46,267240
2774,3.2e-05,172.31.46.0-255,66,218,46,267240
2775,3.8e-05,74.125.200.0-255,1484,1702,46,267240
2776,4.2e-05,172.31.46.0-255,66,1768,46,267240
2777,5.4e-05,74.125.200.0-255,2902,4670,46,267240
2778,5.7e-05,172.31.46.0-255,66,4736,46,267240
2779,6.2e-05,74.125.200.0-255,4320,9056,46,267240
2780,6.5e-05,172.31.46.0-255,66,9122,46,267240
2781,6.9e-05,74.125.200.0-255,2902,12024,46,267240
2782,7.2e-05,172.31.46.0-255,66,12090,46,267240
2783,0.000116,74.125.200.0-255,6300,18390,46,267240
2784,0.000121,172.31.46.0-255,66,18456,46,267240
2785,0.000127,74.125.200.0-255,4320,22776,46,267240
2786,0.000129,172.31.46.0-255,66,22842,46,267240
2787,0.000135,74.125.200.0-255,7156,29998,46,267240
2788,0.000139,172.31.46.0-255,66,30064,46,267240
2789,0.000151,74.125.200.0-255,1125,31189,46,267240
2790,0.000154,172.31.46.0-255,66,31255,46,267240
2791,0.00022,74.125.200.0-255,1484,32739,46,267240
2792,0.000223,172.31.46.0-255,66,32805,46,267240
2793,0.000252,74.125.200.0-255,2902,35707,46,267240
2794,0.000255,172.31.46.0-255,66,35773,46,267240
2795,0.000286,74.125.200.0-255,5738,41511,46,267240
2796,0.00029,172.31.46.0-255,66,41577,46,267240
2797,0.000296,74.125.200.0-255,5738,47315,46,267240
2798,0.000299,172.31.46.0-255,66,47381,46,267240
2799,0.000316,74.125.200.0-255,1125,48506,46,267240
2800,0.000319,172.31.46.0-255,66,48572,46,267240
2801,0.000329,74.125.200.0-255,2902,51474,46,267240
2802,0.000333,172.31.46.0-255,66,51540,46,267240
2803,0.00036,172.31.46.0-255,66,51606,46,267240
2804,0.000388,74.125.200.0-255,5724,57330,46,267240
2805,0.000391,172.31.46.0-255,66,57396,46,267240
2806,0.000488,74.125.200.0-255,1484,58880,46,267240
2807,0.000493,74.125.200.0-255,1484,60364,46,267240
2808,0.000496,172.31.46.0-255,66,60430,46,267240
2809,0.000525,74.125.200.0-255,1484,61914,46,267240
2810,0.000531,74.125.200.0-255,5738,67652,46,267240
2811,0.000534,172.31.46.0-255,66,67718,46,267240
2812,0.00054,74.125.200.0-255,5738,73456,46,267240
2813,0.000543,172.31.46.0-255,66,73522,46,267240
2814,0.000555,74.125.200.0-255,4320,77842,46,267240
2815,0.000558,172.31.46.0-255,66,77908,46,267240
2816,0.000579,74.125.200.0-255,2543,80451,46,267240
2817,0.000582,172.31.46.0-255,66,80517,46,267240
2818,0.000587,74.125.200.0-255,4320,84837,46,267240
2819,0.00059,172.31.46.0-255,66,84903,46,267240
2820,0.000624,74.125.200.0-255,6797,91700,46,267240
2821,0.000628,172.31.46.0-255,66,91766,46,267240
2822,0.000827,74.125.200.0-255,1484,93250,46,267240
2823,0.000832,74.125.200.0-255,1484,94734,46,267240
2824,0.000835,172.31.46.0-255,66,94800,46,267240
2825,0.000859,74.125.200.0-255,1484,96284,46,267240
2826,0.000865,74.125.200.0-255,5738,102022,46,267240
2827,0.000868,172.31.46.0-255,66,102088,46,267240
2828,0.000898,74.125.200.0-255,5738,107826,46,267240
2829,0.000901,172.31.46.0-255,66,107892,46,267240
2830,0.000929,74.125.200.0-255,7156,115048,46,267240
2831,0.000932,172.31.46.0-255,66,115114,46,267240
2832,0.000937,74.125.200.0-255,4320,119434,46,267240
2833,0.000939,172.31.46.0-255,66,119500,46,267240
2834,0.000941,74.125.200.0-255,1484,120984,46,267240
2835,0.000966,74.125.200.0-255,5020,126004,46,267240
2836,0.00097,172.31.46.0-255,66,126070,46,267240
2837,0.000979,74.125.200.0-255,2902,128972,46,267240
2838,0.000981,172.31.46.0-255,66,129038,46,267240
2839,0.001013,74.125.200.0-255,4320,133358,46,267240
2840,0.001016,172.31.46.0-255,66,133424,46,267240
2841,0.00102,74.125.200.0-255,2902,136326,46,267240
2842,0.001021,172.31.46.0-255,66,136392,46,267240
2843,0.001027,74.125.200.0-255,4320,140712,46,267240
2844,0.001029,172.31.46.0-255,66,140778,46,267240
2845,0.001039,172.31.46.0-255,66,140844,46,267240
2846,0.001067,172.31.46.0-255,66,140910,46,267240
2847,0.001092,74.125.200.0-255,766,141676,46,267240
2848,0.001154,74.125.200.0-255,1484,143160,46,267240
2849,0.001158,172.31.46.0-255,66,143226,46,267240
2850,0.001162,74.125.200.0-255,2902,146128,46,267240
2851,0.001164,172.31.46.0-255,66,146194,46,267240
2852,0.001187,74.125.200.0-255,5738,151932,46,267240
2853,0.001191,172.31.46.0-255,66,151998,46,267240
2854,0.001206,74.125.200.0-255,1484,153482,46,267240
2855,0.001238,74.125.200.0-255,2902,156384,46,267240
2856,0.001241,172.31.46.0-255,66,156450,46,267240
2857,0.001273,74.125.200.0-255,1484,157934,46,267240
2858,0.001277,74.125.200.0-255,2902,160836,46,267240
2859,0.00128,172.31.46.0-255,66,160902,46,267240
2860,0.001285,74.125.200.0-255,5738,166640,46,267240
2861,0.001287,172.31.46.0-255,66,166706,46,267240
2862,0.001313,74.125.200.0-255,5738,172444,46,267240
2863,0.001316,172.31.46.0-255,66,172510,46,267240
2864,0.00135,74.125.200.0-255,3602,176112,46,267240
2865,0.001353,172.31.46.0-255,66,176178,46,267240
2866,0.001482,74.125.200.0-255,1484,177662,46,267240
2867,0.001486,74.125.200.0-255,1484,179146,46,267240
2868,0.001489,172.31.46.0-255,66,179212,46,267240
2869,0.001515,74.125.200.0-255,2902,182114,46,267240
2870,0.001519,172.31.46.0-255,66,182180,46,267240
2871,0.001526,74.125.200.0-255,5738,187918,46,267240
2872,0.001528,172.31.46.0-255,66,187984,46,267240
2873,0.001564,74.125.200.0-255,7156,195140,46,267240
2874,0.001567,172.31.46.0-255,66,195206,46,267240
2875,0.001592,74.125.200.0-255,1484,196690,46,267240
2876,0.001605,172.31.46.0-255,66,196756,46,267240
2877,0.00161,74.125.200.0-255,3602,200358,46,267240
2878,0.001613,172.31.46.0-255,66,200424,46,267240
2879,0.001672,74.125.200.0-255,1484,201908,46,267240
2880,0.001688,74.125.200.0-255,2902,204810,46,267240
2881,0.001691,172.31.46.0-255,66,204876,46,267240
2882,0.001695,74.125.200.0-255,2902,207778,46,267240
2883,0.001697,172.31.46.0-255,66,207844,46,267240
2884,0.0017,74.125.200.0-255,1484,209328,46,267240
2885,0.001716,74.125.200.0-255,2902,212230,46,267240
2886,0.001719,172.31.46.0-255,66,212296,46,267240
2887,0.00174,172.31.46.0-255,66,212362,46,267240
2888,0.001743,74.125.200.0-255,1484,213846,46,267240
2889,0.001775,172.31.46.0-255,66,213912,46,267240
2890,0.001802,172.31.46.0-255,66,213978,46,267240
2891,0.001831,74.125.200.0-255,2184,216162,46,267240
2892,0.001835,172.31.46.0-255,66,216228,46,267240
2893,0.00184,74.125.200.0-255,4320,220548,46,267240
2894,0.001843,172.31.46.0-255,66,220614,46,267240
2895,0.00188,74.125.200.0-255,4320,224934,46,267240
2896,0.001884,172.31.46.0-255,66,225000,46,267240
2897,0.001929,172.31.46.0-255,66,225066,46,267240
2898,0.001934,74.125.200.0-255,5020,230086,46,267240
2899,0.001936,172.31.46.0-255,66,230152,46,267240
2900,0.001941,74.125.200.0-255,5738,235890,46,267240
2901,0.001944,172.31.46.0-255,66,235956,46,267240
2902,0.001956,172.31.46.0-255,66,236022,46,267240
2903,0.001969,172.31.46.0-255,66,236088,46,267240
2904,0.001974,74.125.200.0-255,3602,239690,46,267240
2905,0.001976,172.31.46.0-255,66,239756,46,267240
2906,0.002008,74.125.200.0-255,4320,244076,46,267240
2907,0.002012,172.31.46.0-255,66,244142,46,267240
2908,0.002015,74.125.200.0-255,1484,245626,46,267240
2909,0.002019,74.125.200.0-255,2902,248528,46,267240
2910,0.002021,172.31.46.0-255,66,248594,46,267240
2911,0.002025,74.125.200.0-255,2902,251496,46,267240
2912,0.002027,172.31.46.0-255,66,251562,46,267240
2913,0.00206,74.125.200.0-255,2902,254464,46,267240
2914,0.002063,172.31.46.0-255,66,254530,46,267240
2915,0.002078,172.31.46.0-255,66,254596,46,267240
2916,0.002126,172.31.46.0-255,66,254662,46,267240
2917,0.002131,74.125.200.0-255,5738,260400,46,267240
2918,0.002133,172.31.46.0-255,66,260466,46,267240
2919,0.002175,74.125.200.0-255,2785,263251,46,267240
2920,0.002182,172.31.46.0-255,66,263317,46,267240
2921,0.002187,74.125.200.0-255,105,263422,46,267240
2922,0.007107,172.31.46.0-255,66,263488,46,267240
2923,0.007154,172.31.46.0-255,105,263593,46,267240
2924,0.009707,74.125.200.0-255,66,263659,46,267240
2925,0.025319,172.31.46.0-255,172,263831,46,267240
2926,0.025347,172.31.46.0-255,1119,264950,46,267240
2927,0.025381,172.31.46.0-255,1514,266464,46,267240
2928,0.025382,172.31.46.0-255,404,266868,46,267240
2929,0.026798,104.244.42.0-255,66,266934,46,267240
2930,0.026972,104.244.42.0-255,66,267000,46,267240
2931,0.026986,104.244.42.0-255,66,267066,46,267240
2932,0.027603,104.244.42.0-255,108,267174,46,267240
2933,0.027621,172.31.46.0-255,66,267240,46,267240
2934,0.0,74.125.24.0-255,153,153,46,228626
2935,1.6e-05,172.31.46.0-255,66,219,46,228626
2936,2.2e-05,74.125.24.0-255,1484,1703,46,228626
2937,2.6e-05,172.31.46.0-255,66,1769,46,228626
2938,3.1e-05,74.125.24.0-255,2902,4671,46,228626
2939,3.4e-05,172.31.46.0-255,66,4737,46,228626
2940,5.4e-05,74.125.24.0-255,4320,9057,46,228626
2941,5.7e-05,172.31.46.0-255,66,9123,46,228626
2942,8.1e-05,74.125.24.0-255,2902,12025,46,228626
2943,8.3e-05,172.31.46.0-255,66,12091,46,228626
2944,8.9e-05,74.125.24.0-255,4927,17018,46,228626
2945,9.1e-05,172.31.46.0-255,66,17084,46,228626
2946,0.000109,74.125.24.0-255,7156,24240,46,228626
2947,0.000112,172.31.46.0-255,66,24306,46,228626
2948,0.000136,74.125.24.0-255,6797,31103,46,228626
2949,0.000138,172.31.46.0-255,66,31169,46,228626
2950,0.000551,74.125.24.0-255,1484,32653,46,228626
2951,0.000556,172.31.46.0-255,66,32719,46,228626
2952,0.000562,74.125.24.0-255,2902,35621,46,228626
2953,0.000564,172.31.46.0-255,66,35687,46,228626
2954,0.00057,74.125.24.0-255,5738,41425,46,228626
2955,0.000572,172.31.46.0-255,66,41491,46,228626
2956,0.000603,74.125.24.0-255,4320,45811,46,228626
2957,0.000605,172.31.46.0-255,66,45877,46,228626
2958,0.000634,172.31.46.0-255,66,45943,46,228626
2959,0.000645,172.31.46.0-255,66,46009,46,228626
2960,0.000822,74.125.24.0-255,109,46118,46,228626
2961,0.000827,172.31.46.0-255,66,46184,46,228626
2962,0.001064,74.125.24.0-255,1484,47668,46,228626
2963,0.001069,172.31.46.0-255,66,47734,46,228626
2964,0.001078,74.125.24.0-255,2902,50636,46,228626
2965,0.00108,172.31.46.0-255,66,50702,46,228626
2966,0.001098,74.125.24.0-255,2902,53604,46,228626
2967,0.001099,172.31.46.0-255,66,53670,46,228626
2968,0.001113,74.125.24.0-255,2902,56572,46,228626
2969,0.001116,172.31.46.0-255,66,56638,46,228626
2970,0.001136,74.125.24.0-255,5738,62376,46,228626
2971,0.001138,172.31.46.0-255,66,62442,46,228626
2972,0.001167,74.125.24.0-255,7156,69598,46,228626
2973,0.001171,172.31.46.0-255,66,69664,46,228626
2974,0.001184,74.125.24.0-255,1484,71148,46,228626
2975,0.001206,172.31.46.0-255,66,71214,46,228626
2976,0.00124,172.31.46.0-255,66,71280,46,228626
2977,0.001246,74.125.24.0-255,5063,76343,46,228626
2978,0.001248,172.31.46.0-255,66,76409,46,228626
2979,0.00288,74.125.24.0-255,1484,77893,46,228626
2980,0.002889,74.125.24.0-255,2902,80795,46,228626
2981,0.002894,172.31.46.0-255,66,80861,46,228626
2982,0.0029,74.125.24.0-255,4320,85181,46,228626
2983,0.002904,172.31.46.0-255,66,85247,46,228626
2984,0.002917,74.125.24.0-255,1484,86731,46,228626
2985,0.00292,74.125.24.0-255,1484,88215,46,228626
2986,0.002922,172.31.46.0-255,66,88281,46,228626
2987,0.002928,74.125.24.0-255,4320,92601,46,228626
2988,0.002931,172.31.46.0-255,66,92667,46,228626
2989,0.002952,74.125.24.0-255,4320,96987,46,228626
2990,0.002954,172.31.46.0-255,66,97053,46,228626
2991,0.002957,74.125.24.0-255,1484,98537,46,228626
2992,0.002976,74.125.24.0-255,5738,104275,46,228626
2993,0.002979,172.31.46.0-255,66,104341,46,228626
2994,0.003,74.125.24.0-255,1484,105825,46,228626
2995,0.003013,74.125.24.0-255,5020,110845,46,228626
2996,0.003015,172.31.46.0-255,66,110911,46,228626
2997,0.004306,74.125.24.0-255,1484,112395,46,228626
2998,0.00432,74.125.24.0-255,2902,115297,46,228626
2999,0.004323,172.31.46.0-255,66,115363,46,228626
3000,0.004335,74.125.24.0-255,1484,116847,46,228626
3001,0.004351,74.125.24.0-255,4320,121167,46,228626
3002,0.004353,172.31.46.0-255,66,121233,46,228626
3003,0.004364,74.125.24.0-255,1484,122717,46,228626
3004,0.004383,74.125.24.0-255,7156,129873,46,228626
3005,0.004385,172.31.46.0-255,66,129939,46,228626
3006,0.004403,74.125.24.0-255,2902,132841,46,228626
3007,0.004406,172.31.46.0-255,66,132907,46,228626
3008,0.004434,74.125.24.0-255,5738,138645,46,228626
3009,0.004436,172.31.46.0-255,66,138711,46,228626
3010,0.004473,172.31.46.0-255,66,138777,46,228626
3011,0.004477,74.125.24.0-255,2902,141679,46,228626
3012,0.004479,172.31.46.0-255,66,141745,46,228626
3013,0.004506,172.31.46.0-255,66,141811,46,228626
3014,0.004522,74.125.24.0-255,1484,143295,46,228626
3015,0.004532,172.31.46.0-255,66,143361,46,228626
3016,0.004534,74.125.24.0-255,766,144127,46,228626
3017,0.004961,74.125.24.0-255,1484,145611,46,228626
3018,0.004963,172.31.46.0-255,66,145677,46,228626
3019,0.004966,74.125.24.0-255,1484,147161,46,228626
3020,0.004982,74.125.24.0-255,1484,148645,46,228626
3021,0.004984,172.31.46.0-255,66,148711,46,228626
3022,0.00499,74.125.24.0-255,5738,154449,46,228626
3023,0.004992,172.31.46.0-255,66,154515,46,228626
3024,0.00502,74.125.24.0-255,2902,157417,46,228626
3025,0.005022,172.31.46.0-255,66,157483,46,228626
3026,0.005047,172.31.46.0-255,66,157549,46,228626
3027,0.005068,74.125.24.0-255,2902,160451,46,228626
3028,0.00507,172.31.46.0-255,66,160517,46,228626
3029,0.005098,172.31.46.0-255,66,160583,46,228626
3030,0.005848,74.125.24.0-255,1484,162067,46,228626
3031,0.005854,74.125.24.0-255,2902,164969,46,228626
3032,0.005858,172.31.46.0-255,66,165035,46,228626
3033,0.005895,74.125.24.0-255,2902,167937,46,228626
3034,0.005896,172.31.46.0-255,66,168003,46,228626
3035,0.005924,74.125.24.0-255,2902,170905,46,228626
3036,0.005926,172.31.46.0-255,66,170971,46,228626
3037,0.005931,74.125.24.0-255,4320,175291,46,228626
3038,0.005933,172.31.46.0-255,66,175357,46,228626
3039,0.005944,172.31.46.0-255,66,175423,46,228626
3040,0.005952,172.31.46.0-255,66,175489,46,228626
3041,0.005973,172.31.46.0-255,66,175555,46,228626
3042,0.006008,172.31.46.0-255,66,175621,46,228626
3043,0.006037,74.125.24.0-255,1484,177105,46,228626
3044,0.00607,172.31.46.0-255,66,177171,46,228626
3045,0.006086,74.125.24.0-255,4320,181491,46,228626
3046,0.006088,172.31.46.0-255,66,181557,46,228626
3047,0.006123,172.31.46.0-255,66,181623,46,228626
3048,0.006126,74.125.24.0-255,1484,183107,46,228626
3049,0.006143,74.125.24.0-255,4320,187427,46,228626
3050,0.006146,172.31.46.0-255,66,187493,46,228626
3051,0.006177,172.31.46.0-255,66,187559,46,228626
3052,0.006183,74.125.24.0-255,6438,193997,46,228626
3053,0.006185,172.31.46.0-255,66,194063,46,228626
3054,0.006191,74.125.24.0-255,5738,199801,46,228626
3055,0.006193,172.31.46.0-255,66,199867,46,228626
3056,0.006217,74.125.24.0-255,1484,201351,46,228626
3057,0.006224,74.125.24.0-255,5738,207089,46,228626
3058,0.006227,172.31.46.0-255,66,207155,46,228626
3059,0.006246,74.125.24.0-255,2902,210057,46,228626
3060,0.00625,172.31.46.0-255,66,210123,46,228626
3061,0.00628,74.125.24.0-255,2902,213025,46,228626
3062,0.006284,172.31.46.0-255,66,213091,46,228626
3063,0.006307,74.125.24.0-255,6155,219246,46,228626
3064,0.00631,74.125.24.0-255,105,219351,46,228626
3065,0.006328,172.31.46.0-255,66,219417,46,228626
3066,0.008164,172.31.46.0-255,105,219522,46,228626
3067,0.010658,74.125.24.0-255,66,219588,46,228626
3068,0.037395,172.31.46.0-255,172,219760,46,228626
3069,0.03743,172.31.46.0-255,1119,220879,46,228626
3070,0.037495,172.31.46.0-255,1514,222393,46,228626
3071,0.037497,172.31.46.0-255,1514,223907,46,228626
3072,0.037502,172.31.46.0-255,1514,225421,46,228626
3073,0.037503,172.31.46.0-255,1514,226935,46,228626
3074,0.037519,172.31.46.0-255,1493,228428,46,228626
3075,0.03897,104.244.42.0-255,66,228494,46,228626
3076,0.039011,104.244.42.0-255,66,228560,46,228626
3077,0.039057,104.244.42.0-255,66,228626,46,228626
3078,0.0,74.125.24.0-255,148,148,46,167344
3079,1.8e-05,172.31.46.0-255,66,214,46,167344
3080,4.7e-05,74.125.24.0-255,1484,1698,46,167344
3081,5.1e-05,172.31.46.0-255,66,1764,46,167344
3082,5.6e-05,74.125.24.0-255,2902,4666,46,167344
3083,5.9e-05,172.31.46.0-255,66,4732,46,167344
3084,6.6e-05,74.125.24.0-255,5738,10470,46,167344
3085,7e-05,172.31.46.0-255,66,10536,46,167344
3086,7.4e-05,74.125.24.0-255,3547,14083,46,167344
3087,7.7e-05,172.31.46.0-255,66,14149,46,167344
3088,0.000713,74.125.24.0-255,1484,15633,46,167344
3089,0.00072,172.31.46.0-255,66,15699,46,167344
3090,0.000729,74.125.24.0-255,2902,18601,46,167344
3091,0.000732,172.31.46.0-255,66,18667,46,167344
3092,0.000739,74.125.24.0-255,5738,24405,46,167344
3093,0.000741,172.31.46.0-255,66,24471,46,167344
3094,0.000762,74.125.24.0-255,1484,25955,46,167344
3095,0.000764,172.31.46.0-255,66,26021,46,167344
3096,0.000793,172.31.46.0-255,66,26087,46,167344
3097,0.000798,74.125.24.0-255,4320,30407,46,167344
3098,0.0008,172.31.46.0-255,66,30473,46,167344
3099,0.000815,74.125.24.0-255,4320,34793,46,167344
3100,0.000818,172.31.46.0-255,66,34859,46,167344
3101,0.000836,74.125.24.0-255,2902,37761,46,167344
3102,0.000839,172.31.46.0-255,66,37827,46,167344
3103,0.000857,74.125.24.0-255,2902,40729,46,167344
3104,0.000859,172.31.46.0-255,66,40795,46,167344
3105,0.00089,172.31.46.0-255,66,40861,46,167344
3106,0.000893,74.125.24.0-255,441,41302,46,167344
3107,0.000895,172.31.46.0-255,66,41368,46,167344
3108,0.001016,74.125.24.0-255,1484,42852,46,167344
3109,0.001041,74.125.24.0-255,2902,45754,46,167344
3110,0.001045,172.31.46.0-255,66,45820,46,167344
3111,0.00105,74.125.24.0-255,2902,48722,46,167344
3112,0.001052,172.31.46.0-255,66,48788,46,167344
3113,0.001057,74.125.24.0-255,4320,53108,46,167344
3114,0.00106,172.31.46.0-255,66,53174,46,167344
3115,0.001098,172.31.46.0-255,66,53240,46,167344
3116,0.00111,172.31.46.0-255,66,53306,46,167344
3117,0.00114,74.125.24.0-255,2184,55490,46,167344
3118,0.001143,172.31.46.0-255,66,55556,46,167344
3119,0.001674,74.125.24.0-255,1484,57040,46,167344
3120,0.001683,74.125.24.0-255,2902,59942,46,167344
3121,0.001687,172.31.46.0-255,66,60008,46,167344
3122,0.001691,74.125.24.0-255,1484,61492,46,167344
3123,0.001711,74.125.24.0-255,4320,65812,46,167344
3124,0.001713,172.31.46.0-255,66,65878,46,167344
3125,0.001716,74.125.24.0-255,1484,67362,46,167344
3126,0.001774,74.125.24.0-255,7156,74518,46,167344
3127,0.001777,172.31.46.0-255,66,74584,46,167344
3128,0.00181,74.125.24.0-255,2902,77486,46,167344
3129,0.001812,172.31.46.0-255,66,77552,46,167344
3130,0.00183,74.125.24.0-255,4320,81872,46,167344
3131,0.001832,172.31.46.0-255,66,81938,46,167344
3132,0.001842,172.31.46.0-255,66,82004,46,167344
3133,0.002277,74.125.24.0-255,1484,83488,46,167344
3134,0.002282,74.125.24.0-255,2902,86390,46,167344
3135,0.002286,172.31.46.0-255,66,86456,46,167344
3136,0.002289,74.125.24.0-255,1484,87940,46,167344
3137,0.002305,74.125.24.0-255,4320,92260,46,167344
3138,0.002308,172.31.46.0-255,66,92326,46,167344
3139,0.002313,74.125.24.0-255,4320,96646,46,167344
3140,0.002315,172.31.46.0-255,66,96712,46,167344
3141,0.002333,74.125.24.0-255,2902,99614,46,167344
3142,0.002335,172.31.46.0-255,66,99680,46,167344
3143,0.002349,74.125.24.0-255,1484,101164,46,167344
3144,0.002363,74.125.24.0-255,4320,105484,46,167344
3145,0.002365,172.31.46.0-255,66,105550,46,167344
3146,0.002392,172.31.46.0-255,66,105616,46,167344
3147,0.002396,74.125.24.0-255,2184,107800,46,167344
3148,0.002398,172.31.46.0-255,66,107866,46,167344
3149,0.002427,172.31.46.0-255,66,107932,46,167344
3150,0.002452,172.31.46.0-255,66,107998,46,167344
3151,0.002499,172.31.46.0-255,66,108064,46,167344
3152,0.002522,74.125.24.0-255,1484,109548,46,167344
3153,0.002537,172.31.46.0-255,66,109614,46,167344
3154,0.002552,172.31.46.0-255,66,109680,46,167344
3155,0.002563,172.31.46.0-255,66,109746,46,167344
3156,0.002584,74.125.24.0-255,1484,111230,46,167344
3157,0.002603,74.125.24.0-255,2902,114132,46,167344
3158,0.002606,172.31.46.0-255,66,114198,46,167344
3159,0.002611,74.125.24.0-255,4320,118518,46,167344
3160,0.002614,172.31.46.0-255,66,118584,46,167344
3161,0.002625,74.125.24.0-255,1484,120068,46,167344
3162,0.002628,74.125.24.0-255,1484,121552,46,167344
3163,0.00263,172.31.46.0-255,66,121618,46,167344
3164,0.002633,74.125.24.0-255,1484,123102,46,167344
3165,0.002651,74.125.24.0-255,1484,124586,46,167344
3166,0.002653,172.31.46.0-255,66,124652,46,167344
3167,0.002685,172.31.46.0-255,66,124718,46,167344
3168,0.002691,74.125.24.0-255,4320,129038,46,167344
3169,0.002693,172.31.46.0-255,66,129104,46,167344
3170,0.002739,74.125.24.0-255,2902,132006,46,167344
3171,0.002742,172.31.46.0-255,66,132072,46,167344
3172,0.002778,172.31.46.0-255,66,132138,46,167344
3173,0.002781,74.125.24.0-255,1484,133622,46,167344
3174,0.002829,172.31.46.0-255,66,133688,46,167344
3175,0.002834,74.125.24.0-255,4320,138008,46,167344
3176,0.002837,172.31.46.0-255,66,138074,46,167344
3177,0.002866,172.31.46.0-255,66,138140,46,167344
3178,0.002877,172.31.46.0-255,66,138206,46,167344
3179,0.0029,74.125.24.0-255,1484,139690,46,167344
3180,0.002926,172.31.46.0-255,66,139756,46,167344
3181,0.002945,74.125.24.0-255,2184,141940,46,167344
3182,0.002948,172.31.46.0-255,66,142006,46,167344
3183,0.002962,172.31.46.0-255,66,142072,46,167344
3184,0.002988,74.125.24.0-255,7156,149228,46,167344
3185,0.002991,172.31.46.0-255,66,149294,46,167344
3186,0.002997,74.125.24.0-255,5020,154314,46,167344
3187,0.003,172.31.46.0-255,66,154380,46,167344
3188,0.003005,74.125.24.0-255,3344,157724,46,167344
3189,0.003007,172.31.46.0-255,66,157790,46,167344
3190,0.003058,74.125.24.0-255,105,157895,46,167344
3191,0.007283,172.31.46.0-255,66,157961,46,167344
3192,0.007322,172.31.46.0-255,105,158066,46,167344
3193,0.009854,74.125.24.0-255,66,158132,46,167344
3194,0.030939,172.31.46.0-255,172,158304,46,167344
3195,0.030974,172.31.46.0-255,1119,159423,46,167344
3196,0.031051,172.31.46.0-255,1514,160937,46,167344
3197,0.031053,172.31.46.0-255,1514,162451,46,167344
3198,0.031054,172.31.46.0-255,1514,163965,46,167344
3199,0.031056,172.31.46.0-255,1514,165479,46,167344
3200,0.031083,172.31.46.0-255,1493,166972,46,167344
3201,0.032498,104.244.42.0-255,66,167038,46,167344
3202,0.032546,104.244.42.0-255,66,167104,46,167344
3203,0.032647,104.244.42.0-255,66,167170,46,167344
3204,0.034116,104.244.42.0-255,108,167278,46,167344
3205,0.034125,172.31.46.0-255,66,167344,46,167344
3206,0.0,74.125.200.0-255,153,153,46,244956
3207,2.4e-05,172.31.46.0-255,66,219,46,244956
3208,5.6e-05,74.125.200.0-255,1484,1703,46,244956
3209,6.1e-05,172.31.46.0-255,66,1769,46,244956
3210,6.6e-05,74.125.200.0-255,2902,4671,46,244956
3211,6.9e-05,172.31.46.0-255,66,4737,46,244956
3212,7.1e-05,74.125.200.0-255,1484,6221,46,244956
3213,7.3e-05,172.31.46.0-255,66,6287,46,244956
3214,0.000115,74.125.200.0-255,1484,7771,46,244956
3215,0.000117,172.31.46.0-255,66,7837,46,244956
3216,0.000142,74.125.200.0-255,1484,9321,46,244956
3217,0.000144,172.31.46.0-255,66,9387,46,244956
3218,0.00015,74.125.200.0-255,4874,14261,46,244956
3219,0.000152,172.31.46.0-255,66,14327,46,244956
3220,0.00023,74.125.200.0-255,1484,15811,46,244956
3221,0.000232,172.31.46.0-255,66,15877,46,244956
3222,0.000257,74.125.200.0-255,2902,18779,46,244956
3223,0.00026,172.31.46.0-255,66,18845,46,244956
3224,0.000278,74.125.200.0-255,2902,21747,46,244956
3225,0.000279,172.31.46.0-255,66,21813,46,244956
3226,0.000283,74.125.200.0-255,2902,24715,46,244956
3227,0.000285,172.31.46.0-255,66,24781,46,244956
3228,0.000302,74.125.200.0-255,1484,26265,46,244956
3229,0.000304,172.31.46.0-255,66,26331,46,244956
3230,0.000329,74.125.200.0-255,2902,29233,46,244956
3231,0.000331,172.31.46.0-255,66,29299,46,244956
3232,0.000359,74.125.200.0-255,5379,34678,46,244956
3233,0.000361,172.31.46.0-255,66,34744,46,244956
3234,0.000369,172.31.46.0-255,66,34810,46,244956
3235,0.000392,74.125.200.0-255,5379,40189,46,244956
3236,0.000394,172.31.46.0-255,66,40255,46,244956
3237,0.000715,74.125.200.0-255,1484,41739,46,244956
3238,0.000731,74.125.200.0-255,2902,44641,46,244956
3239,0.000734,172.31.46.0-255,66,44707,46,244956
3240,0.000762,74.125.200.0-255,4320,49027,46,244956
3241,0.000765,172.31.46.0-255,66,49093,46,244956
3242,0.000789,74.125.200.0-255,5738,54831,46,244956
3243,0.000791,172.31.46.0-255,66,54897,46,244956
3244,0.000815,74.125.200.0-255,3961,58858,46,244956
3245,0.000817,172.31.46.0-255,66,58924,46,244956
3246,0.000827,172.31.46.0-255,66,58990,46,244956
3247,0.00083,74.125.200.0-255,2902,61892,46,244956
3248,0.000835,172.31.46.0-255,66,61958,46,244956
3249,0.000861,74.125.200.0-255,3123,65081,46,244956
3250,0.000863,172.31.46.0-255,66,65147,46,244956
3251,0.000888,74.125.200.0-255,2902,68049,46,244956
3252,0.000891,172.31.46.0-255,66,68115,46,244956
3253,0.000895,74.125.200.0-255,4320,72435,46,244956
3254,0.000897,172.31.46.0-255,66,72501,46,244956
3255,0.000931,172.31.46.0-255,66,72567,46,244956
3256,0.000933,74.125.200.0-255,1125,73692,46,244956
3257,0.000968,74.125.200.0-255,1484,75176,46,244956
3258,0.00097,172.31.46.0-255,66,75242,46,244956
3259,0.001013,74.125.200.0-255,4320,79562,46,244956
3260,0.001016,172.31.46.0-255,66,79628,46,244956
3261,0.001022,74.125.200.0-255,5738,85366,46,244956
3262,0.001024,172.31.46.0-255,66,85432,46,244956
3263,0.001051,74.125.200.0-255,4320,89752,46,244956
3264,0.001054,172.31.46.0-255,66,89818,46,244956
3265,0.001056,74.125.200.0-255,562,90380,46,244956
3266,0.001116,74.125.200.0-255,1484,91864,46,244956
3267,0.001119,172.31.46.0-255,66,91930,46,244956
3268,0.001123,74.125.200.0-255,1484,93414,46,244956
3269,0.001146,74.125.200.0-255,2902,96316,46,244956
3270,0.00115,172.31.46.0-255,66,96382,46,244956
3271,0.001153,74.125.200.0-255,1484,97866,46,244956
3272,0.001157,74.125.200.0-255,2902,100768,46,244956
3273,0.00116,172.31.46.0-255,66,100834,46,244956
3274,0.001166,74.125.200.0-255,5738,106572,46,244956
3275,0.001168,172.31.46.0-255,66,106638,46,244956
3276,0.001229,172.31.46.0-255,66,106704,46,244956
3277,0.001259,74.125.200.0-255,4320,111024,46,244956
3278,0.001261,172.31.46.0-255,66,111090,46,244956
3279,0.001287,74.125.200.0-255,766,111856,46,244956
3280,0.001329,74.125.200.0-255,1484,113340,46,244956
3281,0.001333,172.31.46.0-255,66,113406,46,244956
3282,0.001373,74.125.200.0-255,2902,116308,46,244956
3283,0.001376,172.31.46.0-255,66,116374,46,244956
3284,0.001408,74.125.200.0-255,5738,122112,46,244956
3285,0.001412,172.31.46.0-255,66,122178,46,244956
3286,0.001419,74.125.200.0-255,7156,129334,46,244956
3287,0.001421,172.31.46.0-255,66,129400,46,244956
3288,0.001452,74.125.200.0-255,7156,136556,46,244956
3289,0.001455,172.31.46.0-255,66,136622,46,244956
3290,0.001479,74.125.200.0-255,7156,143778,46,244956
3291,0.001482,172.31.46.0-255,66,143844,46,244956
3292,0.001508,74.125.200.0-255,2184,146028,46,244956
3293,0.001511,172.31.46.0-255,66,146094,46,244956
3294,0.001541,74.125.200.0-255,1484,147578,46,244956
3295,0.001557,74.125.200.0-255,2902,150480,46,244956
3296,0.00156,172.31.46.0-255,66,150546,46,244956
3297,0.001564,74.125.200.0-255,1484,152030,46,244956
3298,0.001589,74.125.200.0-255,4320,156350,46,244956
3299,0.001592,172.31.46.0-255,66,156416,46,244956
3300,0.001598,74.125.200.0-255,5738,162154,46,244956
3301,0.001601,172.31.46.0-255,66,162220,46,244956
3302,0.001639,74.125.200.0-255,5738,167958,46,244956
3303,0.001643,172.31.46.0-255,66,168024,46,244956
3304,0.001652,74.125.200.0-255,1484,169508,46,244956
3305,0.001702,74.125.200.0-255,2902,172410,46,244956
3306,0.001705,172.31.46.0-255,66,172476,46,244956
3307,0.001738,74.125.200.0-255,5738,178214,46,244956
3308,0.001741,172.31.46.0-255,66,178280,46,244956
3309,0.001759,74.125.200.0-255,1484,179764,46,244956
3310,0.001771,74.125.200.0-255,766,180530,46,244956
3311,0.001773,172.31.46.0-255,66,180596,46,244956
3312,0.00189,74.125.200.0-255,1484,182080,46,244956
3313,0.001897,74.125.200.0-255,2902,184982,46,244956
3314,0.001901,172.31.46.0-255,66,185048,46,244956
3315,0.00193,74.125.200.0-255,5738,190786,46,244956
3316,0.001933,172.31.46.0-255,66,190852,46,244956
3317,0.001968,172.31.46.0-255,66,190918,46,244956
3318,0.001995,74.125.200.0-255,1484,192402,46,244956
3319,0.002016,172.31.46.0-255,66,192468,46,244956
3320,0.002125,74.125.200.0-255,1484,193952,46,244956
3321,0.00213,74.125.200.0-255,1484,195436,46,244956
3322,0.002132,172.31.46.0-255,66,195502,46,244956
3323,0.002145,74.125.200.0-255,1484,196986,46,244956
3324,0.002153,74.125.200.0-255,1484,198470,46,244956
3325,0.002156,172.31.46.0-255,66,198536,46,244956
3326,0.002162,74.125.200.0-255,2902,201438,46,244956
3327,0.002165,172.31.46.0-255,66,201504,46,244956
3328,0.002171,74.125.200.0-255,5738,207242,46,244956
3329,0.002174,172.31.46.0-255,66,207308,46,244956
3330,0.002216,172.31.46.0-255,66,207374,46,244956
3331,0.002241,74.125.200.0-255,2902,210276,46,244956
3332,0.002244,172.31.46.0-255,66,210342,46,244956
3333,0.002258,172.31.46.0-255,66,210408,46,244956
3334,0.002287,74.125.200.0-255,2184,212592,46,244956
3335,0.00229,172.31.46.0-255,66,212658,46,244956
3336,0.002295,74.125.200.0-255,4320,216978,46,244956
3337,0.002297,172.31.46.0-255,66,217044,46,244956
3338,0.002301,74.125.200.0-255,2902,219946,46,244956
3339,0.002303,172.31.46.0-255,66,220012,46,244956
3340,0.002359,172.31.46.0-255,66,220078,46,244956
3341,0.002363,74.125.200.0-255,2184,222262,46,244956
3342,0.002366,172.31.46.0-255,66,222328,46,244956
3343,0.002405,74.125.200.0-255,4320,226648,46,244956
3344,0.002409,172.31.46.0-255,66,226714,46,244956
3345,0.002452,172.31.46.0-255,66,226780,46,244956
3346,0.002466,172.31.46.0-255,66,226846,46,244956
3347,0.002471,74.125.200.0-255,4320,231166,46,244956
3348,0.002472,172.31.46.0-255,66,231232,46,244956
3349,0.002525,172.31.46.0-255,66,231298,46,244956
3350,0.002532,74.125.200.0-255,7156,238454,46,244956
3351,0.002567,74.125.200.0-255,3602,242056,46,244956
3352,0.002569,74.125.200.0-255,343,242399,46,244956
3353,0.002584,74.125.200.0-255,105,242504,46,244956
3354,0.002638,172.31.46.0-255,66,242570,46,244956
3355,0.003151,172.31.46.0-255,101,242671,46,244956
3356,0.005328,172.31.46.0-255,105,242776,46,244956
3357,0.005803,74.125.200.0-255,66,242842,46,244956
3358,0.007969,74.125.200.0-255,66,242908,46,244956
3359,0.033765,172.31.46.0-255,176,243084,46,244956
3360,0.033794,172.31.46.0-255,1118,244202,46,244956
3361,0.033845,172.31.46.0-255,556,244758,46,244956
3362,0.035407,104.244.42.0-255,66,244824,46,244956
3363,0.03545,104.244.42.0-255,66,244890,46,244956
3364,0.035507,104.244.42.0-255,66,244956,46,244956
3365,0.0,172.217.194.0-255,153,153,46,213801
3366,2.3e-05,172.31.46.0-255,66,219,46,213801
3367,3e-05,172.217.194.0-255,1484,1703,46,213801
3368,3.5e-05,172.31.46.0-255,66,1769,46,213801
3369,4e-05,172.217.194.0-255,2902,4671,46,213801
3370,4.3e-05,172.31.46.0-255,66,4737,46,213801
3371,5.8e-05,172.217.194.0-255,7156,11893,46,213801
3372,6.1e-05,172.31.46.0-255,66,11959,46,213801
3373,0.000106,172.217.194.0-255,4320,16279,46,213801
3374,0.00011,172.31.46.0-255,66,16345,46,213801
3375,0.000147,172.217.194.0-255,4877,21222,46,213801
3376,0.000151,172.31.46.0-255,66,21288,46,213801
3377,0.000168,172.31.46.0-255,66,21354,46,213801
3378,0.000185,172.217.194.0-255,1484,22838,46,213801
3379,0.000187,172.31.46.0-255,66,22904,46,213801
3380,0.000192,172.217.194.0-255,2902,25806,46,213801
3381,0.000195,172.31.46.0-255,66,25872,46,213801
3382,0.000218,172.217.194.0-255,4320,30192,46,213801
3383,0.000221,172.31.46.0-255,66,30258,46,213801
3384,0.000244,172.217.194.0-255,1484,31742,46,213801
3385,0.000246,172.31.46.0-255,66,31808,46,213801
3386,0.000281,172.31.46.0-255,66,31874,46,213801
3387,0.00031,172.217.194.0-255,3961,35835,46,213801
3388,0.000313,172.31.46.0-255,66,35901,46,213801
3389,0.000325,172.31.46.0-255,66,35967,46,213801
3390,0.000328,172.217.194.0-255,119,36086,46,213801
3391,0.00033,172.31.46.0-255,66,36152,46,213801
3392,0.000358,172.217.194.0-255,381,36533,46,213801
3393,0.000361,172.31.46.0-255,66,36599,46,213801
3394,0.000662,172.217.194.0-255,1484,38083,46,213801
3395,0.000679,172.217.194.0-255,2902,40985,46,213801
3396,0.000687,172.31.46.0-255,66,41051,46,213801
3397,0.00071,172.217.194.0-255,5738,46789,46,213801
3398,0.000718,172.217.194.0-255,7156,53945,46,213801
3399,0.000729,172.217.194.0-255,2902,56847,46,213801
3400,0.000747,172.31.46.0-255,66,56913,46,213801
3401,0.000776,172.217.194.0-255,1484,58397,46,213801
3402,0.000818,172.31.46.0-255,66,58463,46,213801
3403,0.001197,172.217.194.0-255,1484,59947,46,213801
3404,0.001212,172.217.194.0-255,2902,62849,46,213801
3405,0.001216,172.31.46.0-255,66,62915,46,213801
3406,0.001223,172.217.194.0-255,4320,67235,46,213801
3407,0.001232,172.31.46.0-255,66,67301,46,213801
3408,0.001252,172.217.194.0-255,1484,68785,46,213801
3409,0.001268,172.217.194.0-255,2902,71687,46,213801
3410,0.001314,172.31.46.0-255,66,71753,46,213801
3411,0.002173,172.217.194.0-255,1484,73237,46,213801
3412,0.002184,172.217.194.0-255,2902,76139,46,213801
3413,0.002189,172.31.46.0-255,66,76205,46,213801
3414,0.002225,172.217.194.0-255,5738,81943,46,213801
3415,0.002283,172.217.194.0-255,3602,85545,46,213801
3416,0.002286,172.217.194.0-255,1484,87029,46,213801
3417,0.002301,172.217.194.0-255,2902,89931,46,213801
3418,0.002305,172.217.194.0-255,2902,92833,46,213801
3419,0.002331,172.217.194.0-255,7156,99989,46,213801
3420,0.002337,172.217.194.0-255,5738,105727,46,213801
3421,0.002353,172.217.194.0-255,2902,108629,46,213801
3422,0.002381,172.217.194.0-255,2902,111531,46,213801
3423,0.002396,172.217.194.0-255,5020,116551,46,213801
3424,0.002426,172.217.194.0-255,1484,118035,46,213801
3425,0.002443,172.217.194.0-255,2902,120937,46,213801
3426,0.00245,172.217.194.0-255,5738,126675,46,213801
3427,0.00251,172.217.194.0-255,5738,132413,46,213801
3428,0.002526,172.217.194.0-255,5738,138151,46,213801
3429,0.00253,172.217.194.0-255,1484,139635,46,213801
3430,0.007113,172.31.46.0-255,66,139701,46,213801
3431,0.009593,172.217.194.0-255,5738,145439,46,213801
3432,0.009601,172.31.46.0-255,66,145505,46,213801
3433,0.012046,172.217.194.0-255,5738,151243,46,213801
3434,0.012053,172.31.46.0-255,66,151309,46,213801
3435,0.014495,172.217.194.0-255,5738,157047,46,213801
3436,0.014503,172.31.46.0-255,66,157113,46,213801
3437,0.016996,172.217.194.0-255,5738,162851,46,213801
3438,0.017004,172.31.46.0-255,66,162917,46,213801
3439,0.019452,172.217.194.0-255,4320,167237,46,213801
3440,0.019461,172.31.46.0-255,66,167303,46,213801
3441,0.019492,172.217.194.0-255,1484,168787,46,213801
3442,0.021913,172.217.194.0-255,4320,173107,46,213801
3443,0.02192,172.31.46.0-255,66,173173,46,213801
3444,0.024389,172.217.194.0-255,5738,178911,46,213801
3445,0.024436,172.31.46.0-255,66,178977,46,213801
3446,0.026888,172.217.194.0-255,5738,184715,46,213801
3447,0.026895,172.31.46.0-255,66,184781,46,213801
3448,0.029368,172.217.194.0-255,5738,190519,46,213801
3449,0.029376,172.31.46.0-255,66,190585,46,213801
3450,0.031777,172.217.194.0-255,5738,196323,46,213801
3451,0.031784,172.31.46.0-255,66,196389,46,213801
3452,0.034224,172.217.194.0-255,5738,202127,46,213801
3453,0.034232,172.31.46.0-255,66,202193,46,213801
3454,0.036645,172.217.194.0-255,5738,207931,46,213801
3455,0.036652,172.31.46.0-255,66,207997,46,213801
3456,0.03916,172.217.194.0-255,5738,213735,46,213801
3457,0.039167,172.31.46.0-255,66,213801,46,213801
3458,0.0,74.125.200.0-255,159,159,46,317732
3459,1.2e-05,172.31.46.0-255,66,225,46,317732
3460,3.7e-05,74.125.200.0-255,1484,1709,46,317732
3461,4.2e-05,172.31.46.0-255,66,1775,46,317732
3462,4.5e-05,74.125.200.0-255,1484,3259,46,317732
3463,4.7e-05,172.31.46.0-255,66,3325,46,317732
3464,5.3e-05,74.125.200.0-255,2902,6227,46,317732
3465,6e-05,172.31.46.0-255,66,6293,46,317732
3466,6.3e-05,74.125.200.0-255,1484,7777,46,317732
3467,6.6e-05,172.31.46.0-255,66,7843,46,317732
3468,0.0001,74.125.200.0-255,4320,12163,46,317732
3469,0.000103,172.31.46.0-255,66,12229,46,317732
3470,0.00011,74.125.200.0-255,5738,17967,46,317732
3471,0.000113,172.31.46.0-255,66,18033,46,317732
3472,0.000132,74.125.200.0-255,620,18653,46,317732
3473,0.000134,172.31.46.0-255,66,18719,46,317732
3474,0.000142,74.125.200.0-255,7156,25875,46,317732
3475,0.000145,172.31.46.0-255,66,25941,46,317732
3476,0.000149,74.125.200.0-255,1484,27425,46,317732
3477,0.00015,172.31.46.0-255,66,27491,46,317732
3478,0.000176,74.125.200.0-255,3961,31452,46,317732
3479,0.000179,172.31.46.0-255,66,31518,46,317732
3480,0.000235,74.125.200.0-255,1484,33002,46,317732
3481,0.000238,172.31.46.0-255,66,33068,46,317732
3482,0.000274,74.125.200.0-255,1484,34552,46,317732
3483,0.000277,172.31.46.0-255,66,34618,46,317732
3484,0.00031,74.125.200.0-255,1484,36102,46,317732
3485,0.000313,172.31.46.0-255,66,36168,46,317732
3486,0.000319,74.125.200.0-255,5738,41906,46,317732
3487,0.000321,172.31.46.0-255,66,41972,46,317732
3488,0.000333,74.125.200.0-255,6797,48769,46,317732
3489,0.000335,172.31.46.0-255,66,48835,46,317732
3490,0.00034,74.125.200.0-255,4320,53155,46,317732
3491,0.000342,172.31.46.0-255,66,53221,46,317732
3492,0.000373,74.125.200.0-255,2902,56123,46,317732
3493,0.000376,172.31.46.0-255,66,56189,46,317732
3494,0.000383,74.125.200.0-255,7156,63345,46,317732
3495,0.000386,172.31.46.0-255,66,63411,46,317732
3496,0.000389,74.125.200.0-255,1484,64895,46,317732
3497,0.000422,74.125.200.0-255,1469,66364,46,317732
3498,0.000425,172.31.46.0-255,66,66430,46,317732
3499,0.000476,74.125.200.0-255,1484,67914,46,317732
3500,0.000482,74.125.200.0-255,2902,70816,46,317732
3501,0.000485,172.31.46.0-255,66,70882,46,317732
3502,0.000488,74.125.200.0-255,1484,72366,46,317732
3503,0.000505,74.125.200.0-255,2902,75268,46,317732
3504,0.000507,172.31.46.0-255,66,75334,46,317732
3505,0.000514,74.125.200.0-255,5738,81072,46,317732
3506,0.000516,172.31.46.0-255,66,81138,46,317732
3507,0.000545,74.125.200.0-255,2902,84040,46,317732
3508,0.000548,172.31.46.0-255,66,84106,46,317732
3509,0.000585,172.31.46.0-255,66,84172,46,317732
3510,0.00059,74.125.200.0-255,2902,87074,46,317732
3511,0.000592,172.31.46.0-255,66,87140,46,317732
3512,0.000615,74.125.200.0-255,3961,91101,46,317732
3513,0.000622,172.31.46.0-255,66,91167,46,317732
3514,0.000814,74.125.200.0-255,1484,92651,46,317732
3515,0.000831,74.125.200.0-255,2902,95553,46,317732
3516,0.000834,172.31.46.0-255,66,95619,46,317732
3517,0.000866,74.125.200.0-255,5738,101357,46,317732
3518,0.00087,172.31.46.0-255,66,101423,46,317732
3519,0.000878,74.125.200.0-255,7156,108579,46,317732
3520,0.00088,172.31.46.0-255,66,108645,46,317732
3521,0.000922,172.31.46.0-255,66,108711,46,317732
3522,0.000952,74.125.200.0-255,2902,111613,46,317732
3523,0.000955,172.31.46.0-255,66,111679,46,317732
3524,0.000993,74.125.200.0-255,1880,113559,46,317732
3525,0.000996,172.31.46.0-255,66,113625,46,317732
3526,0.001065,74.125.200.0-255,1484,115109,46,317732
3527,0.001086,74.125.200.0-255,2902,118011,46,317732
3528,0.001089,172.31.46.0-255,66,118077,46,317732
3529,0.001093,74.125.200.0-255,1484,119561,46,317732
3530,0.001115,74.125.200.0-255,1484,121045,46,317732
3531,0.001117,172.31.46.0-255,66,121111,46,317732
3532,0.001123,74.125.200.0-255,4320,125431,46,317732
3533,0.001125,172.31.46.0-255,66,125497,46,317732
3534,0.001169,172.31.46.0-255,66,125563,46,317732
3535,0.001177,74.125.200.0-255,5738,131301,46,317732
3536,0.00118,172.31.46.0-255,66,131367,46,317732
3537,0.001187,74.125.200.0-255,7156,138523,46,317732
3538,0.00119,172.31.46.0-255,66,138589,46,317732
3539,0.001193,74.125.200.0-255,766,139355,46,317732
3540,0.00133,74.125.200.0-255,1484,140839,46,317732
3541,0.001334,172.31.46.0-255,66,140905,46,317732
3542,0.001349,74.125.200.0-255,2902,143807,46,317732
3543,0.001358,172.31.46.0-255,66,143873,46,317732
3544,0.001362,74.125.200.0-255,1484,145357,46,317732
3545,0.001386,74.125.200.0-255,2902,148259,46,317732
3546,0.001411,74.125.200.0-255,5738,153997,46,317732
3547,0.00142,172.31.46.0-255,66,154063,46,317732
3548,0.001432,74.125.200.0-255,4320,158383,46,317732
3549,0.00146,172.31.46.0-255,66,158449,46,317732
3550,0.00147,74.125.200.0-255,2902,161351,46,317732
3551,0.001478,172.31.46.0-255,66,161417,46,317732
3552,0.001497,74.125.200.0-255,2902,164319,46,317732
3553,0.0015,172.31.46.0-255,66,164385,46,317732
3554,0.001506,74.125.200.0-255,5738,170123,46,317732
3555,0.001524,74.125.200.0-255,1484,171607,46,317732
3556,0.001537,172.31.46.0-255,66,171673,46,317732
3557,0.001564,74.125.200.0-255,2184,173857,46,317732
3558,0.001579,172.31.46.0-255,66,173923,46,317732
3559,0.001697,74.125.200.0-255,1484,175407,46,317732
3560,0.0017,74.125.200.0-255,1484,176891,46,317732
3561,0.001706,172.31.46.0-255,66,176957,46,317732
3562,0.001714,74.125.200.0-255,1484,178441,46,317732
3563,0.001735,74.125.200.0-255,5738,184179,46,317732
3564,0.001755,74.125.200.0-255,1484,185663,46,317732
3565,0.001809,172.31.46.0-255,66,185729,46,317732
3566,0.001834,74.125.200.0-255,2184,187913,46,317732
3567,0.001838,74.125.200.0-255,2902,190815,46,317732
3568,0.001843,172.31.46.0-255,66,190881,46,317732
3569,0.001885,74.125.200.0-255,4320,195201,46,317732
3570,0.001895,172.31.46.0-255,66,195267,46,317732
3571,0.001904,74.125.200.0-255,2902,198169,46,317732
3572,0.001931,74.125.200.0-255,7156,205325,46,317732
3573,0.001936,74.125.200.0-255,4320,209645,46,317732
3574,0.001945,172.31.46.0-255,66,209711,46,317732
3575,0.001955,74.125.200.0-255,3602,213313,46,317732
3576,0.001963,74.125.200.0-255,1484,214797,46,317732
3577,0.001988,172.31.46.0-255,66,214863,46,317732
3578,0.001993,74.125.200.0-255,2902,217765,46,317732
3579,0.002012,74.125.200.0-255,4320,222085,46,317732
3580,0.002017,172.31.46.0-255,66,222151,46,317732
3581,0.002025,74.125.200.0-255,1484,223635,46,317732
3582,0.002036,74.125.200.0-255,7156,230791,46,317732
3583,0.002064,172.31.46.0-255,66,230857,46,317732
3584,0.00207,74.125.200.0-255,2902,233759,46,317732
3585,0.002076,172.31.46.0-255,66,233825,46,317732
3586,0.002097,74.125.200.0-255,5738,239563,46,317732
3587,0.002111,74.125.200.0-255,5738,245301,46,317732
3588,0.002129,74.125.200.0-255,2902,248203,46,317732
3589,0.002158,74.125.200.0-255,2184,250387,46,317732
3590,0.00216,74.125.200.0-255,1484,251871,46,317732
3591,0.002168,172.31.46.0-255,66,251937,46,317732
3592,0.002225,74.125.200.0-255,2902,254839,46,317732
3593,0.002237,74.125.200.0-255,2902,257741,46,317732
3594,0.002244,74.125.200.0-255,5738,263479,46,317732
3595,0.002255,172.31.46.0-255,66,263545,46,317732
3596,0.002268,74.125.200.0-255,2902,266447,46,317732
3597,0.002283,74.125.200.0-255,1484,267931,46,317732
3598,0.002286,74.125.200.0-255,1484,269415,46,317732
3599,0.002289,74.125.200.0-255,1484,270899,46,317732
3600,0.002301,74.125.200.0-255,2902,273801,46,317732
3601,0.002318,74.125.200.0-255,1484,275285,46,317732
3602,0.002323,74.125.200.0-255,2902,278187,46,317732
3603,0.002325,74.125.200.0-255,1484,279671,46,317732
3604,0.002327,74.125.200.0-255,1484,281155,46,317732
3605,0.002332,172.31.46.0-255,66,281221,46,317732
3606,0.002358,74.125.200.0-255,4320,285541,46,317732
3607,0.002361,74.125.200.0-255,766,286307,46,317732
3608,0.002376,172.31.46.0-255,66,286373,46,317732
3609,0.002399,74.125.200.0-255,1484,287857,46,317732
3610,0.002402,74.125.200.0-255,1484,289341,46,317732
3611,0.002424,74.125.200.0-255,2902,292243,46,317732
3612,0.00243,74.125.200.0-255,5738,297981,46,317732
3613,0.002434,172.31.46.0-255,66,298047,46,317732
3614,0.002444,172.31.46.0-255,66,298113,46,317732
3615,0.002473,74.125.200.0-255,4320,302433,46,317732
3616,0.002483,172.31.46.0-255,66,302499,46,317732
3617,0.002503,74.125.200.0-255,5738,308237,46,317732
3618,0.002507,74.125.200.0-255,122,308359,46,317732
3619,0.002521,74.125.200.0-255,105,308464,46,317732
3620,0.002528,172.31.46.0-255,66,308530,46,317732
3621,0.011095,172.31.46.0-255,105,308635,46,317732
3622,0.013254,74.125.200.0-255,66,308701,46,317732
3623,0.034066,172.31.46.0-255,164,308865,46,317732
3624,0.0341,172.31.46.0-255,1127,309992,46,317732
3625,0.034185,172.31.46.0-255,1514,311506,46,317732
3626,0.034187,172.31.46.0-255,1514,313020,46,317732
3627,0.034189,172.31.46.0-255,1514,314534,46,317732
3628,0.034194,172.31.46.0-255,1514,316048,46,317732
3629,0.034195,172.31.46.0-255,1486,317534,46,317732
3630,0.035763,104.244.42.0-255,66,317600,46,317732
3631,0.035855,104.244.42.0-255,66,317666,46,317732
3632,0.035905,104.244.42.0-255,66,317732,46,317732
3633,0.0,74.125.68.0-255,152,152,46,311407
3634,2.3e-05,172.31.46.0-255,66,218,46,311407
3635,5.4e-05,74.125.68.0-255,1484,1702,46,311407
3636,6.1e-05,172.31.46.0-255,66,1768,46,311407
3637,6.5e-05,74.125.68.0-255,1484,3252,46,311407
3638,6.8e-05,172.31.46.0-255,66,3318,46,311407
3639,7.4e-05,74.125.68.0-255,2902,6220,46,311407
3640,7.7e-05,172.31.46.0-255,66,6286,46,311407
3641,0.000123,74.125.68.0-255,1484,7770,46,311407
3642,0.000125,172.31.46.0-255,66,7836,46,311407
3643,0.000149,74.125.68.0-255,2902,10738,46,311407
3644,0.000152,172.31.46.0-255,66,10804,46,311407
3645,0.000157,74.125.68.0-255,2902,13706,46,311407
3646,0.000159,172.31.46.0-255,66,13772,46,311407
3647,0.000177,74.125.68.0-255,586,14358,46,311407
3648,0.00018,172.31.46.0-255,66,14424,46,311407
3649,0.000288,74.125.68.0-255,1484,15908,46,311407
3650,0.000292,172.31.46.0-255,66,15974,46,311407
3651,0.000297,74.125.68.0-255,2902,18876,46,311407
3652,0.0003,172.31.46.0-255,66,18942,46,311407
3653,0.000319,74.125.68.0-255,4320,23262,46,311407
3654,0.000326,172.31.46.0-255,66,23328,46,311407
3655,0.000368,172.31.46.0-255,66,23394,46,311407
3656,0.000396,172.31.46.0-255,66,23460,46,311407
3657,0.000399,74.125.68.0-255,1484,24944,46,311407
3658,0.000401,172.31.46.0-255,66,25010,46,311407
3659,0.000442,74.125.68.0-255,6797,31807,46,311407
3660,0.000445,172.31.46.0-255,66,31873,46,311407
3661,0.000469,74.125.68.0-255,1484,33357,46,311407
3662,0.000471,172.31.46.0-255,66,33423,46,311407
3663,0.000493,74.125.68.0-255,1484,34907,46,311407
3664,0.000524,74.125.68.0-255,1484,36391,46,311407
3665,0.000526,172.31.46.0-255,66,36457,46,311407
3666,0.000533,74.125.68.0-255,5738,42195,46,311407
3667,0.000536,172.31.46.0-255,66,42261,46,311407
3668,0.000541,74.125.68.0-255,4320,46581,46,311407
3669,0.000544,172.31.46.0-255,66,46647,46,311407
3670,0.000575,74.125.68.0-255,2899,49546,46,311407
3671,0.000578,172.31.46.0-255,66,49612,46,311407
3672,0.000603,74.125.68.0-255,330,49942,46,311407
3673,0.000762,74.125.68.0-255,1484,51426,46,311407
3674,0.000768,172.31.46.0-255,66,51492,46,311407
3675,0.000774,74.125.68.0-255,2902,54394,46,311407
3676,0.000776,172.31.46.0-255,66,54460,46,311407
3677,0.000804,74.125.68.0-255,5738,60198,46,311407
3678,0.000807,172.31.46.0-255,66,60264,46,311407
3679,0.000812,74.125.68.0-255,2902,63166,46,311407
3680,0.000814,172.31.46.0-255,66,63232,46,311407
3681,0.000853,74.125.68.0-255,4320,67552,46,311407
3682,0.000857,172.31.46.0-255,66,67618,46,311407
3683,0.000868,172.31.46.0-255,66,67684,46,311407
3684,0.000879,172.31.46.0-255,66,67750,46,311407
3685,0.001428,74.125.68.0-255,1484,69234,46,311407
3686,0.001445,74.125.68.0-255,2902,72136,46,311407
3687,0.001449,172.31.46.0-255,66,72202,46,311407
3688,0.001478,74.125.68.0-255,4320,76522,46,311407
3689,0.001483,172.31.46.0-255,66,76588,46,311407
3690,0.001495,74.125.68.0-255,1484,78072,46,311407
3691,0.001507,74.125.68.0-255,7156,85228,46,311407
3692,0.00151,172.31.46.0-255,66,85294,46,311407
3693,0.001582,172.31.46.0-255,66,85360,46,311407
3694,0.001587,74.125.68.0-255,2184,87544,46,311407
3695,0.001589,172.31.46.0-255,66,87610,46,311407
3696,0.001641,74.125.68.0-255,1484,89094,46,311407
3697,0.001647,74.125.68.0-255,2902,91996,46,311407
3698,0.00165,172.31.46.0-255,66,92062,46,311407
3699,0.001655,74.125.68.0-255,2902,94964,46,311407
3700,0.001656,172.31.46.0-255,66,95030,46,311407
3701,0.001677,74.125.68.0-255,2902,97932,46,311407
3702,0.001679,172.31.46.0-255,66,97998,46,311407
3703,0.001687,74.125.68.0-255,2902,100900,46,311407
3704,0.00169,172.31.46.0-255,66,100966,46,311407
3705,0.001695,74.125.68.0-255,4320,105286,46,311407
3706,0.001698,172.31.46.0-255,66,105352,46,311407
3707,0.001728,172.31.46.0-255,66,105418,46,311407
3708,0.001736,74.125.68.0-255,7156,112574,46,311407
3709,0.001739,172.31.46.0-255,66,112640,46,311407
3710,0.001769,74.125.68.0-255,766,113406,46,311407
3711,0.001862,74.125.68.0-255,1484,114890,46,311407
3712,0.001868,172.31.46.0-255,66,114956,46,311407
3713,0.001875,74.125.68.0-255,2902,117858,46,311407
3714,0.001877,172.31.46.0-255,66,117924,46,311407
3715,0.001889,74.125.68.0-255,5738,123662,46,311407
3716,0.001891,172.31.46.0-255,66,123728,46,311407
3717,0.001896,74.125.68.0-255,2902,126630,46,311407
3718,0.001898,172.31.46.0-255,66,126696,46,311407
3719,0.001906,74.125.68.0-255,5738,132434,46,311407
3720,0.001908,172.31.46.0-255,66,132500,46,311407
3721,0.001931,74.125.68.0-255,4320,136820,46,311407
3722,0.001935,172.31.46.0-255,66,136886,46,311407
3723,0.001942,74.125.68.0-255,7156,144042,46,311407
3724,0.001944,172.31.46.0-255,66,144108,46,311407
3725,0.001969,74.125.68.0-255,2902,147010,46,311407
3726,0.001971,172.31.46.0-255,66,147076,46,311407
3727,0.001974,74.125.68.0-255,766,147842,46,311407
3728,0.002092,74.125.68.0-255,1484,149326,46,311407
3729,0.002097,172.31.46.0-255,66,149392,46,311407
3730,0.002102,74.125.68.0-255,2902,152294,46,311407
3731,0.002104,172.31.46.0-255,66,152360,46,311407
3732,0.002141,74.125.68.0-255,5738,158098,46,311407
3733,0.002145,172.31.46.0-255,66,158164,46,311407
3734,0.002148,74.125.68.0-255,1484,159648,46,311407
3735,0.002153,74.125.68.0-255,2902,162550,46,311407
3736,0.002156,172.31.46.0-255,66,162616,46,311407
3737,0.002161,74.125.68.0-255,4320,166936,46,311407
3738,0.002164,172.31.46.0-255,66,167002,46,311407
3739,0.002166,74.125.68.0-255,1484,168486,46,311407
3740,0.002199,74.125.68.0-255,5738,174224,46,311407
3741,0.002202,172.31.46.0-255,66,174290,46,311407
3742,0.002218,74.125.68.0-255,4320,178610,46,311407
3743,0.002224,172.31.46.0-255,66,178676,46,311407
3744,0.002251,74.125.68.0-255,3602,182278,46,311407
3745,0.002254,172.31.46.0-255,66,182344,46,311407
3746,0.002381,74.125.68.0-255,1484,183828,46,311407
3747,0.002403,74.125.68.0-255,1484,185312,46,311407
3748,0.002407,172.31.46.0-255,66,185378,46,311407
3749,0.00244,74.125.68.0-255,4320,189698,46,311407
3750,0.002444,172.31.46.0-255,66,189764,46,311407
3751,0.002447,74.125.68.0-255,1484,191248,46,311407
3752,0.002469,74.125.68.0-255,2902,194150,46,311407
3753,0.002472,172.31.46.0-255,66,194216,46,311407
3754,0.002502,74.125.68.0-255,1484,195700,46,311407
3755,0.002516,74.125.68.0-255,2902,198602,46,311407
3756,0.002519,172.31.46.0-255,66,198668,46,311407
3757,0.002548,74.125.68.0-255,5738,204406,46,311407
3758,0.002551,172.31.46.0-255,66,204472,46,311407
3759,0.002563,74.125.68.0-255,2902,207374,46,311407
3760,0.00257,172.31.46.0-255,66,207440,46,311407
3761,0.002597,74.125.68.0-255,4320,211760,46,311407
3762,0.002601,172.31.46.0-255,66,211826,46,311407
3763,0.002607,74.125.68.0-255,4320,216146,46,311407
3764,0.002609,172.31.46.0-255,66,216212,46,311407
3765,0.002611,74.125.68.0-255,766,216978,46,311407
3766,0.002707,74.125.68.0-255,1484,218462,46,311407
3767,0.002711,172.31.46.0-255,66,218528,46,311407
3768,0.002716,74.125.68.0-255,1484,220012,46,311407
3769,0.002737,74.125.68.0-255,1484,221496,46,311407
3770,0.002739,172.31.46.0-255,66,221562,46,311407
3771,0.002745,74.125.68.0-255,4320,225882,46,311407
3772,0.002748,172.31.46.0-255,66,225948,46,311407
3773,0.00278,74.125.68.0-255,5738,231686,46,311407
3774,0.002783,172.31.46.0-255,66,231752,46,311407
3775,0.002794,172.31.46.0-255,66,231818,46,311407
3776,0.00282,74.125.68.0-255,2902,234720,46,311407
3777,0.002823,172.31.46.0-255,66,234786,46,311407
3778,0.002828,74.125.68.0-255,4320,239106,46,311407
3779,0.002831,172.31.46.0-255,66,239172,46,311407
3780,0.002864,172.31.46.0-255,66,239238,46,311407
3781,0.002888,74.125.68.0-255,5020,244258,46,311407
3782,0.002891,172.31.46.0-255,66,244324,46,311407
3783,0.002897,74.125.68.0-255,5738,250062,46,311407
3784,0.002899,172.31.46.0-255,66,250128,46,311407
3785,0.002905,74.125.68.0-255,5738,255866,46,311407
3786,0.002907,172.31.46.0-255,66,255932,46,311407
3787,0.002913,74.125.68.0-255,4320,260252,46,311407
3788,0.002916,172.31.46.0-255,66,260318,46,311407
3789,0.00292,74.125.68.0-255,2902,263220,46,311407
3790,0.002923,172.31.46.0-255,66,263286,46,311407
3791,0.002953,74.125.68.0-255,5020,268306,46,311407
3792,0.002956,172.31.46.0-255,66,268372,46,311407
3793,0.002982,74.125.68.0-255,1484,269856,46,311407
3794,0.002986,74.125.68.0-255,1484,271340,46,311407
3795,0.002988,172.31.46.0-255,66,271406,46,311407
3796,0.003014,74.125.68.0-255,2902,274308,46,311407
3797,0.003017,172.31.46.0-255,66,274374,46,311407
3798,0.003024,74.125.68.0-255,5738,280112,46,311407
3799,0.003026,172.31.46.0-255,66,280178,46,311407
3800,0.003055,74.125.68.0-255,5738,285916,46,311407
3801,0.003057,172.31.46.0-255,66,285982,46,311407
3802,0.003091,74.125.68.0-255,7156,293138,46,311407
3803,0.003094,172.31.46.0-255,66,293204,46,311407
3804,0.003101,74.125.68.0-255,5738,298942,46,311407
3805,0.003103,172.31.46.0-255,66,299008,46,311407
3806,0.003137,172.31.46.0-255,66,299074,46,311407
3807,0.003152,172.31.46.0-255,66,299140,46,311407
3808,0.003156,74.125.68.0-255,2886,302026,46,311407
3809,0.003158,172.31.46.0-255,66,302092,46,311407
3810,0.003196,74.125.68.0-255,105,302197,46,311407
3811,0.008748,172.31.46.0-255,66,302263,46,311407
3812,0.008798,172.31.46.0-255,105,302368,46,311407
3813,0.01088,74.125.68.0-255,66,302434,46,311407
3814,0.038213,172.31.46.0-255,172,302606,46,311407
3815,0.038248,172.31.46.0-255,1118,303724,46,311407
3816,0.038318,172.31.46.0-255,1514,305238,46,311407
3817,0.03832,172.31.46.0-255,1514,306752,46,311407
3818,0.038325,172.31.46.0-255,1514,308266,46,311407
3819,0.038326,172.31.46.0-255,1514,309780,46,311407
3820,0.038343,172.31.46.0-255,1495,311275,46,311407
3821,0.039909,104.244.42.0-255,66,311341,46,311407
3822,0.039936,104.244.42.0-255,66,311407,46,311407
3823,0.0,74.125.200.0-255,143,143,46,311017
3824,2.3e-05,74.125.200.0-255,1484,1627,46,311017
3825,3.7e-05,172.31.46.0-255,66,1693,46,311017
3826,4.7e-05,74.125.200.0-255,2902,4595,46,311017
3827,5.2e-05,172.31.46.0-255,66,4661,46,311017
3828,6.8e-05,74.125.200.0-255,7156,11817,46,311017
3829,8.4e-05,172.31.46.0-255,66,11883,46,311017
3830,8.9e-05,74.125.200.0-255,2093,13976,46,311017
3831,9.2e-05,172.31.46.0-255,66,14042,46,311017
3832,0.000405,74.125.200.0-255,1484,15526,46,311017
3833,0.000412,74.125.200.0-255,1484,17010,46,311017
3834,0.000416,172.31.46.0-255,66,17076,46,311017
3835,0.000422,74.125.200.0-255,2902,19978,46,311017
3836,0.000424,172.31.46.0-255,66,20044,46,311017
3837,0.000435,74.125.200.0-255,4320,24364,46,311017
3838,0.000437,172.31.46.0-255,66,24430,46,311017
3839,0.000476,74.125.200.0-255,1484,25914,46,311017
3840,0.000484,74.125.200.0-255,5379,31293,46,311017
3841,0.000487,172.31.46.0-255,66,31359,46,311017
3842,0.001087,74.125.200.0-255,1484,32843,46,311017
3843,0.001097,74.125.200.0-255,2902,35745,46,311017
3844,0.001102,172.31.46.0-255,66,35811,46,311017
3845,0.00111,74.125.200.0-255,4320,40131,46,311017
3846,0.001112,172.31.46.0-255,66,40197,46,311017
3847,0.001141,74.125.200.0-255,1484,41681,46,311017
3848,0.001147,74.125.200.0-255,2902,44583,46,311017
3849,0.001149,172.31.46.0-255,66,44649,46,311017
3850,0.001155,74.125.200.0-255,3961,48610,46,311017
3851,0.001157,172.31.46.0-255,66,48676,46,311017
3852,0.001184,74.125.200.0-255,5738,54414,46,311017
3853,0.001186,172.31.46.0-255,66,54480,46,311017
3854,0.001214,74.125.200.0-255,2902,57382,46,311017
3855,0.001217,172.31.46.0-255,66,57448,46,311017
3856,0.001223,74.125.200.0-255,4320,61768,46,311017
3857,0.001225,172.31.46.0-255,66,61834,46,311017
3858,0.001237,74.125.200.0-255,4230,66064,46,311017
3859,0.001239,172.31.46.0-255,66,66130,46,311017
3860,0.001281,74.125.200.0-255,134,66264,46,311017
3861,0.001405,74.125.200.0-255,1484,67748,46,311017
3862,0.00141,172.31.46.0-255,66,67814,46,311017
3863,0.001417,74.125.200.0-255,2902,70716,46,311017
3864,0.00142,172.31.46.0-255,66,70782,46,311017
3865,0.001432,74.125.200.0-255,5738,76520,46,311017
3866,0.001435,172.31.46.0-255,66,76586,46,311017
3867,0.001438,74.125.200.0-255,1484,78070,46,311017
3868,0.001468,74.125.200.0-255,5738,83808,46,311017
3869,0.001478,172.31.46.0-255,66,83874,46,311017
3870,0.001489,172.31.46.0-255,66,83940,46,311017
3871,0.0015,172.31.46.0-255,66,84006,46,311017
3872,0.00216,74.125.200.0-255,1484,85490,46,311017
3873,0.002169,74.125.200.0-255,2902,88392,46,311017
3874,0.002174,172.31.46.0-255,66,88458,46,311017
3875,0.002179,74.125.200.0-255,1484,89942,46,311017
3876,0.002206,74.125.200.0-255,4320,94262,46,311017
3877,0.002208,172.31.46.0-255,66,94328,46,311017
3878,0.002212,74.125.200.0-255,2902,97230,46,311017
3879,0.002214,172.31.46.0-255,66,97296,46,311017
3880,0.00222,74.125.200.0-255,4320,101616,46,311017
3881,0.002222,172.31.46.0-255,66,101682,46,311017
3882,0.002239,172.31.46.0-255,66,101748,46,311017
3883,0.002244,74.125.200.0-255,2902,104650,46,311017
3884,0.002246,172.31.46.0-255,66,104716,46,311017
3885,0.002283,74.125.200.0-255,4320,109036,46,311017
3886,0.002285,172.31.46.0-255,66,109102,46,311017
3887,0.002288,74.125.200.0-255,766,109868,46,311017
3888,0.002457,74.125.200.0-255,1484,111352,46,311017
3889,0.00246,172.31.46.0-255,66,111418,46,311017
3890,0.00249,74.125.200.0-255,2902,114320,46,311017
3891,0.002492,172.31.46.0-255,66,114386,46,311017
3892,0.002499,74.125.200.0-255,5738,120124,46,311017
3893,0.002501,172.31.46.0-255,66,120190,46,311017
3894,0.002529,74.125.200.0-255,2902,123092,46,311017
3895,0.002531,172.31.46.0-255,66,123158,46,311017
3896,0.002554,74.125.200.0-255,2902,126060,46,311017
3897,0.002556,172.31.46.0-255,66,126126,46,311017
3898,0.002587,74.125.200.0-255,7156,133282,46,311017
3899,0.00259,172.31.46.0-255,66,133348,46,311017
3900,0.002596,74.125.200.0-255,5738,139086,46,311017
3901,0.002598,172.31.46.0-255,66,139152,46,311017
3902,0.00261,74.125.200.0-255,6438,145590,46,311017
3903,0.002612,172.31.46.0-255,66,145656,46,311017
3904,0.002618,74.125.200.0-255,5738,151394,46,311017
3905,0.002621,172.31.46.0-255,66,151460,46,311017
3906,0.002698,172.31.46.0-255,66,151526,46,311017
3907,0.002707,74.125.200.0-255,7156,158682,46,311017
3908,0.002709,172.31.46.0-255,66,158748,46,311017
3909,0.00272,74.125.200.0-255,5020,163768,46,311017
3910,0.002723,172.31.46.0-255,66,163834,46,311017
3911,0.003163,74.125.200.0-255,1484,165318,46,311017
3912,0.003179,74.125.200.0-255,2902,168220,46,311017
3913,0.003182,172.31.46.0-255,66,168286,46,311017
3914,0.003213,74.125.200.0-255,5738,174024,46,311017
3915,0.003215,172.31.46.0-255,66,174090,46,311017
3916,0.003218,74.125.200.0-255,1484,175574,46,311017
3917,0.003243,74.125.200.0-255,7156,182730,46,311017
3918,0.003246,172.31.46.0-255,66,182796,46,311017
3919,0.003274,74.125.200.0-255,5738,188534,46,311017
3920,0.003276,172.31.46.0-255,66,188600,46,311017
3921,0.003307,74.125.200.0-255,4320,192920,46,311017
3922,0.00331,172.31.46.0-255,66,192986,46,311017
3923,0.003313,74.125.200.0-255,1484,194470,46,311017
3924,0.003335,74.125.200.0-255,3602,198072,46,311017
3925,0.003337,172.31.46.0-255,66,198138,46,311017
3926,0.003381,74.125.200.0-255,1484,199622,46,311017
3927,0.003394,74.125.200.0-255,2902,202524,46,311017
3928,0.003397,172.31.46.0-255,66,202590,46,311017
3929,0.003422,74.125.200.0-255,5738,208328,46,311017
3930,0.003426,172.31.46.0-255,66,208394,46,311017
3931,0.003449,74.125.200.0-255,1484,209878,46,311017
3932,0.003463,74.125.200.0-255,1484,211362,46,311017
3933,0.003466,172.31.46.0-255,66,211428,46,311017
3934,0.003501,74.125.200.0-255,7156,218584,46,311017
3935,0.003505,172.31.46.0-255,66,218650,46,311017
3936,0.00351,74.125.200.0-255,4320,222970,46,311017
3937,0.003513,172.31.46.0-255,66,223036,46,311017
3938,0.003515,74.125.200.0-255,1484,224520,46,311017
3939,0.003531,172.31.46.0-255,66,224586,46,311017
3940,0.003576,172.31.46.0-255,66,224652,46,311017
3941,0.003579,74.125.200.0-255,1484,226136,46,311017
3942,0.003582,74.125.200.0-255,1484,227620,46,311017
3943,0.003584,172.31.46.0-255,66,227686,46,311017
3944,0.003592,74.125.200.0-255,1484,229170,46,311017
3945,0.003596,74.125.200.0-255,2902,232072,46,311017
3946,0.003598,172.31.46.0-255,66,232138,46,311017
3947,0.003605,74.125.200.0-255,5738,237876,46,311017
3948,0.003607,172.31.46.0-255,66,237942,46,311017
3949,0.003649,74.125.200.0-255,2902,240844,46,311017
3950,0.003652,172.31.46.0-255,66,240910,46,311017
3951,0.003675,74.125.200.0-255,5738,246648,46,311017
3952,0.003678,172.31.46.0-255,66,246714,46,311017
3953,0.003683,74.125.200.0-255,5020,251734,46,311017
3954,0.003686,172.31.46.0-255,66,251800,46,311017
3955,0.00372,74.125.200.0-255,5738,257538,46,311017
3956,0.003723,172.31.46.0-255,66,257604,46,311017
3957,0.003726,74.125.200.0-255,1484,259088,46,311017
3958,0.003751,74.125.200.0-255,4320,263408,46,311017
3959,0.003753,172.31.46.0-255,66,263474,46,311017
3960,0.003783,74.125.200.0-255,2902,266376,46,311017
3961,0.003785,172.31.46.0-255,66,266442,46,311017
3962,0.003792,74.125.200.0-255,5738,272180,46,311017
3963,0.003794,172.31.46.0-255,66,272246,46,311017
3964,0.003797,74.125.200.0-255,1484,273730,46,311017
3965,0.003805,74.125.200.0-255,1484,275214,46,311017
3966,0.003807,172.31.46.0-255,66,275280,46,311017
3967,0.00381,74.125.200.0-255,1484,276764,46,311017
3968,0.003816,74.125.200.0-255,4320,281084,46,311017
3969,0.003818,172.31.46.0-255,66,281150,46,311017
3970,0.003821,74.125.200.0-255,1484,282634,46,311017
3971,0.003847,74.125.200.0-255,2184,284818,46,311017
3972,0.003851,172.31.46.0-255,66,284884,46,311017
3973,0.00392,74.125.200.0-255,1484,286368,46,311017
3974,0.003946,74.125.200.0-255,2902,289270,46,311017
3975,0.003949,172.31.46.0-255,66,289336,46,311017
3976,0.003955,74.125.200.0-255,4320,293656,46,311017
3977,0.003958,172.31.46.0-255,66,293722,46,311017
3978,0.003984,74.125.200.0-255,1484,295206,46,311017
3979,0.003995,172.31.46.0-255,66,295272,46,311017
3980,0.004024,74.125.200.0-255,4320,299592,46,311017
3981,0.004026,172.31.46.0-255,66,299658,46,311017
3982,0.004106,172.31.46.0-255,66,299724,46,311017
3983,0.004124,172.31.46.0-255,66,299790,46,311017
3984,0.004149,74.125.200.0-255,1847,301637,46,311017
3985,0.004152,172.31.46.0-255,66,301703,46,311017
3986,0.004155,74.125.200.0-255,105,301808,46,311017
3987,0.007255,172.31.46.0-255,105,301913,46,311017
3988,0.009554,74.125.200.0-255,66,301979,46,311017
3989,0.037276,172.31.46.0-255,172,302151,46,311017
3990,0.037308,172.31.46.0-255,1115,303266,46,311017
3991,0.037373,172.31.46.0-255,1514,304780,46,311017
3992,0.037374,172.31.46.0-255,1514,306294,46,311017
3993,0.037376,172.31.46.0-255,1514,307808,46,311017
3994,0.037377,172.31.46.0-255,1514,309322,46,311017
3995,0.037404,172.31.46.0-255,1497,310819,46,311017
3996,0.038956,104.244.42.0-255,66,310885,46,311017
3997,0.038995,104.244.42.0-255,66,310951,46,311017
3998,0.039095,104.244.42.0-255,66,311017,46,311017
3999,0.0,172.217.194.0-255,147,147,46,229790
4000,1.5e-05,172.31.46.0-255,66,213,46,229790
4001,2.2e-05,172.217.194.0-255,1484,1697,46,229790
4002,2.6e-05,172.31.46.0-255,66,1763,46,229790
4003,3.1e-05,172.217.194.0-255,2902,4665,46,229790
4004,3.4e-05,172.31.46.0-255,66,4731,46,229790
4005,6.5e-05,172.217.194.0-255,7156,11887,46,229790
4006,6.7e-05,172.31.46.0-255,66,11953,46,229790
4007,8.7e-05,172.217.194.0-255,1484,13437,46,229790
4008,8.9e-05,172.31.46.0-255,66,13503,46,229790
4009,0.00011,172.217.194.0-255,5738,19241,46,229790
4010,0.000112,172.31.46.0-255,66,19307,46,229790
4011,0.000139,172.31.46.0-255,66,19373,46,229790
4012,0.000158,172.217.194.0-255,2543,21916,46,229790
4013,0.00016,172.31.46.0-255,66,21982,46,229790
4014,0.000304,172.217.194.0-255,1484,23466,46,229790
4015,0.000309,172.31.46.0-255,66,23532,46,229790
4016,0.000314,172.217.194.0-255,2902,26434,46,229790
4017,0.000317,172.31.46.0-255,66,26500,46,229790
4018,0.000323,172.217.194.0-255,5738,32238,46,229790
4019,0.000325,172.31.46.0-255,66,32304,46,229790
4020,0.000328,172.217.194.0-255,1484,33788,46,229790
4021,0.000331,172.31.46.0-255,66,33854,46,229790
4022,0.000361,172.217.194.0-255,7156,41010,46,229790
4023,0.000363,172.31.46.0-255,66,41076,46,229790
4024,0.00038,172.217.194.0-255,2543,43619,46,229790
4025,0.000382,172.31.46.0-255,66,43685,46,229790
4026,0.000393,172.31.46.0-255,66,43751,46,229790
4027,0.000416,172.217.194.0-255,4214,47965,46,229790
4028,0.000418,172.31.46.0-255,66,48031,46,229790
4029,0.000421,172.217.194.0-255,119,48150,46,229790
4030,0.000483,172.217.194.0-255,1484,49634,46,229790
4031,0.000486,172.31.46.0-255,66,49700,46,229790
4032,0.000501,172.217.194.0-255,1484,51184,46,229790
4033,0.000523,172.217.194.0-255,1484,52668,46,229790
4034,0.000526,172.31.46.0-255,66,52734,46,229790
4035,0.000533,172.217.194.0-255,5738,58472,46,229790
4036,0.000536,172.31.46.0-255,66,58538,46,229790
4037,0.000546,172.31.46.0-255,66,58604,46,229790
4038,0.000594,172.217.194.0-255,4320,62924,46,229790
4039,0.000596,172.31.46.0-255,66,62990,46,229790
4040,0.000628,172.31.46.0-255,66,63056,46,229790
4041,0.000631,172.217.194.0-255,379,63435,46,229790
4042,0.000719,172.217.194.0-255,1484,64919,46,229790
4043,0.000724,172.31.46.0-255,66,64985,46,229790
4044,0.000728,172.217.194.0-255,2902,67887,46,229790
4045,0.00073,172.31.46.0-255,66,67953,46,229790
4046,0.000754,172.217.194.0-255,5738,73691,46,229790
4047,0.000757,172.31.46.0-255,66,73757,46,229790
4048,0.000763,172.217.194.0-255,4320,78077,46,229790
4049,0.000766,172.31.46.0-255,66,78143,46,229790
4050,0.000788,172.31.46.0-255,66,78209,46,229790
4051,0.000819,172.31.46.0-255,66,78275,46,229790
4052,0.000855,172.217.194.0-255,7156,85431,46,229790
4053,0.000858,172.31.46.0-255,66,85497,46,229790
4054,0.000887,172.217.194.0-255,4320,89817,46,229790
4055,0.00089,172.31.46.0-255,66,89883,46,229790
4056,0.000904,172.31.46.0-255,66,89949,46,229790
4057,0.000915,172.31.46.0-255,66,90015,46,229790
4058,0.000936,172.217.194.0-255,5738,95753,46,229790
4059,0.000953,172.31.46.0-255,66,95819,46,229790
4060,0.000982,172.217.194.0-255,4320,100139,46,229790
4061,0.000986,172.31.46.0-255,66,100205,46,229790
4062,0.000998,172.31.46.0-255,66,100271,46,229790
4063,0.001004,172.217.194.0-255,5738,106009,46,229790
4064,0.001007,172.31.46.0-255,66,106075,46,229790
4065,0.001026,172.217.194.0-255,6438,112513,46,229790
4066,0.001029,172.31.46.0-255,66,112579,46,229790
4067,0.001166,172.217.194.0-255,1484,114063,46,229790
4068,0.00117,172.217.194.0-255,1484,115547,46,229790
4069,0.001173,172.31.46.0-255,66,115613,46,229790
4070,0.001192,172.217.194.0-255,1484,117097,46,229790
4071,0.001199,172.217.194.0-255,5738,122835,46,229790
4072,0.001201,172.31.46.0-255,66,122901,46,229790
4073,0.001206,172.217.194.0-255,2902,125803,46,229790
4074,0.001208,172.31.46.0-255,66,125869,46,229790
4075,0.001222,172.217.194.0-255,1484,127353,46,229790
4076,0.001245,172.31.46.0-255,66,127419,46,229790
4077,0.001269,172.217.194.0-255,7156,134575,46,229790
4078,0.001272,172.31.46.0-255,66,134641,46,229790
4079,0.001294,172.217.194.0-255,3602,138243,46,229790
4080,0.001296,172.31.46.0-255,66,138309,46,229790
4081,0.001331,172.217.194.0-255,1484,139793,46,229790
4082,0.001346,172.217.194.0-255,2902,142695,46,229790
4083,0.001349,172.31.46.0-255,66,142761,46,229790
4084,0.001375,172.217.194.0-255,5738,148499,46,229790
4085,0.00138,172.217.194.0-255,4320,152819,46,229790
4086,0.001384,172.31.46.0-255,66,152885,46,229790
4087,0.001387,172.31.46.0-255,66,152951,46,229790
4088,0.001416,172.31.46.0-255,66,153017,46,229790
4089,0.00143,172.31.46.0-255,66,153083,46,229790
4090,0.001554,172.217.194.0-255,1484,154567,46,229790
4091,0.001575,172.217.194.0-255,2902,157469,46,229790
4092,0.001578,172.31.46.0-255,66,157535,46,229790
4093,0.001584,172.217.194.0-255,5738,163273,46,229790
4094,0.001586,172.31.46.0-255,66,163339,46,229790
4095,0.001609,172.217.194.0-255,7156,170495,46,229790
4096,0.001611,172.31.46.0-255,66,170561,46,229790
4097,0.001636,172.217.194.0-255,5738,176299,46,229790
4098,0.001639,172.31.46.0-255,66,176365,46,229790
4099,0.001651,172.31.46.0-255,66,176431,46,229790
4100,0.001667,172.217.194.0-255,766,177197,46,229790
4101,0.00167,172.217.194.0-255,1484,178681,46,229790
4102,0.001672,172.31.46.0-255,66,178747,46,229790
4103,0.001695,172.217.194.0-255,4320,183067,46,229790
4104,0.001698,172.31.46.0-255,66,183133,46,229790
4105,0.001701,172.217.194.0-255,1484,184617,46,229790
4106,0.001715,172.217.194.0-255,4320,188937,46,229790
4107,0.001717,172.31.46.0-255,66,189003,46,229790
4108,0.001747,172.217.194.0-255,4320,193323,46,229790
4109,0.00175,172.31.46.0-255,66,193389,46,229790
4110,0.001757,172.217.194.0-255,7156,200545,46,229790
4111,0.00176,172.31.46.0-255,66,200611,46,229790
4112,0.001771,172.217.194.0-255,1484,202095,46,229790
4113,0.001787,172.217.194.0-255,5738,207833,46,229790
4114,0.00179,172.31.46.0-255,66,207899,46,229790
4115,0.001824,172.31.46.0-255,66,207965,46,229790
4116,0.001827,172.217.194.0-255,1484,209449,46,229790
4117,0.001842,172.31.46.0-255,66,209515,46,229790
4118,0.001871,172.31.46.0-255,66,209581,46,229790
4119,0.001877,172.217.194.0-255,5020,214601,46,229790
4120,0.001879,172.31.46.0-255,66,214667,46,229790
4121,0.001881,172.217.194.0-255,1484,216151,46,229790
4122,0.0019,172.217.194.0-255,4320,220471,46,229790
4123,0.001904,172.31.46.0-255,66,220537,46,229790
4124,0.001933,172.31.46.0-255,66,220603,46,229790
4125,0.001936,172.217.194.0-255,105,220708,46,229790
4126,0.009594,172.31.46.0-255,66,220774,46,229790
4127,0.009634,172.31.46.0-255,105,220879,46,229790
4128,0.011734,172.217.194.0-255,66,220945,46,229790
4129,0.038692,172.31.46.0-255,176,221121,46,229790
4130,0.038726,172.31.46.0-255,1118,222239,46,229790
4131,0.038795,172.31.46.0-255,1514,223753,46,229790
4132,0.038796,172.31.46.0-255,1514,225267,46,229790
4133,0.038798,172.31.46.0-255,1514,226781,46,229790
4134,0.038799,172.31.46.0-255,1514,228295,46,229790
4135,0.0388,172.31.46.0-255,1495,229790,46,229790
4136,0.0,172.217.194.0-255,294,294,46,153423
4137,2.8e-05,172.31.46.0-255,66,360,46,153423
4138,3.5e-05,172.217.194.0-255,1484,1844,46,153423
4139,4.1e-05,172.31.46.0-255,66,1910,46,153423
4140,5.7e-05,172.217.194.0-255,4320,6230,46,153423
4141,6.1e-05,172.31.46.0-255,66,6296,46,153423
4142,7.3e-05,172.31.46.0-255,66,6362,46,153423
4143,8e-05,172.217.194.0-255,7156,13518,46,153423
4144,8.2e-05,172.31.46.0-255,66,13584,46,153423
4145,9.3e-05,172.31.46.0-255,66,13650,46,153423
4146,0.000119,172.217.194.0-255,1125,14775,46,153423
4147,0.000127,172.31.46.0-255,66,14841,46,153423
4148,0.000206,172.217.194.0-255,1484,16325,46,153423
4149,0.000209,172.31.46.0-255,66,16391,46,153423
4150,0.000215,172.217.194.0-255,2902,19293,46,153423
4151,0.000216,172.31.46.0-255,66,19359,46,153423
4152,0.00022,172.217.194.0-255,1484,20843,46,153423
4153,0.000222,172.31.46.0-255,66,20909,46,153423
4154,0.000258,172.217.194.0-255,4320,25229,46,153423
4155,0.000261,172.31.46.0-255,66,25295,46,153423
4156,0.000269,172.217.194.0-255,6797,32092,46,153423
4157,0.000271,172.31.46.0-255,66,32158,46,153423
4158,0.000295,172.217.194.0-255,4320,36478,46,153423
4159,0.000297,172.31.46.0-255,66,36544,46,153423
4160,0.000331,172.217.194.0-255,2902,39446,46,153423
4161,0.000334,172.31.46.0-255,66,39512,46,153423
4162,0.000345,172.31.46.0-255,66,39578,46,153423
4163,0.000348,172.217.194.0-255,1125,40703,46,153423
4164,0.00035,172.31.46.0-255,66,40769,46,153423
4165,0.000446,172.217.194.0-255,364,41133,46,153423
4166,0.000451,172.217.194.0-255,380,41513,46,153423
4167,0.001009,172.217.194.0-255,1484,42997,46,153423
4168,0.001017,172.31.46.0-255,66,43063,46,153423
4169,0.001023,172.217.194.0-255,2902,45965,46,153423
4170,0.001025,172.31.46.0-255,66,46031,46,153423
4171,0.001028,172.217.194.0-255,1484,47515,46,153423
4172,0.001056,172.217.194.0-255,4320,51835,46,153423
4173,0.001058,172.31.46.0-255,66,51901,46,153423
4174,0.001066,172.217.194.0-255,5738,57639,46,153423
4175,0.001068,172.31.46.0-255,66,57705,46,153423
4176,0.001109,172.217.194.0-255,7156,64861,46,153423
4177,0.001112,172.31.46.0-255,66,64927,46,153423
4178,0.001125,172.31.46.0-255,66,64993,46,153423
4179,0.001132,172.217.194.0-255,6438,71431,46,153423
4180,0.001134,172.31.46.0-255,66,71497,46,153423
4181,0.00114,172.217.194.0-255,4320,75817,46,153423
4182,0.001142,172.31.46.0-255,66,75883,46,153423
4183,0.001167,172.217.194.0-255,2902,78785,46,153423
4184,0.001171,172.31.46.0-255,66,78851,46,153423
4185,0.001187,172.31.46.0-255,66,78917,46,153423
4186,0.001193,172.217.194.0-255,4320,83237,46,153423
4187,0.001195,172.31.46.0-255,66,83303,46,153423
4188,0.001226,172.217.194.0-255,5020,88323,46,153423
4189,0.001229,172.31.46.0-255,66,88389,46,153423
4190,0.001277,172.31.46.0-255,66,88455,46,153423
4191,0.001316,172.31.46.0-255,66,88521,46,153423
4192,0.00132,172.217.194.0-255,2184,90705,46,153423
4193,0.001322,172.31.46.0-255,66,90771,46,153423
4194,0.001512,172.217.194.0-255,1484,92255,46,153423
4195,0.00152,172.217.194.0-255,2902,95157,46,153423
4196,0.001523,172.31.46.0-255,66,95223,46,153423
4197,0.001562,172.217.194.0-255,5738,100961,46,153423
4198,0.001564,172.31.46.0-255,66,101027,46,153423
4199,0.001568,172.217.194.0-255,1484,102511,46,153423
4200,0.001583,172.31.46.0-255,66,102577,46,153423
4201,0.001621,172.31.46.0-255,66,102643,46,153423
4202,0.001667,172.217.194.0-255,1484,104127,46,153423
4203,0.001671,172.217.194.0-255,1484,105611,46,153423
4204,0.001674,172.31.46.0-255,66,105677,46,153423
4205,0.001698,172.217.194.0-255,1484,107161,46,153423
4206,0.001705,172.217.194.0-255,5738,112899,46,153423
4207,0.001708,172.31.46.0-255,66,112965,46,153423
4208,0.001748,172.31.46.0-255,66,113031,46,153423
4209,0.001753,172.217.194.0-255,2902,115933,46,153423
4210,0.001756,172.31.46.0-255,66,115999,46,153423
4211,0.001784,172.31.46.0-255,66,116065,46,153423
4212,0.001809,172.217.194.0-255,1484,117549,46,153423
4213,0.001814,172.217.194.0-255,2902,120451,46,153423
4214,0.001817,172.31.46.0-255,66,120517,46,153423
4215,0.001824,172.217.194.0-255,5738,126255,46,153423
4216,0.001826,172.31.46.0-255,66,126321,46,153423
4217,0.001862,172.31.46.0-255,66,126387,46,153423
4218,0.001891,172.217.194.0-255,4320,130707,46,153423
4219,0.001894,172.31.46.0-255,66,130773,46,153423
4220,0.0019,172.217.194.0-255,4320,135093,46,153423
4221,0.001902,172.31.46.0-255,66,135159,46,153423
4222,0.001927,172.31.46.0-255,66,135225,46,153423
4223,0.001941,172.31.46.0-255,66,135291,46,153423
4224,0.001993,172.31.46.0-255,66,135357,46,153423
4225,0.001996,172.217.194.0-255,1484,136841,46,153423
4226,0.00202,172.217.194.0-255,2902,139743,46,153423
4227,0.002023,172.31.46.0-255,66,139809,46,153423
4228,0.00203,172.217.194.0-255,5738,145547,46,153423
4229,0.002032,172.31.46.0-255,66,145613,46,153423
4230,0.002066,172.31.46.0-255,66,145679,46,153423
4231,0.002098,172.217.194.0-255,4320,149999,46,153423
4232,0.002101,172.31.46.0-255,66,150065,46,153423
4233,0.002146,172.31.46.0-255,66,150131,46,153423
4234,0.002175,172.217.194.0-255,766,150897,46,153423
4235,0.002189,172.31.46.0-255,66,150963,46,153423
4236,0.002206,172.31.46.0-255,66,151029,46,153423
4237,0.002242,172.217.194.0-255,1880,152909,46,153423
4238,0.002256,172.217.194.0-255,105,153014,46,153423
4239,0.002266,172.31.46.0-255,66,153080,46,153423
4240,0.010228,172.31.46.0-255,105,153185,46,153423
4241,0.012467,172.217.194.0-255,66,153251,46,153423
4242,0.039989,172.31.46.0-255,172,153423,46,153423
4243,0.0,172.253.118.0-255,153,153,46,153778
4244,2.2e-05,172.31.46.0-255,66,219,46,153778
4245,2.8e-05,172.253.118.0-255,1484,1703,46,153778
4246,3.2e-05,172.31.46.0-255,66,1769,46,153778
4247,3.8e-05,172.253.118.0-255,2902,4671,46,153778
4248,4e-05,172.31.46.0-255,66,4737,46,153778
4249,4.7e-05,172.253.118.0-255,7156,11893,46,153778
4250,4.9e-05,172.31.46.0-255,66,11959,46,153778
4251,5.3e-05,172.253.118.0-255,2119,14078,46,153778
4252,5.6e-05,172.31.46.0-255,66,14144,46,153778
4253,0.000342,172.253.118.0-255,1484,15628,46,153778
4254,0.000346,172.31.46.0-255,66,15694,46,153778
4255,0.000352,172.253.118.0-255,2902,18596,46,153778
4256,0.000354,172.31.46.0-255,66,18662,46,153778
4257,0.000357,172.253.118.0-255,1484,20146,46,153778
4258,0.000359,172.31.46.0-255,66,20212,46,153778
4259,0.000384,172.253.118.0-255,4320,24532,46,153778
4260,0.000389,172.31.46.0-255,66,24598,46,153778
4261,0.000401,172.253.118.0-255,1484,26082,46,153778
4262,0.000403,172.31.46.0-255,66,26148,46,153778
4263,0.000428,172.253.118.0-255,5379,31527,46,153778
4264,0.000431,172.31.46.0-255,66,31593,46,153778
4265,0.000929,172.253.118.0-255,1484,33077,46,153778
4266,0.000934,172.31.46.0-255,66,33143,46,153778
4267,0.000942,172.253.118.0-255,2902,36045,46,153778
4268,0.000944,172.31.46.0-255,66,36111,46,153778
4269,0.000949,172.253.118.0-255,2902,39013,46,153778
4270,0.00095,172.31.46.0-255,66,39079,46,153778
4271,0.000977,172.253.118.0-255,2902,41981,46,153778
4272,0.00098,172.31.46.0-255,66,42047,46,153778
4273,0.000986,172.253.118.0-255,5738,47785,46,153778
4274,0.000988,172.31.46.0-255,66,47851,46,153778
4275,0.000991,172.253.118.0-255,1484,49335,46,153778
4276,0.001013,172.253.118.0-255,4320,53655,46,153778
4277,0.001029,172.31.46.0-255,66,53721,46,153778
4278,0.001045,172.253.118.0-255,3961,57682,46,153778
4279,0.001055,172.31.46.0-255,66,57748,46,153778
4280,0.003101,172.253.118.0-255,5738,63486,46,153778
4281,0.003109,172.31.46.0-255,66,63552,46,153778
4282,0.00513,172.253.118.0-255,4320,67872,46,153778
4283,0.005142,172.253.118.0-255,1484,69356,46,153778
4284,0.006353,172.31.46.0-255,66,69422,46,153778
4285,0.008394,172.253.118.0-255,5738,75160,46,153778
4286,0.008402,172.31.46.0-255,66,75226,46,153778
4287,0.010501,172.253.118.0-255,5738,80964,46,153778
4288,0.011409,172.31.46.0-255,66,81030,46,153778
4289,0.013444,172.253.118.0-255,5738,86768,46,153778
4290,0.013456,172.31.46.0-255,66,86834,46,153778
4291,0.015514,172.253.118.0-255,5738,92572,46,153778
4292,0.015523,172.31.46.0-255,66,92638,46,153778
4293,0.017838,172.253.118.0-255,5738,98376,46,153778
4294,0.017847,172.31.46.0-255,66,98442,46,153778
4295,0.019867,172.253.118.0-255,5738,104180,46,153778
4296,0.019874,172.31.46.0-255,66,104246,46,153778
4297,0.021904,172.253.118.0-255,5738,109984,46,153778
4298,0.021911,172.31.46.0-255,66,110050,46,153778
4299,0.023947,172.253.118.0-255,4320,114370,46,153778
4300,0.023955,172.31.46.0-255,66,114436,46,153778
4301,0.023974,172.253.118.0-255,1484,115920,46,153778
4302,0.025965,172.253.118.0-255,4320,120240,46,153778
4303,0.025972,172.31.46.0-255,66,120306,46,153778
4304,0.02807,172.253.118.0-255,5738,126044,46,153778
4305,0.028347,172.31.46.0-255,66,126110,46,153778
4306,0.030404,172.253.118.0-255,5738,131848,46,153778
4307,0.030424,172.31.46.0-255,66,131914,46,153778
4308,0.032462,172.253.118.0-255,5738,137652,46,153778
4309,0.032471,172.31.46.0-255,66,137718,46,153778
4310,0.034516,172.253.118.0-255,5738,143456,46,153778
4311,0.034523,172.31.46.0-255,66,143522,46,153778
4312,0.03655,172.253.118.0-255,4320,147842,46,153778
4313,0.036554,172.31.46.0-255,66,147908,46,153778
4314,0.036572,172.253.118.0-255,1484,149392,46,153778
4315,0.03861,172.253.118.0-255,4320,153712,46,153778
4316,0.038619,172.31.46.0-255,66,153778,46,153778
4317,0.0,172.31.46.0-255,105,105,46,315255
4318,0.001754,157.240.25.0-255,105,210,46,315255
4319,0.001767,172.31.46.0-255,66,276,46,315255
4320,0.033502,74.125.200.0-255,153,429,46,315255
4321,0.033525,172.31.46.0-255,66,495,46,315255
4322,0.033533,74.125.200.0-255,1484,1979,46,315255
4323,0.033537,172.31.46.0-255,66,2045,46,315255
4324,0.033542,74.125.200.0-255,2902,4947,46,315255
4325,0.033545,172.31.46.0-255,66,5013,46,315255
4326,0.03355,74.125.200.0-255,2902,7915,46,315255
4327,0.033553,172.31.46.0-255,66,7981,46,315255
4328,0.033572,74.125.200.0-255,2902,10883,46,315255
4329,0.033576,172.31.46.0-255,66,10949,46,315255
4330,0.033597,74.125.200.0-255,1484,12433,46,315255
4331,0.033599,172.31.46.0-255,66,12499,46,315255
4332,0.033619,74.125.200.0-255,2090,14589,46,315255
4333,0.033621,172.31.46.0-255,66,14655,46,315255
4334,0.033651,74.125.200.0-255,4320,18975,46,315255
4335,0.033653,172.31.46.0-255,66,19041,46,315255
4336,0.033676,74.125.200.0-255,5738,24779,46,315255
4337,0.033679,172.31.46.0-255,66,24845,46,315255
4338,0.033697,74.125.200.0-255,1484,26329,46,315255
4339,0.0337,172.31.46.0-255,66,26395,46,315255
4340,0.033726,74.125.200.0-255,5379,31774,46,315255
4341,0.033729,172.31.46.0-255,66,31840,46,315255
4342,0.033744,74.125.200.0-255,4320,36160,46,315255
4343,0.033746,172.31.46.0-255,66,36226,46,315255
4344,0.033761,74.125.200.0-255,2902,39128,46,315255
4345,0.033764,172.31.46.0-255,66,39194,46,315255
4346,0.033769,74.125.200.0-255,4320,43514,46,315255
4347,0.033771,172.31.46.0-255,66,43580,46,315255
4348,0.033791,74.125.200.0-255,1484,45064,46,315255
4349,0.033793,172.31.46.0-255,66,45130,46,315255
4350,0.033796,74.125.200.0-255,1484,46614,46,315255
4351,0.033798,172.31.46.0-255,66,46680,46,315255
4352,0.033814,74.125.200.0-255,2543,49223,46,315255
4353,0.03396,172.31.46.0-255,66,49289,46,315255
4354,0.034111,172.31.46.0-255,101,49390,46,315255
4355,0.034385,74.125.200.0-255,1484,50874,46,315255
4356,0.034403,74.125.200.0-255,2902,53776,46,315255
4357,0.034407,172.31.46.0-255,66,53842,46,315255
4358,0.034412,74.125.200.0-255,2902,56744,46,315255
4359,0.034425,74.125.200.0-255,1484,58228,46,315255
4360,0.034438,74.125.200.0-255,2902,61130,46,315255
4361,0.034471,74.125.200.0-255,5379,66509,46,315255
4362,0.034498,172.31.46.0-255,66,66575,46,315255
4363,0.034506,74.125.200.0-255,1484,68059,46,315255
4364,0.034525,74.125.200.0-255,4320,72379,46,315255
4365,0.034562,172.31.46.0-255,66,72445,46,315255
4366,0.034574,74.125.200.0-255,7156,79601,46,315255
4367,0.03458,74.125.200.0-255,4541,84142,46,315255
4368,0.034584,172.31.46.0-255,66,84208,46,315255
4369,0.034626,74.125.200.0-255,1484,85692,46,315255
4370,0.034646,74.125.200.0-255,2902,88594,46,315255
4371,0.034656,172.31.46.0-255,66,88660,46,315255
4372,0.034661,74.125.200.0-255,2902,91562,46,315255
4373,0.034665,172.31.46.0-255,66,91628,46,315255
4374,0.034674,74.125.200.0-255,2902,94530,46,315255
4375,0.03468,74.125.200.0-255,4320,98850,46,315255
4376,0.034701,172.31.46.0-255,66,98916,46,315255
4377,0.03472,74.125.200.0-255,2543,101459,46,315255
4378,0.034735,172.31.46.0-255,66,101525,46,315255
4379,0.03483,74.125.200.0-255,1484,103009,46,315255
4380,0.034842,74.125.200.0-255,1484,104493,46,315255
4381,0.034859,74.125.200.0-255,1484,105977,46,315255
4382,0.034864,74.125.200.0-255,2902,108879,46,315255
4383,0.034876,74.125.200.0-255,1484,110363,46,315255
4384,0.034879,74.125.200.0-255,1484,111847,46,315255
4385,0.034888,172.31.46.0-255,66,111913,46,315255
4386,0.034899,74.125.200.0-255,4320,116233,46,315255
4387,0.034926,172.31.46.0-255,66,116299,46,315255
4388,0.034939,74.125.200.0-255,2902,119201,46,315255
4389,0.034944,74.125.200.0-255,4320,123521,46,315255
4390,0.034968,74.125.200.0-255,3602,127123,46,315255
4391,0.034972,172.31.46.0-255,66,127189,46,315255
4392,0.035066,74.125.200.0-255,1484,128673,46,315255
4393,0.035071,74.125.200.0-255,1484,130157,46,315255
4394,0.035073,74.125.200.0-255,1484,131641,46,315255
4395,0.035088,172.31.46.0-255,66,131707,46,315255
4396,0.035092,74.125.200.0-255,1484,133191,46,315255
4397,0.035099,74.125.200.0-255,5738,138929,46,315255
4398,0.035105,172.31.46.0-255,66,138995,46,315255
4399,0.035149,74.125.200.0-255,4320,143315,46,315255
4400,0.035159,172.31.46.0-255,66,143381,46,315255
4401,0.035166,74.125.200.0-255,5738,149119,46,315255
4402,0.035171,74.125.200.0-255,3602,152721,46,315255
4403,0.035195,172.31.46.0-255,66,152787,46,315255
4404,0.03522,74.125.200.0-255,4320,157107,46,315255
4405,0.035228,172.31.46.0-255,66,157173,46,315255
4406,0.035249,74.125.200.0-255,5738,162911,46,315255
4407,0.035256,172.31.46.0-255,66,162977,46,315255
4408,0.035268,74.125.200.0-255,2902,165879,46,315255
4409,0.035285,172.31.46.0-255,66,165945,46,315255
4410,0.035298,74.125.200.0-255,4320,170265,46,315255
4411,0.035305,172.31.46.0-255,66,170331,46,315255
4412,0.035337,74.125.200.0-255,5738,176069,46,315255
4413,0.035353,74.125.200.0-255,2184,178253,46,315255
4414,0.035359,172.31.46.0-255,66,178319,46,315255
4415,0.035369,74.125.200.0-255,4320,182639,46,315255
4416,0.035374,172.31.46.0-255,66,182705,46,315255
4417,0.035388,74.125.200.0-255,4320,187025,46,315255
4418,0.035393,74.125.200.0-255,2902,189927,46,315255
4419,0.035403,172.31.46.0-255,66,189993,46,315255
4420,0.035413,74.125.200.0-255,4320,194313,46,315255
4421,0.035425,74.125.200.0-255,2902,197215,46,315255
4422,0.03543,172.31.46.0-255,66,197281,46,315255
4423,0.035443,74.125.200.0-255,5738,203019,46,315255
4424,0.035464,74.125.200.0-255,766,203785,46,315255
4425,0.035472,172.31.46.0-255,66,203851,46,315255
4426,0.035872,74.125.200.0-255,1484,205335,46,315255
4427,0.035895,74.125.200.0-255,2902,208237,46,315255
4428,0.035898,172.31.46.0-255,66,208303,46,315255
4429,0.035925,74.125.200.0-255,4320,212623,46,315255
4430,0.035932,172.31.46.0-255,66,212689,46,315255
4431,0.035951,74.125.200.0-255,1484,214173,46,315255
4432,0.035954,74.125.200.0-255,1484,215657,46,315255
4433,0.035958,172.31.46.0-255,66,215723,46,315255
4434,0.036017,74.125.200.0-255,7156,222879,46,315255
4435,0.036032,74.125.200.0-255,1484,224363,46,315255
4436,0.036035,74.125.200.0-255,1484,225847,46,315255
4437,0.03604,74.125.200.0-255,4320,230167,46,315255
4438,0.036047,74.125.200.0-255,7156,237323,46,315255
4439,0.03605,74.125.200.0-255,766,238089,46,315255
4440,0.036411,74.125.200.0-255,1484,239573,46,315255
4441,0.036417,74.125.200.0-255,2902,242475,46,315255
4442,0.036437,74.125.200.0-255,4320,246795,46,315255
4443,0.036451,74.125.200.0-255,1484,248279,46,315255
4444,0.036463,74.125.200.0-255,2902,251181,46,315255
4445,0.036475,74.125.200.0-255,4320,255501,46,315255
4446,0.036478,74.125.200.0-255,66,255567,46,315255
4447,0.036486,74.125.200.0-255,5738,261305,46,315255
4448,0.036505,74.125.200.0-255,2902,264207,46,315255
4449,0.036512,74.125.200.0-255,7156,271363,46,315255
4450,0.036535,74.125.200.0-255,766,272129,46,315255
4451,0.036581,74.125.200.0-255,1484,273613,46,315255
4452,0.036597,74.125.200.0-255,1484,275097,46,315255
4453,0.036602,74.125.200.0-255,2902,277999,46,315255
4454,0.03662,74.125.200.0-255,4320,282319,46,315255
4455,0.036635,74.125.200.0-255,1484,283803,46,315255
4456,0.036651,74.125.200.0-255,4320,288123,46,315255
4457,0.036698,74.125.200.0-255,1484,289607,46,315255
4458,0.036751,74.125.200.0-255,2902,292509,46,315255
4459,0.036794,74.125.200.0-255,4320,296829,46,315255
4460,0.036808,74.125.200.0-255,4320,301149,46,315255
4461,0.036814,74.125.200.0-255,5738,306887,46,315255
4462,0.036863,74.125.200.0-255,1484,308371,46,315255
4463,0.036896,74.125.200.0-255,4320,312691,46,315255
4464,0.036909,74.125.200.0-255,2288,314979,46,315255
4465,0.036925,74.125.200.0-255,105,315084,46,315255
4466,0.037031,172.31.46.0-255,66,315150,46,315255
4467,0.03871,172.31.46.0-255,105,315255,46,315255
4468,0.0,74.125.24.0-255,149,149,46,243657
4469,2e-05,172.31.46.0-255,66,215,46,243657
4470,2.7e-05,74.125.24.0-255,1484,1699,46,243657
4471,3.2e-05,172.31.46.0-255,66,1765,46,243657
4472,3.7e-05,74.125.24.0-255,2902,4667,46,243657
4473,4e-05,172.31.46.0-255,66,4733,46,243657
4474,4.7e-05,74.125.24.0-255,5738,10471,46,243657
4475,5e-05,172.31.46.0-255,66,10537,46,243657
4476,7.4e-05,74.125.24.0-255,3456,13993,46,243657
4477,7.7e-05,172.31.46.0-255,66,14059,46,243657
4478,0.00035,74.125.24.0-255,1484,15543,46,243657
4479,0.000356,172.31.46.0-255,66,15609,46,243657
4480,0.000362,74.125.24.0-255,2902,18511,46,243657
4481,0.000365,172.31.46.0-255,66,18577,46,243657
4482,0.00037,74.125.24.0-255,4320,22897,46,243657
4483,0.000372,172.31.46.0-255,66,22963,46,243657
4484,0.000411,74.125.24.0-255,1484,24447,46,243657
4485,0.000414,172.31.46.0-255,66,24513,46,243657
4486,0.000419,74.125.24.0-255,2902,27415,46,243657
4487,0.00042,172.31.46.0-255,66,27481,46,243657
4488,0.000438,74.125.24.0-255,3961,31442,46,243657
4489,0.000441,172.31.46.0-255,66,31508,46,243657
4490,0.000467,74.125.24.0-255,2902,34410,46,243657
4491,0.00047,172.31.46.0-255,66,34476,46,243657
4492,0.000494,74.125.24.0-255,2902,37378,46,243657
4493,0.000496,172.31.46.0-255,66,37444,46,243657
4494,0.000504,74.125.24.0-255,7156,44600,46,243657
4495,0.000506,172.31.46.0-255,66,44666,46,243657
4496,0.000525,74.125.24.0-255,1484,46150,46,243657
4497,0.000527,172.31.46.0-255,66,46216,46,243657
4498,0.000553,172.31.46.0-255,66,46282,46,243657
4499,0.000605,74.125.24.0-255,5379,51661,46,243657
4500,0.000608,172.31.46.0-255,66,51727,46,243657
4501,0.00061,74.125.24.0-255,646,52373,46,243657
4502,0.000683,74.125.24.0-255,1484,53857,46,243657
4503,0.000687,172.31.46.0-255,66,53923,46,243657
4504,0.000692,74.125.24.0-255,2902,56825,46,243657
4505,0.000694,172.31.46.0-255,66,56891,46,243657
4506,0.000699,74.125.24.0-255,4320,61211,46,243657
4507,0.000701,172.31.46.0-255,66,61277,46,243657
4508,0.000714,74.125.24.0-255,1484,62761,46,243657
4509,0.000734,74.125.24.0-255,4320,67081,46,243657
4510,0.000737,172.31.46.0-255,66,67147,46,243657
4511,0.000748,74.125.24.0-255,2902,70049,46,243657
4512,0.00075,172.31.46.0-255,66,70115,46,243657
4513,0.000767,74.125.24.0-255,3961,74076,46,243657
4514,0.000771,172.31.46.0-255,66,74142,46,243657
4515,0.000785,74.125.24.0-255,4320,78462,46,243657
4516,0.000787,172.31.46.0-255,66,78528,46,243657
4517,0.000812,172.31.46.0-255,66,78594,46,243657
4518,0.000854,74.125.24.0-255,2902,81496,46,243657
4519,0.000858,172.31.46.0-255,66,81562,46,243657
4520,0.000865,74.125.24.0-255,4320,85882,46,243657
4521,0.000866,172.31.46.0-255,66,85948,46,243657
4522,0.000876,172.31.46.0-255,66,86014,46,243657
4523,0.00088,74.125.24.0-255,4320,90334,46,243657
4524,0.000882,172.31.46.0-255,66,90400,46,243657
4525,0.000925,172.31.46.0-255,66,90466,46,243657
4526,0.001376,74.125.24.0-255,1484,91950,46,243657
4527,0.001384,74.125.24.0-255,2902,94852,46,243657
4528,0.001388,172.31.46.0-255,66,94918,46,243657
4529,0.001391,74.125.24.0-255,1484,96402,46,243657
4530,0.001407,74.125.24.0-255,2902,99304,46,243657
4531,0.001409,172.31.46.0-255,66,99370,46,243657
4532,0.001438,74.125.24.0-255,2902,102272,46,243657
4533,0.00144,172.31.46.0-255,66,102338,46,243657
4534,0.001452,172.31.46.0-255,66,102404,46,243657
4535,0.001457,74.125.24.0-255,4320,106724,46,243657
4536,0.001459,172.31.46.0-255,66,106790,46,243657
4537,0.001494,74.125.24.0-255,2902,109692,46,243657
4538,0.001496,172.31.46.0-255,66,109758,46,243657
4539,0.001506,74.125.24.0-255,2184,111942,46,243657
4540,0.001508,172.31.46.0-255,66,112008,46,243657
4541,0.001643,74.125.24.0-255,1484,113492,46,243657
4542,0.00166,74.125.24.0-255,2902,116394,46,243657
4543,0.001662,172.31.46.0-255,66,116460,46,243657
4544,0.001683,74.125.24.0-255,5738,122198,46,243657
4545,0.001685,172.31.46.0-255,66,122264,46,243657
4546,0.001687,74.125.24.0-255,1484,123748,46,243657
4547,0.001706,74.125.24.0-255,7156,130904,46,243657
4548,0.001708,172.31.46.0-255,66,130970,46,243657
4549,0.001726,74.125.24.0-255,2902,133872,46,243657
4550,0.001728,172.31.46.0-255,66,133938,46,243657
4551,0.001757,74.125.24.0-255,2902,136840,46,243657
4552,0.001759,172.31.46.0-255,66,136906,46,243657
4553,0.001784,172.31.46.0-255,66,136972,46,243657
4554,0.002446,74.125.24.0-255,1484,138456,46,243657
4555,0.002451,74.125.24.0-255,2902,141358,46,243657
4556,0.002453,172.31.46.0-255,66,141424,46,243657
4557,0.002468,74.125.24.0-255,5738,147162,46,243657
4558,0.00247,172.31.46.0-255,66,147228,46,243657
4559,0.002492,74.125.24.0-255,4320,151548,46,243657
4560,0.002494,172.31.46.0-255,66,151614,46,243657
4561,0.002505,74.125.24.0-255,4320,155934,46,243657
4562,0.002507,172.31.46.0-255,66,156000,46,243657
4563,0.00253,74.125.24.0-255,4320,160320,46,243657
4564,0.002532,172.31.46.0-255,66,160386,46,243657
4565,0.002543,172.31.46.0-255,66,160452,46,243657
4566,0.005251,74.125.24.0-255,5738,166190,46,243657
4567,0.005259,172.31.46.0-255,66,166256,46,243657
4568,0.007938,74.125.24.0-255,5738,171994,46,243657
4569,0.007946,172.31.46.0-255,66,172060,46,243657
4570,0.010644,74.125.24.0-255,5738,177798,46,243657
4571,0.010653,172.31.46.0-255,66,177864,46,243657
4572,0.013359,74.125.24.0-255,5738,183602,46,243657
4573,0.013368,172.31.46.0-255,66,183668,46,243657
4574,0.016039,74.125.24.0-255,5738,189406,46,243657
4575,0.016045,172.31.46.0-255,66,189472,46,243657
4576,0.018718,74.125.24.0-255,5738,195210,46,243657
4577,0.018731,172.31.46.0-255,66,195276,46,243657
4578,0.021425,74.125.24.0-255,5738,201014,46,243657
4579,0.021433,172.31.46.0-255,66,201080,46,243657
4580,0.024092,74.125.24.0-255,5738,206818,46,243657
4581,0.024099,172.31.46.0-255,66,206884,46,243657
4582,0.02677,74.125.24.0-255,5738,212622,46,243657
4583,0.026777,172.31.46.0-255,66,212688,46,243657
4584,0.029486,74.125.24.0-255,5738,218426,46,243657
4585,0.029495,172.31.46.0-255,66,218492,46,243657
4586,0.031623,172.31.46.0-255,172,218664,46,243657
4587,0.031651,172.31.46.0-255,1118,219782,46,243657
4588,0.031714,172.31.46.0-255,1514,221296,46,243657
4589,0.031715,172.31.46.0-255,1514,222810,46,243657
4590,0.031719,172.31.46.0-255,1514,224324,46,243657
4591,0.03172,172.31.46.0-255,1514,225838,46,243657
4592,0.031753,172.31.46.0-255,1495,227333,46,243657
4593,0.032173,74.125.24.0-255,5738,233071,46,243657
4594,0.032179,172.31.46.0-255,66,233137,46,243657
4595,0.033274,104.244.42.0-255,66,233203,46,243657
4596,0.03329,104.244.42.0-255,66,233269,46,243657
4597,0.033384,104.244.42.0-255,66,233335,46,243657
4598,0.033436,104.244.42.0-255,66,233401,46,243657
4599,0.034861,74.125.24.0-255,4320,237721,46,243657
4600,0.034866,172.31.46.0-255,66,237787,46,243657
4601,0.034881,74.125.24.0-255,1484,239271,46,243657
4602,0.037547,74.125.24.0-255,4320,243591,46,243657
4603,0.037552,172.31.46.0-255,66,243657,46,243657
4604,0.0,172.217.194.0-255,152,152,46,233629
4605,2.4e-05,172.31.46.0-255,66,218,46,233629
4606,3.1e-05,172.217.194.0-255,1484,1702,46,233629
4607,3.6e-05,172.31.46.0-255,66,1768,46,233629
4608,4.3e-05,172.217.194.0-255,2902,4670,46,233629
4609,4.6e-05,172.31.46.0-255,66,4736,46,233629
4610,5.1e-05,172.217.194.0-255,2902,7638,46,233629
4611,5.4e-05,172.31.46.0-255,66,7704,46,233629
4612,8.2e-05,172.217.194.0-255,4320,12024,46,233629
4613,8.5e-05,172.31.46.0-255,66,12090,46,233629
4614,8.9e-05,172.217.194.0-255,2024,14114,46,233629
4615,9.2e-05,172.31.46.0-255,66,14180,46,233629
4616,9.6e-05,172.217.194.0-255,2902,17082,46,233629
4617,9.8e-05,172.31.46.0-255,66,17148,46,233629
4618,0.000106,172.217.194.0-255,7156,24304,46,233629
4619,0.000109,172.31.46.0-255,66,24370,46,233629
4620,0.000112,172.217.194.0-255,1484,25854,46,233629
4621,0.000114,172.31.46.0-255,66,25920,46,233629
4622,0.000143,172.217.194.0-255,4320,30240,46,233629
4623,0.000146,172.31.46.0-255,66,30306,46,233629
4624,0.000169,172.217.194.0-255,1125,31431,46,233629
4625,0.000171,172.31.46.0-255,66,31497,46,233629
4626,0.000252,172.217.194.0-255,1484,32981,46,233629
4627,0.000256,172.31.46.0-255,66,33047,46,233629
4628,0.000261,172.217.194.0-255,2902,35949,46,233629
4629,0.000263,172.31.46.0-255,66,36015,46,233629
4630,0.000269,172.217.194.0-255,5738,41753,46,233629
4631,0.000272,172.31.46.0-255,66,41819,46,233629
4632,0.000298,172.217.194.0-255,2902,44721,46,233629
4633,0.000301,172.31.46.0-255,66,44787,46,233629
4634,0.000327,172.31.46.0-255,66,44853,46,233629
4635,0.000373,172.31.46.0-255,66,44919,46,233629
4636,0.000376,172.217.194.0-255,119,45038,46,233629
4637,0.000432,172.217.194.0-255,1484,46522,46,233629
4638,0.000436,172.31.46.0-255,66,46588,46,233629
4639,0.000456,172.217.194.0-255,2902,49490,46,233629
4640,0.000459,172.31.46.0-255,66,49556,46,233629
4641,0.000465,172.217.194.0-255,5738,55294,46,233629
4642,0.000468,172.31.46.0-255,66,55360,46,233629
4643,0.000474,172.217.194.0-255,5738,61098,46,233629
4644,0.000477,172.31.46.0-255,66,61164,46,233629
4645,0.000499,172.217.194.0-255,1484,62648,46,233629
4646,0.000515,172.217.194.0-255,7156,69804,46,233629
4647,0.000519,172.31.46.0-255,66,69870,46,233629
4648,0.000541,172.217.194.0-255,5379,75249,46,233629
4649,0.000544,172.31.46.0-255,66,75315,46,233629
4650,0.000549,172.217.194.0-255,4277,79592,46,233629
4651,0.000551,172.31.46.0-255,66,79658,46,233629
4652,0.00091,172.217.194.0-255,1484,81142,46,233629
4653,0.000916,172.217.194.0-255,2902,84044,46,233629
4654,0.00092,172.31.46.0-255,66,84110,46,233629
4655,0.000944,172.217.194.0-255,5738,89848,46,233629
4656,0.000953,172.31.46.0-255,66,89914,46,233629
4657,0.000961,172.217.194.0-255,5738,95652,46,233629
4658,0.000963,172.31.46.0-255,66,95718,46,233629
4659,0.000982,172.217.194.0-255,7156,102874,46,233629
4660,0.000984,172.31.46.0-255,66,102940,46,233629
4661,0.000997,172.31.46.0-255,66,103006,46,233629
4662,0.001074,172.217.194.0-255,1484,104490,46,233629
4663,0.001079,172.217.194.0-255,2902,107392,46,233629
4664,0.001082,172.31.46.0-255,66,107458,46,233629
4665,0.0011,172.217.194.0-255,1484,108942,46,233629
4666,0.001103,172.217.194.0-255,1484,110426,46,233629
4667,0.001106,172.31.46.0-255,66,110492,46,233629
4668,0.00113,172.217.194.0-255,4320,114812,46,233629
4669,0.001133,172.31.46.0-255,66,114878,46,233629
4670,0.001159,172.217.194.0-255,4320,119198,46,233629
4671,0.001162,172.31.46.0-255,66,119264,46,233629
4672,0.001195,172.31.46.0-255,66,119330,46,233629
4673,0.001207,172.31.46.0-255,66,119396,46,233629
4674,0.00121,172.217.194.0-255,1484,120880,46,233629
4675,0.001214,172.217.194.0-255,2902,123782,46,233629
4676,0.001217,172.31.46.0-255,66,123848,46,233629
4677,0.001223,172.217.194.0-255,5738,129586,46,233629
4678,0.001225,172.31.46.0-255,66,129652,46,233629
4679,0.001265,172.31.46.0-255,66,129718,46,233629
4680,0.001277,172.31.46.0-255,66,129784,46,233629
4681,0.001333,172.217.194.0-255,1484,131268,46,233629
4682,0.001338,172.217.194.0-255,2902,134170,46,233629
4683,0.001341,172.31.46.0-255,66,134236,46,233629
4684,0.001365,172.217.194.0-255,5738,139974,46,233629
4685,0.001368,172.31.46.0-255,66,140040,46,233629
4686,0.001371,172.217.194.0-255,1484,141524,46,233629
4687,0.001386,172.217.194.0-255,5738,147262,46,233629
4688,0.001389,172.31.46.0-255,66,147328,46,233629
4689,0.001417,172.217.194.0-255,5738,153066,46,233629
4690,0.001422,172.31.46.0-255,66,153132,46,233629
4691,0.001439,172.217.194.0-255,1484,154616,46,233629
4692,0.001454,172.217.194.0-255,5738,160354,46,233629
4693,0.001457,172.31.46.0-255,66,160420,46,233629
4694,0.001474,172.217.194.0-255,3602,164022,46,233629
4695,0.001477,172.31.46.0-255,66,164088,46,233629
4696,0.001636,172.217.194.0-255,1484,165572,46,233629
4697,0.001643,172.217.194.0-255,2902,168474,46,233629
4698,0.001646,172.31.46.0-255,66,168540,46,233629
4699,0.001654,172.217.194.0-255,5738,174278,46,233629
4700,0.001656,172.31.46.0-255,66,174344,46,233629
4701,0.001673,172.31.46.0-255,66,174410,46,233629
4702,0.001699,172.217.194.0-255,1484,175894,46,233629
4703,0.001712,172.31.46.0-255,66,175960,46,233629
4704,0.001715,172.217.194.0-255,1484,177444,46,233629
4705,0.00172,172.217.194.0-255,2902,180346,46,233629
4706,0.001722,172.31.46.0-255,66,180412,46,233629
4707,0.001728,172.217.194.0-255,5738,186150,46,233629
4708,0.00173,172.31.46.0-255,66,186216,46,233629
4709,0.001751,172.217.194.0-255,4320,190536,46,233629
4710,0.001754,172.31.46.0-255,66,190602,46,233629
4711,0.001778,172.217.194.0-255,5738,196340,46,233629
4712,0.001781,172.31.46.0-255,66,196406,46,233629
4713,0.001787,172.217.194.0-255,5738,202144,46,233629
4714,0.001789,172.31.46.0-255,66,202210,46,233629
4715,0.001815,172.217.194.0-255,5738,207948,46,233629
4716,0.001818,172.31.46.0-255,66,208014,46,233629
4717,0.001842,172.217.194.0-255,6438,214452,46,233629
4718,0.001845,172.31.46.0-255,66,214518,46,233629
4719,0.001851,172.217.194.0-255,7156,221674,46,233629
4720,0.001853,172.31.46.0-255,66,221740,46,233629
4721,0.001871,172.217.194.0-255,7156,228896,46,233629
4722,0.001875,172.31.46.0-255,66,228962,46,233629
4723,0.001904,172.31.46.0-255,66,229028,46,233629
4724,0.001924,172.31.46.0-255,66,229094,46,233629
4725,0.001942,172.31.46.0-255,66,229160,46,233629
4726,0.001954,172.31.46.0-255,66,229226,46,233629
4727,0.001966,172.31.46.0-255,66,229292,46,233629
4728,0.002005,172.217.194.0-255,105,229397,46,233629
4729,0.002048,172.217.194.0-255,129,229526,46,233629
4730,0.008968,172.31.46.0-255,105,229631,46,233629
4731,0.009014,172.31.46.0-255,105,229736,46,233629
4732,0.009238,172.31.46.0-255,90,229826,46,233629
4733,0.009248,172.31.46.0-255,66,229892,46,233629
4734,0.011501,172.217.194.0-255,66,229958,46,233629
4735,0.01153,172.217.194.0-255,66,230024,46,233629
4736,0.011764,172.217.194.0-255,66,230090,46,233629
4737,0.011785,172.217.194.0-255,66,230156,46,233629
4738,0.011791,172.31.46.0-255,66,230222,46,233629
4739,0.029201,172.31.46.0-255,172,230394,46,233629
4740,0.029236,172.31.46.0-255,1119,231513,46,233629
4741,0.029296,172.31.46.0-255,1514,233027,46,233629
4742,0.029297,172.31.46.0-255,404,233431,46,233629
4743,0.030773,104.244.42.0-255,66,233497,46,233629
4744,0.030834,104.244.42.0-255,66,233563,46,233629
4745,0.030855,104.244.42.0-255,66,233629,46,233629
4746,0.0,172.217.194.0-255,152,152,46,159334
4747,2e-05,172.31.46.0-255,66,218,46,159334
4748,2.7e-05,172.217.194.0-255,1484,1702,46,159334
4749,3.2e-05,172.31.46.0-255,66,1768,46,159334
4750,3.8e-05,172.217.194.0-255,2902,4670,46,159334
4751,4.7e-05,172.31.46.0-255,66,4736,46,159334
4752,5.5e-05,172.217.194.0-255,7156,11892,46,159334
4753,5.9e-05,172.31.46.0-255,66,11958,46,159334
4754,6.4e-05,172.217.194.0-255,3447,15405,46,159334
4755,6.7e-05,172.31.46.0-255,66,15471,46,159334
4756,9.4e-05,172.31.46.0-255,66,15537,46,159334
4757,0.000123,172.217.194.0-255,4320,19857,46,159334
4758,0.000126,172.31.46.0-255,66,19923,46,159334
4759,0.000131,172.217.194.0-255,2543,22466,46,159334
4760,0.000133,172.31.46.0-255,66,22532,46,159334
4761,0.00016,172.217.194.0-255,1484,24016,46,159334
4762,0.000163,172.31.46.0-255,66,24082,46,159334
4763,0.000168,172.217.194.0-255,2902,26984,46,159334
4764,0.00017,172.31.46.0-255,66,27050,46,159334
4765,0.000176,172.217.194.0-255,5738,32788,46,159334
4766,0.000179,172.31.46.0-255,66,32854,46,159334
4767,0.00022,172.217.194.0-255,6797,39651,46,159334
4768,0.000223,172.31.46.0-255,66,39717,46,159334
4769,0.000253,172.217.194.0-255,4320,44037,46,159334
4770,0.000255,172.31.46.0-255,66,44103,46,159334
4771,0.000285,172.217.194.0-255,2902,47005,46,159334
4772,0.000295,172.217.194.0-255,1444,48449,46,159334
4773,0.0003,172.31.46.0-255,66,48515,46,159334
4774,0.000307,172.31.46.0-255,66,48581,46,159334
4775,0.000309,172.31.46.0-255,66,48647,46,159334
4776,0.000388,172.217.194.0-255,361,49008,46,159334
4777,0.000504,172.217.194.0-255,1484,50492,46,159334
4778,0.000509,172.31.46.0-255,66,50558,46,159334
4779,0.000515,172.217.194.0-255,2902,53460,46,159334
4780,0.000519,172.31.46.0-255,66,53526,46,159334
4781,0.000529,172.217.194.0-255,5738,59264,46,159334
4782,0.000531,172.31.46.0-255,66,59330,46,159334
4783,0.000574,172.31.46.0-255,66,59396,46,159334
4784,0.000585,172.31.46.0-255,66,59462,46,159334
4785,0.000588,172.217.194.0-255,766,60228,46,159334
4786,0.000764,172.217.194.0-255,1484,61712,46,159334
4787,0.00077,172.217.194.0-255,2902,64614,46,159334
4788,0.000775,172.31.46.0-255,66,64680,46,159334
4789,0.000779,172.31.46.0-255,66,64746,46,159334
4790,0.000799,172.217.194.0-255,5738,70484,46,159334
4791,0.000802,172.31.46.0-255,66,70550,46,159334
4792,0.00081,172.217.194.0-255,7156,77706,46,159334
4793,0.000813,172.31.46.0-255,66,77772,46,159334
4794,0.000828,172.217.194.0-255,5738,83510,46,159334
4795,0.000831,172.31.46.0-255,66,83576,46,159334
4796,0.000848,172.31.46.0-255,66,83642,46,159334
4797,0.001028,172.217.194.0-255,1484,85126,46,159334
4798,0.001046,172.217.194.0-255,2902,88028,46,159334
4799,0.00105,172.31.46.0-255,66,88094,46,159334
4800,0.001057,172.217.194.0-255,5738,93832,46,159334
4801,0.001059,172.31.46.0-255,66,93898,46,159334
4802,0.00107,172.217.194.0-255,5738,99636,46,159334
4803,0.001073,172.31.46.0-255,66,99702,46,159334
4804,0.001107,172.31.46.0-255,66,99768,46,159334
4805,0.001135,172.217.194.0-255,1484,101252,46,159334
4806,0.001142,172.217.194.0-255,5020,106272,46,159334
4807,0.001144,172.31.46.0-255,66,106338,46,159334
4808,0.001152,172.217.194.0-255,5738,112076,46,159334
4809,0.001154,172.31.46.0-255,66,112142,46,159334
4810,0.001164,172.217.194.0-255,5738,117880,46,159334
4811,0.001167,172.31.46.0-255,66,117946,46,159334
4812,0.001203,172.217.194.0-255,7156,125102,46,159334
4813,0.001207,172.31.46.0-255,66,125168,46,159334
4814,0.001218,172.31.46.0-255,66,125234,46,159334
4815,0.001251,172.217.194.0-255,2902,128136,46,159334
4816,0.001254,172.31.46.0-255,66,128202,46,159334
4817,0.001278,172.217.194.0-255,2184,130386,46,159334
4818,0.001281,172.31.46.0-255,66,130452,46,159334
4819,0.00143,172.217.194.0-255,1484,131936,46,159334
4820,0.001436,172.217.194.0-255,2902,134838,46,159334
4821,0.001438,172.31.46.0-255,66,134904,46,159334
4822,0.001445,172.217.194.0-255,5738,140642,46,159334
4823,0.001447,172.31.46.0-255,66,140708,46,159334
4824,0.001523,172.31.46.0-255,66,140774,46,159334
4825,0.00154,172.31.46.0-255,66,140840,46,159334
4826,0.001555,172.31.46.0-255,66,140906,46,159334
4827,0.001572,172.31.46.0-255,66,140972,46,159334
4828,0.001606,172.217.194.0-255,2902,143874,46,159334
4829,0.001609,172.31.46.0-255,66,143940,46,159334
4830,0.001631,172.31.46.0-255,66,144006,46,159334
4831,0.001649,172.31.46.0-255,66,144072,46,159334
4832,0.001664,172.31.46.0-255,66,144138,46,159334
4833,0.001697,172.217.194.0-255,4320,148458,46,159334
4834,0.001701,172.31.46.0-255,66,148524,46,159334
4835,0.001762,172.31.46.0-255,66,148590,46,159334
4836,0.001769,172.31.46.0-255,66,148656,46,159334
4837,0.001794,172.31.46.0-255,66,148722,46,159334
4838,0.001797,172.217.194.0-255,1160,149882,46,159334
4839,0.0018,172.217.194.0-255,105,149987,46,159334
4840,0.004162,172.31.46.0-255,66,150053,46,159334
4841,0.004199,172.31.46.0-255,105,150158,46,159334
4842,0.006477,172.217.194.0-255,66,150224,46,159334
4843,0.031896,172.31.46.0-255,176,150400,46,159334
4844,0.031924,172.31.46.0-255,1118,151518,46,159334
4845,0.032027,172.31.46.0-255,1514,153032,46,159334
4846,0.032028,172.31.46.0-255,1514,154546,46,159334
4847,0.03203,172.31.46.0-255,1514,156060,46,159334
4848,0.032031,172.31.46.0-255,1514,157574,46,159334
4849,0.032055,172.31.46.0-255,1496,159070,46,159334
4850,0.033414,104.244.42.0-255,66,159136,46,159334
4851,0.033448,104.244.42.0-255,66,159202,46,159334
4852,0.033613,104.244.42.0-255,66,159268,46,159334
4853,0.033634,104.244.42.0-255,66,159334,46,159334
4854,0.0,74.125.24.0-255,153,153,46,185702
4855,2.3e-05,172.31.46.0-255,66,219,46,185702
4856,3e-05,74.125.24.0-255,1484,1703,46,185702
4857,3.4e-05,172.31.46.0-255,66,1769,46,185702
4858,4e-05,74.125.24.0-255,2902,4671,46,185702
4859,4.2e-05,172.31.46.0-255,66,4737,46,185702
4860,5e-05,74.125.24.0-255,7156,11893,46,185702
4861,5.2e-05,172.31.46.0-255,66,11959,46,185702
4862,5.6e-05,74.125.24.0-255,2043,14002,46,185702
4863,6e-05,172.31.46.0-255,66,14068,46,185702
4864,8.7e-05,74.125.24.0-255,5738,19806,46,185702
4865,9.1e-05,172.31.46.0-255,66,19872,46,185702
4866,0.000114,74.125.24.0-255,5738,25610,46,185702
4867,0.000117,172.31.46.0-255,66,25676,46,185702
4868,0.000124,74.125.24.0-255,5379,31055,46,185702
4869,0.000127,172.31.46.0-255,66,31121,46,185702
4870,0.000169,74.125.24.0-255,1484,32605,46,185702
4871,0.000172,172.31.46.0-255,66,32671,46,185702
4872,0.000177,74.125.24.0-255,2902,35573,46,185702
4873,0.000179,172.31.46.0-255,66,35639,46,185702
4874,0.000205,74.125.24.0-255,5738,41377,46,185702
4875,0.000208,172.31.46.0-255,66,41443,46,185702
4876,0.000211,74.125.24.0-255,1484,42927,46,185702
4877,0.000213,172.31.46.0-255,66,42993,46,185702
4878,0.000216,74.125.24.0-255,1484,44477,46,185702
4879,0.000217,172.31.46.0-255,66,44543,46,185702
4880,0.000246,172.31.46.0-255,66,44609,46,185702
4881,0.000274,74.125.24.0-255,5738,50347,46,185702
4882,0.000277,172.31.46.0-255,66,50413,46,185702
4883,0.000299,74.125.24.0-255,7073,57486,46,185702
4884,0.000301,172.31.46.0-255,66,57552,46,185702
4885,0.000499,74.125.24.0-255,130,57682,46,185702
4886,0.000541,74.125.24.0-255,1484,59166,46,185702
4887,0.000546,172.31.46.0-255,66,59232,46,185702
4888,0.000567,74.125.24.0-255,2902,62134,46,185702
4889,0.00057,172.31.46.0-255,66,62200,46,185702
4890,0.000576,74.125.24.0-255,5738,67938,46,185702
4891,0.000578,172.31.46.0-255,66,68004,46,185702
4892,0.000603,172.31.46.0-255,66,68070,46,185702
4893,0.000615,74.125.24.0-255,1484,69554,46,185702
4894,0.000627,172.31.46.0-255,66,69620,46,185702
4895,0.00063,74.125.24.0-255,466,70086,46,185702
4896,0.000762,74.125.24.0-255,1484,71570,46,185702
4897,0.000767,172.31.46.0-255,66,71636,46,185702
4898,0.000773,74.125.24.0-255,2902,74538,46,185702
4899,0.000775,172.31.46.0-255,66,74604,46,185702
4900,0.000782,74.125.24.0-255,5738,80342,46,185702
4901,0.000784,172.31.46.0-255,66,80408,46,185702
4902,0.000808,74.125.24.0-255,4320,84728,46,185702
4903,0.000812,172.31.46.0-255,66,84794,46,185702
4904,0.000829,172.31.46.0-255,66,84860,46,185702
4905,0.00084,172.31.46.0-255,66,84926,46,185702
4906,0.000862,74.125.24.0-255,4320,89246,46,185702
4907,0.000864,172.31.46.0-255,66,89312,46,185702
4908,0.000872,74.125.24.0-255,7156,96468,46,185702
4909,0.000874,172.31.46.0-255,66,96534,46,185702
4910,0.0009,172.31.46.0-255,66,96600,46,185702
4911,0.00099,74.125.24.0-255,1484,98084,46,185702
4912,0.000996,74.125.24.0-255,2902,100986,46,185702
4913,0.000999,172.31.46.0-255,66,101052,46,185702
4914,0.001002,74.125.24.0-255,1484,102536,46,185702
4915,0.001023,74.125.24.0-255,4320,106856,46,185702
4916,0.001025,74.125.24.0-255,1484,108340,46,185702
4917,0.00103,172.31.46.0-255,66,108406,46,185702
4918,0.001061,172.31.46.0-255,66,108472,46,185702
4919,0.001065,74.125.24.0-255,2902,111374,46,185702
4920,0.001067,172.31.46.0-255,66,111440,46,185702
4921,0.001094,172.31.46.0-255,66,111506,46,185702
4922,0.001127,74.125.24.0-255,1484,112990,46,185702
4923,0.001132,74.125.24.0-255,2902,115892,46,185702
4924,0.001135,172.31.46.0-255,66,115958,46,185702
4925,0.00115,74.125.24.0-255,4320,120278,46,185702
4926,0.001153,172.31.46.0-255,66,120344,46,185702
4927,0.001183,74.125.24.0-255,1484,121828,46,185702
4928,0.001196,172.31.46.0-255,66,121894,46,185702
4929,0.001252,172.31.46.0-255,66,121960,46,185702
4930,0.00134,172.31.46.0-255,66,122026,46,185702
4931,0.001348,172.31.46.0-255,66,122092,46,185702
4932,0.001354,74.125.24.0-255,5738,127830,46,185702
4933,0.001357,172.31.46.0-255,66,127896,46,185702
4934,0.001361,74.125.24.0-255,3602,131498,46,185702
4935,0.001363,172.31.46.0-255,66,131564,46,185702
4936,0.001374,74.125.24.0-255,4320,135884,46,185702
4937,0.001376,172.31.46.0-255,66,135950,46,185702
4938,0.001388,172.31.46.0-255,66,136016,46,185702
4939,0.001397,172.31.46.0-255,66,136082,46,185702
4940,0.001462,172.31.46.0-255,66,136148,46,185702
4941,0.001476,172.31.46.0-255,66,136214,46,185702
4942,0.001488,172.31.46.0-255,66,136280,46,185702
4943,0.001527,74.125.24.0-255,7156,143436,46,185702
4944,0.00153,172.31.46.0-255,66,143502,46,185702
4945,0.001554,74.125.24.0-255,4320,147822,46,185702
4946,0.001557,172.31.46.0-255,66,147888,46,185702
4947,0.00157,172.31.46.0-255,66,147954,46,185702
4948,0.001574,74.125.24.0-255,2902,150856,46,185702
4949,0.001576,172.31.46.0-255,66,150922,46,185702
4950,0.001596,74.125.24.0-255,6438,157360,46,185702
4951,0.001598,172.31.46.0-255,66,157426,46,185702
4952,0.001626,74.125.24.0-255,4320,161746,46,185702
4953,0.001629,172.31.46.0-255,66,161812,46,185702
4954,0.001652,74.125.24.0-255,5738,167550,46,185702
4955,0.001657,74.125.24.0-255,4320,171870,46,185702
4956,0.001672,172.31.46.0-255,66,171936,46,185702
4957,0.001678,172.31.46.0-255,66,172002,46,185702
4958,0.001681,172.31.46.0-255,66,172068,46,185702
4959,0.001685,74.125.24.0-255,2902,174970,46,185702
4960,0.001688,172.31.46.0-255,66,175036,46,185702
4961,0.001698,172.31.46.0-255,66,175102,46,185702
4962,0.001718,74.125.24.0-255,872,175974,46,185702
4963,0.001749,74.125.24.0-255,105,176079,46,185702
4964,0.00366,172.31.46.0-255,101,176180,46,185702
4965,0.004285,172.31.46.0-255,105,176285,46,185702
4966,0.006029,74.125.24.0-255,66,176351,46,185702
4967,0.006656,74.125.24.0-255,66,176417,46,185702
4968,0.034525,172.31.46.0-255,176,176593,46,185702
4969,0.034555,172.31.46.0-255,1118,177711,46,185702
4970,0.034611,172.31.46.0-255,1514,179225,46,185702
4971,0.034612,172.31.46.0-255,1514,180739,46,185702
4972,0.034616,172.31.46.0-255,1514,182253,46,185702
4973,0.034617,172.31.46.0-255,1514,183767,46,185702
4974,0.034635,172.31.46.0-255,1497,185264,46,185702
4975,0.036174,104.244.42.0-255,66,185330,46,185702
4976,0.036209,104.244.42.0-255,66,185396,46,185702
4977,0.036294,104.244.42.0-255,66,185462,46,185702
4978,0.036384,104.244.42.0-255,66,185528,46,185702
4979,0.036964,104.244.42.0-255,108,185636,46,185702
4980,0.036971,172.31.46.0-255,66,185702,46,185702
4981,0.0,74.125.200.0-255,296,296,46,144466
4982,2.3e-05,172.31.46.0-255,66,362,46,144466
4983,3e-05,74.125.200.0-255,1484,1846,46,144466
4984,3.4e-05,172.31.46.0-255,66,1912,46,144466
4985,3.7e-05,74.125.200.0-255,1484,3396,46,144466
4986,4.9e-05,172.31.46.0-255,66,3462,46,144466
4987,5.6e-05,74.125.200.0-255,2902,6364,46,144466
4988,5.9e-05,172.31.46.0-255,66,6430,46,144466
4989,0.000118,74.125.200.0-255,5738,12168,46,144466
4990,0.000123,172.31.46.0-255,66,12234,46,144466
4991,0.000263,74.125.200.0-255,6083,18317,46,144466
4992,0.000269,172.31.46.0-255,66,18383,46,144466
4993,0.000402,74.125.200.0-255,5738,24121,46,144466
4994,0.000406,172.31.46.0-255,66,24187,46,144466
4995,0.000433,172.31.46.0-255,66,24253,46,144466
4996,0.000717,74.125.200.0-255,7156,31409,46,144466
4997,0.000722,172.31.46.0-255,66,31475,46,144466
4998,0.000886,74.125.200.0-255,4320,35795,46,144466
4999,0.00089,172.31.46.0-255,66,35861,46,144466
5000,0.000942,172.31.46.0-255,66,35927,46,144466
5001,0.001474,74.125.200.0-255,5738,41665,46,144466
5002,0.00148,172.31.46.0-255,66,41731,46,144466
5003,0.001519,172.31.46.0-255,66,41797,46,144466
5004,0.002083,172.31.46.0-255,66,41863,46,144466
5005,0.002244,74.125.200.0-255,4320,46183,46,144466
5006,0.002249,172.31.46.0-255,66,46249,46,144466
5007,0.002305,172.31.46.0-255,66,46315,46,144466
5008,0.003059,74.125.200.0-255,7156,53471,46,144466
5009,0.005532,172.31.46.0-255,66,53537,46,144466
5010,0.007547,74.125.200.0-255,1484,55021,46,144466
5011,0.00757,74.125.200.0-255,4320,59341,46,144466
5012,0.007575,172.31.46.0-255,66,59407,46,144466
5013,0.009612,74.125.200.0-255,5738,65145,46,144466
5014,0.009833,172.31.46.0-255,66,65211,46,144466
5015,0.011865,74.125.200.0-255,5738,70949,46,144466
5016,0.011874,172.31.46.0-255,66,71015,46,144466
5017,0.013905,74.125.200.0-255,5738,76753,46,144466
5018,0.016236,172.31.46.0-255,66,76819,46,144466
5019,0.018261,74.125.200.0-255,5738,82557,46,144466
5020,0.018269,172.31.46.0-255,66,82623,46,144466
5021,0.0203,74.125.200.0-255,5738,88361,46,144466
5022,0.020308,172.31.46.0-255,66,88427,46,144466
5023,0.022334,74.125.200.0-255,5738,94165,46,144466
5024,0.022341,172.31.46.0-255,66,94231,46,144466
5025,0.024357,74.125.200.0-255,5738,99969,46,144466
5026,0.024365,172.31.46.0-255,66,100035,46,144466
5027,0.026391,74.125.200.0-255,5738,105773,46,144466
5028,0.026399,172.31.46.0-255,66,105839,46,144466
5029,0.027108,172.31.46.0-255,172,106011,46,144466
5030,0.02714,172.31.46.0-255,1119,107130,46,144466
5031,0.0272,172.31.46.0-255,1514,108644,46,144466
5032,0.027202,172.31.46.0-255,404,109048,46,144466
5033,0.028419,74.125.200.0-255,5738,114786,46,144466
5034,0.028426,172.31.46.0-255,66,114852,46,144466
5035,0.028737,104.244.42.0-255,66,114918,46,144466
5036,0.030437,74.125.200.0-255,5738,120656,46,144466
5037,0.030444,172.31.46.0-255,66,120722,46,144466
5038,0.032455,74.125.200.0-255,2902,123624,46,144466
5039,0.032462,172.31.46.0-255,66,123690,46,144466
5040,0.032491,74.125.200.0-255,2902,126592,46,144466
5041,0.032547,172.31.46.0-255,66,126658,46,144466
5042,0.034489,74.125.200.0-255,2902,129560,46,144466
5043,0.034498,172.31.46.0-255,66,129626,46,144466
5044,0.034548,74.125.200.0-255,2902,132528,46,144466
5045,0.034577,172.31.46.0-255,66,132594,46,144466
5046,0.036529,74.125.200.0-255,2902,135496,46,144466
5047,0.036536,172.31.46.0-255,66,135562,46,144466
5048,0.036592,74.125.200.0-255,2902,138464,46,144466
5049,0.036936,172.31.46.0-255,66,138530,46,144466
5050,0.03856,74.125.200.0-255,2902,141432,46,144466
5051,0.038568,172.31.46.0-255,66,141498,46,144466
5052,0.038955,74.125.200.0-255,2902,144400,46,144466
5053,0.038962,172.31.46.0-255,66,144466,46,144466
5054,0.0,74.125.24.0-255,297,297,46,177989
5055,1.7e-05,172.31.46.0-255,66,363,46,177989
5056,2.3e-05,74.125.24.0-255,1484,1847,46,177989
5057,2.6e-05,172.31.46.0-255,66,1913,46,177989
5058,3.2e-05,74.125.24.0-255,4320,6233,46,177989
5059,3.5e-05,172.31.46.0-255,66,6299,46,177989
5060,5.4e-05,74.125.24.0-255,1484,7783,46,177989
5061,5.6e-05,172.31.46.0-255,66,7849,46,177989
5062,7.9e-05,74.125.24.0-255,5738,13587,46,177989
5063,8.2e-05,172.31.46.0-255,66,13653,46,177989
5064,0.000152,74.125.24.0-255,5738,19391,46,177989
5065,0.000155,172.31.46.0-255,66,19457,46,177989
5066,0.000182,172.31.46.0-255,66,19523,46,177989
5067,0.000305,74.125.24.0-255,3961,23484,46,177989
5068,0.000308,172.31.46.0-255,66,23550,46,177989
5069,0.000353,74.125.24.0-255,4320,27870,46,177989
5070,0.000356,172.31.46.0-255,66,27936,46,177989
5071,0.000407,74.125.24.0-255,2902,30838,46,177989
5072,0.000409,172.31.46.0-255,66,30904,46,177989
5073,0.000431,74.125.24.0-255,7156,38060,46,177989
5074,0.000434,172.31.46.0-255,66,38126,46,177989
5075,0.000561,172.31.46.0-255,66,38192,46,177989
5076,0.000587,172.31.46.0-255,66,38258,46,177989
5077,0.000774,172.31.46.0-255,66,38324,46,177989
5078,0.000801,172.31.46.0-255,66,38390,46,177989
5079,0.001023,172.31.46.0-255,66,38456,46,177989
5080,0.00104,74.125.24.0-255,467,38923,46,177989
5081,0.001169,74.125.24.0-255,4320,43243,46,177989
5082,0.001173,172.31.46.0-255,66,43309,46,177989
5083,0.001233,172.31.46.0-255,66,43375,46,177989
5084,0.001267,172.31.46.0-255,66,43441,46,177989
5085,0.001467,74.125.24.0-255,7156,50597,46,177989
5086,0.001471,172.31.46.0-255,66,50663,46,177989
5087,0.001488,74.125.24.0-255,2184,52847,46,177989
5088,0.00149,172.31.46.0-255,66,52913,46,177989
5089,0.001587,172.31.46.0-255,66,52979,46,177989
5090,0.001606,74.125.24.0-255,1484,54463,46,177989
5091,0.001705,74.125.24.0-255,7156,61619,46,177989
5092,0.001708,172.31.46.0-255,66,61685,46,177989
5093,0.001742,172.31.46.0-255,66,61751,46,177989
5094,0.001958,74.125.24.0-255,2184,63935,46,177989
5095,0.001962,172.31.46.0-255,66,64001,46,177989
5096,0.001991,74.125.24.0-255,2902,66903,46,177989
5097,0.001993,172.31.46.0-255,66,66969,46,177989
5098,0.002034,74.125.24.0-255,7156,74125,46,177989
5099,0.002036,172.31.46.0-255,66,74191,46,177989
5100,0.0021,74.125.24.0-255,5738,79929,46,177989
5101,0.002103,172.31.46.0-255,66,79995,46,177989
5102,0.002132,172.31.46.0-255,66,80061,46,177989
5103,0.002293,74.125.24.0-255,2902,82963,46,177989
5104,0.002297,172.31.46.0-255,66,83029,46,177989
5105,0.002317,74.125.24.0-255,5020,88049,46,177989
5106,0.002319,172.31.46.0-255,66,88115,46,177989
5107,0.002385,74.125.24.0-255,2902,91017,46,177989
5108,0.002388,172.31.46.0-255,66,91083,46,177989
5109,0.002442,172.31.46.0-255,66,91149,46,177989
5110,0.002472,172.31.46.0-255,66,91215,46,177989
5111,0.002814,74.125.24.0-255,4320,95535,46,177989
5112,0.002819,172.31.46.0-255,66,95601,46,177989
5113,0.002844,172.31.46.0-255,66,95667,46,177989
5114,0.002991,172.31.46.0-255,66,95733,46,177989
5115,0.00304,172.31.46.0-255,66,95799,46,177989
5116,0.005293,74.125.24.0-255,5738,101537,46,177989
5117,0.005298,172.31.46.0-255,66,101603,46,177989
5118,0.007544,74.125.24.0-255,4320,105923,46,177989
5119,0.007548,172.31.46.0-255,66,105989,46,177989
5120,0.007567,74.125.24.0-255,1484,107473,46,177989
5121,0.009791,74.125.24.0-255,4320,111793,46,177989
5122,0.009799,172.31.46.0-255,66,111859,46,177989
5123,0.012067,74.125.24.0-255,5738,117597,46,177989
5124,0.012075,172.31.46.0-255,66,117663,46,177989
5125,0.01434,74.125.24.0-255,5738,123401,46,177989
5126,0.014348,172.31.46.0-255,66,123467,46,177989
5127,0.016613,74.125.24.0-255,5738,129205,46,177989
5128,0.016623,172.31.46.0-255,66,129271,46,177989
5129,0.018899,74.125.24.0-255,5738,135009,46,177989
5130,0.018908,172.31.46.0-255,66,135075,46,177989
5131,0.021176,74.125.24.0-255,5738,140813,46,177989
5132,0.021183,172.31.46.0-255,66,140879,46,177989
5133,0.023467,74.125.24.0-255,5738,146617,46,177989
5134,0.023474,172.31.46.0-255,66,146683,46,177989
5135,0.025729,74.125.24.0-255,5738,152421,46,177989
5136,0.025736,172.31.46.0-255,66,152487,46,177989
5137,0.028033,74.125.24.0-255,5738,158225,46,177989
5138,0.028039,172.31.46.0-255,66,158291,46,177989
5139,0.030304,74.125.24.0-255,5738,164029,46,177989
5140,0.030312,172.31.46.0-255,66,164095,46,177989
5141,0.03257,74.125.24.0-255,5738,169833,46,177989
5142,0.032578,172.31.46.0-255,66,169899,46,177989
5143,0.03485,74.125.24.0-255,5738,175637,46,177989
5144,0.034858,172.31.46.0-255,66,175703,46,177989
5145,0.037125,74.125.24.0-255,2049,177752,46,177989
5146,0.037134,172.31.46.0-255,66,177818,46,177989
5147,0.037326,172.31.46.0-255,105,177923,46,177989
5148,0.039549,74.125.24.0-255,66,177989,46,177989
5149,0.0,74.125.24.0-255,153,153,46,235024
5150,1.4e-05,74.125.24.0-255,1484,1637,46,235024
5151,2.2e-05,172.31.46.0-255,66,1703,46,235024
5152,3.1e-05,74.125.24.0-255,2902,4605,46,235024
5153,3.5e-05,172.31.46.0-255,66,4671,46,235024
5154,5e-05,74.125.24.0-255,7156,11827,46,235024
5155,5.4e-05,172.31.46.0-255,66,11893,46,235024
5156,5.9e-05,74.125.24.0-255,2087,13980,46,235024
5157,6.2e-05,172.31.46.0-255,66,14046,46,235024
5158,0.00022,74.125.24.0-255,1484,15530,46,235024
5159,0.000227,74.125.24.0-255,2902,18432,46,235024
5160,0.000231,172.31.46.0-255,66,18498,46,235024
5161,0.000236,74.125.24.0-255,2902,21400,46,235024
5162,0.000238,172.31.46.0-255,66,21466,46,235024
5163,0.000261,74.125.24.0-255,2902,24368,46,235024
5164,0.000267,172.31.46.0-255,66,24434,46,235024
5165,0.000275,74.125.24.0-255,6797,31231,46,235024
5166,0.000278,172.31.46.0-255,66,31297,46,235024
5167,0.000306,74.125.24.0-255,4320,35617,46,235024
5168,0.000309,172.31.46.0-255,66,35683,46,235024
5169,0.00035,172.31.46.0-255,66,35749,46,235024
5170,0.000354,74.125.24.0-255,2543,38292,46,235024
5171,0.000356,172.31.46.0-255,66,38358,46,235024
5172,0.000774,74.125.24.0-255,1484,39842,46,235024
5173,0.00078,74.125.24.0-255,2902,42744,46,235024
5174,0.000785,172.31.46.0-255,66,42810,46,235024
5175,0.000816,74.125.24.0-255,5738,48548,46,235024
5176,0.000819,172.31.46.0-255,66,48614,46,235024
5177,0.000822,74.125.24.0-255,1484,50098,46,235024
5178,0.000858,74.125.24.0-255,1484,51582,46,235024
5179,0.000862,172.31.46.0-255,66,51648,46,235024
5180,0.000896,172.31.46.0-255,66,51714,46,235024
5181,0.000899,74.125.24.0-255,1484,53198,46,235024
5182,0.000924,172.31.46.0-255,66,53264,46,235024
5183,0.00096,74.125.24.0-255,6797,60061,46,235024
5184,0.000963,172.31.46.0-255,66,60127,46,235024
5185,0.001191,74.125.24.0-255,1484,61611,46,235024
5186,0.001196,74.125.24.0-255,2902,64513,46,235024
5187,0.001201,172.31.46.0-255,66,64579,46,235024
5188,0.001231,74.125.24.0-255,5738,70317,46,235024
5189,0.001235,172.31.46.0-255,66,70383,46,235024
5190,0.001252,172.31.46.0-255,66,70449,46,235024
5191,0.001278,74.125.24.0-255,1484,71933,46,235024
5192,0.001293,172.31.46.0-255,66,71999,46,235024
5193,0.001311,172.31.46.0-255,66,72065,46,235024
5194,0.00134,74.125.24.0-255,5738,77803,46,235024
5195,0.001344,172.31.46.0-255,66,77869,46,235024
5196,0.001361,172.31.46.0-255,66,77935,46,235024
5197,0.001963,74.125.24.0-255,1484,79419,46,235024
5198,0.001986,74.125.24.0-255,2902,82321,46,235024
5199,0.00199,172.31.46.0-255,66,82387,46,235024
5200,0.001995,74.125.24.0-255,2902,85289,46,235024
5201,0.001997,172.31.46.0-255,66,85355,46,235024
5202,0.002026,74.125.24.0-255,2902,88257,46,235024
5203,0.002028,172.31.46.0-255,66,88323,46,235024
5204,0.002034,74.125.24.0-255,4320,92643,46,235024
5205,0.002036,172.31.46.0-255,66,92709,46,235024
5206,0.002052,172.31.46.0-255,66,92775,46,235024
5207,0.002085,74.125.24.0-255,2902,95677,46,235024
5208,0.002087,172.31.46.0-255,66,95743,46,235024
5209,0.002119,74.125.24.0-255,5020,100763,46,235024
5210,0.002121,172.31.46.0-255,66,100829,46,235024
5211,0.002329,74.125.24.0-255,1484,102313,46,235024
5212,0.002345,74.125.24.0-255,1484,103797,46,235024
5213,0.002349,172.31.46.0-255,66,103863,46,235024
5214,0.002354,74.125.24.0-255,2902,106765,46,235024
5215,0.002356,172.31.46.0-255,66,106831,46,235024
5216,0.002377,74.125.24.0-255,1484,108315,46,235024
5217,0.002388,74.125.24.0-255,7156,115471,46,235024
5218,0.00239,172.31.46.0-255,66,115537,46,235024
5219,0.002428,74.125.24.0-255,1484,117021,46,235024
5220,0.00243,172.31.46.0-255,66,117087,46,235024
5221,0.002464,74.125.24.0-255,2902,119989,46,235024
5222,0.002466,172.31.46.0-255,66,120055,46,235024
5223,0.002481,74.125.24.0-255,766,120821,46,235024
5224,0.002515,74.125.24.0-255,2902,123723,46,235024
5225,0.002517,172.31.46.0-255,66,123789,46,235024
5226,0.002542,74.125.24.0-255,1484,125273,46,235024
5227,0.002548,74.125.24.0-255,5738,131011,46,235024
5228,0.00255,172.31.46.0-255,66,131077,46,235024
5229,0.002571,172.31.46.0-255,66,131143,46,235024
5230,0.002577,74.125.24.0-255,5738,136881,46,235024
5231,0.002578,172.31.46.0-255,66,136947,46,235024
5232,0.002602,74.125.24.0-255,6438,143385,46,235024
5233,0.002604,172.31.46.0-255,66,143451,46,235024
5234,0.002607,74.125.24.0-255,1484,144935,46,235024
5235,0.00263,74.125.24.0-255,4320,149255,46,235024
5236,0.002632,172.31.46.0-255,66,149321,46,235024
5237,0.002634,74.125.24.0-255,1484,150805,46,235024
5238,0.002659,74.125.24.0-255,5738,156543,46,235024
5239,0.002662,172.31.46.0-255,66,156609,46,235024
5240,0.002668,74.125.24.0-255,5738,162347,46,235024
5241,0.00267,172.31.46.0-255,66,162413,46,235024
5242,0.002672,74.125.24.0-255,1484,163897,46,235024
5243,0.002697,74.125.24.0-255,7156,171053,46,235024
5244,0.0027,172.31.46.0-255,66,171119,46,235024
5245,0.002706,74.125.24.0-255,6438,177557,46,235024
5246,0.002708,172.31.46.0-255,66,177623,46,235024
5247,0.002769,74.125.24.0-255,2902,180525,46,235024
5248,0.002772,172.31.46.0-255,66,180591,46,235024
5249,0.002775,74.125.24.0-255,1484,182075,46,235024
5250,0.002794,74.125.24.0-255,2902,184977,46,235024
5251,0.002796,172.31.46.0-255,66,185043,46,235024
5252,0.0028,74.125.24.0-255,2902,187945,46,235024
5253,0.002802,172.31.46.0-255,66,188011,46,235024
5254,0.002833,74.125.24.0-255,5738,193749,46,235024
5255,0.002835,172.31.46.0-255,66,193815,46,235024
5256,0.00284,74.125.24.0-255,4320,198135,46,235024
5257,0.002842,172.31.46.0-255,66,198201,46,235024
5258,0.002872,172.31.46.0-255,66,198267,46,235024
5259,0.002902,74.125.24.0-255,5020,203287,46,235024
5260,0.002905,172.31.46.0-255,66,203353,46,235024
5261,0.002928,74.125.24.0-255,2902,206255,46,235024
5262,0.00293,172.31.46.0-255,66,206321,46,235024
5263,0.002941,74.125.24.0-255,2902,209223,46,235024
5264,0.002943,172.31.46.0-255,66,209289,46,235024
5265,0.002951,74.125.24.0-255,4320,213609,46,235024
5266,0.002953,172.31.46.0-255,66,213675,46,235024
5267,0.002957,74.125.24.0-255,2902,216577,46,235024
5268,0.002961,172.31.46.0-255,66,216643,46,235024
5269,0.002994,172.31.46.0-255,66,216709,46,235024
5270,0.003009,172.31.46.0-255,66,216775,46,235024
5271,0.003035,74.125.24.0-255,1484,218259,46,235024
5272,0.003055,74.125.24.0-255,7156,225415,46,235024
5273,0.003057,172.31.46.0-255,66,225481,46,235024
5274,0.003116,172.31.46.0-255,66,225547,46,235024
5275,0.003118,74.125.24.0-255,97,225644,46,235024
5276,0.00315,74.125.24.0-255,105,225749,46,235024
5277,0.00746,172.31.46.0-255,66,225815,46,235024
5278,0.007497,172.31.46.0-255,105,225920,46,235024
5279,0.009794,74.125.24.0-255,66,225986,46,235024
5280,0.037602,172.31.46.0-255,172,226158,46,235024
5281,0.037637,172.31.46.0-255,1115,227273,46,235024
5282,0.0377,172.31.46.0-255,1514,228787,46,235024
5283,0.037701,172.31.46.0-255,1514,230301,46,235024
5284,0.037707,172.31.46.0-255,1514,231815,46,235024
5285,0.037708,172.31.46.0-255,1514,233329,46,235024
5286,0.037726,172.31.46.0-255,1497,234826,46,235024
5287,0.039154,104.244.42.0-255,66,234892,46,235024
5288,0.039174,104.244.42.0-255,66,234958,46,235024
5289,0.039299,104.244.42.0-255,66,235024,46,235024
5290,0.0,172.217.194.0-255,153,153,46,235046
5291,1.4e-05,172.31.46.0-255,66,219,46,235046
5292,2.1e-05,172.217.194.0-255,1484,1703,46,235046
5293,2.5e-05,172.31.46.0-255,66,1769,46,235046
5294,3.1e-05,172.217.194.0-255,2902,4671,46,235046
5295,3.5e-05,172.31.46.0-255,66,4737,46,235046
5296,6.2e-05,172.217.194.0-255,5738,10475,46,235046
5297,6.5e-05,172.31.46.0-255,66,10541,46,235046
5298,8e-05,172.217.194.0-255,2902,13443,46,235046
5299,8.2e-05,172.31.46.0-255,66,13509,46,235046
5300,9.6e-05,172.217.194.0-255,718,14227,46,235046
5301,9.9e-05,172.31.46.0-255,66,14293,46,235046
5302,0.000925,172.217.194.0-255,1484,15777,46,235046
5303,0.000932,172.31.46.0-255,66,15843,46,235046
5304,0.000943,172.217.194.0-255,2902,18745,46,235046
5305,0.000945,172.31.46.0-255,66,18811,46,235046
5306,0.000951,172.217.194.0-255,2902,21713,46,235046
5307,0.000953,172.31.46.0-255,66,21779,46,235046
5308,0.000958,172.217.194.0-255,4320,26099,46,235046
5309,0.00096,172.31.46.0-255,66,26165,46,235046
5310,0.000978,172.217.194.0-255,1484,27649,46,235046
5311,0.00098,172.31.46.0-255,66,27715,46,235046
5312,0.001021,172.31.46.0-255,66,27781,46,235046
5313,0.001029,172.217.194.0-255,7156,34937,46,235046
5314,0.001031,172.31.46.0-255,66,35003,46,235046
5315,0.001044,172.217.194.0-255,1484,36487,46,235046
5316,0.001046,172.31.46.0-255,66,36553,46,235046
5317,0.001061,172.217.194.0-255,3961,40514,46,235046
5318,0.001064,172.31.46.0-255,66,40580,46,235046
5319,0.001141,172.217.194.0-255,1484,42064,46,235046
5320,0.001144,172.31.46.0-255,66,42130,46,235046
5321,0.001148,172.217.194.0-255,2902,45032,46,235046
5322,0.00115,172.31.46.0-255,66,45098,46,235046
5323,0.001171,172.217.194.0-255,5738,50836,46,235046
5324,0.001173,172.31.46.0-255,66,50902,46,235046
5325,0.001194,172.217.194.0-255,1484,52386,46,235046
5326,0.00121,172.217.194.0-255,5379,57765,46,235046
5327,0.001212,172.31.46.0-255,66,57831,46,235046
5328,0.00138,172.217.194.0-255,1484,59315,46,235046
5329,0.001393,172.217.194.0-255,2902,62217,46,235046
5330,0.001397,172.31.46.0-255,66,62283,46,235046
5331,0.001403,172.217.194.0-255,4320,66603,46,235046
5332,0.001405,172.31.46.0-255,66,66669,46,235046
5333,0.001418,172.217.194.0-255,1484,68153,46,235046
5334,0.001459,172.217.194.0-255,5738,73891,46,235046
5335,0.001461,172.31.46.0-255,66,73957,46,235046
5336,0.001483,172.217.194.0-255,7051,81008,46,235046
5337,0.001485,172.31.46.0-255,66,81074,46,235046
5338,0.001498,172.31.46.0-255,66,81140,46,235046
5339,0.001503,172.217.194.0-255,2902,84042,46,235046
5340,0.001505,172.31.46.0-255,66,84108,46,235046
5341,0.001528,172.217.194.0-255,1484,85592,46,235046
5342,0.001535,172.217.194.0-255,5738,91330,46,235046
5343,0.001537,172.31.46.0-255,66,91396,46,235046
5344,0.001567,172.217.194.0-255,6683,98079,46,235046
5345,0.00157,172.31.46.0-255,66,98145,46,235046
5346,0.00162,172.217.194.0-255,1484,99629,46,235046
5347,0.001623,172.217.194.0-255,1484,101113,46,235046
5348,0.001625,172.31.46.0-255,66,101179,46,235046
5349,0.001643,172.217.194.0-255,1484,102663,46,235046
5350,0.001649,172.217.194.0-255,5738,108401,46,235046
5351,0.001652,172.31.46.0-255,66,108467,46,235046
5352,0.001681,172.217.194.0-255,6920,115387,46,235046
5353,0.001684,172.31.46.0-255,66,115453,46,235046
5354,0.00182,172.217.194.0-255,1484,116937,46,235046
5355,0.001838,172.217.194.0-255,2902,119839,46,235046
5356,0.00184,172.31.46.0-255,66,119905,46,235046
5357,0.001846,172.217.194.0-255,5738,125643,46,235046
5358,0.001849,172.31.46.0-255,66,125709,46,235046
5359,0.001871,172.217.194.0-255,5738,131447,46,235046
5360,0.001874,172.31.46.0-255,66,131513,46,235046
5361,0.001912,172.217.194.0-255,7156,138669,46,235046
5362,0.001915,172.31.46.0-255,66,138735,46,235046
5363,0.001936,172.217.194.0-255,5738,144473,46,235046
5364,0.001939,172.31.46.0-255,66,144539,46,235046
5365,0.001944,172.217.194.0-255,5020,149559,46,235046
5366,0.001946,172.31.46.0-255,66,149625,46,235046
5367,0.0045,172.217.194.0-255,5738,155363,46,235046
5368,0.004506,172.31.46.0-255,66,155429,46,235046
5369,0.007082,172.217.194.0-255,5738,161167,46,235046
5370,0.00709,172.31.46.0-255,66,161233,46,235046
5371,0.009648,172.217.194.0-255,5738,166971,46,235046
5372,0.009659,172.31.46.0-255,66,167037,46,235046
5373,0.012205,172.217.194.0-255,5738,172775,46,235046
5374,0.012214,172.31.46.0-255,66,172841,46,235046
5375,0.014759,172.217.194.0-255,5738,178579,46,235046
5376,0.014767,172.31.46.0-255,66,178645,46,235046
5377,0.01735,172.217.194.0-255,5738,184383,46,235046
5378,0.017358,172.31.46.0-255,66,184449,46,235046
5379,0.019908,172.217.194.0-255,5738,190187,46,235046
5380,0.019915,172.31.46.0-255,66,190253,46,235046
5381,0.022505,172.217.194.0-255,5738,195991,46,235046
5382,0.022514,172.31.46.0-255,66,196057,46,235046
5383,0.025103,172.217.194.0-255,5738,201795,46,235046
5384,0.025114,172.31.46.0-255,66,201861,46,235046
5385,0.027661,172.217.194.0-255,5738,207599,46,235046
5386,0.027671,172.31.46.0-255,66,207665,46,235046
5387,0.030255,172.217.194.0-255,5738,213403,46,235046
5388,0.030262,172.31.46.0-255,66,213469,46,235046
5389,0.032805,172.217.194.0-255,5738,219207,46,235046
5390,0.032815,172.31.46.0-255,66,219273,46,235046
5391,0.035362,172.217.194.0-255,5738,225011,46,235046
5392,0.035372,172.31.46.0-255,66,225077,46,235046
5393,0.037906,172.217.194.0-255,5738,230815,46,235046
5394,0.037916,172.31.46.0-255,66,230881,46,235046
5395,0.03954,172.31.46.0-255,172,231053,46,235046
5396,0.039571,172.31.46.0-255,1119,232172,46,235046
5397,0.039638,172.31.46.0-255,1514,233686,46,235046
5398,0.03964,172.31.46.0-255,1360,235046,46,235046
5399,0.0,74.125.24.0-255,150,150,46,181862
5400,3.7e-05,172.31.46.0-255,66,216,46,181862
5401,4.5e-05,74.125.24.0-255,1484,1700,46,181862
5402,5.2e-05,172.31.46.0-255,66,1766,46,181862
5403,6.5e-05,74.125.24.0-255,2902,4668,46,181862
5404,7e-05,172.31.46.0-255,66,4734,46,181862
5405,7.6e-05,74.125.24.0-255,2902,7636,46,181862
5406,7.9e-05,172.31.46.0-255,66,7702,46,181862
5407,0.000119,172.31.46.0-255,66,7768,46,181862
5408,0.00014,172.31.46.0-255,66,7834,46,181862
5409,0.000267,74.125.24.0-255,1484,9318,46,181862
5410,0.000276,172.31.46.0-255,66,9384,46,181862
5411,0.000283,74.125.24.0-255,2902,12286,46,181862
5412,0.000286,172.31.46.0-255,66,12352,46,181862
5413,0.000297,74.125.24.0-255,5738,18090,46,181862
5414,0.000299,172.31.46.0-255,66,18156,46,181862
5415,0.000328,74.125.24.0-255,2902,21058,46,181862
5416,0.00033,172.31.46.0-255,66,21124,46,181862
5417,0.000372,172.31.46.0-255,66,21190,46,181862
5418,0.000411,172.31.46.0-255,66,21256,46,181862
5419,0.000414,74.125.24.0-255,431,21687,46,181862
5420,0.000416,172.31.46.0-255,66,21753,46,181862
5421,0.000478,74.125.24.0-255,1484,23237,46,181862
5422,0.000481,172.31.46.0-255,66,23303,46,181862
5423,0.000486,74.125.24.0-255,2902,26205,46,181862
5424,0.000488,172.31.46.0-255,66,26271,46,181862
5425,0.000498,74.125.24.0-255,2902,29173,46,181862
5426,0.0005,172.31.46.0-255,66,29239,46,181862
5427,0.000532,74.125.24.0-255,2902,32141,46,181862
5428,0.000576,74.125.24.0-255,2460,34601,46,181862
5429,0.000834,74.125.24.0-255,1484,36085,46,181862
5430,0.000842,74.125.24.0-255,2902,38987,46,181862
5431,0.000856,74.125.24.0-255,4320,43307,46,181862
5432,0.000873,74.125.24.0-255,1484,44791,46,181862
5433,0.000888,74.125.24.0-255,2902,47693,46,181862
5434,0.000894,74.125.24.0-255,4320,52013,46,181862
5435,0.000918,74.125.24.0-255,4320,56333,46,181862
5436,0.000932,74.125.24.0-255,4320,60653,46,181862
5437,0.000939,74.125.24.0-255,7156,67809,46,181862
5438,0.00098,74.125.24.0-255,766,68575,46,181862
5439,0.001147,172.31.46.0-255,66,68641,46,181862
5440,0.001409,74.125.24.0-255,1484,70125,46,181862
5441,0.001415,74.125.24.0-255,2902,73027,46,181862
5442,0.001429,74.125.24.0-255,4320,77347,46,181862
5443,0.001435,172.31.46.0-255,66,77413,46,181862
5444,0.001448,74.125.24.0-255,1484,78897,46,181862
5445,0.001459,74.125.24.0-255,5738,84635,46,181862
5446,0.001475,74.125.24.0-255,1484,86119,46,181862
5447,0.001479,172.31.46.0-255,66,86185,46,181862
5448,0.00149,74.125.24.0-255,4320,90505,46,181862
5449,0.001501,172.31.46.0-255,66,90571,46,181862
5450,0.00152,74.125.24.0-255,7156,97727,46,181862
5451,0.001527,74.125.24.0-255,5020,102747,46,181862
5452,0.001551,172.31.46.0-255,66,102813,46,181862
5453,0.002416,74.125.24.0-255,1484,104297,46,181862
5454,0.002424,74.125.24.0-255,2902,107199,46,181862
5455,0.002428,172.31.46.0-255,66,107265,46,181862
5456,0.002435,74.125.24.0-255,5738,113003,46,181862
5457,0.00246,74.125.24.0-255,5738,118741,46,181862
5458,0.002479,74.125.24.0-255,7156,125897,46,181862
5459,0.002482,172.31.46.0-255,66,125963,46,181862
5460,0.002492,172.31.46.0-255,66,126029,46,181862
5461,0.002547,172.31.46.0-255,66,126095,46,181862
5462,0.002573,74.125.24.0-255,1484,127579,46,181862
5463,0.002576,74.125.24.0-255,1484,129063,46,181862
5464,0.002588,74.125.24.0-255,1484,130547,46,181862
5465,0.002598,172.31.46.0-255,66,130613,46,181862
5466,0.002616,74.125.24.0-255,5738,136351,46,181862
5467,0.002621,74.125.24.0-255,2902,139253,46,181862
5468,0.002624,74.125.24.0-255,1484,140737,46,181862
5469,0.002649,172.31.46.0-255,66,140803,46,181862
5470,0.002656,74.125.24.0-255,5738,146541,46,181862
5471,0.002661,172.31.46.0-255,66,146607,46,181862
5472,0.00268,74.125.24.0-255,7156,153763,46,181862
5473,0.002693,74.125.24.0-255,2902,156665,46,181862
5474,0.002719,172.31.46.0-255,66,156731,46,181862
5475,0.002733,74.125.24.0-255,4320,161051,46,181862
5476,0.002752,172.31.46.0-255,66,161117,46,181862
5477,0.002781,74.125.24.0-255,1484,162601,46,181862
5478,0.002831,74.125.24.0-255,5738,168339,46,181862
5479,0.002872,74.125.24.0-255,1484,169823,46,181862
5480,0.002876,74.125.24.0-255,1484,171307,46,181862
5481,0.002889,74.125.24.0-255,2902,174209,46,181862
5482,0.003037,74.125.24.0-255,1484,175693,46,181862
5483,0.003055,74.125.24.0-255,5827,181520,46,181862
5484,0.003067,74.125.24.0-255,105,181625,46,181862
5485,0.009568,172.31.46.0-255,66,181691,46,181862
5486,0.011436,172.31.46.0-255,105,181796,46,181862
5487,0.013693,74.125.24.0-255,66,181862,46,181862
5488,0.0,74.125.200.0-255,152,152,46,300828
5489,1.8e-05,172.31.46.0-255,66,218,46,300828
5490,5.8e-05,74.125.200.0-255,1484,1702,46,300828
5491,6.3e-05,172.31.46.0-255,66,1768,46,300828
5492,7.1e-05,74.125.200.0-255,2902,4670,46,300828
5493,7.5e-05,172.31.46.0-255,66,4736,46,300828
5494,8.3e-05,74.125.200.0-255,5738,10474,46,300828
5495,8.6e-05,172.31.46.0-255,66,10540,46,300828
5496,0.000124,74.125.200.0-255,3464,14004,46,300828
5497,0.000126,172.31.46.0-255,66,14070,46,300828
5498,0.000155,74.125.200.0-255,4320,18390,46,300828
5499,0.000158,172.31.46.0-255,66,18456,46,300828
5500,0.000181,74.125.200.0-255,5738,24194,46,300828
5501,0.000184,172.31.46.0-255,66,24260,46,300828
5502,0.000192,74.125.200.0-255,7156,31416,46,300828
5503,0.000195,172.31.46.0-255,66,31482,46,300828
5504,0.000236,172.31.46.0-255,66,31548,46,300828
5505,0.000273,74.125.200.0-255,3602,35150,46,300828
5506,0.000276,172.31.46.0-255,66,35216,46,300828
5507,0.00033,74.125.200.0-255,1484,36700,46,300828
5508,0.000333,172.31.46.0-255,66,36766,46,300828
5509,0.000355,74.125.200.0-255,2902,39668,46,300828
5510,0.000358,172.31.46.0-255,66,39734,46,300828
5511,0.000363,74.125.200.0-255,2902,42636,46,300828
5512,0.000366,172.31.46.0-255,66,42702,46,300828
5513,0.00037,74.125.200.0-255,2902,45604,46,300828
5514,0.000373,172.31.46.0-255,66,45670,46,300828
5515,0.000388,74.125.200.0-255,1484,47154,46,300828
5516,0.000391,172.31.46.0-255,66,47220,46,300828
5517,0.000412,74.125.200.0-255,5379,52599,46,300828
5518,0.000415,172.31.46.0-255,66,52665,46,300828
5519,0.000446,74.125.200.0-255,416,53081,46,300828
5520,0.000492,74.125.200.0-255,329,53410,46,300828
5521,0.000681,74.125.200.0-255,1484,54894,46,300828
5522,0.000686,172.31.46.0-255,66,54960,46,300828
5523,0.000692,74.125.200.0-255,2902,57862,46,300828
5524,0.000695,172.31.46.0-255,66,57928,46,300828
5525,0.000698,74.125.200.0-255,1484,59412,46,300828
5526,0.000722,74.125.200.0-255,2902,62314,46,300828
5527,0.000725,172.31.46.0-255,66,62380,46,300828
5528,0.000731,74.125.200.0-255,5738,68118,46,300828
5529,0.000734,172.31.46.0-255,66,68184,46,300828
5530,0.000776,172.31.46.0-255,66,68250,46,300828
5531,0.000813,74.125.200.0-255,4320,72570,46,300828
5532,0.000815,172.31.46.0-255,66,72636,46,300828
5533,0.000832,74.125.200.0-255,2543,75179,46,300828
5534,0.000835,172.31.46.0-255,66,75245,46,300828
5535,0.001342,74.125.200.0-255,1484,76729,46,300828
5536,0.001349,74.125.200.0-255,2902,79631,46,300828
5537,0.001354,172.31.46.0-255,66,79697,46,300828
5538,0.001362,74.125.200.0-255,5738,85435,46,300828
5539,0.001365,172.31.46.0-255,66,85501,46,300828
5540,0.00137,74.125.200.0-255,2902,88403,46,300828
5541,0.001372,172.31.46.0-255,66,88469,46,300828
5542,0.001404,74.125.200.0-255,4320,92789,46,300828
5543,0.001408,172.31.46.0-255,66,92855,46,300828
5544,0.001411,74.125.200.0-255,1484,94339,46,300828
5545,0.001436,74.125.200.0-255,7156,101495,46,300828
5546,0.001439,172.31.46.0-255,66,101561,46,300828
5547,0.001474,74.125.200.0-255,7156,108717,46,300828
5548,0.001478,172.31.46.0-255,66,108783,46,300828
5549,0.001491,74.125.200.0-255,766,109549,46,300828
5550,0.001636,74.125.200.0-255,1484,111033,46,300828
5551,0.00164,172.31.46.0-255,66,111099,46,300828
5552,0.001646,74.125.200.0-255,2902,114001,46,300828
5553,0.001648,172.31.46.0-255,66,114067,46,300828
5554,0.001677,74.125.200.0-255,5738,119805,46,300828
5555,0.00168,172.31.46.0-255,66,119871,46,300828
5556,0.001685,74.125.200.0-255,2902,122773,46,300828
5557,0.001687,172.31.46.0-255,66,122839,46,300828
5558,0.001718,172.31.46.0-255,66,122905,46,300828
5559,0.001722,74.125.200.0-255,1484,124389,46,300828
5560,0.001753,172.31.46.0-255,66,124455,46,300828
5561,0.001756,74.125.200.0-255,1484,125939,46,300828
5562,0.001786,74.125.200.0-255,5738,131677,46,300828
5563,0.001826,172.31.46.0-255,66,131743,46,300828
5564,0.001847,74.125.200.0-255,7156,138899,46,300828
5565,0.001874,172.31.46.0-255,66,138965,46,300828
5566,0.001922,74.125.200.0-255,1484,140449,46,300828
5567,0.001937,74.125.200.0-255,2902,143351,46,300828
5568,0.001943,172.31.46.0-255,66,143417,46,300828
5569,0.00196,74.125.200.0-255,5738,149155,46,300828
5570,0.001985,74.125.200.0-255,4320,153475,46,300828
5571,0.001988,172.31.46.0-255,66,153541,46,300828
5572,0.001993,172.31.46.0-255,66,153607,46,300828
5573,0.002005,74.125.200.0-255,7156,160763,46,300828
5574,0.002009,74.125.200.0-255,1484,162247,46,300828
5575,0.002043,172.31.46.0-255,66,162313,46,300828
5576,0.002131,74.125.200.0-255,1484,163797,46,300828
5577,0.002148,74.125.200.0-255,2902,166699,46,300828
5578,0.002169,74.125.200.0-255,2902,169601,46,300828
5579,0.002185,74.125.200.0-255,2902,172503,46,300828
5580,0.002189,74.125.200.0-255,2902,175405,46,300828
5581,0.002201,172.31.46.0-255,66,175471,46,300828
5582,0.002212,74.125.200.0-255,4320,179791,46,300828
5583,0.002217,172.31.46.0-255,66,179857,46,300828
5584,0.00224,74.125.200.0-255,2902,182759,46,300828
5585,0.002248,172.31.46.0-255,66,182825,46,300828
5586,0.00226,74.125.200.0-255,5738,188563,46,300828
5587,0.0023,74.125.200.0-255,4320,192883,46,300828
5588,0.002303,172.31.46.0-255,66,192949,46,300828
5589,0.002315,74.125.200.0-255,4320,197269,46,300828
5590,0.00232,172.31.46.0-255,66,197335,46,300828
5591,0.002347,74.125.200.0-255,7156,204491,46,300828
5592,0.002376,172.31.46.0-255,66,204557,46,300828
5593,0.004679,74.125.200.0-255,5738,210295,46,300828
5594,0.004688,172.31.46.0-255,66,210361,46,300828
5595,0.006983,74.125.200.0-255,5738,216099,46,300828
5596,0.006986,172.31.46.0-255,66,216165,46,300828
5597,0.009292,74.125.200.0-255,5738,221903,46,300828
5598,0.0093,172.31.46.0-255,66,221969,46,300828
5599,0.011612,74.125.200.0-255,5738,227707,46,300828
5600,0.01162,172.31.46.0-255,66,227773,46,300828
5601,0.01394,74.125.200.0-255,5738,233511,46,300828
5602,0.013952,172.31.46.0-255,66,233577,46,300828
5603,0.016288,74.125.200.0-255,5738,239315,46,300828
5604,0.016301,172.31.46.0-255,66,239381,46,300828
5605,0.018624,74.125.200.0-255,5738,245119,46,300828
5606,0.018634,172.31.46.0-255,66,245185,46,300828
5607,0.020958,74.125.200.0-255,5738,250923,46,300828
5608,0.020974,172.31.46.0-255,66,250989,46,300828
5609,0.023335,74.125.200.0-255,5738,256727,46,300828
5610,0.023344,172.31.46.0-255,66,256793,46,300828
5611,0.025648,74.125.200.0-255,5738,262531,46,300828
5612,0.025656,172.31.46.0-255,66,262597,46,300828
5613,0.027974,74.125.200.0-255,5738,268335,46,300828
5614,0.027988,172.31.46.0-255,66,268401,46,300828
5615,0.030297,74.125.200.0-255,5738,274139,46,300828
5616,0.030306,172.31.46.0-255,66,274205,46,300828
5617,0.031376,172.31.46.0-255,172,274377,46,300828
5618,0.031411,172.31.46.0-255,1119,275496,46,300828
5619,0.031475,172.31.46.0-255,1514,277010,46,300828
5620,0.031477,172.31.46.0-255,404,277414,46,300828
5621,0.032637,74.125.200.0-255,5738,283152,46,300828
5622,0.032646,172.31.46.0-255,66,283218,46,300828
5623,0.03291,104.244.42.0-255,66,283284,46,300828
5624,0.032937,104.244.42.0-255,66,283350,46,300828
5625,0.033045,104.244.42.0-255,66,283416,46,300828
5626,0.034969,74.125.200.0-255,5738,289154,46,300828
5627,0.034977,172.31.46.0-255,66,289220,46,300828
5628,0.037293,74.125.200.0-255,5738,294958,46,300828
5629,0.0373,172.31.46.0-255,66,295024,46,300828
5630,0.039618,74.125.200.0-255,5738,300762,46,300828
5631,0.039625,172.31.46.0-255,66,300828,46,300828
5632,0.0,172.217.194.0-255,153,153,46,193288
5633,1.7e-05,172.31.46.0-255,66,219,46,193288
5634,2.4e-05,172.217.194.0-255,1484,1703,46,193288
5635,2.9e-05,172.31.46.0-255,66,1769,46,193288
5636,4.2e-05,172.217.194.0-255,2902,4671,46,193288
5637,4.6e-05,172.31.46.0-255,66,4737,46,193288
5638,5.4e-05,172.217.194.0-255,7156,11893,46,193288
5639,5.7e-05,172.31.46.0-255,66,11959,46,193288
5640,8.8e-05,172.217.194.0-255,2026,13985,46,193288
5641,9.5e-05,172.31.46.0-255,66,14051,46,193288
5642,0.0001,172.217.194.0-255,2902,16953,46,193288
5643,0.000103,172.31.46.0-255,66,17019,46,193288
5644,0.000108,172.217.194.0-255,4320,21339,46,193288
5645,0.000111,172.31.46.0-255,66,21405,46,193288
5646,0.000145,172.217.194.0-255,2902,24307,46,193288
5647,0.000148,172.31.46.0-255,66,24373,46,193288
5648,0.000155,172.217.194.0-255,6797,31170,46,193288
5649,0.000157,172.31.46.0-255,66,31236,46,193288
5650,0.00019,172.217.194.0-255,1484,32720,46,193288
5651,0.000193,172.31.46.0-255,66,32786,46,193288
5652,0.000198,172.217.194.0-255,2902,35688,46,193288
5653,0.000201,172.31.46.0-255,66,35754,46,193288
5654,0.000221,172.217.194.0-255,5738,41492,46,193288
5655,0.000228,172.31.46.0-255,66,41558,46,193288
5656,0.000231,172.217.194.0-255,1484,43042,46,193288
5657,0.000233,172.31.46.0-255,66,43108,46,193288
5658,0.00027,172.31.46.0-255,66,43174,46,193288
5659,0.000306,172.31.46.0-255,66,43240,46,193288
5660,0.000309,172.217.194.0-255,338,43578,46,193288
5661,0.000311,172.31.46.0-255,66,43644,46,193288
5662,0.000476,172.217.194.0-255,117,43761,46,193288
5663,0.000522,172.217.194.0-255,386,44147,46,193288
5664,0.001083,172.217.194.0-255,1484,45631,46,193288
5665,0.00109,172.31.46.0-255,66,45697,46,193288
5666,0.001094,172.217.194.0-255,1484,47181,46,193288
5667,0.001118,172.217.194.0-255,1484,48665,46,193288
5668,0.001125,172.217.194.0-255,5738,54403,46,193288
5669,0.00113,172.217.194.0-255,4320,58723,46,193288
5670,0.001146,172.217.194.0-255,2902,61625,46,193288
5671,0.001153,172.217.194.0-255,5738,67363,46,193288
5672,0.001164,172.31.46.0-255,66,67429,46,193288
5673,0.001184,172.217.194.0-255,2184,69613,46,193288
5674,0.001191,172.31.46.0-255,66,69679,46,193288
5675,0.002101,172.217.194.0-255,1484,71163,46,193288
5676,0.002114,172.217.194.0-255,2902,74065,46,193288
5677,0.002119,172.31.46.0-255,66,74131,46,193288
5678,0.002127,172.217.194.0-255,5738,79869,46,193288
5679,0.002195,172.217.194.0-255,4320,84189,46,193288
5680,0.002251,172.217.194.0-255,1484,85673,46,193288
5681,0.002277,172.217.194.0-255,2902,88575,46,193288
5682,0.0023,172.217.194.0-255,4320,92895,46,193288
5683,0.00233,172.217.194.0-255,1484,94379,46,193288
5684,0.002349,172.217.194.0-255,7156,101535,46,193288
5685,0.002356,172.217.194.0-255,7156,108691,46,193288
5686,0.003319,172.31.46.0-255,66,108757,46,193288
5687,0.005649,172.217.194.0-255,5738,114495,46,193288
5688,0.005656,172.31.46.0-255,66,114561,46,193288
5689,0.007959,172.217.194.0-255,5738,120299,46,193288
5690,0.008563,172.31.46.0-255,66,120365,46,193288
5691,0.010893,172.217.194.0-255,5738,126103,46,193288
5692,0.01091,172.31.46.0-255,66,126169,46,193288
5693,0.013228,172.217.194.0-255,5738,131907,46,193288
5694,0.015443,172.31.46.0-255,66,131973,46,193288
5695,0.017737,172.217.194.0-255,5738,137711,46,193288
5696,0.01775,172.31.46.0-255,66,137777,46,193288
5697,0.020054,172.217.194.0-255,5738,143515,46,193288
5698,0.020062,172.31.46.0-255,66,143581,46,193288
5699,0.022367,172.217.194.0-255,5738,149319,46,193288
5700,0.022376,172.31.46.0-255,66,149385,46,193288
5701,0.024685,172.217.194.0-255,5738,155123,46,193288
5702,0.024692,172.31.46.0-255,66,155189,46,193288
5703,0.025527,172.31.46.0-255,172,155361,46,193288
5704,0.025559,172.31.46.0-255,1119,156480,46,193288
5705,0.025622,172.31.46.0-255,1514,157994,46,193288
5706,0.025624,172.31.46.0-255,404,158398,46,193288
5707,0.027005,172.217.194.0-255,5738,164136,46,193288
5708,0.027013,172.31.46.0-255,66,164202,46,193288
5709,0.027792,104.244.42.0-255,66,164268,46,193288
5710,0.029312,172.217.194.0-255,5738,170006,46,193288
5711,0.029317,172.31.46.0-255,66,170072,46,193288
5712,0.031596,172.217.194.0-255,5738,175810,46,193288
5713,0.031602,172.31.46.0-255,66,175876,46,193288
5714,0.033925,172.217.194.0-255,5738,181614,46,193288
5715,0.033936,172.31.46.0-255,66,181680,46,193288
5716,0.036264,172.217.194.0-255,5738,187418,46,193288
5717,0.036271,172.31.46.0-255,66,187484,46,193288
5718,0.038575,172.217.194.0-255,5738,193222,46,193288
5719,0.038583,172.31.46.0-255,66,193288,46,193288
5720,0.0,74.125.24.0-255,143,143,46,181437
5721,2.4e-05,172.31.46.0-255,66,209,46,181437
5722,3.1e-05,74.125.24.0-255,1484,1693,46,181437
5723,3.5e-05,172.31.46.0-255,66,1759,46,181437
5724,4.1e-05,74.125.24.0-255,2902,4661,46,181437
5725,4.4e-05,172.31.46.0-255,66,4727,46,181437
5726,5.2e-05,74.125.24.0-255,7156,11883,46,181437
5727,5.6e-05,172.31.46.0-255,66,11949,46,181437
5728,6e-05,74.125.24.0-255,2042,13991,46,181437
5729,6.4e-05,172.31.46.0-255,66,14057,46,181437
5730,0.000718,74.125.24.0-255,1484,15541,46,181437
5731,0.000725,172.31.46.0-255,66,15607,46,181437
5732,0.000735,74.125.24.0-255,2902,18509,46,181437
5733,0.000737,172.31.46.0-255,66,18575,46,181437
5734,0.000744,74.125.24.0-255,5738,24313,46,181437
5735,0.000746,172.31.46.0-255,66,24379,46,181437
5736,0.000776,74.125.24.0-255,6797,31176,46,181437
5737,0.00078,172.31.46.0-255,66,31242,46,181437
5738,0.000858,74.125.24.0-255,1484,32726,46,181437
5739,0.000862,172.31.46.0-255,66,32792,46,181437
5740,0.000868,74.125.24.0-255,2902,35694,46,181437
5741,0.00087,172.31.46.0-255,66,35760,46,181437
5742,0.000885,74.125.24.0-255,1484,37244,46,181437
5743,0.000888,172.31.46.0-255,66,37310,46,181437
5744,0.000914,74.125.24.0-255,4320,41630,46,181437
5745,0.000918,172.31.46.0-255,66,41696,46,181437
5746,0.000925,74.125.24.0-255,5738,47434,46,181437
5747,0.000927,172.31.46.0-255,66,47500,46,181437
5748,0.000945,74.125.24.0-255,3961,51461,46,181437
5749,0.000948,172.31.46.0-255,66,51527,46,181437
5750,0.000955,74.125.24.0-255,5738,57265,46,181437
5751,0.000957,172.31.46.0-255,66,57331,46,181437
5752,0.000979,74.125.24.0-255,4320,61651,46,181437
5753,0.000982,172.31.46.0-255,66,61717,46,181437
5754,0.000987,74.125.24.0-255,4237,65954,46,181437
5755,0.00099,172.31.46.0-255,66,66020,46,181437
5756,0.000993,74.125.24.0-255,129,66149,46,181437
5757,0.002093,74.125.24.0-255,347,66496,46,181437
5758,0.00214,74.125.24.0-255,1484,67980,46,181437
5759,0.002146,172.31.46.0-255,66,68046,46,181437
5760,0.002155,74.125.24.0-255,4320,72366,46,181437
5761,0.002158,172.31.46.0-255,66,72432,46,181437
5762,0.002216,172.31.46.0-255,66,72498,46,181437
5763,0.00222,74.125.24.0-255,4320,76818,46,181437
5764,0.002224,172.31.46.0-255,66,76884,46,181437
5765,0.00225,74.125.24.0-255,7156,84040,46,181437
5766,0.002252,172.31.46.0-255,66,84106,46,181437
5767,0.002258,74.125.24.0-255,4320,88426,46,181437
5768,0.00226,172.31.46.0-255,66,88492,46,181437
5769,0.002282,74.125.24.0-255,2184,90676,46,181437
5770,0.002285,172.31.46.0-255,66,90742,46,181437
5771,0.004747,74.125.24.0-255,2902,93644,46,181437
5772,0.004758,172.31.46.0-255,66,93710,46,181437
5773,0.00479,74.125.24.0-255,2902,96612,46,181437
5774,0.004794,172.31.46.0-255,66,96678,46,181437
5775,0.007245,74.125.24.0-255,2902,99580,46,181437
5776,0.007261,172.31.46.0-255,66,99646,46,181437
5777,0.007284,74.125.24.0-255,2902,102548,46,181437
5778,0.007287,172.31.46.0-255,66,102614,46,181437
5779,0.009735,74.125.24.0-255,2902,105516,46,181437
5780,0.009747,172.31.46.0-255,66,105582,46,181437
5781,0.009772,74.125.24.0-255,2902,108484,46,181437
5782,0.009775,172.31.46.0-255,66,108550,46,181437
5783,0.01226,74.125.24.0-255,5738,114288,46,181437
5784,0.012277,172.31.46.0-255,66,114354,46,181437
5785,0.014829,74.125.24.0-255,5738,120092,46,181437
5786,0.014845,172.31.46.0-255,66,120158,46,181437
5787,0.017381,74.125.24.0-255,5738,125896,46,181437
5788,0.017395,172.31.46.0-255,66,125962,46,181437
5789,0.01991,74.125.24.0-255,5738,131700,46,181437
5790,0.019921,172.31.46.0-255,66,131766,46,181437
5791,0.022493,74.125.24.0-255,5738,137504,46,181437
5792,0.022511,172.31.46.0-255,66,137570,46,181437
5793,0.025023,74.125.24.0-255,5738,143308,46,181437
5794,0.025038,172.31.46.0-255,66,143374,46,181437
5795,0.027578,74.125.24.0-255,5738,149112,46,181437
5796,0.027598,172.31.46.0-255,66,149178,46,181437
5797,0.030099,74.125.24.0-255,5738,154916,46,181437
5798,0.030117,172.31.46.0-255,66,154982,46,181437
5799,0.032623,74.125.24.0-255,5738,160720,46,181437
5800,0.03264,172.31.46.0-255,66,160786,46,181437
5801,0.03358,172.31.46.0-255,176,160962,46,181437
5802,0.033615,172.31.46.0-255,1118,162080,46,181437
5803,0.033699,172.31.46.0-255,1514,163594,46,181437
5804,0.033701,172.31.46.0-255,1514,165108,46,181437
5805,0.033703,172.31.46.0-255,1514,166622,46,181437
5806,0.033704,172.31.46.0-255,1514,168136,46,181437
5807,0.033705,172.31.46.0-255,1495,169631,46,181437
5808,0.035156,74.125.24.0-255,5738,175369,46,181437
5809,0.035167,172.31.46.0-255,66,175435,46,181437
5810,0.03525,104.244.42.0-255,66,175501,46,181437
5811,0.035298,104.244.42.0-255,66,175567,46,181437
5812,0.035446,104.244.42.0-255,66,175633,46,181437
5813,0.037753,74.125.24.0-255,5738,181371,46,181437
5814,0.037766,172.31.46.0-255,66,181437,46,181437
5815,0.0,74.125.24.0-255,150,150,46,194284
5816,2e-05,172.31.46.0-255,66,216,46,194284
5817,2.7e-05,74.125.24.0-255,1484,1700,46,194284
5818,3.1e-05,172.31.46.0-255,66,1766,46,194284
5819,3.7e-05,74.125.24.0-255,2902,4668,46,194284
5820,3.9e-05,172.31.46.0-255,66,4734,46,194284
5821,5.4e-05,74.125.24.0-255,7156,11890,46,194284
5822,5.8e-05,172.31.46.0-255,66,11956,46,194284
5823,6.2e-05,74.125.24.0-255,2075,14031,46,194284
5824,6.5e-05,172.31.46.0-255,66,14097,46,194284
5825,9.8e-05,74.125.24.0-255,2902,16999,46,194284
5826,0.000101,172.31.46.0-255,66,17065,46,194284
5827,0.000108,74.125.24.0-255,5738,22803,46,194284
5828,0.000111,172.31.46.0-255,66,22869,46,194284
5829,0.000146,74.125.24.0-255,1484,24353,46,194284
5830,0.000148,172.31.46.0-255,66,24419,46,194284
5831,0.000179,74.125.24.0-255,6797,31216,46,194284
5832,0.000181,172.31.46.0-255,66,31282,46,194284
5833,0.000185,74.125.24.0-255,1484,32766,46,194284
5834,0.000187,172.31.46.0-255,66,32832,46,194284
5835,0.000213,74.125.24.0-255,7156,39988,46,194284
5836,0.000215,172.31.46.0-255,66,40054,46,194284
5837,0.000226,172.31.46.0-255,66,40120,46,194284
5838,0.000514,74.125.24.0-255,1484,41604,46,194284
5839,0.000519,172.31.46.0-255,66,41670,46,194284
5840,0.000525,74.125.24.0-255,2902,44572,46,194284
5841,0.000527,172.31.46.0-255,66,44638,46,194284
5842,0.000534,74.125.24.0-255,5738,50376,46,194284
5843,0.000541,172.31.46.0-255,66,50442,46,194284
5844,0.000585,172.31.46.0-255,66,50508,46,194284
5845,0.000597,172.31.46.0-255,66,50574,46,194284
5846,0.000625,74.125.24.0-255,3961,54535,46,194284
5847,0.000628,172.31.46.0-255,66,54601,46,194284
5848,0.000633,74.125.24.0-255,4320,58921,46,194284
5849,0.000636,172.31.46.0-255,66,58987,46,194284
5850,0.000702,172.31.46.0-255,66,59053,46,194284
5851,0.000707,74.125.24.0-255,2543,61596,46,194284
5852,0.00071,172.31.46.0-255,66,61662,46,194284
5853,0.000909,74.125.24.0-255,1484,63146,46,194284
5854,0.000916,74.125.24.0-255,2902,66048,46,194284
5855,0.00092,172.31.46.0-255,66,66114,46,194284
5856,0.000927,74.125.24.0-255,5738,71852,46,194284
5857,0.000929,172.31.46.0-255,66,71918,46,194284
5858,0.000968,74.125.24.0-255,2902,74820,46,194284
5859,0.00097,172.31.46.0-255,66,74886,46,194284
5860,0.000988,74.125.24.0-255,3947,78833,46,194284
5861,0.000991,172.31.46.0-255,66,78899,46,194284
5862,0.001023,74.125.24.0-255,5738,84637,46,194284
5863,0.001025,172.31.46.0-255,66,84703,46,194284
5864,0.001055,74.125.24.0-255,1484,86187,46,194284
5865,0.001066,172.31.46.0-255,66,86253,46,194284
5866,0.001089,172.31.46.0-255,66,86319,46,194284
5867,0.001091,74.125.24.0-255,766,87085,46,194284
5868,0.001453,74.125.24.0-255,1484,88569,46,194284
5869,0.001458,172.31.46.0-255,66,88635,46,194284
5870,0.001464,74.125.24.0-255,2902,91537,46,194284
5871,0.001466,172.31.46.0-255,66,91603,46,194284
5872,0.001484,74.125.24.0-255,1484,93087,46,194284
5873,0.001506,74.125.24.0-255,2902,95989,46,194284
5874,0.001508,172.31.46.0-255,66,96055,46,194284
5875,0.001521,172.31.46.0-255,66,96121,46,194284
5876,0.001549,74.125.24.0-255,1484,97605,46,194284
5877,0.001583,172.31.46.0-255,66,97671,46,194284
5878,0.001809,74.125.24.0-255,1484,99155,46,194284
5879,0.001823,74.125.24.0-255,2902,102057,46,194284
5880,0.001826,172.31.46.0-255,66,102123,46,194284
5881,0.00183,74.125.24.0-255,1484,103607,46,194284
5882,0.001857,74.125.24.0-255,4320,107927,46,194284
5883,0.001859,172.31.46.0-255,66,107993,46,194284
5884,0.001872,172.31.46.0-255,66,108059,46,194284
5885,0.001896,74.125.24.0-255,1484,109543,46,194284
5886,0.001908,172.31.46.0-255,66,109609,46,194284
5887,0.002169,74.125.24.0-255,1484,111093,46,194284
5888,0.002175,74.125.24.0-255,2902,113995,46,194284
5889,0.002178,172.31.46.0-255,66,114061,46,194284
5890,0.002215,74.125.24.0-255,5738,119799,46,194284
5891,0.002218,172.31.46.0-255,66,119865,46,194284
5892,0.002223,74.125.24.0-255,2902,122767,46,194284
5893,0.002225,172.31.46.0-255,66,122833,46,194284
5894,0.002257,172.31.46.0-255,66,122899,46,194284
5895,0.002268,172.31.46.0-255,66,122965,46,194284
5896,0.002316,74.125.24.0-255,7156,130121,46,194284
5897,0.00232,172.31.46.0-255,66,130187,46,194284
5898,0.002356,172.31.46.0-255,66,130253,46,194284
5899,0.002402,172.31.46.0-255,66,130319,46,194284
5900,0.002433,74.125.24.0-255,3602,133921,46,194284
5901,0.002436,172.31.46.0-255,66,133987,46,194284
5902,0.002439,74.125.24.0-255,1484,135471,46,194284
5903,0.002444,74.125.24.0-255,2902,138373,46,194284
5904,0.002446,172.31.46.0-255,66,138439,46,194284
5905,0.002451,74.125.24.0-255,5738,144177,46,194284
5906,0.002453,172.31.46.0-255,66,144243,46,194284
5907,0.002459,74.125.24.0-255,5738,149981,46,194284
5908,0.002462,172.31.46.0-255,66,150047,46,194284
5909,0.002498,172.31.46.0-255,66,150113,46,194284
5910,0.002504,74.125.24.0-255,5020,155133,46,194284
5911,0.002541,74.125.24.0-255,1484,156617,46,194284
5912,0.002558,74.125.24.0-255,2902,159519,46,194284
5913,0.002577,74.125.24.0-255,5738,165257,46,194284
5914,0.002605,74.125.24.0-255,2902,168159,46,194284
5915,0.002653,74.125.24.0-255,2184,170343,46,194284
5916,0.002658,74.125.24.0-255,4320,174663,46,194284
5917,0.002695,74.125.24.0-255,7156,181819,46,194284
5918,0.00272,74.125.24.0-255,2755,184574,46,194284
5919,0.002741,74.125.24.0-255,97,184671,46,194284
5920,0.002772,74.125.24.0-255,105,184776,46,194284
5921,0.007796,172.31.46.0-255,66,184842,46,194284
5922,0.009003,172.31.46.0-255,101,184943,46,194284
5923,0.009684,172.31.46.0-255,105,185048,46,194284
5924,0.011266,74.125.24.0-255,66,185114,46,194284
5925,0.011942,74.125.24.0-255,66,185180,46,194284
5926,0.035074,172.31.46.0-255,172,185352,46,194284
5927,0.035105,172.31.46.0-255,1120,186472,46,194284
5928,0.03517,172.31.46.0-255,1514,187986,46,194284
5929,0.035172,172.31.46.0-255,1514,189500,46,194284
5930,0.035178,172.31.46.0-255,1514,191014,46,194284
5931,0.035179,172.31.46.0-255,1514,192528,46,194284
5932,0.035197,172.31.46.0-255,1492,194020,46,194284
5933,0.036646,104.244.42.0-255,66,194086,46,194284
5934,0.036685,104.244.42.0-255,66,194152,46,194284
5935,0.036733,104.244.42.0-255,66,194218,46,194284
5936,0.036783,104.244.42.0-255,66,194284,46,194284
5937,0.0,172.217.194.0-255,146,146,46,138187
5938,1.8e-05,172.31.46.0-255,66,212,46,138187
5939,2.4e-05,172.217.194.0-255,1484,1696,46,138187
5940,2.9e-05,172.31.46.0-255,66,1762,46,138187
5941,3.3e-05,172.217.194.0-255,2902,4664,46,138187
5942,3.7e-05,172.31.46.0-255,66,4730,46,138187
5943,4.9e-05,172.217.194.0-255,7156,11886,46,138187
5944,5.4e-05,172.31.46.0-255,66,11952,46,138187
5945,5.8e-05,172.217.194.0-255,2006,13958,46,138187
5946,6.1e-05,172.31.46.0-255,66,14024,46,138187
5947,9.6e-05,172.31.46.0-255,66,14090,46,138187
5948,0.000103,172.217.194.0-255,5738,19828,46,138187
5949,0.000105,172.31.46.0-255,66,19894,46,138187
5950,0.000137,172.217.194.0-255,7156,27050,46,138187
5951,0.000139,172.31.46.0-255,66,27116,46,138187
5952,0.000167,172.217.194.0-255,7156,34272,46,138187
5953,0.000169,172.31.46.0-255,66,34338,46,138187
5954,0.000203,172.31.46.0-255,66,34404,46,138187
5955,0.000243,172.31.46.0-255,66,34470,46,138187
5956,0.000391,172.217.194.0-255,99,34569,46,138187
5957,0.000395,172.31.46.0-255,66,34635,46,138187
5958,0.000544,172.217.194.0-255,1484,36119,46,138187
5959,0.000548,172.31.46.0-255,66,36185,46,138187
5960,0.000574,172.217.194.0-255,2902,39087,46,138187
5961,0.000576,172.31.46.0-255,66,39153,46,138187
5962,0.000582,172.217.194.0-255,5738,44891,46,138187
5963,0.000584,172.31.46.0-255,66,44957,46,138187
5964,0.000589,172.217.194.0-255,4320,49277,46,138187
5965,0.00059,172.31.46.0-255,66,49343,46,138187
5966,0.000635,172.31.46.0-255,66,49409,46,138187
5967,0.000637,172.31.46.0-255,66,49475,46,138187
5968,0.00114,172.217.194.0-255,1484,50959,46,138187
5969,0.001146,172.217.194.0-255,2902,53861,46,138187
5970,0.00115,172.31.46.0-255,66,53927,46,138187
5971,0.001184,172.217.194.0-255,5738,59665,46,138187
5972,0.001186,172.31.46.0-255,66,59731,46,138187
5973,0.001194,172.217.194.0-255,7156,66887,46,138187
5974,0.001197,172.31.46.0-255,66,66953,46,138187
5975,0.001229,172.31.46.0-255,66,67019,46,138187
5976,0.001262,172.217.194.0-255,5738,72757,46,138187
5977,0.001265,172.31.46.0-255,66,72823,46,138187
5978,0.001269,172.217.194.0-255,2184,75007,46,138187
5979,0.001271,172.31.46.0-255,66,75073,46,138187
5980,0.00145,172.217.194.0-255,1484,76557,46,138187
5981,0.001456,172.217.194.0-255,2902,79459,46,138187
5982,0.001459,172.31.46.0-255,66,79525,46,138187
5983,0.001466,172.217.194.0-255,5738,85263,46,138187
5984,0.001468,172.31.46.0-255,66,85329,46,138187
5985,0.001471,172.217.194.0-255,1484,86813,46,138187
5986,0.001505,172.31.46.0-255,66,86879,46,138187
5987,0.001541,172.31.46.0-255,66,86945,46,138187
5988,0.001563,172.217.194.0-255,6438,93383,46,138187
5989,0.001566,172.31.46.0-255,66,93449,46,138187
5990,0.001613,172.31.46.0-255,66,93515,46,138187
5991,0.001649,172.217.194.0-255,5738,99253,46,138187
5992,0.001652,172.31.46.0-255,66,99319,46,138187
5993,0.001669,172.31.46.0-255,66,99385,46,138187
5994,0.001675,172.217.194.0-255,4320,103705,46,138187
5995,0.001677,172.31.46.0-255,66,103771,46,138187
5996,0.001683,172.217.194.0-255,5738,109509,46,138187
5997,0.001686,172.31.46.0-255,66,109575,46,138187
5998,0.001698,172.31.46.0-255,66,109641,46,138187
5999,0.001715,172.31.46.0-255,66,109707,46,138187
6000,0.001759,172.31.46.0-255,66,109773,46,138187
6001,0.001797,172.217.194.0-255,4320,114093,46,138187
6002,0.0018,172.31.46.0-255,66,114159,46,138187
6003,0.001821,172.31.46.0-255,66,114225,46,138187
6004,0.001824,172.217.194.0-255,1484,115709,46,138187
6005,0.001852,172.217.194.0-255,7156,122865,46,138187
6006,0.001855,172.31.46.0-255,66,122931,46,138187
6007,0.001901,172.31.46.0-255,66,122997,46,138187
6008,0.001914,172.31.46.0-255,66,123063,46,138187
6009,0.001962,172.31.46.0-255,66,123129,46,138187
6010,0.001986,172.31.46.0-255,66,123195,46,138187
6011,0.002028,172.217.194.0-255,5738,128933,46,138187
6012,0.002031,172.31.46.0-255,66,128999,46,138187
6013,0.002068,172.217.194.0-255,105,129104,46,138187
6014,0.002085,172.31.46.0-255,66,129170,46,138187
6015,0.015224,172.31.46.0-255,105,129275,46,138187
6016,0.017296,172.217.194.0-255,66,129341,46,138187
6017,0.03966,172.31.46.0-255,176,129517,46,138187
6018,0.039691,172.31.46.0-255,1118,130635,46,138187
6019,0.039766,172.31.46.0-255,1514,132149,46,138187
6020,0.039768,172.31.46.0-255,1514,133663,46,138187
6021,0.039791,172.31.46.0-255,1514,135177,46,138187
6022,0.039792,172.31.46.0-255,1514,136691,46,138187
6023,0.039795,172.31.46.0-255,1496,138187,46,138187
6024,0.0,74.125.24.0-255,153,153,46,239790
6025,2e-05,172.31.46.0-255,66,219,46,239790
6026,2.8e-05,74.125.24.0-255,1484,1703,46,239790
6027,3.3e-05,172.31.46.0-255,66,1769,46,239790
6028,4.6e-05,74.125.24.0-255,2902,4671,46,239790
6029,5e-05,172.31.46.0-255,66,4737,46,239790
6030,5.3e-05,74.125.24.0-255,1484,6221,46,239790
6031,5.6e-05,172.31.46.0-255,66,6287,46,239790
6032,6.1e-05,74.125.24.0-255,2902,9189,46,239790
6033,6.4e-05,172.31.46.0-255,66,9255,46,239790
6034,7.1e-05,74.125.24.0-255,6352,15607,46,239790
6035,7.4e-05,172.31.46.0-255,66,15673,46,239790
6036,7.8e-05,74.125.24.0-255,2902,18575,46,239790
6037,8.1e-05,172.31.46.0-255,66,18641,46,239790
6038,0.000107,74.125.24.0-255,7156,25797,46,239790
6039,0.000114,172.31.46.0-255,66,25863,46,239790
6040,0.000138,74.125.24.0-255,5379,31242,46,239790
6041,0.000141,172.31.46.0-255,66,31308,46,239790
6042,0.000166,74.125.24.0-255,1484,32792,46,239790
6043,0.000168,172.31.46.0-255,66,32858,46,239790
6044,0.000197,74.125.24.0-255,4320,37178,46,239790
6045,0.0002,172.31.46.0-255,66,37244,46,239790
6046,0.000202,74.125.24.0-255,1484,38728,46,239790
6047,0.000205,172.31.46.0-255,66,38794,46,239790
6048,0.000216,172.31.46.0-255,66,38860,46,239790
6049,0.000257,74.125.24.0-255,2902,41762,46,239790
6050,0.00026,172.31.46.0-255,66,41828,46,239790
6051,0.000297,172.31.46.0-255,66,41894,46,239790
6052,0.000328,74.125.24.0-255,409,42303,46,239790
6053,0.000331,172.31.46.0-255,66,42369,46,239790
6054,0.000675,74.125.24.0-255,1484,43853,46,239790
6055,0.000683,74.125.24.0-255,2902,46755,46,239790
6056,0.000686,172.31.46.0-255,66,46821,46,239790
6057,0.000694,74.125.24.0-255,5738,52559,46,239790
6058,0.000696,172.31.46.0-255,66,52625,46,239790
6059,0.000726,74.125.24.0-255,7156,59781,46,239790
6060,0.000729,172.31.46.0-255,66,59847,46,239790
6061,0.000759,74.125.24.0-255,5738,65585,46,239790
6062,0.000762,172.31.46.0-255,66,65651,46,239790
6063,0.000775,172.31.46.0-255,66,65717,46,239790
6064,0.001581,74.125.24.0-255,1484,67201,46,239790
6065,0.001591,74.125.24.0-255,2902,70103,46,239790
6066,0.001595,172.31.46.0-255,66,70169,46,239790
6067,0.001603,74.125.24.0-255,5738,75907,46,239790
6068,0.001605,172.31.46.0-255,66,75973,46,239790
6069,0.001612,74.125.24.0-255,5738,81711,46,239790
6070,0.001619,172.31.46.0-255,66,81777,46,239790
6071,0.001662,172.31.46.0-255,66,81843,46,239790
6072,0.001668,74.125.24.0-255,5020,86863,46,239790
6073,0.001684,172.31.46.0-255,66,86929,46,239790
6074,0.001733,74.125.24.0-255,1484,88413,46,239790
6075,0.001738,74.125.24.0-255,2902,91315,46,239790
6076,0.001741,172.31.46.0-255,66,91381,46,239790
6077,0.001768,74.125.24.0-255,2902,94283,46,239790
6078,0.00177,172.31.46.0-255,66,94349,46,239790
6079,0.001775,74.125.24.0-255,4320,98669,46,239790
6080,0.001778,172.31.46.0-255,66,98735,46,239790
6081,0.001785,74.125.24.0-255,7156,105891,46,239790
6082,0.001787,172.31.46.0-255,66,105957,46,239790
6083,0.001819,74.125.24.0-255,1484,107441,46,239790
6084,0.001834,172.31.46.0-255,66,107507,46,239790
6085,0.002001,74.125.24.0-255,1484,108991,46,239790
6086,0.002007,74.125.24.0-255,2902,111893,46,239790
6087,0.002011,172.31.46.0-255,66,111959,46,239790
6088,0.002046,74.125.24.0-255,5738,117697,46,239790
6089,0.002049,172.31.46.0-255,66,117763,46,239790
6090,0.002063,172.31.46.0-255,66,117829,46,239790
6091,0.002078,172.31.46.0-255,66,117895,46,239790
6092,0.00212,74.125.24.0-255,2184,120079,46,239790
6093,0.002125,172.31.46.0-255,66,120145,46,239790
6094,0.00215,74.125.24.0-255,2902,123047,46,239790
6095,0.002152,172.31.46.0-255,66,123113,46,239790
6096,0.002179,74.125.24.0-255,5738,128851,46,239790
6097,0.002182,74.125.24.0-255,2902,131753,46,239790
6098,0.002187,172.31.46.0-255,66,131819,46,239790
6099,0.002195,172.31.46.0-255,66,131885,46,239790
6100,0.002202,74.125.24.0-255,7156,139041,46,239790
6101,0.002209,172.31.46.0-255,66,139107,46,239790
6102,0.002246,172.31.46.0-255,66,139173,46,239790
6103,0.004501,74.125.24.0-255,4320,143493,46,239790
6104,0.004508,172.31.46.0-255,66,143559,46,239790
6105,0.004534,74.125.24.0-255,1484,145043,46,239790
6106,0.00679,74.125.24.0-255,4320,149363,46,239790
6107,0.006796,172.31.46.0-255,66,149429,46,239790
6108,0.009051,74.125.24.0-255,5738,155167,46,239790
6109,0.009057,172.31.46.0-255,66,155233,46,239790
6110,0.01132,74.125.24.0-255,5738,160971,46,239790
6111,0.011328,172.31.46.0-255,66,161037,46,239790
6112,0.013583,74.125.24.0-255,5738,166775,46,239790
6113,0.01359,172.31.46.0-255,66,166841,46,239790
6114,0.015864,74.125.24.0-255,5738,172579,46,239790
6115,0.015871,172.31.46.0-255,66,172645,46,239790
6116,0.018141,74.125.24.0-255,5738,178383,46,239790
6117,0.018148,172.31.46.0-255,66,178449,46,239790
6118,0.02042,74.125.24.0-255,5738,184187,46,239790
6119,0.020428,172.31.46.0-255,66,184253,46,239790
6120,0.022681,74.125.24.0-255,5738,189991,46,239790
6121,0.022689,172.31.46.0-255,66,190057,46,239790
6122,0.024945,74.125.24.0-255,5738,195795,46,239790
6123,0.024953,172.31.46.0-255,66,195861,46,239790
6124,0.027236,74.125.24.0-255,5738,201599,46,239790
6125,0.027244,172.31.46.0-255,66,201665,46,239790
6126,0.029525,74.125.24.0-255,5738,207403,46,239790
6127,0.029532,172.31.46.0-255,66,207469,46,239790
6128,0.031793,74.125.24.0-255,5738,213207,46,239790
6129,0.031802,172.31.46.0-255,66,213273,46,239790
6130,0.034076,172.31.46.0-255,172,213445,46,239790
6131,0.034119,74.125.24.0-255,5738,219183,46,239790
6132,0.034124,172.31.46.0-255,66,219249,46,239790
6133,0.034145,172.31.46.0-255,1114,220363,46,239790
6134,0.034221,172.31.46.0-255,1514,221877,46,239790
6135,0.034223,172.31.46.0-255,1514,223391,46,239790
6136,0.034228,172.31.46.0-255,1514,224905,46,239790
6137,0.034229,172.31.46.0-255,1514,226419,46,239790
6138,0.034249,172.31.46.0-255,1499,227918,46,239790
6139,0.035638,104.244.42.0-255,66,227984,46,239790
6140,0.035729,104.244.42.0-255,66,228050,46,239790
6141,0.035807,104.244.42.0-255,66,228116,46,239790
6142,0.035821,104.244.42.0-255,66,228182,46,239790
6143,0.036407,74.125.24.0-255,5738,233920,46,239790
6144,0.036412,172.31.46.0-255,66,233986,46,239790
6145,0.038699,74.125.24.0-255,5738,239724,46,239790
6146,0.038705,172.31.46.0-255,66,239790,46,239790
6147,0.0,172.217.194.0-255,153,153,46,223803
6148,1.8e-05,172.217.194.0-255,1484,1637,46,223803
6149,3e-05,172.31.46.0-255,66,1703,46,223803
6150,4e-05,172.217.194.0-255,2902,4605,46,223803
6151,4.4e-05,172.31.46.0-255,66,4671,46,223803
6152,5.8e-05,172.217.194.0-255,5738,10409,46,223803
6153,6.1e-05,172.31.46.0-255,66,10475,46,223803
6154,0.000102,172.217.194.0-255,3505,13980,46,223803
6155,0.000105,172.31.46.0-255,66,14046,46,223803
6156,0.00026,172.217.194.0-255,1484,15530,46,223803
6157,0.000267,172.217.194.0-255,2902,18432,46,223803
6158,0.000271,172.31.46.0-255,66,18498,46,223803
6159,0.000308,172.217.194.0-255,5738,24236,46,223803
6160,0.000312,172.31.46.0-255,66,24302,46,223803
6161,0.000339,172.217.194.0-255,5738,30040,46,223803
6162,0.000342,172.31.46.0-255,66,30106,46,223803
6163,0.000379,172.31.46.0-255,66,30172,46,223803
6164,0.00039,172.31.46.0-255,66,30238,46,223803
6165,0.000418,172.217.194.0-255,4320,34558,46,223803
6166,0.000421,172.31.46.0-255,66,34624,46,223803
6167,0.000437,172.31.46.0-255,66,34690,46,223803
6168,0.000542,172.217.194.0-255,367,35057,46,223803
6169,0.000853,172.217.194.0-255,375,35432,46,223803
6170,0.000882,172.217.194.0-255,1484,36916,46,223803
6171,0.000886,172.31.46.0-255,66,36982,46,223803
6172,0.000914,172.217.194.0-255,4320,41302,46,223803
6173,0.000918,172.31.46.0-255,66,41368,46,223803
6174,0.000924,172.217.194.0-255,4320,45688,46,223803
6175,0.000926,172.31.46.0-255,66,45754,46,223803
6176,0.000964,172.217.194.0-255,5738,51492,46,223803
6177,0.000967,172.31.46.0-255,66,51558,46,223803
6178,0.000975,172.217.194.0-255,5738,57296,46,223803
6179,0.000977,172.31.46.0-255,66,57362,46,223803
6180,0.000998,172.217.194.0-255,2902,60264,46,223803
6181,0.001001,172.31.46.0-255,66,60330,46,223803
6182,0.001058,172.31.46.0-255,66,60396,46,223803
6183,0.001207,172.217.194.0-255,1484,61880,46,223803
6184,0.001212,172.217.194.0-255,1484,63364,46,223803
6185,0.001215,172.31.46.0-255,66,63430,46,223803
6186,0.001239,172.217.194.0-255,1484,64914,46,223803
6187,0.001245,172.217.194.0-255,4320,69234,46,223803
6188,0.001247,172.31.46.0-255,66,69300,46,223803
6189,0.001254,172.217.194.0-255,5738,75038,46,223803
6190,0.001257,172.31.46.0-255,66,75104,46,223803
6191,0.00126,172.217.194.0-255,1484,76588,46,223803
6192,0.001284,172.217.194.0-255,7156,83744,46,223803
6193,0.001287,172.31.46.0-255,66,83810,46,223803
6194,0.001316,172.217.194.0-255,2902,86712,46,223803
6195,0.001319,172.31.46.0-255,66,86778,46,223803
6196,0.00133,172.31.46.0-255,66,86844,46,223803
6197,0.001359,172.217.194.0-255,4320,91164,46,223803
6198,0.001362,172.31.46.0-255,66,91230,46,223803
6199,0.001387,172.31.46.0-255,66,91296,46,223803
6200,0.001394,172.217.194.0-255,4320,95616,46,223803
6201,0.001396,172.31.46.0-255,66,95682,46,223803
6202,0.001439,172.31.46.0-255,66,95748,46,223803
6203,0.001446,172.217.194.0-255,6438,102186,46,223803
6204,0.001449,172.31.46.0-255,66,102252,46,223803
6205,0.002324,172.217.194.0-255,1484,103736,46,223803
6206,0.002334,172.217.194.0-255,2902,106638,46,223803
6207,0.002339,172.31.46.0-255,66,106704,46,223803
6208,0.002347,172.217.194.0-255,5738,112442,46,223803
6209,0.002349,172.31.46.0-255,66,112508,46,223803
6210,0.002366,172.31.46.0-255,66,112574,46,223803
6211,0.00242,172.217.194.0-255,7156,119730,46,223803
6212,0.002422,172.31.46.0-255,66,119796,46,223803
6213,0.002456,172.31.46.0-255,66,119862,46,223803
6214,0.003413,172.217.194.0-255,1484,121346,46,223803
6215,0.003422,172.217.194.0-255,2902,124248,46,223803
6216,0.003426,172.31.46.0-255,66,124314,46,223803
6217,0.003432,172.217.194.0-255,2902,127216,46,223803
6218,0.003435,172.31.46.0-255,66,127282,46,223803
6219,0.003453,172.217.194.0-255,2902,130184,46,223803
6220,0.003456,172.31.46.0-255,66,130250,46,223803
6221,0.00348,172.217.194.0-255,4320,134570,46,223803
6222,0.003482,172.31.46.0-255,66,134636,46,223803
6223,0.003519,172.217.194.0-255,7156,141792,46,223803
6224,0.003521,172.31.46.0-255,66,141858,46,223803
6225,0.003539,172.31.46.0-255,66,141924,46,223803
6226,0.003807,172.217.194.0-255,1484,143408,46,223803
6227,0.003825,172.217.194.0-255,2902,146310,46,223803
6228,0.003828,172.31.46.0-255,66,146376,46,223803
6229,0.003835,172.217.194.0-255,5738,152114,46,223803
6230,0.003837,172.31.46.0-255,66,152180,46,223803
6231,0.003847,172.217.194.0-255,5738,157918,46,223803
6232,0.003849,172.31.46.0-255,66,157984,46,223803
6233,0.003878,172.217.194.0-255,1484,159468,46,223803
6234,0.003892,172.31.46.0-255,66,159534,46,223803
6235,0.003937,172.217.194.0-255,4320,163854,46,223803
6236,0.00394,172.31.46.0-255,66,163920,46,223803
6237,0.003945,172.217.194.0-255,2184,166104,46,223803
6238,0.003947,172.31.46.0-255,66,166170,46,223803
6239,0.003964,172.31.46.0-255,66,166236,46,223803
6240,0.003968,172.217.194.0-255,1484,167720,46,223803
6241,0.003975,172.217.194.0-255,7156,174876,46,223803
6242,0.003979,172.31.46.0-255,66,174942,46,223803
6243,0.004004,172.217.194.0-255,1484,176426,46,223803
6244,0.004011,172.217.194.0-255,5020,181446,46,223803
6245,0.004014,172.31.46.0-255,66,181512,46,223803
6246,0.004077,172.217.194.0-255,1484,182996,46,223803
6247,0.004096,172.217.194.0-255,1484,184480,46,223803
6248,0.004099,172.31.46.0-255,66,184546,46,223803
6249,0.004128,172.217.194.0-255,4320,188866,46,223803
6250,0.004131,172.31.46.0-255,66,188932,46,223803
6251,0.004143,172.217.194.0-255,1484,190416,46,223803
6252,0.004169,172.31.46.0-255,66,190482,46,223803
6253,0.004181,172.31.46.0-255,66,190548,46,223803
6254,0.004221,172.31.46.0-255,66,190614,46,223803
6255,0.004299,172.217.194.0-255,1484,192098,46,223803
6256,0.004303,172.217.194.0-255,1484,193582,46,223803
6257,0.004306,172.31.46.0-255,66,193648,46,223803
6258,0.004327,172.217.194.0-255,1484,195132,46,223803
6259,0.004335,172.217.194.0-255,5738,200870,46,223803
6260,0.004338,172.31.46.0-255,66,200936,46,223803
6261,0.004345,172.217.194.0-255,5738,206674,46,223803
6262,0.004348,172.31.46.0-255,66,206740,46,223803
6263,0.004388,172.217.194.0-255,7156,213896,46,223803
6264,0.004392,172.31.46.0-255,66,213962,46,223803
6265,0.004405,172.31.46.0-255,66,214028,46,223803
6266,0.004448,172.217.194.0-255,7156,221184,46,223803
6267,0.004451,172.31.46.0-255,66,221250,46,223803
6268,0.004488,172.31.46.0-255,66,221316,46,223803
6269,0.004491,172.217.194.0-255,97,221413,46,223803
6270,0.004494,172.217.194.0-255,105,221518,46,223803
6271,0.006325,172.31.46.0-255,66,221584,46,223803
6272,0.006361,172.31.46.0-255,105,221689,46,223803
6273,0.009006,172.217.194.0-255,66,221755,46,223803
6274,0.037657,172.31.46.0-255,176,221931,46,223803
6275,0.037689,172.31.46.0-255,1115,223046,46,223803
6276,0.037757,172.31.46.0-255,559,223605,46,223803
6277,0.039347,104.244.42.0-255,66,223671,46,223803
6278,0.039398,104.244.42.0-255,66,223737,46,223803
6279,0.039465,104.244.42.0-255,66,223803,46,223803
6280,0.0,172.217.194.0-255,146,146,46,241946
6281,2.2e-05,172.31.46.0-255,66,212,46,241946
6282,2.9e-05,172.217.194.0-255,1484,1696,46,241946
6283,3.4e-05,172.31.46.0-255,66,1762,46,241946
6284,4e-05,172.217.194.0-255,2902,4664,46,241946
6285,4.3e-05,172.31.46.0-255,66,4730,46,241946
6286,4.8e-05,172.217.194.0-255,4320,9050,46,241946
6287,5.1e-05,172.31.46.0-255,66,9116,46,241946
6288,8.4e-05,172.217.194.0-255,4841,13957,46,241946
6289,8.8e-05,172.31.46.0-255,66,14023,46,241946
6290,9.1e-05,172.217.194.0-255,1484,15507,46,241946
6291,9.3e-05,172.31.46.0-255,66,15573,46,241946
6292,0.00011,172.217.194.0-255,4320,19893,46,241946
6293,0.000112,172.31.46.0-255,66,19959,46,241946
6294,0.000133,172.217.194.0-255,1484,21443,46,241946
6295,0.000136,172.31.46.0-255,66,21509,46,241946
6296,0.000156,172.217.194.0-255,4320,25829,46,241946
6297,0.000158,172.31.46.0-255,66,25895,46,241946
6298,0.00018,172.217.194.0-255,5379,31274,46,241946
6299,0.000183,172.31.46.0-255,66,31340,46,241946
6300,0.000275,172.217.194.0-255,1484,32824,46,241946
6301,0.000279,172.31.46.0-255,66,32890,46,241946
6302,0.000285,172.217.194.0-255,2902,35792,46,241946
6303,0.000287,172.31.46.0-255,66,35858,46,241946
6304,0.000292,172.217.194.0-255,4320,40178,46,241946
6305,0.000295,172.31.46.0-255,66,40244,46,241946
6306,0.000317,172.217.194.0-255,1484,41728,46,241946
6307,0.00032,172.31.46.0-255,66,41794,46,241946
6308,0.000339,172.217.194.0-255,6797,48591,46,241946
6309,0.000341,172.31.46.0-255,66,48657,46,241946
6310,0.000383,172.217.194.0-255,5738,54395,46,241946
6311,0.000386,172.31.46.0-255,66,54461,46,241946
6312,0.000404,172.217.194.0-255,1484,55945,46,241946
6313,0.000406,172.31.46.0-255,66,56011,46,241946
6314,0.000417,172.31.46.0-255,66,56077,46,241946
6315,0.000434,172.217.194.0-255,1436,57513,46,241946
6316,0.000437,172.31.46.0-255,66,57579,46,241946
6317,0.000453,172.217.194.0-255,366,57945,46,241946
6318,0.000455,172.31.46.0-255,66,58011,46,241946
6319,0.00069,172.217.194.0-255,1484,59495,46,241946
6320,0.000695,172.31.46.0-255,66,59561,46,241946
6321,0.0007,172.217.194.0-255,2902,62463,46,241946
6322,0.000703,172.31.46.0-255,66,62529,46,241946
6323,0.000709,172.217.194.0-255,4320,66849,46,241946
6324,0.000719,172.31.46.0-255,66,66915,46,241946
6325,0.000728,172.217.194.0-255,1484,68399,46,241946
6326,0.000749,172.217.194.0-255,4320,72719,46,241946
6327,0.00076,172.31.46.0-255,66,72785,46,241946
6328,0.000786,172.217.194.0-255,2184,74969,46,241946
6329,0.000802,172.31.46.0-255,66,75035,46,241946
6330,0.000812,172.217.194.0-255,2902,77937,46,241946
6331,0.000838,172.217.194.0-255,4320,82257,46,241946
6332,0.000847,172.31.46.0-255,66,82323,46,241946
6333,0.000867,172.217.194.0-255,2902,85225,46,241946
6334,0.00088,172.31.46.0-255,66,85291,46,241946
6335,0.000898,172.217.194.0-255,4320,89611,46,241946
6336,0.000916,172.217.194.0-255,5738,95349,46,241946
6337,0.000927,172.31.46.0-255,66,95415,46,241946
6338,0.000938,172.217.194.0-255,5020,100435,46,241946
6339,0.000968,172.217.194.0-255,1484,101919,46,241946
6340,0.000972,172.217.194.0-255,2902,104821,46,241946
6341,0.000976,172.31.46.0-255,66,104887,46,241946
6342,0.000981,172.31.46.0-255,66,104953,46,241946
6343,0.000997,172.217.194.0-255,5738,110691,46,241946
6344,0.001012,172.31.46.0-255,66,110757,46,241946
6345,0.001023,172.217.194.0-255,5738,116495,46,241946
6346,0.001029,172.31.46.0-255,66,116561,46,241946
6347,0.001036,172.217.194.0-255,1484,118045,46,241946
6348,0.001049,172.217.194.0-255,4320,122365,46,241946
6349,0.001064,172.217.194.0-255,2902,125267,46,241946
6350,0.001072,172.31.46.0-255,66,125333,46,241946
6351,0.001094,172.217.194.0-255,7156,132489,46,241946
6352,0.001097,172.217.194.0-255,1484,133973,46,241946
6353,0.001107,172.31.46.0-255,66,134039,46,241946
6354,0.001189,172.217.194.0-255,2902,136941,46,241946
6355,0.001212,172.217.194.0-255,2902,139843,46,241946
6356,0.00123,172.217.194.0-255,7156,146999,46,241946
6357,0.001236,172.31.46.0-255,66,147065,46,241946
6358,0.001255,172.217.194.0-255,5738,152803,46,241946
6359,0.001279,172.31.46.0-255,66,152869,46,241946
6360,0.001288,172.31.46.0-255,66,152935,46,241946
6361,0.001497,172.217.194.0-255,1484,154419,46,241946
6362,0.001503,172.217.194.0-255,2902,157321,46,241946
6363,0.001525,172.217.194.0-255,5738,163059,46,241946
6364,0.001528,172.31.46.0-255,66,163125,46,241946
6365,0.001538,172.31.46.0-255,66,163191,46,241946
6366,0.001547,172.217.194.0-255,2902,166093,46,241946
6367,0.001583,172.217.194.0-255,1484,167577,46,241946
6368,0.001586,172.31.46.0-255,66,167643,46,241946
6369,0.001591,172.31.46.0-255,66,167709,46,241946
6370,0.001613,172.217.194.0-255,7156,174865,46,241946
6371,0.00163,172.217.194.0-255,2184,177049,46,241946
6372,0.001634,172.31.46.0-255,66,177115,46,241946
6373,0.001734,172.217.194.0-255,1484,178599,46,241946
6374,0.00174,172.217.194.0-255,2902,181501,46,241946
6375,0.001757,172.31.46.0-255,66,181567,46,241946
6376,0.001763,172.217.194.0-255,5738,187305,46,241946
6377,0.001769,172.217.194.0-255,4320,191625,46,241946
6378,0.001775,172.217.194.0-255,5738,197363,46,241946
6379,0.00178,172.31.46.0-255,66,197429,46,241946
6380,0.001796,172.217.194.0-255,5738,203167,46,241946
6381,0.001832,172.31.46.0-255,66,203233,46,241946
6382,0.001859,172.217.194.0-255,2902,206135,46,241946
6383,0.00188,172.217.194.0-255,4320,210455,46,241946
6384,0.001886,172.217.194.0-255,7156,217611,46,241946
6385,0.001888,172.31.46.0-255,66,217677,46,241946
6386,0.001894,172.31.46.0-255,66,217743,46,241946
6387,0.001905,172.217.194.0-255,1484,219227,46,241946
6388,0.001933,172.217.194.0-255,766,219993,46,241946
6389,0.001943,172.31.46.0-255,66,220059,46,241946
6390,0.001965,172.217.194.0-255,2902,222961,46,241946
6391,0.001972,172.31.46.0-255,66,223027,46,241946
6392,0.002019,172.217.194.0-255,5738,228765,46,241946
6393,0.002022,172.31.46.0-255,66,228831,46,241946
6394,0.002032,172.217.194.0-255,3602,232433,46,241946
6395,0.002074,172.31.46.0-255,66,232499,46,241946
6396,0.002113,172.217.194.0-255,105,232604,46,241946
6397,0.002129,172.31.46.0-255,66,232670,46,241946
6398,0.004439,172.31.46.0-255,105,232775,46,241946
6399,0.006552,172.217.194.0-255,66,232841,46,241946
6400,0.036066,172.31.46.0-255,172,233013,46,241946
6401,0.036098,172.31.46.0-255,1118,234131,46,241946
6402,0.036154,172.31.46.0-255,1514,235645,46,241946
6403,0.036155,172.31.46.0-255,1514,237159,46,241946
6404,0.03616,172.31.46.0-255,1514,238673,46,241946
6405,0.036161,172.31.46.0-255,1514,240187,46,241946
6406,0.036191,172.31.46.0-255,1495,241682,46,241946
6407,0.037666,104.244.42.0-255,66,241748,46,241946
6408,0.037691,104.244.42.0-255,66,241814,46,241946
6409,0.037811,104.244.42.0-255,66,241880,46,241946
6410,0.037861,104.244.42.0-255,66,241946,46,241946
6411,0.0,74.125.130.0-255,152,152,46,288419
6412,2.2e-05,172.31.46.0-255,66,218,46,288419
6413,2.8e-05,74.125.130.0-255,1484,1702,46,288419
6414,3.3e-05,172.31.46.0-255,66,1768,46,288419
6415,3.9e-05,74.125.130.0-255,2902,4670,46,288419
6416,4.2e-05,172.31.46.0-255,66,4736,46,288419
6417,4.8e-05,74.125.130.0-255,4320,9056,46,288419
6418,5.2e-05,172.31.46.0-255,66,9122,46,288419
6419,8e-05,74.125.130.0-255,2902,12024,46,288419
6420,8.3e-05,172.31.46.0-255,66,12090,46,288419
6421,0.000104,74.125.130.0-255,2103,14193,46,288419
6422,0.000108,172.31.46.0-255,66,14259,46,288419
6423,0.000171,74.125.130.0-255,1484,15743,46,288419
6424,0.000174,172.31.46.0-255,66,15809,46,288419
6425,0.000178,74.125.130.0-255,2902,18711,46,288419
6426,0.000181,172.31.46.0-255,66,18777,46,288419
6427,0.000193,74.125.130.0-255,2902,21679,46,288419
6428,0.000195,172.31.46.0-255,66,21745,46,288419
6429,0.000212,74.125.130.0-255,2902,24647,46,288419
6430,0.000214,172.31.46.0-255,66,24713,46,288419
6431,0.000234,74.125.130.0-255,6797,31510,46,288419
6432,0.000236,172.31.46.0-255,66,31576,46,288419
6433,0.000298,74.125.130.0-255,1484,33060,46,288419
6434,0.000302,172.31.46.0-255,66,33126,46,288419
6435,0.000307,74.125.130.0-255,2902,36028,46,288419
6436,0.000309,172.31.46.0-255,66,36094,46,288419
6437,0.000323,74.125.130.0-255,2902,38996,46,288419
6438,0.000325,172.31.46.0-255,66,39062,46,288419
6439,0.000346,74.125.130.0-255,2902,41964,46,288419
6440,0.000348,172.31.46.0-255,66,42030,46,288419
6441,0.000351,74.125.130.0-255,1484,43514,46,288419
6442,0.000353,172.31.46.0-255,66,43580,46,288419
6443,0.000391,74.125.130.0-255,5379,48959,46,288419
6444,0.000394,172.31.46.0-255,66,49025,46,288419
6445,0.000873,74.125.130.0-255,1484,50509,46,288419
6446,0.00088,74.125.130.0-255,1484,51993,46,288419
6447,0.000884,172.31.46.0-255,66,52059,46,288419
6448,0.000889,74.125.130.0-255,2902,54961,46,288419
6449,0.000891,172.31.46.0-255,66,55027,46,288419
6450,0.000931,74.125.130.0-255,5738,60765,46,288419
6451,0.000936,74.125.130.0-255,2902,63667,46,288419
6452,0.000942,172.31.46.0-255,66,63733,46,288419
6453,0.000949,172.31.46.0-255,66,63799,46,288419
6454,0.000983,74.125.130.0-255,2543,66342,46,288419
6455,0.000986,172.31.46.0-255,66,66408,46,288419
6456,0.00106,74.125.130.0-255,1484,67892,46,288419
6457,0.001072,74.125.130.0-255,2902,70794,46,288419
6458,0.001074,172.31.46.0-255,66,70860,46,288419
6459,0.001079,74.125.130.0-255,2902,73762,46,288419
6460,0.00108,172.31.46.0-255,66,73828,46,288419
6461,0.001095,74.125.130.0-255,2902,76730,46,288419
6462,0.001097,172.31.46.0-255,66,76796,46,288419
6463,0.0011,74.125.130.0-255,1484,78280,46,288419
6464,0.00112,74.125.130.0-255,5379,83659,46,288419
6465,0.001122,172.31.46.0-255,66,83725,46,288419
6466,0.001145,172.31.46.0-255,66,83791,46,288419
6467,0.00116,74.125.130.0-255,4320,88111,46,288419
6468,0.001162,172.31.46.0-255,66,88177,46,288419
6469,0.001166,74.125.130.0-255,3123,91300,46,288419
6470,0.001168,172.31.46.0-255,66,91366,46,288419
6471,0.001253,74.125.130.0-255,1484,92850,46,288419
6472,0.001256,74.125.130.0-255,1484,94334,46,288419
6473,0.00126,172.31.46.0-255,66,94400,46,288419
6474,0.001275,74.125.130.0-255,1484,95884,46,288419
6475,0.001281,74.125.130.0-255,5738,101622,46,288419
6476,0.001283,172.31.46.0-255,66,101688,46,288419
6477,0.001297,74.125.130.0-255,1484,103172,46,288419
6478,0.00132,172.31.46.0-255,66,103238,46,288419
6479,0.001357,74.125.130.0-255,7156,110394,46,288419
6480,0.00136,172.31.46.0-255,66,110460,46,288419
6481,0.001381,74.125.130.0-255,3053,113513,46,288419
6482,0.001383,172.31.46.0-255,66,113579,46,288419
6483,0.001403,74.125.130.0-255,1484,115063,46,288419
6484,0.001423,74.125.130.0-255,2902,117965,46,288419
6485,0.001426,172.31.46.0-255,66,118031,46,288419
6486,0.001431,74.125.130.0-255,4320,122351,46,288419
6487,0.001433,172.31.46.0-255,66,122417,46,288419
6488,0.001443,74.125.130.0-255,1484,123901,46,288419
6489,0.001455,74.125.130.0-255,2902,126803,46,288419
6490,0.001458,172.31.46.0-255,66,126869,46,288419
6491,0.001479,172.31.46.0-255,66,126935,46,288419
6492,0.001504,74.125.130.0-255,4320,131255,46,288419
6493,0.001507,172.31.46.0-255,66,131321,46,288419
6494,0.001525,74.125.130.0-255,6438,137759,46,288419
6495,0.001528,172.31.46.0-255,66,137825,46,288419
6496,0.001649,74.125.130.0-255,1484,139309,46,288419
6497,0.001662,74.125.130.0-255,2902,142211,46,288419
6498,0.001665,172.31.46.0-255,66,142277,46,288419
6499,0.001668,74.125.130.0-255,1484,143761,46,288419
6500,0.001686,74.125.130.0-255,4320,148081,46,288419
6501,0.001688,172.31.46.0-255,66,148147,46,288419
6502,0.0017,74.125.130.0-255,2902,151049,46,288419
6503,0.001702,172.31.46.0-255,66,151115,46,288419
6504,0.001722,172.31.46.0-255,66,151181,46,288419
6505,0.001734,172.31.46.0-255,66,151247,46,288419
6506,0.001756,74.125.130.0-255,766,152013,46,288419
6507,0.001835,74.125.130.0-255,1484,153497,46,288419
6508,0.001838,172.31.46.0-255,66,153563,46,288419
6509,0.001842,74.125.130.0-255,2902,156465,46,288419
6510,0.001844,172.31.46.0-255,66,156531,46,288419
6511,0.00186,74.125.130.0-255,5738,162269,46,288419
6512,0.001862,172.31.46.0-255,66,162335,46,288419
6513,0.001865,74.125.130.0-255,1484,163819,46,288419
6514,0.001881,74.125.130.0-255,4320,168139,46,288419
6515,0.001883,172.31.46.0-255,66,168205,46,288419
6516,0.001914,74.125.130.0-255,7156,175361,46,288419
6517,0.001918,74.125.130.0-255,4320,179681,46,288419
6518,0.001922,172.31.46.0-255,66,179747,46,288419
6519,0.001928,172.31.46.0-255,66,179813,46,288419
6520,0.001932,74.125.130.0-255,2902,182715,46,288419
6521,0.001934,172.31.46.0-255,66,182781,46,288419
6522,0.001975,74.125.130.0-255,3602,186383,46,288419
6523,0.001978,172.31.46.0-255,66,186449,46,288419
6524,0.004152,74.125.130.0-255,1484,187933,46,288419
6525,0.004187,74.125.130.0-255,4320,192253,46,288419
6526,0.004191,172.31.46.0-255,66,192319,46,288419
6527,0.006407,74.125.130.0-255,5738,198057,46,288419
6528,0.00641,172.31.46.0-255,66,198123,46,288419
6529,0.008645,74.125.130.0-255,5738,203861,46,288419
6530,0.008651,172.31.46.0-255,66,203927,46,288419
6531,0.01089,74.125.130.0-255,5738,209665,46,288419
6532,0.010898,172.31.46.0-255,66,209731,46,288419
6533,0.013133,74.125.130.0-255,5738,215469,46,288419
6534,0.01314,172.31.46.0-255,66,215535,46,288419
6535,0.01538,74.125.130.0-255,5738,221273,46,288419
6536,0.015395,172.31.46.0-255,66,221339,46,288419
6537,0.017628,74.125.130.0-255,5738,227077,46,288419
6538,0.017642,172.31.46.0-255,66,227143,46,288419
6539,0.019874,74.125.130.0-255,5738,232881,46,288419
6540,0.019885,172.31.46.0-255,66,232947,46,288419
6541,0.02212,74.125.130.0-255,5738,238685,46,288419
6542,0.022129,172.31.46.0-255,66,238751,46,288419
6543,0.024375,74.125.130.0-255,5738,244489,46,288419
6544,0.024387,172.31.46.0-255,66,244555,46,288419
6545,0.026634,74.125.130.0-255,5738,250293,46,288419
6546,0.026647,172.31.46.0-255,66,250359,46,288419
6547,0.028882,74.125.130.0-255,5738,256097,46,288419
6548,0.02889,172.31.46.0-255,66,256163,46,288419
6549,0.031126,74.125.130.0-255,5738,261901,46,288419
6550,0.031137,172.31.46.0-255,66,261967,46,288419
6551,0.033381,74.125.130.0-255,5738,267705,46,288419
6552,0.033394,172.31.46.0-255,66,267771,46,288419
6553,0.03564,74.125.130.0-255,5738,273509,46,288419
6554,0.035655,172.31.46.0-255,66,273575,46,288419
6555,0.037898,74.125.130.0-255,5738,279313,46,288419
6556,0.037907,172.31.46.0-255,66,279379,46,288419
6557,0.038017,172.31.46.0-255,172,279551,46,288419
6558,0.038047,172.31.46.0-255,1114,280665,46,288419
6559,0.038112,172.31.46.0-255,1514,282179,46,288419
6560,0.038114,172.31.46.0-255,1514,283693,46,288419
6561,0.038115,172.31.46.0-255,1514,285207,46,288419
6562,0.03812,172.31.46.0-255,1514,286721,46,288419
6563,0.038122,172.31.46.0-255,1500,288221,46,288419
6564,0.039558,104.244.42.0-255,66,288287,46,288419
6565,0.039612,104.244.42.0-255,66,288353,46,288419
6566,0.039659,104.244.42.0-255,66,288419,46,288419
6567,0.0,172.217.194.0-255,143,143,46,293767
6568,1.8e-05,172.217.194.0-255,1484,1627,46,293767
6569,2.7e-05,172.31.46.0-255,66,1693,46,293767
6570,3.6e-05,172.217.194.0-255,2902,4595,46,293767
6571,4e-05,172.31.46.0-255,66,4661,46,293767
6572,4.3e-05,172.217.194.0-255,1484,6145,46,293767
6573,9.9e-05,172.217.194.0-255,4320,10465,46,293767
6574,0.000104,172.31.46.0-255,66,10531,46,293767
6575,0.00012,172.217.194.0-255,3473,14004,46,293767
6576,0.000123,172.31.46.0-255,66,14070,46,293767
6577,0.000154,172.217.194.0-255,1484,15554,46,293767
6578,0.000158,172.217.194.0-255,1484,17038,46,293767
6579,0.00016,172.31.46.0-255,66,17104,46,293767
6580,0.000178,172.217.194.0-255,1484,18588,46,293767
6581,0.000185,172.217.194.0-255,5738,24326,46,293767
6582,0.000188,172.31.46.0-255,66,24392,46,293767
6583,0.000191,172.217.194.0-255,1484,25876,46,293767
6584,0.000215,172.217.194.0-255,5379,31255,46,293767
6585,0.000219,172.31.46.0-255,66,31321,46,293767
6586,0.000226,172.217.194.0-255,7156,38477,46,293767
6587,0.000229,172.31.46.0-255,66,38543,46,293767
6588,0.00026,172.217.194.0-255,4320,42863,46,293767
6589,0.000263,172.31.46.0-255,66,42929,46,293767
6590,0.000299,172.217.194.0-255,5379,48308,46,293767
6591,0.000303,172.31.46.0-255,66,48374,46,293767
6592,0.001359,172.217.194.0-255,1484,49858,46,293767
6593,0.001371,172.217.194.0-255,2902,52760,46,293767
6594,0.001377,172.31.46.0-255,66,52826,46,293767
6595,0.001384,172.217.194.0-255,2902,55728,46,293767
6596,0.001386,172.31.46.0-255,66,55794,46,293767
6597,0.001402,172.217.194.0-255,2902,58696,46,293767
6598,0.001405,172.31.46.0-255,66,58762,46,293767
6599,0.001409,172.217.194.0-255,2902,61664,46,293767
6600,0.001412,172.31.46.0-255,66,61730,46,293767
6601,0.001435,172.217.194.0-255,3961,65691,46,293767
6602,0.001438,172.31.46.0-255,66,65757,46,293767
6603,0.001446,172.217.194.0-255,5738,71495,46,293767
6604,0.001448,172.31.46.0-255,66,71561,46,293767
6605,0.001484,172.31.46.0-255,66,71627,46,293767
6606,0.001489,172.217.194.0-255,2543,74170,46,293767
6607,0.001491,172.31.46.0-255,66,74236,46,293767
6608,0.001494,172.217.194.0-255,646,74882,46,293767
6609,0.001514,172.217.194.0-255,1484,76366,46,293767
6610,0.001517,172.31.46.0-255,66,76432,46,293767
6611,0.001523,172.217.194.0-255,4320,80752,46,293767
6612,0.001526,172.31.46.0-255,66,80818,46,293767
6613,0.001538,172.217.194.0-255,1484,82302,46,293767
6614,0.001562,172.31.46.0-255,66,82368,46,293767
6615,0.001565,172.217.194.0-255,1125,83493,46,293767
6616,0.001954,172.217.194.0-255,1484,84977,46,293767
6617,0.001961,172.31.46.0-255,66,85043,46,293767
6618,0.001968,172.217.194.0-255,2902,87945,46,293767
6619,0.001972,172.31.46.0-255,66,88011,46,293767
6620,0.001975,172.217.194.0-255,1484,89495,46,293767
6621,0.001993,172.217.194.0-255,2902,92397,46,293767
6622,0.001996,172.31.46.0-255,66,92463,46,293767
6623,0.002016,172.217.194.0-255,1484,93947,46,293767
6624,0.002031,172.31.46.0-255,66,94013,46,293767
6625,0.002069,172.217.194.0-255,4320,98333,46,293767
6626,0.002072,172.31.46.0-255,66,98399,46,293767
6627,0.002096,172.217.194.0-255,6438,104837,46,293767
6628,0.002099,172.31.46.0-255,66,104903,46,293767
6629,0.002203,172.217.194.0-255,1484,106387,46,293767
6630,0.002208,172.217.194.0-255,1484,107871,46,293767
6631,0.002212,172.31.46.0-255,66,107937,46,293767
6632,0.00223,172.217.194.0-255,1484,109421,46,293767
6633,0.002238,172.217.194.0-255,5738,115159,46,293767
6634,0.002241,172.31.46.0-255,66,115225,46,293767
6635,0.002262,172.217.194.0-255,7156,122381,46,293767
6636,0.002265,172.31.46.0-255,66,122447,46,293767
6637,0.00228,172.217.194.0-255,5738,128185,46,293767
6638,0.002283,172.31.46.0-255,66,128251,46,293767
6639,0.002295,172.31.46.0-255,66,128317,46,293767
6640,0.002342,172.217.194.0-255,2184,130501,46,293767
6641,0.002345,172.31.46.0-255,66,130567,46,293767
6642,0.002988,172.217.194.0-255,1484,132051,46,293767
6643,0.003004,172.217.194.0-255,2902,134953,46,293767
6644,0.003008,172.31.46.0-255,66,135019,46,293767
6645,0.003029,172.217.194.0-255,4320,139339,46,293767
6646,0.003033,172.31.46.0-255,66,139405,46,293767
6647,0.003069,172.217.194.0-255,1484,140889,46,293767
6648,0.003103,172.217.194.0-255,1484,142373,46,293767
6649,0.003106,172.31.46.0-255,66,142439,46,293767
6650,0.003109,172.217.194.0-255,1484,143923,46,293767
6651,0.003121,172.217.194.0-255,1484,145407,46,293767
6652,0.003124,172.31.46.0-255,66,145473,46,293767
6653,0.003137,172.217.194.0-255,1484,146957,46,293767
6654,0.003142,172.217.194.0-255,2902,149859,46,293767
6655,0.003144,172.31.46.0-255,66,149925,46,293767
6656,0.003172,172.217.194.0-255,2902,152827,46,293767
6657,0.003175,172.31.46.0-255,66,152893,46,293767
6658,0.003195,172.217.194.0-255,2902,155795,46,293767
6659,0.003198,172.31.46.0-255,66,155861,46,293767
6660,0.003211,172.31.46.0-255,66,155927,46,293767
6661,0.003491,172.217.194.0-255,1484,157411,46,293767
6662,0.003534,172.217.194.0-255,2902,160313,46,293767
6663,0.003537,172.31.46.0-255,66,160379,46,293767
6664,0.003556,172.217.194.0-255,2902,163281,46,293767
6665,0.003559,172.31.46.0-255,66,163347,46,293767
6666,0.003565,172.217.194.0-255,4320,167667,46,293767
6667,0.003567,172.31.46.0-255,66,167733,46,293767
6668,0.003579,172.217.194.0-255,2902,170635,46,293767
6669,0.003581,172.31.46.0-255,66,170701,46,293767
6670,0.003599,172.217.194.0-255,2902,173603,46,293767
6671,0.003601,172.31.46.0-255,66,173669,46,293767
6672,0.003632,172.31.46.0-255,66,173735,46,293767
6673,0.003667,172.217.194.0-255,2902,176637,46,293767
6674,0.003669,172.31.46.0-255,66,176703,46,293767
6675,0.003702,172.31.46.0-255,66,176769,46,293767
6676,0.003722,172.31.46.0-255,66,176835,46,293767
6677,0.003728,172.217.194.0-255,5738,182573,46,293767
6678,0.003731,172.31.46.0-255,66,182639,46,293767
6679,0.003749,172.217.194.0-255,2902,185541,46,293767
6680,0.003751,172.31.46.0-255,66,185607,46,293767
6681,0.00378,172.31.46.0-255,66,185673,46,293767
6682,0.004014,172.217.194.0-255,1484,187157,46,293767
6683,0.004019,172.217.194.0-255,1484,188641,46,293767
6684,0.004023,172.31.46.0-255,66,188707,46,293767
6685,0.004044,172.217.194.0-255,1484,190191,46,293767
6686,0.004048,172.217.194.0-255,1484,191675,46,293767
6687,0.00405,172.31.46.0-255,66,191741,46,293767
6688,0.004077,172.217.194.0-255,5738,197479,46,293767
6689,0.00408,172.31.46.0-255,66,197545,46,293767
6690,0.004096,172.217.194.0-255,1484,199029,46,293767
6691,0.00411,172.217.194.0-255,2902,201931,46,293767
6692,0.004113,172.31.46.0-255,66,201997,46,293767
6693,0.004134,172.217.194.0-255,5738,207735,46,293767
6694,0.004137,172.31.46.0-255,66,207801,46,293767
6695,0.00414,172.217.194.0-255,1484,209285,46,293767
6696,0.004145,172.217.194.0-255,2902,212187,46,293767
6697,0.004148,172.31.46.0-255,66,212253,46,293767
6698,0.004168,172.217.194.0-255,2902,215155,46,293767
6699,0.004171,172.31.46.0-255,66,215221,46,293767
6700,0.004177,172.217.194.0-255,5020,220241,46,293767
6701,0.00418,172.31.46.0-255,66,220307,46,293767
6702,0.00443,172.217.194.0-255,1484,221791,46,293767
6703,0.004453,172.217.194.0-255,2902,224693,46,293767
6704,0.004457,172.31.46.0-255,66,224759,46,293767
6705,0.004464,172.217.194.0-255,5738,230497,46,293767
6706,0.004468,172.31.46.0-255,66,230563,46,293767
6707,0.004491,172.217.194.0-255,4320,234883,46,293767
6708,0.004494,172.31.46.0-255,66,234949,46,293767
6709,0.004497,172.217.194.0-255,1484,236433,46,293767
6710,0.004521,172.217.194.0-255,4320,240753,46,293767
6711,0.004524,172.31.46.0-255,66,240819,46,293767
6712,0.004529,172.217.194.0-255,4320,245139,46,293767
6713,0.004531,172.31.46.0-255,66,245205,46,293767
6714,0.004549,172.217.194.0-255,7156,252361,46,293767
6715,0.004553,172.31.46.0-255,66,252427,46,293767
6716,0.004587,172.217.194.0-255,5738,258165,46,293767
6717,0.004591,172.31.46.0-255,66,258231,46,293767
6718,0.004607,172.217.194.0-255,3602,261833,46,293767
6719,0.00461,172.31.46.0-255,66,261899,46,293767
6720,0.004613,172.217.194.0-255,1484,263383,46,293767
6721,0.004686,172.217.194.0-255,5738,269121,46,293767
6722,0.004691,172.31.46.0-255,66,269187,46,293767
6723,0.004711,172.217.194.0-255,2902,272089,46,293767
6724,0.004714,172.31.46.0-255,66,272155,46,293767
6725,0.004726,172.31.46.0-255,66,272221,46,293767
6726,0.004732,172.217.194.0-255,5020,277241,46,293767
6727,0.004735,172.31.46.0-255,66,277307,46,293767
6728,0.004767,172.217.194.0-255,2902,280209,46,293767
6729,0.00477,172.31.46.0-255,66,280275,46,293767
6730,0.004791,172.217.194.0-255,1484,281759,46,293767
6731,0.004799,172.217.194.0-255,5738,287497,46,293767
6732,0.004801,172.31.46.0-255,66,287563,46,293767
6733,0.004829,172.217.194.0-255,5862,293425,46,293767
6734,0.004832,172.31.46.0-255,66,293491,46,293767
6735,0.004895,172.217.194.0-255,105,293596,46,293767
6736,0.015272,172.31.46.0-255,105,293701,46,293767
6737,0.017983,172.217.194.0-255,66,293767,46,293767
6738,0.0,172.217.194.0-255,149,149,46,246113
6739,1.4e-05,172.31.46.0-255,66,215,46,246113
6740,2.1e-05,172.217.194.0-255,1484,1699,46,246113
6741,2.5e-05,172.31.46.0-255,66,1765,46,246113
6742,3.2e-05,172.217.194.0-255,2902,4667,46,246113
6743,3.6e-05,172.31.46.0-255,66,4733,46,246113
6744,4.1e-05,172.217.194.0-255,2902,7635,46,246113
6745,4.5e-05,172.31.46.0-255,66,7701,46,246113
6746,6.4e-05,172.217.194.0-255,4320,12021,46,246113
6747,6.7e-05,172.31.46.0-255,66,12087,46,246113
6748,7.2e-05,172.217.194.0-255,3423,15510,46,246113
6749,7.5e-05,172.31.46.0-255,66,15576,46,246113
6750,7.8e-05,172.217.194.0-255,1484,17060,46,246113
6751,8.1e-05,172.31.46.0-255,66,17126,46,246113
6752,0.000113,172.31.46.0-255,66,17192,46,246113
6753,0.000116,172.217.194.0-255,1484,18676,46,246113
6754,0.000118,172.31.46.0-255,66,18742,46,246113
6755,0.000138,172.217.194.0-255,1125,19867,46,246113
6756,0.00014,172.31.46.0-255,66,19933,46,246113
6757,0.000174,172.217.194.0-255,1484,21417,46,246113
6758,0.000176,172.31.46.0-255,66,21483,46,246113
6759,0.000181,172.217.194.0-255,2902,24385,46,246113
6760,0.000184,172.31.46.0-255,66,24451,46,246113
6761,0.00019,172.217.194.0-255,5738,30189,46,246113
6762,0.000193,172.31.46.0-255,66,30255,46,246113
6763,0.000206,172.217.194.0-255,2902,33157,46,246113
6764,0.000208,172.31.46.0-255,66,33223,46,246113
6765,0.000225,172.217.194.0-255,6797,40020,46,246113
6766,0.000227,172.31.46.0-255,66,40086,46,246113
6767,0.000239,172.31.46.0-255,66,40152,46,246113
6768,0.000263,172.217.194.0-255,1484,41636,46,246113
6769,0.000269,172.217.194.0-255,4283,45919,46,246113
6770,0.000272,172.31.46.0-255,66,45985,46,246113
6771,0.000287,172.217.194.0-255,2902,48887,46,246113
6772,0.00029,172.31.46.0-255,66,48953,46,246113
6773,0.000311,172.217.194.0-255,1484,50437,46,246113
6774,0.000346,172.31.46.0-255,66,50503,46,246113
6775,0.000358,172.217.194.0-255,1484,51987,46,246113
6776,0.000364,172.217.194.0-255,5379,57366,46,246113
6777,0.000366,172.31.46.0-255,66,57432,46,246113
6778,0.000373,172.217.194.0-255,5738,63170,46,246113
6779,0.000375,172.31.46.0-255,66,63236,46,246113
6780,0.000413,172.217.194.0-255,5738,68974,46,246113
6781,0.000416,172.31.46.0-255,66,69040,46,246113
6782,0.000433,172.217.194.0-255,2841,71881,46,246113
6783,0.000436,172.31.46.0-255,66,71947,46,246113
6784,0.000566,172.217.194.0-255,1484,73431,46,246113
6785,0.000571,172.217.194.0-255,2902,76333,46,246113
6786,0.000574,172.31.46.0-255,66,76399,46,246113
6787,0.000578,172.217.194.0-255,1484,77883,46,246113
6788,0.000594,172.217.194.0-255,4320,82203,46,246113
6789,0.000597,172.31.46.0-255,66,82269,46,246113
6790,0.00061,172.217.194.0-255,4320,86589,46,246113
6791,0.000612,172.31.46.0-255,66,86655,46,246113
6792,0.000638,172.31.46.0-255,66,86721,46,246113
6793,0.000662,172.217.194.0-255,4320,91041,46,246113
6794,0.000664,172.31.46.0-255,66,91107,46,246113
6795,0.000681,172.217.194.0-255,5889,96996,46,246113
6796,0.000684,172.31.46.0-255,66,97062,46,246113
6797,0.000688,172.217.194.0-255,2902,99964,46,246113
6798,0.00069,172.31.46.0-255,66,100030,46,246113
6799,0.000717,172.31.46.0-255,66,100096,46,246113
6800,0.000724,172.217.194.0-255,7156,107252,46,246113
6801,0.000727,172.31.46.0-255,66,107318,46,246113
6802,0.000752,172.31.46.0-255,66,107384,46,246113
6803,0.000767,172.217.194.0-255,4320,111704,46,246113
6804,0.000769,172.31.46.0-255,66,111770,46,246113
6805,0.000789,172.217.194.0-255,766,112536,46,246113
6806,0.000898,172.217.194.0-255,1484,114020,46,246113
6807,0.000902,172.31.46.0-255,66,114086,46,246113
6808,0.000907,172.217.194.0-255,2902,116988,46,246113
6809,0.000909,172.31.46.0-255,66,117054,46,246113
6810,0.000912,172.217.194.0-255,1484,118538,46,246113
6811,0.000937,172.217.194.0-255,4320,122858,46,246113
6812,0.00094,172.31.46.0-255,66,122924,46,246113
6813,0.000947,172.217.194.0-255,7156,130080,46,246113
6814,0.000949,172.31.46.0-255,66,130146,46,246113
6815,0.000966,172.217.194.0-255,5738,135884,46,246113
6816,0.000968,172.31.46.0-255,66,135950,46,246113
6817,0.000983,172.217.194.0-255,2902,138852,46,246113
6818,0.000985,172.31.46.0-255,66,138918,46,246113
6819,0.001008,172.31.46.0-255,66,138984,46,246113
6820,0.001068,172.217.194.0-255,1484,140468,46,246113
6821,0.001073,172.217.194.0-255,2902,143370,46,246113
6822,0.001076,172.31.46.0-255,66,143436,46,246113
6823,0.001082,172.217.194.0-255,2902,146338,46,246113
6824,0.001084,172.31.46.0-255,66,146404,46,246113
6825,0.001098,172.217.194.0-255,2902,149306,46,246113
6826,0.001101,172.31.46.0-255,66,149372,46,246113
6827,0.001104,172.217.194.0-255,1484,150856,46,246113
6828,0.001132,172.31.46.0-255,66,150922,46,246113
6829,0.001155,172.217.194.0-255,1484,152406,46,246113
6830,0.001167,172.31.46.0-255,66,152472,46,246113
6831,0.00117,172.217.194.0-255,1484,153956,46,246113
6832,0.001202,172.31.46.0-255,66,154022,46,246113
6833,0.00122,172.31.46.0-255,66,154088,46,246113
6834,0.001258,172.217.194.0-255,4320,158408,46,246113
6835,0.001261,172.31.46.0-255,66,158474,46,246113
6836,0.001283,172.31.46.0-255,66,158540,46,246113
6837,0.00131,172.217.194.0-255,1484,160024,46,246113
6838,0.001321,172.217.194.0-255,2902,162926,46,246113
6839,0.001323,172.31.46.0-255,66,162992,46,246113
6840,0.001326,172.217.194.0-255,1484,164476,46,246113
6841,0.001345,172.217.194.0-255,4320,168796,46,246113
6842,0.001347,172.31.46.0-255,66,168862,46,246113
6843,0.001354,172.217.194.0-255,7156,176018,46,246113
6844,0.001372,172.217.194.0-255,5738,181756,46,246113
6845,0.001375,172.217.194.0-255,2902,184658,46,246113
6846,0.001379,172.31.46.0-255,66,184724,46,246113
6847,0.001409,172.31.46.0-255,66,184790,46,246113
6848,0.001443,172.217.194.0-255,1484,186274,46,246113
6849,0.001457,172.217.194.0-255,2902,189176,46,246113
6850,0.001461,172.217.194.0-255,2902,192078,46,246113
6851,0.001474,172.31.46.0-255,66,192144,46,246113
6852,0.001484,172.217.194.0-255,2902,195046,46,246113
6853,0.00149,172.217.194.0-255,5738,200784,46,246113
6854,0.001492,172.217.194.0-255,1484,202268,46,246113
6855,0.001506,172.217.194.0-255,4320,206588,46,246113
6856,0.001513,172.31.46.0-255,66,206654,46,246113
6857,0.001525,172.217.194.0-255,7156,213810,46,246113
6858,0.001528,172.217.194.0-255,2902,216712,46,246113
6859,0.001539,172.217.194.0-255,2184,218896,46,246113
6860,0.001556,172.217.194.0-255,4320,223216,46,246113
6861,0.001569,172.31.46.0-255,66,223282,46,246113
6862,0.001572,172.217.194.0-255,1484,224766,46,246113
6863,0.001574,172.217.194.0-255,1484,226250,46,246113
6864,0.00158,172.31.46.0-255,66,226316,46,246113
6865,0.001598,172.217.194.0-255,1484,227800,46,246113
6866,0.001615,172.31.46.0-255,66,227866,46,246113
6867,0.001642,172.217.194.0-255,4320,232186,46,246113
6868,0.001653,172.217.194.0-255,2902,235088,46,246113
6869,0.001662,172.31.46.0-255,66,235154,46,246113
6870,0.001697,172.217.194.0-255,1484,236638,46,246113
6871,0.001708,172.217.194.0-255,105,236743,46,246113
6872,0.001715,172.31.46.0-255,66,236809,46,246113
6873,0.008745,172.31.46.0-255,105,236914,46,246113
6874,0.011435,172.217.194.0-255,66,236980,46,246113
6875,0.034448,172.31.46.0-255,199,237179,46,246113
6876,0.034478,172.31.46.0-255,1118,238297,46,246113
6877,0.034546,172.31.46.0-255,1514,239811,46,246113
6878,0.034548,172.31.46.0-255,1514,241325,46,246113
6879,0.034549,172.31.46.0-255,1514,242839,46,246113
6880,0.034554,172.31.46.0-255,1514,244353,46,246113
6881,0.034556,172.31.46.0-255,1496,245849,46,246113
6882,0.036105,104.244.42.0-255,66,245915,46,246113
6883,0.036117,104.244.42.0-255,66,245981,46,246113
6884,0.036218,104.244.42.0-255,66,246047,46,246113
6885,0.036295,104.244.42.0-255,66,246113,46,246113
6886,0.0,74.125.24.0-255,296,296,46,249132
6887,2.8e-05,172.31.46.0-255,66,362,46,249132
6888,3.5e-05,74.125.24.0-255,1484,1846,46,249132
6889,3.9e-05,172.31.46.0-255,66,1912,46,249132
6890,4.4e-05,74.125.24.0-255,2902,4814,46,249132
6891,5.5e-05,172.31.46.0-255,66,4880,46,249132
6892,6.2e-05,74.125.24.0-255,5738,10618,46,249132
6893,6.7e-05,172.31.46.0-255,66,10684,46,249132
6894,0.000109,172.31.46.0-255,66,10750,46,249132
6895,0.000116,74.125.24.0-255,6797,17547,46,249132
6896,0.000119,172.31.46.0-255,66,17613,46,249132
6897,0.000195,74.125.24.0-255,1484,19097,46,249132
6898,0.000198,172.31.46.0-255,66,19163,46,249132
6899,0.000202,74.125.24.0-255,1484,20647,46,249132
6900,0.000204,172.31.46.0-255,66,20713,46,249132
6901,0.000228,74.125.24.0-255,1484,22197,46,249132
6902,0.000231,172.31.46.0-255,66,22263,46,249132
6903,0.000238,74.125.24.0-255,5738,28001,46,249132
6904,0.00024,172.31.46.0-255,66,28067,46,249132
6905,0.000252,74.125.24.0-255,6797,34864,46,249132
6906,0.000254,172.31.46.0-255,66,34930,46,249132
6907,0.0004,74.125.24.0-255,1484,36414,46,249132
6908,0.000404,172.31.46.0-255,66,36480,46,249132
6909,0.00041,74.125.24.0-255,2902,39382,46,249132
6910,0.000412,172.31.46.0-255,66,39448,46,249132
6911,0.000445,74.125.24.0-255,5738,45186,46,249132
6912,0.000447,172.31.46.0-255,66,45252,46,249132
6913,0.000454,74.125.24.0-255,4320,49572,46,249132
6914,0.000456,172.31.46.0-255,66,49638,46,249132
6915,0.000482,74.125.24.0-255,3123,52761,46,249132
6916,0.000489,172.31.46.0-255,66,52827,46,249132
6917,0.000502,74.125.24.0-255,1484,54311,46,249132
6918,0.000518,74.125.24.0-255,2902,57213,46,249132
6919,0.00052,172.31.46.0-255,66,57279,46,249132
6920,0.000527,74.125.24.0-255,5738,63017,46,249132
6921,0.000529,172.31.46.0-255,66,63083,46,249132
6922,0.000577,172.31.46.0-255,66,63149,46,249132
6923,0.000607,74.125.24.0-255,5738,68887,46,249132
6924,0.000609,172.31.46.0-255,66,68953,46,249132
6925,0.000637,74.125.24.0-255,3961,72914,46,249132
6926,0.000639,172.31.46.0-255,66,72980,46,249132
6927,0.001205,74.125.24.0-255,1484,74464,46,249132
6928,0.00121,74.125.24.0-255,1484,75948,46,249132
6929,0.001214,172.31.46.0-255,66,76014,46,249132
6930,0.001238,74.125.24.0-255,1484,77498,46,249132
6931,0.001245,74.125.24.0-255,5738,83236,46,249132
6932,0.001247,172.31.46.0-255,66,83302,46,249132
6933,0.001253,74.125.24.0-255,4320,87622,46,249132
6934,0.001255,172.31.46.0-255,66,87688,46,249132
6935,0.001325,172.31.46.0-255,66,87754,46,249132
6936,0.001332,74.125.24.0-255,5738,93492,46,249132
6937,0.001334,172.31.46.0-255,66,93558,46,249132
6938,0.001354,74.125.24.0-255,2184,95742,46,249132
6939,0.001356,172.31.46.0-255,66,95808,46,249132
6940,0.001391,74.125.24.0-255,2902,98710,46,249132
6941,0.001393,172.31.46.0-255,66,98776,46,249132
6942,0.001398,74.125.24.0-255,2902,101678,46,249132
6943,0.0014,172.31.46.0-255,66,101744,46,249132
6944,0.001432,74.125.24.0-255,1484,103228,46,249132
6945,0.001443,172.31.46.0-255,66,103294,46,249132
6946,0.001475,74.125.24.0-255,7156,110450,46,249132
6947,0.001477,172.31.46.0-255,66,110516,46,249132
6948,0.001509,74.125.24.0-255,7156,117672,46,249132
6949,0.001512,172.31.46.0-255,66,117738,46,249132
6950,0.001518,74.125.24.0-255,3602,121340,46,249132
6951,0.001521,172.31.46.0-255,66,121406,46,249132
6952,0.001529,74.125.24.0-255,2902,124308,46,249132
6953,0.001532,172.31.46.0-255,66,124374,46,249132
6954,0.001561,74.125.24.0-255,1484,125858,46,249132
6955,0.001569,74.125.24.0-255,7156,133014,46,249132
6956,0.001572,172.31.46.0-255,66,133080,46,249132
6957,0.00158,74.125.24.0-255,7156,140236,46,249132
6958,0.001582,172.31.46.0-255,66,140302,46,249132
6959,0.001605,74.125.24.0-255,1484,141786,46,249132
6960,0.001612,74.125.24.0-255,7156,148942,46,249132
6961,0.001614,172.31.46.0-255,66,149008,46,249132
6962,0.00164,74.125.24.0-255,4320,153328,46,249132
6963,0.001643,172.31.46.0-255,66,153394,46,249132
6964,0.001647,74.125.24.0-255,2184,155578,46,249132
6965,0.001649,172.31.46.0-255,66,155644,46,249132
6966,0.001746,74.125.24.0-255,1484,157128,46,249132
6967,0.001766,74.125.24.0-255,2902,160030,46,249132
6968,0.001769,172.31.46.0-255,66,160096,46,249132
6969,0.001775,74.125.24.0-255,4320,164416,46,249132
6970,0.001778,172.31.46.0-255,66,164482,46,249132
6971,0.001799,74.125.24.0-255,1484,165966,46,249132
6972,0.001833,172.31.46.0-255,66,166032,46,249132
6973,0.001842,74.125.24.0-255,7156,173188,46,249132
6974,0.001844,172.31.46.0-255,66,173254,46,249132
6975,0.001871,74.125.24.0-255,4320,177574,46,249132
6976,0.001874,172.31.46.0-255,66,177640,46,249132
6977,0.001877,74.125.24.0-255,2184,179824,46,249132
6978,0.001879,172.31.46.0-255,66,179890,46,249132
6979,0.002045,74.125.24.0-255,1484,181374,46,249132
6980,0.00205,74.125.24.0-255,2902,184276,46,249132
6981,0.002058,172.31.46.0-255,66,184342,46,249132
6982,0.002081,74.125.24.0-255,5738,190080,46,249132
6983,0.002084,172.31.46.0-255,66,190146,46,249132
6984,0.002102,172.31.46.0-255,66,190212,46,249132
6985,0.002137,74.125.24.0-255,1484,191696,46,249132
6986,0.00215,172.31.46.0-255,66,191762,46,249132
6987,0.002153,74.125.24.0-255,766,192528,46,249132
6988,0.002192,74.125.24.0-255,1484,194012,46,249132
6989,0.002195,172.31.46.0-255,66,194078,46,249132
6990,0.002198,74.125.24.0-255,1484,195562,46,249132
6991,0.002223,74.125.24.0-255,1484,197046,46,249132
6992,0.002225,172.31.46.0-255,66,197112,46,249132
6993,0.002233,74.125.24.0-255,5738,202850,46,249132
6994,0.002236,172.31.46.0-255,66,202916,46,249132
6995,0.002247,74.125.24.0-255,5738,208654,46,249132
6996,0.002249,172.31.46.0-255,66,208720,46,249132
6997,0.002289,74.125.24.0-255,7156,215876,46,249132
6998,0.002292,172.31.46.0-255,66,215942,46,249132
6999,0.00231,172.31.46.0-255,66,216008,46,249132
7000,0.002393,172.31.46.0-255,66,216074,46,249132
7001,0.002414,172.31.46.0-255,66,216140,46,249132
7002,0.00243,172.31.46.0-255,66,216206,46,249132
7003,0.002436,74.125.24.0-255,4320,220526,46,249132
7004,0.002438,172.31.46.0-255,66,220592,46,249132
7005,0.002474,172.31.46.0-255,66,220658,46,249132
7006,0.00248,74.125.24.0-255,5020,225678,46,249132
7007,0.002483,172.31.46.0-255,66,225744,46,249132
7008,0.004934,74.125.24.0-255,4320,230064,46,249132
7009,0.004952,172.31.46.0-255,66,230130,46,249132
7010,0.004981,74.125.24.0-255,1484,231614,46,249132
7011,0.007379,74.125.24.0-255,4320,235934,46,249132
7012,0.007389,172.31.46.0-255,66,236000,46,249132
7013,0.009822,74.125.24.0-255,5738,241738,46,249132
7014,0.009831,172.31.46.0-255,66,241804,46,249132
7015,0.012274,74.125.24.0-255,5738,247542,46,249132
7016,0.012285,172.31.46.0-255,66,247608,46,249132
7017,0.01467,74.125.24.0-255,1287,248895,46,249132
7018,0.01963,172.31.46.0-255,66,248961,46,249132
7019,0.019678,172.31.46.0-255,105,249066,46,249132
7020,0.022087,74.125.24.0-255,66,249132,46,249132
7021,0.0,172.217.194.0-255,189,189,46,264043
7022,2.3e-05,172.31.46.0-255,66,255,46,264043
7023,3.1e-05,172.217.194.0-255,1484,1739,46,264043
7024,3.6e-05,172.31.46.0-255,66,1805,46,264043
7025,4.1e-05,172.217.194.0-255,2902,4707,46,264043
7026,4.4e-05,172.31.46.0-255,66,4773,46,264043
7027,5.1e-05,172.217.194.0-255,5738,10511,46,264043
7028,5.4e-05,172.31.46.0-255,66,10577,46,264043
7029,8.6e-05,172.217.194.0-255,3547,14124,46,264043
7030,8.9e-05,172.31.46.0-255,66,14190,46,264043
7031,0.000106,172.217.194.0-255,1484,15674,46,264043
7032,0.00011,172.31.46.0-255,66,15740,46,264043
7033,0.000131,172.217.194.0-255,1484,17224,46,264043
7034,0.000134,172.31.46.0-255,66,17290,46,264043
7035,0.00014,172.217.194.0-255,4320,21610,46,264043
7036,0.000142,172.31.46.0-255,66,21676,46,264043
7037,0.000145,172.217.194.0-255,1484,23160,46,264043
7038,0.000147,172.31.46.0-255,66,23226,46,264043
7039,0.000176,172.217.194.0-255,7156,30382,46,264043
7040,0.000179,172.31.46.0-255,66,30448,46,264043
7041,0.000182,172.217.194.0-255,1125,31573,46,264043
7042,0.000183,172.31.46.0-255,66,31639,46,264043
7043,0.000304,172.217.194.0-255,1484,33123,46,264043
7044,0.000309,172.31.46.0-255,66,33189,46,264043
7045,0.000313,172.217.194.0-255,1484,34673,46,264043
7046,0.000315,172.31.46.0-255,66,34739,46,264043
7047,0.000329,172.217.194.0-255,1484,36223,46,264043
7048,0.000331,172.31.46.0-255,66,36289,46,264043
7049,0.000356,172.217.194.0-255,2902,39191,46,264043
7050,0.000359,172.31.46.0-255,66,39257,46,264043
7051,0.000372,172.217.194.0-255,2902,42159,46,264043
7052,0.000374,172.31.46.0-255,66,42225,46,264043
7053,0.000379,172.217.194.0-255,2902,45127,46,264043
7054,0.000381,172.31.46.0-255,66,45193,46,264043
7055,0.000404,172.217.194.0-255,3961,49154,46,264043
7056,0.000407,172.31.46.0-255,66,49220,46,264043
7057,0.000414,172.217.194.0-255,7156,56376,46,264043
7058,0.000416,172.31.46.0-255,66,56442,46,264043
7059,0.00044,172.217.194.0-255,7156,63598,46,264043
7060,0.000443,172.31.46.0-255,66,63664,46,264043
7061,0.000447,172.217.194.0-255,2543,66207,46,264043
7062,0.000449,172.31.46.0-255,66,66273,46,264043
7063,0.000452,172.217.194.0-255,364,66637,46,264043
7064,0.000826,172.217.194.0-255,380,67017,46,264043
7065,0.001065,172.217.194.0-255,1484,68501,46,264043
7066,0.001071,172.31.46.0-255,66,68567,46,264043
7067,0.001077,172.217.194.0-255,2902,71469,46,264043
7068,0.00108,172.31.46.0-255,66,71535,46,264043
7069,0.001107,172.217.194.0-255,5738,77273,46,264043
7070,0.00111,172.31.46.0-255,66,77339,46,264043
7071,0.001116,172.217.194.0-255,4320,81659,46,264043
7072,0.001118,172.31.46.0-255,66,81725,46,264043
7073,0.00113,172.217.194.0-255,1484,83209,46,264043
7074,0.001152,172.31.46.0-255,66,83275,46,264043
7075,0.001157,172.217.194.0-255,4320,87595,46,264043
7076,0.001159,172.31.46.0-255,66,87661,46,264043
7077,0.001179,172.217.194.0-255,3602,91263,46,264043
7078,0.001181,172.31.46.0-255,66,91329,46,264043
7079,0.001569,172.217.194.0-255,1484,92813,46,264043
7080,0.001575,172.217.194.0-255,2902,95715,46,264043
7081,0.001579,172.31.46.0-255,66,95781,46,264043
7082,0.001583,172.217.194.0-255,1484,97265,46,264043
7083,0.001604,172.217.194.0-255,4320,101585,46,264043
7084,0.001606,172.31.46.0-255,66,101651,46,264043
7085,0.001613,172.217.194.0-255,5738,107389,46,264043
7086,0.001615,172.31.46.0-255,66,107455,46,264043
7087,0.001641,172.217.194.0-255,4320,111775,46,264043
7088,0.001643,172.31.46.0-255,66,111841,46,264043
7089,0.001675,172.31.46.0-255,66,111907,46,264043
7090,0.001678,172.217.194.0-255,766,112673,46,264043
7091,0.001814,172.217.194.0-255,1484,114157,46,264043
7092,0.001818,172.31.46.0-255,66,114223,46,264043
7093,0.001823,172.217.194.0-255,2902,117125,46,264043
7094,0.001825,172.31.46.0-255,66,117191,46,264043
7095,0.001842,172.217.194.0-255,4320,121511,46,264043
7096,0.001844,172.31.46.0-255,66,121577,46,264043
7097,0.001866,172.217.194.0-255,1484,123061,46,264043
7098,0.00187,172.217.194.0-255,2902,125963,46,264043
7099,0.001876,172.217.194.0-255,5738,131701,46,264043
7100,0.00188,172.31.46.0-255,66,131767,46,264043
7101,0.001888,172.31.46.0-255,66,131833,46,264043
7102,0.001894,172.217.194.0-255,4320,136153,46,264043
7103,0.001896,172.31.46.0-255,66,136219,46,264043
7104,0.001938,172.31.46.0-255,66,136285,46,264043
7105,0.002259,172.217.194.0-255,1484,137769,46,264043
7106,0.002265,172.217.194.0-255,2902,140671,46,264043
7107,0.002268,172.31.46.0-255,66,140737,46,264043
7108,0.002275,172.217.194.0-255,5738,146475,46,264043
7109,0.002277,172.31.46.0-255,66,146541,46,264043
7110,0.002342,172.31.46.0-255,66,146607,46,264043
7111,0.002355,172.31.46.0-255,66,146673,46,264043
7112,0.002476,172.217.194.0-255,1484,148157,46,264043
7113,0.002482,172.217.194.0-255,2902,151059,46,264043
7114,0.002485,172.31.46.0-255,66,151125,46,264043
7115,0.002505,172.217.194.0-255,5738,156863,46,264043
7116,0.002507,172.31.46.0-255,66,156929,46,264043
7117,0.002534,172.217.194.0-255,7156,164085,46,264043
7118,0.002537,172.31.46.0-255,66,164151,46,264043
7119,0.002572,172.31.46.0-255,66,164217,46,264043
7120,0.002598,172.217.194.0-255,5738,169955,46,264043
7121,0.002601,172.31.46.0-255,66,170021,46,264043
7122,0.002605,172.217.194.0-255,2184,172205,46,264043
7123,0.002607,172.31.46.0-255,66,172271,46,264043
7124,0.002613,172.217.194.0-255,5738,178009,46,264043
7125,0.002616,172.31.46.0-255,66,178075,46,264043
7126,0.002619,172.217.194.0-255,1484,179559,46,264043
7127,0.002623,172.217.194.0-255,2902,182461,46,264043
7128,0.002625,172.31.46.0-255,66,182527,46,264043
7129,0.002628,172.217.194.0-255,1484,184011,46,264043
7130,0.002639,172.217.194.0-255,4320,188331,46,264043
7131,0.002641,172.31.46.0-255,66,188397,46,264043
7132,0.002677,172.217.194.0-255,1484,189881,46,264043
7133,0.002691,172.31.46.0-255,66,189947,46,264043
7134,0.002696,172.217.194.0-255,3602,193549,46,264043
7135,0.002698,172.31.46.0-255,66,193615,46,264043
7136,0.0027,172.217.194.0-255,1484,195099,46,264043
7137,0.002703,172.31.46.0-255,78,195177,46,264043
7138,0.002717,172.31.46.0-255,66,195243,46,264043
7139,0.002722,172.217.194.0-255,4320,199563,46,264043
7140,0.002724,172.31.46.0-255,66,199629,46,264043
7141,0.002747,172.217.194.0-255,1484,201113,46,264043
7142,0.00275,172.217.194.0-255,1484,202597,46,264043
7143,0.002752,172.31.46.0-255,66,202663,46,264043
7144,0.002769,172.217.194.0-255,5738,208401,46,264043
7145,0.002771,172.31.46.0-255,66,208467,46,264043
7146,0.002798,172.217.194.0-255,6438,214905,46,264043
7147,0.002801,172.31.46.0-255,66,214971,46,264043
7148,0.002808,172.217.194.0-255,5738,220709,46,264043
7149,0.00281,172.31.46.0-255,66,220775,46,264043
7150,0.002841,172.217.194.0-255,7156,227931,46,264043
7151,0.002844,172.31.46.0-255,66,227997,46,264043
7152,0.002851,172.217.194.0-255,5738,233735,46,264043
7153,0.002853,172.31.46.0-255,66,233801,46,264043
7154,0.00286,172.217.194.0-255,5738,239539,46,264043
7155,0.002862,172.31.46.0-255,66,239605,46,264043
7156,0.00291,172.31.46.0-255,66,239671,46,264043
7157,0.002917,172.217.194.0-255,7156,246827,46,264043
7158,0.002919,172.31.46.0-255,66,246893,46,264043
7159,0.002939,172.31.46.0-255,66,246959,46,264043
7160,0.002946,172.217.194.0-255,7150,254109,46,264043
7161,0.002949,172.31.46.0-255,66,254175,46,264043
7162,0.002952,172.217.194.0-255,97,254272,46,264043
7163,0.003008,172.217.194.0-255,105,254377,46,264043
7164,0.00301,172.217.194.0-255,129,254506,46,264043
7165,0.011006,172.31.46.0-255,105,254611,46,264043
7166,0.011053,172.31.46.0-255,105,254716,46,264043
7167,0.011304,172.31.46.0-255,90,254806,46,264043
7168,0.011323,172.31.46.0-255,66,254872,46,264043
7169,0.013517,172.217.194.0-255,66,254938,46,264043
7170,0.013531,172.217.194.0-255,66,255004,46,264043
7171,0.013799,172.217.194.0-255,66,255070,46,264043
7172,0.015292,172.217.194.0-255,66,255136,46,264043
7173,0.015305,172.31.46.0-255,66,255202,46,264043
7174,0.039864,172.31.46.0-255,172,255374,46,264043
7175,0.039899,172.31.46.0-255,1119,256493,46,264043
7176,0.039979,172.31.46.0-255,1514,258007,46,264043
7177,0.03998,172.31.46.0-255,1514,259521,46,264043
7178,0.039982,172.31.46.0-255,1514,261035,46,264043
7179,0.039986,172.31.46.0-255,1514,262549,46,264043
7180,0.039987,172.31.46.0-255,1494,264043,46,264043
7181,0.0,172.217.194.0-255,287,287,46,193270
7182,2.4e-05,172.31.46.0-255,66,353,46,193270
7183,3e-05,172.217.194.0-255,1484,1837,46,193270
7184,3.4e-05,172.31.46.0-255,66,1903,46,193270
7185,4.8e-05,172.217.194.0-255,4320,6223,46,193270
7186,5.1e-05,172.31.46.0-255,66,6289,46,193270
7187,5.5e-05,172.217.194.0-255,2902,9191,46,193270
7188,5.8e-05,172.31.46.0-255,66,9257,46,193270
7189,9.2e-05,172.217.194.0-255,6184,15441,46,193270
7190,9.4e-05,172.31.46.0-255,66,15507,46,193270
7191,0.000105,172.31.46.0-255,66,15573,46,193270
7192,0.000116,172.217.194.0-255,1484,17057,46,193270
7193,0.000122,172.31.46.0-255,66,17123,46,193270
7194,0.000138,172.217.194.0-255,3961,21084,46,193270
7195,0.00014,172.31.46.0-255,66,21150,46,193270
7196,0.000174,172.217.194.0-255,1484,22634,46,193270
7197,0.000176,172.31.46.0-255,66,22700,46,193270
7198,0.000194,172.217.194.0-255,2902,25602,46,193270
7199,0.000196,172.31.46.0-255,66,25668,46,193270
7200,0.000199,172.217.194.0-255,1484,27152,46,193270
7201,0.0002,172.31.46.0-255,66,27218,46,193270
7202,0.000225,172.217.194.0-255,4320,31538,46,193270
7203,0.000227,172.31.46.0-255,66,31604,46,193270
7204,0.000233,172.217.194.0-255,5738,37342,46,193270
7205,0.000235,172.31.46.0-255,66,37408,46,193270
7206,0.00027,172.31.46.0-255,66,37474,46,193270
7207,0.000274,172.217.194.0-255,2902,40376,46,193270
7208,0.000275,172.31.46.0-255,66,40442,46,193270
7209,0.000296,172.217.194.0-255,2457,42899,46,193270
7210,0.000298,172.31.46.0-255,66,42965,46,193270
7211,0.000414,172.217.194.0-255,115,43080,46,193270
7212,0.000539,172.217.194.0-255,1484,44564,46,193270
7213,0.000543,172.31.46.0-255,66,44630,46,193270
7214,0.000548,172.217.194.0-255,2902,47532,46,193270
7215,0.000551,172.31.46.0-255,66,47598,46,193270
7216,0.000579,172.217.194.0-255,5738,53336,46,193270
7217,0.000581,172.31.46.0-255,66,53402,46,193270
7218,0.000587,172.217.194.0-255,5738,59140,46,193270
7219,0.000589,172.31.46.0-255,66,59206,46,193270
7220,0.00061,172.217.194.0-255,7156,66362,46,193270
7221,0.000616,172.31.46.0-255,66,66428,46,193270
7222,0.000654,172.31.46.0-255,66,66494,46,193270
7223,0.000656,172.217.194.0-255,385,66879,46,193270
7224,0.000951,172.217.194.0-255,1484,68363,46,193270
7225,0.000954,172.217.194.0-255,1484,69847,46,193270
7226,0.000962,172.31.46.0-255,66,69913,46,193270
7227,0.000966,172.217.194.0-255,1484,71397,46,193270
7228,0.000968,172.31.46.0-255,66,71463,46,193270
7229,0.000972,172.217.194.0-255,2902,74365,46,193270
7230,0.000973,172.31.46.0-255,66,74431,46,193270
7231,0.001004,172.217.194.0-255,2902,77333,46,193270
7232,0.001017,172.31.46.0-255,66,77399,46,193270
7233,0.001019,172.31.46.0-255,66,77465,46,193270
7234,0.001035,172.217.194.0-255,1484,78949,46,193270
7235,0.001045,172.31.46.0-255,66,79015,46,193270
7236,0.001082,172.217.194.0-255,766,79781,46,193270
7237,0.001468,172.217.194.0-255,1484,81265,46,193270
7238,0.001473,172.31.46.0-255,66,81331,46,193270
7239,0.00148,172.217.194.0-255,2902,84233,46,193270
7240,0.001482,172.31.46.0-255,66,84299,46,193270
7241,0.001521,172.217.194.0-255,2902,87201,46,193270
7242,0.001524,172.31.46.0-255,66,87267,46,193270
7243,0.001535,172.217.194.0-255,1484,88751,46,193270
7244,0.001546,172.31.46.0-255,66,88817,46,193270
7245,0.001566,172.31.46.0-255,66,88883,46,193270
7246,0.002145,172.217.194.0-255,1484,90367,46,193270
7247,0.002155,172.217.194.0-255,2902,93269,46,193270
7248,0.002159,172.31.46.0-255,66,93335,46,193270
7249,0.002167,172.217.194.0-255,5738,99073,46,193270
7250,0.002169,172.31.46.0-255,66,99139,46,193270
7251,0.002178,172.217.194.0-255,1484,100623,46,193270
7252,0.002203,172.217.194.0-255,2902,103525,46,193270
7253,0.002206,172.31.46.0-255,66,103591,46,193270
7254,0.002234,172.217.194.0-255,4320,107911,46,193270
7255,0.002236,172.31.46.0-255,66,107977,46,193270
7256,0.002247,172.31.46.0-255,66,108043,46,193270
7257,0.002259,172.217.194.0-255,6438,114481,46,193270
7258,0.002262,172.31.46.0-255,66,114547,46,193270
7259,0.002295,172.217.194.0-255,7156,121703,46,193270
7260,0.002298,172.31.46.0-255,66,121769,46,193270
7261,0.002316,172.217.194.0-255,4320,126089,46,193270
7262,0.002319,172.31.46.0-255,66,126155,46,193270
7263,0.002351,172.217.194.0-255,7156,133311,46,193270
7264,0.002353,172.31.46.0-255,66,133377,46,193270
7265,0.002374,172.217.194.0-255,7156,140533,46,193270
7266,0.002376,172.31.46.0-255,66,140599,46,193270
7267,0.002411,172.31.46.0-255,66,140665,46,193270
7268,0.002611,172.217.194.0-255,1484,142149,46,193270
7269,0.002618,172.217.194.0-255,2902,145051,46,193270
7270,0.002622,172.31.46.0-255,66,145117,46,193270
7271,0.00263,172.217.194.0-255,5738,150855,46,193270
7272,0.002632,172.31.46.0-255,66,150921,46,193270
7273,0.002641,172.217.194.0-255,1484,152405,46,193270
7274,0.002661,172.217.194.0-255,1484,153889,46,193270
7275,0.002663,172.31.46.0-255,66,153955,46,193270
7276,0.002674,172.217.194.0-255,4320,158275,46,193270
7277,0.002681,172.31.46.0-255,66,158341,46,193270
7278,0.002707,172.31.46.0-255,66,158407,46,193270
7279,0.002739,172.31.46.0-255,66,158473,46,193270
7280,0.002777,172.31.46.0-255,66,158539,46,193270
7281,0.002795,172.31.46.0-255,66,158605,46,193270
7282,0.002821,172.217.194.0-255,2902,161507,46,193270
7283,0.002824,172.31.46.0-255,66,161573,46,193270
7284,0.002859,172.31.46.0-255,66,161639,46,193270
7285,0.00287,172.31.46.0-255,66,161705,46,193270
7286,0.003309,172.217.194.0-255,1484,163189,46,193270
7287,0.003329,172.217.194.0-255,2902,166091,46,193270
7288,0.003333,172.31.46.0-255,66,166157,46,193270
7289,0.003341,172.217.194.0-255,5738,171895,46,193270
7290,0.003344,172.31.46.0-255,66,171961,46,193270
7291,0.003386,172.31.46.0-255,66,172027,46,193270
7292,0.003415,172.217.194.0-255,2902,174929,46,193270
7293,0.003417,172.31.46.0-255,66,174995,46,193270
7294,0.003436,172.31.46.0-255,66,175061,46,193270
7295,0.003439,172.217.194.0-255,766,175827,46,193270
7296,0.003686,172.217.194.0-255,1484,177311,46,193270
7297,0.003691,172.31.46.0-255,66,177377,46,193270
7298,0.003697,172.217.194.0-255,2902,180279,46,193270
7299,0.0037,172.31.46.0-255,66,180345,46,193270
7300,0.00375,172.217.194.0-255,2902,183247,46,193270
7301,0.003754,172.31.46.0-255,66,183313,46,193270
7302,0.00378,172.217.194.0-255,394,183707,46,193270
7303,0.003784,172.217.194.0-255,105,183812,46,193270
7304,0.011469,172.31.46.0-255,66,183878,46,193270
7305,0.011508,172.31.46.0-255,105,183983,46,193270
7306,0.012979,172.217.194.0-255,105,184088,46,193270
7307,0.012989,172.31.46.0-255,78,184166,46,193270
7308,0.013484,172.217.194.0-255,66,184232,46,193270
7309,0.037131,172.31.46.0-255,172,184404,46,193270
7310,0.037169,172.31.46.0-255,1119,185523,46,193270
7311,0.037249,172.31.46.0-255,1514,187037,46,193270
7312,0.037251,172.31.46.0-255,1514,188551,46,193270
7313,0.037256,172.31.46.0-255,1514,190065,46,193270
7314,0.037257,172.31.46.0-255,1514,191579,46,193270
7315,0.037276,172.31.46.0-255,1493,193072,46,193270
7316,0.038674,104.244.42.0-255,66,193138,46,193270
7317,0.038701,104.244.42.0-255,66,193204,46,193270
7318,0.038821,104.244.42.0-255,66,193270,46,193270
7319,0.0,172.253.118.0-255,150,150,46,220956
7320,1.7e-05,172.31.46.0-255,66,216,46,220956
7321,2.3e-05,172.253.118.0-255,1484,1700,46,220956
7322,2.7e-05,172.31.46.0-255,66,1766,46,220956
7323,3.3e-05,172.253.118.0-255,2902,4668,46,220956
7324,4.3e-05,172.31.46.0-255,66,4734,46,220956
7325,5e-05,172.253.118.0-255,7156,11890,46,220956
7326,5.4e-05,172.31.46.0-255,66,11956,46,220956
7327,5.8e-05,172.253.118.0-255,2027,13983,46,220956
7328,6e-05,172.31.46.0-255,66,14049,46,220956
7329,0.000124,172.253.118.0-255,1484,15533,46,220956
7330,0.000128,172.31.46.0-255,66,15599,46,220956
7331,0.000133,172.253.118.0-255,2902,18501,46,220956
7332,0.000136,172.31.46.0-255,66,18567,46,220956
7333,0.000156,172.253.118.0-255,5738,24305,46,220956
7334,0.000158,172.31.46.0-255,66,24371,46,220956
7335,0.000165,172.253.118.0-255,5738,30109,46,220956
7336,0.000171,172.31.46.0-255,66,30175,46,220956
7337,0.000201,172.253.118.0-255,1125,31300,46,220956
7338,0.000204,172.31.46.0-255,66,31366,46,220956
7339,0.000421,172.253.118.0-255,1484,32850,46,220956
7340,0.000427,172.31.46.0-255,66,32916,46,220956
7341,0.000432,172.253.118.0-255,2902,35818,46,220956
7342,0.000435,172.31.46.0-255,66,35884,46,220956
7343,0.000443,172.253.118.0-255,1484,37368,46,220956
7344,0.000445,172.31.46.0-255,66,37434,46,220956
7345,0.000476,172.253.118.0-255,4320,41754,46,220956
7346,0.000479,172.31.46.0-255,66,41820,46,220956
7347,0.000486,172.253.118.0-255,6797,48617,46,220956
7348,0.000488,172.31.46.0-255,66,48683,46,220956
7349,0.000518,172.253.118.0-255,5738,54421,46,220956
7350,0.000521,172.31.46.0-255,66,54487,46,220956
7351,0.000553,172.31.46.0-255,66,54553,46,220956
7352,0.000558,172.253.118.0-255,2543,57096,46,220956
7353,0.00056,172.31.46.0-255,66,57162,46,220956
7354,0.000563,172.253.118.0-255,678,57840,46,220956
7355,0.000812,172.253.118.0-255,1484,59324,46,220956
7356,0.000816,172.31.46.0-255,66,59390,46,220956
7357,0.000823,172.253.118.0-255,2902,62292,46,220956
7358,0.000826,172.31.46.0-255,66,62358,46,220956
7359,0.000837,172.253.118.0-255,5738,68096,46,220956
7360,0.00084,172.31.46.0-255,66,68162,46,220956
7361,0.000879,172.31.46.0-255,66,68228,46,220956
7362,0.000891,172.31.46.0-255,66,68294,46,220956
7363,0.000925,172.253.118.0-255,2184,70478,46,220956
7364,0.000928,172.31.46.0-255,66,70544,46,220956
7365,0.001126,172.253.118.0-255,1484,72028,46,220956
7366,0.001146,172.253.118.0-255,2902,74930,46,220956
7367,0.001149,172.31.46.0-255,66,74996,46,220956
7368,0.001156,172.253.118.0-255,5738,80734,46,220956
7369,0.001159,172.31.46.0-255,66,80800,46,220956
7370,0.001192,172.31.46.0-255,66,80866,46,220956
7371,0.001217,172.253.118.0-255,1484,82350,46,220956
7372,0.001232,172.31.46.0-255,66,82416,46,220956
7373,0.001774,172.253.118.0-255,1484,83900,46,220956
7374,0.00178,172.253.118.0-255,2902,86802,46,220956
7375,0.001784,172.31.46.0-255,66,86868,46,220956
7376,0.001789,172.253.118.0-255,2902,89770,46,220956
7377,0.001791,172.31.46.0-255,66,89836,46,220956
7378,0.001824,172.253.118.0-255,2902,92738,46,220956
7379,0.001827,172.31.46.0-255,66,92804,46,220956
7380,0.001833,172.253.118.0-255,5738,98542,46,220956
7381,0.001835,172.31.46.0-255,66,98608,46,220956
7382,0.001863,172.253.118.0-255,7156,105764,46,220956
7383,0.001865,172.31.46.0-255,66,105830,46,220956
7384,0.001869,172.253.118.0-255,1484,107314,46,220956
7385,0.001922,172.31.46.0-255,66,107380,46,220956
7386,0.003954,172.253.118.0-255,5738,113118,46,220956
7387,0.003962,172.31.46.0-255,66,113184,46,220956
7388,0.006007,172.253.118.0-255,5738,118922,46,220956
7389,0.006011,172.31.46.0-255,66,118988,46,220956
7390,0.008041,172.253.118.0-255,2902,121890,46,220956
7391,0.008048,172.31.46.0-255,66,121956,46,220956
7392,0.00809,172.253.118.0-255,2902,124858,46,220956
7393,0.008092,172.31.46.0-255,66,124924,46,220956
7394,0.010071,172.253.118.0-255,2902,127826,46,220956
7395,0.010078,172.31.46.0-255,66,127892,46,220956
7396,0.010107,172.253.118.0-255,2902,130794,46,220956
7397,0.01011,172.31.46.0-255,66,130860,46,220956
7398,0.012163,172.253.118.0-255,5738,136598,46,220956
7399,0.012171,172.31.46.0-255,66,136664,46,220956
7400,0.014225,172.253.118.0-255,5738,142402,46,220956
7401,0.014234,172.31.46.0-255,66,142468,46,220956
7402,0.016279,172.253.118.0-255,5738,148206,46,220956
7403,0.016289,172.31.46.0-255,66,148272,46,220956
7404,0.01834,172.253.118.0-255,5738,154010,46,220956
7405,0.018348,172.31.46.0-255,66,154076,46,220956
7406,0.020368,172.253.118.0-255,5738,159814,46,220956
7407,0.020375,172.31.46.0-255,66,159880,46,220956
7408,0.022415,172.253.118.0-255,5738,165618,46,220956
7409,0.022427,172.31.46.0-255,66,165684,46,220956
7410,0.024467,172.253.118.0-255,5738,171422,46,220956
7411,0.024475,172.31.46.0-255,66,171488,46,220956
7412,0.02654,172.253.118.0-255,5738,177226,46,220956
7413,0.026547,172.31.46.0-255,66,177292,46,220956
7414,0.028576,172.253.118.0-255,5738,183030,46,220956
7415,0.028584,172.31.46.0-255,66,183096,46,220956
7416,0.030611,172.253.118.0-255,5738,188834,46,220956
7417,0.03062,172.31.46.0-255,66,188900,46,220956
7418,0.032658,172.253.118.0-255,5738,194638,46,220956
7419,0.032666,172.31.46.0-255,66,194704,46,220956
7420,0.034699,172.253.118.0-255,5738,200442,46,220956
7421,0.034708,172.31.46.0-255,66,200508,46,220956
7422,0.036738,172.253.118.0-255,5738,206246,46,220956
7423,0.036747,172.31.46.0-255,66,206312,46,220956
7424,0.038779,172.253.118.0-255,5738,212050,46,220956
7425,0.038786,172.31.46.0-255,66,212116,46,220956
7426,0.039202,172.31.46.0-255,172,212288,46,220956
7427,0.039234,172.31.46.0-255,1118,213406,46,220956
7428,0.039298,172.31.46.0-255,1514,214920,46,220956
7429,0.0393,172.31.46.0-255,1514,216434,46,220956
7430,0.039306,172.31.46.0-255,1514,217948,46,220956
7431,0.039307,172.31.46.0-255,1514,219462,46,220956
7432,0.039336,172.31.46.0-255,1494,220956,46,220956
7433,0.0,142.250.4.0-255,153,153,46,234031
7434,1.4e-05,142.250.4.0-255,1484,1637,46,234031
7435,2.1e-05,172.31.46.0-255,66,1703,46,234031
7436,2.9e-05,142.250.4.0-255,2902,4605,46,234031
7437,3.2e-05,172.31.46.0-255,66,4671,46,234031
7438,4e-05,142.250.4.0-255,7156,11827,46,234031
7439,4.3e-05,172.31.46.0-255,66,11893,46,234031
7440,4.6e-05,142.250.4.0-255,2054,13947,46,234031
7441,4.9e-05,172.31.46.0-255,66,14013,46,234031
7442,8.3e-05,172.31.46.0-255,66,14079,46,234031
7443,9.9e-05,142.250.4.0-255,5738,19817,46,234031
7444,0.000102,172.31.46.0-255,66,19883,46,234031
7445,0.000125,172.31.46.0-255,66,19949,46,234031
7446,0.000167,172.31.46.0-255,66,20015,46,234031
7447,0.0002,172.31.46.0-255,66,20081,46,234031
7448,0.000203,142.250.4.0-255,1484,21565,46,234031
7449,0.000273,142.250.4.0-255,4320,25885,46,234031
7450,0.000275,172.31.46.0-255,66,25951,46,234031
7451,0.000293,142.250.4.0-255,2897,28848,46,234031
7452,0.000296,172.31.46.0-255,66,28914,46,234031
7453,0.000475,142.250.4.0-255,1484,30398,46,234031
7454,0.000482,142.250.4.0-255,2902,33300,46,234031
7455,0.000485,172.31.46.0-255,66,33366,46,234031
7456,0.000489,142.250.4.0-255,1484,34850,46,234031
7457,0.00051,142.250.4.0-255,4320,39170,46,234031
7458,0.000512,142.250.4.0-255,1484,40654,46,234031
7459,0.000516,172.31.46.0-255,66,40720,46,234031
7460,0.000538,142.250.4.0-255,2902,43622,46,234031
7461,0.000541,172.31.46.0-255,66,43688,46,234031
7462,0.000563,142.250.4.0-255,5738,49426,46,234031
7463,0.000566,172.31.46.0-255,66,49492,46,234031
7464,0.000573,142.250.4.0-255,7156,56648,46,234031
7465,0.000575,172.31.46.0-255,66,56714,46,234031
7466,0.000595,142.250.4.0-255,1484,58198,46,234031
7467,0.000612,142.250.4.0-255,5020,63218,46,234031
7468,0.000615,172.31.46.0-255,66,63284,46,234031
7469,0.001469,142.250.4.0-255,1484,64768,46,234031
7470,0.001478,142.250.4.0-255,2902,67670,46,234031
7471,0.001483,172.31.46.0-255,66,67736,46,234031
7472,0.001487,142.250.4.0-255,1484,69220,46,234031
7473,0.001507,142.250.4.0-255,4320,73540,46,234031
7474,0.00151,172.31.46.0-255,66,73606,46,234031
7475,0.001516,142.250.4.0-255,5738,79344,46,234031
7476,0.001517,172.31.46.0-255,66,79410,46,234031
7477,0.001536,142.250.4.0-255,1484,80894,46,234031
7478,0.001548,142.250.4.0-255,4320,85214,46,234031
7479,0.00155,172.31.46.0-255,66,85280,46,234031
7480,0.001565,142.250.4.0-255,7156,92436,46,234031
7481,0.001566,172.31.46.0-255,66,92502,46,234031
7482,0.001571,142.250.4.0-255,2902,95404,46,234031
7483,0.001573,172.31.46.0-255,66,95470,46,234031
7484,0.001594,142.250.4.0-255,2184,97654,46,234031
7485,0.001596,172.31.46.0-255,66,97720,46,234031
7486,0.0018,142.250.4.0-255,1484,99204,46,234031
7487,0.001808,142.250.4.0-255,2902,102106,46,234031
7488,0.001812,172.31.46.0-255,66,102172,46,234031
7489,0.001818,142.250.4.0-255,4320,106492,46,234031
7490,0.001821,172.31.46.0-255,66,106558,46,234031
7491,0.001837,142.250.4.0-255,1484,108042,46,234031
7492,0.001858,172.31.46.0-255,66,108108,46,234031
7493,0.001883,142.250.4.0-255,2902,111010,46,234031
7494,0.001886,172.31.46.0-255,66,111076,46,234031
7495,0.001899,172.31.46.0-255,66,111142,46,234031
7496,0.001921,142.250.4.0-255,1484,112626,46,234031
7497,0.001936,142.250.4.0-255,5738,118364,46,234031
7498,0.001938,172.31.46.0-255,66,118430,46,234031
7499,0.001979,172.31.46.0-255,66,118496,46,234031
7500,0.001991,172.31.46.0-255,66,118562,46,234031
7501,0.002091,142.250.4.0-255,1484,120046,46,234031
7502,0.0021,142.250.4.0-255,2902,122948,46,234031
7503,0.002104,172.31.46.0-255,66,123014,46,234031
7504,0.002109,142.250.4.0-255,2902,125916,46,234031
7505,0.002111,172.31.46.0-255,66,125982,46,234031
7506,0.002125,142.250.4.0-255,2902,128884,46,234031
7507,0.002128,172.31.46.0-255,66,128950,46,234031
7508,0.002131,142.250.4.0-255,1484,130434,46,234031
7509,0.002135,142.250.4.0-255,2902,133336,46,234031
7510,0.002138,172.31.46.0-255,66,133402,46,234031
7511,0.002163,142.250.4.0-255,5738,139140,46,234031
7512,0.002166,172.31.46.0-255,66,139206,46,234031
7513,0.00217,142.250.4.0-255,1484,140690,46,234031
7514,0.002206,172.31.46.0-255,66,140756,46,234031
7515,0.00223,142.250.4.0-255,1484,142240,46,234031
7516,0.002234,142.250.4.0-255,2902,145142,46,234031
7517,0.002237,172.31.46.0-255,66,145208,46,234031
7518,0.002242,142.250.4.0-255,4320,149528,46,234031
7519,0.002245,172.31.46.0-255,66,149594,46,234031
7520,0.002258,142.250.4.0-255,1484,151078,46,234031
7521,0.002297,142.250.4.0-255,5738,156816,46,234031
7522,0.0023,172.31.46.0-255,66,156882,46,234031
7523,0.002327,142.250.4.0-255,7156,164038,46,234031
7524,0.00233,172.31.46.0-255,66,164104,46,234031
7525,0.002337,142.250.4.0-255,7156,171260,46,234031
7526,0.00234,172.31.46.0-255,66,171326,46,234031
7527,0.002353,172.31.46.0-255,66,171392,46,234031
7528,0.002383,172.31.46.0-255,66,171458,46,234031
7529,0.00239,142.250.4.0-255,7156,178614,46,234031
7530,0.002393,172.31.46.0-255,66,178680,46,234031
7531,0.00242,142.250.4.0-255,7156,185836,46,234031
7532,0.002422,172.31.46.0-255,66,185902,46,234031
7533,0.002425,142.250.4.0-255,766,186668,46,234031
7534,0.002456,142.250.4.0-255,1484,188152,46,234031
7535,0.002458,172.31.46.0-255,66,188218,46,234031
7536,0.002472,142.250.4.0-255,4320,192538,46,234031
7537,0.002476,172.31.46.0-255,66,192604,46,234031
7538,0.00248,142.250.4.0-255,2902,195506,46,234031
7539,0.002483,172.31.46.0-255,66,195572,46,234031
7540,0.002494,142.250.4.0-255,1484,197056,46,234031
7541,0.002497,142.250.4.0-255,1484,198540,46,234031
7542,0.002499,172.31.46.0-255,66,198606,46,234031
7543,0.002513,142.250.4.0-255,4320,202926,46,234031
7544,0.002516,172.31.46.0-255,66,202992,46,234031
7545,0.002545,172.31.46.0-255,66,203058,46,234031
7546,0.002548,142.250.4.0-255,1484,204542,46,234031
7547,0.002559,172.31.46.0-255,66,204608,46,234031
7548,0.002584,142.250.4.0-255,1484,206092,46,234031
7549,0.00261,172.31.46.0-255,66,206158,46,234031
7550,0.002632,142.250.4.0-255,5738,211896,46,234031
7551,0.002635,172.31.46.0-255,66,211962,46,234031
7552,0.002642,142.250.4.0-255,7156,219118,46,234031
7553,0.002645,172.31.46.0-255,66,219184,46,234031
7554,0.002656,172.31.46.0-255,66,219250,46,234031
7555,0.00269,172.31.46.0-255,66,219316,46,234031
7556,0.002693,142.250.4.0-255,1484,220800,46,234031
7557,0.00271,142.250.4.0-255,3851,224651,46,234031
7558,0.002712,172.31.46.0-255,66,224717,46,234031
7559,0.002737,142.250.4.0-255,105,224822,46,234031
7560,0.007939,172.31.46.0-255,105,224927,46,234031
7561,0.010349,142.250.4.0-255,66,224993,46,234031
7562,0.03639,172.31.46.0-255,172,225165,46,234031
7563,0.036424,172.31.46.0-255,1115,226280,46,234031
7564,0.03649,172.31.46.0-255,1514,227794,46,234031
7565,0.036492,172.31.46.0-255,1514,229308,46,234031
7566,0.036493,172.31.46.0-255,1514,230822,46,234031
7567,0.036498,172.31.46.0-255,1514,232336,46,234031
7568,0.036499,172.31.46.0-255,1497,233833,46,234031
7569,0.038047,104.244.42.0-255,66,233899,46,234031
7570,0.038101,104.244.42.0-255,66,233965,46,234031
7571,0.038204,104.244.42.0-255,66,234031,46,234031
7572,0.0,74.125.24.0-255,150,150,46,241502
7573,1.4e-05,172.31.46.0-255,66,216,46,241502
7574,2e-05,74.125.24.0-255,1484,1700,46,241502
7575,2.4e-05,172.31.46.0-255,66,1766,46,241502
7576,3e-05,74.125.24.0-255,2902,4668,46,241502
7577,4e-05,172.31.46.0-255,66,4734,46,241502
7578,4.6e-05,74.125.24.0-255,4320,9054,46,241502
7579,4.9e-05,172.31.46.0-255,66,9120,46,241502
7580,7.9e-05,74.125.24.0-255,2902,12022,46,241502
7581,8.6e-05,172.31.46.0-255,66,12088,46,241502
7582,9e-05,74.125.24.0-255,2003,14091,46,241502
7583,9.3e-05,172.31.46.0-255,66,14157,46,241502
7584,0.000204,74.125.24.0-255,1484,15641,46,241502
7585,0.000207,172.31.46.0-255,66,15707,46,241502
7586,0.000236,74.125.24.0-255,2902,18609,46,241502
7587,0.000239,172.31.46.0-255,66,18675,46,241502
7588,0.000246,74.125.24.0-255,5738,24413,46,241502
7589,0.000248,172.31.46.0-255,66,24479,46,241502
7590,0.000258,74.125.24.0-255,5738,30217,46,241502
7591,0.00026,172.31.46.0-255,66,30283,46,241502
7592,0.000289,74.125.24.0-255,1484,31767,46,241502
7593,0.000291,172.31.46.0-255,66,31833,46,241502
7594,0.000316,172.31.46.0-255,66,31899,46,241502
7595,0.000338,74.125.24.0-255,3961,35860,46,241502
7596,0.00034,172.31.46.0-255,66,35926,46,241502
7597,0.00035,172.31.46.0-255,66,35992,46,241502
7598,0.000368,74.125.24.0-255,1484,37476,46,241502
7599,0.00037,172.31.46.0-255,66,37542,46,241502
7600,0.000385,172.31.46.0-255,66,37608,46,241502
7601,0.000387,74.125.24.0-255,396,38004,46,241502
7602,0.000744,74.125.24.0-255,115,38119,46,241502
7603,0.000931,172.31.46.0-255,66,38185,46,241502
7604,0.001252,74.125.24.0-255,1484,39669,46,241502
7605,0.001261,74.125.24.0-255,2902,42571,46,241502
7606,0.001264,172.31.46.0-255,66,42637,46,241502
7607,0.001268,74.125.24.0-255,1484,44121,46,241502
7608,0.001297,74.125.24.0-255,4320,48441,46,241502
7609,0.001299,172.31.46.0-255,66,48507,46,241502
7610,0.001309,172.31.46.0-255,66,48573,46,241502
7611,0.001343,74.125.24.0-255,1484,50057,46,241502
7612,0.001363,172.31.46.0-255,66,50123,46,241502
7613,0.00149,74.125.24.0-255,1484,51607,46,241502
7614,0.001495,74.125.24.0-255,1484,53091,46,241502
7615,0.001498,172.31.46.0-255,66,53157,46,241502
7616,0.001523,74.125.24.0-255,1484,54641,46,241502
7617,0.001528,74.125.24.0-255,5738,60379,46,241502
7618,0.00153,172.31.46.0-255,66,60445,46,241502
7619,0.001574,172.31.46.0-255,66,60511,46,241502
7620,0.001613,172.31.46.0-255,66,60577,46,241502
7621,0.001639,74.125.24.0-255,1484,62061,46,241502
7622,0.001658,74.125.24.0-255,2902,64963,46,241502
7623,0.001661,172.31.46.0-255,66,65029,46,241502
7624,0.001664,74.125.24.0-255,1484,66513,46,241502
7625,0.001688,74.125.24.0-255,4320,70833,46,241502
7626,0.001691,172.31.46.0-255,66,70899,46,241502
7627,0.001696,74.125.24.0-255,5738,76637,46,241502
7628,0.001698,172.31.46.0-255,66,76703,46,241502
7629,0.001732,74.125.24.0-255,4320,81023,46,241502
7630,0.001734,172.31.46.0-255,66,81089,46,241502
7631,0.001773,172.31.46.0-255,66,81155,46,241502
7632,0.001778,74.125.24.0-255,5020,86175,46,241502
7633,0.00178,172.31.46.0-255,66,86241,46,241502
7634,0.001857,74.125.24.0-255,1484,87725,46,241502
7635,0.001873,74.125.24.0-255,2902,90627,46,241502
7636,0.001876,172.31.46.0-255,66,90693,46,241502
7637,0.001879,74.125.24.0-255,1484,92177,46,241502
7638,0.001906,74.125.24.0-255,4320,96497,46,241502
7639,0.001908,172.31.46.0-255,66,96563,46,241502
7640,0.001912,74.125.24.0-255,2902,99465,46,241502
7641,0.001913,172.31.46.0-255,66,99531,46,241502
7642,0.001935,172.31.46.0-255,66,99597,46,241502
7643,0.001957,74.125.24.0-255,2902,102499,46,241502
7644,0.001959,172.31.46.0-255,66,102565,46,241502
7645,0.001986,172.31.46.0-255,66,102631,46,241502
7646,0.002001,172.31.46.0-255,66,102697,46,241502
7647,0.002007,74.125.24.0-255,5738,108435,46,241502
7648,0.002009,172.31.46.0-255,66,108501,46,241502
7649,0.002045,172.31.46.0-255,66,108567,46,241502
7650,0.002053,74.125.24.0-255,4320,112887,46,241502
7651,0.002055,172.31.46.0-255,66,112953,46,241502
7652,0.002076,74.125.24.0-255,2184,115137,46,241502
7653,0.002078,172.31.46.0-255,66,115203,46,241502
7654,0.002102,74.125.24.0-255,1484,116687,46,241502
7655,0.002118,74.125.24.0-255,2902,119589,46,241502
7656,0.00212,172.31.46.0-255,66,119655,46,241502
7657,0.002123,74.125.24.0-255,1484,121139,46,241502
7658,0.002143,74.125.24.0-255,4320,125459,46,241502
7659,0.002145,172.31.46.0-255,66,125525,46,241502
7660,0.002158,74.125.24.0-255,2902,128427,46,241502
7661,0.002159,172.31.46.0-255,66,128493,46,241502
7662,0.002196,172.31.46.0-255,66,128559,46,241502
7663,0.002199,74.125.24.0-255,1484,130043,46,241502
7664,0.002235,172.31.46.0-255,66,130109,46,241502
7665,0.002257,74.125.24.0-255,1484,131593,46,241502
7666,0.002269,74.125.24.0-255,2902,134495,46,241502
7667,0.002271,172.31.46.0-255,66,134561,46,241502
7668,0.002299,74.125.24.0-255,5738,140299,46,241502
7669,0.002301,172.31.46.0-255,66,140365,46,241502
7670,0.00231,172.31.46.0-255,66,140431,46,241502
7671,0.002359,74.125.24.0-255,2902,143333,46,241502
7672,0.002361,172.31.46.0-255,66,143399,46,241502
7673,0.002394,172.31.46.0-255,66,143465,46,241502
7674,0.00242,74.125.24.0-255,1484,144949,46,241502
7675,0.002424,74.125.24.0-255,2902,147851,46,241502
7676,0.002426,172.31.46.0-255,66,147917,46,241502
7677,0.002439,74.125.24.0-255,5738,153655,46,241502
7678,0.002444,172.31.46.0-255,66,153721,46,241502
7679,0.002457,74.125.24.0-255,2902,156623,46,241502
7680,0.002464,172.31.46.0-255,66,156689,46,241502
7681,0.002487,74.125.24.0-255,7156,163845,46,241502
7682,0.002489,172.31.46.0-255,66,163911,46,241502
7683,0.00491,74.125.24.0-255,5738,169649,46,241502
7684,0.004916,172.31.46.0-255,66,169715,46,241502
7685,0.007385,74.125.24.0-255,5738,175453,46,241502
7686,0.00739,172.31.46.0-255,66,175519,46,241502
7687,0.009879,74.125.24.0-255,5738,181257,46,241502
7688,0.009885,172.31.46.0-255,66,181323,46,241502
7689,0.012339,74.125.24.0-255,5738,187061,46,241502
7690,0.012346,172.31.46.0-255,66,187127,46,241502
7691,0.0149,74.125.24.0-255,5738,192865,46,241502
7692,0.014909,172.31.46.0-255,66,192931,46,241502
7693,0.017333,74.125.24.0-255,5738,198669,46,241502
7694,0.017344,172.31.46.0-255,66,198735,46,241502
7695,0.019767,74.125.24.0-255,2902,201637,46,241502
7696,0.019774,172.31.46.0-255,66,201703,46,241502
7697,0.01982,74.125.24.0-255,2902,204605,46,241502
7698,0.019824,172.31.46.0-255,66,204671,46,241502
7699,0.022225,74.125.24.0-255,2902,207573,46,241502
7700,0.022233,172.31.46.0-255,66,207639,46,241502
7701,0.022264,74.125.24.0-255,2902,210541,46,241502
7702,0.022267,172.31.46.0-255,66,210607,46,241502
7703,0.024663,74.125.24.0-255,2902,213509,46,241502
7704,0.024669,172.31.46.0-255,66,213575,46,241502
7705,0.024715,74.125.24.0-255,2902,216477,46,241502
7706,0.024717,172.31.46.0-255,66,216543,46,241502
7707,0.027175,74.125.24.0-255,2902,219445,46,241502
7708,0.027185,172.31.46.0-255,66,219511,46,241502
7709,0.027213,74.125.24.0-255,2902,222413,46,241502
7710,0.027216,172.31.46.0-255,66,222479,46,241502
7711,0.02964,74.125.24.0-255,5738,228217,46,241502
7712,0.029647,172.31.46.0-255,66,228283,46,241502
7713,0.032101,74.125.24.0-255,3943,232226,46,241502
7714,0.032109,172.31.46.0-255,66,232292,46,241502
7715,0.032315,172.31.46.0-255,105,232397,46,241502
7716,0.034726,74.125.24.0-255,66,232463,46,241502
7717,0.037289,172.31.46.0-255,172,232635,46,241502
7718,0.037322,172.31.46.0-255,1118,233753,46,241502
7719,0.037388,172.31.46.0-255,1514,235267,46,241502
7720,0.03739,172.31.46.0-255,1514,236781,46,241502
7721,0.037391,172.31.46.0-255,1514,238295,46,241502
7722,0.037396,172.31.46.0-255,1514,239809,46,241502
7723,0.037398,172.31.46.0-255,1495,241304,46,241502
7724,0.038941,104.244.42.0-255,66,241370,46,241502
7725,0.039035,104.244.42.0-255,66,241436,46,241502
7726,0.039093,104.244.42.0-255,66,241502,46,241502
7727,0.0,172.217.194.0-255,153,153,46,172630
7728,1.4e-05,172.31.46.0-255,66,219,46,172630
7729,4.5e-05,172.217.194.0-255,1484,1703,46,172630
7730,4.9e-05,172.31.46.0-255,66,1769,46,172630
7731,5.5e-05,172.217.194.0-255,2902,4671,46,172630
7732,5.9e-05,172.31.46.0-255,66,4737,46,172630
7733,7e-05,172.217.194.0-255,7156,11893,46,172630
7734,7.2e-05,172.31.46.0-255,66,11959,46,172630
7735,7.7e-05,172.217.194.0-255,3485,15444,46,172630
7736,7.9e-05,172.31.46.0-255,66,15510,46,172630
7737,0.000109,172.217.194.0-255,4320,19830,46,172630
7738,0.000112,172.31.46.0-255,66,19896,46,172630
7739,0.000135,172.217.194.0-255,5738,25634,46,172630
7740,0.000137,172.31.46.0-255,66,25700,46,172630
7741,0.000179,172.217.194.0-255,5379,31079,46,172630
7742,0.000181,172.31.46.0-255,66,31145,46,172630
7743,0.000617,172.217.194.0-255,1484,32629,46,172630
7744,0.000621,172.31.46.0-255,66,32695,46,172630
7745,0.000628,172.217.194.0-255,2902,35597,46,172630
7746,0.00063,172.31.46.0-255,66,35663,46,172630
7747,0.000633,172.217.194.0-255,1484,37147,46,172630
7748,0.000639,172.31.46.0-255,66,37213,46,172630
7749,0.00067,172.217.194.0-255,4320,41533,46,172630
7750,0.000672,172.31.46.0-255,66,41599,46,172630
7751,0.000676,172.217.194.0-255,1484,43083,46,172630
7752,0.000677,172.31.46.0-255,66,43149,46,172630
7753,0.000707,172.31.46.0-255,66,43215,46,172630
7754,0.000733,172.217.194.0-255,4320,47535,46,172630
7755,0.000739,172.31.46.0-255,66,47601,46,172630
7756,0.000748,172.31.46.0-255,66,47667,46,172630
7757,0.001755,172.217.194.0-255,363,48030,46,172630
7758,0.00179,172.217.194.0-255,1484,49514,46,172630
7759,0.001795,172.31.46.0-255,66,49580,46,172630
7760,0.00181,172.217.194.0-255,2902,52482,46,172630
7761,0.001816,172.31.46.0-255,66,52548,46,172630
7762,0.001837,172.217.194.0-255,1484,54032,46,172630
7763,0.001876,172.217.194.0-255,5738,59770,46,172630
7764,0.001879,172.31.46.0-255,66,59836,46,172630
7765,0.001905,172.217.194.0-255,7156,66992,46,172630
7766,0.001907,172.31.46.0-255,66,67058,46,172630
7767,0.001947,172.217.194.0-255,5738,72796,46,172630
7768,0.001949,172.31.46.0-255,66,72862,46,172630
7769,0.001971,172.217.194.0-255,2902,75764,46,172630
7770,0.001973,172.31.46.0-255,66,75830,46,172630
7771,0.00198,172.217.194.0-255,6438,82268,46,172630
7772,0.001982,172.31.46.0-255,66,82334,46,172630
7773,0.004634,172.217.194.0-255,5738,88072,46,172630
7774,0.004641,172.31.46.0-255,66,88138,46,172630
7775,0.007284,172.217.194.0-255,5738,93876,46,172630
7776,0.00729,172.31.46.0-255,66,93942,46,172630
7777,0.009934,172.217.194.0-255,5738,99680,46,172630
7778,0.009942,172.31.46.0-255,66,99746,46,172630
7779,0.012595,172.217.194.0-255,5738,105484,46,172630
7780,0.012605,172.31.46.0-255,66,105550,46,172630
7781,0.015257,172.217.194.0-255,5738,111288,46,172630
7782,0.015266,172.31.46.0-255,66,111354,46,172630
7783,0.017895,172.217.194.0-255,5738,117092,46,172630
7784,0.017903,172.31.46.0-255,66,117158,46,172630
7785,0.020559,172.217.194.0-255,5738,122896,46,172630
7786,0.020566,172.31.46.0-255,66,122962,46,172630
7787,0.023241,172.217.194.0-255,5738,128700,46,172630
7788,0.023249,172.31.46.0-255,66,128766,46,172630
7789,0.025926,172.217.194.0-255,5738,134504,46,172630
7790,0.025933,172.31.46.0-255,66,134570,46,172630
7791,0.026879,172.31.46.0-255,172,134742,46,172630
7792,0.026907,172.31.46.0-255,1118,135860,46,172630
7793,0.026962,172.31.46.0-255,1514,137374,46,172630
7794,0.026964,172.31.46.0-255,1514,138888,46,172630
7795,0.026969,172.31.46.0-255,1514,140402,46,172630
7796,0.02697,172.31.46.0-255,1514,141916,46,172630
7797,0.026986,172.31.46.0-255,1496,143412,46,172630
7798,0.028353,104.244.42.0-255,66,143478,46,172630
7799,0.028381,104.244.42.0-255,66,143544,46,172630
7800,0.028473,104.244.42.0-255,66,143610,46,172630
7801,0.028576,172.217.194.0-255,5738,149348,46,172630
7802,0.028582,172.31.46.0-255,66,149414,46,172630
7803,0.031222,172.217.194.0-255,5738,155152,46,172630
7804,0.031233,172.31.46.0-255,66,155218,46,172630
7805,0.033869,172.217.194.0-255,5738,160956,46,172630
7806,0.033877,172.31.46.0-255,66,161022,46,172630
7807,0.036517,172.217.194.0-255,5738,166760,46,172630
7808,0.036521,172.31.46.0-255,66,166826,46,172630
7809,0.039147,172.217.194.0-255,5738,172564,46,172630
7810,0.039152,172.31.46.0-255,66,172630,46,172630
7811,0.0,74.125.24.0-255,147,147,46,206277
7812,3.8e-05,172.31.46.0-255,66,213,46,206277
7813,4.4e-05,74.125.24.0-255,1484,1697,46,206277
7814,4.8e-05,172.31.46.0-255,66,1763,46,206277
7815,5.3e-05,74.125.24.0-255,2902,4665,46,206277
7816,5.5e-05,172.31.46.0-255,66,4731,46,206277
7817,6.1e-05,74.125.24.0-255,4320,9051,46,206277
7818,6.4e-05,172.31.46.0-255,66,9117,46,206277
7819,9.3e-05,74.125.24.0-255,1484,10601,46,206277
7820,9.5e-05,172.31.46.0-255,66,10667,46,206277
7821,0.0001,74.125.24.0-255,3461,14128,46,206277
7822,0.000103,172.31.46.0-255,66,14194,46,206277
7823,0.000185,74.125.24.0-255,1484,15678,46,206277
7824,0.000189,172.31.46.0-255,66,15744,46,206277
7825,0.000193,74.125.24.0-255,1484,17228,46,206277
7826,0.000195,172.31.46.0-255,66,17294,46,206277
7827,0.00021,74.125.24.0-255,1484,18778,46,206277
7828,0.000212,172.31.46.0-255,66,18844,46,206277
7829,0.000218,74.125.24.0-255,4320,23164,46,206277
7830,0.000222,172.31.46.0-255,66,23230,46,206277
7831,0.000245,74.125.24.0-255,1484,24714,46,206277
7832,0.000249,172.31.46.0-255,66,24780,46,206277
7833,0.000256,74.125.24.0-255,6797,31577,46,206277
7834,0.000258,172.31.46.0-255,66,31643,46,206277
7835,0.000444,74.125.24.0-255,1484,33127,46,206277
7836,0.000448,172.31.46.0-255,66,33193,46,206277
7837,0.000454,74.125.24.0-255,2902,36095,46,206277
7838,0.000457,172.31.46.0-255,66,36161,46,206277
7839,0.000521,74.125.24.0-255,4320,40481,46,206277
7840,0.000525,172.31.46.0-255,66,40547,46,206277
7841,0.000551,74.125.24.0-255,1484,42031,46,206277
7842,0.000553,172.31.46.0-255,66,42097,46,206277
7843,0.000568,172.31.46.0-255,66,42163,46,206277
7844,0.000574,74.125.24.0-255,5738,47901,46,206277
7845,0.000577,172.31.46.0-255,66,47967,46,206277
7846,0.000583,74.125.24.0-255,4233,52200,46,206277
7847,0.000599,172.31.46.0-255,66,52266,46,206277
7848,0.001049,74.125.24.0-255,131,52397,46,206277
7849,0.001085,74.125.24.0-255,1484,53881,46,206277
7850,0.00109,172.31.46.0-255,66,53947,46,206277
7851,0.001096,74.125.24.0-255,2902,56849,46,206277
7852,0.001099,172.31.46.0-255,66,56915,46,206277
7853,0.001131,74.125.24.0-255,7156,64071,46,206277
7854,0.001135,172.31.46.0-255,66,64137,46,206277
7855,0.001146,172.31.46.0-255,66,64203,46,206277
7856,0.001177,74.125.24.0-255,5738,69941,46,206277
7857,0.001181,172.31.46.0-255,66,70007,46,206277
7858,0.001193,172.31.46.0-255,66,70073,46,206277
7859,0.001467,74.125.24.0-255,1484,71557,46,206277
7860,0.001476,74.125.24.0-255,2902,74459,46,206277
7861,0.001481,172.31.46.0-255,66,74525,46,206277
7862,0.001489,74.125.24.0-255,5738,80263,46,206277
7863,0.001491,172.31.46.0-255,66,80329,46,206277
7864,0.001495,74.125.24.0-255,4320,84649,46,206277
7865,0.001497,172.31.46.0-255,66,84715,46,206277
7866,0.001565,172.31.46.0-255,66,84781,46,206277
7867,0.001576,172.31.46.0-255,66,84847,46,206277
7868,0.002,74.125.24.0-255,1484,86331,46,206277
7869,0.002009,74.125.24.0-255,2902,89233,46,206277
7870,0.002013,172.31.46.0-255,66,89299,46,206277
7871,0.002021,74.125.24.0-255,5738,95037,46,206277
7872,0.002022,172.31.46.0-255,66,95103,46,206277
7873,0.002067,74.125.24.0-255,2902,98005,46,206277
7874,0.002071,172.31.46.0-255,66,98071,46,206277
7875,0.002088,74.125.24.0-255,1484,99555,46,206277
7876,0.002094,74.125.24.0-255,5738,105293,46,206277
7877,0.002096,172.31.46.0-255,66,105359,46,206277
7878,0.002103,74.125.24.0-255,7156,112515,46,206277
7879,0.002105,172.31.46.0-255,66,112581,46,206277
7880,0.002127,74.125.24.0-255,4320,116901,46,206277
7881,0.002129,172.31.46.0-255,66,116967,46,206277
7882,0.002133,74.125.24.0-255,2184,119151,46,206277
7883,0.002135,172.31.46.0-255,66,119217,46,206277
7884,0.004475,74.125.24.0-255,5738,124955,46,206277
7885,0.004487,172.31.46.0-255,66,125021,46,206277
7886,0.006851,74.125.24.0-255,5738,130759,46,206277
7887,0.006862,172.31.46.0-255,66,130825,46,206277
7888,0.009224,74.125.24.0-255,5738,136563,46,206277
7889,0.009236,172.31.46.0-255,66,136629,46,206277
7890,0.011572,74.125.24.0-255,5738,142367,46,206277
7891,0.011581,172.31.46.0-255,66,142433,46,206277
7892,0.01392,74.125.24.0-255,5738,148171,46,206277
7893,0.013931,172.31.46.0-255,66,148237,46,206277
7894,0.016261,74.125.24.0-255,5738,153975,46,206277
7895,0.016273,172.31.46.0-255,66,154041,46,206277
7896,0.01864,74.125.24.0-255,5738,159779,46,206277
7897,0.018654,172.31.46.0-255,66,159845,46,206277
7898,0.021033,74.125.24.0-255,5738,165583,46,206277
7899,0.021046,172.31.46.0-255,66,165649,46,206277
7900,0.023387,74.125.24.0-255,5738,171387,46,206277
7901,0.023394,172.31.46.0-255,66,171453,46,206277
7902,0.025739,74.125.24.0-255,5738,177191,46,206277
7903,0.025752,172.31.46.0-255,66,177257,46,206277
7904,0.028158,74.125.24.0-255,5738,182995,46,206277
7905,0.028169,172.31.46.0-255,66,183061,46,206277
7906,0.030517,74.125.24.0-255,5738,188799,46,206277
7907,0.030529,172.31.46.0-255,66,188865,46,206277
7908,0.032919,74.125.24.0-255,5738,194603,46,206277
7909,0.032931,172.31.46.0-255,66,194669,46,206277
7910,0.035334,74.125.24.0-255,5738,200407,46,206277
7911,0.03535,172.31.46.0-255,66,200473,46,206277
7912,0.037719,74.125.24.0-255,5738,206211,46,206277
7913,0.037732,172.31.46.0-255,66,206277,46,206277
7914,0.0,74.125.24.0-255,153,153,46,275333
7915,2.2e-05,172.31.46.0-255,66,219,46,275333
7916,2.9e-05,74.125.24.0-255,1484,1703,46,275333
7917,3.5e-05,172.31.46.0-255,66,1769,46,275333
7918,4e-05,74.125.24.0-255,2902,4671,46,275333
7919,4.5e-05,172.31.46.0-255,66,4737,46,275333
7920,5.2e-05,74.125.24.0-255,5738,10475,46,275333
7921,5.6e-05,172.31.46.0-255,66,10541,46,275333
7922,7.4e-05,74.125.24.0-255,1484,12025,46,275333
7923,7.7e-05,172.31.46.0-255,66,12091,46,275333
7924,8.6e-05,74.125.24.0-255,5738,17829,46,275333
7925,9e-05,172.31.46.0-255,66,17895,46,275333
7926,0.000112,74.125.24.0-255,4918,22813,46,275333
7927,0.000115,172.31.46.0-255,66,22879,46,275333
7928,0.000147,74.125.24.0-255,7156,30035,46,275333
7929,0.000149,172.31.46.0-255,66,30101,46,275333
7930,0.00017,74.125.24.0-255,1125,31226,46,275333
7931,0.000172,172.31.46.0-255,66,31292,46,275333
7932,0.000189,74.125.24.0-255,1484,32776,46,275333
7933,0.000192,172.31.46.0-255,66,32842,46,275333
7934,0.000196,74.125.24.0-255,2902,35744,46,275333
7935,0.000198,172.31.46.0-255,66,35810,46,275333
7936,0.000228,74.125.24.0-255,5738,41548,46,275333
7937,0.000231,172.31.46.0-255,66,41614,46,275333
7938,0.000237,74.125.24.0-255,5738,47352,46,275333
7939,0.00024,172.31.46.0-255,66,47418,46,275333
7940,0.000243,74.125.24.0-255,1484,48902,46,275333
7941,0.000245,172.31.46.0-255,66,48968,46,275333
7942,0.000281,172.31.46.0-255,66,49034,46,275333
7943,0.000287,74.125.24.0-255,5316,54350,46,275333
7944,0.000289,172.31.46.0-255,66,54416,46,275333
7945,0.00035,74.125.24.0-255,132,54548,46,275333
7946,0.000626,74.125.24.0-255,345,54893,46,275333
7947,0.000747,74.125.24.0-255,1484,56377,46,275333
7948,0.000752,172.31.46.0-255,66,56443,46,275333
7949,0.000758,74.125.24.0-255,2902,59345,46,275333
7950,0.00076,172.31.46.0-255,66,59411,46,275333
7951,0.000792,74.125.24.0-255,5738,65149,46,275333
7952,0.000796,172.31.46.0-255,66,65215,46,275333
7953,0.000814,74.125.24.0-255,2902,68117,46,275333
7954,0.000817,172.31.46.0-255,66,68183,46,275333
7955,0.000836,74.125.24.0-255,3413,71596,46,275333
7956,0.000839,172.31.46.0-255,66,71662,46,275333
7957,0.00125,74.125.24.0-255,1484,73146,46,275333
7958,0.00127,74.125.24.0-255,2902,76048,46,275333
7959,0.001274,172.31.46.0-255,66,76114,46,275333
7960,0.001282,74.125.24.0-255,5738,81852,46,275333
7961,0.001284,172.31.46.0-255,66,81918,46,275333
7962,0.001321,74.125.24.0-255,5738,87656,46,275333
7963,0.001323,172.31.46.0-255,66,87722,46,275333
7964,0.001346,74.125.24.0-255,7156,94878,46,275333
7965,0.001349,172.31.46.0-255,66,94944,46,275333
7966,0.001377,74.125.24.0-255,2902,97846,46,275333
7967,0.00138,172.31.46.0-255,66,97912,46,275333
7968,0.001408,172.31.46.0-255,66,97978,46,275333
7969,0.001819,74.125.24.0-255,1484,99462,46,275333
7970,0.001827,74.125.24.0-255,2902,102364,46,275333
7971,0.001831,172.31.46.0-255,66,102430,46,275333
7972,0.00184,74.125.24.0-255,5738,108168,46,275333
7973,0.001843,172.31.46.0-255,66,108234,46,275333
7974,0.001848,74.125.24.0-255,2902,111136,46,275333
7975,0.00185,172.31.46.0-255,66,111202,46,275333
7976,0.001874,74.125.24.0-255,4320,115522,46,275333
7977,0.001876,172.31.46.0-255,66,115588,46,275333
7978,0.001888,172.31.46.0-255,66,115654,46,275333
7979,0.00191,74.125.24.0-255,5738,121392,46,275333
7980,0.001914,74.125.24.0-255,2184,123576,46,275333
7981,0.001917,172.31.46.0-255,66,123642,46,275333
7982,0.001925,172.31.46.0-255,66,123708,46,275333
7983,0.001995,74.125.24.0-255,1484,125192,46,275333
7984,0.001999,74.125.24.0-255,1484,126676,46,275333
7985,0.002002,172.31.46.0-255,66,126742,46,275333
7986,0.002021,74.125.24.0-255,1484,128226,46,275333
7987,0.002028,74.125.24.0-255,5738,133964,46,275333
7988,0.00203,172.31.46.0-255,66,134030,46,275333
7989,0.002034,74.125.24.0-255,1484,135514,46,275333
7990,0.002076,172.31.46.0-255,66,135580,46,275333
7991,0.002083,74.125.24.0-255,4320,139900,46,275333
7992,0.002085,172.31.46.0-255,66,139966,46,275333
7993,0.002105,74.125.24.0-255,5738,145704,46,275333
7994,0.002108,172.31.46.0-255,66,145770,46,275333
7995,0.002111,74.125.24.0-255,766,146536,46,275333
7996,0.002568,172.31.46.0-255,66,146602,46,275333
7997,0.002785,74.125.24.0-255,1484,148086,46,275333
7998,0.002795,74.125.24.0-255,2902,150988,46,275333
7999,0.002799,172.31.46.0-255,66,151054,46,275333
8000,0.002805,74.125.24.0-255,2902,153956,46,275333
8001,0.002807,172.31.46.0-255,66,154022,46,275333
8002,0.002823,74.125.24.0-255,2902,156924,46,275333
8003,0.002825,172.31.46.0-255,66,156990,46,275333
8004,0.002832,74.125.24.0-255,7156,164146,46,275333
8005,0.002834,172.31.46.0-255,66,164212,46,275333
8006,0.00284,74.125.24.0-255,2902,167114,46,275333
8007,0.002842,172.31.46.0-255,66,167180,46,275333
8008,0.002845,74.125.24.0-255,1484,168664,46,275333
8009,0.002909,74.125.24.0-255,7156,175820,46,275333
8010,0.002912,172.31.46.0-255,66,175886,46,275333
8011,0.002932,74.125.24.0-255,5020,180906,46,275333
8012,0.002934,172.31.46.0-255,66,180972,46,275333
8013,0.003056,74.125.24.0-255,1484,182456,46,275333
8014,0.003063,74.125.24.0-255,2902,185358,46,275333
8015,0.003066,172.31.46.0-255,66,185424,46,275333
8016,0.003072,74.125.24.0-255,2902,188326,46,275333
8017,0.003074,172.31.46.0-255,66,188392,46,275333
8018,0.00309,74.125.24.0-255,2902,191294,46,275333
8019,0.003092,172.31.46.0-255,66,191360,46,275333
8020,0.0031,74.125.24.0-255,7156,198516,46,275333
8021,0.003102,172.31.46.0-255,66,198582,46,275333
8022,0.003119,74.125.24.0-255,5738,204320,46,275333
8023,0.003122,172.31.46.0-255,66,204386,46,275333
8024,0.003128,74.125.24.0-255,4320,208706,46,275333
8025,0.00313,172.31.46.0-255,66,208772,46,275333
8026,0.003157,74.125.24.0-255,6438,215210,46,275333
8027,0.003159,172.31.46.0-255,66,215276,46,275333
8028,0.003344,74.125.24.0-255,1484,216760,46,275333
8029,0.003351,74.125.24.0-255,2902,219662,46,275333
8030,0.003355,172.31.46.0-255,66,219728,46,275333
8031,0.003363,74.125.24.0-255,5738,225466,46,275333
8032,0.003365,172.31.46.0-255,66,225532,46,275333
8033,0.003367,74.125.24.0-255,1484,227016,46,275333
8034,0.003397,172.31.46.0-255,66,227082,46,275333
8035,0.003432,172.31.46.0-255,66,227148,46,275333
8036,0.003452,74.125.24.0-255,2184,229332,46,275333
8037,0.003455,172.31.46.0-255,66,229398,46,275333
8038,0.003459,74.125.24.0-255,2902,232300,46,275333
8039,0.003461,172.31.46.0-255,66,232366,46,275333
8040,0.003477,172.31.46.0-255,66,232432,46,275333
8041,0.003489,172.31.46.0-255,66,232498,46,275333
8042,0.003511,74.125.24.0-255,2902,235400,46,275333
8043,0.003513,172.31.46.0-255,66,235466,46,275333
8044,0.003516,74.125.24.0-255,1484,236950,46,275333
8045,0.003519,172.31.46.0-255,78,237028,46,275333
8046,0.003533,172.31.46.0-255,78,237106,46,275333
8047,0.003555,74.125.24.0-255,2184,239290,46,275333
8048,0.003558,172.31.46.0-255,66,239356,46,275333
8049,0.003564,74.125.24.0-255,5738,245094,46,275333
8050,0.003566,172.31.46.0-255,66,245160,46,275333
8051,0.003582,74.125.24.0-255,5738,250898,46,275333
8052,0.003585,172.31.46.0-255,66,250964,46,275333
8053,0.003605,172.31.46.0-255,66,251030,46,275333
8054,0.003631,74.125.24.0-255,5738,256768,46,275333
8055,0.003655,74.125.24.0-255,2902,259670,46,275333
8056,0.003698,74.125.24.0-255,3602,263272,46,275333
8057,0.003702,74.125.24.0-255,2689,265961,46,275333
8058,0.003745,74.125.24.0-255,105,266066,46,275333
8059,0.003882,172.31.46.0-255,66,266132,46,275333
8060,0.005441,172.31.46.0-255,105,266237,46,275333
8061,0.007505,74.125.24.0-255,66,266303,46,275333
8062,0.034166,172.31.46.0-255,164,266467,46,275333
8063,0.034201,172.31.46.0-255,1128,267595,46,275333
8064,0.03427,172.31.46.0-255,1514,269109,46,275333
8065,0.034272,172.31.46.0-255,1514,270623,46,275333
8066,0.034273,172.31.46.0-255,1514,272137,46,275333
8067,0.034279,172.31.46.0-255,1514,273651,46,275333
8068,0.03428,172.31.46.0-255,1484,275135,46,275333
8069,0.035828,104.244.42.0-255,66,275201,46,275333
8070,0.035889,104.244.42.0-255,66,275267,46,275333
8071,0.035947,104.244.42.0-255,66,275333,46,275333
8072,0.0,172.217.194.0-255,153,153,46,183420
8073,2e-05,172.31.46.0-255,66,219,46,183420
8074,2.7e-05,172.217.194.0-255,1484,1703,46,183420
8075,3.1e-05,172.31.46.0-255,66,1769,46,183420
8076,3.7e-05,172.217.194.0-255,2902,4671,46,183420
8077,4e-05,172.31.46.0-255,66,4737,46,183420
8078,4.8e-05,172.217.194.0-255,7156,11893,46,183420
8079,5e-05,172.31.46.0-255,66,11959,46,183420
8080,7e-05,172.217.194.0-255,4320,16279,46,183420
8081,7.3e-05,172.31.46.0-255,66,16345,46,183420
8082,0.000109,172.31.46.0-255,66,16411,46,183420
8083,0.000114,172.217.194.0-255,2543,18954,46,183420
8084,0.000116,172.31.46.0-255,66,19020,46,183420
8085,0.000121,172.217.194.0-255,2902,21922,46,183420
8086,0.000123,172.31.46.0-255,66,21988,46,183420
8087,0.000155,172.217.194.0-255,7156,29144,46,183420
8088,0.000158,172.31.46.0-255,66,29210,46,183420
8089,0.00018,172.217.194.0-255,5738,34948,46,183420
8090,0.000182,172.31.46.0-255,66,35014,46,183420
8091,0.000199,172.217.194.0-255,1125,36139,46,183420
8092,0.000201,172.31.46.0-255,66,36205,46,183420
8093,0.000225,172.217.194.0-255,1484,37689,46,183420
8094,0.000228,172.31.46.0-255,66,37755,46,183420
8095,0.000248,172.217.194.0-255,2902,40657,46,183420
8096,0.00025,172.31.46.0-255,66,40723,46,183420
8097,0.000272,172.217.194.0-255,5738,46461,46,183420
8098,0.000275,172.31.46.0-255,66,46527,46,183420
8099,0.00028,172.217.194.0-255,4320,50847,46,183420
8100,0.000282,172.31.46.0-255,66,50913,46,183420
8101,0.000295,172.217.194.0-255,2543,53456,46,183420
8102,0.000297,172.31.46.0-255,66,53522,46,183420
8103,0.0003,172.217.194.0-255,361,53883,46,183420
8104,0.000644,172.217.194.0-255,381,54264,46,183420
8105,0.000947,172.217.194.0-255,1484,55748,46,183420
8106,0.000952,172.217.194.0-255,2902,58650,46,183420
8107,0.000956,172.217.194.0-255,2902,61552,46,183420
8108,0.000962,172.31.46.0-255,66,61618,46,183420
8109,0.000966,172.31.46.0-255,66,61684,46,183420
8110,0.000969,172.31.46.0-255,66,61750,46,183420
8111,0.000978,172.217.194.0-255,2902,64652,46,183420
8112,0.00098,172.31.46.0-255,66,64718,46,183420
8113,0.000983,172.217.194.0-255,1484,66202,46,183420
8114,0.001026,172.31.46.0-255,66,66268,46,183420
8115,0.001039,172.31.46.0-255,66,66334,46,183420
8116,0.001371,172.217.194.0-255,1484,67818,46,183420
8117,0.001377,172.217.194.0-255,2902,70720,46,183420
8118,0.00138,172.31.46.0-255,66,70786,46,183420
8119,0.001386,172.217.194.0-255,2902,73688,46,183420
8120,0.001388,172.31.46.0-255,66,73754,46,183420
8121,0.001403,172.217.194.0-255,2902,76656,46,183420
8122,0.001405,172.31.46.0-255,66,76722,46,183420
8123,0.001443,172.217.194.0-255,7156,83878,46,183420
8124,0.001446,172.31.46.0-255,66,83944,46,183420
8125,0.001468,172.217.194.0-255,5738,89682,46,183420
8126,0.001481,172.31.46.0-255,66,89748,46,183420
8127,0.001484,172.31.46.0-255,66,89814,46,183420
8128,0.001967,172.217.194.0-255,1484,91298,46,183420
8129,0.001977,172.217.194.0-255,2902,94200,46,183420
8130,0.001981,172.31.46.0-255,66,94266,46,183420
8131,0.002003,172.217.194.0-255,4320,98586,46,183420
8132,0.002005,172.31.46.0-255,66,98652,46,183420
8133,0.00203,172.217.194.0-255,5738,104390,46,183420
8134,0.002033,172.31.46.0-255,66,104456,46,183420
8135,0.002052,172.217.194.0-255,4320,108776,46,183420
8136,0.002055,172.31.46.0-255,66,108842,46,183420
8137,0.002068,172.217.194.0-255,2902,111744,46,183420
8138,0.00207,172.31.46.0-255,66,111810,46,183420
8139,0.002074,172.217.194.0-255,2902,114712,46,183420
8140,0.002076,172.31.46.0-255,66,114778,46,183420
8141,0.002114,172.31.46.0-255,66,114844,46,183420
8142,0.002548,172.217.194.0-255,1484,116328,46,183420
8143,0.002556,172.217.194.0-255,2902,119230,46,183420
8144,0.00256,172.31.46.0-255,66,119296,46,183420
8145,0.002583,172.217.194.0-255,5738,125034,46,183420
8146,0.002585,172.31.46.0-255,66,125100,46,183420
8147,0.002603,172.217.194.0-255,4320,129420,46,183420
8148,0.002605,172.31.46.0-255,66,129486,46,183420
8149,0.002629,172.31.46.0-255,66,129552,46,183420
8150,0.002635,172.217.194.0-255,5738,135290,46,183420
8151,0.002637,172.31.46.0-255,66,135356,46,183420
8152,0.002654,172.217.194.0-255,1484,136840,46,183420
8153,0.002698,172.31.46.0-255,66,136906,46,183420
8154,0.002713,172.31.46.0-255,66,136972,46,183420
8155,0.002739,172.217.194.0-255,6438,143410,46,183420
8156,0.002741,172.31.46.0-255,66,143476,46,183420
8157,0.002764,172.217.194.0-255,7156,150632,46,183420
8158,0.002766,172.31.46.0-255,66,150698,46,183420
8159,0.002803,172.31.46.0-255,66,150764,46,183420
8160,0.002822,172.217.194.0-255,4320,155084,46,183420
8161,0.002824,172.31.46.0-255,66,155150,46,183420
8162,0.002828,172.217.194.0-255,2902,158052,46,183420
8163,0.002832,172.31.46.0-255,66,158118,46,183420
8164,0.002864,172.31.46.0-255,66,158184,46,183420
8165,0.00288,172.31.46.0-255,66,158250,46,183420
8166,0.002886,172.217.194.0-255,4320,162570,46,183420
8167,0.002889,172.31.46.0-255,66,162636,46,183420
8168,0.002916,172.217.194.0-255,7156,169792,46,183420
8169,0.002918,172.31.46.0-255,66,169858,46,183420
8170,0.002959,172.217.194.0-255,1484,171342,46,183420
8171,0.002985,172.31.46.0-255,66,171408,46,183420
8172,0.002997,172.31.46.0-255,66,171474,46,183420
8173,0.003011,172.31.46.0-255,66,171540,46,183420
8174,0.003045,172.31.46.0-255,66,171606,46,183420
8175,0.003061,172.31.46.0-255,66,171672,46,183420
8176,0.003091,172.31.46.0-255,66,171738,46,183420
8177,0.003117,172.217.194.0-255,2135,173873,46,183420
8178,0.003121,172.31.46.0-255,66,173939,46,183420
8179,0.003124,172.217.194.0-255,105,174044,46,183420
8180,0.006791,172.31.46.0-255,101,174145,46,183420
8181,0.008852,172.217.194.0-255,66,174211,46,183420
8182,0.01064,172.31.46.0-255,105,174316,46,183420
8183,0.012702,172.217.194.0-255,66,174382,46,183420
8184,0.034301,172.31.46.0-255,172,174554,46,183420
8185,0.034339,172.31.46.0-255,1119,175673,46,183420
8186,0.034416,172.31.46.0-255,1514,177187,46,183420
8187,0.034418,172.31.46.0-255,1514,178701,46,183420
8188,0.034423,172.31.46.0-255,1514,180215,46,183420
8189,0.034424,172.31.46.0-255,1514,181729,46,183420
8190,0.034442,172.31.46.0-255,1493,183222,46,183420
8191,0.035905,104.244.42.0-255,66,183288,46,183420
8192,0.035918,104.244.42.0-255,66,183354,46,183420
8193,0.036004,104.244.42.0-255,66,183420,46,183420
8194,0.0,172.217.194.0-255,152,152,46,193506
8195,2.2e-05,172.31.46.0-255,66,218,46,193506
8196,2.8e-05,172.217.194.0-255,1484,1702,46,193506
8197,3.1e-05,172.31.46.0-255,66,1768,46,193506
8198,3.7e-05,172.217.194.0-255,2902,4670,46,193506
8199,3.9e-05,172.31.46.0-255,66,4736,46,193506
8200,4.4e-05,172.217.194.0-255,4320,9056,46,193506
8201,4.7e-05,172.31.46.0-255,66,9122,46,193506
8202,7.2e-05,172.217.194.0-255,2902,12024,46,193506
8203,7.5e-05,172.31.46.0-255,66,12090,46,193506
8204,7.8e-05,172.217.194.0-255,2038,14128,46,193506
8205,8e-05,172.31.46.0-255,66,14194,46,193506
8206,8.4e-05,172.217.194.0-255,2902,17096,46,193506
8207,8.6e-05,172.31.46.0-255,66,17162,46,193506
8208,0.00012,172.31.46.0-255,66,17228,46,193506
8209,0.000125,172.217.194.0-255,5379,22607,46,193506
8210,0.000127,172.31.46.0-255,66,22673,46,193506
8211,0.00027,172.217.194.0-255,1484,24157,46,193506
8212,0.000275,172.31.46.0-255,66,24223,46,193506
8213,0.000279,172.217.194.0-255,1484,25707,46,193506
8214,0.000281,172.31.46.0-255,66,25773,46,193506
8215,0.000293,172.217.194.0-255,1484,27257,46,193506
8216,0.000295,172.31.46.0-255,66,27323,46,193506
8217,0.000302,172.217.194.0-255,5738,33061,46,193506
8218,0.000304,172.31.46.0-255,66,33127,46,193506
8219,0.000324,172.217.194.0-255,4320,37447,46,193506
8220,0.000326,172.31.46.0-255,66,37513,46,193506
8221,0.000348,172.217.194.0-255,1484,38997,46,193506
8222,0.00035,172.31.46.0-255,66,39063,46,193506
8223,0.000374,172.31.46.0-255,66,39129,46,193506
8224,0.000379,172.217.194.0-255,2902,42031,46,193506
8225,0.000381,172.31.46.0-255,66,42097,46,193506
8226,0.000418,172.217.194.0-255,1484,43581,46,193506
8227,0.00044,172.217.194.0-255,2853,46434,46,193506
8228,0.000443,172.31.46.0-255,66,46500,46,193506
8229,0.000445,172.217.194.0-255,376,46876,46,193506
8230,0.000651,172.217.194.0-255,1484,48360,46,193506
8231,0.000655,172.31.46.0-255,66,48426,46,193506
8232,0.000671,172.217.194.0-255,2902,51328,46,193506
8233,0.000673,172.31.46.0-255,66,51394,46,193506
8234,0.000676,172.217.194.0-255,1484,52878,46,193506
8235,0.000703,172.217.194.0-255,4320,57198,46,193506
8236,0.000705,172.31.46.0-255,66,57264,46,193506
8237,0.000712,172.217.194.0-255,7156,64420,46,193506
8238,0.000714,172.31.46.0-255,66,64486,46,193506
8239,0.000717,172.217.194.0-255,1484,65970,46,193506
8240,0.000744,172.31.46.0-255,66,66036,46,193506
8241,0.000765,172.217.194.0-255,4320,70356,46,193506
8242,0.000768,172.31.46.0-255,66,70422,46,193506
8243,0.000771,172.217.194.0-255,2184,72606,46,193506
8244,0.000773,172.31.46.0-255,66,72672,46,193506
8245,0.000874,172.217.194.0-255,1484,74156,46,193506
8246,0.000877,172.217.194.0-255,1484,75640,46,193506
8247,0.00088,172.31.46.0-255,66,75706,46,193506
8248,0.0009,172.217.194.0-255,1484,77190,46,193506
8249,0.000907,172.217.194.0-255,5738,82928,46,193506
8250,0.000909,172.31.46.0-255,66,82994,46,193506
8251,0.000912,172.217.194.0-255,2902,85896,46,193506
8252,0.000914,172.31.46.0-255,66,85962,46,193506
8253,0.000936,172.217.194.0-255,5738,91700,46,193506
8254,0.000938,172.31.46.0-255,66,91766,46,193506
8255,0.000952,172.217.194.0-255,4320,96086,46,193506
8256,0.000954,172.31.46.0-255,66,96152,46,193506
8257,0.000959,172.217.194.0-255,5738,101890,46,193506
8258,0.000961,172.31.46.0-255,66,101956,46,193506
8259,0.000983,172.217.194.0-255,2902,104858,46,193506
8260,0.000985,172.31.46.0-255,66,104924,46,193506
8261,0.000989,172.217.194.0-255,2184,107108,46,193506
8262,0.000991,172.31.46.0-255,66,107174,46,193506
8263,0.001014,172.217.194.0-255,2902,110076,46,193506
8264,0.001017,172.31.46.0-255,66,110142,46,193506
8265,0.001033,172.217.194.0-255,5738,115880,46,193506
8266,0.001035,172.31.46.0-255,66,115946,46,193506
8267,0.001057,172.217.194.0-255,1484,117430,46,193506
8268,0.001063,172.217.194.0-255,4320,121750,46,193506
8269,0.001066,172.31.46.0-255,66,121816,46,193506
8270,0.00109,172.217.194.0-255,7156,128972,46,193506
8271,0.001093,172.31.46.0-255,66,129038,46,193506
8272,0.001098,172.217.194.0-255,4320,133358,46,193506
8273,0.0011,172.31.46.0-255,66,133424,46,193506
8274,0.00112,172.31.46.0-255,66,133490,46,193506
8275,0.001609,172.217.194.0-255,1484,134974,46,193506
8276,0.001613,172.217.194.0-255,1484,136458,46,193506
8277,0.001616,172.31.46.0-255,66,136524,46,193506
8278,0.001635,172.217.194.0-255,1484,138008,46,193506
8279,0.001641,172.217.194.0-255,5738,143746,46,193506
8280,0.001644,172.31.46.0-255,66,143812,46,193506
8281,0.00165,172.217.194.0-255,5738,149550,46,193506
8282,0.001651,172.31.46.0-255,66,149616,46,193506
8283,0.001692,172.31.46.0-255,66,149682,46,193506
8284,0.001696,172.217.194.0-255,2902,152584,46,193506
8285,0.001698,172.31.46.0-255,66,152650,46,193506
8286,0.001735,172.31.46.0-255,66,152716,46,193506
8287,0.001747,172.31.46.0-255,66,152782,46,193506
8288,0.001782,172.31.46.0-255,66,152848,46,193506
8289,0.001802,172.217.194.0-255,3602,156450,46,193506
8290,0.001804,172.31.46.0-255,66,156516,46,193506
8291,0.001807,172.217.194.0-255,1484,158000,46,193506
8292,0.001811,172.217.194.0-255,2902,160902,46,193506
8293,0.001813,172.31.46.0-255,66,160968,46,193506
8294,0.001819,172.217.194.0-255,5738,166706,46,193506
8295,0.00182,172.31.46.0-255,66,166772,46,193506
8296,0.001889,172.31.46.0-255,66,166838,46,193506
8297,0.0019,172.31.46.0-255,66,166904,46,193506
8298,0.001921,172.217.194.0-255,4320,171224,46,193506
8299,0.001924,172.31.46.0-255,66,171290,46,193506
8300,0.001962,172.31.46.0-255,66,171356,46,193506
8301,0.001982,172.217.194.0-255,3602,174958,46,193506
8302,0.001984,172.217.194.0-255,1484,176442,46,193506
8303,0.001988,172.31.46.0-255,66,176508,46,193506
8304,0.002022,172.31.46.0-255,66,176574,46,193506
8305,0.002055,172.31.46.0-255,66,176640,46,193506
8306,0.002063,172.217.194.0-255,7156,183796,46,193506
8307,0.002066,172.31.46.0-255,66,183862,46,193506
8308,0.002101,172.31.46.0-255,66,183928,46,193506
8309,0.002127,172.31.46.0-255,66,183994,46,193506
8310,0.002148,172.31.46.0-255,66,184060,46,193506
8311,0.002159,172.31.46.0-255,66,184126,46,193506
8312,0.002162,172.217.194.0-255,105,184231,46,193506
8313,0.003831,172.31.46.0-255,66,184297,46,193506
8314,0.003863,172.31.46.0-255,105,184402,46,193506
8315,0.006536,172.217.194.0-255,66,184468,46,193506
8316,0.033183,172.31.46.0-255,172,184640,46,193506
8317,0.033213,172.31.46.0-255,1118,185758,46,193506
8318,0.033273,172.31.46.0-255,1514,187272,46,193506
8319,0.033274,172.31.46.0-255,1514,188786,46,193506
8320,0.033276,172.31.46.0-255,1514,190300,46,193506
8321,0.033279,172.31.46.0-255,1514,191814,46,193506
8322,0.03328,172.31.46.0-255,1494,193308,46,193506
8323,0.034895,104.244.42.0-255,66,193374,46,193506
8324,0.034906,104.244.42.0-255,66,193440,46,193506
8325,0.034927,104.244.42.0-255,66,193506,46,193506
8326,0.0,74.125.68.0-255,150,150,46,343126
8327,1.3e-05,172.31.46.0-255,66,216,46,343126
8328,2.9e-05,74.125.68.0-255,1484,1700,46,343126
8329,3.3e-05,172.31.46.0-255,66,1766,46,343126
8330,3.6e-05,74.125.68.0-255,1484,3250,46,343126
8331,3.8e-05,172.31.46.0-255,66,3316,46,343126
8332,6e-05,74.125.68.0-255,1484,4800,46,343126
8333,6.2e-05,172.31.46.0-255,66,4866,46,343126
8334,6.9e-05,74.125.68.0-255,5738,10604,46,343126
8335,7.1e-05,172.31.46.0-255,66,10670,46,343126
8336,9.4e-05,74.125.68.0-255,1484,12154,46,343126
8337,9.6e-05,172.31.46.0-255,66,12220,46,343126
8338,0.000109,74.125.68.0-255,2063,14283,46,343126
8339,0.000111,172.31.46.0-255,66,14349,46,343126
8340,0.000157,74.125.68.0-255,1484,15833,46,343126
8341,0.000159,172.31.46.0-255,66,15899,46,343126
8342,0.000164,74.125.68.0-255,2902,18801,46,343126
8343,0.000166,172.31.46.0-255,66,18867,46,343126
8344,0.000176,74.125.68.0-255,1484,20351,46,343126
8345,0.000178,172.31.46.0-255,66,20417,46,343126
8346,0.000195,74.125.68.0-255,4320,24737,46,343126
8347,0.000198,172.31.46.0-255,66,24803,46,343126
8348,0.000203,74.125.68.0-255,5738,30541,46,343126
8349,0.000205,172.31.46.0-255,66,30607,46,343126
8350,0.000229,74.125.68.0-255,1125,31732,46,343126
8351,0.000231,172.31.46.0-255,66,31798,46,343126
8352,0.000236,74.125.68.0-255,2902,34700,46,343126
8353,0.000237,172.31.46.0-255,66,34766,46,343126
8354,0.00024,74.125.68.0-255,1484,36250,46,343126
8355,0.000242,172.31.46.0-255,66,36316,46,343126
8356,0.000254,74.125.68.0-255,2902,39218,46,343126
8357,0.000256,172.31.46.0-255,66,39284,46,343126
8358,0.000261,74.125.68.0-255,2902,42186,46,343126
8359,0.000264,172.31.46.0-255,66,42252,46,343126
8360,0.000285,74.125.68.0-255,5738,47990,46,343126
8361,0.000287,172.31.46.0-255,66,48056,46,343126
8362,0.00029,74.125.68.0-255,1125,49181,46,343126
8363,0.000345,74.125.68.0-255,1484,50665,46,343126
8364,0.000348,172.31.46.0-255,66,50731,46,343126
8365,0.000351,74.125.68.0-255,1484,52215,46,343126
8366,0.000365,74.125.68.0-255,1484,53699,46,343126
8367,0.000367,172.31.46.0-255,66,53765,46,343126
8368,0.000386,74.125.68.0-255,5738,59503,46,343126
8369,0.000388,172.31.46.0-255,66,59569,46,343126
8370,0.000402,74.125.68.0-255,2902,62471,46,343126
8371,0.000403,172.31.46.0-255,66,62537,46,343126
8372,0.00042,74.125.68.0-255,3961,66498,46,343126
8373,0.000422,172.31.46.0-255,66,66564,46,343126
8374,0.000472,74.125.68.0-255,645,67209,46,343126
8375,0.000504,74.125.68.0-255,1484,68693,46,343126
8376,0.000507,172.31.46.0-255,66,68759,46,343126
8377,0.000523,74.125.68.0-255,4320,73079,46,343126
8378,0.000526,172.31.46.0-255,66,73145,46,343126
8379,0.000528,74.125.68.0-255,1484,74629,46,343126
8380,0.000551,74.125.68.0-255,1484,76113,46,343126
8381,0.000554,172.31.46.0-255,66,76179,46,343126
8382,0.000559,74.125.68.0-255,4320,80499,46,343126
8383,0.000561,172.31.46.0-255,66,80565,46,343126
8384,0.000564,74.125.68.0-255,1484,82049,46,343126
8385,0.000584,74.125.68.0-255,7156,89205,46,343126
8386,0.000587,172.31.46.0-255,66,89271,46,343126
8387,0.000613,172.31.46.0-255,66,89337,46,343126
8388,0.000637,74.125.68.0-255,2184,91521,46,343126
8389,0.00064,172.31.46.0-255,66,91587,46,343126
8390,0.000881,74.125.68.0-255,1484,93071,46,343126
8391,0.000898,74.125.68.0-255,1484,94555,46,343126
8392,0.000901,172.31.46.0-255,66,94621,46,343126
8393,0.000907,74.125.68.0-255,2902,97523,46,343126
8394,0.000909,172.31.46.0-255,66,97589,46,343126
8395,0.000915,74.125.68.0-255,4320,101909,46,343126
8396,0.000917,172.31.46.0-255,66,101975,46,343126
8397,0.000931,74.125.68.0-255,1484,103459,46,343126
8398,0.000942,74.125.68.0-255,1484,104943,46,343126
8399,0.000944,172.31.46.0-255,66,105009,46,343126
8400,0.000967,74.125.68.0-255,7156,112165,46,343126
8401,0.000969,172.31.46.0-255,66,112231,46,343126
8402,0.000976,74.125.68.0-255,5738,117969,46,343126
8403,0.000979,172.31.46.0-255,66,118035,46,343126
8404,0.001003,74.125.68.0-255,4320,122355,46,343126
8405,0.001007,172.31.46.0-255,66,122421,46,343126
8406,0.001012,74.125.68.0-255,3602,126023,46,343126
8407,0.001014,172.31.46.0-255,66,126089,46,343126
8408,0.001095,74.125.68.0-255,1484,127573,46,343126
8409,0.001121,74.125.68.0-255,2902,130475,46,343126
8410,0.001127,74.125.68.0-255,5738,136213,46,343126
8411,0.001131,172.31.46.0-255,66,136279,46,343126
8412,0.001135,172.31.46.0-255,66,136345,46,343126
8413,0.001144,74.125.68.0-255,2902,139247,46,343126
8414,0.001146,172.31.46.0-255,66,139313,46,343126
8415,0.001176,74.125.68.0-255,4320,143633,46,343126
8416,0.001179,172.31.46.0-255,66,143699,46,343126
8417,0.001189,172.31.46.0-255,66,143765,46,343126
8418,0.001192,74.125.68.0-255,1484,145249,46,343126
8419,0.001208,74.125.68.0-255,2902,148151,46,343126
8420,0.001211,172.31.46.0-255,66,148217,46,343126
8421,0.001265,74.125.68.0-255,3602,151819,46,343126
8422,0.001267,172.31.46.0-255,66,151885,46,343126
8423,0.001331,74.125.68.0-255,1484,153369,46,343126
8424,0.001349,74.125.68.0-255,2902,156271,46,343126
8425,0.001352,172.31.46.0-255,66,156337,46,343126
8426,0.001357,74.125.68.0-255,4320,160657,46,343126
8427,0.001359,172.31.46.0-255,66,160723,46,343126
8428,0.001374,74.125.68.0-255,2902,163625,46,343126
8429,0.001377,172.31.46.0-255,66,163691,46,343126
8430,0.001403,74.125.68.0-255,5738,169429,46,343126
8431,0.001406,172.31.46.0-255,66,169495,46,343126
8432,0.001412,74.125.68.0-255,5738,175233,46,343126
8433,0.001414,172.31.46.0-255,66,175299,46,343126
8434,0.001421,74.125.68.0-255,5738,181037,46,343126
8435,0.001424,172.31.46.0-255,66,181103,46,343126
8436,0.001446,74.125.68.0-255,1484,182587,46,343126
8437,0.001453,74.125.68.0-255,3602,186189,46,343126
8438,0.001455,172.31.46.0-255,66,186255,46,343126
8439,0.001575,74.125.68.0-255,1484,187739,46,343126
8440,0.001581,74.125.68.0-255,2902,190641,46,343126
8441,0.001583,172.31.46.0-255,66,190707,46,343126
8442,0.001587,74.125.68.0-255,1484,192191,46,343126
8443,0.001608,74.125.68.0-255,4320,196511,46,343126
8444,0.00161,172.31.46.0-255,66,196577,46,343126
8445,0.001615,74.125.68.0-255,2902,199479,46,343126
8446,0.001617,172.31.46.0-255,66,199545,46,343126
8447,0.001622,74.125.68.0-255,2902,202447,46,343126
8448,0.001624,172.31.46.0-255,66,202513,46,343126
8449,0.00165,74.125.68.0-255,1484,203997,46,343126
8450,0.001661,172.31.46.0-255,66,204063,46,343126
8451,0.001668,74.125.68.0-255,5738,209801,46,343126
8452,0.00167,172.31.46.0-255,66,209867,46,343126
8453,0.001684,74.125.68.0-255,1484,211351,46,343126
8454,0.001689,74.125.68.0-255,4320,215671,46,343126
8455,0.001691,172.31.46.0-255,66,215737,46,343126
8456,0.001715,74.125.68.0-255,3602,219339,46,343126
8457,0.001717,172.31.46.0-255,66,219405,46,343126
8458,0.001729,74.125.68.0-255,5738,225143,46,343126
8459,0.001732,172.31.46.0-255,66,225209,46,343126
8460,0.001739,74.125.68.0-255,7156,232365,46,343126
8461,0.001741,172.31.46.0-255,66,232431,46,343126
8462,0.001772,172.31.46.0-255,66,232497,46,343126
8463,0.001794,74.125.68.0-255,3602,236099,46,343126
8464,0.001797,172.31.46.0-255,66,236165,46,343126
8465,0.001862,74.125.68.0-255,1484,237649,46,343126
8466,0.001868,74.125.68.0-255,2902,240551,46,343126
8467,0.001871,172.31.46.0-255,66,240617,46,343126
8468,0.001891,74.125.68.0-255,5738,246355,46,343126
8469,0.001894,172.31.46.0-255,66,246421,46,343126
8470,0.001919,74.125.68.0-255,1484,247905,46,343126
8471,0.001944,74.125.68.0-255,7156,255061,46,343126
8472,0.001946,172.31.46.0-255,66,255127,46,343126
8473,0.001954,74.125.68.0-255,7156,262283,46,343126
8474,0.001957,172.31.46.0-255,66,262349,46,343126
8475,0.001971,74.125.68.0-255,2902,265251,46,343126
8476,0.001975,172.31.46.0-255,66,265317,46,343126
8477,0.001986,74.125.68.0-255,5020,270337,46,343126
8478,0.001988,172.31.46.0-255,66,270403,46,343126
8479,0.002064,74.125.68.0-255,1484,271887,46,343126
8480,0.002078,74.125.68.0-255,2902,274789,46,343126
8481,0.002081,172.31.46.0-255,66,274855,46,343126
8482,0.002119,74.125.68.0-255,2902,277757,46,343126
8483,0.002122,172.31.46.0-255,66,277823,46,343126
8484,0.002126,74.125.68.0-255,1484,279307,46,343126
8485,0.002139,74.125.68.0-255,2902,282209,46,343126
8486,0.002142,172.31.46.0-255,66,282275,46,343126
8487,0.002165,74.125.68.0-255,4320,286595,46,343126
8488,0.002167,172.31.46.0-255,66,286661,46,343126
8489,0.002189,74.125.68.0-255,4320,290981,46,343126
8490,0.002192,172.31.46.0-255,66,291047,46,343126
8491,0.002197,74.125.68.0-255,4320,295367,46,343126
8492,0.002199,172.31.46.0-255,66,295433,46,343126
8493,0.002214,74.125.68.0-255,2902,298335,46,343126
8494,0.002216,172.31.46.0-255,66,298401,46,343126
8495,0.002289,74.125.68.0-255,2902,301303,46,343126
8496,0.002299,172.31.46.0-255,66,301369,46,343126
8497,0.002316,74.125.68.0-255,5738,307107,46,343126
8498,0.002322,74.125.68.0-255,6438,313545,46,343126
8499,0.00783,172.31.46.0-255,66,313611,46,343126
8500,0.007836,172.31.46.0-255,66,313677,46,343126
8501,0.007839,172.31.46.0-255,66,313743,46,343126
8502,0.007842,172.31.46.0-255,66,313809,46,343126
8503,0.010141,74.125.68.0-255,5738,319547,46,343126
8504,0.010147,172.31.46.0-255,66,319613,46,343126
8505,0.012424,74.125.68.0-255,5738,325351,46,343126
8506,0.012432,172.31.46.0-255,66,325417,46,343126
8507,0.014699,74.125.68.0-255,5738,331155,46,343126
8508,0.014707,172.31.46.0-255,66,331221,46,343126
8509,0.01698,74.125.68.0-255,2456,333677,46,343126
8510,0.016988,172.31.46.0-255,66,333743,46,343126
8511,0.01888,172.31.46.0-255,105,333848,46,343126
8512,0.021111,74.125.68.0-255,66,333914,46,343126
8513,0.034936,172.31.46.0-255,172,334086,46,343126
8514,0.034973,172.31.46.0-255,1114,335200,46,343126
8515,0.035038,172.31.46.0-255,1514,336714,46,343126
8516,0.03504,172.31.46.0-255,1514,338228,46,343126
8517,0.035041,172.31.46.0-255,1514,339742,46,343126
8518,0.035042,172.31.46.0-255,1514,341256,46,343126
8519,0.035068,172.31.46.0-255,1498,342754,46,343126
8520,0.036471,104.244.42.0-255,66,342820,46,343126
8521,0.036534,104.244.42.0-255,66,342886,46,343126
8522,0.036628,104.244.42.0-255,66,342952,46,343126
8523,0.037405,104.244.42.0-255,108,343060,46,343126
8524,0.037415,172.31.46.0-255,66,343126,46,343126
8525,0.0,74.125.130.0-255,146,146,46,222276
8526,1.3e-05,172.31.46.0-255,66,212,46,222276
8527,3.6e-05,74.125.130.0-255,1484,1696,46,222276
8528,4e-05,172.31.46.0-255,66,1762,46,222276
8529,7e-05,74.125.130.0-255,2902,4664,46,222276
8530,7.2e-05,172.31.46.0-255,66,4730,46,222276
8531,0.000105,74.125.130.0-255,1484,6214,46,222276
8532,0.000108,172.31.46.0-255,66,6280,46,222276
8533,0.000123,74.125.130.0-255,1484,7764,46,222276
8534,0.000125,172.31.46.0-255,66,7830,46,222276
8535,0.000142,74.125.130.0-255,2902,10732,46,222276
8536,0.000144,172.31.46.0-255,66,10798,46,222276
8537,0.000154,74.125.130.0-255,1484,12282,46,222276
8538,0.000157,172.31.46.0-255,66,12348,46,222276
8539,0.000222,74.125.130.0-255,3461,15809,46,222276
8540,0.000225,172.31.46.0-255,66,15875,46,222276
8541,0.000288,74.125.130.0-255,1484,17359,46,222276
8542,0.00029,172.31.46.0-255,66,17425,46,222276
8543,0.000316,172.31.46.0-255,66,17491,46,222276
8544,0.000477,74.125.130.0-255,2902,20393,46,222276
8545,0.000481,172.31.46.0-255,66,20459,46,222276
8546,0.000515,74.125.130.0-255,2543,23002,46,222276
8547,0.000517,172.31.46.0-255,66,23068,46,222276
8548,0.000567,74.125.130.0-255,1484,24552,46,222276
8549,0.00057,172.31.46.0-255,66,24618,46,222276
8550,0.000592,74.125.130.0-255,5738,30356,46,222276
8551,0.000595,172.31.46.0-255,66,30422,46,222276
8552,0.000696,74.125.130.0-255,1484,31906,46,222276
8553,0.000699,172.31.46.0-255,66,31972,46,222276
8554,0.00073,172.31.46.0-255,66,32038,46,222276
8555,0.000741,74.125.130.0-255,1125,33163,46,222276
8556,0.000869,172.31.46.0-255,66,33229,46,222276
8557,0.00098,74.125.130.0-255,5738,38967,46,222276
8558,0.001001,74.125.130.0-255,5629,44596,46,222276
8559,0.00115,74.125.130.0-255,119,44715,46,222276
8560,0.001174,74.125.130.0-255,1484,46199,46,222276
8561,0.001188,74.125.130.0-255,1484,47683,46,222276
8562,0.001204,74.125.130.0-255,5738,53421,46,222276
8563,0.001215,74.125.130.0-255,4320,57741,46,222276
8564,0.001416,74.125.130.0-255,1484,59225,46,222276
8565,0.001428,74.125.130.0-255,2902,62127,46,222276
8566,0.001496,74.125.130.0-255,2902,65029,46,222276
8567,0.001879,74.125.130.0-255,4320,69349,46,222276
8568,0.001958,74.125.130.0-255,5738,75087,46,222276
8569,0.002528,74.125.130.0-255,1484,76571,46,222276
8570,0.003125,74.125.130.0-255,7156,83727,46,222276
8571,0.003176,74.125.130.0-255,5738,89465,46,222276
8572,0.003197,74.125.130.0-255,3602,93067,46,222276
8573,0.003629,74.125.130.0-255,1484,94551,46,222276
8574,0.003641,74.125.130.0-255,2902,97453,46,222276
8575,0.003684,74.125.130.0-255,4320,101773,46,222276
8576,0.0037,74.125.130.0-255,7156,108929,46,222276
8577,0.003713,74.125.130.0-255,5738,114667,46,222276
8578,0.003729,74.125.130.0-255,5738,120405,46,222276
8579,0.00374,74.125.130.0-255,2902,123307,46,222276
8580,0.003748,74.125.130.0-255,1484,124791,46,222276
8581,0.003759,74.125.130.0-255,2902,127693,46,222276
8582,0.00377,74.125.130.0-255,4320,132013,46,222276
8583,0.003783,74.125.130.0-255,4320,136333,46,222276
8584,0.005483,172.31.46.0-255,66,136399,46,222276
8585,0.007962,74.125.130.0-255,5738,142137,46,222276
8586,0.007969,172.31.46.0-255,66,142203,46,222276
8587,0.010466,74.125.130.0-255,1484,143687,46,222276
8588,0.01049,74.125.130.0-255,4320,148007,46,222276
8589,0.010495,172.31.46.0-255,66,148073,46,222276
8590,0.012963,74.125.130.0-255,5738,153811,46,222276
8591,0.013577,172.31.46.0-255,66,153877,46,222276
8592,0.01605,74.125.130.0-255,5738,159615,46,222276
8593,0.016062,172.31.46.0-255,66,159681,46,222276
8594,0.018527,74.125.130.0-255,2902,162583,46,222276
8595,0.018534,172.31.46.0-255,66,162649,46,222276
8596,0.018558,74.125.130.0-255,2902,165551,46,222276
8597,0.018578,172.31.46.0-255,66,165617,46,222276
8598,0.021033,74.125.130.0-255,2902,168519,46,222276
8599,0.02104,172.31.46.0-255,66,168585,46,222276
8600,0.02106,74.125.130.0-255,2902,171487,46,222276
8601,0.021093,172.31.46.0-255,66,171553,46,222276
8602,0.023503,74.125.130.0-255,2902,174455,46,222276
8603,0.023508,172.31.46.0-255,66,174521,46,222276
8604,0.023549,74.125.130.0-255,2902,177423,46,222276
8605,0.023555,172.31.46.0-255,66,177489,46,222276
8606,0.025981,74.125.130.0-255,2902,180391,46,222276
8607,0.02599,172.31.46.0-255,66,180457,46,222276
8608,0.026009,74.125.130.0-255,1484,181941,46,222276
8609,0.026032,74.125.130.0-255,1484,183425,46,222276
8610,0.026086,172.31.46.0-255,66,183491,46,222276
8611,0.028466,74.125.130.0-255,2902,186393,46,222276
8612,0.028474,172.31.46.0-255,66,186459,46,222276
8613,0.028536,74.125.130.0-255,2902,189361,46,222276
8614,0.028568,172.31.46.0-255,66,189427,46,222276
8615,0.030932,74.125.130.0-255,2902,192329,46,222276
8616,0.030939,172.31.46.0-255,66,192395,46,222276
8617,0.03106,74.125.130.0-255,2902,195297,46,222276
8618,0.031065,172.31.46.0-255,66,195363,46,222276
8619,0.032951,172.31.46.0-255,172,195535,46,222276
8620,0.032984,172.31.46.0-255,1118,196653,46,222276
8621,0.033047,172.31.46.0-255,1514,198167,46,222276
8622,0.033049,172.31.46.0-255,1514,199681,46,222276
8623,0.033054,172.31.46.0-255,1514,201195,46,222276
8624,0.033055,172.31.46.0-255,1514,202709,46,222276
8625,0.033073,172.31.46.0-255,1495,204204,46,222276
8626,0.033408,74.125.130.0-255,2902,207106,46,222276
8627,0.033415,172.31.46.0-255,66,207172,46,222276
8628,0.033517,74.125.130.0-255,2902,210074,46,222276
8629,0.033535,172.31.46.0-255,66,210140,46,222276
8630,0.03462,104.244.42.0-255,66,210206,46,222276
8631,0.034729,104.244.42.0-255,66,210272,46,222276
8632,0.034734,104.244.42.0-255,66,210338,46,222276
8633,0.03588,74.125.130.0-255,2902,213240,46,222276
8634,0.035886,172.31.46.0-255,66,213306,46,222276
8635,0.03601,74.125.130.0-255,1484,214790,46,222276
8636,0.036028,74.125.130.0-255,1484,216274,46,222276
8637,0.036032,172.31.46.0-255,66,216340,46,222276
8638,0.038347,74.125.130.0-255,2902,219242,46,222276
8639,0.038353,172.31.46.0-255,66,219308,46,222276
8640,0.038483,74.125.130.0-255,2902,222210,46,222276
8641,0.038487,172.31.46.0-255,66,222276,46,222276
8642,0.0,172.217.194.0-255,146,146,46,288757
8643,2.2e-05,172.31.46.0-255,66,212,46,288757
8644,2.8e-05,172.217.194.0-255,1484,1696,46,288757
8645,3.2e-05,172.31.46.0-255,66,1762,46,288757
8646,3.7e-05,172.217.194.0-255,2902,4664,46,288757
8647,3.9e-05,172.31.46.0-255,66,4730,46,288757
8648,4.5e-05,172.217.194.0-255,5738,10468,46,288757
8649,4.8e-05,172.31.46.0-255,66,10534,46,288757
8650,8.2e-05,172.217.194.0-255,1484,12018,46,288757
8651,8.5e-05,172.31.46.0-255,66,12084,46,288757
8652,0.000116,172.31.46.0-255,66,12150,46,288757
8653,0.000126,172.31.46.0-255,66,12216,46,288757
8654,0.000157,172.217.194.0-255,4320,16536,46,288757
8655,0.000159,172.31.46.0-255,66,16602,46,288757
8656,0.000187,172.31.46.0-255,66,16668,46,288757
8657,0.000319,172.217.194.0-255,1484,18152,46,288757
8658,0.000322,172.31.46.0-255,66,18218,46,288757
8659,0.000327,172.217.194.0-255,2902,21120,46,288757
8660,0.000329,172.31.46.0-255,66,21186,46,288757
8661,0.000351,172.217.194.0-255,1484,22670,46,288757
8662,0.000353,172.31.46.0-255,66,22736,46,288757
8663,0.000378,172.217.194.0-255,4320,27056,46,288757
8664,0.00038,172.31.46.0-255,66,27122,46,288757
8665,0.000386,172.217.194.0-255,6797,33919,46,288757
8666,0.000388,172.31.46.0-255,66,33985,46,288757
8667,0.000508,172.217.194.0-255,1484,35469,46,288757
8668,0.000511,172.31.46.0-255,66,35535,46,288757
8669,0.000516,172.217.194.0-255,2902,38437,46,288757
8670,0.000519,172.31.46.0-255,66,38503,46,288757
8671,0.000523,172.217.194.0-255,4320,42823,46,288757
8672,0.000532,172.31.46.0-255,66,42889,46,288757
8673,0.000546,172.217.194.0-255,1484,44373,46,288757
8674,0.00055,172.217.194.0-255,2902,47275,46,288757
8675,0.00056,172.31.46.0-255,66,47341,46,288757
8676,0.000581,172.217.194.0-255,1484,48825,46,288757
8677,0.00059,172.31.46.0-255,66,48891,46,288757
8678,0.000612,172.217.194.0-255,286,49177,46,288757
8679,0.000623,172.31.46.0-255,66,49243,46,288757
8680,0.000649,172.217.194.0-255,1484,50727,46,288757
8681,0.000662,172.217.194.0-255,2902,53629,46,288757
8682,0.000664,172.217.194.0-255,1484,55113,46,288757
8683,0.00067,172.31.46.0-255,66,55179,46,288757
8684,0.000678,172.217.194.0-255,4320,59499,46,288757
8685,0.000687,172.31.46.0-255,66,59565,46,288757
8686,0.000712,172.217.194.0-255,1484,61049,46,288757
8687,0.000732,172.217.194.0-255,4817,65866,46,288757
8688,0.000736,172.31.46.0-255,66,65932,46,288757
8689,0.000999,172.217.194.0-255,1484,67416,46,288757
8690,0.001003,172.217.194.0-255,1484,68900,46,288757
8691,0.001006,172.31.46.0-255,66,68966,46,288757
8692,0.001026,172.217.194.0-255,1484,70450,46,288757
8693,0.001031,172.217.194.0-255,4320,74770,46,288757
8694,0.001036,172.217.194.0-255,4320,79090,46,288757
8695,0.001046,172.217.194.0-255,1484,80574,46,288757
8696,0.001053,172.217.194.0-255,7156,87730,46,288757
8697,0.001059,172.31.46.0-255,66,87796,46,288757
8698,0.001076,172.217.194.0-255,4320,92116,46,288757
8699,0.001083,172.217.194.0-255,7156,99272,46,288757
8700,0.001087,172.31.46.0-255,66,99338,46,288757
8701,0.001099,172.217.194.0-255,766,100104,46,288757
8702,0.001137,172.217.194.0-255,7156,107260,46,288757
8703,0.001154,172.31.46.0-255,66,107326,46,288757
8704,0.001161,172.217.194.0-255,5738,113064,46,288757
8705,0.001164,172.217.194.0-255,2902,115966,46,288757
8706,0.001168,172.31.46.0-255,66,116032,46,288757
8707,0.001194,172.217.194.0-255,6438,122470,46,288757
8708,0.001201,172.31.46.0-255,66,122536,46,288757
8709,0.001231,172.217.194.0-255,2902,125438,46,288757
8710,0.001236,172.31.46.0-255,66,125504,46,288757
8711,0.001275,172.217.194.0-255,4320,129824,46,288757
8712,0.001281,172.31.46.0-255,66,129890,46,288757
8713,0.001291,172.217.194.0-255,1484,131374,46,288757
8714,0.001304,172.217.194.0-255,5020,136394,46,288757
8715,0.001315,172.31.46.0-255,66,136460,46,288757
8716,0.001406,172.217.194.0-255,1484,137944,46,288757
8717,0.001411,172.217.194.0-255,2902,140846,46,288757
8718,0.001417,172.31.46.0-255,66,140912,46,288757
8719,0.001436,172.217.194.0-255,5738,146650,46,288757
8720,0.00148,172.217.194.0-255,7156,153806,46,288757
8721,0.001494,172.217.194.0-255,2902,156708,46,288757
8722,0.001499,172.31.46.0-255,66,156774,46,288757
8723,0.001507,172.217.194.0-255,2902,159676,46,288757
8724,0.001512,172.31.46.0-255,66,159742,46,288757
8725,0.001529,172.217.194.0-255,7156,166898,46,288757
8726,0.001541,172.217.194.0-255,3602,170500,46,288757
8727,0.001543,172.31.46.0-255,66,170566,46,288757
8728,0.001547,172.31.46.0-255,66,170632,46,288757
8729,0.001887,172.217.194.0-255,1484,172116,46,288757
8730,0.001905,172.217.194.0-255,2902,175018,46,288757
8731,0.001908,172.31.46.0-255,66,175084,46,288757
8732,0.001912,172.217.194.0-255,1484,176568,46,288757
8733,0.001939,172.217.194.0-255,4320,180888,46,288757
8734,0.001942,172.217.194.0-255,1484,182372,46,288757
8735,0.001977,172.217.194.0-255,5738,188110,46,288757
8736,0.00203,172.217.194.0-255,5020,193130,46,288757
8737,0.002168,172.217.194.0-255,1484,194614,46,288757
8738,0.002182,172.217.194.0-255,2902,197516,46,288757
8739,0.002201,172.217.194.0-255,5738,203254,46,288757
8740,0.002203,172.217.194.0-255,1484,204738,46,288757
8741,0.002227,172.217.194.0-255,4320,209058,46,288757
8742,0.002234,172.217.194.0-255,7156,216214,46,288757
8743,0.002255,172.217.194.0-255,5738,221952,46,288757
8744,0.002258,172.217.194.0-255,1484,223436,46,288757
8745,0.002276,172.217.194.0-255,5020,228456,46,288757
8746,0.002282,172.217.194.0-255,5738,234194,46,288757
8747,0.002292,172.217.194.0-255,1484,235678,46,288757
8748,0.002302,172.217.194.0-255,1484,237162,46,288757
8749,0.002352,172.217.194.0-255,2902,240064,46,288757
8750,0.002367,172.217.194.0-255,2902,242966,46,288757
8751,0.002385,172.217.194.0-255,2902,245868,46,288757
8752,0.002389,172.217.194.0-255,2902,248770,46,288757
8753,0.002408,172.217.194.0-255,4320,253090,46,288757
8754,0.002415,172.217.194.0-255,7156,260246,46,288757
8755,0.002431,172.217.194.0-255,4320,264566,46,288757
8756,0.00516,172.31.46.0-255,66,264632,46,288757
8757,0.007604,172.217.194.0-255,5738,270370,46,288757
8758,0.00761,172.31.46.0-255,66,270436,46,288757
8759,0.01002,172.217.194.0-255,5738,276174,46,288757
8760,0.010027,172.31.46.0-255,66,276240,46,288757
8761,0.012423,172.217.194.0-255,3241,279481,46,288757
8762,0.014002,172.31.46.0-255,66,279547,46,288757
8763,0.014195,172.31.46.0-255,105,279652,46,288757
8764,0.016579,172.217.194.0-255,66,279718,46,288757
8765,0.032915,172.31.46.0-255,172,279890,46,288757
8766,0.032949,172.31.46.0-255,1118,281008,46,288757
8767,0.033021,172.31.46.0-255,1514,282522,46,288757
8768,0.033023,172.31.46.0-255,1514,284036,46,288757
8769,0.033028,172.31.46.0-255,1514,285550,46,288757
8770,0.033029,172.31.46.0-255,1514,287064,46,288757
8771,0.033046,172.31.46.0-255,1495,288559,46,288757
8772,0.034551,104.244.42.0-255,66,288625,46,288757
8773,0.034606,104.244.42.0-255,66,288691,46,288757
8774,0.034745,104.244.42.0-255,66,288757,46,288757
8775,0.0,74.125.24.0-255,298,298,46,187357
8776,1.2e-05,172.31.46.0-255,66,364,46,187357
8777,1.8e-05,74.125.24.0-255,1484,1848,46,187357
8778,2.2e-05,172.31.46.0-255,66,1914,46,187357
8779,4e-05,74.125.24.0-255,1484,3398,46,187357
8780,4.2e-05,172.31.46.0-255,66,3464,46,187357
8781,5.4e-05,74.125.24.0-255,2902,6366,46,187357
8782,5.7e-05,172.31.46.0-255,66,6432,46,187357
8783,6e-05,74.125.24.0-255,1484,7916,46,187357
8784,6.2e-05,172.31.46.0-255,66,7982,46,187357
8785,8.5e-05,74.125.24.0-255,4320,12302,46,187357
8786,8.7e-05,172.31.46.0-255,66,12368,46,187357
8787,9.6e-05,172.31.46.0-255,66,12434,46,187357
8788,0.000134,74.125.24.0-255,5738,18172,46,187357
8789,0.000136,172.31.46.0-255,66,18238,46,187357
8790,0.000156,74.125.24.0-255,5379,23617,46,187357
8791,0.000159,172.31.46.0-255,66,23683,46,187357
8792,0.000184,74.125.24.0-255,1484,25167,46,187357
8793,0.000186,172.31.46.0-255,66,25233,46,187357
8794,0.000201,74.125.24.0-255,2902,28135,46,187357
8795,0.000203,172.31.46.0-255,66,28201,46,187357
8796,0.000206,74.125.24.0-255,1484,29685,46,187357
8797,0.000208,172.31.46.0-255,66,29751,46,187357
8798,0.000229,74.125.24.0-255,4320,34071,46,187357
8799,0.000232,172.31.46.0-255,66,34137,46,187357
8800,0.000237,74.125.24.0-255,5738,39875,46,187357
8801,0.000239,172.31.46.0-255,66,39941,46,187357
8802,0.000256,74.125.24.0-255,1125,41066,46,187357
8803,0.000258,172.31.46.0-255,66,41132,46,187357
8804,0.000274,74.125.24.0-255,1484,42616,46,187357
8805,0.000275,172.31.46.0-255,66,42682,46,187357
8806,0.000294,74.125.24.0-255,5738,48420,46,187357
8807,0.000297,172.31.46.0-255,66,48486,46,187357
8808,0.000302,74.125.24.0-255,5738,54224,46,187357
8809,0.000304,172.31.46.0-255,66,54290,46,187357
8810,0.000341,74.125.24.0-255,4296,58586,46,187357
8811,0.000343,172.31.46.0-255,66,58652,46,187357
8812,0.000398,74.125.24.0-255,110,58762,46,187357
8813,0.000507,74.125.24.0-255,330,59092,46,187357
8814,0.000834,74.125.24.0-255,1484,60576,46,187357
8815,0.000838,172.31.46.0-255,66,60642,46,187357
8816,0.000843,74.125.24.0-255,2902,63544,46,187357
8817,0.000845,172.31.46.0-255,66,63610,46,187357
8818,0.000885,74.125.24.0-255,5738,69348,46,187357
8819,0.000888,172.31.46.0-255,66,69414,46,187357
8820,0.0009,172.31.46.0-255,66,69480,46,187357
8821,0.000948,172.31.46.0-255,66,69546,46,187357
8822,0.001365,74.125.24.0-255,1484,71030,46,187357
8823,0.001375,74.125.24.0-255,2902,73932,46,187357
8824,0.001379,172.31.46.0-255,66,73998,46,187357
8825,0.001384,74.125.24.0-255,1484,75482,46,187357
8826,0.001403,74.125.24.0-255,4320,79802,46,187357
8827,0.001405,172.31.46.0-255,66,79868,46,187357
8828,0.001411,74.125.24.0-255,5738,85606,46,187357
8829,0.001413,172.31.46.0-255,66,85672,46,187357
8830,0.001446,172.31.46.0-255,66,85738,46,187357
8831,0.001449,74.125.24.0-255,1484,87222,46,187357
8832,0.001485,74.125.24.0-255,3602,90824,46,187357
8833,0.001488,172.31.46.0-255,66,90890,46,187357
8834,0.001516,172.31.46.0-255,66,90956,46,187357
8835,0.001546,74.125.24.0-255,4320,95276,46,187357
8836,0.001549,172.31.46.0-255,66,95342,46,187357
8837,0.001564,172.31.46.0-255,66,95408,46,187357
8838,0.001569,74.125.24.0-255,3602,99010,46,187357
8839,0.001572,172.31.46.0-255,66,99076,46,187357
8840,0.001678,74.125.24.0-255,1484,100560,46,187357
8841,0.001701,74.125.24.0-255,2902,103462,46,187357
8842,0.001705,172.31.46.0-255,66,103528,46,187357
8843,0.001711,74.125.24.0-255,4320,107848,46,187357
8844,0.001714,172.31.46.0-255,66,107914,46,187357
8845,0.001738,74.125.24.0-255,1484,109398,46,187357
8846,0.001751,172.31.46.0-255,66,109464,46,187357
8847,0.001754,74.125.24.0-255,1484,110948,46,187357
8848,0.001782,172.31.46.0-255,66,111014,46,187357
8849,0.001876,74.125.24.0-255,1484,112498,46,187357
8850,0.001883,74.125.24.0-255,2902,115400,46,187357
8851,0.001887,172.31.46.0-255,66,115466,46,187357
8852,0.001892,74.125.24.0-255,2902,118368,46,187357
8853,0.001894,172.31.46.0-255,66,118434,46,187357
8854,0.001909,74.125.24.0-255,2902,121336,46,187357
8855,0.001912,172.31.46.0-255,66,121402,46,187357
8856,0.001918,74.125.24.0-255,4320,125722,46,187357
8857,0.00192,172.31.46.0-255,66,125788,46,187357
8858,0.001946,74.125.24.0-255,2902,128690,46,187357
8859,0.001949,172.31.46.0-255,66,128756,46,187357
8860,0.001954,74.125.24.0-255,2902,131658,46,187357
8861,0.001956,172.31.46.0-255,66,131724,46,187357
8862,0.001981,172.31.46.0-255,66,131790,46,187357
8863,0.001986,74.125.24.0-255,2184,133974,46,187357
8864,0.001988,172.31.46.0-255,66,134040,46,187357
8865,0.002008,74.125.24.0-255,4320,138360,46,187357
8866,0.002011,172.31.46.0-255,66,138426,46,187357
8867,0.002039,74.125.24.0-255,2902,141328,46,187357
8868,0.002043,172.31.46.0-255,66,141394,46,187357
8869,0.002059,172.31.46.0-255,66,141460,46,187357
8870,0.002063,74.125.24.0-255,2902,144362,46,187357
8871,0.002066,172.31.46.0-255,66,144428,46,187357
8872,0.002112,172.31.46.0-255,66,144494,46,187357
8873,0.002114,74.125.24.0-255,766,145260,46,187357
8874,0.002145,74.125.24.0-255,1484,146744,46,187357
8875,0.002148,172.31.46.0-255,66,146810,46,187357
8876,0.002152,74.125.24.0-255,2902,149712,46,187357
8877,0.002154,172.31.46.0-255,66,149778,46,187357
8878,0.002205,74.125.24.0-255,4320,154098,46,187357
8879,0.002208,172.31.46.0-255,66,154164,46,187357
8880,0.002219,172.31.46.0-255,66,154230,46,187357
8881,0.002225,74.125.24.0-255,5738,159968,46,187357
8882,0.002227,172.31.46.0-255,66,160034,46,187357
8883,0.002256,172.31.46.0-255,66,160100,46,187357
8884,0.002273,74.125.24.0-255,7156,167256,46,187357
8885,0.002276,172.31.46.0-255,66,167322,46,187357
8886,0.002304,172.31.46.0-255,66,167388,46,187357
8887,0.002327,74.125.24.0-255,5738,173126,46,187357
8888,0.00233,172.31.46.0-255,66,173192,46,187357
8889,0.002362,172.31.46.0-255,66,173258,46,187357
8890,0.002373,172.31.46.0-255,66,173324,46,187357
8891,0.002397,172.31.46.0-255,66,173390,46,187357
8892,0.002411,172.31.46.0-255,66,173456,46,187357
8893,0.002436,74.125.24.0-255,4320,177776,46,187357
8894,0.002439,172.31.46.0-255,66,177842,46,187357
8895,0.002469,172.31.46.0-255,66,177908,46,187357
8896,0.002498,172.31.46.0-255,66,177974,46,187357
8897,0.004926,74.125.24.0-255,105,178079,46,187357
8898,0.006421,172.31.46.0-255,66,178145,46,187357
8899,0.006469,172.31.46.0-255,105,178250,46,187357
8900,0.008915,74.125.24.0-255,66,178316,46,187357
8901,0.033577,172.31.46.0-255,172,178488,46,187357
8902,0.033602,172.31.46.0-255,1118,179606,46,187357
8903,0.033656,172.31.46.0-255,1514,181120,46,187357
8904,0.033657,172.31.46.0-255,1514,182634,46,187357
8905,0.033658,172.31.46.0-255,1514,184148,46,187357
8906,0.033662,172.31.46.0-255,1514,185662,46,187357
8907,0.033664,172.31.46.0-255,1497,187159,46,187357
8908,0.035191,104.244.42.0-255,66,187225,46,187357
8909,0.035222,104.244.42.0-255,66,187291,46,187357
8910,0.035301,104.244.42.0-255,66,187357,46,187357
8911,0.0,74.125.68.0-255,153,153,46,249023
8912,1.6e-05,172.31.46.0-255,66,219,46,249023
8913,2.2e-05,74.125.68.0-255,1484,1703,46,249023
8914,2.8e-05,172.31.46.0-255,66,1769,46,249023
8915,3.1e-05,74.125.68.0-255,1484,3253,46,249023
8916,3.4e-05,172.31.46.0-255,66,3319,46,249023
8917,4.7e-05,74.125.68.0-255,2902,6221,46,249023
8918,5.1e-05,172.31.46.0-255,66,6287,46,249023
8919,5.4e-05,74.125.68.0-255,1484,7771,46,249023
8920,5.6e-05,172.31.46.0-255,66,7837,46,249023
8921,8.2e-05,74.125.68.0-255,4320,12157,46,249023
8922,9.1e-05,172.31.46.0-255,66,12223,46,249023
8923,9.5e-05,74.125.68.0-255,2042,14265,46,249023
8924,9.8e-05,172.31.46.0-255,66,14331,46,249023
8925,0.000394,74.125.68.0-255,1484,15815,46,249023
8926,0.0004,172.31.46.0-255,66,15881,46,249023
8927,0.000405,74.125.68.0-255,2902,18783,46,249023
8928,0.000408,172.31.46.0-255,66,18849,46,249023
8929,0.000437,74.125.68.0-255,4320,23169,46,249023
8930,0.00044,172.31.46.0-255,66,23235,46,249023
8931,0.000443,74.125.68.0-255,1484,24719,46,249023
8932,0.000446,172.31.46.0-255,66,24785,46,249023
8933,0.000473,74.125.68.0-255,4320,29105,46,249023
8934,0.000482,172.31.46.0-255,66,29171,46,249023
8935,0.000499,74.125.68.0-255,2543,31714,46,249023
8936,0.000501,172.31.46.0-255,66,31780,46,249023
8937,0.000647,74.125.68.0-255,1484,33264,46,249023
8938,0.000651,172.31.46.0-255,66,33330,46,249023
8939,0.000655,74.125.68.0-255,1484,34814,46,249023
8940,0.000658,172.31.46.0-255,66,34880,46,249023
8941,0.000688,74.125.68.0-255,2902,37782,46,249023
8942,0.000694,74.125.68.0-255,5738,43520,46,249023
8943,0.000715,172.31.46.0-255,66,43586,46,249023
8944,0.000718,172.31.46.0-255,66,43652,46,249023
8945,0.000735,74.125.68.0-255,5379,49031,46,249023
8946,0.000737,172.31.46.0-255,66,49097,46,249023
8947,0.000744,74.125.68.0-255,5738,54835,46,249023
8948,0.000746,172.31.46.0-255,66,54901,46,249023
8949,0.000784,172.31.46.0-255,66,54967,46,249023
8950,0.001018,74.125.68.0-255,645,55612,46,249023
8951,0.001151,172.31.46.0-255,66,55678,46,249023
8952,0.001277,74.125.68.0-255,1484,57162,46,249023
8953,0.001285,74.125.68.0-255,2902,60064,46,249023
8954,0.001289,172.31.46.0-255,66,60130,46,249023
8955,0.001316,74.125.68.0-255,2902,63032,46,249023
8956,0.001319,172.31.46.0-255,66,63098,46,249023
8957,0.001347,74.125.68.0-255,2902,66000,46,249023
8958,0.00135,172.31.46.0-255,66,66066,46,249023
8959,0.001361,74.125.68.0-255,1484,67550,46,249023
8960,0.001371,74.125.68.0-255,4320,71870,46,249023
8961,0.001373,172.31.46.0-255,66,71936,46,249023
8962,0.001401,74.125.68.0-255,5379,77315,46,249023
8963,0.001404,172.31.46.0-255,66,77381,46,249023
8964,0.001415,74.125.68.0-255,1484,78865,46,249023
8965,0.001431,74.125.68.0-255,1484,80349,46,249023
8966,0.001433,172.31.46.0-255,66,80415,46,249023
8967,0.001439,74.125.68.0-255,4320,84735,46,249023
8968,0.001441,172.31.46.0-255,66,84801,46,249023
8969,0.001486,74.125.68.0-255,4320,89121,46,249023
8970,0.001489,172.31.46.0-255,66,89187,46,249023
8971,0.001507,74.125.68.0-255,1125,90312,46,249023
8972,0.001551,74.125.68.0-255,1484,91796,46,249023
8973,0.001555,172.31.46.0-255,66,91862,46,249023
8974,0.001559,74.125.68.0-255,1484,93346,46,249023
8975,0.001581,74.125.68.0-255,1484,94830,46,249023
8976,0.001584,172.31.46.0-255,66,94896,46,249023
8977,0.001589,74.125.68.0-255,4320,99216,46,249023
8978,0.001592,172.31.46.0-255,66,99282,46,249023
8979,0.00163,172.31.46.0-255,66,99348,46,249023
8980,0.001637,74.125.68.0-255,5738,105086,46,249023
8981,0.001639,172.31.46.0-255,66,105152,46,249023
8982,0.001642,74.125.68.0-255,1484,106636,46,249023
8983,0.00166,74.125.68.0-255,5738,112374,46,249023
8984,0.001667,172.31.46.0-255,66,112440,46,249023
8985,0.001698,74.125.68.0-255,3602,116042,46,249023
8986,0.001701,172.31.46.0-255,66,116108,46,249023
8987,0.002084,74.125.68.0-255,1484,117592,46,249023
8988,0.002119,74.125.68.0-255,2902,120494,46,249023
8989,0.002125,172.31.46.0-255,66,120560,46,249023
8990,0.002166,74.125.68.0-255,1484,122044,46,249023
8991,0.002185,74.125.68.0-255,2902,124946,46,249023
8992,0.002187,172.31.46.0-255,66,125012,46,249023
8993,0.002216,74.125.68.0-255,4320,129332,46,249023
8994,0.002219,172.31.46.0-255,66,129398,46,249023
8995,0.002248,74.125.68.0-255,1484,130882,46,249023
8996,0.002253,74.125.68.0-255,2902,133784,46,249023
8997,0.002255,172.31.46.0-255,66,133850,46,249023
8998,0.002261,74.125.68.0-255,4320,138170,46,249023
8999,0.002264,172.31.46.0-255,66,138236,46,249023
9000,0.002282,74.125.68.0-255,2902,141138,46,249023
9001,0.002289,172.31.46.0-255,66,141204,46,249023
9002,0.002307,74.125.68.0-255,2902,144106,46,249023
9003,0.002309,172.31.46.0-255,66,144172,46,249023
9004,0.002335,74.125.68.0-255,4320,148492,46,249023
9005,0.002337,172.31.46.0-255,66,148558,46,249023
9006,0.002362,74.125.68.0-255,2184,150742,46,249023
9007,0.002364,172.31.46.0-255,66,150808,46,249023
9008,0.004728,74.125.68.0-255,2902,153710,46,249023
9009,0.004735,172.31.46.0-255,66,153776,46,249023
9010,0.004747,74.125.68.0-255,1484,155260,46,249023
9011,0.004767,74.125.68.0-255,1484,156744,46,249023
9012,0.004769,172.31.46.0-255,66,156810,46,249023
9013,0.007139,74.125.68.0-255,2902,159712,46,249023
9014,0.007144,172.31.46.0-255,66,159778,46,249023
9015,0.007173,74.125.68.0-255,2902,162680,46,249023
9016,0.007176,172.31.46.0-255,66,162746,46,249023
9017,0.009546,74.125.68.0-255,2902,165648,46,249023
9018,0.009553,172.31.46.0-255,66,165714,46,249023
9019,0.009584,74.125.68.0-255,2902,168616,46,249023
9020,0.009587,172.31.46.0-255,66,168682,46,249023
9021,0.011984,74.125.68.0-255,2902,171584,46,249023
9022,0.011994,172.31.46.0-255,66,171650,46,249023
9023,0.01203,74.125.68.0-255,1484,173134,46,249023
9024,0.012042,74.125.68.0-255,1484,174618,46,249023
9025,0.012044,172.31.46.0-255,66,174684,46,249023
9026,0.014386,74.125.68.0-255,2902,177586,46,249023
9027,0.014394,172.31.46.0-255,66,177652,46,249023
9028,0.014441,74.125.68.0-255,2902,180554,46,249023
9029,0.014445,172.31.46.0-255,66,180620,46,249023
9030,0.016801,74.125.68.0-255,2902,183522,46,249023
9031,0.016812,172.31.46.0-255,66,183588,46,249023
9032,0.016847,74.125.68.0-255,2902,186490,46,249023
9033,0.016849,172.31.46.0-255,66,186556,46,249023
9034,0.019224,74.125.68.0-255,2902,189458,46,249023
9035,0.019231,172.31.46.0-255,66,189524,46,249023
9036,0.019255,74.125.68.0-255,2902,192426,46,249023
9037,0.019258,172.31.46.0-255,66,192492,46,249023
9038,0.021633,74.125.68.0-255,2902,195394,46,249023
9039,0.021639,172.31.46.0-255,66,195460,46,249023
9040,0.021673,74.125.68.0-255,2902,198362,46,249023
9041,0.021675,172.31.46.0-255,66,198428,46,249023
9042,0.024043,74.125.68.0-255,2902,201330,46,249023
9043,0.02405,172.31.46.0-255,66,201396,46,249023
9044,0.024082,74.125.68.0-255,2902,204298,46,249023
9045,0.024085,172.31.46.0-255,66,204364,46,249023
9046,0.026449,74.125.68.0-255,2902,207266,46,249023
9047,0.026457,172.31.46.0-255,66,207332,46,249023
9048,0.026529,74.125.68.0-255,2902,210234,46,249023
9049,0.026532,172.31.46.0-255,66,210300,46,249023
9050,0.028856,74.125.68.0-255,2902,213202,46,249023
9051,0.028862,172.31.46.0-255,66,213268,46,249023
9052,0.028923,74.125.68.0-255,2902,216170,46,249023
9053,0.028926,172.31.46.0-255,66,216236,46,249023
9054,0.031272,74.125.68.0-255,2902,219138,46,249023
9055,0.031278,172.31.46.0-255,66,219204,46,249023
9056,0.03131,74.125.68.0-255,2902,222106,46,249023
9057,0.031312,172.31.46.0-255,66,222172,46,249023
9058,0.031888,172.31.46.0-255,176,222348,46,249023
9059,0.031916,172.31.46.0-255,1118,223466,46,249023
9060,0.031971,172.31.46.0-255,1514,224980,46,249023
9061,0.031972,172.31.46.0-255,1514,226494,46,249023
9062,0.031974,172.31.46.0-255,1514,228008,46,249023
9063,0.031979,172.31.46.0-255,1514,229522,46,249023
9064,0.031979,172.31.46.0-255,1495,231017,46,249023
9065,0.033592,104.244.42.0-255,66,231083,46,249023
9066,0.0336,104.244.42.0-255,66,231149,46,249023
9067,0.03367,104.244.42.0-255,66,231215,46,249023
9068,0.033676,74.125.68.0-255,2902,234117,46,249023
9069,0.03368,172.31.46.0-255,66,234183,46,249023
9070,0.033705,74.125.68.0-255,2902,237085,46,249023
9071,0.033707,172.31.46.0-255,66,237151,46,249023
9072,0.036082,74.125.68.0-255,2902,240053,46,249023
9073,0.036089,172.31.46.0-255,66,240119,46,249023
9074,0.036113,74.125.68.0-255,2902,243021,46,249023
9075,0.036116,172.31.46.0-255,66,243087,46,249023
9076,0.038493,74.125.68.0-255,2902,245989,46,249023
9077,0.038499,172.31.46.0-255,66,246055,46,249023
9078,0.038528,74.125.68.0-255,2902,248957,46,249023
9079,0.038531,172.31.46.0-255,66,249023,46,249023
9080,0.0,74.125.24.0-255,146,146,46,259682
9081,1.3e-05,172.31.46.0-255,66,212,46,259682
9082,1.8e-05,74.125.24.0-255,1484,1696,46,259682
9083,2.2e-05,172.31.46.0-255,66,1762,46,259682
9084,2.8e-05,74.125.24.0-255,2902,4664,46,259682
9085,3.1e-05,172.31.46.0-255,66,4730,46,259682
9086,3.8e-05,74.125.24.0-255,7156,11886,46,259682
9087,4.1e-05,172.31.46.0-255,66,11952,46,259682
9088,8e-05,74.125.24.0-255,2127,14079,46,259682
9089,8.3e-05,172.31.46.0-255,66,14145,46,259682
9090,0.000201,74.125.24.0-255,1484,15629,46,259682
9091,0.000204,172.31.46.0-255,66,15695,46,259682
9092,0.000209,74.125.24.0-255,2902,18597,46,259682
9093,0.000211,172.31.46.0-255,66,18663,46,259682
9094,0.000232,74.125.24.0-255,1484,20147,46,259682
9095,0.000233,172.31.46.0-255,66,20213,46,259682
9096,0.000247,74.125.24.0-255,2902,23115,46,259682
9097,0.000249,172.31.46.0-255,66,23181,46,259682
9098,0.000256,74.125.24.0-255,5738,28919,46,259682
9099,0.000258,172.31.46.0-255,66,28985,46,259682
9100,0.000279,74.125.24.0-255,2543,31528,46,259682
9101,0.000281,172.31.46.0-255,66,31594,46,259682
9102,0.00032,74.125.24.0-255,5738,37332,46,259682
9103,0.000323,172.31.46.0-255,66,37398,46,259682
9104,0.000337,74.125.24.0-255,4320,41718,46,259682
9105,0.000339,172.31.46.0-255,66,41784,46,259682
9106,0.000341,74.125.24.0-255,1484,43268,46,259682
9107,0.000343,172.31.46.0-255,66,43334,46,259682
9108,0.000347,74.125.24.0-255,2902,46236,46,259682
9109,0.000349,172.31.46.0-255,66,46302,46,259682
9110,0.000384,74.125.24.0-255,2543,48845,46,259682
9111,0.000386,172.31.46.0-255,66,48911,46,259682
9112,0.000486,74.125.24.0-255,1484,50395,46,259682
9113,0.000503,74.125.24.0-255,2902,53297,46,259682
9114,0.000506,172.31.46.0-255,66,53363,46,259682
9115,0.000523,74.125.24.0-255,4320,57683,46,259682
9116,0.000526,172.31.46.0-255,66,57749,46,259682
9117,0.000544,74.125.24.0-255,1484,59233,46,259682
9118,0.000547,74.125.24.0-255,1484,60717,46,259682
9119,0.000549,172.31.46.0-255,66,60783,46,259682
9120,0.000571,74.125.24.0-255,5379,66162,46,259682
9121,0.000573,172.31.46.0-255,66,66228,46,259682
9122,0.000594,74.125.24.0-255,5738,71966,46,259682
9123,0.000597,172.31.46.0-255,66,72032,46,259682
9124,0.000611,74.125.24.0-255,1484,73516,46,259682
9125,0.000618,74.125.24.0-255,7156,80672,46,259682
9126,0.00062,172.31.46.0-255,66,80738,46,259682
9127,0.000635,74.125.24.0-255,1484,82222,46,259682
9128,0.000659,74.125.24.0-255,1704,83926,46,259682
9129,0.000663,172.31.46.0-255,66,83992,46,259682
9130,0.000682,74.125.24.0-255,2902,86894,46,259682
9131,0.000684,172.31.46.0-255,66,86960,46,259682
9132,0.000689,74.125.24.0-255,4320,91280,46,259682
9133,0.000691,172.31.46.0-255,66,91346,46,259682
9134,0.000715,74.125.24.0-255,2902,94248,46,259682
9135,0.000718,172.31.46.0-255,66,94314,46,259682
9136,0.000724,74.125.24.0-255,6249,100563,46,259682
9137,0.000726,172.31.46.0-255,66,100629,46,259682
9138,0.001062,74.125.24.0-255,1484,102113,46,259682
9139,0.001068,74.125.24.0-255,2902,105015,46,259682
9140,0.001071,172.31.46.0-255,66,105081,46,259682
9141,0.001076,74.125.24.0-255,4320,109401,46,259682
9142,0.001078,172.31.46.0-255,66,109467,46,259682
9143,0.001102,74.125.24.0-255,1484,110951,46,259682
9144,0.001115,172.31.46.0-255,66,111017,46,259682
9145,0.001144,74.125.24.0-255,7156,118173,46,259682
9146,0.001145,172.31.46.0-255,66,118239,46,259682
9147,0.001165,74.125.24.0-255,2902,121141,46,259682
9148,0.001167,172.31.46.0-255,66,121207,46,259682
9149,0.001169,74.125.24.0-255,766,121973,46,259682
9150,0.001533,172.31.46.0-255,66,122039,46,259682
9151,0.001589,74.125.24.0-255,1484,123523,46,259682
9152,0.001602,74.125.24.0-255,2902,126425,46,259682
9153,0.001605,172.31.46.0-255,66,126491,46,259682
9154,0.001624,74.125.24.0-255,5738,132229,46,259682
9155,0.001626,172.31.46.0-255,66,132295,46,259682
9156,0.001629,74.125.24.0-255,1484,133779,46,259682
9157,0.001664,172.31.46.0-255,66,133845,46,259682
9158,0.001683,74.125.24.0-255,4320,138165,46,259682
9159,0.001685,172.31.46.0-255,66,138231,46,259682
9160,0.001691,74.125.24.0-255,5738,143969,46,259682
9161,0.001693,172.31.46.0-255,66,144035,46,259682
9162,0.001737,74.125.24.0-255,3602,147637,46,259682
9163,0.00174,172.31.46.0-255,66,147703,46,259682
9164,0.001898,74.125.24.0-255,1484,149187,46,259682
9165,0.001902,74.125.24.0-255,1484,150671,46,259682
9166,0.001905,172.31.46.0-255,66,150737,46,259682
9167,0.001922,74.125.24.0-255,1484,152221,46,259682
9168,0.001929,74.125.24.0-255,5738,157959,46,259682
9169,0.001931,172.31.46.0-255,66,158025,46,259682
9170,0.001933,74.125.24.0-255,1484,159509,46,259682
9171,0.001957,74.125.24.0-255,4320,163829,46,259682
9172,0.001959,172.31.46.0-255,66,163895,46,259682
9173,0.001966,74.125.24.0-255,7156,171051,46,259682
9174,0.001968,172.31.46.0-255,66,171117,46,259682
9175,0.001995,172.31.46.0-255,66,171183,46,259682
9176,0.002029,74.125.24.0-255,1484,172667,46,259682
9177,0.002034,74.125.24.0-255,2902,175569,46,259682
9178,0.002036,172.31.46.0-255,66,175635,46,259682
9179,0.002038,74.125.24.0-255,1484,177119,46,259682
9180,0.002074,172.31.46.0-255,66,177185,46,259682
9181,0.002089,74.125.24.0-255,2902,180087,46,259682
9182,0.002092,172.31.46.0-255,66,180153,46,259682
9183,0.002127,172.31.46.0-255,66,180219,46,259682
9184,0.002131,74.125.24.0-255,2184,182403,46,259682
9185,0.002133,172.31.46.0-255,66,182469,46,259682
9186,0.002351,74.125.24.0-255,1484,183953,46,259682
9187,0.002357,74.125.24.0-255,2902,186855,46,259682
9188,0.002359,172.31.46.0-255,66,186921,46,259682
9189,0.002383,74.125.24.0-255,2902,189823,46,259682
9190,0.002385,172.31.46.0-255,66,189889,46,259682
9191,0.002395,74.125.24.0-255,1484,191373,46,259682
9192,0.002399,74.125.24.0-255,4320,195693,46,259682
9193,0.002402,172.31.46.0-255,66,195759,46,259682
9194,0.002418,74.125.24.0-255,1484,197243,46,259682
9195,0.002422,74.125.24.0-255,2902,200145,46,259682
9196,0.002424,172.31.46.0-255,66,200211,46,259682
9197,0.002449,172.31.46.0-255,66,200277,46,259682
9198,0.002458,172.31.46.0-255,66,200343,46,259682
9199,0.002499,74.125.24.0-255,1484,201827,46,259682
9200,0.002512,74.125.24.0-255,2902,204729,46,259682
9201,0.002514,172.31.46.0-255,66,204795,46,259682
9202,0.002517,74.125.24.0-255,1484,206279,46,259682
9203,0.002535,74.125.24.0-255,4320,210599,46,259682
9204,0.002537,172.31.46.0-255,66,210665,46,259682
9205,0.002543,74.125.24.0-255,7156,217821,46,259682
9206,0.002545,172.31.46.0-255,66,217887,46,259682
9207,0.002558,74.125.24.0-255,2902,220789,46,259682
9208,0.00256,172.31.46.0-255,66,220855,46,259682
9209,0.002563,74.125.24.0-255,2902,223757,46,259682
9210,0.002565,172.31.46.0-255,66,223823,46,259682
9211,0.00258,74.125.24.0-255,5738,229561,46,259682
9212,0.002582,172.31.46.0-255,66,229627,46,259682
9213,0.002619,172.31.46.0-255,66,229693,46,259682
9214,0.00263,172.31.46.0-255,66,229759,46,259682
9215,0.002685,172.31.46.0-255,66,229825,46,259682
9216,0.002694,172.31.46.0-255,66,229891,46,259682
9217,0.002716,74.125.24.0-255,4320,234211,46,259682
9218,0.002718,172.31.46.0-255,66,234277,46,259682
9219,0.002731,172.31.46.0-255,66,234343,46,259682
9220,0.002737,74.125.24.0-255,6438,240781,46,259682
9221,0.002739,172.31.46.0-255,66,240847,46,259682
9222,0.002745,74.125.24.0-255,7156,248003,46,259682
9223,0.002748,172.31.46.0-255,66,248069,46,259682
9224,0.002773,74.125.24.0-255,2167,250236,46,259682
9225,0.002776,172.31.46.0-255,66,250302,46,259682
9226,0.002778,74.125.24.0-255,105,250407,46,259682
9227,0.009051,172.31.46.0-255,66,250473,46,259682
9228,0.009091,172.31.46.0-255,105,250578,46,259682
9229,0.011041,74.125.24.0-255,66,250644,46,259682
9230,0.032861,172.31.46.0-255,172,250816,46,259682
9231,0.032892,172.31.46.0-255,1119,251935,46,259682
9232,0.032957,172.31.46.0-255,1514,253449,46,259682
9233,0.032959,172.31.46.0-255,1514,254963,46,259682
9234,0.032965,172.31.46.0-255,1514,256477,46,259682
9235,0.032966,172.31.46.0-255,1514,257991,46,259682
9236,0.03299,172.31.46.0-255,1493,259484,46,259682
9237,0.034456,104.244.42.0-255,66,259550,46,259682
9238,0.034494,104.244.42.0-255,66,259616,46,259682
9239,0.03455,104.244.42.0-255,66,259682,46,259682
9240,0.0,74.125.200.0-255,153,153,46,206703
9241,2.2e-05,172.31.46.0-255,66,219,46,206703
9242,2.9e-05,74.125.200.0-255,1484,1703,46,206703
9243,3.3e-05,172.31.46.0-255,66,1769,46,206703
9244,3.8e-05,74.125.200.0-255,2902,4671,46,206703
9245,4.7e-05,172.31.46.0-255,66,4737,46,206703
9246,5.5e-05,74.125.200.0-255,7156,11893,46,206703
9247,5.8e-05,172.31.46.0-255,66,11959,46,206703
9248,6.2e-05,74.125.200.0-255,2041,14000,46,206703
9249,6.4e-05,172.31.46.0-255,66,14066,46,206703
9250,0.000178,74.125.200.0-255,1484,15550,46,206703
9251,0.000183,172.31.46.0-255,66,15616,46,206703
9252,0.000225,74.125.200.0-255,1484,17100,46,206703
9253,0.000229,172.31.46.0-255,66,17166,46,206703
9254,0.000233,74.125.200.0-255,2902,20068,46,206703
9255,0.000235,172.31.46.0-255,66,20134,46,206703
9256,0.000272,74.125.200.0-255,4320,24454,46,206703
9257,0.000275,172.31.46.0-255,66,24520,46,206703
9258,0.000282,74.125.200.0-255,5738,30258,46,206703
9259,0.000284,172.31.46.0-255,66,30324,46,206703
9260,0.000287,74.125.200.0-255,1125,31449,46,206703
9261,0.000289,172.31.46.0-255,66,31515,46,206703
9262,0.000329,74.125.200.0-255,1484,32999,46,206703
9263,0.000331,172.31.46.0-255,66,33065,46,206703
9264,0.000376,74.125.200.0-255,1484,34549,46,206703
9265,0.000379,172.31.46.0-255,66,34615,46,206703
9266,0.000405,74.125.200.0-255,2902,37517,46,206703
9267,0.000408,172.31.46.0-255,66,37583,46,206703
9268,0.000434,74.125.200.0-255,2902,40485,46,206703
9269,0.000436,172.31.46.0-255,66,40551,46,206703
9270,0.00046,74.125.200.0-255,1484,42035,46,206703
9271,0.000462,172.31.46.0-255,66,42101,46,206703
9272,0.000466,74.125.200.0-255,1484,43585,46,206703
9273,0.000494,74.125.200.0-255,2902,46487,46,206703
9274,0.000496,172.31.46.0-255,66,46553,46,206703
9275,0.000519,74.125.200.0-255,1484,48037,46,206703
9276,0.000545,74.125.200.0-255,1125,49162,46,206703
9277,0.000547,172.31.46.0-255,66,49228,46,206703
9278,0.000624,74.125.200.0-255,1484,50712,46,206703
9279,0.000655,74.125.200.0-255,2902,53614,46,206703
9280,0.000659,172.31.46.0-255,66,53680,46,206703
9281,0.000688,74.125.200.0-255,4320,58000,46,206703
9282,0.000691,172.31.46.0-255,66,58066,46,206703
9283,0.000723,74.125.200.0-255,7156,65222,46,206703
9284,0.000726,172.31.46.0-255,66,65288,46,206703
9285,0.000747,74.125.200.0-255,1125,66413,46,206703
9286,0.001154,172.31.46.0-255,66,66479,46,206703
9287,0.001213,74.125.200.0-255,1484,67963,46,206703
9288,0.001217,74.125.200.0-255,1484,69447,46,206703
9289,0.00122,172.31.46.0-255,66,69513,46,206703
9290,0.001252,74.125.200.0-255,2902,72415,46,206703
9291,0.001254,172.31.46.0-255,66,72481,46,206703
9292,0.001266,74.125.200.0-255,1484,73965,46,206703
9293,0.001293,74.125.200.0-255,4320,78285,46,206703
9294,0.001295,172.31.46.0-255,66,78351,46,206703
9295,0.001299,74.125.200.0-255,1484,79835,46,206703
9296,0.001318,74.125.200.0-255,2902,82737,46,206703
9297,0.00132,172.31.46.0-255,66,82803,46,206703
9298,0.001364,74.125.200.0-255,3122,85925,46,206703
9299,0.001367,172.31.46.0-255,66,85991,46,206703
9300,0.00138,74.125.200.0-255,1484,87475,46,206703
9301,0.001411,74.125.200.0-255,2902,90377,46,206703
9302,0.001414,172.31.46.0-255,66,90443,46,206703
9303,0.00143,172.31.46.0-255,66,90509,46,206703
9304,0.001433,74.125.200.0-255,1125,91634,46,206703
9305,0.001664,172.31.46.0-255,66,91700,46,206703
9306,0.001733,74.125.200.0-255,1484,93184,46,206703
9307,0.001741,74.125.200.0-255,2902,96086,46,206703
9308,0.001744,172.31.46.0-255,66,96152,46,206703
9309,0.001748,74.125.200.0-255,1484,97636,46,206703
9310,0.001777,74.125.200.0-255,4320,101956,46,206703
9311,0.00178,172.31.46.0-255,66,102022,46,206703
9312,0.001786,74.125.200.0-255,4320,106342,46,206703
9313,0.001788,172.31.46.0-255,66,106408,46,206703
9314,0.001797,74.125.200.0-255,5738,112146,46,206703
9315,0.001799,172.31.46.0-255,66,112212,46,206703
9316,0.001802,74.125.200.0-255,1484,113696,46,206703
9317,0.001847,172.31.46.0-255,66,113762,46,206703
9318,0.001851,74.125.200.0-255,2184,115946,46,206703
9319,0.001853,172.31.46.0-255,66,116012,46,206703
9320,0.004255,74.125.200.0-255,4320,120332,46,206703
9321,0.004262,172.31.46.0-255,66,120398,46,206703
9322,0.004287,74.125.200.0-255,1484,121882,46,206703
9323,0.00668,74.125.200.0-255,4320,126202,46,206703
9324,0.006685,172.31.46.0-255,66,126268,46,206703
9325,0.009096,74.125.200.0-255,4320,130588,46,206703
9326,0.009102,172.31.46.0-255,66,130654,46,206703
9327,0.009125,74.125.200.0-255,1484,132138,46,206703
9328,0.011518,74.125.200.0-255,4320,136458,46,206703
9329,0.011527,172.31.46.0-255,66,136524,46,206703
9330,0.013941,74.125.200.0-255,5738,142262,46,206703
9331,0.01395,172.31.46.0-255,66,142328,46,206703
9332,0.016386,74.125.200.0-255,5738,148066,46,206703
9333,0.016396,172.31.46.0-255,66,148132,46,206703
9334,0.018838,74.125.200.0-255,5738,153870,46,206703
9335,0.018846,172.31.46.0-255,66,153936,46,206703
9336,0.021263,74.125.200.0-255,5738,159674,46,206703
9337,0.02127,172.31.46.0-255,66,159740,46,206703
9338,0.023738,74.125.200.0-255,5738,165478,46,206703
9339,0.023744,172.31.46.0-255,66,165544,46,206703
9340,0.026179,74.125.200.0-255,5738,171282,46,206703
9341,0.026186,172.31.46.0-255,66,171348,46,206703
9342,0.028608,74.125.200.0-255,5738,177086,46,206703
9343,0.028615,172.31.46.0-255,66,177152,46,206703
9344,0.031019,74.125.200.0-255,5738,182890,46,206703
9345,0.031026,172.31.46.0-255,66,182956,46,206703
9346,0.031435,172.31.46.0-255,172,183128,46,206703
9347,0.031464,172.31.46.0-255,1118,184246,46,206703
9348,0.031525,172.31.46.0-255,1514,185760,46,206703
9349,0.031527,172.31.46.0-255,1514,187274,46,206703
9350,0.031528,172.31.46.0-255,1514,188788,46,206703
9351,0.031529,172.31.46.0-255,1514,190302,46,206703
9352,0.031556,172.31.46.0-255,1495,191797,46,206703
9353,0.033085,104.244.42.0-255,66,191863,46,206703
9354,0.033145,104.244.42.0-255,66,191929,46,206703
9355,0.03329,104.244.42.0-255,66,191995,46,206703
9356,0.033433,74.125.200.0-255,4320,196315,46,206703
9357,0.033437,172.31.46.0-255,66,196381,46,206703
9358,0.033463,74.125.200.0-255,1484,197865,46,206703
9359,0.035847,74.125.200.0-255,2902,200767,46,206703
9360,0.035853,172.31.46.0-255,66,200833,46,206703
9361,0.03587,74.125.200.0-255,1484,202317,46,206703
9362,0.038272,74.125.200.0-255,4320,206637,46,206703
9363,0.038277,172.31.46.0-255,66,206703,46,206703
9364,0.0,172.217.194.0-255,165,165,46,174041
9365,3.4e-05,172.31.46.0-255,66,231,46,174041
9366,4.1e-05,172.217.194.0-255,1484,1715,46,174041
9367,4.5e-05,172.31.46.0-255,66,1781,46,174041
9368,5.7e-05,172.217.194.0-255,2902,4683,46,174041
9369,5.9e-05,172.31.46.0-255,66,4749,46,174041
9370,9e-05,172.217.194.0-255,5738,10487,46,174041
9371,9.3e-05,172.31.46.0-255,66,10553,46,174041
9372,0.000121,172.217.194.0-255,1484,12037,46,174041
9373,0.000124,172.31.46.0-255,66,12103,46,174041
9374,0.000259,172.217.194.0-255,2041,14144,46,174041
9375,0.000263,172.31.46.0-255,66,14210,46,174041
9376,0.000324,172.217.194.0-255,4320,18530,46,174041
9377,0.000329,172.31.46.0-255,66,18596,46,174041
9378,0.000358,172.217.194.0-255,7156,25752,46,174041
9379,0.000362,172.31.46.0-255,66,25818,46,174041
9380,0.000561,172.217.194.0-255,4320,30138,46,174041
9381,0.000565,172.31.46.0-255,66,30204,46,174041
9382,0.000666,172.217.194.0-255,2902,33106,46,174041
9383,0.000671,172.31.46.0-255,66,33172,46,174041
9384,0.000707,172.31.46.0-255,66,33238,46,174041
9385,0.000736,172.217.194.0-255,6438,39676,46,174041
9386,0.000739,172.31.46.0-255,66,39742,46,174041
9387,0.001094,172.217.194.0-255,5738,45480,46,174041
9388,0.001101,172.31.46.0-255,66,45546,46,174041
9389,0.001144,172.31.46.0-255,66,45612,46,174041
9390,0.001396,172.217.194.0-255,2902,48514,46,174041
9391,0.001399,172.31.46.0-255,66,48580,46,174041
9392,0.001463,172.31.46.0-255,66,48646,46,174041
9393,0.001498,172.31.46.0-255,66,48712,46,174041
9394,0.002216,172.217.194.0-255,3602,52314,46,174041
9395,0.002221,172.31.46.0-255,66,52380,46,174041
9396,0.002278,172.217.194.0-255,2902,55282,46,174041
9397,0.002296,172.217.194.0-255,7156,62438,46,174041
9398,0.002397,172.217.194.0-255,6438,68876,46,174041
9399,0.003458,172.217.194.0-255,1484,70360,46,174041
9400,0.003474,172.217.194.0-255,7156,77516,46,174041
9401,0.003603,172.217.194.0-255,7156,84672,46,174041
9402,0.004191,172.31.46.0-255,66,84738,46,174041
9403,0.006593,172.217.194.0-255,2902,87640,46,174041
9404,0.006596,172.31.46.0-255,66,87706,46,174041
9405,0.006617,172.217.194.0-255,2902,90608,46,174041
9406,0.007018,172.31.46.0-255,66,90674,46,174041
9407,0.009034,172.217.194.0-255,1484,92158,46,174041
9408,0.00906,172.217.194.0-255,1484,93642,46,174041
9409,0.009065,172.31.46.0-255,66,93708,46,174041
9410,0.009434,172.217.194.0-255,2902,96610,46,174041
9411,0.011206,172.31.46.0-255,66,96676,46,174041
9412,0.011446,172.217.194.0-255,2902,99578,46,174041
9413,0.011451,172.31.46.0-255,66,99644,46,174041
9414,0.013645,172.217.194.0-255,2902,102546,46,174041
9415,0.013655,172.31.46.0-255,66,102612,46,174041
9416,0.013849,172.217.194.0-255,2902,105514,46,174041
9417,0.013854,172.31.46.0-255,66,105580,46,174041
9418,0.016081,172.217.194.0-255,2902,108482,46,174041
9419,0.016089,172.31.46.0-255,66,108548,46,174041
9420,0.016218,172.217.194.0-255,2902,111450,46,174041
9421,0.016425,172.31.46.0-255,66,111516,46,174041
9422,0.018483,172.217.194.0-255,2902,114418,46,174041
9423,0.018489,172.31.46.0-255,66,114484,46,174041
9424,0.018808,172.217.194.0-255,1484,115968,46,174041
9425,0.018822,172.217.194.0-255,1484,117452,46,174041
9426,0.018825,172.31.46.0-255,66,117518,46,174041
9427,0.020892,172.217.194.0-255,2902,120420,46,174041
9428,0.020898,172.31.46.0-255,66,120486,46,174041
9429,0.021241,172.217.194.0-255,2902,123388,46,174041
9430,0.021247,172.31.46.0-255,66,123454,46,174041
9431,0.023285,172.217.194.0-255,2902,126356,46,174041
9432,0.023292,172.31.46.0-255,66,126422,46,174041
9433,0.023641,172.217.194.0-255,2902,129324,46,174041
9434,0.023646,172.31.46.0-255,66,129390,46,174041
9435,0.025774,172.217.194.0-255,2902,132292,46,174041
9436,0.025783,172.31.46.0-255,66,132358,46,174041
9437,0.026017,172.217.194.0-255,2902,135260,46,174041
9438,0.026023,172.31.46.0-255,66,135326,46,174041
9439,0.028214,172.217.194.0-255,2902,138228,46,174041
9440,0.028223,172.31.46.0-255,66,138294,46,174041
9441,0.028432,172.217.194.0-255,2902,141196,46,174041
9442,0.028438,172.31.46.0-255,66,141262,46,174041
9443,0.029594,172.31.46.0-255,168,141430,46,174041
9444,0.029622,172.31.46.0-255,1127,142557,46,174041
9445,0.029661,172.31.46.0-255,1514,144071,46,174041
9446,0.029663,172.31.46.0-255,1514,145585,46,174041
9447,0.029664,172.31.46.0-255,1514,147099,46,174041
9448,0.029665,172.31.46.0-255,1514,148613,46,174041
9449,0.029666,172.31.46.0-255,1486,150099,46,174041
9450,0.030621,172.217.194.0-255,2902,153001,46,174041
9451,0.03063,172.31.46.0-255,66,153067,46,174041
9452,0.030815,172.217.194.0-255,2902,155969,46,174041
9453,0.03082,172.31.46.0-255,66,156035,46,174041
9454,0.031224,104.244.42.0-255,66,156101,46,174041
9455,0.031274,104.244.42.0-255,66,156167,46,174041
9456,0.031328,104.244.42.0-255,66,156233,46,174041
9457,0.033047,172.217.194.0-255,2902,159135,46,174041
9458,0.033052,172.31.46.0-255,66,159201,46,174041
9459,0.033231,172.217.194.0-255,2902,162103,46,174041
9460,0.033236,172.31.46.0-255,66,162169,46,174041
9461,0.035432,172.217.194.0-255,2902,165071,46,174041
9462,0.035438,172.31.46.0-255,66,165137,46,174041
9463,0.035643,172.217.194.0-255,2902,168039,46,174041
9464,0.035649,172.31.46.0-255,66,168105,46,174041
9465,0.037842,172.217.194.0-255,2902,171007,46,174041
9466,0.037846,172.31.46.0-255,66,171073,46,174041
9467,0.038066,172.217.194.0-255,2902,173975,46,174041
9468,0.038071,172.31.46.0-255,66,174041,46,174041
9469,0.0,74.125.68.0-255,150,150,46,318842
9470,2.1e-05,172.31.46.0-255,66,216,46,318842
9471,2.8e-05,74.125.68.0-255,1484,1700,46,318842
9472,3.1e-05,172.31.46.0-255,66,1766,46,318842
9473,3.6e-05,74.125.68.0-255,2902,4668,46,318842
9474,3.9e-05,172.31.46.0-255,66,4734,46,318842
9475,4.4e-05,74.125.68.0-255,4320,9054,46,318842
9476,4.6e-05,172.31.46.0-255,66,9120,46,318842
9477,5e-05,74.125.68.0-255,2902,12022,46,318842
9478,5.2e-05,172.31.46.0-255,66,12088,46,318842
9479,7.5e-05,74.125.68.0-255,2065,14153,46,318842
9480,7.8e-05,172.31.46.0-255,66,14219,46,318842
9481,8.3e-05,74.125.68.0-255,2902,17121,46,318842
9482,8.4e-05,172.31.46.0-255,66,17187,46,318842
9483,0.000101,74.125.68.0-255,7156,24343,46,318842
9484,0.000103,172.31.46.0-255,66,24409,46,318842
9485,0.000139,74.125.68.0-255,2902,27311,46,318842
9486,0.000141,172.31.46.0-255,66,27377,46,318842
9487,0.000159,74.125.68.0-255,3961,31338,46,318842
9488,0.000161,172.31.46.0-255,66,31404,46,318842
9489,0.000311,74.125.68.0-255,1484,32888,46,318842
9490,0.000316,172.31.46.0-255,66,32954,46,318842
9491,0.000321,74.125.68.0-255,2902,35856,46,318842
9492,0.000323,172.31.46.0-255,66,35922,46,318842
9493,0.000334,74.125.68.0-255,1484,37406,46,318842
9494,0.000337,172.31.46.0-255,66,37472,46,318842
9495,0.00034,74.125.68.0-255,1484,38956,46,318842
9496,0.000342,172.31.46.0-255,66,39022,46,318842
9497,0.000352,74.125.68.0-255,1484,40506,46,318842
9498,0.000355,172.31.46.0-255,66,40572,46,318842
9499,0.000359,74.125.68.0-255,2902,43474,46,318842
9500,0.00036,172.31.46.0-255,66,43540,46,318842
9501,0.000374,74.125.68.0-255,2902,46442,46,318842
9502,0.000388,74.125.68.0-255,5379,51821,46,318842
9503,0.000411,74.125.68.0-255,2902,54723,46,318842
9504,0.000426,172.31.46.0-255,66,54789,46,318842
9505,0.00043,74.125.68.0-255,2902,57691,46,318842
9506,0.000435,172.31.46.0-255,66,57757,46,318842
9507,0.000443,74.125.68.0-255,1484,59241,46,318842
9508,0.00046,74.125.68.0-255,7109,66350,46,318842
9509,0.000462,74.125.68.0-255,112,66462,46,318842
9510,0.000484,172.31.46.0-255,66,66528,46,318842
9511,0.000568,74.125.68.0-255,1484,68012,46,318842
9512,0.000578,74.125.68.0-255,1484,69496,46,318842
9513,0.00059,74.125.68.0-255,1484,70980,46,318842
9514,0.000592,172.31.46.0-255,66,71046,46,318842
9515,0.000604,74.125.68.0-255,1484,72530,46,318842
9516,0.000608,74.125.68.0-255,2902,75432,46,318842
9517,0.000621,74.125.68.0-255,2902,78334,46,318842
9518,0.000632,172.31.46.0-255,66,78400,46,318842
9519,0.000636,74.125.68.0-255,2902,81302,46,318842
9520,0.00064,172.31.46.0-255,66,81368,46,318842
9521,0.000651,74.125.68.0-255,2543,83911,46,318842
9522,0.000654,74.125.68.0-255,1484,85395,46,318842
9523,0.000668,74.125.68.0-255,4320,89715,46,318842
9524,0.000676,172.31.46.0-255,66,89781,46,318842
9525,0.000693,74.125.68.0-255,4320,94101,46,318842
9526,0.0007,172.31.46.0-255,66,94167,46,318842
9527,0.00071,74.125.68.0-255,5738,99905,46,318842
9528,0.000731,172.31.46.0-255,66,99971,46,318842
9529,0.000746,74.125.68.0-255,1387,101358,46,318842
9530,0.001036,74.125.68.0-255,1484,102842,46,318842
9531,0.001039,172.31.46.0-255,66,102908,46,318842
9532,0.001045,74.125.68.0-255,2902,105810,46,318842
9533,0.001057,172.31.46.0-255,66,105876,46,318842
9534,0.001064,74.125.68.0-255,2902,108778,46,318842
9535,0.001068,172.31.46.0-255,66,108844,46,318842
9536,0.001079,74.125.68.0-255,2902,111746,46,318842
9537,0.00109,74.125.68.0-255,1484,113230,46,318842
9538,0.001106,74.125.68.0-255,5738,118968,46,318842
9539,0.001115,172.31.46.0-255,66,119034,46,318842
9540,0.00113,74.125.68.0-255,5738,124772,46,318842
9541,0.001144,172.31.46.0-255,66,124838,46,318842
9542,0.001158,74.125.68.0-255,1484,126322,46,318842
9543,0.0012,74.125.68.0-255,7156,133478,46,318842
9544,0.001202,172.31.46.0-255,66,133544,46,318842
9545,0.001221,74.125.68.0-255,2184,135728,46,318842
9546,0.001223,74.125.68.0-255,1484,137212,46,318842
9547,0.001243,74.125.68.0-255,2902,140114,46,318842
9548,0.001258,172.31.46.0-255,66,140180,46,318842
9549,0.00128,74.125.68.0-255,5738,145918,46,318842
9550,0.001284,74.125.68.0-255,2902,148820,46,318842
9551,0.001293,172.31.46.0-255,66,148886,46,318842
9552,0.001304,74.125.68.0-255,4320,153206,46,318842
9553,0.001307,74.125.68.0-255,2902,156108,46,318842
9554,0.001311,172.31.46.0-255,66,156174,46,318842
9555,0.001353,172.31.46.0-255,66,156240,46,318842
9556,0.001386,74.125.68.0-255,2184,158424,46,318842
9557,0.00139,172.31.46.0-255,66,158490,46,318842
9558,0.001398,74.125.68.0-255,2902,161392,46,318842
9559,0.001414,172.31.46.0-255,66,161458,46,318842
9560,0.001426,74.125.68.0-255,7156,168614,46,318842
9561,0.001445,172.31.46.0-255,66,168680,46,318842
9562,0.001458,74.125.68.0-255,4320,173000,46,318842
9563,0.001472,74.125.68.0-255,7156,180156,46,318842
9564,0.001477,172.31.46.0-255,66,180222,46,318842
9565,0.001525,74.125.68.0-255,5738,185960,46,318842
9566,0.00153,172.31.46.0-255,66,186026,46,318842
9567,0.001543,74.125.68.0-255,6438,192464,46,318842
9568,0.001553,172.31.46.0-255,66,192530,46,318842
9569,0.001588,74.125.68.0-255,4320,196850,46,318842
9570,0.001601,74.125.68.0-255,1484,198334,46,318842
9571,0.001605,172.31.46.0-255,66,198400,46,318842
9572,0.00162,74.125.68.0-255,1484,199884,46,318842
9573,0.001638,74.125.68.0-255,5738,205622,46,318842
9574,0.001648,172.31.46.0-255,66,205688,46,318842
9575,0.001657,74.125.68.0-255,2902,208590,46,318842
9576,0.001682,172.31.46.0-255,66,208656,46,318842
9577,0.001742,74.125.68.0-255,5738,214394,46,318842
9578,0.00175,172.31.46.0-255,66,214460,46,318842
9579,0.001782,172.31.46.0-255,66,214526,46,318842
9580,0.00182,74.125.68.0-255,4320,218846,46,318842
9581,0.001828,172.31.46.0-255,66,218912,46,318842
9582,0.001872,172.31.46.0-255,66,218978,46,318842
9583,0.001957,172.31.46.0-255,66,219044,46,318842
9584,0.001998,172.31.46.0-255,66,219110,46,318842
9585,0.002076,74.125.68.0-255,4320,223430,46,318842
9586,0.002085,172.31.46.0-255,66,223496,46,318842
9587,0.002115,172.31.46.0-255,66,223562,46,318842
9588,0.002156,74.125.68.0-255,1484,225046,46,318842
9589,0.00217,74.125.68.0-255,2902,227948,46,318842
9590,0.002204,172.31.46.0-255,66,228014,46,318842
9591,0.002221,74.125.68.0-255,5738,233752,46,318842
9592,0.002224,74.125.68.0-255,1484,235236,46,318842
9593,0.002245,74.125.68.0-255,5738,240974,46,318842
9594,0.00225,74.125.68.0-255,4320,245294,46,318842
9595,0.002261,74.125.68.0-255,1484,246778,46,318842
9596,0.002264,172.31.46.0-255,66,246844,46,318842
9597,0.002278,74.125.68.0-255,2902,249746,46,318842
9598,0.002297,74.125.68.0-255,4320,254066,46,318842
9599,0.002299,172.31.46.0-255,66,254132,46,318842
9600,0.002303,172.31.46.0-255,66,254198,46,318842
9601,0.002336,74.125.68.0-255,3602,257800,46,318842
9602,0.00234,172.31.46.0-255,66,257866,46,318842
9603,0.004566,74.125.68.0-255,1484,259350,46,318842
9604,0.004611,74.125.68.0-255,4320,263670,46,318842
9605,0.004615,172.31.46.0-255,66,263736,46,318842
9606,0.006881,74.125.68.0-255,5738,269474,46,318842
9607,0.00805,172.31.46.0-255,66,269540,46,318842
9608,0.010327,74.125.68.0-255,5738,275278,46,318842
9609,0.010333,172.31.46.0-255,66,275344,46,318842
9610,0.012609,74.125.68.0-255,5738,281082,46,318842
9611,0.01488,172.31.46.0-255,66,281148,46,318842
9612,0.017159,74.125.68.0-255,5738,286886,46,318842
9613,0.017169,172.31.46.0-255,66,286952,46,318842
9614,0.019443,74.125.68.0-255,5738,292690,46,318842
9615,0.01945,172.31.46.0-255,66,292756,46,318842
9616,0.021731,74.125.68.0-255,5738,298494,46,318842
9617,0.021737,172.31.46.0-255,66,298560,46,318842
9618,0.024014,74.125.68.0-255,5738,304298,46,318842
9619,0.02402,172.31.46.0-255,66,304364,46,318842
9620,0.026293,74.125.68.0-255,5203,309567,46,318842
9621,0.0263,172.31.46.0-255,66,309633,46,318842
9622,0.026482,172.31.46.0-255,105,309738,46,318842
9623,0.028715,74.125.68.0-255,66,309804,46,318842
9624,0.032195,172.31.46.0-255,172,309976,46,318842
9625,0.032225,172.31.46.0-255,1114,311090,46,318842
9626,0.032289,172.31.46.0-255,1514,312604,46,318842
9627,0.032291,172.31.46.0-255,1514,314118,46,318842
9628,0.032292,172.31.46.0-255,1514,315632,46,318842
9629,0.032293,172.31.46.0-255,1514,317146,46,318842
9630,0.032319,172.31.46.0-255,1498,318644,46,318842
9631,0.033787,104.244.42.0-255,66,318710,46,318842
9632,0.033818,104.244.42.0-255,66,318776,46,318842
9633,0.033935,104.244.42.0-255,66,318842,46,318842
9634,0.0,172.217.194.0-255,150,150,46,244137
9635,2.3e-05,172.31.46.0-255,66,216,46,244137
9636,2.9e-05,172.217.194.0-255,1484,1700,46,244137
9637,3.4e-05,172.31.46.0-255,66,1766,46,244137
9638,4e-05,172.217.194.0-255,2902,4668,46,244137
9639,5.2e-05,172.31.46.0-255,66,4734,46,244137
9640,6e-05,172.217.194.0-255,7156,11890,46,244137
9641,6.3e-05,172.31.46.0-255,66,11956,46,244137
9642,6.8e-05,172.217.194.0-255,3485,15441,46,244137
9643,7.1e-05,172.31.46.0-255,66,15507,46,244137
9644,8.6e-05,172.31.46.0-255,66,15573,46,244137
9645,9.1e-05,172.217.194.0-255,2543,18116,46,244137
9646,9.4e-05,172.31.46.0-255,66,18182,46,244137
9647,0.000145,172.217.194.0-255,1484,19666,46,244137
9648,0.000148,172.31.46.0-255,66,19732,46,244137
9649,0.000185,172.217.194.0-255,2902,22634,46,244137
9650,0.000188,172.31.46.0-255,66,22700,46,244137
9651,0.000195,172.217.194.0-255,5738,28438,46,244137
9652,0.000197,172.31.46.0-255,66,28504,46,244137
9653,0.000212,172.31.46.0-255,66,28570,46,244137
9654,0.000217,172.217.194.0-255,4320,32890,46,244137
9655,0.00022,172.31.46.0-255,66,32956,46,244137
9656,0.000255,172.217.194.0-255,5738,38694,46,244137
9657,0.000258,172.31.46.0-255,66,38760,46,244137
9658,0.000293,172.217.194.0-255,4234,42994,46,244137
9659,0.000297,172.31.46.0-255,66,43060,46,244137
9660,0.000321,172.217.194.0-255,122,43182,46,244137
9661,0.000324,172.31.46.0-255,66,43248,46,244137
9662,0.000725,172.217.194.0-255,379,43627,46,244137
9663,0.000731,172.31.46.0-255,66,43693,46,244137
9664,0.000832,172.217.194.0-255,1484,45177,46,244137
9665,0.000839,172.217.194.0-255,2902,48079,46,244137
9666,0.000842,172.31.46.0-255,66,48145,46,244137
9667,0.000877,172.217.194.0-255,5738,53883,46,244137
9668,0.000881,172.31.46.0-255,66,53949,46,244137
9669,0.000909,172.217.194.0-255,6248,60197,46,244137
9670,0.000912,172.31.46.0-255,66,60263,46,244137
9671,0.001346,172.217.194.0-255,1484,61747,46,244137
9672,0.001351,172.217.194.0-255,1484,63231,46,244137
9673,0.001355,172.31.46.0-255,66,63297,46,244137
9674,0.001369,172.217.194.0-255,1484,64781,46,244137
9675,0.00138,172.217.194.0-255,5738,70519,46,244137
9676,0.001383,172.31.46.0-255,66,70585,46,244137
9677,0.001387,172.217.194.0-255,1484,72069,46,244137
9678,0.001425,172.31.46.0-255,66,72135,46,244137
9679,0.001442,172.31.46.0-255,66,72201,46,244137
9680,0.001601,172.217.194.0-255,1484,73685,46,244137
9681,0.001629,172.217.194.0-255,2902,76587,46,244137
9682,0.001633,172.31.46.0-255,66,76653,46,244137
9683,0.00164,172.217.194.0-255,5738,82391,46,244137
9684,0.001642,172.31.46.0-255,66,82457,46,244137
9685,0.001676,172.217.194.0-255,2902,85359,46,244137
9686,0.001679,172.31.46.0-255,66,85425,46,244137
9687,0.001721,172.31.46.0-255,66,85491,46,244137
9688,0.001731,172.31.46.0-255,66,85557,46,244137
9689,0.00174,172.217.194.0-255,2184,87741,46,244137
9690,0.001742,172.31.46.0-255,66,87807,46,244137
9691,0.001746,172.217.194.0-255,2902,90709,46,244137
9692,0.001749,172.31.46.0-255,66,90775,46,244137
9693,0.001756,172.217.194.0-255,7156,97931,46,244137
9694,0.001758,172.31.46.0-255,66,97997,46,244137
9695,0.001813,172.31.46.0-255,66,98063,46,244137
9696,0.00182,172.217.194.0-255,5738,103801,46,244137
9697,0.001822,172.31.46.0-255,66,103867,46,244137
9698,0.001858,172.217.194.0-255,2184,106051,46,244137
9699,0.001861,172.31.46.0-255,66,106117,46,244137
9700,0.001873,172.31.46.0-255,66,106183,46,244137
9701,0.001883,172.217.194.0-255,5738,111921,46,244137
9702,0.001885,172.31.46.0-255,66,111987,46,244137
9703,0.001928,172.31.46.0-255,66,112053,46,244137
9704,0.001935,172.217.194.0-255,6438,118491,46,244137
9705,0.001937,172.31.46.0-255,66,118557,46,244137
9706,0.002037,172.217.194.0-255,1484,120041,46,244137
9707,0.002053,172.217.194.0-255,2902,122943,46,244137
9708,0.002057,172.31.46.0-255,66,123009,46,244137
9709,0.002089,172.217.194.0-255,5738,128747,46,244137
9710,0.002092,172.31.46.0-255,66,128813,46,244137
9711,0.002104,172.31.46.0-255,66,128879,46,244137
9712,0.002121,172.217.194.0-255,2902,131781,46,244137
9713,0.002124,172.31.46.0-255,66,131847,46,244137
9714,0.00214,172.31.46.0-255,66,131913,46,244137
9715,0.004246,172.217.194.0-255,5738,137651,46,244137
9716,0.004253,172.31.46.0-255,66,137717,46,244137
9717,0.006338,172.217.194.0-255,5738,143455,46,244137
9718,0.006346,172.31.46.0-255,66,143521,46,244137
9719,0.008431,172.217.194.0-255,1484,145005,46,244137
9720,0.008449,172.217.194.0-255,4320,149325,46,244137
9721,0.008452,172.31.46.0-255,66,149391,46,244137
9722,0.010548,172.217.194.0-255,5738,155129,46,244137
9723,0.010555,172.31.46.0-255,66,155195,46,244137
9724,0.01264,172.217.194.0-255,5738,160933,46,244137
9725,0.012647,172.31.46.0-255,66,160999,46,244137
9726,0.014733,172.217.194.0-255,5738,166737,46,244137
9727,0.014747,172.31.46.0-255,66,166803,46,244137
9728,0.016843,172.217.194.0-255,5738,172541,46,244137
9729,0.016854,172.31.46.0-255,66,172607,46,244137
9730,0.018931,172.217.194.0-255,5738,178345,46,244137
9731,0.01894,172.31.46.0-255,66,178411,46,244137
9732,0.020995,172.217.194.0-255,5738,184149,46,244137
9733,0.021003,172.31.46.0-255,66,184215,46,244137
9734,0.023087,172.217.194.0-255,5738,189953,46,244137
9735,0.023092,172.31.46.0-255,66,190019,46,244137
9736,0.025208,172.217.194.0-255,5738,195757,46,244137
9737,0.025223,172.31.46.0-255,66,195823,46,244137
9738,0.027276,172.217.194.0-255,5738,201561,46,244137
9739,0.027284,172.31.46.0-255,66,201627,46,244137
9740,0.029361,172.217.194.0-255,5738,207365,46,244137
9741,0.029368,172.31.46.0-255,66,207431,46,244137
9742,0.031436,172.217.194.0-255,5738,213169,46,244137
9743,0.031442,172.31.46.0-255,66,213235,46,244137
9744,0.033539,172.217.194.0-255,4320,217555,46,244137
9745,0.033547,172.31.46.0-255,66,217621,46,244137
9746,0.033569,172.217.194.0-255,1484,219105,46,244137
9747,0.035642,172.217.194.0-255,4320,223425,46,244137
9748,0.035649,172.31.46.0-255,66,223491,46,244137
9749,0.03618,172.31.46.0-255,172,223663,46,244137
9750,0.036208,172.31.46.0-255,1120,224783,46,244137
9751,0.036264,172.31.46.0-255,1514,226297,46,244137
9752,0.036266,172.31.46.0-255,1514,227811,46,244137
9753,0.036271,172.31.46.0-255,1514,229325,46,244137
9754,0.036272,172.31.46.0-255,1514,230839,46,244137
9755,0.036297,172.31.46.0-255,1492,232331,46,244137
9756,0.037713,172.217.194.0-255,5738,238069,46,244137
9757,0.03772,172.31.46.0-255,66,238135,46,244137
9758,0.037749,104.244.42.0-255,66,238201,46,244137
9759,0.037786,104.244.42.0-255,66,238267,46,244137
9760,0.037829,104.244.42.0-255,66,238333,46,244137
9761,0.039825,172.217.194.0-255,5738,244071,46,244137
9762,0.039831,172.31.46.0-255,66,244137,46,244137
9763,0.0,74.125.24.0-255,153,153,46,207344
9764,2.1e-05,172.31.46.0-255,66,219,46,207344
9765,2.8e-05,74.125.24.0-255,1484,1703,46,207344
9766,3.3e-05,172.31.46.0-255,66,1769,46,207344
9767,3.7e-05,74.125.24.0-255,2902,4671,46,207344
9768,4e-05,172.31.46.0-255,66,4737,46,207344
9769,4.7e-05,74.125.24.0-255,7156,11893,46,207344
9770,4.9e-05,172.31.46.0-255,66,11959,46,207344
9771,5.4e-05,74.125.24.0-255,3519,15478,46,207344
9772,5.6e-05,172.31.46.0-255,66,15544,46,207344
9773,8.9e-05,172.31.46.0-255,66,15610,46,207344
9774,9.2e-05,74.125.24.0-255,1484,17094,46,207344
9775,9.4e-05,172.31.46.0-255,66,17160,46,207344
9776,0.000113,74.125.24.0-255,1125,18285,46,207344
9777,0.000115,172.31.46.0-255,66,18351,46,207344
9778,0.000197,74.125.24.0-255,1484,19835,46,207344
9779,0.0002,172.31.46.0-255,66,19901,46,207344
9780,0.000226,74.125.24.0-255,2902,22803,46,207344
9781,0.000229,172.31.46.0-255,66,22869,46,207344
9782,0.000235,74.125.24.0-255,5738,28607,46,207344
9783,0.000236,172.31.46.0-255,66,28673,46,207344
9784,0.000257,172.31.46.0-255,66,28739,46,207344
9785,0.000272,74.125.24.0-255,5379,34118,46,207344
9786,0.000274,172.31.46.0-255,66,34184,46,207344
9787,0.000299,74.125.24.0-255,5738,39922,46,207344
9788,0.000301,172.31.46.0-255,66,39988,46,207344
9789,0.000318,74.125.24.0-255,4296,44284,46,207344
9790,0.000321,172.31.46.0-255,66,44350,46,207344
9791,0.000415,74.125.24.0-255,1484,45834,46,207344
9792,0.000418,172.31.46.0-255,66,45900,46,207344
9793,0.000423,74.125.24.0-255,2902,48802,46,207344
9794,0.000437,74.125.24.0-255,4320,53122,46,207344
9795,0.00045,74.125.24.0-255,1484,54606,46,207344
9796,0.000455,74.125.24.0-255,4320,58926,46,207344
9797,0.00046,172.31.46.0-255,66,58992,46,207344
9798,0.000474,74.125.24.0-255,4320,63312,46,207344
9799,0.000483,172.31.46.0-255,66,63378,46,207344
9800,0.000516,74.125.24.0-255,6797,70175,46,207344
9801,0.000531,172.31.46.0-255,66,70241,46,207344
9802,0.000638,74.125.24.0-255,1484,71725,46,207344
9803,0.000651,74.125.24.0-255,2902,74627,46,207344
9804,0.000663,74.125.24.0-255,1484,76111,46,207344
9805,0.000684,74.125.24.0-255,4320,80431,46,207344
9806,0.000693,172.31.46.0-255,66,80497,46,207344
9807,0.000703,74.125.24.0-255,5738,86235,46,207344
9808,0.000708,172.31.46.0-255,66,86301,46,207344
9809,0.000721,74.125.24.0-255,7156,93457,46,207344
9810,0.000755,74.125.24.0-255,2902,96359,46,207344
9811,0.000763,172.31.46.0-255,66,96425,46,207344
9812,0.000796,172.31.46.0-255,66,96491,46,207344
9813,0.000822,74.125.24.0-255,1484,97975,46,207344
9814,0.00084,172.31.46.0-255,66,98041,46,207344
9815,0.000882,172.31.46.0-255,66,98107,46,207344
9816,0.001043,74.125.24.0-255,1484,99591,46,207344
9817,0.001047,74.125.24.0-255,1484,101075,46,207344
9818,0.00107,74.125.24.0-255,1484,102559,46,207344
9819,0.001076,74.125.24.0-255,5738,108297,46,207344
9820,0.001083,172.31.46.0-255,66,108363,46,207344
9821,0.00113,74.125.24.0-255,2184,110547,46,207344
9822,0.001142,172.31.46.0-255,66,110613,46,207344
9823,0.001151,74.125.24.0-255,1484,112097,46,207344
9824,0.001166,74.125.24.0-255,2902,114999,46,207344
9825,0.001172,172.31.46.0-255,66,115065,46,207344
9826,0.001188,74.125.24.0-255,5738,120803,46,207344
9827,0.001196,172.31.46.0-255,66,120869,46,207344
9828,0.001226,74.125.24.0-255,2902,123771,46,207344
9829,0.001232,172.31.46.0-255,66,123837,46,207344
9830,0.00126,74.125.24.0-255,7156,130993,46,207344
9831,0.001267,172.31.46.0-255,66,131059,46,207344
9832,0.001277,74.125.24.0-255,3602,134661,46,207344
9833,0.001295,172.31.46.0-255,66,134727,46,207344
9834,0.001362,74.125.24.0-255,1484,136211,46,207344
9835,0.001376,74.125.24.0-255,2902,139113,46,207344
9836,0.001394,74.125.24.0-255,5738,144851,46,207344
9837,0.001405,172.31.46.0-255,66,144917,46,207344
9838,0.001416,74.125.24.0-255,7156,152073,46,207344
9839,0.001421,172.31.46.0-255,66,152139,46,207344
9840,0.001434,74.125.24.0-255,4320,156459,46,207344
9841,0.001453,172.31.46.0-255,66,156525,46,207344
9842,0.001479,172.31.46.0-255,66,156591,46,207344
9843,0.001492,74.125.24.0-255,766,157357,46,207344
9844,0.001532,74.125.24.0-255,1484,158841,46,207344
9845,0.001539,172.31.46.0-255,66,158907,46,207344
9846,0.001548,74.125.24.0-255,2902,161809,46,207344
9847,0.001552,74.125.24.0-255,2902,164711,46,207344
9848,0.001563,74.125.24.0-255,2902,167613,46,207344
9849,0.001579,74.125.24.0-255,4320,171933,46,207344
9850,0.001583,172.31.46.0-255,66,171999,46,207344
9851,0.001609,172.31.46.0-255,66,172065,46,207344
9852,0.001682,74.125.24.0-255,5738,177803,46,207344
9853,0.001697,74.125.24.0-255,5738,183541,46,207344
9854,0.001702,74.125.24.0-255,5738,189279,46,207344
9855,0.001705,172.31.46.0-255,66,189345,46,207344
9856,0.001714,74.125.24.0-255,4320,193665,46,207344
9857,0.001718,172.31.46.0-255,66,193731,46,207344
9858,0.00175,172.31.46.0-255,66,193797,46,207344
9859,0.001753,74.125.24.0-255,766,194563,46,207344
9860,0.001767,172.31.46.0-255,66,194629,46,207344
9861,0.0018,172.31.46.0-255,66,194695,46,207344
9862,0.001842,74.125.24.0-255,2902,197597,46,207344
9863,0.001845,172.31.46.0-255,66,197663,46,207344
9864,0.001849,172.31.46.0-255,66,197729,46,207344
9865,0.001878,74.125.24.0-255,105,197834,46,207344
9866,0.001884,172.31.46.0-255,66,197900,46,207344
9867,0.002773,172.31.46.0-255,101,198001,46,207344
9868,0.00401,172.31.46.0-255,105,198106,46,207344
9869,0.005019,74.125.24.0-255,66,198172,46,207344
9870,0.006241,74.125.24.0-255,66,198238,46,207344
9871,0.033585,172.31.46.0-255,172,198410,46,207344
9872,0.033614,172.31.46.0-255,1114,199524,46,207344
9873,0.033667,172.31.46.0-255,1514,201038,46,207344
9874,0.033668,172.31.46.0-255,1514,202552,46,207344
9875,0.033673,172.31.46.0-255,1514,204066,46,207344
9876,0.033674,172.31.46.0-255,1514,205580,46,207344
9877,0.033703,172.31.46.0-255,1500,207080,46,207344
9878,0.035077,104.244.42.0-255,66,207146,46,207344
9879,0.035096,104.244.42.0-255,66,207212,46,207344
9880,0.035191,104.244.42.0-255,66,207278,46,207344
9881,0.035213,104.244.42.0-255,66,207344,46,207344
9882,0.0,172.217.194.0-255,153,153,46,278835
9883,2.2e-05,172.31.46.0-255,66,219,46,278835
9884,2.8e-05,172.217.194.0-255,1484,1703,46,278835
9885,3.3e-05,172.31.46.0-255,66,1769,46,278835
9886,4.6e-05,172.217.194.0-255,2902,4671,46,278835
9887,5e-05,172.31.46.0-255,66,4737,46,278835
9888,5.5e-05,172.217.194.0-255,2902,7639,46,278835
9889,5.8e-05,172.31.46.0-255,66,7705,46,278835
9890,8.3e-05,172.217.194.0-255,1484,9189,46,278835
9891,8.5e-05,172.31.46.0-255,66,9255,46,278835
9892,0.000102,172.217.194.0-255,6329,15584,46,278835
9893,0.000108,172.31.46.0-255,66,15650,46,278835
9894,0.000116,172.217.194.0-255,7156,22806,46,278835
9895,0.00012,172.31.46.0-255,66,22872,46,278835
9896,0.000122,172.217.194.0-255,1484,24356,46,278835
9897,0.000124,172.31.46.0-255,66,24422,46,278835
9898,0.000166,172.31.46.0-255,66,24488,46,278835
9899,0.000177,172.31.46.0-255,66,24554,46,278835
9900,0.000217,172.217.194.0-255,1484,26038,46,278835
9901,0.000219,172.31.46.0-255,66,26104,46,278835
9902,0.000224,172.217.194.0-255,2902,29006,46,278835
9903,0.000225,172.31.46.0-255,66,29072,46,278835
9904,0.000233,172.217.194.0-255,5738,34810,46,278835
9905,0.000235,172.31.46.0-255,66,34876,46,278835
9906,0.000238,172.217.194.0-255,1484,36360,46,278835
9907,0.00024,172.31.46.0-255,66,36426,46,278835
9908,0.000273,172.217.194.0-255,5657,42083,46,278835
9909,0.000275,172.31.46.0-255,66,42149,46,278835
9910,0.000363,172.217.194.0-255,379,42528,46,278835
9911,0.000366,172.31.46.0-255,66,42594,46,278835
9912,0.000632,172.217.194.0-255,1484,44078,46,278835
9913,0.000651,172.217.194.0-255,2902,46980,46,278835
9914,0.000654,172.31.46.0-255,66,47046,46,278835
9915,0.00066,172.217.194.0-255,5738,52784,46,278835
9916,0.000662,172.31.46.0-255,66,52850,46,278835
9917,0.000688,172.217.194.0-255,7156,60006,46,278835
9918,0.000691,172.31.46.0-255,66,60072,46,278835
9919,0.000713,172.217.194.0-255,5738,65810,46,278835
9920,0.000716,172.31.46.0-255,66,65876,46,278835
9921,0.000874,172.217.194.0-255,1484,67360,46,278835
9922,0.00088,172.217.194.0-255,2902,70262,46,278835
9923,0.000884,172.217.194.0-255,2902,73164,46,278835
9924,0.000904,172.217.194.0-255,2902,76066,46,278835
9925,0.000911,172.217.194.0-255,5738,81804,46,278835
9926,0.000929,172.217.194.0-255,5738,87542,46,278835
9927,0.000993,172.217.194.0-255,3602,91144,46,278835
9928,0.001017,172.217.194.0-255,1484,92628,46,278835
9929,0.001046,172.217.194.0-255,2902,95530,46,278835
9930,0.001049,172.217.194.0-255,1484,97014,46,278835
9931,0.001066,172.217.194.0-255,4320,101334,46,278835
9932,0.001073,172.217.194.0-255,5738,107072,46,278835
9933,0.001088,172.217.194.0-255,4320,111392,46,278835
9934,0.001115,172.217.194.0-255,4320,115712,46,278835
9935,0.001158,172.217.194.0-255,1484,117196,46,278835
9936,0.001162,172.217.194.0-255,2902,120098,46,278835
9937,0.001182,172.217.194.0-255,5738,125836,46,278835
9938,0.001206,172.217.194.0-255,5738,131574,46,278835
9939,0.001226,172.217.194.0-255,7156,138730,46,278835
9940,0.001257,172.217.194.0-255,1484,140214,46,278835
9941,0.001271,172.217.194.0-255,5020,145234,46,278835
9942,0.001297,172.217.194.0-255,7156,152390,46,278835
9943,0.001324,172.217.194.0-255,4320,156710,46,278835
9944,0.001419,172.217.194.0-255,2902,159612,46,278835
9945,0.001435,172.217.194.0-255,3602,163214,46,278835
9946,0.001438,172.217.194.0-255,1484,164698,46,278835
9947,0.001443,172.217.194.0-255,2902,167600,46,278835
9948,0.001449,172.217.194.0-255,5738,173338,46,278835
9949,0.001465,172.217.194.0-255,2902,176240,46,278835
9950,0.001524,172.217.194.0-255,4320,180560,46,278835
9951,0.001546,172.217.194.0-255,6438,186998,46,278835
9952,0.001796,172.217.194.0-255,1484,188482,46,278835
9953,0.0018,172.217.194.0-255,1484,189966,46,278835
9954,0.001816,172.217.194.0-255,1484,191450,46,278835
9955,0.001819,172.217.194.0-255,1484,192934,46,278835
9956,0.001842,172.217.194.0-255,4320,197254,46,278835
9957,0.001846,172.217.194.0-255,1484,198738,46,278835
9958,0.001881,172.217.194.0-255,4320,203058,46,278835
9959,0.002025,172.217.194.0-255,1484,204542,46,278835
9960,0.002031,172.217.194.0-255,2902,207444,46,278835
9961,0.002038,172.217.194.0-255,5738,213182,46,278835
9962,0.002051,172.217.194.0-255,2902,216084,46,278835
9963,0.002065,172.31.46.0-255,66,216150,46,278835
9964,0.002091,172.217.194.0-255,5738,221888,46,278835
9965,0.002103,172.31.46.0-255,66,221954,46,278835
9966,0.004143,172.217.194.0-255,5738,227692,46,278835
9967,0.00415,172.31.46.0-255,66,227758,46,278835
9968,0.006204,172.217.194.0-255,5738,233496,46,278835
9969,0.006211,172.31.46.0-255,66,233562,46,278835
9970,0.008273,172.217.194.0-255,5738,239300,46,278835
9971,0.008276,172.31.46.0-255,66,239366,46,278835
9972,0.010329,172.217.194.0-255,5738,245104,46,278835
9973,0.010336,172.31.46.0-255,66,245170,46,278835
9974,0.012403,172.217.194.0-255,5738,250908,46,278835
9975,0.01241,172.31.46.0-255,66,250974,46,278835
9976,0.01447,172.217.194.0-255,5738,256712,46,278835
9977,0.014479,172.31.46.0-255,66,256778,46,278835
9978,0.016508,172.217.194.0-255,5738,262516,46,278835
9979,0.016515,172.31.46.0-255,66,262582,46,278835
9980,0.018549,172.217.194.0-255,5738,268320,46,278835
9981,0.018557,172.31.46.0-255,66,268386,46,278835
9982,0.020594,172.217.194.0-255,1173,269559,46,278835
9983,0.020734,172.31.46.0-255,66,269625,46,278835
9984,0.020771,172.31.46.0-255,105,269730,46,278835
9985,0.022779,172.217.194.0-255,66,269796,46,278835
9986,0.038046,172.31.46.0-255,172,269968,46,278835
9987,0.038076,172.31.46.0-255,1120,271088,46,278835
9988,0.038143,172.31.46.0-255,1514,272602,46,278835
9989,0.038145,172.31.46.0-255,1514,274116,46,278835
9990,0.038146,172.31.46.0-255,1514,275630,46,278835
9991,0.038147,172.31.46.0-255,1514,277144,46,278835
9992,0.038174,172.31.46.0-255,1493,278637,46,278835
9993,0.039621,104.244.42.0-255,66,278703,46,278835
9994,0.039676,104.244.42.0-255,66,278769,46,278835
9995,0.039723,104.244.42.0-255,66,278835,46,278835
9996,0.0,74.125.24.0-255,153,153,46,202628
9997,2e-05,172.31.46.0-255,66,219,46,202628
9998,2.6e-05,74.125.24.0-255,1484,1703,46,202628
9999,3.1e-05,172.31.46.0-255,66,1769,46,202628
10000,3.6e-05,74.125.24.0-255,2902,4671,46,202628
10001,3.9e-05,172.31.46.0-255,66,4737,46,202628
10002,4.4e-05,74.125.24.0-255,4320,9057,46,202628
10003,4.7e-05,172.31.46.0-255,66,9123,46,202628
10004,7.4e-05,74.125.24.0-255,2902,12025,46,202628
10005,7.6e-05,172.31.46.0-255,66,12091,46,202628
10006,8.1e-05,74.125.24.0-255,2040,14131,46,202628
10007,8.3e-05,172.31.46.0-255,66,14197,46,202628
10008,0.000175,74.125.24.0-255,1484,15681,46,202628
10009,0.000178,172.31.46.0-255,66,15747,46,202628
10010,0.000183,74.125.24.0-255,2902,18649,46,202628
10011,0.000185,172.31.46.0-255,66,18715,46,202628
10012,0.000188,74.125.24.0-255,1484,20199,46,202628
10013,0.00019,172.31.46.0-255,66,20265,46,202628
10014,0.000215,74.125.24.0-255,4320,24585,46,202628
10015,0.000218,172.31.46.0-255,66,24651,46,202628
10016,0.000223,74.125.24.0-255,2902,27553,46,202628
10017,0.000225,172.31.46.0-255,66,27619,46,202628
10018,0.000249,74.125.24.0-255,3961,31580,46,202628
10019,0.000251,172.31.46.0-255,66,31646,46,202628
10020,0.000269,74.125.24.0-255,2902,34548,46,202628
10021,0.000271,172.31.46.0-255,66,34614,46,202628
10022,0.000296,172.31.46.0-255,66,34680,46,202628
10023,0.000334,74.125.24.0-255,4320,39000,46,202628
10024,0.000337,172.31.46.0-255,66,39066,46,202628
10025,0.000353,74.125.24.0-255,1125,40191,46,202628
10026,0.000356,172.31.46.0-255,66,40257,46,202628
10027,0.000362,74.125.24.0-255,5738,45995,46,202628
10028,0.000364,172.31.46.0-255,66,46061,46,202628
10029,0.000385,74.125.24.0-255,1484,47545,46,202628
10030,0.000422,172.31.46.0-255,66,47611,46,202628
10031,0.00044,74.125.24.0-255,133,47744,46,202628
10032,0.00048,74.125.24.0-255,1484,49228,46,202628
10033,0.000483,172.31.46.0-255,66,49294,46,202628
10034,0.000488,74.125.24.0-255,2902,52196,46,202628
10035,0.000491,172.31.46.0-255,66,52262,46,202628
10036,0.000529,74.125.24.0-255,2902,55164,46,202628
10037,0.000532,172.31.46.0-255,66,55230,46,202628
10038,0.000552,74.125.24.0-255,4320,59550,46,202628
10039,0.000555,172.31.46.0-255,66,59616,46,202628
10040,0.000566,172.31.46.0-255,66,59682,46,202628
10041,0.000599,74.125.24.0-255,5738,65420,46,202628
10042,0.000602,172.31.46.0-255,66,65486,46,202628
10043,0.000623,74.125.24.0-255,1484,66970,46,202628
10044,0.00063,74.125.24.0-255,6438,73408,46,202628
10045,0.000634,172.31.46.0-255,66,73474,46,202628
10046,0.000776,74.125.24.0-255,1484,74958,46,202628
10047,0.000781,74.125.24.0-255,1484,76442,46,202628
10048,0.000784,172.31.46.0-255,66,76508,46,202628
10049,0.0008,74.125.24.0-255,1484,77992,46,202628
10050,0.000808,74.125.24.0-255,5738,83730,46,202628
10051,0.00081,172.31.46.0-255,66,83796,46,202628
10052,0.000825,74.125.24.0-255,4320,88116,46,202628
10053,0.000828,172.31.46.0-255,66,88182,46,202628
10054,0.000831,74.125.24.0-255,1484,89666,46,202628
10055,0.000854,74.125.24.0-255,4320,93986,46,202628
10056,0.000857,172.31.46.0-255,66,94052,46,202628
10057,0.000879,74.125.24.0-255,5738,99790,46,202628
10058,0.000881,172.31.46.0-255,66,99856,46,202628
10059,0.000902,74.125.24.0-255,5738,105594,46,202628
10060,0.000905,172.31.46.0-255,66,105660,46,202628
10061,0.000926,74.125.24.0-255,2184,107844,46,202628
10062,0.000928,172.31.46.0-255,66,107910,46,202628
10063,0.000942,74.125.24.0-255,1484,109394,46,202628
10064,0.000954,74.125.24.0-255,2902,112296,46,202628
10065,0.000956,172.31.46.0-255,66,112362,46,202628
10066,0.000969,74.125.24.0-255,1484,113846,46,202628
10067,0.000987,74.125.24.0-255,4320,118166,46,202628
10068,0.000989,172.31.46.0-255,66,118232,46,202628
10069,0.000992,74.125.24.0-255,1484,119716,46,202628
10070,0.001003,74.125.24.0-255,1484,121200,46,202628
10071,0.001005,172.31.46.0-255,66,121266,46,202628
10072,0.001037,172.31.46.0-255,66,121332,46,202628
10073,0.001058,74.125.24.0-255,1484,122816,46,202628
10074,0.00107,172.31.46.0-255,66,122882,46,202628
10075,0.001134,74.125.24.0-255,1484,124366,46,202628
10076,0.001151,74.125.24.0-255,2902,127268,46,202628
10077,0.001154,172.31.46.0-255,66,127334,46,202628
10078,0.001177,74.125.24.0-255,5738,133072,46,202628
10079,0.00118,172.31.46.0-255,66,133138,46,202628
10080,0.001204,74.125.24.0-255,1484,134622,46,202628
10081,0.001216,74.125.24.0-255,2902,137524,46,202628
10082,0.001218,172.31.46.0-255,66,137590,46,202628
10083,0.001246,74.125.24.0-255,5738,143328,46,202628
10084,0.00127,172.31.46.0-255,66,143394,46,202628
10085,0.001518,74.125.24.0-255,1484,144878,46,202628
10086,0.001536,74.125.24.0-255,2902,147780,46,202628
10087,0.001539,172.31.46.0-255,66,147846,46,202628
10088,0.001554,74.125.24.0-255,4320,152166,46,202628
10089,0.001556,172.31.46.0-255,66,152232,46,202628
10090,0.00158,74.125.24.0-255,1484,153716,46,202628
10091,0.001591,172.31.46.0-255,66,153782,46,202628
10092,0.001642,74.125.24.0-255,5738,159520,46,202628
10093,0.001645,172.31.46.0-255,66,159586,46,202628
10094,0.001676,74.125.24.0-255,4320,163906,46,202628
10095,0.001702,172.31.46.0-255,66,163972,46,202628
10096,0.001708,172.31.46.0-255,66,164038,46,202628
10097,0.00173,74.125.24.0-255,2902,166940,46,202628
10098,0.001733,172.31.46.0-255,66,167006,46,202628
10099,0.00179,172.31.46.0-255,66,167072,46,202628
10100,0.001812,74.125.24.0-255,3602,170674,46,202628
10101,0.001834,74.125.24.0-255,5020,175694,46,202628
10102,0.001842,172.31.46.0-255,66,175760,46,202628
10103,0.001882,74.125.24.0-255,7156,182916,46,202628
10104,0.00189,172.31.46.0-255,66,182982,46,202628
10105,0.001919,172.31.46.0-255,66,183048,46,202628
10106,0.001948,74.125.24.0-255,4320,187368,46,202628
10107,0.00196,172.31.46.0-255,66,187434,46,202628
10108,0.001996,172.31.46.0-255,66,187500,46,202628
10109,0.002009,74.125.24.0-255,2902,190402,46,202628
10110,0.002023,172.31.46.0-255,66,190468,46,202628
10111,0.002052,74.125.24.0-255,2612,193080,46,202628
10112,0.002063,74.125.24.0-255,105,193185,46,202628
10113,0.002073,172.31.46.0-255,66,193251,46,202628
10114,0.003662,172.31.46.0-255,101,193352,46,202628
10115,0.004175,172.31.46.0-255,105,193457,46,202628
10116,0.005868,74.125.24.0-255,66,193523,46,202628
10117,0.006313,74.125.24.0-255,66,193589,46,202628
10118,0.036233,172.31.46.0-255,172,193761,46,202628
10119,0.036264,172.31.46.0-255,1118,194879,46,202628
10120,0.036343,172.31.46.0-255,1514,196393,46,202628
10121,0.036346,172.31.46.0-255,1514,197907,46,202628
10122,0.036352,172.31.46.0-255,1514,199421,46,202628
10123,0.036353,172.31.46.0-255,1514,200935,46,202628
10124,0.036371,172.31.46.0-255,1495,202430,46,202628
10125,0.03789,104.244.42.0-255,66,202496,46,202628
10126,0.037923,104.244.42.0-255,66,202562,46,202628
10127,0.038023,104.244.42.0-255,66,202628,46,202628
10128,0.0,172.217.194.0-255,150,150,46,205738
10129,1.9e-05,172.31.46.0-255,66,216,46,205738
10130,2.5e-05,172.217.194.0-255,1484,1700,46,205738
10131,2.9e-05,172.31.46.0-255,66,1766,46,205738
10132,3.4e-05,172.217.194.0-255,2902,4668,46,205738
10133,3.6e-05,172.31.46.0-255,66,4734,46,205738
10134,4.8e-05,172.217.194.0-255,5738,10472,46,205738
10135,5.1e-05,172.31.46.0-255,66,10538,46,205738
10136,8e-05,172.217.194.0-255,1484,12022,46,205738
10137,8.2e-05,172.31.46.0-255,66,12088,46,205738
10138,0.000107,172.31.46.0-255,66,12154,46,205738
10139,0.000111,172.217.194.0-255,2543,14697,46,205738
10140,0.000113,172.31.46.0-255,66,14763,46,205738
10141,0.000142,172.217.194.0-255,1484,16247,46,205738
10142,0.000144,172.31.46.0-255,66,16313,46,205738
10143,0.000149,172.217.194.0-255,2902,19215,46,205738
10144,0.000151,172.31.46.0-255,66,19281,46,205738
10145,0.000155,172.217.194.0-255,2902,22183,46,205738
10146,0.000156,172.31.46.0-255,66,22249,46,205738
10147,0.000187,172.217.194.0-255,2902,25151,46,205738
10148,0.000189,172.31.46.0-255,66,25217,46,205738
10149,0.000193,172.217.194.0-255,2902,28119,46,205738
10150,0.000195,172.31.46.0-255,66,28185,46,205738
10151,0.000242,172.31.46.0-255,66,28251,46,205738
10152,0.000245,172.217.194.0-255,1484,29735,46,205738
10153,0.000247,172.31.46.0-255,66,29801,46,205738
10154,0.000257,172.31.46.0-255,66,29867,46,205738
10155,0.000265,172.217.194.0-255,377,30244,46,205738
10156,0.000268,172.31.46.0-255,66,30310,46,205738
10157,0.000513,172.217.194.0-255,99,30409,46,205738
10158,0.000539,172.217.194.0-255,363,30772,46,205738
10159,0.000728,172.217.194.0-255,1484,32256,46,205738
10160,0.000733,172.31.46.0-255,66,32322,46,205738
10161,0.000739,172.217.194.0-255,2902,35224,46,205738
10162,0.000741,172.31.46.0-255,66,35290,46,205738
10163,0.000754,172.217.194.0-255,5738,41028,46,205738
10164,0.000757,172.31.46.0-255,66,41094,46,205738
10165,0.000781,172.217.194.0-255,1484,42578,46,205738
10166,0.000805,172.31.46.0-255,66,42644,46,205738
10167,0.000812,172.217.194.0-255,5738,48382,46,205738
10168,0.000814,172.31.46.0-255,66,48448,46,205738
10169,0.00087,172.217.194.0-255,5020,53468,46,205738
10170,0.000874,172.31.46.0-255,66,53534,46,205738
10171,0.001635,172.217.194.0-255,1484,55018,46,205738
10172,0.001643,172.217.194.0-255,2902,57920,46,205738
10173,0.001648,172.31.46.0-255,66,57986,46,205738
10174,0.001656,172.217.194.0-255,5738,63724,46,205738
10175,0.001658,172.31.46.0-255,66,63790,46,205738
10176,0.001668,172.217.194.0-255,2902,66692,46,205738
10177,0.00167,172.31.46.0-255,66,66758,46,205738
10178,0.001704,172.31.46.0-255,66,66824,46,205738
10179,0.001711,172.217.194.0-255,7156,73980,46,205738
10180,0.001714,172.31.46.0-255,66,74046,46,205738
10181,0.001744,172.217.194.0-255,3602,77648,46,205738
10182,0.001746,172.31.46.0-255,66,77714,46,205738
10183,0.001816,172.217.194.0-255,1484,79198,46,205738
10184,0.001819,172.217.194.0-255,1484,80682,46,205738
10185,0.001821,172.31.46.0-255,66,80748,46,205738
10186,0.001846,172.217.194.0-255,1484,82232,46,205738
10187,0.001851,172.217.194.0-255,5738,87970,46,205738
10188,0.001853,172.31.46.0-255,66,88036,46,205738
10189,0.001858,172.217.194.0-255,4320,92356,46,205738
10190,0.00186,172.31.46.0-255,66,92422,46,205738
10191,0.001893,172.31.46.0-255,66,92488,46,205738
10192,0.001938,172.217.194.0-255,2902,95390,46,205738
10193,0.001939,172.31.46.0-255,66,95456,46,205738
10194,0.001969,172.31.46.0-255,66,95522,46,205738
10195,0.002353,172.217.194.0-255,1484,97006,46,205738
10196,0.002366,172.217.194.0-255,2902,99908,46,205738
10197,0.002368,172.31.46.0-255,66,99974,46,205738
10198,0.002371,172.217.194.0-255,1484,101458,46,205738
10199,0.002396,172.217.194.0-255,4320,105778,46,205738
10200,0.002398,172.31.46.0-255,66,105844,46,205738
10201,0.002401,172.217.194.0-255,1484,107328,46,205738
10202,0.002436,172.31.46.0-255,66,107394,46,205738
10203,0.002448,172.31.46.0-255,66,107460,46,205738
10204,0.002464,172.31.46.0-255,66,107526,46,205738
10205,0.002466,172.217.194.0-255,1484,109010,46,205738
10206,0.002472,172.217.194.0-255,5738,114748,46,205738
10207,0.002475,172.31.46.0-255,66,114814,46,205738
10208,0.002477,172.217.194.0-255,1484,116298,46,205738
10209,0.002507,172.217.194.0-255,1484,117782,46,205738
10210,0.002509,172.31.46.0-255,66,117848,46,205738
10211,0.002511,172.217.194.0-255,1484,119332,46,205738
10212,0.002529,172.217.194.0-255,4320,123652,46,205738
10213,0.002531,172.31.46.0-255,66,123718,46,205738
10214,0.002561,172.217.194.0-255,6438,130156,46,205738
10215,0.002563,172.31.46.0-255,66,130222,46,205738
10216,0.002742,172.217.194.0-255,1484,131706,46,205738
10217,0.002757,172.217.194.0-255,2902,134608,46,205738
10218,0.002759,172.31.46.0-255,66,134674,46,205738
10219,0.002765,172.217.194.0-255,5738,140412,46,205738
10220,0.002767,172.31.46.0-255,66,140478,46,205738
10221,0.002805,172.31.46.0-255,66,140544,46,205738
10222,0.002869,172.217.194.0-255,5738,146282,46,205738
10223,0.002871,172.31.46.0-255,66,146348,46,205738
10224,0.002899,172.31.46.0-255,66,146414,46,205738
10225,0.002922,172.217.194.0-255,1484,147898,46,205738
10226,0.002926,172.217.194.0-255,2902,150800,46,205738
10227,0.002928,172.31.46.0-255,66,150866,46,205738
10228,0.002932,172.217.194.0-255,2902,153768,46,205738
10229,0.002934,172.31.46.0-255,66,153834,46,205738
10230,0.002966,172.217.194.0-255,2902,156736,46,205738
10231,0.002968,172.31.46.0-255,66,156802,46,205738
10232,0.00298,172.31.46.0-255,66,156868,46,205738
10233,0.002982,172.217.194.0-255,1484,158352,46,205738
10234,0.00302,172.31.46.0-255,66,158418,46,205738
10235,0.003033,172.217.194.0-255,2902,161320,46,205738
10236,0.003039,172.31.46.0-255,66,161386,46,205738
10237,0.003073,172.31.46.0-255,66,161452,46,205738
10238,0.00308,172.217.194.0-255,5738,167190,46,205738
10239,0.003082,172.31.46.0-255,66,167256,46,205738
10240,0.003106,172.217.194.0-255,7156,174412,46,205738
10241,0.003109,172.31.46.0-255,66,174478,46,205738
10242,0.003119,172.31.46.0-255,66,174544,46,205738
10243,0.003126,172.217.194.0-255,7156,181700,46,205738
10244,0.003128,172.31.46.0-255,66,181766,46,205738
10245,0.003152,172.217.194.0-255,2902,184668,46,205738
10246,0.003154,172.31.46.0-255,66,184734,46,205738
10247,0.003161,172.217.194.0-255,5738,190472,46,205738
10248,0.003163,172.31.46.0-255,66,190538,46,205738
10249,0.003206,172.31.46.0-255,66,190604,46,205738
10250,0.003217,172.31.46.0-255,66,190670,46,205738
10251,0.003227,172.31.46.0-255,66,190736,46,205738
10252,0.003255,172.217.194.0-255,1484,192220,46,205738
10253,0.003258,172.217.194.0-255,1484,193704,46,205738
10254,0.00326,172.31.46.0-255,66,193770,46,205738
10255,0.003264,172.217.194.0-255,2326,196096,46,205738
10256,0.003265,172.31.46.0-255,66,196162,46,205738
10257,0.003268,172.217.194.0-255,105,196267,46,205738
10258,0.005833,172.31.46.0-255,66,196333,46,205738
10259,0.005865,172.31.46.0-255,105,196438,46,205738
10260,0.00833,172.217.194.0-255,66,196504,46,205738
10261,0.029295,172.31.46.0-255,193,196697,46,205738
10262,0.029328,172.31.46.0-255,1118,197815,46,205738
10263,0.029415,172.31.46.0-255,1514,199329,46,205738
10264,0.029418,172.31.46.0-255,1514,200843,46,205738
10265,0.029419,172.31.46.0-255,1514,202357,46,205738
10266,0.029423,172.31.46.0-255,1514,203871,46,205738
10267,0.029425,172.31.46.0-255,1495,205366,46,205738
10268,0.030994,104.244.42.0-255,66,205432,46,205738
10269,0.031004,104.244.42.0-255,66,205498,46,205738
10270,0.0311,104.244.42.0-255,66,205564,46,205738
10271,0.031858,104.244.42.0-255,108,205672,46,205738
10272,0.031869,172.31.46.0-255,66,205738,46,205738
10273,0.0,172.217.194.0-255,152,152,46,305448
10274,2.1e-05,172.31.46.0-255,66,218,46,305448
10275,2.8e-05,172.217.194.0-255,1484,1702,46,305448
10276,3.2e-05,172.31.46.0-255,66,1768,46,305448
10277,3.7e-05,172.217.194.0-255,2902,4670,46,305448
10278,4e-05,172.31.46.0-255,66,4736,46,305448
10279,4.6e-05,172.217.194.0-255,7156,11892,46,305448
10280,4.9e-05,172.31.46.0-255,66,11958,46,305448
10281,5.1e-05,172.217.194.0-255,1484,13442,46,305448
10282,5.3e-05,172.31.46.0-255,66,13508,46,305448
10283,9.7e-05,172.217.194.0-255,624,14132,46,305448
10284,0.0001,172.31.46.0-255,66,14198,46,305448
10285,0.000236,172.217.194.0-255,1484,15682,46,305448
10286,0.00024,172.31.46.0-255,66,15748,46,305448
10287,0.000245,172.217.194.0-255,2902,18650,46,305448
10288,0.000248,172.31.46.0-255,66,18716,46,305448
10289,0.000253,172.217.194.0-255,2902,21618,46,305448
10290,0.000255,172.31.46.0-255,66,21684,46,305448
10291,0.000281,172.217.194.0-255,2902,24586,46,305448
10292,0.000283,172.31.46.0-255,66,24652,46,305448
10293,0.000294,172.217.194.0-255,1484,26136,46,305448
10294,0.000296,172.31.46.0-255,66,26202,46,305448
10295,0.00033,172.217.194.0-255,5379,31581,46,305448
10296,0.000333,172.31.46.0-255,66,31647,46,305448
10297,0.000508,172.217.194.0-255,1484,33131,46,305448
10298,0.000513,172.31.46.0-255,66,33197,46,305448
10299,0.000518,172.217.194.0-255,2902,36099,46,305448
10300,0.00052,172.31.46.0-255,66,36165,46,305448
10301,0.000527,172.217.194.0-255,5738,41903,46,305448
10302,0.000529,172.31.46.0-255,66,41969,46,305448
10303,0.000561,172.217.194.0-255,4320,46289,46,305448
10304,0.000563,172.31.46.0-255,66,46355,46,305448
10305,0.000575,172.217.194.0-255,2543,48898,46,305448
10306,0.000597,172.31.46.0-255,66,48964,46,305448
10307,0.000699,172.217.194.0-255,1484,50448,46,305448
10308,0.000705,172.217.194.0-255,2902,53350,46,305448
10309,0.000707,172.31.46.0-255,66,53416,46,305448
10310,0.00073,172.217.194.0-255,1484,54900,46,305448
10311,0.000755,172.217.194.0-255,4320,59220,46,305448
10312,0.000762,172.217.194.0-255,7095,66315,46,305448
10313,0.000772,172.31.46.0-255,66,66381,46,305448
10314,0.000983,172.31.46.0-255,101,66482,46,305448
10315,0.001002,172.217.194.0-255,379,66861,46,305448
10316,0.001182,172.217.194.0-255,1484,68345,46,305448
10317,0.001186,172.31.46.0-255,66,68411,46,305448
10318,0.001192,172.217.194.0-255,2902,71313,46,305448
10319,0.001194,172.31.46.0-255,66,71379,46,305448
10320,0.0012,172.217.194.0-255,4320,75699,46,305448
10321,0.001203,172.31.46.0-255,66,75765,46,305448
10322,0.001226,172.217.194.0-255,1484,77249,46,305448
10323,0.001232,172.217.194.0-255,4320,81569,46,305448
10324,0.001234,172.31.46.0-255,66,81635,46,305448
10325,0.00124,172.217.194.0-255,5738,87373,46,305448
10326,0.001242,172.31.46.0-255,66,87439,46,305448
10327,0.001257,172.217.194.0-255,4320,91759,46,305448
10328,0.00127,172.217.194.0-255,1484,93243,46,305448
10329,0.001275,172.217.194.0-255,2902,96145,46,305448
10330,0.001295,172.217.194.0-255,5020,101165,46,305448
10331,0.001304,172.31.46.0-255,66,101231,46,305448
10332,0.001566,172.217.194.0-255,1484,102715,46,305448
10333,0.001573,172.217.194.0-255,2902,105617,46,305448
10334,0.001577,172.31.46.0-255,66,105683,46,305448
10335,0.001592,172.217.194.0-255,5738,111421,46,305448
10336,0.001594,172.31.46.0-255,66,111487,46,305448
10337,0.001637,172.31.46.0-255,66,111553,46,305448
10338,0.001672,172.31.46.0-255,66,111619,46,305448
10339,0.001712,172.217.194.0-255,1484,113103,46,305448
10340,0.001731,172.217.194.0-255,2902,116005,46,305448
10341,0.001746,172.217.194.0-255,5738,121743,46,305448
10342,0.001753,172.31.46.0-255,66,121809,46,305448
10343,0.001788,172.31.46.0-255,66,121875,46,305448
10344,0.001801,172.217.194.0-255,1484,123359,46,305448
10345,0.001833,172.31.46.0-255,66,123425,46,305448
10346,0.001837,172.217.194.0-255,2902,126327,46,305448
10347,0.001842,172.31.46.0-255,66,126393,46,305448
10348,0.001855,172.217.194.0-255,5738,132131,46,305448
10349,0.001873,172.217.194.0-255,1484,133615,46,305448
10350,0.001879,172.217.194.0-255,7156,140771,46,305448
10351,0.001882,172.31.46.0-255,66,140837,46,305448
10352,0.001892,172.31.46.0-255,66,140903,46,305448
10353,0.001897,172.217.194.0-255,4320,145223,46,305448
10354,0.001969,172.217.194.0-255,5738,150961,46,305448
10355,0.001985,172.217.194.0-255,6438,157399,46,305448
10356,0.001992,172.31.46.0-255,66,157465,46,305448
10357,0.002104,172.217.194.0-255,1484,158949,46,305448
10358,0.00211,172.217.194.0-255,2902,161851,46,305448
10359,0.002126,172.31.46.0-255,66,161917,46,305448
10360,0.002131,172.217.194.0-255,4320,166237,46,305448
10361,0.002136,172.31.46.0-255,66,166303,46,305448
10362,0.002145,172.217.194.0-255,1484,167787,46,305448
10363,0.002161,172.217.194.0-255,7156,174943,46,305448
10364,0.002171,172.31.46.0-255,66,175009,46,305448
10365,0.002182,172.217.194.0-255,5738,180747,46,305448
10366,0.002187,172.217.194.0-255,5738,186485,46,305448
10367,0.002201,172.217.194.0-255,5020,191505,46,305448
10368,0.002221,172.31.46.0-255,66,191571,46,305448
10369,0.002768,172.217.194.0-255,1484,193055,46,305448
10370,0.002802,172.217.194.0-255,2902,195957,46,305448
10371,0.002806,172.31.46.0-255,66,196023,46,305448
10372,0.002813,172.217.194.0-255,5738,201761,46,305448
10373,0.002825,172.217.194.0-255,7156,208917,46,305448
10374,0.002829,172.217.194.0-255,2902,211819,46,305448
10375,0.002859,172.217.194.0-255,5738,217557,46,305448
10376,0.002915,172.217.194.0-255,1484,219041,46,305448
10377,0.002926,172.217.194.0-255,1484,220525,46,305448
10378,0.002937,172.217.194.0-255,1484,222009,46,305448
10379,0.002956,172.217.194.0-255,1484,223493,46,305448
10380,0.002981,172.217.194.0-255,2902,226395,46,305448
10381,0.002987,172.217.194.0-255,5738,232133,46,305448
10382,0.00299,172.217.194.0-255,1484,233617,46,305448
10383,0.003001,172.217.194.0-255,1484,235101,46,305448
10384,0.003017,172.217.194.0-255,7156,242257,46,305448
10385,0.003038,172.217.194.0-255,1484,243741,46,305448
10386,0.00309,172.217.194.0-255,1484,245225,46,305448
10387,0.003095,172.217.194.0-255,2902,248127,46,305448
10388,0.003101,172.217.194.0-255,2902,251029,46,305448
10389,0.003119,172.217.194.0-255,2902,253931,46,305448
10390,0.003125,172.217.194.0-255,4320,258251,46,305448
10391,0.003132,172.217.194.0-255,4320,262571,46,305448
10392,0.003143,172.217.194.0-255,2902,265473,46,305448
10393,0.003159,172.217.194.0-255,4320,269793,46,305448
10394,0.003163,172.217.194.0-255,2902,272695,46,305448
10395,0.00318,172.217.194.0-255,5020,277715,46,305448
10396,0.003198,172.217.194.0-255,2902,280617,46,305448
10397,0.003207,172.217.194.0-255,1484,282101,46,305448
10398,0.00321,172.217.194.0-255,1484,283585,46,305448
10399,0.003233,172.217.194.0-255,4320,287905,46,305448
10400,0.003257,172.217.194.0-255,1484,289389,46,305448
10401,0.003331,172.217.194.0-255,5738,295127,46,305448
10402,0.003351,172.217.194.0-255,778,295905,46,305448
10403,0.003354,172.217.194.0-255,97,296002,46,305448
10404,0.003356,172.217.194.0-255,105,296107,46,305448
10405,0.007016,172.31.46.0-255,66,296173,46,305448
10406,0.008461,172.31.46.0-255,105,296278,46,305448
10407,0.014911,172.217.194.0-255,66,296344,46,305448
10408,0.034623,172.31.46.0-255,172,296516,46,305448
10409,0.034652,172.31.46.0-255,1118,297634,46,305448
10410,0.034711,172.31.46.0-255,1514,299148,46,305448
10411,0.034712,172.31.46.0-255,1514,300662,46,305448
10412,0.034717,172.31.46.0-255,1514,302176,46,305448
10413,0.034718,172.31.46.0-255,1514,303690,46,305448
10414,0.034742,172.31.46.0-255,1494,305184,46,305448
10415,0.036281,104.244.42.0-255,66,305250,46,305448
10416,0.036313,104.244.42.0-255,66,305316,46,305448
10417,0.036389,104.244.42.0-255,66,305382,46,305448
10418,0.03641,104.244.42.0-255,66,305448,46,305448
10419,0.0,172.31.46.0-255,105,105,46,276
10420,0.00178,157.240.25.0-255,105,210,46,276
10421,0.001791,172.31.46.0-255,66,276,46,276
10422,0.0,172.217.24.0-255,153,153,46,272842
10423,2.6e-05,172.31.46.0-255,66,219,46,272842
10424,3.4e-05,172.217.24.0-255,1484,1703,46,272842
10425,3.9e-05,172.31.46.0-255,66,1769,46,272842
10426,4.6e-05,172.217.24.0-255,2902,4671,46,272842
10427,4.8e-05,172.31.46.0-255,66,4737,46,272842
10428,5.7e-05,172.217.24.0-255,7156,11893,46,272842
10429,6e-05,172.31.46.0-255,66,11959,46,272842
10430,6.6e-05,172.217.24.0-255,3401,15360,46,272842
10431,6.9e-05,172.31.46.0-255,66,15426,46,272842
10432,7.6e-05,172.217.24.0-255,4320,19746,46,272842
10433,7.9e-05,172.31.46.0-255,66,19812,46,272842
10434,8.5e-05,172.217.24.0-255,2902,22714,46,272842
10435,8.7e-05,172.31.46.0-255,66,22780,46,272842
10436,0.000114,172.217.24.0-255,7156,29936,46,272842
10437,0.000117,172.31.46.0-255,66,30002,46,272842
10438,0.00012,172.217.24.0-255,1125,31127,46,272842
10439,0.000122,172.31.46.0-255,66,31193,46,272842
10440,0.000147,172.217.24.0-255,1484,32677,46,272842
10441,0.000149,172.31.46.0-255,66,32743,46,272842
10442,0.000153,172.217.24.0-255,2902,35645,46,272842
10443,0.000155,172.31.46.0-255,66,35711,46,272842
10444,0.000174,172.217.24.0-255,5738,41449,46,272842
10445,0.000177,172.31.46.0-255,66,41515,46,272842
10446,0.000192,172.217.24.0-255,1484,42999,46,272842
10447,0.000195,172.31.46.0-255,66,43065,46,272842
10448,0.000227,172.217.24.0-255,5379,48444,46,272842
10449,0.00023,172.31.46.0-255,66,48510,46,272842
10450,0.000718,172.217.24.0-255,1484,49994,46,272842
10451,0.000724,172.31.46.0-255,66,50060,46,272842
10452,0.00073,172.217.24.0-255,2902,52962,46,272842
10453,0.000732,172.31.46.0-255,66,53028,46,272842
10454,0.000735,172.217.24.0-255,1484,54512,46,272842
10455,0.000757,172.217.24.0-255,4320,58832,46,272842
10456,0.000762,172.217.24.0-255,2902,61734,46,272842
10457,0.000765,172.31.46.0-255,66,61800,46,272842
10458,0.000769,172.31.46.0-255,66,61866,46,272842
10459,0.000794,172.217.24.0-255,3961,65827,46,272842
10460,0.000797,172.31.46.0-255,66,65893,46,272842
10461,0.0008,172.217.24.0-255,396,66289,46,272842
10462,0.001064,172.217.24.0-255,1484,67773,46,272842
10463,0.001069,172.31.46.0-255,66,67839,46,272842
10464,0.001073,172.217.24.0-255,1484,69323,46,272842
10465,0.001088,172.217.24.0-255,1484,70807,46,272842
10466,0.001091,172.31.46.0-255,66,70873,46,272842
10467,0.001112,172.217.24.0-255,4320,75193,46,272842
10468,0.001115,172.31.46.0-255,66,75259,46,272842
10469,0.001126,172.217.24.0-255,1484,76743,46,272842
10470,0.001142,172.217.24.0-255,2902,79645,46,272842
10471,0.001146,172.31.46.0-255,66,79711,46,272842
10472,0.001162,172.217.24.0-255,3961,83672,46,272842
10473,0.001165,172.31.46.0-255,66,83738,46,272842
10474,0.001213,172.217.24.0-255,1484,85222,46,272842
10475,0.001234,172.217.24.0-255,2902,88124,46,272842
10476,0.001237,172.31.46.0-255,66,88190,46,272842
10477,0.00126,172.217.24.0-255,5738,93928,46,272842
10478,0.001262,172.31.46.0-255,66,93994,46,272842
10479,0.001345,172.217.24.0-255,1484,95478,46,272842
10480,0.001365,172.217.24.0-255,4320,99798,46,272842
10481,0.001368,172.31.46.0-255,66,99864,46,272842
10482,0.001387,172.217.24.0-255,826,100690,46,272842
10483,0.00139,172.217.24.0-255,646,101336,46,272842
10484,0.001437,172.217.24.0-255,1484,102820,46,272842
10485,0.001441,172.31.46.0-255,66,102886,46,272842
10486,0.001445,172.217.24.0-255,1484,104370,46,272842
10487,0.001462,172.217.24.0-255,2902,107272,46,272842
10488,0.001464,172.31.46.0-255,66,107338,46,272842
10489,0.001467,172.217.24.0-255,1484,108822,46,272842
10490,0.001479,172.217.24.0-255,1484,110306,46,272842
10491,0.001481,172.31.46.0-255,66,110372,46,272842
10492,0.001501,172.217.24.0-255,1484,111856,46,272842
10493,0.001507,172.217.24.0-255,5738,117594,46,272842
10494,0.001509,172.217.24.0-255,459,118053,46,272842
10495,0.001514,172.31.46.0-255,66,118119,46,272842
10496,0.001757,172.31.46.0-255,66,118185,46,272842
10497,0.00198,172.217.24.0-255,1484,119669,46,272842
10498,0.00199,172.217.24.0-255,2902,122571,46,272842
10499,0.001994,172.31.46.0-255,66,122637,46,272842
10500,0.002028,172.217.24.0-255,2902,125539,46,272842
10501,0.002031,172.31.46.0-255,66,125605,46,272842
10502,0.002046,172.217.24.0-255,2902,128507,46,272842
10503,0.002048,172.31.46.0-255,66,128573,46,272842
10504,0.002053,172.217.24.0-255,2902,131475,46,272842
10505,0.002055,172.31.46.0-255,66,131541,46,272842
10506,0.002079,172.217.24.0-255,4320,135861,46,272842
10507,0.002081,172.31.46.0-255,66,135927,46,272842
10508,0.002084,172.217.24.0-255,404,136331,46,272842
10509,0.002222,172.217.24.0-255,1484,137815,46,272842
10510,0.002227,172.31.46.0-255,66,137881,46,272842
10511,0.002232,172.217.24.0-255,1484,139365,46,272842
10512,0.002253,172.217.24.0-255,1484,140849,46,272842
10513,0.002255,172.31.46.0-255,66,140915,46,272842
10514,0.002261,172.217.24.0-255,4320,145235,46,272842
10515,0.002263,172.31.46.0-255,66,145301,46,272842
10516,0.002266,172.217.24.0-255,1484,146785,46,272842
10517,0.002289,172.217.24.0-255,7156,153941,46,272842
10518,0.002291,172.31.46.0-255,66,154007,46,272842
10519,0.002311,172.217.24.0-255,1484,155491,46,272842
10520,0.002315,172.217.24.0-255,2902,158393,46,272842
10521,0.002317,172.31.46.0-255,66,158459,46,272842
10522,0.002341,172.217.24.0-255,5738,164197,46,272842
10523,0.002343,172.31.46.0-255,66,164263,46,272842
10524,0.002371,172.217.24.0-255,2902,167165,46,272842
10525,0.002373,172.31.46.0-255,66,167231,46,272842
10526,0.002392,172.217.24.0-255,3602,170833,46,272842
10527,0.002394,172.31.46.0-255,66,170899,46,272842
10528,0.005485,172.217.24.0-255,5738,176637,46,272842
10529,0.005496,172.31.46.0-255,66,176703,46,272842
10530,0.007775,172.217.24.0-255,5738,182441,46,272842
10531,0.007779,172.31.46.0-255,66,182507,46,272842
10532,0.009783,172.217.24.0-255,5738,188245,46,272842
10533,0.009799,172.31.46.0-255,66,188311,46,272842
10534,0.011809,172.217.24.0-255,5738,194049,46,272842
10535,0.011836,172.31.46.0-255,66,194115,46,272842
10536,0.01382,172.217.24.0-255,5738,199853,46,272842
10537,0.013836,172.31.46.0-255,66,199919,46,272842
10538,0.015844,172.217.24.0-255,5738,205657,46,272842
10539,0.015852,172.31.46.0-255,66,205723,46,272842
10540,0.017891,172.217.24.0-255,5738,211461,46,272842
10541,0.017904,172.31.46.0-255,66,211527,46,272842
10542,0.019897,172.217.24.0-255,5738,217265,46,272842
10543,0.019908,172.31.46.0-255,66,217331,46,272842
10544,0.021977,172.217.24.0-255,5738,223069,46,272842
10545,0.021992,172.31.46.0-255,66,223135,46,272842
10546,0.023986,172.217.24.0-255,5738,228873,46,272842
10547,0.024001,172.31.46.0-255,66,228939,46,272842
10548,0.026055,172.217.24.0-255,5738,234677,46,272842
10549,0.026066,172.31.46.0-255,66,234743,46,272842
10550,0.027292,172.31.46.0-255,172,234915,46,272842
10551,0.027321,172.31.46.0-255,1119,236034,46,272842
10552,0.027385,172.31.46.0-255,1514,237548,46,272842
10553,0.027387,172.31.46.0-255,404,237952,46,272842
10554,0.028052,172.217.24.0-255,5738,243690,46,272842
10555,0.028061,172.31.46.0-255,66,243756,46,272842
10556,0.029407,104.244.42.0-255,66,243822,46,272842
10557,0.030045,172.217.24.0-255,5738,249560,46,272842
10558,0.030053,172.31.46.0-255,66,249626,46,272842
10559,0.032094,172.217.24.0-255,5738,255364,46,272842
10560,0.032103,172.31.46.0-255,66,255430,46,272842
10561,0.034159,172.217.24.0-255,5738,261168,46,272842
10562,0.034169,172.31.46.0-255,66,261234,46,272842
10563,0.03632,172.217.24.0-255,5738,266972,46,272842
10564,0.036333,172.31.46.0-255,66,267038,46,272842
10565,0.038432,172.217.24.0-255,5738,272776,46,272842
10566,0.038443,172.31.46.0-255,66,272842,46,272842
10567,0.0,74.125.130.0-255,153,153,46,317394
10568,2.8e-05,74.125.130.0-255,1484,1637,46,317394
10569,4.2e-05,172.31.46.0-255,66,1703,46,317394
10570,4.9e-05,74.125.130.0-255,2902,4605,46,317394
10571,5.2e-05,172.31.46.0-255,66,4671,46,317394
10572,8.2e-05,74.125.130.0-255,5738,10409,46,317394
10573,8.6e-05,172.31.46.0-255,66,10475,46,317394
10574,0.000113,74.125.130.0-255,1484,11959,46,317394
10575,0.000129,74.125.130.0-255,2093,14052,46,317394
10576,0.000131,172.31.46.0-255,66,14118,46,317394
10577,0.000189,74.125.130.0-255,1484,15602,46,317394
10578,0.000194,74.125.130.0-255,2902,18504,46,317394
10579,0.000198,172.31.46.0-255,66,18570,46,317394
10580,0.000219,74.125.130.0-255,4320,22890,46,317394
10581,0.000223,172.31.46.0-255,66,22956,46,317394
10582,0.000228,74.125.130.0-255,4320,27276,46,317394
10583,0.00023,172.31.46.0-255,66,27342,46,317394
10584,0.000246,74.125.130.0-255,1484,28826,46,317394
10585,0.000273,74.125.130.0-255,2543,31369,46,317394
10586,0.000275,172.31.46.0-255,66,31435,46,317394
10587,0.000386,74.125.130.0-255,1484,32919,46,317394
10588,0.000407,74.125.130.0-255,2902,35821,46,317394
10589,0.000411,172.31.46.0-255,66,35887,46,317394
10590,0.000416,74.125.130.0-255,2902,38789,46,317394
10591,0.000419,172.31.46.0-255,66,38855,46,317394
10592,0.000422,74.125.130.0-255,1484,40339,46,317394
10593,0.000443,74.125.130.0-255,2902,43241,46,317394
10594,0.000446,172.31.46.0-255,66,43307,46,317394
10595,0.000464,74.125.130.0-255,1484,44791,46,317394
10596,0.000479,74.125.130.0-255,3961,48752,46,317394
10597,0.000483,172.31.46.0-255,66,48818,46,317394
10598,0.000752,74.125.130.0-255,1484,50302,46,317394
10599,0.000761,74.125.130.0-255,2902,53204,46,317394
10600,0.000765,172.31.46.0-255,66,53270,46,317394
10601,0.000769,74.125.130.0-255,1484,54754,46,317394
10602,0.000787,74.125.130.0-255,2902,57656,46,317394
10603,0.00079,172.31.46.0-255,66,57722,46,317394
10604,0.000796,74.125.130.0-255,5738,63460,46,317394
10605,0.000798,172.31.46.0-255,66,63526,46,317394
10606,0.000834,74.125.130.0-255,2543,66069,46,317394
10607,0.000838,172.31.46.0-255,66,66135,46,317394
10608,0.000897,74.125.130.0-255,1484,67619,46,317394
10609,0.000911,74.125.130.0-255,2902,70521,46,317394
10610,0.000914,172.31.46.0-255,66,70587,46,317394
10611,0.000918,74.125.130.0-255,1484,72071,46,317394
10612,0.000933,74.125.130.0-255,2902,74973,46,317394
10613,0.000936,172.31.46.0-255,66,75039,46,317394
10614,0.000957,74.125.130.0-255,5738,80777,46,317394
10615,0.00096,172.31.46.0-255,66,80843,46,317394
10616,0.000991,74.125.130.0-255,5379,86222,46,317394
10617,0.000995,172.31.46.0-255,66,86288,46,317394
10618,0.001001,74.125.130.0-255,5738,92026,46,317394
10619,0.001003,172.31.46.0-255,66,92092,46,317394
10620,0.001053,172.31.46.0-255,66,92158,46,317394
10621,0.001429,74.125.130.0-255,1484,93642,46,317394
10622,0.001447,74.125.130.0-255,2902,96544,46,317394
10623,0.001451,172.31.46.0-255,66,96610,46,317394
10624,0.001455,74.125.130.0-255,1484,98094,46,317394
10625,0.001469,74.125.130.0-255,4320,102414,46,317394
10626,0.001472,172.31.46.0-255,66,102480,46,317394
10627,0.001476,74.125.130.0-255,2902,105382,46,317394
10628,0.001479,172.31.46.0-255,66,105448,46,317394
10629,0.001483,74.125.130.0-255,2902,108350,46,317394
10630,0.001485,172.31.46.0-255,66,108416,46,317394
10631,0.001499,74.125.130.0-255,1484,109900,46,317394
10632,0.001503,74.125.130.0-255,2902,112802,46,317394
10633,0.001506,172.31.46.0-255,66,112868,46,317394
10634,0.001532,74.125.130.0-255,5738,118606,46,317394
10635,0.001534,172.31.46.0-255,66,118672,46,317394
10636,0.001543,172.31.46.0-255,66,118738,46,317394
10637,0.002156,74.125.130.0-255,1484,120222,46,317394
10638,0.002167,74.125.130.0-255,2902,123124,46,317394
10639,0.002169,172.31.46.0-255,66,123190,46,317394
10640,0.002185,74.125.130.0-255,1484,124674,46,317394
10641,0.002199,74.125.130.0-255,2902,127576,46,317394
10642,0.002202,172.31.46.0-255,66,127642,46,317394
10643,0.002204,74.125.130.0-255,1484,129126,46,317394
10644,0.002242,74.125.130.0-255,7156,136282,46,317394
10645,0.002244,172.31.46.0-255,66,136348,46,317394
10646,0.002249,74.125.130.0-255,4320,140668,46,317394
10647,0.002251,172.31.46.0-255,66,140734,46,317394
10648,0.002263,74.125.130.0-255,1484,142218,46,317394
10649,0.002266,74.125.130.0-255,1484,143702,46,317394
10650,0.002267,172.31.46.0-255,66,143768,46,317394
10651,0.002282,74.125.130.0-255,5738,149506,46,317394
10652,0.002284,172.31.46.0-255,66,149572,46,317394
10653,0.002308,74.125.130.0-255,3602,153174,46,317394
10654,0.00231,172.31.46.0-255,66,153240,46,317394
10655,0.002333,74.125.130.0-255,2902,156142,46,317394
10656,0.002335,172.31.46.0-255,66,156208,46,317394
10657,0.002352,74.125.130.0-255,4320,160528,46,317394
10658,0.002355,172.31.46.0-255,66,160594,46,317394
10659,0.00237,74.125.130.0-255,1484,162078,46,317394
10660,0.002389,74.125.130.0-255,7156,169234,46,317394
10661,0.002392,172.31.46.0-255,66,169300,46,317394
10662,0.002395,74.125.130.0-255,2902,172202,46,317394
10663,0.002398,172.31.46.0-255,66,172268,46,317394
10664,0.002403,74.125.130.0-255,4320,176588,46,317394
10665,0.002405,172.31.46.0-255,66,176654,46,317394
10666,0.002444,74.125.130.0-255,1484,178138,46,317394
10667,0.002464,74.125.130.0-255,7156,185294,46,317394
10668,0.002467,172.31.46.0-255,66,185360,46,317394
10669,0.002483,74.125.130.0-255,2184,187544,46,317394
10670,0.002485,172.31.46.0-255,66,187610,46,317394
10671,0.002677,74.125.130.0-255,1484,189094,46,317394
10672,0.002693,74.125.130.0-255,2902,191996,46,317394
10673,0.002696,172.31.46.0-255,66,192062,46,317394
10674,0.002716,74.125.130.0-255,5738,197800,46,317394
10675,0.002718,172.31.46.0-255,66,197866,46,317394
10676,0.00276,172.31.46.0-255,66,197932,46,317394
10677,0.002764,74.125.130.0-255,2902,200834,46,317394
10678,0.002766,172.31.46.0-255,66,200900,46,317394
10679,0.002781,74.125.130.0-255,7156,208056,46,317394
10680,0.002784,172.31.46.0-255,66,208122,46,317394
10681,0.002804,74.125.130.0-255,2184,210306,46,317394
10682,0.002806,172.31.46.0-255,66,210372,46,317394
10683,0.002899,74.125.130.0-255,1484,211856,46,317394
10684,0.002919,74.125.130.0-255,2902,214758,46,317394
10685,0.002924,172.31.46.0-255,66,214824,46,317394
10686,0.00294,74.125.130.0-255,4320,219144,46,317394
10687,0.002943,172.31.46.0-255,66,219210,46,317394
10688,0.002946,74.125.130.0-255,1484,220694,46,317394
10689,0.002955,74.125.130.0-255,2902,223596,46,317394
10690,0.002958,172.31.46.0-255,66,223662,46,317394
10691,0.00296,74.125.130.0-255,1484,225146,46,317394
10692,0.002985,74.125.130.0-255,4320,229466,46,317394
10693,0.002988,172.31.46.0-255,66,229532,46,317394
10694,0.002993,74.125.130.0-255,4320,233852,46,317394
10695,0.002995,172.31.46.0-255,66,233918,46,317394
10696,0.002998,74.125.130.0-255,1484,235402,46,317394
10697,0.003021,74.125.130.0-255,4320,239722,46,317394
10698,0.003024,172.31.46.0-255,66,239788,46,317394
10699,0.003061,74.125.130.0-255,5020,244808,46,317394
10700,0.003065,172.31.46.0-255,66,244874,46,317394
10701,0.00307,74.125.130.0-255,2902,247776,46,317394
10702,0.003073,172.31.46.0-255,66,247842,46,317394
10703,0.003144,172.31.46.0-255,66,247908,46,317394
10704,0.003158,172.31.46.0-255,66,247974,46,317394
10705,0.003163,74.125.130.0-255,5738,253712,46,317394
10706,0.003166,172.31.46.0-255,66,253778,46,317394
10707,0.003168,74.125.130.0-255,766,254544,46,317394
10708,0.003191,74.125.130.0-255,1484,256028,46,317394
10709,0.003194,172.31.46.0-255,66,256094,46,317394
10710,0.0032,74.125.130.0-255,4320,260414,46,317394
10711,0.003202,172.31.46.0-255,66,260480,46,317394
10712,0.003215,74.125.130.0-255,1484,261964,46,317394
10713,0.003235,74.125.130.0-255,4320,266284,46,317394
10714,0.003238,172.31.46.0-255,66,266350,46,317394
10715,0.003265,172.31.46.0-255,66,266416,46,317394
10716,0.003311,74.125.130.0-255,1484,267900,46,317394
10717,0.003327,172.31.46.0-255,66,267966,46,317394
10718,0.00333,74.125.130.0-255,766,268732,46,317394
10719,0.003333,74.125.130.0-255,1484,270216,46,317394
10720,0.003336,172.31.46.0-255,66,270282,46,317394
10721,0.003339,74.125.130.0-255,1484,271766,46,317394
10722,0.003355,74.125.130.0-255,2902,274668,46,317394
10723,0.003358,172.31.46.0-255,66,274734,46,317394
10724,0.003382,74.125.130.0-255,5738,280472,46,317394
10725,0.003386,172.31.46.0-255,66,280538,46,317394
10726,0.003407,74.125.130.0-255,4320,284858,46,317394
10727,0.00341,172.31.46.0-255,66,284924,46,317394
10728,0.003438,74.125.130.0-255,5738,290662,46,317394
10729,0.003442,172.31.46.0-255,66,290728,46,317394
10730,0.003455,172.31.46.0-255,66,290794,46,317394
10731,0.003459,74.125.130.0-255,2184,292978,46,317394
10732,0.003463,74.125.130.0-255,2902,295880,46,317394
10733,0.003463,172.31.46.0-255,66,295946,46,317394
10734,0.003467,172.31.46.0-255,66,296012,46,317394
10735,0.003482,74.125.130.0-255,1484,297496,46,317394
10736,0.003504,74.125.130.0-255,4320,301816,46,317394
10737,0.003508,172.31.46.0-255,66,301882,46,317394
10738,0.003511,74.125.130.0-255,1484,303366,46,317394
10739,0.003533,74.125.130.0-255,2902,306268,46,317394
10740,0.003537,172.31.46.0-255,66,306334,46,317394
10741,0.00354,74.125.130.0-255,1308,307642,46,317394
10742,0.003543,74.125.130.0-255,97,307739,46,317394
10743,0.003596,74.125.130.0-255,105,307844,46,317394
10744,0.003688,172.31.46.0-255,101,307945,46,317394
10745,0.005647,74.125.130.0-255,66,308011,46,317394
10746,0.006007,172.31.46.0-255,105,308116,46,317394
10747,0.007967,74.125.130.0-255,66,308182,46,317394
10748,0.031931,172.31.46.0-255,172,308354,46,317394
10749,0.031961,172.31.46.0-255,1115,309469,46,317394
10750,0.032007,172.31.46.0-255,1514,310983,46,317394
10751,0.032009,172.31.46.0-255,1514,312497,46,317394
10752,0.03201,172.31.46.0-255,1514,314011,46,317394
10753,0.032012,172.31.46.0-255,1514,315525,46,317394
10754,0.032036,172.31.46.0-255,1497,317022,46,317394
10755,0.033492,104.244.42.0-255,66,317088,46,317394
10756,0.033543,104.244.42.0-255,66,317154,46,317394
10757,0.033615,104.244.42.0-255,66,317220,46,317394
10758,0.034148,104.244.42.0-255,108,317328,46,317394
10759,0.034184,172.31.46.0-255,66,317394,46,317394
10760,0.0,74.125.24.0-255,149,149,46,214893
10761,2e-05,172.31.46.0-255,66,215,46,214893
10762,2.6e-05,74.125.24.0-255,1484,1699,46,214893
10763,3e-05,172.31.46.0-255,66,1765,46,214893
10764,3.4e-05,74.125.24.0-255,2902,4667,46,214893
10765,3.7e-05,172.31.46.0-255,66,4733,46,214893
10766,5.1e-05,74.125.24.0-255,7156,11889,46,214893
10767,5.4e-05,172.31.46.0-255,66,11955,46,214893
10768,5.8e-05,74.125.24.0-255,2902,14857,46,214893
10769,6.1e-05,172.31.46.0-255,66,14923,46,214893
10770,8.4e-05,74.125.24.0-255,4848,19771,46,214893
10771,9.1e-05,172.31.46.0-255,66,19837,46,214893
10772,9.4e-05,74.125.24.0-255,1484,21321,46,214893
10773,9.5e-05,172.31.46.0-255,66,21387,46,214893
10774,0.000145,172.31.46.0-255,66,21453,46,214893
10775,0.000166,74.125.24.0-255,1125,22578,46,214893
10776,0.000168,172.31.46.0-255,66,22644,46,214893
10777,0.000316,74.125.24.0-255,1484,24128,46,214893
10778,0.00032,172.31.46.0-255,66,24194,46,214893
10779,0.000326,74.125.24.0-255,2902,27096,46,214893
10780,0.000328,172.31.46.0-255,66,27162,46,214893
10781,0.000332,74.125.24.0-255,2902,30064,46,214893
10782,0.000334,172.31.46.0-255,66,30130,46,214893
10783,0.000371,74.125.24.0-255,7156,37286,46,214893
10784,0.000373,172.31.46.0-255,66,37352,46,214893
10785,0.000414,172.31.46.0-255,66,37418,46,214893
10786,0.000424,172.31.46.0-255,66,37484,46,214893
10787,0.000448,74.125.24.0-255,2855,40339,46,214893
10788,0.00045,172.31.46.0-255,66,40405,46,214893
10789,0.000462,74.125.24.0-255,376,40781,46,214893
10790,0.00075,74.125.24.0-255,1484,42265,46,214893
10791,0.000754,172.31.46.0-255,66,42331,46,214893
10792,0.000758,74.125.24.0-255,2902,45233,46,214893
10793,0.00076,172.31.46.0-255,66,45299,46,214893
10794,0.00078,74.125.24.0-255,5738,51037,46,214893
10795,0.000782,172.31.46.0-255,66,51103,46,214893
10796,0.000793,74.125.24.0-255,7156,58259,46,214893
10797,0.000795,172.31.46.0-255,66,58325,46,214893
10798,0.000821,74.125.24.0-255,4320,62645,46,214893
10799,0.000826,172.31.46.0-255,66,62711,46,214893
10800,0.000849,74.125.24.0-255,5738,68449,46,214893
10801,0.000852,172.31.46.0-255,66,68515,46,214893
10802,0.000877,74.125.24.0-255,6438,74953,46,214893
10803,0.000885,172.31.46.0-255,66,75019,46,214893
10804,0.001132,74.125.24.0-255,1484,76503,46,214893
10805,0.001137,74.125.24.0-255,1484,77987,46,214893
10806,0.001139,172.31.46.0-255,66,78053,46,214893
10807,0.001165,74.125.24.0-255,1484,79537,46,214893
10808,0.001171,74.125.24.0-255,5738,85275,46,214893
10809,0.001173,172.31.46.0-255,66,85341,46,214893
10810,0.001205,172.31.46.0-255,66,85407,46,214893
10811,0.001239,74.125.24.0-255,5738,91145,46,214893
10812,0.001242,172.31.46.0-255,66,91211,46,214893
10813,0.001266,74.125.24.0-255,5020,96231,46,214893
10814,0.001268,172.31.46.0-255,66,96297,46,214893
10815,0.001562,74.125.24.0-255,1484,97781,46,214893
10816,0.001576,74.125.24.0-255,2902,100683,46,214893
10817,0.001578,172.31.46.0-255,66,100749,46,214893
10818,0.001582,74.125.24.0-255,1484,102233,46,214893
10819,0.001604,74.125.24.0-255,4320,106553,46,214893
10820,0.001606,172.31.46.0-255,66,106619,46,214893
10821,0.001611,74.125.24.0-255,4320,110939,46,214893
10822,0.001613,172.31.46.0-255,66,111005,46,214893
10823,0.001616,74.125.24.0-255,1484,112489,46,214893
10824,0.001642,172.31.46.0-255,66,112555,46,214893
10825,0.001677,172.31.46.0-255,66,112621,46,214893
10826,0.002146,74.125.24.0-255,1484,114105,46,214893
10827,0.002157,74.125.24.0-255,2902,117007,46,214893
10828,0.002161,172.31.46.0-255,66,117073,46,214893
10829,0.002166,74.125.24.0-255,1484,118557,46,214893
10830,0.002194,74.125.24.0-255,4320,122877,46,214893
10831,0.002196,172.31.46.0-255,66,122943,46,214893
10832,0.002199,74.125.24.0-255,1484,124427,46,214893
10833,0.00224,172.31.46.0-255,66,124493,46,214893
10834,0.002276,172.31.46.0-255,66,124559,46,214893
10835,0.004605,74.125.24.0-255,5738,130297,46,214893
10836,0.004612,172.31.46.0-255,66,130363,46,214893
10837,0.006953,74.125.24.0-255,5738,136101,46,214893
10838,0.006959,172.31.46.0-255,66,136167,46,214893
10839,0.009313,74.125.24.0-255,5738,141905,46,214893
10840,0.009322,172.31.46.0-255,66,141971,46,214893
10841,0.011686,74.125.24.0-255,5738,147709,46,214893
10842,0.011694,172.31.46.0-255,66,147775,46,214893
10843,0.014044,74.125.24.0-255,5738,153513,46,214893
10844,0.014052,172.31.46.0-255,66,153579,46,214893
10845,0.016405,74.125.24.0-255,5738,159317,46,214893
10846,0.016415,172.31.46.0-255,66,159383,46,214893
10847,0.01879,74.125.24.0-255,5738,165121,46,214893
10848,0.018798,172.31.46.0-255,66,165187,46,214893
10849,0.021145,74.125.24.0-255,5738,170925,46,214893
10850,0.021153,172.31.46.0-255,66,170991,46,214893
10851,0.023525,74.125.24.0-255,5738,176729,46,214893
10852,0.023532,172.31.46.0-255,66,176795,46,214893
10853,0.024504,172.31.46.0-255,172,176967,46,214893
10854,0.024533,172.31.46.0-255,1119,178086,46,214893
10855,0.024595,172.31.46.0-255,1514,179600,46,214893
10856,0.024597,172.31.46.0-255,403,180003,46,214893
10857,0.025884,74.125.24.0-255,5738,185741,46,214893
10858,0.025891,172.31.46.0-255,66,185807,46,214893
10859,0.026635,104.244.42.0-255,66,185873,46,214893
10860,0.028248,74.125.24.0-255,5738,191611,46,214893
10861,0.028255,172.31.46.0-255,66,191677,46,214893
10862,0.030619,74.125.24.0-255,5738,197415,46,214893
10863,0.030627,172.31.46.0-255,66,197481,46,214893
10864,0.032959,74.125.24.0-255,5738,203219,46,214893
10865,0.032966,172.31.46.0-255,66,203285,46,214893
10866,0.035306,74.125.24.0-255,5738,209023,46,214893
10867,0.035312,172.31.46.0-255,66,209089,46,214893
10868,0.037668,74.125.24.0-255,5738,214827,46,214893
10869,0.037675,172.31.46.0-255,66,214893,46,214893
10870,0.0,172.31.46.0-255,224,224,46,290
10871,0.006759,172.217.194.0-255,66,290,46,290
10872,0.0,74.125.24.0-255,153,153,46,254094
10873,2.3e-05,172.31.46.0-255,66,219,46,254094
10874,3e-05,74.125.24.0-255,1484,1703,46,254094
10875,3.5e-05,172.31.46.0-255,66,1769,46,254094
10876,4.9e-05,74.125.24.0-255,2902,4671,46,254094
10877,5.2e-05,172.31.46.0-255,66,4737,46,254094
10878,5.8e-05,74.125.24.0-255,2902,7639,46,254094
10879,6.1e-05,172.31.46.0-255,66,7705,46,254094
10880,8.5e-05,74.125.24.0-255,4320,12025,46,254094
10881,9.2e-05,172.31.46.0-255,66,12091,46,254094
10882,0.00011,172.31.46.0-255,66,12157,46,254094
10883,0.000114,74.125.24.0-255,2543,14700,46,254094
10884,0.000116,172.31.46.0-255,66,14766,46,254094
10885,0.000198,74.125.24.0-255,1484,16250,46,254094
10886,0.000201,172.31.46.0-255,66,16316,46,254094
10887,0.000206,74.125.24.0-255,2902,19218,46,254094
10888,0.000208,172.31.46.0-255,66,19284,46,254094
10889,0.000252,74.125.24.0-255,5738,25022,46,254094
10890,0.000255,172.31.46.0-255,66,25088,46,254094
10891,0.000261,74.125.24.0-255,5738,30826,46,254094
10892,0.000264,172.31.46.0-255,66,30892,46,254094
10893,0.000275,172.31.46.0-255,66,30958,46,254094
10894,0.000306,74.125.24.0-255,5379,36337,46,254094
10895,0.000309,172.31.46.0-255,66,36403,46,254094
10896,0.000332,74.125.24.0-255,2902,39305,46,254094
10897,0.000335,172.31.46.0-255,66,39371,46,254094
10898,0.000358,74.125.24.0-255,1125,40496,46,254094
10899,0.000361,172.31.46.0-255,66,40562,46,254094
10900,0.000525,74.125.24.0-255,645,41207,46,254094
10901,0.00053,172.31.46.0-255,66,41273,46,254094
10902,0.000672,74.125.24.0-255,1484,42757,46,254094
10903,0.000678,74.125.24.0-255,1484,44241,46,254094
10904,0.000681,172.31.46.0-255,66,44307,46,254094
10905,0.000705,74.125.24.0-255,1484,45791,46,254094
10906,0.000712,74.125.24.0-255,5738,51529,46,254094
10907,0.000716,172.31.46.0-255,66,51595,46,254094
10908,0.000741,172.31.46.0-255,66,51661,46,254094
10909,0.000743,74.125.24.0-255,1484,53145,46,254094
10910,0.00078,74.125.24.0-255,7156,60301,46,254094
10911,0.000784,172.31.46.0-255,66,60367,46,254094
10912,0.000791,74.125.24.0-255,6797,67164,46,254094
10913,0.000793,172.31.46.0-255,66,67230,46,254094
10914,0.001079,74.125.24.0-255,1484,68714,46,254094
10915,0.001097,74.125.24.0-255,2902,71616,46,254094
10916,0.001101,172.31.46.0-255,66,71682,46,254094
10917,0.001108,74.125.24.0-255,5738,77420,46,254094
10918,0.00111,172.31.46.0-255,66,77486,46,254094
10919,0.001118,74.125.24.0-255,1484,78970,46,254094
10920,0.001161,172.31.46.0-255,66,79036,46,254094
10921,0.001169,74.125.24.0-255,7156,86192,46,254094
10922,0.001171,172.31.46.0-255,66,86258,46,254094
10923,0.00121,74.125.24.0-255,3602,89860,46,254094
10924,0.001214,172.31.46.0-255,66,89926,46,254094
10925,0.001252,74.125.24.0-255,1484,91410,46,254094
10926,0.001257,74.125.24.0-255,2902,94312,46,254094
10927,0.00126,172.31.46.0-255,66,94378,46,254094
10928,0.001278,74.125.24.0-255,2902,97280,46,254094
10929,0.00128,172.31.46.0-255,66,97346,46,254094
10930,0.001308,74.125.24.0-255,2902,100248,46,254094
10931,0.00131,172.31.46.0-255,66,100314,46,254094
10932,0.001321,172.31.46.0-255,66,100380,46,254094
10933,0.001354,74.125.24.0-255,2902,103282,46,254094
10934,0.001358,172.31.46.0-255,66,103348,46,254094
10935,0.001381,172.31.46.0-255,66,103414,46,254094
10936,0.001411,74.125.24.0-255,3602,107016,46,254094
10937,0.001414,172.31.46.0-255,66,107082,46,254094
10938,0.001491,74.125.24.0-255,1484,108566,46,254094
10939,0.001495,74.125.24.0-255,1484,110050,46,254094
10940,0.001498,172.31.46.0-255,66,110116,46,254094
10941,0.001523,74.125.24.0-255,1484,111600,46,254094
10942,0.001531,74.125.24.0-255,5738,117338,46,254094
10943,0.001533,172.31.46.0-255,66,117404,46,254094
10944,0.001539,74.125.24.0-255,5738,123142,46,254094
10945,0.001541,172.31.46.0-255,66,123208,46,254094
10946,0.001588,74.125.24.0-255,1484,124692,46,254094
10947,0.001604,172.31.46.0-255,66,124758,46,254094
10948,0.001609,74.125.24.0-255,2184,126942,46,254094
10949,0.001611,172.31.46.0-255,66,127008,46,254094
10950,0.001741,74.125.24.0-255,1484,128492,46,254094
10951,0.001746,74.125.24.0-255,2902,131394,46,254094
10952,0.001752,172.31.46.0-255,66,131460,46,254094
10953,0.001765,74.125.24.0-255,5738,137198,46,254094
10954,0.001767,172.31.46.0-255,66,137264,46,254094
10955,0.001775,74.125.24.0-255,1484,138748,46,254094
10956,0.001808,172.31.46.0-255,66,138814,46,254094
10957,0.001832,172.31.46.0-255,66,138880,46,254094
10958,0.001864,74.125.24.0-255,5020,143900,46,254094
10959,0.00191,172.31.46.0-255,66,143966,46,254094
10960,0.001913,172.31.46.0-255,66,144032,46,254094
10961,0.001955,172.31.46.0-255,66,144098,46,254094
10962,0.002032,74.125.24.0-255,1484,145582,46,254094
10963,0.002044,74.125.24.0-255,1484,147066,46,254094
10964,0.002047,172.31.46.0-255,66,147132,46,254094
10965,0.002076,74.125.24.0-255,1484,148616,46,254094
10966,0.002082,74.125.24.0-255,5738,154354,46,254094
10967,0.002085,172.31.46.0-255,66,154420,46,254094
10968,0.002088,74.125.24.0-255,1484,155904,46,254094
10969,0.002112,74.125.24.0-255,7156,163060,46,254094
10970,0.002114,172.31.46.0-255,66,163126,46,254094
10971,0.002161,74.125.24.0-255,4320,167446,46,254094
10972,0.002165,172.31.46.0-255,66,167512,46,254094
10973,0.002202,172.31.46.0-255,66,167578,46,254094
10974,0.002205,74.125.24.0-255,1484,169062,46,254094
10975,0.002209,74.125.24.0-255,1484,170546,46,254094
10976,0.002211,172.31.46.0-255,66,170612,46,254094
10977,0.002236,74.125.24.0-255,1484,172096,46,254094
10978,0.002242,74.125.24.0-255,5738,177834,46,254094
10979,0.002248,74.125.24.0-255,5738,183572,46,254094
10980,0.002265,172.31.46.0-255,66,183638,46,254094
10981,0.002269,172.31.46.0-255,66,183704,46,254094
10982,0.002291,74.125.24.0-255,5738,189442,46,254094
10983,0.002293,172.31.46.0-255,66,189508,46,254094
10984,0.002325,74.125.24.0-255,7156,196664,46,254094
10985,0.002328,172.31.46.0-255,66,196730,46,254094
10986,0.002335,74.125.24.0-255,5020,201750,46,254094
10987,0.002337,172.31.46.0-255,66,201816,46,254094
10988,0.002365,74.125.24.0-255,4320,206136,46,254094
10989,0.002368,172.31.46.0-255,66,206202,46,254094
10990,0.002402,172.31.46.0-255,66,206268,46,254094
10991,0.002428,74.125.24.0-255,4320,210588,46,254094
10992,0.00243,172.31.46.0-255,66,210654,46,254094
10993,0.002436,74.125.24.0-255,4320,214974,46,254094
10994,0.002438,172.31.46.0-255,66,215040,46,254094
10995,0.002462,74.125.24.0-255,5738,220778,46,254094
10996,0.002464,172.31.46.0-255,66,220844,46,254094
10997,0.002489,74.125.24.0-255,6438,227282,46,254094
10998,0.002492,172.31.46.0-255,66,227348,46,254094
10999,0.005119,74.125.24.0-255,4320,231668,46,254094
11000,0.005126,172.31.46.0-255,66,231734,46,254094
11001,0.005156,74.125.24.0-255,1484,233218,46,254094
11002,0.007709,74.125.24.0-255,4320,237538,46,254094
11003,0.007716,172.31.46.0-255,66,237604,46,254094
11004,0.01033,74.125.24.0-255,5738,243342,46,254094
11005,0.010336,172.31.46.0-255,66,243408,46,254094
11006,0.012936,74.125.24.0-255,1411,244819,46,254094
11007,0.015984,172.31.46.0-255,66,244885,46,254094
11008,0.016025,172.31.46.0-255,105,244990,46,254094
11009,0.018617,74.125.24.0-255,66,245056,46,254094
11010,0.033111,172.31.46.0-255,172,245228,46,254094
11011,0.033152,172.31.46.0-255,1114,246342,46,254094
11012,0.033211,172.31.46.0-255,1514,247856,46,254094
11013,0.033213,172.31.46.0-255,1514,249370,46,254094
11014,0.033214,172.31.46.0-255,1514,250884,46,254094
11015,0.033219,172.31.46.0-255,1514,252398,46,254094
11016,0.03322,172.31.46.0-255,1498,253896,46,254094
11017,0.034683,104.244.42.0-255,66,253962,46,254094
11018,0.034749,104.244.42.0-255,66,254028,46,254094
11019,0.034833,104.244.42.0-255,66,254094,46,254094
11020,0.0,74.125.24.0-255,146,146,46,268626
11021,1.5e-05,172.31.46.0-255,66,212,46,268626
11022,2.1e-05,74.125.24.0-255,1484,1696,46,268626
11023,2.6e-05,172.31.46.0-255,66,1762,46,268626
11024,3.9e-05,74.125.24.0-255,2902,4664,46,268626
11025,4.2e-05,172.31.46.0-255,66,4730,46,268626
11026,4.9e-05,74.125.24.0-255,7156,11886,46,268626
11027,5.2e-05,172.31.46.0-255,66,11952,46,268626
11028,5.6e-05,74.125.24.0-255,2037,13989,46,268626
11029,5.8e-05,172.31.46.0-255,66,14055,46,268626
11030,0.000253,74.125.24.0-255,1484,15539,46,268626
11031,0.000258,172.31.46.0-255,66,15605,46,268626
11032,0.000264,74.125.24.0-255,2902,18507,46,268626
11033,0.000267,172.31.46.0-255,66,18573,46,268626
11034,0.00027,74.125.24.0-255,1484,20057,46,268626
11035,0.000272,172.31.46.0-255,66,20123,46,268626
11036,0.000303,74.125.24.0-255,4320,24443,46,268626
11037,0.000307,172.31.46.0-255,66,24509,46,268626
11038,0.000319,74.125.24.0-255,6797,31306,46,268626
11039,0.000321,172.31.46.0-255,66,31372,46,268626
11040,0.000325,74.125.24.0-255,2902,34274,46,268626
11041,0.000327,172.31.46.0-255,66,34340,46,268626
11042,0.000359,74.125.24.0-255,4320,38660,46,268626
11043,0.000362,172.31.46.0-255,66,38726,46,268626
11044,0.000373,172.31.46.0-255,66,38792,46,268626
11045,0.0004,74.125.24.0-255,1484,40276,46,268626
11046,0.000402,172.31.46.0-255,66,40342,46,268626
11047,0.000436,172.31.46.0-255,66,40408,46,268626
11048,0.000445,74.125.24.0-255,6797,47205,46,268626
11049,0.000447,172.31.46.0-255,66,47271,46,268626
11050,0.00045,74.125.24.0-255,398,47669,46,268626
11051,0.00057,74.125.24.0-255,111,47780,46,268626
11052,0.000967,74.125.24.0-255,1484,49264,46,268626
11053,0.000972,172.31.46.0-255,66,49330,46,268626
11054,0.000977,74.125.24.0-255,2902,52232,46,268626
11055,0.000979,172.31.46.0-255,66,52298,46,268626
11056,0.00101,74.125.24.0-255,5738,58036,46,268626
11057,0.001013,172.31.46.0-255,66,58102,46,268626
11058,0.001019,74.125.24.0-255,5738,63840,46,268626
11059,0.001021,172.31.46.0-255,66,63906,46,268626
11060,0.001038,74.125.24.0-255,1125,65031,46,268626
11061,0.00109,172.31.46.0-255,66,65097,46,268626
11062,0.001116,74.125.24.0-255,2902,67999,46,268626
11063,0.001119,172.31.46.0-255,66,68065,46,268626
11064,0.001142,74.125.24.0-255,2543,70608,46,268626
11065,0.001144,172.31.46.0-255,66,70674,46,268626
11066,0.00163,74.125.24.0-255,1484,72158,46,268626
11067,0.00164,74.125.24.0-255,2902,75060,46,268626
11068,0.001644,172.31.46.0-255,66,75126,46,268626
11069,0.001648,74.125.24.0-255,1484,76610,46,268626
11070,0.001682,74.125.24.0-255,4320,80930,46,268626
11071,0.001686,172.31.46.0-255,66,80996,46,268626
11072,0.001691,74.125.24.0-255,4320,85316,46,268626
11073,0.001693,172.31.46.0-255,66,85382,46,268626
11074,0.001724,74.125.24.0-255,1484,86866,46,268626
11075,0.001761,172.31.46.0-255,66,86932,46,268626
11076,0.001772,172.31.46.0-255,66,86998,46,268626
11077,0.00182,74.125.24.0-255,1484,88482,46,268626
11078,0.001824,74.125.24.0-255,1484,89966,46,268626
11079,0.001827,172.31.46.0-255,66,90032,46,268626
11080,0.001855,74.125.24.0-255,1484,91516,46,268626
11081,0.001862,74.125.24.0-255,5738,97254,46,268626
11082,0.001864,172.31.46.0-255,66,97320,46,268626
11083,0.001878,74.125.24.0-255,2902,100222,46,268626
11084,0.00188,172.31.46.0-255,66,100288,46,268626
11085,0.001918,172.31.46.0-255,66,100354,46,268626
11086,0.001936,172.31.46.0-255,66,100420,46,268626
11087,0.001975,74.125.24.0-255,1484,101904,46,268626
11088,0.001996,74.125.24.0-255,2902,104806,46,268626
11089,0.002,172.31.46.0-255,66,104872,46,268626
11090,0.002003,74.125.24.0-255,1484,106356,46,268626
11091,0.002032,74.125.24.0-255,4320,110676,46,268626
11092,0.002036,172.31.46.0-255,66,110742,46,268626
11093,0.002043,74.125.24.0-255,7156,117898,46,268626
11094,0.002045,172.31.46.0-255,66,117964,46,268626
11095,0.002059,74.125.24.0-255,1484,119448,46,268626
11096,0.002095,172.31.46.0-255,66,119514,46,268626
11097,0.002099,74.125.24.0-255,2184,121698,46,268626
11098,0.002101,172.31.46.0-255,66,121764,46,268626
11099,0.002192,74.125.24.0-255,1484,123248,46,268626
11100,0.002199,74.125.24.0-255,2902,126150,46,268626
11101,0.002204,172.31.46.0-255,66,126216,46,268626
11102,0.002235,74.125.24.0-255,5738,131954,46,268626
11103,0.002238,172.31.46.0-255,66,132020,46,268626
11104,0.002244,74.125.24.0-255,4320,136340,46,268626
11105,0.002246,172.31.46.0-255,66,136406,46,268626
11106,0.00229,172.31.46.0-255,66,136472,46,268626
11107,0.0023,172.31.46.0-255,66,136538,46,268626
11108,0.002436,74.125.24.0-255,1484,138022,46,268626
11109,0.002443,74.125.24.0-255,2902,140924,46,268626
11110,0.002446,172.31.46.0-255,66,140990,46,268626
11111,0.002526,74.125.24.0-255,4320,145310,46,268626
11112,0.002531,172.31.46.0-255,66,145376,46,268626
11113,0.002565,74.125.24.0-255,5738,151114,46,268626
11114,0.002568,172.31.46.0-255,66,151180,46,268626
11115,0.002594,74.125.24.0-255,7156,158336,46,268626
11116,0.002597,172.31.46.0-255,66,158402,46,268626
11117,0.002624,74.125.24.0-255,4320,162722,46,268626
11118,0.002626,172.31.46.0-255,66,162788,46,268626
11119,0.002632,74.125.24.0-255,4320,167108,46,268626
11120,0.002635,172.31.46.0-255,66,167174,46,268626
11121,0.002637,74.125.24.0-255,1484,168658,46,268626
11122,0.002663,74.125.24.0-255,2184,170842,46,268626
11123,0.002666,172.31.46.0-255,66,170908,46,268626
11124,0.002818,74.125.24.0-255,1484,172392,46,268626
11125,0.002822,74.125.24.0-255,1484,173876,46,268626
11126,0.002824,172.31.46.0-255,66,173942,46,268626
11127,0.002851,74.125.24.0-255,1484,175426,46,268626
11128,0.002858,74.125.24.0-255,5738,181164,46,268626
11129,0.00286,172.31.46.0-255,66,181230,46,268626
11130,0.002883,74.125.24.0-255,1484,182714,46,268626
11131,0.002908,74.125.24.0-255,1484,184198,46,268626
11132,0.002911,172.31.46.0-255,66,184264,46,268626
11133,0.002914,74.125.24.0-255,1484,185748,46,268626
11134,0.002934,74.125.24.0-255,2902,188650,46,268626
11135,0.002937,172.31.46.0-255,66,188716,46,268626
11136,0.00295,74.125.24.0-255,2902,191618,46,268626
11137,0.002952,172.31.46.0-255,66,191684,46,268626
11138,0.002984,74.125.24.0-255,7156,198840,46,268626
11139,0.002986,172.31.46.0-255,66,198906,46,268626
11140,0.002993,74.125.24.0-255,6438,205344,46,268626
11141,0.002996,172.31.46.0-255,66,205410,46,268626
11142,0.002999,74.125.24.0-255,1484,206894,46,268626
11143,0.003008,74.125.24.0-255,2902,209796,46,268626
11144,0.00301,172.31.46.0-255,66,209862,46,268626
11145,0.003072,74.125.24.0-255,5738,215600,46,268626
11146,0.003075,172.31.46.0-255,66,215666,46,268626
11147,0.003078,74.125.24.0-255,1484,217150,46,268626
11148,0.003083,74.125.24.0-255,2902,220052,46,268626
11149,0.003089,74.125.24.0-255,5738,225790,46,268626
11150,0.003099,74.125.24.0-255,4320,230110,46,268626
11151,0.003149,74.125.24.0-255,2902,233012,46,268626
11152,0.003213,74.125.24.0-255,4320,237332,46,268626
11153,0.00324,74.125.24.0-255,5738,243070,46,268626
11154,0.003244,74.125.24.0-255,1484,244554,46,268626
11155,0.00328,74.125.24.0-255,1484,246038,46,268626
11156,0.003299,74.125.24.0-255,7156,253194,46,268626
11157,0.003323,74.125.24.0-255,2902,256096,46,268626
11158,0.003329,74.125.24.0-255,3052,259148,46,268626
11159,0.003331,74.125.24.0-255,97,259245,46,268626
11160,0.003421,74.125.24.0-255,105,259350,46,268626
11161,0.003969,172.31.46.0-255,66,259416,46,268626
11162,0.00608,172.31.46.0-255,105,259521,46,268626
11163,0.008573,74.125.24.0-255,66,259587,46,268626
11164,0.0359,172.31.46.0-255,172,259759,46,268626
11165,0.035929,172.31.46.0-255,1119,260878,46,268626
11166,0.035984,172.31.46.0-255,1514,262392,46,268626
11167,0.035986,172.31.46.0-255,1514,263906,46,268626
11168,0.035987,172.31.46.0-255,1514,265420,46,268626
11169,0.035992,172.31.46.0-255,1514,266934,46,268626
11170,0.035993,172.31.46.0-255,1494,268428,46,268626
11171,0.03747,104.244.42.0-255,66,268494,46,268626
11172,0.037513,104.244.42.0-255,66,268560,46,268626
11173,0.037612,104.244.42.0-255,66,268626,46,268626
11174,0.0,74.125.24.0-255,146,146,46,213597
11175,1.7e-05,172.31.46.0-255,66,212,46,213597
11176,2.4e-05,74.125.24.0-255,1484,1696,46,213597
11177,2.8e-05,172.31.46.0-255,66,1762,46,213597
11178,3.3e-05,74.125.24.0-255,2902,4664,46,213597
11179,4.2e-05,172.31.46.0-255,66,4730,46,213597
11180,4.9e-05,74.125.24.0-255,5738,10468,46,213597
11181,5.2e-05,172.31.46.0-255,66,10534,46,213597
11182,0.000103,74.125.24.0-255,3446,13980,46,213597
11183,0.000106,172.31.46.0-255,66,14046,46,213597
11184,0.000133,74.125.24.0-255,2902,16948,46,213597
11185,0.000135,172.31.46.0-255,66,17014,46,213597
11186,0.000162,74.125.24.0-255,1484,18498,46,213597
11187,0.000164,172.31.46.0-255,66,18564,46,213597
11188,0.000169,74.125.24.0-255,2902,21466,46,213597
11189,0.000171,172.31.46.0-255,66,21532,46,213597
11190,0.000186,172.31.46.0-255,66,21598,46,213597
11191,0.000189,74.125.24.0-255,1125,22723,46,213597
11192,0.000191,172.31.46.0-255,66,22789,46,213597
11193,0.000261,74.125.24.0-255,1484,24273,46,213597
11194,0.000264,172.31.46.0-255,66,24339,46,213597
11195,0.000282,74.125.24.0-255,2902,27241,46,213597
11196,0.000285,172.31.46.0-255,66,27307,46,213597
11197,0.000291,74.125.24.0-255,5738,33045,46,213597
11198,0.000294,172.31.46.0-255,66,33111,46,213597
11199,0.000319,74.125.24.0-255,5738,38849,46,213597
11200,0.000322,172.31.46.0-255,66,38915,46,213597
11201,0.000353,74.125.24.0-255,7156,46071,46,213597
11202,0.000356,172.31.46.0-255,66,46137,46,213597
11203,0.000394,74.125.24.0-255,6797,52934,46,213597
11204,0.000397,172.31.46.0-255,66,53000,46,213597
11205,0.000402,74.125.24.0-255,4274,57274,46,213597
11206,0.000405,172.31.46.0-255,66,57340,46,213597
11207,0.000694,74.125.24.0-255,110,57450,46,213597
11208,0.000734,74.125.24.0-255,330,57780,46,213597
11209,0.000968,74.125.24.0-255,1484,59264,46,213597
11210,0.000974,172.31.46.0-255,66,59330,46,213597
11211,0.001003,74.125.24.0-255,2902,62232,46,213597
11212,0.001006,172.31.46.0-255,66,62298,46,213597
11213,0.001013,74.125.24.0-255,5738,68036,46,213597
11214,0.001015,172.31.46.0-255,66,68102,46,213597
11215,0.001019,74.125.24.0-255,2902,71004,46,213597
11216,0.001026,172.31.46.0-255,66,71070,46,213597
11217,0.001065,172.31.46.0-255,66,71136,46,213597
11218,0.001075,172.31.46.0-255,66,71202,46,213597
11219,0.001096,74.125.24.0-255,2184,73386,46,213597
11220,0.001099,172.31.46.0-255,66,73452,46,213597
11221,0.00114,74.125.24.0-255,1484,74936,46,213597
11222,0.001144,74.125.24.0-255,1484,76420,46,213597
11223,0.001147,172.31.46.0-255,66,76486,46,213597
11224,0.001166,74.125.24.0-255,1484,77970,46,213597
11225,0.001171,74.125.24.0-255,4320,82290,46,213597
11226,0.001177,172.31.46.0-255,66,82356,46,213597
11227,0.001184,74.125.24.0-255,1484,83840,46,213597
11228,0.001195,74.125.24.0-255,5738,89578,46,213597
11229,0.001198,172.31.46.0-255,66,89644,46,213597
11230,0.001234,172.31.46.0-255,66,89710,46,213597
11231,0.001238,74.125.24.0-255,1484,91194,46,213597
11232,0.001264,74.125.24.0-255,3602,94796,46,213597
11233,0.001269,172.31.46.0-255,66,94862,46,213597
11234,0.001609,74.125.24.0-255,1484,96346,46,213597
11235,0.001623,74.125.24.0-255,2902,99248,46,213597
11236,0.001627,172.31.46.0-255,66,99314,46,213597
11237,0.001656,74.125.24.0-255,5738,105052,46,213597
11238,0.001659,172.31.46.0-255,66,105118,46,213597
11239,0.001663,74.125.24.0-255,2902,108020,46,213597
11240,0.001665,172.31.46.0-255,66,108086,46,213597
11241,0.001699,74.125.24.0-255,7156,115242,46,213597
11242,0.001701,172.31.46.0-255,66,115308,46,213597
11243,0.001714,172.31.46.0-255,66,115374,46,213597
11244,0.001739,74.125.24.0-255,766,116140,46,213597
11245,0.002008,74.125.24.0-255,1484,117624,46,213597
11246,0.002014,172.31.46.0-255,66,117690,46,213597
11247,0.00202,74.125.24.0-255,2902,120592,46,213597
11248,0.002022,172.31.46.0-255,66,120658,46,213597
11249,0.002028,74.125.24.0-255,5738,126396,46,213597
11250,0.002035,172.31.46.0-255,66,126462,46,213597
11251,0.002084,172.31.46.0-255,66,126528,46,213597
11252,0.002101,172.31.46.0-255,66,126594,46,213597
11253,0.002126,74.125.24.0-255,1484,128078,46,213597
11254,0.002154,74.125.24.0-255,2902,130980,46,213597
11255,0.002157,172.31.46.0-255,66,131046,46,213597
11256,0.002163,74.125.24.0-255,5738,136784,46,213597
11257,0.002166,172.31.46.0-255,66,136850,46,213597
11258,0.002183,74.125.24.0-255,1484,138334,46,213597
11259,0.002217,172.31.46.0-255,66,138400,46,213597
11260,0.002233,172.31.46.0-255,66,138466,46,213597
11261,0.002256,74.125.24.0-255,2184,140650,46,213597
11262,0.002259,172.31.46.0-255,66,140716,46,213597
11263,0.0023,74.125.24.0-255,2902,143618,46,213597
11264,0.002303,172.31.46.0-255,66,143684,46,213597
11265,0.002332,74.125.24.0-255,7156,150840,46,213597
11266,0.002336,172.31.46.0-255,66,150906,46,213597
11267,0.002378,74.125.24.0-255,2902,153808,46,213597
11268,0.002381,172.31.46.0-255,66,153874,46,213597
11269,0.002414,74.125.24.0-255,5738,159612,46,213597
11270,0.002417,172.31.46.0-255,66,159678,46,213597
11271,0.002433,172.31.46.0-255,66,159744,46,213597
11272,0.002436,74.125.24.0-255,1484,161228,46,213597
11273,0.002442,74.125.24.0-255,5020,166248,46,213597
11274,0.002445,172.31.46.0-255,66,166314,46,213597
11275,0.00247,74.125.24.0-255,1484,167798,46,213597
11276,0.002475,74.125.24.0-255,2902,170700,46,213597
11277,0.002478,172.31.46.0-255,66,170766,46,213597
11278,0.002488,74.125.24.0-255,5738,176504,46,213597
11279,0.002491,172.31.46.0-255,66,176570,46,213597
11280,0.002535,172.31.46.0-255,66,176636,46,213597
11281,0.002538,74.125.24.0-255,1484,178120,46,213597
11282,0.002567,172.31.46.0-255,66,178186,46,213597
11283,0.002602,172.31.46.0-255,66,178252,46,213597
11284,0.002604,74.125.24.0-255,1484,179736,46,213597
11285,0.002628,172.31.46.0-255,66,179802,46,213597
11286,0.002634,74.125.24.0-255,5020,184822,46,213597
11287,0.002637,172.31.46.0-255,66,184888,46,213597
11288,0.002704,74.125.24.0-255,4320,189208,46,213597
11289,0.002712,74.125.24.0-255,6438,195646,46,213597
11290,0.002719,74.125.24.0-255,7156,202802,46,213597
11291,0.002733,74.125.24.0-255,1241,204043,46,213597
11292,0.002736,74.125.24.0-255,105,204148,46,213597
11293,0.007135,172.31.46.0-255,66,204214,46,213597
11294,0.008964,172.31.46.0-255,105,204319,46,213597
11295,0.01087,74.125.24.0-255,66,204385,46,213597
11296,0.037158,172.31.46.0-255,172,204557,46,213597
11297,0.037189,172.31.46.0-255,1118,205675,46,213597
11298,0.037251,172.31.46.0-255,1514,207189,46,213597
11299,0.037252,172.31.46.0-255,1514,208703,46,213597
11300,0.037254,172.31.46.0-255,1514,210217,46,213597
11301,0.037254,172.31.46.0-255,1514,211731,46,213597
11302,0.037255,172.31.46.0-255,1494,213225,46,213597
11303,0.038705,104.244.42.0-255,66,213291,46,213597
11304,0.038756,104.244.42.0-255,66,213357,46,213597
11305,0.038803,104.244.42.0-255,66,213423,46,213597
11306,0.039438,104.244.42.0-255,108,213531,46,213597
11307,0.039445,172.31.46.0-255,66,213597,46,213597
11308,0.0,74.125.24.0-255,156,156,46,213667
11309,2.1e-05,172.31.46.0-255,66,222,46,213667
11310,2.7e-05,74.125.24.0-255,1484,1706,46,213667
11311,3.2e-05,172.31.46.0-255,66,1772,46,213667
11312,4.4e-05,74.125.24.0-255,2902,4674,46,213667
11313,4.8e-05,172.31.46.0-255,66,4740,46,213667
11314,5.6e-05,74.125.24.0-255,7156,11896,46,213667
11315,5.9e-05,172.31.46.0-255,66,11962,46,213667
11316,6.3e-05,74.125.24.0-255,2066,14028,46,213667
11317,6.6e-05,172.31.46.0-255,66,14094,46,213667
11318,0.000113,172.31.46.0-255,66,14160,46,213667
11319,0.000121,74.125.24.0-255,7156,21316,46,213667
11320,0.000124,172.31.46.0-255,66,21382,46,213667
11321,0.000153,74.125.24.0-255,4320,25702,46,213667
11322,0.000155,172.31.46.0-255,66,25768,46,213667
11323,0.000174,172.31.46.0-255,66,25834,46,213667
11324,0.000202,74.125.24.0-255,2902,28736,46,213667
11325,0.000205,172.31.46.0-255,66,28802,46,213667
11326,0.000233,74.125.24.0-255,7156,35958,46,213667
11327,0.000235,172.31.46.0-255,66,36024,46,213667
11328,0.000263,74.125.24.0-255,7093,43117,46,213667
11329,0.000266,172.31.46.0-255,66,43183,46,213667
11330,0.000627,74.125.24.0-255,1484,44667,46,213667
11331,0.000632,172.31.46.0-255,66,44733,46,213667
11332,0.000638,74.125.24.0-255,2902,47635,46,213667
11333,0.00064,172.31.46.0-255,66,47701,46,213667
11334,0.00066,74.125.24.0-255,2902,50603,46,213667
11335,0.000663,172.31.46.0-255,66,50669,46,213667
11336,0.000692,74.125.24.0-255,2902,53571,46,213667
11337,0.000694,172.31.46.0-255,66,53637,46,213667
11338,0.000722,74.125.24.0-255,7111,60748,46,213667
11339,0.000751,172.31.46.0-255,66,60814,46,213667
11340,0.000816,74.125.24.0-255,1484,62298,46,213667
11341,0.00082,74.125.24.0-255,2902,65200,46,213667
11342,0.000833,172.31.46.0-255,66,65266,46,213667
11343,0.000843,74.125.24.0-255,2902,68168,46,213667
11344,0.000858,74.125.24.0-255,2902,71070,46,213667
11345,0.000863,74.125.24.0-255,4320,75390,46,213667
11346,0.000877,172.31.46.0-255,66,75456,46,213667
11347,0.000901,172.31.46.0-255,66,75522,46,213667
11348,0.000973,172.31.46.0-255,66,75588,46,213667
11349,0.001026,172.31.46.0-255,66,75654,46,213667
11350,0.001552,74.125.24.0-255,1484,77138,46,213667
11351,0.001558,74.125.24.0-255,2902,80040,46,213667
11352,0.001561,172.31.46.0-255,66,80106,46,213667
11353,0.001593,74.125.24.0-255,5738,85844,46,213667
11354,0.001606,172.31.46.0-255,66,85910,46,213667
11355,0.001638,172.31.46.0-255,66,85976,46,213667
11356,0.001644,74.125.24.0-255,5020,90996,46,213667
11357,0.001663,172.31.46.0-255,66,91062,46,213667
11358,0.002098,74.125.24.0-255,1484,92546,46,213667
11359,0.002105,74.125.24.0-255,2902,95448,46,213667
11360,0.002109,172.31.46.0-255,66,95514,46,213667
11361,0.002113,74.125.24.0-255,1484,96998,46,213667
11362,0.002145,74.125.24.0-255,4320,101318,46,213667
11363,0.002147,172.31.46.0-255,66,101384,46,213667
11364,0.002172,172.31.46.0-255,66,101450,46,213667
11365,0.002228,172.31.46.0-255,66,101516,46,213667
11366,0.002263,74.125.24.0-255,1484,103000,46,213667
11367,0.002282,74.125.24.0-255,2902,105902,46,213667
11368,0.002286,172.31.46.0-255,66,105968,46,213667
11369,0.002293,74.125.24.0-255,5738,111706,46,213667
11370,0.002358,172.31.46.0-255,66,111772,46,213667
11371,0.004664,74.125.24.0-255,5738,117510,46,213667
11372,0.004676,172.31.46.0-255,66,117576,46,213667
11373,0.006989,74.125.24.0-255,5738,123314,46,213667
11374,0.006995,172.31.46.0-255,66,123380,46,213667
11375,0.009314,74.125.24.0-255,5738,129118,46,213667
11376,0.00932,172.31.46.0-255,66,129184,46,213667
11377,0.011643,74.125.24.0-255,5738,134922,46,213667
11378,0.01165,172.31.46.0-255,66,134988,46,213667
11379,0.013948,74.125.24.0-255,5738,140726,46,213667
11380,0.013957,172.31.46.0-255,66,140792,46,213667
11381,0.016279,74.125.24.0-255,5738,146530,46,213667
11382,0.016285,172.31.46.0-255,66,146596,46,213667
11383,0.018597,74.125.24.0-255,5738,152334,46,213667
11384,0.018605,172.31.46.0-255,66,152400,46,213667
11385,0.020947,74.125.24.0-255,5738,158138,46,213667
11386,0.020954,172.31.46.0-255,66,158204,46,213667
11387,0.023262,74.125.24.0-255,5738,163942,46,213667
11388,0.023272,172.31.46.0-255,66,164008,46,213667
11389,0.025611,74.125.24.0-255,5738,169746,46,213667
11390,0.025618,172.31.46.0-255,66,169812,46,213667
11391,0.027954,74.125.24.0-255,5738,175550,46,213667
11392,0.027962,172.31.46.0-255,66,175616,46,213667
11393,0.030269,74.125.24.0-255,5738,181354,46,213667
11394,0.030277,172.31.46.0-255,66,181420,46,213667
11395,0.0326,74.125.24.0-255,5738,187158,46,213667
11396,0.032608,172.31.46.0-255,66,187224,46,213667
11397,0.034923,74.125.24.0-255,5738,192962,46,213667
11398,0.03493,172.31.46.0-255,66,193028,46,213667
11399,0.035865,172.31.46.0-255,164,193192,46,213667
11400,0.035894,172.31.46.0-255,1128,194320,46,213667
11401,0.035968,172.31.46.0-255,1514,195834,46,213667
11402,0.03597,172.31.46.0-255,1514,197348,46,213667
11403,0.035971,172.31.46.0-255,1514,198862,46,213667
11404,0.035972,172.31.46.0-255,1514,200376,46,213667
11405,0.035973,172.31.46.0-255,1485,201861,46,213667
11406,0.037224,74.125.24.0-255,5738,207599,46,213667
11407,0.037231,172.31.46.0-255,66,207665,46,213667
11408,0.037499,104.244.42.0-255,66,207731,46,213667
11409,0.037506,104.244.42.0-255,66,207797,46,213667
11410,0.037538,104.244.42.0-255,66,207863,46,213667
11411,0.039573,74.125.24.0-255,5738,213601,46,213667
11412,0.039579,172.31.46.0-255,66,213667,46,213667
11413,0.0,172.31.46.0-255,105,105,46,276
11414,0.002577,157.240.25.0-255,105,210,46,276
11415,0.002594,172.31.46.0-255,66,276,46,276
11416,0.0,74.125.24.0-255,153,153,46,221102
11417,2.5e-05,172.31.46.0-255,66,219,46,221102
11418,3.2e-05,74.125.24.0-255,1484,1703,46,221102
11419,3.7e-05,172.31.46.0-255,66,1769,46,221102
11420,4.2e-05,74.125.24.0-255,2902,4671,46,221102
11421,4.5e-05,172.31.46.0-255,66,4737,46,221102
11422,5.2e-05,74.125.24.0-255,5738,10475,46,221102
11423,5.5e-05,172.31.46.0-255,66,10541,46,221102
11424,6e-05,74.125.24.0-255,3545,14086,46,221102
11425,6.3e-05,172.31.46.0-255,66,14152,46,221102
11426,6.7e-05,74.125.24.0-255,1484,15636,46,221102
11427,7e-05,172.31.46.0-255,66,15702,46,221102
11428,9.1e-05,74.125.24.0-255,2902,18604,46,221102
11429,9.4e-05,172.31.46.0-255,66,18670,46,221102
11430,0.000107,172.31.46.0-255,66,18736,46,221102
11431,0.000111,74.125.24.0-255,2543,21279,46,221102
11432,0.000113,172.31.46.0-255,66,21345,46,221102
11433,0.00021,74.125.24.0-255,1484,22829,46,221102
11434,0.000213,172.31.46.0-255,66,22895,46,221102
11435,0.000219,74.125.24.0-255,2902,25797,46,221102
11436,0.000221,172.31.46.0-255,66,25863,46,221102
11437,0.000224,74.125.24.0-255,1484,27347,46,221102
11438,0.000226,172.31.46.0-255,66,27413,46,221102
11439,0.000253,74.125.24.0-255,4320,31733,46,221102
11440,0.000256,172.31.46.0-255,66,31799,46,221102
11441,0.000273,74.125.24.0-255,5738,37537,46,221102
11442,0.000276,172.31.46.0-255,66,37603,46,221102
11443,0.000309,172.31.46.0-255,66,37669,46,221102
11444,0.000336,172.31.46.0-255,66,37735,46,221102
11445,0.000685,74.125.24.0-255,109,37844,46,221102
11446,0.00069,74.125.24.0-255,330,38174,46,221102
11447,0.001008,172.31.46.0-255,66,38240,46,221102
11448,0.001164,74.125.24.0-255,1484,39724,46,221102
11449,0.001173,74.125.24.0-255,2902,42626,46,221102
11450,0.001177,172.31.46.0-255,66,42692,46,221102
11451,0.001185,74.125.24.0-255,5738,48430,46,221102
11452,0.001187,172.31.46.0-255,66,48496,46,221102
11453,0.001228,172.31.46.0-255,66,48562,46,221102
11454,0.001285,172.31.46.0-255,66,48628,46,221102
11455,0.001305,74.125.24.0-255,3602,52230,46,221102
11456,0.001307,172.31.46.0-255,66,52296,46,221102
11457,0.001582,74.125.24.0-255,1484,53780,46,221102
11458,0.001589,74.125.24.0-255,1484,55264,46,221102
11459,0.001592,172.31.46.0-255,66,55330,46,221102
11460,0.001613,74.125.24.0-255,1484,56814,46,221102
11461,0.001618,74.125.24.0-255,2902,59716,46,221102
11462,0.00162,172.31.46.0-255,66,59782,46,221102
11463,0.001624,74.125.24.0-255,2902,62684,46,221102
11464,0.001627,172.31.46.0-255,66,62750,46,221102
11465,0.001645,74.125.24.0-255,4320,67070,46,221102
11466,0.001648,172.31.46.0-255,66,67136,46,221102
11467,0.001677,74.125.24.0-255,5738,72874,46,221102
11468,0.00168,172.31.46.0-255,66,72940,46,221102
11469,0.00171,172.31.46.0-255,66,73006,46,221102
11470,0.00173,74.125.24.0-255,3602,76608,46,221102
11471,0.001733,172.31.46.0-255,66,76674,46,221102
11472,0.001798,74.125.24.0-255,1484,78158,46,221102
11473,0.001803,74.125.24.0-255,2902,81060,46,221102
11474,0.001806,172.31.46.0-255,66,81126,46,221102
11475,0.001827,74.125.24.0-255,4320,85446,46,221102
11476,0.00183,172.31.46.0-255,66,85512,46,221102
11477,0.001851,74.125.24.0-255,1484,86996,46,221102
11478,0.001865,172.31.46.0-255,66,87062,46,221102
11479,0.001886,74.125.24.0-255,1484,88546,46,221102
11480,0.001893,74.125.24.0-255,7156,95702,46,221102
11481,0.001896,172.31.46.0-255,66,95768,46,221102
11482,0.001966,172.31.46.0-255,66,95834,46,221102
11483,0.001984,74.125.24.0-255,2184,98018,46,221102
11484,0.001986,172.31.46.0-255,66,98084,46,221102
11485,0.001994,74.125.24.0-255,5738,103822,46,221102
11486,0.001997,172.31.46.0-255,66,103888,46,221102
11487,0.002031,172.31.46.0-255,66,103954,46,221102
11488,0.002085,74.125.24.0-255,1484,105438,46,221102
11489,0.002089,74.125.24.0-255,1484,106922,46,221102
11490,0.002092,172.31.46.0-255,66,106988,46,221102
11491,0.002108,74.125.24.0-255,1484,108472,46,221102
11492,0.002114,74.125.24.0-255,4320,112792,46,221102
11493,0.002117,172.31.46.0-255,66,112858,46,221102
11494,0.002142,74.125.24.0-255,1484,114342,46,221102
11495,0.002153,172.31.46.0-255,66,114408,46,221102
11496,0.002193,74.125.24.0-255,1484,115892,46,221102
11497,0.002217,74.125.24.0-255,7156,123048,46,221102
11498,0.00222,172.31.46.0-255,66,123114,46,221102
11499,0.002247,74.125.24.0-255,6438,129552,46,221102
11500,0.00225,172.31.46.0-255,66,129618,46,221102
11501,0.002344,74.125.24.0-255,1484,131102,46,221102
11502,0.002365,74.125.24.0-255,2902,134004,46,221102
11503,0.002368,172.31.46.0-255,66,134070,46,221102
11504,0.002372,74.125.24.0-255,1484,135554,46,221102
11505,0.00239,74.125.24.0-255,4320,139874,46,221102
11506,0.002393,172.31.46.0-255,66,139940,46,221102
11507,0.002396,74.125.24.0-255,1484,141424,46,221102
11508,0.002411,74.125.24.0-255,2902,144326,46,221102
11509,0.002414,172.31.46.0-255,66,144392,46,221102
11510,0.002488,74.125.24.0-255,2902,147294,46,221102
11511,0.002508,74.125.24.0-255,4320,151614,46,221102
11512,0.002527,74.125.24.0-255,5738,157352,46,221102
11513,0.002549,74.125.24.0-255,2902,160254,46,221102
11514,0.002564,74.125.24.0-255,4320,164574,46,221102
11515,0.002605,74.125.24.0-255,766,165340,46,221102
11516,0.002652,74.125.24.0-255,2902,168242,46,221102
11517,0.002677,74.125.24.0-255,5738,173980,46,221102
11518,0.002688,74.125.24.0-255,1484,175464,46,221102
11519,0.002691,74.125.24.0-255,1484,176948,46,221102
11520,0.002706,74.125.24.0-255,3602,180550,46,221102
11521,0.003441,74.125.24.0-255,1484,182034,46,221102
11522,0.003456,74.125.24.0-255,2902,184936,46,221102
11523,0.003476,74.125.24.0-255,5738,190674,46,221102
11524,0.003538,74.125.24.0-255,5738,196412,46,221102
11525,0.00356,74.125.24.0-255,5738,202150,46,221102
11526,0.003565,74.125.24.0-255,3602,205752,46,221102
11527,0.00357,74.125.24.0-255,4320,210072,46,221102
11528,0.003588,74.125.24.0-255,1650,211722,46,221102
11529,0.003628,74.125.24.0-255,105,211827,46,221102
11530,0.006864,172.31.46.0-255,66,211893,46,221102
11531,0.009295,172.31.46.0-255,105,211998,46,221102
11532,0.011877,74.125.24.0-255,66,212064,46,221102
11533,0.035491,172.31.46.0-255,172,212236,46,221102
11534,0.035525,172.31.46.0-255,1119,213355,46,221102
11535,0.035603,172.31.46.0-255,1514,214869,46,221102
11536,0.035605,172.31.46.0-255,1514,216383,46,221102
11537,0.035606,172.31.46.0-255,1514,217897,46,221102
11538,0.035612,172.31.46.0-255,1514,219411,46,221102
11539,0.035613,172.31.46.0-255,1493,220904,46,221102
11540,0.037052,104.244.42.0-255,66,220970,46,221102
11541,0.037084,104.244.42.0-255,66,221036,46,221102
11542,0.03719,104.244.42.0-255,66,221102,46,221102
11543,0.0,74.125.24.0-255,146,146,46,172479
11544,1.5e-05,172.31.46.0-255,66,212,46,172479
11545,2.1e-05,74.125.24.0-255,1484,1696,46,172479
11546,2.5e-05,172.31.46.0-255,66,1762,46,172479
11547,3e-05,74.125.24.0-255,2902,4664,46,172479
11548,3.3e-05,172.31.46.0-255,66,4730,46,172479
11549,4.1e-05,74.125.24.0-255,7156,11886,46,172479
11550,4.3e-05,172.31.46.0-255,66,11952,46,172479
11551,4.5e-05,74.125.24.0-255,1484,13436,46,172479
11552,4.8e-05,172.31.46.0-255,66,13502,46,172479
11553,7.7e-05,74.125.24.0-255,682,14184,46,172479
11554,7.9e-05,172.31.46.0-255,66,14250,46,172479
11555,0.000191,74.125.24.0-255,1484,15734,46,172479
11556,0.000195,172.31.46.0-255,66,15800,46,172479
11557,0.000201,74.125.24.0-255,2902,18702,46,172479
11558,0.000203,172.31.46.0-255,66,18768,46,172479
11559,0.000209,74.125.24.0-255,4320,23088,46,172479
11560,0.000211,172.31.46.0-255,66,23154,46,172479
11561,0.00023,74.125.24.0-255,1484,24638,46,172479
11562,0.000232,172.31.46.0-255,66,24704,46,172479
11563,0.000236,74.125.24.0-255,1484,26188,46,172479
11564,0.000237,172.31.46.0-255,66,26254,46,172479
11565,0.00026,74.125.24.0-255,5379,31633,46,172479
11566,0.000263,172.31.46.0-255,66,31699,46,172479
11567,0.00035,74.125.24.0-255,1484,33183,46,172479
11568,0.000353,172.31.46.0-255,66,33249,46,172479
11569,0.000358,74.125.24.0-255,2902,36151,46,172479
11570,0.00036,172.31.46.0-255,66,36217,46,172479
11571,0.000376,74.125.24.0-255,5738,41955,46,172479
11572,0.000379,172.31.46.0-255,66,42021,46,172479
11573,0.000407,74.125.24.0-255,6797,48818,46,172479
11574,0.00041,172.31.46.0-255,66,48884,46,172479
11575,0.000417,74.125.24.0-255,7156,56040,46,172479
11576,0.000419,172.31.46.0-255,66,56106,46,172479
11577,0.000473,74.125.24.0-255,677,56783,46,172479
11578,0.000492,172.31.46.0-255,66,56849,46,172479
11579,0.000709,74.125.24.0-255,1484,58333,46,172479
11580,0.000715,74.125.24.0-255,2902,61235,46,172479
11581,0.000718,172.31.46.0-255,66,61301,46,172479
11582,0.000744,74.125.24.0-255,5738,67039,46,172479
11583,0.000748,74.125.24.0-255,2902,69941,46,172479
11584,0.000751,172.31.46.0-255,66,70007,46,172479
11585,0.000754,172.31.46.0-255,66,70073,46,172479
11586,0.000773,74.125.24.0-255,3961,74034,46,172479
11587,0.000775,172.31.46.0-255,66,74100,46,172479
11588,0.001325,74.125.24.0-255,1484,75584,46,172479
11589,0.001334,74.125.24.0-255,2902,78486,46,172479
11590,0.001337,172.31.46.0-255,66,78552,46,172479
11591,0.001341,74.125.24.0-255,1484,80036,46,172479
11592,0.001363,74.125.24.0-255,4320,84356,46,172479
11593,0.001366,172.31.46.0-255,66,84422,46,172479
11594,0.001371,74.125.24.0-255,4320,88742,46,172479
11595,0.001373,172.31.46.0-255,66,88808,46,172479
11596,0.001393,74.125.24.0-255,1484,90292,46,172479
11597,0.001417,172.31.46.0-255,66,90358,46,172479
11598,0.001437,74.125.24.0-255,1125,91483,46,172479
11599,0.001448,172.31.46.0-255,66,91549,46,172479
11600,0.001463,74.125.24.0-255,4320,95869,46,172479
11601,0.001465,172.31.46.0-255,66,95935,46,172479
11602,0.001485,74.125.24.0-255,5020,100955,46,172479
11603,0.001487,172.31.46.0-255,66,101021,46,172479
11604,0.001573,74.125.24.0-255,1484,102505,46,172479
11605,0.001578,74.125.24.0-255,1484,103989,46,172479
11606,0.001581,172.31.46.0-255,66,104055,46,172479
11607,0.001603,74.125.24.0-255,1484,105539,46,172479
11608,0.001609,74.125.24.0-255,5738,111277,46,172479
11609,0.001612,172.31.46.0-255,66,111343,46,172479
11610,0.001617,74.125.24.0-255,4320,115663,46,172479
11611,0.001639,74.125.24.0-255,5738,121401,46,172479
11612,0.00167,74.125.24.0-255,4320,125721,46,172479
11613,0.001737,74.125.24.0-255,2902,128623,46,172479
11614,0.001777,74.125.24.0-255,5738,134361,46,172479
11615,0.001822,74.125.24.0-255,4320,138681,46,172479
11616,0.001907,74.125.24.0-255,5020,143701,46,172479
11617,0.00199,74.125.24.0-255,5738,149439,46,172479
11618,0.002109,74.125.24.0-255,1484,150923,46,172479
11619,0.002116,74.125.24.0-255,6438,157361,46,172479
11620,0.002144,74.125.24.0-255,5738,163099,46,172479
11621,0.002173,74.125.24.0-255,105,163204,46,172479
11622,0.003511,172.31.46.0-255,66,163270,46,172479
11623,0.00817,172.31.46.0-255,105,163375,46,172479
11624,0.010411,74.125.24.0-255,66,163441,46,172479
11625,0.03677,172.31.46.0-255,172,163613,46,172479
11626,0.03681,172.31.46.0-255,1114,164727,46,172479
11627,0.0369,172.31.46.0-255,1514,166241,46,172479
11628,0.036902,172.31.46.0-255,1514,167755,46,172479
11629,0.036908,172.31.46.0-255,1514,169269,46,172479
11630,0.036909,172.31.46.0-255,1514,170783,46,172479
11631,0.036928,172.31.46.0-255,1498,172281,46,172479
11632,0.038261,104.244.42.0-255,66,172347,46,172479
11633,0.038296,104.244.42.0-255,66,172413,46,172479
11634,0.038445,104.244.42.0-255,66,172479,46,172479
11635,0.0,74.125.200.0-255,153,153,46,302544
11636,2.1e-05,172.31.46.0-255,66,219,46,302544
11637,2.8e-05,74.125.200.0-255,1484,1703,46,302544
11638,3.2e-05,172.31.46.0-255,66,1769,46,302544
11639,3.5e-05,74.125.200.0-255,1484,3253,46,302544
11640,3.7e-05,172.31.46.0-255,66,3319,46,302544
11641,5.9e-05,74.125.200.0-255,2902,6221,46,302544
11642,6.1e-05,172.31.46.0-255,66,6287,46,302544
11643,6.7e-05,74.125.200.0-255,5738,12025,46,302544
11644,6.9e-05,172.31.46.0-255,66,12091,46,302544
11645,9.4e-05,74.125.200.0-255,2042,14133,46,302544
11646,9.6e-05,172.31.46.0-255,66,14199,46,302544
11647,0.000161,74.125.200.0-255,1484,15683,46,302544
11648,0.000164,172.31.46.0-255,66,15749,46,302544
11649,0.000168,74.125.200.0-255,2902,18651,46,302544
11650,0.00017,172.31.46.0-255,66,18717,46,302544
11651,0.00019,74.125.200.0-255,2902,21619,46,302544
11652,0.000192,172.31.46.0-255,66,21685,46,302544
11653,0.000209,74.125.200.0-255,1484,23169,46,302544
11654,0.000211,172.31.46.0-255,66,23235,46,302544
11655,0.000227,74.125.200.0-255,2902,26137,46,302544
11656,0.000229,172.31.46.0-255,66,26203,46,302544
11657,0.000246,74.125.200.0-255,5379,31582,46,302544
11658,0.000248,172.31.46.0-255,66,31648,46,302544
11659,0.000279,74.125.200.0-255,4320,35968,46,302544
11660,0.000281,172.31.46.0-255,66,36034,46,302544
11661,0.000295,74.125.200.0-255,1484,37518,46,302544
11662,0.000297,172.31.46.0-255,66,37584,46,302544
11663,0.0003,74.125.200.0-255,1484,39068,46,302544
11664,0.000302,172.31.46.0-255,66,39134,46,302544
11665,0.000319,74.125.200.0-255,2902,42036,46,302544
11666,0.000321,172.31.46.0-255,66,42102,46,302544
11667,0.000341,74.125.200.0-255,5738,47840,46,302544
11668,0.000343,172.31.46.0-255,66,47906,46,302544
11669,0.000346,74.125.200.0-255,1125,49031,46,302544
11670,0.00037,74.125.200.0-255,1484,50515,46,302544
11671,0.000371,172.31.46.0-255,66,50581,46,302544
11672,0.000384,74.125.200.0-255,2902,53483,46,302544
11673,0.000386,172.31.46.0-255,66,53549,46,302544
11674,0.00041,74.125.200.0-255,1484,55033,46,302544
11675,0.000416,74.125.200.0-255,5738,60771,46,302544
11676,0.000419,172.31.46.0-255,66,60837,46,302544
11677,0.000453,74.125.200.0-255,5654,66491,46,302544
11678,0.000455,172.31.46.0-255,66,66557,46,302544
11679,0.000458,74.125.200.0-255,129,66686,46,302544
11680,0.000554,74.125.200.0-255,1484,68170,46,302544
11681,0.000558,172.31.46.0-255,66,68236,46,302544
11682,0.000571,74.125.200.0-255,2902,71138,46,302544
11683,0.000573,172.31.46.0-255,66,71204,46,302544
11684,0.000576,74.125.200.0-255,1484,72688,46,302544
11685,0.000603,74.125.200.0-255,4320,77008,46,302544
11686,0.000605,172.31.46.0-255,66,77074,46,302544
11687,0.00061,74.125.200.0-255,4320,81394,46,302544
11688,0.000612,172.31.46.0-255,66,81460,46,302544
11689,0.000618,74.125.200.0-255,5379,86839,46,302544
11690,0.00062,172.31.46.0-255,66,86905,46,302544
11691,0.000672,172.31.46.0-255,66,86971,46,302544
11692,0.000677,74.125.200.0-255,2543,89514,46,302544
11693,0.000679,172.31.46.0-255,66,89580,46,302544
11694,0.000682,74.125.200.0-255,348,89928,46,302544
11695,0.000844,74.125.200.0-255,1484,91412,46,302544
11696,0.000847,172.31.46.0-255,66,91478,46,302544
11697,0.000851,74.125.200.0-255,1484,92962,46,302544
11698,0.000867,74.125.200.0-255,2902,95864,46,302544
11699,0.000869,172.31.46.0-255,66,95930,46,302544
11700,0.000872,74.125.200.0-255,1484,97414,46,302544
11701,0.00089,74.125.200.0-255,4320,101734,46,302544
11702,0.000892,172.31.46.0-255,66,101800,46,302544
11703,0.000906,74.125.200.0-255,4320,106120,46,302544
11704,0.000908,172.31.46.0-255,66,106186,46,302544
11705,0.000936,74.125.200.0-255,7156,113342,46,302544
11706,0.000939,172.31.46.0-255,66,113408,46,302544
11707,0.000964,74.125.200.0-255,7156,120564,46,302544
11708,0.000966,172.31.46.0-255,66,120630,46,302544
11709,0.000988,74.125.200.0-255,3602,124232,46,302544
11710,0.00099,172.31.46.0-255,66,124298,46,302544
11711,0.001428,74.125.200.0-255,1484,125782,46,302544
11712,0.001444,74.125.200.0-255,2902,128684,46,302544
11713,0.001447,172.31.46.0-255,66,128750,46,302544
11714,0.00145,74.125.200.0-255,1484,130234,46,302544
11715,0.001471,74.125.200.0-255,4320,134554,46,302544
11716,0.001473,172.31.46.0-255,66,134620,46,302544
11717,0.001477,74.125.200.0-255,2902,137522,46,302544
11718,0.001479,172.31.46.0-255,66,137588,46,302544
11719,0.001495,74.125.200.0-255,5738,143326,46,302544
11720,0.001497,172.31.46.0-255,66,143392,46,302544
11721,0.001513,74.125.200.0-255,4320,147712,46,302544
11722,0.001514,172.31.46.0-255,66,147778,46,302544
11723,0.001521,74.125.200.0-255,5738,153516,46,302544
11724,0.001522,172.31.46.0-255,66,153582,46,302544
11725,0.001547,74.125.200.0-255,5020,158602,46,302544
11726,0.00155,172.31.46.0-255,66,158668,46,302544
11727,0.001612,74.125.200.0-255,1484,160152,46,302544
11728,0.001617,74.125.200.0-255,2902,163054,46,302544
11729,0.001619,172.31.46.0-255,66,163120,46,302544
11730,0.001644,74.125.200.0-255,5738,168858,46,302544
11731,0.001647,172.31.46.0-255,66,168924,46,302544
11732,0.001673,172.31.46.0-255,66,168990,46,302544
11733,0.001697,74.125.200.0-255,4320,173310,46,302544
11734,0.0017,172.31.46.0-255,66,173376,46,302544
11735,0.001705,74.125.200.0-255,4320,177696,46,302544
11736,0.001707,172.31.46.0-255,66,177762,46,302544
11737,0.001734,74.125.200.0-255,6438,184200,46,302544
11738,0.001737,172.31.46.0-255,66,184266,46,302544
11739,0.001824,74.125.200.0-255,1484,185750,46,302544
11740,0.001829,74.125.200.0-255,2902,188652,46,302544
11741,0.001831,172.31.46.0-255,66,188718,46,302544
11742,0.001857,74.125.200.0-255,5738,194456,46,302544
11743,0.001859,172.31.46.0-255,66,194522,46,302544
11744,0.001888,172.31.46.0-255,66,194588,46,302544
11745,0.001903,74.125.200.0-255,4320,198908,46,302544
11746,0.001906,172.31.46.0-255,66,198974,46,302544
11747,0.00193,74.125.200.0-255,7156,206130,46,302544
11748,0.001933,172.31.46.0-255,66,206196,46,302544
11749,0.001937,74.125.200.0-255,2184,208380,46,302544
11750,0.001938,172.31.46.0-255,66,208446,46,302544
11751,0.001994,74.125.200.0-255,1484,209930,46,302544
11752,0.002008,74.125.200.0-255,2902,212832,46,302544
11753,0.002011,172.31.46.0-255,66,212898,46,302544
11754,0.002031,74.125.200.0-255,2902,215800,46,302544
11755,0.002033,172.31.46.0-255,66,215866,46,302544
11756,0.002047,74.125.200.0-255,1484,217350,46,302544
11757,0.002067,74.125.200.0-255,2902,220252,46,302544
11758,0.002071,172.31.46.0-255,66,220318,46,302544
11759,0.002079,74.125.200.0-255,1484,221802,46,302544
11760,0.002099,74.125.200.0-255,7156,228958,46,302544
11761,0.002102,172.31.46.0-255,66,229024,46,302544
11762,0.002114,172.31.46.0-255,66,229090,46,302544
11763,0.002132,74.125.200.0-255,5020,234110,46,302544
11764,0.002135,172.31.46.0-255,66,234176,46,302544
11765,0.002168,74.125.200.0-255,2902,237078,46,302544
11766,0.00217,172.31.46.0-255,66,237144,46,302544
11767,0.002185,74.125.200.0-255,2902,240046,46,302544
11768,0.002187,172.31.46.0-255,66,240112,46,302544
11769,0.0022,172.31.46.0-255,66,240178,46,302544
11770,0.002205,74.125.200.0-255,4320,244498,46,302544
11771,0.002208,172.31.46.0-255,66,244564,46,302544
11772,0.00223,74.125.200.0-255,5738,250302,46,302544
11773,0.002233,172.31.46.0-255,66,250368,46,302544
11774,0.002238,74.125.200.0-255,3602,253970,46,302544
11775,0.00224,172.31.46.0-255,66,254036,46,302544
11776,0.002269,74.125.200.0-255,4320,258356,46,302544
11777,0.002272,172.31.46.0-255,66,258422,46,302544
11778,0.002288,74.125.200.0-255,5738,264160,46,302544
11779,0.002291,172.31.46.0-255,66,264226,46,302544
11780,0.002294,74.125.200.0-255,1484,265710,46,302544
11781,0.002312,74.125.200.0-255,5738,271448,46,302544
11782,0.002315,172.31.46.0-255,66,271514,46,302544
11783,0.002344,172.31.46.0-255,66,271580,46,302544
11784,0.00237,74.125.200.0-255,5738,277318,46,302544
11785,0.002372,172.31.46.0-255,66,277384,46,302544
11786,0.002376,74.125.200.0-255,2184,279568,46,302544
11787,0.002378,172.31.46.0-255,66,279634,46,302544
11788,0.002398,74.125.200.0-255,2902,282536,46,302544
11789,0.002401,172.31.46.0-255,66,282602,46,302544
11790,0.002441,172.31.46.0-255,66,282668,46,302544
11791,0.002446,74.125.200.0-255,2902,285570,46,302544
11792,0.002448,172.31.46.0-255,66,285636,46,302544
11793,0.00247,172.31.46.0-255,66,285702,46,302544
11794,0.00249,74.125.200.0-255,5738,291440,46,302544
11795,0.002494,172.31.46.0-255,66,291506,46,302544
11796,0.002508,74.125.200.0-255,5738,297244,46,302544
11797,0.002511,172.31.46.0-255,66,297310,46,302544
11798,0.002539,74.125.200.0-255,3602,300912,46,302544
11799,0.002542,172.31.46.0-255,66,300978,46,302544
11800,0.002554,74.125.200.0-255,960,301938,46,302544
11801,0.002557,74.125.200.0-255,97,302035,46,302544
11802,0.002604,74.125.200.0-255,105,302140,46,302544
11803,0.008199,172.31.46.0-255,66,302206,46,302544
11804,0.008739,172.31.46.0-255,101,302307,46,302544
11805,0.010122,172.31.46.0-255,105,302412,46,302544
11806,0.011342,74.125.200.0-255,66,302478,46,302544
11807,0.012731,74.125.200.0-255,66,302544,46,302544
11808,0.0,74.125.24.0-255,153,153,46,233489
11809,1.6e-05,74.125.24.0-255,1484,1637,46,233489
11810,2.2e-05,172.31.46.0-255,66,1703,46,233489
11811,3.1e-05,74.125.24.0-255,2902,4605,46,233489
11812,3.4e-05,172.31.46.0-255,66,4671,46,233489
11813,6.7e-05,74.125.24.0-255,7156,11827,46,233489
11814,7e-05,172.31.46.0-255,66,11893,46,233489
11815,7.4e-05,74.125.24.0-255,2088,13981,46,233489
11816,7.7e-05,172.31.46.0-255,66,14047,46,233489
11817,0.000314,74.125.24.0-255,1484,15531,46,233489
11818,0.000322,74.125.24.0-255,2902,18433,46,233489
11819,0.000326,172.31.46.0-255,66,18499,46,233489
11820,0.000333,74.125.24.0-255,5738,24237,46,233489
11821,0.000335,172.31.46.0-255,66,24303,46,233489
11822,0.000388,74.125.24.0-255,6797,31100,46,233489
11823,0.000391,172.31.46.0-255,66,31166,46,233489
11824,0.001271,74.125.24.0-255,1484,32650,46,233489
11825,0.001283,74.125.24.0-255,2902,35552,46,233489
11826,0.001288,172.31.46.0-255,66,35618,46,233489
11827,0.001297,74.125.24.0-255,5738,41356,46,233489
11828,0.001299,172.31.46.0-255,66,41422,46,233489
11829,0.001342,172.31.46.0-255,66,41488,46,233489
11830,0.001387,74.125.24.0-255,4320,45808,46,233489
11831,0.00139,172.31.46.0-255,66,45874,46,233489
11832,0.001419,74.125.24.0-255,6797,52671,46,233489
11833,0.001422,172.31.46.0-255,66,52737,46,233489
11834,0.002017,74.125.24.0-255,645,53382,46,233489
11835,0.003088,74.125.24.0-255,1484,54866,46,233489
11836,0.003094,172.31.46.0-255,66,54932,46,233489
11837,0.003098,74.125.24.0-255,1484,56416,46,233489
11838,0.003118,74.125.24.0-255,1484,57900,46,233489
11839,0.003121,172.31.46.0-255,66,57966,46,233489
11840,0.003128,74.125.24.0-255,5738,63704,46,233489
11841,0.003131,172.31.46.0-255,66,63770,46,233489
11842,0.00316,74.125.24.0-255,6797,70567,46,233489
11843,0.003163,172.31.46.0-255,66,70633,46,233489
11844,0.003171,74.125.24.0-255,7156,77789,46,233489
11845,0.003173,172.31.46.0-255,66,77855,46,233489
11846,0.003203,172.31.46.0-255,66,77921,46,233489
11847,0.004914,74.125.24.0-255,1484,79405,46,233489
11848,0.004921,74.125.24.0-255,1484,80889,46,233489
11849,0.004925,172.31.46.0-255,66,80955,46,233489
11850,0.004957,74.125.24.0-255,1484,82439,46,233489
11851,0.004963,74.125.24.0-255,5738,88177,46,233489
11852,0.004966,172.31.46.0-255,66,88243,46,233489
11853,0.004971,74.125.24.0-255,2902,91145,46,233489
11854,0.004972,172.31.46.0-255,66,91211,46,233489
11855,0.005,172.31.46.0-255,66,91277,46,233489
11856,0.005044,172.31.46.0-255,66,91343,46,233489
11857,0.005047,74.125.24.0-255,1484,92827,46,233489
11858,0.005081,172.31.46.0-255,66,92893,46,233489
11859,0.005086,74.125.24.0-255,2902,95795,46,233489
11860,0.005088,172.31.46.0-255,66,95861,46,233489
11861,0.005131,172.31.46.0-255,66,95927,46,233489
11862,0.005135,74.125.24.0-255,766,96693,46,233489
11863,0.005231,74.125.24.0-255,1484,98177,46,233489
11864,0.005235,172.31.46.0-255,66,98243,46,233489
11865,0.00524,74.125.24.0-255,2902,101145,46,233489
11866,0.005242,172.31.46.0-255,66,101211,46,233489
11867,0.00526,74.125.24.0-255,1484,102695,46,233489
11868,0.005283,74.125.24.0-255,4320,107015,46,233489
11869,0.005287,172.31.46.0-255,66,107081,46,233489
11870,0.0053,172.31.46.0-255,66,107147,46,233489
11871,0.00534,172.31.46.0-255,66,107213,46,233489
11872,0.005359,74.125.24.0-255,2184,109397,46,233489
11873,0.005361,172.31.46.0-255,66,109463,46,233489
11874,0.005403,74.125.24.0-255,1484,110947,46,233489
11875,0.005408,74.125.24.0-255,2902,113849,46,233489
11876,0.005411,172.31.46.0-255,66,113915,46,233489
11877,0.005464,74.125.24.0-255,5738,119653,46,233489
11878,0.005467,172.31.46.0-255,66,119719,46,233489
11879,0.005472,74.125.24.0-255,4320,124039,46,233489
11880,0.005474,172.31.46.0-255,66,124105,46,233489
11881,0.005522,172.31.46.0-255,66,124171,46,233489
11882,0.005525,74.125.24.0-255,1484,125655,46,233489
11883,0.005547,74.125.24.0-255,2902,128557,46,233489
11884,0.00555,172.31.46.0-255,66,128623,46,233489
11885,0.005578,74.125.24.0-255,6438,135061,46,233489
11886,0.005581,172.31.46.0-255,66,135127,46,233489
11887,0.005584,74.125.24.0-255,1484,136611,46,233489
11888,0.005589,74.125.24.0-255,2902,139513,46,233489
11889,0.005591,172.31.46.0-255,66,139579,46,233489
11890,0.005622,74.125.24.0-255,5738,145317,46,233489
11891,0.005625,172.31.46.0-255,66,145383,46,233489
11892,0.00567,172.31.46.0-255,66,145449,46,233489
11893,0.005673,74.125.24.0-255,1484,146933,46,233489
11894,0.005697,74.125.24.0-255,1484,148417,46,233489
11895,0.005699,172.31.46.0-255,66,148483,46,233489
11896,0.005732,172.31.46.0-255,66,148549,46,233489
11897,0.005749,74.125.24.0-255,1484,150033,46,233489
11898,0.005766,74.125.24.0-255,2902,152935,46,233489
11899,0.005769,172.31.46.0-255,66,153001,46,233489
11900,0.005798,74.125.24.0-255,5738,158739,46,233489
11901,0.005802,172.31.46.0-255,66,158805,46,233489
11902,0.005809,74.125.24.0-255,5738,164543,46,233489
11903,0.005812,172.31.46.0-255,66,164609,46,233489
11904,0.005831,74.125.24.0-255,1484,166093,46,233489
11905,0.005846,172.31.46.0-255,66,166159,46,233489
11906,0.005864,74.125.24.0-255,1484,167643,46,233489
11907,0.005869,74.125.24.0-255,2184,169827,46,233489
11908,0.005871,172.31.46.0-255,66,169893,46,233489
11909,0.005944,74.125.24.0-255,1484,171377,46,233489
11910,0.005947,74.125.24.0-255,1484,172861,46,233489
11911,0.00595,172.31.46.0-255,66,172927,46,233489
11912,0.005963,74.125.24.0-255,1484,174411,46,233489
11913,0.005974,74.125.24.0-255,5738,180149,46,233489
11914,0.005976,172.31.46.0-255,66,180215,46,233489
11915,0.005979,74.125.24.0-255,1484,181699,46,233489
11916,0.006007,172.31.46.0-255,66,181765,46,233489
11917,0.006028,74.125.24.0-255,2902,184667,46,233489
11918,0.00603,172.31.46.0-255,66,184733,46,233489
11919,0.006042,172.31.46.0-255,66,184799,46,233489
11920,0.006066,74.125.24.0-255,2184,186983,46,233489
11921,0.006068,172.31.46.0-255,66,187049,46,233489
11922,0.006295,74.125.24.0-255,1484,188533,46,233489
11923,0.006301,74.125.24.0-255,2902,191435,46,233489
11924,0.006305,172.31.46.0-255,66,191501,46,233489
11925,0.006308,74.125.24.0-255,1484,192985,46,233489
11926,0.006332,74.125.24.0-255,4320,197305,46,233489
11927,0.006335,172.31.46.0-255,66,197371,46,233489
11928,0.006374,172.31.46.0-255,66,197437,46,233489
11929,0.006381,74.125.24.0-255,5738,203175,46,233489
11930,0.006383,172.31.46.0-255,66,203241,46,233489
11931,0.006428,74.125.24.0-255,5020,208261,46,233489
11932,0.006431,172.31.46.0-255,66,208327,46,233489
11933,0.006506,74.125.24.0-255,1484,209811,46,233489
11934,0.006511,74.125.24.0-255,2902,212713,46,233489
11935,0.006514,172.31.46.0-255,66,212779,46,233489
11936,0.006545,74.125.24.0-255,5738,218517,46,233489
11937,0.006548,172.31.46.0-255,66,218583,46,233489
11938,0.006575,74.125.24.0-255,5526,224109,46,233489
11939,0.006578,172.31.46.0-255,66,224175,46,233489
11940,0.00661,74.125.24.0-255,105,224280,46,233489
11941,0.008601,172.31.46.0-255,105,224385,46,233489
11942,0.010908,74.125.24.0-255,66,224451,46,233489
11943,0.032303,172.31.46.0-255,172,224623,46,233489
11944,0.032333,172.31.46.0-255,1115,225738,46,233489
11945,0.032398,172.31.46.0-255,1514,227252,46,233489
11946,0.0324,172.31.46.0-255,1514,228766,46,233489
11947,0.032402,172.31.46.0-255,1514,230280,46,233489
11948,0.032407,172.31.46.0-255,1514,231794,46,233489
11949,0.032408,172.31.46.0-255,1497,233291,46,233489
11950,0.033986,104.244.42.0-255,66,233357,46,233489
11951,0.034164,104.244.42.0-255,66,233423,46,233489
11952,0.03417,104.244.42.0-255,66,233489,46,233489
11953,0.0,74.125.68.0-255,154,154,46,269173
11954,2.4e-05,172.31.46.0-255,66,220,46,269173
11955,3.2e-05,74.125.68.0-255,1484,1704,46,269173
11956,3.6e-05,172.31.46.0-255,66,1770,46,269173
11957,3.9e-05,74.125.68.0-255,1484,3254,46,269173
11958,4.8e-05,172.31.46.0-255,66,3320,46,269173
11959,5.4e-05,74.125.68.0-255,2902,6222,46,269173
11960,5.8e-05,172.31.46.0-255,66,6288,46,269173
11961,6.4e-05,74.125.68.0-255,5738,12026,46,269173
11962,6.7e-05,172.31.46.0-255,66,12092,46,269173
11963,9.7e-05,74.125.68.0-255,3421,15513,46,269173
11964,0.000101,172.31.46.0-255,66,15579,46,269173
11965,0.000106,74.125.68.0-255,4320,19899,46,269173
11966,0.000107,172.31.46.0-255,66,19965,46,269173
11967,0.00014,172.31.46.0-255,66,20031,46,269173
11968,0.000143,74.125.68.0-255,1125,21156,46,269173
11969,0.000145,172.31.46.0-255,66,21222,46,269173
11970,0.000235,74.125.68.0-255,1484,22706,46,269173
11971,0.000238,172.31.46.0-255,66,22772,46,269173
11972,0.000256,74.125.68.0-255,2902,25674,46,269173
11973,0.000258,172.31.46.0-255,66,25740,46,269173
11974,0.000263,74.125.68.0-255,2902,28642,46,269173
11975,0.000264,172.31.46.0-255,66,28708,46,269173
11976,0.000286,74.125.68.0-255,2902,31610,46,269173
11977,0.000289,172.31.46.0-255,66,31676,46,269173
11978,0.000293,74.125.68.0-255,2902,34578,46,269173
11979,0.000299,172.31.46.0-255,66,34644,46,269173
11980,0.000304,74.125.68.0-255,3961,38605,46,269173
11981,0.000309,172.31.46.0-255,66,38671,46,269173
11982,0.000338,172.31.46.0-255,66,38737,46,269173
11983,0.000343,74.125.68.0-255,4320,43057,46,269173
11984,0.000405,74.125.68.0-255,4318,47375,46,269173
11985,0.000408,74.125.68.0-255,329,47704,46,269173
11986,0.000578,172.31.46.0-255,66,47770,46,269173
11987,0.000614,74.125.68.0-255,1484,49254,46,269173
11988,0.000618,74.125.68.0-255,1484,50738,46,269173
11989,0.000633,172.31.46.0-255,66,50804,46,269173
11990,0.000636,74.125.68.0-255,1484,52288,46,269173
11991,0.000642,74.125.68.0-255,4320,56608,46,269173
11992,0.000676,172.31.46.0-255,66,56674,46,269173
11993,0.000702,74.125.68.0-255,5738,62412,46,269173
11994,0.000717,74.125.68.0-255,2902,65314,46,269173
11995,0.000727,172.31.46.0-255,66,65380,46,269173
11996,0.00076,74.125.68.0-255,1484,66864,46,269173
11997,0.000779,74.125.68.0-255,3602,70466,46,269173
11998,0.000785,172.31.46.0-255,66,70532,46,269173
11999,0.000869,74.125.68.0-255,1484,72016,46,269173
12000,0.000885,74.125.68.0-255,2902,74918,46,269173
12001,0.000891,172.31.46.0-255,66,74984,46,269173
12002,0.000919,74.125.68.0-255,5738,80722,46,269173
12003,0.000927,74.125.68.0-255,7156,87878,46,269173
12004,0.000941,172.31.46.0-255,66,87944,46,269173
12005,0.000984,74.125.68.0-255,2902,90846,46,269173
12006,0.000991,172.31.46.0-255,66,90912,46,269173
12007,0.001019,74.125.68.0-255,3602,94514,46,269173
12008,0.001034,172.31.46.0-255,66,94580,46,269173
12009,0.001064,74.125.68.0-255,1484,96064,46,269173
12010,0.001077,74.125.68.0-255,2902,98966,46,269173
12011,0.001087,74.125.68.0-255,1484,100450,46,269173
12012,0.00109,172.31.46.0-255,66,100516,46,269173
12013,0.001124,74.125.68.0-255,4320,104836,46,269173
12014,0.00113,74.125.68.0-255,2902,107738,46,269173
12015,0.001134,74.125.68.0-255,4320,112058,46,269173
12016,0.001138,74.125.68.0-255,2902,114960,46,269173
12017,0.001156,172.31.46.0-255,66,115026,46,269173
12018,0.001163,74.125.68.0-255,5738,120764,46,269173
12019,0.001173,74.125.68.0-255,5738,126502,46,269173
12020,0.00118,172.31.46.0-255,66,126568,46,269173
12021,0.001208,74.125.68.0-255,2184,128752,46,269173
12022,0.001213,172.31.46.0-255,66,128818,46,269173
12023,0.001288,74.125.68.0-255,1484,130302,46,269173
12024,0.001294,74.125.68.0-255,2902,133204,46,269173
12025,0.001318,74.125.68.0-255,2902,136106,46,269173
12026,0.001323,74.125.68.0-255,4320,140426,46,269173
12027,0.001357,74.125.68.0-255,2902,143328,46,269173
12028,0.001371,74.125.68.0-255,1484,144812,46,269173
12029,0.001376,74.125.68.0-255,4320,149132,46,269173
12030,0.001382,172.31.46.0-255,66,149198,46,269173
12031,0.001392,74.125.68.0-255,1484,150682,46,269173
12032,0.001417,74.125.68.0-255,3602,154284,46,269173
12033,0.001427,172.31.46.0-255,66,154350,46,269173
12034,0.00156,74.125.68.0-255,1484,155834,46,269173
12035,0.001564,74.125.68.0-255,1484,157318,46,269173
12036,0.001577,74.125.68.0-255,1484,158802,46,269173
12037,0.001585,172.31.46.0-255,66,158868,46,269173
12038,0.001598,74.125.68.0-255,5738,164606,46,269173
12039,0.001603,172.31.46.0-255,66,164672,46,269173
12040,0.001622,74.125.68.0-255,5738,170410,46,269173
12041,0.001643,74.125.68.0-255,4320,174730,46,269173
12042,0.001649,74.125.68.0-255,4320,179050,46,269173
12043,0.001665,172.31.46.0-255,66,179116,46,269173
12044,0.001677,74.125.68.0-255,7156,186272,46,269173
12045,0.001681,74.125.68.0-255,2184,188456,46,269173
12046,0.00169,74.125.68.0-255,2902,191358,46,269173
12047,0.001697,172.31.46.0-255,66,191424,46,269173
12048,0.001728,74.125.68.0-255,7156,198580,46,269173
12049,0.001734,172.31.46.0-255,66,198646,46,269173
12050,0.001746,74.125.68.0-255,4320,202966,46,269173
12051,0.001762,74.125.68.0-255,5738,208704,46,269173
12052,0.001802,74.125.68.0-255,2902,211606,46,269173
12053,0.001829,74.125.68.0-255,2184,213790,46,269173
12054,0.001834,74.125.68.0-255,2902,216692,46,269173
12055,0.001841,172.31.46.0-255,66,216758,46,269173
12056,0.001871,74.125.68.0-255,5738,222496,46,269173
12057,0.001909,74.125.68.0-255,3602,226098,46,269173
12058,0.001912,172.31.46.0-255,66,226164,46,269173
12059,0.001919,172.31.46.0-255,66,226230,46,269173
12060,0.001945,74.125.68.0-255,7156,233386,46,269173
12061,0.001961,74.125.68.0-255,5738,239124,46,269173
12062,0.001972,172.31.46.0-255,66,239190,46,269173
12063,0.002014,172.31.46.0-255,66,239256,46,269173
12064,0.002023,74.125.68.0-255,1484,240740,46,269173
12065,0.002042,74.125.68.0-255,5738,246478,46,269173
12066,0.002076,172.31.46.0-255,66,246544,46,269173
12067,0.00212,74.125.68.0-255,2902,249446,46,269173
12068,0.002125,74.125.68.0-255,5738,255184,46,269173
12069,0.002128,172.31.46.0-255,66,255250,46,269173
12070,0.002138,74.125.68.0-255,2902,258152,46,269173
12071,0.002188,172.31.46.0-255,66,258218,46,269173
12072,0.002216,74.125.68.0-255,4320,262538,46,269173
12073,0.002222,172.31.46.0-255,66,262604,46,269173
12074,0.002243,74.125.68.0-255,6227,268831,46,269173
12075,0.00226,74.125.68.0-255,105,268936,46,269173
12076,0.002277,172.31.46.0-255,66,269002,46,269173
12077,0.009693,172.31.46.0-255,105,269107,46,269173
12078,0.012078,74.125.68.0-255,66,269173,46,269173
12079,0.0,172.31.46.0-255,232,232,46,298
12080,0.005808,172.217.194.0-255,66,298,46,298
12081,0.0,172.217.194.0-255,295,295,46,285620
12082,1.1e-05,172.217.194.0-255,1484,1779,46,285620
12083,1.8e-05,172.217.194.0-255,2902,4681,46,285620
12084,3.4e-05,172.217.194.0-255,1484,6165,46,285620
12085,4.9e-05,172.217.194.0-255,4320,10485,46,285620
12086,6.7e-05,172.217.194.0-255,3312,13797,46,285620
12087,9.8e-05,172.31.46.0-255,66,13863,46,285620
12088,0.000119,172.217.194.0-255,1484,15347,46,285620
12089,0.000143,172.217.194.0-255,5738,21085,46,285620
12090,0.000158,172.217.194.0-255,5738,26823,46,285620
12091,0.000179,172.217.194.0-255,1484,28307,46,285620
12092,0.000229,172.217.194.0-255,2543,30850,46,285620
12093,0.000316,172.31.46.0-255,66,30916,46,285620
12094,0.000495,172.217.194.0-255,1484,32400,46,285620
12095,0.000501,172.217.194.0-255,2902,35302,46,285620
12096,0.000504,172.31.46.0-255,66,35368,46,285620
12097,0.000507,172.217.194.0-255,1484,36852,46,285620
12098,0.000524,172.217.194.0-255,4320,41172,46,285620
12099,0.000538,172.31.46.0-255,66,41238,46,285620
12100,0.000554,172.217.194.0-255,1484,42722,46,285620
12101,0.000565,172.217.194.0-255,2902,45624,46,285620
12102,0.000634,172.31.46.0-255,66,45690,46,285620
12103,0.000673,172.217.194.0-255,2902,48592,46,285620
12104,0.00068,172.31.46.0-255,66,48658,46,285620
12105,0.000715,172.31.46.0-255,66,48724,46,285620
12106,0.000763,172.217.194.0-255,5738,54462,46,285620
12107,0.000771,172.31.46.0-255,66,54528,46,285620
12108,0.000779,172.217.194.0-255,1775,56303,46,285620
12109,0.000787,172.31.46.0-255,66,56369,46,285620
12110,0.000828,172.217.194.0-255,2902,59271,46,285620
12111,0.000833,172.31.46.0-255,66,59337,46,285620
12112,0.000879,172.31.46.0-255,66,59403,46,285620
12113,0.001005,172.217.194.0-255,6757,66160,46,285620
12114,0.001019,172.31.46.0-255,66,66226,46,285620
12115,0.001134,172.217.194.0-255,1484,67710,46,285620
12116,0.001139,172.217.194.0-255,2902,70612,46,285620
12117,0.001142,172.31.46.0-255,66,70678,46,285620
12118,0.001159,172.217.194.0-255,2902,73580,46,285620
12119,0.001171,172.217.194.0-255,2902,76482,46,285620
12120,0.001174,172.31.46.0-255,66,76548,46,285620
12121,0.001178,172.31.46.0-255,66,76614,46,285620
12122,0.001208,172.217.194.0-255,1484,78098,46,285620
12123,0.001221,172.217.194.0-255,5738,83836,46,285620
12124,0.001225,172.31.46.0-255,66,83902,46,285620
12125,0.001273,172.217.194.0-255,2902,86804,46,285620
12126,0.001277,172.31.46.0-255,66,86870,46,285620
12127,0.001314,172.31.46.0-255,66,86936,46,285620
12128,0.001393,172.217.194.0-255,2184,89120,46,285620
12129,0.001398,172.31.46.0-255,66,89186,46,285620
12130,0.001438,172.217.194.0-255,1484,90670,46,285620
12131,0.001441,172.217.194.0-255,1484,92154,46,285620
12132,0.001443,172.31.46.0-255,66,92220,46,285620
12133,0.001458,172.217.194.0-255,1484,93704,46,285620
12134,0.001464,172.217.194.0-255,5738,99442,46,285620
12135,0.001478,172.31.46.0-255,66,99508,46,285620
12136,0.001526,172.217.194.0-255,5738,105246,46,285620
12137,0.00153,172.31.46.0-255,66,105312,46,285620
12138,0.001536,172.217.194.0-255,1484,106796,46,285620
12139,0.001588,172.217.194.0-255,4320,111116,46,285620
12140,0.001598,172.31.46.0-255,66,111182,46,285620
12141,0.001627,172.31.46.0-255,66,111248,46,285620
12142,0.001699,172.217.194.0-255,2184,113432,46,285620
12143,0.001702,172.31.46.0-255,66,113498,46,285620
12144,0.001719,172.217.194.0-255,1484,114982,46,285620
12145,0.00175,172.31.46.0-255,66,115048,46,285620
12146,0.001777,172.31.46.0-255,66,115114,46,285620
12147,0.001963,172.217.194.0-255,6438,121552,46,285620
12148,0.001967,172.31.46.0-255,66,121618,46,285620
12149,0.002017,172.217.194.0-255,1484,123102,46,285620
12150,0.002029,172.217.194.0-255,5738,128840,46,285620
12151,0.002048,172.31.46.0-255,66,128906,46,285620
12152,0.002098,172.31.46.0-255,66,128972,46,285620
12153,0.002106,172.217.194.0-255,1484,130456,46,285620
12154,0.002225,172.217.194.0-255,1484,131940,46,285620
12155,0.002229,172.31.46.0-255,66,132006,46,285620
12156,0.00224,172.217.194.0-255,5738,137744,46,285620
12157,0.002261,172.217.194.0-255,3602,141346,46,285620
12158,0.002299,172.31.46.0-255,101,141447,46,285620
12159,0.002374,172.217.194.0-255,1484,142931,46,285620
12160,0.002392,172.217.194.0-255,2902,145833,46,285620
12161,0.002395,172.217.194.0-255,1484,147317,46,285620
12162,0.002401,172.31.46.0-255,66,147383,46,285620
12163,0.002414,172.217.194.0-255,4320,151703,46,285620
12164,0.002423,172.31.46.0-255,66,151769,46,285620
12165,0.00245,172.217.194.0-255,2902,154671,46,285620
12166,0.002461,172.31.46.0-255,66,154737,46,285620
12167,0.002469,172.217.194.0-255,1484,156221,46,285620
12168,0.002488,172.217.194.0-255,2902,159123,46,285620
12169,0.00251,172.217.194.0-255,1484,160607,46,285620
12170,0.002514,172.217.194.0-255,2902,163509,46,285620
12171,0.002599,172.217.194.0-255,1484,164993,46,285620
12172,0.002613,172.217.194.0-255,2184,167177,46,285620
12173,0.002709,172.217.194.0-255,1484,168661,46,285620
12174,0.002715,172.217.194.0-255,2902,171563,46,285620
12175,0.002734,172.217.194.0-255,2902,174465,46,285620
12176,0.002748,172.217.194.0-255,2902,177367,46,285620
12177,0.002778,172.217.194.0-255,5738,183105,46,285620
12178,0.002794,172.217.194.0-255,7156,190261,46,285620
12179,0.00285,172.217.194.0-255,4320,194581,46,285620
12180,0.002861,172.217.194.0-255,1484,196065,46,285620
12181,0.002895,172.217.194.0-255,5020,201085,46,285620
12182,0.002928,172.217.194.0-255,1484,202569,46,285620
12183,0.002945,172.217.194.0-255,4320,206889,46,285620
12184,0.002964,172.217.194.0-255,4320,211209,46,285620
12185,0.002978,172.217.194.0-255,2902,214111,46,285620
12186,0.003054,172.217.194.0-255,4320,218431,46,285620
12187,0.003067,172.31.46.0-255,66,218497,46,285620
12188,0.003114,172.217.194.0-255,4320,222817,46,285620
12189,0.003128,172.217.194.0-255,2184,225001,46,285620
12190,0.003138,172.31.46.0-255,66,225067,46,285620
12191,0.003648,172.217.194.0-255,1484,226551,46,285620
12192,0.003669,172.217.194.0-255,2902,229453,46,285620
12193,0.003673,172.31.46.0-255,66,229519,46,285620
12194,0.003699,172.217.194.0-255,5738,235257,46,285620
12195,0.003704,172.217.194.0-255,4320,239577,46,285620
12196,0.00371,172.31.46.0-255,66,239643,46,285620
12197,0.003717,172.217.194.0-255,1484,241127,46,285620
12198,0.00375,172.217.194.0-255,5738,246865,46,285620
12199,0.003755,172.31.46.0-255,66,246931,46,285620
12200,0.00378,172.217.194.0-255,7156,254087,46,285620
12201,0.003789,172.31.46.0-255,66,254153,46,285620
12202,0.003838,172.217.194.0-255,5020,259173,46,285620
12203,0.003866,172.217.194.0-255,4320,263493,46,285620
12204,0.003873,172.31.46.0-255,66,263559,46,285620
12205,0.003884,172.217.194.0-255,2902,266461,46,285620
12206,0.003889,172.31.46.0-255,66,266527,46,285620
12207,0.003925,172.217.194.0-255,5738,272265,46,285620
12208,0.003943,172.217.194.0-255,3506,275771,46,285620
12209,0.003947,172.31.46.0-255,66,275837,46,285620
12210,0.003951,172.31.46.0-255,66,275903,46,285620
12211,0.003963,172.217.194.0-255,97,276000,46,285620
12212,0.003965,172.217.194.0-255,105,276105,46,285620
12213,0.004627,172.217.194.0-255,66,276171,46,285620
12214,0.008296,172.31.46.0-255,66,276237,46,285620
12215,0.008328,172.31.46.0-255,105,276342,46,285620
12216,0.010657,172.217.194.0-255,66,276408,46,285620
12217,0.033399,172.31.46.0-255,172,276580,46,285620
12218,0.033433,172.31.46.0-255,1115,277695,46,285620
12219,0.033502,172.31.46.0-255,1514,279209,46,285620
12220,0.033504,172.31.46.0-255,1514,280723,46,285620
12221,0.033506,172.31.46.0-255,1514,282237,46,285620
12222,0.033507,172.31.46.0-255,1514,283751,46,285620
12223,0.03354,172.31.46.0-255,1497,285248,46,285620
12224,0.035066,104.244.42.0-255,66,285314,46,285620
12225,0.035094,104.244.42.0-255,66,285380,46,285620
12226,0.03526,104.244.42.0-255,66,285446,46,285620
12227,0.038765,104.244.42.0-255,108,285554,46,285620
12228,0.038772,172.31.46.0-255,66,285620,46,285620
12229,0.0,172.253.118.0-255,156,156,46,257360
12230,2.3e-05,172.31.46.0-255,66,222,46,257360
12231,3e-05,172.253.118.0-255,1484,1706,46,257360
12232,3.7e-05,172.31.46.0-255,66,1772,46,257360
12233,5.1e-05,172.253.118.0-255,2902,4674,46,257360
12234,5.5e-05,172.31.46.0-255,66,4740,46,257360
12235,6.3e-05,172.253.118.0-255,7156,11896,46,257360
12236,6.6e-05,172.31.46.0-255,66,11962,46,257360
12237,7e-05,172.253.118.0-255,2091,14053,46,257360
12238,7.2e-05,172.31.46.0-255,66,14119,46,257360
12239,0.000335,172.253.118.0-255,1484,15603,46,257360
12240,0.000341,172.31.46.0-255,66,15669,46,257360
12241,0.000347,172.253.118.0-255,2902,18571,46,257360
12242,0.00035,172.31.46.0-255,66,18637,46,257360
12243,0.000361,172.253.118.0-255,5738,24375,46,257360
12244,0.000364,172.31.46.0-255,66,24441,46,257360
12245,0.000416,172.31.46.0-255,66,24507,46,257360
12246,0.000427,172.31.46.0-255,66,24573,46,257360
12247,0.000465,172.253.118.0-255,6797,31370,46,257360
12248,0.000468,172.31.46.0-255,66,31436,46,257360
12249,0.000979,172.253.118.0-255,1484,32920,46,257360
12250,0.000986,172.31.46.0-255,66,32986,46,257360
12251,0.000994,172.253.118.0-255,2902,35888,46,257360
12252,0.000997,172.31.46.0-255,66,35954,46,257360
12253,0.001011,172.253.118.0-255,5738,41692,46,257360
12254,0.001013,172.31.46.0-255,66,41758,46,257360
12255,0.001045,172.253.118.0-255,2902,44660,46,257360
12256,0.001047,172.31.46.0-255,66,44726,46,257360
12257,0.001081,172.31.46.0-255,66,44792,46,257360
12258,0.001121,172.253.118.0-255,4320,49112,46,257360
12259,0.001153,172.253.118.0-255,645,49757,46,257360
12260,0.001218,172.253.118.0-255,1484,51241,46,257360
12261,0.001225,172.253.118.0-255,2902,54143,46,257360
12262,0.001242,172.253.118.0-255,1484,55627,46,257360
12263,0.001256,172.253.118.0-255,4320,59947,46,257360
12264,0.001262,172.253.118.0-255,4320,64267,46,257360
12265,0.001299,172.253.118.0-255,1877,66144,46,257360
12266,0.001738,172.253.118.0-255,1484,67628,46,257360
12267,0.001748,172.253.118.0-255,2902,70530,46,257360
12268,0.001755,172.253.118.0-255,5738,76268,46,257360
12269,0.001771,172.253.118.0-255,4320,80588,46,257360
12270,0.001784,172.253.118.0-255,2902,83490,46,257360
12271,0.001807,172.253.118.0-255,1484,84974,46,257360
12272,0.00183,172.253.118.0-255,7156,92130,46,257360
12273,0.002102,172.253.118.0-255,1484,93614,46,257360
12274,0.002122,172.253.118.0-255,2902,96516,46,257360
12275,0.002126,172.253.118.0-255,1484,98000,46,257360
12276,0.002143,172.253.118.0-255,4320,102320,46,257360
12277,0.002146,172.253.118.0-255,1484,103804,46,257360
12278,0.002163,172.253.118.0-255,7156,110960,46,257360
12279,0.002185,172.253.118.0-255,4320,115280,46,257360
12280,0.002785,172.253.118.0-255,1484,116764,46,257360
12281,0.00279,172.253.118.0-255,2902,119666,46,257360
12282,0.002804,172.253.118.0-255,5738,125404,46,257360
12283,0.002827,172.253.118.0-255,5738,131142,46,257360
12284,0.002886,172.253.118.0-255,5020,136162,46,257360
12285,0.002906,172.253.118.0-255,5738,141900,46,257360
12286,0.002925,172.253.118.0-255,4320,146220,46,257360
12287,0.002946,172.253.118.0-255,4320,150540,46,257360
12288,0.002984,172.253.118.0-255,5738,156278,46,257360
12289,0.003002,172.253.118.0-255,3602,159880,46,257360
12290,0.003377,172.253.118.0-255,1484,161364,46,257360
12291,0.003396,172.253.118.0-255,2902,164266,46,257360
12292,0.003405,172.253.118.0-255,1484,165750,46,257360
12293,0.003425,172.253.118.0-255,4320,170070,46,257360
12294,0.00343,172.253.118.0-255,4320,174390,46,257360
12295,0.003472,172.253.118.0-255,5738,180128,46,257360
12296,0.003485,172.253.118.0-255,2184,182312,46,257360
12297,0.003543,172.253.118.0-255,1484,183796,46,257360
12298,0.003549,172.253.118.0-255,2902,186698,46,257360
12299,0.003577,172.253.118.0-255,5738,192436,46,257360
12300,0.003579,172.253.118.0-255,1484,193920,46,257360
12301,0.003603,172.253.118.0-255,2902,196822,46,257360
12302,0.003618,172.253.118.0-255,5738,202560,46,257360
12303,0.003637,172.253.118.0-255,4320,206880,46,257360
12304,0.003723,172.253.118.0-255,1484,208364,46,257360
12305,0.003728,172.253.118.0-255,2902,211266,46,257360
12306,0.003734,172.253.118.0-255,4320,215586,46,257360
12307,0.003751,172.253.118.0-255,1484,217070,46,257360
12308,0.003758,172.253.118.0-255,4320,221390,46,257360
12309,0.003775,172.253.118.0-255,7156,228546,46,257360
12310,0.00379,172.253.118.0-255,1484,230030,46,257360
12311,0.003793,172.253.118.0-255,1484,231514,46,257360
12312,0.003857,172.253.118.0-255,1484,232998,46,257360
12313,0.003874,172.253.118.0-255,2902,235900,46,257360
12314,0.003893,172.253.118.0-255,5738,241638,46,257360
12315,0.003904,172.253.118.0-255,2902,244540,46,257360
12316,0.003917,172.253.118.0-255,1484,246024,46,257360
12317,0.003952,172.253.118.0-255,1956,247980,46,257360
12318,0.003965,172.253.118.0-255,105,248085,46,257360
12319,0.004189,172.31.46.0-255,66,248151,46,257360
12320,0.006353,172.31.46.0-255,105,248256,46,257360
12321,0.00835,172.253.118.0-255,66,248322,46,257360
12322,0.032678,172.31.46.0-255,172,248494,46,257360
12323,0.032721,172.31.46.0-255,1119,249613,46,257360
12324,0.032786,172.31.46.0-255,1514,251127,46,257360
12325,0.032787,172.31.46.0-255,1514,252641,46,257360
12326,0.032792,172.31.46.0-255,1514,254155,46,257360
12327,0.032793,172.31.46.0-255,1514,255669,46,257360
12328,0.032816,172.31.46.0-255,1493,257162,46,257360
12329,0.03423,104.244.42.0-255,66,257228,46,257360
12330,0.034257,104.244.42.0-255,66,257294,46,257360
12331,0.034377,104.244.42.0-255,66,257360,46,257360
12332,0.0,74.125.130.0-255,150,150,46,286419
12333,2.5e-05,172.31.46.0-255,66,216,46,286419
12334,3.1e-05,74.125.130.0-255,1484,1700,46,286419
12335,3.7e-05,172.31.46.0-255,66,1766,46,286419
12336,4.4e-05,74.125.130.0-255,2902,4668,46,286419
12337,4.7e-05,172.31.46.0-255,66,4734,46,286419
12338,5.5e-05,74.125.130.0-255,7156,11890,46,286419
12339,5.8e-05,172.31.46.0-255,66,11956,46,286419
12340,6.2e-05,74.125.130.0-255,2047,14003,46,286419
12341,6.5e-05,172.31.46.0-255,66,14069,46,286419
12342,0.000214,74.125.130.0-255,1484,15553,46,286419
12343,0.000219,172.31.46.0-255,66,15619,46,286419
12344,0.000225,74.125.130.0-255,2902,18521,46,286419
12345,0.000227,172.31.46.0-255,66,18587,46,286419
12346,0.000258,74.125.130.0-255,5738,24325,46,286419
12347,0.000261,172.31.46.0-255,66,24391,46,286419
12348,0.000266,74.125.130.0-255,2902,27293,46,286419
12349,0.000268,172.31.46.0-255,66,27359,46,286419
12350,0.000288,74.125.130.0-255,2902,30261,46,286419
12351,0.00029,172.31.46.0-255,66,30327,46,286419
12352,0.000302,74.125.130.0-255,1125,31452,46,286419
12353,0.000305,172.31.46.0-255,66,31518,46,286419
12354,0.000327,74.125.130.0-255,1484,33002,46,286419
12355,0.000329,172.31.46.0-255,66,33068,46,286419
12356,0.000335,74.125.130.0-255,4320,37388,46,286419
12357,0.000337,172.31.46.0-255,66,37454,46,286419
12358,0.000362,74.125.130.0-255,2902,40356,46,286419
12359,0.000364,172.31.46.0-255,66,40422,46,286419
12360,0.000392,74.125.130.0-255,7156,47578,46,286419
12361,0.000395,172.31.46.0-255,66,47644,46,286419
12362,0.000398,74.125.130.0-255,1125,48769,46,286419
12363,0.0004,172.31.46.0-255,66,48835,46,286419
12364,0.000704,74.125.130.0-255,1484,50319,46,286419
12365,0.00071,74.125.130.0-255,1484,51803,46,286419
12366,0.000713,172.31.46.0-255,66,51869,46,286419
12367,0.000736,74.125.130.0-255,2902,54771,46,286419
12368,0.000739,172.31.46.0-255,66,54837,46,286419
12369,0.000744,74.125.130.0-255,2902,57739,46,286419
12370,0.000746,172.31.46.0-255,66,57805,46,286419
12371,0.000765,74.125.130.0-255,2902,60707,46,286419
12372,0.000767,172.31.46.0-255,66,60773,46,286419
12373,0.000771,74.125.130.0-255,2902,63675,46,286419
12374,0.000774,172.31.46.0-255,66,63741,46,286419
12375,0.000812,74.125.130.0-255,2543,66284,46,286419
12376,0.000816,172.31.46.0-255,66,66350,46,286419
12377,0.000881,74.125.130.0-255,1484,67834,46,286419
12378,0.000886,74.125.130.0-255,2902,70736,46,286419
12379,0.000889,172.31.46.0-255,66,70802,46,286419
12380,0.000909,74.125.130.0-255,5738,76540,46,286419
12381,0.000912,172.31.46.0-255,66,76606,46,286419
12382,0.000916,74.125.130.0-255,2902,79508,46,286419
12383,0.000918,172.31.46.0-255,66,79574,46,286419
12384,0.000961,74.125.130.0-255,3961,83535,46,286419
12385,0.000964,172.31.46.0-255,66,83601,46,286419
12386,0.000974,172.31.46.0-255,66,83667,46,286419
12387,0.000978,74.125.130.0-255,2902,86569,46,286419
12388,0.000981,172.31.46.0-255,66,86635,46,286419
12389,0.001026,74.125.130.0-255,5960,92595,46,286419
12390,0.001031,172.31.46.0-255,66,92661,46,286419
12391,0.001071,74.125.130.0-255,4320,96981,46,286419
12392,0.001074,172.31.46.0-255,66,97047,46,286419
12393,0.001094,74.125.130.0-255,2902,99949,46,286419
12394,0.001096,172.31.46.0-255,66,100015,46,286419
12395,0.001108,172.31.46.0-255,66,100081,46,286419
12396,0.00111,74.125.130.0-255,561,100642,46,286419
12397,0.00126,74.125.130.0-255,1484,102126,46,286419
12398,0.001264,172.31.46.0-255,66,102192,46,286419
12399,0.001284,74.125.130.0-255,1484,103676,46,286419
12400,0.001302,74.125.130.0-255,1484,105160,46,286419
12401,0.001305,172.31.46.0-255,66,105226,46,286419
12402,0.001323,74.125.130.0-255,1484,106710,46,286419
12403,0.001349,74.125.130.0-255,5738,112448,46,286419
12404,0.001352,172.31.46.0-255,66,112514,46,286419
12405,0.00136,74.125.130.0-255,7156,119670,46,286419
12406,0.001362,172.31.46.0-255,66,119736,46,286419
12407,0.001387,74.125.130.0-255,4320,124056,46,286419
12408,0.001391,172.31.46.0-255,66,124122,46,286419
12409,0.001415,74.125.130.0-255,5738,129860,46,286419
12410,0.001419,172.31.46.0-255,66,129926,46,286419
12411,0.001425,74.125.130.0-255,5020,134946,46,286419
12412,0.001428,172.31.46.0-255,66,135012,46,286419
12413,0.001626,74.125.130.0-255,1484,136496,46,286419
12414,0.001632,74.125.130.0-255,2902,139398,46,286419
12415,0.001635,172.31.46.0-255,66,139464,46,286419
12416,0.001648,74.125.130.0-255,1484,140948,46,286419
12417,0.001662,74.125.130.0-255,4320,145268,46,286419
12418,0.001665,172.31.46.0-255,66,145334,46,286419
12419,0.001685,74.125.130.0-255,4320,149654,46,286419
12420,0.001687,172.31.46.0-255,66,149720,46,286419
12421,0.001704,74.125.130.0-255,5738,155458,46,286419
12422,0.001707,172.31.46.0-255,66,155524,46,286419
12423,0.001739,74.125.130.0-255,5738,161262,46,286419
12424,0.001742,172.31.46.0-255,66,161328,46,286419
12425,0.001762,74.125.130.0-255,4320,165648,46,286419
12426,0.001766,172.31.46.0-255,66,165714,46,286419
12427,0.001781,74.125.130.0-255,2570,168284,46,286419
12428,0.001784,172.31.46.0-255,66,168350,46,286419
12429,0.002028,74.125.130.0-255,1484,169834,46,286419
12430,0.002043,74.125.130.0-255,2902,172736,46,286419
12431,0.002047,172.31.46.0-255,66,172802,46,286419
12432,0.00205,74.125.130.0-255,1484,174286,46,286419
12433,0.002067,74.125.130.0-255,4320,178606,46,286419
12434,0.00207,172.31.46.0-255,66,178672,46,286419
12435,0.004105,74.125.130.0-255,5738,184410,46,286419
12436,0.004112,172.31.46.0-255,66,184476,46,286419
12437,0.00615,74.125.130.0-255,5738,190214,46,286419
12438,0.006158,172.31.46.0-255,66,190280,46,286419
12439,0.008206,74.125.130.0-255,5738,196018,46,286419
12440,0.008212,172.31.46.0-255,66,196084,46,286419
12441,0.010254,74.125.130.0-255,5738,201822,46,286419
12442,0.010262,172.31.46.0-255,66,201888,46,286419
12443,0.012302,74.125.130.0-255,5738,207626,46,286419
12444,0.012311,172.31.46.0-255,66,207692,46,286419
12445,0.01439,74.125.130.0-255,5738,213430,46,286419
12446,0.014397,172.31.46.0-255,66,213496,46,286419
12447,0.016456,74.125.130.0-255,5738,219234,46,286419
12448,0.016463,172.31.46.0-255,66,219300,46,286419
12449,0.018529,74.125.130.0-255,5738,225038,46,286419
12450,0.018537,172.31.46.0-255,66,225104,46,286419
12451,0.020577,74.125.130.0-255,5738,230842,46,286419
12452,0.020583,172.31.46.0-255,66,230908,46,286419
12453,0.022655,74.125.130.0-255,5738,236646,46,286419
12454,0.022663,172.31.46.0-255,66,236712,46,286419
12455,0.02472,74.125.130.0-255,5738,242450,46,286419
12456,0.024725,172.31.46.0-255,66,242516,46,286419
12457,0.025671,172.31.46.0-255,172,242688,46,286419
12458,0.025698,172.31.46.0-255,1119,243807,46,286419
12459,0.025751,172.31.46.0-255,1514,245321,46,286419
12460,0.025752,172.31.46.0-255,404,245725,46,286419
12461,0.026801,74.125.130.0-255,5738,251463,46,286419
12462,0.026809,172.31.46.0-255,66,251529,46,286419
12463,0.027937,104.244.42.0-255,66,251595,46,286419
12464,0.028839,74.125.130.0-255,5738,257333,46,286419
12465,0.028846,172.31.46.0-255,66,257399,46,286419
12466,0.030897,74.125.130.0-255,5738,263137,46,286419
12467,0.030905,172.31.46.0-255,66,263203,46,286419
12468,0.032955,74.125.130.0-255,5738,268941,46,286419
12469,0.032961,172.31.46.0-255,66,269007,46,286419
12470,0.035006,74.125.130.0-255,5738,274745,46,286419
12471,0.035012,172.31.46.0-255,66,274811,46,286419
12472,0.03707,74.125.130.0-255,5738,280549,46,286419
12473,0.037078,172.31.46.0-255,66,280615,46,286419
12474,0.039121,74.125.130.0-255,5738,286353,46,286419
12475,0.039128,172.31.46.0-255,66,286419,46,286419
12476,0.0,74.125.24.0-255,152,152,46,231631
12477,2.7e-05,172.31.46.0-255,66,218,46,231631
12478,3.4e-05,74.125.24.0-255,1484,1702,46,231631
12479,3.8e-05,172.31.46.0-255,66,1768,46,231631
12480,4.3e-05,74.125.24.0-255,2902,4670,46,231631
12481,4.6e-05,172.31.46.0-255,66,4736,46,231631
12482,5.4e-05,74.125.24.0-255,7156,11892,46,231631
12483,5.8e-05,172.31.46.0-255,66,11958,46,231631
12484,8.2e-05,74.125.24.0-255,1987,13945,46,231631
12485,8.7e-05,172.31.46.0-255,66,14011,46,231631
12486,0.000125,74.125.24.0-255,1484,15495,46,231631
12487,0.000128,172.31.46.0-255,66,15561,46,231631
12488,0.000131,74.125.24.0-255,1484,17045,46,231631
12489,0.000133,172.31.46.0-255,66,17111,46,231631
12490,0.000146,74.125.24.0-255,1484,18595,46,231631
12491,0.000148,172.31.46.0-255,66,18661,46,231631
12492,0.000155,74.125.24.0-255,5738,24399,46,231631
12493,0.000157,172.31.46.0-255,66,24465,46,231631
12494,0.000176,74.125.24.0-255,6797,31262,46,231631
12495,0.000179,172.31.46.0-255,66,31328,46,231631
12496,0.000494,74.125.24.0-255,1484,32812,46,231631
12497,0.000498,172.31.46.0-255,66,32878,46,231631
12498,0.000503,74.125.24.0-255,2902,35780,46,231631
12499,0.000505,172.31.46.0-255,66,35846,46,231631
12500,0.00052,74.125.24.0-255,4320,40166,46,231631
12501,0.000524,172.31.46.0-255,66,40232,46,231631
12502,0.00053,74.125.24.0-255,1484,41716,46,231631
12503,0.000532,172.31.46.0-255,66,41782,46,231631
12504,0.000554,172.31.46.0-255,66,41848,46,231631
12505,0.000592,172.31.46.0-255,66,41914,46,231631
12506,0.000602,74.125.24.0-255,7107,49021,46,231631
12507,0.000604,172.31.46.0-255,66,49087,46,231631
12508,0.000626,74.125.24.0-255,109,49196,46,231631
12509,0.000629,74.125.24.0-255,334,49530,46,231631
12510,0.000933,74.125.24.0-255,1484,51014,46,231631
12511,0.000939,172.31.46.0-255,66,51080,46,231631
12512,0.000944,74.125.24.0-255,2902,53982,46,231631
12513,0.000946,172.31.46.0-255,66,54048,46,231631
12514,0.000971,74.125.24.0-255,5738,59786,46,231631
12515,0.000974,172.31.46.0-255,66,59852,46,231631
12516,0.000998,74.125.24.0-255,7156,67008,46,231631
12517,0.001,172.31.46.0-255,66,67074,46,231631
12518,0.001023,74.125.24.0-255,5738,72812,46,231631
12519,0.001025,172.31.46.0-255,66,72878,46,231631
12520,0.001034,172.31.46.0-255,66,72944,46,231631
12521,0.001057,74.125.24.0-255,2184,75128,46,231631
12522,0.001059,172.31.46.0-255,66,75194,46,231631
12523,0.001147,74.125.24.0-255,1484,76678,46,231631
12524,0.001173,74.125.24.0-255,2902,79580,46,231631
12525,0.001177,172.31.46.0-255,66,79646,46,231631
12526,0.001183,74.125.24.0-255,5738,85384,46,231631
12527,0.001184,172.31.46.0-255,66,85450,46,231631
12528,0.001215,74.125.24.0-255,7156,92606,46,231631
12529,0.001218,172.31.46.0-255,66,92672,46,231631
12530,0.001236,74.125.24.0-255,2902,95574,46,231631
12531,0.001238,172.31.46.0-255,66,95640,46,231631
12532,0.001255,74.125.24.0-255,4320,99960,46,231631
12533,0.001257,172.31.46.0-255,66,100026,46,231631
12534,0.001274,74.125.24.0-255,7156,107182,46,231631
12535,0.001276,172.31.46.0-255,66,107248,46,231631
12536,0.001279,74.125.24.0-255,2184,109432,46,231631
12537,0.001281,172.31.46.0-255,66,109498,46,231631
12538,0.002023,74.125.24.0-255,1484,110982,46,231631
12539,0.002039,74.125.24.0-255,2902,113884,46,231631
12540,0.002042,172.31.46.0-255,66,113950,46,231631
12541,0.002045,74.125.24.0-255,2902,116852,46,231631
12542,0.002047,172.31.46.0-255,66,116918,46,231631
12543,0.002061,74.125.24.0-255,2902,119820,46,231631
12544,0.002063,172.31.46.0-255,66,119886,46,231631
12545,0.002081,74.125.24.0-255,7156,127042,46,231631
12546,0.002083,172.31.46.0-255,66,127108,46,231631
12547,0.002092,74.125.24.0-255,1484,128592,46,231631
12548,0.002129,74.125.24.0-255,4320,132912,46,231631
12549,0.002131,172.31.46.0-255,66,132978,46,231631
12550,0.002146,172.31.46.0-255,66,133044,46,231631
12551,0.002158,74.125.24.0-255,2184,135228,46,231631
12552,0.00216,172.31.46.0-255,66,135294,46,231631
12553,0.002382,74.125.24.0-255,1484,136778,46,231631
12554,0.004466,74.125.24.0-255,4320,141098,46,231631
12555,0.004474,172.31.46.0-255,66,141164,46,231631
12556,0.006835,74.125.24.0-255,5738,146902,46,231631
12557,0.006841,172.31.46.0-255,66,146968,46,231631
12558,0.009156,74.125.24.0-255,5738,152706,46,231631
12559,0.009165,172.31.46.0-255,66,152772,46,231631
12560,0.011496,74.125.24.0-255,5738,158510,46,231631
12561,0.011506,172.31.46.0-255,66,158576,46,231631
12562,0.013878,74.125.24.0-255,5738,164314,46,231631
12563,0.013887,172.31.46.0-255,66,164380,46,231631
12564,0.01627,74.125.24.0-255,5738,170118,46,231631
12565,0.016277,172.31.46.0-255,66,170184,46,231631
12566,0.017764,172.31.46.0-255,172,170356,46,231631
12567,0.017812,172.31.46.0-255,1119,171475,46,231631
12568,0.017878,172.31.46.0-255,1514,172989,46,231631
12569,0.01788,172.31.46.0-255,404,173393,46,231631
12570,0.018588,74.125.24.0-255,5738,179131,46,231631
12571,0.018594,172.31.46.0-255,66,179197,46,231631
12572,0.019345,104.244.42.0-255,66,179263,46,231631
12573,0.019376,104.244.42.0-255,66,179329,46,231631
12574,0.019429,104.244.42.0-255,66,179395,46,231631
12575,0.020981,74.125.24.0-255,5738,185133,46,231631
12576,0.020986,172.31.46.0-255,66,185199,46,231631
12577,0.023348,74.125.24.0-255,5738,190937,46,231631
12578,0.023355,172.31.46.0-255,66,191003,46,231631
12579,0.025675,74.125.24.0-255,5738,196741,46,231631
12580,0.025683,172.31.46.0-255,66,196807,46,231631
12581,0.028083,74.125.24.0-255,5738,202545,46,231631
12582,0.028094,172.31.46.0-255,66,202611,46,231631
12583,0.030441,74.125.24.0-255,5738,208349,46,231631
12584,0.030452,172.31.46.0-255,66,208415,46,231631
12585,0.03283,74.125.24.0-255,5738,214153,46,231631
12586,0.03284,172.31.46.0-255,66,214219,46,231631
12587,0.035194,74.125.24.0-255,5738,219957,46,231631
12588,0.035203,172.31.46.0-255,66,220023,46,231631
12589,0.03755,74.125.24.0-255,5738,225761,46,231631
12590,0.037558,172.31.46.0-255,66,225827,46,231631
12591,0.039888,74.125.24.0-255,5738,231565,46,231631
12592,0.039894,172.31.46.0-255,66,231631,46,231631
12593,0.0,74.125.200.0-255,226,226,46,130220
12594,2.3e-05,172.31.46.0-255,66,292,46,130220
12595,3e-05,74.125.200.0-255,1484,1776,46,130220
12596,3.4e-05,172.31.46.0-255,66,1842,46,130220
12597,5.4e-05,74.125.200.0-255,4320,6162,46,130220
12598,5.7e-05,172.31.46.0-255,66,6228,46,130220
12599,0.000217,74.125.200.0-255,4320,10548,46,130220
12600,0.000222,172.31.46.0-255,66,10614,46,130220
12601,0.000243,74.125.200.0-255,3522,14136,46,130220
12602,0.000245,172.31.46.0-255,66,14202,46,130220
12603,0.00053,74.125.200.0-255,5738,19940,46,130220
12604,0.000536,172.31.46.0-255,66,20006,46,130220
12605,0.000554,172.31.46.0-255,66,20072,46,130220
12606,0.001103,172.31.46.0-255,66,20138,46,130220
12607,0.00227,74.125.200.0-255,2902,23040,46,130220
12608,0.002275,172.31.46.0-255,66,23106,46,130220
12609,0.003335,74.125.200.0-255,2902,26008,46,130220
12610,0.003338,172.31.46.0-255,66,26074,46,130220
12611,0.004505,74.125.200.0-255,2902,28976,46,130220
12612,0.00451,172.31.46.0-255,66,29042,46,130220
12613,0.00557,74.125.200.0-255,2902,31944,46,130220
12614,0.005576,172.31.46.0-255,66,32010,46,130220
12615,0.006755,74.125.200.0-255,2902,34912,46,130220
12616,0.006761,172.31.46.0-255,66,34978,46,130220
12617,0.007803,74.125.200.0-255,2902,37880,46,130220
12618,0.007809,172.31.46.0-255,66,37946,46,130220
12619,0.009007,74.125.200.0-255,2902,40848,46,130220
12620,0.009013,172.31.46.0-255,66,40914,46,130220
12621,0.010045,74.125.200.0-255,2902,43816,46,130220
12622,0.010051,172.31.46.0-255,66,43882,46,130220
12623,0.011245,74.125.200.0-255,2902,46784,46,130220
12624,0.011253,172.31.46.0-255,66,46850,46,130220
12625,0.01228,74.125.200.0-255,2902,49752,46,130220
12626,0.012286,172.31.46.0-255,66,49818,46,130220
12627,0.013505,74.125.200.0-255,2902,52720,46,130220
12628,0.013511,172.31.46.0-255,66,52786,46,130220
12629,0.014517,74.125.200.0-255,2902,55688,46,130220
12630,0.014523,172.31.46.0-255,66,55754,46,130220
12631,0.015755,74.125.200.0-255,2902,58656,46,130220
12632,0.015761,172.31.46.0-255,66,58722,46,130220
12633,0.016758,74.125.200.0-255,2902,61624,46,130220
12634,0.016763,172.31.46.0-255,66,61690,46,130220
12635,0.017994,74.125.200.0-255,2902,64592,46,130220
12636,0.018001,172.31.46.0-255,66,64658,46,130220
12637,0.01899,74.125.200.0-255,2902,67560,46,130220
12638,0.018997,172.31.46.0-255,66,67626,46,130220
12639,0.02023,74.125.200.0-255,2902,70528,46,130220
12640,0.020238,172.31.46.0-255,66,70594,46,130220
12641,0.021222,74.125.200.0-255,2902,73496,46,130220
12642,0.021229,172.31.46.0-255,66,73562,46,130220
12643,0.022467,74.125.200.0-255,2902,76464,46,130220
12644,0.022474,172.31.46.0-255,66,76530,46,130220
12645,0.023466,74.125.200.0-255,2902,79432,46,130220
12646,0.023473,172.31.46.0-255,66,79498,46,130220
12647,0.024711,74.125.200.0-255,2902,82400,46,130220
12648,0.024717,172.31.46.0-255,66,82466,46,130220
12649,0.025701,74.125.200.0-255,2902,85368,46,130220
12650,0.025706,172.31.46.0-255,66,85434,46,130220
12651,0.026947,74.125.200.0-255,2902,88336,46,130220
12652,0.026953,172.31.46.0-255,66,88402,46,130220
12653,0.027937,74.125.200.0-255,2902,91304,46,130220
12654,0.027943,172.31.46.0-255,66,91370,46,130220
12655,0.028966,172.31.46.0-255,172,91542,46,130220
12656,0.028994,172.31.46.0-255,1114,92656,46,130220
12657,0.029049,172.31.46.0-255,1514,94170,46,130220
12658,0.02905,172.31.46.0-255,1514,95684,46,130220
12659,0.029054,172.31.46.0-255,1514,97198,46,130220
12660,0.029056,172.31.46.0-255,1514,98712,46,130220
12661,0.029084,172.31.46.0-255,1498,100210,46,130220
12662,0.02918,74.125.200.0-255,2902,103112,46,130220
12663,0.029185,172.31.46.0-255,66,103178,46,130220
12664,0.03018,74.125.200.0-255,2902,106080,46,130220
12665,0.030185,172.31.46.0-255,66,106146,46,130220
12666,0.030497,104.244.42.0-255,66,106212,46,130220
12667,0.030564,104.244.42.0-255,66,106278,46,130220
12668,0.030612,104.244.42.0-255,66,106344,46,130220
12669,0.030617,104.244.42.0-255,66,106410,46,130220
12670,0.030652,104.244.42.0-255,66,106476,46,130220
12671,0.031424,74.125.200.0-255,2902,109378,46,130220
12672,0.031429,172.31.46.0-255,66,109444,46,130220
12673,0.032407,74.125.200.0-255,2902,112346,46,130220
12674,0.032411,172.31.46.0-255,66,112412,46,130220
12675,0.033667,74.125.200.0-255,2902,115314,46,130220
12676,0.033672,172.31.46.0-255,66,115380,46,130220
12677,0.03465,74.125.200.0-255,2902,118282,46,130220
12678,0.034656,172.31.46.0-255,66,118348,46,130220
12679,0.035908,74.125.200.0-255,2902,121250,46,130220
12680,0.035914,172.31.46.0-255,66,121316,46,130220
12681,0.036882,74.125.200.0-255,2902,124218,46,130220
12682,0.036888,172.31.46.0-255,66,124284,46,130220
12683,0.03815,74.125.200.0-255,2902,127186,46,130220
12684,0.038156,172.31.46.0-255,66,127252,46,130220
12685,0.039127,74.125.200.0-255,2902,130154,46,130220
12686,0.039132,172.31.46.0-255,66,130220,46,130220
12687,0.0,74.125.68.0-255,153,153,46,297726
12688,2.5e-05,172.31.46.0-255,66,219,46,297726
12689,3.3e-05,74.125.68.0-255,1484,1703,46,297726
12690,3.9e-05,172.31.46.0-255,66,1769,46,297726
12691,4.6e-05,74.125.68.0-255,2902,4671,46,297726
12692,4.9e-05,172.31.46.0-255,66,4737,46,297726
12693,5.5e-05,74.125.68.0-255,4320,9057,46,297726
12694,5.7e-05,172.31.46.0-255,66,9123,46,297726
12695,6.6e-05,74.125.68.0-255,4859,13982,46,297726
12696,7.1e-05,172.31.46.0-255,66,14048,46,297726
12697,9.6e-05,74.125.68.0-255,1484,15532,46,297726
12698,9.9e-05,172.31.46.0-255,66,15598,46,297726
12699,0.000104,74.125.68.0-255,2902,18500,46,297726
12700,0.000106,172.31.46.0-255,66,18566,46,297726
12701,0.000134,74.125.68.0-255,5738,24304,46,297726
12702,0.000137,172.31.46.0-255,66,24370,46,297726
12703,0.000141,74.125.68.0-255,2902,27272,46,297726
12704,0.000143,172.31.46.0-255,66,27338,46,297726
12705,0.000149,74.125.68.0-255,4320,31658,46,297726
12706,0.000151,172.31.46.0-255,66,31724,46,297726
12707,0.000178,172.31.46.0-255,66,31790,46,297726
12708,0.000182,74.125.68.0-255,2902,34692,46,297726
12709,0.000184,172.31.46.0-255,66,34758,46,297726
12710,0.000202,74.125.68.0-255,2902,37660,46,297726
12711,0.000204,172.31.46.0-255,66,37726,46,297726
12712,0.000228,74.125.68.0-255,2184,39910,46,297726
12713,0.00023,172.31.46.0-255,66,39976,46,297726
12714,0.000308,74.125.68.0-255,1484,41460,46,297726
12715,0.000312,172.31.46.0-255,66,41526,46,297726
12716,0.000335,74.125.68.0-255,1484,43010,46,297726
12717,0.000337,172.31.46.0-255,66,43076,46,297726
12718,0.000358,74.125.68.0-255,1484,44560,46,297726
12719,0.000363,74.125.68.0-255,1484,46044,46,297726
12720,0.000365,172.31.46.0-255,66,46110,46,297726
12721,0.000369,74.125.68.0-255,2902,49012,46,297726
12722,0.000371,172.31.46.0-255,66,49078,46,297726
12723,0.000412,74.125.68.0-255,1484,50562,46,297726
12724,0.000429,74.125.68.0-255,2902,53464,46,297726
12725,0.000431,172.31.46.0-255,66,53530,46,297726
12726,0.000452,74.125.68.0-255,4235,57765,46,297726
12727,0.000454,172.31.46.0-255,66,57831,46,297726
12728,0.001273,74.125.68.0-255,382,58213,46,297726
12729,0.001301,74.125.68.0-255,1484,59697,46,297726
12730,0.001305,172.31.46.0-255,66,59763,46,297726
12731,0.001313,74.125.68.0-255,4320,64083,46,297726
12732,0.001315,172.31.46.0-255,66,64149,46,297726
12733,0.001347,74.125.68.0-255,1484,65633,46,297726
12734,0.001376,172.31.46.0-255,66,65699,46,297726
12735,0.001384,74.125.68.0-255,7156,72855,46,297726
12736,0.001387,172.31.46.0-255,66,72921,46,297726
12737,0.001413,74.125.68.0-255,4320,77241,46,297726
12738,0.001417,172.31.46.0-255,66,77307,46,297726
12739,0.001424,74.125.68.0-255,5738,83045,46,297726
12740,0.001426,172.31.46.0-255,66,83111,46,297726
12741,0.001429,74.125.68.0-255,766,83877,46,297726
12742,0.001501,74.125.68.0-255,1484,85361,46,297726
12743,0.001505,172.31.46.0-255,66,85427,46,297726
12744,0.001511,74.125.68.0-255,2902,88329,46,297726
12745,0.001513,172.31.46.0-255,66,88395,46,297726
12746,0.001543,74.125.68.0-255,5738,94133,46,297726
12747,0.001545,172.31.46.0-255,66,94199,46,297726
12748,0.001552,74.125.68.0-255,5738,99937,46,297726
12749,0.001554,172.31.46.0-255,66,100003,46,297726
12750,0.001558,74.125.68.0-255,1484,101487,46,297726
12751,0.001585,74.125.68.0-255,5738,107225,46,297726
12752,0.001587,172.31.46.0-255,66,107291,46,297726
12753,0.001603,74.125.68.0-255,4320,111611,46,297726
12754,0.001605,172.31.46.0-255,66,111677,46,297726
12755,0.001627,74.125.68.0-255,6438,118115,46,297726
12756,0.001631,172.31.46.0-255,66,118181,46,297726
12757,0.001636,74.125.68.0-255,4320,122501,46,297726
12758,0.001638,172.31.46.0-255,66,122567,46,297726
12759,0.00166,74.125.68.0-255,7156,129723,46,297726
12760,0.001663,172.31.46.0-255,66,129789,46,297726
12761,0.001669,74.125.68.0-255,4320,134109,46,297726
12762,0.001671,172.31.46.0-255,66,134175,46,297726
12763,0.001677,74.125.68.0-255,5738,139913,46,297726
12764,0.00168,172.31.46.0-255,66,139979,46,297726
12765,0.001684,74.125.68.0-255,1484,141463,46,297726
12766,0.00172,172.31.46.0-255,66,141529,46,297726
12767,0.001722,74.125.68.0-255,766,142295,46,297726
12768,0.001763,74.125.68.0-255,1484,143779,46,297726
12769,0.001765,172.31.46.0-255,66,143845,46,297726
12770,0.00177,74.125.68.0-255,2902,146747,46,297726
12771,0.001772,172.31.46.0-255,66,146813,46,297726
12772,0.001785,74.125.68.0-255,2902,149715,46,297726
12773,0.001788,172.31.46.0-255,66,149781,46,297726
12774,0.001816,74.125.68.0-255,2902,152683,46,297726
12775,0.001819,172.31.46.0-255,66,152749,46,297726
12776,0.001827,74.125.68.0-255,5738,158487,46,297726
12777,0.001829,172.31.46.0-255,66,158553,46,297726
12778,0.001836,74.125.68.0-255,7156,165709,46,297726
12779,0.001838,172.31.46.0-255,66,165775,46,297726
12780,0.00187,172.31.46.0-255,66,165841,46,297726
12781,0.00191,74.125.68.0-255,5738,171579,46,297726
12782,0.001912,172.31.46.0-255,66,171645,46,297726
12783,0.001929,74.125.68.0-255,4320,175965,46,297726
12784,0.001932,172.31.46.0-255,66,176031,46,297726
12785,0.001969,172.31.46.0-255,66,176097,46,297726
12786,0.001974,74.125.68.0-255,4320,180417,46,297726
12787,0.001977,172.31.46.0-255,66,180483,46,297726
12788,0.002018,74.125.68.0-255,2902,183385,46,297726
12789,0.002021,172.31.46.0-255,66,183451,46,297726
12790,0.002054,172.31.46.0-255,66,183517,46,297726
12791,0.002093,74.125.68.0-255,1484,185001,46,297726
12792,0.002124,172.31.46.0-255,66,185067,46,297726
12793,0.002137,172.31.46.0-255,66,185133,46,297726
12794,0.00218,172.31.46.0-255,66,185199,46,297726
12795,0.002184,74.125.68.0-255,2902,188101,46,297726
12796,0.002186,172.31.46.0-255,66,188167,46,297726
12797,0.002192,74.125.68.0-255,4320,192487,46,297726
12798,0.002215,172.31.46.0-255,66,192553,46,297726
12799,0.00224,74.125.68.0-255,5738,198291,46,297726
12800,0.002243,172.31.46.0-255,66,198357,46,297726
12801,0.002271,74.125.68.0-255,7156,205513,46,297726
12802,0.002274,172.31.46.0-255,66,205579,46,297726
12803,0.004547,74.125.68.0-255,2902,208481,46,297726
12804,0.004553,172.31.46.0-255,66,208547,46,297726
12805,0.004573,74.125.68.0-255,2902,211449,46,297726
12806,0.004575,172.31.46.0-255,66,211515,46,297726
12807,0.00682,74.125.68.0-255,2902,214417,46,297726
12808,0.006825,172.31.46.0-255,66,214483,46,297726
12809,0.006842,74.125.68.0-255,2902,217385,46,297726
12810,0.006845,172.31.46.0-255,66,217451,46,297726
12811,0.009121,74.125.68.0-255,5738,223189,46,297726
12812,0.009128,172.31.46.0-255,66,223255,46,297726
12813,0.011406,74.125.68.0-255,5738,228993,46,297726
12814,0.011412,172.31.46.0-255,66,229059,46,297726
12815,0.013745,74.125.68.0-255,5738,234797,46,297726
12816,0.013754,172.31.46.0-255,66,234863,46,297726
12817,0.016033,74.125.68.0-255,5738,240601,46,297726
12818,0.01604,172.31.46.0-255,66,240667,46,297726
12819,0.018343,74.125.68.0-255,5738,246405,46,297726
12820,0.018351,172.31.46.0-255,66,246471,46,297726
12821,0.020638,74.125.68.0-255,5738,252209,46,297726
12822,0.020644,172.31.46.0-255,66,252275,46,297726
12823,0.022927,74.125.68.0-255,5738,258013,46,297726
12824,0.022937,172.31.46.0-255,66,258079,46,297726
12825,0.025227,74.125.68.0-255,5738,263817,46,297726
12826,0.025241,172.31.46.0-255,66,263883,46,297726
12827,0.026782,172.31.46.0-255,164,264047,46,297726
12828,0.026812,172.31.46.0-255,1129,265176,46,297726
12829,0.026873,172.31.46.0-255,1514,266690,46,297726
12830,0.026875,172.31.46.0-255,394,267084,46,297726
12831,0.027535,74.125.68.0-255,5738,272822,46,297726
12832,0.027544,172.31.46.0-255,66,272888,46,297726
12833,0.028341,104.244.42.0-255,66,272954,46,297726
12834,0.028377,104.244.42.0-255,66,273020,46,297726
12835,0.028405,104.244.42.0-255,66,273086,46,297726
12836,0.02982,74.125.68.0-255,5738,278824,46,297726
12837,0.029828,172.31.46.0-255,66,278890,46,297726
12838,0.032118,74.125.68.0-255,5738,284628,46,297726
12839,0.032134,172.31.46.0-255,66,284694,46,297726
12840,0.03443,74.125.68.0-255,5738,290432,46,297726
12841,0.034443,172.31.46.0-255,66,290498,46,297726
12842,0.036719,74.125.68.0-255,5738,296236,46,297726
12843,0.036731,172.31.46.0-255,66,296302,46,297726
12844,0.039016,74.125.68.0-255,1253,297555,46,297726
12845,0.039188,172.31.46.0-255,66,297621,46,297726
12846,0.03926,172.31.46.0-255,105,297726,46,297726
12847,0.0,74.125.200.0-255,153,153,46,333201
12848,1.2e-05,172.31.46.0-255,66,219,46,333201
12849,3.2e-05,74.125.200.0-255,1484,1703,46,333201
12850,3.5e-05,172.31.46.0-255,66,1769,46,333201
12851,5.1e-05,74.125.200.0-255,2902,4671,46,333201
12852,5.4e-05,172.31.46.0-255,66,4737,46,333201
12853,7e-05,74.125.200.0-255,1484,6221,46,333201
12854,7.2e-05,172.31.46.0-255,66,6287,46,333201
12855,9.3e-05,74.125.200.0-255,4320,10607,46,333201
12856,9.5e-05,172.31.46.0-255,66,10673,46,333201
12857,0.000101,74.125.200.0-255,3508,14181,46,333201
12858,0.000103,172.31.46.0-255,66,14247,46,333201
12859,0.000107,74.125.200.0-255,4320,18567,46,333201
12860,0.000109,172.31.46.0-255,66,18633,46,333201
12861,0.000129,74.125.200.0-255,5738,24371,46,333201
12862,0.000132,172.31.46.0-255,66,24437,46,333201
12863,0.000158,74.125.200.0-255,4320,28757,46,333201
12864,0.000161,172.31.46.0-255,66,28823,46,333201
12865,0.000165,74.125.200.0-255,2543,31366,46,333201
12866,0.000166,172.31.46.0-255,66,31432,46,333201
12867,0.000195,74.125.200.0-255,1484,32916,46,333201
12868,0.000198,172.31.46.0-255,66,32982,46,333201
12869,0.000215,74.125.200.0-255,2902,35884,46,333201
12870,0.000217,172.31.46.0-255,66,35950,46,333201
12871,0.000239,74.125.200.0-255,4320,40270,46,333201
12872,0.000241,172.31.46.0-255,66,40336,46,333201
12873,0.000244,74.125.200.0-255,1484,41820,46,333201
12874,0.000246,172.31.46.0-255,66,41886,46,333201
12875,0.000263,74.125.200.0-255,4320,46206,46,333201
12876,0.000266,172.31.46.0-255,66,46272,46,333201
12877,0.00029,172.31.46.0-255,66,46338,46,333201
12878,0.00031,74.125.200.0-255,1484,47822,46,333201
12879,0.000331,74.125.200.0-255,2902,50724,46,333201
12880,0.000333,172.31.46.0-255,66,50790,46,333201
12881,0.000347,74.125.200.0-255,5020,55810,46,333201
12882,0.000349,172.31.46.0-255,66,55876,46,333201
12883,0.00038,74.125.200.0-255,445,56321,46,333201
12884,0.000495,74.125.200.0-255,1484,57805,46,333201
12885,0.000499,172.31.46.0-255,66,57871,46,333201
12886,0.000504,74.125.200.0-255,2902,60773,46,333201
12887,0.000506,172.31.46.0-255,66,60839,46,333201
12888,0.000524,74.125.200.0-255,1484,62323,46,333201
12889,0.000537,74.125.200.0-255,4320,66643,46,333201
12890,0.000539,172.31.46.0-255,66,66709,46,333201
12891,0.000572,172.31.46.0-255,66,66775,46,333201
12892,0.000614,172.31.46.0-255,66,66841,46,333201
12893,0.000617,74.125.200.0-255,328,67169,46,333201
12894,0.00116,172.31.46.0-255,66,67235,46,333201
12895,0.001326,74.125.200.0-255,1484,68719,46,333201
12896,0.001342,74.125.200.0-255,1484,70203,46,333201
12897,0.001345,172.31.46.0-255,66,70269,46,333201
12898,0.001367,74.125.200.0-255,1484,71753,46,333201
12899,0.001373,74.125.200.0-255,4320,76073,46,333201
12900,0.001376,172.31.46.0-255,66,76139,46,333201
12901,0.001379,74.125.200.0-255,1484,77623,46,333201
12902,0.001405,74.125.200.0-255,7156,84779,46,333201
12903,0.001407,172.31.46.0-255,66,84845,46,333201
12904,0.001411,74.125.200.0-255,2902,87747,46,333201
12905,0.001413,172.31.46.0-255,66,87813,46,333201
12906,0.001416,74.125.200.0-255,1484,89297,46,333201
12907,0.001447,172.31.46.0-255,66,89363,46,333201
12908,0.00145,74.125.200.0-255,766,90129,46,333201
12909,0.002662,74.125.200.0-255,1484,91613,46,333201
12910,0.00267,172.31.46.0-255,66,91679,46,333201
12911,0.002677,74.125.200.0-255,2902,94581,46,333201
12912,0.002679,172.31.46.0-255,66,94647,46,333201
12913,0.002684,74.125.200.0-255,2902,97549,46,333201
12914,0.002686,172.31.46.0-255,66,97615,46,333201
12915,0.002709,74.125.200.0-255,2902,100517,46,333201
12916,0.002711,172.31.46.0-255,66,100583,46,333201
12917,0.002717,74.125.200.0-255,5738,106321,46,333201
12918,0.00272,172.31.46.0-255,66,106387,46,333201
12919,0.002735,74.125.200.0-255,5738,112125,46,333201
12920,0.002737,172.31.46.0-255,66,112191,46,333201
12921,0.002744,74.125.200.0-255,7156,119347,46,333201
12922,0.002747,172.31.46.0-255,66,119413,46,333201
12923,0.002766,74.125.200.0-255,5020,124433,46,333201
12924,0.002768,172.31.46.0-255,66,124499,46,333201
12925,0.002826,74.125.200.0-255,1484,125983,46,333201
12926,0.002857,74.125.200.0-255,2902,128885,46,333201
12927,0.002859,172.31.46.0-255,66,128951,46,333201
12928,0.002862,74.125.200.0-255,1484,130435,46,333201
12929,0.002894,74.125.200.0-255,4320,134755,46,333201
12930,0.002896,172.31.46.0-255,66,134821,46,333201
12931,0.002916,74.125.200.0-255,1484,136305,46,333201
12932,0.002921,74.125.200.0-255,4320,140625,46,333201
12933,0.002924,172.31.46.0-255,66,140691,46,333201
12934,0.00293,74.125.200.0-255,5738,146429,46,333201
12935,0.002932,172.31.46.0-255,66,146495,46,333201
12936,0.002994,172.31.46.0-255,66,146561,46,333201
12937,0.002997,74.125.200.0-255,766,147327,46,333201
12938,0.003021,74.125.200.0-255,4320,151647,46,333201
12939,0.003024,172.31.46.0-255,66,151713,46,333201
12940,0.003046,74.125.200.0-255,7156,158869,46,333201
12941,0.003049,172.31.46.0-255,66,158935,46,333201
12942,0.003067,74.125.200.0-255,4320,163255,46,333201
12943,0.003069,172.31.46.0-255,66,163321,46,333201
12944,0.003091,74.125.200.0-255,5738,169059,46,333201
12945,0.003094,172.31.46.0-255,66,169125,46,333201
12946,0.003107,74.125.200.0-255,4320,173445,46,333201
12947,0.00311,172.31.46.0-255,66,173511,46,333201
12948,0.003126,74.125.200.0-255,7156,180667,46,333201
12949,0.003128,172.31.46.0-255,66,180733,46,333201
12950,0.003157,74.125.200.0-255,2184,182917,46,333201
12951,0.003159,172.31.46.0-255,66,182983,46,333201
12952,0.003163,74.125.200.0-255,2902,185885,46,333201
12953,0.003165,172.31.46.0-255,66,185951,46,333201
12954,0.003177,74.125.200.0-255,1484,187435,46,333201
12955,0.00319,74.125.200.0-255,1484,188919,46,333201
12956,0.003192,172.31.46.0-255,66,188985,46,333201
12957,0.003209,74.125.200.0-255,1484,190469,46,333201
12958,0.00322,74.125.200.0-255,5738,196207,46,333201
12959,0.003222,172.31.46.0-255,66,196273,46,333201
12960,0.003228,74.125.200.0-255,4320,200593,46,333201
12961,0.00323,172.31.46.0-255,66,200659,46,333201
12962,0.003245,74.125.200.0-255,4320,204979,46,333201
12963,0.003247,172.31.46.0-255,66,205045,46,333201
12964,0.003266,74.125.200.0-255,1484,206529,46,333201
12965,0.003284,74.125.200.0-255,2902,209431,46,333201
12966,0.003287,172.31.46.0-255,66,209497,46,333201
12967,0.003306,74.125.200.0-255,5738,215235,46,333201
12968,0.003308,172.31.46.0-255,66,215301,46,333201
12969,0.00331,74.125.200.0-255,766,216067,46,333201
12970,0.00335,74.125.200.0-255,1484,217551,46,333201
12971,0.003352,172.31.46.0-255,66,217617,46,333201
12972,0.003367,74.125.200.0-255,4320,221937,46,333201
12973,0.00337,172.31.46.0-255,66,222003,46,333201
12974,0.003373,74.125.200.0-255,2902,224905,46,333201
12975,0.003375,172.31.46.0-255,66,224971,46,333201
12976,0.003399,74.125.200.0-255,4320,229291,46,333201
12977,0.003401,172.31.46.0-255,66,229357,46,333201
12978,0.003404,74.125.200.0-255,1484,230841,46,333201
12979,0.003423,74.125.200.0-255,7156,237997,46,333201
12980,0.003425,172.31.46.0-255,66,238063,46,333201
12981,0.003451,74.125.200.0-255,7156,245219,46,333201
12982,0.003453,172.31.46.0-255,66,245285,46,333201
12983,0.003466,74.125.200.0-255,2902,248187,46,333201
12984,0.003467,172.31.46.0-255,66,248253,46,333201
12985,0.003487,74.125.200.0-255,5020,253273,46,333201
12986,0.00349,172.31.46.0-255,66,253339,46,333201
12987,0.003494,74.125.200.0-255,2902,256241,46,333201
12988,0.003495,172.31.46.0-255,66,256307,46,333201
12989,0.003499,74.125.200.0-255,4320,260627,46,333201
12990,0.003502,172.31.46.0-255,66,260693,46,333201
12991,0.003519,74.125.200.0-255,1484,262177,46,333201
12992,0.003541,74.125.200.0-255,7156,269333,46,333201
12993,0.003543,172.31.46.0-255,66,269399,46,333201
12994,0.003547,74.125.200.0-255,2902,272301,46,333201
12995,0.003548,172.31.46.0-255,66,272367,46,333201
12996,0.003563,74.125.200.0-255,4320,276687,46,333201
12997,0.003566,172.31.46.0-255,66,276753,46,333201
12998,0.00357,74.125.200.0-255,4320,281073,46,333201
12999,0.003572,172.31.46.0-255,66,281139,46,333201
13000,0.003585,74.125.200.0-255,3602,284741,46,333201
13001,0.003587,172.31.46.0-255,66,284807,46,333201
13002,0.003592,74.125.200.0-255,4320,289127,46,333201
13003,0.003594,172.31.46.0-255,66,289193,46,333201
13004,0.003617,74.125.200.0-255,5738,294931,46,333201
13005,0.003619,172.31.46.0-255,66,294997,46,333201
13006,0.003622,74.125.200.0-255,1484,296481,46,333201
13007,0.003638,74.125.200.0-255,1484,297965,46,333201
13008,0.00364,172.31.46.0-255,66,298031,46,333201
13009,0.003644,74.125.200.0-255,2902,300933,46,333201
13010,0.003648,74.125.200.0-255,4320,305253,46,333201
13011,0.003661,74.125.200.0-255,1484,306737,46,333201
13012,0.003674,74.125.200.0-255,2902,309639,46,333201
13013,0.003678,74.125.200.0-255,2902,312541,46,333201
13014,0.00368,74.125.200.0-255,1484,314025,46,333201
13015,0.003706,74.125.200.0-255,1484,315509,46,333201
13016,0.003721,74.125.200.0-255,2902,318411,46,333201
13017,0.003723,74.125.200.0-255,766,319177,46,333201
13018,0.003774,74.125.200.0-255,1484,320661,46,333201
13019,0.003786,74.125.200.0-255,2902,323563,46,333201
13020,0.003827,74.125.200.0-255,1484,325047,46,333201
13021,0.003845,74.125.200.0-255,3353,328400,46,333201
13022,0.003858,74.125.200.0-255,105,328505,46,333201
13023,0.006236,172.31.46.0-255,66,328571,46,333201
13024,0.008005,172.31.46.0-255,101,328672,46,333201
13025,0.008288,172.31.46.0-255,105,328777,46,333201
13026,0.010236,74.125.200.0-255,66,328843,46,333201
13027,0.010518,74.125.200.0-255,66,328909,46,333201
13028,0.032221,172.31.46.0-255,74,328983,46,333201
13029,0.033757,104.244.42.0-255,74,329057,46,333201
13030,0.033776,172.31.46.0-255,66,329123,46,333201
13031,0.035151,172.31.46.0-255,583,329706,46,333201
13032,0.036684,104.244.42.0-255,66,329772,46,333201
13033,0.038705,104.244.42.0-255,3363,333135,46,333201
13034,0.038714,172.31.46.0-255,66,333201,46,333201
13035,0.0,172.217.194.0-255,147,147,46,214289
13036,2.8e-05,172.31.46.0-255,66,213,46,214289
13037,3.5e-05,172.217.194.0-255,1484,1697,46,214289
13038,4e-05,172.31.46.0-255,66,1763,46,214289
13039,4.8e-05,172.217.194.0-255,2902,4665,46,214289
13040,5.2e-05,172.31.46.0-255,66,4731,46,214289
13041,5.9e-05,172.217.194.0-255,5738,10469,46,214289
13042,6.2e-05,172.31.46.0-255,66,10535,46,214289
13043,8.5e-05,172.217.194.0-255,1484,12019,46,214289
13044,8.8e-05,172.31.46.0-255,66,12085,46,214289
13045,9.3e-05,172.217.194.0-255,2079,14164,46,214289
13046,9.5e-05,172.31.46.0-255,66,14230,46,214289
13047,0.000118,172.217.194.0-255,2902,17132,46,214289
13048,0.000121,172.31.46.0-255,66,17198,46,214289
13049,0.000135,172.217.194.0-255,2902,20100,46,214289
13050,0.000137,172.31.46.0-255,66,20166,46,214289
13051,0.000152,172.217.194.0-255,4320,24486,46,214289
13052,0.000155,172.31.46.0-255,66,24552,46,214289
13053,0.000201,172.217.194.0-255,6797,31349,46,214289
13054,0.000204,172.31.46.0-255,66,31415,46,214289
13055,0.000241,172.217.194.0-255,1484,32899,46,214289
13056,0.000243,172.31.46.0-255,66,32965,46,214289
13057,0.000248,172.217.194.0-255,2902,35867,46,214289
13058,0.00025,172.31.46.0-255,66,35933,46,214289
13059,0.000263,172.217.194.0-255,1484,37417,46,214289
13060,0.000265,172.31.46.0-255,66,37483,46,214289
13061,0.000293,172.217.194.0-255,4320,41803,46,214289
13062,0.000295,172.31.46.0-255,66,41869,46,214289
13063,0.000303,172.217.194.0-255,7156,49025,46,214289
13064,0.000305,172.31.46.0-255,66,49091,46,214289
13065,0.000326,172.217.194.0-255,4320,53411,46,214289
13066,0.000328,172.31.46.0-255,66,53477,46,214289
13067,0.000348,172.217.194.0-255,2543,56020,46,214289
13068,0.00035,172.31.46.0-255,66,56086,46,214289
13069,0.000365,172.217.194.0-255,4320,60406,46,214289
13070,0.000368,172.31.46.0-255,66,60472,46,214289
13071,0.000392,172.217.194.0-255,5680,66152,46,214289
13072,0.000395,172.31.46.0-255,66,66218,46,214289
13073,0.000418,172.217.194.0-255,376,66594,46,214289
13074,0.000791,172.217.194.0-255,1484,68078,46,214289
13075,0.000797,172.31.46.0-255,66,68144,46,214289
13076,0.000804,172.217.194.0-255,2902,71046,46,214289
13077,0.000806,172.31.46.0-255,66,71112,46,214289
13078,0.000809,172.217.194.0-255,1484,72596,46,214289
13079,0.000833,172.217.194.0-255,4320,76916,46,214289
13080,0.000835,172.31.46.0-255,66,76982,46,214289
13081,0.000839,172.217.194.0-255,1484,78466,46,214289
13082,0.000869,172.31.46.0-255,66,78532,46,214289
13083,0.000877,172.217.194.0-255,7156,85688,46,214289
13084,0.00088,172.31.46.0-255,66,85754,46,214289
13085,0.000901,172.217.194.0-255,3602,89356,46,214289
13086,0.000904,172.31.46.0-255,66,89422,46,214289
13087,0.001002,172.217.194.0-255,1484,90906,46,214289
13088,0.001017,172.217.194.0-255,2902,93808,46,214289
13089,0.001021,172.31.46.0-255,66,93874,46,214289
13090,0.001027,172.217.194.0-255,5738,99612,46,214289
13091,0.00103,172.31.46.0-255,66,99678,46,214289
13092,0.001069,172.31.46.0-255,66,99744,46,214289
13093,0.001075,172.217.194.0-255,4320,104064,46,214289
13094,0.001077,172.31.46.0-255,66,104130,46,214289
13095,0.001108,172.217.194.0-255,1484,105614,46,214289
13096,0.001124,172.217.194.0-255,5020,110634,46,214289
13097,0.001127,172.31.46.0-255,66,110700,46,214289
13098,0.00155,172.217.194.0-255,1484,112184,46,214289
13099,0.001581,172.217.194.0-255,2902,115086,46,214289
13100,0.001585,172.31.46.0-255,66,115152,46,214289
13101,0.001593,172.217.194.0-255,5738,120890,46,214289
13102,0.001595,172.31.46.0-255,66,120956,46,214289
13103,0.001621,172.217.194.0-255,2902,123858,46,214289
13104,0.001625,172.31.46.0-255,66,123924,46,214289
13105,0.001655,172.31.46.0-255,66,123990,46,214289
13106,0.00168,172.217.194.0-255,1484,125474,46,214289
13107,0.001703,172.217.194.0-255,1484,126958,46,214289
13108,0.001706,172.31.46.0-255,66,127024,46,214289
13109,0.001712,172.217.194.0-255,4320,131344,46,214289
13110,0.001714,172.31.46.0-255,66,131410,46,214289
13111,0.001729,172.217.194.0-255,3602,135012,46,214289
13112,0.001732,172.31.46.0-255,66,135078,46,214289
13113,0.001978,172.217.194.0-255,1484,136562,46,214289
13114,0.001982,172.217.194.0-255,1484,138046,46,214289
13115,0.001993,172.31.46.0-255,66,138112,46,214289
13116,0.001997,172.217.194.0-255,1484,139596,46,214289
13117,0.002004,172.217.194.0-255,4320,143916,46,214289
13118,0.002006,172.31.46.0-255,66,143982,46,214289
13119,0.00202,172.217.194.0-255,1484,145466,46,214289
13120,0.002034,172.217.194.0-255,4320,149786,46,214289
13121,0.002037,172.31.46.0-255,66,149852,46,214289
13122,0.002068,172.31.46.0-255,66,149918,46,214289
13123,0.002079,172.31.46.0-255,66,149984,46,214289
13124,0.002092,172.217.194.0-255,1484,151468,46,214289
13125,0.002159,172.31.46.0-255,66,151534,46,214289
13126,0.00218,172.217.194.0-255,3602,155136,46,214289
13127,0.002195,172.217.194.0-255,4320,159456,46,214289
13128,0.002204,172.31.46.0-255,66,159522,46,214289
13129,0.002207,172.31.46.0-255,66,159588,46,214289
13130,0.00221,172.31.46.0-255,66,159654,46,214289
13131,0.002216,172.217.194.0-255,4320,163974,46,214289
13132,0.002219,172.31.46.0-255,66,164040,46,214289
13133,0.002264,172.31.46.0-255,66,164106,46,214289
13134,0.002275,172.31.46.0-255,66,164172,46,214289
13135,0.002313,172.31.46.0-255,66,164238,46,214289
13136,0.002319,172.217.194.0-255,5738,169976,46,214289
13137,0.002321,172.31.46.0-255,66,170042,46,214289
13138,0.002327,172.217.194.0-255,5738,175780,46,214289
13139,0.002329,172.31.46.0-255,66,175846,46,214289
13140,0.002368,172.217.194.0-255,766,176612,46,214289
13141,0.002373,172.217.194.0-255,4320,180932,46,214289
13142,0.002388,172.217.194.0-255,7156,188088,46,214289
13143,0.002408,172.217.194.0-255,5738,193826,46,214289
13144,0.002427,172.217.194.0-255,1484,195310,46,214289
13145,0.002453,172.217.194.0-255,3602,198912,46,214289
13146,0.002469,172.217.194.0-255,7156,206068,46,214289
13147,0.002524,172.217.194.0-255,5738,211806,46,214289
13148,0.002572,172.217.194.0-255,97,211903,46,214289
13149,0.002574,172.217.194.0-255,105,212008,46,214289
13150,0.008502,172.31.46.0-255,66,212074,46,214289
13151,0.010711,172.31.46.0-255,105,212179,46,214289
13152,0.013366,172.217.194.0-255,66,212245,46,214289
13153,0.036817,172.31.46.0-255,172,212417,46,214289
13154,0.036854,172.31.46.0-255,1119,213536,46,214289
13155,0.036913,172.31.46.0-255,555,214091,46,214289
13156,0.038516,104.244.42.0-255,66,214157,46,214289
13157,0.038558,104.244.42.0-255,66,214223,46,214289
13158,0.038569,104.244.42.0-255,66,214289,46,214289
13159,0.0,74.125.68.0-255,146,146,46,177250
13160,2.4e-05,172.31.46.0-255,66,212,46,177250
13161,3.1e-05,74.125.68.0-255,1484,1696,46,177250
13162,3.6e-05,172.31.46.0-255,66,1762,46,177250
13163,4.2e-05,74.125.68.0-255,2902,4664,46,177250
13164,5.4e-05,172.31.46.0-255,66,4730,46,177250
13165,6.4e-05,74.125.68.0-255,7156,11886,46,177250
13166,6.8e-05,172.31.46.0-255,66,11952,46,177250
13167,7.3e-05,74.125.68.0-255,2024,13976,46,177250
13168,7.5e-05,172.31.46.0-255,66,14042,46,177250
13169,9.6e-05,74.125.68.0-255,2902,16944,46,177250
13170,0.0001,172.31.46.0-255,66,17010,46,177250
13171,0.000113,74.125.68.0-255,7156,24166,46,177250
13172,0.000115,172.31.46.0-255,66,24232,46,177250
13173,0.000122,74.125.68.0-255,5738,29970,46,177250
13174,0.000125,172.31.46.0-255,66,30036,46,177250
13175,0.000161,74.125.68.0-255,1125,31161,46,177250
13176,0.000164,172.31.46.0-255,66,31227,46,177250
13177,0.000259,74.125.68.0-255,1484,32711,46,177250
13178,0.000262,172.31.46.0-255,66,32777,46,177250
13179,0.000268,74.125.68.0-255,2902,35679,46,177250
13180,0.000269,172.31.46.0-255,66,35745,46,177250
13181,0.000273,74.125.68.0-255,1484,37229,46,177250
13182,0.00028,172.31.46.0-255,66,37295,46,177250
13183,0.000285,74.125.68.0-255,2902,40197,46,177250
13184,0.000288,172.31.46.0-255,66,40263,46,177250
13185,0.000323,74.125.68.0-255,5738,46001,46,177250
13186,0.000326,172.31.46.0-255,66,46067,46,177250
13187,0.000329,74.125.68.0-255,1484,47551,46,177250
13188,0.000331,172.31.46.0-255,66,47617,46,177250
13189,0.000373,74.125.68.0-255,2543,50160,46,177250
13190,0.000375,172.31.46.0-255,66,50226,46,177250
13191,0.0004,74.125.68.0-255,2902,53128,46,177250
13192,0.000407,74.125.68.0-255,5738,58866,46,177250
13193,0.000421,74.125.68.0-255,1484,60350,46,177250
13194,0.000435,172.31.46.0-255,66,60416,46,177250
13195,0.000445,74.125.68.0-255,2902,63318,46,177250
13196,0.000463,74.125.68.0-255,2816,66134,46,177250
13197,0.000466,172.31.46.0-255,66,66200,46,177250
13198,0.0005,74.125.68.0-255,129,66329,46,177250
13199,0.000642,74.125.68.0-255,1484,67813,46,177250
13200,0.000657,74.125.68.0-255,2902,70715,46,177250
13201,0.000685,74.125.68.0-255,5738,76453,46,177250
13202,0.000689,74.125.68.0-255,2902,79355,46,177250
13203,0.000707,74.125.68.0-255,3961,83316,46,177250
13204,0.000737,74.125.68.0-255,2902,86218,46,177250
13205,0.000789,74.125.68.0-255,2902,89120,46,177250
13206,0.000797,172.31.46.0-255,66,89186,46,177250
13207,0.000808,74.125.68.0-255,2543,91729,46,177250
13208,0.000818,172.31.46.0-255,66,91795,46,177250
13209,0.003486,74.125.68.0-255,1484,93279,46,177250
13210,0.003499,74.125.68.0-255,2902,96181,46,177250
13211,0.003505,172.31.46.0-255,66,96247,46,177250
13212,0.003531,74.125.68.0-255,1484,97731,46,177250
13213,0.005802,74.125.68.0-255,2902,100633,46,177250
13214,0.005818,74.125.68.0-255,1484,102117,46,177250
13215,0.006542,172.31.46.0-255,66,102183,46,177250
13216,0.008832,74.125.68.0-255,4320,106503,46,177250
13217,0.008839,172.31.46.0-255,66,106569,46,177250
13218,0.008867,74.125.68.0-255,1484,108053,46,177250
13219,0.011167,74.125.68.0-255,4320,112373,46,177250
13220,0.01153,172.31.46.0-255,66,112439,46,177250
13221,0.013764,74.125.68.0-255,4320,116759,46,177250
13222,0.013774,172.31.46.0-255,66,116825,46,177250
13223,0.013806,74.125.68.0-255,1484,118309,46,177250
13224,0.015998,74.125.68.0-255,4320,122629,46,177250
13225,0.016012,172.31.46.0-255,66,122695,46,177250
13226,0.018227,74.125.68.0-255,5738,128433,46,177250
13227,0.018527,172.31.46.0-255,66,128499,46,177250
13228,0.020739,74.125.68.0-255,5738,134237,46,177250
13229,0.020747,172.31.46.0-255,66,134303,46,177250
13230,0.023048,74.125.68.0-255,5738,140041,46,177250
13231,0.023055,172.31.46.0-255,66,140107,46,177250
13232,0.025296,74.125.68.0-255,4320,144427,46,177250
13233,0.025304,172.31.46.0-255,66,144493,46,177250
13234,0.025335,74.125.68.0-255,1484,145977,46,177250
13235,0.027508,74.125.68.0-255,4320,150297,46,177250
13236,0.027516,172.31.46.0-255,66,150363,46,177250
13237,0.029506,172.31.46.0-255,172,150535,46,177250
13238,0.029539,172.31.46.0-255,1119,151654,46,177250
13239,0.029598,172.31.46.0-255,1514,153168,46,177250
13240,0.0296,172.31.46.0-255,404,153572,46,177250
13241,0.029788,74.125.68.0-255,5738,159310,46,177250
13242,0.029826,172.31.46.0-255,66,159376,46,177250
13243,0.031767,104.244.42.0-255,66,159442,46,177250
13244,0.032568,74.125.68.0-255,2902,162344,46,177250
13245,0.032574,172.31.46.0-255,66,162410,46,177250
13246,0.032603,74.125.68.0-255,2902,165312,46,177250
13247,0.032861,172.31.46.0-255,66,165378,46,177250
13248,0.035812,74.125.68.0-255,2902,168280,46,177250
13249,0.03582,172.31.46.0-255,66,168346,46,177250
13250,0.035966,74.125.68.0-255,2902,171248,46,177250
13251,0.035971,172.31.46.0-255,66,171314,46,177250
13252,0.038287,74.125.68.0-255,2902,174216,46,177250
13253,0.038302,172.31.46.0-255,66,174282,46,177250
13254,0.038412,74.125.68.0-255,2902,177184,46,177250
13255,0.038443,172.31.46.0-255,66,177250,46,177250
13256,0.0,216.58.221.0-255,153,153,46,268588
13257,1.9e-05,216.58.221.0-255,1484,1637,46,268588
13258,3e-05,172.31.46.0-255,66,1703,46,268588
13259,3.9e-05,216.58.221.0-255,2902,4605,46,268588
13260,4.5e-05,216.58.221.0-255,4320,8925,46,268588
13261,5.1e-05,216.58.221.0-255,4928,13853,46,268588
13262,9.4e-05,216.58.221.0-255,5379,19232,46,268588
13263,0.000142,216.58.221.0-255,1484,20716,46,268588
13264,0.000147,216.58.221.0-255,2902,23618,46,268588
13265,0.000162,216.58.221.0-255,2902,26520,46,268588
13266,0.000182,172.31.46.0-255,66,26586,46,268588
13267,0.000187,216.58.221.0-255,2902,29488,46,268588
13268,0.000198,216.58.221.0-255,6797,36285,46,268588
13269,0.000205,172.31.46.0-255,66,36351,46,268588
13270,0.000271,216.58.221.0-255,1484,37835,46,268588
13271,0.000275,216.58.221.0-255,1484,39319,46,268588
13272,0.000294,216.58.221.0-255,1484,40803,46,268588
13273,0.000299,216.58.221.0-255,4320,45123,46,268588
13274,0.000312,216.58.221.0-255,4320,49443,46,268588
13275,0.000326,216.58.221.0-255,4253,53696,46,268588
13276,0.000442,172.31.46.0-255,66,53762,46,268588
13277,0.000892,216.58.221.0-255,132,53894,46,268588
13278,0.001007,216.58.221.0-255,1484,55378,46,268588
13279,0.001012,172.31.46.0-255,66,55444,46,268588
13280,0.001018,216.58.221.0-255,2902,58346,46,268588
13281,0.001023,216.58.221.0-255,2902,61248,46,268588
13282,0.001042,216.58.221.0-255,2902,64150,46,268588
13283,0.00105,216.58.221.0-255,6797,70947,46,268588
13284,0.001091,172.31.46.0-255,66,71013,46,268588
13285,0.001235,216.58.221.0-255,1484,72497,46,268588
13286,0.001253,216.58.221.0-255,2902,75399,46,268588
13287,0.001256,172.31.46.0-255,66,75465,46,268588
13288,0.001263,216.58.221.0-255,5738,81203,46,268588
13289,0.001286,172.31.46.0-255,66,81269,46,268588
13290,0.001296,216.58.221.0-255,5738,87007,46,268588
13291,0.001301,172.31.46.0-255,66,87073,46,268588
13292,0.001371,216.58.221.0-255,5020,92093,46,268588
13293,0.001393,172.31.46.0-255,66,92159,46,268588
13294,0.001419,216.58.221.0-255,1484,93643,46,268588
13295,0.001424,216.58.221.0-255,2902,96545,46,268588
13296,0.00143,216.58.221.0-255,5738,102283,46,268588
13297,0.001438,172.31.46.0-255,66,102349,46,268588
13298,0.001449,216.58.221.0-255,4320,106669,46,268588
13299,0.001454,172.31.46.0-255,66,106735,46,268588
13300,0.001508,216.58.221.0-255,5738,112473,46,268588
13301,0.001533,216.58.221.0-255,1484,113957,46,268588
13302,0.001538,216.58.221.0-255,3602,117559,46,268588
13303,0.001568,172.31.46.0-255,66,117625,46,268588
13304,0.00161,216.58.221.0-255,1484,119109,46,268588
13305,0.001617,216.58.221.0-255,2902,122011,46,268588
13306,0.001636,216.58.221.0-255,5738,127749,46,268588
13307,0.001649,216.58.221.0-255,1484,129233,46,268588
13308,0.001661,216.58.221.0-255,2902,132135,46,268588
13309,0.001664,172.31.46.0-255,66,132201,46,268588
13310,0.001673,216.58.221.0-255,4320,136521,46,268588
13311,0.001679,172.31.46.0-255,66,136587,46,268588
13312,0.001697,216.58.221.0-255,4320,140907,46,268588
13313,0.001708,216.58.221.0-255,7156,148063,46,268588
13314,0.001734,216.58.221.0-255,3602,151665,46,268588
13315,0.001756,172.31.46.0-255,66,151731,46,268588
13316,0.001932,216.58.221.0-255,1484,153215,46,268588
13317,0.001939,216.58.221.0-255,2902,156117,46,268588
13318,0.001949,172.31.46.0-255,66,156183,46,268588
13319,0.001955,216.58.221.0-255,5738,161921,46,268588
13320,0.001988,216.58.221.0-255,2902,164823,46,268588
13321,0.001996,172.31.46.0-255,66,164889,46,268588
13322,0.002026,172.31.46.0-255,66,164955,46,268588
13323,0.002035,216.58.221.0-255,1888,166843,46,268588
13324,0.002067,172.31.46.0-255,66,166909,46,268588
13325,0.002212,216.58.221.0-255,1484,168393,46,268588
13326,0.002228,216.58.221.0-255,2902,171295,46,268588
13327,0.002238,216.58.221.0-255,1484,172779,46,268588
13328,0.002254,216.58.221.0-255,4320,177099,46,268588
13329,0.002259,216.58.221.0-255,2902,180001,46,268588
13330,0.002264,172.31.46.0-255,66,180067,46,268588
13331,0.0023,216.58.221.0-255,7156,187223,46,268588
13332,0.002335,216.58.221.0-255,4320,191543,46,268588
13333,0.002383,216.58.221.0-255,5020,196563,46,268588
13334,0.00241,216.58.221.0-255,5020,201583,46,268588
13335,0.002595,216.58.221.0-255,1484,203067,46,268588
13336,0.002601,216.58.221.0-255,2902,205969,46,268588
13337,0.002605,216.58.221.0-255,2902,208871,46,268588
13338,0.002624,216.58.221.0-255,1484,210355,46,268588
13339,0.00263,216.58.221.0-255,5738,216093,46,268588
13340,0.002637,216.58.221.0-255,7156,223249,46,268588
13341,0.00264,216.58.221.0-255,1484,224733,46,268588
13342,0.002652,216.58.221.0-255,2902,227635,46,268588
13343,0.002676,216.58.221.0-255,5738,233373,46,268588
13344,0.00268,216.58.221.0-255,2184,235557,46,268588
13345,0.002682,216.58.221.0-255,1484,237041,46,268588
13346,0.002701,216.58.221.0-255,1484,238525,46,268588
13347,0.002708,216.58.221.0-255,7156,245681,46,268588
13348,0.002774,216.58.221.0-255,4320,250001,46,268588
13349,0.002789,216.58.221.0-255,4320,254321,46,268588
13350,0.002808,216.58.221.0-255,5020,259341,46,268588
13351,0.002812,216.58.221.0-255,2902,262243,46,268588
13352,0.002856,216.58.221.0-255,1722,263965,46,268588
13353,0.002872,216.58.221.0-255,105,264070,46,268588
13354,0.008122,172.31.46.0-255,66,264136,46,268588
13355,0.01004,172.31.46.0-255,105,264241,46,268588
13356,0.012023,216.58.221.0-255,66,264307,46,268588
13357,0.034449,172.31.46.0-255,171,264478,46,268588
13358,0.034479,172.31.46.0-255,1139,265617,46,268588
13359,0.034545,172.31.46.0-255,1514,267131,46,268588
13360,0.034547,172.31.46.0-255,1259,268390,46,268588
13361,0.036132,104.244.42.0-255,66,268456,46,268588
13362,0.036171,104.244.42.0-255,66,268522,46,268588
13363,0.036287,104.244.42.0-255,66,268588,46,268588
13364,0.0,172.217.194.0-255,159,159,46,160928
13365,2.4e-05,172.31.46.0-255,66,225,46,160928
13366,4.2e-05,172.217.194.0-255,1484,1709,46,160928
13367,4.8e-05,172.31.46.0-255,66,1775,46,160928
13368,5.3e-05,172.217.194.0-255,2902,4677,46,160928
13369,5.7e-05,172.31.46.0-255,66,4743,46,160928
13370,6.5e-05,172.217.194.0-255,5738,10481,46,160928
13371,6.8e-05,172.31.46.0-255,66,10547,46,160928
13372,9.2e-05,172.217.194.0-255,1484,12031,46,160928
13373,9.4e-05,172.31.46.0-255,66,12097,46,160928
13374,0.000128,172.31.46.0-255,66,12163,46,160928
13375,0.000156,172.31.46.0-255,66,12229,46,160928
13376,0.000189,172.31.46.0-255,66,12295,46,160928
13377,0.000382,172.217.194.0-255,1484,13779,46,160928
13378,0.000387,172.31.46.0-255,66,13845,46,160928
13379,0.000394,172.217.194.0-255,2902,16747,46,160928
13380,0.000396,172.31.46.0-255,66,16813,46,160928
13381,0.000425,172.217.194.0-255,2902,19715,46,160928
13382,0.000427,172.31.46.0-255,66,19781,46,160928
13383,0.000451,172.217.194.0-255,2902,22683,46,160928
13384,0.000455,172.31.46.0-255,66,22749,46,160928
13385,0.000462,172.217.194.0-255,7119,29868,46,160928
13386,0.000465,172.31.46.0-255,66,29934,46,160928
13387,0.000544,172.217.194.0-255,1484,31418,46,160928
13388,0.000547,172.31.46.0-255,66,31484,46,160928
13389,0.000553,172.217.194.0-255,2902,34386,46,160928
13390,0.000556,172.31.46.0-255,66,34452,46,160928
13391,0.000571,172.217.194.0-255,5738,40190,46,160928
13392,0.000574,172.31.46.0-255,66,40256,46,160928
13393,0.000578,172.217.194.0-255,2902,43158,46,160928
13394,0.000581,172.31.46.0-255,66,43224,46,160928
13395,0.000594,172.217.194.0-255,2902,46126,46,160928
13396,0.000597,172.31.46.0-255,66,46192,46,160928
13397,0.000617,172.217.194.0-255,4320,50512,46,160928
13398,0.00062,172.31.46.0-255,66,50578,46,160928
13399,0.000661,172.217.194.0-255,5020,55598,46,160928
13400,0.000665,172.31.46.0-255,66,55664,46,160928
13401,0.000669,172.31.46.0-255,66,55730,46,160928
13402,0.000897,172.217.194.0-255,1484,57214,46,160928
13403,0.000903,172.217.194.0-255,1484,58698,46,160928
13404,0.000907,172.31.46.0-255,66,58764,46,160928
13405,0.000928,172.217.194.0-255,1484,60248,46,160928
13406,0.000936,172.217.194.0-255,5738,65986,46,160928
13407,0.000938,172.31.46.0-255,66,66052,46,160928
13408,0.000942,172.217.194.0-255,2902,68954,46,160928
13409,0.000944,172.31.46.0-255,66,69020,46,160928
13410,0.000963,172.217.194.0-255,4320,73340,46,160928
13411,0.000965,172.31.46.0-255,66,73406,46,160928
13412,0.000971,172.217.194.0-255,5738,79144,46,160928
13413,0.000973,172.31.46.0-255,66,79210,46,160928
13414,0.001005,172.31.46.0-255,66,79276,46,160928
13415,0.001016,172.31.46.0-255,66,79342,46,160928
13416,0.001021,172.217.194.0-255,2902,82244,46,160928
13417,0.001023,172.31.46.0-255,66,82310,46,160928
13418,0.001078,172.31.46.0-255,66,82376,46,160928
13419,0.00108,172.217.194.0-255,766,83142,46,160928
13420,0.001113,172.31.46.0-255,66,83208,46,160928
13421,0.001155,172.31.46.0-255,66,83274,46,160928
13422,0.001159,172.217.194.0-255,2902,86176,46,160928
13423,0.001162,172.31.46.0-255,66,86242,46,160928
13424,0.001166,172.217.194.0-255,2184,88426,46,160928
13425,0.001168,172.31.46.0-255,66,88492,46,160928
13426,0.001172,172.217.194.0-255,2902,91394,46,160928
13427,0.001175,172.31.46.0-255,66,91460,46,160928
13428,0.001181,172.217.194.0-255,5738,97198,46,160928
13429,0.001184,172.31.46.0-255,66,97264,46,160928
13430,0.001212,172.217.194.0-255,1484,98748,46,160928
13431,0.001229,172.31.46.0-255,66,98814,46,160928
13432,0.00124,172.31.46.0-255,66,98880,46,160928
13433,0.001299,172.217.194.0-255,2902,101782,46,160928
13434,0.001302,172.31.46.0-255,66,101848,46,160928
13435,0.001338,172.31.46.0-255,66,101914,46,160928
13436,0.001349,172.31.46.0-255,66,101980,46,160928
13437,0.001371,172.31.46.0-255,66,102046,46,160928
13438,0.001383,172.31.46.0-255,66,102112,46,160928
13439,0.001415,172.31.46.0-255,66,102178,46,160928
13440,0.001426,172.31.46.0-255,66,102244,46,160928
13441,0.001466,172.217.194.0-255,6438,108682,46,160928
13442,0.001469,172.217.194.0-255,2902,111584,46,160928
13443,0.001472,172.217.194.0-255,1484,113068,46,160928
13444,0.001477,172.31.46.0-255,66,113134,46,160928
13445,0.00148,172.31.46.0-255,66,113200,46,160928
13446,0.001483,172.31.46.0-255,66,113266,46,160928
13447,0.001496,172.217.194.0-255,2902,116168,46,160928
13448,0.001498,172.31.46.0-255,66,116234,46,160928
13449,0.001502,172.217.194.0-255,2902,119136,46,160928
13450,0.001504,172.31.46.0-255,66,119202,46,160928
13451,0.001534,172.217.194.0-255,5738,124940,46,160928
13452,0.001538,172.31.46.0-255,66,125006,46,160928
13453,0.001544,172.217.194.0-255,5738,130744,46,160928
13454,0.001546,172.31.46.0-255,66,130810,46,160928
13455,0.001586,172.217.194.0-255,2902,133712,46,160928
13456,0.00159,172.31.46.0-255,66,133778,46,160928
13457,0.001618,172.31.46.0-255,66,133844,46,160928
13458,0.001625,172.217.194.0-255,7156,141000,46,160928
13459,0.001628,172.31.46.0-255,66,141066,46,160928
13460,0.001658,172.217.194.0-255,5738,146804,46,160928
13461,0.001661,172.31.46.0-255,66,146870,46,160928
13462,0.001667,172.217.194.0-255,4620,151490,46,160928
13463,0.001669,172.31.46.0-255,66,151556,46,160928
13464,0.001672,172.217.194.0-255,105,151661,46,160928
13465,0.009334,172.31.46.0-255,66,151727,46,160928
13466,0.009374,172.31.46.0-255,105,151832,46,160928
13467,0.012012,172.217.194.0-255,66,151898,46,160928
13468,0.034971,172.31.46.0-255,164,152062,46,160928
13469,0.035006,172.31.46.0-255,1127,153189,46,160928
13470,0.035075,172.31.46.0-255,1514,154703,46,160928
13471,0.035078,172.31.46.0-255,1514,156217,46,160928
13472,0.035079,172.31.46.0-255,1514,157731,46,160928
13473,0.035081,172.31.46.0-255,1514,159245,46,160928
13474,0.035082,172.31.46.0-255,1485,160730,46,160928
13475,0.036658,104.244.42.0-255,66,160796,46,160928
13476,0.036696,104.244.42.0-255,66,160862,46,160928
13477,0.036852,104.244.42.0-255,66,160928,46,160928
13478,0.0,74.125.24.0-255,146,146,46,261330
13479,2.6e-05,172.31.46.0-255,66,212,46,261330
13480,3.3e-05,74.125.24.0-255,1484,1696,46,261330
13481,3.9e-05,172.31.46.0-255,66,1762,46,261330
13482,4.4e-05,74.125.24.0-255,2902,4664,46,261330
13483,4.7e-05,172.31.46.0-255,66,4730,46,261330
13484,5.4e-05,74.125.24.0-255,5738,10468,46,261330
13485,5.6e-05,172.31.46.0-255,66,10534,46,261330
13486,6.1e-05,74.125.24.0-255,3439,13973,46,261330
13487,6.3e-05,172.31.46.0-255,66,14039,46,261330
13488,0.000135,74.125.24.0-255,1484,15523,46,261330
13489,0.000139,172.31.46.0-255,66,15589,46,261330
13490,0.000143,74.125.24.0-255,2902,18491,46,261330
13491,0.000146,172.31.46.0-255,66,18557,46,261330
13492,0.000149,74.125.24.0-255,1484,20041,46,261330
13493,0.00015,172.31.46.0-255,66,20107,46,261330
13494,0.000172,74.125.24.0-255,4320,24427,46,261330
13495,0.000175,172.31.46.0-255,66,24493,46,261330
13496,0.000196,74.125.24.0-255,2902,27395,46,261330
13497,0.000198,172.31.46.0-255,66,27461,46,261330
13498,0.000223,172.31.46.0-255,66,27527,46,261330
13499,0.000235,172.31.46.0-255,66,27593,46,261330
13500,0.000273,74.125.24.0-255,1125,28718,46,261330
13501,0.000275,172.31.46.0-255,66,28784,46,261330
13502,0.000287,74.125.24.0-255,1484,30268,46,261330
13503,0.000289,172.31.46.0-255,66,30334,46,261330
13504,0.000295,74.125.24.0-255,4320,34654,46,261330
13505,0.000297,172.31.46.0-255,66,34720,46,261330
13506,0.000321,74.125.24.0-255,2902,37622,46,261330
13507,0.000323,172.31.46.0-255,66,37688,46,261330
13508,0.000329,74.125.24.0-255,4320,42008,46,261330
13509,0.000331,172.31.46.0-255,66,42074,46,261330
13510,0.000366,74.125.24.0-255,3961,46035,46,261330
13511,0.000369,172.31.46.0-255,66,46101,46,261330
13512,0.000434,74.125.24.0-255,399,46500,46,261330
13513,0.000438,172.31.46.0-255,66,46566,46,261330
13514,0.000489,74.125.24.0-255,345,46911,46,261330
13515,0.000493,172.31.46.0-255,66,46977,46,261330
13516,0.000535,74.125.24.0-255,1484,48461,46,261330
13517,0.000538,172.31.46.0-255,66,48527,46,261330
13518,0.000542,74.125.24.0-255,2902,51429,46,261330
13519,0.000545,172.31.46.0-255,66,51495,46,261330
13520,0.000557,74.125.24.0-255,1484,52979,46,261330
13521,0.000559,172.31.46.0-255,66,53045,46,261330
13522,0.000566,74.125.24.0-255,7156,60201,46,261330
13523,0.000569,172.31.46.0-255,66,60267,46,261330
13524,0.000585,74.125.24.0-255,2902,63169,46,261330
13525,0.000587,172.31.46.0-255,66,63235,46,261330
13526,0.000599,172.31.46.0-255,66,63301,46,261330
13527,0.000618,74.125.24.0-255,2902,66203,46,261330
13528,0.000621,172.31.46.0-255,66,66269,46,261330
13529,0.000628,74.125.24.0-255,6438,72707,46,261330
13530,0.000631,172.31.46.0-255,66,72773,46,261330
13531,0.0013,74.125.24.0-255,1484,74257,46,261330
13532,0.001306,172.31.46.0-255,66,74323,46,261330
13533,0.001312,74.125.24.0-255,2902,77225,46,261330
13534,0.001314,172.31.46.0-255,66,77291,46,261330
13535,0.00132,74.125.24.0-255,4320,81611,46,261330
13536,0.001322,172.31.46.0-255,66,81677,46,261330
13537,0.001336,74.125.24.0-255,1484,83161,46,261330
13538,0.001339,172.31.46.0-255,66,83227,46,261330
13539,0.001343,74.125.24.0-255,2902,86129,46,261330
13540,0.001345,172.31.46.0-255,66,86195,46,261330
13541,0.001349,74.125.24.0-255,2902,89097,46,261330
13542,0.001351,172.31.46.0-255,66,89163,46,261330
13543,0.001375,74.125.24.0-255,7156,96319,46,261330
13544,0.001378,172.31.46.0-255,66,96385,46,261330
13545,0.001386,74.125.24.0-255,7156,103541,46,261330
13546,0.001388,172.31.46.0-255,66,103607,46,261330
13547,0.001402,74.125.24.0-255,3602,107209,46,261330
13548,0.001404,172.31.46.0-255,66,107275,46,261330
13549,0.001502,74.125.24.0-255,1484,108759,46,261330
13550,0.00151,74.125.24.0-255,2902,111661,46,261330
13551,0.001512,172.31.46.0-255,66,111727,46,261330
13552,0.001517,74.125.24.0-255,2902,114629,46,261330
13553,0.00152,172.31.46.0-255,66,114695,46,261330
13554,0.001534,74.125.24.0-255,2902,117597,46,261330
13555,0.001536,172.31.46.0-255,66,117663,46,261330
13556,0.001539,74.125.24.0-255,1484,119147,46,261330
13557,0.001584,172.31.46.0-255,66,119213,46,261330
13558,0.001591,74.125.24.0-255,7156,126369,46,261330
13559,0.001594,172.31.46.0-255,66,126435,46,261330
13560,0.001617,74.125.24.0-255,3602,130037,46,261330
13561,0.00162,172.31.46.0-255,66,130103,46,261330
13562,0.001741,74.125.24.0-255,1484,131587,46,261330
13563,0.001746,74.125.24.0-255,2902,134489,46,261330
13564,0.001749,172.31.46.0-255,66,134555,46,261330
13565,0.001788,74.125.24.0-255,5738,140293,46,261330
13566,0.001792,172.31.46.0-255,66,140359,46,261330
13567,0.001796,74.125.24.0-255,2902,143261,46,261330
13568,0.001799,172.31.46.0-255,66,143327,46,261330
13569,0.001834,74.125.24.0-255,5738,149065,46,261330
13570,0.001836,172.31.46.0-255,66,149131,46,261330
13571,0.001859,74.125.24.0-255,4320,153451,46,261330
13572,0.001862,172.31.46.0-255,66,153517,46,261330
13573,0.001875,172.31.46.0-255,66,153583,46,261330
13574,0.003865,74.125.24.0-255,5738,159321,46,261330
13575,0.003873,172.31.46.0-255,66,159387,46,261330
13576,0.005886,74.125.24.0-255,5738,165125,46,261330
13577,0.007107,172.31.46.0-255,66,165191,46,261330
13578,0.009127,74.125.24.0-255,5738,170929,46,261330
13579,0.00914,172.31.46.0-255,66,170995,46,261330
13580,0.01115,74.125.24.0-255,5738,176733,46,261330
13581,0.011166,172.31.46.0-255,66,176799,46,261330
13582,0.013229,74.125.24.0-255,5738,182537,46,261330
13583,0.013245,172.31.46.0-255,66,182603,46,261330
13584,0.015257,74.125.24.0-255,5738,188341,46,261330
13585,0.015272,172.31.46.0-255,66,188407,46,261330
13586,0.017255,74.125.24.0-255,5738,194145,46,261330
13587,0.017267,172.31.46.0-255,66,194211,46,261330
13588,0.019301,74.125.24.0-255,5738,199949,46,261330
13589,0.019313,172.31.46.0-255,66,200015,46,261330
13590,0.021324,74.125.24.0-255,5738,205753,46,261330
13591,0.021335,172.31.46.0-255,66,205819,46,261330
13592,0.023304,74.125.24.0-255,5738,211557,46,261330
13593,0.023313,172.31.46.0-255,66,211623,46,261330
13594,0.025364,74.125.24.0-255,5738,217361,46,261330
13595,0.025379,172.31.46.0-255,66,217427,46,261330
13596,0.027377,74.125.24.0-255,5738,223165,46,261330
13597,0.027386,172.31.46.0-255,66,223231,46,261330
13598,0.028233,172.31.46.0-255,172,223403,46,261330
13599,0.028274,172.31.46.0-255,1119,224522,46,261330
13600,0.02834,172.31.46.0-255,1514,226036,46,261330
13601,0.028341,172.31.46.0-255,404,226440,46,261330
13602,0.029425,74.125.24.0-255,5738,232178,46,261330
13603,0.029437,172.31.46.0-255,66,232244,46,261330
13604,0.029884,104.244.42.0-255,66,232310,46,261330
13605,0.031434,74.125.24.0-255,5738,238048,46,261330
13606,0.031442,172.31.46.0-255,66,238114,46,261330
13607,0.033445,74.125.24.0-255,5738,243852,46,261330
13608,0.033454,172.31.46.0-255,66,243918,46,261330
13609,0.035474,74.125.24.0-255,5738,249656,46,261330
13610,0.035483,172.31.46.0-255,66,249722,46,261330
13611,0.037495,74.125.24.0-255,5738,255460,46,261330
13612,0.037505,172.31.46.0-255,66,255526,46,261330
13613,0.039546,74.125.24.0-255,5738,261264,46,261330
13614,0.039559,172.31.46.0-255,66,261330,46,261330
13615,0.0,172.31.46.0-255,105,105,46,276
13616,0.001828,157.240.25.0-255,105,210,46,276
13617,0.001843,172.31.46.0-255,66,276,46,276
13618,0.0,172.217.194.0-255,153,153,46,125351
13619,2e-05,172.31.46.0-255,66,219,46,125351
13620,2.6e-05,172.217.194.0-255,1484,1703,46,125351
13621,3e-05,172.31.46.0-255,66,1769,46,125351
13622,3.5e-05,172.217.194.0-255,2902,4671,46,125351
13623,4.3e-05,172.31.46.0-255,66,4737,46,125351
13624,4.6e-05,172.217.194.0-255,1484,6221,46,125351
13625,5e-05,172.31.46.0-255,66,6287,46,125351
13626,8.3e-05,172.217.194.0-255,4320,10607,46,125351
13627,8.5e-05,172.31.46.0-255,66,10673,46,125351
13628,9.5e-05,172.31.46.0-255,66,10739,46,125351
13629,0.000117,172.217.194.0-255,2063,12802,46,125351
13630,0.000119,172.31.46.0-255,66,12868,46,125351
13631,0.00013,172.31.46.0-255,66,12934,46,125351
13632,0.000218,172.217.194.0-255,1484,14418,46,125351
13633,0.000221,172.31.46.0-255,66,14484,46,125351
13634,0.000225,172.217.194.0-255,2902,17386,46,125351
13635,0.000228,172.31.46.0-255,66,17452,46,125351
13636,0.000248,172.217.194.0-255,4320,21772,46,125351
13637,0.000253,172.31.46.0-255,66,21838,46,125351
13638,0.000278,172.217.194.0-255,1484,23322,46,125351
13639,0.00028,172.31.46.0-255,66,23388,46,125351
13640,0.000287,172.217.194.0-255,6797,30185,46,125351
13641,0.000288,172.31.46.0-255,66,30251,46,125351
13642,0.000309,172.217.194.0-255,4320,34571,46,125351
13643,0.000311,172.31.46.0-255,66,34637,46,125351
13644,0.000338,172.31.46.0-255,66,34703,46,125351
13645,0.000341,172.217.194.0-255,2543,37246,46,125351
13646,0.000343,172.31.46.0-255,66,37312,46,125351
13647,0.000781,172.217.194.0-255,646,37958,46,125351
13648,0.000914,172.31.46.0-255,66,38024,46,125351
13649,0.001046,172.217.194.0-255,1484,39508,46,125351
13650,0.001055,172.217.194.0-255,2902,42410,46,125351
13651,0.001058,172.31.46.0-255,66,42476,46,125351
13652,0.001064,172.217.194.0-255,4320,46796,46,125351
13653,0.001066,172.31.46.0-255,66,46862,46,125351
13654,0.001092,172.217.194.0-255,1484,48346,46,125351
13655,0.001105,172.31.46.0-255,66,48412,46,125351
13656,0.001138,172.31.46.0-255,66,48478,46,125351
13657,0.00122,172.217.194.0-255,1484,49962,46,125351
13658,0.001226,172.217.194.0-255,2902,52864,46,125351
13659,0.001228,172.31.46.0-255,66,52930,46,125351
13660,0.001253,172.217.194.0-255,2902,55832,46,125351
13661,0.001256,172.31.46.0-255,66,55898,46,125351
13662,0.001282,172.217.194.0-255,2902,58800,46,125351
13663,0.001284,172.31.46.0-255,66,58866,46,125351
13664,0.001291,172.217.194.0-255,7156,66022,46,125351
13665,0.001293,172.31.46.0-255,66,66088,46,125351
13666,0.00131,172.31.46.0-255,66,66154,46,125351
13667,0.001337,172.217.194.0-255,1484,67638,46,125351
13668,0.001341,172.217.194.0-255,2184,69822,46,125351
13669,0.001343,172.31.46.0-255,66,69888,46,125351
13670,0.001348,172.217.194.0-255,2902,72790,46,125351
13671,0.00135,172.31.46.0-255,66,72856,46,125351
13672,0.001369,172.217.194.0-255,7156,80012,46,125351
13673,0.001372,172.31.46.0-255,66,80078,46,125351
13674,0.001378,172.217.194.0-255,5738,85816,46,125351
13675,0.001381,172.31.46.0-255,66,85882,46,125351
13676,0.001423,172.31.46.0-255,66,85948,46,125351
13677,0.001434,172.31.46.0-255,66,86014,46,125351
13678,0.001484,172.31.46.0-255,66,86080,46,125351
13679,0.00149,172.217.194.0-255,5738,91818,46,125351
13680,0.001502,172.31.46.0-255,66,91884,46,125351
13681,0.001507,172.217.194.0-255,2902,94786,46,125351
13682,0.00151,172.31.46.0-255,66,94852,46,125351
13683,0.001546,172.31.46.0-255,66,94918,46,125351
13684,0.001551,172.217.194.0-255,3602,98520,46,125351
13685,0.001553,172.31.46.0-255,66,98586,46,125351
13686,0.001646,172.217.194.0-255,1484,100070,46,125351
13687,0.001652,172.217.194.0-255,1484,101554,46,125351
13688,0.001655,172.31.46.0-255,66,101620,46,125351
13689,0.001675,172.217.194.0-255,1484,103104,46,125351
13690,0.001683,172.217.194.0-255,5738,108842,46,125351
13691,0.001685,172.31.46.0-255,66,108908,46,125351
13692,0.001689,172.217.194.0-255,1484,110392,46,125351
13693,0.001723,172.31.46.0-255,66,110458,46,125351
13694,0.001759,172.31.46.0-255,66,110524,46,125351
13695,0.00182,172.31.46.0-255,66,110590,46,125351
13696,0.001839,172.31.46.0-255,66,110656,46,125351
13697,0.001858,172.31.46.0-255,66,110722,46,125351
13698,0.001901,172.217.194.0-255,2184,112906,46,125351
13699,0.001904,172.31.46.0-255,66,112972,46,125351
13700,0.00192,172.31.46.0-255,66,113038,46,125351
13701,0.001938,172.31.46.0-255,66,113104,46,125351
13702,0.001988,172.31.46.0-255,66,113170,46,125351
13703,0.002003,172.31.46.0-255,66,113236,46,125351
13704,0.002019,172.31.46.0-255,66,113302,46,125351
13705,0.002035,172.31.46.0-255,66,113368,46,125351
13706,0.002067,172.31.46.0-255,66,113434,46,125351
13707,0.00209,172.217.194.0-255,2669,116103,46,125351
13708,0.002093,172.31.46.0-255,66,116169,46,125351
13709,0.002096,172.217.194.0-255,105,116274,46,125351
13710,0.006413,172.31.46.0-255,66,116340,46,125351
13711,0.006451,172.31.46.0-255,105,116445,46,125351
13712,0.008655,172.217.194.0-255,66,116511,46,125351
13713,0.038803,172.31.46.0-255,172,116683,46,125351
13714,0.038839,172.31.46.0-255,1114,117797,46,125351
13715,0.038905,172.31.46.0-255,1514,119311,46,125351
13716,0.038907,172.31.46.0-255,1514,120825,46,125351
13717,0.038913,172.31.46.0-255,1514,122339,46,125351
13718,0.038915,172.31.46.0-255,1514,123853,46,125351
13719,0.038932,172.31.46.0-255,1498,125351,46,125351
13720,0.0,74.125.200.0-255,150,150,46,237448
13721,1.3e-05,172.31.46.0-255,66,216,46,237448
13722,2.7e-05,74.125.200.0-255,1484,1700,46,237448
13723,3.2e-05,172.31.46.0-255,66,1766,46,237448
13724,4.8e-05,74.125.200.0-255,2902,4668,46,237448
13725,5.1e-05,172.31.46.0-255,66,4734,46,237448
13726,7.1e-05,74.125.200.0-255,1484,6218,46,237448
13727,7.3e-05,172.31.46.0-255,66,6284,46,237448
13728,8.8e-05,74.125.200.0-255,4320,10604,46,237448
13729,9.1e-05,172.31.46.0-255,66,10670,46,237448
13730,9.5e-05,74.125.200.0-255,3460,14130,46,237448
13731,9.8e-05,172.31.46.0-255,66,14196,46,237448
13732,0.000125,74.125.200.0-255,4320,18516,46,237448
13733,0.000127,172.31.46.0-255,66,18582,46,237448
13734,0.000137,172.31.46.0-255,66,18648,46,237448
13735,0.00014,74.125.200.0-255,1484,20132,46,237448
13736,0.000141,172.31.46.0-255,66,20198,46,237448
13737,0.000167,74.125.200.0-255,7156,27354,46,237448
13738,0.00017,172.31.46.0-255,66,27420,46,237448
13739,0.000192,74.125.200.0-255,2902,30322,46,237448
13740,0.000195,172.31.46.0-255,66,30388,46,237448
13741,0.000204,172.31.46.0-255,66,30454,46,237448
13742,0.000293,74.125.200.0-255,1484,31938,46,237448
13743,0.000296,172.31.46.0-255,66,32004,46,237448
13744,0.000317,74.125.200.0-255,2902,34906,46,237448
13745,0.000319,172.31.46.0-255,66,34972,46,237448
13746,0.000335,74.125.200.0-255,2902,37874,46,237448
13747,0.000338,172.31.46.0-255,66,37940,46,237448
13748,0.000359,74.125.200.0-255,2902,40842,46,237448
13749,0.000361,172.31.46.0-255,66,40908,46,237448
13750,0.000367,74.125.200.0-255,6797,47705,46,237448
13751,0.00037,74.125.200.0-255,395,48100,46,237448
13752,0.000456,172.31.46.0-255,66,48166,46,237448
13753,0.000735,74.125.200.0-255,1484,49650,46,237448
13754,0.00074,74.125.200.0-255,2902,52552,46,237448
13755,0.000743,74.125.200.0-255,1484,54036,46,237448
13756,0.000769,74.125.200.0-255,4320,58356,46,237448
13757,0.000775,74.125.200.0-255,5738,64094,46,237448
13758,0.00078,172.31.46.0-255,66,64160,46,237448
13759,0.000798,74.125.200.0-255,1484,65644,46,237448
13760,0.000816,74.125.200.0-255,5081,70725,46,237448
13761,0.000828,172.31.46.0-255,66,70791,46,237448
13762,0.000832,74.125.200.0-255,2902,73693,46,237448
13763,0.000837,172.31.46.0-255,66,73759,46,237448
13764,0.00087,74.125.200.0-255,5738,79497,46,237448
13765,0.001052,74.125.200.0-255,1484,80981,46,237448
13766,0.001059,74.125.200.0-255,2902,83883,46,237448
13767,0.001074,74.125.200.0-255,4320,88203,46,237448
13768,0.001093,74.125.200.0-255,1484,89687,46,237448
13769,0.001096,74.125.200.0-255,1484,91171,46,237448
13770,0.001101,74.125.200.0-255,2902,94073,46,237448
13771,0.001108,74.125.200.0-255,5738,99811,46,237448
13772,0.00118,74.125.200.0-255,2184,101995,46,237448
13773,0.001857,74.125.200.0-255,1484,103479,46,237448
13774,0.001875,74.125.200.0-255,2902,106381,46,237448
13775,0.001889,74.125.200.0-255,1484,107865,46,237448
13776,0.001906,74.125.200.0-255,2902,110767,46,237448
13777,0.001922,74.125.200.0-255,2902,113669,46,237448
13778,0.001935,74.125.200.0-255,2902,116571,46,237448
13779,0.001938,74.125.200.0-255,1484,118055,46,237448
13780,0.001943,74.125.200.0-255,2902,120957,46,237448
13781,0.001968,74.125.200.0-255,1484,122441,46,237448
13782,0.001988,74.125.200.0-255,4320,126761,46,237448
13783,0.001991,74.125.200.0-255,1484,128245,46,237448
13784,0.002005,74.125.200.0-255,2902,131147,46,237448
13785,0.002035,74.125.200.0-255,2902,134049,46,237448
13786,0.002052,74.125.200.0-255,2184,136233,46,237448
13787,0.002166,74.125.200.0-255,1484,137717,46,237448
13788,0.002179,74.125.200.0-255,1484,139201,46,237448
13789,0.002216,74.125.200.0-255,1484,140685,46,237448
13790,0.002231,74.125.200.0-255,1484,142169,46,237448
13791,0.00516,172.31.46.0-255,66,142235,46,237448
13792,0.007309,74.125.200.0-255,5738,147973,46,237448
13793,0.007316,172.31.46.0-255,66,148039,46,237448
13794,0.009457,74.125.200.0-255,5738,153777,46,237448
13795,0.009465,172.31.46.0-255,66,153843,46,237448
13796,0.011605,74.125.200.0-255,5738,159581,46,237448
13797,0.012715,172.31.46.0-255,66,159647,46,237448
13798,0.014853,74.125.200.0-255,5738,165385,46,237448
13799,0.014865,172.31.46.0-255,66,165451,46,237448
13800,0.017002,74.125.200.0-255,5738,171189,46,237448
13801,0.017009,172.31.46.0-255,66,171255,46,237448
13802,0.019149,74.125.200.0-255,5738,176993,46,237448
13803,0.019156,172.31.46.0-255,66,177059,46,237448
13804,0.021291,74.125.200.0-255,4320,181379,46,237448
13805,0.021298,172.31.46.0-255,66,181445,46,237448
13806,0.021317,74.125.200.0-255,1484,182929,46,237448
13807,0.023444,74.125.200.0-255,4320,187249,46,237448
13808,0.023452,172.31.46.0-255,66,187315,46,237448
13809,0.025598,74.125.200.0-255,5738,193053,46,237448
13810,0.025647,172.31.46.0-255,66,193119,46,237448
13811,0.027788,74.125.200.0-255,5738,198857,46,237448
13812,0.027796,172.31.46.0-255,66,198923,46,237448
13813,0.029933,74.125.200.0-255,2902,201825,46,237448
13814,0.02994,172.31.46.0-255,66,201891,46,237448
13815,0.029964,74.125.200.0-255,2902,204793,46,237448
13816,0.03081,172.31.46.0-255,66,204859,46,237448
13817,0.032076,74.125.200.0-255,1484,206343,46,237448
13818,0.032957,74.125.200.0-255,4320,210663,46,237448
13819,0.032965,172.31.46.0-255,66,210729,46,237448
13820,0.035124,74.125.200.0-255,5738,216467,46,237448
13821,0.035171,172.31.46.0-255,66,216533,46,237448
13822,0.037312,74.125.200.0-255,2902,219435,46,237448
13823,0.03732,172.31.46.0-255,66,219501,46,237448
13824,0.037341,74.125.200.0-255,2902,222403,46,237448
13825,0.037609,172.31.46.0-255,66,222469,46,237448
13826,0.03792,172.31.46.0-255,176,222645,46,237448
13827,0.037948,172.31.46.0-255,1118,223763,46,237448
13828,0.038027,172.31.46.0-255,1514,225277,46,237448
13829,0.038029,172.31.46.0-255,1514,226791,46,237448
13830,0.03803,172.31.46.0-255,1514,228305,46,237448
13831,0.038031,172.31.46.0-255,1514,229819,46,237448
13832,0.038058,172.31.46.0-255,1495,231314,46,237448
13833,0.039465,74.125.200.0-255,2902,234216,46,237448
13834,0.039472,172.31.46.0-255,66,234282,46,237448
13835,0.039602,104.244.42.0-255,66,234348,46,237448
13836,0.039609,104.244.42.0-255,66,234414,46,237448
13837,0.039719,104.244.42.0-255,66,234480,46,237448
13838,0.039754,74.125.200.0-255,2902,237382,46,237448
13839,0.039759,172.31.46.0-255,66,237448,46,237448
13840,0.0,74.125.200.0-255,153,153,46,258071
13841,2.3e-05,172.31.46.0-255,66,219,46,258071
13842,3e-05,74.125.200.0-255,1484,1703,46,258071
13843,3.4e-05,172.31.46.0-255,66,1769,46,258071
13844,4e-05,74.125.200.0-255,2902,4671,46,258071
13845,4.4e-05,172.31.46.0-255,66,4737,46,258071
13846,4.9e-05,74.125.200.0-255,2902,7639,46,258071
13847,5.2e-05,172.31.46.0-255,66,7705,46,258071
13848,7.7e-05,74.125.200.0-255,2902,10607,46,258071
13849,8e-05,172.31.46.0-255,66,10673,46,258071
13850,8.5e-05,74.125.200.0-255,3483,14156,46,258071
13851,8.7e-05,172.31.46.0-255,66,14222,46,258071
13852,0.000135,74.125.200.0-255,1484,15706,46,258071
13853,0.000138,172.31.46.0-255,66,15772,46,258071
13854,0.000141,74.125.200.0-255,1484,17256,46,258071
13855,0.000143,172.31.46.0-255,66,17322,46,258071
13856,0.000161,74.125.200.0-255,1484,18806,46,258071
13857,0.000164,172.31.46.0-255,66,18872,46,258071
13858,0.000171,74.125.200.0-255,5738,24610,46,258071
13859,0.000173,172.31.46.0-255,66,24676,46,258071
13860,0.000204,74.125.200.0-255,6797,31473,46,258071
13861,0.000207,172.31.46.0-255,66,31539,46,258071
13862,0.000238,74.125.200.0-255,7156,38695,46,258071
13863,0.000241,172.31.46.0-255,66,38761,46,258071
13864,0.000246,74.125.200.0-255,2902,41663,46,258071
13865,0.000248,172.31.46.0-255,66,41729,46,258071
13866,0.000253,74.125.200.0-255,4320,46049,46,258071
13867,0.000255,172.31.46.0-255,66,46115,46,258071
13868,0.000284,74.125.200.0-255,2543,48658,46,258071
13869,0.000286,172.31.46.0-255,66,48724,46,258071
13870,0.00031,74.125.200.0-255,2902,51626,46,258071
13871,0.000313,172.31.46.0-255,66,51692,46,258071
13872,0.000333,74.125.200.0-255,2902,54594,46,258071
13873,0.000336,172.31.46.0-255,66,54660,46,258071
13874,0.000356,74.125.200.0-255,4320,58980,46,258071
13875,0.000359,172.31.46.0-255,66,59046,46,258071
13876,0.000381,74.125.200.0-255,4320,63366,46,258071
13877,0.000384,172.31.46.0-255,66,63432,46,258071
13878,0.0004,74.125.200.0-255,2543,65975,46,258071
13879,0.000402,172.31.46.0-255,66,66041,46,258071
13880,0.000405,74.125.200.0-255,359,66400,46,258071
13881,0.000547,74.125.200.0-255,384,66784,46,258071
13882,0.000676,74.125.200.0-255,1484,68268,46,258071
13883,0.000682,172.31.46.0-255,66,68334,46,258071
13884,0.000687,74.125.200.0-255,2902,71236,46,258071
13885,0.00069,172.31.46.0-255,66,71302,46,258071
13886,0.00072,74.125.200.0-255,5738,77040,46,258071
13887,0.000723,172.31.46.0-255,66,77106,46,258071
13888,0.000741,74.125.200.0-255,4320,81426,46,258071
13889,0.000744,172.31.46.0-255,66,81492,46,258071
13890,0.000762,74.125.200.0-255,3961,85453,46,258071
13891,0.000764,172.31.46.0-255,66,85519,46,258071
13892,0.00077,74.125.200.0-255,4320,89839,46,258071
13893,0.000773,172.31.46.0-255,66,89905,46,258071
13894,0.000795,74.125.200.0-255,4320,94225,46,258071
13895,0.000801,74.125.200.0-255,5738,99963,46,258071
13896,0.000806,172.31.46.0-255,66,100029,46,258071
13897,0.000808,172.31.46.0-255,66,100095,46,258071
13898,0.000832,74.125.200.0-255,1125,101220,46,258071
13899,0.001393,74.125.200.0-255,1484,102704,46,258071
13900,0.001398,172.31.46.0-255,66,102770,46,258071
13901,0.001403,74.125.200.0-255,2902,105672,46,258071
13902,0.001406,172.31.46.0-255,66,105738,46,258071
13903,0.001409,74.125.200.0-255,1484,107222,46,258071
13904,0.001436,74.125.200.0-255,4320,111542,46,258071
13905,0.001439,172.31.46.0-255,66,111608,46,258071
13906,0.001443,74.125.200.0-255,1484,113092,46,258071
13907,0.001472,172.31.46.0-255,66,113158,46,258071
13908,0.001483,172.31.46.0-255,66,113224,46,258071
13909,0.001497,74.125.200.0-255,2902,116126,46,258071
13910,0.001499,172.31.46.0-255,66,116192,46,258071
13911,0.001504,74.125.200.0-255,2184,118376,46,258071
13912,0.001505,172.31.46.0-255,66,118442,46,258071
13913,0.001887,74.125.200.0-255,1484,119926,46,258071
13914,0.001896,74.125.200.0-255,2902,122828,46,258071
13915,0.001901,172.31.46.0-255,66,122894,46,258071
13916,0.001907,74.125.200.0-255,4320,127214,46,258071
13917,0.001909,172.31.46.0-255,66,127280,46,258071
13918,0.001927,74.125.200.0-255,5738,133018,46,258071
13919,0.001929,172.31.46.0-255,66,133084,46,258071
13920,0.001953,74.125.200.0-255,2902,135986,46,258071
13921,0.001956,172.31.46.0-255,66,136052,46,258071
13922,0.001966,172.31.46.0-255,66,136118,46,258071
13923,0.002007,74.125.200.0-255,4320,140438,46,258071
13924,0.00201,172.31.46.0-255,66,140504,46,258071
13925,0.00203,74.125.200.0-255,3602,144106,46,258071
13926,0.002033,172.31.46.0-255,66,144172,46,258071
13927,0.004053,74.125.200.0-255,1484,145656,46,258071
13928,0.004099,74.125.200.0-255,4320,149976,46,258071
13929,0.004104,172.31.46.0-255,66,150042,46,258071
13930,0.006149,74.125.200.0-255,5738,155780,46,258071
13931,0.006152,172.31.46.0-255,66,155846,46,258071
13932,0.008195,74.125.200.0-255,5738,161584,46,258071
13933,0.008203,172.31.46.0-255,66,161650,46,258071
13934,0.010264,74.125.200.0-255,5738,167388,46,258071
13935,0.010272,172.31.46.0-255,66,167454,46,258071
13936,0.01233,74.125.200.0-255,5738,173192,46,258071
13937,0.012337,172.31.46.0-255,66,173258,46,258071
13938,0.014383,74.125.200.0-255,5738,178996,46,258071
13939,0.014392,172.31.46.0-255,66,179062,46,258071
13940,0.016429,74.125.200.0-255,5738,184800,46,258071
13941,0.016436,172.31.46.0-255,66,184866,46,258071
13942,0.018474,74.125.200.0-255,5738,190604,46,258071
13943,0.018481,172.31.46.0-255,66,190670,46,258071
13944,0.020536,74.125.200.0-255,5738,196408,46,258071
13945,0.020545,172.31.46.0-255,66,196474,46,258071
13946,0.022588,74.125.200.0-255,5738,202212,46,258071
13947,0.022597,172.31.46.0-255,66,202278,46,258071
13948,0.02464,74.125.200.0-255,5738,208016,46,258071
13949,0.024648,172.31.46.0-255,66,208082,46,258071
13950,0.026711,74.125.200.0-255,5738,213820,46,258071
13951,0.02672,172.31.46.0-255,66,213886,46,258071
13952,0.028762,74.125.200.0-255,5738,219624,46,258071
13953,0.02877,172.31.46.0-255,66,219690,46,258071
13954,0.03085,74.125.200.0-255,5738,225428,46,258071
13955,0.030857,172.31.46.0-255,66,225494,46,258071
13956,0.032926,74.125.200.0-255,5738,231232,46,258071
13957,0.032932,172.31.46.0-255,66,231298,46,258071
13958,0.033742,172.31.46.0-255,164,231462,46,258071
13959,0.033774,172.31.46.0-255,1127,232589,46,258071
13960,0.033842,172.31.46.0-255,1514,234103,46,258071
13961,0.033843,172.31.46.0-255,1514,235617,46,258071
13962,0.033845,172.31.46.0-255,1514,237131,46,258071
13963,0.033846,172.31.46.0-255,1514,238645,46,258071
13964,0.033847,172.31.46.0-255,1486,240131,46,258071
13965,0.034974,74.125.200.0-255,1484,241615,46,258071
13966,0.034997,74.125.200.0-255,4320,245935,46,258071
13967,0.035002,172.31.46.0-255,66,246001,46,258071
13968,0.035335,104.244.42.0-255,66,246067,46,258071
13969,0.035343,104.244.42.0-255,66,246133,46,258071
13970,0.035475,104.244.42.0-255,66,246199,46,258071
13971,0.037036,74.125.200.0-255,2902,249101,46,258071
13972,0.037042,172.31.46.0-255,66,249167,46,258071
13973,0.037062,74.125.200.0-255,2902,252069,46,258071
13974,0.037064,172.31.46.0-255,66,252135,46,258071
13975,0.039095,74.125.200.0-255,2902,255037,46,258071
13976,0.039101,172.31.46.0-255,66,255103,46,258071
13977,0.039126,74.125.200.0-255,2902,258005,46,258071
13978,0.039128,172.31.46.0-255,66,258071,46,258071
13979,0.0,74.125.24.0-255,146,146,46,273702
13980,2.2e-05,172.31.46.0-255,66,212,46,273702
13981,3e-05,74.125.24.0-255,1484,1696,46,273702
13982,3.4e-05,172.31.46.0-255,66,1762,46,273702
13983,3.9e-05,74.125.24.0-255,2902,4664,46,273702
13984,4.1e-05,172.31.46.0-255,66,4730,46,273702
13985,4.9e-05,74.125.24.0-255,7156,11886,46,273702
13986,5.3e-05,172.31.46.0-255,66,11952,46,273702
13987,9.1e-05,74.125.24.0-255,2042,13994,46,273702
13988,9.4e-05,172.31.46.0-255,66,14060,46,273702
13989,0.000118,74.125.24.0-255,2902,16962,46,273702
13990,0.000121,172.31.46.0-255,66,17028,46,273702
13991,0.000149,74.125.24.0-255,1484,18512,46,273702
13992,0.000152,172.31.46.0-255,66,18578,46,273702
13993,0.000173,74.125.24.0-255,5738,24316,46,273702
13994,0.000175,172.31.46.0-255,66,24382,46,273702
13995,0.000204,74.125.24.0-255,5738,30120,46,273702
13996,0.000209,172.31.46.0-255,66,30186,46,273702
13997,0.000217,74.125.24.0-255,1125,31311,46,273702
13998,0.000219,172.31.46.0-255,66,31377,46,273702
13999,0.000349,74.125.24.0-255,1484,32861,46,273702
14000,0.000354,172.31.46.0-255,66,32927,46,273702
14001,0.000361,74.125.24.0-255,2902,35829,46,273702
14002,0.000363,172.31.46.0-255,66,35895,46,273702
14003,0.000368,74.125.24.0-255,2902,38797,46,273702
14004,0.00037,172.31.46.0-255,66,38863,46,273702
14005,0.000396,74.125.24.0-255,2902,41765,46,273702
14006,0.000398,172.31.46.0-255,66,41831,46,273702
14007,0.000405,74.125.24.0-255,5738,47569,46,273702
14008,0.000407,172.31.46.0-255,66,47635,46,273702
14009,0.000429,74.125.24.0-255,1125,48760,46,273702
14010,0.000431,172.31.46.0-255,66,48826,46,273702
14011,0.000534,74.125.24.0-255,1484,50310,46,273702
14012,0.000539,74.125.24.0-255,1484,51794,46,273702
14013,0.000543,172.31.46.0-255,66,51860,46,273702
14014,0.000554,74.125.24.0-255,1484,53344,46,273702
14015,0.000559,74.125.24.0-255,2902,56246,46,273702
14016,0.000562,172.31.46.0-255,66,56312,46,273702
14017,0.000584,74.125.24.0-255,2902,59214,46,273702
14018,0.000587,172.31.46.0-255,66,59280,46,273702
14019,0.000604,74.125.24.0-255,1484,60764,46,273702
14020,0.000616,74.125.24.0-255,1484,62248,46,273702
14021,0.000618,172.31.46.0-255,66,62314,46,273702
14022,0.00064,74.125.24.0-255,4255,66569,46,273702
14023,0.000642,172.31.46.0-255,66,66635,46,273702
14024,0.000866,172.31.46.0-255,101,66736,46,273702
14025,0.001433,74.125.24.0-255,132,66868,46,273702
14026,0.001546,74.125.24.0-255,1484,68352,46,273702
14027,0.001552,172.31.46.0-255,66,68418,46,273702
14028,0.001559,74.125.24.0-255,2902,71320,46,273702
14029,0.001561,172.31.46.0-255,66,71386,46,273702
14030,0.001568,74.125.24.0-255,5738,77124,46,273702
14031,0.00157,172.31.46.0-255,66,77190,46,273702
14032,0.001574,74.125.24.0-255,1484,78674,46,273702
14033,0.001589,74.125.24.0-255,2902,81576,46,273702
14034,0.001592,172.31.46.0-255,66,81642,46,273702
14035,0.001614,74.125.24.0-255,2543,84185,46,273702
14036,0.001617,172.31.46.0-255,66,84251,46,273702
14037,0.001641,74.125.24.0-255,2902,87153,46,273702
14038,0.001643,172.31.46.0-255,66,87219,46,273702
14039,0.001679,172.31.46.0-255,66,87285,46,273702
14040,0.001683,74.125.24.0-255,2543,89828,46,273702
14041,0.001686,172.31.46.0-255,66,89894,46,273702
14042,0.001689,74.125.24.0-255,347,90241,46,273702
14043,0.001888,74.125.24.0-255,1484,91725,46,273702
14044,0.001894,172.31.46.0-255,66,91791,46,273702
14045,0.001899,74.125.24.0-255,2902,94693,46,273702
14046,0.001901,172.31.46.0-255,66,94759,46,273702
14047,0.001912,74.125.24.0-255,1484,96243,46,273702
14048,0.001931,74.125.24.0-255,4320,100563,46,273702
14049,0.001933,172.31.46.0-255,66,100629,46,273702
14050,0.001936,74.125.24.0-255,1484,102113,46,273702
14051,0.001953,74.125.24.0-255,4320,106433,46,273702
14052,0.001954,172.31.46.0-255,66,106499,46,273702
14053,0.001961,74.125.24.0-255,7156,113655,46,273702
14054,0.001963,172.31.46.0-255,66,113721,46,273702
14055,0.001986,74.125.24.0-255,2902,116623,46,273702
14056,0.001987,172.31.46.0-255,66,116689,46,273702
14057,0.002004,74.125.24.0-255,2902,119591,46,273702
14058,0.002005,172.31.46.0-255,66,119657,46,273702
14059,0.002024,74.125.24.0-255,5020,124677,46,273702
14060,0.002028,172.31.46.0-255,66,124743,46,273702
14061,0.002111,74.125.24.0-255,1484,126227,46,273702
14062,0.002114,74.125.24.0-255,1484,127711,46,273702
14063,0.002116,172.31.46.0-255,66,127777,46,273702
14064,0.002132,74.125.24.0-255,1484,129261,46,273702
14065,0.002137,74.125.24.0-255,4320,133581,46,273702
14066,0.00214,172.31.46.0-255,66,133647,46,273702
14067,0.002149,74.125.24.0-255,1484,135131,46,273702
14068,0.002155,74.125.24.0-255,5738,140869,46,273702
14069,0.002157,172.31.46.0-255,66,140935,46,273702
14070,0.002168,74.125.24.0-255,2902,143837,46,273702
14071,0.00217,172.31.46.0-255,66,143903,46,273702
14072,0.002181,74.125.24.0-255,2902,146805,46,273702
14073,0.002183,172.31.46.0-255,66,146871,46,273702
14074,0.002219,172.31.46.0-255,66,146937,46,273702
14075,0.002228,172.31.46.0-255,66,147003,46,273702
14076,0.002259,74.125.24.0-255,1484,148487,46,273702
14077,0.002315,74.125.24.0-255,2184,150671,46,273702
14078,0.002358,74.125.24.0-255,2902,153573,46,273702
14079,0.002371,74.125.24.0-255,2902,156475,46,273702
14080,0.002382,74.125.24.0-255,1484,157959,46,273702
14081,0.002416,74.125.24.0-255,3602,161561,46,273702
14082,0.002423,74.125.24.0-255,7156,168717,46,273702
14083,0.00244,74.125.24.0-255,5738,174455,46,273702
14084,0.002473,74.125.24.0-255,4320,178775,46,273702
14085,0.002487,74.125.24.0-255,766,179541,46,273702
14086,0.002678,74.125.24.0-255,1484,181025,46,273702
14087,0.002682,74.125.24.0-255,2902,183927,46,273702
14088,0.002703,74.125.24.0-255,5738,189665,46,273702
14089,0.002727,74.125.24.0-255,7156,196821,46,273702
14090,0.002729,74.125.24.0-255,1484,198305,46,273702
14091,0.002768,74.125.24.0-255,2902,201207,46,273702
14092,0.002778,74.125.24.0-255,1484,202691,46,273702
14093,0.002782,74.125.24.0-255,2184,204875,46,273702
14094,0.002944,74.125.24.0-255,1484,206359,46,273702
14095,0.002949,74.125.24.0-255,2902,209261,46,273702
14096,0.002961,74.125.24.0-255,2902,212163,46,273702
14097,0.002973,74.125.24.0-255,2902,215065,46,273702
14098,0.002989,74.125.24.0-255,4320,219385,46,273702
14099,0.003013,74.125.24.0-255,1484,220869,46,273702
14100,0.003017,74.125.24.0-255,4320,225189,46,273702
14101,0.00303,74.125.24.0-255,1484,226673,46,273702
14102,0.003064,74.125.24.0-255,1484,228157,46,273702
14103,0.003077,74.125.24.0-255,4320,232477,46,273702
14104,0.003087,74.125.24.0-255,2902,235379,46,273702
14105,0.003106,74.125.24.0-255,5020,240399,46,273702
14106,0.00313,74.125.24.0-255,2902,243301,46,273702
14107,0.003132,74.125.24.0-255,1484,244785,46,273702
14108,0.00316,74.125.24.0-255,5738,250523,46,273702
14109,0.003182,74.125.24.0-255,4320,254843,46,273702
14110,0.003187,74.125.24.0-255,5738,260581,46,273702
14111,0.003217,74.125.24.0-255,1484,262065,46,273702
14112,0.003232,74.125.24.0-255,2190,264255,46,273702
14113,0.003234,74.125.24.0-255,66,264321,46,273702
14114,0.003251,74.125.24.0-255,105,264426,46,273702
14115,0.005341,172.31.46.0-255,66,264492,46,273702
14116,0.007643,172.31.46.0-255,105,264597,46,273702
14117,0.015222,74.125.24.0-255,66,264663,46,273702
14118,0.031946,172.31.46.0-255,172,264835,46,273702
14119,0.031979,172.31.46.0-255,1118,265953,46,273702
14120,0.032038,172.31.46.0-255,1514,267467,46,273702
14121,0.03204,172.31.46.0-255,1514,268981,46,273702
14122,0.032041,172.31.46.0-255,1514,270495,46,273702
14123,0.032045,172.31.46.0-255,1514,272009,46,273702
14124,0.032046,172.31.46.0-255,1495,273504,46,273702
14125,0.033612,104.244.42.0-255,66,273570,46,273702
14126,0.033644,104.244.42.0-255,66,273636,46,273702
14127,0.033751,104.244.42.0-255,66,273702,46,273702
14128,0.0,172.217.194.0-255,153,153,46,284997
14129,2.8e-05,172.31.46.0-255,66,219,46,284997
14130,3.5e-05,172.217.194.0-255,1484,1703,46,284997
14131,3.9e-05,172.31.46.0-255,66,1769,46,284997
14132,4.4e-05,172.217.194.0-255,2902,4671,46,284997
14133,4.7e-05,172.31.46.0-255,66,4737,46,284997
14134,5e-05,172.217.194.0-255,1484,6221,46,284997
14135,5.2e-05,172.31.46.0-255,66,6287,46,284997
14136,8.2e-05,172.217.194.0-255,5738,12025,46,284997
14137,8.5e-05,172.31.46.0-255,66,12091,46,284997
14138,8.9e-05,172.217.194.0-255,2040,14131,46,284997
14139,9.1e-05,172.31.46.0-255,66,14197,46,284997
14140,0.000164,172.217.194.0-255,2902,17099,46,284997
14141,0.000168,172.31.46.0-255,66,17165,46,284997
14142,0.000175,172.217.194.0-255,4320,21485,46,284997
14143,0.000177,172.31.46.0-255,66,21551,46,284997
14144,0.000182,172.217.194.0-255,4320,25871,46,284997
14145,0.000184,172.31.46.0-255,66,25937,46,284997
14146,0.000204,172.217.194.0-255,4320,30257,46,284997
14147,0.000206,172.31.46.0-255,66,30323,46,284997
14148,0.000243,172.31.46.0-255,66,30389,46,284997
14149,0.000246,172.217.194.0-255,1484,31873,46,284997
14150,0.000248,172.31.46.0-255,66,31939,46,284997
14151,0.000269,172.217.194.0-255,6438,38377,46,284997
14152,0.000271,172.31.46.0-255,66,38443,46,284997
14153,0.000351,172.217.194.0-255,1484,39927,46,284997
14154,0.000355,172.31.46.0-255,66,39993,46,284997
14155,0.00037,172.217.194.0-255,2902,42895,46,284997
14156,0.000372,172.31.46.0-255,66,42961,46,284997
14157,0.000399,172.217.194.0-255,4320,47281,46,284997
14158,0.000401,172.31.46.0-255,66,47347,46,284997
14159,0.000433,172.217.194.0-255,5738,53085,46,284997
14160,0.000436,172.31.46.0-255,66,53151,46,284997
14161,0.000454,172.217.194.0-255,2813,55964,46,284997
14162,0.000456,172.31.46.0-255,66,56030,46,284997
14163,0.000824,172.217.194.0-255,1484,57514,46,284997
14164,0.00084,172.217.194.0-255,2902,60416,46,284997
14165,0.000845,172.31.46.0-255,66,60482,46,284997
14166,0.000867,172.217.194.0-255,5738,66220,46,284997
14167,0.00087,172.31.46.0-255,66,66286,46,284997
14168,0.000884,172.217.194.0-255,1484,67770,46,284997
14169,0.0009,172.217.194.0-255,5738,73508,46,284997
14170,0.000902,172.31.46.0-255,66,73574,46,284997
14171,0.000926,172.217.194.0-255,5738,79312,46,284997
14172,0.000928,172.31.46.0-255,66,79378,46,284997
14173,0.000934,172.217.194.0-255,4320,83698,46,284997
14174,0.000938,172.31.46.0-255,66,83764,46,284997
14175,0.000992,172.217.194.0-255,4320,88084,46,284997
14176,0.000997,172.31.46.0-255,66,88150,46,284997
14177,0.001025,172.217.194.0-255,6438,94588,46,284997
14178,0.001027,172.31.46.0-255,66,94654,46,284997
14179,0.00104,172.31.46.0-255,66,94720,46,284997
14180,0.001046,172.217.194.0-255,7156,101876,46,284997
14181,0.00105,172.31.46.0-255,66,101942,46,284997
14182,0.001081,172.217.194.0-255,1484,103426,46,284997
14183,0.001125,172.31.46.0-255,66,103492,46,284997
14184,0.00114,172.31.46.0-255,66,103558,46,284997
14185,0.001147,172.217.194.0-255,5738,109296,46,284997
14186,0.001149,172.31.46.0-255,66,109362,46,284997
14187,0.001182,172.31.46.0-255,66,109428,46,284997
14188,0.001227,172.217.194.0-255,2902,112330,46,284997
14189,0.001231,172.31.46.0-255,66,112396,46,284997
14190,0.001246,172.217.194.0-255,4320,116716,46,284997
14191,0.001249,172.31.46.0-255,66,116782,46,284997
14192,0.001256,172.217.194.0-255,7156,123938,46,284997
14193,0.001258,172.31.46.0-255,66,124004,46,284997
14194,0.00128,172.217.194.0-255,1484,125488,46,284997
14195,0.001285,172.217.194.0-255,2902,128390,46,284997
14196,0.001299,172.31.46.0-255,66,128456,46,284997
14197,0.001319,172.217.194.0-255,2184,130640,46,284997
14198,0.001325,172.31.46.0-255,66,130706,46,284997
14199,0.001406,172.217.194.0-255,1484,132190,46,284997
14200,0.001412,172.217.194.0-255,2902,135092,46,284997
14201,0.001427,172.31.46.0-255,66,135158,46,284997
14202,0.00143,172.217.194.0-255,1484,136642,46,284997
14203,0.001447,172.217.194.0-255,4320,140962,46,284997
14204,0.001461,172.31.46.0-255,66,141028,46,284997
14205,0.001482,172.217.194.0-255,5738,146766,46,284997
14206,0.001496,172.217.194.0-255,2902,149668,46,284997
14207,0.001501,172.31.46.0-255,66,149734,46,284997
14208,0.001513,172.217.194.0-255,2902,152636,46,284997
14209,0.001527,172.217.194.0-255,4320,156956,46,284997
14210,0.001544,172.217.194.0-255,2902,159858,46,284997
14211,0.001548,172.31.46.0-255,66,159924,46,284997
14212,0.001552,172.31.46.0-255,66,159990,46,284997
14213,0.001566,172.217.194.0-255,1484,161474,46,284997
14214,0.001583,172.217.194.0-255,6438,167912,46,284997
14215,0.001588,172.217.194.0-255,2902,170814,46,284997
14216,0.001593,172.31.46.0-255,66,170880,46,284997
14217,0.001614,172.217.194.0-255,5738,176618,46,284997
14218,0.001627,172.217.194.0-255,1484,178102,46,284997
14219,0.001641,172.31.46.0-255,66,178168,46,284997
14220,0.001659,172.217.194.0-255,7156,185324,46,284997
14221,0.001665,172.217.194.0-255,4320,189644,46,284997
14222,0.001669,172.31.46.0-255,66,189710,46,284997
14223,0.001683,172.217.194.0-255,5738,195448,46,284997
14224,0.001688,172.217.194.0-255,3602,199050,46,284997
14225,0.001711,172.31.46.0-255,66,199116,46,284997
14226,0.001764,172.217.194.0-255,1484,200600,46,284997
14227,0.00177,172.217.194.0-255,2902,203502,46,284997
14228,0.001774,172.31.46.0-255,66,203568,46,284997
14229,0.001786,172.217.194.0-255,5738,209306,46,284997
14230,0.001815,172.217.194.0-255,5738,215044,46,284997
14231,0.001819,172.31.46.0-255,66,215110,46,284997
14232,0.001824,172.31.46.0-255,66,215176,46,284997
14233,0.001842,172.217.194.0-255,7156,222332,46,284997
14234,0.001872,172.31.46.0-255,66,222398,46,284997
14235,0.001891,172.217.194.0-255,2902,225300,46,284997
14236,0.001898,172.31.46.0-255,66,225366,46,284997
14237,0.002005,172.217.194.0-255,2902,228268,46,284997
14238,0.002011,172.217.194.0-255,3602,231870,46,284997
14239,0.002022,172.31.46.0-255,66,231936,46,284997
14240,0.002381,172.217.194.0-255,1484,233420,46,284997
14241,0.002396,172.217.194.0-255,2902,236322,46,284997
14242,0.0024,172.31.46.0-255,66,236388,46,284997
14243,0.002425,172.217.194.0-255,5738,242126,46,284997
14244,0.002436,172.31.46.0-255,66,242192,46,284997
14245,0.002456,172.31.46.0-255,66,242258,46,284997
14246,0.002488,172.217.194.0-255,2902,245160,46,284997
14247,0.002496,172.217.194.0-255,7156,252316,46,284997
14248,0.0025,172.217.194.0-255,3602,255918,46,284997
14249,0.002506,172.31.46.0-255,66,255984,46,284997
14250,0.004947,172.217.194.0-255,5738,261722,46,284997
14251,0.004955,172.31.46.0-255,66,261788,46,284997
14252,0.007391,172.217.194.0-255,4320,266108,46,284997
14253,0.007397,172.31.46.0-255,66,266174,46,284997
14254,0.007415,172.217.194.0-255,1484,267658,46,284997
14255,0.009858,172.217.194.0-255,4320,271978,46,284997
14256,0.009865,172.31.46.0-255,66,272044,46,284997
14257,0.012297,172.217.194.0-255,3875,275919,46,284997
14258,0.012305,172.31.46.0-255,66,275985,46,284997
14259,0.012827,172.31.46.0-255,105,276090,46,284997
14260,0.015198,172.217.194.0-255,66,276156,46,284997
14261,0.039166,172.31.46.0-255,172,276328,46,284997
14262,0.0392,172.31.46.0-255,1118,277446,46,284997
14263,0.039284,172.31.46.0-255,1514,278960,46,284997
14264,0.039286,172.31.46.0-255,1514,280474,46,284997
14265,0.039293,172.31.46.0-255,1514,281988,46,284997
14266,0.039295,172.31.46.0-255,1514,283502,46,284997
14267,0.039327,172.31.46.0-255,1495,284997,46,284997
14268,0.0,172.217.194.0-255,153,153,46,235861
14269,2.2e-05,172.31.46.0-255,66,219,46,235861
14270,2.8e-05,172.217.194.0-255,1484,1703,46,235861
14271,3.2e-05,172.31.46.0-255,66,1769,46,235861
14272,4.4e-05,172.217.194.0-255,2902,4671,46,235861
14273,4.7e-05,172.31.46.0-255,66,4737,46,235861
14274,5.4e-05,172.217.194.0-255,7156,11893,46,235861
14275,5.6e-05,172.31.46.0-255,66,11959,46,235861
14276,6e-05,172.217.194.0-255,2100,14059,46,235861
14277,6.2e-05,172.31.46.0-255,66,14125,46,235861
14278,0.000101,172.217.194.0-255,4320,18445,46,235861
14279,0.000104,172.31.46.0-255,66,18511,46,235861
14280,0.000131,172.217.194.0-255,5738,24249,46,235861
14281,0.000133,172.31.46.0-255,66,24315,46,235861
14282,0.000162,172.217.194.0-255,6797,31112,46,235861
14283,0.000165,172.31.46.0-255,66,31178,46,235861
14284,0.000193,172.217.194.0-255,1484,32662,46,235861
14285,0.000195,172.31.46.0-255,66,32728,46,235861
14286,0.000224,172.217.194.0-255,2902,35630,46,235861
14287,0.000225,172.31.46.0-255,66,35696,46,235861
14288,0.000232,172.217.194.0-255,5738,41434,46,235861
14289,0.000234,172.31.46.0-255,66,41500,46,235861
14290,0.00026,172.31.46.0-255,66,41566,46,235861
14291,0.000288,172.217.194.0-255,5379,46945,46,235861
14292,0.000291,172.31.46.0-255,66,47011,46,235861
14293,0.000301,172.31.46.0-255,66,47077,46,235861
14294,0.000307,172.217.194.0-255,433,47510,46,235861
14295,0.000308,172.31.46.0-255,66,47576,46,235861
14296,0.000501,172.217.194.0-255,1484,49060,46,235861
14297,0.000505,172.31.46.0-255,66,49126,46,235861
14298,0.000512,172.217.194.0-255,2902,52028,46,235861
14299,0.000514,172.31.46.0-255,66,52094,46,235861
14300,0.000523,172.217.194.0-255,4320,56414,46,235861
14301,0.000525,172.31.46.0-255,66,56480,46,235861
14302,0.000547,172.217.194.0-255,1484,57964,46,235861
14303,0.000549,172.31.46.0-255,66,58030,46,235861
14304,0.000566,172.31.46.0-255,66,58096,46,235861
14305,0.000569,172.217.194.0-255,1484,59580,46,235861
14306,0.00057,172.31.46.0-255,66,59646,46,235861
14307,0.000612,172.31.46.0-255,66,59712,46,235861
14308,0.001005,172.217.194.0-255,1484,61196,46,235861
14309,0.001008,172.217.194.0-255,1484,62680,46,235861
14310,0.001014,172.31.46.0-255,66,62746,46,235861
14311,0.001017,172.31.46.0-255,66,62812,46,235861
14312,0.001025,172.217.194.0-255,1484,64296,46,235861
14313,0.001028,172.31.46.0-255,66,64362,46,235861
14314,0.001039,172.217.194.0-255,5738,70100,46,235861
14315,0.001041,172.31.46.0-255,66,70166,46,235861
14316,0.001045,172.217.194.0-255,2902,73068,46,235861
14317,0.001048,172.31.46.0-255,66,73134,46,235861
14318,0.001092,172.31.46.0-255,66,73200,46,235861
14319,0.001108,172.31.46.0-255,66,73266,46,235861
14320,0.001214,172.217.194.0-255,1484,74750,46,235861
14321,0.001218,172.31.46.0-255,66,74816,46,235861
14322,0.001223,172.217.194.0-255,2902,77718,46,235861
14323,0.001225,172.31.46.0-255,66,77784,46,235861
14324,0.001262,172.217.194.0-255,5738,83522,46,235861
14325,0.001266,172.31.46.0-255,66,83588,46,235861
14326,0.001288,172.31.46.0-255,66,83654,46,235861
14327,0.00133,172.31.46.0-255,66,83720,46,235861
14328,0.001364,172.217.194.0-255,1484,85204,46,235861
14329,0.001369,172.217.194.0-255,2902,88106,46,235861
14330,0.001381,172.31.46.0-255,66,88172,46,235861
14331,0.001386,172.217.194.0-255,2902,91074,46,235861
14332,0.001391,172.31.46.0-255,66,91140,46,235861
14333,0.001408,172.217.194.0-255,2902,94042,46,235861
14334,0.001413,172.217.194.0-255,4320,98362,46,235861
14335,0.001469,172.31.46.0-255,66,98428,46,235861
14336,0.001524,172.217.194.0-255,1484,99912,46,235861
14337,0.001528,172.217.194.0-255,1484,101396,46,235861
14338,0.001536,172.31.46.0-255,66,101462,46,235861
14339,0.001555,172.217.194.0-255,1484,102946,46,235861
14340,0.001562,172.217.194.0-255,5738,108684,46,235861
14341,0.001589,172.217.194.0-255,2902,111586,46,235861
14342,0.00161,172.31.46.0-255,66,111652,46,235861
14343,0.001614,172.217.194.0-255,2184,113836,46,235861
14344,0.001619,172.31.46.0-255,66,113902,46,235861
14345,0.001822,172.217.194.0-255,1484,115386,46,235861
14346,0.001829,172.217.194.0-255,2902,118288,46,235861
14347,0.001845,172.31.46.0-255,66,118354,46,235861
14348,0.001857,172.217.194.0-255,5738,124092,46,235861
14349,0.001874,172.217.194.0-255,2902,126994,46,235861
14350,0.001916,172.217.194.0-255,7156,134150,46,235861
14351,0.001939,172.31.46.0-255,66,134216,46,235861
14352,0.00195,172.217.194.0-255,1484,135700,46,235861
14353,0.001978,172.217.194.0-255,3602,139302,46,235861
14354,0.001984,172.217.194.0-255,5738,145040,46,235861
14355,0.002005,172.217.194.0-255,5738,150778,46,235861
14356,0.002012,172.31.46.0-255,66,150844,46,235861
14357,0.002022,172.217.194.0-255,5738,156582,46,235861
14358,0.002031,172.31.46.0-255,66,156648,46,235861
14359,0.002071,172.31.46.0-255,66,156714,46,235861
14360,0.002082,172.217.194.0-255,4320,161034,46,235861
14361,0.002089,172.217.194.0-255,5738,166772,46,235861
14362,0.002102,172.217.194.0-255,766,167538,46,235861
14363,0.002109,172.217.194.0-255,7156,174694,46,235861
14364,0.002114,172.31.46.0-255,66,174760,46,235861
14365,0.006462,172.31.46.0-255,66,174826,46,235861
14366,0.00857,172.217.194.0-255,5738,180564,46,235861
14367,0.008578,172.31.46.0-255,66,180630,46,235861
14368,0.010655,172.217.194.0-255,5738,186368,46,235861
14369,0.010661,172.31.46.0-255,66,186434,46,235861
14370,0.012729,172.217.194.0-255,5738,192172,46,235861
14371,0.012736,172.31.46.0-255,66,192238,46,235861
14372,0.014827,172.217.194.0-255,5738,197976,46,235861
14373,0.014834,172.31.46.0-255,66,198042,46,235861
14374,0.016929,172.217.194.0-255,5738,203780,46,235861
14375,0.016938,172.31.46.0-255,66,203846,46,235861
14376,0.019024,172.217.194.0-255,5738,209584,46,235861
14377,0.019031,172.31.46.0-255,66,209650,46,235861
14378,0.02112,172.217.194.0-255,5738,215388,46,235861
14379,0.021126,172.31.46.0-255,66,215454,46,235861
14380,0.023196,172.217.194.0-255,5738,221192,46,235861
14381,0.023202,172.31.46.0-255,66,221258,46,235861
14382,0.025296,172.217.194.0-255,5526,226784,46,235861
14383,0.025301,172.31.46.0-255,66,226850,46,235861
14384,0.02547,172.31.46.0-255,105,226955,46,235861
14385,0.027524,172.217.194.0-255,66,227021,46,235861
14386,0.038591,172.31.46.0-255,172,227193,46,235861
14387,0.038626,172.31.46.0-255,1114,228307,46,235861
14388,0.038692,172.31.46.0-255,1514,229821,46,235861
14389,0.038694,172.31.46.0-255,1514,231335,46,235861
14390,0.038699,172.31.46.0-255,1514,232849,46,235861
14391,0.0387,172.31.46.0-255,1514,234363,46,235861
14392,0.038729,172.31.46.0-255,1498,235861,46,235861
14393,0.0,74.125.24.0-255,153,153,46,228135
14394,2.2e-05,172.31.46.0-255,66,219,46,228135
14395,2.9e-05,74.125.24.0-255,1484,1703,46,228135
14396,3.2e-05,172.31.46.0-255,66,1769,46,228135
14397,3.8e-05,74.125.24.0-255,2902,4671,46,228135
14398,4.8e-05,172.31.46.0-255,66,4737,46,228135
14399,5.5e-05,74.125.24.0-255,7156,11893,46,228135
14400,5.8e-05,172.31.46.0-255,66,11959,46,228135
14401,6.2e-05,74.125.24.0-255,2006,13965,46,228135
14402,6.4e-05,172.31.46.0-255,66,14031,46,228135
14403,0.000137,74.125.24.0-255,1484,15515,46,228135
14404,0.000139,172.31.46.0-255,66,15581,46,228135
14405,0.000143,74.125.24.0-255,1484,17065,46,228135
14406,0.000145,172.31.46.0-255,66,17131,46,228135
14407,0.000163,74.125.24.0-255,1484,18615,46,228135
14408,0.000165,172.31.46.0-255,66,18681,46,228135
14409,0.000167,74.125.24.0-255,1484,20165,46,228135
14410,0.000173,172.31.46.0-255,66,20231,46,228135
14411,0.000197,74.125.24.0-255,4320,24551,46,228135
14412,0.000199,172.31.46.0-255,66,24617,46,228135
14413,0.000233,74.125.24.0-255,6797,31414,46,228135
14414,0.000235,172.31.46.0-255,66,31480,46,228135
14415,0.00032,74.125.24.0-255,1484,32964,46,228135
14416,0.000323,172.31.46.0-255,66,33030,46,228135
14417,0.000328,74.125.24.0-255,2902,35932,46,228135
14418,0.00033,172.31.46.0-255,66,35998,46,228135
14419,0.000355,74.125.24.0-255,5738,41736,46,228135
14420,0.000357,172.31.46.0-255,66,41802,46,228135
14421,0.000387,74.125.24.0-255,6797,48599,46,228135
14422,0.00039,172.31.46.0-255,66,48665,46,228135
14423,0.00078,74.125.24.0-255,1484,50149,46,228135
14424,0.000785,172.31.46.0-255,66,50215,46,228135
14425,0.000792,74.125.24.0-255,2902,53117,46,228135
14426,0.000794,172.31.46.0-255,66,53183,46,228135
14427,0.000807,74.125.24.0-255,5738,58921,46,228135
14428,0.000809,172.31.46.0-255,66,58987,46,228135
14429,0.000812,74.125.24.0-255,1484,60471,46,228135
14430,0.000844,74.125.24.0-255,2902,63373,46,228135
14431,0.000848,172.31.46.0-255,66,63439,46,228135
14432,0.000865,74.125.24.0-255,2543,65982,46,228135
14433,0.000867,172.31.46.0-255,66,66048,46,228135
14434,0.000905,74.125.24.0-255,1484,67532,46,228135
14435,0.000918,74.125.24.0-255,1484,69016,46,228135
14436,0.000921,172.31.46.0-255,66,69082,46,228135
14437,0.000925,74.125.24.0-255,1484,70566,46,228135
14438,0.000951,74.125.24.0-255,2902,73468,46,228135
14439,0.000953,172.31.46.0-255,66,73534,46,228135
14440,0.000968,172.31.46.0-255,66,73600,46,228135
14441,0.00097,74.125.24.0-255,1125,74725,46,228135
14442,0.001014,74.125.24.0-255,1484,76209,46,228135
14443,0.001016,172.31.46.0-255,66,76275,46,228135
14444,0.001034,74.125.24.0-255,2902,79177,46,228135
14445,0.001037,172.31.46.0-255,66,79243,46,228135
14446,0.001041,74.125.24.0-255,2902,82145,46,228135
14447,0.001043,172.31.46.0-255,66,82211,46,228135
14448,0.001071,74.125.24.0-255,2902,85113,46,228135
14449,0.001073,172.31.46.0-255,66,85179,46,228135
14450,0.001081,74.125.24.0-255,6797,91976,46,228135
14451,0.001083,172.31.46.0-255,66,92042,46,228135
14452,0.001117,74.125.24.0-255,647,92689,46,228135
14453,0.00142,74.125.24.0-255,1484,94173,46,228135
14454,0.001424,74.125.24.0-255,2902,97075,46,228135
14455,0.001429,172.31.46.0-255,66,97141,46,228135
14456,0.001433,172.31.46.0-255,66,97207,46,228135
14457,0.001449,74.125.24.0-255,5738,102945,46,228135
14458,0.001451,172.31.46.0-255,66,103011,46,228135
14459,0.001456,74.125.24.0-255,2902,105913,46,228135
14460,0.001461,172.31.46.0-255,66,105979,46,228135
14461,0.001502,172.31.46.0-255,66,106045,46,228135
14462,0.001515,172.31.46.0-255,66,106111,46,228135
14463,0.002076,74.125.24.0-255,1484,107595,46,228135
14464,0.002085,74.125.24.0-255,1484,109079,46,228135
14465,0.002088,172.31.46.0-255,66,109145,46,228135
14466,0.002122,74.125.24.0-255,1484,110629,46,228135
14467,0.002129,74.125.24.0-255,5738,116367,46,228135
14468,0.002132,172.31.46.0-255,66,116433,46,228135
14469,0.002177,172.31.46.0-255,66,116499,46,228135
14470,0.002204,74.125.24.0-255,4320,120819,46,228135
14471,0.002207,172.31.46.0-255,66,120885,46,228135
14472,0.002222,172.31.46.0-255,66,120951,46,228135
14473,0.002226,74.125.24.0-255,2184,123135,46,228135
14474,0.002228,172.31.46.0-255,66,123201,46,228135
14475,0.002334,74.125.24.0-255,1484,124685,46,228135
14476,0.00235,74.125.24.0-255,2902,127587,46,228135
14477,0.002353,172.31.46.0-255,66,127653,46,228135
14478,0.00236,74.125.24.0-255,4320,131973,46,228135
14479,0.002362,172.31.46.0-255,66,132039,46,228135
14480,0.002391,74.125.24.0-255,1484,133523,46,228135
14481,0.002402,172.31.46.0-255,66,133589,46,228135
14482,0.002427,74.125.24.0-255,5738,139327,46,228135
14483,0.002429,172.31.46.0-255,66,139393,46,228135
14484,0.002456,172.31.46.0-255,66,139459,46,228135
14485,0.00246,74.125.24.0-255,2902,142361,46,228135
14486,0.002462,172.31.46.0-255,66,142427,46,228135
14487,0.004898,74.125.24.0-255,5738,148165,46,228135
14488,0.004905,172.31.46.0-255,66,148231,46,228135
14489,0.007316,74.125.24.0-255,5738,153969,46,228135
14490,0.007323,172.31.46.0-255,66,154035,46,228135
14491,0.009745,74.125.24.0-255,5738,159773,46,228135
14492,0.009753,172.31.46.0-255,66,159839,46,228135
14493,0.012172,74.125.24.0-255,5738,165577,46,228135
14494,0.012181,172.31.46.0-255,66,165643,46,228135
14495,0.014595,74.125.24.0-255,5738,171381,46,228135
14496,0.014603,172.31.46.0-255,66,171447,46,228135
14497,0.017013,74.125.24.0-255,5738,177185,46,228135
14498,0.017022,172.31.46.0-255,66,177251,46,228135
14499,0.019446,74.125.24.0-255,5738,182989,46,228135
14500,0.019454,172.31.46.0-255,66,183055,46,228135
14501,0.021872,74.125.24.0-255,4320,187375,46,228135
14502,0.021878,172.31.46.0-255,66,187441,46,228135
14503,0.021907,74.125.24.0-255,1484,188925,46,228135
14504,0.024295,74.125.24.0-255,4320,193245,46,228135
14505,0.0243,172.31.46.0-255,66,193311,46,228135
14506,0.026724,74.125.24.0-255,5738,199049,46,228135
14507,0.026743,172.31.46.0-255,66,199115,46,228135
14508,0.029169,74.125.24.0-255,5738,204853,46,228135
14509,0.029185,172.31.46.0-255,66,204919,46,228135
14510,0.031618,74.125.24.0-255,5738,210657,46,228135
14511,0.031634,172.31.46.0-255,66,210723,46,228135
14512,0.034078,74.125.24.0-255,5738,216461,46,228135
14513,0.034096,172.31.46.0-255,66,216527,46,228135
14514,0.036516,74.125.24.0-255,5738,222265,46,228135
14515,0.036526,172.31.46.0-255,66,222331,46,228135
14516,0.038944,74.125.24.0-255,5738,228069,46,228135
14517,0.038952,172.31.46.0-255,66,228135,46,228135
14518,0.0,74.125.200.0-255,153,153,46,335731
14519,2e-05,172.31.46.0-255,66,219,46,335731
14520,2.6e-05,74.125.200.0-255,1484,1703,46,335731
14521,3e-05,172.31.46.0-255,66,1769,46,335731
14522,6.1e-05,74.125.200.0-255,2902,4671,46,335731
14523,6.4e-05,172.31.46.0-255,66,4737,46,335731
14524,7.1e-05,74.125.200.0-255,7156,11893,46,335731
14525,7.3e-05,172.31.46.0-255,66,11959,46,335731
14526,9.9e-05,172.31.46.0-255,66,12025,46,335731
14527,0.000116,74.125.200.0-255,1484,13509,46,335731
14528,0.000118,172.31.46.0-255,66,13575,46,335731
14529,0.000133,74.125.200.0-255,1484,15059,46,335731
14530,0.000135,172.31.46.0-255,66,15125,46,335731
14531,0.000152,74.125.200.0-255,5738,20863,46,335731
14532,0.000154,172.31.46.0-255,66,20929,46,335731
14533,0.000172,74.125.200.0-255,2543,23472,46,335731
14534,0.000173,172.31.46.0-255,66,23538,46,335731
14535,0.000198,74.125.200.0-255,2902,26440,46,335731
14536,0.0002,172.31.46.0-255,66,26506,46,335731
14537,0.000214,74.125.200.0-255,2902,29408,46,335731
14538,0.000216,172.31.46.0-255,66,29474,46,335731
14539,0.000222,74.125.200.0-255,7156,36630,46,335731
14540,0.000224,172.31.46.0-255,66,36696,46,335731
14541,0.000259,74.125.200.0-255,1484,38180,46,335731
14542,0.000261,172.31.46.0-255,66,38246,46,335731
14543,0.00028,74.125.200.0-255,2543,40789,46,335731
14544,0.000282,172.31.46.0-255,66,40855,46,335731
14545,0.000923,74.125.200.0-255,1484,42339,46,335731
14546,0.000928,172.31.46.0-255,66,42405,46,335731
14547,0.000936,74.125.200.0-255,2902,45307,46,335731
14548,0.000938,172.31.46.0-255,66,45373,46,335731
14549,0.000944,74.125.200.0-255,5738,51111,46,335731
14550,0.000946,172.31.46.0-255,66,51177,46,335731
14551,0.000965,74.125.200.0-255,4320,55497,46,335731
14552,0.000967,172.31.46.0-255,66,55563,46,335731
14553,0.000989,74.125.200.0-255,2543,58106,46,335731
14554,0.000991,172.31.46.0-255,66,58172,46,335731
14555,0.001048,74.125.200.0-255,1484,59656,46,335731
14556,0.001065,74.125.200.0-255,1484,61140,46,335731
14557,0.001068,172.31.46.0-255,66,61206,46,335731
14558,0.001086,74.125.200.0-255,2902,64108,46,335731
14559,0.001088,172.31.46.0-255,66,64174,46,335731
14560,0.001101,74.125.200.0-255,4320,68494,46,335731
14561,0.001103,172.31.46.0-255,66,68560,46,335731
14562,0.001118,74.125.200.0-255,1484,70044,46,335731
14563,0.001122,74.125.200.0-255,1484,71528,46,335731
14564,0.001123,172.31.46.0-255,66,71594,46,335731
14565,0.001127,74.125.200.0-255,2902,74496,46,335731
14566,0.001129,172.31.46.0-255,66,74562,46,335731
14567,0.001166,74.125.200.0-255,6797,81359,46,335731
14568,0.001168,172.31.46.0-255,66,81425,46,335731
14569,0.001189,74.125.200.0-255,7156,88581,46,335731
14570,0.001191,172.31.46.0-255,66,88647,46,335731
14571,0.001239,74.125.200.0-255,4542,93189,46,335731
14572,0.001242,172.31.46.0-255,66,93255,46,335731
14573,0.001321,74.125.200.0-255,1484,94739,46,335731
14574,0.001338,74.125.200.0-255,2902,97641,46,335731
14575,0.00134,172.31.46.0-255,66,97707,46,335731
14576,0.001344,74.125.200.0-255,1484,99191,46,335731
14577,0.001361,74.125.200.0-255,4320,103511,46,335731
14578,0.001364,172.31.46.0-255,66,103577,46,335731
14579,0.001366,74.125.200.0-255,1484,105061,46,335731
14580,0.001382,74.125.200.0-255,1484,106545,46,335731
14581,0.001384,172.31.46.0-255,66,106611,46,335731
14582,0.001389,74.125.200.0-255,4320,110931,46,335731
14583,0.001391,172.31.46.0-255,66,110997,46,335731
14584,0.001395,74.125.200.0-255,2902,113899,46,335731
14585,0.001397,172.31.46.0-255,66,113965,46,335731
14586,0.001421,74.125.200.0-255,5738,119703,46,335731
14587,0.001423,172.31.46.0-255,66,119769,46,335731
14588,0.001429,74.125.200.0-255,5738,125507,46,335731
14589,0.001431,172.31.46.0-255,66,125573,46,335731
14590,0.001465,74.125.200.0-255,1634,127207,46,335731
14591,0.001468,172.31.46.0-255,66,127273,46,335731
14592,0.001516,74.125.200.0-255,2902,130175,46,335731
14593,0.001518,172.31.46.0-255,66,130241,46,335731
14594,0.001521,74.125.200.0-255,1484,131725,46,335731
14595,0.001553,74.125.200.0-255,4320,136045,46,335731
14596,0.001556,172.31.46.0-255,66,136111,46,335731
14597,0.001571,74.125.200.0-255,1484,137595,46,335731
14598,0.001574,74.125.200.0-255,1484,139079,46,335731
14599,0.001576,172.31.46.0-255,66,139145,46,335731
14600,0.001603,172.31.46.0-255,66,139211,46,335731
14601,0.001639,172.31.46.0-255,66,139277,46,335731
14602,0.00175,74.125.200.0-255,1484,140761,46,335731
14603,0.001761,74.125.200.0-255,1484,142245,46,335731
14604,0.001763,172.31.46.0-255,66,142311,46,335731
14605,0.00178,74.125.200.0-255,1484,143795,46,335731
14606,0.001783,74.125.200.0-255,1484,145279,46,335731
14607,0.001784,172.31.46.0-255,66,145345,46,335731
14608,0.001788,74.125.200.0-255,2902,148247,46,335731
14609,0.00179,172.31.46.0-255,66,148313,46,335731
14610,0.001801,74.125.200.0-255,2902,151215,46,335731
14611,0.001803,172.31.46.0-255,66,151281,46,335731
14612,0.001825,74.125.200.0-255,2902,154183,46,335731
14613,0.001827,172.31.46.0-255,66,154249,46,335731
14614,0.001834,74.125.200.0-255,7156,161405,46,335731
14615,0.001836,172.31.46.0-255,66,161471,46,335731
14616,0.001847,74.125.200.0-255,4320,165791,46,335731
14617,0.001849,172.31.46.0-255,66,165857,46,335731
14618,0.001873,74.125.200.0-255,2902,168759,46,335731
14619,0.001875,172.31.46.0-255,66,168825,46,335731
14620,0.001892,74.125.200.0-255,5020,173845,46,335731
14621,0.001894,172.31.46.0-255,66,173911,46,335731
14622,0.001945,74.125.200.0-255,1484,175395,46,335731
14623,0.001985,74.125.200.0-255,2902,178297,46,335731
14624,0.001987,172.31.46.0-255,66,178363,46,335731
14625,0.001992,74.125.200.0-255,5738,184101,46,335731
14626,0.001995,74.125.200.0-255,1484,185585,46,335731
14627,0.002001,74.125.200.0-255,7156,192741,46,335731
14628,0.002011,74.125.200.0-255,1484,194225,46,335731
14629,0.002037,74.125.200.0-255,5738,199963,46,335731
14630,0.002051,74.125.200.0-255,5738,205701,46,335731
14631,0.002061,74.125.200.0-255,2184,207885,46,335731
14632,0.002111,74.125.200.0-255,1484,209369,46,335731
14633,0.002125,74.125.200.0-255,2902,212271,46,335731
14634,0.002145,74.125.200.0-255,4320,216591,46,335731
14635,0.002196,74.125.200.0-255,5738,222329,46,335731
14636,0.002207,74.125.200.0-255,2902,225231,46,335731
14637,0.002235,74.125.200.0-255,2902,228133,46,335731
14638,0.002251,74.125.200.0-255,5020,233153,46,335731
14639,0.002303,74.125.200.0-255,1484,234637,46,335731
14640,0.002325,74.125.200.0-255,7156,241793,46,335731
14641,0.002338,74.125.200.0-255,1484,243277,46,335731
14642,0.002347,74.125.200.0-255,1484,244761,46,335731
14643,0.00236,74.125.200.0-255,4320,249081,46,335731
14644,0.002378,74.125.200.0-255,2902,251983,46,335731
14645,0.002389,74.125.200.0-255,4320,256303,46,335731
14646,0.002427,74.125.200.0-255,1484,257787,46,335731
14647,0.00243,74.125.200.0-255,766,258553,46,335731
14648,0.006654,172.31.46.0-255,66,258619,46,335731
14649,0.009128,74.125.200.0-255,5738,264357,46,335731
14650,0.009135,172.31.46.0-255,66,264423,46,335731
14651,0.011622,74.125.200.0-255,4320,268743,46,335731
14652,0.01163,172.31.46.0-255,66,268809,46,335731
14653,0.011649,74.125.200.0-255,1484,270293,46,335731
14654,0.014104,74.125.200.0-255,4320,274613,46,335731
14655,0.014113,172.31.46.0-255,66,274679,46,335731
14656,0.016595,74.125.200.0-255,5738,280417,46,335731
14657,0.016603,172.31.46.0-255,66,280483,46,335731
14658,0.019063,74.125.200.0-255,5738,286221,46,335731
14659,0.019069,172.31.46.0-255,66,286287,46,335731
14660,0.021545,74.125.200.0-255,5738,292025,46,335731
14661,0.021552,172.31.46.0-255,66,292091,46,335731
14662,0.022727,172.31.46.0-255,172,292263,46,335731
14663,0.022754,172.31.46.0-255,1119,293382,46,335731
14664,0.022808,172.31.46.0-255,1349,294731,46,335731
14665,0.024026,74.125.200.0-255,5738,300469,46,335731
14666,0.024033,172.31.46.0-255,66,300535,46,335731
14667,0.024265,104.244.42.0-255,66,300601,46,335731
14668,0.024314,104.244.42.0-255,66,300667,46,335731
14669,0.024358,104.244.42.0-255,66,300733,46,335731
14670,0.024956,104.244.42.0-255,108,300841,46,335731
14671,0.024961,172.31.46.0-255,66,300907,46,335731
14672,0.026517,74.125.200.0-255,5738,306645,46,335731
14673,0.026524,172.31.46.0-255,66,306711,46,335731
14674,0.028998,74.125.200.0-255,5738,312449,46,335731
14675,0.029005,172.31.46.0-255,66,312515,46,335731
14676,0.031475,74.125.200.0-255,5738,318253,46,335731
14677,0.031481,172.31.46.0-255,66,318319,46,335731
14678,0.03395,74.125.200.0-255,5738,324057,46,335731
14679,0.033955,172.31.46.0-255,66,324123,46,335731
14680,0.03642,74.125.200.0-255,5738,329861,46,335731
14681,0.036427,172.31.46.0-255,66,329927,46,335731
14682,0.038905,74.125.200.0-255,5738,335665,46,335731
14683,0.038911,172.31.46.0-255,66,335731,46,335731
14684,0.0,74.125.24.0-255,297,297,46,252086
14685,2.3e-05,172.31.46.0-255,66,363,46,252086
14686,2.9e-05,74.125.24.0-255,1484,1847,46,252086
14687,3.3e-05,172.31.46.0-255,66,1913,46,252086
14688,4.1e-05,74.125.24.0-255,4320,6233,46,252086
14689,4.3e-05,172.31.46.0-255,66,6299,46,252086
14690,4.6e-05,74.125.24.0-255,1484,7783,46,252086
14691,4.9e-05,172.31.46.0-255,66,7849,46,252086
14692,7.6e-05,74.125.24.0-255,5738,13587,46,252086
14693,7.9e-05,172.31.46.0-255,66,13653,46,252086
14694,8.2e-05,74.125.24.0-255,1484,15137,46,252086
14695,8.4e-05,172.31.46.0-255,66,15203,46,252086
14696,0.00012,172.31.46.0-255,66,15269,46,252086
14697,0.000123,74.125.24.0-255,1125,16394,46,252086
14698,0.000125,172.31.46.0-255,66,16460,46,252086
14699,0.000176,74.125.24.0-255,1484,17944,46,252086
14700,0.000179,172.31.46.0-255,66,18010,46,252086
14701,0.000194,74.125.24.0-255,2902,20912,46,252086
14702,0.000197,172.31.46.0-255,66,20978,46,252086
14703,0.000203,74.125.24.0-255,5738,26716,46,252086
14704,0.000206,172.31.46.0-255,66,26782,46,252086
14705,0.00024,172.31.46.0-255,66,26848,46,252086
14706,0.00026,74.125.24.0-255,2902,29750,46,252086
14707,0.000263,172.31.46.0-255,66,29816,46,252086
14708,0.000266,74.125.24.0-255,1484,31300,46,252086
14709,0.000268,172.31.46.0-255,66,31366,46,252086
14710,0.000299,172.31.46.0-255,66,31432,46,252086
14711,0.000302,74.125.24.0-255,443,31875,46,252086
14712,0.000304,172.31.46.0-255,66,31941,46,252086
14713,0.000333,74.125.24.0-255,330,32271,46,252086
14714,0.000459,74.125.24.0-255,1484,33755,46,252086
14715,0.000463,172.31.46.0-255,66,33821,46,252086
14716,0.000468,74.125.24.0-255,2902,36723,46,252086
14717,0.00047,172.31.46.0-255,66,36789,46,252086
14718,0.000487,74.125.24.0-255,5738,42527,46,252086
14719,0.00049,172.31.46.0-255,66,42593,46,252086
14720,0.00053,74.125.24.0-255,1484,44077,46,252086
14721,0.000556,74.125.24.0-255,5379,49456,46,252086
14722,0.000559,172.31.46.0-255,66,49522,46,252086
14723,0.000566,74.125.24.0-255,7156,56678,46,252086
14724,0.000568,172.31.46.0-255,66,56744,46,252086
14725,0.000575,74.125.24.0-255,7156,63900,46,252086
14726,0.000579,172.31.46.0-255,66,63966,46,252086
14727,0.000604,74.125.24.0-255,2543,66509,46,252086
14728,0.000607,172.31.46.0-255,66,66575,46,252086
14729,0.00112,74.125.24.0-255,1484,68059,46,252086
14730,0.001127,74.125.24.0-255,2902,70961,46,252086
14731,0.001131,172.31.46.0-255,66,71027,46,252086
14732,0.001155,74.125.24.0-255,5738,76765,46,252086
14733,0.001158,172.31.46.0-255,66,76831,46,252086
14734,0.00119,74.125.24.0-255,7156,83987,46,252086
14735,0.001194,172.31.46.0-255,66,84053,46,252086
14736,0.001216,74.125.24.0-255,5738,89791,46,252086
14737,0.001219,172.31.46.0-255,66,89857,46,252086
14738,0.001224,74.125.24.0-255,4320,94177,46,252086
14739,0.001226,172.31.46.0-255,66,94243,46,252086
14740,0.00125,74.125.24.0-255,6438,100681,46,252086
14741,0.001253,172.31.46.0-255,66,100747,46,252086
14742,0.001694,74.125.24.0-255,1484,102231,46,252086
14743,0.001699,74.125.24.0-255,1484,103715,46,252086
14744,0.001703,172.31.46.0-255,66,103781,46,252086
14745,0.001721,74.125.24.0-255,1484,105265,46,252086
14746,0.001724,74.125.24.0-255,1484,106749,46,252086
14747,0.001726,172.31.46.0-255,66,106815,46,252086
14748,0.001748,74.125.24.0-255,4320,111135,46,252086
14749,0.001751,172.31.46.0-255,66,111201,46,252086
14750,0.001759,74.125.24.0-255,7156,118357,46,252086
14751,0.001761,172.31.46.0-255,66,118423,46,252086
14752,0.00178,74.125.24.0-255,5738,124161,46,252086
14753,0.001783,172.31.46.0-255,66,124227,46,252086
14754,0.001807,74.125.24.0-255,2902,127129,46,252086
14755,0.00181,172.31.46.0-255,66,127195,46,252086
14756,0.001838,172.31.46.0-255,66,127261,46,252086
14757,0.001842,74.125.24.0-255,2902,130163,46,252086
14758,0.001844,172.31.46.0-255,66,130229,46,252086
14759,0.001857,74.125.24.0-255,2902,133131,46,252086
14760,0.001859,172.31.46.0-255,66,133197,46,252086
14761,0.001875,74.125.24.0-255,5738,138935,46,252086
14762,0.001877,172.31.46.0-255,66,139001,46,252086
14763,0.001884,74.125.24.0-255,5738,144739,46,252086
14764,0.001886,172.31.46.0-255,66,144805,46,252086
14765,0.001912,74.125.24.0-255,7156,151961,46,252086
14766,0.001915,172.31.46.0-255,66,152027,46,252086
14767,0.001934,172.31.46.0-255,66,152093,46,252086
14768,0.001946,172.31.46.0-255,66,152159,46,252086
14769,0.001984,172.31.46.0-255,66,152225,46,252086
14770,0.001987,74.125.24.0-255,766,152991,46,252086
14771,0.001991,74.125.24.0-255,1484,154475,46,252086
14772,0.001992,172.31.46.0-255,66,154541,46,252086
14773,0.001998,74.125.24.0-255,4320,158861,46,252086
14774,0.002,172.31.46.0-255,66,158927,46,252086
14775,0.002018,74.125.24.0-255,4320,163247,46,252086
14776,0.002021,172.31.46.0-255,66,163313,46,252086
14777,0.002039,74.125.24.0-255,5738,169051,46,252086
14778,0.002042,172.31.46.0-255,66,169117,46,252086
14779,0.002058,172.31.46.0-255,66,169183,46,252086
14780,0.002115,172.31.46.0-255,66,169249,46,252086
14781,0.002125,172.31.46.0-255,66,169315,46,252086
14782,0.002129,74.125.24.0-255,2902,172217,46,252086
14783,0.002131,172.31.46.0-255,66,172283,46,252086
14784,0.002164,74.125.24.0-255,5738,178021,46,252086
14785,0.002166,172.31.46.0-255,66,178087,46,252086
14786,0.002178,172.31.46.0-255,66,178153,46,252086
14787,0.002183,74.125.24.0-255,5738,183891,46,252086
14788,0.002186,172.31.46.0-255,66,183957,46,252086
14789,0.002213,74.125.24.0-255,3602,187559,46,252086
14790,0.002215,172.31.46.0-255,66,187625,46,252086
14791,0.002227,172.31.46.0-255,66,187691,46,252086
14792,0.002242,74.125.24.0-255,1484,189175,46,252086
14793,0.002248,74.125.24.0-255,4320,193495,46,252086
14794,0.002251,172.31.46.0-255,66,193561,46,252086
14795,0.002292,172.31.46.0-255,66,193627,46,252086
14796,0.002296,74.125.24.0-255,2184,195811,46,252086
14797,0.002298,172.31.46.0-255,66,195877,46,252086
14798,0.002301,74.125.24.0-255,1484,197361,46,252086
14799,0.002317,74.125.24.0-255,1484,198845,46,252086
14800,0.002319,172.31.46.0-255,66,198911,46,252086
14801,0.002322,74.125.24.0-255,1484,200395,46,252086
14802,0.002347,74.125.24.0-255,5738,206133,46,252086
14803,0.00235,172.31.46.0-255,66,206199,46,252086
14804,0.002356,74.125.24.0-255,5738,211937,46,252086
14805,0.002358,172.31.46.0-255,66,212003,46,252086
14806,0.002377,74.125.24.0-255,2902,214905,46,252086
14807,0.002379,172.31.46.0-255,66,214971,46,252086
14808,0.002411,172.31.46.0-255,66,215037,46,252086
14809,0.002426,74.125.24.0-255,1484,216521,46,252086
14810,0.002431,74.125.24.0-255,3602,220123,46,252086
14811,0.002434,172.31.46.0-255,66,220189,46,252086
14812,0.00478,74.125.24.0-255,5738,225927,46,252086
14813,0.004788,172.31.46.0-255,66,225993,46,252086
14814,0.007181,74.125.24.0-255,4320,230313,46,252086
14815,0.007185,172.31.46.0-255,66,230379,46,252086
14816,0.007202,74.125.24.0-255,1484,231863,46,252086
14817,0.00954,74.125.24.0-255,2902,234765,46,252086
14818,0.009548,172.31.46.0-255,66,234831,46,252086
14819,0.009572,74.125.24.0-255,1484,236315,46,252086
14820,0.011872,74.125.24.0-255,4320,240635,46,252086
14821,0.011878,172.31.46.0-255,66,240701,46,252086
14822,0.01423,74.125.24.0-255,2105,242806,46,252086
14823,0.014239,172.31.46.0-255,66,242872,46,252086
14824,0.017174,172.31.46.0-255,105,242977,46,252086
14825,0.019474,74.125.24.0-255,66,243043,46,252086
14826,0.036681,172.31.46.0-255,176,243219,46,252086
14827,0.036715,172.31.46.0-255,1118,244337,46,252086
14828,0.036783,172.31.46.0-255,1514,245851,46,252086
14829,0.036785,172.31.46.0-255,1514,247365,46,252086
14830,0.036786,172.31.46.0-255,1514,248879,46,252086
14831,0.036787,172.31.46.0-255,1514,250393,46,252086
14832,0.036788,172.31.46.0-255,1495,251888,46,252086
14833,0.038382,104.244.42.0-255,66,251954,46,252086
14834,0.038412,104.244.42.0-255,66,252020,46,252086
14835,0.038466,104.244.42.0-255,66,252086,46,252086
14836,0.0,74.125.24.0-255,152,152,46,231455
14837,2.2e-05,172.31.46.0-255,66,218,46,231455
14838,2.8e-05,74.125.24.0-255,1484,1702,46,231455
14839,3.2e-05,172.31.46.0-255,66,1768,46,231455
14840,3.7e-05,74.125.24.0-255,2902,4670,46,231455
14841,4.1e-05,172.31.46.0-255,66,4736,46,231455
14842,5.4e-05,74.125.24.0-255,7156,11892,46,231455
14843,5.7e-05,172.31.46.0-255,66,11958,46,231455
14844,6.1e-05,74.125.24.0-255,2043,14001,46,231455
14845,6.4e-05,172.31.46.0-255,66,14067,46,231455
14846,9.8e-05,74.125.24.0-255,2902,16969,46,231455
14847,0.000101,172.31.46.0-255,66,17035,46,231455
14848,0.000106,74.125.24.0-255,4320,21355,46,231455
14849,0.000109,172.31.46.0-255,66,21421,46,231455
14850,0.000146,172.31.46.0-255,66,21487,46,231455
14851,0.000148,74.125.24.0-255,1125,22612,46,231455
14852,0.00015,172.31.46.0-255,66,22678,46,231455
14853,0.000253,74.125.24.0-255,1484,24162,46,231455
14854,0.000256,172.31.46.0-255,66,24228,46,231455
14855,0.00026,74.125.24.0-255,2902,27130,46,231455
14856,0.000262,172.31.46.0-255,66,27196,46,231455
14857,0.000265,74.125.24.0-255,1484,28680,46,231455
14858,0.000267,172.31.46.0-255,66,28746,46,231455
14859,0.000289,74.125.24.0-255,4320,33066,46,231455
14860,0.000294,172.31.46.0-255,66,33132,46,231455
14861,0.000298,74.125.24.0-255,2902,36034,46,231455
14862,0.0003,172.31.46.0-255,66,36100,46,231455
14863,0.000322,74.125.24.0-255,3961,40061,46,231455
14864,0.000325,172.31.46.0-255,66,40127,46,231455
14865,0.000356,74.125.24.0-255,1484,41611,46,231455
14866,0.000358,172.31.46.0-255,66,41677,46,231455
14867,0.000362,74.125.24.0-255,2902,44579,46,231455
14868,0.000364,172.31.46.0-255,66,44645,46,231455
14869,0.00039,74.125.24.0-255,5738,50383,46,231455
14870,0.000392,172.31.46.0-255,66,50449,46,231455
14871,0.000419,74.125.24.0-255,6797,57246,46,231455
14872,0.000421,172.31.46.0-255,66,57312,46,231455
14873,0.000506,74.125.24.0-255,365,57677,46,231455
14874,0.000826,74.125.24.0-255,380,58057,46,231455
14875,0.001024,74.125.24.0-255,1484,59541,46,231455
14876,0.001029,172.31.46.0-255,66,59607,46,231455
14877,0.001033,74.125.24.0-255,2902,62509,46,231455
14878,0.001035,172.31.46.0-255,66,62575,46,231455
14879,0.001041,74.125.24.0-255,5738,68313,46,231455
14880,0.001042,172.31.46.0-255,66,68379,46,231455
14881,0.001087,74.125.24.0-255,6797,75176,46,231455
14882,0.001091,74.125.24.0-255,2902,78078,46,231455
14883,0.001095,172.31.46.0-255,66,78144,46,231455
14884,0.001097,172.31.46.0-255,66,78210,46,231455
14885,0.00113,172.31.46.0-255,66,78276,46,231455
14886,0.001135,74.125.24.0-255,2543,80819,46,231455
14887,0.001137,172.31.46.0-255,66,80885,46,231455
14888,0.001503,74.125.24.0-255,1484,82369,46,231455
14889,0.001513,74.125.24.0-255,2902,85271,46,231455
14890,0.001518,172.31.46.0-255,66,85337,46,231455
14891,0.001555,74.125.24.0-255,5738,91075,46,231455
14892,0.001558,172.31.46.0-255,66,91141,46,231455
14893,0.001576,172.31.46.0-255,66,91207,46,231455
14894,0.001605,74.125.24.0-255,2902,94109,46,231455
14895,0.001607,172.31.46.0-255,66,94175,46,231455
14896,0.001615,74.125.24.0-255,7156,101331,46,231455
14897,0.001617,172.31.46.0-255,66,101397,46,231455
14898,0.00162,74.125.24.0-255,1484,102881,46,231455
14899,0.001646,74.125.24.0-255,2184,105065,46,231455
14900,0.001648,172.31.46.0-255,66,105131,46,231455
14901,0.001654,74.125.24.0-255,4320,109451,46,231455
14902,0.001656,172.31.46.0-255,66,109517,46,231455
14903,0.001667,172.31.46.0-255,66,109583,46,231455
14904,0.001688,74.125.24.0-255,5738,115321,46,231455
14905,0.001691,172.31.46.0-255,66,115387,46,231455
14906,0.001732,172.31.46.0-255,66,115453,46,231455
14907,0.001739,74.125.24.0-255,5020,120473,46,231455
14908,0.001741,172.31.46.0-255,66,120539,46,231455
14909,0.001768,74.125.24.0-255,5738,126277,46,231455
14910,0.001772,172.31.46.0-255,66,126343,46,231455
14911,0.001817,172.31.46.0-255,66,126409,46,231455
14912,0.001834,172.31.46.0-255,66,126475,46,231455
14913,0.00184,74.125.24.0-255,3602,130077,46,231455
14914,0.001842,172.31.46.0-255,66,130143,46,231455
14915,0.001899,172.31.46.0-255,66,130209,46,231455
14916,0.001916,172.31.46.0-255,66,130275,46,231455
14917,0.001943,74.125.24.0-255,2902,133177,46,231455
14918,0.001946,172.31.46.0-255,66,133243,46,231455
14919,0.001983,172.31.46.0-255,66,133309,46,231455
14920,0.00201,74.125.24.0-255,1484,134793,46,231455
14921,0.002016,74.125.24.0-255,2902,137695,46,231455
14922,0.002018,172.31.46.0-255,66,137761,46,231455
14923,0.002023,74.125.24.0-255,2902,140663,46,231455
14924,0.002025,172.31.46.0-255,66,140729,46,231455
14925,0.002046,74.125.24.0-255,2902,143631,46,231455
14926,0.002049,172.31.46.0-255,66,143697,46,231455
14927,0.00207,172.31.46.0-255,66,143763,46,231455
14928,0.002142,172.31.46.0-255,66,143829,46,231455
14929,0.002167,74.125.24.0-255,3602,147431,46,231455
14930,0.00217,172.31.46.0-255,66,147497,46,231455
14931,0.002173,74.125.24.0-255,1484,148981,46,231455
14932,0.002177,74.125.24.0-255,2902,151883,46,231455
14933,0.00218,172.31.46.0-255,66,151949,46,231455
14934,0.002185,74.125.24.0-255,5738,157687,46,231455
14935,0.002188,172.31.46.0-255,66,157753,46,231455
14936,0.002201,172.31.46.0-255,66,157819,46,231455
14937,0.002228,74.125.24.0-255,1484,159303,46,231455
14938,0.002239,172.31.46.0-255,66,159369,46,231455
14939,0.002244,74.125.24.0-255,2184,161553,46,231455
14940,0.002245,172.31.46.0-255,66,161619,46,231455
14941,0.002275,74.125.24.0-255,2902,164521,46,231455
14942,0.002278,172.31.46.0-255,66,164587,46,231455
14943,0.002284,74.125.24.0-255,2902,167489,46,231455
14944,0.002286,172.31.46.0-255,66,167555,46,231455
14945,0.002312,74.125.24.0-255,4320,171875,46,231455
14946,0.002315,172.31.46.0-255,66,171941,46,231455
14947,0.002326,74.125.24.0-255,5738,177679,46,231455
14948,0.002328,172.31.46.0-255,66,177745,46,231455
14949,0.002348,172.31.46.0-255,66,177811,46,231455
14950,0.002376,74.125.24.0-255,5738,183549,46,231455
14951,0.002379,172.31.46.0-255,66,183615,46,231455
14952,0.002384,74.125.24.0-255,3602,187217,46,231455
14953,0.002387,172.31.46.0-255,66,187283,46,231455
14954,0.002405,74.125.24.0-255,4320,191603,46,231455
14955,0.002408,172.31.46.0-255,66,191669,46,231455
14956,0.002417,74.125.24.0-255,5738,197407,46,231455
14957,0.00242,172.31.46.0-255,66,197473,46,231455
14958,0.002458,172.31.46.0-255,66,197539,46,231455
14959,0.002463,74.125.24.0-255,2902,200441,46,231455
14960,0.002465,172.31.46.0-255,66,200507,46,231455
14961,0.004889,74.125.24.0-255,5738,206245,46,231455
14962,0.004897,172.31.46.0-255,66,206311,46,231455
14963,0.00732,74.125.24.0-255,4320,210631,46,231455
14964,0.007325,172.31.46.0-255,66,210697,46,231455
14965,0.007349,74.125.24.0-255,1484,212181,46,231455
14966,0.009741,74.125.24.0-255,4320,216501,46,231455
14967,0.009748,172.31.46.0-255,66,216567,46,231455
14968,0.012187,74.125.24.0-255,5738,222305,46,231455
14969,0.012192,172.31.46.0-255,66,222371,46,231455
14970,0.014635,74.125.24.0-255,5738,228109,46,231455
14971,0.014643,172.31.46.0-255,66,228175,46,231455
14972,0.017084,74.125.24.0-255,3043,231218,46,231455
14973,0.017092,172.31.46.0-255,66,231284,46,231455
14974,0.020974,172.31.46.0-255,105,231389,46,231455
14975,0.023381,74.125.24.0-255,66,231455,46,231455
14976,0.0,74.125.200.0-255,153,153,46,318242
14977,2.5e-05,172.31.46.0-255,66,219,46,318242
14978,3.3e-05,74.125.200.0-255,1484,1703,46,318242
14979,3.8e-05,172.31.46.0-255,66,1769,46,318242
14980,4.4e-05,74.125.200.0-255,2902,4671,46,318242
14981,4.8e-05,172.31.46.0-255,66,4737,46,318242
14982,5.3e-05,74.125.200.0-255,2902,7639,46,318242
14983,5.7e-05,172.31.46.0-255,66,7705,46,318242
14984,8.5e-05,74.125.200.0-255,4320,12025,46,318242
14985,8.8e-05,172.31.46.0-255,66,12091,46,318242
14986,9.3e-05,74.125.200.0-255,2005,14096,46,318242
14987,9.5e-05,172.31.46.0-255,66,14162,46,318242
14988,0.000127,74.125.200.0-255,1484,15646,46,318242
14989,0.000129,172.31.46.0-255,66,15712,46,318242
14990,0.000134,74.125.200.0-255,2902,18614,46,318242
14991,0.000137,172.31.46.0-255,66,18680,46,318242
14992,0.000154,74.125.200.0-255,4320,23000,46,318242
14993,0.000157,172.31.46.0-255,66,23066,46,318242
14994,0.000171,74.125.200.0-255,1484,24550,46,318242
14995,0.000173,172.31.46.0-255,66,24616,46,318242
14996,0.000178,74.125.200.0-255,2902,27518,46,318242
14997,0.000179,172.31.46.0-255,66,27584,46,318242
14998,0.000187,74.125.200.0-255,3961,31545,46,318242
14999,0.000189,172.31.46.0-255,66,31611,46,318242
15000,0.00021,74.125.200.0-255,1484,33095,46,318242
15001,0.000212,172.31.46.0-255,66,33161,46,318242
15002,0.000236,74.125.200.0-255,5738,38899,46,318242
15003,0.000239,172.31.46.0-255,66,38965,46,318242
15004,0.000246,74.125.200.0-255,7156,46121,46,318242
15005,0.000249,172.31.46.0-255,66,46187,46,318242
15006,0.000264,74.125.200.0-255,1484,47671,46,318242
15007,0.000266,172.31.46.0-255,66,47737,46,318242
15008,0.00027,74.125.200.0-255,1125,48862,46,318242
15009,0.000634,74.125.200.0-255,1484,50346,46,318242
15010,0.000641,172.31.46.0-255,66,50412,46,318242
15011,0.000646,74.125.200.0-255,2902,53314,46,318242
15012,0.000649,172.31.46.0-255,66,53380,46,318242
15013,0.000666,74.125.200.0-255,5738,59118,46,318242
15014,0.000668,172.31.46.0-255,66,59184,46,318242
15015,0.000672,74.125.200.0-255,2902,62086,46,318242
15016,0.000674,172.31.46.0-255,66,62152,46,318242
15017,0.000692,74.125.200.0-255,1484,63636,46,318242
15018,0.000707,74.125.200.0-255,2543,66179,46,318242
15019,0.00071,172.31.46.0-255,66,66245,46,318242
15020,0.000754,74.125.200.0-255,1484,67729,46,318242
15021,0.000769,74.125.200.0-255,2902,70631,46,318242
15022,0.000772,172.31.46.0-255,66,70697,46,318242
15023,0.000794,74.125.200.0-255,2902,73599,46,318242
15024,0.000798,172.31.46.0-255,66,73665,46,318242
15025,0.000818,74.125.200.0-255,2902,76567,46,318242
15026,0.000821,172.31.46.0-255,66,76633,46,318242
15027,0.000827,74.125.200.0-255,4320,80953,46,318242
15028,0.000829,172.31.46.0-255,66,81019,46,318242
15029,0.00085,74.125.200.0-255,5379,86398,46,318242
15030,0.000853,172.31.46.0-255,66,86464,46,318242
15031,0.000872,74.125.200.0-255,4320,90784,46,318242
15032,0.000874,172.31.46.0-255,66,90850,46,318242
15033,0.0009,74.125.200.0-255,5738,96588,46,318242
15034,0.000902,172.31.46.0-255,66,96654,46,318242
15035,0.00092,74.125.200.0-255,2902,99556,46,318242
15036,0.000922,172.31.46.0-255,66,99622,46,318242
15037,0.000944,74.125.200.0-255,1706,101328,46,318242
15038,0.000947,172.31.46.0-255,66,101394,46,318242
15039,0.000981,74.125.200.0-255,1484,102878,46,318242
15040,0.000998,74.125.200.0-255,2902,105780,46,318242
15041,0.001001,172.31.46.0-255,66,105846,46,318242
15042,0.001031,74.125.200.0-255,4320,110166,46,318242
15043,0.001033,172.31.46.0-255,66,110232,46,318242
15044,0.001055,74.125.200.0-255,1484,111716,46,318242
15045,0.001061,74.125.200.0-255,4320,116036,46,318242
15046,0.001063,172.31.46.0-255,66,116102,46,318242
15047,0.001069,74.125.200.0-255,5738,121840,46,318242
15048,0.001072,172.31.46.0-255,66,121906,46,318242
15049,0.001084,172.31.46.0-255,66,121972,46,318242
15050,0.001098,74.125.200.0-255,1484,123456,46,318242
15051,0.001102,74.125.200.0-255,2184,125640,46,318242
15052,0.001104,172.31.46.0-255,66,125706,46,318242
15053,0.001126,74.125.200.0-255,1484,127190,46,318242
15054,0.001146,74.125.200.0-255,2902,130092,46,318242
15055,0.001149,172.31.46.0-255,66,130158,46,318242
15056,0.001165,74.125.200.0-255,5738,135896,46,318242
15057,0.001168,172.31.46.0-255,66,135962,46,318242
15058,0.001202,172.31.46.0-255,66,136028,46,318242
15059,0.001209,74.125.200.0-255,5738,141766,46,318242
15060,0.001211,172.31.46.0-255,66,141832,46,318242
15061,0.001234,74.125.200.0-255,4320,146152,46,318242
15062,0.001238,172.31.46.0-255,66,146218,46,318242
15063,0.001244,74.125.200.0-255,5020,151238,46,318242
15064,0.001246,172.31.46.0-255,66,151304,46,318242
15065,0.001273,74.125.200.0-255,1484,152788,46,318242
15066,0.00129,74.125.200.0-255,2902,155690,46,318242
15067,0.001292,172.31.46.0-255,66,155756,46,318242
15068,0.001313,74.125.200.0-255,5738,161494,46,318242
15069,0.001316,172.31.46.0-255,66,161560,46,318242
15070,0.001341,74.125.200.0-255,5738,167298,46,318242
15071,0.001344,172.31.46.0-255,66,167364,46,318242
15072,0.001352,74.125.200.0-255,7156,174520,46,318242
15073,0.001355,172.31.46.0-255,66,174586,46,318242
15074,0.001385,74.125.200.0-255,1484,176070,46,318242
15075,0.001417,172.31.46.0-255,66,176136,46,318242
15076,0.001507,74.125.200.0-255,1484,177620,46,318242
15077,0.00152,74.125.200.0-255,1484,179104,46,318242
15078,0.001523,172.31.46.0-255,66,179170,46,318242
15079,0.001543,74.125.200.0-255,1484,180654,46,318242
15080,0.001548,74.125.200.0-255,2902,183556,46,318242
15081,0.001553,74.125.200.0-255,4320,187876,46,318242
15082,0.001562,172.31.46.0-255,66,187942,46,318242
15083,0.001565,172.31.46.0-255,66,188008,46,318242
15084,0.001569,74.125.200.0-255,1484,189492,46,318242
15085,0.001595,74.125.200.0-255,7156,196648,46,318242
15086,0.001598,172.31.46.0-255,66,196714,46,318242
15087,0.001606,74.125.200.0-255,7156,203870,46,318242
15088,0.001608,172.31.46.0-255,66,203936,46,318242
15089,0.00163,74.125.200.0-255,2902,206838,46,318242
15090,0.001633,172.31.46.0-255,66,206904,46,318242
15091,0.001653,74.125.200.0-255,3602,210506,46,318242
15092,0.001657,172.31.46.0-255,66,210572,46,318242
15093,0.001692,74.125.200.0-255,2902,213474,46,318242
15094,0.001695,172.31.46.0-255,66,213540,46,318242
15095,0.001708,74.125.200.0-255,2902,216442,46,318242
15096,0.001711,172.31.46.0-255,66,216508,46,318242
15097,0.001725,74.125.200.0-255,7156,223664,46,318242
15098,0.001727,172.31.46.0-255,66,223730,46,318242
15099,0.001757,74.125.200.0-255,7156,230886,46,318242
15100,0.00176,172.31.46.0-255,66,230952,46,318242
15101,0.001772,172.31.46.0-255,66,231018,46,318242
15102,0.001802,74.125.200.0-255,5020,236038,46,318242
15103,0.001805,172.31.46.0-255,66,236104,46,318242
15104,0.001881,74.125.200.0-255,1484,237588,46,318242
15105,0.001907,74.125.200.0-255,2902,240490,46,318242
15106,0.001911,172.31.46.0-255,66,240556,46,318242
15107,0.001918,74.125.200.0-255,5738,246294,46,318242
15108,0.001921,172.31.46.0-255,66,246360,46,318242
15109,0.001944,74.125.200.0-255,7156,253516,46,318242
15110,0.001947,172.31.46.0-255,66,253582,46,318242
15111,0.001952,74.125.200.0-255,2902,256484,46,318242
15112,0.001954,172.31.46.0-255,66,256550,46,318242
15113,0.001977,74.125.200.0-255,5738,262288,46,318242
15114,0.00198,172.31.46.0-255,66,262354,46,318242
15115,0.002022,74.125.200.0-255,5738,268092,46,318242
15116,0.002025,172.31.46.0-255,66,268158,46,318242
15117,0.002046,74.125.200.0-255,2184,270342,46,318242
15118,0.002049,172.31.46.0-255,66,270408,46,318242
15119,0.002062,74.125.200.0-255,1484,271892,46,318242
15120,0.002083,74.125.200.0-255,2902,274794,46,318242
15121,0.002106,172.31.46.0-255,66,274860,46,318242
15122,0.002111,74.125.200.0-255,2902,277762,46,318242
15123,0.002113,172.31.46.0-255,66,277828,46,318242
15124,0.002121,74.125.200.0-255,7156,284984,46,318242
15125,0.002123,172.31.46.0-255,66,285050,46,318242
15126,0.002141,74.125.200.0-255,4320,289370,46,318242
15127,0.002143,172.31.46.0-255,66,289436,46,318242
15128,0.00217,74.125.200.0-255,5738,295174,46,318242
15129,0.002172,172.31.46.0-255,66,295240,46,318242
15130,0.002207,172.31.46.0-255,66,295306,46,318242
15131,0.002211,74.125.200.0-255,2902,298208,46,318242
15132,0.002213,172.31.46.0-255,66,298274,46,318242
15133,0.002239,74.125.200.0-255,4320,302594,46,318242
15134,0.002241,172.31.46.0-255,66,302660,46,318242
15135,0.00227,172.31.46.0-255,66,302726,46,318242
15136,0.002277,74.125.200.0-255,5738,308464,46,318242
15137,0.002279,172.31.46.0-255,66,308530,46,318242
15138,0.002314,172.31.46.0-255,66,308596,46,318242
15139,0.002341,74.125.200.0-255,5020,313616,46,318242
15140,0.002344,172.31.46.0-255,66,313682,46,318242
15141,0.002358,172.31.46.0-255,66,313748,46,318242
15142,0.002362,74.125.200.0-255,2139,315887,46,318242
15143,0.002364,172.31.46.0-255,66,315953,46,318242
15144,0.002413,74.125.200.0-255,105,316058,46,318242
15145,0.006948,172.31.46.0-255,101,316159,46,318242
15146,0.009363,74.125.200.0-255,66,316225,46,318242
15147,0.009407,172.31.46.0-255,105,316330,46,318242
15148,0.011817,74.125.200.0-255,66,316396,46,318242
15149,0.039804,172.31.46.0-255,172,316568,46,318242
15150,0.039838,172.31.46.0-255,1118,317686,46,318242
15151,0.039896,172.31.46.0-255,556,318242,46,318242
15152,0.0,74.125.24.0-255,143,143,46,244348
15153,2.3e-05,172.31.46.0-255,66,209,46,244348
15154,2.9e-05,74.125.24.0-255,1484,1693,46,244348
15155,3.3e-05,172.31.46.0-255,66,1759,46,244348
15156,3.9e-05,74.125.24.0-255,2902,4661,46,244348
15157,4.8e-05,172.31.46.0-255,66,4727,46,244348
15158,5.3e-05,74.125.24.0-255,2902,7629,46,244348
15159,5.6e-05,172.31.46.0-255,66,7695,46,244348
15160,8.1e-05,74.125.24.0-255,2902,10597,46,244348
15161,8.4e-05,172.31.46.0-255,66,10663,46,244348
15162,0.000108,74.125.24.0-255,3461,14124,46,244348
15163,0.000111,172.31.46.0-255,66,14190,46,244348
15164,0.000432,74.125.24.0-255,1484,15674,46,244348
15165,0.000437,172.31.46.0-255,66,15740,46,244348
15166,0.000444,74.125.24.0-255,2902,18642,46,244348
15167,0.000447,172.31.46.0-255,66,18708,46,244348
15168,0.000455,74.125.24.0-255,1484,20192,46,244348
15169,0.000457,172.31.46.0-255,66,20258,46,244348
15170,0.000491,74.125.24.0-255,4320,24578,46,244348
15171,0.000495,172.31.46.0-255,66,24644,46,244348
15172,0.000507,172.31.46.0-255,66,24710,46,244348
15173,0.000538,74.125.24.0-255,2543,27253,46,244348
15174,0.000541,172.31.46.0-255,66,27319,46,244348
15175,0.000556,172.31.46.0-255,66,27385,46,244348
15176,0.000568,172.31.46.0-255,66,27451,46,244348
15177,0.000591,74.125.24.0-255,1484,28935,46,244348
15178,0.000594,172.31.46.0-255,66,29001,46,244348
15179,0.000628,74.125.24.0-255,5738,34739,46,244348
15180,0.000631,172.31.46.0-255,66,34805,46,244348
15181,0.000648,74.125.24.0-255,2546,37351,46,244348
15182,0.00065,172.31.46.0-255,66,37417,46,244348
15183,0.000763,74.125.24.0-255,1484,38901,46,244348
15184,0.000768,74.125.24.0-255,1484,40385,46,244348
15185,0.000772,172.31.46.0-255,66,40451,46,244348
15186,0.000797,74.125.24.0-255,1484,41935,46,244348
15187,0.000805,74.125.24.0-255,5738,47673,46,244348
15188,0.000808,172.31.46.0-255,66,47739,46,244348
15189,0.000813,74.125.24.0-255,4320,52059,46,244348
15190,0.000816,172.31.46.0-255,66,52125,46,244348
15191,0.000855,74.125.24.0-255,5738,57863,46,244348
15192,0.000859,172.31.46.0-255,66,57929,46,244348
15193,0.000862,172.31.46.0-255,66,57995,46,244348
15194,0.00088,74.125.24.0-255,6438,64433,46,244348
15195,0.000883,172.31.46.0-255,66,64499,46,244348
15196,0.000896,172.31.46.0-255,66,64565,46,244348
15197,0.000922,74.125.24.0-255,1484,66049,46,244348
15198,0.000926,74.125.24.0-255,2243,68292,46,244348
15199,0.000928,172.31.46.0-255,66,68358,46,244348
15200,0.001057,74.125.24.0-255,1484,69842,46,244348
15201,0.001075,74.125.24.0-255,2902,72744,46,244348
15202,0.001079,172.31.46.0-255,66,72810,46,244348
15203,0.001086,74.125.24.0-255,5738,78548,46,244348
15204,0.001088,172.31.46.0-255,66,78614,46,244348
15205,0.001123,74.125.24.0-255,1484,80098,46,244348
15206,0.001168,172.31.46.0-255,66,80164,46,244348
15207,0.001181,172.31.46.0-255,66,80230,46,244348
15208,0.001228,74.125.24.0-255,1484,81714,46,244348
15209,0.001232,74.125.24.0-255,1484,83198,46,244348
15210,0.001236,172.31.46.0-255,66,83264,46,244348
15211,0.001255,74.125.24.0-255,1484,84748,46,244348
15212,0.001258,74.125.24.0-255,1484,86232,46,244348
15213,0.001261,172.31.46.0-255,66,86298,46,244348
15214,0.001282,74.125.24.0-255,4320,90618,46,244348
15215,0.001285,172.31.46.0-255,66,90684,46,244348
15216,0.001298,74.125.24.0-255,1484,92168,46,244348
15217,0.001319,74.125.24.0-255,4320,96488,46,244348
15218,0.001322,172.31.46.0-255,66,96554,46,244348
15219,0.001329,74.125.24.0-255,5738,102292,46,244348
15220,0.001331,172.31.46.0-255,66,102358,46,244348
15221,0.001349,74.125.24.0-255,1484,103842,46,244348
15222,0.001356,74.125.24.0-255,1484,105326,46,244348
15223,0.001358,172.31.46.0-255,66,105392,46,244348
15224,0.001396,74.125.24.0-255,4320,109712,46,244348
15225,0.0014,172.31.46.0-255,66,109778,46,244348
15226,0.001418,74.125.24.0-255,5020,114798,46,244348
15227,0.001421,172.31.46.0-255,66,114864,46,244348
15228,0.001498,74.125.24.0-255,1484,116348,46,244348
15229,0.001504,74.125.24.0-255,2902,119250,46,244348
15230,0.001507,172.31.46.0-255,66,119316,46,244348
15231,0.001534,74.125.24.0-255,5738,125054,46,244348
15232,0.001537,172.31.46.0-255,66,125120,46,244348
15233,0.001572,172.31.46.0-255,66,125186,46,244348
15234,0.00158,74.125.24.0-255,7156,132342,46,244348
15235,0.001582,172.31.46.0-255,66,132408,46,244348
15236,0.001614,74.125.24.0-255,4320,136728,46,244348
15237,0.001618,172.31.46.0-255,66,136794,46,244348
15238,0.001623,74.125.24.0-255,2184,138978,46,244348
15239,0.001625,172.31.46.0-255,66,139044,46,244348
15240,0.001749,74.125.24.0-255,1484,140528,46,244348
15241,0.001772,74.125.24.0-255,2902,143430,46,244348
15242,0.001776,172.31.46.0-255,66,143496,46,244348
15243,0.001781,74.125.24.0-255,2902,146398,46,244348
15244,0.001783,172.31.46.0-255,66,146464,46,244348
15245,0.001804,74.125.24.0-255,2902,149366,46,244348
15246,0.00181,172.31.46.0-255,66,149432,46,244348
15247,0.001816,74.125.24.0-255,4320,153752,46,244348
15248,0.001818,172.31.46.0-255,66,153818,46,244348
15249,0.001821,74.125.24.0-255,1484,155302,46,244348
15250,0.001866,172.31.46.0-255,66,155368,46,244348
15251,0.001882,172.31.46.0-255,66,155434,46,244348
15252,0.001955,74.125.24.0-255,1484,156918,46,244348
15253,0.001959,74.125.24.0-255,1484,158402,46,244348
15254,0.001962,172.31.46.0-255,66,158468,46,244348
15255,0.001989,74.125.24.0-255,1484,159952,46,244348
15256,0.001996,74.125.24.0-255,5738,165690,46,244348
15257,0.002,172.31.46.0-255,66,165756,46,244348
15258,0.002004,74.125.24.0-255,2902,168658,46,244348
15259,0.002006,172.31.46.0-255,66,168724,46,244348
15260,0.002029,74.125.24.0-255,4320,173044,46,244348
15261,0.002031,172.31.46.0-255,66,173110,46,244348
15262,0.002036,74.125.24.0-255,4320,177430,46,244348
15263,0.002038,172.31.46.0-255,66,177496,46,244348
15264,0.00208,172.31.46.0-255,66,177562,46,244348
15265,0.002084,74.125.24.0-255,2184,179746,46,244348
15266,0.002087,172.31.46.0-255,66,179812,46,244348
15267,0.002111,74.125.24.0-255,5738,185550,46,244348
15268,0.002114,172.31.46.0-255,66,185616,46,244348
15269,0.002145,74.125.24.0-255,7156,192772,46,244348
15270,0.002148,172.31.46.0-255,66,192838,46,244348
15271,0.002165,74.125.24.0-255,1484,194322,46,244348
15272,0.002169,74.125.24.0-255,2902,197224,46,244348
15273,0.002171,172.31.46.0-255,66,197290,46,244348
15274,0.002194,74.125.24.0-255,5738,203028,46,244348
15275,0.002197,172.31.46.0-255,66,203094,46,244348
15276,0.002253,74.125.24.0-255,5738,208832,46,244348
15277,0.002256,172.31.46.0-255,66,208898,46,244348
15278,0.002277,74.125.24.0-255,2902,211800,46,244348
15279,0.002279,172.31.46.0-255,66,211866,46,244348
15280,0.002291,172.31.46.0-255,66,211932,46,244348
15281,0.002302,172.31.46.0-255,66,211998,46,244348
15282,0.002323,74.125.24.0-255,1484,213482,46,244348
15283,0.002363,172.31.46.0-255,66,213548,46,244348
15284,0.002375,172.31.46.0-255,66,213614,46,244348
15285,0.002406,172.31.46.0-255,66,213680,46,244348
15286,0.004804,74.125.24.0-255,5738,219418,46,244348
15287,0.004811,172.31.46.0-255,66,219484,46,244348
15288,0.007204,74.125.24.0-255,4320,223804,46,244348
15289,0.00721,172.31.46.0-255,66,223870,46,244348
15290,0.007238,74.125.24.0-255,1484,225354,46,244348
15291,0.009602,74.125.24.0-255,4320,229674,46,244348
15292,0.009607,172.31.46.0-255,66,229740,46,244348
15293,0.011996,74.125.24.0-255,5267,235007,46,244348
15294,0.012002,172.31.46.0-255,66,235073,46,244348
15295,0.01223,172.31.46.0-255,105,235178,46,244348
15296,0.014592,74.125.24.0-255,66,235244,46,244348
15297,0.035203,172.31.46.0-255,172,235416,46,244348
15298,0.035232,172.31.46.0-255,1118,236534,46,244348
15299,0.035289,172.31.46.0-255,1514,238048,46,244348
15300,0.035291,172.31.46.0-255,1514,239562,46,244348
15301,0.035313,172.31.46.0-255,1514,241076,46,244348
15302,0.035314,172.31.46.0-255,1514,242590,46,244348
15303,0.035335,172.31.46.0-255,1494,244084,46,244348
15304,0.036861,104.244.42.0-255,66,244150,46,244348
15305,0.03694,104.244.42.0-255,66,244216,46,244348
15306,0.036968,104.244.42.0-255,66,244282,46,244348
15307,0.037039,104.244.42.0-255,66,244348,46,244348
15308,0.0,172.217.194.0-255,153,153,46,198049
15309,2.2e-05,172.217.194.0-255,1484,1637,46,198049
15310,3.6e-05,172.31.46.0-255,66,1703,46,198049
15311,4.5e-05,172.217.194.0-255,2902,4605,46,198049
15312,4.9e-05,172.31.46.0-255,66,4671,46,198049
15313,5.2e-05,172.217.194.0-255,1484,6155,46,198049
15314,8.2e-05,172.217.194.0-255,5738,11893,46,198049
15315,8.6e-05,172.31.46.0-255,66,11959,46,198049
15316,0.000105,172.217.194.0-255,2089,14048,46,198049
15317,0.000108,172.31.46.0-255,66,14114,46,198049
15318,0.000136,172.31.46.0-255,66,14180,46,198049
15319,0.000175,172.217.194.0-255,2902,17082,46,198049
15320,0.000178,172.31.46.0-255,66,17148,46,198049
15321,0.000195,172.217.194.0-255,5379,22527,46,198049
15322,0.000198,172.31.46.0-255,66,22593,46,198049
15323,0.000239,172.31.46.0-255,66,22659,46,198049
15324,0.000244,172.217.194.0-255,2902,25561,46,198049
15325,0.000246,172.31.46.0-255,66,25627,46,198049
15326,0.000265,172.217.194.0-255,6797,32424,46,198049
15327,0.000268,172.31.46.0-255,66,32490,46,198049
15328,0.000283,172.217.194.0-255,4320,36810,46,198049
15329,0.000285,172.31.46.0-255,66,36876,46,198049
15330,0.000325,172.31.46.0-255,66,36942,46,198049
15331,0.000328,172.217.194.0-255,343,37285,46,198049
15332,0.000343,172.217.194.0-255,119,37404,46,198049
15333,0.000508,172.217.194.0-255,378,37782,46,198049
15334,0.00107,172.217.194.0-255,1484,39266,46,198049
15335,0.001076,172.31.46.0-255,66,39332,46,198049
15336,0.001083,172.217.194.0-255,2902,42234,46,198049
15337,0.001085,172.31.46.0-255,66,42300,46,198049
15338,0.001092,172.217.194.0-255,4320,46620,46,198049
15339,0.001095,172.31.46.0-255,66,46686,46,198049
15340,0.001101,172.217.194.0-255,4320,51006,46,198049
15341,0.001104,172.31.46.0-255,66,51072,46,198049
15342,0.001133,172.217.194.0-255,4320,55392,46,198049
15343,0.001136,172.31.46.0-255,66,55458,46,198049
15344,0.001171,172.31.46.0-255,66,55524,46,198049
15345,0.001227,172.217.194.0-255,1484,57008,46,198049
15346,0.001245,172.217.194.0-255,2902,59910,46,198049
15347,0.001248,172.31.46.0-255,66,59976,46,198049
15348,0.001253,172.217.194.0-255,2902,62878,46,198049
15349,0.001255,172.31.46.0-255,66,62944,46,198049
15350,0.001268,172.217.194.0-255,2902,65846,46,198049
15351,0.00127,172.31.46.0-255,66,65912,46,198049
15352,0.001292,172.217.194.0-255,7156,73068,46,198049
15353,0.001294,172.31.46.0-255,66,73134,46,198049
15354,0.001317,172.217.194.0-255,5738,78872,46,198049
15355,0.00132,172.31.46.0-255,66,78938,46,198049
15356,0.001324,172.217.194.0-255,2902,81840,46,198049
15357,0.001326,172.31.46.0-255,66,81906,46,198049
15358,0.001348,172.217.194.0-255,5738,87644,46,198049
15359,0.001351,172.31.46.0-255,66,87710,46,198049
15360,0.001375,172.31.46.0-255,66,87776,46,198049
15361,0.001415,172.217.194.0-255,5738,93514,46,198049
15362,0.001418,172.31.46.0-255,66,93580,46,198049
15363,0.001439,172.217.194.0-255,5738,99318,46,198049
15364,0.001466,172.31.46.0-255,66,99384,46,198049
15365,0.001469,172.31.46.0-255,66,99450,46,198049
15366,0.001472,172.31.46.0-255,66,99516,46,198049
15367,0.001485,172.217.194.0-255,1484,101000,46,198049
15368,0.001502,172.31.46.0-255,66,101066,46,198049
15369,0.00153,172.217.194.0-255,6438,107504,46,198049
15370,0.001533,172.31.46.0-255,66,107570,46,198049
15371,0.001658,172.217.194.0-255,1484,109054,46,198049
15372,0.001665,172.217.194.0-255,2902,111956,46,198049
15373,0.001668,172.31.46.0-255,66,112022,46,198049
15374,0.001688,172.217.194.0-255,5738,117760,46,198049
15375,0.001691,172.31.46.0-255,66,117826,46,198049
15376,0.001711,172.217.194.0-255,5738,123564,46,198049
15377,0.001714,172.31.46.0-255,66,123630,46,198049
15378,0.001741,172.217.194.0-255,7156,130786,46,198049
15379,0.001745,172.31.46.0-255,66,130852,46,198049
15380,0.001756,172.31.46.0-255,66,130918,46,198049
15381,0.001759,172.217.194.0-255,1484,132402,46,198049
15382,0.001787,172.31.46.0-255,66,132468,46,198049
15383,0.001798,172.31.46.0-255,66,132534,46,198049
15384,0.001834,172.31.46.0-255,66,132600,46,198049
15385,0.001852,172.31.46.0-255,66,132666,46,198049
15386,0.002521,172.217.194.0-255,1484,134150,46,198049
15387,0.002526,172.217.194.0-255,2902,137052,46,198049
15388,0.002539,172.31.46.0-255,66,137118,46,198049
15389,0.002546,172.217.194.0-255,5738,142856,46,198049
15390,0.002548,172.31.46.0-255,66,142922,46,198049
15391,0.002575,172.217.194.0-255,2902,145824,46,198049
15392,0.002579,172.31.46.0-255,66,145890,46,198049
15393,0.0026,172.31.46.0-255,66,145956,46,198049
15394,0.002647,172.217.194.0-255,4320,150276,46,198049
15395,0.002652,172.31.46.0-255,66,150342,46,198049
15396,0.002666,172.217.194.0-255,6438,156780,46,198049
15397,0.002669,172.31.46.0-255,66,156846,46,198049
15398,0.002785,172.217.194.0-255,1484,158330,46,198049
15399,0.002792,172.217.194.0-255,2902,161232,46,198049
15400,0.002795,172.31.46.0-255,66,161298,46,198049
15401,0.0028,172.217.194.0-255,2902,164200,46,198049
15402,0.002802,172.31.46.0-255,66,164266,46,198049
15403,0.002817,172.217.194.0-255,2902,167168,46,198049
15404,0.002819,172.31.46.0-255,66,167234,46,198049
15405,0.002823,172.217.194.0-255,1484,168718,46,198049
15406,0.002857,172.31.46.0-255,66,168784,46,198049
15407,0.002875,172.217.194.0-255,1484,170268,46,198049
15408,0.002906,172.31.46.0-255,66,170334,46,198049
15409,0.002973,172.31.46.0-255,66,170400,46,198049
15410,0.002984,172.31.46.0-255,66,170466,46,198049
15411,0.003013,172.217.194.0-255,4320,174786,46,198049
15412,0.003016,172.31.46.0-255,66,174852,46,198049
15413,0.003022,172.217.194.0-255,5738,180590,46,198049
15414,0.003025,172.31.46.0-255,66,180656,46,198049
15415,0.003059,172.31.46.0-255,66,180722,46,198049
15416,0.003089,172.217.194.0-255,6438,187160,46,198049
15417,0.003092,172.31.46.0-255,66,187226,46,198049
15418,0.003095,172.217.194.0-255,1376,188602,46,198049
15419,0.00311,172.217.194.0-255,105,188707,46,198049
15420,0.008852,172.31.46.0-255,66,188773,46,198049
15421,0.008901,172.31.46.0-255,105,188878,46,198049
15422,0.010886,172.217.194.0-255,66,188944,46,198049
15423,0.03666,172.31.46.0-255,172,189116,46,198049
15424,0.036691,172.31.46.0-255,1115,190231,46,198049
15425,0.036745,172.31.46.0-255,1514,191745,46,198049
15426,0.036747,172.31.46.0-255,1514,193259,46,198049
15427,0.036748,172.31.46.0-255,1514,194773,46,198049
15428,0.036753,172.31.46.0-255,1514,196287,46,198049
15429,0.036754,172.31.46.0-255,1498,197785,46,198049
15430,0.0382,104.244.42.0-255,66,197851,46,198049
15431,0.03826,104.244.42.0-255,66,197917,46,198049
15432,0.038314,104.244.42.0-255,66,197983,46,198049
15433,0.038319,104.244.42.0-255,66,198049,46,198049
15434,0.0,74.125.68.0-255,153,153,46,294883
15435,2.3e-05,172.31.46.0-255,66,219,46,294883
15436,2.9e-05,74.125.68.0-255,1484,1703,46,294883
15437,3.4e-05,172.31.46.0-255,66,1769,46,294883
15438,4e-05,74.125.68.0-255,2902,4671,46,294883
15439,4.3e-05,172.31.46.0-255,66,4737,46,294883
15440,5e-05,74.125.68.0-255,5738,10475,46,294883
15441,5.3e-05,172.31.46.0-255,66,10541,46,294883
15442,5.8e-05,74.125.68.0-255,3466,14007,46,294883
15443,6.1e-05,172.31.46.0-255,66,14073,46,294883
15444,0.0001,74.125.68.0-255,1484,15557,46,294883
15445,0.000104,172.31.46.0-255,66,15623,46,294883
15446,0.000126,74.125.68.0-255,2902,18525,46,294883
15447,0.000129,172.31.46.0-255,66,18591,46,294883
15448,0.000135,74.125.68.0-255,5738,24329,46,294883
15449,0.000138,172.31.46.0-255,66,24395,46,294883
15450,0.000164,74.125.68.0-255,6797,31192,46,294883
15451,0.000167,172.31.46.0-255,66,31258,46,294883
15452,0.000575,74.125.68.0-255,1484,32742,46,294883
15453,0.000581,172.31.46.0-255,66,32808,46,294883
15454,0.000587,74.125.68.0-255,2902,35710,46,294883
15455,0.000589,172.31.46.0-255,66,35776,46,294883
15456,0.000612,74.125.68.0-255,5738,41514,46,294883
15457,0.000616,172.31.46.0-255,66,41580,46,294883
15458,0.000619,74.125.68.0-255,1484,43064,46,294883
15459,0.000621,172.31.46.0-255,66,43130,46,294883
15460,0.000625,74.125.68.0-255,2902,46032,46,294883
15461,0.000627,172.31.46.0-255,66,46098,46,294883
15462,0.000654,74.125.68.0-255,6797,52895,46,294883
15463,0.000657,172.31.46.0-255,66,52961,46,294883
15464,0.000662,74.125.68.0-255,4320,57281,46,294883
15465,0.000664,172.31.46.0-255,66,57347,46,294883
15466,0.000688,74.125.68.0-255,5738,63085,46,294883
15467,0.000692,172.31.46.0-255,66,63151,46,294883
15468,0.000714,74.125.68.0-255,2543,65694,46,294883
15469,0.000717,172.31.46.0-255,66,65760,46,294883
15470,0.000739,74.125.68.0-255,648,66408,46,294883
15471,0.000948,74.125.68.0-255,1484,67892,46,294883
15472,0.000953,172.31.46.0-255,66,67958,46,294883
15473,0.000959,74.125.68.0-255,2902,70860,46,294883
15474,0.00096,172.31.46.0-255,66,70926,46,294883
15475,0.000963,74.125.68.0-255,1484,72410,46,294883
15476,0.000977,74.125.68.0-255,2902,75312,46,294883
15477,0.00098,172.31.46.0-255,66,75378,46,294883
15478,0.001004,74.125.68.0-255,5738,81116,46,294883
15479,0.001007,172.31.46.0-255,66,81182,46,294883
15480,0.001029,74.125.68.0-255,7156,88338,46,294883
15481,0.001032,172.31.46.0-255,66,88404,46,294883
15482,0.001049,74.125.68.0-255,2902,91306,46,294883
15483,0.001052,172.31.46.0-255,66,91372,46,294883
15484,0.001069,74.125.68.0-255,2902,94274,46,294883
15485,0.001073,172.31.46.0-255,66,94340,46,294883
15486,0.001083,74.125.68.0-255,4320,98660,46,294883
15487,0.001086,172.31.46.0-255,66,98726,46,294883
15488,0.001098,74.125.68.0-255,2184,100910,46,294883
15489,0.0011,172.31.46.0-255,66,100976,46,294883
15490,0.001339,74.125.68.0-255,1484,102460,46,294883
15491,0.001343,74.125.68.0-255,1484,103944,46,294883
15492,0.001346,172.31.46.0-255,66,104010,46,294883
15493,0.001359,74.125.68.0-255,1484,105494,46,294883
15494,0.001365,74.125.68.0-255,4320,109814,46,294883
15495,0.001367,172.31.46.0-255,66,109880,46,294883
15496,0.001391,74.125.68.0-255,1484,111364,46,294883
15497,0.001396,74.125.68.0-255,2902,114266,46,294883
15498,0.001398,172.31.46.0-255,66,114332,46,294883
15499,0.001404,74.125.68.0-255,4320,118652,46,294883
15500,0.001406,172.31.46.0-255,66,118718,46,294883
15501,0.001416,172.31.46.0-255,66,118784,46,294883
15502,0.001435,74.125.68.0-255,2902,121686,46,294883
15503,0.001437,172.31.46.0-255,66,121752,46,294883
15504,0.001443,74.125.68.0-255,4320,126072,46,294883
15505,0.001445,172.31.46.0-255,66,126138,46,294883
15506,0.001447,74.125.68.0-255,766,126904,46,294883
15507,0.001755,74.125.68.0-255,1484,128388,46,294883
15508,0.00176,172.31.46.0-255,66,128454,46,294883
15509,0.001764,74.125.68.0-255,2902,131356,46,294883
15510,0.001766,172.31.46.0-255,66,131422,46,294883
15511,0.001769,74.125.68.0-255,1484,132906,46,294883
15512,0.001795,74.125.68.0-255,2902,135808,46,294883
15513,0.001797,172.31.46.0-255,66,135874,46,294883
15514,0.00182,74.125.68.0-255,5738,141612,46,294883
15515,0.001823,172.31.46.0-255,66,141678,46,294883
15516,0.001829,74.125.68.0-255,4320,145998,46,294883
15517,0.001831,172.31.46.0-255,66,146064,46,294883
15518,0.001857,74.125.68.0-255,5738,151802,46,294883
15519,0.001859,172.31.46.0-255,66,151868,46,294883
15520,0.001889,74.125.68.0-255,2902,154770,46,294883
15521,0.001891,172.31.46.0-255,66,154836,46,294883
15522,0.001909,74.125.68.0-255,6438,161274,46,294883
15523,0.001911,172.31.46.0-255,66,161340,46,294883
15524,0.001983,74.125.68.0-255,1484,162824,46,294883
15525,0.001988,74.125.68.0-255,1484,164308,46,294883
15526,0.00199,172.31.46.0-255,66,164374,46,294883
15527,0.002007,74.125.68.0-255,1484,165858,46,294883
15528,0.002015,74.125.68.0-255,5738,171596,46,294883
15529,0.002017,172.31.46.0-255,66,171662,46,294883
15530,0.002052,172.31.46.0-255,66,171728,46,294883
15531,0.002059,74.125.68.0-255,7156,178884,46,294883
15532,0.002061,172.31.46.0-255,66,178950,46,294883
15533,0.002081,74.125.68.0-255,2902,181852,46,294883
15534,0.002083,172.31.46.0-255,66,181918,46,294883
15535,0.002089,74.125.68.0-255,5020,186938,46,294883
15536,0.002092,172.31.46.0-255,66,187004,46,294883
15537,0.00414,74.125.68.0-255,5738,192742,46,294883
15538,0.00415,172.31.46.0-255,66,192808,46,294883
15539,0.006201,74.125.68.0-255,5738,198546,46,294883
15540,0.006209,172.31.46.0-255,66,198612,46,294883
15541,0.008254,74.125.68.0-255,5738,204350,46,294883
15542,0.008263,172.31.46.0-255,66,204416,46,294883
15543,0.010326,74.125.68.0-255,5738,210154,46,294883
15544,0.010336,172.31.46.0-255,66,210220,46,294883
15545,0.012439,74.125.68.0-255,5738,215958,46,294883
15546,0.01245,172.31.46.0-255,66,216024,46,294883
15547,0.014519,74.125.68.0-255,5738,221762,46,294883
15548,0.014533,172.31.46.0-255,66,221828,46,294883
15549,0.016613,74.125.68.0-255,5738,227566,46,294883
15550,0.016642,172.31.46.0-255,66,227632,46,294883
15551,0.018746,74.125.68.0-255,5738,233370,46,294883
15552,0.018758,172.31.46.0-255,66,233436,46,294883
15553,0.02083,74.125.68.0-255,5738,239174,46,294883
15554,0.020846,172.31.46.0-255,66,239240,46,294883
15555,0.022902,74.125.68.0-255,5738,244978,46,294883
15556,0.022915,172.31.46.0-255,66,245044,46,294883
15557,0.02498,74.125.68.0-255,5738,250782,46,294883
15558,0.024993,172.31.46.0-255,66,250848,46,294883
15559,0.027048,74.125.68.0-255,5738,256586,46,294883
15560,0.02706,172.31.46.0-255,66,256652,46,294883
15561,0.029141,74.125.68.0-255,5738,262390,46,294883
15562,0.029149,172.31.46.0-255,66,262456,46,294883
15563,0.031228,74.125.68.0-255,5738,268194,46,294883
15564,0.031242,172.31.46.0-255,66,268260,46,294883
15565,0.032385,172.31.46.0-255,172,268432,46,294883
15566,0.032417,172.31.46.0-255,1119,269551,46,294883
15567,0.03248,172.31.46.0-255,1514,271065,46,294883
15568,0.032482,172.31.46.0-255,404,271469,46,294883
15569,0.03329,74.125.68.0-255,5738,277207,46,294883
15570,0.033298,172.31.46.0-255,66,277273,46,294883
15571,0.033911,104.244.42.0-255,66,277339,46,294883
15572,0.033919,104.244.42.0-255,66,277405,46,294883
15573,0.034002,104.244.42.0-255,66,277471,46,294883
15574,0.035361,74.125.68.0-255,5738,283209,46,294883
15575,0.035371,172.31.46.0-255,66,283275,46,294883
15576,0.037419,74.125.68.0-255,5738,289013,46,294883
15577,0.037429,172.31.46.0-255,66,289079,46,294883
15578,0.039485,74.125.68.0-255,5738,294817,46,294883
15579,0.039495,172.31.46.0-255,66,294883,46,294883
15580,0.0,172.217.194.0-255,160,160,46,295185
15581,2.2e-05,172.31.46.0-255,66,226,46,295185
15582,2.9e-05,172.217.194.0-255,1484,1710,46,295185
15583,3.3e-05,172.31.46.0-255,66,1776,46,295185
15584,3.9e-05,172.217.194.0-255,2902,4678,46,295185
15585,4.2e-05,172.31.46.0-255,66,4744,46,295185
15586,5e-05,172.217.194.0-255,7156,11900,46,295185
15587,5.4e-05,172.31.46.0-255,66,11966,46,295185
15588,5.8e-05,172.217.194.0-255,2064,14030,46,295185
15589,6.1e-05,172.31.46.0-255,66,14096,46,295185
15590,0.000136,172.217.194.0-255,1484,15580,46,295185
15591,0.000139,172.31.46.0-255,66,15646,46,295185
15592,0.000177,172.217.194.0-255,2902,18548,46,295185
15593,0.00018,172.31.46.0-255,66,18614,46,295185
15594,0.000187,172.217.194.0-255,5738,24352,46,295185
15595,0.000189,172.31.46.0-255,66,24418,46,295185
15596,0.000204,172.217.194.0-255,1484,25902,46,295185
15597,0.000206,172.31.46.0-255,66,25968,46,295185
15598,0.000237,172.217.194.0-255,5379,31347,46,295185
15599,0.00024,172.31.46.0-255,66,31413,46,295185
15600,0.000248,172.217.194.0-255,7156,38569,46,295185
15601,0.000251,172.31.46.0-255,66,38635,46,295185
15602,0.000258,172.217.194.0-255,7156,45791,46,295185
15603,0.00026,172.31.46.0-255,66,45857,46,295185
15604,0.000279,172.217.194.0-255,1484,47341,46,295185
15605,0.000281,172.31.46.0-255,66,47407,46,295185
15606,0.000302,172.217.194.0-255,1125,48532,46,295185
15607,0.000304,172.31.46.0-255,66,48598,46,295185
15608,0.000504,172.217.194.0-255,1484,50082,46,295185
15609,0.00051,172.31.46.0-255,66,50148,46,295185
15610,0.000515,172.217.194.0-255,2902,53050,46,295185
15611,0.000518,172.31.46.0-255,66,53116,46,295185
15612,0.00054,172.217.194.0-255,5738,58854,46,295185
15613,0.000543,172.31.46.0-255,66,58920,46,295185
15614,0.000565,172.217.194.0-255,6797,65717,46,295185
15615,0.000596,172.31.46.0-255,66,65783,46,295185
15616,0.000661,172.217.194.0-255,1484,67267,46,295185
15617,0.000669,172.217.194.0-255,2902,70169,46,295185
15618,0.000672,172.31.46.0-255,66,70235,46,295185
15619,0.000698,172.217.194.0-255,5738,75973,46,295185
15620,0.000701,172.31.46.0-255,66,76039,46,295185
15621,0.000707,172.217.194.0-255,4320,80359,46,295185
15622,0.000709,172.31.46.0-255,66,80425,46,295185
15623,0.000771,172.217.194.0-255,7156,87581,46,295185
15624,0.000775,172.31.46.0-255,66,87647,46,295185
15625,0.000796,172.217.194.0-255,5379,93026,46,295185
15626,0.000799,172.31.46.0-255,66,93092,46,295185
15627,0.000805,172.217.194.0-255,5738,98830,46,295185
15628,0.000808,172.31.46.0-255,66,98896,46,295185
15629,0.000834,172.31.46.0-255,66,98962,46,295185
15630,0.000866,172.217.194.0-255,212,99174,46,295185
15631,0.000875,172.31.46.0-255,66,99240,46,295185
15632,0.001026,172.217.194.0-255,1484,100724,46,295185
15633,0.001031,172.31.46.0-255,66,100790,46,295185
15634,0.001036,172.217.194.0-255,2902,103692,46,295185
15635,0.001039,172.31.46.0-255,66,103758,46,295185
15636,0.001045,172.217.194.0-255,5738,109496,46,295185
15637,0.001048,172.31.46.0-255,66,109562,46,295185
15638,0.001074,172.217.194.0-255,7156,116718,46,295185
15639,0.001078,172.31.46.0-255,66,116784,46,295185
15640,0.001097,172.217.194.0-255,4320,121104,46,295185
15641,0.0011,172.31.46.0-255,66,121170,46,295185
15642,0.001116,172.217.194.0-255,1484,122654,46,295185
15643,0.001148,172.31.46.0-255,66,122720,46,295185
15644,0.001435,172.217.194.0-255,1484,124204,46,295185
15645,0.001442,172.217.194.0-255,2902,127106,46,295185
15646,0.001446,172.31.46.0-255,66,127172,46,295185
15647,0.001454,172.217.194.0-255,5738,132910,46,295185
15648,0.001456,172.31.46.0-255,66,132976,46,295185
15649,0.001491,172.31.46.0-255,66,133042,46,295185
15650,0.001498,172.217.194.0-255,7156,140198,46,295185
15651,0.001501,172.31.46.0-255,66,140264,46,295185
15652,0.001541,172.217.194.0-255,3602,143866,46,295185
15653,0.001544,172.31.46.0-255,66,143932,46,295185
15654,0.001728,172.217.194.0-255,1484,145416,46,295185
15655,0.001734,172.217.194.0-255,2902,148318,46,295185
15656,0.001738,172.31.46.0-255,66,148384,46,295185
15657,0.001745,172.217.194.0-255,5738,154122,46,295185
15658,0.001748,172.31.46.0-255,66,154188,46,295185
15659,0.001754,172.217.194.0-255,5738,159926,46,295185
15660,0.001756,172.31.46.0-255,66,159992,46,295185
15661,0.001789,172.217.194.0-255,7156,167148,46,295185
15662,0.001792,172.31.46.0-255,66,167214,46,295185
15663,0.001834,172.217.194.0-255,1484,168698,46,295185
15664,0.001847,172.217.194.0-255,1484,170182,46,295185
15665,0.001849,172.31.46.0-255,66,170248,46,295185
15666,0.00188,172.31.46.0-255,66,170314,46,295185
15667,0.001883,172.217.194.0-255,1484,171798,46,295185
15668,0.001887,172.217.194.0-255,2902,174700,46,295185
15669,0.001889,172.31.46.0-255,66,174766,46,295185
15670,0.001894,172.217.194.0-255,4320,179086,46,295185
15671,0.001897,172.31.46.0-255,66,179152,46,295185
15672,0.001911,172.217.194.0-255,1484,180636,46,295185
15673,0.001914,172.217.194.0-255,1484,182120,46,295185
15674,0.001916,172.31.46.0-255,66,182186,46,295185
15675,0.001962,172.31.46.0-255,66,182252,46,295185
15676,0.00198,172.31.46.0-255,66,182318,46,295185
15677,0.002066,172.217.194.0-255,1484,183802,46,295185
15678,0.00207,172.217.194.0-255,1484,185286,46,295185
15679,0.002073,172.31.46.0-255,66,185352,46,295185
15680,0.00209,172.217.194.0-255,1484,186836,46,295185
15681,0.002097,172.217.194.0-255,5738,192574,46,295185
15682,0.0021,172.31.46.0-255,66,192640,46,295185
15683,0.00213,172.217.194.0-255,4320,196960,46,295185
15684,0.002133,172.31.46.0-255,66,197026,46,295185
15685,0.00214,172.217.194.0-255,5738,202764,46,295185
15686,0.002142,172.31.46.0-255,66,202830,46,295185
15687,0.002166,172.217.194.0-255,5738,208568,46,295185
15688,0.002168,172.31.46.0-255,66,208634,46,295185
15689,0.002179,172.31.46.0-255,66,208700,46,295185
15690,0.002618,172.217.194.0-255,1484,210184,46,295185
15691,0.002624,172.217.194.0-255,1484,211668,46,295185
15692,0.002628,172.31.46.0-255,66,211734,46,295185
15693,0.002633,172.217.194.0-255,1484,213218,46,295185
15694,0.002639,172.217.194.0-255,4320,217538,46,295185
15695,0.002642,172.31.46.0-255,66,217604,46,295185
15696,0.002667,172.217.194.0-255,4320,221924,46,295185
15697,0.002669,172.31.46.0-255,66,221990,46,295185
15698,0.002696,172.217.194.0-255,7156,229146,46,295185
15699,0.002711,172.217.194.0-255,2902,232048,46,295185
15700,0.002719,172.217.194.0-255,7156,239204,46,295185
15701,0.002735,172.217.194.0-255,2902,242106,46,295185
15702,0.002751,172.217.194.0-255,766,242872,46,295185
15703,0.002778,172.217.194.0-255,1484,244356,46,295185
15704,0.002791,172.217.194.0-255,4320,248676,46,295185
15705,0.002802,172.217.194.0-255,1484,250160,46,295185
15706,0.002828,172.217.194.0-255,5738,255898,46,295185
15707,0.002848,172.217.194.0-255,4320,260218,46,295185
15708,0.002866,172.217.194.0-255,1484,261702,46,295185
15709,0.002869,172.31.46.0-255,78,261780,46,295185
15710,0.002878,172.217.194.0-255,7156,268936,46,295185
15711,0.00288,172.31.46.0-255,78,269014,46,295185
15712,0.002902,172.217.194.0-255,7156,276170,46,295185
15713,0.002929,172.217.194.0-255,2902,279072,46,295185
15714,0.002969,172.217.194.0-255,3602,282674,46,295185
15715,0.002972,172.217.194.0-255,1484,284158,46,295185
15716,0.002988,172.217.194.0-255,766,284924,46,295185
15717,0.003272,172.217.194.0-255,985,285909,46,295185
15718,0.003285,172.217.194.0-255,97,286006,46,295185
15719,0.003357,172.217.194.0-255,105,286111,46,295185
15720,0.003998,172.31.46.0-255,66,286177,46,295185
15721,0.008039,172.31.46.0-255,105,286282,46,295185
15722,0.010299,172.217.194.0-255,66,286348,46,295185
15723,0.038479,172.31.46.0-255,168,286516,46,295185
15724,0.038513,172.31.46.0-255,1123,287639,46,295185
15725,0.03858,172.31.46.0-255,1514,289153,46,295185
15726,0.038582,172.31.46.0-255,1514,290667,46,295185
15727,0.038583,172.31.46.0-255,1514,292181,46,295185
15728,0.038585,172.31.46.0-255,1514,293695,46,295185
15729,0.038586,172.31.46.0-255,1490,295185,46,295185
15730,0.0,74.125.130.0-255,290,290,46,203728
15731,2.1e-05,172.31.46.0-255,66,356,46,203728
15732,2.8e-05,74.125.130.0-255,1484,1840,46,203728
15733,3.2e-05,172.31.46.0-255,66,1906,46,203728
15734,3.5e-05,74.125.130.0-255,1484,3390,46,203728
15735,4.5e-05,172.31.46.0-255,66,3456,46,203728
15736,8.4e-05,74.125.130.0-255,1484,4940,46,203728
15737,8.8e-05,172.31.46.0-255,66,5006,46,203728
15738,9.7e-05,74.125.130.0-255,5738,10744,46,203728
15739,0.0001,172.31.46.0-255,66,10810,46,203728
15740,0.000105,74.125.130.0-255,3225,14035,46,203728
15741,0.000108,172.31.46.0-255,66,14101,46,203728
15742,0.00013,74.125.130.0-255,1484,15585,46,203728
15743,0.000132,172.31.46.0-255,66,15651,46,203728
15744,0.000136,74.125.130.0-255,1484,17135,46,203728
15745,0.000138,172.31.46.0-255,66,17201,46,203728
15746,0.000169,74.125.130.0-255,1484,18685,46,203728
15747,0.000171,172.31.46.0-255,66,18751,46,203728
15748,0.000177,74.125.130.0-255,4320,23071,46,203728
15749,0.000179,172.31.46.0-255,66,23137,46,203728
15750,0.000209,74.125.130.0-255,1484,24621,46,203728
15751,0.000211,172.31.46.0-255,66,24687,46,203728
15752,0.000216,74.125.130.0-255,2902,27589,46,203728
15753,0.000219,172.31.46.0-255,66,27655,46,203728
15754,0.000225,74.125.130.0-255,3961,31616,46,203728
15755,0.000228,172.31.46.0-255,66,31682,46,203728
15756,0.00037,74.125.130.0-255,1484,33166,46,203728
15757,0.000375,172.31.46.0-255,66,33232,46,203728
15758,0.000379,74.125.130.0-255,1484,34716,46,203728
15759,0.000382,172.31.46.0-255,66,34782,46,203728
15760,0.000414,74.125.130.0-255,1484,36266,46,203728
15761,0.000417,172.31.46.0-255,66,36332,46,203728
15762,0.000425,74.125.130.0-255,5738,42070,46,203728
15763,0.000427,172.31.46.0-255,66,42136,46,203728
15764,0.000431,74.125.130.0-255,2902,45038,46,203728
15765,0.000433,172.31.46.0-255,66,45104,46,203728
15766,0.00047,74.125.130.0-255,3961,49065,46,203728
15767,0.000473,172.31.46.0-255,66,49131,46,203728
15768,0.00048,74.125.130.0-255,7156,56287,46,203728
15769,0.000482,172.31.46.0-255,66,56353,46,203728
15770,0.000493,172.31.46.0-255,66,56419,46,203728
15771,0.000537,74.125.130.0-255,1125,57544,46,203728
15772,0.00055,74.125.130.0-255,377,57921,46,203728
15773,0.001089,172.31.46.0-255,66,57987,46,203728
15774,0.001235,74.125.130.0-255,366,58353,46,203728
15775,0.001415,74.125.130.0-255,1484,59837,46,203728
15776,0.00142,172.31.46.0-255,66,59903,46,203728
15777,0.001426,74.125.130.0-255,1484,61387,46,203728
15778,0.001449,74.125.130.0-255,1484,62871,46,203728
15779,0.001451,172.31.46.0-255,66,62937,46,203728
15780,0.001454,74.125.130.0-255,1484,64421,46,203728
15781,0.001459,74.125.130.0-255,2902,67323,46,203728
15782,0.001461,172.31.46.0-255,66,67389,46,203728
15783,0.001495,74.125.130.0-255,5738,73127,46,203728
15784,0.001498,172.31.46.0-255,66,73193,46,203728
15785,0.001503,74.125.130.0-255,2543,75736,46,203728
15786,0.001504,172.31.46.0-255,66,75802,46,203728
15787,0.001509,74.125.130.0-255,2902,78704,46,203728
15788,0.001515,172.31.46.0-255,66,78770,46,203728
15789,0.001518,74.125.130.0-255,1484,80254,46,203728
15790,0.001553,74.125.130.0-255,5738,85992,46,203728
15791,0.001556,172.31.46.0-255,66,86058,46,203728
15792,0.001563,74.125.130.0-255,6797,92855,46,203728
15793,0.001565,172.31.46.0-255,66,92921,46,203728
15794,0.002407,74.125.130.0-255,1484,94405,46,203728
15795,0.002437,74.125.130.0-255,2902,97307,46,203728
15796,0.002441,172.31.46.0-255,66,97373,46,203728
15797,0.002449,74.125.130.0-255,5738,103111,46,203728
15798,0.002451,172.31.46.0-255,66,103177,46,203728
15799,0.002462,74.125.130.0-255,4320,107497,46,203728
15800,0.002464,172.31.46.0-255,66,107563,46,203728
15801,0.004873,74.125.130.0-255,1484,109047,46,203728
15802,0.004897,74.125.130.0-255,4320,113367,46,203728
15803,0.004901,172.31.46.0-255,66,113433,46,203728
15804,0.00734,74.125.130.0-255,5738,119171,46,203728
15805,0.007346,172.31.46.0-255,66,119237,46,203728
15806,0.009783,74.125.130.0-255,5738,124975,46,203728
15807,0.00979,172.31.46.0-255,66,125041,46,203728
15808,0.012228,74.125.130.0-255,5738,130779,46,203728
15809,0.012235,172.31.46.0-255,66,130845,46,203728
15810,0.014674,74.125.130.0-255,5738,136583,46,203728
15811,0.014682,172.31.46.0-255,66,136649,46,203728
15812,0.017181,74.125.130.0-255,5738,142387,46,203728
15813,0.017196,172.31.46.0-255,66,142453,46,203728
15814,0.019639,74.125.130.0-255,5738,148191,46,203728
15815,0.019649,172.31.46.0-255,66,148257,46,203728
15816,0.022098,74.125.130.0-255,5738,153995,46,203728
15817,0.02211,172.31.46.0-255,66,154061,46,203728
15818,0.02455,74.125.130.0-255,5738,159799,46,203728
15819,0.024565,172.31.46.0-255,66,159865,46,203728
15820,0.02701,74.125.130.0-255,5738,165603,46,203728
15821,0.027018,172.31.46.0-255,66,165669,46,203728
15822,0.029492,74.125.130.0-255,5738,171407,46,203728
15823,0.0295,172.31.46.0-255,66,171473,46,203728
15824,0.031937,74.125.130.0-255,5738,177211,46,203728
15825,0.031945,172.31.46.0-255,66,177277,46,203728
15826,0.034382,74.125.130.0-255,5738,183015,46,203728
15827,0.034392,172.31.46.0-255,66,183081,46,203728
15828,0.034948,172.31.46.0-255,172,183253,46,203728
15829,0.034979,172.31.46.0-255,1118,184371,46,203728
15830,0.03505,172.31.46.0-255,1514,185885,46,203728
15831,0.035052,172.31.46.0-255,1514,187399,46,203728
15832,0.035058,172.31.46.0-255,1514,188913,46,203728
15833,0.035059,172.31.46.0-255,1514,190427,46,203728
15834,0.035085,172.31.46.0-255,1495,191922,46,203728
15835,0.036628,104.244.42.0-255,66,191988,46,203728
15836,0.036635,104.244.42.0-255,66,192054,46,203728
15837,0.036746,104.244.42.0-255,66,192120,46,203728
15838,0.03683,74.125.130.0-255,5738,197858,46,203728
15839,0.036835,172.31.46.0-255,66,197924,46,203728
15840,0.039279,74.125.130.0-255,5738,203662,46,203728
15841,0.039286,172.31.46.0-255,66,203728,46,203728
