,TIME,SRC,PACKET_SIZE,CUMULATIVE_PACKET_SIZE,PAGE_NUMBER,TOTAL_PACKET_SIZE
0,0.0,74.125.24.0-255,146,146,65,214858
1,1.5e-05,172.31.40.0-255,66,212,65,214858
2,2.2e-05,74.125.24.0-255,1484,1696,65,214858
3,2.7e-05,172.31.40.0-255,66,1762,65,214858
4,3.3e-05,74.125.24.0-255,2902,4664,65,214858
5,3.7e-05,172.31.40.0-255,66,4730,65,214858
6,4.4e-05,74.125.24.0-255,7156,11886,65,214858
7,4.7e-05,172.31.40.0-255,66,11952,65,214858
8,5.4e-05,74.125.24.0-255,4875,16827,65,214858
9,5.7e-05,172.31.40.0-255,66,16893,65,214858
10,0.000101,172.31.40.0-255,66,16959,65,214858
11,0.000118,74.125.24.0-255,2543,19502,65,214858
12,0.000121,172.31.40.0-255,66,19568,65,214858
13,0.000152,74.125.24.0-255,1484,21052,65,214858
14,0.000155,172.31.40.0-255,66,21118,65,214858
15,0.00016,74.125.24.0-255,2902,24020,65,214858
16,0.000162,172.31.40.0-255,66,24086,65,214858
17,0.000167,74.125.24.0-255,2902,26988,65,214858
18,0.00017,172.31.40.0-255,66,27054,65,214858
19,0.000189,74.125.24.0-255,2902,29956,65,214858
20,0.000191,172.31.40.0-255,66,30022,65,214858
21,0.000195,74.125.24.0-255,2902,32924,65,214858
22,0.000197,172.31.40.0-255,66,32990,65,214858
23,0.000231,172.31.40.0-255,66,33056,65,214858
24,0.000243,172.31.40.0-255,66,33122,65,214858
25,0.000245,74.125.24.0-255,110,33232,65,214858
26,0.000247,172.31.40.0-255,66,33298,65,214858
27,0.000337,74.125.24.0-255,330,33628,65,214858
28,0.000341,172.31.40.0-255,66,33694,65,214858
29,0.000557,74.125.24.0-255,1484,35178,65,214858
30,0.000564,172.31.40.0-255,66,35244,65,214858
31,0.00057,74.125.24.0-255,2902,38146,65,214858
32,0.000572,172.31.40.0-255,66,38212,65,214858
33,0.000578,74.125.24.0-255,5738,43950,65,214858
34,0.000581,172.31.40.0-255,66,44016,65,214858
35,0.000594,172.31.40.0-255,66,44082,65,214858
36,0.000597,74.125.24.0-255,1484,45566,65,214858
37,0.00062,74.125.24.0-255,1484,47050,65,214858
38,0.000622,172.31.40.0-255,66,47116,65,214858
39,0.000654,172.31.40.0-255,66,47182,65,214858
40,0.000874,74.125.24.0-255,1484,48666,65,214858
41,0.000882,74.125.24.0-255,2902,51568,65,214858
42,0.000885,172.31.40.0-255,66,51634,65,214858
43,0.000891,74.125.24.0-255,5738,57372,65,214858
44,0.000894,172.31.40.0-255,66,57438,65,214858
45,0.000901,74.125.24.0-255,7156,64594,65,214858
46,0.000903,172.31.40.0-255,66,64660,65,214858
47,0.000976,172.31.40.0-255,66,64726,65,214858
48,0.00098,74.125.24.0-255,2184,66910,65,214858
49,0.000985,172.31.40.0-255,66,66976,65,214858
50,0.001072,74.125.24.0-255,1484,68460,65,214858
51,0.001075,74.125.24.0-255,1484,69944,65,214858
52,0.001078,172.31.40.0-255,66,70010,65,214858
53,0.001095,74.125.24.0-255,1484,71494,65,214858
54,0.001102,74.125.24.0-255,5738,77232,65,214858
55,0.001105,172.31.40.0-255,66,77298,65,214858
56,0.001119,74.125.24.0-255,1484,78782,65,214858
57,0.001146,74.125.24.0-255,2902,81684,65,214858
58,0.00115,172.31.40.0-255,66,81750,65,214858
59,0.001182,74.125.24.0-255,2184,83934,65,214858
60,0.001187,172.31.40.0-255,66,84000,65,214858
61,0.001243,74.125.24.0-255,1484,85484,65,214858
62,0.001256,74.125.24.0-255,2902,88386,65,214858
63,0.001277,74.125.24.0-255,5738,94124,65,214858
64,0.001281,172.31.40.0-255,66,94190,65,214858
65,0.001291,172.31.40.0-255,66,94256,65,214858
66,0.001312,74.125.24.0-255,4320,98576,65,214858
67,0.001321,172.31.40.0-255,66,98642,65,214858
68,0.001354,74.125.24.0-255,5738,104380,65,214858
69,0.001375,172.31.40.0-255,66,104446,65,214858
70,0.001382,74.125.24.0-255,1484,105930,65,214858
71,0.001397,74.125.24.0-255,3602,109532,65,214858
72,0.001413,74.125.24.0-255,2902,112434,65,214858
73,0.00142,172.31.40.0-255,66,112500,65,214858
74,0.001429,74.125.24.0-255,2902,115402,65,214858
75,0.001435,74.125.24.0-255,4320,119722,65,214858
76,0.001442,172.31.40.0-255,66,119788,65,214858
77,0.001447,74.125.24.0-255,2902,122690,65,214858
78,0.001458,74.125.24.0-255,1484,124174,65,214858
79,0.001471,74.125.24.0-255,4320,128494,65,214858
80,0.001482,172.31.40.0-255,66,128560,65,214858
81,0.001514,74.125.24.0-255,6438,134998,65,214858
82,0.001521,172.31.40.0-255,66,135064,65,214858
83,0.001534,74.125.24.0-255,5738,140802,65,214858
84,0.001547,74.125.24.0-255,4320,145122,65,214858
85,0.001593,74.125.24.0-255,766,145888,65,214858
86,0.001595,172.31.40.0-255,66,145954,65,214858
87,0.001602,172.31.40.0-255,66,146020,65,214858
88,0.001661,74.125.24.0-255,1484,147504,65,214858
89,0.001665,74.125.24.0-255,1484,148988,65,214858
90,0.00167,172.31.40.0-255,66,149054,65,214858
91,0.001687,74.125.24.0-255,1484,150538,65,214858
92,0.001694,74.125.24.0-255,5738,156276,65,214858
93,0.0017,74.125.24.0-255,5738,162014,65,214858
94,0.001722,172.31.40.0-255,66,162080,65,214858
95,0.001737,172.31.40.0-255,66,162146,65,214858
96,0.001747,74.125.24.0-255,4320,166466,65,214858
97,0.001752,74.125.24.0-255,5020,171486,65,214858
98,0.00181,172.31.40.0-255,66,171552,65,214858
99,0.001883,74.125.24.0-255,1484,173036,65,214858
100,0.001887,74.125.24.0-255,1484,174520,65,214858
101,0.0019,172.31.40.0-255,66,174586,65,214858
102,0.001904,74.125.24.0-255,1484,176070,65,214858
103,0.001911,74.125.24.0-255,5738,181808,65,214858
104,0.001913,74.125.24.0-255,1484,183292,65,214858
105,0.001919,172.31.40.0-255,66,183358,65,214858
106,0.00195,74.125.24.0-255,2902,186260,65,214858
107,0.001958,172.31.40.0-255,66,186326,65,214858
108,0.00197,74.125.24.0-255,6438,192764,65,214858
109,0.00198,172.31.40.0-255,66,192830,65,214858
110,0.001999,74.125.24.0-255,2902,195732,65,214858
111,0.002008,172.31.40.0-255,66,195798,65,214858
112,0.002016,74.125.24.0-255,7156,202954,65,214858
113,0.002022,74.125.24.0-255,5738,208692,65,214858
114,0.002027,172.31.40.0-255,66,208758,65,214858
115,0.002076,172.31.40.0-255,66,208824,65,214858
116,0.002117,74.125.24.0-255,5758,214582,65,214858
117,0.002131,74.125.24.0-255,105,214687,65,214858
118,0.002135,172.31.40.0-255,66,214753,65,214858
119,0.009588,172.31.40.0-255,105,214858,65,214858
120,0.0,172.217.194.0-255,153,153,65,171983
121,1.3e-05,172.31.40.0-255,66,219,65,171983
122,1.9e-05,172.217.194.0-255,1484,1703,65,171983
123,2.3e-05,172.31.40.0-255,66,1769,65,171983
124,2.8e-05,172.217.194.0-255,2902,4671,65,171983
125,3.7e-05,172.31.40.0-255,66,4737,65,171983
126,4.2e-05,172.217.194.0-255,4320,9057,65,171983
127,4.5e-05,172.31.40.0-255,66,9123,65,171983
128,6e-05,172.217.194.0-255,2902,12025,65,171983
129,6.2e-05,172.31.40.0-255,66,12091,65,171983
130,6.6e-05,172.217.194.0-255,2056,14147,65,171983
131,6.8e-05,172.31.40.0-255,66,14213,65,171983
132,0.000113,172.31.40.0-255,66,14279,65,171983
133,0.000119,172.217.194.0-255,5379,19658,65,171983
134,0.000121,172.31.40.0-255,66,19724,65,171983
135,0.000166,172.31.40.0-255,66,19790,65,171983
136,0.000196,172.217.194.0-255,2902,22692,65,171983
137,0.000198,172.31.40.0-255,66,22758,65,171983
138,0.000202,172.217.194.0-255,1484,24242,65,171983
139,0.000203,172.31.40.0-255,66,24308,65,171983
140,0.000243,172.31.40.0-255,66,24374,65,171983
141,0.000282,172.217.194.0-255,98,24472,65,171983
142,0.000285,172.31.40.0-255,66,24538,65,171983
143,0.000288,172.31.40.0-255,66,24604,65,171983
144,0.000294,172.217.194.0-255,363,24967,65,171983
145,0.000296,172.31.40.0-255,66,25033,65,171983
146,0.000429,172.217.194.0-255,1484,26517,65,171983
147,0.000433,172.31.40.0-255,66,26583,65,171983
148,0.00049,172.217.194.0-255,2902,29485,65,171983
149,0.000493,172.31.40.0-255,66,29551,65,171983
150,0.00052,172.217.194.0-255,4320,33871,65,171983
151,0.000523,172.31.40.0-255,66,33937,65,171983
152,0.000555,172.217.194.0-255,1484,35421,65,171983
153,0.000569,172.31.40.0-255,66,35487,65,171983
154,0.000573,172.217.194.0-255,2902,38389,65,171983
155,0.000575,172.31.40.0-255,66,38455,65,171983
156,0.000584,172.31.40.0-255,66,38521,65,171983
157,0.000875,172.217.194.0-255,1484,40005,65,171983
158,0.000903,172.217.194.0-255,2902,42907,65,171983
159,0.000906,172.31.40.0-255,66,42973,65,171983
160,0.000913,172.217.194.0-255,5738,48711,65,171983
161,0.000915,172.31.40.0-255,66,48777,65,171983
162,0.000944,172.31.40.0-255,66,48843,65,171983
163,0.000971,172.217.194.0-255,2902,51745,65,171983
164,0.000973,172.31.40.0-255,66,51811,65,171983
165,0.000976,172.217.194.0-255,1484,53295,65,171983
166,0.001001,172.217.194.0-255,5738,59033,65,171983
167,0.001003,172.31.40.0-255,66,59099,65,171983
168,0.001024,172.217.194.0-255,3602,62701,65,171983
169,0.001026,172.31.40.0-255,66,62767,65,171983
170,0.001132,172.217.194.0-255,1484,64251,65,171983
171,0.00116,172.217.194.0-255,2902,67153,65,171983
172,0.001163,172.31.40.0-255,66,67219,65,171983
173,0.001169,172.217.194.0-255,5738,72957,65,171983
174,0.001171,172.31.40.0-255,66,73023,65,171983
175,0.001175,172.217.194.0-255,2902,75925,65,171983
176,0.001177,172.31.40.0-255,66,75991,65,171983
177,0.001211,172.217.194.0-255,2902,78893,65,171983
178,0.001214,172.31.40.0-255,66,78959,65,171983
179,0.001221,172.217.194.0-255,7156,86115,65,171983
180,0.001223,172.31.40.0-255,66,86181,65,171983
181,0.001226,172.217.194.0-255,1484,87665,65,171983
182,0.001263,172.31.40.0-255,66,87731,65,171983
183,0.001265,172.217.194.0-255,1484,89215,65,171983
184,0.001289,172.217.194.0-255,7156,96371,65,171983
185,0.001291,172.31.40.0-255,66,96437,65,171983
186,0.001308,172.217.194.0-255,2902,99339,65,171983
187,0.001311,172.31.40.0-255,66,99405,65,171983
188,0.001324,172.31.40.0-255,66,99471,65,171983
189,0.001327,172.217.194.0-255,1484,100955,65,171983
190,0.001365,172.31.40.0-255,66,101021,65,171983
191,0.0014,172.217.194.0-255,1484,102505,65,171983
192,0.001416,172.217.194.0-255,1484,103989,65,171983
193,0.001418,172.31.40.0-255,66,104055,65,171983
194,0.001438,172.217.194.0-255,1484,105539,65,171983
195,0.001442,172.217.194.0-255,2902,108441,65,171983
196,0.001444,172.31.40.0-255,66,108507,65,171983
197,0.001478,172.217.194.0-255,2902,111409,65,171983
198,0.001481,172.31.40.0-255,66,111475,65,171983
199,0.001491,172.31.40.0-255,66,111541,65,171983
200,0.001505,172.31.40.0-255,66,111607,65,171983
201,0.00154,172.217.194.0-255,6438,118045,65,171983
202,0.001542,172.217.194.0-255,1484,119529,65,171983
203,0.001546,172.31.40.0-255,66,119595,65,171983
204,0.001567,172.217.194.0-255,2902,122497,65,171983
205,0.001569,172.31.40.0-255,66,122563,65,171983
206,0.001575,172.217.194.0-255,5738,128301,65,171983
207,0.001577,172.31.40.0-255,66,128367,65,171983
208,0.001616,172.31.40.0-255,66,128433,65,171983
209,0.00164,172.217.194.0-255,1484,129917,65,171983
210,0.001679,172.31.40.0-255,66,129983,65,171983
211,0.001701,172.217.194.0-255,4320,134303,65,171983
212,0.001703,172.31.40.0-255,66,134369,65,171983
213,0.001743,172.31.40.0-255,66,134435,65,171983
214,0.00178,172.217.194.0-255,5738,140173,65,171983
215,0.001782,172.31.40.0-255,66,140239,65,171983
216,0.001817,172.31.40.0-255,66,140305,65,171983
217,0.001858,172.217.194.0-255,1484,141789,65,171983
218,0.001868,172.217.194.0-255,1484,143273,65,171983
219,0.001886,172.217.194.0-255,4320,147593,65,171983
220,0.001896,172.217.194.0-255,1484,149077,65,171983
221,0.001898,172.31.40.0-255,66,149143,65,171983
222,0.001913,172.217.194.0-255,2902,152045,65,171983
223,0.001931,172.217.194.0-255,7156,159201,65,171983
224,0.001941,172.31.40.0-255,66,159267,65,171983
225,0.001944,172.217.194.0-255,2184,161451,65,171983
226,0.00195,172.217.194.0-255,7156,168607,65,171983
227,0.001955,172.31.40.0-255,66,168673,65,171983
228,0.001996,172.217.194.0-255,2902,171575,65,171983
229,0.002007,172.217.194.0-255,105,171680,65,171983
230,0.002011,172.31.40.0-255,66,171746,65,171983
231,0.002017,172.31.40.0-255,66,171812,65,171983
232,0.004862,172.31.40.0-255,105,171917,65,171983
233,0.007556,172.217.194.0-255,66,171983,65,171983
234,0.0,216.58.221.0-255,184,184,65,117596
235,1.5e-05,172.31.40.0-255,66,250,65,117596
236,2.2e-05,216.58.221.0-255,1484,1734,65,117596
237,4.8e-05,172.31.40.0-255,66,1800,65,117596
238,5.5e-05,216.58.221.0-255,2902,4702,65,117596
239,5.9e-05,172.31.40.0-255,66,4768,65,117596
240,6.6e-05,216.58.221.0-255,5738,10506,65,117596
241,6.9e-05,172.31.40.0-255,66,10572,65,117596
242,7.4e-05,216.58.221.0-255,3475,14047,65,117596
243,7.7e-05,172.31.40.0-255,66,14113,65,117596
244,0.000112,216.58.221.0-255,4320,18433,65,117596
245,0.000119,172.31.40.0-255,66,18499,65,117596
246,0.000125,216.58.221.0-255,4320,22819,65,117596
247,0.000127,172.31.40.0-255,66,22885,65,117596
248,0.000154,216.58.221.0-255,1484,24369,65,117596
249,0.000161,172.31.40.0-255,66,24435,65,117596
250,0.00017,216.58.221.0-255,6797,31232,65,117596
251,0.000172,172.31.40.0-255,66,31298,65,117596
252,0.000341,216.58.221.0-255,1484,32782,65,117596
253,0.000346,172.31.40.0-255,66,32848,65,117596
254,0.00036,216.58.221.0-255,2902,35750,65,117596
255,0.000368,172.31.40.0-255,66,35816,65,117596
256,0.000374,216.58.221.0-255,5738,41554,65,117596
257,0.000377,172.31.40.0-255,66,41620,65,117596
258,0.000423,172.31.40.0-255,66,41686,65,117596
259,0.000435,172.31.40.0-255,66,41752,65,117596
260,0.000465,216.58.221.0-255,1125,42877,65,117596
261,0.000468,172.31.40.0-255,66,42943,65,117596
262,0.000472,216.58.221.0-255,393,43336,65,117596
263,0.000473,172.31.40.0-255,66,43402,65,117596
264,0.001136,216.58.221.0-255,350,43752,65,117596
265,0.00129,216.58.221.0-255,1484,45236,65,117596
266,0.001295,172.31.40.0-255,66,45302,65,117596
267,0.001302,216.58.221.0-255,2902,48204,65,117596
268,0.001321,172.31.40.0-255,66,48270,65,117596
269,0.00133,216.58.221.0-255,5738,54008,65,117596
270,0.001333,172.31.40.0-255,66,54074,65,117596
271,0.001341,216.58.221.0-255,6797,60871,65,117596
272,0.001343,172.31.40.0-255,66,60937,65,117596
273,0.001351,216.58.221.0-255,7156,68093,65,117596
274,0.001353,172.31.40.0-255,66,68159,65,117596
275,0.001382,216.58.221.0-255,5738,73897,65,117596
276,0.001384,172.31.40.0-255,66,73963,65,117596
277,0.001414,216.58.221.0-255,3961,77924,65,117596
278,0.001417,172.31.40.0-255,66,77990,65,117596
279,0.002004,216.58.221.0-255,1484,79474,65,117596
280,0.002015,216.58.221.0-255,2902,82376,65,117596
281,0.002019,172.31.40.0-255,66,82442,65,117596
282,0.002027,216.58.221.0-255,5738,88180,65,117596
283,0.002029,172.31.40.0-255,66,88246,65,117596
284,0.002037,216.58.221.0-255,1484,89730,65,117596
285,0.00204,216.58.221.0-255,1484,91214,65,117596
286,0.002042,172.31.40.0-255,66,91280,65,117596
287,0.002064,216.58.221.0-255,1484,92764,65,117596
288,0.002068,216.58.221.0-255,1484,94248,65,117596
289,0.002069,172.31.40.0-255,66,94314,65,117596
290,0.002081,216.58.221.0-255,5738,100052,65,117596
291,0.002083,172.31.40.0-255,66,100118,65,117596
292,0.004141,216.58.221.0-255,5738,105856,65,117596
293,0.004146,172.31.40.0-255,66,105922,65,117596
294,0.006196,216.58.221.0-255,5738,111660,65,117596
295,0.006201,172.31.40.0-255,66,111726,65,117596
296,0.00825,216.58.221.0-255,4320,116046,65,117596
297,0.008257,172.31.40.0-255,66,116112,65,117596
298,0.008285,216.58.221.0-255,1484,117596,65,117596
299,0.0,74.125.24.0-255,152,152,65,110151
300,2.1e-05,172.31.40.0-255,66,218,65,110151
301,2.9e-05,74.125.24.0-255,1484,1702,65,110151
302,3.4e-05,172.31.40.0-255,66,1768,65,110151
303,4e-05,74.125.24.0-255,2902,4670,65,110151
304,4.4e-05,172.31.40.0-255,66,4736,65,110151
305,5.3e-05,74.125.24.0-255,7156,11892,65,110151
306,5.5e-05,172.31.40.0-255,66,11958,65,110151
307,0.000111,172.31.40.0-255,66,12024,65,110151
308,0.000117,74.125.24.0-255,3961,15985,65,110151
309,0.000119,172.31.40.0-255,66,16051,65,110151
310,0.000143,74.125.24.0-255,1484,17535,65,110151
311,0.000145,172.31.40.0-255,66,17601,65,110151
312,0.000149,74.125.24.0-255,2902,20503,65,110151
313,0.000152,172.31.40.0-255,66,20569,65,110151
314,0.000157,74.125.24.0-255,2902,23471,65,110151
315,0.00016,172.31.40.0-255,66,23537,65,110151
316,0.000183,74.125.24.0-255,2902,26439,65,110151
317,0.000185,172.31.40.0-255,66,26505,65,110151
318,0.000192,74.125.24.0-255,6797,33302,65,110151
319,0.000195,172.31.40.0-255,66,33368,65,110151
320,0.000706,74.125.24.0-255,1484,34852,65,110151
321,0.000712,172.31.40.0-255,66,34918,65,110151
322,0.000717,74.125.24.0-255,2902,37820,65,110151
323,0.00072,172.31.40.0-255,66,37886,65,110151
324,0.000723,74.125.24.0-255,1484,39370,65,110151
325,0.000725,172.31.40.0-255,66,39436,65,110151
326,0.000751,74.125.24.0-255,4320,43756,65,110151
327,0.000754,172.31.40.0-255,66,43822,65,110151
328,0.000761,74.125.24.0-255,5738,49560,65,110151
329,0.000764,172.31.40.0-255,66,49626,65,110151
330,0.000768,74.125.24.0-255,2902,52528,65,110151
331,0.000785,172.31.40.0-255,66,52594,65,110151
332,0.000813,74.125.24.0-255,3961,56555,65,110151
333,0.00083,172.31.40.0-255,66,56621,65,110151
334,0.001158,74.125.24.0-255,1484,58105,65,110151
335,0.001163,74.125.24.0-255,1484,59589,65,110151
336,0.001166,172.31.40.0-255,66,59655,65,110151
337,0.001198,74.125.24.0-255,1484,61139,65,110151
338,0.001205,74.125.24.0-255,5738,66877,65,110151
339,0.001234,172.31.40.0-255,66,66943,65,110151
340,0.001347,74.125.24.0-255,1484,68427,65,110151
341,0.00136,74.125.24.0-255,2902,71329,65,110151
342,0.001364,172.31.40.0-255,66,71395,65,110151
343,0.001368,74.125.24.0-255,2902,74297,65,110151
344,0.00138,172.31.40.0-255,66,74363,65,110151
345,0.001385,74.125.24.0-255,2902,77265,65,110151
346,0.00139,172.31.40.0-255,66,77331,65,110151
347,0.001402,74.125.24.0-255,4320,81651,65,110151
348,0.001429,172.31.40.0-255,66,81717,65,110151
349,0.001447,74.125.24.0-255,1484,83201,65,110151
350,0.001465,74.125.24.0-255,7156,90357,65,110151
351,0.001475,74.125.24.0-255,2184,92541,65,110151
352,0.001481,172.31.40.0-255,66,92607,65,110151
353,0.002229,74.125.24.0-255,1484,94091,65,110151
354,0.00224,74.125.24.0-255,2902,96993,65,110151
355,0.002245,172.31.40.0-255,66,97059,65,110151
356,0.002302,74.125.24.0-255,5738,102797,65,110151
357,0.002306,74.125.24.0-255,1484,104281,65,110151
358,0.00634,172.31.40.0-255,66,104347,65,110151
359,0.008561,74.125.24.0-255,5738,110085,65,110151
360,0.008572,172.31.40.0-255,66,110151,65,110151
361,0.0,172.217.194.0-255,150,150,65,248017
362,2.3e-05,172.31.40.0-255,66,216,65,248017
363,2.9e-05,172.217.194.0-255,1484,1700,65,248017
364,3.3e-05,172.31.40.0-255,66,1766,65,248017
365,3.8e-05,172.217.194.0-255,2902,4668,65,248017
366,4.1e-05,172.31.40.0-255,66,4734,65,248017
367,4.8e-05,172.217.194.0-255,7156,11890,65,248017
368,5.1e-05,172.31.40.0-255,66,11956,65,248017
369,5.3e-05,172.217.194.0-255,1484,13440,65,248017
370,5.5e-05,172.31.40.0-255,66,13506,65,248017
371,0.000103,172.217.194.0-255,2902,16408,65,248017
372,0.000105,172.31.40.0-255,66,16474,65,248017
373,0.000128,172.31.40.0-255,66,16540,65,248017
374,0.000177,172.217.194.0-255,6797,23337,65,248017
375,0.00018,172.31.40.0-255,66,23403,65,248017
376,0.000237,172.217.194.0-255,1484,24887,65,248017
377,0.000239,172.31.40.0-255,66,24953,65,248017
378,0.000244,172.217.194.0-255,2902,27855,65,248017
379,0.000246,172.31.40.0-255,66,27921,65,248017
380,0.000249,172.217.194.0-255,1484,29405,65,248017
381,0.000251,172.31.40.0-255,66,29471,65,248017
382,0.000272,172.217.194.0-255,4320,33791,65,248017
383,0.000275,172.31.40.0-255,66,33857,65,248017
384,0.000278,172.217.194.0-255,1484,35341,65,248017
385,0.000279,172.31.40.0-255,66,35407,65,248017
386,0.0003,172.217.194.0-255,4320,39727,65,248017
387,0.000303,172.31.40.0-255,66,39793,65,248017
388,0.000319,172.217.194.0-255,3961,43754,65,248017
389,0.000321,172.31.40.0-255,66,43820,65,248017
390,0.000327,172.217.194.0-255,4320,48140,65,248017
391,0.000329,172.31.40.0-255,66,48206,65,248017
392,0.00036,172.217.194.0-255,5738,53944,65,248017
393,0.000362,172.31.40.0-255,66,54010,65,248017
394,0.000367,172.217.194.0-255,3961,57971,65,248017
395,0.000369,172.31.40.0-255,66,58037,65,248017
396,0.000397,172.217.194.0-255,645,58682,65,248017
397,0.00064,172.217.194.0-255,1484,60166,65,248017
398,0.000644,172.31.40.0-255,66,60232,65,248017
399,0.00065,172.217.194.0-255,2902,63134,65,248017
400,0.000651,172.31.40.0-255,66,63200,65,248017
401,0.000663,172.217.194.0-255,1484,64684,65,248017
402,0.000678,172.217.194.0-255,4320,69004,65,248017
403,0.00068,172.31.40.0-255,66,69070,65,248017
404,0.000694,172.217.194.0-255,4320,73390,65,248017
405,0.000696,172.31.40.0-255,66,73456,65,248017
406,0.000717,172.217.194.0-255,6797,80253,65,248017
407,0.000719,172.31.40.0-255,66,80319,65,248017
408,0.000723,172.217.194.0-255,2902,83221,65,248017
409,0.000725,172.31.40.0-255,66,83287,65,248017
410,0.000744,172.217.194.0-255,7156,90443,65,248017
411,0.000746,172.31.40.0-255,66,90509,65,248017
412,0.000767,172.217.194.0-255,2543,93052,65,248017
413,0.000769,172.31.40.0-255,66,93118,65,248017
414,0.001011,172.217.194.0-255,1484,94602,65,248017
415,0.001017,172.217.194.0-255,2902,97504,65,248017
416,0.00102,172.31.40.0-255,66,97570,65,248017
417,0.001026,172.217.194.0-255,4320,101890,65,248017
418,0.001027,172.31.40.0-255,66,101956,65,248017
419,0.001052,172.217.194.0-255,1484,103440,65,248017
420,0.001062,172.31.40.0-255,66,103506,65,248017
421,0.001082,172.217.194.0-255,4320,107826,65,248017
422,0.001089,172.217.194.0-255,7156,114982,65,248017
423,0.001093,172.31.40.0-255,66,115048,65,248017
424,0.001095,172.31.40.0-255,66,115114,65,248017
425,0.001105,172.217.194.0-255,3602,118716,65,248017
426,0.001107,172.31.40.0-255,66,118782,65,248017
427,0.001132,172.217.194.0-255,2902,121684,65,248017
428,0.001135,172.31.40.0-255,66,121750,65,248017
429,0.001154,172.217.194.0-255,2902,124652,65,248017
430,0.001157,172.31.40.0-255,66,124718,65,248017
431,0.001163,172.217.194.0-255,7156,131874,65,248017
432,0.001165,172.31.40.0-255,66,131940,65,248017
433,0.001171,172.217.194.0-255,5738,137678,65,248017
434,0.001173,172.31.40.0-255,66,137744,65,248017
435,0.001209,172.31.40.0-255,66,137810,65,248017
436,0.001216,172.217.194.0-255,6438,144248,65,248017
437,0.001218,172.31.40.0-255,66,144314,65,248017
438,0.001471,172.217.194.0-255,1484,145798,65,248017
439,0.001476,172.217.194.0-255,1484,147282,65,248017
440,0.001479,172.31.40.0-255,66,147348,65,248017
441,0.001491,172.217.194.0-255,1484,148832,65,248017
442,0.001494,172.217.194.0-255,1484,150316,65,248017
443,0.001496,172.31.40.0-255,66,150382,65,248017
444,0.001523,172.217.194.0-255,4320,154702,65,248017
445,0.001527,172.217.194.0-255,4320,159022,65,248017
446,0.001531,172.31.40.0-255,66,159088,65,248017
447,0.001533,172.31.40.0-255,66,159154,65,248017
448,0.001563,172.31.40.0-255,66,159220,65,248017
449,0.001572,172.31.40.0-255,66,159286,65,248017
450,0.00161,172.31.40.0-255,66,159352,65,248017
451,0.001642,172.217.194.0-255,2902,162254,65,248017
452,0.001645,172.31.40.0-255,66,162320,65,248017
453,0.001673,172.31.40.0-255,66,162386,65,248017
454,0.001683,172.31.40.0-255,66,162452,65,248017
455,0.001779,172.217.194.0-255,1484,163936,65,248017
456,0.001783,172.217.194.0-255,1484,165420,65,248017
457,0.001785,172.31.40.0-255,66,165486,65,248017
458,0.001804,172.217.194.0-255,1484,166970,65,248017
459,0.00181,172.217.194.0-255,5738,172708,65,248017
460,0.001812,172.31.40.0-255,66,172774,65,248017
461,0.001846,172.31.40.0-255,66,172840,65,248017
462,0.001871,172.217.194.0-255,1484,174324,65,248017
463,0.001882,172.31.40.0-255,66,174390,65,248017
464,0.001914,172.217.194.0-255,1484,175874,65,248017
465,0.001933,172.217.194.0-255,1484,177358,65,248017
466,0.001935,172.31.40.0-255,66,177424,65,248017
467,0.001954,172.217.194.0-255,1484,178908,65,248017
468,0.00196,172.217.194.0-255,5738,184646,65,248017
469,0.001962,172.31.40.0-255,66,184712,65,248017
470,0.001989,172.217.194.0-255,4320,189032,65,248017
471,0.001991,172.31.40.0-255,66,189098,65,248017
472,0.002005,172.217.194.0-255,4320,193418,65,248017
473,0.002008,172.31.40.0-255,66,193484,65,248017
474,0.00203,172.217.194.0-255,4320,197804,65,248017
475,0.002032,172.31.40.0-255,66,197870,65,248017
476,0.002042,172.31.40.0-255,66,197936,65,248017
477,0.002044,172.217.194.0-255,766,198702,65,248017
478,0.00209,172.217.194.0-255,1484,200186,65,248017
479,0.002093,172.31.40.0-255,66,200252,65,248017
480,0.002096,172.217.194.0-255,1484,201736,65,248017
481,0.00211,172.217.194.0-255,1484,203220,65,248017
482,0.002112,172.31.40.0-255,66,203286,65,248017
483,0.002119,172.217.194.0-255,5738,209024,65,248017
484,0.00212,172.31.40.0-255,66,209090,65,248017
485,0.002137,172.217.194.0-255,1484,210574,65,248017
486,0.002154,172.217.194.0-255,7156,217730,65,248017
487,0.002157,172.31.40.0-255,66,217796,65,248017
488,0.002181,172.217.194.0-255,4320,222116,65,248017
489,0.002184,172.31.40.0-255,66,222182,65,248017
490,0.00219,172.217.194.0-255,7156,229338,65,248017
491,0.002191,172.31.40.0-255,66,229404,65,248017
492,0.002204,172.217.194.0-255,1484,230888,65,248017
493,0.002232,172.217.194.0-255,7156,238044,65,248017
494,0.002235,172.31.40.0-255,66,238110,65,248017
495,0.002256,172.217.194.0-255,5020,243130,65,248017
496,0.002258,172.31.40.0-255,66,243196,65,248017
497,0.00227,172.31.40.0-255,66,243262,65,248017
498,0.002291,172.217.194.0-255,1484,244746,65,248017
499,0.002305,172.31.40.0-255,66,244812,65,248017
500,0.002319,172.31.40.0-255,66,244878,65,248017
501,0.002322,172.217.194.0-255,2902,247780,65,248017
502,0.002324,172.31.40.0-255,66,247846,65,248017
503,0.002355,172.31.40.0-255,66,247912,65,248017
504,0.002358,172.217.194.0-255,105,248017,65,248017
505,0.0,172.217.194.0-255,226,226,65,126104
506,1.9e-05,172.31.40.0-255,66,292,65,126104
507,2.6e-05,172.217.194.0-255,1484,1776,65,126104
508,3.1e-05,172.31.40.0-255,66,1842,65,126104
509,3.8e-05,172.217.194.0-255,4320,6162,65,126104
510,4.2e-05,172.31.40.0-255,66,6228,65,126104
511,5e-05,172.217.194.0-255,7156,13384,65,126104
512,5.4e-05,172.31.40.0-255,66,13450,65,126104
513,7.6e-05,172.217.194.0-255,645,14095,65,126104
514,7.9e-05,172.31.40.0-255,66,14161,65,126104
515,9.2e-05,172.217.194.0-255,1484,15645,65,126104
516,9.5e-05,172.31.40.0-255,66,15711,65,126104
517,0.0001,172.217.194.0-255,2902,18613,65,126104
518,0.000103,172.31.40.0-255,66,18679,65,126104
519,0.000123,172.217.194.0-255,1484,20163,65,126104
520,0.000125,172.31.40.0-255,66,20229,65,126104
521,0.000137,172.31.40.0-255,66,20295,65,126104
522,0.00014,172.217.194.0-255,1125,21420,65,126104
523,0.000142,172.31.40.0-255,66,21486,65,126104
524,0.000187,172.31.40.0-255,66,21552,65,126104
525,0.000203,172.217.194.0-255,2902,24454,65,126104
526,0.000205,172.31.40.0-255,66,24520,65,126104
527,0.00021,172.217.194.0-255,3961,28481,65,126104
528,0.000212,172.31.40.0-255,66,28547,65,126104
529,0.000256,172.31.40.0-255,66,28613,65,126104
530,0.000278,172.217.194.0-255,5738,34351,65,126104
531,0.00028,172.31.40.0-255,66,34417,65,126104
532,0.000301,172.217.194.0-255,2855,37272,65,126104
533,0.000304,172.31.40.0-255,66,37338,65,126104
534,0.000336,172.217.194.0-255,364,37702,65,126104
535,0.000566,172.217.194.0-255,1484,39186,65,126104
536,0.000572,172.31.40.0-255,66,39252,65,126104
537,0.000577,172.217.194.0-255,2902,42154,65,126104
538,0.00058,172.31.40.0-255,66,42220,65,126104
539,0.000585,172.217.194.0-255,4320,46540,65,126104
540,0.000588,172.31.40.0-255,66,46606,65,126104
541,0.000604,172.217.194.0-255,1484,48090,65,126104
542,0.00061,172.217.194.0-255,4320,52410,65,126104
543,0.000613,172.31.40.0-255,66,52476,65,126104
544,0.000643,172.217.194.0-255,5738,58214,65,126104
545,0.000647,172.31.40.0-255,66,58280,65,126104
546,0.00065,172.31.40.0-255,66,58346,65,126104
547,0.000661,172.217.194.0-255,5020,63366,65,126104
548,0.000664,172.31.40.0-255,66,63432,65,126104
549,0.001439,172.217.194.0-255,1484,64916,65,126104
550,0.001447,172.217.194.0-255,2902,67818,65,126104
551,0.001452,172.31.40.0-255,66,67884,65,126104
552,0.001459,172.217.194.0-255,5738,73622,65,126104
553,0.001461,172.31.40.0-255,66,73688,65,126104
554,0.001495,172.31.40.0-255,66,73754,65,126104
555,0.001516,172.217.194.0-255,7156,80910,65,126104
556,0.001519,172.31.40.0-255,66,80976,65,126104
557,0.001532,172.217.194.0-255,3602,84578,65,126104
558,0.001534,172.31.40.0-255,66,84644,65,126104
559,0.001553,172.217.194.0-255,4320,88964,65,126104
560,0.001556,172.31.40.0-255,66,89030,65,126104
561,0.001572,172.217.194.0-255,7156,96186,65,126104
562,0.001575,172.31.40.0-255,66,96252,65,126104
563,0.001578,172.217.194.0-255,1484,97736,65,126104
564,0.001601,172.217.194.0-255,4320,102056,65,126104
565,0.001604,172.31.40.0-255,66,102122,65,126104
566,0.001628,172.31.40.0-255,66,102188,65,126104
567,0.001635,172.217.194.0-255,6438,108626,65,126104
568,0.001638,172.31.40.0-255,66,108692,65,126104
569,0.003919,172.217.194.0-255,5738,114430,65,126104
570,0.003927,172.31.40.0-255,66,114496,65,126104
571,0.006203,172.217.194.0-255,5738,120234,65,126104
572,0.00621,172.31.40.0-255,66,120300,65,126104
573,0.008497,172.217.194.0-255,5738,126038,65,126104
574,0.008504,172.31.40.0-255,66,126104,65,126104
575,0.0,74.125.24.0-255,146,146,65,159321
576,2.3e-05,172.31.40.0-255,66,212,65,159321
577,3e-05,74.125.24.0-255,1484,1696,65,159321
578,3.4e-05,172.31.40.0-255,66,1762,65,159321
579,4.1e-05,74.125.24.0-255,2902,4664,65,159321
580,4.4e-05,172.31.40.0-255,66,4730,65,159321
581,4.8e-05,74.125.24.0-255,1484,6214,65,159321
582,5.1e-05,172.31.40.0-255,66,6280,65,159321
583,8.4e-05,74.125.24.0-255,5738,12018,65,159321
584,8.7e-05,172.31.40.0-255,66,12084,65,159321
585,9.1e-05,74.125.24.0-255,2091,14175,65,159321
586,9.3e-05,172.31.40.0-255,66,14241,65,159321
587,0.000442,74.125.24.0-255,1484,15725,65,159321
588,0.000449,172.31.40.0-255,66,15791,65,159321
589,0.000456,74.125.24.0-255,2902,18693,65,159321
590,0.000458,172.31.40.0-255,66,18759,65,159321
591,0.000465,74.125.24.0-255,4320,23079,65,159321
592,0.000467,172.31.40.0-255,66,23145,65,159321
593,0.000491,74.125.24.0-255,1484,24629,65,159321
594,0.000499,74.125.24.0-255,5738,30367,65,159321
595,0.000519,172.31.40.0-255,66,30433,65,159321
596,0.000527,172.31.40.0-255,66,30499,65,159321
597,0.000541,172.31.40.0-255,66,30565,65,159321
598,0.00056,74.125.24.0-255,3961,34526,65,159321
599,0.000562,172.31.40.0-255,66,34592,65,159321
600,0.000568,74.125.24.0-255,3961,38553,65,159321
601,0.000571,172.31.40.0-255,66,38619,65,159321
602,0.0006,74.125.24.0-255,2902,41521,65,159321
603,0.000603,172.31.40.0-255,66,41587,65,159321
604,0.00062,74.125.24.0-255,1484,43071,65,159321
605,0.000623,172.31.40.0-255,66,43137,65,159321
606,0.000628,74.125.24.0-255,2902,46039,65,159321
607,0.00063,172.31.40.0-255,66,46105,65,159321
608,0.000653,74.125.24.0-255,5738,51843,65,159321
609,0.000656,172.31.40.0-255,66,51909,65,159321
610,0.00071,74.125.24.0-255,3961,55870,65,159321
611,0.000713,172.31.40.0-255,66,55936,65,159321
612,0.000716,74.125.24.0-255,430,56366,65,159321
613,0.000865,74.125.24.0-255,1484,57850,65,159321
614,0.00087,172.31.40.0-255,66,57916,65,159321
615,0.000875,74.125.24.0-255,2902,60818,65,159321
616,0.000877,172.31.40.0-255,66,60884,65,159321
617,0.000881,74.125.24.0-255,1484,62368,65,159321
618,0.000897,74.125.24.0-255,4320,66688,65,159321
619,0.000899,74.125.24.0-255,1484,68172,65,159321
620,0.000903,172.31.40.0-255,66,68238,65,159321
621,0.000932,74.125.24.0-255,5379,73617,65,159321
622,0.000935,172.31.40.0-255,66,73683,65,159321
623,0.000953,74.125.24.0-255,2902,76585,65,159321
624,0.000955,172.31.40.0-255,66,76651,65,159321
625,0.00098,172.31.40.0-255,66,76717,65,159321
626,0.001005,74.125.24.0-255,2902,79619,65,159321
627,0.001008,172.31.40.0-255,66,79685,65,159321
628,0.001012,74.125.24.0-255,2798,82483,65,159321
629,0.001014,172.31.40.0-255,66,82549,65,159321
630,0.001326,74.125.24.0-255,1484,84033,65,159321
631,0.001351,74.125.24.0-255,2902,86935,65,159321
632,0.001355,172.31.40.0-255,66,87001,65,159321
633,0.001361,74.125.24.0-255,4320,91321,65,159321
634,0.001363,172.31.40.0-255,66,91387,65,159321
635,0.001401,74.125.24.0-255,1484,92871,65,159321
636,0.001417,172.31.40.0-255,66,92937,65,159321
637,0.00143,172.31.40.0-255,66,93003,65,159321
638,0.001678,74.125.24.0-255,1484,94487,65,159321
639,0.001693,74.125.24.0-255,2902,97389,65,159321
640,0.001697,172.31.40.0-255,66,97455,65,159321
641,0.001721,74.125.24.0-255,5738,103193,65,159321
642,0.001724,74.125.24.0-255,1484,104677,65,159321
643,0.001728,172.31.40.0-255,66,104743,65,159321
644,0.001736,74.125.24.0-255,1484,106227,65,159321
645,0.001738,172.31.40.0-255,66,106293,65,159321
646,0.001772,172.31.40.0-255,66,106359,65,159321
647,0.001784,172.31.40.0-255,66,106425,65,159321
648,0.001796,74.125.24.0-255,1484,107909,65,159321
649,0.001816,74.125.24.0-255,7156,115065,65,159321
650,0.001819,172.31.40.0-255,66,115131,65,159321
651,0.001837,74.125.24.0-255,1484,116615,65,159321
652,0.001844,74.125.24.0-255,5738,122353,65,159321
653,0.001846,172.31.40.0-255,66,122419,65,159321
654,0.001869,74.125.24.0-255,5738,128157,65,159321
655,0.001872,172.31.40.0-255,66,128223,65,159321
656,0.001886,172.31.40.0-255,66,128289,65,159321
657,0.002024,74.125.24.0-255,1484,129773,65,159321
658,0.002028,74.125.24.0-255,1484,131257,65,159321
659,0.002031,172.31.40.0-255,66,131323,65,159321
660,0.002046,74.125.24.0-255,1484,132807,65,159321
661,0.002051,74.125.24.0-255,2902,135709,65,159321
662,0.002054,172.31.40.0-255,66,135775,65,159321
663,0.002071,74.125.24.0-255,2902,138677,65,159321
664,0.002073,172.31.40.0-255,66,138743,65,159321
665,0.002103,74.125.24.0-255,1484,140227,65,159321
666,0.002132,74.125.24.0-255,1484,141711,65,159321
667,0.002136,172.31.40.0-255,66,141777,65,159321
668,0.002168,172.31.40.0-255,66,141843,65,159321
669,0.004475,74.125.24.0-255,5738,147581,65,159321
670,0.004488,172.31.40.0-255,66,147647,65,159321
671,0.006712,74.125.24.0-255,5738,153385,65,159321
672,0.006717,172.31.40.0-255,66,153451,65,159321
673,0.008836,74.125.24.0-255,4320,157771,65,159321
674,0.008842,172.31.40.0-255,66,157837,65,159321
675,0.008862,74.125.24.0-255,1484,159321,65,159321
676,0.0,172.217.194.0-255,153,153,65,175315
677,1.6e-05,172.31.40.0-255,66,219,65,175315
678,2.4e-05,172.217.194.0-255,1484,1703,65,175315
679,2.9e-05,172.31.40.0-255,66,1769,65,175315
680,3.4e-05,172.217.194.0-255,2902,4671,65,175315
681,4.6e-05,172.31.40.0-255,66,4737,65,175315
682,5.4e-05,172.217.194.0-255,7156,11893,65,175315
683,5.8e-05,172.31.40.0-255,66,11959,65,175315
684,7.2e-05,172.31.40.0-255,66,12025,65,175315
685,0.000109,172.217.194.0-255,4932,16957,65,175315
686,0.000112,172.31.40.0-255,66,17023,65,175315
687,0.000117,172.217.194.0-255,2543,19566,65,175315
688,0.000119,172.31.40.0-255,66,19632,65,175315
689,0.000123,172.217.194.0-255,2902,22534,65,175315
690,0.000126,172.31.40.0-255,66,22600,65,175315
691,0.000172,172.31.40.0-255,66,22666,65,175315
692,0.000256,172.217.194.0-255,1484,24150,65,175315
693,0.000259,172.31.40.0-255,66,24216,65,175315
694,0.000288,172.217.194.0-255,2902,27118,65,175315
695,0.000291,172.31.40.0-255,66,27184,65,175315
696,0.000294,172.217.194.0-255,1484,28668,65,175315
697,0.000296,172.31.40.0-255,66,28734,65,175315
698,0.000303,172.217.194.0-255,2902,31636,65,175315
699,0.000305,172.31.40.0-255,66,31702,65,175315
700,0.00034,172.217.194.0-255,5738,37440,65,175315
701,0.000343,172.31.40.0-255,66,37506,65,175315
702,0.000348,172.217.194.0-255,2543,40049,65,175315
703,0.00035,172.31.40.0-255,66,40115,65,175315
704,0.000353,172.217.194.0-255,361,40476,65,175315
705,0.000356,172.31.40.0-255,66,40542,65,175315
706,0.00053,172.217.194.0-255,1484,42026,65,175315
707,0.000555,172.217.194.0-255,2902,44928,65,175315
708,0.000559,172.31.40.0-255,66,44994,65,175315
709,0.000565,172.217.194.0-255,4320,49314,65,175315
710,0.000568,172.31.40.0-255,66,49380,65,175315
711,0.000589,172.217.194.0-255,1484,50864,65,175315
712,0.0006,172.217.194.0-255,5738,56602,65,175315
713,0.000602,172.31.40.0-255,66,56668,65,175315
714,0.000607,172.217.194.0-255,2902,59570,65,175315
715,0.000609,172.31.40.0-255,66,59636,65,175315
716,0.00065,172.217.194.0-255,4320,63956,65,175315
717,0.000654,172.31.40.0-255,66,64022,65,175315
718,0.000657,172.31.40.0-255,66,64088,65,175315
719,0.000664,172.217.194.0-255,1125,65213,65,175315
720,0.001298,172.217.194.0-255,1484,66697,65,175315
721,0.001304,172.31.40.0-255,66,66763,65,175315
722,0.001309,172.217.194.0-255,2902,69665,65,175315
723,0.001312,172.31.40.0-255,66,69731,65,175315
724,0.001337,172.217.194.0-255,2902,72633,65,175315
725,0.00134,172.31.40.0-255,66,72699,65,175315
726,0.001367,172.217.194.0-255,1484,74183,65,175315
727,0.001374,172.217.194.0-255,5738,79921,65,175315
728,0.001376,172.31.40.0-255,66,79987,65,175315
729,0.001387,172.31.40.0-255,66,80053,65,175315
730,0.001412,172.217.194.0-255,2902,82955,65,175315
731,0.001414,172.31.40.0-255,66,83021,65,175315
732,0.00142,172.217.194.0-255,4320,87341,65,175315
733,0.001422,172.31.40.0-255,66,87407,65,175315
734,0.001448,172.217.194.0-255,3602,91009,65,175315
735,0.00145,172.31.40.0-255,66,91075,65,175315
736,0.001752,172.217.194.0-255,1484,92559,65,175315
737,0.001757,172.217.194.0-255,1484,94043,65,175315
738,0.001759,172.31.40.0-255,66,94109,65,175315
739,0.001782,172.217.194.0-255,1484,95593,65,175315
740,0.001788,172.217.194.0-255,5738,101331,65,175315
741,0.00179,172.217.194.0-255,1484,102815,65,175315
742,0.001794,172.31.40.0-255,66,102881,65,175315
743,0.001803,172.217.194.0-255,2902,105783,65,175315
744,0.001805,172.31.40.0-255,66,105849,65,175315
745,0.001808,172.217.194.0-255,1484,107333,65,175315
746,0.001835,172.31.40.0-255,66,107399,65,175315
747,0.001838,172.217.194.0-255,1484,108883,65,175315
748,0.001862,172.217.194.0-255,6438,115321,65,175315
749,0.001864,172.31.40.0-255,66,115387,65,175315
750,0.002067,172.217.194.0-255,1484,116871,65,175315
751,0.002088,172.217.194.0-255,2902,119773,65,175315
752,0.002091,172.31.40.0-255,66,119839,65,175315
753,0.002094,172.217.194.0-255,1484,121323,65,175315
754,0.002118,172.217.194.0-255,4320,125643,65,175315
755,0.00212,172.31.40.0-255,66,125709,65,175315
756,0.002126,172.217.194.0-255,5738,131447,65,175315
757,0.002128,172.31.40.0-255,66,131513,65,175315
758,0.002157,172.217.194.0-255,2902,134415,65,175315
759,0.002159,172.31.40.0-255,66,134481,65,175315
760,0.002214,172.31.40.0-255,66,134547,65,175315
761,0.002237,172.217.194.0-255,1484,136031,65,175315
762,0.002241,172.217.194.0-255,2902,138933,65,175315
763,0.002243,172.31.40.0-255,66,138999,65,175315
764,0.002249,172.217.194.0-255,5738,144737,65,175315
765,0.002251,172.31.40.0-255,66,144803,65,175315
766,0.002298,172.31.40.0-255,66,144869,65,175315
767,0.002322,172.217.194.0-255,2902,147771,65,175315
768,0.002324,172.31.40.0-255,66,147837,65,175315
769,0.002344,172.31.40.0-255,66,147903,65,175315
770,0.002372,172.217.194.0-255,4320,152223,65,175315
771,0.002375,172.31.40.0-255,66,152289,65,175315
772,0.002402,172.217.194.0-255,2902,155191,65,175315
773,0.002404,172.31.40.0-255,66,155257,65,175315
774,0.002421,172.31.40.0-255,66,155323,65,175315
775,0.002438,172.31.40.0-255,66,155389,65,175315
776,0.002471,172.217.194.0-255,2902,158291,65,175315
777,0.002476,172.31.40.0-255,66,158357,65,175315
778,0.002498,172.217.194.0-255,2184,160541,65,175315
779,0.0025,172.31.40.0-255,66,160607,65,175315
780,0.004935,172.217.194.0-255,4320,164927,65,175315
781,0.004943,172.31.40.0-255,66,164993,65,175315
782,0.004969,172.217.194.0-255,1484,166477,65,175315
783,0.007385,172.217.194.0-255,2902,169379,65,175315
784,0.007391,172.31.40.0-255,66,169445,65,175315
785,0.007418,172.217.194.0-255,1484,170929,65,175315
786,0.009878,172.217.194.0-255,4320,175249,65,175315
787,0.009884,172.31.40.0-255,66,175315,65,175315
788,0.0,74.125.68.0-255,155,155,65,126658
789,2.3e-05,172.31.40.0-255,66,221,65,126658
790,3e-05,74.125.68.0-255,1484,1705,65,126658
791,3.5e-05,172.31.40.0-255,66,1771,65,126658
792,3.9e-05,74.125.68.0-255,1484,3255,65,126658
793,4.9e-05,172.31.40.0-255,66,3321,65,126658
794,5.6e-05,74.125.68.0-255,2902,6223,65,126658
795,5.9e-05,172.31.40.0-255,66,6289,65,126658
796,6.6e-05,74.125.68.0-255,5738,12027,65,126658
797,6.9e-05,172.31.40.0-255,66,12093,65,126658
798,7.3e-05,74.125.68.0-255,2065,14158,65,126658
799,7.5e-05,172.31.40.0-255,66,14224,65,126658
800,7.9e-05,74.125.68.0-255,1484,15708,65,126658
801,8.1e-05,172.31.40.0-255,66,15774,65,126658
802,9.7e-05,74.125.68.0-255,1484,17258,65,126658
803,0.000104,172.31.40.0-255,66,17324,65,126658
804,0.000111,74.125.68.0-255,5738,23062,65,126658
805,0.000114,172.31.40.0-255,66,23128,65,126658
806,0.000137,74.125.68.0-255,1484,24612,65,126658
807,0.00014,172.31.40.0-255,66,24678,65,126658
808,0.000151,172.31.40.0-255,66,24744,65,126658
809,0.000187,74.125.68.0-255,1484,26228,65,126658
810,0.00019,172.31.40.0-255,66,26294,65,126658
811,0.00021,172.31.40.0-255,66,26360,65,126658
812,0.000214,74.125.68.0-255,2184,28544,65,126658
813,0.000216,172.31.40.0-255,66,28610,65,126658
814,0.000251,74.125.68.0-255,1484,30094,65,126658
815,0.000253,172.31.40.0-255,66,30160,65,126658
816,0.000258,74.125.68.0-255,2902,33062,65,126658
817,0.000261,172.31.40.0-255,66,33128,65,126658
818,0.000292,74.125.68.0-255,5738,38866,65,126658
819,0.000295,172.31.40.0-255,66,38932,65,126658
820,0.000299,74.125.68.0-255,2902,41834,65,126658
821,0.000301,172.31.40.0-255,66,41900,65,126658
822,0.000306,74.125.68.0-255,4276,46176,65,126658
823,0.000313,172.31.40.0-255,66,46242,65,126658
824,0.000316,74.125.68.0-255,108,46350,65,126658
825,0.000428,74.125.68.0-255,1484,47834,65,126658
826,0.000431,172.31.40.0-255,66,47900,65,126658
827,0.00045,74.125.68.0-255,2902,50802,65,126658
828,0.000453,172.31.40.0-255,66,50868,65,126658
829,0.000479,74.125.68.0-255,2902,53770,65,126658
830,0.000481,172.31.40.0-255,66,53836,65,126658
831,0.000507,74.125.68.0-255,2902,56738,65,126658
832,0.000509,172.31.40.0-255,66,56804,65,126658
833,0.000515,74.125.68.0-255,2902,59706,65,126658
834,0.000517,172.31.40.0-255,66,59772,65,126658
835,0.000526,74.125.68.0-255,4320,64092,65,126658
836,0.000529,172.31.40.0-255,66,64158,65,126658
837,0.000563,74.125.68.0-255,7156,71314,65,126658
838,0.000566,172.31.40.0-255,66,71380,65,126658
839,0.000601,172.31.40.0-255,66,71446,65,126658
840,0.000604,74.125.68.0-255,766,72212,65,126658
841,0.001479,74.125.68.0-255,1484,73696,65,126658
842,0.001486,74.125.68.0-255,2902,76598,65,126658
843,0.001491,172.31.40.0-255,66,76664,65,126658
844,0.0015,172.31.40.0-255,66,76730,65,126658
845,0.001509,74.125.68.0-255,2902,79632,65,126658
846,0.001512,172.31.40.0-255,66,79698,65,126658
847,0.001515,74.125.68.0-255,1484,81182,65,126658
848,0.001539,74.125.68.0-255,2902,84084,65,126658
849,0.001541,172.31.40.0-255,66,84150,65,126658
850,0.001552,74.125.68.0-255,5738,89888,65,126658
851,0.001554,172.31.40.0-255,66,89954,65,126658
852,0.001579,74.125.68.0-255,2902,92856,65,126658
853,0.001582,172.31.40.0-255,66,92922,65,126658
854,0.001591,74.125.68.0-255,4320,97242,65,126658
855,0.001594,172.31.40.0-255,66,97308,65,126658
856,0.001627,172.31.40.0-255,66,97374,65,126658
857,0.001669,172.31.40.0-255,66,97440,65,126658
858,0.001692,74.125.68.0-255,1484,98924,65,126658
859,0.00171,74.125.68.0-255,4320,103244,65,126658
860,0.001714,172.31.40.0-255,66,103310,65,126658
861,0.001746,74.125.68.0-255,7156,110466,65,126658
862,0.001749,172.31.40.0-255,66,110532,65,126658
863,0.001767,172.31.40.0-255,66,110598,65,126658
864,0.004095,74.125.68.0-255,4320,114918,65,126658
865,0.004101,172.31.40.0-255,66,114984,65,126658
866,0.004126,74.125.68.0-255,1484,116468,65,126658
867,0.006435,74.125.68.0-255,4320,120788,65,126658
868,0.006439,172.31.40.0-255,66,120854,65,126658
869,0.008794,74.125.68.0-255,5738,126592,65,126658
870,0.008801,172.31.40.0-255,66,126658,65,126658
871,0.0,172.31.40.0-255,105,105,65,459
872,0.000243,172.31.40.0-255,90,195,65,459
873,0.000255,172.31.40.0-255,66,261,65,459
874,0.002541,172.217.194.0-255,66,327,65,459
875,0.002573,172.217.194.0-255,66,393,65,459
876,0.002597,172.31.40.0-255,66,459,65,459
877,0.0,74.125.68.0-255,152,152,65,213982
878,2.2e-05,172.31.40.0-255,66,218,65,213982
879,2.9e-05,74.125.68.0-255,1484,1702,65,213982
880,3.3e-05,172.31.40.0-255,66,1768,65,213982
881,3.9e-05,74.125.68.0-255,2902,4670,65,213982
882,4.2e-05,172.31.40.0-255,66,4736,65,213982
883,5e-05,74.125.68.0-255,7156,11892,65,213982
884,5.3e-05,172.31.40.0-255,66,11958,65,213982
885,5.7e-05,74.125.68.0-255,2136,14094,65,213982
886,5.9e-05,172.31.40.0-255,66,14160,65,213982
887,0.000107,74.125.68.0-255,7156,21316,65,213982
888,0.00011,172.31.40.0-255,66,21382,65,213982
889,0.000128,74.125.68.0-255,2902,24284,65,213982
890,0.000131,172.31.40.0-255,66,24350,65,213982
891,0.000158,74.125.68.0-255,4320,28670,65,213982
892,0.000161,172.31.40.0-255,66,28736,65,213982
893,0.000179,74.125.68.0-255,2543,31279,65,213982
894,0.000182,172.31.40.0-255,66,31345,65,213982
895,0.0003,74.125.68.0-255,1484,32829,65,213982
896,0.000304,172.31.40.0-255,66,32895,65,213982
897,0.000334,74.125.68.0-255,1484,34379,65,213982
898,0.000337,172.31.40.0-255,66,34445,65,213982
899,0.000353,74.125.68.0-255,1484,35929,65,213982
900,0.000356,172.31.40.0-255,66,35995,65,213982
901,0.000389,74.125.68.0-255,1484,37479,65,213982
902,0.000391,172.31.40.0-255,66,37545,65,213982
903,0.000394,74.125.68.0-255,1484,39029,65,213982
904,0.000397,172.31.40.0-255,66,39095,65,213982
905,0.000412,74.125.68.0-255,1484,40579,65,213982
906,0.000414,172.31.40.0-255,66,40645,65,213982
907,0.000417,74.125.68.0-255,1484,42129,65,213982
908,0.000419,172.31.40.0-255,66,42195,65,213982
909,0.000424,74.125.68.0-255,2902,45097,65,213982
910,0.000426,172.31.40.0-255,66,45163,65,213982
911,0.00044,74.125.68.0-255,2902,48065,65,213982
912,0.000442,172.31.40.0-255,66,48131,65,213982
913,0.000462,74.125.68.0-255,5379,53510,65,213982
914,0.000464,172.31.40.0-255,66,53576,65,213982
915,0.00049,74.125.68.0-255,2902,56478,65,213982
916,0.000492,172.31.40.0-255,66,56544,65,213982
917,0.000512,74.125.68.0-255,2902,59446,65,213982
918,0.000514,172.31.40.0-255,66,59512,65,213982
919,0.00053,74.125.68.0-255,1484,60996,65,213982
920,0.000554,74.125.68.0-255,2902,63898,65,213982
921,0.000556,172.31.40.0-255,66,63964,65,213982
922,0.000577,74.125.68.0-255,2818,66782,65,213982
923,0.00058,172.31.40.0-255,66,66848,65,213982
924,0.000654,74.125.68.0-255,135,66983,65,213982
925,0.000739,74.125.68.0-255,1484,68467,65,213982
926,0.000744,172.31.40.0-255,66,68533,65,213982
927,0.000748,74.125.68.0-255,1484,70017,65,213982
928,0.000762,74.125.68.0-255,1484,71501,65,213982
929,0.000765,172.31.40.0-255,66,71567,65,213982
930,0.000768,74.125.68.0-255,1484,73051,65,213982
931,0.000773,74.125.68.0-255,2902,75953,65,213982
932,0.000775,172.31.40.0-255,66,76019,65,213982
933,0.000779,74.125.68.0-255,1484,77503,65,213982
934,0.000793,74.125.68.0-255,4320,81823,65,213982
935,0.000797,172.31.40.0-255,66,81889,65,213982
936,0.000821,74.125.68.0-255,2902,84791,65,213982
937,0.000824,172.31.40.0-255,66,84857,65,213982
938,0.000845,74.125.68.0-255,7156,92013,65,213982
939,0.000848,172.31.40.0-255,66,92079,65,213982
940,0.000869,74.125.68.0-255,4320,96399,65,213982
941,0.000872,172.31.40.0-255,66,96465,65,213982
942,0.000886,74.125.68.0-255,5020,101485,65,213982
943,0.000889,172.31.40.0-255,66,101551,65,213982
944,0.00091,74.125.68.0-255,343,101894,65,213982
945,0.000987,74.125.68.0-255,1484,103378,65,213982
946,0.000991,172.31.40.0-255,66,103444,65,213982
947,0.000995,74.125.68.0-255,1484,104928,65,213982
948,0.001013,74.125.68.0-255,1484,106412,65,213982
949,0.001016,172.31.40.0-255,66,106478,65,213982
950,0.001021,74.125.68.0-255,2902,109380,65,213982
951,0.001022,172.31.40.0-255,66,109446,65,213982
952,0.001036,74.125.68.0-255,4320,113766,65,213982
953,0.001039,172.31.40.0-255,66,113832,65,213982
954,0.001061,74.125.68.0-255,1484,115316,65,213982
955,0.00108,74.125.68.0-255,7156,122472,65,213982
956,0.001084,172.31.40.0-255,66,122538,65,213982
957,0.001125,172.31.40.0-255,66,122604,65,213982
958,0.001131,74.125.68.0-255,3602,126206,65,213982
959,0.001134,172.31.40.0-255,66,126272,65,213982
960,0.001398,74.125.68.0-255,1484,127756,65,213982
961,0.001404,74.125.68.0-255,2902,130658,65,213982
962,0.001408,172.31.40.0-255,66,130724,65,213982
963,0.001424,74.125.68.0-255,4320,135044,65,213982
964,0.001426,172.31.40.0-255,66,135110,65,213982
965,0.00145,74.125.68.0-255,4320,139430,65,213982
966,0.001453,172.31.40.0-255,66,139496,65,213982
967,0.001472,74.125.68.0-255,1484,140980,65,213982
968,0.001485,172.31.40.0-255,66,141046,65,213982
969,0.00149,74.125.68.0-255,4320,145366,65,213982
970,0.001492,172.31.40.0-255,66,145432,65,213982
971,0.001539,74.125.68.0-255,3602,149034,65,213982
972,0.001547,172.31.40.0-255,66,149100,65,213982
973,0.001939,74.125.68.0-255,1484,150584,65,213982
974,0.001943,74.125.68.0-255,1484,152068,65,213982
975,0.001946,172.31.40.0-255,66,152134,65,213982
976,0.00198,74.125.68.0-255,2902,155036,65,213982
977,0.001983,172.31.40.0-255,66,155102,65,213982
978,0.002015,74.125.68.0-255,5738,160840,65,213982
979,0.002018,172.31.40.0-255,66,160906,65,213982
980,0.002023,74.125.68.0-255,4320,165226,65,213982
981,0.002025,172.31.40.0-255,66,165292,65,213982
982,0.002039,74.125.68.0-255,2902,168194,65,213982
983,0.002043,172.31.40.0-255,66,168260,65,213982
984,0.002056,74.125.68.0-255,4320,172580,65,213982
985,0.002058,172.31.40.0-255,66,172646,65,213982
986,0.002082,172.31.40.0-255,66,172712,65,213982
987,0.002085,74.125.68.0-255,766,173478,65,213982
988,0.002157,74.125.68.0-255,1484,174962,65,213982
989,0.00216,172.31.40.0-255,66,175028,65,213982
990,0.002164,74.125.68.0-255,1484,176512,65,213982
991,0.002178,74.125.68.0-255,1484,177996,65,213982
992,0.00218,172.31.40.0-255,66,178062,65,213982
993,0.002184,74.125.68.0-255,2902,180964,65,213982
994,0.002186,172.31.40.0-255,66,181030,65,213982
995,0.002203,74.125.68.0-255,2902,183932,65,213982
996,0.002205,172.31.40.0-255,66,183998,65,213982
997,0.002239,74.125.68.0-255,5738,189736,65,213982
998,0.002241,172.31.40.0-255,66,189802,65,213982
999,0.002263,74.125.68.0-255,2902,192704,65,213982
1000,0.002265,172.31.40.0-255,66,192770,65,213982
1001,0.002276,172.31.40.0-255,66,192836,65,213982
1002,0.002282,74.125.68.0-255,5020,197856,65,213982
1003,0.002284,172.31.40.0-255,66,197922,65,213982
1004,0.004572,74.125.68.0-255,5738,203660,65,213982
1005,0.004578,172.31.40.0-255,66,203726,65,213982
1006,0.006867,74.125.68.0-255,4320,208046,65,213982
1007,0.006872,172.31.40.0-255,66,208112,65,213982
1008,0.006893,74.125.68.0-255,1484,209596,65,213982
1009,0.009164,74.125.68.0-255,4320,213916,65,213982
1010,0.009181,172.31.40.0-255,66,213982,65,213982
1011,0.0,172.217.194.0-255,161,161,65,42323
1012,2.5e-05,172.31.40.0-255,66,227,65,42323
1013,3.2e-05,172.217.194.0-255,1484,1711,65,42323
1014,3.8e-05,172.31.40.0-255,66,1777,65,42323
1015,5.1e-05,172.217.194.0-255,2902,4679,65,42323
1016,5.5e-05,172.31.40.0-255,66,4745,65,42323
1017,8.8e-05,172.217.194.0-255,7156,11901,65,42323
1018,9.1e-05,172.31.40.0-255,66,11967,65,42323
1019,0.000219,172.217.194.0-255,2099,14066,65,42323
1020,0.000223,172.31.40.0-255,66,14132,65,42323
1021,0.000253,172.217.194.0-255,1484,15616,65,42323
1022,0.000255,172.31.40.0-255,66,15682,65,42323
1023,0.000297,172.31.40.0-255,66,15748,65,42323
1024,0.0005,172.217.194.0-255,5379,21127,65,42323
1025,0.000506,172.31.40.0-255,66,21193,65,42323
1026,0.000593,172.217.194.0-255,5738,26931,65,42323
1027,0.000598,172.31.40.0-255,66,26997,65,42323
1028,0.000645,172.31.40.0-255,66,27063,65,42323
1029,0.001068,172.217.194.0-255,7156,34219,65,42323
1030,0.001073,172.31.40.0-255,66,34285,65,42323
1031,0.001104,172.217.194.0-255,4542,38827,65,42323
1032,0.001107,172.31.40.0-255,66,38893,65,42323
1033,0.001344,172.31.40.0-255,66,38959,65,42323
1034,0.001396,172.31.40.0-255,66,39025,65,42323
1035,0.002001,172.217.194.0-255,2902,41927,65,42323
1036,0.002021,172.31.40.0-255,66,41993,65,42323
1037,0.002077,172.31.40.0-255,66,42059,65,42323
1038,0.00271,172.31.40.0-255,66,42125,65,42323
1039,0.002779,172.31.40.0-255,66,42191,65,42323
1040,0.003708,172.31.40.0-255,66,42257,65,42323
1041,0.008393,172.31.40.0-255,66,42323,65,42323
1042,0.0,172.31.40.0-255,105,105,65,276
1043,0.001769,157.240.24.0-255,105,210,65,276
1044,0.001783,172.31.40.0-255,66,276,65,276
1045,0.0,74.125.130.0-255,143,143,65,131479
1046,1.9e-05,172.31.40.0-255,66,209,65,131479
1047,2.5e-05,74.125.130.0-255,1484,1693,65,131479
1048,3e-05,172.31.40.0-255,66,1759,65,131479
1049,3.5e-05,74.125.130.0-255,2902,4661,65,131479
1050,3.7e-05,172.31.40.0-255,66,4727,65,131479
1051,4e-05,74.125.130.0-255,1484,6211,65,131479
1052,4.2e-05,172.31.40.0-255,66,6277,65,131479
1053,7.1e-05,74.125.130.0-255,5738,12015,65,131479
1054,7.4e-05,172.31.40.0-255,66,12081,65,131479
1055,8.9e-05,74.125.130.0-255,4320,16401,65,131479
1056,9.1e-05,172.31.40.0-255,66,16467,65,131479
1057,0.000122,172.31.40.0-255,66,16533,65,131479
1058,0.000125,74.125.130.0-255,2902,19435,65,131479
1059,0.000127,172.31.40.0-255,66,19501,65,131479
1060,0.000143,74.125.130.0-255,3961,23462,65,131479
1061,0.000145,172.31.40.0-255,66,23528,65,131479
1062,0.0002,74.125.130.0-255,1484,25012,65,131479
1063,0.000203,172.31.40.0-255,66,25078,65,131479
1064,0.000207,74.125.130.0-255,2902,27980,65,131479
1065,0.000209,172.31.40.0-255,66,28046,65,131479
1066,0.000221,74.125.130.0-255,1484,29530,65,131479
1067,0.000223,172.31.40.0-255,66,29596,65,131479
1068,0.000234,74.125.130.0-255,2902,32498,65,131479
1069,0.000236,172.31.40.0-255,66,32564,65,131479
1070,0.000251,74.125.130.0-255,4320,36884,65,131479
1071,0.000253,172.31.40.0-255,66,36950,65,131479
1072,0.000281,74.125.130.0-255,5379,42329,65,131479
1073,0.000283,172.31.40.0-255,66,42395,65,131479
1074,0.000294,172.31.40.0-255,66,42461,65,131479
1075,0.000313,74.125.130.0-255,4251,46712,65,131479
1076,0.000315,172.31.40.0-255,66,46778,65,131479
1077,0.000386,74.125.130.0-255,98,46876,65,131479
1078,0.000553,74.125.130.0-255,1484,48360,65,131479
1079,0.000557,172.31.40.0-255,66,48426,65,131479
1080,0.000562,74.125.130.0-255,2902,51328,65,131479
1081,0.000565,172.31.40.0-255,66,51394,65,131479
1082,0.00058,74.125.130.0-255,5738,57132,65,131479
1083,0.000582,172.31.40.0-255,66,57198,65,131479
1084,0.000585,74.125.130.0-255,1484,58682,65,131479
1085,0.0006,74.125.130.0-255,5379,64061,65,131479
1086,0.000603,172.31.40.0-255,66,64127,65,131479
1087,0.000632,74.125.130.0-255,4320,68447,65,131479
1088,0.000635,172.31.40.0-255,66,68513,65,131479
1089,0.000664,172.31.40.0-255,66,68579,65,131479
1090,0.000668,74.125.130.0-255,2543,71122,65,131479
1091,0.000669,172.31.40.0-255,66,71188,65,131479
1092,0.000976,74.125.130.0-255,363,71551,65,131479
1093,0.001139,172.31.40.0-255,66,71617,65,131479
1094,0.001177,74.125.130.0-255,1484,73101,65,131479
1095,0.00121,74.125.130.0-255,1484,74585,65,131479
1096,0.001213,172.31.40.0-255,66,74651,65,131479
1097,0.001231,74.125.130.0-255,1484,76135,65,131479
1098,0.001236,74.125.130.0-255,4320,80455,65,131479
1099,0.001238,172.31.40.0-255,66,80521,65,131479
1100,0.001247,172.31.40.0-255,66,80587,65,131479
1101,0.001262,74.125.130.0-255,1484,82071,65,131479
1102,0.00129,172.31.40.0-255,66,82137,65,131479
1103,0.001531,74.125.130.0-255,1484,83621,65,131479
1104,0.001537,74.125.130.0-255,2902,86523,65,131479
1105,0.00154,172.31.40.0-255,66,86589,65,131479
1106,0.001562,74.125.130.0-255,5738,92327,65,131479
1107,0.001564,172.31.40.0-255,66,92393,65,131479
1108,0.001569,74.125.130.0-255,4320,96713,65,131479
1109,0.001571,172.31.40.0-255,66,96779,65,131479
1110,0.001584,74.125.130.0-255,2902,99681,65,131479
1111,0.001586,172.31.40.0-255,66,99747,65,131479
1112,0.001604,74.125.130.0-255,4320,104067,65,131479
1113,0.001605,172.31.40.0-255,66,104133,65,131479
1114,0.001636,172.31.40.0-255,66,104199,65,131479
1115,0.00164,74.125.130.0-255,2184,106383,65,131479
1116,0.001642,172.31.40.0-255,66,106449,65,131479
1117,0.002332,74.125.130.0-255,1484,107933,65,131479
1118,0.00234,74.125.130.0-255,2902,110835,65,131479
1119,0.002344,172.31.40.0-255,66,110901,65,131479
1120,0.002348,74.125.130.0-255,1484,112385,65,131479
1121,0.002364,74.125.130.0-255,4320,116705,65,131479
1122,0.002366,172.31.40.0-255,66,116771,65,131479
1123,0.004467,74.125.130.0-255,4320,121091,65,131479
1124,0.004473,172.31.40.0-255,66,121157,65,131479
1125,0.004491,74.125.130.0-255,1484,122641,65,131479
1126,0.006664,74.125.130.0-255,2902,125543,65,131479
1127,0.006669,172.31.40.0-255,66,125609,65,131479
1128,0.006689,74.125.130.0-255,1484,127093,65,131479
1129,0.008776,74.125.130.0-255,4320,131413,65,131479
1130,0.008783,172.31.40.0-255,66,131479,65,131479
1131,0.0,74.125.68.0-255,203,203,65,301973
1132,2.2e-05,172.31.40.0-255,66,269,65,301973
1133,2.8e-05,74.125.68.0-255,1484,1753,65,301973
1134,3.2e-05,172.31.40.0-255,66,1819,65,301973
1135,3.7e-05,74.125.68.0-255,2902,4721,65,301973
1136,4.6e-05,172.31.40.0-255,66,4787,65,301973
1137,5.1e-05,74.125.68.0-255,4320,9107,65,301973
1138,5.4e-05,172.31.40.0-255,66,9173,65,301973
1139,6e-05,74.125.68.0-255,4910,14083,65,301973
1140,6.2e-05,172.31.40.0-255,66,14149,65,301973
1141,0.000118,74.125.68.0-255,1484,15633,65,301973
1142,0.000121,172.31.40.0-255,66,15699,65,301973
1143,0.000126,74.125.68.0-255,2902,18601,65,301973
1144,0.000127,172.31.40.0-255,66,18667,65,301973
1145,0.00013,74.125.68.0-255,1484,20151,65,301973
1146,0.000132,172.31.40.0-255,66,20217,65,301973
1147,0.000152,74.125.68.0-255,1484,21701,65,301973
1148,0.000154,172.31.40.0-255,66,21767,65,301973
1149,0.000164,74.125.68.0-255,4320,26087,65,301973
1150,0.000166,172.31.40.0-255,66,26153,65,301973
1151,0.000211,74.125.68.0-255,5379,31532,65,301973
1152,0.000213,172.31.40.0-255,66,31598,65,301973
1153,0.000269,74.125.68.0-255,1484,33082,65,301973
1154,0.000272,172.31.40.0-255,66,33148,65,301973
1155,0.000298,74.125.68.0-255,2902,36050,65,301973
1156,0.0003,172.31.40.0-255,66,36116,65,301973
1157,0.000305,74.125.68.0-255,4320,40436,65,301973
1158,0.000307,172.31.40.0-255,66,40502,65,301973
1159,0.000332,74.125.68.0-255,1484,41986,65,301973
1160,0.000334,172.31.40.0-255,66,42052,65,301973
1161,0.000362,74.125.68.0-255,7156,49208,65,301973
1162,0.000364,172.31.40.0-255,66,49274,65,301973
1163,0.000384,74.125.68.0-255,1125,50399,65,301973
1164,0.00039,74.125.68.0-255,4320,54719,65,301973
1165,0.000392,172.31.40.0-255,66,54785,65,301973
1166,0.000394,74.125.68.0-255,1484,56269,65,301973
1167,0.000426,172.31.40.0-255,66,56335,65,301973
1168,0.000428,74.125.68.0-255,137,56472,65,301973
1169,0.000465,74.125.68.0-255,345,56817,65,301973
1170,0.000596,74.125.68.0-255,1484,58301,65,301973
1171,0.0006,172.31.40.0-255,66,58367,65,301973
1172,0.000605,74.125.68.0-255,2902,61269,65,301973
1173,0.000607,172.31.40.0-255,66,61335,65,301973
1174,0.000637,74.125.68.0-255,5738,67073,65,301973
1175,0.00064,172.31.40.0-255,66,67139,65,301973
1176,0.00067,74.125.68.0-255,6246,73385,65,301973
1177,0.000672,172.31.40.0-255,66,73451,65,301973
1178,0.00081,74.125.68.0-255,1484,74935,65,301973
1179,0.000826,74.125.68.0-255,2902,77837,65,301973
1180,0.00083,172.31.40.0-255,66,77903,65,301973
1181,0.000857,74.125.68.0-255,5738,83641,65,301973
1182,0.000859,172.31.40.0-255,66,83707,65,301973
1183,0.000863,74.125.68.0-255,2902,86609,65,301973
1184,0.000865,172.31.40.0-255,66,86675,65,301973
1185,0.000869,74.125.68.0-255,4320,90995,65,301973
1186,0.000871,172.31.40.0-255,66,91061,65,301973
1187,0.00091,172.31.40.0-255,66,91127,65,301973
1188,0.000915,74.125.68.0-255,4320,95447,65,301973
1189,0.000917,172.31.40.0-255,66,95513,65,301973
1190,0.00096,74.125.68.0-255,3602,99115,65,301973
1191,0.00098,172.31.40.0-255,66,99181,65,301973
1192,0.001042,74.125.68.0-255,1484,100665,65,301973
1193,0.001058,74.125.68.0-255,2902,103567,65,301973
1194,0.001063,74.125.68.0-255,2902,106469,65,301973
1195,0.001078,74.125.68.0-255,1484,107953,65,301973
1196,0.001082,172.31.40.0-255,66,108019,65,301973
1197,0.001099,74.125.68.0-255,4320,112339,65,301973
1198,0.001115,74.125.68.0-255,4320,116659,65,301973
1199,0.001118,74.125.68.0-255,1484,118143,65,301973
1200,0.001137,74.125.68.0-255,5738,123881,65,301973
1201,0.001145,74.125.68.0-255,7156,131037,65,301973
1202,0.001153,172.31.40.0-255,66,131103,65,301973
1203,0.001164,74.125.68.0-255,1484,132587,65,301973
1204,0.001166,74.125.68.0-255,766,133353,65,301973
1205,0.001175,172.31.40.0-255,66,133419,65,301973
1206,0.001252,74.125.68.0-255,1484,134903,65,301973
1207,0.001277,74.125.68.0-255,2902,137805,65,301973
1208,0.001283,74.125.68.0-255,5738,143543,65,301973
1209,0.001321,74.125.68.0-255,7156,150699,65,301973
1210,0.00133,172.31.40.0-255,66,150765,65,301973
1211,0.001342,74.125.68.0-255,4320,155085,65,301973
1212,0.001362,172.31.40.0-255,66,155151,65,301973
1213,0.001376,74.125.68.0-255,2184,157335,65,301973
1214,0.001393,172.31.40.0-255,66,157401,65,301973
1215,0.00151,74.125.68.0-255,1484,158885,65,301973
1216,0.001523,74.125.68.0-255,2902,161787,65,301973
1217,0.001537,74.125.68.0-255,4320,166107,65,301973
1218,0.001548,74.125.68.0-255,1484,167591,65,301973
1219,0.001563,74.125.68.0-255,4320,171911,65,301973
1220,0.001567,172.31.40.0-255,66,171977,65,301973
1221,0.001574,172.31.40.0-255,66,172043,65,301973
1222,0.001587,74.125.68.0-255,4320,176363,65,301973
1223,0.001592,74.125.68.0-255,4320,180683,65,301973
1224,0.001626,74.125.68.0-255,5738,186421,65,301973
1225,0.001632,74.125.68.0-255,5020,191441,65,301973
1226,0.001635,172.31.40.0-255,66,191507,65,301973
1227,0.001656,172.31.40.0-255,66,191573,65,301973
1228,0.001695,74.125.68.0-255,1484,193057,65,301973
1229,0.001707,74.125.68.0-255,1484,194541,65,301973
1230,0.001718,172.31.40.0-255,66,194607,65,301973
1231,0.001722,74.125.68.0-255,1484,196091,65,301973
1232,0.001725,74.125.68.0-255,1484,197575,65,301973
1233,0.001729,172.31.40.0-255,66,197641,65,301973
1234,0.00176,74.125.68.0-255,2902,200543,65,301973
1235,0.001774,74.125.68.0-255,5738,206281,65,301973
1236,0.00178,74.125.68.0-255,4320,210601,65,301973
1237,0.001797,74.125.68.0-255,2902,213503,65,301973
1238,0.0018,172.31.40.0-255,66,213569,65,301973
1239,0.001806,172.31.40.0-255,66,213635,65,301973
1240,0.001836,74.125.68.0-255,6438,220073,65,301973
1241,0.001844,74.125.68.0-255,7156,227229,65,301973
1242,0.001901,74.125.68.0-255,4320,231549,65,301973
1243,0.001913,172.31.40.0-255,66,231615,65,301973
1244,0.001926,74.125.68.0-255,7156,238771,65,301973
1245,0.001944,74.125.68.0-255,1484,240255,65,301973
1246,0.001948,74.125.68.0-255,2902,243157,65,301973
1247,0.001953,74.125.68.0-255,5738,248895,65,301973
1248,0.00197,74.125.68.0-255,5738,254633,65,301973
1249,0.001975,172.31.40.0-255,66,254699,65,301973
1250,0.002,74.125.68.0-255,1484,256183,65,301973
1251,0.002014,74.125.68.0-255,2902,259085,65,301973
1252,0.002035,172.31.40.0-255,66,259151,65,301973
1253,0.002042,74.125.68.0-255,5020,264171,65,301973
1254,0.002046,172.31.40.0-255,66,264237,65,301973
1255,0.002072,74.125.68.0-255,2902,267139,65,301973
1256,0.002096,74.125.68.0-255,1484,268623,65,301973
1257,0.002102,172.31.40.0-255,66,268689,65,301973
1258,0.002145,74.125.68.0-255,2902,271591,65,301973
1259,0.002149,74.125.68.0-255,4320,275911,65,301973
1260,0.002174,74.125.68.0-255,5738,281649,65,301973
1261,0.002177,172.31.40.0-255,66,281715,65,301973
1262,0.002183,172.31.40.0-255,66,281781,65,301973
1263,0.002217,74.125.68.0-255,3602,285383,65,301973
1264,0.002264,74.125.68.0-255,5738,291121,65,301973
1265,0.00227,172.31.40.0-255,66,291187,65,301973
1266,0.002297,74.125.68.0-255,3602,294789,65,301973
1267,0.002302,74.125.68.0-255,4320,299109,65,301973
1268,0.002307,172.31.40.0-255,66,299175,65,301973
1269,0.002334,74.125.68.0-255,2289,301464,65,301973
1270,0.002346,74.125.68.0-255,105,301569,65,301973
1271,0.00235,172.31.40.0-255,66,301635,65,301973
1272,0.003126,172.31.40.0-255,101,301736,65,301973
1273,0.004672,172.31.40.0-255,105,301841,65,301973
1274,0.005454,74.125.68.0-255,66,301907,65,301973
1275,0.006999,74.125.68.0-255,66,301973,65,301973
1276,0.0,74.125.24.0-255,301,301,65,145807
1277,1.7e-05,172.31.40.0-255,66,367,65,145807
1278,2.3e-05,74.125.24.0-255,1484,1851,65,145807
1279,2.8e-05,172.31.40.0-255,66,1917,65,145807
1280,3.4e-05,74.125.24.0-255,2902,4819,65,145807
1281,3.8e-05,172.31.40.0-255,66,4885,65,145807
1282,7.4e-05,74.125.24.0-255,1484,6369,65,145807
1283,8.2e-05,172.31.40.0-255,66,6435,65,145807
1284,9.3e-05,172.31.40.0-255,66,6501,65,145807
1285,0.000105,172.31.40.0-255,66,6567,65,145807
1286,0.000108,74.125.24.0-255,1484,8051,65,145807
1287,0.00011,172.31.40.0-255,66,8117,65,145807
1288,0.000146,74.125.24.0-255,6797,14914,65,145807
1289,0.000149,172.31.40.0-255,66,14980,65,145807
1290,0.000153,74.125.24.0-255,2902,17882,65,145807
1291,0.000156,172.31.40.0-255,66,17948,65,145807
1292,0.000187,74.125.24.0-255,5738,23686,65,145807
1293,0.000189,172.31.40.0-255,66,23752,65,145807
1294,0.000224,74.125.24.0-255,2902,26654,65,145807
1295,0.000226,172.31.40.0-255,66,26720,65,145807
1296,0.000272,74.125.24.0-255,4320,31040,65,145807
1297,0.000275,172.31.40.0-255,66,31106,65,145807
1298,0.000297,172.31.40.0-255,66,31172,65,145807
1299,0.000323,74.125.24.0-255,2184,33356,65,145807
1300,0.000326,172.31.40.0-255,66,33422,65,145807
1301,0.000376,74.125.24.0-255,645,34067,65,145807
1302,0.000379,172.31.40.0-255,66,34133,65,145807
1303,0.001413,74.125.24.0-255,1484,35617,65,145807
1304,0.00142,172.31.40.0-255,66,35683,65,145807
1305,0.001428,74.125.24.0-255,1484,37167,65,145807
1306,0.001446,74.125.24.0-255,1484,38651,65,145807
1307,0.001449,74.125.24.0-255,1484,40135,65,145807
1308,0.001472,74.125.24.0-255,4320,44455,65,145807
1309,0.001486,74.125.24.0-255,1484,45939,65,145807
1310,0.0015,74.125.24.0-255,2902,48841,65,145807
1311,0.001517,74.125.24.0-255,2902,51743,65,145807
1312,0.001537,74.125.24.0-255,1484,53227,65,145807
1313,0.001549,74.125.24.0-255,1484,54711,65,145807
1314,0.00156,74.125.24.0-255,1484,56195,65,145807
1315,0.00158,74.125.24.0-255,1484,57679,65,145807
1316,0.001593,74.125.24.0-255,2184,59863,65,145807
1317,0.001684,74.125.24.0-255,1484,61347,65,145807
1318,0.00169,74.125.24.0-255,2902,64249,65,145807
1319,0.001692,74.125.24.0-255,1484,65733,65,145807
1320,0.001712,172.31.40.0-255,66,65799,65,145807
1321,0.001719,74.125.24.0-255,4320,70119,65,145807
1322,0.001759,74.125.24.0-255,4320,74439,65,145807
1323,0.001769,172.31.40.0-255,66,74505,65,145807
1324,0.001807,74.125.24.0-255,2902,77407,65,145807
1325,0.001822,74.125.24.0-255,4320,81727,65,145807
1326,0.001838,74.125.24.0-255,5020,86747,65,145807
1327,0.001846,172.31.40.0-255,66,86813,65,145807
1328,0.001897,74.125.24.0-255,4320,91133,65,145807
1329,0.001904,172.31.40.0-255,66,91199,65,145807
1330,0.001931,172.31.40.0-255,66,91265,65,145807
1331,0.001999,74.125.24.0-255,1484,92749,65,145807
1332,0.002035,74.125.24.0-255,3602,96351,65,145807
1333,0.00204,172.31.40.0-255,66,96417,65,145807
1334,0.002086,74.125.24.0-255,2902,99319,65,145807
1335,0.002122,74.125.24.0-255,2902,102221,65,145807
1336,0.002126,172.31.40.0-255,66,102287,65,145807
1337,0.002131,172.31.40.0-255,66,102353,65,145807
1338,0.002179,74.125.24.0-255,1484,103837,65,145807
1339,0.002196,74.125.24.0-255,5738,109575,65,145807
1340,0.002211,172.31.40.0-255,66,109641,65,145807
1341,0.002263,74.125.24.0-255,5020,114661,65,145807
1342,0.002265,172.31.40.0-255,66,114727,65,145807
1343,0.00227,172.31.40.0-255,66,114793,65,145807
1344,0.002371,74.125.24.0-255,5738,120531,65,145807
1345,0.002378,172.31.40.0-255,66,120597,65,145807
1346,0.002423,172.31.40.0-255,66,120663,65,145807
1347,0.002472,74.125.24.0-255,2902,123565,65,145807
1348,0.002478,172.31.40.0-255,66,123631,65,145807
1349,0.002514,172.31.40.0-255,66,123697,65,145807
1350,0.002571,172.31.40.0-255,66,123763,65,145807
1351,0.002649,74.125.24.0-255,5738,129501,65,145807
1352,0.002668,172.31.40.0-255,66,129567,65,145807
1353,0.002756,74.125.24.0-255,4302,133869,65,145807
1354,0.002759,172.31.40.0-255,66,133935,65,145807
1355,0.00278,172.31.40.0-255,66,134001,65,145807
1356,0.005104,74.125.24.0-255,1484,135485,65,145807
1357,0.005161,74.125.24.0-255,4320,139805,65,145807
1358,0.005166,172.31.40.0-255,66,139871,65,145807
1359,0.00759,74.125.24.0-255,2902,142773,65,145807
1360,0.007613,74.125.24.0-255,1484,144257,65,145807
1361,0.007626,74.125.24.0-255,1484,145741,65,145807
1362,0.008308,172.31.40.0-255,66,145807,65,145807
1363,0.0,172.217.194.0-255,155,155,65,62684
1364,2.3e-05,172.31.40.0-255,66,221,65,62684
1365,2.9e-05,172.217.194.0-255,1484,1705,65,62684
1366,3.4e-05,172.31.40.0-255,66,1771,65,62684
1367,3.9e-05,172.217.194.0-255,2902,4673,65,62684
1368,4.2e-05,172.31.40.0-255,66,4739,65,62684
1369,5.8e-05,172.217.194.0-255,7156,11895,65,62684
1370,6.1e-05,172.31.40.0-255,66,11961,65,62684
1371,9.8e-05,172.217.194.0-255,2140,14101,65,62684
1372,0.000101,172.31.40.0-255,66,14167,65,62684
1373,0.000112,172.217.194.0-255,2902,17069,65,62684
1374,0.000114,172.31.40.0-255,66,17135,65,62684
1375,0.000121,172.217.194.0-255,7156,24291,65,62684
1376,0.000123,172.31.40.0-255,66,24357,65,62684
1377,0.000134,172.31.40.0-255,66,24423,65,62684
1378,0.000174,172.217.194.0-255,4320,28743,65,62684
1379,0.000177,172.31.40.0-255,66,28809,65,62684
1380,0.000213,172.31.40.0-255,66,28875,65,62684
1381,0.00057,172.217.194.0-255,1484,30359,65,62684
1382,0.000575,172.31.40.0-255,66,30425,65,62684
1383,0.000581,172.217.194.0-255,2902,33327,65,62684
1384,0.000584,172.31.40.0-255,66,33393,65,62684
1385,0.000616,172.217.194.0-255,4320,37713,65,62684
1386,0.000619,172.31.40.0-255,66,37779,65,62684
1387,0.000645,172.217.194.0-255,1484,39263,65,62684
1388,0.000647,172.31.40.0-255,66,39329,65,62684
1389,0.000658,172.217.194.0-255,7097,46426,65,62684
1390,0.000661,172.31.40.0-255,66,46492,65,62684
1391,0.003187,172.217.194.0-255,1484,47976,65,62684
1392,0.003194,172.31.40.0-255,66,48042,65,62684
1393,0.003204,172.217.194.0-255,2902,50944,65,62684
1394,0.003212,172.31.40.0-255,66,51010,65,62684
1395,0.003216,172.217.194.0-255,1484,52494,65,62684
1396,0.005521,172.217.194.0-255,4320,56814,65,62684
1397,0.005526,172.31.40.0-255,66,56880,65,62684
1398,0.00786,172.217.194.0-255,5738,62618,65,62684
1399,0.007867,172.31.40.0-255,66,62684,65,62684
1400,0.0,74.125.24.0-255,293,293,65,226303
1401,2.1e-05,172.31.40.0-255,66,359,65,226303
1402,2.8e-05,74.125.24.0-255,1484,1843,65,226303
1403,3.2e-05,172.31.40.0-255,66,1909,65,226303
1404,3.9e-05,74.125.24.0-255,4320,6229,65,226303
1405,4.2e-05,172.31.40.0-255,66,6295,65,226303
1406,5.4e-05,172.31.40.0-255,66,6361,65,226303
1407,0.000706,74.125.24.0-255,1484,7845,65,226303
1408,0.000713,172.31.40.0-255,66,7911,65,226303
1409,0.000724,74.125.24.0-255,2902,10813,65,226303
1410,0.000726,172.31.40.0-255,66,10879,65,226303
1411,0.000748,74.125.24.0-255,4320,15199,65,226303
1412,0.00075,172.31.40.0-255,66,15265,65,226303
1413,0.000776,172.31.40.0-255,66,15331,65,226303
1414,0.000802,74.125.24.0-255,1125,16456,65,226303
1415,0.000805,172.31.40.0-255,66,16522,65,226303
1416,0.000818,172.31.40.0-255,66,16588,65,226303
1417,0.000831,172.31.40.0-255,66,16654,65,226303
1418,0.000858,172.31.40.0-255,66,16720,65,226303
1419,0.000862,74.125.24.0-255,1098,17818,65,226303
1420,0.000863,172.31.40.0-255,66,17884,65,226303
1421,0.001199,74.125.24.0-255,110,17994,65,226303
1422,0.001205,172.31.40.0-255,66,18060,65,226303
1423,0.001446,74.125.24.0-255,1484,19544,65,226303
1424,0.001452,172.31.40.0-255,66,19610,65,226303
1425,0.001458,74.125.24.0-255,2902,22512,65,226303
1426,0.001461,172.31.40.0-255,66,22578,65,226303
1427,0.001466,74.125.24.0-255,2902,25480,65,226303
1428,0.001468,172.31.40.0-255,66,25546,65,226303
1429,0.001497,74.125.24.0-255,2902,28448,65,226303
1430,0.001499,172.31.40.0-255,66,28514,65,226303
1431,0.001512,172.31.40.0-255,66,28580,65,226303
1432,0.001552,172.31.40.0-255,66,28646,65,226303
1433,0.001666,74.125.24.0-255,1484,30130,65,226303
1434,0.001679,74.125.24.0-255,2902,33032,65,226303
1435,0.001708,74.125.24.0-255,5738,38770,65,226303
1436,0.00176,74.125.24.0-255,7156,45926,65,226303
1437,0.001776,74.125.24.0-255,5738,51664,65,226303
1438,0.001782,74.125.24.0-255,4320,55984,65,226303
1439,0.001819,74.125.24.0-255,6438,62422,65,226303
1440,0.001827,74.125.24.0-255,7156,69578,65,226303
1441,0.001858,74.125.24.0-255,5738,75316,65,226303
1442,0.001861,74.125.24.0-255,1484,76800,65,226303
1443,0.00188,74.125.24.0-255,4320,81120,65,226303
1444,0.001893,74.125.24.0-255,5020,86140,65,226303
1445,0.002427,74.125.24.0-255,1484,87624,65,226303
1446,0.002434,74.125.24.0-255,2902,90526,65,226303
1447,0.002447,74.125.24.0-255,2902,93428,65,226303
1448,0.00247,74.125.24.0-255,2902,96330,65,226303
1449,0.002505,74.125.24.0-255,1484,97814,65,226303
1450,0.00252,74.125.24.0-255,4320,102134,65,226303
1451,0.002554,74.125.24.0-255,7156,109290,65,226303
1452,0.002582,74.125.24.0-255,7156,116446,65,226303
1453,0.00262,74.125.24.0-255,4320,120766,65,226303
1454,0.002644,74.125.24.0-255,5020,125786,65,226303
1455,0.002683,74.125.24.0-255,1484,127270,65,226303
1456,0.002702,74.125.24.0-255,2902,130172,65,226303
1457,0.002716,74.125.24.0-255,2902,133074,65,226303
1458,0.002727,74.125.24.0-255,2902,135976,65,226303
1459,0.00276,74.125.24.0-255,7156,143132,65,226303
1460,0.00279,74.125.24.0-255,5738,148870,65,226303
1461,0.002891,74.125.24.0-255,1484,150354,65,226303
1462,0.002895,74.125.24.0-255,1484,151838,65,226303
1463,0.002914,74.125.24.0-255,1484,153322,65,226303
1464,0.002928,74.125.24.0-255,4320,157642,65,226303
1465,0.002943,74.125.24.0-255,1484,159126,65,226303
1466,0.00296,74.125.24.0-255,4320,163446,65,226303
1467,0.00298,74.125.24.0-255,2902,166348,65,226303
1468,0.002986,74.125.24.0-255,5738,172086,65,226303
1469,0.003098,74.125.24.0-255,2902,174988,65,226303
1470,0.003146,74.125.24.0-255,3602,178590,65,226303
1471,0.003149,74.125.24.0-255,1484,180074,65,226303
1472,0.003152,74.125.24.0-255,1484,181558,65,226303
1473,0.003172,74.125.24.0-255,1484,183042,65,226303
1474,0.003175,74.125.24.0-255,1484,184526,65,226303
1475,0.003185,74.125.24.0-255,1484,186010,65,226303
1476,0.00322,74.125.24.0-255,7156,193166,65,226303
1477,0.003237,74.125.24.0-255,1484,194650,65,226303
1478,0.003241,74.125.24.0-255,2902,197552,65,226303
1479,0.003258,74.125.24.0-255,1484,199036,65,226303
1480,0.00327,74.125.24.0-255,1484,200520,65,226303
1481,0.003273,74.125.24.0-255,1484,202004,65,226303
1482,0.003299,74.125.24.0-255,1484,203488,65,226303
1483,0.003317,74.125.24.0-255,2902,206390,65,226303
1484,0.003324,74.125.24.0-255,5738,212128,65,226303
1485,0.003327,74.125.24.0-255,766,212894,65,226303
1486,0.003366,74.125.24.0-255,1484,214378,65,226303
1487,0.003372,74.125.24.0-255,4320,218698,65,226303
1488,0.003377,74.125.24.0-255,2902,221600,65,226303
1489,0.00344,74.125.24.0-255,4427,226027,65,226303
1490,0.003477,74.125.24.0-255,105,226132,65,226303
1491,0.004029,172.31.40.0-255,66,226198,65,226303
1492,0.009016,172.31.40.0-255,105,226303,65,226303
1493,0.0,74.125.24.0-255,296,296,65,182455
1494,2.3e-05,172.31.40.0-255,66,362,65,182455
1495,3e-05,74.125.24.0-255,1484,1846,65,182455
1496,3.4e-05,172.31.40.0-255,66,1912,65,182455
1497,4.2e-05,74.125.24.0-255,4320,6232,65,182455
1498,4.6e-05,172.31.40.0-255,66,6298,65,182455
1499,8.2e-05,74.125.24.0-255,7156,13454,65,182455
1500,8.5e-05,172.31.40.0-255,66,13520,65,182455
1501,0.000102,74.125.24.0-255,461,13981,65,182455
1502,0.000104,172.31.40.0-255,66,14047,65,182455
1503,0.00013,74.125.24.0-255,1484,15531,65,182455
1504,0.000133,172.31.40.0-255,66,15597,65,182455
1505,0.000138,74.125.24.0-255,2902,18499,65,182455
1506,0.000141,172.31.40.0-255,66,18565,65,182455
1507,0.000163,74.125.24.0-255,5738,24303,65,182455
1508,0.000166,172.31.40.0-255,66,24369,65,182455
1509,0.000172,74.125.24.0-255,4320,28689,65,182455
1510,0.000174,172.31.40.0-255,66,28755,65,182455
1511,0.000211,74.125.24.0-255,7156,35911,65,182455
1512,0.000214,172.31.40.0-255,66,35977,65,182455
1513,0.000239,74.125.24.0-255,5379,41356,65,182455
1514,0.000242,172.31.40.0-255,66,41422,65,182455
1515,0.000249,74.125.24.0-255,6797,48219,65,182455
1516,0.000252,172.31.40.0-255,66,48285,65,182455
1517,0.000762,74.125.24.0-255,1484,49769,65,182455
1518,0.000768,172.31.40.0-255,66,49835,65,182455
1519,0.000775,74.125.24.0-255,2902,52737,65,182455
1520,0.000777,172.31.40.0-255,66,52803,65,182455
1521,0.00078,74.125.24.0-255,1484,54287,65,182455
1522,0.000782,172.31.40.0-255,66,54353,65,182455
1523,0.000806,74.125.24.0-255,4320,58673,65,182455
1524,0.000809,172.31.40.0-255,66,58739,65,182455
1525,0.000831,74.125.24.0-255,2902,61641,65,182455
1526,0.000847,172.31.40.0-255,66,61707,65,182455
1527,0.00087,74.125.24.0-255,2902,64609,65,182455
1528,0.000887,74.125.24.0-255,5738,70347,65,182455
1529,0.000903,172.31.40.0-255,66,70413,65,182455
1530,0.000908,74.125.24.0-255,1707,72120,65,182455
1531,0.000931,74.125.24.0-255,5738,77858,65,182455
1532,0.000933,172.31.40.0-255,66,77924,65,182455
1533,0.000949,74.125.24.0-255,2543,80467,65,182455
1534,0.000967,172.31.40.0-255,66,80533,65,182455
1535,0.001414,74.125.24.0-255,1484,82017,65,182455
1536,0.001422,74.125.24.0-255,2902,84919,65,182455
1537,0.001425,172.31.40.0-255,66,84985,65,182455
1538,0.001432,74.125.24.0-255,4320,89305,65,182455
1539,0.001446,74.125.24.0-255,1484,90789,65,182455
1540,0.001451,74.125.24.0-255,2902,93691,65,182455
1541,0.001511,74.125.24.0-255,766,94457,65,182455
1542,0.001532,74.125.24.0-255,1484,95941,65,182455
1543,0.001545,74.125.24.0-255,4320,100261,65,182455
1544,0.00157,74.125.24.0-255,2902,103163,65,182455
1545,0.001595,74.125.24.0-255,5738,108901,65,182455
1546,0.001678,74.125.24.0-255,1484,110385,65,182455
1547,0.00169,74.125.24.0-255,2902,113287,65,182455
1548,0.001713,74.125.24.0-255,5738,119025,65,182455
1549,0.001718,74.125.24.0-255,4320,123345,65,182455
1550,0.001744,74.125.24.0-255,4320,127665,65,182455
1551,0.001764,74.125.24.0-255,7156,134821,65,182455
1552,0.001767,74.125.24.0-255,1484,136305,65,182455
1553,0.001789,74.125.24.0-255,6438,142743,65,182455
1554,0.001883,74.125.24.0-255,1484,144227,65,182455
1555,0.001888,74.125.24.0-255,2902,147129,65,182455
1556,0.001912,74.125.24.0-255,5738,152867,65,182455
1557,0.001931,74.125.24.0-255,4320,157187,65,182455
1558,0.00195,74.125.24.0-255,5738,162925,65,182455
1559,0.001957,74.125.24.0-255,7156,170081,65,182455
1560,0.001978,74.125.24.0-255,4320,174401,65,182455
1561,0.001981,74.125.24.0-255,2184,176585,65,182455
1562,0.006361,172.31.40.0-255,66,176651,65,182455
1563,0.008351,74.125.24.0-255,5738,182389,65,182455
1564,0.008357,172.31.40.0-255,66,182455,65,182455
1565,0.0,74.125.24.0-255,155,155,65,148233
1566,1.8e-05,172.31.40.0-255,66,221,65,148233
1567,2.4e-05,74.125.24.0-255,1484,1705,65,148233
1568,3e-05,172.31.40.0-255,66,1771,65,148233
1569,4.1e-05,74.125.24.0-255,2902,4673,65,148233
1570,4.4e-05,172.31.40.0-255,66,4739,65,148233
1571,5.3e-05,74.125.24.0-255,7156,11895,65,148233
1572,5.6e-05,172.31.40.0-255,66,11961,65,148233
1573,0.00011,74.125.24.0-255,2056,14017,65,148233
1574,0.000113,172.31.40.0-255,66,14083,65,148233
1575,0.000176,74.125.24.0-255,2902,16985,65,148233
1576,0.00018,172.31.40.0-255,66,17051,65,148233
1577,0.000185,74.125.24.0-255,4320,21371,65,148233
1578,0.000188,172.31.40.0-255,66,21437,65,148233
1579,0.000222,172.31.40.0-255,66,21503,65,148233
1580,0.000226,74.125.24.0-255,2543,24046,65,148233
1581,0.000228,172.31.40.0-255,66,24112,65,148233
1582,0.000233,74.125.24.0-255,2902,27014,65,148233
1583,0.000239,172.31.40.0-255,66,27080,65,148233
1584,0.000242,74.125.24.0-255,1484,28564,65,148233
1585,0.000245,172.31.40.0-255,66,28630,65,148233
1586,0.000275,74.125.24.0-255,5738,34368,65,148233
1587,0.000279,172.31.40.0-255,66,34434,65,148233
1588,0.000284,74.125.24.0-255,4320,38754,65,148233
1589,0.000286,172.31.40.0-255,66,38820,65,148233
1590,0.000308,74.125.24.0-255,1125,39945,65,148233
1591,0.00031,172.31.40.0-255,66,40011,65,148233
1592,0.000469,74.125.24.0-255,1484,41495,65,148233
1593,0.000474,172.31.40.0-255,66,41561,65,148233
1594,0.000505,74.125.24.0-255,2902,44463,65,148233
1595,0.000508,172.31.40.0-255,66,44529,65,148233
1596,0.000514,74.125.24.0-255,4320,48849,65,148233
1597,0.000516,172.31.40.0-255,66,48915,65,148233
1598,0.000538,74.125.24.0-255,1484,50399,65,148233
1599,0.000554,172.31.40.0-255,66,50465,65,148233
1600,0.000711,74.125.24.0-255,1484,51949,65,148233
1601,0.000718,74.125.24.0-255,2902,54851,65,148233
1602,0.000723,172.31.40.0-255,66,54917,65,148233
1603,0.00073,74.125.24.0-255,5738,60655,65,148233
1604,0.000732,172.31.40.0-255,66,60721,65,148233
1605,0.000736,74.125.24.0-255,2902,63623,65,148233
1606,0.000738,172.31.40.0-255,66,63689,65,148233
1607,0.00078,74.125.24.0-255,7156,70845,65,148233
1608,0.000783,172.31.40.0-255,66,70911,65,148233
1609,0.000818,74.125.24.0-255,3961,74872,65,148233
1610,0.000821,172.31.40.0-255,66,74938,65,148233
1611,0.000827,74.125.24.0-255,5738,80676,65,148233
1612,0.000829,172.31.40.0-255,66,80742,65,148233
1613,0.000871,74.125.24.0-255,3961,84703,65,148233
1614,0.000875,172.31.40.0-255,66,84769,65,148233
1615,0.001108,74.125.24.0-255,1484,86253,65,148233
1616,0.001114,74.125.24.0-255,2902,89155,65,148233
1617,0.001117,172.31.40.0-255,66,89221,65,148233
1618,0.001124,74.125.24.0-255,4320,93541,65,148233
1619,0.001126,172.31.40.0-255,66,93607,65,148233
1620,0.001144,74.125.24.0-255,1484,95091,65,148233
1621,0.00115,74.125.24.0-255,5738,100829,65,148233
1622,0.001157,172.31.40.0-255,66,100895,65,148233
1623,0.001177,74.125.24.0-255,4320,105215,65,148233
1624,0.00118,172.31.40.0-255,66,105281,65,148233
1625,0.001218,172.31.40.0-255,66,105347,65,148233
1626,0.001251,74.125.24.0-255,5020,110367,65,148233
1627,0.001254,172.31.40.0-255,66,110433,65,148233
1628,0.001727,74.125.24.0-255,1484,111917,65,148233
1629,0.001759,74.125.24.0-255,2902,114819,65,148233
1630,0.001763,172.31.40.0-255,66,114885,65,148233
1631,0.001791,74.125.24.0-255,4320,119205,65,148233
1632,0.001794,172.31.40.0-255,66,119271,65,148233
1633,0.001799,74.125.24.0-255,4320,123591,65,148233
1634,0.001801,172.31.40.0-255,66,123657,65,148233
1635,0.001822,74.125.24.0-255,4320,127977,65,148233
1636,0.001824,172.31.40.0-255,66,128043,65,148233
1637,0.001844,172.31.40.0-255,66,128109,65,148233
1638,0.0019,74.125.24.0-255,2184,130293,65,148233
1639,0.001903,172.31.40.0-255,66,130359,65,148233
1640,0.004331,74.125.24.0-255,2902,133261,65,148233
1641,0.004339,172.31.40.0-255,66,133327,65,148233
1642,0.00437,74.125.24.0-255,2902,136229,65,148233
1643,0.004373,172.31.40.0-255,66,136295,65,148233
1644,0.006821,74.125.24.0-255,2902,139197,65,148233
1645,0.006824,172.31.40.0-255,66,139263,65,148233
1646,0.006849,74.125.24.0-255,1484,140747,65,148233
1647,0.006863,74.125.24.0-255,1484,142231,65,148233
1648,0.006865,172.31.40.0-255,66,142297,65,148233
1649,0.009323,74.125.24.0-255,2902,145199,65,148233
1650,0.00933,172.31.40.0-255,66,145265,65,148233
1651,0.009358,74.125.24.0-255,2902,148167,65,148233
1652,0.009361,172.31.40.0-255,66,148233,65,148233
1653,0.0,74.125.24.0-255,296,296,65,95983
1654,2.3e-05,172.31.40.0-255,66,362,65,95983
1655,3e-05,74.125.24.0-255,1484,1846,65,95983
1656,3.5e-05,172.31.40.0-255,66,1912,65,95983
1657,4e-05,74.125.24.0-255,2902,4814,65,95983
1658,4.3e-05,172.31.40.0-255,66,4880,65,95983
1659,4.9e-05,74.125.24.0-255,4320,9200,65,95983
1660,5.1e-05,172.31.40.0-255,66,9266,65,95983
1661,6.3e-05,172.31.40.0-255,66,9332,65,95983
1662,6.7e-05,74.125.24.0-255,2902,12234,65,95983
1663,6.9e-05,172.31.40.0-255,66,12300,65,95983
1664,0.000118,74.125.24.0-255,4320,16620,65,95983
1665,0.000121,172.31.40.0-255,66,16686,65,95983
1666,0.000143,74.125.24.0-255,5379,22065,65,95983
1667,0.000146,172.31.40.0-255,66,22131,65,95983
1668,0.000833,74.125.24.0-255,1484,23615,65,95983
1669,0.000839,172.31.40.0-255,66,23681,65,95983
1670,0.000847,74.125.24.0-255,2902,26583,65,95983
1671,0.00085,172.31.40.0-255,66,26649,65,95983
1672,0.000856,74.125.24.0-255,4320,30969,65,95983
1673,0.000858,172.31.40.0-255,66,31035,65,95983
1674,0.000882,74.125.24.0-255,1484,32519,65,95983
1675,0.000886,172.31.40.0-255,66,32585,65,95983
1676,0.000898,74.125.24.0-255,1484,34069,65,95983
1677,0.0009,172.31.40.0-255,66,34135,65,95983
1678,0.000937,172.31.40.0-255,66,34201,65,95983
1679,0.000949,172.31.40.0-255,66,34267,65,95983
1680,0.000962,74.125.24.0-255,1484,35751,65,95983
1681,0.000964,172.31.40.0-255,66,35817,65,95983
1682,0.000968,74.125.24.0-255,2184,38001,65,95983
1683,0.000971,172.31.40.0-255,66,38067,65,95983
1684,0.002066,74.125.24.0-255,1484,39551,65,95983
1685,0.002077,74.125.24.0-255,2902,42453,65,95983
1686,0.002081,172.31.40.0-255,66,42519,65,95983
1687,0.002086,74.125.24.0-255,1484,44003,65,95983
1688,0.002117,74.125.24.0-255,5738,49741,65,95983
1689,0.00212,172.31.40.0-255,66,49807,65,95983
1690,0.002125,74.125.24.0-255,2902,52709,65,95983
1691,0.002126,172.31.40.0-255,66,52775,65,95983
1692,0.002151,172.31.40.0-255,66,52841,65,95983
1693,0.002155,74.125.24.0-255,2902,55743,65,95983
1694,0.002157,172.31.40.0-255,66,55809,65,95983
1695,0.002179,74.125.24.0-255,2902,58711,65,95983
1696,0.002182,172.31.40.0-255,66,58777,65,95983
1697,0.002209,172.31.40.0-255,66,58843,65,95983
1698,0.002231,74.125.24.0-255,3602,62445,65,95983
1699,0.002234,172.31.40.0-255,66,62511,65,95983
1700,0.002237,74.125.24.0-255,1484,63995,65,95983
1701,0.002253,74.125.24.0-255,5738,69733,65,95983
1702,0.002256,172.31.40.0-255,66,69799,65,95983
1703,0.002286,74.125.24.0-255,7156,76955,65,95983
1704,0.002289,172.31.40.0-255,66,77021,65,95983
1705,0.002292,74.125.24.0-255,1484,78505,65,95983
1706,0.002319,172.31.40.0-255,66,78571,65,95983
1707,0.004837,74.125.24.0-255,5738,84309,65,95983
1708,0.004844,172.31.40.0-255,66,84375,65,95983
1709,0.007351,74.125.24.0-255,5738,90113,65,95983
1710,0.007356,172.31.40.0-255,66,90179,65,95983
1711,0.009879,74.125.24.0-255,5738,95917,65,95983
1712,0.009885,172.31.40.0-255,66,95983,65,95983
1713,0.0,172.217.194.0-255,152,152,65,166351
1714,1.5e-05,172.31.40.0-255,66,218,65,166351
1715,2.2e-05,172.217.194.0-255,1484,1702,65,166351
1716,2.7e-05,172.31.40.0-255,66,1768,65,166351
1717,3.4e-05,172.217.194.0-255,2902,4670,65,166351
1718,3.7e-05,172.31.40.0-255,66,4736,65,166351
1719,6.2e-05,172.217.194.0-255,1484,6220,65,166351
1720,6.4e-05,172.31.40.0-255,66,6286,65,166351
1721,6.9e-05,172.217.194.0-255,2902,9188,65,166351
1722,7.1e-05,172.31.40.0-255,66,9254,65,166351
1723,9.9e-05,172.217.194.0-255,4873,14127,65,166351
1724,0.000102,172.31.40.0-255,66,14193,65,166351
1725,0.000109,172.217.194.0-255,5738,19931,65,166351
1726,0.000111,172.31.40.0-255,66,19997,65,166351
1727,0.000131,172.217.194.0-255,1484,21481,65,166351
1728,0.000133,172.31.40.0-255,66,21547,65,166351
1729,0.000167,172.31.40.0-255,66,21613,65,166351
1730,0.000199,172.217.194.0-255,4320,25933,65,166351
1731,0.000201,172.31.40.0-255,66,25999,65,166351
1732,0.000221,172.217.194.0-255,4320,30319,65,166351
1733,0.000223,172.31.40.0-255,66,30385,65,166351
1734,0.000249,172.217.194.0-255,2902,33287,65,166351
1735,0.000252,172.31.40.0-255,66,33353,65,166351
1736,0.000275,172.217.194.0-255,5379,38732,65,166351
1737,0.000277,172.31.40.0-255,66,38798,65,166351
1738,0.000383,172.217.194.0-255,1484,40282,65,166351
1739,0.000387,172.31.40.0-255,66,40348,65,166351
1740,0.000401,172.217.194.0-255,2902,43250,65,166351
1741,0.000404,172.31.40.0-255,66,43316,65,166351
1742,0.000424,172.217.194.0-255,5738,49054,65,166351
1743,0.000426,172.31.40.0-255,66,49120,65,166351
1744,0.000458,172.217.194.0-255,1484,50604,65,166351
1745,0.000478,172.217.194.0-255,5379,55983,65,166351
1746,0.000481,172.31.40.0-255,66,56049,65,166351
1747,0.000489,172.217.194.0-255,7156,63205,65,166351
1748,0.000491,172.31.40.0-255,66,63271,65,166351
1749,0.000516,172.217.194.0-255,5738,69009,65,166351
1750,0.000519,172.31.40.0-255,66,69075,65,166351
1751,0.000542,172.217.194.0-255,1484,70559,65,166351
1752,0.000556,172.217.194.0-255,3122,73681,65,166351
1753,0.000559,172.31.40.0-255,66,73747,65,166351
1754,0.000615,172.217.194.0-255,1484,75231,65,166351
1755,0.000633,172.217.194.0-255,2902,78133,65,166351
1756,0.000636,172.31.40.0-255,66,78199,65,166351
1757,0.000648,172.217.194.0-255,2902,81101,65,166351
1758,0.000651,172.31.40.0-255,66,81167,65,166351
1759,0.000669,172.217.194.0-255,2902,84069,65,166351
1760,0.000672,172.31.40.0-255,66,84135,65,166351
1761,0.000677,172.217.194.0-255,4320,88455,65,166351
1762,0.000679,172.31.40.0-255,66,88521,65,166351
1763,0.000717,172.217.194.0-255,2902,91423,65,166351
1764,0.00072,172.31.40.0-255,66,91489,65,166351
1765,0.00075,172.31.40.0-255,66,91555,65,166351
1766,0.000789,172.217.194.0-255,6683,98238,65,166351
1767,0.000792,172.31.40.0-255,66,98304,65,166351
1768,0.000997,172.217.194.0-255,197,98501,65,166351
1769,0.001345,172.217.194.0-255,1484,99985,65,166351
1770,0.00135,172.31.40.0-255,66,100051,65,166351
1771,0.001362,172.217.194.0-255,1484,101535,65,166351
1772,0.001375,172.217.194.0-255,1484,103019,65,166351
1773,0.001377,172.31.40.0-255,66,103085,65,166351
1774,0.001396,172.217.194.0-255,4320,107405,65,166351
1775,0.001398,172.31.40.0-255,66,107471,65,166351
1776,0.001423,172.217.194.0-255,1484,108955,65,166351
1777,0.001436,172.31.40.0-255,66,109021,65,166351
1778,0.001456,172.217.194.0-255,7156,116177,65,166351
1779,0.001459,172.31.40.0-255,66,116243,65,166351
1780,0.001483,172.217.194.0-255,3602,119845,65,166351
1781,0.001485,172.31.40.0-255,66,119911,65,166351
1782,0.00228,172.217.194.0-255,1484,121395,65,166351
1783,0.00229,172.217.194.0-255,2902,124297,65,166351
1784,0.002294,172.31.40.0-255,66,124363,65,166351
1785,0.002306,172.217.194.0-255,1484,125847,65,166351
1786,0.002323,172.217.194.0-255,4320,130167,65,166351
1787,0.002325,172.31.40.0-255,66,130233,65,166351
1788,0.002328,172.217.194.0-255,1484,131717,65,166351
1789,0.002358,172.31.40.0-255,66,131783,65,166351
1790,0.002361,172.217.194.0-255,1484,133267,65,166351
1791,0.002381,172.217.194.0-255,7156,140423,65,166351
1792,0.002383,172.31.40.0-255,66,140489,65,166351
1793,0.002421,172.217.194.0-255,2184,142673,65,166351
1794,0.002424,172.31.40.0-255,66,142739,65,166351
1795,0.002538,172.217.194.0-255,1484,144223,65,166351
1796,0.002544,172.217.194.0-255,2902,147125,65,166351
1797,0.002547,172.31.40.0-255,66,147191,65,166351
1798,0.002571,172.217.194.0-255,4320,151511,65,166351
1799,0.002573,172.31.40.0-255,66,151577,65,166351
1800,0.002583,172.31.40.0-255,66,151643,65,166351
1801,0.002608,172.217.194.0-255,1484,153127,65,166351
1802,0.002619,172.217.194.0-255,1484,154611,65,166351
1803,0.002621,172.31.40.0-255,66,154677,65,166351
1804,0.002662,172.31.40.0-255,66,154743,65,166351
1805,0.005362,172.217.194.0-255,5738,160481,65,166351
1806,0.005368,172.31.40.0-255,66,160547,65,166351
1807,0.008079,172.217.194.0-255,5738,166285,65,166351
1808,0.008085,172.31.40.0-255,66,166351,65,166351
1809,0.0,172.217.194.0-255,154,154,65,129133
1810,2.3e-05,172.31.40.0-255,66,220,65,129133
1811,3e-05,172.217.194.0-255,1484,1704,65,129133
1812,3.5e-05,172.31.40.0-255,66,1770,65,129133
1813,4.1e-05,172.217.194.0-255,2902,4672,65,129133
1814,5.2e-05,172.31.40.0-255,66,4738,65,129133
1815,6e-05,172.217.194.0-255,7156,11894,65,129133
1816,6.2e-05,172.31.40.0-255,66,11960,65,129133
1817,6.7e-05,172.217.194.0-255,2074,14034,65,129133
1818,7e-05,172.31.40.0-255,66,14100,65,129133
1819,0.000174,172.217.194.0-255,1484,15584,65,129133
1820,0.000177,172.31.40.0-255,66,15650,65,129133
1821,0.000183,172.217.194.0-255,2902,18552,65,129133
1822,0.000186,172.31.40.0-255,66,18618,65,129133
1823,0.000206,172.217.194.0-255,1484,20102,65,129133
1824,0.000208,172.31.40.0-255,66,20168,65,129133
1825,0.000233,172.217.194.0-255,2902,23070,65,129133
1826,0.00024,172.31.40.0-255,66,23136,65,129133
1827,0.000275,172.31.40.0-255,66,23202,65,129133
1828,0.000731,172.217.194.0-255,1484,24686,65,129133
1829,0.000736,172.31.40.0-255,66,24752,65,129133
1830,0.000742,172.217.194.0-255,2902,27654,65,129133
1831,0.000744,172.31.40.0-255,66,27720,65,129133
1832,0.000751,172.217.194.0-255,5738,33458,65,129133
1833,0.000753,172.31.40.0-255,66,33524,65,129133
1834,0.000772,172.31.40.0-255,66,33590,65,129133
1835,0.000852,172.31.40.0-255,66,33656,65,129133
1836,0.001373,172.217.194.0-255,646,34302,65,129133
1837,0.00138,172.31.40.0-255,66,34368,65,129133
1838,0.001485,172.217.194.0-255,1484,35852,65,129133
1839,0.001492,172.217.194.0-255,2902,38754,65,129133
1840,0.001496,172.31.40.0-255,66,38820,65,129133
1841,0.001503,172.217.194.0-255,4320,43140,65,129133
1842,0.001506,172.31.40.0-255,66,43206,65,129133
1843,0.001538,172.217.194.0-255,1484,44690,65,129133
1844,0.001552,172.31.40.0-255,66,44756,65,129133
1845,0.001565,172.31.40.0-255,66,44822,65,129133
1846,0.001592,172.217.194.0-255,766,45588,65,129133
1847,0.001914,172.217.194.0-255,1484,47072,65,129133
1848,0.001918,172.31.40.0-255,66,47138,65,129133
1849,0.001924,172.217.194.0-255,2902,50040,65,129133
1850,0.001927,172.31.40.0-255,66,50106,65,129133
1851,0.001933,172.217.194.0-255,5738,55844,65,129133
1852,0.00194,172.31.40.0-255,66,55910,65,129133
1853,0.001989,172.31.40.0-255,66,55976,65,129133
1854,0.001999,172.31.40.0-255,66,56042,65,129133
1855,0.002023,172.217.194.0-255,5738,61780,65,129133
1856,0.002025,172.31.40.0-255,66,61846,65,129133
1857,0.00205,172.217.194.0-255,2184,64030,65,129133
1858,0.002053,172.31.40.0-255,66,64096,65,129133
1859,0.002062,172.31.40.0-255,66,64162,65,129133
1860,0.002123,172.31.40.0-255,66,64228,65,129133
1861,0.002128,172.217.194.0-255,3602,67830,65,129133
1862,0.00213,172.31.40.0-255,66,67896,65,129133
1863,0.002351,172.217.194.0-255,1484,69380,65,129133
1864,0.002356,172.217.194.0-255,2902,72282,65,129133
1865,0.002358,172.31.40.0-255,66,72348,65,129133
1866,0.002361,172.217.194.0-255,1484,73832,65,129133
1867,0.002384,172.217.194.0-255,4320,78152,65,129133
1868,0.002387,172.31.40.0-255,66,78218,65,129133
1869,0.002399,172.31.40.0-255,66,78284,65,129133
1870,0.002414,172.31.40.0-255,66,78350,65,129133
1871,0.002416,172.217.194.0-255,766,79116,65,129133
1872,0.002473,172.217.194.0-255,1484,80600,65,129133
1873,0.002474,172.31.40.0-255,66,80666,65,129133
1874,0.002477,172.217.194.0-255,1484,82150,65,129133
1875,0.002495,172.217.194.0-255,1484,83634,65,129133
1876,0.002497,172.31.40.0-255,66,83700,65,129133
1877,0.002503,172.217.194.0-255,5738,89438,65,129133
1878,0.002505,172.31.40.0-255,66,89504,65,129133
1879,0.002541,172.31.40.0-255,66,89570,65,129133
1880,0.002543,172.217.194.0-255,1484,91054,65,129133
1881,0.002548,172.217.194.0-255,4320,95374,65,129133
1882,0.00255,172.31.40.0-255,66,95440,65,129133
1883,0.002575,172.217.194.0-255,5020,100460,65,129133
1884,0.002577,172.31.40.0-255,66,100526,65,129133
1885,0.002604,172.217.194.0-255,5738,106264,65,129133
1886,0.002606,172.31.40.0-255,66,106330,65,129133
1887,0.002648,172.31.40.0-255,66,106396,65,129133
1888,0.002653,172.217.194.0-255,5738,112134,65,129133
1889,0.002655,172.31.40.0-255,66,112200,65,129133
1890,0.002664,172.217.194.0-255,5738,117938,65,129133
1891,0.002667,172.31.40.0-255,66,118004,65,129133
1892,0.002691,172.217.194.0-255,5738,123742,65,129133
1893,0.002697,172.31.40.0-255,66,123808,65,129133
1894,0.00274,172.31.40.0-255,66,123874,65,129133
1895,0.002749,172.31.40.0-255,66,123940,65,129133
1896,0.002779,172.31.40.0-255,66,124006,65,129133
1897,0.002825,172.31.40.0-255,66,124072,65,129133
1898,0.002879,172.31.40.0-255,66,124138,65,129133
1899,0.002908,172.31.40.0-255,66,124204,65,129133
1900,0.002931,172.31.40.0-255,66,124270,65,129133
1901,0.002933,172.217.194.0-255,1484,125754,65,129133
1902,0.002938,172.217.194.0-255,3037,128791,65,129133
1903,0.00294,172.31.40.0-255,66,128857,65,129133
1904,0.002942,172.217.194.0-255,105,128962,65,129133
1905,0.007759,172.31.40.0-255,66,129028,65,129133
1906,0.007798,172.31.40.0-255,105,129133,65,129133
1907,0.0,74.125.24.0-255,149,149,65,220839
1908,2.2e-05,172.31.40.0-255,66,215,65,220839
1909,2.8e-05,74.125.24.0-255,1484,1699,65,220839
1910,3.2e-05,172.31.40.0-255,66,1765,65,220839
1911,3.7e-05,74.125.24.0-255,2902,4667,65,220839
1912,4e-05,172.31.40.0-255,66,4733,65,220839
1913,4.7e-05,74.125.24.0-255,7156,11889,65,220839
1914,5e-05,172.31.40.0-255,66,11955,65,220839
1915,7.8e-05,172.31.40.0-255,66,12021,65,220839
1916,0.000105,74.125.24.0-255,6321,18342,65,220839
1917,0.000107,172.31.40.0-255,66,18408,65,220839
1918,0.00011,74.125.24.0-255,1484,19892,65,220839
1919,0.000113,172.31.40.0-255,66,19958,65,220839
1920,0.000117,74.125.24.0-255,1125,21083,65,220839
1921,0.000119,172.31.40.0-255,66,21149,65,220839
1922,0.000181,74.125.24.0-255,1484,22633,65,220839
1923,0.000184,172.31.40.0-255,66,22699,65,220839
1924,0.000189,74.125.24.0-255,2902,25601,65,220839
1925,0.000191,172.31.40.0-255,66,25667,65,220839
1926,0.000219,74.125.24.0-255,5738,31405,65,220839
1927,0.000221,172.31.40.0-255,66,31471,65,220839
1928,0.000226,74.125.24.0-255,2902,34373,65,220839
1929,0.000228,172.31.40.0-255,66,34439,65,220839
1930,0.000268,74.125.24.0-255,3961,38400,65,220839
1931,0.000272,172.31.40.0-255,66,38466,65,220839
1932,0.000275,74.125.24.0-255,1484,39950,65,220839
1933,0.000277,172.31.40.0-255,66,40016,65,220839
1934,0.0003,74.125.24.0-255,7156,47172,65,220839
1935,0.000303,172.31.40.0-255,66,47238,65,220839
1936,0.000325,74.125.24.0-255,4320,51558,65,220839
1937,0.000328,172.31.40.0-255,66,51624,65,220839
1938,0.000347,74.125.24.0-255,1484,53108,65,220839
1939,0.000354,74.125.24.0-255,2854,55962,65,220839
1940,0.000358,74.125.24.0-255,110,56072,65,220839
1941,0.000372,172.31.40.0-255,66,56138,65,220839
1942,0.000492,74.125.24.0-255,1484,57622,65,220839
1943,0.000496,172.31.40.0-255,66,57688,65,220839
1944,0.000501,74.125.24.0-255,2902,60590,65,220839
1945,0.000504,172.31.40.0-255,66,60656,65,220839
1946,0.00051,74.125.24.0-255,4320,64976,65,220839
1947,0.000512,172.31.40.0-255,66,65042,65,220839
1948,0.000532,74.125.24.0-255,1484,66526,65,220839
1949,0.000545,74.125.24.0-255,2902,69428,65,220839
1950,0.000548,172.31.40.0-255,66,69494,65,220839
1951,0.000562,74.125.24.0-255,3961,73455,65,220839
1952,0.000565,172.31.40.0-255,66,73521,65,220839
1953,0.000585,74.125.24.0-255,5738,79259,65,220839
1954,0.000588,172.31.40.0-255,66,79325,65,220839
1955,0.000592,74.125.24.0-255,2902,82227,65,220839
1956,0.000594,172.31.40.0-255,66,82293,65,220839
1957,0.000618,74.125.24.0-255,4320,86613,65,220839
1958,0.000621,172.31.40.0-255,66,86679,65,220839
1959,0.000627,74.125.24.0-255,3961,90640,65,220839
1960,0.000629,172.31.40.0-255,66,90706,65,220839
1961,0.000989,74.125.24.0-255,1484,92190,65,220839
1962,0.001015,74.125.24.0-255,1484,93674,65,220839
1963,0.001018,172.31.40.0-255,66,93740,65,220839
1964,0.001036,74.125.24.0-255,1484,95224,65,220839
1965,0.001068,74.125.24.0-255,1484,96708,65,220839
1966,0.001071,172.31.40.0-255,66,96774,65,220839
1967,0.00109,74.125.24.0-255,2902,99676,65,220839
1968,0.001093,172.31.40.0-255,66,99742,65,220839
1969,0.001118,74.125.24.0-255,1484,101226,65,220839
1970,0.001136,74.125.24.0-255,5738,106964,65,220839
1971,0.001139,172.31.40.0-255,66,107030,65,220839
1972,0.001163,74.125.24.0-255,7156,114186,65,220839
1973,0.001174,74.125.24.0-255,766,114952,65,220839
1974,0.001177,74.125.24.0-255,1484,116436,65,220839
1975,0.001181,74.125.24.0-255,2902,119338,65,220839
1976,0.001183,74.125.24.0-255,1484,120822,65,220839
1977,0.001187,172.31.40.0-255,66,120888,65,220839
1978,0.00119,172.31.40.0-255,66,120954,65,220839
1979,0.001194,172.31.40.0-255,66,121020,65,220839
1980,0.001208,74.125.24.0-255,4320,125340,65,220839
1981,0.001211,172.31.40.0-255,66,125406,65,220839
1982,0.001213,172.31.40.0-255,66,125472,65,220839
1983,0.001249,74.125.24.0-255,5738,131210,65,220839
1984,0.001279,74.125.24.0-255,7156,138366,65,220839
1985,0.001282,172.31.40.0-255,66,138432,65,220839
1986,0.001284,172.31.40.0-255,66,138498,65,220839
1987,0.001296,172.31.40.0-255,66,138564,65,220839
1988,0.001436,74.125.24.0-255,1484,140048,65,220839
1989,0.001457,74.125.24.0-255,2902,142950,65,220839
1990,0.001461,172.31.40.0-255,66,143016,65,220839
1991,0.001468,74.125.24.0-255,5738,148754,65,220839
1992,0.00147,172.31.40.0-255,66,148820,65,220839
1993,0.001493,172.31.40.0-255,66,148886,65,220839
1994,0.001522,74.125.24.0-255,2902,151788,65,220839
1995,0.001525,172.31.40.0-255,66,151854,65,220839
1996,0.001538,172.31.40.0-255,66,151920,65,220839
1997,0.001564,74.125.24.0-255,5738,157658,65,220839
1998,0.001568,172.31.40.0-255,66,157724,65,220839
1999,0.001576,74.125.24.0-255,2902,160626,65,220839
2000,0.001579,172.31.40.0-255,66,160692,65,220839
2001,0.001612,74.125.24.0-255,5738,166430,65,220839
2002,0.001615,172.31.40.0-255,66,166496,65,220839
2003,0.00163,172.31.40.0-255,66,166562,65,220839
2004,0.001635,74.125.24.0-255,3602,170164,65,220839
2005,0.001638,172.31.40.0-255,66,170230,65,220839
2006,0.00171,74.125.24.0-255,5738,175968,65,220839
2007,0.001714,172.31.40.0-255,66,176034,65,220839
2008,0.001775,172.31.40.0-255,66,176100,65,220839
2009,0.001825,74.125.24.0-255,1484,177584,65,220839
2010,0.00183,74.125.24.0-255,1484,179068,65,220839
2011,0.001833,172.31.40.0-255,66,179134,65,220839
2012,0.001846,172.31.40.0-255,66,179200,65,220839
2013,0.001859,172.31.40.0-255,66,179266,65,220839
2014,0.001864,74.125.24.0-255,2902,182168,65,220839
2015,0.001866,172.31.40.0-255,66,182234,65,220839
2016,0.001898,74.125.24.0-255,5738,187972,65,220839
2017,0.001901,172.31.40.0-255,66,188038,65,220839
2018,0.001916,172.31.40.0-255,66,188104,65,220839
2019,0.001923,74.125.24.0-255,7156,195260,65,220839
2020,0.001926,172.31.40.0-255,66,195326,65,220839
2021,0.001937,172.31.40.0-255,66,195392,65,220839
2022,0.001954,74.125.24.0-255,766,196158,65,220839
2023,0.002004,74.125.24.0-255,1484,197642,65,220839
2024,0.002007,172.31.40.0-255,66,197708,65,220839
2025,0.002008,172.31.40.0-255,66,197774,65,220839
2026,0.002014,74.125.24.0-255,4320,202094,65,220839
2027,0.002016,172.31.40.0-255,66,202160,65,220839
2028,0.002021,74.125.24.0-255,2902,205062,65,220839
2029,0.002023,172.31.40.0-255,66,205128,65,220839
2030,0.002042,74.125.24.0-255,7156,212284,65,220839
2031,0.002045,172.31.40.0-255,66,212350,65,220839
2032,0.002048,74.125.24.0-255,1484,213834,65,220839
2033,0.002068,74.125.24.0-255,1484,215318,65,220839
2034,0.00207,172.31.40.0-255,66,215384,65,220839
2035,0.002104,172.31.40.0-255,66,215450,65,220839
2036,0.002125,74.125.24.0-255,3602,219052,65,220839
2037,0.002128,172.31.40.0-255,66,219118,65,220839
2038,0.002142,172.31.40.0-255,66,219184,65,220839
2039,0.002155,74.125.24.0-255,1484,220668,65,220839
2040,0.002192,172.31.40.0-255,66,220734,65,220839
2041,0.002195,74.125.24.0-255,105,220839,65,220839
2042,0.0,74.125.24.0-255,297,297,65,117866
2043,2.3e-05,172.31.40.0-255,66,363,65,117866
2044,3e-05,74.125.24.0-255,1484,1847,65,117866
2045,3.5e-05,172.31.40.0-255,66,1913,65,117866
2046,5.3e-05,74.125.24.0-255,4320,6233,65,117866
2047,5.7e-05,172.31.40.0-255,66,6299,65,117866
2048,7e-05,172.31.40.0-255,66,6365,65,117866
2049,7.6e-05,74.125.24.0-255,5738,12103,65,117866
2050,7.9e-05,172.31.40.0-255,66,12169,65,117866
2051,0.000136,74.125.24.0-255,4320,16489,65,117866
2052,0.000139,172.31.40.0-255,66,16555,65,117866
2053,0.00017,74.125.24.0-255,5379,21934,65,117866
2054,0.000173,172.31.40.0-255,66,22000,65,117866
2055,0.000267,74.125.24.0-255,1484,23484,65,117866
2056,0.000271,172.31.40.0-255,66,23550,65,117866
2057,0.000302,74.125.24.0-255,2902,26452,65,117866
2058,0.000305,172.31.40.0-255,66,26518,65,117866
2059,0.000312,74.125.24.0-255,5738,32256,65,117866
2060,0.000314,172.31.40.0-255,66,32322,65,117866
2061,0.000348,74.125.24.0-255,4320,36642,65,117866
2062,0.000351,172.31.40.0-255,66,36708,65,117866
2063,0.000358,74.125.24.0-255,5738,42446,65,117866
2064,0.00036,172.31.40.0-255,66,42512,65,117866
2065,0.0004,172.31.40.0-255,66,42578,65,117866
2066,0.000423,74.125.24.0-255,2902,45480,65,117866
2067,0.000426,172.31.40.0-255,66,45546,65,117866
2068,0.000467,74.125.24.0-255,2184,47730,65,117866
2069,0.00047,172.31.40.0-255,66,47796,65,117866
2070,0.000473,74.125.24.0-255,442,48238,65,117866
2071,0.000475,172.31.40.0-255,66,48304,65,117866
2072,0.00077,74.125.24.0-255,331,48635,65,117866
2073,0.000897,74.125.24.0-255,1484,50119,65,117866
2074,0.000902,172.31.40.0-255,66,50185,65,117866
2075,0.000908,74.125.24.0-255,2902,53087,65,117866
2076,0.00091,172.31.40.0-255,66,53153,65,117866
2077,0.000916,74.125.24.0-255,4320,57473,65,117866
2078,0.000918,172.31.40.0-255,66,57539,65,117866
2079,0.000952,74.125.24.0-255,1484,59023,65,117866
2080,0.000958,74.125.24.0-255,4320,63343,65,117866
2081,0.000961,172.31.40.0-255,66,63409,65,117866
2082,0.000985,74.125.24.0-255,4320,67729,65,117866
2083,0.000987,172.31.40.0-255,66,67795,65,117866
2084,0.001015,172.31.40.0-255,66,67861,65,117866
2085,0.00107,74.125.24.0-255,6797,74658,65,117866
2086,0.001074,172.31.40.0-255,66,74724,65,117866
2087,0.00208,74.125.24.0-255,1484,76208,65,117866
2088,0.002091,74.125.24.0-255,2902,79110,65,117866
2089,0.002097,172.31.40.0-255,66,79176,65,117866
2090,0.002105,74.125.24.0-255,5738,84914,65,117866
2091,0.002108,172.31.40.0-255,66,84980,65,117866
2092,0.002136,74.125.24.0-255,4320,89300,65,117866
2093,0.002139,172.31.40.0-255,66,89366,65,117866
2094,0.002163,172.31.40.0-255,66,89432,65,117866
2095,0.002171,74.125.24.0-255,7156,96588,65,117866
2096,0.002173,172.31.40.0-255,66,96654,65,117866
2097,0.002197,74.125.24.0-255,3602,100256,65,117866
2098,0.002199,172.31.40.0-255,66,100322,65,117866
2099,0.00458,74.125.24.0-255,2902,103224,65,117866
2100,0.004586,172.31.40.0-255,66,103290,65,117866
2101,0.004603,74.125.24.0-255,2902,106192,65,117866
2102,0.004605,172.31.40.0-255,66,106258,65,117866
2103,0.006972,74.125.24.0-255,5738,111996,65,117866
2104,0.00698,172.31.40.0-255,66,112062,65,117866
2105,0.009353,74.125.24.0-255,5738,117800,65,117866
2106,0.009359,172.31.40.0-255,66,117866,65,117866
2107,0.0,172.217.194.0-255,153,153,65,162657
2108,1.6e-05,172.31.40.0-255,66,219,65,162657
2109,2.4e-05,172.217.194.0-255,1484,1703,65,162657
2110,2.8e-05,172.31.40.0-255,66,1769,65,162657
2111,3.3e-05,172.217.194.0-255,2902,4671,65,162657
2112,3.7e-05,172.31.40.0-255,66,4737,65,162657
2113,4.3e-05,172.217.194.0-255,5738,10475,65,162657
2114,4.7e-05,172.31.40.0-255,66,10541,65,162657
2115,6.8e-05,172.217.194.0-255,1484,12025,65,162657
2116,7e-05,172.31.40.0-255,66,12091,65,162657
2117,9.4e-05,172.217.194.0-255,3481,15572,65,162657
2118,9.7e-05,172.31.40.0-255,66,15638,65,162657
2119,0.000103,172.217.194.0-255,5738,21376,65,162657
2120,0.000106,172.31.40.0-255,66,21442,65,162657
2121,0.000155,172.31.40.0-255,66,21508,65,162657
2122,0.000185,172.217.194.0-255,1484,22992,65,162657
2123,0.000187,172.31.40.0-255,66,23058,65,162657
2124,0.000192,172.217.194.0-255,2902,25960,65,162657
2125,0.000194,172.31.40.0-255,66,26026,65,162657
2126,0.0002,172.217.194.0-255,5738,31764,65,162657
2127,0.000202,172.31.40.0-255,66,31830,65,162657
2128,0.000239,172.31.40.0-255,66,31896,65,162657
2129,0.000246,172.217.194.0-255,7156,39052,65,162657
2130,0.000249,172.31.40.0-255,66,39118,65,162657
2131,0.00026,172.217.194.0-255,2543,41661,65,162657
2132,0.000263,172.31.40.0-255,66,41727,65,162657
2133,0.000613,172.217.194.0-255,380,42107,65,162657
2134,0.000619,172.31.40.0-255,66,42173,65,162657
2135,0.000737,172.217.194.0-255,1484,43657,65,162657
2136,0.000742,172.31.40.0-255,66,43723,65,162657
2137,0.000748,172.217.194.0-255,2902,46625,65,162657
2138,0.00075,172.31.40.0-255,66,46691,65,162657
2139,0.000757,172.217.194.0-255,5738,52429,65,162657
2140,0.00076,172.31.40.0-255,66,52495,65,162657
2141,0.000807,172.31.40.0-255,66,52561,65,162657
2142,0.00082,172.31.40.0-255,66,52627,65,162657
2143,0.000836,172.217.194.0-255,1484,54111,65,162657
2144,0.000858,172.217.194.0-255,2902,57013,65,162657
2145,0.000862,172.217.194.0-255,2902,59915,65,162657
2146,0.000867,172.31.40.0-255,66,59981,65,162657
2147,0.000869,172.31.40.0-255,66,60047,65,162657
2148,0.000879,172.217.194.0-255,2902,62949,65,162657
2149,0.000881,172.31.40.0-255,66,63015,65,162657
2150,0.000889,172.217.194.0-255,7156,70171,65,162657
2151,0.000891,172.31.40.0-255,66,70237,65,162657
2152,0.000907,172.217.194.0-255,5738,75975,65,162657
2153,0.00091,172.31.40.0-255,66,76041,65,162657
2154,0.00092,172.31.40.0-255,66,76107,65,162657
2155,0.000942,172.217.194.0-255,1484,77591,65,162657
2156,0.000959,172.217.194.0-255,5738,83329,65,162657
2157,0.000961,172.31.40.0-255,66,83395,65,162657
2158,0.001001,172.31.40.0-255,66,83461,65,162657
2159,0.001014,172.31.40.0-255,66,83527,65,162657
2160,0.001018,172.217.194.0-255,2481,86008,65,162657
2161,0.00102,172.31.40.0-255,66,86074,65,162657
2162,0.001024,172.217.194.0-255,2902,88976,65,162657
2163,0.001026,172.31.40.0-255,66,89042,65,162657
2164,0.001044,172.217.194.0-255,1484,90526,65,162657
2165,0.001069,172.217.194.0-255,5738,96264,65,162657
2166,0.001072,172.31.40.0-255,66,96330,65,162657
2167,0.001107,172.31.40.0-255,66,96396,65,162657
2168,0.00111,172.217.194.0-255,1484,97880,65,162657
2169,0.001126,172.217.194.0-255,5020,102900,65,162657
2170,0.001129,172.31.40.0-255,66,102966,65,162657
2171,0.001168,172.217.194.0-255,1484,104450,65,162657
2172,0.001186,172.217.194.0-255,2902,107352,65,162657
2173,0.001189,172.31.40.0-255,66,107418,65,162657
2174,0.001193,172.217.194.0-255,2902,110320,65,162657
2175,0.001196,172.31.40.0-255,66,110386,65,162657
2176,0.001209,172.217.194.0-255,2902,113288,65,162657
2177,0.001212,172.31.40.0-255,66,113354,65,162657
2178,0.001218,172.217.194.0-255,5738,119092,65,162657
2179,0.00122,172.31.40.0-255,66,119158,65,162657
2180,0.001244,172.217.194.0-255,4320,123478,65,162657
2181,0.001248,172.31.40.0-255,66,123544,65,162657
2182,0.001265,172.217.194.0-255,1484,125028,65,162657
2183,0.0013,172.31.40.0-255,66,125094,65,162657
2184,0.001735,172.217.194.0-255,1484,126578,65,162657
2185,0.001741,172.217.194.0-255,2902,129480,65,162657
2186,0.001744,172.31.40.0-255,66,129546,65,162657
2187,0.001769,172.217.194.0-255,5738,135284,65,162657
2188,0.001772,172.31.40.0-255,66,135350,65,162657
2189,0.001777,172.217.194.0-255,2902,138252,65,162657
2190,0.001779,172.31.40.0-255,66,138318,65,162657
2191,0.001804,172.217.194.0-255,7156,145474,65,162657
2192,0.001808,172.31.40.0-255,66,145540,65,162657
2193,0.001819,172.217.194.0-255,1484,147024,65,162657
2194,0.001858,172.31.40.0-255,66,147090,65,162657
2195,0.001871,172.31.40.0-255,66,147156,65,162657
2196,0.001961,172.31.40.0-255,66,147222,65,162657
2197,0.001971,172.31.40.0-255,66,147288,65,162657
2198,0.001984,172.31.40.0-255,66,147354,65,162657
2199,0.001993,172.31.40.0-255,66,147420,65,162657
2200,0.00204,172.31.40.0-255,66,147486,65,162657
2201,0.002054,172.217.194.0-255,2902,150388,65,162657
2202,0.002056,172.31.40.0-255,66,150454,65,162657
2203,0.002089,172.31.40.0-255,66,150520,65,162657
2204,0.002105,172.31.40.0-255,66,150586,65,162657
2205,0.002111,172.217.194.0-255,7156,157742,65,162657
2206,0.002114,172.31.40.0-255,66,157808,65,162657
2207,0.002139,172.217.194.0-255,4320,162128,65,162657
2208,0.002142,172.31.40.0-255,66,162194,65,162657
2209,0.002144,172.217.194.0-255,358,162552,65,162657
2210,0.002171,172.217.194.0-255,105,162657,65,162657
2211,0.0,74.125.130.0-255,151,151,65,162750
2212,1.4e-05,172.31.40.0-255,66,217,65,162750
2213,2.1e-05,74.125.130.0-255,1484,1701,65,162750
2214,2.5e-05,172.31.40.0-255,66,1767,65,162750
2215,3.1e-05,74.125.130.0-255,2902,4669,65,162750
2216,4.5e-05,172.31.40.0-255,66,4735,65,162750
2217,5e-05,74.125.130.0-255,2902,7637,65,162750
2218,5.3e-05,172.31.40.0-255,66,7703,65,162750
2219,5.6e-05,74.125.130.0-255,1484,9187,65,162750
2220,5.8e-05,172.31.40.0-255,66,9253,65,162750
2221,8.4e-05,74.125.130.0-255,2902,12155,65,162750
2222,8.7e-05,172.31.40.0-255,66,12221,65,162750
2223,9.3e-05,74.125.130.0-255,4320,16541,65,162750
2224,9.5e-05,172.31.40.0-255,66,16607,65,162750
2225,0.000122,74.125.130.0-255,3484,20091,65,162750
2226,0.000125,172.31.40.0-255,66,20157,65,162750
2227,0.000135,172.31.40.0-255,66,20223,65,162750
2228,0.000141,74.125.130.0-255,2543,22766,65,162750
2229,0.000144,172.31.40.0-255,66,22832,65,162750
2230,0.000289,74.125.130.0-255,1484,24316,65,162750
2231,0.000294,172.31.40.0-255,66,24382,65,162750
2232,0.000321,74.125.130.0-255,2902,27284,65,162750
2233,0.000324,172.31.40.0-255,66,27350,65,162750
2234,0.00033,74.125.130.0-255,5738,33088,65,162750
2235,0.000333,172.31.40.0-255,66,33154,65,162750
2236,0.000338,74.125.130.0-255,4320,37474,65,162750
2237,0.00034,172.31.40.0-255,66,37540,65,162750
2238,0.000368,74.125.130.0-255,2902,40442,65,162750
2239,0.000371,172.31.40.0-255,66,40508,65,162750
2240,0.00038,172.31.40.0-255,66,40574,65,162750
2241,0.000419,172.31.40.0-255,66,40640,65,162750
2242,0.000422,74.125.130.0-255,376,41016,65,162750
2243,0.000554,74.125.130.0-255,98,41114,65,162750
2244,0.000838,74.125.130.0-255,1484,42598,65,162750
2245,0.000843,172.31.40.0-255,66,42664,65,162750
2246,0.000862,74.125.130.0-255,2902,45566,65,162750
2247,0.000864,172.31.40.0-255,66,45632,65,162750
2248,0.000892,74.125.130.0-255,5738,51370,65,162750
2249,0.000894,172.31.40.0-255,66,51436,65,162750
2250,0.00094,74.125.130.0-255,7156,58592,65,162750
2251,0.000943,172.31.40.0-255,66,58658,65,162750
2252,0.000949,74.125.130.0-255,5738,64396,65,162750
2253,0.000952,172.31.40.0-255,66,64462,65,162750
2254,0.000983,74.125.130.0-255,7156,71618,65,162750
2255,0.000986,172.31.40.0-255,66,71684,65,162750
2256,0.000989,74.125.130.0-255,1484,73168,65,162750
2257,0.001015,74.125.130.0-255,2184,75352,65,162750
2258,0.001018,172.31.40.0-255,66,75418,65,162750
2259,0.001879,74.125.130.0-255,1484,76902,65,162750
2260,0.001889,74.125.130.0-255,2902,79804,65,162750
2261,0.001894,172.31.40.0-255,66,79870,65,162750
2262,0.001899,74.125.130.0-255,2902,82772,65,162750
2263,0.001901,172.31.40.0-255,66,82838,65,162750
2264,0.001935,74.125.130.0-255,7156,89994,65,162750
2265,0.001938,172.31.40.0-255,66,90060,65,162750
2266,0.001973,172.31.40.0-255,66,90126,65,162750
2267,0.001995,74.125.130.0-255,1484,91610,65,162750
2268,0.001999,74.125.130.0-255,1484,93094,65,162750
2269,0.002,172.31.40.0-255,66,93160,65,162750
2270,0.002038,172.31.40.0-255,66,93226,65,162750
2271,0.00209,74.125.130.0-255,1484,94710,65,162750
2272,0.00211,74.125.130.0-255,2902,97612,65,162750
2273,0.002113,172.31.40.0-255,66,97678,65,162750
2274,0.002118,74.125.130.0-255,4320,101998,65,162750
2275,0.00212,172.31.40.0-255,66,102064,65,162750
2276,0.002161,74.125.130.0-255,2902,104966,65,162750
2277,0.002164,172.31.40.0-255,66,105032,65,162750
2278,0.002193,74.125.130.0-255,5738,110770,65,162750
2279,0.002196,172.31.40.0-255,66,110836,65,162750
2280,0.002214,74.125.130.0-255,7156,117992,65,162750
2281,0.002215,172.31.40.0-255,66,118058,65,162750
2282,0.002239,74.125.130.0-255,2902,120960,65,162750
2283,0.002244,172.31.40.0-255,66,121026,65,162750
2284,0.002247,74.125.130.0-255,1484,122510,65,162750
2285,0.002273,74.125.130.0-255,5020,127530,65,162750
2286,0.002275,172.31.40.0-255,66,127596,65,162750
2287,0.002391,74.125.130.0-255,1484,129080,65,162750
2288,0.002407,74.125.130.0-255,1484,130564,65,162750
2289,0.00241,172.31.40.0-255,66,130630,65,162750
2290,0.002421,74.125.130.0-255,1484,132114,65,162750
2291,0.002441,74.125.130.0-255,4320,136434,65,162750
2292,0.002443,172.31.40.0-255,66,136500,65,162750
2293,0.002468,74.125.130.0-255,4320,140820,65,162750
2294,0.00247,172.31.40.0-255,66,140886,65,162750
2295,0.002492,74.125.130.0-255,5738,146624,65,162750
2296,0.002495,172.31.40.0-255,66,146690,65,162750
2297,0.002522,74.125.130.0-255,4320,151010,65,162750
2298,0.002524,172.31.40.0-255,66,151076,65,162750
2299,0.002536,74.125.130.0-255,1484,152560,65,162750
2300,0.005067,74.125.130.0-255,4320,156880,65,162750
2301,0.005074,172.31.40.0-255,66,156946,65,162750
2302,0.007618,74.125.130.0-255,5738,162684,65,162750
2303,0.007626,172.31.40.0-255,66,162750,65,162750
2304,0.0,172.217.194.0-255,150,150,65,57442
2305,2e-05,172.31.40.0-255,66,216,65,57442
2306,2.8e-05,172.217.194.0-255,1484,1700,65,57442
2307,3.3e-05,172.31.40.0-255,66,1766,65,57442
2308,4.7e-05,172.217.194.0-255,2902,4668,65,57442
2309,5.2e-05,172.31.40.0-255,66,4734,65,57442
2310,9.6e-05,172.217.194.0-255,1484,6218,65,57442
2311,9.9e-05,172.31.40.0-255,66,6284,65,57442
2312,0.000145,172.217.194.0-255,5738,12022,65,57442
2313,0.000149,172.31.40.0-255,66,12088,65,57442
2314,0.000291,172.217.194.0-255,4926,17014,65,57442
2315,0.000296,172.31.40.0-255,66,17080,65,57442
2316,0.00041,172.217.194.0-255,4320,21400,65,57442
2317,0.000414,172.31.40.0-255,66,21466,65,57442
2318,0.000455,172.31.40.0-255,66,21532,65,57442
2319,0.000796,172.31.40.0-255,66,21598,65,57442
2320,0.00083,172.217.194.0-255,2543,24141,65,57442
2321,0.000833,172.31.40.0-255,66,24207,65,57442
2322,0.001337,172.31.40.0-255,66,24273,65,57442
2323,0.001366,172.217.194.0-255,2873,27146,65,57442
2324,0.00137,172.31.40.0-255,66,27212,65,57442
2325,0.001616,172.217.194.0-255,378,27590,65,57442
2326,0.001621,172.31.40.0-255,66,27656,65,57442
2327,0.001655,172.217.194.0-255,2902,30558,65,57442
2328,0.001657,172.31.40.0-255,66,30624,65,57442
2329,0.001672,172.217.194.0-255,7156,37780,65,57442
2330,0.001675,172.31.40.0-255,66,37846,65,57442
2331,0.001718,172.31.40.0-255,66,37912,65,57442
2332,0.001735,172.217.194.0-255,5020,42932,65,57442
2333,0.002638,172.217.194.0-255,5738,48670,65,57442
2334,0.003386,172.217.194.0-255,2902,51572,65,57442
2335,0.005449,172.31.40.0-255,66,51638,65,57442
2336,0.007916,172.217.194.0-255,5738,57376,65,57442
2337,0.007923,172.31.40.0-255,66,57442,65,57442
2338,0.0,74.125.24.0-255,66,66,65,66
2339,0.0,172.217.194.0-255,152,152,65,233114
2340,2.2e-05,172.31.40.0-255,66,218,65,233114
2341,2.9e-05,172.217.194.0-255,1484,1702,65,233114
2342,3.4e-05,172.31.40.0-255,66,1768,65,233114
2343,5.9e-05,172.217.194.0-255,2902,4670,65,233114
2344,6.2e-05,172.31.40.0-255,66,4736,65,233114
2345,6.9e-05,172.217.194.0-255,7156,11892,65,233114
2346,7.2e-05,172.31.40.0-255,66,11958,65,233114
2347,7.6e-05,172.217.194.0-255,2095,14053,65,233114
2348,7.8e-05,172.31.40.0-255,66,14119,65,233114
2349,0.000115,172.31.40.0-255,66,14185,65,233114
2350,0.000145,172.217.194.0-255,4320,18505,65,233114
2351,0.000148,172.31.40.0-255,66,18571,65,233114
2352,0.000163,172.217.194.0-255,1125,19696,65,233114
2353,0.000165,172.31.40.0-255,66,19762,65,233114
2354,0.000168,172.217.194.0-255,1484,21246,65,233114
2355,0.00017,172.31.40.0-255,66,21312,65,233114
2356,0.000173,172.217.194.0-255,1484,22796,65,233114
2357,0.000174,172.31.40.0-255,66,22862,65,233114
2358,0.000205,172.217.194.0-255,1484,24346,65,233114
2359,0.000207,172.31.40.0-255,66,24412,65,233114
2360,0.000213,172.217.194.0-255,5738,30150,65,233114
2361,0.000214,172.31.40.0-255,66,30216,65,233114
2362,0.000219,172.217.194.0-255,4320,34536,65,233114
2363,0.000221,172.31.40.0-255,66,34602,65,233114
2364,0.000265,172.31.40.0-255,66,34668,65,233114
2365,0.000276,172.31.40.0-255,66,34734,65,233114
2366,0.000278,172.217.194.0-255,337,35071,65,233114
2367,0.00028,172.31.40.0-255,66,35137,65,233114
2368,0.000306,172.217.194.0-255,121,35258,65,233114
2369,0.000325,172.217.194.0-255,382,35640,65,233114
2370,0.000591,172.217.194.0-255,1484,37124,65,233114
2371,0.000596,172.31.40.0-255,66,37190,65,233114
2372,0.000602,172.217.194.0-255,2902,40092,65,233114
2373,0.000604,172.31.40.0-255,66,40158,65,233114
2374,0.00061,172.217.194.0-255,2902,43060,65,233114
2375,0.000611,172.31.40.0-255,66,43126,65,233114
2376,0.000641,172.217.194.0-255,2902,46028,65,233114
2377,0.000643,172.31.40.0-255,66,46094,65,233114
2378,0.00065,172.217.194.0-255,5738,51832,65,233114
2379,0.000652,172.31.40.0-255,66,51898,65,233114
2380,0.00069,172.217.194.0-255,7156,59054,65,233114
2381,0.000694,172.31.40.0-255,66,59120,65,233114
2382,0.000708,172.31.40.0-255,66,59186,65,233114
2383,0.000974,172.217.194.0-255,1484,60670,65,233114
2384,0.000993,172.217.194.0-255,2902,63572,65,233114
2385,0.000999,172.31.40.0-255,66,63638,65,233114
2386,0.001011,172.217.194.0-255,5738,69376,65,233114
2387,0.001014,172.31.40.0-255,66,69442,65,233114
2388,0.001023,172.217.194.0-255,2902,72344,65,233114
2389,0.001025,172.31.40.0-255,66,72410,65,233114
2390,0.001069,172.31.40.0-255,66,72476,65,233114
2391,0.001076,172.217.194.0-255,7156,79632,65,233114
2392,0.001079,172.31.40.0-255,66,79698,65,233114
2393,0.001104,172.217.194.0-255,3602,83300,65,233114
2394,0.001106,172.31.40.0-255,66,83366,65,233114
2395,0.001266,172.217.194.0-255,1484,84850,65,233114
2396,0.001271,172.217.194.0-255,2902,87752,65,233114
2397,0.001276,172.31.40.0-255,66,87818,65,233114
2398,0.001308,172.217.194.0-255,5738,93556,65,233114
2399,0.001311,172.31.40.0-255,66,93622,65,233114
2400,0.001319,172.217.194.0-255,7156,100778,65,233114
2401,0.001321,172.31.40.0-255,66,100844,65,233114
2402,0.001364,172.31.40.0-255,66,100910,65,233114
2403,0.001369,172.217.194.0-255,2184,103094,65,233114
2404,0.001371,172.31.40.0-255,66,103160,65,233114
2405,0.001431,172.217.194.0-255,1484,104644,65,233114
2406,0.001452,172.217.194.0-255,2902,107546,65,233114
2407,0.001456,172.31.40.0-255,66,107612,65,233114
2408,0.001463,172.217.194.0-255,5738,113350,65,233114
2409,0.001465,172.31.40.0-255,66,113416,65,233114
2410,0.001472,172.217.194.0-255,1484,114900,65,233114
2411,0.001507,172.31.40.0-255,66,114966,65,233114
2412,0.001519,172.217.194.0-255,4320,119286,65,233114
2413,0.001521,172.31.40.0-255,66,119352,65,233114
2414,0.001559,172.217.194.0-255,6438,125790,65,233114
2415,0.001562,172.31.40.0-255,66,125856,65,233114
2416,0.001574,172.31.40.0-255,66,125922,65,233114
2417,0.001593,172.31.40.0-255,66,125988,65,233114
2418,0.001653,172.217.194.0-255,6438,132426,65,233114
2419,0.001656,172.31.40.0-255,66,132492,65,233114
2420,0.001861,172.217.194.0-255,1484,133976,65,233114
2421,0.001889,172.217.194.0-255,2902,136878,65,233114
2422,0.001893,172.31.40.0-255,66,136944,65,233114
2423,0.0019,172.217.194.0-255,5738,142682,65,233114
2424,0.001902,172.31.40.0-255,66,142748,65,233114
2425,0.001915,172.217.194.0-255,7156,149904,65,233114
2426,0.001917,172.31.40.0-255,66,149970,65,233114
2427,0.001958,172.217.194.0-255,5738,155708,65,233114
2428,0.001962,172.31.40.0-255,66,155774,65,233114
2429,0.001974,172.31.40.0-255,66,155840,65,233114
2430,0.002045,172.217.194.0-255,1484,157324,65,233114
2431,0.002052,172.217.194.0-255,2902,160226,65,233114
2432,0.002054,172.31.40.0-255,66,160292,65,233114
2433,0.002059,172.217.194.0-255,2902,163194,65,233114
2434,0.002061,172.31.40.0-255,66,163260,65,233114
2435,0.00209,172.217.194.0-255,2902,166162,65,233114
2436,0.002093,172.31.40.0-255,66,166228,65,233114
2437,0.002107,172.31.40.0-255,66,166294,65,233114
2438,0.00213,172.217.194.0-255,2902,169196,65,233114
2439,0.002132,172.31.40.0-255,66,169262,65,233114
2440,0.002164,172.31.40.0-255,66,169328,65,233114
2441,0.002213,172.217.194.0-255,1484,170812,65,233114
2442,0.002231,172.217.194.0-255,2902,173714,65,233114
2443,0.002234,172.31.40.0-255,66,173780,65,233114
2444,0.002241,172.217.194.0-255,5738,179518,65,233114
2445,0.002243,172.31.40.0-255,66,179584,65,233114
2446,0.002257,172.217.194.0-255,1484,181068,65,233114
2447,0.002304,172.31.40.0-255,66,181134,65,233114
2448,0.002322,172.31.40.0-255,66,181200,65,233114
2449,0.002376,172.217.194.0-255,1484,182684,65,233114
2450,0.002381,172.217.194.0-255,1484,184168,65,233114
2451,0.002384,172.31.40.0-255,66,184234,65,233114
2452,0.002408,172.217.194.0-255,1484,185718,65,233114
2453,0.002414,172.217.194.0-255,2902,188620,65,233114
2454,0.002417,172.31.40.0-255,66,188686,65,233114
2455,0.002434,172.217.194.0-255,1484,190170,65,233114
2456,0.002445,172.217.194.0-255,1484,191654,65,233114
2457,0.002447,172.31.40.0-255,66,191720,65,233114
2458,0.002455,172.217.194.0-255,5738,197458,65,233114
2459,0.002457,172.31.40.0-255,66,197524,65,233114
2460,0.002488,172.217.194.0-255,7156,204680,65,233114
2461,0.002491,172.31.40.0-255,66,204746,65,233114
2462,0.002498,172.217.194.0-255,7156,211902,65,233114
2463,0.002501,172.31.40.0-255,66,211968,65,233114
2464,0.002543,172.217.194.0-255,3602,215570,65,233114
2465,0.002546,172.31.40.0-255,66,215636,65,233114
2466,0.004941,172.217.194.0-255,1484,217120,65,233114
2467,0.004981,172.217.194.0-255,4320,221440,65,233114
2468,0.004986,172.31.40.0-255,66,221506,65,233114
2469,0.007441,172.217.194.0-255,5738,227244,65,233114
2470,0.007447,172.31.40.0-255,66,227310,65,233114
2471,0.009896,172.217.194.0-255,5738,233048,65,233114
2472,0.0099,172.31.40.0-255,66,233114,65,233114
2473,0.0,172.217.194.0-255,152,152,65,169679
2474,2.2e-05,172.31.40.0-255,66,218,65,169679
2475,2.9e-05,172.217.194.0-255,1484,1702,65,169679
2476,3.4e-05,172.31.40.0-255,66,1768,65,169679
2477,4.7e-05,172.217.194.0-255,2902,4670,65,169679
2478,5e-05,172.31.40.0-255,66,4736,65,169679
2479,5.8e-05,172.217.194.0-255,7156,11892,65,169679
2480,6.1e-05,172.31.40.0-255,66,11958,65,169679
2481,0.000109,172.31.40.0-255,66,12024,65,169679
2482,0.000113,172.217.194.0-255,2543,14567,65,169679
2483,0.000116,172.31.40.0-255,66,14633,65,169679
2484,0.000149,172.217.194.0-255,1484,16117,65,169679
2485,0.000152,172.31.40.0-255,66,16183,65,169679
2486,0.000157,172.217.194.0-255,2902,19085,65,169679
2487,0.000159,172.31.40.0-255,66,19151,65,169679
2488,0.000169,172.217.194.0-255,5738,24889,65,169679
2489,0.000172,172.31.40.0-255,66,24955,65,169679
2490,0.000179,172.217.194.0-255,4320,29275,65,169679
2491,0.000181,172.31.40.0-255,66,29341,65,169679
2492,0.000209,172.217.194.0-255,4320,33661,65,169679
2493,0.000212,172.31.40.0-255,66,33727,65,169679
2494,0.000251,172.31.40.0-255,66,33793,65,169679
2495,0.000258,172.217.194.0-255,7088,40881,65,169679
2496,0.00026,172.31.40.0-255,66,40947,65,169679
2497,0.000262,172.217.194.0-255,99,41046,65,169679
2498,0.000264,172.31.40.0-255,66,41112,65,169679
2499,0.000331,172.217.194.0-255,1484,42596,65,169679
2500,0.000334,172.31.40.0-255,66,42662,65,169679
2501,0.000339,172.217.194.0-255,2902,45564,65,169679
2502,0.000341,172.31.40.0-255,66,45630,65,169679
2503,0.000352,172.217.194.0-255,5738,51368,65,169679
2504,0.000354,172.31.40.0-255,66,51434,65,169679
2505,0.000357,172.217.194.0-255,1484,52918,65,169679
2506,0.000389,172.217.194.0-255,5379,58297,65,169679
2507,0.000392,172.31.40.0-255,66,58363,65,169679
2508,0.000412,172.31.40.0-255,66,58429,65,169679
2509,0.000415,172.217.194.0-255,1484,59913,65,169679
2510,0.000456,172.31.40.0-255,66,59979,65,169679
2511,0.000497,172.31.40.0-255,66,60045,65,169679
2512,0.000634,172.217.194.0-255,1484,61529,65,169679
2513,0.00065,172.217.194.0-255,2902,64431,65,169679
2514,0.000654,172.31.40.0-255,66,64497,65,169679
2515,0.000661,172.217.194.0-255,5738,70235,65,169679
2516,0.000664,172.31.40.0-255,66,70301,65,169679
2517,0.000673,172.217.194.0-255,4320,74621,65,169679
2518,0.000676,172.31.40.0-255,66,74687,65,169679
2519,0.000717,172.31.40.0-255,66,74753,65,169679
2520,0.000742,172.217.194.0-255,1484,76237,65,169679
2521,0.000748,172.217.194.0-255,3602,79839,65,169679
2522,0.00075,172.31.40.0-255,66,79905,65,169679
2523,0.000755,172.217.194.0-255,4320,84225,65,169679
2524,0.000758,172.31.40.0-255,66,84291,65,169679
2525,0.000763,172.217.194.0-255,4320,88611,65,169679
2526,0.00077,172.31.40.0-255,66,88677,65,169679
2527,0.000803,172.217.194.0-255,5738,94415,65,169679
2528,0.000806,172.31.40.0-255,66,94481,65,169679
2529,0.000809,172.217.194.0-255,1484,95965,65,169679
2530,0.000844,172.31.40.0-255,66,96031,65,169679
2531,0.000867,172.31.40.0-255,66,96097,65,169679
2532,0.000899,172.217.194.0-255,1484,97581,65,169679
2533,0.000904,172.217.194.0-255,2902,100483,65,169679
2534,0.000907,172.31.40.0-255,66,100549,65,169679
2535,0.000934,172.217.194.0-255,5738,106287,65,169679
2536,0.000937,172.31.40.0-255,66,106353,65,169679
2537,0.00094,172.217.194.0-255,1484,107837,65,169679
2538,0.000979,172.217.194.0-255,4320,112157,65,169679
2539,0.000999,172.217.194.0-255,6438,118595,65,169679
2540,0.001053,172.31.40.0-255,66,118661,65,169679
2541,0.001061,172.217.194.0-255,1484,120145,65,169679
2542,0.001066,172.217.194.0-255,2902,123047,65,169679
2543,0.001076,172.217.194.0-255,5738,128785,65,169679
2544,0.001098,172.217.194.0-255,5738,134523,65,169679
2545,0.00112,172.217.194.0-255,5020,139543,65,169679
2546,0.001134,172.31.40.0-255,66,139609,65,169679
2547,0.001144,172.217.194.0-255,1484,141093,65,169679
2548,0.001167,172.217.194.0-255,2902,143995,65,169679
2549,0.001173,172.217.194.0-255,5738,149733,65,169679
2550,0.001193,172.217.194.0-255,5738,155471,65,169679
2551,0.001207,172.217.194.0-255,7156,162627,65,169679
2552,0.001214,172.31.40.0-255,66,162693,65,169679
2553,0.001286,172.31.40.0-255,66,162759,65,169679
2554,0.001363,172.31.40.0-255,66,162825,65,169679
2555,0.001389,172.31.40.0-255,66,162891,65,169679
2556,0.001443,172.31.40.0-255,66,162957,65,169679
2557,0.001453,172.217.194.0-255,3243,166200,65,169679
2558,0.001474,172.31.40.0-255,66,166266,65,169679
2559,0.001499,172.217.194.0-255,3242,169508,65,169679
2560,0.00152,172.31.40.0-255,66,169574,65,169679
2561,0.001527,172.217.194.0-255,105,169679,65,169679
2562,0.0,74.125.24.0-255,153,153,65,216630
2563,2.3e-05,172.31.40.0-255,66,219,65,216630
2564,3e-05,74.125.24.0-255,1484,1703,65,216630
2565,3.5e-05,172.31.40.0-255,66,1769,65,216630
2566,4e-05,74.125.24.0-255,2902,4671,65,216630
2567,4.3e-05,172.31.40.0-255,66,4737,65,216630
2568,5.1e-05,74.125.24.0-255,7156,11893,65,216630
2569,5.4e-05,172.31.40.0-255,66,11959,65,216630
2570,5.7e-05,74.125.24.0-255,1484,13443,65,216630
2571,6e-05,172.31.40.0-255,66,13509,65,216630
2572,0.000123,172.31.40.0-255,66,13575,65,216630
2573,0.000139,172.31.40.0-255,66,13641,65,216630
2574,0.000145,74.125.24.0-255,5020,18661,65,216630
2575,0.000147,172.31.40.0-255,66,18727,65,216630
2576,0.000692,74.125.24.0-255,1484,20211,65,216630
2577,0.000698,172.31.40.0-255,66,20277,65,216630
2578,0.000705,74.125.24.0-255,2902,23179,65,216630
2579,0.000708,172.31.40.0-255,66,23245,65,216630
2580,0.000714,74.125.24.0-255,5738,28983,65,216630
2581,0.000716,172.31.40.0-255,66,29049,65,216630
2582,0.000773,74.125.24.0-255,7131,36180,65,216630
2583,0.000777,172.31.40.0-255,66,36246,65,216630
2584,0.001013,74.125.24.0-255,1484,37730,65,216630
2585,0.001018,172.31.40.0-255,66,37796,65,216630
2586,0.001022,74.125.24.0-255,1484,39280,65,216630
2587,0.001025,172.31.40.0-255,66,39346,65,216630
2588,0.001039,74.125.24.0-255,1484,40830,65,216630
2589,0.001041,172.31.40.0-255,66,40896,65,216630
2590,0.001048,74.125.24.0-255,5738,46634,65,216630
2591,0.001051,172.31.40.0-255,66,46700,65,216630
2592,0.001062,172.31.40.0-255,66,46766,65,216630
2593,0.001086,74.125.24.0-255,4320,51086,65,216630
2594,0.001089,172.31.40.0-255,66,51152,65,216630
2595,0.001095,74.125.24.0-255,7156,58308,65,216630
2596,0.001097,172.31.40.0-255,66,58374,65,216630
2597,0.001118,74.125.24.0-255,1484,59858,65,216630
2598,0.001137,74.125.24.0-255,2184,62042,65,216630
2599,0.00114,172.31.40.0-255,66,62108,65,216630
2600,0.001208,74.125.24.0-255,1484,63592,65,216630
2601,0.001252,74.125.24.0-255,2902,66494,65,216630
2602,0.001255,172.31.40.0-255,66,66560,65,216630
2603,0.001263,74.125.24.0-255,5738,72298,65,216630
2604,0.001265,172.31.40.0-255,66,72364,65,216630
2605,0.001271,74.125.24.0-255,4320,76684,65,216630
2606,0.001273,172.31.40.0-255,66,76750,65,216630
2607,0.001309,172.31.40.0-255,66,76816,65,216630
2608,0.001322,172.31.40.0-255,66,76882,65,216630
2609,0.001327,74.125.24.0-255,2902,79784,65,216630
2610,0.001329,172.31.40.0-255,66,79850,65,216630
2611,0.001343,74.125.24.0-255,2902,82752,65,216630
2612,0.001346,172.31.40.0-255,66,82818,65,216630
2613,0.001366,172.31.40.0-255,66,82884,65,216630
2614,0.001411,74.125.24.0-255,1484,84368,65,216630
2615,0.001424,74.125.24.0-255,4320,88688,65,216630
2616,0.001427,172.31.40.0-255,66,88754,65,216630
2617,0.001449,74.125.24.0-255,7156,95910,65,216630
2618,0.001451,172.31.40.0-255,66,95976,65,216630
2619,0.001475,74.125.24.0-255,6438,102414,65,216630
2620,0.001478,172.31.40.0-255,66,102480,65,216630
2621,0.001491,74.125.24.0-255,2902,105382,65,216630
2622,0.001494,172.31.40.0-255,66,105448,65,216630
2623,0.00153,172.31.40.0-255,66,105514,65,216630
2624,0.001542,172.31.40.0-255,66,105580,65,216630
2625,0.001609,74.125.24.0-255,1484,107064,65,216630
2626,0.001629,74.125.24.0-255,2902,109966,65,216630
2627,0.001632,172.31.40.0-255,66,110032,65,216630
2628,0.001637,74.125.24.0-255,2902,112934,65,216630
2629,0.001639,172.31.40.0-255,66,113000,65,216630
2630,0.001653,74.125.24.0-255,2902,115902,65,216630
2631,0.001657,172.31.40.0-255,66,115968,65,216630
2632,0.001678,74.125.24.0-255,4320,120288,65,216630
2633,0.001681,172.31.40.0-255,66,120354,65,216630
2634,0.001722,172.31.40.0-255,66,120420,65,216630
2635,0.001767,74.125.24.0-255,5738,126158,65,216630
2636,0.001771,172.31.40.0-255,66,126224,65,216630
2637,0.001804,74.125.24.0-255,4320,130544,65,216630
2638,0.001835,172.31.40.0-255,66,130610,65,216630
2639,0.001864,74.125.24.0-255,1484,132094,65,216630
2640,0.001877,74.125.24.0-255,2902,134996,65,216630
2641,0.001889,74.125.24.0-255,2902,137898,65,216630
2642,0.001892,172.31.40.0-255,66,137964,65,216630
2643,0.001901,74.125.24.0-255,2902,140866,65,216630
2644,0.001913,74.125.24.0-255,2902,143768,65,216630
2645,0.001917,172.31.40.0-255,66,143834,65,216630
2646,0.001925,74.125.24.0-255,2902,146736,65,216630
2647,0.001938,74.125.24.0-255,4320,151056,65,216630
2648,0.001952,74.125.24.0-255,2902,153958,65,216630
2649,0.001962,172.31.40.0-255,66,154024,65,216630
2650,0.001975,74.125.24.0-255,7156,161180,65,216630
2651,0.001992,74.125.24.0-255,1484,162664,65,216630
2652,0.002004,74.125.24.0-255,2184,164848,65,216630
2653,0.00202,172.31.40.0-255,66,164914,65,216630
2654,0.002077,74.125.24.0-255,1484,166398,65,216630
2655,0.002082,74.125.24.0-255,2902,169300,65,216630
2656,0.002086,74.125.24.0-255,2902,172202,65,216630
2657,0.002111,74.125.24.0-255,2902,175104,65,216630
2658,0.002117,74.125.24.0-255,4320,179424,65,216630
2659,0.002121,172.31.40.0-255,66,179490,65,216630
2660,0.002131,74.125.24.0-255,4320,183810,65,216630
2661,0.002142,172.31.40.0-255,66,183876,65,216630
2662,0.002146,74.125.24.0-255,1484,185360,65,216630
2663,0.002164,74.125.24.0-255,5738,191098,65,216630
2664,0.002184,74.125.24.0-255,2902,194000,65,216630
2665,0.002191,74.125.24.0-255,5020,199020,65,216630
2666,0.002198,172.31.40.0-255,66,199086,65,216630
2667,0.004568,74.125.24.0-255,5738,204824,65,216630
2668,0.004575,172.31.40.0-255,66,204890,65,216630
2669,0.006949,74.125.24.0-255,5738,210628,65,216630
2670,0.006954,172.31.40.0-255,66,210694,65,216630
2671,0.00931,74.125.24.0-255,2902,213596,65,216630
2672,0.009316,172.31.40.0-255,66,213662,65,216630
2673,0.009338,74.125.24.0-255,2902,216564,65,216630
2674,0.00934,172.31.40.0-255,66,216630,65,216630
2675,0.0,172.217.194.0-255,302,302,65,176377
2676,3.5e-05,172.31.40.0-255,66,368,65,176377
2677,4.1e-05,172.217.194.0-255,1484,1852,65,176377
2678,4.4e-05,172.31.40.0-255,66,1918,65,176377
2679,5e-05,172.217.194.0-255,4320,6238,65,176377
2680,5.2e-05,172.31.40.0-255,66,6304,65,176377
2681,6.3e-05,172.31.40.0-255,66,6370,65,176377
2682,6.6e-05,172.217.194.0-255,1484,7854,65,176377
2683,6.9e-05,172.31.40.0-255,66,7920,65,176377
2684,0.000109,172.31.40.0-255,66,7986,65,176377
2685,0.000112,172.217.194.0-255,1125,9111,65,176377
2686,0.000114,172.31.40.0-255,66,9177,65,176377
2687,0.000171,172.217.194.0-255,1484,10661,65,176377
2688,0.000174,172.31.40.0-255,66,10727,65,176377
2689,0.000178,172.217.194.0-255,2902,13629,65,176377
2690,0.00018,172.31.40.0-255,66,13695,65,176377
2691,0.000204,172.217.194.0-255,5738,19433,65,176377
2692,0.000208,172.31.40.0-255,66,19499,65,176377
2693,0.00022,172.31.40.0-255,66,19565,65,176377
2694,0.000252,172.217.194.0-255,2902,22467,65,176377
2695,0.000255,172.31.40.0-255,66,22533,65,176377
2696,0.000268,172.31.40.0-255,66,22599,65,176377
2697,0.000271,172.217.194.0-255,1077,23676,65,176377
2698,0.000273,172.31.40.0-255,66,23742,65,176377
2699,0.000322,172.217.194.0-255,98,23840,65,176377
2700,0.000327,172.31.40.0-255,66,23906,65,176377
2701,0.000521,172.217.194.0-255,1484,25390,65,176377
2702,0.000527,172.31.40.0-255,66,25456,65,176377
2703,0.000533,172.217.194.0-255,2902,28358,65,176377
2704,0.000535,172.31.40.0-255,66,28424,65,176377
2705,0.000556,172.217.194.0-255,4320,32744,65,176377
2706,0.000559,172.31.40.0-255,66,32810,65,176377
2707,0.000573,172.217.194.0-255,1484,34294,65,176377
2708,0.000586,172.31.40.0-255,66,34360,65,176377
2709,0.000611,172.217.194.0-255,4320,38680,65,176377
2710,0.000615,172.31.40.0-255,66,38746,65,176377
2711,0.000627,172.31.40.0-255,66,38812,65,176377
2712,0.000629,172.217.194.0-255,766,39578,65,176377
2713,0.000678,172.217.194.0-255,1484,41062,65,176377
2714,0.000682,172.31.40.0-255,66,41128,65,176377
2715,0.000688,172.217.194.0-255,4320,45448,65,176377
2716,0.000693,172.31.40.0-255,66,45514,65,176377
2717,0.000707,172.217.194.0-255,5738,51252,65,176377
2718,0.00071,172.31.40.0-255,66,51318,65,176377
2719,0.000736,172.217.194.0-255,1484,52802,65,176377
2720,0.000741,172.217.194.0-255,2902,55704,65,176377
2721,0.000744,172.31.40.0-255,66,55770,65,176377
2722,0.000778,172.31.40.0-255,66,55836,65,176377
2723,0.000783,172.217.194.0-255,3693,59529,65,176377
2724,0.000785,172.31.40.0-255,66,59595,65,176377
2725,0.000796,172.31.40.0-255,66,59661,65,176377
2726,0.000843,172.31.40.0-255,66,59727,65,176377
2727,0.000856,172.31.40.0-255,66,59793,65,176377
2728,0.000974,172.217.194.0-255,1484,61277,65,176377
2729,0.000981,172.217.194.0-255,2902,64179,65,176377
2730,0.000985,172.31.40.0-255,66,64245,65,176377
2731,0.000992,172.217.194.0-255,5738,69983,65,176377
2732,0.000995,172.31.40.0-255,66,70049,65,176377
2733,0.001027,172.31.40.0-255,66,70115,65,176377
2734,0.001047,172.217.194.0-255,1484,71599,65,176377
2735,0.001074,172.31.40.0-255,66,71665,65,176377
2736,0.001092,172.217.194.0-255,766,72431,65,176377
2737,0.001571,172.217.194.0-255,1484,73915,65,176377
2738,0.001577,172.31.40.0-255,66,73981,65,176377
2739,0.001583,172.217.194.0-255,2902,76883,65,176377
2740,0.001586,172.31.40.0-255,66,76949,65,176377
2741,0.001592,172.217.194.0-255,4320,81269,65,176377
2742,0.001594,172.31.40.0-255,66,81335,65,176377
2743,0.001624,172.217.194.0-255,1484,82819,65,176377
2744,0.001637,172.31.40.0-255,66,82885,65,176377
2745,0.001713,172.31.40.0-255,66,82951,65,176377
2746,0.001727,172.31.40.0-255,66,83017,65,176377
2747,0.001731,172.217.194.0-255,2902,85919,65,176377
2748,0.001733,172.31.40.0-255,66,85985,65,176377
2749,0.001786,172.31.40.0-255,66,86051,65,176377
2750,0.001793,172.217.194.0-255,6438,92489,65,176377
2751,0.001795,172.31.40.0-255,66,92555,65,176377
2752,0.001798,172.217.194.0-255,1484,94039,65,176377
2753,0.001824,172.217.194.0-255,2902,96941,65,176377
2754,0.001828,172.31.40.0-255,66,97007,65,176377
2755,0.001834,172.217.194.0-255,5738,102745,65,176377
2756,0.001836,172.31.40.0-255,66,102811,65,176377
2757,0.00187,172.31.40.0-255,66,102877,65,176377
2758,0.00189,172.217.194.0-255,2902,105779,65,176377
2759,0.001892,172.31.40.0-255,66,105845,65,176377
2760,0.001903,172.31.40.0-255,66,105911,65,176377
2761,0.001908,172.217.194.0-255,2184,108095,65,176377
2762,0.00191,172.31.40.0-255,66,108161,65,176377
2763,0.001954,172.217.194.0-255,2902,111063,65,176377
2764,0.001958,172.31.40.0-255,66,111129,65,176377
2765,0.001963,172.217.194.0-255,4320,115449,65,176377
2766,0.001965,172.31.40.0-255,66,115515,65,176377
2767,0.00197,172.217.194.0-255,2902,118417,65,176377
2768,0.001973,172.31.40.0-255,66,118483,65,176377
2769,0.002003,172.217.194.0-255,5738,124221,65,176377
2770,0.002007,172.31.40.0-255,66,124287,65,176377
2771,0.002049,172.31.40.0-255,66,124353,65,176377
2772,0.00208,172.31.40.0-255,66,124419,65,176377
2773,0.002082,172.217.194.0-255,1484,125903,65,176377
2774,0.002088,172.217.194.0-255,2902,128805,65,176377
2775,0.00209,172.31.40.0-255,66,128871,65,176377
2776,0.002096,172.217.194.0-255,5738,134609,65,176377
2777,0.002099,172.31.40.0-255,66,134675,65,176377
2778,0.002127,172.217.194.0-255,7156,141831,65,176377
2779,0.00213,172.31.40.0-255,66,141897,65,176377
2780,0.002157,172.217.194.0-255,5738,147635,65,176377
2781,0.00216,172.31.40.0-255,66,147701,65,176377
2782,0.002171,172.31.40.0-255,66,147767,65,176377
2783,0.002198,172.217.194.0-255,5020,152787,65,176377
2784,0.002201,172.31.40.0-255,66,152853,65,176377
2785,0.002205,172.217.194.0-255,2902,155755,65,176377
2786,0.002207,172.31.40.0-255,66,155821,65,176377
2787,0.002238,172.217.194.0-255,4320,160141,65,176377
2788,0.002242,172.31.40.0-255,66,160207,65,176377
2789,0.00227,172.31.40.0-255,66,160273,65,176377
2790,0.002286,172.217.194.0-255,2902,163175,65,176377
2791,0.002288,172.31.40.0-255,66,163241,65,176377
2792,0.002291,172.217.194.0-255,1484,164725,65,176377
2793,0.002318,172.217.194.0-255,5738,170463,65,176377
2794,0.002321,172.31.40.0-255,66,170529,65,176377
2795,0.002345,172.217.194.0-255,5440,175969,65,176377
2796,0.002349,172.31.40.0-255,66,176035,65,176377
2797,0.002352,172.217.194.0-255,105,176140,65,176377
2798,0.004658,172.31.40.0-255,66,176206,65,176377
2799,0.004697,172.31.40.0-255,105,176311,65,176377
2800,0.007351,172.217.194.0-255,66,176377,65,176377
2801,0.0,172.217.194.0-255,152,152,65,224927
2802,1.5e-05,172.31.40.0-255,66,218,65,224927
2803,2.2e-05,172.217.194.0-255,1484,1702,65,224927
2804,2.6e-05,172.31.40.0-255,66,1768,65,224927
2805,3.3e-05,172.217.194.0-255,2902,4670,65,224927
2806,3.6e-05,172.31.40.0-255,66,4736,65,224927
2807,4.4e-05,172.217.194.0-255,7156,11892,65,224927
2808,4.7e-05,172.31.40.0-255,66,11958,65,224927
2809,6.5e-05,172.217.194.0-255,2133,14091,65,224927
2810,6.7e-05,172.31.40.0-255,66,14157,65,224927
2811,9.3e-05,172.217.194.0-255,2902,17059,65,224927
2812,9.6e-05,172.31.40.0-255,66,17125,65,224927
2813,0.000123,172.217.194.0-255,7156,24281,65,224927
2814,0.000126,172.31.40.0-255,66,24347,65,224927
2815,0.000164,172.217.194.0-255,4320,28667,65,224927
2816,0.000167,172.31.40.0-255,66,28733,65,224927
2817,0.000185,172.217.194.0-255,2543,31276,65,224927
2818,0.000188,172.31.40.0-255,66,31342,65,224927
2819,0.000213,172.217.194.0-255,4320,35662,65,224927
2820,0.000216,172.31.40.0-255,66,35728,65,224927
2821,0.000227,172.217.194.0-255,1484,37212,65,224927
2822,0.00023,172.31.40.0-255,66,37278,65,224927
2823,0.000238,172.217.194.0-255,7156,44434,65,224927
2824,0.000241,172.31.40.0-255,66,44500,65,224927
2825,0.000283,172.31.40.0-255,66,44566,65,224927
2826,0.000304,172.217.194.0-255,1125,45691,65,224927
2827,0.000306,172.31.40.0-255,66,45757,65,224927
2828,0.000312,172.217.194.0-255,5379,51136,65,224927
2829,0.000315,172.31.40.0-255,66,51202,65,224927
2830,0.000362,172.217.194.0-255,370,51572,65,224927
2831,0.000365,172.31.40.0-255,66,51638,65,224927
2832,0.000407,172.217.194.0-255,374,52012,65,224927
2833,0.000807,172.217.194.0-255,1484,53496,65,224927
2834,0.000812,172.31.40.0-255,66,53562,65,224927
2835,0.000818,172.217.194.0-255,2902,56464,65,224927
2836,0.00082,172.31.40.0-255,66,56530,65,224927
2837,0.000827,172.217.194.0-255,5738,62268,65,224927
2838,0.000829,172.31.40.0-255,66,62334,65,224927
2839,0.000843,172.217.194.0-255,1484,63818,65,224927
2840,0.00087,172.31.40.0-255,66,63884,65,224927
2841,0.000889,172.217.194.0-255,5738,69622,65,224927
2842,0.000892,172.31.40.0-255,66,69688,65,224927
2843,0.000919,172.217.194.0-255,5020,74708,65,224927
2844,0.000922,172.31.40.0-255,66,74774,65,224927
2845,0.001729,172.217.194.0-255,1484,76258,65,224927
2846,0.001739,172.217.194.0-255,2902,79160,65,224927
2847,0.001744,172.31.40.0-255,66,79226,65,224927
2848,0.001753,172.217.194.0-255,5738,84964,65,224927
2849,0.001755,172.31.40.0-255,66,85030,65,224927
2850,0.001772,172.217.194.0-255,5738,90768,65,224927
2851,0.001775,172.31.40.0-255,66,90834,65,224927
2852,0.001796,172.217.194.0-255,7156,97990,65,224927
2853,0.001798,172.31.40.0-255,66,98056,65,224927
2854,0.001801,172.217.194.0-255,1484,99540,65,224927
2855,0.001855,172.31.40.0-255,66,99606,65,224927
2856,0.002025,172.217.194.0-255,1484,101090,65,224927
2857,0.002034,172.217.194.0-255,2902,103992,65,224927
2858,0.002038,172.31.40.0-255,66,104058,65,224927
2859,0.002063,172.217.194.0-255,5738,109796,65,224927
2860,0.002066,172.31.40.0-255,66,109862,65,224927
2861,0.002083,172.217.194.0-255,4320,114182,65,224927
2862,0.002086,172.31.40.0-255,66,114248,65,224927
2863,0.002117,172.31.40.0-255,66,114314,65,224927
2864,0.002121,172.217.194.0-255,1484,115798,65,224927
2865,0.002136,172.217.194.0-255,4320,120118,65,224927
2866,0.002138,172.31.40.0-255,66,120184,65,224927
2867,0.002159,172.217.194.0-255,5020,125204,65,224927
2868,0.002161,172.31.40.0-255,66,125270,65,224927
2869,0.002242,172.217.194.0-255,1484,126754,65,224927
2870,0.002248,172.217.194.0-255,2902,129656,65,224927
2871,0.002251,172.31.40.0-255,66,129722,65,224927
2872,0.002265,172.217.194.0-255,1484,131206,65,224927
2873,0.002281,172.217.194.0-255,4320,135526,65,224927
2874,0.002285,172.31.40.0-255,66,135592,65,224927
2875,0.002316,172.31.40.0-255,66,135658,65,224927
2876,0.002328,172.31.40.0-255,66,135724,65,224927
2877,0.002345,172.217.194.0-255,3602,139326,65,224927
2878,0.002347,172.31.40.0-255,66,139392,65,224927
2879,0.002389,172.31.40.0-255,66,139458,65,224927
2880,0.002392,172.217.194.0-255,1484,140942,65,224927
2881,0.002396,172.217.194.0-255,2902,143844,65,224927
2882,0.002399,172.31.40.0-255,66,143910,65,224927
2883,0.002428,172.217.194.0-255,2902,146812,65,224927
2884,0.00243,172.31.40.0-255,66,146878,65,224927
2885,0.002453,172.217.194.0-255,5738,152616,65,224927
2886,0.002457,172.31.40.0-255,66,152682,65,224927
2887,0.002459,172.217.194.0-255,1484,154166,65,224927
2888,0.002462,172.31.40.0-255,78,154244,65,224927
2889,0.00247,172.217.194.0-255,7156,161400,65,224927
2890,0.002474,172.31.40.0-255,78,161478,65,224927
2891,0.002511,172.217.194.0-255,5020,166498,65,224927
2892,0.002515,172.31.40.0-255,66,166564,65,224927
2893,0.002528,172.31.40.0-255,66,166630,65,224927
2894,0.002547,172.31.40.0-255,66,166696,65,224927
2895,0.002549,172.217.194.0-255,1484,168180,65,224927
2896,0.002553,172.217.194.0-255,1484,169664,65,224927
2897,0.002555,172.31.40.0-255,66,169730,65,224927
2898,0.002582,172.217.194.0-255,5738,175468,65,224927
2899,0.002585,172.31.40.0-255,66,175534,65,224927
2900,0.002606,172.217.194.0-255,7156,182690,65,224927
2901,0.002608,172.31.40.0-255,66,182756,65,224927
2902,0.002641,172.31.40.0-255,66,182822,65,224927
2903,0.002652,172.31.40.0-255,66,182888,65,224927
2904,0.002655,172.217.194.0-255,1484,184372,65,224927
2905,0.002657,172.31.40.0-255,78,184450,65,224927
2906,0.00266,172.217.194.0-255,1484,185934,65,224927
2907,0.002663,172.31.40.0-255,66,186000,65,224927
2908,0.002667,172.217.194.0-255,2184,188184,65,224927
2909,0.002669,172.31.40.0-255,66,188250,65,224927
2910,0.002676,172.217.194.0-255,5738,193988,65,224927
2911,0.002678,172.31.40.0-255,66,194054,65,224927
2912,0.00272,172.217.194.0-255,4320,198374,65,224927
2913,0.002723,172.31.40.0-255,66,198440,65,224927
2914,0.002737,172.217.194.0-255,2902,201342,65,224927
2915,0.002739,172.31.40.0-255,66,201408,65,224927
2916,0.002742,172.217.194.0-255,1484,202892,65,224927
2917,0.002747,172.217.194.0-255,2902,205794,65,224927
2918,0.002749,172.31.40.0-255,66,205860,65,224927
2919,0.002762,172.31.40.0-255,66,205926,65,224927
2920,0.002779,172.31.40.0-255,66,205992,65,224927
2921,0.002784,172.217.194.0-255,4320,210312,65,224927
2922,0.002787,172.31.40.0-255,66,210378,65,224927
2923,0.002794,172.217.194.0-255,7156,217534,65,224927
2924,0.002867,172.217.194.0-255,4320,221854,65,224927
2925,0.002872,172.217.194.0-255,2968,224822,65,224927
2926,0.002875,172.217.194.0-255,105,224927,65,224927
2927,0.0,172.217.194.0-255,66,66,65,66
2928,0.0,74.125.130.0-255,143,143,65,171098
2929,2e-05,172.31.40.0-255,66,209,65,171098
2930,5.3e-05,74.125.130.0-255,1484,1693,65,171098
2931,5.8e-05,172.31.40.0-255,66,1759,65,171098
2932,6.4e-05,74.125.130.0-255,2902,4661,65,171098
2933,6.8e-05,172.31.40.0-255,66,4727,65,171098
2934,9e-05,74.125.130.0-255,7156,11883,65,171098
2935,9.4e-05,172.31.40.0-255,66,11949,65,171098
2936,0.000117,74.125.130.0-255,2094,14043,65,171098
2937,0.00012,172.31.40.0-255,66,14109,65,171098
2938,0.000125,74.125.130.0-255,2902,17011,65,171098
2939,0.000127,172.31.40.0-255,66,17077,65,171098
2940,0.000154,74.125.130.0-255,2902,19979,65,171098
2941,0.000156,172.31.40.0-255,66,20045,65,171098
2942,0.000161,74.125.130.0-255,4320,24365,65,171098
2943,0.000165,172.31.40.0-255,66,24431,65,171098
2944,0.000171,74.125.130.0-255,5738,30169,65,171098
2945,0.000175,172.31.40.0-255,66,30235,65,171098
2946,0.000213,74.125.130.0-255,1125,31360,65,171098
2947,0.000215,172.31.40.0-255,66,31426,65,171098
2948,0.000356,74.125.130.0-255,1484,32910,65,171098
2949,0.000361,172.31.40.0-255,66,32976,65,171098
2950,0.000367,74.125.130.0-255,2902,35878,65,171098
2951,0.00037,172.31.40.0-255,66,35944,65,171098
2952,0.000419,74.125.130.0-255,4320,40264,65,171098
2953,0.000423,172.31.40.0-255,66,40330,65,171098
2954,0.000449,74.125.130.0-255,1484,41814,65,171098
2955,0.000452,172.31.40.0-255,66,41880,65,171098
2956,0.000455,74.125.130.0-255,1484,43364,65,171098
2957,0.000458,172.31.40.0-255,66,43430,65,171098
2958,0.000462,74.125.130.0-255,2902,46332,65,171098
2959,0.000464,172.31.40.0-255,66,46398,65,171098
2960,0.000471,74.125.130.0-255,5738,52136,65,171098
2961,0.0005,74.125.130.0-255,1484,53620,65,171098
2962,0.000505,74.125.130.0-255,2902,56522,65,171098
2963,0.000511,74.125.130.0-255,5738,62260,65,171098
2964,0.00054,74.125.130.0-255,1484,63744,65,171098
2965,0.000545,74.125.130.0-255,2184,65928,65,171098
2966,0.000547,74.125.130.0-255,339,66267,65,171098
2967,0.000579,172.31.40.0-255,66,66333,65,171098
2968,0.001262,74.125.130.0-255,113,66446,65,171098
2969,0.001491,74.125.130.0-255,1484,67930,65,171098
2970,0.001498,172.31.40.0-255,66,67996,65,171098
2971,0.001505,74.125.130.0-255,2902,70898,65,171098
2972,0.001529,74.125.130.0-255,2902,73800,65,171098
2973,0.001547,74.125.130.0-255,1484,75284,65,171098
2974,0.00155,74.125.130.0-255,1484,76768,65,171098
2975,0.001583,74.125.130.0-255,4320,81088,65,171098
2976,0.001591,74.125.130.0-255,7156,88244,65,171098
2977,0.001619,74.125.130.0-255,4320,92564,65,171098
2978,0.001641,74.125.130.0-255,4320,96884,65,171098
2979,0.001674,74.125.130.0-255,1484,98368,65,171098
2980,0.001692,74.125.130.0-255,2184,100552,65,171098
2981,0.001976,74.125.130.0-255,1484,102036,65,171098
2982,0.001994,74.125.130.0-255,2902,104938,65,171098
2983,0.002025,74.125.130.0-255,4320,109258,65,171098
2984,0.002039,74.125.130.0-255,1484,110742,65,171098
2985,0.002052,74.125.130.0-255,1484,112226,65,171098
2986,0.002069,74.125.130.0-255,5738,117964,65,171098
2987,0.002083,74.125.130.0-255,1484,119448,65,171098
2988,0.002095,74.125.130.0-255,2902,122350,65,171098
2989,0.002157,74.125.130.0-255,2902,125252,65,171098
2990,0.002178,74.125.130.0-255,2902,128154,65,171098
2991,0.002182,74.125.130.0-255,4320,132474,65,171098
2992,0.002186,74.125.130.0-255,2184,134658,65,171098
2993,0.002487,74.125.130.0-255,1484,136142,65,171098
2994,0.0025,74.125.130.0-255,2902,139044,65,171098
2995,0.002524,74.125.130.0-255,4320,143364,65,171098
2996,0.002537,74.125.130.0-255,1484,144848,65,171098
2997,0.002539,74.125.130.0-255,1484,146332,65,171098
2998,0.002557,74.125.130.0-255,2902,149234,65,171098
2999,0.002583,74.125.130.0-255,2902,152136,65,171098
3000,0.002597,74.125.130.0-255,2902,155038,65,171098
3001,0.002615,74.125.130.0-255,1484,156522,65,171098
3002,0.002618,74.125.130.0-255,2902,159424,65,171098
3003,0.002635,74.125.130.0-255,4320,163744,65,171098
3004,0.002664,74.125.130.0-255,1484,165228,65,171098
3005,0.007084,172.31.40.0-255,66,165294,65,171098
3006,0.00972,74.125.130.0-255,5738,171032,65,171098
3007,0.009728,172.31.40.0-255,66,171098,65,171098
3008,0.0,172.31.40.0-255,105,105,65,459
3009,0.000247,172.31.40.0-255,90,195,65,459
3010,0.000257,172.31.40.0-255,66,261,65,459
3011,0.00282,172.217.194.0-255,66,327,65,459
3012,0.002847,172.217.194.0-255,66,393,65,459
3013,0.002862,172.31.40.0-255,66,459,65,459
3014,0.0,172.31.40.0-255,105,105,65,276
3015,0.001777,157.240.24.0-255,105,210,65,276
3016,0.001786,172.31.40.0-255,66,276,65,276
3017,0.0,172.217.160.0-255,153,153,65,141810
3018,2.1e-05,172.31.40.0-255,66,219,65,141810
3019,2.7e-05,172.217.160.0-255,1484,1703,65,141810
3020,3.2e-05,172.31.40.0-255,66,1769,65,141810
3021,3.8e-05,172.217.160.0-255,2902,4671,65,141810
3022,4.1e-05,172.31.40.0-255,66,4737,65,141810
3023,4.7e-05,172.217.160.0-255,5738,10475,65,141810
3024,5e-05,172.31.40.0-255,66,10541,65,141810
3025,7.3e-05,172.217.160.0-255,1484,12025,65,141810
3026,7.5e-05,172.31.40.0-255,66,12091,65,141810
3027,7.9e-05,172.217.160.0-255,2072,14163,65,141810
3028,8.1e-05,172.31.40.0-255,66,14229,65,141810
3029,9.2e-05,172.31.40.0-255,66,14295,65,141810
3030,0.000107,172.217.160.0-255,2902,17197,65,141810
3031,0.000109,172.31.40.0-255,66,17263,65,141810
3032,0.000115,172.217.160.0-255,5379,22642,65,141810
3033,0.000117,172.31.40.0-255,66,22708,65,141810
3034,0.000191,172.217.160.0-255,1484,24192,65,141810
3035,0.000194,172.31.40.0-255,66,24258,65,141810
3036,0.000211,172.217.160.0-255,2902,27160,65,141810
3037,0.000213,172.31.40.0-255,66,27226,65,141810
3038,0.000215,172.217.160.0-255,1484,28710,65,141810
3039,0.000217,172.31.40.0-255,66,28776,65,141810
3040,0.000244,172.217.160.0-255,4320,33096,65,141810
3041,0.000246,172.31.40.0-255,66,33162,65,141810
3042,0.000269,172.217.160.0-255,5738,38900,65,141810
3043,0.000272,172.31.40.0-255,66,38966,65,141810
3044,0.000285,172.217.160.0-255,4320,43286,65,141810
3045,0.000287,172.31.40.0-255,66,43352,65,141810
3046,0.000319,172.217.160.0-255,3961,47313,65,141810
3047,0.000322,172.31.40.0-255,66,47379,65,141810
3048,0.000331,172.31.40.0-255,66,47445,65,141810
3049,0.000579,172.217.160.0-255,120,47565,65,141810
3050,0.000694,172.217.160.0-255,1484,49049,65,141810
3051,0.000698,172.31.40.0-255,66,49115,65,141810
3052,0.000703,172.217.160.0-255,2902,52017,65,141810
3053,0.000705,172.31.40.0-255,66,52083,65,141810
3054,0.000712,172.217.160.0-255,5738,57821,65,141810
3055,0.000714,172.31.40.0-255,66,57887,65,141810
3056,0.000742,172.217.160.0-255,4320,62207,65,141810
3057,0.000744,172.31.40.0-255,66,62273,65,141810
3058,0.000771,172.217.160.0-255,1484,63757,65,141810
3059,0.000788,172.217.160.0-255,4275,68032,65,141810
3060,0.000798,172.31.40.0-255,66,68098,65,141810
3061,0.000801,172.31.40.0-255,66,68164,65,141810
3062,0.00145,172.217.160.0-255,1484,69648,65,141810
3063,0.00146,172.217.160.0-255,2902,72550,65,141810
3064,0.001464,172.31.40.0-255,66,72616,65,141810
3065,0.001492,172.217.160.0-255,5738,78354,65,141810
3066,0.001494,172.31.40.0-255,66,78420,65,141810
3067,0.001499,172.217.160.0-255,2902,81322,65,141810
3068,0.001501,172.31.40.0-255,66,81388,65,141810
3069,0.001505,172.217.160.0-255,1484,82872,65,141810
3070,0.001526,172.217.160.0-255,7156,90028,65,141810
3071,0.001529,172.31.40.0-255,66,90094,65,141810
3072,0.001545,172.217.160.0-255,1484,91578,65,141810
3073,0.001561,172.217.160.0-255,7156,98734,65,141810
3074,0.001563,172.31.40.0-255,66,98800,65,141810
3075,0.001584,172.217.160.0-255,3602,102402,65,141810
3076,0.001586,172.31.40.0-255,66,102468,65,141810
3077,0.001767,172.217.160.0-255,1484,103952,65,141810
3078,0.001776,172.217.160.0-255,2902,106854,65,141810
3079,0.00178,172.31.40.0-255,66,106920,65,141810
3080,0.001787,172.217.160.0-255,5738,112658,65,141810
3081,0.001789,172.31.40.0-255,66,112724,65,141810
3082,0.001797,172.217.160.0-255,7156,119880,65,141810
3083,0.001798,172.31.40.0-255,66,119946,65,141810
3084,0.003564,172.217.160.0-255,5738,125684,65,141810
3085,0.00357,172.31.40.0-255,66,125750,65,141810
3086,0.005323,172.217.160.0-255,4320,130070,65,141810
3087,0.005327,172.31.40.0-255,66,130136,65,141810
3088,0.005345,172.217.160.0-255,1484,131620,65,141810
3089,0.0071,172.217.160.0-255,4320,135940,65,141810
3090,0.007108,172.31.40.0-255,66,136006,65,141810
3091,0.008897,172.217.160.0-255,5738,141744,65,141810
3092,0.008903,172.31.40.0-255,66,141810,65,141810
3093,0.0,172.217.194.0-255,153,153,65,191551
3094,1.5e-05,172.31.40.0-255,66,219,65,191551
3095,2.2e-05,172.217.194.0-255,1484,1703,65,191551
3096,2.6e-05,172.31.40.0-255,66,1769,65,191551
3097,3.2e-05,172.217.194.0-255,2902,4671,65,191551
3098,3.5e-05,172.31.40.0-255,66,4737,65,191551
3099,4.3e-05,172.217.194.0-255,7156,11893,65,191551
3100,4.5e-05,172.31.40.0-255,66,11959,65,191551
3101,5e-05,172.217.194.0-255,2128,14087,65,191551
3102,5.2e-05,172.31.40.0-255,66,14153,65,191551
3103,0.000329,172.217.194.0-255,1484,15637,65,191551
3104,0.000335,172.31.40.0-255,66,15703,65,191551
3105,0.000341,172.217.194.0-255,2902,18605,65,191551
3106,0.000343,172.31.40.0-255,66,18671,65,191551
3107,0.00035,172.217.194.0-255,5738,24409,65,191551
3108,0.000352,172.31.40.0-255,66,24475,65,191551
3109,0.000399,172.217.194.0-255,6797,31272,65,191551
3110,0.000402,172.31.40.0-255,66,31338,65,191551
3111,0.000465,172.217.194.0-255,1484,32822,65,191551
3112,0.000469,172.31.40.0-255,66,32888,65,191551
3113,0.000474,172.217.194.0-255,2902,35790,65,191551
3114,0.000476,172.31.40.0-255,66,35856,65,191551
3115,0.000508,172.217.194.0-255,5738,41594,65,191551
3116,0.000512,172.31.40.0-255,66,41660,65,191551
3117,0.000518,172.217.194.0-255,5738,47398,65,191551
3118,0.00052,172.31.40.0-255,66,47464,65,191551
3119,0.000545,172.217.194.0-255,7156,54620,65,191551
3120,0.000548,172.31.40.0-255,66,54686,65,191551
3121,0.000573,172.217.194.0-255,6797,61483,65,191551
3122,0.000576,172.31.40.0-255,66,61549,65,191551
3123,0.000582,172.217.194.0-255,4274,65823,65,191551
3124,0.000585,172.31.40.0-255,66,65889,65,191551
3125,0.000588,172.217.194.0-255,365,66254,65,191551
3126,0.000754,172.217.194.0-255,1484,67738,65,191551
3127,0.000758,172.31.40.0-255,66,67804,65,191551
3128,0.000764,172.217.194.0-255,2902,70706,65,191551
3129,0.000766,172.31.40.0-255,66,70772,65,191551
3130,0.00078,172.217.194.0-255,2902,73674,65,191551
3131,0.000782,172.31.40.0-255,66,73740,65,191551
3132,0.000805,172.217.194.0-255,2902,76642,65,191551
3133,0.000808,172.31.40.0-255,66,76708,65,191551
3134,0.000822,172.31.40.0-255,66,76774,65,191551
3135,0.000832,172.31.40.0-255,66,76840,65,191551
3136,0.000859,172.217.194.0-255,2184,79024,65,191551
3137,0.000863,172.31.40.0-255,66,79090,65,191551
3138,0.001045,172.217.194.0-255,1484,80574,65,191551
3139,0.001052,172.217.194.0-255,2902,83476,65,191551
3140,0.001056,172.31.40.0-255,66,83542,65,191551
3141,0.001081,172.217.194.0-255,5738,89280,65,191551
3142,0.001083,172.31.40.0-255,66,89346,65,191551
3143,0.001088,172.217.194.0-255,2902,92248,65,191551
3144,0.00109,172.31.40.0-255,66,92314,65,191551
3145,0.001138,172.31.40.0-255,66,92380,65,191551
3146,0.001146,172.31.40.0-255,66,92446,65,191551
3147,0.001169,172.217.194.0-255,7156,99602,65,191551
3148,0.001171,172.31.40.0-255,66,99668,65,191551
3149,0.001202,172.217.194.0-255,4320,103988,65,191551
3150,0.001205,172.31.40.0-255,66,104054,65,191551
3151,0.00122,172.31.40.0-255,66,104120,65,191551
3152,0.001231,172.31.40.0-255,66,104186,65,191551
3153,0.00145,172.217.194.0-255,1484,105670,65,191551
3154,0.001456,172.217.194.0-255,2902,108572,65,191551
3155,0.001459,172.31.40.0-255,66,108638,65,191551
3156,0.001463,172.217.194.0-255,1484,110122,65,191551
3157,0.00148,172.217.194.0-255,4320,114442,65,191551
3158,0.001482,172.31.40.0-255,66,114508,65,191551
3159,0.001525,172.217.194.0-255,5738,120246,65,191551
3160,0.001527,172.31.40.0-255,66,120312,65,191551
3161,0.001551,172.217.194.0-255,7156,127468,65,191551
3162,0.001554,172.31.40.0-255,66,127534,65,191551
3163,0.001566,172.31.40.0-255,66,127600,65,191551
3164,0.001578,172.31.40.0-255,66,127666,65,191551
3165,0.00159,172.31.40.0-255,66,127732,65,191551
3166,0.00162,172.31.40.0-255,66,127798,65,191551
3167,0.001657,172.31.40.0-255,66,127864,65,191551
3168,0.001676,172.31.40.0-255,66,127930,65,191551
3169,0.001698,172.217.194.0-255,2902,130832,65,191551
3170,0.0017,172.217.194.0-255,766,131598,65,191551
3171,0.001704,172.31.40.0-255,66,131664,65,191551
3172,0.00172,172.217.194.0-255,2902,134566,65,191551
3173,0.001723,172.31.40.0-255,66,134632,65,191551
3174,0.001753,172.31.40.0-255,66,134698,65,191551
3175,0.001773,172.217.194.0-255,4320,139018,65,191551
3176,0.001775,172.31.40.0-255,66,139084,65,191551
3177,0.00179,172.31.40.0-255,66,139150,65,191551
3178,0.001811,172.217.194.0-255,1484,140634,65,191551
3179,0.001814,172.217.194.0-255,1484,142118,65,191551
3180,0.001817,172.31.40.0-255,66,142184,65,191551
3181,0.001836,172.217.194.0-255,1484,143668,65,191551
3182,0.001842,172.217.194.0-255,5738,149406,65,191551
3183,0.001845,172.31.40.0-255,66,149472,65,191551
3184,0.001852,172.217.194.0-255,7156,156628,65,191551
3185,0.001855,172.31.40.0-255,66,156694,65,191551
3186,0.001858,172.217.194.0-255,2902,159596,65,191551
3187,0.001861,172.31.40.0-255,66,159662,65,191551
3188,0.001901,172.31.40.0-255,66,159728,65,191551
3189,0.001905,172.217.194.0-255,2184,161912,65,191551
3190,0.001907,172.31.40.0-255,66,161978,65,191551
3191,0.001934,172.217.194.0-255,2902,164880,65,191551
3192,0.001937,172.31.40.0-255,66,164946,65,191551
3193,0.001943,172.217.194.0-255,5738,170684,65,191551
3194,0.001946,172.31.40.0-255,66,170750,65,191551
3195,0.001949,172.217.194.0-255,2902,173652,65,191551
3196,0.001952,172.31.40.0-255,66,173718,65,191551
3197,0.00198,172.217.194.0-255,7156,180874,65,191551
3198,0.001984,172.31.40.0-255,66,180940,65,191551
3199,0.001986,172.217.194.0-255,1484,182424,65,191551
3200,0.002021,172.31.40.0-255,66,182490,65,191551
3201,0.002063,172.217.194.0-255,5738,188228,65,191551
3202,0.002065,172.31.40.0-255,66,188294,65,191551
3203,0.002099,172.31.40.0-255,66,188360,65,191551
3204,0.002103,172.217.194.0-255,2783,191143,65,191551
3205,0.002105,172.31.40.0-255,66,191209,65,191551
3206,0.002107,172.217.194.0-255,105,191314,65,191551
3207,0.004318,172.31.40.0-255,66,191380,65,191551
3208,0.004355,172.31.40.0-255,105,191485,65,191551
3209,0.006579,172.217.194.0-255,66,191551,65,191551
3210,0.0,74.125.24.0-255,146,146,65,149685
3211,2.3e-05,172.31.40.0-255,66,212,65,149685
3212,3.1e-05,74.125.24.0-255,1484,1696,65,149685
3213,3.6e-05,172.31.40.0-255,66,1762,65,149685
3214,4.1e-05,74.125.24.0-255,2902,4664,65,149685
3215,4.5e-05,172.31.40.0-255,66,4730,65,149685
3216,5.2e-05,74.125.24.0-255,7156,11886,65,149685
3217,5.5e-05,172.31.40.0-255,66,11952,65,149685
3218,7.1e-05,172.31.40.0-255,66,12018,65,149685
3219,7.4e-05,74.125.24.0-255,1484,13502,65,149685
3220,7.7e-05,172.31.40.0-255,66,13568,65,149685
3221,0.000109,74.125.24.0-255,5379,18947,65,149685
3222,0.000113,172.31.40.0-255,66,19013,65,149685
3223,0.000145,74.125.24.0-255,1484,20497,65,149685
3224,0.000147,172.31.40.0-255,66,20563,65,149685
3225,0.000152,74.125.24.0-255,2902,23465,65,149685
3226,0.000154,172.31.40.0-255,66,23531,65,149685
3227,0.000169,74.125.24.0-255,4320,27851,65,149685
3228,0.000172,172.31.40.0-255,66,27917,65,149685
3229,0.000187,74.125.24.0-255,1484,29401,65,149685
3230,0.000189,172.31.40.0-255,66,29467,65,149685
3231,0.000197,74.125.24.0-255,6797,36264,65,149685
3232,0.0002,172.31.40.0-255,66,36330,65,149685
3233,0.000202,74.125.24.0-255,1484,37814,65,149685
3234,0.000204,172.31.40.0-255,66,37880,65,149685
3235,0.000231,172.31.40.0-255,66,37946,65,149685
3236,0.000261,74.125.24.0-255,2815,40761,65,149685
3237,0.000263,172.31.40.0-255,66,40827,65,149685
3238,0.000297,74.125.24.0-255,131,40958,65,149685
3239,0.0003,172.31.40.0-255,66,41024,65,149685
3240,0.000335,74.125.24.0-255,1484,42508,65,149685
3241,0.00034,74.125.24.0-255,1484,43992,65,149685
3242,0.000342,172.31.40.0-255,66,44058,65,149685
3243,0.000363,74.125.24.0-255,1484,45542,65,149685
3244,0.00037,74.125.24.0-255,7156,52698,65,149685
3245,0.000373,172.31.40.0-255,66,52764,65,149685
3246,0.00039,74.125.24.0-255,5738,58502,65,149685
3247,0.000393,172.31.40.0-255,66,58568,65,149685
3248,0.000423,172.31.40.0-255,66,58634,65,149685
3249,0.00044,74.125.24.0-255,5738,64372,65,149685
3250,0.000442,172.31.40.0-255,66,64438,65,149685
3251,0.000456,74.125.24.0-255,2246,66684,65,149685
3252,0.000458,172.31.40.0-255,66,66750,65,149685
3253,0.000495,74.125.24.0-255,1484,68234,65,149685
3254,0.000499,74.125.24.0-255,2902,71136,65,149685
3255,0.000502,172.31.40.0-255,66,71202,65,149685
3256,0.000527,74.125.24.0-255,5738,76940,65,149685
3257,0.00053,172.31.40.0-255,66,77006,65,149685
3258,0.000535,74.125.24.0-255,4320,81326,65,149685
3259,0.000537,172.31.40.0-255,66,81392,65,149685
3260,0.00056,172.31.40.0-255,66,81458,65,149685
3261,0.000583,74.125.24.0-255,1484,82942,65,149685
3262,0.00061,172.31.40.0-255,66,83008,65,149685
3263,0.000744,74.125.24.0-255,1484,84492,65,149685
3264,0.000752,74.125.24.0-255,2902,87394,65,149685
3265,0.000755,172.31.40.0-255,66,87460,65,149685
3266,0.000774,74.125.24.0-255,1484,88944,65,149685
3267,0.000792,74.125.24.0-255,4320,93264,65,149685
3268,0.000796,172.31.40.0-255,66,93330,65,149685
3269,0.000801,74.125.24.0-255,4320,97650,65,149685
3270,0.000803,172.31.40.0-255,66,97716,65,149685
3271,0.000829,172.31.40.0-255,66,97782,65,149685
3272,0.000841,172.31.40.0-255,66,97848,65,149685
3273,0.000894,74.125.24.0-255,1484,99332,65,149685
3274,0.000897,74.125.24.0-255,1484,100816,65,149685
3275,0.000902,172.31.40.0-255,66,100882,65,149685
3276,0.000911,74.125.24.0-255,1484,102366,65,149685
3277,0.000914,74.125.24.0-255,1484,103850,65,149685
3278,0.000918,172.31.40.0-255,66,103916,65,149685
3279,0.000935,74.125.24.0-255,4320,108236,65,149685
3280,0.000937,172.31.40.0-255,66,108302,65,149685
3281,0.000981,74.125.24.0-255,7156,115458,65,149685
3282,0.000984,172.31.40.0-255,66,115524,65,149685
3283,0.001014,74.125.24.0-255,5738,121262,65,149685
3284,0.001017,172.31.40.0-255,66,121328,65,149685
3285,0.001029,172.31.40.0-255,66,121394,65,149685
3286,0.001041,172.31.40.0-255,66,121460,65,149685
3287,0.00106,172.31.40.0-255,66,121526,65,149685
3288,0.001082,74.125.24.0-255,2184,123710,65,149685
3289,0.001084,172.31.40.0-255,66,123776,65,149685
3290,0.001134,74.125.24.0-255,1484,125260,65,149685
3291,0.001153,74.125.24.0-255,2902,128162,65,149685
3292,0.001157,172.31.40.0-255,66,128228,65,149685
3293,0.001163,74.125.24.0-255,5738,133966,65,149685
3294,0.001165,172.31.40.0-255,66,134032,65,149685
3295,0.001207,172.31.40.0-255,66,134098,65,149685
3296,0.001236,172.31.40.0-255,66,134164,65,149685
3297,0.001247,74.125.24.0-255,2184,136348,65,149685
3298,0.001249,172.31.40.0-255,66,136414,65,149685
3299,0.001315,74.125.24.0-255,1484,137898,65,149685
3300,0.001321,74.125.24.0-255,2902,140800,65,149685
3301,0.001324,172.31.40.0-255,66,140866,65,149685
3302,0.001328,74.125.24.0-255,1484,142350,65,149685
3303,0.001346,74.125.24.0-255,4320,146670,65,149685
3304,0.00135,172.31.40.0-255,66,146736,65,149685
3305,0.001391,172.31.40.0-255,66,146802,65,149685
3306,0.001404,172.31.40.0-255,66,146868,65,149685
3307,0.001422,74.125.24.0-255,766,147634,65,149685
3308,0.001436,172.31.40.0-255,66,147700,65,149685
3309,0.001477,172.31.40.0-255,66,147766,65,149685
3310,0.001487,172.31.40.0-255,66,147832,65,149685
3311,0.001489,74.125.24.0-255,1484,149316,65,149685
3312,0.00154,172.31.40.0-255,66,149382,65,149685
3313,0.001565,172.31.40.0-255,66,149448,65,149685
3314,0.001588,172.31.40.0-255,66,149514,65,149685
3315,0.001591,74.125.24.0-255,105,149619,65,149685
3316,0.009958,172.31.40.0-255,66,149685,65,149685
3317,0.0,172.31.40.0-255,105,105,65,525
3318,0.000229,172.31.40.0-255,90,195,65,525
3319,0.00024,172.31.40.0-255,66,261,65,525
3320,0.002297,74.125.24.0-255,66,327,65,525
3321,0.002311,74.125.24.0-255,66,393,65,525
3322,0.002317,172.31.40.0-255,66,459,65,525
3323,0.00232,74.125.24.0-255,66,525,65,525
3324,0.0,172.217.194.0-255,152,152,65,154396
3325,1.5e-05,172.31.40.0-255,66,218,65,154396
3326,2e-05,172.217.194.0-255,1484,1702,65,154396
3327,2.5e-05,172.31.40.0-255,66,1768,65,154396
3328,3.1e-05,172.217.194.0-255,2902,4670,65,154396
3329,3.3e-05,172.31.40.0-255,66,4736,65,154396
3330,4e-05,172.217.194.0-255,7156,11892,65,154396
3331,4.2e-05,172.31.40.0-255,66,11958,65,154396
3332,8e-05,172.31.40.0-255,66,12024,65,154396
3333,9.7e-05,172.217.194.0-255,2902,14926,65,154396
3334,9.9e-05,172.31.40.0-255,66,14992,65,154396
3335,0.000122,172.217.194.0-255,5379,20371,65,154396
3336,0.000125,172.31.40.0-255,66,20437,65,154396
3337,0.000151,172.31.40.0-255,66,20503,65,154396
3338,0.000155,172.217.194.0-255,2902,23405,65,154396
3339,0.000157,172.31.40.0-255,66,23471,65,154396
3340,0.000186,172.31.40.0-255,66,23537,65,154396
3341,0.000203,172.217.194.0-255,1484,25021,65,154396
3342,0.000206,172.31.40.0-255,66,25087,65,154396
3343,0.000235,172.31.40.0-255,66,25153,65,154396
3344,0.000237,172.217.194.0-255,382,25535,65,154396
3345,0.000239,172.31.40.0-255,66,25601,65,154396
3346,0.000449,172.217.194.0-255,1484,27085,65,154396
3347,0.000455,172.31.40.0-255,66,27151,65,154396
3348,0.000461,172.217.194.0-255,2902,30053,65,154396
3349,0.000464,172.31.40.0-255,66,30119,65,154396
3350,0.00047,172.217.194.0-255,5738,35857,65,154396
3351,0.000472,172.31.40.0-255,66,35923,65,154396
3352,0.000528,172.31.40.0-255,66,35989,65,154396
3353,0.000544,172.217.194.0-255,2902,38891,65,154396
3354,0.000546,172.31.40.0-255,66,38957,65,154396
3355,0.000557,172.31.40.0-255,66,39023,65,154396
3356,0.00056,172.217.194.0-255,766,39789,65,154396
3357,0.000887,172.217.194.0-255,1484,41273,65,154396
3358,0.000892,172.217.194.0-255,2902,44175,65,154396
3359,0.000895,172.217.194.0-255,1484,45659,65,154396
3360,0.0009,172.31.40.0-255,66,45725,65,154396
3361,0.000904,172.31.40.0-255,66,45791,65,154396
3362,0.000918,172.217.194.0-255,4320,50111,65,154396
3363,0.000921,172.31.40.0-255,66,50177,65,154396
3364,0.000927,172.217.194.0-255,4320,54497,65,154396
3365,0.000929,172.31.40.0-255,66,54563,65,154396
3366,0.00096,172.31.40.0-255,66,54629,65,154396
3367,0.000972,172.31.40.0-255,66,54695,65,154396
3368,0.001137,172.217.194.0-255,1484,56179,65,154396
3369,0.001143,172.217.194.0-255,2902,59081,65,154396
3370,0.001146,172.31.40.0-255,66,59147,65,154396
3371,0.001149,172.217.194.0-255,1484,60631,65,154396
3372,0.00117,172.217.194.0-255,4320,64951,65,154396
3373,0.001173,172.31.40.0-255,66,65017,65,154396
3374,0.001193,172.217.194.0-255,5738,70755,65,154396
3375,0.001196,172.31.40.0-255,66,70821,65,154396
3376,0.001222,172.217.194.0-255,7156,77977,65,154396
3377,0.001224,172.31.40.0-255,66,78043,65,154396
3378,0.001236,172.31.40.0-255,66,78109,65,154396
3379,0.001254,172.217.194.0-255,2184,80293,65,154396
3380,0.001257,172.31.40.0-255,66,80359,65,154396
3381,0.001376,172.217.194.0-255,1484,81843,65,154396
3382,0.001395,172.217.194.0-255,2902,84745,65,154396
3383,0.001399,172.31.40.0-255,66,84811,65,154396
3384,0.001406,172.217.194.0-255,5738,90549,65,154396
3385,0.001408,172.31.40.0-255,66,90615,65,154396
3386,0.001441,172.217.194.0-255,7156,97771,65,154396
3387,0.001444,172.31.40.0-255,66,97837,65,154396
3388,0.001455,172.31.40.0-255,66,97903,65,154396
3389,0.001485,172.31.40.0-255,66,97969,65,154396
3390,0.001488,172.217.194.0-255,1484,99453,65,154396
3391,0.001504,172.217.194.0-255,7156,106609,65,154396
3392,0.001507,172.31.40.0-255,66,106675,65,154396
3393,0.001551,172.31.40.0-255,66,106741,65,154396
3394,0.001554,172.217.194.0-255,1484,108225,65,154396
3395,0.001603,172.31.40.0-255,66,108291,65,154396
3396,0.00162,172.31.40.0-255,66,108357,65,154396
3397,0.001654,172.31.40.0-255,66,108423,65,154396
3398,0.001658,172.217.194.0-255,2184,110607,65,154396
3399,0.001661,172.31.40.0-255,66,110673,65,154396
3400,0.0017,172.217.194.0-255,4320,114993,65,154396
3401,0.001702,172.31.40.0-255,66,115059,65,154396
3402,0.001762,172.31.40.0-255,66,115125,65,154396
3403,0.001775,172.217.194.0-255,2902,118027,65,154396
3404,0.001805,172.31.40.0-255,66,118093,65,154396
3405,0.001824,172.217.194.0-255,1484,119577,65,154396
3406,0.00183,172.217.194.0-255,2902,122479,65,154396
3407,0.001838,172.31.40.0-255,66,122545,65,154396
3408,0.00185,172.217.194.0-255,5738,128283,65,154396
3409,0.001855,172.31.40.0-255,66,128349,65,154396
3410,0.001887,172.217.194.0-255,1484,129833,65,154396
3411,0.001893,172.217.194.0-255,5738,135571,65,154396
3412,0.001899,172.31.40.0-255,66,135637,65,154396
3413,0.001906,172.217.194.0-255,1484,137121,65,154396
3414,0.001911,172.217.194.0-255,2184,139305,65,154396
3415,0.001916,172.31.40.0-255,66,139371,65,154396
3416,0.001925,172.217.194.0-255,2902,142273,65,154396
3417,0.001927,172.217.194.0-255,1484,143757,65,154396
3418,0.001944,172.217.194.0-255,5738,149495,65,154396
3419,0.001954,172.217.194.0-255,1484,150979,65,154396
3420,0.00197,172.217.194.0-255,2902,153881,65,154396
3421,0.001974,172.31.40.0-255,66,153947,65,154396
3422,0.001999,172.217.194.0-255,212,154159,65,154396
3423,0.002003,172.31.40.0-255,66,154225,65,154396
3424,0.002032,172.31.40.0-255,66,154291,65,154396
3425,0.002045,172.217.194.0-255,105,154396,65,154396
3426,0.0,216.58.221.0-255,156,156,65,198221
3427,2.5e-05,172.31.40.0-255,66,222,65,198221
3428,3.2e-05,216.58.221.0-255,1484,1706,65,198221
3429,3.7e-05,172.31.40.0-255,66,1772,65,198221
3430,5e-05,216.58.221.0-255,2902,4674,65,198221
3431,5.5e-05,172.31.40.0-255,66,4740,65,198221
3432,6.1e-05,216.58.221.0-255,4320,9060,65,198221
3433,6.4e-05,172.31.40.0-255,66,9126,65,198221
3434,8.5e-05,216.58.221.0-255,1484,10610,65,198221
3435,8.7e-05,172.31.40.0-255,66,10676,65,198221
3436,0.000118,216.58.221.0-255,3515,14191,65,198221
3437,0.000122,172.31.40.0-255,66,14257,65,198221
3438,0.000146,216.58.221.0-255,1484,15741,65,198221
3439,0.000149,172.31.40.0-255,66,15807,65,198221
3440,0.000153,216.58.221.0-255,1484,17291,65,198221
3441,0.000154,172.31.40.0-255,66,17357,65,198221
3442,0.000172,216.58.221.0-255,1484,18841,65,198221
3443,0.000174,172.31.40.0-255,66,18907,65,198221
3444,0.000181,216.58.221.0-255,5738,24645,65,198221
3445,0.000184,172.31.40.0-255,66,24711,65,198221
3446,0.000196,216.58.221.0-255,6797,31508,65,198221
3447,0.000199,172.31.40.0-255,66,31574,65,198221
3448,0.000249,216.58.221.0-255,1484,33058,65,198221
3449,0.000251,172.31.40.0-255,66,33124,65,198221
3450,0.000256,216.58.221.0-255,2902,36026,65,198221
3451,0.000259,172.31.40.0-255,66,36092,65,198221
3452,0.00027,216.58.221.0-255,5738,41830,65,198221
3453,0.000273,172.31.40.0-255,66,41896,65,198221
3454,0.000308,216.58.221.0-255,6797,48693,65,198221
3455,0.000311,172.31.40.0-255,66,48759,65,198221
3456,0.000509,216.58.221.0-255,1484,50243,65,198221
3457,0.000514,172.31.40.0-255,66,50309,65,198221
3458,0.00052,216.58.221.0-255,2902,53211,65,198221
3459,0.000523,172.31.40.0-255,66,53277,65,198221
3460,0.000534,216.58.221.0-255,2902,56179,65,198221
3461,0.000536,172.31.40.0-255,66,56245,65,198221
3462,0.000567,216.58.221.0-255,1484,57729,65,198221
3463,0.000574,216.58.221.0-255,5738,63467,65,198221
3464,0.000577,172.31.40.0-255,66,63533,65,198221
3465,0.000602,216.58.221.0-255,2839,66372,65,198221
3466,0.000605,172.31.40.0-255,66,66438,65,198221
3467,0.001137,216.58.221.0-255,380,66818,65,198221
3468,0.001197,172.31.40.0-255,66,66884,65,198221
3469,0.001237,216.58.221.0-255,1484,68368,65,198221
3470,0.001243,216.58.221.0-255,2902,71270,65,198221
3471,0.001246,172.31.40.0-255,66,71336,65,198221
3472,0.001272,216.58.221.0-255,5738,77074,65,198221
3473,0.001274,172.31.40.0-255,66,77140,65,198221
3474,0.0013,216.58.221.0-255,6797,83937,65,198221
3475,0.001302,172.31.40.0-255,66,84003,65,198221
3476,0.001342,216.58.221.0-255,7156,91159,65,198221
3477,0.001345,172.31.40.0-255,66,91225,65,198221
3478,0.001349,216.58.221.0-255,2902,94127,65,198221
3479,0.001352,172.31.40.0-255,66,94193,65,198221
3480,0.001381,216.58.221.0-255,1484,95677,65,198221
3481,0.001387,216.58.221.0-255,5379,101056,65,198221
3482,0.00139,172.31.40.0-255,66,101122,65,198221
3483,0.001419,216.58.221.0-255,1484,102606,65,198221
3484,0.001432,216.58.221.0-255,2902,105508,65,198221
3485,0.001436,172.31.40.0-255,66,105574,65,198221
3486,0.001457,216.58.221.0-255,4320,109894,65,198221
3487,0.001459,172.31.40.0-255,66,109960,65,198221
3488,0.001465,216.58.221.0-255,4320,114280,65,198221
3489,0.001468,172.31.40.0-255,66,114346,65,198221
3490,0.001493,216.58.221.0-255,1484,115830,65,198221
3491,0.001498,216.58.221.0-255,1877,117707,65,198221
3492,0.001506,172.31.40.0-255,66,117773,65,198221
3493,0.001665,216.58.221.0-255,1484,119257,65,198221
3494,0.001669,216.58.221.0-255,1484,120741,65,198221
3495,0.001672,172.31.40.0-255,66,120807,65,198221
3496,0.001706,216.58.221.0-255,1484,122291,65,198221
3497,0.001713,216.58.221.0-255,5738,128029,65,198221
3498,0.001715,172.31.40.0-255,66,128095,65,198221
3499,0.001722,216.58.221.0-255,5738,133833,65,198221
3500,0.001725,172.31.40.0-255,66,133899,65,198221
3501,0.001764,216.58.221.0-255,1822,135721,65,198221
3502,0.001768,172.31.40.0-255,66,135787,65,198221
3503,0.001811,216.58.221.0-255,1484,137271,65,198221
3504,0.001829,216.58.221.0-255,2902,140173,65,198221
3505,0.001832,172.31.40.0-255,66,140239,65,198221
3506,0.001838,216.58.221.0-255,4320,144559,65,198221
3507,0.00184,172.31.40.0-255,66,144625,65,198221
3508,0.001861,216.58.221.0-255,1484,146109,65,198221
3509,0.001865,216.58.221.0-255,2902,149011,65,198221
3510,0.001867,172.31.40.0-255,66,149077,65,198221
3511,0.001897,216.58.221.0-255,4320,153397,65,198221
3512,0.0019,172.31.40.0-255,66,153463,65,198221
3513,0.001906,216.58.221.0-255,4320,157783,65,198221
3514,0.001908,172.31.40.0-255,66,157849,65,198221
3515,0.001928,216.58.221.0-255,4320,162169,65,198221
3516,0.001931,172.31.40.0-255,66,162235,65,198221
3517,0.00194,216.58.221.0-255,4320,166555,65,198221
3518,0.001943,172.31.40.0-255,66,166621,65,198221
3519,0.00197,216.58.221.0-255,3602,170223,65,198221
3520,0.002009,172.31.40.0-255,66,170289,65,198221
3521,0.002081,216.58.221.0-255,1484,171773,65,198221
3522,0.002084,216.58.221.0-255,1484,173257,65,198221
3523,0.00209,172.31.40.0-255,66,173323,65,198221
3524,0.002099,216.58.221.0-255,1484,174807,65,198221
3525,0.002103,216.58.221.0-255,1484,176291,65,198221
3526,0.002109,172.31.40.0-255,66,176357,65,198221
3527,0.00214,216.58.221.0-255,4320,180677,65,198221
3528,0.002143,172.31.40.0-255,66,180743,65,198221
3529,0.002146,216.58.221.0-255,1484,182227,65,198221
3530,0.00424,216.58.221.0-255,4320,186547,65,198221
3531,0.004247,172.31.40.0-255,66,186613,65,198221
3532,0.006338,216.58.221.0-255,5738,192351,65,198221
3533,0.006342,172.31.40.0-255,66,192417,65,198221
3534,0.008444,216.58.221.0-255,5738,198155,65,198221
3535,0.008451,172.31.40.0-255,66,198221,65,198221
3536,0.0,172.217.194.0-255,156,156,65,195462
3537,2.2e-05,172.31.40.0-255,66,222,65,195462
3538,5.3e-05,172.217.194.0-255,1484,1706,65,195462
3539,5.7e-05,172.31.40.0-255,66,1772,65,195462
3540,6.2e-05,172.217.194.0-255,2902,4674,65,195462
3541,6.4e-05,172.31.40.0-255,66,4740,65,195462
3542,9.2e-05,172.217.194.0-255,5738,10478,65,195462
3543,9.5e-05,172.31.40.0-255,66,10544,65,195462
3544,0.0001,172.217.194.0-255,4924,15468,65,195462
3545,0.000102,172.31.40.0-255,66,15534,65,195462
3546,0.000132,172.217.194.0-255,7156,22690,65,195462
3547,0.000138,172.31.40.0-255,66,22756,65,195462
3548,0.000163,172.217.194.0-255,5738,28494,65,195462
3549,0.000165,172.31.40.0-255,66,28560,65,195462
3550,0.000168,172.217.194.0-255,2543,31103,65,195462
3551,0.000171,172.31.40.0-255,66,31169,65,195462
3552,0.000223,172.217.194.0-255,1484,32653,65,195462
3553,0.000226,172.31.40.0-255,66,32719,65,195462
3554,0.000231,172.217.194.0-255,2902,35621,65,195462
3555,0.000232,172.31.40.0-255,66,35687,65,195462
3556,0.000261,172.217.194.0-255,5738,41425,65,195462
3557,0.000263,172.31.40.0-255,66,41491,65,195462
3558,0.000295,172.217.194.0-255,5738,47229,65,195462
3559,0.000297,172.31.40.0-255,66,47295,65,195462
3560,0.0003,172.217.194.0-255,1125,48420,65,195462
3561,0.000301,172.31.40.0-255,66,48486,65,195462
3562,0.000338,172.217.194.0-255,1484,49970,65,195462
3563,0.00034,172.31.40.0-255,66,50036,65,195462
3564,0.000367,172.217.194.0-255,2902,52938,65,195462
3565,0.00037,172.31.40.0-255,66,53004,65,195462
3566,0.000377,172.217.194.0-255,5738,58742,65,195462
3567,0.000379,172.31.40.0-255,66,58808,65,195462
3568,0.000415,172.217.194.0-255,5738,64546,65,195462
3569,0.000418,172.31.40.0-255,66,64612,65,195462
3570,0.000439,172.217.194.0-255,1458,66070,65,195462
3571,0.000662,172.217.194.0-255,374,66444,65,195462
3572,0.000667,172.31.40.0-255,66,66510,65,195462
3573,0.000846,172.217.194.0-255,1484,67994,65,195462
3574,0.000852,172.217.194.0-255,2902,70896,65,195462
3575,0.000856,172.31.40.0-255,66,70962,65,195462
3576,0.000859,172.217.194.0-255,1484,72446,65,195462
3577,0.000884,172.217.194.0-255,4320,76766,65,195462
3578,0.000887,172.31.40.0-255,66,76832,65,195462
3579,0.000892,172.217.194.0-255,4320,81152,65,195462
3580,0.000894,172.31.40.0-255,66,81218,65,195462
3581,0.000931,172.31.40.0-255,66,81284,65,195462
3582,0.000945,172.31.40.0-255,66,81350,65,195462
3583,0.00171,172.217.194.0-255,1484,82834,65,195462
3584,0.00172,172.217.194.0-255,2902,85736,65,195462
3585,0.001724,172.31.40.0-255,66,85802,65,195462
3586,0.001733,172.217.194.0-255,5738,91540,65,195462
3587,0.001735,172.31.40.0-255,66,91606,65,195462
3588,0.001762,172.217.194.0-255,5738,97344,65,195462
3589,0.001765,172.31.40.0-255,66,97410,65,195462
3590,0.001805,172.31.40.0-255,66,97476,65,195462
3591,0.001812,172.217.194.0-255,5020,102496,65,195462
3592,0.001814,172.31.40.0-255,66,102562,65,195462
3593,0.001977,172.217.194.0-255,1484,104046,65,195462
3594,0.001999,172.217.194.0-255,2902,106948,65,195462
3595,0.002002,172.31.40.0-255,66,107014,65,195462
3596,0.002006,172.217.194.0-255,1484,108498,65,195462
3597,0.002036,172.217.194.0-255,5738,114236,65,195462
3598,0.002038,172.31.40.0-255,66,114302,65,195462
3599,0.002086,172.217.194.0-255,7156,121458,65,195462
3600,0.002089,172.31.40.0-255,66,121524,65,195462
3601,0.002113,172.217.194.0-255,5738,127262,65,195462
3602,0.002116,172.31.40.0-255,66,127328,65,195462
3603,0.002154,172.31.40.0-255,66,127394,65,195462
3604,0.002674,172.217.194.0-255,1484,128878,65,195462
3605,0.002679,172.217.194.0-255,1484,130362,65,195462
3606,0.002683,172.31.40.0-255,66,130428,65,195462
3607,0.002695,172.217.194.0-255,1484,131912,65,195462
3608,0.002703,172.217.194.0-255,2902,134814,65,195462
3609,0.002705,172.31.40.0-255,66,134880,65,195462
3610,0.002731,172.217.194.0-255,2902,137782,65,195462
3611,0.002733,172.31.40.0-255,66,137848,65,195462
3612,0.002738,172.217.194.0-255,4320,142168,65,195462
3613,0.002741,172.31.40.0-255,66,142234,65,195462
3614,0.002743,172.217.194.0-255,1484,143718,65,195462
3615,0.002787,172.31.40.0-255,66,143784,65,195462
3616,0.00279,172.217.194.0-255,1484,145268,65,195462
3617,0.002794,172.217.194.0-255,2184,147452,65,195462
3618,0.002796,172.31.40.0-255,66,147518,65,195462
3619,0.003034,172.217.194.0-255,1484,149002,65,195462
3620,0.003051,172.217.194.0-255,2902,151904,65,195462
3621,0.003054,172.31.40.0-255,66,151970,65,195462
3622,0.003057,172.217.194.0-255,1484,153454,65,195462
3623,0.003083,172.217.194.0-255,4320,157774,65,195462
3624,0.003085,172.31.40.0-255,66,157840,65,195462
3625,0.003092,172.217.194.0-255,7156,164996,65,195462
3626,0.003095,172.31.40.0-255,66,165062,65,195462
3627,0.003139,172.31.40.0-255,66,165128,65,195462
3628,0.003183,172.31.40.0-255,66,165194,65,195462
3629,0.003204,172.31.40.0-255,66,165260,65,195462
3630,0.003219,172.31.40.0-255,66,165326,65,195462
3631,0.003241,172.217.194.0-255,1484,166810,65,195462
3632,0.003246,172.217.194.0-255,2902,169712,65,195462
3633,0.003248,172.31.40.0-255,66,169778,65,195462
3634,0.003254,172.217.194.0-255,5738,175516,65,195462
3635,0.003256,172.31.40.0-255,66,175582,65,195462
3636,0.003318,172.217.194.0-255,4320,179902,65,195462
3637,0.00332,172.31.40.0-255,66,179968,65,195462
3638,0.003356,172.31.40.0-255,66,180034,65,195462
3639,0.003367,172.31.40.0-255,66,180100,65,195462
3640,0.003385,172.31.40.0-255,66,180166,65,195462
3641,0.003398,172.31.40.0-255,66,180232,65,195462
3642,0.003428,172.217.194.0-255,2902,183134,65,195462
3643,0.00343,172.31.40.0-255,66,183200,65,195462
3644,0.003433,172.217.194.0-255,766,183966,65,195462
3645,0.003444,172.31.40.0-255,66,184032,65,195462
3646,0.003462,172.31.40.0-255,66,184098,65,195462
3647,0.003491,172.217.194.0-255,6438,190536,65,195462
3648,0.003493,172.31.40.0-255,66,190602,65,195462
3649,0.003495,172.217.194.0-255,1484,192086,65,195462
3650,0.003532,172.31.40.0-255,66,192152,65,195462
3651,0.003535,172.217.194.0-255,2902,195054,65,195462
3652,0.003537,172.31.40.0-255,66,195120,65,195462
3653,0.003591,172.31.40.0-255,66,195186,65,195462
3654,0.003594,172.217.194.0-255,105,195291,65,195462
3655,0.007855,172.31.40.0-255,66,195357,65,195462
3656,0.007887,172.31.40.0-255,105,195462,65,195462
3657,0.0,172.217.194.0-255,153,153,65,188281
3658,4.4e-05,172.31.40.0-255,66,219,65,188281
3659,5.1e-05,172.217.194.0-255,1484,1703,65,188281
3660,5.6e-05,172.31.40.0-255,66,1769,65,188281
3661,6.2e-05,172.217.194.0-255,2902,4671,65,188281
3662,6.6e-05,172.31.40.0-255,66,4737,65,188281
3663,7.3e-05,172.217.194.0-255,7156,11893,65,188281
3664,7.7e-05,172.31.40.0-255,66,11959,65,188281
3665,8.1e-05,172.217.194.0-255,2066,14025,65,188281
3666,8.4e-05,172.31.40.0-255,66,14091,65,188281
3667,0.00011,172.217.194.0-255,2902,16993,65,188281
3668,0.000114,172.31.40.0-255,66,17059,65,188281
3669,0.000136,172.217.194.0-255,7156,24215,65,188281
3670,0.000138,172.31.40.0-255,66,24281,65,188281
3671,0.000141,172.217.194.0-255,1484,25765,65,188281
3672,0.000143,172.31.40.0-255,66,25831,65,188281
3673,0.000174,172.31.40.0-255,66,25897,65,188281
3674,0.000191,172.217.194.0-255,6797,32694,65,188281
3675,0.000194,172.31.40.0-255,66,32760,65,188281
3676,0.000202,172.217.194.0-255,6797,39557,65,188281
3677,0.000204,172.31.40.0-255,66,39623,65,188281
3678,0.000223,172.217.194.0-255,1484,41107,65,188281
3679,0.000225,172.31.40.0-255,66,41173,65,188281
3680,0.000246,172.217.194.0-255,1484,42657,65,188281
3681,0.000248,172.31.40.0-255,66,42723,65,188281
3682,0.000253,172.217.194.0-255,4320,47043,65,188281
3683,0.000255,172.31.40.0-255,66,47109,65,188281
3684,0.000266,172.31.40.0-255,66,47175,65,188281
3685,0.000269,172.217.194.0-255,1437,48612,65,188281
3686,0.000271,172.31.40.0-255,66,48678,65,188281
3687,0.000696,172.217.194.0-255,99,48777,65,188281
3688,0.000775,172.217.194.0-255,1484,50261,65,188281
3689,0.000779,172.31.40.0-255,66,50327,65,188281
3690,0.000785,172.217.194.0-255,2902,53229,65,188281
3691,0.000786,172.31.40.0-255,66,53295,65,188281
3692,0.000789,172.217.194.0-255,1484,54779,65,188281
3693,0.000815,172.31.40.0-255,66,54845,65,188281
3694,0.000837,172.217.194.0-255,2902,57747,65,188281
3695,0.000842,172.31.40.0-255,66,57813,65,188281
3696,0.000851,172.217.194.0-255,2543,60356,65,188281
3697,0.000853,172.31.40.0-255,66,60422,65,188281
3698,0.000859,172.217.194.0-255,5738,66160,65,188281
3699,0.000862,172.31.40.0-255,66,66226,65,188281
3700,0.000923,172.217.194.0-255,7156,73382,65,188281
3701,0.000926,172.31.40.0-255,66,73448,65,188281
3702,0.000941,172.217.194.0-255,1125,74573,65,188281
3703,0.001025,172.217.194.0-255,1484,76057,65,188281
3704,0.001029,172.31.40.0-255,66,76123,65,188281
3705,0.001034,172.217.194.0-255,2902,79025,65,188281
3706,0.001036,172.31.40.0-255,66,79091,65,188281
3707,0.001039,172.217.194.0-255,1484,80575,65,188281
3708,0.001057,172.217.194.0-255,4320,84895,65,188281
3709,0.00106,172.31.40.0-255,66,84961,65,188281
3710,0.001066,172.217.194.0-255,5738,90699,65,188281
3711,0.001068,172.31.40.0-255,66,90765,65,188281
3712,0.001089,172.217.194.0-255,4320,95085,65,188281
3713,0.001092,172.31.40.0-255,66,95151,65,188281
3714,0.001104,172.217.194.0-255,7156,102307,65,188281
3715,0.001107,172.31.40.0-255,66,102373,65,188281
3716,0.00113,172.217.194.0-255,6438,108811,65,188281
3717,0.001134,172.31.40.0-255,66,108877,65,188281
3718,0.001302,172.217.194.0-255,1484,110361,65,188281
3719,0.001308,172.217.194.0-255,2902,113263,65,188281
3720,0.001311,172.31.40.0-255,66,113329,65,188281
3721,0.001324,172.217.194.0-255,1484,114813,65,188281
3722,0.001346,172.217.194.0-255,4320,119133,65,188281
3723,0.001349,172.31.40.0-255,66,119199,65,188281
3724,0.001356,172.217.194.0-255,5738,124937,65,188281
3725,0.001358,172.31.40.0-255,66,125003,65,188281
3726,0.001371,172.217.194.0-255,2902,127905,65,188281
3727,0.001373,172.31.40.0-255,66,127971,65,188281
3728,0.001392,172.217.194.0-255,5738,133709,65,188281
3729,0.001394,172.31.40.0-255,66,133775,65,188281
3730,0.001456,172.31.40.0-255,66,133841,65,188281
3731,0.001459,172.31.40.0-255,66,133907,65,188281
3732,0.001462,172.217.194.0-255,1484,135391,65,188281
3733,0.00149,172.31.40.0-255,66,135457,65,188281
3734,0.001505,172.217.194.0-255,3602,139059,65,188281
3735,0.001508,172.31.40.0-255,66,139125,65,188281
3736,0.001524,172.31.40.0-255,66,139191,65,188281
3737,0.001531,172.217.194.0-255,7156,146347,65,188281
3738,0.001534,172.31.40.0-255,66,146413,65,188281
3739,0.001548,172.217.194.0-255,4320,150733,65,188281
3740,0.001551,172.31.40.0-255,66,150799,65,188281
3741,0.001577,172.217.194.0-255,5738,156537,65,188281
3742,0.00158,172.31.40.0-255,66,156603,65,188281
3743,0.001619,172.31.40.0-255,66,156669,65,188281
3744,0.001641,172.217.194.0-255,3602,160271,65,188281
3745,0.001643,172.31.40.0-255,66,160337,65,188281
3746,0.001664,172.31.40.0-255,66,160403,65,188281
3747,0.001689,172.217.194.0-255,5020,165423,65,188281
3748,0.001728,172.217.194.0-255,5738,171161,65,188281
3749,0.001732,172.31.40.0-255,66,171227,65,188281
3750,0.001735,172.31.40.0-255,66,171293,65,188281
3751,0.001747,172.217.194.0-255,7156,178449,65,188281
3752,0.001749,172.31.40.0-255,66,178515,65,188281
3753,0.001764,172.31.40.0-255,66,178581,65,188281
3754,0.0018,172.31.40.0-255,66,178647,65,188281
3755,0.001838,172.217.194.0-255,3602,182249,65,188281
3756,0.001842,172.31.40.0-255,66,182315,65,188281
3757,0.001874,172.31.40.0-255,66,182381,65,188281
3758,0.001887,172.217.194.0-255,2184,184565,65,188281
3759,0.001916,172.31.40.0-255,66,184631,65,188281
3760,0.001942,172.217.194.0-255,3584,188215,65,188281
3761,0.001946,172.31.40.0-255,66,188281,65,188281
3762,0.0,172.31.40.0-255,105,105,65,276
3763,0.001763,157.240.24.0-255,105,210,65,276
3764,0.001779,172.31.40.0-255,66,276,65,276
3765,0.0,172.217.194.0-255,153,153,65,246392
3766,2.3e-05,172.31.40.0-255,66,219,65,246392
3767,3.1e-05,172.217.194.0-255,1484,1703,65,246392
3768,3.6e-05,172.31.40.0-255,66,1769,65,246392
3769,4.2e-05,172.217.194.0-255,2902,4671,65,246392
3770,5.3e-05,172.31.40.0-255,66,4737,65,246392
3771,6.1e-05,172.217.194.0-255,7156,11893,65,246392
3772,6.3e-05,172.31.40.0-255,66,11959,65,246392
3773,6.7e-05,172.217.194.0-255,2096,14055,65,246392
3774,7e-05,172.31.40.0-255,66,14121,65,246392
3775,8.2e-05,172.31.40.0-255,66,14187,65,246392
3776,0.000125,172.217.194.0-255,5379,19566,65,246392
3777,0.000129,172.31.40.0-255,66,19632,65,246392
3778,0.000153,172.217.194.0-255,1484,21116,65,246392
3779,0.000156,172.31.40.0-255,66,21182,65,246392
3780,0.000161,172.217.194.0-255,2902,24084,65,246392
3781,0.000162,172.31.40.0-255,66,24150,65,246392
3782,0.000191,172.217.194.0-255,5738,29888,65,246392
3783,0.000194,172.31.40.0-255,66,29954,65,246392
3784,0.000199,172.217.194.0-255,4320,34274,65,246392
3785,0.000202,172.31.40.0-255,66,34340,65,246392
3786,0.000236,172.217.194.0-255,1484,35824,65,246392
3787,0.000238,172.31.40.0-255,66,35890,65,246392
3788,0.000255,172.31.40.0-255,66,35956,65,246392
3789,0.000284,172.217.194.0-255,5292,41248,65,246392
3790,0.000286,172.31.40.0-255,66,41314,65,246392
3791,0.000289,172.217.194.0-255,121,41435,65,246392
3792,0.000291,172.31.40.0-255,66,41501,65,246392
3793,0.000388,172.217.194.0-255,1484,42985,65,246392
3794,0.000392,172.31.40.0-255,66,43051,65,246392
3795,0.000398,172.217.194.0-255,2902,45953,65,246392
3796,0.000401,172.31.40.0-255,66,46019,65,246392
3797,0.000413,172.217.194.0-255,5738,51757,65,246392
3798,0.000415,172.31.40.0-255,66,51823,65,246392
3799,0.000442,172.217.194.0-255,4320,56143,65,246392
3800,0.000444,172.31.40.0-255,66,56209,65,246392
3801,0.000474,172.31.40.0-255,66,56275,65,246392
3802,0.000487,172.31.40.0-255,66,56341,65,246392
3803,0.000522,172.31.40.0-255,66,56407,65,246392
3804,0.00053,172.217.194.0-255,6532,62939,65,246392
3805,0.000532,172.31.40.0-255,66,63005,65,246392
3806,0.000619,172.217.194.0-255,1484,64489,65,246392
3807,0.000625,172.217.194.0-255,1484,65973,65,246392
3808,0.000628,172.31.40.0-255,66,66039,65,246392
3809,0.000644,172.217.194.0-255,1484,67523,65,246392
3810,0.000651,172.217.194.0-255,4320,71843,65,246392
3811,0.000653,172.31.40.0-255,66,71909,65,246392
3812,0.000682,172.217.194.0-255,1484,73393,65,246392
3813,0.00069,172.217.194.0-255,7156,80549,65,246392
3814,0.000692,172.31.40.0-255,66,80615,65,246392
3815,0.000732,172.31.40.0-255,66,80681,65,246392
3816,0.000757,172.217.194.0-255,4320,85001,65,246392
3817,0.00076,172.31.40.0-255,66,85067,65,246392
3818,0.000764,172.217.194.0-255,2184,87251,65,246392
3819,0.000767,172.31.40.0-255,66,87317,65,246392
3820,0.000771,172.217.194.0-255,2902,90219,65,246392
3821,0.000774,172.31.40.0-255,66,90285,65,246392
3822,0.000781,172.217.194.0-255,7156,97441,65,246392
3823,0.000783,172.31.40.0-255,66,97507,65,246392
3824,0.000789,172.217.194.0-255,5738,103245,65,246392
3825,0.000794,172.31.40.0-255,66,103311,65,246392
3826,0.00081,172.217.194.0-255,1125,104436,65,246392
3827,0.000859,172.217.194.0-255,1484,105920,65,246392
3828,0.000862,172.31.40.0-255,66,105986,65,246392
3829,0.000868,172.217.194.0-255,2902,108888,65,246392
3830,0.000871,172.31.40.0-255,66,108954,65,246392
3831,0.000882,172.217.194.0-255,5738,114692,65,246392
3832,0.000884,172.31.40.0-255,66,114758,65,246392
3833,0.000924,172.31.40.0-255,66,114824,65,246392
3834,0.000929,172.217.194.0-255,4320,119144,65,246392
3835,0.000931,172.31.40.0-255,66,119210,65,246392
3836,0.000965,172.217.194.0-255,6438,125648,65,246392
3837,0.000969,172.31.40.0-255,66,125714,65,246392
3838,0.000974,172.217.194.0-255,2902,128616,65,246392
3839,0.000976,172.31.40.0-255,66,128682,65,246392
3840,0.001009,172.217.194.0-255,4320,133002,65,246392
3841,0.001013,172.31.40.0-255,66,133068,65,246392
3842,0.001027,172.31.40.0-255,66,133134,65,246392
3843,0.001044,172.217.194.0-255,766,133900,65,246392
3844,0.001068,172.31.40.0-255,66,133966,65,246392
3845,0.001167,172.217.194.0-255,1484,135450,65,246392
3846,0.001173,172.217.194.0-255,2902,138352,65,246392
3847,0.001176,172.31.40.0-255,66,138418,65,246392
3848,0.00118,172.217.194.0-255,1484,139902,65,246392
3849,0.001198,172.217.194.0-255,4320,144222,65,246392
3850,0.001204,172.217.194.0-255,4320,148542,65,246392
3851,0.001225,172.217.194.0-255,5738,154280,65,246392
3852,0.00124,172.31.40.0-255,66,154346,65,246392
3853,0.001245,172.217.194.0-255,2902,157248,65,246392
3854,0.001306,172.31.40.0-255,66,157314,65,246392
3855,0.001661,172.217.194.0-255,1484,158798,65,246392
3856,0.001668,172.217.194.0-255,2902,161700,65,246392
3857,0.001671,172.31.40.0-255,66,161766,65,246392
3858,0.001675,172.217.194.0-255,1484,163250,65,246392
3859,0.001702,172.217.194.0-255,4320,167570,65,246392
3860,0.001704,172.31.40.0-255,66,167636,65,246392
3861,0.001712,172.217.194.0-255,5738,173374,65,246392
3862,0.001717,172.31.40.0-255,66,173440,65,246392
3863,0.00176,172.217.194.0-255,1484,174924,65,246392
3864,0.001767,172.217.194.0-255,5020,179944,65,246392
3865,0.001786,172.31.40.0-255,66,180010,65,246392
3866,0.001941,172.217.194.0-255,1484,181494,65,246392
3867,0.001956,172.217.194.0-255,2902,184396,65,246392
3868,0.001959,172.31.40.0-255,66,184462,65,246392
3869,0.001992,172.217.194.0-255,5738,190200,65,246392
3870,0.001999,172.31.40.0-255,66,190266,65,246392
3871,0.00201,172.217.194.0-255,5738,196004,65,246392
3872,0.002032,172.217.194.0-255,7156,203160,65,246392
3873,0.002057,172.31.40.0-255,66,203226,65,246392
3874,0.002063,172.217.194.0-255,2902,206128,65,246392
3875,0.0021,172.217.194.0-255,1484,207612,65,246392
3876,0.002122,172.217.194.0-255,7156,214768,65,246392
3877,0.002139,172.217.194.0-255,2902,217670,65,246392
3878,0.002145,172.217.194.0-255,4320,221990,65,246392
3879,0.002165,172.217.194.0-255,7156,229146,65,246392
3880,0.002179,172.217.194.0-255,1484,230630,65,246392
3881,0.002181,172.217.194.0-255,1484,232114,65,246392
3882,0.00222,172.217.194.0-255,4320,236434,65,246392
3883,0.002264,172.217.194.0-255,5738,242172,65,246392
3884,0.002266,172.217.194.0-255,1484,243656,65,246392
3885,0.002283,172.217.194.0-255,2460,246116,65,246392
3886,0.002286,172.217.194.0-255,105,246221,65,246392
3887,0.006439,172.31.40.0-255,66,246287,65,246392
3888,0.009042,172.31.40.0-255,105,246392,65,246392
3889,0.0,74.125.24.0-255,153,153,65,73974
3890,2e-05,172.31.40.0-255,66,219,65,73974
3891,2.7e-05,74.125.24.0-255,1484,1703,65,73974
3892,3.2e-05,172.31.40.0-255,66,1769,65,73974
3893,4.4e-05,74.125.24.0-255,2902,4671,65,73974
3894,4.8e-05,172.31.40.0-255,66,4737,65,73974
3895,5.6e-05,74.125.24.0-255,7156,11893,65,73974
3896,5.9e-05,172.31.40.0-255,66,11959,65,73974
3897,6.4e-05,74.125.24.0-255,2056,14015,65,73974
3898,6.7e-05,172.31.40.0-255,66,14081,65,73974
3899,0.000135,172.31.40.0-255,66,14147,65,73974
3900,0.000151,172.31.40.0-255,66,14213,65,73974
3901,0.000189,172.31.40.0-255,66,14279,65,73974
3902,0.000236,74.125.24.0-255,1484,15763,65,73974
3903,0.000238,172.31.40.0-255,66,15829,65,73974
3904,0.000243,74.125.24.0-255,2902,18731,65,73974
3905,0.000245,172.31.40.0-255,66,18797,65,73974
3906,0.000272,74.125.24.0-255,5738,24535,65,73974
3907,0.000274,172.31.40.0-255,66,24601,65,73974
3908,0.000316,74.125.24.0-255,5738,30339,65,73974
3909,0.000319,172.31.40.0-255,66,30405,65,73974
3910,0.000336,74.125.24.0-255,1713,32118,65,73974
3911,0.000338,172.31.40.0-255,66,32184,65,73974
3912,0.001132,74.125.24.0-255,1484,33668,65,73974
3913,0.001138,172.31.40.0-255,66,33734,65,73974
3914,0.001147,74.125.24.0-255,2902,36636,65,73974
3915,0.001149,172.31.40.0-255,66,36702,65,73974
3916,0.001161,74.125.24.0-255,5738,42440,65,73974
3917,0.001163,172.31.40.0-255,66,42506,65,73974
3918,0.001174,172.31.40.0-255,66,42572,65,73974
3919,0.00122,172.31.40.0-255,66,42638,65,73974
3920,0.001226,74.125.24.0-255,5020,47658,65,73974
3921,0.001228,172.31.40.0-255,66,47724,65,73974
3922,0.002647,74.125.24.0-255,1484,49208,65,73974
3923,0.002657,74.125.24.0-255,2902,52110,65,73974
3924,0.002661,172.31.40.0-255,66,52176,65,73974
3925,0.002694,74.125.24.0-255,4320,56496,65,73974
3926,0.002696,172.31.40.0-255,66,56562,65,73974
3927,0.002706,74.125.24.0-255,5738,62300,65,73974
3928,0.002707,172.31.40.0-255,66,62366,65,73974
3929,0.005375,74.125.24.0-255,5738,68104,65,73974
3930,0.005382,172.31.40.0-255,66,68170,65,73974
3931,0.008054,74.125.24.0-255,5738,73908,65,73974
3932,0.00806,172.31.40.0-255,66,73974,65,73974
3933,0.0,172.217.194.0-255,153,153,65,181555
3934,2e-05,172.31.40.0-255,66,219,65,181555
3935,2.7e-05,172.217.194.0-255,1484,1703,65,181555
3936,3.3e-05,172.31.40.0-255,66,1769,65,181555
3937,3.8e-05,172.217.194.0-255,2902,4671,65,181555
3938,4.2e-05,172.31.40.0-255,66,4737,65,181555
3939,4.6e-05,172.217.194.0-255,2902,7639,65,181555
3940,4.9e-05,172.31.40.0-255,66,7705,65,181555
3941,8.8e-05,172.217.194.0-255,6358,14063,65,181555
3942,9.2e-05,172.31.40.0-255,66,14129,65,181555
3943,0.000134,172.217.194.0-255,1484,15613,65,181555
3944,0.000137,172.31.40.0-255,66,15679,65,181555
3945,0.000142,172.217.194.0-255,2902,18581,65,181555
3946,0.000144,172.31.40.0-255,66,18647,65,181555
3947,0.00015,172.217.194.0-255,5738,24385,65,181555
3948,0.000153,172.31.40.0-255,66,24451,65,181555
3949,0.000171,172.217.194.0-255,1484,25935,65,181555
3950,0.000173,172.31.40.0-255,66,26001,65,181555
3951,0.000194,172.217.194.0-255,5379,31380,65,181555
3952,0.000197,172.31.40.0-255,66,31446,65,181555
3953,0.000204,172.217.194.0-255,7156,38602,65,181555
3954,0.000207,172.31.40.0-255,66,38668,65,181555
3955,0.00023,172.217.194.0-255,4320,42988,65,181555
3956,0.000232,172.31.40.0-255,66,43054,65,181555
3957,0.000249,172.217.194.0-255,5379,48433,65,181555
3958,0.000251,172.31.40.0-255,66,48499,65,181555
3959,0.00073,172.217.194.0-255,1484,49983,65,181555
3960,0.000736,172.31.40.0-255,66,50049,65,181555
3961,0.000742,172.217.194.0-255,2902,52951,65,181555
3962,0.000744,172.31.40.0-255,66,53017,65,181555
3963,0.000749,172.217.194.0-255,2902,55919,65,181555
3964,0.000751,172.31.40.0-255,66,55985,65,181555
3965,0.000778,172.217.194.0-255,2902,58887,65,181555
3966,0.000781,172.31.40.0-255,66,58953,65,181555
3967,0.0008,172.217.194.0-255,4320,63273,65,181555
3968,0.000804,172.31.40.0-255,66,63339,65,181555
3969,0.000815,172.217.194.0-255,2543,65882,65,181555
3970,0.000818,172.31.40.0-255,66,65948,65,181555
3971,0.000835,172.217.194.0-255,1484,67432,65,181555
3972,0.000839,172.217.194.0-255,1484,68916,65,181555
3973,0.000841,172.31.40.0-255,66,68982,65,181555
3974,0.000869,172.217.194.0-255,1484,70466,65,181555
3975,0.000876,172.217.194.0-255,5738,76204,65,181555
3976,0.000878,172.31.40.0-255,66,76270,65,181555
3977,0.000896,172.217.194.0-255,5738,82008,65,181555
3978,0.000898,172.31.40.0-255,66,82074,65,181555
3979,0.000925,172.31.40.0-255,66,82140,65,181555
3980,0.000928,172.217.194.0-255,1484,83624,65,181555
3981,0.000949,172.217.194.0-255,4320,87944,65,181555
3982,0.000952,172.31.40.0-255,66,88010,65,181555
3983,0.000974,172.217.194.0-255,4541,92551,65,181555
3984,0.000978,172.31.40.0-255,66,92617,65,181555
3985,0.001136,172.217.194.0-255,1484,94101,65,181555
3986,0.001141,172.217.194.0-255,2902,97003,65,181555
3987,0.001143,172.217.194.0-255,1484,98487,65,181555
3988,0.001149,172.31.40.0-255,66,98553,65,181555
3989,0.00116,172.217.194.0-255,4320,102873,65,181555
3990,0.001163,172.31.40.0-255,66,102939,65,181555
3991,0.001166,172.217.194.0-255,1484,104423,65,181555
3992,0.001201,172.31.40.0-255,66,104489,65,181555
3993,0.001223,172.217.194.0-255,5738,110227,65,181555
3994,0.001227,172.31.40.0-255,66,110293,65,181555
3995,0.001242,172.217.194.0-255,5020,115313,65,181555
3996,0.001244,172.31.40.0-255,66,115379,65,181555
3997,0.001249,172.217.194.0-255,2902,118281,65,181555
3998,0.001251,172.31.40.0-255,66,118347,65,181555
3999,0.001281,172.217.194.0-255,5738,124085,65,181555
4000,0.001284,172.31.40.0-255,66,124151,65,181555
4001,0.001296,172.31.40.0-255,66,124217,65,181555
4002,0.001343,172.31.40.0-255,66,124283,65,181555
4003,0.001365,172.217.194.0-255,5020,129303,65,181555
4004,0.001367,172.31.40.0-255,66,129369,65,181555
4005,0.001642,172.217.194.0-255,1484,130853,65,181555
4006,0.001648,172.217.194.0-255,2902,133755,65,181555
4007,0.001651,172.31.40.0-255,66,133821,65,181555
4008,0.001655,172.217.194.0-255,1484,135305,65,181555
4009,0.001672,172.217.194.0-255,4320,139625,65,181555
4010,0.001674,172.31.40.0-255,66,139691,65,181555
4011,0.001693,172.217.194.0-255,2902,142593,65,181555
4012,0.001695,172.31.40.0-255,66,142659,65,181555
4013,0.001723,172.31.40.0-255,66,142725,65,181555
4014,0.001736,172.31.40.0-255,66,142791,65,181555
4015,0.001791,172.217.194.0-255,1484,144275,65,181555
4016,0.001796,172.217.194.0-255,2902,147177,65,181555
4017,0.001801,172.31.40.0-255,66,147243,65,181555
4018,0.001824,172.217.194.0-255,5738,152981,65,181555
4019,0.001827,172.31.40.0-255,66,153047,65,181555
4020,0.001834,172.217.194.0-255,5738,158785,65,181555
4021,0.001836,172.31.40.0-255,66,158851,65,181555
4022,0.001875,172.31.40.0-255,66,158917,65,181555
4023,0.001892,172.217.194.0-255,2902,161819,65,181555
4024,0.001895,172.31.40.0-255,66,161885,65,181555
4025,0.001898,172.217.194.0-255,766,162651,65,181555
4026,0.001914,172.217.194.0-255,1484,164135,65,181555
4027,0.001917,172.31.40.0-255,66,164201,65,181555
4028,0.001961,172.31.40.0-255,66,164267,65,181555
4029,0.001976,172.31.40.0-255,66,164333,65,181555
4030,0.001979,172.217.194.0-255,766,165099,65,181555
4031,0.003018,172.31.40.0-255,66,165165,65,181555
4032,0.004258,172.217.194.0-255,4320,169485,65,181555
4033,0.004265,172.31.40.0-255,66,169551,65,181555
4034,0.005271,172.217.194.0-255,1484,171035,65,181555
4035,0.006513,172.217.194.0-255,1484,172519,65,181555
4036,0.006517,172.31.40.0-255,66,172585,65,181555
4037,0.006534,172.217.194.0-255,2902,175487,65,181555
4038,0.006536,172.31.40.0-255,66,175553,65,181555
4039,0.008798,172.217.194.0-255,2902,178455,65,181555
4040,0.008804,172.31.40.0-255,66,178521,65,181555
4041,0.008824,172.217.194.0-255,1484,180005,65,181555
4042,0.008835,172.217.194.0-255,1484,181489,65,181555
4043,0.008837,172.31.40.0-255,66,181555,65,181555
4044,0.0,74.125.130.0-255,156,156,65,376581
4045,1.8e-05,172.31.40.0-255,66,222,65,376581
4046,2.6e-05,74.125.130.0-255,1484,1706,65,376581
4047,3.1e-05,172.31.40.0-255,66,1772,65,376581
4048,4.5e-05,74.125.130.0-255,2902,4674,65,376581
4049,4.9e-05,172.31.40.0-255,66,4740,65,376581
4050,8.5e-05,74.125.130.0-255,2902,7642,65,376581
4051,8.7e-05,172.31.40.0-255,66,7708,65,376581
4052,9.4e-05,74.125.130.0-255,4320,12028,65,376581
4053,9.7e-05,172.31.40.0-255,66,12094,65,376581
4054,0.00013,74.125.130.0-255,2089,14183,65,376581
4055,0.000133,172.31.40.0-255,66,14249,65,376581
4056,0.000296,74.125.130.0-255,1484,15733,65,376581
4057,0.000301,172.31.40.0-255,66,15799,65,376581
4058,0.000332,74.125.130.0-255,1484,17283,65,376581
4059,0.000335,172.31.40.0-255,66,17349,65,376581
4060,0.00034,74.125.130.0-255,2902,20251,65,376581
4061,0.000343,172.31.40.0-255,66,20317,65,376581
4062,0.000347,74.125.130.0-255,1484,21801,65,376581
4063,0.000349,172.31.40.0-255,66,21867,65,376581
4064,0.00038,74.125.130.0-255,4320,26187,65,376581
4065,0.000383,172.31.40.0-255,66,26253,65,376581
4066,0.000386,74.125.130.0-255,1484,27737,65,376581
4067,0.000388,172.31.40.0-255,66,27803,65,376581
4068,0.000393,74.125.130.0-255,2902,30705,65,376581
4069,0.000396,172.31.40.0-255,66,30771,65,376581
4070,0.00045,74.125.130.0-255,2543,33314,65,376581
4071,0.000453,172.31.40.0-255,66,33380,65,376581
4072,0.000458,74.125.130.0-255,2902,36282,65,376581
4073,0.00046,172.31.40.0-255,66,36348,65,376581
4074,0.000465,74.125.130.0-255,4320,40668,65,376581
4075,0.000467,172.31.40.0-255,66,40734,65,376581
4076,0.000495,74.125.130.0-255,2902,43636,65,376581
4077,0.000498,172.31.40.0-255,66,43702,65,376581
4078,0.00053,74.125.130.0-255,5738,49440,65,376581
4079,0.000533,172.31.40.0-255,66,49506,65,376581
4080,0.000575,74.125.130.0-255,2902,52408,65,376581
4081,0.000578,172.31.40.0-255,66,52474,65,376581
4082,0.000583,74.125.130.0-255,2902,55376,65,376581
4083,0.000585,172.31.40.0-255,66,55442,65,376581
4084,0.000591,74.125.130.0-255,4320,59762,65,376581
4085,0.000593,172.31.40.0-255,66,59828,65,376581
4086,0.000632,74.125.130.0-255,6438,66266,65,376581
4087,0.000636,172.31.40.0-255,66,66332,65,376581
4088,0.000639,74.125.130.0-255,344,66676,65,376581
4089,0.000661,74.125.130.0-255,119,66795,65,376581
4090,0.000664,74.125.130.0-255,376,67171,65,376581
4091,0.001124,74.125.130.0-255,1484,68655,65,376581
4092,0.001128,172.31.40.0-255,66,68721,65,376581
4093,0.001147,74.125.130.0-255,2902,71623,65,376581
4094,0.001149,172.31.40.0-255,66,71689,65,376581
4095,0.001153,74.125.130.0-255,2902,74591,65,376581
4096,0.001155,172.31.40.0-255,66,74657,65,376581
4097,0.001173,74.125.130.0-255,4320,78977,65,376581
4098,0.001175,172.31.40.0-255,66,79043,65,376581
4099,0.001233,172.31.40.0-255,66,79109,65,376581
4100,0.001246,74.125.130.0-255,1484,80593,65,376581
4101,0.001262,74.125.130.0-255,4320,84913,65,376581
4102,0.001264,172.31.40.0-255,66,84979,65,376581
4103,0.001289,74.125.130.0-255,4320,89299,65,376581
4104,0.001291,172.31.40.0-255,66,89365,65,376581
4105,0.001295,74.125.130.0-255,1484,90849,65,376581
4106,0.001318,74.125.130.0-255,2184,93033,65,376581
4107,0.001321,172.31.40.0-255,66,93099,65,376581
4108,0.002099,74.125.130.0-255,1484,94583,65,376581
4109,0.002108,74.125.130.0-255,1484,96067,65,376581
4110,0.002111,172.31.40.0-255,66,96133,65,376581
4111,0.002136,74.125.130.0-255,2902,99035,65,376581
4112,0.002138,172.31.40.0-255,66,99101,65,376581
4113,0.002171,74.125.130.0-255,2902,102003,65,376581
4114,0.002173,172.31.40.0-255,66,102069,65,376581
4115,0.002198,74.125.130.0-255,2902,104971,65,376581
4116,0.0022,172.31.40.0-255,66,105037,65,376581
4117,0.002221,74.125.130.0-255,1484,106521,65,376581
4118,0.002225,74.125.130.0-255,1484,108005,65,376581
4119,0.002226,172.31.40.0-255,66,108071,65,376581
4120,0.002232,74.125.130.0-255,2902,110973,65,376581
4121,0.002234,172.31.40.0-255,66,111039,65,376581
4122,0.002239,74.125.130.0-255,4320,115359,65,376581
4123,0.002241,172.31.40.0-255,66,115425,65,376581
4124,0.002264,74.125.130.0-255,1484,116909,65,376581
4125,0.002268,74.125.130.0-255,2902,119811,65,376581
4126,0.00227,172.31.40.0-255,66,119877,65,376581
4127,0.002296,74.125.130.0-255,5738,125615,65,376581
4128,0.002298,172.31.40.0-255,66,125681,65,376581
4129,0.002328,74.125.130.0-255,2184,127865,65,376581
4130,0.00233,172.31.40.0-255,66,127931,65,376581
4131,0.002405,74.125.130.0-255,1484,129415,65,376581
4132,0.002432,74.125.130.0-255,2902,132317,65,376581
4133,0.002434,172.31.40.0-255,66,132383,65,376581
4134,0.002464,74.125.130.0-255,1484,133867,65,376581
4135,0.002479,74.125.130.0-255,2902,136769,65,376581
4136,0.002481,172.31.40.0-255,66,136835,65,376581
4137,0.002484,74.125.130.0-255,1484,138319,65,376581
4138,0.002495,74.125.130.0-255,1484,139803,65,376581
4139,0.0025,172.31.40.0-255,66,139869,65,376581
4140,0.002521,74.125.130.0-255,1484,141353,65,376581
4141,0.002534,74.125.130.0-255,1484,142837,65,376581
4142,0.002536,172.31.40.0-255,66,142903,65,376581
4143,0.002562,74.125.130.0-255,2902,145805,65,376581
4144,0.002564,172.31.40.0-255,66,145871,65,376581
4145,0.002566,74.125.130.0-255,1484,147355,65,376581
4146,0.00259,74.125.130.0-255,5738,153093,65,376581
4147,0.002592,172.31.40.0-255,66,153159,65,376581
4148,0.002625,74.125.130.0-255,1484,154643,65,376581
4149,0.002645,74.125.130.0-255,5738,160381,65,376581
4150,0.002647,172.31.40.0-255,66,160447,65,376581
4151,0.00268,74.125.130.0-255,2184,162631,65,376581
4152,0.002683,172.31.40.0-255,66,162697,65,376581
4153,0.002727,74.125.130.0-255,1484,164181,65,376581
4154,0.002742,74.125.130.0-255,2902,167083,65,376581
4155,0.002745,172.31.40.0-255,66,167149,65,376581
4156,0.002761,74.125.130.0-255,2902,170051,65,376581
4157,0.002763,172.31.40.0-255,66,170117,65,376581
4158,0.002777,74.125.130.0-255,2902,173019,65,376581
4159,0.002779,172.31.40.0-255,66,173085,65,376581
4160,0.002786,74.125.130.0-255,2902,175987,65,376581
4161,0.002788,172.31.40.0-255,66,176053,65,376581
4162,0.002793,74.125.130.0-255,4320,180373,65,376581
4163,0.002795,172.31.40.0-255,66,180439,65,376581
4164,0.002822,172.31.40.0-255,66,180505,65,376581
4165,0.002825,74.125.130.0-255,1484,181989,65,376581
4166,0.002827,74.125.130.0-255,1484,183473,65,376581
4167,0.002829,172.31.40.0-255,66,183539,65,376581
4168,0.002848,74.125.130.0-255,1484,185023,65,376581
4169,0.002851,74.125.130.0-255,1484,186507,65,376581
4170,0.002854,172.31.40.0-255,66,186573,65,376581
4171,0.002856,74.125.130.0-255,1484,188057,65,376581
4172,0.002902,74.125.130.0-255,2184,190241,65,376581
4173,0.002904,172.31.40.0-255,66,190307,65,376581
4174,0.002932,74.125.130.0-255,2902,193209,65,376581
4175,0.002934,172.31.40.0-255,66,193275,65,376581
4176,0.002939,74.125.130.0-255,4320,197595,65,376581
4177,0.002941,172.31.40.0-255,66,197661,65,376581
4178,0.00299,74.125.130.0-255,5738,203399,65,376581
4179,0.002992,172.31.40.0-255,66,203465,65,376581
4180,0.002995,74.125.130.0-255,1484,204949,65,376581
4181,0.003017,74.125.130.0-255,2902,207851,65,376581
4182,0.003019,172.31.40.0-255,66,207917,65,376581
4183,0.003023,74.125.130.0-255,2902,210819,65,376581
4184,0.003025,172.31.40.0-255,66,210885,65,376581
4185,0.003055,74.125.130.0-255,2902,213787,65,376581
4186,0.003057,172.31.40.0-255,66,213853,65,376581
4187,0.00306,74.125.130.0-255,1484,215337,65,376581
4188,0.003097,74.125.130.0-255,5738,221075,65,376581
4189,0.003099,172.31.40.0-255,66,221141,65,376581
4190,0.003116,74.125.130.0-255,2184,223325,65,376581
4191,0.003117,172.31.40.0-255,66,223391,65,376581
4192,0.003452,74.125.130.0-255,1484,224875,65,376581
4193,0.003468,74.125.130.0-255,2902,227777,65,376581
4194,0.003471,172.31.40.0-255,66,227843,65,376581
4195,0.003474,74.125.130.0-255,1484,229327,65,376581
4196,0.003505,74.125.130.0-255,2902,232229,65,376581
4197,0.003508,172.31.40.0-255,66,232295,65,376581
4198,0.003511,74.125.130.0-255,1484,233779,65,376581
4199,0.003538,74.125.130.0-255,1484,235263,65,376581
4200,0.00354,172.31.40.0-255,66,235329,65,376581
4201,0.003545,74.125.130.0-255,2902,238231,65,376581
4202,0.003548,172.31.40.0-255,66,238297,65,376581
4203,0.003551,74.125.130.0-255,1484,239781,65,376581
4204,0.00358,74.125.130.0-255,2902,242683,65,376581
4205,0.003582,172.31.40.0-255,66,242749,65,376581
4206,0.003613,74.125.130.0-255,1484,244233,65,376581
4207,0.00363,74.125.130.0-255,1484,245717,65,376581
4208,0.003633,172.31.40.0-255,66,245783,65,376581
4209,0.00365,74.125.130.0-255,1484,247267,65,376581
4210,0.003655,74.125.130.0-255,2902,250169,65,376581
4211,0.003657,172.31.40.0-255,66,250235,65,376581
4212,0.003662,74.125.130.0-255,2902,253137,65,376581
4213,0.003664,172.31.40.0-255,66,253203,65,376581
4214,0.003693,74.125.130.0-255,2902,256105,65,376581
4215,0.003695,172.31.40.0-255,66,256171,65,376581
4216,0.003699,74.125.130.0-255,2184,258355,65,376581
4217,0.003704,172.31.40.0-255,66,258421,65,376581
4218,0.003788,74.125.130.0-255,1484,259905,65,376581
4219,0.003811,74.125.130.0-255,2902,262807,65,376581
4220,0.003814,172.31.40.0-255,66,262873,65,376581
4221,0.003855,74.125.130.0-255,5738,268611,65,376581
4222,0.003858,172.31.40.0-255,66,268677,65,376581
4223,0.003899,74.125.130.0-255,4320,272997,65,376581
4224,0.003902,172.31.40.0-255,66,273063,65,376581
4225,0.003928,74.125.130.0-255,1484,274547,65,376581
4226,0.003936,74.125.130.0-255,7156,281703,65,376581
4227,0.00394,172.31.40.0-255,66,281769,65,376581
4228,0.003945,74.125.130.0-255,4320,286089,65,376581
4229,0.003948,172.31.40.0-255,66,286155,65,376581
4230,0.003971,74.125.130.0-255,6438,292593,65,376581
4231,0.003974,172.31.40.0-255,66,292659,65,376581
4232,0.00398,74.125.130.0-255,4320,296979,65,376581
4233,0.003982,172.31.40.0-255,66,297045,65,376581
4234,0.004021,74.125.130.0-255,7156,304201,65,376581
4235,0.004024,172.31.40.0-255,66,304267,65,376581
4236,0.004031,74.125.130.0-255,7156,311423,65,376581
4237,0.004033,172.31.40.0-255,66,311489,65,376581
4238,0.004036,74.125.130.0-255,1484,312973,65,376581
4239,0.004073,74.125.130.0-255,7156,320129,65,376581
4240,0.004077,172.31.40.0-255,66,320195,65,376581
4241,0.004083,74.125.130.0-255,6438,326633,65,376581
4242,0.004086,172.31.40.0-255,66,326699,65,376581
4243,0.004123,74.125.130.0-255,1484,328183,65,376581
4244,0.004127,74.125.130.0-255,1484,329667,65,376581
4245,0.004129,172.31.40.0-255,66,329733,65,376581
4246,0.004156,74.125.130.0-255,1484,331217,65,376581
4247,0.004162,74.125.130.0-255,4320,335537,65,376581
4248,0.004164,172.31.40.0-255,66,335603,65,376581
4249,0.004171,74.125.130.0-255,5738,341341,65,376581
4250,0.004173,172.31.40.0-255,66,341407,65,376581
4251,0.004207,172.31.40.0-255,66,341473,65,376581
4252,0.004213,74.125.130.0-255,5738,347211,65,376581
4253,0.004216,172.31.40.0-255,66,347277,65,376581
4254,0.004241,74.125.130.0-255,2184,349461,65,376581
4255,0.004244,172.31.40.0-255,66,349527,65,376581
4256,0.004771,74.125.130.0-255,1484,351011,65,376581
4257,0.004778,74.125.130.0-255,2902,353913,65,376581
4258,0.004783,172.31.40.0-255,66,353979,65,376581
4259,0.004815,74.125.130.0-255,2902,356881,65,376581
4260,0.004817,172.31.40.0-255,66,356947,65,376581
4261,0.004822,74.125.130.0-255,2902,359849,65,376581
4262,0.004824,172.31.40.0-255,66,359915,65,376581
4263,0.004829,74.125.130.0-255,2902,362817,65,376581
4264,0.004831,172.31.40.0-255,66,362883,65,376581
4265,0.004856,74.125.130.0-255,1484,364367,65,376581
4266,0.004861,74.125.130.0-255,2902,367269,65,376581
4267,0.004864,172.31.40.0-255,66,367335,65,376581
4268,0.004867,74.125.130.0-255,1484,368819,65,376581
4269,0.004871,74.125.130.0-255,2902,371721,65,376581
4270,0.004873,172.31.40.0-255,66,371787,65,376581
4271,0.004879,74.125.130.0-255,4320,376107,65,376581
4272,0.004881,172.31.40.0-255,66,376173,65,376581
4273,0.004947,172.31.40.0-255,66,376239,65,376581
4274,0.004978,74.125.130.0-255,105,376344,65,376581
4275,0.006899,172.31.40.0-255,66,376410,65,376581
4276,0.006935,172.31.40.0-255,105,376515,65,376581
4277,0.009269,74.125.130.0-255,66,376581,65,376581
4278,0.0,74.125.200.0-255,150,150,65,144336
4279,2.2e-05,172.31.40.0-255,66,216,65,144336
4280,3e-05,74.125.200.0-255,1484,1700,65,144336
4281,3.4e-05,172.31.40.0-255,66,1766,65,144336
4282,4e-05,74.125.200.0-255,2902,4668,65,144336
4283,5e-05,172.31.40.0-255,66,4734,65,144336
4284,5.6e-05,74.125.200.0-255,4320,9054,65,144336
4285,5.9e-05,172.31.40.0-255,66,9120,65,144336
4286,9.3e-05,74.125.200.0-255,4902,14022,65,144336
4287,9.6e-05,172.31.40.0-255,66,14088,65,144336
4288,0.000162,74.125.200.0-255,1484,15572,65,144336
4289,0.000165,172.31.40.0-255,66,15638,65,144336
4290,0.00017,74.125.200.0-255,2902,18540,65,144336
4291,0.000172,172.31.40.0-255,66,18606,65,144336
4292,0.000181,74.125.200.0-255,2902,21508,65,144336
4293,0.000184,172.31.40.0-255,66,21574,65,144336
4294,0.000209,74.125.200.0-255,2902,24476,65,144336
4295,0.000211,172.31.40.0-255,66,24542,65,144336
4296,0.000219,74.125.200.0-255,6797,31339,65,144336
4297,0.000221,172.31.40.0-255,66,31405,65,144336
4298,0.000394,74.125.200.0-255,1484,32889,65,144336
4299,0.000398,172.31.40.0-255,66,32955,65,144336
4300,0.000404,74.125.200.0-255,2902,35857,65,144336
4301,0.000406,172.31.40.0-255,66,35923,65,144336
4302,0.00044,74.125.200.0-255,5738,41661,65,144336
4303,0.000443,172.31.40.0-255,66,41727,65,144336
4304,0.000448,74.125.200.0-255,2902,44629,65,144336
4305,0.00045,172.31.40.0-255,66,44695,65,144336
4306,0.000454,74.125.200.0-255,3961,48656,65,144336
4307,0.000456,172.31.40.0-255,66,48722,65,144336
4308,0.000885,74.125.200.0-255,1484,50206,65,144336
4309,0.000898,172.31.40.0-255,66,50272,65,144336
4310,0.000903,74.125.200.0-255,1484,51756,65,144336
4311,0.000907,74.125.200.0-255,1484,53240,65,144336
4312,0.000909,172.31.40.0-255,66,53306,65,144336
4313,0.000927,74.125.200.0-255,1484,54790,65,144336
4314,0.000937,74.125.200.0-255,4320,59110,65,144336
4315,0.000939,172.31.40.0-255,66,59176,65,144336
4316,0.000966,74.125.200.0-255,1484,60660,65,144336
4317,0.000973,74.125.200.0-255,5379,66039,65,144336
4318,0.000975,172.31.40.0-255,66,66105,65,144336
4319,0.000982,74.125.200.0-255,5738,71843,65,144336
4320,0.000984,172.31.40.0-255,66,71909,65,144336
4321,0.001024,172.31.40.0-255,66,71975,65,144336
4322,0.001051,74.125.200.0-255,1125,73100,65,144336
4323,0.001054,74.125.200.0-255,1484,74584,65,144336
4324,0.001058,172.31.40.0-255,66,74650,65,144336
4325,0.001085,74.125.200.0-255,4320,78970,65,144336
4326,0.001088,172.31.40.0-255,66,79036,65,144336
4327,0.001091,74.125.200.0-255,1484,80520,65,144336
4328,0.001122,172.31.40.0-255,66,80586,65,144336
4329,0.001146,74.125.200.0-255,1125,81711,65,144336
4330,0.001151,74.125.200.0-255,1484,83195,65,144336
4331,0.001153,172.31.40.0-255,66,83261,65,144336
4332,0.001179,74.125.200.0-255,4320,87581,65,144336
4333,0.001182,172.31.40.0-255,66,87647,65,144336
4334,0.001185,74.125.200.0-255,1484,89131,65,144336
4335,0.00121,74.125.200.0-255,7156,96287,65,144336
4336,0.001213,172.31.40.0-255,66,96353,65,144336
4337,0.001216,74.125.200.0-255,1484,97837,65,144336
4338,0.001249,172.31.40.0-255,66,97903,65,144336
4339,0.001256,74.125.200.0-255,7156,105059,65,144336
4340,0.001259,172.31.40.0-255,66,105125,65,144336
4341,0.001276,74.125.200.0-255,2184,107309,65,144336
4342,0.001283,172.31.40.0-255,66,107375,65,144336
4343,0.00131,74.125.200.0-255,645,108020,65,144336
4344,0.001349,74.125.200.0-255,1484,109504,65,144336
4345,0.001352,172.31.40.0-255,66,109570,65,144336
4346,0.001356,74.125.200.0-255,1484,111054,65,144336
4347,0.001377,74.125.200.0-255,1484,112538,65,144336
4348,0.00138,172.31.40.0-255,66,112604,65,144336
4349,0.001419,74.125.200.0-255,4320,116924,65,144336
4350,0.001422,172.31.40.0-255,66,116990,65,144336
4351,0.001452,74.125.200.0-255,1484,118474,65,144336
4352,0.001463,172.31.40.0-255,66,118540,65,144336
4353,0.001475,172.31.40.0-255,66,118606,65,144336
4354,0.001478,74.125.200.0-255,1484,120090,65,144336
4355,0.001503,74.125.200.0-255,3602,123692,65,144336
4356,0.001506,172.31.40.0-255,66,123758,65,144336
4357,0.002081,74.125.200.0-255,1484,125242,65,144336
4358,0.002108,74.125.200.0-255,2902,128144,65,144336
4359,0.002112,172.31.40.0-255,66,128210,65,144336
4360,0.003625,74.125.200.0-255,1484,129694,65,144336
4361,0.004242,74.125.200.0-255,4320,134014,65,144336
4362,0.004247,172.31.40.0-255,66,134080,65,144336
4363,0.00639,74.125.200.0-255,4320,138400,65,144336
4364,0.006394,172.31.40.0-255,66,138466,65,144336
4365,0.006422,74.125.200.0-255,1484,139950,65,144336
4366,0.008513,74.125.200.0-255,4320,144270,65,144336
4367,0.00852,172.31.40.0-255,66,144336,65,144336
4368,0.0,74.125.68.0-255,148,148,65,214223
4369,3.1e-05,172.31.40.0-255,66,214,65,214223
4370,3.8e-05,74.125.68.0-255,1484,1698,65,214223
4371,4.1e-05,172.31.40.0-255,66,1764,65,214223
4372,4.6e-05,74.125.68.0-255,2902,4666,65,214223
4373,4.8e-05,172.31.40.0-255,66,4732,65,214223
4374,7.3e-05,74.125.68.0-255,5738,10470,65,214223
4375,7.6e-05,172.31.40.0-255,66,10536,65,214223
4376,0.000108,74.125.68.0-255,3483,14019,65,214223
4377,0.000111,172.31.40.0-255,66,14085,65,214223
4378,0.000299,74.125.68.0-255,1484,15569,65,214223
4379,0.000305,172.31.40.0-255,66,15635,65,214223
4380,0.000309,74.125.68.0-255,1484,17119,65,214223
4381,0.000311,172.31.40.0-255,66,17185,65,214223
4382,0.000314,74.125.68.0-255,1484,18669,65,214223
4383,0.000316,172.31.40.0-255,66,18735,65,214223
4384,0.000339,74.125.68.0-255,1484,20219,65,214223
4385,0.000343,74.125.68.0-255,2902,23121,65,214223
4386,0.000344,172.31.40.0-255,66,23187,65,214223
4387,0.000348,172.31.40.0-255,66,23253,65,214223
4388,0.000366,74.125.68.0-255,2902,26155,65,214223
4389,0.000369,172.31.40.0-255,66,26221,65,214223
4390,0.000393,74.125.68.0-255,5379,31600,65,214223
4391,0.000396,172.31.40.0-255,66,31666,65,214223
4392,0.000403,74.125.68.0-255,5738,37404,65,214223
4393,0.000405,172.31.40.0-255,66,37470,65,214223
4394,0.000441,172.31.40.0-255,66,37536,65,214223
4395,0.000464,172.31.40.0-255,66,37602,65,214223
4396,0.000488,74.125.68.0-255,1484,39086,65,214223
4397,0.000491,172.31.40.0-255,66,39152,65,214223
4398,0.000498,74.125.68.0-255,6438,45590,65,214223
4399,0.000501,172.31.40.0-255,66,45656,65,214223
4400,0.000504,74.125.68.0-255,397,46053,65,214223
4401,0.000771,74.125.68.0-255,111,46164,65,214223
4402,0.000812,172.31.40.0-255,66,46230,65,214223
4403,0.000824,74.125.68.0-255,1484,47714,65,214223
4404,0.000838,74.125.68.0-255,2902,50616,65,214223
4405,0.000841,172.31.40.0-255,66,50682,65,214223
4406,0.000846,74.125.68.0-255,1484,52166,65,214223
4407,0.000863,74.125.68.0-255,4320,56486,65,214223
4408,0.000864,172.31.40.0-255,66,56552,65,214223
4409,0.000877,74.125.68.0-255,2902,59454,65,214223
4410,0.00088,172.31.40.0-255,66,59520,65,214223
4411,0.0009,74.125.68.0-255,2902,62422,65,214223
4412,0.000902,172.31.40.0-255,66,62488,65,214223
4413,0.000909,74.125.68.0-255,7156,69644,65,214223
4414,0.000912,172.31.40.0-255,66,69710,65,214223
4415,0.000939,74.125.68.0-255,7156,76866,65,214223
4416,0.000942,172.31.40.0-255,66,76932,65,214223
4417,0.000963,74.125.68.0-255,3602,80534,65,214223
4418,0.000966,172.31.40.0-255,66,80600,65,214223
4419,0.000997,74.125.68.0-255,1484,82084,65,214223
4420,0.001002,74.125.68.0-255,2902,84986,65,214223
4421,0.001006,172.31.40.0-255,66,85052,65,214223
4422,0.001018,74.125.68.0-255,2902,87954,65,214223
4423,0.00102,172.31.40.0-255,66,88020,65,214223
4424,0.001043,74.125.68.0-255,2902,90922,65,214223
4425,0.001047,172.31.40.0-255,66,90988,65,214223
4426,0.001049,74.125.68.0-255,5738,96726,65,214223
4427,0.001054,172.31.40.0-255,66,96792,65,214223
4428,0.00107,74.125.68.0-255,1484,98276,65,214223
4429,0.001078,74.125.68.0-255,7156,105432,65,214223
4430,0.001082,172.31.40.0-255,66,105498,65,214223
4431,0.001102,74.125.68.0-255,5738,111236,65,214223
4432,0.001106,172.31.40.0-255,66,111302,65,214223
4433,0.001126,74.125.68.0-255,1484,112786,65,214223
4434,0.001139,74.125.68.0-255,2184,114970,65,214223
4435,0.001142,172.31.40.0-255,66,115036,65,214223
4436,0.001161,74.125.68.0-255,331,115367,65,214223
4437,0.001205,74.125.68.0-255,1484,116851,65,214223
4438,0.001209,172.31.40.0-255,66,116917,65,214223
4439,0.001221,74.125.68.0-255,2902,119819,65,214223
4440,0.001224,172.31.40.0-255,66,119885,65,214223
4441,0.00124,74.125.68.0-255,1484,121369,65,214223
4442,0.001246,74.125.68.0-255,5738,127107,65,214223
4443,0.001249,172.31.40.0-255,66,127173,65,214223
4444,0.001274,74.125.68.0-255,7156,134329,65,214223
4445,0.001277,172.31.40.0-255,66,134395,65,214223
4446,0.001298,74.125.68.0-255,4320,138715,65,214223
4447,0.001301,172.31.40.0-255,66,138781,65,214223
4448,0.001306,74.125.68.0-255,4320,143101,65,214223
4449,0.001309,172.31.40.0-255,66,143167,65,214223
4450,0.001367,74.125.68.0-255,6438,149605,65,214223
4451,0.00137,172.31.40.0-255,66,149671,65,214223
4452,0.001382,74.125.68.0-255,1484,151155,65,214223
4453,0.001395,74.125.68.0-255,2902,154057,65,214223
4454,0.001398,172.31.40.0-255,66,154123,65,214223
4455,0.001417,74.125.68.0-255,2902,157025,65,214223
4456,0.00142,172.31.40.0-255,66,157091,65,214223
4457,0.001442,74.125.68.0-255,2902,159993,65,214223
4458,0.001445,172.31.40.0-255,66,160059,65,214223
4459,0.001451,74.125.68.0-255,5738,165797,65,214223
4460,0.001453,172.31.40.0-255,66,165863,65,214223
4461,0.001471,74.125.68.0-255,2902,168765,65,214223
4462,0.001474,172.31.40.0-255,66,168831,65,214223
4463,0.001485,172.31.40.0-255,66,168897,65,214223
4464,0.001491,74.125.68.0-255,5020,173917,65,214223
4465,0.001494,172.31.40.0-255,66,173983,65,214223
4466,0.002113,74.125.68.0-255,1484,175467,65,214223
4467,0.002123,74.125.68.0-255,2902,178369,65,214223
4468,0.002127,172.31.40.0-255,66,178435,65,214223
4469,0.00216,74.125.68.0-255,4320,182755,65,214223
4470,0.002164,172.31.40.0-255,66,182821,65,214223
4471,0.00217,74.125.68.0-255,5738,188559,65,214223
4472,0.002173,172.31.40.0-255,66,188625,65,214223
4473,0.002202,172.31.40.0-255,66,188691,65,214223
4474,0.002207,74.125.68.0-255,2902,191593,65,214223
4475,0.002208,172.31.40.0-255,66,191659,65,214223
4476,0.002248,74.125.68.0-255,1484,193143,65,214223
4477,0.002269,74.125.68.0-255,3602,196745,65,214223
4478,0.002271,172.31.40.0-255,66,196811,65,214223
4479,0.004582,74.125.68.0-255,5738,202549,65,214223
4480,0.004587,172.31.40.0-255,66,202615,65,214223
4481,0.006896,74.125.68.0-255,5738,208353,65,214223
4482,0.006901,172.31.40.0-255,66,208419,65,214223
4483,0.009227,74.125.68.0-255,5738,214157,65,214223
4484,0.009236,172.31.40.0-255,66,214223,65,214223
4485,0.0,74.125.68.0-255,146,146,65,84413
4486,2.3e-05,172.31.40.0-255,66,212,65,84413
4487,6e-05,74.125.68.0-255,1484,1696,65,84413
4488,6.5e-05,172.31.40.0-255,66,1762,65,84413
4489,7.1e-05,74.125.68.0-255,2902,4664,65,84413
4490,7.4e-05,172.31.40.0-255,66,4730,65,84413
4491,0.000115,74.125.68.0-255,5738,10468,65,84413
4492,0.000118,172.31.40.0-255,66,10534,65,84413
4493,0.000231,74.125.68.0-255,3457,13991,65,84413
4494,0.000234,172.31.40.0-255,66,14057,65,84413
4495,0.000295,74.125.68.0-255,4320,18377,65,84413
4496,0.0003,172.31.40.0-255,66,18443,65,84413
4497,0.000331,74.125.68.0-255,7156,25599,65,84413
4498,0.000334,172.31.40.0-255,66,25665,65,84413
4499,0.000524,74.125.68.0-255,4320,29985,65,84413
4500,0.000531,172.31.40.0-255,66,30051,65,84413
4501,0.000556,74.125.68.0-255,1125,31176,65,84413
4502,0.000559,172.31.40.0-255,66,31242,65,84413
4503,0.00063,74.125.68.0-255,5738,36980,65,84413
4504,0.000633,172.31.40.0-255,66,37046,65,84413
4505,0.00074,74.125.68.0-255,2902,39948,65,84413
4506,0.000743,172.31.40.0-255,66,40014,65,84413
4507,0.00078,172.31.40.0-255,66,40080,65,84413
4508,0.000969,172.31.40.0-255,66,40146,65,84413
4509,0.000992,74.125.68.0-255,2902,43048,65,84413
4510,0.000994,172.31.40.0-255,66,43114,65,84413
4511,0.001201,74.125.68.0-255,5379,48493,65,84413
4512,0.001206,172.31.40.0-255,66,48559,65,84413
4513,0.001295,74.125.68.0-255,7156,55715,65,84413
4514,0.001299,172.31.40.0-255,66,55781,65,84413
4515,0.002368,172.31.40.0-255,66,55847,65,84413
4516,0.002649,172.31.40.0-255,66,55913,65,84413
4517,0.002654,74.125.68.0-255,2902,58815,65,84413
4518,0.00266,172.31.40.0-255,66,58881,65,84413
4519,0.00296,74.125.68.0-255,2902,61783,65,84413
4520,0.002965,172.31.40.0-255,66,61849,65,84413
4521,0.003025,172.31.40.0-255,66,61915,65,84413
4522,0.003031,74.125.68.0-255,5020,66935,65,84413
4523,0.003052,172.31.40.0-255,66,67001,65,84413
4524,0.005353,74.125.68.0-255,5738,72739,65,84413
4525,0.005358,172.31.40.0-255,66,72805,65,84413
4526,0.007651,74.125.68.0-255,5738,78543,65,84413
4527,0.007658,172.31.40.0-255,66,78609,65,84413
4528,0.009935,74.125.68.0-255,5738,84347,65,84413
4529,0.009944,172.31.40.0-255,66,84413,65,84413
4530,0.0,74.125.24.0-255,153,153,65,132852
4531,2.1e-05,172.31.40.0-255,66,219,65,132852
4532,2.7e-05,74.125.24.0-255,1484,1703,65,132852
4533,3.1e-05,172.31.40.0-255,66,1769,65,132852
4534,3.6e-05,74.125.24.0-255,2902,4671,65,132852
4535,3.9e-05,172.31.40.0-255,66,4737,65,132852
4536,4.6e-05,74.125.24.0-255,7156,11893,65,132852
4537,4.9e-05,172.31.40.0-255,66,11959,65,132852
4538,8.3e-05,172.31.40.0-255,66,12025,65,132852
4539,9.3e-05,172.31.40.0-255,66,12091,65,132852
4540,9.6e-05,74.125.24.0-255,1484,13575,65,132852
4541,9.8e-05,172.31.40.0-255,66,13641,65,132852
4542,0.000118,74.125.24.0-255,1125,14766,65,132852
4543,0.000119,172.31.40.0-255,66,14832,65,132852
4544,0.000164,74.125.24.0-255,1484,16316,65,132852
4545,0.000166,172.31.40.0-255,66,16382,65,132852
4546,0.00017,74.125.24.0-255,2902,19284,65,132852
4547,0.000172,172.31.40.0-255,66,19350,65,132852
4548,0.000174,74.125.24.0-255,1484,20834,65,132852
4549,0.000177,172.31.40.0-255,66,20900,65,132852
4550,0.000201,74.125.24.0-255,4320,25220,65,132852
4551,0.000203,172.31.40.0-255,66,25286,65,132852
4552,0.000215,172.31.40.0-255,66,25352,65,132852
4553,0.000219,74.125.24.0-255,4320,29672,65,132852
4554,0.000221,172.31.40.0-255,66,29738,65,132852
4555,0.000254,74.125.24.0-255,4320,34058,65,132852
4556,0.000257,172.31.40.0-255,66,34124,65,132852
4557,0.000261,74.125.24.0-255,2479,36603,65,132852
4558,0.000262,172.31.40.0-255,66,36669,65,132852
4559,0.000297,74.125.24.0-255,130,36799,65,132852
4560,0.000454,74.125.24.0-255,1484,38283,65,132852
4561,0.000459,172.31.40.0-255,66,38349,65,132852
4562,0.000464,74.125.24.0-255,2902,41251,65,132852
4563,0.000467,172.31.40.0-255,66,41317,65,132852
4564,0.000498,74.125.24.0-255,5738,47055,65,132852
4565,0.000502,172.31.40.0-255,66,47121,65,132852
4566,0.000516,172.31.40.0-255,66,47187,65,132852
4567,0.000522,74.125.24.0-255,5738,52925,65,132852
4568,0.000524,172.31.40.0-255,66,52991,65,132852
4569,0.000547,74.125.24.0-255,1484,54475,65,132852
4570,0.000578,74.125.24.0-255,7156,61631,65,132852
4571,0.000582,172.31.40.0-255,66,61697,65,132852
4572,0.000614,172.31.40.0-255,66,61763,65,132852
4573,0.00065,74.125.24.0-255,5738,67501,65,132852
4574,0.000652,172.31.40.0-255,66,67567,65,132852
4575,0.00068,172.31.40.0-255,66,67633,65,132852
4576,0.00075,74.125.24.0-255,1484,69117,65,132852
4577,0.000767,74.125.24.0-255,2902,72019,65,132852
4578,0.000771,172.31.40.0-255,66,72085,65,132852
4579,0.000777,74.125.24.0-255,5738,77823,65,132852
4580,0.000779,172.31.40.0-255,66,77889,65,132852
4581,0.000825,172.31.40.0-255,66,77955,65,132852
4582,0.000837,172.31.40.0-255,66,78021,65,132852
4583,0.000868,74.125.24.0-255,4320,82341,65,132852
4584,0.00087,172.31.40.0-255,66,82407,65,132852
4585,0.000893,74.125.24.0-255,4320,86727,65,132852
4586,0.000896,172.31.40.0-255,66,86793,65,132852
4587,0.000907,172.31.40.0-255,66,86859,65,132852
4588,0.000954,172.31.40.0-255,66,86925,65,132852
4589,0.001084,74.125.24.0-255,1484,88409,65,132852
4590,0.00109,74.125.24.0-255,2902,91311,65,132852
4591,0.001094,172.31.40.0-255,66,91377,65,132852
4592,0.001099,74.125.24.0-255,2902,94279,65,132852
4593,0.001101,172.31.40.0-255,66,94345,65,132852
4594,0.001117,74.125.24.0-255,2902,97247,65,132852
4595,0.00112,172.31.40.0-255,66,97313,65,132852
4596,0.00113,172.31.40.0-255,66,97379,65,132852
4597,0.001176,74.125.24.0-255,4320,101699,65,132852
4598,0.001179,172.31.40.0-255,66,101765,65,132852
4599,0.001215,172.31.40.0-255,66,101831,65,132852
4600,0.001232,172.31.40.0-255,66,101897,65,132852
4601,0.001253,172.31.40.0-255,66,101963,65,132852
4602,0.001383,74.125.24.0-255,1484,103447,65,132852
4603,0.001389,74.125.24.0-255,2902,106349,65,132852
4604,0.001392,172.31.40.0-255,66,106415,65,132852
4605,0.001397,74.125.24.0-255,4320,110735,65,132852
4606,0.001399,172.31.40.0-255,66,110801,65,132852
4607,0.001413,74.125.24.0-255,1484,112285,65,132852
4608,0.001428,74.125.24.0-255,5738,118023,65,132852
4609,0.001431,172.31.40.0-255,66,118089,65,132852
4610,0.001451,74.125.24.0-255,7156,125245,65,132852
4611,0.001453,172.31.40.0-255,66,125311,65,132852
4612,0.001506,172.31.40.0-255,66,125377,65,132852
4613,0.001557,172.31.40.0-255,66,125443,65,132852
4614,0.001587,74.125.24.0-255,2902,128345,65,132852
4615,0.00159,172.31.40.0-255,66,128411,65,132852
4616,0.001608,172.31.40.0-255,66,128477,65,132852
4617,0.001626,172.31.40.0-255,66,128543,65,132852
4618,0.001638,172.31.40.0-255,66,128609,65,132852
4619,0.001642,74.125.24.0-255,2902,131511,65,132852
4620,0.001644,172.31.40.0-255,66,131577,65,132852
4621,0.001692,172.31.40.0-255,66,131643,65,132852
4622,0.001714,74.125.24.0-255,766,132409,65,132852
4623,0.001731,172.31.40.0-255,66,132475,65,132852
4624,0.001734,74.125.24.0-255,105,132580,65,132852
4625,0.007208,172.31.40.0-255,101,132681,65,132852
4626,0.00823,172.31.40.0-255,105,132786,65,132852
4627,0.009496,74.125.24.0-255,66,132852,65,132852
4628,0.0,172.217.194.0-255,146,146,65,276587
4629,1.6e-05,172.31.40.0-255,66,212,65,276587
4630,2.3e-05,172.217.194.0-255,1484,1696,65,276587
4631,2.7e-05,172.31.40.0-255,66,1762,65,276587
4632,3e-05,172.217.194.0-255,1484,3246,65,276587
4633,3.3e-05,172.31.40.0-255,66,3312,65,276587
4634,6.2e-05,172.217.194.0-255,1484,4796,65,276587
4635,6.5e-05,172.31.40.0-255,66,4862,65,276587
4636,7.3e-05,172.217.194.0-255,1484,6346,65,276587
4637,7.5e-05,172.31.40.0-255,66,6412,65,276587
4638,8.3e-05,172.217.194.0-255,5738,12150,65,276587
4639,8.6e-05,172.31.40.0-255,66,12216,65,276587
4640,0.00013,172.31.40.0-255,66,12282,65,276587
4641,0.000157,172.217.194.0-255,7156,19438,65,276587
4642,0.00016,172.31.40.0-255,66,19504,65,276587
4643,0.000203,172.217.194.0-255,2543,22047,65,276587
4644,0.000205,172.31.40.0-255,66,22113,65,276587
4645,0.000242,172.217.194.0-255,1484,23597,65,276587
4646,0.000244,172.31.40.0-255,66,23663,65,276587
4647,0.000276,172.217.194.0-255,2902,26565,65,276587
4648,0.00028,172.31.40.0-255,66,26631,65,276587
4649,0.000286,172.217.194.0-255,5738,32369,65,276587
4650,0.000288,172.31.40.0-255,66,32435,65,276587
4651,0.000296,172.217.194.0-255,7156,39591,65,276587
4652,0.000298,172.31.40.0-255,66,39657,65,276587
4653,0.000337,172.217.194.0-255,5738,45395,65,276587
4654,0.000341,172.31.40.0-255,66,45461,65,276587
4655,0.000348,172.217.194.0-255,7156,52617,65,276587
4656,0.000351,172.31.40.0-255,66,52683,65,276587
4657,0.000361,172.217.194.0-255,3882,56565,65,276587
4658,0.000363,172.31.40.0-255,66,56631,65,276587
4659,0.000366,172.217.194.0-255,114,56745,65,276587
4660,0.000368,172.31.40.0-255,66,56811,65,276587
4661,0.000523,172.217.194.0-255,1484,58295,65,276587
4662,0.000527,172.31.40.0-255,66,58361,65,276587
4663,0.000533,172.217.194.0-255,2902,61263,65,276587
4664,0.000535,172.31.40.0-255,66,61329,65,276587
4665,0.000546,172.217.194.0-255,5738,67067,65,276587
4666,0.000548,172.31.40.0-255,66,67133,65,276587
4667,0.000551,172.217.194.0-255,1484,68617,65,276587
4668,0.000553,172.31.40.0-255,66,68683,65,276587
4669,0.000607,172.31.40.0-255,66,68749,65,276587
4670,0.000614,172.217.194.0-255,5738,74487,65,276587
4671,0.000616,172.31.40.0-255,66,74553,65,276587
4672,0.000643,172.217.194.0-255,5020,79573,65,276587
4673,0.000646,172.31.40.0-255,66,79639,65,276587
4674,0.000651,172.217.194.0-255,2902,82541,65,276587
4675,0.000652,172.31.40.0-255,66,82607,65,276587
4676,0.0007,172.217.194.0-255,7156,89763,65,276587
4677,0.000711,172.31.40.0-255,66,89829,65,276587
4678,0.000714,172.31.40.0-255,66,89895,65,276587
4679,0.000719,172.217.194.0-255,4320,94215,65,276587
4680,0.000721,172.31.40.0-255,66,94281,65,276587
4681,0.000776,172.31.40.0-255,66,94347,65,276587
4682,0.000828,172.31.40.0-255,66,94413,65,276587
4683,0.000842,172.217.194.0-255,5738,100151,65,276587
4684,0.000848,172.31.40.0-255,66,100217,65,276587
4685,0.000855,172.217.194.0-255,6438,106655,65,276587
4686,0.000858,172.31.40.0-255,66,106721,65,276587
4687,0.000861,172.217.194.0-255,1484,108205,65,276587
4688,0.000863,172.31.40.0-255,66,108271,65,276587
4689,0.000867,172.217.194.0-255,2902,111173,65,276587
4690,0.000891,172.31.40.0-255,66,111239,65,276587
4691,0.000898,172.217.194.0-255,5738,116977,65,276587
4692,0.000903,172.217.194.0-255,5738,122715,65,276587
4693,0.000909,172.31.40.0-255,66,122781,65,276587
4694,0.000928,172.217.194.0-255,7156,129937,65,276587
4695,0.000949,172.217.194.0-255,7156,137093,65,276587
4696,0.000966,172.217.194.0-255,3602,140695,65,276587
4697,0.000977,172.31.40.0-255,66,140761,65,276587
4698,0.001019,172.217.194.0-255,1484,142245,65,276587
4699,0.001024,172.217.194.0-255,2902,145147,65,276587
4700,0.001049,172.217.194.0-255,4320,149467,65,276587
4701,0.001052,172.31.40.0-255,66,149533,65,276587
4702,0.001057,172.31.40.0-255,66,149599,65,276587
4703,0.001078,172.217.194.0-255,1484,151083,65,276587
4704,0.001084,172.217.194.0-255,5738,156821,65,276587
4705,0.00111,172.217.194.0-255,7156,163977,65,276587
4706,0.001117,172.217.194.0-255,7156,171133,65,276587
4707,0.001145,172.31.40.0-255,66,171199,65,276587
4708,0.001151,172.217.194.0-255,3602,174801,65,276587
4709,0.001292,172.217.194.0-255,1484,176285,65,276587
4710,0.001296,172.217.194.0-255,1484,177769,65,276587
4711,0.001312,172.217.194.0-255,1484,179253,65,276587
4712,0.001318,172.217.194.0-255,5738,184991,65,276587
4713,0.001341,172.217.194.0-255,5738,190729,65,276587
4714,0.001361,172.217.194.0-255,7156,197885,65,276587
4715,0.001394,172.217.194.0-255,7156,205041,65,276587
4716,0.001412,172.217.194.0-255,3602,208643,65,276587
4717,0.001487,172.217.194.0-255,1484,210127,65,276587
4718,0.0015,172.217.194.0-255,2902,213029,65,276587
4719,0.001505,172.217.194.0-255,2902,215931,65,276587
4720,0.001519,172.217.194.0-255,2902,218833,65,276587
4721,0.001534,172.217.194.0-255,5738,224571,65,276587
4722,0.001565,172.217.194.0-255,7156,231727,65,276587
4723,0.001572,172.217.194.0-255,7156,238883,65,276587
4724,0.001602,172.217.194.0-255,5738,244621,65,276587
4725,0.001617,172.217.194.0-255,6438,251059,65,276587
4726,0.001672,172.217.194.0-255,1484,252543,65,276587
4727,0.001759,172.217.194.0-255,7156,259699,65,276587
4728,0.001776,172.217.194.0-255,1484,261183,65,276587
4729,0.001828,172.217.194.0-255,4320,265503,65,276587
4730,0.001843,172.217.194.0-255,5738,271241,65,276587
4731,0.001876,172.217.194.0-255,5070,276311,65,276587
4732,0.001889,172.217.194.0-255,105,276416,65,276587
4733,0.002205,172.31.40.0-255,66,276482,65,276587
4734,0.009358,172.31.40.0-255,105,276587,65,276587
4735,0.0,74.125.24.0-255,295,295,65,139878
4736,3.1e-05,172.31.40.0-255,66,361,65,139878
4737,3.7e-05,74.125.24.0-255,1484,1845,65,139878
4738,4.2e-05,172.31.40.0-255,66,1911,65,139878
4739,4.7e-05,74.125.24.0-255,4320,6231,65,139878
4740,4.9e-05,172.31.40.0-255,66,6297,65,139878
4741,8e-05,74.125.24.0-255,7156,13453,65,139878
4742,8.5e-05,172.31.40.0-255,66,13519,65,139878
4743,0.000123,172.31.40.0-255,66,13585,65,139878
4744,0.000153,74.125.24.0-255,439,14024,65,139878
4745,0.000156,172.31.40.0-255,66,14090,65,139878
4746,0.000172,172.31.40.0-255,66,14156,65,139878
4747,0.000175,74.125.24.0-255,766,14922,65,139878
4748,0.000176,172.31.40.0-255,66,14988,65,139878
4749,0.000208,74.125.24.0-255,4320,19308,65,139878
4750,0.000211,172.31.40.0-255,66,19374,65,139878
4751,0.000254,172.31.40.0-255,66,19440,65,139878
4752,0.000458,74.125.24.0-255,1484,20924,65,139878
4753,0.000462,172.31.40.0-255,66,20990,65,139878
4754,0.000468,74.125.24.0-255,2902,23892,65,139878
4755,0.00047,172.31.40.0-255,66,23958,65,139878
4756,0.000475,74.125.24.0-255,4320,28278,65,139878
4757,0.000477,172.31.40.0-255,66,28344,65,139878
4758,0.000505,74.125.24.0-255,1484,29828,65,139878
4759,0.000508,172.31.40.0-255,66,29894,65,139878
4760,0.000522,172.31.40.0-255,66,29960,65,139878
4761,0.000527,74.125.24.0-255,4320,34280,65,139878
4762,0.000531,172.31.40.0-255,66,34346,65,139878
4763,0.000559,74.125.24.0-255,5738,40084,65,139878
4764,0.000562,172.31.40.0-255,66,40150,65,139878
4765,0.000602,172.31.40.0-255,66,40216,65,139878
4766,0.000638,74.125.24.0-255,3602,43818,65,139878
4767,0.000642,172.31.40.0-255,66,43884,65,139878
4768,0.000659,172.31.40.0-255,66,43950,65,139878
4769,0.000669,172.31.40.0-255,66,44016,65,139878
4770,0.000711,74.125.24.0-255,4320,48336,65,139878
4771,0.000715,172.31.40.0-255,66,48402,65,139878
4772,0.000756,172.31.40.0-255,66,48468,65,139878
4773,0.001332,74.125.24.0-255,1484,49952,65,139878
4774,0.001348,74.125.24.0-255,2902,52854,65,139878
4775,0.001353,172.31.40.0-255,66,52920,65,139878
4776,0.001382,74.125.24.0-255,5738,58658,65,139878
4777,0.001385,172.31.40.0-255,66,58724,65,139878
4778,0.001393,74.125.24.0-255,7156,65880,65,139878
4779,0.001396,172.31.40.0-255,66,65946,65,139878
4780,0.001429,74.125.24.0-255,5738,71684,65,139878
4781,0.001432,172.31.40.0-255,66,71750,65,139878
4782,0.001437,74.125.24.0-255,4320,76070,65,139878
4783,0.00144,172.31.40.0-255,66,76136,65,139878
4784,0.00147,74.125.24.0-255,6438,82574,65,139878
4785,0.001473,172.31.40.0-255,66,82640,65,139878
4786,0.0015,74.125.24.0-255,1484,84124,65,139878
4787,0.001506,74.125.24.0-255,2902,87026,65,139878
4788,0.001508,172.31.40.0-255,66,87092,65,139878
4789,0.001513,74.125.24.0-255,2902,89994,65,139878
4790,0.001515,172.31.40.0-255,66,90060,65,139878
4791,0.001536,74.125.24.0-255,2902,92962,65,139878
4792,0.00154,172.31.40.0-255,66,93028,65,139878
4793,0.001552,172.31.40.0-255,66,93094,65,139878
4794,0.001585,74.125.24.0-255,4320,97414,65,139878
4795,0.001588,172.31.40.0-255,66,97480,65,139878
4796,0.001601,172.31.40.0-255,66,97546,65,139878
4797,0.001612,74.125.24.0-255,4320,101866,65,139878
4798,0.001615,172.31.40.0-255,66,101932,65,139878
4799,0.001643,74.125.24.0-255,7156,109088,65,139878
4800,0.001647,172.31.40.0-255,66,109154,65,139878
4801,0.001648,74.125.24.0-255,4320,113474,65,139878
4802,0.00165,172.31.40.0-255,66,113540,65,139878
4803,0.001708,172.31.40.0-255,66,113606,65,139878
4804,0.001723,172.31.40.0-255,66,113672,65,139878
4805,0.001751,74.125.24.0-255,6438,120110,65,139878
4806,0.001754,172.31.40.0-255,66,120176,65,139878
4807,0.00176,74.125.24.0-255,4320,124496,65,139878
4808,0.001762,172.31.40.0-255,66,124562,65,139878
4809,0.001767,74.125.24.0-255,4320,128882,65,139878
4810,0.001771,172.31.40.0-255,66,128948,65,139878
4811,0.001801,172.31.40.0-255,66,129014,65,139878
4812,0.001826,74.125.24.0-255,5020,134034,65,139878
4813,0.00183,172.31.40.0-255,66,134100,65,139878
4814,0.001841,172.31.40.0-255,66,134166,65,139878
4815,0.001879,172.31.40.0-255,66,134232,65,139878
4816,0.001921,74.125.24.0-255,2902,137134,65,139878
4817,0.001924,172.31.40.0-255,66,137200,65,139878
4818,0.001968,172.31.40.0-255,66,137266,65,139878
4819,0.001982,172.31.40.0-255,66,137332,65,139878
4820,0.001985,74.125.24.0-255,1484,138816,65,139878
4821,0.002036,172.31.40.0-255,66,138882,65,139878
4822,0.002078,172.31.40.0-255,66,138948,65,139878
4823,0.002082,74.125.24.0-255,105,139053,65,139878
4824,0.002084,74.125.24.0-255,129,139182,65,139878
4825,0.003582,172.31.40.0-255,105,139287,65,139878
4826,0.003607,172.31.40.0-255,105,139392,65,139878
4827,0.00383,172.31.40.0-255,90,139482,65,139878
4828,0.003839,172.31.40.0-255,66,139548,65,139878
4829,0.006289,74.125.24.0-255,66,139614,65,139878
4830,0.006325,74.125.24.0-255,66,139680,65,139878
4831,0.006544,74.125.24.0-255,66,139746,65,139878
4832,0.006558,74.125.24.0-255,66,139812,65,139878
4833,0.006565,172.31.40.0-255,66,139878,65,139878
4834,0.0,74.125.24.0-255,153,153,65,201951
4835,2.4e-05,172.31.40.0-255,66,219,65,201951
4836,3.1e-05,74.125.24.0-255,1484,1703,65,201951
4837,3.6e-05,172.31.40.0-255,66,1769,65,201951
4838,4.3e-05,74.125.24.0-255,2902,4671,65,201951
4839,4.7e-05,172.31.40.0-255,66,4737,65,201951
4840,5.3e-05,74.125.24.0-255,5738,10475,65,201951
4841,5.6e-05,172.31.40.0-255,66,10541,65,201951
4842,5.9e-05,74.125.24.0-255,1484,12025,65,201951
4843,6.2e-05,172.31.40.0-255,66,12091,65,201951
4844,0.000101,172.31.40.0-255,66,12157,65,201951
4845,0.00012,74.125.24.0-255,2902,15059,65,201951
4846,0.000123,172.31.40.0-255,66,15125,65,201951
4847,0.000149,74.125.24.0-255,5379,20504,65,201951
4848,0.000152,172.31.40.0-255,66,20570,65,201951
4849,0.000882,74.125.24.0-255,1484,22054,65,201951
4850,0.000889,172.31.40.0-255,66,22120,65,201951
4851,0.000898,74.125.24.0-255,2902,25022,65,201951
4852,0.0009,172.31.40.0-255,66,25088,65,201951
4853,0.000906,74.125.24.0-255,2902,27990,65,201951
4854,0.000908,172.31.40.0-255,66,28056,65,201951
4855,0.000933,74.125.24.0-255,2902,30958,65,201951
4856,0.000936,172.31.40.0-255,66,31024,65,201951
4857,0.000969,74.125.24.0-255,5738,36762,65,201951
4858,0.000972,172.31.40.0-255,66,36828,65,201951
4859,0.001,74.125.24.0-255,5738,42566,65,201951
4860,0.001003,172.31.40.0-255,66,42632,65,201951
4861,0.001018,172.31.40.0-255,66,42698,65,201951
4862,0.001369,74.125.24.0-255,394,43092,65,201951
4863,0.001378,172.31.40.0-255,66,43158,65,201951
4864,0.001397,74.125.24.0-255,1484,44642,65,201951
4865,0.001402,74.125.24.0-255,1484,46126,65,201951
4866,0.001405,172.31.40.0-255,66,46192,65,201951
4867,0.001423,74.125.24.0-255,2902,49094,65,201951
4868,0.001426,172.31.40.0-255,66,49160,65,201951
4869,0.001431,74.125.24.0-255,4320,53480,65,201951
4870,0.001434,172.31.40.0-255,66,53546,65,201951
4871,0.001453,74.125.24.0-255,4320,57866,65,201951
4872,0.001455,172.31.40.0-255,66,57932,65,201951
4873,0.001473,74.125.24.0-255,5738,63670,65,201951
4874,0.001475,172.31.40.0-255,66,63736,65,201951
4875,0.001494,74.125.24.0-255,7156,70892,65,201951
4876,0.001496,172.31.40.0-255,66,70958,65,201951
4877,0.001524,74.125.24.0-255,6438,77396,65,201951
4878,0.001527,172.31.40.0-255,66,77462,65,201951
4879,0.001562,74.125.24.0-255,1484,78946,65,201951
4880,0.001577,74.125.24.0-255,2902,81848,65,201951
4881,0.00158,172.31.40.0-255,66,81914,65,201951
4882,0.0016,74.125.24.0-255,5738,87652,65,201951
4883,0.001603,172.31.40.0-255,66,87718,65,201951
4884,0.001626,74.125.24.0-255,7156,94874,65,201951
4885,0.001629,172.31.40.0-255,66,94940,65,201951
4886,0.00165,74.125.24.0-255,5738,100678,65,201951
4887,0.001653,172.31.40.0-255,66,100744,65,201951
4888,0.001666,172.31.40.0-255,66,100810,65,201951
4889,0.001692,74.125.24.0-255,4320,105130,65,201951
4890,0.001695,172.31.40.0-255,66,105196,65,201951
4891,0.001745,74.125.24.0-255,1484,106680,65,201951
4892,0.001751,74.125.24.0-255,5738,112418,65,201951
4893,0.001854,74.125.24.0-255,3602,116020,65,201951
4894,0.001857,74.125.24.0-255,1484,117504,65,201951
4895,0.001862,74.125.24.0-255,2902,120406,65,201951
4896,0.001881,74.125.24.0-255,5738,126144,65,201951
4897,0.001894,172.31.40.0-255,66,126210,65,201951
4898,0.001907,74.125.24.0-255,7156,133366,65,201951
4899,0.001913,74.125.24.0-255,4320,137686,65,201951
4900,0.001917,172.31.40.0-255,66,137752,65,201951
4901,0.001948,74.125.24.0-255,2184,139936,65,201951
4902,0.001977,172.31.40.0-255,66,140002,65,201951
4903,0.002255,74.125.24.0-255,1484,141486,65,201951
4904,0.002262,74.125.24.0-255,2902,144388,65,201951
4905,0.002265,172.31.40.0-255,66,144454,65,201951
4906,0.002288,74.125.24.0-255,5738,150192,65,201951
4907,0.002297,172.31.40.0-255,66,150258,65,201951
4908,0.002362,74.125.24.0-255,2184,152442,65,201951
4909,0.002375,172.31.40.0-255,66,152508,65,201951
4910,0.002396,74.125.24.0-255,2902,155410,65,201951
4911,0.002403,172.31.40.0-255,66,155476,65,201951
4912,0.002415,74.125.24.0-255,4320,159796,65,201951
4913,0.002432,74.125.24.0-255,2902,162698,65,201951
4914,0.002437,74.125.24.0-255,5738,168436,65,201951
4915,0.002445,172.31.40.0-255,66,168502,65,201951
4916,0.002479,172.31.40.0-255,66,168568,65,201951
4917,0.002489,74.125.24.0-255,1484,170052,65,201951
4918,0.002495,74.125.24.0-255,3602,173654,65,201951
4919,0.002501,172.31.40.0-255,66,173720,65,201951
4920,0.002555,74.125.24.0-255,1484,175204,65,201951
4921,0.002561,74.125.24.0-255,2902,178106,65,201951
4922,0.002565,172.31.40.0-255,66,178172,65,201951
4923,0.002586,74.125.24.0-255,5738,183910,65,201951
4924,0.002597,172.31.40.0-255,66,183976,65,201951
4925,0.002606,74.125.24.0-255,2902,186878,65,201951
4926,0.002611,172.31.40.0-255,66,186944,65,201951
4927,0.00264,74.125.24.0-255,1484,188428,65,201951
4928,0.002643,74.125.24.0-255,1484,189912,65,201951
4929,0.002661,172.31.40.0-255,66,189978,65,201951
4930,0.002681,172.31.40.0-255,66,190044,65,201951
4931,0.002841,172.31.40.0-255,101,190145,65,201951
4932,0.005272,74.125.24.0-255,2902,193047,65,201951
4933,0.005278,172.31.40.0-255,66,193113,65,201951
4934,0.005295,74.125.24.0-255,2902,196015,65,201951
4935,0.005297,172.31.40.0-255,66,196081,65,201951
4936,0.005395,74.125.24.0-255,66,196147,65,201951
4937,0.007876,74.125.24.0-255,5738,201885,65,201951
4938,0.007883,172.31.40.0-255,66,201951,65,201951
4939,0.0,74.125.200.0-255,156,156,65,179691
4940,1.5e-05,172.31.40.0-255,66,222,65,179691
4941,3.2e-05,74.125.200.0-255,1484,1706,65,179691
4942,3.7e-05,172.31.40.0-255,66,1772,65,179691
4943,4.2e-05,74.125.200.0-255,2902,4674,65,179691
4944,4.5e-05,172.31.40.0-255,66,4740,65,179691
4945,8.4e-05,74.125.200.0-255,4320,9060,65,179691
4946,8.7e-05,172.31.40.0-255,66,9126,65,179691
4947,0.000139,74.125.200.0-255,1484,10610,65,179691
4948,0.000141,172.31.40.0-255,66,10676,65,179691
4949,0.000154,74.125.200.0-255,1484,12160,65,179691
4950,0.000156,172.31.40.0-255,66,12226,65,179691
4951,0.00018,74.125.200.0-255,2037,14263,65,179691
4952,0.000183,172.31.40.0-255,66,14329,65,179691
4953,0.000225,74.125.200.0-255,4320,18649,65,179691
4954,0.000228,172.31.40.0-255,66,18715,65,179691
4955,0.000245,74.125.200.0-255,1484,20199,65,179691
4956,0.000247,172.31.40.0-255,66,20265,65,179691
4957,0.000302,74.125.200.0-255,7156,27421,65,179691
4958,0.000305,172.31.40.0-255,66,27487,65,179691
4959,0.0004,74.125.200.0-255,2902,30389,65,179691
4960,0.000404,172.31.40.0-255,66,30455,65,179691
4961,0.000424,74.125.200.0-255,4320,34775,65,179691
4962,0.000427,172.31.40.0-255,66,34841,65,179691
4963,0.000447,74.125.200.0-255,5738,40579,65,179691
4964,0.00045,172.31.40.0-255,66,40645,65,179691
4965,0.000469,74.125.200.0-255,2543,43188,65,179691
4966,0.000471,172.31.40.0-255,66,43254,65,179691
4967,0.000617,74.125.200.0-255,1484,44738,65,179691
4968,0.00062,172.31.40.0-255,66,44804,65,179691
4969,0.00064,74.125.200.0-255,3961,48765,65,179691
4970,0.000643,172.31.40.0-255,66,48831,65,179691
4971,0.000731,74.125.200.0-255,2902,51733,65,179691
4972,0.000748,74.125.200.0-255,5738,57471,65,179691
4973,0.000754,172.31.40.0-255,66,57537,65,179691
4974,0.000771,172.31.40.0-255,66,57603,65,179691
4975,0.000918,74.125.200.0-255,676,58279,65,179691
4976,0.000975,74.125.200.0-255,1484,59763,65,179691
4977,0.000979,172.31.40.0-255,66,59829,65,179691
4978,0.000984,74.125.200.0-255,2902,62731,65,179691
4979,0.001004,172.31.40.0-255,66,62797,65,179691
4980,0.001016,74.125.200.0-255,1484,64281,65,179691
4981,0.001032,74.125.200.0-255,4320,68601,65,179691
4982,0.001038,172.31.40.0-255,66,68667,65,179691
4983,0.001109,74.125.200.0-255,4320,72987,65,179691
4984,0.001114,172.31.40.0-255,66,73053,65,179691
4985,0.001171,74.125.200.0-255,2902,75955,65,179691
4986,0.001174,172.31.40.0-255,66,76021,65,179691
4987,0.001193,74.125.200.0-255,4320,80341,65,179691
4988,0.001207,74.125.200.0-255,4320,84661,65,179691
4989,0.001231,172.31.40.0-255,66,84727,65,179691
4990,0.001337,74.125.200.0-255,2902,87629,65,179691
4991,0.001341,172.31.40.0-255,66,87695,65,179691
4992,0.001365,74.125.200.0-255,5020,92715,65,179691
4993,0.001466,74.125.200.0-255,4320,97035,65,179691
4994,0.001484,74.125.200.0-255,2902,99937,65,179691
4995,0.001507,74.125.200.0-255,5738,105675,65,179691
4996,0.001766,74.125.200.0-255,1484,107159,65,179691
4997,0.001913,74.125.200.0-255,2184,109343,65,179691
4998,0.001931,74.125.200.0-255,1484,110827,65,179691
4999,0.001953,74.125.200.0-255,7156,117983,65,179691
5000,0.001998,74.125.200.0-255,5738,123721,65,179691
5001,0.002273,74.125.200.0-255,4320,128041,65,179691
5002,0.002294,74.125.200.0-255,6438,134479,65,179691
5003,0.002444,74.125.200.0-255,4320,138799,65,179691
5004,0.002458,74.125.200.0-255,4320,143119,65,179691
5005,0.002477,74.125.200.0-255,2902,146021,65,179691
5006,0.002593,74.125.200.0-255,4320,150341,65,179691
5007,0.00342,74.125.200.0-255,1484,151825,65,179691
5008,0.003435,74.125.200.0-255,5738,157563,65,179691
5009,0.003788,172.31.40.0-255,66,157629,65,179691
5010,0.003898,74.125.200.0-255,1484,159113,65,179691
5011,0.003955,172.31.40.0-255,66,159179,65,179691
5012,0.003964,74.125.200.0-255,4320,163499,65,179691
5013,0.003968,172.31.40.0-255,66,163565,65,179691
5014,0.003979,74.125.200.0-255,5738,169303,65,179691
5015,0.003991,172.31.40.0-255,66,169369,65,179691
5016,0.004036,172.31.40.0-255,66,169435,65,179691
5017,0.006752,74.125.200.0-255,4320,173755,65,179691
5018,0.006757,172.31.40.0-255,66,173821,65,179691
5019,0.006777,74.125.200.0-255,1484,175305,65,179691
5020,0.009485,74.125.200.0-255,4320,179625,65,179691
5021,0.009491,172.31.40.0-255,66,179691,65,179691
5022,0.0,74.125.68.0-255,156,156,65,178542
5023,1.5e-05,172.31.40.0-255,66,222,65,178542
5024,2.3e-05,74.125.68.0-255,1484,1706,65,178542
5025,2.7e-05,172.31.40.0-255,66,1772,65,178542
5026,4.4e-05,74.125.68.0-255,2902,4674,65,178542
5027,4.7e-05,172.31.40.0-255,66,4740,65,178542
5028,7.3e-05,74.125.68.0-255,2902,7642,65,178542
5029,7.6e-05,172.31.40.0-255,66,7708,65,178542
5030,9.8e-05,74.125.68.0-255,2902,10610,65,178542
5031,0.0001,172.31.40.0-255,66,10676,65,178542
5032,0.000103,74.125.68.0-255,1484,12160,65,178542
5033,0.000105,172.31.40.0-255,66,12226,65,178542
5034,0.000131,74.125.68.0-255,1484,13710,65,178542
5035,0.000134,172.31.40.0-255,66,13776,65,178542
5036,0.00015,74.125.68.0-255,685,14461,65,178542
5037,0.000153,172.31.40.0-255,66,14527,65,178542
5038,0.00031,74.125.68.0-255,1484,16011,65,178542
5039,0.000316,172.31.40.0-255,66,16077,65,178542
5040,0.000321,74.125.68.0-255,2902,18979,65,178542
5041,0.000323,172.31.40.0-255,66,19045,65,178542
5042,0.000337,74.125.68.0-255,1484,20529,65,178542
5043,0.00034,172.31.40.0-255,66,20595,65,178542
5044,0.000345,74.125.68.0-255,2902,23497,65,178542
5045,0.000348,172.31.40.0-255,66,23563,65,178542
5046,0.000369,74.125.68.0-255,4320,27883,65,178542
5047,0.000372,172.31.40.0-255,66,27949,65,178542
5048,0.00039,74.125.68.0-255,1484,29433,65,178542
5049,0.000393,172.31.40.0-255,66,29499,65,178542
5050,0.000396,74.125.68.0-255,1484,30983,65,178542
5051,0.000398,172.31.40.0-255,66,31049,65,178542
5052,0.000421,74.125.68.0-255,2543,33592,65,178542
5053,0.000424,172.31.40.0-255,66,33658,65,178542
5054,0.000427,74.125.68.0-255,1484,35142,65,178542
5055,0.000485,74.125.68.0-255,1484,36626,65,178542
5056,0.000489,172.31.40.0-255,66,36692,65,178542
5057,0.000494,74.125.68.0-255,2902,39594,65,178542
5058,0.000497,172.31.40.0-255,66,39660,65,178542
5059,0.000512,74.125.68.0-255,2902,42562,65,178542
5060,0.000514,172.31.40.0-255,66,42628,65,178542
5061,0.000542,74.125.68.0-255,2902,45530,65,178542
5062,0.000544,172.31.40.0-255,66,45596,65,178542
5063,0.000553,74.125.68.0-255,7156,52752,65,178542
5064,0.000556,172.31.40.0-255,66,52818,65,178542
5065,0.000581,74.125.68.0-255,2902,55720,65,178542
5066,0.000584,172.31.40.0-255,66,55786,65,178542
5067,0.000612,74.125.68.0-255,5738,61524,65,178542
5068,0.000616,172.31.40.0-255,66,61590,65,178542
5069,0.000622,74.125.68.0-255,5020,66610,65,178542
5070,0.000624,172.31.40.0-255,66,66676,65,178542
5071,0.000655,74.125.68.0-255,356,67032,65,178542
5072,0.000714,74.125.68.0-255,386,67418,65,178542
5073,0.001121,74.125.68.0-255,1484,68902,65,178542
5074,0.001126,172.31.40.0-255,66,68968,65,178542
5075,0.00114,74.125.68.0-255,1484,70452,65,178542
5076,0.001153,74.125.68.0-255,1484,71936,65,178542
5077,0.001156,172.31.40.0-255,66,72002,65,178542
5078,0.001172,74.125.68.0-255,2902,74904,65,178542
5079,0.001175,172.31.40.0-255,66,74970,65,178542
5080,0.001195,74.125.68.0-255,1484,76454,65,178542
5081,0.001215,74.125.68.0-255,2902,79356,65,178542
5082,0.001217,172.31.40.0-255,66,79422,65,178542
5083,0.001237,74.125.68.0-255,5738,85160,65,178542
5084,0.001239,172.31.40.0-255,66,85226,65,178542
5085,0.001258,74.125.68.0-255,2902,88128,65,178542
5086,0.00126,172.31.40.0-255,66,88194,65,178542
5087,0.00129,74.125.68.0-255,4320,92514,65,178542
5088,0.001292,172.31.40.0-255,66,92580,65,178542
5089,0.001309,74.125.68.0-255,4320,96900,65,178542
5090,0.001312,172.31.40.0-255,66,96966,65,178542
5091,0.001335,74.125.68.0-255,1484,98450,65,178542
5092,0.001358,74.125.68.0-255,3602,102052,65,178542
5093,0.001361,172.31.40.0-255,66,102118,65,178542
5094,0.001841,74.125.68.0-255,1484,103602,65,178542
5095,0.001858,74.125.68.0-255,1484,105086,65,178542
5096,0.001862,172.31.40.0-255,66,105152,65,178542
5097,0.001878,74.125.68.0-255,2902,108054,65,178542
5098,0.00188,172.31.40.0-255,66,108120,65,178542
5099,0.001899,74.125.68.0-255,2902,111022,65,178542
5100,0.001901,172.31.40.0-255,66,111088,65,178542
5101,0.001923,74.125.68.0-255,2902,113990,65,178542
5102,0.001925,172.31.40.0-255,66,114056,65,178542
5103,0.001939,74.125.68.0-255,1484,115540,65,178542
5104,0.001955,74.125.68.0-255,5738,121278,65,178542
5105,0.001957,172.31.40.0-255,66,121344,65,178542
5106,0.001961,74.125.68.0-255,1484,122828,65,178542
5107,0.001978,74.125.68.0-255,2902,125730,65,178542
5108,0.00198,172.31.40.0-255,66,125796,65,178542
5109,0.001987,74.125.68.0-255,5738,131534,65,178542
5110,0.001989,172.31.40.0-255,66,131600,65,178542
5111,0.002005,74.125.68.0-255,1484,133084,65,178542
5112,0.002026,74.125.68.0-255,3602,136686,65,178542
5113,0.002029,172.31.40.0-255,66,136752,65,178542
5114,0.002046,74.125.68.0-255,2902,139654,65,178542
5115,0.002048,172.31.40.0-255,66,139720,65,178542
5116,0.00207,74.125.68.0-255,2902,142622,65,178542
5117,0.002072,172.31.40.0-255,66,142688,65,178542
5118,0.002077,74.125.68.0-255,2902,145590,65,178542
5119,0.002079,172.31.40.0-255,66,145656,65,178542
5120,0.002083,74.125.68.0-255,2902,148558,65,178542
5121,0.002085,172.31.40.0-255,66,148624,65,178542
5122,0.002115,74.125.68.0-255,1484,150108,65,178542
5123,0.002144,172.31.40.0-255,66,150174,65,178542
5124,0.002151,74.125.68.0-255,5738,155912,65,178542
5125,0.002153,172.31.40.0-255,66,155978,65,178542
5126,0.00216,74.125.68.0-255,6438,162416,65,178542
5127,0.002162,172.31.40.0-255,66,162482,65,178542
5128,0.00428,74.125.68.0-255,5738,168220,65,178542
5129,0.004287,172.31.40.0-255,66,168286,65,178542
5130,0.006394,74.125.68.0-255,4320,172606,65,178542
5131,0.0064,172.31.40.0-255,66,172672,65,178542
5132,0.00642,74.125.68.0-255,1484,174156,65,178542
5133,0.008515,74.125.68.0-255,4320,178476,65,178542
5134,0.008524,172.31.40.0-255,66,178542,65,178542
5135,0.0,74.125.24.0-255,153,153,65,197379
5136,2.1e-05,172.31.40.0-255,66,219,65,197379
5137,2.8e-05,74.125.24.0-255,1484,1703,65,197379
5138,3.2e-05,172.31.40.0-255,66,1769,65,197379
5139,3.7e-05,74.125.24.0-255,2902,4671,65,197379
5140,4.7e-05,172.31.40.0-255,66,4737,65,197379
5141,5.2e-05,74.125.24.0-255,2902,7639,65,197379
5142,5.4e-05,172.31.40.0-255,66,7705,65,197379
5143,5.9e-05,74.125.24.0-255,2902,10607,65,197379
5144,6.1e-05,172.31.40.0-255,66,10673,65,197379
5145,9.7e-05,172.31.40.0-255,66,10739,65,197379
5146,0.00011,172.31.40.0-255,66,10805,65,197379
5147,0.000164,74.125.24.0-255,1484,12289,65,197379
5148,0.000167,172.31.40.0-255,66,12355,65,197379
5149,0.000171,74.125.24.0-255,2902,15257,65,197379
5150,0.000173,172.31.40.0-255,66,15323,65,197379
5151,0.000208,74.125.24.0-255,5738,21061,65,197379
5152,0.000211,172.31.40.0-255,66,21127,65,197379
5153,0.000235,74.125.24.0-255,4320,25447,65,197379
5154,0.000238,172.31.40.0-255,66,25513,65,197379
5155,0.000284,172.31.40.0-255,66,25579,65,197379
5156,0.0003,172.31.40.0-255,66,25645,65,197379
5157,0.000303,74.125.24.0-255,416,26061,65,197379
5158,0.000305,172.31.40.0-255,66,26127,65,197379
5159,0.000324,74.125.24.0-255,330,26457,65,197379
5160,0.000326,172.31.40.0-255,66,26523,65,197379
5161,0.000615,74.125.24.0-255,1484,28007,65,197379
5162,0.00062,172.31.40.0-255,66,28073,65,197379
5163,0.000625,74.125.24.0-255,2902,30975,65,197379
5164,0.000627,172.31.40.0-255,66,31041,65,197379
5165,0.000634,74.125.24.0-255,5738,36779,65,197379
5166,0.00064,172.31.40.0-255,66,36845,65,197379
5167,0.000643,74.125.24.0-255,1484,38329,65,197379
5168,0.000664,74.125.24.0-255,2902,41231,65,197379
5169,0.00067,172.31.40.0-255,66,41297,65,197379
5170,0.000676,74.125.24.0-255,5738,47035,65,197379
5171,0.000678,172.31.40.0-255,66,47101,65,197379
5172,0.000705,74.125.24.0-255,1484,48585,65,197379
5173,0.000734,172.31.40.0-255,66,48651,65,197379
5174,0.000737,74.125.24.0-255,2184,50835,65,197379
5175,0.000739,172.31.40.0-255,66,50901,65,197379
5176,0.001122,74.125.24.0-255,1484,52385,65,197379
5177,0.001126,74.125.24.0-255,1484,53869,65,197379
5178,0.001129,172.31.40.0-255,66,53935,65,197379
5179,0.001143,74.125.24.0-255,1484,55419,65,197379
5180,0.001151,74.125.24.0-255,2902,58321,65,197379
5181,0.001153,172.31.40.0-255,66,58387,65,197379
5182,0.001173,74.125.24.0-255,2902,61289,65,197379
5183,0.001191,172.31.40.0-255,66,61355,65,197379
5184,0.001193,172.31.40.0-255,66,61421,65,197379
5185,0.001305,74.125.24.0-255,7156,68577,65,197379
5186,0.001309,172.31.40.0-255,66,68643,65,197379
5187,0.001325,74.125.24.0-255,3602,72245,65,197379
5188,0.001329,172.31.40.0-255,66,72311,65,197379
5189,0.001389,74.125.24.0-255,1484,73795,65,197379
5190,0.001403,74.125.24.0-255,2902,76697,65,197379
5191,0.001406,172.31.40.0-255,66,76763,65,197379
5192,0.00141,74.125.24.0-255,2902,79665,65,197379
5193,0.001411,172.31.40.0-255,66,79731,65,197379
5194,0.001436,74.125.24.0-255,2902,82633,65,197379
5195,0.001438,172.31.40.0-255,66,82699,65,197379
5196,0.001448,172.31.40.0-255,66,82765,65,197379
5197,0.001471,74.125.24.0-255,2902,85667,65,197379
5198,0.001473,172.31.40.0-255,66,85733,65,197379
5199,0.001478,74.125.24.0-255,4320,90053,65,197379
5200,0.00148,172.31.40.0-255,66,90119,65,197379
5201,0.001509,74.125.24.0-255,6438,96557,65,197379
5202,0.001511,172.31.40.0-255,66,96623,65,197379
5203,0.001548,172.31.40.0-255,66,96689,65,197379
5204,0.001559,172.31.40.0-255,66,96755,65,197379
5205,0.001585,74.125.24.0-255,5738,102493,65,197379
5206,0.001591,172.31.40.0-255,66,102559,65,197379
5207,0.001618,74.125.24.0-255,6438,108997,65,197379
5208,0.001621,172.31.40.0-255,66,109063,65,197379
5209,0.001744,74.125.24.0-255,1484,110547,65,197379
5210,0.001748,74.125.24.0-255,1484,112031,65,197379
5211,0.001756,172.31.40.0-255,66,112097,65,197379
5212,0.00176,74.125.24.0-255,1484,113581,65,197379
5213,0.001766,74.125.24.0-255,5738,119319,65,197379
5214,0.001767,172.31.40.0-255,66,119385,65,197379
5215,0.00177,74.125.24.0-255,1484,120869,65,197379
5216,0.0018,74.125.24.0-255,2902,123771,65,197379
5217,0.001802,172.31.40.0-255,66,123837,65,197379
5218,0.001813,172.31.40.0-255,66,123903,65,197379
5219,0.001862,172.31.40.0-255,66,123969,65,197379
5220,0.001894,74.125.24.0-255,1484,125453,65,197379
5221,0.001898,74.125.24.0-255,2902,128355,65,197379
5222,0.001901,172.31.40.0-255,66,128421,65,197379
5223,0.001935,74.125.24.0-255,5738,134159,65,197379
5224,0.001938,172.31.40.0-255,66,134225,65,197379
5225,0.001953,172.31.40.0-255,66,134291,65,197379
5226,0.001981,74.125.24.0-255,2902,137193,65,197379
5227,0.001983,172.31.40.0-255,66,137259,65,197379
5228,0.002011,172.31.40.0-255,66,137325,65,197379
5229,0.002057,74.125.24.0-255,1484,138809,65,197379
5230,0.00206,74.125.24.0-255,1484,140293,65,197379
5231,0.002062,172.31.40.0-255,66,140359,65,197379
5232,0.002072,74.125.24.0-255,1484,141843,65,197379
5233,0.002078,74.125.24.0-255,5738,147581,65,197379
5234,0.00208,172.31.40.0-255,66,147647,65,197379
5235,0.002089,74.125.24.0-255,5738,153385,65,197379
5236,0.002091,172.31.40.0-255,66,153451,65,197379
5237,0.002106,74.125.24.0-255,1484,154935,65,197379
5238,0.00211,74.125.24.0-255,2902,157837,65,197379
5239,0.002112,172.31.40.0-255,66,157903,65,197379
5240,0.002148,172.31.40.0-255,66,157969,65,197379
5241,0.002152,74.125.24.0-255,2184,160153,65,197379
5242,0.002154,172.31.40.0-255,66,160219,65,197379
5243,0.002185,74.125.24.0-255,1484,161703,65,197379
5244,0.002188,74.125.24.0-255,1484,163187,65,197379
5245,0.00219,172.31.40.0-255,66,163253,65,197379
5246,0.0022,74.125.24.0-255,1484,164737,65,197379
5247,0.002203,74.125.24.0-255,1484,166221,65,197379
5248,0.002208,172.31.40.0-255,66,166287,65,197379
5249,0.002234,74.125.24.0-255,4320,170607,65,197379
5250,0.002236,172.31.40.0-255,66,170673,65,197379
5251,0.002245,172.31.40.0-255,66,170739,65,197379
5252,0.002264,74.125.24.0-255,4320,175059,65,197379
5253,0.00227,172.31.40.0-255,66,175125,65,197379
5254,0.002276,74.125.24.0-255,7156,182281,65,197379
5255,0.002279,172.31.40.0-255,66,182347,65,197379
5256,0.0023,74.125.24.0-255,6438,188785,65,197379
5257,0.002302,172.31.40.0-255,66,188851,65,197379
5258,0.002305,74.125.24.0-255,1484,190335,65,197379
5259,0.002338,172.31.40.0-255,66,190401,65,197379
5260,0.002378,172.31.40.0-255,66,190467,65,197379
5261,0.002401,74.125.24.0-255,6438,196905,65,197379
5262,0.002405,172.31.40.0-255,66,196971,65,197379
5263,0.002418,172.31.40.0-255,66,197037,65,197379
5264,0.002461,172.31.40.0-255,66,197103,65,197379
5265,0.004844,74.125.24.0-255,105,197208,65,197379
5266,0.007975,172.31.40.0-255,66,197274,65,197379
5267,0.008014,172.31.40.0-255,105,197379,65,197379
5268,0.0,74.125.24.0-255,152,152,65,220634
5269,2e-05,172.31.40.0-255,66,218,65,220634
5270,2.7e-05,74.125.24.0-255,1484,1702,65,220634
5271,3.1e-05,172.31.40.0-255,66,1768,65,220634
5272,3.6e-05,74.125.24.0-255,2902,4670,65,220634
5273,3.9e-05,172.31.40.0-255,66,4736,65,220634
5274,4.5e-05,74.125.24.0-255,5738,10474,65,220634
5275,4.8e-05,172.31.40.0-255,66,10540,65,220634
5276,5e-05,74.125.24.0-255,1484,12024,65,220634
5277,5.3e-05,172.31.40.0-255,66,12090,65,220634
5278,7.1e-05,74.125.24.0-255,2038,14128,65,220634
5279,7.4e-05,172.31.40.0-255,66,14194,65,220634
5280,0.000186,74.125.24.0-255,1484,15678,65,220634
5281,0.00019,172.31.40.0-255,66,15744,65,220634
5282,0.000195,74.125.24.0-255,2902,18646,65,220634
5283,0.000197,172.31.40.0-255,66,18712,65,220634
5284,0.000202,74.125.24.0-255,2902,21614,65,220634
5285,0.000203,172.31.40.0-255,66,21680,65,220634
5286,0.000223,74.125.24.0-255,2902,24582,65,220634
5287,0.000225,172.31.40.0-255,66,24648,65,220634
5288,0.000228,74.125.24.0-255,1484,26132,65,220634
5289,0.000229,172.31.40.0-255,66,26198,65,220634
5290,0.000244,74.125.24.0-255,5738,31936,65,220634
5291,0.000247,172.31.40.0-255,66,32002,65,220634
5292,0.000268,74.125.24.0-255,3961,35963,65,220634
5293,0.00027,172.31.40.0-255,66,36029,65,220634
5294,0.00028,172.31.40.0-255,66,36095,65,220634
5295,0.0003,172.31.40.0-255,66,36161,65,220634
5296,0.00033,172.31.40.0-255,66,36227,65,220634
5297,0.000388,74.125.24.0-255,398,36625,65,220634
5298,0.000444,74.125.24.0-255,111,36736,65,220634
5299,0.000548,74.125.24.0-255,1484,38220,65,220634
5300,0.000557,172.31.40.0-255,66,38286,65,220634
5301,0.000568,74.125.24.0-255,2902,41188,65,220634
5302,0.000582,74.125.24.0-255,4320,45508,65,220634
5303,0.00059,172.31.40.0-255,66,45574,65,220634
5304,0.000598,74.125.24.0-255,1484,47058,65,220634
5305,0.000603,74.125.24.0-255,4320,51378,65,220634
5306,0.000627,74.125.24.0-255,1484,52862,65,220634
5307,0.00063,172.31.40.0-255,66,52928,65,220634
5308,0.000641,172.31.40.0-255,66,52994,65,220634
5309,0.000652,74.125.24.0-255,331,53325,65,220634
5310,0.000671,172.31.40.0-255,66,53391,65,220634
5311,0.001153,74.125.24.0-255,1484,54875,65,220634
5312,0.001159,74.125.24.0-255,2902,57777,65,220634
5313,0.001162,172.31.40.0-255,66,57843,65,220634
5314,0.001169,74.125.24.0-255,5738,63581,65,220634
5315,0.001172,172.31.40.0-255,66,63647,65,220634
5316,0.001196,74.125.24.0-255,5738,69385,65,220634
5317,0.001201,172.31.40.0-255,66,69451,65,220634
5318,0.001225,74.125.24.0-255,7156,76607,65,220634
5319,0.001227,172.31.40.0-255,66,76673,65,220634
5320,0.00125,74.125.24.0-255,766,77439,65,220634
5321,0.001281,74.125.24.0-255,5738,83177,65,220634
5322,0.001284,172.31.40.0-255,66,83243,65,220634
5323,0.001289,172.31.40.0-255,66,83309,65,220634
5324,0.001306,74.125.24.0-255,5738,89047,65,220634
5325,0.00133,172.31.40.0-255,66,89113,65,220634
5326,0.001352,172.31.40.0-255,66,89179,65,220634
5327,0.001503,74.125.24.0-255,1484,90663,65,220634
5328,0.001509,74.125.24.0-255,2902,93565,65,220634
5329,0.001512,172.31.40.0-255,66,93631,65,220634
5330,0.001535,74.125.24.0-255,5738,99369,65,220634
5331,0.001545,172.31.40.0-255,66,99435,65,220634
5332,0.001578,74.125.24.0-255,7156,106591,65,220634
5333,0.001596,74.125.24.0-255,5738,112329,65,220634
5334,0.001603,74.125.24.0-255,7156,119485,65,220634
5335,0.001608,172.31.40.0-255,66,119551,65,220634
5336,0.001631,74.125.24.0-255,3602,123153,65,220634
5337,0.001644,172.31.40.0-255,66,123219,65,220634
5338,0.002347,74.125.24.0-255,1484,124703,65,220634
5339,0.002357,74.125.24.0-255,2902,127605,65,220634
5340,0.002361,172.31.40.0-255,66,127671,65,220634
5341,0.002382,74.125.24.0-255,2902,130573,65,220634
5342,0.002385,172.31.40.0-255,66,130639,65,220634
5343,0.002388,74.125.24.0-255,1484,132123,65,220634
5344,0.00239,74.125.24.0-255,1484,133607,65,220634
5345,0.002392,172.31.40.0-255,66,133673,65,220634
5346,0.002418,74.125.24.0-255,4320,137993,65,220634
5347,0.00242,172.31.40.0-255,66,138059,65,220634
5348,0.002442,74.125.24.0-255,4320,142379,65,220634
5349,0.002445,172.31.40.0-255,66,142445,65,220634
5350,0.002449,74.125.24.0-255,2902,145347,65,220634
5351,0.002451,172.31.40.0-255,66,145413,65,220634
5352,0.002504,74.125.24.0-255,3602,149015,65,220634
5353,0.002743,74.125.24.0-255,1484,150499,65,220634
5354,0.00275,74.125.24.0-255,2902,153401,65,220634
5355,0.002766,74.125.24.0-255,4320,157721,65,220634
5356,0.002775,74.125.24.0-255,1484,159205,65,220634
5357,0.002788,74.125.24.0-255,2902,162107,65,220634
5358,0.002861,74.125.24.0-255,4320,166427,65,220634
5359,0.002916,74.125.24.0-255,2184,168611,65,220634
5360,0.002922,74.125.24.0-255,7156,175767,65,220634
5361,0.002927,74.125.24.0-255,3602,179369,65,220634
5362,0.002929,74.125.24.0-255,1484,180853,65,220634
5363,0.002932,74.125.24.0-255,1484,182337,65,220634
5364,0.002934,74.125.24.0-255,1484,183821,65,220634
5365,0.002936,74.125.24.0-255,1484,185305,65,220634
5366,0.002968,74.125.24.0-255,1484,186789,65,220634
5367,0.002992,74.125.24.0-255,2902,189691,65,220634
5368,0.002994,74.125.24.0-255,1484,191175,65,220634
5369,0.002997,74.125.24.0-255,1484,192659,65,220634
5370,0.003018,74.125.24.0-255,1484,194143,65,220634
5371,0.003051,74.125.24.0-255,7156,201299,65,220634
5372,0.003076,74.125.24.0-255,2902,204201,65,220634
5373,0.003105,74.125.24.0-255,5738,209939,65,220634
5374,0.003135,74.125.24.0-255,2902,212841,65,220634
5375,0.003138,74.125.24.0-255,1484,214325,65,220634
5376,0.003164,74.125.24.0-255,1484,215809,65,220634
5377,0.003169,74.125.24.0-255,2902,218711,65,220634
5378,0.003199,74.125.24.0-255,1484,220195,65,220634
5379,0.003272,74.125.24.0-255,97,220292,65,220634
5380,0.003275,74.125.24.0-255,105,220397,65,220634
5381,0.00347,172.31.40.0-255,66,220463,65,220634
5382,0.005027,172.31.40.0-255,105,220568,65,220634
5383,0.007306,74.125.24.0-255,66,220634,65,220634
5384,0.0,172.217.194.0-255,297,297,65,133471
5385,2.4e-05,172.31.40.0-255,66,363,65,133471
5386,3e-05,172.217.194.0-255,1484,1847,65,133471
5387,3.4e-05,172.31.40.0-255,66,1913,65,133471
5388,4.2e-05,172.217.194.0-255,4320,6233,65,133471
5389,5.3e-05,172.31.40.0-255,66,6299,65,133471
5390,6.7e-05,172.31.40.0-255,66,6365,65,133471
5391,7.8e-05,172.31.40.0-255,66,6431,65,133471
5392,0.000111,172.217.194.0-255,5379,11810,65,133471
5393,0.000114,172.31.40.0-255,66,11876,65,133471
5394,0.000509,172.217.194.0-255,1484,13360,65,133471
5395,0.000516,172.31.40.0-255,66,13426,65,133471
5396,0.000522,172.217.194.0-255,2902,16328,65,133471
5397,0.000525,172.31.40.0-255,66,16394,65,133471
5398,0.00053,172.217.194.0-255,2902,19296,65,133471
5399,0.000537,172.31.40.0-255,66,19362,65,133471
5400,0.000565,172.217.194.0-255,2902,22264,65,133471
5401,0.000568,172.31.40.0-255,66,22330,65,133471
5402,0.00058,172.31.40.0-255,66,22396,65,133471
5403,0.000634,172.31.40.0-255,66,22462,65,133471
5404,0.000715,172.217.194.0-255,379,22841,65,133471
5405,0.000719,172.31.40.0-255,66,22907,65,133471
5406,0.000818,172.217.194.0-255,1484,24391,65,133471
5407,0.000821,172.31.40.0-255,66,24457,65,133471
5408,0.000826,172.217.194.0-255,2902,27359,65,133471
5409,0.000828,172.31.40.0-255,66,27425,65,133471
5410,0.000865,172.217.194.0-255,5738,33163,65,133471
5411,0.000868,172.31.40.0-255,66,33229,65,133471
5412,0.000873,172.217.194.0-255,4320,37549,65,133471
5413,0.000875,172.31.40.0-255,66,37615,65,133471
5414,0.000895,172.217.194.0-255,2902,40517,65,133471
5415,0.000897,172.31.40.0-255,66,40583,65,133471
5416,0.00091,172.217.194.0-255,7156,47739,65,133471
5417,0.000913,172.31.40.0-255,66,47805,65,133471
5418,0.000938,172.217.194.0-255,7156,54961,65,133471
5419,0.000941,172.31.40.0-255,66,55027,65,133471
5420,0.000963,172.217.194.0-255,2482,57509,65,133471
5421,0.000966,172.31.40.0-255,66,57575,65,133471
5422,0.001295,172.217.194.0-255,1484,59059,65,133471
5423,0.001303,172.217.194.0-255,2902,61961,65,133471
5424,0.001307,172.31.40.0-255,66,62027,65,133471
5425,0.001336,172.217.194.0-255,5738,67765,65,133471
5426,0.001339,172.31.40.0-255,66,67831,65,133471
5427,0.001345,172.217.194.0-255,5738,73569,65,133471
5428,0.001348,172.31.40.0-255,66,73635,65,133471
5429,0.00139,172.217.194.0-255,7156,80791,65,133471
5430,0.001394,172.31.40.0-255,66,80857,65,133471
5431,0.001401,172.217.194.0-255,5738,86595,65,133471
5432,0.001403,172.31.40.0-255,66,86661,65,133471
5433,0.001427,172.217.194.0-255,5020,91681,65,133471
5434,0.001429,172.31.40.0-255,66,91747,65,133471
5435,0.001768,172.217.194.0-255,1484,93231,65,133471
5436,0.001772,172.217.194.0-255,1484,94715,65,133471
5437,0.001775,172.31.40.0-255,66,94781,65,133471
5438,0.001805,172.217.194.0-255,1484,96265,65,133471
5439,0.001812,172.217.194.0-255,5738,102003,65,133471
5440,0.001815,172.31.40.0-255,66,102069,65,133471
5441,0.001826,172.31.40.0-255,66,102135,65,133471
5442,0.001863,172.217.194.0-255,2902,105037,65,133471
5443,0.001866,172.31.40.0-255,66,105103,65,133471
5444,0.001873,172.217.194.0-255,7156,112259,65,133471
5445,0.001876,172.31.40.0-255,66,112325,65,133471
5446,0.001881,172.217.194.0-255,3602,115927,65,133471
5447,0.001883,172.31.40.0-255,66,115993,65,133471
5448,0.00432,172.217.194.0-255,1484,117477,65,133471
5449,0.004341,172.217.194.0-255,4320,121797,65,133471
5450,0.004346,172.31.40.0-255,66,121863,65,133471
5451,0.006779,172.217.194.0-255,5738,127601,65,133471
5452,0.006783,172.31.40.0-255,66,127667,65,133471
5453,0.009223,172.217.194.0-255,5738,133405,65,133471
5454,0.009228,172.31.40.0-255,66,133471,65,133471
5455,0.0,74.125.200.0-255,173,173,65,290988
5456,1.2e-05,172.31.40.0-255,66,239,65,290988
5457,1.8e-05,74.125.200.0-255,1484,1723,65,290988
5458,2.2e-05,172.31.40.0-255,66,1789,65,290988
5459,4.8e-05,74.125.200.0-255,2902,4691,65,290988
5460,5e-05,172.31.40.0-255,66,4757,65,290988
5461,5.9e-05,74.125.200.0-255,4320,9077,65,290988
5462,6.2e-05,172.31.40.0-255,66,9143,65,290988
5463,7.6e-05,74.125.200.0-255,1484,10627,65,290988
5464,7.9e-05,172.31.40.0-255,66,10693,65,290988
5465,8.4e-05,74.125.200.0-255,3443,14136,65,290988
5466,8.7e-05,172.31.40.0-255,66,14202,65,290988
5467,0.000112,74.125.200.0-255,4320,18522,65,290988
5468,0.000117,172.31.40.0-255,66,18588,65,290988
5469,0.000121,74.125.200.0-255,2902,21490,65,290988
5470,0.000124,172.31.40.0-255,66,21556,65,290988
5471,0.000155,74.125.200.0-255,4320,25876,65,290988
5472,0.000158,172.31.40.0-255,66,25942,65,290988
5473,0.00016,74.125.200.0-255,1484,27426,65,290988
5474,0.000162,172.31.40.0-255,66,27492,65,290988
5475,0.000177,74.125.200.0-255,7156,34648,65,290988
5476,0.000183,172.31.40.0-255,66,34714,65,290988
5477,0.000188,74.125.200.0-255,4320,39034,65,290988
5478,0.00019,172.31.40.0-255,66,39100,65,290988
5479,0.000195,74.125.200.0-255,5738,44838,65,290988
5480,0.000198,172.31.40.0-255,66,44904,65,290988
5481,0.000244,74.125.200.0-255,3602,48506,65,290988
5482,0.000246,172.31.40.0-255,66,48572,65,290988
5483,0.000275,74.125.200.0-255,1484,50056,65,290988
5484,0.000278,172.31.40.0-255,66,50122,65,290988
5485,0.000281,74.125.200.0-255,1484,51606,65,290988
5486,0.000283,172.31.40.0-255,66,51672,65,290988
5487,0.0003,74.125.200.0-255,1484,53156,65,290988
5488,0.000326,74.125.200.0-255,5738,58894,65,290988
5489,0.000329,74.125.200.0-255,1484,60378,65,290988
5490,0.000347,74.125.200.0-255,2902,63280,65,290988
5491,0.000375,74.125.200.0-255,2543,65823,65,290988
5492,0.000437,74.125.200.0-255,388,66211,65,290988
5493,0.000484,74.125.200.0-255,1484,67695,65,290988
5494,0.000501,74.125.200.0-255,2902,70597,65,290988
5495,0.000518,74.125.200.0-255,5738,76335,65,290988
5496,0.000539,74.125.200.0-255,5738,82073,65,290988
5497,0.000561,74.125.200.0-255,4320,86393,65,290988
5498,0.000574,74.125.200.0-255,2902,89295,65,290988
5499,0.000588,74.125.200.0-255,7156,96451,65,290988
5500,0.0006,74.125.200.0-255,2902,99353,65,290988
5501,0.000622,74.125.200.0-255,1055,100408,65,290988
5502,0.000922,74.125.200.0-255,1484,101892,65,290988
5503,0.000925,74.125.200.0-255,1484,103376,65,290988
5504,0.000943,74.125.200.0-255,1484,104860,65,290988
5505,0.000947,74.125.200.0-255,4320,109180,65,290988
5506,0.000971,74.125.200.0-255,4320,113500,65,290988
5507,0.000987,74.125.200.0-255,4320,117820,65,290988
5508,0.000993,74.125.200.0-255,7156,124976,65,290988
5509,0.001012,74.125.200.0-255,7156,132132,65,290988
5510,0.001025,74.125.200.0-255,1484,133616,65,290988
5511,0.001028,74.125.200.0-255,766,134382,65,290988
5512,0.001083,74.125.200.0-255,1484,135866,65,290988
5513,0.001098,74.125.200.0-255,2902,138768,65,290988
5514,0.001115,74.125.200.0-255,5738,144506,65,290988
5515,0.001198,74.125.200.0-255,2902,147408,65,290988
5516,0.001265,74.125.200.0-255,1484,148892,65,290988
5517,0.001269,74.125.200.0-255,1484,150376,65,290988
5518,0.00128,74.125.200.0-255,1484,151860,65,290988
5519,0.001294,74.125.200.0-255,1484,153344,65,290988
5520,0.001318,74.125.200.0-255,5738,159082,65,290988
5521,0.001347,74.125.200.0-255,4320,163402,65,290988
5522,0.001359,74.125.200.0-255,1484,164886,65,290988
5523,0.001374,74.125.200.0-255,4320,169206,65,290988
5524,0.001398,74.125.200.0-255,2902,172108,65,290988
5525,0.001403,74.125.200.0-255,4320,176428,65,290988
5526,0.001406,74.125.200.0-255,1484,177912,65,290988
5527,0.001431,74.125.200.0-255,3602,181514,65,290988
5528,0.001557,74.125.200.0-255,1484,182998,65,290988
5529,0.001576,74.125.200.0-255,1484,184482,65,290988
5530,0.001589,74.125.200.0-255,1484,185966,65,290988
5531,0.00161,74.125.200.0-255,2902,188868,65,290988
5532,0.001616,74.125.200.0-255,4320,193188,65,290988
5533,0.001645,74.125.200.0-255,2902,196090,65,290988
5534,0.001668,74.125.200.0-255,5738,201828,65,290988
5535,0.001684,74.125.200.0-255,5738,207566,65,290988
5536,0.001699,74.125.200.0-255,4320,211886,65,290988
5537,0.001702,74.125.200.0-255,1484,213370,65,290988
5538,0.00174,74.125.200.0-255,2184,215554,65,290988
5539,0.001925,74.125.200.0-255,1484,217038,65,290988
5540,0.00194,74.125.200.0-255,2902,219940,65,290988
5541,0.001943,74.125.200.0-255,1484,221424,65,290988
5542,0.001946,74.125.200.0-255,1484,222908,65,290988
5543,0.001958,74.125.200.0-255,1484,224392,65,290988
5544,0.001975,74.125.200.0-255,4320,228712,65,290988
5545,0.001986,74.125.200.0-255,1484,230196,65,290988
5546,0.002005,74.125.200.0-255,2902,233098,65,290988
5547,0.002018,74.125.200.0-255,4320,237418,65,290988
5548,0.002025,74.125.200.0-255,5738,243156,65,290988
5549,0.002047,74.125.200.0-255,2902,246058,65,290988
5550,0.002052,74.125.200.0-255,3602,249660,65,290988
5551,0.002169,74.125.200.0-255,1484,251144,65,290988
5552,0.002176,74.125.200.0-255,2902,254046,65,290988
5553,0.002183,74.125.200.0-255,5738,259784,65,290988
5554,0.002199,74.125.200.0-255,2902,262686,65,290988
5555,0.002215,74.125.200.0-255,2902,265588,65,290988
5556,0.002232,74.125.200.0-255,4320,269908,65,290988
5557,0.002246,74.125.200.0-255,2902,272810,65,290988
5558,0.00225,74.125.200.0-255,2902,275712,65,290988
5559,0.002265,74.125.200.0-255,4320,280032,65,290988
5560,0.002301,74.125.200.0-255,2902,282934,65,290988
5561,0.002317,74.125.200.0-255,2184,285118,65,290988
5562,0.005927,172.31.40.0-255,66,285184,65,290988
5563,0.008276,74.125.200.0-255,5738,290922,65,290988
5564,0.008285,172.31.40.0-255,66,290988,65,290988
5565,0.0,172.253.118.0-255,296,296,65,179062
5566,2.1e-05,172.31.40.0-255,66,362,65,179062
5567,2.8e-05,172.253.118.0-255,1484,1846,65,179062
5568,3.2e-05,172.31.40.0-255,66,1912,65,179062
5569,3.9e-05,172.253.118.0-255,4320,6232,65,179062
5570,5e-05,172.31.40.0-255,66,6298,65,179062
5571,5.8e-05,172.253.118.0-255,7156,13454,65,179062
5572,6.2e-05,172.31.40.0-255,66,13520,65,179062
5573,8.4e-05,172.253.118.0-255,485,14005,65,179062
5574,9.3e-05,172.31.40.0-255,66,14071,65,179062
5575,0.000104,172.31.40.0-255,66,14137,65,179062
5576,0.000143,172.253.118.0-255,1484,15621,65,179062
5577,0.000145,172.31.40.0-255,66,15687,65,179062
5578,0.00015,172.253.118.0-255,2902,18589,65,179062
5579,0.000152,172.31.40.0-255,66,18655,65,179062
5580,0.000175,172.253.118.0-255,3961,22616,65,179062
5581,0.000181,172.31.40.0-255,66,22682,65,179062
5582,0.000253,172.253.118.0-255,1484,24166,65,179062
5583,0.000256,172.31.40.0-255,66,24232,65,179062
5584,0.000283,172.253.118.0-255,2902,27134,65,179062
5585,0.000286,172.31.40.0-255,66,27200,65,179062
5586,0.000293,172.253.118.0-255,5738,32938,65,179062
5587,0.000295,172.31.40.0-255,66,33004,65,179062
5588,0.000298,172.253.118.0-255,1484,34488,65,179062
5589,0.0003,172.31.40.0-255,66,34554,65,179062
5590,0.000324,172.253.118.0-255,1484,36038,65,179062
5591,0.000326,172.31.40.0-255,66,36104,65,179062
5592,0.000359,172.31.40.0-255,66,36170,65,179062
5593,0.000414,172.253.118.0-255,4320,40490,65,179062
5594,0.000417,172.31.40.0-255,66,40556,65,179062
5595,0.000451,172.253.118.0-255,6438,46994,65,179062
5596,0.000453,172.31.40.0-255,66,47060,65,179062
5597,0.000456,172.253.118.0-255,424,47484,65,179062
5598,0.000601,172.253.118.0-255,1484,48968,65,179062
5599,0.000605,172.31.40.0-255,66,49034,65,179062
5600,0.000613,172.253.118.0-255,2902,51936,65,179062
5601,0.000616,172.31.40.0-255,66,52002,65,179062
5602,0.000639,172.253.118.0-255,4320,56322,65,179062
5603,0.000641,172.31.40.0-255,66,56388,65,179062
5604,0.000648,172.253.118.0-255,5738,62126,65,179062
5605,0.00065,172.31.40.0-255,66,62192,65,179062
5606,0.000681,172.253.118.0-255,2902,65094,65,179062
5607,0.000684,172.31.40.0-255,66,65160,65,179062
5608,0.00071,172.253.118.0-255,2902,68062,65,179062
5609,0.000712,172.31.40.0-255,66,68128,65,179062
5610,0.000755,172.31.40.0-255,66,68194,65,179062
5611,0.000804,172.253.118.0-255,349,68543,65,179062
5612,0.0009,172.253.118.0-255,1484,70027,65,179062
5613,0.000904,172.31.40.0-255,66,70093,65,179062
5614,0.000908,172.253.118.0-255,1484,71577,65,179062
5615,0.000928,172.253.118.0-255,1484,73061,65,179062
5616,0.000931,172.31.40.0-255,66,73127,65,179062
5617,0.000935,172.253.118.0-255,2902,76029,65,179062
5618,0.000937,172.31.40.0-255,66,76095,65,179062
5619,0.00094,172.253.118.0-255,1484,77579,65,179062
5620,0.000957,172.253.118.0-255,2902,80481,65,179062
5621,0.000963,172.31.40.0-255,66,80547,65,179062
5622,0.000966,172.253.118.0-255,1484,82031,65,179062
5623,0.001007,172.253.118.0-255,7156,89187,65,179062
5624,0.00101,172.31.40.0-255,66,89253,65,179062
5625,0.001039,172.253.118.0-255,4320,93573,65,179062
5626,0.001042,172.31.40.0-255,66,93639,65,179062
5627,0.001074,172.253.118.0-255,5738,99377,65,179062
5628,0.001077,172.31.40.0-255,66,99443,65,179062
5629,0.001102,172.253.118.0-255,3602,103045,65,179062
5630,0.001104,172.31.40.0-255,66,103111,65,179062
5631,0.001152,172.253.118.0-255,1484,104595,65,179062
5632,0.001175,172.253.118.0-255,2902,107497,65,179062
5633,0.001178,172.31.40.0-255,66,107563,65,179062
5634,0.001185,172.253.118.0-255,5738,113301,65,179062
5635,0.001188,172.31.40.0-255,66,113367,65,179062
5636,0.001214,172.253.118.0-255,2902,116269,65,179062
5637,0.001218,172.31.40.0-255,66,116335,65,179062
5638,0.001228,172.253.118.0-255,4320,120655,65,179062
5639,0.001234,172.31.40.0-255,66,120721,65,179062
5640,0.001298,172.253.118.0-255,4320,125041,65,179062
5641,0.0013,172.31.40.0-255,66,125107,65,179062
5642,0.001332,172.31.40.0-255,66,125173,65,179062
5643,0.001357,172.253.118.0-255,2184,127357,65,179062
5644,0.00136,172.31.40.0-255,66,127423,65,179062
5645,0.001364,172.253.118.0-255,2902,130325,65,179062
5646,0.001366,172.31.40.0-255,66,130391,65,179062
5647,0.001406,172.253.118.0-255,7156,137547,65,179062
5648,0.001409,172.31.40.0-255,66,137613,65,179062
5649,0.001456,172.253.118.0-255,5738,143351,65,179062
5650,0.00146,172.31.40.0-255,66,143417,65,179062
5651,0.001499,172.31.40.0-255,66,143483,65,179062
5652,0.001556,172.253.118.0-255,1484,144967,65,179062
5653,0.001561,172.253.118.0-255,1484,146451,65,179062
5654,0.001564,172.31.40.0-255,66,146517,65,179062
5655,0.001591,172.253.118.0-255,5020,151537,65,179062
5656,0.001594,172.31.40.0-255,66,151603,65,179062
5657,0.001599,172.253.118.0-255,2902,154505,65,179062
5658,0.001602,172.31.40.0-255,66,154571,65,179062
5659,0.001634,172.31.40.0-255,66,154637,65,179062
5660,0.001724,172.253.118.0-255,4320,158957,65,179062
5661,0.001728,172.31.40.0-255,66,159023,65,179062
5662,0.001776,172.31.40.0-255,66,159089,65,179062
5663,0.001869,172.253.118.0-255,5738,164827,65,179062
5664,0.001873,172.31.40.0-255,66,164893,65,179062
5665,0.001909,172.31.40.0-255,66,164959,65,179062
5666,0.001998,172.31.40.0-255,66,165025,65,179062
5667,0.002016,172.253.118.0-255,2184,167209,65,179062
5668,0.00202,172.31.40.0-255,66,167275,65,179062
5669,0.002069,172.253.118.0-255,2902,170177,65,179062
5670,0.002076,172.31.40.0-255,66,170243,65,179062
5671,0.002117,172.31.40.0-255,66,170309,65,179062
5672,0.002183,172.253.118.0-255,2902,173211,65,179062
5673,0.002188,172.31.40.0-255,66,173277,65,179062
5674,0.002211,172.31.40.0-255,66,173343,65,179062
5675,0.002298,172.253.118.0-255,2902,176245,65,179062
5676,0.002302,172.31.40.0-255,66,176311,65,179062
5677,0.002346,172.31.40.0-255,66,176377,65,179062
5678,0.002371,172.253.118.0-255,2184,178561,65,179062
5679,0.002373,172.31.40.0-255,66,178627,65,179062
5680,0.002539,172.31.40.0-255,66,178693,65,179062
5681,0.002591,172.31.40.0-255,66,178759,65,179062
5682,0.002763,172.31.40.0-255,66,178825,65,179062
5683,0.002818,172.31.40.0-255,66,178891,65,179062
5684,0.004985,172.31.40.0-255,105,178996,65,179062
5685,0.007563,172.253.118.0-255,66,179062,65,179062
5686,0.0,172.217.194.0-255,151,151,65,203844
5687,2.2e-05,172.31.40.0-255,66,217,65,203844
5688,2.8e-05,172.217.194.0-255,1484,1701,65,203844
5689,3.2e-05,172.31.40.0-255,66,1767,65,203844
5690,3.8e-05,172.217.194.0-255,2902,4669,65,203844
5691,4.1e-05,172.31.40.0-255,66,4735,65,203844
5692,5.5e-05,172.217.194.0-255,7156,11891,65,203844
5693,5.8e-05,172.31.40.0-255,66,11957,65,203844
5694,6.2e-05,172.217.194.0-255,2053,14010,65,203844
5695,6.5e-05,172.31.40.0-255,66,14076,65,203844
5696,7.7e-05,172.31.40.0-255,66,14142,65,203844
5697,0.000104,172.217.194.0-255,5379,19521,65,203844
5698,0.000108,172.31.40.0-255,66,19587,65,203844
5699,0.000166,172.217.194.0-255,1484,21071,65,203844
5700,0.000169,172.31.40.0-255,66,21137,65,203844
5701,0.000173,172.217.194.0-255,2902,24039,65,203844
5702,0.000175,172.31.40.0-255,66,24105,65,203844
5703,0.000202,172.217.194.0-255,5738,29843,65,203844
5704,0.000204,172.31.40.0-255,66,29909,65,203844
5705,0.000209,172.217.194.0-255,4320,34229,65,203844
5706,0.000211,172.31.40.0-255,66,34295,65,203844
5707,0.00023,172.217.194.0-255,2543,36838,65,203844
5708,0.000232,172.31.40.0-255,66,36904,65,203844
5709,0.00024,172.217.194.0-255,2902,39806,65,203844
5710,0.000242,172.31.40.0-255,66,39872,65,203844
5711,0.000279,172.31.40.0-255,66,39938,65,203844
5712,0.000282,172.217.194.0-255,2834,42772,65,203844
5713,0.000284,172.31.40.0-255,66,42838,65,203844
5714,0.000286,172.217.194.0-255,98,42936,65,203844
5715,0.000289,172.31.40.0-255,66,43002,65,203844
5716,0.00051,172.217.194.0-255,364,43366,65,203844
5717,0.000897,172.31.40.0-255,66,43432,65,203844
5718,0.000984,172.217.194.0-255,1484,44916,65,203844
5719,0.000991,172.217.194.0-255,2902,47818,65,203844
5720,0.000994,172.217.194.0-255,1484,49302,65,203844
5721,0.001028,172.217.194.0-255,4320,53622,65,203844
5722,0.001035,172.217.194.0-255,7156,60778,65,203844
5723,0.001048,172.217.194.0-255,5738,66516,65,203844
5724,0.001069,172.217.194.0-255,2184,68700,65,203844
5725,0.001315,172.217.194.0-255,1484,70184,65,203844
5726,0.001322,172.217.194.0-255,2902,73086,65,203844
5727,0.00136,172.217.194.0-255,1484,74570,65,203844
5728,0.001364,172.217.194.0-255,2902,77472,65,203844
5729,0.001369,172.217.194.0-255,4320,81792,65,203844
5730,0.001386,172.217.194.0-255,1484,83276,65,203844
5731,0.00139,172.217.194.0-255,2902,86178,65,203844
5732,0.001409,172.217.194.0-255,5738,91916,65,203844
5733,0.001425,172.217.194.0-255,1484,93400,65,203844
5734,0.001447,172.217.194.0-255,2902,96302,65,203844
5735,0.001453,172.217.194.0-255,4320,100622,65,203844
5736,0.001479,172.217.194.0-255,2184,102806,65,203844
5737,0.001652,172.217.194.0-255,1484,104290,65,203844
5738,0.00166,172.217.194.0-255,2902,107192,65,203844
5739,0.001681,172.217.194.0-255,1484,108676,65,203844
5740,0.001687,172.217.194.0-255,2902,111578,65,203844
5741,0.00169,172.217.194.0-255,1484,113062,65,203844
5742,0.001716,172.217.194.0-255,4320,117382,65,203844
5743,0.001734,172.217.194.0-255,4320,121702,65,203844
5744,0.001771,172.217.194.0-255,6438,128140,65,203844
5745,0.001856,172.217.194.0-255,1484,129624,65,203844
5746,0.001862,172.217.194.0-255,2902,132526,65,203844
5747,0.001877,172.217.194.0-255,1484,134010,65,203844
5748,0.0019,172.217.194.0-255,4320,138330,65,203844
5749,0.001905,172.217.194.0-255,2902,141232,65,203844
5750,0.001933,172.217.194.0-255,4320,145552,65,203844
5751,0.001943,172.217.194.0-255,7156,152708,65,203844
5752,0.001969,172.217.194.0-255,7156,159864,65,203844
5753,0.001973,172.217.194.0-255,2184,162048,65,203844
5754,0.002002,172.217.194.0-255,4320,166368,65,203844
5755,0.002014,172.217.194.0-255,2902,169270,65,203844
5756,0.002035,172.217.194.0-255,4320,173590,65,203844
5757,0.002042,172.217.194.0-255,7156,180746,65,203844
5758,0.00206,172.217.194.0-255,5738,186484,65,203844
5759,0.002064,172.217.194.0-255,2902,189386,65,203844
5760,0.00215,172.217.194.0-255,1484,190870,65,203844
5761,0.002169,172.217.194.0-255,5020,195890,65,203844
5762,0.002333,172.217.194.0-255,4320,200210,65,203844
5763,0.002416,172.217.194.0-255,2902,203112,65,203844
5764,0.00245,172.217.194.0-255,390,203502,65,203844
5765,0.002453,172.217.194.0-255,105,203607,65,203844
5766,0.002659,172.31.40.0-255,66,203673,65,203844
5767,0.005085,172.31.40.0-255,105,203778,65,203844
5768,0.007514,172.217.194.0-255,66,203844,65,203844
5769,0.0,74.125.130.0-255,151,151,65,252107
5770,3.5e-05,172.31.40.0-255,66,217,65,252107
5771,4.2e-05,74.125.130.0-255,1484,1701,65,252107
5772,4.6e-05,172.31.40.0-255,66,1767,65,252107
5773,5e-05,74.125.130.0-255,2902,4669,65,252107
5774,5.3e-05,172.31.40.0-255,66,4735,65,252107
5775,5.5e-05,74.125.130.0-255,1484,6219,65,252107
5776,5.8e-05,172.31.40.0-255,66,6285,65,252107
5777,7.7e-05,74.125.130.0-255,1484,7769,65,252107
5778,7.8e-05,172.31.40.0-255,66,7835,65,252107
5779,8.4e-05,74.125.130.0-255,4320,12155,65,252107
5780,8.6e-05,172.31.40.0-255,66,12221,65,252107
5781,0.000106,74.125.130.0-255,2064,14285,65,252107
5782,0.000108,172.31.40.0-255,66,14351,65,252107
5783,0.000112,74.125.130.0-255,2902,17253,65,252107
5784,0.000114,172.31.40.0-255,66,17319,65,252107
5785,0.000148,74.125.130.0-255,7156,24475,65,252107
5786,0.000151,172.31.40.0-255,66,24541,65,252107
5787,0.000157,74.125.130.0-255,6797,31338,65,252107
5788,0.000159,172.31.40.0-255,66,31404,65,252107
5789,0.00035,74.125.130.0-255,1484,32888,65,252107
5790,0.000356,172.31.40.0-255,66,32954,65,252107
5791,0.000376,74.125.130.0-255,2902,35856,65,252107
5792,0.00038,172.31.40.0-255,66,35922,65,252107
5793,0.0004,74.125.130.0-255,5738,41660,65,252107
5794,0.000404,172.31.40.0-255,66,41726,65,252107
5795,0.00041,74.125.130.0-255,5738,47464,65,252107
5796,0.000412,172.31.40.0-255,66,47530,65,252107
5797,0.000433,74.125.130.0-255,1125,48655,65,252107
5798,0.000436,172.31.40.0-255,66,48721,65,252107
5799,0.000441,74.125.130.0-255,2902,51623,65,252107
5800,0.000443,172.31.40.0-255,66,51689,65,252107
5801,0.00046,74.125.130.0-255,4320,56009,65,252107
5802,0.000464,172.31.40.0-255,66,56075,65,252107
5803,0.000487,74.125.130.0-255,5738,61813,65,252107
5804,0.000491,172.31.40.0-255,66,61879,65,252107
5805,0.000508,74.125.130.0-255,2902,64781,65,252107
5806,0.00051,74.125.130.0-255,1414,66195,65,252107
5807,0.000513,172.31.40.0-255,66,66261,65,252107
5808,0.000556,74.125.130.0-255,98,66359,65,252107
5809,0.000737,74.125.130.0-255,1484,67843,65,252107
5810,0.000742,172.31.40.0-255,66,67909,65,252107
5811,0.000748,74.125.130.0-255,2902,70811,65,252107
5812,0.00075,172.31.40.0-255,66,70877,65,252107
5813,0.000777,74.125.130.0-255,5738,76615,65,252107
5814,0.00078,172.31.40.0-255,66,76681,65,252107
5815,0.000785,74.125.130.0-255,2902,79583,65,252107
5816,0.000788,172.31.40.0-255,66,79649,65,252107
5817,0.0008,74.125.130.0-255,1484,81133,65,252107
5818,0.000821,74.125.130.0-255,5738,86871,65,252107
5819,0.000823,172.31.40.0-255,66,86937,65,252107
5820,0.000847,74.125.130.0-255,6797,93734,65,252107
5821,0.00085,172.31.40.0-255,66,93800,65,252107
5822,0.000856,74.125.130.0-255,5738,99538,65,252107
5823,0.000858,172.31.40.0-255,66,99604,65,252107
5824,0.000871,74.125.130.0-255,1125,100729,65,252107
5825,0.000975,74.125.130.0-255,1484,102213,65,252107
5826,0.000979,172.31.40.0-255,66,102279,65,252107
5827,0.000984,74.125.130.0-255,2902,105181,65,252107
5828,0.000986,172.31.40.0-255,66,105247,65,252107
5829,0.000992,74.125.130.0-255,4320,109567,65,252107
5830,0.000994,172.31.40.0-255,66,109633,65,252107
5831,0.001011,74.125.130.0-255,1484,111117,65,252107
5832,0.001016,74.125.130.0-255,2902,114019,65,252107
5833,0.001018,172.31.40.0-255,66,114085,65,252107
5834,0.001054,172.31.40.0-255,66,114151,65,252107
5835,0.001065,172.31.40.0-255,66,114217,65,252107
5836,0.001068,74.125.130.0-255,766,114983,65,252107
5837,0.001166,74.125.130.0-255,1484,116467,65,252107
5838,0.00117,172.31.40.0-255,66,116533,65,252107
5839,0.001176,74.125.130.0-255,2902,119435,65,252107
5840,0.001178,172.31.40.0-255,66,119501,65,252107
5841,0.001182,74.125.130.0-255,1484,120985,65,252107
5842,0.001208,74.125.130.0-255,4320,125305,65,252107
5843,0.001211,172.31.40.0-255,66,125371,65,252107
5844,0.001247,74.125.130.0-255,5738,131109,65,252107
5845,0.00125,172.31.40.0-255,66,131175,65,252107
5846,0.001284,74.125.130.0-255,7156,138331,65,252107
5847,0.001287,172.31.40.0-255,66,138397,65,252107
5848,0.001299,172.31.40.0-255,66,138463,65,252107
5849,0.001311,172.31.40.0-255,66,138529,65,252107
5850,0.001347,172.31.40.0-255,66,138595,65,252107
5851,0.001361,172.31.40.0-255,66,138661,65,252107
5852,0.001396,74.125.130.0-255,5020,143681,65,252107
5853,0.001399,172.31.40.0-255,66,143747,65,252107
5854,0.001411,172.31.40.0-255,66,143813,65,252107
5855,0.001417,74.125.130.0-255,4739,148552,65,252107
5856,0.001419,172.31.40.0-255,66,148618,65,252107
5857,0.001466,74.125.130.0-255,1484,150102,65,252107
5858,0.001473,74.125.130.0-255,2902,153004,65,252107
5859,0.001477,172.31.40.0-255,66,153070,65,252107
5860,0.001494,74.125.130.0-255,5738,158808,65,252107
5861,0.001498,172.31.40.0-255,66,158874,65,252107
5862,0.001504,74.125.130.0-255,5738,164612,65,252107
5863,0.001506,172.31.40.0-255,66,164678,65,252107
5864,0.001514,74.125.130.0-255,1484,166162,65,252107
5865,0.001535,74.125.130.0-255,5738,171900,65,252107
5866,0.001539,172.31.40.0-255,66,171966,65,252107
5867,0.001559,74.125.130.0-255,7156,179122,65,252107
5868,0.001562,172.31.40.0-255,66,179188,65,252107
5869,0.001581,74.125.130.0-255,3602,182790,65,252107
5870,0.001584,172.31.40.0-255,66,182856,65,252107
5871,0.001784,74.125.130.0-255,1484,184340,65,252107
5872,0.00179,74.125.130.0-255,1484,185824,65,252107
5873,0.001795,172.31.40.0-255,66,185890,65,252107
5874,0.001811,74.125.130.0-255,1484,187374,65,252107
5875,0.001818,74.125.130.0-255,5738,193112,65,252107
5876,0.001821,172.31.40.0-255,66,193178,65,252107
5877,0.001827,74.125.130.0-255,7156,200334,65,252107
5878,0.00183,172.31.40.0-255,66,200400,65,252107
5879,0.001867,172.31.40.0-255,66,200466,65,252107
5880,0.001884,74.125.130.0-255,2902,203368,65,252107
5881,0.001886,172.31.40.0-255,66,203434,65,252107
5882,0.00189,74.125.130.0-255,2184,205618,65,252107
5883,0.001893,172.31.40.0-255,66,205684,65,252107
5884,0.002006,74.125.130.0-255,1484,207168,65,252107
5885,0.002011,74.125.130.0-255,1484,208652,65,252107
5886,0.002015,172.31.40.0-255,66,208718,65,252107
5887,0.002034,74.125.130.0-255,1484,210202,65,252107
5888,0.002043,74.125.130.0-255,5738,215940,65,252107
5889,0.002047,172.31.40.0-255,66,216006,65,252107
5890,0.002088,74.125.130.0-255,2902,218908,65,252107
5891,0.002125,74.125.130.0-255,7156,226064,65,252107
5892,0.00214,74.125.130.0-255,2902,228966,65,252107
5893,0.002152,74.125.130.0-255,2902,231868,65,252107
5894,0.002157,74.125.130.0-255,4320,236188,65,252107
5895,0.0022,74.125.130.0-255,2902,239090,65,252107
5896,0.002211,74.125.130.0-255,4320,243410,65,252107
5897,0.002221,74.125.130.0-255,1484,244894,65,252107
5898,0.002239,74.125.130.0-255,1484,246378,65,252107
5899,0.002294,74.125.130.0-255,2902,249280,65,252107
5900,0.002305,74.125.130.0-255,2485,251765,65,252107
5901,0.005773,172.31.40.0-255,66,251831,65,252107
5902,0.007991,74.125.130.0-255,105,251936,65,252107
5903,0.009548,172.31.40.0-255,66,252002,65,252107
5904,0.009582,172.31.40.0-255,105,252107,65,252107
5905,0.0,74.125.68.0-255,66,66,65,66
5906,0.0,74.125.68.0-255,152,152,65,328742
5907,1.4e-05,172.31.40.0-255,66,218,65,328742
5908,2e-05,74.125.68.0-255,1484,1702,65,328742
5909,2.5e-05,172.31.40.0-255,66,1768,65,328742
5910,3.2e-05,74.125.68.0-255,2902,4670,65,328742
5911,3.5e-05,172.31.40.0-255,66,4736,65,328742
5912,7e-05,74.125.68.0-255,1484,6220,65,328742
5913,7.2e-05,172.31.40.0-255,66,6286,65,328742
5914,7.8e-05,74.125.68.0-255,2902,9188,65,328742
5915,8.1e-05,172.31.40.0-255,66,9254,65,328742
5916,9.3e-05,74.125.68.0-255,6331,15585,65,328742
5917,9.6e-05,172.31.40.0-255,66,15651,65,328742
5918,0.000102,74.125.68.0-255,4320,19971,65,328742
5919,0.000104,172.31.40.0-255,66,20037,65,328742
5920,0.000137,74.125.68.0-255,5738,25775,65,328742
5921,0.00014,172.31.40.0-255,66,25841,65,328742
5922,0.000154,74.125.68.0-255,4320,30161,65,328742
5923,0.000161,172.31.40.0-255,66,30227,65,328742
5924,0.000188,74.125.68.0-255,1125,31352,65,328742
5925,0.00019,172.31.40.0-255,66,31418,65,328742
5926,0.00022,74.125.68.0-255,1484,32902,65,328742
5927,0.000222,172.31.40.0-255,66,32968,65,328742
5928,0.00024,74.125.68.0-255,2902,35870,65,328742
5929,0.000243,172.31.40.0-255,66,35936,65,328742
5930,0.000245,74.125.68.0-255,1484,37420,65,328742
5931,0.000247,172.31.40.0-255,66,37486,65,328742
5932,0.000269,74.125.68.0-255,2902,40388,65,328742
5933,0.000272,172.31.40.0-255,66,40454,65,328742
5934,0.000278,74.125.68.0-255,5738,46192,65,328742
5935,0.000285,172.31.40.0-255,66,46258,65,328742
5936,0.000313,74.125.68.0-255,2543,48801,65,328742
5937,0.000316,172.31.40.0-255,66,48867,65,328742
5938,0.000374,74.125.68.0-255,1484,50351,65,328742
5939,0.000381,74.125.68.0-255,2902,53253,65,328742
5940,0.000384,172.31.40.0-255,66,53319,65,328742
5941,0.000419,74.125.68.0-255,5738,59057,65,328742
5942,0.000422,172.31.40.0-255,66,59123,65,328742
5943,0.000457,74.125.68.0-255,6797,65920,65,328742
5944,0.00046,172.31.40.0-255,66,65986,65,328742
5945,0.000534,74.125.68.0-255,1484,67470,65,328742
5946,0.000555,74.125.68.0-255,2902,70372,65,328742
5947,0.000558,172.31.40.0-255,66,70438,65,328742
5948,0.000562,74.125.68.0-255,1484,71922,65,328742
5949,0.000567,74.125.68.0-255,2902,74824,65,328742
5950,0.000569,172.31.40.0-255,66,74890,65,328742
5951,0.000609,74.125.68.0-255,5738,80628,65,328742
5952,0.000612,172.31.40.0-255,66,80694,65,328742
5953,0.000619,74.125.68.0-255,5379,86073,65,328742
5954,0.000621,172.31.40.0-255,66,86139,65,328742
5955,0.000631,74.125.68.0-255,4320,90459,65,328742
5956,0.000633,172.31.40.0-255,66,90525,65,328742
5957,0.000663,74.125.68.0-255,1484,92009,65,328742
5958,0.000676,172.31.40.0-255,66,92075,65,328742
5959,0.000741,74.125.68.0-255,1484,93559,65,328742
5960,0.000745,74.125.68.0-255,1484,95043,65,328742
5961,0.000748,172.31.40.0-255,66,95109,65,328742
5962,0.000758,74.125.68.0-255,1484,96593,65,328742
5963,0.000761,74.125.68.0-255,1484,98077,65,328742
5964,0.000768,172.31.40.0-255,66,98143,65,328742
5965,0.000772,74.125.68.0-255,2902,101045,65,328742
5966,0.000774,172.31.40.0-255,66,101111,65,328742
5967,0.000804,74.125.68.0-255,5738,106849,65,328742
5968,0.000806,74.125.68.0-255,1484,108333,65,328742
5969,0.000811,172.31.40.0-255,66,108399,65,328742
5970,0.000835,172.31.40.0-255,66,108465,65,328742
5971,0.000861,74.125.68.0-255,1484,109949,65,328742
5972,0.000888,172.31.40.0-255,66,110015,65,328742
5973,0.001093,74.125.68.0-255,1484,111499,65,328742
5974,0.001108,74.125.68.0-255,2902,114401,65,328742
5975,0.001111,172.31.40.0-255,66,114467,65,328742
5976,0.001116,74.125.68.0-255,1484,115951,65,328742
5977,0.001184,74.125.68.0-255,5738,121689,65,328742
5978,0.001188,172.31.40.0-255,66,121755,65,328742
5979,0.001207,172.31.40.0-255,66,121821,65,328742
5980,0.001212,74.125.68.0-255,4320,126141,65,328742
5981,0.001216,172.31.40.0-255,66,126207,65,328742
5982,0.001251,74.125.68.0-255,5020,131227,65,328742
5983,0.001255,172.31.40.0-255,66,131293,65,328742
5984,0.001389,74.125.68.0-255,1484,132777,65,328742
5985,0.001395,74.125.68.0-255,2902,135679,65,328742
5986,0.001398,172.31.40.0-255,66,135745,65,328742
5987,0.001426,74.125.68.0-255,5738,141483,65,328742
5988,0.001429,172.31.40.0-255,66,141549,65,328742
5989,0.001434,74.125.68.0-255,2902,144451,65,328742
5990,0.001437,172.31.40.0-255,66,144517,65,328742
5991,0.001443,74.125.68.0-255,4320,148837,65,328742
5992,0.001445,172.31.40.0-255,66,148903,65,328742
5993,0.001491,172.31.40.0-255,66,148969,65,328742
5994,0.001499,74.125.68.0-255,7156,156125,65,328742
5995,0.001501,172.31.40.0-255,66,156191,65,328742
5996,0.00154,74.125.68.0-255,766,156957,65,328742
5997,0.001839,74.125.68.0-255,1484,158441,65,328742
5998,0.001844,172.31.40.0-255,66,158507,65,328742
5999,0.001848,74.125.68.0-255,1484,159991,65,328742
6000,0.001874,74.125.68.0-255,1484,161475,65,328742
6001,0.001877,172.31.40.0-255,66,161541,65,328742
6002,0.001884,74.125.68.0-255,5738,167279,65,328742
6003,0.001887,172.31.40.0-255,66,167345,65,328742
6004,0.001894,74.125.68.0-255,1484,168829,65,328742
6005,0.001908,74.125.68.0-255,5738,174567,65,328742
6006,0.001912,172.31.40.0-255,66,174633,65,328742
6007,0.001929,74.125.68.0-255,4320,178953,65,328742
6008,0.001935,172.31.40.0-255,66,179019,65,328742
6009,0.001971,172.31.40.0-255,66,179085,65,328742
6010,0.001977,74.125.68.0-255,3602,182687,65,328742
6011,0.001979,172.31.40.0-255,66,182753,65,328742
6012,0.002117,74.125.68.0-255,1484,184237,65,328742
6013,0.002132,74.125.68.0-255,2902,187139,65,328742
6014,0.002135,172.31.40.0-255,66,187205,65,328742
6015,0.002139,74.125.68.0-255,1484,188689,65,328742
6016,0.002166,74.125.68.0-255,4320,193009,65,328742
6017,0.002168,172.31.40.0-255,66,193075,65,328742
6018,0.002173,74.125.68.0-255,2902,195977,65,328742
6019,0.002175,172.31.40.0-255,66,196043,65,328742
6020,0.00221,74.125.68.0-255,2902,198945,65,328742
6021,0.002213,172.31.40.0-255,66,199011,65,328742
6022,0.002216,74.125.68.0-255,1484,200495,65,328742
6023,0.002221,74.125.68.0-255,2902,203397,65,328742
6024,0.002223,172.31.40.0-255,66,203463,65,328742
6025,0.002234,74.125.68.0-255,4320,207783,65,328742
6026,0.002236,172.31.40.0-255,66,207849,65,328742
6027,0.00227,74.125.68.0-255,1484,209333,65,328742
6028,0.002275,74.125.68.0-255,2902,212235,65,328742
6029,0.002277,172.31.40.0-255,66,212301,65,328742
6030,0.002283,74.125.68.0-255,5020,217321,65,328742
6031,0.002286,172.31.40.0-255,66,217387,65,328742
6032,0.002289,74.125.68.0-255,1484,218871,65,328742
6033,0.002296,74.125.68.0-255,1484,220355,65,328742
6034,0.002298,172.31.40.0-255,66,220421,65,328742
6035,0.002302,74.125.68.0-255,1484,221905,65,328742
6036,0.002305,74.125.68.0-255,1484,223389,65,328742
6037,0.002307,172.31.40.0-255,66,223455,65,328742
6038,0.00231,74.125.68.0-255,1484,224939,65,328742
6039,0.002343,74.125.68.0-255,5738,230677,65,328742
6040,0.002347,172.31.40.0-255,66,230743,65,328742
6041,0.002351,74.125.68.0-255,2902,233645,65,328742
6042,0.002353,172.31.40.0-255,66,233711,65,328742
6043,0.002358,74.125.68.0-255,2902,236613,65,328742
6044,0.00236,172.31.40.0-255,66,236679,65,328742
6045,0.002404,172.31.40.0-255,66,236745,65,328742
6046,0.002412,74.125.68.0-255,6438,243183,65,328742
6047,0.002414,172.31.40.0-255,66,243249,65,328742
6048,0.002444,74.125.68.0-255,4320,247569,65,328742
6049,0.002447,172.31.40.0-255,66,247635,65,328742
6050,0.002478,74.125.68.0-255,5738,253373,65,328742
6051,0.002481,172.31.40.0-255,66,253439,65,328742
6052,0.002484,74.125.68.0-255,1484,254923,65,328742
6053,0.002489,74.125.68.0-255,2902,257825,65,328742
6054,0.002491,172.31.40.0-255,66,257891,65,328742
6055,0.0025,74.125.68.0-255,4320,262211,65,328742
6056,0.002503,172.31.40.0-255,66,262277,65,328742
6057,0.002533,74.125.68.0-255,1484,263761,65,328742
6058,0.002559,74.125.68.0-255,7156,270917,65,328742
6059,0.002562,172.31.40.0-255,66,270983,65,328742
6060,0.002568,74.125.68.0-255,5738,276721,65,328742
6061,0.002571,172.31.40.0-255,66,276787,65,328742
6062,0.002578,74.125.68.0-255,766,277553,65,328742
6063,0.002581,74.125.68.0-255,1484,279037,65,328742
6064,0.002583,172.31.40.0-255,66,279103,65,328742
6065,0.002589,74.125.68.0-255,4320,283423,65,328742
6066,0.002591,172.31.40.0-255,66,283489,65,328742
6067,0.002594,74.125.68.0-255,1484,284973,65,328742
6068,0.00262,74.125.68.0-255,2902,287875,65,328742
6069,0.002627,172.31.40.0-255,66,287941,65,328742
6070,0.00263,74.125.68.0-255,1484,289425,65,328742
6071,0.002665,172.31.40.0-255,66,289491,65,328742
6072,0.002668,74.125.68.0-255,1484,290975,65,328742
6073,0.002671,74.125.68.0-255,1484,292459,65,328742
6074,0.002673,172.31.40.0-255,66,292525,65,328742
6075,0.002682,74.125.68.0-255,4320,296845,65,328742
6076,0.002684,172.31.40.0-255,66,296911,65,328742
6077,0.00269,74.125.68.0-255,4320,301231,65,328742
6078,0.002692,172.31.40.0-255,66,301297,65,328742
6079,0.002723,74.125.68.0-255,1484,302781,65,328742
6080,0.002726,74.125.68.0-255,766,303547,65,328742
6081,0.002728,172.31.40.0-255,66,303613,65,328742
6082,0.002733,74.125.68.0-255,2902,306515,65,328742
6083,0.002735,172.31.40.0-255,66,306581,65,328742
6084,0.002774,74.125.68.0-255,5738,312319,65,328742
6085,0.002777,172.31.40.0-255,66,312385,65,328742
6086,0.002783,74.125.68.0-255,4320,316705,65,328742
6087,0.002785,172.31.40.0-255,66,316771,65,328742
6088,0.002793,74.125.68.0-255,2902,319673,65,328742
6089,0.002796,172.31.40.0-255,66,319739,65,328742
6090,0.002801,74.125.68.0-255,4320,324059,65,328742
6091,0.002803,172.31.40.0-255,66,324125,65,328742
6092,0.002806,74.125.68.0-255,1484,325609,65,328742
6093,0.00281,74.125.68.0-255,2736,328345,65,328742
6094,0.002813,172.31.40.0-255,66,328411,65,328742
6095,0.002816,74.125.68.0-255,97,328508,65,328742
6096,0.002891,74.125.68.0-255,105,328613,65,328742
6097,0.00294,74.125.68.0-255,129,328742,65,328742
6098,0.0,74.125.200.0-255,153,153,65,217040
6099,2.3e-05,172.31.40.0-255,66,219,65,217040
6100,3e-05,74.125.200.0-255,1484,1703,65,217040
6101,3.4e-05,172.31.40.0-255,66,1769,65,217040
6102,4e-05,74.125.200.0-255,2902,4671,65,217040
6103,5.1e-05,172.31.40.0-255,66,4737,65,217040
6104,5.7e-05,74.125.200.0-255,4320,9057,65,217040
6105,6e-05,172.31.40.0-255,66,9123,65,217040
6106,6.6e-05,74.125.200.0-255,4939,14062,65,217040
6107,7e-05,172.31.40.0-255,66,14128,65,217040
6108,0.000111,172.31.40.0-255,66,14194,65,217040
6109,0.00014,74.125.200.0-255,6797,20991,65,217040
6110,0.000143,172.31.40.0-255,66,21057,65,217040
6111,0.000238,74.125.200.0-255,1484,22541,65,217040
6112,0.000242,172.31.40.0-255,66,22607,65,217040
6113,0.000247,74.125.200.0-255,2902,25509,65,217040
6114,0.000249,172.31.40.0-255,66,25575,65,217040
6115,0.00028,74.125.200.0-255,5738,31313,65,217040
6116,0.000282,172.31.40.0-255,66,31379,65,217040
6117,0.00029,74.125.200.0-255,6797,38176,65,217040
6118,0.000292,172.31.40.0-255,66,38242,65,217040
6119,0.000325,74.125.200.0-255,5738,43980,65,217040
6120,0.000328,172.31.40.0-255,66,44046,65,217040
6121,0.000358,74.125.200.0-255,1484,45530,65,217040
6122,0.000361,172.31.40.0-255,66,45596,65,217040
6123,0.000365,74.125.200.0-255,2902,48498,65,217040
6124,0.000368,172.31.40.0-255,66,48564,65,217040
6125,0.000377,74.125.200.0-255,4320,52884,65,217040
6126,0.00038,172.31.40.0-255,66,52950,65,217040
6127,0.000384,74.125.200.0-255,2815,55765,65,217040
6128,0.000388,172.31.40.0-255,66,55831,65,217040
6129,0.000417,74.125.200.0-255,130,55961,65,217040
6130,0.000518,74.125.200.0-255,1484,57445,65,217040
6131,0.000522,172.31.40.0-255,66,57511,65,217040
6132,0.000526,74.125.200.0-255,1484,58995,65,217040
6133,0.000549,74.125.200.0-255,1484,60479,65,217040
6134,0.000552,172.31.40.0-255,66,60545,65,217040
6135,0.000559,74.125.200.0-255,4320,64865,65,217040
6136,0.000561,172.31.40.0-255,66,64931,65,217040
6137,0.000591,74.125.200.0-255,1484,66415,65,217040
6138,0.00062,74.125.200.0-255,2902,69317,65,217040
6139,0.000623,172.31.40.0-255,66,69383,65,217040
6140,0.00065,74.125.200.0-255,2902,72285,65,217040
6141,0.000653,172.31.40.0-255,66,72351,65,217040
6142,0.000657,74.125.200.0-255,2902,75253,65,217040
6143,0.00066,172.31.40.0-255,66,75319,65,217040
6144,0.000666,74.125.200.0-255,4320,79639,65,217040
6145,0.000672,172.31.40.0-255,66,79705,65,217040
6146,0.000693,74.125.200.0-255,2902,82607,65,217040
6147,0.000696,172.31.40.0-255,66,82673,65,217040
6148,0.000725,74.125.200.0-255,7156,89829,65,217040
6149,0.000728,172.31.40.0-255,66,89895,65,217040
6150,0.00073,74.125.200.0-255,766,90661,65,217040
6151,0.000823,74.125.200.0-255,349,91010,65,217040
6152,0.000867,74.125.200.0-255,1484,92494,65,217040
6153,0.000871,172.31.40.0-255,66,92560,65,217040
6154,0.00089,74.125.200.0-255,4320,96880,65,217040
6155,0.000893,172.31.40.0-255,66,96946,65,217040
6156,0.000897,74.125.200.0-255,2902,99848,65,217040
6157,0.000899,172.31.40.0-255,66,99914,65,217040
6158,0.000935,172.31.40.0-255,66,99980,65,217040
6159,0.000976,74.125.200.0-255,2902,102882,65,217040
6160,0.000979,172.31.40.0-255,66,102948,65,217040
6161,0.001017,172.31.40.0-255,66,103014,65,217040
6162,0.001022,74.125.200.0-255,3602,106616,65,217040
6163,0.001024,172.31.40.0-255,66,106682,65,217040
6164,0.001135,74.125.200.0-255,1484,108166,65,217040
6165,0.001151,74.125.200.0-255,2902,111068,65,217040
6166,0.001154,172.31.40.0-255,66,111134,65,217040
6167,0.001158,74.125.200.0-255,1484,112618,65,217040
6168,0.001183,74.125.200.0-255,4320,116938,65,217040
6169,0.001186,172.31.40.0-255,66,117004,65,217040
6170,0.001239,74.125.200.0-255,7156,124160,65,217040
6171,0.001242,172.31.40.0-255,66,124226,65,217040
6172,0.001246,74.125.200.0-255,2902,127128,65,217040
6173,0.001248,172.31.40.0-255,66,127194,65,217040
6174,0.00128,74.125.200.0-255,5738,132932,65,217040
6175,0.001283,172.31.40.0-255,66,132998,65,217040
6176,0.001322,172.31.40.0-255,66,133064,65,217040
6177,0.001367,172.31.40.0-255,66,133130,65,217040
6178,0.001399,172.31.40.0-255,66,133196,65,217040
6179,0.001433,172.31.40.0-255,66,133262,65,217040
6180,0.001469,74.125.200.0-255,2184,135446,65,217040
6181,0.001472,172.31.40.0-255,66,135512,65,217040
6182,0.001899,74.125.200.0-255,1484,136996,65,217040
6183,0.001906,74.125.200.0-255,2902,139898,65,217040
6184,0.001909,172.31.40.0-255,66,139964,65,217040
6185,0.001914,74.125.200.0-255,2902,142866,65,217040
6186,0.001916,172.31.40.0-255,66,142932,65,217040
6187,0.001948,74.125.200.0-255,1484,144416,65,217040
6188,0.001959,172.31.40.0-255,66,144482,65,217040
6189,0.001965,74.125.200.0-255,5738,150220,65,217040
6190,0.001967,172.31.40.0-255,66,150286,65,217040
6191,0.001997,74.125.200.0-255,2902,153188,65,217040
6192,0.001999,172.31.40.0-255,66,153254,65,217040
6193,0.002029,172.31.40.0-255,66,153320,65,217040
6194,0.002034,74.125.200.0-255,2902,156222,65,217040
6195,0.002036,172.31.40.0-255,66,156288,65,217040
6196,0.002072,74.125.200.0-255,5738,162026,65,217040
6197,0.002074,172.31.40.0-255,66,162092,65,217040
6198,0.002082,74.125.200.0-255,7156,169248,65,217040
6199,0.002084,172.31.40.0-255,66,169314,65,217040
6200,0.002098,172.31.40.0-255,66,169380,65,217040
6201,0.002134,172.31.40.0-255,66,169446,65,217040
6202,0.002168,172.31.40.0-255,66,169512,65,217040
6203,0.002172,74.125.200.0-255,2902,172414,65,217040
6204,0.002174,172.31.40.0-255,66,172480,65,217040
6205,0.002193,74.125.200.0-255,4320,176800,65,217040
6206,0.002195,172.31.40.0-255,66,176866,65,217040
6207,0.002239,172.31.40.0-255,66,176932,65,217040
6208,0.002246,74.125.200.0-255,6438,183370,65,217040
6209,0.002248,172.31.40.0-255,66,183436,65,217040
6210,0.002269,74.125.200.0-255,1484,184920,65,217040
6211,0.002295,74.125.200.0-255,5738,190658,65,217040
6212,0.002298,172.31.40.0-255,66,190724,65,217040
6213,0.002303,74.125.200.0-255,2902,193626,65,217040
6214,0.002305,172.31.40.0-255,66,193692,65,217040
6215,0.002331,74.125.200.0-255,5738,199430,65,217040
6216,0.002339,172.31.40.0-255,66,199496,65,217040
6217,0.00239,172.31.40.0-255,66,199562,65,217040
6218,0.002393,74.125.200.0-255,1484,201046,65,217040
6219,0.004699,74.125.200.0-255,4320,205366,65,217040
6220,0.004707,172.31.40.0-255,66,205432,65,217040
6221,0.006997,74.125.200.0-255,5738,211170,65,217040
6222,0.007002,172.31.40.0-255,66,211236,65,217040
6223,0.009315,74.125.200.0-255,5738,216974,65,217040
6224,0.009321,172.31.40.0-255,66,217040,65,217040
6225,0.0,74.125.68.0-255,158,158,65,311163
6226,2e-05,172.31.40.0-255,66,224,65,311163
6227,2.6e-05,74.125.68.0-255,1484,1708,65,311163
6228,3e-05,172.31.40.0-255,66,1774,65,311163
6229,3.4e-05,74.125.68.0-255,1484,3258,65,311163
6230,3.7e-05,172.31.40.0-255,66,3324,65,311163
6231,6.2e-05,74.125.68.0-255,1484,4808,65,311163
6232,6.5e-05,172.31.40.0-255,66,4874,65,311163
6233,7e-05,74.125.68.0-255,2902,7776,65,311163
6234,7.2e-05,172.31.40.0-255,66,7842,65,311163
6235,7.8e-05,74.125.68.0-255,5738,13580,65,311163
6236,8e-05,172.31.40.0-255,66,13646,65,311163
6237,0.000102,74.125.68.0-255,2101,15747,65,311163
6238,0.000103,172.31.40.0-255,66,15813,65,311163
6239,0.000107,74.125.68.0-255,2902,18715,65,311163
6240,0.000109,172.31.40.0-255,66,18781,65,311163
6241,0.000114,74.125.68.0-255,4320,23101,65,311163
6242,0.000115,172.31.40.0-255,66,23167,65,311163
6243,0.000147,74.125.68.0-255,1484,24651,65,311163
6244,0.000149,172.31.40.0-255,66,24717,65,311163
6245,0.000164,74.125.68.0-255,6797,31514,65,311163
6246,0.000183,172.31.40.0-255,66,31580,65,311163
6247,0.000222,74.125.68.0-255,1484,33064,65,311163
6248,0.000224,172.31.40.0-255,66,33130,65,311163
6249,0.000241,74.125.68.0-255,1484,34614,65,311163
6250,0.000243,172.31.40.0-255,66,34680,65,311163
6251,0.000261,74.125.68.0-255,1484,36164,65,311163
6252,0.000262,172.31.40.0-255,66,36230,65,311163
6253,0.000265,74.125.68.0-255,1484,37714,65,311163
6254,0.000267,172.31.40.0-255,66,37780,65,311163
6255,0.000271,74.125.68.0-255,2902,40682,65,311163
6256,0.000273,172.31.40.0-255,66,40748,65,311163
6257,0.000297,74.125.68.0-255,5738,46486,65,311163
6258,0.0003,172.31.40.0-255,66,46552,65,311163
6259,0.000303,74.125.68.0-255,2902,49454,65,311163
6260,0.000305,172.31.40.0-255,66,49520,65,311163
6261,0.000323,74.125.68.0-255,5738,55258,65,311163
6262,0.000325,172.31.40.0-255,66,55324,65,311163
6263,0.00035,74.125.68.0-255,2902,58226,65,311163
6264,0.000352,172.31.40.0-255,66,58292,65,311163
6265,0.000372,74.125.68.0-255,4320,62612,65,311163
6266,0.000375,172.31.40.0-255,66,62678,65,311163
6267,0.000403,74.125.68.0-255,3602,66280,65,311163
6268,0.000406,172.31.40.0-255,66,66346,65,311163
6269,0.000464,74.125.68.0-255,357,66703,65,311163
6270,0.000521,74.125.68.0-255,136,66839,65,311163
6271,0.000918,172.31.40.0-255,66,66905,65,311163
6272,0.001112,74.125.68.0-255,1484,68389,65,311163
6273,0.001123,74.125.68.0-255,2902,71291,65,311163
6274,0.001127,172.31.40.0-255,66,71357,65,311163
6275,0.001132,74.125.68.0-255,1484,72841,65,311163
6276,0.001149,74.125.68.0-255,4320,77161,65,311163
6277,0.001152,172.31.40.0-255,66,77227,65,311163
6278,0.001168,74.125.68.0-255,5738,82965,65,311163
6279,0.00117,172.31.40.0-255,66,83031,65,311163
6280,0.001202,74.125.68.0-255,7156,90187,65,311163
6281,0.001205,172.31.40.0-255,66,90253,65,311163
6282,0.001218,74.125.68.0-255,1484,91737,65,311163
6283,0.001248,172.31.40.0-255,66,91803,65,311163
6284,0.001304,74.125.68.0-255,1484,93287,65,311163
6285,0.00132,74.125.68.0-255,2902,96189,65,311163
6286,0.001323,172.31.40.0-255,66,96255,65,311163
6287,0.001329,74.125.68.0-255,4320,100575,65,311163
6288,0.001331,172.31.40.0-255,66,100641,65,311163
6289,0.001371,74.125.68.0-255,1484,102125,65,311163
6290,0.001388,74.125.68.0-255,1484,103609,65,311163
6291,0.001391,172.31.40.0-255,66,103675,65,311163
6292,0.001398,74.125.68.0-255,4320,107995,65,311163
6293,0.0014,172.31.40.0-255,66,108061,65,311163
6294,0.001429,172.31.40.0-255,66,108127,65,311163
6295,0.001477,172.31.40.0-255,66,108193,65,311163
6296,0.001483,74.125.68.0-255,4320,112513,65,311163
6297,0.001486,172.31.40.0-255,66,112579,65,311163
6298,0.001493,74.125.68.0-255,5738,118317,65,311163
6299,0.001496,172.31.40.0-255,66,118383,65,311163
6300,0.001533,172.31.40.0-255,66,118449,65,311163
6301,0.001537,74.125.68.0-255,2902,121351,65,311163
6302,0.00154,172.31.40.0-255,66,121417,65,311163
6303,0.001545,74.125.68.0-255,4320,125737,65,311163
6304,0.001548,172.31.40.0-255,66,125803,65,311163
6305,0.001591,74.125.68.0-255,5020,130823,65,311163
6306,0.001595,172.31.40.0-255,66,130889,65,311163
6307,0.001599,74.125.68.0-255,2902,133791,65,311163
6308,0.001601,172.31.40.0-255,66,133857,65,311163
6309,0.001615,74.125.68.0-255,2902,136759,65,311163
6310,0.001618,172.31.40.0-255,66,136825,65,311163
6311,0.00162,74.125.68.0-255,1484,138309,65,311163
6312,0.001647,172.31.40.0-255,66,138375,65,311163
6313,0.00166,74.125.68.0-255,2902,141277,65,311163
6314,0.001663,172.31.40.0-255,66,141343,65,311163
6315,0.001687,172.31.40.0-255,66,141409,65,311163
6316,0.001692,74.125.68.0-255,4320,145729,65,311163
6317,0.001731,74.125.68.0-255,4320,150049,65,311163
6318,0.001794,74.125.68.0-255,5738,155787,65,311163
6319,0.001816,74.125.68.0-255,7156,162943,65,311163
6320,0.001823,74.125.68.0-255,7156,170099,65,311163
6321,0.001838,74.125.68.0-255,5738,175837,65,311163
6322,0.001869,74.125.68.0-255,7156,182993,65,311163
6323,0.001884,74.125.68.0-255,5738,188731,65,311163
6324,0.001909,74.125.68.0-255,7156,195887,65,311163
6325,0.001936,74.125.68.0-255,4320,200207,65,311163
6326,0.001959,74.125.68.0-255,4320,204527,65,311163
6327,0.001984,74.125.68.0-255,1484,206011,65,311163
6328,0.001987,74.125.68.0-255,1484,207495,65,311163
6329,0.002002,74.125.68.0-255,1484,208979,65,311163
6330,0.002005,74.125.68.0-255,1484,210463,65,311163
6331,0.002026,74.125.68.0-255,4320,214783,65,311163
6332,0.002047,74.125.68.0-255,2184,216967,65,311163
6333,0.002051,74.125.68.0-255,2902,219869,65,311163
6334,0.002062,74.125.68.0-255,1484,221353,65,311163
6335,0.002077,74.125.68.0-255,5738,227091,65,311163
6336,0.002096,74.125.68.0-255,2902,229993,65,311163
6337,0.002102,74.125.68.0-255,4320,234313,65,311163
6338,0.002113,74.125.68.0-255,2902,237215,65,311163
6339,0.00213,74.125.68.0-255,5738,242953,65,311163
6340,0.002137,74.125.68.0-255,5738,248691,65,311163
6341,0.002166,74.125.68.0-255,2902,251593,65,311163
6342,0.002185,74.125.68.0-255,3602,255195,65,311163
6343,0.002191,74.125.68.0-255,4320,259515,65,311163
6344,0.002215,74.125.68.0-255,5738,265253,65,311163
6345,0.002241,74.125.68.0-255,4320,269573,65,311163
6346,0.002263,74.125.68.0-255,7156,276729,65,311163
6347,0.002268,74.125.68.0-255,2902,279631,65,311163
6348,0.002294,74.125.68.0-255,5738,285369,65,311163
6349,0.002326,74.125.68.0-255,4320,289689,65,311163
6350,0.002342,74.125.68.0-255,7156,296845,65,311163
6351,0.002361,74.125.68.0-255,2902,299747,65,311163
6352,0.002366,74.125.68.0-255,4320,304067,65,311163
6353,0.002419,74.125.68.0-255,1484,305551,65,311163
6354,0.002434,74.125.68.0-255,5020,310571,65,311163
6355,0.005097,172.31.40.0-255,66,310637,65,311163
6356,0.007452,74.125.68.0-255,526,311163,65,311163
6357,0.0,74.125.130.0-255,151,151,65,198854
6358,2.3e-05,172.31.40.0-255,66,217,65,198854
6359,3.1e-05,74.125.130.0-255,1484,1701,65,198854
6360,3.6e-05,172.31.40.0-255,66,1767,65,198854
6361,6.8e-05,74.125.130.0-255,2902,4669,65,198854
6362,7.1e-05,172.31.40.0-255,66,4735,65,198854
6363,7.7e-05,74.125.130.0-255,4320,9055,65,198854
6364,8e-05,172.31.40.0-255,66,9121,65,198854
6365,0.000124,74.125.130.0-255,4900,14021,65,198854
6366,0.000127,172.31.40.0-255,66,14087,65,198854
6367,0.000276,74.125.130.0-255,1484,15571,65,198854
6368,0.00028,172.31.40.0-255,66,15637,65,198854
6369,0.000286,74.125.130.0-255,2902,18539,65,198854
6370,0.000288,172.31.40.0-255,66,18605,65,198854
6371,0.000322,74.125.130.0-255,5738,24343,65,198854
6372,0.000325,172.31.40.0-255,66,24409,65,198854
6373,0.00033,74.125.130.0-255,2902,27311,65,198854
6374,0.000332,172.31.40.0-255,66,27377,65,198854
6375,0.000337,74.125.130.0-255,3961,31338,65,198854
6376,0.000344,172.31.40.0-255,66,31404,65,198854
6377,0.00037,74.125.130.0-255,4320,35724,65,198854
6378,0.000377,172.31.40.0-255,66,35790,65,198854
6379,0.000384,74.125.130.0-255,5738,41528,65,198854
6380,0.000386,172.31.40.0-255,66,41594,65,198854
6381,0.000418,74.125.130.0-255,6797,48391,65,198854
6382,0.000421,172.31.40.0-255,66,48457,65,198854
6383,0.000479,74.125.130.0-255,1484,49941,65,198854
6384,0.000482,172.31.40.0-255,66,50007,65,198854
6385,0.000509,74.125.130.0-255,2902,52909,65,198854
6386,0.000511,172.31.40.0-255,66,52975,65,198854
6387,0.000518,74.125.130.0-255,5738,58713,65,198854
6388,0.000521,172.31.40.0-255,66,58779,65,198854
6389,0.000529,74.125.130.0-255,2902,61681,65,198854
6390,0.000575,74.125.130.0-255,3961,65642,65,198854
6391,0.000632,74.125.130.0-255,646,66288,65,198854
6392,0.000636,172.31.40.0-255,66,66354,65,198854
6393,0.00067,74.125.130.0-255,1484,67838,65,198854
6394,0.000675,74.125.130.0-255,2902,70740,65,198854
6395,0.000691,172.31.40.0-255,66,70806,65,198854
6396,0.000697,74.125.130.0-255,5738,76544,65,198854
6397,0.000707,172.31.40.0-255,66,76610,65,198854
6398,0.00072,74.125.130.0-255,5738,82348,65,198854
6399,0.000735,74.125.130.0-255,2902,85250,65,198854
6400,0.000738,74.125.130.0-255,1484,86734,65,198854
6401,0.000751,74.125.130.0-255,4320,91054,65,198854
6402,0.000766,74.125.130.0-255,4320,95374,65,198854
6403,0.00077,74.125.130.0-255,1484,96858,65,198854
6404,0.00078,172.31.40.0-255,66,96924,65,198854
6405,0.000786,74.125.130.0-255,3602,100526,65,198854
6406,0.000791,172.31.40.0-255,66,100592,65,198854
6407,0.000954,74.125.130.0-255,1484,102076,65,198854
6408,0.000962,74.125.130.0-255,2902,104978,65,198854
6409,0.000965,74.125.130.0-255,1484,106462,65,198854
6410,0.000973,172.31.40.0-255,66,106528,65,198854
6411,0.000982,74.125.130.0-255,2902,109430,65,198854
6412,0.000987,172.31.40.0-255,66,109496,65,198854
6413,0.001005,74.125.130.0-255,4320,113816,65,198854
6414,0.001023,74.125.130.0-255,1484,115300,65,198854
6415,0.001034,74.125.130.0-255,1484,116784,65,198854
6416,0.001048,172.31.40.0-255,66,116850,65,198854
6417,0.001055,74.125.130.0-255,5738,122588,65,198854
6418,0.001085,74.125.130.0-255,3602,126190,65,198854
6419,0.00109,172.31.40.0-255,66,126256,65,198854
6420,0.001636,74.125.130.0-255,1484,127740,65,198854
6421,0.001643,74.125.130.0-255,2902,130642,65,198854
6422,0.001647,172.31.40.0-255,66,130708,65,198854
6423,0.00168,74.125.130.0-255,5738,136446,65,198854
6424,0.001687,74.125.130.0-255,5738,142184,65,198854
6425,0.001689,74.125.130.0-255,1484,143668,65,198854
6426,0.001705,74.125.130.0-255,4320,147988,65,198854
6427,0.00171,172.31.40.0-255,66,148054,65,198854
6428,0.001717,74.125.130.0-255,1484,149538,65,198854
6429,0.001753,172.31.40.0-255,66,149604,65,198854
6430,0.001838,74.125.130.0-255,4320,153924,65,198854
6431,0.001855,74.125.130.0-255,2902,156826,65,198854
6432,0.001878,74.125.130.0-255,2184,159010,65,198854
6433,0.002199,74.125.130.0-255,1484,160494,65,198854
6434,0.002206,74.125.130.0-255,2902,163396,65,198854
6435,0.002218,74.125.130.0-255,1484,164880,65,198854
6436,0.00224,74.125.130.0-255,4320,169200,65,198854
6437,0.002245,74.125.130.0-255,2902,172102,65,198854
6438,0.002264,74.125.130.0-255,4320,176422,65,198854
6439,0.002281,74.125.130.0-255,2902,179324,65,198854
6440,0.002301,74.125.130.0-255,5738,185062,65,198854
6441,0.002372,74.125.130.0-255,4320,189382,65,198854
6442,0.00239,74.125.130.0-255,3602,192984,65,198854
6443,0.006514,172.31.40.0-255,66,193050,65,198854
6444,0.008878,74.125.130.0-255,5738,198788,65,198854
6445,0.008885,172.31.40.0-255,66,198854,65,198854
6446,0.0,74.125.200.0-255,152,152,65,152370
6447,1.1e-05,172.31.40.0-255,66,218,65,152370
6448,3.7e-05,74.125.200.0-255,1484,1702,65,152370
6449,4.1e-05,172.31.40.0-255,66,1768,65,152370
6450,4.6e-05,74.125.200.0-255,2902,4670,65,152370
6451,4.9e-05,172.31.40.0-255,66,4736,65,152370
6452,9.6e-05,74.125.200.0-255,2902,7638,65,152370
6453,9.9e-05,172.31.40.0-255,66,7704,65,152370
6454,0.000131,74.125.200.0-255,4320,12024,65,152370
6455,0.000135,74.125.200.0-255,2056,14080,65,152370
6456,0.000139,172.31.40.0-255,66,14146,65,152370
6457,0.000142,172.31.40.0-255,66,14212,65,152370
6458,0.000205,74.125.200.0-255,1484,15696,65,152370
6459,0.000208,172.31.40.0-255,66,15762,65,152370
6460,0.000213,74.125.200.0-255,2902,18664,65,152370
6461,0.000216,172.31.40.0-255,66,18730,65,152370
6462,0.000243,74.125.200.0-255,2902,21632,65,152370
6463,0.000245,172.31.40.0-255,66,21698,65,152370
6464,0.000265,74.125.200.0-255,2902,24600,65,152370
6465,0.000268,172.31.40.0-255,66,24666,65,152370
6466,0.000273,74.125.200.0-255,4320,28986,65,152370
6467,0.000276,172.31.40.0-255,66,29052,65,152370
6468,0.00029,74.125.200.0-255,2543,31595,65,152370
6469,0.000292,172.31.40.0-255,66,31661,65,152370
6470,0.000305,74.125.200.0-255,1484,33145,65,152370
6471,0.000307,172.31.40.0-255,66,33211,65,152370
6472,0.00031,74.125.200.0-255,1484,34695,65,152370
6473,0.000312,172.31.40.0-255,66,34761,65,152370
6474,0.000337,74.125.200.0-255,1484,36245,65,152370
6475,0.00034,172.31.40.0-255,66,36311,65,152370
6476,0.000346,74.125.200.0-255,5738,42049,65,152370
6477,0.000349,172.31.40.0-255,66,42115,65,152370
6478,0.000353,74.125.200.0-255,2902,45017,65,152370
6479,0.000355,172.31.40.0-255,66,45083,65,152370
6480,0.000358,74.125.200.0-255,1484,46567,65,152370
6481,0.000381,74.125.200.0-255,2543,49110,65,152370
6482,0.000383,172.31.40.0-255,66,49176,65,152370
6483,0.000414,74.125.200.0-255,1484,50660,65,152370
6484,0.000436,74.125.200.0-255,2902,53562,65,152370
6485,0.00044,172.31.40.0-255,66,53628,65,152370
6486,0.000443,74.125.200.0-255,1484,55112,65,152370
6487,0.000447,74.125.200.0-255,2902,58014,65,152370
6488,0.000449,172.31.40.0-255,66,58080,65,152370
6489,0.000477,74.125.200.0-255,5738,63818,65,152370
6490,0.00048,172.31.40.0-255,66,63884,65,152370
6491,0.000503,74.125.200.0-255,2543,66427,65,152370
6492,0.000505,172.31.40.0-255,66,66493,65,152370
6493,0.00059,74.125.200.0-255,646,67139,65,152370
6494,0.000622,74.125.200.0-255,1484,68623,65,152370
6495,0.000626,172.31.40.0-255,66,68689,65,152370
6496,0.000649,74.125.200.0-255,4320,73009,65,152370
6497,0.000653,172.31.40.0-255,66,73075,65,152370
6498,0.000663,74.125.200.0-255,5738,78813,65,152370
6499,0.000665,172.31.40.0-255,66,78879,65,152370
6500,0.000683,74.125.200.0-255,1484,80363,65,152370
6501,0.000697,74.125.200.0-255,4320,84683,65,152370
6502,0.0007,172.31.40.0-255,66,84749,65,152370
6503,0.000719,74.125.200.0-255,5738,90487,65,152370
6504,0.000722,172.31.40.0-255,66,90553,65,152370
6505,0.000729,74.125.200.0-255,5738,96291,65,152370
6506,0.000731,172.31.40.0-255,66,96357,65,152370
6507,0.000758,74.125.200.0-255,5020,101377,65,152370
6508,0.000761,172.31.40.0-255,66,101443,65,152370
6509,0.000861,172.31.40.0-255,101,101544,65,152370
6510,0.002061,74.125.200.0-255,1484,103028,65,152370
6511,0.00207,74.125.200.0-255,1484,104512,65,152370
6512,0.002076,172.31.40.0-255,66,104578,65,152370
6513,0.002084,74.125.200.0-255,2902,107480,65,152370
6514,0.002087,172.31.40.0-255,66,107546,65,152370
6515,0.002114,74.125.200.0-255,5738,113284,65,152370
6516,0.002116,172.31.40.0-255,66,113350,65,152370
6517,0.002119,74.125.200.0-255,1484,114834,65,152370
6518,0.002135,74.125.200.0-255,2902,117736,65,152370
6519,0.002138,172.31.40.0-255,66,117802,65,152370
6520,0.002154,74.125.200.0-255,2902,120704,65,152370
6521,0.002156,172.31.40.0-255,66,120770,65,152370
6522,0.002172,74.125.200.0-255,2902,123672,65,152370
6523,0.002174,172.31.40.0-255,66,123738,65,152370
6524,0.002179,74.125.200.0-255,2902,126640,65,152370
6525,0.002181,172.31.40.0-255,66,126706,65,152370
6526,0.002186,74.125.200.0-255,4320,131026,65,152370
6527,0.002188,172.31.40.0-255,66,131092,65,152370
6528,0.002216,74.125.200.0-255,1484,132576,65,152370
6529,0.002233,74.125.200.0-255,3602,136178,65,152370
6530,0.002236,172.31.40.0-255,66,136244,65,152370
6531,0.00315,74.125.200.0-255,66,136310,65,152370
6532,0.00454,74.125.200.0-255,5738,142048,65,152370
6533,0.004546,172.31.40.0-255,66,142114,65,152370
6534,0.006864,74.125.200.0-255,4320,146434,65,152370
6535,0.006869,172.31.40.0-255,66,146500,65,152370
6536,0.006882,74.125.200.0-255,1484,147984,65,152370
6537,0.009188,74.125.200.0-255,4320,152304,65,152370
6538,0.009195,172.31.40.0-255,66,152370,65,152370
6539,0.0,172.31.40.0-255,105,105,65,459
6540,0.000272,172.31.40.0-255,90,195,65,459
6541,0.000283,172.31.40.0-255,66,261,65,459
6542,0.002798,74.125.24.0-255,66,327,65,459
6543,0.00283,74.125.24.0-255,66,393,65,459
6544,0.002851,172.31.40.0-255,66,459,65,459
6545,0.0,172.217.194.0-255,151,151,65,214979
6546,2.3e-05,172.31.40.0-255,66,217,65,214979
6547,3.1e-05,172.217.194.0-255,1484,1701,65,214979
6548,3.6e-05,172.31.40.0-255,66,1767,65,214979
6549,4.2e-05,172.217.194.0-255,2902,4669,65,214979
6550,5.3e-05,172.31.40.0-255,66,4735,65,214979
6551,6e-05,172.217.194.0-255,4320,9055,65,214979
6552,6.2e-05,172.31.40.0-255,66,9121,65,214979
6553,6.9e-05,172.217.194.0-255,4891,14012,65,214979
6554,7.1e-05,172.31.40.0-255,66,14078,65,214979
6555,0.000122,172.31.40.0-255,66,14144,65,214979
6556,0.000128,172.217.194.0-255,5379,19523,65,214979
6557,0.00013,172.31.40.0-255,66,19589,65,214979
6558,0.000173,172.217.194.0-255,1484,21073,65,214979
6559,0.000176,172.31.40.0-255,66,21139,65,214979
6560,0.000201,172.217.194.0-255,2902,24041,65,214979
6561,0.000204,172.31.40.0-255,66,24107,65,214979
6562,0.000211,172.217.194.0-255,5738,29845,65,214979
6563,0.000213,172.31.40.0-255,66,29911,65,214979
6564,0.000243,172.217.194.0-255,6797,36708,65,214979
6565,0.000246,172.31.40.0-255,66,36774,65,214979
6566,0.000285,172.217.194.0-255,7156,43930,65,214979
6567,0.00029,172.31.40.0-255,66,43996,65,214979
6568,0.000301,172.217.194.0-255,7156,51152,65,214979
6569,0.000303,172.31.40.0-255,66,51218,65,214979
6570,0.000308,172.217.194.0-255,2831,54049,65,214979
6571,0.000314,172.31.40.0-255,66,54115,65,214979
6572,0.000317,172.217.194.0-255,366,54481,65,214979
6573,0.000319,172.31.40.0-255,66,54547,65,214979
6574,0.000381,172.217.194.0-255,1484,56031,65,214979
6575,0.000384,172.31.40.0-255,66,56097,65,214979
6576,0.000389,172.217.194.0-255,2902,58999,65,214979
6577,0.000392,172.31.40.0-255,66,59065,65,214979
6578,0.000397,172.217.194.0-255,5738,64803,65,214979
6579,0.0004,172.31.40.0-255,66,64869,65,214979
6580,0.00041,172.217.194.0-255,6249,71118,65,214979
6581,0.000413,172.31.40.0-255,66,71184,65,214979
6582,0.000636,172.217.194.0-255,1484,72668,65,214979
6583,0.000645,172.217.194.0-255,2902,75570,65,214979
6584,0.000648,172.31.40.0-255,66,75636,65,214979
6585,0.000683,172.217.194.0-255,5738,81374,65,214979
6586,0.000688,172.31.40.0-255,66,81440,65,214979
6587,0.000694,172.217.194.0-255,5738,87178,65,214979
6588,0.000696,172.31.40.0-255,66,87244,65,214979
6589,0.000722,172.217.194.0-255,1125,88369,65,214979
6590,0.000911,172.217.194.0-255,1484,89853,65,214979
6591,0.000916,172.31.40.0-255,66,89919,65,214979
6592,0.000921,172.217.194.0-255,2902,92821,65,214979
6593,0.000923,172.31.40.0-255,66,92887,65,214979
6594,0.000926,172.217.194.0-255,1484,94371,65,214979
6595,0.000954,172.217.194.0-255,4320,98691,65,214979
6596,0.000956,172.31.40.0-255,66,98757,65,214979
6597,0.000962,172.217.194.0-255,4320,103077,65,214979
6598,0.000964,172.31.40.0-255,66,103143,65,214979
6599,0.000994,172.217.194.0-255,5738,108881,65,214979
6600,0.000997,172.31.40.0-255,66,108947,65,214979
6601,0.001006,172.217.194.0-255,7156,116103,65,214979
6602,0.001008,172.31.40.0-255,66,116169,65,214979
6603,0.001045,172.217.194.0-255,6438,122607,65,214979
6604,0.001049,172.31.40.0-255,66,122673,65,214979
6605,0.001213,172.217.194.0-255,1484,124157,65,214979
6606,0.001219,172.217.194.0-255,2902,127059,65,214979
6607,0.001222,172.31.40.0-255,66,127125,65,214979
6608,0.001235,172.217.194.0-255,2902,130027,65,214979
6609,0.001242,172.31.40.0-255,66,130093,65,214979
6610,0.001272,172.217.194.0-255,2902,132995,65,214979
6611,0.001275,172.31.40.0-255,66,133061,65,214979
6612,0.001288,172.31.40.0-255,66,133127,65,214979
6613,0.001291,172.217.194.0-255,1484,134611,65,214979
6614,0.001367,172.31.40.0-255,66,134677,65,214979
6615,0.001371,172.31.40.0-255,66,134743,65,214979
6616,0.001377,172.217.194.0-255,5738,140481,65,214979
6617,0.00138,172.31.40.0-255,66,140547,65,214979
6618,0.00141,172.217.194.0-255,6438,146985,65,214979
6619,0.001413,172.31.40.0-255,66,147051,65,214979
6620,0.001593,172.217.194.0-255,1484,148535,65,214979
6621,0.001599,172.217.194.0-255,2902,151437,65,214979
6622,0.001602,172.31.40.0-255,66,151503,65,214979
6623,0.001631,172.217.194.0-255,5738,157241,65,214979
6624,0.001634,172.31.40.0-255,66,157307,65,214979
6625,0.00164,172.217.194.0-255,5738,163045,65,214979
6626,0.001642,172.31.40.0-255,66,163111,65,214979
6627,0.001663,172.217.194.0-255,7156,170267,65,214979
6628,0.001666,172.31.40.0-255,66,170333,65,214979
6629,0.001683,172.31.40.0-255,66,170399,65,214979
6630,0.00171,172.217.194.0-255,766,171165,65,214979
6631,0.002333,172.217.194.0-255,1484,172649,65,214979
6632,0.002338,172.31.40.0-255,66,172715,65,214979
6633,0.002344,172.217.194.0-255,2902,175617,65,214979
6634,0.002346,172.31.40.0-255,66,175683,65,214979
6635,0.002382,172.217.194.0-255,5738,181421,65,214979
6636,0.002385,172.31.40.0-255,66,181487,65,214979
6637,0.002428,172.31.40.0-255,66,181553,65,214979
6638,0.002447,172.217.194.0-255,2902,184455,65,214979
6639,0.00245,172.31.40.0-255,66,184521,65,214979
6640,0.002467,172.31.40.0-255,66,184587,65,214979
6641,0.002474,172.217.194.0-255,7156,191743,65,214979
6642,0.002476,172.31.40.0-255,66,191809,65,214979
6643,0.002504,172.217.194.0-255,4320,196129,65,214979
6644,0.002507,172.31.40.0-255,66,196195,65,214979
6645,0.002523,172.31.40.0-255,66,196261,65,214979
6646,0.002545,172.217.194.0-255,5020,201281,65,214979
6647,0.002547,172.31.40.0-255,66,201347,65,214979
6648,0.002564,172.31.40.0-255,66,201413,65,214979
6649,0.002592,172.217.194.0-255,5738,207151,65,214979
6650,0.002595,172.31.40.0-255,66,207217,65,214979
6651,0.002607,172.31.40.0-255,66,207283,65,214979
6652,0.002619,172.31.40.0-255,66,207349,65,214979
6653,0.002671,172.31.40.0-255,66,207415,65,214979
6654,0.002679,172.217.194.0-255,7156,214571,65,214979
6655,0.002681,172.31.40.0-255,66,214637,65,214979
6656,0.00273,172.31.40.0-255,66,214703,65,214979
6657,0.005342,172.217.194.0-255,105,214808,65,214979
6658,0.009089,172.31.40.0-255,66,214874,65,214979
6659,0.009127,172.31.40.0-255,105,214979,65,214979
6660,0.0,74.125.24.0-255,150,150,65,199851
6661,1.7e-05,172.31.40.0-255,66,216,65,199851
6662,2.3e-05,74.125.24.0-255,1484,1700,65,199851
6663,2.8e-05,172.31.40.0-255,66,1766,65,199851
6664,3.4e-05,74.125.24.0-255,2902,4668,65,199851
6665,3.7e-05,172.31.40.0-255,66,4734,65,199851
6666,7e-05,74.125.24.0-255,7156,11890,65,199851
6667,7.3e-05,172.31.40.0-255,66,11956,65,199851
6668,7.9e-05,74.125.24.0-255,4929,16885,65,199851
6669,8.2e-05,172.31.40.0-255,66,16951,65,199851
6670,8.5e-05,74.125.24.0-255,1484,18435,65,199851
6671,8.7e-05,172.31.40.0-255,66,18501,65,199851
6672,0.000112,172.31.40.0-255,66,18567,65,199851
6673,0.000255,74.125.24.0-255,1484,20051,65,199851
6674,0.000259,172.31.40.0-255,66,20117,65,199851
6675,0.000283,74.125.24.0-255,2902,23019,65,199851
6676,0.000285,172.31.40.0-255,66,23085,65,199851
6677,0.000306,74.125.24.0-255,5738,28823,65,199851
6678,0.000309,172.31.40.0-255,66,28889,65,199851
6679,0.000312,74.125.24.0-255,1484,30373,65,199851
6680,0.000314,172.31.40.0-255,66,30439,65,199851
6681,0.000332,74.125.24.0-255,4320,34759,65,199851
6682,0.000335,172.31.40.0-255,66,34825,65,199851
6683,0.000359,74.125.24.0-255,4320,39145,65,199851
6684,0.000362,172.31.40.0-255,66,39211,65,199851
6685,0.000389,172.31.40.0-255,66,39277,65,199851
6686,0.000395,74.125.24.0-255,4233,43510,65,199851
6687,0.000397,172.31.40.0-255,66,43576,65,199851
6688,0.000413,74.125.24.0-255,415,43991,65,199851
6689,0.000416,172.31.40.0-255,66,44057,65,199851
6690,0.000574,74.125.24.0-255,1484,45541,65,199851
6691,0.000581,74.125.24.0-255,2902,48443,65,199851
6692,0.000585,172.31.40.0-255,66,48509,65,199851
6693,0.000592,74.125.24.0-255,5738,54247,65,199851
6694,0.000595,172.31.40.0-255,66,54313,65,199851
6695,0.000619,74.125.24.0-255,5738,60051,65,199851
6696,0.000622,172.31.40.0-255,66,60117,65,199851
6697,0.00065,74.125.24.0-255,7156,67273,65,199851
6698,0.000653,172.31.40.0-255,66,67339,65,199851
6699,0.000665,172.31.40.0-255,66,67405,65,199851
6700,0.00085,74.125.24.0-255,1484,68889,65,199851
6701,0.000857,74.125.24.0-255,2902,71791,65,199851
6702,0.000859,172.31.40.0-255,66,71857,65,199851
6703,0.000885,74.125.24.0-255,5738,77595,65,199851
6704,0.000888,172.31.40.0-255,66,77661,65,199851
6705,0.000893,74.125.24.0-255,2902,80563,65,199851
6706,0.000896,172.31.40.0-255,66,80629,65,199851
6707,0.000915,74.125.24.0-255,5738,86367,65,199851
6708,0.000917,172.31.40.0-255,66,86433,65,199851
6709,0.000967,172.31.40.0-255,66,86499,65,199851
6710,0.000987,74.125.24.0-255,1484,87983,65,199851
6711,0.001005,74.125.24.0-255,5020,93003,65,199851
6712,0.001008,172.31.40.0-255,66,93069,65,199851
6713,0.001041,74.125.24.0-255,1484,94553,65,199851
6714,0.001059,74.125.24.0-255,2902,97455,65,199851
6715,0.001063,172.31.40.0-255,66,97521,65,199851
6716,0.001088,74.125.24.0-255,5738,103259,65,199851
6717,0.001091,172.31.40.0-255,66,103325,65,199851
6718,0.001099,74.125.24.0-255,7156,110481,65,199851
6719,0.001101,172.31.40.0-255,66,110547,65,199851
6720,0.001135,172.31.40.0-255,66,110613,65,199851
6721,0.00116,74.125.24.0-255,5738,116351,65,199851
6722,0.001163,172.31.40.0-255,66,116417,65,199851
6723,0.001174,172.31.40.0-255,66,116483,65,199851
6724,0.001185,172.31.40.0-255,66,116549,65,199851
6725,0.001224,172.31.40.0-255,66,116615,65,199851
6726,0.001248,74.125.24.0-255,7156,123771,65,199851
6727,0.00125,172.31.40.0-255,66,123837,65,199851
6728,0.001253,74.125.24.0-255,766,124603,65,199851
6729,0.001298,74.125.24.0-255,1484,126087,65,199851
6730,0.001302,172.31.40.0-255,66,126153,65,199851
6731,0.001307,74.125.24.0-255,2902,129055,65,199851
6732,0.001309,172.31.40.0-255,66,129121,65,199851
6733,0.001314,74.125.24.0-255,4320,133441,65,199851
6734,0.001316,172.31.40.0-255,66,133507,65,199851
6735,0.001339,74.125.24.0-255,1484,134991,65,199851
6736,0.001354,172.31.40.0-255,66,135057,65,199851
6737,0.00136,74.125.24.0-255,5738,140795,65,199851
6738,0.001362,172.31.40.0-255,66,140861,65,199851
6739,0.001375,74.125.24.0-255,2902,143763,65,199851
6740,0.001377,172.31.40.0-255,66,143829,65,199851
6741,0.001398,74.125.24.0-255,2184,146013,65,199851
6742,0.001401,172.31.40.0-255,66,146079,65,199851
6743,0.001479,74.125.24.0-255,1484,147563,65,199851
6744,0.001493,74.125.24.0-255,1484,149047,65,199851
6745,0.001496,172.31.40.0-255,66,149113,65,199851
6746,0.001519,74.125.24.0-255,1484,150597,65,199851
6747,0.001526,74.125.24.0-255,5738,156335,65,199851
6748,0.001529,172.31.40.0-255,66,156401,65,199851
6749,0.001544,74.125.24.0-255,1484,157885,65,199851
6750,0.001564,74.125.24.0-255,5738,163623,65,199851
6751,0.001567,172.31.40.0-255,66,163689,65,199851
6752,0.001588,74.125.24.0-255,5738,169427,65,199851
6753,0.001591,172.31.40.0-255,66,169493,65,199851
6754,0.001602,172.31.40.0-255,66,169559,65,199851
6755,0.001606,74.125.24.0-255,2184,171743,65,199851
6756,0.001607,172.31.40.0-255,66,171809,65,199851
6757,0.001706,74.125.24.0-255,1484,173293,65,199851
6758,0.001711,74.125.24.0-255,2902,176195,65,199851
6759,0.001714,172.31.40.0-255,66,176261,65,199851
6760,0.001719,74.125.24.0-255,2902,179163,65,199851
6761,0.001721,172.31.40.0-255,66,179229,65,199851
6762,0.001736,74.125.24.0-255,2902,182131,65,199851
6763,0.001738,172.31.40.0-255,66,182197,65,199851
6764,0.001774,74.125.24.0-255,2902,185099,65,199851
6765,0.001776,172.31.40.0-255,66,185165,65,199851
6766,0.001805,172.31.40.0-255,66,185231,65,199851
6767,0.001818,172.31.40.0-255,66,185297,65,199851
6768,0.001823,74.125.24.0-255,4320,189617,65,199851
6769,0.001826,172.31.40.0-255,66,189683,65,199851
6770,0.001856,172.31.40.0-255,66,189749,65,199851
6771,0.001882,74.125.24.0-255,7156,196905,65,199851
6772,0.001885,172.31.40.0-255,66,196971,65,199851
6773,0.001895,172.31.40.0-255,66,197037,65,199851
6774,0.00191,172.31.40.0-255,66,197103,65,199851
6775,0.001947,172.31.40.0-255,66,197169,65,199851
6776,0.001959,172.31.40.0-255,66,197235,65,199851
6777,0.001982,172.31.40.0-255,66,197301,65,199851
6778,0.00201,74.125.24.0-255,2184,199485,65,199851
6779,0.002012,172.31.40.0-255,66,199551,65,199851
6780,0.002023,172.31.40.0-255,66,199617,65,199851
6781,0.002026,74.125.24.0-255,105,199722,65,199851
6782,0.002029,74.125.24.0-255,129,199851,65,199851
6783,0.0,74.125.200.0-255,153,153,65,242583
6784,2.2e-05,172.31.40.0-255,66,219,65,242583
6785,2.9e-05,74.125.200.0-255,1484,1703,65,242583
6786,3.3e-05,172.31.40.0-255,66,1769,65,242583
6787,3.8e-05,74.125.200.0-255,2902,4671,65,242583
6788,4.1e-05,172.31.40.0-255,66,4737,65,242583
6789,4.6e-05,74.125.200.0-255,4320,9057,65,242583
6790,4.9e-05,172.31.40.0-255,66,9123,65,242583
6791,6.4e-05,74.125.200.0-255,1484,10607,65,242583
6792,6.7e-05,172.31.40.0-255,66,10673,65,242583
6793,7.2e-05,74.125.200.0-255,3482,14155,65,242583
6794,7.4e-05,172.31.40.0-255,66,14221,65,242583
6795,0.000202,74.125.200.0-255,1484,15705,65,242583
6796,0.000206,172.31.40.0-255,66,15771,65,242583
6797,0.00021,74.125.200.0-255,1484,17255,65,242583
6798,0.000211,172.31.40.0-255,66,17321,65,242583
6799,0.000224,74.125.200.0-255,1484,18805,65,242583
6800,0.000226,172.31.40.0-255,66,18871,65,242583
6801,0.000232,74.125.200.0-255,4320,23191,65,242583
6802,0.000234,172.31.40.0-255,66,23257,65,242583
6803,0.000274,74.125.200.0-255,5738,28995,65,242583
6804,0.000276,172.31.40.0-255,66,29061,65,242583
6805,0.000288,74.125.200.0-255,2543,31604,65,242583
6806,0.00029,172.31.40.0-255,66,31670,65,242583
6807,0.000294,74.125.200.0-255,2902,34572,65,242583
6808,0.000296,172.31.40.0-255,66,34638,65,242583
6809,0.00031,74.125.200.0-255,5738,40376,65,242583
6810,0.000312,172.31.40.0-255,66,40442,65,242583
6811,0.00033,74.125.200.0-255,5738,46180,65,242583
6812,0.000332,172.31.40.0-255,66,46246,65,242583
6813,0.000338,74.125.200.0-255,7156,53402,65,242583
6814,0.00034,172.31.40.0-255,66,53468,65,242583
6815,0.000377,74.125.200.0-255,4320,57788,65,242583
6816,0.000379,172.31.40.0-255,66,57854,65,242583
6817,0.0004,74.125.200.0-255,7156,65010,65,242583
6818,0.000403,172.31.40.0-255,66,65076,65,242583
6819,0.000405,74.125.200.0-255,1113,66189,65,242583
6820,0.000437,74.125.200.0-255,330,66519,65,242583
6821,0.000659,74.125.200.0-255,1484,68003,65,242583
6822,0.000663,172.31.40.0-255,66,68069,65,242583
6823,0.000667,74.125.200.0-255,1484,69553,65,242583
6824,0.000686,74.125.200.0-255,2902,72455,65,242583
6825,0.000689,172.31.40.0-255,66,72521,65,242583
6826,0.000694,74.125.200.0-255,5738,78259,65,242583
6827,0.000696,172.31.40.0-255,66,78325,65,242583
6828,0.000728,74.125.200.0-255,5738,84063,65,242583
6829,0.000731,172.31.40.0-255,66,84129,65,242583
6830,0.000754,74.125.200.0-255,7156,91285,65,242583
6831,0.000758,172.31.40.0-255,66,91351,65,242583
6832,0.000773,74.125.200.0-255,4320,95671,65,242583
6833,0.000775,172.31.40.0-255,66,95737,65,242583
6834,0.000801,74.125.200.0-255,5020,100757,65,242583
6835,0.000803,172.31.40.0-255,66,100823,65,242583
6836,0.001065,74.125.200.0-255,1484,102307,65,242583
6837,0.001069,74.125.200.0-255,1484,103791,65,242583
6838,0.001072,172.31.40.0-255,66,103857,65,242583
6839,0.001091,74.125.200.0-255,1484,105341,65,242583
6840,0.001096,74.125.200.0-255,4320,109661,65,242583
6841,0.001099,172.31.40.0-255,66,109727,65,242583
6842,0.001114,74.125.200.0-255,1484,111211,65,242583
6843,0.001128,74.125.200.0-255,4320,115531,65,242583
6844,0.00113,172.31.40.0-255,66,115597,65,242583
6845,0.001145,74.125.200.0-255,5738,121335,65,242583
6846,0.001147,172.31.40.0-255,66,121401,65,242583
6847,0.00117,74.125.200.0-255,2902,124303,65,242583
6848,0.001173,172.31.40.0-255,66,124369,65,242583
6849,0.001177,74.125.200.0-255,2902,127271,65,242583
6850,0.001178,172.31.40.0-255,66,127337,65,242583
6851,0.001203,172.31.40.0-255,66,127403,65,242583
6852,0.001275,74.125.200.0-255,1484,128887,65,242583
6853,0.001288,74.125.200.0-255,2902,131789,65,242583
6854,0.001291,172.31.40.0-255,66,131855,65,242583
6855,0.001314,74.125.200.0-255,5738,137593,65,242583
6856,0.001317,172.31.40.0-255,66,137659,65,242583
6857,0.001343,74.125.200.0-255,1484,139143,65,242583
6858,0.001356,74.125.200.0-255,2902,142045,65,242583
6859,0.001358,172.31.40.0-255,66,142111,65,242583
6860,0.001383,74.125.200.0-255,5738,147849,65,242583
6861,0.001386,172.31.40.0-255,66,147915,65,242583
6862,0.001391,74.125.200.0-255,4320,152235,65,242583
6863,0.001393,172.31.40.0-255,66,152301,65,242583
6864,0.001397,74.125.200.0-255,2902,155203,65,242583
6865,0.001399,172.31.40.0-255,66,155269,65,242583
6866,0.001412,74.125.200.0-255,2902,158171,65,242583
6867,0.001414,172.31.40.0-255,66,158237,65,242583
6868,0.001435,74.125.200.0-255,3602,161839,65,242583
6869,0.001437,172.31.40.0-255,66,161905,65,242583
6870,0.001481,74.125.200.0-255,1484,163389,65,242583
6871,0.001499,74.125.200.0-255,2902,166291,65,242583
6872,0.001502,172.31.40.0-255,66,166357,65,242583
6873,0.001506,74.125.200.0-255,2902,169259,65,242583
6874,0.001508,172.31.40.0-255,66,169325,65,242583
6875,0.001513,74.125.200.0-255,4320,173645,65,242583
6876,0.001514,172.31.40.0-255,66,173711,65,242583
6877,0.001549,74.125.200.0-255,4320,178031,65,242583
6878,0.001551,172.31.40.0-255,66,178097,65,242583
6879,0.001568,74.125.200.0-255,4320,182417,65,242583
6880,0.00157,172.31.40.0-255,66,182483,65,242583
6881,0.001576,74.125.200.0-255,7156,189639,65,242583
6882,0.001578,172.31.40.0-255,66,189705,65,242583
6883,0.001605,74.125.200.0-255,6438,196143,65,242583
6884,0.001608,172.31.40.0-255,66,196209,65,242583
6885,0.002136,74.125.200.0-255,1484,197693,65,242583
6886,0.002152,74.125.200.0-255,2902,200595,65,242583
6887,0.002156,172.31.40.0-255,66,200661,65,242583
6888,0.002169,74.125.200.0-255,2902,203563,65,242583
6889,0.002171,172.31.40.0-255,66,203629,65,242583
6890,0.002185,74.125.200.0-255,2902,206531,65,242583
6891,0.002187,172.31.40.0-255,66,206597,65,242583
6892,0.002195,74.125.200.0-255,5738,212335,65,242583
6893,0.002197,172.31.40.0-255,66,212401,65,242583
6894,0.002222,74.125.200.0-255,2902,215303,65,242583
6895,0.002225,172.31.40.0-255,66,215369,65,242583
6896,0.002236,172.31.40.0-255,66,215435,65,242583
6897,0.00224,74.125.200.0-255,2902,218337,65,242583
6898,0.002242,172.31.40.0-255,66,218403,65,242583
6899,0.002268,74.125.200.0-255,2184,220587,65,242583
6900,0.002271,172.31.40.0-255,66,220653,65,242583
6901,0.002363,74.125.200.0-255,1484,222137,65,242583
6902,0.002369,74.125.200.0-255,2902,225039,65,242583
6903,0.002371,172.31.40.0-255,66,225105,65,242583
6904,0.00239,74.125.200.0-255,1484,226589,65,242583
6905,0.004734,74.125.200.0-255,4320,230909,65,242583
6906,0.004741,172.31.40.0-255,66,230975,65,242583
6907,0.007114,74.125.200.0-255,5738,236713,65,242583
6908,0.007117,172.31.40.0-255,66,236779,65,242583
6909,0.009478,74.125.200.0-255,5738,242517,65,242583
6910,0.009485,172.31.40.0-255,66,242583,65,242583
6911,0.0,74.125.200.0-255,151,151,65,61178
6912,2.6e-05,172.31.40.0-255,66,217,65,61178
6913,3.4e-05,74.125.200.0-255,1484,1701,65,61178
6914,3.8e-05,172.31.40.0-255,66,1767,65,61178
6915,4.5e-05,74.125.200.0-255,2902,4669,65,61178
6916,4.9e-05,172.31.40.0-255,66,4735,65,61178
6917,7.6e-05,74.125.200.0-255,2902,7637,65,61178
6918,7.9e-05,172.31.40.0-255,66,7703,65,61178
6919,9.7e-05,74.125.200.0-255,1484,9187,65,61178
6920,0.0001,172.31.40.0-255,66,9253,65,61178
6921,0.000119,74.125.200.0-255,1484,10737,65,61178
6922,0.000121,172.31.40.0-255,66,10803,65,61178
6923,0.000152,172.31.40.0-255,66,10869,65,61178
6924,0.000276,172.31.40.0-255,66,10935,65,61178
6925,0.000294,74.125.200.0-255,1484,12419,65,61178
6926,0.000296,172.31.40.0-255,66,12485,65,61178
6927,0.00042,74.125.200.0-255,2543,15028,65,61178
6928,0.000426,172.31.40.0-255,66,15094,65,61178
6929,0.000444,74.125.200.0-255,1484,16578,65,61178
6930,0.000447,172.31.40.0-255,66,16644,65,61178
6931,0.000486,172.31.40.0-255,66,16710,65,61178
6932,0.000678,74.125.200.0-255,4320,21030,65,61178
6933,0.000684,172.31.40.0-255,66,21096,65,61178
6934,0.000721,172.31.40.0-255,66,21162,65,61178
6935,0.000944,74.125.200.0-255,410,21572,65,61178
6936,0.000948,172.31.40.0-255,66,21638,65,61178
6937,0.000997,172.31.40.0-255,66,21704,65,61178
6938,0.001039,172.31.40.0-255,66,21770,65,61178
6939,0.001298,74.125.200.0-255,4320,26090,65,61178
6940,0.001303,172.31.40.0-255,66,26156,65,61178
6941,0.00134,172.31.40.0-255,66,26222,65,61178
6942,0.001498,172.31.40.0-255,66,26288,65,61178
6943,0.001545,172.31.40.0-255,66,26354,65,61178
6944,0.002109,172.31.40.0-255,66,26420,65,61178
6945,0.002515,74.125.200.0-255,5738,32158,65,61178
6946,0.002567,74.125.200.0-255,4320,36478,65,61178
6947,0.003487,74.125.200.0-255,7156,43634,65,61178
6948,0.003972,172.31.40.0-255,66,43700,65,61178
6949,0.004242,74.125.200.0-255,5738,49438,65,61178
6950,0.004252,172.31.40.0-255,66,49504,65,61178
6951,0.004366,172.31.40.0-255,66,49570,65,61178
6952,0.007067,74.125.200.0-255,5738,55308,65,61178
6953,0.007073,172.31.40.0-255,66,55374,65,61178
6954,0.009741,74.125.200.0-255,5738,61112,65,61178
6955,0.009746,172.31.40.0-255,66,61178,65,61178
6956,0.0,172.217.194.0-255,152,152,65,233324
6957,2.1e-05,172.31.40.0-255,66,218,65,233324
6958,2.7e-05,172.217.194.0-255,1484,1702,65,233324
6959,3.1e-05,172.31.40.0-255,66,1768,65,233324
6960,6.8e-05,172.217.194.0-255,2902,4670,65,233324
6961,7.2e-05,172.31.40.0-255,66,4736,65,233324
6962,7.9e-05,172.217.194.0-255,7156,11892,65,233324
6963,8.2e-05,172.31.40.0-255,66,11958,65,233324
6964,8.6e-05,172.217.194.0-255,2074,14032,65,233324
6965,8.8e-05,172.31.40.0-255,66,14098,65,233324
6966,0.000111,172.217.194.0-255,1484,15582,65,233324
6967,0.000113,172.31.40.0-255,66,15648,65,233324
6968,0.000132,172.217.194.0-255,2902,18550,65,233324
6969,0.000135,172.31.40.0-255,66,18616,65,233324
6970,0.00014,172.217.194.0-255,4320,22936,65,233324
6971,0.000142,172.31.40.0-255,66,23002,65,233324
6972,0.000166,172.217.194.0-255,1484,24486,65,233324
6973,0.000168,172.31.40.0-255,66,24552,65,233324
6974,0.000175,172.217.194.0-255,6797,31349,65,233324
6975,0.000177,172.31.40.0-255,66,31415,65,233324
6976,0.000261,172.217.194.0-255,1484,32899,65,233324
6977,0.000264,172.31.40.0-255,66,32965,65,233324
6978,0.000286,172.217.194.0-255,2902,35867,65,233324
6979,0.000289,172.31.40.0-255,66,35933,65,233324
6980,0.000295,172.217.194.0-255,5738,41671,65,233324
6981,0.000297,172.31.40.0-255,66,41737,65,233324
6982,0.000341,172.31.40.0-255,66,41803,65,233324
6983,0.000366,172.217.194.0-255,3961,45764,65,233324
6984,0.000368,172.31.40.0-255,66,45830,65,233324
6985,0.000376,172.217.194.0-255,5738,51568,65,233324
6986,0.000378,172.31.40.0-255,66,51634,65,233324
6987,0.000397,172.217.194.0-255,4216,55850,65,233324
6988,0.000405,172.217.194.0-255,432,56282,65,233324
6989,0.000601,172.217.194.0-255,1484,57766,65,233324
6990,0.000606,172.217.194.0-255,1484,59250,65,233324
6991,0.000618,172.217.194.0-255,1484,60734,65,233324
6992,0.000626,172.217.194.0-255,5738,66472,65,233324
6993,0.000655,172.217.194.0-255,5738,72210,65,233324
6994,0.000673,172.217.194.0-255,7156,79366,65,233324
6995,0.000686,172.217.194.0-255,4320,83686,65,233324
6996,0.000713,172.217.194.0-255,6438,90124,65,233324
6997,0.000795,172.217.194.0-255,1484,91608,65,233324
6998,0.000811,172.217.194.0-255,2902,94510,65,233324
6999,0.000834,172.217.194.0-255,5738,100248,65,233324
7000,0.000837,172.217.194.0-255,1484,101732,65,233324
7001,0.000875,172.217.194.0-255,2902,104634,65,233324
7002,0.000879,172.217.194.0-255,2902,107536,65,233324
7003,0.00089,172.31.40.0-255,66,107602,65,233324
7004,0.000907,172.217.194.0-255,6438,114040,65,233324
7005,0.000913,172.31.40.0-255,66,114106,65,233324
7006,0.001295,172.217.194.0-255,1484,115590,65,233324
7007,0.001303,172.217.194.0-255,2902,118492,65,233324
7008,0.001322,172.217.194.0-255,5738,124230,65,233324
7009,0.001331,172.31.40.0-255,66,124296,65,233324
7010,0.001349,172.217.194.0-255,7156,131452,65,233324
7011,0.001359,172.31.40.0-255,66,131518,65,233324
7012,0.001374,172.217.194.0-255,4320,135838,65,233324
7013,0.0014,172.31.40.0-255,66,135904,65,233324
7014,0.001418,172.217.194.0-255,2184,138088,65,233324
7015,0.001457,172.31.40.0-255,66,138154,65,233324
7016,0.001524,172.217.194.0-255,2184,140338,65,233324
7017,0.001532,172.31.40.0-255,66,140404,65,233324
7018,0.001582,172.217.194.0-255,1484,141888,65,233324
7019,0.001588,172.217.194.0-255,2902,144790,65,233324
7020,0.001606,172.217.194.0-255,5738,150528,65,233324
7021,0.00161,172.31.40.0-255,66,150594,65,233324
7022,0.001619,172.31.40.0-255,66,150660,65,233324
7023,0.001677,172.217.194.0-255,1484,152144,65,233324
7024,0.001689,172.217.194.0-255,2184,154328,65,233324
7025,0.001693,172.217.194.0-255,2902,157230,65,233324
7026,0.001702,172.31.40.0-255,66,157296,65,233324
7027,0.00171,172.217.194.0-255,2902,160198,65,233324
7028,0.001715,172.31.40.0-255,66,160264,65,233324
7029,0.001737,172.217.194.0-255,4320,164584,65,233324
7030,0.001741,172.217.194.0-255,2902,167486,65,233324
7031,0.001755,172.31.40.0-255,66,167552,65,233324
7032,0.001828,172.217.194.0-255,3602,171154,65,233324
7033,0.001848,172.31.40.0-255,66,171220,65,233324
7034,0.001863,172.217.194.0-255,7156,178376,65,233324
7035,0.001882,172.217.194.0-255,5020,183396,65,233324
7036,0.001897,172.31.40.0-255,66,183462,65,233324
7037,0.001936,172.217.194.0-255,1484,184946,65,233324
7038,0.001941,172.217.194.0-255,2902,187848,65,233324
7039,0.00195,172.31.40.0-255,66,187914,65,233324
7040,0.001962,172.217.194.0-255,5738,193652,65,233324
7041,0.001986,172.217.194.0-255,7156,200808,65,233324
7042,0.002003,172.217.194.0-255,5738,206546,65,233324
7043,0.002009,172.217.194.0-255,5738,212284,65,233324
7044,0.00203,172.217.194.0-255,5020,217304,65,233324
7045,0.002033,172.31.40.0-255,66,217370,65,233324
7046,0.002038,172.31.40.0-255,66,217436,65,233324
7047,0.00209,172.31.40.0-255,66,217502,65,233324
7048,0.002158,172.31.40.0-255,66,217568,65,233324
7049,0.002178,172.217.194.0-255,7156,224724,65,233324
7050,0.00219,172.217.194.0-255,1484,226208,65,233324
7051,0.002208,172.217.194.0-255,6611,232819,65,233324
7052,0.002224,172.217.194.0-255,97,232916,65,233324
7053,0.00223,172.31.40.0-255,66,232982,65,233324
7054,0.002254,172.217.194.0-255,105,233087,65,233324
7055,0.004868,172.31.40.0-255,66,233153,65,233324
7056,0.004906,172.31.40.0-255,105,233258,65,233324
7057,0.007473,172.217.194.0-255,66,233324,65,233324
7058,0.0,172.217.194.0-255,146,146,65,218621
7059,2.3e-05,172.31.40.0-255,66,212,65,218621
7060,3e-05,172.217.194.0-255,1484,1696,65,218621
7061,3.5e-05,172.31.40.0-255,66,1762,65,218621
7062,4.1e-05,172.217.194.0-255,2902,4664,65,218621
7063,4.4e-05,172.31.40.0-255,66,4730,65,218621
7064,5.2e-05,172.217.194.0-255,5738,10468,65,218621
7065,5.5e-05,172.31.40.0-255,66,10534,65,218621
7066,9.1e-05,172.31.40.0-255,66,10600,65,218621
7067,0.000145,172.31.40.0-255,66,10666,65,218621
7068,0.000187,172.217.194.0-255,1484,12150,65,218621
7069,0.000189,172.31.40.0-255,66,12216,65,218621
7070,0.000202,172.217.194.0-255,2902,15118,65,218621
7071,0.000205,172.31.40.0-255,66,15184,65,218621
7072,0.000212,172.217.194.0-255,5738,20922,65,218621
7073,0.000215,172.31.40.0-255,66,20988,65,218621
7074,0.000222,172.217.194.0-255,6797,27785,65,218621
7075,0.000225,172.31.40.0-255,66,27851,65,218621
7076,0.000573,172.217.194.0-255,1484,29335,65,218621
7077,0.000579,172.31.40.0-255,66,29401,65,218621
7078,0.000585,172.217.194.0-255,2902,32303,65,218621
7079,0.000587,172.31.40.0-255,66,32369,65,218621
7080,0.00059,172.217.194.0-255,1484,33853,65,218621
7081,0.000592,172.31.40.0-255,66,33919,65,218621
7082,0.000615,172.217.194.0-255,4320,38239,65,218621
7083,0.000618,172.31.40.0-255,66,38305,65,218621
7084,0.000625,172.217.194.0-255,5738,44043,65,218621
7085,0.000627,172.31.40.0-255,66,44109,65,218621
7086,0.000652,172.217.194.0-255,1125,45234,65,218621
7087,0.00066,172.31.40.0-255,66,45300,65,218621
7088,0.00067,172.217.194.0-255,1484,46784,65,218621
7089,0.000675,172.217.194.0-255,2902,49686,65,218621
7090,0.000698,172.217.194.0-255,1484,51170,65,218621
7091,0.000706,172.31.40.0-255,66,51236,65,218621
7092,0.000721,172.217.194.0-255,4320,55556,65,218621
7093,0.000728,172.217.194.0-255,6797,62353,65,218621
7094,0.000746,172.31.40.0-255,66,62419,65,218621
7095,0.001039,172.217.194.0-255,1484,63903,65,218621
7096,0.001045,172.217.194.0-255,2902,66805,65,218621
7097,0.001048,172.31.40.0-255,66,66871,65,218621
7098,0.001074,172.217.194.0-255,5738,72609,65,218621
7099,0.001079,172.31.40.0-255,66,72675,65,218621
7100,0.001087,172.217.194.0-255,2902,75577,65,218621
7101,0.001095,172.31.40.0-255,66,75643,65,218621
7102,0.001105,172.217.194.0-255,3961,79604,65,218621
7103,0.001116,172.217.194.0-255,647,80251,65,218621
7104,0.001132,172.31.40.0-255,66,80317,65,218621
7105,0.001344,172.217.194.0-255,1484,81801,65,218621
7106,0.001357,172.217.194.0-255,2902,84703,65,218621
7107,0.001361,172.31.40.0-255,66,84769,65,218621
7108,0.001368,172.217.194.0-255,5738,90507,65,218621
7109,0.001372,172.31.40.0-255,66,90573,65,218621
7110,0.001406,172.217.194.0-255,2902,93475,65,218621
7111,0.001419,172.31.40.0-255,66,93541,65,218621
7112,0.001448,172.217.194.0-255,766,94307,65,218621
7113,0.001467,172.31.40.0-255,66,94373,65,218621
7114,0.001486,172.217.194.0-255,1484,95857,65,218621
7115,0.001489,172.217.194.0-255,1484,97341,65,218621
7116,0.001496,172.31.40.0-255,66,97407,65,218621
7117,0.001508,172.217.194.0-255,2902,100309,65,218621
7118,0.001514,172.217.194.0-255,5738,106047,65,218621
7119,0.001519,172.31.40.0-255,66,106113,65,218621
7120,0.001553,172.31.40.0-255,66,106179,65,218621
7121,0.001593,172.31.40.0-255,66,106245,65,218621
7122,0.001618,172.217.194.0-255,2902,109147,65,218621
7123,0.001625,172.217.194.0-255,7156,116303,65,218621
7124,0.001627,172.31.40.0-255,66,116369,65,218621
7125,0.001645,172.217.194.0-255,1484,117853,65,218621
7126,0.001663,172.31.40.0-255,66,117919,65,218621
7127,0.001676,172.217.194.0-255,2902,120821,65,218621
7128,0.001725,172.31.40.0-255,66,120887,65,218621
7129,0.001907,172.217.194.0-255,1484,122371,65,218621
7130,0.001944,172.217.194.0-255,1484,123855,65,218621
7131,0.001949,172.31.40.0-255,66,123921,65,218621
7132,0.001957,172.217.194.0-255,1484,125405,65,218621
7133,0.001963,172.217.194.0-255,5738,131143,65,218621
7134,0.001966,172.217.194.0-255,1484,132627,65,218621
7135,0.001998,172.217.194.0-255,2902,135529,65,218621
7136,0.002009,172.31.40.0-255,66,135595,65,218621
7137,0.002045,172.31.40.0-255,66,135661,65,218621
7138,0.002058,172.217.194.0-255,1484,137145,65,218621
7139,0.002077,172.217.194.0-255,7156,144301,65,218621
7140,0.002083,172.217.194.0-255,5738,150039,65,218621
7141,0.002105,172.217.194.0-255,4320,154359,65,218621
7142,0.002139,172.217.194.0-255,4320,158679,65,218621
7143,0.002154,172.217.194.0-255,5738,164417,65,218621
7144,0.002177,172.217.194.0-255,5020,169437,65,218621
7145,0.002205,172.217.194.0-255,1484,170921,65,218621
7146,0.00221,172.217.194.0-255,2902,173823,65,218621
7147,0.002234,172.217.194.0-255,5738,179561,65,218621
7148,0.002237,172.217.194.0-255,1484,181045,65,218621
7149,0.002275,172.217.194.0-255,5738,186783,65,218621
7150,0.002295,172.217.194.0-255,6438,193221,65,218621
7151,0.002311,172.217.194.0-255,1484,194705,65,218621
7152,0.002314,172.217.194.0-255,1484,196189,65,218621
7153,0.002326,172.217.194.0-255,1484,197673,65,218621
7154,0.002337,172.217.194.0-255,2902,200575,65,218621
7155,0.002352,172.217.194.0-255,2902,203477,65,218621
7156,0.002356,172.217.194.0-255,4320,207797,65,218621
7157,0.002401,172.217.194.0-255,2902,210699,65,218621
7158,0.002419,172.217.194.0-255,4320,215019,65,218621
7159,0.002447,172.217.194.0-255,3602,218621,65,218621
7160,0.0,74.125.24.0-255,150,150,65,246455
7161,2.3e-05,172.31.40.0-255,66,216,65,246455
7162,3.1e-05,74.125.24.0-255,1484,1700,65,246455
7163,3.5e-05,172.31.40.0-255,66,1766,65,246455
7164,3.8e-05,74.125.24.0-255,1484,3250,65,246455
7165,4.2e-05,172.31.40.0-255,66,3316,65,246455
7166,6.1e-05,74.125.24.0-255,1484,4800,65,246455
7167,6.4e-05,172.31.40.0-255,66,4866,65,246455
7168,7.7e-05,74.125.24.0-255,7156,12022,65,246455
7169,8e-05,172.31.40.0-255,66,12088,65,246455
7170,8.4e-05,74.125.24.0-255,2056,14144,65,246455
7171,8.6e-05,172.31.40.0-255,66,14210,65,246455
7172,0.000223,74.125.24.0-255,1484,15694,65,246455
7173,0.000228,172.31.40.0-255,66,15760,65,246455
7174,0.000233,74.125.24.0-255,2902,18662,65,246455
7175,0.000235,172.31.40.0-255,66,18728,65,246455
7176,0.000258,74.125.24.0-255,5738,24466,65,246455
7177,0.000262,172.31.40.0-255,66,24532,65,246455
7178,0.000265,74.125.24.0-255,1484,26016,65,246455
7179,0.000267,172.31.40.0-255,66,26082,65,246455
7180,0.000315,74.125.24.0-255,2902,28984,65,246455
7181,0.000319,172.31.40.0-255,66,29050,65,246455
7182,0.000348,74.125.24.0-255,2543,31593,65,246455
7183,0.000351,172.31.40.0-255,66,31659,65,246455
7184,0.000377,74.125.24.0-255,2902,34561,65,246455
7185,0.00038,172.31.40.0-255,66,34627,65,246455
7186,0.000385,74.125.24.0-255,4320,38947,65,246455
7187,0.000387,172.31.40.0-255,66,39013,65,246455
7188,0.000397,74.125.24.0-255,4320,43333,65,246455
7189,0.0004,172.31.40.0-255,66,43399,65,246455
7190,0.000431,74.125.24.0-255,4320,47719,65,246455
7191,0.000434,172.31.40.0-255,66,47785,65,246455
7192,0.000436,74.125.24.0-255,1125,48910,65,246455
7193,0.000441,74.125.24.0-255,1484,50394,65,246455
7194,0.000443,172.31.40.0-255,66,50460,65,246455
7195,0.000474,74.125.24.0-255,4320,54780,65,246455
7196,0.000477,172.31.40.0-255,66,54846,65,246455
7197,0.000483,74.125.24.0-255,5738,60584,65,246455
7198,0.000485,172.31.40.0-255,66,60650,65,246455
7199,0.000518,74.125.24.0-255,2902,63552,65,246455
7200,0.00052,172.31.40.0-255,66,63618,65,246455
7201,0.000544,74.125.24.0-255,2873,66491,65,246455
7202,0.000547,172.31.40.0-255,66,66557,65,246455
7203,0.000698,74.125.24.0-255,112,66669,65,246455
7204,0.000886,74.125.24.0-255,1484,68153,65,246455
7205,0.000892,172.31.40.0-255,66,68219,65,246455
7206,0.000898,74.125.24.0-255,2902,71121,65,246455
7207,0.000901,172.31.40.0-255,66,71187,65,246455
7208,0.000917,74.125.24.0-255,1484,72671,65,246455
7209,0.000943,74.125.24.0-255,5738,78409,65,246455
7210,0.000945,172.31.40.0-255,66,78475,65,246455
7211,0.000972,74.125.24.0-255,4320,82795,65,246455
7212,0.000976,172.31.40.0-255,66,82861,65,246455
7213,0.000992,74.125.24.0-255,1125,83986,65,246455
7214,0.001013,74.125.24.0-255,4320,88306,65,246455
7215,0.001016,172.31.40.0-255,66,88372,65,246455
7216,0.001039,74.125.24.0-255,1484,89856,65,246455
7217,0.001045,74.125.24.0-255,7156,97012,65,246455
7218,0.001049,172.31.40.0-255,66,97078,65,246455
7219,0.001074,74.125.24.0-255,4205,101283,65,246455
7220,0.001077,172.31.40.0-255,66,101349,65,246455
7221,0.001161,74.125.24.0-255,1484,102833,65,246455
7222,0.001184,74.125.24.0-255,1484,104317,65,246455
7223,0.001187,172.31.40.0-255,66,104383,65,246455
7224,0.001192,74.125.24.0-255,2902,107285,65,246455
7225,0.001195,172.31.40.0-255,66,107351,65,246455
7226,0.001198,74.125.24.0-255,1484,108835,65,246455
7227,0.001224,74.125.24.0-255,4320,113155,65,246455
7228,0.001227,172.31.40.0-255,66,113221,65,246455
7229,0.001239,172.31.40.0-255,66,113287,65,246455
7230,0.00126,74.125.24.0-255,2902,116189,65,246455
7231,0.001263,172.31.40.0-255,66,116255,65,246455
7232,0.001292,74.125.24.0-255,2902,119157,65,246455
7233,0.001295,172.31.40.0-255,66,119223,65,246455
7234,0.001327,74.125.24.0-255,6438,125661,65,246455
7235,0.00133,172.31.40.0-255,66,125727,65,246455
7236,0.00139,74.125.24.0-255,1484,127211,65,246455
7237,0.001395,74.125.24.0-255,2902,130113,65,246455
7238,0.001398,172.31.40.0-255,66,130179,65,246455
7239,0.001405,74.125.24.0-255,5738,135917,65,246455
7240,0.001407,172.31.40.0-255,66,135983,65,246455
7241,0.001411,74.125.24.0-255,2902,138885,65,246455
7242,0.001414,172.31.40.0-255,66,138951,65,246455
7243,0.001456,172.31.40.0-255,66,139017,65,246455
7244,0.001467,172.31.40.0-255,66,139083,65,246455
7245,0.001495,74.125.24.0-255,2184,141267,65,246455
7246,0.001498,172.31.40.0-255,66,141333,65,246455
7247,0.00157,74.125.24.0-255,1484,142817,65,246455
7248,0.001615,74.125.24.0-255,2902,145719,65,246455
7249,0.001619,172.31.40.0-255,66,145785,65,246455
7250,0.001623,74.125.24.0-255,1484,147269,65,246455
7251,0.001647,74.125.24.0-255,2902,150171,65,246455
7252,0.001652,74.125.24.0-255,2902,153073,65,246455
7253,0.001657,172.31.40.0-255,66,153139,65,246455
7254,0.00166,172.31.40.0-255,66,153205,65,246455
7255,0.001671,74.125.24.0-255,5738,158943,65,246455
7256,0.001678,172.31.40.0-255,66,159009,65,246455
7257,0.001685,74.125.24.0-255,5738,164747,65,246455
7258,0.001688,172.31.40.0-255,66,164813,65,246455
7259,0.001715,74.125.24.0-255,5738,170551,65,246455
7260,0.001718,172.31.40.0-255,66,170617,65,246455
7261,0.00175,74.125.24.0-255,5020,175637,65,246455
7262,0.001753,172.31.40.0-255,66,175703,65,246455
7263,0.002011,74.125.24.0-255,1484,177187,65,246455
7264,0.002015,74.125.24.0-255,1484,178671,65,246455
7265,0.002019,172.31.40.0-255,66,178737,65,246455
7266,0.002032,74.125.24.0-255,1484,180221,65,246455
7267,0.002042,74.125.24.0-255,4320,184541,65,246455
7268,0.002044,172.31.40.0-255,66,184607,65,246455
7269,0.002056,74.125.24.0-255,1484,186091,65,246455
7270,0.002066,74.125.24.0-255,4320,190411,65,246455
7271,0.002068,172.31.40.0-255,66,190477,65,246455
7272,0.002082,74.125.24.0-255,2902,193379,65,246455
7273,0.002085,172.31.40.0-255,66,193445,65,246455
7274,0.002103,172.31.40.0-255,66,193511,65,246455
7275,0.002107,74.125.24.0-255,2184,195695,65,246455
7276,0.00211,172.31.40.0-255,66,195761,65,246455
7277,0.002154,172.31.40.0-255,66,195827,65,246455
7278,0.002185,74.125.24.0-255,2902,198729,65,246455
7279,0.002188,172.31.40.0-255,66,198795,65,246455
7280,0.0022,172.31.40.0-255,66,198861,65,246455
7281,0.002206,74.125.24.0-255,6438,205299,65,246455
7282,0.002209,172.31.40.0-255,66,205365,65,246455
7283,0.002279,74.125.24.0-255,1484,206849,65,246455
7284,0.002292,74.125.24.0-255,2902,209751,65,246455
7285,0.002295,172.31.40.0-255,66,209817,65,246455
7286,0.002301,74.125.24.0-255,4320,214137,65,246455
7287,0.002304,172.31.40.0-255,66,214203,65,246455
7288,0.002322,74.125.24.0-255,1484,215687,65,246455
7289,0.002329,74.125.24.0-255,5738,221425,65,246455
7290,0.002331,172.31.40.0-255,66,221491,65,246455
7291,0.002361,74.125.24.0-255,7156,228647,65,246455
7292,0.002364,172.31.40.0-255,66,228713,65,246455
7293,0.002377,172.31.40.0-255,66,228779,65,246455
7294,0.004852,74.125.24.0-255,5738,234517,65,246455
7295,0.00486,172.31.40.0-255,66,234583,65,246455
7296,0.00729,74.125.24.0-255,2902,237485,65,246455
7297,0.007293,172.31.40.0-255,66,237551,65,246455
7298,0.007319,74.125.24.0-255,2902,240453,65,246455
7299,0.007322,172.31.40.0-255,66,240519,65,246455
7300,0.00975,74.125.24.0-255,2902,243421,65,246455
7301,0.009754,172.31.40.0-255,66,243487,65,246455
7302,0.009792,74.125.24.0-255,2902,246389,65,246455
7303,0.009794,172.31.40.0-255,66,246455,65,246455
7304,0.0,172.217.194.0-255,156,156,65,192479
7305,2.5e-05,172.31.40.0-255,66,222,65,192479
7306,3.2e-05,172.217.194.0-255,1484,1706,65,192479
7307,3.7e-05,172.31.40.0-255,66,1772,65,192479
7308,4.2e-05,172.217.194.0-255,2902,4674,65,192479
7309,5.4e-05,172.31.40.0-255,66,4740,65,192479
7310,6.2e-05,172.217.194.0-255,7156,11896,65,192479
7311,6.4e-05,172.31.40.0-255,66,11962,65,192479
7312,6.7e-05,172.217.194.0-255,1484,13446,65,192479
7313,7e-05,172.31.40.0-255,66,13512,65,192479
7314,0.000109,172.31.40.0-255,66,13578,65,192479
7315,0.000112,172.217.194.0-255,1484,15062,65,192479
7316,0.000114,172.31.40.0-255,66,15128,65,192479
7317,0.000117,172.217.194.0-255,1484,16612,65,192479
7318,0.000119,172.31.40.0-255,66,16678,65,192479
7319,0.000165,172.31.40.0-255,66,16744,65,192479
7320,0.000176,172.31.40.0-255,66,16810,65,192479
7321,0.000217,172.217.194.0-255,1484,18294,65,192479
7322,0.000219,172.31.40.0-255,66,18360,65,192479
7323,0.000245,172.217.194.0-255,5738,24098,65,192479
7324,0.000248,172.31.40.0-255,66,24164,65,192479
7325,0.000258,172.31.40.0-255,66,24230,65,192479
7326,0.000262,172.217.194.0-255,1716,25946,65,192479
7327,0.000264,172.31.40.0-255,66,26012,65,192479
7328,0.000592,172.217.194.0-255,1484,27496,65,192479
7329,0.000597,172.31.40.0-255,66,27562,65,192479
7330,0.000604,172.217.194.0-255,2902,30464,65,192479
7331,0.000606,172.31.40.0-255,66,30530,65,192479
7332,0.000639,172.217.194.0-255,5738,36268,65,192479
7333,0.000642,172.31.40.0-255,66,36334,65,192479
7334,0.000704,172.31.40.0-255,66,36400,65,192479
7335,0.000712,172.217.194.0-255,7156,43556,65,192479
7336,0.000715,172.31.40.0-255,66,43622,65,192479
7337,0.000747,172.217.194.0-255,3602,47224,65,192479
7338,0.00075,172.31.40.0-255,66,47290,65,192479
7339,0.000866,172.217.194.0-255,1484,48774,65,192479
7340,0.000873,172.217.194.0-255,2902,51676,65,192479
7341,0.000876,172.31.40.0-255,66,51742,65,192479
7342,0.00088,172.217.194.0-255,1484,53226,65,192479
7343,0.000912,172.217.194.0-255,4320,57546,65,192479
7344,0.000914,172.31.40.0-255,66,57612,65,192479
7345,0.000928,172.31.40.0-255,66,57678,65,192479
7346,0.000934,172.217.194.0-255,5738,63416,65,192479
7347,0.000937,172.31.40.0-255,66,63482,65,192479
7348,0.000965,172.217.194.0-255,6438,69920,65,192479
7349,0.000968,172.31.40.0-255,66,69986,65,192479
7350,0.00099,172.217.194.0-255,1484,71470,65,192479
7351,0.000995,172.217.194.0-255,2902,74372,65,192479
7352,0.000997,172.31.40.0-255,66,74438,65,192479
7353,0.001004,172.217.194.0-255,5738,80176,65,192479
7354,0.001007,172.31.40.0-255,66,80242,65,192479
7355,0.001012,172.217.194.0-255,4320,84562,65,192479
7356,0.001015,172.31.40.0-255,66,84628,65,192479
7357,0.001049,172.217.194.0-255,1484,86112,65,192479
7358,0.001064,172.31.40.0-255,66,86178,65,192479
7359,0.001087,172.217.194.0-255,5020,91198,65,192479
7360,0.001102,172.31.40.0-255,66,91264,65,192479
7361,0.001358,172.217.194.0-255,1484,92748,65,192479
7362,0.001364,172.217.194.0-255,2902,95650,65,192479
7363,0.001368,172.31.40.0-255,66,95716,65,192479
7364,0.0014,172.217.194.0-255,5738,101454,65,192479
7365,0.001403,172.31.40.0-255,66,101520,65,192479
7366,0.001411,172.217.194.0-255,7156,108676,65,192479
7367,0.001413,172.31.40.0-255,66,108742,65,192479
7368,0.001446,172.217.194.0-255,5738,114480,65,192479
7369,0.00145,172.31.40.0-255,66,114546,65,192479
7370,0.001462,172.217.194.0-255,2184,116730,65,192479
7371,0.001471,172.31.40.0-255,66,116796,65,192479
7372,0.001639,172.217.194.0-255,1484,118280,65,192479
7373,0.001645,172.217.194.0-255,2902,121182,65,192479
7374,0.001649,172.31.40.0-255,66,121248,65,192479
7375,0.001687,172.217.194.0-255,5738,126986,65,192479
7376,0.00169,172.31.40.0-255,66,127052,65,192479
7377,0.001698,172.217.194.0-255,7156,134208,65,192479
7378,0.001718,172.217.194.0-255,2184,136392,65,192479
7379,0.00174,172.31.40.0-255,66,136458,65,192479
7380,0.001769,172.217.194.0-255,4320,140778,65,192479
7381,0.001783,172.31.40.0-255,66,140844,65,192479
7382,0.001847,172.217.194.0-255,7156,148000,65,192479
7383,0.001875,172.217.194.0-255,766,148766,65,192479
7384,0.001883,172.31.40.0-255,66,148832,65,192479
7385,0.001934,172.217.194.0-255,1484,150316,65,192479
7386,0.001939,172.217.194.0-255,2902,153218,65,192479
7387,0.001945,172.217.194.0-255,5738,158956,65,192479
7388,0.001947,172.217.194.0-255,1484,160440,65,192479
7389,0.001958,172.31.40.0-255,66,160506,65,192479
7390,0.001983,172.217.194.0-255,4320,164826,65,192479
7391,0.002,172.217.194.0-255,5738,170564,65,192479
7392,0.002003,172.217.194.0-255,766,171330,65,192479
7393,0.002026,172.31.40.0-255,66,171396,65,192479
7394,0.00203,172.217.194.0-255,1484,172880,65,192479
7395,0.002034,172.217.194.0-255,2902,175782,65,192479
7396,0.002053,172.217.194.0-255,1484,177266,65,192479
7397,0.002058,172.217.194.0-255,4320,181586,65,192479
7398,0.00206,172.31.40.0-255,66,181652,65,192479
7399,0.00209,172.217.194.0-255,5738,187390,65,192479
7400,0.002112,172.217.194.0-255,1484,188874,65,192479
7401,0.002116,172.31.40.0-255,66,188940,65,192479
7402,0.00214,172.31.40.0-255,66,189006,65,192479
7403,0.002199,172.217.194.0-255,2902,191908,65,192479
7404,0.002202,172.31.40.0-255,66,191974,65,192479
7405,0.002207,172.31.40.0-255,66,192040,65,192479
7406,0.002264,172.217.194.0-255,97,192137,65,192479
7407,0.002266,172.217.194.0-255,105,192242,65,192479
7408,0.002289,172.31.40.0-255,66,192308,65,192479
7409,0.004607,172.31.40.0-255,105,192413,65,192479
7410,0.007339,172.217.194.0-255,66,192479,65,192479
7411,0.0,74.125.24.0-255,153,153,65,127021
7412,2.4e-05,172.31.40.0-255,66,219,65,127021
7413,3.1e-05,74.125.24.0-255,1484,1703,65,127021
7414,3.6e-05,172.31.40.0-255,66,1769,65,127021
7415,4.2e-05,74.125.24.0-255,2902,4671,65,127021
7416,4.6e-05,172.31.40.0-255,66,4737,65,127021
7417,5.4e-05,74.125.24.0-255,7156,11893,65,127021
7418,5.6e-05,172.31.40.0-255,66,11959,65,127021
7419,5.9e-05,74.125.24.0-255,1484,13443,65,127021
7420,6.2e-05,172.31.40.0-255,66,13509,65,127021
7421,6.5e-05,74.125.24.0-255,683,14192,65,127021
7422,6.7e-05,172.31.40.0-255,66,14258,65,127021
7423,9.4e-05,74.125.24.0-255,1484,15742,65,127021
7424,9.7e-05,172.31.40.0-255,66,15808,65,127021
7425,0.000102,74.125.24.0-255,2902,18710,65,127021
7426,0.000104,172.31.40.0-255,66,18776,65,127021
7427,0.000116,74.125.24.0-255,1484,20260,65,127021
7428,0.000118,172.31.40.0-255,66,20326,65,127021
7429,0.000123,74.125.24.0-255,2902,23228,65,127021
7430,0.000126,172.31.40.0-255,66,23294,65,127021
7431,0.000145,74.125.24.0-255,7156,30450,65,127021
7432,0.000147,172.31.40.0-255,66,30516,65,127021
7433,0.000162,74.125.24.0-255,1125,31641,65,127021
7434,0.000164,172.31.40.0-255,66,31707,65,127021
7435,0.000255,74.125.24.0-255,1484,33191,65,127021
7436,0.000259,172.31.40.0-255,66,33257,65,127021
7437,0.000265,74.125.24.0-255,2902,36159,65,127021
7438,0.000268,172.31.40.0-255,66,36225,65,127021
7439,0.000271,74.125.24.0-255,1484,37709,65,127021
7440,0.000273,172.31.40.0-255,66,37775,65,127021
7441,0.000292,74.125.24.0-255,1484,39259,65,127021
7442,0.000295,172.31.40.0-255,66,39325,65,127021
7443,0.000302,74.125.24.0-255,4320,43645,65,127021
7444,0.000304,172.31.40.0-255,66,43711,65,127021
7445,0.000335,172.31.40.0-255,66,43777,65,127021
7446,0.000356,74.125.24.0-255,1125,44902,65,127021
7447,0.000364,74.125.24.0-255,7156,52058,65,127021
7448,0.000367,172.31.40.0-255,66,52124,65,127021
7449,0.000386,74.125.24.0-255,2902,55026,65,127021
7450,0.000388,172.31.40.0-255,66,55092,65,127021
7451,0.000404,74.125.24.0-255,2878,57970,65,127021
7452,0.000406,172.31.40.0-255,66,58036,65,127021
7453,0.000498,74.125.24.0-255,351,58387,65,127021
7454,0.000923,74.125.24.0-255,1484,59871,65,127021
7455,0.000928,172.31.40.0-255,66,59937,65,127021
7456,0.000934,74.125.24.0-255,2902,62839,65,127021
7457,0.000936,172.31.40.0-255,66,62905,65,127021
7458,0.00094,74.125.24.0-255,2902,65807,65,127021
7459,0.000942,172.31.40.0-255,66,65873,65,127021
7460,0.000966,74.125.24.0-255,2902,68775,65,127021
7461,0.000969,172.31.40.0-255,66,68841,65,127021
7462,0.000976,74.125.24.0-255,7156,75997,65,127021
7463,0.000978,172.31.40.0-255,66,76063,65,127021
7464,0.001004,74.125.24.0-255,5738,81801,65,127021
7465,0.001006,172.31.40.0-255,66,81867,65,127021
7466,0.001018,172.31.40.0-255,66,81933,65,127021
7467,0.001822,74.125.24.0-255,1484,83417,65,127021
7468,0.001833,74.125.24.0-255,2902,86319,65,127021
7469,0.001837,172.31.40.0-255,66,86385,65,127021
7470,0.001846,74.125.24.0-255,5738,92123,65,127021
7471,0.001848,172.31.40.0-255,66,92189,65,127021
7472,0.001852,74.125.24.0-255,1484,93673,65,127021
7473,0.001891,172.31.40.0-255,66,93739,65,127021
7474,0.001904,172.31.40.0-255,66,93805,65,127021
7475,0.001965,74.125.24.0-255,1484,95289,65,127021
7476,0.001979,74.125.24.0-255,2902,98191,65,127021
7477,0.001982,172.31.40.0-255,66,98257,65,127021
7478,0.001986,74.125.24.0-255,1484,99741,65,127021
7479,0.002008,74.125.24.0-255,4320,104061,65,127021
7480,0.002011,172.31.40.0-255,66,104127,65,127021
7481,0.002016,74.125.24.0-255,2902,107029,65,127021
7482,0.002018,172.31.40.0-255,66,107095,65,127021
7483,0.00204,172.31.40.0-255,66,107161,65,127021
7484,0.002051,172.31.40.0-255,66,107227,65,127021
7485,0.002067,74.125.24.0-255,2184,109411,65,127021
7486,0.002069,172.31.40.0-255,66,109477,65,127021
7487,0.004651,74.125.24.0-255,2902,112379,65,127021
7488,0.004657,172.31.40.0-255,66,112445,65,127021
7489,0.004677,74.125.24.0-255,2902,115347,65,127021
7490,0.00468,172.31.40.0-255,66,115413,65,127021
7491,0.007271,74.125.24.0-255,5738,121151,65,127021
7492,0.007278,172.31.40.0-255,66,121217,65,127021
7493,0.00988,74.125.24.0-255,5738,126955,65,127021
7494,0.009888,172.31.40.0-255,66,127021,65,127021
7495,0.0,74.125.24.0-255,153,153,65,165436
7496,2e-05,172.31.40.0-255,66,219,65,165436
7497,2.8e-05,74.125.24.0-255,1484,1703,65,165436
7498,3.3e-05,172.31.40.0-255,66,1769,65,165436
7499,3.9e-05,74.125.24.0-255,2902,4671,65,165436
7500,4.2e-05,172.31.40.0-255,66,4737,65,165436
7501,4.9e-05,74.125.24.0-255,5738,10475,65,165436
7502,5.2e-05,172.31.40.0-255,66,10541,65,165436
7503,5.7e-05,74.125.24.0-255,2902,13443,65,165436
7504,6e-05,172.31.40.0-255,66,13509,65,165436
7505,9.6e-05,172.31.40.0-255,66,13575,65,165436
7506,0.000103,74.125.24.0-255,6797,20372,65,165436
7507,0.000106,172.31.40.0-255,66,20438,65,165436
7508,0.000148,74.125.24.0-255,1484,21922,65,165436
7509,0.000151,172.31.40.0-255,66,21988,65,165436
7510,0.000154,74.125.24.0-255,1484,23472,65,165436
7511,0.000156,172.31.40.0-255,66,23538,65,165436
7512,0.000171,74.125.24.0-255,1484,25022,65,165436
7513,0.000173,172.31.40.0-255,66,25088,65,165436
7514,0.000179,74.125.24.0-255,5738,30826,65,165436
7515,0.000182,172.31.40.0-255,66,30892,65,165436
7516,0.000219,172.31.40.0-255,66,30958,65,165436
7517,0.000252,172.31.40.0-255,66,31024,65,165436
7518,0.000272,74.125.24.0-255,448,31472,65,165436
7519,0.000274,172.31.40.0-255,66,31538,65,165436
7520,0.0003,74.125.24.0-255,327,31865,65,165436
7521,0.000303,172.31.40.0-255,66,31931,65,165436
7522,0.000488,74.125.24.0-255,1484,33415,65,165436
7523,0.000495,172.31.40.0-255,66,33481,65,165436
7524,0.000501,74.125.24.0-255,2902,36383,65,165436
7525,0.000504,172.31.40.0-255,66,36449,65,165436
7526,0.00051,74.125.24.0-255,5738,42187,65,165436
7527,0.000513,172.31.40.0-255,66,42253,65,165436
7528,0.00054,172.31.40.0-255,66,42319,65,165436
7529,0.000547,74.125.24.0-255,7156,49475,65,165436
7530,0.000549,172.31.40.0-255,66,49541,65,165436
7531,0.000564,74.125.24.0-255,1484,51025,65,165436
7532,0.000582,74.125.24.0-255,6797,57822,65,165436
7533,0.000591,172.31.40.0-255,66,57888,65,165436
7534,0.000933,74.125.24.0-255,1484,59372,65,165436
7535,0.000939,74.125.24.0-255,2902,62274,65,165436
7536,0.000943,172.31.40.0-255,66,62340,65,165436
7537,0.000971,74.125.24.0-255,1484,63824,65,165436
7538,0.00099,74.125.24.0-255,4320,68144,65,165436
7539,0.000992,172.31.40.0-255,66,68210,65,165436
7540,0.001005,172.31.40.0-255,66,68276,65,165436
7541,0.001024,74.125.24.0-255,1484,69760,65,165436
7542,0.001038,172.31.40.0-255,66,69826,65,165436
7543,0.001054,74.125.24.0-255,5738,75564,65,165436
7544,0.001057,172.31.40.0-255,66,75630,65,165436
7545,0.001082,74.125.24.0-255,5738,81368,65,165436
7546,0.001085,172.31.40.0-255,66,81434,65,165436
7547,0.0011,172.31.40.0-255,66,81500,65,165436
7548,0.00111,172.31.40.0-255,66,81566,65,165436
7549,0.00113,74.125.24.0-255,766,82332,65,165436
7550,0.001154,74.125.24.0-255,4320,86652,65,165436
7551,0.001157,172.31.40.0-255,66,86718,65,165436
7552,0.001163,74.125.24.0-255,5738,92456,65,165436
7553,0.001166,172.31.40.0-255,66,92522,65,165436
7554,0.001198,172.31.40.0-255,66,92588,65,165436
7555,0.00122,74.125.24.0-255,2902,95490,65,165436
7556,0.001222,172.31.40.0-255,66,95556,65,165436
7557,0.001236,172.31.40.0-255,66,95622,65,165436
7558,0.001298,74.125.24.0-255,1484,97106,65,165436
7559,0.001304,74.125.24.0-255,2902,100008,65,165436
7560,0.001307,172.31.40.0-255,66,100074,65,165436
7561,0.001331,74.125.24.0-255,5738,105812,65,165436
7562,0.001335,172.31.40.0-255,66,105878,65,165436
7563,0.001347,172.31.40.0-255,66,105944,65,165436
7564,0.001366,74.125.24.0-255,1484,107428,65,165436
7565,0.001372,74.125.24.0-255,4320,111748,65,165436
7566,0.001375,172.31.40.0-255,66,111814,65,165436
7567,0.001415,74.125.24.0-255,6438,118252,65,165436
7568,0.001418,172.31.40.0-255,66,118318,65,165436
7569,0.00171,74.125.24.0-255,1484,119802,65,165436
7570,0.001716,74.125.24.0-255,2902,122704,65,165436
7571,0.00172,172.31.40.0-255,66,122770,65,165436
7572,0.001727,74.125.24.0-255,5738,128508,65,165436
7573,0.001729,172.31.40.0-255,66,128574,65,165436
7574,0.001749,74.125.24.0-255,5738,134312,65,165436
7575,0.001751,172.31.40.0-255,66,134378,65,165436
7576,0.00179,74.125.24.0-255,7156,141534,65,165436
7577,0.001793,172.31.40.0-255,66,141600,65,165436
7578,0.001804,172.31.40.0-255,66,141666,65,165436
7579,0.001808,74.125.24.0-255,2184,143850,65,165436
7580,0.00181,172.31.40.0-255,66,143916,65,165436
7581,0.001943,74.125.24.0-255,1484,145400,65,165436
7582,0.001961,74.125.24.0-255,2902,148302,65,165436
7583,0.001965,172.31.40.0-255,66,148368,65,165436
7584,0.001972,74.125.24.0-255,5738,154106,65,165436
7585,0.001975,172.31.40.0-255,66,154172,65,165436
7586,0.001978,74.125.24.0-255,1484,155656,65,165436
7587,0.001995,74.125.24.0-255,2902,158558,65,165436
7588,0.001998,172.31.40.0-255,66,158624,65,165436
7589,0.002032,172.31.40.0-255,66,158690,65,165436
7590,0.002045,172.31.40.0-255,66,158756,65,165436
7591,0.002094,172.31.40.0-255,66,158822,65,165436
7592,0.002114,74.125.24.0-255,1484,160306,65,165436
7593,0.002132,172.31.40.0-255,66,160372,65,165436
7594,0.002148,172.31.40.0-255,66,160438,65,165436
7595,0.002163,172.31.40.0-255,66,160504,65,165436
7596,0.002193,74.125.24.0-255,1484,161988,65,165436
7597,0.002239,172.31.40.0-255,66,162054,65,165436
7598,0.002245,74.125.24.0-255,3040,165094,65,165436
7599,0.002248,172.31.40.0-255,66,165160,65,165436
7600,0.00225,74.125.24.0-255,105,165265,65,165436
7601,0.008411,172.31.40.0-255,66,165331,65,165436
7602,0.008448,172.31.40.0-255,105,165436,65,165436
7603,0.0,74.125.24.0-255,295,295,65,121857
7604,1.4e-05,172.31.40.0-255,66,361,65,121857
7605,2e-05,74.125.24.0-255,1484,1845,65,121857
7606,2.5e-05,172.31.40.0-255,66,1911,65,121857
7607,5.1e-05,74.125.24.0-255,4320,6231,65,121857
7608,5.5e-05,172.31.40.0-255,66,6297,65,121857
7609,5.9e-05,74.125.24.0-255,2902,9199,65,121857
7610,6.2e-05,172.31.40.0-255,66,9265,65,121857
7611,7.6e-05,172.31.40.0-255,66,9331,65,121857
7612,0.000112,172.31.40.0-255,66,9397,65,121857
7613,0.000155,74.125.24.0-255,1484,10881,65,121857
7614,0.000158,172.31.40.0-255,66,10947,65,121857
7615,0.000163,74.125.24.0-255,2902,13849,65,121857
7616,0.000165,172.31.40.0-255,66,13915,65,121857
7617,0.000183,74.125.24.0-255,5738,19653,65,121857
7618,0.000186,172.31.40.0-255,66,19719,65,121857
7619,0.000225,172.31.40.0-255,66,19785,65,121857
7620,0.000274,172.31.40.0-255,66,19851,65,121857
7621,0.000288,74.125.24.0-255,3961,23812,65,121857
7622,0.00029,172.31.40.0-255,66,23878,65,121857
7623,0.000566,74.125.24.0-255,646,24524,65,121857
7624,0.000571,172.31.40.0-255,66,24590,65,121857
7625,0.00071,74.125.24.0-255,1484,26074,65,121857
7626,0.000714,172.31.40.0-255,66,26140,65,121857
7627,0.00072,74.125.24.0-255,2902,29042,65,121857
7628,0.000722,172.31.40.0-255,66,29108,65,121857
7629,0.000729,74.125.24.0-255,5738,34846,65,121857
7630,0.000731,172.31.40.0-255,66,34912,65,121857
7631,0.000734,74.125.24.0-255,1484,36396,65,121857
7632,0.00076,74.125.24.0-255,4320,40716,65,121857
7633,0.000763,172.31.40.0-255,66,40782,65,121857
7634,0.00077,74.125.24.0-255,5738,46520,65,121857
7635,0.000772,172.31.40.0-255,66,46586,65,121857
7636,0.000791,74.125.24.0-255,7156,53742,65,121857
7637,0.000794,172.31.40.0-255,66,53808,65,121857
7638,0.0008,74.125.24.0-255,5020,58828,65,121857
7639,0.000803,172.31.40.0-255,66,58894,65,121857
7640,0.001039,74.125.24.0-255,1484,60378,65,121857
7641,0.001045,74.125.24.0-255,2902,63280,65,121857
7642,0.001048,172.31.40.0-255,66,63346,65,121857
7643,0.001052,74.125.24.0-255,1484,64830,65,121857
7644,0.001072,74.125.24.0-255,4320,69150,65,121857
7645,0.001075,172.31.40.0-255,66,69216,65,121857
7646,0.0011,172.31.40.0-255,66,69282,65,121857
7647,0.001103,74.125.24.0-255,1484,70766,65,121857
7648,0.001157,74.125.24.0-255,5738,76504,65,121857
7649,0.001161,172.31.40.0-255,66,76570,65,121857
7650,0.001183,74.125.24.0-255,3602,80172,65,121857
7651,0.001186,172.31.40.0-255,66,80238,65,121857
7652,0.001437,74.125.24.0-255,1484,81722,65,121857
7653,0.001444,74.125.24.0-255,2902,84624,65,121857
7654,0.001447,172.31.40.0-255,66,84690,65,121857
7655,0.001472,74.125.24.0-255,5738,90428,65,121857
7656,0.001475,172.31.40.0-255,66,90494,65,121857
7657,0.00148,74.125.24.0-255,2902,93396,65,121857
7658,0.001482,172.31.40.0-255,66,93462,65,121857
7659,0.001518,172.31.40.0-255,66,93528,65,121857
7660,0.001534,172.31.40.0-255,66,93594,65,121857
7661,0.001538,74.125.24.0-255,2902,96496,65,121857
7662,0.00154,172.31.40.0-255,66,96562,65,121857
7663,0.00158,172.31.40.0-255,66,96628,65,121857
7664,0.001592,172.31.40.0-255,66,96694,65,121857
7665,0.001641,172.31.40.0-255,66,96760,65,121857
7666,0.001673,172.31.40.0-255,66,96826,65,121857
7667,0.001703,74.125.24.0-255,6438,103264,65,121857
7668,0.001706,172.31.40.0-255,66,103330,65,121857
7669,0.001719,172.31.40.0-255,66,103396,65,121857
7670,0.001759,74.125.24.0-255,7156,110552,65,121857
7671,0.001762,172.31.40.0-255,66,110618,65,121857
7672,0.001809,172.31.40.0-255,66,110684,65,121857
7673,0.001839,172.31.40.0-255,66,110750,65,121857
7674,0.001851,172.31.40.0-255,66,110816,65,121857
7675,0.001888,172.31.40.0-255,66,110882,65,121857
7676,0.001913,172.31.40.0-255,66,110948,65,121857
7677,0.001935,74.125.24.0-255,6438,117386,65,121857
7678,0.001937,172.31.40.0-255,66,117452,65,121857
7679,0.001952,172.31.40.0-255,66,117518,65,121857
7680,0.00198,74.125.24.0-255,3673,121191,65,121857
7681,0.001983,74.125.24.0-255,105,121296,65,121857
7682,0.001985,74.125.24.0-255,129,121425,65,121857
7683,0.002003,172.31.40.0-255,66,121491,65,121857
7684,0.009689,172.31.40.0-255,105,121596,65,121857
7685,0.009734,172.31.40.0-255,105,121701,65,121857
7686,0.009962,172.31.40.0-255,90,121791,65,121857
7687,0.009972,172.31.40.0-255,66,121857,65,121857
7688,0.0,74.125.200.0-255,153,153,65,147433
7689,1.7e-05,172.31.40.0-255,66,219,65,147433
7690,2.3e-05,74.125.200.0-255,1484,1703,65,147433
7691,2.8e-05,172.31.40.0-255,66,1769,65,147433
7692,3.3e-05,74.125.200.0-255,2902,4671,65,147433
7693,4.2e-05,172.31.40.0-255,66,4737,65,147433
7694,6.2e-05,74.125.200.0-255,2902,7639,65,147433
7695,6.5e-05,172.31.40.0-255,66,7705,65,147433
7696,7.4e-05,74.125.200.0-255,4320,12025,65,147433
7697,7.7e-05,172.31.40.0-255,66,12091,65,147433
7698,0.000112,74.125.200.0-255,5738,17829,65,147433
7699,0.000115,172.31.40.0-255,66,17895,65,147433
7700,0.000128,74.125.200.0-255,659,18554,65,147433
7701,0.000134,172.31.40.0-255,66,18620,65,147433
7702,0.000141,74.125.200.0-255,7156,25776,65,147433
7703,0.000143,172.31.40.0-255,66,25842,65,147433
7704,0.000167,74.125.200.0-255,2902,28744,65,147433
7705,0.000169,172.31.40.0-255,66,28810,65,147433
7706,0.000201,172.31.40.0-255,66,28876,65,147433
7707,0.000217,74.125.200.0-255,5738,34614,65,147433
7708,0.000223,172.31.40.0-255,66,34680,65,147433
7709,0.000249,74.125.200.0-255,3602,38282,65,147433
7710,0.000251,172.31.40.0-255,66,38348,65,147433
7711,0.000254,74.125.200.0-255,1484,39832,65,147433
7712,0.000256,172.31.40.0-255,66,39898,65,147433
7713,0.000286,74.125.200.0-255,2902,42800,65,147433
7714,0.000288,172.31.40.0-255,66,42866,65,147433
7715,0.000293,74.125.200.0-255,5738,48604,65,147433
7716,0.000295,172.31.40.0-255,66,48670,65,147433
7717,0.000309,74.125.200.0-255,2902,51572,65,147433
7718,0.000311,172.31.40.0-255,66,51638,65,147433
7719,0.000341,74.125.200.0-255,3961,55599,65,147433
7720,0.000344,172.31.40.0-255,66,55665,65,147433
7721,0.000346,74.125.200.0-255,394,56059,65,147433
7722,0.000383,74.125.200.0-255,1484,57543,65,147433
7723,0.000385,172.31.40.0-255,66,57609,65,147433
7724,0.000413,74.125.200.0-255,4320,61929,65,147433
7725,0.000415,172.31.40.0-255,66,61995,65,147433
7726,0.00042,74.125.200.0-255,4320,66315,65,147433
7727,0.000422,172.31.40.0-255,66,66381,65,147433
7728,0.000454,74.125.200.0-255,1484,67865,65,147433
7729,0.000475,74.125.200.0-255,4320,72185,65,147433
7730,0.000478,172.31.40.0-255,66,72251,65,147433
7731,0.00048,74.125.200.0-255,828,73079,65,147433
7732,0.000891,74.125.200.0-255,1484,74563,65,147433
7733,0.000896,172.31.40.0-255,66,74629,65,147433
7734,0.000901,74.125.200.0-255,2902,77531,65,147433
7735,0.000903,172.31.40.0-255,66,77597,65,147433
7736,0.000905,74.125.200.0-255,1484,79081,65,147433
7737,0.000938,74.125.200.0-255,5738,84819,65,147433
7738,0.00094,172.31.40.0-255,66,84885,65,147433
7739,0.000945,74.125.200.0-255,2902,87787,65,147433
7740,0.000946,172.31.40.0-255,66,87853,65,147433
7741,0.000973,172.31.40.0-255,66,87919,65,147433
7742,0.000978,74.125.200.0-255,5738,93657,65,147433
7743,0.00098,172.31.40.0-255,66,93723,65,147433
7744,0.001016,74.125.200.0-255,3602,97325,65,147433
7745,0.001019,172.31.40.0-255,66,97391,65,147433
7746,0.001707,74.125.200.0-255,1484,98875,65,147433
7747,0.001715,74.125.200.0-255,1484,100359,65,147433
7748,0.001718,172.31.40.0-255,66,100425,65,147433
7749,0.001749,74.125.200.0-255,1484,101909,65,147433
7750,0.001756,74.125.200.0-255,5738,107647,65,147433
7751,0.001759,172.31.40.0-255,66,107713,65,147433
7752,0.001784,74.125.200.0-255,2902,110615,65,147433
7753,0.001787,172.31.40.0-255,66,110681,65,147433
7754,0.001805,172.31.40.0-255,66,110747,65,147433
7755,0.001818,74.125.200.0-255,1484,112231,65,147433
7756,0.001827,74.125.200.0-255,5738,117969,65,147433
7757,0.001829,172.31.40.0-255,66,118035,65,147433
7758,0.001854,74.125.200.0-255,1484,119519,65,147433
7759,0.001873,74.125.200.0-255,3602,123121,65,147433
7760,0.001876,172.31.40.0-255,66,123187,65,147433
7761,0.00208,74.125.200.0-255,1484,124671,65,147433
7762,0.002103,74.125.200.0-255,2902,127573,65,147433
7763,0.002108,172.31.40.0-255,66,127639,65,147433
7764,0.002116,74.125.200.0-255,5738,133377,65,147433
7765,0.002118,172.31.40.0-255,66,133443,65,147433
7766,0.002154,172.31.40.0-255,66,133509,65,147433
7767,0.002201,172.31.40.0-255,66,133575,65,147433
7768,0.002205,74.125.200.0-255,2184,135759,65,147433
7769,0.002208,172.31.40.0-255,66,135825,65,147433
7770,0.004838,74.125.200.0-255,5738,141563,65,147433
7771,0.004844,172.31.40.0-255,66,141629,65,147433
7772,0.007477,74.125.200.0-255,5738,147367,65,147433
7773,0.007484,172.31.40.0-255,66,147433,65,147433
7774,0.0,74.125.68.0-255,152,152,65,280482
7775,2.4e-05,172.31.40.0-255,66,218,65,280482
7776,3.3e-05,74.125.68.0-255,1484,1702,65,280482
7777,3.8e-05,172.31.40.0-255,66,1768,65,280482
7778,6.8e-05,74.125.68.0-255,2902,4670,65,280482
7779,7.1e-05,172.31.40.0-255,66,4736,65,280482
7780,7.9e-05,74.125.68.0-255,5738,10474,65,280482
7781,8.2e-05,172.31.40.0-255,66,10540,65,280482
7782,0.000123,74.125.68.0-255,2902,13442,65,280482
7783,0.000126,172.31.40.0-255,66,13508,65,280482
7784,0.000153,74.125.68.0-255,3520,17028,65,280482
7785,0.000155,172.31.40.0-255,66,17094,65,280482
7786,0.000158,74.125.68.0-255,1484,18578,65,280482
7787,0.000161,172.31.40.0-255,66,18644,65,280482
7788,0.000165,74.125.68.0-255,2902,21546,65,280482
7789,0.000168,172.31.40.0-255,66,21612,65,280482
7790,0.000194,74.125.68.0-255,5738,27350,65,280482
7791,0.000197,172.31.40.0-255,66,27416,65,280482
7792,0.0002,74.125.68.0-255,1484,28900,65,280482
7793,0.000202,172.31.40.0-255,66,28966,65,280482
7794,0.000226,74.125.68.0-255,2543,31509,65,280482
7795,0.000228,172.31.40.0-255,66,31575,65,280482
7796,0.000323,74.125.68.0-255,1484,33059,65,280482
7797,0.000328,172.31.40.0-255,66,33125,65,280482
7798,0.000334,74.125.68.0-255,2902,36027,65,280482
7799,0.000336,172.31.40.0-255,66,36093,65,280482
7800,0.000339,74.125.68.0-255,1484,37577,65,280482
7801,0.000346,172.31.40.0-255,66,37643,65,280482
7802,0.000351,74.125.68.0-255,2902,40545,65,280482
7803,0.000353,172.31.40.0-255,66,40611,65,280482
7804,0.000387,74.125.68.0-255,5738,46349,65,280482
7805,0.00039,172.31.40.0-255,66,46415,65,280482
7806,0.000396,74.125.68.0-255,3961,50376,65,280482
7807,0.000398,172.31.40.0-255,66,50442,65,280482
7808,0.000401,74.125.68.0-255,1484,51926,65,280482
7809,0.000429,74.125.68.0-255,2902,54828,65,280482
7810,0.000432,172.31.40.0-255,66,54894,65,280482
7811,0.000444,172.31.40.0-255,66,54960,65,280482
7812,0.000447,74.125.68.0-255,1399,56359,65,280482
7813,0.000492,74.125.68.0-255,382,56741,65,280482
7814,0.000495,172.31.40.0-255,66,56807,65,280482
7815,0.000565,74.125.68.0-255,1484,58291,65,280482
7816,0.000579,74.125.68.0-255,2902,61193,65,280482
7817,0.000582,172.31.40.0-255,66,61259,65,280482
7818,0.000617,74.125.68.0-255,5738,66997,65,280482
7819,0.00062,172.31.40.0-255,66,67063,65,280482
7820,0.000627,74.125.68.0-255,7156,74219,65,280482
7821,0.000629,172.31.40.0-255,66,74285,65,280482
7822,0.000661,172.31.40.0-255,66,74351,65,280482
7823,0.000687,74.125.68.0-255,2902,77253,65,280482
7824,0.00069,172.31.40.0-255,66,77319,65,280482
7825,0.000694,74.125.68.0-255,1484,78803,65,280482
7826,0.000715,74.125.68.0-255,2184,80987,65,280482
7827,0.000718,172.31.40.0-255,66,81053,65,280482
7828,0.000794,74.125.68.0-255,1484,82537,65,280482
7829,0.000814,74.125.68.0-255,2902,85439,65,280482
7830,0.000818,172.31.40.0-255,66,85505,65,280482
7831,0.000839,74.125.68.0-255,5738,91243,65,280482
7832,0.000842,172.31.40.0-255,66,91309,65,280482
7833,0.000861,74.125.68.0-255,4320,95629,65,280482
7834,0.000864,172.31.40.0-255,66,95695,65,280482
7835,0.000894,74.125.68.0-255,5738,101433,65,280482
7836,0.000897,172.31.40.0-255,66,101499,65,280482
7837,0.000903,74.125.68.0-255,4320,105819,65,280482
7838,0.000905,172.31.40.0-255,66,105885,65,280482
7839,0.000938,74.125.68.0-255,5738,111623,65,280482
7840,0.000941,172.31.40.0-255,66,111689,65,280482
7841,0.000954,74.125.68.0-255,3602,115291,65,280482
7842,0.000961,172.31.40.0-255,66,115357,65,280482
7843,0.001124,74.125.68.0-255,1484,116841,65,280482
7844,0.001153,74.125.68.0-255,2902,119743,65,280482
7845,0.001157,172.31.40.0-255,66,119809,65,280482
7846,0.001162,74.125.68.0-255,1484,121293,65,280482
7847,0.001188,74.125.68.0-255,2902,124195,65,280482
7848,0.001191,172.31.40.0-255,66,124261,65,280482
7849,0.001201,172.31.40.0-255,66,124327,65,280482
7850,0.00121,74.125.68.0-255,2902,127229,65,280482
7851,0.001213,172.31.40.0-255,66,127295,65,280482
7852,0.001218,74.125.68.0-255,4320,131615,65,280482
7853,0.00122,172.31.40.0-255,66,131681,65,280482
7854,0.001258,172.31.40.0-255,66,131747,65,280482
7855,0.001262,74.125.68.0-255,766,132513,65,280482
7856,0.001368,172.31.40.0-255,101,132614,65,280482
7857,0.001462,74.125.68.0-255,1484,134098,65,280482
7858,0.001486,74.125.68.0-255,2902,137000,65,280482
7859,0.001491,172.31.40.0-255,66,137066,65,280482
7860,0.001497,74.125.68.0-255,5738,142804,65,280482
7861,0.0015,172.31.40.0-255,66,142870,65,280482
7862,0.001532,74.125.68.0-255,4320,147190,65,280482
7863,0.001534,172.31.40.0-255,66,147256,65,280482
7864,0.001541,74.125.68.0-255,5738,152994,65,280482
7865,0.001545,172.31.40.0-255,66,153060,65,280482
7866,0.001549,74.125.68.0-255,2902,155962,65,280482
7867,0.001552,172.31.40.0-255,66,156028,65,280482
7868,0.001593,172.31.40.0-255,66,156094,65,280482
7869,0.001598,74.125.68.0-255,2184,158278,65,280482
7870,0.0016,172.31.40.0-255,66,158344,65,280482
7871,0.00172,74.125.68.0-255,1484,159828,65,280482
7872,0.001741,74.125.68.0-255,2902,162730,65,280482
7873,0.001745,172.31.40.0-255,66,162796,65,280482
7874,0.001752,74.125.68.0-255,5738,168534,65,280482
7875,0.001754,172.31.40.0-255,66,168600,65,280482
7876,0.001784,74.125.68.0-255,4320,172920,65,280482
7877,0.001787,172.31.40.0-255,66,172986,65,280482
7878,0.001793,74.125.68.0-255,5738,178724,65,280482
7879,0.001796,172.31.40.0-255,66,178790,65,280482
7880,0.001825,74.125.68.0-255,7156,185946,65,280482
7881,0.001828,172.31.40.0-255,66,186012,65,280482
7882,0.001847,74.125.68.0-255,2902,188914,65,280482
7883,0.001849,172.31.40.0-255,66,188980,65,280482
7884,0.001875,74.125.68.0-255,3602,192582,65,280482
7885,0.001879,172.31.40.0-255,66,192648,65,280482
7886,0.001885,74.125.68.0-255,4320,196968,65,280482
7887,0.001887,172.31.40.0-255,66,197034,65,280482
7888,0.001957,74.125.68.0-255,7156,204190,65,280482
7889,0.001961,172.31.40.0-255,66,204256,65,280482
7890,0.001999,74.125.68.0-255,2902,207158,65,280482
7891,0.002002,172.31.40.0-255,66,207224,65,280482
7892,0.002022,172.31.40.0-255,66,207290,65,280482
7893,0.002032,172.31.40.0-255,66,207356,65,280482
7894,0.002043,172.31.40.0-255,66,207422,65,280482
7895,0.002047,74.125.68.0-255,2902,210324,65,280482
7896,0.00205,172.31.40.0-255,66,210390,65,280482
7897,0.002055,74.125.68.0-255,2902,213292,65,280482
7898,0.002057,172.31.40.0-255,66,213358,65,280482
7899,0.002097,172.31.40.0-255,66,213424,65,280482
7900,0.002104,74.125.68.0-255,7156,220580,65,280482
7901,0.002107,172.31.40.0-255,66,220646,65,280482
7902,0.002149,172.31.40.0-255,66,220712,65,280482
7903,0.002152,74.125.68.0-255,1484,222196,65,280482
7904,0.00219,172.31.40.0-255,66,222262,65,280482
7905,0.002196,74.125.68.0-255,4320,226582,65,280482
7906,0.002198,172.31.40.0-255,66,226648,65,280482
7907,0.002232,74.125.68.0-255,7156,233804,65,280482
7908,0.002235,172.31.40.0-255,66,233870,65,280482
7909,0.002254,74.125.68.0-255,5020,238890,65,280482
7910,0.002257,172.31.40.0-255,66,238956,65,280482
7911,0.002263,74.125.68.0-255,5738,244694,65,280482
7912,0.002265,172.31.40.0-255,66,244760,65,280482
7913,0.002287,74.125.68.0-255,7156,251916,65,280482
7914,0.002289,172.31.40.0-255,66,251982,65,280482
7915,0.002296,74.125.68.0-255,5738,257720,65,280482
7916,0.002298,172.31.40.0-255,66,257786,65,280482
7917,0.002339,74.125.68.0-255,1484,259270,65,280482
7918,0.002363,172.31.40.0-255,66,259336,65,280482
7919,0.002388,74.125.68.0-255,3602,262938,65,280482
7920,0.00239,172.31.40.0-255,66,263004,65,280482
7921,0.003652,74.125.68.0-255,66,263070,65,280482
7922,0.004696,74.125.68.0-255,5738,268808,65,280482
7923,0.004703,172.31.40.0-255,66,268874,65,280482
7924,0.007011,74.125.68.0-255,5738,274612,65,280482
7925,0.007018,172.31.40.0-255,66,274678,65,280482
7926,0.009337,74.125.68.0-255,5738,280416,65,280482
7927,0.009342,172.31.40.0-255,66,280482,65,280482
7928,0.0,172.253.118.0-255,145,145,65,129217
7929,1.6e-05,172.31.40.0-255,66,211,65,129217
7930,2.2e-05,172.253.118.0-255,1484,1695,65,129217
7931,2.7e-05,172.31.40.0-255,66,1761,65,129217
7932,6.2e-05,172.253.118.0-255,2902,4663,65,129217
7933,6.5e-05,172.31.40.0-255,66,4729,65,129217
7934,7.1e-05,172.253.118.0-255,4320,9049,65,129217
7935,7.4e-05,172.31.40.0-255,66,9115,65,129217
7936,0.000104,172.253.118.0-255,4939,14054,65,129217
7937,0.000108,172.31.40.0-255,66,14120,65,129217
7938,0.000214,172.253.118.0-255,1484,15604,65,129217
7939,0.000217,172.31.40.0-255,66,15670,65,129217
7940,0.000224,172.253.118.0-255,2902,18572,65,129217
7941,0.000226,172.31.40.0-255,66,18638,65,129217
7942,0.000253,172.253.118.0-255,5738,24376,65,129217
7943,0.000257,172.31.40.0-255,66,24442,65,129217
7944,0.000266,172.253.118.0-255,4320,28762,65,129217
7945,0.000268,172.31.40.0-255,66,28828,65,129217
7946,0.000307,172.253.118.0-255,2543,31371,65,129217
7947,0.000309,172.31.40.0-255,66,31437,65,129217
7948,0.00059,172.253.118.0-255,1484,32921,65,129217
7949,0.000595,172.31.40.0-255,66,32987,65,129217
7950,0.000601,172.253.118.0-255,2902,35889,65,129217
7951,0.000604,172.31.40.0-255,66,35955,65,129217
7952,0.000634,172.253.118.0-255,5738,41693,65,129217
7953,0.000644,172.31.40.0-255,66,41759,65,129217
7954,0.000658,172.253.118.0-255,4320,46079,65,129217
7955,0.00066,172.31.40.0-255,66,46145,65,129217
7956,0.000701,172.31.40.0-255,66,46211,65,129217
7957,0.000703,172.253.118.0-255,1484,47695,65,129217
7958,0.000705,172.31.40.0-255,66,47761,65,129217
7959,0.000742,172.31.40.0-255,66,47827,65,129217
7960,0.001098,172.253.118.0-255,646,48473,65,129217
7961,0.001304,172.253.118.0-255,1484,49957,65,129217
7962,0.001309,172.31.40.0-255,66,50023,65,129217
7963,0.001325,172.253.118.0-255,2902,52925,65,129217
7964,0.00133,172.31.40.0-255,66,52991,65,129217
7965,0.001336,172.253.118.0-255,5738,58729,65,129217
7966,0.001338,172.31.40.0-255,66,58795,65,129217
7967,0.00137,172.253.118.0-255,4320,63115,65,129217
7968,0.001372,172.31.40.0-255,66,63181,65,129217
7969,0.0014,172.253.118.0-255,7156,70337,65,129217
7970,0.001402,172.31.40.0-255,66,70403,65,129217
7971,0.001414,172.31.40.0-255,66,70469,65,129217
7972,0.001808,172.253.118.0-255,1484,71953,65,129217
7973,0.001815,172.253.118.0-255,2902,74855,65,129217
7974,0.001819,172.31.40.0-255,66,74921,65,129217
7975,0.001823,172.253.118.0-255,1484,76405,65,129217
7976,0.00185,172.253.118.0-255,4320,80725,65,129217
7977,0.001852,172.31.40.0-255,66,80791,65,129217
7978,0.001866,172.253.118.0-255,4320,85111,65,129217
7979,0.001868,172.31.40.0-255,66,85177,65,129217
7980,0.001917,172.31.40.0-255,66,85243,65,129217
7981,0.001922,172.253.118.0-255,4320,89563,65,129217
7982,0.001924,172.31.40.0-255,66,89629,65,129217
7983,0.001964,172.253.118.0-255,6438,96067,65,129217
7984,0.001966,172.31.40.0-255,66,96133,65,129217
7985,0.002587,172.253.118.0-255,1484,97617,65,129217
7986,0.002598,172.253.118.0-255,2902,100519,65,129217
7987,0.002601,172.31.40.0-255,66,100585,65,129217
7988,0.002605,172.253.118.0-255,2902,103487,65,129217
7989,0.002607,172.31.40.0-255,66,103553,65,129217
7990,0.00263,172.253.118.0-255,2902,106455,65,129217
7991,0.002632,172.31.40.0-255,66,106521,65,129217
7992,0.002637,172.253.118.0-255,5738,112259,65,129217
7993,0.002639,172.31.40.0-255,66,112325,65,129217
7994,0.00266,172.253.118.0-255,4320,116645,65,129217
7995,0.002662,172.31.40.0-255,66,116711,65,129217
7996,0.002665,172.253.118.0-255,1484,118195,65,129217
7997,0.002699,172.31.40.0-255,66,118261,65,129217
7998,0.002724,172.253.118.0-255,766,119027,65,129217
7999,0.005319,172.253.118.0-255,4320,123347,65,129217
8000,0.005324,172.31.40.0-255,66,123413,65,129217
8001,0.007954,172.253.118.0-255,5738,129151,65,129217
8002,0.00796,172.31.40.0-255,66,129217,65,129217
8003,0.0,74.125.68.0-255,153,153,65,194699
8004,2.1e-05,172.31.40.0-255,66,219,65,194699
8005,4.4e-05,74.125.68.0-255,1484,1703,65,194699
8006,4.8e-05,172.31.40.0-255,66,1769,65,194699
8007,6.5e-05,74.125.68.0-255,1484,3253,65,194699
8008,6.7e-05,172.31.40.0-255,66,3319,65,194699
8009,7.3e-05,74.125.68.0-255,2902,6221,65,194699
8010,7.6e-05,172.31.40.0-255,66,6287,65,194699
8011,9.1e-05,74.125.68.0-255,5738,12025,65,194699
8012,9.3e-05,172.31.40.0-255,66,12091,65,194699
8013,9.7e-05,74.125.68.0-255,2072,14163,65,194699
8014,9.9e-05,172.31.40.0-255,66,14229,65,194699
8015,0.000197,74.125.68.0-255,1484,15713,65,194699
8016,0.000201,172.31.40.0-255,66,15779,65,194699
8017,0.000206,74.125.68.0-255,2902,18681,65,194699
8018,0.000208,172.31.40.0-255,66,18747,65,194699
8019,0.000224,74.125.68.0-255,5738,24485,65,194699
8020,0.000226,172.31.40.0-255,66,24551,65,194699
8021,0.000252,74.125.68.0-255,5738,30289,65,194699
8022,0.000255,172.31.40.0-255,66,30355,65,194699
8023,0.000273,74.125.68.0-255,1125,31480,65,194699
8024,0.000275,172.31.40.0-255,66,31546,65,194699
8025,0.000281,74.125.68.0-255,5738,37284,65,194699
8026,0.000283,172.31.40.0-255,66,37350,65,194699
8027,0.000295,74.125.68.0-255,1484,38834,65,194699
8028,0.000297,172.31.40.0-255,66,38900,65,194699
8029,0.000302,74.125.68.0-255,4320,43220,65,194699
8030,0.000304,172.31.40.0-255,66,43286,65,194699
8031,0.000346,74.125.68.0-255,2902,46188,65,194699
8032,0.00035,172.31.40.0-255,66,46254,65,194699
8033,0.000364,74.125.68.0-255,2543,48797,65,194699
8034,0.000367,172.31.40.0-255,66,48863,65,194699
8035,0.001052,74.125.68.0-255,1484,50347,65,194699
8036,0.001061,74.125.68.0-255,1484,51831,65,194699
8037,0.001065,172.31.40.0-255,66,51897,65,194699
8038,0.001104,74.125.68.0-255,2902,54799,65,194699
8039,0.001107,172.31.40.0-255,66,54865,65,194699
8040,0.00111,74.125.68.0-255,1484,56349,65,194699
8041,0.001132,74.125.68.0-255,2902,59251,65,194699
8042,0.001134,172.31.40.0-255,66,59317,65,194699
8043,0.001154,74.125.68.0-255,2902,62219,65,194699
8044,0.001156,172.31.40.0-255,66,62285,65,194699
8045,0.001182,172.31.40.0-255,66,62351,65,194699
8046,0.001189,74.125.68.0-255,5738,68089,65,194699
8047,0.001191,172.31.40.0-255,66,68155,65,194699
8048,0.001218,74.125.68.0-255,4320,72475,65,194699
8049,0.001221,172.31.40.0-255,66,72541,65,194699
8050,0.001225,74.125.68.0-255,1125,73666,65,194699
8051,0.001241,74.125.68.0-255,1484,75150,65,194699
8052,0.001243,172.31.40.0-255,66,75216,65,194699
8053,0.001263,74.125.68.0-255,2902,78118,65,194699
8054,0.001265,172.31.40.0-255,66,78184,65,194699
8055,0.00129,74.125.68.0-255,4320,82504,65,194699
8056,0.001293,172.31.40.0-255,66,82570,65,194699
8057,0.001298,74.125.68.0-255,4320,86890,65,194699
8058,0.0013,172.31.40.0-255,66,86956,65,194699
8059,0.001317,74.125.68.0-255,4320,91276,65,194699
8060,0.001319,74.125.68.0-255,287,91563,65,194699
8061,0.001322,172.31.40.0-255,66,91629,65,194699
8062,0.001628,74.125.68.0-255,1484,93113,65,194699
8063,0.001632,172.31.40.0-255,66,93179,65,194699
8064,0.001649,74.125.68.0-255,2902,96081,65,194699
8065,0.001652,172.31.40.0-255,66,96147,65,194699
8066,0.001659,74.125.68.0-255,5738,101885,65,194699
8067,0.001661,172.31.40.0-255,66,101951,65,194699
8068,0.001687,74.125.68.0-255,2902,104853,65,194699
8069,0.00169,172.31.40.0-255,66,104919,65,194699
8070,0.001695,74.125.68.0-255,4320,109239,65,194699
8071,0.001697,172.31.40.0-255,66,109305,65,194699
8072,0.001701,74.125.68.0-255,2902,112207,65,194699
8073,0.001702,172.31.40.0-255,66,112273,65,194699
8074,0.001718,74.125.68.0-255,5738,118011,65,194699
8075,0.00172,172.31.40.0-255,66,118077,65,194699
8076,0.001725,74.125.68.0-255,4320,122397,65,194699
8077,0.001727,172.31.40.0-255,66,122463,65,194699
8078,0.001776,74.125.68.0-255,3602,126065,65,194699
8079,0.001779,172.31.40.0-255,66,126131,65,194699
8080,0.001846,74.125.68.0-255,1484,127615,65,194699
8081,0.001851,74.125.68.0-255,2902,130517,65,194699
8082,0.001853,172.31.40.0-255,66,130583,65,194699
8083,0.001871,74.125.68.0-255,2902,133485,65,194699
8084,0.001873,172.31.40.0-255,66,133551,65,194699
8085,0.001897,74.125.68.0-255,1484,135035,65,194699
8086,0.001903,74.125.68.0-255,5738,140773,65,194699
8087,0.001905,172.31.40.0-255,66,140839,65,194699
8088,0.001922,74.125.68.0-255,5738,146577,65,194699
8089,0.001924,172.31.40.0-255,66,146643,65,194699
8090,0.00195,74.125.68.0-255,2902,149545,65,194699
8091,0.001952,172.31.40.0-255,66,149611,65,194699
8092,0.001963,172.31.40.0-255,66,149677,65,194699
8093,0.001965,74.125.68.0-255,766,150443,65,194699
8094,0.002231,74.125.68.0-255,1484,151927,65,194699
8095,0.002234,172.31.40.0-255,66,151993,65,194699
8096,0.00224,74.125.68.0-255,2902,154895,65,194699
8097,0.002242,172.31.40.0-255,66,154961,65,194699
8098,0.002264,74.125.68.0-255,1484,156445,65,194699
8099,0.002285,74.125.68.0-255,4320,160765,65,194699
8100,0.002288,172.31.40.0-255,66,160831,65,194699
8101,0.002293,74.125.68.0-255,4320,165151,65,194699
8102,0.002294,172.31.40.0-255,66,165217,65,194699
8103,0.002297,74.125.68.0-255,1484,166701,65,194699
8104,0.002313,74.125.68.0-255,4320,171021,65,194699
8105,0.002315,172.31.40.0-255,66,171087,65,194699
8106,0.00233,74.125.68.0-255,5738,176825,65,194699
8107,0.002332,172.31.40.0-255,66,176891,65,194699
8108,0.004619,74.125.68.0-255,2902,179793,65,194699
8109,0.004626,172.31.40.0-255,66,179859,65,194699
8110,0.00465,74.125.68.0-255,2902,182761,65,194699
8111,0.004653,172.31.40.0-255,66,182827,65,194699
8112,0.006899,74.125.68.0-255,2902,185729,65,194699
8113,0.006904,172.31.40.0-255,66,185795,65,194699
8114,0.006924,74.125.68.0-255,2902,188697,65,194699
8115,0.006926,172.31.40.0-255,66,188763,65,194699
8116,0.009193,74.125.68.0-255,2902,191665,65,194699
8117,0.009204,172.31.40.0-255,66,191731,65,194699
8118,0.009225,74.125.68.0-255,2902,194633,65,194699
8119,0.009228,172.31.40.0-255,66,194699,65,194699
8120,0.0,172.217.194.0-255,146,146,65,148881
8121,1.8e-05,172.31.40.0-255,66,212,65,148881
8122,2.5e-05,172.217.194.0-255,1484,1696,65,148881
8123,2.9e-05,172.31.40.0-255,66,1762,65,148881
8124,3.5e-05,172.217.194.0-255,2902,4664,65,148881
8125,3.8e-05,172.31.40.0-255,66,4730,65,148881
8126,4.1e-05,172.217.194.0-255,1484,6214,65,148881
8127,4.5e-05,172.31.40.0-255,66,6280,65,148881
8128,6.6e-05,172.217.194.0-255,4320,10600,65,148881
8129,6.9e-05,172.31.40.0-255,66,10666,65,148881
8130,9.7e-05,172.217.194.0-255,4320,14986,65,148881
8131,0.0001,172.31.40.0-255,66,15052,65,148881
8132,0.000124,172.217.194.0-255,6284,21336,65,148881
8133,0.000127,172.31.40.0-255,66,21402,65,148881
8134,0.00014,172.31.40.0-255,66,21468,65,148881
8135,0.000192,172.31.40.0-255,66,21534,65,148881
8136,0.000383,172.217.194.0-255,1484,23018,65,148881
8137,0.00039,172.31.40.0-255,66,23084,65,148881
8138,0.000403,172.217.194.0-255,1484,24568,65,148881
8139,0.000406,172.31.40.0-255,66,24634,65,148881
8140,0.000412,172.217.194.0-255,2902,27536,65,148881
8141,0.000414,172.31.40.0-255,66,27602,65,148881
8142,0.000419,172.217.194.0-255,2902,30504,65,148881
8143,0.000422,172.31.40.0-255,66,30570,65,148881
8144,0.000443,172.217.194.0-255,2902,33472,65,148881
8145,0.000446,172.31.40.0-255,66,33538,65,148881
8146,0.00045,172.217.194.0-255,2902,36440,65,148881
8147,0.000453,172.31.40.0-255,66,36506,65,148881
8148,0.000467,172.217.194.0-255,2543,39049,65,148881
8149,0.00047,172.31.40.0-255,66,39115,65,148881
8150,0.000473,172.217.194.0-255,1484,40599,65,148881
8151,0.000475,172.31.40.0-255,66,40665,65,148881
8152,0.0005,172.217.194.0-255,4320,44985,65,148881
8153,0.000503,172.31.40.0-255,66,45051,65,148881
8154,0.00051,172.217.194.0-255,7156,52207,65,148881
8155,0.000512,172.31.40.0-255,66,52273,65,148881
8156,0.000546,172.217.194.0-255,3961,56234,65,148881
8157,0.000549,172.31.40.0-255,66,56300,65,148881
8158,0.000656,172.217.194.0-255,1484,57784,65,148881
8159,0.000661,172.31.40.0-255,66,57850,65,148881
8160,0.000666,172.217.194.0-255,2902,60752,65,148881
8161,0.000681,172.217.194.0-255,4320,65072,65,148881
8162,0.000691,172.217.194.0-255,1484,66556,65,148881
8163,0.000696,172.217.194.0-255,2902,69458,65,148881
8164,0.00071,172.217.194.0-255,3961,73419,65,148881
8165,0.000717,172.31.40.0-255,66,73485,65,148881
8166,0.000754,172.217.194.0-255,4320,77805,65,148881
8167,0.000775,172.217.194.0-255,2902,80707,65,148881
8168,0.000778,172.217.194.0-255,1484,82191,65,148881
8169,0.000784,172.31.40.0-255,66,82257,65,148881
8170,0.000804,172.217.194.0-255,1484,83741,65,148881
8171,0.000828,172.217.194.0-255,6683,90424,65,148881
8172,0.000839,172.31.40.0-255,66,90490,65,148881
8173,0.00092,172.217.194.0-255,211,90701,65,148881
8174,0.001252,172.217.194.0-255,1484,92185,65,148881
8175,0.001257,172.31.40.0-255,66,92251,65,148881
8176,0.001281,172.217.194.0-255,2902,95153,65,148881
8177,0.001288,172.31.40.0-255,66,95219,65,148881
8178,0.001301,172.217.194.0-255,5738,100957,65,148881
8179,0.001304,172.217.194.0-255,1484,102441,65,148881
8180,0.001322,172.217.194.0-255,7156,109597,65,148881
8181,0.001336,172.31.40.0-255,66,109663,65,148881
8182,0.001393,172.31.40.0-255,66,109729,65,148881
8183,0.001623,172.217.194.0-255,1484,111213,65,148881
8184,0.001637,172.217.194.0-255,2902,114115,65,148881
8185,0.00164,172.31.40.0-255,66,114181,65,148881
8186,0.001655,172.217.194.0-255,1484,115665,65,148881
8187,0.00167,172.217.194.0-255,4320,119985,65,148881
8188,0.001681,172.31.40.0-255,66,120051,65,148881
8189,0.001689,172.217.194.0-255,1484,121535,65,148881
8190,0.001739,172.217.194.0-255,1484,123019,65,148881
8191,0.001742,172.31.40.0-255,66,123085,65,148881
8192,0.001773,172.217.194.0-255,2184,125269,65,148881
8193,0.001782,172.31.40.0-255,66,125335,65,148881
8194,0.003739,172.217.194.0-255,1484,126819,65,148881
8195,0.003745,172.31.40.0-255,66,126885,65,148881
8196,0.003765,172.217.194.0-255,4320,131205,65,148881
8197,0.003767,172.31.40.0-255,66,131271,65,148881
8198,0.005713,172.217.194.0-255,1484,132755,65,148881
8199,0.005716,172.31.40.0-255,66,132821,65,148881
8200,0.005745,172.217.194.0-255,4320,137141,65,148881
8201,0.005747,172.31.40.0-255,66,137207,65,148881
8202,0.007705,172.217.194.0-255,1484,138691,65,148881
8203,0.00773,172.217.194.0-255,4320,143011,65,148881
8204,0.007984,172.31.40.0-255,66,143077,65,148881
8205,0.009969,172.217.194.0-255,5738,148815,65,148881
8206,0.009976,172.31.40.0-255,66,148881,65,148881
8207,0.0,172.217.194.0-255,150,150,65,108306
8208,1.5e-05,172.31.40.0-255,66,216,65,108306
8209,2.2e-05,172.217.194.0-255,1484,1700,65,108306
8210,2.9e-05,172.31.40.0-255,66,1766,65,108306
8211,4.1e-05,172.217.194.0-255,2902,4668,65,108306
8212,4.6e-05,172.31.40.0-255,66,4734,65,108306
8213,6.3e-05,172.217.194.0-255,4320,9054,65,108306
8214,6.6e-05,172.31.40.0-255,66,9120,65,108306
8215,8.9e-05,172.217.194.0-255,2902,12022,65,108306
8216,9.2e-05,172.31.40.0-255,66,12088,65,108306
8217,9.7e-05,172.217.194.0-255,2063,14151,65,108306
8218,9.9e-05,172.31.40.0-255,66,14217,65,108306
8219,0.000143,172.31.40.0-255,66,14283,65,108306
8220,0.000174,172.217.194.0-255,5379,19662,65,108306
8221,0.000177,172.31.40.0-255,66,19728,65,108306
8222,0.000259,172.217.194.0-255,1484,21212,65,108306
8223,0.000263,172.31.40.0-255,66,21278,65,108306
8224,0.000268,172.217.194.0-255,2902,24180,65,108306
8225,0.00027,172.31.40.0-255,66,24246,65,108306
8226,0.000276,172.217.194.0-255,4320,28566,65,108306
8227,0.000279,172.31.40.0-255,66,28632,65,108306
8228,0.000306,172.217.194.0-255,1484,30116,65,108306
8229,0.00031,172.31.40.0-255,66,30182,65,108306
8230,0.000345,172.217.194.0-255,6797,36979,65,108306
8231,0.000348,172.31.40.0-255,66,37045,65,108306
8232,0.000356,172.217.194.0-255,7156,44201,65,108306
8233,0.000358,172.31.40.0-255,66,44267,65,108306
8234,0.000385,172.31.40.0-255,66,44333,65,108306
8235,0.000416,172.217.194.0-255,409,44742,65,108306
8236,0.000418,172.31.40.0-255,66,44808,65,108306
8237,0.000519,172.217.194.0-255,364,45172,65,108306
8238,0.000694,172.217.194.0-255,1484,46656,65,108306
8239,0.000696,172.31.40.0-255,66,46722,65,108306
8240,0.00072,172.217.194.0-255,2902,49624,65,108306
8241,0.000723,172.31.40.0-255,66,49690,65,108306
8242,0.000728,172.217.194.0-255,5738,55428,65,108306
8243,0.00073,172.31.40.0-255,66,55494,65,108306
8244,0.000734,172.217.194.0-255,2902,58396,65,108306
8245,0.000736,172.31.40.0-255,66,58462,65,108306
8246,0.000765,172.217.194.0-255,4320,62782,65,108306
8247,0.000768,172.31.40.0-255,66,62848,65,108306
8248,0.000806,172.31.40.0-255,66,62914,65,108306
8249,0.000832,172.217.194.0-255,3602,66516,65,108306
8250,0.000834,172.31.40.0-255,66,66582,65,108306
8251,0.001629,172.217.194.0-255,1484,68066,65,108306
8252,0.001645,172.217.194.0-255,2902,70968,65,108306
8253,0.001647,172.31.40.0-255,66,71034,65,108306
8254,0.001651,172.217.194.0-255,1484,72518,65,108306
8255,0.001676,172.217.194.0-255,4320,76838,65,108306
8256,0.001678,172.31.40.0-255,66,76904,65,108306
8257,0.001683,172.217.194.0-255,2902,79806,65,108306
8258,0.001685,172.31.40.0-255,66,79872,65,108306
8259,0.001723,172.31.40.0-255,66,79938,65,108306
8260,0.00173,172.217.194.0-255,7156,87094,65,108306
8261,0.001733,172.31.40.0-255,66,87160,65,108306
8262,0.001761,172.217.194.0-255,3602,90762,65,108306
8263,0.001763,172.31.40.0-255,66,90828,65,108306
8264,0.002603,172.217.194.0-255,1484,92312,65,108306
8265,0.004349,172.217.194.0-255,4320,96632,65,108306
8266,0.004358,172.31.40.0-255,66,96698,65,108306
8267,0.006931,172.217.194.0-255,5738,102436,65,108306
8268,0.006939,172.31.40.0-255,66,102502,65,108306
8269,0.009522,172.217.194.0-255,5738,108240,65,108306
8270,0.009529,172.31.40.0-255,66,108306,65,108306
8271,0.0,172.217.194.0-255,149,149,65,174480
8272,2.3e-05,172.31.40.0-255,66,215,65,174480
8273,2.9e-05,172.217.194.0-255,1484,1699,65,174480
8274,3.4e-05,172.31.40.0-255,66,1765,65,174480
8275,4e-05,172.217.194.0-255,2902,4667,65,174480
8276,5e-05,172.31.40.0-255,66,4733,65,174480
8277,5.8e-05,172.217.194.0-255,7156,11889,65,174480
8278,6.1e-05,172.31.40.0-255,66,11955,65,174480
8279,6.6e-05,172.217.194.0-255,2093,14048,65,174480
8280,6.9e-05,172.31.40.0-255,66,14114,65,174480
8281,0.0001,172.217.194.0-255,5738,19852,65,174480
8282,0.000104,172.31.40.0-255,66,19918,65,174480
8283,0.000129,172.217.194.0-255,5738,25656,65,174480
8284,0.000132,172.31.40.0-255,66,25722,65,174480
8285,0.000143,172.31.40.0-255,66,25788,65,174480
8286,0.000175,172.217.194.0-255,2902,28690,65,174480
8287,0.000177,172.31.40.0-255,66,28756,65,174480
8288,0.000221,172.31.40.0-255,66,28822,65,174480
8289,0.000236,172.31.40.0-255,66,28888,65,174480
8290,0.00024,172.217.194.0-255,2839,31727,65,174480
8291,0.000242,172.31.40.0-255,66,31793,65,174480
8292,0.000258,172.217.194.0-255,7156,38949,65,174480
8293,0.00026,172.31.40.0-255,66,39015,65,174480
8294,0.000291,172.31.40.0-255,66,39081,65,174480
8295,0.000298,172.217.194.0-255,7156,46237,65,174480
8296,0.000306,172.31.40.0-255,66,46303,65,174480
8297,0.000343,172.31.40.0-255,66,46369,65,174480
8298,0.000345,172.217.194.0-255,1125,47494,65,174480
8299,0.000896,172.217.194.0-255,1484,48978,65,174480
8300,0.000902,172.217.194.0-255,2902,51880,65,174480
8301,0.000908,172.31.40.0-255,66,51946,65,174480
8302,0.000917,172.31.40.0-255,66,52012,65,174480
8303,0.000927,172.217.194.0-255,4320,56332,65,174480
8304,0.000929,172.31.40.0-255,66,56398,65,174480
8305,0.000969,172.217.194.0-255,1484,57882,65,174480
8306,0.000988,172.31.40.0-255,66,57948,65,174480
8307,0.000995,172.217.194.0-255,5738,63686,65,174480
8308,0.000997,172.31.40.0-255,66,63752,65,174480
8309,0.001028,172.217.194.0-255,5020,68772,65,174480
8310,0.001035,172.31.40.0-255,66,68838,65,174480
8311,0.001163,172.217.194.0-255,1484,70322,65,174480
8312,0.001169,172.217.194.0-255,2902,73224,65,174480
8313,0.001172,172.31.40.0-255,66,73290,65,174480
8314,0.001175,172.217.194.0-255,1484,74774,65,174480
8315,0.001202,172.217.194.0-255,4320,79094,65,174480
8316,0.001204,172.31.40.0-255,66,79160,65,174480
8317,0.00121,172.217.194.0-255,4320,83480,65,174480
8318,0.001213,172.31.40.0-255,66,83546,65,174480
8319,0.001245,172.31.40.0-255,66,83612,65,174480
8320,0.001256,172.31.40.0-255,66,83678,65,174480
8321,0.001278,172.217.194.0-255,2184,85862,65,174480
8322,0.001283,172.217.194.0-255,2902,88764,65,174480
8323,0.001285,172.217.194.0-255,1484,90248,65,174480
8324,0.001307,172.217.194.0-255,5738,95986,65,174480
8325,0.001321,172.217.194.0-255,1484,97470,65,174480
8326,0.001324,172.31.40.0-255,66,97536,65,174480
8327,0.001367,172.217.194.0-255,1484,99020,65,174480
8328,0.001372,172.217.194.0-255,4320,103340,65,174480
8329,0.001383,172.31.40.0-255,66,103406,65,174480
8330,0.001392,172.217.194.0-255,2184,105590,65,174480
8331,0.001397,172.31.40.0-255,66,105656,65,174480
8332,0.001472,172.217.194.0-255,1484,107140,65,174480
8333,0.001476,172.217.194.0-255,1484,108624,65,174480
8334,0.001488,172.217.194.0-255,1484,110108,65,174480
8335,0.001493,172.31.40.0-255,66,110174,65,174480
8336,0.001522,172.217.194.0-255,5738,115912,65,174480
8337,0.001539,172.217.194.0-255,2902,118814,65,174480
8338,0.001595,172.31.40.0-255,66,118880,65,174480
8339,0.001651,172.31.40.0-255,66,118946,65,174480
8340,0.001711,172.217.194.0-255,1484,120430,65,174480
8341,0.001717,172.217.194.0-255,2902,123332,65,174480
8342,0.001735,172.217.194.0-255,5738,129070,65,174480
8343,0.001741,172.31.40.0-255,66,129136,65,174480
8344,0.001786,172.31.40.0-255,66,129202,65,174480
8345,0.001816,172.217.194.0-255,5738,134940,65,174480
8346,0.001849,172.31.40.0-255,66,135006,65,174480
8347,0.002052,172.217.194.0-255,1484,136490,65,174480
8348,0.002071,172.217.194.0-255,2902,139392,65,174480
8349,0.002074,172.31.40.0-255,66,139458,65,174480
8350,0.00208,172.217.194.0-255,2902,142360,65,174480
8351,0.002097,172.217.194.0-255,2902,145262,65,174480
8352,0.002101,172.217.194.0-255,2902,148164,65,174480
8353,0.002119,172.217.194.0-255,2902,151066,65,174480
8354,0.002126,172.31.40.0-255,66,151132,65,174480
8355,0.002139,172.217.194.0-255,7156,158288,65,174480
8356,0.002164,172.31.40.0-255,66,158354,65,174480
8357,0.002197,172.31.40.0-255,66,158420,65,174480
8358,0.00432,172.217.194.0-255,5738,164158,65,174480
8359,0.004327,172.31.40.0-255,66,164224,65,174480
8360,0.006451,172.217.194.0-255,4320,168544,65,174480
8361,0.006454,172.31.40.0-255,66,168610,65,174480
8362,0.006494,172.217.194.0-255,1484,170094,65,174480
8363,0.008591,172.217.194.0-255,4320,174414,65,174480
8364,0.008596,172.31.40.0-255,66,174480,65,174480
8365,0.0,172.217.194.0-255,153,153,65,136645
8366,2.5e-05,172.31.40.0-255,66,219,65,136645
8367,3.2e-05,172.217.194.0-255,1484,1703,65,136645
8368,3.7e-05,172.31.40.0-255,66,1769,65,136645
8369,4.3e-05,172.217.194.0-255,2902,4671,65,136645
8370,5.6e-05,172.31.40.0-255,66,4737,65,136645
8371,6.4e-05,172.217.194.0-255,7156,11893,65,136645
8372,6.8e-05,172.31.40.0-255,66,11959,65,136645
8373,7.2e-05,172.217.194.0-255,2094,14053,65,136645
8374,7.4e-05,172.31.40.0-255,66,14119,65,136645
8375,0.000382,172.217.194.0-255,1484,15603,65,136645
8376,0.000388,172.31.40.0-255,66,15669,65,136645
8377,0.000395,172.217.194.0-255,2902,18571,65,136645
8378,0.000398,172.31.40.0-255,66,18637,65,136645
8379,0.00041,172.217.194.0-255,5738,24375,65,136645
8380,0.000412,172.31.40.0-255,66,24441,65,136645
8381,0.000415,172.217.194.0-255,1484,25925,65,136645
8382,0.000417,172.31.40.0-255,66,25991,65,136645
8383,0.000451,172.217.194.0-255,7156,33147,65,136645
8384,0.00046,172.31.40.0-255,66,33213,65,136645
8385,0.000472,172.217.194.0-255,2543,35756,65,136645
8386,0.00048,172.31.40.0-255,66,35822,65,136645
8387,0.000492,172.31.40.0-255,66,35888,65,136645
8388,0.000526,172.217.194.0-255,7156,43044,65,136645
8389,0.00053,172.31.40.0-255,66,43110,65,136645
8390,0.000567,172.31.40.0-255,66,43176,65,136645
8391,0.000569,172.217.194.0-255,339,43515,65,136645
8392,0.000572,172.31.40.0-255,66,43581,65,136645
8393,0.001484,172.217.194.0-255,118,43699,65,136645
8394,0.001491,172.31.40.0-255,66,43765,65,136645
8395,0.001535,172.217.194.0-255,1484,45249,65,136645
8396,0.001542,172.217.194.0-255,2902,48151,65,136645
8397,0.001545,172.31.40.0-255,66,48217,65,136645
8398,0.001551,172.217.194.0-255,2902,51119,65,136645
8399,0.001553,172.31.40.0-255,66,51185,65,136645
8400,0.001579,172.217.194.0-255,4320,55505,65,136645
8401,0.001582,172.31.40.0-255,66,55571,65,136645
8402,0.0016,172.31.40.0-255,66,55637,65,136645
8403,0.001624,172.217.194.0-255,2902,58539,65,136645
8404,0.001626,172.31.40.0-255,66,58605,65,136645
8405,0.001665,172.31.40.0-255,66,58671,65,136645
8406,0.001786,172.217.194.0-255,1484,60155,65,136645
8407,0.001794,172.217.194.0-255,2902,63057,65,136645
8408,0.001797,172.31.40.0-255,66,63123,65,136645
8409,0.001802,172.217.194.0-255,2902,66025,65,136645
8410,0.001804,172.31.40.0-255,66,66091,65,136645
8411,0.00184,172.217.194.0-255,2902,68993,65,136645
8412,0.001843,172.31.40.0-255,66,69059,65,136645
8413,0.001856,172.31.40.0-255,66,69125,65,136645
8414,0.001874,172.31.40.0-255,66,69191,65,136645
8415,0.001904,172.217.194.0-255,1484,70675,65,136645
8416,0.001909,172.217.194.0-255,2902,73577,65,136645
8417,0.001912,172.31.40.0-255,66,73643,65,136645
8418,0.001916,172.217.194.0-255,1484,75127,65,136645
8419,0.001944,172.217.194.0-255,4320,79447,65,136645
8420,0.001947,172.31.40.0-255,66,79513,65,136645
8421,0.001962,172.31.40.0-255,66,79579,65,136645
8422,0.002001,172.31.40.0-255,66,79645,65,136645
8423,0.002248,172.217.194.0-255,1484,81129,65,136645
8424,0.002254,172.217.194.0-255,2902,84031,65,136645
8425,0.002256,172.31.40.0-255,66,84097,65,136645
8426,0.002259,172.217.194.0-255,1484,85581,65,136645
8427,0.00228,172.217.194.0-255,4320,89901,65,136645
8428,0.002282,172.31.40.0-255,66,89967,65,136645
8429,0.002289,172.217.194.0-255,5738,95705,65,136645
8430,0.002292,172.31.40.0-255,66,95771,65,136645
8431,0.002342,172.31.40.0-255,66,95837,65,136645
8432,0.002347,172.217.194.0-255,5020,100857,65,136645
8433,0.00235,172.31.40.0-255,66,100923,65,136645
8434,0.002385,172.217.194.0-255,5738,106661,65,136645
8435,0.002387,172.31.40.0-255,66,106727,65,136645
8436,0.00239,172.217.194.0-255,1484,108211,65,136645
8437,0.002421,172.217.194.0-255,5738,113949,65,136645
8438,0.002424,172.31.40.0-255,66,114015,65,136645
8439,0.002427,172.217.194.0-255,1484,115499,65,136645
8440,0.002465,172.31.40.0-255,66,115565,65,136645
8441,0.002497,172.217.194.0-255,7156,122721,65,136645
8442,0.0025,172.31.40.0-255,66,122787,65,136645
8443,0.002516,172.217.194.0-255,2184,124971,65,136645
8444,0.002519,172.31.40.0-255,66,125037,65,136645
8445,0.005153,172.217.194.0-255,5738,130775,65,136645
8446,0.005158,172.31.40.0-255,66,130841,65,136645
8447,0.007838,172.217.194.0-255,5738,136579,65,136645
8448,0.007844,172.31.40.0-255,66,136645,65,136645
8449,0.0,172.217.194.0-255,153,153,65,202713
8450,2.6e-05,172.31.40.0-255,66,219,65,202713
8451,3.3e-05,172.217.194.0-255,1484,1703,65,202713
8452,3.8e-05,172.31.40.0-255,66,1769,65,202713
8453,4.4e-05,172.217.194.0-255,2902,4671,65,202713
8454,4.9e-05,172.31.40.0-255,66,4737,65,202713
8455,5.6e-05,172.217.194.0-255,5738,10475,65,202713
8456,5.8e-05,172.31.40.0-255,66,10541,65,202713
8457,7.8e-05,172.217.194.0-255,1484,12025,65,202713
8458,8.1e-05,172.31.40.0-255,66,12091,65,202713
8459,0.000119,172.31.40.0-255,66,12157,65,202713
8460,0.00016,172.31.40.0-255,66,12223,65,202713
8461,0.000178,172.217.194.0-255,1484,13707,65,202713
8462,0.00018,172.31.40.0-255,66,13773,65,202713
8463,0.000202,172.217.194.0-255,2902,16675,65,202713
8464,0.000204,172.31.40.0-255,66,16741,65,202713
8465,0.000211,172.217.194.0-255,5738,22479,65,202713
8466,0.000213,172.31.40.0-255,66,22545,65,202713
8467,0.000248,172.31.40.0-255,66,22611,65,202713
8468,0.000259,172.31.40.0-255,66,22677,65,202713
8469,0.000279,172.217.194.0-255,4212,26889,65,202713
8470,0.000281,172.31.40.0-255,66,26955,65,202713
8471,0.000302,172.217.194.0-255,119,27074,65,202713
8472,0.000304,172.31.40.0-255,66,27140,65,202713
8473,0.000333,172.217.194.0-255,1484,28624,65,202713
8474,0.000335,172.31.40.0-255,66,28690,65,202713
8475,0.00034,172.217.194.0-255,2902,31592,65,202713
8476,0.000343,172.31.40.0-255,66,31658,65,202713
8477,0.000375,172.217.194.0-255,7156,38814,65,202713
8478,0.000378,172.31.40.0-255,66,38880,65,202713
8479,0.000384,172.217.194.0-255,5379,44259,65,202713
8480,0.000386,172.31.40.0-255,66,44325,65,202713
8481,0.000414,172.217.194.0-255,5738,50063,65,202713
8482,0.000416,172.31.40.0-255,66,50129,65,202713
8483,0.000421,172.217.194.0-255,2902,53031,65,202713
8484,0.000423,172.31.40.0-255,66,53097,65,202713
8485,0.000457,172.31.40.0-255,66,53163,65,202713
8486,0.000517,172.217.194.0-255,1484,54647,65,202713
8487,0.000523,172.217.194.0-255,2902,57549,65,202713
8488,0.000526,172.31.40.0-255,66,57615,65,202713
8489,0.000529,172.217.194.0-255,1484,59099,65,202713
8490,0.000549,172.217.194.0-255,4320,63419,65,202713
8491,0.000552,172.31.40.0-255,66,63485,65,202713
8492,0.000557,172.217.194.0-255,4320,67805,65,202713
8493,0.00056,172.31.40.0-255,66,67871,65,202713
8494,0.000583,172.31.40.0-255,66,67937,65,202713
8495,0.000596,172.31.40.0-255,66,68003,65,202713
8496,0.000631,172.217.194.0-255,2902,70905,65,202713
8497,0.000633,172.31.40.0-255,66,70971,65,202713
8498,0.000661,172.31.40.0-255,66,71037,65,202713
8499,0.000664,172.217.194.0-255,1484,72521,65,202713
8500,0.00068,172.31.40.0-255,66,72587,65,202713
8501,0.000698,172.217.194.0-255,6438,79025,65,202713
8502,0.000701,172.31.40.0-255,66,79091,65,202713
8503,0.000753,172.217.194.0-255,1484,80575,65,202713
8504,0.000773,172.217.194.0-255,2902,83477,65,202713
8505,0.000775,172.31.40.0-255,66,83543,65,202713
8506,0.000782,172.217.194.0-255,5738,89281,65,202713
8507,0.000784,172.31.40.0-255,66,89347,65,202713
8508,0.000787,172.217.194.0-255,1484,90831,65,202713
8509,0.000815,172.31.40.0-255,66,90897,65,202713
8510,0.000831,172.217.194.0-255,1484,92381,65,202713
8511,0.000847,172.217.194.0-255,7156,99537,65,202713
8512,0.00085,172.31.40.0-255,66,99603,65,202713
8513,0.000865,172.217.194.0-255,5020,104623,65,202713
8514,0.000869,172.31.40.0-255,66,104689,65,202713
8515,0.000952,172.217.194.0-255,1484,106173,65,202713
8516,0.000988,172.217.194.0-255,1484,107657,65,202713
8517,0.000991,172.31.40.0-255,66,107723,65,202713
8518,0.001012,172.217.194.0-255,1484,109207,65,202713
8519,0.001018,172.217.194.0-255,5738,114945,65,202713
8520,0.001021,172.31.40.0-255,66,115011,65,202713
8521,0.001028,172.217.194.0-255,5738,120749,65,202713
8522,0.001031,172.31.40.0-255,66,120815,65,202713
8523,0.001044,172.31.40.0-255,66,120881,65,202713
8524,0.001051,172.217.194.0-255,5020,125901,65,202713
8525,0.001053,172.31.40.0-255,66,125967,65,202713
8526,0.001074,172.217.194.0-255,5738,131705,65,202713
8527,0.001077,172.31.40.0-255,66,131771,65,202713
8528,0.00108,172.217.194.0-255,1484,133255,65,202713
8529,0.001104,172.217.194.0-255,4320,137575,65,202713
8530,0.001107,172.31.40.0-255,66,137641,65,202713
8531,0.001109,172.217.194.0-255,1484,139125,65,202713
8532,0.001141,172.31.40.0-255,66,139191,65,202713
8533,0.001154,172.217.194.0-255,1484,140675,65,202713
8534,0.001187,172.217.194.0-255,4320,144995,65,202713
8535,0.001196,172.31.40.0-255,66,145061,65,202713
8536,0.001216,172.217.194.0-255,5738,150799,65,202713
8537,0.001219,172.217.194.0-255,1484,152283,65,202713
8538,0.001225,172.217.194.0-255,4320,156603,65,202713
8539,0.001249,172.217.194.0-255,2902,159505,65,202713
8540,0.001254,172.31.40.0-255,66,159571,65,202713
8541,0.001267,172.217.194.0-255,6438,166009,65,202713
8542,0.001288,172.31.40.0-255,66,166075,65,202713
8543,0.001307,172.217.194.0-255,1484,167559,65,202713
8544,0.00131,172.217.194.0-255,1484,169043,65,202713
8545,0.00132,172.31.40.0-255,66,169109,65,202713
8546,0.001323,172.217.194.0-255,1484,170593,65,202713
8547,0.001327,172.217.194.0-255,2902,173495,65,202713
8548,0.001337,172.31.40.0-255,66,173561,65,202713
8549,0.001342,172.217.194.0-255,2902,176463,65,202713
8550,0.001379,172.31.40.0-255,66,176529,65,202713
8551,0.001396,172.217.194.0-255,1484,178013,65,202713
8552,0.00144,172.217.194.0-255,5020,183033,65,202713
8553,0.001448,172.217.194.0-255,7156,190189,65,202713
8554,0.001455,172.31.40.0-255,66,190255,65,202713
8555,0.001491,172.31.40.0-255,66,190321,65,202713
8556,0.001502,172.217.194.0-255,5738,196059,65,202713
8557,0.001507,172.31.40.0-255,66,196125,65,202713
8558,0.00154,172.31.40.0-255,66,196191,65,202713
8559,0.001608,172.31.40.0-255,66,196257,65,202713
8560,0.001619,172.217.194.0-255,2902,199159,65,202713
8561,0.001624,172.217.194.0-255,3216,202375,65,202713
8562,0.001627,172.217.194.0-255,105,202480,65,202713
8563,0.00165,172.31.40.0-255,66,202546,65,202713
8564,0.003239,172.31.40.0-255,101,202647,65,202713
8565,0.005406,172.217.194.0-255,66,202713,65,202713
8566,0.0,172.31.40.0-255,158,158,65,224
8567,0.006626,172.217.194.0-255,66,224,65,224
8568,0.0,74.125.68.0-255,143,143,65,199800
8569,3.3e-05,172.31.40.0-255,66,209,65,199800
8570,4.1e-05,74.125.68.0-255,1484,1693,65,199800
8571,4.6e-05,172.31.40.0-255,66,1759,65,199800
8572,5.1e-05,74.125.68.0-255,2902,4661,65,199800
8573,5.3e-05,172.31.40.0-255,66,4727,65,199800
8574,5.8e-05,74.125.68.0-255,2902,7629,65,199800
8575,6e-05,172.31.40.0-255,66,7695,65,199800
8576,7.6e-05,74.125.68.0-255,2902,10597,65,199800
8577,7.8e-05,172.31.40.0-255,66,10663,65,199800
8578,8.3e-05,74.125.68.0-255,3456,14119,65,199800
8579,8.5e-05,172.31.40.0-255,66,14185,65,199800
8580,0.000125,74.125.68.0-255,2902,17087,65,199800
8581,0.000128,172.31.40.0-255,66,17153,65,199800
8582,0.000131,74.125.68.0-255,1484,18637,65,199800
8583,0.000134,172.31.40.0-255,66,18703,65,199800
8584,0.000161,74.125.68.0-255,2902,21605,65,199800
8585,0.000165,172.31.40.0-255,66,21671,65,199800
8586,0.00017,74.125.68.0-255,4320,25991,65,199800
8587,0.000172,172.31.40.0-255,66,26057,65,199800
8588,0.0002,74.125.68.0-255,4320,30377,65,199800
8589,0.000203,172.31.40.0-255,66,30443,65,199800
8590,0.000206,74.125.68.0-255,1125,31568,65,199800
8591,0.000208,172.31.40.0-255,66,31634,65,199800
8592,0.000311,74.125.68.0-255,1484,33118,65,199800
8593,0.000315,172.31.40.0-255,66,33184,65,199800
8594,0.000328,74.125.68.0-255,1484,34668,65,199800
8595,0.000331,172.31.40.0-255,66,34734,65,199800
8596,0.000348,74.125.68.0-255,1484,36218,65,199800
8597,0.000351,172.31.40.0-255,66,36284,65,199800
8598,0.000354,74.125.68.0-255,1484,37768,65,199800
8599,0.000357,172.31.40.0-255,66,37834,65,199800
8600,0.000363,74.125.68.0-255,5738,43572,65,199800
8601,0.000366,172.31.40.0-255,66,43638,65,199800
8602,0.000407,172.31.40.0-255,66,43704,65,199800
8603,0.00041,74.125.68.0-255,1484,45188,65,199800
8604,0.000431,74.125.68.0-255,7156,52344,65,199800
8605,0.000435,172.31.40.0-255,66,52410,65,199800
8606,0.000454,74.125.68.0-255,1484,53894,65,199800
8607,0.000459,74.125.68.0-255,2543,56437,65,199800
8608,0.000461,172.31.40.0-255,66,56503,65,199800
8609,0.000464,74.125.68.0-255,397,56900,65,199800
8610,0.000514,74.125.68.0-255,110,57010,65,199800
8611,0.000671,74.125.68.0-255,1484,58494,65,199800
8612,0.000675,172.31.40.0-255,66,58560,65,199800
8613,0.00068,74.125.68.0-255,1484,60044,65,199800
8614,0.000694,74.125.68.0-255,1484,61528,65,199800
8615,0.000696,172.31.40.0-255,66,61594,65,199800
8616,0.000702,74.125.68.0-255,4320,65914,65,199800
8617,0.000704,172.31.40.0-255,66,65980,65,199800
8618,0.000751,74.125.68.0-255,2902,68882,65,199800
8619,0.000755,172.31.40.0-255,66,68948,65,199800
8620,0.000774,74.125.68.0-255,5379,74327,65,199800
8621,0.000776,172.31.40.0-255,66,74393,65,199800
8622,0.00079,74.125.68.0-255,1484,75877,65,199800
8623,0.000817,74.125.68.0-255,4320,80197,65,199800
8624,0.00082,172.31.40.0-255,66,80263,65,199800
8625,0.000828,74.125.68.0-255,7156,87419,65,199800
8626,0.00083,172.31.40.0-255,66,87485,65,199800
8627,0.000833,74.125.68.0-255,1484,88969,65,199800
8628,0.000853,74.125.68.0-255,2543,91512,65,199800
8629,0.000858,172.31.40.0-255,66,91578,65,199800
8630,0.001066,74.125.68.0-255,1484,93062,65,199800
8631,0.001084,74.125.68.0-255,2902,95964,65,199800
8632,0.001087,172.31.40.0-255,66,96030,65,199800
8633,0.001104,74.125.68.0-255,5738,101768,65,199800
8634,0.001107,172.31.40.0-255,66,101834,65,199800
8635,0.001142,172.31.40.0-255,66,101900,65,199800
8636,0.001165,74.125.68.0-255,5738,107638,65,199800
8637,0.001167,172.31.40.0-255,66,107704,65,199800
8638,0.001195,74.125.68.0-255,6438,114142,65,199800
8639,0.001198,172.31.40.0-255,66,114208,65,199800
8640,0.001293,74.125.68.0-255,1484,115692,65,199800
8641,0.0013,74.125.68.0-255,2902,118594,65,199800
8642,0.001303,172.31.40.0-255,66,118660,65,199800
8643,0.001325,74.125.68.0-255,5738,124398,65,199800
8644,0.001329,172.31.40.0-255,66,124464,65,199800
8645,0.001333,74.125.68.0-255,1484,125948,65,199800
8646,0.001363,74.125.68.0-255,1484,127432,65,199800
8647,0.001366,172.31.40.0-255,66,127498,65,199800
8648,0.001372,74.125.68.0-255,4320,131818,65,199800
8649,0.001374,172.31.40.0-255,66,131884,65,199800
8650,0.001383,172.31.40.0-255,66,131950,65,199800
8651,0.001387,74.125.68.0-255,2902,134852,65,199800
8652,0.001391,172.31.40.0-255,66,134918,65,199800
8653,0.001438,74.125.68.0-255,2902,137820,65,199800
8654,0.001441,172.31.40.0-255,66,137886,65,199800
8655,0.001464,74.125.68.0-255,2184,140070,65,199800
8656,0.001467,172.31.40.0-255,66,140136,65,199800
8657,0.001858,74.125.68.0-255,1484,141620,65,199800
8658,0.001866,74.125.68.0-255,1484,143104,65,199800
8659,0.00187,172.31.40.0-255,66,143170,65,199800
8660,0.001896,74.125.68.0-255,1484,144654,65,199800
8661,0.001903,74.125.68.0-255,4320,148974,65,199800
8662,0.001905,172.31.40.0-255,66,149040,65,199800
8663,0.001915,172.31.40.0-255,66,149106,65,199800
8664,0.001918,74.125.68.0-255,1484,150590,65,199800
8665,0.001945,74.125.68.0-255,4320,154910,65,199800
8666,0.001947,172.31.40.0-255,66,154976,65,199800
8667,0.001951,74.125.68.0-255,2902,157878,65,199800
8668,0.001953,172.31.40.0-255,66,157944,65,199800
8669,0.001968,74.125.68.0-255,4320,162264,65,199800
8670,0.001971,172.31.40.0-255,66,162330,65,199800
8671,0.001992,74.125.68.0-255,1484,163814,65,199800
8672,0.00201,74.125.68.0-255,2184,165998,65,199800
8673,0.002013,172.31.40.0-255,66,166064,65,199800
8674,0.002238,74.125.68.0-255,1484,167548,65,199800
8675,0.002245,74.125.68.0-255,2902,170450,65,199800
8676,0.002249,172.31.40.0-255,66,170516,65,199800
8677,0.002288,74.125.68.0-255,5738,176254,65,199800
8678,0.002291,172.31.40.0-255,66,176320,65,199800
8679,0.002297,74.125.68.0-255,5738,182058,65,199800
8680,0.002298,172.31.40.0-255,66,182124,65,199800
8681,0.002315,74.125.68.0-255,1484,183608,65,199800
8682,0.002325,172.31.40.0-255,66,183674,65,199800
8683,0.00236,172.31.40.0-255,66,183740,65,199800
8684,0.004684,74.125.68.0-255,5738,189478,65,199800
8685,0.004689,172.31.40.0-255,66,189544,65,199800
8686,0.007014,74.125.68.0-255,4320,193864,65,199800
8687,0.007018,172.31.40.0-255,66,193930,65,199800
8688,0.007052,74.125.68.0-255,1484,195414,65,199800
8689,0.009361,74.125.68.0-255,4320,199734,65,199800
8690,0.009368,172.31.40.0-255,66,199800,65,199800
8691,0.0,172.253.118.0-255,148,148,65,299200
8692,2.4e-05,172.31.40.0-255,66,214,65,299200
8693,3.1e-05,172.253.118.0-255,1484,1698,65,299200
8694,3.6e-05,172.31.40.0-255,66,1764,65,299200
8695,4.1e-05,172.253.118.0-255,2902,4666,65,299200
8696,4.4e-05,172.31.40.0-255,66,4732,65,299200
8697,5.2e-05,172.253.118.0-255,7156,11888,65,299200
8698,5.4e-05,172.31.40.0-255,66,11954,65,299200
8699,7.9e-05,172.253.118.0-255,2127,14081,65,299200
8700,8.2e-05,172.31.40.0-255,66,14147,65,299200
8701,0.000119,172.253.118.0-255,2902,17049,65,299200
8702,0.000122,172.31.40.0-255,66,17115,65,299200
8703,0.000125,172.253.118.0-255,1484,18599,65,299200
8704,0.000127,172.31.40.0-255,66,18665,65,299200
8705,0.000141,172.253.118.0-255,2902,21567,65,299200
8706,0.000143,172.31.40.0-255,66,21633,65,299200
8707,0.000146,172.253.118.0-255,1484,23117,65,299200
8708,0.000148,172.31.40.0-255,66,23183,65,299200
8709,0.000179,172.253.118.0-255,7156,30339,65,299200
8710,0.000182,172.31.40.0-255,66,30405,65,299200
8711,0.000185,172.253.118.0-255,1125,31530,65,299200
8712,0.000187,172.31.40.0-255,66,31596,65,299200
8713,0.000221,172.253.118.0-255,1484,33080,65,299200
8714,0.000223,172.31.40.0-255,66,33146,65,299200
8715,0.000228,172.253.118.0-255,2902,36048,65,299200
8716,0.00023,172.31.40.0-255,66,36114,65,299200
8717,0.000247,172.253.118.0-255,5738,41852,65,299200
8718,0.00025,172.31.40.0-255,66,41918,65,299200
8719,0.000272,172.253.118.0-255,2902,44820,65,299200
8720,0.000274,172.31.40.0-255,66,44886,65,299200
8721,0.000301,172.253.118.0-255,3961,48847,65,299200
8722,0.000303,172.31.40.0-255,66,48913,65,299200
8723,0.000541,172.253.118.0-255,1484,50397,65,299200
8724,0.000549,172.253.118.0-255,2902,53299,65,299200
8725,0.000553,172.31.40.0-255,66,53365,65,299200
8726,0.000579,172.253.118.0-255,5738,59103,65,299200
8727,0.000582,172.31.40.0-255,66,59169,65,299200
8728,0.000586,172.253.118.0-255,2902,62071,65,299200
8729,0.000588,172.31.40.0-255,66,62137,65,299200
8730,0.000594,172.253.118.0-255,3961,66098,65,299200
8731,0.000596,172.31.40.0-255,66,66164,65,299200
8732,0.000619,172.253.118.0-255,1484,67648,65,299200
8733,0.000639,172.253.118.0-255,4320,71968,65,299200
8734,0.000642,172.31.40.0-255,66,72034,65,299200
8735,0.000649,172.253.118.0-255,7156,79190,65,299200
8736,0.000651,172.31.40.0-255,66,79256,65,299200
8737,0.000686,172.253.118.0-255,4542,83798,65,299200
8738,0.000689,172.31.40.0-255,66,83864,65,299200
8739,0.000721,172.253.118.0-255,5738,89602,65,299200
8740,0.000724,172.31.40.0-255,66,89668,65,299200
8741,0.000728,172.253.118.0-255,2902,92570,65,299200
8742,0.00073,172.31.40.0-255,66,92636,65,299200
8743,0.00075,172.253.118.0-255,5738,98374,65,299200
8744,0.000752,172.31.40.0-255,66,98440,65,299200
8745,0.0008,172.253.118.0-255,4320,102760,65,299200
8746,0.000803,172.31.40.0-255,66,102826,65,299200
8747,0.000819,172.253.118.0-255,2543,105369,65,299200
8748,0.000826,172.253.118.0-255,7156,112525,65,299200
8749,0.000832,172.253.118.0-255,4714,117239,65,299200
8750,0.000836,172.31.40.0-255,66,117305,65,299200
8751,0.000841,172.31.40.0-255,66,117371,65,299200
8752,0.000843,172.31.40.0-255,66,117437,65,299200
8753,0.001088,172.253.118.0-255,1484,118921,65,299200
8754,0.001095,172.253.118.0-255,2902,121823,65,299200
8755,0.001098,172.31.40.0-255,66,121889,65,299200
8756,0.001117,172.253.118.0-255,4320,126209,65,299200
8757,0.00112,172.31.40.0-255,66,126275,65,299200
8758,0.001141,172.253.118.0-255,1484,127759,65,299200
8759,0.001144,172.253.118.0-255,1484,129243,65,299200
8760,0.001146,172.31.40.0-255,66,129309,65,299200
8761,0.001177,172.253.118.0-255,4320,133629,65,299200
8762,0.001179,172.31.40.0-255,66,133695,65,299200
8763,0.0012,172.253.118.0-255,1821,135516,65,299200
8764,0.001203,172.31.40.0-255,66,135582,65,299200
8765,0.001225,172.253.118.0-255,4320,139902,65,299200
8766,0.001228,172.31.40.0-255,66,139968,65,299200
8767,0.001247,172.253.118.0-255,2902,142870,65,299200
8768,0.00125,172.31.40.0-255,66,142936,65,299200
8769,0.001261,172.31.40.0-255,66,143002,65,299200
8770,0.001311,172.31.40.0-255,66,143068,65,299200
8771,0.001314,172.253.118.0-255,766,143834,65,299200
8772,0.00167,172.253.118.0-255,1484,145318,65,299200
8773,0.001674,172.31.40.0-255,66,145384,65,299200
8774,0.001679,172.253.118.0-255,2902,148286,65,299200
8775,0.001681,172.31.40.0-255,66,148352,65,299200
8776,0.001704,172.253.118.0-255,5738,154090,65,299200
8777,0.001707,172.31.40.0-255,66,154156,65,299200
8778,0.001721,172.253.118.0-255,2902,157058,65,299200
8779,0.001724,172.31.40.0-255,66,157124,65,299200
8780,0.001766,172.31.40.0-255,66,157190,65,299200
8781,0.001779,172.31.40.0-255,66,157256,65,299200
8782,0.002476,172.253.118.0-255,1484,158740,65,299200
8783,0.002482,172.253.118.0-255,2902,161642,65,299200
8784,0.002485,172.31.40.0-255,66,161708,65,299200
8785,0.002493,172.253.118.0-255,5738,167446,65,299200
8786,0.002495,172.31.40.0-255,66,167512,65,299200
8787,0.002512,172.253.118.0-255,7156,174668,65,299200
8788,0.002514,172.31.40.0-255,66,174734,65,299200
8789,0.002518,172.253.118.0-255,2902,177636,65,299200
8790,0.00252,172.31.40.0-255,66,177702,65,299200
8791,0.002547,172.253.118.0-255,1484,179186,65,299200
8792,0.00255,172.253.118.0-255,1484,180670,65,299200
8793,0.002553,172.31.40.0-255,66,180736,65,299200
8794,0.002556,172.253.118.0-255,1484,182220,65,299200
8795,0.002577,172.253.118.0-255,7156,189376,65,299200
8796,0.00258,172.31.40.0-255,66,189442,65,299200
8797,0.002585,172.253.118.0-255,2184,191626,65,299200
8798,0.002587,172.31.40.0-255,66,191692,65,299200
8799,0.002863,172.253.118.0-255,1484,193176,65,299200
8800,0.002892,172.253.118.0-255,2902,196078,65,299200
8801,0.002896,172.253.118.0-255,4320,200398,65,299200
8802,0.002902,172.31.40.0-255,66,200464,65,299200
8803,0.00291,172.31.40.0-255,66,200530,65,299200
8804,0.002913,172.253.118.0-255,1484,202014,65,299200
8805,0.002944,172.253.118.0-255,7156,209170,65,299200
8806,0.002947,172.31.40.0-255,66,209236,65,299200
8807,0.002959,172.31.40.0-255,66,209302,65,299200
8808,0.002964,172.253.118.0-255,2902,212204,65,299200
8809,0.002966,172.31.40.0-255,66,212270,65,299200
8810,0.002969,172.253.118.0-255,1484,213754,65,299200
8811,0.002971,172.253.118.0-255,766,214520,65,299200
8812,0.002973,172.31.40.0-255,66,214586,65,299200
8813,0.003033,172.253.118.0-255,1484,216070,65,299200
8814,0.003048,172.253.118.0-255,4320,220390,65,299200
8815,0.003051,172.31.40.0-255,66,220456,65,299200
8816,0.003057,172.253.118.0-255,4320,224776,65,299200
8817,0.003058,172.31.40.0-255,66,224842,65,299200
8818,0.003108,172.31.40.0-255,66,224908,65,299200
8819,0.003146,172.31.40.0-255,66,224974,65,299200
8820,0.003162,172.253.118.0-255,2184,227158,65,299200
8821,0.003164,172.31.40.0-255,66,227224,65,299200
8822,0.003166,172.253.118.0-255,1484,228708,65,299200
8823,0.003171,172.253.118.0-255,2902,231610,65,299200
8824,0.003173,172.31.40.0-255,66,231676,65,299200
8825,0.003205,172.253.118.0-255,5738,237414,65,299200
8826,0.003208,172.31.40.0-255,66,237480,65,299200
8827,0.00322,172.31.40.0-255,66,237546,65,299200
8828,0.003227,172.253.118.0-255,7156,244702,65,299200
8829,0.00323,172.31.40.0-255,66,244768,65,299200
8830,0.003266,172.253.118.0-255,3602,248370,65,299200
8831,0.003269,172.31.40.0-255,66,248436,65,299200
8832,0.003291,172.253.118.0-255,4320,252756,65,299200
8833,0.003293,172.31.40.0-255,66,252822,65,299200
8834,0.003316,172.253.118.0-255,2902,255724,65,299200
8835,0.003319,172.31.40.0-255,66,255790,65,299200
8836,0.003345,172.253.118.0-255,7156,262946,65,299200
8837,0.003348,172.31.40.0-255,66,263012,65,299200
8838,0.003352,172.253.118.0-255,1484,264496,65,299200
8839,0.003376,172.31.40.0-255,66,264562,65,299200
8840,0.00338,172.253.118.0-255,1484,266046,65,299200
8841,0.003401,172.253.118.0-255,6438,272484,65,299200
8842,0.003403,172.31.40.0-255,66,272550,65,299200
8843,0.003435,172.253.118.0-255,1484,274034,65,299200
8844,0.00344,172.253.118.0-255,2902,276936,65,299200
8845,0.003442,172.31.40.0-255,66,277002,65,299200
8846,0.003446,172.253.118.0-255,1484,278486,65,299200
8847,0.003462,172.253.118.0-255,4320,282806,65,299200
8848,0.003465,172.31.40.0-255,66,282872,65,299200
8849,0.003469,172.253.118.0-255,2902,285774,65,299200
8850,0.003471,172.31.40.0-255,66,285840,65,299200
8851,0.003487,172.253.118.0-255,7156,292996,65,299200
8852,0.00349,172.31.40.0-255,66,293062,65,299200
8853,0.003492,172.253.118.0-255,1484,294546,65,299200
8854,0.003518,172.253.118.0-255,4320,298866,65,299200
8855,0.003521,172.31.40.0-255,66,298932,65,299200
8856,0.003549,172.31.40.0-255,66,298998,65,299200
8857,0.003552,172.253.118.0-255,97,299095,65,299200
8858,0.003624,172.253.118.0-255,105,299200,65,299200
8859,0.0,74.125.24.0-255,292,292,65,215571
8860,2.3e-05,172.31.40.0-255,66,358,65,215571
8861,3e-05,74.125.24.0-255,1484,1842,65,215571
8862,3.4e-05,172.31.40.0-255,66,1908,65,215571
8863,4.1e-05,74.125.24.0-255,4320,6228,65,215571
8864,4.4e-05,172.31.40.0-255,66,6294,65,215571
8865,5e-05,74.125.24.0-255,4320,10614,65,215571
8866,5.2e-05,172.31.40.0-255,66,10680,65,215571
8867,8.4e-05,74.125.24.0-255,4738,15418,65,215571
8868,8.7e-05,172.31.40.0-255,66,15484,65,215571
8869,9.7e-05,172.31.40.0-255,66,15550,65,215571
8870,0.000129,74.125.24.0-255,6797,22347,65,215571
8871,0.000132,172.31.40.0-255,66,22413,65,215571
8872,0.000175,74.125.24.0-255,1484,23897,65,215571
8873,0.000178,172.31.40.0-255,66,23963,65,215571
8874,0.000191,74.125.24.0-255,1484,25447,65,215571
8875,0.000194,172.31.40.0-255,66,25513,65,215571
8876,0.000224,74.125.24.0-255,1484,26997,65,215571
8877,0.000227,172.31.40.0-255,66,27063,65,215571
8878,0.000234,74.125.24.0-255,5738,32801,65,215571
8879,0.000236,172.31.40.0-255,66,32867,65,215571
8880,0.000242,74.125.24.0-255,5738,38605,65,215571
8881,0.000244,172.31.40.0-255,66,38671,65,215571
8882,0.000247,74.125.24.0-255,1484,40155,65,215571
8883,0.00025,172.31.40.0-255,66,40221,65,215571
8884,0.000292,172.31.40.0-255,66,40287,65,215571
8885,0.000297,74.125.24.0-255,3961,44248,65,215571
8886,0.000299,172.31.40.0-255,66,44314,65,215571
8887,0.000373,74.125.24.0-255,413,44727,65,215571
8888,0.000377,172.31.40.0-255,66,44793,65,215571
8889,0.000443,74.125.24.0-255,331,45124,65,215571
8890,0.000817,74.125.24.0-255,1484,46608,65,215571
8891,0.000822,172.31.40.0-255,66,46674,65,215571
8892,0.000828,74.125.24.0-255,2902,49576,65,215571
8893,0.00083,172.31.40.0-255,66,49642,65,215571
8894,0.000846,74.125.24.0-255,5738,55380,65,215571
8895,0.000848,172.31.40.0-255,66,55446,65,215571
8896,0.000854,74.125.24.0-255,4320,59766,65,215571
8897,0.000857,172.31.40.0-255,66,59832,65,215571
8898,0.000876,172.31.40.0-255,66,59898,65,215571
8899,0.000879,74.125.24.0-255,1484,61382,65,215571
8900,0.000914,172.31.40.0-255,66,61448,65,215571
8901,0.001181,74.125.24.0-255,1484,62932,65,215571
8902,0.001187,74.125.24.0-255,2902,65834,65,215571
8903,0.00119,172.31.40.0-255,66,65900,65,215571
8904,0.001197,74.125.24.0-255,5738,71638,65,215571
8905,0.001199,172.31.40.0-255,66,71704,65,215571
8906,0.001204,74.125.24.0-255,4320,76024,65,215571
8907,0.001206,172.31.40.0-255,66,76090,65,215571
8908,0.001231,172.31.40.0-255,66,76156,65,215571
8909,0.001243,172.31.40.0-255,66,76222,65,215571
8910,0.001382,74.125.24.0-255,1484,77706,65,215571
8911,0.001401,74.125.24.0-255,2902,80608,65,215571
8912,0.001404,172.31.40.0-255,66,80674,65,215571
8913,0.00141,74.125.24.0-255,5738,86412,65,215571
8914,0.001412,172.31.40.0-255,66,86478,65,215571
8915,0.001427,74.125.24.0-255,1484,87962,65,215571
8916,0.001448,74.125.24.0-255,2902,90864,65,215571
8917,0.001451,172.31.40.0-255,66,90930,65,215571
8918,0.001455,74.125.24.0-255,2902,93832,65,215571
8919,0.001457,172.31.40.0-255,66,93898,65,215571
8920,0.001477,172.31.40.0-255,66,93964,65,215571
8921,0.001509,74.125.24.0-255,4320,98284,65,215571
8922,0.001511,172.31.40.0-255,66,98350,65,215571
8923,0.001529,74.125.24.0-255,3602,101952,65,215571
8924,0.001531,172.31.40.0-255,66,102018,65,215571
8925,0.001619,74.125.24.0-255,1484,103502,65,215571
8926,0.001632,74.125.24.0-255,2902,106404,65,215571
8927,0.001635,172.31.40.0-255,66,106470,65,215571
8928,0.001669,74.125.24.0-255,5738,112208,65,215571
8929,0.001672,172.31.40.0-255,66,112274,65,215571
8930,0.001698,74.125.24.0-255,2902,115176,65,215571
8931,0.001701,172.31.40.0-255,66,115242,65,215571
8932,0.00173,172.31.40.0-255,66,115308,65,215571
8933,0.001736,74.125.24.0-255,7156,122464,65,215571
8934,0.001738,172.31.40.0-255,66,122530,65,215571
8935,0.001743,74.125.24.0-255,3602,126132,65,215571
8936,0.001745,172.31.40.0-255,66,126198,65,215571
8937,0.001926,74.125.24.0-255,1484,127682,65,215571
8938,0.001942,74.125.24.0-255,2902,130584,65,215571
8939,0.001945,172.31.40.0-255,66,130650,65,215571
8940,0.001948,74.125.24.0-255,1484,132134,65,215571
8941,0.001962,74.125.24.0-255,4320,136454,65,215571
8942,0.001964,172.31.40.0-255,66,136520,65,215571
8943,0.001983,74.125.24.0-255,1484,138004,65,215571
8944,0.002009,172.31.40.0-255,66,138070,65,215571
8945,0.002038,74.125.24.0-255,1484,139554,65,215571
8946,0.002063,172.31.40.0-255,66,139620,65,215571
8947,0.00211,74.125.24.0-255,1484,141104,65,215571
8948,0.002115,74.125.24.0-255,2902,144006,65,215571
8949,0.002117,172.31.40.0-255,66,144072,65,215571
8950,0.002138,74.125.24.0-255,5738,149810,65,215571
8951,0.002142,74.125.24.0-255,2902,152712,65,215571
8952,0.002145,172.31.40.0-255,66,152778,65,215571
8953,0.002148,172.31.40.0-255,66,152844,65,215571
8954,0.002162,74.125.24.0-255,1484,154328,65,215571
8955,0.002202,172.31.40.0-255,66,154394,65,215571
8956,0.002212,172.31.40.0-255,66,154460,65,215571
8957,0.002226,74.125.24.0-255,5020,159480,65,215571
8958,0.002228,172.31.40.0-255,66,159546,65,215571
8959,0.002234,74.125.24.0-255,5738,165284,65,215571
8960,0.002236,172.31.40.0-255,66,165350,65,215571
8961,0.002269,172.31.40.0-255,66,165416,65,215571
8962,0.002271,74.125.24.0-255,1484,166900,65,215571
8963,0.002293,172.31.40.0-255,66,166966,65,215571
8964,0.002303,74.125.24.0-255,2184,169150,65,215571
8965,0.002305,172.31.40.0-255,66,169216,65,215571
8966,0.002311,74.125.24.0-255,7156,176372,65,215571
8967,0.002313,172.31.40.0-255,66,176438,65,215571
8968,0.002323,172.31.40.0-255,66,176504,65,215571
8969,0.002364,172.31.40.0-255,66,176570,65,215571
8970,0.002366,74.125.24.0-255,766,177336,65,215571
8971,0.002382,74.125.24.0-255,4320,181656,65,215571
8972,0.002384,172.31.40.0-255,66,181722,65,215571
8973,0.002435,172.31.40.0-255,66,181788,65,215571
8974,0.002455,74.125.24.0-255,2902,184690,65,215571
8975,0.002457,172.31.40.0-255,66,184756,65,215571
8976,0.002463,74.125.24.0-255,7156,191912,65,215571
8977,0.002465,172.31.40.0-255,66,191978,65,215571
8978,0.002476,172.31.40.0-255,66,192044,65,215571
8979,0.002479,74.125.24.0-255,1484,193528,65,215571
8980,0.002483,74.125.24.0-255,4320,197848,65,215571
8981,0.002485,172.31.40.0-255,66,197914,65,215571
8982,0.002491,74.125.24.0-255,7156,205070,65,215571
8983,0.002494,172.31.40.0-255,66,205136,65,215571
8984,0.002503,172.31.40.0-255,66,205202,65,215571
8985,0.002511,74.125.24.0-255,7156,212358,65,215571
8986,0.002513,172.31.40.0-255,66,212424,65,215571
8987,0.002517,74.125.24.0-255,2879,215303,65,215571
8988,0.002519,172.31.40.0-255,66,215369,65,215571
8989,0.002522,74.125.24.0-255,97,215466,65,215571
8990,0.002563,74.125.24.0-255,105,215571,65,215571
8991,0.0,74.125.68.0-255,152,152,65,69659
8992,2e-05,172.31.40.0-255,66,218,65,69659
8993,5e-05,74.125.68.0-255,1484,1702,65,69659
8994,5.4e-05,172.31.40.0-255,66,1768,65,69659
8995,6e-05,74.125.68.0-255,2902,4670,65,69659
8996,6.3e-05,172.31.40.0-255,66,4736,65,69659
8997,6.9e-05,74.125.68.0-255,5738,10474,65,69659
8998,7.2e-05,172.31.40.0-255,66,10540,65,69659
8999,9.5e-05,74.125.68.0-255,1484,12024,65,69659
9000,9.8e-05,172.31.40.0-255,66,12090,65,69659
9001,0.000102,74.125.68.0-255,2027,14117,65,69659
9002,0.000108,172.31.40.0-255,66,14183,65,69659
9003,0.0002,74.125.68.0-255,1484,15667,65,69659
9004,0.000205,172.31.40.0-255,66,15733,65,69659
9005,0.00021,74.125.68.0-255,2902,18635,65,69659
9006,0.000212,172.31.40.0-255,66,18701,65,69659
9007,0.000252,74.125.68.0-255,5738,24439,65,69659
9008,0.000255,172.31.40.0-255,66,24505,65,69659
9009,0.00026,74.125.68.0-255,4320,28825,65,69659
9010,0.000261,172.31.40.0-255,66,28891,65,69659
9011,0.000293,74.125.68.0-255,2543,31434,65,69659
9012,0.000296,172.31.40.0-255,66,31500,65,69659
9013,0.002403,74.125.68.0-255,1484,32984,65,69659
9014,0.002412,172.31.40.0-255,66,33050,65,69659
9015,0.002459,74.125.68.0-255,1484,34534,65,69659
9016,0.002462,172.31.40.0-255,66,34600,65,69659
9017,0.002494,74.125.68.0-255,2902,37502,65,69659
9018,0.002496,172.31.40.0-255,66,37568,65,69659
9019,0.002521,74.125.68.0-255,2902,40470,65,69659
9020,0.002523,172.31.40.0-255,66,40536,65,69659
9021,0.002548,74.125.68.0-255,2902,43438,65,69659
9022,0.002551,172.31.40.0-255,66,43504,65,69659
9023,0.002567,74.125.68.0-255,1484,44988,65,69659
9024,0.002572,74.125.68.0-255,2902,47890,65,69659
9025,0.002574,172.31.40.0-255,66,47956,65,69659
9026,0.002609,74.125.68.0-255,3961,51917,65,69659
9027,0.002611,172.31.40.0-255,66,51983,65,69659
9028,0.002615,74.125.68.0-255,2902,54885,65,69659
9029,0.002617,172.31.40.0-255,66,54951,65,69659
9030,0.002673,74.125.68.0-255,4320,59271,65,69659
9031,0.002676,172.31.40.0-255,66,59337,65,69659
9032,0.005205,74.125.68.0-255,1484,60821,65,69659
9033,0.005266,74.125.68.0-255,2902,63723,65,69659
9034,0.005268,172.31.40.0-255,66,63789,65,69659
9035,0.00529,74.125.68.0-255,1484,65273,65,69659
9036,0.007879,74.125.68.0-255,4320,69593,65,69659
9037,0.007888,172.31.40.0-255,66,69659,65,69659
9038,0.0,172.217.194.0-255,143,143,65,141000
9039,3.3e-05,172.31.40.0-255,66,209,65,141000
9040,4e-05,172.217.194.0-255,1484,1693,65,141000
9041,4.4e-05,172.31.40.0-255,66,1759,65,141000
9042,4.9e-05,172.217.194.0-255,2902,4661,65,141000
9043,5.1e-05,172.31.40.0-255,66,4727,65,141000
9044,6.7e-05,172.217.194.0-255,7156,11883,65,141000
9045,7e-05,172.31.40.0-255,66,11949,65,141000
9046,7.4e-05,172.217.194.0-255,2099,14048,65,141000
9047,7.7e-05,172.31.40.0-255,66,14114,65,141000
9048,0.00012,172.31.40.0-255,66,14180,65,141000
9049,0.000123,172.217.194.0-255,1484,15664,65,141000
9050,0.000125,172.31.40.0-255,66,15730,65,141000
9051,0.00017,172.31.40.0-255,66,15796,65,141000
9052,0.000175,172.217.194.0-255,1484,17280,65,141000
9053,0.000177,172.31.40.0-255,66,17346,65,141000
9054,0.000222,172.31.40.0-255,66,17412,65,141000
9055,0.00023,172.217.194.0-255,7156,24568,65,141000
9056,0.000233,172.31.40.0-255,66,24634,65,141000
9057,0.000262,172.217.194.0-255,2902,27536,65,141000
9058,0.000265,172.31.40.0-255,66,27602,65,141000
9059,0.000272,172.217.194.0-255,7088,34690,65,141000
9060,0.000274,172.31.40.0-255,66,34756,65,141000
9061,0.000312,172.217.194.0-255,103,34859,65,141000
9062,0.000316,172.31.40.0-255,66,34925,65,141000
9063,0.000351,172.217.194.0-255,1484,36409,65,141000
9064,0.000354,172.31.40.0-255,66,36475,65,141000
9065,0.000359,172.217.194.0-255,2902,39377,65,141000
9066,0.000361,172.31.40.0-255,66,39443,65,141000
9067,0.000389,172.217.194.0-255,5738,45181,65,141000
9068,0.000393,172.31.40.0-255,66,45247,65,141000
9069,0.000442,172.217.194.0-255,4320,49567,65,141000
9070,0.000445,172.31.40.0-255,66,49633,65,141000
9071,0.000474,172.217.194.0-255,2543,52176,65,141000
9072,0.000477,172.31.40.0-255,66,52242,65,141000
9073,0.000823,172.217.194.0-255,1484,53726,65,141000
9074,0.000839,172.217.194.0-255,2902,56628,65,141000
9075,0.000844,172.31.40.0-255,66,56694,65,141000
9076,0.000869,172.217.194.0-255,4320,61014,65,141000
9077,0.000873,172.31.40.0-255,66,61080,65,141000
9078,0.000899,172.217.194.0-255,1484,62564,65,141000
9079,0.000908,172.217.194.0-255,7090,69654,65,141000
9080,0.000911,172.31.40.0-255,66,69720,65,141000
9081,0.001235,172.217.194.0-255,1484,71204,65,141000
9082,0.001244,172.217.194.0-255,2902,74106,65,141000
9083,0.001248,172.31.40.0-255,66,74172,65,141000
9084,0.001279,172.217.194.0-255,5738,79910,65,141000
9085,0.001284,172.31.40.0-255,66,79976,65,141000
9086,0.001322,172.31.40.0-255,66,80042,65,141000
9087,0.001372,172.217.194.0-255,1484,81526,65,141000
9088,0.001399,172.31.40.0-255,66,81592,65,141000
9089,0.001425,172.217.194.0-255,1484,83076,65,141000
9090,0.001447,172.217.194.0-255,2902,85978,65,141000
9091,0.00145,172.31.40.0-255,66,86044,65,141000
9092,0.001456,172.217.194.0-255,2902,88946,65,141000
9093,0.001458,172.31.40.0-255,66,89012,65,141000
9094,0.001476,172.217.194.0-255,2902,91914,65,141000
9095,0.001479,172.31.40.0-255,66,91980,65,141000
9096,0.001514,172.31.40.0-255,66,92046,65,141000
9097,0.001519,172.217.194.0-255,2902,94948,65,141000
9098,0.001521,172.31.40.0-255,66,95014,65,141000
9099,0.001556,172.31.40.0-255,66,95080,65,141000
9100,0.001559,172.217.194.0-255,2184,97264,65,141000
9101,0.001561,172.31.40.0-255,66,97330,65,141000
9102,0.00198,172.217.194.0-255,1484,98814,65,141000
9103,0.001999,172.217.194.0-255,1484,100298,65,141000
9104,0.002003,172.31.40.0-255,66,100364,65,141000
9105,0.002015,172.217.194.0-255,1484,101848,65,141000
9106,0.002041,172.217.194.0-255,1484,103332,65,141000
9107,0.002043,172.31.40.0-255,66,103398,65,141000
9108,0.002049,172.217.194.0-255,5738,109136,65,141000
9109,0.002051,172.31.40.0-255,66,109202,65,141000
9110,0.00206,172.217.194.0-255,4320,113522,65,141000
9111,0.002062,172.31.40.0-255,66,113588,65,141000
9112,0.002103,172.31.40.0-255,66,113654,65,141000
9113,0.002106,172.217.194.0-255,1484,115138,65,141000
9114,0.002108,172.217.194.0-255,1484,116622,65,141000
9115,0.00211,172.31.40.0-255,66,116688,65,141000
9116,0.002146,172.217.194.0-255,6438,123126,65,141000
9117,0.002149,172.31.40.0-255,66,123192,65,141000
9118,0.004454,172.217.194.0-255,2902,126094,65,141000
9119,0.00446,172.31.40.0-255,66,126160,65,141000
9120,0.004485,172.217.194.0-255,2902,129062,65,141000
9121,0.004488,172.31.40.0-255,66,129128,65,141000
9122,0.006759,172.217.194.0-255,2902,132030,65,141000
9123,0.006765,172.31.40.0-255,66,132096,65,141000
9124,0.006799,172.217.194.0-255,2902,134998,65,141000
9125,0.006802,172.31.40.0-255,66,135064,65,141000
9126,0.009034,172.217.194.0-255,2902,137966,65,141000
9127,0.00904,172.31.40.0-255,66,138032,65,141000
9128,0.009087,172.217.194.0-255,2902,140934,65,141000
9129,0.00909,172.31.40.0-255,66,141000,65,141000
9130,0.0,74.125.24.0-255,156,156,65,198205
9131,1.6e-05,172.31.40.0-255,66,222,65,198205
9132,3.3e-05,74.125.24.0-255,1484,1706,65,198205
9133,3.7e-05,172.31.40.0-255,66,1772,65,198205
9134,4.3e-05,74.125.24.0-255,2902,4674,65,198205
9135,4.7e-05,172.31.40.0-255,66,4740,65,198205
9136,5.1e-05,74.125.24.0-255,2902,7642,65,198205
9137,5.3e-05,172.31.40.0-255,66,7708,65,198205
9138,7.3e-05,74.125.24.0-255,4320,12028,65,198205
9139,7.5e-05,172.31.40.0-255,66,12094,65,198205
9140,0.000104,74.125.24.0-255,3493,15587,65,198205
9141,0.000106,172.31.40.0-255,66,15653,65,198205
9142,0.000113,74.125.24.0-255,7156,22809,65,198205
9143,0.000115,172.31.40.0-255,66,22875,65,198205
9144,0.000136,74.125.24.0-255,1484,24359,65,198205
9145,0.000138,172.31.40.0-255,66,24425,65,198205
9146,0.000158,74.125.24.0-255,6797,31222,65,198205
9147,0.000161,172.31.40.0-255,66,31288,65,198205
9148,0.000339,74.125.24.0-255,1484,32772,65,198205
9149,0.000343,172.31.40.0-255,66,32838,65,198205
9150,0.00036,74.125.24.0-255,2902,35740,65,198205
9151,0.000365,74.125.24.0-255,5738,41478,65,198205
9152,0.000368,172.31.40.0-255,66,41544,65,198205
9153,0.000372,172.31.40.0-255,66,41610,65,198205
9154,0.000383,74.125.24.0-255,1484,43094,65,198205
9155,0.000385,172.31.40.0-255,66,43160,65,198205
9156,0.000405,74.125.24.0-255,5379,48539,65,198205
9157,0.000408,172.31.40.0-255,66,48605,65,198205
9158,0.000414,74.125.24.0-255,7156,55761,65,198205
9159,0.000416,172.31.40.0-255,66,55827,65,198205
9160,0.000434,74.125.24.0-255,4320,60147,65,198205
9161,0.000437,172.31.40.0-255,66,60213,65,198205
9162,0.00046,74.125.24.0-255,4320,64533,65,198205
9163,0.000462,172.31.40.0-255,66,64599,65,198205
9164,0.000482,74.125.24.0-255,1399,65998,65,198205
9165,0.000829,74.125.24.0-255,127,66125,65,198205
9166,0.000941,172.31.40.0-255,66,66191,65,198205
9167,0.001252,74.125.24.0-255,1484,67675,65,198205
9168,0.001262,74.125.24.0-255,2902,70577,65,198205
9169,0.001266,172.31.40.0-255,66,70643,65,198205
9170,0.001275,74.125.24.0-255,5738,76381,65,198205
9171,0.001277,172.31.40.0-255,66,76447,65,198205
9172,0.001288,172.31.40.0-255,66,76513,65,198205
9173,0.001323,74.125.24.0-255,4320,80833,65,198205
9174,0.001326,172.31.40.0-255,66,80899,65,198205
9175,0.001338,172.31.40.0-255,66,80965,65,198205
9176,0.00134,74.125.24.0-255,766,81731,65,198205
9177,0.001553,74.125.24.0-255,1484,83215,65,198205
9178,0.001558,172.31.40.0-255,66,83281,65,198205
9179,0.001565,74.125.24.0-255,2902,86183,65,198205
9180,0.001567,172.31.40.0-255,66,86249,65,198205
9181,0.001571,74.125.24.0-255,1484,87733,65,198205
9182,0.001592,74.125.24.0-255,4320,92053,65,198205
9183,0.001595,172.31.40.0-255,66,92119,65,198205
9184,0.001598,74.125.24.0-255,1484,93603,65,198205
9185,0.001628,172.31.40.0-255,66,93669,65,198205
9186,0.001635,74.125.24.0-255,5738,99407,65,198205
9187,0.001638,172.31.40.0-255,66,99473,65,198205
9188,0.001668,74.125.24.0-255,6438,105911,65,198205
9189,0.001672,172.31.40.0-255,66,105977,65,198205
9190,0.001676,74.125.24.0-255,2902,108879,65,198205
9191,0.001678,172.31.40.0-255,66,108945,65,198205
9192,0.001719,172.31.40.0-255,66,109011,65,198205
9193,0.00173,172.31.40.0-255,66,109077,65,198205
9194,0.001794,172.31.40.0-255,66,109143,65,198205
9195,0.001851,74.125.24.0-255,1484,110627,65,198205
9196,0.001866,74.125.24.0-255,2902,113529,65,198205
9197,0.001869,172.31.40.0-255,66,113595,65,198205
9198,0.001876,74.125.24.0-255,5738,119333,65,198205
9199,0.001879,172.31.40.0-255,66,119399,65,198205
9200,0.001902,74.125.24.0-255,1484,120883,65,198205
9201,0.001925,172.31.40.0-255,66,120949,65,198205
9202,0.001939,74.125.24.0-255,1484,122433,65,198205
9203,0.001964,74.125.24.0-255,4320,126753,65,198205
9204,0.001967,172.31.40.0-255,66,126819,65,198205
9205,0.001994,74.125.24.0-255,6438,133257,65,198205
9206,0.001997,172.31.40.0-255,66,133323,65,198205
9207,0.002025,74.125.24.0-255,1484,134807,65,198205
9208,0.00203,74.125.24.0-255,2902,137709,65,198205
9209,0.002033,172.31.40.0-255,66,137775,65,198205
9210,0.002038,74.125.24.0-255,2902,140677,65,198205
9211,0.002041,172.31.40.0-255,66,140743,65,198205
9212,0.002059,74.125.24.0-255,2902,143645,65,198205
9213,0.002062,172.31.40.0-255,66,143711,65,198205
9214,0.00207,74.125.24.0-255,7156,150867,65,198205
9215,0.002072,172.31.40.0-255,66,150933,65,198205
9216,0.002114,172.31.40.0-255,66,150999,65,198205
9217,0.002121,74.125.24.0-255,5020,156019,65,198205
9218,0.002123,172.31.40.0-255,66,156085,65,198205
9219,0.002127,74.125.24.0-255,2902,158987,65,198205
9220,0.00213,172.31.40.0-255,66,159053,65,198205
9221,0.002154,74.125.24.0-255,2902,161955,65,198205
9222,0.002157,172.31.40.0-255,66,162021,65,198205
9223,0.002175,172.31.40.0-255,66,162087,65,198205
9224,0.002188,172.31.40.0-255,66,162153,65,198205
9225,0.00219,74.125.24.0-255,766,162919,65,198205
9226,0.002211,74.125.24.0-255,1484,164403,65,198205
9227,0.002214,172.31.40.0-255,66,164469,65,198205
9228,0.002236,74.125.24.0-255,4320,168789,65,198205
9229,0.002239,172.31.40.0-255,66,168855,65,198205
9230,0.002242,74.125.24.0-255,1484,170339,65,198205
9231,0.00227,172.31.40.0-255,66,170405,65,198205
9232,0.002277,74.125.24.0-255,5738,176143,65,198205
9233,0.002279,172.31.40.0-255,66,176209,65,198205
9234,0.002304,74.125.24.0-255,2902,179111,65,198205
9235,0.002307,172.31.40.0-255,66,179177,65,198205
9236,0.00231,74.125.24.0-255,1484,180661,65,198205
9237,0.002342,172.31.40.0-255,66,180727,65,198205
9238,0.004732,74.125.24.0-255,5738,186465,65,198205
9239,0.004736,172.31.40.0-255,66,186531,65,198205
9240,0.007148,74.125.24.0-255,5738,192269,65,198205
9241,0.007157,172.31.40.0-255,66,192335,65,198205
9242,0.009571,74.125.24.0-255,1484,193819,65,198205
9243,0.009592,74.125.24.0-255,4320,198139,65,198205
9244,0.009596,172.31.40.0-255,66,198205,65,198205
9245,0.0,74.125.200.0-255,150,150,65,317910
9246,2.2e-05,172.31.40.0-255,66,216,65,317910
9247,2.9e-05,74.125.200.0-255,1484,1700,65,317910
9248,3.4e-05,172.31.40.0-255,66,1766,65,317910
9249,3.9e-05,74.125.200.0-255,2902,4668,65,317910
9250,4.3e-05,172.31.40.0-255,66,4734,65,317910
9251,4.7e-05,74.125.200.0-255,2902,7636,65,317910
9252,5e-05,172.31.40.0-255,66,7702,65,317910
9253,7.6e-05,74.125.200.0-255,4320,12022,65,317910
9254,7.8e-05,172.31.40.0-255,66,12088,65,317910
9255,8.3e-05,74.125.200.0-255,2092,14180,65,317910
9256,8.6e-05,172.31.40.0-255,66,14246,65,317910
9257,8.9e-05,74.125.200.0-255,1484,15730,65,317910
9258,9.1e-05,172.31.40.0-255,66,15796,65,317910
9259,0.000103,74.125.200.0-255,1484,17280,65,317910
9260,0.000105,172.31.40.0-255,66,17346,65,317910
9261,0.000111,74.125.200.0-255,4320,21666,65,317910
9262,0.000114,172.31.40.0-255,66,21732,65,317910
9263,0.000139,74.125.200.0-255,5738,27470,65,317910
9264,0.000141,172.31.40.0-255,66,27536,65,317910
9265,0.000167,74.125.200.0-255,1484,29020,65,317910
9266,0.00017,172.31.40.0-255,66,29086,65,317910
9267,0.000191,74.125.200.0-255,2543,31629,65,317910
9268,0.000193,172.31.40.0-255,66,31695,65,317910
9269,0.000225,74.125.200.0-255,1484,33179,65,317910
9270,0.000228,172.31.40.0-255,66,33245,65,317910
9271,0.000239,74.125.200.0-255,1484,34729,65,317910
9272,0.000241,172.31.40.0-255,66,34795,65,317910
9273,0.000266,74.125.200.0-255,1484,36279,65,317910
9274,0.000268,172.31.40.0-255,66,36345,65,317910
9275,0.000275,74.125.200.0-255,5738,42083,65,317910
9276,0.000277,172.31.40.0-255,66,42149,65,317910
9277,0.000284,74.125.200.0-255,5738,47887,65,317910
9278,0.000286,172.31.40.0-255,66,47953,65,317910
9279,0.000307,74.125.200.0-255,1484,49437,65,317910
9280,0.000323,74.125.200.0-255,4320,53757,65,317910
9281,0.000326,172.31.40.0-255,66,53823,65,317910
9282,0.000355,172.31.40.0-255,66,53889,65,317910
9283,0.00036,74.125.200.0-255,2795,56684,65,317910
9284,0.000362,172.31.40.0-255,66,56750,65,317910
9285,0.000537,74.125.200.0-255,1484,58234,65,317910
9286,0.000551,74.125.200.0-255,2902,61136,65,317910
9287,0.000555,172.31.40.0-255,66,61202,65,317910
9288,0.00058,74.125.200.0-255,5738,66940,65,317910
9289,0.000583,172.31.40.0-255,66,67006,65,317910
9290,0.000587,74.125.200.0-255,2902,69908,65,317910
9291,0.000589,172.31.40.0-255,66,69974,65,317910
9292,0.000618,74.125.200.0-255,4320,74294,65,317910
9293,0.000626,74.125.200.0-255,7156,81450,65,317910
9294,0.00063,172.31.40.0-255,66,81516,65,317910
9295,0.000637,172.31.40.0-255,66,81582,65,317910
9296,0.000649,172.31.40.0-255,66,81648,65,317910
9297,0.000681,74.125.200.0-255,4320,85968,65,317910
9298,0.000684,172.31.40.0-255,66,86034,65,317910
9299,0.000706,74.125.200.0-255,3053,89087,65,317910
9300,0.000709,172.31.40.0-255,66,89153,65,317910
9301,0.000715,74.125.200.0-255,4320,93473,65,317910
9302,0.000717,172.31.40.0-255,66,93539,65,317910
9303,0.000743,74.125.200.0-255,4320,97859,65,317910
9304,0.000747,172.31.40.0-255,66,97925,65,317910
9305,0.00075,74.125.200.0-255,1111,99036,65,317910
9306,0.0008,74.125.200.0-255,1484,100520,65,317910
9307,0.000803,172.31.40.0-255,66,100586,65,317910
9308,0.00081,74.125.200.0-255,4320,104906,65,317910
9309,0.000812,172.31.40.0-255,66,104972,65,317910
9310,0.000816,74.125.200.0-255,2902,107874,65,317910
9311,0.000819,172.31.40.0-255,66,107940,65,317910
9312,0.000822,74.125.200.0-255,1484,109424,65,317910
9313,0.00084,74.125.200.0-255,2902,112326,65,317910
9314,0.000842,172.31.40.0-255,66,112392,65,317910
9315,0.000845,74.125.200.0-255,1484,113876,65,317910
9316,0.000861,74.125.200.0-255,5738,119614,65,317910
9317,0.000864,172.31.40.0-255,66,119680,65,317910
9318,0.000881,74.125.200.0-255,1484,121164,65,317910
9319,0.000888,74.125.200.0-255,5738,126902,65,317910
9320,0.00089,172.31.40.0-255,66,126968,65,317910
9321,0.000897,74.125.200.0-255,6438,133406,65,317910
9322,0.000917,172.31.40.0-255,66,133472,65,317910
9323,0.001023,74.125.200.0-255,1484,134956,65,317910
9324,0.001042,74.125.200.0-255,2902,137858,65,317910
9325,0.001046,172.31.40.0-255,66,137924,65,317910
9326,0.001053,74.125.200.0-255,5738,143662,65,317910
9327,0.001055,172.31.40.0-255,66,143728,65,317910
9328,0.001093,74.125.200.0-255,1484,145212,65,317910
9329,0.001116,172.31.40.0-255,66,145278,65,317910
9330,0.00113,74.125.200.0-255,5020,150298,65,317910
9331,0.00115,172.31.40.0-255,66,150364,65,317910
9332,0.001207,74.125.200.0-255,1484,151848,65,317910
9333,0.00123,74.125.200.0-255,1484,153332,65,317910
9334,0.001241,172.31.40.0-255,66,153398,65,317910
9335,0.001255,74.125.200.0-255,2902,156300,65,317910
9336,0.001275,172.31.40.0-255,66,156366,65,317910
9337,0.001281,74.125.200.0-255,4320,160686,65,317910
9338,0.001284,74.125.200.0-255,1484,162170,65,317910
9339,0.001296,74.125.200.0-255,4320,166490,65,317910
9340,0.001299,172.31.40.0-255,66,166556,65,317910
9341,0.00133,172.31.40.0-255,66,166622,65,317910
9342,0.001383,172.31.40.0-255,66,166688,65,317910
9343,0.001404,74.125.200.0-255,6438,173126,65,317910
9344,0.001427,172.31.40.0-255,66,173192,65,317910
9345,0.001506,74.125.200.0-255,1484,174676,65,317910
9346,0.001536,74.125.200.0-255,1484,176160,65,317910
9347,0.001539,172.31.40.0-255,66,176226,65,317910
9348,0.001573,74.125.200.0-255,1484,177710,65,317910
9349,0.001609,74.125.200.0-255,2902,180612,65,317910
9350,0.001622,74.125.200.0-255,2902,183514,65,317910
9351,0.001625,172.31.40.0-255,66,183580,65,317910
9352,0.001634,172.31.40.0-255,66,183646,65,317910
9353,0.001638,74.125.200.0-255,2902,186548,65,317910
9354,0.001645,74.125.200.0-255,7156,193704,65,317910
9355,0.001667,172.31.40.0-255,66,193770,65,317910
9356,0.001681,74.125.200.0-255,1484,195254,65,317910
9357,0.001732,172.31.40.0-255,66,195320,65,317910
9358,0.001798,74.125.200.0-255,1484,196804,65,317910
9359,0.001804,74.125.200.0-255,2902,199706,65,317910
9360,0.001811,172.31.40.0-255,66,199772,65,317910
9361,0.001821,74.125.200.0-255,2902,202674,65,317910
9362,0.001826,172.31.40.0-255,66,202740,65,317910
9363,0.001838,74.125.200.0-255,2902,205642,65,317910
9364,0.001855,172.31.40.0-255,66,205708,65,317910
9365,0.001873,74.125.200.0-255,7156,212864,65,317910
9366,0.001878,74.125.200.0-255,2902,215766,65,317910
9367,0.001894,74.125.200.0-255,4320,220086,65,317910
9368,0.001897,74.125.200.0-255,1484,221570,65,317910
9369,0.001904,172.31.40.0-255,66,221636,65,317910
9370,0.001923,74.125.200.0-255,7156,228792,65,317910
9371,0.001926,74.125.200.0-255,766,229558,65,317910
9372,0.001948,172.31.40.0-255,66,229624,65,317910
9373,0.002003,74.125.200.0-255,1484,231108,65,317910
9374,0.002007,74.125.200.0-255,1484,232592,65,317910
9375,0.002018,172.31.40.0-255,66,232658,65,317910
9376,0.002027,74.125.200.0-255,1484,234142,65,317910
9377,0.002032,74.125.200.0-255,4320,238462,65,317910
9378,0.002038,172.31.40.0-255,66,238528,65,317910
9379,0.002061,74.125.200.0-255,5738,244266,65,317910
9380,0.002064,74.125.200.0-255,1484,245750,65,317910
9381,0.00207,172.31.40.0-255,66,245816,65,317910
9382,0.002088,74.125.200.0-255,2902,248718,65,317910
9383,0.002094,172.31.40.0-255,66,248784,65,317910
9384,0.002104,74.125.200.0-255,1484,250268,65,317910
9385,0.002133,74.125.200.0-255,2902,253170,65,317910
9386,0.002147,172.31.40.0-255,66,253236,65,317910
9387,0.002151,74.125.200.0-255,2184,255420,65,317910
9388,0.002158,74.125.200.0-255,5738,261158,65,317910
9389,0.002164,172.31.40.0-255,66,261224,65,317910
9390,0.002183,74.125.200.0-255,4320,265544,65,317910
9391,0.002203,74.125.200.0-255,7156,272700,65,317910
9392,0.002206,74.125.200.0-255,1484,274184,65,317910
9393,0.002213,172.31.40.0-255,66,274250,65,317910
9394,0.002244,74.125.200.0-255,1484,275734,65,317910
9395,0.002249,74.125.200.0-255,3602,279336,65,317910
9396,0.002254,74.125.200.0-255,4320,283656,65,317910
9397,0.002262,172.31.40.0-255,66,283722,65,317910
9398,0.002273,74.125.200.0-255,5738,289460,65,317910
9399,0.002278,172.31.40.0-255,66,289526,65,317910
9400,0.002291,74.125.200.0-255,4320,293846,65,317910
9401,0.002307,74.125.200.0-255,1484,295330,65,317910
9402,0.002311,172.31.40.0-255,66,295396,65,317910
9403,0.002336,74.125.200.0-255,2902,298298,65,317910
9404,0.002359,74.125.200.0-255,3602,301900,65,317910
9405,0.002361,172.31.40.0-255,66,301966,65,317910
9406,0.002366,172.31.40.0-255,66,302032,65,317910
9407,0.002392,74.125.200.0-255,7156,309188,65,317910
9408,0.0024,74.125.200.0-255,7156,316344,65,317910
9409,0.002403,74.125.200.0-255,1332,317676,65,317910
9410,0.002441,172.31.40.0-255,66,317742,65,317910
9411,0.0048,74.125.200.0-255,168,317910,65,317910
9412,0.0,74.125.24.0-255,146,146,65,219303
9413,2.3e-05,172.31.40.0-255,66,212,65,219303
9414,3e-05,74.125.24.0-255,1484,1696,65,219303
9415,3.5e-05,172.31.40.0-255,66,1762,65,219303
9416,4.1e-05,74.125.24.0-255,2902,4664,65,219303
9417,4.3e-05,172.31.40.0-255,66,4730,65,219303
9418,4.9e-05,74.125.24.0-255,4320,9050,65,219303
9419,5.3e-05,172.31.40.0-255,66,9116,65,219303
9420,8.8e-05,74.125.24.0-255,4938,14054,65,219303
9421,9.2e-05,172.31.40.0-255,66,14120,65,219303
9422,9.7e-05,74.125.24.0-255,2902,17022,65,219303
9423,9.9e-05,172.31.40.0-255,66,17088,65,219303
9424,0.000113,74.125.24.0-255,2902,19990,65,219303
9425,0.000116,172.31.40.0-255,66,20056,65,219303
9426,0.000142,74.125.24.0-255,2902,22958,65,219303
9427,0.000144,172.31.40.0-255,66,23024,65,219303
9428,0.000169,172.31.40.0-255,66,23090,65,219303
9429,0.000188,74.125.24.0-255,1484,24574,65,219303
9430,0.00019,172.31.40.0-255,66,24640,65,219303
9431,0.000195,74.125.24.0-255,2902,27542,65,219303
9432,0.000197,172.31.40.0-255,66,27608,65,219303
9433,0.0002,74.125.24.0-255,1484,29092,65,219303
9434,0.000202,172.31.40.0-255,66,29158,65,219303
9435,0.000218,74.125.24.0-255,4320,33478,65,219303
9436,0.000221,172.31.40.0-255,66,33544,65,219303
9437,0.000266,74.125.24.0-255,6797,40341,65,219303
9438,0.000269,172.31.40.0-255,66,40407,65,219303
9439,0.000285,74.125.24.0-255,1484,41891,65,219303
9440,0.000288,172.31.40.0-255,66,41957,65,219303
9441,0.000306,74.125.24.0-255,4320,46277,65,219303
9442,0.000309,172.31.40.0-255,66,46343,65,219303
9443,0.000316,74.125.24.0-255,7156,53499,65,219303
9444,0.000318,172.31.40.0-255,66,53565,65,219303
9445,0.000361,74.125.24.0-255,4289,57854,65,219303
9446,0.000363,172.31.40.0-255,66,57920,65,219303
9447,0.000695,74.125.24.0-255,350,58270,65,219303
9448,0.000727,74.125.24.0-255,1484,59754,65,219303
9449,0.000733,172.31.40.0-255,66,59820,65,219303
9450,0.00074,74.125.24.0-255,4320,64140,65,219303
9451,0.000743,172.31.40.0-255,66,64206,65,219303
9452,0.000766,74.125.24.0-255,4320,68526,65,219303
9453,0.000769,172.31.40.0-255,66,68592,65,219303
9454,0.000791,74.125.24.0-255,2902,71494,65,219303
9455,0.000793,172.31.40.0-255,66,71560,65,219303
9456,0.000809,172.31.40.0-255,66,71626,65,219303
9457,0.000815,74.125.24.0-255,5020,76646,65,219303
9458,0.000818,172.31.40.0-255,66,76712,65,219303
9459,0.000865,74.125.24.0-255,1484,78196,65,219303
9460,0.000869,74.125.24.0-255,2902,81098,65,219303
9461,0.000872,172.31.40.0-255,66,81164,65,219303
9462,0.000886,74.125.24.0-255,4320,85484,65,219303
9463,0.000889,172.31.40.0-255,66,85550,65,219303
9464,0.000919,74.125.24.0-255,1484,87034,65,219303
9465,0.000928,74.125.24.0-255,6247,93281,65,219303
9466,0.000931,172.31.40.0-255,66,93347,65,219303
9467,0.000974,74.125.24.0-255,1484,94831,65,219303
9468,0.000979,74.125.24.0-255,2902,97733,65,219303
9469,0.000982,172.31.40.0-255,66,97799,65,219303
9470,0.000988,74.125.24.0-255,4320,102119,65,219303
9471,0.00099,172.31.40.0-255,66,102185,65,219303
9472,0.001022,74.125.24.0-255,1484,103669,65,219303
9473,0.001033,172.31.40.0-255,66,103735,65,219303
9474,0.001067,74.125.24.0-255,5738,109473,65,219303
9475,0.00107,172.31.40.0-255,66,109539,65,219303
9476,0.001115,172.31.40.0-255,66,109605,65,219303
9477,0.001577,74.125.24.0-255,1484,111089,65,219303
9478,0.001583,74.125.24.0-255,2902,113991,65,219303
9479,0.001587,172.31.40.0-255,66,114057,65,219303
9480,0.001593,74.125.24.0-255,4320,118377,65,219303
9481,0.001595,172.31.40.0-255,66,118443,65,219303
9482,0.001607,74.125.24.0-255,1484,119927,65,219303
9483,0.001615,74.125.24.0-255,7156,127083,65,219303
9484,0.001617,172.31.40.0-255,66,127149,65,219303
9485,0.001634,74.125.24.0-255,2902,130051,65,219303
9486,0.001638,172.31.40.0-255,66,130117,65,219303
9487,0.001677,74.125.24.0-255,7156,137273,65,219303
9488,0.00168,172.31.40.0-255,66,137339,65,219303
9489,0.001702,74.125.24.0-255,6438,143777,65,219303
9490,0.001705,172.31.40.0-255,66,143843,65,219303
9491,0.001718,74.125.24.0-255,1484,145327,65,219303
9492,0.001737,74.125.24.0-255,2902,148229,65,219303
9493,0.001741,172.31.40.0-255,66,148295,65,219303
9494,0.001748,74.125.24.0-255,5738,154033,65,219303
9495,0.00175,172.31.40.0-255,66,154099,65,219303
9496,0.001795,172.31.40.0-255,66,154165,65,219303
9497,0.001809,74.125.24.0-255,2184,156349,65,219303
9498,0.001824,172.31.40.0-255,66,156415,65,219303
9499,0.00195,74.125.24.0-255,1484,157899,65,219303
9500,0.001954,74.125.24.0-255,1484,159383,65,219303
9501,0.001957,172.31.40.0-255,66,159449,65,219303
9502,0.001975,74.125.24.0-255,1484,160933,65,219303
9503,0.001982,74.125.24.0-255,5738,166671,65,219303
9504,0.001996,172.31.40.0-255,66,166737,65,219303
9505,0.002043,172.31.40.0-255,66,166803,65,219303
9506,0.002068,74.125.24.0-255,2902,169705,65,219303
9507,0.002073,74.125.24.0-255,4320,174025,65,219303
9508,0.002083,172.31.40.0-255,66,174091,65,219303
9509,0.002106,172.31.40.0-255,66,174157,65,219303
9510,0.002122,74.125.24.0-255,5738,179895,65,219303
9511,0.002133,172.31.40.0-255,66,179961,65,219303
9512,0.002246,74.125.24.0-255,1484,181445,65,219303
9513,0.002252,74.125.24.0-255,2902,184347,65,219303
9514,0.002257,74.125.24.0-255,5738,190085,65,219303
9515,0.00226,74.125.24.0-255,1484,191569,65,219303
9516,0.002268,172.31.40.0-255,66,191635,65,219303
9517,0.002306,172.31.40.0-255,66,191701,65,219303
9518,0.002322,74.125.24.0-255,4320,196021,65,219303
9519,0.002352,172.31.40.0-255,66,196087,65,219303
9520,0.002395,74.125.24.0-255,5738,201825,65,219303
9521,0.002401,172.31.40.0-255,66,201891,65,219303
9522,0.004799,74.125.24.0-255,5738,207629,65,219303
9523,0.004806,172.31.40.0-255,66,207695,65,219303
9524,0.007224,74.125.24.0-255,5738,213433,65,219303
9525,0.007239,172.31.40.0-255,66,213499,65,219303
9526,0.009606,74.125.24.0-255,5738,219237,65,219303
9527,0.009621,172.31.40.0-255,66,219303,65,219303
9528,0.0,74.125.24.0-255,150,150,65,175489
9529,2.2e-05,172.31.40.0-255,66,216,65,175489
9530,3e-05,74.125.24.0-255,1484,1700,65,175489
9531,3.4e-05,172.31.40.0-255,66,1766,65,175489
9532,4e-05,74.125.24.0-255,2902,4668,65,175489
9533,5.3e-05,172.31.40.0-255,66,4734,65,175489
9534,5.9e-05,74.125.24.0-255,4320,9054,65,175489
9535,6.2e-05,172.31.40.0-255,66,9120,65,175489
9536,9.3e-05,74.125.24.0-255,4892,14012,65,175489
9537,9.6e-05,172.31.40.0-255,66,14078,65,175489
9538,0.000102,74.125.24.0-255,5738,19816,65,175489
9539,0.000104,172.31.40.0-255,66,19882,65,175489
9540,0.00016,172.31.40.0-255,66,19948,65,175489
9541,0.000217,74.125.24.0-255,1484,21432,65,175489
9542,0.00022,172.31.40.0-255,66,21498,65,175489
9543,0.000249,74.125.24.0-255,2902,24400,65,175489
9544,0.000251,172.31.40.0-255,66,24466,65,175489
9545,0.000257,74.125.24.0-255,5738,30204,65,175489
9546,0.000259,172.31.40.0-255,66,30270,65,175489
9547,0.000283,74.125.24.0-255,5738,36008,65,175489
9548,0.000285,172.31.40.0-255,66,36074,65,175489
9549,0.000327,74.125.24.0-255,6797,42871,65,175489
9550,0.00033,172.31.40.0-255,66,42937,65,175489
9551,0.000334,74.125.24.0-255,2902,45839,65,175489
9552,0.000336,172.31.40.0-255,66,45905,65,175489
9553,0.000377,172.31.40.0-255,66,45971,65,175489
9554,0.000851,74.125.24.0-255,330,46301,65,175489
9555,0.000853,172.31.40.0-255,66,46367,65,175489
9556,0.000963,74.125.24.0-255,1484,47851,65,175489
9557,0.000966,172.31.40.0-255,66,47917,65,175489
9558,0.00097,74.125.24.0-255,2902,50819,65,175489
9559,0.000973,172.31.40.0-255,66,50885,65,175489
9560,0.001003,74.125.24.0-255,5738,56623,65,175489
9561,0.001005,172.31.40.0-255,66,56689,65,175489
9562,0.001011,74.125.24.0-255,4320,61009,65,175489
9563,0.001013,172.31.40.0-255,66,61075,65,175489
9564,0.001042,74.125.24.0-255,5738,66813,65,175489
9565,0.001045,172.31.40.0-255,66,66879,65,175489
9566,0.001057,74.125.24.0-255,4320,71199,65,175489
9567,0.001059,172.31.40.0-255,66,71265,65,175489
9568,0.001092,172.31.40.0-255,66,71331,65,175489
9569,0.001183,74.125.24.0-255,1484,72815,65,175489
9570,0.001198,74.125.24.0-255,2902,75717,65,175489
9571,0.0012,172.31.40.0-255,66,75783,65,175489
9572,0.001234,74.125.24.0-255,2902,78685,65,175489
9573,0.001236,172.31.40.0-255,66,78751,65,175489
9574,0.001264,74.125.24.0-255,2902,81653,65,175489
9575,0.001266,172.31.40.0-255,66,81719,65,175489
9576,0.001282,172.31.40.0-255,66,81785,65,175489
9577,0.001293,172.31.40.0-255,66,81851,65,175489
9578,0.001342,74.125.24.0-255,1484,83335,65,175489
9579,0.001346,74.125.24.0-255,1484,84819,65,175489
9580,0.001348,172.31.40.0-255,66,84885,65,175489
9581,0.001377,74.125.24.0-255,1484,86369,65,175489
9582,0.001382,74.125.24.0-255,5738,92107,65,175489
9583,0.001385,172.31.40.0-255,66,92173,65,175489
9584,0.001388,74.125.24.0-255,1484,93657,65,175489
9585,0.001407,74.125.24.0-255,5738,99395,65,175489
9586,0.00141,172.31.40.0-255,66,99461,65,175489
9587,0.001449,74.125.24.0-255,5738,105199,65,175489
9588,0.001451,172.31.40.0-255,66,105265,65,175489
9589,0.001462,172.31.40.0-255,66,105331,65,175489
9590,0.001464,74.125.24.0-255,1484,106815,65,175489
9591,0.001468,74.125.24.0-255,2902,109717,65,175489
9592,0.00147,172.31.40.0-255,66,109783,65,175489
9593,0.001475,74.125.24.0-255,5738,115521,65,175489
9594,0.001479,172.31.40.0-255,66,115587,65,175489
9595,0.001509,172.31.40.0-255,66,115653,65,175489
9596,0.001538,74.125.24.0-255,1484,117137,65,175489
9597,0.001549,172.31.40.0-255,66,117203,65,175489
9598,0.001551,74.125.24.0-255,1484,118687,65,175489
9599,0.001601,74.125.24.0-255,7156,125843,65,175489
9600,0.001613,74.125.24.0-255,5020,130863,65,175489
9601,0.00192,172.31.40.0-255,66,130929,65,175489
9602,0.0023,74.125.24.0-255,1484,132413,65,175489
9603,0.002306,74.125.24.0-255,1484,133897,65,175489
9604,0.002309,172.31.40.0-255,66,133963,65,175489
9605,0.002337,74.125.24.0-255,1484,135447,65,175489
9606,0.002343,74.125.24.0-255,5738,141185,65,175489
9607,0.002347,74.125.24.0-255,2902,144087,65,175489
9608,0.002358,172.31.40.0-255,66,144153,65,175489
9609,0.002398,74.125.24.0-255,766,144919,65,175489
9610,0.002415,172.31.40.0-255,66,144985,65,175489
9611,0.002422,74.125.24.0-255,1484,146469,65,175489
9612,0.002457,74.125.24.0-255,4320,150789,65,175489
9613,0.002464,74.125.24.0-255,7156,157945,65,175489
9614,0.002482,172.31.40.0-255,66,158011,65,175489
9615,0.004924,74.125.24.0-255,5738,163749,65,175489
9616,0.004931,172.31.40.0-255,66,163815,65,175489
9617,0.007425,74.125.24.0-255,5738,169553,65,175489
9618,0.00743,172.31.40.0-255,66,169619,65,175489
9619,0.009869,74.125.24.0-255,1484,171103,65,175489
9620,0.009887,74.125.24.0-255,4320,175423,65,175489
9621,0.009889,172.31.40.0-255,66,175489,65,175489
9622,0.0,74.125.130.0-255,152,152,65,173809
9623,1.6e-05,172.31.40.0-255,66,218,65,173809
9624,2.3e-05,74.125.130.0-255,1484,1702,65,173809
9625,2.7e-05,172.31.40.0-255,66,1768,65,173809
9626,3.3e-05,74.125.130.0-255,2902,4670,65,173809
9627,3.7e-05,172.31.40.0-255,66,4736,65,173809
9628,4.3e-05,74.125.130.0-255,5738,10474,65,173809
9629,4.7e-05,172.31.40.0-255,66,10540,65,173809
9630,6.1e-05,172.31.40.0-255,66,10606,65,173809
9631,8.5e-05,74.125.130.0-255,2064,12670,65,173809
9632,8.8e-05,172.31.40.0-255,66,12736,65,173809
9633,9.6e-05,74.125.130.0-255,6797,19533,65,173809
9634,9.8e-05,172.31.40.0-255,66,19599,65,173809
9635,0.000219,74.125.130.0-255,1484,21083,65,173809
9636,0.000223,172.31.40.0-255,66,21149,65,173809
9637,0.000243,74.125.130.0-255,1484,22633,65,173809
9638,0.000245,172.31.40.0-255,66,22699,65,173809
9639,0.000275,74.125.130.0-255,1484,24183,65,173809
9640,0.000277,172.31.40.0-255,66,24249,65,173809
9641,0.000284,74.125.130.0-255,5738,29987,65,173809
9642,0.000287,172.31.40.0-255,66,30053,65,173809
9643,0.000291,74.125.130.0-255,2902,32955,65,173809
9644,0.000293,172.31.40.0-255,66,33021,65,173809
9645,0.000298,74.125.130.0-255,3961,36982,65,173809
9646,0.0003,172.31.40.0-255,66,37048,65,173809
9647,0.000346,172.31.40.0-255,66,37114,65,173809
9648,0.000374,172.31.40.0-255,66,37180,65,173809
9649,0.000396,74.125.130.0-255,366,37546,65,173809
9650,0.000398,172.31.40.0-255,66,37612,65,173809
9651,0.000587,74.125.130.0-255,1484,39096,65,173809
9652,0.000595,74.125.130.0-255,2902,41998,65,173809
9653,0.000614,172.31.40.0-255,66,42064,65,173809
9654,0.000621,74.125.130.0-255,5738,47802,65,173809
9655,0.000623,74.125.130.0-255,1484,49286,65,173809
9656,0.000629,172.31.40.0-255,66,49352,65,173809
9657,0.000643,74.125.130.0-255,5738,55090,65,173809
9658,0.000667,74.125.130.0-255,4320,59410,65,173809
9659,0.000678,172.31.40.0-255,66,59476,65,173809
9660,0.000692,74.125.130.0-255,2184,61660,65,173809
9661,0.000698,172.31.40.0-255,66,61726,65,173809
9662,0.000938,74.125.130.0-255,1484,63210,65,173809
9663,0.000943,74.125.130.0-255,1484,64694,65,173809
9664,0.000955,74.125.130.0-255,1484,66178,65,173809
9665,0.00096,74.125.130.0-255,4320,70498,65,173809
9666,0.00098,172.31.40.0-255,66,70564,65,173809
9667,0.001022,74.125.130.0-255,5738,76302,65,173809
9668,0.001045,74.125.130.0-255,1484,77786,65,173809
9669,0.001055,172.31.40.0-255,66,77852,65,173809
9670,0.001106,74.125.130.0-255,7156,85008,65,173809
9671,0.001109,172.31.40.0-255,66,85074,65,173809
9672,0.001115,172.31.40.0-255,66,85140,65,173809
9673,0.001148,172.31.40.0-255,66,85206,65,173809
9674,0.001225,74.125.130.0-255,1484,86690,65,173809
9675,0.001229,74.125.130.0-255,1484,88174,65,173809
9676,0.001242,74.125.130.0-255,1484,89658,65,173809
9677,0.001247,74.125.130.0-255,4320,93978,65,173809
9678,0.001253,172.31.40.0-255,66,94044,65,173809
9679,0.001265,74.125.130.0-255,5738,99782,65,173809
9680,0.001289,74.125.130.0-255,4320,104102,65,173809
9681,0.0013,74.125.130.0-255,4320,108422,65,173809
9682,0.001312,74.125.130.0-255,2902,111324,65,173809
9683,0.001325,172.31.40.0-255,66,111390,65,173809
9684,0.001497,74.125.130.0-255,1484,112874,65,173809
9685,0.001503,74.125.130.0-255,2902,115776,65,173809
9686,0.001508,172.31.40.0-255,66,115842,65,173809
9687,0.00152,74.125.130.0-255,5738,121580,65,173809
9688,0.001533,74.125.130.0-255,1484,123064,65,173809
9689,0.001561,74.125.130.0-255,2902,125966,65,173809
9690,0.001565,74.125.130.0-255,2902,128868,65,173809
9691,0.001572,172.31.40.0-255,66,128934,65,173809
9692,0.00168,172.31.40.0-255,66,129000,65,173809
9693,0.001715,74.125.130.0-255,7156,136156,65,173809
9694,0.001722,172.31.40.0-255,66,136222,65,173809
9695,0.001736,74.125.130.0-255,6438,142660,65,173809
9696,0.001779,172.31.40.0-255,66,142726,65,173809
9697,0.001793,74.125.130.0-255,2902,145628,65,173809
9698,0.00184,74.125.130.0-255,2184,147812,65,173809
9699,0.001853,172.31.40.0-255,66,147878,65,173809
9700,0.001859,172.31.40.0-255,66,147944,65,173809
9701,0.001893,74.125.130.0-255,6438,154382,65,173809
9702,0.001898,74.125.130.0-255,2902,157284,65,173809
9703,0.001926,74.125.130.0-255,5738,163022,65,173809
9704,0.00193,172.31.40.0-255,66,163088,65,173809
9705,0.001935,172.31.40.0-255,66,163154,65,173809
9706,0.001944,74.125.130.0-255,4320,167474,65,173809
9707,0.001969,74.125.130.0-255,5927,173401,65,173809
9708,0.001988,172.31.40.0-255,66,173467,65,173809
9709,0.001995,74.125.130.0-255,105,173572,65,173809
9710,0.004296,172.31.40.0-255,66,173638,65,173809
9711,0.004332,172.31.40.0-255,105,173743,65,173809
9712,0.006625,74.125.130.0-255,66,173809,65,173809
9713,0.0,74.125.200.0-255,150,150,65,305881
9714,2.4e-05,172.31.40.0-255,66,216,65,305881
9715,3.1e-05,74.125.200.0-255,1484,1700,65,305881
9716,3.6e-05,172.31.40.0-255,66,1766,65,305881
9717,4.2e-05,74.125.200.0-255,2902,4668,65,305881
9718,5.4e-05,172.31.40.0-255,66,4734,65,305881
9719,5.7e-05,74.125.200.0-255,1484,6218,65,305881
9720,6e-05,172.31.40.0-255,66,6284,65,305881
9721,6.5e-05,74.125.200.0-255,2902,9186,65,305881
9722,6.8e-05,172.31.40.0-255,66,9252,65,305881
9723,0.000102,74.125.200.0-255,4960,14212,65,305881
9724,0.000106,172.31.40.0-255,66,14278,65,305881
9725,0.000129,74.125.200.0-255,2902,17180,65,305881
9726,0.000132,172.31.40.0-255,66,17246,65,305881
9727,0.000159,74.125.200.0-255,2902,20148,65,305881
9728,0.000162,172.31.40.0-255,66,20214,65,305881
9729,0.000167,74.125.200.0-255,4320,24534,65,305881
9730,0.00017,172.31.40.0-255,66,24600,65,305881
9731,0.00018,74.125.200.0-255,5738,30338,65,305881
9732,0.000182,172.31.40.0-255,66,30404,65,305881
9733,0.000185,74.125.200.0-255,1125,31529,65,305881
9734,0.000187,172.31.40.0-255,66,31595,65,305881
9735,0.000278,74.125.200.0-255,1484,33079,65,305881
9736,0.000281,172.31.40.0-255,66,33145,65,305881
9737,0.000285,74.125.200.0-255,1484,34629,65,305881
9738,0.000287,172.31.40.0-255,66,34695,65,305881
9739,0.000317,74.125.200.0-255,2902,37597,65,305881
9740,0.00032,172.31.40.0-255,66,37663,65,305881
9741,0.000323,74.125.200.0-255,1484,39147,65,305881
9742,0.000325,172.31.40.0-255,66,39213,65,305881
9743,0.000356,74.125.200.0-255,4320,43533,65,305881
9744,0.000359,172.31.40.0-255,66,43599,65,305881
9745,0.000363,74.125.200.0-255,2902,46501,65,305881
9746,0.000405,74.125.200.0-255,7156,53657,65,305881
9747,0.000438,74.125.200.0-255,1485,55142,65,305881
9748,0.000468,74.125.200.0-255,328,55470,65,305881
9749,0.000544,172.31.40.0-255,66,55536,65,305881
9750,0.000596,74.125.200.0-255,1484,57020,65,305881
9751,0.000639,74.125.200.0-255,2902,59922,65,305881
9752,0.000644,74.125.200.0-255,5738,65660,65,305881
9753,0.000656,74.125.200.0-255,1484,67144,65,305881
9754,0.00067,74.125.200.0-255,5738,72882,65,305881
9755,0.000678,172.31.40.0-255,66,72948,65,305881
9756,0.000694,74.125.200.0-255,2902,75850,65,305881
9757,0.000706,172.31.40.0-255,66,75916,65,305881
9758,0.000738,172.31.40.0-255,66,75982,65,305881
9759,0.000748,74.125.200.0-255,2184,78166,65,305881
9760,0.000768,172.31.40.0-255,66,78232,65,305881
9761,0.000841,74.125.200.0-255,1484,79716,65,305881
9762,0.000854,74.125.200.0-255,2902,82618,65,305881
9763,0.00086,172.31.40.0-255,66,82684,65,305881
9764,0.000872,74.125.200.0-255,4320,87004,65,305881
9765,0.000883,74.125.200.0-255,1484,88488,65,305881
9766,0.000897,172.31.40.0-255,66,88554,65,305881
9767,0.000904,74.125.200.0-255,7156,95710,65,305881
9768,0.000908,172.31.40.0-255,66,95776,65,305881
9769,0.000931,74.125.200.0-255,4320,100096,65,305881
9770,0.000958,172.31.40.0-255,66,100162,65,305881
9771,0.000989,74.125.200.0-255,1484,101646,65,305881
9772,0.001006,74.125.200.0-255,2902,104548,65,305881
9773,0.001018,172.31.40.0-255,66,104614,65,305881
9774,0.001036,74.125.200.0-255,5738,110352,65,305881
9775,0.001049,74.125.200.0-255,2902,113254,65,305881
9776,0.001053,172.31.40.0-255,66,113320,65,305881
9777,0.001079,74.125.200.0-255,4320,117640,65,305881
9778,0.001086,172.31.40.0-255,66,117706,65,305881
9779,0.001107,74.125.200.0-255,5738,123444,65,305881
9780,0.00112,74.125.200.0-255,2902,126346,65,305881
9781,0.001122,172.31.40.0-255,66,126412,65,305881
9782,0.001126,172.31.40.0-255,66,126478,65,305881
9783,0.001177,172.31.40.0-255,66,126544,65,305881
9784,0.001211,74.125.200.0-255,1484,128028,65,305881
9785,0.001224,74.125.200.0-255,2902,130930,65,305881
9786,0.001237,172.31.40.0-255,66,130996,65,305881
9787,0.001247,74.125.200.0-255,1484,132480,65,305881
9788,0.001268,74.125.200.0-255,4320,136800,65,305881
9789,0.001274,74.125.200.0-255,7156,143956,65,305881
9790,0.001279,172.31.40.0-255,66,144022,65,305881
9791,0.001303,74.125.200.0-255,7156,151178,65,305881
9792,0.001311,172.31.40.0-255,66,151244,65,305881
9793,0.001327,74.125.200.0-255,7156,158400,65,305881
9794,0.001343,172.31.40.0-255,66,158466,65,305881
9795,0.001351,74.125.200.0-255,2184,160650,65,305881
9796,0.001376,172.31.40.0-255,66,160716,65,305881
9797,0.001398,74.125.200.0-255,2902,163618,65,305881
9798,0.001414,74.125.200.0-255,1484,165102,65,305881
9799,0.001418,74.125.200.0-255,2902,168004,65,305881
9800,0.001425,172.31.40.0-255,66,168070,65,305881
9801,0.001436,74.125.200.0-255,5738,173808,65,305881
9802,0.001449,74.125.200.0-255,1484,175292,65,305881
9803,0.001463,74.125.200.0-255,7156,182448,65,305881
9804,0.001476,74.125.200.0-255,4320,186768,65,305881
9805,0.001481,172.31.40.0-255,66,186834,65,305881
9806,0.001505,74.125.200.0-255,4320,191154,65,305881
9807,0.001525,74.125.200.0-255,3602,194756,65,305881
9808,0.001532,172.31.40.0-255,66,194822,65,305881
9809,0.001567,74.125.200.0-255,5738,200560,65,305881
9810,0.001573,172.31.40.0-255,66,200626,65,305881
9811,0.001586,74.125.200.0-255,2902,203528,65,305881
9812,0.001632,74.125.200.0-255,1484,205012,65,305881
9813,0.001657,74.125.200.0-255,1484,206496,65,305881
9814,0.001663,172.31.40.0-255,66,206562,65,305881
9815,0.00168,74.125.200.0-255,3602,210164,65,305881
9816,0.001685,74.125.200.0-255,4320,214484,65,305881
9817,0.001698,74.125.200.0-255,1484,215968,65,305881
9818,0.001711,74.125.200.0-255,5738,221706,65,305881
9819,0.001714,172.31.40.0-255,66,221772,65,305881
9820,0.001718,172.31.40.0-255,66,221838,65,305881
9821,0.001726,74.125.200.0-255,2902,224740,65,305881
9822,0.001734,74.125.200.0-255,4320,229060,65,305881
9823,0.001762,74.125.200.0-255,5738,234798,65,305881
9824,0.001772,172.31.40.0-255,66,234864,65,305881
9825,0.001781,172.31.40.0-255,66,234930,65,305881
9826,0.001802,74.125.200.0-255,7156,242086,65,305881
9827,0.00182,74.125.200.0-255,2902,244988,65,305881
9828,0.001823,74.125.200.0-255,2902,247890,65,305881
9829,0.001826,172.31.40.0-255,66,247956,65,305881
9830,0.00183,172.31.40.0-255,66,248022,65,305881
9831,0.001866,172.31.40.0-255,66,248088,65,305881
9832,0.001886,74.125.200.0-255,2902,250990,65,305881
9833,0.001892,74.125.200.0-255,6438,257428,65,305881
9834,0.001906,172.31.40.0-255,66,257494,65,305881
9835,0.001928,74.125.200.0-255,1484,258978,65,305881
9836,0.001945,74.125.200.0-255,2902,261880,65,305881
9837,0.001948,74.125.200.0-255,1484,263364,65,305881
9838,0.001952,172.31.40.0-255,66,263430,65,305881
9839,0.001979,74.125.200.0-255,4320,267750,65,305881
9840,0.001983,74.125.200.0-255,2902,270652,65,305881
9841,0.001986,74.125.200.0-255,2902,273554,65,305881
9842,0.001998,74.125.200.0-255,4320,277874,65,305881
9843,0.002012,74.125.200.0-255,2902,280776,65,305881
9844,0.002014,74.125.200.0-255,1484,282260,65,305881
9845,0.002024,172.31.40.0-255,66,282326,65,305881
9846,0.00205,172.31.40.0-255,66,282392,65,305881
9847,0.002073,74.125.200.0-255,1484,283876,65,305881
9848,0.002078,74.125.200.0-255,2902,286778,65,305881
9849,0.002096,74.125.200.0-255,5738,292516,65,305881
9850,0.002102,172.31.40.0-255,66,292582,65,305881
9851,0.002145,74.125.200.0-255,1484,294066,65,305881
9852,0.002161,74.125.200.0-255,5738,299804,65,305881
9853,0.002173,172.31.40.0-255,66,299870,65,305881
9854,0.002184,74.125.200.0-255,4918,304788,65,305881
9855,0.002187,74.125.200.0-255,97,304885,65,305881
9856,0.002201,172.31.40.0-255,66,304951,65,305881
9857,0.002219,74.125.200.0-255,105,305056,65,305881
9858,0.002258,74.125.200.0-255,129,305185,65,305881
9859,0.004797,172.31.40.0-255,105,305290,65,305881
9860,0.004833,172.31.40.0-255,105,305395,65,305881
9861,0.005058,172.31.40.0-255,90,305485,65,305881
9862,0.005068,172.31.40.0-255,66,305551,65,305881
9863,0.007116,74.125.200.0-255,66,305617,65,305881
9864,0.007133,74.125.200.0-255,66,305683,65,305881
9865,0.007336,74.125.200.0-255,66,305749,65,305881
9866,0.007374,74.125.200.0-255,66,305815,65,305881
9867,0.007384,172.31.40.0-255,66,305881,65,305881
9868,0.0,74.125.130.0-255,152,152,65,176627
9869,2.3e-05,172.31.40.0-255,66,218,65,176627
9870,3.1e-05,74.125.130.0-255,1484,1702,65,176627
9871,3.8e-05,172.31.40.0-255,66,1768,65,176627
9872,5.1e-05,74.125.130.0-255,2902,4670,65,176627
9873,5.5e-05,172.31.40.0-255,66,4736,65,176627
9874,6e-05,74.125.130.0-255,2902,7638,65,176627
9875,6.4e-05,172.31.40.0-255,66,7704,65,176627
9876,7e-05,74.125.130.0-255,4320,12024,65,176627
9877,7.3e-05,172.31.40.0-255,66,12090,65,176627
9878,0.000132,172.31.40.0-255,66,12156,65,176627
9879,0.000169,74.125.130.0-255,2902,15058,65,176627
9880,0.000171,172.31.40.0-255,66,15124,65,176627
9881,0.000205,74.125.130.0-255,6797,21921,65,176627
9882,0.000208,172.31.40.0-255,66,21987,65,176627
9883,0.000249,74.125.130.0-255,1484,23471,65,176627
9884,0.000252,172.31.40.0-255,66,23537,65,176627
9885,0.00027,74.125.130.0-255,2902,26439,65,176627
9886,0.000273,172.31.40.0-255,66,26505,65,176627
9887,0.000308,74.125.130.0-255,5738,32243,65,176627
9888,0.000312,172.31.40.0-255,66,32309,65,176627
9889,0.000335,74.125.130.0-255,5738,38047,65,176627
9890,0.000338,172.31.40.0-255,66,38113,65,176627
9891,0.000383,74.125.130.0-255,4320,42433,65,176627
9892,0.000386,172.31.40.0-255,66,42499,65,176627
9893,0.000411,74.125.130.0-255,2543,45042,65,176627
9894,0.000414,172.31.40.0-255,66,45108,65,176627
9895,0.000465,172.31.40.0-255,66,45174,65,176627
9896,0.000496,74.125.130.0-255,2798,47972,65,176627
9897,0.000499,172.31.40.0-255,66,48038,65,176627
9898,0.000502,74.125.130.0-255,119,48157,65,176627
9899,0.000603,74.125.130.0-255,1484,49641,65,176627
9900,0.000608,172.31.40.0-255,66,49707,65,176627
9901,0.000612,74.125.130.0-255,2902,52609,65,176627
9902,0.000614,172.31.40.0-255,66,52675,65,176627
9903,0.000639,74.125.130.0-255,5738,58413,65,176627
9904,0.000642,172.31.40.0-255,66,58479,65,176627
9905,0.000684,74.125.130.0-255,6797,65276,65,176627
9906,0.000687,172.31.40.0-255,66,65342,65,176627
9907,0.000731,74.125.130.0-255,4320,69662,65,176627
9908,0.000734,172.31.40.0-255,66,69728,65,176627
9909,0.000752,74.125.130.0-255,2902,72630,65,176627
9910,0.000755,172.31.40.0-255,66,72696,65,176627
9911,0.000781,74.125.130.0-255,2902,75598,65,176627
9912,0.000784,172.31.40.0-255,66,75664,65,176627
9913,0.000814,74.125.130.0-255,5738,81402,65,176627
9914,0.000817,172.31.40.0-255,66,81468,65,176627
9915,0.000842,74.125.130.0-255,1125,82593,65,176627
9916,0.001089,74.125.130.0-255,1484,84077,65,176627
9917,0.001093,172.31.40.0-255,66,84143,65,176627
9918,0.001121,74.125.130.0-255,1484,85627,65,176627
9919,0.001127,74.125.130.0-255,2902,88529,65,176627
9920,0.00113,172.31.40.0-255,66,88595,65,176627
9921,0.001165,74.125.130.0-255,5738,94333,65,176627
9922,0.001168,172.31.40.0-255,66,94399,65,176627
9923,0.001171,74.125.130.0-255,1484,95883,65,176627
9924,0.001196,74.125.130.0-255,1484,97367,65,176627
9925,0.001199,172.31.40.0-255,66,97433,65,176627
9926,0.001204,74.125.130.0-255,2902,100335,65,176627
9927,0.001206,172.31.40.0-255,66,100401,65,176627
9928,0.001257,74.125.130.0-255,7156,107557,65,176627
9929,0.001262,172.31.40.0-255,66,107623,65,176627
9930,0.001357,74.125.130.0-255,1484,109107,65,176627
9931,0.001362,74.125.130.0-255,2902,112009,65,176627
9932,0.001393,74.125.130.0-255,4320,116329,65,176627
9933,0.001406,74.125.130.0-255,1484,117813,65,176627
9934,0.001445,74.125.130.0-255,4320,122133,65,176627
9935,0.001544,74.125.130.0-255,7156,129289,65,176627
9936,0.001648,74.125.130.0-255,3602,132891,65,176627
9937,0.001675,74.125.130.0-255,1484,134375,65,176627
9938,0.001699,74.125.130.0-255,2902,137277,65,176627
9939,0.001716,74.125.130.0-255,4320,141597,65,176627
9940,0.001737,74.125.130.0-255,4320,145917,65,176627
9941,0.001747,74.125.130.0-255,1484,147401,65,176627
9942,0.001783,74.125.130.0-255,4320,151721,65,176627
9943,0.001809,74.125.130.0-255,7156,158877,65,176627
9944,0.00187,74.125.130.0-255,2902,161779,65,176627
9945,0.001903,74.125.130.0-255,5020,166799,65,176627
9946,0.002082,74.125.130.0-255,1484,168283,65,176627
9947,0.002098,74.125.130.0-255,1484,169767,65,176627
9948,0.006887,172.31.40.0-255,66,169833,65,176627
9949,0.006891,172.31.40.0-255,66,169899,65,176627
9950,0.006894,172.31.40.0-255,66,169965,65,176627
9951,0.006897,172.31.40.0-255,66,170031,65,176627
9952,0.006899,172.31.40.0-255,66,170097,65,176627
9953,0.006909,172.31.40.0-255,66,170163,65,176627
9954,0.006912,172.31.40.0-255,66,170229,65,176627
9955,0.006915,172.31.40.0-255,66,170295,65,176627
9956,0.006918,172.31.40.0-255,66,170361,65,176627
9957,0.00692,172.31.40.0-255,66,170427,65,176627
9958,0.006923,172.31.40.0-255,66,170493,65,176627
9959,0.006926,172.31.40.0-255,66,170559,65,176627
9960,0.006928,172.31.40.0-255,66,170625,65,176627
9961,0.006931,172.31.40.0-255,66,170691,65,176627
9962,0.006934,172.31.40.0-255,66,170757,65,176627
9963,0.009004,74.125.130.0-255,4320,175077,65,176627
9964,0.009011,172.31.40.0-255,66,175143,65,176627
9965,0.009037,74.125.130.0-255,1484,176627,65,176627
9966,0.0,74.125.68.0-255,155,155,65,202467
9967,2e-05,172.31.40.0-255,66,221,65,202467
9968,2.7e-05,74.125.68.0-255,1484,1705,65,202467
9969,3.1e-05,172.31.40.0-255,66,1771,65,202467
9970,3.5e-05,74.125.68.0-255,1484,3255,65,202467
9971,3.8e-05,172.31.40.0-255,66,3321,65,202467
9972,7.6e-05,74.125.68.0-255,1484,4805,65,202467
9973,7.9e-05,172.31.40.0-255,66,4871,65,202467
9974,8.8e-05,74.125.68.0-255,7156,12027,65,202467
9975,9e-05,172.31.40.0-255,66,12093,65,202467
9976,9.4e-05,74.125.68.0-255,2104,14197,65,202467
9977,9.6e-05,172.31.40.0-255,66,14263,65,202467
9978,0.000133,74.125.68.0-255,2902,17165,65,202467
9979,0.000138,172.31.40.0-255,66,17231,65,202467
9980,0.000141,74.125.68.0-255,1484,18715,65,202467
9981,0.000143,172.31.40.0-255,66,18781,65,202467
9982,0.000148,74.125.68.0-255,2902,21683,65,202467
9983,0.00015,172.31.40.0-255,66,21749,65,202467
9984,0.000183,74.125.68.0-255,5738,27487,65,202467
9985,0.000186,172.31.40.0-255,66,27553,65,202467
9986,0.000189,74.125.68.0-255,1484,29037,65,202467
9987,0.000191,172.31.40.0-255,66,29103,65,202467
9988,0.000196,74.125.68.0-255,2543,31646,65,202467
9989,0.000199,172.31.40.0-255,66,31712,65,202467
9990,0.000346,74.125.68.0-255,1484,33196,65,202467
9991,0.000351,172.31.40.0-255,66,33262,65,202467
9992,0.000356,74.125.68.0-255,1484,34746,65,202467
9993,0.000359,172.31.40.0-255,66,34812,65,202467
9994,0.000377,74.125.68.0-255,1484,36296,65,202467
9995,0.00038,172.31.40.0-255,66,36362,65,202467
9996,0.000388,74.125.68.0-255,1484,37846,65,202467
9997,0.00039,172.31.40.0-255,66,37912,65,202467
9998,0.000395,74.125.68.0-255,2902,40814,65,202467
9999,0.000397,172.31.40.0-255,66,40880,65,202467
10000,0.00043,74.125.68.0-255,5738,46618,65,202467
10001,0.000432,172.31.40.0-255,66,46684,65,202467
10002,0.000435,74.125.68.0-255,1484,48168,65,202467
10003,0.000449,74.125.68.0-255,2543,50711,65,202467
10004,0.000451,172.31.40.0-255,66,50777,65,202467
10005,0.000478,74.125.68.0-255,2902,53679,65,202467
10006,0.00048,172.31.40.0-255,66,53745,65,202467
10007,0.000505,74.125.68.0-255,2902,56647,65,202467
10008,0.000507,172.31.40.0-255,66,56713,65,202467
10009,0.000546,74.125.68.0-255,7156,63869,65,202467
10010,0.000548,172.31.40.0-255,66,63935,65,202467
10011,0.000552,74.125.68.0-255,2816,66751,65,202467
10012,0.000554,172.31.40.0-255,66,66817,65,202467
10013,0.000557,74.125.68.0-255,130,66947,65,202467
10014,0.000607,74.125.68.0-255,348,67295,65,202467
10015,0.000729,74.125.68.0-255,1484,68779,65,202467
10016,0.000735,172.31.40.0-255,66,68845,65,202467
10017,0.000761,74.125.68.0-255,2902,71747,65,202467
10018,0.000764,172.31.40.0-255,66,71813,65,202467
10019,0.000769,74.125.68.0-255,4320,76133,65,202467
10020,0.000772,172.31.40.0-255,66,76199,65,202467
10021,0.000791,74.125.68.0-255,1484,77683,65,202467
10022,0.000795,74.125.68.0-255,2902,80585,65,202467
10023,0.000797,172.31.40.0-255,66,80651,65,202467
10024,0.000803,74.125.68.0-255,4320,84971,65,202467
10025,0.000805,172.31.40.0-255,66,85037,65,202467
10026,0.000831,74.125.68.0-255,2902,87939,65,202467
10027,0.000834,172.31.40.0-255,66,88005,65,202467
10028,0.000856,74.125.68.0-255,4320,92325,65,202467
10029,0.000859,172.31.40.0-255,66,92391,65,202467
10030,0.000884,172.31.40.0-255,66,92457,65,202467
10031,0.000887,74.125.68.0-255,766,93223,65,202467
10032,0.001262,74.125.68.0-255,1484,94707,65,202467
10033,0.001266,172.31.40.0-255,66,94773,65,202467
10034,0.001272,74.125.68.0-255,2902,97675,65,202467
10035,0.001274,172.31.40.0-255,66,97741,65,202467
10036,0.001301,74.125.68.0-255,5738,103479,65,202467
10037,0.001304,172.31.40.0-255,66,103545,65,202467
10038,0.001334,74.125.68.0-255,7156,110701,65,202467
10039,0.001336,172.31.40.0-255,66,110767,65,202467
10040,0.00137,172.31.40.0-255,66,110833,65,202467
10041,0.001408,74.125.68.0-255,2902,113735,65,202467
10042,0.001411,172.31.40.0-255,66,113801,65,202467
10043,0.001438,74.125.68.0-255,3602,117403,65,202467
10044,0.001441,172.31.40.0-255,66,117469,65,202467
10045,0.001497,74.125.68.0-255,1484,118953,65,202467
10046,0.001502,74.125.68.0-255,2902,121855,65,202467
10047,0.001505,172.31.40.0-255,66,121921,65,202467
10048,0.001536,74.125.68.0-255,2902,124823,65,202467
10049,0.001539,172.31.40.0-255,66,124889,65,202467
10050,0.001566,74.125.68.0-255,2902,127791,65,202467
10051,0.001569,172.31.40.0-255,66,127857,65,202467
10052,0.001572,74.125.68.0-255,1484,129341,65,202467
10053,0.001595,74.125.68.0-255,2902,132243,65,202467
10054,0.001597,172.31.40.0-255,66,132309,65,202467
10055,0.001601,74.125.68.0-255,1484,133793,65,202467
10056,0.001626,74.125.68.0-255,4320,138113,65,202467
10057,0.001633,74.125.68.0-255,7156,145269,65,202467
10058,0.001637,172.31.40.0-255,66,145335,65,202467
10059,0.001648,172.31.40.0-255,66,145401,65,202467
10060,0.001658,74.125.68.0-255,4320,149721,65,202467
10061,0.00166,172.31.40.0-255,66,149787,65,202467
10062,0.001701,74.125.68.0-255,2184,151971,65,202467
10063,0.001705,172.31.40.0-255,66,152037,65,202467
10064,0.001853,74.125.68.0-255,1484,153521,65,202467
10065,0.001857,74.125.68.0-255,1484,155005,65,202467
10066,0.001859,172.31.40.0-255,66,155071,65,202467
10067,0.001882,74.125.68.0-255,1484,156555,65,202467
10068,0.001898,74.125.68.0-255,5738,162293,65,202467
10069,0.0019,172.31.40.0-255,66,162359,65,202467
10070,0.001932,74.125.68.0-255,5738,168097,65,202467
10071,0.001934,172.31.40.0-255,66,168163,65,202467
10072,0.001945,74.125.68.0-255,1484,169647,65,202467
10073,0.001955,74.125.68.0-255,4320,173967,65,202467
10074,0.001957,172.31.40.0-255,66,174033,65,202467
10075,0.001999,74.125.68.0-255,5738,179771,65,202467
10076,0.002003,172.31.40.0-255,66,179837,65,202467
10077,0.002011,74.125.68.0-255,1484,181321,65,202467
10078,0.002038,74.125.68.0-255,5020,186341,65,202467
10079,0.002041,172.31.40.0-255,66,186407,65,202467
10080,0.004334,74.125.68.0-255,5738,192145,65,202467
10081,0.004341,172.31.40.0-255,66,192211,65,202467
10082,0.006623,74.125.68.0-255,4320,196531,65,202467
10083,0.006626,172.31.40.0-255,66,196597,65,202467
10084,0.006652,74.125.68.0-255,1484,198081,65,202467
10085,0.008926,74.125.68.0-255,4320,202401,65,202467
10086,0.008932,172.31.40.0-255,66,202467,65,202467
10087,0.0,74.125.68.0-255,156,156,65,271745
10088,2.3e-05,172.31.40.0-255,66,222,65,271745
10089,2.9e-05,74.125.68.0-255,1484,1706,65,271745
10090,3.4e-05,172.31.40.0-255,66,1772,65,271745
10091,3.9e-05,74.125.68.0-255,2902,4674,65,271745
10092,4.2e-05,172.31.40.0-255,66,4740,65,271745
10093,5e-05,74.125.68.0-255,7156,11896,65,271745
10094,5.3e-05,172.31.40.0-255,66,11962,65,271745
10095,5.7e-05,74.125.68.0-255,2063,14025,65,271745
10096,5.9e-05,172.31.40.0-255,66,14091,65,271745
10097,0.000213,74.125.68.0-255,1484,15575,65,271745
10098,0.000217,172.31.40.0-255,66,15641,65,271745
10099,0.000222,74.125.68.0-255,2902,18543,65,271745
10100,0.000225,172.31.40.0-255,66,18609,65,271745
10101,0.000239,74.125.68.0-255,5738,24347,65,271745
10102,0.000241,172.31.40.0-255,66,24413,65,271745
10103,0.000266,74.125.68.0-255,4320,28733,65,271745
10104,0.000268,172.31.40.0-255,66,28799,65,271745
10105,0.000299,74.125.68.0-255,2543,31342,65,271745
10106,0.000301,172.31.40.0-255,66,31408,65,271745
10107,0.000304,74.125.68.0-255,1484,32892,65,271745
10108,0.000306,172.31.40.0-255,66,32958,65,271745
10109,0.00032,74.125.68.0-255,1484,34442,65,271745
10110,0.000322,172.31.40.0-255,66,34508,65,271745
10111,0.000339,74.125.68.0-255,1484,35992,65,271745
10112,0.000341,172.31.40.0-255,66,36058,65,271745
10113,0.000355,74.125.68.0-255,5738,41796,65,271745
10114,0.000357,172.31.40.0-255,66,41862,65,271745
10115,0.000362,74.125.68.0-255,4320,46182,65,271745
10116,0.000364,172.31.40.0-255,66,46248,65,271745
10117,0.000404,74.125.68.0-255,2543,48791,65,271745
10118,0.000406,172.31.40.0-255,66,48857,65,271745
10119,0.000438,74.125.68.0-255,2902,51759,65,271745
10120,0.00044,172.31.40.0-255,66,51825,65,271745
10121,0.000443,74.125.68.0-255,1484,53309,65,271745
10122,0.000462,74.125.68.0-255,5738,59047,65,271745
10123,0.000465,172.31.40.0-255,66,59113,65,271745
10124,0.00047,74.125.68.0-255,4320,63433,65,271745
10125,0.000471,172.31.40.0-255,66,63499,65,271745
10126,0.000511,74.125.68.0-255,2879,66378,65,271745
10127,0.000513,172.31.40.0-255,66,66444,65,271745
10128,0.000537,74.125.68.0-255,341,66785,65,271745
10129,0.000644,74.125.68.0-255,1484,68269,65,271745
10130,0.000647,172.31.40.0-255,66,68335,65,271745
10131,0.000658,74.125.68.0-255,1484,69819,65,271745
10132,0.000679,74.125.68.0-255,2902,72721,65,271745
10133,0.000682,172.31.40.0-255,66,72787,65,271745
10134,0.000686,74.125.68.0-255,2902,75689,65,271745
10135,0.000687,172.31.40.0-255,66,75755,65,271745
10136,0.0007,74.125.68.0-255,2902,78657,65,271745
10137,0.000702,172.31.40.0-255,66,78723,65,271745
10138,0.000714,74.125.68.0-255,2902,81625,65,271745
10139,0.000716,172.31.40.0-255,66,81691,65,271745
10140,0.000735,74.125.68.0-255,3961,85652,65,271745
10141,0.000737,172.31.40.0-255,66,85718,65,271745
10142,0.000743,74.125.68.0-255,7156,92874,65,271745
10143,0.000745,172.31.40.0-255,66,92940,65,271745
10144,0.000765,74.125.68.0-255,4320,97260,65,271745
10145,0.000767,172.31.40.0-255,66,97326,65,271745
10146,0.000789,74.125.68.0-255,3961,101287,65,271745
10147,0.000792,172.31.40.0-255,66,101353,65,271745
10148,0.000973,74.125.68.0-255,1484,102837,65,271745
10149,0.000991,74.125.68.0-255,2902,105739,65,271745
10150,0.000994,172.31.40.0-255,66,105805,65,271745
10151,0.000997,74.125.68.0-255,1484,107289,65,271745
10152,0.001015,74.125.68.0-255,4320,111609,65,271745
10153,0.001017,172.31.40.0-255,66,111675,65,271745
10154,0.001021,74.125.68.0-255,1484,113159,65,271745
10155,0.001044,74.125.68.0-255,1484,114643,65,271745
10156,0.001046,172.31.40.0-255,66,114709,65,271745
10157,0.001053,74.125.68.0-255,4320,119029,65,271745
10158,0.001055,172.31.40.0-255,66,119095,65,271745
10159,0.001059,74.125.68.0-255,2902,121997,65,271745
10160,0.001061,172.31.40.0-255,66,122063,65,271745
10161,0.001095,74.125.68.0-255,5738,127801,65,271745
10162,0.001098,172.31.40.0-255,66,127867,65,271745
10163,0.001127,74.125.68.0-255,4320,132187,65,271745
10164,0.001129,172.31.40.0-255,66,132253,65,271745
10165,0.00115,74.125.68.0-255,3602,135855,65,271745
10166,0.001153,172.31.40.0-255,66,135921,65,271745
10167,0.001258,74.125.68.0-255,1484,137405,65,271745
10168,0.001273,74.125.68.0-255,2902,140307,65,271745
10169,0.001276,172.31.40.0-255,66,140373,65,271745
10170,0.00128,74.125.68.0-255,1484,141857,65,271745
10171,0.001296,74.125.68.0-255,4320,146177,65,271745
10172,0.001299,172.31.40.0-255,66,146243,65,271745
10173,0.001341,74.125.68.0-255,4320,150563,65,271745
10174,0.001344,172.31.40.0-255,66,150629,65,271745
10175,0.001368,74.125.68.0-255,7156,157785,65,271745
10176,0.001371,172.31.40.0-255,66,157851,65,271745
10177,0.001376,74.125.68.0-255,5738,163589,65,271745
10178,0.001379,172.31.40.0-255,66,163655,65,271745
10179,0.001402,74.125.68.0-255,6438,170093,65,271745
10180,0.001405,172.31.40.0-255,66,170159,65,271745
10181,0.001642,74.125.68.0-255,1484,171643,65,271745
10182,0.001648,74.125.68.0-255,2902,174545,65,271745
10183,0.001651,172.31.40.0-255,66,174611,65,271745
10184,0.001678,74.125.68.0-255,5738,180349,65,271745
10185,0.001682,74.125.68.0-255,2902,183251,65,271745
10186,0.001686,172.31.40.0-255,66,183317,65,271745
10187,0.001693,172.31.40.0-255,66,183383,65,271745
10188,0.001728,74.125.68.0-255,4320,187703,65,271745
10189,0.001732,172.31.40.0-255,66,187769,65,271745
10190,0.00176,74.125.68.0-255,5738,193507,65,271745
10191,0.001763,172.31.40.0-255,66,193573,65,271745
10192,0.001778,74.125.68.0-255,1484,195057,65,271745
10193,0.001802,172.31.40.0-255,66,195123,65,271745
10194,0.001869,74.125.68.0-255,1484,196607,65,271745
10195,0.001887,74.125.68.0-255,2902,199509,65,271745
10196,0.001891,172.31.40.0-255,66,199575,65,271745
10197,0.001913,74.125.68.0-255,4320,203895,65,271745
10198,0.001915,172.31.40.0-255,66,203961,65,271745
10199,0.001934,74.125.68.0-255,1484,205445,65,271745
10200,0.001937,74.125.68.0-255,1484,206929,65,271745
10201,0.001939,172.31.40.0-255,66,206995,65,271745
10202,0.001958,74.125.68.0-255,2902,209897,65,271745
10203,0.00196,172.31.40.0-255,66,209963,65,271745
10204,0.001986,74.125.68.0-255,5738,215701,65,271745
10205,0.001989,172.31.40.0-255,66,215767,65,271745
10206,0.001993,74.125.68.0-255,2902,218669,65,271745
10207,0.001995,172.31.40.0-255,66,218735,65,271745
10208,0.002021,74.125.68.0-255,2902,221637,65,271745
10209,0.002024,172.31.40.0-255,66,221703,65,271745
10210,0.002042,74.125.68.0-255,1484,223187,65,271745
10211,0.002045,74.125.68.0-255,1484,224671,65,271745
10212,0.002047,172.31.40.0-255,66,224737,65,271745
10213,0.002067,74.125.68.0-255,2902,227639,65,271745
10214,0.00207,172.31.40.0-255,66,227705,65,271745
10215,0.002089,74.125.68.0-255,2184,229889,65,271745
10216,0.002092,172.31.40.0-255,66,229955,65,271745
10217,0.002265,74.125.68.0-255,1484,231439,65,271745
10218,0.002286,74.125.68.0-255,2902,234341,65,271745
10219,0.002289,172.31.40.0-255,66,234407,65,271745
10220,0.002294,74.125.68.0-255,2902,237309,65,271745
10221,0.002296,172.31.40.0-255,66,237375,65,271745
10222,0.002326,74.125.68.0-255,2902,240277,65,271745
10223,0.002328,172.31.40.0-255,66,240343,65,271745
10224,0.002351,74.125.68.0-255,1484,241827,65,271745
10225,0.002361,172.31.40.0-255,66,241893,65,271745
10226,0.002367,74.125.68.0-255,5738,247631,65,271745
10227,0.00237,172.31.40.0-255,66,247697,65,271745
10228,0.002377,74.125.68.0-255,7156,254853,65,271745
10229,0.002379,172.31.40.0-255,66,254919,65,271745
10230,0.002382,74.125.68.0-255,766,255685,65,271745
10231,0.004815,74.125.68.0-255,4320,260005,65,271745
10232,0.00482,172.31.40.0-255,66,260071,65,271745
10233,0.00724,74.125.68.0-255,1484,261555,65,271745
10234,0.007262,74.125.68.0-255,4320,265875,65,271745
10235,0.007264,172.31.40.0-255,66,265941,65,271745
10236,0.009706,74.125.68.0-255,5738,271679,65,271745
10237,0.009712,172.31.40.0-255,66,271745,65,271745
10238,0.0,142.250.4.0-255,153,153,65,119807
10239,1.9e-05,172.31.40.0-255,66,219,65,119807
10240,2.7e-05,142.250.4.0-255,1484,1703,65,119807
10241,3.1e-05,172.31.40.0-255,66,1769,65,119807
10242,3.9e-05,142.250.4.0-255,2902,4671,65,119807
10243,4.3e-05,172.31.40.0-255,66,4737,65,119807
10244,5.8e-05,142.250.4.0-255,7156,11893,65,119807
10245,6.1e-05,172.31.40.0-255,66,11959,65,119807
10246,6.5e-05,142.250.4.0-255,1484,13443,65,119807
10247,6.7e-05,172.31.40.0-255,66,13509,65,119807
10248,0.000124,172.31.40.0-255,66,13575,65,119807
10249,0.000128,142.250.4.0-255,2543,16118,65,119807
10250,0.00013,172.31.40.0-255,66,16184,65,119807
10251,0.000277,142.250.4.0-255,1484,17668,65,119807
10252,0.000283,172.31.40.0-255,66,17734,65,119807
10253,0.000314,142.250.4.0-255,2902,20636,65,119807
10254,0.000317,172.31.40.0-255,66,20702,65,119807
10255,0.000338,142.250.4.0-255,5738,26440,65,119807
10256,0.000341,172.31.40.0-255,66,26506,65,119807
10257,0.000346,142.250.4.0-255,4320,30826,65,119807
10258,0.000349,172.31.40.0-255,66,30892,65,119807
10259,0.000393,172.31.40.0-255,66,30958,65,119807
10260,0.000402,142.250.4.0-255,6797,37755,65,119807
10261,0.000404,172.31.40.0-255,66,37821,65,119807
10262,0.00061,142.250.4.0-255,412,38233,65,119807
10263,0.000615,172.31.40.0-255,66,38299,65,119807
10264,0.000828,142.250.4.0-255,1484,39783,65,119807
10265,0.000832,172.31.40.0-255,66,39849,65,119807
10266,0.000838,142.250.4.0-255,2902,42751,65,119807
10267,0.00084,172.31.40.0-255,66,42817,65,119807
10268,0.000844,142.250.4.0-255,2902,45719,65,119807
10269,0.000851,172.31.40.0-255,66,45785,65,119807
10270,0.000878,142.250.4.0-255,2902,48687,65,119807
10271,0.000881,172.31.40.0-255,66,48753,65,119807
10272,0.000901,142.250.4.0-255,1484,50237,65,119807
10273,0.000911,172.31.40.0-255,66,50303,65,119807
10274,0.000942,142.250.4.0-255,332,50635,65,119807
10275,0.000947,172.31.40.0-255,66,50701,65,119807
10276,0.00139,142.250.4.0-255,1484,52185,65,119807
10277,0.001396,142.250.4.0-255,2902,55087,65,119807
10278,0.0014,172.31.40.0-255,66,55153,65,119807
10279,0.001405,142.250.4.0-255,2902,58055,65,119807
10280,0.001407,172.31.40.0-255,66,58121,65,119807
10281,0.001432,142.250.4.0-255,2902,61023,65,119807
10282,0.001434,172.31.40.0-255,66,61089,65,119807
10283,0.001442,142.250.4.0-255,7156,68245,65,119807
10284,0.001445,172.31.40.0-255,66,68311,65,119807
10285,0.001483,142.250.4.0-255,5738,74049,65,119807
10286,0.00149,172.31.40.0-255,66,74115,65,119807
10287,0.001503,142.250.4.0-255,216,74331,65,119807
10288,0.001525,172.31.40.0-255,66,74397,65,119807
10289,0.001613,142.250.4.0-255,1484,75881,65,119807
10290,0.001636,142.250.4.0-255,2902,78783,65,119807
10291,0.001639,172.31.40.0-255,66,78849,65,119807
10292,0.001647,142.250.4.0-255,5738,84587,65,119807
10293,0.001649,172.31.40.0-255,66,84653,65,119807
10294,0.001686,142.250.4.0-255,2902,87555,65,119807
10295,0.001688,172.31.40.0-255,66,87621,65,119807
10296,0.001765,142.250.4.0-255,2902,90523,65,119807
10297,0.001777,172.31.40.0-255,66,90589,65,119807
10298,0.001825,172.31.40.0-255,66,90655,65,119807
10299,0.001967,142.250.4.0-255,1484,92139,65,119807
10300,0.001973,142.250.4.0-255,2902,95041,65,119807
10301,0.001976,172.31.40.0-255,66,95107,65,119807
10302,0.001981,142.250.4.0-255,2902,98009,65,119807
10303,0.002005,142.250.4.0-255,2902,100911,65,119807
10304,0.002013,142.250.4.0-255,7156,108067,65,119807
10305,0.002016,172.31.40.0-255,66,108133,65,119807
10306,0.002029,142.250.4.0-255,5738,113871,65,119807
10307,0.002038,172.31.40.0-255,66,113937,65,119807
10308,0.002084,172.31.40.0-255,66,114003,65,119807
10309,0.004226,142.250.4.0-255,5738,119741,65,119807
10310,0.008607,172.31.40.0-255,66,119807,65,119807
10311,0.0,74.125.130.0-255,149,149,65,188334
10312,2e-05,172.31.40.0-255,66,215,65,188334
10313,2.7e-05,74.125.130.0-255,1484,1699,65,188334
10314,3.1e-05,172.31.40.0-255,66,1765,65,188334
10315,3.6e-05,74.125.130.0-255,2902,4667,65,188334
10316,3.9e-05,172.31.40.0-255,66,4733,65,188334
10317,4.2e-05,74.125.130.0-255,1484,6217,65,188334
10318,4.4e-05,172.31.40.0-255,66,6283,65,188334
10319,4.7e-05,74.125.130.0-255,1484,7767,65,188334
10320,4.9e-05,172.31.40.0-255,66,7833,65,188334
10321,7e-05,74.125.130.0-255,1484,9317,65,188334
10322,7.3e-05,172.31.40.0-255,66,9383,65,188334
10323,8.3e-05,74.125.130.0-255,1484,10867,65,188334
10324,8.5e-05,172.31.40.0-255,66,10933,65,188334
10325,0.000104,74.125.130.0-255,4900,15833,65,188334
10326,0.000106,172.31.40.0-255,66,15899,65,188334
10327,0.000111,74.125.130.0-255,4320,20219,65,188334
10328,0.000113,172.31.40.0-255,66,20285,65,188334
10329,0.000137,74.125.130.0-255,5738,26023,65,188334
10330,0.00014,172.31.40.0-255,66,26089,65,188334
10331,0.000165,74.125.130.0-255,5379,31468,65,188334
10332,0.000168,172.31.40.0-255,66,31534,65,188334
10333,0.000304,74.125.130.0-255,1484,33018,65,188334
10334,0.000306,172.31.40.0-255,66,33084,65,188334
10335,0.000309,74.125.130.0-255,1484,34568,65,188334
10336,0.000311,172.31.40.0-255,66,34634,65,188334
10337,0.000314,74.125.130.0-255,1484,36118,65,188334
10338,0.000316,172.31.40.0-255,66,36184,65,188334
10339,0.000333,74.125.130.0-255,1484,37668,65,188334
10340,0.000335,172.31.40.0-255,66,37734,65,188334
10341,0.000341,74.125.130.0-255,5738,43472,65,188334
10342,0.000343,172.31.40.0-255,66,43538,65,188334
10343,0.000345,74.125.130.0-255,1484,45022,65,188334
10344,0.000361,74.125.130.0-255,2902,47924,65,188334
10345,0.000363,172.31.40.0-255,66,47990,65,188334
10346,0.000392,74.125.130.0-255,1484,49474,65,188334
10347,0.000408,74.125.130.0-255,2543,52017,65,188334
10348,0.000411,172.31.40.0-255,66,52083,65,188334
10349,0.000416,74.125.130.0-255,4320,56403,65,188334
10350,0.000418,172.31.40.0-255,66,56469,65,188334
10351,0.000468,74.125.130.0-255,5738,62207,65,188334
10352,0.00047,172.31.40.0-255,66,62273,65,188334
10353,0.000487,74.125.130.0-255,1484,63757,65,188334
10354,0.000491,74.125.130.0-255,2831,66588,65,188334
10355,0.000493,172.31.40.0-255,66,66654,65,188334
10356,0.000648,74.125.130.0-255,366,67020,65,188334
10357,0.000793,74.125.130.0-255,1484,68504,65,188334
10358,0.000795,172.31.40.0-255,66,68570,65,188334
10359,0.0008,74.125.130.0-255,2902,71472,65,188334
10360,0.000802,172.31.40.0-255,66,71538,65,188334
10361,0.000815,74.125.130.0-255,2902,74440,65,188334
10362,0.000817,172.31.40.0-255,66,74506,65,188334
10363,0.000833,74.125.130.0-255,2902,77408,65,188334
10364,0.000836,172.31.40.0-255,66,77474,65,188334
10365,0.000861,74.125.130.0-255,2902,80376,65,188334
10366,0.000863,172.31.40.0-255,66,80442,65,188334
10367,0.000882,74.125.130.0-255,2902,83344,65,188334
10368,0.000885,172.31.40.0-255,66,83410,65,188334
10369,0.00091,74.125.130.0-255,6797,90207,65,188334
10370,0.000912,172.31.40.0-255,66,90273,65,188334
10371,0.000918,74.125.130.0-255,5738,96011,65,188334
10372,0.00092,172.31.40.0-255,66,96077,65,188334
10373,0.000955,74.125.130.0-255,5379,101456,65,188334
10374,0.000957,172.31.40.0-255,66,101522,65,188334
10375,0.001388,74.125.130.0-255,1484,103006,65,188334
10376,0.001393,74.125.130.0-255,1484,104490,65,188334
10377,0.001395,172.31.40.0-255,66,104556,65,188334
10378,0.001415,74.125.130.0-255,1484,106040,65,188334
10379,0.00142,74.125.130.0-255,2902,108942,65,188334
10380,0.001422,172.31.40.0-255,66,109008,65,188334
10381,0.001442,74.125.130.0-255,1484,110492,65,188334
10382,0.001458,74.125.130.0-255,1484,111976,65,188334
10383,0.00146,172.31.40.0-255,66,112042,65,188334
10384,0.001478,74.125.130.0-255,1484,113526,65,188334
10385,0.001503,74.125.130.0-255,7156,120682,65,188334
10386,0.001505,172.31.40.0-255,66,120748,65,188334
10387,0.001521,74.125.130.0-255,1484,122232,65,188334
10388,0.001525,74.125.130.0-255,2902,125134,65,188334
10389,0.001528,172.31.40.0-255,66,125200,65,188334
10390,0.001547,74.125.130.0-255,5738,130938,65,188334
10391,0.00155,172.31.40.0-255,66,131004,65,188334
10392,0.001571,74.125.130.0-255,1484,132488,65,188334
10393,0.001587,74.125.130.0-255,1484,133972,65,188334
10394,0.001589,172.31.40.0-255,66,134038,65,188334
10395,0.00161,74.125.130.0-255,2184,136222,65,188334
10396,0.001613,172.31.40.0-255,66,136288,65,188334
10397,0.001873,74.125.130.0-255,1484,137772,65,188334
10398,0.001878,74.125.130.0-255,1484,139256,65,188334
10399,0.001881,172.31.40.0-255,66,139322,65,188334
10400,0.001886,74.125.130.0-255,2902,142224,65,188334
10401,0.001889,172.31.40.0-255,66,142290,65,188334
10402,0.001894,74.125.130.0-255,5738,148028,65,188334
10403,0.001897,172.31.40.0-255,66,148094,65,188334
10404,0.001904,74.125.130.0-255,7156,155250,65,188334
10405,0.001907,172.31.40.0-255,66,155316,65,188334
10406,0.001923,74.125.130.0-255,4320,159636,65,188334
10407,0.001925,172.31.40.0-255,66,159702,65,188334
10408,0.001943,74.125.130.0-255,1484,161186,65,188334
10409,0.001959,74.125.130.0-255,4320,165506,65,188334
10410,0.001961,172.31.40.0-255,66,165572,65,188334
10411,0.001964,74.125.130.0-255,1484,167056,65,188334
10412,0.001984,74.125.130.0-255,3602,170658,65,188334
10413,0.001987,172.31.40.0-255,66,170724,65,188334
10414,0.004046,74.125.130.0-255,5738,176462,65,188334
10415,0.004052,172.31.40.0-255,66,176528,65,188334
10416,0.006117,74.125.130.0-255,2902,179430,65,188334
10417,0.006122,172.31.40.0-255,66,179496,65,188334
10418,0.006139,74.125.130.0-255,2902,182398,65,188334
10419,0.006141,172.31.40.0-255,66,182464,65,188334
10420,0.008174,74.125.130.0-255,4320,186784,65,188334
10421,0.008177,172.31.40.0-255,66,186850,65,188334
10422,0.008194,74.125.130.0-255,1484,188334,65,188334
10423,0.0,74.125.24.0-255,149,149,65,143005
10424,2.2e-05,172.31.40.0-255,66,215,65,143005
10425,2.8e-05,74.125.24.0-255,1484,1699,65,143005
10426,3.2e-05,172.31.40.0-255,66,1765,65,143005
10427,3.8e-05,74.125.24.0-255,2902,4667,65,143005
10428,4.1e-05,172.31.40.0-255,66,4733,65,143005
10429,4.8e-05,74.125.24.0-255,7156,11889,65,143005
10430,5.1e-05,172.31.40.0-255,66,11955,65,143005
10431,9.6e-05,172.31.40.0-255,66,12021,65,143005
10432,0.00012,74.125.24.0-255,3517,15538,65,143005
10433,0.000122,172.31.40.0-255,66,15604,65,143005
10434,0.000126,74.125.24.0-255,2543,18147,65,143005
10435,0.000128,172.31.40.0-255,66,18213,65,143005
10436,0.000194,74.125.24.0-255,1484,19697,65,143005
10437,0.000196,172.31.40.0-255,66,19763,65,143005
10438,0.000212,74.125.24.0-255,2902,22665,65,143005
10439,0.000214,172.31.40.0-255,66,22731,65,143005
10440,0.000216,74.125.24.0-255,1484,24215,65,143005
10441,0.000218,172.31.40.0-255,66,24281,65,143005
10442,0.000249,74.125.24.0-255,4320,28601,65,143005
10443,0.000252,172.31.40.0-255,66,28667,65,143005
10444,0.000258,74.125.24.0-255,6797,35464,65,143005
10445,0.00026,172.31.40.0-255,66,35530,65,143005
10446,0.00029,172.31.40.0-255,66,35596,65,143005
10447,0.000317,74.125.24.0-255,4320,39916,65,143005
10448,0.000319,172.31.40.0-255,66,39982,65,143005
10449,0.000323,74.125.24.0-255,2821,42803,65,143005
10450,0.000325,172.31.40.0-255,66,42869,65,143005
10451,0.000327,74.125.24.0-255,131,43000,65,143005
10452,0.00033,172.31.40.0-255,66,43066,65,143005
10453,0.000419,74.125.24.0-255,1484,44550,65,143005
10454,0.000431,74.125.24.0-255,1484,46034,65,143005
10455,0.000434,172.31.40.0-255,66,46100,65,143005
10456,0.000449,74.125.24.0-255,1484,47584,65,143005
10457,0.000455,74.125.24.0-255,4320,51904,65,143005
10458,0.000457,172.31.40.0-255,66,51970,65,143005
10459,0.000469,74.125.24.0-255,1484,53454,65,143005
10460,0.000483,74.125.24.0-255,2902,56356,65,143005
10461,0.000486,172.31.40.0-255,66,56422,65,143005
10462,0.000515,172.31.40.0-255,66,56488,65,143005
10463,0.000519,74.125.24.0-255,2902,59390,65,143005
10464,0.000521,172.31.40.0-255,66,59456,65,143005
10465,0.000536,74.125.24.0-255,4320,63776,65,143005
10466,0.000539,172.31.40.0-255,66,63842,65,143005
10467,0.000556,74.125.24.0-255,5738,69580,65,143005
10468,0.000559,172.31.40.0-255,66,69646,65,143005
10469,0.00057,172.31.40.0-255,66,69712,65,143005
10470,0.000598,74.125.24.0-255,3299,73011,65,143005
10471,0.000601,172.31.40.0-255,66,73077,65,143005
10472,0.00062,74.125.24.0-255,1484,74561,65,143005
10473,0.000643,74.125.24.0-255,2902,77463,65,143005
10474,0.000648,74.125.24.0-255,5738,83201,65,143005
10475,0.000652,172.31.40.0-255,66,83267,65,143005
10476,0.000654,172.31.40.0-255,66,83333,65,143005
10477,0.000664,74.125.24.0-255,1484,84817,65,143005
10478,0.000696,172.31.40.0-255,66,84883,65,143005
10479,0.000706,172.31.40.0-255,66,84949,65,143005
10480,0.000742,74.125.24.0-255,2184,87133,65,143005
10481,0.000745,172.31.40.0-255,66,87199,65,143005
10482,0.001469,74.125.24.0-255,1484,88683,65,143005
10483,0.001476,74.125.24.0-255,2902,91585,65,143005
10484,0.00148,172.31.40.0-255,66,91651,65,143005
10485,0.001496,74.125.24.0-255,4320,95971,65,143005
10486,0.001499,172.31.40.0-255,66,96037,65,143005
10487,0.001525,74.125.24.0-255,1484,97521,65,143005
10488,0.001537,172.31.40.0-255,66,97587,65,143005
10489,0.001551,74.125.24.0-255,1484,99071,65,143005
10490,0.001579,172.31.40.0-255,66,99137,65,143005
10491,0.00185,74.125.24.0-255,1484,100621,65,143005
10492,0.001866,74.125.24.0-255,2902,103523,65,143005
10493,0.00187,172.31.40.0-255,66,103589,65,143005
10494,0.001903,74.125.24.0-255,4320,107909,65,143005
10495,0.001905,172.31.40.0-255,66,107975,65,143005
10496,0.00193,74.125.24.0-255,1484,109459,65,143005
10497,0.001946,172.31.40.0-255,66,109525,65,143005
10498,0.001956,172.31.40.0-255,66,109591,65,143005
10499,0.001982,172.31.40.0-255,66,109657,65,143005
10500,0.002002,172.31.40.0-255,66,109723,65,143005
10501,0.002038,74.125.24.0-255,2184,111907,65,143005
10502,0.00204,172.31.40.0-255,66,111973,65,143005
10503,0.002054,172.31.40.0-255,66,112039,65,143005
10504,0.002062,74.125.24.0-255,1484,113523,65,143005
10505,0.002091,172.31.40.0-255,66,113589,65,143005
10506,0.002133,172.31.40.0-255,66,113655,65,143005
10507,0.002159,172.31.40.0-255,66,113721,65,143005
10508,0.002165,74.125.24.0-255,5738,119459,65,143005
10509,0.002167,172.31.40.0-255,66,119525,65,143005
10510,0.002218,172.31.40.0-255,66,119591,65,143005
10511,0.002224,74.125.24.0-255,5738,125329,65,143005
10512,0.002226,172.31.40.0-255,66,125395,65,143005
10513,0.00437,74.125.24.0-255,2902,128297,65,143005
10514,0.004378,172.31.40.0-255,66,128363,65,143005
10515,0.004392,74.125.24.0-255,2902,131265,65,143005
10516,0.004394,172.31.40.0-255,66,131331,65,143005
10517,0.006536,74.125.24.0-255,1484,132815,65,143005
10518,0.006559,74.125.24.0-255,4320,137135,65,143005
10519,0.006562,172.31.40.0-255,66,137201,65,143005
10520,0.008707,74.125.24.0-255,5738,142939,65,143005
10521,0.008714,172.31.40.0-255,66,143005,65,143005
10522,0.0,172.217.194.0-255,153,153,65,165748
10523,1.5e-05,172.31.40.0-255,66,219,65,165748
10524,2.1e-05,172.217.194.0-255,1484,1703,65,165748
10525,2.6e-05,172.31.40.0-255,66,1769,65,165748
10526,3.1e-05,172.217.194.0-255,2902,4671,65,165748
10527,3.4e-05,172.31.40.0-255,66,4737,65,165748
10528,4.3e-05,172.217.194.0-255,7156,11893,65,165748
10529,4.5e-05,172.31.40.0-255,66,11959,65,165748
10530,8.1e-05,172.31.40.0-255,66,12025,65,165748
10531,0.000147,172.31.40.0-255,66,12091,65,165748
10532,0.000175,172.217.194.0-255,1484,13575,65,165748
10533,0.000177,172.31.40.0-255,66,13641,65,165748
10534,0.000193,172.217.194.0-255,2902,16543,65,165748
10535,0.000195,172.31.40.0-255,66,16609,65,165748
10536,0.000215,172.217.194.0-255,4320,20929,65,165748
10537,0.000218,172.31.40.0-255,66,20995,65,165748
10538,0.000239,172.217.194.0-255,1484,22479,65,165748
10539,0.000241,172.31.40.0-255,66,22545,65,165748
10540,0.000247,172.217.194.0-255,5738,28283,65,165748
10541,0.00025,172.31.40.0-255,66,28349,65,165748
10542,0.000264,172.31.40.0-255,66,28415,65,165748
10543,0.000281,172.217.194.0-255,5020,33435,65,165748
10544,0.000284,172.31.40.0-255,66,33501,65,165748
10545,0.000286,172.217.194.0-255,361,33862,65,165748
10546,0.000289,172.31.40.0-255,66,33928,65,165748
10547,0.000303,172.217.194.0-255,382,34310,65,165748
10548,0.000306,172.31.40.0-255,66,34376,65,165748
10549,0.000563,172.217.194.0-255,1484,35860,65,165748
10550,0.000569,172.31.40.0-255,66,35926,65,165748
10551,0.000574,172.217.194.0-255,2902,38828,65,165748
10552,0.000577,172.31.40.0-255,66,38894,65,165748
10553,0.000583,172.217.194.0-255,5738,44632,65,165748
10554,0.000586,172.31.40.0-255,66,44698,65,165748
10555,0.000639,172.31.40.0-255,66,44764,65,165748
10556,0.000642,172.31.40.0-255,66,44830,65,165748
10557,0.000845,172.217.194.0-255,1484,46314,65,165748
10558,0.00085,172.217.194.0-255,1484,47798,65,165748
10559,0.000854,172.31.40.0-255,66,47864,65,165748
10560,0.000866,172.217.194.0-255,1484,49348,65,165748
10561,0.000873,172.217.194.0-255,5738,55086,65,165748
10562,0.000875,172.31.40.0-255,66,55152,65,165748
10563,0.000898,172.217.194.0-255,5738,60890,65,165748
10564,0.000901,172.31.40.0-255,66,60956,65,165748
10565,0.000932,172.217.194.0-255,7156,68112,65,165748
10566,0.000935,172.31.40.0-255,66,68178,65,165748
10567,0.000947,172.31.40.0-255,66,68244,65,165748
10568,0.001034,172.217.194.0-255,1484,69728,65,165748
10569,0.001053,172.217.194.0-255,2902,72630,65,165748
10570,0.001057,172.31.40.0-255,66,72696,65,165748
10571,0.001063,172.217.194.0-255,5738,78434,65,165748
10572,0.001065,172.31.40.0-255,66,78500,65,165748
10573,0.001068,172.217.194.0-255,1484,79984,65,165748
10574,0.001125,172.31.40.0-255,66,80050,65,165748
10575,0.001146,172.31.40.0-255,66,80116,65,165748
10576,0.001176,172.217.194.0-255,1484,81600,65,165748
10577,0.001181,172.217.194.0-255,2902,84502,65,165748
10578,0.001193,172.217.194.0-255,1484,85986,65,165748
10579,0.001196,172.31.40.0-255,66,86052,65,165748
10580,0.001211,172.217.194.0-255,4320,90372,65,165748
10581,0.001238,172.31.40.0-255,66,90438,65,165748
10582,0.001251,172.217.194.0-255,4320,94758,65,165748
10583,0.001266,172.217.194.0-255,5738,100496,65,165748
10584,0.001278,172.217.194.0-255,1484,101980,65,165748
10585,0.001282,172.217.194.0-255,2184,104164,65,165748
10586,0.001289,172.31.40.0-255,66,104230,65,165748
10587,0.001363,172.217.194.0-255,1484,105714,65,165748
10588,0.001384,172.217.194.0-255,2902,108616,65,165748
10589,0.001387,172.31.40.0-255,66,108682,65,165748
10590,0.00141,172.217.194.0-255,5738,114420,65,165748
10591,0.001428,172.217.194.0-255,4320,118740,65,165748
10592,0.001431,172.31.40.0-255,66,118806,65,165748
10593,0.001436,172.31.40.0-255,66,118872,65,165748
10594,0.001454,172.217.194.0-255,5738,124610,65,165748
10595,0.001469,172.217.194.0-255,2184,126794,65,165748
10596,0.001512,172.31.40.0-255,66,126860,65,165748
10597,0.001761,172.217.194.0-255,1484,128344,65,165748
10598,0.001773,172.217.194.0-255,1484,129828,65,165748
10599,0.001777,172.31.40.0-255,66,129894,65,165748
10600,0.001783,172.217.194.0-255,2902,132796,65,165748
10601,0.001798,172.217.194.0-255,2902,135698,65,165748
10602,0.001813,172.217.194.0-255,2902,138600,65,165748
10603,0.001818,172.217.194.0-255,4320,142920,65,165748
10604,0.001823,172.31.40.0-255,66,142986,65,165748
10605,0.001885,172.217.194.0-255,5738,148724,65,165748
10606,0.001895,172.31.40.0-255,66,148790,65,165748
10607,0.001918,172.31.40.0-255,66,148856,65,165748
10608,0.001923,172.217.194.0-255,4320,153176,65,165748
10609,0.001964,172.31.40.0-255,66,153242,65,165748
10610,0.002282,172.217.194.0-255,1484,154726,65,165748
10611,0.002288,172.217.194.0-255,2902,157628,65,165748
10612,0.002291,172.31.40.0-255,66,157694,65,165748
10613,0.002295,172.217.194.0-255,1484,159178,65,165748
10614,0.00233,172.217.194.0-255,4320,163498,65,165748
10615,0.002383,172.217.194.0-255,2184,165682,65,165748
10616,0.008394,172.31.40.0-255,66,165748,65,165748
10617,0.0,172.217.24.0-255,147,147,65,117563
10618,2.2e-05,172.31.40.0-255,66,213,65,117563
10619,3e-05,172.217.24.0-255,1484,1697,65,117563
10620,3.4e-05,172.31.40.0-255,66,1763,65,117563
10621,4e-05,172.217.24.0-255,2902,4665,65,117563
10622,4.3e-05,172.31.40.0-255,66,4731,65,117563
10623,5.1e-05,172.217.24.0-255,7156,11887,65,117563
10624,5.4e-05,172.31.40.0-255,66,11953,65,117563
10625,5.8e-05,172.217.24.0-255,2055,14008,65,117563
10626,6.1e-05,172.31.40.0-255,66,14074,65,117563
10627,0.000171,172.217.24.0-255,1484,15558,65,117563
10628,0.000175,172.31.40.0-255,66,15624,65,117563
10629,0.00018,172.217.24.0-255,2902,18526,65,117563
10630,0.000182,172.31.40.0-255,66,18592,65,117563
10631,0.000187,172.217.24.0-255,2902,21494,65,117563
10632,0.000189,172.31.40.0-255,66,21560,65,117563
10633,0.000202,172.217.24.0-255,2902,24462,65,117563
10634,0.000204,172.31.40.0-255,66,24528,65,117563
10635,0.000209,172.217.24.0-255,2902,27430,65,117563
10636,0.000212,172.31.40.0-255,66,27496,65,117563
10637,0.000237,172.217.24.0-255,1484,28980,65,117563
10638,0.000239,172.31.40.0-255,66,29046,65,117563
10639,0.000254,172.31.40.0-255,66,29112,65,117563
10640,0.00026,172.217.24.0-255,4320,33432,65,117563
10641,0.000262,172.31.40.0-255,66,33498,65,117563
10642,0.000298,172.31.40.0-255,66,33564,65,117563
10643,0.000303,172.217.24.0-255,2902,36466,65,117563
10644,0.000305,172.31.40.0-255,66,36532,65,117563
10645,0.000328,172.217.24.0-255,6769,43301,65,117563
10646,0.000331,172.31.40.0-255,66,43367,65,117563
10647,0.000886,172.217.24.0-255,114,43481,65,117563
10648,0.000996,172.31.40.0-255,66,43547,65,117563
10649,0.001093,172.217.24.0-255,1484,45031,65,117563
10650,0.001118,172.217.24.0-255,2902,47933,65,117563
10651,0.001123,172.217.24.0-255,2902,50835,65,117563
10652,0.001128,172.217.24.0-255,4320,55155,65,117563
10653,0.001131,172.217.24.0-255,1484,56639,65,117563
10654,0.001155,172.217.24.0-255,7156,63795,65,117563
10655,0.00118,172.217.24.0-255,1484,65279,65,117563
10656,0.001219,172.217.24.0-255,3602,68881,65,117563
10657,0.001681,172.217.24.0-255,1484,70365,65,117563
10658,0.001703,172.217.24.0-255,2902,73267,65,117563
10659,0.001709,172.217.24.0-255,5738,79005,65,117563
10660,0.001729,172.217.24.0-255,5738,84743,65,117563
10661,0.00174,172.217.24.0-255,2902,87645,65,117563
10662,0.00175,172.217.24.0-255,1484,89129,65,117563
10663,0.001792,172.217.24.0-255,1484,90613,65,117563
10664,0.00181,172.217.24.0-255,3602,94215,65,117563
10665,0.002002,172.217.24.0-255,1484,95699,65,117563
10666,0.002018,172.217.24.0-255,2902,98601,65,117563
10667,0.002033,172.217.24.0-255,4320,102921,65,117563
10668,0.002036,172.217.24.0-255,1484,104405,65,117563
10669,0.00206,172.217.24.0-255,7156,111561,65,117563
10670,0.006794,172.31.40.0-255,66,111627,65,117563
10671,0.008857,172.217.24.0-255,2902,114529,65,117563
10672,0.008863,172.31.40.0-255,66,114595,65,117563
10673,0.008884,172.217.24.0-255,2902,117497,65,117563
10674,0.008897,172.31.40.0-255,66,117563,65,117563
10675,0.0,74.125.24.0-255,155,155,65,169518
10676,2.5e-05,172.31.40.0-255,66,221,65,169518
10677,3.3e-05,74.125.24.0-255,1484,1705,65,169518
10678,3.7e-05,172.31.40.0-255,66,1771,65,169518
10679,4.4e-05,74.125.24.0-255,2902,4673,65,169518
10680,5.5e-05,172.31.40.0-255,66,4739,65,169518
10681,6.4e-05,74.125.24.0-255,7156,11895,65,169518
10682,6.6e-05,172.31.40.0-255,66,11961,65,169518
10683,7.2e-05,74.125.24.0-255,3517,15478,65,169518
10684,7.5e-05,172.31.40.0-255,66,15544,65,169518
10685,8.1e-05,74.125.24.0-255,4320,19864,65,169518
10686,8.4e-05,172.31.40.0-255,66,19930,65,169518
10687,0.000117,74.125.24.0-255,7156,27086,65,169518
10688,0.00012,172.31.40.0-255,66,27152,65,169518
10689,0.00014,74.125.24.0-255,2902,30054,65,169518
10690,0.000148,172.31.40.0-255,66,30120,65,169518
10691,0.000152,74.125.24.0-255,1125,31245,65,169518
10692,0.000154,172.31.40.0-255,66,31311,65,169518
10693,0.000202,74.125.24.0-255,1484,32795,65,169518
10694,0.000205,172.31.40.0-255,66,32861,65,169518
10695,0.00021,74.125.24.0-255,2902,35763,65,169518
10696,0.000213,172.31.40.0-255,66,35829,65,169518
10697,0.000215,74.125.24.0-255,1484,37313,65,169518
10698,0.000217,172.31.40.0-255,66,37379,65,169518
10699,0.000244,74.125.24.0-255,4320,41699,65,169518
10700,0.000247,172.31.40.0-255,66,41765,65,169518
10701,0.000251,74.125.24.0-255,2902,44667,65,169518
10702,0.000257,172.31.40.0-255,66,44733,65,169518
10703,0.0003,172.31.40.0-255,66,44799,65,169518
10704,0.000305,74.125.24.0-255,4320,49119,65,169518
10705,0.000307,172.31.40.0-255,66,49185,65,169518
10706,0.000336,74.125.24.0-255,5694,54879,65,169518
10707,0.000343,172.31.40.0-255,66,54945,65,169518
10708,0.000379,74.125.24.0-255,111,55056,65,169518
10709,0.000503,74.125.24.0-255,1484,56540,65,169518
10710,0.000507,172.31.40.0-255,66,56606,65,169518
10711,0.000513,74.125.24.0-255,2902,59508,65,169518
10712,0.000515,172.31.40.0-255,66,59574,65,169518
10713,0.000521,74.125.24.0-255,5738,65312,65,169518
10714,0.000529,172.31.40.0-255,66,65378,65,169518
10715,0.000533,74.125.24.0-255,2902,68280,65,169518
10716,0.000535,172.31.40.0-255,66,68346,65,169518
10717,0.000568,74.125.24.0-255,2902,71248,65,169518
10718,0.000571,172.31.40.0-255,66,71314,65,169518
10719,0.000591,74.125.24.0-255,1125,72439,65,169518
10720,0.000597,74.125.24.0-255,4320,76759,65,169518
10721,0.0006,172.31.40.0-255,66,76825,65,169518
10722,0.00063,74.125.24.0-255,1484,78309,65,169518
10723,0.000634,74.125.24.0-255,2543,80852,65,169518
10724,0.000754,172.31.40.0-255,66,80918,65,169518
10725,0.001415,74.125.24.0-255,1484,82402,65,169518
10726,0.001422,74.125.24.0-255,2902,85304,65,169518
10727,0.001428,74.125.24.0-255,5738,91042,65,169518
10728,0.001434,172.31.40.0-255,66,91108,65,169518
10729,0.001442,172.31.40.0-255,66,91174,65,169518
10730,0.001479,172.31.40.0-255,66,91240,65,169518
10731,0.001523,172.31.40.0-255,66,91306,65,169518
10732,0.001573,74.125.24.0-255,1484,92790,65,169518
10733,0.001579,74.125.24.0-255,2902,95692,65,169518
10734,0.001582,172.31.40.0-255,66,95758,65,169518
10735,0.00161,74.125.24.0-255,5738,101496,65,169518
10736,0.001612,172.31.40.0-255,66,101562,65,169518
10737,0.001658,172.31.40.0-255,66,101628,65,169518
10738,0.001664,74.125.24.0-255,5738,107366,65,169518
10739,0.001666,172.31.40.0-255,66,107432,65,169518
10740,0.001689,74.125.24.0-255,5020,112452,65,169518
10741,0.001691,172.31.40.0-255,66,112518,65,169518
10742,0.001821,74.125.24.0-255,1484,114002,65,169518
10743,0.001835,74.125.24.0-255,2902,116904,65,169518
10744,0.001838,172.31.40.0-255,66,116970,65,169518
10745,0.001843,74.125.24.0-255,2902,119872,65,169518
10746,0.001845,172.31.40.0-255,66,119938,65,169518
10747,0.001867,74.125.24.0-255,2902,122840,65,169518
10748,0.001882,74.125.24.0-255,4320,127160,65,169518
10749,0.001894,172.31.40.0-255,66,127226,65,169518
10750,0.001921,172.31.40.0-255,66,127292,65,169518
10751,0.001949,74.125.24.0-255,2184,129476,65,169518
10752,0.001966,172.31.40.0-255,66,129542,65,169518
10753,0.002113,74.125.24.0-255,1484,131026,65,169518
10754,0.002118,74.125.24.0-255,2902,133928,65,169518
10755,0.00212,74.125.24.0-255,1484,135412,65,169518
10756,0.002126,172.31.40.0-255,66,135478,65,169518
10757,0.002155,74.125.24.0-255,4320,139798,65,169518
10758,0.00223,74.125.24.0-255,7156,146954,65,169518
10759,0.002238,172.31.40.0-255,66,147020,65,169518
10760,0.002297,74.125.24.0-255,6438,153458,65,169518
10761,0.002299,74.125.24.0-255,1484,154942,65,169518
10762,0.002304,74.125.24.0-255,2902,157844,65,169518
10763,0.002318,172.31.40.0-255,66,157910,65,169518
10764,0.002336,74.125.24.0-255,5738,163648,65,169518
10765,0.002359,172.31.40.0-255,66,163714,65,169518
10766,0.004704,74.125.24.0-255,5738,169452,65,169518
10767,0.008274,172.31.40.0-255,66,169518,65,169518
10768,0.0,74.125.24.0-255,153,153,65,222461
10769,2.3e-05,172.31.40.0-255,66,219,65,222461
10770,3.1e-05,74.125.24.0-255,1484,1703,65,222461
10771,3.6e-05,172.31.40.0-255,66,1769,65,222461
10772,4.2e-05,74.125.24.0-255,2902,4671,65,222461
10773,4.7e-05,172.31.40.0-255,66,4737,65,222461
10774,5e-05,74.125.24.0-255,1484,6221,65,222461
10775,5.2e-05,172.31.40.0-255,66,6287,65,222461
10776,8.7e-05,74.125.24.0-255,2902,9189,65,222461
10777,9e-05,172.31.40.0-255,66,9255,65,222461
10778,0.000112,74.125.24.0-255,4903,14158,65,222461
10779,0.000115,172.31.40.0-255,66,14224,65,222461
10780,0.000125,172.31.40.0-255,66,14290,65,222461
10781,0.000166,74.125.24.0-255,5738,20028,65,222461
10782,0.000168,172.31.40.0-255,66,20094,65,222461
10783,0.000182,74.125.24.0-255,2543,22637,65,222461
10784,0.000185,172.31.40.0-255,66,22703,65,222461
10785,0.000287,74.125.24.0-255,1484,24187,65,222461
10786,0.000291,172.31.40.0-255,66,24253,65,222461
10787,0.000296,74.125.24.0-255,2902,27155,65,222461
10788,0.000299,172.31.40.0-255,66,27221,65,222461
10789,0.000319,74.125.24.0-255,5738,32959,65,222461
10790,0.000322,172.31.40.0-255,66,33025,65,222461
10791,0.000358,172.31.40.0-255,66,33091,65,222461
10792,0.000384,74.125.24.0-255,1484,34575,65,222461
10793,0.000386,172.31.40.0-255,66,34641,65,222461
10794,0.000415,172.31.40.0-255,66,34707,65,222461
10795,0.000439,74.125.24.0-255,109,34816,65,222461
10796,0.000441,172.31.40.0-255,66,34882,65,222461
10797,0.000489,74.125.24.0-255,333,35215,65,222461
10798,0.000886,74.125.24.0-255,1484,36699,65,222461
10799,0.000892,172.31.40.0-255,66,36765,65,222461
10800,0.000897,74.125.24.0-255,2902,39667,65,222461
10801,0.000899,172.31.40.0-255,66,39733,65,222461
10802,0.000902,74.125.24.0-255,1484,41217,65,222461
10803,0.00092,74.125.24.0-255,4320,45537,65,222461
10804,0.000922,172.31.40.0-255,66,45603,65,222461
10805,0.000945,74.125.24.0-255,4320,49923,65,222461
10806,0.000948,172.31.40.0-255,66,49989,65,222461
10807,0.000975,172.31.40.0-255,66,50055,65,222461
10808,0.000978,74.125.24.0-255,1484,51539,65,222461
10809,0.000998,74.125.24.0-255,7156,58695,65,222461
10810,0.001024,172.31.40.0-255,66,58761,65,222461
10811,0.001038,74.125.24.0-255,2184,60945,65,222461
10812,0.001041,172.31.40.0-255,66,61011,65,222461
10813,0.001269,74.125.24.0-255,1484,62495,65,222461
10814,0.001298,74.125.24.0-255,2902,65397,65,222461
10815,0.001302,172.31.40.0-255,66,65463,65,222461
10816,0.001308,74.125.24.0-255,4320,69783,65,222461
10817,0.00131,172.31.40.0-255,66,69849,65,222461
10818,0.001321,172.31.40.0-255,66,69915,65,222461
10819,0.001356,74.125.24.0-255,5738,75653,65,222461
10820,0.00136,172.31.40.0-255,66,75719,65,222461
10821,0.001387,172.31.40.0-255,66,75785,65,222461
10822,0.001403,74.125.24.0-255,2184,77969,65,222461
10823,0.001406,172.31.40.0-255,66,78035,65,222461
10824,0.002004,74.125.24.0-255,1484,79519,65,222461
10825,0.002013,74.125.24.0-255,2902,82421,65,222461
10826,0.002016,172.31.40.0-255,66,82487,65,222461
10827,0.002038,74.125.24.0-255,5738,88225,65,222461
10828,0.00204,172.31.40.0-255,66,88291,65,222461
10829,0.002044,74.125.24.0-255,2902,91193,65,222461
10830,0.002046,172.31.40.0-255,66,91259,65,222461
10831,0.00208,172.31.40.0-255,66,91325,65,222461
10832,0.002091,172.31.40.0-255,66,91391,65,222461
10833,0.002094,74.125.24.0-255,1484,92875,65,222461
10834,0.002136,172.31.40.0-255,66,92941,65,222461
10835,0.002141,74.125.24.0-255,4320,97261,65,222461
10836,0.002143,172.31.40.0-255,66,97327,65,222461
10837,0.002187,172.31.40.0-255,66,97393,65,222461
10838,0.002208,74.125.24.0-255,5020,102413,65,222461
10839,0.00221,172.31.40.0-255,66,102479,65,222461
10840,0.002216,74.125.24.0-255,5738,108217,65,222461
10841,0.002219,172.31.40.0-255,66,108283,65,222461
10842,0.002225,74.125.24.0-255,5738,114021,65,222461
10843,0.002227,172.31.40.0-255,66,114087,65,222461
10844,0.002249,74.125.24.0-255,1484,115571,65,222461
10845,0.002255,74.125.24.0-255,5738,121309,65,222461
10846,0.002257,172.31.40.0-255,66,121375,65,222461
10847,0.00226,74.125.24.0-255,1484,122859,65,222461
10848,0.002273,74.125.24.0-255,1484,124343,65,222461
10849,0.002275,172.31.40.0-255,66,124409,65,222461
10850,0.002297,74.125.24.0-255,7156,131565,65,222461
10851,0.0023,172.31.40.0-255,66,131631,65,222461
10852,0.002328,74.125.24.0-255,5020,136651,65,222461
10853,0.002331,172.31.40.0-255,66,136717,65,222461
10854,0.002345,74.125.24.0-255,2902,139619,65,222461
10855,0.002347,172.31.40.0-255,66,139685,65,222461
10856,0.002372,74.125.24.0-255,1484,141169,65,222461
10857,0.002391,74.125.24.0-255,2902,144071,65,222461
10858,0.002394,172.31.40.0-255,66,144137,65,222461
10859,0.002412,74.125.24.0-255,2902,147039,65,222461
10860,0.002414,172.31.40.0-255,66,147105,65,222461
10861,0.002425,74.125.24.0-255,1484,148589,65,222461
10862,0.002452,74.125.24.0-255,5738,154327,65,222461
10863,0.002454,172.31.40.0-255,66,154393,65,222461
10864,0.002457,74.125.24.0-255,1484,155877,65,222461
10865,0.002479,74.125.24.0-255,5738,161615,65,222461
10866,0.002481,172.31.40.0-255,66,161681,65,222461
10867,0.002508,74.125.24.0-255,4320,166001,65,222461
10868,0.002511,172.31.40.0-255,66,166067,65,222461
10869,0.002516,74.125.24.0-255,5020,171087,65,222461
10870,0.002518,172.31.40.0-255,66,171153,65,222461
10871,0.002615,74.125.24.0-255,1484,172637,65,222461
10872,0.002629,74.125.24.0-255,2902,175539,65,222461
10873,0.002631,172.31.40.0-255,66,175605,65,222461
10874,0.002635,74.125.24.0-255,1484,177089,65,222461
10875,0.002651,74.125.24.0-255,2902,179991,65,222461
10876,0.002654,172.31.40.0-255,66,180057,65,222461
10877,0.002667,74.125.24.0-255,1484,181541,65,222461
10878,0.002669,74.125.24.0-255,1484,183025,65,222461
10879,0.002671,172.31.40.0-255,66,183091,65,222461
10880,0.002725,172.31.40.0-255,66,183157,65,222461
10881,0.002736,172.31.40.0-255,66,183223,65,222461
10882,0.002889,74.125.24.0-255,1484,184707,65,222461
10883,0.002895,74.125.24.0-255,2902,187609,65,222461
10884,0.002898,172.31.40.0-255,66,187675,65,222461
10885,0.002901,74.125.24.0-255,1484,189159,65,222461
10886,0.002924,74.125.24.0-255,4320,193479,65,222461
10887,0.002926,172.31.40.0-255,66,193545,65,222461
10888,0.00293,74.125.24.0-255,2902,196447,65,222461
10889,0.002931,172.31.40.0-255,66,196513,65,222461
10890,0.002952,74.125.24.0-255,5738,202251,65,222461
10891,0.002955,172.31.40.0-255,66,202317,65,222461
10892,0.002959,74.125.24.0-255,4320,206637,65,222461
10893,0.002961,172.31.40.0-255,66,206703,65,222461
10894,0.002977,74.125.24.0-255,1484,208187,65,222461
10895,0.003003,172.31.40.0-255,66,208253,65,222461
10896,0.003021,74.125.24.0-255,2184,210437,65,222461
10897,0.003022,172.31.40.0-255,66,210503,65,222461
10898,0.003025,74.125.24.0-255,1484,211987,65,222461
10899,0.003027,74.125.24.0-255,1484,213471,65,222461
10900,0.003029,172.31.40.0-255,66,213537,65,222461
10901,0.003033,74.125.24.0-255,2902,216439,65,222461
10902,0.003035,172.31.40.0-255,66,216505,65,222461
10903,0.003068,172.31.40.0-255,66,216571,65,222461
10904,0.003072,74.125.24.0-255,2184,218755,65,222461
10905,0.003074,172.31.40.0-255,66,218821,65,222461
10906,0.003078,74.125.24.0-255,2902,221723,65,222461
10907,0.00308,172.31.40.0-255,66,221789,65,222461
10908,0.003092,172.31.40.0-255,66,221855,65,222461
10909,0.003135,172.31.40.0-255,66,221921,65,222461
10910,0.003138,74.125.24.0-255,97,222018,65,222461
10911,0.00315,74.125.24.0-255,105,222123,65,222461
10912,0.005352,172.31.40.0-255,101,222224,65,222461
10913,0.006664,172.31.40.0-255,105,222329,65,222461
10914,0.007352,74.125.24.0-255,66,222395,65,222461
10915,0.008655,74.125.24.0-255,66,222461,65,222461
10916,0.0,74.125.24.0-255,153,153,65,140821
10917,1.5e-05,172.31.40.0-255,66,219,65,140821
10918,2.2e-05,74.125.24.0-255,1484,1703,65,140821
10919,2.7e-05,172.31.40.0-255,66,1769,65,140821
10920,3.3e-05,74.125.24.0-255,2902,4671,65,140821
10921,3.6e-05,172.31.40.0-255,66,4737,65,140821
10922,6.3e-05,74.125.24.0-255,5738,10475,65,140821
10923,6.6e-05,172.31.40.0-255,66,10541,65,140821
10924,7.8e-05,74.125.24.0-255,1484,12025,65,140821
10925,8.1e-05,172.31.40.0-255,66,12091,65,140821
10926,8.4e-05,74.125.24.0-255,1484,13575,65,140821
10927,8.6e-05,172.31.40.0-255,66,13641,65,140821
10928,9e-05,74.125.24.0-255,637,14278,65,140821
10929,9.1e-05,172.31.40.0-255,66,14344,65,140821
10930,0.000318,74.125.24.0-255,1484,15828,65,140821
10931,0.000324,74.125.24.0-255,2902,18730,65,140821
10932,0.000331,172.31.40.0-255,66,18796,65,140821
10933,0.000339,172.31.40.0-255,66,18862,65,140821
10934,0.000356,74.125.24.0-255,5738,24600,65,140821
10935,0.000358,172.31.40.0-255,66,24666,65,140821
10936,0.000403,74.125.24.0-255,2902,27568,65,140821
10937,0.000407,172.31.40.0-255,66,27634,65,140821
10938,0.000423,74.125.24.0-255,3961,31595,65,140821
10939,0.000425,172.31.40.0-255,66,31661,65,140821
10940,0.000584,74.125.24.0-255,1484,33145,65,140821
10941,0.000589,172.31.40.0-255,66,33211,65,140821
10942,0.000605,74.125.24.0-255,2902,36113,65,140821
10943,0.000608,172.31.40.0-255,66,36179,65,140821
10944,0.000611,74.125.24.0-255,1484,37663,65,140821
10945,0.000613,172.31.40.0-255,66,37729,65,140821
10946,0.000633,74.125.24.0-255,2902,40631,65,140821
10947,0.000636,172.31.40.0-255,66,40697,65,140821
10948,0.000674,172.31.40.0-255,66,40763,65,140821
10949,0.000679,74.125.24.0-255,4320,45083,65,140821
10950,0.000681,172.31.40.0-255,66,45149,65,140821
10951,0.000686,74.125.24.0-255,2902,48051,65,140821
10952,0.000688,172.31.40.0-255,66,48117,65,140821
10953,0.00071,74.125.24.0-255,2902,51019,65,140821
10954,0.000712,74.125.24.0-255,1484,52503,65,140821
10955,0.000717,172.31.40.0-255,66,52569,65,140821
10956,0.000735,74.125.24.0-255,3961,56530,65,140821
10957,0.000737,172.31.40.0-255,66,56596,65,140821
10958,0.000814,74.125.24.0-255,645,57241,65,140821
10959,0.001069,172.31.40.0-255,66,57307,65,140821
10960,0.00125,74.125.24.0-255,1484,58791,65,140821
10961,0.00126,74.125.24.0-255,2902,61693,65,140821
10962,0.001263,172.31.40.0-255,66,61759,65,140821
10963,0.001282,74.125.24.0-255,4320,66079,65,140821
10964,0.001284,172.31.40.0-255,66,66145,65,140821
10965,0.001306,74.125.24.0-255,1484,67629,65,140821
10966,0.001312,74.125.24.0-255,4320,71949,65,140821
10967,0.001315,172.31.40.0-255,66,72015,65,140821
10968,0.001348,172.31.40.0-255,66,72081,65,140821
10969,0.001356,74.125.24.0-255,7156,79237,65,140821
10970,0.001358,172.31.40.0-255,66,79303,65,140821
10971,0.001384,74.125.24.0-255,3602,82905,65,140821
10972,0.001387,172.31.40.0-255,66,82971,65,140821
10973,0.001721,74.125.24.0-255,1484,84455,65,140821
10974,0.001728,74.125.24.0-255,2902,87357,65,140821
10975,0.001732,172.31.40.0-255,66,87423,65,140821
10976,0.001757,74.125.24.0-255,5738,93161,65,140821
10977,0.001759,172.31.40.0-255,66,93227,65,140821
10978,0.001776,74.125.24.0-255,4320,97547,65,140821
10979,0.001778,172.31.40.0-255,66,97613,65,140821
10980,0.001813,172.31.40.0-255,66,97679,65,140821
10981,0.001823,172.31.40.0-255,66,97745,65,140821
10982,0.001841,74.125.24.0-255,2184,99929,65,140821
10983,0.001843,172.31.40.0-255,66,99995,65,140821
10984,0.001875,74.125.24.0-255,2902,102897,65,140821
10985,0.001878,172.31.40.0-255,66,102963,65,140821
10986,0.001888,74.125.24.0-255,1484,104447,65,140821
10987,0.001903,74.125.24.0-255,5738,110185,65,140821
10988,0.001906,172.31.40.0-255,66,110251,65,140821
10989,0.001913,74.125.24.0-255,7156,117407,65,140821
10990,0.001915,172.31.40.0-255,66,117473,65,140821
10991,0.00193,74.125.24.0-255,4320,121793,65,140821
10992,0.001932,172.31.40.0-255,66,121859,65,140821
10993,0.001936,74.125.24.0-255,1484,123343,65,140821
10994,0.001966,172.31.40.0-255,66,123409,65,140821
10995,0.004095,74.125.24.0-255,5738,129147,65,140821
10996,0.004102,172.31.40.0-255,66,129213,65,140821
10997,0.006199,74.125.24.0-255,5738,134951,65,140821
10998,0.006203,172.31.40.0-255,66,135017,65,140821
10999,0.008308,74.125.24.0-255,5738,140755,65,140821
11000,0.008315,172.31.40.0-255,66,140821,65,140821
11001,0.0,74.125.24.0-255,149,149,65,146688
11002,1.4e-05,172.31.40.0-255,66,215,65,146688
11003,2e-05,74.125.24.0-255,1484,1699,65,146688
11004,2.4e-05,172.31.40.0-255,66,1765,65,146688
11005,5.2e-05,74.125.24.0-255,2902,4667,65,146688
11006,5.9e-05,172.31.40.0-255,66,4733,65,146688
11007,6.5e-05,74.125.24.0-255,5738,10471,65,146688
11008,6.7e-05,172.31.40.0-255,66,10537,65,146688
11009,9.2e-05,74.125.24.0-255,3506,14043,65,146688
11010,9.4e-05,172.31.40.0-255,66,14109,65,146688
11011,0.000134,74.125.24.0-255,4320,18429,65,146688
11012,0.000137,172.31.40.0-255,66,18495,65,146688
11013,0.000142,74.125.24.0-255,4320,22815,65,146688
11014,0.000143,172.31.40.0-255,66,22881,65,146688
11015,0.000192,74.125.24.0-255,1484,24365,65,146688
11016,0.000194,172.31.40.0-255,66,24431,65,146688
11017,0.000224,74.125.24.0-255,6797,31228,65,146688
11018,0.000226,172.31.40.0-255,66,31294,65,146688
11019,0.00031,74.125.24.0-255,1484,32778,65,146688
11020,0.000314,172.31.40.0-255,66,32844,65,146688
11021,0.000318,74.125.24.0-255,2902,35746,65,146688
11022,0.000321,172.31.40.0-255,66,35812,65,146688
11023,0.000325,74.125.24.0-255,4320,40132,65,146688
11024,0.000332,172.31.40.0-255,66,40198,65,146688
11025,0.000363,74.125.24.0-255,1484,41682,65,146688
11026,0.000365,172.31.40.0-255,66,41748,65,146688
11027,0.00037,74.125.24.0-255,4320,46068,65,146688
11028,0.000373,172.31.40.0-255,66,46134,65,146688
11029,0.000387,172.31.40.0-255,66,46200,65,146688
11030,0.000409,74.125.24.0-255,2543,48743,65,146688
11031,0.000411,172.31.40.0-255,66,48809,65,146688
11032,0.000416,74.125.24.0-255,2902,51711,65,146688
11033,0.000441,74.125.24.0-255,3961,55672,65,146688
11034,0.000487,172.31.40.0-255,66,55738,65,146688
11035,0.000793,74.125.24.0-255,399,56137,65,146688
11036,0.001007,172.31.40.0-255,66,56203,65,146688
11037,0.001083,74.125.24.0-255,1484,57687,65,146688
11038,0.00109,74.125.24.0-255,1484,59171,65,146688
11039,0.001093,172.31.40.0-255,66,59237,65,146688
11040,0.001123,74.125.24.0-255,1484,60721,65,146688
11041,0.001128,74.125.24.0-255,2902,63623,65,146688
11042,0.00113,172.31.40.0-255,66,63689,65,146688
11043,0.001138,74.125.24.0-255,7156,70845,65,146688
11044,0.00114,172.31.40.0-255,66,70911,65,146688
11045,0.001168,74.125.24.0-255,7156,78067,65,146688
11046,0.001171,172.31.40.0-255,66,78133,65,146688
11047,0.001174,74.125.24.0-255,1484,79617,65,146688
11048,0.001201,74.125.24.0-255,7156,86773,65,146688
11049,0.001203,172.31.40.0-255,66,86839,65,146688
11050,0.001206,74.125.24.0-255,1484,88323,65,146688
11051,0.001231,74.125.24.0-255,2184,90507,65,146688
11052,0.001494,74.125.24.0-255,343,90850,65,146688
11053,0.001643,74.125.24.0-255,1484,92334,65,146688
11054,0.00165,74.125.24.0-255,2902,95236,65,146688
11055,0.001667,74.125.24.0-255,4320,99556,65,146688
11056,0.001691,74.125.24.0-255,5738,105294,65,146688
11057,0.001702,74.125.24.0-255,1484,106778,65,146688
11058,0.00172,74.125.24.0-255,4320,111098,65,146688
11059,0.001746,74.125.24.0-255,5738,116836,65,146688
11060,0.001961,74.125.24.0-255,1484,118320,65,146688
11061,0.001968,74.125.24.0-255,2902,121222,65,146688
11062,0.001984,74.125.24.0-255,2902,124124,65,146688
11063,0.001999,74.125.24.0-255,2902,127026,65,146688
11064,0.002006,74.125.24.0-255,5738,132764,65,146688
11065,0.002021,74.125.24.0-255,1484,134248,65,146688
11066,0.002027,74.125.24.0-255,4320,138568,65,146688
11067,0.002062,74.125.24.0-255,1484,140052,65,146688
11068,0.002064,74.125.24.0-255,766,140818,65,146688
11069,0.005905,172.31.40.0-255,66,140884,65,146688
11070,0.00807,74.125.24.0-255,5738,146622,65,146688
11071,0.008075,172.31.40.0-255,66,146688,65,146688
11072,0.0,74.125.24.0-255,153,153,65,100974
11073,1.8e-05,172.31.40.0-255,66,219,65,100974
11074,2.6e-05,74.125.24.0-255,1484,1703,65,100974
11075,3.1e-05,172.31.40.0-255,66,1769,65,100974
11076,3.6e-05,74.125.24.0-255,2902,4671,65,100974
11077,3.9e-05,172.31.40.0-255,66,4737,65,100974
11078,4.7e-05,74.125.24.0-255,7156,11893,65,100974
11079,5e-05,172.31.40.0-255,66,11959,65,100974
11080,5.5e-05,74.125.24.0-255,2902,14861,65,100974
11081,5.8e-05,172.31.40.0-255,66,14927,65,100974
11082,9.1e-05,172.31.40.0-255,66,14993,65,100974
11083,9.9e-05,74.125.24.0-255,6797,21790,65,100974
11084,0.000101,172.31.40.0-255,66,21856,65,100974
11085,0.000244,74.125.24.0-255,1484,23340,65,100974
11086,0.000249,172.31.40.0-255,66,23406,65,100974
11087,0.000254,74.125.24.0-255,2902,26308,65,100974
11088,0.000256,172.31.40.0-255,66,26374,65,100974
11089,0.000263,74.125.24.0-255,5738,32112,65,100974
11090,0.000265,172.31.40.0-255,66,32178,65,100974
11091,0.000293,74.125.24.0-255,7156,39334,65,100974
11092,0.000296,172.31.40.0-255,66,39400,65,100974
11093,0.000319,74.125.24.0-255,5738,45138,65,100974
11094,0.000321,172.31.40.0-255,66,45204,65,100974
11095,0.000343,74.125.24.0-255,5738,50942,65,100974
11096,0.000346,172.31.40.0-255,66,51008,65,100974
11097,0.000376,74.125.24.0-255,5020,56028,65,100974
11098,0.000378,172.31.40.0-255,66,56094,65,100974
11099,0.000685,74.125.24.0-255,357,56451,65,100974
11100,0.000689,172.31.40.0-255,66,56517,65,100974
11101,0.000784,74.125.24.0-255,135,56652,65,100974
11102,0.000788,172.31.40.0-255,66,56718,65,100974
11103,0.001011,74.125.24.0-255,1484,58202,65,100974
11104,0.001016,74.125.24.0-255,1484,59686,65,100974
11105,0.001019,172.31.40.0-255,66,59752,65,100974
11106,0.001033,74.125.24.0-255,1484,61236,65,100974
11107,0.00104,74.125.24.0-255,5738,66974,65,100974
11108,0.001042,172.31.40.0-255,66,67040,65,100974
11109,0.001086,172.31.40.0-255,66,67106,65,100974
11110,0.001133,172.31.40.0-255,66,67172,65,100974
11111,0.001982,74.125.24.0-255,1484,68656,65,100974
11112,0.001992,74.125.24.0-255,2902,71558,65,100974
11113,0.001996,172.31.40.0-255,66,71624,65,100974
11114,0.00202,74.125.24.0-255,2902,74526,65,100974
11115,0.002021,172.31.40.0-255,66,74592,65,100974
11116,0.002041,74.125.24.0-255,2902,77494,65,100974
11117,0.002043,172.31.40.0-255,66,77560,65,100974
11118,0.002046,74.125.24.0-255,1484,79044,65,100974
11119,0.002055,172.31.40.0-255,66,79110,65,100974
11120,0.002075,74.125.24.0-255,4320,83430,65,100974
11121,0.002077,172.31.40.0-255,66,83496,65,100974
11122,0.002097,172.31.40.0-255,66,83562,65,100974
11123,0.004267,74.125.24.0-255,5738,89300,65,100974
11124,0.004274,172.31.40.0-255,66,89366,65,100974
11125,0.006448,74.125.24.0-255,5738,95104,65,100974
11126,0.006454,172.31.40.0-255,66,95170,65,100974
11127,0.008657,74.125.24.0-255,5738,100908,65,100974
11128,0.008663,172.31.40.0-255,66,100974,65,100974
11129,0.0,74.125.200.0-255,156,156,65,250992
11130,1.5e-05,172.31.40.0-255,66,222,65,250992
11131,3.2e-05,74.125.200.0-255,1484,1706,65,250992
11132,3.6e-05,172.31.40.0-255,66,1772,65,250992
11133,5.3e-05,74.125.200.0-255,2902,4674,65,250992
11134,5.6e-05,172.31.40.0-255,66,4740,65,250992
11135,5.9e-05,74.125.200.0-255,1484,6224,65,250992
11136,6.1e-05,172.31.40.0-255,66,6290,65,250992
11137,8.3e-05,74.125.200.0-255,4320,10610,65,250992
11138,8.5e-05,172.31.40.0-255,66,10676,65,250992
11139,8.8e-05,74.125.200.0-255,1484,12160,65,250992
11140,8.9e-05,172.31.40.0-255,66,12226,65,250992
11141,9.4e-05,74.125.200.0-255,2037,14263,65,250992
11142,9.6e-05,172.31.40.0-255,66,14329,65,250992
11143,0.000137,74.125.200.0-255,5738,20067,65,250992
11144,0.00014,172.31.40.0-255,66,20133,65,250992
11145,0.000175,74.125.200.0-255,7156,27289,65,250992
11146,0.000178,172.31.40.0-255,66,27355,65,250992
11147,0.000183,74.125.200.0-255,3961,31316,65,250992
11148,0.000184,172.31.40.0-255,66,31382,65,250992
11149,0.000243,74.125.200.0-255,1484,32866,65,250992
11150,0.000246,172.31.40.0-255,66,32932,65,250992
11151,0.000264,74.125.200.0-255,2902,35834,65,250992
11152,0.000266,172.31.40.0-255,66,35900,65,250992
11153,0.000268,74.125.200.0-255,1484,37384,65,250992
11154,0.00027,172.31.40.0-255,66,37450,65,250992
11155,0.000282,74.125.200.0-255,1484,38934,65,250992
11156,0.000284,172.31.40.0-255,66,39000,65,250992
11157,0.000301,74.125.200.0-255,2902,41902,65,250992
11158,0.000303,172.31.40.0-255,66,41968,65,250992
11159,0.000324,74.125.200.0-255,1484,43452,65,250992
11160,0.000326,172.31.40.0-255,66,43518,65,250992
11161,0.00034,74.125.200.0-255,4320,47838,65,250992
11162,0.000343,172.31.40.0-255,66,47904,65,250992
11163,0.000364,74.125.200.0-255,1125,49029,65,250992
11164,0.000457,74.125.200.0-255,1484,50513,65,250992
11165,0.000461,172.31.40.0-255,66,50579,65,250992
11166,0.000479,74.125.200.0-255,2902,53481,65,250992
11167,0.000481,172.31.40.0-255,66,53547,65,250992
11168,0.000496,74.125.200.0-255,4320,57867,65,250992
11169,0.000499,172.31.40.0-255,66,57933,65,250992
11170,0.000533,74.125.200.0-255,1484,59417,65,250992
11171,0.000547,74.125.200.0-255,5738,65155,65,250992
11172,0.000549,172.31.40.0-255,66,65221,65,250992
11173,0.000565,74.125.200.0-255,1125,66346,65,250992
11174,0.000625,74.125.200.0-255,1484,67830,65,250992
11175,0.000628,172.31.40.0-255,66,67896,65,250992
11176,0.000645,74.125.200.0-255,2902,70798,65,250992
11177,0.000647,172.31.40.0-255,66,70864,65,250992
11178,0.000666,74.125.200.0-255,4320,75184,65,250992
11179,0.000668,172.31.40.0-255,66,75250,65,250992
11180,0.000691,74.125.200.0-255,1484,76734,65,250992
11181,0.000695,74.125.200.0-255,2902,79636,65,250992
11182,0.000697,172.31.40.0-255,66,79702,65,250992
11183,0.0007,74.125.200.0-255,1484,81186,65,250992
11184,0.000719,74.125.200.0-255,2543,83729,65,250992
11185,0.000722,172.31.40.0-255,66,83795,65,250992
11186,0.000741,74.125.200.0-255,4320,88115,65,250992
11187,0.000744,172.31.40.0-255,66,88181,65,250992
11188,0.000765,74.125.200.0-255,5738,93919,65,250992
11189,0.000768,172.31.40.0-255,66,93985,65,250992
11190,0.000791,74.125.200.0-255,6797,100782,65,250992
11191,0.000793,172.31.40.0-255,66,100848,65,250992
11192,0.001254,74.125.200.0-255,1484,102332,65,250992
11193,0.001273,74.125.200.0-255,1484,103816,65,250992
11194,0.001276,172.31.40.0-255,66,103882,65,250992
11195,0.001289,74.125.200.0-255,1484,105366,65,250992
11196,0.001295,74.125.200.0-255,5738,111104,65,250992
11197,0.001297,172.31.40.0-255,66,111170,65,250992
11198,0.001313,74.125.200.0-255,1484,112654,65,250992
11199,0.001332,74.125.200.0-255,5738,118392,65,250992
11200,0.001333,172.31.40.0-255,66,118458,65,250992
11201,0.001354,74.125.200.0-255,5738,124196,65,250992
11202,0.001356,172.31.40.0-255,66,124262,65,250992
11203,0.00137,74.125.200.0-255,4320,128582,65,250992
11204,0.001373,172.31.40.0-255,66,128648,65,250992
11205,0.001402,74.125.200.0-255,6438,135086,65,250992
11206,0.001406,172.31.40.0-255,66,135152,65,250992
11207,0.001621,74.125.200.0-255,1484,136636,65,250992
11208,0.001624,74.125.200.0-255,1484,138120,65,250992
11209,0.001627,172.31.40.0-255,66,138186,65,250992
11210,0.001648,74.125.200.0-255,1484,139670,65,250992
11211,0.001652,74.125.200.0-255,2902,142572,65,250992
11212,0.001654,172.31.40.0-255,66,142638,65,250992
11213,0.001678,74.125.200.0-255,4320,146958,65,250992
11214,0.001682,172.31.40.0-255,66,147024,65,250992
11215,0.001699,74.125.200.0-255,1484,148508,65,250992
11216,0.001718,74.125.200.0-255,5738,154246,65,250992
11217,0.001721,172.31.40.0-255,66,154312,65,250992
11218,0.001733,74.125.200.0-255,1484,155796,65,250992
11219,0.001755,74.125.200.0-255,7156,162952,65,250992
11220,0.001757,172.31.40.0-255,66,163018,65,250992
11221,0.001761,74.125.200.0-255,2902,165920,65,250992
11222,0.001763,172.31.40.0-255,66,165986,65,250992
11223,0.001768,74.125.200.0-255,3602,169588,65,250992
11224,0.001769,172.31.40.0-255,66,169654,65,250992
11225,0.001853,74.125.200.0-255,1484,171138,65,250992
11226,0.001857,74.125.200.0-255,1484,172622,65,250992
11227,0.00186,172.31.40.0-255,66,172688,65,250992
11228,0.001875,74.125.200.0-255,1484,174172,65,250992
11229,0.001878,74.125.200.0-255,1484,175656,65,250992
11230,0.00188,172.31.40.0-255,66,175722,65,250992
11231,0.0019,74.125.200.0-255,4320,180042,65,250992
11232,0.001902,74.125.200.0-255,1484,181526,65,250992
11233,0.001907,172.31.40.0-255,66,181592,65,250992
11234,0.001914,74.125.200.0-255,1484,183076,65,250992
11235,0.001915,172.31.40.0-255,66,183142,65,250992
11236,0.001942,74.125.200.0-255,4320,187462,65,250992
11237,0.001944,172.31.40.0-255,66,187528,65,250992
11238,0.001962,74.125.200.0-255,1484,189012,65,250992
11239,0.001991,74.125.200.0-255,5738,194750,65,250992
11240,0.001993,172.31.40.0-255,66,194816,65,250992
11241,0.002003,172.31.40.0-255,66,194882,65,250992
11242,0.002005,74.125.200.0-255,766,195648,65,250992
11243,0.002128,74.125.200.0-255,1484,197132,65,250992
11244,0.002132,172.31.40.0-255,66,197198,65,250992
11245,0.002137,74.125.200.0-255,2902,200100,65,250992
11246,0.002139,172.31.40.0-255,66,200166,65,250992
11247,0.002151,74.125.200.0-255,2902,203068,65,250992
11248,0.002155,172.31.40.0-255,66,203134,65,250992
11249,0.002188,74.125.200.0-255,1484,204618,65,250992
11250,0.002194,74.125.200.0-255,5738,210356,65,250992
11251,0.002196,172.31.40.0-255,66,210422,65,250992
11252,0.002203,74.125.200.0-255,7156,217578,65,250992
11253,0.002205,172.31.40.0-255,66,217644,65,250992
11254,0.002238,74.125.200.0-255,4320,221964,65,250992
11255,0.002241,172.31.40.0-255,66,222030,65,250992
11256,0.002246,74.125.200.0-255,4320,226350,65,250992
11257,0.002247,172.31.40.0-255,66,226416,65,250992
11258,0.002261,74.125.200.0-255,1484,227900,65,250992
11259,0.002279,74.125.200.0-255,2184,230084,65,250992
11260,0.002281,172.31.40.0-255,66,230150,65,250992
11261,0.002405,74.125.200.0-255,1484,231634,65,250992
11262,0.002409,74.125.200.0-255,1484,233118,65,250992
11263,0.002411,172.31.40.0-255,66,233184,65,250992
11264,0.004716,74.125.200.0-255,2902,236086,65,250992
11265,0.004723,172.31.40.0-255,66,236152,65,250992
11266,0.004827,74.125.200.0-255,2902,239054,65,250992
11267,0.00483,172.31.40.0-255,66,239120,65,250992
11268,0.007143,74.125.200.0-255,2902,242022,65,250992
11269,0.007149,172.31.40.0-255,66,242088,65,250992
11270,0.007241,74.125.200.0-255,2902,244990,65,250992
11271,0.007246,172.31.40.0-255,66,245056,65,250992
11272,0.009565,74.125.200.0-255,2902,247958,65,250992
11273,0.00957,172.31.40.0-255,66,248024,65,250992
11274,0.009654,74.125.200.0-255,2902,250926,65,250992
11275,0.009658,172.31.40.0-255,66,250992,65,250992
11276,0.0,172.31.40.0-255,105,105,65,459
11277,0.000258,172.31.40.0-255,90,195,65,459
11278,0.000269,172.31.40.0-255,66,261,65,459
11279,0.002247,74.125.200.0-255,66,327,65,459
11280,0.00228,74.125.200.0-255,66,393,65,459
11281,0.002304,172.31.40.0-255,66,459,65,459
11282,0.0,172.217.194.0-255,153,153,65,230850
11283,1.4e-05,172.31.40.0-255,66,219,65,230850
11284,2.1e-05,172.217.194.0-255,1484,1703,65,230850
11285,2.6e-05,172.31.40.0-255,66,1769,65,230850
11286,3.2e-05,172.217.194.0-255,2902,4671,65,230850
11287,3.6e-05,172.31.40.0-255,66,4737,65,230850
11288,4e-05,172.217.194.0-255,2902,7639,65,230850
11289,4.3e-05,172.31.40.0-255,66,7705,65,230850
11290,6.6e-05,172.217.194.0-255,4320,12025,65,230850
11291,6.9e-05,172.31.40.0-255,66,12091,65,230850
11292,7.4e-05,172.217.194.0-255,1983,14074,65,230850
11293,7.6e-05,172.31.40.0-255,66,14140,65,230850
11294,0.000202,172.217.194.0-255,1484,15624,65,230850
11295,0.000206,172.31.40.0-255,66,15690,65,230850
11296,0.000237,172.217.194.0-255,2902,18592,65,230850
11297,0.00024,172.31.40.0-255,66,18658,65,230850
11298,0.000278,172.217.194.0-255,5738,24396,65,230850
11299,0.00028,172.31.40.0-255,66,24462,65,230850
11300,0.000293,172.217.194.0-255,1484,25946,65,230850
11301,0.000295,172.31.40.0-255,66,26012,65,230850
11302,0.000312,172.217.194.0-255,5379,31391,65,230850
11303,0.000315,172.31.40.0-255,66,31457,65,230850
11304,0.000399,172.217.194.0-255,1484,32941,65,230850
11305,0.000402,172.31.40.0-255,66,33007,65,230850
11306,0.000406,172.217.194.0-255,1484,34491,65,230850
11307,0.000408,172.31.40.0-255,66,34557,65,230850
11308,0.00042,172.217.194.0-255,1484,36041,65,230850
11309,0.000422,172.31.40.0-255,66,36107,65,230850
11310,0.000426,172.217.194.0-255,1484,37591,65,230850
11311,0.000428,172.31.40.0-255,66,37657,65,230850
11312,0.00045,172.217.194.0-255,4320,41977,65,230850
11313,0.000454,172.31.40.0-255,66,42043,65,230850
11314,0.000487,172.217.194.0-255,5738,47781,65,230850
11315,0.00049,172.31.40.0-255,66,47847,65,230850
11316,0.000516,172.31.40.0-255,66,47913,65,230850
11317,0.000519,172.217.194.0-255,1484,49397,65,230850
11318,0.000547,172.31.40.0-255,66,49463,65,230850
11319,0.000685,172.217.194.0-255,364,49827,65,230850
11320,0.00103,172.217.194.0-255,1484,51311,65,230850
11321,0.001034,172.31.40.0-255,66,51377,65,230850
11322,0.00104,172.217.194.0-255,2902,54279,65,230850
11323,0.001043,172.31.40.0-255,66,54345,65,230850
11324,0.00107,172.217.194.0-255,5738,60083,65,230850
11325,0.001073,172.31.40.0-255,66,60149,65,230850
11326,0.001099,172.217.194.0-255,7156,67305,65,230850
11327,0.001102,172.31.40.0-255,66,67371,65,230850
11328,0.001122,172.217.194.0-255,4320,71691,65,230850
11329,0.001124,172.31.40.0-255,66,71757,65,230850
11330,0.00116,172.31.40.0-255,66,71823,65,230850
11331,0.001164,172.217.194.0-255,2184,74007,65,230850
11332,0.001166,172.31.40.0-255,66,74073,65,230850
11333,0.001557,172.217.194.0-255,1484,75557,65,230850
11334,0.001566,172.217.194.0-255,2902,78459,65,230850
11335,0.00157,172.31.40.0-255,66,78525,65,230850
11336,0.001583,172.217.194.0-255,1484,80009,65,230850
11337,0.001601,172.217.194.0-255,4320,84329,65,230850
11338,0.001605,172.31.40.0-255,66,84395,65,230850
11339,0.001612,172.217.194.0-255,4320,88715,65,230850
11340,0.001614,172.31.40.0-255,66,88781,65,230850
11341,0.001632,172.217.194.0-255,5738,94519,65,230850
11342,0.001634,172.31.40.0-255,66,94585,65,230850
11343,0.001639,172.217.194.0-255,4320,98905,65,230850
11344,0.001641,172.31.40.0-255,66,98971,65,230850
11345,0.001668,172.217.194.0-255,5738,104709,65,230850
11346,0.00167,172.31.40.0-255,66,104775,65,230850
11347,0.00169,172.217.194.0-255,3602,108377,65,230850
11348,0.001693,172.31.40.0-255,66,108443,65,230850
11349,0.002061,172.217.194.0-255,1484,109927,65,230850
11350,0.00207,172.217.194.0-255,2902,112829,65,230850
11351,0.002074,172.31.40.0-255,66,112895,65,230850
11352,0.002103,172.217.194.0-255,5738,118633,65,230850
11353,0.002105,172.31.40.0-255,66,118699,65,230850
11354,0.002112,172.217.194.0-255,5738,124437,65,230850
11355,0.002114,172.31.40.0-255,66,124503,65,230850
11356,0.002128,172.217.194.0-255,1484,125987,65,230850
11357,0.002141,172.31.40.0-255,66,126053,65,230850
11358,0.002165,172.217.194.0-255,1484,127537,65,230850
11359,0.002169,172.217.194.0-255,2184,129721,65,230850
11360,0.002172,172.31.40.0-255,66,129787,65,230850
11361,0.002229,172.217.194.0-255,1484,131271,65,230850
11362,0.002234,172.217.194.0-255,2902,134173,65,230850
11363,0.002237,172.31.40.0-255,66,134239,65,230850
11364,0.00224,172.217.194.0-255,1484,135723,65,230850
11365,0.002258,172.217.194.0-255,4320,140043,65,230850
11366,0.002261,172.31.40.0-255,66,140109,65,230850
11367,0.002296,172.31.40.0-255,66,140175,65,230850
11368,0.002299,172.217.194.0-255,1484,141659,65,230850
11369,0.002325,172.31.40.0-255,66,141725,65,230850
11370,0.002396,172.217.194.0-255,1484,143209,65,230850
11371,0.002401,172.217.194.0-255,2902,146111,65,230850
11372,0.002404,172.31.40.0-255,66,146177,65,230850
11373,0.002407,172.217.194.0-255,1484,147661,65,230850
11374,0.002426,172.217.194.0-255,4320,151981,65,230850
11375,0.002429,172.31.40.0-255,66,152047,65,230850
11376,0.002431,172.217.194.0-255,1484,153531,65,230850
11377,0.002449,172.217.194.0-255,5738,159269,65,230850
11378,0.002452,172.31.40.0-255,66,159335,65,230850
11379,0.002477,172.217.194.0-255,5738,165073,65,230850
11380,0.00248,172.31.40.0-255,66,165139,65,230850
11381,0.002505,172.217.194.0-255,1484,166623,65,230850
11382,0.002517,172.217.194.0-255,2902,169525,65,230850
11383,0.002539,172.217.194.0-255,5738,175263,65,230850
11384,0.00255,172.217.194.0-255,1484,176747,65,230850
11385,0.002597,172.217.194.0-255,1484,178231,65,230850
11386,0.002602,172.217.194.0-255,2902,181133,65,230850
11387,0.002604,172.217.194.0-255,1484,182617,65,230850
11388,0.002611,172.217.194.0-255,6438,189055,65,230850
11389,0.002617,172.217.194.0-255,7156,196211,65,230850
11390,0.002619,172.217.194.0-255,1484,197695,65,230850
11391,0.002648,172.217.194.0-255,2902,200597,65,230850
11392,0.002689,172.217.194.0-255,1484,202081,65,230850
11393,0.002695,172.217.194.0-255,6438,208519,65,230850
11394,0.002707,172.217.194.0-255,2902,211421,65,230850
11395,0.002785,172.217.194.0-255,2902,214323,65,230850
11396,0.002845,172.217.194.0-255,1484,215807,65,230850
11397,0.002849,172.31.40.0-255,78,215885,65,230850
11398,0.002866,172.217.194.0-255,7156,223041,65,230850
11399,0.002868,172.217.194.0-255,1484,224525,65,230850
11400,0.002872,172.217.194.0-255,4320,228845,65,230850
11401,0.002908,172.217.194.0-255,1484,230329,65,230850
11402,0.002931,172.217.194.0-255,105,230434,65,230850
11403,0.006307,172.31.40.0-255,66,230500,65,230850
11404,0.007335,172.31.40.0-255,101,230601,65,230850
11405,0.008448,172.31.40.0-255,105,230706,65,230850
11406,0.008521,172.31.40.0-255,78,230784,65,230850
11407,0.009593,172.217.194.0-255,66,230850,65,230850
11408,0.0,74.125.24.0-255,145,145,65,313008
11409,1e-05,172.31.40.0-255,66,211,65,313008
11410,3.2e-05,74.125.24.0-255,1484,1695,65,313008
11411,3.7e-05,172.31.40.0-255,66,1761,65,313008
11412,4.2e-05,74.125.24.0-255,2902,4663,65,313008
11413,4.4e-05,172.31.40.0-255,66,4729,65,313008
11414,7.9e-05,74.125.24.0-255,7156,11885,65,313008
11415,8.3e-05,172.31.40.0-255,66,11951,65,313008
11416,8.9e-05,74.125.24.0-255,2057,14008,65,313008
11417,9.1e-05,172.31.40.0-255,66,14074,65,313008
11418,0.000228,74.125.24.0-255,1484,15558,65,313008
11419,0.000232,172.31.40.0-255,66,15624,65,313008
11420,0.000236,74.125.24.0-255,1484,17108,65,313008
11421,0.000239,172.31.40.0-255,66,17174,65,313008
11422,0.000255,74.125.24.0-255,1484,18658,65,313008
11423,0.000257,172.31.40.0-255,66,18724,65,313008
11424,0.000265,74.125.24.0-255,5738,24462,65,313008
11425,0.000267,172.31.40.0-255,66,24528,65,313008
11426,0.000295,74.125.24.0-255,5738,30266,65,313008
11427,0.000298,172.31.40.0-255,66,30332,65,313008
11428,0.000337,74.125.24.0-255,6797,37129,65,313008
11429,0.000341,172.31.40.0-255,66,37195,65,313008
11430,0.000366,74.125.24.0-255,7156,44351,65,313008
11431,0.000369,172.31.40.0-255,66,44417,65,313008
11432,0.00039,74.125.24.0-255,2902,47319,65,313008
11433,0.000393,172.31.40.0-255,66,47385,65,313008
11434,0.000411,74.125.24.0-255,1125,48510,65,313008
11435,0.000414,172.31.40.0-255,66,48576,65,313008
11436,0.000488,74.125.24.0-255,1484,50060,65,313008
11437,0.000492,172.31.40.0-255,66,50126,65,313008
11438,0.000497,74.125.24.0-255,2902,53028,65,313008
11439,0.0005,172.31.40.0-255,66,53094,65,313008
11440,0.000505,74.125.24.0-255,2902,55996,65,313008
11441,0.000508,172.31.40.0-255,66,56062,65,313008
11442,0.000531,74.125.24.0-255,2902,58964,65,313008
11443,0.000533,172.31.40.0-255,66,59030,65,313008
11444,0.000541,74.125.24.0-255,6797,65827,65,313008
11445,0.000543,172.31.40.0-255,66,65893,65,313008
11446,0.000563,74.125.24.0-255,645,66538,65,313008
11447,0.000758,74.125.24.0-255,1484,68022,65,313008
11448,0.000762,172.31.40.0-255,66,68088,65,313008
11449,0.000768,74.125.24.0-255,2902,70990,65,313008
11450,0.00077,172.31.40.0-255,66,71056,65,313008
11451,0.000773,74.125.24.0-255,1484,72540,65,313008
11452,0.0008,74.125.24.0-255,4320,76860,65,313008
11453,0.000803,172.31.40.0-255,66,76926,65,313008
11454,0.000808,74.125.24.0-255,4320,81246,65,313008
11455,0.00081,172.31.40.0-255,66,81312,65,313008
11456,0.000823,74.125.24.0-255,2543,83855,65,313008
11457,0.000825,172.31.40.0-255,66,83921,65,313008
11458,0.000893,74.125.24.0-255,1484,85405,65,313008
11459,0.000899,74.125.24.0-255,2902,88307,65,313008
11460,0.000902,172.31.40.0-255,66,88373,65,313008
11461,0.000909,74.125.24.0-255,5738,94111,65,313008
11462,0.000912,172.31.40.0-255,66,94177,65,313008
11463,0.000931,74.125.24.0-255,1484,95661,65,313008
11464,0.00095,74.125.24.0-255,5379,101040,65,313008
11465,0.000953,172.31.40.0-255,66,101106,65,313008
11466,0.001549,74.125.24.0-255,1484,102590,65,313008
11467,0.001556,74.125.24.0-255,2902,105492,65,313008
11468,0.001559,172.31.40.0-255,66,105558,65,313008
11469,0.001564,74.125.24.0-255,2902,108460,65,313008
11470,0.001566,172.31.40.0-255,66,108526,65,313008
11471,0.001582,74.125.24.0-255,2902,111428,65,313008
11472,0.001584,172.31.40.0-255,66,111494,65,313008
11473,0.001588,74.125.24.0-255,2902,114396,65,313008
11474,0.00159,172.31.40.0-255,66,114462,65,313008
11475,0.001608,74.125.24.0-255,1484,115946,65,313008
11476,0.001615,74.125.24.0-255,5738,121684,65,313008
11477,0.001616,172.31.40.0-255,66,121750,65,313008
11478,0.001628,172.31.40.0-255,66,121816,65,313008
11479,0.001631,74.125.24.0-255,2184,124000,65,313008
11480,0.001633,172.31.40.0-255,66,124066,65,313008
11481,0.001932,74.125.24.0-255,1484,125550,65,313008
11482,0.001951,74.125.24.0-255,2902,128452,65,313008
11483,0.001955,172.31.40.0-255,66,128518,65,313008
11484,0.001962,74.125.24.0-255,5738,134256,65,313008
11485,0.001963,172.31.40.0-255,66,134322,65,313008
11486,0.001967,74.125.24.0-255,2902,137224,65,313008
11487,0.001969,172.31.40.0-255,66,137290,65,313008
11488,0.001984,74.125.24.0-255,7156,144446,65,313008
11489,0.001986,172.31.40.0-255,66,144512,65,313008
11490,0.002001,74.125.24.0-255,2902,147414,65,313008
11491,0.002003,172.31.40.0-255,66,147480,65,313008
11492,0.002013,172.31.40.0-255,66,147546,65,313008
11493,0.002052,74.125.24.0-255,1484,149030,65,313008
11494,0.002057,74.125.24.0-255,2902,151932,65,313008
11495,0.002058,172.31.40.0-255,66,151998,65,313008
11496,0.002092,74.125.24.0-255,5738,157736,65,313008
11497,0.002095,172.31.40.0-255,66,157802,65,313008
11498,0.002101,74.125.24.0-255,4320,162122,65,313008
11499,0.002103,172.31.40.0-255,66,162188,65,313008
11500,0.002123,74.125.24.0-255,4320,166508,65,313008
11501,0.002125,172.31.40.0-255,66,166574,65,313008
11502,0.002152,74.125.24.0-255,7156,173730,65,313008
11503,0.002154,172.31.40.0-255,66,173796,65,313008
11504,0.002188,74.125.24.0-255,7156,180952,65,313008
11505,0.00219,172.31.40.0-255,66,181018,65,313008
11506,0.002214,74.125.24.0-255,2184,183202,65,313008
11507,0.002217,172.31.40.0-255,66,183268,65,313008
11508,0.002227,172.31.40.0-255,66,183334,65,313008
11509,0.002244,172.31.40.0-255,66,183400,65,313008
11510,0.002246,74.125.24.0-255,766,184166,65,313008
11511,0.002249,74.125.24.0-255,1484,185650,65,313008
11512,0.002251,172.31.40.0-255,66,185716,65,313008
11513,0.00228,74.125.24.0-255,4320,190036,65,313008
11514,0.002283,172.31.40.0-255,66,190102,65,313008
11515,0.002288,74.125.24.0-255,4320,194422,65,313008
11516,0.00229,172.31.40.0-255,66,194488,65,313008
11517,0.002308,74.125.24.0-255,4320,198808,65,313008
11518,0.00231,172.31.40.0-255,66,198874,65,313008
11519,0.002329,74.125.24.0-255,1484,200358,65,313008
11520,0.002333,74.125.24.0-255,4320,204678,65,313008
11521,0.002335,172.31.40.0-255,66,204744,65,313008
11522,0.002378,172.31.40.0-255,66,204810,65,313008
11523,0.002392,74.125.24.0-255,766,205576,65,313008
11524,0.002681,74.125.24.0-255,1484,207060,65,313008
11525,0.002684,172.31.40.0-255,66,207126,65,313008
11526,0.0027,74.125.24.0-255,2902,210028,65,313008
11527,0.002702,172.31.40.0-255,66,210094,65,313008
11528,0.002728,74.125.24.0-255,5738,215832,65,313008
11529,0.00273,172.31.40.0-255,66,215898,65,313008
11530,0.002733,74.125.24.0-255,1484,217382,65,313008
11531,0.002759,172.31.40.0-255,66,217448,65,313008
11532,0.002761,74.125.24.0-255,1484,218932,65,313008
11533,0.002786,74.125.24.0-255,4320,223252,65,313008
11534,0.002788,172.31.40.0-255,66,223318,65,313008
11535,0.002808,74.125.24.0-255,2902,226220,65,313008
11536,0.00281,172.31.40.0-255,66,226286,65,313008
11537,0.002813,74.125.24.0-255,1484,227770,65,313008
11538,0.002815,74.125.24.0-255,766,228536,65,313008
11539,0.002817,172.31.40.0-255,66,228602,65,313008
11540,0.002896,74.125.24.0-255,1484,230086,65,313008
11541,0.002909,74.125.24.0-255,2902,232988,65,313008
11542,0.002911,172.31.40.0-255,66,233054,65,313008
11543,0.002934,74.125.24.0-255,5738,238792,65,313008
11544,0.002937,172.31.40.0-255,66,238858,65,313008
11545,0.002952,74.125.24.0-255,5738,244596,65,313008
11546,0.002955,172.31.40.0-255,66,244662,65,313008
11547,0.002974,74.125.24.0-255,7156,251818,65,313008
11548,0.002977,172.31.40.0-255,66,251884,65,313008
11549,0.00299,172.31.40.0-255,66,251950,65,313008
11550,0.003068,74.125.24.0-255,1484,253434,65,313008
11551,0.003085,74.125.24.0-255,2902,256336,65,313008
11552,0.003087,172.31.40.0-255,66,256402,65,313008
11553,0.00309,74.125.24.0-255,1484,257886,65,313008
11554,0.003111,74.125.24.0-255,4320,262206,65,313008
11555,0.003113,172.31.40.0-255,66,262272,65,313008
11556,0.00312,74.125.24.0-255,5738,268010,65,313008
11557,0.003122,172.31.40.0-255,66,268076,65,313008
11558,0.003148,74.125.24.0-255,5738,273814,65,313008
11559,0.00315,172.31.40.0-255,66,273880,65,313008
11560,0.00317,74.125.24.0-255,2902,276782,65,313008
11561,0.003172,172.31.40.0-255,66,276848,65,313008
11562,0.003178,74.125.24.0-255,4320,281168,65,313008
11563,0.00318,172.31.40.0-255,66,281234,65,313008
11564,0.003199,74.125.24.0-255,5020,286254,65,313008
11565,0.003201,172.31.40.0-255,66,286320,65,313008
11566,0.003392,74.125.24.0-255,1484,287804,65,313008
11567,0.003423,74.125.24.0-255,2902,290706,65,313008
11568,0.003426,172.31.40.0-255,66,290772,65,313008
11569,0.003433,74.125.24.0-255,5738,296510,65,313008
11570,0.003435,172.31.40.0-255,66,296576,65,313008
11571,0.003499,74.125.24.0-255,5738,302314,65,313008
11572,0.003502,172.31.40.0-255,66,302380,65,313008
11573,0.003516,74.125.24.0-255,7156,309536,65,313008
11574,0.003518,172.31.40.0-255,66,309602,65,313008
11575,0.003529,172.31.40.0-255,66,309668,65,313008
11576,0.003533,74.125.24.0-255,2674,312342,65,313008
11577,0.003535,172.31.40.0-255,66,312408,65,313008
11578,0.003538,74.125.24.0-255,105,312513,65,313008
11579,0.003578,74.125.24.0-255,129,312642,65,313008
11580,0.008624,172.31.40.0-255,105,312747,65,313008
11581,0.008661,172.31.40.0-255,105,312852,65,313008
11582,0.008866,172.31.40.0-255,90,312942,65,313008
11583,0.008875,172.31.40.0-255,66,313008,65,313008
