,TIME,SRC,PACKET_SIZE,CUMULATIVE_PACKET_SIZE,PAGE_NUMBER,TOTAL_PACKET_SIZE
0,0.0,74.125.24.0-255,153,153,69,248347
1,2.3e-05,172.31.40.0-255,66,219,69,248347
2,3e-05,74.125.24.0-255,1484,1703,69,248347
3,3.5e-05,172.31.40.0-255,66,1769,69,248347
4,4.1e-05,74.125.24.0-255,2902,4671,69,248347
5,4.5e-05,172.31.40.0-255,66,4737,69,248347
6,5.3e-05,74.125.24.0-255,7156,11893,69,248347
7,5.6e-05,172.31.40.0-255,66,11959,69,248347
8,6.1e-05,74.125.24.0-255,2902,14861,69,248347
9,6.4e-05,172.31.40.0-255,66,14927,69,248347
10,9.4e-05,74.125.24.0-255,657,15584,69,248347
11,9.7e-05,172.31.40.0-255,66,15650,69,248347
12,0.000103,74.125.24.0-255,4320,19970,69,248347
13,0.000106,172.31.40.0-255,66,20036,69,248347
14,0.000117,172.31.40.0-255,66,20102,69,248347
15,0.000128,172.31.40.0-255,66,20168,69,248347
16,0.000152,74.125.24.0-255,4320,24488,69,248347
17,0.000154,172.31.40.0-255,66,24554,69,248347
18,0.000161,74.125.24.0-255,5020,29574,69,248347
19,0.000163,172.31.40.0-255,66,29640,69,248347
20,0.000168,74.125.24.0-255,4320,33960,69,248347
21,0.00017,172.31.40.0-255,66,34026,69,248347
22,0.000183,74.125.24.0-255,1484,35510,69,248347
23,0.000185,172.31.40.0-255,66,35576,69,248347
24,0.000216,74.125.24.0-255,4320,39896,69,248347
25,0.000219,172.31.40.0-255,66,39962,69,248347
26,0.000244,74.125.24.0-255,7137,47099,69,248347
27,0.000247,172.31.40.0-255,66,47165,69,248347
28,0.000249,74.125.24.0-255,347,47512,69,248347
29,0.000251,172.31.40.0-255,66,47578,69,248347
30,0.000386,74.125.24.0-255,1484,49062,69,248347
31,0.000402,74.125.24.0-255,2902,51964,69,248347
32,0.000406,172.31.40.0-255,66,52030,69,248347
33,0.000413,74.125.24.0-255,4320,56350,69,248347
34,0.000415,172.31.40.0-255,66,56416,69,248347
35,0.000431,74.125.24.0-255,1484,57900,69,248347
36,0.000469,74.125.24.0-255,4320,62220,69,248347
37,0.000472,172.31.40.0-255,66,62286,69,248347
38,0.000497,74.125.24.0-255,6797,69083,69,248347
39,0.0005,172.31.40.0-255,66,69149,69,248347
40,0.000511,172.31.40.0-255,66,69215,69,248347
41,0.000525,74.125.24.0-255,1125,70340,69,248347
42,0.001219,74.125.24.0-255,1484,71824,69,248347
43,0.001224,172.31.40.0-255,66,71890,69,248347
44,0.00123,74.125.24.0-255,2902,74792,69,248347
45,0.001232,172.31.40.0-255,66,74858,69,248347
46,0.001236,74.125.24.0-255,2902,77760,69,248347
47,0.001252,172.31.40.0-255,66,77826,69,248347
48,0.001281,74.125.24.0-255,2902,80728,69,248347
49,0.001284,172.31.40.0-255,66,80794,69,248347
50,0.001297,172.31.40.0-255,66,80860,69,248347
51,0.001304,74.125.24.0-255,7156,88016,69,248347
52,0.001306,172.31.40.0-255,66,88082,69,248347
53,0.001331,74.125.24.0-255,3602,91684,69,248347
54,0.001334,172.31.40.0-255,66,91750,69,248347
55,0.001704,74.125.24.0-255,1484,93234,69,248347
56,0.001727,74.125.24.0-255,2902,96136,69,248347
57,0.001732,172.31.40.0-255,66,96202,69,248347
58,0.00174,74.125.24.0-255,5738,101940,69,248347
59,0.001742,172.31.40.0-255,66,102006,69,248347
60,0.001775,74.125.24.0-255,2902,104908,69,248347
61,0.001777,172.31.40.0-255,66,104974,69,248347
62,0.001816,172.31.40.0-255,66,105040,69,248347
63,0.001828,172.31.40.0-255,66,105106,69,248347
64,0.002081,74.125.24.0-255,1484,106590,69,248347
65,0.002087,74.125.24.0-255,1484,108074,69,248347
66,0.002091,172.31.40.0-255,66,108140,69,248347
67,0.002112,74.125.24.0-255,1484,109624,69,248347
68,0.002118,74.125.24.0-255,5738,115362,69,248347
69,0.002121,172.31.40.0-255,66,115428,69,248347
70,0.002132,172.31.40.0-255,66,115494,69,248347
71,0.002157,74.125.24.0-255,4320,119814,69,248347
72,0.002159,172.31.40.0-255,66,119880,69,248347
73,0.002171,172.31.40.0-255,66,119946,69,248347
74,0.002185,74.125.24.0-255,2184,122130,69,248347
75,0.002187,172.31.40.0-255,66,122196,69,248347
76,0.002484,74.125.24.0-255,1484,123680,69,248347
77,0.002497,74.125.24.0-255,2902,126582,69,248347
78,0.0025,172.31.40.0-255,66,126648,69,248347
79,0.002503,74.125.24.0-255,1484,128132,69,248347
80,0.002525,74.125.24.0-255,4320,132452,69,248347
81,0.002527,172.31.40.0-255,66,132518,69,248347
82,0.002562,74.125.24.0-255,4320,136838,69,248347
83,0.002583,74.125.24.0-255,6438,143276,69,248347
84,0.004246,172.31.40.0-255,66,143342,69,248347
85,0.006882,74.125.24.0-255,5738,149080,69,248347
86,0.006888,172.31.40.0-255,66,149146,69,248347
87,0.009496,74.125.24.0-255,5738,154884,69,248347
88,0.009504,172.31.40.0-255,66,154950,69,248347
89,0.012146,74.125.24.0-255,5738,160688,69,248347
90,0.012155,172.31.40.0-255,66,160754,69,248347
91,0.014749,74.125.24.0-255,5738,166492,69,248347
92,0.014757,172.31.40.0-255,66,166558,69,248347
93,0.017417,74.125.24.0-255,5738,172296,69,248347
94,0.017428,172.31.40.0-255,66,172362,69,248347
95,0.020063,74.125.24.0-255,5738,178100,69,248347
96,0.020072,172.31.40.0-255,66,178166,69,248347
97,0.02269,74.125.24.0-255,5738,183904,69,248347
98,0.022697,172.31.40.0-255,66,183970,69,248347
99,0.025325,74.125.24.0-255,4320,188290,69,248347
100,0.025332,172.31.40.0-255,66,188356,69,248347
101,0.025354,74.125.24.0-255,1484,189840,69,248347
102,0.027947,74.125.24.0-255,4320,194160,69,248347
103,0.027957,172.31.40.0-255,66,194226,69,248347
104,0.030569,74.125.24.0-255,5738,199964,69,248347
105,0.030578,172.31.40.0-255,66,200030,69,248347
106,0.033231,74.125.24.0-255,5738,205768,69,248347
107,0.033258,172.31.40.0-255,66,205834,69,248347
108,0.034666,172.31.40.0-255,172,206006,69,248347
109,0.034699,172.31.40.0-255,1116,207122,69,248347
110,0.034767,172.31.40.0-255,1514,208636,69,248347
111,0.03477,172.31.40.0-255,1514,210150,69,248347
112,0.034771,172.31.40.0-255,1514,211664,69,248347
113,0.034785,172.31.40.0-255,1514,213178,69,248347
114,0.034786,172.31.40.0-255,1499,214677,69,248347
115,0.03589,74.125.24.0-255,5738,220415,69,248347
116,0.035898,172.31.40.0-255,66,220481,69,248347
117,0.03623,104.244.42.0-255,66,220547,69,248347
118,0.036266,104.244.42.0-255,66,220613,69,248347
119,0.036388,104.244.42.0-255,66,220679,69,248347
120,0.038517,74.125.24.0-255,4320,224999,69,248347
121,0.038524,172.31.40.0-255,66,225065,69,248347
122,0.038543,74.125.24.0-255,1484,226549,69,248347
123,0.041106,74.125.24.0-255,4320,230869,69,248347
124,0.041113,172.31.40.0-255,66,230935,69,248347
125,0.043743,74.125.24.0-255,5738,236673,69,248347
126,0.043752,172.31.40.0-255,66,236739,69,248347
127,0.046364,74.125.24.0-255,5738,242477,69,248347
128,0.046371,172.31.40.0-255,66,242543,69,248347
129,0.049034,74.125.24.0-255,5738,248281,69,248347
130,0.049042,172.31.40.0-255,66,248347,69,248347
131,0.0,172.217.194.0-255,152,152,69,200835
132,2.2e-05,172.31.40.0-255,66,218,69,200835
133,2.9e-05,172.217.194.0-255,1484,1702,69,200835
134,3.3e-05,172.31.40.0-255,66,1768,69,200835
135,4.6e-05,172.217.194.0-255,2902,4670,69,200835
136,4.9e-05,172.31.40.0-255,66,4736,69,200835
137,5.4e-05,172.217.194.0-255,4320,9056,69,200835
138,5.7e-05,172.31.40.0-255,66,9122,69,200835
139,6.9e-05,172.31.40.0-255,66,9188,69,200835
140,0.000103,172.217.194.0-255,671,9859,69,200835
141,0.000106,172.31.40.0-255,66,9925,69,200835
142,0.000114,172.217.194.0-255,7156,17081,69,200835
143,0.000117,172.31.40.0-255,66,17147,69,200835
144,0.000127,172.217.194.0-255,5379,22526,69,200835
145,0.000129,172.31.40.0-255,66,22592,69,200835
146,0.000156,172.217.194.0-255,5738,28330,69,200835
147,0.00016,172.31.40.0-255,66,28396,69,200835
148,0.000163,172.217.194.0-255,1484,29880,69,200835
149,0.000165,172.31.40.0-255,66,29946,69,200835
150,0.000201,172.31.40.0-255,66,30012,69,200835
151,0.000871,172.217.194.0-255,1484,31496,69,200835
152,0.000877,172.31.40.0-255,66,31562,69,200835
153,0.000882,172.217.194.0-255,2902,34464,69,200835
154,0.000885,172.31.40.0-255,66,34530,69,200835
155,0.000891,172.217.194.0-255,5738,40268,69,200835
156,0.000894,172.31.40.0-255,66,40334,69,200835
157,0.000941,172.217.194.0-255,6797,47131,69,200835
158,0.000944,172.31.40.0-255,66,47197,69,200835
159,0.000968,172.217.194.0-255,2902,50099,69,200835
160,0.00097,172.31.40.0-255,66,50165,69,200835
161,0.000986,172.217.194.0-255,4320,54485,69,200835
162,0.000992,172.31.40.0-255,66,54551,69,200835
163,0.000998,172.217.194.0-255,5738,60289,69,200835
164,0.001,172.31.40.0-255,66,60355,69,200835
165,0.001029,172.217.194.0-255,1484,61839,69,200835
166,0.001058,172.217.194.0-255,4541,66380,69,200835
167,0.001062,172.31.40.0-255,66,66446,69,200835
168,0.001069,172.217.194.0-255,7156,73602,69,200835
169,0.001071,172.31.40.0-255,66,73668,69,200835
170,0.00108,172.217.194.0-255,2902,76570,69,200835
171,0.001082,172.31.40.0-255,66,76636,69,200835
172,0.001118,172.217.194.0-255,5379,82015,69,200835
173,0.001123,172.31.40.0-255,66,82081,69,200835
174,0.001249,172.217.194.0-255,1484,83565,69,200835
175,0.001254,172.217.194.0-255,1484,85049,69,200835
176,0.001257,172.31.40.0-255,66,85115,69,200835
177,0.001288,172.217.194.0-255,1484,86599,69,200835
178,0.001295,172.217.194.0-255,5738,92337,69,200835
179,0.001298,172.31.40.0-255,66,92403,69,200835
180,0.001334,172.31.40.0-255,66,92469,69,200835
181,0.001361,172.217.194.0-255,4320,96789,69,200835
182,0.001364,172.31.40.0-255,66,96855,69,200835
183,0.001367,172.217.194.0-255,2902,99757,69,200835
184,0.001369,172.31.40.0-255,66,99823,69,200835
185,0.001378,172.31.40.0-255,66,99889,69,200835
186,0.001473,172.217.194.0-255,1484,101373,69,200835
187,0.001487,172.217.194.0-255,2902,104275,69,200835
188,0.00149,172.31.40.0-255,66,104341,69,200835
189,0.001497,172.217.194.0-255,5738,110079,69,200835
190,0.001498,172.31.40.0-255,66,110145,69,200835
191,0.00154,172.217.194.0-255,1484,111629,69,200835
192,0.001591,172.31.40.0-255,66,111695,69,200835
193,0.001595,172.31.40.0-255,66,111761,69,200835
194,0.001634,172.217.194.0-255,1484,113245,69,200835
195,0.001638,172.217.194.0-255,2902,116147,69,200835
196,0.001642,172.31.40.0-255,66,116213,69,200835
197,0.001647,172.217.194.0-255,2902,119115,69,200835
198,0.001649,172.31.40.0-255,66,119181,69,200835
199,0.001671,172.217.194.0-255,2902,122083,69,200835
200,0.001674,172.31.40.0-255,66,122149,69,200835
201,0.001681,172.217.194.0-255,7156,129305,69,200835
202,0.001687,172.31.40.0-255,66,129371,69,200835
203,0.00172,172.217.194.0-255,5738,135109,69,200835
204,0.001724,172.31.40.0-255,66,135175,69,200835
205,0.001736,172.31.40.0-255,66,135241,69,200835
206,0.001791,172.31.40.0-255,66,135307,69,200835
207,0.001796,172.217.194.0-255,2902,138209,69,200835
208,0.001798,172.31.40.0-255,66,138275,69,200835
209,0.001838,172.31.40.0-255,66,138341,69,200835
210,0.001874,172.217.194.0-255,766,139107,69,200835
211,0.001909,172.217.194.0-255,2184,141291,69,200835
212,0.001913,172.217.194.0-255,2902,144193,69,200835
213,0.001918,172.31.40.0-255,66,144259,69,200835
214,0.001921,172.31.40.0-255,66,144325,69,200835
215,0.001924,172.31.40.0-255,66,144391,69,200835
216,0.001927,172.31.40.0-255,66,144457,69,200835
217,0.001955,172.217.194.0-255,7156,151613,69,200835
218,0.001958,172.31.40.0-255,66,151679,69,200835
219,0.001975,172.31.40.0-255,66,151745,69,200835
220,0.001982,172.217.194.0-255,6438,158183,69,200835
221,0.001985,172.31.40.0-255,66,158249,69,200835
222,0.002026,172.31.40.0-255,66,158315,69,200835
223,0.002066,172.31.40.0-255,66,158381,69,200835
224,0.002121,172.31.40.0-255,66,158447,69,200835
225,0.002153,172.217.194.0-255,6438,164885,69,200835
226,0.002156,172.31.40.0-255,66,164951,69,200835
227,0.002175,172.31.40.0-255,66,165017,69,200835
228,0.002186,172.31.40.0-255,66,165083,69,200835
229,0.00219,172.217.194.0-255,2184,167267,69,200835
230,0.002192,172.31.40.0-255,66,167333,69,200835
231,0.002195,172.217.194.0-255,2902,170235,69,200835
232,0.002198,172.31.40.0-255,66,170301,69,200835
233,0.002204,172.217.194.0-255,7156,177457,69,200835
234,0.002206,172.31.40.0-255,66,177523,69,200835
235,0.002211,172.217.194.0-255,2902,180425,69,200835
236,0.002213,172.31.40.0-255,66,180491,69,200835
237,0.002259,172.31.40.0-255,66,180557,69,200835
238,0.002266,172.217.194.0-255,5738,186295,69,200835
239,0.002268,172.31.40.0-255,66,186361,69,200835
240,0.002323,172.31.40.0-255,66,186427,69,200835
241,0.00233,172.217.194.0-255,4957,191384,69,200835
242,0.002332,172.31.40.0-255,66,191450,69,200835
243,0.002335,172.217.194.0-255,105,191555,69,200835
244,0.004558,172.31.40.0-255,66,191621,69,200835
245,0.004594,172.31.40.0-255,105,191726,69,200835
246,0.007277,172.217.194.0-255,66,191792,69,200835
247,0.040287,172.31.40.0-255,172,191964,69,200835
248,0.040323,172.31.40.0-255,1116,193080,69,200835
249,0.040416,172.31.40.0-255,1514,194594,69,200835
250,0.040418,172.31.40.0-255,1514,196108,69,200835
251,0.04042,172.31.40.0-255,1514,197622,69,200835
252,0.040425,172.31.40.0-255,1514,199136,69,200835
253,0.040426,172.31.40.0-255,1501,200637,69,200835
254,0.041928,104.244.42.0-255,66,200703,69,200835
255,0.041974,104.244.42.0-255,66,200769,69,200835
256,0.042066,104.244.42.0-255,66,200835,69,200835
257,0.0,216.58.221.0-255,153,153,69,313642
258,2.1e-05,172.31.40.0-255,66,219,69,313642
259,2.8e-05,216.58.221.0-255,1484,1703,69,313642
260,3.2e-05,172.31.40.0-255,66,1769,69,313642
261,3.7e-05,216.58.221.0-255,2902,4671,69,313642
262,4.7e-05,172.31.40.0-255,66,4737,69,313642
263,5.5e-05,216.58.221.0-255,7156,11893,69,313642
264,5.8e-05,172.31.40.0-255,66,11959,69,313642
265,6.1e-05,216.58.221.0-255,2091,14050,69,313642
266,6.4e-05,172.31.40.0-255,66,14116,69,313642
267,0.000155,216.58.221.0-255,1484,15600,69,313642
268,0.000158,172.31.40.0-255,66,15666,69,313642
269,0.000173,216.58.221.0-255,1484,17150,69,313642
270,0.000175,172.31.40.0-255,66,17216,69,313642
271,0.000204,216.58.221.0-255,1484,18700,69,313642
272,0.000206,172.31.40.0-255,66,18766,69,313642
273,0.000212,216.58.221.0-255,5738,24504,69,313642
274,0.000214,172.31.40.0-255,66,24570,69,313642
275,0.00022,216.58.221.0-255,6797,31367,69,313642
276,0.000226,172.31.40.0-255,66,31433,69,313642
277,0.000259,216.58.221.0-255,7156,38589,69,313642
278,0.000262,172.31.40.0-255,66,38655,69,313642
279,0.000287,216.58.221.0-255,5738,44393,69,313642
280,0.00029,172.31.40.0-255,66,44459,69,313642
281,0.000308,216.58.221.0-255,3961,48420,69,313642
282,0.00031,172.31.40.0-255,66,48486,69,313642
283,0.000636,216.58.221.0-255,1484,49970,69,313642
284,0.000642,172.31.40.0-255,66,50036,69,313642
285,0.00065,216.58.221.0-255,1484,51520,69,313642
286,0.000652,172.31.40.0-255,66,51586,69,313642
287,0.000676,216.58.221.0-255,1484,53070,69,313642
288,0.000678,172.31.40.0-255,66,53136,69,313642
289,0.000683,216.58.221.0-255,4320,57456,69,313642
290,0.000685,172.31.40.0-255,66,57522,69,313642
291,0.000709,216.58.221.0-255,2902,60424,69,313642
292,0.000711,172.31.40.0-255,66,60490,69,313642
293,0.000736,216.58.221.0-255,5379,65869,69,313642
294,0.000738,172.31.40.0-255,66,65935,69,313642
295,0.000741,216.58.221.0-255,362,66297,69,313642
296,0.000945,172.31.40.0-255,66,66363,69,313642
297,0.001097,216.58.221.0-255,382,66745,69,313642
298,0.001196,216.58.221.0-255,1484,68229,69,313642
299,0.0012,172.31.40.0-255,66,68295,69,313642
300,0.001204,216.58.221.0-255,1484,69779,69,313642
301,0.001236,216.58.221.0-255,1484,71263,69,313642
302,0.001238,172.31.40.0-255,66,71329,69,313642
303,0.001244,216.58.221.0-255,4320,75649,69,313642
304,0.001245,172.31.40.0-255,66,75715,69,313642
305,0.00125,216.58.221.0-255,5738,81453,69,313642
306,0.001256,172.31.40.0-255,66,81519,69,313642
307,0.00126,216.58.221.0-255,2543,84062,69,313642
308,0.001262,172.31.40.0-255,66,84128,69,313642
309,0.001322,216.58.221.0-255,1484,85612,69,313642
310,0.001326,216.58.221.0-255,1484,87096,69,313642
311,0.001328,172.31.40.0-255,66,87162,69,313642
312,0.001333,216.58.221.0-255,2902,90064,69,313642
313,0.001334,172.31.40.0-255,66,90130,69,313642
314,0.001339,216.58.221.0-255,4320,94450,69,313642
315,0.001341,172.31.40.0-255,66,94516,69,313642
316,0.001362,216.58.221.0-255,1484,96000,69,313642
317,0.001365,216.58.221.0-255,1484,97484,69,313642
318,0.001367,172.31.40.0-255,66,97550,69,313642
319,0.001399,216.58.221.0-255,3961,101511,69,313642
320,0.001401,172.31.40.0-255,66,101577,69,313642
321,0.001615,216.58.221.0-255,1484,103061,69,313642
322,0.001621,216.58.221.0-255,2902,105963,69,313642
323,0.001625,172.31.40.0-255,66,106029,69,313642
324,0.001631,216.58.221.0-255,5738,111767,69,313642
325,0.001633,172.31.40.0-255,66,111833,69,313642
326,0.001685,172.31.40.0-255,66,111899,69,313642
327,0.001691,216.58.221.0-255,7156,119055,69,313642
328,0.001693,172.31.40.0-255,66,119121,69,313642
329,0.00173,216.58.221.0-255,3602,122723,69,313642
330,0.001732,172.31.40.0-255,66,122789,69,313642
331,0.001764,216.58.221.0-255,2902,125691,69,313642
332,0.001766,172.31.40.0-255,66,125757,69,313642
333,0.001791,216.58.221.0-255,1484,127241,69,313642
334,0.001797,216.58.221.0-255,5738,132979,69,313642
335,0.001799,172.31.40.0-255,66,133045,69,313642
336,0.001842,172.31.40.0-255,66,133111,69,313642
337,0.001856,172.31.40.0-255,66,133177,69,313642
338,0.001886,216.58.221.0-255,3602,136779,69,313642
339,0.001888,172.31.40.0-255,66,136845,69,313642
340,0.001915,216.58.221.0-255,4320,141165,69,313642
341,0.001917,172.31.40.0-255,66,141231,69,313642
342,0.001921,216.58.221.0-255,2902,144133,69,313642
343,0.001923,172.31.40.0-255,66,144199,69,313642
344,0.001968,216.58.221.0-255,7156,151355,69,313642
345,0.00197,172.31.40.0-255,66,151421,69,313642
346,0.001982,172.31.40.0-255,66,151487,69,313642
347,0.001991,172.31.40.0-255,66,151553,69,313642
348,0.002041,216.58.221.0-255,1484,153037,69,313642
349,0.002056,216.58.221.0-255,2902,155939,69,313642
350,0.002058,172.31.40.0-255,66,156005,69,313642
351,0.002061,216.58.221.0-255,1484,157489,69,313642
352,0.002073,216.58.221.0-255,2902,160391,69,313642
353,0.002078,172.31.40.0-255,66,160457,69,313642
354,0.002106,216.58.221.0-255,1484,161941,69,313642
355,0.002112,216.58.221.0-255,4320,166261,69,313642
356,0.002114,172.31.40.0-255,66,166327,69,313642
357,0.002119,216.58.221.0-255,5738,172065,69,313642
358,0.002121,172.31.40.0-255,66,172131,69,313642
359,0.002124,216.58.221.0-255,2902,175033,69,313642
360,0.002127,172.31.40.0-255,66,175099,69,313642
361,0.002168,172.31.40.0-255,66,175165,69,313642
362,0.00421,216.58.221.0-255,5738,180903,69,313642
363,0.004217,172.31.40.0-255,66,180969,69,313642
364,0.006257,216.58.221.0-255,5738,186707,69,313642
365,0.006263,172.31.40.0-255,66,186773,69,313642
366,0.008351,216.58.221.0-255,4320,191093,69,313642
367,0.008363,172.31.40.0-255,66,191159,69,313642
368,0.008392,216.58.221.0-255,1484,192643,69,313642
369,0.010428,216.58.221.0-255,4320,196963,69,313642
370,0.010435,172.31.40.0-255,66,197029,69,313642
371,0.012485,216.58.221.0-255,5738,202767,69,313642
372,0.012492,172.31.40.0-255,66,202833,69,313642
373,0.014557,216.58.221.0-255,5738,208571,69,313642
374,0.014564,172.31.40.0-255,66,208637,69,313642
375,0.016632,216.58.221.0-255,5738,214375,69,313642
376,0.016642,172.31.40.0-255,66,214441,69,313642
377,0.018703,216.58.221.0-255,5738,220179,69,313642
378,0.018712,172.31.40.0-255,66,220245,69,313642
379,0.020775,216.58.221.0-255,4320,224565,69,313642
380,0.020781,172.31.40.0-255,66,224631,69,313642
381,0.020801,216.58.221.0-255,1484,226115,69,313642
382,0.022846,216.58.221.0-255,4320,230435,69,313642
383,0.022853,172.31.40.0-255,66,230501,69,313642
384,0.024924,216.58.221.0-255,5738,236239,69,313642
385,0.024931,172.31.40.0-255,66,236305,69,313642
386,0.026985,216.58.221.0-255,4320,240625,69,313642
387,0.026992,172.31.40.0-255,66,240691,69,313642
388,0.027021,216.58.221.0-255,1484,242175,69,313642
389,0.02904,216.58.221.0-255,4320,246495,69,313642
390,0.029048,172.31.40.0-255,66,246561,69,313642
391,0.031105,216.58.221.0-255,5738,252299,69,313642
392,0.031112,172.31.40.0-255,66,252365,69,313642
393,0.031983,172.31.40.0-255,172,252537,69,313642
394,0.032022,172.31.40.0-255,1112,253649,69,313642
395,0.032085,172.31.40.0-255,1514,255163,69,313642
396,0.032087,172.31.40.0-255,1514,256677,69,313642
397,0.032088,172.31.40.0-255,1514,258191,69,313642
398,0.032093,172.31.40.0-255,1514,259705,69,313642
399,0.032094,172.31.40.0-255,1503,261208,69,313642
400,0.033171,216.58.221.0-255,5738,266946,69,313642
401,0.033177,172.31.40.0-255,66,267012,69,313642
402,0.033674,104.244.42.0-255,66,267078,69,313642
403,0.033712,104.244.42.0-255,66,267144,69,313642
404,0.033795,104.244.42.0-255,66,267210,69,313642
405,0.035234,216.58.221.0-255,5738,272948,69,313642
406,0.035241,172.31.40.0-255,66,273014,69,313642
407,0.037309,216.58.221.0-255,5738,278752,69,313642
408,0.037316,172.31.40.0-255,66,278818,69,313642
409,0.039366,216.58.221.0-255,5738,284556,69,313642
410,0.039372,172.31.40.0-255,66,284622,69,313642
411,0.041443,216.58.221.0-255,5738,290360,69,313642
412,0.04145,172.31.40.0-255,66,290426,69,313642
413,0.043515,216.58.221.0-255,5738,296164,69,313642
414,0.043521,172.31.40.0-255,66,296230,69,313642
415,0.045598,216.58.221.0-255,5738,301968,69,313642
416,0.045604,172.31.40.0-255,66,302034,69,313642
417,0.047671,216.58.221.0-255,5738,307772,69,313642
418,0.047677,172.31.40.0-255,66,307838,69,313642
419,0.049754,216.58.221.0-255,5738,313576,69,313642
420,0.04976,172.31.40.0-255,66,313642,69,313642
421,0.0,172.31.40.0-255,105,105,69,276
422,0.00178,157.240.13.0-255,105,210,69,276
423,0.001795,172.31.40.0-255,66,276,69,276
424,0.0,172.217.194.0-255,150,150,69,254564
425,2.1e-05,172.31.40.0-255,66,216,69,254564
426,2.9e-05,172.217.194.0-255,1484,1700,69,254564
427,3.4e-05,172.31.40.0-255,66,1766,69,254564
428,4e-05,172.217.194.0-255,2902,4668,69,254564
429,4.3e-05,172.31.40.0-255,66,4734,69,254564
430,5.1e-05,172.217.194.0-255,7156,11890,69,254564
431,5.4e-05,172.31.40.0-255,66,11956,69,254564
432,9.9e-05,172.31.40.0-255,66,12022,69,254564
433,0.000122,172.217.194.0-255,4876,16898,69,254564
434,0.000125,172.31.40.0-255,66,16964,69,254564
435,0.000129,172.217.194.0-255,2543,19507,69,254564
436,0.000131,172.31.40.0-255,66,19573,69,254564
437,0.000167,172.217.194.0-255,1484,21057,69,254564
438,0.000169,172.31.40.0-255,66,21123,69,254564
439,0.000199,172.217.194.0-255,2902,24025,69,254564
440,0.000202,172.31.40.0-255,66,24091,69,254564
441,0.000208,172.217.194.0-255,5738,29829,69,254564
442,0.000211,172.31.40.0-255,66,29895,69,254564
443,0.000216,172.217.194.0-255,4320,34215,69,254564
444,0.000218,172.31.40.0-255,66,34281,69,254564
445,0.000241,172.217.194.0-255,2543,36824,69,254564
446,0.000243,172.31.40.0-255,66,36890,69,254564
447,0.000276,172.217.194.0-255,2902,39792,69,254564
448,0.000279,172.31.40.0-255,66,39858,69,254564
449,0.000285,172.217.194.0-255,5738,45596,69,254564
450,0.000287,172.31.40.0-255,66,45662,69,254564
451,0.000332,172.217.194.0-255,2902,48564,69,254564
452,0.000336,172.31.40.0-255,66,48630,69,254564
453,0.000356,172.217.194.0-255,5723,54353,69,254564
454,0.000359,172.31.40.0-255,66,54419,69,254564
455,0.000459,172.217.194.0-255,363,54782,69,254564
456,0.000564,172.217.194.0-255,1484,56266,69,254564
457,0.000569,172.31.40.0-255,66,56332,69,254564
458,0.000575,172.217.194.0-255,2902,59234,69,254564
459,0.000578,172.31.40.0-255,66,59300,69,254564
460,0.000604,172.217.194.0-255,5738,65038,69,254564
461,0.000607,172.31.40.0-255,66,65104,69,254564
462,0.00061,172.217.194.0-255,1484,66588,69,254564
463,0.00065,172.31.40.0-255,66,66654,69,254564
464,0.000674,172.217.194.0-255,5379,72033,69,254564
465,0.000677,172.31.40.0-255,66,72099,69,254564
466,0.000702,172.31.40.0-255,66,72165,69,254564
467,0.000993,172.217.194.0-255,1484,73649,69,254564
468,0.001001,172.217.194.0-255,2902,76551,69,254564
469,0.001004,172.31.40.0-255,66,76617,69,254564
470,0.001011,172.217.194.0-255,5738,82355,69,254564
471,0.001013,172.31.40.0-255,66,82421,69,254564
472,0.001036,172.217.194.0-255,5738,88159,69,254564
473,0.001039,172.31.40.0-255,66,88225,69,254564
474,0.001065,172.217.194.0-255,7156,95381,69,254564
475,0.001067,172.31.40.0-255,66,95447,69,254564
476,0.001075,172.217.194.0-255,7156,102603,69,254564
477,0.001077,172.31.40.0-255,66,102669,69,254564
478,0.001094,172.217.194.0-255,3602,106271,69,254564
479,0.001098,172.31.40.0-255,66,106337,69,254564
480,0.001209,172.217.194.0-255,1484,107821,69,254564
481,0.001213,172.217.194.0-255,1484,109305,69,254564
482,0.001216,172.31.40.0-255,66,109371,69,254564
483,0.00124,172.217.194.0-255,1484,110855,69,254564
484,0.001246,172.217.194.0-255,5738,116593,69,254564
485,0.001249,172.31.40.0-255,66,116659,69,254564
486,0.001253,172.217.194.0-255,2902,119561,69,254564
487,0.001256,172.31.40.0-255,66,119627,69,254564
488,0.001272,172.217.194.0-255,4320,123947,69,254564
489,0.001275,172.31.40.0-255,66,124013,69,254564
490,0.001303,172.217.194.0-255,2902,126915,69,254564
491,0.001307,172.31.40.0-255,66,126981,69,254564
492,0.001319,172.31.40.0-255,66,127047,69,254564
493,0.001323,172.217.194.0-255,2184,129231,69,254564
494,0.001326,172.31.40.0-255,66,129297,69,254564
495,0.001386,172.217.194.0-255,1484,130781,69,254564
496,0.0014,172.217.194.0-255,2902,133683,69,254564
497,0.001403,172.31.40.0-255,66,133749,69,254564
498,0.001418,172.217.194.0-255,2902,136651,69,254564
499,0.00142,172.31.40.0-255,66,136717,69,254564
500,0.001432,172.217.194.0-255,2902,139619,69,254564
501,0.001435,172.31.40.0-255,66,139685,69,254564
502,0.001441,172.217.194.0-255,5738,145423,69,254564
503,0.001443,172.31.40.0-255,66,145489,69,254564
504,0.001477,172.217.194.0-255,7156,152645,69,254564
505,0.00148,172.31.40.0-255,66,152711,69,254564
506,0.001493,172.31.40.0-255,66,152777,69,254564
507,0.001979,172.217.194.0-255,1484,154261,69,254564
508,0.001985,172.217.194.0-255,2902,157163,69,254564
509,0.001989,172.31.40.0-255,66,157229,69,254564
510,0.002023,172.217.194.0-255,1484,158713,69,254564
511,0.002039,172.217.194.0-255,4320,163033,69,254564
512,0.002041,172.31.40.0-255,66,163099,69,254564
513,0.002053,172.31.40.0-255,66,163165,69,254564
514,0.00207,172.217.194.0-255,2902,166067,69,254564
515,0.002073,172.31.40.0-255,66,166133,69,254564
516,0.002105,172.31.40.0-255,66,166199,69,254564
517,0.002122,172.217.194.0-255,1484,167683,69,254564
518,0.002126,172.217.194.0-255,1484,169167,69,254564
519,0.002128,172.31.40.0-255,66,169233,69,254564
520,0.002148,172.217.194.0-255,1484,170717,69,254564
521,0.002154,172.217.194.0-255,5738,176455,69,254564
522,0.002156,172.31.40.0-255,66,176521,69,254564
523,0.002161,172.217.194.0-255,2902,179423,69,254564
524,0.002163,172.31.40.0-255,66,179489,69,254564
525,0.002186,172.217.194.0-255,7156,186645,69,254564
526,0.002188,172.31.40.0-255,66,186711,69,254564
527,0.002211,172.217.194.0-255,2902,189613,69,254564
528,0.002213,172.31.40.0-255,66,189679,69,254564
529,0.002225,172.31.40.0-255,66,189745,69,254564
530,0.002228,172.217.194.0-255,766,190511,69,254564
531,0.002313,172.217.194.0-255,1484,191995,69,254564
532,0.002317,172.31.40.0-255,66,192061,69,254564
533,0.002322,172.217.194.0-255,2902,194963,69,254564
534,0.002324,172.31.40.0-255,66,195029,69,254564
535,0.002326,172.217.194.0-255,1484,196513,69,254564
536,0.002359,172.217.194.0-255,2902,199415,69,254564
537,0.002362,172.31.40.0-255,66,199481,69,254564
538,0.002368,172.217.194.0-255,5738,205219,69,254564
539,0.002371,172.31.40.0-255,66,205285,69,254564
540,0.002374,172.217.194.0-255,1484,206769,69,254564
541,0.002406,172.31.40.0-255,66,206835,69,254564
542,0.002419,172.217.194.0-255,2902,209737,69,254564
543,0.002421,172.31.40.0-255,66,209803,69,254564
544,0.002424,172.217.194.0-255,1484,211287,69,254564
545,0.00245,172.217.194.0-255,5020,216307,69,254564
546,0.002453,172.31.40.0-255,66,216373,69,254564
547,0.002467,172.217.194.0-255,2902,219275,69,254564
548,0.002469,172.31.40.0-255,66,219341,69,254564
549,0.002495,172.217.194.0-255,4320,223661,69,254564
550,0.002498,172.31.40.0-255,66,223727,69,254564
551,0.002505,172.217.194.0-255,5738,229465,69,254564
552,0.002507,172.31.40.0-255,66,229531,69,254564
553,0.002513,172.217.194.0-255,5738,235269,69,254564
554,0.002515,172.31.40.0-255,66,235335,69,254564
555,0.002548,172.31.40.0-255,66,235401,69,254564
556,0.002553,172.217.194.0-255,4320,239721,69,254564
557,0.002555,172.31.40.0-255,66,239787,69,254564
558,0.00258,172.217.194.0-255,7156,246943,69,254564
559,0.002583,172.31.40.0-255,66,247009,69,254564
560,0.002634,172.31.40.0-255,66,247075,69,254564
561,0.002652,172.31.40.0-255,66,247141,69,254564
562,0.002664,172.31.40.0-255,66,247207,69,254564
563,0.002748,172.217.194.0-255,4903,252110,69,254564
564,0.00302,172.31.40.0-255,66,252176,69,254564
565,0.005602,172.217.194.0-255,105,252281,69,254564
566,0.00873,172.31.40.0-255,66,252347,69,254564
567,0.008768,172.31.40.0-255,105,252452,69,254564
568,0.011542,172.217.194.0-255,66,252518,69,254564
569,0.034237,172.31.40.0-255,172,252690,69,254564
570,0.034269,172.31.40.0-255,1116,253806,69,254564
571,0.034334,172.31.40.0-255,560,254366,69,254564
572,0.03591,104.244.42.0-255,66,254432,69,254564
573,0.035944,104.244.42.0-255,66,254498,69,254564
574,0.035946,104.244.42.0-255,66,254564,69,254564
575,0.0,74.125.200.0-255,152,152,69,265785
576,2.2e-05,172.31.40.0-255,66,218,69,265785
577,2.9e-05,74.125.200.0-255,1484,1702,69,265785
578,3.3e-05,172.31.40.0-255,66,1768,69,265785
579,3.9e-05,74.125.200.0-255,2902,4670,69,265785
580,5e-05,172.31.40.0-255,66,4736,69,265785
581,7.1e-05,74.125.200.0-255,2902,7638,69,265785
582,7.4e-05,172.31.40.0-255,66,7704,69,265785
583,9.1e-05,74.125.200.0-255,2902,10606,69,265785
584,9.5e-05,172.31.40.0-255,66,10672,69,265785
585,0.000107,74.125.200.0-255,6317,16989,69,265785
586,0.000109,172.31.40.0-255,66,17055,69,265785
587,0.000113,74.125.200.0-255,2902,19957,69,265785
588,0.000115,172.31.40.0-255,66,20023,69,265785
589,0.000121,74.125.200.0-255,4320,24343,69,265785
590,0.000124,172.31.40.0-255,66,24409,69,265785
591,0.000128,74.125.200.0-255,2902,27311,69,265785
592,0.000131,172.31.40.0-255,66,27377,69,265785
593,0.000162,74.125.200.0-255,5738,33115,69,265785
594,0.000165,172.31.40.0-255,66,33181,69,265785
595,0.000172,74.125.200.0-255,7156,40337,69,265785
596,0.000175,172.31.40.0-255,66,40403,69,265785
597,0.00018,74.125.200.0-255,4320,44723,69,265785
598,0.000182,172.31.40.0-255,66,44789,69,265785
599,0.000214,74.125.200.0-255,3602,48391,69,265785
600,0.000217,172.31.40.0-255,66,48457,69,265785
601,0.000506,74.125.200.0-255,1484,49941,69,265785
602,0.000511,172.31.40.0-255,66,50007,69,265785
603,0.000517,74.125.200.0-255,2902,52909,69,265785
604,0.00052,172.31.40.0-255,66,52975,69,265785
605,0.000525,74.125.200.0-255,2902,55877,69,265785
606,0.000532,172.31.40.0-255,66,55943,69,265785
607,0.000566,74.125.200.0-255,2902,58845,69,265785
608,0.00057,74.125.200.0-255,1484,60329,69,265785
609,0.000574,74.125.200.0-255,2902,63231,69,265785
610,0.000594,74.125.200.0-255,2876,66107,69,265785
611,0.000612,172.31.40.0-255,66,66173,69,265785
612,0.0007,74.125.200.0-255,1484,67657,69,265785
613,0.000719,74.125.200.0-255,2902,70559,69,265785
614,0.000728,172.31.40.0-255,66,70625,69,265785
615,0.000738,74.125.200.0-255,4320,74945,69,265785
616,0.00076,74.125.200.0-255,1484,76429,69,265785
617,0.000782,74.125.200.0-255,7156,83585,69,265785
618,0.000789,172.31.40.0-255,66,83651,69,265785
619,0.000799,74.125.200.0-255,2902,86553,69,265785
620,0.000818,74.125.200.0-255,4320,90873,69,265785
621,0.000838,172.31.40.0-255,66,90939,69,265785
622,0.000847,74.125.200.0-255,4320,95259,69,265785
623,0.000852,172.31.40.0-255,66,95325,69,265785
624,0.000879,74.125.200.0-255,4320,99645,69,265785
625,0.000894,74.125.200.0-255,1043,100688,69,265785
626,0.000904,172.31.40.0-255,66,100754,69,265785
627,0.001637,74.125.200.0-255,1484,102238,69,265785
628,0.001646,74.125.200.0-255,2902,105140,69,265785
629,0.001651,172.31.40.0-255,66,105206,69,265785
630,0.001678,74.125.200.0-255,4320,109526,69,265785
631,0.001715,74.125.200.0-255,2902,112428,69,265785
632,0.001729,74.125.200.0-255,5738,118166,69,265785
633,0.001768,74.125.200.0-255,5738,123904,69,265785
634,0.001782,74.125.200.0-255,4320,128224,69,265785
635,0.001816,74.125.200.0-255,4320,132544,69,265785
636,0.001828,74.125.200.0-255,2184,134728,69,265785
637,0.006942,172.31.40.0-255,66,134794,69,265785
638,0.008973,74.125.200.0-255,5738,140532,69,265785
639,0.008983,172.31.40.0-255,66,140598,69,265785
640,0.011008,74.125.200.0-255,5738,146336,69,265785
641,0.011209,172.31.40.0-255,66,146402,69,265785
642,0.013229,74.125.200.0-255,5738,152140,69,265785
643,0.013237,172.31.40.0-255,66,152206,69,265785
644,0.015263,74.125.200.0-255,5738,157944,69,265785
645,0.015273,172.31.40.0-255,66,158010,69,265785
646,0.017295,74.125.200.0-255,5738,163748,69,265785
647,0.017302,172.31.40.0-255,66,163814,69,265785
648,0.019332,74.125.200.0-255,5738,169552,69,265785
649,0.019342,172.31.40.0-255,66,169618,69,265785
650,0.021378,74.125.200.0-255,5738,175356,69,265785
651,0.021385,172.31.40.0-255,66,175422,69,265785
652,0.023411,74.125.200.0-255,5738,181160,69,265785
653,0.02342,172.31.40.0-255,66,181226,69,265785
654,0.025457,74.125.200.0-255,5738,186964,69,265785
655,0.025464,172.31.40.0-255,66,187030,69,265785
656,0.027568,74.125.200.0-255,5738,192768,69,265785
657,0.027577,172.31.40.0-255,66,192834,69,265785
658,0.029613,74.125.200.0-255,5738,198572,69,265785
659,0.02962,172.31.40.0-255,66,198638,69,265785
660,0.031645,74.125.200.0-255,5738,204376,69,265785
661,0.031654,172.31.40.0-255,66,204442,69,265785
662,0.033683,74.125.200.0-255,5738,210180,69,265785
663,0.033691,172.31.40.0-255,66,210246,69,265785
664,0.035712,74.125.200.0-255,5738,215984,69,265785
665,0.035719,172.31.40.0-255,66,216050,69,265785
666,0.037759,74.125.200.0-255,5738,221788,69,265785
667,0.037767,172.31.40.0-255,66,221854,69,265785
668,0.038596,172.31.40.0-255,172,222026,69,265785
669,0.038627,172.31.40.0-255,1114,223140,69,265785
670,0.0387,172.31.40.0-255,1514,224654,69,265785
671,0.038702,172.31.40.0-255,1514,226168,69,265785
672,0.038707,172.31.40.0-255,1514,227682,69,265785
673,0.038708,172.31.40.0-255,1514,229196,69,265785
674,0.038728,172.31.40.0-255,1501,230697,69,265785
675,0.039786,74.125.200.0-255,5738,236435,69,265785
676,0.039793,172.31.40.0-255,66,236501,69,265785
677,0.040155,104.244.42.0-255,66,236567,69,265785
678,0.040209,104.244.42.0-255,66,236633,69,265785
679,0.040265,104.244.42.0-255,66,236699,69,265785
680,0.040306,104.244.42.0-255,66,236765,69,265785
681,0.041819,74.125.200.0-255,5738,242503,69,265785
682,0.041826,172.31.40.0-255,66,242569,69,265785
683,0.043856,74.125.200.0-255,5738,248307,69,265785
684,0.043861,172.31.40.0-255,66,248373,69,265785
685,0.045893,74.125.200.0-255,5738,254111,69,265785
686,0.045898,172.31.40.0-255,66,254177,69,265785
687,0.047928,74.125.200.0-255,5738,259915,69,265785
688,0.047933,172.31.40.0-255,66,259981,69,265785
689,0.04998,74.125.200.0-255,5738,265719,69,265785
690,0.049986,172.31.40.0-255,66,265785,69,265785
691,0.0,74.125.24.0-255,152,152,69,230156
692,2.3e-05,172.31.40.0-255,66,218,69,230156
693,3.1e-05,74.125.24.0-255,1484,1702,69,230156
694,3.7e-05,172.31.40.0-255,66,1768,69,230156
695,4.2e-05,74.125.24.0-255,2902,4670,69,230156
696,4.5e-05,172.31.40.0-255,66,4736,69,230156
697,5e-05,74.125.24.0-255,4320,9056,69,230156
698,5.3e-05,172.31.40.0-255,66,9122,69,230156
699,7.6e-05,74.125.24.0-255,1484,10606,69,230156
700,7.9e-05,172.31.40.0-255,66,10672,69,230156
701,9.8e-05,74.125.24.0-255,3514,14186,69,230156
702,0.000101,172.31.40.0-255,66,14252,69,230156
703,0.000134,74.125.24.0-255,2902,17154,69,230156
704,0.000136,172.31.40.0-255,66,17220,69,230156
705,0.00014,74.125.24.0-255,2902,20122,69,230156
706,0.000143,172.31.40.0-255,66,20188,69,230156
707,0.000157,74.125.24.0-255,1484,21672,69,230156
708,0.000159,172.31.40.0-255,66,21738,69,230156
709,0.000163,74.125.24.0-255,2902,24640,69,230156
710,0.000165,172.31.40.0-255,66,24706,69,230156
711,0.000186,74.125.24.0-255,5738,30444,69,230156
712,0.000189,172.31.40.0-255,66,30510,69,230156
713,0.000192,74.125.24.0-255,1125,31635,69,230156
714,0.000194,172.31.40.0-255,66,31701,69,230156
715,0.000303,74.125.24.0-255,1484,33185,69,230156
716,0.000307,172.31.40.0-255,66,33251,69,230156
717,0.000311,74.125.24.0-255,1484,34735,69,230156
718,0.000312,172.31.40.0-255,66,34801,69,230156
719,0.000328,74.125.24.0-255,1484,36285,69,230156
720,0.000331,172.31.40.0-255,66,36351,69,230156
721,0.000338,74.125.24.0-255,5738,42089,69,230156
722,0.00034,172.31.40.0-255,66,42155,69,230156
723,0.000375,74.125.24.0-255,1484,43639,69,230156
724,0.000406,172.31.40.0-255,66,43705,69,230156
725,0.00042,172.31.40.0-255,66,43771,69,230156
726,0.000453,74.125.24.0-255,1419,45190,69,230156
727,0.000465,74.125.24.0-255,382,45572,69,230156
728,0.000468,172.31.40.0-255,66,45638,69,230156
729,0.000848,74.125.24.0-255,1484,47122,69,230156
730,0.000852,74.125.24.0-255,1484,48606,69,230156
731,0.000856,172.31.40.0-255,66,48672,69,230156
732,0.000878,74.125.24.0-255,1484,50156,69,230156
733,0.000885,74.125.24.0-255,5738,55894,69,230156
734,0.000888,172.31.40.0-255,66,55960,69,230156
735,0.000896,74.125.24.0-255,5738,61698,69,230156
736,0.000898,172.31.40.0-255,66,61764,69,230156
737,0.000924,172.31.40.0-255,66,61830,69,230156
738,0.000931,74.125.24.0-255,5738,67568,69,230156
739,0.000933,172.31.40.0-255,66,67634,69,230156
740,0.000952,74.125.24.0-255,3961,71595,69,230156
741,0.000955,172.31.40.0-255,66,71661,69,230156
742,0.00161,74.125.24.0-255,1484,73145,69,230156
743,0.00162,74.125.24.0-255,2902,76047,69,230156
744,0.001625,172.31.40.0-255,66,76113,69,230156
745,0.001633,74.125.24.0-255,5738,81851,69,230156
746,0.001635,172.31.40.0-255,66,81917,69,230156
747,0.001638,74.125.24.0-255,1484,83401,69,230156
748,0.001642,74.125.24.0-255,2902,86303,69,230156
749,0.001644,172.31.40.0-255,66,86369,69,230156
750,0.001663,74.125.24.0-255,5738,92107,69,230156
751,0.001665,172.31.40.0-255,66,92173,69,230156
752,0.00169,74.125.24.0-255,4320,96493,69,230156
753,0.001693,172.31.40.0-255,66,96559,69,230156
754,0.001717,172.31.40.0-255,66,96625,69,230156
755,0.003888,74.125.24.0-255,4320,100945,69,230156
756,0.003895,172.31.40.0-255,66,101011,69,230156
757,0.003915,74.125.24.0-255,1484,102495,69,230156
758,0.006055,74.125.24.0-255,4320,106815,69,230156
759,0.006062,172.31.40.0-255,66,106881,69,230156
760,0.008207,74.125.24.0-255,2902,109783,69,230156
761,0.008214,172.31.40.0-255,66,109849,69,230156
762,0.008234,74.125.24.0-255,2902,112751,69,230156
763,0.008236,172.31.40.0-255,66,112817,69,230156
764,0.010356,74.125.24.0-255,2902,115719,69,230156
765,0.010363,172.31.40.0-255,66,115785,69,230156
766,0.010391,74.125.24.0-255,2902,118687,69,230156
767,0.010393,172.31.40.0-255,66,118753,69,230156
768,0.012522,74.125.24.0-255,2902,121655,69,230156
769,0.012529,172.31.40.0-255,66,121721,69,230156
770,0.012575,74.125.24.0-255,1484,123205,69,230156
771,0.012587,74.125.24.0-255,1484,124689,69,230156
772,0.01259,172.31.40.0-255,66,124755,69,230156
773,0.014706,74.125.24.0-255,2902,127657,69,230156
774,0.014715,172.31.40.0-255,66,127723,69,230156
775,0.014792,74.125.24.0-255,2902,130625,69,230156
776,0.014796,172.31.40.0-255,66,130691,69,230156
777,0.016948,74.125.24.0-255,5738,136429,69,230156
778,0.016955,172.31.40.0-255,66,136495,69,230156
779,0.019153,74.125.24.0-255,4320,140815,69,230156
780,0.01916,172.31.40.0-255,66,140881,69,230156
781,0.01918,74.125.24.0-255,1484,142365,69,230156
782,0.021348,74.125.24.0-255,4320,146685,69,230156
783,0.021354,172.31.40.0-255,66,146751,69,230156
784,0.023534,74.125.24.0-255,5738,152489,69,230156
785,0.023543,172.31.40.0-255,66,152555,69,230156
786,0.025684,74.125.24.0-255,5738,158293,69,230156
787,0.025691,172.31.40.0-255,66,158359,69,230156
788,0.027902,74.125.24.0-255,5738,164097,69,230156
789,0.02791,172.31.40.0-255,66,164163,69,230156
790,0.029656,172.31.40.0-255,172,164335,69,230156
791,0.029683,172.31.40.0-255,1112,165447,69,230156
792,0.029763,172.31.40.0-255,1514,166961,69,230156
793,0.029765,172.31.40.0-255,1514,168475,69,230156
794,0.029771,172.31.40.0-255,1514,169989,69,230156
795,0.029773,172.31.40.0-255,1514,171503,69,230156
796,0.029804,172.31.40.0-255,1503,173006,69,230156
797,0.03005,74.125.24.0-255,5738,178744,69,230156
798,0.030056,172.31.40.0-255,66,178810,69,230156
799,0.031301,104.244.42.0-255,66,178876,69,230156
800,0.031327,104.244.42.0-255,66,178942,69,230156
801,0.031458,104.244.42.0-255,66,179008,69,230156
802,0.031509,104.244.42.0-255,66,179074,69,230156
803,0.032189,74.125.24.0-255,1484,180558,69,230156
804,0.032209,74.125.24.0-255,4320,184878,69,230156
805,0.032214,172.31.40.0-255,66,184944,69,230156
806,0.03441,74.125.24.0-255,4320,189264,69,230156
807,0.034435,172.31.40.0-255,66,189330,69,230156
808,0.034458,74.125.24.0-255,1484,190814,69,230156
809,0.036593,74.125.24.0-255,4320,195134,69,230156
810,0.0366,172.31.40.0-255,66,195200,69,230156
811,0.038794,74.125.24.0-255,2902,198102,69,230156
812,0.038802,172.31.40.0-255,66,198168,69,230156
813,0.038821,74.125.24.0-255,2902,201070,69,230156
814,0.038824,172.31.40.0-255,66,201136,69,230156
815,0.040966,74.125.24.0-255,5738,206874,69,230156
816,0.040974,172.31.40.0-255,66,206940,69,230156
817,0.043158,74.125.24.0-255,5738,212678,69,230156
818,0.043165,172.31.40.0-255,66,212744,69,230156
819,0.045354,74.125.24.0-255,5738,218482,69,230156
820,0.04536,172.31.40.0-255,66,218548,69,230156
821,0.047504,74.125.24.0-255,5738,224286,69,230156
822,0.04751,172.31.40.0-255,66,224352,69,230156
823,0.049661,74.125.24.0-255,5738,230090,69,230156
824,0.049667,172.31.40.0-255,66,230156,69,230156
825,0.0,172.217.194.0-255,298,298,69,262956
826,2.2e-05,172.31.40.0-255,66,364,69,262956
827,2.8e-05,172.217.194.0-255,1484,1848,69,262956
828,3.3e-05,172.31.40.0-255,66,1914,69,262956
829,4.5e-05,172.217.194.0-255,4320,6234,69,262956
830,4.9e-05,172.31.40.0-255,66,6300,69,262956
831,7.9e-05,172.31.40.0-255,66,6366,69,262956
832,0.000103,172.217.194.0-255,1484,7850,69,262956
833,0.000105,172.31.40.0-255,66,7916,69,262956
834,0.000109,172.217.194.0-255,2902,10818,69,262956
835,0.000111,172.31.40.0-255,66,10884,69,262956
836,0.000114,172.217.194.0-255,1484,12368,69,262956
837,0.000116,172.31.40.0-255,66,12434,69,262956
838,0.000143,172.217.194.0-255,4320,16754,69,262956
839,0.000145,172.31.40.0-255,66,16820,69,262956
840,0.000151,172.217.194.0-255,1484,18304,69,262956
841,0.000153,172.31.40.0-255,66,18370,69,262956
842,0.000174,172.217.194.0-255,5379,23749,69,262956
843,0.000179,172.31.40.0-255,66,23815,69,262956
844,0.000196,172.217.194.0-255,1484,25299,69,262956
845,0.000198,172.31.40.0-255,66,25365,69,262956
846,0.000218,172.217.194.0-255,1484,26849,69,262956
847,0.00022,172.31.40.0-255,66,26915,69,262956
848,0.000226,172.217.194.0-255,4320,31235,69,262956
849,0.000228,172.31.40.0-255,66,31301,69,262956
850,0.000234,172.217.194.0-255,7156,38457,69,262956
851,0.000237,172.31.40.0-255,66,38523,69,262956
852,0.000262,172.217.194.0-255,1484,40007,69,262956
853,0.000264,172.31.40.0-255,66,40073,69,262956
854,0.000267,172.217.194.0-255,1125,41198,69,262956
855,0.000269,172.31.40.0-255,66,41264,69,262956
856,0.000271,172.217.194.0-255,1484,42748,69,262956
857,0.000277,172.217.194.0-255,4320,47068,69,262956
858,0.000279,172.31.40.0-255,66,47134,69,262956
859,0.000285,172.217.194.0-255,5738,52872,69,262956
860,0.000287,172.31.40.0-255,66,52938,69,262956
861,0.000317,172.217.194.0-255,4320,57258,69,262956
862,0.00032,172.31.40.0-255,66,57324,69,262956
863,0.000323,172.217.194.0-255,1125,58449,69,262956
864,0.000717,172.217.194.0-255,645,59094,69,262956
865,0.000723,172.31.40.0-255,66,59160,69,262956
866,0.000802,172.217.194.0-255,1484,60644,69,262956
867,0.000806,172.217.194.0-255,1484,62128,69,262956
868,0.000808,172.31.40.0-255,66,62194,69,262956
869,0.000835,172.217.194.0-255,1484,63678,69,262956
870,0.000842,172.217.194.0-255,5738,69416,69,262956
871,0.000845,172.31.40.0-255,66,69482,69,262956
872,0.000852,172.217.194.0-255,7156,76638,69,262956
873,0.000854,172.31.40.0-255,66,76704,69,262956
874,0.000878,172.217.194.0-255,5738,82442,69,262956
875,0.00088,172.31.40.0-255,66,82508,69,262956
876,0.000891,172.31.40.0-255,66,82574,69,262956
877,0.001095,172.217.194.0-255,1484,84058,69,262956
878,0.001101,172.217.194.0-255,2902,86960,69,262956
879,0.001103,172.31.40.0-255,66,87026,69,262956
880,0.001138,172.217.194.0-255,1484,88510,69,262956
881,0.001155,172.217.194.0-255,4320,92830,69,262956
882,0.001158,172.31.40.0-255,66,92896,69,262956
883,0.001176,172.31.40.0-255,66,92962,69,262956
884,0.001187,172.31.40.0-255,66,93028,69,262956
885,0.001216,172.217.194.0-255,766,93794,69,262956
886,0.001768,172.31.40.0-255,66,93860,69,262956
887,0.001794,172.217.194.0-255,1484,95344,69,262956
888,0.0018,172.217.194.0-255,2902,98246,69,262956
889,0.001802,172.31.40.0-255,66,98312,69,262956
890,0.001808,172.217.194.0-255,4320,102632,69,262956
891,0.00181,172.31.40.0-255,66,102698,69,262956
892,0.001837,172.217.194.0-255,1484,104182,69,262956
893,0.001851,172.31.40.0-255,66,104248,69,262956
894,0.001892,172.217.194.0-255,5738,109986,69,262956
895,0.001896,172.31.40.0-255,66,110052,69,262956
896,0.001926,172.217.194.0-255,6438,116490,69,262956
897,0.001929,172.31.40.0-255,66,116556,69,262956
898,0.001932,172.217.194.0-255,1484,118040,69,262956
899,0.001955,172.217.194.0-255,2902,120942,69,262956
900,0.001957,172.31.40.0-255,66,121008,69,262956
901,0.001964,172.217.194.0-255,5738,126746,69,262956
902,0.001966,172.31.40.0-255,66,126812,69,262956
903,0.001994,172.217.194.0-255,7156,133968,69,262956
904,0.001996,172.31.40.0-255,66,134034,69,262956
905,0.002027,172.217.194.0-255,5738,139772,69,262956
906,0.00203,172.31.40.0-255,66,139838,69,262956
907,0.002041,172.31.40.0-255,66,139904,69,262956
908,0.002058,172.31.40.0-255,66,139970,69,262956
909,0.002102,172.31.40.0-255,66,140036,69,262956
910,0.002114,172.31.40.0-255,66,140102,69,262956
911,0.002117,172.217.194.0-255,1484,141586,69,262956
912,0.002121,172.217.194.0-255,2902,144488,69,262956
913,0.002124,172.31.40.0-255,66,144554,69,262956
914,0.00213,172.217.194.0-255,5738,150292,69,262956
915,0.002136,172.31.40.0-255,66,150358,69,262956
916,0.002186,172.31.40.0-255,66,150424,69,262956
917,0.002196,172.31.40.0-255,66,150490,69,262956
918,0.002234,172.31.40.0-255,66,150556,69,262956
919,0.002238,172.217.194.0-255,2902,153458,69,262956
920,0.00224,172.31.40.0-255,66,153524,69,262956
921,0.002281,172.217.194.0-255,7156,160680,69,262956
922,0.002284,172.31.40.0-255,66,160746,69,262956
923,0.002301,172.31.40.0-255,66,160812,69,262956
924,0.002339,172.217.194.0-255,2902,163714,69,262956
925,0.002342,172.31.40.0-255,66,163780,69,262956
926,0.002398,172.31.40.0-255,66,163846,69,262956
927,0.002405,172.217.194.0-255,5020,168866,69,262956
928,0.002407,172.31.40.0-255,66,168932,69,262956
929,0.002428,172.217.194.0-255,1484,170416,69,262956
930,0.002433,172.217.194.0-255,2902,173318,69,262956
931,0.002436,172.31.40.0-255,66,173384,69,262956
932,0.002441,172.217.194.0-255,2902,176286,69,262956
933,0.002443,172.31.40.0-255,66,176352,69,262956
934,0.002468,172.217.194.0-255,2902,179254,69,262956
935,0.002474,172.217.194.0-255,5738,184992,69,262956
936,0.002498,172.217.194.0-255,4320,189312,69,262956
937,0.002509,172.217.194.0-255,2902,192214,69,262956
938,0.002515,172.31.40.0-255,66,192280,69,262956
939,0.00494,172.217.194.0-255,5738,198018,69,262956
940,0.004948,172.31.40.0-255,66,198084,69,262956
941,0.007409,172.217.194.0-255,4320,202404,69,262956
942,0.007415,172.31.40.0-255,66,202470,69,262956
943,0.00744,172.217.194.0-255,1484,203954,69,262956
944,0.009858,172.217.194.0-255,2902,206856,69,262956
945,0.009864,172.31.40.0-255,66,206922,69,262956
946,0.009888,172.217.194.0-255,1484,208406,69,262956
947,0.012324,172.217.194.0-255,4320,212726,69,262956
948,0.01233,172.31.40.0-255,66,212792,69,262956
949,0.014766,172.217.194.0-255,5738,218530,69,262956
950,0.014775,172.31.40.0-255,66,218596,69,262956
951,0.017258,172.217.194.0-255,5738,224334,69,262956
952,0.017266,172.31.40.0-255,66,224400,69,262956
953,0.01973,172.217.194.0-255,5738,230138,69,262956
954,0.019738,172.31.40.0-255,66,230204,69,262956
955,0.022191,172.217.194.0-255,4320,234524,69,262956
956,0.022198,172.31.40.0-255,66,234590,69,262956
957,0.022218,172.217.194.0-255,1484,236074,69,262956
958,0.024712,172.217.194.0-255,4320,240394,69,262956
959,0.024727,172.31.40.0-255,66,240460,69,262956
960,0.027227,172.217.194.0-255,4320,244780,69,262956
961,0.027235,172.31.40.0-255,66,244846,69,262956
962,0.027268,172.217.194.0-255,1484,246330,69,262956
963,0.029682,172.217.194.0-255,4320,250650,69,262956
964,0.029689,172.31.40.0-255,66,250716,69,262956
965,0.032147,172.217.194.0-255,2896,253612,69,262956
966,0.032157,172.31.40.0-255,66,253678,69,262956
967,0.032352,172.31.40.0-255,105,253783,69,262956
968,0.034736,172.217.194.0-255,66,253849,69,262956
969,0.036323,172.31.40.0-255,172,254021,69,262956
970,0.036348,172.31.40.0-255,1112,255133,69,262956
971,0.036422,172.31.40.0-255,1514,256647,69,262956
972,0.036445,172.31.40.0-255,1514,258161,69,262956
973,0.036446,172.31.40.0-255,1514,259675,69,262956
974,0.036468,172.31.40.0-255,1514,261189,69,262956
975,0.03647,172.31.40.0-255,1503,262692,69,262956
976,0.037992,104.244.42.0-255,66,262758,69,262956
977,0.038028,104.244.42.0-255,66,262824,69,262956
978,0.038145,104.244.42.0-255,66,262890,69,262956
979,0.038205,104.244.42.0-255,66,262956,69,262956
980,0.0,74.125.68.0-255,152,152,69,385821
981,1.8e-05,172.31.40.0-255,66,218,69,385821
982,2.6e-05,74.125.68.0-255,1484,1702,69,385821
983,3.1e-05,172.31.40.0-255,66,1768,69,385821
984,3.6e-05,74.125.68.0-255,2902,4670,69,385821
985,4.6e-05,172.31.40.0-255,66,4736,69,385821
986,5.2e-05,74.125.68.0-255,4320,9056,69,385821
987,5.6e-05,172.31.40.0-255,66,9122,69,385821
988,7.5e-05,74.125.68.0-255,2902,12024,69,385821
989,7.8e-05,172.31.40.0-255,66,12090,69,385821
990,0.0001,74.125.68.0-255,1484,13574,69,385821
991,0.000102,172.31.40.0-255,66,13640,69,385821
992,0.000113,74.125.68.0-255,4899,18539,69,385821
993,0.000116,172.31.40.0-255,66,18605,69,385821
994,0.000151,74.125.68.0-255,4320,22925,69,385821
995,0.000154,172.31.40.0-255,66,22991,69,385821
996,0.00016,74.125.68.0-255,5738,28729,69,385821
997,0.000163,172.31.40.0-255,66,28795,69,385821
998,0.000188,74.125.68.0-255,2543,31338,69,385821
999,0.00019,172.31.40.0-255,66,31404,69,385821
1000,0.000334,74.125.68.0-255,1484,32888,69,385821
1001,0.000338,172.31.40.0-255,66,32954,69,385821
1002,0.000358,74.125.68.0-255,2902,35856,69,385821
1003,0.000361,172.31.40.0-255,66,35922,69,385821
1004,0.000368,74.125.68.0-255,5738,41660,69,385821
1005,0.00037,172.31.40.0-255,66,41726,69,385821
1006,0.000406,74.125.68.0-255,5738,47464,69,385821
1007,0.000409,172.31.40.0-255,66,47530,69,385821
1008,0.000414,74.125.68.0-255,2902,50432,69,385821
1009,0.000415,172.31.40.0-255,66,50498,69,385821
1010,0.000449,74.125.68.0-255,3961,54459,69,385821
1011,0.000452,172.31.40.0-255,66,54525,69,385821
1012,0.000459,74.125.68.0-255,5738,60263,69,385821
1013,0.000461,172.31.40.0-255,66,60329,69,385821
1014,0.00049,74.125.68.0-255,5691,66020,69,385821
1015,0.000493,172.31.40.0-255,66,66086,69,385821
1016,0.000504,74.125.68.0-255,343,66429,69,385821
1017,0.000567,74.125.68.0-255,1484,67913,69,385821
1018,0.000571,172.31.40.0-255,66,67979,69,385821
1019,0.000579,74.125.68.0-255,1484,69463,69,385821
1020,0.000582,74.125.68.0-255,1484,70947,69,385821
1021,0.000588,172.31.40.0-255,66,71013,69,385821
1022,0.000611,74.125.68.0-255,1484,72497,69,385821
1023,0.000619,74.125.68.0-255,5738,78235,69,385821
1024,0.000621,172.31.40.0-255,66,78301,69,385821
1025,0.000657,172.31.40.0-255,66,78367,69,385821
1026,0.000696,172.31.40.0-255,66,78433,69,385821
1027,0.000699,74.125.68.0-255,766,79199,69,385821
1028,0.000789,74.125.68.0-255,1484,80683,69,385821
1029,0.000792,172.31.40.0-255,66,80749,69,385821
1030,0.00082,74.125.68.0-255,2902,83651,69,385821
1031,0.000823,172.31.40.0-255,66,83717,69,385821
1032,0.000853,74.125.68.0-255,5738,89455,69,385821
1033,0.000856,172.31.40.0-255,66,89521,69,385821
1034,0.000859,74.125.68.0-255,1484,91005,69,385821
1035,0.000894,172.31.40.0-255,66,91071,69,385821
1036,0.000925,74.125.68.0-255,5738,96809,69,385821
1037,0.000929,172.31.40.0-255,66,96875,69,385821
1038,0.000937,74.125.68.0-255,7156,104031,69,385821
1039,0.000939,172.31.40.0-255,66,104097,69,385821
1040,0.000947,74.125.68.0-255,766,104863,69,385821
1041,0.001002,74.125.68.0-255,1484,106347,69,385821
1042,0.001005,172.31.40.0-255,66,106413,69,385821
1043,0.001025,74.125.68.0-255,2902,109315,69,385821
1044,0.001027,172.31.40.0-255,66,109381,69,385821
1045,0.001031,74.125.68.0-255,2902,112283,69,385821
1046,0.001034,172.31.40.0-255,66,112349,69,385821
1047,0.001057,74.125.68.0-255,2902,115251,69,385821
1048,0.001059,172.31.40.0-255,66,115317,69,385821
1049,0.001069,74.125.68.0-255,4320,119637,69,385821
1050,0.001071,172.31.40.0-255,66,119703,69,385821
1051,0.001078,74.125.68.0-255,5738,125441,69,385821
1052,0.00108,172.31.40.0-255,66,125507,69,385821
1053,0.001106,74.125.68.0-255,5738,131245,69,385821
1054,0.001109,172.31.40.0-255,66,131311,69,385821
1055,0.00114,74.125.68.0-255,5738,137049,69,385821
1056,0.001142,172.31.40.0-255,66,137115,69,385821
1057,0.001147,74.125.68.0-255,2184,139299,69,385821
1058,0.001149,172.31.40.0-255,66,139365,69,385821
1059,0.001248,74.125.68.0-255,1484,140849,69,385821
1060,0.001268,74.125.68.0-255,2902,143751,69,385821
1061,0.001271,172.31.40.0-255,66,143817,69,385821
1062,0.001303,74.125.68.0-255,5738,149555,69,385821
1063,0.001306,172.31.40.0-255,66,149621,69,385821
1064,0.001333,74.125.68.0-255,5738,155359,69,385821
1065,0.001336,172.31.40.0-255,66,155425,69,385821
1066,0.001359,74.125.68.0-255,1484,156909,69,385821
1067,0.001364,74.125.68.0-255,4320,161229,69,385821
1068,0.001367,172.31.40.0-255,66,161295,69,385821
1069,0.001393,74.125.68.0-255,5738,167033,69,385821
1070,0.001396,172.31.40.0-255,66,167099,69,385821
1071,0.001423,74.125.68.0-255,6438,173537,69,385821
1072,0.001426,172.31.40.0-255,66,173603,69,385821
1073,0.001507,74.125.68.0-255,1484,175087,69,385821
1074,0.001525,74.125.68.0-255,2902,177989,69,385821
1075,0.001528,172.31.40.0-255,66,178055,69,385821
1076,0.001563,74.125.68.0-255,5738,183793,69,385821
1077,0.001566,172.31.40.0-255,66,183859,69,385821
1078,0.001571,74.125.68.0-255,2902,186761,69,385821
1079,0.001573,172.31.40.0-255,66,186827,69,385821
1080,0.001583,74.125.68.0-255,4320,191147,69,385821
1081,0.001586,172.31.40.0-255,66,191213,69,385821
1082,0.001617,172.31.40.0-255,66,191279,69,385821
1083,0.001624,74.125.68.0-255,5738,197017,69,385821
1084,0.001626,172.31.40.0-255,66,197083,69,385821
1085,0.00167,74.125.68.0-255,2184,199267,69,385821
1086,0.001672,172.31.40.0-255,66,199333,69,385821
1087,0.001733,74.125.68.0-255,1484,200817,69,385821
1088,0.001739,74.125.68.0-255,2902,203719,69,385821
1089,0.001742,172.31.40.0-255,66,203785,69,385821
1090,0.00176,74.125.68.0-255,2902,206687,69,385821
1091,0.001765,172.31.40.0-255,66,206753,69,385821
1092,0.001798,74.125.68.0-255,4320,211073,69,385821
1093,0.001802,172.31.40.0-255,66,211139,69,385821
1094,0.001805,74.125.68.0-255,1484,212623,69,385821
1095,0.001837,74.125.68.0-255,2902,215525,69,385821
1096,0.001841,172.31.40.0-255,66,215591,69,385821
1097,0.00185,74.125.68.0-255,2902,218493,69,385821
1098,0.001853,172.31.40.0-255,66,218559,69,385821
1099,0.001883,74.125.68.0-255,2902,221461,69,385821
1100,0.001887,172.31.40.0-255,66,221527,69,385821
1101,0.00189,74.125.68.0-255,1484,223011,69,385821
1102,0.001895,74.125.68.0-255,2902,225913,69,385821
1103,0.001897,172.31.40.0-255,66,225979,69,385821
1104,0.001901,74.125.68.0-255,2902,228881,69,385821
1105,0.001905,172.31.40.0-255,66,228947,69,385821
1106,0.001918,74.125.68.0-255,2902,231849,69,385821
1107,0.001921,172.31.40.0-255,66,231915,69,385821
1108,0.001924,74.125.68.0-255,2184,234099,69,385821
1109,0.001931,172.31.40.0-255,66,234165,69,385821
1110,0.002122,74.125.68.0-255,1484,235649,69,385821
1111,0.002144,74.125.68.0-255,2902,238551,69,385821
1112,0.002147,172.31.40.0-255,66,238617,69,385821
1113,0.002174,74.125.68.0-255,4320,242937,69,385821
1114,0.002176,172.31.40.0-255,66,243003,69,385821
1115,0.002182,74.125.68.0-255,2902,245905,69,385821
1116,0.002184,172.31.40.0-255,66,245971,69,385821
1117,0.002207,74.125.68.0-255,2902,248873,69,385821
1118,0.002209,172.31.40.0-255,66,248939,69,385821
1119,0.002251,74.125.68.0-255,2902,251841,69,385821
1120,0.002253,172.31.40.0-255,66,251907,69,385821
1121,0.002275,172.31.40.0-255,66,251973,69,385821
1122,0.002279,74.125.68.0-255,2902,254875,69,385821
1123,0.002282,172.31.40.0-255,66,254941,69,385821
1124,0.002288,74.125.68.0-255,5738,260679,69,385821
1125,0.002291,172.31.40.0-255,66,260745,69,385821
1126,0.002313,74.125.68.0-255,766,261511,69,385821
1127,0.002339,74.125.68.0-255,7156,268667,69,385821
1128,0.002341,172.31.40.0-255,66,268733,69,385821
1129,0.002344,74.125.68.0-255,1484,270217,69,385821
1130,0.002365,74.125.68.0-255,2902,273119,69,385821
1131,0.002368,172.31.40.0-255,66,273185,69,385821
1132,0.004672,74.125.68.0-255,1484,274669,69,385821
1133,0.00469,74.125.68.0-255,4320,278989,69,385821
1134,0.004695,172.31.40.0-255,66,279055,69,385821
1135,0.007036,74.125.68.0-255,2902,281957,69,385821
1136,0.007039,172.31.40.0-255,66,282023,69,385821
1137,0.007064,74.125.68.0-255,2902,284925,69,385821
1138,0.007067,172.31.40.0-255,66,284991,69,385821
1139,0.007641,172.31.40.0-255,101,285092,69,385821
1140,0.009391,74.125.68.0-255,4320,289412,69,385821
1141,0.009397,172.31.40.0-255,66,289478,69,385821
1142,0.009427,74.125.68.0-255,1484,290962,69,385821
1143,0.009928,74.125.68.0-255,66,291028,69,385821
1144,0.011743,74.125.68.0-255,4320,295348,69,385821
1145,0.01175,172.31.40.0-255,66,295414,69,385821
1146,0.0141,74.125.68.0-255,5738,301152,69,385821
1147,0.014108,172.31.40.0-255,66,301218,69,385821
1148,0.016445,74.125.68.0-255,5738,306956,69,385821
1149,0.016453,172.31.40.0-255,66,307022,69,385821
1150,0.018795,74.125.68.0-255,5738,312760,69,385821
1151,0.018803,172.31.40.0-255,66,312826,69,385821
1152,0.021145,74.125.68.0-255,5738,318564,69,385821
1153,0.021153,172.31.40.0-255,66,318630,69,385821
1154,0.023521,74.125.68.0-255,5738,324368,69,385821
1155,0.023529,172.31.40.0-255,66,324434,69,385821
1156,0.025876,74.125.68.0-255,4320,328754,69,385821
1157,0.025883,172.31.40.0-255,66,328820,69,385821
1158,0.025912,74.125.68.0-255,1484,330304,69,385821
1159,0.028273,74.125.68.0-255,4320,334624,69,385821
1160,0.028282,172.31.40.0-255,66,334690,69,385821
1161,0.030643,74.125.68.0-255,5738,340428,69,385821
1162,0.030651,172.31.40.0-255,66,340494,69,385821
1163,0.032999,74.125.68.0-255,5738,346232,69,385821
1164,0.033006,172.31.40.0-255,66,346298,69,385821
1165,0.035342,74.125.68.0-255,5738,352036,69,385821
1166,0.035349,172.31.40.0-255,66,352102,69,385821
1167,0.037708,74.125.68.0-255,5738,357840,69,385821
1168,0.037716,172.31.40.0-255,66,357906,69,385821
1169,0.040067,74.125.68.0-255,5738,363644,69,385821
1170,0.040075,172.31.40.0-255,66,363710,69,385821
1171,0.041949,172.31.40.0-255,172,363882,69,385821
1172,0.041982,172.31.40.0-255,1114,364996,69,385821
1173,0.042049,172.31.40.0-255,1514,366510,69,385821
1174,0.042051,172.31.40.0-255,1514,368024,69,385821
1175,0.042052,172.31.40.0-255,1514,369538,69,385821
1176,0.042058,172.31.40.0-255,1514,371052,69,385821
1177,0.042059,172.31.40.0-255,1501,372553,69,385821
1178,0.042413,74.125.68.0-255,5738,378291,69,385821
1179,0.042421,172.31.40.0-255,66,378357,69,385821
1180,0.043472,104.244.42.0-255,66,378423,69,385821
1181,0.043569,104.244.42.0-255,66,378489,69,385821
1182,0.043751,104.244.42.0-255,66,378555,69,385821
1183,0.044774,74.125.68.0-255,5738,384293,69,385821
1184,0.044781,172.31.40.0-255,66,384359,69,385821
1185,0.047128,74.125.68.0-255,1357,385716,69,385821
1186,0.047316,172.31.40.0-255,105,385821,69,385821
1187,0.0,74.125.68.0-255,296,296,69,206994
1188,1.5e-05,172.31.40.0-255,66,362,69,206994
1189,3.9e-05,74.125.68.0-255,1484,1846,69,206994
1190,4.4e-05,172.31.40.0-255,66,1912,69,206994
1191,4.7e-05,74.125.68.0-255,1484,3396,69,206994
1192,4.9e-05,172.31.40.0-255,66,3462,69,206994
1193,7.3e-05,74.125.68.0-255,2902,6364,69,206994
1194,7.6e-05,172.31.40.0-255,66,6430,69,206994
1195,9.4e-05,74.125.68.0-255,2902,9332,69,206994
1196,9.6e-05,172.31.40.0-255,66,9398,69,206994
1197,0.000119,74.125.68.0-255,2902,12300,69,206994
1198,0.000121,172.31.40.0-255,66,12366,69,206994
1199,0.000138,74.125.68.0-255,1484,13850,69,206994
1200,0.00014,172.31.40.0-255,66,13916,69,206994
1201,0.000158,74.125.68.0-255,1926,15842,69,206994
1202,0.000161,172.31.40.0-255,66,15908,69,206994
1203,0.000166,74.125.68.0-255,4320,20228,69,206994
1204,0.000168,172.31.40.0-255,66,20294,69,206994
1205,0.000216,74.125.68.0-255,2902,23196,69,206994
1206,0.000219,172.31.40.0-255,66,23262,69,206994
1207,0.000237,74.125.68.0-255,4320,27582,69,206994
1208,0.00024,172.31.40.0-255,66,27648,69,206994
1209,0.000242,74.125.68.0-255,1484,29132,69,206994
1210,0.000245,172.31.40.0-255,66,29198,69,206994
1211,0.000266,74.125.68.0-255,2902,32100,69,206994
1212,0.000268,172.31.40.0-255,66,32166,69,206994
1213,0.000287,74.125.68.0-255,5738,37904,69,206994
1214,0.00029,172.31.40.0-255,66,37970,69,206994
1215,0.000324,74.125.68.0-255,1484,39454,69,206994
1216,0.000327,172.31.40.0-255,66,39520,69,206994
1217,0.000346,74.125.68.0-255,2902,42422,69,206994
1218,0.000348,172.31.40.0-255,66,42488,69,206994
1219,0.000351,74.125.68.0-255,1484,43972,69,206994
1220,0.000372,74.125.68.0-255,4320,48292,69,206994
1221,0.000375,172.31.40.0-255,66,48358,69,206994
1222,0.000378,74.125.68.0-255,766,49124,69,206994
1223,0.000626,74.125.68.0-255,1484,50608,69,206994
1224,0.000632,172.31.40.0-255,66,50674,69,206994
1225,0.000649,74.125.68.0-255,2902,53576,69,206994
1226,0.000652,172.31.40.0-255,66,53642,69,206994
1227,0.000655,74.125.68.0-255,1484,55126,69,206994
1228,0.000677,74.125.68.0-255,2902,58028,69,206994
1229,0.00068,172.31.40.0-255,66,58094,69,206994
1230,0.000707,74.125.68.0-255,4320,62414,69,206994
1231,0.00071,172.31.40.0-255,66,62480,69,206994
1232,0.000728,74.125.68.0-255,1484,63964,69,206994
1233,0.000758,74.125.68.0-255,2543,66507,69,206994
1234,0.000768,172.31.40.0-255,66,66573,69,206994
1235,0.002942,74.125.68.0-255,1484,68057,69,206994
1236,0.002952,74.125.68.0-255,2902,70959,69,206994
1237,0.002958,172.31.40.0-255,66,71025,69,206994
1238,0.002963,74.125.68.0-255,1484,72509,69,206994
1239,0.004981,74.125.68.0-255,4320,76829,69,206994
1240,0.004985,172.31.40.0-255,66,76895,69,206994
1241,0.007009,74.125.68.0-255,5738,82633,69,206994
1242,0.007015,172.31.40.0-255,66,82699,69,206994
1243,0.009042,74.125.68.0-255,5738,88437,69,206994
1244,0.009051,172.31.40.0-255,66,88503,69,206994
1245,0.011085,74.125.68.0-255,5738,94241,69,206994
1246,0.011095,172.31.40.0-255,66,94307,69,206994
1247,0.013129,74.125.68.0-255,5738,100045,69,206994
1248,0.013137,172.31.40.0-255,66,100111,69,206994
1249,0.015187,74.125.68.0-255,5738,105849,69,206994
1250,0.015194,172.31.40.0-255,66,105915,69,206994
1251,0.01726,74.125.68.0-255,5738,111653,69,206994
1252,0.017269,172.31.40.0-255,66,111719,69,206994
1253,0.019298,74.125.68.0-255,5738,117457,69,206994
1254,0.019305,172.31.40.0-255,66,117523,69,206994
1255,0.021341,74.125.68.0-255,1484,119007,69,206994
1256,0.021365,74.125.68.0-255,4320,123327,69,206994
1257,0.02137,172.31.40.0-255,66,123393,69,206994
1258,0.022787,172.31.40.0-255,172,123565,69,206994
1259,0.022832,172.31.40.0-255,1111,124676,69,206994
1260,0.022899,172.31.40.0-255,1514,126190,69,206994
1261,0.022901,172.31.40.0-255,1514,127704,69,206994
1262,0.022902,172.31.40.0-255,1514,129218,69,206994
1263,0.022903,172.31.40.0-255,1514,130732,69,206994
1264,0.022904,172.31.40.0-255,546,131278,69,206994
1265,0.023423,74.125.68.0-255,5738,137016,69,206994
1266,0.02343,172.31.40.0-255,66,137082,69,206994
1267,0.024382,104.244.42.0-255,66,137148,69,206994
1268,0.024419,104.244.42.0-255,66,137214,69,206994
1269,0.024454,104.244.42.0-255,66,137280,69,206994
1270,0.024467,104.244.42.0-255,66,137346,69,206994
1271,0.025469,74.125.68.0-255,5738,143084,69,206994
1272,0.025474,172.31.40.0-255,66,143150,69,206994
1273,0.027515,74.125.68.0-255,5738,148888,69,206994
1274,0.027523,172.31.40.0-255,66,148954,69,206994
1275,0.029575,74.125.68.0-255,5738,154692,69,206994
1276,0.029583,172.31.40.0-255,66,154758,69,206994
1277,0.03167,74.125.68.0-255,5738,160496,69,206994
1278,0.031677,172.31.40.0-255,66,160562,69,206994
1279,0.033716,74.125.68.0-255,5738,166300,69,206994
1280,0.033724,172.31.40.0-255,66,166366,69,206994
1281,0.035786,74.125.68.0-255,5738,172104,69,206994
1282,0.035794,172.31.40.0-255,66,172170,69,206994
1283,0.037827,74.125.68.0-255,5738,177908,69,206994
1284,0.037832,172.31.40.0-255,66,177974,69,206994
1285,0.039902,74.125.68.0-255,5738,183712,69,206994
1286,0.03991,172.31.40.0-255,66,183778,69,206994
1287,0.041952,74.125.68.0-255,5738,189516,69,206994
1288,0.041959,172.31.40.0-255,66,189582,69,206994
1289,0.043989,74.125.68.0-255,5738,195320,69,206994
1290,0.043997,172.31.40.0-255,66,195386,69,206994
1291,0.046038,74.125.68.0-255,5738,201124,69,206994
1292,0.046044,172.31.40.0-255,66,201190,69,206994
1293,0.048078,74.125.68.0-255,5738,206928,69,206994
1294,0.048084,172.31.40.0-255,66,206994,69,206994
1295,0.0,74.125.68.0-255,145,145,69,268428
1296,2.7e-05,172.31.40.0-255,66,211,69,268428
1297,3.3e-05,74.125.68.0-255,1484,1695,69,268428
1298,3.7e-05,172.31.40.0-255,66,1761,69,268428
1299,6.2e-05,74.125.68.0-255,2902,4663,69,268428
1300,6.5e-05,172.31.40.0-255,66,4729,69,268428
1301,7e-05,74.125.68.0-255,4320,9049,69,268428
1302,7.4e-05,172.31.40.0-255,66,9115,69,268428
1303,8.4e-05,74.125.68.0-255,1484,10599,69,268428
1304,8.7e-05,172.31.40.0-255,66,10665,69,268428
1305,9.2e-05,74.125.68.0-255,2902,13567,69,268428
1306,9.4e-05,172.31.40.0-255,66,13633,69,268428
1307,0.000111,74.125.68.0-255,681,14314,69,268428
1308,0.000113,172.31.40.0-255,66,14380,69,268428
1309,0.000252,74.125.68.0-255,1484,15864,69,268428
1310,0.000256,172.31.40.0-255,66,15930,69,268428
1311,0.000261,74.125.68.0-255,2902,18832,69,268428
1312,0.000263,172.31.40.0-255,66,18898,69,268428
1313,0.000282,74.125.68.0-255,2902,21800,69,268428
1314,0.000285,172.31.40.0-255,66,21866,69,268428
1315,0.000317,74.125.68.0-255,2902,24768,69,268428
1316,0.00032,172.31.40.0-255,66,24834,69,268428
1317,0.000331,74.125.68.0-255,1484,26318,69,268428
1318,0.000334,172.31.40.0-255,66,26384,69,268428
1319,0.000337,74.125.68.0-255,1484,27868,69,268428
1320,0.000339,172.31.40.0-255,66,27934,69,268428
1321,0.000344,74.125.68.0-255,2902,30836,69,268428
1322,0.000346,172.31.40.0-255,66,30902,69,268428
1323,0.00038,74.125.68.0-255,2543,33445,69,268428
1324,0.000384,172.31.40.0-255,66,33511,69,268428
1325,0.0004,74.125.68.0-255,2902,36413,69,268428
1326,0.000403,172.31.40.0-255,66,36479,69,268428
1327,0.00043,74.125.68.0-255,4320,40799,69,268428
1328,0.000434,172.31.40.0-255,66,40865,69,268428
1329,0.000454,74.125.68.0-255,2902,43767,69,268428
1330,0.000457,172.31.40.0-255,66,43833,69,268428
1331,0.000474,74.125.68.0-255,1484,45317,69,268428
1332,0.000492,74.125.68.0-255,3961,49278,69,268428
1333,0.000495,172.31.40.0-255,66,49344,69,268428
1334,0.000555,74.125.68.0-255,1484,50828,69,268428
1335,0.000561,74.125.68.0-255,2902,53730,69,268428
1336,0.000564,172.31.40.0-255,66,53796,69,268428
1337,0.000569,74.125.68.0-255,2902,56698,69,268428
1338,0.000571,172.31.40.0-255,66,56764,69,268428
1339,0.000588,74.125.68.0-255,2902,59666,69,268428
1340,0.00059,172.31.40.0-255,66,59732,69,268428
1341,0.000596,74.125.68.0-255,5738,65470,69,268428
1342,0.000598,172.31.40.0-255,66,65536,69,268428
1343,0.000632,74.125.68.0-255,1706,67242,69,268428
1344,0.000635,172.31.40.0-255,66,67308,69,268428
1345,0.000882,74.125.68.0-255,1484,68792,69,268428
1346,0.000899,74.125.68.0-255,2902,71694,69,268428
1347,0.000904,172.31.40.0-255,66,71760,69,268428
1348,0.000923,74.125.68.0-255,5738,77498,69,268428
1349,0.000926,172.31.40.0-255,66,77564,69,268428
1350,0.000944,74.125.68.0-255,4320,81884,69,268428
1351,0.000947,172.31.40.0-255,66,81950,69,268428
1352,0.000963,74.125.68.0-255,2902,84852,69,268428
1353,0.000967,172.31.40.0-255,66,84918,69,268428
1354,0.000978,172.31.40.0-255,66,84984,69,268428
1355,0.000992,74.125.68.0-255,2902,87886,69,268428
1356,0.000995,172.31.40.0-255,66,87952,69,268428
1357,0.001015,74.125.68.0-255,5020,92972,69,268428
1358,0.001018,172.31.40.0-255,66,93038,69,268428
1359,0.001224,74.125.68.0-255,1484,94522,69,268428
1360,0.001236,74.125.68.0-255,1484,96006,69,268428
1361,0.001239,172.31.40.0-255,66,96072,69,268428
1362,0.001254,74.125.68.0-255,1484,97556,69,268428
1363,0.001259,74.125.68.0-255,2902,100458,69,268428
1364,0.001261,172.31.40.0-255,66,100524,69,268428
1365,0.001281,74.125.68.0-255,1484,102008,69,268428
1366,0.001291,172.31.40.0-255,66,102074,69,268428
1367,0.001293,74.125.68.0-255,1484,103558,69,268428
1368,0.001309,74.125.68.0-255,5738,109296,69,268428
1369,0.001312,172.31.40.0-255,66,109362,69,268428
1370,0.001346,74.125.68.0-255,2902,112264,69,268428
1371,0.001348,172.31.40.0-255,66,112330,69,268428
1372,0.001362,74.125.68.0-255,5738,118068,69,268428
1373,0.001364,172.31.40.0-255,66,118134,69,268428
1374,0.001366,74.125.68.0-255,766,118900,69,268428
1375,0.002238,74.125.68.0-255,1484,120384,69,268428
1376,0.002241,172.31.40.0-255,66,120450,69,268428
1377,0.002255,74.125.68.0-255,2902,123352,69,268428
1378,0.002257,172.31.40.0-255,66,123418,69,268428
1379,0.002261,74.125.68.0-255,2902,126320,69,268428
1380,0.002263,172.31.40.0-255,66,126386,69,268428
1381,0.002288,74.125.68.0-255,4320,130706,69,268428
1382,0.002293,74.125.68.0-255,4320,135026,69,268428
1383,0.002312,74.125.68.0-255,4320,139346,69,268428
1384,0.002315,74.125.68.0-255,2902,142248,69,268428
1385,0.003347,172.31.40.0-255,66,142314,69,268428
1386,0.005629,74.125.68.0-255,5738,148052,69,268428
1387,0.005635,172.31.40.0-255,66,148118,69,268428
1388,0.007927,74.125.68.0-255,5738,153856,69,268428
1389,0.007934,172.31.40.0-255,66,153922,69,268428
1390,0.010228,74.125.68.0-255,5738,159660,69,268428
1391,0.010235,172.31.40.0-255,66,159726,69,268428
1392,0.012519,74.125.68.0-255,5738,165464,69,268428
1393,0.012544,172.31.40.0-255,66,165530,69,268428
1394,0.014838,74.125.68.0-255,5738,171268,69,268428
1395,0.014846,172.31.40.0-255,66,171334,69,268428
1396,0.01715,74.125.68.0-255,5738,177072,69,268428
1397,0.017162,172.31.40.0-255,66,177138,69,268428
1398,0.018439,172.31.40.0-255,167,177305,69,268428
1399,0.018479,172.31.40.0-255,1111,178416,69,268428
1400,0.018561,172.31.40.0-255,1514,179930,69,268428
1401,0.018563,172.31.40.0-255,1514,181444,69,268428
1402,0.018564,172.31.40.0-255,1514,182958,69,268428
1403,0.018565,172.31.40.0-255,1514,184472,69,268428
1404,0.018566,172.31.40.0-255,546,185018,69,268428
1405,0.019457,74.125.68.0-255,5738,190756,69,268428
1406,0.019462,172.31.40.0-255,66,190822,69,268428
1407,0.01997,104.244.42.0-255,66,190888,69,268428
1408,0.020062,104.244.42.0-255,66,190954,69,268428
1409,0.020148,104.244.42.0-255,66,191020,69,268428
1410,0.02015,104.244.42.0-255,66,191086,69,268428
1411,0.021628,104.244.42.0-255,108,191194,69,268428
1412,0.021647,172.31.40.0-255,66,191260,69,268428
1413,0.02175,74.125.68.0-255,2902,194162,69,268428
1414,0.021754,172.31.40.0-255,66,194228,69,268428
1415,0.021783,74.125.68.0-255,2902,197130,69,268428
1416,0.021786,172.31.40.0-255,66,197196,69,268428
1417,0.024029,74.125.68.0-255,2902,200098,69,268428
1418,0.024034,172.31.40.0-255,66,200164,69,268428
1419,0.024065,74.125.68.0-255,2902,203066,69,268428
1420,0.024068,172.31.40.0-255,66,203132,69,268428
1421,0.02632,74.125.68.0-255,2902,206034,69,268428
1422,0.026326,172.31.40.0-255,66,206100,69,268428
1423,0.026354,74.125.68.0-255,2902,209002,69,268428
1424,0.026356,172.31.40.0-255,66,209068,69,268428
1425,0.028609,74.125.68.0-255,2902,211970,69,268428
1426,0.028614,172.31.40.0-255,66,212036,69,268428
1427,0.028641,74.125.68.0-255,2902,214938,69,268428
1428,0.028644,172.31.40.0-255,66,215004,69,268428
1429,0.030897,74.125.68.0-255,2902,217906,69,268428
1430,0.030902,172.31.40.0-255,66,217972,69,268428
1431,0.030934,74.125.68.0-255,2902,220874,69,268428
1432,0.030937,172.31.40.0-255,66,220940,69,268428
1433,0.033183,74.125.68.0-255,2902,223842,69,268428
1434,0.033188,172.31.40.0-255,66,223908,69,268428
1435,0.033221,74.125.68.0-255,2902,226810,69,268428
1436,0.033224,172.31.40.0-255,66,226876,69,268428
1437,0.035472,74.125.68.0-255,2902,229778,69,268428
1438,0.035478,172.31.40.0-255,66,229844,69,268428
1439,0.035524,74.125.68.0-255,2902,232746,69,268428
1440,0.035528,172.31.40.0-255,66,232812,69,268428
1441,0.037769,74.125.68.0-255,2902,235714,69,268428
1442,0.037787,172.31.40.0-255,66,235780,69,268428
1443,0.037824,74.125.68.0-255,2902,238682,69,268428
1444,0.037827,172.31.40.0-255,66,238748,69,268428
1445,0.040096,74.125.68.0-255,2902,241650,69,268428
1446,0.040112,172.31.40.0-255,66,241716,69,268428
1447,0.040155,74.125.68.0-255,2902,244618,69,268428
1448,0.040158,172.31.40.0-255,66,244684,69,268428
1449,0.042421,74.125.68.0-255,2902,247586,69,268428
1450,0.042465,172.31.40.0-255,66,247652,69,268428
1451,0.042487,74.125.68.0-255,2902,250554,69,268428
1452,0.042491,172.31.40.0-255,66,250620,69,268428
1453,0.044753,74.125.68.0-255,2902,253522,69,268428
1454,0.04477,172.31.40.0-255,66,253588,69,268428
1455,0.04481,74.125.68.0-255,2902,256490,69,268428
1456,0.044813,172.31.40.0-255,66,256556,69,268428
1457,0.047062,74.125.68.0-255,2902,259458,69,268428
1458,0.047071,172.31.40.0-255,66,259524,69,268428
1459,0.047106,74.125.68.0-255,2902,262426,69,268428
1460,0.047108,172.31.40.0-255,66,262492,69,268428
1461,0.049352,74.125.68.0-255,2902,265394,69,268428
1462,0.049358,172.31.40.0-255,66,265460,69,268428
1463,0.049391,74.125.68.0-255,2902,268362,69,268428
1464,0.049394,172.31.40.0-255,66,268428,69,268428
1465,0.0,172.253.118.0-255,152,152,69,254545
1466,1.6e-05,172.31.40.0-255,66,218,69,254545
1467,2.3e-05,172.253.118.0-255,1484,1702,69,254545
1468,2.7e-05,172.31.40.0-255,66,1768,69,254545
1469,3.2e-05,172.253.118.0-255,2902,4670,69,254545
1470,4.4e-05,172.31.40.0-255,66,4736,69,254545
1471,5e-05,172.253.118.0-255,4320,9056,69,254545
1472,5.3e-05,172.31.40.0-255,66,9122,69,254545
1473,8.6e-05,172.253.118.0-255,2902,12024,69,254545
1474,8.8e-05,172.31.40.0-255,66,12090,69,254545
1475,9.3e-05,172.253.118.0-255,2141,14231,69,254545
1476,9.6e-05,172.31.40.0-255,66,14297,69,254545
1477,0.000205,172.253.118.0-255,1484,15781,69,254545
1478,0.000209,172.31.40.0-255,66,15847,69,254545
1479,0.000215,172.253.118.0-255,2902,18749,69,254545
1480,0.000217,172.31.40.0-255,66,18815,69,254545
1481,0.000228,172.253.118.0-255,4320,23135,69,254545
1482,0.000231,172.31.40.0-255,66,23201,69,254545
1483,0.000266,172.253.118.0-255,7156,30357,69,254545
1484,0.000269,172.31.40.0-255,66,30423,69,254545
1485,0.000297,172.253.118.0-255,2543,32966,69,254545
1486,0.000299,172.31.40.0-255,66,33032,69,254545
1487,0.000303,172.253.118.0-255,2902,35934,69,254545
1488,0.000305,172.31.40.0-255,66,36000,69,254545
1489,0.000324,172.31.40.0-255,66,36066,69,254545
1490,0.000337,172.31.40.0-255,66,36132,69,254545
1491,0.000388,172.253.118.0-255,3892,40024,69,254545
1492,0.000391,172.31.40.0-255,66,40090,69,254545
1493,0.00045,172.253.118.0-255,1484,41574,69,254545
1494,0.000453,172.31.40.0-255,66,41640,69,254545
1495,0.00048,172.253.118.0-255,2902,44542,69,254545
1496,0.000487,172.253.118.0-255,5738,50280,69,254545
1497,0.000534,172.253.118.0-255,5120,55400,69,254545
1498,0.000586,172.31.40.0-255,66,55466,69,254545
1499,0.000819,172.253.118.0-255,1484,56950,69,254545
1500,0.000846,172.253.118.0-255,2902,59852,69,254545
1501,0.000853,172.253.118.0-255,5738,65590,69,254545
1502,0.000859,172.31.40.0-255,66,65656,69,254545
1503,0.000892,172.253.118.0-255,2902,68558,69,254545
1504,0.000898,172.253.118.0-255,5738,74296,69,254545
1505,0.000916,172.31.40.0-255,66,74362,69,254545
1506,0.000935,172.253.118.0-255,2902,77264,69,254545
1507,0.000949,172.253.118.0-255,2184,79448,69,254545
1508,0.000958,172.31.40.0-255,66,79514,69,254545
1509,0.001634,172.253.118.0-255,1484,80998,69,254545
1510,0.001647,172.253.118.0-255,1484,82482,69,254545
1511,0.001651,172.31.40.0-255,66,82548,69,254545
1512,0.001684,172.253.118.0-255,1484,84032,69,254545
1513,0.001691,172.253.118.0-255,5738,89770,69,254545
1514,0.001704,172.253.118.0-255,1484,91254,69,254545
1515,0.001716,172.31.40.0-255,66,91320,69,254545
1516,0.001748,172.253.118.0-255,1484,92804,69,254545
1517,0.001783,172.31.40.0-255,66,92870,69,254545
1518,0.001842,172.253.118.0-255,1484,94354,69,254545
1519,0.001847,172.253.118.0-255,2902,97256,69,254545
1520,0.00186,172.31.40.0-255,66,97322,69,254545
1521,0.001865,172.253.118.0-255,2902,100224,69,254545
1522,0.001869,172.31.40.0-255,66,100290,69,254545
1523,0.001889,172.253.118.0-255,2902,103192,69,254545
1524,0.001906,172.253.118.0-255,5738,108930,69,254545
1525,0.001933,172.31.40.0-255,66,108996,69,254545
1526,0.001943,172.253.118.0-255,1484,110480,69,254545
1527,0.001965,172.253.118.0-255,3602,114082,69,254545
1528,0.001971,172.253.118.0-255,5738,119820,69,254545
1529,0.001987,172.31.40.0-255,66,119886,69,254545
1530,0.001992,172.253.118.0-255,2902,122788,69,254545
1531,0.001998,172.31.40.0-255,66,122854,69,254545
1532,0.002042,172.253.118.0-255,4320,127174,69,254545
1533,0.002046,172.253.118.0-255,2902,130076,69,254545
1534,0.002052,172.31.40.0-255,66,130142,69,254545
1535,0.00407,172.253.118.0-255,5738,135880,69,254545
1536,0.004077,172.31.40.0-255,66,135946,69,254545
1537,0.006083,172.253.118.0-255,5738,141684,69,254545
1538,0.008335,172.31.40.0-255,66,141750,69,254545
1539,0.010369,172.253.118.0-255,5738,147488,69,254545
1540,0.010376,172.31.40.0-255,66,147554,69,254545
1541,0.012392,172.253.118.0-255,5738,153292,69,254545
1542,0.013184,172.31.40.0-255,66,153358,69,254545
1543,0.015186,172.253.118.0-255,5738,159096,69,254545
1544,0.015194,172.31.40.0-255,66,159162,69,254545
1545,0.017226,172.253.118.0-255,5738,164900,69,254545
1546,0.02085,172.31.40.0-255,66,164966,69,254545
1547,0.022881,172.253.118.0-255,5738,170704,69,254545
1548,0.022899,172.31.40.0-255,66,170770,69,254545
1549,0.024932,172.253.118.0-255,5738,176508,69,254545
1550,0.024939,172.31.40.0-255,66,176574,69,254545
1551,0.026978,172.253.118.0-255,5738,182312,69,254545
1552,0.026986,172.31.40.0-255,66,182378,69,254545
1553,0.028999,172.253.118.0-255,5738,188116,69,254545
1554,0.029006,172.31.40.0-255,66,188182,69,254545
1555,0.031011,172.253.118.0-255,5738,193920,69,254545
1556,0.031019,172.31.40.0-255,66,193986,69,254545
1557,0.033029,172.253.118.0-255,5738,199724,69,254545
1558,0.033036,172.31.40.0-255,66,199790,69,254545
1559,0.034448,172.31.40.0-255,172,199962,69,254545
1560,0.034482,172.31.40.0-255,1111,201073,69,254545
1561,0.034547,172.31.40.0-255,1514,202587,69,254545
1562,0.034549,172.31.40.0-255,1514,204101,69,254545
1563,0.03455,172.31.40.0-255,1514,205615,69,254545
1564,0.034551,172.31.40.0-255,1514,207129,69,254545
1565,0.034552,172.31.40.0-255,546,207675,69,254545
1566,0.035054,172.253.118.0-255,5738,213413,69,254545
1567,0.035061,172.31.40.0-255,66,213479,69,254545
1568,0.036058,104.244.42.0-255,66,213545,69,254545
1569,0.036086,104.244.42.0-255,66,213611,69,254545
1570,0.036139,104.244.42.0-255,66,213677,69,254545
1571,0.036152,104.244.42.0-255,66,213743,69,254545
1572,0.036758,104.244.42.0-255,108,213851,69,254545
1573,0.036765,172.31.40.0-255,66,213917,69,254545
1574,0.037068,172.253.118.0-255,5738,219655,69,254545
1575,0.037072,172.31.40.0-255,66,219721,69,254545
1576,0.039105,172.253.118.0-255,5738,225459,69,254545
1577,0.039111,172.31.40.0-255,66,225525,69,254545
1578,0.041164,172.253.118.0-255,5738,231263,69,254545
1579,0.041171,172.31.40.0-255,66,231329,69,254545
1580,0.043177,172.253.118.0-255,5738,237067,69,254545
1581,0.043183,172.31.40.0-255,66,237133,69,254545
1582,0.045207,172.253.118.0-255,5738,242871,69,254545
1583,0.045213,172.31.40.0-255,66,242937,69,254545
1584,0.047234,172.253.118.0-255,5738,248675,69,254545
1585,0.04724,172.31.40.0-255,66,248741,69,254545
1586,0.049242,172.253.118.0-255,5738,254479,69,254545
1587,0.049249,172.31.40.0-255,66,254545,69,254545
1588,0.0,172.217.194.0-255,146,146,69,282139
1589,1.6e-05,172.31.40.0-255,66,212,69,282139
1590,2.2e-05,172.217.194.0-255,1484,1696,69,282139
1591,2.6e-05,172.31.40.0-255,66,1762,69,282139
1592,3.1e-05,172.217.194.0-255,2902,4664,69,282139
1593,3.3e-05,172.31.40.0-255,66,4730,69,282139
1594,4.7e-05,172.217.194.0-255,5738,10468,69,282139
1595,5e-05,172.31.40.0-255,66,10534,69,282139
1596,8.2e-05,172.217.194.0-255,3449,13983,69,282139
1597,8.5e-05,172.31.40.0-255,66,14049,69,282139
1598,0.000286,172.217.194.0-255,1484,15533,69,282139
1599,0.000291,172.31.40.0-255,66,15599,69,282139
1600,0.000296,172.217.194.0-255,2902,18501,69,282139
1601,0.000298,172.31.40.0-255,66,18567,69,282139
1602,0.000339,172.217.194.0-255,5738,24305,69,282139
1603,0.000342,172.31.40.0-255,66,24371,69,282139
1604,0.000348,172.217.194.0-255,6797,31168,69,282139
1605,0.00035,172.31.40.0-255,66,31234,69,282139
1606,0.000422,172.217.194.0-255,1484,32718,69,282139
1607,0.000425,172.31.40.0-255,66,32784,69,282139
1608,0.00043,172.217.194.0-255,2902,35686,69,282139
1609,0.000431,172.31.40.0-255,66,35752,69,282139
1610,0.00046,172.217.194.0-255,5738,41490,69,282139
1611,0.000463,172.31.40.0-255,66,41556,69,282139
1612,0.000466,172.217.194.0-255,1484,43040,69,282139
1613,0.000467,172.31.40.0-255,66,43106,69,282139
1614,0.0005,172.31.40.0-255,66,43172,69,282139
1615,0.000525,172.217.194.0-255,4320,47492,69,282139
1616,0.000528,172.31.40.0-255,66,47558,69,282139
1617,0.000551,172.217.194.0-255,2902,50460,69,282139
1618,0.000553,172.31.40.0-255,66,50526,69,282139
1619,0.000557,172.217.194.0-255,2817,53343,69,282139
1620,0.000559,172.31.40.0-255,66,53409,69,282139
1621,0.000584,172.217.194.0-255,118,53527,69,282139
1622,0.000586,172.31.40.0-255,66,53593,69,282139
1623,0.00066,172.217.194.0-255,381,53974,69,282139
1624,0.000663,172.31.40.0-255,66,54040,69,282139
1625,0.000996,172.217.194.0-255,1484,55524,69,282139
1626,0.001,172.31.40.0-255,66,55590,69,282139
1627,0.001005,172.217.194.0-255,2902,58492,69,282139
1628,0.001007,172.31.40.0-255,66,58558,69,282139
1629,0.001012,172.217.194.0-255,4320,62878,69,282139
1630,0.001013,172.31.40.0-255,66,62944,69,282139
1631,0.00105,172.217.194.0-255,1484,64428,69,282139
1632,0.001052,172.31.40.0-255,66,64494,69,282139
1633,0.001066,172.31.40.0-255,66,64560,69,282139
1634,0.001097,172.217.194.0-255,7156,71716,69,282139
1635,0.001099,172.31.40.0-255,66,71782,69,282139
1636,0.001122,172.217.194.0-255,2902,74684,69,282139
1637,0.001124,172.31.40.0-255,66,74750,69,282139
1638,0.001126,172.217.194.0-255,766,75516,69,282139
1639,0.001128,172.31.40.0-255,66,75582,69,282139
1640,0.001343,172.217.194.0-255,1484,77066,69,282139
1641,0.001346,172.31.40.0-255,66,77132,69,282139
1642,0.001351,172.217.194.0-255,2902,80034,69,282139
1643,0.001353,172.31.40.0-255,66,80100,69,282139
1644,0.001372,172.217.194.0-255,4320,84420,69,282139
1645,0.001373,172.31.40.0-255,66,84486,69,282139
1646,0.001391,172.217.194.0-255,1484,85970,69,282139
1647,0.001393,172.31.40.0-255,66,86036,69,282139
1648,0.001399,172.217.194.0-255,5738,91774,69,282139
1649,0.001401,172.31.40.0-255,66,91840,69,282139
1650,0.001427,172.217.194.0-255,7156,98996,69,282139
1651,0.001429,172.31.40.0-255,66,99062,69,282139
1652,0.001448,172.217.194.0-255,4320,103382,69,282139
1653,0.001474,172.217.194.0-255,6438,109820,69,282139
1654,0.001477,172.31.40.0-255,66,109886,69,282139
1655,0.001481,172.31.40.0-255,66,109952,69,282139
1656,0.001973,172.217.194.0-255,1484,111436,69,282139
1657,0.001978,172.31.40.0-255,66,111502,69,282139
1658,0.001986,172.217.194.0-255,2902,114404,69,282139
1659,0.001988,172.31.40.0-255,66,114470,69,282139
1660,0.001998,172.217.194.0-255,5738,120208,69,282139
1661,0.002041,172.217.194.0-255,1484,121692,69,282139
1662,0.002086,172.217.194.0-255,7156,128848,69,282139
1663,0.002106,172.217.194.0-255,3602,132450,69,282139
1664,0.002143,172.217.194.0-255,1484,133934,69,282139
1665,0.002147,172.217.194.0-255,2902,136836,69,282139
1666,0.002163,172.217.194.0-255,1484,138320,69,282139
1667,0.002178,172.217.194.0-255,2902,141222,69,282139
1668,0.00218,172.217.194.0-255,1484,142706,69,282139
1669,0.002201,172.217.194.0-255,4320,147026,69,282139
1670,0.002215,172.217.194.0-255,4320,151346,69,282139
1671,0.002233,172.217.194.0-255,7156,158502,69,282139
1672,0.002266,172.217.194.0-255,5738,164240,69,282139
1673,0.002276,172.217.194.0-255,2184,166424,69,282139
1674,0.002634,172.217.194.0-255,1484,167908,69,282139
1675,0.002641,172.217.194.0-255,2902,170810,69,282139
1676,0.002644,172.217.194.0-255,1484,172294,69,282139
1677,0.002662,172.217.194.0-255,4320,176614,69,282139
1678,0.002673,172.217.194.0-255,2902,179516,69,282139
1679,0.002689,172.217.194.0-255,5738,185254,69,282139
1680,0.002698,172.217.194.0-255,1484,186738,69,282139
1681,0.002708,172.217.194.0-255,1484,188222,69,282139
1682,0.00272,172.217.194.0-255,2902,191124,69,282139
1683,0.002731,172.217.194.0-255,2902,194026,69,282139
1684,0.006397,172.31.40.0-255,66,194092,69,282139
1685,0.009078,172.217.194.0-255,4320,198412,69,282139
1686,0.009084,172.31.40.0-255,66,198478,69,282139
1687,0.009111,172.217.194.0-255,1484,199962,69,282139
1688,0.011777,172.217.194.0-255,4320,204282,69,282139
1689,0.015296,172.31.40.0-255,66,204348,69,282139
1690,0.017966,172.217.194.0-255,5738,210086,69,282139
1691,0.017978,172.31.40.0-255,66,210152,69,282139
1692,0.020679,172.217.194.0-255,5738,215890,69,282139
1693,0.020687,172.31.40.0-255,66,215956,69,282139
1694,0.023352,172.217.194.0-255,5738,221694,69,282139
1695,0.023359,172.31.40.0-255,66,221760,69,282139
1696,0.024875,172.31.40.0-255,167,221927,69,282139
1697,0.024903,172.31.40.0-255,1116,223043,69,282139
1698,0.024955,172.31.40.0-255,1514,224557,69,282139
1699,0.024957,172.31.40.0-255,1514,226071,69,282139
1700,0.024958,172.31.40.0-255,1514,227585,69,282139
1701,0.024959,172.31.40.0-255,1514,229099,69,282139
1702,0.02496,172.31.40.0-255,540,229639,69,282139
1703,0.026035,172.217.194.0-255,5738,235377,69,282139
1704,0.026042,172.31.40.0-255,66,235443,69,282139
1705,0.026434,104.244.42.0-255,66,235509,69,282139
1706,0.026477,104.244.42.0-255,66,235575,69,282139
1707,0.026531,104.244.42.0-255,66,235641,69,282139
1708,0.026544,104.244.42.0-255,66,235707,69,282139
1709,0.0287,172.217.194.0-255,5738,241445,69,282139
1710,0.028705,172.31.40.0-255,66,241511,69,282139
1711,0.031364,172.217.194.0-255,5738,247249,69,282139
1712,0.031369,172.31.40.0-255,66,247315,69,282139
1713,0.034032,172.217.194.0-255,5738,253053,69,282139
1714,0.034039,172.31.40.0-255,66,253119,69,282139
1715,0.036693,172.217.194.0-255,5738,258857,69,282139
1716,0.0367,172.31.40.0-255,66,258923,69,282139
1717,0.039357,172.217.194.0-255,5738,264661,69,282139
1718,0.039363,172.31.40.0-255,66,264727,69,282139
1719,0.042045,172.217.194.0-255,5738,270465,69,282139
1720,0.042051,172.31.40.0-255,66,270531,69,282139
1721,0.044731,172.217.194.0-255,5738,276269,69,282139
1722,0.044737,172.31.40.0-255,66,276335,69,282139
1723,0.047382,172.217.194.0-255,5738,282073,69,282139
1724,0.047391,172.31.40.0-255,66,282139,69,282139
1725,0.0,74.125.24.0-255,153,153,69,233257
1726,1.8e-05,172.31.40.0-255,66,219,69,233257
1727,2.5e-05,74.125.24.0-255,1484,1703,69,233257
1728,2.9e-05,172.31.40.0-255,66,1769,69,233257
1729,3.3e-05,74.125.24.0-255,1484,3253,69,233257
1730,3.5e-05,172.31.40.0-255,66,3319,69,233257
1731,5.4e-05,74.125.24.0-255,1484,4803,69,233257
1732,5.6e-05,172.31.40.0-255,66,4869,69,233257
1733,6.3e-05,74.125.24.0-255,5738,10607,69,233257
1734,6.6e-05,172.31.40.0-255,66,10673,69,233257
1735,7.1e-05,74.125.24.0-255,6355,17028,69,233257
1736,7.4e-05,172.31.40.0-255,66,17094,69,233257
1737,9.3e-05,74.125.24.0-255,4320,21414,69,233257
1738,9.6e-05,172.31.40.0-255,66,21480,69,233257
1739,0.000131,172.31.40.0-255,66,21546,69,233257
1740,0.000135,74.125.24.0-255,2902,24448,69,233257
1741,0.000137,172.31.40.0-255,66,24514,69,233257
1742,0.000141,74.125.24.0-255,4320,28834,69,233257
1743,0.000143,172.31.40.0-255,66,28900,69,233257
1744,0.000146,74.125.24.0-255,1484,30384,69,233257
1745,0.000148,172.31.40.0-255,66,30450,69,233257
1746,0.000174,74.125.24.0-255,7156,37606,69,233257
1747,0.000176,172.31.40.0-255,66,37672,69,233257
1748,0.000178,74.125.24.0-255,1125,38797,69,233257
1749,0.00018,172.31.40.0-255,66,38863,69,233257
1750,0.000265,74.125.24.0-255,1484,40347,69,233257
1751,0.000267,172.31.40.0-255,66,40413,69,233257
1752,0.000272,74.125.24.0-255,2902,43315,69,233257
1753,0.000274,172.31.40.0-255,66,43381,69,233257
1754,0.000277,74.125.24.0-255,1484,44865,69,233257
1755,0.000278,172.31.40.0-255,66,44931,69,233257
1756,0.00031,74.125.24.0-255,4320,49251,69,233257
1757,0.000337,74.125.24.0-255,7090,56341,69,233257
1758,0.000469,172.31.40.0-255,66,56407,69,233257
1759,0.000527,74.125.24.0-255,134,56541,69,233257
1760,0.000531,74.125.24.0-255,346,56887,69,233257
1761,0.000782,74.125.24.0-255,1484,58371,69,233257
1762,0.000788,74.125.24.0-255,2902,61273,69,233257
1763,0.000793,172.31.40.0-255,66,61339,69,233257
1764,0.000802,74.125.24.0-255,1484,62823,69,233257
1765,0.000819,74.125.24.0-255,4320,67143,69,233257
1766,0.000829,172.31.40.0-255,66,67209,69,233257
1767,0.000841,74.125.24.0-255,7156,74365,69,233257
1768,0.000845,172.31.40.0-255,66,74431,69,233257
1769,0.000861,74.125.24.0-255,5738,80169,69,233257
1770,0.00089,172.31.40.0-255,66,80235,69,233257
1771,0.000915,74.125.24.0-255,1484,81719,69,233257
1772,0.00093,74.125.24.0-255,2902,84621,69,233257
1773,0.000942,172.31.40.0-255,66,84687,69,233257
1774,0.000947,74.125.24.0-255,4320,89007,69,233257
1775,0.000951,172.31.40.0-255,66,89073,69,233257
1776,0.000965,74.125.24.0-255,1484,90557,69,233257
1777,0.00097,74.125.24.0-255,4320,94877,69,233257
1778,0.000988,74.125.24.0-255,4320,99197,69,233257
1779,0.000992,172.31.40.0-255,66,99263,69,233257
1780,0.001023,74.125.24.0-255,7156,106419,69,233257
1781,0.001043,172.31.40.0-255,66,106485,69,233257
1782,0.001137,74.125.24.0-255,1484,107969,69,233257
1783,0.001153,74.125.24.0-255,2902,110871,69,233257
1784,0.001162,172.31.40.0-255,66,110937,69,233257
1785,0.001187,74.125.24.0-255,5738,116675,69,233257
1786,0.001195,172.31.40.0-255,66,116741,69,233257
1787,0.001202,74.125.24.0-255,1484,118225,69,233257
1788,0.001232,74.125.24.0-255,4320,122545,69,233257
1789,0.001245,74.125.24.0-255,1484,124029,69,233257
1790,0.00125,172.31.40.0-255,66,124095,69,233257
1791,0.001289,74.125.24.0-255,5020,129115,69,233257
1792,0.001303,172.31.40.0-255,66,129181,69,233257
1793,0.001323,74.125.24.0-255,1484,130665,69,233257
1794,0.001335,74.125.24.0-255,1484,132149,69,233257
1795,0.001341,172.31.40.0-255,66,132215,69,233257
1796,0.001351,74.125.24.0-255,1484,133699,69,233257
1797,0.001367,74.125.24.0-255,5738,139437,69,233257
1798,0.001375,74.125.24.0-255,7156,146593,69,233257
1799,0.001405,74.125.24.0-255,7156,153749,69,233257
1800,0.00141,172.31.40.0-255,66,153815,69,233257
1801,0.001446,74.125.24.0-255,7156,160971,69,233257
1802,0.001451,74.125.24.0-255,2184,163155,69,233257
1803,0.001499,172.31.40.0-255,66,163221,69,233257
1804,0.001665,74.125.24.0-255,1484,164705,69,233257
1805,0.001669,74.125.24.0-255,1484,166189,69,233257
1806,0.001676,172.31.40.0-255,66,166255,69,233257
1807,0.001685,74.125.24.0-255,1484,167739,69,233257
1808,0.001697,74.125.24.0-255,5738,173477,69,233257
1809,0.001709,74.125.24.0-255,2902,176379,69,233257
1810,0.001742,172.31.40.0-255,66,176445,69,233257
1811,0.001748,172.31.40.0-255,66,176511,69,233257
1812,0.001802,172.31.40.0-255,66,176577,69,233257
1813,0.001866,172.31.40.0-255,66,176643,69,233257
1814,0.001875,74.125.24.0-255,1484,178127,69,233257
1815,0.001922,172.31.40.0-255,66,178193,69,233257
1816,0.00197,172.31.40.0-255,66,178259,69,233257
1817,0.001981,74.125.24.0-255,2902,181161,69,233257
1818,0.002013,74.125.24.0-255,5738,186899,69,233257
1819,0.002029,172.31.40.0-255,66,186965,69,233257
1820,0.002078,172.31.40.0-255,66,187031,69,233257
1821,0.002092,74.125.24.0-255,5020,192051,69,233257
1822,0.002117,74.125.24.0-255,7156,199207,69,233257
1823,0.002124,172.31.40.0-255,66,199273,69,233257
1824,0.002131,74.125.24.0-255,1484,200757,69,233257
1825,0.002163,74.125.24.0-255,1484,202241,69,233257
1826,0.002246,172.31.40.0-255,66,202307,69,233257
1827,0.002267,74.125.24.0-255,4320,206627,69,233257
1828,0.002281,74.125.24.0-255,4320,210947,69,233257
1829,0.002284,172.31.40.0-255,66,211013,69,233257
1830,0.002294,74.125.24.0-255,3602,214615,69,233257
1831,0.002315,74.125.24.0-255,5738,220353,69,233257
1832,0.00233,74.125.24.0-255,3455,223808,69,233257
1833,0.002337,172.31.40.0-255,66,223874,69,233257
1834,0.002361,74.125.24.0-255,105,223979,69,233257
1835,0.009965,172.31.40.0-255,66,224045,69,233257
1836,0.010004,172.31.40.0-255,105,224150,69,233257
1837,0.01258,74.125.24.0-255,66,224216,69,233257
1838,0.033944,172.31.40.0-255,172,224388,69,233257
1839,0.03397,172.31.40.0-255,1114,225502,69,233257
1840,0.034047,172.31.40.0-255,1514,227016,69,233257
1841,0.034049,172.31.40.0-255,1514,228530,69,233257
1842,0.03405,172.31.40.0-255,1514,230044,69,233257
1843,0.034055,172.31.40.0-255,1514,231558,69,233257
1844,0.034056,172.31.40.0-255,1501,233059,69,233257
1845,0.035484,104.244.42.0-255,66,233125,69,233257
1846,0.035542,104.244.42.0-255,66,233191,69,233257
1847,0.035649,104.244.42.0-255,66,233257,69,233257
1848,0.0,74.125.24.0-255,146,146,69,237852
1849,1.5e-05,172.31.40.0-255,66,212,69,237852
1850,2.1e-05,74.125.24.0-255,1484,1696,69,237852
1851,2.5e-05,172.31.40.0-255,66,1762,69,237852
1852,3e-05,74.125.24.0-255,2902,4664,69,237852
1853,3.3e-05,172.31.40.0-255,66,4730,69,237852
1854,7e-05,74.125.24.0-255,7156,11886,69,237852
1855,7.4e-05,172.31.40.0-255,66,11952,69,237852
1856,7.8e-05,74.125.24.0-255,2076,14028,69,237852
1857,8e-05,172.31.40.0-255,66,14094,69,237852
1858,0.000151,74.125.24.0-255,1484,15578,69,237852
1859,0.000154,172.31.40.0-255,66,15644,69,237852
1860,0.000158,74.125.24.0-255,1484,17128,69,237852
1861,0.00016,172.31.40.0-255,66,17194,69,237852
1862,0.000173,74.125.24.0-255,1484,18678,69,237852
1863,0.000176,172.31.40.0-255,66,18744,69,237852
1864,0.000183,74.125.24.0-255,5738,24482,69,237852
1865,0.000186,172.31.40.0-255,66,24548,69,237852
1866,0.000215,172.31.40.0-255,66,24614,69,237852
1867,0.00022,74.125.24.0-255,2902,27516,69,237852
1868,0.000223,172.31.40.0-255,66,27582,69,237852
1869,0.000245,74.125.24.0-255,5738,33320,69,237852
1870,0.000248,172.31.40.0-255,66,33386,69,237852
1871,0.000279,74.125.24.0-255,6797,40183,69,237852
1872,0.000281,172.31.40.0-255,66,40249,69,237852
1873,0.000381,74.125.24.0-255,1484,41733,69,237852
1874,0.000385,172.31.40.0-255,66,41799,69,237852
1875,0.000389,74.125.24.0-255,1484,43283,69,237852
1876,0.000391,172.31.40.0-255,66,43349,69,237852
1877,0.000405,74.125.24.0-255,1484,44833,69,237852
1878,0.000408,172.31.40.0-255,66,44899,69,237852
1879,0.000414,74.125.24.0-255,5738,50637,69,237852
1880,0.000417,172.31.40.0-255,66,50703,69,237852
1881,0.000419,74.125.24.0-255,1484,52187,69,237852
1882,0.000458,74.125.24.0-255,5711,57898,69,237852
1883,0.000477,172.31.40.0-255,66,57964,69,237852
1884,0.000515,74.125.24.0-255,347,58311,69,237852
1885,0.000955,74.125.24.0-255,1484,59795,69,237852
1886,0.000961,74.125.24.0-255,2902,62697,69,237852
1887,0.000963,74.125.24.0-255,1484,64181,69,237852
1888,0.000968,172.31.40.0-255,66,64247,69,237852
1889,0.000988,74.125.24.0-255,4320,68567,69,237852
1890,0.000996,74.125.24.0-255,7156,75723,69,237852
1891,0.001005,172.31.40.0-255,66,75789,69,237852
1892,0.001017,74.125.24.0-255,5738,81527,69,237852
1893,0.001021,74.125.24.0-255,2902,84429,69,237852
1894,0.001025,172.31.40.0-255,66,84495,69,237852
1895,0.001059,172.31.40.0-255,66,84561,69,237852
1896,0.001852,74.125.24.0-255,1484,86045,69,237852
1897,0.00186,172.31.40.0-255,66,86111,69,237852
1898,0.001869,74.125.24.0-255,2902,89013,69,237852
1899,0.001901,74.125.24.0-255,5738,94751,69,237852
1900,0.001904,74.125.24.0-255,1484,96235,69,237852
1901,0.00191,74.125.24.0-255,5738,101973,69,237852
1902,0.001934,74.125.24.0-255,7156,109129,69,237852
1903,0.001955,74.125.24.0-255,2902,112031,69,237852
1904,0.001971,74.125.24.0-255,6438,118469,69,237852
1905,0.006152,172.31.40.0-255,66,118535,69,237852
1906,0.008246,74.125.24.0-255,5738,124273,69,237852
1907,0.008253,172.31.40.0-255,66,124339,69,237852
1908,0.01032,74.125.24.0-255,5738,130077,69,237852
1909,0.012938,172.31.40.0-255,66,130143,69,237852
1910,0.015012,74.125.24.0-255,5738,135881,69,237852
1911,0.015023,172.31.40.0-255,66,135947,69,237852
1912,0.017086,74.125.24.0-255,5738,141685,69,237852
1913,0.017093,172.31.40.0-255,66,141751,69,237852
1914,0.01916,74.125.24.0-255,5738,147489,69,237852
1915,0.019166,172.31.40.0-255,66,147555,69,237852
1916,0.02121,74.125.24.0-255,5738,153293,69,237852
1917,0.021218,172.31.40.0-255,66,153359,69,237852
1918,0.023325,74.125.24.0-255,5738,159097,69,237852
1919,0.023334,172.31.40.0-255,66,159163,69,237852
1920,0.025406,74.125.24.0-255,5738,164901,69,237852
1921,0.025414,172.31.40.0-255,66,164967,69,237852
1922,0.027458,74.125.24.0-255,5738,170705,69,237852
1923,0.027466,172.31.40.0-255,66,170771,69,237852
1924,0.029509,74.125.24.0-255,5738,176509,69,237852
1925,0.029517,172.31.40.0-255,66,176575,69,237852
1926,0.030703,172.31.40.0-255,172,176747,69,237852
1927,0.030737,172.31.40.0-255,1116,177863,69,237852
1928,0.030798,172.31.40.0-255,1514,179377,69,237852
1929,0.0308,172.31.40.0-255,1514,180891,69,237852
1930,0.030801,172.31.40.0-255,1514,182405,69,237852
1931,0.030802,172.31.40.0-255,1514,183919,69,237852
1932,0.030836,172.31.40.0-255,1499,185418,69,237852
1933,0.031569,74.125.24.0-255,5738,191156,69,237852
1934,0.031576,172.31.40.0-255,66,191222,69,237852
1935,0.032225,104.244.42.0-255,66,191288,69,237852
1936,0.03235,104.244.42.0-255,66,191354,69,237852
1937,0.03241,104.244.42.0-255,66,191420,69,237852
1938,0.0336,74.125.24.0-255,5738,197158,69,237852
1939,0.033607,172.31.40.0-255,66,197224,69,237852
1940,0.035661,74.125.24.0-255,5738,202962,69,237852
1941,0.035668,172.31.40.0-255,66,203028,69,237852
1942,0.037691,74.125.24.0-255,5738,208766,69,237852
1943,0.037697,172.31.40.0-255,66,208832,69,237852
1944,0.039727,74.125.24.0-255,5738,214570,69,237852
1945,0.039733,172.31.40.0-255,66,214636,69,237852
1946,0.041859,74.125.24.0-255,5738,220374,69,237852
1947,0.041868,172.31.40.0-255,66,220440,69,237852
1948,0.043919,74.125.24.0-255,5738,226178,69,237852
1949,0.043924,172.31.40.0-255,66,226244,69,237852
1950,0.046008,74.125.24.0-255,5738,231982,69,237852
1951,0.046015,172.31.40.0-255,66,232048,69,237852
1952,0.048104,74.125.24.0-255,5738,237786,69,237852
1953,0.04811,172.31.40.0-255,66,237852,69,237852
1954,0.0,74.125.200.0-255,153,153,69,281437
1955,1.2e-05,172.31.40.0-255,66,219,69,281437
1956,1.8e-05,74.125.200.0-255,1484,1703,69,281437
1957,2.3e-05,172.31.40.0-255,66,1769,69,281437
1958,2.6e-05,74.125.200.0-255,1484,3253,69,281437
1959,2.8e-05,172.31.40.0-255,66,3319,69,281437
1960,5.3e-05,74.125.200.0-255,1484,4803,69,281437
1961,5.5e-05,172.31.40.0-255,66,4869,69,281437
1962,6.3e-05,74.125.200.0-255,4320,9189,69,281437
1963,6.9e-05,172.31.40.0-255,66,9255,69,281437
1964,9.2e-05,74.125.200.0-255,2902,12157,69,281437
1965,9.4e-05,172.31.40.0-255,66,12223,69,281437
1966,0.000116,74.125.200.0-255,2039,14262,69,281437
1967,0.000118,172.31.40.0-255,66,14328,69,281437
1968,0.000123,74.125.200.0-255,2902,17230,69,281437
1969,0.000125,172.31.40.0-255,66,17296,69,281437
1970,0.000149,74.125.200.0-255,4320,21616,69,281437
1971,0.000152,172.31.40.0-255,66,21682,69,281437
1972,0.000182,74.125.200.0-255,2902,24584,69,281437
1973,0.000185,172.31.40.0-255,66,24650,69,281437
1974,0.000191,74.125.200.0-255,5738,30388,69,281437
1975,0.000193,172.31.40.0-255,66,30454,69,281437
1976,0.000215,74.125.200.0-255,1125,31579,69,281437
1977,0.000217,172.31.40.0-255,66,31645,69,281437
1978,0.000235,74.125.200.0-255,1484,33129,69,281437
1979,0.000237,172.31.40.0-255,66,33195,69,281437
1980,0.000239,74.125.200.0-255,1484,34679,69,281437
1981,0.000241,172.31.40.0-255,66,34745,69,281437
1982,0.000264,74.125.200.0-255,2902,37647,69,281437
1983,0.000269,172.31.40.0-255,66,37713,69,281437
1984,0.000276,74.125.200.0-255,7156,44869,69,281437
1985,0.000278,172.31.40.0-255,66,44935,69,281437
1986,0.000305,74.125.200.0-255,1484,46419,69,281437
1987,0.000319,74.125.200.0-255,2543,48962,69,281437
1988,0.000321,172.31.40.0-255,66,49028,69,281437
1989,0.000686,74.125.200.0-255,1484,50512,69,281437
1990,0.000702,74.125.200.0-255,2902,53414,69,281437
1991,0.000706,172.31.40.0-255,66,53480,69,281437
1992,0.00071,74.125.200.0-255,1484,54964,69,281437
1993,0.000736,74.125.200.0-255,4320,59284,69,281437
1994,0.00074,74.125.200.0-255,2902,62186,69,281437
1995,0.000743,172.31.40.0-255,66,62252,69,281437
1996,0.000746,172.31.40.0-255,66,62318,69,281437
1997,0.000817,74.125.200.0-255,1484,63802,69,281437
1998,0.000836,74.125.200.0-255,3122,66924,69,281437
1999,0.000839,172.31.40.0-255,66,66990,69,281437
2000,0.000912,74.125.200.0-255,1484,68474,69,281437
2001,0.000921,74.125.200.0-255,1484,69958,69,281437
2002,0.000924,172.31.40.0-255,66,70024,69,281437
2003,0.000953,74.125.200.0-255,1484,71508,69,281437
2004,0.000959,74.125.200.0-255,5738,77246,69,281437
2005,0.000961,172.31.40.0-255,66,77312,69,281437
2006,0.000966,74.125.200.0-255,4320,81632,69,281437
2007,0.000968,172.31.40.0-255,66,81698,69,281437
2008,0.000971,74.125.200.0-255,2543,84241,69,281437
2009,0.000973,172.31.40.0-255,66,84307,69,281437
2010,0.001015,74.125.200.0-255,2902,87209,69,281437
2011,0.001017,172.31.40.0-255,66,87275,69,281437
2012,0.001048,74.125.200.0-255,4320,91595,69,281437
2013,0.00105,172.31.40.0-255,66,91661,69,281437
2014,0.001057,74.125.200.0-255,7156,98817,69,281437
2015,0.001059,172.31.40.0-255,66,98883,69,281437
2016,0.001084,74.125.200.0-255,1484,100367,69,281437
2017,0.001087,74.125.200.0-255,1125,101492,69,281437
2018,0.001089,172.31.40.0-255,66,101558,69,281437
2019,0.001144,74.125.200.0-255,1484,103042,69,281437
2020,0.001162,74.125.200.0-255,2902,105944,69,281437
2021,0.001164,172.31.40.0-255,66,106010,69,281437
2022,0.001194,74.125.200.0-255,5738,111748,69,281437
2023,0.001196,172.31.40.0-255,66,111814,69,281437
2024,0.0012,74.125.200.0-255,2902,114716,69,281437
2025,0.001202,172.31.40.0-255,66,114782,69,281437
2026,0.001222,74.125.200.0-255,2902,117684,69,281437
2027,0.001224,172.31.40.0-255,66,117750,69,281437
2028,0.001258,74.125.200.0-255,4320,122070,69,281437
2029,0.001263,172.31.40.0-255,66,122136,69,281437
2030,0.001265,172.31.40.0-255,66,122202,69,281437
2031,0.001299,172.31.40.0-255,66,122268,69,281437
2032,0.001319,74.125.200.0-255,4320,126588,69,281437
2033,0.001321,172.31.40.0-255,66,126654,69,281437
2034,0.001327,74.125.200.0-255,5020,131674,69,281437
2035,0.001329,172.31.40.0-255,66,131740,69,281437
2036,0.00208,74.125.200.0-255,1484,133224,69,281437
2037,0.002091,74.125.200.0-255,2902,136126,69,281437
2038,0.002095,172.31.40.0-255,66,136192,69,281437
2039,0.0021,74.125.200.0-255,1484,137676,69,281437
2040,0.002127,74.125.200.0-255,4320,141996,69,281437
2041,0.002129,172.31.40.0-255,66,142062,69,281437
2042,0.002176,74.125.200.0-255,5738,147800,69,281437
2043,0.002179,172.31.40.0-255,66,147866,69,281437
2044,0.002188,74.125.200.0-255,7156,155022,69,281437
2045,0.00219,172.31.40.0-255,66,155088,69,281437
2046,0.002201,74.125.200.0-255,4320,159408,69,281437
2047,0.002203,172.31.40.0-255,66,159474,69,281437
2048,0.002258,74.125.200.0-255,5738,165212,69,281437
2049,0.002261,172.31.40.0-255,66,165278,69,281437
2050,0.002264,74.125.200.0-255,766,166044,69,281437
2051,0.004095,172.31.40.0-255,66,166110,69,281437
2052,0.004674,74.125.200.0-255,4320,170430,69,281437
2053,0.004679,172.31.40.0-255,66,170496,69,281437
2054,0.006531,74.125.200.0-255,1484,171980,69,281437
2055,0.007096,74.125.200.0-255,4320,176300,69,281437
2056,0.007101,172.31.40.0-255,66,176366,69,281437
2057,0.009594,74.125.200.0-255,5738,182104,69,281437
2058,0.009601,172.31.40.0-255,66,182170,69,281437
2059,0.012014,74.125.200.0-255,5738,187908,69,281437
2060,0.012022,172.31.40.0-255,66,187974,69,281437
2061,0.014437,74.125.200.0-255,5738,193712,69,281437
2062,0.014445,172.31.40.0-255,66,193778,69,281437
2063,0.016853,74.125.200.0-255,4320,198098,69,281437
2064,0.01686,172.31.40.0-255,66,198164,69,281437
2065,0.016887,74.125.200.0-255,1484,199648,69,281437
2066,0.019291,74.125.200.0-255,4320,203968,69,281437
2067,0.0193,172.31.40.0-255,66,204034,69,281437
2068,0.021748,74.125.200.0-255,4320,208354,69,281437
2069,0.021756,172.31.40.0-255,66,208420,69,281437
2070,0.021787,74.125.200.0-255,1484,209904,69,281437
2071,0.024172,74.125.200.0-255,4320,214224,69,281437
2072,0.024181,172.31.40.0-255,66,214290,69,281437
2073,0.026601,74.125.200.0-255,5738,220028,69,281437
2074,0.026609,172.31.40.0-255,66,220094,69,281437
2075,0.029039,74.125.200.0-255,5738,225832,69,281437
2076,0.029047,172.31.40.0-255,66,225898,69,281437
2077,0.029974,172.31.40.0-255,172,226070,69,281437
2078,0.030003,172.31.40.0-255,1116,227186,69,281437
2079,0.030074,172.31.40.0-255,1514,228700,69,281437
2080,0.030096,172.31.40.0-255,1514,230214,69,281437
2081,0.030101,172.31.40.0-255,1514,231728,69,281437
2082,0.030124,172.31.40.0-255,1514,233242,69,281437
2083,0.03013,172.31.40.0-255,1499,234741,69,281437
2084,0.031461,74.125.200.0-255,5738,240479,69,281437
2085,0.031467,172.31.40.0-255,66,240545,69,281437
2086,0.031662,104.244.42.0-255,66,240611,69,281437
2087,0.03169,104.244.42.0-255,66,240677,69,281437
2088,0.031769,104.244.42.0-255,66,240743,69,281437
2089,0.031807,104.244.42.0-255,66,240809,69,281437
2090,0.033897,74.125.200.0-255,5738,246547,69,281437
2091,0.033904,172.31.40.0-255,66,246613,69,281437
2092,0.036327,74.125.200.0-255,5738,252351,69,281437
2093,0.036334,172.31.40.0-255,66,252417,69,281437
2094,0.038777,74.125.200.0-255,5738,258155,69,281437
2095,0.038784,172.31.40.0-255,66,258221,69,281437
2096,0.041196,74.125.200.0-255,5738,263959,69,281437
2097,0.041203,172.31.40.0-255,66,264025,69,281437
2098,0.043628,74.125.200.0-255,5738,269763,69,281437
2099,0.043634,172.31.40.0-255,66,269829,69,281437
2100,0.046075,74.125.200.0-255,5738,275567,69,281437
2101,0.04608,172.31.40.0-255,66,275633,69,281437
2102,0.048506,74.125.200.0-255,5738,281371,69,281437
2103,0.048513,172.31.40.0-255,66,281437,69,281437
2104,0.0,172.217.194.0-255,152,152,69,187173
2105,2.2e-05,172.31.40.0-255,66,218,69,187173
2106,2.9e-05,172.217.194.0-255,1484,1702,69,187173
2107,3.3e-05,172.31.40.0-255,66,1768,69,187173
2108,4.9e-05,172.217.194.0-255,2902,4670,69,187173
2109,5.3e-05,172.31.40.0-255,66,4736,69,187173
2110,6e-05,172.217.194.0-255,7156,11892,69,187173
2111,6.3e-05,172.31.40.0-255,66,11958,69,187173
2112,0.00011,172.31.40.0-255,66,12024,69,187173
2113,0.000127,172.31.40.0-255,66,12090,69,187173
2114,0.000185,172.217.194.0-255,1484,13574,69,187173
2115,0.000188,172.31.40.0-255,66,13640,69,187173
2116,0.000218,172.217.194.0-255,2902,16542,69,187173
2117,0.000221,172.31.40.0-255,66,16608,69,187173
2118,0.000225,172.217.194.0-255,1484,18092,69,187173
2119,0.000227,172.31.40.0-255,66,18158,69,187173
2120,0.000247,172.217.194.0-255,4320,22478,69,187173
2121,0.000254,172.31.40.0-255,66,22544,69,187173
2122,0.000258,172.217.194.0-255,1484,24028,69,187173
2123,0.00026,172.31.40.0-255,66,24094,69,187173
2124,0.000277,172.217.194.0-255,5379,29473,69,187173
2125,0.00028,172.31.40.0-255,66,29539,69,187173
2126,0.000344,172.217.194.0-255,1484,31023,69,187173
2127,0.000348,172.31.40.0-255,66,31089,69,187173
2128,0.000353,172.217.194.0-255,2902,33991,69,187173
2129,0.000355,172.31.40.0-255,66,34057,69,187173
2130,0.000358,172.217.194.0-255,1484,35541,69,187173
2131,0.00036,172.31.40.0-255,66,35607,69,187173
2132,0.000396,172.217.194.0-255,4320,39927,69,187173
2133,0.000399,172.31.40.0-255,66,39993,69,187173
2134,0.000402,172.217.194.0-255,1484,41477,69,187173
2135,0.000425,172.217.194.0-255,5671,47148,69,187173
2136,0.000428,172.31.40.0-255,66,47214,69,187173
2137,0.000865,172.217.194.0-255,385,47599,69,187173
2138,0.00092,172.217.194.0-255,1484,49083,69,187173
2139,0.000925,172.31.40.0-255,66,49149,69,187173
2140,0.00093,172.217.194.0-255,2902,52051,69,187173
2141,0.000932,172.31.40.0-255,66,52117,69,187173
2142,0.000935,172.217.194.0-255,1484,53601,69,187173
2143,0.000957,172.217.194.0-255,4320,57921,69,187173
2144,0.000961,172.217.194.0-255,2902,60823,69,187173
2145,0.000971,172.31.40.0-255,66,60889,69,187173
2146,0.000974,172.31.40.0-255,66,60955,69,187173
2147,0.000999,172.31.40.0-255,66,61021,69,187173
2148,0.001032,172.31.40.0-255,66,61087,69,187173
2149,0.003319,172.217.194.0-255,5738,66825,69,187173
2150,0.003327,172.31.40.0-255,66,66891,69,187173
2151,0.005629,172.217.194.0-255,5738,72629,69,187173
2152,0.005636,172.31.40.0-255,66,72695,69,187173
2153,0.007945,172.217.194.0-255,5738,78433,69,187173
2154,0.007952,172.31.40.0-255,66,78499,69,187173
2155,0.010247,172.217.194.0-255,5738,84237,69,187173
2156,0.010255,172.31.40.0-255,66,84303,69,187173
2157,0.012554,172.217.194.0-255,5738,90041,69,187173
2158,0.012562,172.31.40.0-255,66,90107,69,187173
2159,0.014835,172.217.194.0-255,5738,95845,69,187173
2160,0.014842,172.31.40.0-255,66,95911,69,187173
2161,0.017132,172.217.194.0-255,5738,101649,69,187173
2162,0.017138,172.31.40.0-255,66,101715,69,187173
2163,0.019428,172.217.194.0-255,5738,107453,69,187173
2164,0.019434,172.31.40.0-255,66,107519,69,187173
2165,0.021732,172.217.194.0-255,5738,113257,69,187173
2166,0.021739,172.31.40.0-255,66,113323,69,187173
2167,0.024031,172.217.194.0-255,5738,119061,69,187173
2168,0.024038,172.31.40.0-255,66,119127,69,187173
2169,0.024241,172.31.40.0-255,172,119299,69,187173
2170,0.024269,172.31.40.0-255,1111,120410,69,187173
2171,0.02439,172.31.40.0-255,1514,121924,69,187173
2172,0.024392,172.31.40.0-255,1514,123438,69,187173
2173,0.024394,172.31.40.0-255,1514,124952,69,187173
2174,0.024395,172.31.40.0-255,1514,126466,69,187173
2175,0.024396,172.31.40.0-255,547,127013,69,187173
2176,0.02581,104.244.42.0-255,66,127079,69,187173
2177,0.025873,104.244.42.0-255,66,127145,69,187173
2178,0.026047,104.244.42.0-255,66,127211,69,187173
2179,0.026102,104.244.42.0-255,66,127277,69,187173
2180,0.026351,172.217.194.0-255,5738,133015,69,187173
2181,0.026357,172.31.40.0-255,66,133081,69,187173
2182,0.026778,104.244.42.0-255,108,133189,69,187173
2183,0.026787,172.31.40.0-255,66,133255,69,187173
2184,0.028652,172.217.194.0-255,4320,137575,69,187173
2185,0.028658,172.31.40.0-255,66,137641,69,187173
2186,0.028685,172.217.194.0-255,1484,139125,69,187173
2187,0.030945,172.217.194.0-255,2902,142027,69,187173
2188,0.030951,172.31.40.0-255,66,142093,69,187173
2189,0.033244,172.217.194.0-255,5738,147831,69,187173
2190,0.033251,172.31.40.0-255,66,147897,69,187173
2191,0.035533,172.217.194.0-255,5738,153635,69,187173
2192,0.03554,172.31.40.0-255,66,153701,69,187173
2193,0.037837,172.217.194.0-255,5738,159439,69,187173
2194,0.037844,172.31.40.0-255,66,159505,69,187173
2195,0.040134,172.217.194.0-255,5738,165243,69,187173
2196,0.040141,172.31.40.0-255,66,165309,69,187173
2197,0.042427,172.217.194.0-255,5738,171047,69,187173
2198,0.042434,172.31.40.0-255,66,171113,69,187173
2199,0.044708,172.217.194.0-255,4320,175433,69,187173
2200,0.044715,172.31.40.0-255,66,175499,69,187173
2201,0.044745,172.217.194.0-255,1484,176983,69,187173
2202,0.046996,172.217.194.0-255,4320,181303,69,187173
2203,0.047002,172.31.40.0-255,66,181369,69,187173
2204,0.049313,172.217.194.0-255,5738,187107,69,187173
2205,0.04932,172.31.40.0-255,66,187173,69,187173
2206,0.0,74.125.24.0-255,153,153,69,255695
2207,2.1e-05,172.31.40.0-255,66,219,69,255695
2208,2.9e-05,74.125.24.0-255,1484,1703,69,255695
2209,3.3e-05,172.31.40.0-255,66,1769,69,255695
2210,3.9e-05,74.125.24.0-255,2902,4671,69,255695
2211,4.3e-05,172.31.40.0-255,66,4737,69,255695
2212,5e-05,74.125.24.0-255,7156,11893,69,255695
2213,5.5e-05,172.31.40.0-255,66,11959,69,255695
2214,5.9e-05,74.125.24.0-255,2054,14013,69,255695
2215,6.3e-05,172.31.40.0-255,66,14079,69,255695
2216,0.000387,74.125.24.0-255,1484,15563,69,255695
2217,0.000393,172.31.40.0-255,66,15629,69,255695
2218,0.0004,74.125.24.0-255,2902,18531,69,255695
2219,0.000403,172.31.40.0-255,66,18597,69,255695
2220,0.000406,74.125.24.0-255,1484,20081,69,255695
2221,0.000408,172.31.40.0-255,66,20147,69,255695
2222,0.00044,74.125.24.0-255,4320,24467,69,255695
2223,0.000444,172.31.40.0-255,66,24533,69,255695
2224,0.000467,74.125.24.0-255,2902,27435,69,255695
2225,0.00047,172.31.40.0-255,66,27501,69,255695
2226,0.000491,74.125.24.0-255,3961,31462,69,255695
2227,0.000494,172.31.40.0-255,66,31528,69,255695
2228,0.00051,74.125.24.0-255,1484,33012,69,255695
2229,0.000512,172.31.40.0-255,66,33078,69,255695
2230,0.000518,74.125.24.0-255,2902,35980,69,255695
2231,0.00052,172.31.40.0-255,66,36046,69,255695
2232,0.000525,74.125.24.0-255,4320,40366,69,255695
2233,0.000527,172.31.40.0-255,66,40432,69,255695
2234,0.000545,74.125.24.0-255,1484,41916,69,255695
2235,0.000547,172.31.40.0-255,66,41982,69,255695
2236,0.000553,74.125.24.0-255,5738,47720,69,255695
2237,0.000556,172.31.40.0-255,66,47786,69,255695
2238,0.000589,172.31.40.0-255,66,47852,69,255695
2239,0.000642,172.31.40.0-255,66,47918,69,255695
2240,0.000754,74.125.24.0-255,116,48034,69,255695
2241,0.000775,74.125.24.0-255,1484,49518,69,255695
2242,0.000778,172.31.40.0-255,66,49584,69,255695
2243,0.000782,74.125.24.0-255,1484,51068,69,255695
2244,0.000794,74.125.24.0-255,1484,52552,69,255695
2245,0.000796,172.31.40.0-255,66,52618,69,255695
2246,0.000834,74.125.24.0-255,7156,59774,69,255695
2247,0.000837,172.31.40.0-255,66,59840,69,255695
2248,0.000843,74.125.24.0-255,5379,65219,69,255695
2249,0.000845,172.31.40.0-255,66,65285,69,255695
2250,0.000865,74.125.24.0-255,1484,66769,69,255695
2251,0.000908,172.31.40.0-255,66,66835,69,255695
2252,0.00093,74.125.24.0-255,2543,69378,69,255695
2253,0.000932,172.31.40.0-255,66,69444,69,255695
2254,0.001881,74.125.24.0-255,1484,70928,69,255695
2255,0.001891,74.125.24.0-255,2902,73830,69,255695
2256,0.001895,172.31.40.0-255,66,73896,69,255695
2257,0.001901,74.125.24.0-255,2902,76798,69,255695
2258,0.001903,172.31.40.0-255,66,76864,69,255695
2259,0.001921,74.125.24.0-255,2902,79766,69,255695
2260,0.001923,172.31.40.0-255,66,79832,69,255695
2261,0.00193,74.125.24.0-255,7156,86988,69,255695
2262,0.001932,172.31.40.0-255,66,87054,69,255695
2263,0.001963,74.125.24.0-255,5738,92792,69,255695
2264,0.001966,172.31.40.0-255,66,92858,69,255695
2265,0.001976,172.31.40.0-255,66,92924,69,255695
2266,0.001997,74.125.24.0-255,766,93690,69,255695
2267,0.002001,74.125.24.0-255,2902,96592,69,255695
2268,0.002003,172.31.40.0-255,66,96658,69,255695
2269,0.00203,172.31.40.0-255,66,96724,69,255695
2270,0.002042,172.31.40.0-255,66,96790,69,255695
2271,0.002082,74.125.24.0-255,4320,101110,69,255695
2272,0.002084,172.31.40.0-255,66,101176,69,255695
2273,0.002101,74.125.24.0-255,2902,104078,69,255695
2274,0.002103,172.31.40.0-255,66,104144,69,255695
2275,0.002116,74.125.24.0-255,1484,105628,69,255695
2276,0.002127,74.125.24.0-255,2902,108530,69,255695
2277,0.002128,172.31.40.0-255,66,108596,69,255695
2278,0.002141,74.125.24.0-255,2902,111498,69,255695
2279,0.002143,172.31.40.0-255,66,111564,69,255695
2280,0.002161,74.125.24.0-255,2902,114466,69,255695
2281,0.002163,172.31.40.0-255,66,114532,69,255695
2282,0.002177,74.125.24.0-255,4320,118852,69,255695
2283,0.002179,172.31.40.0-255,66,118918,69,255695
2284,0.002194,74.125.24.0-255,2184,121102,69,255695
2285,0.002196,172.31.40.0-255,66,121168,69,255695
2286,0.002201,74.125.24.0-255,5738,126906,69,255695
2287,0.002203,172.31.40.0-255,66,126972,69,255695
2288,0.002254,74.125.24.0-255,1484,128456,69,255695
2289,0.002257,74.125.24.0-255,2902,131358,69,255695
2290,0.002263,74.125.24.0-255,5738,137096,69,255695
2291,0.002275,74.125.24.0-255,1484,138580,69,255695
2292,0.002288,74.125.24.0-255,2902,141482,69,255695
2293,0.002307,74.125.24.0-255,6438,147920,69,255695
2294,0.007267,172.31.40.0-255,66,147986,69,255695
2295,0.009658,74.125.24.0-255,5738,153724,69,255695
2296,0.009666,172.31.40.0-255,66,153790,69,255695
2297,0.012064,74.125.24.0-255,5738,159528,69,255695
2298,0.012072,172.31.40.0-255,66,159594,69,255695
2299,0.014503,74.125.24.0-255,5738,165332,69,255695
2300,0.014514,172.31.40.0-255,66,165398,69,255695
2301,0.01689,74.125.24.0-255,5738,171136,69,255695
2302,0.016897,172.31.40.0-255,66,171202,69,255695
2303,0.019318,74.125.24.0-255,5738,176940,69,255695
2304,0.019326,172.31.40.0-255,66,177006,69,255695
2305,0.021731,74.125.24.0-255,5738,182744,69,255695
2306,0.021739,172.31.40.0-255,66,182810,69,255695
2307,0.024162,74.125.24.0-255,5738,188548,69,255695
2308,0.024171,172.31.40.0-255,66,188614,69,255695
2309,0.026578,74.125.24.0-255,5738,194352,69,255695
2310,0.026586,172.31.40.0-255,66,194418,69,255695
2311,0.028951,74.125.24.0-255,5738,200156,69,255695
2312,0.028959,172.31.40.0-255,66,200222,69,255695
2313,0.031353,74.125.24.0-255,5738,205960,69,255695
2314,0.031362,172.31.40.0-255,66,206026,69,255695
2315,0.033757,74.125.24.0-255,5738,211764,69,255695
2316,0.033764,172.31.40.0-255,66,211830,69,255695
2317,0.034487,172.31.40.0-255,172,212002,69,255695
2318,0.034516,172.31.40.0-255,1112,213114,69,255695
2319,0.034586,172.31.40.0-255,1514,214628,69,255695
2320,0.034588,172.31.40.0-255,1514,216142,69,255695
2321,0.034589,172.31.40.0-255,1514,217656,69,255695
2322,0.034594,172.31.40.0-255,1514,219170,69,255695
2323,0.034596,172.31.40.0-255,1503,220673,69,255695
2324,0.036133,74.125.24.0-255,5738,226411,69,255695
2325,0.03614,172.31.40.0-255,66,226477,69,255695
2326,0.036164,104.244.42.0-255,66,226543,69,255695
2327,0.036229,104.244.42.0-255,66,226609,69,255695
2328,0.036359,104.244.42.0-255,66,226675,69,255695
2329,0.038516,74.125.24.0-255,5738,232413,69,255695
2330,0.038524,172.31.40.0-255,66,232479,69,255695
2331,0.040923,74.125.24.0-255,5738,238217,69,255695
2332,0.040932,172.31.40.0-255,66,238283,69,255695
2333,0.043389,74.125.24.0-255,5738,244021,69,255695
2334,0.043397,172.31.40.0-255,66,244087,69,255695
2335,0.045776,74.125.24.0-255,5738,249825,69,255695
2336,0.045782,172.31.40.0-255,66,249891,69,255695
2337,0.048162,74.125.24.0-255,5738,255629,69,255695
2338,0.048167,172.31.40.0-255,66,255695,69,255695
2339,0.0,172.217.194.0-255,151,151,69,185231
2340,2.4e-05,172.31.40.0-255,66,217,69,185231
2341,3.2e-05,172.217.194.0-255,1484,1701,69,185231
2342,3.6e-05,172.31.40.0-255,66,1767,69,185231
2343,4.2e-05,172.217.194.0-255,2902,4669,69,185231
2344,4.5e-05,172.31.40.0-255,66,4735,69,185231
2345,5.1e-05,172.217.194.0-255,4320,9055,69,185231
2346,5.4e-05,172.31.40.0-255,66,9121,69,185231
2347,7.5e-05,172.217.194.0-255,4320,13441,69,185231
2348,7.8e-05,172.31.40.0-255,66,13507,69,185231
2349,9.4e-05,172.217.194.0-255,657,14164,69,185231
2350,9.6e-05,172.31.40.0-255,66,14230,69,185231
2351,0.000119,172.217.194.0-255,1484,15714,69,185231
2352,0.000121,172.31.40.0-255,66,15780,69,185231
2353,0.000147,172.217.194.0-255,4320,20100,69,185231
2354,0.000149,172.31.40.0-255,66,20166,69,185231
2355,0.000152,172.217.194.0-255,1484,21650,69,185231
2356,0.000154,172.31.40.0-255,66,21716,69,185231
2357,0.000165,172.31.40.0-255,66,21782,69,185231
2358,0.000168,172.217.194.0-255,1125,22907,69,185231
2359,0.00017,172.31.40.0-255,66,22973,69,185231
2360,0.000264,172.217.194.0-255,1484,24457,69,185231
2361,0.000269,172.31.40.0-255,66,24523,69,185231
2362,0.000291,172.217.194.0-255,2902,27425,69,185231
2363,0.000294,172.31.40.0-255,66,27491,69,185231
2364,0.0003,172.217.194.0-255,5738,33229,69,185231
2365,0.000302,172.31.40.0-255,66,33295,69,185231
2366,0.000342,172.217.194.0-255,6797,40092,69,185231
2367,0.000346,172.31.40.0-255,66,40158,69,185231
2368,0.000512,172.217.194.0-255,1484,41642,69,185231
2369,0.000517,172.31.40.0-255,66,41708,69,185231
2370,0.000523,172.217.194.0-255,2902,44610,69,185231
2371,0.000525,172.31.40.0-255,66,44676,69,185231
2372,0.000532,172.217.194.0-255,5738,50414,69,185231
2373,0.000535,172.31.40.0-255,66,50480,69,185231
2374,0.000538,172.217.194.0-255,1484,51964,69,185231
2375,0.000568,172.217.194.0-255,4320,56284,69,185231
2376,0.000571,172.31.40.0-255,66,56350,69,185231
2377,0.0006,172.217.194.0-255,1706,58056,69,185231
2378,0.000603,172.31.40.0-255,66,58122,69,185231
2379,0.001688,172.217.194.0-255,1484,59606,69,185231
2380,0.001701,172.217.194.0-255,2902,62508,69,185231
2381,0.001705,172.31.40.0-255,66,62574,69,185231
2382,0.001714,172.217.194.0-255,5738,68312,69,185231
2383,0.001716,172.31.40.0-255,66,68378,69,185231
2384,0.001729,172.217.194.0-255,1484,69862,69,185231
2385,0.001772,172.31.40.0-255,66,69928,69,185231
2386,0.001775,172.217.194.0-255,1484,71412,69,185231
2387,0.001796,172.31.40.0-255,66,71478,69,185231
2388,0.004354,172.217.194.0-255,5738,77216,69,185231
2389,0.004359,172.31.40.0-255,66,77282,69,185231
2390,0.006995,172.217.194.0-255,5738,83020,69,185231
2391,0.007004,172.31.40.0-255,66,83086,69,185231
2392,0.009606,172.217.194.0-255,5738,88824,69,185231
2393,0.009618,172.31.40.0-255,66,88890,69,185231
2394,0.012218,172.217.194.0-255,5738,94628,69,185231
2395,0.012232,172.31.40.0-255,66,94694,69,185231
2396,0.014796,172.217.194.0-255,5738,100432,69,185231
2397,0.014813,172.31.40.0-255,66,100498,69,185231
2398,0.017395,172.217.194.0-255,5738,106236,69,185231
2399,0.017409,172.31.40.0-255,66,106302,69,185231
2400,0.020013,172.217.194.0-255,5738,112040,69,185231
2401,0.020029,172.31.40.0-255,66,112106,69,185231
2402,0.022628,172.217.194.0-255,5738,117844,69,185231
2403,0.022643,172.31.40.0-255,66,117910,69,185231
2404,0.025207,172.217.194.0-255,5738,123648,69,185231
2405,0.025219,172.31.40.0-255,66,123714,69,185231
2406,0.0278,172.217.194.0-255,5738,129452,69,185231
2407,0.02781,172.31.40.0-255,66,129518,69,185231
2408,0.03044,172.217.194.0-255,5738,135256,69,185231
2409,0.03045,172.31.40.0-255,66,135322,69,185231
2410,0.033024,172.217.194.0-255,5738,141060,69,185231
2411,0.033029,172.31.40.0-255,66,141126,69,185231
2412,0.033389,172.31.40.0-255,172,141298,69,185231
2413,0.033419,172.31.40.0-255,1116,142414,69,185231
2414,0.033486,172.31.40.0-255,1514,143928,69,185231
2415,0.033488,172.31.40.0-255,1514,145442,69,185231
2416,0.033489,172.31.40.0-255,1514,146956,69,185231
2417,0.03349,172.31.40.0-255,1514,148470,69,185231
2418,0.03352,172.31.40.0-255,1499,149969,69,185231
2419,0.034964,104.244.42.0-255,66,150035,69,185231
2420,0.035003,104.244.42.0-255,66,150101,69,185231
2421,0.035106,104.244.42.0-255,66,150167,69,185231
2422,0.035154,104.244.42.0-255,66,150233,69,185231
2423,0.035604,172.217.194.0-255,5738,155971,69,185231
2424,0.035611,172.31.40.0-255,66,156037,69,185231
2425,0.036097,104.244.42.0-255,108,156145,69,185231
2426,0.036104,172.31.40.0-255,66,156211,69,185231
2427,0.038231,172.217.194.0-255,5738,161949,69,185231
2428,0.038238,172.31.40.0-255,66,162015,69,185231
2429,0.040836,172.217.194.0-255,5738,167753,69,185231
2430,0.040853,172.31.40.0-255,66,167819,69,185231
2431,0.043425,172.217.194.0-255,5738,173557,69,185231
2432,0.043432,172.31.40.0-255,66,173623,69,185231
2433,0.045987,172.217.194.0-255,5738,179361,69,185231
2434,0.045994,172.31.40.0-255,66,179427,69,185231
2435,0.048566,172.217.194.0-255,5738,185165,69,185231
2436,0.048573,172.31.40.0-255,66,185231,69,185231
2437,0.0,74.125.24.0-255,153,153,69,228495
2438,2.6e-05,172.31.40.0-255,66,219,69,228495
2439,3.3e-05,74.125.24.0-255,1484,1703,69,228495
2440,3.8e-05,172.31.40.0-255,66,1769,69,228495
2441,5.2e-05,74.125.24.0-255,2902,4671,69,228495
2442,5.6e-05,172.31.40.0-255,66,4737,69,228495
2443,6.1e-05,74.125.24.0-255,2902,7639,69,228495
2444,6.3e-05,172.31.40.0-255,66,7705,69,228495
2445,8.7e-05,74.125.24.0-255,6307,14012,69,228495
2446,9.4e-05,172.31.40.0-255,66,14078,69,228495
2447,0.00023,74.125.24.0-255,1484,15562,69,228495
2448,0.000234,172.31.40.0-255,66,15628,69,228495
2449,0.00024,74.125.24.0-255,2902,18530,69,228495
2450,0.000242,172.31.40.0-255,66,18596,69,228495
2451,0.000249,74.125.24.0-255,5738,24334,69,228495
2452,0.000256,172.31.40.0-255,66,24400,69,228495
2453,0.000294,74.125.24.0-255,6797,31197,69,228495
2454,0.000296,172.31.40.0-255,66,31263,69,228495
2455,0.00044,74.125.24.0-255,1484,32747,69,228495
2456,0.000444,172.31.40.0-255,66,32813,69,228495
2457,0.00045,74.125.24.0-255,2902,35715,69,228495
2458,0.000452,172.31.40.0-255,66,35781,69,228495
2459,0.000456,74.125.24.0-255,2902,38683,69,228495
2460,0.000464,172.31.40.0-255,66,38749,69,228495
2461,0.000506,74.125.24.0-255,2902,41651,69,228495
2462,0.000509,172.31.40.0-255,66,41717,69,228495
2463,0.000526,172.31.40.0-255,66,41783,69,228495
2464,0.000538,172.31.40.0-255,66,41849,69,228495
2465,0.000543,74.125.24.0-255,3961,45810,69,228495
2466,0.000545,172.31.40.0-255,66,45876,69,228495
2467,0.000926,74.125.24.0-255,646,46522,69,228495
2468,0.00108,172.31.40.0-255,66,46588,69,228495
2469,0.001113,74.125.24.0-255,1484,48072,69,228495
2470,0.001129,74.125.24.0-255,2902,50974,69,228495
2471,0.001132,172.31.40.0-255,66,51040,69,228495
2472,0.001167,74.125.24.0-255,5738,56778,69,228495
2473,0.001169,172.31.40.0-255,66,56844,69,228495
2474,0.001175,74.125.24.0-255,5738,62582,69,228495
2475,0.001177,172.31.40.0-255,66,62648,69,228495
2476,0.001194,172.31.40.0-255,66,62714,69,228495
2477,0.0012,74.125.24.0-255,5020,67734,69,228495
2478,0.001202,172.31.40.0-255,66,67800,69,228495
2479,0.001755,74.125.24.0-255,1484,69284,69,228495
2480,0.001765,74.125.24.0-255,2902,72186,69,228495
2481,0.001769,172.31.40.0-255,66,72252,69,228495
2482,0.001777,74.125.24.0-255,5738,77990,69,228495
2483,0.001779,172.31.40.0-255,66,78056,69,228495
2484,0.001822,172.31.40.0-255,66,78122,69,228495
2485,0.001829,74.125.24.0-255,7156,85278,69,228495
2486,0.001831,172.31.40.0-255,66,85344,69,228495
2487,0.001863,74.125.24.0-255,3602,88946,69,228495
2488,0.001866,172.31.40.0-255,66,89012,69,228495
2489,0.00206,74.125.24.0-255,1484,90496,69,228495
2490,0.002067,74.125.24.0-255,2902,93398,69,228495
2491,0.002071,172.31.40.0-255,66,93464,69,228495
2492,0.002076,74.125.24.0-255,2902,96366,69,228495
2493,0.002079,172.31.40.0-255,66,96432,69,228495
2494,0.002102,74.125.24.0-255,2902,99334,69,228495
2495,0.002109,172.31.40.0-255,66,99400,69,228495
2496,0.002123,172.31.40.0-255,66,99466,69,228495
2497,0.00213,74.125.24.0-255,5738,105204,69,228495
2498,0.002132,172.31.40.0-255,66,105270,69,228495
2499,0.002165,74.125.24.0-255,4320,109590,69,228495
2500,0.002167,172.31.40.0-255,66,109656,69,228495
2501,0.00217,74.125.24.0-255,766,110422,69,228495
2502,0.004615,74.125.24.0-255,4320,114742,69,228495
2503,0.004623,172.31.40.0-255,66,114808,69,228495
2504,0.007078,74.125.24.0-255,5738,120546,69,228495
2505,0.007085,172.31.40.0-255,66,120612,69,228495
2506,0.009551,74.125.24.0-255,5738,126350,69,228495
2507,0.00956,172.31.40.0-255,66,126416,69,228495
2508,0.012008,74.125.24.0-255,5738,132154,69,228495
2509,0.012019,172.31.40.0-255,66,132220,69,228495
2510,0.01449,74.125.24.0-255,5738,137958,69,228495
2511,0.014504,172.31.40.0-255,66,138024,69,228495
2512,0.016948,74.125.24.0-255,5738,143762,69,228495
2513,0.016965,172.31.40.0-255,66,143828,69,228495
2514,0.019423,74.125.24.0-255,5738,149566,69,228495
2515,0.019433,172.31.40.0-255,66,149632,69,228495
2516,0.021898,74.125.24.0-255,5738,155370,69,228495
2517,0.021908,172.31.40.0-255,66,155436,69,228495
2518,0.024337,74.125.24.0-255,5738,161174,69,228495
2519,0.024345,172.31.40.0-255,66,161240,69,228495
2520,0.026828,74.125.24.0-255,5738,166978,69,228495
2521,0.026839,172.31.40.0-255,66,167044,69,228495
2522,0.029288,74.125.24.0-255,5738,172782,69,228495
2523,0.029298,172.31.40.0-255,66,172848,69,228495
2524,0.031748,74.125.24.0-255,5738,178586,69,228495
2525,0.03176,172.31.40.0-255,66,178652,69,228495
2526,0.033228,172.31.40.0-255,172,178824,69,228495
2527,0.033261,172.31.40.0-255,1112,179936,69,228495
2528,0.033326,172.31.40.0-255,1514,181450,69,228495
2529,0.033327,172.31.40.0-255,1514,182964,69,228495
2530,0.033329,172.31.40.0-255,1514,184478,69,228495
2531,0.033334,172.31.40.0-255,1514,185992,69,228495
2532,0.033335,172.31.40.0-255,1503,187495,69,228495
2533,0.034226,74.125.24.0-255,5738,193233,69,228495
2534,0.034234,172.31.40.0-255,66,193299,69,228495
2535,0.034876,104.244.42.0-255,66,193365,69,228495
2536,0.034923,104.244.42.0-255,66,193431,69,228495
2537,0.03502,104.244.42.0-255,66,193497,69,228495
2538,0.035667,104.244.42.0-255,108,193605,69,228495
2539,0.035677,172.31.40.0-255,66,193671,69,228495
2540,0.03669,74.125.24.0-255,5738,199409,69,228495
2541,0.036696,172.31.40.0-255,66,199475,69,228495
2542,0.039174,74.125.24.0-255,5738,205213,69,228495
2543,0.039184,172.31.40.0-255,66,205279,69,228495
2544,0.041622,74.125.24.0-255,5738,211017,69,228495
2545,0.041631,172.31.40.0-255,66,211083,69,228495
2546,0.044087,74.125.24.0-255,5738,216821,69,228495
2547,0.044094,172.31.40.0-255,66,216887,69,228495
2548,0.046566,74.125.24.0-255,5738,222625,69,228495
2549,0.046578,172.31.40.0-255,66,222691,69,228495
2550,0.04909,74.125.24.0-255,5738,228429,69,228495
2551,0.049097,172.31.40.0-255,66,228495,69,228495
2552,0.0,74.125.24.0-255,152,152,69,256567
2553,2.4e-05,172.31.40.0-255,66,218,69,256567
2554,3.1e-05,74.125.24.0-255,1484,1702,69,256567
2555,3.6e-05,172.31.40.0-255,66,1768,69,256567
2556,4.2e-05,74.125.24.0-255,2902,4670,69,256567
2557,4.6e-05,172.31.40.0-255,66,4736,69,256567
2558,4.9e-05,74.125.24.0-255,1484,6220,69,256567
2559,5.1e-05,172.31.40.0-255,66,6286,69,256567
2560,8.9e-05,74.125.24.0-255,5738,12024,69,256567
2561,9.1e-05,172.31.40.0-255,66,12090,69,256567
2562,0.000112,74.125.24.0-255,2128,14218,69,256567
2563,0.000114,172.31.40.0-255,66,14284,69,256567
2564,0.000128,74.125.24.0-255,2902,17186,69,256567
2565,0.000131,172.31.40.0-255,66,17252,69,256567
2566,0.000151,74.125.24.0-255,5738,22990,69,256567
2567,0.000154,172.31.40.0-255,66,23056,69,256567
2568,0.00019,74.125.24.0-255,4320,27376,69,256567
2569,0.000193,172.31.40.0-255,66,27442,69,256567
2570,0.000213,74.125.24.0-255,3961,31403,69,256567
2571,0.000215,172.31.40.0-255,66,31469,69,256567
2572,0.000283,74.125.24.0-255,1484,32953,69,256567
2573,0.000287,172.31.40.0-255,66,33019,69,256567
2574,0.00029,74.125.24.0-255,1484,34503,69,256567
2575,0.000292,172.31.40.0-255,66,34569,69,256567
2576,0.000316,74.125.24.0-255,1484,36053,69,256567
2577,0.000318,172.31.40.0-255,66,36119,69,256567
2578,0.000324,74.125.24.0-255,5738,41857,69,256567
2579,0.000327,172.31.40.0-255,66,41923,69,256567
2580,0.000344,74.125.24.0-255,4320,46243,69,256567
2581,0.000347,172.31.40.0-255,66,46309,69,256567
2582,0.00038,172.31.40.0-255,66,46375,69,256567
2583,0.000396,74.125.24.0-255,5738,52113,69,256567
2584,0.000399,172.31.40.0-255,66,52179,69,256567
2585,0.000418,74.125.24.0-255,3961,56140,69,256567
2586,0.000421,172.31.40.0-255,66,56206,69,256567
2587,0.000456,74.125.24.0-255,414,56620,69,256567
2588,0.000522,74.125.24.0-255,331,56951,69,256567
2589,0.000768,74.125.24.0-255,1484,58435,69,256567
2590,0.000773,172.31.40.0-255,66,58501,69,256567
2591,0.00078,74.125.24.0-255,2902,61403,69,256567
2592,0.000783,172.31.40.0-255,66,61469,69,256567
2593,0.000786,74.125.24.0-255,1484,62953,69,256567
2594,0.000801,74.125.24.0-255,1484,64437,69,256567
2595,0.000803,172.31.40.0-255,66,64503,69,256567
2596,0.000806,74.125.24.0-255,1484,65987,69,256567
2597,0.000829,74.125.24.0-255,5738,71725,69,256567
2598,0.000835,172.31.40.0-255,66,71791,69,256567
2599,0.000862,172.31.40.0-255,66,71857,69,256567
2600,0.000881,74.125.24.0-255,2902,74759,69,256567
2601,0.000885,172.31.40.0-255,66,74825,69,256567
2602,0.000925,74.125.24.0-255,5020,79845,69,256567
2603,0.000929,172.31.40.0-255,66,79911,69,256567
2604,0.001063,74.125.24.0-255,1484,81395,69,256567
2605,0.001067,74.125.24.0-255,1484,82879,69,256567
2606,0.00107,172.31.40.0-255,66,82945,69,256567
2607,0.001092,74.125.24.0-255,1484,84429,69,256567
2608,0.001099,74.125.24.0-255,5738,90167,69,256567
2609,0.001102,172.31.40.0-255,66,90233,69,256567
2610,0.001108,74.125.24.0-255,2902,93135,69,256567
2611,0.00111,172.31.40.0-255,66,93201,69,256567
2612,0.001155,172.31.40.0-255,66,93267,69,256567
2613,0.001167,172.31.40.0-255,66,93333,69,256567
2614,0.001187,74.125.24.0-255,766,94099,69,256567
2615,0.001203,74.125.24.0-255,1484,95583,69,256567
2616,0.001205,172.31.40.0-255,66,95649,69,256567
2617,0.001241,74.125.24.0-255,4320,99969,69,256567
2618,0.001244,172.31.40.0-255,66,100035,69,256567
2619,0.001251,74.125.24.0-255,5738,105773,69,256567
2620,0.001253,172.31.40.0-255,66,105839,69,256567
2621,0.00129,74.125.24.0-255,5738,111577,69,256567
2622,0.001293,172.31.40.0-255,66,111643,69,256567
2623,0.001323,74.125.24.0-255,5738,117381,69,256567
2624,0.001326,172.31.40.0-255,66,117447,69,256567
2625,0.001338,172.31.40.0-255,66,117513,69,256567
2626,0.001341,74.125.24.0-255,766,118279,69,256567
2627,0.001364,74.125.24.0-255,1484,119763,69,256567
2628,0.001366,172.31.40.0-255,66,119829,69,256567
2629,0.001383,74.125.24.0-255,4320,124149,69,256567
2630,0.001385,172.31.40.0-255,66,124215,69,256567
2631,0.001425,172.31.40.0-255,66,124281,69,256567
2632,0.001431,74.125.24.0-255,5738,130019,69,256567
2633,0.001434,172.31.40.0-255,66,130085,69,256567
2634,0.001465,172.31.40.0-255,66,130151,69,256567
2635,0.001469,74.125.24.0-255,2184,132335,69,256567
2636,0.001471,172.31.40.0-255,66,132401,69,256567
2637,0.002009,74.125.24.0-255,1484,133885,69,256567
2638,0.002029,74.125.24.0-255,2902,136787,69,256567
2639,0.002033,172.31.40.0-255,66,136853,69,256567
2640,0.002039,74.125.24.0-255,4320,141173,69,256567
2641,0.002041,172.31.40.0-255,66,141239,69,256567
2642,0.002054,74.125.24.0-255,1484,142723,69,256567
2643,0.00207,74.125.24.0-255,5738,148461,69,256567
2644,0.002073,172.31.40.0-255,66,148527,69,256567
2645,0.002097,74.125.24.0-255,7156,155683,69,256567
2646,0.0021,172.31.40.0-255,66,155749,69,256567
2647,0.002112,172.31.40.0-255,66,155815,69,256567
2648,0.002114,74.125.24.0-255,766,156581,69,256567
2649,0.002142,74.125.24.0-255,1484,158065,69,256567
2650,0.002144,172.31.40.0-255,66,158131,69,256567
2651,0.00215,74.125.24.0-255,4320,162451,69,256567
2652,0.002153,172.31.40.0-255,66,162517,69,256567
2653,0.002204,172.31.40.0-255,66,162583,69,256567
2654,0.002212,74.125.24.0-255,7156,169739,69,256567
2655,0.002214,172.31.40.0-255,66,169805,69,256567
2656,0.002237,172.31.40.0-255,66,169871,69,256567
2657,0.002241,74.125.24.0-255,2184,172055,69,256567
2658,0.002243,172.31.40.0-255,66,172121,69,256567
2659,0.00254,74.125.24.0-255,1484,173605,69,256567
2660,0.002568,74.125.24.0-255,2902,176507,69,256567
2661,0.002571,172.31.40.0-255,66,176573,69,256567
2662,0.002587,74.125.24.0-255,5738,182311,69,256567
2663,0.002589,172.31.40.0-255,66,182377,69,256567
2664,0.002624,172.31.40.0-255,66,182443,69,256567
2665,0.00263,74.125.24.0-255,5738,188181,69,256567
2666,0.002633,172.31.40.0-255,66,188247,69,256567
2667,0.002679,74.125.24.0-255,5020,193267,69,256567
2668,0.002682,172.31.40.0-255,66,193333,69,256567
2669,0.002768,74.125.24.0-255,1484,194817,69,256567
2670,0.002791,74.125.24.0-255,2902,197719,69,256567
2671,0.002794,172.31.40.0-255,66,197785,69,256567
2672,0.002801,74.125.24.0-255,5738,203523,69,256567
2673,0.002804,172.31.40.0-255,66,203589,69,256567
2674,0.002807,74.125.24.0-255,1484,205073,69,256567
2675,0.002834,74.125.24.0-255,5738,210811,69,256567
2676,0.002837,172.31.40.0-255,66,210877,69,256567
2677,0.002839,74.125.24.0-255,1484,212361,69,256567
2678,0.002851,172.31.40.0-255,66,212427,69,256567
2679,0.002856,74.125.24.0-255,4320,216747,69,256567
2680,0.002859,172.31.40.0-255,66,216813,69,256567
2681,0.002861,74.125.24.0-255,766,217579,69,256567
2682,0.002884,74.125.24.0-255,1484,219063,69,256567
2683,0.002886,172.31.40.0-255,66,219129,69,256567
2684,0.002902,74.125.24.0-255,4320,223449,69,256567
2685,0.002905,172.31.40.0-255,66,223515,69,256567
2686,0.002907,74.125.24.0-255,1484,224999,69,256567
2687,0.00291,74.125.24.0-255,1484,226483,69,256567
2688,0.002912,172.31.40.0-255,66,226549,69,256567
2689,0.002919,74.125.24.0-255,5738,232287,69,256567
2690,0.002921,172.31.40.0-255,66,232353,69,256567
2691,0.002961,74.125.24.0-255,2902,235255,69,256567
2692,0.002964,172.31.40.0-255,66,235321,69,256567
2693,0.002969,74.125.24.0-255,4320,239641,69,256567
2694,0.002972,172.31.40.0-255,66,239707,69,256567
2695,0.002984,172.31.40.0-255,66,239773,69,256567
2696,0.002987,74.125.24.0-255,766,240539,69,256567
2697,0.003033,172.31.40.0-255,66,240605,69,256567
2698,0.003044,172.31.40.0-255,66,240671,69,256567
2699,0.003062,74.125.24.0-255,1484,242155,69,256567
2700,0.003094,172.31.40.0-255,66,242221,69,256567
2701,0.003105,172.31.40.0-255,66,242287,69,256567
2702,0.003129,74.125.24.0-255,2902,245189,69,256567
2703,0.003132,172.31.40.0-255,66,245255,69,256567
2704,0.003136,74.125.24.0-255,1960,247215,69,256567
2705,0.003138,172.31.40.0-255,66,247281,69,256567
2706,0.003173,74.125.24.0-255,105,247386,69,256567
2707,0.003192,74.125.24.0-255,129,247515,69,256567
2708,0.013685,172.31.40.0-255,105,247620,69,256567
2709,0.013737,172.31.40.0-255,105,247725,69,256567
2710,0.013918,74.125.24.0-255,129,247854,69,256567
2711,0.01393,172.31.40.0-255,78,247932,69,256567
2712,0.01401,172.31.40.0-255,90,248022,69,256567
2713,0.014027,172.31.40.0-255,66,248088,69,256567
2714,0.016161,74.125.24.0-255,66,248154,69,256567
2715,0.016208,74.125.24.0-255,66,248220,69,256567
2716,0.016497,74.125.24.0-255,66,248286,69,256567
2717,0.016518,74.125.24.0-255,66,248352,69,256567
2718,0.016524,172.31.40.0-255,66,248418,69,256567
2719,0.037349,172.31.40.0-255,172,248590,69,256567
2720,0.037385,172.31.40.0-255,1111,249701,69,256567
2721,0.037453,172.31.40.0-255,1514,251215,69,256567
2722,0.037455,172.31.40.0-255,1514,252729,69,256567
2723,0.037457,172.31.40.0-255,1514,254243,69,256567
2724,0.037458,172.31.40.0-255,1514,255757,69,256567
2725,0.037459,172.31.40.0-255,546,256303,69,256567
2726,0.038902,104.244.42.0-255,66,256369,69,256567
2727,0.038978,104.244.42.0-255,66,256435,69,256567
2728,0.039045,104.244.42.0-255,66,256501,69,256567
2729,0.039068,104.244.42.0-255,66,256567,69,256567
2730,0.0,74.125.24.0-255,146,146,69,151944
2731,1.5e-05,172.31.40.0-255,66,212,69,151944
2732,2.2e-05,74.125.24.0-255,1484,1696,69,151944
2733,2.6e-05,172.31.40.0-255,66,1762,69,151944
2734,5.2e-05,74.125.24.0-255,2902,4664,69,151944
2735,5.9e-05,172.31.40.0-255,66,4730,69,151944
2736,0.000164,74.125.24.0-255,1484,6214,69,151944
2737,0.000167,172.31.40.0-255,66,6280,69,151944
2738,0.000196,74.125.24.0-255,5738,12018,69,151944
2739,0.0002,172.31.40.0-255,66,12084,69,151944
2740,0.000474,74.125.24.0-255,2075,14159,69,151944
2741,0.000478,172.31.40.0-255,66,14225,69,151944
2742,0.000566,74.125.24.0-255,5738,19963,69,151944
2743,0.00057,172.31.40.0-255,66,20029,69,151944
2744,0.000611,172.31.40.0-255,66,20095,69,151944
2745,0.001268,172.31.40.0-255,66,20161,69,151944
2746,0.001302,172.31.40.0-255,66,20227,69,151944
2747,0.002039,74.125.24.0-255,7156,27383,69,151944
2748,0.002045,172.31.40.0-255,66,27449,69,151944
2749,0.002085,172.31.40.0-255,66,27515,69,151944
2750,0.002783,74.125.24.0-255,1484,28999,69,151944
2751,0.002786,172.31.40.0-255,66,29065,69,151944
2752,0.002831,172.31.40.0-255,66,29131,69,151944
2753,0.003788,74.125.24.0-255,4320,33451,69,151944
2754,0.003791,172.31.40.0-255,66,33517,69,151944
2755,0.003805,74.125.24.0-255,7156,40673,69,151944
2756,0.003807,172.31.40.0-255,66,40739,69,151944
2757,0.005653,172.31.40.0-255,66,40805,69,151944
2758,0.008005,74.125.24.0-255,1484,42289,69,151944
2759,0.008026,74.125.24.0-255,4320,46609,69,151944
2760,0.008032,172.31.40.0-255,66,46675,69,151944
2761,0.01042,74.125.24.0-255,5738,52413,69,151944
2762,0.010429,172.31.40.0-255,66,52479,69,151944
2763,0.012821,74.125.24.0-255,5738,58217,69,151944
2764,0.012831,172.31.40.0-255,66,58283,69,151944
2765,0.015199,74.125.24.0-255,5738,64021,69,151944
2766,0.015208,172.31.40.0-255,66,64087,69,151944
2767,0.017568,74.125.24.0-255,5738,69825,69,151944
2768,0.017575,172.31.40.0-255,66,69891,69,151944
2769,0.019927,74.125.24.0-255,5738,75629,69,151944
2770,0.019934,172.31.40.0-255,66,75695,69,151944
2771,0.022296,74.125.24.0-255,5738,81433,69,151944
2772,0.022305,172.31.40.0-255,66,81499,69,151944
2773,0.024703,74.125.24.0-255,5738,87237,69,151944
2774,0.024711,172.31.40.0-255,66,87303,69,151944
2775,0.027086,74.125.24.0-255,5738,93041,69,151944
2776,0.027094,172.31.40.0-255,66,93107,69,151944
2777,0.028851,172.31.40.0-255,171,93278,69,151944
2778,0.028882,172.31.40.0-255,1140,94418,69,151944
2779,0.028948,172.31.40.0-255,1514,95932,69,151944
2780,0.02895,172.31.40.0-255,1514,97446,69,151944
2781,0.028955,172.31.40.0-255,1514,98960,69,151944
2782,0.028957,172.31.40.0-255,1514,100474,69,151944
2783,0.028977,172.31.40.0-255,322,100796,69,151944
2784,0.029469,74.125.24.0-255,5738,106534,69,151944
2785,0.029476,172.31.40.0-255,66,106600,69,151944
2786,0.030552,104.244.42.0-255,66,106666,69,151944
2787,0.030561,104.244.42.0-255,66,106732,69,151944
2788,0.030658,104.244.42.0-255,66,106798,69,151944
2789,0.030671,104.244.42.0-255,66,106864,69,151944
2790,0.032006,74.125.24.0-255,5738,112602,69,151944
2791,0.032013,172.31.40.0-255,66,112668,69,151944
2792,0.034421,74.125.24.0-255,4320,116988,69,151944
2793,0.034428,172.31.40.0-255,66,117054,69,151944
2794,0.034474,74.125.24.0-255,1484,118538,69,151944
2795,0.036812,74.125.24.0-255,4320,122858,69,151944
2796,0.036818,172.31.40.0-255,66,122924,69,151944
2797,0.039211,74.125.24.0-255,5738,128662,69,151944
2798,0.039261,172.31.40.0-255,66,128728,69,151944
2799,0.041653,74.125.24.0-255,5738,134466,69,151944
2800,0.041659,172.31.40.0-255,66,134532,69,151944
2801,0.044045,74.125.24.0-255,5738,140270,69,151944
2802,0.044052,172.31.40.0-255,66,140336,69,151944
2803,0.046486,74.125.24.0-255,5738,146074,69,151944
2804,0.046493,172.31.40.0-255,66,146140,69,151944
2805,0.048903,74.125.24.0-255,5738,151878,69,151944
2806,0.048909,172.31.40.0-255,66,151944,69,151944
2807,0.0,172.217.194.0-255,152,152,69,155543
2808,2.2e-05,172.31.40.0-255,66,218,69,155543
2809,3e-05,172.217.194.0-255,1484,1702,69,155543
2810,3.4e-05,172.31.40.0-255,66,1768,69,155543
2811,4.7e-05,172.217.194.0-255,2902,4670,69,155543
2812,5e-05,172.31.40.0-255,66,4736,69,155543
2813,5.9e-05,172.217.194.0-255,7156,11892,69,155543
2814,6.2e-05,172.31.40.0-255,66,11958,69,155543
2815,9e-05,172.31.40.0-255,66,12024,69,155543
2816,0.000131,172.217.194.0-255,5738,17762,69,155543
2817,0.000134,172.31.40.0-255,66,17828,69,155543
2818,0.000159,172.217.194.0-255,3961,21789,69,155543
2819,0.000162,172.31.40.0-255,66,21855,69,155543
2820,0.000165,172.217.194.0-255,1484,23339,69,155543
2821,0.000171,172.31.40.0-255,66,23405,69,155543
2822,0.000177,172.217.194.0-255,2902,26307,69,155543
2823,0.000179,172.31.40.0-255,66,26373,69,155543
2824,0.000182,172.217.194.0-255,1484,27857,69,155543
2825,0.000184,172.31.40.0-255,66,27923,69,155543
2826,0.00022,172.217.194.0-255,4320,32243,69,155543
2827,0.000223,172.31.40.0-255,66,32309,69,155543
2828,0.000237,172.31.40.0-255,66,32375,69,155543
2829,0.000255,172.31.40.0-255,66,32441,69,155543
2830,0.000274,172.217.194.0-255,364,32805,69,155543
2831,0.000276,172.31.40.0-255,66,32871,69,155543
2832,0.000482,172.217.194.0-255,1484,34355,69,155543
2833,0.000488,172.31.40.0-255,66,34421,69,155543
2834,0.000495,172.217.194.0-255,2902,37323,69,155543
2835,0.000498,172.31.40.0-255,66,37389,69,155543
2836,0.000507,172.217.194.0-255,2902,40291,69,155543
2837,0.00051,172.31.40.0-255,66,40357,69,155543
2838,0.000556,172.217.194.0-255,2902,43259,69,155543
2839,0.000559,172.31.40.0-255,66,43325,69,155543
2840,0.000578,172.31.40.0-255,66,43391,69,155543
2841,0.000591,172.31.40.0-255,66,43457,69,155543
2842,0.00097,172.31.40.0-255,101,43558,69,155543
2843,0.001148,172.217.194.0-255,1484,45042,69,155543
2844,0.001154,172.217.194.0-255,1484,46526,69,155543
2845,0.001157,172.31.40.0-255,66,46592,69,155543
2846,0.001186,172.217.194.0-255,1484,48076,69,155543
2847,0.001194,172.217.194.0-255,5738,53814,69,155543
2848,0.001196,172.31.40.0-255,66,53880,69,155543
2849,0.001204,172.217.194.0-255,7156,61036,69,155543
2850,0.001206,172.31.40.0-255,66,61102,69,155543
2851,0.00124,172.217.194.0-255,5738,66840,69,155543
2852,0.001242,172.217.194.0-255,1484,68324,69,155543
2853,0.001247,172.217.194.0-255,2902,71226,69,155543
2854,0.00125,172.31.40.0-255,66,71292,69,155543
2855,0.001254,172.31.40.0-255,66,71358,69,155543
2856,0.001283,172.217.194.0-255,6438,77796,69,155543
2857,0.00129,172.31.40.0-255,66,77862,69,155543
2858,0.001363,172.217.194.0-255,1484,79346,69,155543
2859,0.001369,172.217.194.0-255,2902,82248,69,155543
2860,0.001371,172.31.40.0-255,66,82314,69,155543
2861,0.001376,172.217.194.0-255,2902,85216,69,155543
2862,0.001378,172.31.40.0-255,66,85282,69,155543
2863,0.001413,172.217.194.0-255,2902,88184,69,155543
2864,0.001416,172.31.40.0-255,66,88250,69,155543
2865,0.001422,172.217.194.0-255,2902,91152,69,155543
2866,0.001424,172.31.40.0-255,66,91218,69,155543
2867,0.00144,172.31.40.0-255,66,91284,69,155543
2868,0.001495,172.31.40.0-255,66,91350,69,155543
2869,0.001672,172.217.194.0-255,1484,92834,69,155543
2870,0.001677,172.217.194.0-255,1484,94318,69,155543
2871,0.00168,172.31.40.0-255,66,94384,69,155543
2872,0.001706,172.217.194.0-255,1484,95868,69,155543
2873,0.001714,172.217.194.0-255,5738,101606,69,155543
2874,0.001716,172.31.40.0-255,66,101672,69,155543
2875,0.001745,172.217.194.0-255,7156,108828,69,155543
2876,0.001748,172.31.40.0-255,66,108894,69,155543
2877,0.001753,172.217.194.0-255,2902,111796,69,155543
2878,0.001755,172.31.40.0-255,66,111862,69,155543
2879,0.001794,172.31.40.0-255,66,111928,69,155543
2880,0.001798,172.217.194.0-255,2184,114112,69,155543
2881,0.001801,172.31.40.0-255,66,114178,69,155543
2882,0.001876,172.217.194.0-255,1484,115662,69,155543
2883,0.001894,172.217.194.0-255,2902,118564,69,155543
2884,0.001897,172.31.40.0-255,66,118630,69,155543
2885,0.001935,172.217.194.0-255,4320,122950,69,155543
2886,0.001937,172.31.40.0-255,66,123016,69,155543
2887,0.001965,172.217.194.0-255,1484,124500,69,155543
2888,0.00198,172.31.40.0-255,66,124566,69,155543
2889,0.001998,172.31.40.0-255,66,124632,69,155543
2890,0.002001,172.217.194.0-255,1484,126116,69,155543
2891,0.002026,172.217.194.0-255,2902,129018,69,155543
2892,0.002028,172.31.40.0-255,66,129084,69,155543
2893,0.002035,172.217.194.0-255,5738,134822,69,155543
2894,0.002038,172.31.40.0-255,66,134888,69,155543
2895,0.002042,172.217.194.0-255,2902,137790,69,155543
2896,0.002051,172.31.40.0-255,66,137856,69,155543
2897,0.0021,172.31.40.0-255,66,137922,69,155543
2898,0.002112,172.31.40.0-255,66,137988,69,155543
2899,0.002119,172.217.194.0-255,4320,142308,69,155543
2900,0.002122,172.31.40.0-255,66,142374,69,155543
2901,0.002175,172.31.40.0-255,66,142440,69,155543
2902,0.002192,172.31.40.0-255,66,142506,69,155543
2903,0.002228,172.31.40.0-255,66,142572,69,155543
2904,0.002245,172.31.40.0-255,66,142638,69,155543
2905,0.002273,172.217.194.0-255,2184,144822,69,155543
2906,0.002275,172.31.40.0-255,66,144888,69,155543
2907,0.002294,172.31.40.0-255,66,144954,69,155543
2908,0.002346,172.31.40.0-255,66,145020,69,155543
2909,0.002372,172.31.40.0-255,66,145086,69,155543
2910,0.002395,172.31.40.0-255,66,145152,69,155543
2911,0.003204,172.217.194.0-255,66,145218,69,155543
2912,0.004671,172.217.194.0-255,1111,146329,69,155543
2913,0.006727,172.31.40.0-255,105,146434,69,155543
2914,0.013338,172.217.194.0-255,66,146500,69,155543
2915,0.034263,172.31.40.0-255,172,146672,69,155543
2916,0.034294,172.31.40.0-255,1116,147788,69,155543
2917,0.034357,172.31.40.0-255,1514,149302,69,155543
2918,0.034359,172.31.40.0-255,1514,150816,69,155543
2919,0.03436,172.31.40.0-255,1514,152330,69,155543
2920,0.034365,172.31.40.0-255,1514,153844,69,155543
2921,0.034366,172.31.40.0-255,1501,155345,69,155543
2922,0.035838,104.244.42.0-255,66,155411,69,155543
2923,0.035876,104.244.42.0-255,66,155477,69,155543
2924,0.035936,104.244.42.0-255,66,155543,69,155543
2925,0.0,74.125.24.0-255,301,301,69,242525
2926,1.2e-05,172.31.40.0-255,66,367,69,242525
2927,1.8e-05,74.125.24.0-255,1484,1851,69,242525
2928,2.2e-05,172.31.40.0-255,66,1917,69,242525
2929,2.8e-05,74.125.24.0-255,4320,6237,69,242525
2930,3e-05,172.31.40.0-255,66,6303,69,242525
2931,4.6e-05,74.125.24.0-255,5738,12041,69,242525
2932,4.8e-05,172.31.40.0-255,66,12107,69,242525
2933,6.1e-05,74.125.24.0-255,1867,13974,69,242525
2934,6.2e-05,172.31.40.0-255,66,14040,69,242525
2935,6.8e-05,74.125.24.0-255,5738,19778,69,242525
2936,7e-05,172.31.40.0-255,66,19844,69,242525
2937,9.6e-05,74.125.24.0-255,2902,22746,69,242525
2938,9.8e-05,172.31.40.0-255,66,22812,69,242525
2939,0.000109,172.31.40.0-255,66,22878,69,242525
2940,0.000132,74.125.24.0-255,7156,30034,69,242525
2941,0.000134,172.31.40.0-255,66,30100,69,242525
2942,0.00014,74.125.24.0-255,5738,35838,69,242525
2943,0.000142,172.31.40.0-255,66,35904,69,242525
2944,0.000155,74.125.24.0-255,766,36670,69,242525
2945,0.000157,172.31.40.0-255,66,36736,69,242525
2946,0.00016,74.125.24.0-255,2902,39638,69,242525
2947,0.000163,172.31.40.0-255,66,39704,69,242525
2948,0.000168,74.125.24.0-255,4320,44024,69,242525
2949,0.00017,172.31.40.0-255,66,44090,69,242525
2950,0.000175,74.125.24.0-255,4320,48410,69,242525
2951,0.000177,172.31.40.0-255,66,48476,69,242525
2952,0.000204,74.125.24.0-255,4320,52796,69,242525
2953,0.000206,172.31.40.0-255,66,52862,69,242525
2954,0.000209,74.125.24.0-255,1457,54319,69,242525
2955,0.00021,172.31.40.0-255,66,54385,69,242525
2956,0.000281,74.125.24.0-255,344,54729,69,242525
2957,0.000559,74.125.24.0-255,1484,56213,69,242525
2958,0.000563,172.31.40.0-255,66,56279,69,242525
2959,0.000568,74.125.24.0-255,2902,59181,69,242525
2960,0.00057,172.31.40.0-255,66,59247,69,242525
2961,0.000573,74.125.24.0-255,1484,60731,69,242525
2962,0.000587,74.125.24.0-255,2902,63633,69,242525
2963,0.000589,172.31.40.0-255,66,63699,69,242525
2964,0.000604,74.125.24.0-255,1484,65183,69,242525
2965,0.000615,74.125.24.0-255,1484,66667,69,242525
2966,0.000617,172.31.40.0-255,66,66733,69,242525
2967,0.000637,74.125.24.0-255,1484,68217,69,242525
2968,0.000642,74.125.24.0-255,4320,72537,69,242525
2969,0.000644,172.31.40.0-255,66,72603,69,242525
2970,0.000653,172.31.40.0-255,66,72669,69,242525
2971,0.000656,74.125.24.0-255,1484,74153,69,242525
2972,0.000678,74.125.24.0-255,6438,80591,69,242525
2973,0.000681,172.31.40.0-255,66,80657,69,242525
2974,0.00116,74.125.24.0-255,1484,82141,69,242525
2975,0.001165,74.125.24.0-255,1484,83625,69,242525
2976,0.001168,172.31.40.0-255,66,83691,69,242525
2977,0.001187,74.125.24.0-255,1484,85175,69,242525
2978,0.001194,74.125.24.0-255,5738,90913,69,242525
2979,0.00122,74.125.24.0-255,2902,93815,69,242525
2980,0.001225,172.31.40.0-255,66,93881,69,242525
2981,0.001228,172.31.40.0-255,66,93947,69,242525
2982,0.001254,172.31.40.0-255,66,94013,69,242525
2983,0.001264,172.31.40.0-255,66,94079,69,242525
2984,0.001267,74.125.24.0-255,766,94845,69,242525
2985,0.001508,74.125.24.0-255,1484,96329,69,242525
2986,0.001513,172.31.40.0-255,66,96395,69,242525
2987,0.001528,74.125.24.0-255,2902,99297,69,242525
2988,0.00153,172.31.40.0-255,66,99363,69,242525
2989,0.001534,74.125.24.0-255,2902,102265,69,242525
2990,0.001536,172.31.40.0-255,66,102331,69,242525
2991,0.001552,74.125.24.0-255,2902,105233,69,242525
2992,0.001554,172.31.40.0-255,66,105299,69,242525
2993,0.001571,74.125.24.0-255,4320,109619,69,242525
2994,0.001573,172.31.40.0-255,66,109685,69,242525
2995,0.001592,74.125.24.0-255,5738,115423,69,242525
2996,0.001595,172.31.40.0-255,66,115489,69,242525
2997,0.001626,74.125.24.0-255,2902,118391,69,242525
2998,0.001629,172.31.40.0-255,66,118457,69,242525
2999,0.00164,172.31.40.0-255,66,118523,69,242525
3000,0.001643,74.125.24.0-255,766,119289,69,242525
3001,0.001739,74.125.24.0-255,1484,120773,69,242525
3002,0.001742,74.125.24.0-255,1484,122257,69,242525
3003,0.001746,172.31.40.0-255,66,122323,69,242525
3004,0.001755,74.125.24.0-255,1484,123807,69,242525
3005,0.001757,172.31.40.0-255,66,123873,69,242525
3006,0.001764,74.125.24.0-255,5738,129611,69,242525
3007,0.001766,172.31.40.0-255,66,129677,69,242525
3008,0.001772,74.125.24.0-255,4320,133997,69,242525
3009,0.001774,172.31.40.0-255,66,134063,69,242525
3010,0.001802,172.31.40.0-255,66,134129,69,242525
3011,0.001812,172.31.40.0-255,66,134195,69,242525
3012,0.001855,74.125.24.0-255,2184,136379,69,242525
3013,0.001858,172.31.40.0-255,66,136445,69,242525
3014,0.001888,74.125.24.0-255,1484,137929,69,242525
3015,0.001891,74.125.24.0-255,1484,139413,69,242525
3016,0.001894,172.31.40.0-255,66,139479,69,242525
3017,0.001917,74.125.24.0-255,1484,140963,69,242525
3018,0.001924,74.125.24.0-255,5738,146701,69,242525
3019,0.001926,172.31.40.0-255,66,146767,69,242525
3020,0.001931,74.125.24.0-255,2902,149669,69,242525
3021,0.001933,172.31.40.0-255,66,149735,69,242525
3022,0.001968,172.31.40.0-255,66,149801,69,242525
3023,0.001986,74.125.24.0-255,4320,154121,69,242525
3024,0.001989,172.31.40.0-255,66,154187,69,242525
3025,0.002018,74.125.24.0-255,6438,160625,69,242525
3026,0.002021,172.31.40.0-255,66,160691,69,242525
3027,0.002036,74.125.24.0-255,1484,162175,69,242525
3028,0.002091,172.31.40.0-255,66,162241,69,242525
3029,0.002108,172.31.40.0-255,66,162307,69,242525
3030,0.00212,172.31.40.0-255,66,162373,69,242525
3031,0.002174,172.31.40.0-255,66,162439,69,242525
3032,0.002194,74.125.24.0-255,5738,168177,69,242525
3033,0.002196,172.31.40.0-255,66,168243,69,242525
3034,0.002244,172.31.40.0-255,66,168309,69,242525
3035,0.002265,74.125.24.0-255,766,169075,69,242525
3036,0.002282,172.31.40.0-255,66,169141,69,242525
3037,0.002293,172.31.40.0-255,66,169207,69,242525
3038,0.002297,74.125.24.0-255,2902,172109,69,242525
3039,0.002299,172.31.40.0-255,66,172175,69,242525
3040,0.002332,172.31.40.0-255,66,172241,69,242525
3041,0.002364,74.125.24.0-255,6438,178679,69,242525
3042,0.002367,172.31.40.0-255,66,178745,69,242525
3043,0.002388,74.125.24.0-255,5738,184483,69,242525
3044,0.002391,172.31.40.0-255,66,184549,69,242525
3045,0.00242,172.31.40.0-255,66,184615,69,242525
3046,0.003567,74.125.24.0-255,1484,186099,69,242525
3047,0.003584,74.125.24.0-255,2902,189001,69,242525
3048,0.00359,172.31.40.0-255,66,189067,69,242525
3049,0.003618,74.125.24.0-255,5738,194805,69,242525
3050,0.003621,172.31.40.0-255,66,194871,69,242525
3051,0.003629,74.125.24.0-255,7156,202027,69,242525
3052,0.00363,172.31.40.0-255,66,202093,69,242525
3053,0.003636,74.125.24.0-255,4320,206413,69,242525
3054,0.003638,172.31.40.0-255,66,206479,69,242525
3055,0.00364,74.125.24.0-255,1484,207963,69,242525
3056,0.003677,74.125.24.0-255,1484,209447,69,242525
3057,0.00368,172.31.40.0-255,66,209513,69,242525
3058,0.003722,74.125.24.0-255,4320,213833,69,242525
3059,0.003726,172.31.40.0-255,66,213899,69,242525
3060,0.003742,74.125.24.0-255,2902,216801,69,242525
3061,0.003744,172.31.40.0-255,66,216867,69,242525
3062,0.003778,74.125.24.0-255,2184,219051,69,242525
3063,0.003782,172.31.40.0-255,66,219117,69,242525
3064,0.005075,74.125.24.0-255,1484,220601,69,242525
3065,0.005087,74.125.24.0-255,2902,223503,69,242525
3066,0.005091,172.31.40.0-255,66,223569,69,242525
3067,0.005096,74.125.24.0-255,1484,225053,69,242525
3068,0.005164,74.125.24.0-255,5738,230791,69,242525
3069,0.005167,172.31.40.0-255,66,230857,69,242525
3070,0.005172,74.125.24.0-255,2153,233010,69,242525
3071,0.005174,172.31.40.0-255,66,233076,69,242525
3072,0.005227,74.125.24.0-255,105,233181,69,242525
3073,0.01044,172.31.40.0-255,66,233247,69,242525
3074,0.010481,172.31.40.0-255,105,233352,69,242525
3075,0.012855,74.125.24.0-255,66,233418,69,242525
3076,0.0356,172.31.40.0-255,172,233590,69,242525
3077,0.035634,172.31.40.0-255,1114,234704,69,242525
3078,0.03573,172.31.40.0-255,1514,236218,69,242525
3079,0.03575,172.31.40.0-255,1514,237732,69,242525
3080,0.035752,172.31.40.0-255,1514,239246,69,242525
3081,0.035774,172.31.40.0-255,1514,240760,69,242525
3082,0.035775,172.31.40.0-255,1501,242261,69,242525
3083,0.037236,104.244.42.0-255,66,242327,69,242525
3084,0.037266,104.244.42.0-255,66,242393,69,242525
3085,0.037429,104.244.42.0-255,66,242459,69,242525
3086,0.03748,104.244.42.0-255,66,242525,69,242525
3087,0.0,74.125.68.0-255,149,149,69,394475
3088,2.3e-05,172.31.40.0-255,66,215,69,394475
3089,3e-05,74.125.68.0-255,1484,1699,69,394475
3090,3.4e-05,172.31.40.0-255,66,1765,69,394475
3091,3.9e-05,74.125.68.0-255,2902,4667,69,394475
3092,4.2e-05,172.31.40.0-255,66,4733,69,394475
3093,4.9e-05,74.125.68.0-255,5738,10471,69,394475
3094,5.2e-05,172.31.40.0-255,66,10537,69,394475
3095,7.6e-05,74.125.68.0-255,2902,13439,69,394475
3096,7.9e-05,172.31.40.0-255,66,13505,69,394475
3097,0.0001,74.125.68.0-255,646,14151,69,394475
3098,0.000102,172.31.40.0-255,66,14217,69,394475
3099,0.000122,74.125.68.0-255,1484,15701,69,394475
3100,0.000124,172.31.40.0-255,66,15767,69,394475
3101,0.000146,74.125.68.0-255,2902,18669,69,394475
3102,0.000149,172.31.40.0-255,66,18735,69,394475
3103,0.000155,74.125.68.0-255,5738,24473,69,394475
3104,0.000157,172.31.40.0-255,66,24539,69,394475
3105,0.000178,74.125.68.0-255,1484,26023,69,394475
3106,0.00018,172.31.40.0-255,66,26089,69,394475
3107,0.000201,74.125.68.0-255,5379,31468,69,394475
3108,0.000204,172.31.40.0-255,66,31534,69,394475
3109,0.000211,74.125.68.0-255,7156,38690,69,394475
3110,0.000214,172.31.40.0-255,66,38756,69,394475
3111,0.000236,74.125.68.0-255,1484,40240,69,394475
3112,0.000238,172.31.40.0-255,66,40306,69,394475
3113,0.000268,172.31.40.0-255,66,40372,69,394475
3114,0.000287,74.125.68.0-255,1484,41856,69,394475
3115,0.000289,172.31.40.0-255,66,41922,69,394475
3116,0.000304,74.125.68.0-255,1484,43406,69,394475
3117,0.000306,172.31.40.0-255,66,43472,69,394475
3118,0.000321,74.125.68.0-255,1484,44956,69,394475
3119,0.000329,74.125.68.0-255,5738,50694,69,394475
3120,0.000331,172.31.40.0-255,66,50760,69,394475
3121,0.000336,74.125.68.0-255,2902,53662,69,394475
3122,0.000337,172.31.40.0-255,66,53728,69,394475
3123,0.00034,74.125.68.0-255,1484,55212,69,394475
3124,0.000364,74.125.68.0-255,2543,57755,69,394475
3125,0.00038,172.31.40.0-255,66,57821,69,394475
3126,0.000383,74.125.68.0-255,402,58223,69,394475
3127,0.000489,74.125.68.0-255,1484,59707,69,394475
3128,0.000493,172.31.40.0-255,66,59773,69,394475
3129,0.000498,74.125.68.0-255,2902,62675,69,394475
3130,0.000501,172.31.40.0-255,66,62741,69,394475
3131,0.000517,74.125.68.0-255,4320,67061,69,394475
3132,0.00052,172.31.40.0-255,66,67127,69,394475
3133,0.000538,74.125.68.0-255,1484,68611,69,394475
3134,0.000544,74.125.68.0-255,4320,72931,69,394475
3135,0.000547,172.31.40.0-255,66,72997,69,394475
3136,0.000584,74.125.68.0-255,4237,77234,69,394475
3137,0.000598,74.125.68.0-255,4320,81554,69,394475
3138,0.000652,74.125.68.0-255,4320,85874,69,394475
3139,0.000671,74.125.68.0-255,5738,91612,69,394475
3140,0.000674,74.125.68.0-255,1125,92737,69,394475
3141,0.000731,74.125.68.0-255,1484,94221,69,394475
3142,0.000736,74.125.68.0-255,2902,97123,69,394475
3143,0.000755,74.125.68.0-255,5738,102861,69,394475
3144,0.000789,74.125.68.0-255,4320,107181,69,394475
3145,0.000811,74.125.68.0-255,7156,114337,69,394475
3146,0.000828,74.125.68.0-255,1484,115821,69,394475
3147,0.000834,74.125.68.0-255,4320,120141,69,394475
3148,0.000851,74.125.68.0-255,1484,121625,69,394475
3149,0.000865,74.125.68.0-255,5020,126645,69,394475
3150,0.000882,172.31.40.0-255,66,126711,69,394475
3151,0.000932,74.125.68.0-255,1484,128195,69,394475
3152,0.000938,74.125.68.0-255,2902,131097,69,394475
3153,0.000943,172.31.40.0-255,66,131163,69,394475
3154,0.000962,74.125.68.0-255,4320,135483,69,394475
3155,0.000984,74.125.68.0-255,4320,139803,69,394475
3156,0.00099,172.31.40.0-255,66,139869,69,394475
3157,0.001008,74.125.68.0-255,4320,144189,69,394475
3158,0.001015,74.125.68.0-255,7156,151345,69,394475
3159,0.001018,74.125.68.0-255,1484,152829,69,394475
3160,0.001029,172.31.40.0-255,66,152895,69,394475
3161,0.001044,74.125.68.0-255,7156,160051,69,394475
3162,0.001048,74.125.68.0-255,766,160817,69,394475
3163,0.001068,172.31.40.0-255,66,160883,69,394475
3164,0.001156,74.125.68.0-255,1484,162367,69,394475
3165,0.001179,74.125.68.0-255,2902,165269,69,394475
3166,0.001184,74.125.68.0-255,4320,169589,69,394475
3167,0.001188,172.31.40.0-255,66,169655,69,394475
3168,0.001195,74.125.68.0-255,1484,171139,69,394475
3169,0.001215,74.125.68.0-255,1484,172623,69,394475
3170,0.001225,74.125.68.0-255,2902,175525,69,394475
3171,0.001236,74.125.68.0-255,2902,178427,69,394475
3172,0.001239,172.31.40.0-255,66,178493,69,394475
3173,0.001248,74.125.68.0-255,2902,181395,69,394475
3174,0.00126,74.125.68.0-255,1484,182879,69,394475
3175,0.001281,74.125.68.0-255,2184,185063,69,394475
3176,0.001298,172.31.40.0-255,66,185129,69,394475
3177,0.001345,74.125.68.0-255,1484,186613,69,394475
3178,0.001359,74.125.68.0-255,2902,189515,69,394475
3179,0.001364,172.31.40.0-255,66,189581,69,394475
3180,0.001375,74.125.68.0-255,4320,193901,69,394475
3181,0.001384,172.31.40.0-255,66,193967,69,394475
3182,0.001397,74.125.68.0-255,5738,199705,69,394475
3183,0.00141,74.125.68.0-255,2902,202607,69,394475
3184,0.001416,74.125.68.0-255,5738,208345,69,394475
3185,0.001426,74.125.68.0-255,1484,209829,69,394475
3186,0.001437,74.125.68.0-255,2902,212731,69,394475
3187,0.001445,172.31.40.0-255,66,212797,69,394475
3188,0.001461,74.125.68.0-255,5738,218535,69,394475
3189,0.001464,74.125.68.0-255,766,219301,69,394475
3190,0.001487,172.31.40.0-255,66,219367,69,394475
3191,0.001533,74.125.68.0-255,1484,220851,69,394475
3192,0.001552,74.125.68.0-255,2902,223753,69,394475
3193,0.00157,74.125.68.0-255,2902,226655,69,394475
3194,0.001578,172.31.40.0-255,66,226721,69,394475
3195,0.001583,74.125.68.0-255,2902,229623,69,394475
3196,0.001587,74.125.68.0-255,2902,232525,69,394475
3197,0.001593,172.31.40.0-255,66,232591,69,394475
3198,0.001611,74.125.68.0-255,2902,235493,69,394475
3199,0.001637,74.125.68.0-255,7156,242649,69,394475
3200,0.001659,172.31.40.0-255,66,242715,69,394475
3201,0.001696,74.125.68.0-255,1484,244199,69,394475
3202,0.001713,74.125.68.0-255,2902,247101,69,394475
3203,0.001715,74.125.68.0-255,1484,248585,69,394475
3204,0.001767,172.31.40.0-255,66,248651,69,394475
3205,0.001774,74.125.68.0-255,2902,251553,69,394475
3206,0.001779,74.125.68.0-255,5738,257291,69,394475
3207,0.001793,172.31.40.0-255,66,257357,69,394475
3208,0.001802,74.125.68.0-255,1484,258841,69,394475
3209,0.001826,74.125.68.0-255,4320,263161,69,394475
3210,0.001835,172.31.40.0-255,66,263227,69,394475
3211,0.001854,74.125.68.0-255,6438,269665,69,394475
3212,0.001857,74.125.68.0-255,1484,271149,69,394475
3213,0.001871,172.31.40.0-255,66,271215,69,394475
3214,0.001877,74.125.68.0-255,2902,274117,69,394475
3215,0.001881,172.31.40.0-255,66,274183,69,394475
3216,0.001892,74.125.68.0-255,4320,278503,69,394475
3217,0.001911,74.125.68.0-255,7156,285659,69,394475
3218,0.001918,74.125.68.0-255,7156,292815,69,394475
3219,0.001923,74.125.68.0-255,2902,295717,69,394475
3220,0.001942,74.125.68.0-255,5738,301455,69,394475
3221,0.001945,74.125.68.0-255,766,302221,69,394475
3222,0.001949,172.31.40.0-255,66,302287,69,394475
3223,0.004062,74.125.68.0-255,5738,308025,69,394475
3224,0.004068,172.31.40.0-255,66,308091,69,394475
3225,0.006183,74.125.68.0-255,5738,313829,69,394475
3226,0.006193,172.31.40.0-255,66,313895,69,394475
3227,0.008311,74.125.68.0-255,5738,319633,69,394475
3228,0.008316,172.31.40.0-255,66,319699,69,394475
3229,0.010434,74.125.68.0-255,5738,325437,69,394475
3230,0.010442,172.31.40.0-255,66,325503,69,394475
3231,0.012562,74.125.68.0-255,5738,331241,69,394475
3232,0.01257,172.31.40.0-255,66,331307,69,394475
3233,0.014693,74.125.68.0-255,5738,337045,69,394475
3234,0.014701,172.31.40.0-255,66,337111,69,394475
3235,0.01682,74.125.68.0-255,2902,340013,69,394475
3236,0.01683,172.31.40.0-255,66,340079,69,394475
3237,0.016852,74.125.68.0-255,2902,342981,69,394475
3238,0.016854,172.31.40.0-255,66,343047,69,394475
3239,0.018946,74.125.68.0-255,2902,345949,69,394475
3240,0.018952,172.31.40.0-255,66,346015,69,394475
3241,0.018974,74.125.68.0-255,2902,348917,69,394475
3242,0.018976,172.31.40.0-255,66,348983,69,394475
3243,0.021067,74.125.68.0-255,2902,351885,69,394475
3244,0.021077,172.31.40.0-255,66,351951,69,394475
3245,0.021098,74.125.68.0-255,2902,354853,69,394475
3246,0.0211,172.31.40.0-255,66,354919,69,394475
3247,0.023192,74.125.68.0-255,2902,357821,69,394475
3248,0.023199,172.31.40.0-255,66,357887,69,394475
3249,0.023222,74.125.68.0-255,2902,360789,69,394475
3250,0.023224,172.31.40.0-255,66,360855,69,394475
3251,0.025308,74.125.68.0-255,2902,363757,69,394475
3252,0.025317,172.31.40.0-255,66,363823,69,394475
3253,0.02534,74.125.68.0-255,2902,366725,69,394475
3254,0.025343,172.31.40.0-255,66,366791,69,394475
3255,0.027422,74.125.68.0-255,2902,369693,69,394475
3256,0.027428,172.31.40.0-255,66,369759,69,394475
3257,0.027446,74.125.68.0-255,2902,372661,69,394475
3258,0.027449,172.31.40.0-255,66,372727,69,394475
3259,0.029558,74.125.68.0-255,4320,377047,69,394475
3260,0.029563,172.31.40.0-255,66,377113,69,394475
3261,0.029583,74.125.68.0-255,1484,378597,69,394475
3262,0.03168,74.125.68.0-255,4320,382917,69,394475
3263,0.031687,172.31.40.0-255,66,382983,69,394475
3264,0.033801,74.125.68.0-255,1974,384957,69,394475
3265,0.033808,172.31.40.0-255,66,385023,69,394475
3266,0.033985,172.31.40.0-255,105,385128,69,394475
3267,0.036068,74.125.68.0-255,66,385194,69,394475
3268,0.038013,172.31.40.0-255,172,385366,69,394475
3269,0.038043,172.31.40.0-255,1114,386480,69,394475
3270,0.038104,172.31.40.0-255,1514,387994,69,394475
3271,0.038106,172.31.40.0-255,1514,389508,69,394475
3272,0.038111,172.31.40.0-255,1514,391022,69,394475
3273,0.038112,172.31.40.0-255,1514,392536,69,394475
3274,0.038134,172.31.40.0-255,1501,394037,69,394475
3275,0.039706,104.244.42.0-255,66,394103,69,394475
3276,0.039735,104.244.42.0-255,66,394169,69,394475
3277,0.039778,104.244.42.0-255,66,394235,69,394475
3278,0.039883,104.244.42.0-255,66,394301,69,394475
3279,0.040653,104.244.42.0-255,108,394409,69,394475
3280,0.04066,172.31.40.0-255,66,394475,69,394475
3281,0.0,74.125.68.0-255,153,153,69,282718
3282,2.2e-05,172.31.40.0-255,66,219,69,282718
3283,2.9e-05,74.125.68.0-255,1484,1703,69,282718
3284,3.4e-05,172.31.40.0-255,66,1769,69,282718
3285,3.7e-05,74.125.68.0-255,1484,3253,69,282718
3286,4e-05,172.31.40.0-255,66,3319,69,282718
3287,6.8e-05,74.125.68.0-255,2902,6221,69,282718
3288,7.2e-05,172.31.40.0-255,66,6287,69,282718
3289,7.9e-05,74.125.68.0-255,5738,12025,69,282718
3290,8.2e-05,172.31.40.0-255,66,12091,69,282718
3291,8.5e-05,74.125.68.0-255,1484,13575,69,282718
3292,8.7e-05,172.31.40.0-255,66,13641,69,282718
3293,0.000104,74.125.68.0-255,645,14286,69,282718
3294,0.000107,172.31.40.0-255,66,14352,69,282718
3295,0.000551,74.125.68.0-255,1484,15836,69,282718
3296,0.000557,172.31.40.0-255,66,15902,69,282718
3297,0.000566,74.125.68.0-255,2902,18804,69,282718
3298,0.000569,172.31.40.0-255,66,18870,69,282718
3299,0.000574,74.125.68.0-255,2902,21772,69,282718
3300,0.000576,172.31.40.0-255,66,21838,69,282718
3301,0.000594,74.125.68.0-255,2902,24740,69,282718
3302,0.000597,172.31.40.0-255,66,24806,69,282718
3303,0.000613,74.125.68.0-255,4320,29126,69,282718
3304,0.000616,172.31.40.0-255,66,29192,69,282718
3305,0.000638,74.125.68.0-255,1484,30676,69,282718
3306,0.000641,172.31.40.0-255,66,30742,69,282718
3307,0.000644,74.125.68.0-255,1125,31867,69,282718
3308,0.000646,172.31.40.0-255,66,31933,69,282718
3309,0.00107,74.125.68.0-255,1484,33417,69,282718
3310,0.001078,172.31.40.0-255,66,33483,69,282718
3311,0.001084,74.125.68.0-255,2902,36385,69,282718
3312,0.001087,172.31.40.0-255,66,36451,69,282718
3313,0.001091,74.125.68.0-255,2902,39353,69,282718
3314,0.001094,172.31.40.0-255,66,39419,69,282718
3315,0.001108,74.125.68.0-255,2902,42321,69,282718
3316,0.001111,172.31.40.0-255,66,42387,69,282718
3317,0.001115,74.125.68.0-255,2902,45289,69,282718
3318,0.001117,172.31.40.0-255,66,45355,69,282718
3319,0.001151,172.31.40.0-255,66,45421,69,282718
3320,0.001164,74.125.68.0-255,2543,47964,69,282718
3321,0.001166,172.31.40.0-255,66,48030,69,282718
3322,0.001171,74.125.68.0-255,4320,52350,69,282718
3323,0.001173,172.31.40.0-255,66,52416,69,282718
3324,0.001208,74.125.68.0-255,5690,58106,69,282718
3325,0.001211,172.31.40.0-255,66,58172,69,282718
3326,0.001248,74.125.68.0-255,111,58283,69,282718
3327,0.001403,74.125.68.0-255,1484,59767,69,282718
3328,0.001408,172.31.40.0-255,66,59833,69,282718
3329,0.001412,74.125.68.0-255,1484,61317,69,282718
3330,0.001427,74.125.68.0-255,1484,62801,69,282718
3331,0.00143,172.31.40.0-255,66,62867,69,282718
3332,0.001433,74.125.68.0-255,1484,64351,69,282718
3333,0.001452,74.125.68.0-255,4320,68671,69,282718
3334,0.001455,172.31.40.0-255,66,68737,69,282718
3335,0.001476,74.125.68.0-255,7156,75893,69,282718
3336,0.001479,172.31.40.0-255,66,75959,69,282718
3337,0.001501,74.125.68.0-255,1125,77084,69,282718
3338,0.001512,172.31.40.0-255,66,77150,69,282718
3339,0.00152,74.125.68.0-255,6797,83947,69,282718
3340,0.001522,172.31.40.0-255,66,84013,69,282718
3341,0.001666,74.125.68.0-255,1484,85497,69,282718
3342,0.001688,74.125.68.0-255,2902,88399,69,282718
3343,0.001692,172.31.40.0-255,66,88465,69,282718
3344,0.00172,74.125.68.0-255,1484,89949,69,282718
3345,0.001739,74.125.68.0-255,2902,92851,69,282718
3346,0.001742,172.31.40.0-255,66,92917,69,282718
3347,0.001757,74.125.68.0-255,2902,95819,69,282718
3348,0.00176,172.31.40.0-255,66,95885,69,282718
3349,0.001785,74.125.68.0-255,2902,98787,69,282718
3350,0.001788,172.31.40.0-255,66,98853,69,282718
3351,0.001796,74.125.68.0-255,7156,106009,69,282718
3352,0.001798,172.31.40.0-255,66,106075,69,282718
3353,0.001823,74.125.68.0-255,7156,113231,69,282718
3354,0.001826,172.31.40.0-255,66,113297,69,282718
3355,0.001847,74.125.68.0-255,5020,118317,69,282718
3356,0.00185,172.31.40.0-255,66,118383,69,282718
3357,0.001867,74.125.68.0-255,1484,119867,69,282718
3358,0.001883,74.125.68.0-255,2902,122769,69,282718
3359,0.001886,172.31.40.0-255,66,122835,69,282718
3360,0.001889,74.125.68.0-255,1484,124319,69,282718
3361,0.001906,74.125.68.0-255,4320,128639,69,282718
3362,0.00191,172.31.40.0-255,66,128705,69,282718
3363,0.001916,74.125.68.0-255,5738,134443,69,282718
3364,0.001948,172.31.40.0-255,66,134509,69,282718
3365,0.001955,74.125.68.0-255,5738,140247,69,282718
3366,0.00196,172.31.40.0-255,66,140313,69,282718
3367,0.001967,74.125.68.0-255,1484,141797,69,282718
3368,0.00197,74.125.68.0-255,1484,143281,69,282718
3369,0.00199,74.125.68.0-255,5738,149019,69,282718
3370,0.002002,172.31.40.0-255,66,149085,69,282718
3371,0.002021,74.125.68.0-255,1484,150569,69,282718
3372,0.002038,74.125.68.0-255,2184,152753,69,282718
3373,0.00206,172.31.40.0-255,66,152819,69,282718
3374,0.002289,74.125.68.0-255,1484,154303,69,282718
3375,0.002335,74.125.68.0-255,1484,155787,69,282718
3376,0.002338,172.31.40.0-255,66,155853,69,282718
3377,0.002343,74.125.68.0-255,1484,157337,69,282718
3378,0.004372,74.125.68.0-255,1484,158821,69,282718
3379,0.004377,172.31.40.0-255,66,158887,69,282718
3380,0.004662,74.125.68.0-255,2902,161789,69,282718
3381,0.004665,172.31.40.0-255,66,161855,69,282718
3382,0.006707,74.125.68.0-255,2902,164757,69,282718
3383,0.006714,172.31.40.0-255,66,164823,69,282718
3384,0.00699,74.125.68.0-255,2902,167725,69,282718
3385,0.006997,172.31.40.0-255,66,167791,69,282718
3386,0.009073,74.125.68.0-255,2902,170693,69,282718
3387,0.009082,172.31.40.0-255,66,170759,69,282718
3388,0.009313,74.125.68.0-255,2902,173661,69,282718
3389,0.009316,172.31.40.0-255,66,173727,69,282718
3390,0.011405,74.125.68.0-255,2902,176629,69,282718
3391,0.011412,172.31.40.0-255,66,176695,69,282718
3392,0.011633,74.125.68.0-255,2902,179597,69,282718
3393,0.011638,172.31.40.0-255,66,179663,69,282718
3394,0.013732,74.125.68.0-255,2902,182565,69,282718
3395,0.013741,172.31.40.0-255,66,182631,69,282718
3396,0.013984,74.125.68.0-255,2902,185533,69,282718
3397,0.01399,172.31.40.0-255,66,185599,69,282718
3398,0.016078,74.125.68.0-255,2902,188501,69,282718
3399,0.016086,172.31.40.0-255,66,188567,69,282718
3400,0.016321,74.125.68.0-255,2902,191469,69,282718
3401,0.016326,172.31.40.0-255,66,191535,69,282718
3402,0.018424,74.125.68.0-255,2902,194437,69,282718
3403,0.018434,172.31.40.0-255,66,194503,69,282718
3404,0.018702,74.125.68.0-255,2902,197405,69,282718
3405,0.018708,172.31.40.0-255,66,197471,69,282718
3406,0.020762,74.125.68.0-255,2902,200373,69,282718
3407,0.020769,172.31.40.0-255,66,200439,69,282718
3408,0.021045,74.125.68.0-255,2902,203341,69,282718
3409,0.021053,172.31.40.0-255,66,203407,69,282718
3410,0.023109,74.125.68.0-255,2902,206309,69,282718
3411,0.023117,172.31.40.0-255,66,206375,69,282718
3412,0.023379,74.125.68.0-255,2902,209277,69,282718
3413,0.023385,172.31.40.0-255,66,209343,69,282718
3414,0.025442,74.125.68.0-255,2902,212245,69,282718
3415,0.025451,172.31.40.0-255,66,212311,69,282718
3416,0.025714,74.125.68.0-255,2902,215213,69,282718
3417,0.025721,172.31.40.0-255,66,215279,69,282718
3418,0.027768,74.125.68.0-255,1484,216763,69,282718
3419,0.027793,74.125.68.0-255,1484,218247,69,282718
3420,0.027798,172.31.40.0-255,66,218313,69,282718
3421,0.028041,74.125.68.0-255,2902,221215,69,282718
3422,0.028047,172.31.40.0-255,66,221281,69,282718
3423,0.030123,74.125.68.0-255,1484,222765,69,282718
3424,0.030369,74.125.68.0-255,4320,227085,69,282718
3425,0.030378,172.31.40.0-255,66,227151,69,282718
3426,0.032713,74.125.68.0-255,5738,232889,69,282718
3427,0.032721,172.31.40.0-255,66,232955,69,282718
3428,0.034632,172.31.40.0-255,199,233154,69,282718
3429,0.034663,172.31.40.0-255,1114,234268,69,282718
3430,0.034734,172.31.40.0-255,1514,235782,69,282718
3431,0.034736,172.31.40.0-255,1514,237296,69,282718
3432,0.034737,172.31.40.0-255,1514,238810,69,282718
3433,0.034742,172.31.40.0-255,1514,240324,69,282718
3434,0.034744,172.31.40.0-255,1502,241826,69,282718
3435,0.035049,74.125.68.0-255,5738,247564,69,282718
3436,0.035054,172.31.40.0-255,66,247630,69,282718
3437,0.036158,104.244.42.0-255,66,247696,69,282718
3438,0.036223,104.244.42.0-255,66,247762,69,282718
3439,0.03631,104.244.42.0-255,66,247828,69,282718
3440,0.037393,74.125.68.0-255,5738,253566,69,282718
3441,0.0374,172.31.40.0-255,66,253632,69,282718
3442,0.039733,74.125.68.0-255,5738,259370,69,282718
3443,0.03974,172.31.40.0-255,66,259436,69,282718
3444,0.042068,74.125.68.0-255,5738,265174,69,282718
3445,0.042074,172.31.40.0-255,66,265240,69,282718
3446,0.044415,74.125.68.0-255,5738,270978,69,282718
3447,0.044423,172.31.40.0-255,66,271044,69,282718
3448,0.046757,74.125.68.0-255,5738,276782,69,282718
3449,0.046764,172.31.40.0-255,66,276848,69,282718
3450,0.049088,74.125.68.0-255,4320,281168,69,282718
3451,0.049094,172.31.40.0-255,66,281234,69,282718
3452,0.049115,74.125.68.0-255,1484,282718,69,282718
3453,0.0,172.217.194.0-255,152,152,69,296816
3454,1.6e-05,172.31.40.0-255,66,218,69,296816
3455,2.3e-05,172.217.194.0-255,1484,1702,69,296816
3456,2.8e-05,172.31.40.0-255,66,1768,69,296816
3457,4.2e-05,172.217.194.0-255,2902,4670,69,296816
3458,4.7e-05,172.31.40.0-255,66,4736,69,296816
3459,5.5e-05,172.217.194.0-255,7156,11892,69,296816
3460,5.8e-05,172.31.40.0-255,66,11958,69,296816
3461,9.2e-05,172.217.194.0-255,2102,14060,69,296816
3462,9.5e-05,172.31.40.0-255,66,14126,69,296816
3463,0.000132,172.217.194.0-255,1484,15610,69,296816
3464,0.000135,172.31.40.0-255,66,15676,69,296816
3465,0.000139,172.217.194.0-255,1484,17160,69,296816
3466,0.000142,172.31.40.0-255,66,17226,69,296816
3467,0.000175,172.217.194.0-255,1484,18710,69,296816
3468,0.000178,172.31.40.0-255,66,18776,69,296816
3469,0.000185,172.217.194.0-255,5738,24514,69,296816
3470,0.000188,172.31.40.0-255,66,24580,69,296816
3471,0.000199,172.217.194.0-255,6797,31377,69,296816
3472,0.000202,172.31.40.0-255,66,31443,69,296816
3473,0.000253,172.217.194.0-255,1484,32927,69,296816
3474,0.000257,172.31.40.0-255,66,32993,69,296816
3475,0.000262,172.217.194.0-255,2902,35895,69,296816
3476,0.000264,172.31.40.0-255,66,35961,69,296816
3477,0.000269,172.217.194.0-255,2902,38863,69,296816
3478,0.000276,172.31.40.0-255,66,38929,69,296816
3479,0.00031,172.217.194.0-255,2902,41831,69,296816
3480,0.000313,172.31.40.0-255,66,41897,69,296816
3481,0.000319,172.217.194.0-255,4320,46217,69,296816
3482,0.000321,172.31.40.0-255,66,46283,69,296816
3483,0.000329,172.217.194.0-255,7156,53439,69,296816
3484,0.000332,172.31.40.0-255,66,53505,69,296816
3485,0.000368,172.217.194.0-255,5379,58884,69,296816
3486,0.000372,172.31.40.0-255,66,58950,69,296816
3487,0.000379,172.217.194.0-255,7049,65999,69,296816
3488,0.000381,172.31.40.0-255,66,66065,69,296816
3489,0.000385,172.217.194.0-255,118,66183,69,296816
3490,0.000388,172.217.194.0-255,381,66564,69,296816
3491,0.000751,172.217.194.0-255,1484,68048,69,296816
3492,0.000757,172.31.40.0-255,66,68114,69,296816
3493,0.000763,172.217.194.0-255,2902,71016,69,296816
3494,0.000766,172.31.40.0-255,66,71082,69,296816
3495,0.000769,172.217.194.0-255,1484,72566,69,296816
3496,0.000803,172.217.194.0-255,4320,76886,69,296816
3497,0.000806,172.31.40.0-255,66,76952,69,296816
3498,0.00082,172.31.40.0-255,66,77018,69,296816
3499,0.000822,172.217.194.0-255,1484,78502,69,296816
3500,0.000868,172.31.40.0-255,66,78568,69,296816
3501,0.001124,172.217.194.0-255,1484,80052,69,296816
3502,0.001146,172.217.194.0-255,2902,82954,69,296816
3503,0.001149,172.31.40.0-255,66,83020,69,296816
3504,0.001156,172.217.194.0-255,5738,88758,69,296816
3505,0.001158,172.31.40.0-255,66,88824,69,296816
3506,0.001197,172.31.40.0-255,66,88890,69,296816
3507,0.001209,172.31.40.0-255,66,88956,69,296816
3508,0.001219,172.217.194.0-255,5020,93976,69,296816
3509,0.001223,172.31.40.0-255,66,94042,69,296816
3510,0.001266,172.217.194.0-255,1484,95526,69,296816
3511,0.00128,172.217.194.0-255,2902,98428,69,296816
3512,0.001283,172.31.40.0-255,66,98494,69,296816
3513,0.001287,172.217.194.0-255,1484,99978,69,296816
3514,0.00131,172.217.194.0-255,4320,104298,69,296816
3515,0.001313,172.31.40.0-255,66,104364,69,296816
3516,0.001316,172.217.194.0-255,1484,105848,69,296816
3517,0.001333,172.217.194.0-255,7156,113004,69,296816
3518,0.001336,172.31.40.0-255,66,113070,69,296816
3519,0.001367,172.217.194.0-255,1484,114554,69,296816
3520,0.001429,172.31.40.0-255,66,114620,69,296816
3521,0.001459,172.217.194.0-255,2184,116804,69,296816
3522,0.001462,172.31.40.0-255,66,116870,69,296816
3523,0.001643,172.217.194.0-255,1484,118354,69,296816
3524,0.00165,172.217.194.0-255,2902,121256,69,296816
3525,0.001653,172.31.40.0-255,66,121322,69,296816
3526,0.001659,172.217.194.0-255,5738,127060,69,296816
3527,0.001661,172.31.40.0-255,66,127126,69,296816
3528,0.001693,172.217.194.0-255,7156,134282,69,296816
3529,0.001696,172.31.40.0-255,66,134348,69,296816
3530,0.001701,172.217.194.0-255,2902,137250,69,296816
3531,0.001703,172.31.40.0-255,66,137316,69,296816
3532,0.001744,172.31.40.0-255,66,137382,69,296816
3533,0.001748,172.217.194.0-255,2184,139566,69,296816
3534,0.00175,172.31.40.0-255,66,139632,69,296816
3535,0.001755,172.217.194.0-255,2902,142534,69,296816
3536,0.001762,172.31.40.0-255,66,142600,69,296816
3537,0.001769,172.217.194.0-255,7156,149756,69,296816
3538,0.001771,172.31.40.0-255,66,149822,69,296816
3539,0.001779,172.217.194.0-255,7156,156978,69,296816
3540,0.001782,172.31.40.0-255,66,157044,69,296816
3541,0.001831,172.31.40.0-255,66,157110,69,296816
3542,0.001834,172.217.194.0-255,766,157876,69,296816
3543,0.002338,172.217.194.0-255,1484,159360,69,296816
3544,0.002343,172.31.40.0-255,66,159426,69,296816
3545,0.002348,172.217.194.0-255,2902,162328,69,296816
3546,0.002351,172.31.40.0-255,66,162394,69,296816
3547,0.002361,172.217.194.0-255,5738,168132,69,296816
3548,0.002364,172.31.40.0-255,66,168198,69,296816
3549,0.002417,172.31.40.0-255,66,168264,69,296816
3550,0.00243,172.31.40.0-255,66,168330,69,296816
3551,0.002489,172.217.194.0-255,1484,169814,69,296816
3552,0.002493,172.217.194.0-255,1484,171298,69,296816
3553,0.002496,172.31.40.0-255,66,171364,69,296816
3554,0.00251,172.217.194.0-255,1484,172848,69,296816
3555,0.002521,172.217.194.0-255,5738,178586,69,296816
3556,0.002523,172.31.40.0-255,66,178652,69,296816
3557,0.002529,172.217.194.0-255,4320,182972,69,296816
3558,0.002531,172.31.40.0-255,66,183038,69,296816
3559,0.002579,172.31.40.0-255,66,183104,69,296816
3560,0.002591,172.31.40.0-255,66,183170,69,296816
3561,0.005145,172.217.194.0-255,5738,188908,69,296816
3562,0.005154,172.31.40.0-255,66,188974,69,296816
3563,0.007718,172.217.194.0-255,5738,194712,69,296816
3564,0.007723,172.31.40.0-255,66,194778,69,296816
3565,0.010301,172.217.194.0-255,5738,200516,69,296816
3566,0.010308,172.31.40.0-255,66,200582,69,296816
3567,0.012888,172.217.194.0-255,5738,206320,69,296816
3568,0.012897,172.31.40.0-255,66,206386,69,296816
3569,0.01547,172.217.194.0-255,5738,212124,69,296816
3570,0.015477,172.31.40.0-255,66,212190,69,296816
3571,0.018028,172.217.194.0-255,5738,217928,69,296816
3572,0.018036,172.31.40.0-255,66,217994,69,296816
3573,0.020617,172.217.194.0-255,5738,223732,69,296816
3574,0.020628,172.31.40.0-255,66,223798,69,296816
3575,0.023247,172.217.194.0-255,5738,229536,69,296816
3576,0.023255,172.31.40.0-255,66,229602,69,296816
3577,0.025834,172.217.194.0-255,5738,235340,69,296816
3578,0.025841,172.31.40.0-255,66,235406,69,296816
3579,0.028408,172.217.194.0-255,5738,241144,69,296816
3580,0.028414,172.31.40.0-255,66,241210,69,296816
3581,0.030993,172.217.194.0-255,5738,246948,69,296816
3582,0.031001,172.31.40.0-255,66,247014,69,296816
3583,0.033594,172.217.194.0-255,5738,252752,69,296816
3584,0.033601,172.31.40.0-255,66,252818,69,296816
3585,0.036155,172.217.194.0-255,5738,258556,69,296816
3586,0.036163,172.31.40.0-255,66,258622,69,296816
3587,0.038744,172.217.194.0-255,5738,264360,69,296816
3588,0.038757,172.31.40.0-255,66,264426,69,296816
3589,0.041335,172.217.194.0-255,5738,270164,69,296816
3590,0.041343,172.31.40.0-255,66,270230,69,296816
3591,0.043806,172.31.40.0-255,172,270402,69,296816
3592,0.043838,172.31.40.0-255,1114,271516,69,296816
3593,0.043905,172.217.194.0-255,5738,277254,69,296816
3594,0.043912,172.31.40.0-255,66,277320,69,296816
3595,0.043938,172.31.40.0-255,1514,278834,69,296816
3596,0.043958,172.31.40.0-255,1514,280348,69,296816
3597,0.043961,172.31.40.0-255,1514,281862,69,296816
3598,0.043977,172.31.40.0-255,1514,283376,69,296816
3599,0.043997,172.31.40.0-255,1502,284878,69,296816
3600,0.045371,104.244.42.0-255,66,284944,69,296816
3601,0.045393,104.244.42.0-255,66,285010,69,296816
3602,0.045466,104.244.42.0-255,66,285076,69,296816
3603,0.045598,104.244.42.0-255,66,285142,69,296816
3604,0.045678,104.244.42.0-255,66,285208,69,296816
3605,0.046494,172.217.194.0-255,5738,290946,69,296816
3606,0.046501,172.31.40.0-255,66,291012,69,296816
3607,0.049088,172.217.194.0-255,5738,296750,69,296816
3608,0.049095,172.31.40.0-255,66,296816,69,296816
3609,0.0,172.217.194.0-255,167,167,69,161446
3610,2.8e-05,172.31.40.0-255,66,233,69,161446
3611,3.6e-05,172.217.194.0-255,1484,1717,69,161446
3612,4.1e-05,172.31.40.0-255,66,1783,69,161446
3613,5.5e-05,172.217.194.0-255,2902,4685,69,161446
3614,5.9e-05,172.31.40.0-255,66,4751,69,161446
3615,6.7e-05,172.217.194.0-255,7156,11907,69,161446
3616,7e-05,172.31.40.0-255,66,11973,69,161446
3617,0.000116,172.217.194.0-255,2056,14029,69,161446
3618,0.00012,172.31.40.0-255,66,14095,69,161446
3619,0.000126,172.217.194.0-255,2902,16997,69,161446
3620,0.000129,172.31.40.0-255,66,17063,69,161446
3621,0.000158,172.217.194.0-255,7156,24219,69,161446
3622,0.000161,172.31.40.0-255,66,24285,69,161446
3623,0.000236,172.217.194.0-255,4320,28605,69,161446
3624,0.000239,172.31.40.0-255,66,28671,69,161446
3625,0.000266,172.217.194.0-255,2543,31214,69,161446
3626,0.000269,172.31.40.0-255,66,31280,69,161446
3627,0.000302,172.217.194.0-255,2902,34182,69,161446
3628,0.000304,172.31.40.0-255,66,34248,69,161446
3629,0.000332,172.217.194.0-255,4320,38568,69,161446
3630,0.000335,172.31.40.0-255,66,38634,69,161446
3631,0.000391,172.217.194.0-255,5738,44372,69,161446
3632,0.000394,172.31.40.0-255,66,44438,69,161446
3633,0.000428,172.31.40.0-255,66,44504,69,161446
3634,0.000584,172.31.40.0-255,66,44570,69,161446
3635,0.000603,172.217.194.0-255,2832,47402,69,161446
3636,0.000606,172.31.40.0-255,66,47468,69,161446
3637,0.000652,172.217.194.0-255,398,47866,69,161446
3638,0.000655,172.31.40.0-255,66,47932,69,161446
3639,0.000686,172.217.194.0-255,1484,49416,69,161446
3640,0.000703,172.217.194.0-255,4320,53736,69,161446
3641,0.000723,172.217.194.0-255,4320,58056,69,161446
3642,0.00074,172.217.194.0-255,4320,62376,69,161446
3643,0.000758,172.31.40.0-255,66,62442,69,161446
3644,0.000853,172.217.194.0-255,4320,66762,69,161446
3645,0.000869,172.217.194.0-255,5738,72500,69,161446
3646,0.000884,172.31.40.0-255,66,72566,69,161446
3647,0.000893,172.217.194.0-255,7156,79722,69,161446
3648,0.000907,172.31.40.0-255,66,79788,69,161446
3649,0.000911,172.217.194.0-255,2184,81972,69,161446
3650,0.000934,172.31.40.0-255,66,82038,69,161446
3651,0.001056,172.217.194.0-255,2902,84940,69,161446
3652,0.001077,172.31.40.0-255,66,85006,69,161446
3653,0.001145,172.31.40.0-255,66,85072,69,161446
3654,0.001367,172.217.194.0-255,7156,92228,69,161446
3655,0.001382,172.31.40.0-255,66,92294,69,161446
3656,0.00145,172.31.40.0-255,66,92360,69,161446
3657,0.001808,172.217.194.0-255,2902,95262,69,161446
3658,0.001814,172.31.40.0-255,66,95328,69,161446
3659,0.001836,172.217.194.0-255,7156,102484,69,161446
3660,0.001875,172.31.40.0-255,66,102550,69,161446
3661,0.001901,172.31.40.0-255,66,102616,69,161446
3662,0.002183,172.217.194.0-255,5738,108354,69,161446
3663,0.002187,172.31.40.0-255,66,108420,69,161446
3664,0.002261,172.31.40.0-255,66,108486,69,161446
3665,0.002917,172.217.194.0-255,7156,115642,69,161446
3666,0.003643,172.217.194.0-255,4320,119962,69,161446
3667,0.00367,172.217.194.0-255,7156,127118,69,161446
3668,0.003712,172.217.194.0-255,7156,134274,69,161446
3669,0.008551,172.31.40.0-255,66,134340,69,161446
3670,0.011052,172.217.194.0-255,5738,140078,69,161446
3671,0.011065,172.31.40.0-255,66,140144,69,161446
3672,0.0136,172.217.194.0-255,5738,145882,69,161446
3673,0.013613,172.31.40.0-255,66,145948,69,161446
3674,0.0161,172.217.194.0-255,5738,151686,69,161446
3675,0.016108,172.31.40.0-255,66,151752,69,161446
3676,0.018543,172.217.194.0-255,613,152365,69,161446
3677,0.020986,172.31.40.0-255,66,152431,69,161446
3678,0.021041,172.31.40.0-255,105,152536,69,161446
3679,0.023465,172.217.194.0-255,66,152602,69,161446
3680,0.049649,172.31.40.0-255,172,152774,69,161446
3681,0.049685,172.31.40.0-255,1116,153890,69,161446
3682,0.049756,172.31.40.0-255,1514,155404,69,161446
3683,0.049758,172.31.40.0-255,1514,156918,69,161446
3684,0.049759,172.31.40.0-255,1514,158432,69,161446
3685,0.04976,172.31.40.0-255,1514,159946,69,161446
3686,0.04979,172.31.40.0-255,1500,161446,69,161446
3687,0.0,74.125.24.0-255,150,150,69,233488
3688,1.5e-05,172.31.40.0-255,66,216,69,233488
3689,3.6e-05,74.125.24.0-255,1484,1700,69,233488
3690,4.1e-05,172.31.40.0-255,66,1766,69,233488
3691,4.6e-05,74.125.24.0-255,2902,4668,69,233488
3692,4.9e-05,172.31.40.0-255,66,4734,69,233488
3693,5.4e-05,74.125.24.0-255,2902,7636,69,233488
3694,5.8e-05,172.31.40.0-255,66,7702,69,233488
3695,7.9e-05,74.125.24.0-255,4320,12022,69,233488
3696,8.2e-05,172.31.40.0-255,66,12088,69,233488
3697,9.7e-05,74.125.24.0-255,2062,14150,69,233488
3698,0.0001,172.31.40.0-255,66,14216,69,233488
3699,0.000158,74.125.24.0-255,1484,15700,69,233488
3700,0.00016,172.31.40.0-255,66,15766,69,233488
3701,0.000163,74.125.24.0-255,1484,17250,69,233488
3702,0.000165,172.31.40.0-255,66,17316,69,233488
3703,0.00018,74.125.24.0-255,1484,18800,69,233488
3704,0.000182,172.31.40.0-255,66,18866,69,233488
3705,0.000188,74.125.24.0-255,5738,24604,69,233488
3706,0.00019,172.31.40.0-255,66,24670,69,233488
3707,0.000195,74.125.24.0-255,5738,30408,69,233488
3708,0.000198,172.31.40.0-255,66,30474,69,233488
3709,0.000234,74.125.24.0-255,1484,31958,69,233488
3710,0.000237,172.31.40.0-255,66,32024,69,233488
3711,0.000269,172.31.40.0-255,66,32090,69,233488
3712,0.000274,74.125.24.0-255,3961,36051,69,233488
3713,0.000275,172.31.40.0-255,66,36117,69,233488
3714,0.0003,74.125.24.0-255,4320,40437,69,233488
3715,0.000302,172.31.40.0-255,66,40503,69,233488
3716,0.000305,74.125.24.0-255,1484,41987,69,233488
3717,0.000306,172.31.40.0-255,66,42053,69,233488
3718,0.000324,74.125.24.0-255,4320,46373,69,233488
3719,0.000326,172.31.40.0-255,66,46439,69,233488
3720,0.000362,74.125.24.0-255,6797,53236,69,233488
3721,0.000365,172.31.40.0-255,66,53302,69,233488
3722,0.000573,74.125.24.0-255,414,53716,69,233488
3723,0.000629,74.125.24.0-255,328,54044,69,233488
3724,0.00093,172.31.40.0-255,66,54110,69,233488
3725,0.001161,74.125.24.0-255,1484,55594,69,233488
3726,0.00117,74.125.24.0-255,2902,58496,69,233488
3727,0.001174,172.31.40.0-255,66,58562,69,233488
3728,0.001182,74.125.24.0-255,5738,64300,69,233488
3729,0.001185,172.31.40.0-255,66,64366,69,233488
3730,0.001228,172.31.40.0-255,66,64432,69,233488
3731,0.001235,74.125.24.0-255,5738,70170,69,233488
3732,0.001237,172.31.40.0-255,66,70236,69,233488
3733,0.001255,74.125.24.0-255,5020,75256,69,233488
3734,0.001258,172.31.40.0-255,66,75322,69,233488
3735,0.001897,74.125.24.0-255,1484,76806,69,233488
3736,0.001906,74.125.24.0-255,2902,79708,69,233488
3737,0.00191,172.31.40.0-255,66,79774,69,233488
3738,0.001919,74.125.24.0-255,5738,85512,69,233488
3739,0.001921,172.31.40.0-255,66,85578,69,233488
3740,0.001955,172.31.40.0-255,66,85644,69,233488
3741,0.001984,172.31.40.0-255,66,85710,69,233488
3742,0.002018,74.125.24.0-255,1484,87194,69,233488
3743,0.002022,74.125.24.0-255,1484,88678,69,233488
3744,0.002024,172.31.40.0-255,66,88744,69,233488
3745,0.002047,74.125.24.0-255,1484,90228,69,233488
3746,0.002053,74.125.24.0-255,5738,95966,69,233488
3747,0.002056,172.31.40.0-255,66,96032,69,233488
3748,0.002114,172.31.40.0-255,66,96098,69,233488
3749,0.002117,74.125.24.0-255,1484,97582,69,233488
3750,0.002133,74.125.24.0-255,1484,99066,69,233488
3751,0.002136,172.31.40.0-255,66,99132,69,233488
3752,0.002165,172.31.40.0-255,66,99198,69,233488
3753,0.002206,172.31.40.0-255,66,99264,69,233488
3754,0.00221,74.125.24.0-255,2902,102166,69,233488
3755,0.002212,172.31.40.0-255,66,102232,69,233488
3756,0.002232,172.31.40.0-255,66,102298,69,233488
3757,0.002235,74.125.24.0-255,1484,103782,69,233488
3758,0.004431,74.125.24.0-255,4320,108102,69,233488
3759,0.004436,172.31.40.0-255,66,108168,69,233488
3760,0.006615,74.125.24.0-255,1484,109652,69,233488
3761,0.006638,74.125.24.0-255,4320,113972,69,233488
3762,0.006642,172.31.40.0-255,66,114038,69,233488
3763,0.008839,74.125.24.0-255,5738,119776,69,233488
3764,0.008846,172.31.40.0-255,66,119842,69,233488
3765,0.011053,74.125.24.0-255,5738,125580,69,233488
3766,0.01106,172.31.40.0-255,66,125646,69,233488
3767,0.013247,74.125.24.0-255,5738,131384,69,233488
3768,0.013254,172.31.40.0-255,66,131450,69,233488
3769,0.015534,74.125.24.0-255,5738,137188,69,233488
3770,0.015541,172.31.40.0-255,66,137254,69,233488
3771,0.017756,74.125.24.0-255,5738,142992,69,233488
3772,0.017772,172.31.40.0-255,66,143058,69,233488
3773,0.019981,74.125.24.0-255,5738,148796,69,233488
3774,0.019988,172.31.40.0-255,66,148862,69,233488
3775,0.022188,74.125.24.0-255,5738,154600,69,233488
3776,0.022196,172.31.40.0-255,66,154666,69,233488
3777,0.024405,74.125.24.0-255,5738,160404,69,233488
3778,0.024412,172.31.40.0-255,66,160470,69,233488
3779,0.026611,74.125.24.0-255,5738,166208,69,233488
3780,0.026618,172.31.40.0-255,66,166274,69,233488
3781,0.028819,74.125.24.0-255,5738,172012,69,233488
3782,0.028827,172.31.40.0-255,66,172078,69,233488
3783,0.031003,74.125.24.0-255,5738,177816,69,233488
3784,0.03101,172.31.40.0-255,66,177882,69,233488
3785,0.033224,74.125.24.0-255,5738,183620,69,233488
3786,0.033231,172.31.40.0-255,66,183686,69,233488
3787,0.035451,74.125.24.0-255,5738,189424,69,233488
3788,0.035458,172.31.40.0-255,66,189490,69,233488
3789,0.036828,172.31.40.0-255,172,189662,69,233488
3790,0.036863,172.31.40.0-255,1114,190776,69,233488
3791,0.036925,172.31.40.0-255,1514,192290,69,233488
3792,0.036926,172.31.40.0-255,1514,193804,69,233488
3793,0.036928,172.31.40.0-255,1514,195318,69,233488
3794,0.036929,172.31.40.0-255,1514,196832,69,233488
3795,0.036957,172.31.40.0-255,1502,198334,69,233488
3796,0.037669,74.125.24.0-255,5738,204072,69,233488
3797,0.037676,172.31.40.0-255,66,204138,69,233488
3798,0.038482,104.244.42.0-255,66,204204,69,233488
3799,0.0385,104.244.42.0-255,66,204270,69,233488
3800,0.038588,104.244.42.0-255,66,204336,69,233488
3801,0.038733,104.244.42.0-255,66,204402,69,233488
3802,0.039879,74.125.24.0-255,5738,210140,69,233488
3803,0.039886,172.31.40.0-255,66,210206,69,233488
3804,0.042081,74.125.24.0-255,5738,215944,69,233488
3805,0.042087,172.31.40.0-255,66,216010,69,233488
3806,0.044267,74.125.24.0-255,5738,221748,69,233488
3807,0.044273,172.31.40.0-255,66,221814,69,233488
3808,0.046495,74.125.24.0-255,5738,227552,69,233488
3809,0.046504,172.31.40.0-255,66,227618,69,233488
3810,0.048712,74.125.24.0-255,4320,231938,69,233488
3811,0.048719,172.31.40.0-255,66,232004,69,233488
3812,0.048738,74.125.24.0-255,1484,233488,69,233488
3813,0.0,172.217.194.0-255,146,146,69,135029
3814,2.1e-05,172.31.40.0-255,66,212,69,135029
3815,2.9e-05,172.217.194.0-255,1484,1696,69,135029
3816,3.4e-05,172.31.40.0-255,66,1762,69,135029
3817,4e-05,172.217.194.0-255,2902,4664,69,135029
3818,5.1e-05,172.31.40.0-255,66,4730,69,135029
3819,5.7e-05,172.217.194.0-255,5738,10468,69,135029
3820,6.2e-05,172.31.40.0-255,66,10534,69,135029
3821,7.6e-05,172.31.40.0-255,66,10600,69,135029
3822,8.8e-05,172.31.40.0-255,66,10666,69,135029
3823,0.000127,172.217.194.0-255,1484,12150,69,135029
3824,0.00013,172.31.40.0-255,66,12216,69,135029
3825,0.000135,172.217.194.0-255,2902,15118,69,135029
3826,0.000137,172.31.40.0-255,66,15184,69,135029
3827,0.000144,172.217.194.0-255,5738,20922,69,135029
3828,0.000147,172.31.40.0-255,66,20988,69,135029
3829,0.000177,172.217.194.0-255,7156,28144,69,135029
3830,0.00018,172.31.40.0-255,66,28210,69,135029
3831,0.000212,172.217.194.0-255,6797,35007,69,135029
3832,0.000214,172.31.40.0-255,66,35073,69,135029
3833,0.000226,172.31.40.0-255,66,35139,69,135029
3834,0.000233,172.217.194.0-255,398,35537,69,135029
3835,0.000236,172.31.40.0-255,66,35603,69,135029
3836,0.000328,172.217.194.0-255,1484,37087,69,135029
3837,0.000332,172.31.40.0-255,66,37153,69,135029
3838,0.000337,172.217.194.0-255,2902,40055,69,135029
3839,0.000339,172.31.40.0-255,66,40121,69,135029
3840,0.000345,172.217.194.0-255,4320,44441,69,135029
3841,0.000352,172.31.40.0-255,66,44507,69,135029
3842,0.000391,172.217.194.0-255,1484,45991,69,135029
3843,0.000407,172.31.40.0-255,66,46057,69,135029
3844,0.000419,172.31.40.0-255,66,46123,69,135029
3845,0.00058,172.217.194.0-255,1484,47607,69,135029
3846,0.000601,172.217.194.0-255,2902,50509,69,135029
3847,0.000606,172.31.40.0-255,66,50575,69,135029
3848,0.000613,172.217.194.0-255,5738,56313,69,135029
3849,0.000615,172.31.40.0-255,66,56379,69,135029
3850,0.000628,172.217.194.0-255,7156,63535,69,135029
3851,0.00063,172.31.40.0-255,66,63601,69,135029
3852,0.000671,172.217.194.0-255,5738,69339,69,135029
3853,0.000675,172.31.40.0-255,66,69405,69,135029
3854,0.000688,172.31.40.0-255,66,69471,69,135029
3855,0.000701,172.31.40.0-255,66,69537,69,135029
3856,0.000713,172.31.40.0-255,66,69603,69,135029
3857,0.000782,172.31.40.0-255,66,69669,69,135029
3858,0.001091,172.217.194.0-255,1484,71153,69,135029
3859,0.001098,172.217.194.0-255,2902,74055,69,135029
3860,0.001101,172.31.40.0-255,66,74121,69,135029
3861,0.001106,172.217.194.0-255,2902,77023,69,135029
3862,0.001108,172.31.40.0-255,66,77089,69,135029
3863,0.001152,172.217.194.0-255,2902,79991,69,135029
3864,0.001154,172.31.40.0-255,66,80057,69,135029
3865,0.001169,172.31.40.0-255,66,80123,69,135029
3866,0.001181,172.31.40.0-255,66,80189,69,135029
3867,0.001308,172.217.194.0-255,1484,81673,69,135029
3868,0.001328,172.217.194.0-255,2902,84575,69,135029
3869,0.001332,172.31.40.0-255,66,84641,69,135029
3870,0.001338,172.217.194.0-255,2902,87543,69,135029
3871,0.00134,172.31.40.0-255,66,87609,69,135029
3872,0.00136,172.217.194.0-255,2902,90511,69,135029
3873,0.001362,172.31.40.0-255,66,90577,69,135029
3874,0.001368,172.217.194.0-255,4320,94897,69,135029
3875,0.00137,172.31.40.0-255,66,94963,69,135029
3876,0.001403,172.217.194.0-255,4320,99283,69,135029
3877,0.001406,172.31.40.0-255,66,99349,69,135029
3878,0.001422,172.31.40.0-255,66,99415,69,135029
3879,0.001435,172.31.40.0-255,66,99481,69,135029
3880,0.00146,172.217.194.0-255,2902,102383,69,135029
3881,0.001463,172.31.40.0-255,66,102449,69,135029
3882,0.001468,172.217.194.0-255,2902,105351,69,135029
3883,0.00147,172.31.40.0-255,66,105417,69,135029
3884,0.001526,172.31.40.0-255,66,105483,69,135029
3885,0.001533,172.217.194.0-255,7156,112639,69,135029
3886,0.001535,172.31.40.0-255,66,112705,69,135029
3887,0.001581,172.31.40.0-255,66,112771,69,135029
3888,0.001587,172.217.194.0-255,4320,117091,69,135029
3889,0.001589,172.31.40.0-255,66,117157,69,135029
3890,0.001679,172.217.194.0-255,1484,118641,69,135029
3891,0.001737,172.31.40.0-255,66,118707,69,135029
3892,0.00174,172.31.40.0-255,66,118773,69,135029
3893,0.001743,172.31.40.0-255,66,118839,69,135029
3894,0.001788,172.31.40.0-255,66,118905,69,135029
3895,0.001795,172.217.194.0-255,6673,125578,69,135029
3896,0.001799,172.31.40.0-255,66,125644,69,135029
3897,0.001801,172.217.194.0-255,105,125749,69,135029
3898,0.009423,172.31.40.0-255,66,125815,69,135029
3899,0.009461,172.31.40.0-255,105,125920,69,135029
3900,0.011892,172.217.194.0-255,66,125986,69,135029
3901,0.036567,172.31.40.0-255,172,126158,69,135029
3902,0.036601,172.31.40.0-255,1112,127270,69,135029
3903,0.036668,172.31.40.0-255,1514,128784,69,135029
3904,0.03667,172.31.40.0-255,1514,130298,69,135029
3905,0.036671,172.31.40.0-255,1514,131812,69,135029
3906,0.036676,172.31.40.0-255,1514,133326,69,135029
3907,0.036678,172.31.40.0-255,1505,134831,69,135029
3908,0.038249,104.244.42.0-255,66,134897,69,135029
3909,0.038275,104.244.42.0-255,66,134963,69,135029
3910,0.038342,104.244.42.0-255,66,135029,69,135029
3911,0.0,172.217.194.0-255,146,146,69,250596
3912,1.4e-05,172.31.40.0-255,66,212,69,250596
3913,2.1e-05,172.217.194.0-255,1484,1696,69,250596
3914,2.5e-05,172.31.40.0-255,66,1762,69,250596
3915,3.9e-05,172.217.194.0-255,2902,4664,69,250596
3916,4.3e-05,172.31.40.0-255,66,4730,69,250596
3917,4.6e-05,172.217.194.0-255,1484,6214,69,250596
3918,4.8e-05,172.31.40.0-255,66,6280,69,250596
3919,5.5e-05,172.217.194.0-255,5738,12018,69,250596
3920,5.8e-05,172.31.40.0-255,66,12084,69,250596
3921,7.7e-05,172.217.194.0-255,5738,17822,69,250596
3922,8e-05,172.31.40.0-255,66,17888,69,250596
3923,0.000117,172.31.40.0-255,66,17954,69,250596
3924,0.000124,172.217.194.0-255,5379,23333,69,250596
3925,0.000126,172.31.40.0-255,66,23399,69,250596
3926,0.000167,172.217.194.0-255,1484,24883,69,250596
3927,0.00017,172.31.40.0-255,66,24949,69,250596
3928,0.000174,172.217.194.0-255,2902,27851,69,250596
3929,0.000177,172.31.40.0-255,66,27917,69,250596
3930,0.000212,172.217.194.0-255,5738,33655,69,250596
3931,0.000215,172.31.40.0-255,66,33721,69,250596
3932,0.000226,172.31.40.0-255,66,33787,69,250596
3933,0.000254,172.217.194.0-255,3961,37748,69,250596
3934,0.000257,172.31.40.0-255,66,37814,69,250596
3935,0.000274,172.31.40.0-255,66,37880,69,250596
3936,0.000276,172.217.194.0-255,377,38257,69,250596
3937,0.000278,172.31.40.0-255,66,38323,69,250596
3938,0.000315,172.217.194.0-255,98,38421,69,250596
3939,0.000318,172.31.40.0-255,66,38487,69,250596
3940,0.000396,172.217.194.0-255,1484,39971,69,250596
3941,0.000403,172.217.194.0-255,2902,42873,69,250596
3942,0.000405,172.31.40.0-255,66,42939,69,250596
3943,0.000413,172.217.194.0-255,5738,48677,69,250596
3944,0.000416,172.31.40.0-255,66,48743,69,250596
3945,0.000442,172.217.194.0-255,2902,51645,69,250596
3946,0.000446,172.31.40.0-255,66,51711,69,250596
3947,0.000478,172.217.194.0-255,4261,55972,69,250596
3948,0.000481,172.31.40.0-255,66,56038,69,250596
3949,0.000594,172.217.194.0-255,1484,57522,69,250596
3950,0.0006,172.217.194.0-255,2902,60424,69,250596
3951,0.000603,172.31.40.0-255,66,60490,69,250596
3952,0.000609,172.217.194.0-255,5738,66228,69,250596
3953,0.000612,172.31.40.0-255,66,66294,69,250596
3954,0.000651,172.31.40.0-255,66,66360,69,250596
3955,0.000661,172.31.40.0-255,66,66426,69,250596
3956,0.000693,172.217.194.0-255,1634,68060,69,250596
3957,0.000696,172.31.40.0-255,66,68126,69,250596
3958,0.000778,172.217.194.0-255,1484,69610,69,250596
3959,0.000785,172.217.194.0-255,2902,72512,69,250596
3960,0.000789,172.31.40.0-255,66,72578,69,250596
3961,0.000796,172.217.194.0-255,5738,78316,69,250596
3962,0.000799,172.31.40.0-255,66,78382,69,250596
3963,0.000807,172.217.194.0-255,1484,79866,69,250596
3964,0.000811,172.217.194.0-255,2902,82768,69,250596
3965,0.000814,172.31.40.0-255,66,82834,69,250596
3966,0.000854,172.31.40.0-255,66,82900,69,250596
3967,0.000865,172.31.40.0-255,66,82966,69,250596
3968,0.000882,172.31.40.0-255,66,83032,69,250596
3969,0.000911,172.217.194.0-255,6797,89829,69,250596
3970,0.000918,172.31.40.0-255,66,89895,69,250596
3971,0.000957,172.217.194.0-255,1484,91379,69,250596
3972,0.000961,172.217.194.0-255,2902,94281,69,250596
3973,0.000964,172.31.40.0-255,66,94347,69,250596
3974,0.00097,172.217.194.0-255,5738,100085,69,250596
3975,0.000972,172.31.40.0-255,66,100151,69,250596
3976,0.001053,172.31.40.0-255,66,100217,69,250596
3977,0.00107,172.31.40.0-255,66,100283,69,250596
3978,0.001206,172.217.194.0-255,1484,101767,69,250596
3979,0.001212,172.217.194.0-255,2902,104669,69,250596
3980,0.001215,172.31.40.0-255,66,104735,69,250596
3981,0.001219,172.217.194.0-255,1484,106219,69,250596
3982,0.001245,172.217.194.0-255,4320,110539,69,250596
3983,0.001247,172.31.40.0-255,66,110605,69,250596
3984,0.001264,172.217.194.0-255,4320,114925,69,250596
3985,0.001277,172.31.40.0-255,66,114991,69,250596
3986,0.001296,172.217.194.0-255,6438,121429,69,250596
3987,0.001306,172.31.40.0-255,66,121495,69,250596
3988,0.001618,172.217.194.0-255,1484,122979,69,250596
3989,0.001623,172.217.194.0-255,2902,125881,69,250596
3990,0.001627,172.31.40.0-255,66,125947,69,250596
3991,0.001632,172.217.194.0-255,2902,128849,69,250596
3992,0.001652,172.31.40.0-255,66,128915,69,250596
3993,0.001657,172.217.194.0-255,2902,131817,69,250596
3994,0.001661,172.217.194.0-255,4320,136137,69,250596
3995,0.001683,172.31.40.0-255,66,136203,69,250596
3996,0.001749,172.31.40.0-255,66,136269,69,250596
3997,0.001782,172.217.194.0-255,1484,137753,69,250596
3998,0.001789,172.217.194.0-255,5738,143491,69,250596
3999,0.001795,172.217.194.0-255,6438,149929,69,250596
4000,0.001798,172.31.40.0-255,66,149995,69,250596
4001,0.00184,172.31.40.0-255,66,150061,69,250596
4002,0.001907,172.217.194.0-255,1484,151545,69,250596
4003,0.001912,172.217.194.0-255,2902,154447,69,250596
4004,0.001927,172.217.194.0-255,5738,160185,69,250596
4005,0.001941,172.31.40.0-255,66,160251,69,250596
4006,0.001945,172.217.194.0-255,1484,161735,69,250596
4007,0.001983,172.31.40.0-255,66,161801,69,250596
4008,0.002027,172.31.40.0-255,66,161867,69,250596
4009,0.004035,172.217.194.0-255,5738,167605,69,250596
4010,0.00404,172.31.40.0-255,66,167671,69,250596
4011,0.006083,172.217.194.0-255,5738,173409,69,250596
4012,0.006089,172.31.40.0-255,66,173475,69,250596
4013,0.008148,172.217.194.0-255,5738,179213,69,250596
4014,0.008155,172.31.40.0-255,66,179279,69,250596
4015,0.010216,172.217.194.0-255,5738,185017,69,250596
4016,0.010221,172.31.40.0-255,66,185083,69,250596
4017,0.012243,172.217.194.0-255,5738,190821,69,250596
4018,0.01225,172.31.40.0-255,66,190887,69,250596
4019,0.014264,172.217.194.0-255,5738,196625,69,250596
4020,0.014271,172.31.40.0-255,66,196691,69,250596
4021,0.016276,172.217.194.0-255,5738,202429,69,250596
4022,0.016283,172.31.40.0-255,66,202495,69,250596
4023,0.018346,172.217.194.0-255,5738,208233,69,250596
4024,0.018353,172.31.40.0-255,66,208299,69,250596
4025,0.020383,172.217.194.0-255,5738,214037,69,250596
4026,0.020391,172.31.40.0-255,66,214103,69,250596
4027,0.022398,172.217.194.0-255,5738,219841,69,250596
4028,0.022408,172.31.40.0-255,66,219907,69,250596
4029,0.024429,172.217.194.0-255,5738,225645,69,250596
4030,0.024435,172.31.40.0-255,66,225711,69,250596
4031,0.026468,172.217.194.0-255,5738,231449,69,250596
4032,0.026474,172.31.40.0-255,66,231515,69,250596
4033,0.02853,172.217.194.0-255,5738,237253,69,250596
4034,0.028537,172.31.40.0-255,66,237319,69,250596
4035,0.030587,172.217.194.0-255,4889,242208,69,250596
4036,0.030594,172.31.40.0-255,66,242274,69,250596
4037,0.03091,172.31.40.0-255,105,242379,69,250596
4038,0.031813,172.31.40.0-255,172,242551,69,250596
4039,0.031844,172.31.40.0-255,1111,243662,69,250596
4040,0.031909,172.31.40.0-255,1514,245176,69,250596
4041,0.031911,172.31.40.0-255,1514,246690,69,250596
4042,0.031912,172.31.40.0-255,1514,248204,69,250596
4043,0.031913,172.31.40.0-255,1514,249718,69,250596
4044,0.031914,172.31.40.0-255,548,250266,69,250596
4045,0.032924,172.217.194.0-255,66,250332,69,250596
4046,0.03334,104.244.42.0-255,66,250398,69,250596
4047,0.033353,104.244.42.0-255,66,250464,69,250596
4048,0.03346,104.244.42.0-255,66,250530,69,250596
4049,0.033464,104.244.42.0-255,66,250596,69,250596
4050,0.0,74.125.24.0-255,147,147,69,231768
4051,2e-05,172.31.40.0-255,66,213,69,231768
4052,2.6e-05,74.125.24.0-255,1484,1697,69,231768
4053,3.1e-05,172.31.40.0-255,66,1763,69,231768
4054,3.7e-05,74.125.24.0-255,2902,4665,69,231768
4055,4e-05,172.31.40.0-255,66,4731,69,231768
4056,4.8e-05,74.125.24.0-255,7156,11887,69,231768
4057,5e-05,172.31.40.0-255,66,11953,69,231768
4058,9.4e-05,172.31.40.0-255,66,12019,69,231768
4059,9.7e-05,74.125.24.0-255,1484,13503,69,231768
4060,9.9e-05,172.31.40.0-255,66,13569,69,231768
4061,0.000121,74.125.24.0-255,7156,20725,69,231768
4062,0.000123,172.31.40.0-255,66,20791,69,231768
4063,0.000126,74.125.24.0-255,2543,23334,69,231768
4064,0.000128,172.31.40.0-255,66,23400,69,231768
4065,0.000249,74.125.24.0-255,1484,24884,69,231768
4066,0.000253,172.31.40.0-255,66,24950,69,231768
4067,0.000257,74.125.24.0-255,1484,26434,69,231768
4068,0.000258,172.31.40.0-255,66,26500,69,231768
4069,0.000272,74.125.24.0-255,1484,27984,69,231768
4070,0.000275,172.31.40.0-255,66,28050,69,231768
4071,0.00029,74.125.24.0-255,1484,29534,69,231768
4072,0.000292,172.31.40.0-255,66,29600,69,231768
4073,0.000305,74.125.24.0-255,4320,33920,69,231768
4074,0.000307,172.31.40.0-255,66,33986,69,231768
4075,0.000328,74.125.24.0-255,1484,35470,69,231768
4076,0.000329,172.31.40.0-255,66,35536,69,231768
4077,0.000353,74.125.24.0-255,5379,40915,69,231768
4078,0.000355,172.31.40.0-255,66,40981,69,231768
4079,0.00036,74.125.24.0-255,4320,45301,69,231768
4080,0.000362,172.31.40.0-255,66,45367,69,231768
4081,0.000376,74.125.24.0-255,2902,48269,69,231768
4082,0.000378,172.31.40.0-255,66,48335,69,231768
4083,0.000384,74.125.24.0-255,5738,54073,69,231768
4084,0.000386,172.31.40.0-255,66,54139,69,231768
4085,0.000403,74.125.24.0-255,3961,58100,69,231768
4086,0.000406,172.31.40.0-255,66,58166,69,231768
4087,0.000709,74.125.24.0-255,645,58811,69,231768
4088,0.000717,172.31.40.0-255,101,58912,69,231768
4089,0.001417,74.125.24.0-255,1484,60396,69,231768
4090,0.001424,172.31.40.0-255,66,60462,69,231768
4091,0.001434,74.125.24.0-255,2902,63364,69,231768
4092,0.001437,172.31.40.0-255,66,63430,69,231768
4093,0.001463,74.125.24.0-255,4320,67750,69,231768
4094,0.001466,172.31.40.0-255,66,67816,69,231768
4095,0.001472,74.125.24.0-255,5738,73554,69,231768
4096,0.001475,172.31.40.0-255,66,73620,69,231768
4097,0.001502,74.125.24.0-255,2902,76522,69,231768
4098,0.001505,172.31.40.0-255,66,76588,69,231768
4099,0.001512,74.125.24.0-255,7156,83744,69,231768
4100,0.001514,172.31.40.0-255,66,83810,69,231768
4101,0.001547,172.31.40.0-255,66,83876,69,231768
4102,0.00155,74.125.24.0-255,766,84642,69,231768
4103,0.002243,74.125.24.0-255,1484,86126,69,231768
4104,0.00225,172.31.40.0-255,66,86192,69,231768
4105,0.002255,74.125.24.0-255,1484,87676,69,231768
4106,0.002269,74.125.24.0-255,2902,90578,69,231768
4107,0.002272,172.31.40.0-255,66,90644,69,231768
4108,0.002279,74.125.24.0-255,4320,94964,69,231768
4109,0.00228,172.31.40.0-255,66,95030,69,231768
4110,0.002297,74.125.24.0-255,1484,96514,69,231768
4111,0.002301,74.125.24.0-255,1484,97998,69,231768
4112,0.002303,172.31.40.0-255,66,98064,69,231768
4113,0.002331,172.31.40.0-255,66,98130,69,231768
4114,0.002334,74.125.24.0-255,1484,99614,69,231768
4115,0.002397,172.31.40.0-255,66,99680,69,231768
4116,0.002403,74.125.24.0-255,5738,105418,69,231768
4117,0.002406,172.31.40.0-255,66,105484,69,231768
4118,0.002422,74.125.24.0-255,7156,112640,69,231768
4119,0.002425,172.31.40.0-255,66,112706,69,231768
4120,0.002461,172.31.40.0-255,66,112772,69,231768
4121,0.002464,74.125.24.0-255,766,113538,69,231768
4122,0.002467,74.125.24.0-255,1484,115022,69,231768
4123,0.002469,172.31.40.0-255,66,115088,69,231768
4124,0.003051,74.125.24.0-255,66,115154,69,231768
4125,0.004839,74.125.24.0-255,4320,119474,69,231768
4126,0.004844,172.31.40.0-255,66,119540,69,231768
4127,0.004861,74.125.24.0-255,1484,121024,69,231768
4128,0.007218,74.125.24.0-255,2902,123926,69,231768
4129,0.007224,172.31.40.0-255,66,123992,69,231768
4130,0.00724,74.125.24.0-255,1484,125476,69,231768
4131,0.0096,74.125.24.0-255,4320,129796,69,231768
4132,0.009607,172.31.40.0-255,66,129862,69,231768
4133,0.011993,74.125.24.0-255,5738,135600,69,231768
4134,0.012002,172.31.40.0-255,66,135666,69,231768
4135,0.014404,74.125.24.0-255,5738,141404,69,231768
4136,0.014414,172.31.40.0-255,66,141470,69,231768
4137,0.016816,74.125.24.0-255,5738,147208,69,231768
4138,0.016824,172.31.40.0-255,66,147274,69,231768
4139,0.019181,74.125.24.0-255,5738,153012,69,231768
4140,0.019187,172.31.40.0-255,66,153078,69,231768
4141,0.021562,74.125.24.0-255,5738,158816,69,231768
4142,0.02157,172.31.40.0-255,66,158882,69,231768
4143,0.023944,74.125.24.0-255,5738,164620,69,231768
4144,0.023951,172.31.40.0-255,66,164686,69,231768
4145,0.026328,74.125.24.0-255,5738,170424,69,231768
4146,0.026336,172.31.40.0-255,66,170490,69,231768
4147,0.028738,74.125.24.0-255,5738,176228,69,231768
4148,0.028747,172.31.40.0-255,66,176294,69,231768
4149,0.031104,74.125.24.0-255,5738,182032,69,231768
4150,0.031112,172.31.40.0-255,66,182098,69,231768
4151,0.033499,74.125.24.0-255,5738,187836,69,231768
4152,0.033507,172.31.40.0-255,66,187902,69,231768
4153,0.033844,172.31.40.0-255,172,188074,69,231768
4154,0.033874,172.31.40.0-255,1116,189190,69,231768
4155,0.033935,172.31.40.0-255,1514,190704,69,231768
4156,0.033936,172.31.40.0-255,1514,192218,69,231768
4157,0.033938,172.31.40.0-255,1514,193732,69,231768
4158,0.033942,172.31.40.0-255,1514,195246,69,231768
4159,0.033949,172.31.40.0-255,1500,196746,69,231768
4160,0.035526,104.244.42.0-255,66,196812,69,231768
4161,0.035534,104.244.42.0-255,66,196878,69,231768
4162,0.035624,104.244.42.0-255,66,196944,69,231768
4163,0.035889,74.125.24.0-255,5738,202682,69,231768
4164,0.035895,172.31.40.0-255,66,202748,69,231768
4165,0.03828,74.125.24.0-255,5738,208486,69,231768
4166,0.038286,172.31.40.0-255,66,208552,69,231768
4167,0.040669,74.125.24.0-255,5738,214290,69,231768
4168,0.040675,172.31.40.0-255,66,214356,69,231768
4169,0.043036,74.125.24.0-255,5738,220094,69,231768
4170,0.043043,172.31.40.0-255,66,220160,69,231768
4171,0.045419,74.125.24.0-255,5738,225898,69,231768
4172,0.045428,172.31.40.0-255,66,225964,69,231768
4173,0.04782,74.125.24.0-255,5738,231702,69,231768
4174,0.047827,172.31.40.0-255,66,231768,69,231768
4175,0.0,172.217.194.0-255,153,153,69,163277
4176,2.2e-05,172.31.40.0-255,66,219,69,163277
4177,2.9e-05,172.217.194.0-255,1484,1703,69,163277
4178,3.4e-05,172.31.40.0-255,66,1769,69,163277
4179,4e-05,172.217.194.0-255,2902,4671,69,163277
4180,4.3e-05,172.31.40.0-255,66,4737,69,163277
4181,4.8e-05,172.217.194.0-255,4320,9057,69,163277
4182,5.1e-05,172.31.40.0-255,66,9123,69,163277
4183,7e-05,172.217.194.0-255,4320,13443,69,163277
4184,7.2e-05,172.31.40.0-255,66,13509,69,163277
4185,9.7e-05,172.31.40.0-255,66,13575,69,163277
4186,0.000103,172.217.194.0-255,5738,19313,69,163277
4187,0.000106,172.31.40.0-255,66,19379,69,163277
4188,0.00013,172.217.194.0-255,3961,23340,69,163277
4189,0.000133,172.31.40.0-255,66,23406,69,163277
4190,0.000181,172.217.194.0-255,1484,24890,69,163277
4191,0.000183,172.31.40.0-255,66,24956,69,163277
4192,0.000187,172.217.194.0-255,1484,26440,69,163277
4193,0.000189,172.31.40.0-255,66,26506,69,163277
4194,0.000205,172.217.194.0-255,1484,27990,69,163277
4195,0.000207,172.31.40.0-255,66,28056,69,163277
4196,0.000212,172.217.194.0-255,2902,30958,69,163277
4197,0.000215,172.31.40.0-255,66,31024,69,163277
4198,0.000236,172.217.194.0-255,2902,33926,69,163277
4199,0.000239,172.31.40.0-255,66,33992,69,163277
4200,0.000277,172.31.40.0-255,66,34058,69,163277
4201,0.000285,172.217.194.0-255,5738,39796,69,163277
4202,0.000288,172.31.40.0-255,66,39862,69,163277
4203,0.000305,172.217.194.0-255,4249,44111,69,163277
4204,0.000308,172.31.40.0-255,66,44177,69,163277
4205,0.000311,172.217.194.0-255,100,44277,69,163277
4206,0.000314,172.217.194.0-255,364,44641,69,163277
4207,0.000428,172.217.194.0-255,1484,46125,69,163277
4208,0.000431,172.31.40.0-255,66,46191,69,163277
4209,0.000436,172.217.194.0-255,2902,49093,69,163277
4210,0.000439,172.31.40.0-255,66,49159,69,163277
4211,0.000444,172.217.194.0-255,4320,53479,69,163277
4212,0.000446,172.31.40.0-255,66,53545,69,163277
4213,0.000469,172.217.194.0-255,1484,55029,69,163277
4214,0.000476,172.217.194.0-255,5738,60767,69,163277
4215,0.000479,172.31.40.0-255,66,60833,69,163277
4216,0.000507,172.217.194.0-255,7156,67989,69,163277
4217,0.000509,172.31.40.0-255,66,68055,69,163277
4218,0.00052,172.31.40.0-255,66,68121,69,163277
4219,0.000973,172.217.194.0-255,1484,69605,69,163277
4220,0.000991,172.217.194.0-255,2902,72507,69,163277
4221,0.000995,172.31.40.0-255,66,72573,69,163277
4222,0.001001,172.217.194.0-255,4320,76893,69,163277
4223,0.001003,172.31.40.0-255,66,76959,69,163277
4224,0.001018,172.217.194.0-255,1484,78443,69,163277
4225,0.00103,172.31.40.0-255,66,78509,69,163277
4226,0.00104,172.31.40.0-255,66,78575,69,163277
4227,0.001059,172.217.194.0-255,2184,80759,69,163277
4228,0.001061,172.31.40.0-255,66,80825,69,163277
4229,0.001077,172.217.194.0-255,1484,82309,69,163277
4230,0.001096,172.217.194.0-255,2902,85211,69,163277
4231,0.001099,172.31.40.0-255,66,85277,69,163277
4232,0.001105,172.217.194.0-255,5738,91015,69,163277
4233,0.001107,172.31.40.0-255,66,91081,69,163277
4234,0.001119,172.217.194.0-255,1484,92565,69,163277
4235,0.00115,172.31.40.0-255,66,92631,69,163277
4236,0.00119,172.31.40.0-255,66,92697,69,163277
4237,0.001201,172.217.194.0-255,1484,94181,69,163277
4238,0.001203,172.217.194.0-255,766,94947,69,163277
4239,0.001205,172.31.40.0-255,66,95013,69,163277
4240,0.001208,172.217.194.0-255,1484,96497,69,163277
4241,0.001212,172.217.194.0-255,4320,100817,69,163277
4242,0.001215,172.31.40.0-255,66,100883,69,163277
4243,0.001218,172.217.194.0-255,2902,103785,69,163277
4244,0.00122,172.31.40.0-255,66,103851,69,163277
4245,0.001252,172.217.194.0-255,7156,111007,69,163277
4246,0.001255,172.31.40.0-255,66,111073,69,163277
4247,0.001265,172.31.40.0-255,66,111139,69,163277
4248,0.0013,172.31.40.0-255,66,111205,69,163277
4249,0.001377,172.217.194.0-255,1484,112689,69,163277
4250,0.001387,172.217.194.0-255,1484,114173,69,163277
4251,0.00139,172.31.40.0-255,66,114239,69,163277
4252,0.001409,172.217.194.0-255,1484,115723,69,163277
4253,0.001414,172.217.194.0-255,5738,121461,69,163277
4254,0.001417,172.31.40.0-255,66,121527,69,163277
4255,0.001421,172.217.194.0-255,4320,125847,69,163277
4256,0.001423,172.31.40.0-255,66,125913,69,163277
4257,0.001449,172.31.40.0-255,66,125979,69,163277
4258,0.001463,172.31.40.0-255,66,126045,69,163277
4259,0.001643,172.217.194.0-255,1484,127529,69,163277
4260,0.001649,172.217.194.0-255,2902,130431,69,163277
4261,0.001652,172.31.40.0-255,66,130497,69,163277
4262,0.00167,172.217.194.0-255,5738,136235,69,163277
4263,0.001672,172.31.40.0-255,66,136301,69,163277
4264,0.001676,172.217.194.0-255,1484,137785,69,163277
4265,0.001716,172.31.40.0-255,66,137851,69,163277
4266,0.001728,172.31.40.0-255,66,137917,69,163277
4267,0.001788,172.31.40.0-255,66,137983,69,163277
4268,0.001805,172.217.194.0-255,3602,141585,69,163277
4269,0.001808,172.31.40.0-255,66,141651,69,163277
4270,0.001813,172.217.194.0-255,4320,145971,69,163277
4271,0.001816,172.31.40.0-255,66,146037,69,163277
4272,0.001839,172.217.194.0-255,7156,153193,69,163277
4273,0.001842,172.31.40.0-255,66,153259,69,163277
4274,0.001872,172.31.40.0-255,66,153325,69,163277
4275,0.001884,172.31.40.0-255,66,153391,69,163277
4276,0.001918,172.31.40.0-255,66,153457,69,163277
4277,0.001929,172.31.40.0-255,66,153523,69,163277
4278,0.001958,172.31.40.0-255,66,153589,69,163277
4279,0.002042,172.31.40.0-255,66,153655,69,163277
4280,0.002057,172.31.40.0-255,66,153721,69,163277
4281,0.002083,172.31.40.0-255,66,153787,69,163277
4282,0.002086,172.217.194.0-255,105,153892,69,163277
4283,0.002602,172.31.40.0-255,101,153993,69,163277
4284,0.005255,172.217.194.0-255,66,154059,69,163277
4285,0.010502,172.31.40.0-255,105,154164,69,163277
4286,0.013166,172.217.194.0-255,66,154230,69,163277
4287,0.044038,172.31.40.0-255,176,154406,69,163277
4288,0.044065,172.31.40.0-255,1114,155520,69,163277
4289,0.044125,172.31.40.0-255,1514,157034,69,163277
4290,0.044126,172.31.40.0-255,1514,158548,69,163277
4291,0.044127,172.31.40.0-255,1514,160062,69,163277
4292,0.044132,172.31.40.0-255,1514,161576,69,163277
4293,0.044133,172.31.40.0-255,1503,163079,69,163277
4294,0.045729,104.244.42.0-255,66,163145,69,163277
4295,0.045767,104.244.42.0-255,66,163211,69,163277
4296,0.045844,104.244.42.0-255,66,163277,69,163277
4297,0.0,172.217.194.0-255,297,297,69,146619
4298,2.2e-05,172.31.40.0-255,66,363,69,146619
4299,2.9e-05,172.217.194.0-255,1484,1847,69,146619
4300,3.2e-05,172.31.40.0-255,66,1913,69,146619
4301,4.7e-05,172.217.194.0-255,4320,6233,69,146619
4302,5e-05,172.31.40.0-255,66,6299,69,146619
4303,0.000146,172.217.194.0-255,7156,13455,69,146619
4304,0.00015,172.31.40.0-255,66,13521,69,146619
4305,0.000174,172.217.194.0-255,517,14038,69,146619
4306,0.000177,172.31.40.0-255,66,14104,69,146619
4307,0.000362,172.217.194.0-255,2902,17006,69,146619
4308,0.000367,172.31.40.0-255,66,17072,69,146619
4309,0.000397,172.217.194.0-255,5738,22810,69,146619
4310,0.000403,172.31.40.0-255,66,22876,69,146619
4311,0.000622,172.217.194.0-255,7156,30032,69,146619
4312,0.000627,172.31.40.0-255,66,30098,69,146619
4313,0.000653,172.217.194.0-255,1125,31223,69,146619
4314,0.000656,172.31.40.0-255,66,31289,69,146619
4315,0.000871,172.31.40.0-255,66,31355,69,146619
4316,0.000908,172.31.40.0-255,66,31421,69,146619
4317,0.001413,172.31.40.0-255,66,31487,69,146619
4318,0.001866,172.31.40.0-255,66,31553,69,146619
4319,0.001913,172.31.40.0-255,66,31619,69,146619
4320,0.002833,172.217.194.0-255,4320,35939,69,146619
4321,0.002847,172.31.40.0-255,66,36005,69,146619
4322,0.002909,172.31.40.0-255,66,36071,69,146619
4323,0.003829,172.31.40.0-255,66,36137,69,146619
4324,0.003865,172.31.40.0-255,66,36203,69,146619
4325,0.006213,172.217.194.0-255,5738,41941,69,146619
4326,0.00622,172.31.40.0-255,66,42007,69,146619
4327,0.008558,172.217.194.0-255,5738,47745,69,146619
4328,0.008566,172.31.40.0-255,66,47811,69,146619
4329,0.010913,172.217.194.0-255,5738,53549,69,146619
4330,0.010924,172.31.40.0-255,66,53615,69,146619
4331,0.013269,172.217.194.0-255,5738,59353,69,146619
4332,0.013278,172.31.40.0-255,66,59419,69,146619
4333,0.015582,172.217.194.0-255,5738,65157,69,146619
4334,0.015592,172.31.40.0-255,66,65223,69,146619
4335,0.017961,172.217.194.0-255,5738,70961,69,146619
4336,0.017971,172.31.40.0-255,66,71027,69,146619
4337,0.020294,172.217.194.0-255,5738,76765,69,146619
4338,0.020304,172.31.40.0-255,66,76831,69,146619
4339,0.022618,172.217.194.0-255,5738,82569,69,146619
4340,0.022627,172.31.40.0-255,66,82635,69,146619
4341,0.02498,172.217.194.0-255,5738,88373,69,146619
4342,0.024989,172.31.40.0-255,66,88439,69,146619
4343,0.025501,172.31.40.0-255,167,88606,69,146619
4344,0.025532,172.31.40.0-255,1111,89717,69,146619
4345,0.0256,172.31.40.0-255,1514,91231,69,146619
4346,0.025602,172.31.40.0-255,1514,92745,69,146619
4347,0.025603,172.31.40.0-255,1514,94259,69,146619
4348,0.025604,172.31.40.0-255,1514,95773,69,146619
4349,0.025605,172.31.40.0-255,546,96319,69,146619
4350,0.02705,104.244.42.0-255,66,96385,69,146619
4351,0.027105,104.244.42.0-255,66,96451,69,146619
4352,0.02715,104.244.42.0-255,66,96517,69,146619
4353,0.027194,104.244.42.0-255,66,96583,69,146619
4354,0.027309,172.217.194.0-255,5738,102321,69,146619
4355,0.027315,172.31.40.0-255,66,102387,69,146619
4356,0.027782,104.244.42.0-255,108,102495,69,146619
4357,0.027791,172.31.40.0-255,66,102561,69,146619
4358,0.029709,172.217.194.0-255,5738,108299,69,146619
4359,0.029715,172.31.40.0-255,66,108365,69,146619
4360,0.032045,172.217.194.0-255,2902,111267,69,146619
4361,0.032053,172.31.40.0-255,66,111333,69,146619
4362,0.032081,172.217.194.0-255,2902,114235,69,146619
4363,0.032103,172.31.40.0-255,66,114301,69,146619
4364,0.034397,172.217.194.0-255,2902,117203,69,146619
4365,0.034402,172.31.40.0-255,66,117269,69,146619
4366,0.034432,172.217.194.0-255,2902,120171,69,146619
4367,0.034464,172.31.40.0-255,66,120237,69,146619
4368,0.036718,172.217.194.0-255,2902,123139,69,146619
4369,0.036725,172.31.40.0-255,66,123205,69,146619
4370,0.036798,172.217.194.0-255,2902,126107,69,146619
4371,0.036825,172.31.40.0-255,66,126173,69,146619
4372,0.039074,172.217.194.0-255,2902,129075,69,146619
4373,0.039093,172.31.40.0-255,66,129141,69,146619
4374,0.039146,172.217.194.0-255,2902,132043,69,146619
4375,0.041417,172.217.194.0-255,2902,134945,69,146619
4376,0.042905,172.31.40.0-255,66,135011,69,146619
4377,0.045232,172.217.194.0-255,5738,140749,69,146619
4378,0.04525,172.31.40.0-255,66,140815,69,146619
4379,0.047618,172.217.194.0-255,5738,146553,69,146619
4380,0.047628,172.31.40.0-255,66,146619,69,146619
4381,0.0,172.31.40.0-255,105,105,69,276
4382,0.001896,157.240.7.0-255,105,210,69,276
4383,0.00191,172.31.40.0-255,66,276,69,276
4384,0.0,74.125.130.0-255,219,219,69,268761
4385,1.9e-05,172.31.40.0-255,66,285,69,268761
4386,2.6e-05,74.125.130.0-255,1484,1769,69,268761
4387,3.1e-05,172.31.40.0-255,66,1835,69,268761
4388,3.7e-05,74.125.130.0-255,2902,4737,69,268761
4389,4.8e-05,172.31.40.0-255,66,4803,69,268761
4390,5.5e-05,74.125.130.0-255,4320,9123,69,268761
4391,5.8e-05,172.31.40.0-255,66,9189,69,268761
4392,0.000104,74.125.130.0-255,4731,13920,69,268761
4393,0.000113,172.31.40.0-255,66,13986,69,268761
4394,0.00012,74.125.130.0-255,5738,19724,69,268761
4395,0.000122,172.31.40.0-255,66,19790,69,268761
4396,0.000125,74.125.130.0-255,1484,21274,69,268761
4397,0.000128,172.31.40.0-255,66,21340,69,268761
4398,0.000166,74.125.130.0-255,7156,28496,69,268761
4399,0.000169,172.31.40.0-255,66,28562,69,268761
4400,0.000172,74.125.130.0-255,1484,30046,69,268761
4401,0.000174,172.31.40.0-255,66,30112,69,268761
4402,0.000196,74.125.130.0-255,1125,31237,69,268761
4403,0.000198,172.31.40.0-255,66,31303,69,268761
4404,0.000272,74.125.130.0-255,1484,32787,69,268761
4405,0.000275,172.31.40.0-255,66,32853,69,268761
4406,0.000303,74.125.130.0-255,2902,35755,69,268761
4407,0.000306,172.31.40.0-255,66,35821,69,268761
4408,0.000334,74.125.130.0-255,5738,41559,69,268761
4409,0.000337,172.31.40.0-255,66,41625,69,268761
4410,0.00034,74.125.130.0-255,1484,43109,69,268761
4411,0.000342,172.31.40.0-255,66,43175,69,268761
4412,0.000346,74.125.130.0-255,2902,46077,69,268761
4413,0.000348,172.31.40.0-255,66,46143,69,268761
4414,0.000385,74.125.130.0-255,2543,48686,69,268761
4415,0.000388,172.31.40.0-255,66,48752,69,268761
4416,0.000492,74.125.130.0-255,1484,50236,69,268761
4417,0.000513,74.125.130.0-255,2902,53138,69,268761
4418,0.000534,74.125.130.0-255,1484,54622,69,268761
4419,0.000548,74.125.130.0-255,2902,57524,69,268761
4420,0.00058,74.125.130.0-255,2902,60426,69,268761
4421,0.000593,74.125.130.0-255,2902,63328,69,268761
4422,0.000633,74.125.130.0-255,2543,65871,69,268761
4423,0.000646,172.31.40.0-255,66,65937,69,268761
4424,0.000701,74.125.130.0-255,645,66582,69,268761
4425,0.000739,74.125.130.0-255,1484,68066,69,268761
4426,0.000747,172.31.40.0-255,66,68132,69,268761
4427,0.000766,74.125.130.0-255,2902,71034,69,268761
4428,0.000782,74.125.130.0-255,4320,75354,69,268761
4429,0.000798,74.125.130.0-255,1484,76838,69,268761
4430,0.000804,172.31.40.0-255,66,76904,69,268761
4431,0.000826,74.125.130.0-255,5738,82642,69,268761
4432,0.000837,74.125.130.0-255,1125,83767,69,268761
4433,0.000846,172.31.40.0-255,66,83833,69,268761
4434,0.000873,74.125.130.0-255,1484,85317,69,268761
4435,0.000877,74.125.130.0-255,1484,86801,69,268761
4436,0.000883,172.31.40.0-255,66,86867,69,268761
4437,0.000895,74.125.130.0-255,2902,89769,69,268761
4438,0.000917,74.125.130.0-255,5738,95507,69,268761
4439,0.000937,172.31.40.0-255,66,95573,69,268761
4440,0.000962,74.125.130.0-255,2902,98475,69,268761
4441,0.000978,74.125.130.0-255,2543,101018,69,268761
4442,0.000985,172.31.40.0-255,66,101084,69,268761
4443,0.001759,74.125.130.0-255,1484,102568,69,268761
4444,0.001771,74.125.130.0-255,2902,105470,69,268761
4445,0.001775,172.31.40.0-255,66,105536,69,268761
4446,0.00178,74.125.130.0-255,1484,107020,69,268761
4447,0.001805,74.125.130.0-255,4320,111340,69,268761
4448,0.00181,74.125.130.0-255,2902,114242,69,268761
4449,0.001834,74.125.130.0-255,4320,118562,69,268761
4450,0.001842,74.125.130.0-255,7156,125718,69,268761
4451,0.001855,74.125.130.0-255,1484,127202,69,268761
4452,0.001868,74.125.130.0-255,1484,128686,69,268761
4453,0.001881,74.125.130.0-255,2902,131588,69,268761
4454,0.001901,74.125.130.0-255,3602,135190,69,268761
4455,0.002188,74.125.130.0-255,1484,136674,69,268761
4456,0.002194,74.125.130.0-255,1484,138158,69,268761
4457,0.002213,74.125.130.0-255,1484,139642,69,268761
4458,0.002224,74.125.130.0-255,1484,141126,69,268761
4459,0.002227,74.125.130.0-255,1484,142610,69,268761
4460,0.002246,74.125.130.0-255,2902,145512,69,268761
4461,0.002259,74.125.130.0-255,1484,146996,69,268761
4462,0.002282,74.125.130.0-255,5738,152734,69,268761
4463,0.002294,74.125.130.0-255,1484,154218,69,268761
4464,0.002306,74.125.130.0-255,1484,155702,69,268761
4465,0.002325,74.125.130.0-255,5738,161440,69,268761
4466,0.00234,74.125.130.0-255,1484,162924,69,268761
4467,0.002367,74.125.130.0-255,1484,164408,69,268761
4468,0.002382,74.125.130.0-255,5020,169428,69,268761
4469,0.006032,172.31.40.0-255,66,169494,69,268761
4470,0.008654,74.125.130.0-255,1484,170978,69,268761
4471,0.008672,74.125.130.0-255,2902,173880,69,268761
4472,0.008675,172.31.40.0-255,66,173946,69,268761
4473,0.008687,74.125.130.0-255,1484,175430,69,268761
4474,0.011288,74.125.130.0-255,4320,179750,69,268761
4475,0.011296,172.31.40.0-255,66,179816,69,268761
4476,0.013911,74.125.130.0-255,5738,185554,69,268761
4477,0.013966,172.31.40.0-255,66,185620,69,268761
4478,0.01658,74.125.130.0-255,5738,191358,69,268761
4479,0.01659,172.31.40.0-255,66,191424,69,268761
4480,0.019243,74.125.130.0-255,5738,197162,69,268761
4481,0.019251,172.31.40.0-255,66,197228,69,268761
4482,0.02186,74.125.130.0-255,5738,202966,69,268761
4483,0.021869,172.31.40.0-255,66,203032,69,268761
4484,0.0245,74.125.130.0-255,5738,208770,69,268761
4485,0.024508,172.31.40.0-255,66,208836,69,268761
4486,0.027201,74.125.130.0-255,5738,214574,69,268761
4487,0.02721,172.31.40.0-255,66,214640,69,268761
4488,0.029825,74.125.130.0-255,5738,220378,69,268761
4489,0.029833,172.31.40.0-255,66,220444,69,268761
4490,0.032481,74.125.130.0-255,5738,226182,69,268761
4491,0.032491,172.31.40.0-255,66,226248,69,268761
4492,0.034987,172.31.40.0-255,172,226420,69,268761
4493,0.035023,172.31.40.0-255,1116,227536,69,268761
4494,0.035089,172.31.40.0-255,1514,229050,69,268761
4495,0.035091,172.31.40.0-255,1514,230564,69,268761
4496,0.035092,172.31.40.0-255,1514,232078,69,268761
4497,0.035097,172.31.40.0-255,1514,233592,69,268761
4498,0.035098,172.31.40.0-255,1499,235091,69,268761
4499,0.035137,74.125.130.0-255,4320,239411,69,268761
4500,0.035142,172.31.40.0-255,66,239477,69,268761
4501,0.035169,74.125.130.0-255,1484,240961,69,268761
4502,0.036649,104.244.42.0-255,66,241027,69,268761
4503,0.036696,104.244.42.0-255,66,241093,69,268761
4504,0.036819,104.244.42.0-255,66,241159,69,268761
4505,0.037758,74.125.130.0-255,4320,245479,69,268761
4506,0.037765,172.31.40.0-255,66,245545,69,268761
4507,0.040401,74.125.130.0-255,5738,251283,69,268761
4508,0.040796,172.31.40.0-255,66,251349,69,268761
4509,0.043438,74.125.130.0-255,5738,257087,69,268761
4510,0.043443,172.31.40.0-255,66,257153,69,268761
4511,0.046066,74.125.130.0-255,5738,262891,69,268761
4512,0.046073,172.31.40.0-255,66,262957,69,268761
4513,0.048695,74.125.130.0-255,5738,268695,69,268761
4514,0.0487,172.31.40.0-255,66,268761,69,268761
4515,0.0,74.125.68.0-255,153,153,69,376849
4516,2.4e-05,172.31.40.0-255,66,219,69,376849
4517,3.1e-05,74.125.68.0-255,1484,1703,69,376849
4518,3.6e-05,172.31.40.0-255,66,1769,69,376849
4519,4.2e-05,74.125.68.0-255,2902,4671,69,376849
4520,4.5e-05,172.31.40.0-255,66,4737,69,376849
4521,8.3e-05,74.125.68.0-255,4320,9057,69,376849
4522,8.7e-05,172.31.40.0-255,66,9123,69,376849
4523,9.8e-05,74.125.68.0-255,1484,10607,69,376849
4524,0.0001,172.31.40.0-255,66,10673,69,376849
4525,0.000105,74.125.68.0-255,2902,13575,69,376849
4526,0.000108,172.31.40.0-255,66,13641,69,376849
4527,0.000135,74.125.68.0-255,2902,16543,69,376849
4528,0.000138,172.31.40.0-255,66,16609,69,376849
4529,0.000159,74.125.68.0-255,3573,20182,69,376849
4530,0.000162,172.31.40.0-255,66,20248,69,376849
4531,0.000166,74.125.68.0-255,2902,23150,69,376849
4532,0.000168,172.31.40.0-255,66,23216,69,376849
4533,0.000202,74.125.68.0-255,5738,28954,69,376849
4534,0.000205,172.31.40.0-255,66,29020,69,376849
4535,0.000223,74.125.68.0-255,2543,31563,69,376849
4536,0.000227,172.31.40.0-255,66,31629,69,376849
4537,0.000301,74.125.68.0-255,1484,33113,69,376849
4538,0.000304,172.31.40.0-255,66,33179,69,376849
4539,0.000322,74.125.68.0-255,2902,36081,69,376849
4540,0.000325,172.31.40.0-255,66,36147,69,376849
4541,0.000353,74.125.68.0-255,5738,41885,69,376849
4542,0.000356,172.31.40.0-255,66,41951,69,376849
4543,0.000361,74.125.68.0-255,2902,44853,69,376849
4544,0.000363,172.31.40.0-255,66,44919,69,376849
4545,0.000368,74.125.68.0-255,3961,48880,69,376849
4546,0.000371,172.31.40.0-255,66,48946,69,376849
4547,0.000412,74.125.68.0-255,1484,50430,69,376849
4548,0.000437,74.125.68.0-255,2902,53332,69,376849
4549,0.000441,172.31.40.0-255,66,53398,69,376849
4550,0.000444,74.125.68.0-255,1484,54882,69,376849
4551,0.00046,74.125.68.0-255,1484,56366,69,376849
4552,0.000462,172.31.40.0-255,66,56432,69,376849
4553,0.000466,74.125.68.0-255,1484,57916,69,376849
4554,0.000484,74.125.68.0-255,2902,60818,69,376849
4555,0.000487,172.31.40.0-255,66,60884,69,376849
4556,0.000505,74.125.68.0-255,1484,62368,69,376849
4557,0.000518,74.125.68.0-255,4236,66604,69,376849
4558,0.000522,172.31.40.0-255,66,66670,69,376849
4559,0.000524,74.125.68.0-255,132,66802,69,376849
4560,0.000616,74.125.68.0-255,1484,68286,69,376849
4561,0.000619,172.31.40.0-255,66,68352,69,376849
4562,0.000663,74.125.68.0-255,2902,71254,69,376849
4563,0.000667,172.31.40.0-255,66,71320,69,376849
4564,0.000683,74.125.68.0-255,4320,75640,69,376849
4565,0.000686,172.31.40.0-255,66,75706,69,376849
4566,0.000706,74.125.68.0-255,1484,77190,69,376849
4567,0.000732,74.125.68.0-255,7156,84346,69,376849
4568,0.000736,172.31.40.0-255,66,84412,69,376849
4569,0.000741,74.125.68.0-255,4320,88732,69,376849
4570,0.000743,172.31.40.0-255,66,88798,69,376849
4571,0.00076,74.125.68.0-255,5738,94536,69,376849
4572,0.000763,172.31.40.0-255,66,94602,69,376849
4573,0.000768,74.125.68.0-255,2902,97504,69,376849
4574,0.00077,172.31.40.0-255,66,97570,69,376849
4575,0.000795,74.125.68.0-255,2902,100472,69,376849
4576,0.000797,172.31.40.0-255,66,100538,69,376849
4577,0.00083,74.125.68.0-255,766,101304,69,376849
4578,0.000846,74.125.68.0-255,1765,103069,69,376849
4579,0.000849,172.31.40.0-255,66,103135,69,376849
4580,0.000854,74.125.68.0-255,4320,107455,69,376849
4581,0.000856,172.31.40.0-255,66,107521,69,376849
4582,0.000884,74.125.68.0-255,5738,113259,69,376849
4583,0.000887,172.31.40.0-255,66,113325,69,376849
4584,0.000891,74.125.68.0-255,1484,114809,69,376849
4585,0.000918,172.31.40.0-255,66,114875,69,376849
4586,0.000923,74.125.68.0-255,4320,119195,69,376849
4587,0.000925,172.31.40.0-255,66,119261,69,376849
4588,0.000965,74.125.68.0-255,4320,123581,69,376849
4589,0.000968,172.31.40.0-255,66,123647,69,376849
4590,0.000984,74.125.68.0-255,2184,125831,69,376849
4591,0.000987,172.31.40.0-255,66,125897,69,376849
4592,0.001302,74.125.68.0-255,1484,127381,69,376849
4593,0.001322,74.125.68.0-255,2902,130283,69,376849
4594,0.001326,172.31.40.0-255,66,130349,69,376849
4595,0.001349,74.125.68.0-255,5738,136087,69,376849
4596,0.001352,172.31.40.0-255,66,136153,69,376849
4597,0.001367,74.125.68.0-255,4320,140473,69,376849
4598,0.00137,172.31.40.0-255,66,140539,69,376849
4599,0.001386,74.125.68.0-255,5738,146277,69,376849
4600,0.001388,172.31.40.0-255,66,146343,69,376849
4601,0.001414,74.125.68.0-255,4320,150663,69,376849
4602,0.001417,172.31.40.0-255,66,150729,69,376849
4603,0.001433,74.125.68.0-255,7156,157885,69,376849
4604,0.001437,172.31.40.0-255,66,157951,69,376849
4605,0.001475,74.125.68.0-255,2184,160135,69,376849
4606,0.001478,172.31.40.0-255,66,160201,69,376849
4607,0.001561,74.125.68.0-255,1484,161685,69,376849
4608,0.001565,74.125.68.0-255,1484,163169,69,376849
4609,0.001567,172.31.40.0-255,66,163235,69,376849
4610,0.001583,74.125.68.0-255,1484,164719,69,376849
4611,0.001589,74.125.68.0-255,4320,169039,69,376849
4612,0.001591,172.31.40.0-255,66,169105,69,376849
4613,0.001607,74.125.68.0-255,1484,170589,69,376849
4614,0.001622,74.125.68.0-255,1484,172073,69,376849
4615,0.001625,172.31.40.0-255,66,172139,69,376849
4616,0.00165,74.125.68.0-255,2902,175041,69,376849
4617,0.001654,172.31.40.0-255,66,175107,69,376849
4618,0.00169,74.125.68.0-255,1484,176591,69,376849
4619,0.001695,74.125.68.0-255,2902,179493,69,376849
4620,0.001697,172.31.40.0-255,66,179559,69,376849
4621,0.001724,74.125.68.0-255,4320,183879,69,376849
4622,0.001727,172.31.40.0-255,66,183945,69,376849
4623,0.001748,74.125.68.0-255,5738,189683,69,376849
4624,0.00175,172.31.40.0-255,66,189749,69,376849
4625,0.001767,74.125.68.0-255,1484,191233,69,376849
4626,0.001781,74.125.68.0-255,1484,192717,69,376849
4627,0.001784,172.31.40.0-255,66,192783,69,376849
4628,0.001821,74.125.68.0-255,2184,194967,69,376849
4629,0.001824,172.31.40.0-255,66,195033,69,376849
4630,0.002025,74.125.68.0-255,1484,196517,69,376849
4631,0.002038,74.125.68.0-255,1484,198001,69,376849
4632,0.002042,172.31.40.0-255,66,198067,69,376849
4633,0.002059,74.125.68.0-255,1484,199551,69,376849
4634,0.002066,74.125.68.0-255,5738,205289,69,376849
4635,0.002068,172.31.40.0-255,66,205355,69,376849
4636,0.002089,74.125.68.0-255,7156,212511,69,376849
4637,0.002092,172.31.40.0-255,66,212577,69,376849
4638,0.002096,74.125.68.0-255,2902,215479,69,376849
4639,0.002098,172.31.40.0-255,66,215545,69,376849
4640,0.002118,74.125.68.0-255,5738,221283,69,376849
4641,0.002122,172.31.40.0-255,66,221349,69,376849
4642,0.002156,74.125.68.0-255,1484,222833,69,376849
4643,0.002175,74.125.68.0-255,6438,229271,69,376849
4644,0.002178,172.31.40.0-255,66,229337,69,376849
4645,0.002233,74.125.68.0-255,1484,230821,69,376849
4646,0.00225,74.125.68.0-255,2902,233723,69,376849
4647,0.002253,172.31.40.0-255,66,233789,69,376849
4648,0.002275,74.125.68.0-255,5738,239527,69,376849
4649,0.002278,172.31.40.0-255,66,239593,69,376849
4650,0.002287,74.125.68.0-255,2902,242495,69,376849
4651,0.00229,172.31.40.0-255,66,242561,69,376849
4652,0.00231,74.125.68.0-255,2902,245463,69,376849
4653,0.002312,172.31.40.0-255,66,245529,69,376849
4654,0.002319,74.125.68.0-255,7156,252685,69,376849
4655,0.002322,172.31.40.0-255,66,252751,69,376849
4656,0.00236,172.31.40.0-255,66,252817,69,376849
4657,0.004676,74.125.68.0-255,5738,258555,69,376849
4658,0.0047,172.31.40.0-255,66,258621,69,376849
4659,0.007027,74.125.68.0-255,5738,264359,69,376849
4660,0.007048,172.31.40.0-255,66,264425,69,376849
4661,0.009373,74.125.68.0-255,5738,270163,69,376849
4662,0.009396,172.31.40.0-255,66,270229,69,376849
4663,0.011739,74.125.68.0-255,5738,275967,69,376849
4664,0.011752,172.31.40.0-255,66,276033,69,376849
4665,0.014117,74.125.68.0-255,5738,281771,69,376849
4666,0.014128,172.31.40.0-255,66,281837,69,376849
4667,0.016434,74.125.68.0-255,5738,287575,69,376849
4668,0.016442,172.31.40.0-255,66,287641,69,376849
4669,0.018774,74.125.68.0-255,5738,293379,69,376849
4670,0.018797,172.31.40.0-255,66,293445,69,376849
4671,0.021118,74.125.68.0-255,5738,299183,69,376849
4672,0.021134,172.31.40.0-255,66,299249,69,376849
4673,0.023464,74.125.68.0-255,5738,304987,69,376849
4674,0.023482,172.31.40.0-255,66,305053,69,376849
4675,0.025813,74.125.68.0-255,5738,310791,69,376849
4676,0.025831,172.31.40.0-255,66,310857,69,376849
4677,0.028155,74.125.68.0-255,5738,316595,69,376849
4678,0.028171,172.31.40.0-255,66,316661,69,376849
4679,0.030501,74.125.68.0-255,5738,322399,69,376849
4680,0.030518,172.31.40.0-255,66,322465,69,376849
4681,0.03284,74.125.68.0-255,5738,328203,69,376849
4682,0.032856,172.31.40.0-255,66,328269,69,376849
4683,0.035181,74.125.68.0-255,5738,334007,69,376849
4684,0.035199,172.31.40.0-255,66,334073,69,376849
4685,0.037529,74.125.68.0-255,5738,339811,69,376849
4686,0.037548,172.31.40.0-255,66,339877,69,376849
4687,0.03987,74.125.68.0-255,5738,345615,69,376849
4688,0.039886,172.31.40.0-255,66,345681,69,376849
4689,0.042197,74.125.68.0-255,5738,351419,69,376849
4690,0.042206,172.31.40.0-255,66,351485,69,376849
4691,0.044218,172.31.40.0-255,172,351657,69,376849
4692,0.044297,172.31.40.0-255,1111,352768,69,376849
4693,0.044375,172.31.40.0-255,1514,354282,69,376849
4694,0.044377,172.31.40.0-255,1514,355796,69,376849
4695,0.044378,172.31.40.0-255,1514,357310,69,376849
4696,0.044379,172.31.40.0-255,1514,358824,69,376849
4697,0.04438,172.31.40.0-255,547,359371,69,376849
4698,0.04452,74.125.68.0-255,5738,365109,69,376849
4699,0.044529,172.31.40.0-255,66,365175,69,376849
4700,0.046365,104.244.42.0-255,66,365241,69,376849
4701,0.046843,74.125.68.0-255,5738,370979,69,376849
4702,0.046854,172.31.40.0-255,66,371045,69,376849
4703,0.049172,74.125.68.0-255,5738,376783,69,376849
4704,0.049188,172.31.40.0-255,66,376849,69,376849
4705,0.0,74.125.68.0-255,150,150,69,287784
4706,2.1e-05,172.31.40.0-255,66,216,69,287784
4707,2.8e-05,74.125.68.0-255,1484,1700,69,287784
4708,3.2e-05,172.31.40.0-255,66,1766,69,287784
4709,3.6e-05,74.125.68.0-255,2902,4668,69,287784
4710,4.8e-05,172.31.40.0-255,66,4734,69,287784
4711,5.6e-05,74.125.68.0-255,7156,11890,69,287784
4712,5.9e-05,172.31.40.0-255,66,11956,69,287784
4713,0.0001,172.31.40.0-255,66,12022,69,287784
4714,0.000111,172.31.40.0-255,66,12088,69,287784
4715,0.00015,74.125.68.0-255,2543,14631,69,287784
4716,0.000152,172.31.40.0-255,66,14697,69,287784
4717,0.000213,74.125.68.0-255,1484,16181,69,287784
4718,0.000217,172.31.40.0-255,66,16247,69,287784
4719,0.000244,74.125.68.0-255,2902,19149,69,287784
4720,0.000246,172.31.40.0-255,66,19215,69,287784
4721,0.00025,74.125.68.0-255,1484,20699,69,287784
4722,0.000252,172.31.40.0-255,66,20765,69,287784
4723,0.000272,74.125.68.0-255,2902,23667,69,287784
4724,0.000274,172.31.40.0-255,66,23733,69,287784
4725,0.000282,74.125.68.0-255,7156,30889,69,287784
4726,0.000285,172.31.40.0-255,66,30955,69,287784
4727,0.000318,74.125.68.0-255,1484,32439,69,287784
4728,0.000321,172.31.40.0-255,66,32505,69,287784
4729,0.000334,172.31.40.0-255,66,32571,69,287784
4730,0.000373,74.125.68.0-255,2902,35473,69,287784
4731,0.000376,172.31.40.0-255,66,35539,69,287784
4732,0.000403,74.125.68.0-255,2477,38016,69,287784
4733,0.000406,172.31.40.0-255,66,38082,69,287784
4734,0.000409,74.125.68.0-255,133,38215,69,287784
4735,0.000413,74.125.68.0-255,347,38562,69,287784
4736,0.000658,74.125.68.0-255,1484,40046,69,287784
4737,0.000665,172.31.40.0-255,66,40112,69,287784
4738,0.000684,74.125.68.0-255,2902,43014,69,287784
4739,0.000708,74.125.68.0-255,5738,48752,69,287784
4740,0.000714,172.31.40.0-255,66,48818,69,287784
4741,0.000725,74.125.68.0-255,4320,53138,69,287784
4742,0.000739,74.125.68.0-255,2543,55681,69,287784
4743,0.000742,172.31.40.0-255,66,55747,69,287784
4744,0.000768,172.31.40.0-255,66,55813,69,287784
4745,0.000858,74.125.68.0-255,1484,57297,69,287784
4746,0.000888,74.125.68.0-255,1484,58781,69,287784
4747,0.000893,172.31.40.0-255,66,58847,69,287784
4748,0.0009,74.125.68.0-255,1484,60331,69,287784
4749,0.000902,74.125.68.0-255,1484,61815,69,287784
4750,0.000931,74.125.68.0-255,1484,63299,69,287784
4751,0.000945,74.125.68.0-255,1484,64783,69,287784
4752,0.000951,74.125.68.0-255,5738,70521,69,287784
4753,0.000954,74.125.68.0-255,1484,72005,69,287784
4754,0.000968,74.125.68.0-255,1484,73489,69,287784
4755,0.000982,74.125.68.0-255,4320,77809,69,287784
4756,0.000988,172.31.40.0-255,66,77875,69,287784
4757,0.001019,74.125.68.0-255,4320,82195,69,287784
4758,0.001029,172.31.40.0-255,66,82261,69,287784
4759,0.001037,74.125.68.0-255,2902,85163,69,287784
4760,0.001042,172.31.40.0-255,66,85229,69,287784
4761,0.001066,74.125.68.0-255,5020,90249,69,287784
4762,0.001089,172.31.40.0-255,66,90315,69,287784
4763,0.001419,74.125.68.0-255,1484,91799,69,287784
4764,0.001438,74.125.68.0-255,2902,94701,69,287784
4765,0.001441,172.31.40.0-255,66,94767,69,287784
4766,0.001447,74.125.68.0-255,5738,100505,69,287784
4767,0.001468,74.125.68.0-255,6249,106754,69,287784
4768,0.001483,172.31.40.0-255,66,106820,69,287784
4769,0.001489,74.125.68.0-255,1484,108304,69,287784
4770,0.001509,74.125.68.0-255,5738,114042,69,287784
4771,0.001521,172.31.40.0-255,66,114108,69,287784
4772,0.001539,74.125.68.0-255,7156,121264,69,287784
4773,0.001543,74.125.68.0-255,2902,124166,69,287784
4774,0.001548,172.31.40.0-255,66,124232,69,287784
4775,0.001564,74.125.68.0-255,5738,129970,69,287784
4776,0.001582,74.125.68.0-255,5738,135708,69,287784
4777,0.001591,172.31.40.0-255,66,135774,69,287784
4778,0.001597,74.125.68.0-255,5020,140794,69,287784
4779,0.0016,172.31.40.0-255,66,140860,69,287784
4780,0.001887,74.125.68.0-255,1484,142344,69,287784
4781,0.001893,74.125.68.0-255,2902,145246,69,287784
4782,0.001895,172.31.40.0-255,66,145312,69,287784
4783,0.001925,74.125.68.0-255,5738,151050,69,287784
4784,0.001939,74.125.68.0-255,2902,153952,69,287784
4785,0.001945,172.31.40.0-255,66,154018,69,287784
4786,0.001962,74.125.68.0-255,4320,158338,69,287784
4787,0.001966,74.125.68.0-255,2902,161240,69,287784
4788,0.001972,172.31.40.0-255,66,161306,69,287784
4789,0.001998,74.125.68.0-255,4320,165626,69,287784
4790,0.002003,74.125.68.0-255,4320,169946,69,287784
4791,0.002009,172.31.40.0-255,66,170012,69,287784
4792,0.002027,74.125.68.0-255,4320,174332,69,287784
4793,0.00203,74.125.68.0-255,766,175098,69,287784
4794,0.00204,172.31.40.0-255,66,175164,69,287784
4795,0.004332,74.125.68.0-255,5738,180902,69,287784
4796,0.004338,172.31.40.0-255,66,180968,69,287784
4797,0.006631,74.125.68.0-255,5738,186706,69,287784
4798,0.007704,172.31.40.0-255,66,186772,69,287784
4799,0.010021,74.125.68.0-255,5738,192510,69,287784
4800,0.010029,172.31.40.0-255,66,192576,69,287784
4801,0.012339,74.125.68.0-255,5738,198314,69,287784
4802,0.015675,172.31.40.0-255,66,198380,69,287784
4803,0.017991,74.125.68.0-255,5738,204118,69,287784
4804,0.018001,172.31.40.0-255,66,204184,69,287784
4805,0.020304,74.125.68.0-255,5738,209922,69,287784
4806,0.020312,172.31.40.0-255,66,209988,69,287784
4807,0.022621,74.125.68.0-255,5738,215726,69,287784
4808,0.022629,172.31.40.0-255,66,215792,69,287784
4809,0.024934,74.125.68.0-255,5738,221530,69,287784
4810,0.02494,172.31.40.0-255,66,221596,69,287784
4811,0.026881,172.31.40.0-255,172,221768,69,287784
4812,0.026909,172.31.40.0-255,1116,222884,69,287784
4813,0.026964,172.31.40.0-255,1514,224398,69,287784
4814,0.02697,172.31.40.0-255,1514,225912,69,287784
4815,0.026971,172.31.40.0-255,1514,227426,69,287784
4816,0.026971,172.31.40.0-255,1514,228940,69,287784
4817,0.026972,172.31.40.0-255,540,229480,69,287784
4818,0.027233,74.125.68.0-255,5738,235218,69,287784
4819,0.027239,172.31.40.0-255,66,235284,69,287784
4820,0.02846,104.244.42.0-255,66,235350,69,287784
4821,0.028495,104.244.42.0-255,66,235416,69,287784
4822,0.028557,104.244.42.0-255,66,235482,69,287784
4823,0.028579,104.244.42.0-255,66,235548,69,287784
4824,0.029537,74.125.68.0-255,5738,241286,69,287784
4825,0.029543,172.31.40.0-255,66,241352,69,287784
4826,0.031853,74.125.68.0-255,5738,247090,69,287784
4827,0.031859,172.31.40.0-255,66,247156,69,287784
4828,0.034214,74.125.68.0-255,5738,252894,69,287784
4829,0.034219,172.31.40.0-255,66,252960,69,287784
4830,0.036523,74.125.68.0-255,5738,258698,69,287784
4831,0.036529,172.31.40.0-255,66,258764,69,287784
4832,0.03885,74.125.68.0-255,5738,264502,69,287784
4833,0.038857,172.31.40.0-255,66,264568,69,287784
4834,0.041153,74.125.68.0-255,5738,270306,69,287784
4835,0.04116,172.31.40.0-255,66,270372,69,287784
4836,0.043467,74.125.68.0-255,5738,276110,69,287784
4837,0.043474,172.31.40.0-255,66,276176,69,287784
4838,0.045793,74.125.68.0-255,5738,281914,69,287784
4839,0.0458,172.31.40.0-255,66,281980,69,287784
4840,0.048096,74.125.68.0-255,5738,287718,69,287784
4841,0.048102,172.31.40.0-255,66,287784,69,287784
4842,0.0,172.217.160.0-255,153,153,69,285926
4843,2e-05,172.31.40.0-255,66,219,69,285926
4844,2.6e-05,172.217.160.0-255,1484,1703,69,285926
4845,2.9e-05,172.31.40.0-255,66,1769,69,285926
4846,3.4e-05,172.217.160.0-255,2902,4671,69,285926
4847,3.6e-05,172.31.40.0-255,66,4737,69,285926
4848,4.2e-05,172.217.160.0-255,7156,11893,69,285926
4849,4.5e-05,172.31.40.0-255,66,11959,69,285926
4850,6.9e-05,172.217.160.0-255,2077,14036,69,285926
4851,7.2e-05,172.31.40.0-255,66,14102,69,285926
4852,0.000104,172.217.160.0-255,2902,17004,69,285926
4853,0.000106,172.31.40.0-255,66,17070,69,285926
4854,0.00011,172.217.160.0-255,1484,18554,69,285926
4855,0.000111,172.31.40.0-255,66,18620,69,285926
4856,0.000126,172.217.160.0-255,1484,20104,69,285926
4857,0.000128,172.31.40.0-255,66,20170,69,285926
4858,0.000135,172.217.160.0-255,7156,27326,69,285926
4859,0.000137,172.31.40.0-255,66,27392,69,285926
4860,0.000165,172.217.160.0-255,2902,30294,69,285926
4861,0.000169,172.31.40.0-255,66,30360,69,285926
4862,0.000195,172.31.40.0-255,66,30426,69,285926
4863,0.000214,172.217.160.0-255,2543,32969,69,285926
4864,0.000216,172.31.40.0-255,66,33035,69,285926
4865,0.000222,172.217.160.0-255,6797,39832,69,285926
4866,0.000223,172.31.40.0-255,66,39898,69,285926
4867,0.000627,172.217.160.0-255,1484,41382,69,285926
4868,0.000633,172.31.40.0-255,66,41448,69,285926
4869,0.000638,172.217.160.0-255,2902,44350,69,285926
4870,0.00064,172.31.40.0-255,66,44416,69,285926
4871,0.000643,172.217.160.0-255,1484,45900,69,285926
4872,0.000646,172.31.40.0-255,66,45966,69,285926
4873,0.000666,172.217.160.0-255,4320,50286,69,285926
4874,0.00067,172.31.40.0-255,66,50352,69,285926
4875,0.000673,172.217.160.0-255,1484,51836,69,285926
4876,0.00069,172.217.160.0-255,5646,57482,69,285926
4877,0.000693,172.31.40.0-255,66,57548,69,285926
4878,0.000706,172.217.160.0-255,409,57957,69,285926
4879,0.000794,172.217.160.0-255,1484,59441,69,285926
4880,0.000797,172.31.40.0-255,66,59507,69,285926
4881,0.000802,172.217.160.0-255,2902,62409,69,285926
4882,0.000804,172.217.160.0-255,1484,63893,69,285926
4883,0.000806,172.31.40.0-255,66,63959,69,285926
4884,0.000822,172.217.160.0-255,4320,68279,69,285926
4885,0.000824,172.31.40.0-255,66,68345,69,285926
4886,0.000828,172.217.160.0-255,1484,69829,69,285926
4887,0.000848,172.217.160.0-255,5379,75208,69,285926
4888,0.000852,172.31.40.0-255,66,75274,69,285926
4889,0.000873,172.217.160.0-255,5738,81012,69,285926
4890,0.000876,172.31.40.0-255,66,81078,69,285926
4891,0.000896,172.31.40.0-255,66,81144,69,285926
4892,0.0009,172.217.160.0-255,1995,83139,69,285926
4893,0.000903,172.31.40.0-255,66,83205,69,285926
4894,0.000942,172.217.160.0-255,4320,87525,69,285926
4895,0.000946,172.31.40.0-255,66,87591,69,285926
4896,0.00097,172.31.40.0-255,66,87657,69,285926
4897,0.001068,172.217.160.0-255,200,87857,69,285926
4898,0.001374,172.217.160.0-255,1484,89341,69,285926
4899,0.00138,172.31.40.0-255,66,89407,69,285926
4900,0.001386,172.217.160.0-255,2902,92309,69,285926
4901,0.001389,172.31.40.0-255,66,92375,69,285926
4902,0.001395,172.217.160.0-255,5738,98113,69,285926
4903,0.001398,172.31.40.0-255,66,98179,69,285926
4904,0.001427,172.31.40.0-255,66,98245,69,285926
4905,0.001449,172.217.160.0-255,4320,102565,69,285926
4906,0.001452,172.31.40.0-255,66,102631,69,285926
4907,0.001486,172.217.160.0-255,2902,105533,69,285926
4908,0.001491,172.31.40.0-255,66,105599,69,285926
4909,0.001516,172.31.40.0-255,66,105665,69,285926
4910,0.001711,172.217.160.0-255,1484,107149,69,285926
4911,0.001717,172.217.160.0-255,2902,110051,69,285926
4912,0.001721,172.31.40.0-255,66,110117,69,285926
4913,0.001746,172.217.160.0-255,5738,115855,69,285926
4914,0.001751,172.31.40.0-255,66,115921,69,285926
4915,0.001756,172.217.160.0-255,5738,121659,69,285926
4916,0.001759,172.31.40.0-255,66,121725,69,285926
4917,0.001774,172.217.160.0-255,2902,124627,69,285926
4918,0.001777,172.31.40.0-255,66,124693,69,285926
4919,0.001803,172.217.160.0-255,4320,129013,69,285926
4920,0.001807,172.31.40.0-255,66,129079,69,285926
4921,0.00183,172.31.40.0-255,66,129145,69,285926
4922,0.003603,172.217.160.0-255,4320,133465,69,285926
4923,0.00361,172.31.40.0-255,66,133531,69,285926
4924,0.003625,172.217.160.0-255,1484,135015,69,285926
4925,0.005374,172.217.160.0-255,2902,137917,69,285926
4926,0.005379,172.31.40.0-255,66,137983,69,285926
4927,0.005397,172.217.160.0-255,1484,139467,69,285926
4928,0.007148,172.217.160.0-255,4320,143787,69,285926
4929,0.007153,172.31.40.0-255,66,143853,69,285926
4930,0.008927,172.217.160.0-255,4320,148173,69,285926
4931,0.008933,172.31.40.0-255,66,148239,69,285926
4932,0.008954,172.217.160.0-255,1484,149723,69,285926
4933,0.0107,172.217.160.0-255,4320,154043,69,285926
4934,0.010708,172.31.40.0-255,66,154109,69,285926
4935,0.012476,172.217.160.0-255,4320,158429,69,285926
4936,0.012482,172.31.40.0-255,66,158495,69,285926
4937,0.012509,172.217.160.0-255,1484,159979,69,285926
4938,0.014272,172.217.160.0-255,4320,164299,69,285926
4939,0.01428,172.31.40.0-255,66,164365,69,285926
4940,0.016062,172.217.160.0-255,5738,170103,69,285926
4941,0.016069,172.31.40.0-255,66,170169,69,285926
4942,0.017843,172.217.160.0-255,5738,175907,69,285926
4943,0.017849,172.31.40.0-255,66,175973,69,285926
4944,0.019645,172.217.160.0-255,5738,181711,69,285926
4945,0.01965,172.31.40.0-255,66,181777,69,285926
4946,0.021463,172.217.160.0-255,2902,184679,69,285926
4947,0.021468,172.31.40.0-255,66,184745,69,285926
4948,0.0215,172.217.160.0-255,2902,187647,69,285926
4949,0.021503,172.31.40.0-255,66,187713,69,285926
4950,0.023266,172.217.160.0-255,2902,190615,69,285926
4951,0.023272,172.31.40.0-255,66,190681,69,285926
4952,0.023314,172.217.160.0-255,1484,192165,69,285926
4953,0.023328,172.217.160.0-255,1484,193649,69,285926
4954,0.023331,172.31.40.0-255,66,193715,69,285926
4955,0.02512,172.217.160.0-255,2902,196617,69,285926
4956,0.025126,172.31.40.0-255,66,196683,69,285926
4957,0.025151,172.217.160.0-255,2902,199585,69,285926
4958,0.025154,172.31.40.0-255,66,199651,69,285926
4959,0.026985,172.217.160.0-255,2902,202553,69,285926
4960,0.026993,172.31.40.0-255,66,202619,69,285926
4961,0.027031,172.217.160.0-255,2902,205521,69,285926
4962,0.027035,172.31.40.0-255,66,205587,69,285926
4963,0.02879,172.217.160.0-255,2902,208489,69,285926
4964,0.028797,172.31.40.0-255,66,208555,69,285926
4965,0.028831,172.217.160.0-255,2902,211457,69,285926
4966,0.028835,172.31.40.0-255,66,211523,69,285926
4967,0.03057,172.217.160.0-255,2902,214425,69,285926
4968,0.030577,172.31.40.0-255,66,214491,69,285926
4969,0.030608,172.217.160.0-255,2902,217393,69,285926
4970,0.030612,172.31.40.0-255,66,217459,69,285926
4971,0.032346,172.217.160.0-255,2902,220361,69,285926
4972,0.032351,172.31.40.0-255,66,220427,69,285926
4973,0.032376,172.217.160.0-255,2902,223329,69,285926
4974,0.032379,172.31.40.0-255,66,223395,69,285926
4975,0.033659,172.31.40.0-255,172,223567,69,285926
4976,0.033686,172.31.40.0-255,1112,224679,69,285926
4977,0.033722,172.31.40.0-255,1514,226193,69,285926
4978,0.033723,172.31.40.0-255,1514,227707,69,285926
4979,0.033727,172.31.40.0-255,1514,229221,69,285926
4980,0.033729,172.31.40.0-255,1514,230735,69,285926
4981,0.033756,172.31.40.0-255,1503,232238,69,285926
4982,0.034133,172.217.160.0-255,2902,235140,69,285926
4983,0.034138,172.31.40.0-255,66,235206,69,285926
4984,0.034162,172.217.160.0-255,2902,238108,69,285926
4985,0.034165,172.31.40.0-255,66,238174,69,285926
4986,0.035323,104.244.42.0-255,66,238240,69,285926
4987,0.035381,104.244.42.0-255,66,238306,69,285926
4988,0.035432,104.244.42.0-255,66,238372,69,285926
4989,0.03592,172.217.160.0-255,2902,241274,69,285926
4990,0.035924,172.31.40.0-255,66,241340,69,285926
4991,0.035951,172.217.160.0-255,2902,244242,69,285926
4992,0.035953,172.31.40.0-255,66,244308,69,285926
4993,0.037691,172.217.160.0-255,2902,247210,69,285926
4994,0.037695,172.31.40.0-255,66,247276,69,285926
4995,0.037719,172.217.160.0-255,2902,250178,69,285926
4996,0.037721,172.31.40.0-255,66,250244,69,285926
4997,0.039474,172.217.160.0-255,2902,253146,69,285926
4998,0.03948,172.31.40.0-255,66,253212,69,285926
4999,0.039508,172.217.160.0-255,2902,256114,69,285926
5000,0.03951,172.31.40.0-255,66,256180,69,285926
5001,0.04125,172.217.160.0-255,2902,259082,69,285926
5002,0.041256,172.31.40.0-255,66,259148,69,285926
5003,0.041283,172.217.160.0-255,1484,260632,69,285926
5004,0.041299,172.217.160.0-255,1484,262116,69,285926
5005,0.041302,172.31.40.0-255,66,262182,69,285926
5006,0.043038,172.217.160.0-255,2902,265084,69,285926
5007,0.043043,172.31.40.0-255,66,265150,69,285926
5008,0.043073,172.217.160.0-255,2902,268052,69,285926
5009,0.043076,172.31.40.0-255,66,268118,69,285926
5010,0.044806,172.217.160.0-255,2902,271020,69,285926
5011,0.044811,172.31.40.0-255,66,271086,69,285926
5012,0.044838,172.217.160.0-255,2902,273988,69,285926
5013,0.04484,172.31.40.0-255,66,274054,69,285926
5014,0.046585,172.217.160.0-255,2902,276956,69,285926
5015,0.04659,172.31.40.0-255,66,277022,69,285926
5016,0.046624,172.217.160.0-255,2902,279924,69,285926
5017,0.046627,172.31.40.0-255,66,279990,69,285926
5018,0.048353,172.217.160.0-255,2902,282892,69,285926
5019,0.048358,172.31.40.0-255,66,282958,69,285926
5020,0.048454,172.217.160.0-255,2902,285860,69,285926
5021,0.048458,172.31.40.0-255,66,285926,69,285926
5022,0.0,172.31.40.0-255,105,105,69,459
5023,0.000206,172.31.40.0-255,90,195,69,459
5024,0.000217,172.31.40.0-255,66,261,69,459
5025,0.002548,74.125.130.0-255,66,327,69,459
5026,0.002576,74.125.130.0-255,66,393,69,459
5027,0.002596,172.31.40.0-255,66,459,69,459
5028,0.0,74.125.24.0-255,295,295,69,224920
5029,2.3e-05,172.31.40.0-255,66,361,69,224920
5030,2.9e-05,74.125.24.0-255,1484,1845,69,224920
5031,3.4e-05,172.31.40.0-255,66,1911,69,224920
5032,3.9e-05,74.125.24.0-255,2902,4813,69,224920
5033,4.2e-05,172.31.40.0-255,66,4879,69,224920
5034,4.9e-05,74.125.24.0-255,5738,10617,69,224920
5035,5.2e-05,172.31.40.0-255,66,10683,69,224920
5036,7.1e-05,74.125.24.0-255,5738,16421,69,224920
5037,7.3e-05,172.31.40.0-255,66,16487,69,224920
5038,0.000111,172.31.40.0-255,66,16553,69,224920
5039,0.000118,74.125.24.0-255,6797,23350,69,224920
5040,0.00012,172.31.40.0-255,66,23416,69,224920
5041,0.000164,74.125.24.0-255,1484,24900,69,224920
5042,0.000167,172.31.40.0-255,66,24966,69,224920
5043,0.000179,74.125.24.0-255,2902,27868,69,224920
5044,0.000181,172.31.40.0-255,66,27934,69,224920
5045,0.000184,74.125.24.0-255,1484,29418,69,224920
5046,0.000185,172.31.40.0-255,66,29484,69,224920
5047,0.000213,74.125.24.0-255,4320,33804,69,224920
5048,0.000216,172.31.40.0-255,66,33870,69,224920
5049,0.000223,74.125.24.0-255,7156,41026,69,224920
5050,0.000225,172.31.40.0-255,66,41092,69,224920
5051,0.000242,74.125.24.0-255,5738,46830,69,224920
5052,0.000244,172.31.40.0-255,66,46896,69,224920
5053,0.00025,74.125.24.0-255,7156,54052,69,224920
5054,0.000252,172.31.40.0-255,66,54118,69,224920
5055,0.00028,74.125.24.0-255,3902,58020,69,224920
5056,0.000282,172.31.40.0-255,66,58086,69,224920
5057,0.000512,74.125.24.0-255,131,58217,69,224920
5058,0.000518,172.31.40.0-255,66,58283,69,224920
5059,0.000692,74.125.24.0-255,1484,59767,69,224920
5060,0.000699,74.125.24.0-255,2902,62669,69,224920
5061,0.000702,172.31.40.0-255,66,62735,69,224920
5062,0.000709,74.125.24.0-255,4320,67055,69,224920
5063,0.000711,172.31.40.0-255,66,67121,69,224920
5064,0.000724,74.125.24.0-255,1484,68605,69,224920
5065,0.000731,74.125.24.0-255,7156,75761,69,224920
5066,0.000734,172.31.40.0-255,66,75827,69,224920
5067,0.000771,172.31.40.0-255,66,75893,69,224920
5068,0.000776,74.125.24.0-255,2184,78077,69,224920
5069,0.000778,172.31.40.0-255,66,78143,69,224920
5070,0.000828,74.125.24.0-255,5738,83881,69,224920
5071,0.000832,172.31.40.0-255,66,83947,69,224920
5072,0.000857,74.125.24.0-255,7156,91103,69,224920
5073,0.00086,172.31.40.0-255,66,91169,69,224920
5074,0.000875,172.31.40.0-255,66,91235,69,224920
5075,0.000917,172.31.40.0-255,66,91301,69,224920
5076,0.000967,172.31.40.0-255,66,91367,69,224920
5077,0.000994,74.125.24.0-255,5738,97105,69,224920
5078,0.000996,172.31.40.0-255,66,97171,69,224920
5079,0.001004,74.125.24.0-255,6718,103889,69,224920
5080,0.001006,172.31.40.0-255,66,103955,69,224920
5081,0.001331,74.125.24.0-255,1484,105439,69,224920
5082,0.001364,74.125.24.0-255,2902,108341,69,224920
5083,0.001368,172.31.40.0-255,66,108407,69,224920
5084,0.001375,74.125.24.0-255,5738,114145,69,224920
5085,0.001377,172.31.40.0-255,66,114211,69,224920
5086,0.001383,74.125.24.0-255,4320,118531,69,224920
5087,0.001385,172.31.40.0-255,66,118597,69,224920
5088,0.001406,74.125.24.0-255,2902,121499,69,224920
5089,0.001408,172.31.40.0-255,66,121565,69,224920
5090,0.001437,74.125.24.0-255,7156,128721,69,224920
5091,0.00144,172.31.40.0-255,66,128787,69,224920
5092,0.00147,172.31.40.0-255,66,128853,69,224920
5093,0.001477,74.125.24.0-255,5738,134591,69,224920
5094,0.001479,172.31.40.0-255,66,134657,69,224920
5095,0.001483,74.125.24.0-255,2902,137559,69,224920
5096,0.001485,172.31.40.0-255,66,137625,69,224920
5097,0.00151,74.125.24.0-255,4320,141945,69,224920
5098,0.001513,172.31.40.0-255,66,142011,69,224920
5099,0.001525,172.31.40.0-255,66,142077,69,224920
5100,0.001549,74.125.24.0-255,4320,146397,69,224920
5101,0.001552,172.31.40.0-255,66,146463,69,224920
5102,0.001559,74.125.24.0-255,6438,152901,69,224920
5103,0.001562,172.31.40.0-255,66,152967,69,224920
5104,0.00166,74.125.24.0-255,1484,154451,69,224920
5105,0.001666,74.125.24.0-255,2902,157353,69,224920
5106,0.00167,172.31.40.0-255,66,157419,69,224920
5107,0.001696,74.125.24.0-255,5738,163157,69,224920
5108,0.001698,172.31.40.0-255,66,163223,69,224920
5109,0.001705,74.125.24.0-255,5738,168961,69,224920
5110,0.001707,172.31.40.0-255,66,169027,69,224920
5111,0.001733,74.125.24.0-255,7156,176183,69,224920
5112,0.001735,172.31.40.0-255,66,176249,69,224920
5113,0.001749,172.31.40.0-255,66,176315,69,224920
5114,0.001976,74.125.24.0-255,1484,177799,69,224920
5115,0.001983,74.125.24.0-255,2902,180701,69,224920
5116,0.001986,172.31.40.0-255,66,180767,69,224920
5117,0.001992,74.125.24.0-255,4320,185087,69,224920
5118,0.001995,172.31.40.0-255,66,185153,69,224920
5119,0.002009,74.125.24.0-255,1484,186637,69,224920
5120,0.002013,74.125.24.0-255,2902,189539,69,224920
5121,0.002016,172.31.40.0-255,66,189605,69,224920
5122,0.002047,172.31.40.0-255,66,189671,69,224920
5123,0.00206,172.31.40.0-255,66,189737,69,224920
5124,0.002106,74.125.24.0-255,1484,191221,69,224920
5125,0.002112,74.125.24.0-255,2902,194123,69,224920
5126,0.002115,172.31.40.0-255,66,194189,69,224920
5127,0.002119,74.125.24.0-255,2902,197091,69,224920
5128,0.002121,172.31.40.0-255,66,197157,69,224920
5129,0.002135,74.125.24.0-255,2902,200059,69,224920
5130,0.002138,172.31.40.0-255,66,200125,69,224920
5131,0.002145,74.125.24.0-255,5738,205863,69,224920
5132,0.002148,172.31.40.0-255,66,205929,69,224920
5133,0.002154,74.125.24.0-255,4320,210249,69,224920
5134,0.002155,172.31.40.0-255,66,210315,69,224920
5135,0.002188,172.31.40.0-255,66,210381,69,224920
5136,0.002192,74.125.24.0-255,2902,213283,69,224920
5137,0.002194,172.31.40.0-255,66,213349,69,224920
5138,0.002238,172.31.40.0-255,66,213415,69,224920
5139,0.002253,172.31.40.0-255,66,213481,69,224920
5140,0.002269,172.31.40.0-255,66,213547,69,224920
5141,0.002361,172.31.40.0-255,66,213613,69,224920
5142,0.002365,74.125.24.0-255,1617,215230,69,224920
5143,0.002368,172.31.40.0-255,66,215296,69,224920
5144,0.002371,74.125.24.0-255,105,215401,69,224920
5145,0.011402,172.31.40.0-255,66,215467,69,224920
5146,0.011448,172.31.40.0-255,105,215572,69,224920
5147,0.014017,74.125.24.0-255,66,215638,69,224920
5148,0.03813,172.31.40.0-255,172,215810,69,224920
5149,0.038163,172.31.40.0-255,1116,216926,69,224920
5150,0.038226,172.31.40.0-255,1514,218440,69,224920
5151,0.038228,172.31.40.0-255,1514,219954,69,224920
5152,0.03823,172.31.40.0-255,1514,221468,69,224920
5153,0.038231,172.31.40.0-255,1514,222982,69,224920
5154,0.038263,172.31.40.0-255,1500,224482,69,224920
5155,0.039632,104.244.42.0-255,66,224548,69,224920
5156,0.03973,104.244.42.0-255,66,224614,69,224920
5157,0.039775,104.244.42.0-255,66,224680,69,224920
5158,0.039829,104.244.42.0-255,66,224746,69,224920
5159,0.040446,104.244.42.0-255,108,224854,69,224920
5160,0.040457,172.31.40.0-255,66,224920,69,224920
5161,0.0,172.217.194.0-255,146,146,69,266851
5162,2.3e-05,172.31.40.0-255,66,212,69,266851
5163,3e-05,172.217.194.0-255,1484,1696,69,266851
5164,3.5e-05,172.31.40.0-255,66,1762,69,266851
5165,6.1e-05,172.217.194.0-255,2902,4664,69,266851
5166,6.5e-05,172.31.40.0-255,66,4730,69,266851
5167,7.7e-05,172.217.194.0-255,7156,11886,69,266851
5168,7.9e-05,172.31.40.0-255,66,11952,69,266851
5169,8.4e-05,172.217.194.0-255,2161,14113,69,266851
5170,8.6e-05,172.31.40.0-255,66,14179,69,266851
5171,0.000172,172.217.194.0-255,1484,15663,69,266851
5172,0.000175,172.31.40.0-255,66,15729,69,266851
5173,0.000181,172.217.194.0-255,2902,18631,69,266851
5174,0.000183,172.31.40.0-255,66,18697,69,266851
5175,0.000204,172.217.194.0-255,5738,24435,69,266851
5176,0.000208,172.31.40.0-255,66,24501,69,266851
5177,0.000242,172.217.194.0-255,6797,31298,69,266851
5178,0.000245,172.31.40.0-255,66,31364,69,266851
5179,0.000275,172.217.194.0-255,7156,38520,69,266851
5180,0.000278,172.31.40.0-255,66,38586,69,266851
5181,0.000283,172.217.194.0-255,4320,42906,69,266851
5182,0.000286,172.31.40.0-255,66,42972,69,266851
5183,0.000338,172.217.194.0-255,1484,44456,69,266851
5184,0.000341,172.31.40.0-255,66,44522,69,266851
5185,0.000369,172.217.194.0-255,3961,48483,69,266851
5186,0.000371,172.31.40.0-255,66,48549,69,266851
5187,0.000378,172.217.194.0-255,2902,51451,69,266851
5188,0.000381,172.31.40.0-255,66,51517,69,266851
5189,0.00041,172.217.194.0-255,2902,54419,69,266851
5190,0.000413,172.31.40.0-255,66,54485,69,266851
5191,0.000421,172.217.194.0-255,7156,61641,69,266851
5192,0.000423,172.31.40.0-255,66,61707,69,266851
5193,0.000453,172.217.194.0-255,3961,65668,69,266851
5194,0.000456,172.31.40.0-255,66,65734,69,266851
5195,0.000512,172.217.194.0-255,362,66096,69,266851
5196,0.000555,172.217.194.0-255,380,66476,69,266851
5197,0.000995,172.217.194.0-255,1484,67960,69,266851
5198,0.000999,172.31.40.0-255,66,68026,69,266851
5199,0.001005,172.217.194.0-255,2902,70928,69,266851
5200,0.001007,172.31.40.0-255,66,70994,69,266851
5201,0.001037,172.217.194.0-255,5738,76732,69,266851
5202,0.00104,172.31.40.0-255,66,76798,69,266851
5203,0.001045,172.217.194.0-255,2902,79700,69,266851
5204,0.001047,172.31.40.0-255,66,79766,69,266851
5205,0.001085,172.31.40.0-255,66,79832,69,266851
5206,0.001133,172.31.40.0-255,66,79898,69,266851
5207,0.001137,172.217.194.0-255,1484,81382,69,266851
5208,0.001167,172.217.194.0-255,1484,82866,69,266851
5209,0.001172,172.217.194.0-255,4320,87186,69,266851
5210,0.00119,172.31.40.0-255,66,87252,69,266851
5211,0.001194,172.31.40.0-255,66,87318,69,266851
5212,0.001197,172.31.40.0-255,66,87384,69,266851
5213,0.001203,172.217.194.0-255,4320,91704,69,266851
5214,0.001205,172.31.40.0-255,66,91770,69,266851
5215,0.001238,172.31.40.0-255,66,91836,69,266851
5216,0.001756,172.217.194.0-255,1484,93320,69,266851
5217,0.001762,172.217.194.0-255,2902,96222,69,266851
5218,0.001766,172.31.40.0-255,66,96288,69,266851
5219,0.00177,172.217.194.0-255,1484,97772,69,266851
5220,0.001798,172.217.194.0-255,4320,102092,69,266851
5221,0.001801,172.31.40.0-255,66,102158,69,266851
5222,0.001815,172.31.40.0-255,66,102224,69,266851
5223,0.001846,172.217.194.0-255,1484,103708,69,266851
5224,0.001858,172.31.40.0-255,66,103774,69,266851
5225,0.001894,172.217.194.0-255,5738,109512,69,266851
5226,0.001898,172.31.40.0-255,66,109578,69,266851
5227,0.001939,172.31.40.0-255,66,109644,69,266851
5228,0.001959,172.31.40.0-255,66,109710,69,266851
5229,0.001969,172.31.40.0-255,66,109776,69,266851
5230,0.002006,172.217.194.0-255,1484,111260,69,266851
5231,0.00201,172.217.194.0-255,1484,112744,69,266851
5232,0.002013,172.31.40.0-255,66,112810,69,266851
5233,0.002039,172.217.194.0-255,1484,114294,69,266851
5234,0.002046,172.217.194.0-255,5738,120032,69,266851
5235,0.002048,172.31.40.0-255,66,120098,69,266851
5236,0.002054,172.217.194.0-255,4320,124418,69,266851
5237,0.002056,172.31.40.0-255,66,124484,69,266851
5238,0.002078,172.217.194.0-255,1484,125968,69,266851
5239,0.004099,172.217.194.0-255,4320,130288,69,266851
5240,0.00411,172.31.40.0-255,66,130354,69,266851
5241,0.006112,172.217.194.0-255,2902,133256,69,266851
5242,0.006116,172.31.40.0-255,66,133322,69,266851
5243,0.006142,172.217.194.0-255,2902,136224,69,266851
5244,0.006144,172.31.40.0-255,66,136290,69,266851
5245,0.008093,172.217.194.0-255,2902,139192,69,266851
5246,0.008096,172.31.40.0-255,66,139258,69,266851
5247,0.00814,172.217.194.0-255,2902,142160,69,266851
5248,0.008142,172.31.40.0-255,66,142226,69,266851
5249,0.010097,172.217.194.0-255,2902,145128,69,266851
5250,0.010108,172.31.40.0-255,66,145194,69,266851
5251,0.010192,172.217.194.0-255,2902,148096,69,266851
5252,0.010197,172.31.40.0-255,66,148162,69,266851
5253,0.012117,172.217.194.0-255,2902,151064,69,266851
5254,0.012126,172.31.40.0-255,66,151130,69,266851
5255,0.012207,172.217.194.0-255,2902,154032,69,266851
5256,0.012211,172.31.40.0-255,66,154098,69,266851
5257,0.014165,172.217.194.0-255,2902,157000,69,266851
5258,0.014175,172.31.40.0-255,66,157066,69,266851
5259,0.014212,172.217.194.0-255,2902,159968,69,266851
5260,0.014215,172.31.40.0-255,66,160034,69,266851
5261,0.016163,172.217.194.0-255,5738,165772,69,266851
5262,0.016184,172.31.40.0-255,66,165838,69,266851
5263,0.018192,172.217.194.0-255,5738,171576,69,266851
5264,0.018209,172.31.40.0-255,66,171642,69,266851
5265,0.020216,172.217.194.0-255,5738,177380,69,266851
5266,0.020234,172.31.40.0-255,66,177446,69,266851
5267,0.022248,172.217.194.0-255,5738,183184,69,266851
5268,0.022259,172.31.40.0-255,66,183250,69,266851
5269,0.024288,172.217.194.0-255,5738,188988,69,266851
5270,0.024301,172.31.40.0-255,66,189054,69,266851
5271,0.026336,172.217.194.0-255,5738,194792,69,266851
5272,0.026353,172.31.40.0-255,66,194858,69,266851
5273,0.028417,172.217.194.0-255,5738,200596,69,266851
5274,0.028427,172.31.40.0-255,66,200662,69,266851
5275,0.030423,172.217.194.0-255,5738,206400,69,266851
5276,0.030431,172.31.40.0-255,66,206466,69,266851
5277,0.032442,172.217.194.0-255,5738,212204,69,266851
5278,0.032453,172.31.40.0-255,66,212270,69,266851
5279,0.034493,172.217.194.0-255,5738,218008,69,266851
5280,0.034504,172.31.40.0-255,66,218074,69,266851
5281,0.03654,172.217.194.0-255,5738,223812,69,266851
5282,0.036549,172.31.40.0-255,66,223878,69,266851
5283,0.037599,172.31.40.0-255,172,224050,69,266851
5284,0.037635,172.31.40.0-255,1111,225161,69,266851
5285,0.0377,172.31.40.0-255,1514,226675,69,266851
5286,0.037702,172.31.40.0-255,1514,228189,69,266851
5287,0.037703,172.31.40.0-255,1514,229703,69,266851
5288,0.037704,172.31.40.0-255,1514,231217,69,266851
5289,0.037705,172.31.40.0-255,546,231763,69,266851
5290,0.038535,172.217.194.0-255,5738,237501,69,266851
5291,0.038543,172.31.40.0-255,66,237567,69,266851
5292,0.039124,104.244.42.0-255,66,237633,69,266851
5293,0.039186,104.244.42.0-255,66,237699,69,266851
5294,0.039297,104.244.42.0-255,66,237765,69,266851
5295,0.0393,104.244.42.0-255,66,237831,69,266851
5296,0.040512,172.217.194.0-255,5738,243569,69,266851
5297,0.040522,172.31.40.0-255,66,243635,69,266851
5298,0.042526,172.217.194.0-255,5738,249373,69,266851
5299,0.042533,172.31.40.0-255,66,249439,69,266851
5300,0.044573,172.217.194.0-255,5738,255177,69,266851
5301,0.044581,172.31.40.0-255,66,255243,69,266851
5302,0.046567,172.217.194.0-255,5738,260981,69,266851
5303,0.046573,172.31.40.0-255,66,261047,69,266851
5304,0.048575,172.217.194.0-255,5738,266785,69,266851
5305,0.04858,172.31.40.0-255,66,266851,69,266851
5306,0.0,172.217.194.0-255,146,146,69,153452
5307,2.3e-05,172.31.40.0-255,66,212,69,153452
5308,3e-05,172.217.194.0-255,1484,1696,69,153452
5309,3.4e-05,172.31.40.0-255,66,1762,69,153452
5310,3.9e-05,172.217.194.0-255,2902,4664,69,153452
5311,4.2e-05,172.31.40.0-255,66,4730,69,153452
5312,5e-05,172.217.194.0-255,7156,11886,69,153452
5313,5.2e-05,172.31.40.0-255,66,11952,69,153452
5314,5.6e-05,172.217.194.0-255,2138,14090,69,153452
5315,6e-05,172.31.40.0-255,66,14156,69,153452
5316,9.5e-05,172.31.40.0-255,66,14222,69,153452
5317,0.000125,172.217.194.0-255,2902,17124,69,153452
5318,0.000127,172.31.40.0-255,66,17190,69,153452
5319,0.000134,172.217.194.0-255,5379,22569,69,153452
5320,0.000137,172.31.40.0-255,66,22635,69,153452
5321,0.000143,172.217.194.0-255,5738,28373,69,153452
5322,0.000146,172.31.40.0-255,66,28439,69,153452
5323,0.000152,172.217.194.0-255,7156,35595,69,153452
5324,0.000155,172.31.40.0-255,66,35661,69,153452
5325,0.000179,172.217.194.0-255,3961,39622,69,153452
5326,0.000181,172.31.40.0-255,66,39688,69,153452
5327,0.000338,172.217.194.0-255,1484,41172,69,153452
5328,0.000342,172.31.40.0-255,66,41238,69,153452
5329,0.00037,172.217.194.0-255,2902,44140,69,153452
5330,0.000373,172.31.40.0-255,66,44206,69,153452
5331,0.000378,172.217.194.0-255,4320,48526,69,153452
5332,0.00038,172.31.40.0-255,66,48592,69,153452
5333,0.000396,172.217.194.0-255,1484,50076,69,153452
5334,0.000398,172.31.40.0-255,66,50142,69,153452
5335,0.000405,172.217.194.0-255,5738,55880,69,153452
5336,0.000407,172.31.40.0-255,66,55946,69,153452
5337,0.000428,172.217.194.0-255,1739,57685,69,153452
5338,0.00043,172.31.40.0-255,66,57751,69,153452
5339,0.000517,172.217.194.0-255,1484,59235,69,153452
5340,0.000522,172.217.194.0-255,1484,60719,69,153452
5341,0.000525,172.31.40.0-255,66,60785,69,153452
5342,0.000539,172.217.194.0-255,1484,62269,69,153452
5343,0.000546,172.217.194.0-255,5738,68007,69,153452
5344,0.000549,172.31.40.0-255,66,68073,69,153452
5345,0.000553,172.217.194.0-255,2902,70975,69,153452
5346,0.000555,172.31.40.0-255,66,71041,69,153452
5347,0.00058,172.217.194.0-255,3961,75002,69,153452
5348,0.000583,172.31.40.0-255,66,75068,69,153452
5349,0.000626,172.31.40.0-255,66,75134,69,153452
5350,0.000641,172.217.194.0-255,1484,76618,69,153452
5351,0.000648,172.217.194.0-255,3961,80579,69,153452
5352,0.00065,172.31.40.0-255,66,80645,69,153452
5353,0.000935,172.217.194.0-255,1484,82129,69,153452
5354,0.000942,172.217.194.0-255,2902,85031,69,153452
5355,0.000945,172.31.40.0-255,66,85097,69,153452
5356,0.000952,172.217.194.0-255,5738,90835,69,153452
5357,0.000955,172.31.40.0-255,66,90901,69,153452
5358,0.000981,172.31.40.0-255,66,90967,69,153452
5359,0.001004,172.217.194.0-255,4320,95287,69,153452
5360,0.001007,172.31.40.0-255,66,95353,69,153452
5361,0.001015,172.217.194.0-255,7156,102509,69,153452
5362,0.001017,172.31.40.0-255,66,102575,69,153452
5363,0.001033,172.217.194.0-255,3602,106177,69,153452
5364,0.001036,172.31.40.0-255,66,106243,69,153452
5365,0.001155,172.217.194.0-255,1484,107727,69,153452
5366,0.001162,172.217.194.0-255,2902,110629,69,153452
5367,0.001165,172.31.40.0-255,66,110695,69,153452
5368,0.001172,172.217.194.0-255,5738,116433,69,153452
5369,0.001174,172.31.40.0-255,66,116499,69,153452
5370,0.001208,172.31.40.0-255,66,116565,69,153452
5371,0.00123,172.217.194.0-255,1484,118049,69,153452
5372,0.001243,172.31.40.0-255,66,118115,69,153452
5373,0.001306,172.217.194.0-255,1484,119599,69,153452
5374,0.001321,172.217.194.0-255,2902,122501,69,153452
5375,0.001324,172.31.40.0-255,66,122567,69,153452
5376,0.001331,172.217.194.0-255,5738,128305,69,153452
5377,0.001333,172.31.40.0-255,66,128371,69,153452
5378,0.001346,172.217.194.0-255,1484,129855,69,153452
5379,0.001374,172.31.40.0-255,66,129921,69,153452
5380,0.001387,172.31.40.0-255,66,129987,69,153452
5381,0.00177,172.217.194.0-255,1484,131471,69,153452
5382,0.001777,172.217.194.0-255,2902,134373,69,153452
5383,0.001781,172.31.40.0-255,66,134439,69,153452
5384,0.001788,172.217.194.0-255,5738,140177,69,153452
5385,0.001791,172.31.40.0-255,66,140243,69,153452
5386,0.001805,172.31.40.0-255,66,140309,69,153452
5387,0.001911,172.31.40.0-255,66,140375,69,153452
5388,0.001958,172.31.40.0-255,66,140441,69,153452
5389,0.002044,172.31.40.0-255,66,140507,69,153452
5390,0.002076,172.217.194.0-255,4320,144827,69,153452
5391,0.002101,172.31.40.0-255,66,144893,69,153452
5392,0.002142,172.31.40.0-255,66,144959,69,153452
5393,0.002205,172.217.194.0-255,105,145064,69,153452
5394,0.002226,172.31.40.0-255,66,145130,69,153452
5395,0.012944,172.31.40.0-255,105,145235,69,153452
5396,0.015188,172.217.194.0-255,66,145301,69,153452
5397,0.039817,172.31.40.0-255,172,145473,69,153452
5398,0.039852,172.31.40.0-255,1111,146584,69,153452
5399,0.039916,172.31.40.0-255,1514,148098,69,153452
5400,0.039918,172.31.40.0-255,1514,149612,69,153452
5401,0.03992,172.31.40.0-255,1514,151126,69,153452
5402,0.039921,172.31.40.0-255,1514,152640,69,153452
5403,0.039946,172.31.40.0-255,548,153188,69,153452
5404,0.04131,104.244.42.0-255,66,153254,69,153452
5405,0.041341,104.244.42.0-255,66,153320,69,153452
5406,0.041422,104.244.42.0-255,66,153386,69,153452
5407,0.041427,104.244.42.0-255,66,153452,69,153452
5408,0.0,216.58.221.0-255,153,153,69,254517
5409,2.5e-05,172.31.40.0-255,66,219,69,254517
5410,3e-05,216.58.221.0-255,1484,1703,69,254517
5411,3.4e-05,172.31.40.0-255,66,1769,69,254517
5412,3.8e-05,216.58.221.0-255,2902,4671,69,254517
5413,4e-05,172.31.40.0-255,66,4737,69,254517
5414,7.2e-05,216.58.221.0-255,7156,11893,69,254517
5415,7.5e-05,172.31.40.0-255,66,11959,69,254517
5416,9.8e-05,216.58.221.0-255,1484,13443,69,254517
5417,0.0001,172.31.40.0-255,66,13509,69,254517
5418,0.000116,216.58.221.0-255,687,14196,69,254517
5419,0.000118,172.31.40.0-255,66,14262,69,254517
5420,0.000212,216.58.221.0-255,1484,15746,69,254517
5421,0.000215,172.31.40.0-255,66,15812,69,254517
5422,0.000218,216.58.221.0-255,1484,17296,69,254517
5423,0.00022,172.31.40.0-255,66,17362,69,254517
5424,0.000246,216.58.221.0-255,1484,18846,69,254517
5425,0.000248,172.31.40.0-255,66,18912,69,254517
5426,0.000253,216.58.221.0-255,2902,21814,69,254517
5427,0.000257,216.58.221.0-255,4320,26134,69,254517
5428,0.000257,172.31.40.0-255,66,26200,69,254517
5429,0.000259,172.31.40.0-255,66,26266,69,254517
5430,0.000285,216.58.221.0-255,1484,27750,69,254517
5431,0.000288,172.31.40.0-255,66,27816,69,254517
5432,0.000322,172.31.40.0-255,66,27882,69,254517
5433,0.000359,216.58.221.0-255,4320,32202,69,254517
5434,0.000363,172.31.40.0-255,66,32268,69,254517
5435,0.00039,216.58.221.0-255,5738,38006,69,254517
5436,0.000394,172.31.40.0-255,66,38072,69,254517
5437,0.000436,216.58.221.0-255,2543,40615,69,254517
5438,0.000439,172.31.40.0-255,66,40681,69,254517
5439,0.000443,216.58.221.0-255,2902,43583,69,254517
5440,0.000445,172.31.40.0-255,66,43649,69,254517
5441,0.000474,216.58.221.0-255,7156,50805,69,254517
5442,0.000477,172.31.40.0-255,66,50871,69,254517
5443,0.000517,216.58.221.0-255,1484,52355,69,254517
5444,0.000533,216.58.221.0-255,5669,58024,69,254517
5445,0.000536,172.31.40.0-255,66,58090,69,254517
5446,0.001163,216.58.221.0-255,135,58225,69,254517
5447,0.001327,216.58.221.0-255,1484,59709,69,254517
5448,0.001332,172.31.40.0-255,66,59775,69,254517
5449,0.001338,216.58.221.0-255,2902,62677,69,254517
5450,0.00134,172.31.40.0-255,66,62743,69,254517
5451,0.001345,216.58.221.0-255,4320,67063,69,254517
5452,0.001351,172.31.40.0-255,66,67129,69,254517
5453,0.001373,216.58.221.0-255,1484,68613,69,254517
5454,0.001376,216.58.221.0-255,1484,70097,69,254517
5455,0.001377,172.31.40.0-255,66,70163,69,254517
5456,0.001399,216.58.221.0-255,2902,73065,69,254517
5457,0.001401,172.31.40.0-255,66,73131,69,254517
5458,0.001405,216.58.221.0-255,2543,75674,69,254517
5459,0.001407,172.31.40.0-255,66,75740,69,254517
5460,0.001452,216.58.221.0-255,2902,78642,69,254517
5461,0.001454,172.31.40.0-255,66,78708,69,254517
5462,0.001476,216.58.221.0-255,2902,81610,69,254517
5463,0.001477,172.31.40.0-255,66,81676,69,254517
5464,0.001483,216.58.221.0-255,7156,88832,69,254517
5465,0.001485,172.31.40.0-255,66,88898,69,254517
5466,0.001534,216.58.221.0-255,3961,92859,69,254517
5467,0.001536,172.31.40.0-255,66,92925,69,254517
5468,0.001848,216.58.221.0-255,1484,94409,69,254517
5469,0.001864,216.58.221.0-255,2902,97311,69,254517
5470,0.001866,172.31.40.0-255,66,97377,69,254517
5471,0.001876,216.58.221.0-255,1484,98861,69,254517
5472,0.001896,216.58.221.0-255,4320,103181,69,254517
5473,0.001898,172.31.40.0-255,66,103247,69,254517
5474,0.00191,216.58.221.0-255,1484,104731,69,254517
5475,0.001928,216.58.221.0-255,7156,111887,69,254517
5476,0.001931,172.31.40.0-255,66,111953,69,254517
5477,0.001954,216.58.221.0-255,4320,116273,69,254517
5478,0.001956,172.31.40.0-255,66,116339,69,254517
5479,0.00201,216.58.221.0-255,4320,120659,69,254517
5480,0.002012,172.31.40.0-255,66,120725,69,254517
5481,0.00203,216.58.221.0-255,5738,126463,69,254517
5482,0.002032,172.31.40.0-255,66,126529,69,254517
5483,0.002055,216.58.221.0-255,766,127295,69,254517
5484,0.002086,216.58.221.0-255,1484,128779,69,254517
5485,0.002088,172.31.40.0-255,66,128845,69,254517
5486,0.002119,172.31.40.0-255,66,128911,69,254517
5487,0.002174,216.58.221.0-255,1484,130395,69,254517
5488,0.002183,216.58.221.0-255,2902,133297,69,254517
5489,0.002185,172.31.40.0-255,66,133363,69,254517
5490,0.002204,172.31.40.0-255,66,133429,69,254517
5491,0.002226,172.31.40.0-255,66,133495,69,254517
5492,0.002331,216.58.221.0-255,2902,136397,69,254517
5493,0.002332,172.31.40.0-255,66,136463,69,254517
5494,0.002354,216.58.221.0-255,4320,140783,69,254517
5495,0.002357,172.31.40.0-255,66,140849,69,254517
5496,0.002376,216.58.221.0-255,1484,142333,69,254517
5497,0.002391,216.58.221.0-255,2902,145235,69,254517
5498,0.002393,172.31.40.0-255,66,145301,69,254517
5499,0.002418,172.31.40.0-255,66,145367,69,254517
5500,0.002444,216.58.221.0-255,4320,149687,69,254517
5501,0.002446,172.31.40.0-255,66,149753,69,254517
5502,0.002506,216.58.221.0-255,1484,151237,69,254517
5503,0.002524,216.58.221.0-255,6438,157675,69,254517
5504,0.002526,172.31.40.0-255,66,157741,69,254517
5505,0.002586,216.58.221.0-255,5738,163479,69,254517
5506,0.002589,172.31.40.0-255,66,163545,69,254517
5507,0.002625,172.31.40.0-255,66,163611,69,254517
5508,0.002672,216.58.221.0-255,1484,165095,69,254517
5509,0.002703,172.31.40.0-255,66,165161,69,254517
5510,0.002781,216.58.221.0-255,2902,168063,69,254517
5511,0.002785,172.31.40.0-255,66,168129,69,254517
5512,0.00281,216.58.221.0-255,1484,169613,69,254517
5513,0.002813,216.58.221.0-255,766,170379,69,254517
5514,0.002815,172.31.40.0-255,66,170445,69,254517
5515,0.002822,216.58.221.0-255,7156,177601,69,254517
5516,0.002824,172.31.40.0-255,66,177667,69,254517
5517,0.002866,172.31.40.0-255,66,177733,69,254517
5518,0.002891,216.58.221.0-255,1484,179217,69,254517
5519,0.002973,216.58.221.0-255,1484,180701,69,254517
5520,0.002976,172.31.40.0-255,66,180767,69,254517
5521,0.002998,172.31.40.0-255,66,180833,69,254517
5522,0.003037,216.58.221.0-255,766,181599,69,254517
5523,0.003063,216.58.221.0-255,4320,185919,69,254517
5524,0.003065,172.31.40.0-255,66,185985,69,254517
5525,0.003099,172.31.40.0-255,66,186051,69,254517
5526,0.003148,216.58.221.0-255,2902,188953,69,254517
5527,0.003151,172.31.40.0-255,66,189019,69,254517
5528,0.003186,172.31.40.0-255,66,189085,69,254517
5529,0.003262,216.58.221.0-255,2902,191987,69,254517
5530,0.003265,172.31.40.0-255,66,192053,69,254517
5531,0.003295,216.58.221.0-255,5020,197073,69,254517
5532,0.003298,172.31.40.0-255,66,197139,69,254517
5533,0.003339,216.58.221.0-255,4320,201459,69,254517
5534,0.003343,172.31.40.0-255,66,201525,69,254517
5535,0.003388,172.31.40.0-255,66,201591,69,254517
5536,0.003512,216.58.221.0-255,2902,204493,69,254517
5537,0.003516,172.31.40.0-255,66,204559,69,254517
5538,0.003539,216.58.221.0-255,2184,206743,69,254517
5539,0.003542,172.31.40.0-255,66,206809,69,254517
5540,0.003571,216.58.221.0-255,5738,212547,69,254517
5541,0.003574,172.31.40.0-255,66,212613,69,254517
5542,0.003608,172.31.40.0-255,66,212679,69,254517
5543,0.003632,216.58.221.0-255,4320,216999,69,254517
5544,0.003634,172.31.40.0-255,66,217065,69,254517
5545,0.003709,216.58.221.0-255,1484,218549,69,254517
5546,0.003723,216.58.221.0-255,4320,222869,69,254517
5547,0.003726,172.31.40.0-255,66,222935,69,254517
5548,0.003762,172.31.40.0-255,66,223001,69,254517
5549,0.003785,216.58.221.0-255,1484,224485,69,254517
5550,0.003811,216.58.221.0-255,1484,225969,69,254517
5551,0.003814,172.31.40.0-255,66,226035,69,254517
5552,0.003821,216.58.221.0-255,7156,233191,69,254517
5553,0.003823,172.31.40.0-255,66,233257,69,254517
5554,0.003843,216.58.221.0-255,5738,238995,69,254517
5555,0.003847,172.31.40.0-255,66,239061,69,254517
5556,0.003904,216.58.221.0-255,1484,240545,69,254517
5557,0.00393,172.31.40.0-255,66,240611,69,254517
5558,0.003982,216.58.221.0-255,1484,242095,69,254517
5559,0.003998,216.58.221.0-255,2902,244997,69,254517
5560,0.004001,172.31.40.0-255,66,245063,69,254517
5561,0.004037,172.31.40.0-255,66,245129,69,254517
5562,0.004116,216.58.221.0-255,105,245234,69,254517
5563,0.004991,172.31.40.0-255,66,245300,69,254517
5564,0.005014,172.31.40.0-255,105,245405,69,254517
5565,0.007056,216.58.221.0-255,66,245471,69,254517
5566,0.033072,172.31.40.0-255,176,245647,69,254517
5567,0.033102,172.31.40.0-255,1114,246761,69,254517
5568,0.033146,172.31.40.0-255,1514,248275,69,254517
5569,0.033148,172.31.40.0-255,1514,249789,69,254517
5570,0.033153,172.31.40.0-255,1514,251303,69,254517
5571,0.033154,172.31.40.0-255,1514,252817,69,254517
5572,0.033171,172.31.40.0-255,1502,254319,69,254517
5573,0.034746,104.244.42.0-255,66,254385,69,254517
5574,0.034781,104.244.42.0-255,66,254451,69,254517
5575,0.034866,104.244.42.0-255,66,254517,69,254517
5576,0.0,172.217.194.0-255,153,153,69,236189
5577,2.1e-05,172.31.40.0-255,66,219,69,236189
5578,2.8e-05,172.217.194.0-255,1484,1703,69,236189
5579,3.2e-05,172.31.40.0-255,66,1769,69,236189
5580,3.9e-05,172.217.194.0-255,2902,4671,69,236189
5581,4.2e-05,172.31.40.0-255,66,4737,69,236189
5582,5.8e-05,172.217.194.0-255,7156,11893,69,236189
5583,6.1e-05,172.31.40.0-255,66,11959,69,236189
5584,6.5e-05,172.217.194.0-255,2095,14054,69,236189
5585,6.8e-05,172.31.40.0-255,66,14120,69,236189
5586,0.000111,172.31.40.0-255,66,14186,69,236189
5587,0.000117,172.217.194.0-255,5379,19565,69,236189
5588,0.000119,172.31.40.0-255,66,19631,69,236189
5589,0.00027,172.217.194.0-255,1484,21115,69,236189
5590,0.000274,172.31.40.0-255,66,21181,69,236189
5591,0.00028,172.217.194.0-255,2902,24083,69,236189
5592,0.000282,172.31.40.0-255,66,24149,69,236189
5593,0.000314,172.217.194.0-255,5738,29887,69,236189
5594,0.000317,172.31.40.0-255,66,29953,69,236189
5595,0.000325,172.217.194.0-255,6797,36750,69,236189
5596,0.000327,172.31.40.0-255,66,36816,69,236189
5597,0.000394,172.31.40.0-255,66,36882,69,236189
5598,0.000422,172.217.194.0-255,2902,39784,69,236189
5599,0.000424,172.31.40.0-255,66,39850,69,236189
5600,0.000428,172.217.194.0-255,2844,42694,69,236189
5601,0.00043,172.31.40.0-255,66,42760,69,236189
5602,0.000867,172.217.194.0-255,384,43144,69,236189
5603,0.000872,172.31.40.0-255,66,43210,69,236189
5604,0.001189,172.217.194.0-255,1484,44694,69,236189
5605,0.001195,172.31.40.0-255,66,44760,69,236189
5606,0.001203,172.217.194.0-255,2902,47662,69,236189
5607,0.001205,172.31.40.0-255,66,47728,69,236189
5608,0.001212,172.217.194.0-255,5738,53466,69,236189
5609,0.001219,172.31.40.0-255,66,53532,69,236189
5610,0.001226,172.217.194.0-255,7156,60688,69,236189
5611,0.001229,172.31.40.0-255,66,60754,69,236189
5612,0.001276,172.31.40.0-255,66,60820,69,236189
5613,0.00128,172.217.194.0-255,2184,63004,69,236189
5614,0.001282,172.31.40.0-255,66,63070,69,236189
5615,0.001735,172.217.194.0-255,1484,64554,69,236189
5616,0.001744,172.217.194.0-255,2902,67456,69,236189
5617,0.001748,172.31.40.0-255,66,67522,69,236189
5618,0.001756,172.217.194.0-255,5738,73260,69,236189
5619,0.001758,172.31.40.0-255,66,73326,69,236189
5620,0.001779,172.31.40.0-255,66,73392,69,236189
5621,0.001831,172.31.40.0-255,66,73458,69,236189
5622,0.002288,172.217.194.0-255,1484,74942,69,236189
5623,0.002297,172.217.194.0-255,2902,77844,69,236189
5624,0.002302,172.31.40.0-255,66,77910,69,236189
5625,0.002308,172.217.194.0-255,4320,82230,69,236189
5626,0.002311,172.31.40.0-255,66,82296,69,236189
5627,0.002337,172.217.194.0-255,1484,83780,69,236189
5628,0.002351,172.31.40.0-255,66,83846,69,236189
5629,0.002359,172.217.194.0-255,7156,91002,69,236189
5630,0.002361,172.31.40.0-255,66,91068,69,236189
5631,0.002387,172.217.194.0-255,2902,93970,69,236189
5632,0.002389,172.31.40.0-255,66,94036,69,236189
5633,0.002392,172.217.194.0-255,766,94802,69,236189
5634,0.00243,172.217.194.0-255,1484,96286,69,236189
5635,0.002433,172.31.40.0-255,66,96352,69,236189
5636,0.002436,172.217.194.0-255,1484,97836,69,236189
5637,0.002456,172.217.194.0-255,1484,99320,69,236189
5638,0.002459,172.31.40.0-255,66,99386,69,236189
5639,0.002465,172.217.194.0-255,5738,105124,69,236189
5640,0.002468,172.31.40.0-255,66,105190,69,236189
5641,0.002478,172.217.194.0-255,4320,109510,69,236189
5642,0.002481,172.31.40.0-255,66,109576,69,236189
5643,0.00251,172.31.40.0-255,66,109642,69,236189
5644,0.002515,172.217.194.0-255,4320,113962,69,236189
5645,0.002521,172.31.40.0-255,66,114028,69,236189
5646,0.002555,172.217.194.0-255,6438,120466,69,236189
5647,0.002562,172.31.40.0-255,66,120532,69,236189
5648,0.00502,172.217.194.0-255,4320,124852,69,236189
5649,0.005029,172.31.40.0-255,66,124918,69,236189
5650,0.005047,172.217.194.0-255,1484,126402,69,236189
5651,0.007494,172.217.194.0-255,4320,130722,69,236189
5652,0.007499,172.31.40.0-255,66,130788,69,236189
5653,0.009984,172.217.194.0-255,1484,132272,69,236189
5654,0.01001,172.217.194.0-255,4320,136592,69,236189
5655,0.010014,172.31.40.0-255,66,136658,69,236189
5656,0.012485,172.217.194.0-255,5738,142396,69,236189
5657,0.012495,172.31.40.0-255,66,142462,69,236189
5658,0.015001,172.217.194.0-255,5738,148200,69,236189
5659,0.01501,172.31.40.0-255,66,148266,69,236189
5660,0.017498,172.217.194.0-255,4320,152586,69,236189
5661,0.017507,172.31.40.0-255,66,152652,69,236189
5662,0.017547,172.217.194.0-255,1484,154136,69,236189
5663,0.019967,172.217.194.0-255,4320,158456,69,236189
5664,0.019975,172.31.40.0-255,66,158522,69,236189
5665,0.022482,172.217.194.0-255,5738,164260,69,236189
5666,0.02249,172.31.40.0-255,66,164326,69,236189
5667,0.024953,172.217.194.0-255,5738,170064,69,236189
5668,0.024961,172.31.40.0-255,66,170130,69,236189
5669,0.027481,172.217.194.0-255,5738,175868,69,236189
5670,0.027489,172.31.40.0-255,66,175934,69,236189
5671,0.029965,172.217.194.0-255,5738,181672,69,236189
5672,0.029972,172.31.40.0-255,66,181738,69,236189
5673,0.032463,172.217.194.0-255,5738,187476,69,236189
5674,0.032471,172.31.40.0-255,66,187542,69,236189
5675,0.03423,172.31.40.0-255,172,187714,69,236189
5676,0.034263,172.31.40.0-255,1112,188826,69,236189
5677,0.034329,172.31.40.0-255,1514,190340,69,236189
5678,0.03433,172.31.40.0-255,1514,191854,69,236189
5679,0.034332,172.31.40.0-255,1514,193368,69,236189
5680,0.034332,172.31.40.0-255,1514,194882,69,236189
5681,0.034363,172.31.40.0-255,1503,196385,69,236189
5682,0.03495,172.217.194.0-255,5738,202123,69,236189
5683,0.034957,172.31.40.0-255,66,202189,69,236189
5684,0.035857,104.244.42.0-255,66,202255,69,236189
5685,0.035955,104.244.42.0-255,66,202321,69,236189
5686,0.036021,104.244.42.0-255,66,202387,69,236189
5687,0.036059,104.244.42.0-255,66,202453,69,236189
5688,0.037417,172.217.194.0-255,5738,208191,69,236189
5689,0.037424,172.31.40.0-255,66,208257,69,236189
5690,0.039879,172.217.194.0-255,5738,213995,69,236189
5691,0.039885,172.31.40.0-255,66,214061,69,236189
5692,0.042345,172.217.194.0-255,4320,218381,69,236189
5693,0.042351,172.31.40.0-255,66,218447,69,236189
5694,0.042382,172.217.194.0-255,1484,219931,69,236189
5695,0.044807,172.217.194.0-255,4320,224251,69,236189
5696,0.044813,172.31.40.0-255,66,224317,69,236189
5697,0.047304,172.217.194.0-255,2902,227219,69,236189
5698,0.04731,172.31.40.0-255,66,227285,69,236189
5699,0.047338,172.217.194.0-255,2902,230187,69,236189
5700,0.047341,172.31.40.0-255,66,230253,69,236189
5701,0.04975,172.217.194.0-255,2902,233155,69,236189
5702,0.049756,172.31.40.0-255,66,233221,69,236189
5703,0.04979,172.217.194.0-255,2902,236123,69,236189
5704,0.049793,172.31.40.0-255,66,236189,69,236189
5705,0.0,172.217.194.0-255,143,143,69,219258
5706,2.2e-05,172.31.40.0-255,66,209,69,219258
5707,3e-05,172.217.194.0-255,1484,1693,69,219258
5708,3.5e-05,172.31.40.0-255,66,1759,69,219258
5709,4.1e-05,172.217.194.0-255,2902,4661,69,219258
5710,4.4e-05,172.31.40.0-255,66,4727,69,219258
5711,5e-05,172.217.194.0-255,4320,9047,69,219258
5712,5.3e-05,172.31.40.0-255,66,9113,69,219258
5713,5.9e-05,172.217.194.0-255,4320,13433,69,219258
5714,6.3e-05,172.31.40.0-255,66,13499,69,219258
5715,9.1e-05,172.217.194.0-255,4933,18432,69,219258
5716,9.3e-05,172.31.40.0-255,66,18498,69,219258
5717,0.000104,172.31.40.0-255,66,18564,69,219258
5718,0.000123,172.217.194.0-255,1484,20048,69,219258
5719,0.000126,172.31.40.0-255,66,20114,69,219258
5720,0.000143,172.217.194.0-255,2543,22657,69,219258
5721,0.000146,172.31.40.0-255,66,22723,69,219258
5722,0.000167,172.217.194.0-255,2902,25625,69,219258
5723,0.00017,172.31.40.0-255,66,25691,69,219258
5724,0.000178,172.217.194.0-255,7156,32847,69,219258
5725,0.00018,172.31.40.0-255,66,32913,69,219258
5726,0.000183,172.217.194.0-255,1484,34397,69,219258
5727,0.000185,172.31.40.0-255,66,34463,69,219258
5728,0.000215,172.217.194.0-255,5379,39842,69,219258
5729,0.000217,172.31.40.0-255,66,39908,69,219258
5730,0.000232,172.31.40.0-255,66,39974,69,219258
5731,0.000247,172.217.194.0-255,2902,42876,69,219258
5732,0.000249,172.31.40.0-255,66,42942,69,219258
5733,0.000252,172.217.194.0-255,1383,44325,69,219258
5734,0.000255,172.31.40.0-255,66,44391,69,219258
5735,0.000257,172.217.194.0-255,428,44819,69,219258
5736,0.000529,172.217.194.0-255,1484,46303,69,219258
5737,0.000533,172.31.40.0-255,66,46369,69,219258
5738,0.000538,172.217.194.0-255,2902,49271,69,219258
5739,0.00054,172.31.40.0-255,66,49337,69,219258
5740,0.000544,172.217.194.0-255,2902,52239,69,219258
5741,0.000546,172.31.40.0-255,66,52305,69,219258
5742,0.000571,172.217.194.0-255,2902,55207,69,219258
5743,0.000574,172.31.40.0-255,66,55273,69,219258
5744,0.00059,172.31.40.0-255,66,55339,69,219258
5745,0.000624,172.31.40.0-255,66,55405,69,219258
5746,0.00071,172.217.194.0-255,1484,56889,69,219258
5747,0.000715,172.217.194.0-255,2902,59791,69,219258
5748,0.000718,172.31.40.0-255,66,59857,69,219258
5749,0.000744,172.217.194.0-255,5738,65595,69,219258
5750,0.000746,172.31.40.0-255,66,65661,69,219258
5751,0.000751,172.217.194.0-255,2902,68563,69,219258
5752,0.000754,172.31.40.0-255,66,68629,69,219258
5753,0.000776,172.31.40.0-255,66,68695,69,219258
5754,0.000818,172.217.194.0-255,4320,73015,69,219258
5755,0.000821,172.31.40.0-255,66,73081,69,219258
5756,0.000846,172.217.194.0-255,6438,79519,69,219258
5757,0.000849,172.31.40.0-255,66,79585,69,219258
5758,0.000876,172.217.194.0-255,1484,81069,69,219258
5759,0.000891,172.217.194.0-255,2902,83971,69,219258
5760,0.000894,172.31.40.0-255,66,84037,69,219258
5761,0.0009,172.217.194.0-255,5738,89775,69,219258
5762,0.000903,172.31.40.0-255,66,89841,69,219258
5763,0.000906,172.217.194.0-255,1484,91325,69,219258
5764,0.000922,172.217.194.0-255,1484,92809,69,219258
5765,0.000924,172.31.40.0-255,66,92875,69,219258
5766,0.000936,172.31.40.0-255,66,92941,69,219258
5767,0.000954,172.217.194.0-255,1484,94425,69,219258
5768,0.00097,172.217.194.0-255,5738,100163,69,219258
5769,0.000972,172.31.40.0-255,66,100229,69,219258
5770,0.000992,172.217.194.0-255,5020,105249,69,219258
5771,0.000995,172.31.40.0-255,66,105315,69,219258
5772,0.001157,172.217.194.0-255,1484,106799,69,219258
5773,0.001164,172.217.194.0-255,2902,109701,69,219258
5774,0.001167,172.31.40.0-255,66,109767,69,219258
5775,0.001173,172.217.194.0-255,2902,112669,69,219258
5776,0.001175,172.31.40.0-255,66,112735,69,219258
5777,0.00119,172.217.194.0-255,2902,115637,69,219258
5778,0.001192,172.31.40.0-255,66,115703,69,219258
5779,0.001197,172.217.194.0-255,2902,118605,69,219258
5780,0.001199,172.31.40.0-255,66,118671,69,219258
5781,0.001234,172.31.40.0-255,66,118737,69,219258
5782,0.001252,172.217.194.0-255,4320,123057,69,219258
5783,0.001254,172.31.40.0-255,66,123123,69,219258
5784,0.00127,172.217.194.0-255,6438,129561,69,219258
5785,0.001272,172.31.40.0-255,66,129627,69,219258
5786,0.001332,172.31.40.0-255,66,129693,69,219258
5787,0.001346,172.31.40.0-255,66,129759,69,219258
5788,0.001368,172.217.194.0-255,1484,131243,69,219258
5789,0.001375,172.217.194.0-255,5738,136981,69,219258
5790,0.001377,172.31.40.0-255,66,137047,69,219258
5791,0.001392,172.217.194.0-255,2184,139231,69,219258
5792,0.001395,172.31.40.0-255,66,139297,69,219258
5793,0.001559,172.217.194.0-255,1484,140781,69,219258
5794,0.001566,172.217.194.0-255,2902,143683,69,219258
5795,0.00157,172.31.40.0-255,66,143749,69,219258
5796,0.001573,172.217.194.0-255,1484,145233,69,219258
5797,0.00159,172.217.194.0-255,4320,149553,69,219258
5798,0.001593,172.31.40.0-255,66,149619,69,219258
5799,0.001604,172.217.194.0-255,5738,155357,69,219258
5800,0.001607,172.31.40.0-255,66,155423,69,219258
5801,0.001654,172.217.194.0-255,7156,162579,69,219258
5802,0.001658,172.31.40.0-255,66,162645,69,219258
5803,0.001671,172.31.40.0-255,66,162711,69,219258
5804,0.001798,172.217.194.0-255,1484,164195,69,219258
5805,0.001802,172.217.194.0-255,1484,165679,69,219258
5806,0.001805,172.31.40.0-255,66,165745,69,219258
5807,0.001821,172.217.194.0-255,1484,167229,69,219258
5808,0.001828,172.217.194.0-255,5738,172967,69,219258
5809,0.00183,172.31.40.0-255,66,173033,69,219258
5810,0.001876,172.31.40.0-255,66,173099,69,219258
5811,0.001902,172.217.194.0-255,1484,174583,69,219258
5812,0.001934,172.31.40.0-255,66,174649,69,219258
5813,0.001996,172.217.194.0-255,1484,176133,69,219258
5814,0.001999,172.217.194.0-255,1484,177617,69,219258
5815,0.002002,172.31.40.0-255,66,177683,69,219258
5816,0.002008,172.31.40.0-255,66,177749,69,219258
5817,0.002022,172.217.194.0-255,1484,179233,69,219258
5818,0.002029,172.217.194.0-255,5738,184971,69,219258
5819,0.002034,172.217.194.0-255,4320,189291,69,219258
5820,0.002046,172.31.40.0-255,66,189357,69,219258
5821,0.002058,172.217.194.0-255,4320,193677,69,219258
5822,0.002063,172.31.40.0-255,66,193743,69,219258
5823,0.002089,172.217.194.0-255,2902,196645,69,219258
5824,0.002098,172.31.40.0-255,66,196711,69,219258
5825,0.002146,172.31.40.0-255,66,196777,69,219258
5826,0.002158,172.217.194.0-255,5738,202515,69,219258
5827,0.002175,172.31.40.0-255,66,202581,69,219258
5828,0.002199,172.217.194.0-255,7156,209737,69,219258
5829,0.002208,172.31.40.0-255,66,209803,69,219258
5830,0.002237,172.217.194.0-255,105,209908,69,219258
5831,0.002272,172.31.40.0-255,66,209974,69,219258
5832,0.004834,172.31.40.0-255,105,210079,69,219258
5833,0.007196,172.217.194.0-255,66,210145,69,219258
5834,0.043769,172.31.40.0-255,176,210321,69,219258
5835,0.043805,172.31.40.0-255,1114,211435,69,219258
5836,0.043892,172.31.40.0-255,1514,212949,69,219258
5837,0.043894,172.31.40.0-255,1514,214463,69,219258
5838,0.043896,172.31.40.0-255,1514,215977,69,219258
5839,0.0439,172.31.40.0-255,1514,217491,69,219258
5840,0.043902,172.31.40.0-255,1503,218994,69,219258
5841,0.045397,104.244.42.0-255,66,219060,69,219258
5842,0.045507,104.244.42.0-255,66,219126,69,219258
5843,0.045579,104.244.42.0-255,66,219192,69,219258
5844,0.045625,104.244.42.0-255,66,219258,69,219258
5845,0.0,74.125.200.0-255,152,152,69,282126
5846,1.6e-05,172.31.40.0-255,66,218,69,282126
5847,2.2e-05,74.125.200.0-255,1484,1702,69,282126
5848,2.5e-05,172.31.40.0-255,66,1768,69,282126
5849,3.1e-05,74.125.200.0-255,2902,4670,69,282126
5850,3.4e-05,172.31.40.0-255,66,4736,69,282126
5851,5.4e-05,74.125.200.0-255,4320,9056,69,282126
5852,5.6e-05,172.31.40.0-255,66,9122,69,282126
5853,8.8e-05,74.125.200.0-255,5738,14860,69,282126
5854,9e-05,172.31.40.0-255,66,14926,69,282126
5855,0.000103,74.125.200.0-255,3402,18328,69,282126
5856,0.000105,172.31.40.0-255,66,18394,69,282126
5857,0.00011,74.125.200.0-255,4320,22714,69,282126
5858,0.000112,172.31.40.0-255,66,22780,69,282126
5859,0.000138,74.125.200.0-255,5738,28518,69,282126
5860,0.00014,172.31.40.0-255,66,28584,69,282126
5861,0.000144,74.125.200.0-255,2543,31127,69,282126
5862,0.000145,172.31.40.0-255,66,31193,69,282126
5863,0.000183,74.125.200.0-255,1484,32677,69,282126
5864,0.000185,172.31.40.0-255,66,32743,69,282126
5865,0.000196,74.125.200.0-255,2902,35645,69,282126
5866,0.000198,172.31.40.0-255,66,35711,69,282126
5867,0.000227,74.125.200.0-255,5738,41449,69,282126
5868,0.00023,172.31.40.0-255,66,41515,69,282126
5869,0.000247,74.125.200.0-255,1484,42999,69,282126
5870,0.000249,172.31.40.0-255,66,43065,69,282126
5871,0.000268,74.125.200.0-255,5379,48444,69,282126
5872,0.00027,172.31.40.0-255,66,48510,69,282126
5873,0.000607,74.125.200.0-255,1484,49994,69,282126
5874,0.000612,172.31.40.0-255,66,50060,69,282126
5875,0.000618,74.125.200.0-255,2902,52962,69,282126
5876,0.00062,172.31.40.0-255,66,53028,69,282126
5877,0.000653,74.125.200.0-255,4320,57348,69,282126
5878,0.000656,74.125.200.0-255,1484,58832,69,282126
5879,0.00067,74.125.200.0-255,4320,63152,69,282126
5880,0.000673,172.31.40.0-255,66,63218,69,282126
5881,0.000697,74.125.200.0-255,2543,65761,69,282126
5882,0.000704,172.31.40.0-255,66,65827,69,282126
5883,0.000735,74.125.200.0-255,2902,68729,69,282126
5884,0.000752,172.31.40.0-255,66,68795,69,282126
5885,0.000771,74.125.200.0-255,4320,73115,69,282126
5886,0.000785,74.125.200.0-255,2902,76017,69,282126
5887,0.000789,172.31.40.0-255,66,76083,69,282126
5888,0.000802,74.125.200.0-255,4320,80403,69,282126
5889,0.000818,74.125.200.0-255,2543,82946,69,282126
5890,0.000825,172.31.40.0-255,66,83012,69,282126
5891,0.000855,74.125.200.0-255,645,83657,69,282126
5892,0.000982,74.125.200.0-255,1484,85141,69,282126
5893,0.000986,172.31.40.0-255,66,85207,69,282126
5894,0.000991,74.125.200.0-255,2902,88109,69,282126
5895,0.000998,74.125.200.0-255,5738,93847,69,282126
5896,0.001,74.125.200.0-255,1484,95331,69,282126
5897,0.001015,172.31.40.0-255,66,95397,69,282126
5898,0.001026,74.125.200.0-255,4320,99717,69,282126
5899,0.001028,74.125.200.0-255,1484,101201,69,282126
5900,0.001033,172.31.40.0-255,66,101267,69,282126
5901,0.001059,74.125.200.0-255,5738,107005,69,282126
5902,0.001064,74.125.200.0-255,4320,111325,69,282126
5903,0.001078,74.125.200.0-255,1484,112809,69,282126
5904,0.001081,172.31.40.0-255,66,112875,69,282126
5905,0.001092,74.125.200.0-255,4320,117195,69,282126
5906,0.001094,74.125.200.0-255,103,117298,69,282126
5907,0.001105,74.125.200.0-255,198,117496,69,282126
5908,0.001149,172.31.40.0-255,66,117562,69,282126
5909,0.001475,74.125.200.0-255,1484,119046,69,282126
5910,0.001481,74.125.200.0-255,1484,120530,69,282126
5911,0.001484,172.31.40.0-255,66,120596,69,282126
5912,0.001506,74.125.200.0-255,1484,122080,69,282126
5913,0.001513,74.125.200.0-255,5738,127818,69,282126
5914,0.001531,172.31.40.0-255,66,127884,69,282126
5915,0.001564,172.31.40.0-255,66,127950,69,282126
5916,0.001569,74.125.200.0-255,2902,130852,69,282126
5917,0.001588,74.125.200.0-255,2184,133036,69,282126
5918,0.001591,172.31.40.0-255,66,133102,69,282126
5919,0.001604,172.31.40.0-255,66,133168,69,282126
5920,0.001878,74.125.200.0-255,1484,134652,69,282126
5921,0.001885,74.125.200.0-255,2902,137554,69,282126
5922,0.001888,172.31.40.0-255,66,137620,69,282126
5923,0.001906,74.125.200.0-255,5738,143358,69,282126
5924,0.001917,172.31.40.0-255,66,143424,69,282126
5925,0.00194,74.125.200.0-255,7156,150580,69,282126
5926,0.001958,74.125.200.0-255,4320,154900,69,282126
5927,0.001962,74.125.200.0-255,2902,157802,69,282126
5928,0.001969,172.31.40.0-255,66,157868,69,282126
5929,0.002025,172.31.40.0-255,66,157934,69,282126
5930,0.002222,172.31.40.0-255,101,158035,69,282126
5931,0.004298,74.125.200.0-255,5738,163773,69,282126
5932,0.004305,172.31.40.0-255,66,163839,69,282126
5933,0.004457,74.125.200.0-255,66,163905,69,282126
5934,0.00657,74.125.200.0-255,5738,169643,69,282126
5935,0.008192,172.31.40.0-255,66,169709,69,282126
5936,0.010476,74.125.200.0-255,5738,175447,69,282126
5937,0.010483,172.31.40.0-255,66,175513,69,282126
5938,0.012773,74.125.200.0-255,5738,181251,69,282126
5939,0.01278,172.31.40.0-255,66,181317,69,282126
5940,0.015056,74.125.200.0-255,5738,187055,69,282126
5941,0.015063,172.31.40.0-255,66,187121,69,282126
5942,0.017349,74.125.200.0-255,5738,192859,69,282126
5943,0.017357,172.31.40.0-255,66,192925,69,282126
5944,0.019643,74.125.200.0-255,5738,198663,69,282126
5945,0.01965,172.31.40.0-255,66,198729,69,282126
5946,0.021927,74.125.200.0-255,5738,204467,69,282126
5947,0.021934,172.31.40.0-255,66,204533,69,282126
5948,0.02422,74.125.200.0-255,5738,210271,69,282126
5949,0.024227,172.31.40.0-255,66,210337,69,282126
5950,0.025698,172.31.40.0-255,167,210504,69,282126
5951,0.025726,172.31.40.0-255,1116,211620,69,282126
5952,0.025782,172.31.40.0-255,1514,213134,69,282126
5953,0.025783,172.31.40.0-255,1514,214648,69,282126
5954,0.025784,172.31.40.0-255,1514,216162,69,282126
5955,0.025785,172.31.40.0-255,1514,217676,69,282126
5956,0.025786,172.31.40.0-255,540,218216,69,282126
5957,0.026511,74.125.200.0-255,5738,223954,69,282126
5958,0.026522,172.31.40.0-255,66,224020,69,282126
5959,0.028469,104.244.42.0-255,66,224086,69,282126
5960,0.028796,74.125.200.0-255,5738,229824,69,282126
5961,0.028801,172.31.40.0-255,66,229890,69,282126
5962,0.031092,74.125.200.0-255,5738,235628,69,282126
5963,0.031098,172.31.40.0-255,66,235694,69,282126
5964,0.033377,74.125.200.0-255,5738,241432,69,282126
5965,0.033383,172.31.40.0-255,66,241498,69,282126
5966,0.035667,74.125.200.0-255,5738,247236,69,282126
5967,0.035674,172.31.40.0-255,66,247302,69,282126
5968,0.03796,74.125.200.0-255,5738,253040,69,282126
5969,0.037967,172.31.40.0-255,66,253106,69,282126
5970,0.040247,74.125.200.0-255,5738,258844,69,282126
5971,0.04025,172.31.40.0-255,66,258910,69,282126
5972,0.042541,74.125.200.0-255,5738,264648,69,282126
5973,0.042548,172.31.40.0-255,66,264714,69,282126
5974,0.044841,74.125.200.0-255,5738,270452,69,282126
5975,0.044846,172.31.40.0-255,66,270518,69,282126
5976,0.047152,74.125.200.0-255,5738,276256,69,282126
5977,0.047161,172.31.40.0-255,66,276322,69,282126
5978,0.049463,74.125.200.0-255,5738,282060,69,282126
5979,0.049468,172.31.40.0-255,66,282126,69,282126
5980,0.0,172.217.194.0-255,146,146,69,277106
5981,1.6e-05,172.31.40.0-255,66,212,69,277106
5982,2.3e-05,172.217.194.0-255,1484,1696,69,277106
5983,2.8e-05,172.31.40.0-255,66,1762,69,277106
5984,3.5e-05,172.217.194.0-255,2902,4664,69,277106
5985,3.8e-05,172.31.40.0-255,66,4730,69,277106
5986,5.4e-05,172.217.194.0-255,7156,11886,69,277106
5987,5.7e-05,172.31.40.0-255,66,11952,69,277106
5988,6.1e-05,172.217.194.0-255,1484,13436,69,277106
5989,6.3e-05,172.31.40.0-255,66,13502,69,277106
5990,0.000105,172.217.194.0-255,4891,18393,69,277106
5991,0.000109,172.31.40.0-255,66,18459,69,277106
5992,0.000115,172.217.194.0-255,5738,24197,69,277106
5993,0.000118,172.31.40.0-255,66,24263,69,277106
5994,0.000148,172.217.194.0-255,6797,31060,69,277106
5995,0.000151,172.31.40.0-255,66,31126,69,277106
5996,0.0002,172.217.194.0-255,1484,32610,69,277106
5997,0.000203,172.31.40.0-255,66,32676,69,277106
5998,0.000208,172.217.194.0-255,2902,35578,69,277106
5999,0.00021,172.31.40.0-255,66,35644,69,277106
6000,0.000216,172.217.194.0-255,5738,41382,69,277106
6001,0.000219,172.31.40.0-255,66,41448,69,277106
6002,0.000262,172.31.40.0-255,66,41514,69,277106
6003,0.000291,172.217.194.0-255,3961,45475,69,277106
6004,0.000294,172.31.40.0-255,66,45541,69,277106
6005,0.000307,172.31.40.0-255,66,45607,69,277106
6006,0.000314,172.217.194.0-255,364,45971,69,277106
6007,0.000316,172.31.40.0-255,66,46037,69,277106
6008,0.000582,172.217.194.0-255,1484,47521,69,277106
6009,0.000588,172.31.40.0-255,66,47587,69,277106
6010,0.000594,172.217.194.0-255,2902,50489,69,277106
6011,0.000596,172.31.40.0-255,66,50555,69,277106
6012,0.000602,172.217.194.0-255,5738,56293,69,277106
6013,0.000605,172.31.40.0-255,66,56359,69,277106
6014,0.00068,172.31.40.0-255,66,56425,69,277106
6015,0.000692,172.31.40.0-255,66,56491,69,277106
6016,0.000884,172.217.194.0-255,1484,57975,69,277106
6017,0.000892,172.217.194.0-255,2902,60877,69,277106
6018,0.000895,172.31.40.0-255,66,60943,69,277106
6019,0.000929,172.217.194.0-255,5738,66681,69,277106
6020,0.000932,172.31.40.0-255,66,66747,69,277106
6021,0.000946,172.31.40.0-255,66,66813,69,277106
6022,0.000952,172.217.194.0-255,5738,72551,69,277106
6023,0.000955,172.31.40.0-255,66,72617,69,277106
6024,0.000981,172.217.194.0-255,5020,77637,69,277106
6025,0.000984,172.31.40.0-255,66,77703,69,277106
6026,0.001239,172.217.194.0-255,1484,79187,69,277106
6027,0.001246,172.217.194.0-255,2902,82089,69,277106
6028,0.001249,172.31.40.0-255,66,82155,69,277106
6029,0.001283,172.217.194.0-255,5738,87893,69,277106
6030,0.001286,172.31.40.0-255,66,87959,69,277106
6031,0.001299,172.31.40.0-255,66,88025,69,277106
6032,0.00131,172.217.194.0-255,1484,89509,69,277106
6033,0.001339,172.31.40.0-255,66,89575,69,277106
6034,0.001364,172.217.194.0-255,766,90341,69,277106
6035,0.001397,172.217.194.0-255,1484,91825,69,277106
6036,0.001401,172.31.40.0-255,66,91891,69,277106
6037,0.001405,172.217.194.0-255,2902,94793,69,277106
6038,0.001407,172.31.40.0-255,66,94859,69,277106
6039,0.001434,172.217.194.0-255,5738,100597,69,277106
6040,0.001441,172.31.40.0-255,66,100663,69,277106
6041,0.001453,172.31.40.0-255,66,100729,69,277106
6042,0.00149,172.217.194.0-255,4320,105049,69,277106
6043,0.001493,172.31.40.0-255,66,105115,69,277106
6044,0.001506,172.31.40.0-255,66,105181,69,277106
6045,0.001878,172.217.194.0-255,1484,106665,69,277106
6046,0.001884,172.217.194.0-255,2902,109567,69,277106
6047,0.001888,172.31.40.0-255,66,109633,69,277106
6048,0.001923,172.217.194.0-255,5738,115371,69,277106
6049,0.001926,172.31.40.0-255,66,115437,69,277106
6050,0.001937,172.31.40.0-255,66,115503,69,277106
6051,0.00197,172.217.194.0-255,2902,118405,69,277106
6052,0.001973,172.31.40.0-255,66,118471,69,277106
6053,0.001999,172.31.40.0-255,66,118537,69,277106
6054,0.002022,172.217.194.0-255,2184,120721,69,277106
6055,0.002024,172.31.40.0-255,66,120787,69,277106
6056,0.002036,172.217.194.0-255,1484,122271,69,277106
6057,0.002057,172.217.194.0-255,2902,125173,69,277106
6058,0.00206,172.31.40.0-255,66,125239,69,277106
6059,0.002067,172.217.194.0-255,5738,130977,69,277106
6060,0.002069,172.31.40.0-255,66,131043,69,277106
6061,0.002088,172.217.194.0-255,4320,135363,69,277106
6062,0.002096,172.31.40.0-255,66,135429,69,277106
6063,0.002137,172.31.40.0-255,66,135495,69,277106
6064,0.002171,172.217.194.0-255,1484,136979,69,277106
6065,0.002194,172.217.194.0-255,6438,143417,69,277106
6066,0.002196,172.31.40.0-255,66,143483,69,277106
6067,0.00229,172.217.194.0-255,1484,144967,69,277106
6068,0.002313,172.217.194.0-255,2902,147869,69,277106
6069,0.002317,172.31.40.0-255,66,147935,69,277106
6070,0.002323,172.217.194.0-255,4320,152255,69,277106
6071,0.002325,172.31.40.0-255,66,152321,69,277106
6072,0.002347,172.217.194.0-255,1484,153805,69,277106
6073,0.002357,172.217.194.0-255,4320,158125,69,277106
6074,0.00236,172.31.40.0-255,66,158191,69,277106
6075,0.002374,172.31.40.0-255,66,158257,69,277106
6076,0.002407,172.31.40.0-255,66,158323,69,277106
6077,0.002458,172.31.40.0-255,66,158389,69,277106
6078,0.002463,172.217.194.0-255,4320,162709,69,277106
6079,0.002465,172.31.40.0-255,66,162775,69,277106
6080,0.002489,172.217.194.0-255,4320,167095,69,277106
6081,0.002495,172.31.40.0-255,66,167161,69,277106
6082,0.004904,172.217.194.0-255,5738,172899,69,277106
6083,0.004913,172.31.40.0-255,66,172965,69,277106
6084,0.007353,172.217.194.0-255,2902,175867,69,277106
6085,0.007358,172.31.40.0-255,66,175933,69,277106
6086,0.007383,172.217.194.0-255,2902,178835,69,277106
6087,0.009488,172.31.40.0-255,66,178901,69,277106
6088,0.009792,172.217.194.0-255,2902,181803,69,277106
6089,0.009797,172.31.40.0-255,66,181869,69,277106
6090,0.011918,172.217.194.0-255,2902,184771,69,277106
6091,0.011923,172.31.40.0-255,66,184837,69,277106
6092,0.012238,172.217.194.0-255,2902,187739,69,277106
6093,0.012243,172.31.40.0-255,66,187805,69,277106
6094,0.014373,172.217.194.0-255,2902,190707,69,277106
6095,0.01438,172.31.40.0-255,66,190773,69,277106
6096,0.014671,172.217.194.0-255,2902,193675,69,277106
6097,0.014674,172.31.40.0-255,66,193741,69,277106
6098,0.016802,172.217.194.0-255,2902,196643,69,277106
6099,0.01681,172.31.40.0-255,66,196709,69,277106
6100,0.017101,172.217.194.0-255,2902,199611,69,277106
6101,0.017107,172.31.40.0-255,66,199677,69,277106
6102,0.019259,172.217.194.0-255,2902,202579,69,277106
6103,0.019268,172.31.40.0-255,66,202645,69,277106
6104,0.019555,172.217.194.0-255,2902,205547,69,277106
6105,0.01956,172.31.40.0-255,66,205613,69,277106
6106,0.021706,172.217.194.0-255,2902,208515,69,277106
6107,0.021712,172.31.40.0-255,66,208581,69,277106
6108,0.021996,172.217.194.0-255,2902,211483,69,277106
6109,0.022001,172.31.40.0-255,66,211549,69,277106
6110,0.024177,172.217.194.0-255,2902,214451,69,277106
6111,0.024184,172.31.40.0-255,66,214517,69,277106
6112,0.024421,172.217.194.0-255,2902,217419,69,277106
6113,0.024426,172.31.40.0-255,66,217485,69,277106
6114,0.026618,172.217.194.0-255,2902,220387,69,277106
6115,0.026627,172.31.40.0-255,66,220453,69,277106
6116,0.026857,172.217.194.0-255,2902,223355,69,277106
6117,0.026862,172.31.40.0-255,66,223421,69,277106
6118,0.029066,172.217.194.0-255,2902,226323,69,277106
6119,0.029073,172.31.40.0-255,66,226389,69,277106
6120,0.029299,172.217.194.0-255,2902,229291,69,277106
6121,0.029306,172.31.40.0-255,66,229357,69,277106
6122,0.031516,172.217.194.0-255,2902,232259,69,277106
6123,0.031523,172.31.40.0-255,66,232325,69,277106
6124,0.031774,172.217.194.0-255,2902,235227,69,277106
6125,0.03178,172.31.40.0-255,66,235293,69,277106
6126,0.03397,172.217.194.0-255,2902,238195,69,277106
6127,0.033978,172.31.40.0-255,66,238261,69,277106
6128,0.034209,172.217.194.0-255,2902,241163,69,277106
6129,0.034214,172.31.40.0-255,66,241229,69,277106
6130,0.036405,172.217.194.0-255,2902,244131,69,277106
6131,0.036412,172.31.40.0-255,66,244197,69,277106
6132,0.036632,172.217.194.0-255,2902,247099,69,277106
6133,0.036638,172.31.40.0-255,66,247165,69,277106
6134,0.037612,172.31.40.0-255,172,247337,69,277106
6135,0.037645,172.31.40.0-255,1116,248453,69,277106
6136,0.037712,172.31.40.0-255,1514,249967,69,277106
6137,0.037713,172.31.40.0-255,1514,251481,69,277106
6138,0.037715,172.31.40.0-255,1514,252995,69,277106
6139,0.037719,172.31.40.0-255,1514,254509,69,277106
6140,0.037721,172.31.40.0-255,1499,256008,69,277106
6141,0.038846,172.217.194.0-255,2902,258910,69,277106
6142,0.038853,172.31.40.0-255,66,258976,69,277106
6143,0.039067,172.217.194.0-255,2902,261878,69,277106
6144,0.039073,172.31.40.0-255,66,261944,69,277106
6145,0.039296,104.244.42.0-255,66,262010,69,277106
6146,0.039377,104.244.42.0-255,66,262076,69,277106
6147,0.039422,104.244.42.0-255,66,262142,69,277106
6148,0.041266,172.217.194.0-255,2902,265044,69,277106
6149,0.041273,172.31.40.0-255,66,265110,69,277106
6150,0.041488,172.217.194.0-255,2902,268012,69,277106
6151,0.041494,172.31.40.0-255,66,268078,69,277106
6152,0.043699,172.217.194.0-255,2902,270980,69,277106
6153,0.043704,172.31.40.0-255,66,271046,69,277106
6154,0.043907,172.217.194.0-255,2902,273948,69,277106
6155,0.043912,172.31.40.0-255,66,274014,69,277106
6156,0.046143,172.217.194.0-255,2855,276869,69,277106
6157,0.04615,172.31.40.0-255,66,276935,69,277106
6158,0.046318,172.31.40.0-255,105,277040,69,277106
6159,0.048708,172.217.194.0-255,66,277106,69,277106
6160,0.0,74.125.24.0-255,146,146,69,201158
6161,3.3e-05,172.31.40.0-255,66,212,69,201158
6162,4e-05,74.125.24.0-255,1484,1696,69,201158
6163,4.5e-05,172.31.40.0-255,66,1762,69,201158
6164,5.8e-05,74.125.24.0-255,2902,4664,69,201158
6165,6.3e-05,172.31.40.0-255,66,4730,69,201158
6166,7e-05,74.125.24.0-255,5738,10468,69,201158
6167,7.4e-05,172.31.40.0-255,66,10534,69,201158
6168,7.9e-05,74.125.24.0-255,3474,14008,69,201158
6169,8.1e-05,172.31.40.0-255,66,14074,69,201158
6170,0.000419,74.125.24.0-255,1484,15558,69,201158
6171,0.000426,172.31.40.0-255,66,15624,69,201158
6172,0.000432,74.125.24.0-255,2902,18526,69,201158
6173,0.000435,172.31.40.0-255,66,18592,69,201158
6174,0.000467,74.125.24.0-255,2902,21494,69,201158
6175,0.00047,172.31.40.0-255,66,21560,69,201158
6176,0.000479,74.125.24.0-255,7156,28716,69,201158
6177,0.000481,172.31.40.0-255,66,28782,69,201158
6178,0.000492,74.125.24.0-255,2543,31325,69,201158
6179,0.000495,172.31.40.0-255,66,31391,69,201158
6180,0.000529,74.125.24.0-255,2902,34293,69,201158
6181,0.000531,172.31.40.0-255,66,34359,69,201158
6182,0.00054,74.125.24.0-255,7156,41515,69,201158
6183,0.000542,172.31.40.0-255,66,41581,69,201158
6184,0.000575,74.125.24.0-255,4320,45901,69,201158
6185,0.000577,172.31.40.0-255,66,45967,69,201158
6186,0.000604,74.125.24.0-255,2543,48510,69,201158
6187,0.00061,172.31.40.0-255,66,48576,69,201158
6188,0.001178,74.125.24.0-255,1484,50060,69,201158
6189,0.001184,172.31.40.0-255,66,50126,69,201158
6190,0.001193,74.125.24.0-255,2902,53028,69,201158
6191,0.001195,172.31.40.0-255,66,53094,69,201158
6192,0.001207,74.125.24.0-255,4320,57414,69,201158
6193,0.001209,172.31.40.0-255,66,57480,69,201158
6194,0.001236,74.125.24.0-255,1484,58964,69,201158
6195,0.001249,74.125.24.0-255,6797,65761,69,201158
6196,0.001252,172.31.40.0-255,66,65827,69,201158
6197,0.001307,74.125.24.0-255,1484,67311,69,201158
6198,0.001313,74.125.24.0-255,2902,70213,69,201158
6199,0.001315,172.31.40.0-255,66,70279,69,201158
6200,0.001346,74.125.24.0-255,5738,76017,69,201158
6201,0.001349,172.31.40.0-255,66,76083,69,201158
6202,0.001353,74.125.24.0-255,1484,77567,69,201158
6203,0.001377,74.125.24.0-255,4320,81887,69,201158
6204,0.001379,172.31.40.0-255,66,81953,69,201158
6205,0.001419,172.31.40.0-255,66,82019,69,201158
6206,0.001438,172.31.40.0-255,66,82085,69,201158
6207,0.001577,74.125.24.0-255,646,82731,69,201158
6208,0.002633,74.125.24.0-255,1484,84215,69,201158
6209,0.00264,172.31.40.0-255,66,84281,69,201158
6210,0.002648,74.125.24.0-255,2902,87183,69,201158
6211,0.00265,172.31.40.0-255,66,87249,69,201158
6212,0.002653,74.125.24.0-255,1484,88733,69,201158
6213,0.002691,74.125.24.0-255,4320,93053,69,201158
6214,0.002695,172.31.40.0-255,66,93119,69,201158
6215,0.002715,172.31.40.0-255,66,93185,69,201158
6216,0.002728,172.31.40.0-255,66,93251,69,201158
6217,0.005381,74.125.24.0-255,1484,94735,69,201158
6218,0.005402,74.125.24.0-255,4320,99055,69,201158
6219,0.005406,172.31.40.0-255,66,99121,69,201158
6220,0.008064,74.125.24.0-255,2902,102023,69,201158
6221,0.008077,172.31.40.0-255,66,102089,69,201158
6222,0.008083,74.125.24.0-255,2902,104991,69,201158
6223,0.008086,172.31.40.0-255,66,105057,69,201158
6224,0.01077,74.125.24.0-255,5738,110795,69,201158
6225,0.010776,172.31.40.0-255,66,110861,69,201158
6226,0.013439,74.125.24.0-255,5738,116599,69,201158
6227,0.013448,172.31.40.0-255,66,116665,69,201158
6228,0.016132,74.125.24.0-255,5738,122403,69,201158
6229,0.016146,172.31.40.0-255,66,122469,69,201158
6230,0.018856,74.125.24.0-255,5738,128207,69,201158
6231,0.018868,172.31.40.0-255,66,128273,69,201158
6232,0.02156,74.125.24.0-255,5738,134011,69,201158
6233,0.021572,172.31.40.0-255,66,134077,69,201158
6234,0.024261,74.125.24.0-255,5738,139815,69,201158
6235,0.024269,172.31.40.0-255,66,139881,69,201158
6236,0.026971,74.125.24.0-255,5738,145619,69,201158
6237,0.026978,172.31.40.0-255,66,145685,69,201158
6238,0.029661,74.125.24.0-255,5738,151423,69,201158
6239,0.029669,172.31.40.0-255,66,151489,69,201158
6240,0.032347,74.125.24.0-255,5738,157227,69,201158
6241,0.032357,172.31.40.0-255,66,157293,69,201158
6242,0.035037,74.125.24.0-255,5738,163031,69,201158
6243,0.035043,172.31.40.0-255,66,163097,69,201158
6244,0.035074,172.31.40.0-255,172,163269,69,201158
6245,0.035097,172.31.40.0-255,1116,164385,69,201158
6246,0.03521,172.31.40.0-255,1514,165899,69,201158
6247,0.035212,172.31.40.0-255,1514,167413,69,201158
6248,0.035217,172.31.40.0-255,1514,168927,69,201158
6249,0.035219,172.31.40.0-255,1514,170441,69,201158
6250,0.035237,172.31.40.0-255,1499,171940,69,201158
6251,0.036741,104.244.42.0-255,66,172006,69,201158
6252,0.03679,104.244.42.0-255,66,172072,69,201158
6253,0.036917,104.244.42.0-255,66,172138,69,201158
6254,0.037705,74.125.24.0-255,5738,177876,69,201158
6255,0.037711,172.31.40.0-255,66,177942,69,201158
6256,0.040364,74.125.24.0-255,5738,183680,69,201158
6257,0.04037,172.31.40.0-255,66,183746,69,201158
6258,0.043037,74.125.24.0-255,5738,189484,69,201158
6259,0.043043,172.31.40.0-255,66,189550,69,201158
6260,0.045774,74.125.24.0-255,5738,195288,69,201158
6261,0.045783,172.31.40.0-255,66,195354,69,201158
6262,0.048485,74.125.24.0-255,5738,201092,69,201158
6263,0.04849,172.31.40.0-255,66,201158,69,201158
6264,0.0,74.125.68.0-255,149,149,69,379530
6265,3e-05,172.31.40.0-255,66,215,69,379530
6266,3.7e-05,74.125.68.0-255,1484,1699,69,379530
6267,4.1e-05,172.31.40.0-255,66,1765,69,379530
6268,4.7e-05,74.125.68.0-255,2902,4667,69,379530
6269,5.6e-05,172.31.40.0-255,66,4733,69,379530
6270,6.2e-05,74.125.68.0-255,4320,9053,69,379530
6271,6.5e-05,172.31.40.0-255,66,9119,69,379530
6272,9.4e-05,74.125.68.0-255,2902,12021,69,379530
6273,9.7e-05,172.31.40.0-255,66,12087,69,379530
6274,0.000102,74.125.68.0-255,2063,14150,69,379530
6275,0.000104,172.31.40.0-255,66,14216,69,379530
6276,0.000108,74.125.68.0-255,2902,17118,69,379530
6277,0.000111,172.31.40.0-255,66,17184,69,379530
6278,0.000118,74.125.68.0-255,7156,24340,69,379530
6279,0.000121,172.31.40.0-255,66,24406,69,379530
6280,0.000134,74.125.68.0-255,1484,25890,69,379530
6281,0.000136,172.31.40.0-255,66,25956,69,379530
6282,0.000169,74.125.68.0-255,5379,31335,69,379530
6283,0.000172,172.31.40.0-255,66,31401,69,379530
6284,0.000243,74.125.68.0-255,1484,32885,69,379530
6285,0.000248,172.31.40.0-255,66,32951,69,379530
6286,0.000252,74.125.68.0-255,2902,35853,69,379530
6287,0.000255,172.31.40.0-255,66,35919,69,379530
6288,0.000301,74.125.68.0-255,5738,41657,69,379530
6289,0.000305,172.31.40.0-255,66,41723,69,379530
6290,0.00031,74.125.68.0-255,2902,44625,69,379530
6291,0.000312,172.31.40.0-255,66,44691,69,379530
6292,0.000317,74.125.68.0-255,3961,48652,69,379530
6293,0.00032,172.31.40.0-255,66,48718,69,379530
6294,0.000358,74.125.68.0-255,2902,51620,69,379530
6295,0.00036,172.31.40.0-255,66,51686,69,379530
6296,0.000364,172.31.40.0-255,66,51752,69,379530
6297,0.000394,74.125.68.0-255,4320,56072,69,379530
6298,0.000398,172.31.40.0-255,66,56138,69,379530
6299,0.000419,74.125.68.0-255,1439,57577,69,379530
6300,0.000422,74.125.68.0-255,108,57685,69,379530
6301,0.0005,74.125.68.0-255,1484,59169,69,379530
6302,0.000503,172.31.40.0-255,66,59235,69,379530
6303,0.000509,74.125.68.0-255,2902,62137,69,379530
6304,0.000511,172.31.40.0-255,66,62203,69,379530
6305,0.000545,74.125.68.0-255,5738,67941,69,379530
6306,0.000548,172.31.40.0-255,66,68007,69,379530
6307,0.000551,74.125.68.0-255,1484,69491,69,379530
6308,0.000557,74.125.68.0-255,2902,72393,69,379530
6309,0.000559,172.31.40.0-255,66,72459,69,379530
6310,0.000595,74.125.68.0-255,2806,75265,69,379530
6311,0.000598,172.31.40.0-255,66,75331,69,379530
6312,0.000625,74.125.68.0-255,1484,76815,69,379530
6313,0.000635,74.125.68.0-255,1484,78299,69,379530
6314,0.000638,172.31.40.0-255,66,78365,69,379530
6315,0.000641,74.125.68.0-255,1484,79849,69,379530
6316,0.000664,74.125.68.0-255,2902,82751,69,379530
6317,0.000668,172.31.40.0-255,66,82817,69,379530
6318,0.000674,74.125.68.0-255,5738,88555,69,379530
6319,0.000676,172.31.40.0-255,66,88621,69,379530
6320,0.000707,74.125.68.0-255,3961,92582,69,379530
6321,0.00071,172.31.40.0-255,66,92648,69,379530
6322,0.000744,74.125.68.0-255,1484,94132,69,379530
6323,0.00077,74.125.68.0-255,2902,97034,69,379530
6324,0.000775,74.125.68.0-255,4320,101354,69,379530
6325,0.000775,172.31.40.0-255,66,101420,69,379530
6326,0.000778,172.31.40.0-255,66,101486,69,379530
6327,0.000808,74.125.68.0-255,1484,102970,69,379530
6328,0.000816,74.125.68.0-255,5738,108708,69,379530
6329,0.000819,172.31.40.0-255,66,108774,69,379530
6330,0.000826,74.125.68.0-255,7156,115930,69,379530
6331,0.000829,172.31.40.0-255,66,115996,69,379530
6332,0.000859,74.125.68.0-255,2902,118898,69,379530
6333,0.000862,172.31.40.0-255,66,118964,69,379530
6334,0.000898,172.31.40.0-255,66,119030,69,379530
6335,0.001179,74.125.68.0-255,1484,120514,69,379530
6336,0.001199,74.125.68.0-255,2902,123416,69,379530
6337,0.001202,172.31.40.0-255,66,123482,69,379530
6338,0.001207,74.125.68.0-255,2902,126384,69,379530
6339,0.001209,172.31.40.0-255,66,126450,69,379530
6340,0.001229,74.125.68.0-255,1484,127934,69,379530
6341,0.001235,74.125.68.0-255,4320,132254,69,379530
6342,0.001238,172.31.40.0-255,66,132320,69,379530
6343,0.00127,74.125.68.0-255,4320,136640,69,379530
6344,0.001274,172.31.40.0-255,66,136706,69,379530
6345,0.001279,74.125.68.0-255,4320,141026,69,379530
6346,0.001282,172.31.40.0-255,66,141092,69,379530
6347,0.001287,74.125.68.0-255,5738,146830,69,379530
6348,0.00129,172.31.40.0-255,66,146896,69,379530
6349,0.001329,74.125.68.0-255,6438,153334,69,379530
6350,0.001334,172.31.40.0-255,66,153400,69,379530
6351,0.001449,74.125.68.0-255,1484,154884,69,379530
6352,0.001453,74.125.68.0-255,1484,156368,69,379530
6353,0.001456,172.31.40.0-255,66,156434,69,379530
6354,0.001472,74.125.68.0-255,1484,157918,69,379530
6355,0.001483,74.125.68.0-255,5738,163656,69,379530
6356,0.001486,172.31.40.0-255,66,163722,69,379530
6357,0.001581,172.31.40.0-255,66,163788,69,379530
6358,0.001593,172.31.40.0-255,66,163854,69,379530
6359,0.001597,74.125.68.0-255,2184,166038,69,379530
6360,0.001599,172.31.40.0-255,66,166104,69,379530
6361,0.001603,74.125.68.0-255,2902,169006,69,379530
6362,0.001604,172.31.40.0-255,66,169072,69,379530
6363,0.001608,74.125.68.0-255,2902,171974,69,379530
6364,0.001612,172.31.40.0-255,66,172040,69,379530
6365,0.001647,74.125.68.0-255,1484,173524,69,379530
6366,0.001682,74.125.68.0-255,2902,176426,69,379530
6367,0.001686,172.31.40.0-255,66,176492,69,379530
6368,0.001698,172.31.40.0-255,66,176558,69,379530
6369,0.001703,74.125.68.0-255,5738,182296,69,379530
6370,0.001705,172.31.40.0-255,66,182362,69,379530
6371,0.001712,74.125.68.0-255,7156,189518,69,379530
6372,0.001716,74.125.68.0-255,2184,191702,69,379530
6373,0.001716,172.31.40.0-255,66,191768,69,379530
6374,0.001719,172.31.40.0-255,66,191834,69,379530
6375,0.001748,74.125.68.0-255,1484,193318,69,379530
6376,0.001777,74.125.68.0-255,2902,196220,69,379530
6377,0.001781,172.31.40.0-255,66,196286,69,379530
6378,0.001786,74.125.68.0-255,2902,199188,69,379530
6379,0.001788,172.31.40.0-255,66,199254,69,379530
6380,0.001806,74.125.68.0-255,2902,202156,69,379530
6381,0.001809,172.31.40.0-255,66,202222,69,379530
6382,0.001822,74.125.68.0-255,7156,209378,69,379530
6383,0.001825,172.31.40.0-255,66,209444,69,379530
6384,0.001871,74.125.68.0-255,4320,213764,69,379530
6385,0.001874,172.31.40.0-255,66,213830,69,379530
6386,0.001909,74.125.68.0-255,2902,216732,69,379530
6387,0.001912,172.31.40.0-255,66,216798,69,379530
6388,0.001923,172.31.40.0-255,66,216864,69,379530
6389,0.001926,74.125.68.0-255,766,217630,69,379530
6390,0.00206,74.125.68.0-255,1484,219114,69,379530
6391,0.002064,172.31.40.0-255,66,219180,69,379530
6392,0.002069,74.125.68.0-255,2902,222082,69,379530
6393,0.002071,172.31.40.0-255,66,222148,69,379530
6394,0.002097,74.125.68.0-255,5738,227886,69,379530
6395,0.0021,172.31.40.0-255,66,227952,69,379530
6396,0.002126,74.125.68.0-255,7156,235108,69,379530
6397,0.002129,172.31.40.0-255,66,235174,69,379530
6398,0.002133,74.125.68.0-255,2902,238076,69,379530
6399,0.002136,172.31.40.0-255,66,238142,69,379530
6400,0.002156,74.125.68.0-255,5738,243880,69,379530
6401,0.002159,172.31.40.0-255,66,243946,69,379530
6402,0.002164,74.125.68.0-255,4320,248266,69,379530
6403,0.002165,172.31.40.0-255,66,248332,69,379530
6404,0.002195,74.125.68.0-255,3602,251934,69,379530
6405,0.002198,172.31.40.0-255,66,252000,69,379530
6406,0.002274,74.125.68.0-255,1484,253484,69,379530
6407,0.002287,74.125.68.0-255,2902,256386,69,379530
6408,0.00229,172.31.40.0-255,66,256452,69,379530
6409,0.002319,74.125.68.0-255,5738,262190,69,379530
6410,0.002322,172.31.40.0-255,66,262256,69,379530
6411,0.004605,74.125.68.0-255,5738,267994,69,379530
6412,0.004612,172.31.40.0-255,66,268060,69,379530
6413,0.00691,74.125.68.0-255,5738,273798,69,379530
6414,0.006914,172.31.40.0-255,66,273864,69,379530
6415,0.009215,74.125.68.0-255,5738,279602,69,379530
6416,0.009222,172.31.40.0-255,66,279668,69,379530
6417,0.011514,74.125.68.0-255,5738,285406,69,379530
6418,0.01152,172.31.40.0-255,66,285472,69,379530
6419,0.013865,74.125.68.0-255,5738,291210,69,379530
6420,0.013873,172.31.40.0-255,66,291276,69,379530
6421,0.016182,74.125.68.0-255,4320,295596,69,379530
6422,0.016191,172.31.40.0-255,66,295662,69,379530
6423,0.016231,74.125.68.0-255,1484,297146,69,379530
6424,0.018491,74.125.68.0-255,4320,301466,69,379530
6425,0.018498,172.31.40.0-255,66,301532,69,379530
6426,0.020811,74.125.68.0-255,5738,307270,69,379530
6427,0.020817,172.31.40.0-255,66,307336,69,379530
6428,0.023114,74.125.68.0-255,5738,313074,69,379530
6429,0.023121,172.31.40.0-255,66,313140,69,379530
6430,0.025426,74.125.68.0-255,5738,318878,69,379530
6431,0.025433,172.31.40.0-255,66,318944,69,379530
6432,0.027735,74.125.68.0-255,5738,324682,69,379530
6433,0.027743,172.31.40.0-255,66,324748,69,379530
6434,0.030031,74.125.68.0-255,4320,329068,69,379530
6435,0.030038,172.31.40.0-255,66,329134,69,379530
6436,0.030078,74.125.68.0-255,1484,330618,69,379530
6437,0.032333,74.125.68.0-255,4320,334938,69,379530
6438,0.032342,172.31.40.0-255,66,335004,69,379530
6439,0.034321,172.31.40.0-255,172,335176,69,379530
6440,0.034353,172.31.40.0-255,1114,336290,69,379530
6441,0.034393,172.31.40.0-255,1514,337804,69,379530
6442,0.034395,172.31.40.0-255,1514,339318,69,379530
6443,0.034402,172.31.40.0-255,1514,340832,69,379530
6444,0.034403,172.31.40.0-255,1514,342346,69,379530
6445,0.034427,172.31.40.0-255,1501,343847,69,379530
6446,0.034713,74.125.68.0-255,4320,348167,69,379530
6447,0.034719,172.31.40.0-255,66,348233,69,379530
6448,0.034747,74.125.68.0-255,1484,349717,69,379530
6449,0.035876,104.244.42.0-255,66,349783,69,379530
6450,0.035933,104.244.42.0-255,66,349849,69,379530
6451,0.035983,104.244.42.0-255,66,349915,69,379530
6452,0.037002,74.125.68.0-255,4320,354235,69,379530
6453,0.037008,172.31.40.0-255,66,354301,69,379530
6454,0.039311,74.125.68.0-255,4320,358621,69,379530
6455,0.039315,172.31.40.0-255,66,358687,69,379530
6456,0.039351,74.125.68.0-255,1484,360171,69,379530
6457,0.0416,74.125.68.0-255,2902,363073,69,379530
6458,0.041605,172.31.40.0-255,66,363139,69,379530
6459,0.041654,74.125.68.0-255,1484,364623,69,379530
6460,0.043906,74.125.68.0-255,4320,368943,69,379530
6461,0.043912,172.31.40.0-255,66,369009,69,379530
6462,0.046217,74.125.68.0-255,5738,374747,69,379530
6463,0.046223,172.31.40.0-255,66,374813,69,379530
6464,0.04851,74.125.68.0-255,4546,379359,69,379530
6465,0.048516,172.31.40.0-255,66,379425,69,379530
6466,0.048702,172.31.40.0-255,105,379530,69,379530
6467,0.0,172.31.40.0-255,162,162,69,228
6468,0.007192,74.125.24.0-255,66,228,69,228
6469,0.0,74.125.24.0-255,153,153,69,324065
6470,1.8e-05,172.31.40.0-255,66,219,69,324065
6471,3.3e-05,74.125.24.0-255,1484,1703,69,324065
6472,3.7e-05,172.31.40.0-255,66,1769,69,324065
6473,6.1e-05,74.125.24.0-255,1484,3253,69,324065
6474,6.4e-05,172.31.40.0-255,66,3319,69,324065
6475,6.9e-05,74.125.24.0-255,2902,6221,69,324065
6476,7.2e-05,172.31.40.0-255,66,6287,69,324065
6477,0.000104,74.125.24.0-255,1484,7771,69,324065
6478,0.000106,172.31.40.0-255,66,7837,69,324065
6479,0.000118,74.125.24.0-255,2902,10739,69,324065
6480,0.00012,172.31.40.0-255,66,10805,69,324065
6481,0.000148,74.125.24.0-255,6355,17160,69,324065
6482,0.00015,172.31.40.0-255,66,17226,69,324065
6483,0.000156,74.125.24.0-255,5738,22964,69,324065
6484,0.000158,172.31.40.0-255,66,23030,69,324065
6485,0.000173,74.125.24.0-255,4320,27350,69,324065
6486,0.000175,172.31.40.0-255,66,27416,69,324065
6487,0.000207,74.125.24.0-255,3961,31377,69,324065
6488,0.000209,172.31.40.0-255,66,31443,69,324065
6489,0.000281,74.125.24.0-255,1484,32927,69,324065
6490,0.000284,172.31.40.0-255,66,32993,69,324065
6491,0.000289,74.125.24.0-255,2902,35895,69,324065
6492,0.000291,172.31.40.0-255,66,35961,69,324065
6493,0.000312,74.125.24.0-255,4320,40281,69,324065
6494,0.000314,172.31.40.0-255,66,40347,69,324065
6495,0.00033,74.125.24.0-255,1484,41831,69,324065
6496,0.000331,172.31.40.0-255,66,41897,69,324065
6497,0.000338,74.125.24.0-255,7156,49053,69,324065
6498,0.00034,172.31.40.0-255,66,49119,69,324065
6499,0.000368,172.31.40.0-255,66,49185,69,324065
6500,0.00039,74.125.24.0-255,5738,54923,69,324065
6501,0.000393,172.31.40.0-255,66,54989,69,324065
6502,0.000397,74.125.24.0-255,2184,57173,69,324065
6503,0.0004,172.31.40.0-255,66,57239,69,324065
6504,0.000403,74.125.24.0-255,362,57601,69,324065
6505,0.000455,74.125.24.0-255,126,57727,69,324065
6506,0.000688,74.125.24.0-255,1484,59211,69,324065
6507,0.000693,172.31.40.0-255,66,59277,69,324065
6508,0.000699,74.125.24.0-255,2902,62179,69,324065
6509,0.000702,172.31.40.0-255,66,62245,69,324065
6510,0.000709,74.125.24.0-255,5738,67983,69,324065
6511,0.000711,172.31.40.0-255,66,68049,69,324065
6512,0.000714,74.125.24.0-255,1484,69533,69,324065
6513,0.000739,74.125.24.0-255,4320,73853,69,324065
6514,0.000742,172.31.40.0-255,66,73919,69,324065
6515,0.000747,74.125.24.0-255,4320,78239,69,324065
6516,0.000749,172.31.40.0-255,66,78305,69,324065
6517,0.000764,74.125.24.0-255,5738,84043,69,324065
6518,0.000779,74.125.24.0-255,2902,86945,69,324065
6519,0.0008,74.125.24.0-255,5020,91965,69,324065
6520,0.000834,74.125.24.0-255,7156,99121,69,324065
6521,0.000863,74.125.24.0-255,5738,104859,69,324065
6522,0.000878,74.125.24.0-255,2902,107761,69,324065
6523,0.000912,74.125.24.0-255,1484,109245,69,324065
6524,0.000929,74.125.24.0-255,4726,113971,69,324065
6525,0.000988,74.125.24.0-255,1484,115455,69,324065
6526,0.00101,74.125.24.0-255,2902,118357,69,324065
6527,0.001026,74.125.24.0-255,2902,121259,69,324065
6528,0.00104,74.125.24.0-255,1484,122743,69,324065
6529,0.001078,74.125.24.0-255,5738,128481,69,324065
6530,0.001095,74.125.24.0-255,2902,131383,69,324065
6531,0.001102,74.125.24.0-255,5738,137121,69,324065
6532,0.001116,74.125.24.0-255,4320,141441,69,324065
6533,0.001131,74.125.24.0-255,6438,147879,69,324065
6534,0.001317,74.125.24.0-255,1484,149363,69,324065
6535,0.001331,74.125.24.0-255,2902,152265,69,324065
6536,0.001343,74.125.24.0-255,4320,156585,69,324065
6537,0.001355,74.125.24.0-255,1484,158069,69,324065
6538,0.001358,74.125.24.0-255,1484,159553,69,324065
6539,0.00142,74.125.24.0-255,2184,161737,69,324065
6540,0.002003,74.125.24.0-255,1484,163221,69,324065
6541,0.002024,74.125.24.0-255,2902,166123,69,324065
6542,0.002044,74.125.24.0-255,4320,170443,69,324065
6543,0.002061,74.125.24.0-255,1484,171927,69,324065
6544,0.002069,74.125.24.0-255,7156,179083,69,324065
6545,0.002084,74.125.24.0-255,2902,181985,69,324065
6546,0.00209,74.125.24.0-255,4320,186305,69,324065
6547,0.002112,74.125.24.0-255,7156,193461,69,324065
6548,0.002133,74.125.24.0-255,2184,195645,69,324065
6549,0.002367,74.125.24.0-255,1484,197129,69,324065
6550,0.00237,74.125.24.0-255,1484,198613,69,324065
6551,0.002384,74.125.24.0-255,1484,200097,69,324065
6552,0.002397,74.125.24.0-255,2902,202999,69,324065
6553,0.002412,74.125.24.0-255,2902,205901,69,324065
6554,0.002456,74.125.24.0-255,2902,208803,69,324065
6555,0.002459,74.125.24.0-255,1484,210287,69,324065
6556,0.004616,172.31.40.0-255,66,210353,69,324065
6557,0.007053,74.125.24.0-255,5738,216091,69,324065
6558,0.00706,172.31.40.0-255,66,216157,69,324065
6559,0.009489,74.125.24.0-255,5738,221895,69,324065
6560,0.009495,172.31.40.0-255,66,221961,69,324065
6561,0.011942,74.125.24.0-255,5738,227699,69,324065
6562,0.011949,172.31.40.0-255,66,227765,69,324065
6563,0.014453,74.125.24.0-255,5738,233503,69,324065
6564,0.014462,172.31.40.0-255,66,233569,69,324065
6565,0.016893,74.125.24.0-255,5738,239307,69,324065
6566,0.016899,172.31.40.0-255,66,239373,69,324065
6567,0.019374,74.125.24.0-255,5738,245111,69,324065
6568,0.019384,172.31.40.0-255,66,245177,69,324065
6569,0.02185,74.125.24.0-255,5738,250915,69,324065
6570,0.021858,172.31.40.0-255,66,250981,69,324065
6571,0.02431,74.125.24.0-255,5738,256719,69,324065
6572,0.024317,172.31.40.0-255,66,256785,69,324065
6573,0.026795,74.125.24.0-255,5738,262523,69,324065
6574,0.026802,172.31.40.0-255,66,262589,69,324065
6575,0.029244,74.125.24.0-255,5738,268327,69,324065
6576,0.029251,172.31.40.0-255,66,268393,69,324065
6577,0.0309,172.31.40.0-255,172,268565,69,324065
6578,0.030931,172.31.40.0-255,1114,269679,69,324065
6579,0.030999,172.31.40.0-255,1514,271193,69,324065
6580,0.031001,172.31.40.0-255,1514,272707,69,324065
6581,0.031003,172.31.40.0-255,1514,274221,69,324065
6582,0.031008,172.31.40.0-255,1514,275735,69,324065
6583,0.031009,172.31.40.0-255,1502,277237,69,324065
6584,0.03171,74.125.24.0-255,5738,282975,69,324065
6585,0.031718,172.31.40.0-255,66,283041,69,324065
6586,0.032576,104.244.42.0-255,66,283107,69,324065
6587,0.032605,104.244.42.0-255,66,283173,69,324065
6588,0.032675,104.244.42.0-255,66,283239,69,324065
6589,0.034161,74.125.24.0-255,5738,288977,69,324065
6590,0.034169,172.31.40.0-255,66,289043,69,324065
6591,0.036666,74.125.24.0-255,5738,294781,69,324065
6592,0.036672,172.31.40.0-255,66,294847,69,324065
6593,0.039116,74.125.24.0-255,5738,300585,69,324065
6594,0.039123,172.31.40.0-255,66,300651,69,324065
6595,0.041559,74.125.24.0-255,5738,306389,69,324065
6596,0.041565,172.31.40.0-255,66,306455,69,324065
6597,0.044007,74.125.24.0-255,2902,309357,69,324065
6598,0.044014,172.31.40.0-255,66,309423,69,324065
6599,0.044038,74.125.24.0-255,2902,312325,69,324065
6600,0.044042,172.31.40.0-255,66,312391,69,324065
6601,0.046482,74.125.24.0-255,1484,313875,69,324065
6602,0.046506,74.125.24.0-255,4320,318195,69,324065
6603,0.046511,172.31.40.0-255,66,318261,69,324065
6604,0.048953,74.125.24.0-255,5738,323999,69,324065
6605,0.048958,172.31.40.0-255,66,324065,69,324065
6606,0.0,172.31.40.0-255,66,66,69,66
6607,0.0,74.125.68.0-255,153,153,69,168543
6608,1.2e-05,172.31.40.0-255,66,219,69,168543
6609,4.6e-05,74.125.68.0-255,1484,1703,69,168543
6610,5e-05,172.31.40.0-255,66,1769,69,168543
6611,5.6e-05,74.125.68.0-255,2902,4671,69,168543
6612,5.9e-05,172.31.40.0-255,66,4737,69,168543
6613,0.000159,74.125.68.0-255,7156,11893,69,168543
6614,0.000163,172.31.40.0-255,66,11959,69,168543
6615,0.000412,74.125.68.0-255,2076,14035,69,168543
6616,0.000417,172.31.40.0-255,66,14101,69,168543
6617,0.000479,74.125.68.0-255,7156,21257,69,168543
6618,0.000483,172.31.40.0-255,66,21323,69,168543
6619,0.000514,74.125.68.0-255,4320,25643,69,168543
6620,0.000517,172.31.40.0-255,66,25709,69,168543
6621,0.000879,74.125.68.0-255,1484,27193,69,168543
6622,0.000886,172.31.40.0-255,66,27259,69,168543
6623,0.000922,74.125.68.0-255,3961,31220,69,168543
6624,0.000925,172.31.40.0-255,66,31286,69,168543
6625,0.00112,74.125.68.0-255,7156,38442,69,168543
6626,0.001127,172.31.40.0-255,66,38508,69,168543
6627,0.001169,172.31.40.0-255,66,38574,69,168543
6628,0.001837,172.31.40.0-255,66,38640,69,168543
6629,0.001875,172.31.40.0-255,66,38706,69,168543
6630,0.002771,74.125.68.0-255,7156,45862,69,168543
6631,0.002774,172.31.40.0-255,66,45928,69,168543
6632,0.002819,172.31.40.0-255,66,45994,69,168543
6633,0.003719,74.125.68.0-255,4320,50314,69,168543
6634,0.003725,172.31.40.0-255,66,50380,69,168543
6635,0.004489,172.31.40.0-255,66,50446,69,168543
6636,0.006759,74.125.68.0-255,1484,51930,69,168543
6637,0.006787,74.125.68.0-255,4320,56250,69,168543
6638,0.006792,172.31.40.0-255,66,56316,69,168543
6639,0.009067,74.125.68.0-255,5738,62054,69,168543
6640,0.009074,172.31.40.0-255,66,62120,69,168543
6641,0.01137,74.125.68.0-255,5738,67858,69,168543
6642,0.011379,172.31.40.0-255,66,67924,69,168543
6643,0.013656,74.125.68.0-255,5738,73662,69,168543
6644,0.013665,172.31.40.0-255,66,73728,69,168543
6645,0.015929,74.125.68.0-255,4320,78048,69,168543
6646,0.015936,172.31.40.0-255,66,78114,69,168543
6647,0.015964,74.125.68.0-255,1484,79598,69,168543
6648,0.018229,74.125.68.0-255,4320,83918,69,168543
6649,0.018238,172.31.40.0-255,66,83984,69,168543
6650,0.020513,74.125.68.0-255,5738,89722,69,168543
6651,0.020522,172.31.40.0-255,66,89788,69,168543
6652,0.022792,74.125.68.0-255,5738,95526,69,168543
6653,0.022801,172.31.40.0-255,66,95592,69,168543
6654,0.02507,74.125.68.0-255,5738,101330,69,168543
6655,0.025078,172.31.40.0-255,66,101396,69,168543
6656,0.027356,74.125.68.0-255,5738,107134,69,168543
6657,0.027363,172.31.40.0-255,66,107200,69,168543
6658,0.029629,74.125.68.0-255,5738,112938,69,168543
6659,0.029636,172.31.40.0-255,66,113004,69,168543
6660,0.031906,74.125.68.0-255,1484,114488,69,168543
6661,0.03193,74.125.68.0-255,4320,118808,69,168543
6662,0.031935,172.31.40.0-255,66,118874,69,168543
6663,0.033772,172.31.40.0-255,172,119046,69,168543
6664,0.033797,172.31.40.0-255,1116,120162,69,168543
6665,0.033851,172.31.40.0-255,1514,121676,69,168543
6666,0.033853,172.31.40.0-255,1514,123190,69,168543
6667,0.033857,172.31.40.0-255,1514,124704,69,168543
6668,0.033858,172.31.40.0-255,1514,126218,69,168543
6669,0.033876,172.31.40.0-255,1499,127717,69,168543
6670,0.034199,74.125.68.0-255,5738,133455,69,168543
6671,0.034204,172.31.40.0-255,66,133521,69,168543
6672,0.035331,104.244.42.0-255,66,133587,69,168543
6673,0.035377,104.244.42.0-255,66,133653,69,168543
6674,0.035419,104.244.42.0-255,66,133719,69,168543
6675,0.036475,74.125.68.0-255,5738,139457,69,168543
6676,0.036482,172.31.40.0-255,66,139523,69,168543
6677,0.038749,74.125.68.0-255,5738,145261,69,168543
6678,0.038756,172.31.40.0-255,66,145327,69,168543
6679,0.041036,74.125.68.0-255,5738,151065,69,168543
6680,0.041042,172.31.40.0-255,66,151131,69,168543
6681,0.043309,74.125.68.0-255,5738,156869,69,168543
6682,0.043316,172.31.40.0-255,66,156935,69,168543
6683,0.045595,74.125.68.0-255,5738,162673,69,168543
6684,0.045602,172.31.40.0-255,66,162739,69,168543
6685,0.047893,74.125.68.0-255,5738,168477,69,168543
6686,0.047901,172.31.40.0-255,66,168543,69,168543
6687,0.0,74.125.24.0-255,149,149,69,283815
6688,2.2e-05,172.31.40.0-255,66,215,69,283815
6689,2.9e-05,74.125.24.0-255,1484,1699,69,283815
6690,3.3e-05,172.31.40.0-255,66,1765,69,283815
6691,3.9e-05,74.125.24.0-255,2902,4667,69,283815
6692,4.2e-05,172.31.40.0-255,66,4733,69,283815
6693,4.9e-05,74.125.24.0-255,5738,10471,69,283815
6694,5.3e-05,172.31.40.0-255,66,10537,69,283815
6695,5.6e-05,74.125.24.0-255,1484,12021,69,283815
6696,5.9e-05,172.31.40.0-255,66,12087,69,283815
6697,0.000104,172.31.40.0-255,66,12153,69,283815
6698,0.000131,74.125.24.0-255,6797,18950,69,283815
6699,0.000134,172.31.40.0-255,66,19016,69,283815
6700,0.000199,74.125.24.0-255,1484,20500,69,283815
6701,0.000202,172.31.40.0-255,66,20566,69,283815
6702,0.000206,74.125.24.0-255,1484,22050,69,283815
6703,0.000208,172.31.40.0-255,66,22116,69,283815
6704,0.000223,74.125.24.0-255,1484,23600,69,283815
6705,0.000226,172.31.40.0-255,66,23666,69,283815
6706,0.000233,74.125.24.0-255,5738,29404,69,283815
6707,0.000236,172.31.40.0-255,66,29470,69,283815
6708,0.000256,74.125.24.0-255,2902,32372,69,283815
6709,0.000259,172.31.40.0-255,66,32438,69,283815
6710,0.000289,172.31.40.0-255,66,32504,69,283815
6711,0.000299,172.31.40.0-255,66,32570,69,283815
6712,0.000322,74.125.24.0-255,1424,33994,69,283815
6713,0.000325,172.31.40.0-255,66,34060,69,283815
6714,0.000342,74.125.24.0-255,126,34186,69,283815
6715,0.000344,172.31.40.0-255,66,34252,69,283815
6716,0.000426,74.125.24.0-255,350,34602,69,283815
6717,0.000762,74.125.24.0-255,1484,36086,69,283815
6718,0.000768,172.31.40.0-255,66,36152,69,283815
6719,0.000773,74.125.24.0-255,2902,39054,69,283815
6720,0.000775,172.31.40.0-255,66,39120,69,283815
6721,0.000778,74.125.24.0-255,1484,40604,69,283815
6722,0.000798,74.125.24.0-255,4320,44924,69,283815
6723,0.0008,172.31.40.0-255,66,44990,69,283815
6724,0.000833,172.31.40.0-255,66,45056,69,283815
6725,0.000839,74.125.24.0-255,4320,49376,69,283815
6726,0.000842,172.31.40.0-255,66,49442,69,283815
6727,0.000855,74.125.24.0-255,2902,52344,69,283815
6728,0.000857,172.31.40.0-255,66,52410,69,283815
6729,0.00089,74.125.24.0-255,3602,56012,69,283815
6730,0.000894,172.31.40.0-255,66,56078,69,283815
6731,0.001404,74.125.24.0-255,1484,57562,69,283815
6732,0.00141,74.125.24.0-255,2902,60464,69,283815
6733,0.001414,172.31.40.0-255,66,60530,69,283815
6734,0.001418,74.125.24.0-255,1484,62014,69,283815
6735,0.001442,74.125.24.0-255,4320,66334,69,283815
6736,0.001445,172.31.40.0-255,66,66400,69,283815
6737,0.001451,74.125.24.0-255,5738,72138,69,283815
6738,0.001453,172.31.40.0-255,66,72204,69,283815
6739,0.00148,74.125.24.0-255,7156,79360,69,283815
6740,0.001483,172.31.40.0-255,66,79426,69,283815
6741,0.001518,172.31.40.0-255,66,79492,69,283815
6742,0.001534,74.125.24.0-255,2184,81676,69,283815
6743,0.001536,172.31.40.0-255,66,81742,69,283815
6744,0.00154,74.125.24.0-255,1484,83226,69,283815
6745,0.001543,74.125.24.0-255,1484,84710,69,283815
6746,0.001545,172.31.40.0-255,66,84776,69,283815
6747,0.00156,74.125.24.0-255,1484,86260,69,283815
6748,0.001567,74.125.24.0-255,5738,91998,69,283815
6749,0.001569,172.31.40.0-255,66,92064,69,283815
6750,0.001574,74.125.24.0-255,4320,96384,69,283815
6751,0.001576,172.31.40.0-255,66,96450,69,283815
6752,0.001613,172.31.40.0-255,66,96516,69,283815
6753,0.001617,74.125.24.0-255,2902,99418,69,283815
6754,0.001619,172.31.40.0-255,66,99484,69,283815
6755,0.001636,74.125.24.0-255,5020,104504,69,283815
6756,0.001639,172.31.40.0-255,66,104570,69,283815
6757,0.001686,74.125.24.0-255,2902,107472,69,283815
6758,0.00169,172.31.40.0-255,66,107538,69,283815
6759,0.001712,74.125.24.0-255,4320,111858,69,283815
6760,0.001715,172.31.40.0-255,66,111924,69,283815
6761,0.001745,172.31.40.0-255,66,111990,69,283815
6762,0.001753,74.125.24.0-255,7156,119146,69,283815
6763,0.001755,172.31.40.0-255,66,119212,69,283815
6764,0.001801,172.31.40.0-255,66,119278,69,283815
6765,0.001918,74.125.24.0-255,1484,120762,69,283815
6766,0.001923,74.125.24.0-255,2902,123664,69,283815
6767,0.001926,172.31.40.0-255,66,123730,69,283815
6768,0.001938,74.125.24.0-255,2902,126632,69,283815
6769,0.001941,172.31.40.0-255,66,126698,69,283815
6770,0.001956,74.125.24.0-255,2902,129600,69,283815
6771,0.001958,172.31.40.0-255,66,129666,69,283815
6772,0.001963,74.125.24.0-255,2902,132568,69,283815
6773,0.001964,172.31.40.0-255,66,132634,69,283815
6774,0.002008,172.31.40.0-255,66,132700,69,283815
6775,0.002019,172.31.40.0-255,66,132766,69,283815
6776,0.002022,74.125.24.0-255,766,133532,69,283815
6777,0.00218,74.125.24.0-255,1484,135016,69,283815
6778,0.002183,172.31.40.0-255,66,135082,69,283815
6779,0.002188,74.125.24.0-255,2902,137984,69,283815
6780,0.00219,172.31.40.0-255,66,138050,69,283815
6781,0.002216,74.125.24.0-255,5738,143788,69,283815
6782,0.002218,172.31.40.0-255,66,143854,69,283815
6783,0.002229,74.125.24.0-255,5738,149592,69,283815
6784,0.002231,172.31.40.0-255,66,149658,69,283815
6785,0.002263,74.125.24.0-255,7156,156814,69,283815
6786,0.002265,172.31.40.0-255,66,156880,69,283815
6787,0.002277,172.31.40.0-255,66,156946,69,283815
6788,0.002293,74.125.24.0-255,1484,158430,69,283815
6789,0.002319,172.31.40.0-255,66,158496,69,283815
6790,0.002349,172.31.40.0-255,66,158562,69,283815
6791,0.002357,172.31.40.0-255,66,158628,69,283815
6792,0.004645,74.125.24.0-255,5738,164366,69,283815
6793,0.004656,172.31.40.0-255,66,164432,69,283815
6794,0.006988,74.125.24.0-255,5738,170170,69,283815
6795,0.006994,172.31.40.0-255,66,170236,69,283815
6796,0.009293,74.125.24.0-255,5738,175974,69,283815
6797,0.0093,172.31.40.0-255,66,176040,69,283815
6798,0.011611,74.125.24.0-255,5738,181778,69,283815
6799,0.011626,172.31.40.0-255,66,181844,69,283815
6800,0.013938,74.125.24.0-255,5738,187582,69,283815
6801,0.013951,172.31.40.0-255,66,187648,69,283815
6802,0.016262,74.125.24.0-255,5738,193386,69,283815
6803,0.016276,172.31.40.0-255,66,193452,69,283815
6804,0.018594,74.125.24.0-255,5738,199190,69,283815
6805,0.018608,172.31.40.0-255,66,199256,69,283815
6806,0.020911,74.125.24.0-255,5738,204994,69,283815
6807,0.020919,172.31.40.0-255,66,205060,69,283815
6808,0.023252,74.125.24.0-255,5738,210798,69,283815
6809,0.023259,172.31.40.0-255,66,210864,69,283815
6810,0.025571,74.125.24.0-255,5738,216602,69,283815
6811,0.025583,172.31.40.0-255,66,216668,69,283815
6812,0.027894,74.125.24.0-255,5738,222406,69,283815
6813,0.027907,172.31.40.0-255,66,222472,69,283815
6814,0.030203,74.125.24.0-255,5738,228210,69,283815
6815,0.030212,172.31.40.0-255,66,228276,69,283815
6816,0.032535,74.125.24.0-255,5738,234014,69,283815
6817,0.032547,172.31.40.0-255,66,234080,69,283815
6818,0.034868,74.125.24.0-255,5738,239818,69,283815
6819,0.03488,172.31.40.0-255,66,239884,69,283815
6820,0.036984,172.31.40.0-255,172,240056,69,283815
6821,0.037017,172.31.40.0-255,1116,241172,69,283815
6822,0.037082,172.31.40.0-255,1514,242686,69,283815
6823,0.037084,172.31.40.0-255,1514,244200,69,283815
6824,0.037085,172.31.40.0-255,1514,245714,69,283815
6825,0.037086,172.31.40.0-255,1514,247228,69,283815
6826,0.037115,172.31.40.0-255,1499,248727,69,283815
6827,0.037196,74.125.24.0-255,5738,254465,69,283815
6828,0.037202,172.31.40.0-255,66,254531,69,283815
6829,0.038533,104.244.42.0-255,66,254597,69,283815
6830,0.038585,104.244.42.0-255,66,254663,69,283815
6831,0.038648,104.244.42.0-255,66,254729,69,283815
6832,0.038719,104.244.42.0-255,66,254795,69,283815
6833,0.039513,74.125.24.0-255,5738,260533,69,283815
6834,0.039524,172.31.40.0-255,66,260599,69,283815
6835,0.041831,74.125.24.0-255,5738,266337,69,283815
6836,0.041839,172.31.40.0-255,66,266403,69,283815
6837,0.044154,74.125.24.0-255,5738,272141,69,283815
6838,0.04416,172.31.40.0-255,66,272207,69,283815
6839,0.046464,74.125.24.0-255,5738,277945,69,283815
6840,0.04647,172.31.40.0-255,66,278011,69,283815
6841,0.048772,74.125.24.0-255,5738,283749,69,283815
6842,0.04878,172.31.40.0-255,66,283815,69,283815
6843,0.0,172.217.194.0-255,153,153,69,255516
6844,1.6e-05,172.31.40.0-255,66,219,69,255516
6845,2.3e-05,172.217.194.0-255,1484,1703,69,255516
6846,2.8e-05,172.31.40.0-255,66,1769,69,255516
6847,6.3e-05,172.217.194.0-255,2902,4671,69,255516
6848,6.6e-05,172.31.40.0-255,66,4737,69,255516
6849,7.8e-05,172.217.194.0-255,7156,11893,69,255516
6850,8.1e-05,172.31.40.0-255,66,11959,69,255516
6851,8.5e-05,172.217.194.0-255,2057,14016,69,255516
6852,8.8e-05,172.31.40.0-255,66,14082,69,255516
6853,9.3e-05,172.217.194.0-255,2902,16984,69,255516
6854,9.6e-05,172.31.40.0-255,66,17050,69,255516
6855,0.000103,172.217.194.0-255,7156,24206,69,255516
6856,0.000105,172.31.40.0-255,66,24272,69,255516
6857,0.000147,172.217.194.0-255,6797,31069,69,255516
6858,0.000151,172.31.40.0-255,66,31135,69,255516
6859,0.000295,172.217.194.0-255,1484,32619,69,255516
6860,0.0003,172.31.40.0-255,66,32685,69,255516
6861,0.000308,172.217.194.0-255,2902,35587,69,255516
6862,0.00031,172.31.40.0-255,66,35653,69,255516
6863,0.000316,172.217.194.0-255,2902,38555,69,255516
6864,0.000318,172.31.40.0-255,66,38621,69,255516
6865,0.000349,172.217.194.0-255,2902,41523,69,255516
6866,0.000351,172.31.40.0-255,66,41589,69,255516
6867,0.000357,172.217.194.0-255,4320,45909,69,255516
6868,0.000359,172.31.40.0-255,66,45975,69,255516
6869,0.000381,172.217.194.0-255,2543,48518,69,255516
6870,0.000384,172.31.40.0-255,66,48584,69,255516
6871,0.000388,172.217.194.0-255,2902,51486,69,255516
6872,0.00039,172.31.40.0-255,66,51552,69,255516
6873,0.000401,172.217.194.0-255,7156,58708,69,255516
6874,0.000404,172.31.40.0-255,66,58774,69,255516
6875,0.000439,172.217.194.0-255,6797,65571,69,255516
6876,0.000442,172.31.40.0-255,66,65637,69,255516
6877,0.001419,172.217.194.0-255,646,66283,69,255516
6878,0.00159,172.217.194.0-255,1484,67767,69,255516
6879,0.001597,172.31.40.0-255,66,67833,69,255516
6880,0.001603,172.217.194.0-255,2902,70735,69,255516
6881,0.001606,172.31.40.0-255,66,70801,69,255516
6882,0.001617,172.217.194.0-255,5738,76539,69,255516
6883,0.001619,172.31.40.0-255,66,76605,69,255516
6884,0.001622,172.217.194.0-255,1484,78089,69,255516
6885,0.001674,172.31.40.0-255,66,78155,69,255516
6886,0.001686,172.31.40.0-255,66,78221,69,255516
6887,0.001785,172.217.194.0-255,1484,79705,69,255516
6888,0.001791,172.217.194.0-255,2902,82607,69,255516
6889,0.001794,172.31.40.0-255,66,82673,69,255516
6890,0.001831,172.217.194.0-255,5738,88411,69,255516
6891,0.001833,172.31.40.0-255,66,88477,69,255516
6892,0.001842,172.217.194.0-255,7156,95633,69,255516
6893,0.001844,172.31.40.0-255,66,95699,69,255516
6894,0.001867,172.217.194.0-255,5738,101437,69,255516
6895,0.001873,172.31.40.0-255,66,101503,69,255516
6896,0.001886,172.31.40.0-255,66,101569,69,255516
6897,0.001891,172.217.194.0-255,2902,104471,69,255516
6898,0.001893,172.31.40.0-255,66,104537,69,255516
6899,0.001923,172.217.194.0-255,1484,106021,69,255516
6900,0.00193,172.217.194.0-255,5738,111759,69,255516
6901,0.001937,172.31.40.0-255,66,111825,69,255516
6902,0.001952,172.31.40.0-255,66,111891,69,255516
6903,0.001965,172.31.40.0-255,66,111957,69,255516
6904,0.001996,172.217.194.0-255,1484,113441,69,255516
6905,0.002008,172.217.194.0-255,2902,116343,69,255516
6906,0.002011,172.31.40.0-255,66,116409,69,255516
6907,0.002027,172.217.194.0-255,2902,119311,69,255516
6908,0.002033,172.31.40.0-255,66,119377,69,255516
6909,0.002057,172.217.194.0-255,2902,122279,69,255516
6910,0.002059,172.31.40.0-255,66,122345,69,255516
6911,0.002074,172.31.40.0-255,66,122411,69,255516
6912,0.002082,172.217.194.0-255,2902,125313,69,255516
6913,0.002084,172.31.40.0-255,66,125379,69,255516
6914,0.002122,172.31.40.0-255,66,125445,69,255516
6915,0.002157,172.217.194.0-255,1484,126929,69,255516
6916,0.002163,172.217.194.0-255,2902,129831,69,255516
6917,0.002165,172.31.40.0-255,66,129897,69,255516
6918,0.002171,172.217.194.0-255,4320,134217,69,255516
6919,0.002173,172.31.40.0-255,66,134283,69,255516
6920,0.002204,172.217.194.0-255,1484,135767,69,255516
6921,0.002219,172.31.40.0-255,66,135833,69,255516
6922,0.002232,172.31.40.0-255,66,135899,69,255516
6923,0.002258,172.217.194.0-255,766,136665,69,255516
6924,0.002293,172.217.194.0-255,1484,138149,69,255516
6925,0.002296,172.31.40.0-255,66,138215,69,255516
6926,0.0023,172.217.194.0-255,1484,139699,69,255516
6927,0.002315,172.217.194.0-255,1484,141183,69,255516
6928,0.002321,172.31.40.0-255,66,141249,69,255516
6929,0.002328,172.217.194.0-255,5738,146987,69,255516
6930,0.002331,172.31.40.0-255,66,147053,69,255516
6931,0.002381,172.31.40.0-255,66,147119,69,255516
6932,0.002394,172.31.40.0-255,66,147185,69,255516
6933,0.002485,172.31.40.0-255,66,147251,69,255516
6934,0.002497,172.31.40.0-255,66,147317,69,255516
6935,0.002502,172.217.194.0-255,4320,151637,69,255516
6936,0.002504,172.31.40.0-255,66,151703,69,255516
6937,0.002555,172.31.40.0-255,66,151769,69,255516
6938,0.002566,172.31.40.0-255,66,151835,69,255516
6939,0.005043,172.217.194.0-255,4320,156155,69,255516
6940,0.005047,172.31.40.0-255,66,156221,69,255516
6941,0.00507,172.217.194.0-255,1484,157705,69,255516
6942,0.007542,172.217.194.0-255,4320,162025,69,255516
6943,0.00755,172.31.40.0-255,66,162091,69,255516
6944,0.009544,172.31.40.0-255,101,162192,69,255516
6945,0.010045,172.217.194.0-255,5738,167930,69,255516
6946,0.010051,172.31.40.0-255,66,167996,69,255516
6947,0.01198,172.217.194.0-255,66,168062,69,255516
6948,0.01253,172.217.194.0-255,5738,173800,69,255516
6949,0.012537,172.31.40.0-255,66,173866,69,255516
6950,0.015046,172.217.194.0-255,5738,179604,69,255516
6951,0.015053,172.31.40.0-255,66,179670,69,255516
6952,0.01754,172.217.194.0-255,5738,185408,69,255516
6953,0.017551,172.31.40.0-255,66,185474,69,255516
6954,0.020063,172.217.194.0-255,5738,191212,69,255516
6955,0.020072,172.31.40.0-255,66,191278,69,255516
6956,0.022547,172.217.194.0-255,5738,197016,69,255516
6957,0.022553,172.31.40.0-255,66,197082,69,255516
6958,0.02504,172.217.194.0-255,5738,202820,69,255516
6959,0.025047,172.31.40.0-255,66,202886,69,255516
6960,0.027538,172.217.194.0-255,5738,208624,69,255516
6961,0.027547,172.31.40.0-255,66,208690,69,255516
6962,0.030025,172.217.194.0-255,5738,214428,69,255516
6963,0.030032,172.31.40.0-255,66,214494,69,255516
6964,0.032522,172.217.194.0-255,5738,220232,69,255516
6965,0.032533,172.31.40.0-255,66,220298,69,255516
6966,0.035017,172.217.194.0-255,5738,226036,69,255516
6967,0.035026,172.31.40.0-255,66,226102,69,255516
6968,0.037506,172.217.194.0-255,5738,231840,69,255516
6969,0.037513,172.31.40.0-255,66,231906,69,255516
6970,0.037521,172.31.40.0-255,172,232078,69,255516
6971,0.03757,172.31.40.0-255,1112,233190,69,255516
6972,0.037688,172.31.40.0-255,1514,234704,69,255516
6973,0.037691,172.31.40.0-255,1514,236218,69,255516
6974,0.037692,172.31.40.0-255,1514,237732,69,255516
6975,0.037693,172.31.40.0-255,1514,239246,69,255516
6976,0.037723,172.31.40.0-255,1505,240751,69,255516
6977,0.039147,104.244.42.0-255,66,240817,69,255516
6978,0.03917,104.244.42.0-255,66,240883,69,255516
6979,0.039331,104.244.42.0-255,66,240949,69,255516
6980,0.039361,104.244.42.0-255,66,241015,69,255516
6981,0.039896,104.244.42.0-255,108,241123,69,255516
6982,0.039903,172.31.40.0-255,66,241189,69,255516
6983,0.039994,172.217.194.0-255,5738,246927,69,255516
6984,0.039998,172.31.40.0-255,66,246993,69,255516
6985,0.042467,172.217.194.0-255,5738,252731,69,255516
6986,0.042473,172.31.40.0-255,66,252797,69,255516
6987,0.044949,172.217.194.0-255,2548,255345,69,255516
6988,0.044958,172.31.40.0-255,66,255411,69,255516
6989,0.045134,172.31.40.0-255,105,255516,69,255516
6990,0.0,172.31.40.0-255,105,105,69,276
6991,0.00185,157.240.7.0-255,105,210,69,276
6992,0.001864,172.31.40.0-255,66,276,69,276
6993,0.0,74.125.24.0-255,146,146,69,254104
6994,2.2e-05,172.31.40.0-255,66,212,69,254104
6995,2.9e-05,74.125.24.0-255,1484,1696,69,254104
6996,3.3e-05,172.31.40.0-255,66,1762,69,254104
6997,3.9e-05,74.125.24.0-255,2902,4664,69,254104
6998,4.2e-05,172.31.40.0-255,66,4730,69,254104
6999,4.9e-05,74.125.24.0-255,7156,11886,69,254104
7000,5.2e-05,172.31.40.0-255,66,11952,69,254104
7001,5.5e-05,74.125.24.0-255,1484,13436,69,254104
7002,5.7e-05,172.31.40.0-255,66,13502,69,254104
7003,7.9e-05,74.125.24.0-255,646,14148,69,254104
7004,8.1e-05,172.31.40.0-255,66,14214,69,254104
7005,0.000526,74.125.24.0-255,1484,15698,69,254104
7006,0.000532,172.31.40.0-255,66,15764,69,254104
7007,0.00054,74.125.24.0-255,2902,18666,69,254104
7008,0.000543,172.31.40.0-255,66,18732,69,254104
7009,0.000548,74.125.24.0-255,2902,21634,69,254104
7010,0.000549,172.31.40.0-255,66,21700,69,254104
7011,0.000578,74.125.24.0-255,7156,28856,69,254104
7012,0.00058,172.31.40.0-255,66,28922,69,254104
7013,0.0006,74.125.24.0-255,2543,31465,69,254104
7014,0.000604,172.31.40.0-255,66,31531,69,254104
7015,0.000635,74.125.24.0-255,2902,34433,69,254104
7016,0.000637,172.31.40.0-255,66,34499,69,254104
7017,0.000657,74.125.24.0-255,2902,37401,69,254104
7018,0.00066,172.31.40.0-255,66,37467,69,254104
7019,0.00068,74.125.24.0-255,2902,40369,69,254104
7020,0.000682,172.31.40.0-255,66,40435,69,254104
7021,0.000687,74.125.24.0-255,2902,43337,69,254104
7022,0.000689,172.31.40.0-255,66,43403,69,254104
7023,0.000708,74.125.24.0-255,4320,47723,69,254104
7024,0.000711,172.31.40.0-255,66,47789,69,254104
7025,0.000714,74.125.24.0-255,1125,48914,69,254104
7026,0.000764,74.125.24.0-255,1484,50398,69,254104
7027,0.000769,172.31.40.0-255,66,50464,69,254104
7028,0.000773,74.125.24.0-255,1484,51948,69,254104
7029,0.000789,74.125.24.0-255,1484,53432,69,254104
7030,0.000792,172.31.40.0-255,66,53498,69,254104
7031,0.000798,74.125.24.0-255,4320,57818,69,254104
7032,0.0008,172.31.40.0-255,66,57884,69,254104
7033,0.00082,74.125.24.0-255,1484,59368,69,254104
7034,0.000825,74.125.24.0-255,2902,62270,69,254104
7035,0.000827,172.31.40.0-255,66,62336,69,254104
7036,0.000866,74.125.24.0-255,3961,66297,69,254104
7037,0.000869,172.31.40.0-255,66,66363,69,254104
7038,0.000887,74.125.24.0-255,411,66774,69,254104
7039,0.000938,74.125.24.0-255,331,67105,69,254104
7040,0.001431,74.125.24.0-255,1484,68589,69,254104
7041,0.001438,172.31.40.0-255,66,68655,69,254104
7042,0.001445,74.125.24.0-255,2902,71557,69,254104
7043,0.001448,172.31.40.0-255,66,71623,69,254104
7044,0.001455,74.125.24.0-255,5738,77361,69,254104
7045,0.001457,172.31.40.0-255,66,77427,69,254104
7046,0.001488,74.125.24.0-255,7156,84583,69,254104
7047,0.001491,172.31.40.0-255,66,84649,69,254104
7048,0.001499,74.125.24.0-255,7156,91805,69,254104
7049,0.001501,172.31.40.0-255,66,91871,69,254104
7050,0.001525,74.125.24.0-255,1484,93355,69,254104
7051,0.001536,172.31.40.0-255,66,93421,69,254104
7052,0.00157,74.125.24.0-255,1484,94905,69,254104
7053,0.001573,74.125.24.0-255,1484,96389,69,254104
7054,0.001575,172.31.40.0-255,66,96455,69,254104
7055,0.001593,74.125.24.0-255,1484,97939,69,254104
7056,0.001598,74.125.24.0-255,4320,102259,69,254104
7057,0.0016,172.31.40.0-255,66,102325,69,254104
7058,0.001616,74.125.24.0-255,1484,103809,69,254104
7059,0.001621,74.125.24.0-255,5738,109547,69,254104
7060,0.001624,172.31.40.0-255,66,109613,69,254104
7061,0.001656,74.125.24.0-255,7156,116769,69,254104
7062,0.001659,172.31.40.0-255,66,116835,69,254104
7063,0.001672,172.31.40.0-255,66,116901,69,254104
7064,0.001674,74.125.24.0-255,766,117667,69,254104
7065,0.002269,74.125.24.0-255,1484,119151,69,254104
7066,0.002272,172.31.40.0-255,66,119217,69,254104
7067,0.002278,74.125.24.0-255,2902,122119,69,254104
7068,0.002281,172.31.40.0-255,66,122185,69,254104
7069,0.002283,74.125.24.0-255,1484,123669,69,254104
7070,0.002297,74.125.24.0-255,4320,127989,69,254104
7071,0.002527,74.125.24.0-255,1484,129473,69,254104
7072,0.002544,74.125.24.0-255,2902,132375,69,254104
7073,0.00256,74.125.24.0-255,5738,138113,69,254104
7074,0.002567,74.125.24.0-255,5738,143851,69,254104
7075,0.002581,74.125.24.0-255,1484,145335,69,254104
7076,0.002611,74.125.24.0-255,2902,148237,69,254104
7077,0.002614,74.125.24.0-255,1484,149721,69,254104
7078,0.002632,74.125.24.0-255,3602,153323,69,254104
7079,0.003831,172.31.40.0-255,66,153389,69,254104
7080,0.006399,74.125.24.0-255,5738,159127,69,254104
7081,0.006406,172.31.40.0-255,66,159193,69,254104
7082,0.008989,74.125.24.0-255,5738,164931,69,254104
7083,0.008997,172.31.40.0-255,66,164997,69,254104
7084,0.011605,74.125.24.0-255,5738,170735,69,254104
7085,0.011613,172.31.40.0-255,66,170801,69,254104
7086,0.014204,74.125.24.0-255,5738,176539,69,254104
7087,0.014214,172.31.40.0-255,66,176605,69,254104
7088,0.016801,74.125.24.0-255,5738,182343,69,254104
7089,0.01681,172.31.40.0-255,66,182409,69,254104
7090,0.019378,74.125.24.0-255,5738,188147,69,254104
7091,0.019385,172.31.40.0-255,66,188213,69,254104
7092,0.021977,74.125.24.0-255,5738,193951,69,254104
7093,0.021984,172.31.40.0-255,66,194017,69,254104
7094,0.024557,74.125.24.0-255,5738,199755,69,254104
7095,0.024565,172.31.40.0-255,66,199821,69,254104
7096,0.027165,74.125.24.0-255,5738,205559,69,254104
7097,0.027172,172.31.40.0-255,66,205625,69,254104
7098,0.029754,74.125.24.0-255,5738,211363,69,254104
7099,0.029762,172.31.40.0-255,66,211429,69,254104
7100,0.032322,172.31.40.0-255,172,211601,69,254104
7101,0.032351,74.125.24.0-255,5738,217339,69,254104
7102,0.032357,172.31.40.0-255,66,217405,69,254104
7103,0.032366,172.31.40.0-255,1114,218519,69,254104
7104,0.032483,172.31.40.0-255,563,219082,69,254104
7105,0.033865,104.244.42.0-255,66,219148,69,254104
7106,0.033968,104.244.42.0-255,66,219214,69,254104
7107,0.034022,104.244.42.0-255,66,219280,69,254104
7108,0.034938,74.125.24.0-255,5738,225018,69,254104
7109,0.034957,172.31.40.0-255,66,225084,69,254104
7110,0.037556,74.125.24.0-255,5738,230822,69,254104
7111,0.037563,172.31.40.0-255,66,230888,69,254104
7112,0.040133,74.125.24.0-255,5738,236626,69,254104
7113,0.040139,172.31.40.0-255,66,236692,69,254104
7114,0.042728,74.125.24.0-255,5738,242430,69,254104
7115,0.042736,172.31.40.0-255,66,242496,69,254104
7116,0.04533,74.125.24.0-255,5738,248234,69,254104
7117,0.045336,172.31.40.0-255,66,248300,69,254104
7118,0.047941,74.125.24.0-255,5738,254038,69,254104
7119,0.047948,172.31.40.0-255,66,254104,69,254104
7120,0.0,74.125.200.0-255,153,153,69,207831
7121,1.5e-05,172.31.40.0-255,66,219,69,207831
7122,2.2e-05,74.125.200.0-255,1484,1703,69,207831
7123,2.6e-05,172.31.40.0-255,66,1769,69,207831
7124,5.4e-05,74.125.200.0-255,2902,4671,69,207831
7125,5.7e-05,172.31.40.0-255,66,4737,69,207831
7126,6.3e-05,74.125.200.0-255,5738,10475,69,207831
7127,6.6e-05,172.31.40.0-255,66,10541,69,207831
7128,0.000109,74.125.200.0-255,2902,13443,69,207831
7129,0.000112,172.31.40.0-255,66,13509,69,207831
7130,0.000126,74.125.200.0-255,658,14167,69,207831
7131,0.000128,172.31.40.0-255,66,14233,69,207831
7132,0.00044,74.125.200.0-255,1484,15717,69,207831
7133,0.000446,172.31.40.0-255,66,15783,69,207831
7134,0.000454,74.125.200.0-255,2902,18685,69,207831
7135,0.000456,172.31.40.0-255,66,18751,69,207831
7136,0.000483,74.125.200.0-255,5738,24489,69,207831
7137,0.000485,172.31.40.0-255,66,24555,69,207831
7138,0.000521,74.125.200.0-255,1484,26039,69,207831
7139,0.000524,172.31.40.0-255,66,26105,69,207831
7140,0.000548,74.125.200.0-255,4320,30425,69,207831
7141,0.000551,172.31.40.0-255,66,30491,69,207831
7142,0.000581,74.125.200.0-255,1125,31616,69,207831
7143,0.000583,172.31.40.0-255,66,31682,69,207831
7144,0.000746,74.125.200.0-255,1484,33166,69,207831
7145,0.00075,172.31.40.0-255,66,33232,69,207831
7146,0.000756,74.125.200.0-255,2902,36134,69,207831
7147,0.000759,172.31.40.0-255,66,36200,69,207831
7148,0.00079,74.125.200.0-255,5738,41938,69,207831
7149,0.000794,172.31.40.0-255,66,42004,69,207831
7150,0.000814,74.125.200.0-255,4320,46324,69,207831
7151,0.000817,172.31.40.0-255,66,46390,69,207831
7152,0.000838,74.125.200.0-255,3961,50351,69,207831
7153,0.000891,74.125.200.0-255,4320,54671,69,207831
7154,0.000908,74.125.200.0-255,4320,58991,69,207831
7155,0.000979,74.125.200.0-255,4320,63311,69,207831
7156,0.000997,74.125.200.0-255,2543,65854,69,207831
7157,0.001484,74.125.200.0-255,394,66248,69,207831
7158,0.001536,74.125.200.0-255,348,66596,69,207831
7159,0.002027,74.125.200.0-255,1484,68080,69,207831
7160,0.002041,74.125.200.0-255,2902,70982,69,207831
7161,0.002062,74.125.200.0-255,5738,76720,69,207831
7162,0.002111,74.125.200.0-255,2902,79622,69,207831
7163,0.00213,74.125.200.0-255,4320,83942,69,207831
7164,0.002186,74.125.200.0-255,5738,89680,69,207831
7165,0.002201,74.125.200.0-255,5738,95418,69,207831
7166,0.002218,74.125.200.0-255,1484,96902,69,207831
7167,0.002301,74.125.200.0-255,1484,98386,69,207831
7168,0.002315,74.125.200.0-255,2184,100570,69,207831
7169,0.003477,172.31.40.0-255,66,100636,69,207831
7170,0.006228,74.125.200.0-255,5738,106374,69,207831
7171,0.006235,172.31.40.0-255,66,106440,69,207831
7172,0.008965,74.125.200.0-255,2902,109342,69,207831
7173,0.008972,172.31.40.0-255,66,109408,69,207831
7174,0.008992,74.125.200.0-255,2902,112310,69,207831
7175,0.009006,172.31.40.0-255,66,112376,69,207831
7176,0.011687,74.125.200.0-255,2902,115278,69,207831
7177,0.011695,172.31.40.0-255,66,115344,69,207831
7178,0.011717,74.125.200.0-255,2902,118246,69,207831
7179,0.011751,172.31.40.0-255,66,118312,69,207831
7180,0.014424,74.125.200.0-255,2902,121214,69,207831
7181,0.014435,172.31.40.0-255,66,121280,69,207831
7182,0.014463,74.125.200.0-255,2902,124182,69,207831
7183,0.014493,172.31.40.0-255,66,124248,69,207831
7184,0.017162,74.125.200.0-255,2902,127150,69,207831
7185,0.017169,172.31.40.0-255,66,127216,69,207831
7186,0.017204,74.125.200.0-255,1484,128700,69,207831
7187,0.017217,74.125.200.0-255,1484,130184,69,207831
7188,0.017829,172.31.40.0-255,66,130250,69,207831
7189,0.019896,74.125.200.0-255,2902,133152,69,207831
7190,0.019904,172.31.40.0-255,66,133218,69,207831
7191,0.020544,74.125.200.0-255,2902,136120,69,207831
7192,0.02055,172.31.40.0-255,66,136186,69,207831
7193,0.022629,74.125.200.0-255,2902,139088,69,207831
7194,0.022636,172.31.40.0-255,66,139154,69,207831
7195,0.023278,74.125.200.0-255,2902,142056,69,207831
7196,0.023284,172.31.40.0-255,66,142122,69,207831
7197,0.025364,74.125.200.0-255,2902,145024,69,207831
7198,0.02537,172.31.40.0-255,66,145090,69,207831
7199,0.026003,74.125.200.0-255,2902,147992,69,207831
7200,0.026009,172.31.40.0-255,66,148058,69,207831
7201,0.028089,74.125.200.0-255,2902,150960,69,207831
7202,0.028097,172.31.40.0-255,66,151026,69,207831
7203,0.028729,74.125.200.0-255,2902,153928,69,207831
7204,0.028736,172.31.40.0-255,66,153994,69,207831
7205,0.029461,172.31.40.0-255,172,154166,69,207831
7206,0.02949,172.31.40.0-255,1116,155282,69,207831
7207,0.02954,172.31.40.0-255,1514,156796,69,207831
7208,0.029542,172.31.40.0-255,1514,158310,69,207831
7209,0.029546,172.31.40.0-255,1514,159824,69,207831
7210,0.029548,172.31.40.0-255,1514,161338,69,207831
7211,0.029565,172.31.40.0-255,1499,162837,69,207831
7212,0.030814,74.125.200.0-255,2902,165739,69,207831
7213,0.030821,172.31.40.0-255,66,165805,69,207831
7214,0.031177,104.244.42.0-255,66,165871,69,207831
7215,0.031201,104.244.42.0-255,66,165937,69,207831
7216,0.031299,104.244.42.0-255,66,166003,69,207831
7217,0.031461,74.125.200.0-255,2902,168905,69,207831
7218,0.031466,172.31.40.0-255,66,168971,69,207831
7219,0.033556,74.125.200.0-255,2902,171873,69,207831
7220,0.033563,172.31.40.0-255,66,171939,69,207831
7221,0.034185,74.125.200.0-255,2902,174841,69,207831
7222,0.034192,172.31.40.0-255,66,174907,69,207831
7223,0.036293,74.125.200.0-255,2902,177809,69,207831
7224,0.0363,172.31.40.0-255,66,177875,69,207831
7225,0.036921,74.125.200.0-255,2902,180777,69,207831
7226,0.036928,172.31.40.0-255,66,180843,69,207831
7227,0.039029,74.125.200.0-255,2902,183745,69,207831
7228,0.039036,172.31.40.0-255,66,183811,69,207831
7229,0.039656,74.125.200.0-255,2902,186713,69,207831
7230,0.039664,172.31.40.0-255,66,186779,69,207831
7231,0.04176,74.125.200.0-255,2902,189681,69,207831
7232,0.041769,172.31.40.0-255,66,189747,69,207831
7233,0.042216,172.31.40.0-255,105,189852,69,207831
7234,0.042393,74.125.200.0-255,2902,192754,69,207831
7235,0.042399,172.31.40.0-255,66,192820,69,207831
7236,0.044115,157.240.7.0-255,105,192925,69,207831
7237,0.044125,172.31.40.0-255,66,192991,69,207831
7238,0.044498,74.125.200.0-255,2902,195893,69,207831
7239,0.044503,172.31.40.0-255,66,195959,69,207831
7240,0.045138,74.125.200.0-255,2902,198861,69,207831
7241,0.045146,172.31.40.0-255,66,198927,69,207831
7242,0.047221,74.125.200.0-255,2902,201829,69,207831
7243,0.047228,172.31.40.0-255,66,201895,69,207831
7244,0.047872,74.125.200.0-255,2902,204797,69,207831
7245,0.04788,172.31.40.0-255,66,204863,69,207831
7246,0.04996,74.125.200.0-255,2902,207765,69,207831
7247,0.049967,172.31.40.0-255,66,207831,69,207831
7248,0.0,172.31.40.0-255,105,105,69,105
7249,0.0,74.125.200.0-255,152,152,69,369063
7250,2e-05,172.31.40.0-255,66,218,69,369063
7251,2.7e-05,74.125.200.0-255,1484,1702,69,369063
7252,3.1e-05,172.31.40.0-255,66,1768,69,369063
7253,3.8e-05,74.125.200.0-255,2902,4670,69,369063
7254,4.1e-05,172.31.40.0-255,66,4736,69,369063
7255,7.4e-05,74.125.200.0-255,7156,11892,69,369063
7256,7.6e-05,172.31.40.0-255,66,11958,69,369063
7257,8e-05,74.125.200.0-255,2055,14013,69,369063
7258,8.2e-05,172.31.40.0-255,66,14079,69,369063
7259,0.000118,74.125.200.0-255,2902,16981,69,369063
7260,0.000121,172.31.40.0-255,66,17047,69,369063
7261,0.000143,74.125.200.0-255,4320,21367,69,369063
7262,0.000145,172.31.40.0-255,66,21433,69,369063
7263,0.000148,74.125.200.0-255,1484,22917,69,369063
7264,0.000151,172.31.40.0-255,66,22983,69,369063
7265,0.000174,74.125.200.0-255,7156,30139,69,369063
7266,0.000176,172.31.40.0-255,66,30205,69,369063
7267,0.00018,74.125.200.0-255,1125,31330,69,369063
7268,0.000182,172.31.40.0-255,66,31396,69,369063
7269,0.000319,74.125.200.0-255,1484,32880,69,369063
7270,0.000322,172.31.40.0-255,66,32946,69,369063
7271,0.000328,74.125.200.0-255,2902,35848,69,369063
7272,0.000331,172.31.40.0-255,66,35914,69,369063
7273,0.000342,74.125.200.0-255,2902,38816,69,369063
7274,0.000344,172.31.40.0-255,66,38882,69,369063
7275,0.000367,74.125.200.0-255,2902,41784,69,369063
7276,0.00037,172.31.40.0-255,66,41850,69,369063
7277,0.000375,74.125.200.0-255,4320,46170,69,369063
7278,0.000376,172.31.40.0-255,66,46236,69,369063
7279,0.0004,74.125.200.0-255,4320,50556,69,369063
7280,0.000402,172.31.40.0-255,66,50622,69,369063
7281,0.000418,74.125.200.0-255,1125,51747,69,369063
7282,0.000422,74.125.200.0-255,1484,53231,69,369063
7283,0.000424,172.31.40.0-255,66,53297,69,369063
7284,0.000452,172.31.40.0-255,66,53363,69,369063
7285,0.000475,74.125.200.0-255,4315,57678,69,369063
7286,0.000477,172.31.40.0-255,66,57744,69,369063
7287,0.000494,74.125.200.0-255,332,58076,69,369063
7288,0.000788,74.125.200.0-255,1484,59560,69,369063
7289,0.000792,172.31.40.0-255,66,59626,69,369063
7290,0.000797,74.125.200.0-255,2902,62528,69,369063
7291,0.000799,172.31.40.0-255,66,62594,69,369063
7292,0.00081,74.125.200.0-255,1484,64078,69,369063
7293,0.000819,74.125.200.0-255,1484,65562,69,369063
7294,0.000821,172.31.40.0-255,66,65628,69,369063
7295,0.000834,74.125.200.0-255,2902,68530,69,369063
7296,0.000836,172.31.40.0-255,66,68596,69,369063
7297,0.000839,74.125.200.0-255,1484,70080,69,369063
7298,0.000841,74.125.200.0-255,1484,71564,69,369063
7299,0.000843,172.31.40.0-255,66,71630,69,369063
7300,0.000871,74.125.200.0-255,7156,78786,69,369063
7301,0.000873,172.31.40.0-255,66,78852,69,369063
7302,0.000903,172.31.40.0-255,66,78918,69,369063
7303,0.001064,74.125.200.0-255,1484,80402,69,369063
7304,0.001068,74.125.200.0-255,1484,81886,69,369063
7305,0.001071,172.31.40.0-255,66,81952,69,369063
7306,0.001091,74.125.200.0-255,1484,83436,69,369063
7307,0.001096,74.125.200.0-255,4320,87756,69,369063
7308,0.001098,172.31.40.0-255,66,87822,69,369063
7309,0.001119,74.125.200.0-255,5738,93560,69,369063
7310,0.001121,172.31.40.0-255,66,93626,69,369063
7311,0.001135,74.125.200.0-255,2902,96528,69,369063
7312,0.001138,172.31.40.0-255,66,96594,69,369063
7313,0.001143,74.125.200.0-255,5738,102332,69,369063
7314,0.001145,172.31.40.0-255,66,102398,69,369063
7315,0.001149,74.125.200.0-255,2902,105300,69,369063
7316,0.001151,172.31.40.0-255,66,105366,69,369063
7317,0.001173,74.125.200.0-255,4320,109686,69,369063
7318,0.001176,172.31.40.0-255,66,109752,69,369063
7319,0.001219,74.125.200.0-255,3602,113354,69,369063
7320,0.001222,172.31.40.0-255,66,113420,69,369063
7321,0.001239,74.125.200.0-255,1484,114904,69,369063
7322,0.00126,74.125.200.0-255,2902,117806,69,369063
7323,0.001264,172.31.40.0-255,66,117872,69,369063
7324,0.00129,74.125.200.0-255,5738,123610,69,369063
7325,0.001293,172.31.40.0-255,66,123676,69,369063
7326,0.001315,74.125.200.0-255,5738,129414,69,369063
7327,0.001319,172.31.40.0-255,66,129480,69,369063
7328,0.001333,74.125.200.0-255,1484,130964,69,369063
7329,0.001339,74.125.200.0-255,4320,135284,69,369063
7330,0.001342,172.31.40.0-255,66,135350,69,369063
7331,0.001363,74.125.200.0-255,1484,136834,69,369063
7332,0.001369,74.125.200.0-255,4320,141154,69,369063
7333,0.001372,172.31.40.0-255,66,141220,69,369063
7334,0.001393,74.125.200.0-255,2902,144122,69,369063
7335,0.001396,172.31.40.0-255,66,144188,69,369063
7336,0.0014,74.125.200.0-255,2902,147090,69,369063
7337,0.001402,172.31.40.0-255,66,147156,69,369063
7338,0.001415,74.125.200.0-255,766,147922,69,369063
7339,0.002035,172.31.40.0-255,66,147988,69,369063
7340,0.002168,74.125.200.0-255,1484,149472,69,369063
7341,0.002177,74.125.200.0-255,2902,152374,69,369063
7342,0.002181,172.31.40.0-255,66,152440,69,369063
7343,0.002185,74.125.200.0-255,1484,153924,69,369063
7344,0.002202,74.125.200.0-255,2902,156826,69,369063
7345,0.002204,172.31.40.0-255,66,156892,69,369063
7346,0.002207,74.125.200.0-255,1484,158376,69,369063
7347,0.002223,74.125.200.0-255,4320,162696,69,369063
7348,0.002225,172.31.40.0-255,66,162762,69,369063
7349,0.002245,74.125.200.0-255,5738,168500,69,369063
7350,0.002247,172.31.40.0-255,66,168566,69,369063
7351,0.002276,74.125.200.0-255,4320,172886,69,369063
7352,0.002278,172.31.40.0-255,66,172952,69,369063
7353,0.002297,74.125.200.0-255,5738,178690,69,369063
7354,0.002299,172.31.40.0-255,66,178756,69,369063
7355,0.002321,74.125.200.0-255,3602,182358,69,369063
7356,0.002324,172.31.40.0-255,66,182424,69,369063
7357,0.002378,74.125.200.0-255,1484,183908,69,369063
7358,0.002394,74.125.200.0-255,1484,185392,69,369063
7359,0.002397,172.31.40.0-255,66,185458,69,369063
7360,0.002402,74.125.200.0-255,2902,188360,69,369063
7361,0.002404,172.31.40.0-255,66,188426,69,369063
7362,0.002424,74.125.200.0-255,2902,191328,69,369063
7363,0.002426,172.31.40.0-255,66,191394,69,369063
7364,0.002445,74.125.200.0-255,5738,197132,69,369063
7365,0.002447,172.31.40.0-255,66,197198,69,369063
7366,0.002464,74.125.200.0-255,1484,198682,69,369063
7367,0.00249,74.125.200.0-255,7156,205838,69,369063
7368,0.002493,172.31.40.0-255,66,205904,69,369063
7369,0.002498,74.125.200.0-255,2902,208806,69,369063
7370,0.0025,172.31.40.0-255,66,208872,69,369063
7371,0.002503,74.125.200.0-255,1484,210356,69,369063
7372,0.002506,74.125.200.0-255,1484,211840,69,369063
7373,0.002508,172.31.40.0-255,66,211906,69,369063
7374,0.00253,74.125.200.0-255,5020,216926,69,369063
7375,0.002533,172.31.40.0-255,66,216992,69,369063
7376,0.002539,74.125.200.0-255,5738,222730,69,369063
7377,0.002541,172.31.40.0-255,66,222796,69,369063
7378,0.002544,74.125.200.0-255,1484,224280,69,369063
7379,0.002565,74.125.200.0-255,1484,225764,69,369063
7380,0.002567,172.31.40.0-255,66,225830,69,369063
7381,0.002604,74.125.200.0-255,1484,227314,69,369063
7382,0.002614,74.125.200.0-255,5738,233052,69,369063
7383,0.002617,172.31.40.0-255,66,233118,69,369063
7384,0.002623,74.125.200.0-255,4320,237438,69,369063
7385,0.002625,172.31.40.0-255,66,237504,69,369063
7386,0.002631,74.125.200.0-255,5738,243242,69,369063
7387,0.002633,172.31.40.0-255,66,243308,69,369063
7388,0.002668,172.31.40.0-255,66,243374,69,369063
7389,0.002723,74.125.200.0-255,1484,244858,69,369063
7390,0.00273,74.125.200.0-255,2902,247760,69,369063
7391,0.002733,172.31.40.0-255,66,247826,69,369063
7392,0.002754,74.125.200.0-255,2902,250728,69,369063
7393,0.002757,172.31.40.0-255,66,250794,69,369063
7394,0.002761,74.125.200.0-255,1484,252278,69,369063
7395,0.002781,74.125.200.0-255,2902,255180,69,369063
7396,0.002784,172.31.40.0-255,66,255246,69,369063
7397,0.002787,74.125.200.0-255,1484,256730,69,369063
7398,0.002802,74.125.200.0-255,1484,258214,69,369063
7399,0.002804,172.31.40.0-255,66,258280,69,369063
7400,0.002822,74.125.200.0-255,1484,259764,69,369063
7401,0.00286,74.125.200.0-255,4320,264084,69,369063
7402,0.002865,172.31.40.0-255,66,264150,69,369063
7403,0.002868,74.125.200.0-255,1484,265634,69,369063
7404,0.002873,74.125.200.0-255,2902,268536,69,369063
7405,0.002876,172.31.40.0-255,66,268602,69,369063
7406,0.00288,74.125.200.0-255,4320,272922,69,369063
7407,0.002883,172.31.40.0-255,66,272988,69,369063
7408,0.002889,74.125.200.0-255,5020,278008,69,369063
7409,0.002891,172.31.40.0-255,66,278074,69,369063
7410,0.002955,74.125.200.0-255,1484,279558,69,369063
7411,0.002969,74.125.200.0-255,2902,282460,69,369063
7412,0.002972,172.31.40.0-255,66,282526,69,369063
7413,0.002976,74.125.200.0-255,1484,284010,69,369063
7414,0.002995,74.125.200.0-255,4320,288330,69,369063
7415,0.00303,74.125.200.0-255,4320,292650,69,369063
7416,0.003044,74.125.200.0-255,2902,295552,69,369063
7417,0.003112,74.125.200.0-255,4320,299872,69,369063
7418,0.003129,74.125.200.0-255,7156,307028,69,369063
7419,0.003167,74.125.200.0-255,2902,309930,69,369063
7420,0.00317,74.125.200.0-255,766,310696,69,369063
7421,0.003204,74.125.200.0-255,5738,316434,69,369063
7422,0.003207,74.125.200.0-255,1484,317918,69,369063
7423,0.003217,74.125.200.0-255,1484,319402,69,369063
7424,0.003246,74.125.200.0-255,4320,323722,69,369063
7425,0.003267,74.125.200.0-255,7156,330878,69,369063
7426,0.003284,74.125.200.0-255,7156,338034,69,369063
7427,0.003306,74.125.200.0-255,5738,343772,69,369063
7428,0.00331,74.125.200.0-255,2184,345956,69,369063
7429,0.003323,74.125.200.0-255,2902,348858,69,369063
7430,0.003348,74.125.200.0-255,7156,356014,69,369063
7431,0.003362,74.125.200.0-255,3664,359678,69,369063
7432,0.003411,74.125.200.0-255,105,359783,69,369063
7433,0.006001,172.31.40.0-255,66,359849,69,369063
7434,0.007747,172.31.40.0-255,105,359954,69,369063
7435,0.010088,74.125.200.0-255,66,360020,69,369063
7436,0.036591,172.31.40.0-255,172,360192,69,369063
7437,0.036626,172.31.40.0-255,1116,361308,69,369063
7438,0.036711,172.31.40.0-255,1514,362822,69,369063
7439,0.036714,172.31.40.0-255,1514,364336,69,369063
7440,0.036715,172.31.40.0-255,1514,365850,69,369063
7441,0.036716,172.31.40.0-255,1514,367364,69,369063
7442,0.036746,172.31.40.0-255,1501,368865,69,369063
7443,0.038194,104.244.42.0-255,66,368931,69,369063
7444,0.038225,104.244.42.0-255,66,368997,69,369063
7445,0.038368,104.244.42.0-255,66,369063,69,369063
7446,0.0,74.125.24.0-255,150,150,69,209333
7447,2.4e-05,172.31.40.0-255,66,216,69,209333
7448,3.1e-05,74.125.24.0-255,1484,1700,69,209333
7449,3.5e-05,172.31.40.0-255,66,1766,69,209333
7450,4.1e-05,74.125.24.0-255,2902,4668,69,209333
7451,4.4e-05,172.31.40.0-255,66,4734,69,209333
7452,5.3e-05,74.125.24.0-255,7156,11890,69,209333
7453,5.6e-05,172.31.40.0-255,66,11956,69,209333
7454,6.7e-05,172.31.40.0-255,66,12022,69,209333
7455,0.000107,172.31.40.0-255,66,12088,69,209333
7456,0.000144,74.125.24.0-255,1484,13572,69,209333
7457,0.000146,172.31.40.0-255,66,13638,69,209333
7458,0.000167,74.125.24.0-255,2902,16540,69,209333
7459,0.000169,172.31.40.0-255,66,16606,69,209333
7460,0.000175,74.125.24.0-255,5738,22344,69,209333
7461,0.000177,172.31.40.0-255,66,22410,69,209333
7462,0.000197,172.31.40.0-255,66,22476,69,209333
7463,0.000244,172.31.40.0-255,66,22542,69,209333
7464,0.000478,74.125.24.0-255,132,22674,69,209333
7465,0.000484,172.31.40.0-255,66,22740,69,209333
7466,0.000586,74.125.24.0-255,1484,24224,69,209333
7467,0.00059,172.31.40.0-255,66,24290,69,209333
7468,0.000596,74.125.24.0-255,2902,27192,69,209333
7469,0.000598,172.31.40.0-255,66,27258,69,209333
7470,0.00061,74.125.24.0-255,1484,28742,69,209333
7471,0.000612,172.31.40.0-255,66,28808,69,209333
7472,0.000635,74.125.24.0-255,4320,33128,69,209333
7473,0.000639,172.31.40.0-255,66,33194,69,209333
7474,0.000659,74.125.24.0-255,6797,39991,69,209333
7475,0.000662,172.31.40.0-255,66,40057,69,209333
7476,0.000669,74.125.24.0-255,7156,47213,69,209333
7477,0.000671,172.31.40.0-255,66,47279,69,209333
7478,0.000702,74.125.24.0-255,4320,51599,69,209333
7479,0.000705,172.31.40.0-255,66,51665,69,209333
7480,0.000728,74.125.24.0-255,5379,57044,69,209333
7481,0.000733,172.31.40.0-255,66,57110,69,209333
7482,0.001978,74.125.24.0-255,1484,58594,69,209333
7483,0.00199,74.125.24.0-255,2902,61496,69,209333
7484,0.001995,172.31.40.0-255,66,61562,69,209333
7485,0.002004,74.125.24.0-255,5738,67300,69,209333
7486,0.002006,172.31.40.0-255,66,67366,69,209333
7487,0.002034,172.31.40.0-255,66,67432,69,209333
7488,0.002077,74.125.24.0-255,4320,71752,69,209333
7489,0.002079,172.31.40.0-255,66,71818,69,209333
7490,0.002104,74.125.24.0-255,6438,78256,69,209333
7491,0.002107,172.31.40.0-255,66,78322,69,209333
7492,0.004378,74.125.24.0-255,5738,84060,69,209333
7493,0.004381,172.31.40.0-255,66,84126,69,209333
7494,0.006641,74.125.24.0-255,5738,89864,69,209333
7495,0.006646,172.31.40.0-255,66,89930,69,209333
7496,0.008877,74.125.24.0-255,5738,95668,69,209333
7497,0.008888,172.31.40.0-255,66,95734,69,209333
7498,0.011113,74.125.24.0-255,5738,101472,69,209333
7499,0.011128,172.31.40.0-255,66,101538,69,209333
7500,0.013351,74.125.24.0-255,5738,107276,69,209333
7501,0.013363,172.31.40.0-255,66,107342,69,209333
7502,0.015625,74.125.24.0-255,5738,113080,69,209333
7503,0.015639,172.31.40.0-255,66,113146,69,209333
7504,0.017866,74.125.24.0-255,5738,118884,69,209333
7505,0.017877,172.31.40.0-255,66,118950,69,209333
7506,0.020089,74.125.24.0-255,5738,124688,69,209333
7507,0.020098,172.31.40.0-255,66,124754,69,209333
7508,0.022337,74.125.24.0-255,5738,130492,69,209333
7509,0.022345,172.31.40.0-255,66,130558,69,209333
7510,0.024608,74.125.24.0-255,5738,136296,69,209333
7511,0.024618,172.31.40.0-255,66,136362,69,209333
7512,0.026853,74.125.24.0-255,5738,142100,69,209333
7513,0.026866,172.31.40.0-255,66,142166,69,209333
7514,0.029097,74.125.24.0-255,5738,147904,69,209333
7515,0.029109,172.31.40.0-255,66,147970,69,209333
7516,0.031326,74.125.24.0-255,5738,153708,69,209333
7517,0.031335,172.31.40.0-255,66,153774,69,209333
7518,0.032585,172.31.40.0-255,192,153966,69,209333
7519,0.032617,172.31.40.0-255,1116,155082,69,209333
7520,0.032692,172.31.40.0-255,1514,156596,69,209333
7521,0.032694,172.31.40.0-255,1514,158110,69,209333
7522,0.032699,172.31.40.0-255,1514,159624,69,209333
7523,0.032701,172.31.40.0-255,1514,161138,69,209333
7524,0.03272,172.31.40.0-255,1499,162637,69,209333
7525,0.033568,74.125.24.0-255,5738,168375,69,209333
7526,0.033576,172.31.40.0-255,66,168441,69,209333
7527,0.034169,104.244.42.0-255,66,168507,69,209333
7528,0.034178,104.244.42.0-255,66,168573,69,209333
7529,0.034298,104.244.42.0-255,66,168639,69,209333
7530,0.034339,104.244.42.0-255,66,168705,69,209333
7531,0.035807,74.125.24.0-255,5738,174443,69,209333
7532,0.035815,172.31.40.0-255,66,174509,69,209333
7533,0.038035,74.125.24.0-255,5738,180247,69,209333
7534,0.038043,172.31.40.0-255,66,180313,69,209333
7535,0.040281,74.125.24.0-255,5738,186051,69,209333
7536,0.040289,172.31.40.0-255,66,186117,69,209333
7537,0.042551,74.125.24.0-255,5738,191855,69,209333
7538,0.04256,172.31.40.0-255,66,191921,69,209333
7539,0.044787,74.125.24.0-255,5738,197659,69,209333
7540,0.044795,172.31.40.0-255,66,197725,69,209333
7541,0.047024,74.125.24.0-255,5738,203463,69,209333
7542,0.047031,172.31.40.0-255,66,203529,69,209333
7543,0.049267,74.125.24.0-255,5738,209267,69,209333
7544,0.049273,172.31.40.0-255,66,209333,69,209333
7545,0.0,74.125.24.0-255,152,152,69,263728
7546,1.3e-05,172.31.40.0-255,66,218,69,263728
7547,1.9e-05,74.125.24.0-255,1484,1702,69,263728
7548,2.3e-05,172.31.40.0-255,66,1768,69,263728
7549,2.8e-05,74.125.24.0-255,2902,4670,69,263728
7550,3.1e-05,172.31.40.0-255,66,4736,69,263728
7551,3.6e-05,74.125.24.0-255,4320,9056,69,263728
7552,3.9e-05,172.31.40.0-255,66,9122,69,263728
7553,6.1e-05,74.125.24.0-255,2902,12024,69,263728
7554,6.3e-05,172.31.40.0-255,66,12090,69,263728
7555,8.4e-05,74.125.24.0-255,4320,16410,69,263728
7556,8.6e-05,172.31.40.0-255,66,16476,69,263728
7557,0.000108,74.125.24.0-255,6344,22820,69,263728
7558,0.00011,172.31.40.0-255,66,22886,69,263728
7559,0.000122,74.125.24.0-255,4320,27206,69,263728
7560,0.000124,172.31.40.0-255,66,27272,69,263728
7561,0.000142,74.125.24.0-255,3961,31233,69,263728
7562,0.000144,172.31.40.0-255,66,31299,69,263728
7563,0.000191,74.125.24.0-255,1484,32783,69,263728
7564,0.000194,172.31.40.0-255,66,32849,69,263728
7565,0.000198,74.125.24.0-255,2902,35751,69,263728
7566,0.000201,172.31.40.0-255,66,35817,69,263728
7567,0.000213,74.125.24.0-255,1484,37301,69,263728
7568,0.000215,172.31.40.0-255,66,37367,69,263728
7569,0.00023,74.125.24.0-255,4320,41687,69,263728
7570,0.000232,172.31.40.0-255,66,41753,69,263728
7571,0.000237,74.125.24.0-255,4320,46073,69,263728
7572,0.000239,172.31.40.0-255,66,46139,69,263728
7573,0.00026,74.125.24.0-255,1484,47623,69,263728
7574,0.000262,172.31.40.0-255,66,47689,69,263728
7575,0.000265,74.125.24.0-255,1125,48814,69,263728
7576,0.000267,172.31.40.0-255,66,48880,69,263728
7577,0.000841,74.125.24.0-255,1484,50364,69,263728
7578,0.00085,74.125.24.0-255,2902,53266,69,263728
7579,0.000854,172.31.40.0-255,66,53332,69,263728
7580,0.000858,74.125.24.0-255,1484,54816,69,263728
7581,0.000878,74.125.24.0-255,4320,59136,69,263728
7582,0.000881,172.31.40.0-255,66,59202,69,263728
7583,0.000887,74.125.24.0-255,6797,65999,69,263728
7584,0.00089,172.31.40.0-255,66,66065,69,263728
7585,0.001638,74.125.24.0-255,1484,67549,69,263728
7586,0.001654,74.125.24.0-255,2902,70451,69,263728
7587,0.001658,172.31.40.0-255,66,70517,69,263728
7588,0.001676,74.125.24.0-255,4320,74837,69,263728
7589,0.001679,172.31.40.0-255,66,74903,69,263728
7590,0.001689,74.125.24.0-255,1484,76387,69,263728
7591,0.001695,74.125.24.0-255,5738,82125,69,263728
7592,0.001697,172.31.40.0-255,66,82191,69,263728
7593,0.001724,74.125.24.0-255,7156,89347,69,263728
7594,0.001727,172.31.40.0-255,66,89413,69,263728
7595,0.001731,74.125.24.0-255,4320,93733,69,263728
7596,0.001733,172.31.40.0-255,66,93799,69,263728
7597,0.001767,74.125.24.0-255,2902,96701,69,263728
7598,0.001769,172.31.40.0-255,66,96767,69,263728
7599,0.001789,74.125.24.0-255,3602,100369,69,263728
7600,0.001791,172.31.40.0-255,66,100435,69,263728
7601,0.002562,74.125.24.0-255,1484,101919,69,263728
7602,0.002582,74.125.24.0-255,1484,103403,69,263728
7603,0.002584,172.31.40.0-255,66,103469,69,263728
7604,0.002594,74.125.24.0-255,1484,104953,69,263728
7605,0.002608,74.125.24.0-255,5738,110691,69,263728
7606,0.00261,172.31.40.0-255,66,110757,69,263728
7607,0.002621,74.125.24.0-255,2902,113659,69,263728
7608,0.002623,172.31.40.0-255,66,113725,69,263728
7609,0.002635,74.125.24.0-255,4320,118045,69,263728
7610,0.002637,172.31.40.0-255,66,118111,69,263728
7611,0.002657,74.125.24.0-255,2902,121013,69,263728
7612,0.00266,172.31.40.0-255,66,121079,69,263728
7613,0.002671,74.125.24.0-255,1484,122563,69,263728
7614,0.002683,74.125.24.0-255,1484,124047,69,263728
7615,0.002684,172.31.40.0-255,66,124113,69,263728
7616,0.002688,74.125.24.0-255,2902,127015,69,263728
7617,0.00269,172.31.40.0-255,66,127081,69,263728
7618,0.002705,74.125.24.0-255,2902,129983,69,263728
7619,0.002707,172.31.40.0-255,66,130049,69,263728
7620,0.002725,74.125.24.0-255,5020,135069,69,263728
7621,0.002727,172.31.40.0-255,66,135135,69,263728
7622,0.00275,74.125.24.0-255,4320,139455,69,263728
7623,0.002752,172.31.40.0-255,66,139521,69,263728
7624,0.002757,74.125.24.0-255,4320,143841,69,263728
7625,0.002759,172.31.40.0-255,66,143907,69,263728
7626,0.00277,74.125.24.0-255,1484,145391,69,263728
7627,0.002772,74.125.24.0-255,1484,146875,69,263728
7628,0.002774,172.31.40.0-255,66,146941,69,263728
7629,0.002791,74.125.24.0-255,4320,151261,69,263728
7630,0.002793,172.31.40.0-255,66,151327,69,263728
7631,0.002817,74.125.24.0-255,5738,157065,69,263728
7632,0.002819,172.31.40.0-255,66,157131,69,263728
7633,0.002822,74.125.24.0-255,1484,158615,69,263728
7634,0.00559,74.125.24.0-255,4320,162935,69,263728
7635,0.005598,172.31.40.0-255,66,163001,69,263728
7636,0.008343,74.125.24.0-255,4320,167321,69,263728
7637,0.008352,172.31.40.0-255,66,167387,69,263728
7638,0.008365,74.125.24.0-255,1484,168871,69,263728
7639,0.01106,74.125.24.0-255,4320,173191,69,263728
7640,0.01107,172.31.40.0-255,66,173257,69,263728
7641,0.013806,74.125.24.0-255,5738,178995,69,263728
7642,0.013815,172.31.40.0-255,66,179061,69,263728
7643,0.016553,74.125.24.0-255,5738,184799,69,263728
7644,0.016564,172.31.40.0-255,66,184865,69,263728
7645,0.019285,74.125.24.0-255,5738,190603,69,263728
7646,0.019294,172.31.40.0-255,66,190669,69,263728
7647,0.022024,74.125.24.0-255,5738,196407,69,263728
7648,0.022033,172.31.40.0-255,66,196473,69,263728
7649,0.02475,74.125.24.0-255,5738,202211,69,263728
7650,0.024759,172.31.40.0-255,66,202277,69,263728
7651,0.026961,172.31.40.0-255,172,202449,69,263728
7652,0.026992,172.31.40.0-255,1116,203565,69,263728
7653,0.027067,172.31.40.0-255,1514,205079,69,263728
7654,0.027069,172.31.40.0-255,1514,206593,69,263728
7655,0.027071,172.31.40.0-255,1514,208107,69,263728
7656,0.027072,172.31.40.0-255,1514,209621,69,263728
7657,0.0271,172.31.40.0-255,1499,211120,69,263728
7658,0.027477,74.125.24.0-255,5738,216858,69,263728
7659,0.027483,172.31.40.0-255,66,216924,69,263728
7660,0.028627,104.244.42.0-255,66,216990,69,263728
7661,0.028682,104.244.42.0-255,66,217056,69,263728
7662,0.028837,104.244.42.0-255,66,217122,69,263728
7663,0.029617,104.244.42.0-255,108,217230,69,263728
7664,0.029625,172.31.40.0-255,66,217296,69,263728
7665,0.03019,74.125.24.0-255,5738,223034,69,263728
7666,0.030195,172.31.40.0-255,66,223100,69,263728
7667,0.032962,74.125.24.0-255,5738,228838,69,263728
7668,0.032968,172.31.40.0-255,66,228904,69,263728
7669,0.035722,74.125.24.0-255,5738,234642,69,263728
7670,0.035729,172.31.40.0-255,66,234708,69,263728
7671,0.038508,74.125.24.0-255,5738,240446,69,263728
7672,0.038515,172.31.40.0-255,66,240512,69,263728
7673,0.041317,74.125.24.0-255,5738,246250,69,263728
7674,0.041324,172.31.40.0-255,66,246316,69,263728
7675,0.044061,74.125.24.0-255,5738,252054,69,263728
7676,0.044068,172.31.40.0-255,66,252120,69,263728
7677,0.046809,74.125.24.0-255,5738,257858,69,263728
7678,0.046818,172.31.40.0-255,66,257924,69,263728
7679,0.049558,74.125.24.0-255,5738,263662,69,263728
7680,0.049565,172.31.40.0-255,66,263728,69,263728
7681,0.0,74.125.200.0-255,153,153,69,315984
7682,1.9e-05,172.31.40.0-255,66,219,69,315984
7683,2.5e-05,74.125.200.0-255,1484,1703,69,315984
7684,2.9e-05,172.31.40.0-255,66,1769,69,315984
7685,3.4e-05,74.125.200.0-255,2902,4671,69,315984
7686,3.6e-05,172.31.40.0-255,66,4737,69,315984
7687,4.7e-05,74.125.200.0-255,4320,9057,69,315984
7688,5e-05,172.31.40.0-255,66,9123,69,315984
7689,8.5e-05,172.31.40.0-255,66,9189,69,315984
7690,9e-05,74.125.200.0-255,4320,13509,69,315984
7691,9.2e-05,172.31.40.0-255,66,13575,69,315984
7692,0.000132,74.125.200.0-255,7156,20731,69,315984
7693,0.000134,172.31.40.0-255,66,20797,69,315984
7694,0.000166,172.31.40.0-255,66,20863,69,315984
7695,0.00017,74.125.200.0-255,2902,23765,69,315984
7696,0.000172,172.31.40.0-255,66,23831,69,315984
7697,0.000176,74.125.200.0-255,4320,28151,69,315984
7698,0.000182,172.31.40.0-255,66,28217,69,315984
7699,0.000185,74.125.200.0-255,1484,29701,69,315984
7700,0.000189,172.31.40.0-255,66,29767,69,315984
7701,0.000203,74.125.200.0-255,766,30533,69,315984
7702,0.000205,172.31.40.0-255,66,30599,69,315984
7703,0.000596,74.125.200.0-255,1484,32083,69,315984
7704,0.000601,172.31.40.0-255,66,32149,69,315984
7705,0.000607,74.125.200.0-255,2902,35051,69,315984
7706,0.000609,172.31.40.0-255,66,35117,69,315984
7707,0.000653,74.125.200.0-255,5738,40855,69,315984
7708,0.000657,172.31.40.0-255,66,40921,69,315984
7709,0.000664,74.125.200.0-255,1484,42405,69,315984
7710,0.000666,172.31.40.0-255,66,42471,69,315984
7711,0.00067,74.125.200.0-255,2902,45373,69,315984
7712,0.000679,172.31.40.0-255,66,45439,69,315984
7713,0.000699,74.125.200.0-255,2899,48338,69,315984
7714,0.000719,172.31.40.0-255,66,48404,69,315984
7715,0.000811,74.125.200.0-255,1484,49888,69,315984
7716,0.000816,74.125.200.0-255,1484,51372,69,315984
7717,0.000828,74.125.200.0-255,1484,52856,69,315984
7718,0.000842,74.125.200.0-255,2902,55758,69,315984
7719,0.000859,74.125.200.0-255,2902,58660,69,315984
7720,0.000867,74.125.200.0-255,7156,65816,69,315984
7721,0.000879,172.31.40.0-255,66,65882,69,315984
7722,0.000933,172.31.40.0-255,66,65948,69,315984
7723,0.000941,74.125.200.0-255,2184,68132,69,315984
7724,0.000958,172.31.40.0-255,66,68198,69,315984
7725,0.001038,74.125.200.0-255,1484,69682,69,315984
7726,0.001062,74.125.200.0-255,2902,72584,69,315984
7727,0.001066,172.31.40.0-255,66,72650,69,315984
7728,0.001072,74.125.200.0-255,5738,78388,69,315984
7729,0.00109,74.125.200.0-255,2902,81290,69,315984
7730,0.001097,172.31.40.0-255,66,81356,69,315984
7731,0.001108,74.125.200.0-255,5063,86419,69,315984
7732,0.001113,74.125.200.0-255,5738,92157,69,315984
7733,0.001132,74.125.200.0-255,2902,95059,69,315984
7734,0.001136,172.31.40.0-255,66,95125,69,315984
7735,0.001146,74.125.200.0-255,2902,98027,69,315984
7736,0.001187,172.31.40.0-255,66,98093,69,315984
7737,0.001198,74.125.200.0-255,2902,100995,69,315984
7738,0.001223,74.125.200.0-255,6438,107433,69,315984
7739,0.00127,74.125.200.0-255,1484,108917,69,315984
7740,0.001274,74.125.200.0-255,2902,111819,69,315984
7741,0.001279,74.125.200.0-255,5738,117557,69,315984
7742,0.001282,172.31.40.0-255,66,117623,69,315984
7743,0.001288,172.31.40.0-255,66,117689,69,315984
7744,0.001342,172.31.40.0-255,66,117755,69,315984
7745,0.001355,74.125.200.0-255,5738,123493,69,315984
7746,0.001359,172.31.40.0-255,66,123559,69,315984
7747,0.00138,74.125.200.0-255,5020,128579,69,315984
7748,0.001402,172.31.40.0-255,66,128645,69,315984
7749,0.00146,74.125.200.0-255,1484,130129,69,315984
7750,0.001466,74.125.200.0-255,2902,133031,69,315984
7751,0.001486,74.125.200.0-255,4320,137351,69,315984
7752,0.001491,172.31.40.0-255,66,137417,69,315984
7753,0.001505,74.125.200.0-255,1484,138901,69,315984
7754,0.001516,74.125.200.0-255,5738,144639,69,315984
7755,0.001521,74.125.200.0-255,4320,148959,69,315984
7756,0.001533,74.125.200.0-255,2902,151861,69,315984
7757,0.001554,74.125.200.0-255,4320,156181,69,315984
7758,0.001558,172.31.40.0-255,66,156247,69,315984
7759,0.00157,74.125.200.0-255,6438,162685,69,315984
7760,0.00158,172.31.40.0-255,66,162751,69,315984
7761,0.001722,74.125.200.0-255,1484,164235,69,315984
7762,0.001754,74.125.200.0-255,1484,165719,69,315984
7763,0.001767,172.31.40.0-255,66,165785,69,315984
7764,0.001792,74.125.200.0-255,2902,168687,69,315984
7765,0.001797,172.31.40.0-255,66,168753,69,315984
7766,0.001825,74.125.200.0-255,4320,173073,69,315984
7767,0.001844,172.31.40.0-255,66,173139,69,315984
7768,0.001847,74.125.200.0-255,1484,174623,69,315984
7769,0.001849,74.125.200.0-255,1484,176107,69,315984
7770,0.001851,74.125.200.0-255,1484,177591,69,315984
7771,0.00187,74.125.200.0-255,7156,184747,69,315984
7772,0.001873,74.125.200.0-255,1484,186231,69,315984
7773,0.001876,172.31.40.0-255,66,186297,69,315984
7774,0.0019,74.125.200.0-255,7156,193453,69,315984
7775,0.001929,74.125.200.0-255,3602,197055,69,315984
7776,0.002242,74.125.200.0-255,1484,198539,69,315984
7777,0.002249,74.125.200.0-255,2902,201441,69,315984
7778,0.002262,74.125.200.0-255,1484,202925,69,315984
7779,0.002265,74.125.200.0-255,1484,204409,69,315984
7780,0.002282,74.125.200.0-255,1484,205893,69,315984
7781,0.002295,74.125.200.0-255,2902,208795,69,315984
7782,0.00231,74.125.200.0-255,2902,211697,69,315984
7783,0.002313,74.125.200.0-255,1484,213181,69,315984
7784,0.002343,74.125.200.0-255,1484,214665,69,315984
7785,0.006342,172.31.40.0-255,66,214731,69,315984
7786,0.008671,74.125.200.0-255,5738,220469,69,315984
7787,0.008678,172.31.40.0-255,66,220535,69,315984
7788,0.010982,74.125.200.0-255,5738,226273,69,315984
7789,0.010988,172.31.40.0-255,66,226339,69,315984
7790,0.013308,74.125.200.0-255,5738,232077,69,315984
7791,0.017636,172.31.40.0-255,66,232143,69,315984
7792,0.019958,74.125.200.0-255,5738,237881,69,315984
7793,0.01997,172.31.40.0-255,66,237947,69,315984
7794,0.022276,74.125.200.0-255,5738,243685,69,315984
7795,0.022283,172.31.40.0-255,66,243751,69,315984
7796,0.024589,74.125.200.0-255,5738,249489,69,315984
7797,0.024596,172.31.40.0-255,66,249555,69,315984
7798,0.026905,74.125.200.0-255,5738,255293,69,315984
7799,0.026912,172.31.40.0-255,66,255359,69,315984
7800,0.029223,74.125.200.0-255,5738,261097,69,315984
7801,0.029229,172.31.40.0-255,66,261163,69,315984
7802,0.031547,74.125.200.0-255,5738,266901,69,315984
7803,0.031555,172.31.40.0-255,66,266967,69,315984
7804,0.033377,172.31.40.0-255,172,267139,69,315984
7805,0.033417,172.31.40.0-255,1116,268255,69,315984
7806,0.033486,172.31.40.0-255,1514,269769,69,315984
7807,0.033513,172.31.40.0-255,1514,271283,69,315984
7808,0.033514,172.31.40.0-255,1514,272797,69,315984
7809,0.033538,172.31.40.0-255,1514,274311,69,315984
7810,0.033543,172.31.40.0-255,541,274852,69,315984
7811,0.033899,74.125.200.0-255,5738,280590,69,315984
7812,0.033929,172.31.40.0-255,66,280656,69,315984
7813,0.034968,104.244.42.0-255,66,280722,69,315984
7814,0.035017,104.244.42.0-255,66,280788,69,315984
7815,0.035044,104.244.42.0-255,66,280854,69,315984
7816,0.035105,104.244.42.0-255,66,280920,69,315984
7817,0.035126,104.244.42.0-255,66,280986,69,315984
7818,0.03571,104.244.42.0-255,108,281094,69,315984
7819,0.035714,172.31.40.0-255,66,281160,69,315984
7820,0.036284,74.125.200.0-255,5738,286898,69,315984
7821,0.036288,172.31.40.0-255,66,286964,69,315984
7822,0.038597,74.125.200.0-255,5738,292702,69,315984
7823,0.038604,172.31.40.0-255,66,292768,69,315984
7824,0.040922,74.125.200.0-255,5738,298506,69,315984
7825,0.040928,172.31.40.0-255,66,298572,69,315984
7826,0.043262,74.125.200.0-255,5738,304310,69,315984
7827,0.043269,172.31.40.0-255,66,304376,69,315984
7828,0.045579,74.125.200.0-255,5738,310114,69,315984
7829,0.045585,172.31.40.0-255,66,310180,69,315984
7830,0.047898,74.125.200.0-255,5738,315918,69,315984
7831,0.047904,172.31.40.0-255,66,315984,69,315984
7832,0.0,172.253.118.0-255,153,153,69,299607
7833,2.1e-05,172.31.40.0-255,66,219,69,299607
7834,2.7e-05,172.253.118.0-255,1484,1703,69,299607
7835,3.1e-05,172.31.40.0-255,66,1769,69,299607
7836,3.6e-05,172.253.118.0-255,2902,4671,69,299607
7837,4.5e-05,172.31.40.0-255,66,4737,69,299607
7838,7.7e-05,172.253.118.0-255,7156,11893,69,299607
7839,8e-05,172.31.40.0-255,66,11959,69,299607
7840,8.4e-05,172.253.118.0-255,2101,14060,69,299607
7841,8.6e-05,172.31.40.0-255,66,14126,69,299607
7842,9e-05,172.253.118.0-255,2902,17028,69,299607
7843,9.2e-05,172.31.40.0-255,66,17094,69,299607
7844,0.000133,172.31.40.0-255,66,17160,69,299607
7845,0.000151,172.253.118.0-255,4320,21480,69,299607
7846,0.000152,172.31.40.0-255,66,21546,69,299607
7847,0.000174,172.253.118.0-255,1125,22671,69,299607
7848,0.000177,172.31.40.0-255,66,22737,69,299607
7849,0.000226,172.253.118.0-255,1484,24221,69,299607
7850,0.000229,172.253.118.0-255,2902,27123,69,299607
7851,0.000233,172.31.40.0-255,66,27189,69,299607
7852,0.000236,172.31.40.0-255,66,27255,69,299607
7853,0.000245,172.253.118.0-255,5738,32993,69,299607
7854,0.000247,172.31.40.0-255,66,33059,69,299607
7855,0.000283,172.253.118.0-255,6797,39856,69,299607
7856,0.000286,172.31.40.0-255,66,39922,69,299607
7857,0.000323,172.253.118.0-255,1484,41406,69,299607
7858,0.000326,172.31.40.0-255,66,41472,69,299607
7859,0.000328,172.253.118.0-255,1484,42956,69,299607
7860,0.00033,172.31.40.0-255,66,43022,69,299607
7861,0.00036,172.253.118.0-255,1484,44506,69,299607
7862,0.000362,172.31.40.0-255,66,44572,69,299607
7863,0.000368,172.253.118.0-255,5738,50310,69,299607
7864,0.00037,172.31.40.0-255,66,50376,69,299607
7865,0.000375,172.253.118.0-255,5738,56114,69,299607
7866,0.000376,172.31.40.0-255,66,56180,69,299607
7867,0.000398,172.253.118.0-255,1418,57598,69,299607
7868,0.000402,172.253.118.0-255,383,57981,69,299607
7869,0.000403,172.31.40.0-255,66,58047,69,299607
7870,0.000446,172.253.118.0-255,1484,59531,69,299607
7871,0.000466,172.253.118.0-255,4320,63851,69,299607
7872,0.000468,172.31.40.0-255,66,63917,69,299607
7873,0.000474,172.253.118.0-255,5738,69655,69,299607
7874,0.000475,172.31.40.0-255,66,69721,69,299607
7875,0.000527,172.253.118.0-255,2902,72623,69,299607
7876,0.000529,172.31.40.0-255,66,72689,69,299607
7877,0.000554,172.253.118.0-255,2543,75232,69,299607
7878,0.000556,172.31.40.0-255,66,75298,69,299607
7879,0.000562,172.253.118.0-255,5738,81036,69,299607
7880,0.000563,172.31.40.0-255,66,81102,69,299607
7881,0.000596,172.31.40.0-255,66,81168,69,299607
7882,0.000621,172.253.118.0-255,7156,88324,69,299607
7883,0.000623,172.31.40.0-255,66,88390,69,299607
7884,0.000648,172.253.118.0-255,4320,92710,69,299607
7885,0.00065,172.31.40.0-255,66,92776,69,299607
7886,0.000683,172.253.118.0-255,5265,98041,69,299607
7887,0.000685,172.31.40.0-255,66,98107,69,299607
7888,0.000913,172.253.118.0-255,211,98318,69,299607
7889,0.001159,172.253.118.0-255,1484,99802,69,299607
7890,0.001164,172.31.40.0-255,66,99868,69,299607
7891,0.00117,172.253.118.0-255,2902,102770,69,299607
7892,0.001172,172.31.40.0-255,66,102836,69,299607
7893,0.001202,172.253.118.0-255,5738,108574,69,299607
7894,0.001204,172.31.40.0-255,66,108640,69,299607
7895,0.00121,172.253.118.0-255,5738,114378,69,299607
7896,0.001212,172.31.40.0-255,66,114444,69,299607
7897,0.001246,172.31.40.0-255,66,114510,69,299607
7898,0.001298,172.253.118.0-255,2902,117412,69,299607
7899,0.001302,172.31.40.0-255,66,117478,69,299607
7900,0.001333,172.253.118.0-255,2184,119662,69,299607
7901,0.001336,172.31.40.0-255,66,119728,69,299607
7902,0.001618,172.253.118.0-255,1484,121212,69,299607
7903,0.001625,172.253.118.0-255,2902,124114,69,299607
7904,0.001628,172.31.40.0-255,66,124180,69,299607
7905,0.001632,172.253.118.0-255,1484,125664,69,299607
7906,0.001652,172.253.118.0-255,4320,129984,69,299607
7907,0.001654,172.31.40.0-255,66,130050,69,299607
7908,0.001659,172.253.118.0-255,2902,132952,69,299607
7909,0.001661,172.31.40.0-255,66,133018,69,299607
7910,0.001691,172.253.118.0-255,1484,134502,69,299607
7911,0.001699,172.253.118.0-255,5738,140240,69,299607
7912,0.001702,172.31.40.0-255,66,140306,69,299607
7913,0.001707,172.253.118.0-255,4320,144626,69,299607
7914,0.001709,172.31.40.0-255,66,144692,69,299607
7915,0.001736,172.253.118.0-255,7156,151848,69,299607
7916,0.001744,172.31.40.0-255,66,151914,69,299607
7917,0.001773,172.253.118.0-255,2184,154098,69,299607
7918,0.001776,172.31.40.0-255,66,154164,69,299607
7919,0.002064,172.253.118.0-255,1484,155648,69,299607
7920,0.002068,172.253.118.0-255,1484,157132,69,299607
7921,0.002071,172.31.40.0-255,66,157198,69,299607
7922,0.002096,172.253.118.0-255,1484,158682,69,299607
7923,0.002102,172.253.118.0-255,5738,164420,69,299607
7924,0.002105,172.31.40.0-255,66,164486,69,299607
7925,0.002145,172.31.40.0-255,66,164552,69,299607
7926,0.002189,172.31.40.0-255,66,164618,69,299607
7927,0.002206,172.253.118.0-255,1484,166102,69,299607
7928,0.002211,172.253.118.0-255,2184,168286,69,299607
7929,0.002213,172.31.40.0-255,66,168352,69,299607
7930,0.004434,172.253.118.0-255,1484,169836,69,299607
7931,0.004458,172.253.118.0-255,1484,171320,69,299607
7932,0.004462,172.31.40.0-255,66,171386,69,299607
7933,0.004489,172.253.118.0-255,2902,174288,69,299607
7934,0.004491,172.31.40.0-255,66,174354,69,299607
7935,0.006705,172.253.118.0-255,2902,177256,69,299607
7936,0.00671,172.31.40.0-255,66,177322,69,299607
7937,0.006737,172.253.118.0-255,2902,180224,69,299607
7938,0.006739,172.31.40.0-255,66,180290,69,299607
7939,0.008967,172.253.118.0-255,5738,186028,69,299607
7940,0.008973,172.31.40.0-255,66,186094,69,299607
7941,0.011227,172.253.118.0-255,5738,191832,69,299607
7942,0.011234,172.31.40.0-255,66,191898,69,299607
7943,0.013498,172.253.118.0-255,5738,197636,69,299607
7944,0.013505,172.31.40.0-255,66,197702,69,299607
7945,0.015788,172.253.118.0-255,5738,203440,69,299607
7946,0.015798,172.31.40.0-255,66,203506,69,299607
7947,0.018064,172.253.118.0-255,5738,209244,69,299607
7948,0.018072,172.31.40.0-255,66,209310,69,299607
7949,0.020329,172.253.118.0-255,5738,215048,69,299607
7950,0.020337,172.31.40.0-255,66,215114,69,299607
7951,0.022601,172.253.118.0-255,5738,220852,69,299607
7952,0.022608,172.31.40.0-255,66,220918,69,299607
7953,0.024869,172.253.118.0-255,5738,226656,69,299607
7954,0.024877,172.31.40.0-255,66,226722,69,299607
7955,0.027146,172.253.118.0-255,5738,232460,69,299607
7956,0.027153,172.31.40.0-255,66,232526,69,299607
7957,0.029418,172.253.118.0-255,5738,238264,69,299607
7958,0.029426,172.31.40.0-255,66,238330,69,299607
7959,0.031691,172.253.118.0-255,5738,244068,69,299607
7960,0.031698,172.31.40.0-255,66,244134,69,299607
7961,0.033761,172.31.40.0-255,172,244306,69,299607
7962,0.033793,172.31.40.0-255,1114,245420,69,299607
7963,0.033872,172.31.40.0-255,1514,246934,69,299607
7964,0.033874,172.31.40.0-255,1514,248448,69,299607
7965,0.03388,172.31.40.0-255,1514,249962,69,299607
7966,0.033881,172.31.40.0-255,1514,251476,69,299607
7967,0.0339,172.31.40.0-255,1501,252977,69,299607
7968,0.03394,172.253.118.0-255,5738,258715,69,299607
7969,0.033944,172.31.40.0-255,66,258781,69,299607
7970,0.035323,104.244.42.0-255,66,258847,69,299607
7971,0.035331,104.244.42.0-255,66,258913,69,299607
7972,0.035435,104.244.42.0-255,66,258979,69,299607
7973,0.036183,172.253.118.0-255,5738,264717,69,299607
7974,0.036187,172.31.40.0-255,66,264783,69,299607
7975,0.03845,172.253.118.0-255,5738,270521,69,299607
7976,0.038455,172.31.40.0-255,66,270587,69,299607
7977,0.040765,172.253.118.0-255,5738,276325,69,299607
7978,0.040771,172.31.40.0-255,66,276391,69,299607
7979,0.043028,172.253.118.0-255,5738,282129,69,299607
7980,0.043034,172.31.40.0-255,66,282195,69,299607
7981,0.045294,172.253.118.0-255,5738,287933,69,299607
7982,0.045302,172.31.40.0-255,66,287999,69,299607
7983,0.047576,172.253.118.0-255,5738,293737,69,299607
7984,0.047583,172.31.40.0-255,66,293803,69,299607
7985,0.049849,172.253.118.0-255,5738,299541,69,299607
7986,0.049855,172.31.40.0-255,66,299607,69,299607
7987,0.0,172.217.194.0-255,150,150,69,197829
7988,1.6e-05,172.31.40.0-255,66,216,69,197829
7989,2.4e-05,172.217.194.0-255,1484,1700,69,197829
7990,2.8e-05,172.31.40.0-255,66,1766,69,197829
7991,3.1e-05,172.217.194.0-255,1484,3250,69,197829
7992,4.2e-05,172.31.40.0-255,66,3316,69,197829
7993,7.1e-05,172.217.194.0-255,1484,4800,69,197829
7994,7.4e-05,172.31.40.0-255,66,4866,69,197829
7995,8.3e-05,172.217.194.0-255,7156,12022,69,197829
7996,8.5e-05,172.31.40.0-255,66,12088,69,197829
7997,9.1e-05,172.217.194.0-255,5738,17826,69,197829
7998,9.4e-05,172.31.40.0-255,66,17892,69,197829
7999,0.000141,172.31.40.0-255,66,17958,69,197829
8000,0.000145,172.217.194.0-255,2543,20501,69,197829
8001,0.000148,172.31.40.0-255,66,20567,69,197829
8002,0.000159,172.31.40.0-255,66,20633,69,197829
8003,0.000179,172.217.194.0-255,4320,24953,69,197829
8004,0.000182,172.31.40.0-255,66,25019,69,197829
8005,0.000208,172.217.194.0-255,5738,30757,69,197829
8006,0.000211,172.31.40.0-255,66,30823,69,197829
8007,0.000218,172.217.194.0-255,7156,37979,69,197829
8008,0.00022,172.31.40.0-255,66,38045,69,197829
8009,0.00026,172.31.40.0-255,66,38111,69,197829
8010,0.000263,172.217.194.0-255,367,38478,69,197829
8011,0.000265,172.31.40.0-255,66,38544,69,197829
8012,0.000268,172.217.194.0-255,1484,40028,69,197829
8013,0.000271,172.31.40.0-255,66,40094,69,197829
8014,0.000277,172.217.194.0-255,4320,44414,69,197829
8015,0.000279,172.31.40.0-255,66,44480,69,197829
8016,0.000282,172.217.194.0-255,1484,45964,69,197829
8017,0.000315,172.31.40.0-255,66,46030,69,197829
8018,0.000327,172.31.40.0-255,66,46096,69,197829
8019,0.000353,172.217.194.0-255,2902,48998,69,197829
8020,0.000356,172.31.40.0-255,66,49064,69,197829
8021,0.000394,172.31.40.0-255,66,49130,69,197829
8022,0.00041,172.31.40.0-255,66,49196,69,197829
8023,0.000425,172.31.40.0-255,66,49262,69,197829
8024,0.000521,172.217.194.0-255,1484,50746,69,197829
8025,0.000526,172.217.194.0-255,2902,53648,69,197829
8026,0.00053,172.31.40.0-255,66,53714,69,197829
8027,0.000535,172.217.194.0-255,2902,56616,69,197829
8028,0.000538,172.31.40.0-255,66,56682,69,197829
8029,0.000565,172.217.194.0-255,2902,59584,69,197829
8030,0.000568,172.31.40.0-255,66,59650,69,197829
8031,0.000575,172.217.194.0-255,7156,66806,69,197829
8032,0.000582,172.217.194.0-255,7156,73962,69,197829
8033,0.00061,172.217.194.0-255,7156,81118,69,197829
8034,0.000614,172.217.194.0-255,2184,83302,69,197829
8035,0.00071,172.31.40.0-255,66,83368,69,197829
8036,0.000862,172.217.194.0-255,1484,84852,69,197829
8037,0.000867,172.217.194.0-255,2902,87754,69,197829
8038,0.00087,172.217.194.0-255,1484,89238,69,197829
8039,0.000877,172.31.40.0-255,66,89304,69,197829
8040,0.000898,172.217.194.0-255,4320,93624,69,197829
8041,0.000919,172.217.194.0-255,7156,100780,69,197829
8042,0.000941,172.217.194.0-255,3602,104382,69,197829
8043,0.000946,172.31.40.0-255,66,104448,69,197829
8044,0.001049,172.217.194.0-255,1484,105932,69,197829
8045,0.001055,172.217.194.0-255,2902,108834,69,197829
8046,0.001058,172.217.194.0-255,1484,110318,69,197829
8047,0.001066,172.31.40.0-255,66,110384,69,197829
8048,0.001093,172.217.194.0-255,4320,114704,69,197829
8049,0.001101,172.217.194.0-255,5738,120442,69,197829
8050,0.001116,172.217.194.0-255,7156,127598,69,197829
8051,0.001128,172.31.40.0-255,66,127664,69,197829
8052,0.001183,172.217.194.0-255,4320,131984,69,197829
8053,0.00119,172.31.40.0-255,66,132050,69,197829
8054,0.001201,172.217.194.0-255,6438,138488,69,197829
8055,0.001234,172.217.194.0-255,2902,141390,69,197829
8056,0.001239,172.217.194.0-255,4320,145710,69,197829
8057,0.001262,172.217.194.0-255,4320,150030,69,197829
8058,0.001276,172.31.40.0-255,66,150096,69,197829
8059,0.001296,172.217.194.0-255,5020,155116,69,197829
8060,0.001326,172.217.194.0-255,7156,162272,69,197829
8061,0.001362,172.217.194.0-255,1484,163756,69,197829
8062,0.001365,172.217.194.0-255,1484,165240,69,197829
8063,0.001376,172.217.194.0-255,1484,166724,69,197829
8064,0.001382,172.217.194.0-255,5738,172462,69,197829
8065,0.001388,172.31.40.0-255,66,172528,69,197829
8066,0.001454,172.31.40.0-255,66,172594,69,197829
8067,0.001483,172.217.194.0-255,2184,174778,69,197829
8068,0.00149,172.31.40.0-255,66,174844,69,197829
8069,0.001509,172.217.194.0-255,2902,177746,69,197829
8070,0.001515,172.217.194.0-255,5738,183484,69,197829
8071,0.001526,172.217.194.0-255,1484,184968,69,197829
8072,0.001563,172.31.40.0-255,66,185034,69,197829
8073,0.001631,172.217.194.0-255,1484,186518,69,197829
8074,0.001635,172.31.40.0-255,66,186584,69,197829
8075,0.001641,172.31.40.0-255,66,186650,69,197829
8076,0.001673,172.217.194.0-255,1484,188134,69,197829
8077,0.001685,172.31.40.0-255,66,188200,69,197829
8078,0.001723,172.217.194.0-255,105,188305,69,197829
8079,0.001776,172.31.40.0-255,66,188371,69,197829
8080,0.008938,172.31.40.0-255,105,188476,69,197829
8081,0.011637,172.217.194.0-255,66,188542,69,197829
8082,0.037552,172.31.40.0-255,176,188718,69,197829
8083,0.037585,172.31.40.0-255,1116,189834,69,197829
8084,0.037677,172.31.40.0-255,1514,191348,69,197829
8085,0.037679,172.31.40.0-255,1514,192862,69,197829
8086,0.03768,172.31.40.0-255,1514,194376,69,197829
8087,0.037681,172.31.40.0-255,1514,195890,69,197829
8088,0.03771,172.31.40.0-255,1501,197391,69,197829
8089,0.039198,104.244.42.0-255,66,197457,69,197829
8090,0.039237,104.244.42.0-255,66,197523,69,197829
8091,0.039357,104.244.42.0-255,66,197589,69,197829
8092,0.039378,104.244.42.0-255,66,197655,69,197829
8093,0.04005,104.244.42.0-255,108,197763,69,197829
8094,0.040059,172.31.40.0-255,66,197829,69,197829
8095,0.0,172.217.194.0-255,153,153,69,229016
8096,2.1e-05,172.31.40.0-255,66,219,69,229016
8097,2.8e-05,172.217.194.0-255,1484,1703,69,229016
8098,3.2e-05,172.31.40.0-255,66,1769,69,229016
8099,3.8e-05,172.217.194.0-255,2902,4671,69,229016
8100,5e-05,172.31.40.0-255,66,4737,69,229016
8101,5.7e-05,172.217.194.0-255,7156,11893,69,229016
8102,6.1e-05,172.31.40.0-255,66,11959,69,229016
8103,8.3e-05,172.217.194.0-255,4938,16897,69,229016
8104,8.6e-05,172.31.40.0-255,66,16963,69,229016
8105,9.5e-05,172.217.194.0-255,5738,22701,69,229016
8106,9.7e-05,172.31.40.0-255,66,22767,69,229016
8107,0.000129,172.217.194.0-255,7156,29923,69,229016
8108,0.000131,172.31.40.0-255,66,29989,69,229016
8109,0.000147,172.217.194.0-255,1125,31114,69,229016
8110,0.000149,172.31.40.0-255,66,31180,69,229016
8111,0.000352,172.217.194.0-255,1484,32664,69,229016
8112,0.000357,172.31.40.0-255,66,32730,69,229016
8113,0.000362,172.217.194.0-255,2902,35632,69,229016
8114,0.000365,172.31.40.0-255,66,35698,69,229016
8115,0.000368,172.217.194.0-255,2902,38600,69,229016
8116,0.000375,172.31.40.0-255,66,38666,69,229016
8117,0.000386,172.217.194.0-255,1484,40150,69,229016
8118,0.000388,172.31.40.0-255,66,40216,69,229016
8119,0.000415,172.217.194.0-255,4320,44536,69,229016
8120,0.000418,172.31.40.0-255,66,44602,69,229016
8121,0.000445,172.217.194.0-255,5379,49981,69,229016
8122,0.000448,172.31.40.0-255,66,50047,69,229016
8123,0.00045,172.217.194.0-255,1484,51531,69,229016
8124,0.000452,172.31.40.0-255,66,51597,69,229016
8125,0.000475,172.217.194.0-255,2902,54499,69,229016
8126,0.000478,172.31.40.0-255,66,54565,69,229016
8127,0.000482,172.217.194.0-255,2902,57467,69,229016
8128,0.000485,172.31.40.0-255,66,57533,69,229016
8129,0.000524,172.31.40.0-255,66,57599,69,229016
8130,0.00073,172.217.194.0-255,115,57714,69,229016
8131,0.000817,172.217.194.0-255,1484,59198,69,229016
8132,0.000821,172.31.40.0-255,66,59264,69,229016
8133,0.00085,172.217.194.0-255,2902,62166,69,229016
8134,0.000853,172.31.40.0-255,66,62232,69,229016
8135,0.00086,172.217.194.0-255,5738,67970,69,229016
8136,0.000862,172.31.40.0-255,66,68036,69,229016
8137,0.000904,172.31.40.0-255,66,68102,69,229016
8138,0.000915,172.31.40.0-255,66,68168,69,229016
8139,0.000943,172.217.194.0-255,3342,71510,69,229016
8140,0.000946,172.31.40.0-255,66,71576,69,229016
8141,0.000973,172.217.194.0-255,1484,73060,69,229016
8142,0.000978,172.217.194.0-255,2902,75962,69,229016
8143,0.00098,172.31.40.0-255,66,76028,69,229016
8144,0.000987,172.217.194.0-255,5738,81766,69,229016
8145,0.000989,172.31.40.0-255,66,81832,69,229016
8146,0.001027,172.31.40.0-255,66,81898,69,229016
8147,0.00106,172.31.40.0-255,66,81964,69,229016
8148,0.0032,172.217.194.0-255,1484,83448,69,229016
8149,0.003222,172.217.194.0-255,2902,86350,69,229016
8150,0.003226,172.31.40.0-255,66,86416,69,229016
8151,0.003231,172.217.194.0-255,1484,87900,69,229016
8152,0.005186,172.217.194.0-255,4320,92220,69,229016
8153,0.005189,172.31.40.0-255,66,92286,69,229016
8154,0.00717,172.217.194.0-255,5738,98024,69,229016
8155,0.007177,172.31.40.0-255,66,98090,69,229016
8156,0.009176,172.217.194.0-255,5738,103828,69,229016
8157,0.009182,172.31.40.0-255,66,103894,69,229016
8158,0.011163,172.217.194.0-255,5738,109632,69,229016
8159,0.011171,172.31.40.0-255,66,109698,69,229016
8160,0.013191,172.217.194.0-255,5738,115436,69,229016
8161,0.013199,172.31.40.0-255,66,115502,69,229016
8162,0.015214,172.217.194.0-255,5738,121240,69,229016
8163,0.015224,172.31.40.0-255,66,121306,69,229016
8164,0.017215,172.217.194.0-255,5738,127044,69,229016
8165,0.017223,172.31.40.0-255,66,127110,69,229016
8166,0.019204,172.217.194.0-255,5738,132848,69,229016
8167,0.019212,172.31.40.0-255,66,132914,69,229016
8168,0.021237,172.217.194.0-255,5738,138652,69,229016
8169,0.021244,172.31.40.0-255,66,138718,69,229016
8170,0.023229,172.217.194.0-255,5738,144456,69,229016
8171,0.023237,172.31.40.0-255,66,144522,69,229016
8172,0.025205,172.217.194.0-255,5738,150260,69,229016
8173,0.025213,172.31.40.0-255,66,150326,69,229016
8174,0.027185,172.217.194.0-255,5738,156064,69,229016
8175,0.027192,172.31.40.0-255,66,156130,69,229016
8176,0.029186,172.217.194.0-255,5738,161868,69,229016
8177,0.029195,172.31.40.0-255,66,161934,69,229016
8178,0.031195,172.217.194.0-255,5738,167672,69,229016
8179,0.031203,172.31.40.0-255,66,167738,69,229016
8180,0.033173,172.217.194.0-255,5738,173476,69,229016
8181,0.033178,172.31.40.0-255,66,173542,69,229016
8182,0.033931,172.31.40.0-255,172,173714,69,229016
8183,0.033957,172.31.40.0-255,1114,174828,69,229016
8184,0.034011,172.31.40.0-255,1514,176342,69,229016
8185,0.034013,172.31.40.0-255,1514,177856,69,229016
8186,0.034014,172.31.40.0-255,1514,179370,69,229016
8187,0.034018,172.31.40.0-255,1514,180884,69,229016
8188,0.034019,172.31.40.0-255,1502,182386,69,229016
8189,0.03514,172.217.194.0-255,5738,188124,69,229016
8190,0.035147,172.31.40.0-255,66,188190,69,229016
8191,0.035514,104.244.42.0-255,66,188256,69,229016
8192,0.035588,104.244.42.0-255,66,188322,69,229016
8193,0.035638,104.244.42.0-255,66,188388,69,229016
8194,0.037142,172.217.194.0-255,5738,194126,69,229016
8195,0.037149,172.31.40.0-255,66,194192,69,229016
8196,0.039132,172.217.194.0-255,5738,199930,69,229016
8197,0.039139,172.31.40.0-255,66,199996,69,229016
8198,0.04114,172.217.194.0-255,5738,205734,69,229016
8199,0.041146,172.31.40.0-255,66,205800,69,229016
8200,0.043218,172.217.194.0-255,5738,211538,69,229016
8201,0.043228,172.31.40.0-255,66,211604,69,229016
8202,0.045257,172.217.194.0-255,5738,217342,69,229016
8203,0.045263,172.31.40.0-255,66,217408,69,229016
8204,0.047289,172.217.194.0-255,5738,223146,69,229016
8205,0.047295,172.31.40.0-255,66,223212,69,229016
8206,0.049297,172.217.194.0-255,5738,228950,69,229016
8207,0.049303,172.31.40.0-255,66,229016,69,229016
8208,0.0,74.125.68.0-255,291,291,69,217574
8209,2.4e-05,172.31.40.0-255,66,357,69,217574
8210,3e-05,74.125.68.0-255,1484,1841,69,217574
8211,3.4e-05,172.31.40.0-255,66,1907,69,217574
8212,3.6e-05,74.125.68.0-255,1484,3391,69,217574
8213,3.9e-05,172.31.40.0-255,66,3457,69,217574
8214,6.1e-05,74.125.68.0-255,2902,6359,69,217574
8215,6.3e-05,172.31.40.0-255,66,6425,69,217574
8216,8.8e-05,74.125.68.0-255,2902,9327,69,217574
8217,9.1e-05,172.31.40.0-255,66,9393,69,217574
8218,0.000108,74.125.68.0-255,2902,12295,69,217574
8219,0.00011,172.31.40.0-255,66,12361,69,217574
8220,0.000152,74.125.68.0-255,1899,14260,69,217574
8221,0.000155,172.31.40.0-255,66,14326,69,217574
8222,0.00052,74.125.68.0-255,1484,15810,69,217574
8223,0.000526,172.31.40.0-255,66,15876,69,217574
8224,0.000536,74.125.68.0-255,2902,18778,69,217574
8225,0.000539,172.31.40.0-255,66,18844,69,217574
8226,0.000546,74.125.68.0-255,5738,24582,69,217574
8227,0.000548,172.31.40.0-255,66,24648,69,217574
8228,0.000553,74.125.68.0-255,2902,27550,69,217574
8229,0.000556,172.31.40.0-255,66,27616,69,217574
8230,0.000583,74.125.68.0-255,3961,31577,69,217574
8231,0.000587,172.31.40.0-255,66,31643,69,217574
8232,0.000704,74.125.68.0-255,1484,33127,69,217574
8233,0.000711,172.31.40.0-255,66,33193,69,217574
8234,0.000742,74.125.68.0-255,2902,36095,69,217574
8235,0.000747,172.31.40.0-255,66,36161,69,217574
8236,0.000767,74.125.68.0-255,1484,37645,69,217574
8237,0.00077,172.31.40.0-255,66,37711,69,217574
8238,0.000792,74.125.68.0-255,2902,40613,69,217574
8239,0.000796,172.31.40.0-255,66,40679,69,217574
8240,0.000826,74.125.68.0-255,1484,42163,69,217574
8241,0.000852,74.125.68.0-255,7156,49319,69,217574
8242,0.000857,74.125.68.0-255,4320,53639,69,217574
8243,0.000878,172.31.40.0-255,66,53705,69,217574
8244,0.000898,74.125.68.0-255,4306,58011,69,217574
8245,0.000931,172.31.40.0-255,66,58077,69,217574
8246,0.000999,74.125.68.0-255,341,58418,69,217574
8247,0.001311,74.125.68.0-255,1484,59902,69,217574
8248,0.001317,172.31.40.0-255,66,59968,69,217574
8249,0.001324,74.125.68.0-255,2902,62870,69,217574
8250,0.001326,172.31.40.0-255,66,62936,69,217574
8251,0.001332,74.125.68.0-255,5738,68674,69,217574
8252,0.001334,172.31.40.0-255,66,68740,69,217574
8253,0.001355,74.125.68.0-255,5738,74478,69,217574
8254,0.001358,172.31.40.0-255,66,74544,69,217574
8255,0.001386,74.125.68.0-255,5738,80282,69,217574
8256,0.001391,74.125.68.0-255,4320,84602,69,217574
8257,0.001417,172.31.40.0-255,66,84668,69,217574
8258,0.001429,172.31.40.0-255,66,84734,69,217574
8259,0.001602,172.31.40.0-255,101,84835,69,217574
8260,0.003553,74.125.68.0-255,5738,90573,69,217574
8261,0.003559,172.31.40.0-255,66,90639,69,217574
8262,0.003678,74.125.68.0-255,66,90705,69,217574
8263,0.005679,74.125.68.0-255,5738,96443,69,217574
8264,0.005683,172.31.40.0-255,66,96509,69,217574
8265,0.007801,74.125.68.0-255,5738,102247,69,217574
8266,0.007806,172.31.40.0-255,66,102313,69,217574
8267,0.009935,74.125.68.0-255,5738,108051,69,217574
8268,0.009941,172.31.40.0-255,66,108117,69,217574
8269,0.012081,74.125.68.0-255,5738,113855,69,217574
8270,0.012089,172.31.40.0-255,66,113921,69,217574
8271,0.014227,74.125.68.0-255,5738,119659,69,217574
8272,0.014238,172.31.40.0-255,66,119725,69,217574
8273,0.016399,74.125.68.0-255,5738,125463,69,217574
8274,0.016408,172.31.40.0-255,66,125529,69,217574
8275,0.01853,74.125.68.0-255,5738,131267,69,217574
8276,0.018534,172.31.40.0-255,66,131333,69,217574
8277,0.020666,74.125.68.0-255,5738,137071,69,217574
8278,0.020672,172.31.40.0-255,66,137137,69,217574
8279,0.022808,74.125.68.0-255,5738,142875,69,217574
8280,0.022815,172.31.40.0-255,66,142941,69,217574
8281,0.02495,74.125.68.0-255,5738,148679,69,217574
8282,0.024956,172.31.40.0-255,66,148745,69,217574
8283,0.02708,74.125.68.0-255,5738,154483,69,217574
8284,0.027087,172.31.40.0-255,66,154549,69,217574
8285,0.029218,74.125.68.0-255,5738,160287,69,217574
8286,0.029224,172.31.40.0-255,66,160353,69,217574
8287,0.029891,172.31.40.0-255,172,160525,69,217574
8288,0.029928,172.31.40.0-255,1114,161639,69,217574
8289,0.030057,172.31.40.0-255,1514,163153,69,217574
8290,0.030059,172.31.40.0-255,1514,164667,69,217574
8291,0.03006,172.31.40.0-255,1514,166181,69,217574
8292,0.030064,172.31.40.0-255,1514,167695,69,217574
8293,0.030065,172.31.40.0-255,1501,169196,69,217574
8294,0.031342,74.125.68.0-255,4320,173516,69,217574
8295,0.031348,172.31.40.0-255,66,173582,69,217574
8296,0.031362,74.125.68.0-255,1484,175066,69,217574
8297,0.031569,104.244.42.0-255,66,175132,69,217574
8298,0.031577,104.244.42.0-255,66,175198,69,217574
8299,0.031822,104.244.42.0-255,66,175264,69,217574
8300,0.033489,74.125.68.0-255,4320,179584,69,217574
8301,0.033493,172.31.40.0-255,66,179650,69,217574
8302,0.035616,74.125.68.0-255,5738,185388,69,217574
8303,0.035622,172.31.40.0-255,66,185454,69,217574
8304,0.037751,74.125.68.0-255,5738,191192,69,217574
8305,0.037756,172.31.40.0-255,66,191258,69,217574
8306,0.039884,74.125.68.0-255,5738,196996,69,217574
8307,0.039891,172.31.40.0-255,66,197062,69,217574
8308,0.04201,74.125.68.0-255,4320,201382,69,217574
8309,0.042015,172.31.40.0-255,66,201448,69,217574
8310,0.042045,74.125.68.0-255,1484,202932,69,217574
8311,0.044133,74.125.68.0-255,4320,207252,69,217574
8312,0.044139,172.31.40.0-255,66,207318,69,217574
8313,0.04627,74.125.68.0-255,4320,211638,69,217574
8314,0.046275,172.31.40.0-255,66,211704,69,217574
8315,0.046302,74.125.68.0-255,1484,213188,69,217574
8316,0.048386,74.125.68.0-255,4320,217508,69,217574
8317,0.04839,172.31.40.0-255,66,217574,69,217574
8318,0.0,74.125.24.0-255,152,152,69,148331
8319,2.2e-05,172.31.40.0-255,66,218,69,148331
8320,2.8e-05,74.125.24.0-255,1484,1702,69,148331
8321,3.2e-05,172.31.40.0-255,66,1768,69,148331
8322,3.7e-05,74.125.24.0-255,2902,4670,69,148331
8323,4.1e-05,172.31.40.0-255,66,4736,69,148331
8324,4.4e-05,74.125.24.0-255,1484,6220,69,148331
8325,4.6e-05,172.31.40.0-255,66,6286,69,148331
8326,7.7e-05,74.125.24.0-255,5738,12024,69,148331
8327,8e-05,172.31.40.0-255,66,12090,69,148331
8328,0.000101,172.31.40.0-255,66,12156,69,148331
8329,0.000118,74.125.24.0-255,2074,14230,69,148331
8330,0.00012,172.31.40.0-255,66,14296,69,148331
8331,0.000131,172.31.40.0-255,66,14362,69,148331
8332,0.000155,74.125.24.0-255,5738,20100,69,148331
8333,0.000158,172.31.40.0-255,66,20166,69,148331
8334,0.00018,172.31.40.0-255,66,20232,69,148331
8335,0.000559,74.125.24.0-255,1484,21716,69,148331
8336,0.000563,172.31.40.0-255,66,21782,69,148331
8337,0.000569,74.125.24.0-255,2902,24684,69,148331
8338,0.000572,172.31.40.0-255,66,24750,69,148331
8339,0.000576,74.125.24.0-255,2902,27652,69,148331
8340,0.000579,172.31.40.0-255,66,27718,69,148331
8341,0.000598,74.125.24.0-255,2902,30620,69,148331
8342,0.000601,172.31.40.0-255,66,30686,69,148331
8343,0.000607,74.125.24.0-255,4320,35006,69,148331
8344,0.000609,172.31.40.0-255,66,35072,69,148331
8345,0.000629,74.125.24.0-255,3132,38204,69,148331
8346,0.000632,172.31.40.0-255,66,38270,69,148331
8347,0.000897,74.125.24.0-255,1484,39754,69,148331
8348,0.000902,74.125.24.0-255,1484,41238,69,148331
8349,0.000905,172.31.40.0-255,66,41304,69,148331
8350,0.000918,74.125.24.0-255,1484,42788,69,148331
8351,0.000946,74.125.24.0-255,5738,48526,69,148331
8352,0.000949,172.31.40.0-255,66,48592,69,148331
8353,0.000977,172.31.40.0-255,66,48658,69,148331
8354,0.000994,74.125.24.0-255,2902,51560,69,148331
8355,0.000996,172.31.40.0-255,66,51626,69,148331
8356,0.00101,74.125.24.0-255,2902,54528,69,148331
8357,0.001013,172.31.40.0-255,66,54594,69,148331
8358,0.00104,172.31.40.0-255,66,54660,69,148331
8359,0.001075,172.31.40.0-255,66,54726,69,148331
8360,0.001081,74.125.24.0-255,5738,60464,69,148331
8361,0.001084,172.31.40.0-255,66,60530,69,148331
8362,0.001121,74.125.24.0-255,5738,66268,69,148331
8363,0.001124,172.31.40.0-255,66,66334,69,148331
8364,0.001155,172.31.40.0-255,66,66400,69,148331
8365,0.001162,74.125.24.0-255,7156,73556,69,148331
8366,0.001165,172.31.40.0-255,66,73622,69,148331
8367,0.001203,172.31.40.0-255,66,73688,69,148331
8368,0.001208,74.125.24.0-255,5738,79426,69,148331
8369,0.00121,172.31.40.0-255,66,79492,69,148331
8370,0.001231,172.31.40.0-255,66,79558,69,148331
8371,0.001276,172.31.40.0-255,66,79624,69,148331
8372,0.001295,172.31.40.0-255,66,79690,69,148331
8373,0.0013,74.125.24.0-255,3602,83292,69,148331
8374,0.001302,172.31.40.0-255,66,83358,69,148331
8375,0.001329,172.31.40.0-255,66,83424,69,148331
8376,0.00136,172.31.40.0-255,66,83490,69,148331
8377,0.001372,172.31.40.0-255,66,83556,69,148331
8378,0.001394,74.125.24.0-255,3602,87158,69,148331
8379,0.001396,172.31.40.0-255,66,87224,69,148331
8380,0.001402,74.125.24.0-255,4320,91544,69,148331
8381,0.001404,172.31.40.0-255,66,91610,69,148331
8382,0.001454,172.31.40.0-255,66,91676,69,148331
8383,0.001464,172.31.40.0-255,66,91742,69,148331
8384,0.001476,172.31.40.0-255,66,91808,69,148331
8385,0.001557,172.31.40.0-255,66,91874,69,148331
8386,0.001577,172.31.40.0-255,66,91940,69,148331
8387,0.001583,74.125.24.0-255,6438,98378,69,148331
8388,0.001585,172.31.40.0-255,66,98444,69,148331
8389,0.001721,74.125.24.0-255,1484,99928,69,148331
8390,0.001725,74.125.24.0-255,1484,101412,69,148331
8391,0.001728,172.31.40.0-255,66,101478,69,148331
8392,0.00175,74.125.24.0-255,1484,102962,69,148331
8393,0.001758,74.125.24.0-255,5738,108700,69,148331
8394,0.001761,172.31.40.0-255,66,108766,69,148331
8395,0.001787,172.31.40.0-255,66,108832,69,148331
8396,0.001815,74.125.24.0-255,4320,113152,69,148331
8397,0.001817,172.31.40.0-255,66,113218,69,148331
8398,0.001824,74.125.24.0-255,7156,120374,69,148331
8399,0.001827,172.31.40.0-255,66,120440,69,148331
8400,0.001845,74.125.24.0-255,3602,124042,69,148331
8401,0.001848,172.31.40.0-255,66,124108,69,148331
8402,0.00189,74.125.24.0-255,4320,128428,69,148331
8403,0.001893,172.31.40.0-255,66,128494,69,148331
8404,0.0019,74.125.24.0-255,7156,135650,69,148331
8405,0.001903,172.31.40.0-255,66,135716,69,148331
8406,0.001934,172.31.40.0-255,66,135782,69,148331
8407,0.001954,74.125.24.0-255,2902,138684,69,148331
8408,0.001956,172.31.40.0-255,66,138750,69,148331
8409,0.001968,172.31.40.0-255,66,138816,69,148331
8410,0.002021,172.31.40.0-255,66,138882,69,148331
8411,0.002039,74.125.24.0-255,105,138987,69,148331
8412,0.008731,172.31.40.0-255,66,139053,69,148331
8413,0.008771,172.31.40.0-255,105,139158,69,148331
8414,0.010782,74.125.24.0-255,66,139224,69,148331
8415,0.034169,172.31.40.0-255,172,139396,69,148331
8416,0.034201,172.31.40.0-255,1116,140512,69,148331
8417,0.034266,172.31.40.0-255,1514,142026,69,148331
8418,0.034268,172.31.40.0-255,1514,143540,69,148331
8419,0.034274,172.31.40.0-255,1514,145054,69,148331
8420,0.034275,172.31.40.0-255,1514,146568,69,148331
8421,0.034306,172.31.40.0-255,1499,148067,69,148331
8422,0.035729,104.244.42.0-255,66,148133,69,148331
8423,0.03578,104.244.42.0-255,66,148199,69,148331
8424,0.035816,104.244.42.0-255,66,148265,69,148331
8425,0.035903,104.244.42.0-255,66,148331,69,148331
8426,0.0,74.125.200.0-255,146,146,69,347359
8427,2e-05,172.31.40.0-255,66,212,69,347359
8428,5.2e-05,74.125.200.0-255,1484,1696,69,347359
8429,5.6e-05,172.31.40.0-255,66,1762,69,347359
8430,6.1e-05,74.125.200.0-255,2902,4664,69,347359
8431,6.4e-05,172.31.40.0-255,66,4730,69,347359
8432,6.6e-05,74.125.200.0-255,1484,6214,69,347359
8433,6.8e-05,172.31.40.0-255,66,6280,69,347359
8434,0.000104,74.125.200.0-255,2902,9182,69,347359
8435,0.000106,172.31.40.0-255,66,9248,69,347359
8436,0.000112,74.125.200.0-255,4938,14186,69,347359
8437,0.000114,172.31.40.0-255,66,14252,69,347359
8438,0.00015,74.125.200.0-255,4320,18572,69,347359
8439,0.000152,172.31.40.0-255,66,18638,69,347359
8440,0.000176,74.125.200.0-255,5738,24376,69,347359
8441,0.000178,172.31.40.0-255,66,24442,69,347359
8442,0.000181,74.125.200.0-255,1484,25926,69,347359
8443,0.000183,172.31.40.0-255,66,25992,69,347359
8444,0.000204,74.125.200.0-255,2902,28894,69,347359
8445,0.000211,172.31.40.0-255,66,28960,69,347359
8446,0.000234,74.125.200.0-255,2543,31503,69,347359
8447,0.000236,172.31.40.0-255,66,31569,69,347359
8448,0.000368,74.125.200.0-255,1484,33053,69,347359
8449,0.000372,172.31.40.0-255,66,33119,69,347359
8450,0.000375,74.125.200.0-255,1484,34603,69,347359
8451,0.000377,172.31.40.0-255,66,34669,69,347359
8452,0.000417,74.125.200.0-255,2902,37571,69,347359
8453,0.000421,172.31.40.0-255,66,37637,69,347359
8454,0.000427,74.125.200.0-255,5738,43375,69,347359
8455,0.000429,172.31.40.0-255,66,43441,69,347359
8456,0.000431,74.125.200.0-255,1484,44925,69,347359
8457,0.000437,172.31.40.0-255,66,44991,69,347359
8458,0.000441,74.125.200.0-255,1484,46475,69,347359
8459,0.000462,74.125.200.0-255,1484,47959,69,347359
8460,0.000464,172.31.40.0-255,66,48025,69,347359
8461,0.000471,74.125.200.0-255,1125,49150,69,347359
8462,0.000769,74.125.200.0-255,1484,50634,69,347359
8463,0.000773,172.31.40.0-255,66,50700,69,347359
8464,0.000791,74.125.200.0-255,2902,53602,69,347359
8465,0.000794,172.31.40.0-255,66,53668,69,347359
8466,0.000815,74.125.200.0-255,1484,55152,69,347359
8467,0.000825,74.125.200.0-255,1484,56636,69,347359
8468,0.000827,172.31.40.0-255,66,56702,69,347359
8469,0.00083,74.125.200.0-255,1484,58186,69,347359
8470,0.000858,74.125.200.0-255,2902,61088,69,347359
8471,0.00086,172.31.40.0-255,66,61154,69,347359
8472,0.000866,74.125.200.0-255,5379,66533,69,347359
8473,0.000867,172.31.40.0-255,66,66599,69,347359
8474,0.000995,74.125.200.0-255,1484,68083,69,347359
8475,0.001036,74.125.200.0-255,1484,69567,69,347359
8476,0.001039,172.31.40.0-255,66,69633,69,347359
8477,0.001065,74.125.200.0-255,1484,71117,69,347359
8478,0.001068,74.125.200.0-255,1484,72601,69,347359
8479,0.00107,172.31.40.0-255,66,72667,69,347359
8480,0.001074,74.125.200.0-255,2902,75569,69,347359
8481,0.001076,172.31.40.0-255,66,75635,69,347359
8482,0.001082,74.125.200.0-255,5738,81373,69,347359
8483,0.001087,172.31.40.0-255,66,81439,69,347359
8484,0.001091,74.125.200.0-255,2543,83982,69,347359
8485,0.001093,172.31.40.0-255,66,84048,69,347359
8486,0.001125,74.125.200.0-255,2902,86950,69,347359
8487,0.001128,172.31.40.0-255,66,87016,69,347359
8488,0.001154,74.125.200.0-255,7156,94172,69,347359
8489,0.001157,172.31.40.0-255,66,94238,69,347359
8490,0.001203,172.31.40.0-255,66,94304,69,347359
8491,0.001209,74.125.200.0-255,5738,100042,69,347359
8492,0.001212,172.31.40.0-255,66,100108,69,347359
8493,0.001245,74.125.200.0-255,7156,107264,69,347359
8494,0.001248,172.31.40.0-255,66,107330,69,347359
8495,0.001252,74.125.200.0-255,2170,109500,69,347359
8496,0.001254,172.31.40.0-255,66,109566,69,347359
8497,0.001339,74.125.200.0-255,1484,111050,69,347359
8498,0.001354,74.125.200.0-255,2902,113952,69,347359
8499,0.001358,172.31.40.0-255,66,114018,69,347359
8500,0.001387,74.125.200.0-255,5738,119756,69,347359
8501,0.001391,172.31.40.0-255,66,119822,69,347359
8502,0.001397,74.125.200.0-255,2902,122724,69,347359
8503,0.001398,172.31.40.0-255,66,122790,69,347359
8504,0.001422,74.125.200.0-255,2902,125692,69,347359
8505,0.001429,172.31.40.0-255,66,125758,69,347359
8506,0.001461,74.125.200.0-255,4320,130078,69,347359
8507,0.001465,172.31.40.0-255,66,130144,69,347359
8508,0.001491,74.125.200.0-255,2902,133046,69,347359
8509,0.001496,74.125.200.0-255,4320,137366,69,347359
8510,0.0015,172.31.40.0-255,66,137432,69,347359
8511,0.001503,172.31.40.0-255,66,137498,69,347359
8512,0.001519,74.125.200.0-255,4320,141818,69,347359
8513,0.001522,172.31.40.0-255,66,141884,69,347359
8514,0.001526,74.125.200.0-255,2184,144068,69,347359
8515,0.001528,172.31.40.0-255,66,144134,69,347359
8516,0.001623,74.125.200.0-255,1484,145618,69,347359
8517,0.001627,74.125.200.0-255,1484,147102,69,347359
8518,0.00163,172.31.40.0-255,66,147168,69,347359
8519,0.001658,74.125.200.0-255,1484,148652,69,347359
8520,0.001662,74.125.200.0-255,1484,150136,69,347359
8521,0.001664,172.31.40.0-255,66,150202,69,347359
8522,0.001669,74.125.200.0-255,2902,153104,69,347359
8523,0.001671,172.31.40.0-255,66,153170,69,347359
8524,0.001705,74.125.200.0-255,5738,158908,69,347359
8525,0.001709,172.31.40.0-255,66,158974,69,347359
8526,0.001713,74.125.200.0-255,2902,161876,69,347359
8527,0.001715,172.31.40.0-255,66,161942,69,347359
8528,0.001719,74.125.200.0-255,2902,164844,69,347359
8529,0.001721,172.31.40.0-255,66,164910,69,347359
8530,0.001748,74.125.200.0-255,1484,166394,69,347359
8531,0.001751,74.125.200.0-255,1484,167878,69,347359
8532,0.001753,172.31.40.0-255,66,167944,69,347359
8533,0.001773,74.125.200.0-255,7156,175100,69,347359
8534,0.001776,172.31.40.0-255,66,175166,69,347359
8535,0.001818,74.125.200.0-255,3602,178768,69,347359
8536,0.001821,172.31.40.0-255,66,178834,69,347359
8537,0.001846,74.125.200.0-255,4320,183154,69,347359
8538,0.001849,172.31.40.0-255,66,183220,69,347359
8539,0.001853,74.125.200.0-255,2902,186122,69,347359
8540,0.001855,172.31.40.0-255,66,186188,69,347359
8541,0.001885,74.125.200.0-255,4320,190508,69,347359
8542,0.001889,172.31.40.0-255,66,190574,69,347359
8543,0.001922,74.125.200.0-255,7156,197730,69,347359
8544,0.001926,172.31.40.0-255,66,197796,69,347359
8545,0.001975,74.125.200.0-255,2902,200698,69,347359
8546,0.001977,172.31.40.0-255,66,200764,69,347359
8547,0.001983,74.125.200.0-255,4320,205084,69,347359
8548,0.001985,172.31.40.0-255,66,205150,69,347359
8549,0.002021,172.31.40.0-255,66,205216,69,347359
8550,0.002071,74.125.200.0-255,1484,206700,69,347359
8551,0.002086,74.125.200.0-255,2902,209602,69,347359
8552,0.002092,172.31.40.0-255,66,209668,69,347359
8553,0.002127,74.125.200.0-255,4320,213988,69,347359
8554,0.002132,74.125.200.0-255,2902,216890,69,347359
8555,0.002135,172.31.40.0-255,66,216956,69,347359
8556,0.002138,172.31.40.0-255,66,217022,69,347359
8557,0.002159,74.125.200.0-255,2902,219924,69,347359
8558,0.002161,172.31.40.0-255,66,219990,69,347359
8559,0.002165,74.125.200.0-255,2902,222892,69,347359
8560,0.002168,172.31.40.0-255,66,222958,69,347359
8561,0.002204,172.31.40.0-255,66,223024,69,347359
8562,0.002214,74.125.200.0-255,4320,227344,69,347359
8563,0.002217,172.31.40.0-255,66,227410,69,347359
8564,0.002222,74.125.200.0-255,3602,231012,69,347359
8565,0.002224,172.31.40.0-255,66,231078,69,347359
8566,0.004505,74.125.200.0-255,1484,232562,69,347359
8567,0.004532,74.125.200.0-255,4320,236882,69,347359
8568,0.004538,172.31.40.0-255,66,236948,69,347359
8569,0.006848,74.125.200.0-255,4320,241268,69,347359
8570,0.006852,172.31.40.0-255,66,241334,69,347359
8571,0.006878,74.125.200.0-255,1484,242818,69,347359
8572,0.009147,74.125.200.0-255,4320,247138,69,347359
8573,0.009154,172.31.40.0-255,66,247204,69,347359
8574,0.011458,74.125.200.0-255,5738,252942,69,347359
8575,0.011466,172.31.40.0-255,66,253008,69,347359
8576,0.0138,74.125.200.0-255,2902,255910,69,347359
8577,0.013811,172.31.40.0-255,66,255976,69,347359
8578,0.01385,74.125.200.0-255,2902,258878,69,347359
8579,0.013852,172.31.40.0-255,66,258944,69,347359
8580,0.016117,74.125.200.0-255,2902,261846,69,347359
8581,0.016126,172.31.40.0-255,66,261912,69,347359
8582,0.016151,74.125.200.0-255,2902,264814,69,347359
8583,0.016154,172.31.40.0-255,66,264880,69,347359
8584,0.018435,74.125.200.0-255,2902,267782,69,347359
8585,0.018443,172.31.40.0-255,66,267848,69,347359
8586,0.018473,74.125.200.0-255,2902,270750,69,347359
8587,0.018476,172.31.40.0-255,66,270816,69,347359
8588,0.020739,74.125.200.0-255,2902,273718,69,347359
8589,0.020745,172.31.40.0-255,66,273784,69,347359
8590,0.020774,74.125.200.0-255,2902,276686,69,347359
8591,0.020777,172.31.40.0-255,66,276752,69,347359
8592,0.02306,74.125.200.0-255,5738,282490,69,347359
8593,0.023067,172.31.40.0-255,66,282556,69,347359
8594,0.025373,74.125.200.0-255,5738,288294,69,347359
8595,0.025379,172.31.40.0-255,66,288360,69,347359
8596,0.02771,74.125.200.0-255,5738,294098,69,347359
8597,0.027718,172.31.40.0-255,66,294164,69,347359
8598,0.030017,74.125.200.0-255,2902,297066,69,347359
8599,0.030026,172.31.40.0-255,66,297132,69,347359
8600,0.030071,74.125.200.0-255,2902,300034,69,347359
8601,0.030075,172.31.40.0-255,66,300100,69,347359
8602,0.032328,74.125.200.0-255,2902,303002,69,347359
8603,0.032336,172.31.40.0-255,66,303068,69,347359
8604,0.03236,74.125.200.0-255,2902,305970,69,347359
8605,0.032363,172.31.40.0-255,66,306036,69,347359
8606,0.034319,172.31.40.0-255,172,306208,69,347359
8607,0.034351,172.31.40.0-255,1114,307322,69,347359
8608,0.034406,172.31.40.0-255,563,307885,69,347359
8609,0.034648,74.125.200.0-255,4320,312205,69,347359
8610,0.034655,172.31.40.0-255,66,312271,69,347359
8611,0.034683,74.125.200.0-255,1484,313755,69,347359
8612,0.035853,104.244.42.0-255,66,313821,69,347359
8613,0.035899,104.244.42.0-255,66,313887,69,347359
8614,0.035949,104.244.42.0-255,66,313953,69,347359
8615,0.03696,74.125.200.0-255,4320,318273,69,347359
8616,0.036967,172.31.40.0-255,66,318339,69,347359
8617,0.03928,74.125.200.0-255,5738,324077,69,347359
8618,0.039286,172.31.40.0-255,66,324143,69,347359
8619,0.041593,74.125.200.0-255,5738,329881,69,347359
8620,0.0416,172.31.40.0-255,66,329947,69,347359
8621,0.043907,74.125.200.0-255,5738,335685,69,347359
8622,0.043914,172.31.40.0-255,66,335751,69,347359
8623,0.046238,74.125.200.0-255,5738,341489,69,347359
8624,0.046243,172.31.40.0-255,66,341555,69,347359
8625,0.048551,74.125.200.0-255,5738,347293,69,347359
8626,0.048558,172.31.40.0-255,66,347359,69,347359
8627,0.0,74.125.24.0-255,153,153,69,134991
8628,2.3e-05,172.31.40.0-255,66,219,69,134991
8629,3e-05,74.125.24.0-255,1484,1703,69,134991
8630,3.5e-05,172.31.40.0-255,66,1769,69,134991
8631,4.1e-05,74.125.24.0-255,2902,4671,69,134991
8632,5.2e-05,172.31.40.0-255,66,4737,69,134991
8633,6e-05,74.125.24.0-255,7156,11893,69,134991
8634,6.3e-05,172.31.40.0-255,66,11959,69,134991
8635,0.000111,172.31.40.0-255,66,12025,69,134991
8636,0.000124,172.31.40.0-255,66,12091,69,134991
8637,0.000149,74.125.24.0-255,4320,16411,69,134991
8638,0.000151,172.31.40.0-255,66,16477,69,134991
8639,0.000189,172.31.40.0-255,66,16543,69,134991
8640,0.000218,172.31.40.0-255,66,16609,69,134991
8641,0.000318,74.125.24.0-255,1484,18093,69,134991
8642,0.000322,172.31.40.0-255,66,18159,69,134991
8643,0.000328,74.125.24.0-255,2902,21061,69,134991
8644,0.00033,172.31.40.0-255,66,21127,69,134991
8645,0.000358,74.125.24.0-255,5738,26865,69,134991
8646,0.000362,172.31.40.0-255,66,26931,69,134991
8647,0.000395,172.31.40.0-255,66,26997,69,134991
8648,0.000425,74.125.24.0-255,2902,29899,69,134991
8649,0.000428,172.31.40.0-255,66,29965,69,134991
8650,0.000441,172.31.40.0-255,66,30031,69,134991
8651,0.000551,74.125.24.0-255,1484,31515,69,134991
8652,0.000556,172.31.40.0-255,66,31581,69,134991
8653,0.000561,74.125.24.0-255,2902,34483,69,134991
8654,0.000564,172.31.40.0-255,66,34549,69,134991
8655,0.00057,74.125.24.0-255,5738,40287,69,134991
8656,0.000577,172.31.40.0-255,66,40353,69,134991
8657,0.00058,74.125.24.0-255,1484,41837,69,134991
8658,0.000627,172.31.40.0-255,66,41903,69,134991
8659,0.000639,172.31.40.0-255,66,41969,69,134991
8660,0.000723,74.125.24.0-255,1484,43453,69,134991
8661,0.000728,74.125.24.0-255,2902,46355,69,134991
8662,0.000733,172.31.40.0-255,66,46421,69,134991
8663,0.000754,74.125.24.0-255,5738,52159,69,134991
8664,0.000757,172.31.40.0-255,66,52225,69,134991
8665,0.000769,172.31.40.0-255,66,52291,69,134991
8666,0.000805,172.31.40.0-255,66,52357,69,134991
8667,0.00084,172.31.40.0-255,66,52423,69,134991
8668,0.000863,172.31.40.0-255,66,52489,69,134991
8669,0.000893,172.31.40.0-255,66,52555,69,134991
8670,0.000997,74.125.24.0-255,1484,54039,69,134991
8671,0.001002,74.125.24.0-255,2902,56941,69,134991
8672,0.001012,172.31.40.0-255,66,57007,69,134991
8673,0.001032,74.125.24.0-255,5738,62745,69,134991
8674,0.00104,74.125.24.0-255,5738,68483,69,134991
8675,0.001046,172.31.40.0-255,66,68549,69,134991
8676,0.001075,74.125.24.0-255,7156,75705,69,134991
8677,0.001104,172.31.40.0-255,66,75771,69,134991
8678,0.001145,74.125.24.0-255,1484,77255,69,134991
8679,0.001169,74.125.24.0-255,2902,80157,69,134991
8680,0.001173,74.125.24.0-255,2902,83059,69,134991
8681,0.001179,172.31.40.0-255,66,83125,69,134991
8682,0.001204,74.125.24.0-255,2902,86027,69,134991
8683,0.001283,74.125.24.0-255,1484,87511,69,134991
8684,0.001398,74.125.24.0-255,4320,91831,69,134991
8685,0.00147,74.125.24.0-255,5020,96851,69,134991
8686,0.001472,74.125.24.0-255,1484,98335,69,134991
8687,0.001477,74.125.24.0-255,2902,101237,69,134991
8688,0.001497,74.125.24.0-255,5738,106975,69,134991
8689,0.001504,74.125.24.0-255,5738,112713,69,134991
8690,0.001536,74.125.24.0-255,7156,119869,69,134991
8691,0.001589,74.125.24.0-255,5738,125607,69,134991
8692,0.001627,74.125.24.0-255,105,125712,69,134991
8693,0.001876,172.31.40.0-255,66,125778,69,134991
8694,0.004843,172.31.40.0-255,105,125883,69,134991
8695,0.007122,74.125.24.0-255,66,125949,69,134991
8696,0.033511,172.31.40.0-255,172,126121,69,134991
8697,0.033554,172.31.40.0-255,1114,127235,69,134991
8698,0.033642,172.31.40.0-255,1514,128749,69,134991
8699,0.033644,172.31.40.0-255,1514,130263,69,134991
8700,0.033645,172.31.40.0-255,1514,131777,69,134991
8701,0.033649,172.31.40.0-255,1514,133291,69,134991
8702,0.033651,172.31.40.0-255,1502,134793,69,134991
8703,0.035066,104.244.42.0-255,66,134859,69,134991
8704,0.035154,104.244.42.0-255,66,134925,69,134991
8705,0.035251,104.244.42.0-255,66,134991,69,134991
8706,0.0,172.217.26.0-255,151,151,69,269254
8707,1.9e-05,172.31.40.0-255,66,217,69,269254
8708,2.5e-05,172.217.26.0-255,1484,1701,69,269254
8709,3e-05,172.31.40.0-255,66,1767,69,269254
8710,3.3e-05,172.217.26.0-255,1484,3251,69,269254
8711,3.6e-05,172.31.40.0-255,66,3317,69,269254
8712,3.9e-05,172.217.26.0-255,1484,4801,69,269254
8713,4.2e-05,172.31.40.0-255,66,4867,69,269254
8714,7e-05,172.217.26.0-255,1484,6351,69,269254
8715,7.2e-05,172.31.40.0-255,66,6417,69,269254
8716,7.9e-05,172.217.26.0-255,5738,12155,69,269254
8717,8.2e-05,172.31.40.0-255,66,12221,69,269254
8718,8.7e-05,172.217.26.0-255,3482,15703,69,269254
8719,8.9e-05,172.31.40.0-255,66,15769,69,269254
8720,9.3e-05,172.217.26.0-255,4320,20089,69,269254
8721,9.6e-05,172.31.40.0-255,66,20155,69,269254
8722,0.000102,172.217.26.0-255,5738,25893,69,269254
8723,0.000104,172.31.40.0-255,66,25959,69,269254
8724,0.000128,172.217.26.0-255,4320,30279,69,269254
8725,0.00013,172.31.40.0-255,66,30345,69,269254
8726,0.000133,172.217.26.0-255,1125,31470,69,269254
8727,0.000134,172.31.40.0-255,66,31536,69,269254
8728,0.000204,172.217.26.0-255,1484,33020,69,269254
8729,0.000208,172.31.40.0-255,66,33086,69,269254
8730,0.000212,172.217.26.0-255,2902,35988,69,269254
8731,0.000214,172.31.40.0-255,66,36054,69,269254
8732,0.000219,172.217.26.0-255,4320,40374,69,269254
8733,0.000221,172.31.40.0-255,66,40440,69,269254
8734,0.000243,172.217.26.0-255,1484,41924,69,269254
8735,0.000245,172.31.40.0-255,66,41990,69,269254
8736,0.000252,172.217.26.0-255,6797,48787,69,269254
8737,0.000254,172.31.40.0-255,66,48853,69,269254
8738,0.000284,172.31.40.0-255,66,48919,69,269254
8739,0.000287,172.217.26.0-255,2543,51462,69,269254
8740,0.000289,172.31.40.0-255,66,51528,69,269254
8741,0.000361,172.217.26.0-255,395,51923,69,269254
8742,0.000841,172.31.40.0-255,66,51989,69,269254
8743,0.001032,172.217.26.0-255,113,52102,69,269254
8744,0.00114,172.217.26.0-255,1484,53586,69,269254
8745,0.001145,172.31.40.0-255,66,53652,69,269254
8746,0.00115,172.217.26.0-255,2902,56554,69,269254
8747,0.001152,172.31.40.0-255,66,56620,69,269254
8748,0.001171,172.217.26.0-255,5738,62358,69,269254
8749,0.001172,172.31.40.0-255,66,62424,69,269254
8750,0.001197,172.217.26.0-255,6797,69221,69,269254
8751,0.001199,172.31.40.0-255,66,69287,69,269254
8752,0.001233,172.217.26.0-255,2902,72189,69,269254
8753,0.001235,172.31.40.0-255,66,72255,69,269254
8754,0.00125,172.217.26.0-255,4320,76575,69,269254
8755,0.001252,172.31.40.0-255,66,76641,69,269254
8756,0.001262,172.31.40.0-255,66,76707,69,269254
8757,0.001264,172.217.26.0-255,1125,77832,69,269254
8758,0.001379,172.217.26.0-255,1484,79316,69,269254
8759,0.001384,172.31.40.0-255,66,79382,69,269254
8760,0.001401,172.217.26.0-255,2902,82284,69,269254
8761,0.001403,172.31.40.0-255,66,82350,69,269254
8762,0.001406,172.217.26.0-255,1484,83834,69,269254
8763,0.001427,172.217.26.0-255,4320,88154,69,269254
8764,0.001429,172.31.40.0-255,66,88220,69,269254
8765,0.001456,172.31.40.0-255,66,88286,69,269254
8766,0.001463,172.217.26.0-255,5738,94024,69,269254
8767,0.001465,172.31.40.0-255,66,94090,69,269254
8768,0.001498,172.217.26.0-255,4320,98410,69,269254
8769,0.001501,172.31.40.0-255,66,98476,69,269254
8770,0.001507,172.217.26.0-255,5020,103496,69,269254
8771,0.001509,172.31.40.0-255,66,103562,69,269254
8772,0.00154,172.217.26.0-255,1484,105046,69,269254
8773,0.00157,172.217.26.0-255,1484,106530,69,269254
8774,0.001573,172.31.40.0-255,66,106596,69,269254
8775,0.00158,172.217.26.0-255,4320,110916,69,269254
8776,0.001582,172.31.40.0-255,66,110982,69,269254
8777,0.001593,172.31.40.0-255,66,111048,69,269254
8778,0.001595,172.217.26.0-255,1484,112532,69,269254
8779,0.001616,172.217.26.0-255,5738,118270,69,269254
8780,0.001619,172.31.40.0-255,66,118336,69,269254
8781,0.001629,172.31.40.0-255,66,118402,69,269254
8782,0.00165,172.217.26.0-255,2184,120586,69,269254
8783,0.001653,172.31.40.0-255,66,120652,69,269254
8784,0.003556,172.217.26.0-255,2902,123554,69,269254
8785,0.003561,172.31.40.0-255,66,123620,69,269254
8786,0.00358,172.217.26.0-255,2902,126522,69,269254
8787,0.003582,172.31.40.0-255,66,126588,69,269254
8788,0.005512,172.217.26.0-255,2902,129490,69,269254
8789,0.005515,172.31.40.0-255,66,129556,69,269254
8790,0.005534,172.217.26.0-255,2902,132458,69,269254
8791,0.005536,172.31.40.0-255,66,132524,69,269254
8792,0.007594,172.217.26.0-255,5738,138262,69,269254
8793,0.007601,172.31.40.0-255,66,138328,69,269254
8794,0.009544,172.217.26.0-255,5738,144066,69,269254
8795,0.009552,172.31.40.0-255,66,144132,69,269254
8796,0.011491,172.217.26.0-255,5738,149870,69,269254
8797,0.011498,172.31.40.0-255,66,149936,69,269254
8798,0.013438,172.217.26.0-255,5738,155674,69,269254
8799,0.013445,172.31.40.0-255,66,155740,69,269254
8800,0.015386,172.217.26.0-255,5738,161478,69,269254
8801,0.015393,172.31.40.0-255,66,161544,69,269254
8802,0.017335,172.217.26.0-255,5738,167282,69,269254
8803,0.017344,172.31.40.0-255,66,167348,69,269254
8804,0.019293,172.217.26.0-255,5738,173086,69,269254
8805,0.019301,172.31.40.0-255,66,173152,69,269254
8806,0.021257,172.217.26.0-255,5738,178890,69,269254
8807,0.021264,172.31.40.0-255,66,178956,69,269254
8808,0.023206,172.217.26.0-255,5738,184694,69,269254
8809,0.023213,172.31.40.0-255,66,184760,69,269254
8810,0.025157,172.217.26.0-255,5738,190498,69,269254
8811,0.025163,172.31.40.0-255,66,190564,69,269254
8812,0.027105,172.217.26.0-255,5738,196302,69,269254
8813,0.027114,172.31.40.0-255,66,196368,69,269254
8814,0.029064,172.217.26.0-255,5738,202106,69,269254
8815,0.029071,172.31.40.0-255,66,202172,69,269254
8816,0.031034,172.217.26.0-255,5738,207910,69,269254
8817,0.031042,172.31.40.0-255,66,207976,69,269254
8818,0.033005,172.217.26.0-255,5738,213714,69,269254
8819,0.033013,172.31.40.0-255,66,213780,69,269254
8820,0.034136,172.31.40.0-255,172,213952,69,269254
8821,0.034167,172.31.40.0-255,1114,215066,69,269254
8822,0.034231,172.31.40.0-255,1514,216580,69,269254
8823,0.034233,172.31.40.0-255,1514,218094,69,269254
8824,0.034234,172.31.40.0-255,1514,219608,69,269254
8825,0.034239,172.31.40.0-255,1514,221122,69,269254
8826,0.03424,172.31.40.0-255,1502,222624,69,269254
8827,0.034971,172.217.26.0-255,5738,228362,69,269254
8828,0.034978,172.31.40.0-255,66,228428,69,269254
8829,0.035709,104.244.42.0-255,66,228494,69,269254
8830,0.035829,104.244.42.0-255,66,228560,69,269254
8831,0.035835,104.244.42.0-255,66,228626,69,269254
8832,0.036924,172.217.26.0-255,5738,234364,69,269254
8833,0.036932,172.31.40.0-255,66,234430,69,269254
8834,0.038869,172.217.26.0-255,5738,240168,69,269254
8835,0.038879,172.31.40.0-255,66,240234,69,269254
8836,0.040814,172.217.26.0-255,5738,245972,69,269254
8837,0.040821,172.31.40.0-255,66,246038,69,269254
8838,0.04276,172.217.26.0-255,5738,251776,69,269254
8839,0.042767,172.31.40.0-255,66,251842,69,269254
8840,0.044723,172.217.26.0-255,5738,257580,69,269254
8841,0.044734,172.31.40.0-255,66,257646,69,269254
8842,0.04668,172.217.26.0-255,5738,263384,69,269254
8843,0.046686,172.31.40.0-255,66,263450,69,269254
8844,0.048643,172.217.26.0-255,5738,269188,69,269254
8845,0.04865,172.31.40.0-255,66,269254,69,269254
8846,0.0,142.250.4.0-255,146,146,69,174687
8847,1.6e-05,172.31.40.0-255,66,212,69,174687
8848,2.2e-05,142.250.4.0-255,1484,1696,69,174687
8849,2.6e-05,172.31.40.0-255,66,1762,69,174687
8850,3.1e-05,142.250.4.0-255,2902,4664,69,174687
8851,4e-05,172.31.40.0-255,66,4730,69,174687
8852,4.3e-05,142.250.4.0-255,1484,6214,69,174687
8853,4.6e-05,172.31.40.0-255,66,6280,69,174687
8854,6.4e-05,142.250.4.0-255,5738,12018,69,174687
8855,6.6e-05,172.31.40.0-255,66,12084,69,174687
8856,7.3e-05,142.250.4.0-255,2095,14179,69,174687
8857,7.5e-05,172.31.40.0-255,66,14245,69,174687
8858,0.000109,172.31.40.0-255,66,14311,69,174687
8859,0.000114,142.250.4.0-255,5379,19690,69,174687
8860,0.000117,172.31.40.0-255,66,19756,69,174687
8861,0.000215,142.250.4.0-255,1484,21240,69,174687
8862,0.000218,172.31.40.0-255,66,21306,69,174687
8863,0.000222,142.250.4.0-255,2902,24208,69,174687
8864,0.000225,172.31.40.0-255,66,24274,69,174687
8865,0.000229,142.250.4.0-255,2902,27176,69,174687
8866,0.00023,172.31.40.0-255,66,27242,69,174687
8867,0.000258,142.250.4.0-255,2902,30144,69,174687
8868,0.000261,172.31.40.0-255,66,30210,69,174687
8869,0.000277,172.31.40.0-255,66,30276,69,174687
8870,0.000286,172.31.40.0-255,66,30342,69,174687
8871,0.000316,142.250.4.0-255,2482,32824,69,174687
8872,0.000322,172.31.40.0-255,66,32890,69,174687
8873,0.000362,142.250.4.0-255,380,33270,69,174687
8874,0.000364,172.31.40.0-255,66,33336,69,174687
8875,0.000701,142.250.4.0-255,1484,34820,69,174687
8876,0.000706,172.31.40.0-255,66,34886,69,174687
8877,0.000712,142.250.4.0-255,2902,37788,69,174687
8878,0.000714,172.31.40.0-255,66,37854,69,174687
8879,0.000764,142.250.4.0-255,4320,42174,69,174687
8880,0.000767,172.31.40.0-255,66,42240,69,174687
8881,0.000774,142.250.4.0-255,5738,47978,69,174687
8882,0.000776,172.31.40.0-255,66,48044,69,174687
8883,0.000793,172.31.40.0-255,66,48110,69,174687
8884,0.0008,142.250.4.0-255,5738,53848,69,174687
8885,0.000803,172.31.40.0-255,66,53914,69,174687
8886,0.000828,142.250.4.0-255,2184,56098,69,174687
8887,0.000831,172.31.40.0-255,66,56164,69,174687
8888,0.000962,142.250.4.0-255,1484,57648,69,174687
8889,0.00097,172.31.40.0-255,66,57714,69,174687
8890,0.000975,142.250.4.0-255,2902,60616,69,174687
8891,0.000978,172.31.40.0-255,66,60682,69,174687
8892,0.000981,142.250.4.0-255,1484,62166,69,174687
8893,0.000983,172.31.40.0-255,66,62232,69,174687
8894,0.001005,142.250.4.0-255,4320,66552,69,174687
8895,0.00101,172.31.40.0-255,66,66618,69,174687
8896,0.001045,172.31.40.0-255,66,66684,69,174687
8897,0.001081,142.250.4.0-255,4320,71004,69,174687
8898,0.001115,142.250.4.0-255,1484,72488,69,174687
8899,0.001132,142.250.4.0-255,2902,75390,69,174687
8900,0.001151,142.250.4.0-255,5020,80410,69,174687
8901,0.001161,172.31.40.0-255,66,80476,69,174687
8902,0.001279,142.250.4.0-255,1484,81960,69,174687
8903,0.001293,142.250.4.0-255,2902,84862,69,174687
8904,0.001295,142.250.4.0-255,1484,86346,69,174687
8905,0.001312,142.250.4.0-255,4320,90666,69,174687
8906,0.001321,172.31.40.0-255,66,90732,69,174687
8907,0.001351,172.31.40.0-255,66,90798,69,174687
8908,0.001359,142.250.4.0-255,2902,93700,69,174687
8909,0.001363,142.250.4.0-255,4320,98020,69,174687
8910,0.001384,142.250.4.0-255,4320,102340,69,174687
8911,0.001389,142.250.4.0-255,2184,104524,69,174687
8912,0.001404,172.31.40.0-255,66,104590,69,174687
8913,0.001563,142.250.4.0-255,1484,106074,69,174687
8914,0.001569,142.250.4.0-255,2902,108976,69,174687
8915,0.001571,172.31.40.0-255,66,109042,69,174687
8916,0.001575,142.250.4.0-255,1484,110526,69,174687
8917,0.001603,142.250.4.0-255,4320,114846,69,174687
8918,0.001608,142.250.4.0-255,4320,119166,69,174687
8919,0.001611,142.250.4.0-255,2902,122068,69,174687
8920,0.00162,172.31.40.0-255,66,122134,69,174687
8921,0.001656,142.250.4.0-255,4320,126454,69,174687
8922,0.00166,172.31.40.0-255,66,126520,69,174687
8923,0.001689,142.250.4.0-255,4320,130840,69,174687
8924,0.001692,172.31.40.0-255,66,130906,69,174687
8925,0.001705,172.31.40.0-255,66,130972,69,174687
8926,0.001741,142.250.4.0-255,7156,138128,69,174687
8927,0.001789,172.31.40.0-255,66,138194,69,174687
8928,0.001814,142.250.4.0-255,4320,142514,69,174687
8929,0.00182,172.31.40.0-255,66,142580,69,174687
8930,0.001865,142.250.4.0-255,5738,148318,69,174687
8931,0.001872,172.31.40.0-255,66,148384,69,174687
8932,0.001884,142.250.4.0-255,7156,155540,69,174687
8933,0.001918,172.31.40.0-255,66,155606,69,174687
8934,0.001929,142.250.4.0-255,5738,161344,69,174687
8935,0.001961,172.31.40.0-255,66,161410,69,174687
8936,0.00204,172.31.40.0-255,66,161476,69,174687
8937,0.002046,172.31.40.0-255,66,161542,69,174687
8938,0.002064,142.250.4.0-255,2902,164444,69,174687
8939,0.002073,172.31.40.0-255,66,164510,69,174687
8940,0.002111,172.31.40.0-255,66,164576,69,174687
8941,0.002126,142.250.4.0-255,1484,166060,69,174687
8942,0.002146,142.250.4.0-255,6172,172232,69,174687
8943,0.002158,172.31.40.0-255,66,172298,69,174687
8944,0.004184,142.250.4.0-255,105,172403,69,174687
8945,0.005229,172.31.40.0-255,66,172469,69,174687
8946,0.005269,172.31.40.0-255,105,172574,69,174687
8947,0.007283,142.250.4.0-255,66,172640,69,174687
8948,0.033358,172.31.40.0-255,172,172812,69,174687
8949,0.033387,172.31.40.0-255,1112,173924,69,174687
8950,0.033452,172.31.40.0-255,565,174489,69,174687
8951,0.035005,104.244.42.0-255,66,174555,69,174687
8952,0.035055,104.244.42.0-255,66,174621,69,174687
8953,0.035065,104.244.42.0-255,66,174687,69,174687
8954,0.0,172.217.194.0-255,152,152,69,245114
8955,2.1e-05,172.31.40.0-255,66,218,69,245114
8956,2.8e-05,172.217.194.0-255,1484,1702,69,245114
8957,3.3e-05,172.31.40.0-255,66,1768,69,245114
8958,3.9e-05,172.217.194.0-255,2902,4670,69,245114
8959,4.4e-05,172.31.40.0-255,66,4736,69,245114
8960,5.9e-05,172.217.194.0-255,7156,11892,69,245114
8961,6.2e-05,172.31.40.0-255,66,11958,69,245114
8962,6.7e-05,172.217.194.0-255,2902,14860,69,245114
8963,6.9e-05,172.31.40.0-255,66,14926,69,245114
8964,0.000108,172.31.40.0-255,66,14992,69,245114
8965,0.000134,172.217.194.0-255,3449,18441,69,245114
8966,0.000137,172.31.40.0-255,66,18507,69,245114
8967,0.000158,172.31.40.0-255,66,18573,69,245114
8968,0.000163,172.217.194.0-255,2902,21475,69,245114
8969,0.000165,172.31.40.0-255,66,21541,69,245114
8970,0.000188,172.217.194.0-255,1125,22666,69,245114
8971,0.00019,172.31.40.0-255,66,22732,69,245114
8972,0.000548,172.217.194.0-255,1484,24216,69,245114
8973,0.000553,172.31.40.0-255,66,24282,69,245114
8974,0.000559,172.217.194.0-255,2902,27184,69,245114
8975,0.000562,172.31.40.0-255,66,27250,69,245114
8976,0.000569,172.217.194.0-255,5738,32988,69,245114
8977,0.000576,172.31.40.0-255,66,33054,69,245114
8978,0.000583,172.217.194.0-255,5738,38792,69,245114
8979,0.000586,172.31.40.0-255,66,38858,69,245114
8980,0.000633,172.217.194.0-255,1125,39983,69,245114
8981,0.000637,172.31.40.0-255,66,40049,69,245114
8982,0.00066,172.217.194.0-255,1484,41533,69,245114
8983,0.000663,172.31.40.0-255,66,41599,69,245114
8984,0.00069,172.217.194.0-255,2902,44501,69,245114
8985,0.000693,172.31.40.0-255,66,44567,69,245114
8986,0.000698,172.217.194.0-255,4320,48887,69,245114
8987,0.000701,172.31.40.0-255,66,48953,69,245114
8988,0.000713,172.31.40.0-255,66,49019,69,245114
8989,0.000739,172.217.194.0-255,1484,50503,69,245114
8990,0.000766,172.217.194.0-255,2902,53405,69,245114
8991,0.000769,172.31.40.0-255,66,53471,69,245114
8992,0.000776,172.217.194.0-255,5738,59209,69,245114
8993,0.000778,172.31.40.0-255,66,59275,69,245114
8994,0.00079,172.217.194.0-255,6797,66072,69,245114
8995,0.000792,172.31.40.0-255,66,66138,69,245114
8996,0.001538,172.217.194.0-255,1484,67622,69,245114
8997,0.001547,172.217.194.0-255,2902,70524,69,245114
8998,0.001551,172.31.40.0-255,66,70590,69,245114
8999,0.001557,172.217.194.0-255,1484,72074,69,245114
9000,0.001592,172.217.194.0-255,4320,76394,69,245114
9001,0.001594,172.31.40.0-255,66,76460,69,245114
9002,0.001599,172.217.194.0-255,2902,79362,69,245114
9003,0.001601,172.31.40.0-255,66,79428,69,245114
9004,0.001624,172.217.194.0-255,3399,82827,69,245114
9005,0.001631,172.31.40.0-255,66,82893,69,245114
9006,0.001717,172.217.194.0-255,1484,84377,69,245114
9007,0.001723,172.217.194.0-255,2902,87279,69,245114
9008,0.001726,172.31.40.0-255,66,87345,69,245114
9009,0.001732,172.217.194.0-255,4320,91665,69,245114
9010,0.001734,172.31.40.0-255,66,91731,69,245114
9011,0.001768,172.217.194.0-255,1484,93215,69,245114
9012,0.00178,172.217.194.0-255,7156,100371,69,245114
9013,0.001783,172.31.40.0-255,66,100437,69,245114
9014,0.001797,172.31.40.0-255,66,100503,69,245114
9015,0.001801,172.217.194.0-255,2184,102687,69,245114
9016,0.001803,172.31.40.0-255,66,102753,69,245114
9017,0.002304,172.217.194.0-255,1484,104237,69,245114
9018,0.002313,172.217.194.0-255,2902,107139,69,245114
9019,0.002317,172.31.40.0-255,66,107205,69,245114
9020,0.002326,172.217.194.0-255,4320,111525,69,245114
9021,0.002327,172.31.40.0-255,66,111591,69,245114
9022,0.002352,172.217.194.0-255,1484,113075,69,245114
9023,0.00237,172.31.40.0-255,66,113141,69,245114
9024,0.002382,172.31.40.0-255,66,113207,69,245114
9025,0.002438,172.217.194.0-255,1484,114691,69,245114
9026,0.002449,172.217.194.0-255,1484,116175,69,245114
9027,0.002452,172.31.40.0-255,66,116241,69,245114
9028,0.00248,172.217.194.0-255,1484,117725,69,245114
9029,0.002487,172.217.194.0-255,5738,123463,69,245114
9030,0.002489,172.31.40.0-255,66,123529,69,245114
9031,0.002494,172.217.194.0-255,2902,126431,69,245114
9032,0.002496,172.31.40.0-255,66,126497,69,245114
9033,0.00253,172.31.40.0-255,66,126563,69,245114
9034,0.002543,172.31.40.0-255,66,126629,69,245114
9035,0.002583,172.217.194.0-255,1484,128113,69,245114
9036,0.002588,172.217.194.0-255,2902,131015,69,245114
9037,0.00259,172.31.40.0-255,66,131081,69,245114
9038,0.002595,172.217.194.0-255,2902,133983,69,245114
9039,0.002597,172.31.40.0-255,66,134049,69,245114
9040,0.005097,172.217.194.0-255,5738,139787,69,245114
9041,0.005104,172.31.40.0-255,66,139853,69,245114
9042,0.007642,172.217.194.0-255,5738,145591,69,245114
9043,0.007648,172.31.40.0-255,66,145657,69,245114
9044,0.010196,172.217.194.0-255,5738,151395,69,245114
9045,0.010204,172.31.40.0-255,66,151461,69,245114
9046,0.012752,172.217.194.0-255,4320,155781,69,245114
9047,0.012758,172.31.40.0-255,66,155847,69,245114
9048,0.012776,172.217.194.0-255,1484,157331,69,245114
9049,0.015338,172.217.194.0-255,4320,161651,69,245114
9050,0.015344,172.31.40.0-255,66,161717,69,245114
9051,0.017864,172.217.194.0-255,5738,167455,69,245114
9052,0.017872,172.31.40.0-255,66,167521,69,245114
9053,0.020448,172.217.194.0-255,5738,173259,69,245114
9054,0.020455,172.31.40.0-255,66,173325,69,245114
9055,0.023009,172.217.194.0-255,5738,179063,69,245114
9056,0.023015,172.31.40.0-255,66,179129,69,245114
9057,0.025539,172.217.194.0-255,5738,184867,69,245114
9058,0.025546,172.31.40.0-255,66,184933,69,245114
9059,0.028077,172.217.194.0-255,5738,190671,69,245114
9060,0.028085,172.31.40.0-255,66,190737,69,245114
9061,0.02961,172.31.40.0-255,167,190904,69,245114
9062,0.029643,172.31.40.0-255,1116,192020,69,245114
9063,0.029707,172.31.40.0-255,1514,193534,69,245114
9064,0.029709,172.31.40.0-255,1514,195048,69,245114
9065,0.02971,172.31.40.0-255,1514,196562,69,245114
9066,0.029712,172.31.40.0-255,1514,198076,69,245114
9067,0.029712,172.31.40.0-255,540,198616,69,245114
9068,0.030604,172.217.194.0-255,5738,204354,69,245114
9069,0.030612,172.31.40.0-255,66,204420,69,245114
9070,0.031803,104.244.42.0-255,66,204486,69,245114
9071,0.033138,172.217.194.0-255,5738,210224,69,245114
9072,0.033142,172.31.40.0-255,66,210290,69,245114
9073,0.035653,172.217.194.0-255,5738,216028,69,245114
9074,0.035659,172.31.40.0-255,66,216094,69,245114
9075,0.038187,172.217.194.0-255,5738,221832,69,245114
9076,0.038194,172.31.40.0-255,66,221898,69,245114
9077,0.040736,172.217.194.0-255,5738,227636,69,245114
9078,0.040742,172.31.40.0-255,66,227702,69,245114
9079,0.043299,172.217.194.0-255,5738,233440,69,245114
9080,0.043305,172.31.40.0-255,66,233506,69,245114
9081,0.045844,172.217.194.0-255,5738,239244,69,245114
9082,0.045851,172.31.40.0-255,66,239310,69,245114
9083,0.048407,172.217.194.0-255,5738,245048,69,245114
9084,0.048413,172.31.40.0-255,66,245114,69,245114
9085,0.0,172.217.194.0-255,150,150,69,236142
9086,2.3e-05,172.31.40.0-255,66,216,69,236142
9087,3e-05,172.217.194.0-255,1484,1700,69,236142
9088,3.5e-05,172.31.40.0-255,66,1766,69,236142
9089,4e-05,172.217.194.0-255,2902,4668,69,236142
9090,5.1e-05,172.31.40.0-255,66,4734,69,236142
9091,5.7e-05,172.217.194.0-255,4320,9054,69,236142
9092,6.1e-05,172.31.40.0-255,66,9120,69,236142
9093,9.7e-05,172.217.194.0-255,4892,14012,69,236142
9094,0.000101,172.31.40.0-255,66,14078,69,236142
9095,0.000188,172.217.194.0-255,1484,15562,69,236142
9096,0.000191,172.31.40.0-255,66,15628,69,236142
9097,0.000195,172.217.194.0-255,1484,17112,69,236142
9098,0.000197,172.31.40.0-255,66,17178,69,236142
9099,0.00023,172.217.194.0-255,1484,18662,69,236142
9100,0.000232,172.31.40.0-255,66,18728,69,236142
9101,0.000239,172.217.194.0-255,5738,24466,69,236142
9102,0.000242,172.31.40.0-255,66,24532,69,236142
9103,0.000246,172.217.194.0-255,2902,27434,69,236142
9104,0.000248,172.31.40.0-255,66,27500,69,236142
9105,0.000281,172.217.194.0-255,3961,31461,69,236142
9106,0.000284,172.31.40.0-255,66,31527,69,236142
9107,0.000693,172.217.194.0-255,1484,33011,69,236142
9108,0.000699,172.31.40.0-255,66,33077,69,236142
9109,0.000727,172.217.194.0-255,2902,35979,69,236142
9110,0.000729,172.31.40.0-255,66,36045,69,236142
9111,0.000736,172.217.194.0-255,5738,41783,69,236142
9112,0.000738,172.31.40.0-255,66,41849,69,236142
9113,0.000776,172.217.194.0-255,6797,48646,69,236142
9114,0.000779,172.31.40.0-255,66,48712,69,236142
9115,0.001183,172.217.194.0-255,1484,50196,69,236142
9116,0.001188,172.31.40.0-255,66,50262,69,236142
9117,0.001196,172.217.194.0-255,2902,53164,69,236142
9118,0.001198,172.31.40.0-255,66,53230,69,236142
9119,0.001209,172.217.194.0-255,5738,58968,69,236142
9120,0.001211,172.31.40.0-255,66,59034,69,236142
9121,0.001253,172.31.40.0-255,66,59100,69,236142
9122,0.001275,172.217.194.0-255,1484,60584,69,236142
9123,0.001287,172.217.194.0-255,1484,62068,69,236142
9124,0.00129,172.31.40.0-255,66,62134,69,236142
9125,0.001319,172.217.194.0-255,1484,63618,69,236142
9126,0.001324,172.217.194.0-255,5738,69356,69,236142
9127,0.001326,172.31.40.0-255,66,69422,69,236142
9128,0.001333,172.217.194.0-255,6797,76219,69,236142
9129,0.001336,172.31.40.0-255,66,76285,69,236142
9130,0.001381,172.217.194.0-255,5738,82023,69,236142
9131,0.001383,172.31.40.0-255,66,82089,69,236142
9132,0.001413,172.31.40.0-255,66,82155,69,236142
9133,0.002052,172.217.194.0-255,1484,83639,69,236142
9134,0.002059,172.217.194.0-255,1484,85123,69,236142
9135,0.002063,172.31.40.0-255,66,85189,69,236142
9136,0.002087,172.217.194.0-255,1484,86673,69,236142
9137,0.002093,172.217.194.0-255,5738,92411,69,236142
9138,0.002095,172.31.40.0-255,66,92477,69,236142
9139,0.002098,172.217.194.0-255,1484,93961,69,236142
9140,0.002124,172.217.194.0-255,5738,99699,69,236142
9141,0.002126,172.31.40.0-255,66,99765,69,236142
9142,0.002143,172.217.194.0-255,2902,102667,69,236142
9143,0.002145,172.31.40.0-255,66,102733,69,236142
9144,0.002162,172.31.40.0-255,66,102799,69,236142
9145,0.002375,172.217.194.0-255,1484,104283,69,236142
9146,0.002394,172.217.194.0-255,2902,107185,69,236142
9147,0.002396,172.31.40.0-255,66,107251,69,236142
9148,0.002401,172.217.194.0-255,2902,110153,69,236142
9149,0.002403,172.31.40.0-255,66,110219,69,236142
9150,0.002422,172.217.194.0-255,2902,113121,69,236142
9151,0.002424,172.31.40.0-255,66,113187,69,236142
9152,0.002449,172.31.40.0-255,66,113253,69,236142
9153,0.002474,172.217.194.0-255,4320,117573,69,236142
9154,0.002476,172.31.40.0-255,66,117639,69,236142
9155,0.002479,172.217.194.0-255,2902,120541,69,236142
9156,0.002481,172.31.40.0-255,66,120607,69,236142
9157,0.002506,172.217.194.0-255,2902,123509,69,236142
9158,0.002508,172.31.40.0-255,66,123575,69,236142
9159,0.002533,172.217.194.0-255,5020,128595,69,236142
9160,0.002536,172.31.40.0-255,66,128661,69,236142
9161,0.002551,172.217.194.0-255,1484,130145,69,236142
9162,0.002555,172.217.194.0-255,2902,133047,69,236142
9163,0.002557,172.31.40.0-255,66,133113,69,236142
9164,0.002585,172.217.194.0-255,5738,138851,69,236142
9165,0.002587,172.31.40.0-255,66,138917,69,236142
9166,0.002599,172.31.40.0-255,66,138983,69,236142
9167,0.002613,172.31.40.0-255,66,139049,69,236142
9168,0.002639,172.217.194.0-255,2184,141233,69,236142
9169,0.002641,172.31.40.0-255,66,141299,69,236142
9170,0.003199,172.217.194.0-255,1484,142783,69,236142
9171,0.003211,172.217.194.0-255,2902,145685,69,236142
9172,0.003213,172.31.40.0-255,66,145751,69,236142
9173,0.003217,172.217.194.0-255,2902,148653,69,236142
9174,0.003219,172.31.40.0-255,66,148719,69,236142
9175,0.003252,172.217.194.0-255,2902,151621,69,236142
9176,0.003254,172.31.40.0-255,66,151687,69,236142
9177,0.003265,172.31.40.0-255,66,151753,69,236142
9178,0.003295,172.217.194.0-255,2902,154655,69,236142
9179,0.003296,172.31.40.0-255,66,154721,69,236142
9180,0.003307,172.31.40.0-255,66,154787,69,236142
9181,0.003332,172.217.194.0-255,1484,156271,69,236142
9182,0.003335,172.217.194.0-255,2902,159173,69,236142
9183,0.003337,172.31.40.0-255,66,159239,69,236142
9184,0.003393,172.217.194.0-255,5738,164977,69,236142
9185,0.003396,172.31.40.0-255,66,165043,69,236142
9186,0.003404,172.217.194.0-255,5738,170781,69,236142
9187,0.003406,172.31.40.0-255,66,170847,69,236142
9188,0.003411,172.217.194.0-255,4320,175167,69,236142
9189,0.003413,172.31.40.0-255,66,175233,69,236142
9190,0.003416,172.217.194.0-255,1484,176717,69,236142
9191,0.003458,172.31.40.0-255,66,176783,69,236142
9192,0.003568,172.217.194.0-255,1484,178267,69,236142
9193,0.003587,172.217.194.0-255,2902,181169,69,236142
9194,0.00359,172.31.40.0-255,66,181235,69,236142
9195,0.003596,172.217.194.0-255,5738,186973,69,236142
9196,0.003598,172.31.40.0-255,66,187039,69,236142
9197,0.003629,172.217.194.0-255,4320,191359,69,236142
9198,0.003632,172.31.40.0-255,66,191425,69,236142
9199,0.00366,172.217.194.0-255,5738,197163,69,236142
9200,0.003662,172.31.40.0-255,66,197229,69,236142
9201,0.003673,172.31.40.0-255,66,197295,69,236142
9202,0.003676,172.217.194.0-255,2184,199479,69,236142
9203,0.003679,172.31.40.0-255,66,199545,69,236142
9204,0.00373,172.217.194.0-255,7156,206701,69,236142
9205,0.003733,172.31.40.0-255,66,206767,69,236142
9206,0.003739,172.217.194.0-255,5738,212505,69,236142
9207,0.003741,172.31.40.0-255,66,212571,69,236142
9208,0.003759,172.217.194.0-255,2902,215473,69,236142
9209,0.003762,172.31.40.0-255,66,215539,69,236142
9210,0.003767,172.217.194.0-255,4320,219859,69,236142
9211,0.003769,172.31.40.0-255,66,219925,69,236142
9212,0.003813,172.31.40.0-255,66,219991,69,236142
9213,0.003822,172.31.40.0-255,66,220057,69,236142
9214,0.003832,172.31.40.0-255,66,220123,69,236142
9215,0.003864,172.31.40.0-255,66,220189,69,236142
9216,0.003892,172.217.194.0-255,5020,225209,69,236142
9217,0.003894,172.31.40.0-255,66,225275,69,236142
9218,0.003925,172.217.194.0-255,1484,226759,69,236142
9219,0.003989,172.217.194.0-255,105,226864,69,236142
9220,0.004537,172.31.40.0-255,66,226930,69,236142
9221,0.007093,172.31.40.0-255,105,227035,69,236142
9222,0.009692,172.217.194.0-255,66,227101,69,236142
9223,0.038024,172.31.40.0-255,172,227273,69,236142
9224,0.038059,172.31.40.0-255,1112,228385,69,236142
9225,0.038128,172.31.40.0-255,1514,229899,69,236142
9226,0.03813,172.31.40.0-255,1514,231413,69,236142
9227,0.038131,172.31.40.0-255,1514,232927,69,236142
9228,0.038136,172.31.40.0-255,1514,234441,69,236142
9229,0.038159,172.31.40.0-255,1503,235944,69,236142
9230,0.039712,104.244.42.0-255,66,236010,69,236142
9231,0.039722,104.244.42.0-255,66,236076,69,236142
9232,0.039816,104.244.42.0-255,66,236142,69,236142
9233,0.0,172.31.40.0-255,105,105,69,105
9234,0.0,172.31.40.0-255,105,105,69,276
9235,0.001887,157.240.7.0-255,105,210,69,276
9236,0.001902,172.31.40.0-255,66,276,69,276
9237,0.0,172.31.40.0-255,105,105,69,276
9238,0.002169,157.240.7.0-255,105,210,69,276
9239,0.002178,172.31.40.0-255,66,276,69,276
9240,0.0,74.125.68.0-255,431,431,69,126315
9241,1.2e-05,74.125.68.0-255,1484,1915,69,126315
9242,1.9e-05,172.31.40.0-255,66,1981,69,126315
9243,2.9e-05,74.125.68.0-255,4320,6301,69,126315
9244,3.2e-05,172.31.40.0-255,66,6367,69,126315
9245,0.000188,74.125.68.0-255,4320,10687,69,126315
9246,0.000194,172.31.40.0-255,66,10753,69,126315
9247,0.000378,74.125.68.0-255,4875,15628,69,126315
9248,0.000382,172.31.40.0-255,66,15694,69,126315
9249,0.000605,172.31.40.0-255,66,15760,69,126315
9250,0.000625,74.125.68.0-255,2902,18662,69,126315
9251,0.000628,172.31.40.0-255,66,18728,69,126315
9252,0.001103,74.125.68.0-255,2902,21630,69,126315
9253,0.001109,172.31.40.0-255,66,21696,69,126315
9254,0.002306,74.125.68.0-255,5738,27434,69,126315
9255,0.00269,172.31.40.0-255,66,27500,69,126315
9256,0.002988,74.125.68.0-255,4320,31820,69,126315
9257,0.002993,172.31.40.0-255,66,31886,69,126315
9258,0.003051,172.31.40.0-255,66,31952,69,126315
9259,0.003736,74.125.68.0-255,4320,36272,69,126315
9260,0.00374,172.31.40.0-255,66,36338,69,126315
9261,0.00439,172.31.40.0-255,66,36404,69,126315
9262,0.004415,74.125.68.0-255,7156,43560,69,126315
9263,0.004437,172.31.40.0-255,66,43626,69,126315
9264,0.004999,74.125.68.0-255,7156,50782,69,126315
9265,0.005004,172.31.40.0-255,66,50848,69,126315
9266,0.005024,74.125.68.0-255,4320,55168,69,126315
9267,0.00509,74.125.68.0-255,5738,60906,69,126315
9268,0.005152,172.31.40.0-255,66,60972,69,126315
9269,0.005516,74.125.68.0-255,4320,65292,69,126315
9270,0.005522,172.31.40.0-255,66,65358,69,126315
9271,0.005555,172.31.40.0-255,66,65424,69,126315
9272,0.005577,74.125.68.0-255,7156,72580,69,126315
9273,0.00558,172.31.40.0-255,66,72646,69,126315
9274,0.006695,74.125.68.0-255,4320,76966,69,126315
9275,0.006703,172.31.40.0-255,66,77032,69,126315
9276,0.006757,172.31.40.0-255,66,77098,69,126315
9277,0.007299,74.125.68.0-255,1514,78612,69,126315
9278,0.007307,172.31.40.0-255,66,78678,69,126315
9279,0.007498,172.31.40.0-255,66,78744,69,126315
9280,0.007546,172.31.40.0-255,66,78810,69,126315
9281,0.007563,74.125.68.0-255,4320,83130,69,126315
9282,0.007566,172.31.40.0-255,66,83196,69,126315
9283,0.007581,74.125.68.0-255,2902,86098,69,126315
9284,0.007583,172.31.40.0-255,66,86164,69,126315
9285,0.007899,74.125.68.0-255,7156,93320,69,126315
9286,0.007904,172.31.40.0-255,66,93386,69,126315
9287,0.007944,172.31.40.0-255,66,93452,69,126315
9288,0.008032,172.31.40.0-255,66,93518,69,126315
9289,0.008522,172.31.40.0-255,66,93584,69,126315
9290,0.008561,172.31.40.0-255,66,93650,69,126315
9291,0.009058,74.125.68.0-255,5738,99388,69,126315
9292,0.009063,172.31.40.0-255,66,99454,69,126315
9293,0.009102,172.31.40.0-255,66,99520,69,126315
9294,0.009112,74.125.68.0-255,1590,101110,69,126315
9295,0.009128,172.31.40.0-255,66,101176,69,126315
9296,0.009611,74.125.68.0-255,2902,104078,69,126315
9297,0.009616,172.31.40.0-255,66,104144,69,126315
9298,0.009664,172.31.40.0-255,66,104210,69,126315
9299,0.009724,172.31.40.0-255,66,104276,69,126315
9300,0.009839,74.125.68.0-255,5738,110014,69,126315
9301,0.00985,172.31.40.0-255,66,110080,69,126315
9302,0.00987,74.125.68.0-255,6891,116971,69,126315
9303,0.009905,172.31.40.0-255,66,117037,69,126315
9304,0.013318,172.31.40.0-255,105,117142,69,126315
9305,0.015601,74.125.68.0-255,66,117208,69,126315
9306,0.031134,172.31.40.0-255,172,117380,69,126315
9307,0.031167,172.31.40.0-255,1116,118496,69,126315
9308,0.031249,172.31.40.0-255,1514,120010,69,126315
9309,0.031251,172.31.40.0-255,1514,121524,69,126315
9310,0.031257,172.31.40.0-255,1514,123038,69,126315
9311,0.031258,172.31.40.0-255,1514,124552,69,126315
9312,0.031288,172.31.40.0-255,1499,126051,69,126315
9313,0.032731,104.244.42.0-255,66,126117,69,126315
9314,0.032764,104.244.42.0-255,66,126183,69,126315
9315,0.032827,104.244.42.0-255,66,126249,69,126315
9316,0.032886,104.244.42.0-255,66,126315,69,126315
9317,0.0,172.31.40.0-255,105,105,69,459
9318,0.000185,172.31.40.0-255,90,195,69,459
9319,0.000195,172.31.40.0-255,66,261,69,459
9320,0.002185,74.125.130.0-255,66,327,69,459
9321,0.002217,74.125.130.0-255,66,393,69,459
9322,0.002239,172.31.40.0-255,66,459,69,459
9323,0.0,172.217.24.0-255,153,153,69,244605
9324,2.4e-05,172.31.40.0-255,66,219,69,244605
9325,3.1e-05,172.217.24.0-255,1484,1703,69,244605
9326,3.6e-05,172.31.40.0-255,66,1769,69,244605
9327,3.9e-05,172.217.24.0-255,1484,3253,69,244605
9328,4.9e-05,172.31.40.0-255,66,3319,69,244605
9329,5.5e-05,172.217.24.0-255,2902,6221,69,244605
9330,5.9e-05,172.31.40.0-255,66,6287,69,244605
9331,6.8e-05,172.217.24.0-255,5738,12025,69,244605
9332,7.2e-05,172.31.40.0-255,66,12091,69,244605
9333,7.6e-05,172.217.24.0-255,2092,14183,69,244605
9334,7.9e-05,172.31.40.0-255,66,14249,69,244605
9335,0.000111,172.217.24.0-255,2902,17151,69,244605
9336,0.000114,172.31.40.0-255,66,17217,69,244605
9337,0.000125,172.217.24.0-255,1484,18701,69,244605
9338,0.000127,172.31.40.0-255,66,18767,69,244605
9339,0.000158,172.217.24.0-255,2902,21669,69,244605
9340,0.000161,172.31.40.0-255,66,21735,69,244605
9341,0.000168,172.217.24.0-255,5738,27473,69,244605
9342,0.00017,172.31.40.0-255,66,27539,69,244605
9343,0.00018,172.217.24.0-255,3961,31500,69,244605
9344,0.000182,172.31.40.0-255,66,31566,69,244605
9345,0.000283,172.217.24.0-255,1484,33050,69,244605
9346,0.000286,172.31.40.0-255,66,33116,69,244605
9347,0.00029,172.217.24.0-255,1484,34600,69,244605
9348,0.000292,172.31.40.0-255,66,34666,69,244605
9349,0.000312,172.217.24.0-255,1484,36150,69,244605
9350,0.000314,172.31.40.0-255,66,36216,69,244605
9351,0.000321,172.217.24.0-255,5738,41954,69,244605
9352,0.000328,172.31.40.0-255,66,42020,69,244605
9353,0.000336,172.217.24.0-255,6797,48817,69,244605
9354,0.000339,172.31.40.0-255,66,48883,69,244605
9355,0.000387,172.217.24.0-255,1484,50367,69,244605
9356,0.000393,172.217.24.0-255,2902,53269,69,244605
9357,0.000395,172.31.40.0-255,66,53335,69,244605
9358,0.000422,172.217.24.0-255,5738,59073,69,244605
9359,0.000424,172.31.40.0-255,66,59139,69,244605
9360,0.000432,172.217.24.0-255,5738,64877,69,244605
9361,0.000434,172.31.40.0-255,66,64943,69,244605
9362,0.000449,172.217.24.0-255,1125,66068,69,244605
9363,0.00094,172.217.24.0-255,356,66424,69,244605
9364,0.001102,172.31.40.0-255,66,66490,69,244605
9365,0.001274,172.217.24.0-255,386,66876,69,244605
9366,0.00138,172.217.24.0-255,1484,68360,69,244605
9367,0.001385,172.31.40.0-255,66,68426,69,244605
9368,0.001393,172.217.24.0-255,2902,71328,69,244605
9369,0.001395,172.31.40.0-255,66,71394,69,244605
9370,0.001425,172.217.24.0-255,5738,77132,69,244605
9371,0.001427,172.31.40.0-255,66,77198,69,244605
9372,0.001453,172.217.24.0-255,5738,82936,69,244605
9373,0.001455,172.31.40.0-255,66,83002,69,244605
9374,0.001478,172.217.24.0-255,1125,84127,69,244605
9375,0.001498,172.217.24.0-255,1484,85611,69,244605
9376,0.001501,172.31.40.0-255,66,85677,69,244605
9377,0.001505,172.217.24.0-255,2902,88579,69,244605
9378,0.001507,172.31.40.0-255,66,88645,69,244605
9379,0.001534,172.217.24.0-255,1484,90129,69,244605
9380,0.00154,172.217.24.0-255,5738,95867,69,244605
9381,0.001542,172.31.40.0-255,66,95933,69,244605
9382,0.001564,172.217.24.0-255,1484,97417,69,244605
9383,0.001575,172.217.24.0-255,1484,98901,69,244605
9384,0.001577,172.31.40.0-255,66,98967,69,244605
9385,0.001605,172.217.24.0-255,2543,101510,69,244605
9386,0.001607,172.31.40.0-255,66,101576,69,244605
9387,0.003614,172.217.24.0-255,2902,104478,69,244605
9388,0.003621,172.31.40.0-255,66,104544,69,244605
9389,0.00365,172.217.24.0-255,2902,107446,69,244605
9390,0.003653,172.31.40.0-255,66,107512,69,244605
9391,0.005663,172.217.24.0-255,2902,110414,69,244605
9392,0.005671,172.31.40.0-255,66,110480,69,244605
9393,0.005705,172.217.24.0-255,2902,113382,69,244605
9394,0.005708,172.31.40.0-255,66,113448,69,244605
9395,0.007712,172.217.24.0-255,2902,116350,69,244605
9396,0.007718,172.31.40.0-255,66,116416,69,244605
9397,0.007751,172.217.24.0-255,2902,119318,69,244605
9398,0.007754,172.31.40.0-255,66,119384,69,244605
9399,0.009764,172.217.24.0-255,2902,122286,69,244605
9400,0.00977,172.31.40.0-255,66,122352,69,244605
9401,0.009794,172.217.24.0-255,2902,125254,69,244605
9402,0.009796,172.31.40.0-255,66,125320,69,244605
9403,0.011808,172.217.24.0-255,2902,128222,69,244605
9404,0.011813,172.31.40.0-255,66,128288,69,244605
9405,0.011843,172.217.24.0-255,2902,131190,69,244605
9406,0.011846,172.31.40.0-255,66,131256,69,244605
9407,0.013869,172.217.24.0-255,2902,134158,69,244605
9408,0.013876,172.31.40.0-255,66,134224,69,244605
9409,0.013904,172.217.24.0-255,2902,137126,69,244605
9410,0.013906,172.31.40.0-255,66,137192,69,244605
9411,0.015946,172.217.24.0-255,2902,140094,69,244605
9412,0.015952,172.31.40.0-255,66,140160,69,244605
9413,0.01598,172.217.24.0-255,2902,143062,69,244605
9414,0.015982,172.31.40.0-255,66,143128,69,244605
9415,0.017994,172.217.24.0-255,2902,146030,69,244605
9416,0.018002,172.31.40.0-255,66,146096,69,244605
9417,0.018034,172.217.24.0-255,2902,148998,69,244605
9418,0.018038,172.31.40.0-255,66,149064,69,244605
9419,0.020057,172.217.24.0-255,2902,151966,69,244605
9420,0.020066,172.31.40.0-255,66,152032,69,244605
9421,0.020104,172.217.24.0-255,2902,154934,69,244605
9422,0.020106,172.31.40.0-255,66,155000,69,244605
9423,0.022117,172.217.24.0-255,2902,157902,69,244605
9424,0.022123,172.31.40.0-255,66,157968,69,244605
9425,0.02215,172.217.24.0-255,2902,160870,69,244605
9426,0.022153,172.31.40.0-255,66,160936,69,244605
9427,0.024165,172.217.24.0-255,2902,163838,69,244605
9428,0.024173,172.31.40.0-255,66,163904,69,244605
9429,0.02421,172.217.24.0-255,2902,166806,69,244605
9430,0.024213,172.31.40.0-255,66,166872,69,244605
9431,0.026214,172.217.24.0-255,2902,169774,69,244605
9432,0.026221,172.31.40.0-255,66,169840,69,244605
9433,0.026246,172.217.24.0-255,2902,172742,69,244605
9434,0.026249,172.31.40.0-255,66,172808,69,244605
9435,0.028265,172.217.24.0-255,2902,175710,69,244605
9436,0.028272,172.31.40.0-255,66,175776,69,244605
9437,0.028305,172.217.24.0-255,2902,178678,69,244605
9438,0.028308,172.31.40.0-255,66,178744,69,244605
9439,0.030313,172.217.24.0-255,2902,181646,69,244605
9440,0.03032,172.31.40.0-255,66,181712,69,244605
9441,0.03035,172.217.24.0-255,2902,184614,69,244605
9442,0.030353,172.31.40.0-255,66,184680,69,244605
9443,0.032399,172.217.24.0-255,5738,190418,69,244605
9444,0.032405,172.31.40.0-255,66,190484,69,244605
9445,0.034452,172.217.24.0-255,5738,196222,69,244605
9446,0.034459,172.31.40.0-255,66,196288,69,244605
9447,0.035136,172.31.40.0-255,172,196460,69,244605
9448,0.035165,172.31.40.0-255,1116,197576,69,244605
9449,0.035231,172.31.40.0-255,1514,199090,69,244605
9450,0.035234,172.31.40.0-255,1514,200604,69,244605
9451,0.03524,172.31.40.0-255,1514,202118,69,244605
9452,0.035241,172.31.40.0-255,1514,203632,69,244605
9453,0.03526,172.31.40.0-255,1499,205131,69,244605
9454,0.03652,172.217.24.0-255,5738,210869,69,244605
9455,0.036527,172.31.40.0-255,66,210935,69,244605
9456,0.036807,104.244.42.0-255,66,211001,69,244605
9457,0.036815,104.244.42.0-255,66,211067,69,244605
9458,0.036913,104.244.42.0-255,66,211133,69,244605
9459,0.038568,172.217.24.0-255,5738,216871,69,244605
9460,0.038574,172.31.40.0-255,66,216937,69,244605
9461,0.040616,172.217.24.0-255,5738,222675,69,244605
9462,0.040627,172.31.40.0-255,66,222741,69,244605
9463,0.042687,172.217.24.0-255,5738,228479,69,244605
9464,0.042695,172.31.40.0-255,66,228545,69,244605
9465,0.044744,172.217.24.0-255,5738,234283,69,244605
9466,0.04475,172.31.40.0-255,66,234349,69,244605
9467,0.046786,172.217.24.0-255,4320,238669,69,244605
9468,0.04679,172.31.40.0-255,66,238735,69,244605
9469,0.046814,172.217.24.0-255,1484,240219,69,244605
9470,0.048831,172.217.24.0-255,4320,244539,69,244605
9471,0.048836,172.31.40.0-255,66,244605,69,244605
9472,0.0,172.31.40.0-255,105,105,69,459
9473,0.000213,172.31.40.0-255,90,195,69,459
9474,0.000223,172.31.40.0-255,66,261,69,459
9475,0.002294,74.125.24.0-255,66,327,69,459
9476,0.002325,74.125.24.0-255,66,393,69,459
9477,0.002346,172.31.40.0-255,66,459,69,459
9478,0.0,74.125.24.0-255,143,143,69,316556
9479,2.2e-05,172.31.40.0-255,66,209,69,316556
9480,2.9e-05,74.125.24.0-255,1484,1693,69,316556
9481,3.4e-05,172.31.40.0-255,66,1759,69,316556
9482,3.9e-05,74.125.24.0-255,2902,4661,69,316556
9483,4.2e-05,172.31.40.0-255,66,4727,69,316556
9484,5.1e-05,74.125.24.0-255,7156,11883,69,316556
9485,5.5e-05,172.31.40.0-255,66,11949,69,316556
9486,5.9e-05,74.125.24.0-255,2103,14052,69,316556
9487,6.1e-05,172.31.40.0-255,66,14118,69,316556
9488,0.000181,74.125.24.0-255,1484,15602,69,316556
9489,0.000186,172.31.40.0-255,66,15668,69,316556
9490,0.000192,74.125.24.0-255,2902,18570,69,316556
9491,0.000194,172.31.40.0-255,66,18636,69,316556
9492,0.000217,74.125.24.0-255,5738,24374,69,316556
9493,0.00022,172.31.40.0-255,66,24440,69,316556
9494,0.000223,74.125.24.0-255,1484,25924,69,316556
9495,0.000225,172.31.40.0-255,66,25990,69,316556
9496,0.000249,74.125.24.0-255,5379,31369,69,316556
9497,0.000251,172.31.40.0-255,66,31435,69,316556
9498,0.000369,74.125.24.0-255,1484,32919,69,316556
9499,0.000373,172.31.40.0-255,66,32985,69,316556
9500,0.000378,74.125.24.0-255,2902,35887,69,316556
9501,0.00038,172.31.40.0-255,66,35953,69,316556
9502,0.000385,74.125.24.0-255,2902,38855,69,316556
9503,0.000387,172.31.40.0-255,66,38921,69,316556
9504,0.000408,74.125.24.0-255,2902,41823,69,316556
9505,0.000411,172.31.40.0-255,66,41889,69,316556
9506,0.000432,74.125.24.0-255,4320,46209,69,316556
9507,0.000434,172.31.40.0-255,66,46275,69,316556
9508,0.000457,74.125.24.0-255,2543,48818,69,316556
9509,0.000459,172.31.40.0-255,66,48884,69,316556
9510,0.000964,74.125.24.0-255,1484,50368,69,316556
9511,0.000974,74.125.24.0-255,2902,53270,69,316556
9512,0.000979,172.31.40.0-255,66,53336,69,316556
9513,0.000999,74.125.24.0-255,1484,54820,69,316556
9514,0.001014,74.125.24.0-255,4320,59140,69,316556
9515,0.001016,172.31.40.0-255,66,59206,69,316556
9516,0.001055,74.125.24.0-255,6797,66003,69,316556
9517,0.001058,172.31.40.0-255,66,66069,69,316556
9518,0.001078,74.125.24.0-255,1484,67553,69,316556
9519,0.001083,74.125.24.0-255,2902,70455,69,316556
9520,0.001086,172.31.40.0-255,66,70521,69,316556
9521,0.00111,74.125.24.0-255,5738,76259,69,316556
9522,0.001113,172.31.40.0-255,66,76325,69,316556
9523,0.001126,74.125.24.0-255,2902,79227,69,316556
9524,0.001129,172.31.40.0-255,66,79293,69,316556
9525,0.001147,74.125.24.0-255,4541,83834,69,316556
9526,0.00115,172.31.40.0-255,66,83900,69,316556
9527,0.001222,74.125.24.0-255,1484,85384,69,316556
9528,0.001226,74.125.24.0-255,1484,86868,69,316556
9529,0.001229,172.31.40.0-255,66,86934,69,316556
9530,0.001255,74.125.24.0-255,1484,88418,69,316556
9531,0.001262,74.125.24.0-255,5738,94156,69,316556
9532,0.001265,172.31.40.0-255,66,94222,69,316556
9533,0.001285,74.125.24.0-255,4320,98542,69,316556
9534,0.001288,172.31.40.0-255,66,98608,69,316556
9535,0.001302,74.125.24.0-255,2543,101151,69,316556
9536,0.001304,172.31.40.0-255,66,101217,69,316556
9537,0.00151,74.125.24.0-255,1484,102701,69,316556
9538,0.001518,74.125.24.0-255,2902,105603,69,316556
9539,0.001523,172.31.40.0-255,66,105669,69,316556
9540,0.001528,74.125.24.0-255,2902,108571,69,316556
9541,0.001531,172.31.40.0-255,66,108637,69,316556
9542,0.001547,74.125.24.0-255,2902,111539,69,316556
9543,0.001549,172.31.40.0-255,66,111605,69,316556
9544,0.001553,74.125.24.0-255,1484,113089,69,316556
9545,0.001557,74.125.24.0-255,2902,115991,69,316556
9546,0.001559,172.31.40.0-255,66,116057,69,316556
9547,0.001605,172.31.40.0-255,66,116123,69,316556
9548,0.001616,172.31.40.0-255,66,116189,69,316556
9549,0.002374,74.125.24.0-255,1484,117673,69,316556
9550,0.002381,74.125.24.0-255,2902,120575,69,316556
9551,0.002385,172.31.40.0-255,66,120641,69,316556
9552,0.002391,74.125.24.0-255,2902,123543,69,316556
9553,0.002394,172.31.40.0-255,66,123609,69,316556
9554,0.002412,74.125.24.0-255,2902,126511,69,316556
9555,0.002414,172.31.40.0-255,66,126577,69,316556
9556,0.002419,74.125.24.0-255,2902,129479,69,316556
9557,0.00242,172.31.40.0-255,66,129545,69,316556
9558,0.002425,74.125.24.0-255,2902,132447,69,316556
9559,0.002427,172.31.40.0-255,66,132513,69,316556
9560,0.002452,74.125.24.0-255,7156,139669,69,316556
9561,0.002454,172.31.40.0-255,66,139735,69,316556
9562,0.002461,74.125.24.0-255,5738,145473,69,316556
9563,0.002463,172.31.40.0-255,66,145539,69,316556
9564,0.002482,74.125.24.0-255,5020,150559,69,316556
9565,0.002485,172.31.40.0-255,66,150625,69,316556
9566,0.0025,74.125.24.0-255,2902,153527,69,316556
9567,0.002503,172.31.40.0-255,66,153593,69,316556
9568,0.002527,172.31.40.0-255,66,153659,69,316556
9569,0.002532,74.125.24.0-255,4320,157979,69,316556
9570,0.002534,172.31.40.0-255,66,158045,69,316556
9571,0.00256,172.31.40.0-255,66,158111,69,316556
9572,0.002571,172.31.40.0-255,66,158177,69,316556
9573,0.002795,74.125.24.0-255,1484,159661,69,316556
9574,0.002812,74.125.24.0-255,2902,162563,69,316556
9575,0.002814,172.31.40.0-255,66,162629,69,316556
9576,0.00282,74.125.24.0-255,4320,166949,69,316556
9577,0.002823,172.31.40.0-255,66,167015,69,316556
9578,0.002835,74.125.24.0-255,1484,168499,69,316556
9579,0.00284,74.125.24.0-255,4320,172819,69,316556
9580,0.002842,172.31.40.0-255,66,172885,69,316556
9581,0.002865,74.125.24.0-255,7156,180041,69,316556
9582,0.002867,172.31.40.0-255,66,180107,69,316556
9583,0.002883,74.125.24.0-255,4320,184427,69,316556
9584,0.002885,172.31.40.0-255,66,184493,69,316556
9585,0.00293,74.125.24.0-255,4320,188813,69,316556
9586,0.002932,172.31.40.0-255,66,188879,69,316556
9587,0.002956,74.125.24.0-255,5020,193899,69,316556
9588,0.002958,172.31.40.0-255,66,193965,69,316556
9589,0.002969,172.31.40.0-255,66,194031,69,316556
9590,0.002981,74.125.24.0-255,5738,199769,69,316556
9591,0.002983,172.31.40.0-255,66,199835,69,316556
9592,0.003052,172.31.40.0-255,66,199901,69,316556
9593,0.003059,74.125.24.0-255,7156,207057,69,316556
9594,0.003061,172.31.40.0-255,66,207123,69,316556
9595,0.003064,74.125.24.0-255,1484,208607,69,316556
9596,0.003109,172.31.40.0-255,66,208673,69,316556
9597,0.003135,74.125.24.0-255,4320,212993,69,316556
9598,0.003138,172.31.40.0-255,66,213059,69,316556
9599,0.003141,74.125.24.0-255,1484,214543,69,316556
9600,0.003148,74.125.24.0-255,7156,221699,69,316556
9601,0.003151,172.31.40.0-255,66,221765,69,316556
9602,0.003156,74.125.24.0-255,3602,225367,69,316556
9603,0.003159,172.31.40.0-255,66,225433,69,316556
9604,0.003189,74.125.24.0-255,4320,229753,69,316556
9605,0.003193,172.31.40.0-255,66,229819,69,316556
9606,0.0032,74.125.24.0-255,5738,235557,69,316556
9607,0.003202,172.31.40.0-255,66,235623,69,316556
9608,0.003217,74.125.24.0-255,4320,239943,69,316556
9609,0.00322,172.31.40.0-255,66,240009,69,316556
9610,0.003234,74.125.24.0-255,5738,245747,69,316556
9611,0.003237,172.31.40.0-255,66,245813,69,316556
9612,0.003267,74.125.24.0-255,1484,247297,69,316556
9613,0.00328,172.31.40.0-255,66,247363,69,316556
9614,0.003285,74.125.24.0-255,3602,250965,69,316556
9615,0.003287,172.31.40.0-255,66,251031,69,316556
9616,0.00331,74.125.24.0-255,4320,255351,69,316556
9617,0.003313,172.31.40.0-255,66,255417,69,316556
9618,0.003349,172.31.40.0-255,66,255483,69,316556
9619,0.003356,74.125.24.0-255,7156,262639,69,316556
9620,0.003359,172.31.40.0-255,66,262705,69,316556
9621,0.003376,74.125.24.0-255,7156,269861,69,316556
9622,0.003379,172.31.40.0-255,66,269927,69,316556
9623,0.003385,74.125.24.0-255,6438,276365,69,316556
9624,0.003388,172.31.40.0-255,66,276431,69,316556
9625,0.003432,74.125.24.0-255,1484,277915,69,316556
9626,0.003435,74.125.24.0-255,1484,279399,69,316556
9627,0.003438,172.31.40.0-255,66,279465,69,316556
9628,0.003465,74.125.24.0-255,1484,280949,69,316556
9629,0.003472,74.125.24.0-255,5738,286687,69,316556
9630,0.003475,172.31.40.0-255,66,286753,69,316556
9631,0.003479,74.125.24.0-255,2902,289655,69,316556
9632,0.003481,172.31.40.0-255,66,289721,69,316556
9633,0.003505,74.125.24.0-255,7156,296877,69,316556
9634,0.003508,172.31.40.0-255,66,296943,69,316556
9635,0.003552,172.31.40.0-255,66,297009,69,316556
9636,0.003575,74.125.24.0-255,5020,302029,69,316556
9637,0.003579,172.31.40.0-255,66,302095,69,316556
9638,0.00359,172.31.40.0-255,66,302161,69,316556
9639,0.003608,74.125.24.0-255,4746,306907,69,316556
9640,0.003611,172.31.40.0-255,66,306973,69,316556
9641,0.003614,74.125.24.0-255,105,307078,69,316556
9642,0.00662,172.31.40.0-255,66,307144,69,316556
9643,0.006661,172.31.40.0-255,105,307249,69,316556
9644,0.009252,74.125.24.0-255,66,307315,69,316556
9645,0.03502,172.31.40.0-255,240,307555,69,316556
9646,0.035053,172.31.40.0-255,1114,308669,69,316556
9647,0.035134,172.31.40.0-255,1514,310183,69,316556
9648,0.035135,172.31.40.0-255,1514,311697,69,316556
9649,0.035141,172.31.40.0-255,1514,313211,69,316556
9650,0.035142,172.31.40.0-255,1514,314725,69,316556
9651,0.035172,172.31.40.0-255,1501,316226,69,316556
9652,0.036523,104.244.42.0-255,66,316292,69,316556
9653,0.036618,104.244.42.0-255,66,316358,69,316556
9654,0.036678,104.244.42.0-255,66,316424,69,316556
9655,0.036763,104.244.42.0-255,66,316490,69,316556
9656,0.03678,104.244.42.0-255,66,316556,69,316556
9657,0.0,74.125.24.0-255,297,297,69,255248
9658,2.3e-05,172.31.40.0-255,66,363,69,255248
9659,2.8e-05,74.125.24.0-255,1484,1847,69,255248
9660,3.3e-05,172.31.40.0-255,66,1913,69,255248
9661,4e-05,74.125.24.0-255,4320,6233,69,255248
9662,4.4e-05,172.31.40.0-255,66,6299,69,255248
9663,5.6e-05,172.31.40.0-255,66,6365,69,255248
9664,6e-05,74.125.24.0-255,2902,9267,69,255248
9665,6.3e-05,172.31.40.0-255,66,9333,69,255248
9666,0.0001,172.31.40.0-255,66,9399,69,255248
9667,0.000104,74.125.24.0-255,2543,11942,69,255248
9668,0.000106,172.31.40.0-255,66,12008,69,255248
9669,0.000153,74.125.24.0-255,1484,13492,69,255248
9670,0.000156,172.31.40.0-255,66,13558,69,255248
9671,0.000169,74.125.24.0-255,2902,16460,69,255248
9672,0.000172,172.31.40.0-255,66,16526,69,255248
9673,0.000198,74.125.24.0-255,5738,22264,69,255248
9674,0.000201,172.31.40.0-255,66,22330,69,255248
9675,0.000204,74.125.24.0-255,1484,23814,69,255248
9676,0.000206,172.31.40.0-255,66,23880,69,255248
9677,0.000234,172.31.40.0-255,66,23946,69,255248
9678,0.000288,172.31.40.0-255,66,24012,69,255248
9679,0.000301,74.125.24.0-255,135,24147,69,255248
9680,0.000303,172.31.40.0-255,66,24213,69,255248
9681,0.000395,74.125.24.0-255,1484,25697,69,255248
9682,0.000399,172.31.40.0-255,66,25763,69,255248
9683,0.000404,74.125.24.0-255,2902,28665,69,255248
9684,0.000406,172.31.40.0-255,66,28731,69,255248
9685,0.000411,74.125.24.0-255,2902,31633,69,255248
9686,0.000413,172.31.40.0-255,66,31699,69,255248
9687,0.000433,74.125.24.0-255,2902,34601,69,255248
9688,0.000435,172.31.40.0-255,66,34667,69,255248
9689,0.00046,74.125.24.0-255,4320,38987,69,255248
9690,0.000462,172.31.40.0-255,66,39053,69,255248
9691,0.000474,74.125.24.0-255,2543,41596,69,255248
9692,0.000476,172.31.40.0-255,66,41662,69,255248
9693,0.000495,74.125.24.0-255,7156,48818,69,255248
9694,0.000498,172.31.40.0-255,66,48884,69,255248
9695,0.000534,172.31.40.0-255,66,48950,69,255248
9696,0.001254,74.125.24.0-255,1484,50434,69,255248
9697,0.001274,74.125.24.0-255,2902,53336,69,255248
9698,0.001278,172.31.40.0-255,66,53402,69,255248
9699,0.001286,74.125.24.0-255,5738,59140,69,255248
9700,0.001288,172.31.40.0-255,66,59206,69,255248
9701,0.001318,74.125.24.0-255,4320,63526,69,255248
9702,0.00132,172.31.40.0-255,66,63592,69,255248
9703,0.001345,172.31.40.0-255,66,63658,69,255248
9704,0.001355,172.31.40.0-255,66,63724,69,255248
9705,0.001371,74.125.24.0-255,2184,65908,69,255248
9706,0.001373,172.31.40.0-255,66,65974,69,255248
9707,0.001467,74.125.24.0-255,1484,67458,69,255248
9708,0.001473,74.125.24.0-255,2902,70360,69,255248
9709,0.001477,172.31.40.0-255,66,70426,69,255248
9710,0.001483,74.125.24.0-255,4320,74746,69,255248
9711,0.001484,172.31.40.0-255,66,74812,69,255248
9712,0.001497,74.125.24.0-255,1484,76296,69,255248
9713,0.001503,74.125.24.0-255,2902,79198,69,255248
9714,0.001505,172.31.40.0-255,66,79264,69,255248
9715,0.001535,172.31.40.0-255,66,79330,69,255248
9716,0.001546,172.31.40.0-255,66,79396,69,255248
9717,0.001566,74.125.24.0-255,766,80162,69,255248
9718,0.001595,74.125.24.0-255,1484,81646,69,255248
9719,0.001598,172.31.40.0-255,66,81712,69,255248
9720,0.001605,74.125.24.0-255,4320,86032,69,255248
9721,0.001607,172.31.40.0-255,66,86098,69,255248
9722,0.001627,74.125.24.0-255,2902,89000,69,255248
9723,0.00163,172.31.40.0-255,66,89066,69,255248
9724,0.001646,74.125.24.0-255,7156,96222,69,255248
9725,0.001649,172.31.40.0-255,66,96288,69,255248
9726,0.001652,74.125.24.0-255,1484,97772,69,255248
9727,0.001682,172.31.40.0-255,66,97838,69,255248
9728,0.001689,74.125.24.0-255,6438,104276,69,255248
9729,0.001692,172.31.40.0-255,66,104342,69,255248
9730,0.001757,74.125.24.0-255,1484,105826,69,255248
9731,0.001763,74.125.24.0-255,2902,108728,69,255248
9732,0.001766,172.31.40.0-255,66,108794,69,255248
9733,0.001769,74.125.24.0-255,1484,110278,69,255248
9734,0.001789,74.125.24.0-255,4320,114598,69,255248
9735,0.001791,172.31.40.0-255,66,114664,69,255248
9736,0.001795,74.125.24.0-255,2902,117566,69,255248
9737,0.001798,172.31.40.0-255,66,117632,69,255248
9738,0.00182,172.31.40.0-255,66,117698,69,255248
9739,0.001849,172.31.40.0-255,66,117764,69,255248
9740,0.001995,74.125.24.0-255,1484,119248,69,255248
9741,0.002001,74.125.24.0-255,2902,122150,69,255248
9742,0.002005,172.31.40.0-255,66,122216,69,255248
9743,0.002011,74.125.24.0-255,4320,126536,69,255248
9744,0.002013,172.31.40.0-255,66,126602,69,255248
9745,0.002026,74.125.24.0-255,1484,128086,69,255248
9746,0.002061,172.31.40.0-255,66,128152,69,255248
9747,0.002068,74.125.24.0-255,5738,133890,69,255248
9748,0.00207,172.31.40.0-255,66,133956,69,255248
9749,0.002093,172.31.40.0-255,66,134022,69,255248
9750,0.002106,172.31.40.0-255,66,134088,69,255248
9751,0.002138,74.125.24.0-255,2902,136990,69,255248
9752,0.00214,172.31.40.0-255,66,137056,69,255248
9753,0.002174,172.31.40.0-255,66,137122,69,255248
9754,0.004473,74.125.24.0-255,5738,142860,69,255248
9755,0.00448,172.31.40.0-255,66,142926,69,255248
9756,0.006815,74.125.24.0-255,5738,148664,69,255248
9757,0.006822,172.31.40.0-255,66,148730,69,255248
9758,0.009094,74.125.24.0-255,5738,154468,69,255248
9759,0.0091,172.31.40.0-255,66,154534,69,255248
9760,0.011401,74.125.24.0-255,5738,160272,69,255248
9761,0.011408,172.31.40.0-255,66,160338,69,255248
9762,0.013693,74.125.24.0-255,5738,166076,69,255248
9763,0.0137,172.31.40.0-255,66,166142,69,255248
9764,0.015995,74.125.24.0-255,5738,171880,69,255248
9765,0.016003,172.31.40.0-255,66,171946,69,255248
9766,0.018322,74.125.24.0-255,5738,177684,69,255248
9767,0.018331,172.31.40.0-255,66,177750,69,255248
9768,0.02062,74.125.24.0-255,5738,183488,69,255248
9769,0.020628,172.31.40.0-255,66,183554,69,255248
9770,0.022902,74.125.24.0-255,5738,189292,69,255248
9771,0.022909,172.31.40.0-255,66,189358,69,255248
9772,0.025189,74.125.24.0-255,5738,195096,69,255248
9773,0.025199,172.31.40.0-255,66,195162,69,255248
9774,0.027502,74.125.24.0-255,5738,200900,69,255248
9775,0.02751,172.31.40.0-255,66,200966,69,255248
9776,0.029801,74.125.24.0-255,5738,206704,69,255248
9777,0.02981,172.31.40.0-255,66,206770,69,255248
9778,0.032109,74.125.24.0-255,5738,212508,69,255248
9779,0.032118,172.31.40.0-255,66,212574,69,255248
9780,0.03443,74.125.24.0-255,5738,218312,69,255248
9781,0.034438,172.31.40.0-255,66,218378,69,255248
9782,0.036743,74.125.24.0-255,5738,224116,69,255248
9783,0.036751,172.31.40.0-255,66,224182,69,255248
9784,0.03722,172.31.40.0-255,172,224354,69,255248
9785,0.037251,172.31.40.0-255,1114,225468,69,255248
9786,0.03731,172.31.40.0-255,562,226030,69,255248
9787,0.038775,104.244.42.0-255,66,226096,69,255248
9788,0.038818,104.244.42.0-255,66,226162,69,255248
9789,0.038859,104.244.42.0-255,66,226228,69,255248
9790,0.039052,74.125.24.0-255,5738,231966,69,255248
9791,0.039059,172.31.40.0-255,66,232032,69,255248
9792,0.041364,74.125.24.0-255,5738,237770,69,255248
9793,0.041373,172.31.40.0-255,66,237836,69,255248
9794,0.043668,74.125.24.0-255,5738,243574,69,255248
9795,0.043675,172.31.40.0-255,66,243640,69,255248
9796,0.046035,74.125.24.0-255,5738,249378,69,255248
9797,0.046042,172.31.40.0-255,66,249444,69,255248
9798,0.048336,74.125.24.0-255,5738,255182,69,255248
9799,0.048343,172.31.40.0-255,66,255248,69,255248
9800,0.0,74.125.24.0-255,153,153,69,212846
9801,2.4e-05,172.31.40.0-255,66,219,69,212846
9802,3.1e-05,74.125.24.0-255,1484,1703,69,212846
9803,3.7e-05,172.31.40.0-255,66,1769,69,212846
9804,4.3e-05,74.125.24.0-255,2902,4671,69,212846
9805,5.3e-05,172.31.40.0-255,66,4737,69,212846
9806,6.2e-05,74.125.24.0-255,7156,11893,69,212846
9807,6.5e-05,172.31.40.0-255,66,11959,69,212846
9808,6.9e-05,74.125.24.0-255,2063,14022,69,212846
9809,7.1e-05,172.31.40.0-255,66,14088,69,212846
9810,7.6e-05,74.125.24.0-255,2902,16990,69,212846
9811,7.9e-05,172.31.40.0-255,66,17056,69,212846
9812,0.000109,172.31.40.0-255,66,17122,69,212846
9813,0.000115,74.125.24.0-255,5379,22501,69,212846
9814,0.000118,172.31.40.0-255,66,22567,69,212846
9815,0.000238,74.125.24.0-255,1484,24051,69,212846
9816,0.000242,172.31.40.0-255,66,24117,69,212846
9817,0.000246,74.125.24.0-255,1484,25601,69,212846
9818,0.000248,172.31.40.0-255,66,25667,69,212846
9819,0.000281,74.125.24.0-255,1484,27151,69,212846
9820,0.000283,172.31.40.0-255,66,27217,69,212846
9821,0.00029,74.125.24.0-255,5738,32955,69,212846
9822,0.000292,172.31.40.0-255,66,33021,69,212846
9823,0.000309,172.31.40.0-255,66,33087,69,212846
9824,0.000337,74.125.24.0-255,3961,37048,69,212846
9825,0.000344,172.31.40.0-255,66,37114,69,212846
9826,0.000355,172.31.40.0-255,66,37180,69,212846
9827,0.000358,74.125.24.0-255,1438,38618,69,212846
9828,0.00036,172.31.40.0-255,66,38684,69,212846
9829,0.000465,74.125.24.0-255,111,38795,69,212846
9830,0.000641,74.125.24.0-255,1484,40279,69,212846
9831,0.000657,74.125.24.0-255,2902,43181,69,212846
9832,0.000664,74.125.24.0-255,5738,48919,69,212846
9833,0.000683,172.31.40.0-255,66,48985,69,212846
9834,0.000699,74.125.24.0-255,5738,54723,69,212846
9835,0.000718,74.125.24.0-255,5379,60102,69,212846
9836,0.000739,74.125.24.0-255,1484,61586,69,212846
9837,0.000748,172.31.40.0-255,66,61652,69,212846
9838,0.000777,74.125.24.0-255,1125,62777,69,212846
9839,0.000826,74.125.24.0-255,328,63105,69,212846
9840,0.000905,74.125.24.0-255,1484,64589,69,212846
9841,0.000911,74.125.24.0-255,2902,67491,69,212846
9842,0.000928,172.31.40.0-255,66,67557,69,212846
9843,0.000947,74.125.24.0-255,5738,73295,69,212846
9844,0.00099,172.31.40.0-255,66,73361,69,212846
9845,0.001322,74.125.24.0-255,1484,74845,69,212846
9846,0.001329,74.125.24.0-255,2902,77747,69,212846
9847,0.001332,172.31.40.0-255,66,77813,69,212846
9848,0.001336,74.125.24.0-255,1484,79297,69,212846
9849,0.001362,74.125.24.0-255,4320,83617,69,212846
9850,0.001368,74.125.24.0-255,5738,89355,69,212846
9851,0.001378,172.31.40.0-255,66,89421,69,212846
9852,0.00142,74.125.24.0-255,5020,94441,69,212846
9853,0.001458,172.31.40.0-255,66,94507,69,212846
9854,0.002117,74.125.24.0-255,1484,95991,69,212846
9855,0.002125,74.125.24.0-255,2902,98893,69,212846
9856,0.002129,172.31.40.0-255,66,98959,69,212846
9857,0.002133,74.125.24.0-255,1484,100443,69,212846
9858,0.002167,74.125.24.0-255,4320,104763,69,212846
9859,0.002184,172.31.40.0-255,66,104829,69,212846
9860,0.002233,172.31.40.0-255,66,104895,69,212846
9861,0.004766,74.125.24.0-255,5738,110633,69,212846
9862,0.004776,172.31.40.0-255,66,110699,69,212846
9863,0.007304,74.125.24.0-255,5738,116437,69,212846
9864,0.008866,172.31.40.0-255,66,116503,69,212846
9865,0.011432,74.125.24.0-255,5738,122241,69,212846
9866,0.011443,172.31.40.0-255,66,122307,69,212846
9867,0.013962,74.125.24.0-255,5738,128045,69,212846
9868,0.014482,172.31.40.0-255,66,128111,69,212846
9869,0.017003,74.125.24.0-255,5738,133849,69,212846
9870,0.017019,172.31.40.0-255,66,133915,69,212846
9871,0.019571,74.125.24.0-255,5738,139653,69,212846
9872,0.019578,172.31.40.0-255,66,139719,69,212846
9873,0.022151,74.125.24.0-255,5738,145457,69,212846
9874,0.022163,172.31.40.0-255,66,145523,69,212846
9875,0.024716,74.125.24.0-255,5738,151261,69,212846
9876,0.024728,172.31.40.0-255,66,151327,69,212846
9877,0.027253,74.125.24.0-255,5738,157065,69,212846
9878,0.027264,172.31.40.0-255,66,157131,69,212846
9879,0.029838,74.125.24.0-255,5738,162869,69,212846
9880,0.029854,172.31.40.0-255,66,162935,69,212846
9881,0.0324,74.125.24.0-255,5738,168673,69,212846
9882,0.032413,172.31.40.0-255,66,168739,69,212846
9883,0.034977,74.125.24.0-255,5738,174477,69,212846
9884,0.03499,172.31.40.0-255,66,174543,69,212846
9885,0.037532,172.31.40.0-255,172,174715,69,212846
9886,0.037566,172.31.40.0-255,1114,175829,69,212846
9887,0.037608,74.125.24.0-255,5738,181567,69,212846
9888,0.037613,172.31.40.0-255,66,181633,69,212846
9889,0.037727,172.31.40.0-255,1514,183147,69,212846
9890,0.037729,172.31.40.0-255,1514,184661,69,212846
9891,0.037735,172.31.40.0-255,1514,186175,69,212846
9892,0.037736,172.31.40.0-255,1514,187689,69,212846
9893,0.037754,172.31.40.0-255,1503,189192,69,212846
9894,0.039086,104.244.42.0-255,66,189258,69,212846
9895,0.039096,104.244.42.0-255,66,189324,69,212846
9896,0.039296,104.244.42.0-255,66,189390,69,212846
9897,0.039304,104.244.42.0-255,66,189456,69,212846
9898,0.039729,104.244.42.0-255,108,189564,69,212846
9899,0.039739,172.31.40.0-255,66,189630,69,212846
9900,0.040161,74.125.24.0-255,5738,195368,69,212846
9901,0.040168,172.31.40.0-255,66,195434,69,212846
9902,0.042735,74.125.24.0-255,5738,201172,69,212846
9903,0.042742,172.31.40.0-255,66,201238,69,212846
9904,0.045264,74.125.24.0-255,5738,206976,69,212846
9905,0.045271,172.31.40.0-255,66,207042,69,212846
9906,0.047782,74.125.24.0-255,5738,212780,69,212846
9907,0.047788,172.31.40.0-255,66,212846,69,212846
9908,0.0,74.125.200.0-255,153,153,69,336273
9909,2.3e-05,172.31.40.0-255,66,219,69,336273
9910,3e-05,74.125.200.0-255,1484,1703,69,336273
9911,3.5e-05,172.31.40.0-255,66,1769,69,336273
9912,4.8e-05,74.125.200.0-255,2902,4671,69,336273
9913,5.3e-05,172.31.40.0-255,66,4737,69,336273
9914,6e-05,74.125.200.0-255,7156,11893,69,336273
9915,6.4e-05,172.31.40.0-255,66,11959,69,336273
9916,6.7e-05,74.125.200.0-255,2038,13997,69,336273
9917,6.9e-05,172.31.40.0-255,66,14063,69,336273
9918,0.000615,74.125.200.0-255,1484,15547,69,336273
9919,0.000621,172.31.40.0-255,66,15613,69,336273
9920,0.000674,74.125.200.0-255,1484,17097,69,336273
9921,0.000677,172.31.40.0-255,66,17163,69,336273
9922,0.000702,74.125.200.0-255,2902,20065,69,336273
9923,0.000704,172.31.40.0-255,66,20131,69,336273
9924,0.000722,74.125.200.0-255,2902,23033,69,336273
9925,0.000724,172.31.40.0-255,66,23099,69,336273
9926,0.000728,74.125.200.0-255,1484,24583,69,336273
9927,0.000729,172.31.40.0-255,66,24649,69,336273
9928,0.000754,74.125.200.0-255,2902,27551,69,336273
9929,0.00076,172.31.40.0-255,66,27617,69,336273
9930,0.00079,74.125.200.0-255,3961,31578,69,336273
9931,0.000793,172.31.40.0-255,66,31644,69,336273
9932,0.000934,74.125.200.0-255,1484,33128,69,336273
9933,0.000938,172.31.40.0-255,66,33194,69,336273
9934,0.000944,74.125.200.0-255,2902,36096,69,336273
9935,0.000946,172.31.40.0-255,66,36162,69,336273
9936,0.000949,74.125.200.0-255,1484,37646,69,336273
9937,0.000951,172.31.40.0-255,66,37712,69,336273
9938,0.00098,74.125.200.0-255,4320,42032,69,336273
9939,0.000983,172.31.40.0-255,66,42098,69,336273
9940,0.000987,74.125.200.0-255,4320,46418,69,336273
9941,0.000989,172.31.40.0-255,66,46484,69,336273
9942,0.001033,74.125.200.0-255,2902,49386,69,336273
9943,0.001036,172.31.40.0-255,66,49452,69,336273
9944,0.001065,74.125.200.0-255,2543,51995,69,336273
9945,0.001068,172.31.40.0-255,66,52061,69,336273
9946,0.001075,74.125.200.0-255,5738,57799,69,336273
9947,0.001077,172.31.40.0-255,66,57865,69,336273
9948,0.001084,74.125.200.0-255,2902,60767,69,336273
9949,0.001085,172.31.40.0-255,66,60833,69,336273
9950,0.001113,74.125.200.0-255,5686,66519,69,336273
9951,0.001115,172.31.40.0-255,66,66585,69,336273
9952,0.001138,74.125.200.0-255,115,66700,69,336273
9953,0.001178,74.125.200.0-255,329,67029,69,336273
9954,0.001452,74.125.200.0-255,1484,68513,69,336273
9955,0.001457,172.31.40.0-255,66,68579,69,336273
9956,0.001461,74.125.200.0-255,2902,71481,69,336273
9957,0.001463,172.31.40.0-255,66,71547,69,336273
9958,0.001481,74.125.200.0-255,4320,75867,69,336273
9959,0.001483,172.31.40.0-255,66,75933,69,336273
9960,0.0015,74.125.200.0-255,1484,77417,69,336273
9961,0.001503,74.125.200.0-255,1484,78901,69,336273
9962,0.001505,172.31.40.0-255,66,78967,69,336273
9963,0.001509,74.125.200.0-255,2902,81869,69,336273
9964,0.001511,172.31.40.0-255,66,81935,69,336273
9965,0.001513,74.125.200.0-255,1484,83419,69,336273
9966,0.001544,74.125.200.0-255,4320,87739,69,336273
9967,0.001546,172.31.40.0-255,66,87805,69,336273
9968,0.001549,74.125.200.0-255,1484,89289,69,336273
9969,0.001573,74.125.200.0-255,4320,93609,69,336273
9970,0.001575,172.31.40.0-255,66,93675,69,336273
9971,0.001581,74.125.200.0-255,5738,99413,69,336273
9972,0.001583,172.31.40.0-255,66,99479,69,336273
9973,0.001609,74.125.200.0-255,1484,100963,69,336273
9974,0.001612,74.125.200.0-255,766,101729,69,336273
9975,0.001614,172.31.40.0-255,66,101795,69,336273
9976,0.001816,74.125.200.0-255,1484,103279,69,336273
9977,0.001836,74.125.200.0-255,1484,104763,69,336273
9978,0.001838,172.31.40.0-255,66,104829,69,336273
9979,0.001887,74.125.200.0-255,1484,106313,69,336273
9980,0.001899,74.125.200.0-255,1484,107797,69,336273
9981,0.001901,172.31.40.0-255,66,107863,69,336273
9982,0.001904,74.125.200.0-255,1484,109347,69,336273
9983,0.001931,74.125.200.0-255,2902,112249,69,336273
9984,0.001933,172.31.40.0-255,66,112315,69,336273
9985,0.001966,74.125.200.0-255,5738,118053,69,336273
9986,0.001969,172.31.40.0-255,66,118119,69,336273
9987,0.001993,74.125.200.0-255,2902,121021,69,336273
9988,0.001995,172.31.40.0-255,66,121087,69,336273
9989,0.002,74.125.200.0-255,4320,125407,69,336273
9990,0.002002,172.31.40.0-255,66,125473,69,336273
9991,0.002011,74.125.200.0-255,5738,131211,69,336273
9992,0.002013,172.31.40.0-255,66,131277,69,336273
9993,0.002016,74.125.200.0-255,1484,132761,69,336273
9994,0.00202,74.125.200.0-255,2902,135663,69,336273
9995,0.002022,172.31.40.0-255,66,135729,69,336273
9996,0.002059,74.125.200.0-255,766,136495,69,336273
9997,0.002154,74.125.200.0-255,1484,137979,69,336273
9998,0.002156,172.31.40.0-255,66,138045,69,336273
9999,0.002159,74.125.200.0-255,1484,139529,69,336273
10000,0.00218,74.125.200.0-255,1484,141013,69,336273
10001,0.002182,172.31.40.0-255,66,141079,69,336273
10002,0.002188,74.125.200.0-255,5738,146817,69,336273
10003,0.002191,172.31.40.0-255,66,146883,69,336273
10004,0.002194,74.125.200.0-255,2902,149785,69,336273
10005,0.0022,172.31.40.0-255,66,149851,69,336273
10006,0.002219,74.125.200.0-255,1484,151335,69,336273
10007,0.002228,74.125.200.0-255,5738,157073,69,336273
10008,0.002231,172.31.40.0-255,66,157139,69,336273
10009,0.002243,74.125.200.0-255,1484,158623,69,336273
10010,0.002269,172.31.40.0-255,66,158689,69,336273
10011,0.002303,74.125.200.0-255,2184,160873,69,336273
10012,0.002305,172.31.40.0-255,66,160939,69,336273
10013,0.00233,74.125.200.0-255,2902,163841,69,336273
10014,0.002332,172.31.40.0-255,66,163907,69,336273
10015,0.002356,74.125.200.0-255,7156,171063,69,336273
10016,0.002359,172.31.40.0-255,66,171129,69,336273
10017,0.002393,74.125.200.0-255,1484,172613,69,336273
10018,0.002408,74.125.200.0-255,1484,174097,69,336273
10019,0.00241,172.31.40.0-255,66,174163,69,336273
10020,0.002436,74.125.200.0-255,1484,175647,69,336273
10021,0.002442,74.125.200.0-255,5738,181385,69,336273
10022,0.002444,172.31.40.0-255,66,181451,69,336273
10023,0.002446,74.125.200.0-255,1484,182935,69,336273
10024,0.002474,74.125.200.0-255,7156,190091,69,336273
10025,0.002477,172.31.40.0-255,66,190157,69,336273
10026,0.002499,74.125.200.0-255,5020,195177,69,336273
10027,0.002501,172.31.40.0-255,66,195243,69,336273
10028,0.002525,74.125.200.0-255,1484,196727,69,336273
10029,0.002539,74.125.200.0-255,4320,201047,69,336273
10030,0.002542,172.31.40.0-255,66,201113,69,336273
10031,0.002546,74.125.200.0-255,1484,202597,69,336273
10032,0.002572,74.125.200.0-255,4320,206917,69,336273
10033,0.002575,172.31.40.0-255,66,206983,69,336273
10034,0.00258,74.125.200.0-255,4320,211303,69,336273
10035,0.002583,172.31.40.0-255,66,211369,69,336273
10036,0.002605,74.125.200.0-255,2902,214271,69,336273
10037,0.002612,172.31.40.0-255,66,214337,69,336273
10038,0.002618,74.125.200.0-255,5738,220075,69,336273
10039,0.00262,172.31.40.0-255,66,220141,69,336273
10040,0.002661,74.125.200.0-255,4320,224461,69,336273
10041,0.002663,172.31.40.0-255,66,224527,69,336273
10042,0.002689,74.125.200.0-255,2902,227429,69,336273
10043,0.002692,172.31.40.0-255,66,227495,69,336273
10044,0.005328,74.125.200.0-255,5738,233233,69,336273
10045,0.005338,172.31.40.0-255,66,233299,69,336273
10046,0.007991,74.125.200.0-255,5738,239037,69,336273
10047,0.007999,172.31.40.0-255,66,239103,69,336273
10048,0.010655,74.125.200.0-255,5738,244841,69,336273
10049,0.010664,172.31.40.0-255,66,244907,69,336273
10050,0.013318,74.125.200.0-255,5738,250645,69,336273
10051,0.013327,172.31.40.0-255,66,250711,69,336273
10052,0.015968,74.125.200.0-255,4320,255031,69,336273
10053,0.015975,172.31.40.0-255,66,255097,69,336273
10054,0.016006,74.125.200.0-255,1484,256581,69,336273
10055,0.018634,74.125.200.0-255,4320,260901,69,336273
10056,0.018644,172.31.40.0-255,66,260967,69,336273
10057,0.021287,74.125.200.0-255,5738,266705,69,336273
10058,0.021294,172.31.40.0-255,66,266771,69,336273
10059,0.023949,74.125.200.0-255,5738,272509,69,336273
10060,0.023959,172.31.40.0-255,66,272575,69,336273
10061,0.026617,74.125.200.0-255,5738,278313,69,336273
10062,0.026625,172.31.40.0-255,66,278379,69,336273
10063,0.029266,74.125.200.0-255,5738,284117,69,336273
10064,0.029273,172.31.40.0-255,66,284183,69,336273
10065,0.031919,74.125.200.0-255,5738,289921,69,336273
10066,0.031925,172.31.40.0-255,66,289987,69,336273
10067,0.034605,74.125.200.0-255,5738,295725,69,336273
10068,0.034613,172.31.40.0-255,66,295791,69,336273
10069,0.035113,172.31.40.0-255,171,295962,69,336273
10070,0.035145,172.31.40.0-255,1140,297102,69,336273
10071,0.035209,172.31.40.0-255,1514,298616,69,336273
10072,0.035211,172.31.40.0-255,1514,300130,69,336273
10073,0.035216,172.31.40.0-255,1514,301644,69,336273
10074,0.035217,172.31.40.0-255,1514,303158,69,336273
10075,0.035238,172.31.40.0-255,1514,304672,69,336273
10076,0.035239,172.31.40.0-255,1514,306186,69,336273
10077,0.03526,172.31.40.0-255,101,306287,69,336273
10078,0.03676,104.244.42.0-255,66,306353,69,336273
10079,0.036851,104.244.42.0-255,66,306419,69,336273
10080,0.036919,104.244.42.0-255,66,306485,69,336273
10081,0.036924,104.244.42.0-255,66,306551,69,336273
10082,0.037268,74.125.200.0-255,5738,312289,69,336273
10083,0.037273,172.31.40.0-255,66,312355,69,336273
10084,0.039915,74.125.200.0-255,2902,315257,69,336273
10085,0.039922,172.31.40.0-255,66,315323,69,336273
10086,0.039951,74.125.200.0-255,2902,318225,69,336273
10087,0.039953,172.31.40.0-255,66,318291,69,336273
10088,0.042563,74.125.200.0-255,2902,321193,69,336273
10089,0.04257,172.31.40.0-255,66,321259,69,336273
10090,0.042602,74.125.200.0-255,2902,324161,69,336273
10091,0.042605,172.31.40.0-255,66,324227,69,336273
10092,0.042781,172.31.40.0-255,108,324335,69,336273
10093,0.044431,104.244.42.0-255,66,324401,69,336273
10094,0.045216,74.125.200.0-255,2902,327303,69,336273
10095,0.045224,172.31.40.0-255,66,327369,69,336273
10096,0.045259,74.125.200.0-255,2902,330271,69,336273
10097,0.045262,172.31.40.0-255,66,330337,69,336273
10098,0.047866,74.125.200.0-255,2902,333239,69,336273
10099,0.047877,172.31.40.0-255,66,333305,69,336273
10100,0.047909,74.125.200.0-255,2902,336207,69,336273
10101,0.047912,172.31.40.0-255,66,336273,69,336273
10102,0.0,74.125.24.0-255,153,153,69,261199
10103,2.1e-05,172.31.40.0-255,66,219,69,261199
10104,2.8e-05,74.125.24.0-255,1484,1703,69,261199
10105,3.2e-05,172.31.40.0-255,66,1769,69,261199
10106,3.7e-05,74.125.24.0-255,2902,4671,69,261199
10107,4e-05,172.31.40.0-255,66,4737,69,261199
10108,4.7e-05,74.125.24.0-255,7156,11893,69,261199
10109,5e-05,172.31.40.0-255,66,11959,69,261199
10110,5.7e-05,74.125.24.0-255,5738,17697,69,261199
10111,6e-05,172.31.40.0-255,66,17763,69,261199
10112,8.7e-05,74.125.24.0-255,4900,22663,69,261199
10113,9e-05,172.31.40.0-255,66,22729,69,261199
10114,0.000122,172.31.40.0-255,66,22795,69,261199
10115,0.000278,74.125.24.0-255,1484,24279,69,261199
10116,0.000281,172.31.40.0-255,66,24345,69,261199
10117,0.000299,74.125.24.0-255,2902,27247,69,261199
10118,0.000301,172.31.40.0-255,66,27313,69,261199
10119,0.000307,74.125.24.0-255,5738,33051,69,261199
10120,0.000309,172.31.40.0-255,66,33117,69,261199
10121,0.000354,74.125.24.0-255,5738,38855,69,261199
10122,0.000357,172.31.40.0-255,66,38921,69,261199
10123,0.000372,74.125.24.0-255,1125,40046,69,261199
10124,0.000374,172.31.40.0-255,66,40112,69,261199
10125,0.000431,74.125.24.0-255,1484,41596,69,261199
10126,0.000433,172.31.40.0-255,66,41662,69,261199
10127,0.000437,74.125.24.0-255,2902,44564,69,261199
10128,0.00044,172.31.40.0-255,66,44630,69,261199
10129,0.000463,74.125.24.0-255,5738,50368,69,261199
10130,0.000466,172.31.40.0-255,66,50434,69,261199
10131,0.000506,74.125.24.0-255,5738,56172,69,261199
10132,0.000509,172.31.40.0-255,66,56238,69,261199
10133,0.00053,74.125.24.0-255,1504,57742,69,261199
10134,0.000532,172.31.40.0-255,66,57808,69,261199
10135,0.000535,74.125.24.0-255,329,58137,69,261199
10136,0.000773,74.125.24.0-255,1484,59621,69,261199
10137,0.000777,172.31.40.0-255,66,59687,69,261199
10138,0.000782,74.125.24.0-255,2902,62589,69,261199
10139,0.000801,74.125.24.0-255,5738,68327,69,261199
10140,0.000803,74.125.24.0-255,1484,69811,69,261199
10141,0.000823,74.125.24.0-255,5738,75549,69,261199
10142,0.000863,74.125.24.0-255,1484,77033,69,261199
10143,0.000866,74.125.24.0-255,2184,79217,69,261199
10144,0.000977,172.31.40.0-255,66,79283,69,261199
10145,0.00102,74.125.24.0-255,1484,80767,69,261199
10146,0.001025,74.125.24.0-255,1484,82251,69,261199
10147,0.001035,74.125.24.0-255,1484,83735,69,261199
10148,0.001038,74.125.24.0-255,1484,85219,69,261199
10149,0.001054,172.31.40.0-255,66,85285,69,261199
10150,0.00106,74.125.24.0-255,4320,89605,69,261199
10151,0.001086,74.125.24.0-255,1484,91089,69,261199
10152,0.001091,172.31.40.0-255,66,91155,69,261199
10153,0.001113,74.125.24.0-255,1484,92639,69,261199
10154,0.001143,172.31.40.0-255,66,92705,69,261199
10155,0.001175,74.125.24.0-255,1484,94189,69,261199
10156,0.001181,74.125.24.0-255,2902,97091,69,261199
10157,0.001189,172.31.40.0-255,66,97157,69,261199
10158,0.001199,74.125.24.0-255,5738,102895,69,261199
10159,0.001208,172.31.40.0-255,66,102961,69,261199
10160,0.001221,74.125.24.0-255,2902,105863,69,261199
10161,0.001246,172.31.40.0-255,66,105929,69,261199
10162,0.001273,74.125.24.0-255,5738,111667,69,261199
10163,0.001277,172.31.40.0-255,66,111733,69,261199
10164,0.001294,74.125.24.0-255,6438,118171,69,261199
10165,0.001301,172.31.40.0-255,66,118237,69,261199
10166,0.001419,74.125.24.0-255,1484,119721,69,261199
10167,0.001424,74.125.24.0-255,2902,122623,69,261199
10168,0.00143,172.31.40.0-255,66,122689,69,261199
10169,0.001448,74.125.24.0-255,5738,128427,69,261199
10170,0.001463,74.125.24.0-255,5738,134165,69,261199
10171,0.001465,172.31.40.0-255,66,134231,69,261199
10172,0.001469,172.31.40.0-255,66,134297,69,261199
10173,0.001484,74.125.24.0-255,2902,137199,69,261199
10174,0.001491,172.31.40.0-255,66,137265,69,261199
10175,0.001555,74.125.24.0-255,1484,138749,69,261199
10176,0.001559,74.125.24.0-255,2902,141651,69,261199
10177,0.001564,172.31.40.0-255,66,141717,69,261199
10178,0.001573,74.125.24.0-255,4320,146037,69,261199
10179,0.001577,172.31.40.0-255,66,146103,69,261199
10180,0.001584,74.125.24.0-255,1484,147587,69,261199
10181,0.001597,74.125.24.0-255,1484,149071,69,261199
10182,0.001604,172.31.40.0-255,66,149137,69,261199
10183,0.001652,172.31.40.0-255,66,149203,69,261199
10184,0.001666,74.125.24.0-255,2184,151387,69,261199
10185,0.001676,172.31.40.0-255,66,151453,69,261199
10186,0.001793,74.125.24.0-255,1484,152937,69,261199
10187,0.001805,74.125.24.0-255,2902,155839,69,261199
10188,0.001807,74.125.24.0-255,1484,157323,69,261199
10189,0.001823,172.31.40.0-255,66,157389,69,261199
10190,0.001828,74.125.24.0-255,4320,161709,69,261199
10191,0.00183,74.125.24.0-255,1484,163193,69,261199
10192,0.001834,172.31.40.0-255,66,163259,69,261199
10193,0.001869,172.31.40.0-255,66,163325,69,261199
10194,0.001913,172.31.40.0-255,66,163391,69,261199
10195,0.002068,74.125.24.0-255,1484,164875,69,261199
10196,0.00209,74.125.24.0-255,2902,167777,69,261199
10197,0.002096,74.125.24.0-255,5738,173515,69,261199
10198,0.002103,172.31.40.0-255,66,173581,69,261199
10199,0.00211,74.125.24.0-255,1484,175065,69,261199
10200,0.002134,172.31.40.0-255,66,175131,69,261199
10201,0.002158,74.125.24.0-255,1484,176615,69,261199
10202,0.002166,74.125.24.0-255,7156,183771,69,261199
10203,0.002205,74.125.24.0-255,3602,187373,69,261199
10204,0.002212,172.31.40.0-255,66,187439,69,261199
10205,0.00227,74.125.24.0-255,1484,188923,69,261199
10206,0.002276,74.125.24.0-255,2902,191825,69,261199
10207,0.00228,172.31.40.0-255,66,191891,69,261199
10208,0.002293,74.125.24.0-255,5738,197629,69,261199
10209,0.00232,74.125.24.0-255,5738,203367,69,261199
10210,0.002322,172.31.40.0-255,66,203433,69,261199
10211,0.002328,172.31.40.0-255,66,203499,69,261199
10212,0.00235,74.125.24.0-255,7156,210655,69,261199
10213,0.002378,74.125.24.0-255,3602,214257,69,261199
10214,0.00238,172.31.40.0-255,66,214323,69,261199
10215,0.002385,172.31.40.0-255,66,214389,69,261199
10216,0.002404,74.125.24.0-255,4320,218709,69,261199
10217,0.002412,74.125.24.0-255,7156,225865,69,261199
10218,0.002418,172.31.40.0-255,66,225931,69,261199
10219,0.002432,74.125.24.0-255,2902,228833,69,261199
10220,0.002449,74.125.24.0-255,5738,234571,69,261199
10221,0.002454,172.31.40.0-255,66,234637,69,261199
10222,0.002503,172.31.40.0-255,66,234703,69,261199
10223,0.002536,172.31.40.0-255,66,234769,69,261199
10224,0.002561,74.125.24.0-255,2184,236953,69,261199
10225,0.002585,74.125.24.0-255,7156,244109,69,261199
10226,0.002591,172.31.40.0-255,66,244175,69,261199
10227,0.002609,74.125.24.0-255,5738,249913,69,261199
10228,0.002614,74.125.24.0-255,1671,251584,69,261199
10229,0.002617,74.125.24.0-255,97,251681,69,261199
10230,0.002648,172.31.40.0-255,66,251747,69,261199
10231,0.00521,74.125.24.0-255,105,251852,69,261199
10232,0.009546,172.31.40.0-255,66,251918,69,261199
10233,0.009592,172.31.40.0-255,105,252023,69,261199
10234,0.012157,74.125.24.0-255,66,252089,69,261199
10235,0.036264,172.31.40.0-255,172,252261,69,261199
10236,0.0363,172.31.40.0-255,1114,253375,69,261199
10237,0.036366,172.31.40.0-255,1514,254889,69,261199
10238,0.036368,172.31.40.0-255,1514,256403,69,261199
10239,0.036369,172.31.40.0-255,1514,257917,69,261199
10240,0.03637,172.31.40.0-255,1514,259431,69,261199
10241,0.0364,172.31.40.0-255,1504,260935,69,261199
10242,0.037747,104.244.42.0-255,66,261001,69,261199
10243,0.037783,104.244.42.0-255,66,261067,69,261199
10244,0.037901,104.244.42.0-255,66,261133,69,261199
10245,0.037927,104.244.42.0-255,66,261199,69,261199
10246,0.0,172.217.194.0-255,153,153,69,247848
10247,3.9e-05,172.31.40.0-255,66,219,69,247848
10248,5e-05,172.217.194.0-255,1484,1703,69,247848
10249,5.7e-05,172.31.40.0-255,66,1769,69,247848
10250,6.4e-05,172.217.194.0-255,2902,4671,69,247848
10251,6.8e-05,172.31.40.0-255,66,4737,69,247848
10252,7.8e-05,172.217.194.0-255,7156,11893,69,247848
10253,8.2e-05,172.31.40.0-255,66,11959,69,247848
10254,8.8e-05,172.217.194.0-255,2136,14095,69,247848
10255,9.1e-05,172.31.40.0-255,66,14161,69,247848
10256,9.7e-05,172.217.194.0-255,2902,17063,69,247848
10257,0.0001,172.31.40.0-255,66,17129,69,247848
10258,0.000108,172.217.194.0-255,5738,22867,69,247848
10259,0.000111,172.31.40.0-255,66,22933,69,247848
10260,0.000171,172.31.40.0-255,66,22999,69,247848
10261,0.000251,172.217.194.0-255,1484,24483,69,247848
10262,0.000254,172.31.40.0-255,66,24549,69,247848
10263,0.000258,172.217.194.0-255,1484,26033,69,247848
10264,0.00026,172.31.40.0-255,66,26099,69,247848
10265,0.000273,172.217.194.0-255,1484,27583,69,247848
10266,0.000275,172.31.40.0-255,66,27649,69,247848
10267,0.000286,172.217.194.0-255,5738,33387,69,247848
10268,0.000289,172.31.40.0-255,66,33453,69,247848
10269,0.000293,172.217.194.0-255,1484,34937,69,247848
10270,0.000294,172.31.40.0-255,66,35003,69,247848
10271,0.000337,172.31.40.0-255,66,35069,69,247848
10272,0.000356,172.31.40.0-255,66,35135,69,247848
10273,0.000471,172.217.194.0-255,647,35782,69,247848
10274,0.000474,172.31.40.0-255,66,35848,69,247848
10275,0.000567,172.217.194.0-255,1484,37332,69,247848
10276,0.000587,172.217.194.0-255,2902,40234,69,247848
10277,0.000591,172.217.194.0-255,1484,41718,69,247848
10278,0.000614,172.217.194.0-255,4320,46038,69,247848
10279,0.000634,172.217.194.0-255,5738,51776,69,247848
10280,0.000652,172.217.194.0-255,4320,56096,69,247848
10281,0.000686,172.217.194.0-255,2902,58998,69,247848
10282,0.000691,172.217.194.0-255,2184,61182,69,247848
10283,0.000798,172.31.40.0-255,66,61248,69,247848
10284,0.001023,172.217.194.0-255,1484,62732,69,247848
10285,0.00103,172.217.194.0-255,1484,64216,69,247848
10286,0.001043,172.31.40.0-255,66,64282,69,247848
10287,0.001048,172.217.194.0-255,1484,65766,69,247848
10288,0.001056,172.217.194.0-255,5738,71504,69,247848
10289,0.001063,172.31.40.0-255,66,71570,69,247848
10290,0.001078,172.217.194.0-255,5738,77308,69,247848
10291,0.001109,172.217.194.0-255,7156,84464,69,247848
10292,0.001121,172.217.194.0-255,766,85230,69,247848
10293,0.001124,172.31.40.0-255,66,85296,69,247848
10294,0.00114,172.31.40.0-255,66,85362,69,247848
10295,0.00128,172.217.194.0-255,1484,86846,69,247848
10296,0.001288,172.217.194.0-255,2902,89748,69,247848
10297,0.001307,172.217.194.0-255,5738,95486,69,247848
10298,0.001325,172.217.194.0-255,1484,96970,69,247848
10299,0.00134,172.217.194.0-255,5738,102708,69,247848
10300,0.001357,172.217.194.0-255,5738,108446,69,247848
10301,0.001367,172.217.194.0-255,5738,114184,69,247848
10302,0.001378,172.31.40.0-255,66,114250,69,247848
10303,0.001408,172.217.194.0-255,5020,119270,69,247848
10304,0.001416,172.31.40.0-255,66,119336,69,247848
10305,0.00342,172.217.194.0-255,5738,125074,69,247848
10306,0.003432,172.31.40.0-255,66,125140,69,247848
10307,0.005427,172.217.194.0-255,4320,129460,69,247848
10308,0.005446,172.217.194.0-255,1484,130944,69,247848
10309,0.008213,172.31.40.0-255,66,131010,69,247848
10310,0.010182,172.217.194.0-255,5738,136748,69,247848
10311,0.010195,172.31.40.0-255,66,136814,69,247848
10312,0.012203,172.217.194.0-255,5738,142552,69,247848
10313,0.013633,172.31.40.0-255,66,142618,69,247848
10314,0.01563,172.217.194.0-255,2902,145520,69,247848
10315,0.015642,172.31.40.0-255,66,145586,69,247848
10316,0.015665,172.217.194.0-255,2902,148488,69,247848
10317,0.015707,172.31.40.0-255,66,148554,69,247848
10318,0.017603,172.217.194.0-255,2902,151456,69,247848
10319,0.017616,172.31.40.0-255,66,151522,69,247848
10320,0.017676,172.217.194.0-255,2902,154424,69,247848
10321,0.018203,172.31.40.0-255,66,154490,69,247848
10322,0.019639,172.217.194.0-255,2902,157392,69,247848
10323,0.019648,172.31.40.0-255,66,157458,69,247848
10324,0.020189,172.217.194.0-255,2902,160360,69,247848
10325,0.020196,172.31.40.0-255,66,160426,69,247848
10326,0.02163,172.217.194.0-255,2902,163328,69,247848
10327,0.021637,172.31.40.0-255,66,163394,69,247848
10328,0.022213,172.217.194.0-255,2902,166296,69,247848
10329,0.02222,172.31.40.0-255,66,166362,69,247848
10330,0.023599,172.217.194.0-255,2902,169264,69,247848
10331,0.023607,172.31.40.0-255,66,169330,69,247848
10332,0.024211,172.217.194.0-255,2902,172232,69,247848
10333,0.024217,172.31.40.0-255,66,172298,69,247848
10334,0.025561,172.31.40.0-255,167,172465,69,247848
10335,0.025595,172.217.194.0-255,2902,175367,69,247848
10336,0.025601,172.31.40.0-255,66,175433,69,247848
10337,0.025633,172.31.40.0-255,1111,176544,69,247848
10338,0.025703,172.31.40.0-255,1514,178058,69,247848
10339,0.025705,172.31.40.0-255,1514,179572,69,247848
10340,0.025706,172.31.40.0-255,1514,181086,69,247848
10341,0.025707,172.31.40.0-255,1514,182600,69,247848
10342,0.025708,172.31.40.0-255,546,183146,69,247848
10343,0.026229,172.217.194.0-255,2902,186048,69,247848
10344,0.026237,172.31.40.0-255,66,186114,69,247848
10345,0.027131,104.244.42.0-255,66,186180,69,247848
10346,0.027216,104.244.42.0-255,66,186246,69,247848
10347,0.027309,104.244.42.0-255,66,186312,69,247848
10348,0.027324,104.244.42.0-255,66,186378,69,247848
10349,0.027613,172.217.194.0-255,2902,189280,69,247848
10350,0.027631,172.31.40.0-255,66,189346,69,247848
10351,0.02823,172.217.194.0-255,2902,192248,69,247848
10352,0.028238,172.31.40.0-255,66,192314,69,247848
10353,0.029646,172.217.194.0-255,2902,195216,69,247848
10354,0.029656,172.31.40.0-255,66,195282,69,247848
10355,0.030236,172.217.194.0-255,2902,198184,69,247848
10356,0.030494,172.31.40.0-255,66,198250,69,247848
10357,0.031635,172.217.194.0-255,2902,201152,69,247848
10358,0.031644,172.31.40.0-255,66,201218,69,247848
10359,0.032501,172.217.194.0-255,2902,204120,69,247848
10360,0.032507,172.31.40.0-255,66,204186,69,247848
10361,0.033632,172.217.194.0-255,2902,207088,69,247848
10362,0.033643,172.31.40.0-255,66,207154,69,247848
10363,0.034488,172.217.194.0-255,2902,210056,69,247848
10364,0.035633,172.217.194.0-255,2902,212958,69,247848
10365,0.037278,172.31.40.0-255,66,213024,69,247848
10366,0.039289,172.217.194.0-255,5738,218762,69,247848
10367,0.039307,172.31.40.0-255,66,218828,69,247848
10368,0.041331,172.217.194.0-255,5738,224566,69,247848
10369,0.041349,172.31.40.0-255,66,224632,69,247848
10370,0.043361,172.217.194.0-255,5738,230370,69,247848
10371,0.043375,172.31.40.0-255,66,230436,69,247848
10372,0.04537,172.217.194.0-255,5738,236174,69,247848
10373,0.045377,172.31.40.0-255,66,236240,69,247848
10374,0.047358,172.217.194.0-255,5738,241978,69,247848
10375,0.047366,172.31.40.0-255,66,242044,69,247848
10376,0.049389,172.217.194.0-255,5738,247782,69,247848
10377,0.049395,172.31.40.0-255,66,247848,69,247848
10378,0.0,74.125.68.0-255,148,148,69,304756
10379,1.4e-05,172.31.40.0-255,66,214,69,304756
10380,2e-05,74.125.68.0-255,1484,1698,69,304756
10381,2.4e-05,172.31.40.0-255,66,1764,69,304756
10382,2.9e-05,74.125.68.0-255,2902,4666,69,304756
10383,3.7e-05,172.31.40.0-255,66,4732,69,304756
10384,4.3e-05,74.125.68.0-255,4320,9052,69,304756
10385,4.6e-05,172.31.40.0-255,66,9118,69,304756
10386,7.9e-05,74.125.68.0-255,2902,12020,69,304756
10387,8.1e-05,172.31.40.0-255,66,12086,69,304756
10388,9.3e-05,74.125.68.0-255,2074,14160,69,304756
10389,9.9e-05,172.31.40.0-255,66,14226,69,304756
10390,0.000122,74.125.68.0-255,2902,17128,69,304756
10391,0.000124,172.31.40.0-255,66,17194,69,304756
10392,0.00016,74.125.68.0-255,7156,24350,69,304756
10393,0.000162,172.31.40.0-255,66,24416,69,304756
10394,0.000167,74.125.68.0-255,2902,27318,69,304756
10395,0.000172,172.31.40.0-255,66,27384,69,304756
10396,0.00021,74.125.68.0-255,3961,31345,69,304756
10397,0.000212,172.31.40.0-255,66,31411,69,304756
10398,0.000257,74.125.68.0-255,1484,32895,69,304756
10399,0.00026,172.31.40.0-255,66,32961,69,304756
10400,0.000263,74.125.68.0-255,1484,34445,69,304756
10401,0.000264,172.31.40.0-255,66,34511,69,304756
10402,0.000288,74.125.68.0-255,1484,35995,69,304756
10403,0.00029,172.31.40.0-255,66,36061,69,304756
10404,0.0003,74.125.68.0-255,5738,41799,69,304756
10405,0.000302,172.31.40.0-255,66,41865,69,304756
10406,0.000307,74.125.68.0-255,4320,46185,69,304756
10407,0.000309,172.31.40.0-255,66,46251,69,304756
10408,0.00034,74.125.68.0-255,5379,51630,69,304756
10409,0.000343,172.31.40.0-255,66,51696,69,304756
10410,0.000356,74.125.68.0-255,2902,54598,69,304756
10411,0.000374,74.125.68.0-255,7156,61754,69,304756
10412,0.000404,74.125.68.0-255,2902,64656,69,304756
10413,0.000414,74.125.68.0-255,1400,66056,69,304756
10414,0.000512,172.31.40.0-255,66,66122,69,304756
10415,0.000668,74.125.68.0-255,132,66254,69,304756
10416,0.000788,74.125.68.0-255,1484,67738,69,304756
10417,0.000791,172.31.40.0-255,66,67804,69,304756
10418,0.000797,74.125.68.0-255,2902,70706,69,304756
10419,0.000814,172.31.40.0-255,66,70772,69,304756
10420,0.000833,74.125.68.0-255,4320,75092,69,304756
10421,0.000843,172.31.40.0-255,66,75158,69,304756
10422,0.000859,74.125.68.0-255,1484,76642,69,304756
10423,0.000892,74.125.68.0-255,4320,80962,69,304756
10424,0.000895,172.31.40.0-255,66,81028,69,304756
10425,0.000924,74.125.68.0-255,2902,83930,69,304756
10426,0.00093,172.31.40.0-255,66,83996,69,304756
10427,0.000962,172.31.40.0-255,66,84062,69,304756
10428,0.000964,74.125.68.0-255,345,84407,69,304756
10429,0.001299,172.31.40.0-255,66,84473,69,304756
10430,0.001406,74.125.68.0-255,1484,85957,69,304756
10431,0.001421,74.125.68.0-255,2902,88859,69,304756
10432,0.001435,74.125.68.0-255,4320,93179,69,304756
10433,0.00145,74.125.68.0-255,1484,94663,69,304756
10434,0.001468,74.125.68.0-255,7156,101819,69,304756
10435,0.001473,74.125.68.0-255,5738,107557,69,304756
10436,0.001497,74.125.68.0-255,4320,111877,69,304756
10437,0.001517,74.125.68.0-255,2902,114779,69,304756
10438,0.001533,74.125.68.0-255,3602,118381,69,304756
10439,0.001594,74.125.68.0-255,1484,119865,69,304756
10440,0.001599,74.125.68.0-255,2902,122767,69,304756
10441,0.001606,74.125.68.0-255,5738,128505,69,304756
10442,0.001654,74.125.68.0-255,2902,131407,69,304756
10443,0.00167,74.125.68.0-255,7156,138563,69,304756
10444,0.001674,74.125.68.0-255,2902,141465,69,304756
10445,0.00169,74.125.68.0-255,2184,143649,69,304756
10446,0.001736,74.125.68.0-255,1484,145133,69,304756
10447,0.001749,74.125.68.0-255,2902,148035,69,304756
10448,0.001769,74.125.68.0-255,4320,152355,69,304756
10449,0.001781,74.125.68.0-255,1484,153839,69,304756
10450,0.001786,74.125.68.0-255,2902,156741,69,304756
10451,0.001789,74.125.68.0-255,1484,158225,69,304756
10452,0.001801,74.125.68.0-255,4320,162545,69,304756
10453,0.001816,74.125.68.0-255,4320,166865,69,304756
10454,0.001831,74.125.68.0-255,4320,171185,69,304756
10455,0.001846,74.125.68.0-255,6438,177623,69,304756
10456,0.00656,172.31.40.0-255,66,177689,69,304756
10457,0.008636,74.125.68.0-255,5738,183427,69,304756
10458,0.008644,172.31.40.0-255,66,183493,69,304756
10459,0.010664,74.125.68.0-255,5738,189231,69,304756
10460,0.010672,172.31.40.0-255,66,189297,69,304756
10461,0.012707,74.125.68.0-255,5738,195035,69,304756
10462,0.012714,172.31.40.0-255,66,195101,69,304756
10463,0.014726,74.125.68.0-255,5738,200839,69,304756
10464,0.014732,172.31.40.0-255,66,200905,69,304756
10465,0.01677,74.125.68.0-255,5738,206643,69,304756
10466,0.016776,172.31.40.0-255,66,206709,69,304756
10467,0.018797,74.125.68.0-255,5738,212447,69,304756
10468,0.018803,172.31.40.0-255,66,212513,69,304756
10469,0.020822,74.125.68.0-255,4320,216833,69,304756
10470,0.02083,172.31.40.0-255,66,216899,69,304756
10471,0.020859,74.125.68.0-255,1484,218383,69,304756
10472,0.022842,74.125.68.0-255,4320,222703,69,304756
10473,0.02285,172.31.40.0-255,66,222769,69,304756
10474,0.024911,74.125.68.0-255,5738,228507,69,304756
10475,0.025241,172.31.40.0-255,66,228573,69,304756
10476,0.027293,74.125.68.0-255,5738,234311,69,304756
10477,0.027301,172.31.40.0-255,66,234377,69,304756
10478,0.029347,74.125.68.0-255,5738,240115,69,304756
10479,0.029354,172.31.40.0-255,66,240181,69,304756
10480,0.03137,74.125.68.0-255,5738,245919,69,304756
10481,0.031377,172.31.40.0-255,66,245985,69,304756
10482,0.032768,172.31.40.0-255,172,246157,69,304756
10483,0.032796,172.31.40.0-255,1116,247273,69,304756
10484,0.032857,172.31.40.0-255,1514,248787,69,304756
10485,0.032859,172.31.40.0-255,1514,250301,69,304756
10486,0.03286,172.31.40.0-255,1514,251815,69,304756
10487,0.032864,172.31.40.0-255,1514,253329,69,304756
10488,0.032865,172.31.40.0-255,1499,254828,69,304756
10489,0.033381,74.125.68.0-255,1484,256312,69,304756
10490,0.033404,74.125.68.0-255,4320,260632,69,304756
10491,0.033408,172.31.40.0-255,66,260698,69,304756
10492,0.034343,104.244.42.0-255,66,260764,69,304756
10493,0.034424,104.244.42.0-255,66,260830,69,304756
10494,0.034471,104.244.42.0-255,66,260896,69,304756
10495,0.035429,74.125.68.0-255,5738,266634,69,304756
10496,0.035436,172.31.40.0-255,66,266700,69,304756
10497,0.037465,74.125.68.0-255,5738,272438,69,304756
10498,0.037472,172.31.40.0-255,66,272504,69,304756
10499,0.03951,74.125.68.0-255,5738,278242,69,304756
10500,0.039517,172.31.40.0-255,66,278308,69,304756
10501,0.041609,74.125.68.0-255,5738,284046,69,304756
10502,0.041617,172.31.40.0-255,66,284112,69,304756
10503,0.043652,74.125.68.0-255,5738,289850,69,304756
10504,0.04366,172.31.40.0-255,66,289916,69,304756
10505,0.045679,74.125.68.0-255,2902,292818,69,304756
10506,0.045685,172.31.40.0-255,66,292884,69,304756
10507,0.045714,74.125.68.0-255,2902,295786,69,304756
10508,0.046128,172.31.40.0-255,66,295852,69,304756
10509,0.047705,74.125.68.0-255,2902,298754,69,304756
10510,0.047712,172.31.40.0-255,66,298820,69,304756
10511,0.048163,74.125.68.0-255,2902,301722,69,304756
10512,0.04817,172.31.40.0-255,66,301788,69,304756
10513,0.04973,74.125.68.0-255,2902,304690,69,304756
10514,0.049736,172.31.40.0-255,66,304756,69,304756
10515,0.0,172.217.194.0-255,153,153,69,247725
10516,2.5e-05,172.31.40.0-255,66,219,69,247725
10517,3.3e-05,172.217.194.0-255,1484,1703,69,247725
10518,3.7e-05,172.31.40.0-255,66,1769,69,247725
10519,4.3e-05,172.217.194.0-255,2902,4671,69,247725
10520,4.7e-05,172.31.40.0-255,66,4737,69,247725
10521,5.5e-05,172.217.194.0-255,7156,11893,69,247725
10522,5.8e-05,172.31.40.0-255,66,11959,69,247725
10523,6.2e-05,172.217.194.0-255,2030,13989,69,247725
10524,6.5e-05,172.31.40.0-255,66,14055,69,247725
10525,6.9e-05,172.217.194.0-255,2902,16957,69,247725
10526,7.2e-05,172.31.40.0-255,66,17023,69,247725
10527,8e-05,172.217.194.0-255,7156,24179,69,247725
10528,8.3e-05,172.31.40.0-255,66,24245,69,247725
10529,0.000131,172.217.194.0-255,2902,27147,69,247725
10530,0.000135,172.31.40.0-255,66,27213,69,247725
10531,0.000166,172.31.40.0-255,66,27279,69,247725
10532,0.000177,172.31.40.0-255,66,27345,69,247725
10533,0.000209,172.217.194.0-255,1484,28829,69,247725
10534,0.000212,172.31.40.0-255,66,28895,69,247725
10535,0.000217,172.217.194.0-255,2902,31797,69,247725
10536,0.000219,172.31.40.0-255,66,31863,69,247725
10537,0.000241,172.217.194.0-255,1484,33347,69,247725
10538,0.000244,172.31.40.0-255,66,33413,69,247725
10539,0.000269,172.217.194.0-255,4320,37733,69,247725
10540,0.000272,172.31.40.0-255,66,37799,69,247725
10541,0.00028,172.217.194.0-255,6797,44596,69,247725
10542,0.000282,172.31.40.0-255,66,44662,69,247725
10543,0.000314,172.217.194.0-255,1484,46146,69,247725
10544,0.000317,172.31.40.0-255,66,46212,69,247725
10545,0.000331,172.217.194.0-255,1484,47696,69,247725
10546,0.000352,172.217.194.0-255,1484,49180,69,247725
10547,0.000355,172.31.40.0-255,66,49246,69,247725
10548,0.000362,172.217.194.0-255,5738,54984,69,247725
10549,0.000364,172.31.40.0-255,66,55050,69,247725
10550,0.00037,172.217.194.0-255,4320,59370,69,247725
10551,0.000372,172.31.40.0-255,66,59436,69,247725
10552,0.000377,172.217.194.0-255,4320,63756,69,247725
10553,0.00038,172.31.40.0-255,66,63822,69,247725
10554,0.000405,172.217.194.0-255,7156,70978,69,247725
10555,0.000408,172.31.40.0-255,66,71044,69,247725
10556,0.000442,172.217.194.0-255,1484,72528,69,247725
10557,0.000468,172.217.194.0-255,6438,78966,69,247725
10558,0.000471,172.31.40.0-255,66,79032,69,247725
10559,0.000533,172.217.194.0-255,1484,80516,69,247725
10560,0.000553,172.217.194.0-255,2902,83418,69,247725
10561,0.000555,172.217.194.0-255,1484,84902,69,247725
10562,0.000573,172.217.194.0-255,2902,87804,69,247725
10563,0.00058,172.217.194.0-255,5738,93542,69,247725
10564,0.000658,172.31.40.0-255,66,93608,69,247725
10565,0.00067,172.217.194.0-255,2902,96510,69,247725
10566,0.000675,172.31.40.0-255,66,96576,69,247725
10567,0.000705,172.217.194.0-255,1125,97701,69,247725
10568,0.000708,172.217.194.0-255,1484,99185,69,247725
10569,0.000729,172.31.40.0-255,66,99251,69,247725
10570,0.000742,172.217.194.0-255,5738,104989,69,247725
10571,0.000761,172.31.40.0-255,66,105055,69,247725
10572,0.000777,172.217.194.0-255,4320,109375,69,247725
10573,0.000804,172.31.40.0-255,66,109441,69,247725
10574,0.000812,172.217.194.0-255,1484,110925,69,247725
10575,0.000815,172.217.194.0-255,766,111691,69,247725
10576,0.00082,172.31.40.0-255,66,111757,69,247725
10577,0.000874,172.217.194.0-255,1484,113241,69,247725
10578,0.00088,172.217.194.0-255,2902,116143,69,247725
10579,0.000885,172.31.40.0-255,66,116209,69,247725
10580,0.000909,172.217.194.0-255,5738,121947,69,247725
10581,0.000914,172.217.194.0-255,2902,124849,69,247725
10582,0.00093,172.217.194.0-255,3961,128810,69,247725
10583,0.000933,172.217.194.0-255,1484,130294,69,247725
10584,0.000936,172.31.40.0-255,66,130360,69,247725
10585,0.000942,172.31.40.0-255,66,130426,69,247725
10586,0.000962,172.217.194.0-255,2543,132969,69,247725
10587,0.000982,172.31.40.0-255,66,133035,69,247725
10588,0.001057,172.217.194.0-255,1484,134519,69,247725
10589,0.001071,172.217.194.0-255,2902,137421,69,247725
10590,0.001076,172.217.194.0-255,2902,140323,69,247725
10591,0.001095,172.217.194.0-255,2902,143225,69,247725
10592,0.001107,172.31.40.0-255,66,143291,69,247725
10593,0.001113,172.217.194.0-255,4320,147611,69,247725
10594,0.001119,172.31.40.0-255,66,147677,69,247725
10595,0.001201,172.217.194.0-255,1484,149161,69,247725
10596,0.001209,172.217.194.0-255,1484,150645,69,247725
10597,0.001214,172.31.40.0-255,66,150711,69,247725
10598,0.001235,172.217.194.0-255,1484,152195,69,247725
10599,0.001241,172.217.194.0-255,5738,157933,69,247725
10600,0.001255,172.217.194.0-255,4320,162253,69,247725
10601,0.001259,172.31.40.0-255,66,162319,69,247725
10602,0.001264,172.31.40.0-255,66,162385,69,247725
10603,0.001274,172.217.194.0-255,7156,169541,69,247725
10604,0.001294,172.217.194.0-255,2543,172084,69,247725
10605,0.001326,172.31.40.0-255,66,172150,69,247725
10606,0.001334,172.217.194.0-255,7156,179306,69,247725
10607,0.001341,172.31.40.0-255,66,179372,69,247725
10608,0.001377,172.217.194.0-255,2902,182274,69,247725
10609,0.001395,172.217.194.0-255,7156,189430,69,247725
10610,0.0014,172.31.40.0-255,66,189496,69,247725
10611,0.00141,172.217.194.0-255,5738,195234,69,247725
10612,0.001425,172.217.194.0-255,2902,198136,69,247725
10613,0.001441,172.217.194.0-255,4320,202456,69,247725
10614,0.001449,172.31.40.0-255,66,202522,69,247725
10615,0.001472,172.31.40.0-255,66,202588,69,247725
10616,0.001476,172.217.194.0-255,1484,204072,69,247725
10617,0.001493,172.217.194.0-255,2902,206974,69,247725
10618,0.001496,172.217.194.0-255,1484,208458,69,247725
10619,0.001511,172.217.194.0-255,4320,212778,69,247725
10620,0.001521,172.31.40.0-255,66,212844,69,247725
10621,0.001545,172.31.40.0-255,66,212910,69,247725
10622,0.00158,172.217.194.0-255,1484,214394,69,247725
10623,0.001639,172.217.194.0-255,1484,215878,69,247725
10624,0.001644,172.217.194.0-255,2902,218780,69,247725
10625,0.001647,172.31.40.0-255,66,218846,69,247725
10626,0.001653,172.31.40.0-255,66,218912,69,247725
10627,0.001674,172.217.194.0-255,5738,224650,69,247725
10628,0.001677,172.217.194.0-255,1484,226134,69,247725
10629,0.001685,172.31.40.0-255,66,226200,69,247725
10630,0.001719,172.217.194.0-255,1484,227684,69,247725
10631,0.00173,172.31.40.0-255,66,227750,69,247725
10632,0.001738,172.217.194.0-255,7156,234906,69,247725
10633,0.001743,172.31.40.0-255,66,234972,69,247725
10634,0.001767,172.217.194.0-255,4101,239073,69,247725
10635,0.00177,172.217.194.0-255,105,239178,69,247725
10636,0.0018,172.31.40.0-255,66,239244,69,247725
10637,0.003636,172.31.40.0-255,101,239345,69,247725
10638,0.004673,172.31.40.0-255,105,239450,69,247725
10639,0.005626,172.217.194.0-255,66,239516,69,247725
10640,0.006602,172.217.194.0-255,66,239582,69,247725
10641,0.032223,172.31.40.0-255,167,239749,69,247725
10642,0.032258,172.31.40.0-255,1116,240865,69,247725
10643,0.032322,172.31.40.0-255,1514,242379,69,247725
10644,0.032324,172.31.40.0-255,1514,243893,69,247725
10645,0.032325,172.31.40.0-255,1514,245407,69,247725
10646,0.032326,172.31.40.0-255,1514,246921,69,247725
10647,0.032327,172.31.40.0-255,540,247461,69,247725
10648,0.033794,104.244.42.0-255,66,247527,69,247725
10649,0.033852,104.244.42.0-255,66,247593,69,247725
10650,0.033911,104.244.42.0-255,66,247659,69,247725
10651,0.033915,104.244.42.0-255,66,247725,69,247725
10652,0.0,74.125.130.0-255,153,153,69,286250
10653,2e-05,172.31.40.0-255,66,219,69,286250
10654,2.7e-05,74.125.130.0-255,1484,1703,69,286250
10655,3.3e-05,172.31.40.0-255,66,1769,69,286250
10656,3.9e-05,74.125.130.0-255,2902,4671,69,286250
10657,4.3e-05,172.31.40.0-255,66,4737,69,286250
10658,4.8e-05,74.125.130.0-255,2902,7639,69,286250
10659,5.1e-05,172.31.40.0-255,66,7705,69,286250
10660,7.9e-05,74.125.130.0-255,4320,12025,69,286250
10661,8.2e-05,172.31.40.0-255,66,12091,69,286250
10662,8.6e-05,74.125.130.0-255,2064,14155,69,286250
10663,8.9e-05,172.31.40.0-255,66,14221,69,286250
10664,0.000111,74.125.130.0-255,1484,15705,69,286250
10665,0.000113,172.31.40.0-255,66,15771,69,286250
10666,0.000133,74.125.130.0-255,2902,18673,69,286250
10667,0.000136,172.31.40.0-255,66,18739,69,286250
10668,0.000142,74.125.130.0-255,5738,24477,69,286250
10669,0.000145,172.31.40.0-255,66,24543,69,286250
10670,0.00016,74.125.130.0-255,2902,27445,69,286250
10671,0.000162,172.31.40.0-255,66,27511,69,286250
10672,0.000179,74.125.130.0-255,3961,31472,69,286250
10673,0.000182,172.31.40.0-255,66,31538,69,286250
10674,0.000277,74.125.130.0-255,1484,33022,69,286250
10675,0.00028,172.31.40.0-255,66,33088,69,286250
10676,0.000285,74.125.130.0-255,2902,35990,69,286250
10677,0.000287,172.31.40.0-255,66,36056,69,286250
10678,0.000319,74.125.130.0-255,5738,41794,69,286250
10679,0.000322,172.31.40.0-255,66,41860,69,286250
10680,0.000328,74.125.130.0-255,5738,47598,69,286250
10681,0.00033,172.31.40.0-255,66,47664,69,286250
10682,0.000338,74.125.130.0-255,6797,54461,69,286250
10683,0.000341,172.31.40.0-255,66,54527,69,286250
10684,0.000384,172.31.40.0-255,66,54593,69,286250
10685,0.000398,74.125.130.0-255,2543,57136,69,286250
10686,0.0004,172.31.40.0-255,66,57202,69,286250
10687,0.000608,74.125.130.0-255,645,57847,69,286250
10688,0.000792,74.125.130.0-255,1484,59331,69,286250
10689,0.000798,172.31.40.0-255,66,59397,69,286250
10690,0.000804,74.125.130.0-255,2902,62299,69,286250
10691,0.000806,172.31.40.0-255,66,62365,69,286250
10692,0.000813,74.125.130.0-255,5738,68103,69,286250
10693,0.000816,172.31.40.0-255,66,68169,69,286250
10694,0.000821,74.125.130.0-255,4320,72489,69,286250
10695,0.000823,172.31.40.0-255,66,72555,69,286250
10696,0.00084,74.125.130.0-255,4320,76875,69,286250
10697,0.000843,172.31.40.0-255,66,76941,69,286250
10698,0.000873,74.125.130.0-255,7156,84097,69,286250
10699,0.000876,172.31.40.0-255,66,84163,69,286250
10700,0.000881,74.125.130.0-255,4320,88483,69,286250
10701,0.000883,172.31.40.0-255,66,88549,69,286250
10702,0.000901,74.125.130.0-255,3054,91603,69,286250
10703,0.000904,172.31.40.0-255,66,91669,69,286250
10704,0.001126,74.125.130.0-255,1484,93153,69,286250
10705,0.001132,74.125.130.0-255,2902,96055,69,286250
10706,0.001136,172.31.40.0-255,66,96121,69,286250
10707,0.001142,74.125.130.0-255,2902,99023,69,286250
10708,0.001144,172.31.40.0-255,66,99089,69,286250
10709,0.001159,74.125.130.0-255,2902,101991,69,286250
10710,0.001161,172.31.40.0-255,66,102057,69,286250
10711,0.001168,74.125.130.0-255,5738,107795,69,286250
10712,0.001171,172.31.40.0-255,66,107861,69,286250
10713,0.0012,74.125.130.0-255,7156,115017,69,286250
10714,0.001202,172.31.40.0-255,66,115083,69,286250
10715,0.001209,74.125.130.0-255,7156,122239,69,286250
10716,0.001211,172.31.40.0-255,66,122305,69,286250
10717,0.00124,74.125.130.0-255,3602,125907,69,286250
10718,0.001243,172.31.40.0-255,66,125973,69,286250
10719,0.001827,74.125.130.0-255,1484,127457,69,286250
10720,0.001834,74.125.130.0-255,2902,130359,69,286250
10721,0.001838,172.31.40.0-255,66,130425,69,286250
10722,0.001844,74.125.130.0-255,4320,134745,69,286250
10723,0.001847,172.31.40.0-255,66,134811,69,286250
10724,0.001862,74.125.130.0-255,5738,140549,69,286250
10725,0.001864,172.31.40.0-255,66,140615,69,286250
10726,0.001879,74.125.130.0-255,2902,143517,69,286250
10727,0.001881,172.31.40.0-255,66,143583,69,286250
10728,0.001903,74.125.130.0-255,7156,150739,69,286250
10729,0.001905,172.31.40.0-255,66,150805,69,286250
10730,0.001932,172.31.40.0-255,66,150871,69,286250
10731,0.004027,74.125.130.0-255,5738,156609,69,286250
10732,0.004035,172.31.40.0-255,66,156675,69,286250
10733,0.006126,74.125.130.0-255,5738,162413,69,286250
10734,0.00613,172.31.40.0-255,66,162479,69,286250
10735,0.00823,74.125.130.0-255,4320,166799,69,286250
10736,0.008233,172.31.40.0-255,66,166865,69,286250
10737,0.008252,74.125.130.0-255,1484,168349,69,286250
10738,0.010331,74.125.130.0-255,4320,172669,69,286250
10739,0.010338,172.31.40.0-255,66,172735,69,286250
10740,0.012491,74.125.130.0-255,5738,178473,69,286250
10741,0.012499,172.31.40.0-255,66,178539,69,286250
10742,0.014589,74.125.130.0-255,5738,184277,69,286250
10743,0.014597,172.31.40.0-255,66,184343,69,286250
10744,0.016707,74.125.130.0-255,5738,190081,69,286250
10745,0.016715,172.31.40.0-255,66,190147,69,286250
10746,0.018816,74.125.130.0-255,5738,195885,69,286250
10747,0.018825,172.31.40.0-255,66,195951,69,286250
10748,0.021009,74.125.130.0-255,5738,201689,69,286250
10749,0.021015,172.31.40.0-255,66,201755,69,286250
10750,0.023105,74.125.130.0-255,5738,207493,69,286250
10751,0.023113,172.31.40.0-255,66,207559,69,286250
10752,0.025214,74.125.130.0-255,5738,213297,69,286250
10753,0.025221,172.31.40.0-255,66,213363,69,286250
10754,0.027326,74.125.130.0-255,5738,219101,69,286250
10755,0.027335,172.31.40.0-255,66,219167,69,286250
10756,0.02943,74.125.130.0-255,5738,224905,69,286250
10757,0.029439,172.31.40.0-255,66,224971,69,286250
10758,0.031545,74.125.130.0-255,5738,230709,69,286250
10759,0.031552,172.31.40.0-255,66,230775,69,286250
10760,0.033517,172.31.40.0-255,172,230947,69,286250
10761,0.033548,172.31.40.0-255,1114,232061,69,286250
10762,0.033647,74.125.130.0-255,5738,237799,69,286250
10763,0.033654,172.31.40.0-255,66,237865,69,286250
10764,0.033703,172.31.40.0-255,1514,239379,69,286250
10765,0.033705,172.31.40.0-255,1514,240893,69,286250
10766,0.033706,172.31.40.0-255,1514,242407,69,286250
10767,0.033711,172.31.40.0-255,1514,243921,69,286250
10768,0.033712,172.31.40.0-255,1503,245424,69,286250
10769,0.035086,104.244.42.0-255,66,245490,69,286250
10770,0.035095,104.244.42.0-255,66,245556,69,286250
10771,0.035279,104.244.42.0-255,66,245622,69,286250
10772,0.035748,74.125.130.0-255,5738,251360,69,286250
10773,0.035756,172.31.40.0-255,66,251426,69,286250
10774,0.037857,74.125.130.0-255,5738,257164,69,286250
10775,0.037864,172.31.40.0-255,66,257230,69,286250
10776,0.039966,74.125.130.0-255,5738,262968,69,286250
10777,0.039973,172.31.40.0-255,66,263034,69,286250
10778,0.042071,74.125.130.0-255,5738,268772,69,286250
10779,0.042078,172.31.40.0-255,66,268838,69,286250
10780,0.044188,74.125.130.0-255,5738,274576,69,286250
10781,0.044195,172.31.40.0-255,66,274642,69,286250
10782,0.046294,74.125.130.0-255,5738,280380,69,286250
10783,0.046303,172.31.40.0-255,66,280446,69,286250
10784,0.048409,74.125.130.0-255,5738,286184,69,286250
10785,0.048415,172.31.40.0-255,66,286250,69,286250
10786,0.0,172.31.40.0-255,105,105,69,276
10787,0.002328,157.240.7.0-255,105,210,69,276
10788,0.00234,172.31.40.0-255,66,276,69,276
10789,0.0,74.125.24.0-255,153,153,69,264200
10790,2.2e-05,172.31.40.0-255,66,219,69,264200
10791,2.8e-05,74.125.24.0-255,1484,1703,69,264200
10792,3.3e-05,172.31.40.0-255,66,1769,69,264200
10793,3.9e-05,74.125.24.0-255,2902,4671,69,264200
10794,4.2e-05,172.31.40.0-255,66,4737,69,264200
10795,4.8e-05,74.125.24.0-255,5738,10475,69,264200
10796,5.1e-05,172.31.40.0-255,66,10541,69,264200
10797,7.2e-05,74.125.24.0-255,1484,12025,69,264200
10798,7.4e-05,172.31.40.0-255,66,12091,69,264200
10799,7.8e-05,74.125.24.0-255,1484,13575,69,264200
10800,8e-05,172.31.40.0-255,66,13641,69,264200
10801,9.8e-05,74.125.24.0-255,3507,17148,69,264200
10802,0.000101,172.31.40.0-255,66,17214,69,264200
10803,0.000107,74.125.24.0-255,5738,22952,69,264200
10804,0.000109,172.31.40.0-255,66,23018,69,264200
10805,0.000126,74.125.24.0-255,7156,30174,69,264200
10806,0.000128,172.31.40.0-255,66,30240,69,264200
10807,0.000146,74.125.24.0-255,5738,35978,69,264200
10808,0.000148,172.31.40.0-255,66,36044,69,264200
10809,0.000155,74.125.24.0-255,7156,43200,69,264200
10810,0.000157,172.31.40.0-255,66,43266,69,264200
10811,0.000174,74.125.24.0-255,2902,46168,69,264200
10812,0.000176,172.31.40.0-255,66,46234,69,264200
10813,0.000195,74.125.24.0-255,2184,48418,69,264200
10814,0.000196,172.31.40.0-255,66,48484,69,264200
10815,0.000365,74.125.24.0-255,1484,49968,69,264200
10816,0.00037,172.31.40.0-255,66,50034,69,264200
10817,0.000375,74.125.24.0-255,2902,52936,69,264200
10818,0.000377,172.31.40.0-255,66,53002,69,264200
10819,0.000392,74.125.24.0-255,4320,57322,69,264200
10820,0.000394,172.31.40.0-255,66,57388,69,264200
10821,0.0004,74.125.24.0-255,5738,63126,69,264200
10822,0.000402,172.31.40.0-255,66,63192,69,264200
10823,0.000447,74.125.24.0-255,2883,66075,69,264200
10824,0.00045,172.31.40.0-255,66,66141,69,264200
10825,0.000947,74.125.24.0-255,1484,67625,69,264200
10826,0.000955,74.125.24.0-255,2902,70527,69,264200
10827,0.000959,172.31.40.0-255,66,70593,69,264200
10828,0.000984,74.125.24.0-255,5738,76331,69,264200
10829,0.000988,74.125.24.0-255,2902,79233,69,264200
10830,0.000991,172.31.40.0-255,66,79299,69,264200
10831,0.000994,172.31.40.0-255,66,79365,69,264200
10832,0.001011,172.31.40.0-255,66,79431,69,264200
10833,0.001056,74.125.24.0-255,1484,80915,69,264200
10834,0.001077,74.125.24.0-255,7156,88071,69,264200
10835,0.00108,172.31.40.0-255,66,88137,69,264200
10836,0.001102,74.125.24.0-255,2184,90321,69,264200
10837,0.001105,172.31.40.0-255,66,90387,69,264200
10838,0.001388,74.125.24.0-255,1484,91871,69,264200
10839,0.001404,74.125.24.0-255,2902,94773,69,264200
10840,0.001408,172.31.40.0-255,66,94839,69,264200
10841,0.001414,74.125.24.0-255,4320,99159,69,264200
10842,0.001416,172.31.40.0-255,66,99225,69,264200
10843,0.001427,74.125.24.0-255,1484,100709,69,264200
10844,0.001455,172.31.40.0-255,66,100775,69,264200
10845,0.001497,74.125.24.0-255,4320,105095,69,264200
10846,0.0015,172.31.40.0-255,66,105161,69,264200
10847,0.001513,172.31.40.0-255,66,105227,69,264200
10848,0.001555,172.31.40.0-255,66,105293,69,264200
10849,0.001583,74.125.24.0-255,5738,111031,69,264200
10850,0.001586,172.31.40.0-255,66,111097,69,264200
10851,0.0016,172.31.40.0-255,66,111163,69,264200
10852,0.002131,74.125.24.0-255,1484,112647,69,264200
10853,0.002153,74.125.24.0-255,2902,115549,69,264200
10854,0.002157,172.31.40.0-255,66,115615,69,264200
10855,0.002186,74.125.24.0-255,4320,119935,69,264200
10856,0.002188,172.31.40.0-255,66,120001,69,264200
10857,0.002218,74.125.24.0-255,5738,125739,69,264200
10858,0.002221,172.31.40.0-255,66,125805,69,264200
10859,0.002236,74.125.24.0-255,2902,128707,69,264200
10860,0.002238,172.31.40.0-255,66,128773,69,264200
10861,0.002258,74.125.24.0-255,4320,133093,69,264200
10862,0.00226,172.31.40.0-255,66,133159,69,264200
10863,0.002292,74.125.24.0-255,4320,137479,69,264200
10864,0.002295,172.31.40.0-255,66,137545,69,264200
10865,0.002314,74.125.24.0-255,2902,140447,69,264200
10866,0.002316,172.31.40.0-255,66,140513,69,264200
10867,0.002329,74.125.24.0-255,2902,143415,69,264200
10868,0.002331,172.31.40.0-255,66,143481,69,264200
10869,0.002335,74.125.24.0-255,2184,145665,69,264200
10870,0.002337,172.31.40.0-255,66,145731,69,264200
10871,0.004751,74.125.24.0-255,5738,151469,69,264200
10872,0.004758,172.31.40.0-255,66,151535,69,264200
10873,0.007152,74.125.24.0-255,5738,157273,69,264200
10874,0.007155,172.31.40.0-255,66,157339,69,264200
10875,0.00958,74.125.24.0-255,5738,163077,69,264200
10876,0.009587,172.31.40.0-255,66,163143,69,264200
10877,0.011961,74.125.24.0-255,5738,168881,69,264200
10878,0.011969,172.31.40.0-255,66,168947,69,264200
10879,0.014353,74.125.24.0-255,5738,174685,69,264200
10880,0.014361,172.31.40.0-255,66,174751,69,264200
10881,0.01676,74.125.24.0-255,5738,180489,69,264200
10882,0.01677,172.31.40.0-255,66,180555,69,264200
10883,0.019165,74.125.24.0-255,5738,186293,69,264200
10884,0.019175,172.31.40.0-255,66,186359,69,264200
10885,0.021529,74.125.24.0-255,2902,189261,69,264200
10886,0.021536,172.31.40.0-255,66,189327,69,264200
10887,0.021558,74.125.24.0-255,2902,192229,69,264200
10888,0.021561,172.31.40.0-255,66,192295,69,264200
10889,0.0239,74.125.24.0-255,2902,195197,69,264200
10890,0.023908,172.31.40.0-255,66,195263,69,264200
10891,0.02394,74.125.24.0-255,2902,198165,69,264200
10892,0.023944,172.31.40.0-255,66,198231,69,264200
10893,0.026311,74.125.24.0-255,5738,203969,69,264200
10894,0.026318,172.31.40.0-255,66,204035,69,264200
10895,0.02871,74.125.24.0-255,5738,209773,69,264200
10896,0.028718,172.31.40.0-255,66,209839,69,264200
10897,0.031085,74.125.24.0-255,5738,215577,69,264200
10898,0.031094,172.31.40.0-255,66,215643,69,264200
10899,0.033727,74.125.24.0-255,4320,219963,69,264200
10900,0.033734,172.31.40.0-255,66,220029,69,264200
10901,0.033751,74.125.24.0-255,1484,221513,69,264200
10902,0.034164,172.31.40.0-255,172,221685,69,264200
10903,0.034192,172.31.40.0-255,1116,222801,69,264200
10904,0.034259,172.31.40.0-255,1514,224315,69,264200
10905,0.03426,172.31.40.0-255,1514,225829,69,264200
10906,0.034267,172.31.40.0-255,1514,227343,69,264200
10907,0.034268,172.31.40.0-255,1514,228857,69,264200
10908,0.034298,172.31.40.0-255,1499,230356,69,264200
10909,0.035833,104.244.42.0-255,66,230422,69,264200
10910,0.035887,104.244.42.0-255,66,230488,69,264200
10911,0.03592,104.244.42.0-255,66,230554,69,264200
10912,0.035991,104.244.42.0-255,66,230620,69,264200
10913,0.036093,74.125.24.0-255,4320,234940,69,264200
10914,0.036099,172.31.40.0-255,66,235006,69,264200
10915,0.038508,74.125.24.0-255,5738,240744,69,264200
10916,0.038514,172.31.40.0-255,66,240810,69,264200
10917,0.038895,104.244.42.0-255,108,240918,69,264200
10918,0.038901,172.31.40.0-255,66,240984,69,264200
10919,0.040876,74.125.24.0-255,5738,246722,69,264200
10920,0.040882,172.31.40.0-255,66,246788,69,264200
10921,0.04327,74.125.24.0-255,5738,252526,69,264200
10922,0.043276,172.31.40.0-255,66,252592,69,264200
10923,0.045746,74.125.24.0-255,5738,258330,69,264200
10924,0.045754,172.31.40.0-255,66,258396,69,264200
10925,0.048144,74.125.24.0-255,5738,264134,69,264200
10926,0.048149,172.31.40.0-255,66,264200,69,264200
10927,0.0,172.217.194.0-255,153,153,69,269718
10928,2.4e-05,172.31.40.0-255,66,219,69,269718
10929,3.1e-05,172.217.194.0-255,1484,1703,69,269718
10930,3.6e-05,172.31.40.0-255,66,1769,69,269718
10931,4.3e-05,172.217.194.0-255,2902,4671,69,269718
10932,4.6e-05,172.31.40.0-255,66,4737,69,269718
10933,5.2e-05,172.217.194.0-255,5738,10475,69,269718
10934,5.7e-05,172.31.40.0-255,66,10541,69,269718
10935,9.6e-05,172.31.40.0-255,66,10607,69,269718
10936,0.000117,172.217.194.0-255,2080,12687,69,269718
10937,0.00012,172.31.40.0-255,66,12753,69,269718
10938,0.000128,172.217.194.0-255,6797,19550,69,269718
10939,0.000131,172.31.40.0-255,66,19616,69,269718
10940,0.000178,172.217.194.0-255,1484,21100,69,269718
10941,0.00018,172.31.40.0-255,66,21166,69,269718
10942,0.000185,172.217.194.0-255,2902,24068,69,269718
10943,0.000187,172.31.40.0-255,66,24134,69,269718
10944,0.000191,172.217.194.0-255,2902,27036,69,269718
10945,0.000194,172.31.40.0-255,66,27102,69,269718
10946,0.000225,172.217.194.0-255,7156,34258,69,269718
10947,0.000228,172.31.40.0-255,66,34324,69,269718
10948,0.000273,172.31.40.0-255,66,34390,69,269718
10949,0.000292,172.217.194.0-255,3961,38351,69,269718
10950,0.000294,172.31.40.0-255,66,38417,69,269718
10951,0.0003,172.217.194.0-255,5738,44155,69,269718
10952,0.000303,172.31.40.0-255,66,44221,69,269718
10953,0.000319,172.217.194.0-255,1714,45935,69,269718
10954,0.000322,172.31.40.0-255,66,46001,69,269718
10955,0.000551,172.217.194.0-255,1484,47485,69,269718
10956,0.000557,172.31.40.0-255,66,47551,69,269718
10957,0.000563,172.217.194.0-255,2902,50453,69,269718
10958,0.000566,172.31.40.0-255,66,50519,69,269718
10959,0.000571,172.217.194.0-255,5738,56257,69,269718
10960,0.000574,172.31.40.0-255,66,56323,69,269718
10961,0.000602,172.31.40.0-255,66,56389,69,269718
10962,0.000627,172.217.194.0-255,2902,59291,69,269718
10963,0.00063,172.31.40.0-255,66,59357,69,269718
10964,0.00064,172.31.40.0-255,66,59423,69,269718
10965,0.000661,172.217.194.0-255,2184,61607,69,269718
10966,0.000663,172.31.40.0-255,66,61673,69,269718
10967,0.001158,172.217.194.0-255,1484,63157,69,269718
10968,0.001166,172.217.194.0-255,2902,66059,69,269718
10969,0.00117,172.31.40.0-255,66,66125,69,269718
10970,0.001175,172.217.194.0-255,2902,69027,69,269718
10971,0.001177,172.31.40.0-255,66,69093,69,269718
10972,0.001193,172.217.194.0-255,2902,71995,69,269718
10973,0.001195,172.31.40.0-255,66,72061,69,269718
10974,0.001198,172.217.194.0-255,1484,73545,69,269718
10975,0.001231,172.31.40.0-255,66,73611,69,269718
10976,0.001237,172.217.194.0-255,5738,79349,69,269718
10977,0.001239,172.31.40.0-255,66,79415,69,269718
10978,0.001256,172.217.194.0-255,4320,83735,69,269718
10979,0.001258,172.31.40.0-255,66,83801,69,269718
10980,0.001261,172.217.194.0-255,766,84567,69,269718
10981,0.001275,172.217.194.0-255,1484,86051,69,269718
10982,0.001277,172.31.40.0-255,66,86117,69,269718
10983,0.001302,172.217.194.0-255,4320,90437,69,269718
10984,0.001305,172.31.40.0-255,66,90503,69,269718
10985,0.001315,172.31.40.0-255,66,90569,69,269718
10986,0.001339,172.217.194.0-255,1484,92053,69,269718
10987,0.00135,172.31.40.0-255,66,92119,69,269718
10988,0.001371,172.217.194.0-255,5738,97857,69,269718
10989,0.001373,172.31.40.0-255,66,97923,69,269718
10990,0.001396,172.217.194.0-255,3602,101525,69,269718
10991,0.001398,172.31.40.0-255,66,101591,69,269718
10992,0.001436,172.217.194.0-255,1484,103075,69,269718
10993,0.00144,172.217.194.0-255,2902,105977,69,269718
10994,0.001451,172.31.40.0-255,66,106043,69,269718
10995,0.001464,172.217.194.0-255,4320,110363,69,269718
10996,0.001467,172.31.40.0-255,66,110429,69,269718
10997,0.001491,172.217.194.0-255,1484,111913,69,269718
10998,0.001498,172.217.194.0-255,5738,117651,69,269718
10999,0.001501,172.31.40.0-255,66,117717,69,269718
11000,0.001507,172.217.194.0-255,5738,123455,69,269718
11001,0.00151,172.31.40.0-255,66,123521,69,269718
11002,0.001546,172.217.194.0-255,7156,130677,69,269718
11003,0.001549,172.31.40.0-255,66,130743,69,269718
11004,0.001555,172.217.194.0-255,5020,135763,69,269718
11005,0.001557,172.31.40.0-255,66,135829,69,269718
11006,0.00158,172.217.194.0-255,5738,141567,69,269718
11007,0.001583,172.31.40.0-255,66,141633,69,269718
11008,0.001597,172.31.40.0-255,66,141699,69,269718
11009,0.001625,172.217.194.0-255,1484,143183,69,269718
11010,0.001653,172.31.40.0-255,66,143249,69,269718
11011,0.001709,172.217.194.0-255,7156,150405,69,269718
11012,0.001711,172.31.40.0-255,66,150471,69,269718
11013,0.001723,172.31.40.0-255,66,150537,69,269718
11014,0.001743,172.31.40.0-255,66,150603,69,269718
11015,0.001766,172.217.194.0-255,4320,154923,69,269718
11016,0.001768,172.31.40.0-255,66,154989,69,269718
11017,0.001771,172.217.194.0-255,766,155755,69,269718
11018,0.001792,172.217.194.0-255,5738,161493,69,269718
11019,0.001794,172.31.40.0-255,66,161559,69,269718
11020,0.001827,172.31.40.0-255,66,161625,69,269718
11021,0.001843,172.31.40.0-255,66,161691,69,269718
11022,0.001848,172.217.194.0-255,3602,165293,69,269718
11023,0.00185,172.31.40.0-255,66,165359,69,269718
11024,0.001906,172.217.194.0-255,1484,166843,69,269718
11025,0.001922,172.217.194.0-255,2902,169745,69,269718
11026,0.001925,172.31.40.0-255,66,169811,69,269718
11027,0.00193,172.217.194.0-255,2902,172713,69,269718
11028,0.001932,172.31.40.0-255,66,172779,69,269718
11029,0.001948,172.217.194.0-255,2902,175681,69,269718
11030,0.00195,172.31.40.0-255,66,175747,69,269718
11031,0.001955,172.217.194.0-255,2902,178649,69,269718
11032,0.001956,172.31.40.0-255,66,178715,69,269718
11033,0.001994,172.31.40.0-255,66,178781,69,269718
11034,0.002006,172.31.40.0-255,66,178847,69,269718
11035,0.002044,172.217.194.0-255,1484,180331,69,269718
11036,0.002059,172.217.194.0-255,2902,183233,69,269718
11037,0.002062,172.31.40.0-255,66,183299,69,269718
11038,0.002066,172.217.194.0-255,1484,184783,69,269718
11039,0.002087,172.217.194.0-255,4320,189103,69,269718
11040,0.00209,172.31.40.0-255,66,189169,69,269718
11041,0.002096,172.217.194.0-255,5738,194907,69,269718
11042,0.002098,172.31.40.0-255,66,194973,69,269718
11043,0.002117,172.217.194.0-255,7156,202129,69,269718
11044,0.002142,172.217.194.0-255,4320,206449,69,269718
11045,0.002166,172.217.194.0-255,6438,212887,69,269718
11046,0.00218,172.217.194.0-255,1484,214371,69,269718
11047,0.005975,172.31.40.0-255,66,214437,69,269718
11048,0.008167,172.217.194.0-255,5738,220175,69,269718
11049,0.008178,172.31.40.0-255,66,220241,69,269718
11050,0.010317,172.217.194.0-255,5738,225979,69,269718
11051,0.010325,172.31.40.0-255,66,226045,69,269718
11052,0.012487,172.217.194.0-255,5738,231783,69,269718
11053,0.012496,172.31.40.0-255,66,231849,69,269718
11054,0.014705,172.217.194.0-255,5738,237587,69,269718
11055,0.014716,172.31.40.0-255,66,237653,69,269718
11056,0.016869,172.217.194.0-255,5738,243391,69,269718
11057,0.016883,172.31.40.0-255,66,243457,69,269718
11058,0.019072,172.217.194.0-255,5738,249195,69,269718
11059,0.019083,172.31.40.0-255,66,249261,69,269718
11060,0.021305,172.217.194.0-255,5738,254999,69,269718
11061,0.021317,172.31.40.0-255,66,255065,69,269718
11062,0.023466,172.217.194.0-255,5571,260636,69,269718
11063,0.023474,172.31.40.0-255,66,260702,69,269718
11064,0.023725,172.31.40.0-255,105,260807,69,269718
11065,0.025842,172.217.194.0-255,66,260873,69,269718
11066,0.043274,172.31.40.0-255,172,261045,69,269718
11067,0.043302,172.31.40.0-255,1112,262157,69,269718
11068,0.043377,172.31.40.0-255,1514,263671,69,269718
11069,0.043379,172.31.40.0-255,1514,265185,69,269718
11070,0.043385,172.31.40.0-255,1514,266699,69,269718
11071,0.043386,172.31.40.0-255,1514,268213,69,269718
11072,0.043404,172.31.40.0-255,1505,269718,69,269718
11073,0.0,172.31.40.0-255,105,105,69,276
11074,0.001893,157.240.7.0-255,105,210,69,276
11075,0.001906,172.31.40.0-255,66,276,69,276
11076,0.0,74.125.68.0-255,153,153,69,357303
11077,1.5e-05,172.31.40.0-255,66,219,69,357303
11078,2.1e-05,74.125.68.0-255,1484,1703,69,357303
11079,2.5e-05,172.31.40.0-255,66,1769,69,357303
11080,4.5e-05,74.125.68.0-255,2902,4671,69,357303
11081,4.8e-05,172.31.40.0-255,66,4737,69,357303
11082,5.2e-05,74.125.68.0-255,1484,6221,69,357303
11083,5.4e-05,172.31.40.0-255,66,6287,69,357303
11084,0.000116,74.125.68.0-255,2902,9189,69,357303
11085,0.00012,172.31.40.0-255,66,9255,69,357303
11086,0.000126,74.125.68.0-255,4874,14129,69,357303
11087,0.000129,172.31.40.0-255,66,14195,69,357303
11088,0.00043,74.125.68.0-255,1484,15679,69,357303
11089,0.000436,172.31.40.0-255,66,15745,69,357303
11090,0.000442,74.125.68.0-255,2902,18647,69,357303
11091,0.000444,172.31.40.0-255,66,18713,69,357303
11092,0.000447,74.125.68.0-255,1484,20197,69,357303
11093,0.00045,172.31.40.0-255,66,20263,69,357303
11094,0.000479,74.125.68.0-255,2902,23165,69,357303
11095,0.000482,172.31.40.0-255,66,23231,69,357303
11096,0.000489,74.125.68.0-255,5738,28969,69,357303
11097,0.000492,172.31.40.0-255,66,29035,69,357303
11098,0.000497,74.125.68.0-255,2543,31578,69,357303
11099,0.000499,172.31.40.0-255,66,31644,69,357303
11100,0.000519,74.125.68.0-255,2902,34546,69,357303
11101,0.000522,172.31.40.0-255,66,34612,69,357303
11102,0.000526,74.125.68.0-255,2902,37514,69,357303
11103,0.000528,172.31.40.0-255,66,37580,69,357303
11104,0.000549,74.125.68.0-255,4320,41900,69,357303
11105,0.000552,172.31.40.0-255,66,41966,69,357303
11106,0.000558,74.125.68.0-255,5738,47704,69,357303
11107,0.00056,172.31.40.0-255,66,47770,69,357303
11108,0.000581,74.125.68.0-255,1125,48895,69,357303
11109,0.000615,74.125.68.0-255,1484,50379,69,357303
11110,0.000618,172.31.40.0-255,66,50445,69,357303
11111,0.000646,74.125.68.0-255,1484,51929,69,357303
11112,0.000651,74.125.68.0-255,2902,54831,69,357303
11113,0.000653,172.31.40.0-255,66,54897,69,357303
11114,0.000676,74.125.68.0-255,5738,60635,69,357303
11115,0.000679,172.31.40.0-255,66,60701,69,357303
11116,0.000701,74.125.68.0-255,5704,66405,69,357303
11117,0.000705,172.31.40.0-255,66,66471,69,357303
11118,0.000775,74.125.68.0-255,1484,67955,69,357303
11119,0.000781,74.125.68.0-255,2902,70857,69,357303
11120,0.000784,172.31.40.0-255,66,70923,69,357303
11121,0.000811,74.125.68.0-255,4320,75243,69,357303
11122,0.000813,172.31.40.0-255,66,75309,69,357303
11123,0.00082,74.125.68.0-255,5738,81047,69,357303
11124,0.000823,172.31.40.0-255,66,81113,69,357303
11125,0.000854,74.125.68.0-255,4320,85433,69,357303
11126,0.000857,172.31.40.0-255,66,85499,69,357303
11127,0.000875,74.125.68.0-255,6797,92296,69,357303
11128,0.000878,172.31.40.0-255,66,92362,69,357303
11129,0.000904,74.125.68.0-255,5738,98100,69,357303
11130,0.000907,172.31.40.0-255,66,98166,69,357303
11131,0.000923,74.125.68.0-255,2227,100393,69,357303
11132,0.000951,172.31.40.0-255,66,100459,69,357303
11133,0.00096,74.125.68.0-255,1484,101943,69,357303
11134,0.000975,74.125.68.0-255,2902,104845,69,357303
11135,0.000977,172.31.40.0-255,66,104911,69,357303
11136,0.001001,74.125.68.0-255,5738,110649,69,357303
11137,0.001004,172.31.40.0-255,66,110715,69,357303
11138,0.001008,74.125.68.0-255,2902,113617,69,357303
11139,0.001011,172.31.40.0-255,66,113683,69,357303
11140,0.001014,74.125.68.0-255,1484,115167,69,357303
11141,0.001031,74.125.68.0-255,2902,118069,69,357303
11142,0.001033,172.31.40.0-255,66,118135,69,357303
11143,0.001048,74.125.68.0-255,5738,123873,69,357303
11144,0.001051,172.31.40.0-255,66,123939,69,357303
11145,0.001067,74.125.68.0-255,2902,126841,69,357303
11146,0.00107,172.31.40.0-255,66,126907,69,357303
11147,0.001074,74.125.68.0-255,2902,129809,69,357303
11148,0.001077,172.31.40.0-255,66,129875,69,357303
11149,0.00112,74.125.68.0-255,5020,134895,69,357303
11150,0.001123,172.31.40.0-255,66,134961,69,357303
11151,0.001271,74.125.68.0-255,1484,136445,69,357303
11152,0.001303,74.125.68.0-255,2902,139347,69,357303
11153,0.001308,74.125.68.0-255,2902,142249,69,357303
11154,0.001312,172.31.40.0-255,66,142315,69,357303
11155,0.001316,172.31.40.0-255,66,142381,69,357303
11156,0.001337,74.125.68.0-255,4320,146701,69,357303
11157,0.001339,172.31.40.0-255,66,146767,69,357303
11158,0.00135,172.31.40.0-255,66,146833,69,357303
11159,0.001383,74.125.68.0-255,7156,153989,69,357303
11160,0.001385,172.31.40.0-255,66,154055,69,357303
11161,0.001418,74.125.68.0-255,2902,156957,69,357303
11162,0.001421,172.31.40.0-255,66,157023,69,357303
11163,0.001441,74.125.68.0-255,3602,160625,69,357303
11164,0.001445,172.31.40.0-255,66,160691,69,357303
11165,0.001465,74.125.68.0-255,1484,162175,69,357303
11166,0.00148,74.125.68.0-255,1484,163659,69,357303
11167,0.001483,172.31.40.0-255,66,163725,69,357303
11168,0.001503,74.125.68.0-255,1484,165209,69,357303
11169,0.00151,74.125.68.0-255,5738,170947,69,357303
11170,0.001512,172.31.40.0-255,66,171013,69,357303
11171,0.001516,74.125.68.0-255,2902,173915,69,357303
11172,0.001519,172.31.40.0-255,66,173981,69,357303
11173,0.00153,74.125.68.0-255,1484,175465,69,357303
11174,0.001537,74.125.68.0-255,5738,181203,69,357303
11175,0.001539,172.31.40.0-255,66,181269,69,357303
11176,0.001568,172.31.40.0-255,66,181335,69,357303
11177,0.001571,74.125.68.0-255,2184,183519,69,357303
11178,0.001573,172.31.40.0-255,66,183585,69,357303
11179,0.001665,74.125.68.0-255,1484,185069,69,357303
11180,0.001679,74.125.68.0-255,2902,187971,69,357303
11181,0.001683,172.31.40.0-255,66,188037,69,357303
11182,0.001693,74.125.68.0-255,1484,189521,69,357303
11183,0.001709,74.125.68.0-255,4320,193841,69,357303
11184,0.001711,172.31.40.0-255,66,193907,69,357303
11185,0.001714,74.125.68.0-255,1484,195391,69,357303
11186,0.001736,74.125.68.0-255,7156,202547,69,357303
11187,0.001738,172.31.40.0-255,66,202613,69,357303
11188,0.001764,74.125.68.0-255,1484,204097,69,357303
11189,0.001785,172.31.40.0-255,66,204163,69,357303
11190,0.001791,74.125.68.0-255,5020,209183,69,357303
11191,0.001793,172.31.40.0-255,66,209249,69,357303
11192,0.001986,74.125.68.0-255,1484,210733,69,357303
11193,0.002005,74.125.68.0-255,2902,213635,69,357303
11194,0.002008,172.31.40.0-255,66,213701,69,357303
11195,0.002022,74.125.68.0-255,5738,219439,69,357303
11196,0.002024,172.31.40.0-255,66,219505,69,357303
11197,0.002037,74.125.68.0-255,2902,222407,69,357303
11198,0.002043,172.31.40.0-255,66,222473,69,357303
11199,0.00206,74.125.68.0-255,4320,226793,69,357303
11200,0.002062,172.31.40.0-255,66,226859,69,357303
11201,0.002098,172.31.40.0-255,66,226925,69,357303
11202,0.002144,172.31.40.0-255,66,226991,69,357303
11203,0.002152,74.125.68.0-255,3602,230593,69,357303
11204,0.002154,172.31.40.0-255,66,230659,69,357303
11205,0.002166,74.125.68.0-255,1484,232143,69,357303
11206,0.002198,172.31.40.0-255,66,232209,69,357303
11207,0.002203,74.125.68.0-255,4320,236529,69,357303
11208,0.002204,172.31.40.0-255,66,236595,69,357303
11209,0.002271,172.31.40.0-255,66,236661,69,357303
11210,0.002278,74.125.68.0-255,7156,243817,69,357303
11211,0.00228,172.31.40.0-255,66,243883,69,357303
11212,0.002295,74.125.68.0-255,5738,249621,69,357303
11213,0.002297,172.31.40.0-255,66,249687,69,357303
11214,0.002313,74.125.68.0-255,4320,254007,69,357303
11215,0.002316,172.31.40.0-255,66,254073,69,357303
11216,0.00458,74.125.68.0-255,1484,255557,69,357303
11217,0.004601,74.125.68.0-255,4320,259877,69,357303
11218,0.004605,172.31.40.0-255,66,259943,69,357303
11219,0.006892,74.125.68.0-255,5738,265681,69,357303
11220,0.006895,172.31.40.0-255,66,265747,69,357303
11221,0.009201,74.125.68.0-255,5738,271485,69,357303
11222,0.009208,172.31.40.0-255,66,271551,69,357303
11223,0.011505,74.125.68.0-255,5738,277289,69,357303
11224,0.011514,172.31.40.0-255,66,277355,69,357303
11225,0.013814,74.125.68.0-255,5738,283093,69,357303
11226,0.013821,172.31.40.0-255,66,283159,69,357303
11227,0.016127,74.125.68.0-255,5738,288897,69,357303
11228,0.016135,172.31.40.0-255,66,288963,69,357303
11229,0.018435,74.125.68.0-255,5738,294701,69,357303
11230,0.018441,172.31.40.0-255,66,294767,69,357303
11231,0.020737,74.125.68.0-255,5738,300505,69,357303
11232,0.020744,172.31.40.0-255,66,300571,69,357303
11233,0.023045,74.125.68.0-255,5738,306309,69,357303
11234,0.023055,172.31.40.0-255,66,306375,69,357303
11235,0.025352,74.125.68.0-255,5738,312113,69,357303
11236,0.02536,172.31.40.0-255,66,312179,69,357303
11237,0.027661,74.125.68.0-255,5738,317917,69,357303
11238,0.027668,172.31.40.0-255,66,317983,69,357303
11239,0.02996,74.125.68.0-255,5738,323721,69,357303
11240,0.029968,172.31.40.0-255,66,323787,69,357303
11241,0.032293,74.125.68.0-255,5738,329525,69,357303
11242,0.032302,172.31.40.0-255,66,329591,69,357303
11243,0.034603,74.125.68.0-255,5738,335329,69,357303
11244,0.03461,172.31.40.0-255,66,335395,69,357303
11245,0.03692,74.125.68.0-255,5738,341133,69,357303
11246,0.036928,172.31.40.0-255,66,341199,69,357303
11247,0.038871,172.31.40.0-255,192,341391,69,357303
11248,0.038905,172.31.40.0-255,1116,342507,69,357303
11249,0.038971,172.31.40.0-255,1514,344021,69,357303
11250,0.038973,172.31.40.0-255,1514,345535,69,357303
11251,0.038974,172.31.40.0-255,1514,347049,69,357303
11252,0.038978,172.31.40.0-255,1514,348563,69,357303
11253,0.038979,172.31.40.0-255,1501,350064,69,357303
11254,0.039219,74.125.68.0-255,5738,355802,69,357303
11255,0.039226,172.31.40.0-255,66,355868,69,357303
11256,0.040375,104.244.42.0-255,66,355934,69,357303
11257,0.040404,104.244.42.0-255,66,356000,69,357303
11258,0.040507,104.244.42.0-255,66,356066,69,357303
11259,0.041529,74.125.68.0-255,1000,357066,69,357303
11260,0.04167,172.31.40.0-255,66,357132,69,357303
11261,0.041701,172.31.40.0-255,105,357237,69,357303
11262,0.043961,74.125.68.0-255,66,357303,69,357303
11263,0.0,74.125.200.0-255,147,147,69,274072
11264,1.4e-05,172.31.40.0-255,66,213,69,274072
11265,4.3e-05,74.125.200.0-255,1484,1697,69,274072
11266,4.9e-05,172.31.40.0-255,66,1763,69,274072
11267,5.5e-05,74.125.200.0-255,2902,4665,69,274072
11268,5.9e-05,172.31.40.0-255,66,4731,69,274072
11269,8.9e-05,74.125.200.0-255,5738,10469,69,274072
11270,9.7e-05,172.31.40.0-255,66,10535,69,274072
11271,0.000101,74.125.200.0-255,2902,13437,69,274072
11272,0.000103,172.31.40.0-255,66,13503,69,274072
11273,0.000109,74.125.200.0-255,3543,17046,69,274072
11274,0.000111,172.31.40.0-255,66,17112,69,274072
11275,0.000143,172.31.40.0-255,66,17178,69,274072
11276,0.000148,74.125.200.0-255,4320,21498,69,274072
11277,0.000151,172.31.40.0-255,66,21564,69,274072
11278,0.000187,74.125.200.0-255,1125,22689,69,274072
11279,0.00019,172.31.40.0-255,66,22755,69,274072
11280,0.000463,74.125.200.0-255,1484,24239,69,274072
11281,0.000469,172.31.40.0-255,66,24305,69,274072
11282,0.000476,74.125.200.0-255,2902,27207,69,274072
11283,0.000479,172.31.40.0-255,66,27273,69,274072
11284,0.00049,74.125.200.0-255,5738,33011,69,274072
11285,0.000492,172.31.40.0-255,66,33077,69,274072
11286,0.00052,74.125.200.0-255,6797,39874,69,274072
11287,0.000527,172.31.40.0-255,66,39940,69,274072
11288,0.000556,172.31.40.0-255,66,40006,69,274072
11289,0.000581,74.125.200.0-255,2902,42908,69,274072
11290,0.000584,172.31.40.0-255,66,42974,69,274072
11291,0.000591,74.125.200.0-255,5691,48665,69,274072
11292,0.000593,172.31.40.0-255,66,48731,69,274072
11293,0.00069,74.125.200.0-255,112,48843,69,274072
11294,0.000772,74.125.200.0-255,1484,50327,69,274072
11295,0.000787,172.31.40.0-255,66,50393,69,274072
11296,0.000793,74.125.200.0-255,2902,53295,69,274072
11297,0.000797,74.125.200.0-255,2902,56197,69,274072
11298,0.000812,172.31.40.0-255,66,56263,69,274072
11299,0.000814,74.125.200.0-255,1484,57747,69,274072
11300,0.000841,74.125.200.0-255,4320,62067,69,274072
11301,0.00086,172.31.40.0-255,66,62133,69,274072
11302,0.000924,74.125.200.0-255,3602,65735,69,274072
11303,0.000936,172.31.40.0-255,66,65801,69,274072
11304,0.001172,74.125.200.0-255,1484,67285,69,274072
11305,0.001199,74.125.200.0-255,1484,68769,69,274072
11306,0.001202,172.31.40.0-255,66,68835,69,274072
11307,0.001236,74.125.200.0-255,2902,71737,69,274072
11308,0.001254,74.125.200.0-255,4320,76057,69,274072
11309,0.001266,172.31.40.0-255,66,76123,69,274072
11310,0.001279,74.125.200.0-255,1484,77607,69,274072
11311,0.001305,74.125.200.0-255,7156,84763,69,274072
11312,0.00131,74.125.200.0-255,5738,90501,69,274072
11313,0.001318,74.125.200.0-255,7156,97657,69,274072
11314,0.001333,172.31.40.0-255,66,97723,69,274072
11315,0.001337,74.125.200.0-255,2184,99907,69,274072
11316,0.001355,172.31.40.0-255,66,99973,69,274072
11317,0.001379,74.125.200.0-255,2902,102875,69,274072
11318,0.001395,74.125.200.0-255,1484,104359,69,274072
11319,0.0014,74.125.200.0-255,2902,107261,69,274072
11320,0.001415,172.31.40.0-255,66,107327,69,274072
11321,0.001423,74.125.200.0-255,5738,113065,69,274072
11322,0.001443,172.31.40.0-255,66,113131,69,274072
11323,0.001529,172.31.40.0-255,66,113197,69,274072
11324,0.001534,74.125.200.0-255,2902,116099,69,274072
11325,0.001539,172.31.40.0-255,66,116165,69,274072
11326,0.001595,172.31.40.0-255,66,116231,69,274072
11327,0.00183,74.125.200.0-255,1484,117715,69,274072
11328,0.001846,74.125.200.0-255,2902,120617,69,274072
11329,0.00185,172.31.40.0-255,66,120683,69,274072
11330,0.001862,74.125.200.0-255,4320,125003,69,274072
11331,0.001875,74.125.200.0-255,2902,127905,69,274072
11332,0.001891,74.125.200.0-255,5738,133643,69,274072
11333,0.001894,74.125.200.0-255,1484,135127,69,274072
11334,0.001898,172.31.40.0-255,66,135193,69,274072
11335,0.001907,74.125.200.0-255,4320,139513,69,274072
11336,0.001911,172.31.40.0-255,66,139579,69,274072
11337,0.001932,74.125.200.0-255,1484,141063,69,274072
11338,0.001946,74.125.200.0-255,766,141829,69,274072
11339,0.001952,172.31.40.0-255,66,141895,69,274072
11340,0.002083,74.125.200.0-255,1484,143379,69,274072
11341,0.002096,74.125.200.0-255,1484,144863,69,274072
11342,0.002099,172.31.40.0-255,66,144929,69,274072
11343,0.002103,74.125.200.0-255,1484,146413,69,274072
11344,0.002123,74.125.200.0-255,1484,147897,69,274072
11345,0.002156,74.125.200.0-255,4320,152217,69,274072
11346,0.002171,74.125.200.0-255,1484,153701,69,274072
11347,0.002184,172.31.40.0-255,66,153767,69,274072
11348,0.002189,172.31.40.0-255,66,153833,69,274072
11349,0.002199,74.125.200.0-255,1484,155317,69,274072
11350,0.002231,172.31.40.0-255,66,155383,69,274072
11351,0.00227,74.125.200.0-255,1484,156867,69,274072
11352,0.002291,74.125.200.0-255,2902,159769,69,274072
11353,0.002295,172.31.40.0-255,66,159835,69,274072
11354,0.002326,74.125.200.0-255,4320,164155,69,274072
11355,0.002339,172.31.40.0-255,66,164221,69,274072
11356,0.002343,74.125.200.0-255,2902,167123,69,274072
11357,0.002347,172.31.40.0-255,66,167189,69,274072
11358,0.004662,74.125.200.0-255,5738,172927,69,274072
11359,0.004669,172.31.40.0-255,66,172993,69,274072
11360,0.006985,74.125.200.0-255,5738,178731,69,274072
11361,0.012377,172.31.40.0-255,66,178797,69,274072
11362,0.013982,74.125.200.0-255,1484,180281,69,274072
11363,0.014713,74.125.200.0-255,4320,184601,69,274072
11364,0.01472,172.31.40.0-255,66,184667,69,274072
11365,0.017044,74.125.200.0-255,5738,190405,69,274072
11366,0.017094,172.31.40.0-255,66,190471,69,274072
11367,0.019425,74.125.200.0-255,5738,196209,69,274072
11368,0.019437,172.31.40.0-255,66,196275,69,274072
11369,0.021769,74.125.200.0-255,5738,202013,69,274072
11370,0.024031,172.31.40.0-255,66,202079,69,274072
11371,0.02637,74.125.200.0-255,5738,207817,69,274072
11372,0.026381,172.31.40.0-255,66,207883,69,274072
11373,0.028716,74.125.200.0-255,5738,213621,69,274072
11374,0.028724,172.31.40.0-255,66,213687,69,274072
11375,0.031048,74.125.200.0-255,5738,219425,69,274072
11376,0.031055,172.31.40.0-255,66,219491,69,274072
11377,0.033372,74.125.200.0-255,5738,225229,69,274072
11378,0.03338,172.31.40.0-255,66,225295,69,274072
11379,0.035696,74.125.200.0-255,5738,231033,69,274072
11380,0.035704,172.31.40.0-255,66,231099,69,274072
11381,0.03696,172.31.40.0-255,172,231271,69,274072
11382,0.03699,172.31.40.0-255,1111,232382,69,274072
11383,0.037046,172.31.40.0-255,1514,233896,69,274072
11384,0.037048,172.31.40.0-255,1514,235410,69,274072
11385,0.037049,172.31.40.0-255,1514,236924,69,274072
11386,0.03705,172.31.40.0-255,1514,238438,69,274072
11387,0.037051,172.31.40.0-255,546,238984,69,274072
11388,0.03804,74.125.200.0-255,5738,244722,69,274072
11389,0.038046,172.31.40.0-255,66,244788,69,274072
11390,0.03851,104.244.42.0-255,66,244854,69,274072
11391,0.038537,104.244.42.0-255,66,244920,69,274072
11392,0.038666,104.244.42.0-255,66,244986,69,274072
11393,0.038679,104.244.42.0-255,66,245052,69,274072
11394,0.040369,74.125.200.0-255,5738,250790,69,274072
11395,0.040375,172.31.40.0-255,66,250856,69,274072
11396,0.042708,74.125.200.0-255,5738,256594,69,274072
11397,0.042715,172.31.40.0-255,66,256660,69,274072
11398,0.045032,74.125.200.0-255,5738,262398,69,274072
11399,0.045038,172.31.40.0-255,66,262464,69,274072
11400,0.047412,74.125.200.0-255,5738,268202,69,274072
11401,0.047418,172.31.40.0-255,66,268268,69,274072
11402,0.049748,74.125.200.0-255,5738,274006,69,274072
11403,0.049756,172.31.40.0-255,66,274072,69,274072
11404,0.0,74.125.24.0-255,153,153,69,252875
11405,3.1e-05,172.31.40.0-255,66,219,69,252875
11406,3.8e-05,74.125.24.0-255,1484,1703,69,252875
11407,4.2e-05,172.31.40.0-255,66,1769,69,252875
11408,4.7e-05,74.125.24.0-255,2902,4671,69,252875
11409,5.1e-05,172.31.40.0-255,66,4737,69,252875
11410,5.8e-05,74.125.24.0-255,7156,11893,69,252875
11411,6.1e-05,172.31.40.0-255,66,11959,69,252875
11412,9.5e-05,74.125.24.0-255,2100,14059,69,252875
11413,9.8e-05,172.31.40.0-255,66,14125,69,252875
11414,0.000197,74.125.24.0-255,1484,15609,69,252875
11415,0.000202,172.31.40.0-255,66,15675,69,252875
11416,0.000207,74.125.24.0-255,2902,18577,69,252875
11417,0.000211,172.31.40.0-255,66,18643,69,252875
11418,0.000217,74.125.24.0-255,5738,24381,69,252875
11419,0.000219,172.31.40.0-255,66,24447,69,252875
11420,0.000265,74.125.24.0-255,6797,31244,69,252875
11421,0.00027,172.31.40.0-255,66,31310,69,252875
11422,0.00038,74.125.24.0-255,1484,32794,69,252875
11423,0.000385,172.31.40.0-255,66,32860,69,252875
11424,0.000391,74.125.24.0-255,2902,35762,69,252875
11425,0.000396,172.31.40.0-255,66,35828,69,252875
11426,0.000408,74.125.24.0-255,5738,41566,69,252875
11427,0.000412,172.31.40.0-255,66,41632,69,252875
11428,0.000438,74.125.24.0-255,7156,48788,69,252875
11429,0.000442,172.31.40.0-255,66,48854,69,252875
11430,0.000469,74.125.24.0-255,6797,55651,69,252875
11431,0.000473,172.31.40.0-255,66,55717,69,252875
11432,0.000478,74.125.24.0-255,4320,60037,69,252875
11433,0.000482,172.31.40.0-255,66,60103,69,252875
11434,0.000504,74.125.24.0-255,4320,64423,69,252875
11435,0.000508,172.31.40.0-255,66,64489,69,252875
11436,0.000526,74.125.24.0-255,1458,65947,69,252875
11437,0.000528,74.125.24.0-255,376,66323,69,252875
11438,0.000531,172.31.40.0-255,66,66389,69,252875
11439,0.00079,74.125.24.0-255,1484,67873,69,252875
11440,0.000797,74.125.24.0-255,2902,70775,69,252875
11441,0.000801,172.31.40.0-255,66,70841,69,252875
11442,0.000808,74.125.24.0-255,4320,75161,69,252875
11443,0.00081,172.31.40.0-255,66,75227,69,252875
11444,0.000825,74.125.24.0-255,1484,76711,69,252875
11445,0.000838,172.31.40.0-255,66,76777,69,252875
11446,0.000852,74.125.24.0-255,2902,79679,69,252875
11447,0.000855,172.31.40.0-255,66,79745,69,252875
11448,0.000859,74.125.24.0-255,2902,82647,69,252875
11449,0.000863,172.31.40.0-255,66,82713,69,252875
11450,0.000895,172.31.40.0-255,66,82779,69,252875
11451,0.002,74.125.24.0-255,1484,84263,69,252875
11452,0.002009,74.125.24.0-255,1484,85747,69,252875
11453,0.002014,172.31.40.0-255,66,85813,69,252875
11454,0.002037,74.125.24.0-255,1484,87297,69,252875
11455,0.002043,74.125.24.0-255,4320,91617,69,252875
11456,0.002045,172.31.40.0-255,66,91683,69,252875
11457,0.002056,172.31.40.0-255,66,91749,69,252875
11458,0.002084,74.125.24.0-255,2902,94651,69,252875
11459,0.002086,172.31.40.0-255,66,94717,69,252875
11460,0.002117,172.31.40.0-255,66,94783,69,252875
11461,0.002121,74.125.24.0-255,2902,97685,69,252875
11462,0.002123,172.31.40.0-255,66,97751,69,252875
11463,0.002145,74.125.24.0-255,1484,99235,69,252875
11464,0.002152,74.125.24.0-255,5738,104973,69,252875
11465,0.002154,172.31.40.0-255,66,105039,69,252875
11466,0.002173,74.125.24.0-255,7156,112195,69,252875
11467,0.002176,172.31.40.0-255,66,112261,69,252875
11468,0.002194,74.125.24.0-255,4320,116581,69,252875
11469,0.002196,172.31.40.0-255,66,116647,69,252875
11470,0.002203,74.125.24.0-255,7156,123803,69,252875
11471,0.002206,172.31.40.0-255,66,123869,69,252875
11472,0.002255,172.31.40.0-255,66,123935,69,252875
11473,0.002267,172.31.40.0-255,66,124001,69,252875
11474,0.002286,74.125.24.0-255,4320,128321,69,252875
11475,0.002288,172.31.40.0-255,66,128387,69,252875
11476,0.002341,172.31.40.0-255,66,128453,69,252875
11477,0.002389,172.31.40.0-255,66,128519,69,252875
11478,0.00242,172.31.40.0-255,66,128585,69,252875
11479,0.002439,172.31.40.0-255,66,128651,69,252875
11480,0.004792,74.125.24.0-255,5738,134389,69,252875
11481,0.00481,172.31.40.0-255,66,134455,69,252875
11482,0.007185,74.125.24.0-255,5738,140193,69,252875
11483,0.007205,172.31.40.0-255,66,140259,69,252875
11484,0.009549,74.125.24.0-255,5738,145997,69,252875
11485,0.009569,172.31.40.0-255,66,146063,69,252875
11486,0.0119,74.125.24.0-255,5738,151801,69,252875
11487,0.011908,172.31.40.0-255,66,151867,69,252875
11488,0.014213,74.125.24.0-255,5738,157605,69,252875
11489,0.01422,172.31.40.0-255,66,157671,69,252875
11490,0.016561,74.125.24.0-255,5738,163409,69,252875
11491,0.016568,172.31.40.0-255,66,163475,69,252875
11492,0.018922,74.125.24.0-255,5738,169213,69,252875
11493,0.018931,172.31.40.0-255,66,169279,69,252875
11494,0.021286,74.125.24.0-255,5738,175017,69,252875
11495,0.021296,172.31.40.0-255,66,175083,69,252875
11496,0.02362,74.125.24.0-255,5738,180821,69,252875
11497,0.023627,172.31.40.0-255,66,180887,69,252875
11498,0.025958,74.125.24.0-255,5738,186625,69,252875
11499,0.025972,172.31.40.0-255,66,186691,69,252875
11500,0.028321,74.125.24.0-255,5738,192429,69,252875
11501,0.028331,172.31.40.0-255,66,192495,69,252875
11502,0.030643,74.125.24.0-255,5738,198233,69,252875
11503,0.03065,172.31.40.0-255,66,198299,69,252875
11504,0.033002,74.125.24.0-255,5738,204037,69,252875
11505,0.03301,172.31.40.0-255,66,204103,69,252875
11506,0.035331,74.125.24.0-255,5738,209841,69,252875
11507,0.035338,172.31.40.0-255,66,209907,69,252875
11508,0.036192,172.31.40.0-255,167,210074,69,252875
11509,0.036227,172.31.40.0-255,1111,211185,69,252875
11510,0.036341,172.31.40.0-255,1514,212699,69,252875
11511,0.036343,172.31.40.0-255,1514,214213,69,252875
11512,0.036344,172.31.40.0-255,1514,215727,69,252875
11513,0.036345,172.31.40.0-255,1514,217241,69,252875
11514,0.036346,172.31.40.0-255,546,217787,69,252875
11515,0.037709,74.125.24.0-255,5738,223525,69,252875
11516,0.037716,172.31.40.0-255,66,223591,69,252875
11517,0.037753,104.244.42.0-255,66,223657,69,252875
11518,0.037808,104.244.42.0-255,66,223723,69,252875
11519,0.037903,104.244.42.0-255,66,223789,69,252875
11520,0.037908,104.244.42.0-255,66,223855,69,252875
11521,0.040034,74.125.24.0-255,5738,229593,69,252875
11522,0.040041,172.31.40.0-255,66,229659,69,252875
11523,0.042422,74.125.24.0-255,5738,235397,69,252875
11524,0.04243,172.31.40.0-255,66,235463,69,252875
11525,0.044795,74.125.24.0-255,5738,241201,69,252875
11526,0.044801,172.31.40.0-255,66,241267,69,252875
11527,0.047181,74.125.24.0-255,5738,247005,69,252875
11528,0.047188,172.31.40.0-255,66,247071,69,252875
11529,0.049526,74.125.24.0-255,5738,252809,69,252875
11530,0.049533,172.31.40.0-255,66,252875,69,252875
11531,0.0,172.31.40.0-255,105,105,69,459
11532,0.000151,172.31.40.0-255,90,195,69,459
11533,0.00016,172.31.40.0-255,66,261,69,459
11534,0.002567,74.125.24.0-255,66,327,69,459
11535,0.002597,74.125.24.0-255,66,393,69,459
11536,0.002619,172.31.40.0-255,66,459,69,459
11537,0.0,172.217.194.0-255,149,149,69,164627
11538,2.2e-05,172.31.40.0-255,66,215,69,164627
11539,2.9e-05,172.217.194.0-255,1484,1699,69,164627
11540,3.3e-05,172.31.40.0-255,66,1765,69,164627
11541,3.9e-05,172.217.194.0-255,2902,4667,69,164627
11542,5.1e-05,172.31.40.0-255,66,4733,69,164627
11543,5.8e-05,172.217.194.0-255,7156,11889,69,164627
11544,6.2e-05,172.31.40.0-255,66,11955,69,164627
11545,9.5e-05,172.217.194.0-255,2099,14054,69,164627
11546,9.7e-05,172.31.40.0-255,66,14120,69,164627
11547,0.000504,172.217.194.0-255,1484,15604,69,164627
11548,0.00051,172.31.40.0-255,66,15670,69,164627
11549,0.000516,172.217.194.0-255,2902,18572,69,164627
11550,0.000519,172.31.40.0-255,66,18638,69,164627
11551,0.000531,172.217.194.0-255,5738,24376,69,164627
11552,0.000534,172.31.40.0-255,66,24442,69,164627
11553,0.00058,172.31.40.0-255,66,24508,69,164627
11554,0.000592,172.31.40.0-255,66,24574,69,164627
11555,0.000639,172.217.194.0-255,5738,30312,69,164627
11556,0.000642,172.31.40.0-255,66,30378,69,164627
11557,0.000683,172.31.40.0-255,66,30444,69,164627
11558,0.00098,172.217.194.0-255,646,31090,69,164627
11559,0.000987,172.31.40.0-255,66,31156,69,164627
11560,0.001105,172.217.194.0-255,1484,32640,69,164627
11561,0.001109,172.31.40.0-255,66,32706,69,164627
11562,0.001114,172.217.194.0-255,2902,35608,69,164627
11563,0.001117,172.31.40.0-255,66,35674,69,164627
11564,0.00112,172.217.194.0-255,1484,37158,69,164627
11565,0.001122,172.31.40.0-255,66,37224,69,164627
11566,0.001158,172.217.194.0-255,4320,41544,69,164627
11567,0.001166,172.217.194.0-255,7156,48700,69,164627
11568,0.001182,172.31.40.0-255,66,48766,69,164627
11569,0.001189,172.217.194.0-255,5738,54504,69,164627
11570,0.001195,172.217.194.0-255,5738,60242,69,164627
11571,0.001215,172.217.194.0-255,2902,63144,69,164627
11572,0.001219,172.217.194.0-255,2184,65328,69,164627
11573,0.001222,172.31.40.0-255,66,65394,69,164627
11574,0.001249,172.31.40.0-255,66,65460,69,164627
11575,0.001526,172.217.194.0-255,1484,66944,69,164627
11576,0.001533,172.217.194.0-255,2902,69846,69,164627
11577,0.001537,172.31.40.0-255,66,69912,69,164627
11578,0.001542,172.217.194.0-255,2902,72814,69,164627
11579,0.001548,172.31.40.0-255,66,72880,69,164627
11580,0.001567,172.217.194.0-255,2902,75782,69,164627
11581,0.001591,172.217.194.0-255,7156,82938,69,164627
11582,0.001596,172.31.40.0-255,66,83004,69,164627
11583,0.001607,172.217.194.0-255,1484,84488,69,164627
11584,0.001649,172.217.194.0-255,2184,86672,69,164627
11585,0.001665,172.31.40.0-255,66,86738,69,164627
11586,0.001891,172.217.194.0-255,1484,88222,69,164627
11587,0.00191,172.217.194.0-255,2902,91124,69,164627
11588,0.001914,172.31.40.0-255,66,91190,69,164627
11589,0.001921,172.217.194.0-255,5738,96928,69,164627
11590,0.001944,172.217.194.0-255,5738,102666,69,164627
11591,0.001956,172.31.40.0-255,66,102732,69,164627
11592,0.001964,172.217.194.0-255,7156,109888,69,164627
11593,0.001966,172.217.194.0-255,1484,111372,69,164627
11594,0.001978,172.217.194.0-255,5738,117110,69,164627
11595,0.001984,172.31.40.0-255,66,117176,69,164627
11596,0.00204,172.217.194.0-255,1484,118660,69,164627
11597,0.002045,172.31.40.0-255,66,118726,69,164627
11598,0.002057,172.217.194.0-255,5738,124464,69,164627
11599,0.002064,172.31.40.0-255,66,124530,69,164627
11600,0.002101,172.217.194.0-255,6438,130968,69,164627
11601,0.00211,172.217.194.0-255,7156,138124,69,164627
11602,0.002112,172.217.194.0-255,1484,139608,69,164627
11603,0.002116,172.31.40.0-255,78,139686,69,164627
11604,0.002176,172.217.194.0-255,4320,144006,69,164627
11605,0.002183,172.31.40.0-255,66,144072,69,164627
11606,0.002298,172.217.194.0-255,7156,151228,69,164627
11607,0.002334,172.217.194.0-255,1484,152712,69,164627
11608,0.002376,172.217.194.0-255,7156,159868,69,164627
11609,0.002415,172.217.194.0-255,4320,164188,69,164627
11610,0.002448,172.217.194.0-255,97,164285,69,164627
11611,0.002497,172.217.194.0-255,105,164390,69,164627
11612,0.012103,172.31.40.0-255,66,164456,69,164627
11613,0.014469,172.31.40.0-255,105,164561,69,164627
11614,0.016437,172.217.194.0-255,66,164627,69,164627
11615,0.0,74.125.24.0-255,298,298,69,234602
11616,1.6e-05,172.31.40.0-255,66,364,69,234602
11617,2.2e-05,74.125.24.0-255,1484,1848,69,234602
11618,2.7e-05,172.31.40.0-255,66,1914,69,234602
11619,3.4e-05,74.125.24.0-255,4320,6234,69,234602
11620,3.7e-05,172.31.40.0-255,66,6300,69,234602
11621,6.2e-05,74.125.24.0-255,4320,10620,69,234602
11622,6.5e-05,172.31.40.0-255,66,10686,69,234602
11623,8.6e-05,74.125.24.0-255,3257,13943,69,234602
11624,8.9e-05,172.31.40.0-255,66,14009,69,234602
11625,0.0001,74.125.24.0-255,1484,15493,69,234602
11626,0.000103,172.31.40.0-255,66,15559,69,234602
11627,0.000127,74.125.24.0-255,2902,18461,69,234602
11628,0.00013,172.31.40.0-255,66,18527,69,234602
11629,0.000136,74.125.24.0-255,5738,24265,69,234602
11630,0.000139,172.31.40.0-255,66,24331,69,234602
11631,0.000161,74.125.24.0-255,2902,27233,69,234602
11632,0.000164,172.31.40.0-255,66,27299,69,234602
11633,0.000176,74.125.24.0-255,3961,31260,69,234602
11634,0.000179,172.31.40.0-255,66,31326,69,234602
11635,0.00083,74.125.24.0-255,1484,32810,69,234602
11636,0.000837,172.31.40.0-255,66,32876,69,234602
11637,0.000845,74.125.24.0-255,2902,35778,69,234602
11638,0.000848,172.31.40.0-255,66,35844,69,234602
11639,0.000855,74.125.24.0-255,5738,41582,69,234602
11640,0.000857,172.31.40.0-255,66,41648,69,234602
11641,0.00089,74.125.24.0-255,6797,48445,69,234602
11642,0.000893,172.31.40.0-255,66,48511,69,234602
11643,0.000901,74.125.24.0-255,7156,55667,69,234602
11644,0.000903,172.31.40.0-255,66,55733,69,234602
11645,0.000946,172.31.40.0-255,66,55799,69,234602
11646,0.000978,74.125.24.0-255,342,56141,69,234602
11647,0.001066,74.125.24.0-255,1484,57625,69,234602
11648,0.001072,172.31.40.0-255,66,57691,69,234602
11649,0.001078,74.125.24.0-255,2902,60593,69,234602
11650,0.001081,172.31.40.0-255,66,60659,69,234602
11651,0.001086,74.125.24.0-255,4320,64979,69,234602
11652,0.001088,172.31.40.0-255,66,65045,69,234602
11653,0.001106,74.125.24.0-255,1484,66529,69,234602
11654,0.001122,74.125.24.0-255,2902,69431,69,234602
11655,0.001125,172.31.40.0-255,66,69497,69,234602
11656,0.001146,74.125.24.0-255,3961,73458,69,234602
11657,0.001149,172.31.40.0-255,66,73524,69,234602
11658,0.00119,74.125.24.0-255,1484,75008,69,234602
11659,0.001231,74.125.24.0-255,2902,77910,69,234602
11660,0.001235,172.31.40.0-255,66,77976,69,234602
11661,0.001238,74.125.24.0-255,1484,79460,69,234602
11662,0.001263,74.125.24.0-255,1484,80944,69,234602
11663,0.001265,172.31.40.0-255,66,81010,69,234602
11664,0.001274,74.125.24.0-255,7156,88166,69,234602
11665,0.001277,172.31.40.0-255,66,88232,69,234602
11666,0.001281,74.125.24.0-255,2543,90775,69,234602
11667,0.001284,172.31.40.0-255,66,90841,69,234602
11668,0.001417,74.125.24.0-255,1484,92325,69,234602
11669,0.001424,74.125.24.0-255,2902,95227,69,234602
11670,0.001428,172.31.40.0-255,66,95293,69,234602
11671,0.001451,74.125.24.0-255,5738,101031,69,234602
11672,0.001454,172.31.40.0-255,66,101097,69,234602
11673,0.001478,74.125.24.0-255,4320,105417,69,234602
11674,0.001481,172.31.40.0-255,66,105483,69,234602
11675,0.001508,172.31.40.0-255,66,105549,69,234602
11676,0.00153,74.125.24.0-255,4320,109869,69,234602
11677,0.001532,172.31.40.0-255,66,109935,69,234602
11678,0.001553,74.125.24.0-255,6438,116373,69,234602
11679,0.001557,172.31.40.0-255,66,116439,69,234602
11680,0.003949,74.125.24.0-255,5738,122177,69,234602
11681,0.003958,172.31.40.0-255,66,122243,69,234602
11682,0.006339,74.125.24.0-255,5738,127981,69,234602
11683,0.006348,172.31.40.0-255,66,128047,69,234602
11684,0.008763,74.125.24.0-255,5738,133785,69,234602
11685,0.008771,172.31.40.0-255,66,133851,69,234602
11686,0.01119,74.125.24.0-255,5738,139589,69,234602
11687,0.011198,172.31.40.0-255,66,139655,69,234602
11688,0.01362,74.125.24.0-255,5738,145393,69,234602
11689,0.013629,172.31.40.0-255,66,145459,69,234602
11690,0.016062,74.125.24.0-255,2902,148361,69,234602
11691,0.016073,172.31.40.0-255,66,148427,69,234602
11692,0.016096,74.125.24.0-255,2902,151329,69,234602
11693,0.016099,172.31.40.0-255,66,151395,69,234602
11694,0.018511,74.125.24.0-255,5738,157133,69,234602
11695,0.018519,172.31.40.0-255,66,157199,69,234602
11696,0.020916,74.125.24.0-255,5738,162937,69,234602
11697,0.020924,172.31.40.0-255,66,163003,69,234602
11698,0.023317,74.125.24.0-255,5738,168741,69,234602
11699,0.023324,172.31.40.0-255,66,168807,69,234602
11700,0.025733,74.125.24.0-255,5738,174545,69,234602
11701,0.025741,172.31.40.0-255,66,174611,69,234602
11702,0.028143,74.125.24.0-255,5738,180349,69,234602
11703,0.028151,172.31.40.0-255,66,180415,69,234602
11704,0.029551,172.31.40.0-255,172,180587,69,234602
11705,0.029584,172.31.40.0-255,1116,181703,69,234602
11706,0.029658,172.31.40.0-255,1514,183217,69,234602
11707,0.02966,172.31.40.0-255,1514,184731,69,234602
11708,0.029666,172.31.40.0-255,1514,186245,69,234602
11709,0.029667,172.31.40.0-255,1514,187759,69,234602
11710,0.029697,172.31.40.0-255,1499,189258,69,234602
11711,0.030613,74.125.24.0-255,5738,194996,69,234602
11712,0.03062,172.31.40.0-255,66,195062,69,234602
11713,0.031243,104.244.42.0-255,66,195128,69,234602
11714,0.031285,104.244.42.0-255,66,195194,69,234602
11715,0.031354,104.244.42.0-255,66,195260,69,234602
11716,0.031393,104.244.42.0-255,66,195326,69,234602
11717,0.033054,74.125.24.0-255,4320,199646,69,234602
11718,0.033061,172.31.40.0-255,66,199712,69,234602
11719,0.03308,74.125.24.0-255,1484,201196,69,234602
11720,0.035469,74.125.24.0-255,4320,205516,69,234602
11721,0.035476,172.31.40.0-255,66,205582,69,234602
11722,0.037886,74.125.24.0-255,5738,211320,69,234602
11723,0.037893,172.31.40.0-255,66,211386,69,234602
11724,0.040295,74.125.24.0-255,5738,217124,69,234602
11725,0.040302,172.31.40.0-255,66,217190,69,234602
11726,0.042726,74.125.24.0-255,5738,222928,69,234602
11727,0.042733,172.31.40.0-255,66,222994,69,234602
11728,0.04516,74.125.24.0-255,5738,228732,69,234602
11729,0.045166,172.31.40.0-255,66,228798,69,234602
11730,0.047584,74.125.24.0-255,5738,234536,69,234602
11731,0.047591,172.31.40.0-255,66,234602,69,234602
11732,0.0,172.217.194.0-255,153,153,69,282261
11733,1.3e-05,172.31.40.0-255,66,219,69,282261
11734,2.1e-05,172.217.194.0-255,1484,1703,69,282261
11735,2.6e-05,172.31.40.0-255,66,1769,69,282261
11736,3.2e-05,172.217.194.0-255,2902,4671,69,282261
11737,3.6e-05,172.31.40.0-255,66,4737,69,282261
11738,4.2e-05,172.217.194.0-255,4320,9057,69,282261
11739,4.4e-05,172.31.40.0-255,66,9123,69,282261
11740,6.3e-05,172.217.194.0-255,2902,12025,69,282261
11741,6.6e-05,172.31.40.0-255,66,12091,69,282261
11742,0.000104,172.217.194.0-255,3507,15598,69,282261
11743,0.000107,172.31.40.0-255,66,15664,69,282261
11744,0.000111,172.217.194.0-255,2902,18566,69,282261
11745,0.000113,172.31.40.0-255,66,18632,69,282261
11746,0.000126,172.217.194.0-255,1484,20116,69,282261
11747,0.000128,172.31.40.0-255,66,20182,69,282261
11748,0.00015,172.217.194.0-255,7156,27338,69,282261
11749,0.000152,172.31.40.0-255,66,27404,69,282261
11750,0.000173,172.217.194.0-255,2902,30306,69,282261
11751,0.000176,172.31.40.0-255,66,30372,69,282261
11752,0.000179,172.217.194.0-255,1125,31497,69,282261
11753,0.000181,172.31.40.0-255,66,31563,69,282261
11754,0.000195,172.217.194.0-255,1484,33047,69,282261
11755,0.000197,172.31.40.0-255,66,33113,69,282261
11756,0.000215,172.217.194.0-255,2902,36015,69,282261
11757,0.000218,172.31.40.0-255,66,36081,69,282261
11758,0.000224,172.217.194.0-255,4320,40401,69,282261
11759,0.000226,172.31.40.0-255,66,40467,69,282261
11760,0.00024,172.217.194.0-255,1484,41951,69,282261
11761,0.000243,172.31.40.0-255,66,42017,69,282261
11762,0.00028,172.31.40.0-255,66,42083,69,282261
11763,0.000292,172.31.40.0-255,66,42149,69,282261
11764,0.000297,172.217.194.0-255,3961,46110,69,282261
11765,0.0003,172.31.40.0-255,66,46176,69,282261
11766,0.00034,172.217.194.0-255,346,46522,69,282261
11767,0.000393,172.217.194.0-255,119,46641,69,282261
11768,0.000436,172.217.194.0-255,376,47017,69,282261
11769,0.000639,172.217.194.0-255,1484,48501,69,282261
11770,0.000644,172.31.40.0-255,66,48567,69,282261
11771,0.00065,172.217.194.0-255,2902,51469,69,282261
11772,0.000653,172.31.40.0-255,66,51535,69,282261
11773,0.000657,172.217.194.0-255,2902,54437,69,282261
11774,0.000659,172.31.40.0-255,66,54503,69,282261
11775,0.000694,172.217.194.0-255,2902,57405,69,282261
11776,0.000697,172.31.40.0-255,66,57471,69,282261
11777,0.000712,172.31.40.0-255,66,57537,69,282261
11778,0.000717,172.217.194.0-255,2902,60439,69,282261
11779,0.000719,172.31.40.0-255,66,60505,69,282261
11780,0.000758,172.31.40.0-255,66,60571,69,282261
11781,0.000991,172.217.194.0-255,1484,62055,69,282261
11782,0.000998,172.217.194.0-255,2902,64957,69,282261
11783,0.001001,172.31.40.0-255,66,65023,69,282261
11784,0.001008,172.217.194.0-255,5738,70761,69,282261
11785,0.001011,172.31.40.0-255,66,70827,69,282261
11786,0.001038,172.217.194.0-255,5738,76565,69,282261
11787,0.001041,172.31.40.0-255,66,76631,69,282261
11788,0.001066,172.217.194.0-255,7156,83787,69,282261
11789,0.001069,172.31.40.0-255,66,83853,69,282261
11790,0.001081,172.31.40.0-255,66,83919,69,282261
11791,0.001137,172.217.194.0-255,1484,85403,69,282261
11792,0.001143,172.217.194.0-255,2902,88305,69,282261
11793,0.001153,172.31.40.0-255,66,88371,69,282261
11794,0.001167,172.217.194.0-255,4320,92691,69,282261
11795,0.001177,172.217.194.0-255,1484,94175,69,282261
11796,0.001183,172.217.194.0-255,5738,99913,69,282261
11797,0.001195,172.31.40.0-255,66,99979,69,282261
11798,0.001207,172.217.194.0-255,7156,107135,69,282261
11799,0.001222,172.31.40.0-255,66,107201,69,282261
11800,0.001254,172.217.194.0-255,4320,111521,69,282261
11801,0.001269,172.31.40.0-255,66,111587,69,282261
11802,0.001281,172.217.194.0-255,7156,118743,69,282261
11803,0.001288,172.217.194.0-255,5738,124481,69,282261
11804,0.001297,172.31.40.0-255,66,124547,69,282261
11805,0.00135,172.217.194.0-255,6438,130985,69,282261
11806,0.001353,172.31.40.0-255,66,131051,69,282261
11807,0.001398,172.217.194.0-255,5738,136789,69,282261
11808,0.001403,172.31.40.0-255,66,136855,69,282261
11809,0.001428,172.217.194.0-255,5738,142593,69,282261
11810,0.001435,172.217.194.0-255,5738,148331,69,282261
11811,0.001451,172.217.194.0-255,5020,153351,69,282261
11812,0.001465,172.31.40.0-255,66,153417,69,282261
11813,0.001623,172.217.194.0-255,1484,154901,69,282261
11814,0.001628,172.217.194.0-255,2902,157803,69,282261
11815,0.00166,172.217.194.0-255,5738,163541,69,282261
11816,0.001675,172.217.194.0-255,2902,166443,69,282261
11817,0.001679,172.31.40.0-255,66,166509,69,282261
11818,0.001689,172.31.40.0-255,66,166575,69,282261
11819,0.001733,172.217.194.0-255,2902,169477,69,282261
11820,0.001738,172.31.40.0-255,66,169543,69,282261
11821,0.001765,172.31.40.0-255,66,169609,69,282261
11822,0.002471,172.217.194.0-255,1484,171093,69,282261
11823,0.002489,172.217.194.0-255,2902,173995,69,282261
11824,0.002493,172.31.40.0-255,66,174061,69,282261
11825,0.0025,172.217.194.0-255,5738,179799,69,282261
11826,0.002511,172.217.194.0-255,1484,181283,69,282261
11827,0.002535,172.31.40.0-255,66,181349,69,282261
11828,0.002572,172.217.194.0-255,1484,182833,69,282261
11829,0.002618,172.31.40.0-255,66,182899,69,282261
11830,0.005243,172.217.194.0-255,5738,188637,69,282261
11831,0.00525,172.31.40.0-255,66,188703,69,282261
11832,0.007877,172.217.194.0-255,5738,194441,69,282261
11833,0.007884,172.31.40.0-255,66,194507,69,282261
11834,0.010511,172.217.194.0-255,5738,200245,69,282261
11835,0.010517,172.31.40.0-255,66,200311,69,282261
11836,0.013139,172.217.194.0-255,5738,206049,69,282261
11837,0.013147,172.31.40.0-255,66,206115,69,282261
11838,0.015825,172.217.194.0-255,5738,211853,69,282261
11839,0.015834,172.31.40.0-255,66,211919,69,282261
11840,0.018451,172.217.194.0-255,5738,217657,69,282261
11841,0.01846,172.31.40.0-255,66,217723,69,282261
11842,0.021112,172.217.194.0-255,5738,223461,69,282261
11843,0.02112,172.31.40.0-255,66,223527,69,282261
11844,0.023758,172.217.194.0-255,5738,229265,69,282261
11845,0.023765,172.31.40.0-255,66,229331,69,282261
11846,0.0264,172.217.194.0-255,5738,235069,69,282261
11847,0.02641,172.31.40.0-255,66,235135,69,282261
11848,0.029038,172.217.194.0-255,4320,239455,69,282261
11849,0.029046,172.31.40.0-255,66,239521,69,282261
11850,0.029066,172.217.194.0-255,1484,241005,69,282261
11851,0.031703,172.217.194.0-255,4320,245325,69,282261
11852,0.03171,172.31.40.0-255,66,245391,69,282261
11853,0.0341,172.31.40.0-255,172,245563,69,282261
11854,0.034133,172.31.40.0-255,1116,246679,69,282261
11855,0.034191,172.31.40.0-255,560,247239,69,282261
11856,0.034373,172.217.194.0-255,5738,252977,69,282261
11857,0.034379,172.31.40.0-255,66,253043,69,282261
11858,0.03569,104.244.42.0-255,66,253109,69,282261
11859,0.035723,104.244.42.0-255,66,253175,69,282261
11860,0.035775,104.244.42.0-255,66,253241,69,282261
11861,0.037011,172.217.194.0-255,5738,258979,69,282261
11862,0.037018,172.31.40.0-255,66,259045,69,282261
11863,0.039655,172.217.194.0-255,5738,264783,69,282261
11864,0.039662,172.31.40.0-255,66,264849,69,282261
11865,0.042298,172.217.194.0-255,5738,270587,69,282261
11866,0.042304,172.31.40.0-255,66,270653,69,282261
11867,0.044977,172.217.194.0-255,5738,276391,69,282261
11868,0.044986,172.31.40.0-255,66,276457,69,282261
11869,0.04763,172.217.194.0-255,5738,282195,69,282261
11870,0.047636,172.31.40.0-255,66,282261,69,282261
11871,0.0,74.125.24.0-255,154,154,69,191545
11872,2.2e-05,172.31.40.0-255,66,220,69,191545
11873,2.9e-05,74.125.24.0-255,1484,1704,69,191545
11874,3.4e-05,172.31.40.0-255,66,1770,69,191545
11875,4e-05,74.125.24.0-255,2902,4672,69,191545
11876,4.4e-05,172.31.40.0-255,66,4738,69,191545
11877,5.1e-05,74.125.24.0-255,7156,11894,69,191545
11878,5.5e-05,172.31.40.0-255,66,11960,69,191545
11879,5.8e-05,74.125.24.0-255,1484,13444,69,191545
11880,6e-05,172.31.40.0-255,66,13510,69,191545
11881,0.000108,172.31.40.0-255,66,13576,69,191545
11882,0.000113,74.125.24.0-255,2543,16119,69,191545
11883,0.000114,172.31.40.0-255,66,16185,69,191545
11884,0.000259,74.125.24.0-255,1484,17669,69,191545
11885,0.000263,172.31.40.0-255,66,17735,69,191545
11886,0.000269,74.125.24.0-255,2902,20637,69,191545
11887,0.000271,172.31.40.0-255,66,20703,69,191545
11888,0.000274,74.125.24.0-255,1484,22187,69,191545
11889,0.000276,172.31.40.0-255,66,22253,69,191545
11890,0.000298,74.125.24.0-255,4320,26573,69,191545
11891,0.0003,172.31.40.0-255,66,26639,69,191545
11892,0.000304,74.125.24.0-255,2902,29541,69,191545
11893,0.000307,172.31.40.0-255,66,29607,69,191545
11894,0.000324,74.125.24.0-255,3961,33568,69,191545
11895,0.000326,172.31.40.0-255,66,33634,69,191545
11896,0.000343,74.125.24.0-255,1484,35118,69,191545
11897,0.000345,172.31.40.0-255,66,35184,69,191545
11898,0.000369,74.125.24.0-255,5738,40922,69,191545
11899,0.000371,172.31.40.0-255,66,40988,69,191545
11900,0.000376,74.125.24.0-255,2902,43890,69,191545
11901,0.000377,172.31.40.0-255,66,43956,69,191545
11902,0.000402,74.125.24.0-255,1484,45440,69,191545
11903,0.000417,74.125.24.0-255,5675,51115,69,191545
11904,0.00042,172.31.40.0-255,66,51181,69,191545
11905,0.000436,74.125.24.0-255,414,51595,69,191545
11906,0.000779,74.125.24.0-255,1484,53079,69,191545
11907,0.000784,172.31.40.0-255,66,53145,69,191545
11908,0.00079,74.125.24.0-255,2902,56047,69,191545
11909,0.000792,172.31.40.0-255,66,56113,69,191545
11910,0.000797,74.125.24.0-255,2902,59015,69,191545
11911,0.000799,172.31.40.0-255,66,59081,69,191545
11912,0.000821,74.125.24.0-255,2902,61983,69,191545
11913,0.000823,172.31.40.0-255,66,62049,69,191545
11914,0.000839,172.31.40.0-255,66,62115,69,191545
11915,0.00088,172.31.40.0-255,66,62181,69,191545
11916,0.000899,74.125.24.0-255,4320,66501,69,191545
11917,0.000901,172.31.40.0-255,66,66567,69,191545
11918,0.000909,74.125.24.0-255,5738,72305,69,191545
11919,0.000911,172.31.40.0-255,66,72371,69,191545
11920,0.000954,172.31.40.0-255,66,72437,69,191545
11921,0.000966,172.31.40.0-255,66,72503,69,191545
11922,0.000978,74.125.24.0-255,766,73269,69,191545
11923,0.000985,74.125.24.0-255,4320,77589,69,191545
11924,0.000987,172.31.40.0-255,66,77655,69,191545
11925,0.001023,172.31.40.0-255,66,77721,69,191545
11926,0.00104,172.31.40.0-255,66,77787,69,191545
11927,0.001076,74.125.24.0-255,5020,82807,69,191545
11928,0.00108,172.31.40.0-255,66,82873,69,191545
11929,0.001083,74.125.24.0-255,1484,84357,69,191545
11930,0.001087,74.125.24.0-255,2902,87259,69,191545
11931,0.001089,172.31.40.0-255,66,87325,69,191545
11932,0.001095,74.125.24.0-255,5738,93063,69,191545
11933,0.001098,172.31.40.0-255,66,93129,69,191545
11934,0.001174,172.31.40.0-255,66,93195,69,191545
11935,0.001191,74.125.24.0-255,1484,94679,69,191545
11936,0.001195,74.125.24.0-255,2902,97581,69,191545
11937,0.001201,74.125.24.0-255,5738,103319,69,191545
11938,0.00124,74.125.24.0-255,766,104085,69,191545
11939,0.001247,172.31.40.0-255,66,104151,69,191545
11940,0.001502,74.125.24.0-255,1484,105635,69,191545
11941,0.001508,74.125.24.0-255,2902,108537,69,191545
11942,0.001512,172.31.40.0-255,66,108603,69,191545
11943,0.001517,74.125.24.0-255,4320,112923,69,191545
11944,0.001527,172.31.40.0-255,66,112989,69,191545
11945,0.001537,74.125.24.0-255,1484,114473,69,191545
11946,0.001556,172.31.40.0-255,66,114539,69,191545
11947,0.001578,74.125.24.0-255,2902,117441,69,191545
11948,0.001597,172.31.40.0-255,66,117507,69,191545
11949,0.001903,74.125.24.0-255,1484,118991,69,191545
11950,0.001908,74.125.24.0-255,1484,120475,69,191545
11951,0.001911,172.31.40.0-255,66,120541,69,191545
11952,0.001934,74.125.24.0-255,1484,122025,69,191545
11953,0.001941,74.125.24.0-255,5738,127763,69,191545
11954,0.001945,74.125.24.0-255,2902,130665,69,191545
11955,0.001951,172.31.40.0-255,66,130731,69,191545
11956,0.002013,74.125.24.0-255,2184,132915,69,191545
11957,0.002028,172.31.40.0-255,66,132981,69,191545
11958,0.002207,74.125.24.0-255,1484,134465,69,191545
11959,0.002212,74.125.24.0-255,2902,137367,69,191545
11960,0.002215,172.31.40.0-255,66,137433,69,191545
11961,0.002219,74.125.24.0-255,1484,138917,69,191545
11962,0.00225,74.125.24.0-255,4320,143237,69,191545
11963,0.002265,74.125.24.0-255,1484,144721,69,191545
11964,0.002273,172.31.40.0-255,66,144787,69,191545
11965,0.002298,74.125.24.0-255,5738,150525,69,191545
11966,0.00232,74.125.24.0-255,5738,156263,69,191545
11967,0.002337,172.31.40.0-255,66,156329,69,191545
11968,0.002349,74.125.24.0-255,4320,160649,69,191545
11969,0.002363,74.125.24.0-255,4320,164969,69,191545
11970,0.002374,172.31.40.0-255,66,165035,69,191545
11971,0.002443,74.125.24.0-255,4320,169355,69,191545
11972,0.002471,172.31.40.0-255,66,169421,69,191545
11973,0.004873,74.125.24.0-255,5738,175159,69,191545
11974,0.004888,172.31.40.0-255,66,175225,69,191545
11975,0.007291,74.125.24.0-255,5738,180963,69,191545
11976,0.012333,172.31.40.0-255,66,181029,69,191545
11977,0.014715,74.125.24.0-255,1960,182989,69,191545
11978,0.014723,172.31.40.0-255,66,183055,69,191545
11979,0.01718,172.31.40.0-255,105,183160,69,191545
11980,0.019517,74.125.24.0-255,66,183226,69,191545
11981,0.037796,172.31.40.0-255,167,183393,69,191545
11982,0.037829,172.31.40.0-255,1111,184504,69,191545
11983,0.037881,172.31.40.0-255,1514,186018,69,191545
11984,0.037883,172.31.40.0-255,1514,187532,69,191545
11985,0.037884,172.31.40.0-255,1514,189046,69,191545
11986,0.037885,172.31.40.0-255,1514,190560,69,191545
11987,0.037886,172.31.40.0-255,547,191107,69,191545
11988,0.039321,104.244.42.0-255,66,191173,69,191545
11989,0.039474,104.244.42.0-255,66,191239,69,191545
11990,0.039477,104.244.42.0-255,66,191305,69,191545
11991,0.039481,104.244.42.0-255,66,191371,69,191545
11992,0.040198,104.244.42.0-255,108,191479,69,191545
11993,0.040208,172.31.40.0-255,66,191545,69,191545
11994,0.0,74.125.24.0-255,156,156,69,169536
11995,3.6e-05,172.31.40.0-255,66,222,69,169536
11996,4.3e-05,74.125.24.0-255,1484,1706,69,169536
11997,4.8e-05,172.31.40.0-255,66,1772,69,169536
11998,5.3e-05,74.125.24.0-255,2902,4674,69,169536
11999,6.3e-05,172.31.40.0-255,66,4740,69,169536
12000,7.1e-05,74.125.24.0-255,7156,11896,69,169536
12001,7.4e-05,172.31.40.0-255,66,11962,69,169536
12002,8e-05,74.125.24.0-255,4320,16282,69,169536
12003,8.3e-05,172.31.40.0-255,66,16348,69,169536
12004,0.000133,172.31.40.0-255,66,16414,69,169536
12005,0.000138,74.125.24.0-255,3961,20375,69,169536
12006,0.000141,172.31.40.0-255,66,20441,69,169536
12007,0.000176,74.125.24.0-255,1484,21925,69,169536
12008,0.000179,172.31.40.0-255,66,21991,69,169536
12009,0.000186,74.125.24.0-255,2902,24893,69,169536
12010,0.000188,172.31.40.0-255,66,24959,69,169536
12011,0.000222,74.125.24.0-255,5738,30697,69,169536
12012,0.000226,172.31.40.0-255,66,30763,69,169536
12013,0.000229,74.125.24.0-255,1484,32247,69,169536
12014,0.000232,172.31.40.0-255,66,32313,69,169536
12015,0.000269,172.31.40.0-255,66,32379,69,169536
12016,0.000283,172.31.40.0-255,66,32445,69,169536
12017,0.000313,74.125.24.0-255,1736,34181,69,169536
12018,0.000316,172.31.40.0-255,66,34247,69,169536
12019,0.000396,74.125.24.0-255,1484,35731,69,169536
12020,0.000399,172.31.40.0-255,66,35797,69,169536
12021,0.000405,74.125.24.0-255,2902,38699,69,169536
12022,0.000408,172.31.40.0-255,66,38765,69,169536
12023,0.000411,74.125.24.0-255,1484,40249,69,169536
12024,0.000431,74.125.24.0-255,4320,44569,69,169536
12025,0.000438,172.31.40.0-255,66,44635,69,169536
12026,0.000443,74.125.24.0-255,2902,47537,69,169536
12027,0.000446,172.31.40.0-255,66,47603,69,169536
12028,0.000494,172.31.40.0-255,66,47669,69,169536
12029,0.000506,172.31.40.0-255,66,47735,69,169536
12030,0.000975,74.125.24.0-255,1484,49219,69,169536
12031,0.000981,74.125.24.0-255,2902,52121,69,169536
12032,0.000985,172.31.40.0-255,66,52187,69,169536
12033,0.000991,74.125.24.0-255,4320,56507,69,169536
12034,0.000993,172.31.40.0-255,66,56573,69,169536
12035,0.001022,74.125.24.0-255,1484,58057,69,169536
12036,0.001035,172.31.40.0-255,66,58123,69,169536
12037,0.001052,74.125.24.0-255,2902,61025,69,169536
12038,0.001054,172.31.40.0-255,66,61091,69,169536
12039,0.001072,172.31.40.0-255,66,61157,69,169536
12040,0.001101,74.125.24.0-255,1484,62641,69,169536
12041,0.001105,74.125.24.0-255,2902,65543,69,169536
12042,0.001108,172.31.40.0-255,66,65609,69,169536
12043,0.001116,74.125.24.0-255,5738,71347,69,169536
12044,0.001118,172.31.40.0-255,66,71413,69,169536
12045,0.001146,74.125.24.0-255,5738,77151,69,169536
12046,0.001149,172.31.40.0-255,66,77217,69,169536
12047,0.001186,74.125.24.0-255,7156,84373,69,169536
12048,0.001189,172.31.40.0-255,66,84439,69,169536
12049,0.001196,74.125.24.0-255,5738,90177,69,169536
12050,0.001198,172.31.40.0-255,66,90243,69,169536
12051,0.001209,74.125.24.0-255,5020,95263,69,169536
12052,0.001212,172.31.40.0-255,66,95329,69,169536
12053,0.001258,74.125.24.0-255,1484,96813,69,169536
12054,0.001305,74.125.24.0-255,2902,99715,69,169536
12055,0.001308,172.31.40.0-255,66,99781,69,169536
12056,0.001314,74.125.24.0-255,4320,104101,69,169536
12057,0.001316,172.31.40.0-255,66,104167,69,169536
12058,0.00134,74.125.24.0-255,4320,108487,69,169536
12059,0.001343,172.31.40.0-255,66,108553,69,169536
12060,0.001369,74.125.24.0-255,4320,112873,69,169536
12061,0.001372,172.31.40.0-255,66,112939,69,169536
12062,0.001383,172.31.40.0-255,66,113005,69,169536
12063,0.001418,172.31.40.0-255,66,113071,69,169536
12064,0.00155,74.125.24.0-255,1484,114555,69,169536
12065,0.001557,74.125.24.0-255,2902,117457,69,169536
12066,0.001561,172.31.40.0-255,66,117523,69,169536
12067,0.001564,74.125.24.0-255,1484,119007,69,169536
12068,0.001592,74.125.24.0-255,4320,123327,69,169536
12069,0.001596,172.31.40.0-255,66,123393,69,169536
12070,0.001609,172.31.40.0-255,66,123459,69,169536
12071,0.001645,74.125.24.0-255,1484,124943,69,169536
12072,0.001657,172.31.40.0-255,66,125009,69,169536
12073,0.001661,74.125.24.0-255,2184,127193,69,169536
12074,0.001665,172.31.40.0-255,66,127259,69,169536
12075,0.001723,74.125.24.0-255,1484,128743,69,169536
12076,0.001745,74.125.24.0-255,2902,131645,69,169536
12077,0.001749,172.31.40.0-255,66,131711,69,169536
12078,0.001755,74.125.24.0-255,4320,136031,69,169536
12079,0.001757,172.31.40.0-255,66,136097,69,169536
12080,0.001782,74.125.24.0-255,1484,137581,69,169536
12081,0.001795,74.125.24.0-255,7156,144737,69,169536
12082,0.001799,172.31.40.0-255,66,144803,69,169536
12083,0.001848,172.31.40.0-255,66,144869,69,169536
12084,0.001854,74.125.24.0-255,4320,149189,69,169536
12085,0.001858,172.31.40.0-255,66,149255,69,169536
12086,0.001909,172.31.40.0-255,66,149321,69,169536
12087,0.001922,172.31.40.0-255,66,149387,69,169536
12088,0.001958,74.125.24.0-255,1484,150871,69,169536
12089,0.002001,172.31.40.0-255,66,150937,69,169536
12090,0.002024,172.31.40.0-255,66,151003,69,169536
12091,0.002036,172.31.40.0-255,66,151069,69,169536
12092,0.002079,172.31.40.0-255,66,151135,69,169536
12093,0.002084,74.125.24.0-255,2184,153319,69,169536
12094,0.002087,172.31.40.0-255,66,153385,69,169536
12095,0.002104,172.31.40.0-255,66,153451,69,169536
12096,0.002143,172.31.40.0-255,66,153517,69,169536
12097,0.002151,74.125.24.0-255,6438,159955,69,169536
12098,0.002153,172.31.40.0-255,66,160021,69,169536
12099,0.002166,172.31.40.0-255,66,160087,69,169536
12100,0.002168,74.125.24.0-255,105,160192,69,169536
12101,0.003656,172.31.40.0-255,66,160258,69,169536
12102,0.003683,172.31.40.0-255,105,160363,69,169536
12103,0.006117,74.125.24.0-255,66,160429,69,169536
12104,0.038006,172.31.40.0-255,172,160601,69,169536
12105,0.038035,172.31.40.0-255,1116,161717,69,169536
12106,0.038088,172.31.40.0-255,1514,163231,69,169536
12107,0.03809,172.31.40.0-255,1514,164745,69,169536
12108,0.038113,172.31.40.0-255,1514,166259,69,169536
12109,0.038114,172.31.40.0-255,1514,167773,69,169536
12110,0.038117,172.31.40.0-255,1499,169272,69,169536
12111,0.039657,104.244.42.0-255,66,169338,69,169536
12112,0.039668,104.244.42.0-255,66,169404,69,169536
12113,0.039735,104.244.42.0-255,66,169470,69,169536
12114,0.03978,104.244.42.0-255,66,169536,69,169536
12115,0.0,74.125.130.0-255,156,156,69,272993
12116,2e-05,172.31.40.0-255,66,222,69,272993
12117,3.8e-05,74.125.130.0-255,1484,1706,69,272993
12118,4.3e-05,172.31.40.0-255,66,1772,69,272993
12119,4.9e-05,74.125.130.0-255,2902,4674,69,272993
12120,5.2e-05,172.31.40.0-255,66,4740,69,272993
12121,5.5e-05,74.125.130.0-255,1484,6224,69,272993
12122,5.8e-05,172.31.40.0-255,66,6290,69,272993
12123,7.9e-05,74.125.130.0-255,4320,10610,69,272993
12124,8.2e-05,172.31.40.0-255,66,10676,69,272993
12125,8.7e-05,74.125.130.0-255,3482,14158,69,272993
12126,9e-05,172.31.40.0-255,66,14224,69,272993
12127,0.000123,172.31.40.0-255,66,14290,69,272993
12128,0.000142,74.125.130.0-255,5379,19669,69,272993
12129,0.000144,172.31.40.0-255,66,19735,69,272993
12130,0.000276,74.125.130.0-255,1484,21219,69,272993
12131,0.000281,172.31.40.0-255,66,21285,69,272993
12132,0.000304,74.125.130.0-255,2902,24187,69,272993
12133,0.000307,172.31.40.0-255,66,24253,69,272993
12134,0.000313,74.125.130.0-255,5738,29991,69,272993
12135,0.000315,172.31.40.0-255,66,30057,69,272993
12136,0.000345,74.125.130.0-255,6797,36854,69,272993
12137,0.000348,172.31.40.0-255,66,36920,69,272993
12138,0.000376,74.125.130.0-255,5738,42658,69,272993
12139,0.000379,172.31.40.0-255,66,42724,69,272993
12140,0.000396,74.125.130.0-255,1484,44208,69,272993
12141,0.000399,172.31.40.0-255,66,44274,69,272993
12142,0.000405,74.125.130.0-255,4320,48594,69,272993
12143,0.000407,172.31.40.0-255,66,48660,69,272993
12144,0.00043,74.125.130.0-255,4320,52980,69,272993
12145,0.000433,172.31.40.0-255,66,53046,69,272993
12146,0.000435,74.125.130.0-255,1415,54461,69,272993
12147,0.000518,74.125.130.0-255,365,54826,69,272993
12148,0.000522,172.31.40.0-255,66,54892,69,272993
12149,0.000774,74.125.130.0-255,1484,56376,69,272993
12150,0.000778,74.125.130.0-255,1484,57860,69,272993
12151,0.000781,172.31.40.0-255,66,57926,69,272993
12152,0.000803,74.125.130.0-255,1484,59410,69,272993
12153,0.000809,74.125.130.0-255,5738,65148,69,272993
12154,0.000811,172.31.40.0-255,66,65214,69,272993
12155,0.000844,172.31.40.0-255,66,65280,69,272993
12156,0.000864,74.125.130.0-255,1484,66764,69,272993
12157,0.000877,172.31.40.0-255,66,66830,69,272993
12158,0.000896,74.125.130.0-255,766,67596,69,272993
12159,0.001054,74.125.130.0-255,1484,69080,69,272993
12160,0.001058,172.31.40.0-255,66,69146,69,272993
12161,0.001065,74.125.130.0-255,2902,72048,69,272993
12162,0.001067,172.31.40.0-255,66,72114,69,272993
12163,0.00109,74.125.130.0-255,5738,77852,69,272993
12164,0.001092,172.31.40.0-255,66,77918,69,272993
12165,0.001108,74.125.130.0-255,1484,79402,69,272993
12166,0.00113,74.125.130.0-255,2902,82304,69,272993
12167,0.001133,172.31.40.0-255,66,82370,69,272993
12168,0.00115,74.125.130.0-255,5738,88108,69,272993
12169,0.001152,172.31.40.0-255,66,88174,69,272993
12170,0.00116,74.125.130.0-255,7156,95330,69,272993
12171,0.001162,172.31.40.0-255,66,95396,69,272993
12172,0.001216,172.31.40.0-255,66,95462,69,272993
12173,0.001272,74.125.130.0-255,2902,98364,69,272993
12174,0.001275,172.31.40.0-255,66,98430,69,272993
12175,0.001299,74.125.130.0-255,1484,99914,69,272993
12176,0.001306,74.125.130.0-255,5738,105652,69,272993
12177,0.001308,172.31.40.0-255,66,105718,69,272993
12178,0.001311,74.125.130.0-255,1484,107202,69,272993
12179,0.001316,74.125.130.0-255,2902,110104,69,272993
12180,0.001318,172.31.40.0-255,66,110170,69,272993
12181,0.001321,74.125.130.0-255,1484,111654,69,272993
12182,0.001338,74.125.130.0-255,4320,115974,69,272993
12183,0.001343,172.31.40.0-255,66,116040,69,272993
12184,0.001355,74.125.130.0-255,7156,123196,69,272993
12185,0.001357,172.31.40.0-255,66,123262,69,272993
12186,0.001376,74.125.130.0-255,4320,127582,69,272993
12187,0.001379,172.31.40.0-255,66,127648,69,272993
12188,0.001381,74.125.130.0-255,766,128414,69,272993
12189,0.001543,74.125.130.0-255,1484,129898,69,272993
12190,0.001554,172.31.40.0-255,66,129964,69,272993
12191,0.00156,74.125.130.0-255,2902,132866,69,272993
12192,0.001562,172.31.40.0-255,66,132932,69,272993
12193,0.001569,74.125.130.0-255,5738,138670,69,272993
12194,0.001572,172.31.40.0-255,66,138736,69,272993
12195,0.001585,74.125.130.0-255,1484,140220,69,272993
12196,0.001611,172.31.40.0-255,66,140286,69,272993
12197,0.001617,74.125.130.0-255,4320,144606,69,272993
12198,0.001619,172.31.40.0-255,66,144672,69,272993
12199,0.001634,74.125.130.0-255,4320,148992,69,272993
12200,0.001638,172.31.40.0-255,66,149058,69,272993
12201,0.001654,74.125.130.0-255,2184,151242,69,272993
12202,0.001657,172.31.40.0-255,66,151308,69,272993
12203,0.001987,74.125.130.0-255,1484,152792,69,272993
12204,0.001994,74.125.130.0-255,2902,155694,69,272993
12205,0.001997,172.31.40.0-255,66,155760,69,272993
12206,0.002003,74.125.130.0-255,2902,158662,69,272993
12207,0.002005,172.31.40.0-255,66,158728,69,272993
12208,0.002021,74.125.130.0-255,2902,161630,69,272993
12209,0.002024,172.31.40.0-255,66,161696,69,272993
12210,0.002026,74.125.130.0-255,1484,163180,69,272993
12211,0.002031,74.125.130.0-255,2902,166082,69,272993
12212,0.002032,172.31.40.0-255,66,166148,69,272993
12213,0.002053,74.125.130.0-255,5738,171886,69,272993
12214,0.002059,172.31.40.0-255,66,171952,69,272993
12215,0.002083,172.31.40.0-255,66,172018,69,272993
12216,0.002087,74.125.130.0-255,2902,174920,69,272993
12217,0.002089,172.31.40.0-255,66,174986,69,272993
12218,0.002108,74.125.130.0-255,6438,181424,69,272993
12219,0.00211,172.31.40.0-255,66,181490,69,272993
12220,0.002117,74.125.130.0-255,5738,187228,69,272993
12221,0.002119,172.31.40.0-255,66,187294,69,272993
12222,0.002151,74.125.130.0-255,5738,193032,69,272993
12223,0.002154,172.31.40.0-255,66,193098,69,272993
12224,0.002167,172.31.40.0-255,66,193164,69,272993
12225,0.002173,74.125.130.0-255,5020,198184,69,272993
12226,0.002176,172.31.40.0-255,66,198250,69,272993
12227,0.002182,74.125.130.0-255,4320,202570,69,272993
12228,0.002184,172.31.40.0-255,66,202636,69,272993
12229,0.00221,74.125.130.0-255,1484,204120,69,272993
12230,0.002225,172.31.40.0-255,66,204186,69,272993
12231,0.002231,74.125.130.0-255,5738,209924,69,272993
12232,0.002234,172.31.40.0-255,66,209990,69,272993
12233,0.002247,74.125.130.0-255,2902,212892,69,272993
12234,0.00225,172.31.40.0-255,66,212958,69,272993
12235,0.00228,74.125.130.0-255,1484,214442,69,272993
12236,0.002311,172.31.40.0-255,66,214508,69,272993
12237,0.002381,172.31.40.0-255,66,214574,69,272993
12238,0.002407,172.31.40.0-255,66,214640,69,272993
12239,0.002423,172.31.40.0-255,66,214706,69,272993
12240,0.002436,172.31.40.0-255,66,214772,69,272993
12241,0.00478,74.125.130.0-255,5738,220510,69,272993
12242,0.004787,172.31.40.0-255,66,220576,69,272993
12243,0.007133,74.125.130.0-255,4320,224896,69,272993
12244,0.007138,172.31.40.0-255,66,224962,69,272993
12245,0.007154,74.125.130.0-255,1484,226446,69,272993
12246,0.00947,74.125.130.0-255,4320,230766,69,272993
12247,0.009476,172.31.40.0-255,66,230832,69,272993
12248,0.011825,74.125.130.0-255,4320,235152,69,272993
12249,0.011832,172.31.40.0-255,66,235218,69,272993
12250,0.011853,74.125.130.0-255,1484,236702,69,272993
12251,0.014186,74.125.130.0-255,4320,241022,69,272993
12252,0.014196,172.31.40.0-255,66,241088,69,272993
12253,0.016548,74.125.130.0-255,5738,246826,69,272993
12254,0.016555,172.31.40.0-255,66,246892,69,272993
12255,0.018907,74.125.130.0-255,5738,252630,69,272993
12256,0.018916,172.31.40.0-255,66,252696,69,272993
12257,0.021252,74.125.130.0-255,5738,258434,69,272993
12258,0.021261,172.31.40.0-255,66,258500,69,272993
12259,0.023611,74.125.130.0-255,5147,263647,69,272993
12260,0.023618,172.31.40.0-255,66,263713,69,272993
12261,0.023814,172.31.40.0-255,105,263818,69,272993
12262,0.026121,74.125.130.0-255,66,263884,69,272993
12263,0.037049,172.31.40.0-255,172,264056,69,272993
12264,0.03708,172.31.40.0-255,1114,265170,69,272993
12265,0.037148,172.31.40.0-255,1514,266684,69,272993
12266,0.03715,172.31.40.0-255,1514,268198,69,272993
12267,0.037151,172.31.40.0-255,1514,269712,69,272993
12268,0.037152,172.31.40.0-255,1514,271226,69,272993
12269,0.03718,172.31.40.0-255,1503,272729,69,272993
12270,0.038567,104.244.42.0-255,66,272795,69,272993
12271,0.038676,104.244.42.0-255,66,272861,69,272993
12272,0.03868,104.244.42.0-255,66,272927,69,272993
12273,0.038768,104.244.42.0-255,66,272993,69,272993
12274,0.0,172.31.40.0-255,105,105,69,459
12275,0.000236,172.31.40.0-255,90,195,69,459
12276,0.000245,172.31.40.0-255,66,261,69,459
12277,0.002536,74.125.200.0-255,66,327,69,459
12278,0.002573,74.125.200.0-255,66,393,69,459
12279,0.002583,172.31.40.0-255,66,459,69,459
12280,0.0,74.125.130.0-255,146,146,69,348286
12281,2.2e-05,172.31.40.0-255,66,212,69,348286
12282,3e-05,74.125.130.0-255,1484,1696,69,348286
12283,3.4e-05,172.31.40.0-255,66,1762,69,348286
12284,4e-05,74.125.130.0-255,2902,4664,69,348286
12285,4.2e-05,172.31.40.0-255,66,4730,69,348286
12286,5.7e-05,74.125.130.0-255,5738,10468,69,348286
12287,5.9e-05,172.31.40.0-255,66,10534,69,348286
12288,8.3e-05,74.125.130.0-255,1484,12018,69,348286
12289,8.5e-05,172.31.40.0-255,66,12084,69,348286
12290,0.000108,74.125.130.0-255,3457,15541,69,348286
12291,0.00011,172.31.40.0-255,66,15607,69,348286
12292,0.000118,74.125.130.0-255,5738,21345,69,348286
12293,0.00012,172.31.40.0-255,66,21411,69,348286
12294,0.000123,74.125.130.0-255,1484,22895,69,348286
12295,0.000125,172.31.40.0-255,66,22961,69,348286
12296,0.000166,172.31.40.0-255,66,23027,69,348286
12297,0.000261,74.125.130.0-255,1484,24511,69,348286
12298,0.000264,172.31.40.0-255,66,24577,69,348286
12299,0.000268,74.125.130.0-255,1484,26061,69,348286
12300,0.000269,172.31.40.0-255,66,26127,69,348286
12301,0.000332,74.125.130.0-255,2902,29029,69,348286
12302,0.000335,172.31.40.0-255,66,29095,69,348286
12303,0.000342,74.125.130.0-255,5738,34833,69,348286
12304,0.000345,172.31.40.0-255,66,34899,69,348286
12305,0.000355,74.125.130.0-255,5379,40278,69,348286
12306,0.000357,172.31.40.0-255,66,40344,69,348286
12307,0.000364,74.125.130.0-255,5738,46082,69,348286
12308,0.000366,172.31.40.0-255,66,46148,69,348286
12309,0.000401,74.125.130.0-255,5738,51886,69,348286
12310,0.000404,172.31.40.0-255,66,51952,69,348286
12311,0.000435,74.125.130.0-255,5668,57620,69,348286
12312,0.000437,172.31.40.0-255,66,57686,69,348286
12313,0.000465,74.125.130.0-255,98,57784,69,348286
12314,0.000609,74.125.130.0-255,1484,59268,69,348286
12315,0.000615,172.31.40.0-255,66,59334,69,348286
12316,0.00062,74.125.130.0-255,2902,62236,69,348286
12317,0.000623,172.31.40.0-255,66,62302,69,348286
12318,0.000648,74.125.130.0-255,4320,66622,69,348286
12319,0.00065,172.31.40.0-255,66,66688,69,348286
12320,0.000661,74.125.130.0-255,5738,72426,69,348286
12321,0.000664,172.31.40.0-255,66,72492,69,348286
12322,0.000688,74.125.130.0-255,2902,75394,69,348286
12323,0.00069,172.31.40.0-255,66,75460,69,348286
12324,0.000697,74.125.130.0-255,5738,81198,69,348286
12325,0.000699,172.31.40.0-255,66,81264,69,348286
12326,0.000729,74.125.130.0-255,7156,88420,69,348286
12327,0.000732,172.31.40.0-255,66,88486,69,348286
12328,0.00077,74.125.130.0-255,3321,91807,69,348286
12329,0.000773,172.31.40.0-255,66,91873,69,348286
12330,0.000796,74.125.130.0-255,1484,93357,69,348286
12331,0.000809,74.125.130.0-255,2902,96259,69,348286
12332,0.000811,172.31.40.0-255,66,96325,69,348286
12333,0.00084,74.125.130.0-255,2902,99227,69,348286
12334,0.000843,172.31.40.0-255,66,99293,69,348286
12335,0.000848,74.125.130.0-255,4320,103613,69,348286
12336,0.000851,172.31.40.0-255,66,103679,69,348286
12337,0.000855,74.125.130.0-255,2902,106581,69,348286
12338,0.000857,172.31.40.0-255,66,106647,69,348286
12339,0.000889,74.125.130.0-255,5738,112385,69,348286
12340,0.000896,172.31.40.0-255,66,112451,69,348286
12341,0.000899,74.125.130.0-255,1484,113935,69,348286
12342,0.000923,74.125.130.0-255,4320,118255,69,348286
12343,0.000926,172.31.40.0-255,66,118321,69,348286
12344,0.00093,74.125.130.0-255,2902,121223,69,348286
12345,0.000933,172.31.40.0-255,66,121289,69,348286
12346,0.000955,74.125.130.0-255,4320,125609,69,348286
12347,0.000958,172.31.40.0-255,66,125675,69,348286
12348,0.000964,74.125.130.0-255,766,126441,69,348286
12349,0.001176,74.125.130.0-255,1484,127925,69,348286
12350,0.001181,172.31.40.0-255,66,127991,69,348286
12351,0.001195,74.125.130.0-255,2902,130893,69,348286
12352,0.001202,172.31.40.0-255,66,130959,69,348286
12353,0.001221,74.125.130.0-255,5738,136697,69,348286
12354,0.001228,172.31.40.0-255,66,136763,69,348286
12355,0.001235,74.125.130.0-255,7156,143919,69,348286
12356,0.001237,172.31.40.0-255,66,143985,69,348286
12357,0.00127,74.125.130.0-255,7156,151141,69,348286
12358,0.001273,172.31.40.0-255,66,151207,69,348286
12359,0.001298,74.125.130.0-255,1484,152691,69,348286
12360,0.001314,74.125.130.0-255,5738,158429,69,348286
12361,0.001316,172.31.40.0-255,66,158495,69,348286
12362,0.001341,74.125.130.0-255,2184,160679,69,348286
12363,0.001344,172.31.40.0-255,66,160745,69,348286
12364,0.001511,74.125.130.0-255,1484,162229,69,348286
12365,0.001518,74.125.130.0-255,2902,165131,69,348286
12366,0.001521,172.31.40.0-255,66,165197,69,348286
12367,0.001552,74.125.130.0-255,2902,168099,69,348286
12368,0.001555,172.31.40.0-255,66,168165,69,348286
12369,0.001561,74.125.130.0-255,4320,172485,69,348286
12370,0.001564,172.31.40.0-255,66,172551,69,348286
12371,0.001578,172.31.40.0-255,66,172617,69,348286
12372,0.001607,74.125.130.0-255,4320,176937,69,348286
12373,0.00161,172.31.40.0-255,66,177003,69,348286
12374,0.001635,74.125.130.0-255,1484,178487,69,348286
12375,0.001644,74.125.130.0-255,7156,185643,69,348286
12376,0.001647,172.31.40.0-255,66,185709,69,348286
12377,0.0017,74.125.130.0-255,766,186475,69,348286
12378,0.001866,74.125.130.0-255,1484,187959,69,348286
12379,0.001869,74.125.130.0-255,1484,189443,69,348286
12380,0.001873,172.31.40.0-255,66,189509,69,348286
12381,0.001883,74.125.130.0-255,1484,190993,69,348286
12382,0.001885,172.31.40.0-255,66,191059,69,348286
12383,0.001889,74.125.130.0-255,1484,192543,69,348286
12384,0.001908,74.125.130.0-255,2902,195445,69,348286
12385,0.00191,172.31.40.0-255,66,195511,69,348286
12386,0.001926,172.31.40.0-255,66,195577,69,348286
12387,0.001979,74.125.130.0-255,4320,199897,69,348286
12388,0.001982,172.31.40.0-255,66,199963,69,348286
12389,0.001989,74.125.130.0-255,5738,205701,69,348286
12390,0.001992,172.31.40.0-255,66,205767,69,348286
12391,0.002021,74.125.130.0-255,6438,212205,69,348286
12392,0.002024,172.31.40.0-255,66,212271,69,348286
12393,0.0041,74.125.130.0-255,5738,218009,69,348286
12394,0.004108,172.31.40.0-255,66,218075,69,348286
12395,0.006176,74.125.130.0-255,4320,222395,69,348286
12396,0.006181,172.31.40.0-255,66,222461,69,348286
12397,0.0062,74.125.130.0-255,1484,223945,69,348286
12398,0.008268,74.125.130.0-255,4320,228265,69,348286
12399,0.008276,172.31.40.0-255,66,228331,69,348286
12400,0.010359,74.125.130.0-255,5738,234069,69,348286
12401,0.010367,172.31.40.0-255,66,234135,69,348286
12402,0.012454,74.125.130.0-255,5738,239873,69,348286
12403,0.012468,172.31.40.0-255,66,239939,69,348286
12404,0.014559,74.125.130.0-255,5738,245677,69,348286
12405,0.014574,172.31.40.0-255,66,245743,69,348286
12406,0.01666,74.125.130.0-255,5738,251481,69,348286
12407,0.01667,172.31.40.0-255,66,251547,69,348286
12408,0.018767,74.125.130.0-255,5738,257285,69,348286
12409,0.018778,172.31.40.0-255,66,257351,69,348286
12410,0.020859,74.125.130.0-255,5738,263089,69,348286
12411,0.020866,172.31.40.0-255,66,263155,69,348286
12412,0.022949,74.125.130.0-255,5738,268893,69,348286
12413,0.022961,172.31.40.0-255,66,268959,69,348286
12414,0.025039,74.125.130.0-255,5738,274697,69,348286
12415,0.025048,172.31.40.0-255,66,274763,69,348286
12416,0.027116,74.125.130.0-255,5738,280501,69,348286
12417,0.027124,172.31.40.0-255,66,280567,69,348286
12418,0.029205,74.125.130.0-255,5738,286305,69,348286
12419,0.029213,172.31.40.0-255,66,286371,69,348286
12420,0.031284,74.125.130.0-255,5738,292109,69,348286
12421,0.031292,172.31.40.0-255,66,292175,69,348286
12422,0.033395,74.125.130.0-255,5738,297913,69,348286
12423,0.033405,172.31.40.0-255,66,297979,69,348286
12424,0.035492,74.125.130.0-255,5738,303717,69,348286
12425,0.035501,172.31.40.0-255,66,303783,69,348286
12426,0.03758,74.125.130.0-255,5738,309521,69,348286
12427,0.037591,172.31.40.0-255,66,309587,69,348286
12428,0.039684,74.125.130.0-255,5738,315325,69,348286
12429,0.039711,172.31.40.0-255,66,315391,69,348286
12430,0.041606,172.31.40.0-255,172,315563,69,348286
12431,0.041637,172.31.40.0-255,1116,316679,69,348286
12432,0.041691,172.31.40.0-255,1514,318193,69,348286
12433,0.041693,172.31.40.0-255,1514,319707,69,348286
12434,0.041694,172.31.40.0-255,1514,321221,69,348286
12435,0.041695,172.31.40.0-255,1514,322735,69,348286
12436,0.041723,172.31.40.0-255,1501,324236,69,348286
12437,0.041785,74.125.130.0-255,2902,327138,69,348286
12438,0.041791,172.31.40.0-255,66,327204,69,348286
12439,0.041817,74.125.130.0-255,2902,330106,69,348286
12440,0.041819,172.31.40.0-255,66,330172,69,348286
12441,0.043145,104.244.42.0-255,66,330238,69,348286
12442,0.043167,104.244.42.0-255,66,330304,69,348286
12443,0.043277,104.244.42.0-255,66,330370,69,348286
12444,0.043282,104.244.42.0-255,66,330436,69,348286
12445,0.043868,74.125.130.0-255,2902,333338,69,348286
12446,0.043875,172.31.40.0-255,66,333404,69,348286
12447,0.043904,104.244.42.0-255,108,333512,69,348286
12448,0.043907,172.31.40.0-255,66,333578,69,348286
12449,0.043913,74.125.130.0-255,2902,336480,69,348286
12450,0.043915,172.31.40.0-255,66,336546,69,348286
12451,0.04595,74.125.130.0-255,2902,339448,69,348286
12452,0.045957,172.31.40.0-255,66,339514,69,348286
12453,0.045986,74.125.130.0-255,2902,342416,69,348286
12454,0.04599,172.31.40.0-255,66,342482,69,348286
12455,0.048046,74.125.130.0-255,5738,348220,69,348286
12456,0.048052,172.31.40.0-255,66,348286,69,348286
12457,0.0,74.125.68.0-255,153,153,69,223773
12458,2.2e-05,172.31.40.0-255,66,219,69,223773
12459,2.9e-05,74.125.68.0-255,1484,1703,69,223773
12460,3.5e-05,172.31.40.0-255,66,1769,69,223773
12461,4.7e-05,74.125.68.0-255,2902,4671,69,223773
12462,5.1e-05,172.31.40.0-255,66,4737,69,223773
12463,5.8e-05,74.125.68.0-255,5738,10475,69,223773
12464,6.2e-05,172.31.40.0-255,66,10541,69,223773
12465,7.8e-05,74.125.68.0-255,1484,12025,69,223773
12466,8.1e-05,172.31.40.0-255,66,12091,69,223773
12467,9e-05,74.125.68.0-255,2066,14157,69,223773
12468,9.3e-05,172.31.40.0-255,66,14223,69,223773
12469,0.000127,74.125.68.0-255,1484,15707,69,223773
12470,0.000129,172.31.40.0-255,66,15773,69,223773
12471,0.000171,74.125.68.0-255,2902,18675,69,223773
12472,0.000173,172.31.40.0-255,66,18741,69,223773
12473,0.00018,74.125.68.0-255,5738,24479,69,223773
12474,0.000183,172.31.40.0-255,66,24545,69,223773
12475,0.000187,74.125.68.0-255,2902,27447,69,223773
12476,0.000189,172.31.40.0-255,66,27513,69,223773
12477,0.000199,74.125.68.0-255,3961,31474,69,223773
12478,0.000202,172.31.40.0-255,66,31540,69,223773
12479,0.000435,74.125.68.0-255,1484,33024,69,223773
12480,0.000442,172.31.40.0-255,66,33090,69,223773
12481,0.000459,74.125.68.0-255,2902,35992,69,223773
12482,0.000466,172.31.40.0-255,66,36058,69,223773
12483,0.000472,74.125.68.0-255,4320,40378,69,223773
12484,0.000474,172.31.40.0-255,66,40444,69,223773
12485,0.000498,74.125.68.0-255,1484,41928,69,223773
12486,0.000505,172.31.40.0-255,66,41994,69,223773
12487,0.000509,74.125.68.0-255,1484,43478,69,223773
12488,0.000511,172.31.40.0-255,66,43544,69,223773
12489,0.000516,74.125.68.0-255,2902,46446,69,223773
12490,0.000524,74.125.68.0-255,6797,53243,69,223773
12491,0.000532,74.125.68.0-255,5738,58981,69,223773
12492,0.000538,172.31.40.0-255,66,59047,69,223773
12493,0.00054,172.31.40.0-255,66,59113,69,223773
12494,0.000541,172.31.40.0-255,66,59179,69,223773
12495,0.000571,74.125.68.0-255,6797,65976,69,223773
12496,0.000578,172.31.40.0-255,66,66042,69,223773
12497,0.000879,74.125.68.0-255,412,66454,69,223773
12498,0.0009,74.125.68.0-255,330,66784,69,223773
12499,0.001152,172.31.40.0-255,66,66850,69,223773
12500,0.001736,74.125.68.0-255,1484,68334,69,223773
12501,0.001747,74.125.68.0-255,2902,71236,69,223773
12502,0.001752,172.31.40.0-255,66,71302,69,223773
12503,0.001758,74.125.68.0-255,1484,72786,69,223773
12504,0.001806,74.125.68.0-255,2902,75688,69,223773
12505,0.001809,172.31.40.0-255,66,75754,69,223773
12506,0.001816,74.125.68.0-255,5738,81492,69,223773
12507,0.001818,172.31.40.0-255,66,81558,69,223773
12508,0.001825,74.125.68.0-255,5738,87296,69,223773
12509,0.001827,172.31.40.0-255,66,87362,69,223773
12510,0.001839,74.125.68.0-255,7156,94518,69,223773
12511,0.001841,172.31.40.0-255,66,94584,69,223773
12512,0.001873,74.125.68.0-255,2902,97486,69,223773
12513,0.001875,172.31.40.0-255,66,97552,69,223773
12514,0.001894,74.125.68.0-255,3602,101154,69,223773
12515,0.001897,172.31.40.0-255,66,101220,69,223773
12516,0.004168,74.125.68.0-255,1484,102704,69,223773
12517,0.004185,74.125.68.0-255,4320,107024,69,223773
12518,0.004188,172.31.40.0-255,66,107090,69,223773
12519,0.006472,74.125.68.0-255,5738,112828,69,223773
12520,0.006475,172.31.40.0-255,66,112894,69,223773
12521,0.008763,74.125.68.0-255,5738,118632,69,223773
12522,0.008769,172.31.40.0-255,66,118698,69,223773
12523,0.011066,74.125.68.0-255,5738,124436,69,223773
12524,0.011075,172.31.40.0-255,66,124502,69,223773
12525,0.013364,74.125.68.0-255,5738,130240,69,223773
12526,0.013372,172.31.40.0-255,66,130306,69,223773
12527,0.015691,74.125.68.0-255,5738,136044,69,223773
12528,0.015703,172.31.40.0-255,66,136110,69,223773
12529,0.017994,74.125.68.0-255,5738,141848,69,223773
12530,0.018002,172.31.40.0-255,66,141914,69,223773
12531,0.020326,74.125.68.0-255,5738,147652,69,223773
12532,0.020334,172.31.40.0-255,66,147718,69,223773
12533,0.022627,74.125.68.0-255,5738,153456,69,223773
12534,0.022634,172.31.40.0-255,66,153522,69,223773
12535,0.024928,74.125.68.0-255,4320,157842,69,223773
12536,0.024936,172.31.40.0-255,66,157908,69,223773
12537,0.024977,74.125.68.0-255,1484,159392,69,223773
12538,0.02724,74.125.68.0-255,4320,163712,69,223773
12539,0.027248,172.31.40.0-255,66,163778,69,223773
12540,0.02953,74.125.68.0-255,4320,168098,69,223773
12541,0.029536,172.31.40.0-255,66,168164,69,223773
12542,0.029565,74.125.68.0-255,1484,169648,69,223773
12543,0.031833,74.125.68.0-255,4320,173968,69,223773
12544,0.03184,172.31.40.0-255,66,174034,69,223773
12545,0.032707,172.31.40.0-255,176,174210,69,223773
12546,0.032739,172.31.40.0-255,1114,175324,69,223773
12547,0.032809,172.31.40.0-255,1514,176838,69,223773
12548,0.032811,172.31.40.0-255,1514,178352,69,223773
12549,0.032817,172.31.40.0-255,1514,179866,69,223773
12550,0.032819,172.31.40.0-255,1514,181380,69,223773
12551,0.032854,172.31.40.0-255,1501,182881,69,223773
12552,0.034133,74.125.68.0-255,5738,188619,69,223773
12553,0.03414,172.31.40.0-255,66,188685,69,223773
12554,0.034266,104.244.42.0-255,66,188751,69,223773
12555,0.034273,104.244.42.0-255,66,188817,69,223773
12556,0.03437,104.244.42.0-255,66,188883,69,223773
12557,0.034519,104.244.42.0-255,66,188949,69,223773
12558,0.03643,74.125.68.0-255,5738,194687,69,223773
12559,0.036437,172.31.40.0-255,66,194753,69,223773
12560,0.038733,74.125.68.0-255,5738,200491,69,223773
12561,0.038741,172.31.40.0-255,66,200557,69,223773
12562,0.041031,74.125.68.0-255,5738,206295,69,223773
12563,0.041039,172.31.40.0-255,66,206361,69,223773
12564,0.043336,74.125.68.0-255,5738,212099,69,223773
12565,0.043344,172.31.40.0-255,66,212165,69,223773
12566,0.045644,74.125.68.0-255,5738,217903,69,223773
12567,0.045651,172.31.40.0-255,66,217969,69,223773
12568,0.047968,74.125.68.0-255,5738,223707,69,223773
12569,0.047974,172.31.40.0-255,66,223773,69,223773
12570,0.0,74.125.68.0-255,153,153,69,342984
12571,1.2e-05,172.31.40.0-255,66,219,69,342984
12572,1.7e-05,74.125.68.0-255,1484,1703,69,342984
12573,2.1e-05,172.31.40.0-255,66,1769,69,342984
12574,2.6e-05,74.125.68.0-255,2902,4671,69,342984
12575,2.9e-05,172.31.40.0-255,66,4737,69,342984
12576,6e-05,74.125.68.0-255,5738,10475,69,342984
12577,6.3e-05,172.31.40.0-255,66,10541,69,342984
12578,8.4e-05,74.125.68.0-255,3520,14061,69,342984
12579,8.6e-05,172.31.40.0-255,66,14127,69,342984
12580,0.000223,74.125.68.0-255,1484,15611,69,342984
12581,0.000227,172.31.40.0-255,66,15677,69,342984
12582,0.000241,74.125.68.0-255,2902,18579,69,342984
12583,0.000243,172.31.40.0-255,66,18645,69,342984
12584,0.000246,74.125.68.0-255,1484,20129,69,342984
12585,0.000247,172.31.40.0-255,66,20195,69,342984
12586,0.000261,74.125.68.0-255,4320,24515,69,342984
12587,0.000264,172.31.40.0-255,66,24581,69,342984
12588,0.000294,74.125.68.0-255,2902,27483,69,342984
12589,0.000296,172.31.40.0-255,66,27549,69,342984
12590,0.000308,74.125.68.0-255,3961,31510,69,342984
12591,0.00031,172.31.40.0-255,66,31576,69,342984
12592,0.000317,74.125.68.0-255,7156,38732,69,342984
12593,0.000319,172.31.40.0-255,66,38798,69,342984
12594,0.000323,74.125.68.0-255,2902,41700,69,342984
12595,0.000324,172.31.40.0-255,66,41766,69,342984
12596,0.000355,74.125.68.0-255,7156,48922,69,342984
12597,0.000357,172.31.40.0-255,66,48988,69,342984
12598,0.000361,74.125.68.0-255,4320,53308,69,342984
12599,0.000363,172.31.40.0-255,66,53374,69,342984
12600,0.00038,74.125.68.0-255,7156,60530,69,342984
12601,0.000382,172.31.40.0-255,66,60596,69,342984
12602,0.000388,74.125.68.0-255,5020,65616,69,342984
12603,0.000389,172.31.40.0-255,66,65682,69,342984
12604,0.000428,74.125.68.0-255,359,66041,69,342984
12605,0.000893,74.125.68.0-255,384,66425,69,342984
12606,0.000922,172.31.40.0-255,66,66491,69,342984
12607,0.001085,74.125.68.0-255,1484,67975,69,342984
12608,0.001093,74.125.68.0-255,2902,70877,69,342984
12609,0.001096,172.31.40.0-255,66,70943,69,342984
12610,0.001116,74.125.68.0-255,5738,76681,69,342984
12611,0.001119,172.31.40.0-255,66,76747,69,342984
12612,0.001142,74.125.68.0-255,2902,79649,69,342984
12613,0.001145,172.31.40.0-255,66,79715,69,342984
12614,0.001166,74.125.68.0-255,4320,84035,69,342984
12615,0.001168,172.31.40.0-255,66,84101,69,342984
12616,0.001177,172.31.40.0-255,66,84167,69,342984
12617,0.00119,74.125.68.0-255,2902,87069,69,342984
12618,0.001192,172.31.40.0-255,66,87135,69,342984
12619,0.001232,74.125.68.0-255,4320,91455,69,342984
12620,0.001235,172.31.40.0-255,66,91521,69,342984
12621,0.001246,74.125.68.0-255,766,92287,69,342984
12622,0.001573,74.125.68.0-255,1484,93771,69,342984
12623,0.001578,172.31.40.0-255,66,93837,69,342984
12624,0.001584,74.125.68.0-255,2902,96739,69,342984
12625,0.001586,172.31.40.0-255,66,96805,69,342984
12626,0.001589,74.125.68.0-255,1484,98289,69,342984
12627,0.00161,74.125.68.0-255,4320,102609,69,342984
12628,0.001612,172.31.40.0-255,66,102675,69,342984
12629,0.001624,74.125.68.0-255,2902,105577,69,342984
12630,0.001626,172.31.40.0-255,66,105643,69,342984
12631,0.001644,74.125.68.0-255,4320,109963,69,342984
12632,0.001646,172.31.40.0-255,66,110029,69,342984
12633,0.001651,74.125.68.0-255,4320,114349,69,342984
12634,0.001653,172.31.40.0-255,66,114415,69,342984
12635,0.001679,74.125.68.0-255,4320,118735,69,342984
12636,0.001681,172.31.40.0-255,66,118801,69,342984
12637,0.001688,74.125.68.0-255,5738,124539,69,342984
12638,0.001689,172.31.40.0-255,66,124605,69,342984
12639,0.001705,74.125.68.0-255,2184,126789,69,342984
12640,0.001707,172.31.40.0-255,66,126855,69,342984
12641,0.001773,74.125.68.0-255,1484,128339,69,342984
12642,0.001785,74.125.68.0-255,1484,129823,69,342984
12643,0.001788,172.31.40.0-255,66,129889,69,342984
12644,0.001802,74.125.68.0-255,1484,131373,69,342984
12645,0.001834,74.125.68.0-255,5738,137111,69,342984
12646,0.001836,172.31.40.0-255,66,137177,69,342984
12647,0.001841,74.125.68.0-255,2902,140079,69,342984
12648,0.001843,172.31.40.0-255,66,140145,69,342984
12649,0.001848,74.125.68.0-255,4320,144465,69,342984
12650,0.001851,172.31.40.0-255,66,144531,69,342984
12651,0.001857,74.125.68.0-255,5738,150269,69,342984
12652,0.00186,172.31.40.0-255,66,150335,69,342984
12653,0.001887,74.125.68.0-255,2902,153237,69,342984
12654,0.00189,172.31.40.0-255,66,153303,69,342984
12655,0.001895,74.125.68.0-255,5738,159041,69,342984
12656,0.001898,172.31.40.0-255,66,159107,69,342984
12657,0.001931,74.125.68.0-255,2184,161291,69,342984
12658,0.001933,172.31.40.0-255,66,161357,69,342984
12659,0.00204,74.125.68.0-255,1484,162841,69,342984
12660,0.002043,74.125.68.0-255,1484,164325,69,342984
12661,0.002045,172.31.40.0-255,66,164391,69,342984
12662,0.002058,74.125.68.0-255,1484,165875,69,342984
12663,0.002096,74.125.68.0-255,5738,171613,69,342984
12664,0.002099,172.31.40.0-255,66,171679,69,342984
12665,0.002103,74.125.68.0-255,2902,174581,69,342984
12666,0.002106,172.31.40.0-255,66,174647,69,342984
12667,0.002119,74.125.68.0-255,2902,177549,69,342984
12668,0.002121,172.31.40.0-255,66,177615,69,342984
12669,0.002137,74.125.68.0-255,5738,183353,69,342984
12670,0.002139,172.31.40.0-255,66,183419,69,342984
12671,0.002164,74.125.68.0-255,1484,184903,69,342984
12672,0.002175,172.31.40.0-255,66,184969,69,342984
12673,0.002178,74.125.68.0-255,766,185735,69,342984
12674,0.002315,74.125.68.0-255,1484,187219,69,342984
12675,0.002318,172.31.40.0-255,66,187285,69,342984
12676,0.002331,74.125.68.0-255,2902,190187,69,342984
12677,0.002334,172.31.40.0-255,66,190253,69,342984
12678,0.002354,74.125.68.0-255,1484,191737,69,342984
12679,0.002358,74.125.68.0-255,2902,194639,69,342984
12680,0.002361,172.31.40.0-255,66,194705,69,342984
12681,0.002377,74.125.68.0-255,5738,200443,69,342984
12682,0.00238,172.31.40.0-255,66,200509,69,342984
12683,0.002401,74.125.68.0-255,4320,204829,69,342984
12684,0.002403,172.31.40.0-255,66,204895,69,342984
12685,0.002427,74.125.68.0-255,7156,212051,69,342984
12686,0.00243,172.31.40.0-255,66,212117,69,342984
12687,0.002435,74.125.68.0-255,5738,217855,69,342984
12688,0.002437,172.31.40.0-255,66,217921,69,342984
12689,0.002469,74.125.68.0-255,6438,224359,69,342984
12690,0.002471,172.31.40.0-255,66,224425,69,342984
12691,0.002474,74.125.68.0-255,1484,225909,69,342984
12692,0.004886,74.125.68.0-255,1484,227393,69,342984
12693,0.004889,172.31.40.0-255,66,227459,69,342984
12694,0.004932,74.125.68.0-255,2902,230361,69,342984
12695,0.004946,172.31.40.0-255,66,230427,69,342984
12696,0.007319,74.125.68.0-255,2902,233329,69,342984
12697,0.007325,172.31.40.0-255,66,233395,69,342984
12698,0.007358,74.125.68.0-255,2902,236297,69,342984
12699,0.007362,172.31.40.0-255,66,236363,69,342984
12700,0.009754,74.125.68.0-255,2902,239265,69,342984
12701,0.00976,172.31.40.0-255,66,239331,69,342984
12702,0.00979,74.125.68.0-255,2902,242233,69,342984
12703,0.009793,172.31.40.0-255,66,242299,69,342984
12704,0.012177,74.125.68.0-255,2902,245201,69,342984
12705,0.012185,172.31.40.0-255,66,245267,69,342984
12706,0.012208,74.125.68.0-255,2902,248169,69,342984
12707,0.01221,172.31.40.0-255,66,248235,69,342984
12708,0.014617,74.125.68.0-255,5738,253973,69,342984
12709,0.014624,172.31.40.0-255,66,254039,69,342984
12710,0.017055,74.125.68.0-255,5738,259777,69,342984
12711,0.017065,172.31.40.0-255,66,259843,69,342984
12712,0.019496,74.125.68.0-255,5738,265581,69,342984
12713,0.019504,172.31.40.0-255,66,265647,69,342984
12714,0.021935,74.125.68.0-255,5738,271385,69,342984
12715,0.021943,172.31.40.0-255,66,271451,69,342984
12716,0.024375,74.125.68.0-255,5738,277189,69,342984
12717,0.024382,172.31.40.0-255,66,277255,69,342984
12718,0.026806,74.125.68.0-255,5738,282993,69,342984
12719,0.026814,172.31.40.0-255,66,283059,69,342984
12720,0.029233,74.125.68.0-255,5738,288797,69,342984
12721,0.02924,172.31.40.0-255,66,288863,69,342984
12722,0.031661,74.125.68.0-255,5738,294601,69,342984
12723,0.031669,172.31.40.0-255,66,294667,69,342984
12724,0.034098,74.125.68.0-255,5738,300405,69,342984
12725,0.034106,172.31.40.0-255,66,300471,69,342984
12726,0.036542,74.125.68.0-255,5738,306209,69,342984
12727,0.03655,172.31.40.0-255,66,306275,69,342984
12728,0.038982,74.125.68.0-255,5738,312013,69,342984
12729,0.038989,172.31.40.0-255,66,312079,69,342984
12730,0.03996,172.31.40.0-255,172,312251,69,342984
12731,0.040006,172.31.40.0-255,1114,313365,69,342984
12732,0.040072,172.31.40.0-255,1514,314879,69,342984
12733,0.040074,172.31.40.0-255,1514,316393,69,342984
12734,0.040075,172.31.40.0-255,1514,317907,69,342984
12735,0.040076,172.31.40.0-255,1514,319421,69,342984
12736,0.040105,172.31.40.0-255,1501,320922,69,342984
12737,0.041428,74.125.68.0-255,5738,326660,69,342984
12738,0.04144,172.31.40.0-255,66,326726,69,342984
12739,0.041603,104.244.42.0-255,66,326792,69,342984
12740,0.04165,104.244.42.0-255,66,326858,69,342984
12741,0.041802,104.244.42.0-255,66,326924,69,342984
12742,0.043869,74.125.68.0-255,5738,332662,69,342984
12743,0.043876,172.31.40.0-255,66,332728,69,342984
12744,0.046303,74.125.68.0-255,4320,337048,69,342984
12745,0.046311,172.31.40.0-255,66,337114,69,342984
12746,0.046333,74.125.68.0-255,1484,338598,69,342984
12747,0.048785,74.125.68.0-255,4320,342918,69,342984
12748,0.048791,172.31.40.0-255,66,342984,69,342984
12749,0.0,172.253.118.0-255,153,153,69,258278
12750,1.7e-05,172.31.40.0-255,66,219,69,258278
12751,2.4e-05,172.253.118.0-255,1484,1703,69,258278
12752,2.8e-05,172.31.40.0-255,66,1769,69,258278
12753,4.7e-05,172.253.118.0-255,2902,4671,69,258278
12754,5.1e-05,172.31.40.0-255,66,4737,69,258278
12755,5.4e-05,172.253.118.0-255,1484,6221,69,258278
12756,5.6e-05,172.31.40.0-255,66,6287,69,258278
12757,8.1e-05,172.253.118.0-255,4320,10607,69,258278
12758,8.3e-05,172.31.40.0-255,66,10673,69,258278
12759,0.000113,172.253.118.0-255,2902,13575,69,258278
12760,0.000115,172.31.40.0-255,66,13641,69,258278
12761,0.000131,172.253.118.0-255,675,14316,69,258278
12762,0.000133,172.31.40.0-255,66,14382,69,258278
12763,0.000278,172.253.118.0-255,1484,15866,69,258278
12764,0.000282,172.31.40.0-255,66,15932,69,258278
12765,0.000301,172.253.118.0-255,2902,18834,69,258278
12766,0.000303,172.31.40.0-255,66,18900,69,258278
12767,0.000308,172.253.118.0-255,4320,23220,69,258278
12768,0.000311,172.31.40.0-255,66,23286,69,258278
12769,0.000331,172.253.118.0-255,1484,24770,69,258278
12770,0.000334,172.31.40.0-255,66,24836,69,258278
12771,0.000372,172.31.40.0-255,66,24902,69,258278
12772,0.000391,172.253.118.0-255,1125,26027,69,258278
12773,0.000394,172.31.40.0-255,66,26093,69,258278
12774,0.000405,172.31.40.0-255,66,26159,69,258278
12775,0.00044,172.31.40.0-255,66,26225,69,258278
12776,0.00047,172.253.118.0-255,2902,29127,69,258278
12777,0.000473,172.31.40.0-255,66,29193,69,258278
12778,0.000502,172.31.40.0-255,66,29259,69,258278
12779,0.000504,172.253.118.0-255,646,29905,69,258278
12780,0.000638,172.253.118.0-255,1484,31389,69,258278
12781,0.000642,172.31.40.0-255,66,31455,69,258278
12782,0.000672,172.253.118.0-255,2902,34357,69,258278
12783,0.000675,172.31.40.0-255,66,34423,69,258278
12784,0.000678,172.253.118.0-255,1484,35907,69,258278
12785,0.000696,172.253.118.0-255,4320,40227,69,258278
12786,0.000698,172.31.40.0-255,66,40293,69,258278
12787,0.000719,172.253.118.0-255,5738,46031,69,258278
12788,0.000721,172.31.40.0-255,66,46097,69,258278
12789,0.00074,172.253.118.0-255,2902,48999,69,258278
12790,0.000742,172.31.40.0-255,66,49065,69,258278
12791,0.000767,172.253.118.0-255,4320,53385,69,258278
12792,0.00077,172.31.40.0-255,66,53451,69,258278
12793,0.000778,172.253.118.0-255,7156,60607,69,258278
12794,0.00078,172.31.40.0-255,66,60673,69,258278
12795,0.000797,172.253.118.0-255,2902,63575,69,258278
12796,0.000799,172.31.40.0-255,66,63641,69,258278
12797,0.000802,172.253.118.0-255,766,64407,69,258278
12798,0.000965,172.253.118.0-255,1484,65891,69,258278
12799,0.000969,172.31.40.0-255,66,65957,69,258278
12800,0.000975,172.253.118.0-255,2902,68859,69,258278
12801,0.000977,172.31.40.0-255,66,68925,69,258278
12802,0.001001,172.253.118.0-255,5738,74663,69,258278
12803,0.001003,172.31.40.0-255,66,74729,69,258278
12804,0.00102,172.253.118.0-255,1484,76213,69,258278
12805,0.001045,172.31.40.0-255,66,76279,69,258278
12806,0.001112,172.31.40.0-255,66,76345,69,258278
12807,0.001772,172.253.118.0-255,1484,77829,69,258278
12808,0.001781,172.253.118.0-255,2902,80731,69,258278
12809,0.001785,172.31.40.0-255,66,80797,69,258278
12810,0.00181,172.253.118.0-255,5738,86535,69,258278
12811,0.001812,172.31.40.0-255,66,86601,69,258278
12812,0.001826,172.253.118.0-255,2902,89503,69,258278
12813,0.001828,172.31.40.0-255,66,89569,69,258278
12814,0.001862,172.31.40.0-255,66,89635,69,258278
12815,0.00187,172.253.118.0-255,7156,96791,69,258278
12816,0.001872,172.31.40.0-255,66,96857,69,258278
12817,0.001888,172.253.118.0-255,5020,101877,69,258278
12818,0.00189,172.31.40.0-255,66,101943,69,258278
12819,0.001975,172.253.118.0-255,1484,103427,69,258278
12820,0.001981,172.253.118.0-255,2902,106329,69,258278
12821,0.001984,172.31.40.0-255,66,106395,69,258278
12822,0.002005,172.253.118.0-255,5738,112133,69,258278
12823,0.002007,172.31.40.0-255,66,112199,69,258278
12824,0.002037,172.253.118.0-255,2902,115101,69,258278
12825,0.00204,172.31.40.0-255,66,115167,69,258278
12826,0.002067,172.31.40.0-255,66,115233,69,258278
12827,0.002087,172.253.118.0-255,5738,120971,69,258278
12828,0.002089,172.31.40.0-255,66,121037,69,258278
12829,0.002109,172.253.118.0-255,5020,126057,69,258278
12830,0.002111,172.31.40.0-255,66,126123,69,258278
12831,0.002198,172.253.118.0-255,1484,127607,69,258278
12832,0.002229,172.253.118.0-255,2902,130509,69,258278
12833,0.002232,172.31.40.0-255,66,130575,69,258278
12834,0.002241,172.253.118.0-255,5738,136313,69,258278
12835,0.002243,172.31.40.0-255,66,136379,69,258278
12836,0.002275,172.31.40.0-255,66,136445,69,258278
12837,0.002307,172.31.40.0-255,66,136511,69,258278
12838,0.002329,172.253.118.0-255,1484,137995,69,258278
12839,0.002346,172.253.118.0-255,766,138761,69,258278
12840,0.002349,172.31.40.0-255,66,138827,69,258278
12841,0.004807,172.253.118.0-255,2902,141729,69,258278
12842,0.004816,172.31.40.0-255,66,141795,69,258278
12843,0.004845,172.253.118.0-255,2902,144697,69,258278
12844,0.004847,172.31.40.0-255,66,144763,69,258278
12845,0.007312,172.253.118.0-255,5738,150501,69,258278
12846,0.007318,172.31.40.0-255,66,150567,69,258278
12847,0.009823,172.253.118.0-255,5738,156305,69,258278
12848,0.00983,172.31.40.0-255,66,156371,69,258278
12849,0.012307,172.253.118.0-255,5738,162109,69,258278
12850,0.012318,172.31.40.0-255,66,162175,69,258278
12851,0.014812,172.253.118.0-255,5738,167913,69,258278
12852,0.01482,172.31.40.0-255,66,167979,69,258278
12853,0.017315,172.253.118.0-255,5738,173717,69,258278
12854,0.017324,172.31.40.0-255,66,173783,69,258278
12855,0.019816,172.253.118.0-255,5738,179521,69,258278
12856,0.019826,172.31.40.0-255,66,179587,69,258278
12857,0.022316,172.253.118.0-255,5738,185325,69,258278
12858,0.022324,172.31.40.0-255,66,185391,69,258278
12859,0.024821,172.253.118.0-255,5738,191129,69,258278
12860,0.024828,172.31.40.0-255,66,191195,69,258278
12861,0.02733,172.253.118.0-255,5738,196933,69,258278
12862,0.027337,172.31.40.0-255,66,196999,69,258278
12863,0.029831,172.253.118.0-255,5738,202737,69,258278
12864,0.029838,172.31.40.0-255,66,202803,69,258278
12865,0.032342,172.253.118.0-255,5738,208541,69,258278
12866,0.03235,172.31.40.0-255,66,208607,69,258278
12867,0.034337,172.31.40.0-255,172,208779,69,258278
12868,0.034366,172.31.40.0-255,1112,209891,69,258278
12869,0.034432,172.31.40.0-255,1514,211405,69,258278
12870,0.034434,172.31.40.0-255,1514,212919,69,258278
12871,0.034435,172.31.40.0-255,1514,214433,69,258278
12872,0.034437,172.31.40.0-255,1514,215947,69,258278
12873,0.034465,172.31.40.0-255,1505,217452,69,258278
12874,0.034853,172.253.118.0-255,5738,223190,69,258278
12875,0.034859,172.31.40.0-255,66,223256,69,258278
12876,0.035997,104.244.42.0-255,66,223322,69,258278
12877,0.03605,104.244.42.0-255,66,223388,69,258278
12878,0.036209,104.244.42.0-255,66,223454,69,258278
12879,0.037384,172.253.118.0-255,5738,229192,69,258278
12880,0.03739,172.31.40.0-255,66,229258,69,258278
12881,0.039893,172.253.118.0-255,5738,234996,69,258278
12882,0.039901,172.31.40.0-255,66,235062,69,258278
12883,0.042404,172.253.118.0-255,5738,240800,69,258278
12884,0.042414,172.31.40.0-255,66,240866,69,258278
12885,0.044917,172.253.118.0-255,5738,246604,69,258278
12886,0.044922,172.31.40.0-255,66,246670,69,258278
12887,0.047446,172.253.118.0-255,5738,252408,69,258278
12888,0.047451,172.31.40.0-255,66,252474,69,258278
12889,0.049965,172.253.118.0-255,5738,258212,69,258278
12890,0.049971,172.31.40.0-255,66,258278,69,258278
12891,0.0,74.125.130.0-255,296,296,69,363304
12892,2.1e-05,172.31.40.0-255,66,362,69,363304
12893,2.8e-05,74.125.130.0-255,1484,1846,69,363304
12894,3.2e-05,172.31.40.0-255,66,1912,69,363304
12895,3.9e-05,74.125.130.0-255,2902,4814,69,363304
12896,4.3e-05,172.31.40.0-255,66,4880,69,363304
12897,5e-05,74.125.130.0-255,5738,10618,69,363304
12898,5.4e-05,172.31.40.0-255,66,10684,69,363304
12899,6e-05,74.125.130.0-255,4704,15388,69,363304
12900,6.3e-05,172.31.40.0-255,66,15454,69,363304
12901,8.8e-05,74.125.130.0-255,4320,19774,69,363304
12902,9.1e-05,172.31.40.0-255,66,19840,69,363304
12903,0.000115,74.125.130.0-255,1484,21324,69,363304
12904,0.000118,172.31.40.0-255,66,21390,69,363304
12905,0.000143,172.31.40.0-255,66,21456,69,363304
12906,0.000229,74.125.130.0-255,1484,22940,69,363304
12907,0.000233,172.31.40.0-255,66,23006,69,363304
12908,0.000237,74.125.130.0-255,1484,24490,69,363304
12909,0.00024,172.31.40.0-255,66,24556,69,363304
12910,0.000251,74.125.130.0-255,1484,26040,69,363304
12911,0.000254,172.31.40.0-255,66,26106,69,363304
12912,0.000257,74.125.130.0-255,1484,27590,69,363304
12913,0.000259,172.31.40.0-255,66,27656,69,363304
12914,0.000264,74.125.130.0-255,2902,30558,69,363304
12915,0.000267,172.31.40.0-255,66,30624,69,363304
12916,0.000294,74.125.130.0-255,5738,36362,69,363304
12917,0.000296,172.31.40.0-255,66,36428,69,363304
12918,0.000324,172.31.40.0-255,66,36494,69,363304
12919,0.00035,172.31.40.0-255,66,36560,69,363304
12920,0.000372,74.125.130.0-255,2833,39393,69,363304
12921,0.000375,172.31.40.0-255,66,39459,69,363304
12922,0.000378,74.125.130.0-255,98,39557,69,363304
12923,0.000527,74.125.130.0-255,1484,41041,69,363304
12924,0.000532,172.31.40.0-255,66,41107,69,363304
12925,0.000538,74.125.130.0-255,2902,44009,69,363304
12926,0.00054,172.31.40.0-255,66,44075,69,363304
12927,0.000552,74.125.130.0-255,1484,45559,69,363304
12928,0.000567,74.125.130.0-255,4320,49879,69,363304
12929,0.00057,172.31.40.0-255,66,49945,69,363304
12930,0.000573,74.125.130.0-255,1484,51429,69,363304
12931,0.000587,74.125.130.0-255,2902,54331,69,363304
12932,0.00059,172.31.40.0-255,66,54397,69,363304
12933,0.00061,74.125.130.0-255,2543,56940,69,363304
12934,0.000612,172.31.40.0-255,66,57006,69,363304
12935,0.000624,172.31.40.0-255,66,57072,69,363304
12936,0.00066,74.125.130.0-255,2902,59974,69,363304
12937,0.000664,172.31.40.0-255,66,60040,69,363304
12938,0.000681,74.125.130.0-255,5379,65419,69,363304
12939,0.000684,172.31.40.0-255,66,65485,69,363304
12940,0.000732,74.125.130.0-255,1484,66969,69,363304
12941,0.00075,74.125.130.0-255,1484,68453,69,363304
12942,0.000755,172.31.40.0-255,66,68519,69,363304
12943,0.000763,74.125.130.0-255,1484,70003,69,363304
12944,0.000777,74.125.130.0-255,1484,71487,69,363304
12945,0.00078,172.31.40.0-255,66,71553,69,363304
12946,0.000808,74.125.130.0-255,4320,75873,69,363304
12947,0.000811,172.31.40.0-255,66,75939,69,363304
12948,0.000815,74.125.130.0-255,2902,78841,69,363304
12949,0.000817,172.31.40.0-255,66,78907,69,363304
12950,0.000825,74.125.130.0-255,7156,86063,69,363304
12951,0.000827,172.31.40.0-255,66,86129,69,363304
12952,0.000852,74.125.130.0-255,2902,89031,69,363304
12953,0.000856,172.31.40.0-255,66,89097,69,363304
12954,0.000867,172.31.40.0-255,66,89163,69,363304
12955,0.000893,74.125.130.0-255,2481,91644,69,363304
12956,0.000896,172.31.40.0-255,66,91710,69,363304
12957,0.000977,74.125.130.0-255,1484,93194,69,363304
12958,0.000996,74.125.130.0-255,2902,96096,69,363304
12959,0.001007,172.31.40.0-255,66,96162,69,363304
12960,0.001013,74.125.130.0-255,4320,100482,69,363304
12961,0.001016,172.31.40.0-255,66,100548,69,363304
12962,0.001038,74.125.130.0-255,1484,102032,69,363304
12963,0.001048,74.125.130.0-255,7156,109188,69,363304
12964,0.001051,172.31.40.0-255,66,109254,69,363304
12965,0.001069,74.125.130.0-255,5738,114992,69,363304
12966,0.001072,172.31.40.0-255,66,115058,69,363304
12967,0.0011,74.125.130.0-255,5738,120796,69,363304
12968,0.001104,172.31.40.0-255,66,120862,69,363304
12969,0.001118,74.125.130.0-255,5020,125882,69,363304
12970,0.001121,172.31.40.0-255,66,125948,69,363304
12971,0.001238,74.125.130.0-255,1484,127432,69,363304
12972,0.001256,74.125.130.0-255,2902,130334,69,363304
12973,0.001259,172.31.40.0-255,66,130400,69,363304
12974,0.001283,74.125.130.0-255,4320,134720,69,363304
12975,0.001286,172.31.40.0-255,66,134786,69,363304
12976,0.001291,74.125.130.0-255,4320,139106,69,363304
12977,0.001294,172.31.40.0-255,66,139172,69,363304
12978,0.001315,74.125.130.0-255,4320,143492,69,363304
12979,0.001318,172.31.40.0-255,66,143558,69,363304
12980,0.001325,74.125.130.0-255,5738,149296,69,363304
12981,0.001328,172.31.40.0-255,66,149362,69,363304
12982,0.001334,74.125.130.0-255,5738,155100,69,363304
12983,0.001337,172.31.40.0-255,66,155166,69,363304
12984,0.001359,74.125.130.0-255,1484,156650,69,363304
12985,0.001365,74.125.130.0-255,3602,160252,69,363304
12986,0.001367,172.31.40.0-255,66,160318,69,363304
12987,0.001418,74.125.130.0-255,1484,161802,69,363304
12988,0.001439,74.125.130.0-255,2902,164704,69,363304
12989,0.001442,172.31.40.0-255,66,164770,69,363304
12990,0.001445,74.125.130.0-255,1484,166254,69,363304
12991,0.00146,74.125.130.0-255,2902,169156,69,363304
12992,0.001463,172.31.40.0-255,66,169222,69,363304
12993,0.00148,74.125.130.0-255,1484,170706,69,363304
12994,0.001485,74.125.130.0-255,2902,173608,69,363304
12995,0.001488,172.31.40.0-255,66,173674,69,363304
12996,0.001493,74.125.130.0-255,4320,177994,69,363304
12997,0.001495,172.31.40.0-255,66,178060,69,363304
12998,0.001498,74.125.130.0-255,1484,179544,69,363304
12999,0.001532,74.125.130.0-255,7156,186700,69,363304
13000,0.001536,172.31.40.0-255,66,186766,69,363304
13001,0.001542,74.125.130.0-255,5738,192504,69,363304
13002,0.001544,172.31.40.0-255,66,192570,69,363304
13003,0.001566,74.125.130.0-255,2184,194754,69,363304
13004,0.001568,172.31.40.0-255,66,194820,69,363304
13005,0.001671,74.125.130.0-255,1484,196304,69,363304
13006,0.001696,74.125.130.0-255,2902,199206,69,363304
13007,0.0017,172.31.40.0-255,66,199272,69,363304
13008,0.001707,74.125.130.0-255,5738,205010,69,363304
13009,0.001709,172.31.40.0-255,66,205076,69,363304
13010,0.001711,74.125.130.0-255,1484,206560,69,363304
13011,0.001745,74.125.130.0-255,5738,212298,69,363304
13012,0.001749,172.31.40.0-255,66,212364,69,363304
13013,0.00176,172.31.40.0-255,66,212430,69,363304
13014,0.0018,172.31.40.0-255,66,212496,69,363304
13015,0.001963,74.125.130.0-255,1484,213980,69,363304
13016,0.001969,74.125.130.0-255,2902,216882,69,363304
13017,0.001972,172.31.40.0-255,66,216948,69,363304
13018,0.001995,74.125.130.0-255,4320,221268,69,363304
13019,0.001998,172.31.40.0-255,66,221334,69,363304
13020,0.002002,74.125.130.0-255,2902,224236,69,363304
13021,0.002004,172.31.40.0-255,66,224302,69,363304
13022,0.002019,74.125.130.0-255,2902,227204,69,363304
13023,0.002023,172.31.40.0-255,66,227270,69,363304
13024,0.002033,74.125.130.0-255,2902,230172,69,363304
13025,0.002035,172.31.40.0-255,66,230238,69,363304
13026,0.00204,74.125.130.0-255,2902,233140,69,363304
13027,0.002042,172.31.40.0-255,66,233206,69,363304
13028,0.002077,172.31.40.0-255,66,233272,69,363304
13029,0.00209,74.125.130.0-255,1484,234756,69,363304
13030,0.002093,74.125.130.0-255,766,235522,69,363304
13031,0.002096,172.31.40.0-255,66,235588,69,363304
13032,0.00415,74.125.130.0-255,5738,241326,69,363304
13033,0.004157,172.31.40.0-255,66,241392,69,363304
13034,0.006219,74.125.130.0-255,5738,247130,69,363304
13035,0.006227,172.31.40.0-255,66,247196,69,363304
13036,0.008292,74.125.130.0-255,4320,251516,69,363304
13037,0.008297,172.31.40.0-255,66,251582,69,363304
13038,0.008315,74.125.130.0-255,1484,253066,69,363304
13039,0.010346,74.125.130.0-255,4320,257386,69,363304
13040,0.010352,172.31.40.0-255,66,257452,69,363304
13041,0.012407,74.125.130.0-255,5738,263190,69,363304
13042,0.012413,172.31.40.0-255,66,263256,69,363304
13043,0.014476,74.125.130.0-255,5738,268994,69,363304
13044,0.014488,172.31.40.0-255,66,269060,69,363304
13045,0.016545,74.125.130.0-255,5738,274798,69,363304
13046,0.016558,172.31.40.0-255,66,274864,69,363304
13047,0.018619,74.125.130.0-255,4320,279184,69,363304
13048,0.018626,172.31.40.0-255,66,279250,69,363304
13049,0.018641,74.125.130.0-255,1484,280734,69,363304
13050,0.020689,74.125.130.0-255,4320,285054,69,363304
13051,0.020696,172.31.40.0-255,66,285120,69,363304
13052,0.022771,74.125.130.0-255,5738,290858,69,363304
13053,0.022777,172.31.40.0-255,66,290924,69,363304
13054,0.024843,74.125.130.0-255,5738,296662,69,363304
13055,0.024855,172.31.40.0-255,66,296728,69,363304
13056,0.026912,74.125.130.0-255,5738,302466,69,363304
13057,0.02692,172.31.40.0-255,66,302532,69,363304
13058,0.028987,74.125.130.0-255,5738,308270,69,363304
13059,0.028997,172.31.40.0-255,66,308336,69,363304
13060,0.031057,74.125.130.0-255,5738,314074,69,363304
13061,0.031064,172.31.40.0-255,66,314140,69,363304
13062,0.033168,74.125.130.0-255,5738,319878,69,363304
13063,0.033176,172.31.40.0-255,66,319944,69,363304
13064,0.035244,74.125.130.0-255,5738,325682,69,363304
13065,0.035253,172.31.40.0-255,66,325748,69,363304
13066,0.037318,74.125.130.0-255,5738,331486,69,363304
13067,0.03733,172.31.40.0-255,66,331552,69,363304
13068,0.039393,74.125.130.0-255,4320,335872,69,363304
13069,0.039399,172.31.40.0-255,66,335938,69,363304
13070,0.039427,74.125.130.0-255,1484,337422,69,363304
13071,0.041484,74.125.130.0-255,4320,341742,69,363304
13072,0.041503,172.31.40.0-255,66,341808,69,363304
13073,0.043568,74.125.130.0-255,5738,347546,69,363304
13074,0.043583,172.31.40.0-255,66,347612,69,363304
13075,0.044594,172.31.40.0-255,172,347784,69,363304
13076,0.044621,172.31.40.0-255,1114,348898,69,363304
13077,0.044685,172.31.40.0-255,1514,350412,69,363304
13078,0.044687,172.31.40.0-255,1514,351926,69,363304
13079,0.044688,172.31.40.0-255,1514,353440,69,363304
13080,0.044689,172.31.40.0-255,1514,354954,69,363304
13081,0.044716,172.31.40.0-255,1501,356455,69,363304
13082,0.045639,74.125.130.0-255,4320,360775,69,363304
13083,0.045645,172.31.40.0-255,66,360841,69,363304
13084,0.045661,74.125.130.0-255,1484,362325,69,363304
13085,0.046123,104.244.42.0-255,66,362391,69,363304
13086,0.046176,104.244.42.0-255,66,362457,69,363304
13087,0.046269,104.244.42.0-255,66,362523,69,363304
13088,0.047666,74.125.130.0-255,544,363067,69,363304
13089,0.047673,172.31.40.0-255,66,363133,69,363304
13090,0.047844,172.31.40.0-255,105,363238,69,363304
13091,0.049868,74.125.130.0-255,66,363304,69,363304
13092,0.0,74.125.24.0-255,156,156,69,284013
13093,1.4e-05,172.31.40.0-255,66,222,69,284013
13094,4.3e-05,74.125.24.0-255,1484,1706,69,284013
13095,4.7e-05,172.31.40.0-255,66,1772,69,284013
13096,5.2e-05,74.125.24.0-255,2902,4674,69,284013
13097,5.4e-05,172.31.40.0-255,66,4740,69,284013
13098,6.4e-05,74.125.24.0-255,7156,11896,69,284013
13099,6.7e-05,172.31.40.0-255,66,11962,69,284013
13100,7e-05,74.125.24.0-255,2103,14065,69,284013
13101,7.3e-05,172.31.40.0-255,66,14131,69,284013
13102,0.000104,74.125.24.0-255,5738,19869,69,284013
13103,0.000107,172.31.40.0-255,66,19935,69,284013
13104,0.000126,74.125.24.0-255,5738,25673,69,284013
13105,0.000128,172.31.40.0-255,66,25739,69,284013
13106,0.000131,74.125.24.0-255,1484,27223,69,284013
13107,0.000132,172.31.40.0-255,66,27289,69,284013
13108,0.000152,74.125.24.0-255,3961,31250,69,284013
13109,0.000156,172.31.40.0-255,66,31316,69,284013
13110,0.000325,74.125.24.0-255,1484,32800,69,284013
13111,0.00033,172.31.40.0-255,66,32866,69,284013
13112,0.000335,74.125.24.0-255,2902,35768,69,284013
13113,0.000337,172.31.40.0-255,66,35834,69,284013
13114,0.00034,74.125.24.0-255,1484,37318,69,284013
13115,0.000342,172.31.40.0-255,66,37384,69,284013
13116,0.000359,74.125.24.0-255,4320,41704,69,284013
13117,0.000361,172.31.40.0-255,66,41770,69,284013
13118,0.000386,74.125.24.0-255,5738,47508,69,284013
13119,0.000389,172.31.40.0-255,66,47574,69,284013
13120,0.000413,74.125.24.0-255,6797,54371,69,284013
13121,0.000416,172.31.40.0-255,66,54437,69,284013
13122,0.000433,74.125.24.0-255,1484,55921,69,284013
13123,0.000436,172.31.40.0-255,66,55987,69,284013
13124,0.000462,172.31.40.0-255,66,56053,69,284013
13125,0.001136,74.125.24.0-255,646,56699,69,284013
13126,0.001332,74.125.24.0-255,1484,58183,69,284013
13127,0.001338,172.31.40.0-255,66,58249,69,284013
13128,0.001356,74.125.24.0-255,1484,59733,69,284013
13129,0.001371,74.125.24.0-255,1484,61217,69,284013
13130,0.001373,172.31.40.0-255,66,61283,69,284013
13131,0.00138,74.125.24.0-255,5738,67021,69,284013
13132,0.001381,172.31.40.0-255,66,67087,69,284013
13133,0.001388,74.125.24.0-255,7156,74243,69,284013
13134,0.00139,172.31.40.0-255,66,74309,69,284013
13135,0.001406,74.125.24.0-255,5738,80047,69,284013
13136,0.001408,172.31.40.0-255,66,80113,69,284013
13137,0.001413,74.125.24.0-255,4320,84433,69,284013
13138,0.001415,172.31.40.0-255,66,84499,69,284013
13139,0.00144,74.125.24.0-255,4320,88819,69,284013
13140,0.001442,172.31.40.0-255,66,88885,69,284013
13141,0.001446,74.125.24.0-255,2184,91069,69,284013
13142,0.001448,172.31.40.0-255,66,91135,69,284013
13143,0.002559,74.125.24.0-255,1484,92619,69,284013
13144,0.002565,74.125.24.0-255,2902,95521,69,284013
13145,0.002568,172.31.40.0-255,66,95587,69,284013
13146,0.002572,74.125.24.0-255,1484,97071,69,284013
13147,0.002587,74.125.24.0-255,2902,99973,69,284013
13148,0.002589,172.31.40.0-255,66,100039,69,284013
13149,0.002612,74.125.24.0-255,1484,101523,69,284013
13150,0.002619,74.125.24.0-255,7156,108679,69,284013
13151,0.002621,172.31.40.0-255,66,108745,69,284013
13152,0.002624,74.125.24.0-255,1484,110229,69,284013
13153,0.002638,74.125.24.0-255,4320,114549,69,284013
13154,0.00264,172.31.40.0-255,66,114615,69,284013
13155,0.002656,74.125.24.0-255,5738,120353,69,284013
13156,0.002658,172.31.40.0-255,66,120419,69,284013
13157,0.002662,74.125.24.0-255,1484,121903,69,284013
13158,0.002685,74.125.24.0-255,3602,125505,69,284013
13159,0.002686,172.31.40.0-255,66,125571,69,284013
13160,0.0027,74.125.24.0-255,1484,127055,69,284013
13161,0.002703,74.125.24.0-255,1484,128539,69,284013
13162,0.002706,172.31.40.0-255,66,128605,69,284013
13163,0.002734,74.125.24.0-255,1484,130089,69,284013
13164,0.002741,74.125.24.0-255,5738,135827,69,284013
13165,0.002743,172.31.40.0-255,66,135893,69,284013
13166,0.002747,74.125.24.0-255,2902,138795,69,284013
13167,0.002749,172.31.40.0-255,66,138861,69,284013
13168,0.002785,172.31.40.0-255,66,138927,69,284013
13169,0.002796,172.31.40.0-255,66,138993,69,284013
13170,0.002819,74.125.24.0-255,766,139759,69,284013
13171,0.002841,74.125.24.0-255,1484,141243,69,284013
13172,0.002843,172.31.40.0-255,66,141309,69,284013
13173,0.002848,74.125.24.0-255,2902,144211,69,284013
13174,0.002851,172.31.40.0-255,66,144277,69,284013
13175,0.002868,74.125.24.0-255,1484,145761,69,284013
13176,0.002876,74.125.24.0-255,7156,152917,69,284013
13177,0.002879,172.31.40.0-255,66,152983,69,284013
13178,0.002884,74.125.24.0-255,4320,157303,69,284013
13179,0.002886,172.31.40.0-255,66,157369,69,284013
13180,0.002918,172.31.40.0-255,66,157435,69,284013
13181,0.00292,74.125.24.0-255,1484,158919,69,284013
13182,0.002945,74.125.24.0-255,6438,165357,69,284013
13183,0.002947,172.31.40.0-255,66,165423,69,284013
13184,0.003003,74.125.24.0-255,1484,166907,69,284013
13185,0.003018,74.125.24.0-255,2902,169809,69,284013
13186,0.00302,172.31.40.0-255,66,169875,69,284013
13187,0.003046,74.125.24.0-255,1484,171359,69,284013
13188,0.003062,74.125.24.0-255,4320,175679,69,284013
13189,0.003064,172.31.40.0-255,66,175745,69,284013
13190,0.003067,74.125.24.0-255,1484,177229,69,284013
13191,0.003086,74.125.24.0-255,4320,181549,69,284013
13192,0.003088,172.31.40.0-255,66,181615,69,284013
13193,0.003108,74.125.24.0-255,2902,184517,69,284013
13194,0.00311,172.31.40.0-255,66,184583,69,284013
13195,0.003142,172.31.40.0-255,66,184649,69,284013
13196,0.003165,74.125.24.0-255,6438,191087,69,284013
13197,0.003168,172.31.40.0-255,66,191153,69,284013
13198,0.003225,74.125.24.0-255,1484,192637,69,284013
13199,0.003245,74.125.24.0-255,2902,195539,69,284013
13200,0.003247,172.31.40.0-255,66,195605,69,284013
13201,0.003254,74.125.24.0-255,5738,201343,69,284013
13202,0.003257,172.31.40.0-255,66,201409,69,284013
13203,0.003259,74.125.24.0-255,1484,202893,69,284013
13204,0.003281,74.125.24.0-255,4320,207213,69,284013
13205,0.003284,172.31.40.0-255,66,207279,69,284013
13206,0.00334,74.125.24.0-255,2902,210181,69,284013
13207,0.003343,172.31.40.0-255,66,210247,69,284013
13208,0.003378,172.31.40.0-255,66,210313,69,284013
13209,0.003391,172.31.40.0-255,66,210379,69,284013
13210,0.003405,172.31.40.0-255,66,210445,69,284013
13211,0.00342,172.31.40.0-255,66,210511,69,284013
13212,0.003437,74.125.24.0-255,1484,211995,69,284013
13213,0.003441,74.125.24.0-255,1484,213479,69,284013
13214,0.003443,172.31.40.0-255,66,213545,69,284013
13215,0.00346,74.125.24.0-255,1484,215029,69,284013
13216,0.003466,74.125.24.0-255,4320,219349,69,284013
13217,0.003468,172.31.40.0-255,66,219415,69,284013
13218,0.003471,74.125.24.0-255,1484,220899,69,284013
13219,0.003488,74.125.24.0-255,4320,225219,69,284013
13220,0.003491,172.31.40.0-255,66,225285,69,284013
13221,0.00351,74.125.24.0-255,2902,228187,69,284013
13222,0.003513,172.31.40.0-255,66,228253,69,284013
13223,0.003515,74.125.24.0-255,1484,229737,69,284013
13224,0.003545,172.31.40.0-255,66,229803,69,284013
13225,0.003548,74.125.24.0-255,1484,231287,69,284013
13226,0.003553,74.125.24.0-255,3602,234889,69,284013
13227,0.003556,172.31.40.0-255,66,234955,69,284013
13228,0.003606,74.125.24.0-255,1484,236439,69,284013
13229,0.00361,74.125.24.0-255,1484,237923,69,284013
13230,0.003612,172.31.40.0-255,66,237989,69,284013
13231,0.00363,74.125.24.0-255,1484,239473,69,284013
13232,0.003635,74.125.24.0-255,2902,242375,69,284013
13233,0.003637,172.31.40.0-255,66,242441,69,284013
13234,0.003654,74.125.24.0-255,2902,245343,69,284013
13235,0.003656,172.31.40.0-255,66,245409,69,284013
13236,0.003663,74.125.24.0-255,4320,249729,69,284013
13237,0.003665,172.31.40.0-255,66,249795,69,284013
13238,0.003692,172.31.40.0-255,66,249861,69,284013
13239,0.003697,74.125.24.0-255,2902,252763,69,284013
13240,0.003699,172.31.40.0-255,66,252829,69,284013
13241,0.003722,74.125.24.0-255,4320,257149,69,284013
13242,0.003726,172.31.40.0-255,66,257215,69,284013
13243,0.003733,74.125.24.0-255,7156,264371,69,284013
13244,0.003735,172.31.40.0-255,66,264437,69,284013
13245,0.003771,172.31.40.0-255,66,264503,69,284013
13246,0.003782,172.31.40.0-255,66,264569,69,284013
13247,0.003821,172.31.40.0-255,66,264635,69,284013
13248,0.003839,74.125.24.0-255,2184,266819,69,284013
13249,0.003842,172.31.40.0-255,66,266885,69,284013
13250,0.003847,74.125.24.0-255,2902,269787,69,284013
13251,0.003849,172.31.40.0-255,66,269853,69,284013
13252,0.003876,74.125.24.0-255,4711,274564,69,284013
13253,0.003879,172.31.40.0-255,66,274630,69,284013
13254,0.003896,74.125.24.0-255,105,274735,69,284013
13255,0.006519,172.31.40.0-255,66,274801,69,284013
13256,0.006552,172.31.40.0-255,105,274906,69,284013
13257,0.008619,74.125.24.0-255,66,274972,69,284013
13258,0.038394,172.31.40.0-255,172,275144,69,284013
13259,0.038445,172.31.40.0-255,1114,276258,69,284013
13260,0.038511,172.31.40.0-255,1514,277772,69,284013
13261,0.038512,172.31.40.0-255,1514,279286,69,284013
13262,0.038514,172.31.40.0-255,1514,280800,69,284013
13263,0.038519,172.31.40.0-255,1514,282314,69,284013
13264,0.03852,172.31.40.0-255,1501,283815,69,284013
13265,0.040055,104.244.42.0-255,66,283881,69,284013
13266,0.040122,104.244.42.0-255,66,283947,69,284013
13267,0.040265,104.244.42.0-255,66,284013,69,284013
13268,0.0,172.217.194.0-255,150,150,69,243809
13269,1.7e-05,172.31.40.0-255,66,216,69,243809
13270,2.3e-05,172.217.194.0-255,1484,1700,69,243809
13271,2.8e-05,172.31.40.0-255,66,1766,69,243809
13272,5.7e-05,172.217.194.0-255,2902,4668,69,243809
13273,6.1e-05,172.31.40.0-255,66,4734,69,243809
13274,6.7e-05,172.217.194.0-255,4320,9054,69,243809
13275,7e-05,172.31.40.0-255,66,9120,69,243809
13276,9.7e-05,172.31.40.0-255,66,9186,69,243809
13277,0.000105,172.217.194.0-255,7156,16342,69,243809
13278,0.000108,172.31.40.0-255,66,16408,69,243809
13279,0.000152,172.217.194.0-255,4320,20728,69,243809
13280,0.000155,172.31.40.0-255,66,20794,69,243809
13281,0.000172,172.217.194.0-255,1125,21919,69,243809
13282,0.000175,172.31.40.0-255,66,21985,69,243809
13283,0.000204,172.217.194.0-255,1484,23469,69,243809
13284,0.000207,172.31.40.0-255,66,23535,69,243809
13285,0.000212,172.217.194.0-255,2902,26437,69,243809
13286,0.000214,172.31.40.0-255,66,26503,69,243809
13287,0.00022,172.217.194.0-255,4320,30823,69,243809
13288,0.000222,172.31.40.0-255,66,30889,69,243809
13289,0.000246,172.217.194.0-255,1484,32373,69,243809
13290,0.000248,172.31.40.0-255,66,32439,69,243809
13291,0.000262,172.31.40.0-255,66,32505,69,243809
13292,0.000268,172.217.194.0-255,5738,38243,69,243809
13293,0.000271,172.31.40.0-255,66,38309,69,243809
13294,0.000293,172.217.194.0-255,5738,44047,69,243809
13295,0.000296,172.31.40.0-255,66,44113,69,243809
13296,0.000299,172.217.194.0-255,1429,45542,69,243809
13297,0.000301,172.31.40.0-255,66,45608,69,243809
13298,0.000384,172.217.194.0-255,1484,47092,69,243809
13299,0.000389,172.217.194.0-255,2902,49994,69,243809
13300,0.000393,172.31.40.0-255,66,50060,69,243809
13301,0.000397,172.217.194.0-255,2902,52962,69,243809
13302,0.000399,172.31.40.0-255,66,53028,69,243809
13303,0.000417,172.217.194.0-255,2902,55930,69,243809
13304,0.00042,172.31.40.0-255,66,55996,69,243809
13305,0.000437,172.217.194.0-255,7156,63152,69,243809
13306,0.00044,172.31.40.0-255,66,63218,69,243809
13307,0.000461,172.217.194.0-255,6533,69751,69,243809
13308,0.000464,172.31.40.0-255,66,69817,69,243809
13309,0.000476,172.31.40.0-255,66,69883,69,243809
13310,0.00067,172.217.194.0-255,1484,71367,69,243809
13311,0.000677,172.217.194.0-255,2902,74269,69,243809
13312,0.000681,172.31.40.0-255,66,74335,69,243809
13313,0.000686,172.217.194.0-255,2902,77237,69,243809
13314,0.000689,172.31.40.0-255,66,77303,69,243809
13315,0.000705,172.217.194.0-255,2902,80205,69,243809
13316,0.000713,172.217.194.0-255,7156,87361,69,243809
13317,0.000732,172.217.194.0-255,5738,93099,69,243809
13318,0.000741,172.31.40.0-255,66,93165,69,243809
13319,0.000754,172.217.194.0-255,5738,98903,69,243809
13320,0.00077,172.217.194.0-255,5020,103923,69,243809
13321,0.000784,172.31.40.0-255,66,103989,69,243809
13322,0.000983,172.217.194.0-255,1484,105473,69,243809
13323,0.000989,172.217.194.0-255,2902,108375,69,243809
13324,0.000992,172.31.40.0-255,66,108441,69,243809
13325,0.000996,172.217.194.0-255,1484,109925,69,243809
13326,0.001018,172.217.194.0-255,4320,114245,69,243809
13327,0.001042,172.217.194.0-255,2902,117147,69,243809
13328,0.001045,172.31.40.0-255,66,117213,69,243809
13329,0.0011,172.31.40.0-255,66,117279,69,243809
13330,0.001119,172.217.194.0-255,1484,118763,69,243809
13331,0.001137,172.217.194.0-255,2902,121665,69,243809
13332,0.001142,172.217.194.0-255,2902,124567,69,243809
13333,0.001158,172.217.194.0-255,2902,127469,69,243809
13334,0.001161,172.217.194.0-255,1484,128953,69,243809
13335,0.001166,172.217.194.0-255,2902,131855,69,243809
13336,0.00118,172.217.194.0-255,5738,137593,69,243809
13337,0.001213,172.217.194.0-255,1484,139077,69,243809
13338,0.001232,172.217.194.0-255,7156,146233,69,243809
13339,0.001254,172.217.194.0-255,5020,151253,69,243809
13340,0.001269,172.217.194.0-255,5738,156991,69,243809
13341,0.001271,172.217.194.0-255,1484,158475,69,243809
13342,0.001285,172.217.194.0-255,5738,164213,69,243809
13343,0.001288,172.217.194.0-255,1484,165697,69,243809
13344,0.001332,172.217.194.0-255,6438,172135,69,243809
13345,0.001366,172.217.194.0-255,1484,173619,69,243809
13346,0.00137,172.217.194.0-255,1484,175103,69,243809
13347,0.001384,172.217.194.0-255,1484,176587,69,243809
13348,0.001391,172.217.194.0-255,5738,182325,69,243809
13349,0.001518,172.217.194.0-255,2902,185227,69,243809
13350,0.00154,172.217.194.0-255,1484,186711,69,243809
13351,0.001566,172.217.194.0-255,1484,188195,69,243809
13352,0.001602,172.217.194.0-255,1484,189679,69,243809
13353,0.001653,172.217.194.0-255,1484,191163,69,243809
13354,0.001692,172.217.194.0-255,1484,192647,69,243809
13355,0.001696,172.217.194.0-255,1484,194131,69,243809
13356,0.001708,172.217.194.0-255,1484,195615,69,243809
13357,0.001715,172.217.194.0-255,5738,201353,69,243809
13358,0.001722,172.217.194.0-255,5738,207091,69,243809
13359,0.001735,172.217.194.0-255,2902,209993,69,243809
13360,0.001796,172.217.194.0-255,6438,216431,69,243809
13361,0.001809,172.217.194.0-255,1484,217915,69,243809
13362,0.001846,172.217.194.0-255,7156,225071,69,243809
13363,0.001863,172.217.194.0-255,1484,226555,69,243809
13364,0.001885,172.217.194.0-255,2902,229457,69,243809
13365,0.001936,172.217.194.0-255,4734,234191,69,243809
13366,0.001939,172.217.194.0-255,105,234296,69,243809
13367,0.006337,172.31.40.0-255,66,234362,69,243809
13368,0.006723,172.31.40.0-255,101,234463,69,243809
13369,0.00902,172.217.194.0-255,66,234529,69,243809
13370,0.009301,172.31.40.0-255,105,234634,69,243809
13371,0.011612,172.217.194.0-255,66,234700,69,243809
13372,0.039781,172.31.40.0-255,172,234872,69,243809
13373,0.039816,172.31.40.0-255,1114,235986,69,243809
13374,0.039881,172.31.40.0-255,1514,237500,69,243809
13375,0.039883,172.31.40.0-255,1514,239014,69,243809
13376,0.039884,172.31.40.0-255,1514,240528,69,243809
13377,0.039886,172.31.40.0-255,1514,242042,69,243809
13378,0.039914,172.31.40.0-255,1503,243545,69,243809
13379,0.041325,104.244.42.0-255,66,243611,69,243809
13380,0.041335,104.244.42.0-255,66,243677,69,243809
13381,0.041459,104.244.42.0-255,66,243743,69,243809
13382,0.041464,104.244.42.0-255,66,243809,69,243809
13383,0.0,172.217.24.0-255,150,150,69,206200
13384,2e-05,172.31.40.0-255,66,216,69,206200
13385,2.6e-05,172.217.24.0-255,1484,1700,69,206200
13386,3.1e-05,172.31.40.0-255,66,1766,69,206200
13387,3.6e-05,172.217.24.0-255,2902,4668,69,206200
13388,4e-05,172.31.40.0-255,66,4734,69,206200
13389,6.6e-05,172.217.24.0-255,1484,6218,69,206200
13390,6.9e-05,172.31.40.0-255,66,6284,69,206200
13391,8.9e-05,172.217.24.0-255,2902,9186,69,206200
13392,9.2e-05,172.31.40.0-255,66,9252,69,206200
13393,9.5e-05,172.217.24.0-255,1484,10736,69,206200
13394,9.7e-05,172.31.40.0-255,66,10802,69,206200
13395,0.000125,172.31.40.0-255,66,10868,69,206200
13396,0.000149,172.217.24.0-255,2902,13770,69,206200
13397,0.000152,172.31.40.0-255,66,13836,69,206200
13398,0.000168,172.217.24.0-255,4320,18156,69,206200
13399,0.00017,172.31.40.0-255,66,18222,69,206200
13400,0.000188,172.217.24.0-255,2902,21124,69,206200
13401,0.00019,172.31.40.0-255,66,21190,69,206200
13402,0.000205,172.217.24.0-255,2543,23733,69,206200
13403,0.000207,172.31.40.0-255,66,23799,69,206200
13404,0.000301,172.217.24.0-255,1484,25283,69,206200
13405,0.000304,172.31.40.0-255,66,25349,69,206200
13406,0.000326,172.217.24.0-255,2902,28251,69,206200
13407,0.000328,172.31.40.0-255,66,28317,69,206200
13408,0.000334,172.217.24.0-255,5738,34055,69,206200
13409,0.000336,172.31.40.0-255,66,34121,69,206200
13410,0.000339,172.217.24.0-255,1484,35605,69,206200
13411,0.000341,172.31.40.0-255,66,35671,69,206200
13412,0.000365,172.217.24.0-255,4320,39991,69,206200
13413,0.000368,172.31.40.0-255,66,40057,69,206200
13414,0.000375,172.217.24.0-255,6797,46854,69,206200
13415,0.000577,172.31.40.0-255,66,46920,69,206200
13416,0.001275,172.217.24.0-255,118,47038,69,206200
13417,0.001376,172.217.24.0-255,1484,48522,69,206200
13418,0.001381,172.31.40.0-255,66,48588,69,206200
13419,0.001387,172.217.24.0-255,2902,51490,69,206200
13420,0.001391,172.217.24.0-255,2902,54392,69,206200
13421,0.001409,172.217.24.0-255,2902,57294,69,206200
13422,0.001414,172.217.24.0-255,4320,61614,69,206200
13423,0.001453,172.217.24.0-255,5379,66993,69,206200
13424,0.001478,172.217.24.0-255,5738,72731,69,206200
13425,0.001506,172.217.24.0-255,2902,75633,69,206200
13426,0.00152,172.217.24.0-255,5379,81012,69,206200
13427,0.008764,172.31.40.0-255,66,81078,69,206200
13428,0.010801,172.217.24.0-255,5738,86816,69,206200
13429,0.010809,172.31.40.0-255,66,86882,69,206200
13430,0.012864,172.217.24.0-255,5738,92620,69,206200
13431,0.012875,172.31.40.0-255,66,92686,69,206200
13432,0.014911,172.217.24.0-255,5738,98424,69,206200
13433,0.014919,172.31.40.0-255,66,98490,69,206200
13434,0.016957,172.217.24.0-255,5738,104228,69,206200
13435,0.016975,172.31.40.0-255,66,104294,69,206200
13436,0.019018,172.217.24.0-255,5738,110032,69,206200
13437,0.019034,172.31.40.0-255,66,110098,69,206200
13438,0.021072,172.217.24.0-255,5738,115836,69,206200
13439,0.021081,172.31.40.0-255,66,115902,69,206200
13440,0.02311,172.217.24.0-255,5738,121640,69,206200
13441,0.023118,172.31.40.0-255,66,121706,69,206200
13442,0.025146,172.217.24.0-255,5738,127444,69,206200
13443,0.025153,172.31.40.0-255,66,127510,69,206200
13444,0.027183,172.217.24.0-255,5738,133248,69,206200
13445,0.027189,172.31.40.0-255,66,133314,69,206200
13446,0.029232,172.217.24.0-255,5738,139052,69,206200
13447,0.029246,172.31.40.0-255,66,139118,69,206200
13448,0.031284,172.217.24.0-255,5738,144856,69,206200
13449,0.031293,172.31.40.0-255,66,144922,69,206200
13450,0.033342,172.217.24.0-255,5738,150660,69,206200
13451,0.033351,172.31.40.0-255,66,150726,69,206200
13452,0.035383,172.217.24.0-255,5738,156464,69,206200
13453,0.035392,172.31.40.0-255,66,156530,69,206200
13454,0.036288,172.31.40.0-255,172,156702,69,206200
13455,0.036318,172.31.40.0-255,1116,157818,69,206200
13456,0.0364,172.31.40.0-255,1514,159332,69,206200
13457,0.036402,172.31.40.0-255,1514,160846,69,206200
13458,0.036403,172.31.40.0-255,1514,162360,69,206200
13459,0.036408,172.31.40.0-255,1514,163874,69,206200
13460,0.036409,172.31.40.0-255,1500,165374,69,206200
13461,0.037424,172.217.24.0-255,5738,171112,69,206200
13462,0.037431,172.31.40.0-255,66,171178,69,206200
13463,0.037939,104.244.42.0-255,66,171244,69,206200
13464,0.037948,104.244.42.0-255,66,171310,69,206200
13465,0.038124,104.244.42.0-255,66,171376,69,206200
13466,0.039462,172.217.24.0-255,5738,177114,69,206200
13467,0.039469,172.31.40.0-255,66,177180,69,206200
13468,0.041503,172.217.24.0-255,5738,182918,69,206200
13469,0.041514,172.31.40.0-255,66,182984,69,206200
13470,0.043535,172.217.24.0-255,5738,188722,69,206200
13471,0.043542,172.31.40.0-255,66,188788,69,206200
13472,0.045575,172.217.24.0-255,5738,194526,69,206200
13473,0.045582,172.31.40.0-255,66,194592,69,206200
13474,0.047622,172.217.24.0-255,5738,200330,69,206200
13475,0.04763,172.31.40.0-255,66,200396,69,206200
13476,0.049662,172.217.24.0-255,5738,206134,69,206200
13477,0.049668,172.31.40.0-255,66,206200,69,206200
13478,0.0,74.125.24.0-255,152,152,69,249981
13479,2.4e-05,172.31.40.0-255,66,218,69,249981
13480,3.1e-05,74.125.24.0-255,1484,1702,69,249981
13481,3.6e-05,172.31.40.0-255,66,1768,69,249981
13482,4.9e-05,74.125.24.0-255,2902,4670,69,249981
13483,5.2e-05,172.31.40.0-255,66,4736,69,249981
13484,6e-05,74.125.24.0-255,7156,11892,69,249981
13485,6.3e-05,172.31.40.0-255,66,11958,69,249981
13486,6.7e-05,74.125.24.0-255,2134,14092,69,249981
13487,7e-05,172.31.40.0-255,66,14158,69,249981
13488,0.00012,74.125.24.0-255,1484,15642,69,249981
13489,0.000122,172.31.40.0-255,66,15708,69,249981
13490,0.000127,74.125.24.0-255,2902,18610,69,249981
13491,0.00013,172.31.40.0-255,66,18676,69,249981
13492,0.000134,74.125.24.0-255,2902,21578,69,249981
13493,0.000136,172.31.40.0-255,66,21644,69,249981
13494,0.000154,74.125.24.0-255,2902,24546,69,249981
13495,0.000156,172.31.40.0-255,66,24612,69,249981
13496,0.000164,74.125.24.0-255,6797,31409,69,249981
13497,0.00017,172.31.40.0-255,66,31475,69,249981
13498,0.000259,74.125.24.0-255,1484,32959,69,249981
13499,0.000263,172.31.40.0-255,66,33025,69,249981
13500,0.00027,74.125.24.0-255,2902,35927,69,249981
13501,0.000272,172.31.40.0-255,66,35993,69,249981
13502,0.000278,74.125.24.0-255,5738,41731,69,249981
13503,0.000285,172.31.40.0-255,66,41797,69,249981
13504,0.00032,172.31.40.0-255,66,41863,69,249981
13505,0.000366,74.125.24.0-255,5379,47242,69,249981
13506,0.000369,172.31.40.0-255,66,47308,69,249981
13507,0.000386,172.31.40.0-255,66,47374,69,249981
13508,0.000492,74.125.24.0-255,647,48021,69,249981
13509,0.000811,74.125.24.0-255,1484,49505,69,249981
13510,0.000816,172.31.40.0-255,66,49571,69,249981
13511,0.000822,74.125.24.0-255,2902,52473,69,249981
13512,0.000824,172.31.40.0-255,66,52539,69,249981
13513,0.000847,74.125.24.0-255,5738,58277,69,249981
13514,0.000854,172.31.40.0-255,66,58343,69,249981
13515,0.000859,74.125.24.0-255,2902,61245,69,249981
13516,0.000861,172.31.40.0-255,66,61311,69,249981
13517,0.000873,172.31.40.0-255,66,61377,69,249981
13518,0.000898,74.125.24.0-255,1484,62861,69,249981
13519,0.000961,172.31.40.0-255,66,62927,69,249981
13520,0.00114,74.125.24.0-255,1484,64411,69,249981
13521,0.001147,74.125.24.0-255,2902,67313,69,249981
13522,0.00115,172.31.40.0-255,66,67379,69,249981
13523,0.001182,74.125.24.0-255,5738,73117,69,249981
13524,0.001185,172.31.40.0-255,66,73183,69,249981
13525,0.001198,172.31.40.0-255,66,73249,69,249981
13526,0.001229,74.125.24.0-255,1484,74733,69,249981
13527,0.001232,74.125.24.0-255,766,75499,69,249981
13528,0.001248,172.31.40.0-255,66,75565,69,249981
13529,0.001292,74.125.24.0-255,1484,77049,69,249981
13530,0.001304,74.125.24.0-255,2902,79951,69,249981
13531,0.001322,172.31.40.0-255,66,80017,69,249981
13532,0.001329,74.125.24.0-255,5738,85755,69,249981
13533,0.001335,172.31.40.0-255,66,85821,69,249981
13534,0.001396,172.31.40.0-255,66,85887,69,249981
13535,0.001424,74.125.24.0-255,2184,88071,69,249981
13536,0.001429,172.31.40.0-255,66,88137,69,249981
13537,0.001478,74.125.24.0-255,1484,89621,69,249981
13538,0.001482,74.125.24.0-255,1484,91105,69,249981
13539,0.001494,172.31.40.0-255,66,91171,69,249981
13540,0.001498,74.125.24.0-255,1484,92655,69,249981
13541,0.001504,74.125.24.0-255,5738,98393,69,249981
13542,0.001519,172.31.40.0-255,66,98459,69,249981
13543,0.001546,74.125.24.0-255,4320,102779,69,249981
13544,0.001561,172.31.40.0-255,66,102845,69,249981
13545,0.001584,74.125.24.0-255,7156,110001,69,249981
13546,0.001597,172.31.40.0-255,66,110067,69,249981
13547,0.001606,74.125.24.0-255,3602,113669,69,249981
13548,0.00164,74.125.24.0-255,4320,117989,69,249981
13549,0.001643,74.125.24.0-255,1484,119473,69,249981
13550,0.001654,172.31.40.0-255,66,119539,69,249981
13551,0.001683,74.125.24.0-255,5738,125277,69,249981
13552,0.001704,172.31.40.0-255,66,125343,69,249981
13553,0.001757,172.31.40.0-255,66,125409,69,249981
13554,0.00405,74.125.24.0-255,5738,131147,69,249981
13555,0.004057,172.31.40.0-255,66,131213,69,249981
13556,0.006351,74.125.24.0-255,5738,136951,69,249981
13557,0.006358,172.31.40.0-255,66,137017,69,249981
13558,0.008671,74.125.24.0-255,5738,142755,69,249981
13559,0.008677,172.31.40.0-255,66,142821,69,249981
13560,0.010075,172.31.40.0-255,101,142922,69,249981
13561,0.010992,74.125.24.0-255,5738,148660,69,249981
13562,0.010999,172.31.40.0-255,66,148726,69,249981
13563,0.012334,74.125.24.0-255,66,148792,69,249981
13564,0.01331,74.125.24.0-255,5738,154530,69,249981
13565,0.013321,172.31.40.0-255,66,154596,69,249981
13566,0.015664,74.125.24.0-255,5738,160334,69,249981
13567,0.01568,172.31.40.0-255,66,160400,69,249981
13568,0.018005,74.125.24.0-255,5738,166138,69,249981
13569,0.018022,172.31.40.0-255,66,166204,69,249981
13570,0.020374,74.125.24.0-255,5738,171942,69,249981
13571,0.020382,172.31.40.0-255,66,172008,69,249981
13572,0.02269,74.125.24.0-255,5738,177746,69,249981
13573,0.022698,172.31.40.0-255,66,177812,69,249981
13574,0.025033,74.125.24.0-255,5738,183550,69,249981
13575,0.02504,172.31.40.0-255,66,183616,69,249981
13576,0.027356,74.125.24.0-255,5738,189354,69,249981
13577,0.027364,172.31.40.0-255,66,189420,69,249981
13578,0.029664,74.125.24.0-255,5738,195158,69,249981
13579,0.029671,172.31.40.0-255,66,195224,69,249981
13580,0.031987,74.125.24.0-255,5738,200962,69,249981
13581,0.031995,172.31.40.0-255,66,201028,69,249981
13582,0.034293,74.125.24.0-255,5738,206766,69,249981
13583,0.034301,172.31.40.0-255,66,206832,69,249981
13584,0.036033,172.31.40.0-255,172,207004,69,249981
13585,0.036063,172.31.40.0-255,1111,208115,69,249981
13586,0.036129,172.31.40.0-255,1514,209629,69,249981
13587,0.036131,172.31.40.0-255,1514,211143,69,249981
13588,0.036133,172.31.40.0-255,1514,212657,69,249981
13589,0.036134,172.31.40.0-255,1514,214171,69,249981
13590,0.036135,172.31.40.0-255,548,214719,69,249981
13591,0.036606,74.125.24.0-255,5738,220457,69,249981
13592,0.036613,172.31.40.0-255,66,220523,69,249981
13593,0.037578,104.244.42.0-255,66,220589,69,249981
13594,0.037626,104.244.42.0-255,66,220655,69,249981
13595,0.037728,104.244.42.0-255,66,220721,69,249981
13596,0.037733,104.244.42.0-255,66,220787,69,249981
13597,0.03891,74.125.24.0-255,5738,226525,69,249981
13598,0.038917,172.31.40.0-255,66,226591,69,249981
13599,0.038944,104.244.42.0-255,108,226699,69,249981
13600,0.038948,172.31.40.0-255,66,226765,69,249981
13601,0.041239,74.125.24.0-255,5738,232503,69,249981
13602,0.041248,172.31.40.0-255,66,232569,69,249981
13603,0.043565,74.125.24.0-255,5738,238307,69,249981
13604,0.043572,172.31.40.0-255,66,238373,69,249981
13605,0.045884,74.125.24.0-255,5738,244111,69,249981
13606,0.04589,172.31.40.0-255,66,244177,69,249981
13607,0.048176,74.125.24.0-255,5738,249915,69,249981
13608,0.048183,172.31.40.0-255,66,249981,69,249981
13609,0.0,74.125.24.0-255,152,152,69,187663
13610,2.8e-05,172.31.40.0-255,66,218,69,187663
13611,3.6e-05,74.125.24.0-255,1484,1702,69,187663
13612,4.1e-05,172.31.40.0-255,66,1768,69,187663
13613,4.6e-05,74.125.24.0-255,2902,4670,69,187663
13614,4.8e-05,172.31.40.0-255,66,4736,69,187663
13615,5.1e-05,74.125.24.0-255,1484,6220,69,187663
13616,5.4e-05,172.31.40.0-255,66,6286,69,187663
13617,7.2e-05,74.125.24.0-255,1484,7770,69,187663
13618,7.5e-05,172.31.40.0-255,66,7836,69,187663
13619,0.000105,74.125.24.0-255,6317,14153,69,187663
13620,0.000109,172.31.40.0-255,66,14219,69,187663
13621,0.000751,74.125.24.0-255,1484,15703,69,187663
13622,0.000757,172.31.40.0-255,66,15769,69,187663
13623,0.000767,74.125.24.0-255,2902,18671,69,187663
13624,0.00077,172.31.40.0-255,66,18737,69,187663
13625,0.000774,74.125.24.0-255,1484,20221,69,187663
13626,0.000775,172.31.40.0-255,66,20287,69,187663
13627,0.000778,74.125.24.0-255,1484,21771,69,187663
13628,0.00078,172.31.40.0-255,66,21837,69,187663
13629,0.000801,74.125.24.0-255,1484,23321,69,187663
13630,0.000803,172.31.40.0-255,66,23387,69,187663
13631,0.00081,74.125.24.0-255,5738,29125,69,187663
13632,0.000812,172.31.40.0-255,66,29191,69,187663
13633,0.000827,74.125.24.0-255,2543,31734,69,187663
13634,0.000831,172.31.40.0-255,66,31800,69,187663
13635,0.000861,74.125.24.0-255,2902,34702,69,187663
13636,0.000863,172.31.40.0-255,66,34768,69,187663
13637,0.000866,74.125.24.0-255,1484,36252,69,187663
13638,0.000869,172.31.40.0-255,66,36318,69,187663
13639,0.000883,74.125.24.0-255,1484,37802,69,187663
13640,0.000885,172.31.40.0-255,66,37868,69,187663
13641,0.000919,74.125.24.0-255,7156,45024,69,187663
13642,0.000922,172.31.40.0-255,66,45090,69,187663
13643,0.000938,74.125.24.0-255,3961,49051,69,187663
13644,0.000941,172.31.40.0-255,66,49117,69,187663
13645,0.002972,74.125.24.0-255,4320,53437,69,187663
13646,0.00298,172.31.40.0-255,66,53503,69,187663
13647,0.002999,74.125.24.0-255,1484,54987,69,187663
13648,0.005037,74.125.24.0-255,4320,59307,69,187663
13649,0.005044,172.31.40.0-255,66,59373,69,187663
13650,0.007124,74.125.24.0-255,5738,65111,69,187663
13651,0.007131,172.31.40.0-255,66,65177,69,187663
13652,0.009192,74.125.24.0-255,5738,70915,69,187663
13653,0.0092,172.31.40.0-255,66,70981,69,187663
13654,0.011235,74.125.24.0-255,5738,76719,69,187663
13655,0.011242,172.31.40.0-255,66,76785,69,187663
13656,0.013311,74.125.24.0-255,5738,82523,69,187663
13657,0.013319,172.31.40.0-255,66,82589,69,187663
13658,0.015372,74.125.24.0-255,5738,88327,69,187663
13659,0.015383,172.31.40.0-255,66,88393,69,187663
13660,0.017453,74.125.24.0-255,5738,94131,69,187663
13661,0.017459,172.31.40.0-255,66,94197,69,187663
13662,0.019525,74.125.24.0-255,5738,99935,69,187663
13663,0.019532,172.31.40.0-255,66,100001,69,187663
13664,0.021572,74.125.24.0-255,4320,104321,69,187663
13665,0.02158,172.31.40.0-255,66,104387,69,187663
13666,0.021601,74.125.24.0-255,1484,105871,69,187663
13667,0.023632,74.125.24.0-255,4320,110191,69,187663
13668,0.023637,172.31.40.0-255,66,110257,69,187663
13669,0.025719,74.125.24.0-255,5738,115995,69,187663
13670,0.025726,172.31.40.0-255,66,116061,69,187663
13671,0.027803,74.125.24.0-255,5738,121799,69,187663
13672,0.02781,172.31.40.0-255,66,121865,69,187663
13673,0.02855,172.31.40.0-255,172,122037,69,187663
13674,0.028579,172.31.40.0-255,1114,123151,69,187663
13675,0.028644,172.31.40.0-255,1514,124665,69,187663
13676,0.028645,172.31.40.0-255,1514,126179,69,187663
13677,0.028646,172.31.40.0-255,1514,127693,69,187663
13678,0.028651,172.31.40.0-255,1514,129207,69,187663
13679,0.028652,172.31.40.0-255,1504,130711,69,187663
13680,0.029875,74.125.24.0-255,5738,136449,69,187663
13681,0.029882,172.31.40.0-255,66,136515,69,187663
13682,0.030188,104.244.42.0-255,66,136581,69,187663
13683,0.030196,104.244.42.0-255,66,136647,69,187663
13684,0.030336,104.244.42.0-255,66,136713,69,187663
13685,0.030343,104.244.42.0-255,66,136779,69,187663
13686,0.031933,74.125.24.0-255,5738,142517,69,187663
13687,0.03194,172.31.40.0-255,66,142583,69,187663
13688,0.03399,74.125.24.0-255,5738,148321,69,187663
13689,0.033996,172.31.40.0-255,66,148387,69,187663
13690,0.036072,74.125.24.0-255,5738,154125,69,187663
13691,0.03608,172.31.40.0-255,66,154191,69,187663
13692,0.038129,74.125.24.0-255,5738,159929,69,187663
13693,0.038136,172.31.40.0-255,66,159995,69,187663
13694,0.040202,74.125.24.0-255,5738,165733,69,187663
13695,0.040213,172.31.40.0-255,66,165799,69,187663
13696,0.042259,74.125.24.0-255,5738,171537,69,187663
13697,0.042265,172.31.40.0-255,66,171603,69,187663
13698,0.044344,74.125.24.0-255,5738,177341,69,187663
13699,0.044351,172.31.40.0-255,66,177407,69,187663
13700,0.046398,74.125.24.0-255,4320,181727,69,187663
13701,0.046404,172.31.40.0-255,66,181793,69,187663
13702,0.046419,74.125.24.0-255,1484,183277,69,187663
13703,0.048459,74.125.24.0-255,4320,187597,69,187663
13704,0.048466,172.31.40.0-255,66,187663,69,187663
13705,0.0,74.125.200.0-255,146,146,69,214658
13706,1.8e-05,172.31.40.0-255,66,212,69,214658
13707,2.5e-05,74.125.200.0-255,1484,1696,69,214658
13708,2.9e-05,172.31.40.0-255,66,1762,69,214658
13709,3.4e-05,74.125.200.0-255,2902,4664,69,214658
13710,3.7e-05,172.31.40.0-255,66,4730,69,214658
13711,4e-05,74.125.200.0-255,1484,6214,69,214658
13712,4.3e-05,172.31.40.0-255,66,6280,69,214658
13713,7e-05,74.125.200.0-255,5738,12018,69,214658
13714,7.3e-05,172.31.40.0-255,66,12084,69,214658
13715,7.7e-05,74.125.200.0-255,2056,14140,69,214658
13716,7.9e-05,172.31.40.0-255,66,14206,69,214658
13717,8.3e-05,74.125.200.0-255,2902,17108,69,214658
13718,8.5e-05,172.31.40.0-255,66,17174,69,214658
13719,0.000106,74.125.200.0-255,1484,18658,69,214658
13720,0.000108,172.31.40.0-255,66,18724,69,214658
13721,0.000123,74.125.200.0-255,5738,24462,69,214658
13722,0.000126,172.31.40.0-255,66,24528,69,214658
13723,0.000164,74.125.200.0-255,6797,31325,69,214658
13724,0.000166,172.31.40.0-255,66,31391,69,214658
13725,0.001523,74.125.200.0-255,1484,32875,69,214658
13726,0.001531,172.31.40.0-255,66,32941,69,214658
13727,0.00154,74.125.200.0-255,2902,35843,69,214658
13728,0.001542,172.31.40.0-255,66,35909,69,214658
13729,0.001548,74.125.200.0-255,4320,40229,69,214658
13730,0.001551,172.31.40.0-255,66,40295,69,214658
13731,0.001568,74.125.200.0-255,1484,41779,69,214658
13732,0.00157,172.31.40.0-255,66,41845,69,214658
13733,0.001578,74.125.200.0-255,6797,48642,69,214658
13734,0.00158,172.31.40.0-255,66,48708,69,214658
13735,0.001611,74.125.200.0-255,5738,54446,69,214658
13736,0.001613,172.31.40.0-255,66,54512,69,214658
13737,0.001634,74.125.200.0-255,1484,55996,69,214658
13738,0.001637,172.31.40.0-255,66,56062,69,214658
13739,0.001643,74.125.200.0-255,5738,61800,69,214658
13740,0.001645,172.31.40.0-255,66,61866,69,214658
13741,0.001689,74.125.200.0-255,2902,64768,69,214658
13742,0.001691,172.31.40.0-255,66,64834,69,214658
13743,0.001707,74.125.200.0-255,1432,66266,69,214658
13744,0.001709,172.31.40.0-255,66,66332,69,214658
13745,0.001712,74.125.200.0-255,113,66445,69,214658
13746,0.001714,172.31.40.0-255,66,66511,69,214658
13747,0.001971,74.125.200.0-255,1484,67995,69,214658
13748,0.001975,172.31.40.0-255,66,68061,69,214658
13749,0.001996,74.125.200.0-255,2902,70963,69,214658
13750,0.001999,172.31.40.0-255,66,71029,69,214658
13751,0.002002,74.125.200.0-255,1484,72513,69,214658
13752,0.002004,172.31.40.0-255,66,72579,69,214658
13753,0.002025,74.125.200.0-255,4320,76899,69,214658
13754,0.002028,172.31.40.0-255,66,76965,69,214658
13755,0.002031,74.125.200.0-255,1484,78449,69,214658
13756,0.002033,172.31.40.0-255,66,78515,69,214658
13757,0.002038,74.125.200.0-255,2902,81417,69,214658
13758,0.00204,172.31.40.0-255,66,81483,69,214658
13759,0.002062,74.125.200.0-255,2902,84385,69,214658
13760,0.002079,74.125.200.0-255,3961,88346,69,214658
13761,0.002086,74.125.200.0-255,5738,94084,69,214658
13762,0.002089,74.125.200.0-255,1484,95568,69,214658
13763,0.002103,74.125.200.0-255,5379,100947,69,214658
13764,0.005284,172.31.40.0-255,66,101013,69,214658
13765,0.007629,74.125.200.0-255,2902,103915,69,214658
13766,0.007635,172.31.40.0-255,66,103981,69,214658
13767,0.007653,74.125.200.0-255,2902,106883,69,214658
13768,0.007655,172.31.40.0-255,66,106949,69,214658
13769,0.009989,74.125.200.0-255,5738,112687,69,214658
13770,0.009997,172.31.40.0-255,66,112753,69,214658
13771,0.012339,74.125.200.0-255,5738,118491,69,214658
13772,0.012348,172.31.40.0-255,66,118557,69,214658
13773,0.014701,74.125.200.0-255,5738,124295,69,214658
13774,0.014711,172.31.40.0-255,66,124361,69,214658
13775,0.017053,74.125.200.0-255,5738,130099,69,214658
13776,0.01706,172.31.40.0-255,66,130165,69,214658
13777,0.019413,74.125.200.0-255,5738,135903,69,214658
13778,0.019421,172.31.40.0-255,66,135969,69,214658
13779,0.021757,74.125.200.0-255,5738,141707,69,214658
13780,0.021764,172.31.40.0-255,66,141773,69,214658
13781,0.02411,74.125.200.0-255,5738,147511,69,214658
13782,0.024119,172.31.40.0-255,66,147577,69,214658
13783,0.026461,74.125.200.0-255,5738,153315,69,214658
13784,0.02647,172.31.40.0-255,66,153381,69,214658
13785,0.028825,74.125.200.0-255,5738,159119,69,214658
13786,0.028836,172.31.40.0-255,66,159185,69,214658
13787,0.030077,172.31.40.0-255,172,159357,69,214658
13788,0.030132,172.31.40.0-255,1116,160473,69,214658
13789,0.030205,172.31.40.0-255,1514,161987,69,214658
13790,0.030207,172.31.40.0-255,1514,163501,69,214658
13791,0.030208,172.31.40.0-255,1514,165015,69,214658
13792,0.030214,172.31.40.0-255,1514,166529,69,214658
13793,0.030215,172.31.40.0-255,1499,168028,69,214658
13794,0.03121,74.125.200.0-255,5738,173766,69,214658
13795,0.031217,172.31.40.0-255,66,173832,69,214658
13796,0.031742,104.244.42.0-255,66,173898,69,214658
13797,0.031791,104.244.42.0-255,66,173964,69,214658
13798,0.031889,104.244.42.0-255,66,174030,69,214658
13799,0.033576,74.125.200.0-255,5738,179768,69,214658
13800,0.033585,172.31.40.0-255,66,179834,69,214658
13801,0.035949,74.125.200.0-255,5738,185572,69,214658
13802,0.035955,172.31.40.0-255,66,185638,69,214658
13803,0.038306,74.125.200.0-255,5738,191376,69,214658
13804,0.038313,172.31.40.0-255,66,191442,69,214658
13805,0.040678,74.125.200.0-255,5738,197180,69,214658
13806,0.040685,172.31.40.0-255,66,197246,69,214658
13807,0.043048,74.125.200.0-255,5738,202984,69,214658
13808,0.043059,172.31.40.0-255,66,203050,69,214658
13809,0.045436,74.125.200.0-255,5738,208788,69,214658
13810,0.045442,172.31.40.0-255,66,208854,69,214658
13811,0.047802,74.125.200.0-255,5738,214592,69,214658
13812,0.047808,172.31.40.0-255,66,214658,69,214658
13813,0.0,172.31.40.0-255,105,105,69,276
13814,0.001919,157.240.7.0-255,105,210,69,276
13815,0.001933,172.31.40.0-255,66,276,69,276
13816,0.0,74.125.24.0-255,146,146,69,216235
13817,2.3e-05,172.31.40.0-255,66,212,69,216235
13818,3.1e-05,74.125.24.0-255,1484,1696,69,216235
13819,3.5e-05,172.31.40.0-255,66,1762,69,216235
13820,4e-05,74.125.24.0-255,2902,4664,69,216235
13821,4.3e-05,172.31.40.0-255,66,4730,69,216235
13822,5e-05,74.125.24.0-255,7156,11886,69,216235
13823,5.4e-05,172.31.40.0-255,66,11952,69,216235
13824,8.9e-05,74.125.24.0-255,2064,14016,69,216235
13825,9.2e-05,172.31.40.0-255,66,14082,69,216235
13826,0.000122,74.125.24.0-255,2902,16984,69,216235
13827,0.000124,172.31.40.0-255,66,17050,69,216235
13828,0.000127,74.125.24.0-255,1484,18534,69,216235
13829,0.000129,172.31.40.0-255,66,18600,69,216235
13830,0.000147,74.125.24.0-255,5738,24338,69,216235
13831,0.00015,172.31.40.0-255,66,24404,69,216235
13832,0.000186,74.125.24.0-255,4320,28724,69,216235
13833,0.000188,172.31.40.0-255,66,28790,69,216235
13834,0.000216,74.125.24.0-255,2543,31333,69,216235
13835,0.000218,172.31.40.0-255,66,31399,69,216235
13836,0.0004,74.125.24.0-255,1484,32883,69,216235
13837,0.000404,172.31.40.0-255,66,32949,69,216235
13838,0.000423,74.125.24.0-255,2902,35851,69,216235
13839,0.000427,172.31.40.0-255,66,35917,69,216235
13840,0.00045,74.125.24.0-255,5738,41655,69,216235
13841,0.000452,172.31.40.0-255,66,41721,69,216235
13842,0.000473,74.125.24.0-255,5738,47459,69,216235
13843,0.000475,172.31.40.0-255,66,47525,69,216235
13844,0.000494,74.125.24.0-255,1125,48650,69,216235
13845,0.000496,172.31.40.0-255,66,48716,69,216235
13846,0.000504,74.125.24.0-255,7156,55872,69,216235
13847,0.000506,172.31.40.0-255,66,55938,69,216235
13848,0.000545,172.31.40.0-255,66,56004,69,216235
13849,0.000587,74.125.24.0-255,344,56348,69,216235
13850,0.001061,172.31.40.0-255,66,56414,69,216235
13851,0.001302,74.125.24.0-255,1484,57898,69,216235
13852,0.001312,74.125.24.0-255,2902,60800,69,216235
13853,0.001316,172.31.40.0-255,66,60866,69,216235
13854,0.001323,74.125.24.0-255,5738,66604,69,216235
13855,0.001325,172.31.40.0-255,66,66670,69,216235
13856,0.001355,74.125.24.0-255,5738,72408,69,216235
13857,0.001358,172.31.40.0-255,66,72474,69,216235
13858,0.001374,74.125.24.0-255,7156,79630,69,216235
13859,0.001377,172.31.40.0-255,66,79696,69,216235
13860,0.001389,172.31.40.0-255,66,79762,69,216235
13861,0.001408,74.125.24.0-255,766,80528,69,216235
13862,0.003572,74.125.24.0-255,4320,84848,69,216235
13863,0.003579,172.31.40.0-255,66,84914,69,216235
13864,0.005785,74.125.24.0-255,5738,90652,69,216235
13865,0.005791,172.31.40.0-255,66,90718,69,216235
13866,0.007973,74.125.24.0-255,5738,96456,69,216235
13867,0.00798,172.31.40.0-255,66,96522,69,216235
13868,0.010169,74.125.24.0-255,5738,102260,69,216235
13869,0.010176,172.31.40.0-255,66,102326,69,216235
13870,0.012362,74.125.24.0-255,5738,108064,69,216235
13871,0.01237,172.31.40.0-255,66,108130,69,216235
13872,0.01455,74.125.24.0-255,1484,109614,69,216235
13873,0.014577,74.125.24.0-255,4320,113934,69,216235
13874,0.014584,172.31.40.0-255,66,114000,69,216235
13875,0.01678,74.125.24.0-255,5738,119738,69,216235
13876,0.016789,172.31.40.0-255,66,119804,69,216235
13877,0.018979,74.125.24.0-255,5738,125542,69,216235
13878,0.018986,172.31.40.0-255,66,125608,69,216235
13879,0.021196,74.125.24.0-255,5738,131346,69,216235
13880,0.021203,172.31.40.0-255,66,131412,69,216235
13881,0.023379,74.125.24.0-255,5738,137150,69,216235
13882,0.023385,172.31.40.0-255,66,137216,69,216235
13883,0.025585,74.125.24.0-255,5738,142954,69,216235
13884,0.025592,172.31.40.0-255,66,143020,69,216235
13885,0.027783,74.125.24.0-255,2902,145922,69,216235
13886,0.027791,172.31.40.0-255,66,145988,69,216235
13887,0.027817,74.125.24.0-255,2902,148890,69,216235
13888,0.02782,172.31.40.0-255,66,148956,69,216235
13889,0.029982,74.125.24.0-255,5738,154694,69,216235
13890,0.029987,172.31.40.0-255,66,154760,69,216235
13891,0.03074,172.31.40.0-255,172,154932,69,216235
13892,0.030773,172.31.40.0-255,1114,156046,69,216235
13893,0.030839,172.31.40.0-255,1514,157560,69,216235
13894,0.030841,172.31.40.0-255,1514,159074,69,216235
13895,0.030843,172.31.40.0-255,1514,160588,69,216235
13896,0.030844,172.31.40.0-255,1514,162102,69,216235
13897,0.030874,172.31.40.0-255,1501,163603,69,216235
13898,0.032198,74.125.24.0-255,5738,169341,69,216235
13899,0.032205,172.31.40.0-255,66,169407,69,216235
13900,0.032561,104.244.42.0-255,66,169473,69,216235
13901,0.032596,104.244.42.0-255,66,169539,69,216235
13902,0.032617,104.244.42.0-255,66,169605,69,216235
13903,0.03263,104.244.42.0-255,66,169671,69,216235
13904,0.034414,74.125.24.0-255,5738,175409,69,216235
13905,0.034425,172.31.40.0-255,66,175475,69,216235
13906,0.036605,74.125.24.0-255,5738,181213,69,216235
13907,0.036611,172.31.40.0-255,66,181279,69,216235
13908,0.038783,74.125.24.0-255,5738,187017,69,216235
13909,0.038788,172.31.40.0-255,66,187083,69,216235
13910,0.040988,74.125.24.0-255,5738,192821,69,216235
13911,0.040994,172.31.40.0-255,66,192887,69,216235
13912,0.043198,74.125.24.0-255,5738,198625,69,216235
13913,0.043204,172.31.40.0-255,66,198691,69,216235
13914,0.045468,74.125.24.0-255,5738,204429,69,216235
13915,0.045474,172.31.40.0-255,66,204495,69,216235
13916,0.047674,74.125.24.0-255,5738,210233,69,216235
13917,0.047681,172.31.40.0-255,66,210299,69,216235
13918,0.049884,74.125.24.0-255,2902,213201,69,216235
13919,0.04989,172.31.40.0-255,66,213267,69,216235
13920,0.049911,74.125.24.0-255,2902,216169,69,216235
13921,0.049914,172.31.40.0-255,66,216235,69,216235
13922,0.0,74.125.200.0-255,153,153,69,379793
13923,1e-05,172.31.40.0-255,66,219,69,379793
13924,3.8e-05,74.125.200.0-255,1484,1703,69,379793
13925,4.2e-05,172.31.40.0-255,66,1769,69,379793
13926,4.7e-05,74.125.200.0-255,2902,4671,69,379793
13927,4.9e-05,172.31.40.0-255,66,4737,69,379793
13928,6.9e-05,74.125.200.0-255,1484,6221,69,379793
13929,7e-05,172.31.40.0-255,66,6287,69,379793
13930,8.4e-05,74.125.200.0-255,2902,9189,69,379793
13931,8.6e-05,172.31.40.0-255,66,9255,69,379793
13932,9.8e-05,74.125.200.0-255,1484,10739,69,379793
13933,0.0001,172.31.40.0-255,66,10805,69,379793
13934,0.000105,74.125.200.0-255,3493,14298,69,379793
13935,0.000108,172.31.40.0-255,66,14364,69,379793
13936,0.000132,74.125.200.0-255,4320,18684,69,379793
13937,0.000134,172.31.40.0-255,66,18750,69,379793
13938,0.000139,74.125.200.0-255,4320,23070,69,379793
13939,0.000141,172.31.40.0-255,66,23136,69,379793
13940,0.000156,74.125.200.0-255,5738,28874,69,379793
13941,0.000158,172.31.40.0-255,66,28940,69,379793
13942,0.000162,74.125.200.0-255,2543,31483,69,379793
13943,0.000164,172.31.40.0-255,66,31549,69,379793
13944,0.000324,74.125.200.0-255,1484,33033,69,379793
13945,0.000328,172.31.40.0-255,66,33099,69,379793
13946,0.000332,74.125.200.0-255,1484,34583,69,379793
13947,0.000334,172.31.40.0-255,66,34649,69,379793
13948,0.000348,74.125.200.0-255,2902,37551,69,379793
13949,0.00035,172.31.40.0-255,66,37617,69,379793
13950,0.000373,74.125.200.0-255,5738,43355,69,379793
13951,0.000375,172.31.40.0-255,66,43421,69,379793
13952,0.000402,74.125.200.0-255,4320,47741,69,379793
13953,0.000404,172.31.40.0-255,66,47807,69,379793
13954,0.000426,74.125.200.0-255,3961,51768,69,379793
13955,0.000428,172.31.40.0-255,66,51834,69,379793
13956,0.000434,74.125.200.0-255,5738,57572,69,379793
13957,0.000437,172.31.40.0-255,66,57638,69,379793
13958,0.000451,74.125.200.0-255,2902,60540,69,379793
13959,0.000453,172.31.40.0-255,66,60606,69,379793
13960,0.000459,74.125.200.0-255,5379,65985,69,379793
13961,0.000461,172.31.40.0-255,66,66051,69,379793
13962,0.000463,74.125.200.0-255,645,66696,69,379793
13963,0.000621,74.125.200.0-255,1484,68180,69,379793
13964,0.000624,172.31.40.0-255,66,68246,69,379793
13965,0.000646,74.125.200.0-255,2902,71148,69,379793
13966,0.000649,172.31.40.0-255,66,71214,69,379793
13967,0.000658,74.125.200.0-255,1484,72698,69,379793
13968,0.00067,74.125.200.0-255,2902,75600,69,379793
13969,0.000672,172.31.40.0-255,66,75666,69,379793
13970,0.000689,74.125.200.0-255,1484,77150,69,379793
13971,0.000691,74.125.200.0-255,1484,78634,69,379793
13972,0.000695,172.31.40.0-255,66,78700,69,379793
13973,0.000729,74.125.200.0-255,4320,83020,69,379793
13974,0.000732,172.31.40.0-255,66,83086,69,379793
13975,0.000744,74.125.200.0-255,1125,84211,69,379793
13976,0.000857,74.125.200.0-255,1484,85695,69,379793
13977,0.000861,172.31.40.0-255,66,85761,69,379793
13978,0.000878,74.125.200.0-255,2902,88663,69,379793
13979,0.00088,172.31.40.0-255,66,88729,69,379793
13980,0.000904,74.125.200.0-255,4320,93049,69,379793
13981,0.000906,172.31.40.0-255,66,93115,69,379793
13982,0.000952,74.125.200.0-255,2902,96017,69,379793
13983,0.000955,172.31.40.0-255,66,96083,69,379793
13984,0.000971,74.125.200.0-255,5379,101462,69,379793
13985,0.000974,172.31.40.0-255,66,101528,69,379793
13986,0.001591,74.125.200.0-255,1484,103012,69,379793
13987,0.0016,74.125.200.0-255,2902,105914,69,379793
13988,0.001604,172.31.40.0-255,66,105980,69,379793
13989,0.00164,74.125.200.0-255,5738,111718,69,379793
13990,0.001642,172.31.40.0-255,66,111784,69,379793
13991,0.001662,74.125.200.0-255,1484,113268,69,379793
13992,0.001679,74.125.200.0-255,5738,119006,69,379793
13993,0.001681,172.31.40.0-255,66,119072,69,379793
13994,0.001685,74.125.200.0-255,2902,121974,69,379793
13995,0.001687,172.31.40.0-255,66,122040,69,379793
13996,0.001705,74.125.200.0-255,5738,127778,69,379793
13997,0.001706,172.31.40.0-255,66,127844,69,379793
13998,0.001737,74.125.200.0-255,4320,132164,69,379793
13999,0.001739,172.31.40.0-255,66,132230,69,379793
14000,0.001759,74.125.200.0-255,3602,135832,69,379793
14001,0.001761,172.31.40.0-255,66,135898,69,379793
14002,0.00326,74.125.200.0-255,1484,137382,69,379793
14003,0.003284,74.125.200.0-255,2902,140284,69,379793
14004,0.003288,172.31.40.0-255,66,140350,69,379793
14005,0.003302,74.125.200.0-255,1484,141834,69,379793
14006,0.003305,74.125.200.0-255,1484,143318,69,379793
14007,0.003307,172.31.40.0-255,66,143384,69,379793
14008,0.003331,74.125.200.0-255,4320,147704,69,379793
14009,0.003334,172.31.40.0-255,66,147770,69,379793
14010,0.003366,74.125.200.0-255,1484,149254,69,379793
14011,0.003371,74.125.200.0-255,2902,152156,69,379793
14012,0.003373,172.31.40.0-255,66,152222,69,379793
14013,0.003401,74.125.200.0-255,5738,157960,69,379793
14014,0.003403,172.31.40.0-255,66,158026,69,379793
14015,0.003406,74.125.200.0-255,1484,159510,69,379793
14016,0.003422,74.125.200.0-255,1484,160994,69,379793
14017,0.003424,172.31.40.0-255,66,161060,69,379793
14018,0.00343,74.125.200.0-255,4320,165380,69,379793
14019,0.003432,172.31.40.0-255,66,165446,69,379793
14020,0.003435,74.125.200.0-255,1484,166930,69,379793
14021,0.003451,74.125.200.0-255,1484,168414,69,379793
14022,0.003453,172.31.40.0-255,66,168480,69,379793
14023,0.003472,74.125.200.0-255,1484,169964,69,379793
14024,0.003475,74.125.200.0-255,766,170730,69,379793
14025,0.003477,172.31.40.0-255,66,170796,69,379793
14026,0.003726,74.125.200.0-255,1484,172280,69,379793
14027,0.003741,74.125.200.0-255,2902,175182,69,379793
14028,0.003744,172.31.40.0-255,66,175248,69,379793
14029,0.003758,74.125.200.0-255,4320,179568,69,379793
14030,0.00376,172.31.40.0-255,66,179634,69,379793
14031,0.003771,74.125.200.0-255,1484,181118,69,379793
14032,0.003776,74.125.200.0-255,2902,184020,69,379793
14033,0.003778,172.31.40.0-255,66,184086,69,379793
14034,0.003801,74.125.200.0-255,4320,188406,69,379793
14035,0.003804,172.31.40.0-255,66,188472,69,379793
14036,0.003818,74.125.200.0-255,5738,194210,69,379793
14037,0.003821,172.31.40.0-255,66,194276,69,379793
14038,0.003849,172.31.40.0-255,66,194342,69,379793
14039,0.003852,74.125.200.0-255,1484,195826,69,379793
14040,0.003855,74.125.200.0-255,766,196592,69,379793
14041,0.003857,172.31.40.0-255,66,196658,69,379793
14042,0.003891,74.125.200.0-255,1484,198142,69,379793
14043,0.003906,74.125.200.0-255,4320,202462,69,379793
14044,0.003908,172.31.40.0-255,66,202528,69,379793
14045,0.003934,74.125.200.0-255,5738,208266,69,379793
14046,0.003937,172.31.40.0-255,66,208332,69,379793
14047,0.003965,74.125.200.0-255,2902,211234,69,379793
14048,0.003968,172.31.40.0-255,66,211300,69,379793
14049,0.003982,74.125.200.0-255,4320,215620,69,379793
14050,0.003984,172.31.40.0-255,66,215686,69,379793
14051,0.003987,74.125.200.0-255,1484,217170,69,379793
14052,0.004015,74.125.200.0-255,2902,220072,69,379793
14053,0.004017,172.31.40.0-255,66,220138,69,379793
14054,0.004024,74.125.200.0-255,5738,225876,69,379793
14055,0.004026,172.31.40.0-255,66,225942,69,379793
14056,0.00403,74.125.200.0-255,2902,228844,69,379793
14057,0.004033,172.31.40.0-255,66,228910,69,379793
14058,0.004036,74.125.200.0-255,2184,231094,69,379793
14059,0.004039,172.31.40.0-255,66,231160,69,379793
14060,0.004166,74.125.200.0-255,1484,232644,69,379793
14061,0.004183,74.125.200.0-255,1484,234128,69,379793
14062,0.004186,172.31.40.0-255,66,234194,69,379793
14063,0.004201,74.125.200.0-255,2902,237096,69,379793
14064,0.004204,172.31.40.0-255,66,237162,69,379793
14065,0.004223,74.125.200.0-255,1484,238646,69,379793
14066,0.004246,74.125.200.0-255,2902,241548,69,379793
14067,0.004249,172.31.40.0-255,66,241614,69,379793
14068,0.004252,74.125.200.0-255,1484,243098,69,379793
14069,0.00427,74.125.200.0-255,4320,247418,69,379793
14070,0.004273,172.31.40.0-255,66,247484,69,379793
14071,0.004276,74.125.200.0-255,1484,248968,69,379793
14072,0.00429,74.125.200.0-255,1484,250452,69,379793
14073,0.004292,172.31.40.0-255,66,250518,69,379793
14074,0.004298,74.125.200.0-255,4320,254838,69,379793
14075,0.0043,172.31.40.0-255,66,254904,69,379793
14076,0.004322,74.125.200.0-255,1484,256388,69,379793
14077,0.004338,74.125.200.0-255,4320,260708,69,379793
14078,0.00434,172.31.40.0-255,66,260774,69,379793
14079,0.004383,74.125.200.0-255,1484,262258,69,379793
14080,0.004398,74.125.200.0-255,1484,263742,69,379793
14081,0.004401,172.31.40.0-255,66,263808,69,379793
14082,0.004412,74.125.200.0-255,2184,265992,69,379793
14083,0.004415,172.31.40.0-255,66,266058,69,379793
14084,0.004441,74.125.200.0-255,1484,267542,69,379793
14085,0.004445,74.125.200.0-255,1484,269026,69,379793
14086,0.004447,172.31.40.0-255,66,269092,69,379793
14087,0.004463,74.125.200.0-255,1484,270576,69,379793
14088,0.00447,74.125.200.0-255,5738,276314,69,379793
14089,0.004473,172.31.40.0-255,66,276380,69,379793
14090,0.004509,74.125.200.0-255,2902,279282,69,379793
14091,0.004512,172.31.40.0-255,66,279348,69,379793
14092,0.004534,74.125.200.0-255,1484,280832,69,379793
14093,0.004541,74.125.200.0-255,5738,286570,69,379793
14094,0.004544,172.31.40.0-255,66,286636,69,379793
14095,0.004555,172.31.40.0-255,66,286702,69,379793
14096,0.004571,74.125.200.0-255,1484,288186,69,379793
14097,0.004607,172.31.40.0-255,66,288252,69,379793
14098,0.004612,74.125.200.0-255,2902,291154,69,379793
14099,0.004613,172.31.40.0-255,66,291220,69,379793
14100,0.004633,74.125.200.0-255,1484,292704,69,379793
14101,0.004672,172.31.40.0-255,66,292770,69,379793
14102,0.004678,74.125.200.0-255,5738,298508,69,379793
14103,0.004681,172.31.40.0-255,66,298574,69,379793
14104,0.0047,74.125.200.0-255,2184,300758,69,379793
14105,0.004703,172.31.40.0-255,66,300824,69,379793
14106,0.004737,74.125.200.0-255,1484,302308,69,379793
14107,0.004754,74.125.200.0-255,1484,303792,69,379793
14108,0.004757,172.31.40.0-255,66,303858,69,379793
14109,0.004759,74.125.200.0-255,1484,305342,69,379793
14110,0.004764,74.125.200.0-255,2902,308244,69,379793
14111,0.004767,172.31.40.0-255,66,308310,69,379793
14112,0.004791,74.125.200.0-255,5738,314048,69,379793
14113,0.004795,172.31.40.0-255,66,314114,69,379793
14114,0.004817,74.125.200.0-255,5738,319852,69,379793
14115,0.00482,172.31.40.0-255,66,319918,69,379793
14116,0.004827,74.125.200.0-255,7156,327074,69,379793
14117,0.004829,172.31.40.0-255,66,327140,69,379793
14118,0.004848,74.125.200.0-255,1484,328624,69,379793
14119,0.004865,74.125.200.0-255,6438,335062,69,379793
14120,0.004868,172.31.40.0-255,66,335128,69,379793
14121,0.004886,74.125.200.0-255,1484,336612,69,379793
14122,0.004908,74.125.200.0-255,7156,343768,69,379793
14123,0.004911,172.31.40.0-255,66,343834,69,379793
14124,0.004915,74.125.200.0-255,2902,346736,69,379793
14125,0.004918,172.31.40.0-255,66,346802,69,379793
14126,0.004958,172.31.40.0-255,66,346868,69,379793
14127,0.004965,74.125.200.0-255,7156,354024,69,379793
14128,0.004968,172.31.40.0-255,66,354090,69,379793
14129,0.004989,74.125.200.0-255,4320,358410,69,379793
14130,0.004992,172.31.40.0-255,66,358476,69,379793
14131,0.005016,74.125.200.0-255,3602,362078,69,379793
14132,0.00502,172.31.40.0-255,66,362144,69,379793
14133,0.005025,74.125.200.0-255,4320,366464,69,379793
14134,0.005027,172.31.40.0-255,66,366530,69,379793
14135,0.005061,74.125.200.0-255,3713,370243,69,379793
14136,0.005064,172.31.40.0-255,66,370309,69,379793
14137,0.005089,74.125.200.0-255,105,370414,69,379793
14138,0.006427,172.31.40.0-255,101,370515,69,379793
14139,0.007942,172.31.40.0-255,105,370620,69,379793
14140,0.008788,74.125.200.0-255,66,370686,69,379793
14141,0.010305,74.125.200.0-255,66,370752,69,379793
14142,0.036332,172.31.40.0-255,172,370924,69,379793
14143,0.036367,172.31.40.0-255,1112,372036,69,379793
14144,0.036433,172.31.40.0-255,1514,373550,69,379793
14145,0.036435,172.31.40.0-255,1514,375064,69,379793
14146,0.036436,172.31.40.0-255,1514,376578,69,379793
14147,0.03644,172.31.40.0-255,1514,378092,69,379793
14148,0.036441,172.31.40.0-255,1503,379595,69,379793
14149,0.038001,104.244.42.0-255,66,379661,69,379793
14150,0.038061,104.244.42.0-255,66,379727,69,379793
14151,0.038159,104.244.42.0-255,66,379793,69,379793
14152,0.0,172.217.194.0-255,151,151,69,201899
14153,2.3e-05,172.31.40.0-255,66,217,69,201899
14154,3e-05,172.217.194.0-255,1484,1701,69,201899
14155,3.5e-05,172.31.40.0-255,66,1767,69,201899
14156,3.8e-05,172.217.194.0-255,1484,3251,69,201899
14157,4.2e-05,172.31.40.0-255,66,3317,69,201899
14158,6.9e-05,172.217.194.0-255,1484,4801,69,201899
14159,7.2e-05,172.31.40.0-255,66,4867,69,201899
14160,8e-05,172.217.194.0-255,5738,10605,69,201899
14161,8.3e-05,172.31.40.0-255,66,10671,69,201899
14162,0.000116,172.217.194.0-255,3580,14251,69,201899
14163,0.000119,172.31.40.0-255,66,14317,69,201899
14164,0.000457,172.217.194.0-255,1484,15801,69,201899
14165,0.000464,172.31.40.0-255,66,15867,69,201899
14166,0.000469,172.217.194.0-255,2902,18769,69,201899
14167,0.000472,172.31.40.0-255,66,18835,69,201899
14168,0.000478,172.217.194.0-255,4320,23155,69,201899
14169,0.00048,172.31.40.0-255,66,23221,69,201899
14170,0.000503,172.217.194.0-255,1484,24705,69,201899
14171,0.000505,172.31.40.0-255,66,24771,69,201899
14172,0.000534,172.31.40.0-255,66,24837,69,201899
14173,0.000564,172.217.194.0-255,3961,28798,69,201899
14174,0.000567,172.31.40.0-255,66,28864,69,201899
14175,0.00058,172.31.40.0-255,66,28930,69,201899
14176,0.000584,172.217.194.0-255,1484,30414,69,201899
14177,0.000586,172.31.40.0-255,66,30480,69,201899
14178,0.000626,172.31.40.0-255,66,30546,69,201899
14179,0.000653,172.217.194.0-255,3602,34148,69,201899
14180,0.000656,172.31.40.0-255,66,34214,69,201899
14181,0.000659,172.217.194.0-255,676,34890,69,201899
14182,0.000693,172.217.194.0-255,1484,36374,69,201899
14183,0.000696,172.31.40.0-255,66,36440,69,201899
14184,0.0007,172.217.194.0-255,1484,37924,69,201899
14185,0.000733,172.217.194.0-255,1484,39408,69,201899
14186,0.000736,172.31.40.0-255,66,39474,69,201899
14187,0.000744,172.217.194.0-255,5738,45212,69,201899
14188,0.000747,172.31.40.0-255,66,45278,69,201899
14189,0.000759,172.31.40.0-255,66,45344,69,201899
14190,0.000834,172.31.40.0-255,66,45410,69,201899
14191,0.001549,172.217.194.0-255,1484,46894,69,201899
14192,0.001559,172.217.194.0-255,2902,49796,69,201899
14193,0.001563,172.31.40.0-255,66,49862,69,201899
14194,0.001582,172.217.194.0-255,2902,52764,69,201899
14195,0.001584,172.31.40.0-255,66,52830,69,201899
14196,0.001613,172.217.194.0-255,2902,55732,69,201899
14197,0.001617,172.31.40.0-255,66,55798,69,201899
14198,0.001625,172.217.194.0-255,7156,62954,69,201899
14199,0.001627,172.31.40.0-255,66,63020,69,201899
14200,0.001639,172.31.40.0-255,66,63086,69,201899
14201,0.001656,172.217.194.0-255,2902,65988,69,201899
14202,0.001659,172.31.40.0-255,66,66054,69,201899
14203,0.001663,172.217.194.0-255,2184,68238,69,201899
14204,0.001664,172.31.40.0-255,66,68304,69,201899
14205,0.001735,172.217.194.0-255,1484,69788,69,201899
14206,0.001741,172.217.194.0-255,2902,72690,69,201899
14207,0.001744,172.31.40.0-255,66,72756,69,201899
14208,0.001749,172.217.194.0-255,2902,75658,69,201899
14209,0.001751,172.31.40.0-255,66,75724,69,201899
14210,0.001767,172.217.194.0-255,2902,78626,69,201899
14211,0.001769,172.31.40.0-255,66,78692,69,201899
14212,0.001774,172.217.194.0-255,4320,83012,69,201899
14213,0.001776,172.31.40.0-255,66,83078,69,201899
14214,0.001806,172.217.194.0-255,5738,88816,69,201899
14215,0.001808,172.31.40.0-255,66,88882,69,201899
14216,0.001823,172.217.194.0-255,2902,91784,69,201899
14217,0.001825,172.31.40.0-255,66,91850,69,201899
14218,0.001851,172.31.40.0-255,66,91916,69,201899
14219,0.004438,172.217.194.0-255,4320,96236,69,201899
14220,0.004445,172.31.40.0-255,66,96302,69,201899
14221,0.004464,172.217.194.0-255,1484,97786,69,201899
14222,0.007013,172.217.194.0-255,4320,102106,69,201899
14223,0.007019,172.31.40.0-255,66,102172,69,201899
14224,0.009629,172.217.194.0-255,5738,107910,69,201899
14225,0.009636,172.31.40.0-255,66,107976,69,201899
14226,0.012258,172.217.194.0-255,5738,113714,69,201899
14227,0.012266,172.31.40.0-255,66,113780,69,201899
14228,0.014891,172.217.194.0-255,5738,119518,69,201899
14229,0.014899,172.31.40.0-255,66,119584,69,201899
14230,0.017463,172.217.194.0-255,5738,125322,69,201899
14231,0.017473,172.31.40.0-255,66,125388,69,201899
14232,0.020034,172.217.194.0-255,5738,131126,69,201899
14233,0.020041,172.31.40.0-255,66,131192,69,201899
14234,0.022603,172.217.194.0-255,1484,132676,69,201899
14235,0.022625,172.217.194.0-255,4320,136996,69,201899
14236,0.022629,172.31.40.0-255,66,137062,69,201899
14237,0.025261,172.217.194.0-255,5738,142800,69,201899
14238,0.025267,172.31.40.0-255,66,142866,69,201899
14239,0.02563,172.31.40.0-255,172,143038,69,201899
14240,0.02567,172.31.40.0-255,1111,144149,69,201899
14241,0.025742,172.31.40.0-255,1514,145663,69,201899
14242,0.025744,172.31.40.0-255,1514,147177,69,201899
14243,0.025746,172.31.40.0-255,1514,148691,69,201899
14244,0.025747,172.31.40.0-255,1514,150205,69,201899
14245,0.025748,172.31.40.0-255,546,150751,69,201899
14246,0.027176,104.244.42.0-255,66,150817,69,201899
14247,0.027229,104.244.42.0-255,66,150883,69,201899
14248,0.027317,104.244.42.0-255,66,150949,69,201899
14249,0.027321,104.244.42.0-255,66,151015,69,201899
14250,0.027889,172.217.194.0-255,4320,155335,69,201899
14251,0.027894,172.31.40.0-255,66,155401,69,201899
14252,0.027913,172.217.194.0-255,1484,156885,69,201899
14253,0.030515,172.217.194.0-255,4320,161205,69,201899
14254,0.030521,172.31.40.0-255,66,161271,69,201899
14255,0.033147,172.217.194.0-255,5738,167009,69,201899
14256,0.033159,172.31.40.0-255,66,167075,69,201899
14257,0.035797,172.217.194.0-255,5738,172813,69,201899
14258,0.035805,172.31.40.0-255,66,172879,69,201899
14259,0.038382,172.217.194.0-255,5738,178617,69,201899
14260,0.038389,172.31.40.0-255,66,178683,69,201899
14261,0.041053,172.217.194.0-255,5738,184421,69,201899
14262,0.041074,172.31.40.0-255,66,184487,69,201899
14263,0.043675,172.217.194.0-255,5738,190225,69,201899
14264,0.04369,172.31.40.0-255,66,190291,69,201899
14265,0.046352,172.217.194.0-255,5738,196029,69,201899
14266,0.046371,172.31.40.0-255,66,196095,69,201899
14267,0.048943,172.217.194.0-255,5738,201833,69,201899
14268,0.04895,172.31.40.0-255,66,201899,69,201899
14269,0.0,172.217.194.0-255,297,297,69,265104
14270,2.1e-05,172.31.40.0-255,66,363,69,265104
14271,2.8e-05,172.217.194.0-255,1484,1847,69,265104
14272,3.1e-05,172.31.40.0-255,66,1913,69,265104
14273,3.8e-05,172.217.194.0-255,4320,6233,69,265104
14274,4.1e-05,172.31.40.0-255,66,6299,69,265104
14275,4.8e-05,172.217.194.0-255,7156,13455,69,265104
14276,5.2e-05,172.31.40.0-255,66,13521,69,265104
14277,5.4e-05,172.217.194.0-255,407,13928,69,265104
14278,5.7e-05,172.31.40.0-255,66,13994,69,265104
14279,0.000127,172.217.194.0-255,1484,15478,69,265104
14280,0.00013,172.31.40.0-255,66,15544,69,265104
14281,0.000148,172.217.194.0-255,4320,19864,69,265104
14282,0.000151,172.31.40.0-255,66,19930,69,265104
14283,0.000157,172.217.194.0-255,5738,25668,69,265104
14284,0.000159,172.31.40.0-255,66,25734,69,265104
14285,0.000181,172.217.194.0-255,1484,27218,69,265104
14286,0.000183,172.31.40.0-255,66,27284,69,265104
14287,0.000191,172.217.194.0-255,6797,34081,69,265104
14288,0.000193,172.31.40.0-255,66,34147,69,265104
14289,0.000208,172.217.194.0-255,2902,37049,69,265104
14290,0.00021,172.31.40.0-255,66,37115,69,265104
14291,0.000227,172.217.194.0-255,4320,41435,69,265104
14292,0.00023,172.31.40.0-255,66,41501,69,265104
14293,0.000232,172.217.194.0-255,1484,42985,69,265104
14294,0.000234,172.31.40.0-255,66,43051,69,265104
14295,0.000256,172.217.194.0-255,5379,48430,69,265104
14296,0.000259,172.31.40.0-255,66,48496,69,265104
14297,0.00028,172.217.194.0-255,2902,51398,69,265104
14298,0.000282,172.31.40.0-255,66,51464,69,265104
14299,0.000304,172.217.194.0-255,4320,55784,69,265104
14300,0.000307,172.31.40.0-255,66,55850,69,265104
14301,0.000313,172.217.194.0-255,5738,61588,69,265104
14302,0.000315,172.31.40.0-255,66,61654,69,265104
14303,0.000341,172.217.194.0-255,2902,64556,69,265104
14304,0.000344,172.31.40.0-255,66,64622,69,265104
14305,0.000355,172.217.194.0-255,1451,66073,69,265104
14306,0.000373,172.217.194.0-255,381,66454,69,265104
14307,0.000375,172.31.40.0-255,66,66520,69,265104
14308,0.000724,172.217.194.0-255,1484,68004,69,265104
14309,0.00073,172.217.194.0-255,2902,70906,69,265104
14310,0.000734,172.31.40.0-255,66,70972,69,265104
14311,0.00074,172.217.194.0-255,4320,75292,69,265104
14312,0.000742,172.31.40.0-255,66,75358,69,265104
14313,0.000754,172.217.194.0-255,1484,76842,69,265104
14314,0.00076,172.217.194.0-255,2902,79744,69,265104
14315,0.000762,172.31.40.0-255,66,79810,69,265104
14316,0.000787,172.217.194.0-255,7156,86966,69,265104
14317,0.000789,172.31.40.0-255,66,87032,69,265104
14318,0.000802,172.217.194.0-255,4320,91352,69,265104
14319,0.000804,172.31.40.0-255,66,91418,69,265104
14320,0.000843,172.31.40.0-255,66,91484,69,265104
14321,0.001068,172.217.194.0-255,1484,92968,69,265104
14322,0.001074,172.217.194.0-255,2902,95870,69,265104
14323,0.001078,172.31.40.0-255,66,95936,69,265104
14324,0.001084,172.217.194.0-255,4320,100256,69,265104
14325,0.001086,172.31.40.0-255,66,100322,69,265104
14326,0.001097,172.217.194.0-255,1484,101806,69,265104
14327,0.001104,172.217.194.0-255,5738,107544,69,265104
14328,0.001106,172.31.40.0-255,66,107610,69,265104
14329,0.001128,172.217.194.0-255,2902,110512,69,265104
14330,0.001131,172.31.40.0-255,66,110578,69,265104
14331,0.001164,172.217.194.0-255,1484,112062,69,265104
14332,0.001201,172.31.40.0-255,66,112128,69,265104
14333,0.001207,172.217.194.0-255,1484,113612,69,265104
14334,0.001209,172.217.194.0-255,1484,115096,69,265104
14335,0.001214,172.31.40.0-255,66,115162,69,265104
14336,0.001221,172.217.194.0-255,1484,116646,69,265104
14337,0.001227,172.217.194.0-255,4320,120966,69,265104
14338,0.00124,172.217.194.0-255,1484,122450,69,265104
14339,0.001242,172.217.194.0-255,1484,123934,69,265104
14340,0.001252,172.217.194.0-255,2902,126836,69,265104
14341,0.001271,172.31.40.0-255,66,126902,69,265104
14342,0.001275,172.31.40.0-255,66,126968,69,265104
14343,0.001288,172.217.194.0-255,2902,129870,69,265104
14344,0.001301,172.217.194.0-255,4320,134190,69,265104
14345,0.001305,172.31.40.0-255,66,134256,69,265104
14346,0.001329,172.217.194.0-255,4320,138576,69,265104
14347,0.001339,172.31.40.0-255,66,138642,69,265104
14348,0.001364,172.217.194.0-255,4320,142962,69,265104
14349,0.001376,172.31.40.0-255,66,143028,69,265104
14350,0.00141,172.217.194.0-255,1484,144512,69,265104
14351,0.001417,172.31.40.0-255,66,144578,69,265104
14352,0.001425,172.217.194.0-255,2902,147480,69,265104
14353,0.001429,172.31.40.0-255,66,147546,69,265104
14354,0.001451,172.217.194.0-255,1484,149030,69,265104
14355,0.001458,172.31.40.0-255,66,149096,69,265104
14356,0.001488,172.31.40.0-255,66,149162,69,265104
14357,0.001495,172.217.194.0-255,5738,154900,69,265104
14358,0.001499,172.217.194.0-255,3602,158502,69,265104
14359,0.001504,172.31.40.0-255,66,158568,69,265104
14360,0.001527,172.217.194.0-255,1484,160052,69,265104
14361,0.001531,172.217.194.0-255,2902,162954,69,265104
14362,0.001536,172.217.194.0-255,5738,168692,69,265104
14363,0.001549,172.31.40.0-255,66,168758,69,265104
14364,0.001552,172.217.194.0-255,1484,170242,69,265104
14365,0.001583,172.217.194.0-255,2902,173144,69,265104
14366,0.001588,172.31.40.0-255,66,173210,69,265104
14367,0.001619,172.217.194.0-255,2902,176112,69,265104
14368,0.001625,172.31.40.0-255,66,176178,69,265104
14369,0.001649,172.217.194.0-255,5020,181198,69,265104
14370,0.001654,172.31.40.0-255,66,181264,69,265104
14371,0.001791,172.217.194.0-255,1484,182748,69,265104
14372,0.001805,172.217.194.0-255,2902,185650,69,265104
14373,0.001822,172.217.194.0-255,5738,191388,69,265104
14374,0.00183,172.31.40.0-255,66,191454,69,265104
14375,0.001955,172.31.40.0-255,66,191520,69,265104
14376,0.001999,172.31.40.0-255,66,191586,69,265104
14377,0.002062,172.217.194.0-255,1484,193070,69,265104
14378,0.002066,172.217.194.0-255,1484,194554,69,265104
14379,0.002071,172.31.40.0-255,66,194620,69,265104
14380,0.002088,172.217.194.0-255,1484,196104,69,265104
14381,0.002095,172.217.194.0-255,5738,201842,69,265104
14382,0.002101,172.31.40.0-255,66,201908,69,265104
14383,0.00212,172.31.40.0-255,66,201974,69,265104
14384,0.002129,172.217.194.0-255,4320,206294,69,265104
14385,0.002137,172.217.194.0-255,7156,213450,69,265104
14386,0.002151,172.217.194.0-255,3602,217052,69,265104
14387,0.002167,172.31.40.0-255,66,217118,69,265104
14388,0.002244,172.217.194.0-255,1484,218602,69,265104
14389,0.002259,172.217.194.0-255,2902,221504,69,265104
14390,0.002262,172.217.194.0-255,1484,222988,69,265104
14391,0.002275,172.217.194.0-255,2902,225890,69,265104
14392,0.002284,172.31.40.0-255,66,225956,69,265104
14393,0.002297,172.217.194.0-255,1484,227440,69,265104
14394,0.002303,172.217.194.0-255,5738,233178,69,265104
14395,0.002327,172.217.194.0-255,2902,236080,69,265104
14396,0.002341,172.217.194.0-255,5020,241100,69,265104
14397,0.002345,172.31.40.0-255,66,241166,69,265104
14398,0.004619,172.217.194.0-255,5738,246904,69,265104
14399,0.004623,172.31.40.0-255,66,246970,69,265104
14400,0.00692,172.217.194.0-255,5738,252708,69,265104
14401,0.006927,172.31.40.0-255,66,252774,69,265104
14402,0.009221,172.217.194.0-255,4142,256916,69,265104
14403,0.009226,172.31.40.0-255,66,256982,69,265104
14404,0.011954,172.31.40.0-255,105,257087,69,265104
14405,0.014183,172.217.194.0-255,66,257153,69,265104
14406,0.032428,172.31.40.0-255,172,257325,69,265104
14407,0.032462,172.31.40.0-255,1116,258441,69,265104
14408,0.032535,172.31.40.0-255,1514,259955,69,265104
14409,0.032537,172.31.40.0-255,1514,261469,69,265104
14410,0.032538,172.31.40.0-255,1514,262983,69,265104
14411,0.032539,172.31.40.0-255,1514,264497,69,265104
14412,0.03254,172.31.40.0-255,541,265038,69,265104
14413,0.034118,104.244.42.0-255,66,265104,69,265104
14414,0.0,74.125.68.0-255,153,153,69,358953
14415,1.8e-05,172.31.40.0-255,66,219,69,358953
14416,2.6e-05,74.125.68.0-255,1484,1703,69,358953
14417,3.1e-05,172.31.40.0-255,66,1769,69,358953
14418,3.5e-05,74.125.68.0-255,1484,3253,69,358953
14419,4.6e-05,172.31.40.0-255,66,3319,69,358953
14420,5.3e-05,74.125.68.0-255,2902,6221,69,358953
14421,5.6e-05,172.31.40.0-255,66,6287,69,358953
14422,5.9e-05,74.125.68.0-255,1484,7771,69,358953
14423,6.1e-05,172.31.40.0-255,66,7837,69,358953
14424,8.5e-05,74.125.68.0-255,4320,12157,69,358953
14425,8.8e-05,172.31.40.0-255,66,12223,69,358953
14426,9.8e-05,74.125.68.0-255,2055,14278,69,358953
14427,0.0001,172.31.40.0-255,66,14344,69,358953
14428,0.000104,74.125.68.0-255,2902,17246,69,358953
14429,0.000106,172.31.40.0-255,66,17312,69,358953
14430,0.000111,74.125.68.0-255,2902,20214,69,358953
14431,0.000114,172.31.40.0-255,66,20280,69,358953
14432,0.000148,74.125.68.0-255,4320,24600,69,358953
14433,0.000151,172.31.40.0-255,66,24666,69,358953
14434,0.000158,74.125.68.0-255,6797,31463,69,358953
14435,0.00016,172.31.40.0-255,66,31529,69,358953
14436,0.000216,74.125.68.0-255,1484,33013,69,358953
14437,0.000219,172.31.40.0-255,66,33079,69,358953
14438,0.000224,74.125.68.0-255,2902,35981,69,358953
14439,0.000226,172.31.40.0-255,66,36047,69,358953
14440,0.000242,74.125.68.0-255,1484,37531,69,358953
14441,0.000245,172.31.40.0-255,66,37597,69,358953
14442,0.000268,74.125.68.0-255,4320,41917,69,358953
14443,0.00027,172.31.40.0-255,66,41983,69,358953
14444,0.00028,74.125.68.0-255,4320,46303,69,358953
14445,0.000283,172.31.40.0-255,66,46369,69,358953
14446,0.000303,74.125.68.0-255,1484,47853,69,358953
14447,0.000305,74.125.68.0-255,1125,48978,69,358953
14448,0.000324,172.31.40.0-255,66,49044,69,358953
14449,0.000349,74.125.68.0-255,1484,50528,69,358953
14450,0.000355,74.125.68.0-255,2902,53430,69,358953
14451,0.000371,74.125.68.0-255,5738,59168,69,358953
14452,0.000394,74.125.68.0-255,6797,65965,69,358953
14453,0.000428,74.125.68.0-255,646,66611,69,358953
14454,0.000571,172.31.40.0-255,66,66677,69,358953
14455,0.00064,74.125.68.0-255,1484,68161,69,358953
14456,0.000645,74.125.68.0-255,1484,69645,69,358953
14457,0.00065,172.31.40.0-255,66,69711,69,358953
14458,0.000658,74.125.68.0-255,1484,71195,69,358953
14459,0.000669,74.125.68.0-255,2902,74097,69,358953
14460,0.000674,172.31.40.0-255,66,74163,69,358953
14461,0.000693,74.125.68.0-255,2902,77065,69,358953
14462,0.000697,74.125.68.0-255,1484,78549,69,358953
14463,0.000713,74.125.68.0-255,5738,84287,69,358953
14464,0.000735,172.31.40.0-255,66,84353,69,358953
14465,0.000745,74.125.68.0-255,4320,88673,69,358953
14466,0.000749,172.31.40.0-255,66,88739,69,358953
14467,0.000792,74.125.68.0-255,3602,92341,69,358953
14468,0.000805,172.31.40.0-255,66,92407,69,358953
14469,0.000836,74.125.68.0-255,4320,96727,69,358953
14470,0.000841,74.125.68.0-255,2902,99629,69,358953
14471,0.000861,172.31.40.0-255,66,99695,69,358953
14472,0.000904,74.125.68.0-255,5738,105433,69,358953
14473,0.000914,172.31.40.0-255,66,105499,69,358953
14474,0.000942,74.125.68.0-255,5738,111237,69,358953
14475,0.000961,74.125.68.0-255,4320,115557,69,358953
14476,0.000976,74.125.68.0-255,5738,121295,69,358953
14477,0.000993,172.31.40.0-255,66,121361,69,358953
14478,0.001034,74.125.68.0-255,7156,128517,69,358953
14479,0.001048,74.125.68.0-255,2184,130701,69,358953
14480,0.001055,172.31.40.0-255,66,130767,69,358953
14481,0.00117,74.125.68.0-255,1484,132251,69,358953
14482,0.001174,74.125.68.0-255,1484,133735,69,358953
14483,0.001187,74.125.68.0-255,1484,135219,69,358953
14484,0.001197,172.31.40.0-255,66,135285,69,358953
14485,0.001204,74.125.68.0-255,5738,141023,69,358953
14486,0.001209,172.31.40.0-255,66,141089,69,358953
14487,0.001251,74.125.68.0-255,7156,148245,69,358953
14488,0.001256,74.125.68.0-255,2902,151147,69,358953
14489,0.001289,172.31.40.0-255,66,151213,69,358953
14490,0.001297,74.125.68.0-255,1484,152697,69,358953
14491,0.001317,74.125.68.0-255,2184,154881,69,358953
14492,0.001319,172.31.40.0-255,66,154947,69,358953
14493,0.001355,172.31.40.0-255,66,155013,69,358953
14494,0.001406,74.125.68.0-255,1484,156497,69,358953
14495,0.001423,74.125.68.0-255,2902,159399,69,358953
14496,0.001439,172.31.40.0-255,66,159465,69,358953
14497,0.001467,74.125.68.0-255,5738,165203,69,358953
14498,0.001472,74.125.68.0-255,2902,168105,69,358953
14499,0.001479,172.31.40.0-255,66,168171,69,358953
14500,0.00149,74.125.68.0-255,5738,173909,69,358953
14501,0.001495,74.125.68.0-255,4320,178229,69,358953
14502,0.001514,74.125.68.0-255,4320,182549,69,358953
14503,0.001516,172.31.40.0-255,66,182615,69,358953
14504,0.001541,74.125.68.0-255,1484,184099,69,358953
14505,0.001544,74.125.68.0-255,1484,185583,69,358953
14506,0.001552,172.31.40.0-255,66,185649,69,358953
14507,0.001565,74.125.68.0-255,3602,189251,69,358953
14508,0.001575,172.31.40.0-255,66,189317,69,358953
14509,0.00161,74.125.68.0-255,1484,190801,69,358953
14510,0.001615,74.125.68.0-255,2902,193703,69,358953
14511,0.001627,172.31.40.0-255,66,193769,69,358953
14512,0.001664,74.125.68.0-255,1484,195253,69,358953
14513,0.001679,74.125.68.0-255,1484,196737,69,358953
14514,0.00169,172.31.40.0-255,66,196803,69,358953
14515,0.0017,74.125.68.0-255,2902,199705,69,358953
14516,0.00171,172.31.40.0-255,66,199771,69,358953
14517,0.001717,74.125.68.0-255,1484,201255,69,358953
14518,0.001804,74.125.68.0-255,7156,208411,69,358953
14519,0.00182,74.125.68.0-255,6438,214849,69,358953
14520,0.001824,74.125.68.0-255,2902,217751,69,358953
14521,0.001844,74.125.68.0-255,4320,222071,69,358953
14522,0.001856,74.125.68.0-255,1484,223555,69,358953
14523,0.00186,172.31.40.0-255,66,223621,69,358953
14524,0.001888,74.125.68.0-255,2902,226523,69,358953
14525,0.001896,74.125.68.0-255,5738,232261,69,358953
14526,0.001903,74.125.68.0-255,7156,239417,69,358953
14527,0.001906,74.125.68.0-255,2902,242319,69,358953
14528,0.001912,74.125.68.0-255,4320,246639,69,358953
14529,0.001915,74.125.68.0-255,2184,248823,69,358953
14530,0.001925,172.31.40.0-255,66,248889,69,358953
14531,0.001969,74.125.68.0-255,1484,250373,69,358953
14532,0.001987,74.125.68.0-255,2902,253275,69,358953
14533,0.001992,172.31.40.0-255,66,253341,69,358953
14534,0.002022,74.125.68.0-255,5738,259079,69,358953
14535,0.00203,74.125.68.0-255,7156,266235,69,358953
14536,0.002037,172.31.40.0-255,66,266301,69,358953
14537,0.002076,74.125.68.0-255,5738,272039,69,358953
14538,0.00209,172.31.40.0-255,66,272105,69,358953
14539,0.002095,74.125.68.0-255,2902,275007,69,358953
14540,0.002113,172.31.40.0-255,66,275073,69,358953
14541,0.002118,74.125.68.0-255,4320,279393,69,358953
14542,0.002123,74.125.68.0-255,3602,282995,69,358953
14543,0.002152,172.31.40.0-255,66,283061,69,358953
14544,0.002165,74.125.68.0-255,1484,284545,69,358953
14545,0.002185,74.125.68.0-255,1484,286029,69,358953
14546,0.002191,74.125.68.0-255,4320,290349,69,358953
14547,0.002194,74.125.68.0-255,1484,291833,69,358953
14548,0.002198,172.31.40.0-255,66,291899,69,358953
14549,0.002246,74.125.68.0-255,7156,299055,69,358953
14550,0.002253,74.125.68.0-255,5738,304793,69,358953
14551,0.00226,74.125.68.0-255,7156,311949,69,358953
14552,0.002265,74.125.68.0-255,4320,316269,69,358953
14553,0.002283,74.125.68.0-255,3602,319871,69,358953
14554,0.00229,74.125.68.0-255,7156,327027,69,358953
14555,0.002295,172.31.40.0-255,66,327093,69,358953
14556,0.002302,74.125.68.0-255,1484,328577,69,358953
14557,0.00233,74.125.68.0-255,2902,331479,69,358953
14558,0.002343,172.31.40.0-255,66,331545,69,358953
14559,0.00235,74.125.68.0-255,7156,338701,69,358953
14560,0.002355,172.31.40.0-255,66,338767,69,358953
14561,0.002379,74.125.68.0-255,1484,340251,69,358953
14562,0.002398,74.125.68.0-255,2184,342435,69,358953
14563,0.00242,74.125.68.0-255,5738,348173,69,358953
14564,0.002445,74.125.68.0-255,5738,353911,69,358953
14565,0.002449,74.125.68.0-255,2587,356498,69,358953
14566,0.002456,172.31.40.0-255,66,356564,69,358953
14567,0.002489,74.125.68.0-255,105,356669,69,358953
14568,0.011117,172.31.40.0-255,66,356735,69,358953
14569,0.011158,172.31.40.0-255,105,356840,69,358953
14570,0.013847,74.125.68.0-255,66,356906,69,358953
14571,0.035157,172.31.40.0-255,172,357078,69,358953
14572,0.035194,172.31.40.0-255,1116,358194,69,358953
14573,0.035252,172.31.40.0-255,561,358755,69,358953
14574,0.036807,104.244.42.0-255,66,358821,69,358953
14575,0.036915,104.244.42.0-255,66,358887,69,358953
14576,0.036929,104.244.42.0-255,66,358953,69,358953
