,TIME,SRC,PACKET_SIZE,CUMULATIVE_PACKET_SIZE,PAGE_NUMBER,TOTAL_PACKET_SIZE
0,0.0,172.217.194.0-255,146,146,64,142667
1,1.4e-05,172.31.40.0-255,66,212,64,142667
2,2.1e-05,172.217.194.0-255,1484,1696,64,142667
3,2.5e-05,172.31.40.0-255,66,1762,64,142667
4,3.2e-05,172.217.194.0-255,2902,4664,64,142667
5,3.6e-05,172.31.40.0-255,66,4730,64,142667
6,4.2e-05,172.217.194.0-255,5738,10468,64,142667
7,4.5e-05,172.31.40.0-255,66,10534,64,142667
8,8.3e-05,172.217.194.0-255,4320,14854,64,142667
9,8.6e-05,172.31.40.0-255,66,14920,64,142667
10,0.000116,172.31.40.0-255,66,14986,64,142667
11,0.00013,172.31.40.0-255,66,15052,64,142667
12,0.000156,172.31.40.0-255,66,15118,64,142667
13,0.000178,172.217.194.0-255,3602,18720,64,142667
14,0.00018,172.31.40.0-255,66,18786,64,142667
15,0.001178,172.217.194.0-255,1484,20270,64,142667
16,0.001185,172.31.40.0-255,66,20336,64,142667
17,0.001194,172.217.194.0-255,2902,23238,64,142667
18,0.001196,172.31.40.0-255,66,23304,64,142667
19,0.001204,172.217.194.0-255,5738,29042,64,142667
20,0.001207,172.31.40.0-255,66,29108,64,142667
21,0.00125,172.217.194.0-255,5738,34846,64,142667
22,0.001253,172.31.40.0-255,66,34912,64,142667
23,0.001268,172.217.194.0-255,1431,36343,64,142667
24,0.00127,172.31.40.0-255,66,36409,64,142667
25,0.00207,172.217.194.0-255,1484,37893,64,142667
26,0.002076,172.31.40.0-255,66,37959,64,142667
27,0.002082,172.217.194.0-255,2902,40861,64,142667
28,0.002084,172.31.40.0-255,66,40927,64,142667
29,0.002087,172.217.194.0-255,1484,42411,64,142667
30,0.002112,172.217.194.0-255,4320,46731,64,142667
31,0.002114,172.31.40.0-255,66,46797,64,142667
32,0.002128,172.217.194.0-255,4320,51117,64,142667
33,0.00213,172.31.40.0-255,66,51183,64,142667
34,0.00215,172.217.194.0-255,7156,58339,64,142667
35,0.002152,172.31.40.0-255,66,58405,64,142667
36,0.002165,172.31.40.0-255,66,58471,64,142667
37,0.004741,172.217.194.0-255,4320,62791,64,142667
38,0.004745,172.31.40.0-255,66,62857,64,142667
39,0.004764,172.217.194.0-255,1484,64341,64,142667
40,0.007332,172.217.194.0-255,4320,68661,64,142667
41,0.007339,172.31.40.0-255,66,68727,64,142667
42,0.009905,172.217.194.0-255,5738,74465,64,142667
43,0.009914,172.31.40.0-255,66,74531,64,142667
44,0.012504,172.217.194.0-255,5738,80269,64,142667
45,0.012513,172.31.40.0-255,66,80335,64,142667
46,0.015116,172.217.194.0-255,5738,86073,64,142667
47,0.015132,172.31.40.0-255,66,86139,64,142667
48,0.01771,172.217.194.0-255,5738,91877,64,142667
49,0.017723,172.31.40.0-255,66,91943,64,142667
50,0.020399,172.217.194.0-255,5738,97681,64,142667
51,0.02041,172.31.40.0-255,66,97747,64,142667
52,0.023056,172.217.194.0-255,5738,103485,64,142667
53,0.023068,172.31.40.0-255,66,103551,64,142667
54,0.025654,172.217.194.0-255,5738,109289,64,142667
55,0.025665,172.31.40.0-255,66,109355,64,142667
56,0.028267,172.217.194.0-255,5738,115093,64,142667
57,0.028276,172.31.40.0-255,66,115159,64,142667
58,0.029516,172.31.40.0-255,172,115331,64,142667
59,0.029549,172.31.40.0-255,1112,116443,64,142667
60,0.029609,172.31.40.0-255,1514,117957,64,142667
61,0.029611,172.31.40.0-255,1296,119253,64,142667
62,0.030844,172.217.194.0-255,5738,124991,64,142667
63,0.030853,172.31.40.0-255,66,125057,64,142667
64,0.03107,104.244.42.0-255,66,125123,64,142667
65,0.031138,104.244.42.0-255,66,125189,64,142667
66,0.031142,104.244.42.0-255,66,125255,64,142667
67,0.033435,172.217.194.0-255,5738,130993,64,142667
68,0.033442,172.31.40.0-255,66,131059,64,142667
69,0.036018,172.217.194.0-255,5738,136797,64,142667
70,0.036025,172.31.40.0-255,66,136863,64,142667
71,0.038601,172.217.194.0-255,5738,142601,64,142667
72,0.038612,172.31.40.0-255,66,142667,64,142667
73,0.0,172.217.194.0-255,152,152,64,193246
74,1.6e-05,172.31.40.0-255,66,218,64,193246
75,2.2e-05,172.217.194.0-255,1484,1702,64,193246
76,2.7e-05,172.31.40.0-255,66,1768,64,193246
77,3.4e-05,172.217.194.0-255,2902,4670,64,193246
78,4.5e-05,172.31.40.0-255,66,4736,64,193246
79,5.3e-05,172.217.194.0-255,7156,11892,64,193246
80,5.6e-05,172.31.40.0-255,66,11958,64,193246
81,6.2e-05,172.217.194.0-255,4320,16278,64,193246
82,6.5e-05,172.31.40.0-255,66,16344,64,193246
83,0.000107,172.31.40.0-255,66,16410,64,193246
84,0.000115,172.217.194.0-255,6797,23207,64,193246
85,0.000118,172.31.40.0-255,66,23273,64,193246
86,0.00014,172.217.194.0-255,7156,30429,64,193246
87,0.000143,172.31.40.0-255,66,30495,64,193246
88,0.000146,172.217.194.0-255,1484,31979,64,193246
89,0.000148,172.31.40.0-255,66,32045,64,193246
90,0.000182,172.217.194.0-255,5738,37783,64,193246
91,0.000185,172.31.40.0-255,66,37849,64,193246
92,0.000205,172.217.194.0-255,5379,43228,64,193246
93,0.000208,172.31.40.0-255,66,43294,64,193246
94,0.000211,172.217.194.0-255,1484,44778,64,193246
95,0.000213,172.31.40.0-255,66,44844,64,193246
96,0.000249,172.217.194.0-255,1484,46328,64,193246
97,0.000251,172.31.40.0-255,66,46394,64,193246
98,0.000292,172.31.40.0-255,66,46460,64,193246
99,0.000295,172.217.194.0-255,365,46825,64,193246
100,0.000297,172.31.40.0-255,66,46891,64,193246
101,0.000435,172.217.194.0-255,1484,48375,64,193246
102,0.00044,172.31.40.0-255,66,48441,64,193246
103,0.000446,172.217.194.0-255,2902,51343,64,193246
104,0.000449,172.31.40.0-255,66,51409,64,193246
105,0.00046,172.217.194.0-255,4320,55729,64,193246
106,0.000462,172.31.40.0-255,66,55795,64,193246
107,0.000468,172.217.194.0-255,5738,61533,64,193246
108,0.000472,172.31.40.0-255,66,61599,64,193246
109,0.0005,172.217.194.0-255,2902,64501,64,193246
110,0.000507,172.31.40.0-255,66,64567,64,193246
111,0.000539,172.217.194.0-255,7156,71723,64,193246
112,0.000542,172.31.40.0-255,66,71789,64,193246
113,0.000578,172.31.40.0-255,66,71855,64,193246
114,0.000623,172.217.194.0-255,1484,73339,64,193246
115,0.000627,172.217.194.0-255,1484,74823,64,193246
116,0.00063,172.31.40.0-255,66,74889,64,193246
117,0.000647,172.217.194.0-255,1484,76373,64,193246
118,0.000659,172.217.194.0-255,5738,82111,64,193246
119,0.000662,172.31.40.0-255,66,82177,64,193246
120,0.000665,172.217.194.0-255,1484,83661,64,193246
121,0.000692,172.217.194.0-255,4320,87981,64,193246
122,0.000695,172.31.40.0-255,66,88047,64,193246
123,0.000714,172.31.40.0-255,66,88113,64,193246
124,0.000746,172.217.194.0-255,5020,93133,64,193246
125,0.000749,172.31.40.0-255,66,93199,64,193246
126,0.000849,172.217.194.0-255,1484,94683,64,193246
127,0.000856,172.217.194.0-255,2902,97585,64,193246
128,0.000859,172.31.40.0-255,66,97651,64,193246
129,0.000867,172.217.194.0-255,5738,103389,64,193246
130,0.000869,172.31.40.0-255,66,103455,64,193246
131,0.000914,172.31.40.0-255,66,103521,64,193246
132,0.00092,172.217.194.0-255,4320,107841,64,193246
133,0.000923,172.31.40.0-255,66,107907,64,193246
134,0.000954,172.217.194.0-255,6438,114345,64,193246
135,0.000957,172.31.40.0-255,66,114411,64,193246
136,0.001029,172.217.194.0-255,1484,115895,64,193246
137,0.001035,172.217.194.0-255,2902,118797,64,193246
138,0.001037,172.31.40.0-255,66,118863,64,193246
139,0.001066,172.217.194.0-255,5738,124601,64,193246
140,0.001085,172.31.40.0-255,66,124667,64,193246
141,0.001089,172.31.40.0-255,66,124733,64,193246
142,0.001145,172.31.40.0-255,66,124799,64,193246
143,0.001147,172.31.40.0-255,66,124865,64,193246
144,0.001202,172.217.194.0-255,7156,132021,64,193246
145,0.001206,172.31.40.0-255,66,132087,64,193246
146,0.001246,172.31.40.0-255,66,132153,64,193246
147,0.001273,172.217.194.0-255,1484,133637,64,193246
148,0.001327,172.217.194.0-255,766,134403,64,193246
149,0.001336,172.31.40.0-255,66,134469,64,193246
150,0.001422,172.31.40.0-255,66,134535,64,193246
151,0.001438,172.217.194.0-255,1484,136019,64,193246
152,0.001453,172.217.194.0-255,1484,137503,64,193246
153,0.001457,172.217.194.0-255,2902,140405,64,193246
154,0.001464,172.217.194.0-255,5738,146143,64,193246
155,0.001469,172.217.194.0-255,4320,150463,64,193246
156,0.001481,172.217.194.0-255,2902,153365,64,193246
157,0.001496,172.217.194.0-255,2902,156267,64,193246
158,0.001506,172.31.40.0-255,66,156333,64,193246
159,0.001531,172.217.194.0-255,2184,158517,64,193246
160,0.001546,172.217.194.0-255,2902,161419,64,193246
161,0.001568,172.217.194.0-255,7156,168575,64,193246
162,0.001571,172.217.194.0-255,1484,170059,64,193246
163,0.001573,172.31.40.0-255,66,170125,64,193246
164,0.001579,172.31.40.0-255,66,170191,64,193246
165,0.001607,172.217.194.0-255,7156,177347,64,193246
166,0.001633,172.217.194.0-255,4320,181667,64,193246
167,0.001636,172.31.40.0-255,66,181733,64,193246
168,0.001641,172.31.40.0-255,66,181799,64,193246
169,0.001713,172.31.40.0-255,66,181865,64,193246
170,0.001721,172.217.194.0-255,2902,184767,64,193246
171,0.001727,172.31.40.0-255,66,184833,64,193246
172,0.001748,172.217.194.0-255,3777,188610,64,193246
173,0.001751,172.217.194.0-255,105,188715,64,193246
174,0.001774,172.31.40.0-255,66,188781,64,193246
175,0.004615,172.31.40.0-255,105,188886,64,193246
176,0.007312,172.217.194.0-255,66,188952,64,193246
177,0.033411,172.31.40.0-255,172,189124,64,193246
178,0.033444,172.31.40.0-255,1112,190236,64,193246
179,0.033507,172.31.40.0-255,1514,191750,64,193246
180,0.033509,172.31.40.0-255,1298,193048,64,193246
181,0.035084,104.244.42.0-255,66,193114,64,193246
182,0.035114,104.244.42.0-255,66,193180,64,193246
183,0.035167,104.244.42.0-255,66,193246,64,193246
184,0.0,216.58.221.0-255,298,298,64,175149
185,1.9e-05,172.31.40.0-255,66,364,64,175149
186,2.5e-05,216.58.221.0-255,1484,1848,64,175149
187,2.9e-05,172.31.40.0-255,66,1914,64,175149
188,3.5e-05,216.58.221.0-255,4320,6234,64,175149
189,4.3e-05,172.31.40.0-255,66,6300,64,175149
190,4.8e-05,216.58.221.0-255,4320,10620,64,175149
191,5e-05,172.31.40.0-255,66,10686,64,175149
192,8.9e-05,216.58.221.0-255,4733,15419,64,175149
193,9.2e-05,172.31.40.0-255,66,15485,64,175149
194,0.000103,172.31.40.0-255,66,15551,64,175149
195,0.000107,216.58.221.0-255,4320,19871,64,175149
196,0.000113,172.31.40.0-255,66,19937,64,175149
197,0.000139,216.58.221.0-255,1125,21062,64,175149
198,0.000141,172.31.40.0-255,66,21128,64,175149
199,0.000338,216.58.221.0-255,1484,22612,64,175149
200,0.000342,172.31.40.0-255,66,22678,64,175149
201,0.000348,216.58.221.0-255,2902,25580,64,175149
202,0.000351,172.31.40.0-255,66,25646,64,175149
203,0.000382,216.58.221.0-255,5738,31384,64,175149
204,0.000385,172.31.40.0-255,66,31450,64,175149
205,0.00039,216.58.221.0-255,4320,35770,64,175149
206,0.000392,172.31.40.0-255,66,35836,64,175149
207,0.00041,216.58.221.0-255,2543,38379,64,175149
208,0.000412,172.31.40.0-255,66,38445,64,175149
209,0.000836,216.58.221.0-255,1484,39929,64,175149
210,0.000841,172.31.40.0-255,66,39995,64,175149
211,0.000845,216.58.221.0-255,1484,41479,64,175149
212,0.000847,172.31.40.0-255,66,41545,64,175149
213,0.00085,216.58.221.0-255,1484,43029,64,175149
214,0.000852,172.31.40.0-255,66,43095,64,175149
215,0.000878,216.58.221.0-255,1484,44579,64,175149
216,0.000889,216.58.221.0-255,5738,50317,64,175149
217,0.000891,172.31.40.0-255,66,50383,64,175149
218,0.000895,216.58.221.0-255,2902,53285,64,175149
219,0.000897,172.31.40.0-255,66,53351,64,175149
220,0.000922,216.58.221.0-255,2827,56178,64,175149
221,0.000924,172.31.40.0-255,66,56244,64,175149
222,0.001079,216.58.221.0-255,142,56386,64,175149
223,0.001121,172.31.40.0-255,66,56452,64,175149
224,0.001247,216.58.221.0-255,1484,57936,64,175149
225,0.001256,216.58.221.0-255,2902,60838,64,175149
226,0.001261,172.31.40.0-255,66,60904,64,175149
227,0.001288,216.58.221.0-255,1484,62388,64,175149
228,0.001311,216.58.221.0-255,4320,66708,64,175149
229,0.001314,172.31.40.0-255,66,66774,64,175149
230,0.001348,172.31.40.0-255,66,66840,64,175149
231,0.001382,172.31.40.0-255,66,66906,64,175149
232,0.003462,216.58.221.0-255,5738,72644,64,175149
233,0.003469,172.31.40.0-255,66,72710,64,175149
234,0.005537,216.58.221.0-255,5738,78448,64,175149
235,0.005544,172.31.40.0-255,66,78514,64,175149
236,0.007596,216.58.221.0-255,2902,81416,64,175149
237,0.007602,172.31.40.0-255,66,81482,64,175149
238,0.007629,216.58.221.0-255,2902,84384,64,175149
239,0.007632,172.31.40.0-255,66,84450,64,175149
240,0.009687,216.58.221.0-255,5738,90188,64,175149
241,0.009694,172.31.40.0-255,66,90254,64,175149
242,0.011775,216.58.221.0-255,4320,94574,64,175149
243,0.011782,172.31.40.0-255,66,94640,64,175149
244,0.01181,216.58.221.0-255,1484,96124,64,175149
245,0.013866,216.58.221.0-255,4320,100444,64,175149
246,0.013875,172.31.40.0-255,66,100510,64,175149
247,0.015949,216.58.221.0-255,5738,106248,64,175149
248,0.015957,172.31.40.0-255,66,106314,64,175149
249,0.018018,216.58.221.0-255,5738,112052,64,175149
250,0.018025,172.31.40.0-255,66,112118,64,175149
251,0.020095,216.58.221.0-255,5738,117856,64,175149
252,0.020103,172.31.40.0-255,66,117922,64,175149
253,0.022166,216.58.221.0-255,5738,123660,64,175149
254,0.022172,172.31.40.0-255,66,123726,64,175149
255,0.024236,216.58.221.0-255,4320,128046,64,175149
256,0.024243,172.31.40.0-255,66,128112,64,175149
257,0.02427,216.58.221.0-255,1484,129596,64,175149
258,0.0263,216.58.221.0-255,1484,131080,64,175149
259,0.026308,172.31.40.0-255,66,131146,64,175149
260,0.026341,216.58.221.0-255,2902,134048,64,175149
261,0.026345,172.31.40.0-255,66,134114,64,175149
262,0.026405,172.31.40.0-255,172,134286,64,175149
263,0.026431,172.31.40.0-255,1108,135394,64,175149
264,0.026493,172.31.40.0-255,1514,136908,64,175149
265,0.026495,172.31.40.0-255,1514,138422,64,175149
266,0.026496,172.31.40.0-255,1514,139936,64,175149
267,0.026523,172.31.40.0-255,1081,141017,64,175149
268,0.028081,104.244.42.0-255,66,141083,64,175149
269,0.028106,104.244.42.0-255,66,141149,64,175149
270,0.028176,104.244.42.0-255,66,141215,64,175149
271,0.028187,104.244.42.0-255,66,141281,64,175149
272,0.028382,216.58.221.0-255,2902,144183,64,175149
273,0.028388,172.31.40.0-255,66,144249,64,175149
274,0.028432,216.58.221.0-255,2902,147151,64,175149
275,0.028435,172.31.40.0-255,66,147217,64,175149
276,0.030464,216.58.221.0-255,2902,150119,64,175149
277,0.030471,172.31.40.0-255,66,150185,64,175149
278,0.030504,216.58.221.0-255,2902,153087,64,175149
279,0.030506,172.31.40.0-255,66,153153,64,175149
280,0.032534,216.58.221.0-255,2902,156055,64,175149
281,0.032541,172.31.40.0-255,66,156121,64,175149
282,0.032573,216.58.221.0-255,2902,159023,64,175149
283,0.032575,172.31.40.0-255,66,159089,64,175149
284,0.034613,216.58.221.0-255,4320,163409,64,175149
285,0.03462,172.31.40.0-255,66,163475,64,175149
286,0.03465,216.58.221.0-255,1484,164959,64,175149
287,0.036692,216.58.221.0-255,4320,169279,64,175149
288,0.036699,172.31.40.0-255,66,169345,64,175149
289,0.038775,216.58.221.0-255,5738,175083,64,175149
290,0.038781,172.31.40.0-255,66,175149,64,175149
291,0.0,74.125.24.0-255,297,297,64,296926
292,2e-05,172.31.40.0-255,66,363,64,296926
293,2.7e-05,74.125.24.0-255,1484,1847,64,296926
294,3.1e-05,172.31.40.0-255,66,1913,64,296926
295,3.9e-05,74.125.24.0-255,4320,6233,64,296926
296,4.2e-05,172.31.40.0-255,66,6299,64,296926
297,5.4e-05,172.31.40.0-255,66,6365,64,296926
298,5.8e-05,74.125.24.0-255,1484,7849,64,296926
299,6e-05,172.31.40.0-255,66,7915,64,296926
300,8.5e-05,74.125.24.0-255,4320,12235,64,296926
301,8.9e-05,172.31.40.0-255,66,12301,64,296926
302,0.000137,74.125.24.0-255,7156,19457,64,296926
303,0.000139,172.31.40.0-255,66,19523,64,296926
304,0.000154,74.125.24.0-255,2543,22066,64,296926
305,0.000156,172.31.40.0-255,66,22132,64,296926
306,0.000191,74.125.24.0-255,1484,23616,64,296926
307,0.000194,172.31.40.0-255,66,23682,64,296926
308,0.000198,74.125.24.0-255,2902,26584,64,296926
309,0.000201,172.31.40.0-255,66,26650,64,296926
310,0.000205,74.125.24.0-255,2902,29552,64,296926
311,0.000207,172.31.40.0-255,66,29618,64,296926
312,0.000234,74.125.24.0-255,2902,32520,64,296926
313,0.000236,172.31.40.0-255,66,32586,64,296926
314,0.000249,172.31.40.0-255,66,32652,64,296926
315,0.000299,74.125.24.0-255,7156,39808,64,296926
316,0.000302,172.31.40.0-255,66,39874,64,296926
317,0.000323,74.125.24.0-255,5649,45523,64,296926
318,0.000326,172.31.40.0-255,66,45589,64,296926
319,0.000329,74.125.24.0-255,126,45715,64,296926
320,0.000331,172.31.40.0-255,66,45781,64,296926
321,0.000465,74.125.24.0-255,1484,47265,64,296926
322,0.000473,74.125.24.0-255,2902,50167,64,296926
323,0.00048,74.125.24.0-255,5738,55905,64,296926
324,0.000506,74.125.24.0-255,5738,61643,64,296926
325,0.000535,74.125.24.0-255,4320,65963,64,296926
326,0.000549,74.125.24.0-255,2902,68865,64,296926
327,0.000561,74.125.24.0-255,2811,71676,64,296926
328,0.000579,172.31.40.0-255,66,71742,64,296926
329,0.001234,74.125.24.0-255,1484,73226,64,296926
330,0.001253,74.125.24.0-255,2902,76128,64,296926
331,0.001259,74.125.24.0-255,5738,81866,64,296926
332,0.001268,172.31.40.0-255,66,81932,64,296926
333,0.001273,74.125.24.0-255,1484,83416,64,296926
334,0.001301,74.125.24.0-255,2902,86318,64,296926
335,0.001315,172.31.40.0-255,66,86384,64,296926
336,0.001346,74.125.24.0-255,7156,93540,64,296926
337,0.001352,172.31.40.0-255,66,93606,64,296926
338,0.001364,74.125.24.0-255,766,94372,64,296926
339,0.001429,74.125.24.0-255,1484,95856,64,296926
340,0.001443,74.125.24.0-255,2902,98758,64,296926
341,0.00147,74.125.24.0-255,5738,104496,64,296926
342,0.00149,74.125.24.0-255,5738,110234,64,296926
343,0.001495,172.31.40.0-255,66,110300,64,296926
344,0.001519,74.125.24.0-255,7156,117456,64,296926
345,0.001526,74.125.24.0-255,7156,124612,64,296926
346,0.001531,74.125.24.0-255,3602,128214,64,296926
347,0.001834,74.125.24.0-255,1484,129698,64,296926
348,0.001839,74.125.24.0-255,1484,131182,64,296926
349,0.001853,74.125.24.0-255,1484,132666,64,296926
350,0.001877,74.125.24.0-255,5738,138404,64,296926
351,0.001897,74.125.24.0-255,4320,142724,64,296926
352,0.001945,74.125.24.0-255,5738,148462,64,296926
353,0.001963,74.125.24.0-255,5020,153482,64,296926
354,0.002099,74.125.24.0-255,1484,154966,64,296926
355,0.002115,74.125.24.0-255,2902,157868,64,296926
356,0.002118,74.125.24.0-255,1484,159352,64,296926
357,0.002135,74.125.24.0-255,4320,163672,64,296926
358,0.00214,74.125.24.0-255,2902,166574,64,296926
359,0.002163,74.125.24.0-255,7156,173730,64,296926
360,0.002189,74.125.24.0-255,2184,175914,64,296926
361,0.002224,74.125.24.0-255,2902,178816,64,296926
362,0.002237,74.125.24.0-255,2902,181718,64,296926
363,0.002287,74.125.24.0-255,7156,188874,64,296926
364,0.002292,74.125.24.0-255,5738,194612,64,296926
365,0.00233,74.125.24.0-255,1484,196096,64,296926
366,0.002337,74.125.24.0-255,4320,200416,64,296926
367,0.002339,74.125.24.0-255,766,201182,64,296926
368,0.002472,74.125.24.0-255,1484,202666,64,296926
369,0.002477,74.125.24.0-255,1484,204150,64,296926
370,0.002494,74.125.24.0-255,1484,205634,64,296926
371,0.002497,74.125.24.0-255,1484,207118,64,296926
372,0.00252,74.125.24.0-255,5738,212856,64,296926
373,0.002535,74.125.24.0-255,1484,214340,64,296926
374,0.002538,74.125.24.0-255,1484,215824,64,296926
375,0.002554,74.125.24.0-255,2902,218726,64,296926
376,0.002584,74.125.24.0-255,5738,224464,64,296926
377,0.002614,74.125.24.0-255,2902,227366,64,296926
378,0.002619,74.125.24.0-255,5738,233104,64,296926
379,0.002651,74.125.24.0-255,2184,235288,64,296926
380,0.002778,74.125.24.0-255,1484,236772,64,296926
381,0.00281,74.125.24.0-255,2902,239674,64,296926
382,0.002824,74.125.24.0-255,1484,241158,64,296926
383,0.002838,74.125.24.0-255,2902,244060,64,296926
384,0.00286,74.125.24.0-255,1484,245544,64,296926
385,0.00288,74.125.24.0-255,7156,252700,64,296926
386,0.002901,74.125.24.0-255,1484,254184,64,296926
387,0.002919,74.125.24.0-255,6438,260622,64,296926
388,0.002935,74.125.24.0-255,4320,264942,64,296926
389,0.002947,74.125.24.0-255,4320,269262,64,296926
390,0.002951,74.125.24.0-255,2902,272164,64,296926
391,0.002965,74.125.24.0-255,1484,273648,64,296926
392,0.003009,74.125.24.0-255,4320,277968,64,296926
393,0.003063,74.125.24.0-255,2902,280870,64,296926
394,0.003098,74.125.24.0-255,766,281636,64,296926
395,0.003102,74.125.24.0-255,4320,285956,64,296926
396,0.00313,74.125.24.0-255,1484,287440,64,296926
397,0.003157,74.125.24.0-255,5738,293178,64,296926
398,0.003186,74.125.24.0-255,97,293275,64,296926
399,0.003235,74.125.24.0-255,105,293380,64,296926
400,0.009981,172.31.40.0-255,66,293446,64,296926
401,0.012086,74.125.24.0-255,105,293551,64,296926
402,0.012096,172.31.40.0-255,78,293629,64,296926
403,0.012566,172.31.40.0-255,105,293734,64,296926
404,0.014769,74.125.24.0-255,66,293800,64,296926
405,0.038449,172.31.40.0-255,167,293967,64,296926
406,0.038484,172.31.40.0-255,1107,295074,64,296926
407,0.038547,172.31.40.0-255,1514,296588,64,296926
408,0.038548,172.31.40.0-255,338,296926,64,296926
409,0.0,172.217.194.0-255,146,146,64,143971
410,2e-05,172.31.40.0-255,66,212,64,143971
411,2.6e-05,172.217.194.0-255,1484,1696,64,143971
412,3e-05,172.31.40.0-255,66,1762,64,143971
413,3.6e-05,172.217.194.0-255,2902,4664,64,143971
414,3.9e-05,172.31.40.0-255,66,4730,64,143971
415,4.5e-05,172.217.194.0-255,5738,10468,64,143971
416,4.8e-05,172.31.40.0-255,66,10534,64,143971
417,9.3e-05,172.217.194.0-255,5738,16272,64,143971
418,9.7e-05,172.31.40.0-255,66,16338,64,143971
419,0.000116,172.217.194.0-255,3488,19826,64,143971
420,0.000118,172.31.40.0-255,66,19892,64,143971
421,0.00013,172.31.40.0-255,66,19958,64,143971
422,0.000133,172.217.194.0-255,1125,21083,64,143971
423,0.000135,172.31.40.0-255,66,21149,64,143971
424,0.000193,172.217.194.0-255,1484,22633,64,143971
425,0.000196,172.31.40.0-255,66,22699,64,143971
426,0.000201,172.217.194.0-255,2902,25601,64,143971
427,0.000203,172.31.40.0-255,66,25667,64,143971
428,0.000206,172.217.194.0-255,1484,27151,64,143971
429,0.000208,172.31.40.0-255,66,27217,64,143971
430,0.000234,172.217.194.0-255,4320,31537,64,143971
431,0.000237,172.31.40.0-255,66,31603,64,143971
432,0.000242,172.217.194.0-255,4320,35923,64,143971
433,0.000244,172.31.40.0-255,66,35989,64,143971
434,0.000283,172.31.40.0-255,66,36055,64,143971
435,0.000295,172.217.194.0-255,1484,37539,64,143971
436,0.000297,172.31.40.0-255,66,37605,64,143971
437,0.000322,172.31.40.0-255,66,37671,64,143971
438,0.000325,172.217.194.0-255,121,37792,64,143971
439,0.000912,172.31.40.0-255,66,37858,64,143971
440,0.001257,172.217.194.0-255,375,38233,64,143971
441,0.001644,172.217.194.0-255,1484,39717,64,143971
442,0.001651,172.31.40.0-255,66,39783,64,143971
443,0.001658,172.217.194.0-255,2902,42685,64,143971
444,0.00166,172.31.40.0-255,66,42751,64,143971
445,0.001666,172.217.194.0-255,5738,48489,64,143971
446,0.001669,172.31.40.0-255,66,48555,64,143971
447,0.001703,172.217.194.0-255,2902,51457,64,143971
448,0.001705,172.31.40.0-255,66,51523,64,143971
449,0.001723,172.217.194.0-255,4320,55843,64,143971
450,0.001725,172.31.40.0-255,66,55909,64,143971
451,0.00174,172.31.40.0-255,66,55975,64,143971
452,0.001744,172.217.194.0-255,2184,58159,64,143971
453,0.001746,172.31.40.0-255,66,58225,64,143971
454,0.004354,172.217.194.0-255,2902,61127,64,143971
455,0.004361,172.31.40.0-255,66,61193,64,143971
456,0.004387,172.217.194.0-255,1484,62677,64,143971
457,0.004398,172.217.194.0-255,1484,64161,64,143971
458,0.0044,172.31.40.0-255,66,64227,64,143971
459,0.007044,172.217.194.0-255,5738,69965,64,143971
460,0.007051,172.31.40.0-255,66,70031,64,143971
461,0.009689,172.217.194.0-255,5738,75769,64,143971
462,0.009697,172.31.40.0-255,66,75835,64,143971
463,0.012365,172.217.194.0-255,5738,81573,64,143971
464,0.012373,172.31.40.0-255,66,81639,64,143971
465,0.015018,172.217.194.0-255,5738,87377,64,143971
466,0.015026,172.31.40.0-255,66,87443,64,143971
467,0.017711,172.217.194.0-255,5738,93181,64,143971
468,0.017721,172.31.40.0-255,66,93247,64,143971
469,0.020366,172.217.194.0-255,5738,98985,64,143971
470,0.020375,172.31.40.0-255,66,99051,64,143971
471,0.022999,172.217.194.0-255,5738,104789,64,143971
472,0.023008,172.31.40.0-255,66,104855,64,143971
473,0.025001,172.31.40.0-255,172,105027,64,143971
474,0.025029,172.31.40.0-255,1112,106139,64,143971
475,0.025075,172.31.40.0-255,1514,107653,64,143971
476,0.025077,172.31.40.0-255,1296,108949,64,143971
477,0.025635,172.217.194.0-255,5738,114687,64,143971
478,0.025641,172.31.40.0-255,66,114753,64,143971
479,0.026689,104.244.42.0-255,66,114819,64,143971
480,0.026734,104.244.42.0-255,66,114885,64,143971
481,0.026789,104.244.42.0-255,66,114951,64,143971
482,0.028266,172.217.194.0-255,5738,120689,64,143971
483,0.028271,172.31.40.0-255,66,120755,64,143971
484,0.030971,172.217.194.0-255,5738,126493,64,143971
485,0.030977,172.31.40.0-255,66,126559,64,143971
486,0.033638,172.217.194.0-255,5738,132297,64,143971
487,0.033645,172.31.40.0-255,66,132363,64,143971
488,0.036337,172.217.194.0-255,5738,138101,64,143971
489,0.036343,172.31.40.0-255,66,138167,64,143971
490,0.039019,172.217.194.0-255,5738,143905,64,143971
491,0.039026,172.31.40.0-255,66,143971,64,143971
492,0.0,172.217.194.0-255,298,298,64,205183
493,2.1e-05,172.31.40.0-255,66,364,64,205183
494,2.8e-05,172.217.194.0-255,1484,1848,64,205183
495,3.2e-05,172.31.40.0-255,66,1914,64,205183
496,3.8e-05,172.217.194.0-255,4320,6234,64,205183
497,4.1e-05,172.31.40.0-255,66,6300,64,205183
498,5.3e-05,172.31.40.0-255,66,6366,64,205183
499,6e-05,172.217.194.0-255,7156,13522,64,205183
500,6.3e-05,172.31.40.0-255,66,13588,64,205183
501,9.1e-05,172.217.194.0-255,2902,16490,64,205183
502,9.3e-05,172.31.40.0-255,66,16556,64,205183
503,9.9e-05,172.217.194.0-255,5379,21935,64,205183
504,0.000102,172.31.40.0-255,66,22001,64,205183
505,0.000127,172.217.194.0-255,2902,24903,64,205183
506,0.000129,172.31.40.0-255,66,24969,64,205183
507,0.000155,172.217.194.0-255,2902,27871,64,205183
508,0.000158,172.31.40.0-255,66,27937,64,205183
509,0.000165,172.217.194.0-255,7156,35093,64,205183
510,0.000167,172.31.40.0-255,66,35159,64,205183
511,0.000182,172.31.40.0-255,66,35225,64,205183
512,0.000189,172.217.194.0-255,5667,40892,64,205183
513,0.000191,172.31.40.0-255,66,40958,64,205183
514,0.000278,172.217.194.0-255,98,41056,64,205183
515,0.000282,172.31.40.0-255,66,41122,64,205183
516,0.000347,172.217.194.0-255,1484,42606,64,205183
517,0.000351,172.31.40.0-255,66,42672,64,205183
518,0.000355,172.217.194.0-255,2902,45574,64,205183
519,0.000357,172.31.40.0-255,66,45640,64,205183
520,0.000364,172.217.194.0-255,5738,51378,64,205183
521,0.000367,172.31.40.0-255,66,51444,64,205183
522,0.00039,172.217.194.0-255,6797,58241,64,205183
523,0.000392,172.31.40.0-255,66,58307,64,205183
524,0.000408,172.217.194.0-255,1484,59791,64,205183
525,0.000433,172.31.40.0-255,66,59857,64,205183
526,0.00045,172.217.194.0-255,1484,61341,64,205183
527,0.000454,172.217.194.0-255,2842,64183,64,205183
528,0.000456,172.31.40.0-255,66,64249,64,205183
529,0.000982,172.217.194.0-255,1484,65733,64,205183
530,0.000988,172.217.194.0-255,2902,68635,64,205183
531,0.000992,172.31.40.0-255,66,68701,64,205183
532,0.000999,172.217.194.0-255,5738,74439,64,205183
533,0.001001,172.31.40.0-255,66,74505,64,205183
534,0.001057,172.31.40.0-255,66,74571,64,205183
535,0.00107,172.217.194.0-255,1484,76055,64,205183
536,0.001082,172.31.40.0-255,66,76121,64,205183
537,0.001089,172.217.194.0-255,7156,83277,64,205183
538,0.001092,172.31.40.0-255,66,83343,64,205183
539,0.001116,172.217.194.0-255,4320,87663,64,205183
540,0.00113,172.31.40.0-255,66,87729,64,205183
541,0.001134,172.31.40.0-255,66,87795,64,205183
542,0.001147,172.217.194.0-255,2902,90697,64,205183
543,0.00115,172.31.40.0-255,66,90763,64,205183
544,0.001183,172.217.194.0-255,6438,97201,64,205183
545,0.001186,172.31.40.0-255,66,97267,64,205183
546,0.001732,172.217.194.0-255,1484,98751,64,205183
547,0.001739,172.217.194.0-255,2902,101653,64,205183
548,0.001742,172.31.40.0-255,66,101719,64,205183
549,0.001746,172.217.194.0-255,1484,103203,64,205183
550,0.001766,172.217.194.0-255,4320,107523,64,205183
551,0.001769,172.31.40.0-255,66,107589,64,205183
552,0.001772,172.217.194.0-255,1484,109073,64,205183
553,0.001803,172.31.40.0-255,66,109139,64,205183
554,0.001824,172.31.40.0-255,66,109205,64,205183
555,0.004118,172.217.194.0-255,5738,114943,64,205183
556,0.004125,172.31.40.0-255,66,115009,64,205183
557,0.0064,172.217.194.0-255,5738,120747,64,205183
558,0.006405,172.31.40.0-255,66,120813,64,205183
559,0.008686,172.217.194.0-255,5738,126551,64,205183
560,0.008691,172.31.40.0-255,66,126617,64,205183
561,0.010979,172.217.194.0-255,5738,132355,64,205183
562,0.010988,172.31.40.0-255,66,132421,64,205183
563,0.013248,172.217.194.0-255,5738,138159,64,205183
564,0.013255,172.31.40.0-255,66,138225,64,205183
565,0.015543,172.217.194.0-255,5738,143963,64,205183
566,0.015553,172.31.40.0-255,66,144029,64,205183
567,0.01783,172.217.194.0-255,5738,149767,64,205183
568,0.017838,172.31.40.0-255,66,149833,64,205183
569,0.020144,172.217.194.0-255,5738,155571,64,205183
570,0.020164,172.31.40.0-255,66,155637,64,205183
571,0.02242,172.217.194.0-255,4320,159957,64,205183
572,0.022427,172.31.40.0-255,66,160023,64,205183
573,0.022451,172.217.194.0-255,1484,161507,64,205183
574,0.024728,172.217.194.0-255,4320,165827,64,205183
575,0.024737,172.31.40.0-255,66,165893,64,205183
576,0.027012,172.217.194.0-255,5738,171631,64,205183
577,0.027019,172.31.40.0-255,66,171697,64,205183
578,0.02928,172.217.194.0-255,5738,177435,64,205183
579,0.029289,172.31.40.0-255,66,177501,64,205183
580,0.031583,172.217.194.0-255,5738,183239,64,205183
581,0.03159,172.31.40.0-255,66,183305,64,205183
582,0.033868,172.217.194.0-255,5738,189043,64,205183
583,0.033876,172.31.40.0-255,66,189109,64,205183
584,0.036177,172.217.194.0-255,5738,194847,64,205183
585,0.036184,172.31.40.0-255,66,194913,64,205183
586,0.037257,172.31.40.0-255,172,195085,64,205183
587,0.03729,172.31.40.0-255,1110,196195,64,205183
588,0.037354,172.31.40.0-255,1514,197709,64,205183
589,0.037356,172.31.40.0-255,1298,199007,64,205183
590,0.038504,172.217.194.0-255,5738,204745,64,205183
591,0.038511,172.31.40.0-255,66,204811,64,205183
592,0.038839,104.244.42.0-255,66,204877,64,205183
593,0.038848,104.244.42.0-255,66,204943,64,205183
594,0.038971,104.244.42.0-255,66,205009,64,205183
595,0.039563,104.244.42.0-255,108,205117,64,205183
596,0.03957,172.31.40.0-255,66,205183,64,205183
597,0.0,74.125.24.0-255,150,150,64,209358
598,2e-05,172.31.40.0-255,66,216,64,209358
599,2.7e-05,74.125.24.0-255,1484,1700,64,209358
600,3.2e-05,172.31.40.0-255,66,1766,64,209358
601,3.8e-05,74.125.24.0-255,2902,4668,64,209358
602,4.2e-05,172.31.40.0-255,66,4734,64,209358
603,4.8e-05,74.125.24.0-255,4320,9054,64,209358
604,5e-05,172.31.40.0-255,66,9120,64,209358
605,7.3e-05,74.125.24.0-255,1484,10604,64,209358
606,7.5e-05,172.31.40.0-255,66,10670,64,209358
607,8.6e-05,172.31.40.0-255,66,10736,64,209358
608,9.3e-05,74.125.24.0-255,5738,16474,64,209358
609,9.6e-05,172.31.40.0-255,66,16540,64,209358
610,0.000123,74.125.24.0-255,2902,19442,64,209358
611,0.000125,172.31.40.0-255,66,19508,64,209358
612,0.000145,74.125.24.0-255,2902,22410,64,209358
613,0.000147,172.31.40.0-255,66,22476,64,209358
614,0.000164,74.125.24.0-255,1125,23601,64,209358
615,0.000166,172.31.40.0-255,66,23667,64,209358
616,0.000183,74.125.24.0-255,4320,27987,64,209358
617,0.000185,172.31.40.0-255,66,28053,64,209358
618,0.000192,74.125.24.0-255,5738,33791,64,209358
619,0.000194,172.31.40.0-255,66,33857,64,209358
620,0.000215,74.125.24.0-255,2902,36759,64,209358
621,0.000217,172.31.40.0-255,66,36825,64,209358
622,0.000252,172.31.40.0-255,66,36891,64,209358
623,0.000265,172.31.40.0-255,66,36957,64,209358
624,0.000294,74.125.24.0-255,130,37087,64,209358
625,0.000297,172.31.40.0-255,66,37153,64,209358
626,0.000476,74.125.24.0-255,1484,38637,64,209358
627,0.000482,74.125.24.0-255,1484,40121,64,209358
628,0.000485,172.31.40.0-255,66,40187,64,209358
629,0.000518,74.125.24.0-255,1484,41671,64,209358
630,0.000525,74.125.24.0-255,5738,47409,64,209358
631,0.000528,172.31.40.0-255,66,47475,64,209358
632,0.000531,74.125.24.0-255,1484,48959,64,209358
633,0.000558,74.125.24.0-255,4320,53279,64,209358
634,0.000561,172.31.40.0-255,66,53345,64,209358
635,0.000566,74.125.24.0-255,2902,56247,64,209358
636,0.000568,172.31.40.0-255,66,56313,64,209358
637,0.00059,172.31.40.0-255,66,56379,64,209358
638,0.000618,74.125.24.0-255,1125,57504,64,209358
639,0.000635,172.31.40.0-255,66,57570,64,209358
640,0.000639,74.125.24.0-255,2902,60472,64,209358
641,0.000642,172.31.40.0-255,66,60538,64,209358
642,0.000664,172.31.40.0-255,66,60604,64,209358
643,0.000696,74.125.24.0-255,5738,66342,64,209358
644,0.0007,172.31.40.0-255,66,66408,64,209358
645,0.00072,74.125.24.0-255,5738,72146,64,209358
646,0.000723,172.31.40.0-255,66,72212,64,209358
647,0.000743,74.125.24.0-255,3664,75876,64,209358
648,0.000746,172.31.40.0-255,66,75942,64,209358
649,0.000757,172.31.40.0-255,66,76008,64,209358
650,0.000812,74.125.24.0-255,1484,77492,64,209358
651,0.000816,74.125.24.0-255,1484,78976,64,209358
652,0.000819,172.31.40.0-255,66,79042,64,209358
653,0.00084,74.125.24.0-255,1484,80526,64,209358
654,0.000848,74.125.24.0-255,5738,86264,64,209358
655,0.00085,172.31.40.0-255,66,86330,64,209358
656,0.000868,74.125.24.0-255,2902,89232,64,209358
657,0.00087,172.31.40.0-255,66,89298,64,209358
658,0.000899,74.125.24.0-255,7156,96454,64,209358
659,0.000902,172.31.40.0-255,66,96520,64,209358
660,0.000917,172.31.40.0-255,66,96586,64,209358
661,0.000931,74.125.24.0-255,5020,101606,64,209358
662,0.000934,172.31.40.0-255,66,101672,64,209358
663,0.000939,74.125.24.0-255,2902,104574,64,209358
664,0.000941,172.31.40.0-255,66,104640,64,209358
665,0.000988,172.31.40.0-255,66,104706,64,209358
666,0.000997,74.125.24.0-255,3602,108308,64,209358
667,0.000999,172.31.40.0-255,66,108374,64,209358
668,0.001006,74.125.24.0-255,5738,114112,64,209358
669,0.001009,172.31.40.0-255,66,114178,64,209358
670,0.001015,74.125.24.0-255,7156,121334,64,209358
671,0.001017,172.31.40.0-255,66,121400,64,209358
672,0.001022,74.125.24.0-255,3961,125361,64,209358
673,0.001025,172.31.40.0-255,66,125427,64,209358
674,0.001131,74.125.24.0-255,1484,126911,64,209358
675,0.001137,74.125.24.0-255,2902,129813,64,209358
676,0.001141,172.31.40.0-255,66,129879,64,209358
677,0.001144,74.125.24.0-255,1484,131363,64,209358
678,0.001163,74.125.24.0-255,4320,135683,64,209358
679,0.001167,172.31.40.0-255,66,135749,64,209358
680,0.001176,74.125.24.0-255,2902,138651,64,209358
681,0.001178,172.31.40.0-255,66,138717,64,209358
682,0.001209,74.125.24.0-255,5738,144455,64,209358
683,0.001212,172.31.40.0-255,66,144521,64,209358
684,0.001229,74.125.24.0-255,1484,146005,64,209358
685,0.00125,74.125.24.0-255,4320,150325,64,209358
686,0.001253,172.31.40.0-255,66,150391,64,209358
687,0.001283,172.31.40.0-255,66,150457,64,209358
688,0.001301,74.125.24.0-255,1484,151941,64,209358
689,0.001306,74.125.24.0-255,2902,154843,64,209358
690,0.001308,172.31.40.0-255,66,154909,64,209358
691,0.00133,74.125.24.0-255,5738,160647,64,209358
692,0.001333,172.31.40.0-255,66,160713,64,209358
693,0.001338,74.125.24.0-255,4320,165033,64,209358
694,0.00134,172.31.40.0-255,66,165099,64,209358
695,0.001352,74.125.24.0-255,1484,166583,64,209358
696,0.001381,172.31.40.0-255,66,166649,64,209358
697,0.001402,74.125.24.0-255,4320,170969,64,209358
698,0.001405,172.31.40.0-255,66,171035,64,209358
699,0.00141,74.125.24.0-255,3602,174637,64,209358
700,0.001412,172.31.40.0-255,66,174703,64,209358
701,0.001425,172.31.40.0-255,66,174769,64,209358
702,0.001465,172.31.40.0-255,66,174835,64,209358
703,0.001478,172.31.40.0-255,66,174901,64,209358
704,0.001516,74.125.24.0-255,1484,176385,64,209358
705,0.001553,172.31.40.0-255,66,176451,64,209358
706,0.001569,74.125.24.0-255,1484,177935,64,209358
707,0.001573,74.125.24.0-255,2902,180837,64,209358
708,0.001576,172.31.40.0-255,66,180903,64,209358
709,0.001606,172.31.40.0-255,66,180969,64,209358
710,0.001618,172.31.40.0-255,66,181035,64,209358
711,0.001621,74.125.24.0-255,1484,182519,64,209358
712,0.001644,74.125.24.0-255,2902,185421,64,209358
713,0.001646,172.31.40.0-255,66,185487,64,209358
714,0.001651,74.125.24.0-255,2902,188389,64,209358
715,0.001654,172.31.40.0-255,66,188455,64,209358
716,0.001672,74.125.24.0-255,2902,191357,64,209358
717,0.001674,172.31.40.0-255,66,191423,64,209358
718,0.00168,74.125.24.0-255,5738,197161,64,209358
719,0.001682,172.31.40.0-255,66,197227,64,209358
720,0.001689,74.125.24.0-255,5738,202965,64,209358
721,0.001692,172.31.40.0-255,66,203031,64,209358
722,0.001739,74.125.24.0-255,1495,204526,64,209358
723,0.001743,172.31.40.0-255,66,204592,64,209358
724,0.001746,172.31.40.0-255,66,204658,64,209358
725,0.001755,172.31.40.0-255,66,204724,64,209358
726,0.001758,74.125.24.0-255,105,204829,64,209358
727,0.008896,172.31.40.0-255,66,204895,64,209358
728,0.008935,172.31.40.0-255,105,205000,64,209358
729,0.011069,74.125.24.0-255,66,205066,64,209358
730,0.029388,172.31.40.0-255,172,205238,64,209358
731,0.029423,172.31.40.0-255,1108,206346,64,209358
732,0.029488,172.31.40.0-255,1514,207860,64,209358
733,0.02949,172.31.40.0-255,1300,209160,64,209358
734,0.031071,104.244.42.0-255,66,209226,64,209358
735,0.031118,104.244.42.0-255,66,209292,64,209358
736,0.031162,104.244.42.0-255,66,209358,64,209358
737,0.0,172.217.194.0-255,153,153,64,181601
738,2.2e-05,172.31.40.0-255,66,219,64,181601
739,2.9e-05,172.217.194.0-255,1484,1703,64,181601
740,3.3e-05,172.31.40.0-255,66,1769,64,181601
741,3.9e-05,172.217.194.0-255,2902,4671,64,181601
742,4.8e-05,172.31.40.0-255,66,4737,64,181601
743,5.5e-05,172.217.194.0-255,7156,11893,64,181601
744,5.8e-05,172.31.40.0-255,66,11959,64,181601
745,6.2e-05,172.217.194.0-255,2057,14016,64,181601
746,6.5e-05,172.31.40.0-255,66,14082,64,181601
747,6.9e-05,172.217.194.0-255,2902,16984,64,181601
748,7.1e-05,172.31.40.0-255,66,17050,64,181601
749,0.000107,172.31.40.0-255,66,17116,64,181601
750,0.000113,172.217.194.0-255,5379,22495,64,181601
751,0.000115,172.31.40.0-255,66,22561,64,181601
752,0.000119,172.217.194.0-255,2902,25463,64,181601
753,0.000121,172.31.40.0-255,66,25529,64,181601
754,0.000145,172.217.194.0-255,2902,28431,64,181601
755,0.000147,172.31.40.0-255,66,28497,64,181601
756,0.00015,172.217.194.0-255,1484,29981,64,181601
757,0.000152,172.31.40.0-255,66,30047,64,181601
758,0.000189,172.31.40.0-255,66,30113,64,181601
759,0.000524,172.217.194.0-255,1484,31597,64,181601
760,0.000528,172.217.194.0-255,1484,33081,64,181601
761,0.000536,172.31.40.0-255,66,33147,64,181601
762,0.000539,172.31.40.0-255,66,33213,64,181601
763,0.000543,172.217.194.0-255,1484,34697,64,181601
764,0.000545,172.31.40.0-255,66,34763,64,181601
765,0.000554,172.217.194.0-255,4320,39083,64,181601
766,0.000556,172.31.40.0-255,66,39149,64,181601
767,0.00058,172.217.194.0-255,1484,40633,64,181601
768,0.000588,172.217.194.0-255,6797,47430,64,181601
769,0.00059,172.31.40.0-255,66,47496,64,181601
770,0.000594,172.217.194.0-255,2902,50398,64,181601
771,0.000596,172.31.40.0-255,66,50464,64,181601
772,0.000626,172.31.40.0-255,66,50530,64,181601
773,0.00063,172.217.194.0-255,2543,53073,64,181601
774,0.000632,172.31.40.0-255,66,53139,64,181601
775,0.000668,172.217.194.0-255,3481,56620,64,181601
776,0.000671,172.31.40.0-255,66,56686,64,181601
777,0.000678,172.217.194.0-255,7156,63842,64,181601
778,0.000681,172.31.40.0-255,66,63908,64,181601
779,0.000702,172.217.194.0-255,1484,65392,64,181601
780,0.00072,172.217.194.0-255,2902,68294,64,181601
781,0.000722,172.31.40.0-255,66,68360,64,181601
782,0.000736,172.217.194.0-255,2543,70903,64,181601
783,0.000742,172.31.40.0-255,66,70969,64,181601
784,0.001075,172.217.194.0-255,1484,72453,64,181601
785,0.001089,172.217.194.0-255,2902,75355,64,181601
786,0.001092,172.31.40.0-255,66,75421,64,181601
787,0.001098,172.217.194.0-255,5738,81159,64,181601
788,0.0011,172.31.40.0-255,66,81225,64,181601
789,0.00114,172.217.194.0-255,6134,87359,64,181601
790,0.001143,172.31.40.0-255,66,87425,64,181601
791,0.001304,172.217.194.0-255,198,87623,64,181601
792,0.001345,172.217.194.0-255,1484,89107,64,181601
793,0.001348,172.31.40.0-255,66,89173,64,181601
794,0.001351,172.217.194.0-255,1484,90657,64,181601
795,0.001372,172.217.194.0-255,1484,92141,64,181601
796,0.001374,172.31.40.0-255,66,92207,64,181601
797,0.001382,172.217.194.0-255,7156,99363,64,181601
798,0.001384,172.31.40.0-255,66,99429,64,181601
799,0.001422,172.217.194.0-255,7156,106585,64,181601
800,0.001424,172.31.40.0-255,66,106651,64,181601
801,0.001445,172.217.194.0-255,7156,113807,64,181601
802,0.001447,172.31.40.0-255,66,113873,64,181601
803,0.00148,172.31.40.0-255,66,113939,64,181601
804,0.001497,172.31.40.0-255,66,114005,64,181601
805,0.001517,172.217.194.0-255,1484,115489,64,181601
806,0.001541,172.31.40.0-255,66,115555,64,181601
807,0.001581,172.31.40.0-255,66,115621,64,181601
808,0.001616,172.31.40.0-255,66,115687,64,181601
809,0.001638,172.31.40.0-255,66,115753,64,181601
810,0.001651,172.31.40.0-255,66,115819,64,181601
811,0.001699,172.31.40.0-255,66,115885,64,181601
812,0.001705,172.217.194.0-255,5020,120905,64,181601
813,0.001707,172.31.40.0-255,66,120971,64,181601
814,0.00171,172.217.194.0-255,1484,122455,64,181601
815,0.00172,172.217.194.0-255,2902,125357,64,181601
816,0.001723,172.31.40.0-255,66,125423,64,181601
817,0.001729,172.217.194.0-255,5738,131161,64,181601
818,0.001732,172.31.40.0-255,66,131227,64,181601
819,0.001745,172.31.40.0-255,66,131293,64,181601
820,0.001758,172.31.40.0-255,66,131359,64,181601
821,0.001807,172.217.194.0-255,1484,132843,64,181601
822,0.001811,172.217.194.0-255,1484,134327,64,181601
823,0.001814,172.31.40.0-255,66,134393,64,181601
824,0.001826,172.217.194.0-255,1484,135877,64,181601
825,0.001836,172.217.194.0-255,5738,141615,64,181601
826,0.001839,172.31.40.0-255,66,141681,64,181601
827,0.001903,172.217.194.0-255,5738,147419,64,181601
828,0.001906,172.31.40.0-255,66,147485,64,181601
829,0.001937,172.217.194.0-255,7156,154641,64,181601
830,0.001939,172.31.40.0-255,66,154707,64,181601
831,0.001942,172.217.194.0-255,1484,156191,64,181601
832,0.001956,172.31.40.0-255,66,156257,64,181601
833,0.001976,172.217.194.0-255,1484,157741,64,181601
834,0.001979,172.217.194.0-255,1484,159225,64,181601
835,0.001997,172.217.194.0-255,1484,160709,64,181601
836,0.002014,172.31.40.0-255,66,160775,64,181601
837,0.002022,172.217.194.0-255,5738,166513,64,181601
838,0.002024,172.217.194.0-255,1484,167997,64,181601
839,0.002037,172.31.40.0-255,66,168063,64,181601
840,0.00209,172.31.40.0-255,66,168129,64,181601
841,0.002133,172.217.194.0-255,1484,169613,64,181601
842,0.002146,172.31.40.0-255,66,169679,64,181601
843,0.002158,172.217.194.0-255,7156,176835,64,181601
844,0.002171,172.31.40.0-255,66,176901,64,181601
845,0.002201,172.31.40.0-255,66,176967,64,181601
846,0.002228,172.217.194.0-255,105,177072,64,181601
847,0.002235,172.31.40.0-255,66,177138,64,181601
848,0.008699,172.31.40.0-255,105,177243,64,181601
849,0.011149,172.217.194.0-255,66,177309,64,181601
850,0.031807,172.31.40.0-255,172,177481,64,181601
851,0.031842,172.31.40.0-255,1108,178589,64,181601
852,0.031901,172.31.40.0-255,1514,180103,64,181601
853,0.031902,172.31.40.0-255,1300,181403,64,181601
854,0.033439,104.244.42.0-255,66,181469,64,181601
855,0.033515,104.244.42.0-255,66,181535,64,181601
856,0.033614,104.244.42.0-255,66,181601,64,181601
857,0.0,74.125.68.0-255,153,153,64,196476
858,1.5e-05,172.31.40.0-255,66,219,64,196476
859,2.2e-05,74.125.68.0-255,1484,1703,64,196476
860,2.7e-05,172.31.40.0-255,66,1769,64,196476
861,3.3e-05,74.125.68.0-255,2902,4671,64,196476
862,4.5e-05,172.31.40.0-255,66,4737,64,196476
863,5.3e-05,74.125.68.0-255,7156,11893,64,196476
864,5.7e-05,172.31.40.0-255,66,11959,64,196476
865,6.1e-05,74.125.68.0-255,2098,14057,64,196476
866,6.3e-05,172.31.40.0-255,66,14123,64,196476
867,0.000716,74.125.68.0-255,1484,15607,64,196476
868,0.000723,172.31.40.0-255,66,15673,64,196476
869,0.000733,74.125.68.0-255,2902,18575,64,196476
870,0.000735,172.31.40.0-255,66,18641,64,196476
871,0.000749,74.125.68.0-255,5738,24379,64,196476
872,0.000751,172.31.40.0-255,66,24445,64,196476
873,0.000789,74.125.68.0-255,6797,31242,64,196476
874,0.000793,172.31.40.0-255,66,31308,64,196476
875,0.000818,74.125.68.0-255,2902,34210,64,196476
876,0.00082,172.31.40.0-255,66,34276,64,196476
877,0.000849,74.125.68.0-255,4320,38596,64,196476
878,0.000852,172.31.40.0-255,66,38662,64,196476
879,0.000855,74.125.68.0-255,1484,40146,64,196476
880,0.000858,172.31.40.0-255,66,40212,64,196476
881,0.000893,74.125.68.0-255,7156,47368,64,196476
882,0.000897,172.31.40.0-255,66,47434,64,196476
883,0.000899,74.125.68.0-255,1125,48559,64,196476
884,0.000901,172.31.40.0-255,66,48625,64,196476
885,0.000929,74.125.68.0-255,1484,50109,64,196476
886,0.000931,172.31.40.0-255,66,50175,64,196476
887,0.000937,74.125.68.0-255,2902,53077,64,196476
888,0.000939,172.31.40.0-255,66,53143,64,196476
889,0.000971,74.125.68.0-255,5738,58881,64,196476
890,0.000973,172.31.40.0-255,66,58947,64,196476
891,0.000979,74.125.68.0-255,4320,63267,64,196476
892,0.000982,172.31.40.0-255,66,63333,64,196476
893,0.001036,74.125.68.0-255,2543,65876,64,196476
894,0.001039,172.31.40.0-255,66,65942,64,196476
895,0.001827,74.125.68.0-255,645,66587,64,196476
896,0.001896,74.125.68.0-255,1484,68071,64,196476
897,0.001901,172.31.40.0-255,66,68137,64,196476
898,0.001923,74.125.68.0-255,2902,71039,64,196476
899,0.001926,172.31.40.0-255,66,71105,64,196476
900,0.00193,74.125.68.0-255,2902,74007,64,196476
901,0.001932,172.31.40.0-255,66,74073,64,196476
902,0.001937,74.125.68.0-255,2902,76975,64,196476
903,0.00194,172.31.40.0-255,66,77041,64,196476
904,0.001966,74.125.68.0-255,1484,78525,64,196476
905,0.001981,74.125.68.0-255,7156,85681,64,196476
906,0.001983,172.31.40.0-255,66,85747,64,196476
907,0.002023,74.125.68.0-255,1484,87231,64,196476
908,0.00203,74.125.68.0-255,5738,92969,64,196476
909,0.002033,172.31.40.0-255,66,93035,64,196476
910,0.00204,74.125.68.0-255,7156,100191,64,196476
911,0.002043,172.31.40.0-255,66,100257,64,196476
912,0.002069,74.125.68.0-255,766,101023,64,196476
913,0.004385,74.125.68.0-255,4320,105343,64,196476
914,0.004393,172.31.40.0-255,66,105409,64,196476
915,0.006731,74.125.68.0-255,5738,111147,64,196476
916,0.006737,172.31.40.0-255,66,111213,64,196476
917,0.009081,74.125.68.0-255,5738,116951,64,196476
918,0.009089,172.31.40.0-255,66,117017,64,196476
919,0.011459,74.125.68.0-255,5738,122755,64,196476
920,0.011468,172.31.40.0-255,66,122821,64,196476
921,0.013816,74.125.68.0-255,5738,128559,64,196476
922,0.013826,172.31.40.0-255,66,128625,64,196476
923,0.016159,74.125.68.0-255,5738,134363,64,196476
924,0.016167,172.31.40.0-255,66,134429,64,196476
925,0.018507,74.125.68.0-255,5738,140167,64,196476
926,0.018514,172.31.40.0-255,66,140233,64,196476
927,0.020856,74.125.68.0-255,5738,145971,64,196476
928,0.020862,172.31.40.0-255,66,146037,64,196476
929,0.023199,74.125.68.0-255,5738,151775,64,196476
930,0.023207,172.31.40.0-255,66,151841,64,196476
931,0.023605,172.31.40.0-255,193,152034,64,196476
932,0.023638,172.31.40.0-255,1110,153144,64,196476
933,0.023697,172.31.40.0-255,1514,154658,64,196476
934,0.023699,172.31.40.0-255,1514,156172,64,196476
935,0.023724,172.31.40.0-255,698,156870,64,196476
936,0.025153,104.244.42.0-255,66,156936,64,196476
937,0.025192,104.244.42.0-255,66,157002,64,196476
938,0.025246,104.244.42.0-255,66,157068,64,196476
939,0.02525,104.244.42.0-255,66,157134,64,196476
940,0.025608,74.125.68.0-255,5738,162872,64,196476
941,0.025615,172.31.40.0-255,66,162938,64,196476
942,0.027961,74.125.68.0-255,5738,168676,64,196476
943,0.027967,172.31.40.0-255,66,168742,64,196476
944,0.030302,74.125.68.0-255,1484,170226,64,196476
945,0.030323,74.125.68.0-255,4320,174546,64,196476
946,0.030328,172.31.40.0-255,66,174612,64,196476
947,0.032683,74.125.68.0-255,4320,178932,64,196476
948,0.03269,172.31.40.0-255,66,178998,64,196476
949,0.032717,74.125.68.0-255,1484,180482,64,196476
950,0.035041,74.125.68.0-255,4320,184802,64,196476
951,0.035053,172.31.40.0-255,66,184868,64,196476
952,0.03741,74.125.68.0-255,5738,190606,64,196476
953,0.037417,172.31.40.0-255,66,190672,64,196476
954,0.03978,74.125.68.0-255,5738,196410,64,196476
955,0.039787,172.31.40.0-255,66,196476,64,196476
956,0.0,74.125.68.0-255,147,147,64,248560
957,1.6e-05,172.31.40.0-255,66,213,64,248560
958,5.7e-05,74.125.68.0-255,1484,1697,64,248560
959,6.1e-05,172.31.40.0-255,66,1763,64,248560
960,6.7e-05,74.125.68.0-255,2902,4665,64,248560
961,7e-05,172.31.40.0-255,66,4731,64,248560
962,8.8e-05,74.125.68.0-255,4320,9051,64,248560
963,9.1e-05,172.31.40.0-255,66,9117,64,248560
964,0.000111,74.125.68.0-255,2902,12019,64,248560
965,0.000113,172.31.40.0-255,66,12085,64,248560
966,0.000127,74.125.68.0-255,2165,14250,64,248560
967,0.00013,172.31.40.0-255,66,14316,64,248560
968,0.00019,74.125.68.0-255,1484,15800,64,248560
969,0.000193,172.31.40.0-255,66,15866,64,248560
970,0.000198,74.125.68.0-255,2902,18768,64,248560
971,0.0002,172.31.40.0-255,66,18834,64,248560
972,0.000231,74.125.68.0-255,5738,24572,64,248560
973,0.000233,172.31.40.0-255,66,24638,64,248560
974,0.000239,74.125.68.0-255,4320,28958,64,248560
975,0.000242,172.31.40.0-255,66,29024,64,248560
976,0.000269,74.125.68.0-255,1484,30508,64,248560
977,0.000272,172.31.40.0-255,66,30574,64,248560
978,0.000297,74.125.68.0-255,3961,34535,64,248560
979,0.0003,172.31.40.0-255,66,34601,64,248560
980,0.000304,74.125.68.0-255,2902,37503,64,248560
981,0.000306,172.31.40.0-255,66,37569,64,248560
982,0.000319,74.125.68.0-255,4320,41889,64,248560
983,0.000322,172.31.40.0-255,66,41955,64,248560
984,0.000351,74.125.68.0-255,5738,47693,64,248560
985,0.000353,172.31.40.0-255,66,47759,64,248560
986,0.000356,74.125.68.0-255,1125,48884,64,248560
987,0.000358,172.31.40.0-255,66,48950,64,248560
988,0.000412,74.125.68.0-255,1484,50434,64,248560
989,0.000416,74.125.68.0-255,1484,51918,64,248560
990,0.000419,172.31.40.0-255,66,51984,64,248560
991,0.000437,74.125.68.0-255,1484,53468,64,248560
992,0.000441,74.125.68.0-255,2902,56370,64,248560
993,0.000443,172.31.40.0-255,66,56436,64,248560
994,0.000449,74.125.68.0-255,4320,60756,64,248560
995,0.000451,172.31.40.0-255,66,60822,64,248560
996,0.000495,74.125.68.0-255,5379,66201,64,248560
997,0.000498,172.31.40.0-255,66,66267,64,248560
998,0.000572,74.125.68.0-255,363,66630,64,248560
999,0.000709,74.125.68.0-255,380,67010,64,248560
1000,0.000915,74.125.68.0-255,1484,68494,64,248560
1001,0.00092,172.31.40.0-255,66,68560,64,248560
1002,0.000937,74.125.68.0-255,2902,71462,64,248560
1003,0.000939,172.31.40.0-255,66,71528,64,248560
1004,0.000943,74.125.68.0-255,1484,73012,64,248560
1005,0.000966,74.125.68.0-255,2902,75914,64,248560
1006,0.000969,172.31.40.0-255,66,75980,64,248560
1007,0.000974,74.125.68.0-255,2902,78882,64,248560
1008,0.000976,172.31.40.0-255,66,78948,64,248560
1009,0.000989,74.125.68.0-255,2902,81850,64,248560
1010,0.000991,172.31.40.0-255,66,81916,64,248560
1011,0.000994,74.125.68.0-255,1484,83400,64,248560
1012,0.001023,74.125.68.0-255,2543,85943,64,248560
1013,0.001026,172.31.40.0-255,66,86009,64,248560
1014,0.001043,74.125.68.0-255,2902,88911,64,248560
1015,0.001046,172.31.40.0-255,66,88977,64,248560
1016,0.001074,74.125.68.0-255,4320,93297,64,248560
1017,0.001077,172.31.40.0-255,66,93363,64,248560
1018,0.001097,74.125.68.0-255,2902,96265,64,248560
1019,0.001101,172.31.40.0-255,66,96331,64,248560
1020,0.001121,74.125.68.0-255,5379,101710,64,248560
1021,0.001123,172.31.40.0-255,66,101776,64,248560
1022,0.001749,74.125.68.0-255,1484,103260,64,248560
1023,0.00176,74.125.68.0-255,2902,106162,64,248560
1024,0.001764,172.31.40.0-255,66,106228,64,248560
1025,0.001786,74.125.68.0-255,4320,110548,64,248560
1026,0.001788,172.31.40.0-255,66,110614,64,248560
1027,0.001808,74.125.68.0-255,1484,112098,64,248560
1028,0.001811,74.125.68.0-255,1484,113582,64,248560
1029,0.001813,172.31.40.0-255,66,113648,64,248560
1030,0.001831,74.125.68.0-255,2902,116550,64,248560
1031,0.001834,172.31.40.0-255,66,116616,64,248560
1032,0.001839,74.125.68.0-255,2902,119518,64,248560
1033,0.001841,172.31.40.0-255,66,119584,64,248560
1034,0.001857,74.125.68.0-255,2902,122486,64,248560
1035,0.001859,172.31.40.0-255,66,122552,64,248560
1036,0.001862,74.125.68.0-255,1484,124036,64,248560
1037,0.001883,74.125.68.0-255,2902,126938,64,248560
1038,0.001885,172.31.40.0-255,66,127004,64,248560
1039,0.001903,74.125.68.0-255,5738,132742,64,248560
1040,0.001905,172.31.40.0-255,66,132808,64,248560
1041,0.001928,74.125.68.0-255,1484,134292,64,248560
1042,0.001933,74.125.68.0-255,2184,136476,64,248560
1043,0.001935,172.31.40.0-255,66,136542,64,248560
1044,0.00205,74.125.68.0-255,1484,138026,64,248560
1045,0.002054,74.125.68.0-255,1484,139510,64,248560
1046,0.002057,172.31.40.0-255,66,139576,64,248560
1047,0.003944,74.125.68.0-255,2902,142478,64,248560
1048,0.003951,172.31.40.0-255,66,142544,64,248560
1049,0.004076,74.125.68.0-255,2902,145446,64,248560
1050,0.004078,172.31.40.0-255,66,145512,64,248560
1051,0.005979,74.125.68.0-255,2902,148414,64,248560
1052,0.005985,172.31.40.0-255,66,148480,64,248560
1053,0.006101,74.125.68.0-255,2902,151382,64,248560
1054,0.006106,172.31.40.0-255,66,151448,64,248560
1055,0.008117,74.125.68.0-255,2902,154350,64,248560
1056,0.008123,172.31.40.0-255,66,154416,64,248560
1057,0.008215,74.125.68.0-255,2902,157318,64,248560
1058,0.008219,172.31.40.0-255,66,157384,64,248560
1059,0.010163,74.125.68.0-255,2902,160286,64,248560
1060,0.01017,172.31.40.0-255,66,160352,64,248560
1061,0.010249,74.125.68.0-255,2902,163254,64,248560
1062,0.010253,172.31.40.0-255,66,163320,64,248560
1063,0.012204,74.125.68.0-255,2902,166222,64,248560
1064,0.012211,172.31.40.0-255,66,166288,64,248560
1065,0.01227,74.125.68.0-255,2902,169190,64,248560
1066,0.012274,172.31.40.0-255,66,169256,64,248560
1067,0.014242,74.125.68.0-255,2902,172158,64,248560
1068,0.014249,172.31.40.0-255,66,172224,64,248560
1069,0.014293,74.125.68.0-255,2902,175126,64,248560
1070,0.014296,172.31.40.0-255,66,175192,64,248560
1071,0.016289,74.125.68.0-255,2902,178094,64,248560
1072,0.016296,172.31.40.0-255,66,178160,64,248560
1073,0.016319,74.125.68.0-255,2902,181062,64,248560
1074,0.016321,172.31.40.0-255,66,181128,64,248560
1075,0.018324,74.125.68.0-255,2902,184030,64,248560
1076,0.018331,172.31.40.0-255,66,184096,64,248560
1077,0.018368,74.125.68.0-255,2902,186998,64,248560
1078,0.01837,172.31.40.0-255,66,187064,64,248560
1079,0.020363,74.125.68.0-255,2902,189966,64,248560
1080,0.02037,172.31.40.0-255,66,190032,64,248560
1081,0.02039,74.125.68.0-255,2902,192934,64,248560
1082,0.020392,172.31.40.0-255,66,193000,64,248560
1083,0.022397,74.125.68.0-255,5738,198738,64,248560
1084,0.022404,172.31.40.0-255,66,198804,64,248560
1085,0.024425,74.125.68.0-255,5738,204542,64,248560
1086,0.024431,172.31.40.0-255,66,204608,64,248560
1087,0.025241,172.31.40.0-255,167,204775,64,248560
1088,0.025373,172.31.40.0-255,1107,205882,64,248560
1089,0.025435,172.31.40.0-255,1514,207396,64,248560
1090,0.025437,172.31.40.0-255,338,207734,64,248560
1091,0.026478,74.125.68.0-255,5738,213472,64,248560
1092,0.026484,172.31.40.0-255,66,213538,64,248560
1093,0.026815,104.244.42.0-255,66,213604,64,248560
1094,0.026975,104.244.42.0-255,66,213670,64,248560
1095,0.026979,104.244.42.0-255,66,213736,64,248560
1096,0.028525,74.125.68.0-255,5738,219474,64,248560
1097,0.028533,172.31.40.0-255,66,219540,64,248560
1098,0.030583,74.125.68.0-255,5738,225278,64,248560
1099,0.030593,172.31.40.0-255,66,225344,64,248560
1100,0.032631,74.125.68.0-255,5738,231082,64,248560
1101,0.032637,172.31.40.0-255,66,231148,64,248560
1102,0.034673,74.125.68.0-255,5738,236886,64,248560
1103,0.03468,172.31.40.0-255,66,236952,64,248560
1104,0.036739,74.125.68.0-255,5738,242690,64,248560
1105,0.036745,172.31.40.0-255,66,242756,64,248560
1106,0.038822,74.125.68.0-255,5738,248494,64,248560
1107,0.038828,172.31.40.0-255,66,248560,64,248560
1108,0.0,74.125.68.0-255,152,152,64,293297
1109,2.2e-05,172.31.40.0-255,66,218,64,293297
1110,3e-05,74.125.68.0-255,1484,1702,64,293297
1111,3.4e-05,172.31.40.0-255,66,1768,64,293297
1112,3.9e-05,74.125.68.0-255,2902,4670,64,293297
1113,4.2e-05,172.31.40.0-255,66,4736,64,293297
1114,7.4e-05,74.125.68.0-255,7156,11892,64,293297
1115,7.8e-05,172.31.40.0-255,66,11958,64,293297
1116,8.1e-05,74.125.68.0-255,2139,14097,64,293297
1117,8.3e-05,172.31.40.0-255,66,14163,64,293297
1118,8.8e-05,74.125.68.0-255,2902,17065,64,293297
1119,9e-05,172.31.40.0-255,66,17131,64,293297
1120,0.000115,74.125.68.0-255,7156,24287,64,293297
1121,0.000117,172.31.40.0-255,66,24353,64,293297
1122,0.00012,74.125.68.0-255,1484,25837,64,293297
1123,0.000122,172.31.40.0-255,66,25903,64,293297
1124,0.000171,74.125.68.0-255,5379,31282,64,293297
1125,0.000174,172.31.40.0-255,66,31348,64,293297
1126,0.000262,74.125.68.0-255,1484,32832,64,293297
1127,0.000266,172.31.40.0-255,66,32898,64,293297
1128,0.000271,74.125.68.0-255,2902,35800,64,293297
1129,0.000274,172.31.40.0-255,66,35866,64,293297
1130,0.000306,74.125.68.0-255,5738,41604,64,293297
1131,0.000309,172.31.40.0-255,66,41670,64,293297
1132,0.000331,74.125.68.0-255,6797,48467,64,293297
1133,0.000334,172.31.40.0-255,66,48533,64,293297
1134,0.000337,74.125.68.0-255,1484,50017,64,293297
1135,0.000338,172.31.40.0-255,66,50083,64,293297
1136,0.000369,74.125.68.0-255,5738,55821,64,293297
1137,0.000372,172.31.40.0-255,66,55887,64,293297
1138,0.000384,172.31.40.0-255,66,55953,64,293297
1139,0.000401,74.125.68.0-255,386,56339,64,293297
1140,0.000544,74.125.68.0-255,1484,57823,64,293297
1141,0.000549,172.31.40.0-255,66,57889,64,293297
1142,0.000553,74.125.68.0-255,1484,59373,64,293297
1143,0.000571,74.125.68.0-255,1484,60857,64,293297
1144,0.000574,172.31.40.0-255,66,60923,64,293297
1145,0.000578,74.125.68.0-255,2902,63825,64,293297
1146,0.00058,172.31.40.0-255,66,63891,64,293297
1147,0.000583,74.125.68.0-255,1484,65375,64,293297
1148,0.000605,74.125.68.0-255,2902,68277,64,293297
1149,0.000631,172.31.40.0-255,66,68343,64,293297
1150,0.000642,74.125.68.0-255,5738,74081,64,293297
1151,0.000645,172.31.40.0-255,66,74147,64,293297
1152,0.000653,74.125.68.0-255,1484,75631,64,293297
1153,0.000668,74.125.68.0-255,5738,81369,64,293297
1154,0.00067,172.31.40.0-255,66,81435,64,293297
1155,0.000673,74.125.68.0-255,1484,82919,64,293297
1156,0.000716,74.125.68.0-255,1484,84403,64,293297
1157,0.000719,172.31.40.0-255,66,84469,64,293297
1158,0.000746,172.31.40.0-255,66,84535,64,293297
1159,0.000751,74.125.68.0-255,4320,88855,64,293297
1160,0.000754,172.31.40.0-255,66,88921,64,293297
1161,0.000792,74.125.68.0-255,4320,93241,64,293297
1162,0.000795,172.31.40.0-255,66,93307,64,293297
1163,0.000812,74.125.68.0-255,5379,98686,64,293297
1164,0.000815,172.31.40.0-255,66,98752,64,293297
1165,0.000839,74.125.68.0-255,1484,100236,64,293297
1166,0.000842,74.125.68.0-255,1484,101720,64,293297
1167,0.000854,74.125.68.0-255,1484,103204,64,293297
1168,0.000858,74.125.68.0-255,2902,106106,64,293297
1169,0.000868,172.31.40.0-255,66,106172,64,293297
1170,0.000885,74.125.68.0-255,2902,109074,64,293297
1171,0.000892,74.125.68.0-255,5738,114812,64,293297
1172,0.000903,172.31.40.0-255,66,114878,64,293297
1173,0.000928,74.125.68.0-255,1125,116003,64,293297
1174,0.000956,74.125.68.0-255,1484,117487,64,293297
1175,0.000964,172.31.40.0-255,66,117553,64,293297
1176,0.000974,74.125.68.0-255,4320,121873,64,293297
1177,0.00098,172.31.40.0-255,66,121939,64,293297
1178,0.000998,74.125.68.0-255,2902,124841,64,293297
1179,0.001016,74.125.68.0-255,4320,129161,64,293297
1180,0.001023,172.31.40.0-255,66,129227,64,293297
1181,0.001059,172.31.40.0-255,66,129293,64,293297
1182,0.001085,74.125.68.0-255,2184,131477,64,293297
1183,0.001094,172.31.40.0-255,66,131543,64,293297
1184,0.0012,74.125.68.0-255,1484,133027,64,293297
1185,0.001205,74.125.68.0-255,2902,135929,64,293297
1186,0.001208,172.31.40.0-255,66,135995,64,293297
1187,0.001229,74.125.68.0-255,4320,140315,64,293297
1188,0.001242,74.125.68.0-255,1484,141799,64,293297
1189,0.001247,74.125.68.0-255,4320,146119,64,293297
1190,0.00125,74.125.68.0-255,2902,149021,64,293297
1191,0.001255,172.31.40.0-255,66,149087,64,293297
1192,0.001264,74.125.68.0-255,2902,151989,64,293297
1193,0.001276,74.125.68.0-255,1484,153473,64,293297
1194,0.001292,172.31.40.0-255,66,153539,64,293297
1195,0.001314,74.125.68.0-255,2184,155723,64,293297
1196,0.00133,172.31.40.0-255,66,155789,64,293297
1197,0.001348,74.125.68.0-255,2902,158691,64,293297
1198,0.001382,172.31.40.0-255,66,158757,64,293297
1199,0.001402,172.31.40.0-255,66,158823,64,293297
1200,0.001413,74.125.68.0-255,5738,164561,64,293297
1201,0.001415,74.125.68.0-255,766,165327,64,293297
1202,0.001437,172.31.40.0-255,66,165393,64,293297
1203,0.001455,74.125.68.0-255,2902,168295,64,293297
1204,0.001461,172.31.40.0-255,66,168361,64,293297
1205,0.001563,172.31.40.0-255,66,168427,64,293297
1206,0.001579,74.125.68.0-255,6438,174865,64,293297
1207,0.001581,74.125.68.0-255,1484,176349,64,293297
1208,0.001585,74.125.68.0-255,2902,179251,64,293297
1209,0.001591,74.125.68.0-255,5738,184989,64,293297
1210,0.001611,172.31.40.0-255,66,185055,64,293297
1211,0.001622,74.125.68.0-255,5738,190793,64,293297
1212,0.001633,172.31.40.0-255,66,190859,64,293297
1213,0.001662,74.125.68.0-255,2902,193761,64,293297
1214,0.001678,172.31.40.0-255,66,193827,64,293297
1215,0.001689,74.125.68.0-255,4320,198147,64,293297
1216,0.001691,74.125.68.0-255,1484,199631,64,293297
1217,0.001701,172.31.40.0-255,66,199697,64,293297
1218,0.001712,74.125.68.0-255,4320,204017,64,293297
1219,0.001736,74.125.68.0-255,5020,209037,64,293297
1220,0.001739,172.31.40.0-255,66,209103,64,293297
1221,0.001744,172.31.40.0-255,66,209169,64,293297
1222,0.001751,74.125.68.0-255,1484,210653,64,293297
1223,0.001773,74.125.68.0-255,2902,213555,64,293297
1224,0.0018,74.125.68.0-255,5738,219293,64,293297
1225,0.00181,172.31.40.0-255,66,219359,64,293297
1226,0.001828,172.31.40.0-255,66,219425,64,293297
1227,0.001835,74.125.68.0-255,5738,225163,64,293297
1228,0.00185,74.125.68.0-255,5738,230901,64,293297
1229,0.001854,74.125.68.0-255,2184,233085,64,293297
1230,0.001873,172.31.40.0-255,66,233151,64,293297
1231,0.001913,74.125.68.0-255,1484,234635,64,293297
1232,0.001917,74.125.68.0-255,1484,236119,64,293297
1233,0.001929,172.31.40.0-255,66,236185,64,293297
1234,0.001937,74.125.68.0-255,1484,237669,64,293297
1235,0.001942,74.125.68.0-255,4320,241989,64,293297
1236,0.001947,172.31.40.0-255,66,242055,64,293297
1237,0.001957,74.125.68.0-255,1484,243539,64,293297
1238,0.001961,74.125.68.0-255,2902,246441,64,293297
1239,0.001967,74.125.68.0-255,4320,250761,64,293297
1240,0.001986,172.31.40.0-255,66,250827,64,293297
1241,0.002004,74.125.68.0-255,1484,252311,64,293297
1242,0.002021,74.125.68.0-255,6438,258749,64,293297
1243,0.002039,172.31.40.0-255,66,258815,64,293297
1244,0.002067,74.125.68.0-255,1484,260299,64,293297
1245,0.002072,74.125.68.0-255,2902,263201,64,293297
1246,0.002081,172.31.40.0-255,66,263267,64,293297
1247,0.0021,74.125.68.0-255,5738,269005,64,293297
1248,0.002105,74.125.68.0-255,4320,273325,64,293297
1249,0.00212,74.125.68.0-255,2902,276227,64,293297
1250,0.002123,74.125.68.0-255,1484,277711,64,293297
1251,0.00213,172.31.40.0-255,66,277777,64,293297
1252,0.002142,74.125.68.0-255,5738,283515,64,293297
1253,0.002161,74.125.68.0-255,1484,284999,64,293297
1254,0.002181,172.31.40.0-255,66,285065,64,293297
1255,0.002218,74.125.68.0-255,4500,289565,64,293297
1256,0.00224,172.31.40.0-255,66,289631,64,293297
1257,0.002279,74.125.68.0-255,105,289736,64,293297
1258,0.004793,172.31.40.0-255,66,289802,64,293297
1259,0.004829,172.31.40.0-255,105,289907,64,293297
1260,0.007108,74.125.68.0-255,66,289973,64,293297
1261,0.038164,172.31.40.0-255,167,290140,64,293297
1262,0.038199,172.31.40.0-255,1107,291247,64,293297
1263,0.038262,172.31.40.0-255,1514,292761,64,293297
1264,0.038263,172.31.40.0-255,338,293099,64,293297
1265,0.039754,104.244.42.0-255,66,293165,64,293297
1266,0.039792,104.244.42.0-255,66,293231,64,293297
1267,0.039838,104.244.42.0-255,66,293297,64,293297
1268,0.0,172.217.194.0-255,153,153,64,79838
1269,2.3e-05,172.31.40.0-255,66,219,64,79838
1270,3.1e-05,172.217.194.0-255,1484,1703,64,79838
1271,3.5e-05,172.31.40.0-255,66,1769,64,79838
1272,4.1e-05,172.217.194.0-255,2902,4671,64,79838
1273,5.4e-05,172.31.40.0-255,66,4737,64,79838
1274,0.000118,172.217.194.0-255,7156,11893,64,79838
1275,0.000122,172.31.40.0-255,66,11959,64,79838
1276,0.000321,172.217.194.0-255,2135,14094,64,79838
1277,0.000325,172.31.40.0-255,66,14160,64,79838
1278,0.000384,172.217.194.0-255,2902,17062,64,79838
1279,0.000387,172.31.40.0-255,66,17128,64,79838
1280,0.000413,172.31.40.0-255,66,17194,64,79838
1281,0.000696,172.217.194.0-255,5379,22573,64,79838
1282,0.000701,172.31.40.0-255,66,22639,64,79838
1283,0.000845,172.217.194.0-255,4320,26959,64,79838
1284,0.00085,172.31.40.0-255,66,27025,64,79838
1285,0.000898,172.31.40.0-255,66,27091,64,79838
1286,0.001502,172.31.40.0-255,66,27157,64,79838
1287,0.001533,172.217.194.0-255,2846,30003,64,79838
1288,0.001536,172.31.40.0-255,66,30069,64,79838
1289,0.001819,172.31.40.0-255,66,30135,64,79838
1290,0.001857,172.31.40.0-255,66,30201,64,79838
1291,0.002751,172.31.40.0-255,66,30267,64,79838
1292,0.002808,172.31.40.0-255,66,30333,64,79838
1293,0.003703,172.217.194.0-255,7156,37489,64,79838
1294,0.004669,172.217.194.0-255,1484,38973,64,79838
1295,0.004711,172.217.194.0-255,2902,41875,64,79838
1296,0.004782,172.217.194.0-255,2902,44777,64,79838
1297,0.005494,172.31.40.0-255,66,44843,64,79838
1298,0.005765,172.217.194.0-255,7156,51999,64,79838
1299,0.005803,172.31.40.0-255,66,52065,64,79838
1300,0.005816,172.217.194.0-255,7156,59221,64,79838
1301,0.005837,172.31.40.0-255,66,59287,64,79838
1302,0.006635,172.217.194.0-255,7156,66443,64,79838
1303,0.00664,172.31.40.0-255,66,66509,64,79838
1304,0.006712,172.31.40.0-255,66,66575,64,79838
1305,0.007625,172.31.40.0-255,66,66641,64,79838
1306,0.008493,172.217.194.0-255,7156,73797,64,79838
1307,0.008544,172.217.194.0-255,2902,76699,64,79838
1308,0.009508,172.217.194.0-255,2902,79601,64,79838
1309,0.013557,172.31.40.0-255,66,79667,64,79838
1310,0.014838,172.31.40.0-255,105,79772,64,79838
1311,0.017107,172.217.194.0-255,66,79838,64,79838
1312,0.0,74.125.130.0-255,152,152,64,261470
1313,2.2e-05,172.31.40.0-255,66,218,64,261470
1314,3e-05,74.125.130.0-255,1484,1702,64,261470
1315,3.4e-05,172.31.40.0-255,66,1768,64,261470
1316,4e-05,74.125.130.0-255,2902,4670,64,261470
1317,4.3e-05,172.31.40.0-255,66,4736,64,261470
1318,4.9e-05,74.125.130.0-255,4320,9056,64,261470
1319,5.2e-05,172.31.40.0-255,66,9122,64,261470
1320,7.5e-05,74.125.130.0-255,1484,10606,64,261470
1321,7.8e-05,172.31.40.0-255,66,10672,64,261470
1322,0.000106,74.125.130.0-255,3445,14117,64,261470
1323,0.000109,172.31.40.0-255,66,14183,64,261470
1324,0.00022,74.125.130.0-255,1484,15667,64,261470
1325,0.000224,172.31.40.0-255,66,15733,64,261470
1326,0.00023,74.125.130.0-255,2902,18635,64,261470
1327,0.000232,172.31.40.0-255,66,18701,64,261470
1328,0.000267,74.125.130.0-255,5738,24439,64,261470
1329,0.000271,172.31.40.0-255,66,24505,64,261470
1330,0.000289,74.125.130.0-255,4320,28825,64,261470
1331,0.000292,172.31.40.0-255,66,28891,64,261470
1332,0.000326,74.125.130.0-255,1484,30375,64,261470
1333,0.000329,172.31.40.0-255,66,30441,64,261470
1334,0.000349,74.125.130.0-255,3961,34402,64,261470
1335,0.000352,172.31.40.0-255,66,34468,64,261470
1336,0.000358,74.125.130.0-255,5738,40206,64,261470
1337,0.00036,172.31.40.0-255,66,40272,64,261470
1338,0.000381,74.125.130.0-255,4320,44592,64,261470
1339,0.000384,172.31.40.0-255,66,44658,64,261470
1340,0.000406,74.125.130.0-255,3961,48619,64,261470
1341,0.000408,172.31.40.0-255,66,48685,64,261470
1342,0.000483,74.125.130.0-255,1484,50169,64,261470
1343,0.000486,172.31.40.0-255,66,50235,64,261470
1344,0.000492,74.125.130.0-255,2902,53137,64,261470
1345,0.000495,172.31.40.0-255,66,53203,64,261470
1346,0.000519,74.125.130.0-255,5738,58941,64,261470
1347,0.000522,172.31.40.0-255,66,59007,64,261470
1348,0.000541,74.125.130.0-255,5738,64745,64,261470
1349,0.000544,172.31.40.0-255,66,64811,64,261470
1350,0.000571,74.125.130.0-255,1125,65936,64,261470
1351,0.000919,74.125.130.0-255,343,66279,64,261470
1352,0.000961,74.125.130.0-255,120,66399,64,261470
1353,0.001087,172.31.40.0-255,66,66465,64,261470
1354,0.001141,74.125.130.0-255,1484,67949,64,261470
1355,0.001156,74.125.130.0-255,1484,69433,64,261470
1356,0.001159,172.31.40.0-255,66,69499,64,261470
1357,0.001178,74.125.130.0-255,1484,70983,64,261470
1358,0.001185,74.125.130.0-255,5738,76721,64,261470
1359,0.001187,172.31.40.0-255,66,76787,64,261470
1360,0.001191,74.125.130.0-255,2902,79689,64,261470
1361,0.001193,172.31.40.0-255,66,79755,64,261470
1362,0.001219,74.125.130.0-255,4320,84075,64,261470
1363,0.001222,172.31.40.0-255,66,84141,64,261470
1364,0.001237,74.125.130.0-255,5738,89879,64,261470
1365,0.00124,172.31.40.0-255,66,89945,64,261470
1366,0.001247,74.125.130.0-255,7156,97101,64,261470
1367,0.00125,172.31.40.0-255,66,97167,64,261470
1368,0.001287,74.125.130.0-255,3602,100769,64,261470
1369,0.00129,172.31.40.0-255,66,100835,64,261470
1370,0.001314,74.125.130.0-255,4320,105155,64,261470
1371,0.001317,172.31.40.0-255,66,105221,64,261470
1372,0.001344,172.31.40.0-255,66,105287,64,261470
1373,0.001359,74.125.130.0-255,1484,106771,64,261470
1374,0.001364,74.125.130.0-255,4320,111091,64,261470
1375,0.001366,172.31.40.0-255,66,111157,64,261470
1376,0.001401,74.125.130.0-255,5738,116895,64,261470
1377,0.001404,172.31.40.0-255,66,116961,64,261470
1378,0.001436,172.31.40.0-255,66,117027,64,261470
1379,0.001795,74.125.130.0-255,1484,118511,64,261470
1380,0.001811,74.125.130.0-255,2902,121413,64,261470
1381,0.001815,172.31.40.0-255,66,121479,64,261470
1382,0.00183,74.125.130.0-255,1484,122963,64,261470
1383,0.001847,74.125.130.0-255,4320,127283,64,261470
1384,0.001849,172.31.40.0-255,66,127349,64,261470
1385,0.001866,74.125.130.0-255,4320,131669,64,261470
1386,0.001868,172.31.40.0-255,66,131735,64,261470
1387,0.001897,74.125.130.0-255,5738,137473,64,261470
1388,0.0019,172.31.40.0-255,66,137539,64,261470
1389,0.001913,172.31.40.0-255,66,137605,64,261470
1390,0.001917,74.125.130.0-255,2184,139789,64,261470
1391,0.001919,172.31.40.0-255,66,139855,64,261470
1392,0.002139,74.125.130.0-255,1484,141339,64,261470
1393,0.002143,74.125.130.0-255,1484,142823,64,261470
1394,0.002147,172.31.40.0-255,66,142889,64,261470
1395,0.002174,74.125.130.0-255,1484,144373,64,261470
1396,0.002177,74.125.130.0-255,1484,145857,64,261470
1397,0.002179,172.31.40.0-255,66,145923,64,261470
1398,0.002185,74.125.130.0-255,2902,148825,64,261470
1399,0.002187,172.31.40.0-255,66,148891,64,261470
1400,0.002194,74.125.130.0-255,5738,154629,64,261470
1401,0.002196,172.31.40.0-255,66,154695,64,261470
1402,0.002223,172.31.40.0-255,66,154761,64,261470
1403,0.002241,74.125.130.0-255,2902,157663,64,261470
1404,0.002243,172.31.40.0-255,66,157729,64,261470
1405,0.002263,74.125.130.0-255,7156,164885,64,261470
1406,0.002265,172.31.40.0-255,66,164951,64,261470
1407,0.002268,74.125.130.0-255,766,165717,64,261470
1408,0.002615,172.31.40.0-255,66,165783,64,261470
1409,0.004535,74.125.130.0-255,4320,170103,64,261470
1410,0.004541,172.31.40.0-255,66,170169,64,261470
1411,0.004888,74.125.130.0-255,1484,171653,64,261470
1412,0.006815,74.125.130.0-255,4320,175973,64,261470
1413,0.00682,172.31.40.0-255,66,176039,64,261470
1414,0.009098,74.125.130.0-255,5738,181777,64,261470
1415,0.009109,172.31.40.0-255,66,181843,64,261470
1416,0.011398,74.125.130.0-255,5738,187581,64,261470
1417,0.011407,172.31.40.0-255,66,187647,64,261470
1418,0.013668,74.125.130.0-255,5738,193385,64,261470
1419,0.013675,172.31.40.0-255,66,193451,64,261470
1420,0.015948,74.125.130.0-255,5738,199189,64,261470
1421,0.015954,172.31.40.0-255,66,199255,64,261470
1422,0.018236,74.125.130.0-255,5738,204993,64,261470
1423,0.018246,172.31.40.0-255,66,205059,64,261470
1424,0.020527,74.125.130.0-255,5738,210797,64,261470
1425,0.020535,172.31.40.0-255,66,210863,64,261470
1426,0.022814,74.125.130.0-255,5738,216601,64,261470
1427,0.022822,172.31.40.0-255,66,216667,64,261470
1428,0.025094,74.125.130.0-255,5738,222405,64,261470
1429,0.025102,172.31.40.0-255,66,222471,64,261470
1430,0.027386,74.125.130.0-255,5738,228209,64,261470
1431,0.027394,172.31.40.0-255,66,228275,64,261470
1432,0.027479,172.31.40.0-255,171,228446,64,261470
1433,0.027508,172.31.40.0-255,1150,229596,64,261470
1434,0.027623,172.31.40.0-255,1514,231110,64,261470
1435,0.027626,172.31.40.0-255,1142,232252,64,261470
1436,0.029045,104.244.42.0-255,66,232318,64,261470
1437,0.029064,104.244.42.0-255,66,232384,64,261470
1438,0.029203,104.244.42.0-255,66,232450,64,261470
1439,0.029667,74.125.130.0-255,5738,238188,64,261470
1440,0.029673,172.31.40.0-255,66,238254,64,261470
1441,0.03196,74.125.130.0-255,5738,243992,64,261470
1442,0.031966,172.31.40.0-255,66,244058,64,261470
1443,0.034256,74.125.130.0-255,5738,249796,64,261470
1444,0.034262,172.31.40.0-255,66,249862,64,261470
1445,0.036534,74.125.130.0-255,5738,255600,64,261470
1446,0.036541,172.31.40.0-255,66,255666,64,261470
1447,0.038832,74.125.130.0-255,5738,261404,64,261470
1448,0.038838,172.31.40.0-255,66,261470,64,261470
1449,0.0,74.125.130.0-255,156,156,64,236344
1450,1.5e-05,172.31.40.0-255,66,222,64,236344
1451,2.2e-05,74.125.130.0-255,1484,1706,64,236344
1452,2.6e-05,172.31.40.0-255,66,1772,64,236344
1453,5.3e-05,74.125.130.0-255,2902,4674,64,236344
1454,5.6e-05,172.31.40.0-255,66,4740,64,236344
1455,8.6e-05,74.125.130.0-255,5738,10478,64,236344
1456,8.9e-05,172.31.40.0-255,66,10544,64,236344
1457,0.000109,74.125.130.0-255,3517,14061,64,236344
1458,0.000111,172.31.40.0-255,66,14127,64,236344
1459,0.000521,74.125.130.0-255,1484,15611,64,236344
1460,0.000527,172.31.40.0-255,66,15677,64,236344
1461,0.000531,74.125.130.0-255,2902,18579,64,236344
1462,0.000534,172.31.40.0-255,66,18645,64,236344
1463,0.000539,74.125.130.0-255,4320,22965,64,236344
1464,0.000542,172.31.40.0-255,66,23031,64,236344
1465,0.00056,74.125.130.0-255,1484,24515,64,236344
1466,0.000563,172.31.40.0-255,66,24581,64,236344
1467,0.000599,172.31.40.0-255,66,24647,64,236344
1468,0.000606,74.125.130.0-255,5738,30385,64,236344
1469,0.000608,172.31.40.0-255,66,30451,64,236344
1470,0.00064,172.31.40.0-255,66,30517,64,236344
1471,0.00065,172.31.40.0-255,66,30583,64,236344
1472,0.000667,74.125.130.0-255,3602,34185,64,236344
1473,0.000669,172.31.40.0-255,66,34251,64,236344
1474,0.000672,74.125.130.0-255,367,34618,64,236344
1475,0.000674,172.31.40.0-255,66,34684,64,236344
1476,0.000795,74.125.130.0-255,1484,36168,64,236344
1477,0.000798,172.31.40.0-255,66,36234,64,236344
1478,0.000803,74.125.130.0-255,2902,39136,64,236344
1479,0.000806,172.31.40.0-255,66,39202,64,236344
1480,0.000812,74.125.130.0-255,5738,44940,64,236344
1481,0.000814,172.31.40.0-255,66,45006,64,236344
1482,0.000827,172.31.40.0-255,66,45072,64,236344
1483,0.000854,74.125.130.0-255,4320,49392,64,236344
1484,0.000856,172.31.40.0-255,66,49458,64,236344
1485,0.000868,172.31.40.0-255,66,49524,64,236344
1486,0.000875,74.125.130.0-255,7156,56680,64,236344
1487,0.000878,172.31.40.0-255,66,56746,64,236344
1488,0.000892,74.125.130.0-255,2184,58930,64,236344
1489,0.000894,172.31.40.0-255,66,58996,64,236344
1490,0.000906,172.31.40.0-255,66,59062,64,236344
1491,0.000937,172.31.40.0-255,66,59128,64,236344
1492,0.000971,172.31.40.0-255,66,59194,64,236344
1493,0.001487,74.125.130.0-255,1484,60678,64,236344
1494,0.001495,74.125.130.0-255,2902,63580,64,236344
1495,0.001498,172.31.40.0-255,66,63646,64,236344
1496,0.001512,74.125.130.0-255,1484,65130,64,236344
1497,0.001541,74.125.130.0-255,4320,69450,64,236344
1498,0.001544,172.31.40.0-255,66,69516,64,236344
1499,0.001549,74.125.130.0-255,2902,72418,64,236344
1500,0.00155,172.31.40.0-255,66,72484,64,236344
1501,0.001566,74.125.130.0-255,4320,76804,64,236344
1502,0.001568,172.31.40.0-255,66,76870,64,236344
1503,0.001594,74.125.130.0-255,2902,79772,64,236344
1504,0.001597,172.31.40.0-255,66,79838,64,236344
1505,0.001604,74.125.130.0-255,5738,85576,64,236344
1506,0.001606,172.31.40.0-255,66,85642,64,236344
1507,0.001624,74.125.130.0-255,5738,91380,64,236344
1508,0.001627,172.31.40.0-255,66,91446,64,236344
1509,0.001632,74.125.130.0-255,2184,93630,64,236344
1510,0.001634,172.31.40.0-255,66,93696,64,236344
1511,0.001921,74.125.130.0-255,1484,95180,64,236344
1512,0.001928,74.125.130.0-255,2902,98082,64,236344
1513,0.001932,172.31.40.0-255,66,98148,64,236344
1514,0.001937,74.125.130.0-255,2902,101050,64,236344
1515,0.001939,172.31.40.0-255,66,101116,64,236344
1516,0.001954,74.125.130.0-255,2902,104018,64,236344
1517,0.001956,172.31.40.0-255,66,104084,64,236344
1518,0.001979,74.125.130.0-255,2902,106986,64,236344
1519,0.001981,172.31.40.0-255,66,107052,64,236344
1520,0.002012,172.31.40.0-255,66,107118,64,236344
1521,0.002019,74.125.130.0-255,5738,112856,64,236344
1522,0.002021,172.31.40.0-255,66,112922,64,236344
1523,0.002037,74.125.130.0-255,5020,117942,64,236344
1524,0.002043,74.125.130.0-255,5738,123680,64,236344
1525,0.002046,172.31.40.0-255,66,123746,64,236344
1526,0.002049,172.31.40.0-255,66,123812,64,236344
1527,0.002074,74.125.130.0-255,5738,129550,64,236344
1528,0.002086,74.125.130.0-255,2902,132452,64,236344
1529,0.002089,172.31.40.0-255,66,132518,64,236344
1530,0.002092,172.31.40.0-255,66,132584,64,236344
1531,0.002095,172.31.40.0-255,66,132650,64,236344
1532,0.002128,172.31.40.0-255,66,132716,64,236344
1533,0.004255,74.125.130.0-255,5738,138454,64,236344
1534,0.004262,172.31.40.0-255,66,138520,64,236344
1535,0.006399,74.125.130.0-255,2902,141422,64,236344
1536,0.006403,172.31.40.0-255,66,141488,64,236344
1537,0.006419,74.125.130.0-255,1484,142972,64,236344
1538,0.00643,74.125.130.0-255,1484,144456,64,236344
1539,0.006433,172.31.40.0-255,66,144522,64,236344
1540,0.008542,74.125.130.0-255,1484,146006,64,236344
1541,0.008563,74.125.130.0-255,4320,150326,64,236344
1542,0.008568,172.31.40.0-255,66,150392,64,236344
1543,0.010668,74.125.130.0-255,5738,156130,64,236344
1544,0.010674,172.31.40.0-255,66,156196,64,236344
1545,0.012772,74.125.130.0-255,5738,161934,64,236344
1546,0.012779,172.31.40.0-255,66,162000,64,236344
1547,0.014876,74.125.130.0-255,5738,167738,64,236344
1548,0.014883,172.31.40.0-255,66,167804,64,236344
1549,0.016991,74.125.130.0-255,5738,173542,64,236344
1550,0.017,172.31.40.0-255,66,173608,64,236344
1551,0.019106,74.125.130.0-255,4320,177928,64,236344
1552,0.019113,172.31.40.0-255,66,177994,64,236344
1553,0.019127,74.125.130.0-255,1484,179478,64,236344
1554,0.021199,74.125.130.0-255,4320,183798,64,236344
1555,0.021206,172.31.40.0-255,66,183864,64,236344
1556,0.02331,74.125.130.0-255,5738,189602,64,236344
1557,0.023318,172.31.40.0-255,66,189668,64,236344
1558,0.02342,172.31.40.0-255,101,189769,64,236344
1559,0.025432,74.125.130.0-255,5738,195507,64,236344
1560,0.025438,172.31.40.0-255,66,195573,64,236344
1561,0.025484,74.125.130.0-255,66,195639,64,236344
1562,0.027538,74.125.130.0-255,5738,201377,64,236344
1563,0.027545,172.31.40.0-255,66,201443,64,236344
1564,0.029633,74.125.130.0-255,5738,207181,64,236344
1565,0.02964,172.31.40.0-255,66,207247,64,236344
1566,0.031723,74.125.130.0-255,4320,211567,64,236344
1567,0.031729,172.31.40.0-255,66,211633,64,236344
1568,0.031749,74.125.130.0-255,1484,213117,64,236344
1569,0.033821,74.125.130.0-255,4320,217437,64,236344
1570,0.033828,172.31.40.0-255,66,217503,64,236344
1571,0.035803,172.31.40.0-255,172,217675,64,236344
1572,0.035836,172.31.40.0-255,1110,218785,64,236344
1573,0.035896,172.31.40.0-255,1514,220299,64,236344
1574,0.035898,172.31.40.0-255,1514,221813,64,236344
1575,0.035899,172.31.40.0-255,1514,223327,64,236344
1576,0.035901,172.31.40.0-255,1079,224406,64,236344
1577,0.035957,74.125.130.0-255,5738,230144,64,236344
1578,0.035961,172.31.40.0-255,66,230210,64,236344
1579,0.037332,104.244.42.0-255,66,230276,64,236344
1580,0.037429,104.244.42.0-255,66,230342,64,236344
1581,0.037469,104.244.42.0-255,66,230408,64,236344
1582,0.037472,104.244.42.0-255,66,230474,64,236344
1583,0.038051,74.125.130.0-255,4320,234794,64,236344
1584,0.038057,172.31.40.0-255,66,234860,64,236344
1585,0.038078,74.125.130.0-255,1484,236344,64,236344
1586,0.0,74.125.68.0-255,150,150,64,295743
1587,1.5e-05,172.31.40.0-255,66,216,64,295743
1588,2.2e-05,74.125.68.0-255,1484,1700,64,295743
1589,2.6e-05,172.31.40.0-255,66,1766,64,295743
1590,3.1e-05,74.125.68.0-255,1484,3250,64,295743
1591,4.1e-05,172.31.40.0-255,66,3316,64,295743
1592,7e-05,74.125.68.0-255,1484,4800,64,295743
1593,7.3e-05,172.31.40.0-255,66,4866,64,295743
1594,8e-05,74.125.68.0-255,4320,9186,64,295743
1595,8.2e-05,172.31.40.0-255,66,9252,64,295743
1596,0.000117,74.125.68.0-255,4872,14124,64,295743
1597,0.00012,172.31.40.0-255,66,14190,64,295743
1598,0.000255,74.125.68.0-255,1484,15674,64,295743
1599,0.00026,172.31.40.0-255,66,15740,64,295743
1600,0.000264,74.125.68.0-255,1484,17224,64,295743
1601,0.000266,172.31.40.0-255,66,17290,64,295743
1602,0.000298,74.125.68.0-255,1484,18774,64,295743
1603,0.000301,172.31.40.0-255,66,18840,64,295743
1604,0.000308,74.125.68.0-255,5738,24578,64,295743
1605,0.000313,172.31.40.0-255,66,24644,64,295743
1606,0.000317,74.125.68.0-255,2902,27546,64,295743
1607,0.00032,172.31.40.0-255,66,27612,64,295743
1608,0.000359,172.31.40.0-255,66,27678,64,295743
1609,0.000365,74.125.68.0-255,4320,31998,64,295743
1610,0.000367,172.31.40.0-255,66,32064,64,295743
1611,0.000413,172.31.40.0-255,66,32130,64,295743
1612,0.000434,74.125.68.0-255,5738,37868,64,295743
1613,0.000437,172.31.40.0-255,66,37934,64,295743
1614,0.000443,74.125.68.0-255,5020,42954,64,295743
1615,0.000445,172.31.40.0-255,66,43020,64,295743
1616,0.000608,74.125.68.0-255,417,43437,64,295743
1617,0.000811,74.125.68.0-255,1484,44921,64,295743
1618,0.000816,172.31.40.0-255,66,44987,64,295743
1619,0.000821,74.125.68.0-255,2902,47889,64,295743
1620,0.000823,172.31.40.0-255,66,47955,64,295743
1621,0.000855,74.125.68.0-255,5738,53693,64,295743
1622,0.000858,172.31.40.0-255,66,53759,64,295743
1623,0.000871,74.125.68.0-255,2902,56661,64,295743
1624,0.000877,172.31.40.0-255,66,56727,64,295743
1625,0.000907,74.125.68.0-255,4320,61047,64,295743
1626,0.00091,172.31.40.0-255,66,61113,64,295743
1627,0.000921,172.31.40.0-255,66,61179,64,295743
1628,0.000938,172.31.40.0-255,66,61245,64,295743
1629,0.000965,74.125.68.0-255,328,61573,64,295743
1630,0.001014,74.125.68.0-255,1484,63057,64,295743
1631,0.001018,172.31.40.0-255,66,63123,64,295743
1632,0.001021,74.125.68.0-255,1484,64607,64,295743
1633,0.001042,74.125.68.0-255,1484,66091,64,295743
1634,0.001045,172.31.40.0-255,66,66157,64,295743
1635,0.001049,74.125.68.0-255,2902,69059,64,295743
1636,0.001052,172.31.40.0-255,66,69125,64,295743
1637,0.001071,74.125.68.0-255,2902,72027,64,295743
1638,0.001073,172.31.40.0-255,66,72093,64,295743
1639,0.001085,74.125.68.0-255,7156,79249,64,295743
1640,0.001088,172.31.40.0-255,66,79315,64,295743
1641,0.001122,74.125.68.0-255,4320,83635,64,295743
1642,0.00114,74.125.68.0-255,4320,87955,64,295743
1643,0.001167,172.31.40.0-255,66,88021,64,295743
1644,0.001207,74.125.68.0-255,1484,89505,64,295743
1645,0.001223,74.125.68.0-255,2902,92407,64,295743
1646,0.001226,172.31.40.0-255,66,92473,64,295743
1647,0.00123,74.125.68.0-255,1484,93957,64,295743
1648,0.001254,74.125.68.0-255,4320,98277,64,295743
1649,0.00127,74.125.68.0-255,5738,104015,64,295743
1650,0.001275,172.31.40.0-255,66,104081,64,295743
1651,0.001314,74.125.68.0-255,7156,111237,64,295743
1652,0.001326,172.31.40.0-255,66,111303,64,295743
1653,0.001352,74.125.68.0-255,1484,112787,64,295743
1654,0.001367,74.125.68.0-255,4320,117107,64,295743
1655,0.001379,172.31.40.0-255,66,117173,64,295743
1656,0.001412,74.125.68.0-255,7156,124329,64,295743
1657,0.001431,74.125.68.0-255,5738,130067,64,295743
1658,0.001439,74.125.68.0-255,7156,137223,64,295743
1659,0.001445,74.125.68.0-255,6438,143661,64,295743
1660,0.001479,74.125.68.0-255,1484,145145,64,295743
1661,0.001484,74.125.68.0-255,2902,148047,64,295743
1662,0.001497,74.125.68.0-255,1484,149531,64,295743
1663,0.001512,74.125.68.0-255,4320,153851,64,295743
1664,0.001515,74.125.68.0-255,1484,155335,64,295743
1665,0.001533,74.125.68.0-255,5738,161073,64,295743
1666,0.001553,74.125.68.0-255,7156,168229,64,295743
1667,0.001563,74.125.68.0-255,1484,169713,64,295743
1668,0.001721,74.125.68.0-255,1484,171197,64,295743
1669,0.001737,74.125.68.0-255,2902,174099,64,295743
1670,0.001741,74.125.68.0-255,1484,175583,64,295743
1671,0.001759,74.125.68.0-255,4320,179903,64,295743
1672,0.001773,74.125.68.0-255,4320,184223,64,295743
1673,0.001794,74.125.68.0-255,5738,189961,64,295743
1674,0.001798,74.125.68.0-255,2902,192863,64,295743
1675,0.001843,74.125.68.0-255,2184,195047,64,295743
1676,0.001901,74.125.68.0-255,1484,196531,64,295743
1677,0.001915,74.125.68.0-255,2902,199433,64,295743
1678,0.001936,74.125.68.0-255,1484,200917,64,295743
1679,0.00194,74.125.68.0-255,2902,203819,64,295743
1680,0.001954,74.125.68.0-255,5738,209557,64,295743
1681,0.001983,74.125.68.0-255,7156,216713,64,295743
1682,0.001996,74.125.68.0-255,4320,221033,64,295743
1683,0.002045,74.125.68.0-255,7156,228189,64,295743
1684,0.002062,74.125.68.0-255,5020,233209,64,295743
1685,0.002121,74.125.68.0-255,4320,237529,64,295743
1686,0.002128,74.125.68.0-255,7156,244685,64,295743
1687,0.002141,74.125.68.0-255,6438,251123,64,295743
1688,0.002146,74.125.68.0-255,4320,255443,64,295743
1689,0.002163,74.125.68.0-255,2902,258345,64,295743
1690,0.002182,74.125.68.0-255,4320,262665,64,295743
1691,0.002199,74.125.68.0-255,5738,268403,64,295743
1692,0.002232,74.125.68.0-255,1484,269887,64,295743
1693,0.002235,74.125.68.0-255,1484,271371,64,295743
1694,0.002248,74.125.68.0-255,1484,272855,64,295743
1695,0.00225,74.125.68.0-255,1484,274339,64,295743
1696,0.002271,74.125.68.0-255,4320,278659,64,295743
1697,0.002274,74.125.68.0-255,1484,280143,64,295743
1698,0.00229,74.125.68.0-255,7156,287299,64,295743
1699,0.002323,74.125.68.0-255,1484,288783,64,295743
1700,0.002336,74.125.68.0-255,2265,291048,64,295743
1701,0.006415,172.31.40.0-255,66,291114,64,295743
1702,0.008781,74.125.68.0-255,105,291219,64,295743
1703,0.008927,172.31.40.0-255,66,291285,64,295743
1704,0.008963,172.31.40.0-255,105,291390,64,295743
1705,0.01129,74.125.68.0-255,66,291456,64,295743
1706,0.032038,172.31.40.0-255,167,291623,64,295743
1707,0.032075,172.31.40.0-255,1112,292735,64,295743
1708,0.032133,172.31.40.0-255,1514,294249,64,295743
1709,0.032135,172.31.40.0-255,1296,295545,64,295743
1710,0.033569,104.244.42.0-255,66,295611,64,295743
1711,0.033655,104.244.42.0-255,66,295677,64,295743
1712,0.033716,104.244.42.0-255,66,295743,64,295743
1713,0.0,74.125.24.0-255,152,152,64,179618
1714,1.6e-05,172.31.40.0-255,66,218,64,179618
1715,2.4e-05,74.125.24.0-255,1484,1702,64,179618
1716,2.8e-05,172.31.40.0-255,66,1768,64,179618
1717,3.4e-05,74.125.24.0-255,2902,4670,64,179618
1718,3.7e-05,172.31.40.0-255,66,4736,64,179618
1719,4.4e-05,74.125.24.0-255,5738,10474,64,179618
1720,5.5e-05,172.31.40.0-255,66,10540,64,179618
1721,7e-05,74.125.24.0-255,1484,12024,64,179618
1722,7.3e-05,172.31.40.0-255,66,12090,64,179618
1723,0.000103,74.125.24.0-255,2073,14163,64,179618
1724,0.000106,172.31.40.0-255,66,14229,64,179618
1725,0.000192,74.125.24.0-255,1484,15713,64,179618
1726,0.000197,172.31.40.0-255,66,15779,64,179618
1727,0.000202,74.125.24.0-255,2902,18681,64,179618
1728,0.000204,172.31.40.0-255,66,18747,64,179618
1729,0.000208,74.125.24.0-255,2902,21649,64,179618
1730,0.00021,172.31.40.0-255,66,21715,64,179618
1731,0.000239,74.125.24.0-255,2902,24617,64,179618
1732,0.000242,172.31.40.0-255,66,24683,64,179618
1733,0.000253,172.31.40.0-255,66,24749,64,179618
1734,0.000282,74.125.24.0-255,5379,30128,64,179618
1735,0.000285,172.31.40.0-255,66,30194,64,179618
1736,0.000318,74.125.24.0-255,4320,34514,64,179618
1737,0.00032,172.31.40.0-255,66,34580,64,179618
1738,0.000355,172.31.40.0-255,66,34646,64,179618
1739,0.000373,74.125.24.0-255,2184,36830,64,179618
1740,0.000375,172.31.40.0-255,66,36896,64,179618
1741,0.00047,74.125.24.0-255,428,37324,64,179618
1742,0.000474,172.31.40.0-255,66,37390,64,179618
1743,0.000544,74.125.24.0-255,1484,38874,64,179618
1744,0.000582,74.125.24.0-255,2902,41776,64,179618
1745,0.000597,172.31.40.0-255,66,41842,64,179618
1746,0.000627,74.125.24.0-255,1484,43326,64,179618
1747,0.000633,74.125.24.0-255,2902,46228,64,179618
1748,0.000639,74.125.24.0-255,5738,51966,64,179618
1749,0.000655,172.31.40.0-255,66,52032,64,179618
1750,0.000692,74.125.24.0-255,4320,56352,64,179618
1751,0.000705,172.31.40.0-255,66,56418,64,179618
1752,0.000771,172.31.40.0-255,66,56484,64,179618
1753,0.000782,74.125.24.0-255,5738,62222,64,179618
1754,0.000784,74.125.24.0-255,766,62988,64,179618
1755,0.000789,172.31.40.0-255,66,63054,64,179618
1756,0.000925,74.125.24.0-255,1484,64538,64,179618
1757,0.000937,74.125.24.0-255,1484,66022,64,179618
1758,0.000943,172.31.40.0-255,66,66088,64,179618
1759,0.000972,74.125.24.0-255,2902,68990,64,179618
1760,0.000979,74.125.24.0-255,5738,74728,64,179618
1761,0.000994,172.31.40.0-255,66,74794,64,179618
1762,0.001043,172.31.40.0-255,66,74860,64,179618
1763,0.001075,74.125.24.0-255,2902,77762,64,179618
1764,0.001096,74.125.24.0-255,7156,84918,64,179618
1765,0.001109,74.125.24.0-255,2184,87102,64,179618
1766,0.001118,172.31.40.0-255,66,87168,64,179618
1767,0.001189,74.125.24.0-255,1484,88652,64,179618
1768,0.001206,74.125.24.0-255,2902,91554,64,179618
1769,0.001214,172.31.40.0-255,66,91620,64,179618
1770,0.001245,74.125.24.0-255,5738,97358,64,179618
1771,0.001266,172.31.40.0-255,66,97424,64,179618
1772,0.001311,172.31.40.0-255,66,97490,64,179618
1773,0.001323,74.125.24.0-255,6438,103928,64,179618
1774,0.001333,172.31.40.0-255,66,103994,64,179618
1775,0.001504,74.125.24.0-255,1484,105478,64,179618
1776,0.001509,74.125.24.0-255,1484,106962,64,179618
1777,0.001523,74.125.24.0-255,1484,108446,64,179618
1778,0.00153,74.125.24.0-255,5738,114184,64,179618
1779,0.001538,172.31.40.0-255,66,114250,64,179618
1780,0.001572,74.125.24.0-255,1484,115734,64,179618
1781,0.001626,172.31.40.0-255,66,115800,64,179618
1782,0.001657,74.125.24.0-255,1484,117284,64,179618
1783,0.001661,74.125.24.0-255,1484,118768,64,179618
1784,0.001669,172.31.40.0-255,66,118834,64,179618
1785,0.001735,172.31.40.0-255,66,118900,64,179618
1786,0.00183,74.125.24.0-255,2902,121802,64,179618
1787,0.001842,172.31.40.0-255,66,121868,64,179618
1788,0.001872,172.31.40.0-255,66,121934,64,179618
1789,0.001941,74.125.24.0-255,5020,126954,64,179618
1790,0.001961,172.31.40.0-255,66,127020,64,179618
1791,0.002118,74.125.24.0-255,4320,131340,64,179618
1792,0.002159,74.125.24.0-255,4320,135660,64,179618
1793,0.002184,74.125.24.0-255,5020,140680,64,179618
1794,0.002285,74.125.24.0-255,2902,143582,64,179618
1795,0.0023,74.125.24.0-255,4320,147902,64,179618
1796,0.002534,172.31.40.0-255,66,147968,64,179618
1797,0.002617,74.125.24.0-255,2902,150870,64,179618
1798,0.002638,172.31.40.0-255,66,150936,64,179618
1799,0.002646,74.125.24.0-255,6438,157374,64,179618
1800,0.00266,172.31.40.0-255,66,157440,64,179618
1801,0.002702,172.31.40.0-255,66,157506,64,179618
1802,0.002725,74.125.24.0-255,7156,164662,64,179618
1803,0.002764,172.31.40.0-255,66,164728,64,179618
1804,0.002829,172.31.40.0-255,66,164794,64,179618
1805,0.003064,74.125.24.0-255,2902,167696,64,179618
1806,0.003082,74.125.24.0-255,7156,174852,64,179618
1807,0.003089,172.31.40.0-255,66,174918,64,179618
1808,0.003122,172.31.40.0-255,66,174984,64,179618
1809,0.00543,74.125.24.0-255,105,175089,64,179618
1810,0.010144,172.31.40.0-255,66,175155,64,179618
1811,0.010192,172.31.40.0-255,105,175260,64,179618
1812,0.012532,74.125.24.0-255,66,175326,64,179618
1813,0.030217,172.31.40.0-255,172,175498,64,179618
1814,0.030249,172.31.40.0-255,1112,176610,64,179618
1815,0.030305,172.31.40.0-255,1514,178124,64,179618
1816,0.030307,172.31.40.0-255,1296,179420,64,179618
1817,0.031894,104.244.42.0-255,66,179486,64,179618
1818,0.031987,104.244.42.0-255,66,179552,64,179618
1819,0.032008,104.244.42.0-255,66,179618,64,179618
1820,0.0,172.217.194.0-255,153,153,64,171938
1821,2.1e-05,172.31.40.0-255,66,219,64,171938
1822,2.7e-05,172.217.194.0-255,1484,1703,64,171938
1823,3.1e-05,172.31.40.0-255,66,1769,64,171938
1824,5.4e-05,172.217.194.0-255,1484,3253,64,171938
1825,5.7e-05,172.31.40.0-255,66,3319,64,171938
1826,6.6e-05,172.217.194.0-255,2902,6221,64,171938
1827,6.9e-05,172.31.40.0-255,66,6287,64,171938
1828,0.000107,172.217.194.0-255,5738,12025,64,171938
1829,0.000109,172.31.40.0-255,66,12091,64,171938
1830,0.000115,172.217.194.0-255,4320,16411,64,171938
1831,0.000117,172.31.40.0-255,66,16477,64,171938
1832,0.000158,172.31.40.0-255,66,16543,64,171938
1833,0.000165,172.217.194.0-255,5379,21922,64,171938
1834,0.000168,172.31.40.0-255,66,21988,64,171938
1835,0.000208,172.217.194.0-255,1484,23472,64,171938
1836,0.00021,172.31.40.0-255,66,23538,64,171938
1837,0.000215,172.217.194.0-255,2902,26440,64,171938
1838,0.000217,172.31.40.0-255,66,26506,64,171938
1839,0.000243,172.217.194.0-255,5738,32244,64,171938
1840,0.000245,172.31.40.0-255,66,32310,64,171938
1841,0.000276,172.217.194.0-255,6797,39107,64,171938
1842,0.000279,172.31.40.0-255,66,39173,64,171938
1843,0.000287,172.217.194.0-255,5738,44911,64,171938
1844,0.000289,172.31.40.0-255,66,44977,64,171938
1845,0.000315,172.217.194.0-255,1484,46461,64,171938
1846,0.000318,172.31.40.0-255,66,46527,64,171938
1847,0.000351,172.217.194.0-255,7156,53683,64,171938
1848,0.000354,172.31.40.0-255,66,53749,64,171938
1849,0.000378,172.217.194.0-255,2832,56581,64,171938
1850,0.000381,172.31.40.0-255,66,56647,64,171938
1851,0.000383,172.217.194.0-255,98,56745,64,171938
1852,0.001117,172.31.40.0-255,66,56811,64,171938
1853,0.001423,172.217.194.0-255,365,57176,64,171938
1854,0.001584,172.217.194.0-255,1484,58660,64,171938
1855,0.00159,172.31.40.0-255,66,58726,64,171938
1856,0.001596,172.217.194.0-255,2902,61628,64,171938
1857,0.001599,172.31.40.0-255,66,61694,64,171938
1858,0.00161,172.217.194.0-255,5738,67432,64,171938
1859,0.001613,172.31.40.0-255,66,67498,64,171938
1860,0.001654,172.31.40.0-255,66,67564,64,171938
1861,0.001657,172.217.194.0-255,1484,69048,64,171938
1862,0.001679,172.217.194.0-255,2902,71950,64,171938
1863,0.001681,172.31.40.0-255,66,72016,64,171938
1864,0.001705,172.217.194.0-255,6438,78454,64,171938
1865,0.001708,172.31.40.0-255,66,78520,64,171938
1866,0.004038,172.217.194.0-255,4320,82840,64,171938
1867,0.004045,172.31.40.0-255,66,82906,64,171938
1868,0.004069,172.217.194.0-255,1484,84390,64,171938
1869,0.006377,172.217.194.0-255,4320,88710,64,171938
1870,0.006384,172.31.40.0-255,66,88776,64,171938
1871,0.00874,172.217.194.0-255,5738,94514,64,171938
1872,0.008747,172.31.40.0-255,66,94580,64,171938
1873,0.011095,172.217.194.0-255,5738,100318,64,171938
1874,0.011104,172.31.40.0-255,66,100384,64,171938
1875,0.013432,172.217.194.0-255,5738,106122,64,171938
1876,0.013439,172.31.40.0-255,66,106188,64,171938
1877,0.015752,172.217.194.0-255,5738,111926,64,171938
1878,0.01576,172.31.40.0-255,66,111992,64,171938
1879,0.018104,172.217.194.0-255,5738,117730,64,171938
1880,0.018112,172.31.40.0-255,66,117796,64,171938
1881,0.020442,172.217.194.0-255,5738,123534,64,171938
1882,0.02045,172.31.40.0-255,66,123600,64,171938
1883,0.02273,172.31.40.0-255,167,123767,64,171938
1884,0.022757,172.31.40.0-255,1107,124874,64,171938
1885,0.022795,172.217.194.0-255,5738,130612,64,171938
1886,0.0228,172.31.40.0-255,66,130678,64,171938
1887,0.022838,172.31.40.0-255,1514,132192,64,171938
1888,0.022839,172.31.40.0-255,338,132530,64,171938
1889,0.024931,104.244.42.0-255,66,132596,64,171938
1890,0.025142,172.217.194.0-255,4320,136916,64,171938
1891,0.025146,172.31.40.0-255,66,136982,64,171938
1892,0.025172,172.217.194.0-255,1484,138466,64,171938
1893,0.02749,172.217.194.0-255,4320,142786,64,171938
1894,0.027497,172.31.40.0-255,66,142852,64,171938
1895,0.029821,172.217.194.0-255,5738,148590,64,171938
1896,0.029827,172.31.40.0-255,66,148656,64,171938
1897,0.032166,172.217.194.0-255,5738,154394,64,171938
1898,0.032173,172.31.40.0-255,66,154460,64,171938
1899,0.034514,172.217.194.0-255,5738,160198,64,171938
1900,0.034521,172.31.40.0-255,66,160264,64,171938
1901,0.03684,172.217.194.0-255,5738,166002,64,171938
1902,0.036846,172.31.40.0-255,66,166068,64,171938
1903,0.039183,172.217.194.0-255,4320,170388,64,171938
1904,0.039189,172.31.40.0-255,66,170454,64,171938
1905,0.039218,172.217.194.0-255,1484,171938,64,171938
1906,0.0,74.125.24.0-255,215,215,64,318101
1907,1.2e-05,172.31.40.0-255,66,281,64,318101
1908,3.4e-05,74.125.24.0-255,1484,1765,64,318101
1909,3.8e-05,172.31.40.0-255,66,1831,64,318101
1910,5.8e-05,74.125.24.0-255,1484,3315,64,318101
1911,6e-05,172.31.40.0-255,66,3381,64,318101
1912,0.000104,74.125.24.0-255,2902,6283,64,318101
1913,0.000109,172.31.40.0-255,66,6349,64,318101
1914,0.000113,74.125.24.0-255,2902,9251,64,318101
1915,0.000116,172.31.40.0-255,66,9317,64,318101
1916,0.000122,74.125.24.0-255,4320,13637,64,318101
1917,0.000125,172.31.40.0-255,66,13703,64,318101
1918,0.000147,74.125.24.0-255,7156,20859,64,318101
1919,0.000149,172.31.40.0-255,66,20925,64,318101
1920,0.00017,74.125.24.0-255,2057,22982,64,318101
1921,0.000173,172.31.40.0-255,66,23048,64,318101
1922,0.000207,74.125.24.0-255,4320,27368,64,318101
1923,0.00021,172.31.40.0-255,66,27434,64,318101
1924,0.000228,74.125.24.0-255,3961,31395,64,318101
1925,0.00023,172.31.40.0-255,66,31461,64,318101
1926,0.000271,74.125.24.0-255,1484,32945,64,318101
1927,0.000275,172.31.40.0-255,66,33011,64,318101
1928,0.00029,74.125.24.0-255,2902,35913,64,318101
1929,0.000292,172.31.40.0-255,66,35979,64,318101
1930,0.000295,74.125.24.0-255,1484,37463,64,318101
1931,0.000297,172.31.40.0-255,66,37529,64,318101
1932,0.000325,74.125.24.0-255,4320,41849,64,318101
1933,0.000328,172.31.40.0-255,66,41915,64,318101
1934,0.00037,172.31.40.0-255,66,41981,64,318101
1935,0.000378,74.125.24.0-255,7156,49137,64,318101
1936,0.00038,172.31.40.0-255,66,49203,64,318101
1937,0.000401,74.125.24.0-255,2853,52056,64,318101
1938,0.000404,172.31.40.0-255,66,52122,64,318101
1939,0.000459,74.125.24.0-255,111,52233,64,318101
1940,0.00064,74.125.24.0-255,331,52564,64,318101
1941,0.000973,74.125.24.0-255,1484,54048,64,318101
1942,0.000978,172.31.40.0-255,66,54114,64,318101
1943,0.000984,74.125.24.0-255,2902,57016,64,318101
1944,0.000986,172.31.40.0-255,66,57082,64,318101
1945,0.000991,74.125.24.0-255,4320,61402,64,318101
1946,0.000993,172.31.40.0-255,66,61468,64,318101
1947,0.00101,74.125.24.0-255,1484,62952,64,318101
1948,0.001017,74.125.24.0-255,5738,68690,64,318101
1949,0.001019,172.31.40.0-255,66,68756,64,318101
1950,0.001048,74.125.24.0-255,7156,75912,64,318101
1951,0.001051,172.31.40.0-255,66,75978,64,318101
1952,0.001054,74.125.24.0-255,1484,77462,64,318101
1953,0.001072,74.125.24.0-255,5738,83200,64,318101
1954,0.001075,172.31.40.0-255,66,83266,64,318101
1955,0.001095,74.125.24.0-255,3602,86868,64,318101
1956,0.001098,172.31.40.0-255,66,86934,64,318101
1957,0.001798,74.125.24.0-255,1484,88418,64,318101
1958,0.001807,74.125.24.0-255,2902,91320,64,318101
1959,0.001811,172.31.40.0-255,66,91386,64,318101
1960,0.001818,74.125.24.0-255,5738,97124,64,318101
1961,0.00182,172.31.40.0-255,66,97190,64,318101
1962,0.001843,74.125.24.0-255,4320,101510,64,318101
1963,0.001845,172.31.40.0-255,66,101576,64,318101
1964,0.001864,74.125.24.0-255,5738,107314,64,318101
1965,0.001865,172.31.40.0-255,66,107380,64,318101
1966,0.001899,74.125.24.0-255,2902,110282,64,318101
1967,0.001901,172.31.40.0-255,66,110348,64,318101
1968,0.001922,172.31.40.0-255,66,110414,64,318101
1969,0.001942,74.125.24.0-255,1484,111898,64,318101
1970,0.001946,74.125.24.0-255,2902,114800,64,318101
1971,0.001948,172.31.40.0-255,66,114866,64,318101
1972,0.001952,74.125.24.0-255,1484,116350,64,318101
1973,0.001971,74.125.24.0-255,4320,120670,64,318101
1974,0.001973,172.31.40.0-255,66,120736,64,318101
1975,0.001995,74.125.24.0-255,7156,127892,64,318101
1976,0.001997,172.31.40.0-255,66,127958,64,318101
1977,0.002,74.125.24.0-255,1484,129442,64,318101
1978,0.002026,74.125.24.0-255,7156,136598,64,318101
1979,0.002028,172.31.40.0-255,66,136664,64,318101
1980,0.002034,74.125.24.0-255,5738,142402,64,318101
1981,0.002036,172.31.40.0-255,66,142468,64,318101
1982,0.002049,74.125.24.0-255,2184,144652,64,318101
1983,0.00205,172.31.40.0-255,66,144718,64,318101
1984,0.002061,74.125.24.0-255,1484,146202,64,318101
1985,0.002081,74.125.24.0-255,7156,153358,64,318101
1986,0.002083,172.31.40.0-255,66,153424,64,318101
1987,0.002086,74.125.24.0-255,1484,154908,64,318101
1988,0.002098,74.125.24.0-255,2902,157810,64,318101
1989,0.0021,172.31.40.0-255,66,157876,64,318101
1990,0.002137,74.125.24.0-255,4320,162196,64,318101
1991,0.002222,74.125.24.0-255,1484,163680,64,318101
1992,0.002227,74.125.24.0-255,2902,166582,64,318101
1993,0.002251,74.125.24.0-255,5738,172320,64,318101
1994,0.002267,74.125.24.0-255,7156,179476,64,318101
1995,0.002305,74.125.24.0-255,4320,183796,64,318101
1996,0.00232,74.125.24.0-255,1484,185280,64,318101
1997,0.002353,74.125.24.0-255,5738,191018,64,318101
1998,0.002368,74.125.24.0-255,7156,198174,64,318101
1999,0.002378,74.125.24.0-255,5738,203912,64,318101
2000,0.002405,74.125.24.0-255,2902,206814,64,318101
2001,0.002425,74.125.24.0-255,3602,210416,64,318101
2002,0.002721,74.125.24.0-255,1484,211900,64,318101
2003,0.002726,74.125.24.0-255,1484,213384,64,318101
2004,0.002743,74.125.24.0-255,1484,214868,64,318101
2005,0.002749,74.125.24.0-255,4320,219188,64,318101
2006,0.002752,74.125.24.0-255,1484,220672,64,318101
2007,0.002768,74.125.24.0-255,4320,224992,64,318101
2008,0.002781,74.125.24.0-255,2902,227894,64,318101
2009,0.0028,74.125.24.0-255,2902,230796,64,318101
2010,0.002839,74.125.24.0-255,3602,234398,64,318101
2011,0.002924,74.125.24.0-255,1484,235882,64,318101
2012,0.002927,74.125.24.0-255,1484,237366,64,318101
2013,0.002939,74.125.24.0-255,1484,238850,64,318101
2014,0.002945,74.125.24.0-255,4320,243170,64,318101
2015,0.002958,74.125.24.0-255,1484,244654,64,318101
2016,0.002963,74.125.24.0-255,2902,247556,64,318101
2017,0.002994,74.125.24.0-255,1484,249040,64,318101
2018,0.003051,74.125.24.0-255,1484,250524,64,318101
2019,0.003068,74.125.24.0-255,2902,253426,64,318101
2020,0.00307,74.125.24.0-255,1484,254910,64,318101
2021,0.00309,74.125.24.0-255,4320,259230,64,318101
2022,0.003093,74.125.24.0-255,1484,260714,64,318101
2023,0.003108,74.125.24.0-255,4320,265034,64,318101
2024,0.003119,74.125.24.0-255,2902,267936,64,318101
2025,0.003134,74.125.24.0-255,4320,272256,64,318101
2026,0.003141,74.125.24.0-255,7156,279412,64,318101
2027,0.003158,74.125.24.0-255,2902,282314,64,318101
2028,0.003161,74.125.24.0-255,766,283080,64,318101
2029,0.003284,74.125.24.0-255,1484,284564,64,318101
2030,0.003296,74.125.24.0-255,2902,287466,64,318101
2031,0.00332,74.125.24.0-255,5738,293204,64,318101
2032,0.003335,74.125.24.0-255,2902,296106,64,318101
2033,0.003364,74.125.24.0-255,4320,300426,64,318101
2034,0.003371,74.125.24.0-255,6438,306864,64,318101
2035,0.003377,74.125.24.0-255,6506,313370,64,318101
2036,0.003381,74.125.24.0-255,97,313467,64,318101
2037,0.003433,74.125.24.0-255,105,313572,64,318101
2038,0.004427,172.31.40.0-255,66,313638,64,318101
2039,0.008562,172.31.40.0-255,105,313743,64,318101
2040,0.010932,74.125.24.0-255,66,313809,64,318101
2041,0.031112,172.31.40.0-255,172,313981,64,318101
2042,0.031143,172.31.40.0-255,1108,315089,64,318101
2043,0.031202,172.31.40.0-255,1514,316603,64,318101
2044,0.031203,172.31.40.0-255,1300,317903,64,318101
2045,0.032812,104.244.42.0-255,66,317969,64,318101
2046,0.03284,104.244.42.0-255,66,318035,64,318101
2047,0.032914,104.244.42.0-255,66,318101,64,318101
2048,0.0,74.125.24.0-255,146,146,64,270985
2049,1.5e-05,172.31.40.0-255,66,212,64,270985
2050,3.4e-05,74.125.24.0-255,1484,1696,64,270985
2051,3.9e-05,172.31.40.0-255,66,1762,64,270985
2052,5.2e-05,74.125.24.0-255,2902,4664,64,270985
2053,5.5e-05,172.31.40.0-255,66,4730,64,270985
2054,8.4e-05,74.125.24.0-255,4320,9050,64,270985
2055,8.7e-05,172.31.40.0-255,66,9116,64,270985
2056,0.000131,172.31.40.0-255,66,9182,64,270985
2057,0.000141,172.31.40.0-255,66,9248,64,270985
2058,0.000162,74.125.24.0-255,5379,14627,64,270985
2059,0.000164,172.31.40.0-255,66,14693,64,270985
2060,0.001346,74.125.24.0-255,1484,16177,64,270985
2061,0.001354,172.31.40.0-255,66,16243,64,270985
2062,0.001363,74.125.24.0-255,2902,19145,64,270985
2063,0.001366,172.31.40.0-255,66,19211,64,270985
2064,0.001374,74.125.24.0-255,5738,24949,64,270985
2065,0.001377,172.31.40.0-255,66,25015,64,270985
2066,0.001412,172.31.40.0-255,66,25081,64,270985
2067,0.001486,74.125.24.0-255,5738,30819,64,270985
2068,0.001489,172.31.40.0-255,66,30885,64,270985
2069,0.00151,172.31.40.0-255,66,30951,64,270985
2070,0.001573,74.125.24.0-255,394,31345,64,270985
2071,0.001576,172.31.40.0-255,66,31411,64,270985
2072,0.001619,74.125.24.0-255,1484,32895,64,270985
2073,0.001621,172.31.40.0-255,66,32961,64,270985
2074,0.001624,74.125.24.0-255,1484,34445,64,270985
2075,0.001626,172.31.40.0-255,66,34511,64,270985
2076,0.001642,74.125.24.0-255,2902,37413,64,270985
2077,0.001655,74.125.24.0-255,1484,38897,64,270985
2078,0.001672,74.125.24.0-255,5738,44635,64,270985
2079,0.001709,74.125.24.0-255,4320,48955,64,270985
2080,0.001731,74.125.24.0-255,6438,55393,64,270985
2081,0.001764,74.125.24.0-255,7156,62549,64,270985
2082,0.001785,74.125.24.0-255,4320,66869,64,270985
2083,0.001794,74.125.24.0-255,1484,68353,64,270985
2084,0.001836,74.125.24.0-255,5738,74091,64,270985
2085,0.001866,74.125.24.0-255,4320,78411,64,270985
2086,0.001887,74.125.24.0-255,2184,80595,64,270985
2087,0.001894,74.125.24.0-255,7156,87751,64,270985
2088,0.001921,74.125.24.0-255,4320,92071,64,270985
2089,0.001965,74.125.24.0-255,4320,96391,64,270985
2090,0.001984,74.125.24.0-255,3602,99993,64,270985
2091,0.002064,74.125.24.0-255,351,100344,64,270985
2092,0.002075,74.125.24.0-255,1484,101828,64,270985
2093,0.002094,74.125.24.0-255,4320,106148,64,270985
2094,0.002112,74.125.24.0-255,2902,109050,64,270985
2095,0.002129,74.125.24.0-255,4320,113370,64,270985
2096,0.002131,74.125.24.0-255,1484,114854,64,270985
2097,0.002134,172.31.40.0-255,66,114920,64,270985
2098,0.00214,172.31.40.0-255,66,114986,64,270985
2099,0.002165,74.125.24.0-255,5738,120724,64,270985
2100,0.002185,74.125.24.0-255,4320,125044,64,270985
2101,0.002187,74.125.24.0-255,1484,126528,64,270985
2102,0.002194,172.31.40.0-255,66,126594,64,270985
2103,0.002226,74.125.24.0-255,4320,130914,64,270985
2104,0.002242,74.125.24.0-255,3602,134516,64,270985
2105,0.002252,172.31.40.0-255,66,134582,64,270985
2106,0.002329,74.125.24.0-255,1484,136066,64,270985
2107,0.002334,74.125.24.0-255,2902,138968,64,270985
2108,0.002353,172.31.40.0-255,66,139034,64,270985
2109,0.002367,74.125.24.0-255,5738,144772,64,270985
2110,0.002383,74.125.24.0-255,4320,149092,64,270985
2111,0.002387,172.31.40.0-255,66,149158,64,270985
2112,0.002412,74.125.24.0-255,2902,152060,64,270985
2113,0.002428,74.125.24.0-255,7156,159216,64,270985
2114,0.002432,172.31.40.0-255,66,159282,64,270985
2115,0.002451,74.125.24.0-255,1484,160766,64,270985
2116,0.002457,74.125.24.0-255,5738,166504,64,270985
2117,0.002481,74.125.24.0-255,2184,168688,64,270985
2118,0.002485,172.31.40.0-255,66,168754,64,270985
2119,0.002673,74.125.24.0-255,1484,170238,64,270985
2120,0.002677,74.125.24.0-255,1484,171722,64,270985
2121,0.002688,74.125.24.0-255,1484,173206,64,270985
2122,0.00269,74.125.24.0-255,1484,174690,64,270985
2123,0.002696,172.31.40.0-255,66,174756,64,270985
2124,0.002713,74.125.24.0-255,4320,179076,64,270985
2125,0.002729,74.125.24.0-255,7156,186232,64,270985
2126,0.002731,172.31.40.0-255,66,186298,64,270985
2127,0.002735,172.31.40.0-255,66,186364,64,270985
2128,0.002762,74.125.24.0-255,5738,192102,64,270985
2129,0.002768,74.125.24.0-255,5738,197840,64,270985
2130,0.002786,172.31.40.0-255,66,197906,64,270985
2131,0.0028,74.125.24.0-255,5738,203644,64,270985
2132,0.002814,172.31.40.0-255,66,203710,64,270985
2133,0.002857,172.31.40.0-255,66,203776,64,270985
2134,0.002891,172.31.40.0-255,66,203842,64,270985
2135,0.002917,74.125.24.0-255,7156,210998,64,270985
2136,0.002924,172.31.40.0-255,66,211064,64,270985
2137,0.002934,74.125.24.0-255,2902,213966,64,270985
2138,0.002945,74.125.24.0-255,2902,216868,64,270985
2139,0.002957,172.31.40.0-255,66,216934,64,270985
2140,0.002969,74.125.24.0-255,7156,224090,64,270985
2141,0.002972,172.31.40.0-255,66,224156,64,270985
2142,0.002986,74.125.24.0-255,4320,228476,64,270985
2143,0.002996,172.31.40.0-255,66,228542,64,270985
2144,0.00301,74.125.24.0-255,6438,234980,64,270985
2145,0.003014,74.125.24.0-255,2902,237882,64,270985
2146,0.003032,172.31.40.0-255,66,237948,64,270985
2147,0.003056,172.31.40.0-255,66,238014,64,270985
2148,0.003066,74.125.24.0-255,5738,243752,64,270985
2149,0.003072,74.125.24.0-255,7156,250908,64,270985
2150,0.003077,172.31.40.0-255,66,250974,64,270985
2151,0.003132,172.31.40.0-255,66,251040,64,270985
2152,0.003158,172.31.40.0-255,66,251106,64,270985
2153,0.003167,74.125.24.0-255,5738,256844,64,270985
2154,0.003172,172.31.40.0-255,66,256910,64,270985
2155,0.003183,74.125.24.0-255,7156,264066,64,270985
2156,0.003199,74.125.24.0-255,2285,266351,64,270985
2157,0.00321,74.125.24.0-255,105,266456,64,270985
2158,0.003219,172.31.40.0-255,66,266522,64,270985
2159,0.005385,172.31.40.0-255,105,266627,64,270985
2160,0.007322,74.125.24.0-255,66,266693,64,270985
2161,0.031248,172.31.40.0-255,172,266865,64,270985
2162,0.031288,172.31.40.0-255,1112,267977,64,270985
2163,0.031354,172.31.40.0-255,1514,269491,64,270985
2164,0.031356,172.31.40.0-255,1296,270787,64,270985
2165,0.032802,104.244.42.0-255,66,270853,64,270985
2166,0.032869,104.244.42.0-255,66,270919,64,270985
2167,0.03297,104.244.42.0-255,66,270985,64,270985
2168,0.0,74.125.24.0-255,153,153,64,170412
2169,1.3e-05,172.31.40.0-255,66,219,64,170412
2170,1.9e-05,74.125.24.0-255,1484,1703,64,170412
2171,2.4e-05,172.31.40.0-255,66,1769,64,170412
2172,2.9e-05,74.125.24.0-255,2902,4671,64,170412
2173,3.1e-05,172.31.40.0-255,66,4737,64,170412
2174,5.5e-05,74.125.24.0-255,4320,9057,64,170412
2175,5.8e-05,172.31.40.0-255,66,9123,64,170412
2176,9.4e-05,172.31.40.0-255,66,9189,64,170412
2177,0.000104,172.31.40.0-255,66,9255,64,170412
2178,0.000155,172.31.40.0-255,66,9321,64,170412
2179,0.00016,74.125.24.0-255,3602,12923,64,170412
2180,0.000162,172.31.40.0-255,66,12989,64,170412
2181,0.000213,172.31.40.0-255,66,13055,64,170412
2182,0.00024,74.125.24.0-255,5654,18709,64,170412
2183,0.000242,172.31.40.0-255,66,18775,64,170412
2184,0.000263,74.125.24.0-255,131,18906,64,170412
2185,0.000265,172.31.40.0-255,66,18972,64,170412
2186,0.000808,74.125.24.0-255,1484,20456,64,170412
2187,0.000813,172.31.40.0-255,66,20522,64,170412
2188,0.000818,74.125.24.0-255,1484,22006,64,170412
2189,0.000819,172.31.40.0-255,66,22072,64,170412
2190,0.00085,74.125.24.0-255,1484,23556,64,170412
2191,0.000852,172.31.40.0-255,66,23622,64,170412
2192,0.000857,74.125.24.0-255,2902,26524,64,170412
2193,0.000858,172.31.40.0-255,66,26590,64,170412
2194,0.000863,74.125.24.0-255,4320,30910,64,170412
2195,0.000865,172.31.40.0-255,66,30976,64,170412
2196,0.000879,172.31.40.0-255,66,31042,64,170412
2197,0.000912,172.31.40.0-255,66,31108,64,170412
2198,0.000929,74.125.24.0-255,2902,34010,64,170412
2199,0.000931,172.31.40.0-255,66,34076,64,170412
2200,0.000936,74.125.24.0-255,2184,36260,64,170412
2201,0.000937,172.31.40.0-255,66,36326,64,170412
2202,0.000991,74.125.24.0-255,1484,37810,64,170412
2203,0.000996,74.125.24.0-255,2902,40712,64,170412
2204,0.000999,172.31.40.0-255,66,40778,64,170412
2205,0.00103,74.125.24.0-255,5738,46516,64,170412
2206,0.001032,172.31.40.0-255,66,46582,64,170412
2207,0.001037,74.125.24.0-255,2902,49484,64,170412
2208,0.001038,172.31.40.0-255,66,49550,64,170412
2209,0.001076,172.31.40.0-255,66,49616,64,170412
2210,0.001086,172.31.40.0-255,66,49682,64,170412
2211,0.001103,74.125.24.0-255,1484,51166,64,170412
2212,0.001129,172.31.40.0-255,66,51232,64,170412
2213,0.001165,172.31.40.0-255,66,51298,64,170412
2214,0.001169,74.125.24.0-255,2902,54200,64,170412
2215,0.001172,172.31.40.0-255,66,54266,64,170412
2216,0.00122,172.31.40.0-255,66,54332,64,170412
2217,0.00123,172.31.40.0-255,66,54398,64,170412
2218,0.001233,74.125.24.0-255,1484,55882,64,170412
2219,0.001262,172.31.40.0-255,66,55948,64,170412
2220,0.001272,172.31.40.0-255,66,56014,64,170412
2221,0.0013,74.125.24.0-255,1484,57498,64,170412
2222,0.001305,74.125.24.0-255,2184,59682,64,170412
2223,0.001307,172.31.40.0-255,66,59748,64,170412
2224,0.001366,74.125.24.0-255,1484,61232,64,170412
2225,0.00137,74.125.24.0-255,1484,62716,64,170412
2226,0.001372,172.31.40.0-255,66,62782,64,170412
2227,0.001399,74.125.24.0-255,1484,64266,64,170412
2228,0.001405,74.125.24.0-255,5738,70004,64,170412
2229,0.001408,172.31.40.0-255,66,70070,64,170412
2230,0.001456,74.125.24.0-255,7156,77226,64,170412
2231,0.001458,172.31.40.0-255,66,77292,64,170412
2232,0.001478,74.125.24.0-255,2902,80194,64,170412
2233,0.00148,172.31.40.0-255,66,80260,64,170412
2234,0.001517,172.31.40.0-255,66,80326,64,170412
2235,0.001597,74.125.24.0-255,1484,81810,64,170412
2236,0.001618,74.125.24.0-255,2902,84712,64,170412
2237,0.00162,74.125.24.0-255,1484,86196,64,170412
2238,0.001624,172.31.40.0-255,66,86262,64,170412
2239,0.00167,74.125.24.0-255,4320,90582,64,170412
2240,0.001673,172.31.40.0-255,66,90648,64,170412
2241,0.001697,172.31.40.0-255,66,90714,64,170412
2242,0.00171,172.31.40.0-255,66,90780,64,170412
2243,0.001748,74.125.24.0-255,1484,92264,64,170412
2244,0.001751,74.125.24.0-255,1484,93748,64,170412
2245,0.001754,172.31.40.0-255,66,93814,64,170412
2246,0.001766,74.125.24.0-255,1484,95298,64,170412
2247,0.001776,74.125.24.0-255,4320,99618,64,170412
2248,0.001778,172.31.40.0-255,66,99684,64,170412
2249,0.001804,74.125.24.0-255,1484,101168,64,170412
2250,0.001817,172.31.40.0-255,66,101234,64,170412
2251,0.001844,74.125.24.0-255,1484,102718,64,170412
2252,0.001857,172.31.40.0-255,66,102784,64,170412
2253,0.001906,74.125.24.0-255,1484,104268,64,170412
2254,0.00192,74.125.24.0-255,2902,107170,64,170412
2255,0.001924,172.31.40.0-255,66,107236,64,170412
2256,0.001954,74.125.24.0-255,5738,112974,64,170412
2257,0.001957,172.31.40.0-255,66,113040,64,170412
2258,0.001993,172.31.40.0-255,66,113106,64,170412
2259,0.002017,74.125.24.0-255,2902,116008,64,170412
2260,0.002026,172.31.40.0-255,66,116074,64,170412
2261,0.002032,74.125.24.0-255,4320,120394,64,170412
2262,0.002034,172.31.40.0-255,66,120460,64,170412
2263,0.002068,74.125.24.0-255,6438,126898,64,170412
2264,0.002071,172.31.40.0-255,66,126964,64,170412
2265,0.002147,74.125.24.0-255,1484,128448,64,170412
2266,0.002162,74.125.24.0-255,2902,131350,64,170412
2267,0.002165,172.31.40.0-255,66,131416,64,170412
2268,0.002171,74.125.24.0-255,5738,137154,64,170412
2269,0.002173,172.31.40.0-255,66,137220,64,170412
2270,0.002209,172.31.40.0-255,66,137286,64,170412
2271,0.002247,74.125.24.0-255,7156,144442,64,170412
2272,0.00225,172.31.40.0-255,66,144508,64,170412
2273,0.002277,74.125.24.0-255,3602,148110,64,170412
2274,0.002281,172.31.40.0-255,66,148176,64,170412
2275,0.002286,74.125.24.0-255,4320,152496,64,170412
2276,0.002289,172.31.40.0-255,66,152562,64,170412
2277,0.002292,74.125.24.0-255,1484,154046,64,170412
2278,0.002317,74.125.24.0-255,4320,158366,64,170412
2279,0.00232,172.31.40.0-255,66,158432,64,170412
2280,0.002337,172.31.40.0-255,66,158498,64,170412
2281,0.00238,172.31.40.0-255,66,158564,64,170412
2282,0.002412,74.125.24.0-255,766,159330,64,170412
2283,0.00242,74.125.24.0-255,6382,165712,64,170412
2284,0.002422,172.31.40.0-255,66,165778,64,170412
2285,0.002425,74.125.24.0-255,105,165883,64,170412
2286,0.004399,172.31.40.0-255,66,165949,64,170412
2287,0.004431,172.31.40.0-255,105,166054,64,170412
2288,0.006831,74.125.24.0-255,66,166120,64,170412
2289,0.028698,172.31.40.0-255,172,166292,64,170412
2290,0.028732,172.31.40.0-255,1108,167400,64,170412
2291,0.028791,172.31.40.0-255,1514,168914,64,170412
2292,0.028793,172.31.40.0-255,1300,170214,64,170412
2293,0.030406,104.244.42.0-255,66,170280,64,170412
2294,0.030444,104.244.42.0-255,66,170346,64,170412
2295,0.030482,104.244.42.0-255,66,170412,64,170412
2296,0.0,74.125.24.0-255,150,150,64,243818
2297,1.4e-05,172.31.40.0-255,66,216,64,243818
2298,2.1e-05,74.125.24.0-255,1484,1700,64,243818
2299,2.5e-05,172.31.40.0-255,66,1766,64,243818
2300,3.2e-05,74.125.24.0-255,2902,4668,64,243818
2301,3.5e-05,172.31.40.0-255,66,4734,64,243818
2302,4.4e-05,74.125.24.0-255,7156,11890,64,243818
2303,4.7e-05,172.31.40.0-255,66,11956,64,243818
2304,6.3e-05,74.125.24.0-255,1484,13440,64,243818
2305,6.5e-05,172.31.40.0-255,66,13506,64,243818
2306,0.000103,172.31.40.0-255,66,13572,64,243818
2307,0.000111,74.125.24.0-255,6797,20369,64,243818
2308,0.000113,172.31.40.0-255,66,20435,64,243818
2309,0.000305,74.125.24.0-255,1484,21919,64,243818
2310,0.00031,172.31.40.0-255,66,21985,64,243818
2311,0.000316,74.125.24.0-255,2902,24887,64,243818
2312,0.000318,172.31.40.0-255,66,24953,64,243818
2313,0.000324,74.125.24.0-255,5738,30691,64,243818
2314,0.000327,172.31.40.0-255,66,30757,64,243818
2315,0.000367,172.31.40.0-255,66,30823,64,243818
2316,0.000379,172.31.40.0-255,66,30889,64,243818
2317,0.000408,74.125.24.0-255,6797,37686,64,243818
2318,0.000411,172.31.40.0-255,66,37752,64,243818
2319,0.000431,74.125.24.0-255,400,38152,64,243818
2320,0.000433,172.31.40.0-255,66,38218,64,243818
2321,0.000698,74.125.24.0-255,112,38330,64,243818
2322,0.000703,172.31.40.0-255,66,38396,64,243818
2323,0.000733,74.125.24.0-255,1484,39880,64,243818
2324,0.000735,172.31.40.0-255,66,39946,64,243818
2325,0.000739,74.125.24.0-255,1484,41430,64,243818
2326,0.000761,74.125.24.0-255,4320,45750,64,243818
2327,0.000764,172.31.40.0-255,66,45816,64,243818
2328,0.000776,172.31.40.0-255,66,45882,64,243818
2329,0.000797,74.125.24.0-255,4320,50202,64,243818
2330,0.0008,172.31.40.0-255,66,50268,64,243818
2331,0.00083,172.31.40.0-255,66,50334,64,243818
2332,0.000832,74.125.24.0-255,329,50663,64,243818
2333,0.00124,74.125.24.0-255,1484,52147,64,243818
2334,0.001245,172.31.40.0-255,66,52213,64,243818
2335,0.00125,74.125.24.0-255,2902,55115,64,243818
2336,0.001252,172.31.40.0-255,66,55181,64,243818
2337,0.001259,74.125.24.0-255,5738,60919,64,243818
2338,0.001261,172.31.40.0-255,66,60985,64,243818
2339,0.001286,172.31.40.0-255,66,61051,64,243818
2340,0.001309,74.125.24.0-255,4320,65371,64,243818
2341,0.001311,172.31.40.0-255,66,65437,64,243818
2342,0.001321,172.31.40.0-255,66,65503,64,243818
2343,0.001336,74.125.24.0-255,2184,67687,64,243818
2344,0.001338,172.31.40.0-255,66,67753,64,243818
2345,0.001364,74.125.24.0-255,1484,69237,64,243818
2346,0.001384,74.125.24.0-255,2902,72139,64,243818
2347,0.001387,172.31.40.0-255,66,72205,64,243818
2348,0.001412,74.125.24.0-255,5738,77943,64,243818
2349,0.001414,172.31.40.0-255,66,78009,64,243818
2350,0.001421,74.125.24.0-255,7156,85165,64,243818
2351,0.001425,172.31.40.0-255,66,85231,64,243818
2352,0.001443,74.125.24.0-255,2902,88133,64,243818
2353,0.001445,172.31.40.0-255,66,88199,64,243818
2354,0.001448,74.125.24.0-255,1484,89683,64,243818
2355,0.001486,172.31.40.0-255,66,89749,64,243818
2356,0.001517,74.125.24.0-255,1484,91233,64,243818
2357,0.00152,74.125.24.0-255,1484,92717,64,243818
2358,0.001522,172.31.40.0-255,66,92783,64,243818
2359,0.001542,74.125.24.0-255,1484,94267,64,243818
2360,0.001549,74.125.24.0-255,5738,100005,64,243818
2361,0.001551,172.31.40.0-255,66,100071,64,243818
2362,0.001554,74.125.24.0-255,1484,101555,64,243818
2363,0.001557,74.125.24.0-255,1484,103039,64,243818
2364,0.001559,172.31.40.0-255,66,103105,64,243818
2365,0.00158,74.125.24.0-255,7156,110261,64,243818
2366,0.001583,172.31.40.0-255,66,110327,64,243818
2367,0.001613,172.31.40.0-255,66,110393,64,243818
2368,0.001626,74.125.24.0-255,5020,115413,64,243818
2369,0.001628,172.31.40.0-255,66,115479,64,243818
2370,0.001679,74.125.24.0-255,1484,116963,64,243818
2371,0.001695,74.125.24.0-255,2902,119865,64,243818
2372,0.001699,172.31.40.0-255,66,119931,64,243818
2373,0.001705,74.125.24.0-255,5738,125669,64,243818
2374,0.001708,172.31.40.0-255,66,125735,64,243818
2375,0.00178,172.31.40.0-255,66,125801,64,243818
2376,0.001793,172.31.40.0-255,66,125867,64,243818
2377,0.001862,74.125.24.0-255,1484,127351,64,243818
2378,0.001866,74.125.24.0-255,1484,128835,64,243818
2379,0.001869,172.31.40.0-255,66,128901,64,243818
2380,0.00189,74.125.24.0-255,1484,130385,64,243818
2381,0.001897,74.125.24.0-255,5738,136123,64,243818
2382,0.001899,172.31.40.0-255,66,136189,64,243818
2383,0.001902,74.125.24.0-255,1484,137673,64,243818
2384,0.00194,172.31.40.0-255,66,137739,64,243818
2385,0.001952,172.31.40.0-255,66,137805,64,243818
2386,0.001966,74.125.24.0-255,2184,139989,64,243818
2387,0.001968,172.31.40.0-255,66,140055,64,243818
2388,0.002156,74.125.24.0-255,1484,141539,64,243818
2389,0.00218,74.125.24.0-255,2902,144441,64,243818
2390,0.002185,172.31.40.0-255,66,144507,64,243818
2391,0.002192,74.125.24.0-255,5738,150245,64,243818
2392,0.002194,172.31.40.0-255,66,150311,64,243818
2393,0.002222,74.125.24.0-255,4320,154631,64,243818
2394,0.002225,172.31.40.0-255,66,154697,64,243818
2395,0.00223,74.125.24.0-255,5738,160435,64,243818
2396,0.002233,172.31.40.0-255,66,160501,64,243818
2397,0.002271,172.31.40.0-255,66,160567,64,243818
2398,0.002273,74.125.24.0-255,1484,162051,64,243818
2399,0.002299,74.125.24.0-255,766,162817,64,243818
2400,0.002301,172.31.40.0-255,66,162883,64,243818
2401,0.00243,74.125.24.0-255,1484,164367,64,243818
2402,0.002436,74.125.24.0-255,2902,167269,64,243818
2403,0.00244,172.31.40.0-255,66,167335,64,243818
2404,0.002446,74.125.24.0-255,4320,171655,64,243818
2405,0.002448,172.31.40.0-255,66,171721,64,243818
2406,0.00246,74.125.24.0-255,1484,173205,64,243818
2407,0.002466,74.125.24.0-255,4320,177525,64,243818
2408,0.002468,172.31.40.0-255,66,177591,64,243818
2409,0.002485,74.125.24.0-255,2902,180493,64,243818
2410,0.002487,172.31.40.0-255,66,180559,64,243818
2411,0.00249,74.125.24.0-255,1484,182043,64,243818
2412,0.002523,172.31.40.0-255,66,182109,64,243818
2413,0.002534,172.31.40.0-255,66,182175,64,243818
2414,0.002544,172.31.40.0-255,66,182241,64,243818
2415,0.00255,74.125.24.0-255,5738,187979,64,243818
2416,0.002552,172.31.40.0-255,66,188045,64,243818
2417,0.002571,74.125.24.0-255,1484,189529,64,243818
2418,0.005082,74.125.24.0-255,4320,193849,64,243818
2419,0.005091,172.31.40.0-255,66,193915,64,243818
2420,0.007663,74.125.24.0-255,5738,199653,64,243818
2421,0.007683,172.31.40.0-255,66,199719,64,243818
2422,0.010233,74.125.24.0-255,5738,205457,64,243818
2423,0.010247,172.31.40.0-255,66,205523,64,243818
2424,0.012764,74.125.24.0-255,5738,211261,64,243818
2425,0.01277,172.31.40.0-255,66,211327,64,243818
2426,0.015371,74.125.24.0-255,5738,217065,64,243818
2427,0.01538,172.31.40.0-255,66,217131,64,243818
2428,0.017929,74.125.24.0-255,5738,222869,64,243818
2429,0.017945,172.31.40.0-255,66,222935,64,243818
2430,0.02053,74.125.24.0-255,5738,228673,64,243818
2431,0.020543,172.31.40.0-255,66,228739,64,243818
2432,0.023081,74.125.24.0-255,5738,234477,64,243818
2433,0.023092,172.31.40.0-255,66,234543,64,243818
2434,0.025615,74.125.24.0-255,5714,240257,64,243818
2435,0.025623,172.31.40.0-255,66,240323,64,243818
2436,0.026492,172.31.40.0-255,105,240428,64,243818
2437,0.028981,74.125.24.0-255,66,240494,64,243818
2438,0.037392,172.31.40.0-255,167,240661,64,243818
2439,0.037523,172.31.40.0-255,1107,241768,64,243818
2440,0.037589,172.31.40.0-255,1514,243282,64,243818
2441,0.03759,172.31.40.0-255,338,243620,64,243818
2442,0.038963,104.244.42.0-255,66,243686,64,243818
2443,0.039117,104.244.42.0-255,66,243752,64,243818
2444,0.039138,104.244.42.0-255,66,243818,64,243818
2445,0.0,172.217.194.0-255,148,148,64,326020
2446,1.3e-05,172.31.40.0-255,66,214,64,326020
2447,3.4e-05,172.217.194.0-255,1484,1698,64,326020
2448,3.8e-05,172.31.40.0-255,66,1764,64,326020
2449,4.1e-05,172.217.194.0-255,1484,3248,64,326020
2450,4.3e-05,172.31.40.0-255,66,3314,64,326020
2451,6.2e-05,172.217.194.0-255,1484,4798,64,326020
2452,6.4e-05,172.31.40.0-255,66,4864,64,326020
2453,6.7e-05,172.217.194.0-255,1484,6348,64,326020
2454,6.8e-05,172.31.40.0-255,66,6414,64,326020
2455,9.7e-05,172.217.194.0-255,5738,12152,64,326020
2456,9.9e-05,172.31.40.0-255,66,12218,64,326020
2457,0.000103,172.217.194.0-255,2075,14293,64,326020
2458,0.000105,172.31.40.0-255,66,14359,64,326020
2459,0.000116,172.217.194.0-255,1484,15843,64,326020
2460,0.000118,172.31.40.0-255,66,15909,64,326020
2461,0.000136,172.217.194.0-255,1484,17393,64,326020
2462,0.000138,172.31.40.0-255,66,17459,64,326020
2463,0.000145,172.217.194.0-255,7156,24615,64,326020
2464,0.000147,172.31.40.0-255,66,24681,64,326020
2465,0.000153,172.217.194.0-255,5738,30419,64,326020
2466,0.000156,172.31.40.0-255,66,30485,64,326020
2467,0.000172,172.217.194.0-255,1125,31610,64,326020
2468,0.000174,172.31.40.0-255,66,31676,64,326020
2469,0.000226,172.217.194.0-255,1484,33160,64,326020
2470,0.000229,172.31.40.0-255,66,33226,64,326020
2471,0.000241,172.217.194.0-255,2902,36128,64,326020
2472,0.000244,172.31.40.0-255,66,36194,64,326020
2473,0.000275,172.217.194.0-255,5738,41932,64,326020
2474,0.000277,172.31.40.0-255,66,41998,64,326020
2475,0.000295,172.217.194.0-255,7156,49154,64,326020
2476,0.000297,172.31.40.0-255,66,49220,64,326020
2477,0.000313,172.217.194.0-255,2543,51763,64,326020
2478,0.000315,172.31.40.0-255,66,51829,64,326020
2479,0.000325,172.31.40.0-255,66,51895,64,326020
2480,0.000328,172.217.194.0-255,1484,53379,64,326020
2481,0.000342,172.217.194.0-255,2543,55922,64,326020
2482,0.000345,172.31.40.0-255,66,55988,64,326020
2483,0.000356,172.217.194.0-255,389,56377,64,326020
2484,0.000406,172.217.194.0-255,384,56761,64,326020
2485,0.000696,172.217.194.0-255,1484,58245,64,326020
2486,0.000701,172.31.40.0-255,66,58311,64,326020
2487,0.000706,172.217.194.0-255,2902,61213,64,326020
2488,0.000708,172.31.40.0-255,66,61279,64,326020
2489,0.000721,172.217.194.0-255,2902,64181,64,326020
2490,0.000723,172.31.40.0-255,66,64247,64,326020
2491,0.000738,172.217.194.0-255,2902,67149,64,326020
2492,0.00074,172.31.40.0-255,66,67215,64,326020
2493,0.000744,172.217.194.0-255,2902,70117,64,326020
2494,0.000746,172.31.40.0-255,66,70183,64,326020
2495,0.00077,172.217.194.0-255,2902,73085,64,326020
2496,0.000773,172.31.40.0-255,66,73151,64,326020
2497,0.000784,172.31.40.0-255,66,73217,64,326020
2498,0.000807,172.217.194.0-255,2902,76119,64,326020
2499,0.000809,172.31.40.0-255,66,76185,64,326020
2500,0.000815,172.217.194.0-255,4472,80657,64,326020
2501,0.000817,172.31.40.0-255,66,80723,64,326020
2502,0.000837,172.217.194.0-255,2902,83625,64,326020
2503,0.00084,172.31.40.0-255,66,83691,64,326020
2504,0.000866,172.217.194.0-255,2902,86593,64,326020
2505,0.000869,172.31.40.0-255,66,86659,64,326020
2506,0.000889,172.217.194.0-255,1484,88143,64,326020
2507,0.000897,172.217.194.0-255,7156,95299,64,326020
2508,0.000899,172.31.40.0-255,66,95365,64,326020
2509,0.000916,172.217.194.0-255,1484,96849,64,326020
2510,0.000919,172.217.194.0-255,1125,97974,64,326020
2511,0.00092,172.31.40.0-255,66,98040,64,326020
2512,0.000971,172.217.194.0-255,1484,99524,64,326020
2513,0.000975,172.217.194.0-255,2902,102426,64,326020
2514,0.000978,172.31.40.0-255,66,102492,64,326020
2515,0.000981,172.217.194.0-255,1484,103976,64,326020
2516,0.000999,172.217.194.0-255,4320,108296,64,326020
2517,0.001002,172.31.40.0-255,66,108362,64,326020
2518,0.001029,172.31.40.0-255,66,108428,64,326020
2519,0.001048,172.217.194.0-255,2902,111330,64,326020
2520,0.00105,172.31.40.0-255,66,111396,64,326020
2521,0.001054,172.217.194.0-255,2902,114298,64,326020
2522,0.001056,172.31.40.0-255,66,114364,64,326020
2523,0.001087,172.31.40.0-255,66,114430,64,326020
2524,0.001117,172.217.194.0-255,4320,118750,64,326020
2525,0.001119,172.31.40.0-255,66,118816,64,326020
2526,0.001143,172.217.194.0-255,5738,124554,64,326020
2527,0.001146,172.31.40.0-255,66,124620,64,326020
2528,0.001157,172.31.40.0-255,66,124686,64,326020
2529,0.00117,172.217.194.0-255,1484,126170,64,326020
2530,0.00118,172.31.40.0-255,66,126236,64,326020
2531,0.001193,172.217.194.0-255,3602,129838,64,326020
2532,0.001196,172.31.40.0-255,66,129904,64,326020
2533,0.00122,172.217.194.0-255,7156,137060,64,326020
2534,0.001222,172.31.40.0-255,66,137126,64,326020
2535,0.001247,172.217.194.0-255,5738,142864,64,326020
2536,0.00125,172.31.40.0-255,66,142930,64,326020
2537,0.001254,172.217.194.0-255,3961,146891,64,326020
2538,0.001257,172.31.40.0-255,66,146957,64,326020
2539,0.001287,172.217.194.0-255,1484,148441,64,326020
2540,0.001304,172.217.194.0-255,4320,152761,64,326020
2541,0.001307,172.31.40.0-255,66,152827,64,326020
2542,0.001327,172.217.194.0-255,4320,157147,64,326020
2543,0.00133,172.31.40.0-255,66,157213,64,326020
2544,0.00136,172.217.194.0-255,6797,164010,64,326020
2545,0.001363,172.31.40.0-255,66,164076,64,326020
2546,0.001437,172.217.194.0-255,1484,165560,64,326020
2547,0.001452,172.217.194.0-255,2902,168462,64,326020
2548,0.001454,172.31.40.0-255,66,168528,64,326020
2549,0.001457,172.217.194.0-255,1484,170012,64,326020
2550,0.001478,172.217.194.0-255,4320,174332,64,326020
2551,0.00148,172.31.40.0-255,66,174398,64,326020
2552,0.001486,172.217.194.0-255,4320,178718,64,326020
2553,0.001488,172.31.40.0-255,66,178784,64,326020
2554,0.00151,172.217.194.0-255,2543,181327,64,326020
2555,0.001515,172.217.194.0-255,4320,185647,64,326020
2556,0.001518,172.31.40.0-255,66,185713,64,326020
2557,0.001521,172.31.40.0-255,66,185779,64,326020
2558,0.00154,172.217.194.0-255,2902,188681,64,326020
2559,0.001542,172.31.40.0-255,66,188747,64,326020
2560,0.001564,172.217.194.0-255,2902,191649,64,326020
2561,0.001567,172.31.40.0-255,66,191715,64,326020
2562,0.001594,172.217.194.0-255,5738,197453,64,326020
2563,0.001597,172.31.40.0-255,66,197519,64,326020
2564,0.001623,172.217.194.0-255,7156,204675,64,326020
2565,0.001625,172.31.40.0-255,66,204741,64,326020
2566,0.001628,172.217.194.0-255,1484,206225,64,326020
2567,0.001642,172.217.194.0-255,4320,210545,64,326020
2568,0.001644,172.31.40.0-255,66,210611,64,326020
2569,0.00168,172.31.40.0-255,66,210677,64,326020
2570,0.001685,172.217.194.0-255,5738,216415,64,326020
2571,0.001687,172.31.40.0-255,66,216481,64,326020
2572,0.001705,172.217.194.0-255,5738,222219,64,326020
2573,0.001708,172.31.40.0-255,66,222285,64,326020
2574,0.001725,172.217.194.0-255,2543,224828,64,326020
2575,0.001727,172.31.40.0-255,66,224894,64,326020
2576,0.001738,172.217.194.0-255,1484,226378,64,326020
2577,0.001741,172.217.194.0-255,1484,227862,64,326020
2578,0.001743,172.31.40.0-255,66,227928,64,326020
2579,0.001759,172.217.194.0-255,1484,229412,64,326020
2580,0.001763,172.217.194.0-255,4320,233732,64,326020
2581,0.001768,172.31.40.0-255,66,233798,64,326020
2582,0.001781,172.217.194.0-255,1484,235282,64,326020
2583,0.001807,172.217.194.0-255,4320,239602,64,326020
2584,0.00181,172.31.40.0-255,66,239668,64,326020
2585,0.001821,172.217.194.0-255,2543,242211,64,326020
2586,0.001823,172.31.40.0-255,66,242277,64,326020
2587,0.002007,172.217.194.0-255,1484,243761,64,326020
2588,0.002012,172.217.194.0-255,2902,246663,64,326020
2589,0.002015,172.31.40.0-255,66,246729,64,326020
2590,0.002033,172.217.194.0-255,5738,252467,64,326020
2591,0.002035,172.31.40.0-255,66,252533,64,326020
2592,0.002038,172.217.194.0-255,1484,254017,64,326020
2593,0.002061,172.217.194.0-255,7156,261173,64,326020
2594,0.002063,172.31.40.0-255,66,261239,64,326020
2595,0.002083,172.217.194.0-255,4320,265559,64,326020
2596,0.002085,172.31.40.0-255,66,265625,64,326020
2597,0.00209,172.217.194.0-255,4320,269945,64,326020
2598,0.002092,172.31.40.0-255,66,270011,64,326020
2599,0.002113,172.217.194.0-255,4320,274331,64,326020
2600,0.002115,172.31.40.0-255,66,274397,64,326020
2601,0.002133,172.217.194.0-255,1484,275881,64,326020
2602,0.002136,172.217.194.0-255,766,276647,64,326020
2603,0.002138,172.31.40.0-255,66,276713,64,326020
2604,0.002163,172.217.194.0-255,1484,278197,64,326020
2605,0.002182,172.217.194.0-255,2902,281099,64,326020
2606,0.002184,172.31.40.0-255,66,281165,64,326020
2607,0.002194,172.217.194.0-255,1484,282649,64,326020
2608,0.002196,172.217.194.0-255,1484,284133,64,326020
2609,0.002199,172.31.40.0-255,66,284199,64,326020
2610,0.002217,172.217.194.0-255,7156,291355,64,326020
2611,0.002219,172.31.40.0-255,66,291421,64,326020
2612,0.002222,172.217.194.0-255,2902,294323,64,326020
2613,0.002225,172.31.40.0-255,66,294389,64,326020
2614,0.002262,172.31.40.0-255,66,294455,64,326020
2615,0.002268,172.217.194.0-255,5020,299475,64,326020
2616,0.00227,172.31.40.0-255,66,299541,64,326020
2617,0.002307,172.217.194.0-255,1484,301025,64,326020
2618,0.002324,172.217.194.0-255,2902,303927,64,326020
2619,0.002327,172.31.40.0-255,66,303993,64,326020
2620,0.002331,172.217.194.0-255,2902,306895,64,326020
2621,0.002333,172.31.40.0-255,66,306961,64,326020
2622,0.002351,172.217.194.0-255,2902,309863,64,326020
2623,0.002353,172.31.40.0-255,66,309929,64,326020
2624,0.002358,172.217.194.0-255,2902,312831,64,326020
2625,0.00236,172.31.40.0-255,66,312897,64,326020
2626,0.002389,172.31.40.0-255,66,312963,64,326020
2627,0.002413,172.217.194.0-255,1484,314447,64,326020
2628,0.00245,172.31.40.0-255,66,314513,64,326020
2629,0.002462,172.217.194.0-255,6706,321219,64,326020
2630,0.002464,172.31.40.0-255,66,321285,64,326020
2631,0.002467,172.217.194.0-255,97,321382,64,326020
2632,0.002476,172.217.194.0-255,105,321487,64,326020
2633,0.008712,172.31.40.0-255,66,321553,64,326020
2634,0.008746,172.31.40.0-255,105,321658,64,326020
2635,0.01144,172.217.194.0-255,66,321724,64,326020
2636,0.031871,172.31.40.0-255,176,321900,64,326020
2637,0.031905,172.31.40.0-255,1112,323012,64,326020
2638,0.031954,172.31.40.0-255,1514,324526,64,326020
2639,0.031956,172.31.40.0-255,1296,325822,64,326020
2640,0.03354,104.244.42.0-255,66,325888,64,326020
2641,0.033579,104.244.42.0-255,66,325954,64,326020
2642,0.033652,104.244.42.0-255,66,326020,64,326020
2643,0.0,172.217.194.0-255,152,152,64,174543
2644,2.4e-05,172.31.40.0-255,66,218,64,174543
2645,3.1e-05,172.217.194.0-255,1484,1702,64,174543
2646,3.6e-05,172.31.40.0-255,66,1768,64,174543
2647,4.9e-05,172.217.194.0-255,2902,4670,64,174543
2648,5.3e-05,172.31.40.0-255,66,4736,64,174543
2649,6.1e-05,172.217.194.0-255,7156,11892,64,174543
2650,6.4e-05,172.31.40.0-255,66,11958,64,174543
2651,6.8e-05,172.217.194.0-255,2073,14031,64,174543
2652,7.1e-05,172.31.40.0-255,66,14097,64,174543
2653,9.6e-05,172.217.194.0-255,1484,15581,64,174543
2654,0.000119,172.31.40.0-255,66,15647,64,174543
2655,0.000126,172.217.194.0-255,2902,18549,64,174543
2656,0.000128,172.31.40.0-255,66,18615,64,174543
2657,0.000135,172.217.194.0-255,5738,24353,64,174543
2658,0.000137,172.31.40.0-255,66,24419,64,174543
2659,0.000144,172.217.194.0-255,6797,31216,64,174543
2660,0.000147,172.31.40.0-255,66,31282,64,174543
2661,0.000196,172.217.194.0-255,1484,32766,64,174543
2662,0.000198,172.31.40.0-255,66,32832,64,174543
2663,0.000204,172.217.194.0-255,2902,35734,64,174543
2664,0.000206,172.31.40.0-255,66,35800,64,174543
2665,0.000216,172.217.194.0-255,4320,40120,64,174543
2666,0.000218,172.31.40.0-255,66,40186,64,174543
2667,0.000246,172.217.194.0-255,1484,41670,64,174543
2668,0.000249,172.31.40.0-255,66,41736,64,174543
2669,0.000257,172.217.194.0-255,6797,48533,64,174543
2670,0.000259,172.31.40.0-255,66,48599,64,174543
2671,0.000291,172.31.40.0-255,66,48665,64,174543
2672,0.000318,172.217.194.0-255,2902,51567,64,174543
2673,0.000321,172.31.40.0-255,66,51633,64,174543
2674,0.000325,172.217.194.0-255,2543,54176,64,174543
2675,0.000327,172.31.40.0-255,66,54242,64,174543
2676,0.00033,172.217.194.0-255,680,54922,64,174543
2677,0.000595,172.217.194.0-255,1484,56406,64,174543
2678,0.000601,172.31.40.0-255,66,56472,64,174543
2679,0.000607,172.217.194.0-255,2902,59374,64,174543
2680,0.00061,172.31.40.0-255,66,59440,64,174543
2681,0.000622,172.217.194.0-255,5738,65178,64,174543
2682,0.000624,172.31.40.0-255,66,65244,64,174543
2683,0.000631,172.217.194.0-255,5738,70982,64,174543
2684,0.000633,172.31.40.0-255,66,71048,64,174543
2685,0.000671,172.217.194.0-255,4320,75368,64,174543
2686,0.000676,172.31.40.0-255,66,75434,64,174543
2687,0.00071,172.31.40.0-255,66,75500,64,174543
2688,0.000715,172.217.194.0-255,5020,80520,64,174543
2689,0.000717,172.31.40.0-255,66,80586,64,174543
2690,0.00083,172.217.194.0-255,1484,82070,64,174543
2691,0.000845,172.217.194.0-255,1484,83554,64,174543
2692,0.000847,172.31.40.0-255,66,83620,64,174543
2693,0.00088,172.217.194.0-255,1484,85104,64,174543
2694,0.000888,172.217.194.0-255,5738,90842,64,174543
2695,0.000891,172.31.40.0-255,66,90908,64,174543
2696,0.00091,172.31.40.0-255,66,90974,64,174543
2697,0.000946,172.31.40.0-255,66,91040,64,174543
2698,0.000954,172.217.194.0-255,7156,98196,64,174543
2699,0.000956,172.31.40.0-255,66,98262,64,174543
2700,0.00098,172.217.194.0-255,4320,102582,64,174543
2701,0.000983,172.31.40.0-255,66,102648,64,174543
2702,0.00099,172.217.194.0-255,7156,109804,64,174543
2703,0.000992,172.31.40.0-255,66,109870,64,174543
2704,0.001039,172.31.40.0-255,66,109936,64,174543
2705,0.00105,172.31.40.0-255,66,110002,64,174543
2706,0.001066,172.31.40.0-255,66,110068,64,174543
2707,0.001137,172.31.40.0-255,66,110134,64,174543
2708,0.00114,172.217.194.0-255,766,110900,64,174543
2709,0.001296,172.217.194.0-255,1484,112384,64,174543
2710,0.0013,172.31.40.0-255,66,112450,64,174543
2711,0.001318,172.217.194.0-255,2902,115352,64,174543
2712,0.001322,172.217.194.0-255,2902,118254,64,174543
2713,0.001327,172.31.40.0-255,66,118320,64,174543
2714,0.00133,172.31.40.0-255,66,118386,64,174543
2715,0.001348,172.217.194.0-255,2902,121288,64,174543
2716,0.001351,172.31.40.0-255,66,121354,64,174543
2717,0.001364,172.31.40.0-255,66,121420,64,174543
2718,0.001389,172.217.194.0-255,2902,124322,64,174543
2719,0.001395,172.31.40.0-255,66,124388,64,174543
2720,0.001425,172.31.40.0-255,66,124454,64,174543
2721,0.001606,172.217.194.0-255,1484,125938,64,174543
2722,0.001612,172.217.194.0-255,2902,128840,64,174543
2723,0.001615,172.31.40.0-255,66,128906,64,174543
2724,0.00162,172.217.194.0-255,2902,131808,64,174543
2725,0.001622,172.31.40.0-255,66,131874,64,174543
2726,0.00165,172.217.194.0-255,2902,134776,64,174543
2727,0.001653,172.31.40.0-255,66,134842,64,174543
2728,0.001671,172.217.194.0-255,7156,141998,64,174543
2729,0.001673,172.31.40.0-255,66,142064,64,174543
2730,0.001701,172.217.194.0-255,5738,147802,64,174543
2731,0.001703,172.31.40.0-255,66,147868,64,174543
2732,0.001715,172.31.40.0-255,66,147934,64,174543
2733,0.001718,172.217.194.0-255,766,148700,64,174543
2734,0.001803,172.217.194.0-255,1484,150184,64,174543
2735,0.001807,172.31.40.0-255,66,150250,64,174543
2736,0.001812,172.217.194.0-255,2902,153152,64,174543
2737,0.001814,172.31.40.0-255,66,153218,64,174543
2738,0.001842,172.217.194.0-255,5738,158956,64,174543
2739,0.001845,172.31.40.0-255,66,159022,64,174543
2740,0.001856,172.31.40.0-255,66,159088,64,174543
2741,0.001889,172.217.194.0-255,4320,163408,64,174543
2742,0.001891,172.31.40.0-255,66,163474,64,174543
2743,0.001904,172.31.40.0-255,66,163540,64,174543
2744,0.001907,172.217.194.0-255,1484,165024,64,174543
2745,0.001947,172.31.40.0-255,66,165090,64,174543
2746,0.001985,172.217.194.0-255,4320,169410,64,174543
2747,0.001988,172.31.40.0-255,66,169476,64,174543
2748,0.001998,172.31.40.0-255,66,169542,64,174543
2749,0.002019,172.31.40.0-255,66,169608,64,174543
2750,0.002069,172.31.40.0-255,66,169674,64,174543
2751,0.002104,172.31.40.0-255,66,169740,64,174543
2752,0.002114,172.31.40.0-255,66,169806,64,174543
2753,0.002117,172.217.194.0-255,105,169911,64,174543
2754,0.002776,172.31.40.0-255,101,170012,64,174543
2755,0.005024,172.217.194.0-255,66,170078,64,174543
2756,0.011517,172.31.40.0-255,105,170183,64,174543
2757,0.013773,172.217.194.0-255,66,170249,64,174543
2758,0.033816,172.31.40.0-255,172,170421,64,174543
2759,0.033847,172.31.40.0-255,1112,171533,64,174543
2760,0.033896,172.31.40.0-255,1514,173047,64,174543
2761,0.033898,172.31.40.0-255,1298,174345,64,174543
2762,0.035355,104.244.42.0-255,66,174411,64,174543
2763,0.035389,104.244.42.0-255,66,174477,64,174543
2764,0.03544,104.244.42.0-255,66,174543,64,174543
2765,0.0,74.125.24.0-255,146,146,64,276241
2766,2.5e-05,172.31.40.0-255,66,212,64,276241
2767,3.1e-05,74.125.24.0-255,1484,1696,64,276241
2768,3.6e-05,172.31.40.0-255,66,1762,64,276241
2769,4.3e-05,74.125.24.0-255,2902,4664,64,276241
2770,4.7e-05,172.31.40.0-255,66,4730,64,276241
2771,5.2e-05,74.125.24.0-255,4320,9050,64,276241
2772,5.5e-05,172.31.40.0-255,66,9116,64,276241
2773,0.000104,74.125.24.0-255,4900,14016,64,276241
2774,0.000108,172.31.40.0-255,66,14082,64,276241
2775,0.000157,74.125.24.0-255,5738,19820,64,276241
2776,0.00016,172.31.40.0-255,66,19886,64,276241
2777,0.000167,74.125.24.0-255,5738,25624,64,276241
2778,0.000169,172.31.40.0-255,66,25690,64,276241
2779,0.000185,74.125.24.0-255,1484,27174,64,276241
2780,0.000187,172.31.40.0-255,66,27240,64,276241
2781,0.000193,74.125.24.0-255,3961,31201,64,276241
2782,0.000195,172.31.40.0-255,66,31267,64,276241
2783,0.000327,74.125.24.0-255,1484,32751,64,276241
2784,0.000332,172.31.40.0-255,66,32817,64,276241
2785,0.000353,74.125.24.0-255,2902,35719,64,276241
2786,0.000356,172.31.40.0-255,66,35785,64,276241
2787,0.000369,74.125.24.0-255,2902,38687,64,276241
2788,0.000372,172.31.40.0-255,66,38753,64,276241
2789,0.000387,74.125.24.0-255,2902,41655,64,276241
2790,0.000389,172.31.40.0-255,66,41721,64,276241
2791,0.000393,74.125.24.0-255,1484,43205,64,276241
2792,0.000395,172.31.40.0-255,66,43271,64,276241
2793,0.000426,172.31.40.0-255,66,43337,64,276241
2794,0.000429,74.125.24.0-255,1484,44821,64,276241
2795,0.000431,172.31.40.0-255,66,44887,64,276241
2796,0.000459,74.125.24.0-255,2902,47789,64,276241
2797,0.000462,172.31.40.0-255,66,47855,64,276241
2798,0.000487,74.125.24.0-255,5726,53581,64,276241
2799,0.000491,172.31.40.0-255,66,53647,64,276241
2800,0.000494,74.125.24.0-255,330,53977,64,276241
2801,0.000727,74.125.24.0-255,1484,55461,64,276241
2802,0.000731,172.31.40.0-255,66,55527,64,276241
2803,0.000737,74.125.24.0-255,2902,58429,64,276241
2804,0.000739,172.31.40.0-255,66,58495,64,276241
2805,0.000742,74.125.24.0-255,1484,59979,64,276241
2806,0.000758,74.125.24.0-255,4320,64299,64,276241
2807,0.00076,172.31.40.0-255,66,64365,64,276241
2808,0.000786,74.125.24.0-255,2902,67267,64,276241
2809,0.000789,172.31.40.0-255,66,67333,64,276241
2810,0.000795,74.125.24.0-255,5738,73071,64,276241
2811,0.000797,172.31.40.0-255,66,73137,64,276241
2812,0.000815,74.125.24.0-255,4320,77457,64,276241
2813,0.000817,172.31.40.0-255,66,77523,64,276241
2814,0.000845,172.31.40.0-255,66,77589,64,276241
2815,0.000866,74.125.24.0-255,2184,79773,64,276241
2816,0.000869,172.31.40.0-255,66,79839,64,276241
2817,0.000934,74.125.24.0-255,1484,81323,64,276241
2818,0.000939,74.125.24.0-255,2902,84225,64,276241
2819,0.000943,172.31.40.0-255,66,84291,64,276241
2820,0.00097,74.125.24.0-255,5738,90029,64,276241
2821,0.000973,172.31.40.0-255,66,90095,64,276241
2822,0.000979,74.125.24.0-255,4320,94415,64,276241
2823,0.000981,172.31.40.0-255,66,94481,64,276241
2824,0.001001,74.125.24.0-255,5738,100219,64,276241
2825,0.001006,172.31.40.0-255,66,100285,64,276241
2826,0.001043,172.31.40.0-255,66,100351,64,276241
2827,0.001066,74.125.24.0-255,5020,105371,64,276241
2828,0.001069,172.31.40.0-255,66,105437,64,276241
2829,0.001224,74.125.24.0-255,1484,106921,64,276241
2830,0.001241,74.125.24.0-255,2902,109823,64,276241
2831,0.001244,172.31.40.0-255,66,109889,64,276241
2832,0.00125,74.125.24.0-255,2902,112791,64,276241
2833,0.001252,172.31.40.0-255,66,112857,64,276241
2834,0.001275,74.125.24.0-255,2902,115759,64,276241
2835,0.001277,172.31.40.0-255,66,115825,64,276241
2836,0.001282,74.125.24.0-255,2902,118727,64,276241
2837,0.001284,172.31.40.0-255,66,118793,64,276241
2838,0.00134,172.31.40.0-255,66,118859,64,276241
2839,0.001346,74.125.24.0-255,5738,124597,64,276241
2840,0.001349,172.31.40.0-255,66,124663,64,276241
2841,0.00138,74.125.24.0-255,2902,127565,64,276241
2842,0.001383,172.31.40.0-255,66,127631,64,276241
2843,0.001388,74.125.24.0-255,2184,129815,64,276241
2844,0.00139,172.31.40.0-255,66,129881,64,276241
2845,0.001394,74.125.24.0-255,2902,132783,64,276241
2846,0.001397,172.31.40.0-255,66,132849,64,276241
2847,0.001403,74.125.24.0-255,7156,140005,64,276241
2848,0.001406,172.31.40.0-255,66,140071,64,276241
2849,0.001417,172.31.40.0-255,66,140137,64,276241
2850,0.00144,74.125.24.0-255,5738,145875,64,276241
2851,0.001443,172.31.40.0-255,66,145941,64,276241
2852,0.001481,74.125.24.0-255,2902,148843,64,276241
2853,0.001495,74.125.24.0-255,5020,153863,64,276241
2854,0.001512,172.31.40.0-255,66,153929,64,276241
2855,0.001794,74.125.24.0-255,1484,155413,64,276241
2856,0.001799,74.125.24.0-255,2902,158315,64,276241
2857,0.001805,74.125.24.0-255,5738,164053,64,276241
2858,0.001811,172.31.40.0-255,66,164119,64,276241
2859,0.001815,172.31.40.0-255,66,164185,64,276241
2860,0.00184,172.31.40.0-255,66,164251,64,276241
2861,0.001873,74.125.24.0-255,2902,167153,64,276241
2862,0.001876,172.31.40.0-255,66,167219,64,276241
2863,0.001888,172.31.40.0-255,66,167285,64,276241
2864,0.001892,74.125.24.0-255,1484,168769,64,276241
2865,0.001959,74.125.24.0-255,4320,173089,64,276241
2866,0.00197,172.31.40.0-255,66,173155,64,276241
2867,0.002002,74.125.24.0-255,5020,178175,64,276241
2868,0.002022,74.125.24.0-255,1484,179659,64,276241
2869,0.002036,74.125.24.0-255,2902,182561,64,276241
2870,0.00204,172.31.40.0-255,66,182627,64,276241
2871,0.002066,74.125.24.0-255,5738,188365,64,276241
2872,0.002074,74.125.24.0-255,7156,195521,64,276241
2873,0.00209,74.125.24.0-255,5738,201259,64,276241
2874,0.002094,74.125.24.0-255,2902,204161,64,276241
2875,0.002103,172.31.40.0-255,66,204227,64,276241
2876,0.002122,172.31.40.0-255,66,204293,64,276241
2877,0.002143,74.125.24.0-255,2902,207195,64,276241
2878,0.002159,74.125.24.0-255,5738,212933,64,276241
2879,0.002163,74.125.24.0-255,1484,214417,64,276241
2880,0.002167,172.31.40.0-255,66,214483,64,276241
2881,0.002182,74.125.24.0-255,7156,221639,64,276241
2882,0.002192,74.125.24.0-255,1484,223123,64,276241
2883,0.002196,74.125.24.0-255,2902,226025,64,276241
2884,0.002207,172.31.40.0-255,66,226091,64,276241
2885,0.002277,74.125.24.0-255,1484,227575,64,276241
2886,0.002281,74.125.24.0-255,2902,230477,64,276241
2887,0.002301,74.125.24.0-255,5738,236215,64,276241
2888,0.002323,74.125.24.0-255,5738,241953,64,276241
2889,0.002342,74.125.24.0-255,5738,247691,64,276241
2890,0.002357,74.125.24.0-255,1484,249175,64,276241
2891,0.00236,74.125.24.0-255,1484,250659,64,276241
2892,0.002365,74.125.24.0-255,4320,254979,64,276241
2893,0.002382,74.125.24.0-255,5020,259999,64,276241
2894,0.002387,74.125.24.0-255,4320,264319,64,276241
2895,0.002405,74.125.24.0-255,5738,270057,64,276241
2896,0.002487,74.125.24.0-255,1484,271541,64,276241
2897,0.00677,172.31.40.0-255,66,271607,64,276241
2898,0.00915,74.125.24.0-255,105,271712,64,276241
2899,0.009433,172.31.40.0-255,66,271778,64,276241
2900,0.009459,172.31.40.0-255,105,271883,64,276241
2901,0.011872,74.125.24.0-255,66,271949,64,276241
2902,0.031261,172.31.40.0-255,172,272121,64,276241
2903,0.031299,172.31.40.0-255,1110,273231,64,276241
2904,0.031361,172.31.40.0-255,1514,274745,64,276241
2905,0.031363,172.31.40.0-255,1298,276043,64,276241
2906,0.032919,104.244.42.0-255,66,276109,64,276241
2907,0.032978,104.244.42.0-255,66,276175,64,276241
2908,0.033066,104.244.42.0-255,66,276241,64,276241
2909,0.0,74.125.24.0-255,147,147,64,173007
2910,1.7e-05,172.31.40.0-255,66,213,64,173007
2911,5.1e-05,74.125.24.0-255,1484,1697,64,173007
2912,5.7e-05,172.31.40.0-255,66,1763,64,173007
2913,6.3e-05,74.125.24.0-255,2902,4665,64,173007
2914,6.7e-05,172.31.40.0-255,66,4731,64,173007
2915,7.4e-05,74.125.24.0-255,5738,10469,64,173007
2916,7.7e-05,172.31.40.0-255,66,10535,64,173007
2917,0.000108,74.125.24.0-255,3483,14018,64,173007
2918,0.000112,172.31.40.0-255,66,14084,64,173007
2919,0.000221,74.125.24.0-255,1484,15568,64,173007
2920,0.000226,172.31.40.0-255,66,15634,64,173007
2921,0.00023,74.125.24.0-255,2902,18536,64,173007
2922,0.000233,172.31.40.0-255,66,18602,64,173007
2923,0.000261,74.125.24.0-255,4320,22922,64,173007
2924,0.000265,172.31.40.0-255,66,22988,64,173007
2925,0.000271,74.125.24.0-255,5738,28726,64,173007
2926,0.000274,172.31.40.0-255,66,28792,64,173007
2927,0.000305,74.125.24.0-255,2902,31694,64,173007
2928,0.000308,172.31.40.0-255,66,31760,64,173007
2929,0.000345,172.31.40.0-255,66,31826,64,173007
2930,0.000352,74.125.24.0-255,7156,38982,64,173007
2931,0.000355,172.31.40.0-255,66,39048,64,173007
2932,0.000406,74.125.24.0-255,2902,41950,64,173007
2933,0.000409,172.31.40.0-255,66,42016,64,173007
2934,0.000437,172.31.40.0-255,66,42082,64,173007
2935,0.000455,74.125.24.0-255,2184,44266,64,173007
2936,0.000458,172.31.40.0-255,66,44332,64,173007
2937,0.000461,74.125.24.0-255,410,44742,64,173007
2938,0.000463,172.31.40.0-255,66,44808,64,173007
2939,0.000487,74.125.24.0-255,333,45141,64,173007
2940,0.000858,74.125.24.0-255,1484,46625,64,173007
2941,0.000863,172.31.40.0-255,66,46691,64,173007
2942,0.000869,74.125.24.0-255,2902,49593,64,173007
2943,0.000872,172.31.40.0-255,66,49659,64,173007
2944,0.000904,74.125.24.0-255,5738,55397,64,173007
2945,0.000907,172.31.40.0-255,66,55463,64,173007
2946,0.000942,172.31.40.0-255,66,55529,64,173007
2947,0.000971,74.125.24.0-255,5738,61267,64,173007
2948,0.000973,172.31.40.0-255,66,61333,64,173007
2949,0.000981,74.125.24.0-255,7156,68489,64,173007
2950,0.000984,172.31.40.0-255,66,68555,64,173007
2951,0.000987,74.125.24.0-255,766,69321,64,173007
2952,0.001966,172.31.40.0-255,66,69387,64,173007
2953,0.002106,74.125.24.0-255,1484,70871,64,173007
2954,0.002115,74.125.24.0-255,2902,73773,64,173007
2955,0.002119,172.31.40.0-255,66,73839,64,173007
2956,0.002127,74.125.24.0-255,5738,79577,64,173007
2957,0.002129,172.31.40.0-255,66,79643,64,173007
2958,0.00217,172.31.40.0-255,66,79709,64,173007
2959,0.0022,74.125.24.0-255,1484,81193,64,173007
2960,0.002214,172.31.40.0-255,66,81259,64,173007
2961,0.004601,74.125.24.0-255,5738,86997,64,173007
2962,0.004609,172.31.40.0-255,66,87063,64,173007
2963,0.007001,74.125.24.0-255,5738,92801,64,173007
2964,0.007006,172.31.40.0-255,66,92867,64,173007
2965,0.009387,74.125.24.0-255,5738,98605,64,173007
2966,0.009394,172.31.40.0-255,66,98671,64,173007
2967,0.011761,74.125.24.0-255,5738,104409,64,173007
2968,0.01177,172.31.40.0-255,66,104475,64,173007
2969,0.014132,74.125.24.0-255,5738,110213,64,173007
2970,0.01414,172.31.40.0-255,66,110279,64,173007
2971,0.016523,74.125.24.0-255,5738,116017,64,173007
2972,0.016535,172.31.40.0-255,66,116083,64,173007
2973,0.01899,74.125.24.0-255,5738,121821,64,173007
2974,0.018998,172.31.40.0-255,66,121887,64,173007
2975,0.021399,74.125.24.0-255,5738,127625,64,173007
2976,0.021412,172.31.40.0-255,66,127691,64,173007
2977,0.023793,74.125.24.0-255,5738,133429,64,173007
2978,0.0238,172.31.40.0-255,66,133495,64,173007
2979,0.026195,74.125.24.0-255,5738,139233,64,173007
2980,0.026205,172.31.40.0-255,66,139299,64,173007
2981,0.0286,74.125.24.0-255,5738,145037,64,173007
2982,0.028609,172.31.40.0-255,66,145103,64,173007
2983,0.030235,172.31.40.0-255,172,145275,64,173007
2984,0.030265,172.31.40.0-255,1110,146385,64,173007
2985,0.030319,172.31.40.0-255,1514,147899,64,173007
2986,0.030321,172.31.40.0-255,1298,149197,64,173007
2987,0.031016,74.125.24.0-255,5738,154935,64,173007
2988,0.031024,172.31.40.0-255,66,155001,64,173007
2989,0.031913,104.244.42.0-255,66,155067,64,173007
2990,0.032127,104.244.42.0-255,66,155133,64,173007
2991,0.032148,104.244.42.0-255,66,155199,64,173007
2992,0.033388,74.125.24.0-255,2902,158101,64,173007
2993,0.033395,172.31.40.0-255,66,158167,64,173007
2994,0.033426,74.125.24.0-255,2902,161069,64,173007
2995,0.03343,172.31.40.0-255,66,161135,64,173007
2996,0.035786,74.125.24.0-255,2902,164037,64,173007
2997,0.035792,172.31.40.0-255,66,164103,64,173007
2998,0.035822,74.125.24.0-255,2902,167005,64,173007
2999,0.035825,172.31.40.0-255,66,167071,64,173007
3000,0.038196,74.125.24.0-255,2902,169973,64,173007
3001,0.038207,172.31.40.0-255,66,170039,64,173007
3002,0.038236,74.125.24.0-255,2902,172941,64,173007
3003,0.038239,172.31.40.0-255,66,173007,64,173007
3004,0.0,172.217.194.0-255,152,152,64,184048
3005,1.9e-05,172.31.40.0-255,66,218,64,184048
3006,2.5e-05,172.217.194.0-255,1484,1702,64,184048
3007,3e-05,172.31.40.0-255,66,1768,64,184048
3008,3.6e-05,172.217.194.0-255,2902,4670,64,184048
3009,4e-05,172.31.40.0-255,66,4736,64,184048
3010,4.8e-05,172.217.194.0-255,7156,11892,64,184048
3011,5.1e-05,172.31.40.0-255,66,11958,64,184048
3012,9e-05,172.31.40.0-255,66,12024,64,184048
3013,0.000112,172.217.194.0-255,5738,17762,64,184048
3014,0.000115,172.31.40.0-255,66,17828,64,184048
3015,0.000134,172.217.194.0-255,2543,20371,64,184048
3016,0.000137,172.31.40.0-255,66,20437,64,184048
3017,0.000176,172.217.194.0-255,7156,27593,64,184048
3018,0.000178,172.31.40.0-255,66,27659,64,184048
3019,0.000185,172.217.194.0-255,5738,33397,64,184048
3020,0.000188,172.31.40.0-255,66,33463,64,184048
3021,0.0002,172.217.194.0-255,2902,36365,64,184048
3022,0.000204,172.31.40.0-255,66,36431,64,184048
3023,0.000212,172.217.194.0-255,1484,37915,64,184048
3024,0.000214,172.31.40.0-255,66,37981,64,184048
3025,0.000252,172.31.40.0-255,66,38047,64,184048
3026,0.000254,172.217.194.0-255,120,38167,64,184048
3027,0.000257,172.31.40.0-255,66,38233,64,184048
3028,0.00029,172.217.194.0-255,376,38609,64,184048
3029,0.000293,172.31.40.0-255,66,38675,64,184048
3030,0.000502,172.217.194.0-255,1484,40159,64,184048
3031,0.000507,172.31.40.0-255,66,40225,64,184048
3032,0.000513,172.217.194.0-255,2902,43127,64,184048
3033,0.000516,172.31.40.0-255,66,43193,64,184048
3034,0.000522,172.217.194.0-255,5738,48931,64,184048
3035,0.000525,172.31.40.0-255,66,48997,64,184048
3036,0.000573,172.31.40.0-255,66,49063,64,184048
3037,0.000583,172.217.194.0-255,5738,54801,64,184048
3038,0.000586,172.31.40.0-255,66,54867,64,184048
3039,0.000602,172.217.194.0-255,5020,59887,64,184048
3040,0.000604,172.31.40.0-255,66,59953,64,184048
3041,0.000831,172.217.194.0-255,1484,61437,64,184048
3042,0.000839,172.217.194.0-255,2902,64339,64,184048
3043,0.000842,172.31.40.0-255,66,64405,64,184048
3044,0.000865,172.217.194.0-255,5738,70143,64,184048
3045,0.000868,172.31.40.0-255,66,70209,64,184048
3046,0.000875,172.217.194.0-255,4320,74529,64,184048
3047,0.000877,172.31.40.0-255,66,74595,64,184048
3048,0.000902,172.31.40.0-255,66,74661,64,184048
3049,0.000945,172.31.40.0-255,66,74727,64,184048
3050,0.000995,172.217.194.0-255,1484,76211,64,184048
3051,0.001,172.217.194.0-255,2902,79113,64,184048
3052,0.001004,172.31.40.0-255,66,79179,64,184048
3053,0.001029,172.217.194.0-255,5738,84917,64,184048
3054,0.001032,172.31.40.0-255,66,84983,64,184048
3055,0.00105,172.217.194.0-255,5738,90721,64,184048
3056,0.001053,172.31.40.0-255,66,90787,64,184048
3057,0.001064,172.31.40.0-255,66,90853,64,184048
3058,0.001083,172.217.194.0-255,2902,93755,64,184048
3059,0.001086,172.31.40.0-255,66,93821,64,184048
3060,0.001092,172.217.194.0-255,5020,98841,64,184048
3061,0.001094,172.31.40.0-255,66,98907,64,184048
3062,0.001603,172.217.194.0-255,1484,100391,64,184048
3063,0.001609,172.217.194.0-255,2902,103293,64,184048
3064,0.001612,172.31.40.0-255,66,103359,64,184048
3065,0.001619,172.217.194.0-255,5738,109097,64,184048
3066,0.001621,172.31.40.0-255,66,109163,64,184048
3067,0.001649,172.217.194.0-255,1484,110647,64,184048
3068,0.001687,172.31.40.0-255,66,110713,64,184048
3069,0.00169,172.217.194.0-255,1484,112197,64,184048
3070,0.001718,172.31.40.0-255,66,112263,64,184048
3071,0.002184,172.217.194.0-255,1484,113747,64,184048
3072,0.00219,172.217.194.0-255,2902,116649,64,184048
3073,0.002194,172.31.40.0-255,66,116715,64,184048
3074,0.002219,172.217.194.0-255,5738,122453,64,184048
3075,0.002222,172.31.40.0-255,66,122519,64,184048
3076,0.002227,172.217.194.0-255,4320,126839,64,184048
3077,0.00223,172.31.40.0-255,66,126905,64,184048
3078,0.002265,172.31.40.0-255,66,126971,64,184048
3079,0.002299,172.31.40.0-255,66,127037,64,184048
3080,0.002302,172.217.194.0-255,766,127803,64,184048
3081,0.002468,172.217.194.0-255,1484,129287,64,184048
3082,0.002472,172.31.40.0-255,66,129353,64,184048
3083,0.002477,172.217.194.0-255,1484,130837,64,184048
3084,0.00248,172.217.194.0-255,1484,132321,64,184048
3085,0.002482,172.31.40.0-255,66,132387,64,184048
3086,0.002496,172.217.194.0-255,2902,135289,64,184048
3087,0.002498,172.31.40.0-255,66,135355,64,184048
3088,0.002501,172.217.194.0-255,1484,136839,64,184048
3089,0.002533,172.31.40.0-255,66,136905,64,184048
3090,0.002545,172.31.40.0-255,66,136971,64,184048
3091,0.002609,172.31.40.0-255,66,137037,64,184048
3092,0.00262,172.31.40.0-255,66,137103,64,184048
3093,0.00265,172.31.40.0-255,66,137169,64,184048
3094,0.00289,172.217.194.0-255,1484,138653,64,184048
3095,0.002905,172.217.194.0-255,2902,141555,64,184048
3096,0.002908,172.31.40.0-255,66,141621,64,184048
3097,0.002931,172.217.194.0-255,5738,147359,64,184048
3098,0.002934,172.31.40.0-255,66,147425,64,184048
3099,0.002937,172.217.194.0-255,1484,148909,64,184048
3100,0.002958,172.31.40.0-255,66,148975,64,184048
3101,0.002977,172.217.194.0-255,1484,150459,64,184048
3102,0.002996,172.217.194.0-255,7156,157615,64,184048
3103,0.002998,172.31.40.0-255,66,157681,64,184048
3104,0.003028,172.217.194.0-255,6438,164119,64,184048
3105,0.003031,172.31.40.0-255,66,164185,64,184048
3106,0.003042,172.31.40.0-255,66,164251,64,184048
3107,0.003054,172.31.40.0-255,66,164317,64,184048
3108,0.003057,172.217.194.0-255,1484,165801,64,184048
3109,0.0031,172.31.40.0-255,66,165867,64,184048
3110,0.003105,172.217.194.0-255,2902,168769,64,184048
3111,0.003107,172.31.40.0-255,66,168835,64,184048
3112,0.00311,172.217.194.0-255,1484,170319,64,184048
3113,0.00313,172.31.40.0-255,66,170385,64,184048
3114,0.003136,172.217.194.0-255,6438,176823,64,184048
3115,0.003139,172.31.40.0-255,66,176889,64,184048
3116,0.003141,172.217.194.0-255,1484,178373,64,184048
3117,0.003187,172.31.40.0-255,66,178439,64,184048
3118,0.00319,172.217.194.0-255,105,178544,64,184048
3119,0.009051,172.31.40.0-255,66,178610,64,184048
3120,0.009089,172.31.40.0-255,105,178715,64,184048
3121,0.011253,172.217.194.0-255,66,178781,64,184048
3122,0.031355,172.31.40.0-255,167,178948,64,184048
3123,0.031389,172.31.40.0-255,1110,180058,64,184048
3124,0.031448,172.31.40.0-255,1514,181572,64,184048
3125,0.03145,172.31.40.0-255,1514,183086,64,184048
3126,0.031477,172.31.40.0-255,698,183784,64,184048
3127,0.032897,104.244.42.0-255,66,183850,64,184048
3128,0.032933,104.244.42.0-255,66,183916,64,184048
3129,0.033037,104.244.42.0-255,66,183982,64,184048
3130,0.033059,104.244.42.0-255,66,184048,64,184048
3131,0.0,74.125.130.0-255,146,146,64,194662
3132,2.2e-05,172.31.40.0-255,66,212,64,194662
3133,2.9e-05,74.125.130.0-255,1484,1696,64,194662
3134,3.3e-05,172.31.40.0-255,66,1762,64,194662
3135,4.7e-05,74.125.130.0-255,2902,4664,64,194662
3136,5.1e-05,172.31.40.0-255,66,4730,64,194662
3137,8.9e-05,74.125.130.0-255,7156,11886,64,194662
3138,9.2e-05,172.31.40.0-255,66,11952,64,194662
3139,0.000104,172.31.40.0-255,66,12018,64,194662
3140,0.000108,74.125.130.0-255,2902,14920,64,194662
3141,0.000112,172.31.40.0-255,66,14986,64,194662
3142,0.000158,74.125.130.0-255,4320,19306,64,194662
3143,0.000161,172.31.40.0-255,66,19372,64,194662
3144,0.000179,74.125.130.0-255,3961,23333,64,194662
3145,0.000181,172.31.40.0-255,66,23399,64,194662
3146,0.000279,74.125.130.0-255,1484,24883,64,194662
3147,0.000284,172.31.40.0-255,66,24949,64,194662
3148,0.000302,74.125.130.0-255,2902,27851,64,194662
3149,0.000305,172.31.40.0-255,66,27917,64,194662
3150,0.000334,74.125.130.0-255,4320,32237,64,194662
3151,0.000337,172.31.40.0-255,66,32303,64,194662
3152,0.00036,74.125.130.0-255,2902,35205,64,194662
3153,0.000363,172.31.40.0-255,66,35271,64,194662
3154,0.000404,74.125.130.0-255,4320,39591,64,194662
3155,0.000408,172.31.40.0-255,66,39657,64,194662
3156,0.000411,74.125.130.0-255,1484,41141,64,194662
3157,0.000413,172.31.40.0-255,66,41207,64,194662
3158,0.00044,74.125.130.0-255,2902,44109,64,194662
3159,0.000443,172.31.40.0-255,66,44175,64,194662
3160,0.000457,74.125.130.0-255,2902,47077,64,194662
3161,0.000463,172.31.40.0-255,66,47143,64,194662
3162,0.000486,74.125.130.0-255,2902,50045,64,194662
3163,0.000489,172.31.40.0-255,66,50111,64,194662
3164,0.000496,74.125.130.0-255,7156,57267,64,194662
3165,0.000498,172.31.40.0-255,66,57333,64,194662
3166,0.000501,74.125.130.0-255,766,58099,64,194662
3167,0.000549,74.125.130.0-255,340,58439,64,194662
3168,0.000576,74.125.130.0-255,118,58557,64,194662
3169,0.001031,74.125.130.0-255,381,58938,64,194662
3170,0.001161,172.31.40.0-255,66,59004,64,194662
3171,0.001444,74.125.130.0-255,1484,60488,64,194662
3172,0.001466,74.125.130.0-255,1484,61972,64,194662
3173,0.00147,172.31.40.0-255,66,62038,64,194662
3174,0.001477,74.125.130.0-255,2902,64940,64,194662
3175,0.001479,172.31.40.0-255,66,65006,64,194662
3176,0.001523,74.125.130.0-255,2902,67908,64,194662
3177,0.001526,172.31.40.0-255,66,67974,64,194662
3178,0.001553,74.125.130.0-255,2902,70876,64,194662
3179,0.001555,172.31.40.0-255,66,70942,64,194662
3180,0.001559,74.125.130.0-255,1484,72426,64,194662
3181,0.001563,74.125.130.0-255,2902,75328,64,194662
3182,0.001565,172.31.40.0-255,66,75394,64,194662
3183,0.001572,74.125.130.0-255,5738,81132,64,194662
3184,0.001573,172.31.40.0-255,66,81198,64,194662
3185,0.001576,74.125.130.0-255,1484,82682,64,194662
3186,0.00163,74.125.130.0-255,2902,85584,64,194662
3187,0.001633,172.31.40.0-255,66,85650,64,194662
3188,0.001664,74.125.130.0-255,4320,89970,64,194662
3189,0.001666,172.31.40.0-255,66,90036,64,194662
3190,0.001671,74.125.130.0-255,2902,92938,64,194662
3191,0.001673,172.31.40.0-255,66,93004,64,194662
3192,0.001722,74.125.130.0-255,766,93770,64,194662
3193,0.002443,74.125.130.0-255,1484,95254,64,194662
3194,0.002449,172.31.40.0-255,66,95320,64,194662
3195,0.002484,74.125.130.0-255,2902,98222,64,194662
3196,0.002487,172.31.40.0-255,66,98288,64,194662
3197,0.00249,74.125.130.0-255,1484,99772,64,194662
3198,0.002495,74.125.130.0-255,2902,102674,64,194662
3199,0.002498,172.31.40.0-255,66,102740,64,194662
3200,0.002532,74.125.130.0-255,4320,107060,64,194662
3201,0.002534,172.31.40.0-255,66,107126,64,194662
3202,0.00256,74.125.130.0-255,2902,110028,64,194662
3203,0.002563,172.31.40.0-255,66,110094,64,194662
3204,0.005044,74.125.130.0-255,2902,112996,64,194662
3205,0.005047,172.31.40.0-255,66,113062,64,194662
3206,0.005074,74.125.130.0-255,2902,115964,64,194662
3207,0.005077,172.31.40.0-255,66,116030,64,194662
3208,0.007569,74.125.130.0-255,1484,117514,64,194662
3209,0.007587,74.125.130.0-255,4320,121834,64,194662
3210,0.007591,172.31.40.0-255,66,121900,64,194662
3211,0.010124,74.125.130.0-255,5738,127638,64,194662
3212,0.010134,172.31.40.0-255,66,127704,64,194662
3213,0.012666,74.125.130.0-255,5738,133442,64,194662
3214,0.012675,172.31.40.0-255,66,133508,64,194662
3215,0.015223,74.125.130.0-255,5738,139246,64,194662
3216,0.01523,172.31.40.0-255,66,139312,64,194662
3217,0.017761,74.125.130.0-255,5738,145050,64,194662
3218,0.017771,172.31.40.0-255,66,145116,64,194662
3219,0.020299,74.125.130.0-255,5738,150854,64,194662
3220,0.020308,172.31.40.0-255,66,150920,64,194662
3221,0.02284,74.125.130.0-255,5738,156658,64,194662
3222,0.022848,172.31.40.0-255,66,156724,64,194662
3223,0.02537,74.125.130.0-255,5738,162462,64,194662
3224,0.025378,172.31.40.0-255,66,162528,64,194662
3225,0.027901,74.125.130.0-255,4320,166848,64,194662
3226,0.027906,172.31.40.0-255,66,166914,64,194662
3227,0.027933,74.125.130.0-255,1484,168398,64,194662
3228,0.03017,172.31.40.0-255,172,168570,64,194662
3229,0.030194,172.31.40.0-255,1110,169680,64,194662
3230,0.030243,172.31.40.0-255,1514,171194,64,194662
3231,0.030244,172.31.40.0-255,1298,172492,64,194662
3232,0.030429,74.125.130.0-255,4320,176812,64,194662
3233,0.030435,172.31.40.0-255,66,176878,64,194662
3234,0.031757,104.244.42.0-255,66,176944,64,194662
3235,0.031786,104.244.42.0-255,66,177010,64,194662
3236,0.031804,104.244.42.0-255,66,177076,64,194662
3237,0.032491,104.244.42.0-255,108,177184,64,194662
3238,0.032498,172.31.40.0-255,66,177250,64,194662
3239,0.032973,74.125.130.0-255,5738,182988,64,194662
3240,0.032978,172.31.40.0-255,66,183054,64,194662
3241,0.035513,74.125.130.0-255,5738,188792,64,194662
3242,0.03552,172.31.40.0-255,66,188858,64,194662
3243,0.038055,74.125.130.0-255,5738,194596,64,194662
3244,0.038061,172.31.40.0-255,66,194662,64,194662
3245,0.0,172.217.194.0-255,146,146,64,129410
3246,2.1e-05,172.31.40.0-255,66,212,64,129410
3247,2.8e-05,172.217.194.0-255,1484,1696,64,129410
3248,3.3e-05,172.31.40.0-255,66,1762,64,129410
3249,3.8e-05,172.217.194.0-255,2902,4664,64,129410
3250,4.9e-05,172.31.40.0-255,66,4730,64,129410
3251,9.2e-05,172.217.194.0-255,4320,9050,64,129410
3252,9.6e-05,172.31.40.0-255,66,9116,64,129410
3253,0.000121,172.217.194.0-255,2902,12018,64,129410
3254,0.000124,172.31.40.0-255,66,12084,64,129410
3255,0.000302,172.217.194.0-255,2054,14138,64,129410
3256,0.000308,172.31.40.0-255,66,14204,64,129410
3257,0.000354,172.217.194.0-255,2902,17106,64,129410
3258,0.000357,172.31.40.0-255,66,17172,64,129410
3259,0.000392,172.31.40.0-255,66,17238,64,129410
3260,0.000683,172.217.194.0-255,5379,22617,64,129410
3261,0.000687,172.31.40.0-255,66,22683,64,129410
3262,0.000841,172.217.194.0-255,2902,25585,64,129410
3263,0.000846,172.31.40.0-255,66,25651,64,129410
3264,0.00089,172.31.40.0-255,66,25717,64,129410
3265,0.001497,172.217.194.0-255,5738,31455,64,129410
3266,0.001506,172.31.40.0-255,66,31521,64,129410
3267,0.001525,172.217.194.0-255,5379,36900,64,129410
3268,0.001528,172.31.40.0-255,66,36966,64,129410
3269,0.001771,172.217.194.0-255,646,37612,64,129410
3270,0.001777,172.31.40.0-255,66,37678,64,129410
3271,0.001812,172.217.194.0-255,4320,41998,64,129410
3272,0.001815,172.31.40.0-255,66,42064,64,129410
3273,0.001851,172.31.40.0-255,66,42130,64,129410
3274,0.00221,172.217.194.0-255,2902,45032,64,129410
3275,0.002252,172.217.194.0-255,3602,48634,64,129410
3276,0.002645,172.31.40.0-255,66,48700,64,129410
3277,0.002767,172.217.194.0-255,7156,55856,64,129410
3278,0.002798,172.31.40.0-255,66,55922,64,129410
3279,0.002844,172.31.40.0-255,66,55988,64,129410
3280,0.003742,172.217.194.0-255,4320,60308,64,129410
3281,0.003747,172.31.40.0-255,66,60374,64,129410
3282,0.003831,172.217.194.0-255,1484,61858,64,129410
3283,0.008773,172.31.40.0-255,66,61924,64,129410
3284,0.011245,172.217.194.0-255,5738,67662,64,129410
3285,0.011253,172.31.40.0-255,66,67728,64,129410
3286,0.01371,172.217.194.0-255,2902,70630,64,129410
3287,0.013719,172.31.40.0-255,66,70696,64,129410
3288,0.013751,172.217.194.0-255,2902,73598,64,129410
3289,0.01433,172.31.40.0-255,66,73664,64,129410
3290,0.016213,172.217.194.0-255,2902,76566,64,129410
3291,0.016221,172.31.40.0-255,66,76632,64,129410
3292,0.016834,172.217.194.0-255,2902,79534,64,129410
3293,0.016841,172.31.40.0-255,66,79600,64,129410
3294,0.018722,172.217.194.0-255,2902,82502,64,129410
3295,0.018731,172.31.40.0-255,66,82568,64,129410
3296,0.019325,172.217.194.0-255,2902,85470,64,129410
3297,0.019331,172.31.40.0-255,66,85536,64,129410
3298,0.021227,172.217.194.0-255,2902,88438,64,129410
3299,0.021801,172.217.194.0-255,2902,91340,64,129410
3300,0.022639,172.31.40.0-255,66,91406,64,129410
3301,0.025145,172.217.194.0-255,5738,97144,64,129410
3302,0.025153,172.31.40.0-255,66,97210,64,129410
3303,0.027658,172.217.194.0-255,5738,102948,64,129410
3304,0.027665,172.31.40.0-255,66,103014,64,129410
3305,0.029983,172.31.40.0-255,172,103186,64,129410
3306,0.030011,172.31.40.0-255,1112,104298,64,129410
3307,0.03006,172.31.40.0-255,1514,105812,64,129410
3308,0.030062,172.31.40.0-255,1296,107108,64,129410
3309,0.030121,172.217.194.0-255,5738,112846,64,129410
3310,0.030125,172.31.40.0-255,66,112912,64,129410
3311,0.031632,104.244.42.0-255,66,112978,64,129410
3312,0.031704,104.244.42.0-255,66,113044,64,129410
3313,0.031707,104.244.42.0-255,66,113110,64,129410
3314,0.032373,104.244.42.0-255,108,113218,64,129410
3315,0.03238,172.31.40.0-255,66,113284,64,129410
3316,0.032678,172.217.194.0-255,4320,117604,64,129410
3317,0.032682,172.31.40.0-255,66,117670,64,129410
3318,0.032711,172.217.194.0-255,1484,119154,64,129410
3319,0.03518,172.217.194.0-255,4320,123474,64,129410
3320,0.035187,172.31.40.0-255,66,123540,64,129410
3321,0.037719,172.217.194.0-255,4320,127860,64,129410
3322,0.037727,172.31.40.0-255,66,127926,64,129410
3323,0.037757,172.217.194.0-255,1484,129410,64,129410
3324,0.0,74.125.24.0-255,150,150,64,277287
3325,2.9e-05,172.31.40.0-255,66,216,64,277287
3326,3.5e-05,74.125.24.0-255,1484,1700,64,277287
3327,3.9e-05,172.31.40.0-255,66,1766,64,277287
3328,4.3e-05,74.125.24.0-255,2902,4668,64,277287
3329,4.6e-05,172.31.40.0-255,66,4734,64,277287
3330,7.6e-05,74.125.24.0-255,7156,11890,64,277287
3331,7.8e-05,172.31.40.0-255,66,11956,64,277287
3332,8.2e-05,74.125.24.0-255,2902,14858,64,277287
3333,8.4e-05,172.31.40.0-255,66,14924,64,277287
3334,0.000117,172.31.40.0-255,66,14990,64,277287
3335,0.000143,74.125.24.0-255,5379,20369,64,277287
3336,0.000145,172.31.40.0-255,66,20435,64,277287
3337,0.000259,74.125.24.0-255,1484,21919,64,277287
3338,0.000263,172.31.40.0-255,66,21985,64,277287
3339,0.000275,74.125.24.0-255,2902,24887,64,277287
3340,0.000279,172.31.40.0-255,66,24953,64,277287
3341,0.000282,74.125.24.0-255,1484,26437,64,277287
3342,0.000284,172.31.40.0-255,66,26503,64,277287
3343,0.00031,74.125.24.0-255,4320,30823,64,277287
3344,0.000314,172.31.40.0-255,66,30889,64,277287
3345,0.00032,74.125.24.0-255,7156,38045,64,277287
3346,0.000322,172.31.40.0-255,66,38111,64,277287
3347,0.000337,74.125.24.0-255,3961,42072,64,277287
3348,0.000341,172.31.40.0-255,66,42138,64,277287
3349,0.000343,74.125.24.0-255,7156,49294,64,277287
3350,0.000346,172.31.40.0-255,66,49360,64,277287
3351,0.000369,74.125.24.0-255,5379,54739,64,277287
3352,0.000372,172.31.40.0-255,66,54805,64,277287
3353,0.000374,74.125.24.0-255,413,55218,64,277287
3354,0.000375,172.31.40.0-255,66,55284,64,277287
3355,0.000417,74.125.24.0-255,330,55614,64,277287
3356,0.000574,74.125.24.0-255,1484,57098,64,277287
3357,0.000577,172.31.40.0-255,66,57164,64,277287
3358,0.000597,74.125.24.0-255,2902,60066,64,277287
3359,0.0006,172.31.40.0-255,66,60132,64,277287
3360,0.000605,74.125.24.0-255,4320,64452,64,277287
3361,0.000607,172.31.40.0-255,66,64518,64,277287
3362,0.000624,74.125.24.0-255,1484,66002,64,277287
3363,0.000628,74.125.24.0-255,2902,68904,64,277287
3364,0.000631,172.31.40.0-255,66,68970,64,277287
3365,0.00066,172.31.40.0-255,66,69036,64,277287
3366,0.000669,172.31.40.0-255,66,69102,64,277287
3367,0.000709,74.125.24.0-255,1125,70227,64,277287
3368,0.000926,172.31.40.0-255,66,70293,64,277287
3369,0.001041,74.125.24.0-255,1484,71777,64,277287
3370,0.00106,74.125.24.0-255,2902,74679,64,277287
3371,0.001063,172.31.40.0-255,66,74745,64,277287
3372,0.001067,74.125.24.0-255,1484,76229,64,277287
3373,0.001086,74.125.24.0-255,4320,80549,64,277287
3374,0.001089,172.31.40.0-255,66,80615,64,277287
3375,0.001092,74.125.24.0-255,1484,82099,64,277287
3376,0.001106,74.125.24.0-255,4320,86419,64,277287
3377,0.001109,172.31.40.0-255,66,86485,64,277287
3378,0.001136,74.125.24.0-255,7156,93641,64,277287
3379,0.001139,172.31.40.0-255,66,93707,64,277287
3380,0.001144,74.125.24.0-255,2902,96609,64,277287
3381,0.001145,172.31.40.0-255,66,96675,64,277287
3382,0.001162,74.125.24.0-255,4320,100995,64,277287
3383,0.001165,172.31.40.0-255,66,101061,64,277287
3384,0.001179,74.125.24.0-255,1484,102545,64,277287
3385,0.001194,74.125.24.0-255,2184,104729,64,277287
3386,0.001196,172.31.40.0-255,66,104795,64,277287
3387,0.001227,74.125.24.0-255,1484,106279,64,277287
3388,0.001231,74.125.24.0-255,2902,109181,64,277287
3389,0.001233,172.31.40.0-255,66,109247,64,277287
3390,0.001245,74.125.24.0-255,1484,110731,64,277287
3391,0.001259,74.125.24.0-255,4320,115051,64,277287
3392,0.001262,172.31.40.0-255,66,115117,64,277287
3393,0.001265,74.125.24.0-255,1484,116601,64,277287
3394,0.001269,74.125.24.0-255,2902,119503,64,277287
3395,0.001271,172.31.40.0-255,66,119569,64,277287
3396,0.001286,74.125.24.0-255,5738,125307,64,277287
3397,0.001289,172.31.40.0-255,66,125373,64,277287
3398,0.001308,74.125.24.0-255,1484,126857,64,277287
3399,0.001346,172.31.40.0-255,66,126923,64,277287
3400,0.001875,74.125.24.0-255,1484,128407,64,277287
3401,0.001882,74.125.24.0-255,2902,131309,64,277287
3402,0.001885,172.31.40.0-255,66,131375,64,277287
3403,0.001911,74.125.24.0-255,5738,137113,64,277287
3404,0.001913,172.31.40.0-255,66,137179,64,277287
3405,0.001917,74.125.24.0-255,4320,141499,64,277287
3406,0.001919,172.31.40.0-255,66,141565,64,277287
3407,0.001946,74.125.24.0-255,4320,145885,64,277287
3408,0.001948,172.31.40.0-255,66,145951,64,277287
3409,0.001973,74.125.24.0-255,7156,153107,64,277287
3410,0.001975,172.31.40.0-255,66,153173,64,277287
3411,0.001979,74.125.24.0-255,4320,157493,64,277287
3412,0.001981,172.31.40.0-255,66,157559,64,277287
3413,0.001999,74.125.24.0-255,3602,161161,64,277287
3414,0.002001,172.31.40.0-255,66,161227,64,277287
3415,0.00207,74.125.24.0-255,1484,162711,64,277287
3416,0.002086,74.125.24.0-255,2902,165613,64,277287
3417,0.002088,172.31.40.0-255,66,165679,64,277287
3418,0.002119,74.125.24.0-255,5738,171417,64,277287
3419,0.002121,172.31.40.0-255,66,171483,64,277287
3420,0.002126,74.125.24.0-255,5738,177221,64,277287
3421,0.002128,172.31.40.0-255,66,177287,64,277287
3422,0.002146,74.125.24.0-255,2902,180189,64,277287
3423,0.002148,172.31.40.0-255,66,180255,64,277287
3424,0.002166,172.31.40.0-255,66,180321,64,277287
3425,0.00217,74.125.24.0-255,2902,183223,64,277287
3426,0.002172,172.31.40.0-255,66,183289,64,277287
3427,0.002192,74.125.24.0-255,2184,185473,64,277287
3428,0.002194,172.31.40.0-255,66,185539,64,277287
3429,0.004411,74.125.24.0-255,4320,189859,64,277287
3430,0.004414,172.31.40.0-255,66,189925,64,277287
3431,0.004429,74.125.24.0-255,1484,191409,64,277287
3432,0.006635,74.125.24.0-255,4320,195729,64,277287
3433,0.006641,172.31.40.0-255,66,195795,64,277287
3434,0.008885,74.125.24.0-255,5738,201533,64,277287
3435,0.008891,172.31.40.0-255,66,201599,64,277287
3436,0.011126,74.125.24.0-255,5738,207337,64,277287
3437,0.011134,172.31.40.0-255,66,207403,64,277287
3438,0.013422,74.125.24.0-255,5738,213141,64,277287
3439,0.01343,172.31.40.0-255,66,213207,64,277287
3440,0.015659,74.125.24.0-255,4320,217527,64,277287
3441,0.015668,172.31.40.0-255,66,217593,64,277287
3442,0.015689,74.125.24.0-255,1484,219077,64,277287
3443,0.018007,74.125.24.0-255,2902,221979,64,277287
3444,0.018015,172.31.40.0-255,66,222045,64,277287
3445,0.018042,74.125.24.0-255,1484,223529,64,277287
3446,0.020284,74.125.24.0-255,4320,227849,64,277287
3447,0.02029,172.31.40.0-255,66,227915,64,277287
3448,0.022603,74.125.24.0-255,5738,233653,64,277287
3449,0.02261,172.31.40.0-255,66,233719,64,277287
3450,0.02484,74.125.24.0-255,5738,239457,64,277287
3451,0.024848,172.31.40.0-255,66,239523,64,277287
3452,0.027077,74.125.24.0-255,5738,245261,64,277287
3453,0.027085,172.31.40.0-255,66,245327,64,277287
3454,0.02934,74.125.24.0-255,5738,251065,64,277287
3455,0.029347,172.31.40.0-255,66,251131,64,277287
3456,0.031577,74.125.24.0-255,5738,256869,64,277287
3457,0.031584,172.31.40.0-255,66,256935,64,277287
3458,0.032174,172.31.40.0-255,172,257107,64,277287
3459,0.032206,172.31.40.0-255,1110,258217,64,277287
3460,0.032244,172.31.40.0-255,1514,259731,64,277287
3461,0.032245,172.31.40.0-255,1298,261029,64,277287
3462,0.033813,104.244.42.0-255,66,261095,64,277287
3463,0.033819,74.125.24.0-255,5738,266833,64,277287
3464,0.033822,172.31.40.0-255,66,266899,64,277287
3465,0.03386,104.244.42.0-255,66,266965,64,277287
3466,0.03392,104.244.42.0-255,66,267031,64,277287
3467,0.036073,74.125.24.0-255,4320,271351,64,277287
3468,0.036078,172.31.40.0-255,66,271417,64,277287
3469,0.036107,74.125.24.0-255,1484,272901,64,277287
3470,0.03836,74.125.24.0-255,4320,277221,64,277287
3471,0.038365,172.31.40.0-255,66,277287,64,277287
3472,0.0,172.217.194.0-255,295,295,64,229276
3473,1.8e-05,172.31.40.0-255,66,361,64,229276
3474,2.4e-05,172.217.194.0-255,1484,1845,64,229276
3475,2.8e-05,172.31.40.0-255,66,1911,64,229276
3476,3.5e-05,172.217.194.0-255,4320,6231,64,229276
3477,4.4e-05,172.31.40.0-255,66,6297,64,229276
3478,4.9e-05,172.217.194.0-255,4320,10617,64,229276
3479,5.3e-05,172.31.40.0-255,66,10683,64,229276
3480,8e-05,172.217.194.0-255,3275,13958,64,229276
3481,8.2e-05,172.31.40.0-255,66,14024,64,229276
3482,9.3e-05,172.31.40.0-255,66,14090,64,229276
3483,0.00013,172.31.40.0-255,66,14156,64,229276
3484,0.000158,172.217.194.0-255,1484,15640,64,229276
3485,0.00016,172.31.40.0-255,66,15706,64,229276
3486,0.000165,172.217.194.0-255,2902,18608,64,229276
3487,0.000167,172.31.40.0-255,66,18674,64,229276
3488,0.000195,172.217.194.0-255,5738,24412,64,229276
3489,0.000203,172.31.40.0-255,66,24478,64,229276
3490,0.000213,172.217.194.0-255,7156,31634,64,229276
3491,0.000215,172.31.40.0-255,66,31700,64,229276
3492,0.000228,172.217.194.0-255,2543,34243,64,229276
3493,0.000234,172.31.40.0-255,66,34309,64,229276
3494,0.000267,172.217.194.0-255,4320,38629,64,229276
3495,0.00027,172.31.40.0-255,66,38695,64,229276
3496,0.000306,172.31.40.0-255,66,38761,64,229276
3497,0.00031,172.217.194.0-255,1484,40245,64,229276
3498,0.000311,172.31.40.0-255,66,40311,64,229276
3499,0.000316,172.217.194.0-255,2902,43213,64,229276
3500,0.000319,172.31.40.0-255,66,43279,64,229276
3501,0.000358,172.217.194.0-255,5738,49017,64,229276
3502,0.000372,172.217.194.0-255,2902,51919,64,229276
3503,0.000399,172.217.194.0-255,5738,57657,64,229276
3504,0.000436,172.217.194.0-255,4320,61977,64,229276
3505,0.000452,172.217.194.0-255,2260,64237,64,229276
3506,0.00046,172.217.194.0-255,7156,71393,64,229276
3507,0.000466,172.217.194.0-255,5738,77131,64,229276
3508,0.000486,172.217.194.0-255,3961,81092,64,229276
3509,0.000609,172.217.194.0-255,1484,82576,64,229276
3510,0.000614,172.217.194.0-255,1484,84060,64,229276
3511,0.000619,172.31.40.0-255,66,84126,64,229276
3512,0.000627,172.217.194.0-255,1484,85610,64,229276
3513,0.000639,172.217.194.0-255,5738,91348,64,229276
3514,0.000645,172.31.40.0-255,66,91414,64,229276
3515,0.000657,172.217.194.0-255,7156,98570,64,229276
3516,0.00068,172.217.194.0-255,5738,104308,64,229276
3517,0.000687,172.217.194.0-255,5738,110046,64,229276
3518,0.000706,172.31.40.0-255,66,110112,64,229276
3519,0.000716,172.217.194.0-255,4320,114432,64,229276
3520,0.000734,172.217.194.0-255,766,115198,64,229276
3521,0.00074,172.217.194.0-255,4320,119518,64,229276
3522,0.000745,172.31.40.0-255,66,119584,64,229276
3523,0.000767,172.217.194.0-255,1484,121068,64,229276
3524,0.000787,172.217.194.0-255,7156,128224,64,229276
3525,0.000797,172.31.40.0-255,66,128290,64,229276
3526,0.000806,172.217.194.0-255,2902,131192,64,229276
3527,0.000811,172.31.40.0-255,66,131258,64,229276
3528,0.000829,172.217.194.0-255,5020,136278,64,229276
3529,0.000836,172.217.194.0-255,5738,142016,64,229276
3530,0.000877,172.31.40.0-255,66,142082,64,229276
3531,0.000903,172.217.194.0-255,4320,146402,64,229276
3532,0.00092,172.217.194.0-255,2184,148586,64,229276
3533,0.000937,172.31.40.0-255,66,148652,64,229276
3534,0.000976,172.217.194.0-255,1484,150136,64,229276
3535,0.000981,172.217.194.0-255,1484,151620,64,229276
3536,0.000992,172.217.194.0-255,1484,153104,64,229276
3537,0.000996,172.217.194.0-255,1484,154588,64,229276
3538,0.001005,172.31.40.0-255,66,154654,64,229276
3539,0.001023,172.217.194.0-255,4320,158974,64,229276
3540,0.00103,172.217.194.0-255,5738,164712,64,229276
3541,0.001043,172.217.194.0-255,4320,169032,64,229276
3542,0.001062,172.217.194.0-255,2902,171934,64,229276
3543,0.001067,172.31.40.0-255,66,172000,64,229276
3544,0.001109,172.31.40.0-255,66,172066,64,229276
3545,0.001131,172.217.194.0-255,7156,179222,64,229276
3546,0.001137,172.31.40.0-255,66,179288,64,229276
3547,0.001147,172.217.194.0-255,4320,183608,64,229276
3548,0.001227,172.31.40.0-255,66,183674,64,229276
3549,0.001251,172.217.194.0-255,3602,187276,64,229276
3550,0.001286,172.31.40.0-255,66,187342,64,229276
3551,0.001333,172.217.194.0-255,1484,188826,64,229276
3552,0.001337,172.31.40.0-255,66,188892,64,229276
3553,0.001349,172.217.194.0-255,2902,191794,64,229276
3554,0.001372,172.217.194.0-255,5738,197532,64,229276
3555,0.001377,172.217.194.0-255,2902,200434,64,229276
3556,0.001382,172.217.194.0-255,4320,204754,64,229276
3557,0.001398,172.31.40.0-255,66,204820,64,229276
3558,0.00141,172.217.194.0-255,5738,210558,64,229276
3559,0.001428,172.217.194.0-255,2902,213460,64,229276
3560,0.001456,172.31.40.0-255,66,213526,64,229276
3561,0.001486,172.217.194.0-255,2902,216428,64,229276
3562,0.001495,172.31.40.0-255,66,216494,64,229276
3563,0.001516,172.217.194.0-255,5738,222232,64,229276
3564,0.001531,172.31.40.0-255,66,222298,64,229276
3565,0.001574,172.31.40.0-255,66,222364,64,229276
3566,0.001601,172.217.194.0-255,2184,224548,64,229276
3567,0.001626,172.217.194.0-255,97,224645,64,229276
3568,0.001628,172.217.194.0-255,105,224750,64,229276
3569,0.001654,172.31.40.0-255,66,224816,64,229276
3570,0.005005,172.31.40.0-255,105,224921,64,229276
3571,0.007418,172.217.194.0-255,66,224987,64,229276
3572,0.030248,172.31.40.0-255,167,225154,64,229276
3573,0.030279,172.31.40.0-255,1108,226262,64,229276
3574,0.03034,172.31.40.0-255,1514,227776,64,229276
3575,0.030342,172.31.40.0-255,1302,229078,64,229276
3576,0.03192,104.244.42.0-255,66,229144,64,229276
3577,0.031965,104.244.42.0-255,66,229210,64,229276
3578,0.032001,104.244.42.0-255,66,229276,64,229276
3579,0.0,172.31.40.0-255,105,105,64,459
3580,0.000213,172.31.40.0-255,90,195,64,459
3581,0.000223,172.31.40.0-255,66,261,64,459
3582,0.002461,172.217.194.0-255,66,327,64,459
3583,0.002492,172.217.194.0-255,66,393,64,459
3584,0.002514,172.31.40.0-255,66,459,64,459
3585,0.0,74.125.24.0-255,152,152,64,185927
3586,2.3e-05,172.31.40.0-255,66,218,64,185927
3587,2.9e-05,74.125.24.0-255,1484,1702,64,185927
3588,3.3e-05,172.31.40.0-255,66,1768,64,185927
3589,3.9e-05,74.125.24.0-255,2902,4670,64,185927
3590,4.2e-05,172.31.40.0-255,66,4736,64,185927
3591,4.7e-05,74.125.24.0-255,5738,10474,64,185927
3592,5.1e-05,172.31.40.0-255,66,10540,64,185927
3593,0.000119,172.31.40.0-255,66,10606,64,185927
3594,0.000129,172.31.40.0-255,66,10672,64,185927
3595,0.00014,172.31.40.0-255,66,10738,64,185927
3596,0.000182,74.125.24.0-255,5738,16476,64,185927
3597,0.000186,172.31.40.0-255,66,16542,64,185927
3598,0.000192,74.125.24.0-255,1125,17667,64,185927
3599,0.000194,172.31.40.0-255,66,17733,64,185927
3600,0.0004,74.125.24.0-255,1484,19217,64,185927
3601,0.000405,172.31.40.0-255,66,19283,64,185927
3602,0.000411,74.125.24.0-255,2902,22185,64,185927
3603,0.000414,172.31.40.0-255,66,22251,64,185927
3604,0.000458,74.125.24.0-255,5738,27989,64,185927
3605,0.000461,172.31.40.0-255,66,28055,64,185927
3606,0.000464,74.125.24.0-255,1484,29539,64,185927
3607,0.000465,172.31.40.0-255,66,29605,64,185927
3608,0.000484,74.125.24.0-255,5711,35316,64,185927
3609,0.000486,172.31.40.0-255,66,35382,64,185927
3610,0.000912,74.125.24.0-255,344,35726,64,185927
3611,0.000916,172.31.40.0-255,66,35792,64,185927
3612,0.001144,74.125.24.0-255,1484,37276,64,185927
3613,0.001149,172.31.40.0-255,66,37342,64,185927
3614,0.001157,74.125.24.0-255,2902,40244,64,185927
3615,0.001159,172.31.40.0-255,66,40310,64,185927
3616,0.001165,74.125.24.0-255,5738,46048,64,185927
3617,0.001168,172.31.40.0-255,66,46114,64,185927
3618,0.00122,74.125.24.0-255,6797,52911,64,185927
3619,0.001223,172.31.40.0-255,66,52977,64,185927
3620,0.001229,74.125.24.0-255,5738,58715,64,185927
3621,0.001231,172.31.40.0-255,66,58781,64,185927
3622,0.001242,74.125.24.0-255,1484,60265,64,185927
3623,0.001262,74.125.24.0-255,5738,66003,64,185927
3624,0.001264,172.31.40.0-255,66,66069,64,185927
3625,0.001286,74.125.24.0-255,3961,70030,64,185927
3626,0.001289,172.31.40.0-255,66,70096,64,185927
3627,0.002328,74.125.24.0-255,1484,71580,64,185927
3628,0.002336,74.125.24.0-255,2902,74482,64,185927
3629,0.00234,172.31.40.0-255,66,74548,64,185927
3630,0.002348,74.125.24.0-255,4320,78868,64,185927
3631,0.00235,172.31.40.0-255,66,78934,64,185927
3632,0.002369,74.125.24.0-255,1484,80418,64,185927
3633,0.002376,74.125.24.0-255,7156,87574,64,185927
3634,0.002379,172.31.40.0-255,66,87640,64,185927
3635,0.002424,74.125.24.0-255,1484,89124,64,185927
3636,0.002455,172.31.40.0-255,66,89190,64,185927
3637,0.002475,74.125.24.0-255,5020,94210,64,185927
3638,0.002478,172.31.40.0-255,66,94276,64,185927
3639,0.004897,74.125.24.0-255,5738,100014,64,185927
3640,0.004902,172.31.40.0-255,66,100080,64,185927
3641,0.004951,172.31.40.0-255,101,100181,64,185927
3642,0.007482,74.125.24.0-255,5738,105919,64,185927
3643,0.007488,172.31.40.0-255,66,105985,64,185927
3644,0.007493,74.125.24.0-255,66,106051,64,185927
3645,0.009944,74.125.24.0-255,5738,111789,64,185927
3646,0.009953,172.31.40.0-255,66,111855,64,185927
3647,0.012374,74.125.24.0-255,5738,117593,64,185927
3648,0.012384,172.31.40.0-255,66,117659,64,185927
3649,0.014741,74.125.24.0-255,5738,123397,64,185927
3650,0.01475,172.31.40.0-255,66,123463,64,185927
3651,0.01716,74.125.24.0-255,5738,129201,64,185927
3652,0.017168,172.31.40.0-255,66,129267,64,185927
3653,0.019604,74.125.24.0-255,5738,135005,64,185927
3654,0.019608,172.31.40.0-255,66,135071,64,185927
3655,0.021998,74.125.24.0-255,5738,140809,64,185927
3656,0.022006,172.31.40.0-255,66,140875,64,185927
3657,0.024392,74.125.24.0-255,5738,146613,64,185927
3658,0.024401,172.31.40.0-255,66,146679,64,185927
3659,0.026878,74.125.24.0-255,5738,152417,64,185927
3660,0.026885,172.31.40.0-255,66,152483,64,185927
3661,0.027453,172.31.40.0-255,172,152655,64,185927
3662,0.027484,172.31.40.0-255,1112,153767,64,185927
3663,0.02754,172.31.40.0-255,1514,155281,64,185927
3664,0.027542,172.31.40.0-255,1296,156577,64,185927
3665,0.029142,104.244.42.0-255,66,156643,64,185927
3666,0.029177,104.244.42.0-255,66,156709,64,185927
3667,0.029223,104.244.42.0-255,66,156775,64,185927
3668,0.02928,74.125.24.0-255,2902,159677,64,185927
3669,0.029284,172.31.40.0-255,66,159743,64,185927
3670,0.029307,74.125.24.0-255,2902,162645,64,185927
3671,0.02931,172.31.40.0-255,66,162711,64,185927
3672,0.031682,74.125.24.0-255,5738,168449,64,185927
3673,0.031689,172.31.40.0-255,66,168515,64,185927
3674,0.034071,74.125.24.0-255,5738,174253,64,185927
3675,0.034081,172.31.40.0-255,66,174319,64,185927
3676,0.036481,74.125.24.0-255,5738,180057,64,185927
3677,0.036488,172.31.40.0-255,66,180123,64,185927
3678,0.038917,74.125.24.0-255,5738,185861,64,185927
3679,0.038924,172.31.40.0-255,66,185927,64,185927
3680,0.0,172.217.194.0-255,153,153,64,236371
3681,1.5e-05,172.31.40.0-255,66,219,64,236371
3682,2.2e-05,172.217.194.0-255,1484,1703,64,236371
3683,2.7e-05,172.31.40.0-255,66,1769,64,236371
3684,3.2e-05,172.217.194.0-255,2902,4671,64,236371
3685,3.6e-05,172.31.40.0-255,66,4737,64,236371
3686,4.1e-05,172.217.194.0-255,5738,10475,64,236371
3687,4.5e-05,172.31.40.0-255,66,10541,64,236371
3688,8.9e-05,172.31.40.0-255,66,10607,64,236371
3689,0.000114,172.217.194.0-255,2096,12703,64,236371
3690,0.000116,172.31.40.0-255,66,12769,64,236371
3691,0.000124,172.217.194.0-255,6797,19566,64,236371
3692,0.000126,172.31.40.0-255,66,19632,64,236371
3693,0.000132,172.217.194.0-255,4320,23952,64,236371
3694,0.000134,172.31.40.0-255,66,24018,64,236371
3695,0.000171,172.31.40.0-255,66,24084,64,236371
3696,0.00023,172.217.194.0-255,1484,25568,64,236371
3697,0.000234,172.31.40.0-255,66,25634,64,236371
3698,0.000238,172.217.194.0-255,2902,28536,64,236371
3699,0.000241,172.31.40.0-255,66,28602,64,236371
3700,0.000256,172.217.194.0-255,4320,32922,64,236371
3701,0.000259,172.31.40.0-255,66,32988,64,236371
3702,0.000274,172.217.194.0-255,1484,34472,64,236371
3703,0.000276,172.31.40.0-255,66,34538,64,236371
3704,0.000284,172.217.194.0-255,6797,41335,64,236371
3705,0.000287,172.31.40.0-255,66,41401,64,236371
3706,0.000305,172.217.194.0-255,677,42078,64,236371
3707,0.000308,172.31.40.0-255,66,42144,64,236371
3708,0.000477,172.217.194.0-255,1484,43628,64,236371
3709,0.000482,172.31.40.0-255,66,43694,64,236371
3710,0.000487,172.217.194.0-255,1484,45178,64,236371
3711,0.000503,172.217.194.0-255,1484,46662,64,236371
3712,0.000505,172.31.40.0-255,66,46728,64,236371
3713,0.000512,172.217.194.0-255,5738,52466,64,236371
3714,0.000515,172.31.40.0-255,66,52532,64,236371
3715,0.00052,172.217.194.0-255,4320,56852,64,236371
3716,0.000522,172.31.40.0-255,66,56918,64,236371
3717,0.000551,172.217.194.0-255,2543,59461,64,236371
3718,0.000554,172.31.40.0-255,66,59527,64,236371
3719,0.00056,172.217.194.0-255,7156,66683,64,236371
3720,0.000562,172.31.40.0-255,66,66749,64,236371
3721,0.000594,172.31.40.0-255,66,66815,64,236371
3722,0.000609,172.217.194.0-255,1125,67940,64,236371
3723,0.001161,172.31.40.0-255,66,68006,64,236371
3724,0.001694,172.217.194.0-255,1484,69490,64,236371
3725,0.001705,172.217.194.0-255,2902,72392,64,236371
3726,0.001709,172.31.40.0-255,66,72458,64,236371
3727,0.001714,172.217.194.0-255,2902,75360,64,236371
3728,0.001716,172.31.40.0-255,66,75426,64,236371
3729,0.001732,172.217.194.0-255,2902,78328,64,236371
3730,0.001734,172.31.40.0-255,66,78394,64,236371
3731,0.001739,172.217.194.0-255,4320,82714,64,236371
3732,0.00174,172.31.40.0-255,66,82780,64,236371
3733,0.001756,172.217.194.0-255,7156,89936,64,236371
3734,0.001759,172.31.40.0-255,66,90002,64,236371
3735,0.001761,172.217.194.0-255,1484,91486,64,236371
3736,0.001794,172.31.40.0-255,66,91552,64,236371
3737,0.001806,172.217.194.0-255,766,92318,64,236371
3738,0.001809,172.217.194.0-255,1484,93802,64,236371
3739,0.00181,172.31.40.0-255,66,93868,64,236371
3740,0.001815,172.217.194.0-255,2902,96770,64,236371
3741,0.001816,172.31.40.0-255,66,96836,64,236371
3742,0.001822,172.217.194.0-255,4320,101156,64,236371
3743,0.001836,172.31.40.0-255,66,101222,64,236371
3744,0.001865,172.217.194.0-255,1484,102706,64,236371
3745,0.001878,172.31.40.0-255,66,102772,64,236371
3746,0.001887,172.31.40.0-255,66,102838,64,236371
3747,0.001916,172.217.194.0-255,1484,104322,64,236371
3748,0.001929,172.217.194.0-255,766,105088,64,236371
3749,0.001931,172.31.40.0-255,66,105154,64,236371
3750,0.002002,172.217.194.0-255,1484,106638,64,236371
3751,0.002007,172.217.194.0-255,2902,109540,64,236371
3752,0.002012,172.31.40.0-255,66,109606,64,236371
3753,0.002049,172.217.194.0-255,5738,115344,64,236371
3754,0.002051,172.31.40.0-255,66,115410,64,236371
3755,0.002057,172.217.194.0-255,5738,121148,64,236371
3756,0.002059,172.31.40.0-255,66,121214,64,236371
3757,0.002075,172.217.194.0-255,5738,126952,64,236371
3758,0.002077,172.31.40.0-255,66,127018,64,236371
3759,0.002099,172.217.194.0-255,1484,128502,64,236371
3760,0.002132,172.31.40.0-255,66,128568,64,236371
3761,0.002155,172.217.194.0-255,7156,135724,64,236371
3762,0.002158,172.31.40.0-255,66,135790,64,236371
3763,0.002183,172.217.194.0-255,5738,141528,64,236371
3764,0.002186,172.31.40.0-255,66,141594,64,236371
3765,0.002196,172.31.40.0-255,66,141660,64,236371
3766,0.002222,172.217.194.0-255,5738,147398,64,236371
3767,0.002225,172.31.40.0-255,66,147464,64,236371
3768,0.002231,172.217.194.0-255,6438,153902,64,236371
3769,0.002233,172.31.40.0-255,66,153968,64,236371
3770,0.002272,172.217.194.0-255,1484,155452,64,236371
3771,0.002277,172.217.194.0-255,2902,158354,64,236371
3772,0.002279,172.31.40.0-255,66,158420,64,236371
3773,0.002285,172.217.194.0-255,5738,164158,64,236371
3774,0.002287,172.31.40.0-255,66,164224,64,236371
3775,0.002317,172.31.40.0-255,66,164290,64,236371
3776,0.002332,172.217.194.0-255,2902,167192,64,236371
3777,0.002334,172.31.40.0-255,66,167258,64,236371
3778,0.002338,172.217.194.0-255,2902,170160,64,236371
3779,0.002339,172.31.40.0-255,66,170226,64,236371
3780,0.00237,172.217.194.0-255,4320,174546,64,236371
3781,0.002374,172.31.40.0-255,66,174612,64,236371
3782,0.002383,172.217.194.0-255,3602,178214,64,236371
3783,0.002384,172.31.40.0-255,66,178280,64,236371
3784,0.00239,172.217.194.0-255,5738,184018,64,236371
3785,0.002392,172.31.40.0-255,66,184084,64,236371
3786,0.002406,172.217.194.0-255,2902,186986,64,236371
3787,0.002408,172.31.40.0-255,66,187052,64,236371
3788,0.00245,172.31.40.0-255,66,187118,64,236371
3789,0.002459,172.31.40.0-255,66,187184,64,236371
3790,0.002483,172.217.194.0-255,2902,190086,64,236371
3791,0.002485,172.31.40.0-255,66,190152,64,236371
3792,0.002516,172.31.40.0-255,66,190218,64,236371
3793,0.00254,172.217.194.0-255,7156,197374,64,236371
3794,0.002542,172.31.40.0-255,66,197440,64,236371
3795,0.002572,172.217.194.0-255,2902,200342,64,236371
3796,0.002575,172.31.40.0-255,66,200408,64,236371
3797,0.002586,172.31.40.0-255,66,200474,64,236371
3798,0.002591,172.217.194.0-255,4320,204794,64,236371
3799,0.002593,172.31.40.0-255,66,204860,64,236371
3800,0.00265,172.217.194.0-255,5738,210598,64,236371
3801,0.002653,172.31.40.0-255,66,210664,64,236371
3802,0.002676,172.217.194.0-255,1484,212148,64,236371
3803,0.002691,172.31.40.0-255,66,212214,64,236371
3804,0.002695,172.217.194.0-255,3602,215816,64,236371
3805,0.002697,172.31.40.0-255,66,215882,64,236371
3806,0.002702,172.217.194.0-255,4320,220202,64,236371
3807,0.002704,172.31.40.0-255,66,220268,64,236371
3808,0.002714,172.31.40.0-255,66,220334,64,236371
3809,0.002718,172.217.194.0-255,4320,224654,64,236371
3810,0.002721,172.31.40.0-255,66,224720,64,236371
3811,0.002763,172.31.40.0-255,66,224786,64,236371
3812,0.002766,172.217.194.0-255,1484,226270,64,236371
3813,0.002785,172.217.194.0-255,5269,231539,64,236371
3814,0.002787,172.31.40.0-255,66,231605,64,236371
3815,0.00365,172.31.40.0-255,101,231706,64,236371
3816,0.005424,172.217.194.0-255,136,231842,64,236371
3817,0.006313,172.217.194.0-255,66,231908,64,236371
3818,0.007439,172.31.40.0-255,105,232013,64,236371
3819,0.010104,172.217.194.0-255,66,232079,64,236371
3820,0.031342,172.31.40.0-255,172,232251,64,236371
3821,0.03138,172.31.40.0-255,1110,233361,64,236371
3822,0.031444,172.31.40.0-255,1514,234875,64,236371
3823,0.031446,172.31.40.0-255,1298,236173,64,236371
3824,0.032993,104.244.42.0-255,66,236239,64,236371
3825,0.033107,104.244.42.0-255,66,236305,64,236371
3826,0.033146,104.244.42.0-255,66,236371,64,236371
3827,0.0,172.217.194.0-255,152,152,64,235661
3828,2.6e-05,172.31.40.0-255,66,218,64,235661
3829,3.4e-05,172.217.194.0-255,1484,1702,64,235661
3830,3.9e-05,172.31.40.0-255,66,1768,64,235661
3831,4.5e-05,172.217.194.0-255,2902,4670,64,235661
3832,4.9e-05,172.31.40.0-255,66,4736,64,235661
3833,5.7e-05,172.217.194.0-255,7156,11892,64,235661
3834,6e-05,172.31.40.0-255,66,11958,64,235661
3835,9.9e-05,172.31.40.0-255,66,12024,64,235661
3836,0.000111,172.31.40.0-255,66,12090,64,235661
3837,0.00015,172.31.40.0-255,66,12156,64,235661
3838,0.000153,172.217.194.0-255,766,12922,64,235661
3839,0.000155,172.31.40.0-255,66,12988,64,235661
3840,0.000204,172.217.194.0-255,5738,18726,64,235661
3841,0.000207,172.31.40.0-255,66,18792,64,235661
3842,0.000239,172.31.40.0-255,66,18858,64,235661
3843,0.000242,172.217.194.0-255,1484,20342,64,235661
3844,0.000244,172.31.40.0-255,66,20408,64,235661
3845,0.000249,172.217.194.0-255,2902,23310,64,235661
3846,0.000251,172.31.40.0-255,66,23376,64,235661
3847,0.000257,172.217.194.0-255,5738,29114,64,235661
3848,0.000261,172.31.40.0-255,66,29180,64,235661
3849,0.000293,172.31.40.0-255,66,29246,64,235661
3850,0.00032,172.217.194.0-255,1484,30730,64,235661
3851,0.000323,172.31.40.0-255,66,30796,64,235661
3852,0.000346,172.31.40.0-255,66,30862,64,235661
3853,0.000359,172.31.40.0-255,66,30928,64,235661
3854,0.000367,172.217.194.0-255,7156,38084,64,235661
3855,0.000369,172.31.40.0-255,66,38150,64,235661
3856,0.000393,172.217.194.0-255,4320,42470,64,235661
3857,0.000395,172.31.40.0-255,66,42536,64,235661
3858,0.000399,172.217.194.0-255,1484,44020,64,235661
3859,0.00043,172.31.40.0-255,66,44086,64,235661
3860,0.000434,172.217.194.0-255,2902,46988,64,235661
3861,0.000436,172.31.40.0-255,66,47054,64,235661
3862,0.000465,172.31.40.0-255,66,47120,64,235661
3863,0.000471,172.217.194.0-255,3961,51081,64,235661
3864,0.000474,172.31.40.0-255,66,51147,64,235661
3865,0.000498,172.217.194.0-255,4320,55467,64,235661
3866,0.000501,172.31.40.0-255,66,55533,64,235661
3867,0.000536,172.31.40.0-255,66,55599,64,235661
3868,0.000577,172.31.40.0-255,66,55665,64,235661
3869,0.000594,172.217.194.0-255,1484,57149,64,235661
3870,0.000607,172.217.194.0-255,766,57915,64,235661
3871,0.000609,172.31.40.0-255,66,57981,64,235661
3872,0.000614,172.217.194.0-255,2902,60883,64,235661
3873,0.000617,172.31.40.0-255,66,60949,64,235661
3874,0.000624,172.217.194.0-255,7156,68105,64,235661
3875,0.000627,172.31.40.0-255,66,68171,64,235661
3876,0.000651,172.217.194.0-255,7156,75327,64,235661
3877,0.000653,172.31.40.0-255,66,75393,64,235661
3878,0.00067,172.217.194.0-255,7156,82549,64,235661
3879,0.000672,172.31.40.0-255,66,82615,64,235661
3880,0.000695,172.217.194.0-255,1484,84099,64,235661
3881,0.000717,172.31.40.0-255,66,84165,64,235661
3882,0.000726,172.217.194.0-255,7156,91321,64,235661
3883,0.000728,172.31.40.0-255,66,91387,64,235661
3884,0.000741,172.217.194.0-255,2902,94289,64,235661
3885,0.000743,172.31.40.0-255,66,94355,64,235661
3886,0.000749,172.217.194.0-255,2902,97257,64,235661
3887,0.000752,172.31.40.0-255,66,97323,64,235661
3888,0.000781,172.31.40.0-255,66,97389,64,235661
3889,0.000814,172.217.194.0-255,6438,103827,64,235661
3890,0.000817,172.31.40.0-255,66,103893,64,235661
3891,0.000909,172.217.194.0-255,1484,105377,64,235661
3892,0.000918,172.217.194.0-255,2902,108279,64,235661
3893,0.000921,172.31.40.0-255,66,108345,64,235661
3894,0.000926,172.217.194.0-255,2902,111247,64,235661
3895,0.000941,172.217.194.0-255,2902,114149,64,235661
3896,0.000944,172.217.194.0-255,1484,115633,64,235661
3897,0.000956,172.217.194.0-255,1484,117117,64,235661
3898,0.000972,172.217.194.0-255,4320,121437,64,235661
3899,0.001015,172.217.194.0-255,5738,127175,64,235661
3900,0.001039,172.217.194.0-255,2184,129359,64,235661
3901,0.001346,172.217.194.0-255,1484,130843,64,235661
3902,0.001351,172.217.194.0-255,2902,133745,64,235661
3903,0.001371,172.217.194.0-255,5738,139483,64,235661
3904,0.001399,172.217.194.0-255,5738,145221,64,235661
3905,0.001415,172.217.194.0-255,7156,152377,64,235661
3906,0.001438,172.217.194.0-255,7156,159533,64,235661
3907,0.001463,172.217.194.0-255,3602,163135,64,235661
3908,0.001655,172.217.194.0-255,1484,164619,64,235661
3909,0.001668,172.217.194.0-255,2902,167521,64,235661
3910,0.001681,172.217.194.0-255,1484,169005,64,235661
3911,0.0017,172.217.194.0-255,4320,173325,64,235661
3912,0.001733,172.217.194.0-255,4320,177645,64,235661
3913,0.001755,172.217.194.0-255,7156,184801,64,235661
3914,0.001761,172.217.194.0-255,4320,189121,64,235661
3915,0.001806,172.217.194.0-255,7156,196277,64,235661
3916,0.001831,172.217.194.0-255,5738,202015,64,235661
3917,0.001875,172.217.194.0-255,4320,206335,64,235661
3918,0.001898,172.217.194.0-255,5020,211355,64,235661
3919,0.002426,172.31.40.0-255,66,211421,64,235661
3920,0.004803,172.217.194.0-255,5738,217159,64,235661
3921,0.004814,172.31.40.0-255,66,217225,64,235661
3922,0.007152,172.217.194.0-255,5738,222963,64,235661
3923,0.007165,172.31.40.0-255,66,223029,64,235661
3924,0.009507,172.217.194.0-255,5738,228767,64,235661
3925,0.009511,172.31.40.0-255,66,228833,64,235661
3926,0.011857,172.217.194.0-255,5738,234571,64,235661
3927,0.011875,172.31.40.0-255,66,234637,64,235661
3928,0.01424,172.217.194.0-255,787,235424,64,235661
3929,0.01476,172.31.40.0-255,66,235490,64,235661
3930,0.014806,172.31.40.0-255,105,235595,64,235661
3931,0.017115,172.217.194.0-255,66,235661,64,235661
3932,0.0,172.217.194.0-255,153,153,64,224827
3933,2.3e-05,172.31.40.0-255,66,219,64,224827
3934,3.1e-05,172.217.194.0-255,1484,1703,64,224827
3935,3.5e-05,172.31.40.0-255,66,1769,64,224827
3936,4e-05,172.217.194.0-255,2902,4671,64,224827
3937,5.2e-05,172.31.40.0-255,66,4737,64,224827
3938,5.9e-05,172.217.194.0-255,7156,11893,64,224827
3939,6.2e-05,172.31.40.0-255,66,11959,64,224827
3940,0.000101,172.31.40.0-255,66,12025,64,224827
3941,0.000133,172.217.194.0-255,6797,18822,64,224827
3942,0.000136,172.31.40.0-255,66,18888,64,224827
3943,0.00018,172.217.194.0-255,7156,26044,64,224827
3944,0.000182,172.31.40.0-255,66,26110,64,224827
3945,0.000216,172.217.194.0-255,4320,30430,64,224827
3946,0.000218,172.31.40.0-255,66,30496,64,224827
3947,0.000242,172.217.194.0-255,4320,34816,64,224827
3948,0.000244,172.31.40.0-255,66,34882,64,224827
3949,0.000261,172.31.40.0-255,66,34948,64,224827
3950,0.000263,172.217.194.0-255,766,35714,64,224827
3951,0.000266,172.31.40.0-255,66,35780,64,224827
3952,0.000269,172.217.194.0-255,397,36177,64,224827
3953,0.000271,172.31.40.0-255,66,36243,64,224827
3954,0.000401,172.217.194.0-255,1484,37727,64,224827
3955,0.000405,172.31.40.0-255,66,37793,64,224827
3956,0.000411,172.217.194.0-255,2902,40695,64,224827
3957,0.000414,172.31.40.0-255,66,40761,64,224827
3958,0.000425,172.217.194.0-255,5738,46499,64,224827
3959,0.000428,172.31.40.0-255,66,46565,64,224827
3960,0.000431,172.217.194.0-255,1484,48049,64,224827
3961,0.000433,172.31.40.0-255,66,48115,64,224827
3962,0.000507,172.217.194.0-255,7156,55271,64,224827
3963,0.000527,172.217.194.0-255,3602,58873,64,224827
3964,0.000582,172.31.40.0-255,66,58939,64,224827
3965,0.000687,172.217.194.0-255,1484,60423,64,224827
3966,0.000693,172.217.194.0-255,1484,61907,64,224827
3967,0.000704,172.217.194.0-255,1484,63391,64,224827
3968,0.000709,172.217.194.0-255,4320,67711,64,224827
3969,0.000712,172.31.40.0-255,66,67777,64,224827
3970,0.000718,172.31.40.0-255,66,67843,64,224827
3971,0.000736,172.217.194.0-255,1484,69327,64,224827
3972,0.000743,172.217.194.0-255,7156,76483,64,224827
3973,0.000767,172.217.194.0-255,5738,82221,64,224827
3974,0.000772,172.217.194.0-255,2902,85123,64,224827
3975,0.000792,172.31.40.0-255,66,85189,64,224827
3976,0.00081,172.217.194.0-255,5738,90927,64,224827
3977,0.000824,172.217.194.0-255,2184,93111,64,224827
3978,0.000838,172.31.40.0-255,66,93177,64,224827
3979,0.001263,172.217.194.0-255,1484,94661,64,224827
3980,0.00127,172.217.194.0-255,2902,97563,64,224827
3981,0.001283,172.217.194.0-255,1484,99047,64,224827
3982,0.001286,172.31.40.0-255,66,99113,64,224827
3983,0.001297,172.217.194.0-255,4320,103433,64,224827
3984,0.001314,172.217.194.0-255,1484,104917,64,224827
3985,0.001319,172.217.194.0-255,2902,107819,64,224827
3986,0.001327,172.31.40.0-255,66,107885,64,224827
3987,0.001336,172.217.194.0-255,2902,110787,64,224827
3988,0.001358,172.217.194.0-255,2902,113689,64,224827
3989,0.001363,172.217.194.0-255,4320,118009,64,224827
3990,0.001386,172.217.194.0-255,5738,123747,64,224827
3991,0.001398,172.31.40.0-255,66,123813,64,224827
3992,0.001408,172.217.194.0-255,3602,127415,64,224827
3993,0.001418,172.31.40.0-255,66,127481,64,224827
3994,0.001517,172.217.194.0-255,1484,128965,64,224827
3995,0.001523,172.217.194.0-255,2902,131867,64,224827
3996,0.001545,172.217.194.0-255,5738,137605,64,224827
3997,0.001548,172.217.194.0-255,1484,139089,64,224827
3998,0.001554,172.31.40.0-255,66,139155,64,224827
3999,0.001606,172.31.40.0-255,66,139221,64,224827
4000,0.001637,172.217.194.0-255,1484,140705,64,224827
4001,0.001662,172.217.194.0-255,2902,143607,64,224827
4002,0.001668,172.217.194.0-255,5738,149345,64,224827
4003,0.001671,172.217.194.0-255,2902,152247,64,224827
4004,0.001691,172.217.194.0-255,2902,155149,64,224827
4005,0.001773,172.217.194.0-255,1484,156633,64,224827
4006,0.001825,172.217.194.0-255,1484,158117,64,224827
4007,0.001843,172.217.194.0-255,7156,165273,64,224827
4008,0.001865,172.217.194.0-255,7156,172429,64,224827
4009,0.001871,172.217.194.0-255,4320,176749,64,224827
4010,0.001886,172.217.194.0-255,5738,182487,64,224827
4011,0.001907,172.217.194.0-255,6438,188925,64,224827
4012,0.00193,172.217.194.0-255,1484,190409,64,224827
4013,0.001943,172.217.194.0-255,2902,193311,64,224827
4014,0.002013,172.217.194.0-255,1484,194795,64,224827
4015,0.002027,172.217.194.0-255,4320,199115,64,224827
4016,0.002043,172.217.194.0-255,5738,204853,64,224827
4017,0.002045,172.217.194.0-255,1484,206337,64,224827
4018,0.002099,172.217.194.0-255,1484,207821,64,224827
4019,0.002106,172.217.194.0-255,5020,212841,64,224827
4020,0.002113,172.217.194.0-255,5738,218579,64,224827
4021,0.00216,172.217.194.0-255,1615,220194,64,224827
4022,0.002163,172.217.194.0-255,105,220299,64,224827
4023,0.004873,172.31.40.0-255,66,220365,64,224827
4024,0.00725,172.31.40.0-255,105,220470,64,224827
4025,0.009718,172.217.194.0-255,66,220536,64,224827
4026,0.032348,172.31.40.0-255,171,220707,64,224827
4027,0.032384,172.31.40.0-255,1136,221843,64,224827
4028,0.032443,172.31.40.0-255,1514,223357,64,224827
4029,0.032444,172.31.40.0-255,1272,224629,64,224827
4030,0.034021,104.244.42.0-255,66,224695,64,224827
4031,0.034049,104.244.42.0-255,66,224761,64,224827
4032,0.03411,104.244.42.0-255,66,224827,64,224827
4033,0.0,74.125.130.0-255,161,161,64,291879
4034,2.2e-05,172.31.40.0-255,66,227,64,291879
4035,2.9e-05,74.125.130.0-255,1484,1711,64,291879
4036,3.4e-05,172.31.40.0-255,66,1777,64,291879
4037,4.8e-05,74.125.130.0-255,2902,4679,64,291879
4038,5.3e-05,172.31.40.0-255,66,4745,64,291879
4039,6.1e-05,74.125.130.0-255,5738,10483,64,291879
4040,6.5e-05,172.31.40.0-255,66,10549,64,291879
4041,0.000112,74.125.130.0-255,3506,14055,64,291879
4042,0.000115,172.31.40.0-255,66,14121,64,291879
4043,0.000275,74.125.130.0-255,1484,15605,64,291879
4044,0.000279,172.31.40.0-255,66,15671,64,291879
4045,0.000285,74.125.130.0-255,2902,18573,64,291879
4046,0.000288,172.31.40.0-255,66,18639,64,291879
4047,0.000319,74.125.130.0-255,4320,22959,64,291879
4048,0.000322,172.31.40.0-255,66,23025,64,291879
4049,0.000325,74.125.130.0-255,1484,24509,64,291879
4050,0.000327,172.31.40.0-255,66,24575,64,291879
4051,0.000355,74.125.130.0-255,4320,28895,64,291879
4052,0.000358,172.31.40.0-255,66,28961,64,291879
4053,0.000361,74.125.130.0-255,1484,30445,64,291879
4054,0.000363,172.31.40.0-255,66,30511,64,291879
4055,0.000386,74.125.130.0-255,2543,33054,64,291879
4056,0.000389,172.31.40.0-255,66,33120,64,291879
4057,0.000392,74.125.130.0-255,1484,34604,64,291879
4058,0.000394,172.31.40.0-255,66,34670,64,291879
4059,0.000422,74.125.130.0-255,2902,37572,64,291879
4060,0.000425,172.31.40.0-255,66,37638,64,291879
4061,0.000437,172.31.40.0-255,66,37704,64,291879
4062,0.000473,74.125.130.0-255,1484,39188,64,291879
4063,0.000475,172.31.40.0-255,66,39254,64,291879
4064,0.000479,74.125.130.0-255,1484,40738,64,291879
4065,0.000571,74.125.130.0-255,3881,44619,64,291879
4066,0.000574,74.125.130.0-255,117,44736,64,291879
4067,0.000611,172.31.40.0-255,66,44802,64,291879
4068,0.001049,74.125.130.0-255,1484,46286,64,291879
4069,0.001055,74.125.130.0-255,1484,47770,64,291879
4070,0.001058,172.31.40.0-255,66,47836,64,291879
4071,0.001078,74.125.130.0-255,1484,49320,64,291879
4072,0.001083,74.125.130.0-255,5738,55058,64,291879
4073,0.001095,172.31.40.0-255,66,55124,64,291879
4074,0.00112,74.125.130.0-255,2902,58026,64,291879
4075,0.001134,74.125.130.0-255,2902,60928,64,291879
4076,0.001136,172.31.40.0-255,66,60994,64,291879
4077,0.001144,74.125.130.0-255,2902,63896,64,291879
4078,0.001148,172.31.40.0-255,66,63962,64,291879
4079,0.001166,74.125.130.0-255,4320,68282,64,291879
4080,0.00119,74.125.130.0-255,1484,69766,64,291879
4081,0.001198,172.31.40.0-255,66,69832,64,291879
4082,0.001232,172.31.40.0-255,66,69898,64,291879
4083,0.001275,74.125.130.0-255,1484,71382,64,291879
4084,0.001288,74.125.130.0-255,2902,74284,64,291879
4085,0.001308,74.125.130.0-255,2902,77186,64,291879
4086,0.001311,172.31.40.0-255,66,77252,64,291879
4087,0.00132,74.125.130.0-255,2902,80154,64,291879
4088,0.001348,172.31.40.0-255,66,80220,64,291879
4089,0.001374,74.125.130.0-255,7156,87376,64,291879
4090,0.001377,74.125.130.0-255,1484,88860,64,291879
4091,0.001384,172.31.40.0-255,66,88926,64,291879
4092,0.001392,74.125.130.0-255,2902,91828,64,291879
4093,0.001396,172.31.40.0-255,66,91894,64,291879
4094,0.001409,74.125.130.0-255,2902,94796,64,291879
4095,0.001437,74.125.130.0-255,5738,100534,64,291879
4096,0.00144,172.31.40.0-255,66,100600,64,291879
4097,0.001445,172.31.40.0-255,66,100666,64,291879
4098,0.001466,74.125.130.0-255,3602,104268,64,291879
4099,0.001482,74.125.130.0-255,1484,105752,64,291879
4100,0.001492,172.31.40.0-255,66,105818,64,291879
4101,0.001496,74.125.130.0-255,2902,108720,64,291879
4102,0.0015,172.31.40.0-255,66,108786,64,291879
4103,0.00151,74.125.130.0-255,1484,110270,64,291879
4104,0.001542,172.31.40.0-255,66,110336,64,291879
4105,0.001608,74.125.130.0-255,2902,113238,64,291879
4106,0.001626,74.125.130.0-255,2902,116140,64,291879
4107,0.001628,172.31.40.0-255,66,116206,64,291879
4108,0.001632,172.31.40.0-255,66,116272,64,291879
4109,0.001658,74.125.130.0-255,5738,122010,64,291879
4110,0.001666,172.31.40.0-255,66,122076,64,291879
4111,0.001691,172.31.40.0-255,66,122142,64,291879
4112,0.001715,74.125.130.0-255,1484,123626,64,291879
4113,0.001741,74.125.130.0-255,7156,130782,64,291879
4114,0.001748,172.31.40.0-255,66,130848,64,291879
4115,0.001774,74.125.130.0-255,4320,135168,64,291879
4116,0.001779,172.31.40.0-255,66,135234,64,291879
4117,0.001819,172.31.40.0-255,66,135300,64,291879
4118,0.001899,74.125.130.0-255,5738,141038,64,291879
4119,0.001913,74.125.130.0-255,766,141804,64,291879
4120,0.001932,74.125.130.0-255,2902,144706,64,291879
4121,0.001937,172.31.40.0-255,66,144772,64,291879
4122,0.001942,172.31.40.0-255,66,144838,64,291879
4123,0.001966,74.125.130.0-255,5738,150576,64,291879
4124,0.001982,172.31.40.0-255,66,150642,64,291879
4125,0.001995,74.125.130.0-255,1484,152126,64,291879
4126,0.00202,74.125.130.0-255,4320,156446,64,291879
4127,0.002032,172.31.40.0-255,66,156512,64,291879
4128,0.002044,74.125.130.0-255,7156,163668,64,291879
4129,0.002049,172.31.40.0-255,66,163734,64,291879
4130,0.002068,74.125.130.0-255,5738,169472,64,291879
4131,0.00209,172.31.40.0-255,66,169538,64,291879
4132,0.002122,74.125.130.0-255,1484,171022,64,291879
4133,0.002147,74.125.130.0-255,5020,176042,64,291879
4134,0.002161,74.125.130.0-255,4320,180362,64,291879
4135,0.002164,172.31.40.0-255,66,180428,64,291879
4136,0.002172,74.125.130.0-255,2902,183330,64,291879
4137,0.002183,172.31.40.0-255,66,183396,64,291879
4138,0.002203,74.125.130.0-255,4320,187716,64,291879
4139,0.002217,172.31.40.0-255,66,187782,64,291879
4140,0.00232,74.125.130.0-255,1484,189266,64,291879
4141,0.002341,74.125.130.0-255,7156,196422,64,291879
4142,0.002363,74.125.130.0-255,2184,198606,64,291879
4143,0.002395,74.125.130.0-255,2902,201508,64,291879
4144,0.002472,74.125.130.0-255,5738,207246,64,291879
4145,0.00261,74.125.130.0-255,4320,211566,64,291879
4146,0.002746,74.125.130.0-255,5738,217304,64,291879
4147,0.00277,74.125.130.0-255,6438,223742,64,291879
4148,0.002829,74.125.130.0-255,1484,225226,64,291879
4149,0.002848,74.125.130.0-255,5738,230964,64,291879
4150,0.002963,74.125.130.0-255,1484,232448,64,291879
4151,0.010691,172.31.40.0-255,66,232514,64,291879
4152,0.012874,74.125.130.0-255,1484,233998,64,291879
4153,0.013312,74.125.130.0-255,4320,238318,64,291879
4154,0.013318,172.31.40.0-255,66,238384,64,291879
4155,0.015932,74.125.130.0-255,5738,244122,64,291879
4156,0.016803,172.31.40.0-255,66,244188,64,291879
4157,0.019422,74.125.130.0-255,5738,249926,64,291879
4158,0.019433,172.31.40.0-255,66,249992,64,291879
4159,0.022069,74.125.130.0-255,5738,255730,64,291879
4160,0.02208,172.31.40.0-255,66,255796,64,291879
4161,0.024692,74.125.130.0-255,4320,260116,64,291879
4162,0.024701,172.31.40.0-255,66,260182,64,291879
4163,0.024729,74.125.130.0-255,1484,261666,64,291879
4164,0.027314,74.125.130.0-255,4320,265986,64,291879
4165,0.027322,172.31.40.0-255,66,266052,64,291879
4166,0.029942,74.125.130.0-255,5738,271790,64,291879
4167,0.029988,172.31.40.0-255,66,271856,64,291879
4168,0.032255,172.31.40.0-255,172,272028,64,291879
4169,0.032288,172.31.40.0-255,1112,273140,64,291879
4170,0.032347,172.31.40.0-255,1514,274654,64,291879
4171,0.032349,172.31.40.0-255,1296,275950,64,291879
4172,0.032618,74.125.130.0-255,5738,281688,64,291879
4173,0.032625,172.31.40.0-255,66,281754,64,291879
4174,0.033958,104.244.42.0-255,66,281820,64,291879
4175,0.033988,104.244.42.0-255,66,281886,64,291879
4176,0.034038,104.244.42.0-255,66,281952,64,291879
4177,0.035242,74.125.130.0-255,5738,287690,64,291879
4178,0.035247,172.31.40.0-255,66,287756,64,291879
4179,0.037847,74.125.130.0-255,3952,291708,64,291879
4180,0.037855,172.31.40.0-255,66,291774,64,291879
4181,0.03802,172.31.40.0-255,105,291879,64,291879
4182,0.0,74.125.68.0-255,146,146,64,286931
4183,2.5e-05,172.31.40.0-255,66,212,64,286931
4184,3.2e-05,74.125.68.0-255,1484,1696,64,286931
4185,3.7e-05,172.31.40.0-255,66,1762,64,286931
4186,4e-05,74.125.68.0-255,1484,3246,64,286931
4187,4.3e-05,172.31.40.0-255,66,3312,64,286931
4188,4.9e-05,74.125.68.0-255,2902,6214,64,286931
4189,5.2e-05,172.31.40.0-255,66,6280,64,286931
4190,5.8e-05,74.125.68.0-255,4320,10600,64,286931
4191,6e-05,172.31.40.0-255,66,10666,64,286931
4192,9e-05,74.125.68.0-255,1484,12150,64,286931
4193,9.2e-05,172.31.40.0-255,66,12216,64,286931
4194,9.9e-05,74.125.68.0-255,4988,17204,64,286931
4195,0.000101,172.31.40.0-255,66,17270,64,286931
4196,0.000106,74.125.68.0-255,5738,23008,64,286931
4197,0.000109,172.31.40.0-255,66,23074,64,286931
4198,0.000144,172.31.40.0-255,66,23140,64,286931
4199,0.000484,74.125.68.0-255,1484,24624,64,286931
4200,0.00049,172.31.40.0-255,66,24690,64,286931
4201,0.000496,74.125.68.0-255,2902,27592,64,286931
4202,0.000498,172.31.40.0-255,66,27658,64,286931
4203,0.000501,74.125.68.0-255,1484,29142,64,286931
4204,0.000503,172.31.40.0-255,66,29208,64,286931
4205,0.00053,74.125.68.0-255,4320,33528,64,286931
4206,0.000534,74.125.68.0-255,2902,36430,64,286931
4207,0.000538,172.31.40.0-255,66,36496,64,286931
4208,0.000545,172.31.40.0-255,66,36562,64,286931
4209,0.000551,74.125.68.0-255,4320,40882,64,286931
4210,0.000553,172.31.40.0-255,66,40948,64,286931
4211,0.000581,74.125.68.0-255,7156,48104,64,286931
4212,0.000585,172.31.40.0-255,66,48170,64,286931
4213,0.000605,74.125.68.0-255,1484,49654,64,286931
4214,0.000613,74.125.68.0-255,5738,55392,64,286931
4215,0.000616,172.31.40.0-255,66,55458,64,286931
4216,0.000635,74.125.68.0-255,2184,57642,64,286931
4217,0.000638,172.31.40.0-255,66,57708,64,286931
4218,0.000758,74.125.68.0-255,401,58109,64,286931
4219,0.000801,74.125.68.0-255,1484,59593,64,286931
4220,0.000805,172.31.40.0-255,66,59659,64,286931
4221,0.00082,74.125.68.0-255,4320,63979,64,286931
4222,0.000823,172.31.40.0-255,66,64045,64,286931
4223,0.000853,74.125.68.0-255,7156,71201,64,286931
4224,0.000855,172.31.40.0-255,66,71267,64,286931
4225,0.000866,172.31.40.0-255,66,71333,64,286931
4226,0.000907,172.31.40.0-255,66,71399,64,286931
4227,0.000924,74.125.68.0-255,766,72165,64,286931
4228,0.000999,74.125.68.0-255,1484,73649,64,286931
4229,0.001003,172.31.40.0-255,66,73715,64,286931
4230,0.001008,74.125.68.0-255,2902,76617,64,286931
4231,0.00101,172.31.40.0-255,66,76683,64,286931
4232,0.001039,74.125.68.0-255,5738,82421,64,286931
4233,0.001042,172.31.40.0-255,66,82487,64,286931
4234,0.001049,74.125.68.0-255,5738,88225,64,286931
4235,0.001051,172.31.40.0-255,66,88291,64,286931
4236,0.001056,74.125.68.0-255,4320,92611,64,286931
4237,0.001058,172.31.40.0-255,66,92677,64,286931
4238,0.001081,74.125.68.0-255,2902,95579,64,286931
4239,0.001084,172.31.40.0-255,66,95645,64,286931
4240,0.001087,74.125.68.0-255,1484,97129,64,286931
4241,0.00111,172.31.40.0-255,66,97195,64,286931
4242,0.001113,74.125.68.0-255,1484,98679,64,286931
4243,0.00114,172.31.40.0-255,66,98745,64,286931
4244,0.001152,74.125.68.0-255,1484,100229,64,286931
4245,0.001155,74.125.68.0-255,1484,101713,64,286931
4246,0.001157,172.31.40.0-255,66,101779,64,286931
4247,0.001191,74.125.68.0-255,5738,107517,64,286931
4248,0.001195,172.31.40.0-255,66,107583,64,286931
4249,0.001205,172.31.40.0-255,66,107649,64,286931
4250,0.001263,74.125.68.0-255,6438,114087,64,286931
4251,0.001266,172.31.40.0-255,66,114153,64,286931
4252,0.001307,74.125.68.0-255,1484,115637,64,286931
4253,0.001324,74.125.68.0-255,2902,118539,64,286931
4254,0.001327,172.31.40.0-255,66,118605,64,286931
4255,0.00135,74.125.68.0-255,5738,124343,64,286931
4256,0.001353,172.31.40.0-255,66,124409,64,286931
4257,0.001358,74.125.68.0-255,2902,127311,64,286931
4258,0.00136,172.31.40.0-255,66,127377,64,286931
4259,0.001366,74.125.68.0-255,4320,131697,64,286931
4260,0.001368,172.31.40.0-255,66,131763,64,286931
4261,0.001399,172.31.40.0-255,66,131829,64,286931
4262,0.00141,172.31.40.0-255,66,131895,64,286931
4263,0.00146,74.125.68.0-255,1484,133379,64,286931
4264,0.001482,74.125.68.0-255,2902,136281,64,286931
4265,0.001485,172.31.40.0-255,66,136347,64,286931
4266,0.001492,74.125.68.0-255,5738,142085,64,286931
4267,0.001495,172.31.40.0-255,66,142151,64,286931
4268,0.001499,74.125.68.0-255,2902,145053,64,286931
4269,0.001501,172.31.40.0-255,66,145119,64,286931
4270,0.001522,74.125.68.0-255,1484,146603,64,286931
4271,0.001565,172.31.40.0-255,66,146669,64,286931
4272,0.001568,172.31.40.0-255,66,146735,64,286931
4273,0.001585,74.125.68.0-255,766,147501,64,286931
4274,0.001787,74.125.68.0-255,1484,148985,64,286931
4275,0.001792,172.31.40.0-255,66,149051,64,286931
4276,0.001796,74.125.68.0-255,2902,151953,64,286931
4277,0.001798,172.31.40.0-255,66,152019,64,286931
4278,0.001824,74.125.68.0-255,4320,156339,64,286931
4279,0.001827,172.31.40.0-255,66,156405,64,286931
4280,0.001845,74.125.68.0-255,5738,162143,64,286931
4281,0.001848,172.31.40.0-255,66,162209,64,286931
4282,0.001876,74.125.68.0-255,2902,165111,64,286931
4283,0.001879,172.31.40.0-255,66,165177,64,286931
4284,0.001883,74.125.68.0-255,2902,168079,64,286931
4285,0.001885,172.31.40.0-255,66,168145,64,286931
4286,0.001892,74.125.68.0-255,7156,175301,64,286931
4287,0.001895,172.31.40.0-255,66,175367,64,286931
4288,0.001913,74.125.68.0-255,5738,181105,64,286931
4289,0.001915,172.31.40.0-255,66,181171,64,286931
4290,0.001918,74.125.68.0-255,766,181937,64,286931
4291,0.001998,74.125.68.0-255,1484,183421,64,286931
4292,0.002002,172.31.40.0-255,66,183487,64,286931
4293,0.002007,74.125.68.0-255,2902,186389,64,286931
4294,0.00201,172.31.40.0-255,66,186455,64,286931
4295,0.002028,74.125.68.0-255,5738,192193,64,286931
4296,0.002031,172.31.40.0-255,66,192259,64,286931
4297,0.002074,172.31.40.0-255,66,192325,64,286931
4298,0.00213,172.31.40.0-255,66,192391,64,286931
4299,0.002262,74.125.68.0-255,1484,193875,64,286931
4300,0.002277,74.125.68.0-255,2902,196777,64,286931
4301,0.002281,172.31.40.0-255,66,196843,64,286931
4302,0.002308,74.125.68.0-255,5738,202581,64,286931
4303,0.002311,172.31.40.0-255,66,202647,64,286931
4304,0.002319,74.125.68.0-255,7156,209803,64,286931
4305,0.002321,172.31.40.0-255,66,209869,64,286931
4306,0.002342,74.125.68.0-255,1484,211353,64,286931
4307,0.002345,74.125.68.0-255,1484,212837,64,286931
4308,0.002347,172.31.40.0-255,66,212903,64,286931
4309,0.002351,74.125.68.0-255,1484,214387,64,286931
4310,0.002365,74.125.68.0-255,2902,217289,64,286931
4311,0.002367,172.31.40.0-255,66,217355,64,286931
4312,0.002394,74.125.68.0-255,5738,223093,64,286931
4313,0.002397,172.31.40.0-255,66,223159,64,286931
4314,0.0024,74.125.68.0-255,1484,224643,64,286931
4315,0.002403,74.125.68.0-255,1484,226127,64,286931
4316,0.002405,172.31.40.0-255,66,226193,64,286931
4317,0.002408,74.125.68.0-255,766,226959,64,286931
4318,0.002461,74.125.68.0-255,2902,229861,64,286931
4319,0.002465,172.31.40.0-255,66,229927,64,286931
4320,0.002472,74.125.68.0-255,5738,235665,64,286931
4321,0.002474,172.31.40.0-255,66,235731,64,286931
4322,0.002478,74.125.68.0-255,2902,238633,64,286931
4323,0.00248,172.31.40.0-255,66,238699,64,286931
4324,0.002516,74.125.68.0-255,1484,240183,64,286931
4325,0.002556,172.31.40.0-255,66,240249,64,286931
4326,0.002585,74.125.68.0-255,1484,241733,64,286931
4327,0.002603,74.125.68.0-255,2902,244635,64,286931
4328,0.002617,74.125.68.0-255,1484,246119,64,286931
4329,0.002639,74.125.68.0-255,2902,249021,64,286931
4330,0.002642,74.125.68.0-255,1484,250505,64,286931
4331,0.002657,74.125.68.0-255,4320,254825,64,286931
4332,0.002684,74.125.68.0-255,7156,261981,64,286931
4333,0.002688,74.125.68.0-255,2902,264883,64,286931
4334,0.002707,74.125.68.0-255,5738,270621,64,286931
4335,0.002726,74.125.68.0-255,3602,274223,64,286931
4336,0.00273,74.125.68.0-255,1484,275707,64,286931
4337,0.002743,74.125.68.0-255,2902,278609,64,286931
4338,0.002773,74.125.68.0-255,1852,280461,64,286931
4339,0.002882,74.125.68.0-255,105,280566,64,286931
4340,0.011285,172.31.40.0-255,66,280632,64,286931
4341,0.012525,74.125.68.0-255,105,280737,64,286931
4342,0.012536,172.31.40.0-255,78,280815,64,286931
4343,0.013705,172.31.40.0-255,105,280920,64,286931
4344,0.015979,74.125.68.0-255,66,280986,64,286931
4345,0.037844,172.31.40.0-255,172,281158,64,286931
4346,0.03788,172.31.40.0-255,1107,282265,64,286931
4347,0.037943,172.31.40.0-255,1514,283779,64,286931
4348,0.037945,172.31.40.0-255,1514,285293,64,286931
4349,0.037946,172.31.40.0-255,1514,286807,64,286931
4350,0.037947,172.31.40.0-255,124,286931,64,286931
4351,0.0,172.31.40.0-255,105,105,64,459
4352,0.00015,172.31.40.0-255,90,195,64,459
4353,0.000161,172.31.40.0-255,66,261,64,459
4354,0.002185,74.125.68.0-255,66,327,64,459
4355,0.002215,74.125.68.0-255,66,393,64,459
4356,0.002238,172.31.40.0-255,66,459,64,459
4357,0.0,172.217.160.0-255,153,153,64,262274
4358,3.2e-05,172.31.40.0-255,66,219,64,262274
4359,4.1e-05,172.217.160.0-255,1484,1703,64,262274
4360,4.6e-05,172.31.40.0-255,66,1769,64,262274
4361,5.2e-05,172.217.160.0-255,2902,4671,64,262274
4362,5.6e-05,172.31.40.0-255,66,4737,64,262274
4363,6.3e-05,172.217.160.0-255,7156,11893,64,262274
4364,6.6e-05,172.31.40.0-255,66,11959,64,262274
4365,7.1e-05,172.217.160.0-255,2075,14034,64,262274
4366,7.4e-05,172.31.40.0-255,66,14100,64,262274
4367,8.8e-05,172.31.40.0-255,66,14166,64,262274
4368,9.5e-05,172.217.160.0-255,5379,19545,64,262274
4369,9.8e-05,172.31.40.0-255,66,19611,64,262274
4370,0.000165,172.217.160.0-255,1484,21095,64,262274
4371,0.000168,172.31.40.0-255,66,21161,64,262274
4372,0.000173,172.217.160.0-255,2902,24063,64,262274
4373,0.000175,172.31.40.0-255,66,24129,64,262274
4374,0.000197,172.217.160.0-255,5738,29867,64,262274
4375,0.000199,172.31.40.0-255,66,29933,64,262274
4376,0.000202,172.217.160.0-255,1484,31417,64,262274
4377,0.000204,172.31.40.0-255,66,31483,64,262274
4378,0.000225,172.217.160.0-255,7156,38639,64,262274
4379,0.000229,172.31.40.0-255,66,38705,64,262274
4380,0.000254,172.217.160.0-255,5379,44084,64,262274
4381,0.000257,172.31.40.0-255,66,44150,64,262274
4382,0.000264,172.217.160.0-255,7156,51306,64,262274
4383,0.000267,172.31.40.0-255,66,51372,64,262274
4384,0.000285,172.217.160.0-255,1484,52856,64,262274
4385,0.000287,172.31.40.0-255,66,52922,64,262274
4386,0.000299,172.217.160.0-255,1372,54294,64,262274
4387,0.000301,172.31.40.0-255,66,54360,64,262274
4388,0.000547,172.217.160.0-255,119,54479,64,262274
4389,0.000663,172.217.160.0-255,1484,55963,64,262274
4390,0.000668,172.31.40.0-255,66,56029,64,262274
4391,0.000676,172.217.160.0-255,2902,58931,64,262274
4392,0.000679,172.31.40.0-255,66,58997,64,262274
4393,0.000682,172.217.160.0-255,1484,60481,64,262274
4394,0.0007,172.217.160.0-255,4320,64801,64,262274
4395,0.000702,172.31.40.0-255,66,64867,64,262274
4396,0.000748,172.217.160.0-255,7156,72023,64,262274
4397,0.000751,172.31.40.0-255,66,72089,64,262274
4398,0.000769,172.217.160.0-255,6797,78886,64,262274
4399,0.000772,172.31.40.0-255,66,78952,64,262274
4400,0.000784,172.31.40.0-255,66,79018,64,262274
4401,0.001037,172.217.160.0-255,385,79403,64,262274
4402,0.001181,172.217.160.0-255,1484,80887,64,262274
4403,0.001186,172.31.40.0-255,66,80953,64,262274
4404,0.00119,172.217.160.0-255,1484,82437,64,262274
4405,0.001207,172.217.160.0-255,1484,83921,64,262274
4406,0.00121,172.31.40.0-255,66,83987,64,262274
4407,0.001215,172.217.160.0-255,2902,86889,64,262274
4408,0.001218,172.31.40.0-255,66,86955,64,262274
4409,0.00123,172.217.160.0-255,2902,89857,64,262274
4410,0.001232,172.31.40.0-255,66,89923,64,262274
4411,0.001239,172.217.160.0-255,7156,97079,64,262274
4412,0.001241,172.31.40.0-255,66,97145,64,262274
4413,0.001268,172.217.160.0-255,5738,102883,64,262274
4414,0.001271,172.31.40.0-255,66,102949,64,262274
4415,0.001283,172.31.40.0-255,66,103015,64,262274
4416,0.001697,172.217.160.0-255,1484,104499,64,262274
4417,0.00171,172.217.160.0-255,1484,105983,64,262274
4418,0.001713,172.31.40.0-255,66,106049,64,262274
4419,0.001729,172.217.160.0-255,1484,107533,64,262274
4420,0.001734,172.217.160.0-255,4320,111853,64,262274
4421,0.001737,172.31.40.0-255,66,111919,64,262274
4422,0.001754,172.217.160.0-255,1484,113403,64,262274
4423,0.001761,172.217.160.0-255,5738,119141,64,262274
4424,0.001763,172.31.40.0-255,66,119207,64,262274
4425,0.001791,172.217.160.0-255,7156,126363,64,262274
4426,0.001794,172.31.40.0-255,66,126429,64,262274
4427,0.001801,172.217.160.0-255,7156,133585,64,262274
4428,0.001803,172.31.40.0-255,66,133651,64,262274
4429,0.00182,172.217.160.0-255,1484,135135,64,262274
4430,0.001825,172.217.160.0-255,2184,137319,64,262274
4431,0.001827,172.31.40.0-255,66,137385,64,262274
4432,0.003588,172.217.160.0-255,1484,138869,64,262274
4433,0.003611,172.217.160.0-255,4320,143189,64,262274
4434,0.003617,172.31.40.0-255,66,143255,64,262274
4435,0.005383,172.217.160.0-255,5738,148993,64,262274
4436,0.005388,172.31.40.0-255,66,149059,64,262274
4437,0.007174,172.217.160.0-255,5738,154797,64,262274
4438,0.007182,172.31.40.0-255,66,154863,64,262274
4439,0.008966,172.217.160.0-255,5738,160601,64,262274
4440,0.008972,172.31.40.0-255,66,160667,64,262274
4441,0.010742,172.217.160.0-255,5738,166405,64,262274
4442,0.010751,172.31.40.0-255,66,166471,64,262274
4443,0.012517,172.217.160.0-255,4320,170791,64,262274
4444,0.012524,172.31.40.0-255,66,170857,64,262274
4445,0.012547,172.217.160.0-255,1484,172341,64,262274
4446,0.014319,172.217.160.0-255,4320,176661,64,262274
4447,0.01433,172.31.40.0-255,66,176727,64,262274
4448,0.016152,172.217.160.0-255,5738,182465,64,262274
4449,0.01616,172.31.40.0-255,66,182531,64,262274
4450,0.017968,172.217.160.0-255,5738,188269,64,262274
4451,0.017983,172.31.40.0-255,66,188335,64,262274
4452,0.019767,172.217.160.0-255,5738,194073,64,262274
4453,0.019775,172.31.40.0-255,66,194139,64,262274
4454,0.021559,172.217.160.0-255,5738,199877,64,262274
4455,0.021566,172.31.40.0-255,66,199943,64,262274
4456,0.02334,172.217.160.0-255,5738,205681,64,262274
4457,0.023349,172.31.40.0-255,66,205747,64,262274
4458,0.025142,172.217.160.0-255,5738,211485,64,262274
4459,0.025153,172.31.40.0-255,66,211551,64,262274
4460,0.026959,172.217.160.0-255,5738,217289,64,262274
4461,0.026966,172.31.40.0-255,66,217355,64,262274
4462,0.028795,172.217.160.0-255,5738,223093,64,262274
4463,0.028807,172.31.40.0-255,66,223159,64,262274
4464,0.030577,172.217.160.0-255,5738,228897,64,262274
4465,0.030584,172.31.40.0-255,66,228963,64,262274
4466,0.032388,172.217.160.0-255,5738,234701,64,262274
4467,0.0324,172.31.40.0-255,66,234767,64,262274
4468,0.034215,172.217.160.0-255,5738,240505,64,262274
4469,0.03422,172.31.40.0-255,66,240571,64,262274
4470,0.03511,172.31.40.0-255,171,240742,64,262274
4471,0.035138,172.31.40.0-255,1132,241874,64,262274
4472,0.035188,172.31.40.0-255,1514,243388,64,262274
4473,0.03519,172.31.40.0-255,1276,244664,64,262274
4474,0.035998,172.217.160.0-255,5738,250402,64,262274
4475,0.036005,172.31.40.0-255,66,250468,64,262274
4476,0.036818,104.244.42.0-255,66,250534,64,262274
4477,0.036826,104.244.42.0-255,66,250600,64,262274
4478,0.036995,104.244.42.0-255,66,250666,64,262274
4479,0.037839,172.217.160.0-255,5738,256404,64,262274
4480,0.037849,172.31.40.0-255,66,256470,64,262274
4481,0.03964,172.217.160.0-255,5738,262208,64,262274
4482,0.03965,172.31.40.0-255,66,262274,64,262274
4483,0.0,172.217.194.0-255,153,153,64,248549
4484,2.4e-05,172.31.40.0-255,66,219,64,248549
4485,3.1e-05,172.217.194.0-255,1484,1703,64,248549
4486,3.6e-05,172.31.40.0-255,66,1769,64,248549
4487,4.2e-05,172.217.194.0-255,2902,4671,64,248549
4488,4.5e-05,172.31.40.0-255,66,4737,64,248549
4489,5.3e-05,172.217.194.0-255,7156,11893,64,248549
4490,5.6e-05,172.31.40.0-255,66,11959,64,248549
4491,6.3e-05,172.217.194.0-255,6419,18378,64,248549
4492,6.6e-05,172.31.40.0-255,66,18444,64,248549
4493,7.3e-05,172.217.194.0-255,7156,25600,64,248549
4494,7.5e-05,172.31.40.0-255,66,25666,64,248549
4495,0.000114,172.217.194.0-255,5379,31045,64,248549
4496,0.000117,172.31.40.0-255,66,31111,64,248549
4497,0.000163,172.217.194.0-255,1484,32595,64,248549
4498,0.000168,172.31.40.0-255,66,32661,64,248549
4499,0.000177,172.217.194.0-255,2902,35563,64,248549
4500,0.000179,172.31.40.0-255,66,35629,64,248549
4501,0.000185,172.217.194.0-255,4320,39949,64,248549
4502,0.000187,172.31.40.0-255,66,40015,64,248549
4503,0.00021,172.217.194.0-255,1484,41499,64,248549
4504,0.000213,172.31.40.0-255,66,41565,64,248549
4505,0.00022,172.217.194.0-255,6797,48362,64,248549
4506,0.000223,172.31.40.0-255,66,48428,64,248549
4507,0.00023,172.217.194.0-255,7156,55584,64,248549
4508,0.000232,172.31.40.0-255,66,55650,64,248549
4509,0.000264,172.217.194.0-255,4320,59970,64,248549
4510,0.000267,172.31.40.0-255,66,60036,64,248549
4511,0.000289,172.217.194.0-255,5679,65715,64,248549
4512,0.000292,172.31.40.0-255,66,65781,64,248549
4513,0.000294,172.217.194.0-255,387,66168,64,248549
4514,0.000296,172.31.40.0-255,66,66234,64,248549
4515,0.000539,172.217.194.0-255,1484,67718,64,248549
4516,0.000545,172.217.194.0-255,2902,70620,64,248549
4517,0.000553,172.31.40.0-255,66,70686,64,248549
4518,0.000567,172.217.194.0-255,5738,76424,64,248549
4519,0.000569,172.31.40.0-255,66,76490,64,248549
4520,0.000576,172.217.194.0-255,5738,82228,64,248549
4521,0.000579,172.31.40.0-255,66,82294,64,248549
4522,0.000605,172.217.194.0-255,7156,89450,64,248549
4523,0.000609,172.31.40.0-255,66,89516,64,248549
4524,0.000615,172.217.194.0-255,5738,95254,64,248549
4525,0.000617,172.31.40.0-255,66,95320,64,248549
4526,0.000635,172.217.194.0-255,5020,100340,64,248549
4527,0.000638,172.31.40.0-255,66,100406,64,248549
4528,0.000828,172.217.194.0-255,1484,101890,64,248549
4529,0.000834,172.217.194.0-255,2902,104792,64,248549
4530,0.000837,172.31.40.0-255,66,104858,64,248549
4531,0.000857,172.217.194.0-255,5738,110596,64,248549
4532,0.00086,172.31.40.0-255,66,110662,64,248549
4533,0.000863,172.217.194.0-255,1484,112146,64,248549
4534,0.000884,172.217.194.0-255,4320,116466,64,248549
4535,0.000886,172.31.40.0-255,66,116532,64,248549
4536,0.000891,172.217.194.0-255,4320,120852,64,248549
4537,0.000893,172.31.40.0-255,66,120918,64,248549
4538,0.000916,172.31.40.0-255,66,120984,64,248549
4539,0.000922,172.217.194.0-255,5020,126004,64,248549
4540,0.000924,172.31.40.0-255,66,126070,64,248549
4541,0.000952,172.217.194.0-255,5738,131808,64,248549
4542,0.000955,172.31.40.0-255,66,131874,64,248549
4543,0.000958,172.217.194.0-255,1484,133358,64,248549
4544,0.000977,172.217.194.0-255,4320,137678,64,248549
4545,0.00098,172.31.40.0-255,66,137744,64,248549
4546,0.000999,172.217.194.0-255,7156,144900,64,248549
4547,0.001003,172.31.40.0-255,66,144966,64,248549
4548,0.001013,172.217.194.0-255,5738,150704,64,248549
4549,0.001016,172.31.40.0-255,66,150770,64,248549
4550,0.001031,172.31.40.0-255,66,150836,64,248549
4551,0.001144,172.217.194.0-255,1484,152320,64,248549
4552,0.00115,172.217.194.0-255,2902,155222,64,248549
4553,0.001153,172.31.40.0-255,66,155288,64,248549
4554,0.001178,172.217.194.0-255,5738,161026,64,248549
4555,0.001181,172.31.40.0-255,66,161092,64,248549
4556,0.001241,172.31.40.0-255,66,161158,64,248549
4557,0.001253,172.31.40.0-255,66,161224,64,248549
4558,0.001349,172.217.194.0-255,1484,162708,64,248549
4559,0.001367,172.217.194.0-255,2902,165610,64,248549
4560,0.00137,172.31.40.0-255,66,165676,64,248549
4561,0.001402,172.217.194.0-255,5738,171414,64,248549
4562,0.001406,172.31.40.0-255,66,171480,64,248549
4563,0.001421,172.217.194.0-255,2902,174382,64,248549
4564,0.001423,172.31.40.0-255,66,174448,64,248549
4565,0.001446,172.31.40.0-255,66,174514,64,248549
4566,0.001453,172.217.194.0-255,7156,181670,64,248549
4567,0.001456,172.31.40.0-255,66,181736,64,248549
4568,0.001475,172.217.194.0-255,5020,186756,64,248549
4569,0.001478,172.31.40.0-255,66,186822,64,248549
4570,0.001523,172.217.194.0-255,1484,188306,64,248549
4571,0.001551,172.31.40.0-255,66,188372,64,248549
4572,0.001555,172.217.194.0-255,1484,189856,64,248549
4573,0.001586,172.31.40.0-255,66,189922,64,248549
4574,0.001601,172.31.40.0-255,66,189988,64,248549
4575,0.001627,172.217.194.0-255,2902,192890,64,248549
4576,0.001629,172.31.40.0-255,66,192956,64,248549
4577,0.001663,172.31.40.0-255,66,193022,64,248549
4578,0.001695,172.31.40.0-255,66,193088,64,248549
4579,0.001697,172.217.194.0-255,766,193854,64,248549
4580,0.001741,172.217.194.0-255,5738,199592,64,248549
4581,0.001744,172.31.40.0-255,66,199658,64,248549
4582,0.001766,172.217.194.0-255,5738,205396,64,248549
4583,0.001769,172.31.40.0-255,66,205462,64,248549
4584,0.001782,172.31.40.0-255,66,205528,64,248549
4585,0.001787,172.217.194.0-255,2902,208430,64,248549
4586,0.001789,172.31.40.0-255,66,208496,64,248549
4587,0.001811,172.217.194.0-255,6438,214934,64,248549
4588,0.001814,172.31.40.0-255,66,215000,64,248549
4589,0.001834,172.217.194.0-255,1484,216484,64,248549
4590,0.001837,172.217.194.0-255,1484,217968,64,248549
4591,0.001841,172.31.40.0-255,66,218034,64,248549
4592,0.001859,172.217.194.0-255,1484,219518,64,248549
4593,0.001866,172.217.194.0-255,5738,225256,64,248549
4594,0.001869,172.31.40.0-255,66,225322,64,248549
4595,0.001871,172.217.194.0-255,1484,226806,64,248549
4596,0.001908,172.31.40.0-255,66,226872,64,248549
4597,0.00192,172.31.40.0-255,66,226938,64,248549
4598,0.001982,172.217.194.0-255,5020,231958,64,248549
4599,0.001985,172.31.40.0-255,66,232024,64,248549
4600,0.001991,172.217.194.0-255,5738,237762,64,248549
4601,0.001994,172.31.40.0-255,66,237828,64,248549
4602,0.002008,172.31.40.0-255,66,237894,64,248549
4603,0.002022,172.31.40.0-255,66,237960,64,248549
4604,0.002048,172.217.194.0-255,2902,240862,64,248549
4605,0.002051,172.31.40.0-255,66,240928,64,248549
4606,0.002064,172.217.194.0-255,3918,244846,64,248549
4607,0.002067,172.31.40.0-255,66,244912,64,248549
4608,0.00207,172.217.194.0-255,105,245017,64,248549
4609,0.009111,172.31.40.0-255,101,245118,64,248549
4610,0.010076,172.31.40.0-255,105,245223,64,248549
4611,0.011331,172.217.194.0-255,66,245289,64,248549
4612,0.012283,172.217.194.0-255,66,245355,64,248549
4613,0.030933,172.31.40.0-255,167,245522,64,248549
4614,0.030971,172.31.40.0-255,1107,246629,64,248549
4615,0.031033,172.31.40.0-255,1514,248143,64,248549
4616,0.031035,172.31.40.0-255,340,248483,64,248549
4617,0.033047,104.244.42.0-255,66,248549,64,248549
4618,0.0,74.125.24.0-255,147,147,64,169695
4619,2.1e-05,172.31.40.0-255,66,213,64,169695
4620,2.7e-05,74.125.24.0-255,1484,1697,64,169695
4621,3.1e-05,172.31.40.0-255,66,1763,64,169695
4622,3.6e-05,74.125.24.0-255,2902,4665,64,169695
4623,3.9e-05,172.31.40.0-255,66,4731,64,169695
4624,4.4e-05,74.125.24.0-255,4320,9051,64,169695
4625,4.6e-05,172.31.40.0-255,66,9117,64,169695
4626,7.7e-05,74.125.24.0-255,4892,14009,64,169695
4627,8e-05,172.31.40.0-255,66,14075,64,169695
4628,0.000125,74.125.24.0-255,5738,19813,64,169695
4629,0.000127,172.31.40.0-255,66,19879,64,169695
4630,0.000138,172.31.40.0-255,66,19945,64,169695
4631,0.000177,74.125.24.0-255,5738,25683,64,169695
4632,0.000179,172.31.40.0-255,66,25749,64,169695
4633,0.000209,172.31.40.0-255,66,25815,64,169695
4634,0.000213,74.125.24.0-255,2543,28358,64,169695
4635,0.000215,172.31.40.0-255,66,28424,64,169695
4636,0.000246,74.125.24.0-255,7156,35580,64,169695
4637,0.000248,172.31.40.0-255,66,35646,64,169695
4638,0.000267,74.125.24.0-255,7156,42802,64,169695
4639,0.000269,172.31.40.0-255,66,42868,64,169695
4640,0.000291,74.125.24.0-255,1484,44352,64,169695
4641,0.000292,172.31.40.0-255,66,44418,64,169695
4642,0.000295,74.125.24.0-255,1125,45543,64,169695
4643,0.000297,172.31.40.0-255,66,45609,64,169695
4644,0.000414,74.125.24.0-255,415,46024,64,169695
4645,0.000418,172.31.40.0-255,66,46090,64,169695
4646,0.000463,74.125.24.0-255,331,46421,64,169695
4647,0.000465,172.31.40.0-255,66,46487,64,169695
4648,0.000512,74.125.24.0-255,1484,47971,64,169695
4649,0.000516,74.125.24.0-255,1484,49455,64,169695
4650,0.000519,172.31.40.0-255,66,49521,64,169695
4651,0.000531,74.125.24.0-255,2902,52423,64,169695
4652,0.000533,74.125.24.0-255,1484,53907,64,169695
4653,0.000537,172.31.40.0-255,66,53973,64,169695
4654,0.000553,74.125.24.0-255,7156,61129,64,169695
4655,0.000556,172.31.40.0-255,66,61195,64,169695
4656,0.000587,74.125.24.0-255,2902,64097,64,169695
4657,0.000589,172.31.40.0-255,66,64163,64,169695
4658,0.000621,172.31.40.0-255,66,64229,64,169695
4659,0.000627,74.125.24.0-255,5020,69249,64,169695
4660,0.000629,172.31.40.0-255,66,69315,64,169695
4661,0.000867,74.125.24.0-255,1484,70799,64,169695
4662,0.000887,74.125.24.0-255,2902,73701,64,169695
4663,0.00089,172.31.40.0-255,66,73767,64,169695
4664,0.000896,74.125.24.0-255,5738,79505,64,169695
4665,0.000898,172.31.40.0-255,66,79571,64,169695
4666,0.000914,74.125.24.0-255,1484,81055,64,169695
4667,0.000935,74.125.24.0-255,5738,86793,64,169695
4668,0.000937,172.31.40.0-255,66,86859,64,169695
4669,0.00094,74.125.24.0-255,1484,88343,64,169695
4670,0.000968,172.31.40.0-255,66,88409,64,169695
4671,0.000972,74.125.24.0-255,2184,90593,64,169695
4672,0.000974,172.31.40.0-255,66,90659,64,169695
4673,0.001104,74.125.24.0-255,1484,92143,64,169695
4674,0.001126,74.125.24.0-255,2902,95045,64,169695
4675,0.00113,172.31.40.0-255,66,95111,64,169695
4676,0.001137,74.125.24.0-255,5738,100849,64,169695
4677,0.001139,172.31.40.0-255,66,100915,64,169695
4678,0.001142,74.125.24.0-255,1484,102399,64,169695
4679,0.001165,172.31.40.0-255,66,102465,64,169695
4680,0.001174,172.31.40.0-255,66,102531,64,169695
4681,0.001214,74.125.24.0-255,2184,104715,64,169695
4682,0.001217,172.31.40.0-255,66,104781,64,169695
4683,0.001221,74.125.24.0-255,2902,107683,64,169695
4684,0.001223,172.31.40.0-255,66,107749,64,169695
4685,0.001228,74.125.24.0-255,4320,112069,64,169695
4686,0.001231,172.31.40.0-255,66,112135,64,169695
4687,0.001249,74.125.24.0-255,2902,115037,64,169695
4688,0.001251,172.31.40.0-255,66,115103,64,169695
4689,0.001255,74.125.24.0-255,2902,118005,64,169695
4690,0.001257,172.31.40.0-255,66,118071,64,169695
4691,0.001286,172.31.40.0-255,66,118137,64,169695
4692,0.001296,172.31.40.0-255,66,118203,64,169695
4693,0.001332,74.125.24.0-255,1484,119687,64,169695
4694,0.001337,74.125.24.0-255,2902,122589,64,169695
4695,0.001339,172.31.40.0-255,66,122655,64,169695
4696,0.001358,74.125.24.0-255,5738,128393,64,169695
4697,0.001361,172.31.40.0-255,66,128459,64,169695
4698,0.001401,172.31.40.0-255,66,128525,64,169695
4699,0.001425,74.125.24.0-255,2902,131427,64,169695
4700,0.001427,172.31.40.0-255,66,131493,64,169695
4701,0.00145,172.31.40.0-255,66,131559,64,169695
4702,0.001922,74.125.24.0-255,1484,133043,64,169695
4703,0.00193,74.125.24.0-255,2902,135945,64,169695
4704,0.001935,172.31.40.0-255,66,136011,64,169695
4705,0.001941,74.125.24.0-255,4320,140331,64,169695
4706,0.001942,172.31.40.0-255,66,140397,64,169695
4707,0.001957,74.125.24.0-255,1484,141881,64,169695
4708,0.001963,74.125.24.0-255,5738,147619,64,169695
4709,0.001965,172.31.40.0-255,66,147685,64,169695
4710,0.001995,74.125.24.0-255,7156,154841,64,169695
4711,0.001997,172.31.40.0-255,66,154907,64,169695
4712,0.002009,172.31.40.0-255,66,154973,64,169695
4713,0.002077,172.31.40.0-255,66,155039,64,169695
4714,0.002095,74.125.24.0-255,4320,159359,64,169695
4715,0.002097,172.31.40.0-255,66,159425,64,169695
4716,0.002107,172.31.40.0-255,66,159491,64,169695
4717,0.002146,172.31.40.0-255,66,159557,64,169695
4718,0.002163,172.31.40.0-255,66,159623,64,169695
4719,0.002182,74.125.24.0-255,5020,164643,64,169695
4720,0.002184,172.31.40.0-255,66,164709,64,169695
4721,0.002198,172.31.40.0-255,66,164775,64,169695
4722,0.002227,172.31.40.0-255,66,164841,64,169695
4723,0.002257,172.31.40.0-255,66,164907,64,169695
4724,0.002283,172.31.40.0-255,66,164973,64,169695
4725,0.002296,172.31.40.0-255,66,165039,64,169695
4726,0.002298,74.125.24.0-255,105,165144,64,169695
4727,0.00774,172.31.40.0-255,66,165210,64,169695
4728,0.007772,172.31.40.0-255,105,165315,64,169695
4729,0.010366,74.125.24.0-255,66,165381,64,169695
4730,0.031612,172.31.40.0-255,192,165573,64,169695
4731,0.031642,172.31.40.0-255,1112,166685,64,169695
4732,0.031691,172.31.40.0-255,1514,168199,64,169695
4733,0.031692,172.31.40.0-255,1298,169497,64,169695
4734,0.033156,104.244.42.0-255,66,169563,64,169695
4735,0.033165,104.244.42.0-255,66,169629,64,169695
4736,0.033259,104.244.42.0-255,66,169695,64,169695
4737,0.0,172.217.194.0-255,297,297,64,279898
4738,2.4e-05,172.31.40.0-255,66,363,64,279898
4739,3.1e-05,172.217.194.0-255,1484,1847,64,279898
4740,3.5e-05,172.31.40.0-255,66,1913,64,279898
4741,4.1e-05,172.217.194.0-255,4320,6233,64,279898
4742,4.4e-05,172.31.40.0-255,66,6299,64,279898
4743,5.8e-05,172.217.194.0-255,5738,12037,64,279898
4744,6.2e-05,172.31.40.0-255,66,12103,64,279898
4745,6.6e-05,172.217.194.0-255,1966,14069,64,279898
4746,7.1e-05,172.31.40.0-255,66,14135,64,279898
4747,7.8e-05,172.217.194.0-255,2902,17037,64,279898
4748,8e-05,172.31.40.0-255,66,17103,64,279898
4749,8.5e-05,172.217.194.0-255,2902,20005,64,279898
4750,8.8e-05,172.31.40.0-255,66,20071,64,279898
4751,0.000121,172.217.194.0-255,4320,24391,64,279898
4752,0.000124,172.31.40.0-255,66,24457,64,279898
4753,0.000132,172.217.194.0-255,7156,31613,64,279898
4754,0.000135,172.31.40.0-255,66,31679,64,279898
4755,0.000146,172.31.40.0-255,66,31745,64,279898
4756,0.000189,172.31.40.0-255,66,31811,64,279898
4757,0.000471,172.217.194.0-255,1484,33295,64,279898
4758,0.000477,172.217.194.0-255,2902,36197,64,279898
4759,0.000483,172.31.40.0-255,66,36263,64,279898
4760,0.000487,172.31.40.0-255,66,36329,64,279898
4761,0.000494,172.217.194.0-255,1484,37813,64,279898
4762,0.000496,172.31.40.0-255,66,37879,64,279898
4763,0.000526,172.217.194.0-255,4320,42199,64,279898
4764,0.00053,172.31.40.0-255,66,42265,64,279898
4765,0.000534,172.217.194.0-255,2902,45167,64,279898
4766,0.000537,172.31.40.0-255,66,45233,64,279898
4767,0.000567,172.217.194.0-255,3961,49194,64,279898
4768,0.00057,172.31.40.0-255,66,49260,64,279898
4769,0.000596,172.217.194.0-255,2902,52162,64,279898
4770,0.000599,172.31.40.0-255,66,52228,64,279898
4771,0.000609,172.217.194.0-255,1484,53712,64,279898
4772,0.000619,172.217.194.0-255,2902,56614,64,279898
4773,0.000622,172.31.40.0-255,66,56680,64,279898
4774,0.000625,172.217.194.0-255,1484,58164,64,279898
4775,0.000656,172.217.194.0-255,7156,65320,64,279898
4776,0.000659,172.31.40.0-255,66,65386,64,279898
4777,0.000663,172.217.194.0-255,1704,67090,64,279898
4778,0.000665,172.31.40.0-255,66,67156,64,279898
4779,0.000707,172.217.194.0-255,2902,70058,64,279898
4780,0.00071,172.31.40.0-255,66,70124,64,279898
4781,0.000713,172.217.194.0-255,1484,71608,64,279898
4782,0.000718,172.217.194.0-255,2902,74510,64,279898
4783,0.00072,172.31.40.0-255,66,74576,64,279898
4784,0.000751,172.217.194.0-255,5738,80314,64,279898
4785,0.000754,172.31.40.0-255,66,80380,64,279898
4786,0.000787,172.217.194.0-255,3961,84341,64,279898
4787,0.000791,172.31.40.0-255,66,84407,64,279898
4788,0.000956,172.217.194.0-255,1484,85891,64,279898
4789,0.000979,172.217.194.0-255,2902,88793,64,279898
4790,0.000982,172.31.40.0-255,66,88859,64,279898
4791,0.001007,172.217.194.0-255,5738,94597,64,279898
4792,0.001009,172.31.40.0-255,66,94663,64,279898
4793,0.001037,172.217.194.0-255,6235,100898,64,279898
4794,0.00104,172.31.40.0-255,66,100964,64,279898
4795,0.001615,172.217.194.0-255,1484,102448,64,279898
4796,0.001619,172.217.194.0-255,1484,103932,64,279898
4797,0.001622,172.31.40.0-255,66,103998,64,279898
4798,0.00165,172.217.194.0-255,2902,106900,64,279898
4799,0.001653,172.31.40.0-255,66,106966,64,279898
4800,0.001657,172.217.194.0-255,2902,109868,64,279898
4801,0.001659,172.31.40.0-255,66,109934,64,279898
4802,0.001679,172.217.194.0-255,2902,112836,64,279898
4803,0.001681,172.31.40.0-255,66,112902,64,279898
4804,0.001687,172.217.194.0-255,5738,118640,64,279898
4805,0.001689,172.31.40.0-255,66,118706,64,279898
4806,0.001714,172.217.194.0-255,4320,123026,64,279898
4807,0.001717,172.31.40.0-255,66,123092,64,279898
4808,0.001729,172.31.40.0-255,66,123158,64,279898
4809,0.001732,172.217.194.0-255,766,123924,64,279898
4810,0.001795,172.217.194.0-255,1484,125408,64,279898
4811,0.001799,172.31.40.0-255,66,125474,64,279898
4812,0.001804,172.217.194.0-255,2902,128376,64,279898
4813,0.001806,172.31.40.0-255,66,128442,64,279898
4814,0.001841,172.217.194.0-255,5738,134180,64,279898
4815,0.001844,172.31.40.0-255,66,134246,64,279898
4816,0.00185,172.217.194.0-255,5738,139984,64,279898
4817,0.001853,172.31.40.0-255,66,140050,64,279898
4818,0.00186,172.217.194.0-255,7156,147206,64,279898
4819,0.001862,172.31.40.0-255,66,147272,64,279898
4820,0.00189,172.217.194.0-255,5738,153010,64,279898
4821,0.001892,172.31.40.0-255,66,153076,64,279898
4822,0.001897,172.217.194.0-255,3988,157064,64,279898
4823,0.0019,172.31.40.0-255,66,157130,64,279898
4824,0.001951,172.217.194.0-255,1484,158614,64,279898
4825,0.001956,172.217.194.0-255,1484,160098,64,279898
4826,0.001959,172.31.40.0-255,66,160164,64,279898
4827,0.001983,172.217.194.0-255,1484,161648,64,279898
4828,0.00199,172.217.194.0-255,5738,167386,64,279898
4829,0.001995,172.217.194.0-255,5738,173124,64,279898
4830,0.002001,172.31.40.0-255,66,173190,64,279898
4831,0.002003,172.31.40.0-255,66,173256,64,279898
4832,0.002032,172.31.40.0-255,66,173322,64,279898
4833,0.002069,172.217.194.0-255,1484,174806,64,279898
4834,0.002074,172.31.40.0-255,66,174872,64,279898
4835,0.004149,172.217.194.0-255,4320,179192,64,279898
4836,0.004156,172.31.40.0-255,66,179258,64,279898
4837,0.006226,172.217.194.0-255,5738,184996,64,279898
4838,0.00623,172.31.40.0-255,66,185062,64,279898
4839,0.008251,172.217.194.0-255,5738,190800,64,279898
4840,0.008258,172.31.40.0-255,66,190866,64,279898
4841,0.010273,172.217.194.0-255,5738,196604,64,279898
4842,0.01028,172.31.40.0-255,66,196670,64,279898
4843,0.01232,172.217.194.0-255,5738,202408,64,279898
4844,0.01233,172.31.40.0-255,66,202474,64,279898
4845,0.014342,172.217.194.0-255,5738,208212,64,279898
4846,0.014352,172.31.40.0-255,66,208278,64,279898
4847,0.016402,172.217.194.0-255,5738,214016,64,279898
4848,0.016414,172.31.40.0-255,66,214082,64,279898
4849,0.018436,172.217.194.0-255,4320,218402,64,279898
4850,0.018444,172.31.40.0-255,66,218468,64,279898
4851,0.018471,172.217.194.0-255,1484,219952,64,279898
4852,0.020464,172.217.194.0-255,4320,224272,64,279898
4853,0.020477,172.31.40.0-255,66,224338,64,279898
4854,0.022525,172.217.194.0-255,5738,230076,64,279898
4855,0.022538,172.31.40.0-255,66,230142,64,279898
4856,0.024547,172.217.194.0-255,5738,235880,64,279898
4857,0.024561,172.31.40.0-255,66,235946,64,279898
4858,0.026558,172.217.194.0-255,5738,241684,64,279898
4859,0.026566,172.31.40.0-255,66,241750,64,279898
4860,0.02857,172.217.194.0-255,5738,247488,64,279898
4861,0.028577,172.31.40.0-255,66,247554,64,279898
4862,0.030564,172.217.194.0-255,5738,253292,64,279898
4863,0.030571,172.31.40.0-255,66,253358,64,279898
4864,0.032558,172.217.194.0-255,5738,259096,64,279898
4865,0.032565,172.31.40.0-255,66,259162,64,279898
4866,0.034587,172.217.194.0-255,5738,264900,64,279898
4867,0.034594,172.31.40.0-255,66,264966,64,279898
4868,0.036274,172.31.40.0-255,167,265133,64,279898
4869,0.036303,172.31.40.0-255,1107,266240,64,279898
4870,0.03636,172.31.40.0-255,1514,267754,64,279898
4871,0.036362,172.31.40.0-255,338,268092,64,279898
4872,0.0366,172.217.194.0-255,5738,273830,64,279898
4873,0.036606,172.31.40.0-255,66,273896,64,279898
4874,0.03782,104.244.42.0-255,66,273962,64,279898
4875,0.037849,104.244.42.0-255,66,274028,64,279898
4876,0.037958,104.244.42.0-255,66,274094,64,279898
4877,0.038676,172.217.194.0-255,5738,279832,64,279898
4878,0.038681,172.31.40.0-255,66,279898,64,279898
4879,0.0,172.217.194.0-255,152,152,64,139689
4880,2.5e-05,172.31.40.0-255,66,218,64,139689
4881,3.2e-05,172.217.194.0-255,1484,1702,64,139689
4882,3.7e-05,172.31.40.0-255,66,1768,64,139689
4883,4.3e-05,172.217.194.0-255,2902,4670,64,139689
4884,4.7e-05,172.31.40.0-255,66,4736,64,139689
4885,5.4e-05,172.217.194.0-255,7156,11892,64,139689
4886,5.7e-05,172.31.40.0-255,66,11958,64,139689
4887,6.2e-05,172.217.194.0-255,2137,14095,64,139689
4888,6.4e-05,172.31.40.0-255,66,14161,64,139689
4889,6.9e-05,172.217.194.0-255,1484,15645,64,139689
4890,7.1e-05,172.31.40.0-255,66,15711,64,139689
4891,9.7e-05,172.217.194.0-255,1484,17195,64,139689
4892,0.0001,172.31.40.0-255,66,17261,64,139689
4893,0.000107,172.217.194.0-255,7156,24417,64,139689
4894,0.00011,172.31.40.0-255,66,24483,64,139689
4895,0.000115,172.217.194.0-255,4320,28803,64,139689
4896,0.000118,172.31.40.0-255,66,28869,64,139689
4897,0.000137,172.217.194.0-255,2543,31412,64,139689
4898,0.000139,172.31.40.0-255,66,31478,64,139689
4899,0.000163,172.217.194.0-255,1484,32962,64,139689
4900,0.000165,172.31.40.0-255,66,33028,64,139689
4901,0.000169,172.217.194.0-255,2902,35930,64,139689
4902,0.000172,172.31.40.0-255,66,35996,64,139689
4903,0.000196,172.217.194.0-255,5738,41734,64,139689
4904,0.000199,172.31.40.0-255,66,41800,64,139689
4905,0.000216,172.217.194.0-255,5738,47538,64,139689
4906,0.000219,172.31.40.0-255,66,47604,64,139689
4907,0.000249,172.31.40.0-255,66,47670,64,139689
4908,0.000265,172.217.194.0-255,1484,49154,64,139689
4909,0.000268,172.31.40.0-255,66,49220,64,139689
4910,0.000287,172.31.40.0-255,66,49286,64,139689
4911,0.000304,172.217.194.0-255,382,49668,64,139689
4912,0.000567,172.217.194.0-255,1484,51152,64,139689
4913,0.000572,172.31.40.0-255,66,51218,64,139689
4914,0.000579,172.217.194.0-255,2902,54120,64,139689
4915,0.000581,172.31.40.0-255,66,54186,64,139689
4916,0.000588,172.217.194.0-255,5738,59924,64,139689
4917,0.00059,172.31.40.0-255,66,59990,64,139689
4918,0.000628,172.31.40.0-255,66,60056,64,139689
4919,0.000639,172.31.40.0-255,66,60122,64,139689
4920,0.000663,172.217.194.0-255,2184,62306,64,139689
4921,0.000666,172.31.40.0-255,66,62372,64,139689
4922,0.00123,172.217.194.0-255,1484,63856,64,139689
4923,0.001236,172.217.194.0-255,2902,66758,64,139689
4924,0.00124,172.31.40.0-255,66,66824,64,139689
4925,0.001246,172.217.194.0-255,4320,71144,64,139689
4926,0.001248,172.31.40.0-255,66,71210,64,139689
4927,0.001262,172.217.194.0-255,1484,72694,64,139689
4928,0.001265,172.217.194.0-255,1484,74178,64,139689
4929,0.001267,172.31.40.0-255,66,74244,64,139689
4930,0.001305,172.31.40.0-255,66,74310,64,139689
4931,0.001319,172.31.40.0-255,66,74376,64,139689
4932,0.00139,172.217.194.0-255,1484,75860,64,139689
4933,0.001396,172.217.194.0-255,2902,78762,64,139689
4934,0.001399,172.31.40.0-255,66,78828,64,139689
4935,0.001415,172.217.194.0-255,2902,81730,64,139689
4936,0.001417,172.31.40.0-255,66,81796,64,139689
4937,0.001441,172.217.194.0-255,2902,84698,64,139689
4938,0.001444,172.31.40.0-255,66,84764,64,139689
4939,0.001457,172.31.40.0-255,66,84830,64,139689
4940,0.00146,172.217.194.0-255,1484,86314,64,139689
4941,0.001488,172.217.194.0-255,2902,89216,64,139689
4942,0.001491,172.31.40.0-255,66,89282,64,139689
4943,0.001542,172.217.194.0-255,4320,93602,64,139689
4944,0.001547,172.31.40.0-255,66,93668,64,139689
4945,0.00155,172.31.40.0-255,66,93734,64,139689
4946,0.001552,172.31.40.0-255,66,93800,64,139689
4947,0.001575,172.217.194.0-255,5020,98820,64,139689
4948,0.001578,172.31.40.0-255,66,98886,64,139689
4949,0.001595,172.217.194.0-255,2902,101788,64,139689
4950,0.001597,172.31.40.0-255,66,101854,64,139689
4951,0.001641,172.31.40.0-255,66,101920,64,139689
4952,0.001654,172.31.40.0-255,66,101986,64,139689
4953,0.001688,172.217.194.0-255,3602,105588,64,139689
4954,0.001751,172.31.40.0-255,66,105654,64,139689
4955,0.00176,172.31.40.0-255,66,105720,64,139689
4956,0.001763,172.31.40.0-255,66,105786,64,139689
4957,0.001787,172.31.40.0-255,66,105852,64,139689
4958,0.001797,172.31.40.0-255,66,105918,64,139689
4959,0.00184,172.31.40.0-255,66,105984,64,139689
4960,0.00186,172.217.194.0-255,1484,107468,64,139689
4961,0.001876,172.217.194.0-255,766,108234,64,139689
4962,0.001894,172.31.40.0-255,66,108300,64,139689
4963,0.001913,172.31.40.0-255,66,108366,64,139689
4964,0.001943,172.217.194.0-255,5738,114104,64,139689
4965,0.001969,172.31.40.0-255,66,114170,64,139689
4966,0.002006,172.217.194.0-255,1484,115654,64,139689
4967,0.002011,172.217.194.0-255,2902,118556,64,139689
4968,0.002022,172.31.40.0-255,66,118622,64,139689
4969,0.002036,172.217.194.0-255,5738,124360,64,139689
4970,0.002049,172.31.40.0-255,66,124426,64,139689
4971,0.002068,172.31.40.0-255,66,124492,64,139689
4972,0.002095,172.217.194.0-255,4320,128812,64,139689
4973,0.002111,172.217.194.0-255,4458,133270,64,139689
4974,0.002136,172.31.40.0-255,66,133336,64,139689
4975,0.002163,172.217.194.0-255,105,133441,64,139689
4976,0.004292,172.31.40.0-255,66,133507,64,139689
4977,0.004331,172.31.40.0-255,105,133612,64,139689
4978,0.006551,172.217.194.0-255,66,133678,64,139689
4979,0.037387,172.31.40.0-255,172,133850,64,139689
4980,0.03742,172.31.40.0-255,1107,134957,64,139689
4981,0.037483,172.31.40.0-255,1514,136471,64,139689
4982,0.037484,172.31.40.0-255,1514,137985,64,139689
4983,0.037486,172.31.40.0-255,1514,139499,64,139689
4984,0.037487,172.31.40.0-255,124,139623,64,139689
4985,0.039524,104.244.42.0-255,66,139689,64,139689
4986,0.0,216.58.221.0-255,150,150,64,144293
4987,2.3e-05,172.31.40.0-255,66,216,64,144293
4988,2.9e-05,216.58.221.0-255,1484,1700,64,144293
4989,3.5e-05,172.31.40.0-255,66,1766,64,144293
4990,4.8e-05,216.58.221.0-255,2902,4668,64,144293
4991,5.2e-05,172.31.40.0-255,66,4734,64,144293
4992,6e-05,216.58.221.0-255,5738,10472,64,144293
4993,6.4e-05,172.31.40.0-255,66,10538,64,144293
4994,6.7e-05,216.58.221.0-255,1484,12022,64,144293
4995,7.1e-05,172.31.40.0-255,66,12088,64,144293
4996,0.000115,172.31.40.0-255,66,12154,64,144293
4997,0.000133,172.31.40.0-255,66,12220,64,144293
4998,0.00015,216.58.221.0-255,1125,13345,64,144293
4999,0.000153,172.31.40.0-255,66,13411,64,144293
5000,0.000455,216.58.221.0-255,1484,14895,64,144293
5001,0.000475,172.31.40.0-255,66,14961,64,144293
5002,0.000481,216.58.221.0-255,2902,17863,64,144293
5003,0.000484,172.31.40.0-255,66,17929,64,144293
5004,0.000496,216.58.221.0-255,5738,23667,64,144293
5005,0.000498,172.31.40.0-255,66,23733,64,144293
5006,0.000506,216.58.221.0-255,6797,30530,64,144293
5007,0.000509,172.31.40.0-255,66,30596,64,144293
5008,0.000533,216.58.221.0-255,5738,36334,64,144293
5009,0.000536,172.31.40.0-255,66,36400,64,144293
5010,0.000575,172.31.40.0-255,66,36466,64,144293
5011,0.000601,216.58.221.0-255,2543,39009,64,144293
5012,0.000604,172.31.40.0-255,66,39075,64,144293
5013,0.000743,216.58.221.0-255,391,39466,64,144293
5014,0.000747,172.31.40.0-255,66,39532,64,144293
5015,0.001985,216.58.221.0-255,119,39651,64,144293
5016,0.002655,216.58.221.0-255,2902,42553,64,144293
5017,0.00266,172.31.40.0-255,66,42619,64,144293
5018,0.002787,216.58.221.0-255,1484,44103,64,144293
5019,0.004722,216.58.221.0-255,4320,48423,64,144293
5020,0.004726,172.31.40.0-255,66,48489,64,144293
5021,0.006797,216.58.221.0-255,5738,54227,64,144293
5022,0.006805,172.31.40.0-255,66,54293,64,144293
5023,0.008877,216.58.221.0-255,5738,60031,64,144293
5024,0.008889,172.31.40.0-255,66,60097,64,144293
5025,0.010957,216.58.221.0-255,5738,65835,64,144293
5026,0.010969,172.31.40.0-255,66,65901,64,144293
5027,0.01304,216.58.221.0-255,5738,71639,64,144293
5028,0.013051,172.31.40.0-255,66,71705,64,144293
5029,0.01512,216.58.221.0-255,4320,76025,64,144293
5030,0.015131,172.31.40.0-255,66,76091,64,144293
5031,0.015161,216.58.221.0-255,1484,77575,64,144293
5032,0.017207,216.58.221.0-255,4320,81895,64,144293
5033,0.017224,172.31.40.0-255,66,81961,64,144293
5034,0.019295,216.58.221.0-255,5738,87699,64,144293
5035,0.019303,172.31.40.0-255,66,87765,64,144293
5036,0.021373,216.58.221.0-255,5738,93503,64,144293
5037,0.021381,172.31.40.0-255,66,93569,64,144293
5038,0.02345,216.58.221.0-255,5738,99307,64,144293
5039,0.023456,172.31.40.0-255,66,99373,64,144293
5040,0.024691,172.31.40.0-255,172,99545,64,144293
5041,0.024729,172.31.40.0-255,1110,100655,64,144293
5042,0.024786,172.31.40.0-255,1514,102169,64,144293
5043,0.024788,172.31.40.0-255,1298,103467,64,144293
5044,0.025519,216.58.221.0-255,5738,109205,64,144293
5045,0.025525,172.31.40.0-255,66,109271,64,144293
5046,0.026373,104.244.42.0-255,66,109337,64,144293
5047,0.026415,104.244.42.0-255,66,109403,64,144293
5048,0.026477,104.244.42.0-255,66,109469,64,144293
5049,0.027591,216.58.221.0-255,5738,115207,64,144293
5050,0.027599,172.31.40.0-255,66,115273,64,144293
5051,0.029673,216.58.221.0-255,5738,121011,64,144293
5052,0.029679,172.31.40.0-255,66,121077,64,144293
5053,0.031763,216.58.221.0-255,5738,126815,64,144293
5054,0.031768,172.31.40.0-255,66,126881,64,144293
5055,0.033833,216.58.221.0-255,5738,132619,64,144293
5056,0.03384,172.31.40.0-255,66,132685,64,144293
5057,0.035907,216.58.221.0-255,5738,138423,64,144293
5058,0.035914,172.31.40.0-255,66,138489,64,144293
5059,0.037988,216.58.221.0-255,5738,144227,64,144293
5060,0.037994,172.31.40.0-255,66,144293,64,144293
5061,0.0,172.217.194.0-255,292,292,64,211815
5062,2.3e-05,172.31.40.0-255,66,358,64,211815
5063,3e-05,172.217.194.0-255,1484,1842,64,211815
5064,3.4e-05,172.31.40.0-255,66,1908,64,211815
5065,4.1e-05,172.217.194.0-255,4320,6228,64,211815
5066,5.1e-05,172.31.40.0-255,66,6294,64,211815
5067,6.3e-05,172.31.40.0-255,66,6360,64,211815
5068,6.9e-05,172.217.194.0-255,5738,12098,64,211815
5069,7.1e-05,172.31.40.0-255,66,12164,64,211815
5070,0.000122,172.31.40.0-255,66,12230,64,211815
5071,0.00016,172.31.40.0-255,66,12296,64,211815
5072,0.000165,172.217.194.0-255,2902,15198,64,211815
5073,0.000167,172.31.40.0-255,66,15264,64,211815
5074,0.000194,172.217.194.0-255,3961,19225,64,211815
5075,0.000196,172.31.40.0-255,66,19291,64,211815
5076,0.000237,172.31.40.0-255,66,19357,64,211815
5077,0.000261,172.217.194.0-255,1375,20732,64,211815
5078,0.000263,172.31.40.0-255,66,20798,64,211815
5079,0.000267,172.217.194.0-255,115,20913,64,211815
5080,0.000269,172.31.40.0-255,66,20979,64,211815
5081,0.000271,172.217.194.0-255,386,21365,64,211815
5082,0.000274,172.31.40.0-255,66,21431,64,211815
5083,0.000324,172.217.194.0-255,1484,22915,64,211815
5084,0.000327,172.31.40.0-255,66,22981,64,211815
5085,0.000331,172.217.194.0-255,2902,25883,64,211815
5086,0.000333,172.31.40.0-255,66,25949,64,211815
5087,0.000352,172.217.194.0-255,4320,30269,64,211815
5088,0.000355,172.31.40.0-255,66,30335,64,211815
5089,0.000376,172.217.194.0-255,1484,31819,64,211815
5090,0.000384,172.217.194.0-255,6797,38616,64,211815
5091,0.000387,172.31.40.0-255,66,38682,64,211815
5092,0.000417,172.217.194.0-255,7156,45838,64,211815
5093,0.000419,172.31.40.0-255,66,45904,64,211815
5094,0.000426,172.217.194.0-255,7156,53060,64,211815
5095,0.000429,172.31.40.0-255,66,53126,64,211815
5096,0.000486,172.217.194.0-255,2543,55669,64,211815
5097,0.000489,172.31.40.0-255,66,55735,64,211815
5098,0.000867,172.217.194.0-255,1484,57219,64,211815
5099,0.000873,172.217.194.0-255,2902,60121,64,211815
5100,0.000878,172.217.194.0-255,5738,65859,64,211815
5101,0.000892,172.31.40.0-255,66,65925,64,211815
5102,0.000895,172.31.40.0-255,66,65991,64,211815
5103,0.000927,172.217.194.0-255,7156,73147,64,211815
5104,0.00093,172.31.40.0-255,66,73213,64,211815
5105,0.000965,172.217.194.0-255,5738,78951,64,211815
5106,0.000967,172.31.40.0-255,66,79017,64,211815
5107,0.000986,172.31.40.0-255,66,79083,64,211815
5108,0.000991,172.217.194.0-255,2902,81985,64,211815
5109,0.000993,172.31.40.0-255,66,82051,64,211815
5110,0.00104,172.31.40.0-255,66,82117,64,211815
5111,0.00106,172.31.40.0-255,66,82183,64,211815
5112,0.001065,172.217.194.0-255,3602,85785,64,211815
5113,0.001067,172.31.40.0-255,66,85851,64,211815
5114,0.001078,172.217.194.0-255,1484,87335,64,211815
5115,0.001117,172.31.40.0-255,66,87401,64,211815
5116,0.00112,172.217.194.0-255,1484,88885,64,211815
5117,0.001156,172.31.40.0-255,66,88951,64,211815
5118,0.001278,172.217.194.0-255,1484,90435,64,211815
5119,0.001299,172.217.194.0-255,2902,93337,64,211815
5120,0.001302,172.31.40.0-255,66,93403,64,211815
5121,0.001309,172.217.194.0-255,5738,99141,64,211815
5122,0.001312,172.31.40.0-255,66,99207,64,211815
5123,0.001332,172.31.40.0-255,66,99273,64,211815
5124,0.001337,172.217.194.0-255,4320,103593,64,211815
5125,0.00134,172.31.40.0-255,66,103659,64,211815
5126,0.001377,172.217.194.0-255,6438,110097,64,211815
5127,0.00138,172.31.40.0-255,66,110163,64,211815
5128,0.001509,172.217.194.0-255,1484,111647,64,211815
5129,0.001534,172.217.194.0-255,2902,114549,64,211815
5130,0.001538,172.31.40.0-255,66,114615,64,211815
5131,0.001545,172.217.194.0-255,5738,120353,64,211815
5132,0.001547,172.31.40.0-255,66,120419,64,211815
5133,0.001557,172.217.194.0-255,4320,124739,64,211815
5134,0.00156,172.31.40.0-255,66,124805,64,211815
5135,0.001571,172.217.194.0-255,2902,127707,64,211815
5136,0.001573,172.31.40.0-255,66,127773,64,211815
5137,0.001587,172.217.194.0-255,7156,134929,64,211815
5138,0.001593,172.31.40.0-255,66,134995,64,211815
5139,0.001627,172.217.194.0-255,7156,142151,64,211815
5140,0.00163,172.31.40.0-255,66,142217,64,211815
5141,0.001634,172.217.194.0-255,2184,144401,64,211815
5142,0.001636,172.31.40.0-255,66,144467,64,211815
5143,0.001709,172.217.194.0-255,1484,145951,64,211815
5144,0.001729,172.217.194.0-255,2902,148853,64,211815
5145,0.001732,172.31.40.0-255,66,148919,64,211815
5146,0.001738,172.217.194.0-255,4320,153239,64,211815
5147,0.001741,172.31.40.0-255,66,153305,64,211815
5148,0.001772,172.217.194.0-255,1484,154789,64,211815
5149,0.001784,172.31.40.0-255,66,154855,64,211815
5150,0.001826,172.217.194.0-255,1484,156339,64,211815
5151,0.001856,172.31.40.0-255,66,156405,64,211815
5152,0.001861,172.217.194.0-255,5020,161425,64,211815
5153,0.001864,172.31.40.0-255,66,161491,64,211815
5154,0.001875,172.217.194.0-255,5738,167229,64,211815
5155,0.001878,172.31.40.0-255,66,167295,64,211815
5156,0.001889,172.31.40.0-255,66,167361,64,211815
5157,0.001902,172.31.40.0-255,66,167427,64,211815
5158,0.001935,172.217.194.0-255,4320,171747,64,211815
5159,0.001953,172.217.194.0-255,3602,175349,64,211815
5160,0.001959,172.217.194.0-255,5738,181087,64,211815
5161,0.00197,172.31.40.0-255,66,181153,64,211815
5162,0.002026,172.217.194.0-255,6438,187591,64,211815
5163,0.002028,172.217.194.0-255,1484,189075,64,211815
5164,0.002048,172.217.194.0-255,4320,193395,64,211815
5165,0.002098,172.217.194.0-255,7156,200551,64,211815
5166,0.002131,172.217.194.0-255,4320,204871,64,211815
5167,0.002145,172.217.194.0-255,1783,206654,64,211815
5168,0.002148,172.217.194.0-255,105,206759,64,211815
5169,0.006773,172.31.40.0-255,66,206825,64,211815
5170,0.00678,172.31.40.0-255,66,206891,64,211815
5171,0.006783,172.31.40.0-255,66,206957,64,211815
5172,0.006785,172.31.40.0-255,66,207023,64,211815
5173,0.006797,172.31.40.0-255,66,207089,64,211815
5174,0.006802,172.31.40.0-255,66,207155,64,211815
5175,0.006813,172.31.40.0-255,66,207221,64,211815
5176,0.006815,172.31.40.0-255,66,207287,64,211815
5177,0.006827,172.31.40.0-255,66,207353,64,211815
5178,0.00952,172.31.40.0-255,105,207458,64,211815
5179,0.011987,172.217.194.0-255,66,207524,64,211815
5180,0.031679,172.31.40.0-255,171,207695,64,211815
5181,0.031713,172.31.40.0-255,1132,208827,64,211815
5182,0.031774,172.31.40.0-255,1514,210341,64,211815
5183,0.031775,172.31.40.0-255,1276,211617,64,211815
5184,0.033366,104.244.42.0-255,66,211683,64,211815
5185,0.033404,104.244.42.0-255,66,211749,64,211815
5186,0.033456,104.244.42.0-255,66,211815,64,211815
5187,0.0,172.217.194.0-255,153,153,64,211556
5188,3.4e-05,172.31.40.0-255,66,219,64,211556
5189,4.1e-05,172.217.194.0-255,1484,1703,64,211556
5190,4.5e-05,172.31.40.0-255,66,1769,64,211556
5191,5.1e-05,172.217.194.0-255,2902,4671,64,211556
5192,5.4e-05,172.31.40.0-255,66,4737,64,211556
5193,6.2e-05,172.217.194.0-255,7156,11893,64,211556
5194,6.5e-05,172.31.40.0-255,66,11959,64,211556
5195,6.9e-05,172.217.194.0-255,2101,14060,64,211556
5196,7.2e-05,172.31.40.0-255,66,14126,64,211556
5197,9.8e-05,172.217.194.0-255,2902,17028,64,211556
5198,0.0001,172.31.40.0-255,66,17094,64,211556
5199,0.000125,172.217.194.0-255,4320,21414,64,211556
5200,0.000128,172.31.40.0-255,66,21480,64,211556
5201,0.000138,172.31.40.0-255,66,21546,64,211556
5202,0.000142,172.217.194.0-255,1125,22671,64,211556
5203,0.000143,172.31.40.0-255,66,22737,64,211556
5204,0.000212,172.217.194.0-255,1484,24221,64,211556
5205,0.000215,172.31.40.0-255,66,24287,64,211556
5206,0.000219,172.217.194.0-255,2902,27189,64,211556
5207,0.000221,172.31.40.0-255,66,27255,64,211556
5208,0.000226,172.217.194.0-255,2902,30157,64,211556
5209,0.000228,172.31.40.0-255,66,30223,64,211556
5210,0.000246,172.217.194.0-255,2902,33125,64,211556
5211,0.000248,172.31.40.0-255,66,33191,64,211556
5212,0.000252,172.217.194.0-255,1484,34675,64,211556
5213,0.000253,172.31.40.0-255,66,34741,64,211556
5214,0.000279,172.217.194.0-255,5379,40120,64,211556
5215,0.000281,172.31.40.0-255,66,40186,64,211556
5216,0.000286,172.217.194.0-255,2902,43088,64,211556
5217,0.000288,172.31.40.0-255,66,43154,64,211556
5218,0.000317,172.217.194.0-255,4320,47474,64,211556
5219,0.00033,172.217.194.0-255,432,47906,64,211556
5220,0.000486,172.31.40.0-255,66,47972,64,211556
5221,0.000603,172.217.194.0-255,1484,49456,64,211556
5222,0.000611,172.217.194.0-255,2902,52358,64,211556
5223,0.000614,172.217.194.0-255,1484,53842,64,211556
5224,0.00062,172.31.40.0-255,66,53908,64,211556
5225,0.000637,172.217.194.0-255,4320,58228,64,211556
5226,0.000652,172.217.194.0-255,1484,59712,64,211556
5227,0.00066,172.31.40.0-255,66,59778,64,211556
5228,0.000694,172.217.194.0-255,2902,62680,64,211556
5229,0.000704,172.31.40.0-255,66,62746,64,211556
5230,0.000724,172.217.194.0-255,2902,65648,64,211556
5231,0.000739,172.217.194.0-255,5020,70668,64,211556
5232,0.000745,172.31.40.0-255,66,70734,64,211556
5233,0.000887,172.217.194.0-255,1484,72218,64,211556
5234,0.000891,172.217.194.0-255,1484,73702,64,211556
5235,0.000907,172.217.194.0-255,1484,75186,64,211556
5236,0.000913,172.217.194.0-255,5738,80924,64,211556
5237,0.000925,172.217.194.0-255,2902,83826,64,211556
5238,0.000934,172.31.40.0-255,66,83892,64,211556
5239,0.000953,172.217.194.0-255,1484,85376,64,211556
5240,0.000956,172.31.40.0-255,66,85442,64,211556
5241,0.000974,172.217.194.0-255,1484,86926,64,211556
5242,0.000983,172.31.40.0-255,66,86992,64,211556
5243,0.00103,172.31.40.0-255,66,87058,64,211556
5244,0.001227,172.217.194.0-255,1484,88542,64,211556
5245,0.001234,172.217.194.0-255,2902,91444,64,211556
5246,0.001237,172.217.194.0-255,1484,92928,64,211556
5247,0.001256,172.217.194.0-255,4320,97248,64,211556
5248,0.001261,172.217.194.0-255,4320,101568,64,211556
5249,0.001268,172.31.40.0-255,66,101634,64,211556
5250,0.001324,172.217.194.0-255,5738,107372,64,211556
5251,0.00134,172.217.194.0-255,5020,112392,64,211556
5252,0.00135,172.31.40.0-255,66,112458,64,211556
5253,0.001514,172.217.194.0-255,1484,113942,64,211556
5254,0.001529,172.217.194.0-255,2902,116844,64,211556
5255,0.001533,172.31.40.0-255,66,116910,64,211556
5256,0.00154,172.217.194.0-255,5738,122648,64,211556
5257,0.001545,172.217.194.0-255,4320,126968,64,211556
5258,0.001562,172.217.194.0-255,2902,129870,64,211556
5259,0.001566,172.31.40.0-255,66,129936,64,211556
5260,0.001596,172.217.194.0-255,4320,134256,64,211556
5261,0.001601,172.217.194.0-255,2184,136440,64,211556
5262,0.001617,172.31.40.0-255,66,136506,64,211556
5263,0.001877,172.217.194.0-255,1484,137990,64,211556
5264,0.001884,172.217.194.0-255,2902,140892,64,211556
5265,0.001887,172.31.40.0-255,66,140958,64,211556
5266,0.001893,172.217.194.0-255,4320,145278,64,211556
5267,0.001897,172.31.40.0-255,66,145344,64,211556
5268,0.001908,172.217.194.0-255,1484,146828,64,211556
5269,0.001932,172.217.194.0-255,2902,149730,64,211556
5270,0.001947,172.217.194.0-255,7156,156886,64,211556
5271,0.001953,172.31.40.0-255,66,156952,64,211556
5272,0.001975,172.217.194.0-255,6438,163390,64,211556
5273,0.00198,172.217.194.0-255,4320,167710,64,211556
5274,0.001994,172.31.40.0-255,66,167776,64,211556
5275,0.002013,172.31.40.0-255,66,167842,64,211556
5276,0.002035,172.217.194.0-255,1484,169326,64,211556
5277,0.002062,172.217.194.0-255,1484,170810,64,211556
5278,0.002078,172.217.194.0-255,5738,176548,64,211556
5279,0.002132,172.217.194.0-255,2902,179450,64,211556
5280,0.002171,172.217.194.0-255,766,180216,64,211556
5281,0.00219,172.217.194.0-255,5738,185954,64,211556
5282,0.002297,172.217.194.0-255,4320,190274,64,211556
5283,0.002348,172.217.194.0-255,5738,196012,64,211556
5284,0.002477,172.217.194.0-255,5738,201750,64,211556
5285,0.002492,172.217.194.0-255,5275,207025,64,211556
5286,0.008287,172.31.40.0-255,66,207091,64,211556
5287,0.010607,172.31.40.0-255,105,207196,64,211556
5288,0.012963,172.217.194.0-255,66,207262,64,211556
5289,0.031302,172.31.40.0-255,172,207434,64,211556
5290,0.031333,172.31.40.0-255,1110,208544,64,211556
5291,0.03139,172.31.40.0-255,1514,210058,64,211556
5292,0.031393,172.31.40.0-255,1300,211358,64,211556
5293,0.032911,104.244.42.0-255,66,211424,64,211556
5294,0.032948,104.244.42.0-255,66,211490,64,211556
5295,0.03301,104.244.42.0-255,66,211556,64,211556
5296,0.0,74.125.200.0-255,153,153,64,263700
5297,1.9e-05,172.31.40.0-255,66,219,64,263700
5298,2.6e-05,74.125.200.0-255,1484,1703,64,263700
5299,2.9e-05,172.31.40.0-255,66,1769,64,263700
5300,3.4e-05,74.125.200.0-255,2902,4671,64,263700
5301,3.7e-05,172.31.40.0-255,66,4737,64,263700
5302,5.8e-05,74.125.200.0-255,2902,7639,64,263700
5303,6e-05,172.31.40.0-255,66,7705,64,263700
5304,8.3e-05,74.125.200.0-255,2902,10607,64,263700
5305,8.5e-05,172.31.40.0-255,66,10673,64,263700
5306,9e-05,74.125.200.0-255,3441,14114,64,263700
5307,9.2e-05,172.31.40.0-255,66,14180,64,263700
5308,0.000263,74.125.200.0-255,1484,15664,64,263700
5309,0.000267,172.31.40.0-255,66,15730,64,263700
5310,0.00029,74.125.200.0-255,2902,18632,64,263700
5311,0.000293,172.31.40.0-255,66,18698,64,263700
5312,0.000295,74.125.200.0-255,1484,20182,64,263700
5313,0.000297,172.31.40.0-255,66,20248,64,263700
5314,0.000301,74.125.200.0-255,2902,23150,64,263700
5315,0.000303,172.31.40.0-255,66,23216,64,263700
5316,0.000306,74.125.200.0-255,1484,24700,64,263700
5317,0.000307,172.31.40.0-255,66,24766,64,263700
5318,0.000326,74.125.200.0-255,4320,29086,64,263700
5319,0.000328,172.31.40.0-255,66,29152,64,263700
5320,0.000331,74.125.200.0-255,1484,30636,64,263700
5321,0.000333,172.31.40.0-255,66,30702,64,263700
5322,0.000358,74.125.200.0-255,3961,34663,64,263700
5323,0.00036,172.31.40.0-255,66,34729,64,263700
5324,0.000366,74.125.200.0-255,5738,40467,64,263700
5325,0.000367,172.31.40.0-255,66,40533,64,263700
5326,0.000395,74.125.200.0-255,7156,47689,64,263700
5327,0.000397,172.31.40.0-255,66,47755,64,263700
5328,0.00042,74.125.200.0-255,5738,53493,64,263700
5329,0.000424,74.125.200.0-255,2902,56395,64,263700
5330,0.000438,172.31.40.0-255,66,56461,64,263700
5331,0.000471,74.125.200.0-255,1484,57945,64,263700
5332,0.000511,74.125.200.0-255,362,58307,64,263700
5333,0.000528,172.31.40.0-255,66,58373,64,263700
5334,0.000705,74.125.200.0-255,130,58503,64,263700
5335,0.000904,172.31.40.0-255,66,58569,64,263700
5336,0.001137,74.125.200.0-255,1484,60053,64,263700
5337,0.001146,74.125.200.0-255,2902,62955,64,263700
5338,0.00115,74.125.200.0-255,2902,65857,64,263700
5339,0.001182,74.125.200.0-255,4320,70177,64,263700
5340,0.001186,74.125.200.0-255,2902,73079,64,263700
5341,0.001207,74.125.200.0-255,5738,78817,64,263700
5342,0.00121,74.125.200.0-255,1484,80301,64,263700
5343,0.001226,74.125.200.0-255,5738,86039,64,263700
5344,0.001236,74.125.200.0-255,1484,87523,64,263700
5345,0.001256,74.125.200.0-255,5020,92543,64,263700
5346,0.001695,74.125.200.0-255,1484,94027,64,263700
5347,0.001701,74.125.200.0-255,1484,95511,64,263700
5348,0.001719,74.125.200.0-255,1484,96995,64,263700
5349,0.001721,74.125.200.0-255,1484,98479,64,263700
5350,0.001723,74.125.200.0-255,1484,99963,64,263700
5351,0.001738,74.125.200.0-255,1484,101447,64,263700
5352,0.001753,74.125.200.0-255,2902,104349,64,263700
5353,0.001766,74.125.200.0-255,2902,107251,64,263700
5354,0.001802,74.125.200.0-255,2902,110153,64,263700
5355,0.001815,74.125.200.0-255,4320,114473,64,263700
5356,0.001828,74.125.200.0-255,5738,120211,64,263700
5357,0.001876,74.125.200.0-255,3602,123813,64,263700
5358,0.001881,74.125.200.0-255,5738,129551,64,263700
5359,0.001905,74.125.200.0-255,2902,132453,64,263700
5360,0.00197,74.125.200.0-255,1484,133937,64,263700
5361,0.001986,74.125.200.0-255,2902,136839,64,263700
5362,0.002006,74.125.200.0-255,4320,141159,64,263700
5363,0.002023,74.125.200.0-255,2902,144061,64,263700
5364,0.002035,74.125.200.0-255,5738,149799,64,263700
5365,0.002037,74.125.200.0-255,1484,151283,64,263700
5366,0.002057,74.125.200.0-255,5738,157021,64,263700
5367,0.002061,74.125.200.0-255,2902,159923,64,263700
5368,0.002081,74.125.200.0-255,5738,165661,64,263700
5369,0.002084,74.125.200.0-255,766,166427,64,263700
5370,0.00314,172.31.40.0-255,66,166493,64,263700
5371,0.005417,74.125.200.0-255,5738,172231,64,263700
5372,0.005421,172.31.40.0-255,66,172297,64,263700
5373,0.0077,74.125.200.0-255,5738,178035,64,263700
5374,0.007707,172.31.40.0-255,66,178101,64,263700
5375,0.009978,74.125.200.0-255,5738,183839,64,263700
5376,0.009985,172.31.40.0-255,66,183905,64,263700
5377,0.012261,74.125.200.0-255,5738,189643,64,263700
5378,0.012268,172.31.40.0-255,66,189709,64,263700
5379,0.014543,74.125.200.0-255,5738,195447,64,263700
5380,0.014549,172.31.40.0-255,66,195513,64,263700
5381,0.016838,74.125.200.0-255,5738,201251,64,263700
5382,0.01685,172.31.40.0-255,66,201317,64,263700
5383,0.019126,74.125.200.0-255,5738,207055,64,263700
5384,0.019134,172.31.40.0-255,66,207121,64,263700
5385,0.021407,74.125.200.0-255,5738,212859,64,263700
5386,0.021413,172.31.40.0-255,66,212925,64,263700
5387,0.023561,172.31.40.0-255,172,213097,64,263700
5388,0.023593,172.31.40.0-255,1112,214209,64,263700
5389,0.023648,172.31.40.0-255,1514,215723,64,263700
5390,0.02365,172.31.40.0-255,1180,216903,64,263700
5391,0.023692,74.125.200.0-255,5738,222641,64,263700
5392,0.023696,172.31.40.0-255,66,222707,64,263700
5393,0.025125,104.244.42.0-255,66,222773,64,263700
5394,0.025286,104.244.42.0-255,66,222839,64,263700
5395,0.025307,104.244.42.0-255,66,222905,64,263700
5396,0.025978,74.125.200.0-255,5738,228643,64,263700
5397,0.025983,172.31.40.0-255,66,228709,64,263700
5398,0.028256,74.125.200.0-255,5738,234447,64,263700
5399,0.028263,172.31.40.0-255,66,234513,64,263700
5400,0.03054,74.125.200.0-255,5738,240251,64,263700
5401,0.030546,172.31.40.0-255,66,240317,64,263700
5402,0.032835,74.125.200.0-255,5738,246055,64,263700
5403,0.03284,172.31.40.0-255,66,246121,64,263700
5404,0.035123,74.125.200.0-255,5738,251859,64,263700
5405,0.035128,172.31.40.0-255,66,251925,64,263700
5406,0.037419,74.125.200.0-255,5738,257663,64,263700
5407,0.037424,172.31.40.0-255,66,257729,64,263700
5408,0.037511,172.31.40.0-255,101,257830,64,263700
5409,0.03971,74.125.200.0-255,5738,263568,64,263700
5410,0.039719,172.31.40.0-255,66,263634,64,263700
5411,0.039735,74.125.200.0-255,66,263700,64,263700
5412,0.0,172.217.194.0-255,66,66,64,66
5413,0.0,74.125.24.0-255,297,297,64,183611
5414,2.2e-05,172.31.40.0-255,66,363,64,183611
5415,3e-05,74.125.24.0-255,1484,1847,64,183611
5416,3.4e-05,172.31.40.0-255,66,1913,64,183611
5417,4e-05,74.125.24.0-255,4320,6233,64,183611
5418,4.4e-05,172.31.40.0-255,66,6299,64,183611
5419,5.8e-05,74.125.24.0-255,5738,12037,64,183611
5420,6.1e-05,172.31.40.0-255,66,12103,64,183611
5421,9.8e-05,74.125.24.0-255,6145,18248,64,183611
5422,0.000103,172.31.40.0-255,66,18314,64,183611
5423,0.000111,74.125.24.0-255,7156,25470,64,183611
5424,0.000113,172.31.40.0-255,66,25536,64,183611
5425,0.000121,74.125.24.0-255,2902,28438,64,183611
5426,0.000125,172.31.40.0-255,66,28504,64,183611
5427,0.000162,172.31.40.0-255,66,28570,64,183611
5428,0.000169,74.125.24.0-255,6438,35008,64,183611
5429,0.000171,172.31.40.0-255,66,35074,64,183611
5430,0.000966,74.125.24.0-255,1484,36558,64,183611
5431,0.000972,172.31.40.0-255,66,36624,64,183611
5432,0.000982,74.125.24.0-255,2902,39526,64,183611
5433,0.000984,172.31.40.0-255,66,39592,64,183611
5434,0.000993,74.125.24.0-255,2902,42494,64,183611
5435,0.000996,172.31.40.0-255,66,42560,64,183611
5436,0.001015,74.125.24.0-255,2902,45462,64,183611
5437,0.001017,172.31.40.0-255,66,45528,64,183611
5438,0.001054,74.125.24.0-255,1484,47012,64,183611
5439,0.001057,172.31.40.0-255,66,47078,64,183611
5440,0.001067,172.31.40.0-255,66,47144,64,183611
5441,0.001083,172.31.40.0-255,66,47210,64,183611
5442,0.001089,74.125.24.0-255,5379,52589,64,183611
5443,0.001091,172.31.40.0-255,66,52655,64,183611
5444,0.001196,74.125.24.0-255,1484,54139,64,183611
5445,0.001216,74.125.24.0-255,2902,57041,64,183611
5446,0.00122,172.31.40.0-255,66,57107,64,183611
5447,0.001258,74.125.24.0-255,5738,62845,64,183611
5448,0.001261,172.31.40.0-255,66,62911,64,183611
5449,0.001269,74.125.24.0-255,7156,70067,64,183611
5450,0.001271,172.31.40.0-255,66,70133,64,183611
5451,0.001288,172.31.40.0-255,66,70199,64,183611
5452,0.001312,74.125.24.0-255,5738,75937,64,183611
5453,0.001314,172.31.40.0-255,66,76003,64,183611
5454,0.001322,74.125.24.0-255,2184,78187,64,183611
5455,0.001325,172.31.40.0-255,66,78253,64,183611
5456,0.001424,74.125.24.0-255,1484,79737,64,183611
5457,0.001431,74.125.24.0-255,2902,82639,64,183611
5458,0.001435,172.31.40.0-255,66,82705,64,183611
5459,0.001466,74.125.24.0-255,5738,88443,64,183611
5460,0.001468,172.31.40.0-255,66,88509,64,183611
5461,0.001494,74.125.24.0-255,5738,94247,64,183611
5462,0.001497,172.31.40.0-255,66,94313,64,183611
5463,0.001517,74.125.24.0-255,1704,96017,64,183611
5464,0.001519,172.31.40.0-255,66,96083,64,183611
5465,0.002682,74.125.24.0-255,1484,97567,64,183611
5466,0.002688,74.125.24.0-255,1484,99051,64,183611
5467,0.002692,172.31.40.0-255,66,99117,64,183611
5468,0.002718,74.125.24.0-255,1484,100601,64,183611
5469,0.004223,74.125.24.0-255,1484,102085,64,183611
5470,0.004226,172.31.40.0-255,66,102151,64,183611
5471,0.005397,74.125.24.0-255,2902,105053,64,183611
5472,0.005401,172.31.40.0-255,66,105119,64,183611
5473,0.006877,74.125.24.0-255,2902,108021,64,183611
5474,0.006883,172.31.40.0-255,66,108087,64,183611
5475,0.008138,74.125.24.0-255,2902,110989,64,183611
5476,0.008144,172.31.40.0-255,66,111055,64,183611
5477,0.009584,74.125.24.0-255,2902,113957,64,183611
5478,0.009591,172.31.40.0-255,66,114023,64,183611
5479,0.010828,74.125.24.0-255,2902,116925,64,183611
5480,0.010836,172.31.40.0-255,66,116991,64,183611
5481,0.012297,74.125.24.0-255,2902,119893,64,183611
5482,0.012305,172.31.40.0-255,66,119959,64,183611
5483,0.013534,74.125.24.0-255,2902,122861,64,183611
5484,0.01354,172.31.40.0-255,66,122927,64,183611
5485,0.015005,74.125.24.0-255,2902,125829,64,183611
5486,0.015013,172.31.40.0-255,66,125895,64,183611
5487,0.016212,74.125.24.0-255,2902,128797,64,183611
5488,0.01622,172.31.40.0-255,66,128863,64,183611
5489,0.017724,74.125.24.0-255,2902,131765,64,183611
5490,0.017731,172.31.40.0-255,66,131831,64,183611
5491,0.018877,74.125.24.0-255,2902,134733,64,183611
5492,0.018883,172.31.40.0-255,66,134799,64,183611
5493,0.020457,74.125.24.0-255,2902,137701,64,183611
5494,0.020464,172.31.40.0-255,66,137767,64,183611
5495,0.021572,74.125.24.0-255,2902,140669,64,183611
5496,0.021579,172.31.40.0-255,66,140735,64,183611
5497,0.023162,74.125.24.0-255,2902,143637,64,183611
5498,0.023171,172.31.40.0-255,66,143703,64,183611
5499,0.024264,74.125.24.0-255,2902,146605,64,183611
5500,0.024271,172.31.40.0-255,66,146671,64,183611
5501,0.02585,74.125.24.0-255,2902,149573,64,183611
5502,0.025858,172.31.40.0-255,66,149639,64,183611
5503,0.026977,74.125.24.0-255,2902,152541,64,183611
5504,0.026984,172.31.40.0-255,66,152607,64,183611
5505,0.028606,74.125.24.0-255,2902,155509,64,183611
5506,0.028612,172.31.40.0-255,66,155575,64,183611
5507,0.029515,172.31.40.0-255,172,155747,64,183611
5508,0.029547,172.31.40.0-255,1112,156859,64,183611
5509,0.02961,172.31.40.0-255,1514,158373,64,183611
5510,0.029612,172.31.40.0-255,1296,159669,64,183611
5511,0.029672,74.125.24.0-255,2902,162571,64,183611
5512,0.029676,172.31.40.0-255,66,162637,64,183611
5513,0.031193,104.244.42.0-255,66,162703,64,183611
5514,0.031229,104.244.42.0-255,66,162769,64,183611
5515,0.031294,104.244.42.0-255,66,162835,64,183611
5516,0.03134,74.125.24.0-255,2902,165737,64,183611
5517,0.031346,172.31.40.0-255,66,165803,64,183611
5518,0.032345,74.125.24.0-255,2902,168705,64,183611
5519,0.032351,172.31.40.0-255,66,168771,64,183611
5520,0.034037,74.125.24.0-255,2902,171673,64,183611
5521,0.034042,172.31.40.0-255,66,171739,64,183611
5522,0.035023,74.125.24.0-255,2902,174641,64,183611
5523,0.035028,172.31.40.0-255,66,174707,64,183611
5524,0.036757,74.125.24.0-255,2902,177609,64,183611
5525,0.036764,172.31.40.0-255,66,177675,64,183611
5526,0.037713,74.125.24.0-255,2902,180577,64,183611
5527,0.03772,172.31.40.0-255,66,180643,64,183611
5528,0.039551,74.125.24.0-255,2902,183545,64,183611
5529,0.039558,172.31.40.0-255,66,183611,64,183611
5530,0.0,172.217.194.0-255,153,153,64,228008
5531,2.1e-05,172.31.40.0-255,66,219,64,228008
5532,2.8e-05,172.217.194.0-255,1484,1703,64,228008
5533,3.1e-05,172.31.40.0-255,66,1769,64,228008
5534,3.6e-05,172.217.194.0-255,2902,4671,64,228008
5535,3.8e-05,172.31.40.0-255,66,4737,64,228008
5536,4.5e-05,172.217.194.0-255,7156,11893,64,228008
5537,4.7e-05,172.31.40.0-255,66,11959,64,228008
5538,5e-05,172.217.194.0-255,1484,13443,64,228008
5539,5.2e-05,172.31.40.0-255,66,13509,64,228008
5540,8.7e-05,172.31.40.0-255,66,13575,64,228008
5541,0.000123,172.217.194.0-255,2543,16118,64,228008
5542,0.000126,172.31.40.0-255,66,16184,64,228008
5543,0.00013,172.217.194.0-255,2902,19086,64,228008
5544,0.000133,172.31.40.0-255,66,19152,64,228008
5545,0.000136,172.217.194.0-255,1484,20636,64,228008
5546,0.000137,172.31.40.0-255,66,20702,64,228008
5547,0.000161,172.217.194.0-255,5738,26440,64,228008
5548,0.000164,172.31.40.0-255,66,26506,64,228008
5549,0.000175,172.31.40.0-255,66,26572,64,228008
5550,0.000206,172.217.194.0-255,5738,32310,64,228008
5551,0.000209,172.31.40.0-255,66,32376,64,228008
5552,0.000232,172.31.40.0-255,66,32442,64,228008
5553,0.000273,172.217.194.0-255,115,32557,64,228008
5554,0.000276,172.31.40.0-255,66,32623,64,228008
5555,0.000423,172.217.194.0-255,1484,34107,64,228008
5556,0.000428,172.31.40.0-255,66,34173,64,228008
5557,0.000433,172.217.194.0-255,2902,37075,64,228008
5558,0.000436,172.31.40.0-255,66,37141,64,228008
5559,0.000458,172.217.194.0-255,5738,42879,64,228008
5560,0.000461,172.31.40.0-255,66,42945,64,228008
5561,0.000503,172.31.40.0-255,66,43011,64,228008
5562,0.000519,172.217.194.0-255,1484,44495,64,228008
5563,0.000527,172.217.194.0-255,5738,50233,64,228008
5564,0.000529,172.31.40.0-255,66,50299,64,228008
5565,0.000551,172.217.194.0-255,5020,55319,64,228008
5566,0.000554,172.31.40.0-255,66,55385,64,228008
5567,0.001583,172.217.194.0-255,1484,56869,64,228008
5568,0.001612,172.217.194.0-255,2902,59771,64,228008
5569,0.001616,172.31.40.0-255,66,59837,64,228008
5570,0.001621,172.217.194.0-255,1484,61321,64,228008
5571,0.001642,172.217.194.0-255,4320,65641,64,228008
5572,0.001644,172.31.40.0-255,66,65707,64,228008
5573,0.001647,172.217.194.0-255,1484,67191,64,228008
5574,0.001678,172.217.194.0-255,4320,71511,64,228008
5575,0.00168,172.31.40.0-255,66,71577,64,228008
5576,0.00171,172.31.40.0-255,66,71643,64,228008
5577,0.001713,172.217.194.0-255,1484,73127,64,228008
5578,0.00175,172.217.194.0-255,2902,76029,64,228008
5579,0.001753,172.31.40.0-255,66,76095,64,228008
5580,0.001774,172.217.194.0-255,5020,81115,64,228008
5581,0.001776,172.31.40.0-255,66,81181,64,228008
5582,0.002034,172.217.194.0-255,1484,82665,64,228008
5583,0.002042,172.217.194.0-255,2902,85567,64,228008
5584,0.002046,172.31.40.0-255,66,85633,64,228008
5585,0.002052,172.217.194.0-255,2902,88535,64,228008
5586,0.002054,172.31.40.0-255,66,88601,64,228008
5587,0.002072,172.217.194.0-255,2902,91503,64,228008
5588,0.002074,172.31.40.0-255,66,91569,64,228008
5589,0.002086,172.31.40.0-255,66,91635,64,228008
5590,0.002104,172.217.194.0-255,2902,94537,64,228008
5591,0.002106,172.31.40.0-255,66,94603,64,228008
5592,0.002113,172.217.194.0-255,5738,100341,64,228008
5593,0.002114,172.31.40.0-255,66,100407,64,228008
5594,0.002135,172.217.194.0-255,4320,104727,64,228008
5595,0.002137,172.31.40.0-255,66,104793,64,228008
5596,0.00214,172.217.194.0-255,766,105559,64,228008
5597,0.002194,172.217.194.0-255,1484,107043,64,228008
5598,0.002196,172.31.40.0-255,66,107109,64,228008
5599,0.002215,172.217.194.0-255,2902,110011,64,228008
5600,0.002218,172.31.40.0-255,66,110077,64,228008
5601,0.002224,172.217.194.0-255,4320,114397,64,228008
5602,0.002226,172.31.40.0-255,66,114463,64,228008
5603,0.002247,172.217.194.0-255,1484,115947,64,228008
5604,0.00226,172.31.40.0-255,66,116013,64,228008
5605,0.002277,172.217.194.0-255,2902,118915,64,228008
5606,0.002279,172.31.40.0-255,66,118981,64,228008
5607,0.002296,172.217.194.0-255,4320,123301,64,228008
5608,0.002298,172.31.40.0-255,66,123367,64,228008
5609,0.002322,172.217.194.0-255,6438,129805,64,228008
5610,0.002325,172.31.40.0-255,66,129871,64,228008
5611,0.004639,172.217.194.0-255,5738,135609,64,228008
5612,0.004643,172.31.40.0-255,66,135675,64,228008
5613,0.006939,172.217.194.0-255,5738,141413,64,228008
5614,0.006946,172.31.40.0-255,66,141479,64,228008
5615,0.009228,172.217.194.0-255,5738,147217,64,228008
5616,0.009235,172.31.40.0-255,66,147283,64,228008
5617,0.011531,172.217.194.0-255,5738,153021,64,228008
5618,0.011539,172.31.40.0-255,66,153087,64,228008
5619,0.01383,172.217.194.0-255,5738,158825,64,228008
5620,0.013838,172.31.40.0-255,66,158891,64,228008
5621,0.016133,172.217.194.0-255,5738,164629,64,228008
5622,0.016142,172.31.40.0-255,66,164695,64,228008
5623,0.018422,172.217.194.0-255,5738,170433,64,228008
5624,0.018429,172.31.40.0-255,66,170499,64,228008
5625,0.020707,172.217.194.0-255,5738,176237,64,228008
5626,0.020712,172.31.40.0-255,66,176303,64,228008
5627,0.022997,172.217.194.0-255,5738,182041,64,228008
5628,0.023004,172.31.40.0-255,66,182107,64,228008
5629,0.02528,172.217.194.0-255,5738,187845,64,228008
5630,0.025288,172.31.40.0-255,66,187911,64,228008
5631,0.027571,172.217.194.0-255,5738,193649,64,228008
5632,0.027579,172.31.40.0-255,66,193715,64,228008
5633,0.029858,172.217.194.0-255,5738,199453,64,228008
5634,0.029865,172.31.40.0-255,66,199519,64,228008
5635,0.030982,172.31.40.0-255,172,199691,64,228008
5636,0.03101,172.31.40.0-255,1110,200801,64,228008
5637,0.031066,172.31.40.0-255,1514,202315,64,228008
5638,0.031068,172.31.40.0-255,1514,203829,64,228008
5639,0.031069,172.31.40.0-255,699,204528,64,228008
5640,0.032157,172.217.194.0-255,5738,210266,64,228008
5641,0.032163,172.31.40.0-255,66,210332,64,228008
5642,0.032533,104.244.42.0-255,66,210398,64,228008
5643,0.032619,104.244.42.0-255,66,210464,64,228008
5644,0.032639,104.244.42.0-255,66,210530,64,228008
5645,0.03265,104.244.42.0-255,66,210596,64,228008
5646,0.034442,172.217.194.0-255,5738,216334,64,228008
5647,0.034448,172.31.40.0-255,66,216400,64,228008
5648,0.036727,172.217.194.0-255,5738,222138,64,228008
5649,0.036733,172.31.40.0-255,66,222204,64,228008
5650,0.039014,172.217.194.0-255,5738,227942,64,228008
5651,0.039019,172.31.40.0-255,66,228008,64,228008
5652,0.0,74.125.130.0-255,153,153,64,324237
5653,2.1e-05,172.31.40.0-255,66,219,64,324237
5654,2.8e-05,74.125.130.0-255,1484,1703,64,324237
5655,3.2e-05,172.31.40.0-255,66,1769,64,324237
5656,3.7e-05,74.125.130.0-255,2902,4671,64,324237
5657,4e-05,172.31.40.0-255,66,4737,64,324237
5658,4.9e-05,74.125.130.0-255,1484,6221,64,324237
5659,5.2e-05,172.31.40.0-255,66,6287,64,324237
5660,8.6e-05,74.125.130.0-255,5738,12025,64,324237
5661,8.9e-05,172.31.40.0-255,66,12091,64,324237
5662,9.3e-05,74.125.130.0-255,2056,14147,64,324237
5663,9.5e-05,172.31.40.0-255,66,14213,64,324237
5664,0.000245,74.125.130.0-255,1484,15697,64,324237
5665,0.00025,172.31.40.0-255,66,15763,64,324237
5666,0.000255,74.125.130.0-255,2902,18665,64,324237
5667,0.000256,172.31.40.0-255,66,18731,64,324237
5668,0.000259,74.125.130.0-255,1484,20215,64,324237
5669,0.000261,172.31.40.0-255,66,20281,64,324237
5670,0.000293,74.125.130.0-255,1484,21765,64,324237
5671,0.000296,172.31.40.0-255,66,21831,64,324237
5672,0.000301,74.125.130.0-255,4320,26151,64,324237
5673,0.000303,172.31.40.0-255,66,26217,64,324237
5674,0.000337,74.125.130.0-255,5379,31596,64,324237
5675,0.00034,172.31.40.0-255,66,31662,64,324237
5676,0.000432,74.125.130.0-255,1484,33146,64,324237
5677,0.000435,172.31.40.0-255,66,33212,64,324237
5678,0.000439,74.125.130.0-255,1484,34696,64,324237
5679,0.000441,172.31.40.0-255,66,34762,64,324237
5680,0.000463,74.125.130.0-255,1484,36246,64,324237
5681,0.000468,172.31.40.0-255,66,36312,64,324237
5682,0.000475,74.125.130.0-255,5738,42050,64,324237
5683,0.000477,172.31.40.0-255,66,42116,64,324237
5684,0.00048,74.125.130.0-255,1484,43600,64,324237
5685,0.000531,172.31.40.0-255,66,43666,64,324237
5686,0.000537,74.125.130.0-255,7156,50822,64,324237
5687,0.000539,172.31.40.0-255,66,50888,64,324237
5688,0.000581,74.125.130.0-255,2902,53790,64,324237
5689,0.000583,172.31.40.0-255,66,53856,64,324237
5690,0.000609,74.125.130.0-255,3123,56979,64,324237
5691,0.000612,172.31.40.0-255,66,57045,64,324237
5692,0.000688,74.125.130.0-255,1484,58529,64,324237
5693,0.000692,74.125.130.0-255,2902,61431,64,324237
5694,0.000695,172.31.40.0-255,66,61497,64,324237
5695,0.000725,74.125.130.0-255,5738,67235,64,324237
5696,0.000728,172.31.40.0-255,66,67301,64,324237
5697,0.000732,74.125.130.0-255,2902,70203,64,324237
5698,0.000734,172.31.40.0-255,66,70269,64,324237
5699,0.000773,74.125.130.0-255,3961,74230,64,324237
5700,0.000776,172.31.40.0-255,66,74296,64,324237
5701,0.000782,74.125.130.0-255,7156,81452,64,324237
5702,0.000784,172.31.40.0-255,66,81518,64,324237
5703,0.000788,74.125.130.0-255,4320,85838,64,324237
5704,0.000791,172.31.40.0-255,66,85904,64,324237
5705,0.000818,74.125.130.0-255,4830,90734,64,324237
5706,0.00082,172.31.40.0-255,66,90800,64,324237
5707,0.00089,74.125.130.0-255,1484,92284,64,324237
5708,0.000894,74.125.130.0-255,1484,93768,64,324237
5709,0.000897,172.31.40.0-255,66,93834,64,324237
5710,0.00092,74.125.130.0-255,1484,95318,64,324237
5711,0.000941,74.125.130.0-255,4320,99638,64,324237
5712,0.000945,172.31.40.0-255,66,99704,64,324237
5713,0.000972,74.125.130.0-255,1484,101188,64,324237
5714,0.000976,74.125.130.0-255,2902,104090,64,324237
5715,0.000978,172.31.40.0-255,66,104156,64,324237
5716,0.000982,74.125.130.0-255,4320,108476,64,324237
5717,0.000984,172.31.40.0-255,66,108542,64,324237
5718,0.000994,172.31.40.0-255,66,108608,64,324237
5719,0.000999,74.125.130.0-255,5738,114346,64,324237
5720,0.001001,172.31.40.0-255,66,114412,64,324237
5721,0.001029,74.125.130.0-255,1484,115896,64,324237
5722,0.001032,74.125.130.0-255,766,116662,64,324237
5723,0.001034,172.31.40.0-255,66,116728,64,324237
5724,0.00107,74.125.130.0-255,1484,118212,64,324237
5725,0.001086,74.125.130.0-255,1484,119696,64,324237
5726,0.001088,172.31.40.0-255,66,119762,64,324237
5727,0.001115,74.125.130.0-255,2902,122664,64,324237
5728,0.001118,172.31.40.0-255,66,122730,64,324237
5729,0.001123,74.125.130.0-255,5738,128468,64,324237
5730,0.001126,172.31.40.0-255,66,128534,64,324237
5731,0.001128,74.125.130.0-255,1484,130018,64,324237
5732,0.00115,74.125.130.0-255,7156,137174,64,324237
5733,0.001156,172.31.40.0-255,66,137240,64,324237
5734,0.001174,74.125.130.0-255,1484,138724,64,324237
5735,0.001188,172.31.40.0-255,66,138790,64,324237
5736,0.001191,74.125.130.0-255,766,139556,64,324237
5737,0.00125,74.125.130.0-255,1484,141040,64,324237
5738,0.001253,172.31.40.0-255,66,141106,64,324237
5739,0.001256,74.125.130.0-255,1484,142590,64,324237
5740,0.001274,74.125.130.0-255,1484,144074,64,324237
5741,0.001276,172.31.40.0-255,66,144140,64,324237
5742,0.00128,74.125.130.0-255,2902,147042,64,324237
5743,0.001282,172.31.40.0-255,66,147108,64,324237
5744,0.001297,74.125.130.0-255,2902,150010,64,324237
5745,0.001299,172.31.40.0-255,66,150076,64,324237
5746,0.001307,74.125.130.0-255,2902,152978,64,324237
5747,0.001312,74.125.130.0-255,4320,157298,64,324237
5748,0.001315,74.125.130.0-255,1484,158782,64,324237
5749,0.001318,172.31.40.0-255,66,158848,64,324237
5750,0.001319,172.31.40.0-255,66,158914,64,324237
5751,0.001342,74.125.130.0-255,7156,166070,64,324237
5752,0.001345,172.31.40.0-255,66,166136,64,324237
5753,0.001352,74.125.130.0-255,7156,173292,64,324237
5754,0.001356,172.31.40.0-255,66,173358,64,324237
5755,0.001379,74.125.130.0-255,766,174124,64,324237
5756,0.001439,74.125.130.0-255,1484,175608,64,324237
5757,0.001443,172.31.40.0-255,66,175674,64,324237
5758,0.001446,74.125.130.0-255,1484,177158,64,324237
5759,0.001451,74.125.130.0-255,2902,180060,64,324237
5760,0.001454,172.31.40.0-255,66,180126,64,324237
5761,0.001484,74.125.130.0-255,5738,185864,64,324237
5762,0.001487,172.31.40.0-255,66,185930,64,324237
5763,0.001491,74.125.130.0-255,1484,187414,64,324237
5764,0.001521,172.31.40.0-255,66,187480,64,324237
5765,0.001527,74.125.130.0-255,7156,194636,64,324237
5766,0.001529,172.31.40.0-255,66,194702,64,324237
5767,0.001549,74.125.130.0-255,4320,199022,64,324237
5768,0.001551,172.31.40.0-255,66,199088,64,324237
5769,0.001557,74.125.130.0-255,766,199854,64,324237
5770,0.001629,74.125.130.0-255,1484,201338,64,324237
5771,0.001632,172.31.40.0-255,66,201404,64,324237
5772,0.001636,74.125.130.0-255,1484,202888,64,324237
5773,0.001657,74.125.130.0-255,2902,205790,64,324237
5774,0.00166,172.31.40.0-255,66,205856,64,324237
5775,0.001687,74.125.130.0-255,4320,210176,64,324237
5776,0.00169,172.31.40.0-255,66,210242,64,324237
5777,0.001715,74.125.130.0-255,1484,211726,64,324237
5778,0.001757,74.125.130.0-255,5738,217464,64,324237
5779,0.00176,172.31.40.0-255,66,217530,64,324237
5780,0.001785,74.125.130.0-255,4320,221850,64,324237
5781,0.001787,172.31.40.0-255,66,221916,64,324237
5782,0.001798,172.31.40.0-255,66,221982,64,324237
5783,0.0018,74.125.130.0-255,766,222748,64,324237
5784,0.001841,74.125.130.0-255,1484,224232,64,324237
5785,0.001844,172.31.40.0-255,66,224298,64,324237
5786,0.001849,74.125.130.0-255,2902,227200,64,324237
5787,0.00185,172.31.40.0-255,66,227266,64,324237
5788,0.001854,74.125.130.0-255,2902,230168,64,324237
5789,0.001857,172.31.40.0-255,66,230234,64,324237
5790,0.001865,74.125.130.0-255,2902,233136,64,324237
5791,0.001867,172.31.40.0-255,66,233202,64,324237
5792,0.001887,74.125.130.0-255,1484,234686,64,324237
5793,0.001897,172.31.40.0-255,66,234752,64,324237
5794,0.001902,74.125.130.0-255,5738,240490,64,324237
5795,0.001904,172.31.40.0-255,66,240556,64,324237
5796,0.001931,74.125.130.0-255,7156,247712,64,324237
5797,0.001934,172.31.40.0-255,66,247778,64,324237
5798,0.001936,74.125.130.0-255,766,248544,64,324237
5799,0.002184,74.125.130.0-255,1484,250028,64,324237
5800,0.002188,172.31.40.0-255,66,250094,64,324237
5801,0.002192,74.125.130.0-255,1484,251578,64,324237
5802,0.002216,74.125.130.0-255,1484,253062,64,324237
5803,0.002219,172.31.40.0-255,66,253128,64,324237
5804,0.002226,74.125.130.0-255,5738,258866,64,324237
5805,0.002228,172.31.40.0-255,66,258932,64,324237
5806,0.002264,172.31.40.0-255,66,258998,64,324237
5807,0.002266,74.125.130.0-255,1484,260482,64,324237
5808,0.002306,74.125.130.0-255,1484,261966,64,324237
5809,0.002309,172.31.40.0-255,66,262032,64,324237
5810,0.002347,172.31.40.0-255,66,262098,64,324237
5811,0.002353,74.125.130.0-255,4320,266418,64,324237
5812,0.002355,172.31.40.0-255,66,266484,64,324237
5813,0.002378,74.125.130.0-255,7156,273640,64,324237
5814,0.002381,172.31.40.0-255,66,273706,64,324237
5815,0.002391,172.31.40.0-255,66,273772,64,324237
5816,0.002403,172.31.40.0-255,66,273838,64,324237
5817,0.004769,74.125.130.0-255,5738,279576,64,324237
5818,0.004777,172.31.40.0-255,66,279642,64,324237
5819,0.007146,74.125.130.0-255,5738,285380,64,324237
5820,0.007154,172.31.40.0-255,66,285446,64,324237
5821,0.009285,172.31.40.0-255,101,285547,64,324237
5822,0.009532,74.125.130.0-255,4320,289867,64,324237
5823,0.009538,172.31.40.0-255,66,289933,64,324237
5824,0.009547,74.125.130.0-255,1484,291417,64,324237
5825,0.011635,74.125.130.0-255,66,291483,64,324237
5826,0.011928,74.125.130.0-255,4320,295803,64,324237
5827,0.011933,172.31.40.0-255,66,295869,64,324237
5828,0.014318,74.125.130.0-255,5738,301607,64,324237
5829,0.014326,172.31.40.0-255,66,301673,64,324237
5830,0.016706,74.125.130.0-255,5738,307411,64,324237
5831,0.016728,172.31.40.0-255,66,307477,64,324237
5832,0.019112,74.125.130.0-255,5738,313215,64,324237
5833,0.019122,172.31.40.0-255,66,313281,64,324237
5834,0.021502,74.125.130.0-255,5738,319019,64,324237
5835,0.021511,172.31.40.0-255,66,319085,64,324237
5836,0.023857,74.125.130.0-255,515,319600,64,324237
5837,0.024006,172.31.40.0-255,105,319705,64,324237
5838,0.030392,74.125.130.0-255,66,319771,64,324237
5839,0.03374,172.31.40.0-255,172,319943,64,324237
5840,0.033793,172.31.40.0-255,1112,321055,64,324237
5841,0.033857,172.31.40.0-255,1514,322569,64,324237
5842,0.033859,172.31.40.0-255,1296,323865,64,324237
5843,0.035419,104.244.42.0-255,66,323931,64,324237
5844,0.03546,104.244.42.0-255,66,323997,64,324237
5845,0.035519,104.244.42.0-255,66,324063,64,324237
5846,0.037044,104.244.42.0-255,108,324171,64,324237
5847,0.037051,172.31.40.0-255,66,324237,64,324237
5848,0.0,74.125.200.0-255,150,150,64,282017
5849,2.1e-05,172.31.40.0-255,66,216,64,282017
5850,5.1e-05,74.125.200.0-255,1484,1700,64,282017
5851,5.4e-05,172.31.40.0-255,66,1766,64,282017
5852,5.9e-05,74.125.200.0-255,2902,4668,64,282017
5853,6.1e-05,172.31.40.0-255,66,4734,64,282017
5854,8e-05,74.125.200.0-255,1484,6218,64,282017
5855,8.6e-05,172.31.40.0-255,66,6284,64,282017
5856,9.7e-05,74.125.200.0-255,2902,9186,64,282017
5857,0.000103,172.31.40.0-255,66,9252,64,282017
5858,0.00013,74.125.200.0-255,4937,14189,64,282017
5859,0.000133,172.31.40.0-255,66,14255,64,282017
5860,0.000138,74.125.200.0-255,4320,18575,64,282017
5861,0.00014,172.31.40.0-255,66,18641,64,282017
5862,0.000165,74.125.200.0-255,2902,21543,64,282017
5863,0.000168,172.31.40.0-255,66,21609,64,282017
5864,0.00018,74.125.200.0-255,2902,24511,64,282017
5865,0.000186,172.31.40.0-255,66,24577,64,282017
5866,0.000211,74.125.200.0-255,5738,30315,64,282017
5867,0.000214,172.31.40.0-255,66,30381,64,282017
5868,0.000216,74.125.200.0-255,1125,31506,64,282017
5869,0.000218,172.31.40.0-255,66,31572,64,282017
5870,0.000259,74.125.200.0-255,1484,33056,64,282017
5871,0.000262,172.31.40.0-255,66,33122,64,282017
5872,0.000287,74.125.200.0-255,2902,36024,64,282017
5873,0.00029,172.31.40.0-255,66,36090,64,282017
5874,0.000293,74.125.200.0-255,2902,38992,64,282017
5875,0.000296,172.31.40.0-255,66,39058,64,282017
5876,0.000329,74.125.200.0-255,4320,43378,64,282017
5877,0.000332,172.31.40.0-255,66,43444,64,282017
5878,0.000368,172.31.40.0-255,66,43510,64,282017
5879,0.000371,74.125.200.0-255,2902,46412,64,282017
5880,0.000373,172.31.40.0-255,66,46478,64,282017
5881,0.000415,74.125.200.0-255,4320,50798,64,282017
5882,0.00042,172.31.40.0-255,66,50864,64,282017
5883,0.000432,74.125.200.0-255,5717,56581,64,282017
5884,0.000435,172.31.40.0-255,66,56647,64,282017
5885,0.000542,74.125.200.0-255,1484,58131,64,282017
5886,0.000558,74.125.200.0-255,2902,61033,64,282017
5887,0.000561,172.31.40.0-255,66,61099,64,282017
5888,0.000585,74.125.200.0-255,5738,66837,64,282017
5889,0.000588,172.31.40.0-255,66,66903,64,282017
5890,0.000591,74.125.200.0-255,1484,68387,64,282017
5891,0.000611,74.125.200.0-255,2902,71289,64,282017
5892,0.000614,172.31.40.0-255,66,71355,64,282017
5893,0.000655,74.125.200.0-255,5379,76734,64,282017
5894,0.000658,172.31.40.0-255,66,76800,64,282017
5895,0.000681,74.125.200.0-255,4320,81120,64,282017
5896,0.000684,172.31.40.0-255,66,81186,64,282017
5897,0.000707,74.125.200.0-255,1484,82670,64,282017
5898,0.000713,74.125.200.0-255,4320,86990,64,282017
5899,0.000715,172.31.40.0-255,66,87056,64,282017
5900,0.000743,74.125.200.0-255,2902,89958,64,282017
5901,0.000746,172.31.40.0-255,66,90024,64,282017
5902,0.000749,74.125.200.0-255,1125,91149,64,282017
5903,0.000881,172.31.40.0-255,66,91215,64,282017
5904,0.00144,74.125.200.0-255,1484,92699,64,282017
5905,0.001452,74.125.200.0-255,2902,95601,64,282017
5906,0.001457,172.31.40.0-255,66,95667,64,282017
5907,0.001464,74.125.200.0-255,4320,99987,64,282017
5908,0.001466,172.31.40.0-255,66,100053,64,282017
5909,0.001497,74.125.200.0-255,1484,101537,64,282017
5910,0.001505,74.125.200.0-255,7156,108693,64,282017
5911,0.001507,172.31.40.0-255,66,108759,64,282017
5912,0.001511,74.125.200.0-255,2902,111661,64,282017
5913,0.001513,172.31.40.0-255,66,111727,64,282017
5914,0.001549,172.31.40.0-255,66,111793,64,282017
5915,0.001555,74.125.200.0-255,3602,115395,64,282017
5916,0.001557,172.31.40.0-255,66,115461,64,282017
5917,0.001658,74.125.200.0-255,1484,116945,64,282017
5918,0.001683,74.125.200.0-255,2902,119847,64,282017
5919,0.001685,172.31.40.0-255,66,119913,64,282017
5920,0.001714,74.125.200.0-255,5738,125651,64,282017
5921,0.001716,172.31.40.0-255,66,125717,64,282017
5922,0.001719,74.125.200.0-255,1484,127201,64,282017
5923,0.001745,74.125.200.0-255,7156,134357,64,282017
5924,0.001747,172.31.40.0-255,66,134423,64,282017
5925,0.001769,74.125.200.0-255,1484,135907,64,282017
5926,0.001774,74.125.200.0-255,2902,138809,64,282017
5927,0.001776,172.31.40.0-255,66,138875,64,282017
5928,0.001781,74.125.200.0-255,4320,143195,64,282017
5929,0.001783,172.31.40.0-255,66,143261,64,282017
5930,0.001819,74.125.200.0-255,6438,149699,64,282017
5931,0.001822,172.31.40.0-255,66,149765,64,282017
5932,0.001962,74.125.200.0-255,1484,151249,64,282017
5933,0.001975,74.125.200.0-255,2902,154151,64,282017
5934,0.001978,172.31.40.0-255,66,154217,64,282017
5935,0.002014,74.125.200.0-255,5738,159955,64,282017
5936,0.002016,172.31.40.0-255,66,160021,64,282017
5937,0.00202,74.125.200.0-255,2902,162923,64,282017
5938,0.002022,172.31.40.0-255,66,162989,64,282017
5939,0.002025,74.125.200.0-255,1484,164473,64,282017
5940,0.002054,74.125.200.0-255,2902,167375,64,282017
5941,0.002057,172.31.40.0-255,66,167441,64,282017
5942,0.002061,74.125.200.0-255,2902,170343,64,282017
5943,0.002063,172.31.40.0-255,66,170409,64,282017
5944,0.002089,74.125.200.0-255,4320,174729,64,282017
5945,0.002091,172.31.40.0-255,66,174795,64,282017
5946,0.002096,74.125.200.0-255,4320,179115,64,282017
5947,0.002098,172.31.40.0-255,66,179181,64,282017
5948,0.002126,74.125.200.0-255,4320,183501,64,282017
5949,0.002128,172.31.40.0-255,66,183567,64,282017
5950,0.002131,74.125.200.0-255,766,184333,64,282017
5951,0.004249,74.125.200.0-255,2902,187235,64,282017
5952,0.004252,172.31.40.0-255,66,187301,64,282017
5953,0.004276,74.125.200.0-255,1484,188785,64,282017
5954,0.006386,74.125.200.0-255,4320,193105,64,282017
5955,0.006394,172.31.40.0-255,66,193171,64,282017
5956,0.008534,74.125.200.0-255,5738,198909,64,282017
5957,0.008541,172.31.40.0-255,66,198975,64,282017
5958,0.010696,74.125.200.0-255,5738,204713,64,282017
5959,0.010703,172.31.40.0-255,66,204779,64,282017
5960,0.012849,74.125.200.0-255,5738,210517,64,282017
5961,0.012858,172.31.40.0-255,66,210583,64,282017
5962,0.015011,74.125.200.0-255,5738,216321,64,282017
5963,0.01502,172.31.40.0-255,66,216387,64,282017
5964,0.017184,74.125.200.0-255,5738,222125,64,282017
5965,0.017191,172.31.40.0-255,66,222191,64,282017
5966,0.019332,74.125.200.0-255,5738,227929,64,282017
5967,0.019339,172.31.40.0-255,66,227995,64,282017
5968,0.0215,74.125.200.0-255,5738,233733,64,282017
5969,0.021507,172.31.40.0-255,66,233799,64,282017
5970,0.02365,74.125.200.0-255,4320,238119,64,282017
5971,0.023658,172.31.40.0-255,66,238185,64,282017
5972,0.023686,74.125.200.0-255,1484,239669,64,282017
5973,0.025793,74.125.200.0-255,4320,243989,64,282017
5974,0.0258,172.31.40.0-255,66,244055,64,282017
5975,0.027465,172.31.40.0-255,172,244227,64,282017
5976,0.02749,172.31.40.0-255,1110,245337,64,282017
5977,0.027536,172.31.40.0-255,1514,246851,64,282017
5978,0.027555,172.31.40.0-255,1298,248149,64,282017
5979,0.027957,74.125.200.0-255,5738,253887,64,282017
5980,0.027963,172.31.40.0-255,66,253953,64,282017
5981,0.02916,104.244.42.0-255,66,254019,64,282017
5982,0.029166,104.244.42.0-255,66,254085,64,282017
5983,0.029195,104.244.42.0-255,66,254151,64,282017
5984,0.029265,104.244.42.0-255,66,254217,64,282017
5985,0.030099,74.125.200.0-255,1484,255701,64,282017
5986,0.03013,74.125.200.0-255,4320,260021,64,282017
5987,0.030134,172.31.40.0-255,66,260087,64,282017
5988,0.032277,74.125.200.0-255,5738,265825,64,282017
5989,0.032284,172.31.40.0-255,66,265891,64,282017
5990,0.034421,74.125.200.0-255,4320,270211,64,282017
5991,0.034425,172.31.40.0-255,66,270277,64,282017
5992,0.034455,74.125.200.0-255,1484,271761,64,282017
5993,0.036558,74.125.200.0-255,4320,276081,64,282017
5994,0.036562,172.31.40.0-255,66,276147,64,282017
5995,0.038697,74.125.200.0-255,4320,280467,64,282017
5996,0.038703,172.31.40.0-255,66,280533,64,282017
5997,0.038737,74.125.200.0-255,1484,282017,64,282017
5998,0.0,74.125.68.0-255,146,146,64,328963
5999,1.7e-05,172.31.40.0-255,66,212,64,328963
6000,2.4e-05,74.125.68.0-255,1484,1696,64,328963
6001,2.8e-05,172.31.40.0-255,66,1762,64,328963
6002,3.4e-05,74.125.68.0-255,2902,4664,64,328963
6003,3.6e-05,172.31.40.0-255,66,4730,64,328963
6004,6.3e-05,74.125.68.0-255,7156,11886,64,328963
6005,6.6e-05,172.31.40.0-255,66,11952,64,328963
6006,7.2e-05,74.125.68.0-255,2101,14053,64,328963
6007,7.4e-05,172.31.40.0-255,66,14119,64,328963
6008,8e-05,74.125.68.0-255,2902,17021,64,328963
6009,8.2e-05,172.31.40.0-255,66,17087,64,328963
6010,8.9e-05,74.125.68.0-255,5738,22825,64,328963
6011,9.2e-05,172.31.40.0-255,66,22891,64,328963
6012,0.000115,74.125.68.0-255,1484,24375,64,328963
6013,0.000117,172.31.40.0-255,66,24441,64,328963
6014,0.000124,74.125.68.0-255,5738,30179,64,328963
6015,0.000126,172.31.40.0-255,66,30245,64,328963
6016,0.000149,74.125.68.0-255,1125,31370,64,328963
6017,0.000152,172.31.40.0-255,66,31436,64,328963
6018,0.000233,74.125.68.0-255,1484,32920,64,328963
6019,0.000237,172.31.40.0-255,66,32986,64,328963
6020,0.00024,74.125.68.0-255,1484,34470,64,328963
6021,0.000242,172.31.40.0-255,66,34536,64,328963
6022,0.000257,74.125.68.0-255,1484,36020,64,328963
6023,0.00026,172.31.40.0-255,66,36086,64,328963
6024,0.000263,74.125.68.0-255,1484,37570,64,328963
6025,0.000265,172.31.40.0-255,66,37636,64,328963
6026,0.000269,74.125.68.0-255,2902,40538,64,328963
6027,0.000272,172.31.40.0-255,66,40604,64,328963
6028,0.000294,74.125.68.0-255,5738,46342,64,328963
6029,0.000297,172.31.40.0-255,66,46408,64,328963
6030,0.000322,74.125.68.0-255,5379,51787,64,328963
6031,0.000325,172.31.40.0-255,66,51853,64,328963
6032,0.00033,74.125.68.0-255,4320,56173,64,328963
6033,0.000332,172.31.40.0-255,66,56239,64,328963
6034,0.000344,74.125.68.0-255,1484,57723,64,328963
6035,0.000359,74.125.68.0-255,2902,60625,64,328963
6036,0.000362,172.31.40.0-255,66,60691,64,328963
6037,0.000375,74.125.68.0-255,5649,66340,64,328963
6038,0.000378,172.31.40.0-255,66,66406,64,328963
6039,0.000394,74.125.68.0-255,134,66540,64,328963
6040,0.000472,74.125.68.0-255,1484,68024,64,328963
6041,0.000475,172.31.40.0-255,66,68090,64,328963
6042,0.000506,74.125.68.0-255,1484,69574,64,328963
6043,0.00052,74.125.68.0-255,2902,72476,64,328963
6044,0.000523,172.31.40.0-255,66,72542,64,328963
6045,0.000551,74.125.68.0-255,4320,76862,64,328963
6046,0.000554,172.31.40.0-255,66,76928,64,328963
6047,0.000574,74.125.68.0-255,1484,78412,64,328963
6048,0.000579,74.125.68.0-255,4320,82732,64,328963
6049,0.000581,172.31.40.0-255,66,82798,64,328963
6050,0.000587,74.125.68.0-255,5738,88536,64,328963
6051,0.00059,172.31.40.0-255,66,88602,64,328963
6052,0.000624,172.31.40.0-255,66,88668,64,328963
6053,0.000627,74.125.68.0-255,766,89434,64,328963
6054,0.000673,74.125.68.0-255,348,89782,64,328963
6055,0.000713,74.125.68.0-255,1484,91266,64,328963
6056,0.000716,172.31.40.0-255,66,91332,64,328963
6057,0.000721,74.125.68.0-255,2902,94234,64,328963
6058,0.000723,172.31.40.0-255,66,94300,64,328963
6059,0.00074,74.125.68.0-255,5738,100038,64,328963
6060,0.000743,172.31.40.0-255,66,100104,64,328963
6061,0.000768,74.125.68.0-255,4320,104424,64,328963
6062,0.00077,172.31.40.0-255,66,104490,64,328963
6063,0.000787,74.125.68.0-255,5738,110228,64,328963
6064,0.00079,172.31.40.0-255,66,110294,64,328963
6065,0.000796,74.125.68.0-255,5738,116032,64,328963
6066,0.000799,172.31.40.0-255,66,116098,64,328963
6067,0.000828,74.125.68.0-255,5738,121836,64,328963
6068,0.000833,172.31.40.0-255,66,121902,64,328963
6069,0.000838,74.125.68.0-255,2184,124086,64,328963
6070,0.00084,172.31.40.0-255,66,124152,64,328963
6071,0.00095,74.125.68.0-255,1484,125636,64,328963
6072,0.000956,74.125.68.0-255,2902,128538,64,328963
6073,0.00096,172.31.40.0-255,66,128604,64,328963
6074,0.000963,74.125.68.0-255,1484,130088,64,328963
6075,0.000966,74.125.68.0-255,1484,131572,64,328963
6076,0.000968,172.31.40.0-255,66,131638,64,328963
6077,0.00098,74.125.68.0-255,1484,133122,64,328963
6078,0.000983,74.125.68.0-255,1484,134606,64,328963
6079,0.000986,172.31.40.0-255,66,134672,64,328963
6080,0.001006,74.125.68.0-255,4320,138992,64,328963
6081,0.001009,172.31.40.0-255,66,139058,64,328963
6082,0.00103,172.31.40.0-255,66,139124,64,328963
6083,0.001051,74.125.68.0-255,1484,140608,64,328963
6084,0.001079,74.125.68.0-255,7156,147764,64,328963
6085,0.001082,172.31.40.0-255,66,147830,64,328963
6086,0.001098,74.125.68.0-255,2184,150014,64,328963
6087,0.0011,172.31.40.0-255,66,150080,64,328963
6088,0.001205,74.125.68.0-255,1484,151564,64,328963
6089,0.001224,74.125.68.0-255,2902,154466,64,328963
6090,0.001228,172.31.40.0-255,66,154532,64,328963
6091,0.001246,74.125.68.0-255,4320,158852,64,328963
6092,0.001248,172.31.40.0-255,66,158918,64,328963
6093,0.001276,172.31.40.0-255,66,158984,64,328963
6094,0.001281,74.125.68.0-255,2902,161886,64,328963
6095,0.001284,172.31.40.0-255,66,161952,64,328963
6096,0.001289,74.125.68.0-255,4320,166272,64,328963
6097,0.001291,172.31.40.0-255,66,166338,64,328963
6098,0.001319,172.31.40.0-255,66,166404,64,328963
6099,0.001322,74.125.68.0-255,766,167170,64,328963
6100,0.001343,74.125.68.0-255,1484,168654,64,328963
6101,0.001346,172.31.40.0-255,66,168720,64,328963
6102,0.001364,74.125.68.0-255,1484,170204,64,328963
6103,0.001376,74.125.68.0-255,2902,173106,64,328963
6104,0.001379,172.31.40.0-255,66,173172,64,328963
6105,0.001384,74.125.68.0-255,2902,176074,64,328963
6106,0.001387,172.31.40.0-255,66,176140,64,328963
6107,0.001389,74.125.68.0-255,1484,177624,64,328963
6108,0.001403,74.125.68.0-255,2902,180526,64,328963
6109,0.001406,172.31.40.0-255,66,180592,64,328963
6110,0.001431,74.125.68.0-255,5738,186330,64,328963
6111,0.001434,172.31.40.0-255,66,186396,64,328963
6112,0.001459,74.125.68.0-255,2902,189298,64,328963
6113,0.001462,172.31.40.0-255,66,189364,64,328963
6114,0.001474,172.31.40.0-255,66,189430,64,328963
6115,0.001478,74.125.68.0-255,2184,191614,64,328963
6116,0.00148,172.31.40.0-255,66,191680,64,328963
6117,0.001545,74.125.68.0-255,1484,193164,64,328963
6118,0.001549,74.125.68.0-255,1484,194648,64,328963
6119,0.001551,172.31.40.0-255,66,194714,64,328963
6120,0.001574,74.125.68.0-255,1484,196198,64,328963
6121,0.001581,74.125.68.0-255,5738,201936,64,328963
6122,0.001583,172.31.40.0-255,66,202002,64,328963
6123,0.001593,74.125.68.0-255,2902,204904,64,328963
6124,0.001595,172.31.40.0-255,66,204970,64,328963
6125,0.0016,74.125.68.0-255,4320,209290,64,328963
6126,0.001602,172.31.40.0-255,66,209356,64,328963
6127,0.001643,172.31.40.0-255,66,209422,64,328963
6128,0.001649,74.125.68.0-255,5738,215160,64,328963
6129,0.001652,172.31.40.0-255,66,215226,64,328963
6130,0.001675,74.125.68.0-255,1484,216710,64,328963
6131,0.0017,74.125.68.0-255,766,217476,64,328963
6132,0.001703,172.31.40.0-255,66,217542,64,328963
6133,0.001708,74.125.68.0-255,2902,220444,64,328963
6134,0.00171,172.31.40.0-255,66,220510,64,328963
6135,0.001723,74.125.68.0-255,2902,223412,64,328963
6136,0.001725,172.31.40.0-255,66,223478,64,328963
6137,0.001746,74.125.68.0-255,4320,227798,64,328963
6138,0.001749,172.31.40.0-255,66,227864,64,328963
6139,0.001827,74.125.68.0-255,5738,233602,64,328963
6140,0.001832,172.31.40.0-255,66,233668,64,328963
6141,0.00184,172.31.40.0-255,66,233734,64,328963
6142,0.001844,74.125.68.0-255,1484,235218,64,328963
6143,0.001855,172.31.40.0-255,66,235284,64,328963
6144,0.001858,74.125.68.0-255,1484,236768,64,328963
6145,0.001861,74.125.68.0-255,1484,238252,64,328963
6146,0.001863,172.31.40.0-255,66,238318,64,328963
6147,0.001881,74.125.68.0-255,1484,239802,64,328963
6148,0.001886,74.125.68.0-255,2902,242704,64,328963
6149,0.001888,172.31.40.0-255,66,242770,64,328963
6150,0.001892,74.125.68.0-255,2902,245672,64,328963
6151,0.001895,172.31.40.0-255,66,245738,64,328963
6152,0.001918,74.125.68.0-255,1484,247222,64,328963
6153,0.001945,74.125.68.0-255,4320,251542,64,328963
6154,0.001948,172.31.40.0-255,66,251608,64,328963
6155,0.001953,74.125.68.0-255,2902,254510,64,328963
6156,0.001955,172.31.40.0-255,66,254576,64,328963
6157,0.001969,74.125.68.0-255,2902,257478,64,328963
6158,0.001971,172.31.40.0-255,66,257544,64,328963
6159,0.001988,74.125.68.0-255,4320,261864,64,328963
6160,0.001991,172.31.40.0-255,66,261930,64,328963
6161,0.002014,74.125.68.0-255,5738,267668,64,328963
6162,0.002017,172.31.40.0-255,66,267734,64,328963
6163,0.002035,74.125.68.0-255,2184,269918,64,328963
6164,0.002038,172.31.40.0-255,66,269984,64,328963
6165,0.002061,74.125.68.0-255,2902,272886,64,328963
6166,0.002065,172.31.40.0-255,66,272952,64,328963
6167,0.002079,74.125.68.0-255,5738,278690,64,328963
6168,0.002082,172.31.40.0-255,66,278756,64,328963
6169,0.002098,74.125.68.0-255,1484,280240,64,328963
6170,0.002102,74.125.68.0-255,2902,283142,64,328963
6171,0.002104,172.31.40.0-255,66,283208,64,328963
6172,0.002118,74.125.68.0-255,2902,286110,64,328963
6173,0.002121,172.31.40.0-255,66,286176,64,328963
6174,0.002141,172.31.40.0-255,66,286242,64,328963
6175,0.002148,74.125.68.0-255,7156,293398,64,328963
6176,0.00215,172.31.40.0-255,66,293464,64,328963
6177,0.002171,74.125.68.0-255,2184,295648,64,328963
6178,0.002174,172.31.40.0-255,66,295714,64,328963
6179,0.002198,74.125.68.0-255,7156,302870,64,328963
6180,0.002201,172.31.40.0-255,66,302936,64,328963
6181,0.00222,74.125.68.0-255,1484,304420,64,328963
6182,0.002232,172.31.40.0-255,66,304486,64,328963
6183,0.002254,74.125.68.0-255,1484,305970,64,328963
6184,0.00226,74.125.68.0-255,4320,310290,64,328963
6185,0.002263,172.31.40.0-255,66,310356,64,328963
6186,0.002282,74.125.68.0-255,2902,313258,64,328963
6187,0.002285,172.31.40.0-255,66,313324,64,328963
6188,0.002296,172.31.40.0-255,66,313390,64,328963
6189,0.002299,74.125.68.0-255,1484,314874,64,328963
6190,0.002319,74.125.68.0-255,2902,317776,64,328963
6191,0.002321,172.31.40.0-255,66,317842,64,328963
6192,0.002325,74.125.68.0-255,2632,320474,64,328963
6193,0.002327,172.31.40.0-255,66,320540,64,328963
6194,0.004594,74.125.68.0-255,105,320645,64,328963
6195,0.010388,172.31.40.0-255,66,320711,64,328963
6196,0.010441,172.31.40.0-255,105,320816,64,328963
6197,0.012717,74.125.68.0-255,66,320882,64,328963
6198,0.030676,172.31.40.0-255,172,321054,64,328963
6199,0.030707,172.31.40.0-255,1110,322164,64,328963
6200,0.030771,172.31.40.0-255,1514,323678,64,328963
6201,0.030773,172.31.40.0-255,1514,325192,64,328963
6202,0.030777,172.31.40.0-255,1514,326706,64,328963
6203,0.030779,172.31.40.0-255,1514,328220,64,328963
6204,0.030798,172.31.40.0-255,479,328699,64,328963
6205,0.032253,104.244.42.0-255,66,328765,64,328963
6206,0.032279,104.244.42.0-255,66,328831,64,328963
6207,0.032355,104.244.42.0-255,66,328897,64,328963
6208,0.032367,104.244.42.0-255,66,328963,64,328963
6209,0.0,74.125.200.0-255,150,150,64,183773
6210,2.2e-05,172.31.40.0-255,66,216,64,183773
6211,3e-05,74.125.200.0-255,1484,1700,64,183773
6212,3.4e-05,172.31.40.0-255,66,1766,64,183773
6213,6.7e-05,74.125.200.0-255,2902,4668,64,183773
6214,7e-05,172.31.40.0-255,66,4734,64,183773
6215,7.8e-05,74.125.200.0-255,5738,10472,64,183773
6216,8e-05,172.31.40.0-255,66,10538,64,183773
6217,8.5e-05,74.125.200.0-255,3493,14031,64,183773
6218,8.9e-05,172.31.40.0-255,66,14097,64,183773
6219,0.000135,74.125.200.0-255,4320,18417,64,183773
6220,0.000138,172.31.40.0-255,66,18483,64,183773
6221,0.000141,74.125.200.0-255,1484,19967,64,183773
6222,0.000143,172.31.40.0-255,66,20033,64,183773
6223,0.000148,74.125.200.0-255,2902,22935,64,183773
6224,0.000155,172.31.40.0-255,66,23001,64,183773
6225,0.000189,74.125.200.0-255,5738,28739,64,183773
6226,0.000192,172.31.40.0-255,66,28805,64,183773
6227,0.000233,74.125.200.0-255,2543,31348,64,183773
6228,0.000237,172.31.40.0-255,66,31414,64,183773
6229,0.000425,74.125.200.0-255,1484,32898,64,183773
6230,0.000431,172.31.40.0-255,66,32964,64,183773
6231,0.000437,74.125.200.0-255,2902,35866,64,183773
6232,0.00044,172.31.40.0-255,66,35932,64,183773
6233,0.000474,74.125.200.0-255,5738,41670,64,183773
6234,0.000477,172.31.40.0-255,66,41736,64,183773
6235,0.000483,74.125.200.0-255,5738,47474,64,183773
6236,0.000486,172.31.40.0-255,66,47540,64,183773
6237,0.000514,74.125.200.0-255,1125,48665,64,183773
6238,0.000517,172.31.40.0-255,66,48731,64,183773
6239,0.000542,74.125.200.0-255,4320,53051,64,183773
6240,0.000544,172.31.40.0-255,66,53117,64,183773
6241,0.000593,74.125.200.0-255,4320,57437,64,183773
6242,0.000597,172.31.40.0-255,66,57503,64,183773
6243,0.000616,74.125.200.0-255,1484,58987,64,183773
6244,0.000625,74.125.200.0-255,7070,66057,64,183773
6245,0.000628,172.31.40.0-255,66,66123,64,183773
6246,0.00124,74.125.200.0-255,131,66254,64,183773
6247,0.002575,74.125.200.0-255,4320,70574,64,183773
6248,0.002583,172.31.40.0-255,66,70640,64,183773
6249,0.004537,74.125.200.0-255,5738,76378,64,183773
6250,0.004543,172.31.40.0-255,66,76444,64,183773
6251,0.006498,74.125.200.0-255,2902,79346,64,183773
6252,0.006503,172.31.40.0-255,66,79412,64,183773
6253,0.006522,74.125.200.0-255,2902,82314,64,183773
6254,0.006525,172.31.40.0-255,66,82380,64,183773
6255,0.008455,74.125.200.0-255,2902,85282,64,183773
6256,0.008462,172.31.40.0-255,66,85348,64,183773
6257,0.008494,74.125.200.0-255,2902,88250,64,183773
6258,0.008496,172.31.40.0-255,66,88316,64,183773
6259,0.010446,74.125.200.0-255,2902,91218,64,183773
6260,0.010454,172.31.40.0-255,66,91284,64,183773
6261,0.010487,74.125.200.0-255,2902,94186,64,183773
6262,0.010489,172.31.40.0-255,66,94252,64,183773
6263,0.012418,74.125.200.0-255,2902,97154,64,183773
6264,0.012427,172.31.40.0-255,66,97220,64,183773
6265,0.01246,74.125.200.0-255,2902,100122,64,183773
6266,0.012462,172.31.40.0-255,66,100188,64,183773
6267,0.014378,74.125.200.0-255,2902,103090,64,183773
6268,0.014387,172.31.40.0-255,66,103156,64,183773
6269,0.014417,74.125.200.0-255,2902,106058,64,183773
6270,0.01442,172.31.40.0-255,66,106124,64,183773
6271,0.01634,74.125.200.0-255,2902,109026,64,183773
6272,0.016347,172.31.40.0-255,66,109092,64,183773
6273,0.016373,74.125.200.0-255,2902,111994,64,183773
6274,0.016375,172.31.40.0-255,66,112060,64,183773
6275,0.018289,74.125.200.0-255,2902,114962,64,183773
6276,0.018295,172.31.40.0-255,66,115028,64,183773
6277,0.018332,74.125.200.0-255,2902,117930,64,183773
6278,0.018336,172.31.40.0-255,66,117996,64,183773
6279,0.020336,74.125.200.0-255,2902,120898,64,183773
6280,0.020344,172.31.40.0-255,66,120964,64,183773
6281,0.020372,74.125.200.0-255,1484,122448,64,183773
6282,0.020389,74.125.200.0-255,1484,123932,64,183773
6283,0.020392,172.31.40.0-255,66,123998,64,183773
6284,0.022313,74.125.200.0-255,2902,126900,64,183773
6285,0.022319,172.31.40.0-255,66,126966,64,183773
6286,0.022346,74.125.200.0-255,2902,129868,64,183773
6287,0.022349,172.31.40.0-255,66,129934,64,183773
6288,0.024266,74.125.200.0-255,1484,131418,64,183773
6289,0.024283,74.125.200.0-255,4320,135738,64,183773
6290,0.024287,172.31.40.0-255,66,135804,64,183773
6291,0.026273,74.125.200.0-255,5738,141542,64,183773
6292,0.026279,172.31.40.0-255,66,141608,64,183773
6293,0.028233,74.125.200.0-255,5738,147346,64,183773
6294,0.028239,172.31.40.0-255,66,147412,64,183773
6295,0.028688,172.31.40.0-255,172,147584,64,183773
6296,0.028714,172.31.40.0-255,1112,148696,64,183773
6297,0.028762,172.31.40.0-255,1514,150210,64,183773
6298,0.028764,172.31.40.0-255,1514,151724,64,183773
6299,0.028769,172.31.40.0-255,1514,153238,64,183773
6300,0.02877,172.31.40.0-255,1077,154315,64,183773
6301,0.030219,104.244.42.0-255,66,154381,64,183773
6302,0.030264,104.244.42.0-255,66,154447,64,183773
6303,0.030274,74.125.200.0-255,5738,160185,64,183773
6304,0.03028,172.31.40.0-255,66,160251,64,183773
6305,0.030364,104.244.42.0-255,66,160317,64,183773
6306,0.03037,104.244.42.0-255,66,160383,64,183773
6307,0.031595,104.244.42.0-255,108,160491,64,183773
6308,0.031605,172.31.40.0-255,66,160557,64,183773
6309,0.032261,74.125.200.0-255,5738,166295,64,183773
6310,0.032266,172.31.40.0-255,66,166361,64,183773
6311,0.034244,74.125.200.0-255,5738,172099,64,183773
6312,0.034251,172.31.40.0-255,66,172165,64,183773
6313,0.036228,74.125.200.0-255,5738,177903,64,183773
6314,0.036234,172.31.40.0-255,66,177969,64,183773
6315,0.038206,74.125.200.0-255,5738,183707,64,183773
6316,0.038213,172.31.40.0-255,66,183773,64,183773
6317,0.0,74.125.24.0-255,66,66,64,66
6318,0.0,172.253.118.0-255,150,150,64,266893
6319,1.9e-05,172.31.40.0-255,66,216,64,266893
6320,2.6e-05,172.253.118.0-255,1484,1700,64,266893
6321,3e-05,172.31.40.0-255,66,1766,64,266893
6322,3.6e-05,172.253.118.0-255,2902,4668,64,266893
6323,3.9e-05,172.31.40.0-255,66,4734,64,266893
6324,6.6e-05,172.253.118.0-255,7156,11890,64,266893
6325,7e-05,172.31.40.0-255,66,11956,64,266893
6326,0.000102,172.253.118.0-255,6348,18304,64,266893
6327,0.000104,172.31.40.0-255,66,18370,64,266893
6328,0.000111,172.253.118.0-255,7156,25526,64,266893
6329,0.000113,172.31.40.0-255,66,25592,64,266893
6330,0.000144,172.253.118.0-255,5379,30971,64,266893
6331,0.000147,172.31.40.0-255,66,31037,64,266893
6332,0.000234,172.253.118.0-255,1484,32521,64,266893
6333,0.000238,172.31.40.0-255,66,32587,64,266893
6334,0.000243,172.253.118.0-255,2902,35489,64,266893
6335,0.000245,172.31.40.0-255,66,35555,64,266893
6336,0.000262,172.253.118.0-255,5738,41293,64,266893
6337,0.000264,172.31.40.0-255,66,41359,64,266893
6338,0.000292,172.253.118.0-255,6797,48156,64,266893
6339,0.000295,172.31.40.0-255,66,48222,64,266893
6340,0.000309,172.253.118.0-255,4320,52542,64,266893
6341,0.000311,172.31.40.0-255,66,52608,64,266893
6342,0.000347,172.31.40.0-255,66,52674,64,266893
6343,0.000351,172.253.118.0-255,2816,55490,64,266893
6344,0.000353,172.31.40.0-255,66,55556,64,266893
6345,0.000376,172.253.118.0-255,131,55687,64,266893
6346,0.000378,172.31.40.0-255,66,55753,64,266893
6347,0.000381,172.253.118.0-255,348,56101,64,266893
6348,0.000383,172.31.40.0-255,66,56167,64,266893
6349,0.000669,172.253.118.0-255,1484,57651,64,266893
6350,0.000692,172.253.118.0-255,2902,60553,64,266893
6351,0.000698,172.253.118.0-255,5738,66291,64,266893
6352,0.000703,172.31.40.0-255,66,66357,64,266893
6353,0.00071,172.31.40.0-255,66,66423,64,266893
6354,0.000724,172.253.118.0-255,2902,69325,64,266893
6355,0.000726,172.31.40.0-255,66,69391,64,266893
6356,0.00077,172.31.40.0-255,66,69457,64,266893
6357,0.000781,172.31.40.0-255,66,69523,64,266893
6358,0.000783,172.253.118.0-255,1125,70648,64,266893
6359,0.000892,172.253.118.0-255,1484,72132,64,266893
6360,0.000896,172.31.40.0-255,66,72198,64,266893
6361,0.0009,172.253.118.0-255,2902,75100,64,266893
6362,0.000902,172.31.40.0-255,66,75166,64,266893
6363,0.000919,172.253.118.0-255,5738,80904,64,266893
6364,0.000921,172.31.40.0-255,66,80970,64,266893
6365,0.000965,172.31.40.0-255,66,81036,64,266893
6366,0.000972,172.253.118.0-255,7156,88192,64,266893
6367,0.000974,172.31.40.0-255,66,88258,64,266893
6368,0.001011,172.253.118.0-255,3602,91860,64,266893
6369,0.001015,172.31.40.0-255,66,91926,64,266893
6370,0.001084,172.253.118.0-255,1484,93410,64,266893
6371,0.001098,172.253.118.0-255,2902,96312,64,266893
6372,0.001101,172.31.40.0-255,66,96378,64,266893
6373,0.001127,172.253.118.0-255,5738,102116,64,266893
6374,0.001132,172.31.40.0-255,66,102182,64,266893
6375,0.001152,172.253.118.0-255,7156,109338,64,266893
6376,0.001154,172.31.40.0-255,66,109404,64,266893
6377,0.001183,172.253.118.0-255,5738,115142,64,266893
6378,0.00119,172.253.118.0-255,7156,122298,64,266893
6379,0.001217,172.253.118.0-255,3602,125900,64,266893
6380,0.001222,172.31.40.0-255,66,125966,64,266893
6381,0.001224,172.31.40.0-255,66,126032,64,266893
6382,0.001226,172.31.40.0-255,66,126098,64,266893
6383,0.001262,172.253.118.0-255,1484,127582,64,266893
6384,0.001266,172.253.118.0-255,2902,130484,64,266893
6385,0.001268,172.31.40.0-255,66,130550,64,266893
6386,0.001292,172.253.118.0-255,5738,136288,64,266893
6387,0.001295,172.31.40.0-255,66,136354,64,266893
6388,0.001325,172.253.118.0-255,1484,137838,64,266893
6389,0.001348,172.31.40.0-255,66,137904,64,266893
6390,0.001355,172.253.118.0-255,7156,145060,64,266893
6391,0.001357,172.31.40.0-255,66,145126,64,266893
6392,0.001359,172.253.118.0-255,1484,146610,64,266893
6393,0.001382,172.253.118.0-255,2184,148794,64,266893
6394,0.001386,172.31.40.0-255,66,148860,64,266893
6395,0.001522,172.253.118.0-255,1484,150344,64,266893
6396,0.001526,172.253.118.0-255,1484,151828,64,266893
6397,0.001528,172.31.40.0-255,66,151894,64,266893
6398,0.001554,172.253.118.0-255,1484,153378,64,266893
6399,0.00156,172.253.118.0-255,5738,159116,64,266893
6400,0.001562,172.31.40.0-255,66,159182,64,266893
6401,0.001602,172.31.40.0-255,66,159248,64,266893
6402,0.001612,172.31.40.0-255,66,159314,64,266893
6403,0.001628,172.253.118.0-255,3602,162916,64,266893
6404,0.00163,172.31.40.0-255,66,162982,64,266893
6405,0.0017,172.253.118.0-255,1484,164466,64,266893
6406,0.001715,172.253.118.0-255,2902,167368,64,266893
6407,0.001717,172.31.40.0-255,66,167434,64,266893
6408,0.001722,172.253.118.0-255,4320,171754,64,266893
6409,0.001724,172.31.40.0-255,66,171820,64,266893
6410,0.001737,172.253.118.0-255,1484,173304,64,266893
6411,0.00176,172.253.118.0-255,5738,179042,64,266893
6412,0.001762,172.31.40.0-255,66,179108,64,266893
6413,0.001788,172.253.118.0-255,7156,186264,64,266893
6414,0.001791,172.31.40.0-255,66,186330,64,266893
6415,0.001797,172.253.118.0-255,7156,193486,64,266893
6416,0.001799,172.31.40.0-255,66,193552,64,266893
6417,0.001819,172.253.118.0-255,1484,195036,64,266893
6418,0.001831,172.253.118.0-255,2184,197220,64,266893
6419,0.001833,172.31.40.0-255,66,197286,64,266893
6420,0.001942,172.253.118.0-255,1484,198770,64,266893
6421,0.001947,172.253.118.0-255,2902,201672,64,266893
6422,0.001949,172.31.40.0-255,66,201738,64,266893
6423,0.001969,172.253.118.0-255,5738,207476,64,266893
6424,0.001971,172.31.40.0-255,66,207542,64,266893
6425,0.001976,172.253.118.0-255,4320,211862,64,266893
6426,0.001978,172.31.40.0-255,66,211928,64,266893
6427,0.002004,172.253.118.0-255,5738,217666,64,266893
6428,0.002007,172.31.40.0-255,66,217732,64,266893
6429,0.002023,172.253.118.0-255,5738,223470,64,266893
6430,0.002026,172.31.40.0-255,66,223536,64,266893
6431,0.002034,172.31.40.0-255,66,223602,64,266893
6432,0.002096,172.253.118.0-255,1484,225086,64,266893
6433,0.002111,172.253.118.0-255,2902,227988,64,266893
6434,0.002114,172.31.40.0-255,66,228054,64,266893
6435,0.002136,172.253.118.0-255,5738,233792,64,266893
6436,0.002139,172.31.40.0-255,66,233858,64,266893
6437,0.002145,172.253.118.0-255,5738,239596,64,266893
6438,0.002147,172.31.40.0-255,66,239662,64,266893
6439,0.002165,172.253.118.0-255,1484,241146,64,266893
6440,0.002179,172.31.40.0-255,66,241212,64,266893
6441,0.002184,172.253.118.0-255,3602,244814,64,266893
6442,0.002186,172.31.40.0-255,66,244880,64,266893
6443,0.002221,172.253.118.0-255,2902,247782,64,266893
6444,0.002224,172.31.40.0-255,66,247848,64,266893
6445,0.002257,172.31.40.0-255,66,247914,64,266893
6446,0.002273,172.253.118.0-255,1484,249398,64,266893
6447,0.002284,172.31.40.0-255,66,249464,64,266893
6448,0.002315,172.253.118.0-255,1484,250948,64,266893
6449,0.002344,172.31.40.0-255,66,251014,64,266893
6450,0.002357,172.31.40.0-255,66,251080,64,266893
6451,0.002378,172.253.118.0-255,3602,254682,64,266893
6452,0.002381,172.31.40.0-255,66,254748,64,266893
6453,0.002385,172.253.118.0-255,2902,257650,64,266893
6454,0.002386,172.31.40.0-255,66,257716,64,266893
6455,0.002403,172.253.118.0-255,3953,261669,64,266893
6456,0.002405,172.31.40.0-255,66,261735,64,266893
6457,0.004783,172.253.118.0-255,168,261903,64,266893
6458,0.009887,172.31.40.0-255,105,262008,64,266893
6459,0.009922,172.31.40.0-255,105,262113,64,266893
6460,0.010159,172.31.40.0-255,90,262203,64,266893
6461,0.010168,172.31.40.0-255,66,262269,64,266893
6462,0.012285,172.253.118.0-255,66,262335,64,266893
6463,0.012303,172.253.118.0-255,66,262401,64,266893
6464,0.012534,172.253.118.0-255,66,262467,64,266893
6465,0.012551,172.253.118.0-255,66,262533,64,266893
6466,0.012557,172.31.40.0-255,66,262599,64,266893
6467,0.033813,172.31.40.0-255,172,262771,64,266893
6468,0.033848,172.31.40.0-255,1108,263879,64,266893
6469,0.033909,172.31.40.0-255,1514,265393,64,266893
6470,0.033911,172.31.40.0-255,1302,266695,64,266893
6471,0.035428,104.244.42.0-255,66,266761,64,266893
6472,0.035458,104.244.42.0-255,66,266827,64,266893
6473,0.035538,104.244.42.0-255,66,266893,64,266893
6474,0.0,74.125.24.0-255,156,156,64,303097
6475,2.2e-05,172.31.40.0-255,66,222,64,303097
6476,2.9e-05,74.125.24.0-255,1484,1706,64,303097
6477,3.4e-05,172.31.40.0-255,66,1772,64,303097
6478,4.6e-05,74.125.24.0-255,2902,4674,64,303097
6479,4.9e-05,172.31.40.0-255,66,4740,64,303097
6480,5.5e-05,74.125.24.0-255,4320,9060,64,303097
6481,5.8e-05,172.31.40.0-255,66,9126,64,303097
6482,7.4e-05,74.125.24.0-255,1484,10610,64,303097
6483,8e-05,172.31.40.0-255,66,10676,64,303097
6484,8.4e-05,74.125.24.0-255,2902,13578,64,303097
6485,8.6e-05,172.31.40.0-255,66,13644,64,303097
6486,0.000122,172.31.40.0-255,66,13710,64,303097
6487,0.000156,74.125.24.0-255,6797,20507,64,303097
6488,0.000158,172.31.40.0-255,66,20573,64,303097
6489,0.000383,74.125.24.0-255,1484,22057,64,303097
6490,0.000388,172.31.40.0-255,66,22123,64,303097
6491,0.000393,74.125.24.0-255,2902,25025,64,303097
6492,0.000396,172.31.40.0-255,66,25091,64,303097
6493,0.0004,74.125.24.0-255,2902,27993,64,303097
6494,0.000402,172.31.40.0-255,66,28059,64,303097
6495,0.000432,74.125.24.0-255,2902,30961,64,303097
6496,0.000435,172.31.40.0-255,66,31027,64,303097
6497,0.000445,172.31.40.0-255,66,31093,64,303097
6498,0.000481,74.125.24.0-255,3961,35054,64,303097
6499,0.000484,172.31.40.0-255,66,35120,64,303097
6500,0.000494,172.31.40.0-255,66,35186,64,303097
6501,0.000497,74.125.24.0-255,1480,36666,64,303097
6502,0.000499,172.31.40.0-255,66,36732,64,303097
6503,0.000617,74.125.24.0-255,1484,38216,64,303097
6504,0.000638,74.125.24.0-255,2902,41118,64,303097
6505,0.000641,172.31.40.0-255,66,41184,64,303097
6506,0.000647,74.125.24.0-255,5738,46922,64,303097
6507,0.000649,172.31.40.0-255,66,46988,64,303097
6508,0.000676,74.125.24.0-255,2902,49890,64,303097
6509,0.000679,172.31.40.0-255,66,49956,64,303097
6510,0.000702,74.125.24.0-255,3961,53917,64,303097
6511,0.000705,172.31.40.0-255,66,53983,64,303097
6512,0.00073,74.125.24.0-255,5738,59721,64,303097
6513,0.000732,172.31.40.0-255,66,59787,64,303097
6514,0.000751,74.125.24.0-255,1484,61271,64,303097
6515,0.000758,74.125.24.0-255,7156,68427,64,303097
6516,0.00076,172.31.40.0-255,66,68493,64,303097
6517,0.00077,172.31.40.0-255,66,68559,64,303097
6518,0.000799,74.125.24.0-255,7156,75715,64,303097
6519,0.000802,172.31.40.0-255,66,75781,64,303097
6520,0.000806,74.125.24.0-255,2902,78683,64,303097
6521,0.000808,172.31.40.0-255,66,78749,64,303097
6522,0.000811,74.125.24.0-255,437,79186,64,303097
6523,0.001102,74.125.24.0-255,1484,80670,64,303097
6524,0.001106,172.31.40.0-255,66,80736,64,303097
6525,0.001133,74.125.24.0-255,2902,83638,64,303097
6526,0.001135,172.31.40.0-255,66,83704,64,303097
6527,0.001163,74.125.24.0-255,4320,88024,64,303097
6528,0.001165,172.31.40.0-255,66,88090,64,303097
6529,0.001199,172.31.40.0-255,66,88156,64,303097
6530,0.001204,74.125.24.0-255,2902,91058,64,303097
6531,0.001205,172.31.40.0-255,66,91124,64,303097
6532,0.001233,172.31.40.0-255,66,91190,64,303097
6533,0.001263,74.125.24.0-255,4320,95510,64,303097
6534,0.001266,172.31.40.0-255,66,95576,64,303097
6535,0.001269,74.125.24.0-255,766,96342,64,303097
6536,0.001301,74.125.24.0-255,2902,99244,64,303097
6537,0.001304,172.31.40.0-255,66,99310,64,303097
6538,0.001308,74.125.24.0-255,4320,103630,64,303097
6539,0.00131,172.31.40.0-255,66,103696,64,303097
6540,0.001315,74.125.24.0-255,4320,108016,64,303097
6541,0.001317,172.31.40.0-255,66,108082,64,303097
6542,0.001346,74.125.24.0-255,4320,112402,64,303097
6543,0.001348,172.31.40.0-255,66,112468,64,303097
6544,0.001351,74.125.24.0-255,115,112583,64,303097
6545,0.001414,74.125.24.0-255,1484,114067,64,303097
6546,0.001417,172.31.40.0-255,66,114133,64,303097
6547,0.00142,74.125.24.0-255,1484,115617,64,303097
6548,0.001441,74.125.24.0-255,1484,117101,64,303097
6549,0.001443,172.31.40.0-255,66,117167,64,303097
6550,0.00145,74.125.24.0-255,5738,122905,64,303097
6551,0.001451,172.31.40.0-255,66,122971,64,303097
6552,0.001489,74.125.24.0-255,5738,128709,64,303097
6553,0.001491,172.31.40.0-255,66,128775,64,303097
6554,0.001518,74.125.24.0-255,2902,131677,64,303097
6555,0.001521,172.31.40.0-255,66,131743,64,303097
6556,0.001532,172.31.40.0-255,66,131809,64,303097
6557,0.001558,74.125.24.0-255,5020,136829,64,303097
6558,0.00156,172.31.40.0-255,66,136895,64,303097
6559,0.001587,74.125.24.0-255,1484,138379,64,303097
6560,0.001603,74.125.24.0-255,2902,141281,64,303097
6561,0.001605,172.31.40.0-255,66,141347,64,303097
6562,0.001631,74.125.24.0-255,4320,145667,64,303097
6563,0.001633,172.31.40.0-255,66,145733,64,303097
6564,0.001657,74.125.24.0-255,1484,147217,64,303097
6565,0.001662,74.125.24.0-255,4320,151537,64,303097
6566,0.001665,172.31.40.0-255,66,151603,64,303097
6567,0.001703,172.31.40.0-255,66,151669,64,303097
6568,0.001707,74.125.24.0-255,2902,154571,64,303097
6569,0.001709,172.31.40.0-255,66,154637,64,303097
6570,0.001713,74.125.24.0-255,4320,158957,64,303097
6571,0.001715,172.31.40.0-255,66,159023,64,303097
6572,0.001721,74.125.24.0-255,766,159789,64,303097
6573,0.001813,74.125.24.0-255,1484,161273,64,303097
6574,0.001817,172.31.40.0-255,66,161339,64,303097
6575,0.001844,74.125.24.0-255,2902,164241,64,303097
6576,0.001847,172.31.40.0-255,66,164307,64,303097
6577,0.001851,74.125.24.0-255,2902,167209,64,303097
6578,0.001853,172.31.40.0-255,66,167275,64,303097
6579,0.00188,74.125.24.0-255,1484,168759,64,303097
6580,0.001895,172.31.40.0-255,66,168825,64,303097
6581,0.001901,74.125.24.0-255,5738,174563,64,303097
6582,0.001902,172.31.40.0-255,66,174629,64,303097
6583,0.001922,74.125.24.0-255,4320,178949,64,303097
6584,0.001928,172.31.40.0-255,66,179015,64,303097
6585,0.001956,74.125.24.0-255,4320,183335,64,303097
6586,0.001958,172.31.40.0-255,66,183401,64,303097
6587,0.001981,74.125.24.0-255,2184,185585,64,303097
6588,0.001984,172.31.40.0-255,66,185651,64,303097
6589,0.002141,74.125.24.0-255,1484,187135,64,303097
6590,0.002183,74.125.24.0-255,2902,190037,64,303097
6591,0.002186,172.31.40.0-255,66,190103,64,303097
6592,0.002192,74.125.24.0-255,5738,195841,64,303097
6593,0.002193,172.31.40.0-255,66,195907,64,303097
6594,0.002196,74.125.24.0-255,1484,197391,64,303097
6595,0.002221,74.125.24.0-255,7156,204547,64,303097
6596,0.002224,172.31.40.0-255,66,204613,64,303097
6597,0.00223,74.125.24.0-255,7156,211769,64,303097
6598,0.002232,172.31.40.0-255,66,211835,64,303097
6599,0.002262,74.125.24.0-255,2902,214737,64,303097
6600,0.002265,172.31.40.0-255,66,214803,64,303097
6601,0.002268,74.125.24.0-255,1484,216287,64,303097
6602,0.002271,74.125.24.0-255,2902,219189,64,303097
6603,0.002273,172.31.40.0-255,66,219255,64,303097
6604,0.002301,74.125.24.0-255,766,220021,64,303097
6605,0.002766,74.125.24.0-255,1484,221505,64,303097
6606,0.00277,172.31.40.0-255,66,221571,64,303097
6607,0.005008,74.125.24.0-255,2902,224473,64,303097
6608,0.005015,172.31.40.0-255,66,224539,64,303097
6609,0.00552,74.125.24.0-255,2902,227441,64,303097
6610,0.005523,172.31.40.0-255,66,227507,64,303097
6611,0.007716,74.125.24.0-255,2902,230409,64,303097
6612,0.007722,172.31.40.0-255,66,230475,64,303097
6613,0.008268,74.125.24.0-255,2902,233377,64,303097
6614,0.008272,172.31.40.0-255,66,233443,64,303097
6615,0.010467,74.125.24.0-255,1484,234927,64,303097
6616,0.01048,74.125.24.0-255,1484,236411,64,303097
6617,0.010482,172.31.40.0-255,66,236477,64,303097
6618,0.010997,74.125.24.0-255,2902,239379,64,303097
6619,0.011003,172.31.40.0-255,66,239445,64,303097
6620,0.013226,74.125.24.0-255,2902,242347,64,303097
6621,0.013234,172.31.40.0-255,66,242413,64,303097
6622,0.013726,74.125.24.0-255,2902,245315,64,303097
6623,0.013733,172.31.40.0-255,66,245381,64,303097
6624,0.015966,74.125.24.0-255,2902,248283,64,303097
6625,0.015974,172.31.40.0-255,66,248349,64,303097
6626,0.016468,74.125.24.0-255,2902,251251,64,303097
6627,0.016475,172.31.40.0-255,66,251317,64,303097
6628,0.018687,74.125.24.0-255,2902,254219,64,303097
6629,0.018695,172.31.40.0-255,66,254285,64,303097
6630,0.019218,74.125.24.0-255,2902,257187,64,303097
6631,0.019226,172.31.40.0-255,66,257253,64,303097
6632,0.021444,74.125.24.0-255,2902,260155,64,303097
6633,0.021452,172.31.40.0-255,66,260221,64,303097
6634,0.021964,74.125.24.0-255,2902,263123,64,303097
6635,0.021971,172.31.40.0-255,66,263189,64,303097
6636,0.024203,74.125.24.0-255,2902,266091,64,303097
6637,0.024209,172.31.40.0-255,66,266157,64,303097
6638,0.024699,74.125.24.0-255,2902,269059,64,303097
6639,0.024706,172.31.40.0-255,66,269125,64,303097
6640,0.02695,74.125.24.0-255,2902,272027,64,303097
6641,0.026955,172.31.40.0-255,66,272093,64,303097
6642,0.027436,74.125.24.0-255,2902,274995,64,303097
6643,0.027441,172.31.40.0-255,66,275061,64,303097
6644,0.029771,74.125.24.0-255,2902,277963,64,303097
6645,0.029779,172.31.40.0-255,66,278029,64,303097
6646,0.030213,74.125.24.0-255,2902,280931,64,303097
6647,0.030219,172.31.40.0-255,66,280997,64,303097
6648,0.032523,74.125.24.0-255,2902,283899,64,303097
6649,0.03253,172.31.40.0-255,66,283965,64,303097
6650,0.032922,172.31.40.0-255,172,284137,64,303097
6651,0.032953,74.125.24.0-255,2902,287039,64,303097
6652,0.032957,172.31.40.0-255,66,287105,64,303097
6653,0.032964,172.31.40.0-255,1112,288217,64,303097
6654,0.03307,172.31.40.0-255,1514,289731,64,303097
6655,0.033072,172.31.40.0-255,1296,291027,64,303097
6656,0.034572,104.244.42.0-255,66,291093,64,303097
6657,0.034609,104.244.42.0-255,66,291159,64,303097
6658,0.034777,104.244.42.0-255,66,291225,64,303097
6659,0.03526,74.125.24.0-255,2902,294127,64,303097
6660,0.035266,172.31.40.0-255,66,294193,64,303097
6661,0.035672,74.125.24.0-255,2902,297095,64,303097
6662,0.035676,172.31.40.0-255,66,297161,64,303097
6663,0.038033,74.125.24.0-255,2902,300063,64,303097
6664,0.03804,172.31.40.0-255,66,300129,64,303097
6665,0.038392,74.125.24.0-255,2902,303031,64,303097
6666,0.038397,172.31.40.0-255,66,303097,64,303097
6667,0.0,74.125.24.0-255,152,152,64,226878
6668,1.3e-05,172.31.40.0-255,66,218,64,226878
6669,2.1e-05,74.125.24.0-255,1484,1702,64,226878
6670,2.5e-05,172.31.40.0-255,66,1768,64,226878
6671,3.1e-05,74.125.24.0-255,2902,4670,64,226878
6672,3.5e-05,172.31.40.0-255,66,4736,64,226878
6673,4.2e-05,74.125.24.0-255,5738,10474,64,226878
6674,4.6e-05,172.31.40.0-255,66,10540,64,226878
6675,6.1e-05,74.125.24.0-255,1484,12024,64,226878
6676,6.3e-05,172.31.40.0-255,66,12090,64,226878
6677,8e-05,74.125.24.0-255,5738,17828,64,226878
6678,8.3e-05,172.31.40.0-255,66,17894,64,226878
6679,0.00011,74.125.24.0-255,6355,24249,64,226878
6680,0.000113,172.31.40.0-255,66,24315,64,226878
6681,0.000121,74.125.24.0-255,6797,31112,64,226878
6682,0.000123,172.31.40.0-255,66,31178,64,226878
6683,0.000403,74.125.24.0-255,1484,32662,64,226878
6684,0.000408,172.31.40.0-255,66,32728,64,226878
6685,0.000414,74.125.24.0-255,2902,35630,64,226878
6686,0.000417,172.31.40.0-255,66,35696,64,226878
6687,0.000433,74.125.24.0-255,4320,40016,64,226878
6688,0.000436,172.31.40.0-255,66,40082,64,226878
6689,0.000452,74.125.24.0-255,1484,41566,64,226878
6690,0.000454,172.31.40.0-255,66,41632,64,226878
6691,0.00047,172.31.40.0-255,66,41698,64,226878
6692,0.000482,172.31.40.0-255,66,41764,64,226878
6693,0.000592,74.125.24.0-255,381,42145,64,226878
6694,0.000596,172.31.40.0-255,66,42211,64,226878
6695,0.000624,74.125.24.0-255,1484,43695,64,226878
6696,0.000627,172.31.40.0-255,66,43761,64,226878
6697,0.000663,74.125.24.0-255,2902,46663,64,226878
6698,0.000666,172.31.40.0-255,66,46729,64,226878
6699,0.000688,74.125.24.0-255,1484,48213,64,226878
6700,0.000695,74.125.24.0-255,5738,53951,64,226878
6701,0.000698,172.31.40.0-255,66,54017,64,226878
6702,0.000703,74.125.24.0-255,2902,56919,64,226878
6703,0.000705,172.31.40.0-255,66,56985,64,226878
6704,0.000722,74.125.24.0-255,2543,59528,64,226878
6705,0.000725,172.31.40.0-255,66,59594,64,226878
6706,0.00077,74.125.24.0-255,2902,62496,64,226878
6707,0.000776,172.31.40.0-255,66,62562,64,226878
6708,0.000796,74.125.24.0-255,2902,65464,64,226878
6709,0.000799,172.31.40.0-255,66,65530,64,226878
6710,0.000806,74.125.24.0-255,7156,72686,64,226878
6711,0.000809,172.31.40.0-255,66,72752,64,226878
6712,0.000813,74.125.24.0-255,3961,76713,64,226878
6713,0.000816,172.31.40.0-255,66,76779,64,226878
6714,0.000923,74.125.24.0-255,1484,78263,64,226878
6715,0.00094,74.125.24.0-255,2902,81165,64,226878
6716,0.000943,74.125.24.0-255,1484,82649,64,226878
6717,0.000947,172.31.40.0-255,66,82715,64,226878
6718,0.000962,74.125.24.0-255,4320,87035,64,226878
6719,0.000965,172.31.40.0-255,66,87101,64,226878
6720,0.000971,74.125.24.0-255,5738,92839,64,226878
6721,0.000973,172.31.40.0-255,66,92905,64,226878
6722,0.001004,172.31.40.0-255,66,92971,64,226878
6723,0.001018,74.125.24.0-255,5020,97991,64,226878
6724,0.00102,172.31.40.0-255,66,98057,64,226878
6725,0.001161,74.125.24.0-255,1484,99541,64,226878
6726,0.001181,74.125.24.0-255,2902,102443,64,226878
6727,0.001185,172.31.40.0-255,66,102509,64,226878
6728,0.001189,74.125.24.0-255,1484,103993,64,226878
6729,0.001208,74.125.24.0-255,4320,108313,64,226878
6730,0.001211,172.31.40.0-255,66,108379,64,226878
6731,0.001244,74.125.24.0-255,2902,111281,64,226878
6732,0.001248,172.31.40.0-255,66,111347,64,226878
6733,0.001277,172.31.40.0-255,66,111413,64,226878
6734,0.001291,172.31.40.0-255,66,111479,64,226878
6735,0.001294,74.125.24.0-255,1484,112963,64,226878
6736,0.001318,74.125.24.0-255,5738,118701,64,226878
6737,0.001331,172.31.40.0-255,66,118767,64,226878
6738,0.001376,74.125.24.0-255,3602,122369,64,226878
6739,0.001395,172.31.40.0-255,66,122435,64,226878
6740,0.001462,74.125.24.0-255,1484,123919,64,226878
6741,0.001476,74.125.24.0-255,2902,126821,64,226878
6742,0.001479,172.31.40.0-255,66,126887,64,226878
6743,0.001494,74.125.24.0-255,4320,131207,64,226878
6744,0.001505,74.125.24.0-255,1484,132691,64,226878
6745,0.00151,172.31.40.0-255,66,132757,64,226878
6746,0.001544,74.125.24.0-255,1484,134241,64,226878
6747,0.001549,172.31.40.0-255,66,134307,64,226878
6748,0.001581,172.31.40.0-255,66,134373,64,226878
6749,0.001638,74.125.24.0-255,1484,135857,64,226878
6750,0.001651,74.125.24.0-255,2902,138759,64,226878
6751,0.001666,74.125.24.0-255,2902,141661,64,226878
6752,0.001682,74.125.24.0-255,2902,144563,64,226878
6753,0.001714,74.125.24.0-255,2902,147465,64,226878
6754,0.001744,74.125.24.0-255,5738,153203,64,226878
6755,0.001752,172.31.40.0-255,66,153269,64,226878
6756,0.001787,74.125.24.0-255,7156,160425,64,226878
6757,0.001795,172.31.40.0-255,66,160491,64,226878
6758,0.001835,74.125.24.0-255,5020,165511,64,226878
6759,0.001846,172.31.40.0-255,66,165577,64,226878
6760,0.002066,74.125.24.0-255,1484,167061,64,226878
6761,0.002073,74.125.24.0-255,2902,169963,64,226878
6762,0.002088,74.125.24.0-255,2902,172865,64,226878
6763,0.002112,74.125.24.0-255,2902,175767,64,226878
6764,0.00212,74.125.24.0-255,7156,182923,64,226878
6765,0.002147,74.125.24.0-255,5738,188661,64,226878
6766,0.002152,74.125.24.0-255,2184,190845,64,226878
6767,0.002186,74.125.24.0-255,2902,193747,64,226878
6768,0.00219,74.125.24.0-255,2902,196649,64,226878
6769,0.00222,74.125.24.0-255,4320,200969,64,226878
6770,0.002297,74.125.24.0-255,2902,203871,64,226878
6771,0.002351,74.125.24.0-255,1484,205355,64,226878
6772,0.00236,74.125.24.0-255,6438,211793,64,226878
6773,0.002365,74.125.24.0-255,4320,216113,64,226878
6774,0.002385,74.125.24.0-255,2342,218455,64,226878
6775,0.002389,74.125.24.0-255,105,218560,64,226878
6776,0.005414,172.31.40.0-255,66,218626,64,226878
6777,0.01132,172.31.40.0-255,105,218731,64,226878
6778,0.01388,74.125.24.0-255,66,218797,64,226878
6779,0.032507,172.31.40.0-255,172,218969,64,226878
6780,0.032541,172.31.40.0-255,1110,220079,64,226878
6781,0.032596,172.31.40.0-255,1514,221593,64,226878
6782,0.032598,172.31.40.0-255,1514,223107,64,226878
6783,0.032603,172.31.40.0-255,1514,224621,64,226878
6784,0.032604,172.31.40.0-255,1514,226135,64,226878
6785,0.032627,172.31.40.0-255,479,226614,64,226878
6786,0.034035,104.244.42.0-255,66,226680,64,226878
6787,0.034129,104.244.42.0-255,66,226746,64,226878
6788,0.034174,104.244.42.0-255,66,226812,64,226878
6789,0.034185,104.244.42.0-255,66,226878,64,226878
6790,0.0,74.125.200.0-255,153,153,64,184541
6791,1.8e-05,172.31.40.0-255,66,219,64,184541
6792,2.5e-05,74.125.200.0-255,1484,1703,64,184541
6793,2.9e-05,172.31.40.0-255,66,1769,64,184541
6794,3.6e-05,74.125.200.0-255,2902,4671,64,184541
6795,4e-05,172.31.40.0-255,66,4737,64,184541
6796,6.9e-05,74.125.200.0-255,2902,7639,64,184541
6797,7.2e-05,172.31.40.0-255,66,7705,64,184541
6798,9.1e-05,74.125.200.0-255,1484,9189,64,184541
6799,9.3e-05,172.31.40.0-255,66,9255,64,184541
6800,0.000147,74.125.200.0-255,4911,14166,64,184541
6801,0.000151,172.31.40.0-255,66,14232,64,184541
6802,0.00023,74.125.200.0-255,1484,15716,64,184541
6803,0.000234,172.31.40.0-255,66,15782,64,184541
6804,0.000248,74.125.200.0-255,2902,18684,64,184541
6805,0.000251,172.31.40.0-255,66,18750,64,184541
6806,0.0003,74.125.200.0-255,2902,21652,64,184541
6807,0.000303,172.31.40.0-255,66,21718,64,184541
6808,0.000352,74.125.200.0-255,2902,24620,64,184541
6809,0.000355,172.31.40.0-255,66,24686,64,184541
6810,0.000379,74.125.200.0-255,4320,29006,64,184541
6811,0.000382,172.31.40.0-255,66,29072,64,184541
6812,0.000484,74.125.200.0-255,2543,31615,64,184541
6813,0.000488,172.31.40.0-255,66,31681,64,184541
6814,0.000508,74.125.200.0-255,1484,33165,64,184541
6815,0.00051,172.31.40.0-255,66,33231,64,184541
6816,0.000539,172.31.40.0-255,66,33297,64,184541
6817,0.000556,74.125.200.0-255,2902,36199,64,184541
6818,0.000559,172.31.40.0-255,66,36265,64,184541
6819,0.000768,74.125.200.0-255,1125,37390,64,184541
6820,0.000772,172.31.40.0-255,66,37456,64,184541
6821,0.000825,74.125.200.0-255,1484,38940,64,184541
6822,0.00084,74.125.200.0-255,2902,41842,64,184541
6823,0.000866,172.31.40.0-255,66,41908,64,184541
6824,0.000887,74.125.200.0-255,1484,43392,64,184541
6825,0.000902,74.125.200.0-255,2902,46294,64,184541
6826,0.000905,172.31.40.0-255,66,46360,64,184541
6827,0.000949,74.125.200.0-255,1484,47844,64,184541
6828,0.000983,74.125.200.0-255,5738,53582,64,184541
6829,0.001001,172.31.40.0-255,66,53648,64,184541
6830,0.00109,74.125.200.0-255,2543,56191,64,184541
6831,0.001094,172.31.40.0-255,66,56257,64,184541
6832,0.001129,74.125.200.0-255,7156,63413,64,184541
6833,0.001152,74.125.200.0-255,5738,69151,64,184541
6834,0.001154,172.31.40.0-255,66,69217,64,184541
6835,0.001159,172.31.40.0-255,66,69283,64,184541
6836,0.001338,74.125.200.0-255,3122,72405,64,184541
6837,0.001342,172.31.40.0-255,66,72471,64,184541
6838,0.001386,74.125.200.0-255,2902,75373,64,184541
6839,0.001429,172.31.40.0-255,66,75439,64,184541
6840,0.001432,74.125.200.0-255,1484,76923,64,184541
6841,0.001718,172.31.40.0-255,66,76989,64,184541
6842,0.002066,172.31.40.0-255,66,77055,64,184541
6843,0.00212,74.125.200.0-255,4320,81375,64,184541
6844,0.00216,172.31.40.0-255,66,81441,64,184541
6845,0.002513,74.125.200.0-255,7156,88597,64,184541
6846,0.002518,172.31.40.0-255,66,88663,64,184541
6847,0.002645,74.125.200.0-255,7156,95819,64,184541
6848,0.002649,172.31.40.0-255,66,95885,64,184541
6849,0.002701,172.31.40.0-255,66,95951,64,184541
6850,0.002743,172.31.40.0-255,66,96017,64,184541
6851,0.003366,74.125.200.0-255,4320,100337,64,184541
6852,0.003372,172.31.40.0-255,66,100403,64,184541
6853,0.003423,74.125.200.0-255,7156,107559,64,184541
6854,0.003441,74.125.200.0-255,2184,109743,64,184541
6855,0.006884,172.31.40.0-255,66,109809,64,184541
6856,0.00961,74.125.200.0-255,5738,115547,64,184541
6857,0.009616,172.31.40.0-255,66,115613,64,184541
6858,0.012346,74.125.200.0-255,5738,121351,64,184541
6859,0.012355,172.31.40.0-255,66,121417,64,184541
6860,0.015081,74.125.200.0-255,5738,127155,64,184541
6861,0.01509,172.31.40.0-255,66,127221,64,184541
6862,0.017828,74.125.200.0-255,5738,132959,64,184541
6863,0.017836,172.31.40.0-255,66,133025,64,184541
6864,0.020582,74.125.200.0-255,5738,138763,64,184541
6865,0.020591,172.31.40.0-255,66,138829,64,184541
6866,0.023333,74.125.200.0-255,5738,144567,64,184541
6867,0.023339,172.31.40.0-255,66,144633,64,184541
6868,0.025985,172.31.40.0-255,172,144805,64,184541
6869,0.026012,172.31.40.0-255,1112,145917,64,184541
6870,0.026058,74.125.200.0-255,2902,148819,64,184541
6871,0.026064,172.31.40.0-255,66,148885,64,184541
6872,0.026084,74.125.200.0-255,2902,151787,64,184541
6873,0.026101,172.31.40.0-255,1514,153301,64,184541
6874,0.026102,172.31.40.0-255,1296,154597,64,184541
6875,0.026148,172.31.40.0-255,66,154663,64,184541
6876,0.027637,104.244.42.0-255,66,154729,64,184541
6877,0.027672,104.244.42.0-255,66,154795,64,184541
6878,0.027826,104.244.42.0-255,66,154861,64,184541
6879,0.028796,74.125.200.0-255,2902,157763,64,184541
6880,0.028804,172.31.40.0-255,66,157829,64,184541
6881,0.028879,74.125.200.0-255,2902,160731,64,184541
6882,0.028901,172.31.40.0-255,66,160797,64,184541
6883,0.031541,74.125.200.0-255,2902,163699,64,184541
6884,0.031546,172.31.40.0-255,66,163765,64,184541
6885,0.031642,74.125.200.0-255,2902,166667,64,184541
6886,0.031645,172.31.40.0-255,66,166733,64,184541
6887,0.034264,74.125.200.0-255,2902,169635,64,184541
6888,0.034269,172.31.40.0-255,66,169701,64,184541
6889,0.034355,74.125.200.0-255,2902,172603,64,184541
6890,0.034359,172.31.40.0-255,66,172669,64,184541
6891,0.036989,74.125.200.0-255,2902,175571,64,184541
6892,0.036995,172.31.40.0-255,66,175637,64,184541
6893,0.037072,74.125.200.0-255,2902,178539,64,184541
6894,0.037093,172.31.40.0-255,66,178605,64,184541
6895,0.039832,74.125.200.0-255,2902,181507,64,184541
6896,0.039838,172.31.40.0-255,66,181573,64,184541
6897,0.039961,74.125.200.0-255,2902,184475,64,184541
6898,0.039965,172.31.40.0-255,66,184541,64,184541
6899,0.0,74.125.68.0-255,152,152,64,196811
6900,1.5e-05,172.31.40.0-255,66,218,64,196811
6901,2.2e-05,74.125.68.0-255,1484,1702,64,196811
6902,2.6e-05,172.31.40.0-255,66,1768,64,196811
6903,3.2e-05,74.125.68.0-255,2902,4670,64,196811
6904,3.5e-05,172.31.40.0-255,66,4736,64,196811
6905,6e-05,74.125.68.0-255,4320,9056,64,196811
6906,6.3e-05,172.31.40.0-255,66,9122,64,196811
6907,8.4e-05,74.125.68.0-255,2902,12024,64,196811
6908,8.7e-05,172.31.40.0-255,66,12090,64,196811
6909,0.000111,172.31.40.0-255,66,12156,64,196811
6910,0.000126,74.125.68.0-255,1484,13640,64,196811
6911,0.000128,172.31.40.0-255,66,13706,64,196811
6912,0.00014,74.125.68.0-255,1484,15190,64,196811
6913,0.000142,172.31.40.0-255,66,15256,64,196811
6914,0.000166,74.125.68.0-255,5738,20994,64,196811
6915,0.000169,172.31.40.0-255,66,21060,64,196811
6916,0.000187,74.125.68.0-255,2543,23603,64,196811
6917,0.00019,172.31.40.0-255,66,23669,64,196811
6918,0.000789,74.125.68.0-255,1484,25153,64,196811
6919,0.000795,172.31.40.0-255,66,25219,64,196811
6920,0.000805,74.125.68.0-255,2902,28121,64,196811
6921,0.000808,172.31.40.0-255,66,28187,64,196811
6922,0.000839,74.125.68.0-255,5738,33925,64,196811
6923,0.000842,172.31.40.0-255,66,33991,64,196811
6924,0.000847,74.125.68.0-255,4320,38311,64,196811
6925,0.000849,172.31.40.0-255,66,38377,64,196811
6926,0.000869,74.125.68.0-255,5738,44115,64,196811
6927,0.000871,172.31.40.0-255,66,44181,64,196811
6928,0.000899,74.125.68.0-255,5738,49919,64,196811
6929,0.000901,172.31.40.0-255,66,49985,64,196811
6930,0.000911,172.31.40.0-255,66,50051,64,196811
6931,0.00122,74.125.68.0-255,394,50445,64,196811
6932,0.001242,172.31.40.0-255,66,50511,64,196811
6933,0.001277,74.125.68.0-255,1484,51995,64,196811
6934,0.001292,74.125.68.0-255,2902,54897,64,196811
6935,0.001294,172.31.40.0-255,66,54963,64,196811
6936,0.001312,74.125.68.0-255,1484,56447,64,196811
6937,0.001331,74.125.68.0-255,4320,60767,64,196811
6938,0.001334,172.31.40.0-255,66,60833,64,196811
6939,0.001337,74.125.68.0-255,1484,62317,64,196811
6940,0.001356,74.125.68.0-255,2902,65219,64,196811
6941,0.001358,172.31.40.0-255,66,65285,64,196811
6942,0.001363,74.125.68.0-255,4320,69605,64,196811
6943,0.001365,172.31.40.0-255,66,69671,64,196811
6944,0.001381,74.125.68.0-255,1484,71155,64,196811
6945,0.001386,74.125.68.0-255,4320,75475,64,196811
6946,0.001388,172.31.40.0-255,66,75541,64,196811
6947,0.001391,74.125.68.0-255,1484,77025,64,196811
6948,0.001411,74.125.68.0-255,4320,81345,64,196811
6949,0.001414,172.31.40.0-255,66,81411,64,196811
6950,0.001439,74.125.68.0-255,3602,85013,64,196811
6951,0.001442,172.31.40.0-255,66,85079,64,196811
6952,0.003532,74.125.68.0-255,1484,86563,64,196811
6953,0.003557,74.125.68.0-255,4320,90883,64,196811
6954,0.003562,172.31.40.0-255,66,90949,64,196811
6955,0.005691,74.125.68.0-255,5738,96687,64,196811
6956,0.005697,172.31.40.0-255,66,96753,64,196811
6957,0.007813,74.125.68.0-255,5738,102491,64,196811
6958,0.00782,172.31.40.0-255,66,102557,64,196811
6959,0.009971,74.125.68.0-255,5738,108295,64,196811
6960,0.009979,172.31.40.0-255,66,108361,64,196811
6961,0.012097,74.125.68.0-255,5738,114099,64,196811
6962,0.012104,172.31.40.0-255,66,114165,64,196811
6963,0.014212,74.125.68.0-255,5738,119903,64,196811
6964,0.014219,172.31.40.0-255,66,119969,64,196811
6965,0.016384,74.125.68.0-255,5738,125707,64,196811
6966,0.016398,172.31.40.0-255,66,125773,64,196811
6967,0.018518,74.125.68.0-255,5738,131511,64,196811
6968,0.018528,172.31.40.0-255,66,131577,64,196811
6969,0.02065,74.125.68.0-255,5738,137315,64,196811
6970,0.020658,172.31.40.0-255,66,137381,64,196811
6971,0.022784,74.125.68.0-255,5738,143119,64,196811
6972,0.022792,172.31.40.0-255,66,143185,64,196811
6973,0.024912,74.125.68.0-255,5738,148923,64,196811
6974,0.02492,172.31.40.0-255,66,148989,64,196811
6975,0.026178,172.31.40.0-255,199,149188,64,196811
6976,0.026279,172.31.40.0-255,1110,150298,64,196811
6977,0.026333,172.31.40.0-255,1514,151812,64,196811
6978,0.026334,172.31.40.0-255,1514,153326,64,196811
6979,0.026338,172.31.40.0-255,1514,154840,64,196811
6980,0.026339,172.31.40.0-255,1079,155919,64,196811
6981,0.027038,74.125.68.0-255,5738,161657,64,196811
6982,0.027044,172.31.40.0-255,66,161723,64,196811
6983,0.027843,104.244.42.0-255,66,161789,64,196811
6984,0.027959,104.244.42.0-255,66,161855,64,196811
6985,0.02801,104.244.42.0-255,66,161921,64,196811
6986,0.028015,104.244.42.0-255,66,161987,64,196811
6987,0.029169,74.125.68.0-255,5738,167725,64,196811
6988,0.029176,172.31.40.0-255,66,167791,64,196811
6989,0.031309,74.125.68.0-255,5738,173529,64,196811
6990,0.031314,172.31.40.0-255,66,173595,64,196811
6991,0.033438,74.125.68.0-255,5738,179333,64,196811
6992,0.033443,172.31.40.0-255,66,179399,64,196811
6993,0.035567,74.125.68.0-255,5738,185137,64,196811
6994,0.035574,172.31.40.0-255,66,185203,64,196811
6995,0.037699,74.125.68.0-255,5738,190941,64,196811
6996,0.037706,172.31.40.0-255,66,191007,64,196811
6997,0.039841,74.125.68.0-255,5738,196745,64,196811
6998,0.039848,172.31.40.0-255,66,196811,64,196811
6999,0.0,74.125.24.0-255,152,152,64,261234
7000,1.6e-05,172.31.40.0-255,66,218,64,261234
7001,2.3e-05,74.125.24.0-255,1484,1702,64,261234
7002,2.8e-05,172.31.40.0-255,66,1768,64,261234
7003,3.4e-05,74.125.24.0-255,2902,4670,64,261234
7004,3.7e-05,172.31.40.0-255,66,4736,64,261234
7005,4.3e-05,74.125.24.0-255,4320,9056,64,261234
7006,4.7e-05,172.31.40.0-255,66,9122,64,261234
7007,8e-05,74.125.24.0-255,2902,12024,64,261234
7008,8.4e-05,172.31.40.0-255,66,12090,64,261234
7009,0.000112,74.125.24.0-255,2055,14145,64,261234
7010,0.000115,172.31.40.0-255,66,14211,64,261234
7011,0.000261,74.125.24.0-255,1484,15695,64,261234
7012,0.000265,172.31.40.0-255,66,15761,64,261234
7013,0.000272,74.125.24.0-255,2902,18663,64,261234
7014,0.000274,172.31.40.0-255,66,18729,64,261234
7015,0.000279,74.125.24.0-255,4320,23049,64,261234
7016,0.000287,172.31.40.0-255,66,23115,64,261234
7017,0.000322,74.125.24.0-255,1484,24599,64,261234
7018,0.000324,172.31.40.0-255,66,24665,64,261234
7019,0.000332,74.125.24.0-255,6797,31462,64,261234
7020,0.000335,172.31.40.0-255,66,31528,64,261234
7021,0.000378,172.31.40.0-255,66,31594,64,261234
7022,0.000428,74.125.24.0-255,2543,34137,64,261234
7023,0.000431,172.31.40.0-255,66,34203,64,261234
7024,0.000519,74.125.24.0-255,1484,35687,64,261234
7025,0.000523,172.31.40.0-255,66,35753,64,261234
7026,0.000528,74.125.24.0-255,2902,38655,64,261234
7027,0.000531,172.31.40.0-255,66,38721,64,261234
7028,0.000554,74.125.24.0-255,5738,44459,64,261234
7029,0.000557,172.31.40.0-255,66,44525,64,261234
7030,0.000561,74.125.24.0-255,2902,47427,64,261234
7031,0.000564,172.31.40.0-255,66,47493,64,261234
7032,0.000604,74.125.24.0-255,4288,51781,64,261234
7033,0.000607,172.31.40.0-255,66,51847,64,261234
7034,0.000788,74.125.24.0-255,1484,53331,64,261234
7035,0.000805,74.125.24.0-255,2902,56233,64,261234
7036,0.000808,172.31.40.0-255,66,56299,64,261234
7037,0.000816,74.125.24.0-255,5738,62037,64,261234
7038,0.000819,172.31.40.0-255,66,62103,64,261234
7039,0.00084,74.125.24.0-255,4320,66423,64,261234
7040,0.000843,172.31.40.0-255,66,66489,64,261234
7041,0.000887,172.31.40.0-255,66,66555,64,261234
7042,0.000894,74.125.24.0-255,5738,72293,64,261234
7043,0.000897,172.31.40.0-255,66,72359,64,261234
7044,0.000923,74.125.24.0-255,5020,77379,64,261234
7045,0.000925,172.31.40.0-255,66,77445,64,261234
7046,0.000955,74.125.24.0-255,5738,83183,64,261234
7047,0.000958,172.31.40.0-255,66,83249,64,261234
7048,0.000964,74.125.24.0-255,5738,88987,64,261234
7049,0.000967,172.31.40.0-255,66,89053,64,261234
7050,0.000989,74.125.24.0-255,7156,96209,64,261234
7051,0.001007,172.31.40.0-255,66,96275,64,261234
7052,0.001014,74.125.24.0-255,5738,102013,64,261234
7053,0.001017,172.31.40.0-255,66,102079,64,261234
7054,0.001034,172.31.40.0-255,66,102145,64,261234
7055,0.00106,74.125.24.0-255,3602,105747,64,261234
7056,0.001062,172.31.40.0-255,66,105813,64,261234
7057,0.001081,172.31.40.0-255,66,105879,64,261234
7058,0.001096,172.31.40.0-255,66,105945,64,261234
7059,0.001123,74.125.24.0-255,2184,108129,64,261234
7060,0.001129,172.31.40.0-255,66,108195,64,261234
7061,0.001133,74.125.24.0-255,1484,109679,64,261234
7062,0.001182,172.31.40.0-255,66,109745,64,261234
7063,0.001268,74.125.24.0-255,1484,111229,64,261234
7064,0.001274,74.125.24.0-255,2902,114131,64,261234
7065,0.001278,172.31.40.0-255,66,114197,64,261234
7066,0.001281,74.125.24.0-255,1484,115681,64,261234
7067,0.001307,74.125.24.0-255,4320,120001,64,261234
7068,0.00131,172.31.40.0-255,66,120067,64,261234
7069,0.001316,74.125.24.0-255,5738,125805,64,261234
7070,0.001319,172.31.40.0-255,66,125871,64,261234
7071,0.001355,74.125.24.0-255,5738,131609,64,261234
7072,0.001375,172.31.40.0-255,66,131675,64,261234
7073,0.00138,172.31.40.0-255,66,131741,64,261234
7074,0.00164,74.125.24.0-255,1484,133225,64,261234
7075,0.001646,74.125.24.0-255,2902,136127,64,261234
7076,0.00165,172.31.40.0-255,66,136193,64,261234
7077,0.001657,74.125.24.0-255,5738,141931,64,261234
7078,0.001659,172.31.40.0-255,66,141997,64,261234
7079,0.001735,74.125.24.0-255,7156,149153,64,261234
7080,0.001738,172.31.40.0-255,66,149219,64,261234
7081,0.001757,172.31.40.0-255,66,149285,64,261234
7082,0.001761,74.125.24.0-255,2184,151469,64,261234
7083,0.001763,172.31.40.0-255,66,151535,64,261234
7084,0.001773,74.125.24.0-255,2902,154437,64,261234
7085,0.001775,172.31.40.0-255,66,154503,64,261234
7086,0.001782,74.125.24.0-255,7156,161659,64,261234
7087,0.001784,172.31.40.0-255,66,161725,64,261234
7088,0.001787,74.125.24.0-255,1484,163209,64,261234
7089,0.001791,74.125.24.0-255,2902,166111,64,261234
7090,0.001793,172.31.40.0-255,66,166177,64,261234
7091,0.001838,172.31.40.0-255,66,166243,64,261234
7092,0.001849,172.31.40.0-255,66,166309,64,261234
7093,0.001872,74.125.24.0-255,4320,170629,64,261234
7094,0.001874,172.31.40.0-255,66,170695,64,261234
7095,0.001899,74.125.24.0-255,2902,173597,64,261234
7096,0.001905,172.31.40.0-255,66,173663,64,261234
7097,0.001916,172.31.40.0-255,66,173729,64,261234
7098,0.001965,172.31.40.0-255,66,173795,64,261234
7099,0.001969,74.125.24.0-255,766,174561,64,261234
7100,0.002197,74.125.24.0-255,1484,176045,64,261234
7101,0.002201,172.31.40.0-255,66,176111,64,261234
7102,0.002206,74.125.24.0-255,2902,179013,64,261234
7103,0.002208,172.31.40.0-255,66,179079,64,261234
7104,0.002211,74.125.24.0-255,1484,180563,64,261234
7105,0.002234,74.125.24.0-255,4320,184883,64,261234
7106,0.002236,172.31.40.0-255,66,184949,64,261234
7107,0.002254,172.31.40.0-255,66,185015,64,261234
7108,0.002297,74.125.24.0-255,7156,192171,64,261234
7109,0.0023,172.31.40.0-255,66,192237,64,261234
7110,0.002327,74.125.24.0-255,3602,195839,64,261234
7111,0.002329,172.31.40.0-255,66,195905,64,261234
7112,0.002394,74.125.24.0-255,1484,197389,64,261234
7113,0.002399,74.125.24.0-255,2902,200291,64,261234
7114,0.002401,172.31.40.0-255,66,200357,64,261234
7115,0.002434,74.125.24.0-255,5738,206095,64,261234
7116,0.002437,172.31.40.0-255,66,206161,64,261234
7117,0.002444,74.125.24.0-255,5738,211899,64,261234
7118,0.002446,172.31.40.0-255,66,211965,64,261234
7119,0.002478,74.125.24.0-255,7156,219121,64,261234
7120,0.002481,172.31.40.0-255,66,219187,64,261234
7121,0.002483,74.125.24.0-255,1484,220671,64,261234
7122,0.002486,74.125.24.0-255,1484,222155,64,261234
7123,0.002488,172.31.40.0-255,66,222221,64,261234
7124,0.002507,74.125.24.0-255,4320,226541,64,261234
7125,0.002514,172.31.40.0-255,66,226607,64,261234
7126,0.002543,74.125.24.0-255,3602,230209,64,261234
7127,0.002547,172.31.40.0-255,66,230275,64,261234
7128,0.002576,74.125.24.0-255,4320,234595,64,261234
7129,0.002579,172.31.40.0-255,66,234661,64,261234
7130,0.002608,74.125.24.0-255,7156,241817,64,261234
7131,0.002611,172.31.40.0-255,66,241883,64,261234
7132,0.002624,74.125.24.0-255,2902,244785,64,261234
7133,0.002627,172.31.40.0-255,66,244851,64,261234
7134,0.002639,74.125.24.0-255,7156,252007,64,261234
7135,0.002641,172.31.40.0-255,66,252073,64,261234
7136,0.002671,74.125.24.0-255,4286,256359,64,261234
7137,0.002675,172.31.40.0-255,66,256425,64,261234
7138,0.002678,74.125.24.0-255,105,256530,64,261234
7139,0.004838,172.31.40.0-255,66,256596,64,261234
7140,0.004875,172.31.40.0-255,105,256701,64,261234
7141,0.007225,74.125.24.0-255,66,256767,64,261234
7142,0.032069,172.31.40.0-255,171,256938,64,261234
7143,0.032118,172.31.40.0-255,1112,258050,64,261234
7144,0.032187,172.31.40.0-255,1514,259564,64,261234
7145,0.032189,172.31.40.0-255,1298,260862,64,261234
7146,0.033749,104.244.42.0-255,66,260928,64,261234
7147,0.033806,104.244.42.0-255,66,260994,64,261234
7148,0.033857,104.244.42.0-255,66,261060,64,261234
7149,0.034529,104.244.42.0-255,108,261168,64,261234
7150,0.034534,172.31.40.0-255,66,261234,64,261234
7151,0.0,74.125.24.0-255,149,149,64,208623
7152,1.7e-05,172.31.40.0-255,66,215,64,208623
7153,2.4e-05,74.125.24.0-255,1484,1699,64,208623
7154,2.9e-05,172.31.40.0-255,66,1765,64,208623
7155,3.4e-05,74.125.24.0-255,2902,4667,64,208623
7156,3.7e-05,172.31.40.0-255,66,4733,64,208623
7157,4.4e-05,74.125.24.0-255,7156,11889,64,208623
7158,4.7e-05,172.31.40.0-255,66,11955,64,208623
7159,5.1e-05,74.125.24.0-255,2038,13993,64,208623
7160,5.5e-05,172.31.40.0-255,66,14059,64,208623
7161,0.000303,74.125.24.0-255,1484,15543,64,208623
7162,0.000308,172.31.40.0-255,66,15609,64,208623
7163,0.000339,74.125.24.0-255,2902,18511,64,208623
7164,0.000342,172.31.40.0-255,66,18577,64,208623
7165,0.000348,74.125.24.0-255,5738,24315,64,208623
7166,0.000349,172.31.40.0-255,66,24381,64,208623
7167,0.000378,74.125.24.0-255,6797,31178,64,208623
7168,0.00038,172.31.40.0-255,66,31244,64,208623
7169,0.00043,74.125.24.0-255,1484,32728,64,208623
7170,0.000434,172.31.40.0-255,66,32794,64,208623
7171,0.000451,74.125.24.0-255,2902,35696,64,208623
7172,0.000453,172.31.40.0-255,66,35762,64,208623
7173,0.000459,74.125.24.0-255,5738,41500,64,208623
7174,0.000461,172.31.40.0-255,66,41566,64,208623
7175,0.000465,74.125.24.0-255,4320,45886,64,208623
7176,0.000467,172.31.40.0-255,66,45952,64,208623
7177,0.000487,74.125.24.0-255,2543,48495,64,208623
7178,0.000489,172.31.40.0-255,66,48561,64,208623
7179,0.000503,172.31.40.0-255,66,48627,64,208623
7180,0.000522,74.125.24.0-255,2854,51481,64,208623
7181,0.000525,172.31.40.0-255,66,51547,64,208623
7182,0.001256,74.125.24.0-255,113,51660,64,208623
7183,0.001294,74.125.24.0-255,1484,53144,64,208623
7184,0.001298,172.31.40.0-255,66,53210,64,208623
7185,0.001304,74.125.24.0-255,2902,56112,64,208623
7186,0.001306,172.31.40.0-255,66,56178,64,208623
7187,0.001312,74.125.24.0-255,5738,61916,64,208623
7188,0.001313,172.31.40.0-255,66,61982,64,208623
7189,0.001336,74.125.24.0-255,1484,63466,64,208623
7190,0.001342,74.125.24.0-255,5738,69204,64,208623
7191,0.001344,172.31.40.0-255,66,69270,64,208623
7192,0.001369,74.125.24.0-255,7156,76426,64,208623
7193,0.001371,172.31.40.0-255,66,76492,64,208623
7194,0.001386,74.125.24.0-255,4320,80812,64,208623
7195,0.001387,172.31.40.0-255,66,80878,64,208623
7196,0.001409,74.125.24.0-255,5020,85898,64,208623
7197,0.001434,74.125.24.0-255,1484,87382,64,208623
7198,0.001437,74.125.24.0-255,1484,88866,64,208623
7199,0.001448,74.125.24.0-255,1484,90350,64,208623
7200,0.001478,74.125.24.0-255,4320,94670,64,208623
7201,0.001498,74.125.24.0-255,1484,96154,64,208623
7202,0.001536,74.125.24.0-255,1484,97638,64,208623
7203,0.001606,74.125.24.0-255,3602,101240,64,208623
7204,0.001609,74.125.24.0-255,1484,102724,64,208623
7205,0.001611,74.125.24.0-255,1484,104208,64,208623
7206,0.001623,74.125.24.0-255,1484,105692,64,208623
7207,0.001627,74.125.24.0-255,2902,108594,64,208623
7208,0.001645,74.125.24.0-255,2902,111496,64,208623
7209,0.001647,74.125.24.0-255,1484,112980,64,208623
7210,0.001722,74.125.24.0-255,3602,116582,64,208623
7211,0.001761,74.125.24.0-255,7156,123738,64,208623
7212,0.001823,74.125.24.0-255,4320,128058,64,208623
7213,0.001857,74.125.24.0-255,4320,132378,64,208623
7214,0.001873,74.125.24.0-255,1484,133862,64,208623
7215,0.001879,74.125.24.0-255,7156,141018,64,208623
7216,0.001881,74.125.24.0-255,1484,142502,64,208623
7217,0.001907,74.125.24.0-255,6438,148940,64,208623
7218,0.002004,74.125.24.0-255,1484,150424,64,208623
7219,0.002007,74.125.24.0-255,1484,151908,64,208623
7220,0.002182,74.125.24.0-255,1484,153392,64,208623
7221,0.002189,74.125.24.0-255,2902,156294,64,208623
7222,0.002193,74.125.24.0-255,4320,160614,64,208623
7223,0.00221,74.125.24.0-255,1484,162098,64,208623
7224,0.002218,74.125.24.0-255,1484,163582,64,208623
7225,0.002256,74.125.24.0-255,2902,166484,64,208623
7226,0.002324,74.125.24.0-255,4320,170804,64,208623
7227,0.00234,74.125.24.0-255,4320,175124,64,208623
7228,0.002345,74.125.24.0-255,4320,179444,64,208623
7229,0.00237,74.125.24.0-255,7156,186600,64,208623
7230,0.002385,74.125.24.0-255,7156,193756,64,208623
7231,0.002392,74.125.24.0-255,6438,200194,64,208623
7232,0.002422,74.125.24.0-255,1484,201678,64,208623
7233,0.002425,74.125.24.0-255,1484,203162,64,208623
7234,0.002442,74.125.24.0-255,1484,204646,64,208623
7235,0.002475,74.125.24.0-255,1484,206130,64,208623
7236,0.002491,74.125.24.0-255,2151,208281,64,208623
7237,0.002508,74.125.24.0-255,105,208386,64,208623
7238,0.00769,172.31.40.0-255,66,208452,64,208623
7239,0.010289,172.31.40.0-255,105,208557,64,208623
7240,0.012514,74.125.24.0-255,66,208623,64,208623
7241,0.0,172.217.194.0-255,152,152,64,240927
7242,2.3e-05,172.31.40.0-255,66,218,64,240927
7243,3e-05,172.217.194.0-255,1484,1702,64,240927
7244,3.4e-05,172.31.40.0-255,66,1768,64,240927
7245,4e-05,172.217.194.0-255,2902,4670,64,240927
7246,5.4e-05,172.31.40.0-255,66,4736,64,240927
7247,6.1e-05,172.217.194.0-255,5738,10474,64,240927
7248,6.4e-05,172.31.40.0-255,66,10540,64,240927
7249,7.1e-05,172.217.194.0-255,3511,14051,64,240927
7250,7.3e-05,172.31.40.0-255,66,14117,64,240927
7251,0.00011,172.217.194.0-255,1484,15601,64,240927
7252,0.000113,172.31.40.0-255,66,15667,64,240927
7253,0.000117,172.217.194.0-255,1484,17151,64,240927
7254,0.000119,172.31.40.0-255,66,17217,64,240927
7255,0.000153,172.217.194.0-255,1484,18701,64,240927
7256,0.000156,172.31.40.0-255,66,18767,64,240927
7257,0.000163,172.217.194.0-255,5738,24505,64,240927
7258,0.000165,172.31.40.0-255,66,24571,64,240927
7259,0.000176,172.31.40.0-255,66,24637,64,240927
7260,0.000182,172.217.194.0-255,5738,30375,64,240927
7261,0.000184,172.31.40.0-255,66,30441,64,240927
7262,0.00021,172.217.194.0-255,2902,33343,64,240927
7263,0.000212,172.31.40.0-255,66,33409,64,240927
7264,0.000217,172.217.194.0-255,2902,36311,64,240927
7265,0.000219,172.31.40.0-255,66,36377,64,240927
7266,0.000247,172.217.194.0-255,3961,40338,64,240927
7267,0.00025,172.31.40.0-255,66,40404,64,240927
7268,0.000258,172.217.194.0-255,7156,47560,64,240927
7269,0.00026,172.31.40.0-255,66,47626,64,240927
7270,0.000263,172.217.194.0-255,1484,49110,64,240927
7271,0.000265,172.31.40.0-255,66,49176,64,240927
7272,0.000305,172.31.40.0-255,66,49242,64,240927
7273,0.000308,172.217.194.0-255,340,49582,64,240927
7274,0.000516,172.217.194.0-255,115,49697,64,240927
7275,0.000543,172.217.194.0-255,385,50082,64,240927
7276,0.000772,172.217.194.0-255,1484,51566,64,240927
7277,0.000777,172.31.40.0-255,66,51632,64,240927
7278,0.000782,172.217.194.0-255,2902,54534,64,240927
7279,0.000785,172.31.40.0-255,66,54600,64,240927
7280,0.000806,172.217.194.0-255,5738,60338,64,240927
7281,0.000812,172.31.40.0-255,66,60404,64,240927
7282,0.000841,172.217.194.0-255,5738,66142,64,240927
7283,0.000843,172.31.40.0-255,66,66208,64,240927
7284,0.000877,172.217.194.0-255,7156,73364,64,240927
7285,0.00088,172.31.40.0-255,66,73430,64,240927
7286,0.000892,172.31.40.0-255,66,73496,64,240927
7287,0.000895,172.217.194.0-255,766,74262,64,240927
7288,0.000938,172.31.40.0-255,101,74363,64,240927
7289,0.001343,172.217.194.0-255,1484,75847,64,240927
7290,0.001349,172.217.194.0-255,2902,78749,64,240927
7291,0.001352,172.31.40.0-255,66,78815,64,240927
7292,0.001384,172.217.194.0-255,5738,84553,64,240927
7293,0.001387,172.31.40.0-255,66,84619,64,240927
7294,0.001401,172.31.40.0-255,66,84685,64,240927
7295,0.001416,172.31.40.0-255,66,84751,64,240927
7296,0.001444,172.217.194.0-255,1484,86235,64,240927
7297,0.001477,172.31.40.0-255,66,86301,64,240927
7298,0.001496,172.31.40.0-255,66,86367,64,240927
7299,0.001499,172.217.194.0-255,1484,87851,64,240927
7300,0.001545,172.31.40.0-255,66,87917,64,240927
7301,0.002,172.217.194.0-255,1484,89401,64,240927
7302,0.002005,172.217.194.0-255,2902,92303,64,240927
7303,0.002011,172.31.40.0-255,66,92369,64,240927
7304,0.002041,172.217.194.0-255,5738,98107,64,240927
7305,0.002044,172.31.40.0-255,66,98173,64,240927
7306,0.002058,172.31.40.0-255,66,98239,64,240927
7307,0.002064,172.217.194.0-255,5738,103977,64,240927
7308,0.002067,172.31.40.0-255,66,104043,64,240927
7309,0.002099,172.217.194.0-255,5020,109063,64,240927
7310,0.002101,172.31.40.0-255,66,109129,64,240927
7311,0.002148,172.217.194.0-255,1484,110613,64,240927
7312,0.002152,172.217.194.0-255,1484,112097,64,240927
7313,0.002154,172.31.40.0-255,66,112163,64,240927
7314,0.002182,172.217.194.0-255,1484,113647,64,240927
7315,0.002188,172.217.194.0-255,5738,119385,64,240927
7316,0.002191,172.31.40.0-255,66,119451,64,240927
7317,0.00221,172.217.194.0-255,4320,123771,64,240927
7318,0.002212,172.31.40.0-255,66,123837,64,240927
7319,0.002236,172.31.40.0-255,66,123903,64,240927
7320,0.002247,172.31.40.0-255,66,123969,64,240927
7321,0.002277,172.217.194.0-255,2184,126153,64,240927
7322,0.00228,172.31.40.0-255,66,126219,64,240927
7323,0.002307,172.217.194.0-255,2902,129121,64,240927
7324,0.00231,172.31.40.0-255,66,129187,64,240927
7325,0.002314,172.217.194.0-255,2902,132089,64,240927
7326,0.002316,172.31.40.0-255,66,132155,64,240927
7327,0.002342,172.217.194.0-255,4320,136475,64,240927
7328,0.002344,172.31.40.0-255,66,136541,64,240927
7329,0.002369,172.31.40.0-255,66,136607,64,240927
7330,0.002375,172.217.194.0-255,5738,142345,64,240927
7331,0.002378,172.31.40.0-255,66,142411,64,240927
7332,0.002407,172.217.194.0-255,6438,148849,64,240927
7333,0.00241,172.31.40.0-255,66,148915,64,240927
7334,0.003359,172.217.194.0-255,66,148981,64,240927
7335,0.004854,172.217.194.0-255,2902,151883,64,240927
7336,0.00486,172.31.40.0-255,66,151949,64,240927
7337,0.004896,172.217.194.0-255,2902,154851,64,240927
7338,0.004899,172.31.40.0-255,66,154917,64,240927
7339,0.00727,172.217.194.0-255,2902,157819,64,240927
7340,0.007273,172.31.40.0-255,66,157885,64,240927
7341,0.007322,172.217.194.0-255,1484,159369,64,240927
7342,0.007332,172.217.194.0-255,1484,160853,64,240927
7343,0.007334,172.31.40.0-255,66,160919,64,240927
7344,0.009735,172.217.194.0-255,2902,163821,64,240927
7345,0.009741,172.31.40.0-255,66,163887,64,240927
7346,0.009775,172.217.194.0-255,2902,166789,64,240927
7347,0.009778,172.31.40.0-255,66,166855,64,240927
7348,0.012169,172.217.194.0-255,2902,169757,64,240927
7349,0.012177,172.31.40.0-255,66,169823,64,240927
7350,0.012207,172.217.194.0-255,2902,172725,64,240927
7351,0.01221,172.31.40.0-255,66,172791,64,240927
7352,0.014671,172.217.194.0-255,5738,178529,64,240927
7353,0.014679,172.31.40.0-255,66,178595,64,240927
7354,0.017143,172.217.194.0-255,5738,184333,64,240927
7355,0.017153,172.31.40.0-255,66,184399,64,240927
7356,0.019608,172.217.194.0-255,5738,190137,64,240927
7357,0.019617,172.31.40.0-255,66,190203,64,240927
7358,0.022084,172.217.194.0-255,5738,195941,64,240927
7359,0.022093,172.31.40.0-255,66,196007,64,240927
7360,0.024578,172.217.194.0-255,5738,201745,64,240927
7361,0.024585,172.31.40.0-255,66,201811,64,240927
7362,0.027036,172.217.194.0-255,5738,207549,64,240927
7363,0.027042,172.31.40.0-255,66,207615,64,240927
7364,0.029505,172.217.194.0-255,5738,213353,64,240927
7365,0.029512,172.31.40.0-255,66,213419,64,240927
7366,0.031948,172.217.194.0-255,5738,219157,64,240927
7367,0.031955,172.31.40.0-255,66,219223,64,240927
7368,0.034409,172.217.194.0-255,5738,224961,64,240927
7369,0.03442,172.31.40.0-255,66,225027,64,240927
7370,0.036137,172.31.40.0-255,172,225199,64,240927
7371,0.036171,172.31.40.0-255,1112,226311,64,240927
7372,0.036226,172.31.40.0-255,1514,227825,64,240927
7373,0.036228,172.31.40.0-255,1296,229121,64,240927
7374,0.036871,172.217.194.0-255,5738,234859,64,240927
7375,0.036878,172.31.40.0-255,66,234925,64,240927
7376,0.037774,104.244.42.0-255,66,234991,64,240927
7377,0.03787,104.244.42.0-255,66,235057,64,240927
7378,0.037898,104.244.42.0-255,66,235123,64,240927
7379,0.039335,172.217.194.0-255,5738,240861,64,240927
7380,0.03934,172.31.40.0-255,66,240927,64,240927
7381,0.0,74.125.200.0-255,66,66,64,66
7382,0.0,172.253.118.0-255,153,153,64,160734
7383,2.1e-05,172.31.40.0-255,66,219,64,160734
7384,2.8e-05,172.253.118.0-255,1484,1703,64,160734
7385,3.3e-05,172.31.40.0-255,66,1769,64,160734
7386,3.8e-05,172.253.118.0-255,2902,4671,64,160734
7387,4.7e-05,172.31.40.0-255,66,4737,64,160734
7388,5.5e-05,172.253.118.0-255,7156,11893,64,160734
7389,5.9e-05,172.31.40.0-255,66,11959,64,160734
7390,9.3e-05,172.253.118.0-255,2066,14025,64,160734
7391,9.6e-05,172.31.40.0-255,66,14091,64,160734
7392,0.000218,172.253.118.0-255,1484,15575,64,160734
7393,0.000222,172.31.40.0-255,66,15641,64,160734
7394,0.000252,172.253.118.0-255,2902,18543,64,160734
7395,0.000255,172.31.40.0-255,66,18609,64,160734
7396,0.000262,172.253.118.0-255,5738,24347,64,160734
7397,0.000264,172.31.40.0-255,66,24413,64,160734
7398,0.000267,172.253.118.0-255,1484,25897,64,160734
7399,0.000273,172.31.40.0-255,66,25963,64,160734
7400,0.000291,172.253.118.0-255,2902,28865,64,160734
7401,0.000299,172.31.40.0-255,66,28931,64,160734
7402,0.000327,172.253.118.0-255,2543,31474,64,160734
7403,0.000329,172.31.40.0-255,66,31540,64,160734
7404,0.000474,172.253.118.0-255,1484,33024,64,160734
7405,0.000479,172.31.40.0-255,66,33090,64,160734
7406,0.000483,172.253.118.0-255,1484,34574,64,160734
7407,0.000486,172.31.40.0-255,66,34640,64,160734
7408,0.000506,172.253.118.0-255,1484,36124,64,160734
7409,0.000513,172.31.40.0-255,66,36190,64,160734
7410,0.000519,172.253.118.0-255,4320,40510,64,160734
7411,0.000521,172.31.40.0-255,66,40576,64,160734
7412,0.000526,172.253.118.0-255,4320,44896,64,160734
7413,0.000528,172.31.40.0-255,66,44962,64,160734
7414,0.000562,172.253.118.0-255,5379,50341,64,160734
7415,0.000582,172.253.118.0-255,4320,54661,64,160734
7416,0.00059,172.31.40.0-255,66,54727,64,160734
7417,0.000643,172.31.40.0-255,66,54793,64,160734
7418,0.000739,172.253.118.0-255,108,54901,64,160734
7419,0.000869,172.253.118.0-255,1484,56385,64,160734
7420,0.000873,172.31.40.0-255,66,56451,64,160734
7421,0.000904,172.253.118.0-255,2902,59353,64,160734
7422,0.000911,172.253.118.0-255,5738,65091,64,160734
7423,0.000915,172.31.40.0-255,66,65157,64,160734
7424,0.000951,172.253.118.0-255,2902,68059,64,160734
7425,0.000956,172.31.40.0-255,66,68125,64,160734
7426,0.001,172.31.40.0-255,66,68191,64,160734
7427,0.001011,172.253.118.0-255,7156,75347,64,160734
7428,0.001033,172.253.118.0-255,4320,79667,64,160734
7429,0.001048,172.31.40.0-255,66,79733,64,160734
7430,0.001086,172.253.118.0-255,1125,80858,64,160734
7431,0.001559,172.31.40.0-255,66,80924,64,160734
7432,0.003629,172.253.118.0-255,4320,85244,64,160734
7433,0.004144,172.253.118.0-255,1484,86728,64,160734
7434,0.006129,172.31.40.0-255,66,86794,64,160734
7435,0.008739,172.253.118.0-255,5738,92532,64,160734
7436,0.010486,172.31.40.0-255,66,92598,64,160734
7437,0.013106,172.253.118.0-255,5738,98336,64,160734
7438,0.013119,172.31.40.0-255,66,98402,64,160734
7439,0.015742,172.253.118.0-255,5738,104140,64,160734
7440,0.01575,172.31.40.0-255,66,104206,64,160734
7441,0.018335,172.253.118.0-255,5738,109944,64,160734
7442,0.018344,172.31.40.0-255,66,110010,64,160734
7443,0.020943,172.253.118.0-255,5738,115748,64,160734
7444,0.020956,172.31.40.0-255,66,115814,64,160734
7445,0.02355,172.253.118.0-255,5738,121552,64,160734
7446,0.023559,172.31.40.0-255,66,121618,64,160734
7447,0.024894,172.31.40.0-255,172,121790,64,160734
7448,0.024927,172.31.40.0-255,1110,122900,64,160734
7449,0.024984,172.31.40.0-255,1514,124414,64,160734
7450,0.024986,172.31.40.0-255,1298,125712,64,160734
7451,0.026233,172.253.118.0-255,5738,131450,64,160734
7452,0.026241,172.31.40.0-255,66,131516,64,160734
7453,0.026475,104.244.42.0-255,66,131582,64,160734
7454,0.026483,104.244.42.0-255,66,131648,64,160734
7455,0.026577,104.244.42.0-255,66,131714,64,160734
7456,0.028843,172.253.118.0-255,5738,137452,64,160734
7457,0.02885,172.31.40.0-255,66,137518,64,160734
7458,0.031449,172.253.118.0-255,5738,143256,64,160734
7459,0.031455,172.31.40.0-255,66,143322,64,160734
7460,0.034057,172.253.118.0-255,5738,149060,64,160734
7461,0.034064,172.31.40.0-255,66,149126,64,160734
7462,0.036671,172.253.118.0-255,5738,154864,64,160734
7463,0.036678,172.31.40.0-255,66,154930,64,160734
7464,0.03927,172.253.118.0-255,5738,160668,64,160734
7465,0.039277,172.31.40.0-255,66,160734,64,160734
7466,0.0,172.217.194.0-255,146,146,64,234378
7467,1.4e-05,172.31.40.0-255,66,212,64,234378
7468,4.8e-05,172.217.194.0-255,1484,1696,64,234378
7469,5.2e-05,172.31.40.0-255,66,1762,64,234378
7470,5.9e-05,172.217.194.0-255,2902,4664,64,234378
7471,6.2e-05,172.31.40.0-255,66,4730,64,234378
7472,6.9e-05,172.217.194.0-255,7156,11886,64,234378
7473,7.2e-05,172.31.40.0-255,66,11952,64,234378
7474,7.8e-05,172.217.194.0-255,5738,17690,64,234378
7475,8.1e-05,172.31.40.0-255,66,17756,64,234378
7476,0.000106,172.217.194.0-255,4930,22686,64,234378
7477,0.000109,172.31.40.0-255,66,22752,64,234378
7478,0.000142,172.31.40.0-255,66,22818,64,234378
7479,0.000146,172.217.194.0-255,1484,24302,64,234378
7480,0.000147,172.31.40.0-255,66,24368,64,234378
7481,0.000178,172.217.194.0-255,7156,31524,64,234378
7482,0.000181,172.31.40.0-255,66,31590,64,234378
7483,0.000196,172.31.40.0-255,66,31656,64,234378
7484,0.000332,172.217.194.0-255,1484,33140,64,234378
7485,0.000337,172.31.40.0-255,66,33206,64,234378
7486,0.000342,172.217.194.0-255,2902,36108,64,234378
7487,0.000345,172.31.40.0-255,66,36174,64,234378
7488,0.000348,172.217.194.0-255,1484,37658,64,234378
7489,0.000355,172.31.40.0-255,66,37724,64,234378
7490,0.000378,172.217.194.0-255,4320,42044,64,234378
7491,0.000381,172.31.40.0-255,66,42110,64,234378
7492,0.000388,172.217.194.0-255,6797,48907,64,234378
7493,0.000391,172.31.40.0-255,66,48973,64,234378
7494,0.000394,172.217.194.0-255,361,49334,64,234378
7495,0.000396,172.31.40.0-255,66,49400,64,234378
7496,0.000607,172.217.194.0-255,382,49782,64,234378
7497,0.000611,172.31.40.0-255,66,49848,64,234378
7498,0.000751,172.217.194.0-255,1484,51332,64,234378
7499,0.000755,172.31.40.0-255,66,51398,64,234378
7500,0.000761,172.217.194.0-255,2902,54300,64,234378
7501,0.000764,172.31.40.0-255,66,54366,64,234378
7502,0.000767,172.217.194.0-255,1484,55850,64,234378
7503,0.000769,172.31.40.0-255,66,55916,64,234378
7504,0.000799,172.217.194.0-255,1484,57400,64,234378
7505,0.000802,172.31.40.0-255,66,57466,64,234378
7506,0.000808,172.217.194.0-255,4320,61786,64,234378
7507,0.00081,172.31.40.0-255,66,61852,64,234378
7508,0.000838,172.217.194.0-255,2902,64754,64,234378
7509,0.000841,172.31.40.0-255,66,64820,64,234378
7510,0.000845,172.217.194.0-255,2543,67363,64,234378
7511,0.00085,172.217.194.0-255,2902,70265,64,234378
7512,0.000859,172.31.40.0-255,66,70331,64,234378
7513,0.000885,172.217.194.0-255,7156,77487,64,234378
7514,0.000914,172.217.194.0-255,2902,80389,64,234378
7515,0.000937,172.217.194.0-255,3961,84350,64,234378
7516,0.000948,172.31.40.0-255,66,84416,64,234378
7517,0.001164,172.217.194.0-255,1484,85900,64,234378
7518,0.001168,172.217.194.0-255,1484,87384,64,234378
7519,0.001178,172.31.40.0-255,66,87450,64,234378
7520,0.001184,172.217.194.0-255,1484,88934,64,234378
7521,0.001195,172.217.194.0-255,5738,94672,64,234378
7522,0.001198,172.217.194.0-255,1484,96156,64,234378
7523,0.001203,172.31.40.0-255,66,96222,64,234378
7524,0.001264,172.31.40.0-255,66,96288,64,234378
7525,0.001525,172.217.194.0-255,1484,97772,64,234378
7526,0.00153,172.217.194.0-255,1484,99256,64,234378
7527,0.001534,172.31.40.0-255,66,99322,64,234378
7528,0.00156,172.217.194.0-255,1484,100806,64,234378
7529,0.001566,172.217.194.0-255,5738,106544,64,234378
7530,0.001571,172.217.194.0-255,2902,109446,64,234378
7531,0.001595,172.31.40.0-255,66,109512,64,234378
7532,0.001643,172.31.40.0-255,66,109578,64,234378
7533,0.001808,172.217.194.0-255,1484,111062,64,234378
7534,0.001814,172.217.194.0-255,2902,113964,64,234378
7535,0.001817,172.31.40.0-255,66,114030,64,234378
7536,0.001824,172.217.194.0-255,5738,119768,64,234378
7537,0.001855,172.31.40.0-255,66,119834,64,234378
7538,0.001872,172.217.194.0-255,4320,124154,64,234378
7539,0.001887,172.31.40.0-255,66,124220,64,234378
7540,0.001926,172.217.194.0-255,5738,129958,64,234378
7541,0.001931,172.31.40.0-255,66,130024,64,234378
7542,0.001952,172.217.194.0-255,5020,135044,64,234378
7543,0.001967,172.31.40.0-255,66,135110,64,234378
7544,0.002119,172.217.194.0-255,1484,136594,64,234378
7545,0.002123,172.217.194.0-255,1484,138078,64,234378
7546,0.002126,172.31.40.0-255,66,138144,64,234378
7547,0.002156,172.217.194.0-255,1484,139628,64,234378
7548,0.002163,172.217.194.0-255,5738,145366,64,234378
7549,0.00217,172.217.194.0-255,5738,151104,64,234378
7550,0.002177,172.217.194.0-255,7156,158260,64,234378
7551,0.00219,172.217.194.0-255,5738,163998,64,234378
7552,0.002208,172.217.194.0-255,5020,169018,64,234378
7553,0.002212,172.31.40.0-255,66,169084,64,234378
7554,0.002218,172.31.40.0-255,66,169150,64,234378
7555,0.002242,172.217.194.0-255,5738,174888,64,234378
7556,0.002247,172.217.194.0-255,4320,179208,64,234378
7557,0.00226,172.31.40.0-255,66,179274,64,234378
7558,0.002297,172.217.194.0-255,5738,185012,64,234378
7559,0.002401,172.217.194.0-255,2902,187914,64,234378
7560,0.002445,172.217.194.0-255,5738,193652,64,234378
7561,0.002463,172.217.194.0-255,1484,195136,64,234378
7562,0.002469,172.217.194.0-255,4320,199456,64,234378
7563,0.002503,172.217.194.0-255,2902,202358,64,234378
7564,0.002519,172.217.194.0-255,1484,203842,64,234378
7565,0.002578,172.217.194.0-255,7156,210998,64,234378
7566,0.002602,172.217.194.0-255,5020,216018,64,234378
7567,0.002605,172.217.194.0-255,1484,217502,64,234378
7568,0.00261,172.217.194.0-255,4320,221822,64,234378
7569,0.002689,172.217.194.0-255,4320,226142,64,234378
7570,0.002706,172.217.194.0-255,3602,229744,64,234378
7571,0.002717,172.217.194.0-255,105,229849,64,234378
7572,0.003106,172.31.40.0-255,66,229915,64,234378
7573,0.005201,172.31.40.0-255,105,230020,64,234378
7574,0.007599,172.217.194.0-255,66,230086,64,234378
7575,0.031592,172.31.40.0-255,172,230258,64,234378
7576,0.031627,172.31.40.0-255,1112,231370,64,234378
7577,0.03169,172.31.40.0-255,1514,232884,64,234378
7578,0.031692,172.31.40.0-255,1296,234180,64,234378
7579,0.033221,104.244.42.0-255,66,234246,64,234378
7580,0.033319,104.244.42.0-255,66,234312,64,234378
7581,0.033358,104.244.42.0-255,66,234378,64,234378
7582,0.0,74.125.130.0-255,146,146,64,300008
7583,2.4e-05,172.31.40.0-255,66,212,64,300008
7584,3.1e-05,74.125.130.0-255,1484,1696,64,300008
7585,3.6e-05,172.31.40.0-255,66,1762,64,300008
7586,4.3e-05,74.125.130.0-255,2902,4664,64,300008
7587,4.8e-05,172.31.40.0-255,66,4730,64,300008
7588,5.6e-05,74.125.130.0-255,7156,11886,64,300008
7589,5.9e-05,172.31.40.0-255,66,11952,64,300008
7590,6.4e-05,74.125.130.0-255,2065,14017,64,300008
7591,6.7e-05,172.31.40.0-255,66,14083,64,300008
7592,0.000141,74.125.130.0-255,1484,15567,64,300008
7593,0.000145,172.31.40.0-255,66,15633,64,300008
7594,0.000168,74.125.130.0-255,2902,18535,64,300008
7595,0.000171,172.31.40.0-255,66,18601,64,300008
7596,0.000177,74.125.130.0-255,5738,24339,64,300008
7597,0.00018,172.31.40.0-255,66,24405,64,300008
7598,0.000206,74.125.130.0-255,6797,31202,64,300008
7599,0.000208,172.31.40.0-255,66,31268,64,300008
7600,0.000285,74.125.130.0-255,1484,32752,64,300008
7601,0.000288,172.31.40.0-255,66,32818,64,300008
7602,0.000292,74.125.130.0-255,1484,34302,64,300008
7603,0.000294,172.31.40.0-255,66,34368,64,300008
7604,0.000311,74.125.130.0-255,1484,35852,64,300008
7605,0.000313,172.31.40.0-255,66,35918,64,300008
7606,0.00032,74.125.130.0-255,5738,41656,64,300008
7607,0.000323,172.31.40.0-255,66,41722,64,300008
7608,0.000345,74.125.130.0-255,1484,43206,64,300008
7609,0.000347,172.31.40.0-255,66,43272,64,300008
7610,0.000379,172.31.40.0-255,66,43338,64,300008
7611,0.000417,172.31.40.0-255,66,43404,64,300008
7612,0.000433,74.125.130.0-255,1436,44840,64,300008
7613,0.000472,74.125.130.0-255,98,44938,64,300008
7614,0.000608,74.125.130.0-255,1484,46422,64,300008
7615,0.000613,172.31.40.0-255,66,46488,64,300008
7616,0.000618,74.125.130.0-255,2902,49390,64,300008
7617,0.000621,172.31.40.0-255,66,49456,64,300008
7618,0.000627,74.125.130.0-255,4320,53776,64,300008
7619,0.000629,172.31.40.0-255,66,53842,64,300008
7620,0.000642,74.125.130.0-255,1484,55326,64,300008
7621,0.000647,74.125.130.0-255,2902,58228,64,300008
7622,0.000649,172.31.40.0-255,66,58294,64,300008
7623,0.000676,74.125.130.0-255,5379,63673,64,300008
7624,0.00068,172.31.40.0-255,66,63739,64,300008
7625,0.000691,172.31.40.0-255,66,63805,64,300008
7626,0.000695,74.125.130.0-255,2902,66707,64,300008
7627,0.000698,172.31.40.0-255,66,66773,64,300008
7628,0.000722,74.125.130.0-255,4259,71032,64,300008
7629,0.000725,172.31.40.0-255,66,71098,64,300008
7630,0.001299,74.125.130.0-255,1484,72582,64,300008
7631,0.001304,74.125.130.0-255,1484,74066,64,300008
7632,0.001308,172.31.40.0-255,66,74132,64,300008
7633,0.001313,74.125.130.0-255,2902,77034,64,300008
7634,0.001316,172.31.40.0-255,66,77100,64,300008
7635,0.001346,74.125.130.0-255,5738,82838,64,300008
7636,0.001349,172.31.40.0-255,66,82904,64,300008
7637,0.001373,74.125.130.0-255,5738,88642,64,300008
7638,0.001375,172.31.40.0-255,66,88708,64,300008
7639,0.001399,74.125.130.0-255,7156,95864,64,300008
7640,0.001403,74.125.130.0-255,2902,98766,64,300008
7641,0.001407,172.31.40.0-255,66,98832,64,300008
7642,0.00141,172.31.40.0-255,66,98898,64,300008
7643,0.001429,74.125.130.0-255,4320,103218,64,300008
7644,0.001432,172.31.40.0-255,66,103284,64,300008
7645,0.001436,74.125.130.0-255,2184,105468,64,300008
7646,0.001438,172.31.40.0-255,66,105534,64,300008
7647,0.001487,74.125.130.0-255,1484,107018,64,300008
7648,0.001492,74.125.130.0-255,1484,108502,64,300008
7649,0.001494,172.31.40.0-255,66,108568,64,300008
7650,0.001506,74.125.130.0-255,1484,110052,64,300008
7651,0.00151,74.125.130.0-255,2902,112954,64,300008
7652,0.001513,172.31.40.0-255,66,113020,64,300008
7653,0.001536,74.125.130.0-255,2902,115922,64,300008
7654,0.001539,172.31.40.0-255,66,115988,64,300008
7655,0.001546,74.125.130.0-255,7156,123144,64,300008
7656,0.001548,172.31.40.0-255,66,123210,64,300008
7657,0.001551,74.125.130.0-255,1484,124694,64,300008
7658,0.00159,172.31.40.0-255,66,124760,64,300008
7659,0.001595,74.125.130.0-255,2184,126944,64,300008
7660,0.001596,172.31.40.0-255,66,127010,64,300008
7661,0.001647,74.125.130.0-255,1484,128494,64,300008
7662,0.001651,74.125.130.0-255,2902,131396,64,300008
7663,0.001657,74.125.130.0-255,5738,137134,64,300008
7664,0.001666,172.31.40.0-255,66,137200,64,300008
7665,0.001669,172.31.40.0-255,66,137266,64,300008
7666,0.001672,74.125.130.0-255,1484,138750,64,300008
7667,0.001692,74.125.130.0-255,2902,141652,64,300008
7668,0.001694,172.31.40.0-255,66,141718,64,300008
7669,0.001722,74.125.130.0-255,5738,147456,64,300008
7670,0.001726,172.31.40.0-255,66,147522,64,300008
7671,0.001738,172.31.40.0-255,66,147588,64,300008
7672,0.001741,74.125.130.0-255,2184,149772,64,300008
7673,0.001744,172.31.40.0-255,66,149838,64,300008
7674,0.001781,74.125.130.0-255,1484,151322,64,300008
7675,0.001794,74.125.130.0-255,2902,154224,64,300008
7676,0.001797,172.31.40.0-255,66,154290,64,300008
7677,0.001802,74.125.130.0-255,4320,158610,64,300008
7678,0.001805,172.31.40.0-255,66,158676,64,300008
7679,0.001818,74.125.130.0-255,1484,160160,64,300008
7680,0.001823,74.125.130.0-255,2902,163062,64,300008
7681,0.001825,172.31.40.0-255,66,163128,64,300008
7682,0.001844,74.125.130.0-255,5738,168866,64,300008
7683,0.001847,172.31.40.0-255,66,168932,64,300008
7684,0.001855,74.125.130.0-255,7156,176088,64,300008
7685,0.001858,172.31.40.0-255,66,176154,64,300008
7686,0.001888,74.125.130.0-255,2902,179056,64,300008
7687,0.00189,172.31.40.0-255,66,179122,64,300008
7688,0.001897,74.125.130.0-255,5020,184142,64,300008
7689,0.001899,172.31.40.0-255,66,184208,64,300008
7690,0.00193,74.125.130.0-255,1484,185692,64,300008
7691,0.001944,74.125.130.0-255,2902,188594,64,300008
7692,0.001947,172.31.40.0-255,66,188660,64,300008
7693,0.001953,74.125.130.0-255,5738,194398,64,300008
7694,0.001956,172.31.40.0-255,66,194464,64,300008
7695,0.002005,172.31.40.0-255,66,194530,64,300008
7696,0.002025,74.125.130.0-255,1484,196014,64,300008
7697,0.00203,74.125.130.0-255,4320,200334,64,300008
7698,0.002033,172.31.40.0-255,66,200400,64,300008
7699,0.002061,74.125.130.0-255,6438,206838,64,300008
7700,0.002065,172.31.40.0-255,66,206904,64,300008
7701,0.004315,74.125.130.0-255,5738,212642,64,300008
7702,0.004322,172.31.40.0-255,66,212708,64,300008
7703,0.006553,74.125.130.0-255,5738,218446,64,300008
7704,0.006556,172.31.40.0-255,66,218512,64,300008
7705,0.00879,74.125.130.0-255,4320,222832,64,300008
7706,0.008797,172.31.40.0-255,66,222898,64,300008
7707,0.008817,74.125.130.0-255,1484,224382,64,300008
7708,0.011035,74.125.130.0-255,4320,228702,64,300008
7709,0.011043,172.31.40.0-255,66,228768,64,300008
7710,0.013282,74.125.130.0-255,5738,234506,64,300008
7711,0.013291,172.31.40.0-255,66,234572,64,300008
7712,0.015551,74.125.130.0-255,5738,240310,64,300008
7713,0.015559,172.31.40.0-255,66,240376,64,300008
7714,0.017804,74.125.130.0-255,5738,246114,64,300008
7715,0.017813,172.31.40.0-255,66,246180,64,300008
7716,0.020071,74.125.130.0-255,5738,251918,64,300008
7717,0.02008,172.31.40.0-255,66,251984,64,300008
7718,0.02232,74.125.130.0-255,5738,257722,64,300008
7719,0.022329,172.31.40.0-255,66,257788,64,300008
7720,0.024564,74.125.130.0-255,5738,263526,64,300008
7721,0.02457,172.31.40.0-255,66,263592,64,300008
7722,0.026809,74.125.130.0-255,5738,269330,64,300008
7723,0.026817,172.31.40.0-255,66,269396,64,300008
7724,0.029048,74.125.130.0-255,5738,275134,64,300008
7725,0.029056,172.31.40.0-255,66,275200,64,300008
7726,0.031299,74.125.130.0-255,4320,279520,64,300008
7727,0.031305,172.31.40.0-255,66,279586,64,300008
7728,0.031325,74.125.130.0-255,1484,281070,64,300008
7729,0.031434,172.31.40.0-255,176,281246,64,300008
7730,0.031461,172.31.40.0-255,1110,282356,64,300008
7731,0.031572,172.31.40.0-255,1514,283870,64,300008
7732,0.031574,172.31.40.0-255,1298,285168,64,300008
7733,0.032965,104.244.42.0-255,66,285234,64,300008
7734,0.033014,104.244.42.0-255,66,285300,64,300008
7735,0.033171,104.244.42.0-255,66,285366,64,300008
7736,0.033572,74.125.130.0-255,2902,288268,64,300008
7737,0.033577,172.31.40.0-255,66,288334,64,300008
7738,0.033601,74.125.130.0-255,1484,289818,64,300008
7739,0.035826,74.125.130.0-255,4320,294138,64,300008
7740,0.035833,172.31.40.0-255,66,294204,64,300008
7741,0.038073,74.125.130.0-255,5738,299942,64,300008
7742,0.03808,172.31.40.0-255,66,300008,64,300008
7743,0.0,74.125.68.0-255,152,152,64,237303
7744,2.6e-05,172.31.40.0-255,66,218,64,237303
7745,3.4e-05,74.125.68.0-255,1484,1702,64,237303
7746,3.8e-05,172.31.40.0-255,66,1768,64,237303
7747,4.2e-05,74.125.68.0-255,1484,3252,64,237303
7748,4.5e-05,172.31.40.0-255,66,3318,64,237303
7749,7.2e-05,74.125.68.0-255,1484,4802,64,237303
7750,7.5e-05,172.31.40.0-255,66,4868,64,237303
7751,8.1e-05,74.125.68.0-255,2902,7770,64,237303
7752,8.3e-05,172.31.40.0-255,66,7836,64,237303
7753,9.1e-05,74.125.68.0-255,4320,12156,64,237303
7754,9.4e-05,172.31.40.0-255,66,12222,64,237303
7755,0.000114,74.125.68.0-255,2065,14287,64,237303
7756,0.000116,172.31.40.0-255,66,14353,64,237303
7757,0.000135,74.125.68.0-255,2902,17255,64,237303
7758,0.000138,172.31.40.0-255,66,17321,64,237303
7759,0.000175,74.125.68.0-255,5738,23059,64,237303
7760,0.000178,172.31.40.0-255,66,23125,64,237303
7761,0.000189,74.125.68.0-255,1484,24609,64,237303
7762,0.000191,172.31.40.0-255,66,24675,64,237303
7763,0.000196,74.125.68.0-255,2902,27577,64,237303
7764,0.000198,172.31.40.0-255,66,27643,64,237303
7765,0.000204,74.125.68.0-255,4320,31963,64,237303
7766,0.000206,172.31.40.0-255,66,32029,64,237303
7767,0.000212,74.125.68.0-255,5738,37767,64,237303
7768,0.000215,172.31.40.0-255,66,37833,64,237303
7769,0.000243,74.125.68.0-255,2902,40735,64,237303
7770,0.000249,74.125.68.0-255,5738,46473,64,237303
7771,0.000253,172.31.40.0-255,66,46539,64,237303
7772,0.00026,172.31.40.0-255,66,46605,64,237303
7773,0.000265,74.125.68.0-255,2184,48789,64,237303
7774,0.000268,172.31.40.0-255,66,48855,64,237303
7775,0.000339,74.125.68.0-255,1484,50339,64,237303
7776,0.000345,74.125.68.0-255,2902,53241,64,237303
7777,0.00036,74.125.68.0-255,2902,56143,64,237303
7778,0.000373,74.125.68.0-255,2902,59045,64,237303
7779,0.000385,74.125.68.0-255,2902,61947,64,237303
7780,0.000399,74.125.68.0-255,2902,64849,64,237303
7781,0.000416,74.125.68.0-255,1125,65974,64,237303
7782,0.000419,74.125.68.0-255,645,66619,64,237303
7783,0.000558,172.31.40.0-255,66,66685,64,237303
7784,0.000819,74.125.68.0-255,1484,68169,64,237303
7785,0.00084,74.125.68.0-255,2902,71071,64,237303
7786,0.000844,172.31.40.0-255,66,71137,64,237303
7787,0.00087,74.125.68.0-255,5738,76875,64,237303
7788,0.000873,74.125.68.0-255,1484,78359,64,237303
7789,0.000878,172.31.40.0-255,66,78425,64,237303
7790,0.000887,74.125.68.0-255,2902,81327,64,237303
7791,0.000892,172.31.40.0-255,66,81393,64,237303
7792,0.000926,74.125.68.0-255,2543,83936,64,237303
7793,0.000955,172.31.40.0-255,66,84002,64,237303
7794,0.001297,74.125.68.0-255,1484,85486,64,237303
7795,0.001304,74.125.68.0-255,1484,86970,64,237303
7796,0.001307,172.31.40.0-255,66,87036,64,237303
7797,0.001328,74.125.68.0-255,1484,88520,64,237303
7798,0.001331,74.125.68.0-255,1484,90004,64,237303
7799,0.001333,172.31.40.0-255,66,90070,64,237303
7800,0.001351,74.125.68.0-255,2902,92972,64,237303
7801,0.001354,172.31.40.0-255,66,93038,64,237303
7802,0.00136,74.125.68.0-255,5738,98776,64,237303
7803,0.001375,74.125.68.0-255,1484,100260,64,237303
7804,0.001379,172.31.40.0-255,66,100326,64,237303
7805,0.001391,74.125.68.0-255,5738,106064,64,237303
7806,0.001416,74.125.68.0-255,1484,107548,64,237303
7807,0.001428,172.31.40.0-255,66,107614,64,237303
7808,0.001435,74.125.68.0-255,7156,114770,64,237303
7809,0.00144,74.125.68.0-255,3602,118372,64,237303
7810,0.001445,172.31.40.0-255,66,118438,64,237303
7811,0.001834,74.125.68.0-255,1484,119922,64,237303
7812,0.001842,74.125.68.0-255,1484,121406,64,237303
7813,0.001846,172.31.40.0-255,66,121472,64,237303
7814,0.001864,74.125.68.0-255,1484,122956,64,237303
7815,0.00187,74.125.68.0-255,5738,128694,64,237303
7816,0.001873,172.31.40.0-255,66,128760,64,237303
7817,0.001887,74.125.68.0-255,1484,130244,64,237303
7818,0.001913,74.125.68.0-255,2902,133146,64,237303
7819,0.001916,172.31.40.0-255,66,133212,64,237303
7820,0.001919,74.125.68.0-255,1484,134696,64,237303
7821,0.00194,74.125.68.0-255,4320,139016,64,237303
7822,0.001943,172.31.40.0-255,66,139082,64,237303
7823,0.001948,74.125.68.0-255,4320,143402,64,237303
7824,0.001951,172.31.40.0-255,66,143468,64,237303
7825,0.001954,74.125.68.0-255,1484,144952,64,237303
7826,0.001982,74.125.68.0-255,4320,149272,64,237303
7827,0.001995,74.125.68.0-255,3602,152874,64,237303
7828,0.007737,172.31.40.0-255,66,152940,64,237303
7829,0.009929,74.125.68.0-255,5738,158678,64,237303
7830,0.009948,172.31.40.0-255,66,158744,64,237303
7831,0.012124,74.125.68.0-255,4320,163064,64,237303
7832,0.012133,172.31.40.0-255,66,163130,64,237303
7833,0.012153,74.125.68.0-255,1484,164614,64,237303
7834,0.014318,74.125.68.0-255,4320,168934,64,237303
7835,0.014334,172.31.40.0-255,66,169000,64,237303
7836,0.016525,74.125.68.0-255,5738,174738,64,237303
7837,0.016535,172.31.40.0-255,66,174804,64,237303
7838,0.018711,74.125.68.0-255,5738,180542,64,237303
7839,0.01872,172.31.40.0-255,66,180608,64,237303
7840,0.020916,74.125.68.0-255,5738,186346,64,237303
7841,0.020927,172.31.40.0-255,66,186412,64,237303
7842,0.023115,74.125.68.0-255,5738,192150,64,237303
7843,0.023126,172.31.40.0-255,66,192216,64,237303
7844,0.023241,172.31.40.0-255,101,192317,64,237303
7845,0.025294,74.125.68.0-255,5738,198055,64,237303
7846,0.025304,172.31.40.0-255,66,198121,64,237303
7847,0.025358,74.125.68.0-255,66,198187,64,237303
7848,0.027475,74.125.68.0-255,5738,203925,64,237303
7849,0.027488,172.31.40.0-255,66,203991,64,237303
7850,0.029699,74.125.68.0-255,5738,209729,64,237303
7851,0.029707,172.31.40.0-255,66,209795,64,237303
7852,0.030386,172.31.40.0-255,172,209967,64,237303
7853,0.030413,172.31.40.0-255,1110,211077,64,237303
7854,0.030457,172.31.40.0-255,1514,212591,64,237303
7855,0.030458,172.31.40.0-255,1298,213889,64,237303
7856,0.031882,74.125.68.0-255,5738,219627,64,237303
7857,0.031889,172.31.40.0-255,66,219693,64,237303
7858,0.032025,104.244.42.0-255,66,219759,64,237303
7859,0.032073,104.244.42.0-255,66,219825,64,237303
7860,0.032127,104.244.42.0-255,66,219891,64,237303
7861,0.034066,74.125.68.0-255,5738,225629,64,237303
7862,0.034072,172.31.40.0-255,66,225695,64,237303
7863,0.036256,74.125.68.0-255,5738,231433,64,237303
7864,0.036262,172.31.40.0-255,66,231499,64,237303
7865,0.038453,74.125.68.0-255,5738,237237,64,237303
7866,0.03846,172.31.40.0-255,66,237303,64,237303
7867,0.0,74.125.68.0-255,152,152,64,199135
7868,3.2e-05,172.31.40.0-255,66,218,64,199135
7869,4e-05,74.125.68.0-255,1484,1702,64,199135
7870,4.4e-05,172.31.40.0-255,66,1768,64,199135
7871,4.7e-05,74.125.68.0-255,1484,3252,64,199135
7872,4.9e-05,172.31.40.0-255,66,3318,64,199135
7873,5.4e-05,74.125.68.0-255,2902,6220,64,199135
7874,5.7e-05,172.31.40.0-255,66,6286,64,199135
7875,7e-05,74.125.68.0-255,4320,10606,64,199135
7876,7.1e-05,172.31.40.0-255,66,10672,64,199135
7877,0.000103,74.125.68.0-255,1484,12156,64,199135
7878,0.000106,172.31.40.0-255,66,12222,64,199135
7879,0.00011,74.125.68.0-255,2037,14259,64,199135
7880,0.000112,172.31.40.0-255,66,14325,64,199135
7881,0.000283,74.125.68.0-255,1484,15809,64,199135
7882,0.000287,172.31.40.0-255,66,15875,64,199135
7883,0.000293,74.125.68.0-255,2902,18777,64,199135
7884,0.000295,172.31.40.0-255,66,18843,64,199135
7885,0.000332,74.125.68.0-255,1484,20327,64,199135
7886,0.000336,172.31.40.0-255,66,20393,64,199135
7887,0.000367,74.125.68.0-255,2902,23295,64,199135
7888,0.00037,172.31.40.0-255,66,23361,64,199135
7889,0.000377,74.125.68.0-255,5738,29099,64,199135
7890,0.000379,172.31.40.0-255,66,29165,64,199135
7891,0.000406,74.125.68.0-255,2543,31708,64,199135
7892,0.000409,172.31.40.0-255,66,31774,64,199135
7893,0.000511,74.125.68.0-255,1484,33258,64,199135
7894,0.000515,172.31.40.0-255,66,33324,64,199135
7895,0.000544,74.125.68.0-255,2902,36226,64,199135
7896,0.000547,172.31.40.0-255,66,36292,64,199135
7897,0.000551,74.125.68.0-255,1484,37776,64,199135
7898,0.000553,172.31.40.0-255,66,37842,64,199135
7899,0.000558,74.125.68.0-255,2902,40744,64,199135
7900,0.00056,172.31.40.0-255,66,40810,64,199135
7901,0.000574,74.125.68.0-255,5738,46548,64,199135
7902,0.000576,172.31.40.0-255,66,46614,64,199135
7903,0.000615,74.125.68.0-255,5379,51993,64,199135
7904,0.000618,172.31.40.0-255,66,52059,64,199135
7905,0.000625,74.125.68.0-255,5738,57797,64,199135
7906,0.000628,172.31.40.0-255,66,57863,64,199135
7907,0.00067,172.31.40.0-255,66,57929,64,199135
7908,0.000689,74.125.68.0-255,413,58342,64,199135
7909,0.000825,172.31.40.0-255,66,58408,64,199135
7910,0.000855,74.125.68.0-255,330,58738,64,199135
7911,0.00104,74.125.68.0-255,1484,60222,64,199135
7912,0.001045,172.31.40.0-255,66,60288,64,199135
7913,0.001071,74.125.68.0-255,2902,63190,64,199135
7914,0.001074,172.31.40.0-255,66,63256,64,199135
7915,0.001078,74.125.68.0-255,1484,64740,64,199135
7916,0.001105,74.125.68.0-255,4320,69060,64,199135
7917,0.001108,172.31.40.0-255,66,69126,64,199135
7918,0.001112,74.125.68.0-255,1484,70610,64,199135
7919,0.001116,74.125.68.0-255,2902,73512,64,199135
7920,0.001118,172.31.40.0-255,66,73578,64,199135
7921,0.001145,74.125.68.0-255,2543,76121,64,199135
7922,0.001148,172.31.40.0-255,66,76187,64,199135
7923,0.001179,74.125.68.0-255,1484,77671,64,199135
7924,0.001216,74.125.68.0-255,1484,79155,64,199135
7925,0.001219,172.31.40.0-255,66,79221,64,199135
7926,0.001251,74.125.68.0-255,1484,80705,64,199135
7927,0.001258,74.125.68.0-255,5738,86443,64,199135
7928,0.00126,172.31.40.0-255,66,86509,64,199135
7929,0.001264,74.125.68.0-255,1484,87993,64,199135
7930,0.001269,74.125.68.0-255,2902,90895,64,199135
7931,0.001271,172.31.40.0-255,66,90961,64,199135
7932,0.00128,74.125.68.0-255,1484,92445,64,199135
7933,0.001301,74.125.68.0-255,1125,93570,64,199135
7934,0.001304,172.31.40.0-255,66,93636,64,199135
7935,0.003307,74.125.68.0-255,2902,96538,64,199135
7936,0.003312,172.31.40.0-255,66,96604,64,199135
7937,0.00333,74.125.68.0-255,2902,99506,64,199135
7938,0.003332,172.31.40.0-255,66,99572,64,199135
7939,0.005353,74.125.68.0-255,5738,105310,64,199135
7940,0.00536,172.31.40.0-255,66,105376,64,199135
7941,0.007458,74.125.68.0-255,4320,109696,64,199135
7942,0.007464,172.31.40.0-255,66,109762,64,199135
7943,0.007489,74.125.68.0-255,1484,111246,64,199135
7944,0.0095,74.125.68.0-255,4320,115566,64,199135
7945,0.009507,172.31.40.0-255,66,115632,64,199135
7946,0.011545,74.125.68.0-255,5738,121370,64,199135
7947,0.011552,172.31.40.0-255,66,121436,64,199135
7948,0.013585,74.125.68.0-255,4320,125756,64,199135
7949,0.013591,172.31.40.0-255,66,125822,64,199135
7950,0.013623,74.125.68.0-255,1484,127306,64,199135
7951,0.015624,74.125.68.0-255,4320,131626,64,199135
7952,0.01563,172.31.40.0-255,66,131692,64,199135
7953,0.017668,74.125.68.0-255,5738,137430,64,199135
7954,0.017674,172.31.40.0-255,66,137496,64,199135
7955,0.019712,74.125.68.0-255,5738,143234,64,199135
7956,0.019721,172.31.40.0-255,66,143300,64,199135
7957,0.021761,74.125.68.0-255,5738,149038,64,199135
7958,0.021767,172.31.40.0-255,66,149104,64,199135
7959,0.023802,74.125.68.0-255,5738,154842,64,199135
7960,0.023807,172.31.40.0-255,66,154908,64,199135
7961,0.02439,172.31.40.0-255,171,155079,64,199135
7962,0.024415,172.31.40.0-255,1136,156215,64,199135
7963,0.024446,172.31.40.0-255,1514,157729,64,199135
7964,0.024448,172.31.40.0-255,1272,159001,64,199135
7965,0.025831,74.125.68.0-255,4320,163321,64,199135
7966,0.025837,172.31.40.0-255,66,163387,64,199135
7967,0.02586,74.125.68.0-255,1484,164871,64,199135
7968,0.025953,104.244.42.0-255,66,164937,64,199135
7969,0.02596,104.244.42.0-255,66,165003,64,199135
7970,0.026005,104.244.42.0-255,66,165069,64,199135
7971,0.027884,74.125.68.0-255,4320,169389,64,199135
7972,0.027895,172.31.40.0-255,66,169455,64,199135
7973,0.02992,74.125.68.0-255,2902,172357,64,199135
7974,0.029926,172.31.40.0-255,66,172423,64,199135
7975,0.029962,74.125.68.0-255,2902,175325,64,199135
7976,0.029965,172.31.40.0-255,66,175391,64,199135
7977,0.031955,74.125.68.0-255,2902,178293,64,199135
7978,0.031961,172.31.40.0-255,66,178359,64,199135
7979,0.031997,74.125.68.0-255,2902,181261,64,199135
7980,0.032,172.31.40.0-255,66,181327,64,199135
7981,0.033986,74.125.68.0-255,2902,184229,64,199135
7982,0.033991,172.31.40.0-255,66,184295,64,199135
7983,0.034031,74.125.68.0-255,2902,187197,64,199135
7984,0.034034,172.31.40.0-255,66,187263,64,199135
7985,0.036017,74.125.68.0-255,2902,190165,64,199135
7986,0.036023,172.31.40.0-255,66,190231,64,199135
7987,0.036057,74.125.68.0-255,2902,193133,64,199135
7988,0.03606,172.31.40.0-255,66,193199,64,199135
7989,0.03805,74.125.68.0-255,2902,196101,64,199135
7990,0.038057,172.31.40.0-255,66,196167,64,199135
7991,0.038085,74.125.68.0-255,2902,199069,64,199135
7992,0.038088,172.31.40.0-255,66,199135,64,199135
7993,0.0,74.125.200.0-255,296,296,64,216048
7994,2.2e-05,172.31.40.0-255,66,362,64,216048
7995,2.8e-05,74.125.200.0-255,1484,1846,64,216048
7996,3.3e-05,172.31.40.0-255,66,1912,64,216048
7997,4e-05,74.125.200.0-255,4320,6232,64,216048
7998,5e-05,172.31.40.0-255,66,6298,64,216048
7999,5.7e-05,74.125.200.0-255,7156,13454,64,216048
8000,5.9e-05,172.31.40.0-255,66,13520,64,216048
8001,0.000114,172.31.40.0-255,66,13586,64,216048
8002,0.00012,74.125.200.0-255,5738,19324,64,216048
8003,0.000122,172.31.40.0-255,66,19390,64,216048
8004,0.000159,74.125.200.0-255,3961,23351,64,216048
8005,0.000162,172.31.40.0-255,66,23417,64,216048
8006,0.000242,74.125.200.0-255,1484,24901,64,216048
8007,0.000245,172.31.40.0-255,66,24967,64,216048
8008,0.000249,74.125.200.0-255,2902,27869,64,216048
8009,0.000251,172.31.40.0-255,66,27935,64,216048
8010,0.000275,74.125.200.0-255,5738,33673,64,216048
8011,0.000277,172.31.40.0-255,66,33739,64,216048
8012,0.000305,74.125.200.0-255,6797,40536,64,216048
8013,0.000307,172.31.40.0-255,66,40602,64,216048
8014,0.000621,74.125.200.0-255,1484,42086,64,216048
8015,0.000627,172.31.40.0-255,66,42152,64,216048
8016,0.000633,74.125.200.0-255,2902,45054,64,216048
8017,0.000635,172.31.40.0-255,66,45120,64,216048
8018,0.000647,74.125.200.0-255,5738,50858,64,216048
8019,0.00065,172.31.40.0-255,66,50924,64,216048
8020,0.000654,74.125.200.0-255,2902,53826,64,216048
8021,0.000657,172.31.40.0-255,66,53892,64,216048
8022,0.000661,74.125.200.0-255,2902,56794,64,216048
8023,0.000663,172.31.40.0-255,66,56860,64,216048
8024,0.000692,74.125.200.0-255,1125,57985,64,216048
8025,0.000795,74.125.200.0-255,1484,59469,64,216048
8026,0.000799,172.31.40.0-255,66,59535,64,216048
8027,0.000805,74.125.200.0-255,2902,62437,64,216048
8028,0.000807,172.31.40.0-255,66,62503,64,216048
8029,0.000818,74.125.200.0-255,4320,66823,64,216048
8030,0.00082,172.31.40.0-255,66,66889,64,216048
8031,0.000849,74.125.200.0-255,4320,71209,64,216048
8032,0.000852,172.31.40.0-255,66,71275,64,216048
8033,0.000882,74.125.200.0-255,5379,76654,64,216048
8034,0.000885,172.31.40.0-255,66,76720,64,216048
8035,0.000889,74.125.200.0-255,2902,79622,64,216048
8036,0.000891,172.31.40.0-255,66,79688,64,216048
8037,0.000919,74.125.200.0-255,5738,85426,64,216048
8038,0.000922,172.31.40.0-255,66,85492,64,216048
8039,0.000959,172.31.40.0-255,66,85558,64,216048
8040,0.001149,74.125.200.0-255,1484,87042,64,216048
8041,0.001157,74.125.200.0-255,1484,88526,64,216048
8042,0.001161,172.31.40.0-255,66,88592,64,216048
8043,0.001185,74.125.200.0-255,1484,90076,64,216048
8044,0.001188,74.125.200.0-255,1484,91560,64,216048
8045,0.00119,172.31.40.0-255,66,91626,64,216048
8046,0.001216,74.125.200.0-255,2902,94528,64,216048
8047,0.001219,172.31.40.0-255,66,94594,64,216048
8048,0.001247,74.125.200.0-255,7156,101750,64,216048
8049,0.00125,172.31.40.0-255,66,101816,64,216048
8050,0.001253,74.125.200.0-255,461,102277,64,216048
8051,0.00143,74.125.200.0-255,198,102475,64,216048
8052,0.00178,172.31.40.0-255,66,102541,64,216048
8053,0.001864,74.125.200.0-255,1484,104025,64,216048
8054,0.001873,74.125.200.0-255,2902,106927,64,216048
8055,0.001876,172.31.40.0-255,66,106993,64,216048
8056,0.00188,74.125.200.0-255,1484,108477,64,216048
8057,0.001923,74.125.200.0-255,2902,111379,64,216048
8058,0.001926,172.31.40.0-255,66,111445,64,216048
8059,0.001936,172.31.40.0-255,66,111511,64,216048
8060,0.001976,172.31.40.0-255,66,111577,64,216048
8061,0.001983,74.125.200.0-255,4320,115897,64,216048
8062,0.001984,172.31.40.0-255,66,115963,64,216048
8063,0.002021,74.125.200.0-255,2184,118147,64,216048
8064,0.002024,172.31.40.0-255,66,118213,64,216048
8065,0.004301,74.125.200.0-255,2902,121115,64,216048
8066,0.004309,172.31.40.0-255,66,121181,64,216048
8067,0.004339,74.125.200.0-255,2902,124083,64,216048
8068,0.004342,172.31.40.0-255,66,124149,64,216048
8069,0.006613,74.125.200.0-255,2902,127051,64,216048
8070,0.00662,172.31.40.0-255,66,127117,64,216048
8071,0.006655,74.125.200.0-255,2902,130019,64,216048
8072,0.006658,172.31.40.0-255,66,130085,64,216048
8073,0.008906,74.125.200.0-255,2902,132987,64,216048
8074,0.008913,172.31.40.0-255,66,133053,64,216048
8075,0.008946,74.125.200.0-255,2902,135955,64,216048
8076,0.008949,172.31.40.0-255,66,136021,64,216048
8077,0.011206,74.125.200.0-255,2902,138923,64,216048
8078,0.011213,172.31.40.0-255,66,138989,64,216048
8079,0.011247,74.125.200.0-255,2902,141891,64,216048
8080,0.011251,172.31.40.0-255,66,141957,64,216048
8081,0.013522,74.125.200.0-255,2902,144859,64,216048
8082,0.01353,172.31.40.0-255,66,144925,64,216048
8083,0.013558,74.125.200.0-255,2902,147827,64,216048
8084,0.013561,172.31.40.0-255,66,147893,64,216048
8085,0.015835,74.125.200.0-255,2902,150795,64,216048
8086,0.015846,172.31.40.0-255,66,150861,64,216048
8087,0.015879,74.125.200.0-255,2902,153763,64,216048
8088,0.015881,172.31.40.0-255,66,153829,64,216048
8089,0.018141,74.125.200.0-255,2902,156731,64,216048
8090,0.018151,172.31.40.0-255,66,156797,64,216048
8091,0.018178,74.125.200.0-255,2902,159699,64,216048
8092,0.018182,172.31.40.0-255,66,159765,64,216048
8093,0.020486,74.125.200.0-255,2902,162667,64,216048
8094,0.020494,172.31.40.0-255,66,162733,64,216048
8095,0.020524,74.125.200.0-255,2902,165635,64,216048
8096,0.020527,172.31.40.0-255,66,165701,64,216048
8097,0.022834,74.125.200.0-255,4320,170021,64,216048
8098,0.022846,172.31.40.0-255,66,170087,64,216048
8099,0.022876,74.125.200.0-255,1484,171571,64,216048
8100,0.025144,74.125.200.0-255,4320,175891,64,216048
8101,0.025152,172.31.40.0-255,66,175957,64,216048
8102,0.027457,74.125.200.0-255,5738,181695,64,216048
8103,0.027465,172.31.40.0-255,66,181761,64,216048
8104,0.029748,74.125.200.0-255,5738,187499,64,216048
8105,0.029755,172.31.40.0-255,66,187565,64,216048
8106,0.030495,172.31.40.0-255,167,187732,64,216048
8107,0.030526,172.31.40.0-255,1110,188842,64,216048
8108,0.030585,172.31.40.0-255,1514,190356,64,216048
8109,0.030587,172.31.40.0-255,1514,191870,64,216048
8110,0.030588,172.31.40.0-255,698,192568,64,216048
8111,0.032056,104.244.42.0-255,66,192634,64,216048
8112,0.032084,74.125.200.0-255,5738,198372,64,216048
8113,0.032088,172.31.40.0-255,66,198438,64,216048
8114,0.032114,104.244.42.0-255,66,198504,64,216048
8115,0.032143,104.244.42.0-255,66,198570,64,216048
8116,0.032146,104.244.42.0-255,66,198636,64,216048
8117,0.034396,74.125.200.0-255,5738,204374,64,216048
8118,0.034402,172.31.40.0-255,66,204440,64,216048
8119,0.036717,74.125.200.0-255,5738,210178,64,216048
8120,0.036724,172.31.40.0-255,66,210244,64,216048
8121,0.039031,74.125.200.0-255,5738,215982,64,216048
8122,0.039037,172.31.40.0-255,66,216048,64,216048
8123,0.0,74.125.68.0-255,153,153,64,323249
8124,2.5e-05,172.31.40.0-255,66,219,64,323249
8125,3.2e-05,74.125.68.0-255,1484,1703,64,323249
8126,3.7e-05,172.31.40.0-255,66,1769,64,323249
8127,4.2e-05,74.125.68.0-255,2902,4671,64,323249
8128,4.7e-05,172.31.40.0-255,66,4737,64,323249
8129,5.3e-05,74.125.68.0-255,4320,9057,64,323249
8130,5.5e-05,172.31.40.0-255,66,9123,64,323249
8131,5.8e-05,74.125.68.0-255,1484,10607,64,323249
8132,6e-05,172.31.40.0-255,66,10673,64,323249
8133,8.5e-05,74.125.68.0-255,3517,14190,64,323249
8134,8.8e-05,172.31.40.0-255,66,14256,64,323249
8135,0.000105,74.125.68.0-255,7156,21412,64,323249
8136,0.000108,172.31.40.0-255,66,21478,64,323249
8137,0.000131,74.125.68.0-255,2902,24380,64,323249
8138,0.000133,172.31.40.0-255,66,24446,64,323249
8139,0.000155,74.125.68.0-255,6797,31243,64,323249
8140,0.000157,172.31.40.0-255,66,31309,64,323249
8141,0.000283,74.125.68.0-255,1484,32793,64,323249
8142,0.000287,172.31.40.0-255,66,32859,64,323249
8143,0.000305,74.125.68.0-255,1484,34343,64,323249
8144,0.000307,172.31.40.0-255,66,34409,64,323249
8145,0.00032,74.125.68.0-255,2902,37311,64,323249
8146,0.000323,172.31.40.0-255,66,37377,64,323249
8147,0.000354,74.125.68.0-255,5738,43115,64,323249
8148,0.000357,172.31.40.0-255,66,43181,64,323249
8149,0.000361,74.125.68.0-255,2902,46083,64,323249
8150,0.000363,172.31.40.0-255,66,46149,64,323249
8151,0.000368,74.125.68.0-255,3961,50110,64,323249
8152,0.00037,172.31.40.0-255,66,50176,64,323249
8153,0.000389,74.125.68.0-255,1484,51660,64,323249
8154,0.000391,172.31.40.0-255,66,51726,64,323249
8155,0.000421,74.125.68.0-255,7156,58882,64,323249
8156,0.000425,172.31.40.0-255,66,58948,64,323249
8157,0.000429,74.125.68.0-255,2902,61850,64,323249
8158,0.000431,172.31.40.0-255,66,61916,64,323249
8159,0.000473,74.125.68.0-255,3961,65877,64,323249
8160,0.000476,172.31.40.0-255,66,65943,64,323249
8161,0.00076,74.125.68.0-255,647,66590,64,323249
8162,0.00089,74.125.68.0-255,1484,68074,64,323249
8163,0.000895,172.31.40.0-255,66,68140,64,323249
8164,0.000899,74.125.68.0-255,1484,69624,64,323249
8165,0.000912,74.125.68.0-255,1484,71108,64,323249
8166,0.000914,172.31.40.0-255,66,71174,64,323249
8167,0.000921,74.125.68.0-255,4320,75494,64,323249
8168,0.000923,172.31.40.0-255,66,75560,64,323249
8169,0.00094,74.125.68.0-255,2902,78462,64,323249
8170,0.000942,172.31.40.0-255,66,78528,64,323249
8171,0.000958,74.125.68.0-255,5738,84266,64,323249
8172,0.00096,172.31.40.0-255,66,84332,64,323249
8173,0.000967,74.125.68.0-255,5738,90070,64,323249
8174,0.000969,172.31.40.0-255,66,90136,64,323249
8175,0.001005,74.125.68.0-255,7156,97292,64,323249
8176,0.001008,172.31.40.0-255,66,97358,64,323249
8177,0.001013,74.125.68.0-255,2902,100260,64,323249
8178,0.001015,172.31.40.0-255,66,100326,64,323249
8179,0.001038,74.125.68.0-255,766,101092,64,323249
8180,0.001131,74.125.68.0-255,1484,102576,64,323249
8181,0.001134,172.31.40.0-255,66,102642,64,323249
8182,0.00114,74.125.68.0-255,2902,105544,64,323249
8183,0.001141,172.31.40.0-255,66,105610,64,323249
8184,0.001156,74.125.68.0-255,1484,107094,64,323249
8185,0.001171,74.125.68.0-255,4320,111414,64,323249
8186,0.001174,172.31.40.0-255,66,111480,64,323249
8187,0.001179,74.125.68.0-255,2902,114382,64,323249
8188,0.001181,172.31.40.0-255,66,114448,64,323249
8189,0.001215,74.125.68.0-255,4320,118768,64,323249
8190,0.001218,172.31.40.0-255,66,118834,64,323249
8191,0.001231,172.31.40.0-255,66,118900,64,323249
8192,0.001254,74.125.68.0-255,2902,121802,64,323249
8193,0.001257,172.31.40.0-255,66,121868,64,323249
8194,0.001261,74.125.68.0-255,1484,123352,64,323249
8195,0.001282,74.125.68.0-255,2184,125536,64,323249
8196,0.001286,172.31.40.0-255,66,125602,64,323249
8197,0.001397,74.125.68.0-255,1484,127086,64,323249
8198,0.001447,74.125.68.0-255,2902,129988,64,323249
8199,0.001451,172.31.40.0-255,66,130054,64,323249
8200,0.001475,74.125.68.0-255,5738,135792,64,323249
8201,0.001478,172.31.40.0-255,66,135858,64,323249
8202,0.001484,74.125.68.0-255,4320,140178,64,323249
8203,0.001485,172.31.40.0-255,66,140244,64,323249
8204,0.001498,74.125.68.0-255,2902,143146,64,323249
8205,0.001502,172.31.40.0-255,66,143212,64,323249
8206,0.001536,74.125.68.0-255,5738,148950,64,323249
8207,0.001538,172.31.40.0-255,66,149016,64,323249
8208,0.001553,74.125.68.0-255,1484,150500,64,323249
8209,0.001579,172.31.40.0-255,66,150566,64,323249
8210,0.001582,74.125.68.0-255,766,151332,64,323249
8211,0.001602,74.125.68.0-255,1484,152816,64,323249
8212,0.001637,172.31.40.0-255,66,152882,64,323249
8213,0.001646,74.125.68.0-255,1484,154366,64,323249
8214,0.00165,74.125.68.0-255,2902,157268,64,323249
8215,0.001653,172.31.40.0-255,66,157334,64,323249
8216,0.001676,74.125.68.0-255,2902,160236,64,323249
8217,0.001682,74.125.68.0-255,4320,164556,64,323249
8218,0.00169,172.31.40.0-255,66,164622,64,323249
8219,0.001694,172.31.40.0-255,66,164688,64,323249
8220,0.001725,74.125.68.0-255,5738,170426,64,323249
8221,0.001728,172.31.40.0-255,66,170492,64,323249
8222,0.001753,74.125.68.0-255,7156,177648,64,323249
8223,0.001756,172.31.40.0-255,66,177714,64,323249
8224,0.001769,74.125.68.0-255,2902,180616,64,323249
8225,0.001773,172.31.40.0-255,66,180682,64,323249
8226,0.001787,74.125.68.0-255,5020,185702,64,323249
8227,0.001804,172.31.40.0-255,66,185768,64,323249
8228,0.002105,74.125.68.0-255,1484,187252,64,323249
8229,0.002112,74.125.68.0-255,2902,190154,64,323249
8230,0.002116,172.31.40.0-255,66,190220,64,323249
8231,0.00212,74.125.68.0-255,2902,193122,64,323249
8232,0.002123,172.31.40.0-255,66,193188,64,323249
8233,0.002138,74.125.68.0-255,4320,197508,64,323249
8234,0.002141,172.31.40.0-255,66,197574,64,323249
8235,0.002164,74.125.68.0-255,2902,200476,64,323249
8236,0.002167,172.31.40.0-255,66,200542,64,323249
8237,0.002188,74.125.68.0-255,5738,206280,64,323249
8238,0.002191,172.31.40.0-255,66,206346,64,323249
8239,0.002196,74.125.68.0-255,2902,209248,64,323249
8240,0.002198,172.31.40.0-255,66,209314,64,323249
8241,0.002215,74.125.68.0-255,2902,212216,64,323249
8242,0.002217,172.31.40.0-255,66,212282,64,323249
8243,0.002222,74.125.68.0-255,2902,215184,64,323249
8244,0.002224,172.31.40.0-255,66,215250,64,323249
8245,0.002247,74.125.68.0-255,5020,220270,64,323249
8246,0.00225,172.31.40.0-255,66,220336,64,323249
8247,0.002341,74.125.68.0-255,1484,221820,64,323249
8248,0.002347,74.125.68.0-255,2902,224722,64,323249
8249,0.002352,172.31.40.0-255,66,224788,64,323249
8250,0.002366,74.125.68.0-255,5738,230526,64,323249
8251,0.002369,172.31.40.0-255,66,230592,64,323249
8252,0.002378,74.125.68.0-255,1484,232076,64,323249
8253,0.004723,74.125.68.0-255,4320,236396,64,323249
8254,0.00473,172.31.40.0-255,66,236462,64,323249
8255,0.007081,74.125.68.0-255,2902,239364,64,323249
8256,0.007088,172.31.40.0-255,66,239430,64,323249
8257,0.007103,74.125.68.0-255,2902,242332,64,323249
8258,0.007106,172.31.40.0-255,66,242398,64,323249
8259,0.009437,74.125.68.0-255,2902,245300,64,323249
8260,0.009444,172.31.40.0-255,66,245366,64,323249
8261,0.009469,74.125.68.0-255,2902,248268,64,323249
8262,0.009472,172.31.40.0-255,66,248334,64,323249
8263,0.011813,74.125.68.0-255,5738,254072,64,323249
8264,0.01182,172.31.40.0-255,66,254138,64,323249
8265,0.014181,74.125.68.0-255,5738,259876,64,323249
8266,0.014189,172.31.40.0-255,66,259942,64,323249
8267,0.016557,74.125.68.0-255,5738,265680,64,323249
8268,0.016567,172.31.40.0-255,66,265746,64,323249
8269,0.018927,74.125.68.0-255,5738,271484,64,323249
8270,0.018936,172.31.40.0-255,66,271550,64,323249
8271,0.0213,74.125.68.0-255,5738,277288,64,323249
8272,0.021307,172.31.40.0-255,66,277354,64,323249
8273,0.023674,74.125.68.0-255,5738,283092,64,323249
8274,0.023681,172.31.40.0-255,66,283158,64,323249
8275,0.026038,74.125.68.0-255,5738,288896,64,323249
8276,0.026045,172.31.40.0-255,66,288962,64,323249
8277,0.028401,74.125.68.0-255,5738,294700,64,323249
8278,0.028409,172.31.40.0-255,66,294766,64,323249
8279,0.030769,74.125.68.0-255,5738,300504,64,323249
8280,0.030777,172.31.40.0-255,66,300570,64,323249
8281,0.031903,172.31.40.0-255,167,300737,64,323249
8282,0.031934,172.31.40.0-255,1110,301847,64,323249
8283,0.031994,172.31.40.0-255,1514,303361,64,323249
8284,0.031996,172.31.40.0-255,1514,304875,64,323249
8285,0.032026,172.31.40.0-255,698,305573,64,323249
8286,0.033138,74.125.68.0-255,5738,311311,64,323249
8287,0.033146,172.31.40.0-255,66,311377,64,323249
8288,0.033439,104.244.42.0-255,66,311443,64,323249
8289,0.033493,104.244.42.0-255,66,311509,64,323249
8290,0.033578,104.244.42.0-255,66,311575,64,323249
8291,0.03363,104.244.42.0-255,66,311641,64,323249
8292,0.035511,74.125.68.0-255,5738,317379,64,323249
8293,0.035518,172.31.40.0-255,66,317445,64,323249
8294,0.037877,74.125.68.0-255,5738,323183,64,323249
8295,0.037884,172.31.40.0-255,66,323249,64,323249
8296,0.0,74.125.130.0-255,146,146,64,267214
8297,2.3e-05,172.31.40.0-255,66,212,64,267214
8298,3e-05,74.125.130.0-255,1484,1696,64,267214
8299,3.4e-05,172.31.40.0-255,66,1762,64,267214
8300,4e-05,74.125.130.0-255,2902,4664,64,267214
8301,5.3e-05,172.31.40.0-255,66,4730,64,267214
8302,5.8e-05,74.125.130.0-255,4320,9050,64,267214
8303,6.1e-05,172.31.40.0-255,66,9116,64,267214
8304,6.5e-05,74.125.130.0-255,2902,12018,64,267214
8305,6.9e-05,172.31.40.0-255,66,12084,64,267214
8306,8.8e-05,74.125.130.0-255,2062,14146,64,267214
8307,9.5e-05,172.31.40.0-255,66,14212,64,267214
8308,0.000159,74.125.130.0-255,1484,15696,64,267214
8309,0.000162,172.31.40.0-255,66,15762,64,267214
8310,0.000165,74.125.130.0-255,1484,17246,64,267214
8311,0.000167,172.31.40.0-255,66,17312,64,267214
8312,0.000172,74.125.130.0-255,2902,20214,64,267214
8313,0.000179,172.31.40.0-255,66,20280,64,267214
8314,0.000211,74.125.130.0-255,5738,26018,64,267214
8315,0.000213,172.31.40.0-255,66,26084,64,267214
8316,0.000216,74.125.130.0-255,1484,27568,64,267214
8317,0.000219,172.31.40.0-255,66,27634,64,267214
8318,0.000276,74.125.130.0-255,3961,31595,64,267214
8319,0.000279,172.31.40.0-255,66,31661,64,267214
8320,0.000437,74.125.130.0-255,1484,33145,64,267214
8321,0.000442,172.31.40.0-255,66,33211,64,267214
8322,0.00045,74.125.130.0-255,2902,36113,64,267214
8323,0.000452,172.31.40.0-255,66,36179,64,267214
8324,0.000464,74.125.130.0-255,5738,41917,64,267214
8325,0.000467,172.31.40.0-255,66,41983,64,267214
8326,0.000471,74.125.130.0-255,2902,44885,64,267214
8327,0.000473,172.31.40.0-255,66,44951,64,267214
8328,0.000513,74.125.130.0-255,3961,48912,64,267214
8329,0.000516,172.31.40.0-255,66,48978,64,267214
8330,0.000526,172.31.40.0-255,66,49044,64,267214
8331,0.00053,74.125.130.0-255,2902,51946,64,267214
8332,0.000544,172.31.40.0-255,66,52012,64,267214
8333,0.000578,74.125.130.0-255,4320,56332,64,267214
8334,0.00059,74.125.130.0-255,1417,57749,64,267214
8335,0.0006,172.31.40.0-255,66,57815,64,267214
8336,0.000842,74.125.130.0-255,363,58178,64,267214
8337,0.001083,74.125.130.0-255,1484,59662,64,267214
8338,0.001088,172.31.40.0-255,66,59728,64,267214
8339,0.001117,74.125.130.0-255,2902,62630,64,267214
8340,0.001124,74.125.130.0-255,5738,68368,64,267214
8341,0.001129,74.125.130.0-255,2902,71270,64,267214
8342,0.001134,74.125.130.0-255,3961,75231,64,267214
8343,0.001177,172.31.40.0-255,66,75297,64,267214
8344,0.001206,74.125.130.0-255,1484,76781,64,267214
8345,0.001211,74.125.130.0-255,2902,79683,64,267214
8346,0.001214,172.31.40.0-255,66,79749,64,267214
8347,0.00124,74.125.130.0-255,4320,84069,64,267214
8348,0.001243,74.125.130.0-255,1484,85553,64,267214
8349,0.001261,74.125.130.0-255,4320,89873,64,267214
8350,0.001279,74.125.130.0-255,2543,92416,64,267214
8351,0.001294,172.31.40.0-255,66,92482,64,267214
8352,0.001706,74.125.130.0-255,1484,93966,64,267214
8353,0.001712,172.31.40.0-255,66,94032,64,267214
8354,0.00172,74.125.130.0-255,2902,96934,64,267214
8355,0.001723,172.31.40.0-255,66,97000,64,267214
8356,0.001735,74.125.130.0-255,5738,102738,64,267214
8357,0.001768,74.125.130.0-255,5738,108476,64,267214
8358,0.001779,74.125.130.0-255,1484,109960,64,267214
8359,0.001793,74.125.130.0-255,2902,112862,64,267214
8360,0.00182,74.125.130.0-255,7156,120018,64,267214
8361,0.001824,74.125.130.0-255,1484,121502,64,267214
8362,0.001839,74.125.130.0-255,2902,124404,64,267214
8363,0.001855,74.125.130.0-255,2184,126588,64,267214
8364,0.001887,74.125.130.0-255,1484,128072,64,267214
8365,0.00189,74.125.130.0-255,1484,129556,64,267214
8366,0.001908,74.125.130.0-255,1484,131040,64,267214
8367,0.001913,74.125.130.0-255,2902,133942,64,267214
8368,0.001937,74.125.130.0-255,2902,136844,64,267214
8369,0.00194,74.125.130.0-255,1484,138328,64,267214
8370,0.001962,74.125.130.0-255,2902,141230,64,267214
8371,0.001967,74.125.130.0-255,4320,145550,64,267214
8372,0.001977,74.125.130.0-255,1484,147034,64,267214
8373,0.001983,74.125.130.0-255,4320,151354,64,267214
8374,0.002013,74.125.130.0-255,4320,155674,64,267214
8375,0.002033,74.125.130.0-255,1484,157158,64,267214
8376,0.002036,74.125.130.0-255,1484,158642,64,267214
8377,0.002052,74.125.130.0-255,2184,160826,64,267214
8378,0.002297,74.125.130.0-255,1484,162310,64,267214
8379,0.002305,74.125.130.0-255,2902,165212,64,267214
8380,0.002322,74.125.130.0-255,5738,170950,64,267214
8381,0.002334,74.125.130.0-255,2902,173852,64,267214
8382,0.002337,74.125.130.0-255,1484,175336,64,267214
8383,0.002358,74.125.130.0-255,2902,178238,64,267214
8384,0.002384,74.125.130.0-255,1484,179722,64,267214
8385,0.002413,74.125.130.0-255,6438,186160,64,267214
8386,0.007482,172.31.40.0-255,66,186226,64,267214
8387,0.009852,74.125.130.0-255,5738,191964,64,267214
8388,0.00986,172.31.40.0-255,66,192030,64,267214
8389,0.012213,74.125.130.0-255,5738,197768,64,267214
8390,0.012221,172.31.40.0-255,66,197834,64,267214
8391,0.014564,74.125.130.0-255,5738,203572,64,267214
8392,0.014573,172.31.40.0-255,66,203638,64,267214
8393,0.01693,74.125.130.0-255,5738,209376,64,267214
8394,0.01694,172.31.40.0-255,66,209442,64,267214
8395,0.019315,74.125.130.0-255,5738,215180,64,267214
8396,0.019323,172.31.40.0-255,66,215246,64,267214
8397,0.021684,74.125.130.0-255,5738,220984,64,267214
8398,0.021691,172.31.40.0-255,66,221050,64,267214
8399,0.02405,74.125.130.0-255,5738,226788,64,267214
8400,0.024057,172.31.40.0-255,66,226854,64,267214
8401,0.026421,74.125.130.0-255,5738,232592,64,267214
8402,0.026427,172.31.40.0-255,66,232658,64,267214
8403,0.027306,172.31.40.0-255,172,232830,64,267214
8404,0.027339,172.31.40.0-255,1110,233940,64,267214
8405,0.027402,172.31.40.0-255,1514,235454,64,267214
8406,0.027404,172.31.40.0-255,1514,236968,64,267214
8407,0.027431,172.31.40.0-255,698,237666,64,267214
8408,0.028791,74.125.130.0-255,5738,243404,64,267214
8409,0.028798,172.31.40.0-255,66,243470,64,267214
8410,0.028828,104.244.42.0-255,66,243536,64,267214
8411,0.028887,104.244.42.0-255,66,243602,64,267214
8412,0.028993,104.244.42.0-255,66,243668,64,267214
8413,0.028999,104.244.42.0-255,66,243734,64,267214
8414,0.03122,74.125.130.0-255,5738,249472,64,267214
8415,0.031226,172.31.40.0-255,66,249538,64,267214
8416,0.033583,74.125.130.0-255,5738,255276,64,267214
8417,0.033591,172.31.40.0-255,66,255342,64,267214
8418,0.035939,74.125.130.0-255,1484,256826,64,267214
8419,0.035945,172.31.40.0-255,66,256892,64,267214
8420,0.035978,74.125.130.0-255,4320,261212,64,267214
8421,0.036021,172.31.40.0-255,66,261278,64,267214
8422,0.038294,74.125.130.0-255,1484,262762,64,267214
8423,0.038302,172.31.40.0-255,66,262828,64,267214
8424,0.038354,74.125.130.0-255,4320,267148,64,267214
8425,0.0386,172.31.40.0-255,66,267214,64,267214
8426,0.0,74.125.200.0-255,148,148,64,328067
8427,1.7e-05,172.31.40.0-255,66,214,64,328067
8428,2.4e-05,74.125.200.0-255,1484,1698,64,328067
8429,2.8e-05,172.31.40.0-255,66,1764,64,328067
8430,3.4e-05,74.125.200.0-255,2902,4666,64,328067
8431,3.7e-05,172.31.40.0-255,66,4732,64,328067
8432,7e-05,74.125.200.0-255,7156,11888,64,328067
8433,7.3e-05,172.31.40.0-255,66,11954,64,328067
8434,7.7e-05,74.125.200.0-255,2092,14046,64,328067
8435,8e-05,172.31.40.0-255,66,14112,64,328067
8436,0.000166,74.125.200.0-255,1484,15596,64,328067
8437,0.000169,172.31.40.0-255,66,15662,64,328067
8438,0.000174,74.125.200.0-255,2902,18564,64,328067
8439,0.000176,172.31.40.0-255,66,18630,64,328067
8440,0.000192,74.125.200.0-255,5738,24368,64,328067
8441,0.000194,172.31.40.0-255,66,24434,64,328067
8442,0.000223,74.125.200.0-255,4320,28754,64,328067
8443,0.000225,172.31.40.0-255,66,28820,64,328067
8444,0.00024,74.125.200.0-255,2543,31363,64,328067
8445,0.000243,172.31.40.0-255,66,31429,64,328067
8446,0.000247,74.125.200.0-255,2902,34331,64,328067
8447,0.000249,172.31.40.0-255,66,34397,64,328067
8448,0.00027,74.125.200.0-255,4320,38717,64,328067
8449,0.000272,172.31.40.0-255,66,38783,64,328067
8450,0.000283,172.31.40.0-255,66,38849,64,328067
8451,0.000356,74.125.200.0-255,1484,40333,64,328067
8452,0.000361,172.31.40.0-255,66,40399,64,328067
8453,0.000365,74.125.200.0-255,1484,41883,64,328067
8454,0.000367,172.31.40.0-255,66,41949,64,328067
8455,0.000371,74.125.200.0-255,1484,43433,64,328067
8456,0.000372,172.31.40.0-255,66,43499,64,328067
8457,0.000388,74.125.200.0-255,1484,44983,64,328067
8458,0.000394,74.125.200.0-255,4320,49303,64,328067
8459,0.000397,172.31.40.0-255,66,49369,64,328067
8460,0.000415,74.125.200.0-255,1484,50853,64,328067
8461,0.000417,74.125.200.0-255,1484,52337,64,328067
8462,0.00042,172.31.40.0-255,66,52403,64,328067
8463,0.000442,74.125.200.0-255,3961,56364,64,328067
8464,0.000445,172.31.40.0-255,66,56430,64,328067
8465,0.000474,74.125.200.0-255,397,56827,64,328067
8466,0.000521,74.125.200.0-255,1484,58311,64,328067
8467,0.000524,172.31.40.0-255,66,58377,64,328067
8468,0.000543,74.125.200.0-255,2902,61279,64,328067
8469,0.000545,172.31.40.0-255,66,61345,64,328067
8470,0.000549,74.125.200.0-255,2902,64247,64,328067
8471,0.000552,172.31.40.0-255,66,64313,64,328067
8472,0.00058,74.125.200.0-255,2902,67215,64,328067
8473,0.000583,172.31.40.0-255,66,67281,64,328067
8474,0.00059,74.125.200.0-255,7156,74437,64,328067
8475,0.000593,172.31.40.0-255,66,74503,64,328067
8476,0.000603,172.31.40.0-255,66,74569,64,328067
8477,0.000631,74.125.200.0-255,4320,78889,64,328067
8478,0.000633,172.31.40.0-255,66,78955,64,328067
8479,0.000648,74.125.200.0-255,3602,82557,64,328067
8480,0.000651,172.31.40.0-255,66,82623,64,328067
8481,0.000653,74.125.200.0-255,346,82969,64,328067
8482,0.001033,74.125.200.0-255,1484,84453,64,328067
8483,0.001038,172.31.40.0-255,66,84519,64,328067
8484,0.001044,74.125.200.0-255,2902,87421,64,328067
8485,0.001046,172.31.40.0-255,66,87487,64,328067
8486,0.001052,74.125.200.0-255,5738,93225,64,328067
8487,0.001054,172.31.40.0-255,66,93291,64,328067
8488,0.001077,74.125.200.0-255,1484,94775,64,328067
8489,0.0011,172.31.40.0-255,66,94841,64,328067
8490,0.001117,74.125.200.0-255,2902,97743,64,328067
8491,0.00112,172.31.40.0-255,66,97809,64,328067
8492,0.001135,74.125.200.0-255,5738,103547,64,328067
8493,0.001138,172.31.40.0-255,66,103613,64,328067
8494,0.001155,74.125.200.0-255,5020,108633,64,328067
8495,0.001158,172.31.40.0-255,66,108699,64,328067
8496,0.001433,74.125.200.0-255,1484,110183,64,328067
8497,0.00144,74.125.200.0-255,2902,113085,64,328067
8498,0.001444,172.31.40.0-255,66,113151,64,328067
8499,0.001451,74.125.200.0-255,5738,118889,64,328067
8500,0.001454,172.31.40.0-255,66,118955,64,328067
8501,0.001485,74.125.200.0-255,5738,124693,64,328067
8502,0.001488,172.31.40.0-255,66,124759,64,328067
8503,0.001513,74.125.200.0-255,7156,131915,64,328067
8504,0.001515,172.31.40.0-255,66,131981,64,328067
8505,0.00154,74.125.200.0-255,5738,137719,64,328067
8506,0.001544,172.31.40.0-255,66,137785,64,328067
8507,0.001566,74.125.200.0-255,5020,142805,64,328067
8508,0.001569,172.31.40.0-255,66,142871,64,328067
8509,0.001588,74.125.200.0-255,1484,144355,64,328067
8510,0.001609,74.125.200.0-255,2902,147257,64,328067
8511,0.001612,172.31.40.0-255,66,147323,64,328067
8512,0.00162,74.125.200.0-255,5738,153061,64,328067
8513,0.001622,172.31.40.0-255,66,153127,64,328067
8514,0.001651,74.125.200.0-255,5738,158865,64,328067
8515,0.001654,172.31.40.0-255,66,158931,64,328067
8516,0.00166,74.125.200.0-255,5738,164669,64,328067
8517,0.001663,172.31.40.0-255,66,164735,64,328067
8518,0.001677,74.125.200.0-255,1484,166219,64,328067
8519,0.00168,74.125.200.0-255,1484,167703,64,328067
8520,0.001682,172.31.40.0-255,66,167769,64,328067
8521,0.001713,172.31.40.0-255,66,167835,64,328067
8522,0.001781,74.125.200.0-255,1484,169319,64,328067
8523,0.001785,74.125.200.0-255,1484,170803,64,328067
8524,0.001788,172.31.40.0-255,66,170869,64,328067
8525,0.001811,74.125.200.0-255,1484,172353,64,328067
8526,0.001818,74.125.200.0-255,5738,178091,64,328067
8527,0.00182,172.31.40.0-255,66,178157,64,328067
8528,0.001842,74.125.200.0-255,5738,183895,64,328067
8529,0.001845,172.31.40.0-255,66,183961,64,328067
8530,0.001869,74.125.200.0-255,5738,189699,64,328067
8531,0.001882,172.31.40.0-255,66,189765,64,328067
8532,0.001885,172.31.40.0-255,66,189831,64,328067
8533,0.001893,74.125.200.0-255,2184,192015,64,328067
8534,0.001895,172.31.40.0-255,66,192081,64,328067
8535,0.002008,74.125.200.0-255,1484,193565,64,328067
8536,0.002012,74.125.200.0-255,1484,195049,64,328067
8537,0.002015,172.31.40.0-255,66,195115,64,328067
8538,0.002028,74.125.200.0-255,1484,196599,64,328067
8539,0.002032,74.125.200.0-255,2902,199501,64,328067
8540,0.002036,172.31.40.0-255,66,199567,64,328067
8541,0.002052,74.125.200.0-255,4320,203887,64,328067
8542,0.002054,172.31.40.0-255,66,203953,64,328067
8543,0.002117,172.31.40.0-255,66,204019,64,328067
8544,0.00214,74.125.200.0-255,2902,206921,64,328067
8545,0.002159,74.125.200.0-255,2184,209105,64,328067
8546,0.002192,74.125.200.0-255,1484,210589,64,328067
8547,0.002207,74.125.200.0-255,2902,213491,64,328067
8548,0.002228,74.125.200.0-255,5738,219229,64,328067
8549,0.002232,74.125.200.0-255,2902,222131,64,328067
8550,0.002248,74.125.200.0-255,4320,226451,64,328067
8551,0.002265,74.125.200.0-255,5738,232189,64,328067
8552,0.002283,74.125.200.0-255,2902,235091,64,328067
8553,0.002286,74.125.200.0-255,2902,237993,64,328067
8554,0.002299,74.125.200.0-255,4320,242313,64,328067
8555,0.002301,74.125.200.0-255,766,243079,64,328067
8556,0.00544,172.31.40.0-255,66,243145,64,328067
8557,0.005445,172.31.40.0-255,66,243211,64,328067
8558,0.005448,172.31.40.0-255,66,243277,64,328067
8559,0.005452,172.31.40.0-255,66,243343,64,328067
8560,0.005461,172.31.40.0-255,66,243409,64,328067
8561,0.005464,172.31.40.0-255,66,243475,64,328067
8562,0.005468,172.31.40.0-255,66,243541,64,328067
8563,0.00547,172.31.40.0-255,66,243607,64,328067
8564,0.005473,172.31.40.0-255,66,243673,64,328067
8565,0.005476,172.31.40.0-255,66,243739,64,328067
8566,0.005479,172.31.40.0-255,66,243805,64,328067
8567,0.006813,172.31.40.0-255,66,243871,64,328067
8568,0.00782,74.125.200.0-255,4320,248191,64,328067
8569,0.007826,172.31.40.0-255,66,248257,64,328067
8570,0.00911,74.125.200.0-255,1484,249741,64,328067
8571,0.010133,74.125.200.0-255,4320,254061,64,328067
8572,0.01014,172.31.40.0-255,66,254127,64,328067
8573,0.012453,74.125.200.0-255,5738,259865,64,328067
8574,0.012462,172.31.40.0-255,66,259931,64,328067
8575,0.014776,74.125.200.0-255,5738,265669,64,328067
8576,0.014785,172.31.40.0-255,66,265735,64,328067
8577,0.017104,74.125.200.0-255,5738,271473,64,328067
8578,0.017112,172.31.40.0-255,66,271539,64,328067
8579,0.019426,74.125.200.0-255,5738,277277,64,328067
8580,0.019434,172.31.40.0-255,66,277343,64,328067
8581,0.021751,74.125.200.0-255,5738,283081,64,328067
8582,0.021759,172.31.40.0-255,66,283147,64,328067
8583,0.024078,74.125.200.0-255,5738,288885,64,328067
8584,0.024088,172.31.40.0-255,66,288951,64,328067
8585,0.026401,74.125.200.0-255,5738,294689,64,328067
8586,0.026409,172.31.40.0-255,66,294755,64,328067
8587,0.028722,74.125.200.0-255,5738,300493,64,328067
8588,0.02873,172.31.40.0-255,66,300559,64,328067
8589,0.031054,74.125.200.0-255,5738,306297,64,328067
8590,0.031065,172.31.40.0-255,66,306363,64,328067
8591,0.033378,74.125.200.0-255,5738,312101,64,328067
8592,0.033387,172.31.40.0-255,66,312167,64,328067
8593,0.033857,172.31.40.0-255,172,312339,64,328067
8594,0.033884,172.31.40.0-255,1108,313447,64,328067
8595,0.033935,172.31.40.0-255,1514,314961,64,328067
8596,0.033937,172.31.40.0-255,1300,316261,64,328067
8597,0.035521,104.244.42.0-255,66,316327,64,328067
8598,0.035555,104.244.42.0-255,66,316393,64,328067
8599,0.03562,104.244.42.0-255,66,316459,64,328067
8600,0.035718,74.125.200.0-255,5738,322197,64,328067
8601,0.035724,172.31.40.0-255,66,322263,64,328067
8602,0.038048,74.125.200.0-255,5738,328001,64,328067
8603,0.03806,172.31.40.0-255,66,328067,64,328067
8604,0.0,172.31.40.0-255,105,105,64,459
8605,0.000205,172.31.40.0-255,90,195,64,459
8606,0.000214,172.31.40.0-255,66,261,64,459
8607,0.0025,74.125.24.0-255,66,327,64,459
8608,0.002531,74.125.24.0-255,66,393,64,459
8609,0.002553,172.31.40.0-255,66,459,64,459
8610,0.0,172.217.194.0-255,146,146,64,186341
8611,2.3e-05,172.31.40.0-255,66,212,64,186341
8612,3e-05,172.217.194.0-255,1484,1696,64,186341
8613,3.5e-05,172.31.40.0-255,66,1762,64,186341
8614,4.8e-05,172.217.194.0-255,2902,4664,64,186341
8615,5.2e-05,172.31.40.0-255,66,4730,64,186341
8616,7.3e-05,172.217.194.0-255,5738,10468,64,186341
8617,8.1e-05,172.31.40.0-255,66,10534,64,186341
8618,0.00011,172.217.194.0-255,1484,12018,64,186341
8619,0.000112,172.31.40.0-255,66,12084,64,186341
8620,0.000134,172.31.40.0-255,66,12150,64,186341
8621,0.000138,172.217.194.0-255,2543,14693,64,186341
8622,0.00014,172.31.40.0-255,66,14759,64,186341
8623,0.000143,172.217.194.0-255,1484,16243,64,186341
8624,0.000146,172.31.40.0-255,66,16309,64,186341
8625,0.000151,172.217.194.0-255,2902,19211,64,186341
8626,0.000153,172.31.40.0-255,66,19277,64,186341
8627,0.00016,172.217.194.0-255,5738,25015,64,186341
8628,0.000163,172.31.40.0-255,66,25081,64,186341
8629,0.000182,172.217.194.0-255,2902,27983,64,186341
8630,0.000185,172.31.40.0-255,66,28049,64,186341
8631,0.000216,172.31.40.0-255,66,28115,64,186341
8632,0.000228,172.31.40.0-255,66,28181,64,186341
8633,0.000231,172.217.194.0-255,1109,29290,64,186341
8634,0.000233,172.31.40.0-255,66,29356,64,186341
8635,0.000256,172.217.194.0-255,364,29720,64,186341
8636,0.000258,172.31.40.0-255,66,29786,64,186341
8637,0.000303,172.217.194.0-255,1484,31270,64,186341
8638,0.000306,172.31.40.0-255,66,31336,64,186341
8639,0.000324,172.217.194.0-255,4320,35656,64,186341
8640,0.000327,172.31.40.0-255,66,35722,64,186341
8641,0.00035,172.217.194.0-255,7156,42878,64,186341
8642,0.000353,172.31.40.0-255,66,42944,64,186341
8643,0.000394,172.217.194.0-255,3413,46357,64,186341
8644,0.000397,172.31.40.0-255,66,46423,64,186341
8645,0.000654,172.217.194.0-255,1484,47907,64,186341
8646,0.000662,172.217.194.0-255,2902,50809,64,186341
8647,0.000666,172.31.40.0-255,66,50875,64,186341
8648,0.00067,172.217.194.0-255,1484,52359,64,186341
8649,0.000699,172.217.194.0-255,4320,56679,64,186341
8650,0.000707,172.217.194.0-255,7156,63835,64,186341
8651,0.000712,172.31.40.0-255,66,63901,64,186341
8652,0.000715,172.31.40.0-255,66,63967,64,186341
8653,0.000736,172.217.194.0-255,5738,69705,64,186341
8654,0.000738,172.31.40.0-255,66,69771,64,186341
8655,0.000752,172.31.40.0-255,66,69837,64,186341
8656,0.000754,172.217.194.0-255,766,70603,64,186341
8657,0.001571,172.31.40.0-255,66,70669,64,186341
8658,0.002114,172.217.194.0-255,1484,72153,64,186341
8659,0.002124,172.217.194.0-255,2902,75055,64,186341
8660,0.002129,172.31.40.0-255,66,75121,64,186341
8661,0.00219,172.217.194.0-255,4320,79441,64,186341
8662,0.002194,172.31.40.0-255,66,79507,64,186341
8663,0.002214,172.217.194.0-255,1484,80991,64,186341
8664,0.002228,172.31.40.0-255,66,81057,64,186341
8665,0.002241,172.31.40.0-255,66,81123,64,186341
8666,0.002266,172.217.194.0-255,766,81889,64,186341
8667,0.002346,172.217.194.0-255,1484,83373,64,186341
8668,0.002351,172.31.40.0-255,66,83439,64,186341
8669,0.002357,172.217.194.0-255,2902,86341,64,186341
8670,0.002359,172.31.40.0-255,66,86407,64,186341
8671,0.00237,172.217.194.0-255,4320,90727,64,186341
8672,0.002372,172.31.40.0-255,66,90793,64,186341
8673,0.002402,172.217.194.0-255,1484,92277,64,186341
8674,0.002417,172.31.40.0-255,66,92343,64,186341
8675,0.002429,172.31.40.0-255,66,92409,64,186341
8676,0.002452,172.217.194.0-255,1484,93893,64,186341
8677,0.002488,172.31.40.0-255,66,93959,64,186341
8678,0.002515,172.31.40.0-255,66,94025,64,186341
8679,0.00252,172.217.194.0-255,4320,98345,64,186341
8680,0.002523,172.31.40.0-255,66,98411,64,186341
8681,0.002544,172.217.194.0-255,3602,102013,64,186341
8682,0.00255,172.31.40.0-255,66,102079,64,186341
8683,0.005142,172.217.194.0-255,1484,103563,64,186341
8684,0.0052,172.217.194.0-255,4320,107883,64,186341
8685,0.005202,172.31.40.0-255,66,107949,64,186341
8686,0.007898,172.217.194.0-255,5738,113687,64,186341
8687,0.007911,172.31.40.0-255,66,113753,64,186341
8688,0.010555,172.217.194.0-255,5738,119491,64,186341
8689,0.010563,172.31.40.0-255,66,119557,64,186341
8690,0.013198,172.217.194.0-255,5738,125295,64,186341
8691,0.013207,172.31.40.0-255,66,125361,64,186341
8692,0.015851,172.217.194.0-255,5738,131099,64,186341
8693,0.015863,172.31.40.0-255,66,131165,64,186341
8694,0.018513,172.217.194.0-255,5738,136903,64,186341
8695,0.018525,172.31.40.0-255,66,136969,64,186341
8696,0.02117,172.217.194.0-255,4320,141289,64,186341
8697,0.021175,172.31.40.0-255,66,141355,64,186341
8698,0.021204,172.217.194.0-255,1484,142839,64,186341
8699,0.023822,172.217.194.0-255,4320,147159,64,186341
8700,0.02383,172.31.40.0-255,66,147225,64,186341
8701,0.026464,172.217.194.0-255,5738,152963,64,186341
8702,0.026474,172.31.40.0-255,66,153029,64,186341
8703,0.029124,172.217.194.0-255,5738,158767,64,186341
8704,0.029131,172.31.40.0-255,66,158833,64,186341
8705,0.030531,172.31.40.0-255,172,159005,64,186341
8706,0.030564,172.31.40.0-255,1108,160113,64,186341
8707,0.030621,172.31.40.0-255,1514,161627,64,186341
8708,0.030649,172.31.40.0-255,1300,162927,64,186341
8709,0.031797,172.217.194.0-255,5738,168665,64,186341
8710,0.03182,172.31.40.0-255,66,168731,64,186341
8711,0.032207,104.244.42.0-255,66,168797,64,186341
8712,0.032214,104.244.42.0-255,66,168863,64,186341
8713,0.032325,104.244.42.0-255,66,168929,64,186341
8714,0.034471,172.217.194.0-255,5738,174667,64,186341
8715,0.034479,172.31.40.0-255,66,174733,64,186341
8716,0.037129,172.217.194.0-255,5738,180471,64,186341
8717,0.037135,172.31.40.0-255,66,180537,64,186341
8718,0.039789,172.217.194.0-255,5738,186275,64,186341
8719,0.039795,172.31.40.0-255,66,186341,64,186341
8720,0.0,74.125.24.0-255,150,150,64,230232
8721,2.3e-05,172.31.40.0-255,66,216,64,230232
8722,3e-05,74.125.24.0-255,1484,1700,64,230232
8723,3.4e-05,172.31.40.0-255,66,1766,64,230232
8724,3.7e-05,74.125.24.0-255,1484,3250,64,230232
8725,4.1e-05,172.31.40.0-255,66,3316,64,230232
8726,8.7e-05,74.125.24.0-255,4320,7636,64,230232
8727,9e-05,172.31.40.0-255,66,7702,64,230232
8728,9.5e-05,74.125.24.0-255,2902,10604,64,230232
8729,9.7e-05,172.31.40.0-255,66,10670,64,230232
8730,0.000137,74.125.24.0-255,3507,14177,64,230232
8731,0.00014,172.31.40.0-255,66,14243,64,230232
8732,0.000279,74.125.24.0-255,1484,15727,64,230232
8733,0.000283,172.31.40.0-255,66,15793,64,230232
8734,0.000289,74.125.24.0-255,2902,18695,64,230232
8735,0.000292,172.31.40.0-255,66,18761,64,230232
8736,0.000297,74.125.24.0-255,4320,23081,64,230232
8737,0.0003,172.31.40.0-255,66,23147,64,230232
8738,0.000317,74.125.24.0-255,1484,24631,64,230232
8739,0.000319,172.31.40.0-255,66,24697,64,230232
8740,0.000348,74.125.24.0-255,7156,31853,64,230232
8741,0.00035,172.31.40.0-255,66,31919,64,230232
8742,0.000375,74.125.24.0-255,5379,37298,64,230232
8743,0.000378,172.31.40.0-255,66,37364,64,230232
8744,0.000408,74.125.24.0-255,1484,38848,64,230232
8745,0.000411,172.31.40.0-255,66,38914,64,230232
8746,0.000444,172.31.40.0-255,66,38980,64,230232
8747,0.000449,74.125.24.0-255,4320,43300,64,230232
8748,0.000452,172.31.40.0-255,66,43366,64,230232
8749,0.000472,74.125.24.0-255,5738,49104,64,230232
8750,0.00048,172.31.40.0-255,66,49170,64,230232
8751,0.000495,74.125.24.0-255,4320,53490,64,230232
8752,0.000498,172.31.40.0-255,66,53556,64,230232
8753,0.000518,74.125.24.0-255,2543,56099,64,230232
8754,0.000521,172.31.40.0-255,66,56165,64,230232
8755,0.000524,74.125.24.0-255,677,56842,64,230232
8756,0.000875,74.125.24.0-255,1484,58326,64,230232
8757,0.00088,172.31.40.0-255,66,58392,64,230232
8758,0.000886,74.125.24.0-255,2902,61294,64,230232
8759,0.000888,172.31.40.0-255,66,61360,64,230232
8760,0.000903,74.125.24.0-255,2902,64262,64,230232
8761,0.000908,74.125.24.0-255,2902,67164,64,230232
8762,0.000911,172.31.40.0-255,66,67230,64,230232
8763,0.000914,172.31.40.0-255,66,67296,64,230232
8764,0.000925,74.125.24.0-255,4320,71616,64,230232
8765,0.000927,172.31.40.0-255,66,71682,64,230232
8766,0.000949,74.125.24.0-255,7156,78838,64,230232
8767,0.000952,172.31.40.0-255,66,78904,64,230232
8768,0.000979,172.31.40.0-255,66,78970,64,230232
8769,0.000998,74.125.24.0-255,1484,80454,64,230232
8770,0.001018,74.125.24.0-255,2184,82638,64,230232
8771,0.001021,172.31.40.0-255,66,82704,64,230232
8772,0.001273,74.125.24.0-255,1484,84188,64,230232
8773,0.001289,74.125.24.0-255,2902,87090,64,230232
8774,0.001292,172.31.40.0-255,66,87156,64,230232
8775,0.001299,74.125.24.0-255,4320,91476,64,230232
8776,0.001301,172.31.40.0-255,66,91542,64,230232
8777,0.001323,74.125.24.0-255,1484,93026,64,230232
8778,0.00133,74.125.24.0-255,5738,98764,64,230232
8779,0.001332,172.31.40.0-255,66,98830,64,230232
8780,0.00136,74.125.24.0-255,2902,101732,64,230232
8781,0.001362,172.31.40.0-255,66,101798,64,230232
8782,0.001388,172.31.40.0-255,66,101864,64,230232
8783,0.001394,74.125.24.0-255,5020,106884,64,230232
8784,0.001396,172.31.40.0-255,66,106950,64,230232
8785,0.001537,74.125.24.0-255,1484,108434,64,230232
8786,0.001554,74.125.24.0-255,2902,111336,64,230232
8787,0.001557,172.31.40.0-255,66,111402,64,230232
8788,0.001564,74.125.24.0-255,5738,117140,64,230232
8789,0.001566,172.31.40.0-255,66,117206,64,230232
8790,0.001581,74.125.24.0-255,4320,121526,64,230232
8791,0.001583,172.31.40.0-255,66,121592,64,230232
8792,0.001602,74.125.24.0-255,2902,124494,64,230232
8793,0.001604,172.31.40.0-255,66,124560,64,230232
8794,0.001607,74.125.24.0-255,1484,126044,64,230232
8795,0.001644,172.31.40.0-255,66,126110,64,230232
8796,0.001648,74.125.24.0-255,2184,128294,64,230232
8797,0.00165,172.31.40.0-255,66,128360,64,230232
8798,0.002196,74.125.24.0-255,1484,129844,64,230232
8799,0.00221,74.125.24.0-255,1484,131328,64,230232
8800,0.002214,172.31.40.0-255,66,131394,64,230232
8801,0.002237,74.125.24.0-255,1484,132878,64,230232
8802,0.002244,74.125.24.0-255,5738,138616,64,230232
8803,0.002246,172.31.40.0-255,66,138682,64,230232
8804,0.002251,74.125.24.0-255,4320,143002,64,230232
8805,0.002253,172.31.40.0-255,66,143068,64,230232
8806,0.002256,74.125.24.0-255,1484,144552,64,230232
8807,0.002291,172.31.40.0-255,66,144618,64,230232
8808,0.002301,172.31.40.0-255,66,144684,64,230232
8809,0.00495,74.125.24.0-255,5738,150422,64,230232
8810,0.004957,172.31.40.0-255,66,150488,64,230232
8811,0.007621,74.125.24.0-255,5738,156226,64,230232
8812,0.007627,172.31.40.0-255,66,156292,64,230232
8813,0.010288,74.125.24.0-255,5738,162030,64,230232
8814,0.010295,172.31.40.0-255,66,162096,64,230232
8815,0.012959,74.125.24.0-255,5738,167834,64,230232
8816,0.012968,172.31.40.0-255,66,167900,64,230232
8817,0.015641,74.125.24.0-255,5738,173638,64,230232
8818,0.015654,172.31.40.0-255,66,173704,64,230232
8819,0.018318,74.125.24.0-255,5738,179442,64,230232
8820,0.018327,172.31.40.0-255,66,179508,64,230232
8821,0.021032,74.125.24.0-255,5738,185246,64,230232
8822,0.021041,172.31.40.0-255,66,185312,64,230232
8823,0.023746,74.125.24.0-255,5738,191050,64,230232
8824,0.023754,172.31.40.0-255,66,191116,64,230232
8825,0.02641,74.125.24.0-255,5738,196854,64,230232
8826,0.026417,172.31.40.0-255,66,196920,64,230232
8827,0.027593,172.31.40.0-255,172,197092,64,230232
8828,0.027625,172.31.40.0-255,1112,198204,64,230232
8829,0.027686,172.31.40.0-255,1514,199718,64,230232
8830,0.027687,172.31.40.0-255,1296,201014,64,230232
8831,0.02909,74.125.24.0-255,5738,206752,64,230232
8832,0.029097,172.31.40.0-255,66,206818,64,230232
8833,0.029262,104.244.42.0-255,66,206884,64,230232
8834,0.029309,104.244.42.0-255,66,206950,64,230232
8835,0.02936,104.244.42.0-255,66,207016,64,230232
8836,0.031756,74.125.24.0-255,5738,212754,64,230232
8837,0.031762,172.31.40.0-255,66,212820,64,230232
8838,0.034465,74.125.24.0-255,5738,218558,64,230232
8839,0.034472,172.31.40.0-255,66,218624,64,230232
8840,0.037148,74.125.24.0-255,5738,224362,64,230232
8841,0.037154,172.31.40.0-255,66,224428,64,230232
8842,0.039823,74.125.24.0-255,5738,230166,64,230232
8843,0.039832,172.31.40.0-255,66,230232,64,230232
8844,0.0,74.125.200.0-255,153,153,64,275481
8845,1.9e-05,172.31.40.0-255,66,219,64,275481
8846,2.6e-05,74.125.200.0-255,1484,1703,64,275481
8847,3e-05,172.31.40.0-255,66,1769,64,275481
8848,3.6e-05,74.125.200.0-255,2902,4671,64,275481
8849,3.8e-05,172.31.40.0-255,66,4737,64,275481
8850,4.1e-05,74.125.200.0-255,1484,6221,64,275481
8851,4.3e-05,172.31.40.0-255,66,6287,64,275481
8852,6.6e-05,74.125.200.0-255,2902,9189,64,275481
8853,6.9e-05,172.31.40.0-255,66,9255,64,275481
8854,8.9e-05,74.125.200.0-255,4903,14158,64,275481
8855,9.1e-05,172.31.40.0-255,66,14224,64,275481
8856,0.000192,74.125.200.0-255,1484,15708,64,275481
8857,0.000195,172.31.40.0-255,66,15774,64,275481
8858,0.0002,74.125.200.0-255,2902,18676,64,275481
8859,0.000203,172.31.40.0-255,66,18742,64,275481
8860,0.000209,74.125.200.0-255,5738,24480,64,275481
8861,0.000211,172.31.40.0-255,66,24546,64,275481
8862,0.00025,74.125.200.0-255,5738,30284,64,275481
8863,0.000253,172.31.40.0-255,66,30350,64,275481
8864,0.000283,172.31.40.0-255,66,30416,64,275481
8865,0.000297,172.31.40.0-255,66,30482,64,275481
8866,0.000308,172.31.40.0-255,66,30548,64,275481
8867,0.000381,74.125.200.0-255,3933,34481,64,275481
8868,0.000384,172.31.40.0-255,66,34547,64,275481
8869,0.000403,74.125.200.0-255,110,34657,64,275481
8870,0.000405,172.31.40.0-255,66,34723,64,275481
8871,0.00055,74.125.200.0-255,333,35056,64,275481
8872,0.000554,172.31.40.0-255,66,35122,64,275481
8873,0.000802,74.125.200.0-255,1484,36606,64,275481
8874,0.000809,74.125.200.0-255,2902,39508,64,275481
8875,0.000812,172.31.40.0-255,66,39574,64,275481
8876,0.000834,74.125.200.0-255,5738,45312,64,275481
8877,0.000837,172.31.40.0-255,66,45378,64,275481
8878,0.000847,74.125.200.0-255,1484,46862,64,275481
8879,0.000876,172.31.40.0-255,66,46928,64,275481
8880,0.000889,172.31.40.0-255,66,46994,64,275481
8881,0.000912,74.125.200.0-255,1484,48478,64,275481
8882,0.000917,74.125.200.0-255,2184,50662,64,275481
8883,0.000919,172.31.40.0-255,66,50728,64,275481
8884,0.001157,74.125.200.0-255,1484,52212,64,275481
8885,0.001176,74.125.200.0-255,2902,55114,64,275481
8886,0.00118,172.31.40.0-255,66,55180,64,275481
8887,0.001186,74.125.200.0-255,5738,60918,64,275481
8888,0.001188,172.31.40.0-255,66,60984,64,275481
8889,0.001235,74.125.200.0-255,7156,68140,64,275481
8890,0.001238,172.31.40.0-255,66,68206,64,275481
8891,0.001249,172.31.40.0-255,66,68272,64,275481
8892,0.001283,172.31.40.0-255,66,68338,64,275481
8893,0.001637,74.125.200.0-255,1484,69822,64,275481
8894,0.001643,74.125.200.0-255,2902,72724,64,275481
8895,0.001647,172.31.40.0-255,66,72790,64,275481
8896,0.00165,74.125.200.0-255,1484,74274,64,275481
8897,0.001667,74.125.200.0-255,2902,77176,64,275481
8898,0.001669,172.31.40.0-255,66,77242,64,275481
8899,0.001674,74.125.200.0-255,2902,80144,64,275481
8900,0.001676,172.31.40.0-255,66,80210,64,275481
8901,0.001691,74.125.200.0-255,2902,83112,64,275481
8902,0.001694,172.31.40.0-255,66,83178,64,275481
8903,0.001724,172.31.40.0-255,66,83244,64,275481
8904,0.001765,74.125.200.0-255,6438,89682,64,275481
8905,0.001768,172.31.40.0-255,66,89748,64,275481
8906,0.001812,74.125.200.0-255,2902,92650,64,275481
8907,0.001817,172.31.40.0-255,66,92716,64,275481
8908,0.001828,74.125.200.0-255,4320,97036,64,275481
8909,0.00183,172.31.40.0-255,66,97102,64,275481
8910,0.001864,172.31.40.0-255,66,97168,64,275481
8911,0.001871,74.125.200.0-255,7156,104324,64,275481
8912,0.001873,172.31.40.0-255,66,104390,64,275481
8913,0.00188,74.125.200.0-255,7156,111546,64,275481
8914,0.001883,172.31.40.0-255,66,111612,64,275481
8915,0.001903,74.125.200.0-255,1484,113096,64,275481
8916,0.001908,74.125.200.0-255,2184,115280,64,275481
8917,0.00191,172.31.40.0-255,66,115346,64,275481
8918,0.001983,74.125.200.0-255,1484,116830,64,275481
8919,0.002003,74.125.200.0-255,2902,119732,64,275481
8920,0.002007,172.31.40.0-255,66,119798,64,275481
8921,0.002011,74.125.200.0-255,2902,122700,64,275481
8922,0.002014,172.31.40.0-255,66,122766,64,275481
8923,0.002053,74.125.200.0-255,4320,127086,64,275481
8924,0.002056,172.31.40.0-255,66,127152,64,275481
8925,0.002059,74.125.200.0-255,1484,128636,64,275481
8926,0.002064,74.125.200.0-255,2902,131538,64,275481
8927,0.002066,172.31.40.0-255,66,131604,64,275481
8928,0.002093,74.125.200.0-255,5738,137342,64,275481
8929,0.002096,172.31.40.0-255,66,137408,64,275481
8930,0.002119,74.125.200.0-255,7156,144564,64,275481
8931,0.002122,172.31.40.0-255,66,144630,64,275481
8932,0.002143,74.125.200.0-255,5020,149650,64,275481
8933,0.002146,172.31.40.0-255,66,149716,64,275481
8934,0.002186,74.125.200.0-255,1484,151200,64,275481
8935,0.002201,74.125.200.0-255,2902,154102,64,275481
8936,0.002203,172.31.40.0-255,66,154168,64,275481
8937,0.002228,74.125.200.0-255,5738,159906,64,275481
8938,0.002231,172.31.40.0-255,66,159972,64,275481
8939,0.002244,74.125.200.0-255,7156,167128,64,275481
8940,0.002247,172.31.40.0-255,66,167194,64,275481
8941,0.002302,172.31.40.0-255,66,167260,64,275481
8942,0.002331,172.31.40.0-255,66,167326,64,275481
8943,0.002354,74.125.200.0-255,3602,170928,64,275481
8944,0.002357,172.31.40.0-255,66,170994,64,275481
8945,0.002364,74.125.200.0-255,5738,176732,64,275481
8946,0.002366,172.31.40.0-255,66,176798,64,275481
8947,0.002383,74.125.200.0-255,4320,181118,64,275481
8948,0.002385,172.31.40.0-255,66,181184,64,275481
8949,0.00241,172.31.40.0-255,66,181250,64,275481
8950,0.004784,74.125.200.0-255,5738,186988,64,275481
8951,0.004833,172.31.40.0-255,66,187054,64,275481
8952,0.007189,74.125.200.0-255,5738,192792,64,275481
8953,0.007195,172.31.40.0-255,66,192858,64,275481
8954,0.009566,74.125.200.0-255,5738,198596,64,275481
8955,0.009572,172.31.40.0-255,66,198662,64,275481
8956,0.011932,74.125.200.0-255,5738,204400,64,275481
8957,0.01194,172.31.40.0-255,66,204466,64,275481
8958,0.01431,74.125.200.0-255,5738,210204,64,275481
8959,0.014318,172.31.40.0-255,66,210270,64,275481
8960,0.016697,74.125.200.0-255,5738,216008,64,275481
8961,0.016706,172.31.40.0-255,66,216074,64,275481
8962,0.019074,74.125.200.0-255,5738,221812,64,275481
8963,0.019082,172.31.40.0-255,66,221878,64,275481
8964,0.021451,74.125.200.0-255,5738,227616,64,275481
8965,0.021458,172.31.40.0-255,66,227682,64,275481
8966,0.023829,74.125.200.0-255,5738,233420,64,275481
8967,0.023835,172.31.40.0-255,66,233486,64,275481
8968,0.026219,74.125.200.0-255,5738,239224,64,275481
8969,0.026226,172.31.40.0-255,66,239290,64,275481
8970,0.028595,74.125.200.0-255,5738,245028,64,275481
8971,0.028604,172.31.40.0-255,66,245094,64,275481
8972,0.030973,74.125.200.0-255,5738,250832,64,275481
8973,0.030982,172.31.40.0-255,66,250898,64,275481
8974,0.033344,74.125.200.0-255,5738,256636,64,275481
8975,0.033352,172.31.40.0-255,66,256702,64,275481
8976,0.035712,74.125.200.0-255,5738,262440,64,275481
8977,0.03572,172.31.40.0-255,66,262506,64,275481
8978,0.038085,74.125.200.0-255,5738,268244,64,275481
8979,0.038092,172.31.40.0-255,66,268310,64,275481
8980,0.038172,172.31.40.0-255,172,268482,64,275481
8981,0.038199,172.31.40.0-255,1110,269592,64,275481
8982,0.038258,172.31.40.0-255,1514,271106,64,275481
8983,0.03826,172.31.40.0-255,1514,272620,64,275481
8984,0.038262,172.31.40.0-255,1514,274134,64,275481
8985,0.038263,172.31.40.0-255,1083,275217,64,275481
8986,0.039765,104.244.42.0-255,66,275283,64,275481
8987,0.039883,104.244.42.0-255,66,275349,64,275481
8988,0.039888,104.244.42.0-255,66,275415,64,275481
8989,0.039892,104.244.42.0-255,66,275481,64,275481
8990,0.0,74.125.200.0-255,146,146,64,133957
8991,2.2e-05,172.31.40.0-255,66,212,64,133957
8992,2.9e-05,74.125.200.0-255,1484,1696,64,133957
8993,3.5e-05,172.31.40.0-255,66,1762,64,133957
8994,4e-05,74.125.200.0-255,2902,4664,64,133957
8995,4.3e-05,172.31.40.0-255,66,4730,64,133957
8996,7.9e-05,74.125.200.0-255,7156,11886,64,133957
8997,8.2e-05,172.31.40.0-255,66,11952,64,133957
8998,0.000213,74.125.200.0-255,2104,14056,64,133957
8999,0.000217,172.31.40.0-255,66,14122,64,133957
9000,0.00024,74.125.200.0-255,4320,18442,64,133957
9001,0.000243,172.31.40.0-255,66,18508,64,133957
9002,0.000336,172.31.40.0-255,66,18574,64,133957
9003,0.000482,74.125.200.0-255,3961,22535,64,133957
9004,0.000488,172.31.40.0-255,66,22601,64,133957
9005,0.000565,172.31.40.0-255,66,22667,64,133957
9006,0.000584,74.125.200.0-255,4320,26987,64,133957
9007,0.000586,172.31.40.0-255,66,27053,64,133957
9008,0.000819,74.125.200.0-255,2902,29955,64,133957
9009,0.000824,172.31.40.0-255,66,30021,64,133957
9010,0.000859,172.31.40.0-255,66,30087,64,133957
9011,0.001149,74.125.200.0-255,678,30765,64,133957
9012,0.001154,172.31.40.0-255,66,30831,64,133957
9013,0.001204,74.125.200.0-255,2902,33733,64,133957
9014,0.001208,172.31.40.0-255,66,33799,64,133957
9015,0.001236,172.31.40.0-255,66,33865,64,133957
9016,0.001522,172.31.40.0-255,66,33931,64,133957
9017,0.001544,74.125.200.0-255,6797,40728,64,133957
9018,0.001565,172.31.40.0-255,66,40794,64,133957
9019,0.001803,74.125.200.0-255,4320,45114,64,133957
9020,0.001809,172.31.40.0-255,66,45180,64,133957
9021,0.001913,172.31.40.0-255,66,45246,64,133957
9022,0.002444,172.31.40.0-255,66,45312,64,133957
9023,0.003942,172.31.40.0-255,66,45378,64,133957
9024,0.004419,74.125.200.0-255,7156,52534,64,133957
9025,0.004424,172.31.40.0-255,66,52600,64,133957
9026,0.004501,74.125.200.0-255,2902,55502,64,133957
9027,0.004809,172.31.40.0-255,66,55568,64,133957
9028,0.007478,74.125.200.0-255,4320,59888,64,133957
9029,0.007487,172.31.40.0-255,66,59954,64,133957
9030,0.007507,74.125.200.0-255,1484,61438,64,133957
9031,0.010161,74.125.200.0-255,4320,65758,64,133957
9032,0.010169,172.31.40.0-255,66,65824,64,133957
9033,0.01285,74.125.200.0-255,5738,71562,64,133957
9034,0.012918,172.31.40.0-255,66,71628,64,133957
9035,0.015613,74.125.200.0-255,5738,77366,64,133957
9036,0.015632,172.31.40.0-255,66,77432,64,133957
9037,0.01832,74.125.200.0-255,5738,83170,64,133957
9038,0.018332,172.31.40.0-255,66,83236,64,133957
9039,0.021019,74.125.200.0-255,5738,88974,64,133957
9040,0.021035,172.31.40.0-255,66,89040,64,133957
9041,0.023709,74.125.200.0-255,5738,94778,64,133957
9042,0.023719,172.31.40.0-255,66,94844,64,133957
9043,0.026407,74.125.200.0-255,5738,100582,64,133957
9044,0.026422,172.31.40.0-255,66,100648,64,133957
9045,0.029113,74.125.200.0-255,5738,106386,64,133957
9046,0.029126,172.31.40.0-255,66,106452,64,133957
9047,0.031809,74.125.200.0-255,5738,112190,64,133957
9048,0.031821,172.31.40.0-255,66,112256,64,133957
9049,0.03452,74.125.200.0-255,5738,117994,64,133957
9050,0.034534,172.31.40.0-255,66,118060,64,133957
9051,0.035753,172.31.40.0-255,167,118227,64,133957
9052,0.035786,172.31.40.0-255,1110,119337,64,133957
9053,0.035845,172.31.40.0-255,1514,120851,64,133957
9054,0.035847,172.31.40.0-255,1300,122151,64,133957
9055,0.037206,74.125.200.0-255,5738,127889,64,133957
9056,0.037215,172.31.40.0-255,66,127955,64,133957
9057,0.03736,104.244.42.0-255,66,128021,64,133957
9058,0.037414,104.244.42.0-255,66,128087,64,133957
9059,0.037506,104.244.42.0-255,66,128153,64,133957
9060,0.039919,74.125.200.0-255,5738,133891,64,133957
9061,0.039927,172.31.40.0-255,66,133957,64,133957
9062,0.0,172.217.194.0-255,146,146,64,202139
9063,2.1e-05,172.31.40.0-255,66,212,64,202139
9064,2.9e-05,172.217.194.0-255,1484,1696,64,202139
9065,3.3e-05,172.31.40.0-255,66,1762,64,202139
9066,3.9e-05,172.217.194.0-255,2902,4664,64,202139
9067,5.1e-05,172.31.40.0-255,66,4730,64,202139
9068,5.9e-05,172.217.194.0-255,7156,11886,64,202139
9069,6.3e-05,172.31.40.0-255,66,11952,64,202139
9070,6.9e-05,172.217.194.0-255,4909,16861,64,202139
9071,7.2e-05,172.31.40.0-255,66,16927,64,202139
9072,0.00012,172.31.40.0-255,66,16993,64,202139
9073,0.000302,172.217.194.0-255,1484,18477,64,202139
9074,0.000308,172.31.40.0-255,66,18543,64,202139
9075,0.000314,172.217.194.0-255,2902,21445,64,202139
9076,0.000316,172.31.40.0-255,66,21511,64,202139
9077,0.000327,172.217.194.0-255,2902,24413,64,202139
9078,0.00033,172.31.40.0-255,66,24479,64,202139
9079,0.000342,172.217.194.0-255,2902,27381,64,202139
9080,0.000345,172.31.40.0-255,66,27447,64,202139
9081,0.000349,172.217.194.0-255,1484,28931,64,202139
9082,0.000351,172.31.40.0-255,66,28997,64,202139
9083,0.000383,172.31.40.0-255,66,29063,64,202139
9084,0.000396,172.31.40.0-255,66,29129,64,202139
9085,0.000449,172.217.194.0-255,120,29249,64,202139
9086,0.000451,172.31.40.0-255,66,29315,64,202139
9087,0.000582,172.217.194.0-255,1484,30799,64,202139
9088,0.000587,172.31.40.0-255,66,30865,64,202139
9089,0.000593,172.217.194.0-255,2902,33767,64,202139
9090,0.000596,172.31.40.0-255,66,33833,64,202139
9091,0.000599,172.217.194.0-255,1484,35317,64,202139
9092,0.00062,172.217.194.0-255,4320,39637,64,202139
9093,0.000632,172.217.194.0-255,7156,46793,64,202139
9094,0.000642,172.217.194.0-255,1484,48277,64,202139
9095,0.000649,172.31.40.0-255,66,48343,64,202139
9096,0.000687,172.217.194.0-255,2184,50527,64,202139
9097,0.000689,172.217.194.0-255,375,50902,64,202139
9098,0.000703,172.31.40.0-255,66,50968,64,202139
9099,0.000921,172.217.194.0-255,1484,52452,64,202139
9100,0.000948,172.217.194.0-255,2902,55354,64,202139
9101,0.000954,172.217.194.0-255,5738,61092,64,202139
9102,0.001036,172.217.194.0-255,2184,63276,64,202139
9103,0.00104,172.31.40.0-255,66,63342,64,202139
9104,0.001046,172.31.40.0-255,66,63408,64,202139
9105,0.001613,172.217.194.0-255,1484,64892,64,202139
9106,0.001621,172.217.194.0-255,2902,67794,64,202139
9107,0.001625,172.31.40.0-255,66,67860,64,202139
9108,0.001641,172.217.194.0-255,1484,69344,64,202139
9109,0.001644,172.217.194.0-255,1484,70828,64,202139
9110,0.00166,172.217.194.0-255,1484,72312,64,202139
9111,0.001666,172.217.194.0-255,5738,78050,64,202139
9112,0.001696,172.217.194.0-255,1484,79534,64,202139
9113,0.001707,172.217.194.0-255,2902,82436,64,202139
9114,0.001709,172.217.194.0-255,1484,83920,64,202139
9115,0.001723,172.217.194.0-255,1484,85404,64,202139
9116,0.001735,172.217.194.0-255,2902,88306,64,202139
9117,0.001752,172.217.194.0-255,2902,91208,64,202139
9118,0.001766,172.217.194.0-255,6438,97646,64,202139
9119,0.001922,172.217.194.0-255,1484,99130,64,202139
9120,0.001929,172.217.194.0-255,2902,102032,64,202139
9121,0.001951,172.217.194.0-255,5738,107770,64,202139
9122,0.001956,172.217.194.0-255,4320,112090,64,202139
9123,0.001973,172.217.194.0-255,1484,113574,64,202139
9124,0.00198,172.217.194.0-255,5738,119312,64,202139
9125,0.002004,172.217.194.0-255,7156,126468,64,202139
9126,0.002008,172.217.194.0-255,2902,129370,64,202139
9127,0.002021,172.217.194.0-255,2184,131554,64,202139
9128,0.002075,172.217.194.0-255,1484,133038,64,202139
9129,0.002079,172.217.194.0-255,1484,134522,64,202139
9130,0.002096,172.217.194.0-255,1484,136006,64,202139
9131,0.0021,172.217.194.0-255,2902,138908,64,202139
9132,0.002118,172.217.194.0-255,2902,141810,64,202139
9133,0.002124,172.217.194.0-255,7156,148966,64,202139
9134,0.002168,172.217.194.0-255,2184,151150,64,202139
9135,0.002212,172.217.194.0-255,7156,158306,64,202139
9136,0.002292,172.217.194.0-255,6438,164744,64,202139
9137,0.002304,172.217.194.0-255,4320,169064,64,202139
9138,0.002378,172.217.194.0-255,2902,171966,64,202139
9139,0.002393,172.217.194.0-255,5738,177704,64,202139
9140,0.002442,172.217.194.0-255,6438,184142,64,202139
9141,0.002518,172.217.194.0-255,5738,189880,64,202139
9142,0.002567,172.217.194.0-255,5738,195618,64,202139
9143,0.00258,172.217.194.0-255,1849,197467,64,202139
9144,0.002583,172.217.194.0-255,105,197572,64,202139
9145,0.005698,172.31.40.0-255,66,197638,64,202139
9146,0.008296,172.31.40.0-255,105,197743,64,202139
9147,0.010904,172.217.194.0-255,66,197809,64,202139
9148,0.034998,172.31.40.0-255,210,198019,64,202139
9149,0.035035,172.31.40.0-255,1112,199131,64,202139
9150,0.035094,172.31.40.0-255,1514,200645,64,202139
9151,0.035096,172.31.40.0-255,1296,201941,64,202139
9152,0.036573,104.244.42.0-255,66,202007,64,202139
9153,0.036603,104.244.42.0-255,66,202073,64,202139
9154,0.036652,104.244.42.0-255,66,202139,64,202139
9155,0.0,172.217.194.0-255,146,146,64,255421
9156,2.3e-05,172.31.40.0-255,66,212,64,255421
9157,3.1e-05,172.217.194.0-255,1484,1696,64,255421
9158,3.5e-05,172.31.40.0-255,66,1762,64,255421
9159,4e-05,172.217.194.0-255,2902,4664,64,255421
9160,4.3e-05,172.31.40.0-255,66,4730,64,255421
9161,4.9e-05,172.217.194.0-255,5738,10468,64,255421
9162,5.2e-05,172.31.40.0-255,66,10534,64,255421
9163,7.4e-05,172.217.194.0-255,2902,13436,64,255421
9164,7.6e-05,172.31.40.0-255,66,13502,64,255421
9165,0.000106,172.31.40.0-255,66,13568,64,255421
9166,0.000121,172.217.194.0-255,1484,15052,64,255421
9167,0.000123,172.31.40.0-255,66,15118,64,255421
9168,0.000139,172.217.194.0-255,4320,19438,64,255421
9169,0.000142,172.31.40.0-255,66,19504,64,255421
9170,0.000164,172.217.194.0-255,2543,22047,64,255421
9171,0.000167,172.31.40.0-255,66,22113,64,255421
9172,0.000699,172.217.194.0-255,1484,23597,64,255421
9173,0.000705,172.31.40.0-255,66,23663,64,255421
9174,0.000714,172.217.194.0-255,2902,26565,64,255421
9175,0.000716,172.31.40.0-255,66,26631,64,255421
9176,0.000719,172.217.194.0-255,1484,28115,64,255421
9177,0.000721,172.31.40.0-255,66,28181,64,255421
9178,0.000745,172.217.194.0-255,4320,32501,64,255421
9179,0.000747,172.31.40.0-255,66,32567,64,255421
9180,0.000755,172.217.194.0-255,6797,39364,64,255421
9181,0.000757,172.31.40.0-255,66,39430,64,255421
9182,0.000781,172.217.194.0-255,7156,46586,64,255421
9183,0.000783,172.31.40.0-255,66,46652,64,255421
9184,0.00081,172.217.194.0-255,7156,53808,64,255421
9185,0.000812,172.31.40.0-255,66,53874,64,255421
9186,0.000816,172.217.194.0-255,2792,56666,64,255421
9187,0.000819,172.31.40.0-255,66,56732,64,255421
9188,0.000839,172.217.194.0-255,5738,62470,64,255421
9189,0.000842,172.31.40.0-255,66,62536,64,255421
9190,0.000849,172.217.194.0-255,7156,69692,64,255421
9191,0.000852,172.31.40.0-255,66,69758,64,255421
9192,0.000879,172.31.40.0-255,66,69824,64,255421
9193,0.000904,172.217.194.0-255,4320,74144,64,255421
9194,0.000907,172.31.40.0-255,66,74210,64,255421
9195,0.000933,172.217.194.0-255,6438,80648,64,255421
9196,0.000937,172.31.40.0-255,66,80714,64,255421
9197,0.000939,172.217.194.0-255,406,81120,64,255421
9198,0.000941,172.31.40.0-255,66,81186,64,255421
9199,0.001141,172.217.194.0-255,1484,82670,64,255421
9200,0.001146,172.31.40.0-255,66,82736,64,255421
9201,0.001153,172.217.194.0-255,2902,85638,64,255421
9202,0.001155,172.31.40.0-255,66,85704,64,255421
9203,0.001175,172.217.194.0-255,4320,90024,64,255421
9204,0.001179,172.31.40.0-255,66,90090,64,255421
9205,0.001201,172.217.194.0-255,1484,91574,64,255421
9206,0.001203,172.31.40.0-255,66,91640,64,255421
9207,0.001209,172.217.194.0-255,4320,95960,64,255421
9208,0.001212,172.31.40.0-255,66,96026,64,255421
9209,0.001234,172.31.40.0-255,66,96092,64,255421
9210,0.001237,172.217.194.0-255,1484,97576,64,255421
9211,0.001239,172.31.40.0-255,66,97642,64,255421
9212,0.001271,172.31.40.0-255,66,97708,64,255421
9213,0.001292,172.217.194.0-255,1484,99192,64,255421
9214,0.001307,172.217.194.0-255,2902,102094,64,255421
9215,0.001366,172.217.194.0-255,1484,103578,64,255421
9216,0.001372,172.217.194.0-255,3602,107180,64,255421
9217,0.001419,172.217.194.0-255,1484,108664,64,255421
9218,0.001434,172.217.194.0-255,2902,111566,64,255421
9219,0.001493,172.217.194.0-255,5738,117304,64,255421
9220,0.001509,172.217.194.0-255,2902,120206,64,255421
9221,0.001636,172.217.194.0-255,1484,121690,64,255421
9222,0.001642,172.217.194.0-255,2902,124592,64,255421
9223,0.001656,172.217.194.0-255,2902,127494,64,255421
9224,0.001683,172.217.194.0-255,2902,130396,64,255421
9225,0.001691,172.217.194.0-255,7156,137552,64,255421
9226,0.001725,172.217.194.0-255,1484,139036,64,255421
9227,0.001783,172.217.194.0-255,5020,144056,64,255421
9228,0.002031,172.217.194.0-255,1484,145540,64,255421
9229,0.002036,172.217.194.0-255,2902,148442,64,255421
9230,0.002051,172.217.194.0-255,4320,152762,64,255421
9231,0.002062,172.217.194.0-255,1484,154246,64,255421
9232,0.0021,172.217.194.0-255,2902,157148,64,255421
9233,0.002116,172.217.194.0-255,4320,161468,64,255421
9234,0.002133,172.217.194.0-255,4320,165788,64,255421
9235,0.002144,172.217.194.0-255,2184,167972,64,255421
9236,0.002147,172.217.194.0-255,1484,169456,64,255421
9237,0.002199,172.217.194.0-255,7156,176612,64,255421
9238,0.002261,172.217.194.0-255,4320,180932,64,255421
9239,0.002285,172.217.194.0-255,5020,185952,64,255421
9240,0.002353,172.217.194.0-255,5738,191690,64,255421
9241,0.002395,172.217.194.0-255,2184,193874,64,255421
9242,0.0024,172.217.194.0-255,2902,196776,64,255421
9243,0.002418,172.217.194.0-255,4320,201096,64,255421
9244,0.002439,172.217.194.0-255,2902,203998,64,255421
9245,0.002505,172.217.194.0-255,4320,208318,64,255421
9246,0.00251,172.217.194.0-255,4320,212638,64,255421
9247,0.002524,172.217.194.0-255,3602,216240,64,255421
9248,0.010621,172.217.194.0-255,1484,217724,64,255421
9249,0.011337,172.31.40.0-255,66,217790,64,255421
9250,0.013774,172.217.194.0-255,5738,223528,64,255421
9251,0.013783,172.31.40.0-255,66,223594,64,255421
9252,0.016224,172.217.194.0-255,5738,229332,64,255421
9253,0.016239,172.31.40.0-255,66,229398,64,255421
9254,0.018652,172.217.194.0-255,5738,235136,64,255421
9255,0.018667,172.31.40.0-255,66,235202,64,255421
9256,0.021065,172.217.194.0-255,5738,240940,64,255421
9257,0.021073,172.31.40.0-255,66,241006,64,255421
9258,0.023439,172.217.194.0-255,5738,246744,64,255421
9259,0.023447,172.31.40.0-255,66,246810,64,255421
9260,0.025847,172.217.194.0-255,5738,252548,64,255421
9261,0.027093,172.31.40.0-255,66,252614,64,255421
9262,0.029518,172.217.194.0-255,2570,255184,64,255421
9263,0.029527,172.31.40.0-255,66,255250,64,255421
9264,0.030624,172.31.40.0-255,105,255355,64,255421
9265,0.032955,172.217.194.0-255,66,255421,64,255421
9266,0.0,74.125.24.0-255,152,152,64,132795
9267,2.3e-05,172.31.40.0-255,66,218,64,132795
9268,3e-05,74.125.24.0-255,1484,1702,64,132795
9269,3.5e-05,172.31.40.0-255,66,1768,64,132795
9270,4.8e-05,74.125.24.0-255,2902,4670,64,132795
9271,5.3e-05,172.31.40.0-255,66,4736,64,132795
9272,6.1e-05,74.125.24.0-255,7156,11892,64,132795
9273,6.4e-05,172.31.40.0-255,66,11958,64,132795
9274,6.9e-05,74.125.24.0-255,2093,14051,64,132795
9275,7.2e-05,172.31.40.0-255,66,14117,64,132795
9276,9.3e-05,74.125.24.0-255,5738,19855,64,132795
9277,9.6e-05,172.31.40.0-255,66,19921,64,132795
9278,0.000122,74.125.24.0-255,5738,25659,64,132795
9279,0.000125,172.31.40.0-255,66,25725,64,132795
9280,0.00014,172.31.40.0-255,66,25791,64,132795
9281,0.00017,74.125.24.0-255,7156,32947,64,132795
9282,0.000173,172.31.40.0-255,66,33013,64,132795
9283,0.000177,74.125.24.0-255,2184,35197,64,132795
9284,0.000179,172.31.40.0-255,66,35263,64,132795
9285,0.000319,74.125.24.0-255,1484,36747,64,132795
9286,0.000324,172.31.40.0-255,66,36813,64,132795
9287,0.000342,74.125.24.0-255,1484,38297,64,132795
9288,0.000344,172.31.40.0-255,66,38363,64,132795
9289,0.000373,74.125.24.0-255,1484,39847,64,132795
9290,0.000376,172.31.40.0-255,66,39913,64,132795
9291,0.000384,74.125.24.0-255,5738,45651,64,132795
9292,0.000387,172.31.40.0-255,66,45717,64,132795
9293,0.000395,74.125.24.0-255,2902,48619,64,132795
9294,0.000398,172.31.40.0-255,66,48685,64,132795
9295,0.000428,74.125.24.0-255,4236,52921,64,132795
9296,0.000432,172.31.40.0-255,66,52987,64,132795
9297,0.000439,74.125.24.0-255,7156,60143,64,132795
9298,0.000443,172.31.40.0-255,66,60209,64,132795
9299,0.000455,172.31.40.0-255,66,60275,64,132795
9300,0.000874,74.125.24.0-255,1484,61759,64,132795
9301,0.000882,74.125.24.0-255,2902,64661,64,132795
9302,0.000885,172.31.40.0-255,66,64727,64,132795
9303,0.000891,74.125.24.0-255,2902,67629,64,132795
9304,0.000893,172.31.40.0-255,66,67695,64,132795
9305,0.000927,74.125.24.0-255,2902,70597,64,132795
9306,0.00093,172.31.40.0-255,66,70663,64,132795
9307,0.000944,172.31.40.0-255,66,70729,64,132795
9308,0.000947,74.125.24.0-255,1484,72213,64,132795
9309,0.000967,74.125.24.0-255,2902,75115,64,132795
9310,0.00097,172.31.40.0-255,66,75181,64,132795
9311,0.000997,74.125.24.0-255,6438,81619,64,132795
9312,0.001,172.31.40.0-255,66,81685,64,132795
9313,0.001083,74.125.24.0-255,1484,83169,64,132795
9314,0.001101,74.125.24.0-255,2902,86071,64,132795
9315,0.001104,172.31.40.0-255,66,86137,64,132795
9316,0.001133,74.125.24.0-255,5738,91875,64,132795
9317,0.001136,172.31.40.0-255,66,91941,64,132795
9318,0.001147,172.31.40.0-255,66,92007,64,132795
9319,0.001196,172.31.40.0-255,66,92073,64,132795
9320,0.001218,74.125.24.0-255,6438,98511,64,132795
9321,0.001221,172.31.40.0-255,66,98577,64,132795
9322,0.001316,74.125.24.0-255,1484,100061,64,132795
9323,0.001331,74.125.24.0-255,2902,102963,64,132795
9324,0.001334,172.31.40.0-255,66,103029,64,132795
9325,0.001379,74.125.24.0-255,2902,105931,64,132795
9326,0.001381,172.31.40.0-255,66,105997,64,132795
9327,0.001409,74.125.24.0-255,2902,108899,64,132795
9328,0.001412,172.31.40.0-255,66,108965,64,132795
9329,0.001427,172.31.40.0-255,66,109031,64,132795
9330,0.001439,172.31.40.0-255,66,109097,64,132795
9331,0.001484,74.125.24.0-255,1484,110581,64,132795
9332,0.001498,74.125.24.0-255,1484,112065,64,132795
9333,0.0015,172.31.40.0-255,66,112131,64,132795
9334,0.00155,172.31.40.0-255,66,112197,64,132795
9335,0.001557,74.125.24.0-255,5738,117935,64,132795
9336,0.001559,172.31.40.0-255,66,118001,64,132795
9337,0.001572,172.31.40.0-255,66,118067,64,132795
9338,0.001609,172.31.40.0-255,66,118133,64,132795
9339,0.001616,74.125.24.0-255,7156,125289,64,132795
9340,0.001619,172.31.40.0-255,66,125355,64,132795
9341,0.001671,172.31.40.0-255,66,125421,64,132795
9342,0.001699,172.31.40.0-255,66,125487,64,132795
9343,0.001713,172.31.40.0-255,66,125553,64,132795
9344,0.00176,172.31.40.0-255,66,125619,64,132795
9345,0.001812,172.31.40.0-255,66,125685,64,132795
9346,0.00185,172.31.40.0-255,66,125751,64,132795
9347,0.001857,74.125.24.0-255,6438,132189,64,132795
9348,0.001859,172.31.40.0-255,66,132255,64,132795
9349,0.001887,172.31.40.0-255,66,132321,64,132795
9350,0.001904,172.31.40.0-255,66,132387,64,132795
9351,0.001946,172.31.40.0-255,66,132453,64,132795
9352,0.001949,74.125.24.0-255,105,132558,64,132795
9353,0.009072,172.31.40.0-255,66,132624,64,132795
9354,0.009125,172.31.40.0-255,105,132729,64,132795
9355,0.011487,74.125.24.0-255,66,132795,64,132795
9356,0.0,172.31.40.0-255,105,105,64,459
9357,0.000257,172.31.40.0-255,90,195,64,459
9358,0.000268,172.31.40.0-255,66,261,64,459
9359,0.00281,74.125.24.0-255,66,327,64,459
9360,0.002843,74.125.24.0-255,66,393,64,459
9361,0.002867,172.31.40.0-255,66,459,64,459
9362,0.0,74.125.24.0-255,298,298,64,231426
9363,2.4e-05,172.31.40.0-255,66,364,64,231426
9364,3.1e-05,74.125.24.0-255,1484,1848,64,231426
9365,3.6e-05,172.31.40.0-255,66,1914,64,231426
9366,4.2e-05,74.125.24.0-255,4320,6234,64,231426
9367,4.6e-05,172.31.40.0-255,66,6300,64,231426
9368,8.5e-05,172.31.40.0-255,66,6366,64,231426
9369,0.000321,74.125.24.0-255,1484,7850,64,231426
9370,0.000327,172.31.40.0-255,66,7916,64,231426
9371,0.000348,74.125.24.0-255,2902,10818,64,231426
9372,0.000351,172.31.40.0-255,66,10884,64,231426
9373,0.000372,74.125.24.0-255,5738,16622,64,231426
9374,0.000375,172.31.40.0-255,66,16688,64,231426
9375,0.000414,74.125.24.0-255,6797,23485,64,231426
9376,0.000418,172.31.40.0-255,66,23551,64,231426
9377,0.000543,74.125.24.0-255,1484,25035,64,231426
9378,0.000547,172.31.40.0-255,66,25101,64,231426
9379,0.000552,74.125.24.0-255,2902,28003,64,231426
9380,0.000555,172.31.40.0-255,66,28069,64,231426
9381,0.000589,74.125.24.0-255,5738,33807,64,231426
9382,0.000593,74.125.24.0-255,4320,38127,64,231426
9383,0.000598,172.31.40.0-255,66,38193,64,231426
9384,0.000605,172.31.40.0-255,66,38259,64,231426
9385,0.000632,74.125.24.0-255,1484,39743,64,231426
9386,0.000634,172.31.40.0-255,66,39809,64,231426
9387,0.000675,74.125.24.0-255,4320,44129,64,231426
9388,0.00068,172.31.40.0-255,66,44195,64,231426
9389,0.000684,172.31.40.0-255,66,44261,64,231426
9390,0.000704,74.125.24.0-255,2858,47119,64,231426
9391,0.000707,172.31.40.0-255,66,47185,64,231426
9392,0.000744,74.125.24.0-255,372,47557,64,231426
9393,0.000952,74.125.24.0-255,1484,49041,64,231426
9394,0.000957,172.31.40.0-255,66,49107,64,231426
9395,0.000962,74.125.24.0-255,2902,52009,64,231426
9396,0.000964,172.31.40.0-255,66,52075,64,231426
9397,0.000996,74.125.24.0-255,5738,57813,64,231426
9398,0.000999,172.31.40.0-255,66,57879,64,231426
9399,0.001012,172.31.40.0-255,66,57945,64,231426
9400,0.001024,172.31.40.0-255,66,58011,64,231426
9401,0.001067,74.125.24.0-255,2184,60195,64,231426
9402,0.001069,172.31.40.0-255,66,60261,64,231426
9403,0.00139,74.125.24.0-255,1484,61745,64,231426
9404,0.001414,74.125.24.0-255,2902,64647,64,231426
9405,0.001418,172.31.40.0-255,66,64713,64,231426
9406,0.001424,74.125.24.0-255,2902,67615,64,231426
9407,0.001426,172.31.40.0-255,66,67681,64,231426
9408,0.001442,74.125.24.0-255,2902,70583,64,231426
9409,0.001448,74.125.24.0-255,4320,74903,64,231426
9410,0.001451,172.31.40.0-255,66,74969,64,231426
9411,0.001455,172.31.40.0-255,66,75035,64,231426
9412,0.00148,74.125.24.0-255,2902,77937,64,231426
9413,0.001483,172.31.40.0-255,66,78003,64,231426
9414,0.001495,172.31.40.0-255,66,78069,64,231426
9415,0.001525,74.125.24.0-255,3602,81671,64,231426
9416,0.001528,172.31.40.0-255,66,81737,64,231426
9417,0.001533,74.125.24.0-255,4320,86057,64,231426
9418,0.001535,172.31.40.0-255,66,86123,64,231426
9419,0.001539,74.125.24.0-255,1484,87607,64,231426
9420,0.001577,172.31.40.0-255,66,87673,64,231426
9421,0.001592,172.31.40.0-255,66,87739,64,231426
9422,0.001605,74.125.24.0-255,1484,89223,64,231426
9423,0.001643,74.125.24.0-255,5020,94243,64,231426
9424,0.001646,172.31.40.0-255,66,94309,64,231426
9425,0.001673,74.125.24.0-255,1484,95793,64,231426
9426,0.001688,74.125.24.0-255,2902,98695,64,231426
9427,0.00169,172.31.40.0-255,66,98761,64,231426
9428,0.001696,74.125.24.0-255,4320,103081,64,231426
9429,0.001699,172.31.40.0-255,66,103147,64,231426
9430,0.001712,74.125.24.0-255,1484,104631,64,231426
9431,0.001717,74.125.24.0-255,2902,107533,64,231426
9432,0.001719,172.31.40.0-255,66,107599,64,231426
9433,0.00175,172.31.40.0-255,66,107665,64,231426
9434,0.001789,172.31.40.0-255,66,107731,64,231426
9435,0.001972,74.125.24.0-255,1484,109215,64,231426
9436,0.001979,74.125.24.0-255,2902,112117,64,231426
9437,0.001982,172.31.40.0-255,66,112183,64,231426
9438,0.001986,74.125.24.0-255,1484,113667,64,231426
9439,0.002007,74.125.24.0-255,4320,117987,64,231426
9440,0.00201,172.31.40.0-255,66,118053,64,231426
9441,0.002023,74.125.24.0-255,4320,122373,64,231426
9442,0.002025,172.31.40.0-255,66,122439,64,231426
9443,0.002048,172.31.40.0-255,66,122505,64,231426
9444,0.00207,74.125.24.0-255,1484,123989,64,231426
9445,0.002096,172.31.40.0-255,66,124055,64,231426
9446,0.00212,74.125.24.0-255,1484,125539,64,231426
9447,0.002131,74.125.24.0-255,1484,127023,64,231426
9448,0.002136,74.125.24.0-255,4320,131343,64,231426
9449,0.00214,172.31.40.0-255,66,131409,64,231426
9450,0.002142,172.31.40.0-255,66,131475,64,231426
9451,0.002171,172.31.40.0-255,66,131541,64,231426
9452,0.00222,172.31.40.0-255,66,131607,64,231426
9453,0.002254,172.31.40.0-255,66,131673,64,231426
9454,0.002322,172.31.40.0-255,66,131739,64,231426
9455,0.002326,74.125.24.0-255,2184,133923,64,231426
9456,0.002329,172.31.40.0-255,66,133989,64,231426
9457,0.002441,74.125.24.0-255,1484,135473,64,231426
9458,0.002457,74.125.24.0-255,2902,138375,64,231426
9459,0.00246,172.31.40.0-255,66,138441,64,231426
9460,0.002467,74.125.24.0-255,5738,144179,64,231426
9461,0.00247,172.31.40.0-255,66,144245,64,231426
9462,0.002481,74.125.24.0-255,1484,145729,64,231426
9463,0.002512,172.31.40.0-255,66,145795,64,231426
9464,0.002521,172.31.40.0-255,66,145861,64,231426
9465,0.002546,74.125.24.0-255,2184,148045,64,231426
9466,0.002548,172.31.40.0-255,66,148111,64,231426
9467,0.005118,74.125.24.0-255,5738,153849,64,231426
9468,0.005127,172.31.40.0-255,66,153915,64,231426
9469,0.007725,74.125.24.0-255,5738,159653,64,231426
9470,0.007732,172.31.40.0-255,66,159719,64,231426
9471,0.01034,74.125.24.0-255,5738,165457,64,231426
9472,0.010345,172.31.40.0-255,66,165523,64,231426
9473,0.012954,74.125.24.0-255,5738,171261,64,231426
9474,0.012961,172.31.40.0-255,66,171327,64,231426
9475,0.015579,74.125.24.0-255,5738,177065,64,231426
9476,0.015594,172.31.40.0-255,66,177131,64,231426
9477,0.018214,74.125.24.0-255,5738,182869,64,231426
9478,0.01823,172.31.40.0-255,66,182935,64,231426
9479,0.020848,74.125.24.0-255,5738,188673,64,231426
9480,0.020862,172.31.40.0-255,66,188739,64,231426
9481,0.023464,74.125.24.0-255,5738,194477,64,231426
9482,0.023473,172.31.40.0-255,66,194543,64,231426
9483,0.026085,74.125.24.0-255,5738,200281,64,231426
9484,0.026092,172.31.40.0-255,66,200347,64,231426
9485,0.028713,74.125.24.0-255,5738,206085,64,231426
9486,0.028721,172.31.40.0-255,66,206151,64,231426
9487,0.031329,74.125.24.0-255,5738,211889,64,231426
9488,0.031337,172.31.40.0-255,66,211955,64,231426
9489,0.03395,74.125.24.0-255,5738,217693,64,231426
9490,0.033957,172.31.40.0-255,66,217759,64,231426
9491,0.036146,172.31.40.0-255,171,217930,64,231426
9492,0.036177,172.31.40.0-255,1134,219064,64,231426
9493,0.036239,172.31.40.0-255,1514,220578,64,231426
9494,0.036241,172.31.40.0-255,1514,222092,64,231426
9495,0.036247,172.31.40.0-255,1514,223606,64,231426
9496,0.036248,172.31.40.0-255,1514,225120,64,231426
9497,0.036267,172.31.40.0-255,455,225575,64,231426
9498,0.036574,74.125.24.0-255,5350,230925,64,231426
9499,0.036581,172.31.40.0-255,66,230991,64,231426
9500,0.036735,172.31.40.0-255,105,231096,64,231426
9501,0.03769,104.244.42.0-255,66,231162,64,231426
9502,0.037735,104.244.42.0-255,66,231228,64,231426
9503,0.037826,104.244.42.0-255,66,231294,64,231426
9504,0.03783,104.244.42.0-255,66,231360,64,231426
9505,0.039309,74.125.24.0-255,66,231426,64,231426
9506,0.0,74.125.24.0-255,167,167,64,264529
9507,2.2e-05,172.31.40.0-255,66,233,64,264529
9508,2.8e-05,74.125.24.0-255,1484,1717,64,264529
9509,3.3e-05,172.31.40.0-255,66,1783,64,264529
9510,3.8e-05,74.125.24.0-255,2902,4685,64,264529
9511,4.1e-05,172.31.40.0-255,66,4751,64,264529
9512,4.8e-05,74.125.24.0-255,7156,11907,64,264529
9513,5.2e-05,172.31.40.0-255,66,11973,64,264529
9514,8.2e-05,74.125.24.0-255,2066,14039,64,264529
9515,8.5e-05,172.31.40.0-255,66,14105,64,264529
9516,8.9e-05,74.125.24.0-255,2902,17007,64,264529
9517,9.1e-05,172.31.40.0-255,66,17073,64,264529
9518,0.000105,74.125.24.0-255,4320,21393,64,264529
9519,0.000107,172.31.40.0-255,66,21459,64,264529
9520,0.000127,74.125.24.0-255,2902,24361,64,264529
9521,0.000129,172.31.40.0-255,66,24427,64,264529
9522,0.000134,74.125.24.0-255,4320,28747,64,264529
9523,0.000136,172.31.40.0-255,66,28813,64,264529
9524,0.00015,74.125.24.0-255,2543,31356,64,264529
9525,0.000152,172.31.40.0-255,66,31422,64,264529
9526,0.000252,74.125.24.0-255,1484,32906,64,264529
9527,0.000256,172.31.40.0-255,66,32972,64,264529
9528,0.000278,74.125.24.0-255,2902,35874,64,264529
9529,0.000281,172.31.40.0-255,66,35940,64,264529
9530,0.000286,74.125.24.0-255,5738,41678,64,264529
9531,0.000288,172.31.40.0-255,66,41744,64,264529
9532,0.000292,74.125.24.0-255,2902,44646,64,264529
9533,0.000293,172.31.40.0-255,66,44712,64,264529
9534,0.000316,74.125.24.0-255,2902,47614,64,264529
9535,0.000318,172.31.40.0-255,66,47680,64,264529
9536,0.000341,172.31.40.0-255,66,47746,64,264529
9537,0.000358,74.125.24.0-255,3961,51707,64,264529
9538,0.00036,172.31.40.0-255,66,51773,64,264529
9539,0.000365,74.125.24.0-255,3961,55734,64,264529
9540,0.000368,172.31.40.0-255,66,55800,64,264529
9541,0.000397,74.125.24.0-255,411,56211,64,264529
9542,0.000486,74.125.24.0-255,332,56543,64,264529
9543,0.000574,74.125.24.0-255,1484,58027,64,264529
9544,0.000578,172.31.40.0-255,66,58093,64,264529
9545,0.000584,74.125.24.0-255,2902,60995,64,264529
9546,0.000586,172.31.40.0-255,66,61061,64,264529
9547,0.000589,74.125.24.0-255,1484,62545,64,264529
9548,0.000608,74.125.24.0-255,4320,66865,64,264529
9549,0.000611,172.31.40.0-255,66,66931,64,264529
9550,0.000614,74.125.24.0-255,1484,68415,64,264529
9551,0.00064,172.31.40.0-255,66,68481,64,264529
9552,0.000648,74.125.24.0-255,1484,69965,64,264529
9553,0.00067,172.31.40.0-255,66,70031,64,264529
9554,0.000849,74.125.24.0-255,1484,71515,64,264529
9555,0.000853,74.125.24.0-255,1484,72999,64,264529
9556,0.000858,172.31.40.0-255,66,73065,64,264529
9557,0.000875,74.125.24.0-255,1484,74549,64,264529
9558,0.000882,74.125.24.0-255,5738,80287,64,264529
9559,0.000884,172.31.40.0-255,66,80353,64,264529
9560,0.00093,172.31.40.0-255,66,80419,64,264529
9561,0.000938,74.125.24.0-255,7156,87575,64,264529
9562,0.000941,172.31.40.0-255,66,87641,64,264529
9563,0.000963,74.125.24.0-255,2902,90543,64,264529
9564,0.000966,172.31.40.0-255,66,90609,64,264529
9565,0.000986,74.125.24.0-255,766,91375,64,264529
9566,0.001136,74.125.24.0-255,1484,92859,64,264529
9567,0.00114,172.31.40.0-255,66,92925,64,264529
9568,0.001153,74.125.24.0-255,2902,95827,64,264529
9569,0.001156,172.31.40.0-255,66,95893,64,264529
9570,0.001173,74.125.24.0-255,4320,100213,64,264529
9571,0.001175,172.31.40.0-255,66,100279,64,264529
9572,0.001178,74.125.24.0-255,1484,101763,64,264529
9573,0.001192,74.125.24.0-255,4320,106083,64,264529
9574,0.001196,172.31.40.0-255,66,106149,64,264529
9575,0.001209,74.125.24.0-255,2902,109051,64,264529
9576,0.001211,172.31.40.0-255,66,109117,64,264529
9577,0.001283,74.125.24.0-255,4320,113437,64,264529
9578,0.001286,172.31.40.0-255,66,113503,64,264529
9579,0.001323,172.31.40.0-255,66,113569,64,264529
9580,0.001396,74.125.24.0-255,1484,115053,64,264529
9581,0.00141,74.125.24.0-255,2902,117955,64,264529
9582,0.001413,172.31.40.0-255,66,118021,64,264529
9583,0.001419,74.125.24.0-255,5738,123759,64,264529
9584,0.001421,172.31.40.0-255,66,123825,64,264529
9585,0.001459,172.31.40.0-255,66,123891,64,264529
9586,0.001478,74.125.24.0-255,1484,125375,64,264529
9587,0.00151,172.31.40.0-255,66,125441,64,264529
9588,0.001874,74.125.24.0-255,1484,126925,64,264529
9589,0.001889,74.125.24.0-255,2902,129827,64,264529
9590,0.001893,172.31.40.0-255,66,129893,64,264529
9591,0.001919,74.125.24.0-255,5738,135631,64,264529
9592,0.001922,172.31.40.0-255,66,135697,64,264529
9593,0.001926,74.125.24.0-255,2902,138599,64,264529
9594,0.001929,172.31.40.0-255,66,138665,64,264529
9595,0.00198,172.31.40.0-255,66,138731,64,264529
9596,0.00199,172.31.40.0-255,66,138797,64,264529
9597,0.002006,74.125.24.0-255,1484,140281,64,264529
9598,0.002009,74.125.24.0-255,766,141047,64,264529
9599,0.002011,172.31.40.0-255,66,141113,64,264529
9600,0.002204,74.125.24.0-255,1484,142597,64,264529
9601,0.002221,74.125.24.0-255,2902,145499,64,264529
9602,0.002224,172.31.40.0-255,66,145565,64,264529
9603,0.002231,74.125.24.0-255,5738,151303,64,264529
9604,0.002233,172.31.40.0-255,66,151369,64,264529
9605,0.002238,74.125.24.0-255,2902,154271,64,264529
9606,0.00224,172.31.40.0-255,66,154337,64,264529
9607,0.002271,74.125.24.0-255,4320,158657,64,264529
9608,0.002274,172.31.40.0-255,66,158723,64,264529
9609,0.002288,172.31.40.0-255,66,158789,64,264529
9610,0.002294,74.125.24.0-255,3602,162391,64,264529
9611,0.002296,172.31.40.0-255,66,162457,64,264529
9612,0.002299,74.125.24.0-255,2902,165359,64,264529
9613,0.002302,172.31.40.0-255,66,165425,64,264529
9614,0.004568,74.125.24.0-255,2902,168327,64,264529
9615,0.004574,172.31.40.0-255,66,168393,64,264529
9616,0.004593,74.125.24.0-255,2902,171295,64,264529
9617,0.004595,172.31.40.0-255,66,171361,64,264529
9618,0.006856,74.125.24.0-255,2902,174263,64,264529
9619,0.006863,172.31.40.0-255,66,174329,64,264529
9620,0.006896,74.125.24.0-255,2902,177231,64,264529
9621,0.006899,172.31.40.0-255,66,177297,64,264529
9622,0.009139,74.125.24.0-255,2902,180199,64,264529
9623,0.009145,172.31.40.0-255,66,180265,64,264529
9624,0.009184,74.125.24.0-255,2902,183167,64,264529
9625,0.009187,172.31.40.0-255,66,183233,64,264529
9626,0.011452,74.125.24.0-255,2902,186135,64,264529
9627,0.011459,172.31.40.0-255,66,186201,64,264529
9628,0.011484,74.125.24.0-255,2902,189103,64,264529
9629,0.011487,172.31.40.0-255,66,189169,64,264529
9630,0.013751,74.125.24.0-255,2902,192071,64,264529
9631,0.013761,172.31.40.0-255,66,192137,64,264529
9632,0.013792,74.125.24.0-255,2902,195039,64,264529
9633,0.013796,172.31.40.0-255,66,195105,64,264529
9634,0.016049,74.125.24.0-255,2902,198007,64,264529
9635,0.016056,172.31.40.0-255,66,198073,64,264529
9636,0.016075,74.125.24.0-255,2902,200975,64,264529
9637,0.016077,172.31.40.0-255,66,201041,64,264529
9638,0.018361,74.125.24.0-255,5738,206779,64,264529
9639,0.01837,172.31.40.0-255,66,206845,64,264529
9640,0.020687,74.125.24.0-255,5738,212583,64,264529
9641,0.020695,172.31.40.0-255,66,212649,64,264529
9642,0.022998,74.125.24.0-255,5738,218387,64,264529
9643,0.023007,172.31.40.0-255,66,218453,64,264529
9644,0.025293,74.125.24.0-255,5738,224191,64,264529
9645,0.0253,172.31.40.0-255,66,224257,64,264529
9646,0.025419,172.31.40.0-255,172,224429,64,264529
9647,0.025446,172.31.40.0-255,1110,225539,64,264529
9648,0.025506,172.31.40.0-255,1514,227053,64,264529
9649,0.025508,172.31.40.0-255,1514,228567,64,264529
9650,0.025532,172.31.40.0-255,700,229267,64,264529
9651,0.026952,104.244.42.0-255,66,229333,64,264529
9652,0.026981,104.244.42.0-255,66,229399,64,264529
9653,0.027048,104.244.42.0-255,66,229465,64,264529
9654,0.027094,104.244.42.0-255,66,229531,64,264529
9655,0.02762,74.125.24.0-255,5738,235269,64,264529
9656,0.027626,172.31.40.0-255,66,235335,64,264529
9657,0.027685,104.244.42.0-255,108,235443,64,264529
9658,0.027689,172.31.40.0-255,66,235509,64,264529
9659,0.029925,74.125.24.0-255,5738,241247,64,264529
9660,0.029932,172.31.40.0-255,66,241313,64,264529
9661,0.032234,74.125.24.0-255,5738,247051,64,264529
9662,0.032241,172.31.40.0-255,66,247117,64,264529
9663,0.034559,74.125.24.0-255,5738,252855,64,264529
9664,0.034565,172.31.40.0-255,66,252921,64,264529
9665,0.036857,74.125.24.0-255,5738,258659,64,264529
9666,0.036863,172.31.40.0-255,66,258725,64,264529
9667,0.039165,74.125.24.0-255,5738,264463,64,264529
9668,0.039172,172.31.40.0-255,66,264529,64,264529
9669,0.0,74.125.24.0-255,155,155,64,156173
9670,2.2e-05,172.31.40.0-255,66,221,64,156173
9671,3e-05,74.125.24.0-255,1484,1705,64,156173
9672,3.4e-05,172.31.40.0-255,66,1771,64,156173
9673,3.9e-05,74.125.24.0-255,2902,4673,64,156173
9674,4.3e-05,172.31.40.0-255,66,4739,64,156173
9675,5.1e-05,74.125.24.0-255,7156,11895,64,156173
9676,5.5e-05,172.31.40.0-255,66,11961,64,156173
9677,9.8e-05,172.31.40.0-255,66,12027,64,156173
9678,0.000102,74.125.24.0-255,2902,14929,64,156173
9679,0.000104,172.31.40.0-255,66,14995,64,156173
9680,0.000123,74.125.24.0-255,5738,20733,64,156173
9681,0.000126,172.31.40.0-255,66,20799,64,156173
9682,0.000128,74.125.24.0-255,1484,22283,64,156173
9683,0.00013,172.31.40.0-255,66,22349,64,156173
9684,0.000149,74.125.24.0-255,1125,23474,64,156173
9685,0.000152,172.31.40.0-255,66,23540,64,156173
9686,0.000189,74.125.24.0-255,2902,26442,64,156173
9687,0.000192,172.31.40.0-255,66,26508,64,156173
9688,0.000216,74.125.24.0-255,4320,30828,64,156173
9689,0.000218,172.31.40.0-255,66,30894,64,156173
9690,0.000231,172.31.40.0-255,66,30960,64,156173
9691,0.000234,74.125.24.0-255,1484,32444,64,156173
9692,0.000236,172.31.40.0-255,66,32510,64,156173
9693,0.000273,172.31.40.0-255,66,32576,64,156173
9694,0.000317,74.125.24.0-255,7078,39654,64,156173
9695,0.00032,172.31.40.0-255,66,39720,64,156173
9696,0.000323,74.125.24.0-255,406,40126,64,156173
9697,0.000325,172.31.40.0-255,66,40192,64,156173
9698,0.000557,74.125.24.0-255,1484,41676,64,156173
9699,0.000565,74.125.24.0-255,2902,44578,64,156173
9700,0.000568,172.31.40.0-255,66,44644,64,156173
9701,0.000599,74.125.24.0-255,4320,48964,64,156173
9702,0.000602,172.31.40.0-255,66,49030,64,156173
9703,0.000619,74.125.24.0-255,1484,50514,64,156173
9704,0.000633,172.31.40.0-255,66,50580,64,156173
9705,0.000674,172.31.40.0-255,66,50646,64,156173
9706,0.000686,172.31.40.0-255,66,50712,64,156173
9707,0.000716,74.125.24.0-255,1484,52196,64,156173
9708,0.000734,172.31.40.0-255,66,52262,64,156173
9709,0.000763,74.125.24.0-255,4470,56732,64,156173
9710,0.000766,172.31.40.0-255,66,56798,64,156173
9711,0.000773,74.125.24.0-255,5738,62536,64,156173
9712,0.000776,172.31.40.0-255,66,62602,64,156173
9713,0.000819,172.31.40.0-255,66,62668,64,156173
9714,0.00084,74.125.24.0-255,2543,65211,64,156173
9715,0.000843,172.31.40.0-255,66,65277,64,156173
9716,0.001014,74.125.24.0-255,1484,66761,64,156173
9717,0.001022,74.125.24.0-255,2902,69663,64,156173
9718,0.001025,172.31.40.0-255,66,69729,64,156173
9719,0.00103,74.125.24.0-255,2902,72631,64,156173
9720,0.001033,172.31.40.0-255,66,72697,64,156173
9721,0.001049,74.125.24.0-255,2902,75599,64,156173
9722,0.001052,172.31.40.0-255,66,75665,64,156173
9723,0.001063,172.31.40.0-255,66,75731,64,156173
9724,0.001084,74.125.24.0-255,1484,77215,64,156173
9725,0.001107,74.125.24.0-255,2902,80117,64,156173
9726,0.00111,172.31.40.0-255,66,80183,64,156173
9727,0.00113,172.31.40.0-255,66,80249,64,156173
9728,0.001299,74.125.24.0-255,1484,81733,64,156173
9729,0.001305,74.125.24.0-255,2902,84635,64,156173
9730,0.001308,172.31.40.0-255,66,84701,64,156173
9731,0.001315,74.125.24.0-255,5738,90439,64,156173
9732,0.001317,172.31.40.0-255,66,90505,64,156173
9733,0.001332,74.125.24.0-255,1484,91989,64,156173
9734,0.001354,172.31.40.0-255,66,92055,64,156173
9735,0.001359,74.125.24.0-255,2902,94957,64,156173
9736,0.001361,172.31.40.0-255,66,95023,64,156173
9737,0.001376,74.125.24.0-255,7156,102179,64,156173
9738,0.00138,172.31.40.0-255,66,102245,64,156173
9739,0.001399,74.125.24.0-255,766,103011,64,156173
9740,0.001433,74.125.24.0-255,1484,104495,64,156173
9741,0.001436,172.31.40.0-255,66,104561,64,156173
9742,0.001442,74.125.24.0-255,2902,107463,64,156173
9743,0.001444,172.31.40.0-255,66,107529,64,156173
9744,0.001447,74.125.24.0-255,1484,109013,64,156173
9745,0.001466,74.125.24.0-255,4320,113333,64,156173
9746,0.001469,172.31.40.0-255,66,113399,64,156173
9747,0.001497,172.31.40.0-255,66,113465,64,156173
9748,0.0015,74.125.24.0-255,1484,114949,64,156173
9749,0.001539,172.31.40.0-255,66,115015,64,156173
9750,0.001637,172.31.40.0-255,66,115081,64,156173
9751,0.00164,172.31.40.0-255,66,115147,64,156173
9752,0.001667,172.31.40.0-255,66,115213,64,156173
9753,0.00167,74.125.24.0-255,1484,116697,64,156173
9754,0.001674,74.125.24.0-255,2902,119599,64,156173
9755,0.001677,172.31.40.0-255,66,119665,64,156173
9756,0.001683,74.125.24.0-255,4320,123985,64,156173
9757,0.001686,172.31.40.0-255,66,124051,64,156173
9758,0.001706,74.125.24.0-255,1484,125535,64,156173
9759,0.00172,172.31.40.0-255,66,125601,64,156173
9760,0.001743,74.125.24.0-255,2902,128503,64,156173
9761,0.001746,172.31.40.0-255,66,128569,64,156173
9762,0.001758,172.31.40.0-255,66,128635,64,156173
9763,0.001761,74.125.24.0-255,766,129401,64,156173
9764,0.001795,74.125.24.0-255,1484,130885,64,156173
9765,0.001798,172.31.40.0-255,66,130951,64,156173
9766,0.001813,74.125.24.0-255,4320,135271,64,156173
9767,0.001816,172.31.40.0-255,66,135337,64,156173
9768,0.001858,172.31.40.0-255,66,135403,64,156173
9769,0.001869,172.31.40.0-255,66,135469,64,156173
9770,0.001894,172.31.40.0-255,66,135535,64,156173
9771,0.001914,74.125.24.0-255,2902,138437,64,156173
9772,0.001917,172.31.40.0-255,66,138503,64,156173
9773,0.001949,74.125.24.0-255,7156,145659,64,156173
9774,0.001953,172.31.40.0-255,66,145725,64,156173
9775,0.001963,172.31.40.0-255,66,145791,64,156173
9776,0.001984,74.125.24.0-255,2902,148693,64,156173
9777,0.001986,172.31.40.0-255,66,148759,64,156173
9778,0.002054,74.125.24.0-255,1484,150243,64,156173
9779,0.002057,74.125.24.0-255,253,150496,64,156173
9780,0.002069,172.31.40.0-255,66,150562,64,156173
9781,0.002072,74.125.24.0-255,105,150667,64,156173
9782,0.00886,172.31.40.0-255,66,150733,64,156173
9783,0.008897,172.31.40.0-255,105,150838,64,156173
9784,0.011412,74.125.24.0-255,66,150904,64,156173
9785,0.031154,172.31.40.0-255,167,151071,64,156173
9786,0.031188,172.31.40.0-255,1110,152181,64,156173
9787,0.031245,172.31.40.0-255,1514,153695,64,156173
9788,0.031247,172.31.40.0-255,1514,155209,64,156173
9789,0.031248,172.31.40.0-255,700,155909,64,156173
9790,0.0327,104.244.42.0-255,66,155975,64,156173
9791,0.032871,104.244.42.0-255,66,156041,64,156173
9792,0.032899,104.244.42.0-255,66,156107,64,156173
9793,0.032919,104.244.42.0-255,66,156173,64,156173
9794,0.0,74.125.200.0-255,298,298,64,183583
9795,3.2e-05,172.31.40.0-255,66,364,64,183583
9796,3.8e-05,74.125.200.0-255,1484,1848,64,183583
9797,4.2e-05,172.31.40.0-255,66,1914,64,183583
9798,4.5e-05,74.125.200.0-255,1484,3398,64,183583
9799,4.7e-05,172.31.40.0-255,66,3464,64,183583
9800,5.3e-05,74.125.200.0-255,2902,6366,64,183583
9801,6.3e-05,172.31.40.0-255,66,6432,64,183583
9802,6.8e-05,74.125.200.0-255,4320,10752,64,183583
9803,7.1e-05,172.31.40.0-255,66,10818,64,183583
9804,0.000103,74.125.200.0-255,1484,12302,64,183583
9805,0.000106,172.31.40.0-255,66,12368,64,183583
9806,0.00011,74.125.200.0-255,1838,14206,64,183583
9807,0.000113,172.31.40.0-255,66,14272,64,183583
9808,0.00021,74.125.200.0-255,1484,15756,64,183583
9809,0.000214,172.31.40.0-255,66,15822,64,183583
9810,0.000219,74.125.200.0-255,2902,18724,64,183583
9811,0.000222,172.31.40.0-255,66,18790,64,183583
9812,0.000225,74.125.200.0-255,1484,20274,64,183583
9813,0.000227,172.31.40.0-255,66,20340,64,183583
9814,0.000258,74.125.200.0-255,4320,24660,64,183583
9815,0.000261,172.31.40.0-255,66,24726,64,183583
9816,0.000271,74.125.200.0-255,4320,29046,64,183583
9817,0.000274,172.31.40.0-255,66,29112,64,183583
9818,0.000279,74.125.200.0-255,5379,34491,64,183583
9819,0.000281,172.31.40.0-255,66,34557,64,183583
9820,0.000324,172.31.40.0-255,66,34623,64,183583
9821,0.000339,74.125.200.0-255,1484,36107,64,183583
9822,0.000342,172.31.40.0-255,66,36173,64,183583
9823,0.00036,172.31.40.0-255,66,36239,64,183583
9824,0.000373,172.31.40.0-255,66,36305,64,183583
9825,0.000426,74.125.200.0-255,398,36703,64,183583
9826,0.000465,74.125.200.0-255,113,36816,64,183583
9827,0.000717,74.125.200.0-255,1484,38300,64,183583
9828,0.000721,172.31.40.0-255,66,38366,64,183583
9829,0.000727,74.125.200.0-255,2902,41268,64,183583
9830,0.000729,172.31.40.0-255,66,41334,64,183583
9831,0.000758,74.125.200.0-255,5738,47072,64,183583
9832,0.000763,172.31.40.0-255,66,47138,64,183583
9833,0.000764,74.125.200.0-255,7156,54294,64,183583
9834,0.000767,172.31.40.0-255,66,54360,64,183583
9835,0.000794,74.125.200.0-255,4320,58680,64,183583
9836,0.000802,172.31.40.0-255,66,58746,64,183583
9837,0.000837,172.31.40.0-255,66,58812,64,183583
9838,0.000849,74.125.200.0-255,2184,60996,64,183583
9839,0.000856,172.31.40.0-255,66,61062,64,183583
9840,0.00088,74.125.200.0-255,328,61390,64,183583
9841,0.001042,74.125.200.0-255,1484,62874,64,183583
9842,0.001046,172.31.40.0-255,66,62940,64,183583
9843,0.001068,74.125.200.0-255,2902,65842,64,183583
9844,0.001072,172.31.40.0-255,66,65908,64,183583
9845,0.001073,74.125.200.0-255,2902,68810,64,183583
9846,0.001076,172.31.40.0-255,66,68876,64,183583
9847,0.001094,74.125.200.0-255,4320,73196,64,183583
9848,0.001096,172.31.40.0-255,66,73262,64,183583
9849,0.001106,172.31.40.0-255,66,73328,64,183583
9850,0.001113,74.125.200.0-255,7156,80484,64,183583
9851,0.001115,172.31.40.0-255,66,80550,64,183583
9852,0.001156,74.125.200.0-255,6438,86988,64,183583
9853,0.001159,172.31.40.0-255,66,87054,64,183583
9854,0.001547,74.125.200.0-255,1484,88538,64,183583
9855,0.001574,74.125.200.0-255,2902,91440,64,183583
9856,0.001578,172.31.40.0-255,66,91506,64,183583
9857,0.001596,74.125.200.0-255,2902,94408,64,183583
9858,0.001603,172.31.40.0-255,66,94474,64,183583
9859,0.001608,74.125.200.0-255,2902,97376,64,183583
9860,0.001611,172.31.40.0-255,66,97442,64,183583
9861,0.001639,74.125.200.0-255,1484,98926,64,183583
9862,0.001656,172.31.40.0-255,66,98992,64,183583
9863,0.001662,74.125.200.0-255,4320,103312,64,183583
9864,0.001664,172.31.40.0-255,66,103378,64,183583
9865,0.001743,172.31.40.0-255,66,103444,64,183583
9866,0.004372,74.125.200.0-255,4320,107764,64,183583
9867,0.004379,172.31.40.0-255,66,107830,64,183583
9868,0.004391,74.125.200.0-255,1484,109314,64,183583
9869,0.007034,74.125.200.0-255,4320,113634,64,183583
9870,0.00704,172.31.40.0-255,66,113700,64,183583
9871,0.009678,74.125.200.0-255,5738,119438,64,183583
9872,0.009688,172.31.40.0-255,66,119504,64,183583
9873,0.012333,74.125.200.0-255,5738,125242,64,183583
9874,0.012344,172.31.40.0-255,66,125308,64,183583
9875,0.014993,74.125.200.0-255,5738,131046,64,183583
9876,0.015006,172.31.40.0-255,66,131112,64,183583
9877,0.017655,74.125.200.0-255,5738,136850,64,183583
9878,0.017664,172.31.40.0-255,66,136916,64,183583
9879,0.020307,74.125.200.0-255,5738,142654,64,183583
9880,0.020316,172.31.40.0-255,66,142720,64,183583
9881,0.021459,172.31.40.0-255,171,142891,64,183583
9882,0.021489,172.31.40.0-255,1136,144027,64,183583
9883,0.021531,172.31.40.0-255,1514,145541,64,183583
9884,0.021532,172.31.40.0-255,1272,146813,64,183583
9885,0.022952,74.125.200.0-255,5738,152551,64,183583
9886,0.022957,172.31.40.0-255,66,152617,64,183583
9887,0.023149,104.244.42.0-255,66,152683,64,183583
9888,0.023198,104.244.42.0-255,66,152749,64,183583
9889,0.023223,104.244.42.0-255,66,152815,64,183583
9890,0.025631,74.125.200.0-255,4320,157135,64,183583
9891,0.025637,172.31.40.0-255,66,157201,64,183583
9892,0.025666,74.125.200.0-255,1484,158685,64,183583
9893,0.028279,74.125.200.0-255,4320,163005,64,183583
9894,0.028285,172.31.40.0-255,66,163071,64,183583
9895,0.030941,74.125.200.0-255,4320,167391,64,183583
9896,0.030946,172.31.40.0-255,66,167457,64,183583
9897,0.030972,74.125.200.0-255,1484,168941,64,183583
9898,0.033584,74.125.200.0-255,2902,171843,64,183583
9899,0.033589,172.31.40.0-255,66,171909,64,183583
9900,0.036217,74.125.200.0-255,5738,177647,64,183583
9901,0.036223,172.31.40.0-255,66,177713,64,183583
9902,0.038921,74.125.200.0-255,4320,182033,64,183583
9903,0.038926,172.31.40.0-255,66,182099,64,183583
9904,0.038952,74.125.200.0-255,1484,183583,64,183583
9905,0.0,74.125.68.0-255,147,147,64,278712
9906,2.6e-05,172.31.40.0-255,66,213,64,278712
9907,3.4e-05,74.125.68.0-255,1484,1697,64,278712
9908,3.9e-05,172.31.40.0-255,66,1763,64,278712
9909,4.5e-05,74.125.68.0-255,2902,4665,64,278712
9910,5.5e-05,172.31.40.0-255,66,4731,64,278712
9911,7.5e-05,74.125.68.0-255,7156,11887,64,278712
9912,7.8e-05,172.31.40.0-255,66,11953,64,278712
9913,8.3e-05,74.125.68.0-255,2101,14054,64,278712
9914,8.6e-05,172.31.40.0-255,66,14120,64,278712
9915,0.000252,74.125.68.0-255,1484,15604,64,278712
9916,0.000257,172.31.40.0-255,66,15670,64,278712
9917,0.000292,74.125.68.0-255,2902,18572,64,278712
9918,0.000295,172.31.40.0-255,66,18638,64,278712
9919,0.000301,74.125.68.0-255,4320,22958,64,278712
9920,0.000303,172.31.40.0-255,66,23024,64,278712
9921,0.000324,74.125.68.0-255,1484,24508,64,278712
9922,0.000327,172.31.40.0-255,66,24574,64,278712
9923,0.000339,74.125.68.0-255,6797,31371,64,278712
9924,0.000342,172.31.40.0-255,66,31437,64,278712
9925,0.000377,74.125.68.0-255,1484,32921,64,278712
9926,0.000379,172.31.40.0-255,66,32987,64,278712
9927,0.000409,74.125.68.0-255,2902,35889,64,278712
9928,0.000412,172.31.40.0-255,66,35955,64,278712
9929,0.000418,74.125.68.0-255,4320,40275,64,278712
9930,0.00042,172.31.40.0-255,66,40341,64,278712
9931,0.000426,74.125.68.0-255,4320,44661,64,278712
9932,0.000429,172.31.40.0-255,66,44727,64,278712
9933,0.000457,74.125.68.0-255,1484,46211,64,278712
9934,0.00046,172.31.40.0-255,66,46277,64,278712
9935,0.000465,74.125.68.0-255,2543,48820,64,278712
9936,0.000467,172.31.40.0-255,66,48886,64,278712
9937,0.001104,74.125.68.0-255,1484,50370,64,278712
9938,0.001123,74.125.68.0-255,2902,53272,64,278712
9939,0.001128,172.31.40.0-255,66,53338,64,278712
9940,0.001162,74.125.68.0-255,4320,57658,64,278712
9941,0.001165,172.31.40.0-255,66,57724,64,278712
9942,0.001173,74.125.68.0-255,5738,63462,64,278712
9943,0.001175,172.31.40.0-255,66,63528,64,278712
9944,0.001221,74.125.68.0-255,3124,66652,64,278712
9945,0.001224,172.31.40.0-255,66,66718,64,278712
9946,0.001305,74.125.68.0-255,1484,68202,64,278712
9947,0.001324,74.125.68.0-255,2902,71104,64,278712
9948,0.001328,172.31.40.0-255,66,71170,64,278712
9949,0.001336,74.125.68.0-255,5738,76908,64,278712
9950,0.001338,172.31.40.0-255,66,76974,64,278712
9951,0.00135,74.125.68.0-255,6797,83771,64,278712
9952,0.001352,172.31.40.0-255,66,83837,64,278712
9953,0.001379,74.125.68.0-255,5738,89575,64,278712
9954,0.001381,172.31.40.0-255,66,89641,64,278712
9955,0.001386,74.125.68.0-255,2902,92543,64,278712
9956,0.001388,172.31.40.0-255,66,92609,64,278712
9957,0.001425,74.125.68.0-255,4320,96929,64,278712
9958,0.001428,172.31.40.0-255,66,96995,64,278712
9959,0.001452,74.125.68.0-255,3961,100956,64,278712
9960,0.001456,172.31.40.0-255,66,101022,64,278712
9961,0.00151,74.125.68.0-255,1484,102506,64,278712
9962,0.001516,74.125.68.0-255,2902,105408,64,278712
9963,0.001518,172.31.40.0-255,66,105474,64,278712
9964,0.001525,74.125.68.0-255,5738,111212,64,278712
9965,0.001528,172.31.40.0-255,66,111278,64,278712
9966,0.001532,74.125.68.0-255,2902,114180,64,278712
9967,0.001535,172.31.40.0-255,66,114246,64,278712
9968,0.00154,74.125.68.0-255,3397,117643,64,278712
9969,0.001543,172.31.40.0-255,66,117709,64,278712
9970,0.001615,74.125.68.0-255,1484,119193,64,278712
9971,0.001633,74.125.68.0-255,2902,122095,64,278712
9972,0.001637,172.31.40.0-255,66,122161,64,278712
9973,0.00167,74.125.68.0-255,5738,127899,64,278712
9974,0.001673,172.31.40.0-255,66,127965,64,278712
9975,0.001693,74.125.68.0-255,5738,133703,64,278712
9976,0.001696,172.31.40.0-255,66,133769,64,278712
9977,0.001727,74.125.68.0-255,5738,139507,64,278712
9978,0.00173,172.31.40.0-255,66,139573,64,278712
9979,0.001749,172.31.40.0-255,66,139639,64,278712
9980,0.00194,74.125.68.0-255,1484,141123,64,278712
9981,0.001948,74.125.68.0-255,2902,144025,64,278712
9982,0.001954,172.31.40.0-255,66,144091,64,278712
9983,0.001959,74.125.68.0-255,2902,146993,64,278712
9984,0.001961,172.31.40.0-255,66,147059,64,278712
9985,0.001984,74.125.68.0-255,2902,149961,64,278712
9986,0.001986,172.31.40.0-255,66,150027,64,278712
9987,0.002002,172.31.40.0-255,66,150093,64,278712
9988,0.002036,172.31.40.0-255,66,150159,64,278712
9989,0.002044,74.125.68.0-255,5020,155179,64,278712
9990,0.002046,172.31.40.0-255,66,155245,64,278712
9991,0.002135,74.125.68.0-255,1484,156729,64,278712
9992,0.002155,74.125.68.0-255,2902,159631,64,278712
9993,0.002159,172.31.40.0-255,66,159697,64,278712
9994,0.002166,74.125.68.0-255,5738,165435,64,278712
9995,0.002169,172.31.40.0-255,66,165501,64,278712
9996,0.002207,172.31.40.0-255,66,165567,64,278712
9997,0.002215,74.125.68.0-255,7156,172723,64,278712
9998,0.002217,172.31.40.0-255,66,172789,64,278712
9999,0.002238,74.125.68.0-255,2902,175691,64,278712
10000,0.002241,172.31.40.0-255,66,175757,64,278712
10001,0.002248,74.125.68.0-255,5020,180777,64,278712
10002,0.00225,172.31.40.0-255,66,180843,64,278712
10003,0.004569,74.125.68.0-255,5738,186581,64,278712
10004,0.004585,172.31.40.0-255,66,186647,64,278712
10005,0.006905,74.125.68.0-255,5738,192385,64,278712
10006,0.006917,172.31.40.0-255,66,192451,64,278712
10007,0.009217,74.125.68.0-255,5738,198189,64,278712
10008,0.009223,172.31.40.0-255,66,198255,64,278712
10009,0.011549,74.125.68.0-255,5738,203993,64,278712
10010,0.011568,172.31.40.0-255,66,204059,64,278712
10011,0.013895,74.125.68.0-255,5738,209797,64,278712
10012,0.013916,172.31.40.0-255,66,209863,64,278712
10013,0.016259,74.125.68.0-255,5738,215601,64,278712
10014,0.016279,172.31.40.0-255,66,215667,64,278712
10015,0.018605,74.125.68.0-255,5738,221405,64,278712
10016,0.018622,172.31.40.0-255,66,221471,64,278712
10017,0.020958,74.125.68.0-255,5738,227209,64,278712
10018,0.020977,172.31.40.0-255,66,227275,64,278712
10019,0.023302,74.125.68.0-255,5738,233013,64,278712
10020,0.023318,172.31.40.0-255,66,233079,64,278712
10021,0.025646,74.125.68.0-255,5738,238817,64,278712
10022,0.025663,172.31.40.0-255,66,238883,64,278712
10023,0.027987,74.125.68.0-255,5738,244621,64,278712
10024,0.028007,172.31.40.0-255,66,244687,64,278712
10025,0.030396,74.125.68.0-255,5738,250425,64,278712
10026,0.030411,172.31.40.0-255,66,250491,64,278712
10027,0.032746,74.125.68.0-255,5738,256229,64,278712
10028,0.032763,172.31.40.0-255,66,256295,64,278712
10029,0.035086,74.125.68.0-255,5738,262033,64,278712
10030,0.035102,172.31.40.0-255,66,262099,64,278712
10031,0.037433,74.125.68.0-255,5738,267837,64,278712
10032,0.037452,172.31.40.0-255,66,267903,64,278712
10033,0.039319,172.31.40.0-255,167,268070,64,278712
10034,0.03935,172.31.40.0-255,1110,269180,64,278712
10035,0.039415,172.31.40.0-255,1514,270694,64,278712
10036,0.039417,172.31.40.0-255,1514,272208,64,278712
10037,0.039445,172.31.40.0-255,700,272908,64,278712
10038,0.039796,74.125.68.0-255,5738,278646,64,278712
10039,0.039809,172.31.40.0-255,66,278712,64,278712
10040,0.0,172.253.118.0-255,150,150,64,266409
10041,2.3e-05,172.31.40.0-255,66,216,64,266409
10042,3e-05,172.253.118.0-255,1484,1700,64,266409
10043,3.4e-05,172.31.40.0-255,66,1766,64,266409
10044,4e-05,172.253.118.0-255,2902,4668,64,266409
10045,5.1e-05,172.31.40.0-255,66,4734,64,266409
10046,6e-05,172.253.118.0-255,7156,11890,64,266409
10047,6.3e-05,172.31.40.0-255,66,11956,64,266409
10048,7.5e-05,172.31.40.0-255,66,12022,64,266409
10049,8.1e-05,172.253.118.0-255,5738,17760,64,266409
10050,8.4e-05,172.31.40.0-255,66,17826,64,266409
10051,0.000108,172.253.118.0-255,2902,20728,64,266409
10052,0.000111,172.31.40.0-255,66,20794,64,266409
10053,0.000115,172.253.118.0-255,2543,23337,64,266409
10054,0.000117,172.31.40.0-255,66,23403,64,266409
10055,0.000245,172.253.118.0-255,1484,24887,64,266409
10056,0.00025,172.31.40.0-255,66,24953,64,266409
10057,0.000257,172.253.118.0-255,2902,27855,64,266409
10058,0.00026,172.31.40.0-255,66,27921,64,266409
10059,0.000264,172.253.118.0-255,2902,30823,64,266409
10060,0.000272,172.31.40.0-255,66,30889,64,266409
10061,0.000309,172.253.118.0-255,2902,33791,64,266409
10062,0.000312,172.31.40.0-255,66,33857,64,266409
10063,0.000324,172.31.40.0-255,66,33923,64,266409
10064,0.000345,172.31.40.0-255,66,33989,64,266409
10065,0.000348,172.253.118.0-255,444,34433,64,266409
10066,0.000353,172.31.40.0-255,66,34499,64,266409
10067,0.000565,172.253.118.0-255,1484,35983,64,266409
10068,0.000571,172.31.40.0-255,66,36049,64,266409
10069,0.000577,172.253.118.0-255,2902,38951,64,266409
10070,0.00058,172.31.40.0-255,66,39017,64,266409
10071,0.000591,172.253.118.0-255,5738,44755,64,266409
10072,0.000594,172.31.40.0-255,66,44821,64,266409
10073,0.000637,172.31.40.0-255,66,44887,64,266409
10074,0.000643,172.253.118.0-255,5738,50625,64,266409
10075,0.000646,172.31.40.0-255,66,50691,64,266409
10076,0.000695,172.253.118.0-255,2902,53593,64,266409
10077,0.000699,172.31.40.0-255,66,53659,64,266409
10078,0.000723,172.253.118.0-255,2184,55843,64,266409
10079,0.000726,172.31.40.0-255,66,55909,64,266409
10080,0.001004,172.253.118.0-255,330,56239,64,266409
10081,0.001043,172.253.118.0-255,1484,57723,64,266409
10082,0.001047,172.31.40.0-255,66,57789,64,266409
10083,0.001053,172.253.118.0-255,4320,62109,64,266409
10084,0.001055,172.31.40.0-255,66,62175,64,266409
10085,0.001097,172.31.40.0-255,66,62241,64,266409
10086,0.001102,172.253.118.0-255,4320,66561,64,266409
10087,0.001105,172.31.40.0-255,66,66627,64,266409
10088,0.001145,172.253.118.0-255,7156,73783,64,266409
10089,0.001148,172.31.40.0-255,66,73849,64,266409
10090,0.001182,172.253.118.0-255,7156,81005,64,266409
10091,0.001185,172.31.40.0-255,66,81071,64,266409
10092,0.001188,172.253.118.0-255,766,81837,64,266409
10093,0.001191,172.253.118.0-255,1484,83321,64,266409
10094,0.001193,172.31.40.0-255,66,83387,64,266409
10095,0.001197,172.253.118.0-255,1484,84871,64,266409
10096,0.001211,172.253.118.0-255,1484,86355,64,266409
10097,0.001214,172.31.40.0-255,66,86421,64,266409
10098,0.00122,172.253.118.0-255,5738,92159,64,266409
10099,0.001223,172.31.40.0-255,66,92225,64,266409
10100,0.00123,172.253.118.0-255,5738,97963,64,266409
10101,0.001236,172.31.40.0-255,66,98029,64,266409
10102,0.001274,172.31.40.0-255,66,98095,64,266409
10103,0.001279,172.253.118.0-255,2902,100997,64,266409
10104,0.001281,172.31.40.0-255,66,101063,64,266409
10105,0.001301,172.253.118.0-255,2184,103247,64,266409
10106,0.001307,172.31.40.0-255,66,103313,64,266409
10107,0.001413,172.253.118.0-255,1484,104797,64,266409
10108,0.001418,172.253.118.0-255,1484,106281,64,266409
10109,0.001421,172.31.40.0-255,66,106347,64,266409
10110,0.001449,172.253.118.0-255,1484,107831,64,266409
10111,0.001456,172.253.118.0-255,5738,113569,64,266409
10112,0.001459,172.31.40.0-255,66,113635,64,266409
10113,0.001504,172.253.118.0-255,2902,116537,64,266409
10114,0.001507,172.31.40.0-255,66,116603,64,266409
10115,0.001537,172.31.40.0-255,66,116669,64,266409
10116,0.001542,172.253.118.0-255,2902,119571,64,266409
10117,0.001544,172.31.40.0-255,66,119637,64,266409
10118,0.001583,172.31.40.0-255,66,119703,64,266409
10119,0.001678,172.253.118.0-255,1484,121187,64,266409
10120,0.001695,172.253.118.0-255,2902,124089,64,266409
10121,0.001698,172.31.40.0-255,66,124155,64,266409
10122,0.001706,172.253.118.0-255,5738,129893,64,266409
10123,0.001708,172.31.40.0-255,66,129959,64,266409
10124,0.001712,172.253.118.0-255,2902,132861,64,266409
10125,0.001714,172.31.40.0-255,66,132927,64,266409
10126,0.001768,172.31.40.0-255,66,132993,64,266409
10127,0.001779,172.31.40.0-255,66,133059,64,266409
10128,0.001787,172.253.118.0-255,2184,135243,64,266409
10129,0.00179,172.31.40.0-255,66,135309,64,266409
10130,0.002002,172.253.118.0-255,1484,136793,64,266409
10131,0.002017,172.253.118.0-255,2902,139695,64,266409
10132,0.002021,172.31.40.0-255,66,139761,64,266409
10133,0.002052,172.253.118.0-255,5738,145499,64,266409
10134,0.002056,172.31.40.0-255,66,145565,64,266409
10135,0.002082,172.253.118.0-255,5738,151303,64,266409
10136,0.002084,172.31.40.0-255,66,151369,64,266409
10137,0.002114,172.253.118.0-255,2902,154271,64,266409
10138,0.002117,172.31.40.0-255,66,154337,64,266409
10139,0.002133,172.31.40.0-255,66,154403,64,266409
10140,0.002139,172.253.118.0-255,5020,159423,64,266409
10141,0.002142,172.31.40.0-255,66,159489,64,266409
10142,0.002243,172.253.118.0-255,1484,160973,64,266409
10143,0.00226,172.253.118.0-255,2902,163875,64,266409
10144,0.002263,172.31.40.0-255,66,163941,64,266409
10145,0.002269,172.253.118.0-255,4320,168261,64,266409
10146,0.002271,172.31.40.0-255,66,168327,64,266409
10147,0.002289,172.253.118.0-255,1484,169811,64,266409
10148,0.002306,172.253.118.0-255,4320,174131,64,266409
10149,0.002309,172.31.40.0-255,66,174197,64,266409
10150,0.002347,172.31.40.0-255,66,174263,64,266409
10151,0.002352,172.253.118.0-255,4320,178583,64,266409
10152,0.002354,172.31.40.0-255,66,178649,64,266409
10153,0.002379,172.253.118.0-255,6438,185087,64,266409
10154,0.002382,172.31.40.0-255,66,185153,64,266409
10155,0.005028,172.253.118.0-255,5738,190891,64,266409
10156,0.005038,172.31.40.0-255,66,190957,64,266409
10157,0.007699,172.253.118.0-255,5738,196695,64,266409
10158,0.007716,172.31.40.0-255,66,196761,64,266409
10159,0.010354,172.253.118.0-255,5738,202499,64,266409
10160,0.010364,172.31.40.0-255,66,202565,64,266409
10161,0.01302,172.253.118.0-255,5738,208303,64,266409
10162,0.013032,172.31.40.0-255,66,208369,64,266409
10163,0.015704,172.253.118.0-255,5738,214107,64,266409
10164,0.01572,172.31.40.0-255,66,214173,64,266409
10165,0.018423,172.253.118.0-255,5738,219911,64,266409
10166,0.018433,172.31.40.0-255,66,219977,64,266409
10167,0.021131,172.253.118.0-255,5738,225715,64,266409
10168,0.021144,172.31.40.0-255,66,225781,64,266409
10169,0.023809,172.253.118.0-255,5738,231519,64,266409
10170,0.023826,172.31.40.0-255,66,231585,64,266409
10171,0.026489,172.253.118.0-255,5738,237323,64,266409
10172,0.026504,172.31.40.0-255,66,237389,64,266409
10173,0.02917,172.253.118.0-255,5738,243127,64,266409
10174,0.029202,172.31.40.0-255,66,243193,64,266409
10175,0.031883,172.253.118.0-255,5738,248931,64,266409
10176,0.031902,172.31.40.0-255,66,248997,64,266409
10177,0.034575,172.253.118.0-255,5738,254735,64,266409
10178,0.034591,172.31.40.0-255,66,254801,64,266409
10179,0.037277,172.253.118.0-255,5738,260539,64,266409
10180,0.037294,172.31.40.0-255,66,260605,64,266409
10181,0.039951,172.253.118.0-255,5738,266343,64,266409
10182,0.039963,172.31.40.0-255,66,266409,64,266409
10183,0.0,74.125.68.0-255,153,153,64,186191
10184,1.4e-05,172.31.40.0-255,66,219,64,186191
10185,2e-05,74.125.68.0-255,1484,1703,64,186191
10186,2.4e-05,172.31.40.0-255,66,1769,64,186191
10187,2.9e-05,74.125.68.0-255,2902,4671,64,186191
10188,3.1e-05,172.31.40.0-255,66,4737,64,186191
10189,3.4e-05,74.125.68.0-255,1484,6221,64,186191
10190,3.6e-05,172.31.40.0-255,66,6287,64,186191
10191,6.9e-05,74.125.68.0-255,5738,12025,64,186191
10192,7.1e-05,172.31.40.0-255,66,12091,64,186191
10193,7.5e-05,74.125.68.0-255,2038,14129,64,186191
10194,7.7e-05,172.31.40.0-255,66,14195,64,186191
10195,9.2e-05,74.125.68.0-255,2902,17097,64,186191
10196,9.4e-05,172.31.40.0-255,66,17163,64,186191
10197,9.7e-05,74.125.68.0-255,1484,18647,64,186191
10198,9.8e-05,172.31.40.0-255,66,18713,64,186191
10199,0.000122,74.125.68.0-255,2902,21615,64,186191
10200,0.000124,172.31.40.0-255,66,21681,64,186191
10201,0.00015,74.125.68.0-255,5738,27419,64,186191
10202,0.000153,172.31.40.0-255,66,27485,64,186191
10203,0.000157,74.125.68.0-255,4320,31805,64,186191
10204,0.00016,172.31.40.0-255,66,31871,64,186191
10205,0.000178,74.125.68.0-255,7156,39027,64,186191
10206,0.000181,172.31.40.0-255,66,39093,64,186191
10207,0.000218,74.125.68.0-255,4320,43413,64,186191
10208,0.000221,172.31.40.0-255,66,43479,64,186191
10209,0.000241,74.125.68.0-255,5020,48499,64,186191
10210,0.000243,172.31.40.0-255,66,48565,64,186191
10211,0.000445,74.125.68.0-255,1484,50049,64,186191
10212,0.000449,172.31.40.0-255,66,50115,64,186191
10213,0.000467,74.125.68.0-255,2902,53017,64,186191
10214,0.000471,172.31.40.0-255,66,53083,64,186191
10215,0.000499,74.125.68.0-255,2902,55985,64,186191
10216,0.000501,172.31.40.0-255,66,56051,64,186191
10217,0.000515,74.125.68.0-255,2902,58953,64,186191
10218,0.000518,172.31.40.0-255,66,59019,64,186191
10219,0.000522,74.125.68.0-255,2902,61921,64,186191
10220,0.000524,172.31.40.0-255,66,61987,64,186191
10221,0.000559,74.125.68.0-255,4286,66273,64,186191
10222,0.000562,172.31.40.0-255,66,66339,64,186191
10223,0.001917,74.125.68.0-255,1484,67823,64,186191
10224,0.001926,74.125.68.0-255,2902,70725,64,186191
10225,0.00193,172.31.40.0-255,66,70791,64,186191
10226,0.00196,74.125.68.0-255,5738,76529,64,186191
10227,0.001975,172.31.40.0-255,66,76595,64,186191
10228,0.001979,74.125.68.0-255,1484,78079,64,186191
10229,0.002007,172.31.40.0-255,66,78145,64,186191
10230,0.002035,74.125.68.0-255,5738,83883,64,186191
10231,0.002038,172.31.40.0-255,66,83949,64,186191
10232,0.002058,74.125.68.0-255,5020,88969,64,186191
10233,0.00206,172.31.40.0-255,66,89035,64,186191
10234,0.004351,74.125.68.0-255,5738,94773,64,186191
10235,0.004356,172.31.40.0-255,66,94839,64,186191
10236,0.006657,74.125.68.0-255,5738,100577,64,186191
10237,0.006664,172.31.40.0-255,66,100643,64,186191
10238,0.008988,74.125.68.0-255,5738,106381,64,186191
10239,0.008997,172.31.40.0-255,66,106447,64,186191
10240,0.011319,74.125.68.0-255,5738,112185,64,186191
10241,0.011327,172.31.40.0-255,66,112251,64,186191
10242,0.01363,74.125.68.0-255,5738,117989,64,186191
10243,0.013637,172.31.40.0-255,66,118055,64,186191
10244,0.015926,74.125.68.0-255,5738,123793,64,186191
10245,0.015934,172.31.40.0-255,66,123859,64,186191
10246,0.018233,74.125.68.0-255,5738,129597,64,186191
10247,0.018243,172.31.40.0-255,66,129663,64,186191
10248,0.020545,74.125.68.0-255,5738,135401,64,186191
10249,0.020553,172.31.40.0-255,66,135467,64,186191
10250,0.022861,74.125.68.0-255,5738,141205,64,186191
10251,0.02287,172.31.40.0-255,66,141271,64,186191
10252,0.02491,172.31.40.0-255,172,141443,64,186191
10253,0.024941,172.31.40.0-255,1112,142555,64,186191
10254,0.025001,172.31.40.0-255,1514,144069,64,186191
10255,0.025003,172.31.40.0-255,1296,145365,64,186191
10256,0.025162,74.125.68.0-255,5738,151103,64,186191
10257,0.025169,172.31.40.0-255,66,151169,64,186191
10258,0.026468,104.244.42.0-255,66,151235,64,186191
10259,0.026511,104.244.42.0-255,66,151301,64,186191
10260,0.026556,104.244.42.0-255,66,151367,64,186191
10261,0.027455,74.125.68.0-255,5738,157105,64,186191
10262,0.027462,172.31.40.0-255,66,157171,64,186191
10263,0.029803,74.125.68.0-255,5738,162909,64,186191
10264,0.029811,172.31.40.0-255,66,162975,64,186191
10265,0.032151,74.125.68.0-255,5738,168713,64,186191
10266,0.032158,172.31.40.0-255,66,168779,64,186191
10267,0.034464,74.125.68.0-255,5738,174517,64,186191
10268,0.034471,172.31.40.0-255,66,174583,64,186191
10269,0.036771,74.125.68.0-255,5738,180321,64,186191
10270,0.036778,172.31.40.0-255,66,180387,64,186191
10271,0.039078,74.125.68.0-255,5738,186125,64,186191
10272,0.039084,172.31.40.0-255,66,186191,64,186191
10273,0.0,172.217.194.0-255,296,296,64,169459
10274,2.3e-05,172.31.40.0-255,66,362,64,169459
10275,3e-05,172.217.194.0-255,1484,1846,64,169459
10276,3.5e-05,172.31.40.0-255,66,1912,64,169459
10277,4.1e-05,172.217.194.0-255,4320,6232,64,169459
10278,4.4e-05,172.31.40.0-255,66,6298,64,169459
10279,6.4e-05,172.31.40.0-255,66,6364,64,169459
10280,0.000157,172.217.194.0-255,1484,7848,64,169459
10281,0.00016,172.31.40.0-255,66,7914,64,169459
10282,0.000166,172.217.194.0-255,2902,10816,64,169459
10283,0.000168,172.31.40.0-255,66,10882,64,169459
10284,0.000203,172.217.194.0-255,1484,12366,64,169459
10285,0.000206,172.31.40.0-255,66,12432,64,169459
10286,0.000246,172.217.194.0-255,4320,16752,64,169459
10287,0.000248,172.31.40.0-255,66,16818,64,169459
10288,0.000255,172.217.194.0-255,6797,23615,64,169459
10289,0.000257,172.31.40.0-255,66,23681,64,169459
10290,0.000277,172.31.40.0-255,66,23747,64,169459
10291,0.00028,172.217.194.0-255,2543,26290,64,169459
10292,0.000296,172.31.40.0-255,66,26356,64,169459
10293,0.000302,172.217.194.0-255,2902,29258,64,169459
10294,0.000304,172.31.40.0-255,66,29324,64,169459
10295,0.000311,172.217.194.0-255,7156,36480,64,169459
10296,0.000314,172.31.40.0-255,66,36546,64,169459
10297,0.000321,172.217.194.0-255,7055,43601,64,169459
10298,0.000324,172.31.40.0-255,66,43667,64,169459
10299,0.000327,172.217.194.0-255,120,43787,64,169459
10300,0.000329,172.31.40.0-255,66,43853,64,169459
10301,0.000371,172.217.194.0-255,375,44228,64,169459
10302,0.000377,172.31.40.0-255,66,44294,64,169459
10303,0.000491,172.217.194.0-255,1484,45778,64,169459
10304,0.000498,172.217.194.0-255,2902,48680,64,169459
10305,0.000502,172.31.40.0-255,66,48746,64,169459
10306,0.000508,172.217.194.0-255,5738,54484,64,169459
10307,0.00051,172.31.40.0-255,66,54550,64,169459
10308,0.000556,172.217.194.0-255,4320,58870,64,169459
10309,0.000559,172.31.40.0-255,66,58936,64,169459
10310,0.000592,172.217.194.0-255,3961,62897,64,169459
10311,0.000596,172.31.40.0-255,66,62963,64,169459
10312,0.000606,172.31.40.0-255,66,63029,64,169459
10313,0.00064,172.217.194.0-255,6797,69826,64,169459
10314,0.000643,172.31.40.0-255,66,69892,64,169459
10315,0.000885,172.217.194.0-255,1484,71376,64,169459
10316,0.000891,172.217.194.0-255,2902,74278,64,169459
10317,0.000894,172.31.40.0-255,66,74344,64,169459
10318,0.000915,172.217.194.0-255,4320,78664,64,169459
10319,0.000917,172.31.40.0-255,66,78730,64,169459
10320,0.000943,172.31.40.0-255,66,78796,64,169459
10321,0.000974,172.31.40.0-255,66,78862,64,169459
10322,0.001008,172.217.194.0-255,6438,85300,64,169459
10323,0.001011,172.31.40.0-255,66,85366,64,169459
10324,0.001138,172.217.194.0-255,1484,86850,64,169459
10325,0.001145,172.217.194.0-255,2902,89752,64,169459
10326,0.001147,172.31.40.0-255,66,89818,64,169459
10327,0.001151,172.217.194.0-255,1484,91302,64,169459
10328,0.001174,172.217.194.0-255,4320,95622,64,169459
10329,0.001177,172.31.40.0-255,66,95688,64,169459
10330,0.00118,172.217.194.0-255,1484,97172,64,169459
10331,0.001185,172.217.194.0-255,4320,101492,64,169459
10332,0.001188,172.31.40.0-255,66,101558,64,169459
10333,0.001221,172.217.194.0-255,4320,105878,64,169459
10334,0.001224,172.31.40.0-255,66,105944,64,169459
10335,0.001238,172.217.194.0-255,2902,108846,64,169459
10336,0.001245,172.31.40.0-255,66,108912,64,169459
10337,0.001286,172.31.40.0-255,66,108978,64,169459
10338,0.001289,172.217.194.0-255,1484,110462,64,169459
10339,0.001293,172.217.194.0-255,2902,113364,64,169459
10340,0.001295,172.31.40.0-255,66,113430,64,169459
10341,0.001307,172.217.194.0-255,5738,119168,64,169459
10342,0.001309,172.31.40.0-255,66,119234,64,169459
10343,0.001357,172.31.40.0-255,66,119300,64,169459
10344,0.001378,172.217.194.0-255,2902,122202,64,169459
10345,0.00138,172.31.40.0-255,66,122268,64,169459
10346,0.001419,172.31.40.0-255,66,122334,64,169459
10347,0.001647,172.217.194.0-255,1484,123818,64,169459
10348,0.001668,172.217.194.0-255,2902,126720,64,169459
10349,0.001672,172.31.40.0-255,66,126786,64,169459
10350,0.001677,172.217.194.0-255,4320,131106,64,169459
10351,0.001679,172.31.40.0-255,66,131172,64,169459
10352,0.001723,172.31.40.0-255,66,131238,64,169459
10353,0.00173,172.217.194.0-255,5738,136976,64,169459
10354,0.001732,172.31.40.0-255,66,137042,64,169459
10355,0.001785,172.31.40.0-255,66,137108,64,169459
10356,0.00182,172.217.194.0-255,1484,138592,64,169459
10357,0.001843,172.217.194.0-255,2902,141494,64,169459
10358,0.001846,172.31.40.0-255,66,141560,64,169459
10359,0.001877,172.217.194.0-255,5738,147298,64,169459
10360,0.001938,172.31.40.0-255,66,147364,64,169459
10361,0.001982,172.217.194.0-255,5738,153102,64,169459
10362,0.002002,172.217.194.0-255,7156,160258,64,169459
10363,0.002005,172.31.40.0-255,66,160324,64,169459
10364,0.00201,172.31.40.0-255,66,160390,64,169459
10365,0.002056,172.31.40.0-255,66,160456,64,169459
10366,0.00208,172.217.194.0-255,1484,161940,64,169459
10367,0.002085,172.217.194.0-255,2184,164124,64,169459
10368,0.002152,172.31.40.0-255,66,164190,64,169459
10369,0.002233,172.217.194.0-255,97,164287,64,169459
10370,0.002241,172.31.40.0-255,66,164353,64,169459
10371,0.00225,172.217.194.0-255,105,164458,64,169459
10372,0.002267,172.217.194.0-255,129,164587,64,169459
10373,0.004679,172.31.40.0-255,105,164692,64,169459
10374,0.004715,172.31.40.0-255,105,164797,64,169459
10375,0.004971,172.31.40.0-255,90,164887,64,169459
10376,0.004981,172.31.40.0-255,66,164953,64,169459
10377,0.007202,172.217.194.0-255,66,165019,64,169459
10378,0.007211,172.217.194.0-255,66,165085,64,169459
10379,0.007454,172.217.194.0-255,66,165151,64,169459
10380,0.007478,172.217.194.0-255,66,165217,64,169459
10381,0.007484,172.31.40.0-255,66,165283,64,169459
10382,0.032212,172.31.40.0-255,172,165455,64,169459
10383,0.03226,172.31.40.0-255,1112,166567,64,169459
10384,0.032335,172.31.40.0-255,1514,168081,64,169459
10385,0.032337,172.31.40.0-255,1180,169261,64,169459
10386,0.033769,104.244.42.0-255,66,169327,64,169459
10387,0.033854,104.244.42.0-255,66,169393,64,169459
10388,0.033856,104.244.42.0-255,66,169459,64,169459
10389,0.0,172.217.194.0-255,150,150,64,217790
10390,2.1e-05,172.31.40.0-255,66,216,64,217790
10391,2.7e-05,172.217.194.0-255,1484,1700,64,217790
10392,3.1e-05,172.31.40.0-255,66,1766,64,217790
10393,3.5e-05,172.217.194.0-255,2902,4668,64,217790
10394,3.8e-05,172.31.40.0-255,66,4734,64,217790
10395,5.3e-05,172.217.194.0-255,7156,11890,64,217790
10396,5.6e-05,172.31.40.0-255,66,11956,64,217790
10397,6e-05,172.217.194.0-255,2102,14058,64,217790
10398,6.3e-05,172.31.40.0-255,66,14124,64,217790
10399,0.000101,172.217.194.0-255,1484,15608,64,217790
10400,0.000103,172.31.40.0-255,66,15674,64,217790
10401,0.000108,172.217.194.0-255,2902,18576,64,217790
10402,0.00011,172.31.40.0-255,66,18642,64,217790
10403,0.000113,172.217.194.0-255,1484,20126,64,217790
10404,0.000115,172.31.40.0-255,66,20192,64,217790
10405,0.000143,172.217.194.0-255,4320,24512,64,217790
10406,0.000147,172.31.40.0-255,66,24578,64,217790
10407,0.000152,172.217.194.0-255,4320,28898,64,217790
10408,0.000154,172.31.40.0-255,66,28964,64,217790
10409,0.000187,172.217.194.0-255,5379,34343,64,217790
10410,0.00019,172.31.40.0-255,66,34409,64,217790
10411,0.0002,172.31.40.0-255,66,34475,64,217790
10412,0.00021,172.217.194.0-255,3961,38436,64,217790
10413,0.000212,172.31.40.0-255,66,38502,64,217790
10414,0.000898,172.217.194.0-255,1484,39986,64,217790
10415,0.000904,172.31.40.0-255,66,40052,64,217790
10416,0.00091,172.217.194.0-255,2902,42954,64,217790
10417,0.000913,172.31.40.0-255,66,43020,64,217790
10418,0.000929,172.217.194.0-255,5738,48758,64,217790
10419,0.000931,172.31.40.0-255,66,48824,64,217790
10420,0.000976,172.217.194.0-255,6797,55621,64,217790
10421,0.00098,172.31.40.0-255,66,55687,64,217790
10422,0.001247,172.217.194.0-255,1484,57171,64,217790
10423,0.001258,172.217.194.0-255,2902,60073,64,217790
10424,0.001262,172.31.40.0-255,66,60139,64,217790
10425,0.001267,172.217.194.0-255,1484,61623,64,217790
10426,0.001294,172.217.194.0-255,4320,65943,64,217790
10427,0.001298,172.31.40.0-255,66,66009,64,217790
10428,0.001303,172.217.194.0-255,4320,70329,64,217790
10429,0.001306,172.31.40.0-255,66,70395,64,217790
10430,0.00134,172.217.194.0-255,5738,76133,64,217790
10431,0.001344,172.31.40.0-255,66,76199,64,217790
10432,0.001359,172.31.40.0-255,66,76265,64,217790
10433,0.00138,172.217.194.0-255,1484,77749,64,217790
10434,0.001409,172.217.194.0-255,2902,80651,64,217790
10435,0.001413,172.31.40.0-255,66,80717,64,217790
10436,0.001421,172.217.194.0-255,5738,86455,64,217790
10437,0.001423,172.31.40.0-255,66,86521,64,217790
10438,0.001459,172.217.194.0-255,5738,92259,64,217790
10439,0.001463,172.31.40.0-255,66,92325,64,217790
10440,0.001466,172.217.194.0-255,1484,93809,64,217790
10441,0.001497,172.31.40.0-255,66,93875,64,217790
10442,0.001526,172.217.194.0-255,1484,95359,64,217790
10443,0.001533,172.217.194.0-255,5020,100379,64,217790
10444,0.001537,172.31.40.0-255,66,100445,64,217790
10445,0.00154,172.217.194.0-255,1484,101929,64,217790
10446,0.001562,172.217.194.0-255,2902,104831,64,217790
10447,0.001566,172.31.40.0-255,66,104897,64,217790
10448,0.001572,172.217.194.0-255,5738,110635,64,217790
10449,0.001574,172.31.40.0-255,66,110701,64,217790
10450,0.001578,172.217.194.0-255,1484,112185,64,217790
10451,0.001612,172.217.194.0-255,5738,117923,64,217790
10452,0.001617,172.31.40.0-255,66,117989,64,217790
10453,0.001624,172.217.194.0-255,7156,125145,64,217790
10454,0.001627,172.31.40.0-255,66,125211,64,217790
10455,0.001641,172.217.194.0-255,7156,132367,64,217790
10456,0.001644,172.31.40.0-255,66,132433,64,217790
10457,0.001653,172.217.194.0-255,2184,134617,64,217790
10458,0.001656,172.31.40.0-255,66,134683,64,217790
10459,0.002589,172.217.194.0-255,1484,136167,64,217790
10460,0.004216,172.217.194.0-255,4320,140487,64,217790
10461,0.004222,172.31.40.0-255,66,140553,64,217790
10462,0.006798,172.217.194.0-255,2902,143455,64,217790
10463,0.006801,172.31.40.0-255,66,143521,64,217790
10464,0.006825,172.217.194.0-255,2902,146423,64,217790
10465,0.006827,172.31.40.0-255,66,146489,64,217790
10466,0.009408,172.217.194.0-255,5738,152227,64,217790
10467,0.009419,172.31.40.0-255,66,152293,64,217790
10468,0.012001,172.217.194.0-255,5738,158031,64,217790
10469,0.012011,172.31.40.0-255,66,158097,64,217790
10470,0.01459,172.217.194.0-255,5738,163835,64,217790
10471,0.014604,172.31.40.0-255,66,163901,64,217790
10472,0.017188,172.217.194.0-255,5738,169639,64,217790
10473,0.017195,172.31.40.0-255,66,169705,64,217790
10474,0.019768,172.217.194.0-255,5738,175443,64,217790
10475,0.019779,172.31.40.0-255,66,175509,64,217790
10476,0.022353,172.217.194.0-255,5738,181247,64,217790
10477,0.022366,172.31.40.0-255,66,181313,64,217790
10478,0.02497,172.217.194.0-255,5738,187051,64,217790
10479,0.024982,172.31.40.0-255,66,187117,64,217790
10480,0.027544,172.217.194.0-255,4320,191437,64,217790
10481,0.027554,172.31.40.0-255,66,191503,64,217790
10482,0.027584,172.217.194.0-255,1484,192987,64,217790
10483,0.028097,172.31.40.0-255,171,193158,64,217790
10484,0.028127,172.31.40.0-255,1134,194292,64,217790
10485,0.028167,172.31.40.0-255,1514,195806,64,217790
10486,0.028169,172.31.40.0-255,1274,197080,64,217790
10487,0.029648,104.244.42.0-255,66,197146,64,217790
10488,0.029694,104.244.42.0-255,66,197212,64,217790
10489,0.02976,104.244.42.0-255,66,197278,64,217790
10490,0.030121,172.217.194.0-255,2902,200180,64,217790
10491,0.030124,172.31.40.0-255,66,200246,64,217790
10492,0.030153,172.217.194.0-255,1484,201730,64,217790
10493,0.032707,172.217.194.0-255,4320,206050,64,217790
10494,0.032714,172.31.40.0-255,66,206116,64,217790
10495,0.035284,172.217.194.0-255,1484,207600,64,217790
10496,0.035316,172.217.194.0-255,4320,211920,64,217790
10497,0.035321,172.31.40.0-255,66,211986,64,217790
10498,0.037906,172.217.194.0-255,5738,217724,64,217790
10499,0.037911,172.31.40.0-255,66,217790,64,217790
10500,0.0,172.217.194.0-255,146,146,64,255539
10501,1.6e-05,172.31.40.0-255,66,212,64,255539
10502,2.4e-05,172.217.194.0-255,1484,1696,64,255539
10503,2.8e-05,172.31.40.0-255,66,1762,64,255539
10504,3.4e-05,172.217.194.0-255,2902,4664,64,255539
10505,3.8e-05,172.31.40.0-255,66,4730,64,255539
10506,5.3e-05,172.217.194.0-255,7156,11886,64,255539
10507,5.7e-05,172.31.40.0-255,66,11952,64,255539
10508,6e-05,172.217.194.0-255,1484,13436,64,255539
10509,6.3e-05,172.31.40.0-255,66,13502,64,255539
10510,0.00011,172.31.40.0-255,66,13568,64,255539
10511,0.000114,172.217.194.0-255,2543,16111,64,255539
10512,0.000116,172.31.40.0-255,66,16177,64,255539
10513,0.00012,172.217.194.0-255,1484,17661,64,255539
10514,0.000122,172.31.40.0-255,66,17727,64,255539
10515,0.00014,172.217.194.0-255,4320,22047,64,255539
10516,0.000143,172.31.40.0-255,66,22113,64,255539
10517,0.000182,172.217.194.0-255,5738,27851,64,255539
10518,0.000184,172.31.40.0-255,66,27917,64,255539
10519,0.000208,172.217.194.0-255,1484,29401,64,255539
10520,0.00021,172.31.40.0-255,66,29467,64,255539
10521,0.000215,172.217.194.0-255,3961,33428,64,255539
10522,0.000223,172.31.40.0-255,66,33494,64,255539
10523,0.000228,172.217.194.0-255,4320,37814,64,255539
10524,0.000231,172.31.40.0-255,66,37880,64,255539
10525,0.000236,172.217.194.0-255,4320,42200,64,255539
10526,0.000238,172.31.40.0-255,66,42266,64,255539
10527,0.000266,172.217.194.0-255,1484,43750,64,255539
10528,0.000269,172.31.40.0-255,66,43816,64,255539
10529,0.000273,172.217.194.0-255,1484,45300,64,255539
10530,0.000275,172.31.40.0-255,66,45366,64,255539
10531,0.000301,172.217.194.0-255,5693,51059,64,255539
10532,0.000304,172.31.40.0-255,66,51125,64,255539
10533,0.000307,172.217.194.0-255,394,51519,64,255539
10534,0.000538,172.217.194.0-255,1484,53003,64,255539
10535,0.000544,172.31.40.0-255,66,53069,64,255539
10536,0.00055,172.217.194.0-255,2902,55971,64,255539
10537,0.000552,172.31.40.0-255,66,56037,64,255539
10538,0.000559,172.217.194.0-255,5738,61775,64,255539
10539,0.000566,172.31.40.0-255,66,61841,64,255539
10540,0.000577,172.31.40.0-255,66,61907,64,255539
10541,0.000604,172.217.194.0-255,4320,66227,64,255539
10542,0.000612,172.31.40.0-255,66,66293,64,255539
10543,0.000624,172.31.40.0-255,66,66359,64,255539
10544,0.00094,172.217.194.0-255,1484,67843,64,255539
10545,0.000944,172.217.194.0-255,1484,69327,64,255539
10546,0.000948,172.31.40.0-255,66,69393,64,255539
10547,0.000979,172.217.194.0-255,1484,70877,64,255539
10548,0.000987,172.217.194.0-255,5738,76615,64,255539
10549,0.000989,172.31.40.0-255,66,76681,64,255539
10550,0.000995,172.217.194.0-255,4320,81001,64,255539
10551,0.000996,172.31.40.0-255,66,81067,64,255539
10552,0.001034,172.31.40.0-255,66,81133,64,255539
10553,0.001053,172.217.194.0-255,4320,85453,64,255539
10554,0.001061,172.31.40.0-255,66,85519,64,255539
10555,0.001092,172.217.194.0-255,6438,91957,64,255539
10556,0.001094,172.217.194.0-255,1484,93441,64,255539
10557,0.001098,172.217.194.0-255,2902,96343,64,255539
10558,0.0011,172.217.194.0-255,1484,97827,64,255539
10559,0.001104,172.31.40.0-255,66,97893,64,255539
10560,0.001108,172.31.40.0-255,66,97959,64,255539
10561,0.001134,172.217.194.0-255,4320,102279,64,255539
10562,0.001137,172.31.40.0-255,66,102345,64,255539
10563,0.001176,172.217.194.0-255,1484,103829,64,255539
10564,0.00119,172.31.40.0-255,66,103895,64,255539
10565,0.001215,172.217.194.0-255,2184,106079,64,255539
10566,0.001225,172.31.40.0-255,66,106145,64,255539
10567,0.001268,172.217.194.0-255,1484,107629,64,255539
10568,0.001273,172.217.194.0-255,2902,110531,64,255539
10569,0.001284,172.217.194.0-255,1484,112015,64,255539
10570,0.0013,172.217.194.0-255,4320,116335,64,255539
10571,0.001303,172.217.194.0-255,1484,117819,64,255539
10572,0.001306,172.217.194.0-255,1484,119303,64,255539
10573,0.001315,172.217.194.0-255,1484,120787,64,255539
10574,0.001321,172.217.194.0-255,2902,123689,64,255539
10575,0.001324,172.31.40.0-255,66,123755,64,255539
10576,0.001331,172.31.40.0-255,66,123821,64,255539
10577,0.001343,172.217.194.0-255,2902,126723,64,255539
10578,0.001346,172.217.194.0-255,1484,128207,64,255539
10579,0.001389,172.217.194.0-255,766,128973,64,255539
10580,0.001403,172.31.40.0-255,66,129039,64,255539
10581,0.001551,172.217.194.0-255,1484,130523,64,255539
10582,0.001556,172.217.194.0-255,1484,132007,64,255539
10583,0.001559,172.31.40.0-255,66,132073,64,255539
10584,0.001571,172.217.194.0-255,1484,133557,64,255539
10585,0.001583,172.217.194.0-255,5738,139295,64,255539
10586,0.001596,172.31.40.0-255,66,139361,64,255539
10587,0.001679,172.217.194.0-255,2184,141545,64,255539
10588,0.001693,172.31.40.0-255,66,141611,64,255539
10589,0.001726,172.217.194.0-255,1484,143095,64,255539
10590,0.00173,172.217.194.0-255,1484,144579,64,255539
10591,0.001741,172.217.194.0-255,1484,146063,64,255539
10592,0.001748,172.31.40.0-255,66,146129,64,255539
10593,0.001772,172.217.194.0-255,5738,151867,64,255539
10594,0.001809,172.31.40.0-255,66,151933,64,255539
10595,0.001818,172.31.40.0-255,66,151999,64,255539
10596,0.001825,172.217.194.0-255,5738,157737,64,255539
10597,0.00188,172.217.194.0-255,2902,160639,64,255539
10598,0.001897,172.31.40.0-255,66,160705,64,255539
10599,0.001906,172.217.194.0-255,1484,162189,64,255539
10600,0.001937,172.217.194.0-255,5020,167209,64,255539
10601,0.001945,172.217.194.0-255,7156,174365,64,255539
10602,0.001967,172.217.194.0-255,2902,177267,64,255539
10603,0.001994,172.217.194.0-255,7156,184423,64,255539
10604,0.002002,172.31.40.0-255,66,184489,64,255539
10605,0.002015,172.217.194.0-255,5738,190227,64,255539
10606,0.002024,172.217.194.0-255,2184,192411,64,255539
10607,0.002029,172.217.194.0-255,2902,195313,64,255539
10608,0.002052,172.217.194.0-255,7156,202469,64,255539
10609,0.002061,172.31.40.0-255,66,202535,64,255539
10610,0.002066,172.217.194.0-255,2902,205437,64,255539
10611,0.002072,172.31.40.0-255,66,205503,64,255539
10612,0.002092,172.217.194.0-255,5738,211241,64,255539
10613,0.002112,172.31.40.0-255,66,211307,64,255539
10614,0.002127,172.217.194.0-255,5738,217045,64,255539
10615,0.002164,172.217.194.0-255,7156,224201,64,255539
10616,0.00217,172.31.40.0-255,66,224267,64,255539
10617,0.00221,172.31.40.0-255,66,224333,64,255539
10618,0.004357,172.217.194.0-255,5738,230071,64,255539
10619,0.010252,172.31.40.0-255,66,230137,64,255539
10620,0.011052,172.217.194.0-255,1484,231621,64,255539
10621,0.012384,172.217.194.0-255,4320,235941,64,255539
10622,0.012389,172.31.40.0-255,66,236007,64,255539
10623,0.014545,172.217.194.0-255,5738,241745,64,255539
10624,0.014553,172.31.40.0-255,66,241811,64,255539
10625,0.016677,172.217.194.0-255,5738,247549,64,255539
10626,0.016685,172.31.40.0-255,66,247615,64,255539
10627,0.018834,172.217.194.0-255,3395,251010,64,255539
10628,0.018844,172.31.40.0-255,66,251076,64,255539
10629,0.020425,172.31.40.0-255,105,251181,64,255539
10630,0.022522,172.217.194.0-255,66,251247,64,255539
10631,0.03217,172.31.40.0-255,172,251419,64,255539
10632,0.032198,172.31.40.0-255,1112,252531,64,255539
10633,0.032252,172.31.40.0-255,1514,254045,64,255539
10634,0.032253,172.31.40.0-255,1296,255341,64,255539
10635,0.033866,104.244.42.0-255,66,255407,64,255539
10636,0.033893,104.244.42.0-255,66,255473,64,255539
10637,0.033952,104.244.42.0-255,66,255539,64,255539
10638,0.0,172.217.194.0-255,153,153,64,233863
10639,1.5e-05,172.31.40.0-255,66,219,64,233863
10640,2.1e-05,172.217.194.0-255,1484,1703,64,233863
10641,2.5e-05,172.31.40.0-255,66,1769,64,233863
10642,2.9e-05,172.217.194.0-255,1484,3253,64,233863
10643,3.2e-05,172.31.40.0-255,66,3319,64,233863
10644,6.1e-05,172.217.194.0-255,4320,7639,64,233863
10645,6.3e-05,172.31.40.0-255,66,7705,64,233863
10646,9.9e-05,172.31.40.0-255,66,7771,64,233863
10647,0.000128,172.217.194.0-255,2055,9826,64,233863
10648,0.00013,172.31.40.0-255,66,9892,64,233863
10649,0.000147,172.31.40.0-255,66,9958,64,233863
10650,0.000149,172.217.194.0-255,1125,11083,64,233863
10651,0.000152,172.31.40.0-255,66,11149,64,233863
10652,0.000214,172.217.194.0-255,1484,12633,64,233863
10653,0.000217,172.31.40.0-255,66,12699,64,233863
10654,0.000234,172.217.194.0-255,1484,14183,64,233863
10655,0.000236,172.31.40.0-255,66,14249,64,233863
10656,0.000247,172.217.194.0-255,1484,15733,64,233863
10657,0.000249,172.31.40.0-255,66,15799,64,233863
10658,0.000256,172.217.194.0-255,1484,17283,64,233863
10659,0.000258,172.31.40.0-255,66,17349,64,233863
10660,0.000264,172.217.194.0-255,5738,23087,64,233863
10661,0.000267,172.31.40.0-255,66,23153,64,233863
10662,0.000289,172.217.194.0-255,2902,26055,64,233863
10663,0.000292,172.31.40.0-255,66,26121,64,233863
10664,0.000327,172.31.40.0-255,66,26187,64,233863
10665,0.000333,172.217.194.0-255,4320,30507,64,233863
10666,0.000335,172.31.40.0-255,66,30573,64,233863
10667,0.000369,172.217.194.0-255,4249,34822,64,233863
10668,0.000372,172.31.40.0-255,66,34888,64,233863
10669,0.000375,172.217.194.0-255,366,35254,64,233863
10670,0.00041,172.217.194.0-255,1484,36738,64,233863
10671,0.000413,172.31.40.0-255,66,36804,64,233863
10672,0.00044,172.217.194.0-255,4320,41124,64,233863
10673,0.000443,172.31.40.0-255,66,41190,64,233863
10674,0.000446,172.217.194.0-255,1484,42674,64,233863
10675,0.000474,172.217.194.0-255,5738,48412,64,233863
10676,0.000477,172.31.40.0-255,66,48478,64,233863
10677,0.000518,172.31.40.0-255,66,48544,64,233863
10678,0.000554,172.31.40.0-255,66,48610,64,233863
10679,0.000581,172.217.194.0-255,1636,50246,64,233863
10680,0.000584,172.31.40.0-255,66,50312,64,233863
10681,0.000609,172.217.194.0-255,1484,51796,64,233863
10682,0.000614,172.217.194.0-255,2902,54698,64,233863
10683,0.000617,172.31.40.0-255,66,54764,64,233863
10684,0.000645,172.217.194.0-255,5738,60502,64,233863
10685,0.000648,172.31.40.0-255,66,60568,64,233863
10686,0.000651,172.217.194.0-255,1484,62052,64,233863
10687,0.000682,172.217.194.0-255,4320,66372,64,233863
10688,0.000685,172.31.40.0-255,66,66438,64,233863
10689,0.000691,172.217.194.0-255,5738,72176,64,233863
10690,0.000693,172.31.40.0-255,66,72242,64,233863
10691,0.000721,172.217.194.0-255,7156,79398,64,233863
10692,0.000724,172.31.40.0-255,66,79464,64,233863
10693,0.000729,172.217.194.0-255,5020,84484,64,233863
10694,0.000731,172.31.40.0-255,66,84550,64,233863
10695,0.001037,172.217.194.0-255,1484,86034,64,233863
10696,0.001057,172.217.194.0-255,2902,88936,64,233863
10697,0.001061,172.31.40.0-255,66,89002,64,233863
10698,0.001067,172.217.194.0-255,5738,94740,64,233863
10699,0.001068,172.31.40.0-255,66,94806,64,233863
10700,0.001128,172.31.40.0-255,66,94872,64,233863
10701,0.001146,172.217.194.0-255,4320,99192,64,233863
10702,0.001152,172.217.194.0-255,7156,106348,64,233863
10703,0.001157,172.31.40.0-255,66,106414,64,233863
10704,0.001159,172.31.40.0-255,66,106480,64,233863
10705,0.001171,172.217.194.0-255,3602,110082,64,233863
10706,0.001177,172.31.40.0-255,66,110148,64,233863
10707,0.001535,172.217.194.0-255,1484,111632,64,233863
10708,0.00154,172.217.194.0-255,2902,114534,64,233863
10709,0.001543,172.31.40.0-255,66,114600,64,233863
10710,0.001547,172.217.194.0-255,2902,117502,64,233863
10711,0.001549,172.31.40.0-255,66,117568,64,233863
10712,0.00157,172.217.194.0-255,2902,120470,64,233863
10713,0.001572,172.31.40.0-255,66,120536,64,233863
10714,0.001578,172.217.194.0-255,7156,127692,64,233863
10715,0.00158,172.31.40.0-255,66,127758,64,233863
10716,0.001618,172.217.194.0-255,2902,130660,64,233863
10717,0.001621,172.31.40.0-255,66,130726,64,233863
10718,0.001636,172.31.40.0-255,66,130792,64,233863
10719,0.00164,172.217.194.0-255,2184,132976,64,233863
10720,0.001642,172.31.40.0-255,66,133042,64,233863
10721,0.00262,172.217.194.0-255,1484,134526,64,233863
10722,0.002631,172.217.194.0-255,2902,137428,64,233863
10723,0.002635,172.31.40.0-255,66,137494,64,233863
10724,0.002643,172.217.194.0-255,5738,143232,64,233863
10725,0.002646,172.31.40.0-255,66,143298,64,233863
10726,0.002671,172.217.194.0-255,2902,146200,64,233863
10727,0.002673,172.31.40.0-255,66,146266,64,233863
10728,0.002699,172.217.194.0-255,2902,149168,64,233863
10729,0.002702,172.31.40.0-255,66,149234,64,233863
10730,0.002705,172.217.194.0-255,1484,150718,64,233863
10731,0.002716,172.31.40.0-255,66,150784,64,233863
10732,0.002725,172.217.194.0-255,2902,153686,64,233863
10733,0.002727,172.31.40.0-255,66,153752,64,233863
10734,0.002733,172.217.194.0-255,5020,158772,64,233863
10735,0.002739,172.31.40.0-255,66,158838,64,233863
10736,0.002943,172.217.194.0-255,1484,160322,64,233863
10737,0.002951,172.217.194.0-255,2902,163224,64,233863
10738,0.002955,172.31.40.0-255,66,163290,64,233863
10739,0.002962,172.217.194.0-255,5738,169028,64,233863
10740,0.002964,172.31.40.0-255,66,169094,64,233863
10741,0.003008,172.217.194.0-255,5738,174832,64,233863
10742,0.003011,172.31.40.0-255,66,174898,64,233863
10743,0.003025,172.31.40.0-255,66,174964,64,233863
10744,0.003032,172.217.194.0-255,5020,179984,64,233863
10745,0.003034,172.31.40.0-255,66,180050,64,233863
10746,0.003152,172.217.194.0-255,1484,181534,64,233863
10747,0.003157,172.217.194.0-255,1484,183018,64,233863
10748,0.00316,172.31.40.0-255,66,183084,64,233863
10749,0.003184,172.217.194.0-255,1484,184568,64,233863
10750,0.003191,172.217.194.0-255,5738,190306,64,233863
10751,0.003194,172.31.40.0-255,66,190372,64,233863
10752,0.003199,172.217.194.0-255,4320,194692,64,233863
10753,0.003201,172.31.40.0-255,66,194758,64,233863
10754,0.003204,172.217.194.0-255,1484,196242,64,233863
10755,0.003232,172.217.194.0-255,2902,199144,64,233863
10756,0.003234,172.31.40.0-255,66,199210,64,233863
10757,0.003271,172.31.40.0-255,66,199276,64,233863
10758,0.003277,172.217.194.0-255,4320,203596,64,233863
10759,0.003279,172.31.40.0-255,66,203662,64,233863
10760,0.003282,172.217.194.0-255,766,204428,64,233863
10761,0.003294,172.217.194.0-255,5738,210166,64,233863
10762,0.003296,172.31.40.0-255,66,210232,64,233863
10763,0.0033,172.217.194.0-255,2902,213134,64,233863
10764,0.003302,172.31.40.0-255,66,213200,64,233863
10765,0.003305,172.217.194.0-255,1484,214684,64,233863
10766,0.003308,172.217.194.0-255,1484,216168,64,233863
10767,0.00331,172.31.40.0-255,66,216234,64,233863
10768,0.003361,172.31.40.0-255,66,216300,64,233863
10769,0.003364,172.217.194.0-255,1484,217784,64,233863
10770,0.003379,172.31.40.0-255,66,217850,64,233863
10771,0.003382,172.217.194.0-255,766,218616,64,233863
10772,0.003456,172.31.40.0-255,66,218682,64,233863
10773,0.003492,172.217.194.0-255,7156,225838,64,233863
10774,0.003495,172.31.40.0-255,66,225904,64,233863
10775,0.003499,172.217.194.0-255,2902,228806,64,233863
10776,0.003502,172.31.40.0-255,66,228872,64,233863
10777,0.003527,172.31.40.0-255,66,228938,64,233863
10778,0.003545,172.31.40.0-255,66,229004,64,233863
10779,0.003548,172.217.194.0-255,159,229163,64,233863
10780,0.003551,172.217.194.0-255,105,229268,64,233863
10781,0.005237,172.31.40.0-255,66,229334,64,233863
10782,0.005268,172.31.40.0-255,105,229439,64,233863
10783,0.007831,172.217.194.0-255,66,229505,64,233863
10784,0.031626,172.31.40.0-255,172,229677,64,233863
10785,0.031662,172.31.40.0-255,1112,230789,64,233863
10786,0.03172,172.31.40.0-255,1514,232303,64,233863
10787,0.031741,172.31.40.0-255,1296,233599,64,233863
10788,0.033316,104.244.42.0-255,66,233665,64,233863
10789,0.033346,104.244.42.0-255,66,233731,64,233863
10790,0.033402,104.244.42.0-255,66,233797,64,233863
10791,0.033418,104.244.42.0-255,66,233863,64,233863
10792,0.0,172.217.194.0-255,153,153,64,168330
10793,2.4e-05,172.31.40.0-255,66,219,64,168330
10794,3.2e-05,172.217.194.0-255,1484,1703,64,168330
10795,3.7e-05,172.31.40.0-255,66,1769,64,168330
10796,4.5e-05,172.217.194.0-255,2902,4671,64,168330
10797,4.9e-05,172.31.40.0-255,66,4737,64,168330
10798,5.7e-05,172.217.194.0-255,7156,11893,64,168330
10799,6e-05,172.31.40.0-255,66,11959,64,168330
10800,0.0001,172.31.40.0-255,66,12025,64,168330
10801,0.000117,172.217.194.0-255,2543,14568,64,168330
10802,0.00012,172.31.40.0-255,66,14634,64,168330
10803,0.000157,172.217.194.0-255,2902,17536,64,168330
10804,0.000159,172.31.40.0-255,66,17602,64,168330
10805,0.000182,172.217.194.0-255,5738,23340,64,168330
10806,0.000185,172.31.40.0-255,66,23406,64,168330
10807,0.000187,172.217.194.0-255,1484,24890,64,168330
10808,0.000189,172.31.40.0-255,66,24956,64,168330
10809,0.000205,172.217.194.0-255,2902,27858,64,168330
10810,0.000208,172.31.40.0-255,66,27924,64,168330
10811,0.000224,172.217.194.0-255,5738,33662,64,168330
10812,0.000226,172.31.40.0-255,66,33728,64,168330
10813,0.000245,172.217.194.0-255,7156,40884,64,168330
10814,0.000248,172.31.40.0-255,66,40950,64,168330
10815,0.000275,172.31.40.0-255,66,41016,64,168330
10816,0.000278,172.217.194.0-255,410,41426,64,168330
10817,0.00028,172.31.40.0-255,66,41492,64,168330
10818,0.000351,172.217.194.0-255,1484,42976,64,168330
10819,0.000354,172.31.40.0-255,66,43042,64,168330
10820,0.000359,172.217.194.0-255,2902,45944,64,168330
10821,0.000362,172.31.40.0-255,66,46010,64,168330
10822,0.000366,172.217.194.0-255,2902,48912,64,168330
10823,0.000368,172.31.40.0-255,66,48978,64,168330
10824,0.000391,172.217.194.0-255,2902,51880,64,168330
10825,0.000393,172.31.40.0-255,66,51946,64,168330
10826,0.0004,172.217.194.0-255,5738,57684,64,168330
10827,0.000402,172.31.40.0-255,66,57750,64,168330
10828,0.000413,172.31.40.0-255,66,57816,64,168330
10829,0.000444,172.217.194.0-255,4320,62136,64,168330
10830,0.000446,172.31.40.0-255,66,62202,64,168330
10831,0.000453,172.217.194.0-255,5020,67222,64,168330
10832,0.000455,172.31.40.0-255,66,67288,64,168330
10833,0.000513,172.217.194.0-255,5738,73026,64,168330
10834,0.000515,172.31.40.0-255,66,73092,64,168330
10835,0.00052,172.217.194.0-255,4320,77412,64,168330
10836,0.000523,172.31.40.0-255,66,77478,64,168330
10837,0.000535,172.31.40.0-255,66,77544,64,168330
10838,0.000541,172.217.194.0-255,5738,83282,64,168330
10839,0.000543,172.31.40.0-255,66,83348,64,168330
10840,0.000575,172.31.40.0-255,66,83414,64,168330
10841,0.000579,172.217.194.0-255,2902,86316,64,168330
10842,0.000581,172.31.40.0-255,66,86382,64,168330
10843,0.000599,172.217.194.0-255,5379,91761,64,168330
10844,0.000601,172.31.40.0-255,66,91827,64,168330
10845,0.00064,172.217.194.0-255,1484,93311,64,168330
10846,0.000661,172.217.194.0-255,2902,96213,64,168330
10847,0.000663,172.31.40.0-255,66,96279,64,168330
10848,0.00067,172.217.194.0-255,5738,102017,64,168330
10849,0.000672,172.31.40.0-255,66,102083,64,168330
10850,0.000694,172.31.40.0-255,66,102149,64,168330
10851,0.000746,172.31.40.0-255,66,102215,64,168330
10852,0.000761,172.217.194.0-255,5020,107235,64,168330
10853,0.000762,172.31.40.0-255,66,107301,64,168330
10854,0.000815,172.217.194.0-255,1484,108785,64,168330
10855,0.000819,172.217.194.0-255,2902,111687,64,168330
10856,0.000822,172.31.40.0-255,66,111753,64,168330
10857,0.000827,172.217.194.0-255,2902,114655,64,168330
10858,0.000829,172.31.40.0-255,66,114721,64,168330
10859,0.000844,172.217.194.0-255,2902,117623,64,168330
10860,0.000846,172.31.40.0-255,66,117689,64,168330
10861,0.000854,172.217.194.0-255,7156,124845,64,168330
10862,0.000856,172.31.40.0-255,66,124911,64,168330
10863,0.000877,172.217.194.0-255,5738,130649,64,168330
10864,0.00088,172.31.40.0-255,66,130715,64,168330
10865,0.000922,172.31.40.0-255,66,130781,64,168330
10866,0.000934,172.31.40.0-255,66,130847,64,168330
10867,0.000975,172.31.40.0-255,66,130913,64,168330
10868,0.000981,172.217.194.0-255,5020,135933,64,168330
10869,0.000984,172.31.40.0-255,66,135999,64,168330
10870,0.001027,172.217.194.0-255,1484,137483,64,168330
10871,0.001049,172.217.194.0-255,2902,140385,64,168330
10872,0.001055,172.31.40.0-255,66,140451,64,168330
10873,0.001068,172.217.194.0-255,5738,146189,64,168330
10874,0.001071,172.31.40.0-255,66,146255,64,168330
10875,0.001104,172.31.40.0-255,66,146321,64,168330
10876,0.001114,172.217.194.0-255,1484,147805,64,168330
10877,0.001117,172.217.194.0-255,1484,149289,64,168330
10878,0.00112,172.31.40.0-255,66,149355,64,168330
10879,0.001212,172.217.194.0-255,1484,150839,64,168330
10880,0.001221,172.31.40.0-255,66,150905,64,168330
10881,0.001278,172.31.40.0-255,66,150971,64,168330
10882,0.00129,172.217.194.0-255,2902,153873,64,168330
10883,0.001327,172.31.40.0-255,66,153939,64,168330
10884,0.001336,172.217.194.0-255,4320,158259,64,168330
10885,0.001341,172.31.40.0-255,66,158325,64,168330
10886,0.001376,172.217.194.0-255,4320,162645,64,168330
10887,0.001384,172.31.40.0-255,66,162711,64,168330
10888,0.001418,172.31.40.0-255,66,162777,64,168330
10889,0.001482,172.217.194.0-255,1115,163892,64,168330
10890,0.001485,172.217.194.0-255,105,163997,64,168330
10891,0.001489,172.31.40.0-255,66,164063,64,168330
10892,0.01134,172.31.40.0-255,105,164168,64,168330
10893,0.013485,172.217.194.0-255,66,164234,64,168330
10894,0.039634,172.31.40.0-255,172,164406,64,168330
10895,0.039668,172.31.40.0-255,1108,165514,64,168330
10896,0.039729,172.31.40.0-255,1514,167028,64,168330
10897,0.039731,172.31.40.0-255,1302,168330,64,168330
10898,0.0,172.217.194.0-255,153,153,64,196384
10899,2.7e-05,172.31.40.0-255,66,219,64,196384
10900,3.4e-05,172.217.194.0-255,1484,1703,64,196384
10901,3.8e-05,172.31.40.0-255,66,1769,64,196384
10902,4.3e-05,172.217.194.0-255,2902,4671,64,196384
10903,4.5e-05,172.31.40.0-255,66,4737,64,196384
10904,5.3e-05,172.217.194.0-255,7156,11893,64,196384
10905,5.4e-05,172.31.40.0-255,66,11959,64,196384
10906,5.8e-05,172.217.194.0-255,2057,14016,64,196384
10907,6e-05,172.31.40.0-255,66,14082,64,196384
10908,8.7e-05,172.217.194.0-255,2902,16984,64,196384
10909,9.1e-05,172.31.40.0-255,66,17050,64,196384
10910,0.000117,172.31.40.0-255,66,17116,64,196384
10911,0.000129,172.31.40.0-255,66,17182,64,196384
10912,0.000154,172.31.40.0-255,66,17248,64,196384
10913,0.000162,172.217.194.0-255,5738,22986,64,196384
10914,0.000164,172.31.40.0-255,66,23052,64,196384
10915,0.000184,172.217.194.0-255,2184,25236,64,196384
10916,0.000187,172.31.40.0-255,66,25302,64,196384
10917,0.000197,172.31.40.0-255,66,25368,64,196384
10918,0.0002,172.217.194.0-255,1484,26852,64,196384
10919,0.000202,172.31.40.0-255,66,26918,64,196384
10920,0.000229,172.217.194.0-255,1447,28365,64,196384
10921,0.000232,172.31.40.0-255,66,28431,64,196384
10922,0.000236,172.217.194.0-255,2902,31333,64,196384
10923,0.000238,172.31.40.0-255,66,31399,64,196384
10924,0.000245,172.217.194.0-255,7156,38555,64,196384
10925,0.000248,172.31.40.0-255,66,38621,64,196384
10926,0.000252,172.217.194.0-255,4320,42941,64,196384
10927,0.000254,172.31.40.0-255,66,43007,64,196384
10928,0.0003,172.31.40.0-255,66,43073,64,196384
10929,0.00031,172.31.40.0-255,66,43139,64,196384
10930,0.000324,172.217.194.0-255,2902,46041,64,196384
10931,0.000326,172.31.40.0-255,66,46107,64,196384
10932,0.000345,172.217.194.0-255,5738,51845,64,196384
10933,0.000348,172.31.40.0-255,66,51911,64,196384
10934,0.00036,172.31.40.0-255,66,51977,64,196384
10935,0.000392,172.31.40.0-255,66,52043,64,196384
10936,0.000544,172.217.194.0-255,1484,53527,64,196384
10937,0.00055,172.217.194.0-255,2902,56429,64,196384
10938,0.000553,172.31.40.0-255,66,56495,64,196384
10939,0.00056,172.217.194.0-255,5738,62233,64,196384
10940,0.000562,172.31.40.0-255,66,62299,64,196384
10941,0.000619,172.217.194.0-255,7156,69455,64,196384
10942,0.000622,172.31.40.0-255,66,69521,64,196384
10943,0.000625,172.217.194.0-255,1484,71005,64,196384
10944,0.000665,172.31.40.0-255,66,71071,64,196384
10945,0.000677,172.217.194.0-255,4320,75391,64,196384
10946,0.000681,172.217.194.0-255,2902,78293,64,196384
10947,0.000681,172.31.40.0-255,66,78359,64,196384
10948,0.000684,172.31.40.0-255,66,78425,64,196384
10949,0.000696,172.217.194.0-255,2902,81327,64,196384
10950,0.000699,172.31.40.0-255,66,81393,64,196384
10951,0.000704,172.217.194.0-255,2902,84295,64,196384
10952,0.000706,172.31.40.0-255,66,84361,64,196384
10953,0.000727,172.31.40.0-255,66,84427,64,196384
10954,0.000729,172.217.194.0-255,1484,85911,64,196384
10955,0.000751,172.217.194.0-255,5738,91649,64,196384
10956,0.000754,172.31.40.0-255,66,91715,64,196384
10957,0.000774,172.217.194.0-255,5020,96735,64,196384
10958,0.000777,172.31.40.0-255,66,96801,64,196384
10959,0.000812,172.31.40.0-255,66,96867,64,196384
10960,0.000835,172.217.194.0-255,7156,104023,64,196384
10961,0.000839,172.31.40.0-255,66,104089,64,196384
10962,0.000849,172.31.40.0-255,66,104155,64,196384
10963,0.000866,172.217.194.0-255,5738,109893,64,196384
10964,0.000869,172.31.40.0-255,66,109959,64,196384
10965,0.000899,172.217.194.0-255,2184,112143,64,196384
10966,0.000902,172.31.40.0-255,66,112209,64,196384
10967,0.000917,172.31.40.0-255,66,112275,64,196384
10968,0.000939,172.217.194.0-255,4320,116595,64,196384
10969,0.000939,172.31.40.0-255,66,116661,64,196384
10970,0.000942,172.31.40.0-255,66,116727,64,196384
10971,0.000971,172.217.194.0-255,2184,118911,64,196384
10972,0.000975,172.31.40.0-255,66,118977,64,196384
10973,0.000982,172.217.194.0-255,7156,126133,64,196384
10974,0.000985,172.31.40.0-255,66,126199,64,196384
10975,0.000996,172.31.40.0-255,66,126265,64,196384
10976,0.001019,172.217.194.0-255,5738,132003,64,196384
10977,0.001022,172.31.40.0-255,66,132069,64,196384
10978,0.001029,172.217.194.0-255,6438,138507,64,196384
10979,0.001031,172.31.40.0-255,66,138573,64,196384
10980,0.001034,172.217.194.0-255,1484,140057,64,196384
10981,0.001039,172.217.194.0-255,2902,142959,64,196384
10982,0.001041,172.31.40.0-255,66,143025,64,196384
10983,0.001073,172.217.194.0-255,5738,148763,64,196384
10984,0.001076,172.31.40.0-255,66,148829,64,196384
10985,0.001088,172.31.40.0-255,66,148895,64,196384
10986,0.001116,172.217.194.0-255,4320,153215,64,196384
10987,0.001119,172.31.40.0-255,66,153281,64,196384
10988,0.001127,172.217.194.0-255,7156,160437,64,196384
10989,0.001129,172.31.40.0-255,66,160503,64,196384
10990,0.001177,172.217.194.0-255,3602,164105,64,196384
10991,0.001181,172.31.40.0-255,66,164171,64,196384
10992,0.001199,172.217.194.0-255,1484,165655,64,196384
10993,0.001232,172.217.194.0-255,2902,168557,64,196384
10994,0.001236,172.31.40.0-255,66,168623,64,196384
10995,0.001242,172.217.194.0-255,5738,174361,64,196384
10996,0.001245,172.31.40.0-255,66,174427,64,196384
10997,0.001249,172.217.194.0-255,2902,177329,64,196384
10998,0.001251,172.31.40.0-255,66,177395,64,196384
10999,0.001278,172.31.40.0-255,66,177461,64,196384
11000,0.00129,172.31.40.0-255,66,177527,64,196384
11001,0.001292,172.217.194.0-255,766,178293,64,196384
11002,0.001314,172.217.194.0-255,1484,179777,64,196384
11003,0.001317,172.31.40.0-255,66,179843,64,196384
11004,0.001323,172.217.194.0-255,4320,184163,64,196384
11005,0.001325,172.31.40.0-255,66,184229,64,196384
11006,0.001362,172.31.40.0-255,66,184295,64,196384
11007,0.001373,172.31.40.0-255,66,184361,64,196384
11008,0.001415,172.217.194.0-255,7156,191517,64,196384
11009,0.001419,172.31.40.0-255,66,191583,64,196384
11010,0.001445,172.31.40.0-255,66,191649,64,196384
11011,0.001449,172.217.194.0-255,105,191754,64,196384
11012,0.006888,172.31.40.0-255,101,191855,64,196384
11013,0.00852,172.31.40.0-255,105,191960,64,196384
11014,0.009008,172.217.194.0-255,66,192026,64,196384
11015,0.010641,172.217.194.0-255,66,192092,64,196384
11016,0.030041,172.31.40.0-255,172,192264,64,196384
11017,0.030073,172.31.40.0-255,1112,193376,64,196384
11018,0.030116,172.31.40.0-255,1514,194890,64,196384
11019,0.030118,172.31.40.0-255,1296,196186,64,196384
11020,0.031703,104.244.42.0-255,66,196252,64,196384
11021,0.031746,104.244.42.0-255,66,196318,64,196384
11022,0.031792,104.244.42.0-255,66,196384,64,196384
11023,0.0,74.125.68.0-255,162,162,64,346531
11024,2.2e-05,172.31.40.0-255,66,228,64,346531
11025,2.9e-05,74.125.68.0-255,1484,1712,64,346531
11026,3.3e-05,172.31.40.0-255,66,1778,64,346531
11027,3.7e-05,74.125.68.0-255,2902,4680,64,346531
11028,4e-05,172.31.40.0-255,66,4746,64,346531
11029,6.2e-05,74.125.68.0-255,4320,9066,64,346531
11030,6.4e-05,172.31.40.0-255,66,9132,64,346531
11031,7e-05,74.125.68.0-255,4874,14006,64,346531
11032,7.2e-05,172.31.40.0-255,66,14072,64,346531
11033,0.000119,74.125.68.0-255,1484,15556,64,346531
11034,0.000122,172.31.40.0-255,66,15622,64,346531
11035,0.000127,74.125.68.0-255,2902,18524,64,346531
11036,0.000129,172.31.40.0-255,66,18590,64,346531
11037,0.000145,74.125.68.0-255,4320,22910,64,346531
11038,0.000148,172.31.40.0-255,66,22976,64,346531
11039,0.000164,74.125.68.0-255,1484,24460,64,346531
11040,0.000166,172.31.40.0-255,66,24526,64,346531
11041,0.000174,74.125.68.0-255,6797,31323,64,346531
11042,0.000177,172.31.40.0-255,66,31389,64,346531
11043,0.000275,74.125.68.0-255,1484,32873,64,346531
11044,0.000279,172.31.40.0-255,66,32939,64,346531
11045,0.000285,74.125.68.0-255,2902,35841,64,346531
11046,0.000287,172.31.40.0-255,66,35907,64,346531
11047,0.00029,74.125.68.0-255,1484,37391,64,346531
11048,0.000292,172.31.40.0-255,66,37457,64,346531
11049,0.000324,74.125.68.0-255,4320,41777,64,346531
11050,0.000327,172.31.40.0-255,66,41843,64,346531
11051,0.000331,74.125.68.0-255,2902,44745,64,346531
11052,0.000333,172.31.40.0-255,66,44811,64,346531
11053,0.000348,74.125.68.0-255,2902,47713,64,346531
11054,0.000351,172.31.40.0-255,66,47779,64,346531
11055,0.000389,172.31.40.0-255,66,47845,64,346531
11056,0.000394,74.125.68.0-255,4320,52165,64,346531
11057,0.000397,172.31.40.0-255,66,52231,64,346531
11058,0.000429,74.125.68.0-255,5684,57915,64,346531
11059,0.000432,172.31.40.0-255,66,57981,64,346531
11060,0.000451,74.125.68.0-255,381,58362,64,346531
11061,0.000826,74.125.68.0-255,1484,59846,64,346531
11062,0.000831,172.31.40.0-255,66,59912,64,346531
11063,0.000837,74.125.68.0-255,2902,62814,64,346531
11064,0.000839,172.31.40.0-255,66,62880,64,346531
11065,0.000843,74.125.68.0-255,1484,64364,64,346531
11066,0.000859,74.125.68.0-255,1484,65848,64,346531
11067,0.000864,74.125.68.0-255,4320,70168,64,346531
11068,0.000868,172.31.40.0-255,66,70234,64,346531
11069,0.00087,172.31.40.0-255,66,70300,64,346531
11070,0.000878,74.125.68.0-255,1484,71784,64,346531
11071,0.000911,74.125.68.0-255,7156,78940,64,346531
11072,0.000914,172.31.40.0-255,66,79006,64,346531
11073,0.000921,74.125.68.0-255,5738,84744,64,346531
11074,0.000923,172.31.40.0-255,66,84810,64,346531
11075,0.000956,74.125.68.0-255,4320,89130,64,346531
11076,0.000959,172.31.40.0-255,66,89196,64,346531
11077,0.000983,74.125.68.0-255,2902,92098,64,346531
11078,0.000986,172.31.40.0-255,66,92164,64,346531
11079,0.000989,74.125.68.0-255,766,92930,64,346531
11080,0.001132,74.125.68.0-255,1484,94414,64,346531
11081,0.001135,172.31.40.0-255,66,94480,64,346531
11082,0.001153,74.125.68.0-255,2902,97382,64,346531
11083,0.001156,172.31.40.0-255,66,97448,64,346531
11084,0.00116,74.125.68.0-255,2902,100350,64,346531
11085,0.001162,172.31.40.0-255,66,100416,64,346531
11086,0.001167,74.125.68.0-255,2902,103318,64,346531
11087,0.00117,172.31.40.0-255,66,103384,64,346531
11088,0.001194,74.125.68.0-255,1484,104868,64,346531
11089,0.001207,172.31.40.0-255,66,104934,64,346531
11090,0.001213,74.125.68.0-255,5738,110672,64,346531
11091,0.001215,172.31.40.0-255,66,110738,64,346531
11092,0.00125,74.125.68.0-255,7156,117894,64,346531
11093,0.001253,172.31.40.0-255,66,117960,64,346531
11094,0.001256,74.125.68.0-255,766,118726,64,346531
11095,0.001418,74.125.68.0-255,1484,120210,64,346531
11096,0.001422,172.31.40.0-255,66,120276,64,346531
11097,0.001443,74.125.68.0-255,2902,123178,64,346531
11098,0.001446,172.31.40.0-255,66,123244,64,346531
11099,0.001451,74.125.68.0-255,4320,127564,64,346531
11100,0.001453,172.31.40.0-255,66,127630,64,346531
11101,0.001473,74.125.68.0-255,1484,129114,64,346531
11102,0.001478,74.125.68.0-255,2902,132016,64,346531
11103,0.00148,172.31.40.0-255,66,132082,64,346531
11104,0.001495,74.125.68.0-255,4320,136402,64,346531
11105,0.001498,172.31.40.0-255,66,136468,64,346531
11106,0.001527,74.125.68.0-255,5738,142206,64,346531
11107,0.00153,172.31.40.0-255,66,142272,64,346531
11108,0.001534,74.125.68.0-255,2902,145174,64,346531
11109,0.001537,172.31.40.0-255,66,145240,64,346531
11110,0.001542,74.125.68.0-255,4320,149560,64,346531
11111,0.001544,172.31.40.0-255,66,149626,64,346531
11112,0.00157,74.125.68.0-255,3602,153228,64,346531
11113,0.001572,172.31.40.0-255,66,153294,64,346531
11114,0.001595,74.125.68.0-255,4320,157614,64,346531
11115,0.001598,172.31.40.0-255,66,157680,64,346531
11116,0.001614,74.125.68.0-255,5738,163418,64,346531
11117,0.001616,172.31.40.0-255,66,163484,64,346531
11118,0.001646,74.125.68.0-255,4320,167804,64,346531
11119,0.001649,172.31.40.0-255,66,167870,64,346531
11120,0.001679,74.125.68.0-255,7156,175026,64,346531
11121,0.001682,172.31.40.0-255,66,175092,64,346531
11122,0.001686,74.125.68.0-255,2902,177994,64,346531
11123,0.001689,172.31.40.0-255,66,178060,64,346531
11124,0.001707,74.125.68.0-255,5738,183798,64,346531
11125,0.00171,172.31.40.0-255,66,183864,64,346531
11126,0.001715,74.125.68.0-255,3602,187466,64,346531
11127,0.001718,172.31.40.0-255,66,187532,64,346531
11128,0.001933,74.125.68.0-255,1484,189016,64,346531
11129,0.001937,74.125.68.0-255,1484,190500,64,346531
11130,0.001942,172.31.40.0-255,66,190566,64,346531
11131,0.001955,74.125.68.0-255,1484,192050,64,346531
11132,0.001976,74.125.68.0-255,5738,197788,64,346531
11133,0.001979,172.31.40.0-255,66,197854,64,346531
11134,0.001987,74.125.68.0-255,7156,205010,64,346531
11135,0.001989,172.31.40.0-255,66,205076,64,346531
11136,0.002012,74.125.68.0-255,4320,209396,64,346531
11137,0.002014,172.31.40.0-255,66,209462,64,346531
11138,0.002037,74.125.68.0-255,4320,213782,64,346531
11139,0.00204,172.31.40.0-255,66,213848,64,346531
11140,0.002066,74.125.68.0-255,4320,218168,64,346531
11141,0.002068,172.31.40.0-255,66,218234,64,346531
11142,0.002083,74.125.68.0-255,3602,221836,64,346531
11143,0.002086,172.31.40.0-255,66,221902,64,346531
11144,0.00217,74.125.68.0-255,1484,223386,64,346531
11145,0.00219,74.125.68.0-255,2902,226288,64,346531
11146,0.002194,172.31.40.0-255,66,226354,64,346531
11147,0.0022,74.125.68.0-255,4320,230674,64,346531
11148,0.002203,172.31.40.0-255,66,230740,64,346531
11149,0.002214,74.125.68.0-255,1484,232224,64,346531
11150,0.002224,74.125.68.0-255,4320,236544,64,346531
11151,0.002226,172.31.40.0-255,66,236610,64,346531
11152,0.002231,74.125.68.0-255,2902,239512,64,346531
11153,0.002233,172.31.40.0-255,66,239578,64,346531
11154,0.002249,74.125.68.0-255,2902,242480,64,346531
11155,0.002251,172.31.40.0-255,66,242546,64,346531
11156,0.002294,172.31.40.0-255,66,242612,64,346531
11157,0.002298,74.125.68.0-255,2184,244796,64,346531
11158,0.0023,172.31.40.0-255,66,244862,64,346531
11159,0.002322,74.125.68.0-255,4320,249182,64,346531
11160,0.002325,172.31.40.0-255,66,249248,64,346531
11161,0.00235,172.31.40.0-255,66,249314,64,346531
11162,0.002409,172.31.40.0-255,66,249380,64,346531
11163,0.004745,74.125.68.0-255,5738,255118,64,346531
11164,0.004751,172.31.40.0-255,66,255184,64,346531
11165,0.007083,74.125.68.0-255,5738,260922,64,346531
11166,0.007091,172.31.40.0-255,66,260988,64,346531
11167,0.009422,74.125.68.0-255,5738,266726,64,346531
11168,0.009427,172.31.40.0-255,66,266792,64,346531
11169,0.011764,74.125.68.0-255,5738,272530,64,346531
11170,0.011771,172.31.40.0-255,66,272596,64,346531
11171,0.014111,74.125.68.0-255,5738,278334,64,346531
11172,0.014119,172.31.40.0-255,66,278400,64,346531
11173,0.016466,74.125.68.0-255,5738,284138,64,346531
11174,0.01647,172.31.40.0-255,66,284204,64,346531
11175,0.0188,74.125.68.0-255,5738,289942,64,346531
11176,0.018809,172.31.40.0-255,66,290008,64,346531
11177,0.021162,74.125.68.0-255,5738,295746,64,346531
11178,0.021169,172.31.40.0-255,66,295812,64,346531
11179,0.023498,74.125.68.0-255,5738,301550,64,346531
11180,0.023506,172.31.40.0-255,66,301616,64,346531
11181,0.025842,74.125.68.0-255,5738,307354,64,346531
11182,0.025849,172.31.40.0-255,66,307420,64,346531
11183,0.028184,74.125.68.0-255,5738,313158,64,346531
11184,0.028191,172.31.40.0-255,66,313224,64,346531
11185,0.029755,172.31.40.0-255,167,313391,64,346531
11186,0.029782,172.31.40.0-255,1112,314503,64,346531
11187,0.029828,172.31.40.0-255,1514,316017,64,346531
11188,0.029829,172.31.40.0-255,1296,317313,64,346531
11189,0.030531,74.125.68.0-255,5738,323051,64,346531
11190,0.030537,172.31.40.0-255,66,323117,64,346531
11191,0.031273,104.244.42.0-255,66,323183,64,346531
11192,0.031345,104.244.42.0-255,66,323249,64,346531
11193,0.031394,104.244.42.0-255,66,323315,64,346531
11194,0.032882,74.125.68.0-255,5738,329053,64,346531
11195,0.032888,172.31.40.0-255,66,329119,64,346531
11196,0.035221,74.125.68.0-255,5738,334857,64,346531
11197,0.035228,172.31.40.0-255,66,334923,64,346531
11198,0.037565,74.125.68.0-255,5738,340661,64,346531
11199,0.037572,172.31.40.0-255,66,340727,64,346531
11200,0.039898,74.125.68.0-255,5738,346465,64,346531
11201,0.039905,172.31.40.0-255,66,346531,64,346531
11202,0.0,172.253.118.0-255,146,146,64,259400
11203,2.2e-05,172.31.40.0-255,66,212,64,259400
11204,4.7e-05,172.253.118.0-255,1484,1696,64,259400
11205,5.2e-05,172.31.40.0-255,66,1762,64,259400
11206,5.7e-05,172.253.118.0-255,2902,4664,64,259400
11207,6e-05,172.31.40.0-255,66,4730,64,259400
11208,6.3e-05,172.253.118.0-255,1484,6214,64,259400
11209,6.6e-05,172.31.40.0-255,66,6280,64,259400
11210,8.4e-05,172.253.118.0-255,4320,10600,64,259400
11211,8.6e-05,172.31.40.0-255,66,10666,64,259400
11212,0.000104,172.253.118.0-255,3542,14208,64,259400
11213,0.000107,172.31.40.0-255,66,14274,64,259400
11214,0.000113,172.253.118.0-255,4320,18594,64,259400
11215,0.000115,172.31.40.0-255,66,18660,64,259400
11216,0.000144,172.31.40.0-255,66,18726,64,259400
11217,0.000148,172.253.118.0-255,2543,21269,64,259400
11218,0.00015,172.31.40.0-255,66,21335,64,259400
11219,0.000268,172.253.118.0-255,1484,22819,64,259400
11220,0.000272,172.31.40.0-255,66,22885,64,259400
11221,0.000294,172.253.118.0-255,2902,25787,64,259400
11222,0.000297,172.31.40.0-255,66,25853,64,259400
11223,0.000303,172.253.118.0-255,5738,31591,64,259400
11224,0.000305,172.31.40.0-255,66,31657,64,259400
11225,0.000312,172.253.118.0-255,7156,38813,64,259400
11226,0.000314,172.31.40.0-255,66,38879,64,259400
11227,0.000367,172.31.40.0-255,66,38945,64,259400
11228,0.000379,172.253.118.0-255,2902,41847,64,259400
11229,0.000381,172.31.40.0-255,66,41913,64,259400
11230,0.000385,172.253.118.0-255,2184,44097,64,259400
11231,0.000387,172.31.40.0-255,66,44163,64,259400
11232,0.000532,172.253.118.0-255,404,44567,64,259400
11233,0.000572,172.253.118.0-255,109,44676,64,259400
11234,0.000697,172.253.118.0-255,1484,46160,64,259400
11235,0.000706,172.31.40.0-255,66,46226,64,259400
11236,0.000712,172.253.118.0-255,2902,49128,64,259400
11237,0.000715,172.31.40.0-255,66,49194,64,259400
11238,0.00072,172.253.118.0-255,4320,53514,64,259400
11239,0.000722,172.31.40.0-255,66,53580,64,259400
11240,0.00075,172.253.118.0-255,1484,55064,64,259400
11241,0.000764,172.31.40.0-255,66,55130,64,259400
11242,0.00077,172.253.118.0-255,7156,62286,64,259400
11243,0.000772,172.31.40.0-255,66,62352,64,259400
11244,0.000813,172.253.118.0-255,3865,66217,64,259400
11245,0.000816,172.31.40.0-255,66,66283,64,259400
11246,0.000953,172.253.118.0-255,1484,67767,64,259400
11247,0.000971,172.253.118.0-255,2902,70669,64,259400
11248,0.000974,172.31.40.0-255,66,70735,64,259400
11249,0.001001,172.253.118.0-255,5738,76473,64,259400
11250,0.001003,172.31.40.0-255,66,76539,64,259400
11251,0.001009,172.253.118.0-255,4320,80859,64,259400
11252,0.001011,172.31.40.0-255,66,80925,64,259400
11253,0.001054,172.253.118.0-255,4320,85245,64,259400
11254,0.001057,172.31.40.0-255,66,85311,64,259400
11255,0.001081,172.253.118.0-255,7156,92467,64,259400
11256,0.001084,172.31.40.0-255,66,92533,64,259400
11257,0.001112,172.253.118.0-255,5738,98271,64,259400
11258,0.001115,172.31.40.0-255,66,98337,64,259400
11259,0.001134,172.253.118.0-255,2184,100521,64,259400
11260,0.001136,172.31.40.0-255,66,100587,64,259400
11261,0.001187,172.253.118.0-255,1484,102071,64,259400
11262,0.001192,172.253.118.0-255,2902,104973,64,259400
11263,0.001195,172.31.40.0-255,66,105039,64,259400
11264,0.00122,172.253.118.0-255,5738,110777,64,259400
11265,0.001223,172.31.40.0-255,66,110843,64,259400
11266,0.001258,172.31.40.0-255,66,110909,64,259400
11267,0.001268,172.253.118.0-255,1484,112393,64,259400
11268,0.001302,172.31.40.0-255,66,112459,64,259400
11269,0.001312,172.253.118.0-255,1484,113943,64,259400
11270,0.001325,172.253.118.0-255,2902,116845,64,259400
11271,0.001327,172.31.40.0-255,66,116911,64,259400
11272,0.001347,172.253.118.0-255,5738,122649,64,259400
11273,0.00135,172.31.40.0-255,66,122715,64,259400
11274,0.001353,172.253.118.0-255,1484,124199,64,259400
11275,0.001385,172.253.118.0-255,7156,131355,64,259400
11276,0.001388,172.31.40.0-255,66,131421,64,259400
11277,0.001403,172.253.118.0-255,1484,132905,64,259400
11278,0.001406,172.253.118.0-255,1484,134389,64,259400
11279,0.00141,172.31.40.0-255,66,134455,64,259400
11280,0.00143,172.31.40.0-255,66,134521,64,259400
11281,0.00146,172.253.118.0-255,3602,138123,64,259400
11282,0.001467,172.31.40.0-255,101,138224,64,259400
11283,0.001476,172.31.40.0-255,66,138290,64,259400
11284,0.001591,172.253.118.0-255,1484,139774,64,259400
11285,0.001597,172.253.118.0-255,2902,142676,64,259400
11286,0.001601,172.31.40.0-255,66,142742,64,259400
11287,0.001624,172.253.118.0-255,5738,148480,64,259400
11288,0.001627,172.31.40.0-255,66,148546,64,259400
11289,0.001631,172.253.118.0-255,1484,150030,64,259400
11290,0.001657,172.31.40.0-255,66,150096,64,259400
11291,0.001663,172.253.118.0-255,4320,154416,64,259400
11292,0.001665,172.31.40.0-255,66,154482,64,259400
11293,0.001697,172.253.118.0-255,6438,160920,64,259400
11294,0.001701,172.31.40.0-255,66,160986,64,259400
11295,0.001824,172.253.118.0-255,1484,162470,64,259400
11296,0.00183,172.253.118.0-255,2902,165372,64,259400
11297,0.001834,172.31.40.0-255,66,165438,64,259400
11298,0.001887,172.253.118.0-255,5738,171176,64,259400
11299,0.001897,172.253.118.0-255,5738,176914,64,259400
11300,0.001904,172.253.118.0-255,5738,182652,64,259400
11301,0.001908,172.31.40.0-255,66,182718,64,259400
11302,0.001911,172.31.40.0-255,66,182784,64,259400
11303,0.001914,172.31.40.0-255,66,182850,64,259400
11304,0.00193,172.253.118.0-255,7156,190006,64,259400
11305,0.001933,172.31.40.0-255,66,190072,64,259400
11306,0.001943,172.31.40.0-255,66,190138,64,259400
11307,0.001954,172.31.40.0-255,66,190204,64,259400
11308,0.002,172.31.40.0-255,66,190270,64,259400
11309,0.002041,172.253.118.0-255,4320,194590,64,259400
11310,0.002044,172.31.40.0-255,66,194656,64,259400
11311,0.002072,172.253.118.0-255,6438,201094,64,259400
11312,0.002076,172.31.40.0-255,66,201160,64,259400
11313,0.002119,172.253.118.0-255,1484,202644,64,259400
11314,0.002135,172.253.118.0-255,2902,205546,64,259400
11315,0.002138,172.31.40.0-255,66,205612,64,259400
11316,0.002162,172.253.118.0-255,5738,211350,64,259400
11317,0.002165,172.31.40.0-255,66,211416,64,259400
11318,0.002171,172.253.118.0-255,4320,215736,64,259400
11319,0.002172,172.31.40.0-255,66,215802,64,259400
11320,0.00219,172.253.118.0-255,1484,217286,64,259400
11321,0.002221,172.31.40.0-255,66,217352,64,259400
11322,0.002226,172.253.118.0-255,7156,224508,64,259400
11323,0.002229,172.31.40.0-255,66,224574,64,259400
11324,0.002249,172.253.118.0-255,766,225340,64,259400
11325,0.002271,172.253.118.0-255,1484,226824,64,259400
11326,0.002274,172.31.40.0-255,66,226890,64,259400
11327,0.002283,172.253.118.0-255,2902,229792,64,259400
11328,0.002286,172.31.40.0-255,66,229858,64,259400
11329,0.002305,172.253.118.0-255,1484,231342,64,259400
11330,0.002316,172.31.40.0-255,66,231408,64,259400
11331,0.002322,172.253.118.0-255,7156,238564,64,259400
11332,0.002324,172.31.40.0-255,66,238630,64,259400
11333,0.002343,172.253.118.0-255,1484,240114,64,259400
11334,0.002373,172.253.118.0-255,2902,243016,64,259400
11335,0.002376,172.31.40.0-255,66,243082,64,259400
11336,0.002407,172.31.40.0-255,66,243148,64,259400
11337,0.002418,172.31.40.0-255,66,243214,64,259400
11338,0.002421,172.253.118.0-255,1484,244698,64,259400
11339,0.002457,172.31.40.0-255,66,244764,64,259400
11340,0.002475,172.253.118.0-255,4320,249084,64,259400
11341,0.002477,172.31.40.0-255,66,249150,64,259400
11342,0.002503,172.253.118.0-255,6518,255668,64,259400
11343,0.002506,172.31.40.0-255,66,255734,64,259400
11344,0.002524,172.253.118.0-255,105,255839,64,259400
11345,0.004004,172.253.118.0-255,66,255905,64,259400
11346,0.004441,172.31.40.0-255,105,256010,64,259400
11347,0.006979,172.253.118.0-255,66,256076,64,259400
11348,0.036161,172.31.40.0-255,167,256243,64,259400
11349,0.036196,172.31.40.0-255,1107,257350,64,259400
11350,0.036256,172.31.40.0-255,1514,258864,64,259400
11351,0.036259,172.31.40.0-255,338,259202,64,259400
11352,0.037741,104.244.42.0-255,66,259268,64,259400
11353,0.037751,104.244.42.0-255,66,259334,64,259400
11354,0.037816,104.244.42.0-255,66,259400,64,259400
11355,0.0,172.31.40.0-255,105,105,64,459
11356,0.00022,172.31.40.0-255,90,195,64,459
11357,0.000229,172.31.40.0-255,66,261,64,459
11358,0.002812,74.125.24.0-255,66,327,64,459
11359,0.002837,74.125.24.0-255,66,393,64,459
11360,0.002858,172.31.40.0-255,66,459,64,459
11361,0.0,74.125.68.0-255,153,153,64,259061
11362,2.3e-05,172.31.40.0-255,66,219,64,259061
11363,3e-05,74.125.68.0-255,1484,1703,64,259061
11364,3.5e-05,172.31.40.0-255,66,1769,64,259061
11365,4.9e-05,74.125.68.0-255,2902,4671,64,259061
11366,5.2e-05,172.31.40.0-255,66,4737,64,259061
11367,5.9e-05,74.125.68.0-255,5738,10475,64,259061
11368,6.2e-05,172.31.40.0-255,66,10541,64,259061
11369,0.000103,74.125.68.0-255,6247,16788,64,259061
11370,0.000107,172.31.40.0-255,66,16854,64,259061
11371,0.000113,74.125.68.0-255,5738,22592,64,259061
11372,0.000116,172.31.40.0-255,66,22658,64,259061
11373,0.000155,74.125.68.0-255,1484,24142,64,259061
11374,0.000159,172.31.40.0-255,66,24208,64,259061
11375,0.00019,74.125.68.0-255,5738,29946,64,259061
11376,0.000193,172.31.40.0-255,66,30012,64,259061
11377,0.000196,74.125.68.0-255,1125,31137,64,259061
11378,0.000198,172.31.40.0-255,66,31203,64,259061
11379,0.000244,74.125.68.0-255,1484,32687,64,259061
11380,0.000247,172.31.40.0-255,66,32753,64,259061
11381,0.000275,74.125.68.0-255,2902,35655,64,259061
11382,0.000277,172.31.40.0-255,66,35721,64,259061
11383,0.000283,74.125.68.0-255,5738,41459,64,259061
11384,0.000286,172.31.40.0-255,66,41525,64,259061
11385,0.000308,74.125.68.0-255,1484,43009,64,259061
11386,0.00031,172.31.40.0-255,66,43075,64,259061
11387,0.000343,74.125.68.0-255,7156,50231,64,259061
11388,0.000346,172.31.40.0-255,66,50297,64,259061
11389,0.00035,74.125.68.0-255,2902,53199,64,259061
11390,0.000353,172.31.40.0-255,66,53265,64,259061
11391,0.00039,74.125.68.0-255,7156,60421,64,259061
11392,0.000393,172.31.40.0-255,66,60487,64,259061
11393,0.000398,74.125.68.0-255,4320,64807,64,259061
11394,0.000401,172.31.40.0-255,66,64873,64,259061
11395,0.000426,74.125.68.0-255,1095,65968,64,259061
11396,0.000444,74.125.68.0-255,117,66085,64,259061
11397,0.000656,74.125.68.0-255,1484,67569,64,259061
11398,0.000662,172.31.40.0-255,66,67635,64,259061
11399,0.000668,74.125.68.0-255,2902,70537,64,259061
11400,0.000671,172.31.40.0-255,66,70603,64,259061
11401,0.000674,74.125.68.0-255,1484,72087,64,259061
11402,0.000694,74.125.68.0-255,2902,74989,64,259061
11403,0.0007,172.31.40.0-255,66,75055,64,259061
11404,0.000727,172.31.40.0-255,66,75121,64,259061
11405,0.000733,74.125.68.0-255,5738,80859,64,259061
11406,0.000736,172.31.40.0-255,66,80925,64,259061
11407,0.00074,74.125.68.0-255,2902,83827,64,259061
11408,0.000744,172.31.40.0-255,66,83893,64,259061
11409,0.000767,74.125.68.0-255,4320,88213,64,259061
11410,0.000774,172.31.40.0-255,66,88279,64,259061
11411,0.000779,74.125.68.0-255,3602,91881,64,259061
11412,0.000781,172.31.40.0-255,66,91947,64,259061
11413,0.000785,74.125.68.0-255,1484,93431,64,259061
11414,0.000816,74.125.68.0-255,2902,96333,64,259061
11415,0.000819,172.31.40.0-255,66,96399,64,259061
11416,0.000838,74.125.68.0-255,2225,98624,64,259061
11417,0.000846,172.31.40.0-255,66,98690,64,259061
11418,0.00095,74.125.68.0-255,1484,100174,64,259061
11419,0.000954,74.125.68.0-255,1484,101658,64,259061
11420,0.000968,74.125.68.0-255,1484,103142,64,259061
11421,0.00099,74.125.68.0-255,5738,108880,64,259061
11422,0.000994,74.125.68.0-255,1484,110364,64,259061
11423,0.000999,172.31.40.0-255,66,110430,64,259061
11424,0.001029,74.125.68.0-255,5738,116168,64,259061
11425,0.001032,74.125.68.0-255,1484,117652,64,259061
11426,0.001063,172.31.40.0-255,66,117718,64,259061
11427,0.001092,74.125.68.0-255,4320,122038,64,259061
11428,0.001097,172.31.40.0-255,66,122104,64,259061
11429,0.001123,74.125.68.0-255,2184,124288,64,259061
11430,0.001133,172.31.40.0-255,66,124354,64,259061
11431,0.002136,74.125.68.0-255,1484,125838,64,259061
11432,0.002145,74.125.68.0-255,2902,128740,64,259061
11433,0.002149,172.31.40.0-255,66,128806,64,259061
11434,0.002189,74.125.68.0-255,5738,134544,64,259061
11435,0.002192,172.31.40.0-255,66,134610,64,259061
11436,0.002199,74.125.68.0-255,5738,140348,64,259061
11437,0.002201,172.31.40.0-255,66,140414,64,259061
11438,0.002231,74.125.68.0-255,2902,143316,64,259061
11439,0.002233,172.31.40.0-255,66,143382,64,259061
11440,0.002246,172.31.40.0-255,66,143448,64,259061
11441,0.002264,74.125.68.0-255,5020,148468,64,259061
11442,0.002267,172.31.40.0-255,66,148534,64,259061
11443,0.002429,74.125.68.0-255,1484,150018,64,259061
11444,0.002446,74.125.68.0-255,1484,151502,64,259061
11445,0.00245,172.31.40.0-255,66,151568,64,259061
11446,0.002456,74.125.68.0-255,2902,154470,64,259061
11447,0.002458,172.31.40.0-255,66,154536,64,259061
11448,0.0025,74.125.68.0-255,4320,158856,64,259061
11449,0.002504,172.31.40.0-255,66,158922,64,259061
11450,0.00254,74.125.68.0-255,5738,164660,64,259061
11451,0.002543,172.31.40.0-255,66,164726,64,259061
11452,0.002549,74.125.68.0-255,4320,169046,64,259061
11453,0.002551,172.31.40.0-255,66,169112,64,259061
11454,0.002582,74.125.68.0-255,5738,174850,64,259061
11455,0.002585,172.31.40.0-255,66,174916,64,259061
11456,0.002643,172.31.40.0-255,66,174982,64,259061
11457,0.005252,74.125.68.0-255,5738,180720,64,259061
11458,0.005259,172.31.40.0-255,66,180786,64,259061
11459,0.007881,74.125.68.0-255,4320,185106,64,259061
11460,0.007886,172.31.40.0-255,66,185172,64,259061
11461,0.007912,74.125.68.0-255,1484,186656,64,259061
11462,0.010514,74.125.68.0-255,4320,190976,64,259061
11463,0.010523,172.31.40.0-255,66,191042,64,259061
11464,0.013146,74.125.68.0-255,5738,196780,64,259061
11465,0.013153,172.31.40.0-255,66,196846,64,259061
11466,0.015795,74.125.68.0-255,5738,202584,64,259061
11467,0.015804,172.31.40.0-255,66,202650,64,259061
11468,0.018441,74.125.68.0-255,5738,208388,64,259061
11469,0.01845,172.31.40.0-255,66,208454,64,259061
11470,0.021067,74.125.68.0-255,5738,214192,64,259061
11471,0.021075,172.31.40.0-255,66,214258,64,259061
11472,0.02369,74.125.68.0-255,5738,219996,64,259061
11473,0.023698,172.31.40.0-255,66,220062,64,259061
11474,0.025607,172.31.40.0-255,171,220233,64,259061
11475,0.025635,172.31.40.0-255,1136,221369,64,259061
11476,0.025682,172.31.40.0-255,1514,222883,64,259061
11477,0.025683,172.31.40.0-255,1156,224039,64,259061
11478,0.026324,74.125.68.0-255,5738,229777,64,259061
11479,0.02633,172.31.40.0-255,66,229843,64,259061
11480,0.027171,104.244.42.0-255,66,229909,64,259061
11481,0.027225,104.244.42.0-255,66,229975,64,259061
11482,0.027253,104.244.42.0-255,66,230041,64,259061
11483,0.028948,74.125.68.0-255,5738,235779,64,259061
11484,0.028954,172.31.40.0-255,66,235845,64,259061
11485,0.031576,74.125.68.0-255,5738,241583,64,259061
11486,0.031583,172.31.40.0-255,66,241649,64,259061
11487,0.03422,74.125.68.0-255,5738,247387,64,259061
11488,0.034226,172.31.40.0-255,66,247453,64,259061
11489,0.036846,74.125.68.0-255,5738,253191,64,259061
11490,0.036852,172.31.40.0-255,66,253257,64,259061
11491,0.039475,74.125.68.0-255,5738,258995,64,259061
11492,0.039482,172.31.40.0-255,66,259061,64,259061
11493,0.0,172.217.194.0-255,143,143,64,236888
11494,2.3e-05,172.31.40.0-255,66,209,64,236888
11495,3e-05,172.217.194.0-255,1484,1693,64,236888
11496,3.4e-05,172.31.40.0-255,66,1759,64,236888
11497,4.9e-05,172.217.194.0-255,2902,4661,64,236888
11498,5.3e-05,172.31.40.0-255,66,4727,64,236888
11499,6e-05,172.217.194.0-255,5738,10465,64,236888
11500,6.2e-05,172.31.40.0-255,66,10531,64,236888
11501,7e-05,172.217.194.0-255,6392,16923,64,236888
11502,7.3e-05,172.31.40.0-255,66,16989,64,236888
11503,8e-05,172.217.194.0-255,7156,24145,64,236888
11504,8.3e-05,172.31.40.0-255,66,24211,64,236888
11505,0.000115,172.217.194.0-255,6797,31008,64,236888
11506,0.000119,172.31.40.0-255,66,31074,64,236888
11507,0.000145,172.217.194.0-255,1484,32558,64,236888
11508,0.000148,172.31.40.0-255,66,32624,64,236888
11509,0.000153,172.217.194.0-255,2902,35526,64,236888
11510,0.000156,172.31.40.0-255,66,35592,64,236888
11511,0.000197,172.217.194.0-255,5738,41330,64,236888
11512,0.0002,172.31.40.0-255,66,41396,64,236888
11513,0.000205,172.217.194.0-255,4320,45716,64,236888
11514,0.000207,172.31.40.0-255,66,45782,64,236888
11515,0.000213,172.217.194.0-255,5738,51520,64,236888
11516,0.000216,172.31.40.0-255,66,51586,64,236888
11517,0.000242,172.217.194.0-255,6797,58383,64,236888
11518,0.000245,172.31.40.0-255,66,58449,64,236888
11519,0.000252,172.217.194.0-255,7047,65496,64,236888
11520,0.000254,172.31.40.0-255,66,65562,64,236888
11521,0.000257,172.217.194.0-255,436,65998,64,236888
11522,0.000259,172.31.40.0-255,66,66064,64,236888
11523,0.000465,172.217.194.0-255,1484,67548,64,236888
11524,0.00047,172.31.40.0-255,66,67614,64,236888
11525,0.000477,172.217.194.0-255,2902,70516,64,236888
11526,0.00048,172.31.40.0-255,66,70582,64,236888
11527,0.000492,172.217.194.0-255,5738,76320,64,236888
11528,0.000495,172.31.40.0-255,66,76386,64,236888
11529,0.000501,172.217.194.0-255,4320,80706,64,236888
11530,0.000503,172.31.40.0-255,66,80772,64,236888
11531,0.00051,172.217.194.0-255,7156,87928,64,236888
11532,0.000513,172.31.40.0-255,66,87994,64,236888
11533,0.000543,172.217.194.0-255,4320,92314,64,236888
11534,0.000546,172.31.40.0-255,66,92380,64,236888
11535,0.000557,172.31.40.0-255,66,92446,64,236888
11536,0.001427,172.217.194.0-255,1484,93930,64,236888
11537,0.001435,172.217.194.0-255,2902,96832,64,236888
11538,0.001439,172.31.40.0-255,66,96898,64,236888
11539,0.001447,172.217.194.0-255,5738,102636,64,236888
11540,0.001449,172.31.40.0-255,66,102702,64,236888
11541,0.001507,172.31.40.0-255,66,102768,64,236888
11542,0.001535,172.217.194.0-255,1484,104252,64,236888
11543,0.001548,172.31.40.0-255,66,104318,64,236888
11544,0.00213,172.217.194.0-255,1484,105802,64,236888
11545,0.002141,172.217.194.0-255,2902,108704,64,236888
11546,0.002145,172.31.40.0-255,66,108770,64,236888
11547,0.002152,172.217.194.0-255,2902,111672,64,236888
11548,0.002154,172.31.40.0-255,66,111738,64,236888
11549,0.002188,172.217.194.0-255,2902,114640,64,236888
11550,0.002191,172.31.40.0-255,66,114706,64,236888
11551,0.002206,172.31.40.0-255,66,114772,64,236888
11552,0.002209,172.217.194.0-255,1484,116256,64,236888
11553,0.002236,172.31.40.0-255,66,116322,64,236888
11554,0.002241,172.217.194.0-255,4320,120642,64,236888
11555,0.002243,172.31.40.0-255,66,120708,64,236888
11556,0.002283,172.31.40.0-255,66,120774,64,236888
11557,0.002296,172.31.40.0-255,66,120840,64,236888
11558,0.002302,172.217.194.0-255,4320,125160,64,236888
11559,0.002304,172.31.40.0-255,66,125226,64,236888
11560,0.002345,172.217.194.0-255,5020,130246,64,236888
11561,0.002349,172.31.40.0-255,66,130312,64,236888
11562,0.002361,172.31.40.0-255,66,130378,64,236888
11563,0.002372,172.31.40.0-255,66,130444,64,236888
11564,0.00238,172.217.194.0-255,7156,137600,64,236888
11565,0.002382,172.31.40.0-255,66,137666,64,236888
11566,0.002409,172.217.194.0-255,2902,140568,64,236888
11567,0.002411,172.31.40.0-255,66,140634,64,236888
11568,0.004717,172.217.194.0-255,2902,143536,64,236888
11569,0.004724,172.31.40.0-255,66,143602,64,236888
11570,0.004752,172.217.194.0-255,2902,146504,64,236888
11571,0.004754,172.31.40.0-255,66,146570,64,236888
11572,0.006989,172.217.194.0-255,2902,149472,64,236888
11573,0.006994,172.31.40.0-255,66,149538,64,236888
11574,0.007019,172.217.194.0-255,2902,152440,64,236888
11575,0.007021,172.31.40.0-255,66,152506,64,236888
11576,0.009295,172.217.194.0-255,5738,158244,64,236888
11577,0.009302,172.31.40.0-255,66,158310,64,236888
11578,0.011616,172.217.194.0-255,5738,164048,64,236888
11579,0.011629,172.31.40.0-255,66,164114,64,236888
11580,0.013944,172.217.194.0-255,5738,169852,64,236888
11581,0.013963,172.31.40.0-255,66,169918,64,236888
11582,0.016289,172.217.194.0-255,5738,175656,64,236888
11583,0.016306,172.31.40.0-255,66,175722,64,236888
11584,0.01862,172.217.194.0-255,5738,181460,64,236888
11585,0.018629,172.31.40.0-255,66,181526,64,236888
11586,0.020923,172.217.194.0-255,5738,187264,64,236888
11587,0.020935,172.31.40.0-255,66,187330,64,236888
11588,0.023253,172.217.194.0-255,5738,193068,64,236888
11589,0.023268,172.31.40.0-255,66,193134,64,236888
11590,0.025581,172.217.194.0-255,5738,198872,64,236888
11591,0.025594,172.31.40.0-255,66,198938,64,236888
11592,0.027903,172.217.194.0-255,5738,204676,64,236888
11593,0.027911,172.31.40.0-255,66,204742,64,236888
11594,0.030234,172.217.194.0-255,5738,210480,64,236888
11595,0.030248,172.31.40.0-255,66,210546,64,236888
11596,0.032626,172.217.194.0-255,5738,216284,64,236888
11597,0.032647,172.31.40.0-255,66,216350,64,236888
11598,0.03498,172.217.194.0-255,5738,222088,64,236888
11599,0.035004,172.31.40.0-255,66,222154,64,236888
11600,0.037306,172.217.194.0-255,5738,227892,64,236888
11601,0.03732,172.31.40.0-255,66,227958,64,236888
11602,0.03933,172.31.40.0-255,167,228125,64,236888
11603,0.039363,172.31.40.0-255,1107,229232,64,236888
11604,0.039429,172.31.40.0-255,1514,230746,64,236888
11605,0.039431,172.31.40.0-255,338,231084,64,236888
11606,0.039613,172.217.194.0-255,5738,236822,64,236888
11607,0.03962,172.31.40.0-255,66,236888,64,236888
11608,0.0,74.125.24.0-255,150,150,64,173877
11609,2e-05,172.31.40.0-255,66,216,64,173877
11610,2.7e-05,74.125.24.0-255,1484,1700,64,173877
11611,3.1e-05,172.31.40.0-255,66,1766,64,173877
11612,3.7e-05,74.125.24.0-255,2902,4668,64,173877
11613,4e-05,172.31.40.0-255,66,4734,64,173877
11614,7e-05,74.125.24.0-255,7156,11890,64,173877
11615,7.3e-05,172.31.40.0-255,66,11956,64,173877
11616,7.5e-05,74.125.24.0-255,1484,13440,64,173877
11617,7.7e-05,172.31.40.0-255,66,13506,64,173877
11618,0.000114,74.125.24.0-255,1484,14990,64,173877
11619,0.000116,172.31.40.0-255,66,15056,64,173877
11620,0.000147,172.31.40.0-255,66,15122,64,173877
11621,0.000154,74.125.24.0-255,6797,21919,64,173877
11622,0.000156,172.31.40.0-255,66,21985,64,173877
11623,0.000225,74.125.24.0-255,1484,23469,64,173877
11624,0.000228,172.31.40.0-255,66,23535,64,173877
11625,0.000233,74.125.24.0-255,2902,26437,64,173877
11626,0.000235,172.31.40.0-255,66,26503,64,173877
11627,0.000255,74.125.24.0-255,1484,27987,64,173877
11628,0.000257,172.31.40.0-255,66,28053,64,173877
11629,0.000273,74.125.24.0-255,4320,32373,64,173877
11630,0.000275,172.31.40.0-255,66,32439,64,173877
11631,0.000299,74.125.24.0-255,2902,35341,64,173877
11632,0.0003,172.31.40.0-255,66,35407,64,173877
11633,0.000318,74.125.24.0-255,3961,39368,64,173877
11634,0.00032,172.31.40.0-255,66,39434,64,173877
11635,0.000324,74.125.24.0-255,4320,43754,64,173877
11636,0.000326,172.31.40.0-255,66,43820,64,173877
11637,0.000347,74.125.24.0-255,2902,46722,64,173877
11638,0.000349,172.31.40.0-255,66,46788,64,173877
11639,0.000351,74.125.24.0-255,1484,48272,64,173877
11640,0.00038,172.31.40.0-255,66,48338,64,173877
11641,0.000382,74.125.24.0-255,364,48702,64,173877
11642,0.000437,74.125.24.0-255,130,48832,64,173877
11643,0.000701,74.125.24.0-255,345,49177,64,173877
11644,0.000772,74.125.24.0-255,1484,50661,64,173877
11645,0.000776,172.31.40.0-255,66,50727,64,173877
11646,0.00078,74.125.24.0-255,1484,52211,64,173877
11647,0.000794,74.125.24.0-255,1484,53695,64,173877
11648,0.000796,172.31.40.0-255,66,53761,64,173877
11649,0.000799,74.125.24.0-255,1484,55245,64,173877
11650,0.000821,74.125.24.0-255,1484,56729,64,173877
11651,0.000824,172.31.40.0-255,66,56795,64,173877
11652,0.00083,74.125.24.0-255,4320,61115,64,173877
11653,0.000832,172.31.40.0-255,66,61181,64,173877
11654,0.000858,74.125.24.0-255,1484,62665,64,173877
11655,0.000872,74.125.24.0-255,3961,66626,64,173877
11656,0.000875,172.31.40.0-255,66,66692,64,173877
11657,0.000898,74.125.24.0-255,2902,69594,64,173877
11658,0.000901,172.31.40.0-255,66,69660,64,173877
11659,0.000926,74.125.24.0-255,2902,72562,64,173877
11660,0.000929,172.31.40.0-255,66,72628,64,173877
11661,0.000936,74.125.24.0-255,7156,79784,64,173877
11662,0.000938,172.31.40.0-255,66,79850,64,173877
11663,0.000953,74.125.24.0-255,3961,83811,64,173877
11664,0.000955,172.31.40.0-255,66,83877,64,173877
11665,0.003352,74.125.24.0-255,5738,89615,64,173877
11666,0.003359,172.31.40.0-255,66,89681,64,173877
11667,0.00577,74.125.24.0-255,4320,94001,64,173877
11668,0.005774,172.31.40.0-255,66,94067,64,173877
11669,0.005792,74.125.24.0-255,1484,95551,64,173877
11670,0.008311,74.125.24.0-255,4320,99871,64,173877
11671,0.008319,172.31.40.0-255,66,99937,64,173877
11672,0.010778,74.125.24.0-255,5738,105675,64,173877
11673,0.010786,172.31.40.0-255,66,105741,64,173877
11674,0.013233,74.125.24.0-255,5738,111479,64,173877
11675,0.013244,172.31.40.0-255,66,111545,64,173877
11676,0.015664,74.125.24.0-255,5738,117283,64,173877
11677,0.015672,172.31.40.0-255,66,117349,64,173877
11678,0.018096,74.125.24.0-255,5738,123087,64,173877
11679,0.018103,172.31.40.0-255,66,123153,64,173877
11680,0.020548,74.125.24.0-255,5738,128891,64,173877
11681,0.020554,172.31.40.0-255,66,128957,64,173877
11682,0.022971,74.125.24.0-255,5738,134695,64,173877
11683,0.022979,172.31.40.0-255,66,134761,64,173877
11684,0.023068,172.31.40.0-255,172,134933,64,173877
11685,0.023097,172.31.40.0-255,1112,136045,64,173877
11686,0.023163,172.31.40.0-255,1514,137559,64,173877
11687,0.023165,172.31.40.0-255,1296,138855,64,173877
11688,0.024705,104.244.42.0-255,66,138921,64,173877
11689,0.024782,104.244.42.0-255,66,138987,64,173877
11690,0.024829,104.244.42.0-255,66,139053,64,173877
11691,0.025372,74.125.24.0-255,5738,144791,64,173877
11692,0.025377,172.31.40.0-255,66,144857,64,173877
11693,0.027778,74.125.24.0-255,5738,150595,64,173877
11694,0.027785,172.31.40.0-255,66,150661,64,173877
11695,0.030211,74.125.24.0-255,5738,156399,64,173877
11696,0.030219,172.31.40.0-255,66,156465,64,173877
11697,0.032638,74.125.24.0-255,5738,162203,64,173877
11698,0.032645,172.31.40.0-255,66,162269,64,173877
11699,0.035146,74.125.24.0-255,5738,168007,64,173877
11700,0.035153,172.31.40.0-255,66,168073,64,173877
11701,0.037616,74.125.24.0-255,5738,173811,64,173877
11702,0.037622,172.31.40.0-255,66,173877,64,173877
11703,0.0,74.125.200.0-255,150,150,64,324742
11704,1.7e-05,172.31.40.0-255,66,216,64,324742
11705,3.8e-05,74.125.200.0-255,1484,1700,64,324742
11706,4.2e-05,172.31.40.0-255,66,1766,64,324742
11707,4.7e-05,74.125.200.0-255,2902,4668,64,324742
11708,5e-05,172.31.40.0-255,66,4734,64,324742
11709,5.5e-05,74.125.200.0-255,2902,7636,64,324742
11710,5.7e-05,172.31.40.0-255,66,7702,64,324742
11711,8.3e-05,74.125.200.0-255,2902,10604,64,324742
11712,8.5e-05,172.31.40.0-255,66,10670,64,324742
11713,9.1e-05,74.125.200.0-255,3511,14181,64,324742
11714,9.3e-05,172.31.40.0-255,66,14247,64,324742
11715,9.9e-05,74.125.200.0-255,4320,18567,64,324742
11716,0.000101,172.31.40.0-255,66,18633,64,324742
11717,0.000148,172.31.40.0-255,66,18699,64,324742
11718,0.000176,74.125.200.0-255,2543,21242,64,324742
11719,0.000178,172.31.40.0-255,66,21308,64,324742
11720,0.000265,74.125.200.0-255,1484,22792,64,324742
11721,0.000269,172.31.40.0-255,66,22858,64,324742
11722,0.000276,74.125.200.0-255,2902,25760,64,324742
11723,0.000279,172.31.40.0-255,66,25826,64,324742
11724,0.000305,74.125.200.0-255,4320,30146,64,324742
11725,0.000307,172.31.40.0-255,66,30212,64,324742
11726,0.000327,74.125.200.0-255,2902,33114,64,324742
11727,0.000329,172.31.40.0-255,66,33180,64,324742
11728,0.000353,74.125.200.0-255,6797,39977,64,324742
11729,0.000355,172.31.40.0-255,66,40043,64,324742
11730,0.000358,74.125.200.0-255,1484,41527,64,324742
11731,0.00036,172.31.40.0-255,66,41593,64,324742
11732,0.000363,74.125.200.0-255,1484,43077,64,324742
11733,0.000365,172.31.40.0-255,66,43143,64,324742
11734,0.000386,74.125.200.0-255,1484,44627,64,324742
11735,0.000394,74.125.200.0-255,5738,50365,64,324742
11736,0.000396,172.31.40.0-255,66,50431,64,324742
11737,0.000422,74.125.200.0-255,5653,56084,64,324742
11738,0.000425,172.31.40.0-255,66,56150,64,324742
11739,0.000428,74.125.200.0-255,131,56281,64,324742
11740,0.000584,74.125.200.0-255,1484,57765,64,324742
11741,0.000588,172.31.40.0-255,66,57831,64,324742
11742,0.00061,74.125.200.0-255,2902,60733,64,324742
11743,0.000614,172.31.40.0-255,66,60799,64,324742
11744,0.00062,74.125.200.0-255,5738,66537,64,324742
11745,0.000622,172.31.40.0-255,66,66603,64,324742
11746,0.00065,74.125.200.0-255,7156,73759,64,324742
11747,0.000653,172.31.40.0-255,66,73825,64,324742
11748,0.000675,74.125.200.0-255,5738,79563,64,324742
11749,0.000678,172.31.40.0-255,66,79629,64,324742
11750,0.000702,74.125.200.0-255,4320,83949,64,324742
11751,0.000705,172.31.40.0-255,66,84015,64,324742
11752,0.000726,74.125.200.0-255,6438,90453,64,324742
11753,0.000729,172.31.40.0-255,66,90519,64,324742
11754,0.000746,74.125.200.0-255,4320,94839,64,324742
11755,0.000748,172.31.40.0-255,66,94905,64,324742
11756,0.000773,74.125.200.0-255,1484,96389,64,324742
11757,0.000781,74.125.200.0-255,7156,103545,64,324742
11758,0.000784,172.31.40.0-255,66,103611,64,324742
11759,0.00082,172.31.40.0-255,66,103677,64,324742
11760,0.000833,74.125.200.0-255,4320,107997,64,324742
11761,0.000836,172.31.40.0-255,66,108063,64,324742
11762,0.000857,74.125.200.0-255,6438,114501,64,324742
11763,0.000861,172.31.40.0-255,66,114567,64,324742
11764,0.000903,74.125.200.0-255,7156,121723,64,324742
11765,0.000906,172.31.40.0-255,66,121789,64,324742
11766,0.000925,74.125.200.0-255,1484,123273,64,324742
11767,0.000932,74.125.200.0-255,5738,129011,64,324742
11768,0.000934,172.31.40.0-255,66,129077,64,324742
11769,0.000958,74.125.200.0-255,4320,133397,64,324742
11770,0.00096,172.31.40.0-255,66,133463,64,324742
11771,0.000972,172.31.40.0-255,66,133529,64,324742
11772,0.00103,74.125.200.0-255,5020,138549,64,324742
11773,0.001041,172.31.40.0-255,66,138615,64,324742
11774,0.001047,74.125.200.0-255,4320,142935,64,324742
11775,0.001052,172.31.40.0-255,66,143001,64,324742
11776,0.001064,74.125.200.0-255,1765,144766,64,324742
11777,0.001076,74.125.200.0-255,2902,147668,64,324742
11778,0.00109,74.125.200.0-255,4320,151988,64,324742
11779,0.001095,74.125.200.0-255,2902,154890,64,324742
11780,0.001107,74.125.200.0-255,1484,156374,64,324742
11781,0.001113,172.31.40.0-255,66,156440,64,324742
11782,0.001131,74.125.200.0-255,5738,162178,64,324742
11783,0.001145,74.125.200.0-255,1484,163662,64,324742
11784,0.001159,74.125.200.0-255,4320,167982,64,324742
11785,0.001167,172.31.40.0-255,66,168048,64,324742
11786,0.001198,74.125.200.0-255,1484,169532,64,324742
11787,0.001211,74.125.200.0-255,3602,173134,64,324742
11788,0.001227,172.31.40.0-255,66,173200,64,324742
11789,0.001417,74.125.200.0-255,1484,174684,64,324742
11790,0.001434,74.125.200.0-255,2902,177586,64,324742
11791,0.001437,172.31.40.0-255,66,177652,64,324742
11792,0.001464,74.125.200.0-255,2902,180554,64,324742
11793,0.00147,74.125.200.0-255,4320,184874,64,324742
11794,0.001485,74.125.200.0-255,1484,186358,64,324742
11795,0.001491,172.31.40.0-255,66,186424,64,324742
11796,0.001512,74.125.200.0-255,7156,193580,64,324742
11797,0.001516,74.125.200.0-255,1484,195064,64,324742
11798,0.001523,172.31.40.0-255,66,195130,64,324742
11799,0.001535,74.125.200.0-255,4320,199450,64,324742
11800,0.001565,74.125.200.0-255,7156,206606,64,324742
11801,0.001568,74.125.200.0-255,766,207372,64,324742
11802,0.001573,172.31.40.0-255,66,207438,64,324742
11803,0.001718,74.125.200.0-255,1484,208922,64,324742
11804,0.001738,74.125.200.0-255,2902,211824,64,324742
11805,0.001742,172.31.40.0-255,66,211890,64,324742
11806,0.001761,74.125.200.0-255,1484,213374,64,324742
11807,0.001775,74.125.200.0-255,4320,217694,64,324742
11808,0.001783,172.31.40.0-255,66,217760,64,324742
11809,0.001794,74.125.200.0-255,1484,219244,64,324742
11810,0.001799,74.125.200.0-255,2902,222146,64,324742
11811,0.00181,74.125.200.0-255,5738,227884,64,324742
11812,0.001831,172.31.40.0-255,66,227950,64,324742
11813,0.001851,74.125.200.0-255,1484,229434,64,324742
11814,0.001854,172.31.40.0-255,66,229500,64,324742
11815,0.001884,74.125.200.0-255,2902,232402,64,324742
11816,0.001889,172.31.40.0-255,66,232468,64,324742
11817,0.001908,74.125.200.0-255,2902,235370,64,324742
11818,0.001925,74.125.200.0-255,1484,236854,64,324742
11819,0.001932,172.31.40.0-255,66,236920,64,324742
11820,0.001963,74.125.200.0-255,4320,241240,64,324742
11821,0.001968,172.31.40.0-255,66,241306,64,324742
11822,0.001982,74.125.200.0-255,5738,247044,64,324742
11823,0.001996,74.125.200.0-255,2184,249228,64,324742
11824,0.002012,74.125.200.0-255,7156,256384,64,324742
11825,0.002024,74.125.200.0-255,1484,257868,64,324742
11826,0.00203,74.125.200.0-255,2902,260770,64,324742
11827,0.002035,172.31.40.0-255,66,260836,64,324742
11828,0.002047,74.125.200.0-255,2902,263738,64,324742
11829,0.002059,74.125.200.0-255,1484,265222,64,324742
11830,0.002074,74.125.200.0-255,5738,270960,64,324742
11831,0.00208,172.31.40.0-255,66,271026,64,324742
11832,0.002089,74.125.200.0-255,2902,273928,64,324742
11833,0.002098,172.31.40.0-255,66,273994,64,324742
11834,0.002105,74.125.200.0-255,5738,279732,64,324742
11835,0.002128,74.125.200.0-255,3602,283334,64,324742
11836,0.002131,74.125.200.0-255,1484,284818,64,324742
11837,0.00214,172.31.40.0-255,66,284884,64,324742
11838,0.002153,74.125.200.0-255,2902,287786,64,324742
11839,0.002189,74.125.200.0-255,1484,289270,64,324742
11840,0.002214,74.125.200.0-255,5738,295008,64,324742
11841,0.002221,74.125.200.0-255,7156,302164,64,324742
11842,0.00224,172.31.40.0-255,66,302230,64,324742
11843,0.002254,74.125.200.0-255,5738,307968,64,324742
11844,0.00226,172.31.40.0-255,66,308034,64,324742
11845,0.00227,74.125.200.0-255,2902,310936,64,324742
11846,0.002273,74.125.200.0-255,1484,312420,64,324742
11847,0.002299,172.31.40.0-255,66,312486,64,324742
11848,0.002317,172.31.40.0-255,66,312552,64,324742
11849,0.002357,74.125.200.0-255,6438,318990,64,324742
11850,0.002361,172.31.40.0-255,66,319056,64,324742
11851,0.002369,74.125.200.0-255,984,320040,64,324742
11852,0.002374,172.31.40.0-255,66,320106,64,324742
11853,0.004724,74.125.200.0-255,105,320211,64,324742
11854,0.013075,172.31.40.0-255,66,320277,64,324742
11855,0.013117,172.31.40.0-255,105,320382,64,324742
11856,0.015459,74.125.200.0-255,66,320448,64,324742
11857,0.034072,172.31.40.0-255,172,320620,64,324742
11858,0.034106,172.31.40.0-255,1112,321732,64,324742
11859,0.034171,172.31.40.0-255,1514,323246,64,324742
11860,0.034173,172.31.40.0-255,1298,324544,64,324742
11861,0.035675,104.244.42.0-255,66,324610,64,324742
11862,0.035814,104.244.42.0-255,66,324676,64,324742
11863,0.035819,104.244.42.0-255,66,324742,64,324742
11864,0.0,74.125.24.0-255,144,144,64,235711
11865,2.4e-05,172.31.40.0-255,66,210,64,235711
11866,3.2e-05,74.125.24.0-255,1484,1694,64,235711
11867,3.7e-05,172.31.40.0-255,66,1760,64,235711
11868,4.4e-05,74.125.24.0-255,2902,4662,64,235711
11869,4.8e-05,172.31.40.0-255,66,4728,64,235711
11870,5.4e-05,74.125.24.0-255,5738,10466,64,235711
11871,5.8e-05,172.31.40.0-255,66,10532,64,235711
11872,6.2e-05,74.125.24.0-255,3556,14088,64,235711
11873,6.5e-05,172.31.40.0-255,66,14154,64,235711
11874,0.000584,74.125.24.0-255,1484,15638,64,235711
11875,0.00059,172.31.40.0-255,66,15704,64,235711
11876,0.000598,74.125.24.0-255,2902,18606,64,235711
11877,0.0006,172.31.40.0-255,66,18672,64,235711
11878,0.000608,74.125.24.0-255,5738,24410,64,235711
11879,0.00061,172.31.40.0-255,66,24476,64,235711
11880,0.000638,74.125.24.0-255,6797,31273,64,235711
11881,0.000642,172.31.40.0-255,66,31339,64,235711
11882,0.000895,74.125.24.0-255,1484,32823,64,235711
11883,0.000901,172.31.40.0-255,66,32889,64,235711
11884,0.000929,74.125.24.0-255,2902,35791,64,235711
11885,0.000931,172.31.40.0-255,66,35857,64,235711
11886,0.000952,74.125.24.0-255,4320,40177,64,235711
11887,0.000956,172.31.40.0-255,66,40243,64,235711
11888,0.000962,74.125.24.0-255,5738,45981,64,235711
11889,0.000965,172.31.40.0-255,66,46047,64,235711
11890,0.000997,172.31.40.0-255,66,46113,64,235711
11891,0.001017,74.125.24.0-255,1125,47238,64,235711
11892,0.00102,172.31.40.0-255,66,47304,64,235711
11893,0.001026,74.125.24.0-255,5738,53042,64,235711
11894,0.001029,172.31.40.0-255,66,53108,64,235711
11895,0.001043,74.125.24.0-255,1399,54507,64,235711
11896,0.0015,74.125.24.0-255,383,54890,64,235711
11897,0.001507,172.31.40.0-255,66,54956,64,235711
11898,0.001528,74.125.24.0-255,1484,56440,64,235711
11899,0.00155,74.125.24.0-255,4320,60760,64,235711
11900,0.001553,172.31.40.0-255,66,60826,64,235711
11901,0.001559,74.125.24.0-255,4320,65146,64,235711
11902,0.001561,172.31.40.0-255,66,65212,64,235711
11903,0.001574,74.125.24.0-255,2902,68114,64,235711
11904,0.001576,172.31.40.0-255,66,68180,64,235711
11905,0.001591,74.125.24.0-255,1484,69664,64,235711
11906,0.00161,74.125.24.0-255,2543,72207,64,235711
11907,0.001613,172.31.40.0-255,66,72273,64,235711
11908,0.001655,74.125.24.0-255,1484,73757,64,235711
11909,0.001676,74.125.24.0-255,2902,76659,64,235711
11910,0.00168,172.31.40.0-255,66,76725,64,235711
11911,0.001705,74.125.24.0-255,5738,82463,64,235711
11912,0.001709,172.31.40.0-255,66,82529,64,235711
11913,0.001712,74.125.24.0-255,1484,84013,64,235711
11914,0.001756,74.125.24.0-255,2902,86915,64,235711
11915,0.001758,172.31.40.0-255,66,86981,64,235711
11916,0.001774,74.125.24.0-255,2543,89524,64,235711
11917,0.001776,172.31.40.0-255,66,89590,64,235711
11918,0.001927,74.125.24.0-255,1484,91074,64,235711
11919,0.001932,74.125.24.0-255,1484,92558,64,235711
11920,0.001935,172.31.40.0-255,66,92624,64,235711
11921,0.001957,74.125.24.0-255,1484,94108,64,235711
11922,0.001964,74.125.24.0-255,5738,99846,64,235711
11923,0.001967,172.31.40.0-255,66,99912,64,235711
11924,0.001972,74.125.24.0-255,4320,104232,64,235711
11925,0.001975,172.31.40.0-255,66,104298,64,235711
11926,0.001979,74.125.24.0-255,2902,107200,64,235711
11927,0.001981,172.31.40.0-255,66,107266,64,235711
11928,0.002011,172.31.40.0-255,66,107332,64,235711
11929,0.002022,172.31.40.0-255,66,107398,64,235711
11930,0.002055,74.125.24.0-255,2902,110300,64,235711
11931,0.002058,172.31.40.0-255,66,110366,64,235711
11932,0.002062,74.125.24.0-255,1484,111850,64,235711
11933,0.002078,74.125.24.0-255,2902,114752,64,235711
11934,0.002081,172.31.40.0-255,66,114818,64,235711
11935,0.00211,74.125.24.0-255,5738,120556,64,235711
11936,0.002113,172.31.40.0-255,66,120622,64,235711
11937,0.002138,74.125.24.0-255,2902,123524,64,235711
11938,0.00214,172.31.40.0-255,66,123590,64,235711
11939,0.002152,172.31.40.0-255,66,123656,64,235711
11940,0.002196,74.125.24.0-255,1484,125140,64,235711
11941,0.002312,74.125.24.0-255,1484,126624,64,235711
11942,0.002332,74.125.24.0-255,2902,129526,64,235711
11943,0.002339,74.125.24.0-255,5738,135264,64,235711
11944,0.002367,74.125.24.0-255,1484,136748,64,235711
11945,0.002371,74.125.24.0-255,2902,139650,64,235711
11946,0.002393,74.125.24.0-255,5738,145388,64,235711
11947,0.002819,172.31.40.0-255,66,145454,64,235711
11948,0.005197,74.125.24.0-255,5738,151192,64,235711
11949,0.005203,172.31.40.0-255,66,151258,64,235711
11950,0.007571,74.125.24.0-255,5738,156996,64,235711
11951,0.007579,172.31.40.0-255,66,157062,64,235711
11952,0.009934,74.125.24.0-255,5738,162800,64,235711
11953,0.009944,172.31.40.0-255,66,162866,64,235711
11954,0.012302,74.125.24.0-255,5738,168604,64,235711
11955,0.012311,172.31.40.0-255,66,168670,64,235711
11956,0.014675,74.125.24.0-255,5738,174408,64,235711
11957,0.014682,172.31.40.0-255,66,174474,64,235711
11958,0.017044,74.125.24.0-255,5738,180212,64,235711
11959,0.017052,172.31.40.0-255,66,180278,64,235711
11960,0.019444,74.125.24.0-255,5738,186016,64,235711
11961,0.019451,172.31.40.0-255,66,186082,64,235711
11962,0.021809,74.125.24.0-255,5738,191820,64,235711
11963,0.021816,172.31.40.0-255,66,191886,64,235711
11964,0.024086,172.31.40.0-255,172,192058,64,235711
11965,0.024116,172.31.40.0-255,1107,193165,64,235711
11966,0.02414,74.125.24.0-255,5738,198903,64,235711
11967,0.024146,172.31.40.0-255,66,198969,64,235711
11968,0.024265,172.31.40.0-255,1514,200483,64,235711
11969,0.024267,172.31.40.0-255,338,200821,64,235711
11970,0.026217,104.244.42.0-255,66,200887,64,235711
11971,0.026497,74.125.24.0-255,5738,206625,64,235711
11972,0.026503,172.31.40.0-255,66,206691,64,235711
11973,0.02889,74.125.24.0-255,5738,212429,64,235711
11974,0.028897,172.31.40.0-255,66,212495,64,235711
11975,0.031223,74.125.24.0-255,5738,218233,64,235711
11976,0.031234,172.31.40.0-255,66,218299,64,235711
11977,0.033624,74.125.24.0-255,5738,224037,64,235711
11978,0.03364,172.31.40.0-255,66,224103,64,235711
11979,0.035999,74.125.24.0-255,5738,229841,64,235711
11980,0.03601,172.31.40.0-255,66,229907,64,235711
11981,0.038362,74.125.24.0-255,5738,235645,64,235711
11982,0.038378,172.31.40.0-255,66,235711,64,235711
11983,0.0,74.125.24.0-255,291,291,64,166697
11984,2.2e-05,172.31.40.0-255,66,357,64,166697
11985,2.8e-05,74.125.24.0-255,1484,1841,64,166697
11986,3.3e-05,172.31.40.0-255,66,1907,64,166697
11987,4.7e-05,74.125.24.0-255,4320,6227,64,166697
11988,5e-05,172.31.40.0-255,66,6293,64,166697
11989,5.3e-05,74.125.24.0-255,1484,7777,64,166697
11990,5.6e-05,172.31.40.0-255,66,7843,64,166697
11991,6e-05,74.125.24.0-255,1484,9327,64,166697
11992,6.2e-05,172.31.40.0-255,66,9393,64,166697
11993,9e-05,74.125.24.0-255,6146,15539,64,166697
11994,9.8e-05,172.31.40.0-255,66,15605,64,166697
11995,0.000113,172.31.40.0-255,66,15671,64,166697
11996,0.000137,74.125.24.0-255,2543,18214,64,166697
11997,0.00014,172.31.40.0-255,66,18280,64,166697
11998,0.000178,74.125.24.0-255,2902,21182,64,166697
11999,0.00018,172.31.40.0-255,66,21248,64,166697
12000,0.000217,74.125.24.0-255,4320,25568,64,166697
12001,0.00022,172.31.40.0-255,66,25634,64,166697
12002,0.000229,172.31.40.0-255,66,25700,64,166697
12003,0.000274,172.31.40.0-255,66,25766,64,166697
12004,0.000297,74.125.24.0-255,1403,27169,64,166697
12005,0.000301,172.31.40.0-255,66,27235,64,166697
12006,0.000573,74.125.24.0-255,377,27612,64,166697
12007,0.000578,172.31.40.0-255,66,27678,64,166697
12008,0.000706,74.125.24.0-255,1484,29162,64,166697
12009,0.000711,172.31.40.0-255,66,29228,64,166697
12010,0.00072,74.125.24.0-255,2902,32130,64,166697
12011,0.000722,172.31.40.0-255,66,32196,64,166697
12012,0.000741,74.125.24.0-255,5738,37934,64,166697
12013,0.000744,172.31.40.0-255,66,38000,64,166697
12014,0.000749,74.125.24.0-255,4320,42320,64,166697
12015,0.000751,172.31.40.0-255,66,42386,64,166697
12016,0.000775,74.125.24.0-255,2543,44929,64,166697
12017,0.00078,172.31.40.0-255,66,44995,64,166697
12018,0.001107,74.125.24.0-255,1484,46479,64,166697
12019,0.001113,74.125.24.0-255,2902,49381,64,166697
12020,0.001116,172.31.40.0-255,66,49447,64,166697
12021,0.001145,74.125.24.0-255,5738,55185,64,166697
12022,0.001147,172.31.40.0-255,66,55251,64,166697
12023,0.001152,74.125.24.0-255,2902,58153,64,166697
12024,0.001153,172.31.40.0-255,66,58219,64,166697
12025,0.001177,74.125.24.0-255,2902,61121,64,166697
12026,0.001179,172.31.40.0-255,66,61187,64,166697
12027,0.001186,74.125.24.0-255,6797,67984,64,166697
12028,0.001188,172.31.40.0-255,66,68050,64,166697
12029,0.001205,74.125.24.0-255,1484,69534,64,166697
12030,0.001235,74.125.24.0-255,5738,75272,64,166697
12031,0.001237,172.31.40.0-255,66,75338,64,166697
12032,0.001247,172.31.40.0-255,66,75404,64,166697
12033,0.001267,74.125.24.0-255,2902,78306,64,166697
12034,0.001269,172.31.40.0-255,66,78372,64,166697
12035,0.001305,172.31.40.0-255,66,78438,64,166697
12036,0.001576,74.125.24.0-255,1484,79922,64,166697
12037,0.001581,74.125.24.0-255,2902,82824,64,166697
12038,0.001584,172.31.40.0-255,66,82890,64,166697
12039,0.00161,74.125.24.0-255,4320,87210,64,166697
12040,0.001612,172.31.40.0-255,66,87276,64,166697
12041,0.001626,74.125.24.0-255,1484,88760,64,166697
12042,0.001633,74.125.24.0-255,5738,94498,64,166697
12043,0.001634,172.31.40.0-255,66,94564,64,166697
12044,0.001651,172.31.40.0-255,66,94630,64,166697
12045,0.001698,74.125.24.0-255,5020,99650,64,166697
12046,0.0017,172.31.40.0-255,66,99716,64,166697
12047,0.001878,74.125.24.0-255,1484,101200,64,166697
12048,0.001884,74.125.24.0-255,2902,104102,64,166697
12049,0.001887,172.31.40.0-255,66,104168,64,166697
12050,0.001921,74.125.24.0-255,5738,109906,64,166697
12051,0.001924,172.31.40.0-255,66,109972,64,166697
12052,0.001928,74.125.24.0-255,1484,111456,64,166697
12053,0.001956,74.125.24.0-255,2902,114358,64,166697
12054,0.001958,172.31.40.0-255,66,114424,64,166697
12055,0.001989,74.125.24.0-255,5738,120162,64,166697
12056,0.001992,74.125.24.0-255,1484,121646,64,166697
12057,0.001996,172.31.40.0-255,66,121712,64,166697
12058,0.002014,172.31.40.0-255,66,121778,64,166697
12059,0.002024,74.125.24.0-255,5738,127516,64,166697
12060,0.002026,172.31.40.0-255,66,127582,64,166697
12061,0.00207,172.31.40.0-255,66,127648,64,166697
12062,0.002085,172.31.40.0-255,66,127714,64,166697
12063,0.002088,74.125.24.0-255,1484,129198,64,166697
12064,0.002138,172.31.40.0-255,66,129264,64,166697
12065,0.002141,74.125.24.0-255,1484,130748,64,166697
12066,0.002185,172.31.40.0-255,66,130814,64,166697
12067,0.002231,74.125.24.0-255,3602,134416,64,166697
12068,0.002235,172.31.40.0-255,66,134482,64,166697
12069,0.002246,172.31.40.0-255,66,134548,64,166697
12070,0.002286,172.31.40.0-255,66,134614,64,166697
12071,0.002313,74.125.24.0-255,2902,137516,64,166697
12072,0.002315,172.31.40.0-255,66,137582,64,166697
12073,0.002346,74.125.24.0-255,6438,144020,64,166697
12074,0.00235,172.31.40.0-255,66,144086,64,166697
12075,0.002353,74.125.24.0-255,1484,145570,64,166697
12076,0.002394,172.31.40.0-255,66,145636,64,166697
12077,0.002442,172.31.40.0-255,66,145702,64,166697
12078,0.002561,74.125.24.0-255,2902,148604,64,166697
12079,0.002583,74.125.24.0-255,2902,151506,64,166697
12080,0.002632,74.125.24.0-255,6438,157944,64,166697
12081,0.002664,74.125.24.0-255,4320,162264,64,166697
12082,0.002699,74.125.24.0-255,105,162369,64,166697
12083,0.009756,172.31.40.0-255,66,162435,64,166697
12084,0.011797,172.31.40.0-255,105,162540,64,166697
12085,0.014204,74.125.24.0-255,66,162606,64,166697
12086,0.038647,172.31.40.0-255,167,162773,64,166697
12087,0.038682,172.31.40.0-255,1112,163885,64,166697
12088,0.038749,172.31.40.0-255,1514,165399,64,166697
12089,0.038771,172.31.40.0-255,1298,166697,64,166697
12090,0.0,74.125.130.0-255,146,146,64,256207
12091,2.1e-05,172.31.40.0-255,66,212,64,256207
12092,2.8e-05,74.125.130.0-255,1484,1696,64,256207
12093,3.1e-05,172.31.40.0-255,66,1762,64,256207
12094,3.6e-05,74.125.130.0-255,2902,4664,64,256207
12095,3.8e-05,172.31.40.0-255,66,4730,64,256207
12096,4.6e-05,74.125.130.0-255,7156,11886,64,256207
12097,4.8e-05,172.31.40.0-255,66,11952,64,256207
12098,5.2e-05,74.125.130.0-255,2063,14015,64,256207
12099,5.4e-05,172.31.40.0-255,66,14081,64,256207
12100,0.000136,74.125.130.0-255,1484,15565,64,256207
12101,0.000139,172.31.40.0-255,66,15631,64,256207
12102,0.000161,74.125.130.0-255,2902,18533,64,256207
12103,0.000164,172.31.40.0-255,66,18599,64,256207
12104,0.000169,74.125.130.0-255,4320,22919,64,256207
12105,0.000171,172.31.40.0-255,66,22985,64,256207
12106,0.000193,74.125.130.0-255,1484,24469,64,256207
12107,0.000194,172.31.40.0-255,66,24535,64,256207
12108,0.000229,172.31.40.0-255,66,24601,64,256207
12109,0.000238,172.31.40.0-255,66,24667,64,256207
12110,0.000286,74.125.130.0-255,6797,31464,64,256207
12111,0.000289,172.31.40.0-255,66,31530,64,256207
12112,0.000313,74.125.130.0-255,7156,38686,64,256207
12113,0.000316,172.31.40.0-255,66,38752,64,256207
12114,0.000318,74.125.130.0-255,1484,40236,64,256207
12115,0.00032,172.31.40.0-255,66,40302,64,256207
12116,0.000352,74.125.130.0-255,7156,47458,64,256207
12117,0.000355,172.31.40.0-255,66,47524,64,256207
12118,0.000358,74.125.130.0-255,1438,48962,64,256207
12119,0.00036,172.31.40.0-255,66,49028,64,256207
12120,0.000443,74.125.130.0-255,1484,50512,64,256207
12121,0.000446,172.31.40.0-255,66,50578,64,256207
12122,0.000451,74.125.130.0-255,2902,53480,64,256207
12123,0.000453,172.31.40.0-255,66,53546,64,256207
12124,0.000461,74.125.130.0-255,5738,59284,64,256207
12125,0.000463,172.31.40.0-255,66,59350,64,256207
12126,0.000469,74.125.130.0-255,5738,65088,64,256207
12127,0.000472,172.31.40.0-255,66,65154,64,256207
12128,0.000506,74.125.130.0-255,6797,71951,64,256207
12129,0.00051,172.31.40.0-255,66,72017,64,256207
12130,0.00053,74.125.130.0-255,2902,74919,64,256207
12131,0.000533,172.31.40.0-255,66,74985,64,256207
12132,0.000559,172.31.40.0-255,66,75051,64,256207
12133,0.000818,74.125.130.0-255,1484,76535,64,256207
12134,0.000829,172.31.40.0-255,66,76601,64,256207
12135,0.000835,74.125.130.0-255,2902,79503,64,256207
12136,0.000837,172.31.40.0-255,66,79569,64,256207
12137,0.000841,74.125.130.0-255,1484,81053,64,256207
12138,0.000858,74.125.130.0-255,4320,85373,64,256207
12139,0.000938,74.125.130.0-255,2184,87557,64,256207
12140,0.000948,172.31.40.0-255,66,87623,64,256207
12141,0.00115,74.125.130.0-255,1484,89107,64,256207
12142,0.001154,74.125.130.0-255,1484,90591,64,256207
12143,0.001157,172.31.40.0-255,66,90657,64,256207
12144,0.001171,74.125.130.0-255,1484,92141,64,256207
12145,0.001176,74.125.130.0-255,2902,95043,64,256207
12146,0.001194,74.125.130.0-255,2902,97945,64,256207
12147,0.001202,74.125.130.0-255,7156,105101,64,256207
12148,0.001218,172.31.40.0-255,66,105167,64,256207
12149,0.001233,74.125.130.0-255,2902,108069,64,256207
12150,0.00125,74.125.130.0-255,5020,113089,64,256207
12151,0.001256,172.31.40.0-255,66,113155,64,256207
12152,0.001292,74.125.130.0-255,5738,118893,64,256207
12153,0.001316,74.125.130.0-255,7156,126049,64,256207
12154,0.001319,172.31.40.0-255,66,126115,64,256207
12155,0.001327,172.31.40.0-255,66,126181,64,256207
12156,0.001353,74.125.130.0-255,2902,129083,64,256207
12157,0.001359,74.125.130.0-255,5738,134821,64,256207
12158,0.001373,74.125.130.0-255,766,135587,64,256207
12159,0.001381,172.31.40.0-255,66,135653,64,256207
12160,0.001393,74.125.130.0-255,1484,137137,64,256207
12161,0.001411,74.125.130.0-255,2902,140039,64,256207
12162,0.001414,74.125.130.0-255,1484,141523,64,256207
12163,0.001419,172.31.40.0-255,66,141589,64,256207
12164,0.001429,74.125.130.0-255,4320,145909,64,256207
12165,0.001441,74.125.130.0-255,1484,147393,64,256207
12166,0.001479,172.31.40.0-255,66,147459,64,256207
12167,0.001499,74.125.130.0-255,2902,150361,64,256207
12168,0.001511,172.31.40.0-255,66,150427,64,256207
12169,0.00153,172.31.40.0-255,66,150493,64,256207
12170,0.001569,74.125.130.0-255,1484,151977,64,256207
12171,0.001575,74.125.130.0-255,2902,154879,64,256207
12172,0.001591,172.31.40.0-255,66,154945,64,256207
12173,0.001604,74.125.130.0-255,5738,160683,64,256207
12174,0.001609,74.125.130.0-255,2902,163585,64,256207
12175,0.001634,74.125.130.0-255,4320,167905,64,256207
12176,0.001649,172.31.40.0-255,66,167971,64,256207
12177,0.001655,172.31.40.0-255,66,168037,64,256207
12178,0.001663,74.125.130.0-255,1484,169521,64,256207
12179,0.001667,74.125.130.0-255,2184,171705,64,256207
12180,0.001696,172.31.40.0-255,66,171771,64,256207
12181,0.0019,74.125.130.0-255,1484,173255,64,256207
12182,0.001907,74.125.130.0-255,2902,176157,64,256207
12183,0.001911,74.125.130.0-255,2902,179059,64,256207
12184,0.001917,172.31.40.0-255,66,179125,64,256207
12185,0.001927,74.125.130.0-255,2902,182027,64,256207
12186,0.001931,172.31.40.0-255,66,182093,64,256207
12187,0.001974,74.125.130.0-255,1484,183577,64,256207
12188,0.002037,74.125.130.0-255,4320,187897,64,256207
12189,0.002043,74.125.130.0-255,5738,193635,64,256207
12190,0.002078,74.125.130.0-255,4320,197955,64,256207
12191,0.002082,172.31.40.0-255,66,198021,64,256207
12192,0.002109,172.31.40.0-255,66,198087,64,256207
12193,0.002118,74.125.130.0-255,2902,200989,64,256207
12194,0.002133,74.125.130.0-255,6438,207427,64,256207
12195,0.002151,172.31.40.0-255,66,207493,64,256207
12196,0.002345,74.125.130.0-255,1484,208977,64,256207
12197,0.002368,74.125.130.0-255,2902,211879,64,256207
12198,0.002371,172.31.40.0-255,66,211945,64,256207
12199,0.00448,74.125.130.0-255,1484,213429,64,256207
12200,0.004723,74.125.130.0-255,4320,217749,64,256207
12201,0.004728,172.31.40.0-255,66,217815,64,256207
12202,0.007058,74.125.130.0-255,5738,223553,64,256207
12203,0.008022,172.31.40.0-255,66,223619,64,256207
12204,0.010362,74.125.130.0-255,5738,229357,64,256207
12205,0.010368,172.31.40.0-255,66,229423,64,256207
12206,0.012719,74.125.130.0-255,5738,235161,64,256207
12207,0.012727,172.31.40.0-255,66,235227,64,256207
12208,0.015092,74.125.130.0-255,5738,240965,64,256207
12209,0.0151,172.31.40.0-255,66,241031,64,256207
12210,0.017442,74.125.130.0-255,5738,246769,64,256207
12211,0.017451,172.31.40.0-255,66,246835,64,256207
12212,0.019802,74.125.130.0-255,3861,250696,64,256207
12213,0.01981,172.31.40.0-255,66,250762,64,256207
12214,0.020153,172.31.40.0-255,105,250867,64,256207
12215,0.022467,74.125.130.0-255,66,250933,64,256207
12216,0.035258,172.31.40.0-255,172,251105,64,256207
12217,0.035322,172.31.40.0-255,1110,252215,64,256207
12218,0.035386,172.31.40.0-255,1514,253729,64,256207
12219,0.035387,172.31.40.0-255,1514,255243,64,256207
12220,0.035413,172.31.40.0-255,700,255943,64,256207
12221,0.036837,104.244.42.0-255,66,256009,64,256207
12222,0.036847,104.244.42.0-255,66,256075,64,256207
12223,0.0369,104.244.42.0-255,66,256141,64,256207
12224,0.036904,104.244.42.0-255,66,256207,64,256207
12225,0.0,172.31.40.0-255,249,249,64,315
12226,0.006972,74.125.200.0-255,66,315,64,315
12227,0.0,74.125.130.0-255,293,293,64,257979
12228,1.6e-05,172.31.40.0-255,66,359,64,257979
12229,2.2e-05,74.125.130.0-255,1484,1843,64,257979
12230,2.6e-05,172.31.40.0-255,66,1909,64,257979
12231,3.2e-05,74.125.130.0-255,4320,6229,64,257979
12232,3.5e-05,172.31.40.0-255,66,6295,64,257979
12233,3.8e-05,74.125.130.0-255,1484,7779,64,257979
12234,4.2e-05,172.31.40.0-255,66,7845,64,257979
12235,6.9e-05,74.125.130.0-255,2902,10747,64,257979
12236,7.2e-05,172.31.40.0-255,66,10813,64,257979
12237,9.8e-05,74.125.130.0-255,4713,15526,64,257979
12238,0.000101,172.31.40.0-255,66,15592,64,257979
12239,0.000144,172.31.40.0-255,66,15658,64,257979
12240,0.000216,74.125.130.0-255,5379,21037,64,257979
12241,0.000218,172.31.40.0-255,66,21103,64,257979
12242,0.000262,74.125.130.0-255,1484,22587,64,257979
12243,0.000265,172.31.40.0-255,66,22653,64,257979
12244,0.000293,74.125.130.0-255,2902,25555,64,257979
12245,0.000296,172.31.40.0-255,66,25621,64,257979
12246,0.000303,74.125.130.0-255,5738,31359,64,257979
12247,0.000305,172.31.40.0-255,66,31425,64,257979
12248,0.000361,74.125.130.0-255,6797,38222,64,257979
12249,0.000364,172.31.40.0-255,66,38288,64,257979
12250,0.000422,74.125.130.0-255,7156,45444,64,257979
12251,0.000425,172.31.40.0-255,66,45510,64,257979
12252,0.000456,74.125.130.0-255,7156,52666,64,257979
12253,0.000458,172.31.40.0-255,66,52732,64,257979
12254,0.000547,74.125.130.0-255,2543,55275,64,257979
12255,0.000551,172.31.40.0-255,66,55341,64,257979
12256,0.000587,74.125.130.0-255,646,55987,64,257979
12257,0.00059,172.31.40.0-255,66,56053,64,257979
12258,0.000766,74.125.130.0-255,1484,57537,64,257979
12259,0.000773,74.125.130.0-255,2902,60439,64,257979
12260,0.000776,172.31.40.0-255,66,60505,64,257979
12261,0.000814,74.125.130.0-255,5738,66243,64,257979
12262,0.000817,172.31.40.0-255,66,66309,64,257979
12263,0.000847,74.125.130.0-255,4320,70629,64,257979
12264,0.00085,172.31.40.0-255,66,70695,64,257979
12265,0.000875,74.125.130.0-255,2902,73597,64,257979
12266,0.000879,172.31.40.0-255,66,73663,64,257979
12267,0.000902,74.125.130.0-255,1484,75147,64,257979
12268,0.000941,172.31.40.0-255,66,75213,64,257979
12269,0.001027,74.125.130.0-255,2184,77397,64,257979
12270,0.001031,172.31.40.0-255,66,77463,64,257979
12271,0.001252,74.125.130.0-255,1484,78947,64,257979
12272,0.001269,74.125.130.0-255,2902,81849,64,257979
12273,0.001273,172.31.40.0-255,66,81915,64,257979
12274,0.00128,74.125.130.0-255,5738,87653,64,257979
12275,0.001282,172.31.40.0-255,66,87719,64,257979
12276,0.001333,74.125.130.0-255,7156,94875,64,257979
12277,0.001336,172.31.40.0-255,66,94941,64,257979
12278,0.001386,74.125.130.0-255,1484,96425,64,257979
12279,0.001417,74.125.130.0-255,7156,103581,64,257979
12280,0.00142,172.31.40.0-255,66,103647,64,257979
12281,0.001476,74.125.130.0-255,7156,110803,64,257979
12282,0.001479,172.31.40.0-255,66,110869,64,257979
12283,0.001508,74.125.130.0-255,766,111635,64,257979
12284,0.00154,74.125.130.0-255,4320,115955,64,257979
12285,0.001543,172.31.40.0-255,66,116021,64,257979
12286,0.001576,74.125.130.0-255,4320,120341,64,257979
12287,0.001579,172.31.40.0-255,66,120407,64,257979
12288,0.00162,74.125.130.0-255,5738,126145,64,257979
12289,0.001623,172.31.40.0-255,66,126211,64,257979
12290,0.001687,172.31.40.0-255,66,126277,64,257979
12291,0.001717,74.125.130.0-255,4320,130597,64,257979
12292,0.00172,172.31.40.0-255,66,130663,64,257979
12293,0.001816,74.125.130.0-255,3602,134265,64,257979
12294,0.00182,172.31.40.0-255,66,134331,64,257979
12295,0.00185,74.125.130.0-255,4320,138651,64,257979
12296,0.001854,172.31.40.0-255,66,138717,64,257979
12297,0.001884,74.125.130.0-255,7156,145873,64,257979
12298,0.001887,172.31.40.0-255,66,145939,64,257979
12299,0.001914,74.125.130.0-255,2902,148841,64,257979
12300,0.001918,172.31.40.0-255,66,148907,64,257979
12301,0.001987,172.31.40.0-255,66,148973,64,257979
12302,0.002021,172.31.40.0-255,66,149039,64,257979
12303,0.004101,74.125.130.0-255,5738,154777,64,257979
12304,0.004108,172.31.40.0-255,66,154843,64,257979
12305,0.006177,74.125.130.0-255,5738,160581,64,257979
12306,0.00618,172.31.40.0-255,66,160647,64,257979
12307,0.008263,74.125.130.0-255,5738,166385,64,257979
12308,0.008269,172.31.40.0-255,66,166451,64,257979
12309,0.010392,74.125.130.0-255,5738,172189,64,257979
12310,0.010399,172.31.40.0-255,66,172255,64,257979
12311,0.012479,74.125.130.0-255,5738,177993,64,257979
12312,0.012488,172.31.40.0-255,66,178059,64,257979
12313,0.014567,74.125.130.0-255,5738,183797,64,257979
12314,0.014574,172.31.40.0-255,66,183863,64,257979
12315,0.016648,74.125.130.0-255,5738,189601,64,257979
12316,0.016658,172.31.40.0-255,66,189667,64,257979
12317,0.018739,74.125.130.0-255,5738,195405,64,257979
12318,0.018747,172.31.40.0-255,66,195471,64,257979
12319,0.020829,74.125.130.0-255,5738,201209,64,257979
12320,0.020836,172.31.40.0-255,66,201275,64,257979
12321,0.022912,74.125.130.0-255,5738,207013,64,257979
12322,0.022919,172.31.40.0-255,66,207079,64,257979
12323,0.02499,74.125.130.0-255,5738,212817,64,257979
12324,0.024997,172.31.40.0-255,66,212883,64,257979
12325,0.027073,74.125.130.0-255,5738,218621,64,257979
12326,0.027082,172.31.40.0-255,66,218687,64,257979
12327,0.029163,74.125.130.0-255,5738,224425,64,257979
12328,0.029169,172.31.40.0-255,66,224491,64,257979
12329,0.031219,172.31.40.0-255,172,224663,64,257979
12330,0.031249,74.125.130.0-255,5738,230401,64,257979
12331,0.031254,172.31.40.0-255,66,230467,64,257979
12332,0.031291,172.31.40.0-255,1112,231579,64,257979
12333,0.031348,172.31.40.0-255,1514,233093,64,257979
12334,0.03135,172.31.40.0-255,1298,234391,64,257979
12335,0.032712,104.244.42.0-255,66,234457,64,257979
12336,0.032799,104.244.42.0-255,66,234523,64,257979
12337,0.032857,104.244.42.0-255,66,234589,64,257979
12338,0.033341,74.125.130.0-255,5738,240327,64,257979
12339,0.033347,172.31.40.0-255,66,240393,64,257979
12340,0.033579,104.244.42.0-255,108,240501,64,257979
12341,0.033587,172.31.40.0-255,66,240567,64,257979
12342,0.035428,74.125.130.0-255,5738,246305,64,257979
12343,0.035433,172.31.40.0-255,66,246371,64,257979
12344,0.037529,74.125.130.0-255,5738,252109,64,257979
12345,0.037536,172.31.40.0-255,66,252175,64,257979
12346,0.039613,74.125.130.0-255,5738,257913,64,257979
12347,0.039623,172.31.40.0-255,66,257979,64,257979
12348,0.0,74.125.68.0-255,153,153,64,271164
12349,2.2e-05,172.31.40.0-255,66,219,64,271164
12350,5.9e-05,74.125.68.0-255,1484,1703,64,271164
12351,6.5e-05,172.31.40.0-255,66,1769,64,271164
12352,7.1e-05,74.125.68.0-255,2902,4671,64,271164
12353,7.5e-05,172.31.40.0-255,66,4737,64,271164
12354,8.2e-05,74.125.68.0-255,5738,10475,64,271164
12355,8.5e-05,172.31.40.0-255,66,10541,64,271164
12356,9e-05,74.125.68.0-255,3519,14060,64,271164
12357,9.3e-05,172.31.40.0-255,66,14126,64,271164
12358,0.00012,74.125.68.0-255,1484,15610,64,271164
12359,0.000123,172.31.40.0-255,66,15676,64,271164
12360,0.000127,74.125.68.0-255,1484,17160,64,271164
12361,0.000129,172.31.40.0-255,66,17226,64,271164
12362,0.000149,74.125.68.0-255,1484,18710,64,271164
12363,0.000152,172.31.40.0-255,66,18776,64,271164
12364,0.000163,74.125.68.0-255,5738,24514,64,271164
12365,0.000166,172.31.40.0-255,66,24580,64,271164
12366,0.000208,74.125.68.0-255,6797,31377,64,271164
12367,0.000211,172.31.40.0-255,66,31443,64,271164
12368,0.000336,74.125.68.0-255,1484,32927,64,271164
12369,0.000339,172.31.40.0-255,66,32993,64,271164
12370,0.000367,74.125.68.0-255,2902,35895,64,271164
12371,0.00037,172.31.40.0-255,66,35961,64,271164
12372,0.000377,74.125.68.0-255,5738,41699,64,271164
12373,0.000379,172.31.40.0-255,66,41765,64,271164
12374,0.000384,74.125.68.0-255,2902,44667,64,271164
12375,0.000386,172.31.40.0-255,66,44733,64,271164
12376,0.000389,74.125.68.0-255,1484,46217,64,271164
12377,0.000391,172.31.40.0-255,66,46283,64,271164
12378,0.000423,74.125.68.0-255,2543,48826,64,271164
12379,0.000426,172.31.40.0-255,66,48892,64,271164
12380,0.000722,74.125.68.0-255,1484,50376,64,271164
12381,0.000727,74.125.68.0-255,1484,51860,64,271164
12382,0.00073,172.31.40.0-255,66,51926,64,271164
12383,0.000752,74.125.68.0-255,2902,54828,64,271164
12384,0.000754,172.31.40.0-255,66,54894,64,271164
12385,0.000762,74.125.68.0-255,5738,60632,64,271164
12386,0.000764,172.31.40.0-255,66,60698,64,271164
12387,0.000781,74.125.68.0-255,1484,62182,64,271164
12388,0.000799,74.125.68.0-255,2902,65084,64,271164
12389,0.000802,172.31.40.0-255,66,65150,64,271164
12390,0.000847,74.125.68.0-255,1449,66599,64,271164
12391,0.00092,74.125.68.0-255,1484,68083,64,271164
12392,0.000924,172.31.40.0-255,66,68149,64,271164
12393,0.000966,74.125.68.0-255,2902,71051,64,271164
12394,0.000969,172.31.40.0-255,66,71117,64,271164
12395,0.000972,74.125.68.0-255,1484,72601,64,271164
12396,0.001001,74.125.68.0-255,2902,75503,64,271164
12397,0.001004,172.31.40.0-255,66,75569,64,271164
12398,0.001011,74.125.68.0-255,5738,81307,64,271164
12399,0.001013,172.31.40.0-255,66,81373,64,271164
12400,0.001016,74.125.68.0-255,1484,82857,64,271164
12401,0.001042,74.125.68.0-255,5379,88236,64,271164
12402,0.001045,172.31.40.0-255,66,88302,64,271164
12403,0.00105,74.125.68.0-255,4320,92622,64,271164
12404,0.001052,172.31.40.0-255,66,92688,64,271164
12405,0.001079,74.125.68.0-255,1484,94172,64,271164
12406,0.001094,74.125.68.0-255,4320,98492,64,271164
12407,0.001097,172.31.40.0-255,66,98558,64,271164
12408,0.001133,74.125.68.0-255,2543,101101,64,271164
12409,0.001135,172.31.40.0-255,66,101167,64,271164
12410,0.001418,74.125.68.0-255,1484,102651,64,271164
12411,0.001472,74.125.68.0-255,2902,105553,64,271164
12412,0.001477,172.31.40.0-255,66,105619,64,271164
12413,0.001501,74.125.68.0-255,1484,107103,64,271164
12414,0.001537,74.125.68.0-255,2902,110005,64,271164
12415,0.001541,172.31.40.0-255,66,110071,64,271164
12416,0.001544,74.125.68.0-255,1484,111555,64,271164
12417,0.001576,74.125.68.0-255,2902,114457,64,271164
12418,0.001579,172.31.40.0-255,66,114523,64,271164
12419,0.001643,74.125.68.0-255,1484,116007,64,271164
12420,0.001649,74.125.68.0-255,2902,118909,64,271164
12421,0.001651,172.31.40.0-255,66,118975,64,271164
12422,0.001677,74.125.68.0-255,1484,120459,64,271164
12423,0.001702,74.125.68.0-255,2902,123361,64,271164
12424,0.001706,172.31.40.0-255,66,123427,64,271164
12425,0.001719,74.125.68.0-255,1484,124911,64,271164
12426,0.001722,74.125.68.0-255,1484,126395,64,271164
12427,0.001728,172.31.40.0-255,66,126461,64,271164
12428,0.001733,74.125.68.0-255,2902,129363,64,271164
12429,0.001735,172.31.40.0-255,66,129429,64,271164
12430,0.001742,74.125.68.0-255,5738,135167,64,271164
12431,0.001744,172.31.40.0-255,66,135233,64,271164
12432,0.001747,74.125.68.0-255,766,135999,64,271164
12433,0.002061,74.125.68.0-255,1484,137483,64,271164
12434,0.002065,172.31.40.0-255,66,137549,64,271164
12435,0.002071,74.125.68.0-255,2902,140451,64,271164
12436,0.002073,172.31.40.0-255,66,140517,64,271164
12437,0.002084,74.125.68.0-255,4320,144837,64,271164
12438,0.002086,172.31.40.0-255,66,144903,64,271164
12439,0.002108,74.125.68.0-255,1484,146387,64,271164
12440,0.002115,74.125.68.0-255,5738,152125,64,271164
12441,0.002117,172.31.40.0-255,66,152191,64,271164
12442,0.002159,74.125.68.0-255,1484,153675,64,271164
12443,0.002173,172.31.40.0-255,66,153741,64,271164
12444,0.002184,172.31.40.0-255,66,153807,64,271164
12445,0.00227,74.125.68.0-255,1484,155291,64,271164
12446,0.002276,74.125.68.0-255,2902,158193,64,271164
12447,0.002278,172.31.40.0-255,66,158259,64,271164
12448,0.002306,74.125.68.0-255,5738,163997,64,271164
12449,0.002309,172.31.40.0-255,66,164063,64,271164
12450,0.002316,74.125.68.0-255,5738,169801,64,271164
12451,0.002318,172.31.40.0-255,66,169867,64,271164
12452,0.002343,74.125.68.0-255,5738,175605,64,271164
12453,0.002346,172.31.40.0-255,66,175671,64,271164
12454,0.002366,74.125.68.0-255,1484,177155,64,271164
12455,0.004642,74.125.68.0-255,4320,181475,64,271164
12456,0.004649,172.31.40.0-255,66,181541,64,271164
12457,0.006939,74.125.68.0-255,5738,187279,64,271164
12458,0.006945,172.31.40.0-255,66,187345,64,271164
12459,0.009237,74.125.68.0-255,5738,193083,64,271164
12460,0.009241,172.31.40.0-255,66,193149,64,271164
12461,0.011534,74.125.68.0-255,5738,198887,64,271164
12462,0.011541,172.31.40.0-255,66,198953,64,271164
12463,0.013833,74.125.68.0-255,5738,204691,64,271164
12464,0.013842,172.31.40.0-255,66,204757,64,271164
12465,0.016139,74.125.68.0-255,5738,210495,64,271164
12466,0.016148,172.31.40.0-255,66,210561,64,271164
12467,0.018454,74.125.68.0-255,5738,216299,64,271164
12468,0.018463,172.31.40.0-255,66,216365,64,271164
12469,0.02075,74.125.68.0-255,5738,222103,64,271164
12470,0.020758,172.31.40.0-255,66,222169,64,271164
12471,0.023063,74.125.68.0-255,5738,227907,64,271164
12472,0.023069,172.31.40.0-255,66,227973,64,271164
12473,0.025363,74.125.68.0-255,5738,233711,64,271164
12474,0.02537,172.31.40.0-255,66,233777,64,271164
12475,0.027719,74.125.68.0-255,5738,239515,64,271164
12476,0.02773,172.31.40.0-255,66,239581,64,271164
12477,0.030024,74.125.68.0-255,4320,243901,64,271164
12478,0.030031,172.31.40.0-255,66,243967,64,271164
12479,0.030061,74.125.68.0-255,1484,245451,64,271164
12480,0.032324,74.125.68.0-255,2902,248353,64,271164
12481,0.032332,172.31.40.0-255,66,248419,64,271164
12482,0.032361,74.125.68.0-255,1484,249903,64,271164
12483,0.032606,172.31.40.0-255,167,250070,64,271164
12484,0.032636,172.31.40.0-255,1110,251180,64,271164
12485,0.032694,172.31.40.0-255,1514,252694,64,271164
12486,0.032715,172.31.40.0-255,1514,254208,64,271164
12487,0.032718,172.31.40.0-255,698,254906,64,271164
12488,0.034181,104.244.42.0-255,66,254972,64,271164
12489,0.03419,104.244.42.0-255,66,255038,64,271164
12490,0.034267,104.244.42.0-255,66,255104,64,271164
12491,0.034282,104.244.42.0-255,66,255170,64,271164
12492,0.034624,74.125.68.0-255,4320,259490,64,271164
12493,0.034629,172.31.40.0-255,66,259556,64,271164
12494,0.036932,74.125.68.0-255,5738,265294,64,271164
12495,0.036939,172.31.40.0-255,66,265360,64,271164
12496,0.039225,74.125.68.0-255,5738,271098,64,271164
12497,0.039232,172.31.40.0-255,66,271164,64,271164
12498,0.0,74.125.68.0-255,301,301,64,183588
12499,2.1e-05,172.31.40.0-255,66,367,64,183588
12500,2.8e-05,74.125.68.0-255,1484,1851,64,183588
12501,3.3e-05,172.31.40.0-255,66,1917,64,183588
12502,4e-05,74.125.68.0-255,4320,6237,64,183588
12503,4.2e-05,172.31.40.0-255,66,6303,64,183588
12504,4.8e-05,74.125.68.0-255,4320,10623,64,183588
12505,5e-05,172.31.40.0-255,66,10689,64,183588
12506,7.3e-05,74.125.68.0-255,1484,12173,64,183588
12507,7.5e-05,172.31.40.0-255,66,12239,64,183588
12508,0.000106,74.125.68.0-255,1868,14107,64,183588
12509,0.000109,172.31.40.0-255,66,14173,64,183588
12510,0.000114,74.125.68.0-255,2902,17075,64,183588
12511,0.000116,172.31.40.0-255,66,17141,64,183588
12512,0.000139,74.125.68.0-255,4320,21461,64,183588
12513,0.000141,172.31.40.0-255,66,21527,64,183588
12514,0.000159,74.125.68.0-255,2902,24429,64,183588
12515,0.000161,172.31.40.0-255,66,24495,64,183588
12516,0.000165,74.125.68.0-255,2902,27397,64,183588
12517,0.000167,172.31.40.0-255,66,27463,64,183588
12518,0.000204,74.125.68.0-255,3961,31424,64,183588
12519,0.000207,172.31.40.0-255,66,31490,64,183588
12520,0.000257,74.125.68.0-255,1484,32974,64,183588
12521,0.00026,172.31.40.0-255,66,33040,64,183588
12522,0.000272,74.125.68.0-255,2902,35942,64,183588
12523,0.000274,172.31.40.0-255,66,36008,64,183588
12524,0.000304,74.125.68.0-255,5738,41746,64,183588
12525,0.000307,172.31.40.0-255,66,41812,64,183588
12526,0.000313,74.125.68.0-255,4320,46132,64,183588
12527,0.000314,172.31.40.0-255,66,46198,64,183588
12528,0.000329,74.125.68.0-255,4320,50518,64,183588
12529,0.000331,172.31.40.0-255,66,50584,64,183588
12530,0.000348,74.125.68.0-255,1125,51709,64,183588
12531,0.000365,74.125.68.0-255,2902,54611,64,183588
12532,0.000367,172.31.40.0-255,66,54677,64,183588
12533,0.000385,74.125.68.0-255,7156,61833,64,183588
12534,0.000388,172.31.40.0-255,66,61899,64,183588
12535,0.0004,74.125.68.0-255,1484,63383,64,183588
12536,0.000415,74.125.68.0-255,2855,66238,64,183588
12537,0.000418,172.31.40.0-255,66,66304,64,183588
12538,0.000551,74.125.68.0-255,108,66412,64,183588
12539,0.000555,74.125.68.0-255,332,66744,64,183588
12540,0.001104,172.31.40.0-255,66,66810,64,183588
12541,0.001207,74.125.68.0-255,1484,68294,64,183588
12542,0.001226,74.125.68.0-255,2902,71196,64,183588
12543,0.001229,172.31.40.0-255,66,71262,64,183588
12544,0.001235,74.125.68.0-255,2902,74164,64,183588
12545,0.001237,172.31.40.0-255,66,74230,64,183588
12546,0.00125,74.125.68.0-255,2902,77132,64,183588
12547,0.001252,172.31.40.0-255,66,77198,64,183588
12548,0.001268,74.125.68.0-255,1484,78682,64,183588
12549,0.001283,74.125.68.0-255,4320,83002,64,183588
12550,0.001285,172.31.40.0-255,66,83068,64,183588
12551,0.001301,74.125.68.0-255,4320,87388,64,183588
12552,0.001303,172.31.40.0-255,66,87454,64,183588
12553,0.00131,74.125.68.0-255,5738,93192,64,183588
12554,0.001312,172.31.40.0-255,66,93258,64,183588
12555,0.001354,172.31.40.0-255,66,93324,64,183588
12556,0.003764,74.125.68.0-255,5738,99062,64,183588
12557,0.003772,172.31.40.0-255,66,99128,64,183588
12558,0.006199,74.125.68.0-255,2902,102030,64,183588
12559,0.006203,172.31.40.0-255,66,102096,64,183588
12560,0.006217,74.125.68.0-255,2902,104998,64,183588
12561,0.006219,172.31.40.0-255,66,105064,64,183588
12562,0.008624,74.125.68.0-255,2902,107966,64,183588
12563,0.008631,172.31.40.0-255,66,108032,64,183588
12564,0.008652,74.125.68.0-255,2902,110934,64,183588
12565,0.008655,172.31.40.0-255,66,111000,64,183588
12566,0.011082,74.125.68.0-255,4320,115320,64,183588
12567,0.01109,172.31.40.0-255,66,115386,64,183588
12568,0.01111,74.125.68.0-255,1484,116870,64,183588
12569,0.013514,74.125.68.0-255,4320,121190,64,183588
12570,0.013523,172.31.40.0-255,66,121256,64,183588
12571,0.015947,74.125.68.0-255,5738,126994,64,183588
12572,0.015955,172.31.40.0-255,66,127060,64,183588
12573,0.018374,74.125.68.0-255,5738,132798,64,183588
12574,0.018381,172.31.40.0-255,66,132864,64,183588
12575,0.020812,74.125.68.0-255,5738,138602,64,183588
12576,0.02082,172.31.40.0-255,66,138668,64,183588
12577,0.023247,74.125.68.0-255,5738,144406,64,183588
12578,0.023255,172.31.40.0-255,66,144472,64,183588
12579,0.025702,74.125.68.0-255,5738,150210,64,183588
12580,0.025709,172.31.40.0-255,66,150276,64,183588
12581,0.026939,172.31.40.0-255,172,150448,64,183588
12582,0.026971,172.31.40.0-255,1110,151558,64,183588
12583,0.027027,172.31.40.0-255,1514,153072,64,183588
12584,0.027029,172.31.40.0-255,1298,154370,64,183588
12585,0.028141,74.125.68.0-255,5738,160108,64,183588
12586,0.028146,172.31.40.0-255,66,160174,64,183588
12587,0.028554,104.244.42.0-255,66,160240,64,183588
12588,0.028649,104.244.42.0-255,66,160306,64,183588
12589,0.0287,104.244.42.0-255,66,160372,64,183588
12590,0.030579,74.125.68.0-255,5738,166110,64,183588
12591,0.030584,172.31.40.0-255,66,166176,64,183588
12592,0.03301,74.125.68.0-255,5738,171914,64,183588
12593,0.033019,172.31.40.0-255,66,171980,64,183588
12594,0.035449,74.125.68.0-255,5738,177718,64,183588
12595,0.035459,172.31.40.0-255,66,177784,64,183588
12596,0.037901,74.125.68.0-255,5738,183522,64,183588
12597,0.037907,172.31.40.0-255,66,183588,64,183588
12598,0.0,142.250.4.0-255,152,152,64,202866
12599,2e-05,172.31.40.0-255,66,218,64,202866
12600,2.6e-05,142.250.4.0-255,1484,1702,64,202866
12601,3.2e-05,172.31.40.0-255,66,1768,64,202866
12602,3.7e-05,142.250.4.0-255,2902,4670,64,202866
12603,4e-05,172.31.40.0-255,66,4736,64,202866
12604,5.3e-05,142.250.4.0-255,5738,10474,64,202866
12605,5.6e-05,172.31.40.0-255,66,10540,64,202866
12606,0.000101,142.250.4.0-255,3474,14014,64,202866
12607,0.000104,172.31.40.0-255,66,14080,64,202866
12608,0.000109,142.250.4.0-255,2902,16982,64,202866
12609,0.000112,172.31.40.0-255,66,17048,64,202866
12610,0.000135,142.250.4.0-255,1484,18532,64,202866
12611,0.000137,172.31.40.0-255,66,18598,64,202866
12612,0.000144,142.250.4.0-255,5738,24336,64,202866
12613,0.000146,172.31.40.0-255,66,24402,64,202866
12614,0.000175,142.250.4.0-255,4320,28722,64,202866
12615,0.000181,172.31.40.0-255,66,28788,64,202866
12616,0.000186,142.250.4.0-255,2543,31331,64,202866
12617,0.000188,172.31.40.0-255,66,31397,64,202866
12618,0.000315,142.250.4.0-255,1484,32881,64,202866
12619,0.000321,172.31.40.0-255,66,32947,64,202866
12620,0.000326,142.250.4.0-255,2902,35849,64,202866
12621,0.000328,172.31.40.0-255,66,35915,64,202866
12622,0.000334,142.250.4.0-255,5738,41653,64,202866
12623,0.000337,172.31.40.0-255,66,41719,64,202866
12624,0.000347,142.250.4.0-255,4320,46039,64,202866
12625,0.000349,172.31.40.0-255,66,46105,64,202866
12626,0.000414,172.31.40.0-255,66,46171,64,202866
12627,0.000421,142.250.4.0-255,7110,53281,64,202866
12628,0.000424,172.31.40.0-255,66,53347,64,202866
12629,0.000427,142.250.4.0-255,107,53454,64,202866
12630,0.000436,142.250.4.0-255,332,53786,64,202866
12631,0.001056,172.31.40.0-255,66,53852,64,202866
12632,0.001547,142.250.4.0-255,1484,55336,64,202866
12633,0.001556,142.250.4.0-255,2902,58238,64,202866
12634,0.001561,172.31.40.0-255,66,58304,64,202866
12635,0.001569,142.250.4.0-255,5738,64042,64,202866
12636,0.001571,172.31.40.0-255,66,64108,64,202866
12637,0.001611,172.31.40.0-255,66,64174,64,202866
12638,0.001617,142.250.4.0-255,5738,69912,64,202866
12639,0.00162,172.31.40.0-255,66,69978,64,202866
12640,0.001647,142.250.4.0-255,5020,74998,64,202866
12641,0.001656,172.31.40.0-255,66,75064,64,202866
12642,0.001763,142.250.4.0-255,1484,76548,64,202866
12643,0.001769,142.250.4.0-255,2902,79450,64,202866
12644,0.001772,172.31.40.0-255,66,79516,64,202866
12645,0.00178,142.250.4.0-255,5738,85254,64,202866
12646,0.001782,172.31.40.0-255,66,85320,64,202866
12647,0.001802,142.250.4.0-255,5738,91058,64,202866
12648,0.001804,172.31.40.0-255,66,91124,64,202866
12649,0.001841,142.250.4.0-255,7156,98280,64,202866
12650,0.001863,172.31.40.0-255,66,98346,64,202866
12651,0.001872,142.250.4.0-255,2184,100530,64,202866
12652,0.001882,172.31.40.0-255,66,100596,64,202866
12653,0.003978,142.250.4.0-255,2902,103498,64,202866
12654,0.003986,172.31.40.0-255,66,103564,64,202866
12655,0.00402,142.250.4.0-255,2902,106466,64,202866
12656,0.004023,172.31.40.0-255,66,106532,64,202866
12657,0.006104,142.250.4.0-255,2902,109434,64,202866
12658,0.006108,172.31.40.0-255,66,109500,64,202866
12659,0.006133,142.250.4.0-255,2902,112402,64,202866
12660,0.006136,172.31.40.0-255,66,112468,64,202866
12661,0.008231,142.250.4.0-255,2902,115370,64,202866
12662,0.008238,172.31.40.0-255,66,115436,64,202866
12663,0.00827,142.250.4.0-255,2902,118338,64,202866
12664,0.008273,172.31.40.0-255,66,118404,64,202866
12665,0.010347,142.250.4.0-255,2902,121306,64,202866
12666,0.010355,172.31.40.0-255,66,121372,64,202866
12667,0.010385,142.250.4.0-255,2902,124274,64,202866
12668,0.010388,172.31.40.0-255,66,124340,64,202866
12669,0.012494,142.250.4.0-255,2902,127242,64,202866
12670,0.012502,172.31.40.0-255,66,127308,64,202866
12671,0.012537,142.250.4.0-255,2902,130210,64,202866
12672,0.012539,172.31.40.0-255,66,130276,64,202866
12673,0.014646,142.250.4.0-255,5738,136014,64,202866
12674,0.014652,172.31.40.0-255,66,136080,64,202866
12675,0.016787,142.250.4.0-255,5738,141818,64,202866
12676,0.016793,172.31.40.0-255,66,141884,64,202866
12677,0.018933,142.250.4.0-255,5738,147622,64,202866
12678,0.01894,172.31.40.0-255,66,147688,64,202866
12679,0.02111,142.250.4.0-255,5738,153426,64,202866
12680,0.02112,172.31.40.0-255,66,153492,64,202866
12681,0.023277,142.250.4.0-255,5738,159230,64,202866
12682,0.023286,172.31.40.0-255,66,159296,64,202866
12683,0.025419,142.250.4.0-255,5738,165034,64,202866
12684,0.025427,172.31.40.0-255,66,165100,64,202866
12685,0.027266,172.31.40.0-255,172,165272,64,202866
12686,0.027296,172.31.40.0-255,1108,166380,64,202866
12687,0.027463,172.31.40.0-255,1514,167894,64,202866
12688,0.027465,172.31.40.0-255,1302,169196,64,202866
12689,0.02757,142.250.4.0-255,4320,173516,64,202866
12690,0.027576,172.31.40.0-255,66,173582,64,202866
12691,0.027606,142.250.4.0-255,1484,175066,64,202866
12692,0.028907,104.244.42.0-255,66,175132,64,202866
12693,0.028946,104.244.42.0-255,66,175198,64,202866
12694,0.029146,104.244.42.0-255,66,175264,64,202866
12695,0.02974,142.250.4.0-255,4320,179584,64,202866
12696,0.029747,172.31.40.0-255,66,179650,64,202866
12697,0.031882,142.250.4.0-255,5738,185388,64,202866
12698,0.031889,172.31.40.0-255,66,185454,64,202866
12699,0.034061,142.250.4.0-255,5738,191192,64,202866
12700,0.034067,172.31.40.0-255,66,191258,64,202866
12701,0.036253,142.250.4.0-255,5738,196996,64,202866
12702,0.03626,172.31.40.0-255,66,197062,64,202866
12703,0.038407,142.250.4.0-255,5738,202800,64,202866
12704,0.038413,172.31.40.0-255,66,202866,64,202866
12705,0.0,74.125.130.0-255,146,146,64,268302
12706,2e-05,172.31.40.0-255,66,212,64,268302
12707,2.7e-05,74.125.130.0-255,1484,1696,64,268302
12708,3.2e-05,172.31.40.0-255,66,1762,64,268302
12709,3.8e-05,74.125.130.0-255,2902,4664,64,268302
12710,4.2e-05,172.31.40.0-255,66,4730,64,268302
12711,7.2e-05,74.125.130.0-255,7156,11886,64,268302
12712,7.5e-05,172.31.40.0-255,66,11952,64,268302
12713,0.000113,74.125.130.0-255,2066,14018,64,268302
12714,0.000115,172.31.40.0-255,66,14084,64,268302
12715,0.000138,74.125.130.0-255,2902,16986,64,268302
12716,0.000141,172.31.40.0-255,66,17052,64,268302
12717,0.00016,74.125.130.0-255,1484,18536,64,268302
12718,0.000163,172.31.40.0-255,66,18602,64,268302
12719,0.000175,74.125.130.0-255,2902,21504,64,268302
12720,0.000178,172.31.40.0-255,66,21570,64,268302
12721,0.000201,74.125.130.0-255,5738,27308,64,268302
12722,0.000204,172.31.40.0-255,66,27374,64,268302
12723,0.000207,74.125.130.0-255,1484,28858,64,268302
12724,0.000209,172.31.40.0-255,66,28924,64,268302
12725,0.000227,74.125.130.0-255,2543,31467,64,268302
12726,0.00023,172.31.40.0-255,66,31533,64,268302
12727,0.000465,74.125.130.0-255,1484,33017,64,268302
12728,0.000469,172.31.40.0-255,66,33083,64,268302
12729,0.000474,74.125.130.0-255,2902,35985,64,268302
12730,0.000477,172.31.40.0-255,66,36051,64,268302
12731,0.000527,74.125.130.0-255,1484,37535,64,268302
12732,0.00053,172.31.40.0-255,66,37601,64,268302
12733,0.000549,74.125.130.0-255,1484,39085,64,268302
12734,0.000551,172.31.40.0-255,66,39151,64,268302
12735,0.000558,74.125.130.0-255,4320,43471,64,268302
12736,0.00056,172.31.40.0-255,66,43537,64,268302
12737,0.000565,74.125.130.0-255,2902,46439,64,268302
12738,0.000568,172.31.40.0-255,66,46505,64,268302
12739,0.000596,74.125.130.0-255,3961,50466,64,268302
12740,0.000599,172.31.40.0-255,66,50532,64,268302
12741,0.000619,74.125.130.0-255,2902,53434,64,268302
12742,0.000621,172.31.40.0-255,66,53500,64,268302
12743,0.00064,74.125.130.0-255,1484,54984,64,268302
12744,0.000647,74.125.130.0-255,5738,60722,64,268302
12745,0.00065,172.31.40.0-255,66,60788,64,268302
12746,0.000676,74.125.130.0-255,5379,66167,64,268302
12747,0.000679,172.31.40.0-255,66,66233,64,268302
12748,0.000916,74.125.130.0-255,645,66878,64,268302
12749,0.00102,74.125.130.0-255,1484,68362,64,268302
12750,0.001023,172.31.40.0-255,66,68428,64,268302
12751,0.001048,74.125.130.0-255,2902,71330,64,268302
12752,0.001051,172.31.40.0-255,66,71396,64,268302
12753,0.001057,74.125.130.0-255,5738,77134,64,268302
12754,0.00106,172.31.40.0-255,66,77200,64,268302
12755,0.001062,74.125.130.0-255,1484,78684,64,268302
12756,0.001086,74.125.130.0-255,2902,81586,64,268302
12757,0.001088,172.31.40.0-255,66,81652,64,268302
12758,0.001095,74.125.130.0-255,5738,87390,64,268302
12759,0.001098,172.31.40.0-255,66,87456,64,268302
12760,0.00112,74.125.130.0-255,2902,90358,64,268302
12761,0.001123,172.31.40.0-255,66,90424,64,268302
12762,0.001157,172.31.40.0-255,66,90490,64,268302
12763,0.001161,74.125.130.0-255,2184,92674,64,268302
12764,0.001164,172.31.40.0-255,66,92740,64,268302
12765,0.001331,74.125.130.0-255,1484,94224,64,268302
12766,0.001346,74.125.130.0-255,2902,97126,64,268302
12767,0.00135,172.31.40.0-255,66,97192,64,268302
12768,0.001353,74.125.130.0-255,1484,98676,64,268302
12769,0.001369,74.125.130.0-255,4320,102996,64,268302
12770,0.001372,172.31.40.0-255,66,103062,64,268302
12771,0.001375,74.125.130.0-255,1484,104546,64,268302
12772,0.00138,74.125.130.0-255,2902,107448,64,268302
12773,0.001382,172.31.40.0-255,66,107514,64,268302
12774,0.001409,74.125.130.0-255,5738,113252,64,268302
12775,0.001412,172.31.40.0-255,66,113318,64,268302
12776,0.001436,74.125.130.0-255,5738,119056,64,268302
12777,0.001439,172.31.40.0-255,66,119122,64,268302
12778,0.001491,74.125.130.0-255,7156,126278,64,268302
12779,0.001494,172.31.40.0-255,66,126344,64,268302
12780,0.001497,74.125.130.0-255,218,126562,64,268302
12781,0.001621,74.125.130.0-255,1484,128046,64,268302
12782,0.001624,172.31.40.0-255,66,128112,64,268302
12783,0.001639,74.125.130.0-255,2902,131014,64,268302
12784,0.001641,172.31.40.0-255,66,131080,64,268302
12785,0.001664,74.125.130.0-255,5738,136818,64,268302
12786,0.001667,172.31.40.0-255,66,136884,64,268302
12787,0.00168,74.125.130.0-255,2902,139786,64,268302
12788,0.001682,172.31.40.0-255,66,139852,64,268302
12789,0.001703,74.125.130.0-255,1484,141336,64,268302
12790,0.001726,74.125.130.0-255,5738,147074,64,268302
12791,0.001729,172.31.40.0-255,66,147140,64,268302
12792,0.001733,74.125.130.0-255,2902,150042,64,268302
12793,0.001735,172.31.40.0-255,66,150108,64,268302
12794,0.00175,74.125.130.0-255,2902,153010,64,268302
12795,0.001753,172.31.40.0-255,66,153076,64,268302
12796,0.00177,74.125.130.0-255,1484,154560,64,268302
12797,0.001787,74.125.130.0-255,2902,157462,64,268302
12798,0.001789,172.31.40.0-255,66,157528,64,268302
12799,0.00181,74.125.130.0-255,3602,161130,64,268302
12800,0.001813,172.31.40.0-255,66,161196,64,268302
12801,0.003834,74.125.130.0-255,1484,162680,64,268302
12802,0.003854,74.125.130.0-255,4320,167000,64,268302
12803,0.003858,172.31.40.0-255,66,167066,64,268302
12804,0.005915,74.125.130.0-255,5738,172804,64,268302
12805,0.005922,172.31.40.0-255,66,172870,64,268302
12806,0.007992,74.125.130.0-255,4320,177190,64,268302
12807,0.007996,172.31.40.0-255,66,177256,64,268302
12808,0.008015,74.125.130.0-255,1484,178740,64,268302
12809,0.01005,74.125.130.0-255,4320,183060,64,268302
12810,0.010057,172.31.40.0-255,66,183126,64,268302
12811,0.012123,74.125.130.0-255,5738,188864,64,268302
12812,0.012131,172.31.40.0-255,66,188930,64,268302
12813,0.014186,74.125.130.0-255,5738,194668,64,268302
12814,0.014194,172.31.40.0-255,66,194734,64,268302
12815,0.016264,74.125.130.0-255,5738,200472,64,268302
12816,0.016275,172.31.40.0-255,66,200538,64,268302
12817,0.018334,74.125.130.0-255,5738,206276,64,268302
12818,0.018341,172.31.40.0-255,66,206342,64,268302
12819,0.020431,74.125.130.0-255,5738,212080,64,268302
12820,0.02044,172.31.40.0-255,66,212146,64,268302
12821,0.022514,74.125.130.0-255,5738,217884,64,268302
12822,0.022522,172.31.40.0-255,66,217950,64,268302
12823,0.024574,74.125.130.0-255,5738,223688,64,268302
12824,0.024582,172.31.40.0-255,66,223754,64,268302
12825,0.02664,74.125.130.0-255,5738,229492,64,268302
12826,0.026646,172.31.40.0-255,66,229558,64,268302
12827,0.028711,74.125.130.0-255,4320,233878,64,268302
12828,0.028718,172.31.40.0-255,66,233944,64,268302
12829,0.028738,74.125.130.0-255,1484,235428,64,268302
12830,0.02955,172.31.40.0-255,172,235600,64,268302
12831,0.029577,172.31.40.0-255,1110,236710,64,268302
12832,0.029628,172.31.40.0-255,1514,238224,64,268302
12833,0.02963,172.31.40.0-255,1514,239738,64,268302
12834,0.029654,172.31.40.0-255,698,240436,64,268302
12835,0.030779,74.125.130.0-255,4320,244756,64,268302
12836,0.03079,172.31.40.0-255,66,244822,64,268302
12837,0.031103,104.244.42.0-255,66,244888,64,268302
12838,0.03114,104.244.42.0-255,66,244954,64,268302
12839,0.031192,104.244.42.0-255,66,245020,64,268302
12840,0.031197,104.244.42.0-255,66,245086,64,268302
12841,0.032876,74.125.130.0-255,5738,250824,64,268302
12842,0.032883,172.31.40.0-255,66,250890,64,268302
12843,0.034944,74.125.130.0-255,5738,256628,64,268302
12844,0.034951,172.31.40.0-255,66,256694,64,268302
12845,0.037005,74.125.130.0-255,5738,262432,64,268302
12846,0.037012,172.31.40.0-255,66,262498,64,268302
12847,0.039082,74.125.130.0-255,5738,268236,64,268302
12848,0.039089,172.31.40.0-255,66,268302,64,268302
12849,0.0,74.125.24.0-255,146,146,64,262774
12850,2.4e-05,172.31.40.0-255,66,212,64,262774
12851,4.7e-05,74.125.24.0-255,1484,1696,64,262774
12852,5.2e-05,172.31.40.0-255,66,1762,64,262774
12853,6.7e-05,74.125.24.0-255,2902,4664,64,262774
12854,7.1e-05,172.31.40.0-255,66,4730,64,262774
12855,9.7e-05,74.125.24.0-255,2902,7632,64,262774
12856,0.0001,172.31.40.0-255,66,7698,64,262774
12857,0.000133,172.31.40.0-255,66,7764,64,262774
12858,0.000155,74.125.24.0-255,5738,13502,64,262774
12859,0.000158,172.31.40.0-255,66,13568,64,262774
12860,0.000184,74.125.24.0-255,2902,16470,64,262774
12861,0.000187,172.31.40.0-255,66,16536,64,262774
12862,0.0002,172.31.40.0-255,66,16602,64,262774
12863,0.000221,74.125.24.0-255,4320,20922,64,262774
12864,0.000223,172.31.40.0-255,66,20988,64,262774
12865,0.000242,74.125.24.0-255,6438,27426,64,262774
12866,0.000244,172.31.40.0-255,66,27492,64,262774
12867,0.000468,74.125.24.0-255,1484,28976,64,262774
12868,0.000473,172.31.40.0-255,66,29042,64,262774
12869,0.000479,74.125.24.0-255,2902,31944,64,262774
12870,0.000482,172.31.40.0-255,66,32010,64,262774
12871,0.000489,74.125.24.0-255,5738,37748,64,262774
12872,0.000491,172.31.40.0-255,66,37814,64,262774
12873,0.000496,74.125.24.0-255,4320,42134,64,262774
12874,0.000499,172.31.40.0-255,66,42200,64,262774
12875,0.000503,74.125.24.0-255,2902,45102,64,262774
12876,0.000506,172.31.40.0-255,66,45168,64,262774
12877,0.000538,172.31.40.0-255,66,45234,64,262774
12878,0.000545,74.125.24.0-255,5738,50972,64,262774
12879,0.000556,172.31.40.0-255,66,51038,64,262774
12880,0.000574,74.125.24.0-255,1705,52743,64,262774
12881,0.000602,172.31.40.0-255,66,52809,64,262774
12882,0.000793,74.125.24.0-255,1484,54293,64,262774
12883,0.000799,74.125.24.0-255,2902,57195,64,262774
12884,0.000811,74.125.24.0-255,2902,60097,64,262774
12885,0.000824,172.31.40.0-255,66,60163,64,262774
12886,0.000833,74.125.24.0-255,2902,63065,64,262774
12887,0.000837,74.125.24.0-255,2902,65967,64,262774
12888,0.000843,172.31.40.0-255,66,66033,64,262774
12889,0.000854,74.125.24.0-255,1484,67517,64,262774
12890,0.000868,74.125.24.0-255,4320,71837,64,262774
12891,0.000879,172.31.40.0-255,66,71903,64,262774
12892,0.000893,74.125.24.0-255,4320,76223,64,262774
12893,0.000918,74.125.24.0-255,2184,78407,64,262774
12894,0.000929,172.31.40.0-255,66,78473,64,262774
12895,0.001394,74.125.24.0-255,1484,79957,64,262774
12896,0.001409,74.125.24.0-255,2902,82859,64,262774
12897,0.001413,172.31.40.0-255,66,82925,64,262774
12898,0.001443,74.125.24.0-255,5738,88663,64,262774
12899,0.001446,172.31.40.0-255,66,88729,64,262774
12900,0.001488,74.125.24.0-255,2902,91631,64,262774
12901,0.001494,74.125.24.0-255,4320,95951,64,262774
12902,0.001503,74.125.24.0-255,5738,101689,64,262774
12903,0.001516,74.125.24.0-255,2902,104591,64,262774
12904,0.001522,74.125.24.0-255,4320,108911,64,262774
12905,0.001536,172.31.40.0-255,66,108977,64,262774
12906,0.001573,74.125.24.0-255,5738,114715,64,262774
12907,0.001581,172.31.40.0-255,66,114781,64,262774
12908,0.0016,74.125.24.0-255,6438,121219,64,262774
12909,0.001618,172.31.40.0-255,66,121285,64,262774
12910,0.001627,74.125.24.0-255,2902,124187,64,262774
12911,0.001632,74.125.24.0-255,5738,129925,64,262774
12912,0.001637,172.31.40.0-255,66,129991,64,262774
12913,0.001665,74.125.24.0-255,4320,134311,64,262774
12914,0.001674,172.31.40.0-255,66,134377,64,262774
12915,0.001708,74.125.24.0-255,2184,136561,64,262774
12916,0.001719,172.31.40.0-255,66,136627,64,262774
12917,0.002028,74.125.24.0-255,1484,138111,64,262774
12918,0.002046,74.125.24.0-255,2902,141013,64,262774
12919,0.00205,172.31.40.0-255,66,141079,64,262774
12920,0.002053,74.125.24.0-255,1484,142563,64,262774
12921,0.002074,74.125.24.0-255,4320,146883,64,262774
12922,0.002104,172.31.40.0-255,66,146949,64,262774
12923,0.002112,74.125.24.0-255,7156,154105,64,262774
12924,0.002124,74.125.24.0-255,3961,158066,64,262774
12925,0.002129,74.125.24.0-255,4320,162386,64,262774
12926,0.002132,172.31.40.0-255,66,162452,64,262774
12927,0.002154,172.31.40.0-255,66,162518,64,262774
12928,0.002179,74.125.24.0-255,2902,165420,64,262774
12929,0.002189,172.31.40.0-255,66,165486,64,262774
12930,0.002221,172.31.40.0-255,66,165552,64,262774
12931,0.00436,74.125.24.0-255,5738,171290,64,262774
12932,0.004367,172.31.40.0-255,66,171356,64,262774
12933,0.006491,74.125.24.0-255,2902,174258,64,262774
12934,0.006513,74.125.24.0-255,2902,177160,64,262774
12935,0.009046,172.31.40.0-255,66,177226,64,262774
12936,0.01119,74.125.24.0-255,5738,182964,64,262774
12937,0.0112,172.31.40.0-255,66,183030,64,262774
12938,0.013327,74.125.24.0-255,5738,188768,64,262774
12939,0.013826,172.31.40.0-255,66,188834,64,262774
12940,0.015973,74.125.24.0-255,5738,194572,64,262774
12941,0.015983,172.31.40.0-255,66,194638,64,262774
12942,0.018106,74.125.24.0-255,5738,200376,64,262774
12943,0.018114,172.31.40.0-255,66,200442,64,262774
12944,0.020264,74.125.24.0-255,5738,206180,64,262774
12945,0.020272,172.31.40.0-255,66,206246,64,262774
12946,0.022404,74.125.24.0-255,5738,211984,64,262774
12947,0.02241,172.31.40.0-255,66,212050,64,262774
12948,0.024541,74.125.24.0-255,5738,217788,64,262774
12949,0.024549,172.31.40.0-255,66,217854,64,262774
12950,0.026667,74.125.24.0-255,5738,223592,64,262774
12951,0.026674,172.31.40.0-255,66,223658,64,262774
12952,0.028821,74.125.24.0-255,5738,229396,64,262774
12953,0.028828,172.31.40.0-255,66,229462,64,262774
12954,0.030947,74.125.24.0-255,5738,235200,64,262774
12955,0.030954,172.31.40.0-255,66,235266,64,262774
12956,0.032225,172.31.40.0-255,172,235438,64,262774
12957,0.032259,172.31.40.0-255,1110,236548,64,262774
12958,0.032313,172.31.40.0-255,1514,238062,64,262774
12959,0.032314,172.31.40.0-255,1298,239360,64,262774
12960,0.033097,74.125.24.0-255,5738,245098,64,262774
12961,0.033104,172.31.40.0-255,66,245164,64,262774
12962,0.033879,104.244.42.0-255,66,245230,64,262774
12963,0.033935,104.244.42.0-255,66,245296,64,262774
12964,0.03397,104.244.42.0-255,66,245362,64,262774
12965,0.035257,74.125.24.0-255,5738,251100,64,262774
12966,0.035265,172.31.40.0-255,66,251166,64,262774
12967,0.0375,74.125.24.0-255,5738,256904,64,262774
12968,0.037507,172.31.40.0-255,66,256970,64,262774
12969,0.039626,74.125.24.0-255,5738,262708,64,262774
12970,0.039633,172.31.40.0-255,66,262774,64,262774
12971,0.0,172.217.194.0-255,153,153,64,280213
12972,2.3e-05,172.31.40.0-255,66,219,64,280213
12973,3.1e-05,172.217.194.0-255,1484,1703,64,280213
12974,3.5e-05,172.31.40.0-255,66,1769,64,280213
12975,4e-05,172.217.194.0-255,2902,4671,64,280213
12976,4.5e-05,172.31.40.0-255,66,4737,64,280213
12977,4.9e-05,172.217.194.0-255,2902,7639,64,280213
12978,5.3e-05,172.31.40.0-255,66,7705,64,280213
12979,9.9e-05,172.217.194.0-255,6357,14062,64,280213
12980,0.000102,172.31.40.0-255,66,14128,64,280213
12981,0.00013,172.217.194.0-255,1484,15612,64,280213
12982,0.000133,172.31.40.0-255,66,15678,64,280213
12983,0.000138,172.217.194.0-255,2902,18580,64,280213
12984,0.000141,172.31.40.0-255,66,18646,64,280213
12985,0.000159,172.217.194.0-255,5738,24384,64,280213
12986,0.000162,172.31.40.0-255,66,24450,64,280213
12987,0.000189,172.217.194.0-255,5738,30188,64,280213
12988,0.000192,172.31.40.0-255,66,30254,64,280213
12989,0.000211,172.217.194.0-255,1125,31379,64,280213
12990,0.000214,172.31.40.0-255,66,31445,64,280213
12991,0.000241,172.217.194.0-255,7156,38601,64,280213
12992,0.000244,172.31.40.0-255,66,38667,64,280213
12993,0.000251,172.217.194.0-255,7156,45823,64,280213
12994,0.000254,172.31.40.0-255,66,45889,64,280213
12995,0.000289,172.217.194.0-255,2543,48432,64,280213
12996,0.000291,172.31.40.0-255,66,48498,64,280213
12997,0.000429,172.217.194.0-255,1484,49982,64,280213
12998,0.000433,172.31.40.0-255,66,50048,64,280213
12999,0.000438,172.217.194.0-255,2902,52950,64,280213
13000,0.000441,172.31.40.0-255,66,53016,64,280213
13001,0.000444,172.217.194.0-255,1484,54500,64,280213
13002,0.000446,172.31.40.0-255,66,54566,64,280213
13003,0.000474,172.217.194.0-255,4320,58886,64,280213
13004,0.000478,172.31.40.0-255,66,58952,64,280213
13005,0.000517,172.217.194.0-255,6797,65749,64,280213
13006,0.000519,172.31.40.0-255,66,65815,64,280213
13007,0.000522,172.217.194.0-255,677,66492,64,280213
13008,0.00065,172.217.194.0-255,1484,67976,64,280213
13009,0.000654,172.31.40.0-255,66,68042,64,280213
13010,0.00066,172.217.194.0-255,2902,70944,64,280213
13011,0.000662,172.31.40.0-255,66,71010,64,280213
13012,0.000665,172.217.194.0-255,1484,72494,64,280213
13013,0.000682,172.217.194.0-255,4320,76814,64,280213
13014,0.000685,172.31.40.0-255,66,76880,64,280213
13015,0.000713,172.217.194.0-255,6797,83677,64,280213
13016,0.000716,172.31.40.0-255,66,83743,64,280213
13017,0.001287,172.217.194.0-255,1484,85227,64,280213
13018,0.001293,172.217.194.0-255,2902,88129,64,280213
13019,0.001297,172.31.40.0-255,66,88195,64,280213
13020,0.001304,172.217.194.0-255,5738,93933,64,280213
13021,0.001306,172.31.40.0-255,66,93999,64,280213
13022,0.001343,172.217.194.0-255,7156,101155,64,280213
13023,0.001346,172.31.40.0-255,66,101221,64,280213
13024,0.001363,172.217.194.0-255,6797,108018,64,280213
13025,0.001365,172.31.40.0-255,66,108084,64,280213
13026,0.001369,172.217.194.0-255,2902,110986,64,280213
13027,0.001371,172.31.40.0-255,66,111052,64,280213
13028,0.001412,172.31.40.0-255,66,111118,64,280213
13029,0.001448,172.31.40.0-255,66,111184,64,280213
13030,0.001463,172.217.194.0-255,2184,113368,64,280213
13031,0.001476,172.31.40.0-255,66,113434,64,280213
13032,0.001479,172.31.40.0-255,66,113500,64,280213
13033,0.001505,172.217.194.0-255,4320,117820,64,280213
13034,0.001508,172.31.40.0-255,66,117886,64,280213
13035,0.001521,172.31.40.0-255,66,117952,64,280213
13036,0.001561,172.31.40.0-255,66,118018,64,280213
13037,0.00158,172.217.194.0-255,1484,119502,64,280213
13038,0.001585,172.217.194.0-255,2902,122404,64,280213
13039,0.001588,172.31.40.0-255,66,122470,64,280213
13040,0.001613,172.217.194.0-255,5738,128208,64,280213
13041,0.001616,172.31.40.0-255,66,128274,64,280213
13042,0.001623,172.217.194.0-255,5738,134012,64,280213
13043,0.001625,172.31.40.0-255,66,134078,64,280213
13044,0.001656,172.217.194.0-255,7156,141234,64,280213
13045,0.001659,172.31.40.0-255,66,141300,64,280213
13046,0.001705,172.31.40.0-255,66,141366,64,280213
13047,0.001727,172.217.194.0-255,1484,142850,64,280213
13048,0.001751,172.217.194.0-255,2902,145752,64,280213
13049,0.001758,172.217.194.0-255,5738,151490,64,280213
13050,0.00179,172.217.194.0-255,5738,157228,64,280213
13051,0.001797,172.31.40.0-255,66,157294,64,280213
13052,0.00182,172.217.194.0-255,6438,163732,64,280213
13053,0.001841,172.31.40.0-255,66,163798,64,280213
13054,0.002102,172.217.194.0-255,1484,165282,64,280213
13055,0.002108,172.217.194.0-255,2902,168184,64,280213
13056,0.002111,172.31.40.0-255,66,168250,64,280213
13057,0.002115,172.217.194.0-255,1484,169734,64,280213
13058,0.002134,172.217.194.0-255,4320,174054,64,280213
13059,0.002142,172.31.40.0-255,66,174120,64,280213
13060,0.002164,172.217.194.0-255,7156,181276,64,280213
13061,0.002188,172.217.194.0-255,5738,187014,64,280213
13062,0.002195,172.217.194.0-255,5738,192752,64,280213
13063,0.002233,172.217.194.0-255,5020,197772,64,280213
13064,0.002343,172.217.194.0-255,1484,199256,64,280213
13065,0.008182,172.31.40.0-255,66,199322,64,280213
13066,0.008606,172.31.40.0-255,101,199423,64,280213
13067,0.01051,172.217.194.0-255,5738,205161,64,280213
13068,0.010521,172.31.40.0-255,66,205227,64,280213
13069,0.010893,172.217.194.0-255,66,205293,64,280213
13070,0.012848,172.217.194.0-255,5738,211031,64,280213
13071,0.012856,172.31.40.0-255,66,211097,64,280213
13072,0.01518,172.217.194.0-255,5738,216835,64,280213
13073,0.015188,172.31.40.0-255,66,216901,64,280213
13074,0.017503,172.217.194.0-255,5738,222639,64,280213
13075,0.017513,172.31.40.0-255,66,222705,64,280213
13076,0.019816,172.217.194.0-255,5738,228443,64,280213
13077,0.019824,172.31.40.0-255,66,228509,64,280213
13078,0.022149,172.217.194.0-255,5738,234247,64,280213
13079,0.022156,172.31.40.0-255,66,234313,64,280213
13080,0.024498,172.217.194.0-255,5738,240051,64,280213
13081,0.024509,172.31.40.0-255,66,240117,64,280213
13082,0.026866,172.217.194.0-255,5738,245855,64,280213
13083,0.026876,172.31.40.0-255,66,245921,64,280213
13084,0.029189,172.217.194.0-255,5738,251659,64,280213
13085,0.029195,172.31.40.0-255,66,251725,64,280213
13086,0.0299,172.31.40.0-255,172,251897,64,280213
13087,0.029949,172.31.40.0-255,1110,253007,64,280213
13088,0.030008,172.31.40.0-255,1514,254521,64,280213
13089,0.030011,172.31.40.0-255,1514,256035,64,280213
13090,0.030043,172.31.40.0-255,698,256733,64,280213
13091,0.031456,104.244.42.0-255,66,256799,64,280213
13092,0.031492,104.244.42.0-255,66,256865,64,280213
13093,0.031498,172.217.194.0-255,5738,262603,64,280213
13094,0.031502,172.31.40.0-255,66,262669,64,280213
13095,0.031557,104.244.42.0-255,66,262735,64,280213
13096,0.031562,104.244.42.0-255,66,262801,64,280213
13097,0.033837,172.217.194.0-255,5738,268539,64,280213
13098,0.033844,172.31.40.0-255,66,268605,64,280213
13099,0.036166,172.217.194.0-255,5738,274343,64,280213
13100,0.036172,172.31.40.0-255,66,274409,64,280213
13101,0.038488,172.217.194.0-255,5738,280147,64,280213
13102,0.038495,172.31.40.0-255,66,280213,64,280213
13103,0.0,172.217.24.0-255,146,146,64,174280
13104,1.2e-05,172.31.40.0-255,66,212,64,174280
13105,1.7e-05,172.217.24.0-255,1484,1696,64,174280
13106,2e-05,172.31.40.0-255,66,1762,64,174280
13107,3.9e-05,172.217.24.0-255,2902,4664,64,174280
13108,4.2e-05,172.31.40.0-255,66,4730,64,174280
13109,6.7e-05,172.217.24.0-255,5738,10468,64,174280
13110,6.9e-05,172.31.40.0-255,66,10534,64,174280
13111,9.5e-05,172.217.24.0-255,3509,14043,64,174280
13112,9.8e-05,172.31.40.0-255,66,14109,64,174280
13113,0.000387,172.217.24.0-255,1484,15593,64,174280
13114,0.000393,172.31.40.0-255,66,15659,64,174280
13115,0.000398,172.217.24.0-255,2902,18561,64,174280
13116,0.0004,172.31.40.0-255,66,18627,64,174280
13117,0.000406,172.217.24.0-255,4320,22947,64,174280
13118,0.000408,172.31.40.0-255,66,23013,64,174280
13119,0.000424,172.217.24.0-255,1484,24497,64,174280
13120,0.000426,172.31.40.0-255,66,24563,64,174280
13121,0.00043,172.217.24.0-255,2902,27465,64,174280
13122,0.000432,172.31.40.0-255,66,27531,64,174280
13123,0.000456,172.217.24.0-255,3961,31492,64,174280
13124,0.000459,172.31.40.0-255,66,31558,64,174280
13125,0.000513,172.217.24.0-255,1484,33042,64,174280
13126,0.000516,172.31.40.0-255,66,33108,64,174280
13127,0.000519,172.217.24.0-255,1484,34592,64,174280
13128,0.000522,172.31.40.0-255,66,34658,64,174280
13129,0.000537,172.217.24.0-255,1484,36142,64,174280
13130,0.000539,172.31.40.0-255,66,36208,64,174280
13131,0.000544,172.217.24.0-255,4320,40528,64,174280
13132,0.000546,172.31.40.0-255,66,40594,64,174280
13133,0.000596,172.217.24.0-255,4320,44914,64,174280
13134,0.0006,172.31.40.0-255,66,44980,64,174280
13135,0.000619,172.217.24.0-255,3961,48941,64,174280
13136,0.000622,172.31.40.0-255,66,49007,64,174280
13137,0.000629,172.217.24.0-255,7156,56163,64,174280
13138,0.000642,172.31.40.0-255,66,56229,64,174280
13139,0.000646,172.217.24.0-255,1484,57713,64,174280
13140,0.000697,172.217.24.0-255,4320,62033,64,174280
13141,0.00071,172.217.24.0-255,3961,65994,64,174280
13142,0.000712,172.217.24.0-255,357,66351,64,174280
13143,0.000721,172.31.40.0-255,66,66417,64,174280
13144,0.001779,172.217.24.0-255,385,66802,64,174280
13145,0.001973,172.217.24.0-255,1484,68286,64,174280
13146,0.001977,172.31.40.0-255,66,68352,64,174280
13147,0.001983,172.217.24.0-255,2902,71254,64,174280
13148,0.001996,172.217.24.0-255,1484,72738,64,174280
13149,0.002011,172.217.24.0-255,2902,75640,64,174280
13150,0.002033,172.217.24.0-255,5738,81378,64,174280
13151,0.002036,172.217.24.0-255,1484,82862,64,174280
13152,0.007132,172.31.40.0-255,66,82928,64,174280
13153,0.009171,172.217.24.0-255,5738,88666,64,174280
13154,0.00918,172.31.40.0-255,66,88732,64,174280
13155,0.011205,172.217.24.0-255,5738,94470,64,174280
13156,0.012453,172.31.40.0-255,66,94536,64,174280
13157,0.014541,172.217.24.0-255,5738,100274,64,174280
13158,0.014551,172.31.40.0-255,66,100340,64,174280
13159,0.016577,172.217.24.0-255,5738,106078,64,174280
13160,0.016585,172.31.40.0-255,66,106144,64,174280
13161,0.018609,172.217.24.0-255,5738,111882,64,174280
13162,0.018616,172.31.40.0-255,66,111948,64,174280
13163,0.020636,172.217.24.0-255,5738,117686,64,174280
13164,0.020644,172.31.40.0-255,66,117752,64,174280
13165,0.022675,172.217.24.0-255,5738,123490,64,174280
13166,0.022684,172.31.40.0-255,66,123556,64,174280
13167,0.024731,172.217.24.0-255,5738,129294,64,174280
13168,0.024738,172.31.40.0-255,66,129360,64,174280
13169,0.026762,172.217.24.0-255,5738,135098,64,174280
13170,0.026769,172.31.40.0-255,66,135164,64,174280
13171,0.027633,172.31.40.0-255,172,135336,64,174280
13172,0.027666,172.31.40.0-255,1112,136448,64,174280
13173,0.027756,172.31.40.0-255,1514,137962,64,174280
13174,0.027758,172.31.40.0-255,1296,139258,64,174280
13175,0.028796,172.217.24.0-255,5738,144996,64,174280
13176,0.028803,172.31.40.0-255,66,145062,64,174280
13177,0.029316,104.244.42.0-255,66,145128,64,174280
13178,0.029367,104.244.42.0-255,66,145194,64,174280
13179,0.029452,104.244.42.0-255,66,145260,64,174280
13180,0.030837,172.217.24.0-255,5738,150998,64,174280
13181,0.030844,172.31.40.0-255,66,151064,64,174280
13182,0.032869,172.217.24.0-255,5738,156802,64,174280
13183,0.032875,172.31.40.0-255,66,156868,64,174280
13184,0.034911,172.217.24.0-255,5738,162606,64,174280
13185,0.034916,172.31.40.0-255,66,162672,64,174280
13186,0.036971,172.217.24.0-255,5738,168410,64,174280
13187,0.036978,172.31.40.0-255,66,168476,64,174280
13188,0.039008,172.217.24.0-255,5738,174214,64,174280
13189,0.039014,172.31.40.0-255,66,174280,64,174280
13190,0.0,74.125.24.0-255,299,299,64,289085
13191,2.9e-05,172.31.40.0-255,66,365,64,289085
13192,3.7e-05,74.125.24.0-255,1484,1849,64,289085
13193,4.2e-05,172.31.40.0-255,66,1915,64,289085
13194,5.5e-05,74.125.24.0-255,2902,4817,64,289085
13195,6e-05,172.31.40.0-255,66,4883,64,289085
13196,6.7e-05,74.125.24.0-255,5738,10621,64,289085
13197,7e-05,172.31.40.0-255,66,10687,64,289085
13198,7.6e-05,74.125.24.0-255,4738,15425,64,289085
13199,7.9e-05,172.31.40.0-255,66,15491,64,289085
13200,8.5e-05,74.125.24.0-255,5738,21229,64,289085
13201,8.8e-05,172.31.40.0-255,66,21295,64,289085
13202,0.000118,74.125.24.0-255,7156,28451,64,289085
13203,0.000122,172.31.40.0-255,66,28517,64,289085
13204,0.000126,74.125.24.0-255,2543,31060,64,289085
13205,0.000129,172.31.40.0-255,66,31126,64,289085
13206,0.000189,74.125.24.0-255,1484,32610,64,289085
13207,0.000192,172.31.40.0-255,66,32676,64,289085
13208,0.000197,74.125.24.0-255,2902,35578,64,289085
13209,0.000199,172.31.40.0-255,66,35644,64,289085
13210,0.000236,74.125.24.0-255,5738,41382,64,289085
13211,0.000239,172.31.40.0-255,66,41448,64,289085
13212,0.000261,74.125.24.0-255,4320,45768,64,289085
13213,0.000263,172.31.40.0-255,66,45834,64,289085
13214,0.000287,74.125.24.0-255,2543,48377,64,289085
13215,0.00029,172.31.40.0-255,66,48443,64,289085
13216,0.000296,74.125.24.0-255,7156,55599,64,289085
13217,0.000299,172.31.40.0-255,66,55665,64,289085
13218,0.000329,74.125.24.0-255,4320,59985,64,289085
13219,0.000332,172.31.40.0-255,66,60051,64,289085
13220,0.000338,74.125.24.0-255,5691,65742,64,289085
13221,0.000341,172.31.40.0-255,66,65808,64,289085
13222,0.000344,74.125.24.0-255,111,65919,64,289085
13223,0.000448,74.125.24.0-255,331,66250,64,289085
13224,0.000724,74.125.24.0-255,1484,67734,64,289085
13225,0.00073,172.31.40.0-255,66,67800,64,289085
13226,0.000737,74.125.24.0-255,2902,70702,64,289085
13227,0.000739,172.31.40.0-255,66,70768,64,289085
13228,0.000751,74.125.24.0-255,5738,76506,64,289085
13229,0.000754,172.31.40.0-255,66,76572,64,289085
13230,0.000786,74.125.24.0-255,4320,80892,64,289085
13231,0.000789,172.31.40.0-255,66,80958,64,289085
13232,0.00083,74.125.24.0-255,1484,82442,64,289085
13233,0.000857,74.125.24.0-255,5738,88180,64,289085
13234,0.000861,74.125.24.0-255,2184,90364,64,289085
13235,0.000866,172.31.40.0-255,66,90430,64,289085
13236,0.001151,74.125.24.0-255,1484,91914,64,289085
13237,0.001171,74.125.24.0-255,2902,94816,64,289085
13238,0.001175,172.31.40.0-255,66,94882,64,289085
13239,0.001204,74.125.24.0-255,2902,97784,64,289085
13240,0.001207,172.31.40.0-255,66,97850,64,289085
13241,0.00124,74.125.24.0-255,2902,100752,64,289085
13242,0.001243,172.31.40.0-255,66,100818,64,289085
13243,0.001249,74.125.24.0-255,4320,105138,64,289085
13244,0.001251,172.31.40.0-255,66,105204,64,289085
13245,0.001286,172.31.40.0-255,66,105270,64,289085
13246,0.001352,74.125.24.0-255,5738,111008,64,289085
13247,0.001356,172.31.40.0-255,66,111074,64,289085
13248,0.001387,74.125.24.0-255,3602,114676,64,289085
13249,0.001392,172.31.40.0-255,66,114742,64,289085
13250,0.001459,74.125.24.0-255,1484,116226,64,289085
13251,0.001473,74.125.24.0-255,2902,119128,64,289085
13252,0.001483,172.31.40.0-255,66,119194,64,289085
13253,0.001487,74.125.24.0-255,2902,122096,64,289085
13254,0.00151,74.125.24.0-255,2902,124998,64,289085
13255,0.001532,172.31.40.0-255,66,125064,64,289085
13256,0.001543,74.125.24.0-255,4320,129384,64,289085
13257,0.001548,74.125.24.0-255,4320,133704,64,289085
13258,0.001565,172.31.40.0-255,66,133770,64,289085
13259,0.001579,74.125.24.0-255,6438,140208,64,289085
13260,0.001613,172.31.40.0-255,66,140274,64,289085
13261,0.001704,74.125.24.0-255,1484,141758,64,289085
13262,0.00171,74.125.24.0-255,2902,144660,64,289085
13263,0.001714,172.31.40.0-255,66,144726,64,289085
13264,0.001748,74.125.24.0-255,2902,147628,64,289085
13265,0.001757,74.125.24.0-255,7156,154784,64,289085
13266,0.001786,74.125.24.0-255,5738,160522,64,289085
13267,0.001789,172.31.40.0-255,66,160588,64,289085
13268,0.001794,172.31.40.0-255,66,160654,64,289085
13269,0.001839,74.125.24.0-255,1484,162138,64,289085
13270,0.001845,74.125.24.0-255,3602,165740,64,289085
13271,0.00186,172.31.40.0-255,66,165806,64,289085
13272,0.001868,74.125.24.0-255,1484,167290,64,289085
13273,0.001895,74.125.24.0-255,2902,170192,64,289085
13274,0.001902,74.125.24.0-255,5738,175930,64,289085
13275,0.001909,172.31.40.0-255,66,175996,64,289085
13276,0.001942,74.125.24.0-255,1484,177480,64,289085
13277,0.001954,74.125.24.0-255,2902,180382,64,289085
13278,0.001963,172.31.40.0-255,66,180448,64,289085
13279,0.001992,74.125.24.0-255,1484,181932,64,289085
13280,0.001996,74.125.24.0-255,2902,184834,64,289085
13281,0.002008,172.31.40.0-255,66,184900,64,289085
13282,0.002039,74.125.24.0-255,3602,188502,64,289085
13283,0.002055,74.125.24.0-255,4320,192822,64,289085
13284,0.00206,172.31.40.0-255,66,192888,64,289085
13285,0.002091,74.125.24.0-255,7156,200044,64,289085
13286,0.002106,74.125.24.0-255,2902,202946,64,289085
13287,0.002109,74.125.24.0-255,1484,204430,64,289085
13288,0.002136,172.31.40.0-255,66,204496,64,289085
13289,0.002202,172.31.40.0-255,66,204562,64,289085
13290,0.002213,74.125.24.0-255,1484,206046,64,289085
13291,0.002231,74.125.24.0-255,2902,208948,64,289085
13292,0.002241,172.31.40.0-255,66,209014,64,289085
13293,0.00226,74.125.24.0-255,5738,214752,64,289085
13294,0.002283,74.125.24.0-255,2902,217654,64,289085
13295,0.002296,172.31.40.0-255,66,217720,64,289085
13296,0.002341,172.31.40.0-255,66,217786,64,289085
13297,0.00463,74.125.24.0-255,5738,223524,64,289085
13298,0.004653,172.31.40.0-255,66,223590,64,289085
13299,0.006985,74.125.24.0-255,5738,229328,64,289085
13300,0.014032,74.125.24.0-255,1484,230812,64,289085
13301,0.015122,172.31.40.0-255,66,230878,64,289085
13302,0.016189,172.31.40.0-255,101,230979,64,289085
13303,0.017433,74.125.24.0-255,5738,236717,64,289085
13304,0.017451,172.31.40.0-255,66,236783,64,289085
13305,0.018458,74.125.24.0-255,66,236849,64,289085
13306,0.019808,74.125.24.0-255,5738,242587,64,289085
13307,0.019824,172.31.40.0-255,66,242653,64,289085
13308,0.022145,74.125.24.0-255,5738,248391,64,289085
13309,0.022156,172.31.40.0-255,66,248457,64,289085
13310,0.024472,74.125.24.0-255,5738,254195,64,289085
13311,0.024487,172.31.40.0-255,66,254261,64,289085
13312,0.026781,74.125.24.0-255,5738,259999,64,289085
13313,0.026797,172.31.40.0-255,66,260065,64,289085
13314,0.029115,74.125.24.0-255,5738,265803,64,289085
13315,0.029133,172.31.40.0-255,66,265869,64,289085
13316,0.031442,74.125.24.0-255,5738,271607,64,289085
13317,0.031452,172.31.40.0-255,66,271673,64,289085
13318,0.033747,74.125.24.0-255,5738,277411,64,289085
13319,0.033755,172.31.40.0-255,66,277477,64,289085
13320,0.036035,74.125.24.0-255,5738,283215,64,289085
13321,0.036045,172.31.40.0-255,66,283281,64,289085
13322,0.038359,74.125.24.0-255,5738,289019,64,289085
13323,0.038369,172.31.40.0-255,66,289085,64,289085
13324,0.0,74.125.24.0-255,153,153,64,189693
13325,1.6e-05,172.31.40.0-255,66,219,64,189693
13326,2.2e-05,74.125.24.0-255,1484,1703,64,189693
13327,2.7e-05,172.31.40.0-255,66,1769,64,189693
13328,3.3e-05,74.125.24.0-255,2902,4671,64,189693
13329,3.7e-05,172.31.40.0-255,66,4737,64,189693
13330,4.4e-05,74.125.24.0-255,4320,9057,64,189693
13331,4.7e-05,172.31.40.0-255,66,9123,64,189693
13332,0.000112,74.125.24.0-255,4900,14023,64,189693
13333,0.000116,172.31.40.0-255,66,14089,64,189693
13334,0.00026,74.125.24.0-255,1484,15573,64,189693
13335,0.000264,172.31.40.0-255,66,15639,64,189693
13336,0.00027,74.125.24.0-255,2902,18541,64,189693
13337,0.000272,172.31.40.0-255,66,18607,64,189693
13338,0.000288,74.125.24.0-255,1484,20091,64,189693
13339,0.00029,172.31.40.0-255,66,20157,64,189693
13340,0.000309,74.125.24.0-255,4320,24477,64,189693
13341,0.000311,172.31.40.0-255,66,24543,64,189693
13342,0.000318,74.125.24.0-255,5738,30281,64,189693
13343,0.00032,172.31.40.0-255,66,30347,64,189693
13344,0.000359,74.125.24.0-255,5379,35726,64,189693
13345,0.000363,172.31.40.0-255,66,35792,64,189693
13346,0.000369,74.125.24.0-255,5738,41530,64,189693
13347,0.000371,172.31.40.0-255,66,41596,64,189693
13348,0.000398,74.125.24.0-255,2902,44498,64,189693
13349,0.000401,172.31.40.0-255,66,44564,64,189693
13350,0.000422,74.125.24.0-255,3961,48525,64,189693
13351,0.000425,172.31.40.0-255,66,48591,64,189693
13352,0.000905,74.125.24.0-255,1484,50075,64,189693
13353,0.000911,172.31.40.0-255,66,50141,64,189693
13354,0.000918,74.125.24.0-255,2902,53043,64,189693
13355,0.00092,172.31.40.0-255,66,53109,64,189693
13356,0.000927,74.125.24.0-255,5738,58847,64,189693
13357,0.000929,172.31.40.0-255,66,58913,64,189693
13358,0.000969,74.125.24.0-255,7132,66045,64,189693
13359,0.000972,172.31.40.0-255,66,66111,64,189693
13360,0.001922,74.125.24.0-255,342,66453,64,189693
13361,0.001947,74.125.24.0-255,1484,67937,64,189693
13362,0.001953,172.31.40.0-255,66,68003,64,189693
13363,0.001971,74.125.24.0-255,2902,70905,64,189693
13364,0.001973,172.31.40.0-255,66,70971,64,189693
13365,0.001979,74.125.24.0-255,4320,75291,64,189693
13366,0.001981,172.31.40.0-255,66,75357,64,189693
13367,0.002024,74.125.24.0-255,1484,76841,64,189693
13368,0.00204,74.125.24.0-255,4320,81161,64,189693
13369,0.002042,172.31.40.0-255,66,81227,64,189693
13370,0.002063,74.125.24.0-255,2543,83770,64,189693
13371,0.004095,74.125.24.0-255,2902,86672,64,189693
13372,0.004337,172.31.40.0-255,66,86738,64,189693
13373,0.006367,74.125.24.0-255,5738,92476,64,189693
13374,0.006373,172.31.40.0-255,66,92542,64,189693
13375,0.008422,74.125.24.0-255,5738,98280,64,189693
13376,0.008428,172.31.40.0-255,66,98346,64,189693
13377,0.010488,74.125.24.0-255,5738,104084,64,189693
13378,0.010497,172.31.40.0-255,66,104150,64,189693
13379,0.012547,74.125.24.0-255,5738,109888,64,189693
13380,0.012553,172.31.40.0-255,66,109954,64,189693
13381,0.014618,74.125.24.0-255,5738,115692,64,189693
13382,0.014626,172.31.40.0-255,66,115758,64,189693
13383,0.016691,74.125.24.0-255,5738,121496,64,189693
13384,0.016701,172.31.40.0-255,66,121562,64,189693
13385,0.018771,74.125.24.0-255,5738,127300,64,189693
13386,0.018779,172.31.40.0-255,66,127366,64,189693
13387,0.020858,74.125.24.0-255,5738,133104,64,189693
13388,0.020866,172.31.40.0-255,66,133170,64,189693
13389,0.022941,74.125.24.0-255,5738,138908,64,189693
13390,0.022948,172.31.40.0-255,66,138974,64,189693
13391,0.024657,172.31.40.0-255,167,139141,64,189693
13392,0.024689,172.31.40.0-255,1110,140251,64,189693
13393,0.024745,172.31.40.0-255,1514,141765,64,189693
13394,0.024747,172.31.40.0-255,1298,143063,64,189693
13395,0.024993,74.125.24.0-255,5738,148801,64,189693
13396,0.025,172.31.40.0-255,66,148867,64,189693
13397,0.026302,104.244.42.0-255,66,148933,64,189693
13398,0.026346,104.244.42.0-255,66,148999,64,189693
13399,0.026436,104.244.42.0-255,66,149065,64,189693
13400,0.027067,74.125.24.0-255,5738,154803,64,189693
13401,0.027072,172.31.40.0-255,66,154869,64,189693
13402,0.029159,74.125.24.0-255,5738,160607,64,189693
13403,0.029166,172.31.40.0-255,66,160673,64,189693
13404,0.031231,74.125.24.0-255,5738,166411,64,189693
13405,0.031238,172.31.40.0-255,66,166477,64,189693
13406,0.033286,74.125.24.0-255,5738,172215,64,189693
13407,0.033292,172.31.40.0-255,66,172281,64,189693
13408,0.035355,74.125.24.0-255,5738,178019,64,189693
13409,0.035362,172.31.40.0-255,66,178085,64,189693
13410,0.037425,74.125.24.0-255,5738,183823,64,189693
13411,0.037432,172.31.40.0-255,66,183889,64,189693
13412,0.039507,74.125.24.0-255,5738,189627,64,189693
13413,0.039514,172.31.40.0-255,66,189693,64,189693
13414,0.0,74.125.24.0-255,153,153,64,217449
13415,2.4e-05,172.31.40.0-255,66,219,64,217449
13416,3.2e-05,74.125.24.0-255,1484,1703,64,217449
13417,3.6e-05,172.31.40.0-255,66,1769,64,217449
13418,4.3e-05,74.125.24.0-255,2902,4671,64,217449
13419,4.7e-05,172.31.40.0-255,66,4737,64,217449
13420,5.6e-05,74.125.24.0-255,7156,11893,64,217449
13421,5.9e-05,172.31.40.0-255,66,11959,64,217449
13422,8.9e-05,172.31.40.0-255,66,12025,64,217449
13423,9.6e-05,74.125.24.0-255,4320,16345,64,217449
13424,9.8e-05,172.31.40.0-255,66,16411,64,217449
13425,0.000118,74.125.24.0-255,4320,20731,64,217449
13426,0.000121,172.31.40.0-255,66,20797,64,217449
13427,0.000126,74.125.24.0-255,2543,23340,64,217449
13428,0.000128,172.31.40.0-255,66,23406,64,217449
13429,0.000274,74.125.24.0-255,1484,24890,64,217449
13430,0.000279,172.31.40.0-255,66,24956,64,217449
13431,0.000285,74.125.24.0-255,2902,27858,64,217449
13432,0.000288,172.31.40.0-255,66,27924,64,217449
13433,0.000302,74.125.24.0-255,2902,30826,64,217449
13434,0.000305,172.31.40.0-255,66,30892,64,217449
13435,0.00032,74.125.24.0-255,2902,33794,64,217449
13436,0.000322,172.31.40.0-255,66,33860,64,217449
13437,0.000327,74.125.24.0-255,4320,38180,64,217449
13438,0.00033,172.31.40.0-255,66,38246,64,217449
13439,0.000349,74.125.24.0-255,2902,41148,64,217449
13440,0.000351,172.31.40.0-255,66,41214,64,217449
13441,0.000373,172.31.40.0-255,66,41280,64,217449
13442,0.000379,74.125.24.0-255,4320,45600,64,217449
13443,0.000381,172.31.40.0-255,66,45666,64,217449
13444,0.000401,74.125.24.0-255,3602,49268,64,217449
13445,0.000404,172.31.40.0-255,66,49334,64,217449
13446,0.000451,74.125.24.0-255,401,49735,64,217449
13447,0.000847,74.125.24.0-255,110,49845,64,217449
13448,0.000988,74.125.24.0-255,1484,51329,64,217449
13449,0.000992,172.31.40.0-255,66,51395,64,217449
13450,0.000997,74.125.24.0-255,2902,54297,64,217449
13451,0.000999,172.31.40.0-255,66,54363,64,217449
13452,0.001016,74.125.24.0-255,2902,57265,64,217449
13453,0.001018,172.31.40.0-255,66,57331,64,217449
13454,0.001021,74.125.24.0-255,1484,58815,64,217449
13455,0.001047,74.125.24.0-255,5738,64553,64,217449
13456,0.00105,172.31.40.0-255,66,64619,64,217449
13457,0.001055,74.125.24.0-255,4320,68939,64,217449
13458,0.001057,172.31.40.0-255,66,69005,64,217449
13459,0.001078,172.31.40.0-255,66,69071,64,217449
13460,0.001113,74.125.24.0-255,2902,71973,64,217449
13461,0.001116,172.31.40.0-255,66,72039,64,217449
13462,0.001121,74.125.24.0-255,3602,75641,64,217449
13463,0.001123,172.31.40.0-255,66,75707,64,217449
13464,0.001757,74.125.24.0-255,1484,77191,64,217449
13465,0.001764,74.125.24.0-255,1484,78675,64,217449
13466,0.001768,172.31.40.0-255,66,78741,64,217449
13467,0.00178,74.125.24.0-255,1484,80225,64,217449
13468,0.001786,74.125.24.0-255,5738,85963,64,217449
13469,0.001788,172.31.40.0-255,66,86029,64,217449
13470,0.001804,74.125.24.0-255,1484,87513,64,217449
13471,0.00185,172.31.40.0-255,66,87579,64,217449
13472,0.001868,74.125.24.0-255,2902,90481,64,217449
13473,0.00187,172.31.40.0-255,66,90547,64,217449
13474,0.001881,172.31.40.0-255,66,90613,64,217449
13475,0.002057,74.125.24.0-255,1484,92097,64,217449
13476,0.002064,74.125.24.0-255,2902,94999,64,217449
13477,0.002067,172.31.40.0-255,66,95065,64,217449
13478,0.00209,74.125.24.0-255,1484,96549,64,217449
13479,0.002112,74.125.24.0-255,2902,99451,64,217449
13480,0.002114,172.31.40.0-255,66,99517,64,217449
13481,0.002119,74.125.24.0-255,5738,105255,64,217449
13482,0.002121,172.31.40.0-255,66,105321,64,217449
13483,0.002148,74.125.24.0-255,4320,109641,64,217449
13484,0.00215,172.31.40.0-255,66,109707,64,217449
13485,0.002174,74.125.24.0-255,5738,115445,64,217449
13486,0.002177,172.31.40.0-255,66,115511,64,217449
13487,0.004299,74.125.24.0-255,1484,116995,64,217449
13488,0.004315,74.125.24.0-255,4320,121315,64,217449
13489,0.00432,172.31.40.0-255,66,121381,64,217449
13490,0.006403,74.125.24.0-255,5738,127119,64,217449
13491,0.006408,172.31.40.0-255,66,127185,64,217449
13492,0.008497,74.125.24.0-255,5738,132923,64,217449
13493,0.008502,172.31.40.0-255,66,132989,64,217449
13494,0.010658,74.125.24.0-255,5738,138727,64,217449
13495,0.010672,172.31.40.0-255,66,138793,64,217449
13496,0.012762,74.125.24.0-255,5738,144531,64,217449
13497,0.012771,172.31.40.0-255,66,144597,64,217449
13498,0.01487,74.125.24.0-255,5738,150335,64,217449
13499,0.014879,172.31.40.0-255,66,150401,64,217449
13500,0.016976,74.125.24.0-255,5738,156139,64,217449
13501,0.016983,172.31.40.0-255,66,156205,64,217449
13502,0.019087,74.125.24.0-255,5738,161943,64,217449
13503,0.019095,172.31.40.0-255,66,162009,64,217449
13504,0.021194,74.125.24.0-255,5738,167747,64,217449
13505,0.0212,172.31.40.0-255,66,167813,64,217449
13506,0.023325,74.125.24.0-255,5738,173551,64,217449
13507,0.023343,172.31.40.0-255,66,173617,64,217449
13508,0.025475,74.125.24.0-255,5738,179355,64,217449
13509,0.025483,172.31.40.0-255,66,179421,64,217449
13510,0.027597,74.125.24.0-255,5738,185159,64,217449
13511,0.027604,172.31.40.0-255,66,185225,64,217449
13512,0.029724,74.125.24.0-255,5738,190963,64,217449
13513,0.029735,172.31.40.0-255,66,191029,64,217449
13514,0.031856,74.125.24.0-255,4320,195349,64,217449
13515,0.031871,172.31.40.0-255,66,195415,64,217449
13516,0.031896,74.125.24.0-255,1484,196899,64,217449
13517,0.033988,74.125.24.0-255,1484,198383,64,217449
13518,0.033995,172.31.40.0-255,66,198449,64,217449
13519,0.034014,74.125.24.0-255,2902,201351,64,217449
13520,0.034018,172.31.40.0-255,66,201417,64,217449
13521,0.036097,74.125.24.0-255,2902,204319,64,217449
13522,0.036104,172.31.40.0-255,66,204385,64,217449
13523,0.036127,74.125.24.0-255,2902,207287,64,217449
13524,0.03613,172.31.40.0-255,66,207353,64,217449
13525,0.037064,172.31.40.0-255,172,207525,64,217449
13526,0.037117,172.31.40.0-255,1112,208637,64,217449
13527,0.037173,172.31.40.0-255,1514,210151,64,217449
13528,0.037174,172.31.40.0-255,1296,211447,64,217449
13529,0.038217,74.125.24.0-255,5738,217185,64,217449
13530,0.038226,172.31.40.0-255,66,217251,64,217449
13531,0.038742,104.244.42.0-255,66,217317,64,217449
13532,0.038795,104.244.42.0-255,66,217383,64,217449
13533,0.038849,104.244.42.0-255,66,217449,64,217449
13534,0.0,74.125.24.0-255,146,146,64,210207
13535,1.3e-05,172.31.40.0-255,66,212,64,210207
13536,1.9e-05,74.125.24.0-255,1484,1696,64,210207
13537,2.2e-05,172.31.40.0-255,66,1762,64,210207
13538,4.8e-05,74.125.24.0-255,2902,4664,64,210207
13539,5.1e-05,172.31.40.0-255,66,4730,64,210207
13540,5.9e-05,74.125.24.0-255,2902,7632,64,210207
13541,6.1e-05,172.31.40.0-255,66,7698,64,210207
13542,9e-05,74.125.24.0-255,2902,10600,64,210207
13543,9.2e-05,172.31.40.0-255,66,10666,64,210207
13544,9.5e-05,74.125.24.0-255,1484,12150,64,210207
13545,9.7e-05,172.31.40.0-255,66,12216,64,210207
13546,0.000124,74.125.24.0-255,4929,17145,64,210207
13547,0.00013,172.31.40.0-255,66,17211,64,210207
13548,0.000137,74.125.24.0-255,7156,24367,64,210207
13549,0.000139,172.31.40.0-255,66,24433,64,210207
13550,0.000144,74.125.24.0-255,4320,28753,64,210207
13551,0.000146,172.31.40.0-255,66,28819,64,210207
13552,0.00018,172.31.40.0-255,66,28885,64,210207
13553,0.000192,74.125.24.0-255,2902,31787,64,210207
13554,0.000193,172.31.40.0-255,66,31853,64,210207
13555,0.000225,172.31.40.0-255,66,31919,64,210207
13556,0.000258,172.31.40.0-255,66,31985,64,210207
13557,0.000262,74.125.24.0-255,2902,34887,64,210207
13558,0.000264,172.31.40.0-255,66,34953,64,210207
13559,0.000284,74.125.24.0-255,2543,37496,64,210207
13560,0.000286,172.31.40.0-255,66,37562,64,210207
13561,0.000289,74.125.24.0-255,645,38207,64,210207
13562,0.000291,172.31.40.0-255,66,38273,64,210207
13563,0.000375,74.125.24.0-255,1484,39757,64,210207
13564,0.000378,172.31.40.0-255,66,39823,64,210207
13565,0.000383,74.125.24.0-255,2902,42725,64,210207
13566,0.000385,172.31.40.0-255,66,42791,64,210207
13567,0.000388,74.125.24.0-255,1484,44275,64,210207
13568,0.00039,172.31.40.0-255,66,44341,64,210207
13569,0.000425,74.125.24.0-255,4320,48661,64,210207
13570,0.000427,172.31.40.0-255,66,48727,64,210207
13571,0.000432,74.125.24.0-255,4320,53047,64,210207
13572,0.000434,172.31.40.0-255,66,53113,64,210207
13573,0.000438,74.125.24.0-255,2902,56015,64,210207
13574,0.000443,172.31.40.0-255,66,56081,64,210207
13575,0.000468,74.125.24.0-255,4320,60401,64,210207
13576,0.000471,172.31.40.0-255,66,60467,64,210207
13577,0.0005,74.125.24.0-255,4320,64787,64,210207
13578,0.000502,172.31.40.0-255,66,64853,64,210207
13579,0.000534,172.31.40.0-255,66,64919,64,210207
13580,0.00074,74.125.24.0-255,1484,66403,64,210207
13581,0.000744,172.31.40.0-255,66,66469,64,210207
13582,0.000748,74.125.24.0-255,1484,67953,64,210207
13583,0.00075,172.31.40.0-255,66,68019,64,210207
13584,0.000771,74.125.24.0-255,1484,69503,64,210207
13585,0.000777,172.31.40.0-255,66,69569,64,210207
13586,0.000783,74.125.24.0-255,5738,75307,64,210207
13587,0.000785,172.31.40.0-255,66,75373,64,210207
13588,0.000788,74.125.24.0-255,1484,76857,64,210207
13589,0.00079,172.31.40.0-255,66,76923,64,210207
13590,0.000879,172.31.40.0-255,66,76989,64,210207
13591,0.000886,172.31.40.0-255,66,77055,64,210207
13592,0.0009,172.31.40.0-255,66,77121,64,210207
13593,0.000935,172.31.40.0-255,66,77187,64,210207
13594,0.000939,74.125.24.0-255,1484,78671,64,210207
13595,0.000956,172.31.40.0-255,66,78737,64,210207
13596,0.000977,74.125.24.0-255,2184,80921,64,210207
13597,0.000981,74.125.24.0-255,2902,83823,64,210207
13598,0.000993,172.31.40.0-255,66,83889,64,210207
13599,0.000998,74.125.24.0-255,4320,88209,64,210207
13600,0.001002,172.31.40.0-255,66,88275,64,210207
13601,0.001017,74.125.24.0-255,2902,91177,64,210207
13602,0.001023,74.125.24.0-255,5738,96915,64,210207
13603,0.001053,74.125.24.0-255,1484,98399,64,210207
13604,0.001061,172.31.40.0-255,66,98465,64,210207
13605,0.001081,74.125.24.0-255,6438,104903,64,210207
13606,0.001095,172.31.40.0-255,66,104969,64,210207
13607,0.001177,74.125.24.0-255,1484,106453,64,210207
13608,0.001183,74.125.24.0-255,2902,109355,64,210207
13609,0.001186,74.125.24.0-255,1484,110839,64,210207
13610,0.001197,172.31.40.0-255,66,110905,64,210207
13611,0.001207,74.125.24.0-255,4320,115225,64,210207
13612,0.001212,172.31.40.0-255,66,115291,64,210207
13613,0.001224,74.125.24.0-255,2902,118193,64,210207
13614,0.001267,172.31.40.0-255,66,118259,64,210207
13615,0.001286,74.125.24.0-255,4320,122579,64,210207
13616,0.0013,74.125.24.0-255,6438,129017,64,210207
13617,0.001307,172.31.40.0-255,66,129083,64,210207
13618,0.001446,74.125.24.0-255,1484,130567,64,210207
13619,0.001451,74.125.24.0-255,1484,132051,64,210207
13620,0.001467,74.125.24.0-255,1484,133535,64,210207
13621,0.001469,74.125.24.0-255,1484,135019,64,210207
13622,0.001474,172.31.40.0-255,66,135085,64,210207
13623,0.001503,74.125.24.0-255,4320,139405,64,210207
13624,0.001541,172.31.40.0-255,66,139471,64,210207
13625,0.001546,172.31.40.0-255,66,139537,64,210207
13626,0.001613,74.125.24.0-255,1484,141021,64,210207
13627,0.001617,74.125.24.0-255,1484,142505,64,210207
13628,0.001629,74.125.24.0-255,1484,143989,64,210207
13629,0.001634,74.125.24.0-255,4320,148309,64,210207
13630,0.001637,172.31.40.0-255,66,148375,64,210207
13631,0.001643,74.125.24.0-255,1484,149859,64,210207
13632,0.001659,74.125.24.0-255,4320,154179,64,210207
13633,0.001662,172.31.40.0-255,66,154245,64,210207
13634,0.001687,172.31.40.0-255,66,154311,64,210207
13635,0.001713,172.31.40.0-255,66,154377,64,210207
13636,0.001738,74.125.24.0-255,5738,160115,64,210207
13637,0.001746,172.31.40.0-255,66,160181,64,210207
13638,0.001819,172.31.40.0-255,66,160247,64,210207
13639,0.001825,74.125.24.0-255,3602,163849,64,210207
13640,0.001846,74.125.24.0-255,4320,168169,64,210207
13641,0.001853,172.31.40.0-255,66,168235,64,210207
13642,0.001864,74.125.24.0-255,7156,175391,64,210207
13643,0.001881,74.125.24.0-255,2902,178293,64,210207
13644,0.001908,74.125.24.0-255,2902,181195,64,210207
13645,0.001912,74.125.24.0-255,3602,184797,64,210207
13646,0.001916,172.31.40.0-255,66,184863,64,210207
13647,0.001921,172.31.40.0-255,66,184929,64,210207
13648,0.001965,74.125.24.0-255,1484,186413,64,210207
13649,0.001981,74.125.24.0-255,2902,189315,64,210207
13650,0.001987,172.31.40.0-255,66,189381,64,210207
13651,0.002007,74.125.24.0-255,4320,193701,64,210207
13652,0.002021,74.125.24.0-255,1484,195185,64,210207
13653,0.002024,74.125.24.0-255,1484,196669,64,210207
13654,0.002027,172.31.40.0-255,66,196735,64,210207
13655,0.002032,172.31.40.0-255,66,196801,64,210207
13656,0.002077,74.125.24.0-255,5738,202539,64,210207
13657,0.002086,172.31.40.0-255,66,202605,64,210207
13658,0.002096,74.125.24.0-255,2902,205507,64,210207
13659,0.002101,172.31.40.0-255,66,205573,64,210207
13660,0.002148,74.125.24.0-255,105,205678,64,210207
13661,0.002164,172.31.40.0-255,66,205744,64,210207
13662,0.004597,172.31.40.0-255,105,205849,64,210207
13663,0.006717,74.125.24.0-255,66,205915,64,210207
13664,0.029077,172.31.40.0-255,172,206087,64,210207
13665,0.029118,172.31.40.0-255,1112,207199,64,210207
13666,0.029183,172.31.40.0-255,1514,208713,64,210207
13667,0.029185,172.31.40.0-255,1296,210009,64,210207
13668,0.030757,104.244.42.0-255,66,210075,64,210207
13669,0.030768,104.244.42.0-255,66,210141,64,210207
13670,0.030852,104.244.42.0-255,66,210207,64,210207
13671,0.0,74.125.24.0-255,152,152,64,196355
13672,2.2e-05,172.31.40.0-255,66,218,64,196355
13673,3e-05,74.125.24.0-255,1484,1702,64,196355
13674,3.4e-05,172.31.40.0-255,66,1768,64,196355
13675,4e-05,74.125.24.0-255,2902,4670,64,196355
13676,4.4e-05,172.31.40.0-255,66,4736,64,196355
13677,5.1e-05,74.125.24.0-255,7156,11892,64,196355
13678,5.4e-05,172.31.40.0-255,66,11958,64,196355
13679,5.9e-05,74.125.24.0-255,2902,14860,64,196355
13680,6.2e-05,172.31.40.0-255,66,14926,64,196355
13681,0.000106,172.31.40.0-255,66,14992,64,196355
13682,0.00011,74.125.24.0-255,2543,17535,64,196355
13683,0.000112,172.31.40.0-255,66,17601,64,196355
13684,0.000167,74.125.24.0-255,2902,20503,64,196355
13685,0.00017,172.31.40.0-255,66,20569,64,196355
13686,0.000196,74.125.24.0-255,4320,24889,64,196355
13687,0.000198,172.31.40.0-255,66,24955,64,196355
13688,0.000207,172.31.40.0-255,66,25021,64,196355
13689,0.000216,172.31.40.0-255,66,25087,64,196355
13690,0.00025,172.31.40.0-255,66,25153,64,196355
13691,0.000252,74.125.24.0-255,1062,26215,64,196355
13692,0.000254,172.31.40.0-255,66,26281,64,196355
13693,0.000299,74.125.24.0-255,126,26407,64,196355
13694,0.000302,172.31.40.0-255,66,26473,64,196355
13695,0.000506,74.125.24.0-255,1484,27957,64,196355
13696,0.00051,172.31.40.0-255,66,28023,64,196355
13697,0.000515,74.125.24.0-255,2902,30925,64,196355
13698,0.000517,172.31.40.0-255,66,30991,64,196355
13699,0.000533,74.125.24.0-255,4320,35311,64,196355
13700,0.000535,172.31.40.0-255,66,35377,64,196355
13701,0.000565,74.125.24.0-255,1484,36861,64,196355
13702,0.000578,172.31.40.0-255,66,36927,64,196355
13703,0.000589,172.31.40.0-255,66,36993,64,196355
13704,0.000847,74.125.24.0-255,1484,38477,64,196355
13705,0.000855,74.125.24.0-255,2902,41379,64,196355
13706,0.000858,172.31.40.0-255,66,41445,64,196355
13707,0.000866,74.125.24.0-255,5738,47183,64,196355
13708,0.000868,172.31.40.0-255,66,47249,64,196355
13709,0.000906,74.125.24.0-255,5738,52987,64,196355
13710,0.00091,172.31.40.0-255,66,53053,64,196355
13711,0.000917,74.125.24.0-255,7156,60209,64,196355
13712,0.000919,172.31.40.0-255,66,60275,64,196355
13713,0.000923,74.125.24.0-255,2902,63177,64,196355
13714,0.000925,172.31.40.0-255,66,63243,64,196355
13715,0.00096,172.31.40.0-255,66,63309,64,196355
13716,0.000974,74.125.24.0-255,2902,66211,64,196355
13717,0.000976,172.31.40.0-255,66,66277,64,196355
13718,0.001014,172.31.40.0-255,66,66343,64,196355
13719,0.001057,172.31.40.0-255,66,66409,64,196355
13720,0.001078,74.125.24.0-255,4320,70729,64,196355
13721,0.001081,172.31.40.0-255,66,70795,64,196355
13722,0.001092,172.31.40.0-255,66,70861,64,196355
13723,0.001116,74.125.24.0-255,1484,72345,64,196355
13724,0.001121,74.125.24.0-255,2902,75247,64,196355
13725,0.001124,172.31.40.0-255,66,75313,64,196355
13726,0.001129,74.125.24.0-255,2902,78215,64,196355
13727,0.001131,172.31.40.0-255,66,78281,64,196355
13728,0.001148,74.125.24.0-255,2902,81183,64,196355
13729,0.00115,172.31.40.0-255,66,81249,64,196355
13730,0.001157,74.125.24.0-255,7156,88405,64,196355
13731,0.00116,172.31.40.0-255,66,88471,64,196355
13732,0.001175,74.125.24.0-255,2902,91373,64,196355
13733,0.001178,172.31.40.0-255,66,91439,64,196355
13734,0.001218,172.31.40.0-255,66,91505,64,196355
13735,0.001236,74.125.24.0-255,1484,92989,64,196355
13736,0.001261,172.31.40.0-255,66,93055,64,196355
13737,0.001275,74.125.24.0-255,2902,95957,64,196355
13738,0.001277,172.31.40.0-255,66,96023,64,196355
13739,0.001285,74.125.24.0-255,7156,103179,64,196355
13740,0.001287,172.31.40.0-255,66,103245,64,196355
13741,0.001308,74.125.24.0-255,2902,106147,64,196355
13742,0.001312,172.31.40.0-255,66,106213,64,196355
13743,0.001316,74.125.24.0-255,2902,109115,64,196355
13744,0.001318,172.31.40.0-255,66,109181,64,196355
13745,0.001343,74.125.24.0-255,6438,115619,64,196355
13746,0.001346,172.31.40.0-255,66,115685,64,196355
13747,0.001417,74.125.24.0-255,1484,117169,64,196355
13748,0.001423,74.125.24.0-255,2902,120071,64,196355
13749,0.001426,172.31.40.0-255,66,120137,64,196355
13750,0.001429,74.125.24.0-255,1484,121621,64,196355
13751,0.001444,74.125.24.0-255,1484,123105,64,196355
13752,0.001447,172.31.40.0-255,66,123171,64,196355
13753,0.001465,74.125.24.0-255,2902,126073,64,196355
13754,0.001467,172.31.40.0-255,66,126139,64,196355
13755,0.001479,74.125.24.0-255,7156,133295,64,196355
13756,0.001481,172.31.40.0-255,66,133361,64,196355
13757,0.001487,74.125.24.0-255,5738,139099,64,196355
13758,0.00149,172.31.40.0-255,66,139165,64,196355
13759,0.001524,172.31.40.0-255,66,139231,64,196355
13760,0.001529,74.125.24.0-255,2184,141415,64,196355
13761,0.00153,172.31.40.0-255,66,141481,64,196355
13762,0.001722,74.125.24.0-255,1484,142965,64,196355
13763,0.001743,74.125.24.0-255,2902,145867,64,196355
13764,0.001746,172.31.40.0-255,66,145933,64,196355
13765,0.001752,74.125.24.0-255,2902,148835,64,196355
13766,0.001754,172.31.40.0-255,66,148901,64,196355
13767,0.001771,74.125.24.0-255,2902,151803,64,196355
13768,0.001773,172.31.40.0-255,66,151869,64,196355
13769,0.001779,74.125.24.0-255,4320,156189,64,196355
13770,0.001781,172.31.40.0-255,66,156255,64,196355
13771,0.001785,74.125.24.0-255,2902,159157,64,196355
13772,0.001787,172.31.40.0-255,66,159223,64,196355
13773,0.001809,172.31.40.0-255,66,159289,64,196355
13774,0.001813,74.125.24.0-255,2902,162191,64,196355
13775,0.001815,172.31.40.0-255,66,162257,64,196355
13776,0.00185,172.31.40.0-255,66,162323,64,196355
13777,0.001864,74.125.24.0-255,766,163089,64,196355
13778,0.00188,172.31.40.0-255,66,163155,64,196355
13779,0.001903,74.125.24.0-255,4320,167475,64,196355
13780,0.001906,172.31.40.0-255,66,167541,64,196355
13781,0.001919,172.31.40.0-255,66,167607,64,196355
13782,0.001957,74.125.24.0-255,4320,171927,64,196355
13783,0.001959,172.31.40.0-255,66,171993,64,196355
13784,0.00199,74.125.24.0-255,7156,179149,64,196355
13785,0.001993,172.31.40.0-255,66,179215,64,196355
13786,0.002009,172.31.40.0-255,66,179281,64,196355
13787,0.002022,172.31.40.0-255,66,179347,64,196355
13788,0.002045,74.125.24.0-255,6438,185785,64,196355
13789,0.002048,172.31.40.0-255,66,185851,64,196355
13790,0.00206,172.31.40.0-255,66,185917,64,196355
13791,0.002064,74.125.24.0-255,2902,188819,64,196355
13792,0.002067,172.31.40.0-255,66,188885,64,196355
13793,0.002107,172.31.40.0-255,66,188951,64,196355
13794,0.002127,74.125.24.0-255,2705,191656,64,196355
13795,0.00213,172.31.40.0-255,66,191722,64,196355
13796,0.002132,74.125.24.0-255,105,191827,64,196355
13797,0.004007,172.31.40.0-255,66,191893,64,196355
13798,0.004045,172.31.40.0-255,105,191998,64,196355
13799,0.006185,74.125.24.0-255,66,192064,64,196355
13800,0.032203,172.31.40.0-255,171,192235,64,196355
13801,0.032234,172.31.40.0-255,1134,193369,64,196355
13802,0.032297,172.31.40.0-255,1514,194883,64,196355
13803,0.032298,172.31.40.0-255,1274,196157,64,196355
13804,0.033861,104.244.42.0-255,66,196223,64,196355
13805,0.034042,104.244.42.0-255,66,196289,64,196355
13806,0.034064,104.244.42.0-255,66,196355,64,196355
13807,0.0,74.125.200.0-255,153,153,64,251620
13808,1.9e-05,172.31.40.0-255,66,219,64,251620
13809,2.5e-05,74.125.200.0-255,1484,1703,64,251620
13810,2.9e-05,172.31.40.0-255,66,1769,64,251620
13811,5e-05,74.125.200.0-255,2902,4671,64,251620
13812,5.3e-05,172.31.40.0-255,66,4737,64,251620
13813,5.8e-05,74.125.200.0-255,2902,7639,64,251620
13814,6e-05,172.31.40.0-255,66,7705,64,251620
13815,8.3e-05,74.125.200.0-255,2902,10607,64,251620
13816,8.5e-05,172.31.40.0-255,66,10673,64,251620
13817,9.5e-05,172.31.40.0-255,66,10739,64,251620
13818,0.000126,172.31.40.0-255,66,10805,64,251620
13819,0.000131,74.125.200.0-255,3961,14766,64,251620
13820,0.000133,172.31.40.0-255,66,14832,64,251620
13821,0.000471,74.125.200.0-255,1484,16316,64,251620
13822,0.000476,172.31.40.0-255,66,16382,64,251620
13823,0.00049,74.125.200.0-255,2902,19284,64,251620
13824,0.000494,172.31.40.0-255,66,19350,64,251620
13825,0.000519,74.125.200.0-255,5738,25088,64,251620
13826,0.000522,172.31.40.0-255,66,25154,64,251620
13827,0.000528,74.125.200.0-255,6797,31951,64,251620
13828,0.00053,172.31.40.0-255,66,32017,64,251620
13829,0.000563,172.31.40.0-255,66,32083,64,251620
13830,0.000599,74.125.200.0-255,3961,36044,64,251620
13831,0.000602,172.31.40.0-255,66,36110,64,251620
13832,0.000632,74.125.200.0-255,1831,37941,64,251620
13833,0.000635,172.31.40.0-255,66,38007,64,251620
13834,0.000638,74.125.200.0-255,1484,39491,64,251620
13835,0.000639,172.31.40.0-255,66,39557,64,251620
13836,0.000654,74.125.200.0-255,1484,41041,64,251620
13837,0.00066,74.125.200.0-255,2902,43943,64,251620
13838,0.000662,172.31.40.0-255,66,44009,64,251620
13839,0.000683,74.125.200.0-255,4320,48329,64,251620
13840,0.000685,172.31.40.0-255,66,48395,64,251620
13841,0.000691,74.125.200.0-255,5620,54015,64,251620
13842,0.000692,172.31.40.0-255,66,54081,64,251620
13843,0.000825,74.125.200.0-255,1484,55565,64,251620
13844,0.000829,74.125.200.0-255,1484,57049,64,251620
13845,0.000832,172.31.40.0-255,66,57115,64,251620
13846,0.000848,74.125.200.0-255,1484,58599,64,251620
13847,0.000853,74.125.200.0-255,2902,61501,64,251620
13848,0.000854,172.31.40.0-255,66,61567,64,251620
13849,0.000876,74.125.200.0-255,1484,63051,64,251620
13850,0.000882,74.125.200.0-255,4320,67371,64,251620
13851,0.000884,172.31.40.0-255,66,67437,64,251620
13852,0.000903,74.125.200.0-255,4320,71757,64,251620
13853,0.000905,172.31.40.0-255,66,71823,64,251620
13854,0.000911,74.125.200.0-255,5738,77561,64,251620
13855,0.000912,172.31.40.0-255,66,77627,64,251620
13856,0.000932,74.125.200.0-255,2902,80529,64,251620
13857,0.000935,172.31.40.0-255,66,80595,64,251620
13858,0.000956,74.125.200.0-255,2902,83497,64,251620
13859,0.000958,172.31.40.0-255,66,83563,64,251620
13860,0.000975,74.125.200.0-255,5020,88583,64,251620
13861,0.000978,172.31.40.0-255,66,88649,64,251620
13862,0.001834,74.125.200.0-255,1484,90133,64,251620
13863,0.001844,74.125.200.0-255,2902,93035,64,251620
13864,0.001849,172.31.40.0-255,66,93101,64,251620
13865,0.001858,74.125.200.0-255,5738,98839,64,251620
13866,0.00186,172.31.40.0-255,66,98905,64,251620
13867,0.001864,74.125.200.0-255,1484,100389,64,251620
13868,0.001891,74.125.200.0-255,5738,106127,64,251620
13869,0.001894,172.31.40.0-255,66,106193,64,251620
13870,0.001899,74.125.200.0-255,2902,109095,64,251620
13871,0.001901,172.31.40.0-255,66,109161,64,251620
13872,0.001923,172.31.40.0-255,66,109227,64,251620
13873,0.001949,74.125.200.0-255,5020,114247,64,251620
13874,0.001952,172.31.40.0-255,66,114313,64,251620
13875,0.002032,74.125.200.0-255,1484,115797,64,251620
13876,0.002059,74.125.200.0-255,2902,118699,64,251620
13877,0.002064,172.31.40.0-255,66,118765,64,251620
13878,0.002082,74.125.200.0-255,1484,120249,64,251620
13879,0.002088,74.125.200.0-255,4320,124569,64,251620
13880,0.00209,172.31.40.0-255,66,124635,64,251620
13881,0.00211,74.125.200.0-255,1484,126119,64,251620
13882,0.002125,172.31.40.0-255,66,126185,64,251620
13883,0.002131,74.125.200.0-255,4320,130505,64,251620
13884,0.002133,172.31.40.0-255,66,130571,64,251620
13885,0.002171,74.125.200.0-255,5020,135591,64,251620
13886,0.002174,172.31.40.0-255,66,135657,64,251620
13887,0.002284,74.125.200.0-255,1484,137141,64,251620
13888,0.002304,74.125.200.0-255,2902,140043,64,251620
13889,0.002306,172.31.40.0-255,66,140109,64,251620
13890,0.002335,74.125.200.0-255,2902,143011,64,251620
13891,0.002337,172.31.40.0-255,66,143077,64,251620
13892,0.002356,74.125.200.0-255,2902,145979,64,251620
13893,0.002359,172.31.40.0-255,66,146045,64,251620
13894,0.002379,74.125.200.0-255,1484,147529,64,251620
13895,0.00239,172.31.40.0-255,66,147595,64,251620
13896,0.002429,74.125.200.0-255,5738,153333,64,251620
13897,0.002432,172.31.40.0-255,66,153399,64,251620
13898,0.002448,74.125.200.0-255,1484,154883,64,251620
13899,0.002456,74.125.200.0-255,6438,161321,64,251620
13900,0.002458,172.31.40.0-255,66,161387,64,251620
13901,0.004877,74.125.200.0-255,2902,164289,64,251620
13902,0.004881,172.31.40.0-255,66,164355,64,251620
13903,0.004895,74.125.200.0-255,2902,167257,64,251620
13904,0.004897,172.31.40.0-255,66,167323,64,251620
13905,0.007318,74.125.200.0-255,5738,173061,64,251620
13906,0.007325,172.31.40.0-255,66,173127,64,251620
13907,0.009762,74.125.200.0-255,5738,178865,64,251620
13908,0.009767,172.31.40.0-255,66,178931,64,251620
13909,0.012217,74.125.200.0-255,5738,184669,64,251620
13910,0.012226,172.31.40.0-255,66,184735,64,251620
13911,0.014689,74.125.200.0-255,5738,190473,64,251620
13912,0.014699,172.31.40.0-255,66,190539,64,251620
13913,0.017146,74.125.200.0-255,5738,196277,64,251620
13914,0.017157,172.31.40.0-255,66,196343,64,251620
13915,0.019596,74.125.200.0-255,4320,200663,64,251620
13916,0.019603,172.31.40.0-255,66,200729,64,251620
13917,0.019622,74.125.200.0-255,1484,202213,64,251620
13918,0.022039,74.125.200.0-255,4320,206533,64,251620
13919,0.022046,172.31.40.0-255,66,206599,64,251620
13920,0.0245,74.125.200.0-255,5738,212337,64,251620
13921,0.024507,172.31.40.0-255,66,212403,64,251620
13922,0.026951,74.125.200.0-255,5738,218141,64,251620
13923,0.026961,172.31.40.0-255,66,218207,64,251620
13924,0.0294,74.125.200.0-255,5738,223945,64,251620
13925,0.029408,172.31.40.0-255,66,224011,64,251620
13926,0.030091,172.31.40.0-255,172,224183,64,251620
13927,0.030123,172.31.40.0-255,1108,225291,64,251620
13928,0.030181,172.31.40.0-255,1514,226805,64,251620
13929,0.030183,172.31.40.0-255,1300,228105,64,251620
13930,0.031783,104.244.42.0-255,66,228171,64,251620
13931,0.031812,104.244.42.0-255,66,228237,64,251620
13932,0.031855,104.244.42.0-255,66,228303,64,251620
13933,0.032009,74.125.200.0-255,5738,234041,64,251620
13934,0.032015,172.31.40.0-255,66,234107,64,251620
13935,0.034457,74.125.200.0-255,5738,239845,64,251620
13936,0.034464,172.31.40.0-255,66,239911,64,251620
13937,0.036905,74.125.200.0-255,5738,245649,64,251620
13938,0.036911,172.31.40.0-255,66,245715,64,251620
13939,0.039355,74.125.200.0-255,5738,251453,64,251620
13940,0.039362,172.31.40.0-255,66,251519,64,251620
13941,0.039465,172.31.40.0-255,101,251620,64,251620
13942,0.0,172.217.194.0-255,150,150,64,279137
13943,1.6e-05,172.31.40.0-255,66,216,64,279137
13944,2.3e-05,172.217.194.0-255,1484,1700,64,279137
13945,2.7e-05,172.31.40.0-255,66,1766,64,279137
13946,3.3e-05,172.217.194.0-255,2902,4668,64,279137
13947,3.6e-05,172.31.40.0-255,66,4734,64,279137
13948,4.3e-05,172.217.194.0-255,7156,11890,64,279137
13949,4.7e-05,172.31.40.0-255,66,11956,64,279137
13950,5.1e-05,172.217.194.0-255,2164,14120,64,279137
13951,5.4e-05,172.31.40.0-255,66,14186,64,279137
13952,0.000137,172.217.194.0-255,1484,15670,64,279137
13953,0.00014,172.31.40.0-255,66,15736,64,279137
13954,0.00016,172.217.194.0-255,2902,18638,64,279137
13955,0.000163,172.31.40.0-255,66,18704,64,279137
13956,0.00017,172.217.194.0-255,5738,24442,64,279137
13957,0.000173,172.31.40.0-255,66,24508,64,279137
13958,0.000229,172.217.194.0-255,4320,28828,64,279137
13959,0.000232,172.31.40.0-255,66,28894,64,279137
13960,0.000261,172.217.194.0-255,5379,34273,64,279137
13961,0.000263,172.31.40.0-255,66,34339,64,279137
13962,0.000274,172.31.40.0-255,66,34405,64,279137
13963,0.000279,172.217.194.0-255,3961,38366,64,279137
13964,0.000282,172.31.40.0-255,66,38432,64,279137
13965,0.001103,172.217.194.0-255,1484,39916,64,279137
13966,0.001109,172.31.40.0-255,66,39982,64,279137
13967,0.001121,172.217.194.0-255,2902,42884,64,279137
13968,0.001123,172.31.40.0-255,66,42950,64,279137
13969,0.001128,172.217.194.0-255,2902,45852,64,279137
13970,0.00113,172.31.40.0-255,66,45918,64,279137
13971,0.001154,172.217.194.0-255,2902,48820,64,279137
13972,0.001157,172.31.40.0-255,66,48886,64,279137
13973,0.001181,172.217.194.0-255,4320,53206,64,279137
13974,0.001183,172.31.40.0-255,66,53272,64,279137
13975,0.001201,172.217.194.0-255,3122,56394,64,279137
13976,0.001204,172.31.40.0-255,66,56460,64,279137
13977,0.001241,172.217.194.0-255,1484,57944,64,279137
13978,0.001245,172.217.194.0-255,1484,59428,64,279137
13979,0.001248,172.31.40.0-255,66,59494,64,279137
13980,0.001263,172.217.194.0-255,1484,60978,64,279137
13981,0.001267,172.217.194.0-255,1484,62462,64,279137
13982,0.001269,172.31.40.0-255,66,62528,64,279137
13983,0.001291,172.217.194.0-255,4320,66848,64,279137
13984,0.001293,172.31.40.0-255,66,66914,64,279137
13985,0.001329,172.217.194.0-255,1484,68398,64,279137
13986,0.001348,172.217.194.0-255,2902,71300,64,279137
13987,0.001351,172.31.40.0-255,66,71366,64,279137
13988,0.001384,172.217.194.0-255,1484,72850,64,279137
13989,0.00139,172.217.194.0-255,2902,75752,64,279137
13990,0.001393,172.31.40.0-255,66,75818,64,279137
13991,0.001422,172.217.194.0-255,1484,77302,64,279137
13992,0.001443,172.217.194.0-255,4320,81622,64,279137
13993,0.001446,172.31.40.0-255,66,81688,64,279137
13994,0.001466,172.217.194.0-255,2902,84590,64,279137
13995,0.001468,172.31.40.0-255,66,84656,64,279137
13996,0.001489,172.217.194.0-255,2902,87558,64,279137
13997,0.001491,172.31.40.0-255,66,87624,64,279137
13998,0.00151,172.217.194.0-255,1484,89108,64,279137
13999,0.001514,172.217.194.0-255,2184,91292,64,279137
14000,0.001517,172.31.40.0-255,66,91358,64,279137
14001,0.001809,172.217.194.0-255,1484,92842,64,279137
14002,0.001816,172.217.194.0-255,2902,95744,64,279137
14003,0.00182,172.31.40.0-255,66,95810,64,279137
14004,0.001826,172.217.194.0-255,4320,100130,64,279137
14005,0.001829,172.31.40.0-255,66,100196,64,279137
14006,0.00184,172.217.194.0-255,1484,101680,64,279137
14007,0.001844,172.217.194.0-255,1484,103164,64,279137
14008,0.001846,172.31.40.0-255,66,103230,64,279137
14009,0.00188,172.31.40.0-255,66,103296,64,279137
14010,0.001885,172.217.194.0-255,2902,106198,64,279137
14011,0.001887,172.31.40.0-255,66,106264,64,279137
14012,0.001913,172.31.40.0-255,66,106330,64,279137
14013,0.001992,172.217.194.0-255,1484,107814,64,279137
14014,0.001996,172.217.194.0-255,2902,110716,64,279137
14015,0.001999,172.31.40.0-255,66,110782,64,279137
14016,0.002017,172.217.194.0-255,2902,113684,64,279137
14017,0.002019,172.31.40.0-255,66,113750,64,279137
14018,0.002032,172.217.194.0-255,2902,116652,64,279137
14019,0.002035,172.31.40.0-255,66,116718,64,279137
14020,0.002042,172.217.194.0-255,5738,122456,64,279137
14021,0.002044,172.31.40.0-255,66,122522,64,279137
14022,0.00207,172.217.194.0-255,5738,128260,64,279137
14023,0.002073,172.31.40.0-255,66,128326,64,279137
14024,0.002085,172.31.40.0-255,66,128392,64,279137
14025,0.00228,172.217.194.0-255,1484,129876,64,279137
14026,0.002294,172.217.194.0-255,2902,132778,64,279137
14027,0.002296,172.31.40.0-255,66,132844,64,279137
14028,0.002303,172.217.194.0-255,5738,138582,64,279137
14029,0.002306,172.31.40.0-255,66,138648,64,279137
14030,0.002332,172.217.194.0-255,4320,142968,64,279137
14031,0.002335,172.31.40.0-255,66,143034,64,279137
14032,0.002365,172.31.40.0-255,66,143100,64,279137
14033,0.002372,172.217.194.0-255,7156,150256,64,279137
14034,0.002374,172.31.40.0-255,66,150322,64,279137
14035,0.002391,172.217.194.0-255,3602,153924,64,279137
14036,0.002394,172.31.40.0-255,66,153990,64,279137
14037,0.002416,172.217.194.0-255,4320,158310,64,279137
14038,0.002418,172.31.40.0-255,66,158376,64,279137
14039,0.002485,172.31.40.0-255,66,158442,64,279137
14040,0.002504,172.31.40.0-255,66,158508,64,279137
14041,0.002514,172.31.40.0-255,66,158574,64,279137
14042,0.002517,172.217.194.0-255,1484,160058,64,279137
14043,0.002521,172.217.194.0-255,2902,162960,64,279137
14044,0.002524,172.31.40.0-255,66,163026,64,279137
14045,0.002528,172.217.194.0-255,2902,165928,64,279137
14046,0.00253,172.31.40.0-255,66,165994,64,279137
14047,0.002557,172.217.194.0-255,2902,168896,64,279137
14048,0.00256,172.31.40.0-255,66,168962,64,279137
14049,0.002572,172.217.194.0-255,7156,176118,64,279137
14050,0.002574,172.31.40.0-255,66,176184,64,279137
14051,0.00259,172.217.194.0-255,4320,180504,64,279137
14052,0.002592,172.31.40.0-255,66,180570,64,279137
14053,0.002597,172.217.194.0-255,4320,184890,64,279137
14054,0.002599,172.31.40.0-255,66,184956,64,279137
14055,0.002627,172.31.40.0-255,66,185022,64,279137
14056,0.002722,172.217.194.0-255,1484,186506,64,279137
14057,0.002735,172.217.194.0-255,2902,189408,64,279137
14058,0.002737,172.31.40.0-255,66,189474,64,279137
14059,0.00274,172.217.194.0-255,1484,190958,64,279137
14060,0.00276,172.217.194.0-255,4320,195278,64,279137
14061,0.002762,172.31.40.0-255,66,195344,64,279137
14062,0.002803,172.31.40.0-255,66,195410,64,279137
14063,0.002821,172.217.194.0-255,2902,198312,64,279137
14064,0.002823,172.31.40.0-255,66,198378,64,279137
14065,0.002826,172.217.194.0-255,1484,199862,64,279137
14066,0.002845,172.217.194.0-255,5738,205600,64,279137
14067,0.002848,172.31.40.0-255,66,205666,64,279137
14068,0.002876,172.31.40.0-255,66,205732,64,279137
14069,0.00288,172.217.194.0-255,2902,208634,64,279137
14070,0.002882,172.31.40.0-255,66,208700,64,279137
14071,0.002905,172.217.194.0-255,7156,215856,64,279137
14072,0.002908,172.31.40.0-255,66,215922,64,279137
14073,0.002929,172.217.194.0-255,1484,217406,64,279137
14074,0.002959,172.31.40.0-255,66,217472,64,279137
14075,0.003003,172.217.194.0-255,1484,218956,64,279137
14076,0.003016,172.217.194.0-255,1484,220440,64,279137
14077,0.003019,172.31.40.0-255,66,220506,64,279137
14078,0.003036,172.217.194.0-255,2184,222690,64,279137
14079,0.003039,172.31.40.0-255,66,222756,64,279137
14080,0.003046,172.217.194.0-255,5738,228494,64,279137
14081,0.003048,172.31.40.0-255,66,228560,64,279137
14082,0.003055,172.217.194.0-255,7156,235716,64,279137
14083,0.003057,172.31.40.0-255,66,235782,64,279137
14084,0.003069,172.31.40.0-255,66,235848,64,279137
14085,0.003084,172.217.194.0-255,1484,237332,64,279137
14086,0.003102,172.217.194.0-255,4320,241652,64,279137
14087,0.003104,172.31.40.0-255,66,241718,64,279137
14088,0.003126,172.217.194.0-255,5020,246738,64,279137
14089,0.003129,172.31.40.0-255,66,246804,64,279137
14090,0.003319,172.217.194.0-255,1484,248288,64,279137
14091,0.003334,172.217.194.0-255,2902,251190,64,279137
14092,0.003337,172.31.40.0-255,66,251256,64,279137
14093,0.003343,172.217.194.0-255,5738,256994,64,279137
14094,0.003345,172.31.40.0-255,66,257060,64,279137
14095,0.003366,172.217.194.0-255,2902,259962,64,279137
14096,0.003368,172.31.40.0-255,66,260028,64,279137
14097,0.003393,172.31.40.0-255,66,260094,64,279137
14098,0.003437,172.217.194.0-255,7156,267250,64,279137
14099,0.00344,172.31.40.0-255,66,267316,64,279137
14100,0.003468,172.217.194.0-255,3602,270918,64,279137
14101,0.00347,172.31.40.0-255,66,270984,64,279137
14102,0.003476,172.217.194.0-255,4619,275603,64,279137
14103,0.003478,172.31.40.0-255,66,275669,64,279137
14104,0.003481,172.217.194.0-255,105,275774,64,279137
14105,0.012274,172.31.40.0-255,66,275840,64,279137
14106,0.012325,172.31.40.0-255,105,275945,64,279137
14107,0.014922,172.217.194.0-255,66,276011,64,279137
14108,0.038463,172.31.40.0-255,167,276178,64,279137
14109,0.038499,172.31.40.0-255,1107,277285,64,279137
14110,0.038565,172.31.40.0-255,1514,278799,64,279137
14111,0.038567,172.31.40.0-255,338,279137,64,279137
14112,0.0,172.217.194.0-255,153,153,64,256523
14113,2.1e-05,172.31.40.0-255,66,219,64,256523
14114,2.8e-05,172.217.194.0-255,1484,1703,64,256523
14115,3.2e-05,172.31.40.0-255,66,1769,64,256523
14116,3.9e-05,172.217.194.0-255,2902,4671,64,256523
14117,4.2e-05,172.31.40.0-255,66,4737,64,256523
14118,4.9e-05,172.217.194.0-255,7156,11893,64,256523
14119,5.3e-05,172.31.40.0-255,66,11959,64,256523
14120,5.6e-05,172.217.194.0-255,1484,13443,64,256523
14121,5.8e-05,172.31.40.0-255,66,13509,64,256523
14122,6.2e-05,172.217.194.0-255,604,14113,64,256523
14123,6.4e-05,172.31.40.0-255,66,14179,64,256523
14124,0.000142,172.217.194.0-255,1484,15663,64,256523
14125,0.000145,172.31.40.0-255,66,15729,64,256523
14126,0.00015,172.217.194.0-255,2902,18631,64,256523
14127,0.000152,172.31.40.0-255,66,18697,64,256523
14128,0.000157,172.217.194.0-255,4320,23017,64,256523
14129,0.00016,172.31.40.0-255,66,23083,64,256523
14130,0.000183,172.217.194.0-255,1484,24567,64,256523
14131,0.000185,172.31.40.0-255,66,24633,64,256523
14132,0.000193,172.217.194.0-255,6797,31430,64,256523
14133,0.000195,172.31.40.0-255,66,31496,64,256523
14134,0.000241,172.217.194.0-255,1484,32980,64,256523
14135,0.000244,172.31.40.0-255,66,33046,64,256523
14136,0.000248,172.217.194.0-255,2902,35948,64,256523
14137,0.000251,172.31.40.0-255,66,36014,64,256523
14138,0.000283,172.217.194.0-255,5738,41752,64,256523
14139,0.000286,172.31.40.0-255,66,41818,64,256523
14140,0.000291,172.217.194.0-255,4320,46138,64,256523
14141,0.000293,172.31.40.0-255,66,46204,64,256523
14142,0.000322,172.217.194.0-255,2543,48747,64,256523
14143,0.000325,172.31.40.0-255,66,48813,64,256523
14144,0.000531,172.217.194.0-255,1484,50297,64,256523
14145,0.000548,172.217.194.0-255,2902,53199,64,256523
14146,0.000553,172.31.40.0-255,66,53265,64,256523
14147,0.000559,172.217.194.0-255,5738,59003,64,256523
14148,0.000562,172.31.40.0-255,66,59069,64,256523
14149,0.000615,172.31.40.0-255,66,59135,64,256523
14150,0.000658,172.217.194.0-255,1484,60619,64,256523
14151,0.000664,172.217.194.0-255,2902,63521,64,256523
14152,0.000667,172.31.40.0-255,66,63587,64,256523
14153,0.00067,172.217.194.0-255,1484,65071,64,256523
14154,0.000685,172.217.194.0-255,4320,69391,64,256523
14155,0.000688,172.31.40.0-255,66,69457,64,256523
14156,0.000715,172.217.194.0-255,2902,72359,64,256523
14157,0.000718,172.31.40.0-255,66,72425,64,256523
14158,0.000728,172.31.40.0-255,66,72491,64,256523
14159,0.000766,172.31.40.0-255,66,72557,64,256523
14160,0.000817,172.217.194.0-255,1484,74041,64,256523
14161,0.000831,172.217.194.0-255,2902,76943,64,256523
14162,0.000834,172.31.40.0-255,66,77009,64,256523
14163,0.000839,172.217.194.0-255,2902,79911,64,256523
14164,0.000841,172.31.40.0-255,66,79977,64,256523
14165,0.000858,172.217.194.0-255,2902,82879,64,256523
14166,0.000863,172.31.40.0-255,66,82945,64,256523
14167,0.000903,172.31.40.0-255,66,83011,64,256523
14168,0.000915,172.31.40.0-255,66,83077,64,256523
14169,0.000933,172.217.194.0-255,2184,85261,64,256523
14170,0.000936,172.31.40.0-255,66,85327,64,256523
14171,0.000954,172.217.194.0-255,1484,86811,64,256523
14172,0.000958,172.217.194.0-255,2902,89713,64,256523
14173,0.00096,172.31.40.0-255,66,89779,64,256523
14174,0.000963,172.217.194.0-255,1484,91263,64,256523
14175,0.000986,172.217.194.0-255,4320,95583,64,256523
14176,0.000989,172.31.40.0-255,66,95649,64,256523
14177,0.000992,172.217.194.0-255,1484,97133,64,256523
14178,0.001021,172.31.40.0-255,66,97199,64,256523
14179,0.001027,172.217.194.0-255,4320,101519,64,256523
14180,0.001032,172.31.40.0-255,66,101585,64,256523
14181,0.001041,172.217.194.0-255,2902,104487,64,256523
14182,0.001045,172.31.40.0-255,66,104553,64,256523
14183,0.001056,172.217.194.0-255,3602,108155,64,256523
14184,0.001093,172.31.40.0-255,66,108221,64,256523
14185,0.001098,172.31.40.0-255,66,108287,64,256523
14186,0.001145,172.31.40.0-255,66,108353,64,256523
14187,0.001331,172.217.194.0-255,1484,109837,64,256523
14188,0.001336,172.217.194.0-255,1484,111321,64,256523
14189,0.001339,172.31.40.0-255,66,111387,64,256523
14190,0.001359,172.217.194.0-255,1484,112871,64,256523
14191,0.001366,172.217.194.0-255,5738,118609,64,256523
14192,0.001368,172.217.194.0-255,1484,120093,64,256523
14193,0.001387,172.217.194.0-255,4320,124413,64,256523
14194,0.00139,172.31.40.0-255,66,124479,64,256523
14195,0.001399,172.31.40.0-255,66,124545,64,256523
14196,0.001406,172.217.194.0-255,7156,131701,64,256523
14197,0.001422,172.217.194.0-255,1484,133185,64,256523
14198,0.001428,172.217.194.0-255,5738,138923,64,256523
14199,0.001443,172.217.194.0-255,3602,142525,64,256523
14200,0.001447,172.31.40.0-255,66,142591,64,256523
14201,0.001452,172.31.40.0-255,66,142657,64,256523
14202,0.00203,172.217.194.0-255,1484,144141,64,256523
14203,0.002038,172.217.194.0-255,2902,147043,64,256523
14204,0.002042,172.31.40.0-255,66,147109,64,256523
14205,0.002049,172.217.194.0-255,5738,152847,64,256523
14206,0.002051,172.31.40.0-255,66,152913,64,256523
14207,0.002115,172.31.40.0-255,66,152979,64,256523
14208,0.002135,172.217.194.0-255,2902,155881,64,256523
14209,0.002137,172.31.40.0-255,66,155947,64,256523
14210,0.002217,172.217.194.0-255,1484,157431,64,256523
14211,0.002243,172.217.194.0-255,2902,160333,64,256523
14212,0.00225,172.217.194.0-255,5738,166071,64,256523
14213,0.002288,172.217.194.0-255,5738,171809,64,256523
14214,0.002332,172.217.194.0-255,5020,176829,64,256523
14215,0.007853,172.31.40.0-255,66,176895,64,256523
14216,0.010196,172.217.194.0-255,5738,182633,64,256523
14217,0.010206,172.31.40.0-255,66,182699,64,256523
14218,0.012477,172.217.194.0-255,5738,188437,64,256523
14219,0.012485,172.31.40.0-255,66,188503,64,256523
14220,0.014775,172.217.194.0-255,5738,194241,64,256523
14221,0.014782,172.31.40.0-255,66,194307,64,256523
14222,0.017076,172.217.194.0-255,5738,200045,64,256523
14223,0.017084,172.31.40.0-255,66,200111,64,256523
14224,0.019402,172.217.194.0-255,5738,205849,64,256523
14225,0.019411,172.31.40.0-255,66,205915,64,256523
14226,0.021682,172.217.194.0-255,5738,211653,64,256523
14227,0.02169,172.31.40.0-255,66,211719,64,256523
14228,0.024006,172.217.194.0-255,5738,217457,64,256523
14229,0.024012,172.31.40.0-255,66,217523,64,256523
14230,0.026324,172.217.194.0-255,5738,223261,64,256523
14231,0.02633,172.31.40.0-255,66,223327,64,256523
14232,0.028527,172.31.40.0-255,172,223499,64,256523
14233,0.028559,172.31.40.0-255,1112,224611,64,256523
14234,0.028618,172.217.194.0-255,5738,230349,64,256523
14235,0.028623,172.31.40.0-255,66,230415,64,256523
14236,0.028652,172.31.40.0-255,1514,231929,64,256523
14237,0.028653,172.31.40.0-255,1180,233109,64,256523
14238,0.030088,104.244.42.0-255,66,233175,64,256523
14239,0.030127,104.244.42.0-255,66,233241,64,256523
14240,0.030218,104.244.42.0-255,66,233307,64,256523
14241,0.030949,172.217.194.0-255,5738,239045,64,256523
14242,0.030955,172.31.40.0-255,66,239111,64,256523
14243,0.033296,172.217.194.0-255,5738,244849,64,256523
14244,0.033304,172.31.40.0-255,66,244915,64,256523
14245,0.035636,172.217.194.0-255,5738,250653,64,256523
14246,0.035646,172.31.40.0-255,66,250719,64,256523
14247,0.037977,172.217.194.0-255,5738,256457,64,256523
14248,0.037983,172.31.40.0-255,66,256523,64,256523
14249,0.0,74.125.24.0-255,156,156,64,247990
14250,2.1e-05,172.31.40.0-255,66,222,64,247990
14251,2.8e-05,74.125.24.0-255,1484,1706,64,247990
14252,3.2e-05,172.31.40.0-255,66,1772,64,247990
14253,3.8e-05,74.125.24.0-255,2902,4674,64,247990
14254,4.2e-05,172.31.40.0-255,66,4740,64,247990
14255,4.9e-05,74.125.24.0-255,7156,11896,64,247990
14256,5.1e-05,172.31.40.0-255,66,11962,64,247990
14257,5.7e-05,74.125.24.0-255,4930,16892,64,247990
14258,5.9e-05,172.31.40.0-255,66,16958,64,247990
14259,8.6e-05,172.31.40.0-255,66,17024,64,247990
14260,0.000109,74.125.24.0-255,5379,22403,64,247990
14261,0.000111,172.31.40.0-255,66,22469,64,247990
14262,0.000218,74.125.24.0-255,1484,23953,64,247990
14263,0.000221,172.31.40.0-255,66,24019,64,247990
14264,0.000227,74.125.24.0-255,2902,26921,64,247990
14265,0.000229,172.31.40.0-255,66,26987,64,247990
14266,0.000245,74.125.24.0-255,2902,29889,64,247990
14267,0.000247,172.31.40.0-255,66,29955,64,247990
14268,0.000267,74.125.24.0-255,2902,32857,64,247990
14269,0.000269,172.31.40.0-255,66,32923,64,247990
14270,0.000275,74.125.24.0-255,5738,38661,64,247990
14271,0.000277,172.31.40.0-255,66,38727,64,247990
14272,0.000279,74.125.24.0-255,1484,40211,64,247990
14273,0.000281,172.31.40.0-255,66,40277,64,247990
14274,0.000313,172.31.40.0-255,66,40343,64,247990
14275,0.000317,74.125.24.0-255,3961,44304,64,247990
14276,0.000319,172.31.40.0-255,66,44370,64,247990
14277,0.000343,74.125.24.0-255,363,44733,64,247990
14278,0.000346,172.31.40.0-255,66,44799,64,247990
14279,0.000435,74.125.24.0-255,1484,46283,64,247990
14280,0.000441,74.125.24.0-255,1484,47767,64,247990
14281,0.000443,172.31.40.0-255,66,47833,64,247990
14282,0.000462,74.125.24.0-255,1484,49317,64,247990
14283,0.000469,74.125.24.0-255,5738,55055,64,247990
14284,0.000471,172.31.40.0-255,66,55121,64,247990
14285,0.000506,74.125.24.0-255,7156,62277,64,247990
14286,0.000509,172.31.40.0-255,66,62343,64,247990
14287,0.000535,74.125.24.0-255,6797,69140,64,247990
14288,0.000538,172.31.40.0-255,66,69206,64,247990
14289,0.000545,74.125.24.0-255,7156,76362,64,247990
14290,0.000547,172.31.40.0-255,66,76428,64,247990
14291,0.000561,74.125.24.0-255,2834,79262,64,247990
14292,0.000563,172.31.40.0-255,66,79328,64,247990
14293,0.000588,74.125.24.0-255,2902,82230,64,247990
14294,0.00059,172.31.40.0-255,66,82296,64,247990
14295,0.000605,74.125.24.0-255,4320,86616,64,247990
14296,0.000607,172.31.40.0-255,66,86682,64,247990
14297,0.000632,74.125.24.0-255,2902,89584,64,247990
14298,0.000634,172.31.40.0-255,66,89650,64,247990
14299,0.000641,74.125.24.0-255,6249,95899,64,247990
14300,0.000643,172.31.40.0-255,66,95965,64,247990
14301,0.000747,74.125.24.0-255,1484,97449,64,247990
14302,0.000751,74.125.24.0-255,1484,98933,64,247990
14303,0.000753,172.31.40.0-255,66,98999,64,247990
14304,0.000771,74.125.24.0-255,1484,100483,64,247990
14305,0.000778,74.125.24.0-255,5738,106221,64,247990
14306,0.000779,172.31.40.0-255,66,106287,64,247990
14307,0.00079,74.125.24.0-255,2902,109189,64,247990
14308,0.000793,172.31.40.0-255,66,109255,64,247990
14309,0.000827,172.31.40.0-255,66,109321,64,247990
14310,0.000832,74.125.24.0-255,4320,113641,64,247990
14311,0.000834,172.31.40.0-255,66,113707,64,247990
14312,0.000862,74.125.24.0-255,6438,120145,64,247990
14313,0.000865,172.31.40.0-255,66,120211,64,247990
14314,0.001113,74.125.24.0-255,1484,121695,64,247990
14315,0.001133,74.125.24.0-255,2902,124597,64,247990
14316,0.001138,74.125.24.0-255,5738,130335,64,247990
14317,0.001142,172.31.40.0-255,66,130401,64,247990
14318,0.001145,172.31.40.0-255,66,130467,64,247990
14319,0.00119,172.31.40.0-255,66,130533,64,247990
14320,0.001197,74.125.24.0-255,7156,137689,64,247990
14321,0.001198,172.31.40.0-255,66,137755,64,247990
14322,0.001209,74.125.24.0-255,1484,139239,64,247990
14323,0.001234,74.125.24.0-255,2184,141423,64,247990
14324,0.001236,172.31.40.0-255,66,141489,64,247990
14325,0.001239,74.125.24.0-255,1484,142973,64,247990
14326,0.001255,74.125.24.0-255,1484,144457,64,247990
14327,0.001258,74.125.24.0-255,1484,145941,64,247990
14328,0.00126,172.31.40.0-255,66,146007,64,247990
14329,0.001275,74.125.24.0-255,5738,151745,64,247990
14330,0.001277,172.31.40.0-255,66,151811,64,247990
14331,0.001287,172.31.40.0-255,66,151877,64,247990
14332,0.001327,74.125.24.0-255,4320,156197,64,247990
14333,0.001331,172.31.40.0-255,66,156263,64,247990
14334,0.001361,172.31.40.0-255,66,156329,64,247990
14335,0.001393,74.125.24.0-255,1484,157813,64,247990
14336,0.001398,74.125.24.0-255,2902,160715,64,247990
14337,0.0014,172.31.40.0-255,66,160781,64,247990
14338,0.001434,74.125.24.0-255,2902,163683,64,247990
14339,0.001436,172.31.40.0-255,66,163749,64,247990
14340,0.001448,74.125.24.0-255,2902,166651,64,247990
14341,0.001449,172.31.40.0-255,66,166717,64,247990
14342,0.001462,172.31.40.0-255,66,166783,64,247990
14343,0.001486,74.125.24.0-255,7156,173939,64,247990
14344,0.001488,172.31.40.0-255,66,174005,64,247990
14345,0.001513,74.125.24.0-255,3602,177607,64,247990
14346,0.001516,172.31.40.0-255,66,177673,64,247990
14347,0.001526,172.31.40.0-255,66,177739,64,247990
14348,0.001543,74.125.24.0-255,1484,179223,64,247990
14349,0.001549,74.125.24.0-255,5738,184961,64,247990
14350,0.001551,172.31.40.0-255,66,185027,64,247990
14351,0.001587,74.125.24.0-255,1484,186511,64,247990
14352,0.001621,172.31.40.0-255,66,186577,64,247990
14353,0.001633,74.125.24.0-255,2184,188761,64,247990
14354,0.001637,172.31.40.0-255,66,188827,64,247990
14355,0.001766,74.125.24.0-255,1484,190311,64,247990
14356,0.001782,74.125.24.0-255,2902,193213,64,247990
14357,0.001785,172.31.40.0-255,66,193279,64,247990
14358,0.001792,74.125.24.0-255,5738,199017,64,247990
14359,0.001793,172.31.40.0-255,66,199083,64,247990
14360,0.001807,74.125.24.0-255,2902,201985,64,247990
14361,0.001809,172.31.40.0-255,66,202051,64,247990
14362,0.001824,74.125.24.0-255,7156,209207,64,247990
14363,0.001825,172.31.40.0-255,66,209273,64,247990
14364,0.001847,74.125.24.0-255,2902,212175,64,247990
14365,0.001849,172.31.40.0-255,66,212241,64,247990
14366,0.001861,172.31.40.0-255,66,212307,64,247990
14367,0.001881,74.125.24.0-255,2902,215209,64,247990
14368,0.001883,172.31.40.0-255,66,215275,64,247990
14369,0.001914,172.31.40.0-255,66,215341,64,247990
14370,0.001919,74.125.24.0-255,5738,221079,64,247990
14371,0.001921,172.31.40.0-255,66,221145,64,247990
14372,0.001943,172.31.40.0-255,66,221211,64,247990
14373,0.001948,74.125.24.0-255,5738,226949,64,247990
14374,0.00195,172.31.40.0-255,66,227015,64,247990
14375,0.00197,74.125.24.0-255,766,227781,64,247990
14376,0.001987,74.125.24.0-255,4320,232101,64,247990
14377,0.00199,172.31.40.0-255,66,232167,64,247990
14378,0.002012,74.125.24.0-255,5738,237905,64,247990
14379,0.002015,172.31.40.0-255,66,237971,64,247990
14380,0.002048,172.31.40.0-255,66,238037,64,247990
14381,0.002053,74.125.24.0-255,5020,243057,64,247990
14382,0.002055,172.31.40.0-255,66,243123,64,247990
14383,0.002064,172.31.40.0-255,66,243189,64,247990
14384,0.002106,172.31.40.0-255,66,243255,64,247990
14385,0.002109,74.125.24.0-255,105,243360,64,247990
14386,0.003205,172.31.40.0-255,101,243461,64,247990
14387,0.004252,172.31.40.0-255,105,243566,64,247990
14388,0.005559,74.125.24.0-255,66,243632,64,247990
14389,0.006592,74.125.24.0-255,66,243698,64,247990
14390,0.033193,172.31.40.0-255,172,243870,64,247990
14391,0.033222,172.31.40.0-255,1112,244982,64,247990
14392,0.033276,172.31.40.0-255,1514,246496,64,247990
14393,0.033278,172.31.40.0-255,1296,247792,64,247990
14394,0.034849,104.244.42.0-255,66,247858,64,247990
14395,0.034896,104.244.42.0-255,66,247924,64,247990
14396,0.034957,104.244.42.0-255,66,247990,64,247990
